0.16642 0.00220216 -0.00387494 -0.00425703 -0.00586199 -0.00103635 -0.00471189 -0.00278668 0.00684398 0.00683859 -0.00192997 0.0100703 -0.0013356 -0.00372928 -0.00442106 0.0252603 0.00820717 -0.0108883 -0.0133604 -0.00449893 0.00223486 0.0096604 -0.0133793 0.0144575 -0.0057157 0.00802869 -0.00082255 0.00132039 -0.0178759 0.000611802 -0.00754424 -0.000824299 -0.0102987 -0.00977793 -0.00232676 -0.00293551 -0.0142133 0.000342325 -0.00815343 -0.00495421 0.00505371 -0.00249029 -0.000568671 0.00807086 0.00546836 0.00653262 0.00106706 -0.00259367 0.000496993 -0.00341388 -0.0123526 -0.0089254 0.00390416 -0.00223635 0.0156495 -0.000504901 -0.00103471 0.00133419 -0.00511144 -0.00582109 -0.00482882 -0.000119392 -0.000640995 -0.00357344 0.00233202 -0.00158209 0.000870957 -0.000535464 0.00162455 -3.67341e-07 -0.0188795 0.00030735 -0.00358402 -0.00175176 -0.0121741 -0.00478379 -0.00107878 0.00123434 -0.00408555 -0.00380439 -0.0030287 -0.00196888 -0.00126798 -0.00108984 0.00190384 -0.00288403 0.00315331 0.00414198 -0.0148029 -0.00432173 -0.00356108 -0.00508974 -0.00175632 -0.00105412 -0.00438052 -0.00378605 -0.0090738 -0.00463195 0.00636346 -0.00131998 
0.00220216 0.0469808 0.000975087 0.0014038 -0.00196008 -3.57961e-05 0.00088106 5.18926e-05 0.000177866 -0.00178763 -0.000764866 0.00387256 -0.000479216 0.00436577 -0.00181852 -0.00273531 -0.00272774 -0.00260893 0.000339387 -0.00267493 -0.00023593 -0.000658564 -0.00611345 0.00160787 0.00115422 -0.000784676 -0.00276006 0.00022077 -0.00525239 -0.000113155 -0.00145249 -0.00148647 -0.00264423 -0.000694885 -0.000341867 -0.000398413 0.00452913 -0.00105058 -0.000796693 -0.0015189 0.000937062 -0.00126583 -0.000651032 0.000492883 -0.00120451 0.00333552 0.0015429 0.000421227 -0.000114524 -0.00165532 -0.0026908 -0.00112665 0.000713229 -0.000705816 -0.00180871 -8.17538e-05 0.000195229 6.84454e-06 -0.00235688 8.95193e-05 -0.000900743 -0.000177216 -0.000548939 -0.0022193 0.00178167 -6.85598e-05 0.0017657 0.000812132 -0.00110767 -0.000692978 -0.00221229 0.00010133 -0.00110708 -0.00128317 -0.00175846 -0.00112604 -0.00142054 -0.000324952 -0.00075242 -0.000176864 0.000246827 -0.000385091 -2.86253e-05 0.000553308 0.00187225 0.000601541 -0.000475559 0.000511564 -0.0057269 0.000276833 -0.000509284 -0.000812577 -0.000721894 0.000260296 -0.00133823 -7.4871e-05 -0.00308995 0.00169384 -0.000876123 0.000499904 
-0.00387494 0.000975087 0.0379057 0.00188909 0.00163063 -0.000140126 0.000319567 4.86806e-05 0.00217268 -0.00042559 -0.000205734 -0.000697889 0.00082612 -0.00501851 -0.00638216 -0.00603956 -0.00418049 -0.00067372 -0.000227094 -0.00643464 0.00252562 -0.00261151 -0.000864102 0.000838145 0.00162595 -0.00408191 -0.00174996 -0.000347452 -0.00313593 -0.0017617 0.0015284 0.000859462 -0.0028248 -0.000263667 0.00110218 -0.00106815 0.00128278 -0.0017754 0.000575273 0.00128762 -0.000220156 -0.000477393 -0.000863516 -0.00050098 0.0018077 -0.00206133 -0.00083826 0.000761897 0.000423358 -0.00114334 -0.00162042 -0.000650003 -0.000864228 0.000134726 0.000280991 -0.000208202 -0.000239467 -4.95566e-05 0.00150916 -0.000305739 -0.00120733 -0.000280814 -0.000356565 -0.00204659 -0.000280234 -0.00312232 3.80999e-05 -0.000497584 0.000208231 -0.000511481 0.00542096 0.000158993 -0.000864179 -0.000965599 0.00154507 -0.00143415 0.00165531 -0.000304361 -0.000568781 -6.58535e-05 0.00211951 0.00032596 -0.000223144 -0.000173987 -0.00116291 -0.000664765 0.0013143 -0.00087529 0.00288754 0.000865685 -0.00118004 -0.00172125 -7.04782e-05 -0.00019283 0.002977 -0.000404205 0.00123019 8.24759e-05 0.00144235 -0.000580077 
-0.00425703 0.0014038 0.00188909 0.0787538 -0.00360077 0.000130313 -0.00257922 0.000481708 0.00365909 8.36069e-05 0.00109139 -0.00600921 -0.00104987 -0.013546 -0.00201853 -0.00507818 0.00943366 -0.00239336 -0.00201467 -0.00677153 -0.00813425 0.00638013 -0.0229696 0.00372588 -0.00210812 -0.00525389 -0.0102109 -0.00100688 0.0025353 0.00111372 0.00529504 -0.000997222 -0.00304965 -0.000844726 0.00372645 0.00192849 -0.00325411 -0.000618375 -0.000483884 0.00229291 0.00182448 -0.00264681 -0.000560536 0.000302723 0.0026764 -0.0052331 0.00161442 0.0010073 -0.000207429 -0.00191182 -0.00218161 4.46616e-05 -0.0004378 0.0012085 -0.00210426 -0.000674203 -0.000680452 0.000282483 -0.00335783 -0.00169166 -0.00194884 -0.000254013 0.000762515 -0.000785747 0.0013694 -0.00377052 -0.000126873 0.000432723 0.00285712 0.00267998 0.00642493 -0.000289218 0.00348035 0.0044123 -0.00365213 -0.000136116 1.18355e-05 0.00430335 -0.00141409 -0.00154637 -0.00322354 0.000468082 0.000406758 0.000365096 -0.00357153 0.00215517 0.00122044 -0.00191703 -0.00667239 0.00176709 0.000816401 -0.000588525 -0.00103143 0.000827099 -0.0035517 -0.00154502 0.000166526 -0.000413094 0.000712187 -0.00214894 
-0.00586199 -0.00196008 0.00163063 -0.00360077 0.175775 -0.000655572 -0.000738908 -0.000930577 0.00151486 -0.000409623 -0.00116876 -0.00606381 -0.0113716 0.0290257 0.0237173 -0.00673513 -0.0158988 0.010242 0.00823547 0.0087355 -0.00293778 -0.000846796 -0.00545506 0.0118983 -0.00378282 -0.0132879 0.00184473 0.00367517 -0.0104938 0.00659573 -0.00649083 0.00719587 -0.00849678 0.00296277 -0.0131831 -0.000856474 -0.0106629 -0.0112992 -0.000969385 -0.0172495 -0.00566201 -0.00239632 0.00039371 -0.0107878 -0.000703889 0.00348736 0.00138411 -0.000992475 -0.000944676 -0.00450125 -0.00510526 -0.00644799 -0.00495405 0.00145976 -0.00181378 -0.000288481 -0.00236344 -0.00273373 0.00539739 -0.000638661 -0.00229743 -0.000428751 -0.00240436 -0.00540325 -0.00279254 0.00655395 -0.00203767 -0.00448307 -0.004236 -0.0045494 -0.00921119 -0.000722093 -0.0123019 -0.00685124 0.00912659 -0.00348571 -0.00878952 0.00341548 -0.00371728 -0.00609947 -0.0106068 -0.00156938 -0.00285302 -0.000815144 0.0154915 0.000234636 -0.00320744 -0.00311484 -0.0107609 -0.00471805 -0.00362421 -0.00312077 -0.00323433 -0.00390966 -0.00192631 -0.00220958 0.00438803 -0.00327647 0.00257452 0.00354367 
-0.00103635 -3.57961e-05 -0.000140126 0.000130313 -0.000655572 0.0188491 0.000726788 0.000228041 3.56079e-05 0.00143921 0.000387848 -0.000701683 -0.00050869 -0.00293133 5.42854e-05 -0.00244741 -0.00453924 0.000682414 -0.00167888 -0.00417245 0.000228464 0.000300958 -0.00492291 -0.00606759 -0.00046903 0.00115865 -0.00151001 0.000889116 0.000103611 0.000990957 -0.000643227 0.00180866 0.00243037 -0.000739954 -0.000990498 0.000495692 -0.00011071 0.000179965 0.000697579 0.000461821 0.000292689 0.000582631 0.00130621 -0.000750981 -1.82093e-05 -0.00116922 -0.000363299 -5.72043e-05 3.23582e-05 0.000708621 -0.00101292 0.00147944 -0.000354062 0.000164647 1.16348e-05 -1.20255e-05 0.000391639 -0.00023285 -0.000575071 -0.000152947 -0.000245181 -7.18938e-05 0.000238277 -0.00025377 -0.000454828 -0.000152973 -9.35719e-05 0.00128927 -0.000715906 0.000629846 -0.00102117 0.000109412 -0.000114127 -0.000656629 0.0010057 -0.000690858 9.30119e-05 0.000236672 0.000813869 0.000983289 -0.00138055 0.000170126 0.000844961 0.000798898 -0.000492997 -0.000144921 -1.68868e-05 6.25761e-05 -0.00134527 0.000258233 0.000674887 0.000417022 0.000525533 0.000460744 -0.000957799 0.000612652 0.000685702 -0.000255986 -0.000302394 0.000207983 
-0.00471189 0.00088106 0.000319567 -0.00257922 -0.000738908 0.000726788 0.067969 -0.00172048 -0.00125194 -0.00393204 -0.000175267 -0.00256992 -0.0029224 0.0120239 -0.00574853 -0.00025962 0.000600647 -0.00232817 0.00211396 -0.00337444 0.00444307 -0.0096891 0.000323131 -0.00121629 -0.00643715 0.00547511 -0.00453377 0.00259818 -0.000359731 -0.00523189 -0.000559969 -1.55938e-05 -0.00568371 0.00217428 -0.000903121 -0.00152072 -0.000537223 -0.00400166 -0.000920571 -0.00106121 -0.00254822 0.000448094 0.00209965 0.00105101 -0.00107155 -0.00431682 -0.00193127 0.000150911 -0.000469357 0.000276993 0.000274664 0.00221339 -0.00126741 -0.000891198 -0.00281702 0.000482225 -6.09089e-05 -0.000139237 -0.00178613 0.00234673 -0.00196075 -0.00017868 -0.000817712 -0.000841535 -0.000731131 0.00431118 -0.000586014 -0.000376833 -0.00339111 -0.00197011 -0.00603307 0.000338642 -0.00036 0.00231899 -0.00181951 -0.00222616 0.00182281 5.80592e-05 -0.000878186 0.000190197 0.00186146 -0.0007036 0.000314158 7.55509e-05 -0.00244135 -0.00165985 -0.00104227 0.00137742 0.00443146 0.000978385 0.0010931 0.00129293 -0.000118833 0.000118993 -0.00307518 0.00052743 -0.00500492 -0.000458053 -0.000596196 -0.000548385 
-0.00278668 5.18926e-05 4.86806e-05 0.000481708 -0.000930577 0.000228041 -0.00172048 0.0543746 -0.000891032 -0.00103259 0.000422249 0.00117187 0.00067199 -0.00204673 -0.00503051 -0.00679335 -0.000824285 8.10925e-05 -0.0035636 -0.0050001 -0.00232396 0.00321182 -0.00541638 -0.0012247 0.0016015 -0.00377746 -0.00463858 -0.000664878 -0.00494828 -0.000692015 -0.00075032 0.000719741 -0.00274154 0.00019667 -0.00197395 0.00160302 0.00264429 0.00208902 0.0022045 -0.0021659 -0.00260029 0.00256303 0.00247487 -0.00301675 0.00192053 -0.00538132 0.000746773 -0.000603129 -7.23512e-05 -0.00155579 -0.00534227 0.000817984 0.00179039 0.000720416 -0.000134214 0.000458341 -9.6996e-05 -0.000332834 0.00184473 0.000788054 -0.000198092 -2.5393e-05 0.000957023 -0.0016213 0.000159454 -0.00106074 -0.000156985 -0.000823751 -0.000516962 0.000449766 0.00460274 -0.000354496 0.00185122 0.00523855 -0.000297559 0.000369942 -0.000933862 -0.000564487 0.000837311 -0.000115768 -0.00273975 -0.000189587 -0.00038681 -0.000600567 0.000210879 0.000134984 0.000850131 0.00100329 -0.00464657 0.000208167 -0.00055301 -0.00112842 0.000796947 -0.000525552 0.000325203 -0.000170486 -0.00197464 0.00115041 -0.0037261 -0.000689079 
0.00684398 0.000177866 0.00217268 0.00365909 0.00151486 3.56079e-05 -0.00125194 -0.000891032 0.0916941 0.000308299 -0.000267586 -0.00639234 0.00525438 -0.00116564 -0.00615962 -0.00524263 -0.0084785 -0.00773635 -0.00010446 -0.0109926 0.00307547 0.00567281 -0.00501422 -0.000503075 0.000839409 0.00430895 0.0102894 -0.00122524 -0.00394953 -0.000524065 -0.00402322 -0.000816178 -0.00303404 0.00303804 -0.00107631 0.000440208 -0.00729148 -0.00629976 0.00556707 0.00381708 0.00260958 -0.00301354 0.00191369 -0.00256092 0.000152529 -0.000700194 -0.00211105 -0.00172774 -0.000394801 -0.000975903 -0.000661102 -0.00173876 0.000102436 -0.00222579 0.000317668 -0.000149669 -0.000253356 -0.000162098 -0.00187478 -2.3102e-05 -7.52416e-05 -0.000382816 0.00063548 -0.00667386 -0.00121386 -0.00796379 -0.00089594 0.00130387 -0.00105025 -0.00328552 -0.004959 0.00137793 0.00345378 -0.00904616 -0.00317092 -0.00118954 -0.00170986 -0.00058187 -0.00132057 -0.00082515 0.000668721 0.000266429 5.1721e-05 0.000745667 -0.000972458 -0.000850007 0.00230093 -0.000826579 0.00136697 -0.0019478 -0.000901564 -0.00258961 0.000433474 -0.000903664 0.00166414 0.000434973 -0.00716639 -0.00432789 -0.000876973 -0.00178939 
0.00683859 -0.00178763 -0.00042559 8.36069e-05 -0.000409623 0.00143921 -0.00393204 -0.00103259 0.000308299 0.110804 -0.00072153 -0.00310732 -0.000584237 0.00593 0.0060241 -0.00396083 -0.0249565 0.00924739 0.00389923 -0.0107094 -0.011341 -0.00317596 0.00833904 -0.00422441 -0.0146258 0.00302357 0.00346473 0.00103889 -0.00775681 0.00325333 -0.00345142 -0.00448613 -0.00287435 0.00210729 -0.000401431 -0.00246911 -0.00191877 -0.00467346 -0.00501422 -0.00810274 0.00357502 0.00246341 0.000245697 -0.00220116 -0.00728917 -0.00710093 -0.000730965 -0.000787527 0.000286892 -0.000588459 0.00947993 -0.00271796 -0.0031437 0.00821825 0.00742262 0.000374145 0.00169631 0.00225537 -0.00491469 -0.00166812 -0.0041061 -7.7807e-06 -0.000656168 -0.000365551 -0.00165538 -0.00342119 -0.00149267 -0.000956732 0.00205758 0.00085464 -0.00255084 -0.000237851 -0.005284 -0.00621543 -0.00201814 -0.00152655 -0.000362743 -0.00161741 -0.00151341 0.00216702 -0.00883222 0.000834837 -0.000445672 0.00134963 -0.00401049 -0.00197373 -0.000968862 0.002539 -0.0105583 -0.00156053 0.00273013 0.00153779 0.000882187 -0.00110292 -0.00556684 0.000932642 0.00802608 0.000807223 0.00153013 -0.00177431 
-0.00192997 -0.000764866 -0.000205734 0.00109139 -0.00116876 0.000387848 -0.000175267 0.000422249 -0.000267586 -0.00072153 0.0238193 0.000609218 -0.000412711 -0.00662734 -0.000596364 -0.0021307 0.000273662 0.00118534 -0.00323944 0.000685845 -0.00402245 -0.000285305 -0.0019468 -0.00496358 -0.00597366 0.00255504 -0.00202704 -0.000102203 0.000526477 0.000294763 7.54331e-06 -0.00016888 0.000964207 -0.00100008 -0.000403089 -0.000556779 -0.00194406 0.000259796 0.000495106 0.00020321 0.000595059 9.75998e-05 0.000153345 -0.000543168 -0.000483916 -0.00143249 0.000545548 -0.000261233 0.000377655 0.000488581 -0.000166243 -0.000146289 0.00132684 0.00055816 -0.00093727 -4.36081e-05 0.000570413 -0.000374777 -0.0010025 -5.50033e-05 -0.000581265 0.000116453 0.000910555 -0.000794171 0.000533903 0.00213747 -0.000297961 0.00137247 -0.000761773 0.00246962 -0.00207757 -6.68136e-05 0.00159568 -0.000313767 -6.27971e-05 0.00134682 -0.000351831 0.000946223 0.000383034 0.000430805 0.00103822 -0.000236598 -0.00011651 -0.000180548 -0.000794345 -0.000385548 -0.000197433 0.000108162 -0.00141507 -0.000151542 0.00210544 0.000745678 8.89507e-05 -0.000344228 -0.000656246 0.00205677 0.00167832 -0.000709682 -0.000530656 -0.000451707 
0.0100703 0.00387256 -0.000697889 -0.00600921 -0.00606381 -0.000701683 -0.00256992 0.00117187 -0.00639234 -0.00310732 0.000609218 0.129483 -0.00322381 -0.00699569 -0.00423457 0.000836213 -0.0132435 0.0016401 -0.0113107 -0.00384031 0.00480283 -0.0120429 -0.00627032 -0.0124722 -0.00344141 0.00100671 0.00409809 -0.00254872 -0.00299431 -0.0023498 -0.00638884 0.000905914 -0.00260398 -0.00329243 -0.013553 -0.00241102 0.0053441 0.0107054 -0.00197351 -0.000288842 -0.000476744 -0.00372949 -0.000864636 0.0064192 -0.00502101 0.00703869 0.00490952 -0.0019509 0.000148163 -0.00417554 -0.00566491 -0.00241429 0.00195762 0.000111619 -0.000821086 0.00155762 0.000873159 0.000680465 -0.00277011 -0.000637391 -0.00248394 -6.87169e-05 0.00251803 0.0127188 -0.000804886 -0.00267282 -0.00246293 0.00130274 -0.00836941 -0.00259262 -0.00625407 -0.00104327 -0.00796292 -0.000335589 0.00239597 0.00204383 -0.00333287 -0.00366422 0.000860266 -0.0015967 -0.00193847 -0.00107107 0.000861087 -0.00167418 0.00465955 -0.00315327 0.000910955 0.00105726 -0.00702637 0.0017432 -0.00130236 0.000562705 -0.00156625 -0.000739239 -0.00067707 0.00113684 0.00266785 0.00285726 -0.00731354 0.00311591 
-0.0013356 -0.000479216 0.00082612 -0.00104987 -0.0113716 -0.00050869 -0.0029224 0.00067199 0.00525438 -0.000584237 -0.000412711 -0.00322381 0.0833466 -0.00578864 -0.00132607 -0.00417416 -0.00272727 -0.000385682 -0.00772424 -0.00932242 -0.00384476 0.00714933 0.0070598 -0.0019719 -3.25299e-06 -0.00438121 -0.00681383 -0.00150267 -0.0052926 -0.00324254 0.00464463 -0.00305691 -0.000687684 -0.0012813 -0.00062328 8.83009e-05 0.000258144 0.000802641 0.00314421 -0.000939614 0.00166107 -0.000576826 -0.00261822 -0.00238773 0.000236209 -0.00413715 8.23162e-05 0.00102357 0.000358639 0.000938508 -0.00691568 -0.000775958 -0.00052418 -0.00190297 0.000516396 0.000468081 -0.000409711 -0.000723453 0.00229323 -0.00119766 0.00234986 -0.000830377 -0.000260244 -0.0052542 -0.000798956 -0.0034142 0.00173171 -0.00170437 0.0002073 -0.00206323 0.00279467 3.94293e-05 -0.00141232 -0.000121593 -0.00347155 0.000410957 0.00160226 0.000405346 -0.000111355 -0.000867737 -0.000915224 0.00119367 -0.00102718 0.00166842 -0.00102562 0.00261644 0.000822293 -0.00121665 -0.00629696 -0.00162351 -0.00120801 -0.000945811 -0.000387857 -5.18628e-06 0.00178572 0.000519093 -0.000430846 0.000469071 0.00604364 -0.000943277 
-0.00372928 0.00436577 -0.00501851 -0.013546 0.0290257 -0.00293133 0.0120239 -0.00204673 -0.00116564 0.00593 -0.00662734 -0.00699569 -0.00578864 0.249458 0.00845894 -0.00410966 -0.00992091 -0.00825581 0.0170139 0.01669 0.00219005 -0.0245782 0.0124882 0.0282192 -0.00919335 -0.0190714 0.0139186 0.000394589 -0.0438323 -0.00963343 -0.00814451 6.39073e-05 -0.0358517 0.00795053 -0.00207017 -0.00271786 -0.01104 -0.0305431 0.00298672 -0.0280367 0.000581813 0.00513294 0.00220124 -0.0121258 -0.0128641 -0.0185078 -0.00375221 2.36899e-05 -0.00195677 -0.0062985 0.0163432 -0.00708146 -0.00618327 -0.0057423 -0.00608068 0.00540531 0.00141783 0.00322302 0.00655258 -0.000329614 0.00545267 0.00137662 -0.00849255 -0.0112761 -0.00555637 0.00800915 7.8958e-05 0.000549958 -0.000184644 -0.0102999 -0.0157209 5.95272e-05 -0.0150291 0.00910275 0.00457762 -0.00180889 0.00188014 -0.00168591 -0.00286301 0.00136363 0.0029852 -0.00118491 -0.00170744 -0.00082813 0.0137783 -0.00413299 -0.00144235 0.0041934 -0.00634126 -0.0101001 -0.00320769 -0.00132216 -2.07252e-05 -0.00473303 0.00683613 -0.00353216 -0.02284 -0.000507546 -0.00379859 0.00208377 
-0.00442106 -0.00181852 -0.00638216 -0.00201853 0.0237173 5.42854e-05 -0.00574853 -0.00503051 -0.00615962 0.0060241 -0.000596364 -0.00423457 -0.00132607 0.00845894 0.21626 -0.0223587 0.00811582 0.017478 0.0229905 0.00831252 -0.0414051 -0.000616953 -0.013379 -0.0167894 -0.0359537 -0.0253301 -0.0141453 0.00847709 -0.00934943 0.0170207 -0.0105416 0.00583139 0.00158392 -0.0106442 0.00504597 -0.00555267 -0.0190719 -0.0107774 0.00620058 -0.0180295 -0.00374753 -0.00233642 0.000834306 -0.00902304 6.783e-05 -0.0142672 0.00293899 -0.00395348 0.00213906 0.00402551 0.034571 -0.00705325 -0.0102 0.00845956 -0.00420232 0.00273413 -0.000272099 0.00255495 0.00942016 -0.00217588 0.00759488 -0.000636966 -0.0022134 0.00614813 0.00127563 0.00810796 -0.0022392 0.00035693 0.00509602 0.00363202 -0.0233953 -0.0016402 -0.00822633 -0.00508856 0.00531887 -0.00669984 -0.00533429 -0.00159718 0.00620565 -0.00507994 -0.015824 9.20241e-05 -0.00223704 -0.000261518 -0.00131016 0.00731029 -0.00691984 0.000549553 -0.0279014 -0.0022022 0.00872539 0.00977363 -0.00259088 0.00333271 -0.0137663 -0.00339951 0.00121686 -0.00682963 -0.00348772 -0.00025959 
0.0252603 -0.00273531 -0.00603956 -0.00507818 -0.00673513 -0.00244741 -0.00025962 -0.00679335 -0.00524263 -0.00396083 -0.0021307 0.000836213 -0.00417416 -0.00410966 -0.0223587 0.24961 0.0299399 -0.00561443 0.0278902 0.0176039 0.01235 -0.0272275 -0.0113336 0.0134622 0.00783361 -0.0138959 0.025798 -0.00473883 -0.00728891 -0.0131401 -0.0178507 -0.0051179 -0.0137019 0.000116754 0.00835155 -0.00665523 -0.0131551 0.00835696 -0.00794537 0.0088732 0.000538748 -0.00642045 -0.00361483 0.0089919 -0.0145402 -0.0085267 -0.0116921 0.00296974 -0.00321947 -0.00662637 0.0005358 -0.0121002 -0.00920627 0.0015326 -0.0016831 -0.0040934 -0.00321747 -0.00175881 -0.00895809 -0.0047575 -0.0094506 -0.00163268 -0.00229922 0.00134913 0.00227541 0.00805055 -0.00299355 -0.004664 0.0156837 -0.00124305 -0.0158594 -0.00061113 -0.00617258 0.00142726 -0.0125814 -0.00219827 -0.00222749 3.83324e-05 -0.00996153 -0.003691 -0.00514396 -0.00193772 -0.00372894 -0.00120674 0.00473839 -0.00620232 0.00689649 -0.000188598 0.00933701 -0.00635447 -0.0070898 -0.0068087 -0.00292013 -0.00480888 -0.0123198 -0.0075577 -0.00734183 -0.0108898 -0.0187147 -0.00170183 
0.00820717 -0.00272774 -0.00418049 0.00943366 -0.0158988 -0.00453924 0.000600647 -0.000824285 -0.0084785 -0.0249565 0.000273662 -0.0132435 -0.00272727 -0.00992091 0.00811582 0.0299399 0.229682 -0.0178855 -0.00949031 0.0428225 -0.0162668 0.0294308 -0.0306231 0.0232398 0.0107568 -0.0258312 -0.0399981 -0.00703298 -0.000841628 -0.0080933 0.0109409 -0.0040576 -0.00195497 -0.0158788 0.00973279 -0.00256557 -0.010714 -0.0171243 -0.00710911 -0.00508607 -0.00660596 -0.00382802 -0.0126999 0.00999365 0.0148034 0.00130699 -0.00111343 -0.00399947 -0.00233404 0.00569507 0.00788444 0.00212055 0.00114413 -0.00394239 -0.00497389 -0.00222446 -0.00825648 0.00042676 -0.0100744 -0.00132663 -0.00739111 -0.0016795 -0.00140924 -0.00280044 0.000654508 0.00700699 0.006793 -0.00112216 0.00448503 1.79209e-05 -0.00619185 -0.00255196 0.013496 0.0141478 -0.018508 -0.00644468 0.00742237 0.00334 -0.00128793 -0.00577669 0.0115091 0.000919731 -0.00100933 -0.0022759 -0.00975988 -0.00504667 -0.00088672 -0.00666437 -0.00214858 -0.0031757 -0.000684245 -0.00502092 -0.00381088 0.000477301 -0.0207847 -0.00878463 -0.0178183 -0.000151762 -0.0102508 -0.00395422 
-0.0108883 -0.00260893 -0.00067372 -0.00239336 0.010242 0.000682414 -0.00232817 8.10925e-05 -0.00773635 0.00924739 0.00118534 0.0016401 -0.000385682 -0.00825581 0.017478 -0.00561443 -0.0178855 0.132228 -0.000325632 -0.00606262 -0.022893 -0.013137 -0.00143108 -0.0234283 -0.0184195 -0.00501895 -0.0244174 0.0050459 0.0109074 0.00959153 -0.00361842 0.00309744 0.000127337 -0.0045205 -0.0103566 -0.00153856 -0.000226634 0.00083119 -0.00225125 -0.00195039 -0.00735001 -0.000635821 -0.00102131 -0.00360584 -0.0107161 -0.0074183 0.00308174 0.00180611 3.43943e-05 0.00227124 -0.00824773 -0.000400878 -0.000666788 0.00723756 0.00663324 0.001604 0.000324769 0.00113867 0.00594265 0.00137782 0.000185356 -0.000599994 0.000394617 0.00260017 0.000180758 0.00523237 0.000297738 0.00458959 -0.00145051 0.00397053 -0.00436675 -0.000229892 -0.00703647 0.000446339 0.00416473 0.00397041 -0.00457893 -0.00290152 -1.98867e-05 -0.00170124 -0.00849682 0.000206961 -0.0014554 -0.000158463 0.00761111 0.00437035 -0.00152886 0.00386953 -0.0124571 -0.000977611 -3.59008e-05 -8.38676e-05 -0.00167333 0.000311224 -0.00762668 0.00120708 0.0174633 0.00259597 -0.00727634 0.00557891 
-0.0133604 0.000339387 -0.000227094 -0.00201467 0.00823547 -0.00167888 0.00211396 -0.0035636 -0.00010446 0.00389923 -0.00323944 -0.0113107 -0.00772424 0.0170139 0.0229905 0.0278902 -0.00949031 -0.000325632 0.19878 -0.0154428 -0.00944712 -0.0341297 -0.00137164 0.0086509 0.000104045 -0.00710195 0.0379877 0.00286804 -0.0191119 -0.00419634 -0.0223373 0.000569819 -0.0179461 0.0131015 0.00124286 -0.0101636 -0.00482209 -0.00365882 0.0101779 -0.00346446 -0.00262573 0.0016518 -0.00319274 -0.011911 -0.00387828 -0.0109836 -0.00388976 0.00080774 -0.00139607 -0.00269468 0.0238017 -0.00266221 -0.0143634 -0.00183141 -0.0111683 -0.00128814 -0.0018511 0.00139584 0.00165923 0.0021931 -0.00574138 -0.00151332 -0.00474179 -0.00453951 -0.00516456 -0.011822 -0.00481011 -0.0030169 -0.0100014 -0.0128955 0.0126017 -0.000865895 -0.00040652 -0.00600988 0.00453027 -0.00600928 -0.00120979 -0.0025122 0.000577021 -0.00225578 -0.000297536 -0.000827628 -0.00366957 -0.000382207 -0.00572578 -0.000570414 -0.00191311 0.00586496 0.00606162 -0.00184157 0.00254899 -0.00520587 -0.000264676 0.00483291 0.00295302 -0.00855971 -0.00517442 -0.0155173 -0.0172046 0.00319465 
-0.00449893 -0.00267493 -0.00643464 -0.00677153 0.0087355 -0.00417245 -0.00337444 -0.0050001 -0.0109926 -0.0107094 0.000685845 -0.00384031 -0.00932242 0.01669 0.00831252 0.0176039 0.0428225 -0.00606262 -0.0154428 0.221463 -0.00416161 0.00277734 -0.000182357 0.0159217 -0.0112932 0.0106872 -0.0308202 -0.00326682 0.0010344 0.00628999 -0.00634034 -0.005864 -0.0137537 -0.0193831 -0.0165773 -0.00437503 -0.00202791 0.00170781 -0.0170126 -0.015098 -0.00350088 -0.00656771 -0.00782128 0.00293271 -0.00349982 0.00288826 0.00434975 -0.0030713 -0.00293526 -0.00703885 0.0030561 -0.00375479 0.00118282 -2.52342e-05 -0.00785478 -7.68917e-05 -0.00460437 -0.0050793 -0.0141095 -0.00131743 -0.00121798 -0.00218116 -0.00223297 -0.00147273 0.00436203 0.0134366 -2.09901e-05 -0.0017866 0.00185209 -0.000674732 -0.031529 -0.0018726 0.00256957 0.00509002 -0.00425064 0.00312535 -0.00391076 0.00390372 -0.00188852 -0.00459553 0.00921748 -0.00436654 -0.00260413 -0.00534208 0.0139726 0.00629601 -0.00600375 -0.00527176 -0.00830684 -0.00267723 -0.00504414 0.00155651 -0.000906167 -0.00566094 -0.00971886 -0.0041428 -0.00597706 0.00759594 -0.00102764 -0.00672475 
0.00223486 -0.00023593 0.00252562 -0.00813425 -0.00293778 0.000228464 0.00444307 -0.00232396 0.00307547 -0.011341 -0.00402245 0.00480283 -0.00384476 0.00219005 -0.0414051 0.01235 -0.0162668 -0.022893 -0.00944712 -0.00416161 0.249952 -0.0461046 -0.00165903 0.00392371 0.020073 -0.0118963 0.0428277 -0.00692454 -0.0190706 -0.0218452 -0.00506345 0.00112747 0.0043503 0.0186561 -0.00541274 0.00573973 -0.00728314 -0.00546829 -0.000393826 -0.0088417 -0.000344563 -0.00156193 0.00339036 0.00596183 -0.0139342 0.0143192 -0.0115859 -0.00399132 -0.00233338 0.00225576 -0.0129759 0.00413716 0.000525398 -0.0123981 4.9601e-06 -0.00212271 0.0019209 -0.00559103 -0.00131112 0.00212404 0.00322511 -9.80578e-05 -0.000984083 -0.00803949 0.00282395 0.0109538 -0.00406071 -0.000982758 -0.00740525 -0.0093513 -0.0121452 0.000193242 0.00146335 -0.0169938 0.00845414 -0.00908743 0.00448351 -0.00269105 -0.0098382 0.00781593 -0.0097744 -0.00397328 -0.000952407 -0.00177586 -0.00781004 -0.0118488 0.00163965 -0.00363558 0.0157715 -0.00187244 -0.00778962 -0.00086629 0.00303694 -0.00416153 0.0020448 -0.00137047 -0.0224172 -0.00205468 0.0221529 -9.17853e-05 
0.0096604 -0.000658564 -0.00261151 0.00638013 -0.000846796 0.000300958 -0.0096891 0.00321182 0.00567281 -0.00317596 -0.000285305 -0.0120429 0.00714933 -0.0245782 -0.000616953 -0.0272275 0.0294308 -0.013137 -0.0341297 0.00277734 -0.0461046 0.220629 -0.00952843 -0.0194892 -0.0214754 -0.0157257 -0.0346215 0.000132213 0.0234406 -0.00175442 0.00930156 -0.00393051 0.0261398 -0.0102941 0.00785156 0.0039313 -0.00568127 -0.0122848 0.00313137 -0.00732947 0.00717141 -0.00610103 -0.00148907 0.0085198 0.0200204 0.0016304 0.00965302 -0.00349509 0.0022973 0.000407865 -0.0117901 0.00321427 -0.00103011 -0.000246684 0.011045 -0.000652083 -0.0019478 0.00135998 0.00119183 -0.00338449 -0.00433409 3.54105e-05 0.0025459 -0.00739812 -0.00699453 -0.0117571 0.00667597 -0.00601396 0.0132649 0.00677119 0.0253518 -0.000377383 0.00319022 -0.0104615 -0.0168301 -0.00147569 -0.00245567 -0.00210656 0.00651466 3.85697e-06 -0.0159325 0.00425411 -0.000452948 -0.000632832 -0.00274262 0.00208246 -0.00283946 -0.00467805 -0.0231752 -0.00111603 0.00190209 -0.00350231 -0.000370505 -0.00371329 -0.0100547 0.00146581 -0.00531392 -0.000469913 -0.00197468 -0.00518226 
-0.0133793 -0.00611345 -0.000864102 -0.0229696 -0.00545506 -0.00492291 0.000323131 -0.00541638 -0.00501422 0.00833904 -0.0019468 -0.00627032 0.0070598 0.0124882 -0.013379 -0.0113336 -0.0306231 -0.00143108 -0.00137164 -0.000182357 -0.00165903 -0.00952843 0.230727 0.00847388 -0.00662593 0.022085 0.00168148 -0.00555199 -0.00915055 -0.0134478 -0.0011857 -0.0140684 -0.0114487 -0.000688835 0.00214144 -0.011568 0.00509873 -0.00435614 -0.00744196 0.0134967 -0.00411422 -0.00351518 0.00166263 -0.00407869 -0.0182788 0.0149185 -0.00018385 -0.00205017 0.000526417 0.00387562 0.00662691 -0.00490081 -0.00250577 0.000587554 -0.00436366 0.00170901 -0.00014956 3.87667e-05 0.00302776 0.00349559 -0.00324943 -0.000491188 -0.00142968 -0.00866792 -0.0015482 -0.00316957 -0.00701244 -0.00569292 -0.0168554 -0.00789954 0.00349927 -0.00117714 -0.0119911 -0.0175628 -0.00676289 0.00103811 0.00139043 -0.00575997 -0.00265411 0.00353081 0.00225388 -0.00326558 -0.00526701 -0.000818469 -0.000449425 -0.00689556 -0.00212226 0.00404948 0.0211191 -0.00020092 -0.00739587 -0.00293755 0.00156891 -0.00553058 -0.00125343 0.00315552 0.01319 0.000569919 0.00701769 -0.00117003 
0.0144575 0.00160787 0.000838145 0.00372588 0.0118983 -0.00606759 -0.00121629 -0.0012247 -0.000503075 -0.00422441 -0.00496358 -0.0124722 -0.0019719 0.0282192 -0.0167894 0.0134622 0.0232398 -0.0234283 0.0086509 0.0159217 0.00392371 -0.0194892 0.00847388 0.165264 0.0251444 -0.0116644 0.0128626 -0.0130942 -0.0237876 -0.0152116 -9.16456e-05 -0.00262608 -0.0244924 -0.000675096 0.00465461 -0.000326608 -0.00914368 -0.00605886 -0.00714676 -0.00459191 -0.0113501 0.000982175 -0.00395534 -0.0049863 0.00289475 -0.00448502 -0.00262334 0.000110106 -0.0030606 -0.00488274 -0.00417552 -0.0045415 0.00246166 -0.00396862 -0.000773467 -0.00287802 -0.00685024 0.000613522 0.00227481 -0.00165103 0.000394308 -0.00121672 -0.00354998 -0.0127359 0.00140177 0.000387743 -0.00155116 -0.00351263 0.00378945 -0.00672462 0.0049774 0.000712403 -0.00643338 0.0122476 -0.00606496 0.00142473 0.000780173 -0.00411434 -0.00866512 -0.00475933 0.0066103 -3.98029e-05 -0.00208216 -0.00245998 -0.00108371 0.00304987 0.000575466 -0.00202999 -0.00187853 -0.00456873 -0.0118041 -0.00671761 -0.00508292 -0.00309348 -0.00274613 -0.00742011 -0.0154597 0.00277325 0.011984 -0.0055518 
-0.0057157 0.00115422 0.00162595 -0.00210812 -0.00378282 -0.00046903 -0.00643715 0.0016015 0.000839409 -0.0146258 -0.00597366 -0.00344141 -3.25299e-06 -0.00919335 -0.0359537 0.00783361 0.0107568 -0.0184195 0.000104045 -0.0112932 0.020073 -0.0214754 -0.00662593 0.0251444 0.211015 -0.00946211 0.0242177 -0.0123857 -0.00111351 -0.0179574 -0.00472016 -0.000564531 0.00582098 -0.00564925 -0.00847751 0.00157566 0.0095288 0.0115135 -0.00534873 0.0172509 -0.008563 -0.00203389 -0.00638515 -0.00233146 0.00274507 0.00713859 -0.00530582 8.53508e-05 -0.00393979 -0.00549466 -0.0144401 0.0064533 -0.000229756 -0.0135556 -0.0043673 -0.00611933 -0.00653205 -0.0095274 -0.00988814 0.000646324 -0.00150919 -0.00317792 -0.00163729 -0.0061804 -0.00207704 -0.00286683 -0.00250264 -0.00789335 -0.00413108 -0.00568677 0.0120317 -0.00028167 0.00525852 0.0020124 0.00618768 -0.0074119 -0.0193856 -0.00372069 -0.00243606 -0.00520161 0.00564263 0.0006739 0.00185738 -0.0012527 -0.00272514 -0.0101513 0.00132502 -0.00657525 0.0147142 0.00425884 -0.00653647 -0.0023953 -0.00262374 0.000733878 0.00969426 -0.00587622 -0.00909905 0.00188275 0.00121753 -0.00136868 
0.00802869 -0.000784676 -0.00408191 -0.00525389 -0.0132879 0.00115865 0.00547511 -0.00377746 0.00430895 0.00302357 0.00255504 0.00100671 -0.00438121 -0.0190714 -0.0253301 -0.0138959 -0.0258312 -0.00501895 -0.00710195 0.0106872 -0.0118963 -0.0157257 0.022085 -0.0116644 -0.00946211 0.203809 -0.015288 -0.000402132 -0.00141199 0.0207149 0.00168159 -0.00980387 -0.00623338 -0.00406723 -0.012949 -0.00297119 0.00234787 0.021266 -0.00282761 0.0118722 -0.00227328 -0.00165939 -0.000393564 0.00622047 -0.0150401 -0.000159015 -0.00702457 -0.00076235 -0.000157998 -0.00325518 -0.0171774 -0.000671573 0.011886 0.00115788 -0.000952011 0.000126889 -0.00015049 -0.00255729 -0.0139665 0.0051732 -0.00786412 0.000711978 0.00193268 0.00600483 0.00456478 -0.0115973 -0.00405274 0.00504399 -0.0163252 0.000520682 -0.0101721 0.00160835 -0.00531063 0.00397744 -0.00918244 0.00486973 -0.00586094 -0.000841049 0.00198939 -8.31006e-05 0.00547009 -0.00241224 -0.00275378 0.000672754 0.000728222 0.0025845 0.00138021 0.000790384 0.00533676 0.00389282 0.000137289 0.00229142 -0.000686164 -0.00258327 -0.00741789 0.00950264 -0.00579173 -0.00532965 -0.0100011 -0.0016105 
-0.00082255 -0.00276006 -0.00174996 -0.0102109 0.00184473 -0.00151001 -0.00453377 -0.00463858 0.0102894 0.00346473 -0.00202704 0.00409809 -0.00681383 0.0139186 -0.0141453 0.025798 -0.0399981 -0.0244174 0.0379877 -0.0308202 0.0428277 -0.0346215 0.00168148 0.0128626 0.0242177 -0.015288 0.249383 -0.00663255 -0.0213635 -0.00482514 -0.0258884 -0.000124019 -0.0091499 0.023029 -0.000953936 -0.000859007 -0.0221182 -0.0172409 0.0110869 -0.00468831 0.0030306 0.00104263 0.00577469 -0.0138848 -2.88031e-05 -0.00522356 -0.0107987 -0.00214169 -0.00273952 -0.00487768 0.0156019 -0.0110578 -0.00970958 -0.00265571 -0.00811639 -0.00340667 -0.00143433 -0.00352148 -0.00172984 -0.0048486 0.000615829 -0.000700135 -0.00146815 0.000930617 -0.00395633 -0.00826725 -0.00530757 -0.00787286 -0.0173994 -0.0129763 -0.00565668 0.00146879 0.000228489 0.000807045 0.00744739 0.000448672 -0.00324936 -0.00483221 -0.00533665 0.00104981 -0.0215774 -0.000759502 -0.000830464 -0.00279473 -0.0128252 -0.00104816 -0.0017705 0.0033132 0.0231063 -0.00165611 -0.000327836 -0.00708058 0.00226127 -0.00113974 0.0273939 -0.00303214 -0.0113066 -0.0101314 -0.00601173 -0.00331907 
0.00132039 0.00022077 -0.000347452 -0.00100688 0.00367517 0.000889116 0.00259818 -0.000664878 -0.00122524 0.00103889 -0.000102203 -0.00254872 -0.00150267 0.000394589 0.00847709 -0.00473883 -0.00703298 0.0050459 0.00286804 -0.00326682 -0.00692454 0.000132213 -0.00555199 -0.0130942 -0.0123857 -0.000402132 -0.00663255 0.0440925 0.00567017 0.00507286 -0.00388015 0.00115826 -0.00207808 -0.000934345 -0.000729152 0.000562438 0.00340422 -0.000318855 0.000312344 -0.00424923 0.00211567 -0.000648485 -0.000199616 -0.00122546 0.000728772 -0.00223926 -0.000278307 0.000223064 0.000188091 0.0019036 -0.00291755 -0.00130004 -0.000991446 0.00079923 0.000854647 0.000309464 0.000665273 0.000503471 0.000579382 -0.000667419 0.00036624 -6.54521e-05 0.000361676 0.00185737 -0.000416125 -0.000126173 0.000248634 -0.000582894 -0.00102161 0.00101737 -0.00665881 7.00148e-06 0.00116488 -0.000584356 0.000428006 -0.00121757 -0.000958512 0.00172831 0.00154228 -0.00103951 -0.00405397 0.00035708 -0.000484278 0.000673835 0.000234624 0.00017194 -0.000357957 0.000547356 -0.00397543 -0.000269641 0.00384441 0.000767442 0.000923394 0.000898537 -0.00122825 -7.105e-05 0.000667825 -0.00197422 -0.00214577 0.00370478 
-0.0178759 -0.00525239 -0.00313593 0.0025353 -0.0104938 0.000103611 -0.000359731 -0.00494828 -0.00394953 -0.00775681 0.000526477 -0.00299431 -0.0052926 -0.0438323 -0.00934943 -0.00728891 -0.000841628 0.0109074 -0.0191119 0.0010344 -0.0190706 0.0234406 -0.00915055 -0.0237876 -0.00111351 -0.00141199 -0.0213635 0.00567017 0.167038 0.0011963 -0.00235068 -0.00566501 0.043119 -0.00167096 -0.00766401 0.0100492 0.0095612 0.00728348 -0.00823872 0.00640869 -0.00603551 -0.00295724 0.00154208 -0.0031409 0.00327711 0.00803747 0.00731713 -0.000536086 -0.000611565 4.45897e-05 -0.0214048 0.00554822 -0.00494145 -0.00125824 0.000135986 -0.00225018 0.000181291 -0.00119548 -0.00780138 -0.00144267 -0.0032201 0.000359154 0.00478964 0.0010772 -0.00238113 -0.00752305 0.00496849 -0.00343904 0.00341625 0.00340053 -0.010052 -0.000347877 0.00754957 0.000506075 -0.00135404 -0.000193245 -0.00797169 -0.000307211 -0.000737528 -0.00232464 -0.0116146 0.000461813 0.00402647 0.00185586 -0.00445461 -0.00518843 -0.0057472 -0.00342608 0.000616224 0.00365669 0.00384749 -0.00121393 -0.00224828 5.67541e-05 -0.00287029 -0.00199842 0.0254515 0.000985503 -0.0094473 0.00362431 
0.000611802 -0.000113155 -0.0017617 0.00111372 0.00659573 0.000990957 -0.00523189 -0.000692015 -0.000524065 0.00325333 0.000294763 -0.0023498 -0.00324254 -0.00963343 0.0170207 -0.0131401 -0.0080933 0.00959153 -0.00419634 0.00628999 -0.0218452 -0.00175442 -0.0134478 -0.0152116 -0.0179574 0.0207149 -0.00482514 0.00507286 0.0011963 0.115892 0.00371101 -0.00149058 0.00238791 -0.00530543 -0.00822963 -0.00236706 0.00191783 0.0106657 -0.00297845 -0.00979878 0.00441215 -0.00108755 -0.00236545 0.00344193 -0.00337742 -0.0049559 -0.000811144 -0.00192829 -0.000418558 -0.00176189 -0.00948915 -0.00083393 0.00136795 0.00485246 0.00237957 0.000463768 -0.000533918 -0.00250105 0.00042068 -0.00104641 -0.000151198 -5.6644e-05 0.000314008 0.008103 0.00170956 -0.00452431 -0.00235111 0.00188772 -0.000574316 0.00686723 -0.0162965 3.31875e-05 -0.00552639 -0.000996676 -0.0045633 -0.00215601 -0.00211986 0.00299937 0.00125758 -0.00208678 -0.0146009 -0.000699959 -0.000557614 0.000546619 0.00385145 0.0110946 -0.00191769 -0.000262212 -0.0127196 0.000191471 0.000897613 0.0018794 -0.000720706 0.00209408 -0.00352002 -0.000931594 0.00832646 -0.00409477 -0.00838913 -0.00159503 
-0.00754424 -0.00145249 0.0015284 0.00529504 -0.00649083 -0.000643227 -0.000559969 -0.00075032 -0.00402322 -0.00345142 7.54331e-06 -0.00638884 0.00464463 -0.00814451 -0.0105416 -0.0178507 0.0109409 -0.00361842 -0.0223373 -0.00634034 -0.00506345 0.00930156 -0.0011857 -9.16456e-05 -0.00472016 0.00168159 -0.0258884 -0.00388015 -0.00235068 0.00371101 0.141626 -0.00314364 -0.00344242 -0.00787191 -0.00244699 -0.000170956 0.00471858 -0.00334359 5.75594e-06 -0.00251747 0.000955253 -0.00376795 -0.00035431 -0.00380055 0.00348268 -0.00824988 0.000296857 -0.000919283 0.00203371 0.000681929 -0.00165129 -0.00306832 0.00404748 -0.00203307 0.00213143 -0.00167632 0.000991002 -0.0013898 -0.00539257 0.000289327 -0.00307858 0.000839948 0.00138708 0.000294475 0.000246742 0.00787894 -0.00168069 0.00168413 -0.00457388 0.00177185 0.0133112 -0.000473731 -0.00116599 0.00406351 -0.00575575 -0.00100318 0.00825794 0.00184205 -0.00106108 0.00602809 -0.00210734 -0.00129379 -0.000194775 -0.00110333 -0.00464019 -0.0060188 -0.00106933 -0.00326981 0.0078778 -0.000115931 -0.00263395 -0.00526272 8.62366e-05 -0.000735353 -0.0031198 0.00170732 -0.0014718 -0.000454135 -0.000370402 -0.0044358 
-0.000824299 -0.00148647 0.000859462 -0.000997222 0.00719587 0.00180866 -1.55938e-05 0.000719741 -0.000816178 -0.00448613 -0.00016888 0.000905914 -0.00305691 6.39073e-05 0.00583139 -0.0051179 -0.0040576 0.00309744 0.000569819 -0.005864 0.00112747 -0.00393051 -0.0140684 -0.00262608 -0.000564531 -0.00980387 -0.000124019 0.00115826 -0.00566501 -0.00149058 -0.00314364 0.0660173 -0.00302522 0.00164115 0.00227591 0.000947372 0.000924962 -0.00512337 0.00326758 -0.00242758 -0.00193899 0.0026776 -0.000304047 -0.00271497 0.00567425 -0.00239994 -0.000627191 0.000478818 0.00028102 -0.00247928 -0.000780506 -0.00181185 -0.000780547 -0.000755832 -0.00256594 -0.000473837 -0.000988072 -0.000390213 0.00675375 -0.000104644 0.00255839 -0.000278055 -0.000823048 -0.00319287 0.00103713 -0.000550375 -0.00112304 0.000900227 -0.00260155 -0.00190125 -0.00175072 0.000306474 -0.00264262 0.00438926 0.000708986 -0.000620352 0.000182847 0.000651247 0.000556712 0.00174283 0.000956207 -0.000502897 0.00136915 -0.000963012 -0.000983972 -0.000675532 -0.000640824 0.000768013 -0.00674155 -0.00123946 -0.00030017 -0.00201818 0.000105725 -0.000479599 0.00605675 -0.000235931 -0.00633816 -0.0024046 0.000490787 -5.08403e-05 
-0.0102987 -0.00264423 -0.0028248 -0.00304965 -0.00849678 0.00243037 -0.00568371 -0.00274154 -0.00303404 -0.00287435 0.000964207 -0.00260398 -0.000687684 -0.0358517 0.00158392 -0.0137019 -0.00195497 0.000127337 -0.0179461 -0.0137537 0.0043503 0.0261398 -0.0114487 -0.0244924 0.00582098 -0.00623338 -0.0091499 -0.00207808 0.043119 0.00238791 -0.00344242 -0.00302522 0.133718 -0.00292026 -0.00186467 0.00414563 0.00149405 0.00329405 -0.00269767 0.00540988 -0.00367145 -0.00300456 0.00057488 0.0064516 0.00962583 0.0116275 0.0060451 -0.00152658 -0.000448105 0.00353967 -0.0174725 0.00426217 -0.00315335 -0.00163044 0.000910426 0.000291804 0.0014433 -0.00172991 -0.00409176 -0.00161566 -0.00170099 -0.00105147 0.00198784 -0.0018952 -0.00331845 -0.0114756 0.00310756 -0.00283157 0.00401715 0.000940078 -0.00228388 -0.000945168 0.00118717 -0.0164999 -0.00199415 -0.00229995 -0.00240673 -0.00164917 0.00187783 -0.00168361 -0.00823409 8.96255e-05 0.00435822 0.000795328 -0.00864268 -0.000137104 -0.00162272 -0.00325512 -0.00742947 0.00204158 0.00334586 -0.000175778 0.00149826 0.002574 0.000462644 -0.0010538 0.0113506 -0.00285014 -0.000766428 0.000657069 
-0.00977793 -0.000694885 -0.000263667 -0.000844726 0.00296277 -0.000739954 0.00217428 0.00019667 0.00303804 0.00210729 -0.00100008 -0.00329243 -0.0012813 0.00795053 -0.0106442 0.000116754 -0.0158788 -0.0045205 0.0131015 -0.0193831 0.0186561 -0.0102941 -0.000688835 -0.000675096 -0.00564925 -0.00406723 0.023029 -0.000934345 -0.00167096 -0.00530543 -0.00787191 0.00164115 -0.00292026 0.0806568 0.00472714 0.00305228 -0.00298221 -0.0051844 0.00488539 -0.00378123 0.00127405 0.002919 0.000561028 -0.00522017 -0.00659092 -0.000437455 -0.0018061 -0.00105088 -0.000153463 -0.000335637 -0.00419644 -0.00457689 -0.00147136 -0.000527799 -0.0024498 6.8876e-05 0.00120658 -0.000269607 0.00395687 -0.000333397 0.000123242 0.000459029 -0.00142501 -0.0026765 -0.00162732 -0.0021036 -0.000651549 -0.000261594 -0.000717328 -0.00256362 0.00220697 0.000509446 -0.000987272 0.0019602 0.00116478 -0.00179981 -0.000416157 -0.00221746 0.00101814 0.000611067 -0.00587847 -0.0004389 2.93461e-05 -0.000411728 -0.00141526 -0.000492586 0.000769896 0.003113 0.00139478 -0.00116081 -0.000442768 0.00173856 0.000342575 -0.00126072 -0.00217755 -0.000691954 -0.00436368 -0.00364721 -0.00599519 0.00186774 
