0.0674446 0.000518484 0.00384953 0.000844406 -0.00448201 -0.00928025 -0.00228799 -0.00312741 -0.00457191 0.00151641 0.00359068 -0.00336979 0.00116168 0.00598237 -0.0142646 -0.00414571 0.0043183 -0.0118174 -0.000442308 -0.00676158 0.00450415 -0.00159649 0.0016634 -0.00370552 -0.00736101 0.00300978 -0.00594244 0.00743472 -0.00311794 0.00953361 -0.000703446 0.000803049 -0.00533567 0.000256171 -0.00232007 -0.00233491 0.00213424 -0.000344445 -0.00420678 -0.00139615 0.000736612 -0.000305248 -0.000532081 0.000196819 0.000102578 -0.00154703 -0.00109887 -0.00114093 -0.000940554 -0.00105636 -0.000470877 0.000287652 -0.000545712 -0.00183862 -0.00399955 -0.00371512 0.000351391 -0.000904359 7.02899e-05 -0.000795526 -0.000448265 -0.000129712 0.000222399 -0.00365454 0.00293445 1.96864e-05 -0.00480896 -0.000972848 0.00178877 -0.0033504 0.000343022 -0.00464449 0.00094246 0.000283018 -0.000320747 -0.000383721 -0.000494037 0.0020147 5.93155e-05 0.0112849 0.000455958 0.00626838 0.000968079 1.55205e-05 2.04702e-06 0.000931195 -0.00167014 -0.00431722 9.7196e-05 -0.00232054 -0.00167536 -0.000882168 0.00116319 4.0804e-06 -0.000869482 0.00356928 0.00023687 -0.00107468 0.000258299 -0.000349717 
0.000518484 0.0517558 0.00212047 0.00214328 -0.000420065 0.00145436 -0.00142808 -0.00512769 0.00216856 0.00773133 0.000169952 0.00148485 0.00245345 -0.00264549 -0.00236626 -0.000645529 -0.0118635 -0.00517394 0.00477642 -0.00839253 -0.00744109 0.000345588 -0.0064835 -0.00732253 -0.00142528 -0.000208486 0.00146468 -0.000409683 -0.0031755 0.000578353 0.00509468 0.00173356 0.00298169 0.000723494 -0.00144186 -0.0029149 0.00086813 0.000291853 -0.00298287 -0.000147314 -0.00136942 0.00096458 -0.000482811 0.000656622 2.31272e-05 -0.00111222 -0.00545689 0.00370727 0.00158171 5.86214e-05 0.00213812 0.000249297 -0.000591264 0.00142735 -0.00332653 -0.00279092 -0.000254066 0.000907672 2.10211e-05 8.36852e-05 -0.000461715 -0.000726941 0.00115061 -0.000478545 0.000114821 0.00113803 -0.00154341 0.000137143 -0.000166233 -0.00061708 0.00184975 -0.00410968 -0.00179131 0.000701058 -0.00272158 -0.000497085 -0.000694554 -0.000290794 -0.000931633 0.00458528 4.2003e-05 0.00128494 -0.0015581 -0.000937134 -0.00134808 -0.00328681 -0.00383842 -0.00456558 0.0010704 0.00376723 0.00152788 -0.00193832 0.000767932 -0.0010766 0.00161893 -0.000528592 -0.00105351 -0.0010916 0.000416491 0.000802881 
0.00384953 0.00212047 0.0816969 1.96097e-05 0.00506175 -0.0015993 -0.00339826 0.00147752 0.00084295 -0.000652723 -0.00262473 -0.00734141 -0.00453296 0.00944503 -0.0010378 0.00708464 -0.00307499 -0.0152832 0.000281652 -0.0101619 -0.00023022 -0.00679103 0.00169377 -0.00476651 0.00284167 -0.0115254 -0.00460308 -0.00688393 8.02235e-05 0.00149614 -0.00143259 0.00196843 -0.00218667 -0.00296909 -0.00246131 0.00332289 -0.00147702 0.00029986 0.000493038 -0.00464842 -1.32851e-07 -0.00184256 -0.000322421 -0.000132469 6.51093e-05 -0.00119733 0.00116207 -0.00227825 -0.00296236 0.00420799 0.00678683 0.00137666 -0.00161168 0.000292915 -0.00484916 -0.00791858 -0.00238275 0.00128819 0.000394754 -0.00460445 0.00524446 0.0011169 -0.00121858 -0.00190914 -0.00419928 -0.000423776 -0.00184196 -0.000753975 0.00284807 -0.00405116 -0.00149731 -0.00342282 0.00171354 0.000314208 -0.0058494 -0.000266278 -0.0012927 0.000666786 -0.00142603 9.57945e-05 0.000110367 0.00253107 -0.000181156 0.00582215 -0.000979103 0.00291976 0.000206681 -0.000140941 0.00337176 -0.00052175 -0.00157927 -0.00296768 0.00213197 -0.000758371 -0.000622532 -0.00142067 0.00125297 -0.00277308 -6.15017e-05 -5.39405e-05 
0.000844406 0.00214328 1.96097e-05 0.0677205 0.00108852 -0.00582977 -0.00275595 -0.00325083 -0.000705544 0.00350271 0.00192471 -0.00125338 -0.0030536 0.00254009 0.00223269 -0.00341248 -0.0048273 -0.00715955 -0.00314361 0.00826625 -0.0149386 -0.000627777 0.00392206 -0.00521002 -0.00484699 -0.00418381 -0.0118512 -0.00702488 -0.000493009 -0.00169589 0.00534835 9.6274e-05 0.00130303 0.000999926 0.0099274 3.39082e-05 0.0021778 0.000337506 -0.00366999 -0.00172036 -0.000803122 0.000313744 0.000656593 0.000270397 0.00104734 -0.000518936 -0.00258022 0.00134797 -0.0025293 0.00194945 0.000887589 0.000125869 0.00226789 0.000939055 -0.00193747 -0.00474198 -0.00181249 -0.00357833 -0.000322236 0.00247628 0.00366292 3.77964e-05 -0.000174895 -0.000358846 0.0024443 -0.000353955 -0.00325215 -0.00207939 0.000587221 -0.00179053 0.00345375 -0.00238674 -0.00125245 -0.000586336 -0.00720661 0.000144923 0.00116719 0.000668831 3.09257e-05 -0.00181474 -0.000129568 -0.00180592 -0.00224063 0.00194453 0.00137653 -0.00402442 -0.00410848 0.000910802 -0.000364795 0.00605911 -0.00125587 -0.000222319 -0.000166348 0.000458545 -0.000766762 -0.00259047 -0.0019714 0.0011155 0.000469539 0.000138613 
-0.00448201 -0.000420065 0.00506175 0.00108852 0.174128 0.0124551 -0.000517538 0.0100405 0.00338713 -0.00115114 -0.0159627 -0.0130582 -0.00294202 0.000170939 -0.00556154 0.0099491 0.00803271 0.0180267 -0.00937567 0.027616 -0.0194203 -0.0186079 0.0105945 -0.0341599 0.00223537 -0.0116644 -0.00215914 -0.014621 0.0140174 -0.0134682 0.00257518 0.00437138 0.0105936 -0.00904215 -0.000102591 0.00206849 -0.000852606 -0.00217183 -0.000435501 -0.00361808 -0.000269469 0.000883263 0.0018049 0.00128471 -0.00532161 0.00183442 -0.00110526 0.000645656 0.000637358 -0.00692204 -0.000614835 -0.00115928 -0.00128986 0.0094623 -0.00933217 -0.0109204 -0.00598261 -0.00697437 -0.000610704 0.0122073 0.000452091 -0.000892456 0.00129799 -0.00339241 -0.00364856 -0.00313139 0.00594759 -0.0043754 -0.00169374 -0.00803405 -0.00461563 0.000227055 0.000494607 -0.000909385 -0.00230404 -0.00106831 -0.00566359 -0.00143297 -0.00514989 -0.0173058 0.00311083 0.00417118 -0.00491474 -0.00746062 -0.00136397 -0.00223792 -0.0102805 -0.00183263 -0.00565528 -0.00759588 0.00566728 -0.000952377 0.00119764 -0.00483846 -0.00220835 -0.00919498 -0.0002332 -0.00549694 -0.00299651 -0.00256179 
-0.00928025 0.00145436 -0.0015993 -0.00582977 0.0124551 0.152301 0.000194622 -0.00329266 -0.00448287 -0.00625548 -0.011675 -0.0136953 0.00205748 -0.0336965 0.00504425 0.0021374 -0.0302248 0.00761919 0.00988092 0.0130615 0.00511605 0.0113412 -0.00286835 -0.0137299 -0.00524393 -0.00305179 0.0267336 0.000516502 -0.00376026 -0.0113722 -0.00784522 -0.00522336 0.00778898 -0.0082501 -0.00539677 -0.0148088 -0.00169631 -0.00301935 0.00354875 -0.000833326 -0.00228113 0.0030128 0.000609805 -0.0012696 8.73161e-05 0.000536329 -0.0123045 -0.00585081 0.0107944 -0.00790752 0.00251641 -0.000427263 -0.00168681 0.00280261 0.000965669 0.000869915 -0.000372984 -0.00175437 -0.00133421 -0.00794198 -0.00717358 -0.00135186 0.00493018 0.00557851 -0.0109223 -0.0027809 0.0140044 -0.000158244 -0.0030687 -0.00110388 -0.00476752 0.00567282 -0.000661011 0.00356154 0.0264984 -0.00407494 -0.00480797 -0.0015041 -0.00487456 -0.0133242 -0.00256062 -0.000617803 -0.00724642 -0.00528715 -0.00461947 -0.00390674 0.0035268 -0.0117143 -0.00292759 -0.000949736 0.00588455 0.00534304 0.000255133 0.00204167 0.000673649 -0.00526476 0.0021711 -0.00613418 -0.000433675 -0.00108852 
-0.00228799 -0.00142808 -0.00339826 -0.00275595 -0.000517538 0.000194622 0.085909 -0.00451896 -0.00728319 -0.000185571 -0.00372027 0.00368131 -0.00337039 -0.00863132 0.00579961 -0.00947569 -0.00552468 0.00770698 -0.000664341 0.0039768 -0.00192465 0.00577208 0.0124625 0.0112292 -0.00883328 -0.00309864 -0.0203765 -0.0104518 0.00712697 0.00419347 -0.00643902 -0.00571797 -0.00511997 0.000163163 0.00167829 -0.00373792 -0.000334643 -0.000564248 -0.00108204 0.00124286 -0.00257858 -0.000736796 -0.00138025 8.72757e-05 -0.000950621 0.00181059 0.0096144 -0.000838634 -0.00206531 -0.00462179 -0.00474505 -0.000396607 0.000636754 -0.00217876 -0.00364698 -0.00387697 0.000442957 -0.00174938 9.57565e-05 -0.00398514 -0.00252163 0.000237153 -0.00025398 0.000408025 -0.00331437 -0.00120639 -0.00235088 -0.000798098 -0.000374127 -0.00131704 0.00179752 0.000652749 -5.61119e-05 5.26524e-05 -0.000411367 0.0023235 -0.00163268 0.00087663 0.00254253 0.000662497 -0.0032064 -0.00245744 -0.000266925 0.00055062 0.00192563 -0.00419732 0.00230301 -0.000920151 -0.00422298 -0.00534209 0.000527138 -0.00340282 0.00263667 0.000909268 -0.000207897 0.00544464 -0.00234508 0.00696284 -0.000140901 0.00150283 
-0.00312741 -0.00512769 0.00147752 -0.00325083 0.0100405 -0.00329266 -0.00451896 0.184852 -0.0036902 0.00988526 0.00957285 -0.00733283 -0.00361639 -0.00812941 0.026355 -0.0308752 -0.0099447 -0.00583263 -0.015288 -0.0350408 0.000127786 -0.0134654 0.000997846 -0.00192235 0.00779235 0.00285869 -0.0229333 0.011704 0.00729187 0.0104214 0.0166594 -0.0106702 0.0175765 -0.00500178 -0.000194849 0.00135662 -0.004731 -0.00419219 0.00662442 -0.00702853 -0.00189664 -0.000760454 -0.00040118 -0.00177597 0.00282171 -0.00567797 -0.00704325 0.00531137 -0.00377202 0.00799922 -0.0139748 -0.000555037 -0.00719485 0.00516058 -0.00471657 -0.00126484 -0.00551491 -0.0115873 6.00431e-05 0.00247108 0.00670345 0.00388263 -0.00445317 -0.00672442 0.00214407 -0.00286396 -0.00499829 -0.00344038 0.00218754 -0.0046908 -0.00520771 0.0197053 0.000170039 0.00168623 -0.0213326 -0.0019803 0.00197006 -0.00108311 0.00425479 -0.0172809 -0.0053715 -0.00487065 -0.00596223 -0.0092342 -0.00473494 -0.00659628 0.000174091 -0.0018314 0.00173929 0.00430739 0.0053586 -0.00452785 0.000836673 -0.00914153 -0.00453967 0.0021998 0.00351299 3.00865e-05 -0.00204387 -0.00202825 
-0.00457191 0.00216856 0.00084295 -0.000705544 0.00338713 -0.00448287 -0.00728319 -0.0036902 0.119207 -0.00572699 0.0104305 -0.00752709 -0.00099409 0.00195131 0.0023746 0.00835798 0.0116112 -0.00958946 -0.0112647 0.000250615 0.0153864 -0.00717726 -0.00772327 -0.0310207 -0.0164347 -0.00315807 0.000125772 -0.00285996 0.0017748 -0.00218657 0.00111549 0.00973184 0.00816114 -0.000115417 -0.00756721 0.00438637 0.00350578 -0.00032643 -0.00484136 -0.000135296 -0.000584215 0.00086984 0.00052139 -0.00130777 -0.00223766 -0.00337715 -0.000749155 0.000753144 -0.000919568 -0.00374189 -0.000500137 0.00118883 -0.00120414 0.000624163 -0.000777789 -0.00669419 -0.00428309 -0.000628889 -0.000455349 0.00101111 0.00172574 -0.000215582 -0.000494884 -0.00292518 -0.000278475 -0.00150608 0.00322336 -0.000567068 -0.000968371 0.00333231 0.000242079 -0.00624955 -0.0048441 -0.000254492 -0.00869037 -0.00421665 -0.00470006 -0.00293871 -0.0021955 -0.00598162 0.00330296 0.00195566 0.00340804 -0.00424494 -0.00238611 0.000242958 0.000886528 -0.00176408 -0.0023943 -0.00363644 -0.00215643 0.0076162 -0.00163095 -0.00130441 0.000386423 -0.0010916 0.00152042 -0.00183783 -0.000248561 -0.00101536 
0.00151641 0.00773133 -0.000652723 0.00350271 -0.00115114 -0.00625548 -0.000185571 0.00988526 -0.00572699 0.109065 0.00222275 0.0112632 0.0108422 -0.000879038 -0.00037262 -0.0184427 -0.0232368 0.000629688 0.00703135 -0.0241328 -0.00389999 -0.00721592 -0.0160717 -0.00535327 0.00841671 -0.00079437 -0.0144276 0.0180691 -0.00555951 0.0149257 0.0144367 -2.75025e-05 0.00201389 -0.00182261 -0.0013593 0.00293603 -0.00134226 -0.000593265 -0.00515489 0.000615946 -0.00204142 -0.00435871 -0.00307355 -0.000791412 0.000949541 0.00128434 -0.00165685 -0.000579537 -0.00310176 -0.0024422 -0.00573491 0.000154073 -0.000634975 -0.000457815 -0.00605495 -0.00454318 -0.00431532 -0.00505532 -8.09155e-05 -0.00386818 0.002665 -0.000552158 0.00075189 -0.00524902 0.00679516 0.00169258 -0.00839639 -0.00155795 -0.00146427 -0.00245299 0.00171467 0.00925675 -0.00131584 -0.00106736 -0.00837709 -0.000258955 -0.000322317 -0.000529588 0.00343394 0.00857973 -0.00142378 -0.00142826 -0.00302126 -0.00539915 -0.000960538 -0.00749042 -0.0120308 -0.0047919 0.0106193 0.00302765 0.00259555 -0.00921223 0.00115125 -0.00450563 -0.00244855 0.000190473 -0.000569567 -0.000466058 -0.00178671 0.000562077 
0.00359068 0.000169952 -0.00262473 0.00192471 -0.0159627 -0.011675 -0.00372027 0.00957285 0.0104305 0.00222275 0.15163 -0.000167901 -0.00205456 -0.00709573 0.0161396 -0.00115182 -0.00344312 -0.0218864 -0.00554972 -0.0287705 0.0282164 -0.00806965 0.00478578 0.0181347 -0.0137492 -0.00449876 -0.00937554 -0.0225156 -0.00944605 -0.00279511 0.00126285 -0.00675069 0.00601176 -0.00230863 -0.00482229 -0.0143536 0.00386889 -6.38216e-05 -0.0026575 0.00110426 -0.00278436 -0.00218276 0.00102066 -0.00104688 -0.000135931 -0.000931005 -0.00333461 -0.00270044 -0.0036064 0.00553275 0.00398331 0.000102664 -0.000174625 -0.00376244 -0.00733751 0.000455137 -0.00225054 -0.000426877 0.00155269 -0.0062481 -0.00175217 0.00107994 -0.00123763 -0.00420147 0.00114679 -0.0036523 -0.00839842 -0.00165271 -0.00459347 -0.00201216 0.0102647 0.0079774 -0.0039832 -0.00333758 -0.00685195 -0.00262611 0.000183603 -0.00116454 0.00206436 0.00622774 0.0028393 -0.00398611 -0.00469519 0.00403174 -0.000724823 -0.00149821 -0.00438345 0.00234331 0.0030573 -0.00377934 -0.00322941 -0.00195743 0.00171569 -0.00311338 -0.000833874 0.00437055 -0.00287351 -0.00497549 0.00188404 0.0030454 
-0.00336979 0.00148485 -0.00734141 -0.00125338 -0.0130582 -0.0136953 0.00368131 -0.00733283 -0.00752709 0.0112632 -0.000167901 0.210743 0.0172949 0.0180333 -0.00480162 -0.0270191 -0.00606812 0.017488 -0.00662445 0.00539462 -0.016623 0.0100181 -0.0126884 0.016811 0.0123939 -0.0137278 -0.00714309 0.00220227 -0.0188951 0.00943791 -0.014089 -0.0135512 -0.000849615 0.0095254 -0.00713387 0.000356583 -0.0076667 -0.00346984 0.00764159 0.00591605 0.00114847 -0.00157314 -0.00395335 -0.00365374 -0.00538411 -0.000614849 0.0317119 0.00200494 -0.00656925 -0.00598574 0.00508796 -0.00287003 0.000373847 -0.0105092 -0.00163925 -0.0188285 -0.0021134 -0.0205989 -0.000767339 -0.00464386 0.0027983 -0.00491919 -0.000549776 -0.00368162 0.00166585 -0.00435525 -0.00776619 0.000871559 0.0020504 -0.00583805 -0.00837339 -0.00392198 -0.00628885 0.00412622 -0.000582713 0.0040434 -0.0072915 0.000668401 0.00540866 0.0040165 -0.00206867 -0.00582964 0.00576378 -0.0152546 -0.00703474 -0.00684718 0.0154429 -0.0111254 -0.00114671 -0.00952696 -0.00411029 -0.0119062 0.00299244 -0.00252444 -0.00206602 0.00186694 -0.00236234 -0.0050634 -0.00401712 -0.00347487 
0.00116168 0.00245345 -0.00453296 -0.0030536 -0.00294202 0.00205748 -0.00337039 -0.00361639 -0.00099409 0.0108422 -0.00205456 0.0172949 0.13418 0.00300317 -0.0138862 -0.0117536 -0.00386643 0.00901257 0.00385764 -0.0108222 0.0110523 -0.0144456 -0.00287432 -0.00849066 0.0121638 -0.0184416 0.00627864 0.00719286 -0.0023935 -0.000704106 -0.00644179 -0.00388242 -0.0110526 -0.00652709 -0.00207202 -0.00416561 -0.000793668 -0.00139195 -0.00017794 0.000332378 -0.00344459 -0.00296845 -0.000824637 -0.00122749 -0.0033615 -0.00279464 0.00126481 -0.00448746 -0.00394277 -0.00672022 -0.00701923 0.000261749 -0.00416104 -0.00328384 0.00260156 -0.00636771 -0.00176755 0.00166228 -3.81399e-06 0.0034038 0.00176784 -0.00230744 0.000968169 -0.00453248 0.000963992 0.00212345 -0.00108933 -0.00290225 -0.000217381 -0.00254673 -0.00516091 0.00127677 -0.00215313 -0.00265636 0.008911 -0.00212814 -0.00464706 -0.00272251 -0.0024362 0.00207066 -0.000341424 -0.00413375 0.00124947 -0.00914117 -0.00193447 -0.00308671 0.000322003 0.00166685 0.00534598 -0.00261018 0.000703395 0.00353093 -0.000240886 -0.00156568 0.00253128 -0.00332966 -0.00230793 0.000193944 -0.00169501 -0.000694131 
0.00598237 -0.00264549 0.00944503 0.00254009 0.000170939 -0.0336965 -0.00863132 -0.00812941 0.00195131 -0.000879038 -0.00709573 0.0180333 0.00300317 0.231581 -0.0264806 -0.0026591 0.039427 -0.0395859 0.0251927 0.0157705 0.00113575 -0.0537744 -0.00960715 0.0207692 0.0160424 -0.0192598 -0.0188869 0.00642098 -0.0144896 0.0235264 0.00306708 0.0100224 -0.025736 0.00107855 -0.0134491 0.0319656 -0.00649622 0.00423814 -0.00881067 -0.0178547 0.00995325 -0.00955116 0.00321381 -0.00402837 -0.00458848 -0.00162287 0.0364777 -0.00429021 -0.0116764 0.00437941 -0.00836278 0.000570546 -0.00481658 -0.00666996 -0.00594537 -0.0107034 -0.00588801 -0.016136 -0.000472009 0.00749367 -0.00124187 -0.00285222 -0.00878465 -0.0155341 0.0120719 -0.00365997 -0.0076117 0.0010652 0.00117108 -0.0153144 -0.00492342 -0.039371 -0.00490424 -0.00520865 -0.0181197 -0.00134705 0.00216343 0.00147495 -0.000626899 0.0152955 -0.00067049 0.00451687 -0.000912334 -0.00318587 -0.00747669 0.0114471 -0.0143691 0.0167355 0.00570126 0.000183092 -0.00747329 -0.00992893 -0.00781846 0.00721168 -0.00864698 0.00627713 0.00370828 -0.0147982 -0.00409899 -0.000676923 
-0.0142646 -0.00236626 -0.0010378 0.00223269 -0.00556154 0.00504425 0.00579961 0.026355 0.0023746 -0.00037262 0.0161396 -0.00480162 -0.0138862 -0.0264806 0.236328 -0.0177155 -0.0217015 0.00414907 -0.0351015 -0.000610775 0.00255657 0.0476367 -0.00143409 -0.0236432 -0.00693934 0.00909373 -0.0583995 -0.0443209 0.00558062 -0.026349 -0.00958404 -0.0216969 0.029437 -0.0176313 0.0249223 -0.00661099 -0.00956486 -0.00393032 0.00565882 0.00153034 -0.00989086 -0.00252632 -0.00304761 -8.07183e-05 -0.0059164 0.000825444 0.00905624 0.00676362 -0.00657208 0.00535696 0.00656401 -0.00223977 -0.00291983 -0.00341506 -0.00136609 -0.0154078 -0.00380491 -0.0213987 0.000143145 0.00540731 -0.00251651 0.00375467 0.000929822 -0.00114758 -0.00876553 6.41548e-05 0.00636599 -0.0100593 0.00456728 -0.0120197 0.00208183 0.00723431 -0.00379403 0.000510553 -0.00283949 -0.00177571 -0.00534455 -0.00584109 0.000428207 -0.00638443 -0.00717421 -0.00667615 -0.00681147 0.00751323 0.000614517 -0.00986556 0.0367947 0.0209074 -0.00475866 0.0112085 -0.0128763 -0.0102222 0.000911744 -0.0043521 -0.00499859 0.0117618 -0.00260002 0.00970513 -0.00339218 0.00249757 
-0.00414571 -0.000645529 0.00708464 -0.00341248 0.0099491 0.0021374 -0.00947569 -0.0308752 0.00835798 -0.0184427 -0.00115182 -0.0270191 -0.0117536 -0.0026591 -0.0177155 0.237722 0.0321521 -0.00108435 -0.00489829 0.00626696 0.00216879 -0.0107243 -0.0104653 -0.0361012 -0.0194203 -0.0141594 0.0459435 -0.0246152 9.59415e-05 -0.0123291 -0.0133959 -0.00536837 -0.00167179 0.00123025 -0.00550384 -0.0179794 0.00708665 0.00114575 -0.00560622 0.00518147 -0.00338479 0.00421613 0.00572998 0.000824491 -0.00654285 -0.0042581 -0.0310773 -0.00388929 -0.00129584 -0.00672668 0.0106709 -0.000314284 -0.00182686 0.00286493 -0.00815059 0.0158182 -0.000363248 0.00839259 -0.00219858 0.000528806 6.9424e-05 -0.00194615 0.00359467 0.0115643 -0.012079 -0.000659619 0.00644362 0.0048923 -0.00667581 0.00344205 0.00735925 -0.017344 -0.00696067 0.00641506 -0.00535904 -0.0100758 -0.000590453 -0.00570473 -0.00568532 -0.00997548 0.00585153 0.00335248 0.00303066 0.00763646 0.00433921 0.0123719 -0.00697784 0.00559451 -0.00424172 -0.013899 -0.00399368 0.00681333 0.000131563 0.00288857 0.00254691 -0.0176344 -0.0019311 0.000299858 0.00323827 -0.00506333 
0.0043183 -0.0118635 -0.00307499 -0.0048273 0.00803271 -0.0302248 -0.00552468 -0.0099447 0.0116112 -0.0232368 -0.00344312 -0.00606812 -0.00386643 0.039427 -0.0217015 0.0321521 0.249252 -0.0310357 -0.0237943 0.0113989 -0.000653285 -0.0259834 0.00645737 0.000863017 -0.0368506 -0.00816321 -0.001681 0.00981701 0.0121674 0.00381638 -0.00456984 -0.00893705 -0.0324818 0.00890308 -0.00274332 0.0269724 0.00490996 0.0012428 0.000543187 -0.0102634 -0.000164119 -0.00870759 0.00162205 0.00100195 0.00349669 0.00188675 0.0211758 -0.00339724 -0.00912609 -0.00441622 -0.00632933 -0.000142491 -0.00518902 -0.0035228 0.0120373 0.00511086 -0.00659627 -0.00705859 -0.00121301 0.0244506 -0.00997658 -0.00167314 -0.00730952 -0.00652286 -0.00689849 -0.00130208 0.0182139 0.000965933 0.00255467 -0.00476303 -0.0151801 -0.0249193 0.0108166 0.00728999 -0.0223725 -0.00988572 -0.00414534 -0.00359269 -0.011412 -0.012905 0.0017817 0.00504769 0.00506789 -0.00168948 -0.0122901 -0.00455515 0.000924317 0.0106275 -0.0177081 -0.0164025 -0.00641881 0.00959896 -0.00657383 0.00419517 -0.00153796 0.00376588 -0.000348617 -0.00152813 -0.00283694 -0.00197344 
-0.0118174 -0.00517394 -0.0152832 -0.00715955 0.0180267 0.00761919 0.00770698 -0.00583263 -0.00958946 0.000629688 -0.0218864 0.017488 0.00901257 -0.0395859 0.00414907 -0.00108435 -0.0310357 0.249928 -0.022212 0.0027948 0.00289674 0.0350683 -0.010389 -0.0204658 0.0319224 -0.0113072 0.00806136 0.0142836 0.00551036 -0.0160761 -0.0114167 -0.00525041 0.00673036 -0.00817746 -0.00924747 -0.0304004 -0.00680261 -0.00670644 0.00746204 0.00895826 0.000214053 -0.0148793 -0.0031573 -0.00201427 -0.0018914 -0.00188264 -0.0101043 -0.00498321 0.00493054 -0.0158072 -0.00710584 -0.00291458 0.00191096 -0.000422558 0.00265205 0.00554616 0.00838524 0.0152858 -0.00240936 -0.00584361 0.0100391 -0.00489804 0.00448586 0.00783375 -0.0157773 -0.0003008 -0.00288481 0.00983361 -0.00727518 -0.00771624 -0.0157979 0.0239421 0.00392517 -0.00571824 0.00414934 0.0062936 -0.00743664 -0.00711074 0.00361711 -0.0117357 -0.0010496 -0.00538563 0.00588258 -0.0039719 0.000105069 -0.00115999 -0.0147101 -0.0371117 -0.00886112 -0.0111658 0.0126724 -0.00526668 0.00299273 -0.00163942 -0.00314575 -0.00724809 -0.0111461 0.0136854 -0.00331061 -0.0044909 
-0.000442308 0.00477642 0.000281652 -0.00314361 -0.00937567 0.00988092 -0.000664341 -0.015288 -0.0112647 0.00703135 -0.00554972 -0.00662445 0.00385764 0.0251927 -0.0351015 -0.00489829 -0.0237943 -0.022212 0.231455 -0.0220256 0.0192074 -0.0463454 -0.00418561 0.0124144 0.0157455 -0.00749052 0.00832855 0.00570136 -0.0174817 0.00636201 0.0164216 0.0187668 -0.0215935 -0.000388446 -0.0114203 0.00150043 -0.00350264 0.00181797 -0.0124762 -0.0126546 0.00360606 -0.00242623 -0.00436845 0.00137522 -0.00296975 0.00207868 -0.0101934 -0.0104699 -0.000375597 0.00211057 -0.0120064 0.000688769 -0.000586275 0.0024957 -0.00754436 0.00761194 -0.00098377 0.00674115 0.000339106 -0.00778288 -0.00532959 -0.00246398 -0.000645556 -0.000821274 -0.00132598 -0.00180079 -0.00543642 0.00568103 -0.0121621 0.00424112 0.00333527 -0.0110794 -0.00760273 -0.00814921 0.0284963 -0.00688571 0.00558879 0.00644804 -0.00886439 -0.0010533 -0.00219339 -0.00128355 -0.00478374 -0.000197739 0.00083322 0.00184688 -0.024777 -0.00296967 0.00832203 0.00869849 -0.00122144 -0.00890999 -0.00207847 0.0137156 0.00368252 -0.0012601 -0.0081754 -0.0176493 -0.000908877 0.000981179 
-0.00676158 -0.00839253 -0.0101619 0.00826625 0.027616 0.0130615 0.0039768 -0.0350408 0.000250615 -0.0241328 -0.0287705 0.00539462 -0.0108222 0.0157705 -0.000610775 0.00626696 0.0113989 0.0027948 -0.0220256 0.249472 -0.0227938 0.0391914 0.0112546 -0.0105488 -0.032066 3.41268e-05 -0.00275814 -0.000757329 -0.0128825 -0.0230783 -0.0146313 -0.00767452 -0.00576346 -0.00938977 0.0149361 0.0137077 -0.00576226 -0.000841355 -0.0131077 0.00494893 0.00103312 0.00273748 -0.000778186 -0.00265642 -0.00790167 0.00301719 -0.0025329 0.00415584 0.00766242 -0.0138712 0.0131008 -0.00283653 0.00442911 -0.00561739 0.00829433 -0.00734338 -0.00256167 0.00322096 -0.00129643 0.00476446 -0.00172916 -0.00281618 -0.00433504 0.00420078 -0.000102012 -0.00513326 0.0128604 -0.0117262 0.00349949 0.00827533 -0.00276255 -0.0221072 -0.0036355 -0.00513113 0.0107373 0.000166797 -0.00166186 -0.0048179 -0.00620816 -0.0181564 0.00106706 -0.00072088 -0.00093732 0.00364978 -0.0166756 -0.00567654 -0.00624396 0.0100994 -0.0153263 -0.0139256 -0.0116304 0.00384904 -0.00562051 -0.00534329 -0.00222885 -0.00860079 -0.00314868 0.0091147 -0.00116105 -0.00454571 
0.00450415 -0.00744109 -0.00023022 -0.0149386 -0.0194203 0.00511605 -0.00192465 0.000127786 0.0153864 -0.00389999 0.0282164 -0.016623 0.0110523 0.00113575 0.00255657 0.00216879 -0.000653285 0.00289674 0.0192074 -0.0227938 0.241651 -0.0133494 -0.00311826 0.00767251 -0.0135351 -0.0106691 0.0107066 -0.00451125 -0.0185149 0.00361745 -0.0111759 -0.00377672 -0.0037583 0.000263477 -0.0206232 -0.016745 -0.000454838 9.076e-05 -0.00483669 -0.00297339 0.00291954 -0.00765712 -0.000387903 -0.00349747 -0.00397291 -0.00319999 0.00119296 -0.0148762 -0.00536626 -0.00534884 -0.00276193 -0.00377408 -0.00437683 -0.00709742 -0.00260799 -0.0126294 -0.000756653 0.00532755 -0.000890308 -0.00746307 -0.0165626 -0.00198031 0.000674159 -0.0107764 0.00938045 -0.00273586 0.00454667 -0.00643043 -0.00784409 0.000278359 -0.00973131 0.0248527 -0.00467909 -0.00778382 0.0179277 -0.00450487 -0.00521941 -0.00382003 -0.00601103 0.010494 -0.00586534 -0.00076611 0.003307 -0.00565737 -0.00168529 -0.00693713 -0.00367406 0.0107979 0.00428218 -0.0144189 0.00565066 0.00550679 -0.00585497 -0.000887953 -0.00443557 0.00299497 -0.00937087 -0.0108806 -0.00301028 -0.00234915 
-0.00159649 0.000345588 -0.00679103 -0.000627777 -0.0186079 0.0113412 0.00577208 -0.0134654 -0.00717726 -0.00721592 -0.00806965 0.0100181 -0.0144456 -0.0537744 0.0476367 -0.0107243 -0.0259834 0.0350683 -0.0463454 0.0391914 -0.0133494 0.248138 -0.00741352 -0.0130017 -0.0246502 0.0114136 -0.0131992 -0.0112162 -0.00930606 -0.0186134 -0.0155989 -0.0207474 0.0177878 -0.0160557 0.0127339 -0.0159965 -0.00649988 -0.00734627 -0.00338689 0.0104554 -0.0101709 -0.00421021 4.71398e-05 -0.000503677 -0.00162101 0.000277501 -0.0281055 0.00660746 0.00366267 -0.0031091 0.0125444 -0.00147407 0.00256856 -0.0101641 0.0115238 0.00115766 0.00559987 -0.00210755 -0.00121814 -0.0124326 0.00188001 -0.00227093 0.00235146 0.0187674 -0.0123726 0.00014236 0.00665727 -0.00904174 0.00623689 0.00301826 0.00191464 0.00551655 0.00458723 0.00130176 0.00245624 -0.00229765 0.0027073 -0.00603589 0.00382547 0.00804418 -0.00845483 -0.00153022 0.0031621 0.00151159 -0.00262287 -0.00531497 0.000494353 -0.0130072 -0.0101189 0.00148407 -0.00726088 -0.00169815 -0.00460964 -0.00380793 -0.00259915 0.00614924 -0.00648545 0.0102591 -0.00029715 -0.000209756 
0.0016634 -0.0064835 0.00169377 0.00392206 0.0105945 -0.00286835 0.0124625 0.000997846 -0.00772327 -0.0160717 0.00478578 -0.0126884 -0.00287432 -0.00960715 -0.00143409 -0.0104653 0.00645737 -0.010389 -0.00418561 0.0112546 -0.00311826 -0.00741352 0.186475 0.00272345 -0.0304353 -0.0176986 0.00209841 -0.0222055 0.013221 -0.0136232 -0.00732916 -0.00622149 -0.00626085 -0.00430042 -0.00046383 -0.00676497 0.00179266 0.00129352 0.0027972 -0.000346424 -0.00246981 0.00347042 0.0050812 -0.00139883 0.00159448 -0.000920806 0.0109739 -0.000461903 -0.00410625 -0.00106345 -0.00830028 0.00211311 -0.00380804 0.00417647 -0.000450297 -0.00732654 -0.000942075 -0.00311893 -0.000348385 0.00141411 0.00292745 0.000866072 -2.85872e-05 -0.00313988 -0.00246286 -0.00502795 -0.0131214 -0.000130174 -0.00451112 0.000982028 -0.00312075 -0.0046925 0.0133839 -0.0046705 0.00155823 -0.00202255 -0.00173762 -0.00161562 -0.00532593 0.00200062 -0.00208843 -0.000183072 0.0030031 0.0072977 -0.0035843 -0.0168397 -0.00156807 -0.00213743 -0.010537 0.000939737 -0.00662731 0.00272206 0.00365065 -0.00772802 0.003773 0.0104725 -0.00175959 0.00779084 -0.00441748 0.000341172 
-0.00370552 -0.00732253 -0.00476651 -0.00521002 -0.0341599 -0.0137299 0.0112292 -0.00192235 -0.0310207 -0.00535327 0.0181347 0.016811 -0.00849066 0.0207692 -0.0236432 -0.0361012 0.000863017 -0.0204658 0.0124144 -0.0105488 0.00767251 -0.0130017 0.00272345 0.246714 0.016421 -0.0102943 -0.0165115 -0.00709013 -0.00690782 0.0188578 -0.00868513 -0.0124155 -0.0114695 0.00806022 -0.00590152 0.00391471 -0.00569904 0.00235642 0.00429059 -0.00106949 0.00312804 0.000792606 -0.00210628 -0.000368589 0.00564258 0.00174316 0.01697 -0.00342329 -0.00705754 0.0102394 -0.00281503 -0.00222357 -0.000891823 -0.00700601 -0.00655073 0.0103684 0.00138995 -0.00658032 0.00177682 -0.0138066 -0.00166255 0.00253169 -0.0126041 -0.0115694 0.00212181 -0.00584626 -0.0128528 -0.000220872 -0.00187698 0.00253099 0.00886786 -0.0173259 -0.0103181 -0.00952908 -0.0115194 -0.00442395 0.00845399 0.00261113 0.00264121 0.0362286 -0.00803828 -0.00841475 -0.00259719 -0.00627515 -0.00356019 -0.00910521 -0.00300905 0.0115533 -0.00542048 7.1404e-05 -0.00175489 -0.0128114 0.00234771 0.00575112 -0.00347678 0.00180979 -0.00295679 -0.00949034 0.000276915 0.00389439 
-0.00736101 -0.00142528 0.00284167 -0.00484699 0.00223537 -0.00524393 -0.00883328 0.00779235 -0.0164347 0.00841671 -0.0137492 0.0123939 0.0121638 0.0160424 -0.00693934 -0.0194203 -0.0368506 0.0319224 0.0157455 -0.032066 -0.0135351 -0.0246502 -0.0304353 0.016421 0.249032 -0.0234304 -0.00266396 -0.00950554 -0.0066135 0.00664453 -0.0113811 0.0065867 -0.00195706 -0.00471032 -0.0130109 0.00520338 -0.00976731 -0.00240015 0.0166279 -0.00964523 -0.00426773 -0.00898958 -0.00343133 -0.00137723 -0.00306064 -0.00308975 -0.000576937 -0.00034811 -0.00937141 0.00325512 -0.00699966 -0.0011877 -0.000293573 0.00435326 -0.00308133 -0.0109499 -0.00148082 0.00240236 -0.000453956 -0.00356021 0.00486149 -0.00384535 -0.00750612 -0.00213516 0.00312183 0.00458034 -0.0140795 0.00590853 -0.0044939 -0.0152326 -0.00187728 0.0244485 -0.0116592 -0.00209201 -0.0111309 0.00175344 0.00244921 -0.0013475 0.00191357 0.00915157 0.0032397 -0.012674 -0.00807383 -0.00201748 0.0111391 0.0120044 0.00199223 -0.0115336 0.0174217 -0.00263234 0.00559031 -0.00930836 0.00307087 0.00129681 -0.00417004 -0.0192106 0.000429077 -0.00752063 0.000436739 -0.00295304 
0.00300978 -0.000208486 -0.0115254 -0.00418381 -0.0116644 -0.00305179 -0.00309864 0.00285869 -0.00315807 -0.00079437 -0.00449876 -0.0137278 -0.0184416 -0.0192598 0.00909373 -0.0141594 -0.00816321 -0.0113072 -0.00749052 3.41268e-05 -0.0106691 0.0114136 -0.0176986 -0.0102943 -0.0234304 0.19283 0.0180829 0.00544355 -0.0154575 -0.00199338 0.00848357 0.00182318 0.0135315 0.00614566 0.0172082 -0.00491729 0.00396614 -0.000903992 0.000976908 -0.00098539 -0.000779297 0.00615341 -0.00426507 0.000737196 0.00259953 -0.00424139 -0.00425024 0.00789953 -0.00129273 -0.00268351 0.0056114 -2.30304e-05 -0.0020223 0.00385783 -0.000948343 0.0115875 -0.00399462 -0.00345835 -0.000396747 -0.00362556 -0.0102635 0.000105776 -0.00464028 0.0031996 0.00410012 0.00126469 0.000841211 -0.00316578 -0.00184357 0.00817013 -0.00241099 -0.00628514 -0.00261188 -0.00518083 0.00216944 -0.00129686 -0.00473482 0.00187292 0.00165168 -0.00665525 -0.00502515 0.00584786 -0.000715543 0.000146952 -0.00553193 -0.00650214 -0.0064768 0.000432742 -0.0116851 0.00210175 -0.00985203 0.00246858 -0.00608717 -0.00773947 -0.000162479 0.000685984 7.99611e-05 -0.00567346 -0.00136616 0.00048371 
-0.00594244 0.00146468 -0.00460308 -0.0118512 -0.00215914 0.0267336 -0.0203765 -0.0229333 0.000125772 -0.0144276 -0.00937554 -0.00714309 0.00627864 -0.0188869 -0.0583995 0.0459435 -0.001681 0.00806136 0.00832855 -0.00275814 0.0107066 -0.0131992 0.00209841 -0.0165115 -0.00266396 0.0180829 0.238404 0.011334 -0.00957116 -0.0152038 -0.00637197 0.0124052 -0.0129611 0.00186895 -0.0121402 -0.0191127 0.0025437 -0.00323646 0.00263549 -0.000988779 -0.00118839 -0.00102423 0.00322972 -0.00298072 0.00184087 -0.0038778 -0.0170326 -0.0105113 0.00324182 -0.0125612 0.0010527 -0.001711 -0.00450416 0.00685041 0.00518346 0.0198299 0.00173598 0.0125052 -0.00128386 -0.0140596 -0.0128567 -0.00743538 0.00361451 0.00454209 -0.00732076 0.00299734 0.00236448 0.00501694 -0.00838055 0.00384864 -0.0147432 -0.00672024 -0.000737254 -0.00613479 0.0265309 -0.0062758 -0.00943002 -0.00571064 -0.00770678 -0.0172625 0.00443237 0.0049369 -0.00158599 -0.00143768 -0.0070531 0.00957465 -0.0101647 -0.0111087 -0.00959218 0.000786621 0.0156668 0.0118767 -0.00228994 -0.0112723 0.00907108 -0.00821636 -0.00222572 -0.00855904 -0.00450045 -0.00579156 
0.00743472 -0.000409683 -0.00688393 -0.00702488 -0.014621 0.000516502 -0.0104518 0.011704 -0.00285996 0.0180691 -0.0225156 0.00220227 0.00719286 0.00642098 -0.0443209 -0.0246152 0.00981701 0.0142836 0.00570136 -0.000757329 -0.00451125 -0.0112162 -0.0222055 -0.00709013 -0.00950554 0.00544355 0.011334 0.223057 -0.0063873 -6.0058e-05 0.014534 0.0128201 -0.0113003 -0.00176563 -0.0185046 0.0153794 -0.0029688 -0.00321614 -0.00272901 0.00259499 0.00436698 -0.00776436 -0.00768486 -0.00184835 -0.00166015 -0.000572013 -0.00973703 -0.00924366 0.00197407 -0.00920661 -0.0153974 -0.000350255 -0.00291487 -0.00222861 0.00256773 0.0124974 -0.00933872 0.00234492 -0.00276877 0.00127005 0.00152979 -0.00355354 -0.00328682 -0.006216 0.00516799 -0.00405684 -0.00681133 0.00155527 0.00342488 0.000480687 -0.00768194 0.0139026 -0.000331455 -0.0021134 0.000837288 0.00526653 0.00947754 -0.00220068 -0.00209654 -0.0051467 0.00483618 -0.000157865 -0.00372269 -0.0222299 -0.00771581 -0.000970024 -0.0194812 -0.01086 0.00317565 -0.00323271 0.00396107 0.00304952 -0.00265655 -0.0085727 -0.00142101 -0.00343012 -0.0027268 0.00434722 -0.00521552 -0.00201445 
-0.00311794 -0.0031755 8.02235e-05 -0.000493009 0.0140174 -0.00376026 0.00712697 0.00729187 0.0017748 -0.00555951 -0.00944605 -0.0188951 -0.0023935 -0.0144896 0.00558062 9.59415e-05 0.0121674 0.00551036 -0.0174817 -0.0128825 -0.0185149 -0.00930606 0.013221 -0.00690782 -0.0066135 -0.0154575 -0.00957116 -0.0063873 0.134002 -0.00866632 -0.00860216 0.00534011 0.000409607 -0.00817239 -0.000718294 -0.00513738 -0.00168634 -0.00208056 0.00953345 -0.000434804 -0.00411621 -0.00155855 0.00429377 0.00224604 0.00103759 0.00109841 -0.00175418 -0.000717136 -0.000369738 -0.0068306 -0.00815942 0.000405925 -0.000696077 0.00471567 0.00104408 -0.00109743 0.00143955 0.000520331 0.000351281 0.010703 0.00565356 0.000260683 -0.000264575 0.000398287 -0.0085201 -0.00261939 -0.00703881 0.00121437 -0.000807149 -0.00142854 0.000979153 0.00253722 0.00796158 0.000335453 -0.0136682 -0.0032507 0.00137846 -0.00199328 0.00047134 -0.0121719 0.00181738 -0.000950057 0.00258152 -0.00371457 0.00431953 0.00291302 0.00127176 -0.00413489 -0.00683794 0.000937075 0.00585443 -0.0036626 -0.000849522 -0.00538803 -0.000843377 0.00060501 -0.00317406 0.0170362 0.00161264 0.00242234 
0.00953361 0.000578353 0.00149614 -0.00169589 -0.0134682 -0.0113722 0.00419347 0.0104214 -0.00218657 0.0149257 -0.00279511 0.00943791 -0.000704106 0.0235264 -0.026349 -0.0123291 0.00381638 -0.0160761 0.00636201 -0.0230783 0.00361745 -0.0186134 -0.0136232 0.0188578 0.00664453 -0.00199338 -0.0152038 -6.0058e-05 -0.00866632 0.121596 0.00498287 -0.00209481 -0.0152315 0.0132914 -0.00454994 0.00745753 -0.00161394 -0.000517805 -0.0079716 -0.00570127 0.00015872 -0.0011217 -0.00245313 -0.00176513 0.000920354 0.00135299 0.00725959 -0.00130744 -0.00500951 0.00304571 -0.0056469 0.000764628 -0.00131164 -0.00381262 -0.00620381 -0.00690009 0.0003381 -0.0084009 1.47109e-05 -0.00743661 -0.0013745 -0.000342913 -0.00454989 -0.00536348 0.0130639 0.00230554 -0.00398315 -0.00185304 -0.00183103 0.00115621 0.007316 -0.00627658 -0.00382266 -0.000759883 -0.0191853 0.000756244 0.00069735 0.00117056 0.00311653 0.0175125 -0.00465845 0.00446536 0.00324137 -0.00646303 0.00187801 0.00158334 -0.00708232 0.00437779 0.00567649 -0.00554021 -0.00603924 -0.00598433 -0.000321394 0.00762868 -0.00271017 -0.000774362 0.00518534 -0.00784972 9.19285e-05 -0.00178582 
-0.000703446 0.00509468 -0.00143259 0.00534835 0.00257518 -0.00784522 -0.00643902 0.0166594 0.00111549 0.0144367 0.00126285 -0.014089 -0.00644179 0.00306708 -0.00958404 -0.0133959 -0.00456984 -0.0114167 0.0164216 -0.0146313 -0.0111759 -0.0155989 -0.00732916 -0.00868513 -0.0113811 0.00848357 -0.00637197 0.014534 -0.00860216 0.00498287 0.122501 0.0108095 0.00500642 -0.00195026 -0.000296984 0.0118492 0.0020954 0.00278817 -0.0128481 -0.000617132 -0.000940815 -0.00139913 -0.00222477 -0.000604286 4.6726e-05 -0.00216847 -0.00721178 0.00167908 -0.00328007 0.0035406 -0.00704828 0.000879322 -0.00181586 0.00245221 -0.00946491 -0.000160071 -0.00218913 -0.000443346 -0.0001991 -0.00448153 0.00254523 1.23837e-05 0.00148321 -0.00309148 0.00885813 0.00131606 -0.0024593 -0.00151908 -0.000538371 -0.000179193 -0.0014221 -0.00387171 -0.00182988 -0.000979231 -0.0122164 0.00424319 -0.000100097 0.00111222 0.00226828 0.00980981 -0.00230624 -0.00112175 -0.00571905 -0.00279062 0.00450112 -0.0074385 -0.0143179 -0.00820201 -0.000110728 0.00116441 -0.00187205 -0.00432828 0.000152294 -0.00110431 -0.00200116 0.00513963 0.00195506 -0.00272585 -0.00183881 0.000930708 
0.000803049 0.00173356 0.00196843 9.6274e-05 0.00437138 -0.00522336 -0.00571797 -0.0106702 0.00973184 -2.75025e-05 -0.00675069 -0.0135512 -0.00388242 0.0100224 -0.0216969 -0.00536837 -0.00893705 -0.00525041 0.0187668 -0.00767452 -0.00377672 -0.0207474 -0.00622149 -0.0124155 0.0065867 0.00182318 0.0124052 0.0128201 0.00534011 -0.00209481 0.0108095 0.0984959 -0.0015596 -0.00351509 -0.0091137 0.0045045 0.0022007 0.00192477 -0.00321867 -0.0027515 0.00323914 -0.00155721 -0.0018774 0.000809422 -0.00197421 -0.000401638 -0.00800041 -0.00262694 -0.00148875 -0.000532203 -0.00530305 0.000179338 0.00324297 0.00188677 -0.00381467 0.00212234 -0.00227994 -0.0012255 0.000412183 -0.000870467 -0.00136582 -5.16006e-05 -0.000343993 0.00064218 0.00285834 -0.00104826 -0.000840913 0.00104493 -0.00332536 -0.00473765 -0.00555678 0.00440713 -0.00343645 -0.0028214 0.00220448 0.00209679 0.0015811 -0.000176115 -0.00368906 -0.00322632 0.00461326 0.00195474 -0.00460429 -0.00332783 0.000627104 0.00375179 -0.0116264 -0.00129284 0.00107965 0.00136319 0.000203097 0.00367379 -0.00136555 0.000309438 0.00167055 -0.0032843 -0.00151741 -0.00199581 0.00123334 0.00014026 
-0.00533567 0.00298169 -0.00218667 0.00130303 0.0105936 0.00778898 -0.00511997 0.0175765 0.00816114 0.00201389 0.00601176 -0.000849615 -0.0110526 -0.025736 0.029437 -0.00167179 -0.0324818 0.00673036 -0.0215935 -0.00576346 -0.0037583 0.0177878 -0.00626085 -0.0114695 -0.00195706 0.0135315 -0.0129611 -0.0113003 0.000409607 -0.0152315 0.00500642 -0.0015596 0.147245 -0.00987255 0.000521809 -0.0059482 -0.00194314 -0.00326551 -0.000162888 0.00121936 -0.00293236 0.00695183 -0.00176266 0.00131922 -0.00228189 -0.000746987 -0.0122382 0.00325835 0.00440035 0.00203199 0.00782226 -0.00144039 0.000356705 0.00131585 -0.0101315 -0.010207 -0.00488633 -0.00398153 -0.000320291 -0.00114693 -0.00147225 0.00157161 0.00296459 0.00479388 -0.00668211 -0.000821348 -0.00305068 -0.00339768 0.00177546 -0.000194356 -0.00137916 0.00632536 0.00210313 0.00438061 0.00478087 -0.00637819 -0.00155833 -0.00172641 -0.0018648 -0.00662685 -0.00462441 -0.00634931 -0.00327905 -0.00494546 8.85984e-05 -0.00526381 -0.000106587 -0.0117655 0.00447423 0.00112268 0.00261012 -0.00486884 -0.00147317 -0.00637381 -0.00382401 -0.0015722 0.00153693 -0.000239038 -0.0029254 -0.00198411 
0.000256171 0.000723494 -0.00296909 0.000999926 -0.00904215 -0.0082501 0.000163163 -0.00500178 -0.000115417 -0.00182261 -0.00230863 0.0095254 -0.00652709 0.00107855 -0.0176313 0.00123025 0.00890308 -0.00817746 -0.000388446 -0.00938977 0.000263477 -0.0160557 -0.00430042 0.00806022 -0.00471032 0.00614566 0.00186895 -0.00176563 -0.00817239 0.0132914 -0.00195026 -0.00351509 -0.00987255 0.0956614 -0.00625205 0.000153789 -0.000736738 0.00128874 -0.000831046 -0.00252902 0.00286605 -0.00364718 -0.000765316 -0.000676817 0.000773561 -0.00106164 0.00389492 0.00135198 -0.00141966 9.93116e-05 -0.000689469 -4.7273e-05 -0.00129892 -0.0026201 -0.00268104 -0.000404039 2.26662e-05 0.0025334 0.000328491 -0.00236259 -0.00389661 0.000343383 -0.00127841 -0.00257187 0.00328313 0.00226791 -0.00371934 0.000147403 0.00286587 0.0070524 0.00145224 0.00606582 -0.00153622 0.00206117 -0.00548772 0.00398254 0.000937145 0.00293374 -0.000389472 0.00328682 -0.000765243 0.00176496 0.000984516 -0.004454 -0.000827294 -0.00266875 -0.000332432 -0.00625151 -0.00192211 -0.000630198 -0.00322879 -0.00589633 -0.00115699 0.00181962 0.000309711 -0.00273098 0.00136728 -0.00322463 -4.58249e-05 -0.00140585 
