0.0468637 -0.00164937 0.000397414 0.00262068 0.00209921 -0.00299472 -0.00515758 0.00061187 0.00143029 0.00100633 -0.000215059 -0.00194273 -0.00108937 0.00406584 -0.00114339 -0.00270464 -0.00332735 -0.00873229 -0.000836789 -5.11354e-05 0.00323606 -0.00137921 -0.00309858 0.00499427 -0.00662563 -0.000219823 0.00227362 0.00235447 -0.00242344 -0.00630806 -0.00268459 0.00212652 -0.00275706 -0.00219783 -0.000751821 0.00554232 -0.000935713 0.000148333 0.000421912 -0.000152956 -0.000968536 -0.000563566 0.000791795 -0.00200912 -0.000397244 -3.79241e-05 -0.000969631 0.000829086 0.00138683 -0.000304982 4.85296e-05 0.00108272 0.000346083 -0.00115149 -0.00133779 0.000220784 0.00165071 -0.000312184 -0.000498558 9.39936e-05 -0.000777221 -0.000113017 0.000391763 -0.000697691 0.000153364 2.74125e-05 -0.00205994 -0.000549607 -0.00113398 -0.000523986 0.000266827 0.00101278 -0.00134734 0.000312563 -0.00473418 0.000803149 -0.00110999 -0.000592536 -0.000309745 -0.000848622 0.00076193 -0.00200308 0.00181522 0.00173342 -0.00107607 0.000164562 0.00109049 -0.000756561 -0.00137594 0.00316974 0.000243476 4.24469e-05 -0.000513012 0.000361703 -0.00342064 -0.00593262 0.00153605 -0.00177543 -0.00150496 0.00055605 
-0.00164937 0.242362 0.00146921 -0.00817906 0.00173973 -0.0103495 -0.00562538 -0.00497042 -0.0168692 -0.00678572 -0.010089 0.00876365 -0.0383289 -0.00703807 0.00780771 0.0135242 0.0110293 0.00344453 -0.0270469 0.017313 0.0141051 -0.0256298 -0.000556706 0.0252655 0.0165902 -0.00821732 -0.0267435 -0.00395613 -0.00747719 0.0111663 0.0170202 -0.00107888 -0.00354026 -0.0013072 0.00148971 0.00358468 -0.00538063 0.0083185 -0.00119555 -0.000706592 -0.00523486 -0.0102412 -0.00917654 0.000933351 -0.0038634 -0.00333698 -0.0155871 -0.0015407 -0.011279 0.00421487 -0.00152451 -0.00140745 -0.000683926 -0.00724133 -0.00055813 -0.00369047 -0.0044158 0.00261306 -0.001946 0.00179843 -0.0045419 -0.00867743 -0.0055471 0.00400242 -0.00195762 -0.00420755 -0.00930708 -0.00029601 0.00345715 -0.0199841 -0.00522925 -0.00021674 -0.00829552 -0.00255329 -0.0164353 0.00453583 -0.002925 -0.00189902 -0.003943 -0.000241527 0.00540382 0.00670437 -0.0234759 -0.0119972 0.00313136 0.000187177 -0.00139315 -0.00210338 -0.000428607 0.0103027 0.00512794 0.00176778 -0.0050046 -0.00627751 -0.00501331 0.00976414 -0.000582436 -0.00303001 -0.00603249 -0.0028929 
0.000397414 0.00146921 0.0740791 0.0014945 0.00062493 0.00123725 -0.00489548 -0.00103537 0.000549973 -0.00313995 -0.000949043 -0.00173654 -0.0108502 -0.00627105 -0.00318028 -0.00760135 -0.00417879 0.00296952 -0.00299612 -0.00794575 0.00204564 -0.00719456 -0.0105276 0.00218558 -0.00399838 -0.00337445 -0.00323546 0.00489035 -0.00488683 -0.00541744 -0.00870329 0.000547562 0.00763882 -0.00196478 0.000774495 0.00190603 -0.00102202 -0.00128933 -0.00237582 0.00238885 -0.00401173 0.0034765 -0.000815924 -0.00171829 -0.000985231 0.00157999 -0.000571646 -3.75249e-05 -0.000282749 -0.000185799 -0.00110549 -0.00030172 -0.000170054 0.000466668 4.57308e-05 2.30904e-05 0.00137012 1.29543e-05 0.00136357 -0.00133257 -0.000609931 0.00500563 -0.000114036 -0.00137216 0.00105077 0.00152882 0.000107221 0.00276044 0.00373449 5.64863e-05 0.00403602 -0.00139908 -0.000177166 -0.00033883 0.00114644 0.000323209 -0.000871486 -0.000841835 -0.000134121 -0.00515723 -0.00125386 0.00143006 -0.00198202 0.00131273 0.00328572 -0.000327425 0.00192741 0.000624039 0.00275059 0.000254598 0.000462232 -0.00390464 0.00469989 -0.00101492 -0.00528544 -0.0087837 0.00353943 -0.00179608 -0.000701922 0.00278049 
0.00262068 -0.00817906 0.0014945 0.0661449 -0.00261989 0.00670271 -0.00180001 -0.00262817 -0.00409752 -0.000884435 -0.00254076 -0.00767279 0.00247094 -0.000281902 -0.00373398 -0.00177853 0.00674894 -0.0185487 0.00069716 -0.00271114 0.00196741 0.00615384 -0.00581437 -0.013604 -0.00428568 0.0021362 0.00394067 0.000305094 0.00275557 -0.00596159 -0.00347571 -0.00311856 0.000108821 0.00118307 1.34998e-05 0.0011246 -0.00128667 -0.00348058 4.42354e-06 -9.30403e-06 0.00235204 0.000773408 -0.00502004 -0.00213076 -0.000449143 0.000712201 -0.00285605 0.000418887 0.00358498 -0.000891365 0.000826762 0.000557272 -0.000350858 7.61387e-05 -0.000402727 0.000753797 -0.00122317 -0.00129568 -0.000607531 0.00175231 -0.000752395 -0.000916247 0.00187014 -0.000298471 -0.000452566 -0.000646884 0.000120392 -0.00344813 -0.00167664 0.00531904 0.00198319 -0.000823274 0.000667451 -0.00119049 -0.0021231 0.00135996 -0.000979585 -0.000540112 0.000599796 -0.000237067 -0.00118609 -0.000484607 0.0104988 0.0107414 -0.00447213 -0.000114839 -0.00145348 0.000514711 -0.00180071 -0.00204525 0.00430145 -0.00515606 -0.00121799 0.00484885 0.00335123 -0.0114485 8.62566e-05 -0.00482623 -0.00153184 -0.0010802 
0.00209921 0.00173973 0.00062493 -0.00261989 0.0613061 -0.00828553 -0.00328525 0.00867901 -0.00192236 0.00443273 0.00218924 0.000426542 0.00398365 -0.00757033 -0.00435396 -0.0129035 -0.00739472 -0.00356178 -0.010086 0.000341952 0.0040283 -0.0140475 -0.0026167 0.0171807 -0.00490474 0.002539 -0.00455845 0.00351099 -0.00316924 -0.00829016 -0.00898045 0.00647457 -0.000892018 -0.00134492 -0.000699702 0.00760793 0.000157901 0.000683525 0.000232765 -0.000503317 -0.00376111 -0.00133622 0.00675813 -0.000122026 0.00075544 8.68583e-05 0.00510168 0.000448668 -0.00284209 -8.16341e-05 0.000752523 -0.000116689 -0.00104407 -0.00319271 7.27846e-05 0.000218057 -0.00120204 -0.00041086 0.000831971 0.00178372 6.28719e-05 -0.00260763 -0.00169392 0.00114877 0.000469648 8.76799e-05 -0.00288722 0.0025789 -0.00237591 0.000855332 -0.00146648 0.000473393 -0.000960496 0.00261799 0.00723319 8.85661e-05 0.000833523 -0.000761579 0.000930036 -0.00646015 0.000228823 -0.002166 -0.00989846 -0.00127596 -0.00256049 -0.000796093 0.00128324 -0.000760457 -0.000108476 0.00109766 -0.00250094 -0.00120519 0.000579077 0.00246345 -0.00257407 -0.00200605 -0.00191655 0.00140436 4.66874e-05 0.00355031 
-0.00299472 -0.0103495 0.00123725 0.00670271 -0.00828553 0.151979 -0.00193968 -0.0071514 -0.00644696 -0.0132727 -0.0133128 -0.0169219 -0.00088146 0.013121 -0.00348966 -0.0186632 -0.00370296 -0.00186898 0.0121045 -0.00251341 -0.0245422 0.0392464 0.00117144 -0.0291658 0.00589805 -0.00417195 -0.00492002 -0.00415025 2.82235e-05 -0.00288976 0.0133906 -0.00976902 0.0038911 0.00949214 0.00022368 -0.00836584 0.00373628 0.00412518 -0.001079 -0.00377182 0.0041013 0.00404256 -0.011787 -0.0131113 -0.00173467 0.000798874 0.00262544 -0.000319385 -0.00164111 -0.00186621 -0.00220862 0.000805779 0.000388921 0.0130645 -0.00102702 -0.000977641 -0.00327934 0.000486929 -0.000825195 -0.00702229 -0.00140058 -0.00320745 0.00315459 -0.00181486 -0.000151703 -0.00410746 2.35022e-05 -0.00568969 -0.00389122 -0.00262178 -0.000319321 0.00613909 0.000781266 -0.00207595 -0.000568323 -0.00459004 -0.00383223 0.00125319 -0.00261753 -0.00618111 0.00733783 -0.000590408 0.0155971 -0.0047694 0.00140335 -0.00102175 -0.00583114 -0.000993294 -0.00155723 -0.00133185 -0.00354596 -0.0148563 -0.00134016 -0.00271034 0.00607697 0.00785161 0.00249195 -0.00964151 -0.000523495 -0.00257015 
-0.00515758 -0.00562538 -0.00489548 -0.00180001 -0.00328525 -0.00193968 0.139122 0.00435469 -0.00306278 -0.00452615 0.00213974 0.0107763 -0.01359 -0.0320873 0.00330006 0.0064853 0.0133305 0.0214173 -0.0243719 -0.00702773 0.000142174 -0.0182567 0.00626579 -0.000529912 0.017066 -0.00032754 -0.00654507 -0.0153253 -0.00653698 -0.0155237 -0.0165731 -0.00690329 -0.00531492 -0.00118472 0.0015129 -0.00687464 -0.00343497 -0.000111443 0.000567943 0.00153409 0.00554434 -0.0032282 -0.00231597 -0.00471416 -6.54672e-05 -0.00151319 -0.000101238 0.000413828 -0.0020975 -0.00280004 -0.00109594 -0.00151847 0.00197212 0.00454183 -0.00429389 -0.000372863 -0.00394645 -5.8121e-05 -0.00155587 -0.00339538 0.0011115 0.00281615 0.00659593 -0.000322283 0.000402044 0.00188094 0.00581412 0.00331672 0.00354249 0.00522295 -0.000804766 -0.00120432 8.81051e-05 -0.000201856 0.0104912 0.000442906 -0.00347712 -0.00222501 0.00251239 -0.00941679 0.00892433 0.00526535 -0.0273728 -0.00561695 -0.00900822 -0.000630346 -0.00186747 -0.00128701 0.00136151 -0.000756848 -0.00467063 0.00453557 0.0044991 -0.00899484 -0.00286153 0.00490686 0.000603584 0.00803431 0.00340306 -0.00165513 
0.00061187 -0.00497042 -0.00103537 -0.00262817 0.00867901 -0.0071514 0.00435469 0.12402 0.0041062 0.00440537 -0.0084255 0.0122865 0.00131293 -0.0081319 -0.004825 -0.0108505 0.00674686 -0.00643693 -0.0345652 -0.000571543 -0.00521608 -0.0168615 0.0014781 0.0156497 0.00691798 0.017198 -0.00137206 -0.0101615 -0.00592439 -0.0181922 0.00129872 0.000960671 -0.00348917 -0.00199975 -0.00149253 -0.00251163 -0.00418226 -0.00472524 -0.00537588 0.000850137 0.000118247 -0.00452334 0.0103131 -0.00117705 -0.00212 -0.00139035 0.00821727 -0.000488459 -0.00496141 -7.91005e-05 -0.00140526 -0.00127111 -0.003118 -0.00320191 -0.00592632 0.00143169 0.000789245 -0.00102464 0.00119344 -0.000843441 -0.00120392 -0.00311532 -0.00222062 6.92686e-05 5.30812e-05 0.00302385 -0.0052237 -0.0044872 -0.000818428 0.000264155 -0.000193145 -0.00210486 -0.00403144 0.000338601 0.00397611 -0.00215609 -0.00402646 2.22973e-05 0.000275569 -0.00859078 -0.00372995 -0.00530326 -0.010746 -0.000614762 -0.00296254 0.0039322 0.000513275 0.000471826 0.00100467 0.00387353 -0.00557545 0.00495509 0.00269448 -0.00190502 -0.00402004 -0.00211234 -0.000142588 0.0166441 0.00547021 -0.00261178 
0.00143029 -0.0168692 0.000549973 -0.00409752 -0.00192236 -0.00644696 -0.00306278 0.0041062 0.118171 0.00238634 0.00847274 -0.00805011 -0.0146028 -0.00165918 0.0120393 -0.000147803 0.00114741 -0.00788865 0.00377458 0.00879454 -0.0119257 -0.0196459 -0.018368 -0.0017401 -0.00304847 -0.000748127 0.0108507 0.00651849 0.00174764 0.00961315 -0.00670295 -0.00110588 0.00273965 -0.00504681 -0.00218459 -0.00913382 -0.0022092 -0.00470746 -0.00116017 0.00130056 -0.00164428 -0.00166371 -0.00803042 -0.000164964 -0.00119607 0.000779768 0.00317744 0.00022942 -0.000797044 -0.000855334 -0.000466606 -0.00217632 -0.00204794 -0.00529452 -0.00268218 -0.000533598 -0.0036065 -0.00158047 -0.000521026 0.00156489 0.00168719 0.000976612 0.000702618 0.000130372 -0.000333583 -0.00113015 0.00164365 -0.00260397 -0.00291222 -0.00147323 -5.91381e-05 -0.00463379 -0.000497556 0.00314729 -0.000192614 -0.00202503 0.00634793 0.000372336 0.000377301 0.0039077 0.00307101 -0.00396657 -0.00234292 0.00313452 0.00562473 0.00171289 -0.00128511 -0.00223745 -0.00468409 0.00176797 -0.00675582 0.00970371 -0.000955615 -0.00175353 -0.000372912 -0.0254057 0.00333984 0.000674602 -0.000367037 0.00400763 
0.00100633 -0.00678572 -0.00313995 -0.000884435 0.00443273 -0.0132727 -0.00452615 0.00440537 0.00238634 0.0878861 0.00580856 0.0159958 0.00222523 -0.0111747 0.00237478 -0.00563872 -0.012359 -0.00316661 -0.00175018 -0.00386122 0.00349794 -0.0204416 0.00275817 0.00890329 -0.011044 -0.000945191 0.00591626 -0.00129855 0.00455035 0.00726454 -0.0181753 0.00373727 -0.00437676 -0.00162151 0.00112812 -0.000672428 0.000480927 -0.010415 -0.00114992 0.00120826 -0.000818984 -0.00168956 0.00547884 0.000983185 -0.000154481 -0.00117772 -0.000854389 0.000232569 0.00587435 -8.31683e-05 0.000123637 -0.000625944 -0.00120973 -0.00479992 -0.00226451 -0.00335541 0.00113612 -6.38497e-05 0.0016402 0.000524861 -0.00160501 -0.00290117 -0.000674308 -0.000123553 0.000222825 -0.000446853 -9.8192e-05 -0.00144382 0.0020222 -0.00210176 -0.000643271 -0.00253898 -0.00259568 -0.000157944 0.000233743 0.00271472 -0.000539965 -0.000949955 0.00246999 0.00725214 0.00172577 -0.00429084 -0.0089593 -0.00247578 -0.00293946 -0.000228736 0.00183784 0.00216637 -0.00161292 -0.0041124 -0.00244197 0.0072361 -0.000783595 0.000562817 -0.00191575 -0.0100765 -0.00222758 0.00160141 -0.00172536 0.00240187 
-0.000215059 -0.010089 -0.000949043 -0.00254076 0.00218924 -0.0133128 0.00213974 -0.0084255 0.00847274 0.00580856 0.138575 -0.00627446 -0.00616005 -0.0109632 0.00572278 -0.00771265 -0.0253668 0.0241382 6.16658e-05 -0.00428539 0.00698128 -0.00391596 0.00163232 0.00330557 -0.0199095 -0.00600579 0.00667337 -0.0174475 -0.00542799 0.000800656 -0.0155652 -0.00548251 -0.00336912 -0.00159518 -0.00262731 -0.00467962 -0.00568385 -0.00938468 0.00418969 0.000268748 -0.00909637 -0.000927705 -0.00141847 0.00329815 0.00341785 0.00116042 -0.00508341 -0.000576071 0.000875882 0.000272878 0.00175426 -0.0010817 -0.00245576 -0.0059249 0.001308 0.00324942 -0.00382415 -0.000430206 0.000967965 0.00161326 -0.000659065 -0.000208427 0.000517417 0.00174105 -0.000335456 -0.00152805 0.00624629 0.00549753 0.00185459 -0.00160098 0.00265164 0.000338496 0.00703923 0.000906657 -0.00721378 0.00080352 0.000710447 -0.0011301 0.00440282 -3.4158e-06 -0.0031514 -0.00490279 -0.00841132 -0.00313334 0.0144103 -0.00344538 -0.00150919 0.00615285 -0.000562355 0.00130435 -0.00179107 0.000263142 -0.00110384 -0.00190338 0.000459091 -0.0170052 -0.000660158 0.00604015 -0.00361133 0.00186028 
-0.00194273 0.00876365 -0.00173654 -0.00767279 0.000426542 -0.0169219 0.0107763 0.0122865 -0.00805011 0.0159958 -0.00627446 0.156837 -0.0189065 -0.0197479 -0.00025803 0.0137592 0.00677792 0.0198587 -0.0210268 -0.00410805 0.0117231 -0.0249706 -0.0144332 0.0031175 -0.00152516 0.00678471 0.00241365 -0.0147257 -0.00252378 -0.0111076 -0.0014576 -0.00289065 -0.0103983 0.00148624 -0.000952994 -0.00472032 -0.00293016 -0.00939837 -0.00292173 -0.00245782 0.00579326 -0.00383074 0.00878553 -0.000926738 -0.0030649 -0.00309923 0.000259017 0.000303556 0.00186767 -0.00386201 -0.000556351 -0.000528585 -0.00182757 -0.00571001 -0.00610111 -0.00468214 -0.000586468 -0.00053197 6.22125e-05 0.00152127 -0.00340833 -0.00494382 0.00150751 -0.00124647 0.000969272 -0.000207398 -0.00651064 -0.00593272 0.0032056 -0.00684628 0.00133037 -0.00446544 -0.00379816 -0.00111154 -0.00244415 0.00344358 -0.00164234 -0.00260734 0.00199251 -0.00509101 0.00647598 -0.00246888 -0.0244691 -0.00874764 -0.00387653 -0.00200445 0.00109712 0.00744226 -0.00263834 -0.00338736 -0.0111899 0.0229178 0.00671535 -0.00557564 -0.00132704 0.0123483 0.000898548 0.0105457 -0.00275976 -0.00242192 
-0.00108937 -0.0383289 -0.0108502 0.00247094 0.00398365 -0.00088146 -0.01359 0.00131293 -0.0146028 0.00222523 -0.00616005 -0.0189065 0.24967 0.0159664 -0.0204808 -0.0235381 -0.0211819 -0.0191181 0.0106708 -0.0238041 0.00766716 0.0385181 0.0252397 0.0156846 -0.00529361 0.00327849 -0.00541282 0.0214802 0.00812739 -0.00833046 -0.0010791 -0.0022138 -0.00592714 0.000981175 -0.00788369 0.0190637 0.00363 -0.00354889 -0.00653739 -0.00667088 -0.0104211 0.0052995 0.0153605 0.00174041 -0.00363899 -0.0029129 0.0034238 -0.00325719 0.00609074 -0.00470418 -0.0047145 0.00140814 -0.00754953 0.00807248 0.00564519 -0.00131877 0.000953103 -0.00905358 -0.000432062 -0.00240325 -0.00414735 -0.0249968 -0.00728297 -0.00657306 0.000861209 0.000717543 0.0056369 0.00241209 -0.0138042 0.0061336 -0.00659676 0.00017105 -0.00355198 -0.00427364 0.00935776 -0.00227329 -0.00546294 -0.00553832 -0.00558807 -0.0140931 -0.0144926 -0.00500319 -0.00180936 -0.00239636 -0.0349615 -0.00515218 0.00131278 -0.00136944 -0.0054396 0.00141218 -0.007965 -0.0229078 -0.00644945 0.00870098 -0.00116655 0.0235599 -0.00521822 -0.00143377 0.00161921 -0.00407597 
0.00406584 -0.00703807 -0.00627105 -0.000281902 -0.00757033 0.013121 -0.0320873 -0.0081319 -0.00165918 -0.0111747 -0.0109632 -0.0197479 0.0159664 0.235471 -0.0131301 0.0045427 -0.000184956 0.00256607 0.0124896 0.00517462 -0.00303238 0.0283328 0.0188742 -0.0357483 -0.0164096 -0.00492944 -0.010563 -0.00487465 -0.00359488 0.000252179 0.0210328 -0.00463719 0.00176015 0.000591877 -0.00554944 -0.0036992 -0.000962656 0.0187765 -0.0085007 -0.00684631 -0.0110373 -0.00184358 -0.00210056 0.00500769 -0.00096611 -0.00454709 -0.00222948 -0.00134392 0.00511803 -0.00319023 0.00523996 0.00276867 -0.00374413 -0.000787179 -0.0068283 -0.00409189 -0.00427794 -0.00363266 -0.00266062 -0.00634512 -0.00692159 0.00087039 -0.0024724 -0.00306033 -0.00102703 -0.00651216 -0.00461201 -0.00961865 -0.00492385 -0.00644294 -0.00641767 -0.00548523 -0.00342351 -0.00344799 -0.0136077 -0.0059053 0.0011484 0.00133897 -0.00575408 -0.00158731 -0.00413402 0.0018077 0.0158214 0.0112542 0.00812873 -0.0058454 -0.00483624 -0.00361592 -0.00589541 0.0113808 -0.00764145 0.000343221 -0.0114917 -0.00730977 -0.00132522 0.0186712 -0.00725921 -0.0218239 -0.00781647 -0.0044879 
-0.00114339 0.00780771 -0.00318028 -0.00373398 -0.00435396 -0.00348966 0.00330006 -0.004825 0.0120393 0.00237478 0.00572278 -0.00025803 -0.0204808 -0.0131301 0.145531 -0.00216574 0.00913675 -0.0231972 0.00271819 -0.00984038 -0.0184984 -0.0202675 0.0100812 -0.0188595 0.00315345 -0.00736764 0.0109471 -0.0168402 0.00810798 0.0201473 -0.00222918 -0.00845685 0.0113454 -0.0062409 0.00446872 -0.00810811 0.00248664 -0.00836619 -0.00114313 0.00284996 0.0068469 -0.00425538 -0.0215673 0.00381447 0.000917772 -0.000587752 -0.00191969 -0.000363019 -0.00329401 0.000250379 0.000466094 1.79625e-05 -0.00334796 -0.00632078 2.85458e-05 -0.00538492 -0.000875915 0.00190547 -0.000946859 0.00752276 0.00585798 0.00368403 -0.000517586 0.000506254 -0.00134228 0.00844535 -0.00106436 -0.000483682 -0.00109999 -0.00498223 0.00729253 -0.00274899 0.00161729 -0.000401176 -0.00541261 0.00135559 0.0017192 -0.00243362 0.00263086 0.00750733 0.00153476 0.00422141 -0.00924336 -0.00206364 -0.00597638 0.00228268 -0.00393669 -0.000982245 -0.00263896 -0.00781404 -0.00265836 0.00933892 -0.000367757 -0.00286128 -0.00730768 -0.0201191 -0.000690106 0.00319415 -0.00279411 -0.000196342 
-0.00270464 0.0135242 -0.00760135 -0.00177853 -0.0129035 -0.0186632 0.0064853 -0.0108505 -0.000147803 -0.00563872 -0.00771265 0.0137592 -0.0235381 0.0045427 -0.00216574 0.235677 0.0564994 -0.000301204 -0.0116988 -0.00634465 0.00617988 -0.0127833 0.00721476 -0.0412243 -0.0296196 -0.00873699 0.00492126 -0.0136579 -0.0174101 -0.0241195 0.0224244 -0.000323308 -0.0123886 -0.00116259 -0.00223386 -0.0107536 -0.00205565 0.00545247 0.00567829 -0.00505424 0.00136326 -0.0106624 -0.000906103 0.0125387 0.000728974 -0.00190261 -0.00791454 -0.0011562 0.0067512 -0.0027407 0.00423999 0.00152854 -0.00103381 0.00483856 -0.0101691 0.00584133 -0.00583133 -0.00713042 -0.00489405 0.00318448 -0.00307447 0.00256618 -0.00654261 0.000581279 -0.00155031 -0.00499402 0.00526055 -0.000844494 0.0062538 0.000478876 -0.00487504 -0.00260092 -0.0082976 -0.00134334 -0.023306 -0.00508081 -0.00308885 -0.00435399 -0.00295263 0.0152757 -0.00610691 -0.000401946 0.0209201 0.00152276 -0.00778664 -0.000477406 -0.000594955 0.00138261 -0.00683161 -0.0191594 -0.00919548 0.020521 -0.0062807 -0.0098369 0.00286827 0.0148495 -0.00998287 -0.00409528 -0.00660525 -0.00767975 
-0.00332735 0.0110293 -0.00417879 0.00674894 -0.00739472 -0.00370296 0.0133305 0.00674686 0.00114741 -0.012359 -0.0253668 0.00677792 -0.0211819 -0.000184956 0.00913675 0.0564994 0.238118 -0.0130572 -0.0202199 0.0169006 -0.00222813 -0.0165491 0.00387182 -0.0341722 -0.00851645 -0.0147712 -0.0184822 -0.0163837 -0.00786475 -0.0295281 0.0339831 -0.00621401 -0.00908756 -0.00397719 -0.00221754 -0.00432577 -0.00334138 0.0115052 0.00173788 -0.00684178 -0.00216167 -0.00428272 0.00595504 0.00607628 -0.00265954 0.00052202 0.000503277 -0.000813193 -0.00836564 -0.0033095 0.000946123 -0.00426265 0.0028222 0.00335958 -0.0122354 -0.00315335 -0.00751932 -0.00611955 -0.00215878 0.00248893 0.00336351 0.00371294 -0.000748548 -0.0074695 0.000277642 -0.00587052 -0.00845454 -0.00550523 0.00347563 0.00136159 0.00131534 -0.00670603 -0.00890052 -0.00606452 -0.0023141 -0.00276227 -0.00237725 -0.00483786 -0.00592232 0.0142963 0.00335808 0.0044704 0.0137007 0.011184 -0.00874151 0.00605164 -0.00222201 -0.00397965 -0.00468819 -0.0262673 -0.00416174 0.000971472 0.00387924 -0.0135547 -0.00901595 0.00873879 -0.00429408 -0.0137045 -0.00302623 -0.00625922 
-0.00873229 0.00344453 0.00296952 -0.0185487 -0.00356178 -0.00186898 0.0214173 -0.00643693 -0.00788865 -0.00316661 0.0241382 0.0198587 -0.0191181 0.00256607 -0.0231972 -0.000301204 -0.0130572 0.247837 -0.0341678 -0.00765561 0.0217839 -0.000280352 -0.0111842 0.00838777 0.000743986 -0.01341 -0.0184957 -0.0161096 -0.0148321 -0.00947432 -0.0173528 0.000960241 -0.0189091 -0.000652428 -0.00573018 -0.00741946 -0.0152406 -0.00435642 7.20202e-05 -0.00216461 -0.00141269 -0.000698722 0.0225213 -0.00326276 0.00226465 -0.00193716 0.00128861 7.96581e-05 0.000996894 0.00303069 -0.0030305 -0.00309888 -0.001712 0.00485095 -0.0104942 -0.00625861 -0.0104576 0.00162148 -0.00175795 -0.00910142 -0.00800662 0.00653163 0.0054709 -0.00116338 0.000538731 -0.00841781 -0.00654962 -0.00277856 0.00930085 0.0092471 -0.00450978 -0.0031954 0.00542896 0.000578302 0.000366321 -0.00256091 -0.00547618 -0.00582994 0.000787465 -0.000235475 0.0115183 0.00221438 -0.0232256 -0.010874 0.0299911 -0.00593484 -0.00195354 0.00932308 -0.00229015 0.0102003 -0.00842332 -0.00338492 0.000761975 -0.0191104 -0.0142484 0.0230913 -0.00464403 -0.00649325 -0.0123971 0.00205371 
-0.000836789 -0.0270469 -0.00299612 0.00069716 -0.010086 0.0121045 -0.0243719 -0.0345652 0.00377458 -0.00175018 6.16658e-05 -0.0210268 0.0106708 0.0124896 0.00271819 -0.0116988 -0.0202199 -0.0341678 0.241605 -0.00828631 -0.00792593 0.0232976 -0.0145217 -0.0347506 -0.0275284 -0.018464 0.00812093 0.0138548 0.0103678 0.0258156 0.0319801 0.000694688 0.00754138 -0.00524469 0.000916462 0.00260364 0.0089933 -0.00205089 0.000243481 -0.00451367 0.00699587 0.00782888 -0.0114935 -0.0066593 0.00115516 -0.00648233 -0.0107298 0.000439483 -0.000334709 -0.00206105 -0.0018744 0.00117833 0.00428523 -0.00701001 0.0140698 0.000321937 0.00489429 -0.00141828 -0.0040604 -0.00956575 -0.00426179 -0.00150633 -0.000733387 -0.00375752 -0.00183898 -0.00638003 0.00204215 0.00548099 -0.00527781 -0.00317802 -0.00403622 0.00507465 0.00262464 -0.00271282 -0.0121632 -0.00607717 0.00388133 0.00619659 -0.00276527 0.020861 -0.0175692 -0.00778269 0.0459649 0.00164976 -0.00122351 -0.00712131 -0.00855429 -0.00825726 -0.00418696 -0.0104661 -0.00238615 -0.00596072 -0.0141786 0.00368465 0.0113256 -0.0354964 0.00469334 -0.0225611 -8.1649e-05 0.00105656 
-5.11354e-05 0.017313 -0.00794575 -0.00271114 0.000341952 -0.00251341 -0.00702773 -0.000571543 0.00879454 -0.00386122 -0.00428539 -0.00410805 -0.0238041 0.00517462 -0.00984038 -0.00634465 0.0169006 -0.00765561 -0.00828631 0.243343 -0.0275441 0.023873 -0.00729281 -0.00266734 0.0183287 -0.0272606 -0.000180942 -0.0267862 0.00650969 -0.00722899 0.0149055 -0.00653463 -0.00552066 0.00391583 -0.00559682 0.00210242 0.00376161 0.011815 -0.00135822 0.000854809 -0.0070369 -0.003962 -0.0185562 -0.0243108 0.000966582 0.00159409 -0.00524713 -0.00249049 -0.0012905 0.00663908 -0.00478951 -0.0037057 0.00941039 -0.00308625 -0.00726075 -0.00373928 -0.00594672 6.144e-05 -0.000720129 0.010912 0.00175492 -0.00912511 -0.00185726 0.000354362 -0.0011421 -0.00358106 -0.0142738 -0.0167286 -0.00572394 -0.0224831 0.00590326 0.000194802 -0.00438061 0.000598797 -0.00425571 -0.00184352 0.00556386 0.00146653 -0.00278051 -0.0125257 0.00828808 -0.00508574 0.00658768 0.00863007 -0.011457 -0.00355798 -0.00833341 -0.0106559 -0.00629399 -0.00565802 0.00486214 -0.0136522 -0.000880788 -0.00767702 -0.00142004 0.00701722 0.00358012 0.00714489 0.00370064 0.00132774 
0.00323606 0.0141051 0.00204564 0.00196741 0.0040283 -0.0245422 0.000142174 -0.00521608 -0.0119257 0.00349794 0.00698128 0.0117231 0.00766716 -0.00303238 -0.0184984 0.00617988 -0.00222813 0.0217839 -0.00792593 -0.0275441 0.240459 -0.0487734 -0.00953713 -0.0118551 -0.0183902 0.021557 -0.0193966 -0.0296517 -0.019351 -0.0238589 -0.00670677 0.00740353 -0.00896734 -0.00618454 -0.00105364 0.0056304 -0.0082426 -0.0100383 0.0043382 0.00184536 -0.000430784 0.00237318 0.0430881 0.0107269 0.00105845 -0.00144195 -0.0127039 0.00125693 -0.00350599 -0.00033012 0.000758933 -0.000769869 -0.00214742 -0.0079746 0.00171836 -0.00494457 0.0121573 -0.00227502 -0.00215405 -0.0103663 -0.000549653 0.00118695 -0.0101719 -5.51661e-05 -0.00207044 0.00285189 -0.0106049 0.00631429 -0.00241964 0.0201961 -0.00430684 -0.00470873 -0.00392486 0.000828472 0.000454609 -0.001364 -0.00412538 -0.00628566 0.00148814 -0.000132314 -0.0218657 -0.00034121 -0.0120626 0.00379783 0.00158034 -0.00633502 0.00187985 0.00692009 0.00707158 -0.0153492 0.0114275 0.0159447 -0.0038355 -0.00225588 0.00665021 -0.0139844 -0.00742683 -0.0186485 -0.00380017 0.00226738 
-0.00137921 -0.0256298 -0.00719456 0.00615384 -0.0140475 0.0392464 -0.0182567 -0.0168615 -0.0196459 -0.0204416 -0.00391596 -0.0249706 0.0385181 0.0283328 -0.0202675 -0.0127833 -0.0165491 -0.000280352 0.0232976 0.023873 -0.0487734 0.24987 -0.00777879 -0.0280299 -0.0241946 -0.0230826 -0.00463489 -2.52758e-05 0.00611791 -0.00176953 0.0415582 -0.01855 3.07256e-05 0.0114158 -0.00404624 -0.00156374 0.000179581 0.00698006 -0.00591396 -0.00979843 -0.0100009 0.00850663 -0.0229519 -0.0178816 -0.00160365 0.000507759 -0.000932283 -0.00133949 0.00449518 -0.00465648 -0.00282204 0.00364913 -0.0016774 0.00535497 -0.00232791 0.0060654 -0.00999394 -0.00186664 -0.00179549 0.00497981 -0.00205441 -0.0123067 -0.000860509 -0.00369099 0.000579365 -0.00786268 -0.0023682 -0.0118848 -0.00257305 0.000114245 0.0014867 0.0064843 0.00594183 -0.00241889 -0.017618 -0.00374781 -0.0031435 0.00237528 -0.00561344 -0.0105928 -0.00154802 0.000621446 0.0359317 0.00132923 -0.00684252 -0.00704053 -0.00885967 -0.00502221 -0.000361026 0.00759565 0.000538157 -0.0319441 -0.0032134 0.00314677 0.0160508 0.0272998 -0.000662932 0.00148907 -0.00319878 -0.00445374 
-0.00309858 -0.000556706 -0.0105276 -0.00581437 -0.0026167 0.00117144 0.00626579 0.0014781 -0.018368 0.00275817 0.00163232 -0.0144332 0.0252397 0.0188742 0.0100812 0.00721476 0.00387182 -0.0111842 -0.0145217 -0.00729281 -0.00953713 -0.00777879 0.248977 0.00113798 -0.0114646 -0.000938615 -0.00744354 -0.00538091 -0.00331232 0.00344028 -0.0028977 -0.0100322 -0.00488814 -0.00523788 -0.00477071 -0.0234457 -0.00823243 0.00938176 -0.00817437 0.000646546 0.00338254 -0.00883374 -0.00529292 0.00234447 -0.000617619 -0.00109207 -0.00474908 -0.00243565 0.00396116 0.0023937 -0.00118719 0.000881346 -0.00106833 0.0128424 -0.00428661 -0.000699282 0.00820954 -0.00205886 0.000377999 -0.00156954 0.00100573 -0.00892894 -0.0031271 -0.00271288 -0.000561613 0.00190815 -0.0064651 0.00223826 -0.00440054 0.0001282 -0.00113265 0.000295205 -0.00650819 -0.00514469 -0.00770879 -0.0041246 -0.00250692 -0.0020993 -0.00236197 -0.00621877 -0.000283558 0.00170162 -0.0382097 0.00764299 -0.0133328 0.00185092 0.00383121 -0.0129295 0.00715666 -0.0115668 -0.00511094 -0.00386119 -0.00778738 -0.0045273 -0.0170682 0.0234665 -0.00766676 -0.000132952 0.000956049 -0.00642619 
0.00499427 0.0252655 0.00218558 -0.013604 0.0171807 -0.0291658 -0.000529912 0.0156497 -0.0017401 0.00890329 0.00330557 0.0031175 0.0156846 -0.0357483 -0.0188595 -0.0412243 -0.0341722 0.00838777 -0.0347506 -0.00266734 -0.0118551 -0.0280299 0.00113798 0.231308 0.00802401 -0.00333884 -0.00462776 0.0247145 -0.00792699 -0.0076106 -0.0378226 0.0126095 -0.0104315 -0.0068152 -0.00371743 0.00808069 -0.00505857 -0.0104803 -0.00379825 0.00606133 -0.010825 -0.00493619 -0.00217496 -0.0125232 -0.00245156 0.00158592 0.00879647 -0.000223649 -0.0122444 0.0016569 -0.0076779 -0.00325074 -0.00545767 -0.0062775 0.00394952 -0.00860822 0.00894524 0.00519025 0.00116145 0.000544065 0.000404874 -0.00750157 -0.000565577 0.00161829 0.0006436 0.00413442 0.00697352 0.00990053 -0.0017101 -0.00663892 -0.000856341 0.000272609 -0.00217328 0.00273727 0.013153 0.00201347 -0.00055358 -0.00242586 0.00222998 -0.0265657 0.00451672 -0.00547965 -0.0370559 -0.0142969 0.00701727 -0.000661503 0.0139569 -0.0034918 0.00228488 0.0219877 0.00223429 -0.00879983 0.00821049 0.00478433 -0.0192952 0.00113727 0.00526908 0.016735 0.00431691 0.00372542 
-0.00662563 0.0165902 -0.00399838 -0.00428568 -0.00490474 0.00589805 0.017066 0.00691798 -0.00304847 -0.011044 -0.0199095 -0.00152516 -0.00529361 -0.0164096 0.00315345 -0.0296196 -0.00851645 0.000743986 -0.0275284 0.0183287 -0.0183902 -0.0241946 -0.0114646 0.00802401 0.237181 0.015425 -0.00317202 -0.00906736 0.0159936 0.0128873 -0.0326374 -0.00951212 -0.000702933 0.00235352 0.00449778 -0.0177563 -0.00268002 -0.0135137 -0.00298954 0.00363401 0.00598223 -0.00261149 0.00993469 -0.0128185 -0.00649457 0.000930083 0.0039374 -0.000680397 0.00612744 0.00498056 -0.00385963 -0.00380693 -0.000932328 0.00793673 -0.000927347 -0.0079779 -0.00124801 0.00404198 0.00140565 -0.00367342 -0.000680063 -0.00389532 0.000823347 -0.00554166 -0.0018661 0.00232029 -0.019374 -0.0124192 -0.00970377 -0.0052649 -0.00182207 -0.00775952 -0.00535036 -0.00256739 0.0325026 -0.00194253 -0.00249799 0.00168846 -0.00154823 -0.0154117 0.0050935 0.0107807 -0.0337477 -0.00229863 -0.00475915 0.00323662 0.00621207 0.00170946 -0.00627482 0.00309955 0.0013363 -0.0152858 -0.000742648 -0.00152236 -0.0291044 0.0245718 0.00482122 0.0128689 0.00491887 -0.00475412 
-0.000219823 -0.00821732 -0.00337445 0.0021362 0.002539 -0.00417195 -0.00032754 0.017198 -0.000748127 -0.000945191 -0.00600579 0.00678471 0.00327849 -0.00492944 -0.00736764 -0.00873699 -0.0147712 -0.01341 -0.018464 -0.0272606 0.021557 -0.0230826 -0.000938615 -0.00333884 0.015425 0.167749 0.00839271 -0.00465427 -0.00193472 -0.0166006 0.00327793 -0.00465597 -0.00143285 -0.00415193 -0.0011202 -0.0109707 -0.00117837 -0.00924239 0.000931952 -0.000553993 0.00424272 -0.00348971 0.0363784 -0.00324823 -0.00129441 -0.000179488 0.00437554 -0.000660161 -0.0040937 -0.000214135 -0.000664481 0.00148416 -0.0045646 -0.00277018 0.00259626 -0.00116377 0.00274048 -0.000905846 -0.000459483 -0.00497972 -0.0034129 0.00106015 -0.00337524 -0.000547514 -0.00125473 0.00527079 0.000955672 0.00141406 -0.0032178 0.00723152 -0.00434972 0.00065075 -0.0025495 -0.00127941 0.00596433 -0.00333544 -0.000883163 0.00225135 -0.00344093 -0.0190219 -0.00947252 -0.00299094 0.00286712 -0.00959611 -0.00505836 -0.000556103 -0.000442472 0.000446425 0.000199112 -0.00616226 -0.00860694 -0.000244952 -0.00105049 -0.000372181 -0.00470722 -0.0127101 -0.00115445 0.00689409 0.00656677 -0.001572 
0.00227362 -0.0267435 -0.00323546 0.00394067 -0.00455845 -0.00492002 -0.00654507 -0.00137206 0.0108507 0.00591626 0.00667337 0.00241365 -0.00541282 -0.010563 0.0109471 0.00492126 -0.0184822 -0.0184957 0.00812093 -0.000180942 -0.0193966 -0.00463489 -0.00744354 -0.00462776 -0.00317202 0.00839271 0.12543 0.00383462 0.00748543 0.00780615 -0.0259802 -0.00272389 -0.0024526 -0.00438249 -0.0014334 -0.00574542 0.00368505 -0.00172701 -0.00366989 0.00277281 -0.000984781 -7.99091e-05 -0.0129611 -0.00252634 -0.00247501 -0.000675356 -0.0044929 -0.000827704 0.00283871 -0.00238862 0.000389924 -0.000239815 -0.000371346 -0.00427621 0.00231699 0.000328258 -0.00120815 0.000951024 -0.00091366 0.00576632 0.000434589 0.00554207 -0.000730534 0.00285347 -0.000537172 0.00433514 1.35748e-05 -0.00181189 -0.00100429 0.00118902 0.0035914 0.000698942 0.00238924 -0.000761134 -0.00334333 -0.000845813 0.00158835 0.00486276 0.00347212 0.00819665 -0.00225872 -0.00432889 -0.000469122 0.00302509 0.00180468 -0.000874957 -0.00171621 7.7452e-05 -0.00446199 0.000806496 -0.00594532 0.00276926 -0.00625073 0.00264514 -0.000459048 -0.026959 -0.0021148 0.00381729 0.00353732 0.00148747 
0.00235447 -0.00395613 0.00489035 0.000305094 0.00351099 -0.00415025 -0.0153253 -0.0101615 0.00651849 -0.00129855 -0.0174475 -0.0147257 0.0214802 -0.00487465 -0.0168402 -0.0136579 -0.0163837 -0.0161096 0.0138548 -0.0267862 -0.0296517 -2.52758e-05 -0.00538091 0.0247145 -0.00906736 -0.00465427 0.00383462 0.191077 0.00567106 0.0015793 -0.0015441 0.0180811 -0.00841154 -0.00979303 -0.00402501 0.0120677 0.00217362 -0.00126078 -0.00132469 -0.00108187 -0.00862598 0.0084127 -0.00391981 0.000888569 -0.00331224 -0.00201199 -0.000287838 -0.000497997 -0.00429284 -0.00429835 -0.00209012 0.000860401 -0.00355628 -0.00537128 0.00526927 -0.00147923 0.00163419 -0.00154485 0.000217668 -0.000386967 0.000765263 -0.00649937 0.000373376 -0.00100874 0.000188154 0.000487396 0.0034599 -0.000313193 -0.0053762 -0.00505049 -0.0084975 0.00553041 -0.00348489 -0.000774153 0.000476113 -0.00187696 -0.00116474 0.00149721 -0.00221295 -0.0126769 0.0074461 -0.0102393 0.00546029 0.000920602 0.00885535 0.000414553 0.00688303 -0.00134845 -0.00352088 -0.00157794 -0.00537486 -0.00990865 -0.00186414 0.00758214 -0.00144133 0.00274752 -0.0058321 -0.0140241 -0.00200495 0.00320268 
-0.00242344 -0.00747719 -0.00488683 0.00275557 -0.00316924 2.82235e-05 -0.00653698 -0.00592439 0.00174764 0.00455035 -0.00542799 -0.00252378 0.00812739 -0.00359488 0.00810798 -0.0174101 -0.00786475 -0.0148321 0.0103678 0.00650969 -0.019351 0.00611791 -0.00331232 -0.00792699 0.0159936 -0.00193472 0.00748543 0.00567106 0.102998 0.0160619 -0.00926454 -0.0053579 0.00239895 -0.000885726 0.0040358 -0.00369712 -2.86202e-05 -0.00568945 0.000130249 4.85353e-05 0.00184587 0.000364637 -0.00969412 0.000816705 0.000127098 -0.000557659 -0.000575889 -0.000914869 0.00511628 0.00224155 -0.00237298 0.000285301 0.00269258 0.00358289 -0.00259712 -0.00111881 -0.00228677 0.00147492 0.000195101 0.000953735 -0.00145286 -0.00101523 0.00182016 -0.0020628 -0.000123865 0.000168898 -0.00213403 -0.0045038 -0.0034973 -0.00298961 0.00186616 -0.000859007 -0.000713666 -0.00122915 0.00957278 -0.0023343 0.000583582 0.00240532 0.00230027 -0.00583658 -0.00335916 0.00195919 -0.00613706 0.000650767 -0.00856365 0.000715866 -0.00299018 -0.00220345 -0.00322426 0.00177784 -0.0035645 -0.00761321 -0.00352948 0.00179053 -0.0044771 -0.0161325 0.00100628 -0.00389266 0.00500583 -0.000378861 
-0.00630806 0.0111663 -0.00541744 -0.00596159 -0.00829016 -0.00288976 -0.0155237 -0.0181922 0.00961315 0.00726454 0.000800656 -0.0111076 -0.00833046 0.000252179 0.0201473 -0.0241195 -0.0295281 -0.00947432 0.0258156 -0.00722899 -0.0238589 -0.00176953 0.00344028 -0.0076106 0.0128873 -0.0166006 0.00780615 0.0015793 0.0160619 0.229018 -0.0183012 -0.00658614 0.00466924 -0.00850137 0.00544866 -0.0143696 -0.000270626 -0.0198835 0.000287602 0.00283353 0.00829644 -0.00676771 -0.0132526 0.0125908 0.0033552 -1.00281e-05 -0.00553252 -0.00176294 -0.0090664 0.00616276 -0.0052682 -0.00241714 -0.00480914 -0.0122689 0.00235646 -0.00839663 -0.00139767 0.00374682 0.00178976 -0.00109121 -0.000289838 -0.00144703 -0.00505698 -0.00295439 -0.000122279 -0.00216167 -0.00787196 -0.000937118 -0.00536599 -0.00754065 0.00166447 -0.00555947 0.00794269 -0.000747783 0.00438577 -0.00298113 0.000571033 -0.000304119 0.00334706 0.00804089 0.00120472 -0.00698181 -0.00106424 -0.010656 0.00623117 -0.000143238 -0.0039634 -0.00323522 -0.00917289 0.017806 -0.00400914 -0.00219957 -0.00747375 0.00875765 0.0115132 -0.0235284 -0.00265314 -0.00145367 -0.00462772 -0.00218635 
-0.00268459 0.0170202 -0.00870329 -0.00347571 -0.00898045 0.0133906 -0.0165731 0.00129872 -0.00670295 -0.0181753 -0.0155652 -0.0014576 -0.0010791 0.0210328 -0.00222918 0.0224244 0.0339831 -0.0173528 0.0319801 0.0149055 -0.00670677 0.0415582 -0.0028977 -0.0378226 -0.0326374 0.00327793 -0.0259802 -0.0015441 -0.00926454 -0.0183012 0.249977 -0.0100209 -0.00243551 0.00307896 -0.00584511 0.00481451 0.00192385 0.00210412 -5.67411e-05 -0.00755111 -0.0078168 0.00313858 -0.0119282 -0.00349817 -0.00122685 -0.00439213 -0.00469162 -0.00220906 -0.025773 -0.00717435 0.000322465 0.00121953 2.1488e-05 -0.0133203 -0.00564013 0.00259228 -0.00605011 -0.00351668 -0.00264436 -0.00818755 -0.00433305 -0.0036176 -0.00552731 -0.00180541 0.000669297 -0.00868645 0.00383747 5.13506e-06 -0.00236481 -0.0127021 -0.00943432 0.00689128 -0.00799139 -0.00152876 -0.0315437 -0.000384723 -0.00415111 -0.000639097 -0.00885285 0.00370949 -0.0178269 -0.00184413 0.0577944 0.000130721 -0.0156875 0.00147776 -0.0174619 0.000176336 0.00363476 -0.0191542 0.0102304 0.0156401 -0.00564026 -0.00820288 0.008722 -0.00526073 0.00264169 -0.0014044 -0.00720682 -0.0102604 
0.00212652 -0.00107888 0.000547562 -0.00311856 0.00647457 -0.00976902 -0.00690329 0.000960671 -0.00110588 0.00373727 -0.00548251 -0.00289065 -0.0022138 -0.00463719 -0.00845685 -0.000323308 -0.00621401 0.000960241 0.000694688 -0.00653463 0.00740353 -0.01855 -0.0100322 0.0126095 -0.00951212 -0.00465597 -0.00272389 0.0180811 -0.0053579 -0.00658614 -0.0100209 0.0914561 0.000666226 -0.00392618 0.000330075 0.00641124 -0.000259834 -0.00111662 -0.00132245 -1.24108e-05 -0.000380064 0.00290577 0.0148096 -0.000563072 -0.00117935 -0.000912717 -0.00166953 0.000498766 -3.5168e-05 4.85431e-05 4.69492e-05 0.00014915 -0.000362866 -0.004274 -0.00161255 0.00168125 0.00178982 0.00133167 0.000578216 -0.00121696 7.38607e-05 -0.00173929 2.24428e-05 0.00267642 5.94869e-05 -0.0015168 -5.55241e-05 0.00457378 -0.00053189 -0.00115483 -0.00145496 -0.00160809 -0.00192608 0.00162362 0.00174435 -0.0010248 -0.000187112 -0.00149692 -0.000511414 -0.00127512 0.000676378 -0.0049629 -0.00318577 -0.00363876 -0.000740457 0.000695698 0.00222925 0.000948043 0.00113095 -0.00450935 -0.00514471 -0.00381963 0.00325564 0.00154581 -0.0031273 -0.00321928 -0.00262515 -0.00443415 -0.00183217 0.00317896 
-0.00275706 -0.00354026 0.00763882 0.000108821 -0.000892018 0.0038911 -0.00531492 -0.00348917 0.00273965 -0.00437676 -0.00336912 -0.0103983 -0.00592714 0.00176015 0.0113454 -0.0123886 -0.00908756 -0.0189091 0.00754138 -0.00552066 -0.00896734 3.07256e-05 -0.00488814 -0.0104315 -0.000702933 -0.00143285 -0.0024526 -0.00841154 0.00239895 0.00466924 -0.00243551 0.000666226 0.0886418 0.00100271 0.00240584 0.0017346 0.0027424 -0.00475089 -0.00193948 0.00104889 -0.00258159 0.000155816 -0.0128529 -0.000378325 0.0026038 0.000701407 0.000264809 -0.000473321 -0.00261173 -0.000401585 0.00268218 -0.000362445 0.0017571 -0.00267978 -0.00129224 0.0010199 -0.00199088 0.000988093 0.000449936 0.000593729 -0.000156995 0.00467514 0.00139249 0.00183104 -0.000220139 0.00096497 0.00436727 0.00125455 -0.00258214 -0.0023546 0.00141504 -0.000617994 0.000328139 0.000144322 -0.00101325 0.000158792 0.00472853 0.00201179 0.000309882 -0.00140441 -0.00316501 0.00358237 0.00309899 0.00212414 -0.0043322 0.00129531 -0.00309599 -0.00298095 -0.000619146 0.00169863 0.000753319 0.000889581 0.00229477 -0.00230744 -0.000556358 -0.00966615 0.005408 -0.00524286 0.00217944 -0.000166097 
-0.00219783 -0.0013072 -0.00196478 0.00118307 -0.00134492 0.00949214 -0.00118472 -0.00199975 -0.00504681 -0.00162151 -0.00159518 0.00148624 0.000981175 0.000591877 -0.0062409 -0.00116259 -0.00397719 -0.000652428 -0.00524469 0.00391583 -0.00618454 0.0114158 -0.00523788 -0.0068152 0.00235352 -0.00415193 -0.00438249 -0.00979303 -0.000885726 -0.00850137 0.00307896 -0.00392618 0.00100271 0.0785239 0.00038322 -0.00559474 -7.96658e-05 -0.000615942 0.000889584 -0.00164183 7.34955e-05 -0.00231769 -0.00610227 -0.002314 0.000732106 -0.000333664 -0.00109703 7.34986e-05 0.00171521 -0.00134237 0.000536839 -0.00106018 -0.000440634 0.0078093 -0.000988865 0.000561039 -0.00275867 -1.01544e-05 6.0184e-05 -0.00429263 -0.000238568 -0.00289116 0.00218357 -0.000721134 9.4201e-05 -0.002655 -0.00464061 -0.00251543 -0.00104538 -0.00256397 0.00224038 -0.00102657 -0.000864014 0.000119998 -0.00241259 -8.57828e-05 -0.00121474 0.000277273 -0.000254728 0.00861565 -0.00140511 0.00392063 -0.000991138 -0.00419283 -0.00409906 0.000874255 -0.00245184 -0.00102759 0.00047104 0.00504464 0.00218699 -0.00847341 -0.0029234 -0.00097058 -0.000447855 0.0121904 0.00234234 0.00205613 -0.000834449 -0.00212119 
