0.14444 0.000647107 -0.000857979 -0.00441582 -0.00104549 0.00660925 0.00564861 6.69057e-05 0.00205045 0.0100917 0.015969 0.00164729 0.00905949 -0.00388398 -0.00305875 -0.0162045 -0.0101413 -0.00656185 0.00149964 -0.00795266 -0.0262584 -0.00589243 -0.0105672 0.00636702 -0.00435699 -0.00620369 0.00552222 -0.00101866 -0.00781415 1.123e-05 -0.00340124 -0.00286148 0.000695531 -0.00220478 -0.0141506 0.00830086 0.00363652 0.00375499 0.000270058 -0.0039191 -0.00200346 -0.00430771 -0.00267606 0.00185351 -0.000290712 -0.00272988 -0.000368099 -0.000785769 0.00157029 -0.00656214 -0.00375373 0.0044209 -0.00305058 -0.00484402 0.00762816 0.00175794 -0.00473246 -0.00385063 -0.00264251 0.0018782 -0.0117479 -0.00351672 -0.000366169 0.00199872 -0.00153407 -0.00420787 0.00239619 -0.00202667 0.000232721 0.00169256 -0.00100635 0.00668843 -0.00557875 -0.00241864 -0.00836233 0.00178642 2.38926e-06 -0.000380299 0.00182899 -0.0078552 -0.00285479 -0.00633116 -0.00305828 0.000630762 0.00271051 0.00135311 0.00198249 0.0022 0.00287291 -0.00828743 -0.000585201 -0.003922 -0.00446963 0.00287109 -0.00919393 0.0017885 0.00137977 -0.00701588 -0.00348492 0.00376048 
0.000647107 0.168374 -0.000941337 0.000335533 -0.000626662 -0.00677846 -0.00122684 -0.00543027 -0.000974002 -0.000282358 0.0187555 0.0139725 0.023951 -0.0131837 -0.0192063 -0.011813 0.00219342 0.00471955 -0.026309 0.0162704 0.012027 0.00902685 -0.0178541 -0.00850705 -0.0113307 0.0274783 -0.011375 -0.00773846 0.0073509 -0.0053235 0.0130998 -0.00792117 -0.0128724 -0.00964253 -0.00131962 -0.00420192 -0.00803202 0.0011527 -0.00445632 -0.00227003 0.000538976 -0.0108561 -0.00253585 0.00132276 0.00600688 0.00131867 -0.0029936 -0.000742759 -7.25645e-05 -0.00678842 0.0046156 0.000891084 -0.00672299 0.00559845 -0.00515931 0.00287222 -0.00460845 0.000993388 -0.00100633 0.00589682 -0.00474782 -0.00123207 0.00229021 -0.00413193 -0.00384809 0.00268706 -0.00135824 0.00823926 -0.00494143 -0.00485017 -0.00838822 0.000487206 -0.0066176 -0.0045414 -0.00536284 -0.0100105 0.000986175 -0.00473595 -0.000639483 -0.0106752 -0.00371162 0.0025222 0.00110968 -0.0068666 -0.00629236 -7.53082e-05 -0.00513216 0.00547646 -0.00118741 -0.0103852 -0.0013295 -0.00283689 -0.00555236 -0.00210033 0.00049642 0.00221649 -0.00218618 -0.00833341 -0.00209293 -0.000654447 
-0.000857979 -0.000941337 0.0744142 -0.000545543 0.000868398 -0.00153496 0.00352612 0.00184974 0.00337014 -0.00290471 -0.00028816 -0.00318026 -0.00998815 -0.00162972 -0.0016222 -0.00714495 -0.00707988 0.00085053 -0.00696027 -0.00275802 -0.00952374 -0.00502543 -0.00764891 0.00697752 0.010916 0.00718461 0.00405751 0.000886111 -0.000716743 -0.00291995 0.001642 0.00448239 -3.89505e-05 0.00161821 -0.00479549 -0.00495135 -0.000179822 0.00337841 -0.000872358 -0.000291398 -0.00225368 -0.000188462 -0.00477032 0.00150161 -0.00226448 0.00459579 -0.00178496 0.0008005 -0.000819735 -0.00093344 -0.000355794 -0.000410909 0.000695887 -0.00251195 -0.00257284 -0.00332799 -0.000393881 -0.00183305 -0.00912708 0.00220106 0.000963691 -0.0028964 -0.00225648 0.000971244 -0.00185109 -0.000388313 -0.00424036 -0.000892801 -0.00017725 -0.00126642 0.0017729 -0.00200461 -0.00274634 -0.00122323 -0.000624038 -0.009728 0.00214169 0.00588218 -0.00337582 -0.00617575 -0.00112901 -0.000297203 0.00429141 0.00320821 -0.000504577 -7.95455e-05 -0.000214317 -0.00318881 0.00150675 -0.00124392 0.00109538 0.000875709 0.00077065 -0.000739224 0.000552738 -0.00224974 0.000974393 0.000921907 0.00104317 0.00465325 
-0.00441582 0.000335533 -0.000545543 0.142334 0.000607363 0.000834073 -0.00446222 0.0055237 -0.0113981 -0.0130044 -0.0101027 -0.00777437 -0.0117978 0.00951844 -0.00112443 0.00621725 -0.00455697 -0.011679 -0.0193409 -0.000658595 -0.00188826 -0.00647745 0.00570686 0.00143654 -0.0145922 0.00656268 0.000453891 -0.00758052 0.00856312 -0.000245405 0.0148715 0.00272508 -0.00269758 -0.00138698 0.00511449 0.00259002 -0.00849134 -0.00139954 -0.00497271 0.00368292 0.000362866 -0.00733548 -0.0021082 -0.0103257 -0.00335504 -0.00325682 -0.000446039 -0.000224597 -0.00127916 -0.00369908 0.0073955 -0.00984262 -0.00215297 0.00136368 -0.000112436 0.00214426 0.00240501 -0.00258519 -0.0116107 0.00333801 -0.00908889 0.00369192 0.0031172 0.00377028 -2.53924e-05 0.00414327 0.000616111 -0.0116526 -0.00478428 -0.00471004 0.00671786 -0.00609917 -0.00289824 0.00143483 -0.00160747 -0.0018241 0.000451442 -0.00285274 -0.0018486 -0.00856429 -0.00339145 0.00664503 0.00457115 -0.00186193 -0.000397458 -0.000349399 0.000515458 0.00115404 -0.000569452 -0.00425009 -0.000832682 0.00145989 0.0017823 0.00418889 -0.00935878 -0.00256165 0.0028343 0.0154829 -0.00582006 -0.00238819 
-0.00104549 -0.000626662 0.000868398 0.000607363 0.0346766 0.000271796 -0.00149908 0.00169083 0.00216697 -0.00441376 -0.00379943 -0.00342133 -0.000198474 0.00159331 1.78469e-05 -0.00229341 -0.00440186 0.00272181 -0.00338586 -0.00123625 -0.00422968 -0.00363599 -0.00116991 0.00234069 -0.001365 -0.00044179 0.00215378 0.00091665 -0.000735058 -0.00193436 0.00139672 0.00279188 -0.000391451 0.00240149 -0.00158993 -0.00231485 0.00119386 -0.000429968 0.000223324 0.000191185 -0.00076102 -0.00112892 -0.000803743 0.000548482 -2.80648e-05 -0.000953117 -0.0005519 -0.000421144 0.000395454 -0.000305775 -0.00309468 -0.000371287 0.000276023 0.00349524 -0.00113542 -2.65097e-05 0.000920414 0.000309078 -0.00293919 0.000815588 0.00158488 -0.0013392 0.00160283 5.32127e-05 -0.000668425 0.00164343 -0.000542659 7.22083e-05 -0.00104236 0.000427924 -0.000721007 -0.00192676 -0.000309054 0.000655357 -0.00114058 -0.00139077 0.000318246 -0.000678102 -0.000515736 -0.00195534 -0.000413911 -0.000579109 0.00023831 -0.00109889 -0.000216218 0.000307435 -0.000526926 -0.000696639 0.000216751 -0.00194866 -0.000371697 0.000361922 0.00122212 0.000269076 -0.000185094 -0.000200572 -0.000452456 0.00299006 0.000366401 -0.00131441 
0.00660925 -0.00677846 -0.00153496 0.000834073 0.000271796 0.0674778 -0.00209896 0.00150837 -0.000274257 0.00129857 -0.0067332 -0.00672256 -0.00670268 0.00303388 -0.00166503 0.00655643 0.00570757 -0.00360967 -0.00326471 -0.00796005 -0.0117939 -0.000757206 0.0131135 -0.00339421 -0.0062925 -0.0122013 -0.000214542 -0.00146142 -0.00585945 -0.00451577 -0.0083045 -0.000150264 0.0035267 -0.00243258 -7.47253e-05 0.00775427 0.00246164 0.00079458 -0.00158437 0.00349991 -0.00209239 -0.00155134 2.55788e-05 0.000232147 0.000632847 -0.00346914 -3.24879e-05 0.000334859 0.00190606 -0.000102051 -0.00278805 -1.64517e-05 -0.000386105 0.000345544 0.00378005 0.00366225 0.00113174 -0.000556568 -0.00544382 -0.00173197 -0.000977225 -0.000927449 0.00425518 -0.000100461 -0.000348318 0.00137675 -0.000578234 -0.00257112 -0.000513823 -0.00357073 -0.00140752 0.00207543 -0.00177801 0.000175425 -0.00238072 -0.00610361 0.000283145 0.00190417 0.000653024 0.00127803 -5.42959e-05 -0.00184529 -0.000559326 0.000270016 0.000138499 0.000191497 0.00350257 -0.00172061 0.000521526 -0.0022426 -0.00110865 0.00123825 0.00267142 1.62433e-07 0.000937897 -0.00253196 0.000592973 0.00237678 -0.00092126 -0.0041494 
0.00564861 -0.00122684 0.00352612 -0.00446222 -0.00149908 -0.00209896 0.107723 -6.37728e-05 -0.00850506 2.11862e-05 -0.0128724 0.0187971 -0.0181182 0.000819789 0.000190503 -0.0074565 -0.0021754 -0.0102844 0.0120212 -0.00307271 -0.00942716 -0.00169892 -0.000612744 -0.00446017 -0.00883836 0.00407528 0.00512178 0.00118767 -0.00349535 -0.00472228 -0.00212212 -0.0146039 0.00111153 -0.00269984 -0.00270797 0.0157693 -0.00443527 0.00285175 -0.00293435 0.000200688 -0.00125246 0.00057417 0.00269299 -0.0128719 0.000883341 0.00409744 0.000983384 0.00117434 -0.000271129 -0.00244887 -0.000343162 0.00272521 -0.00442597 -0.00328614 -0.00283133 0.00162412 -0.0021002 -0.00271108 0.00308276 0.00303431 -0.00745636 -0.000587942 -0.00120371 0.000674845 0.00215237 -0.00352031 0.00371388 -0.00462731 -8.38437e-05 -0.0044837 -0.00324618 0.0123927 -0.000293148 -0.00057588 -0.000284424 -0.00212123 -0.000928956 0.000252467 -0.00432069 -0.00408514 -0.00185949 -0.00146959 0.00512546 -0.00667546 -0.00053905 0.00095857 0.00255538 5.59946e-05 0.00149546 0.000494861 0.00130422 0.00112525 0.00242477 -0.000695329 -0.00724173 -0.00433481 -0.00426513 -0.00384579 0.000645137 0.000572782 
6.69057e-05 -0.00543027 0.00184974 0.0055237 0.00169083 0.00150837 -6.37728e-05 0.0662164 -0.00592966 -0.000896032 -0.00815979 -0.0035956 -0.00671671 0.00721974 0.00875239 -0.0051474 -0.00736008 -0.000508823 -0.00589209 -0.00241829 -0.00354774 -0.00763289 0.00147505 -0.00237611 -0.0029369 -0.00130989 0.00293734 -0.000560162 -0.00538591 -0.0017875 0.00290587 -0.000380769 0.000301568 0.00091736 -0.00666523 -0.00478983 -0.00234348 0.000359486 0.00102762 -6.47479e-05 -0.00125747 -0.00339667 -0.00380497 -0.000795453 -0.000764266 -0.00169382 -0.00126198 -0.00152713 0.000659065 0.00175869 0.000736428 0.00480049 -0.000195152 0.00302907 0.000970286 -0.000462126 0.00118236 0.00416042 -0.00464075 0.00152503 -0.00551992 0.00526968 0.00412842 0.00113981 -0.000191132 0.00185132 -0.00351051 0.0016307 0.000913386 -0.00380998 -1.07951e-05 -0.00133596 -0.000583589 0.000162773 -0.00138679 -0.00652393 0.00116378 0.00241998 -0.00137003 -0.00442561 -0.0005529 3.03032e-05 0.0012836 -0.00134091 0.00170733 -0.00180606 0.000136129 -0.000628453 0.000902009 -0.0012512 -0.000148811 -0.000352 0.000122932 0.000362124 -0.000477782 -0.00244895 -4.88258e-06 0.00493379 -0.00034307 -9.52546e-06 
0.00205045 -0.000974002 0.00337014 -0.0113981 0.00216697 -0.000274257 -0.00850506 -0.00592966 0.159741 -0.00102486 0.0126056 -0.00884624 0.00902003 -0.00203326 -0.0153999 0.00224553 0.00411127 -0.00474123 -0.0230313 0.0101835 -0.0103787 -0.00340919 0.00497451 0.00249931 0.00457001 -0.0102457 -0.0109752 0.00602956 -0.00162334 0.00734473 0.0100279 0.0147949 -0.0008495 -0.00768897 -0.00236497 0.00608053 0.00896084 -0.00225934 0.00439237 -0.00173035 0.00668737 -0.00306137 0.0103229 0.00288875 -0.00177564 -0.0024281 0.00197544 -0.00213581 -0.00116409 -0.00617084 -0.0135509 -0.00640315 0.00139876 0.010174 -0.0090747 -0.000608497 0.000827484 -0.00523481 -0.00301055 -0.00263759 -0.00207549 -0.00712187 -0.00769625 -0.00319188 -0.00776889 0.004294 -0.0108117 0.00166756 -0.00786933 -0.0100773 -0.00201902 -0.00642763 -0.0104253 -0.00176471 0.00246836 -0.0148671 -0.00309239 -0.0021304 -0.00705754 -0.00584585 -0.000222049 -0.00585728 0.0084064 4.96574e-05 0.00120068 -0.000162055 -0.00601696 -0.00343269 -0.00293168 -0.00175184 -0.00106287 -0.00465313 0.00034877 -0.00387055 -0.000194905 0.00428156 9.67616e-05 0.0108575 -0.00467271 -0.00710464 
0.0100917 -0.000282358 -0.00290471 -0.0130044 -0.00441376 0.00129857 2.11862e-05 -0.000896032 -0.00102486 0.15343 -0.00285501 0.00654934 -0.00402632 -0.00706978 0.020509 0.014475 -0.0024097 0.00605865 -0.00974613 -0.0130465 0.00748109 -0.00678712 0.00163221 -0.00875599 -0.0336288 0.0232195 -0.0146724 0.00154308 -0.00717304 -0.0100024 -0.0099436 0.0061767 -0.00275502 -0.00256114 0.00936718 -0.0069281 -0.0040184 -0.00422708 -0.00132271 -0.00374556 -0.00121875 -0.00562321 -0.000254767 -0.00209062 -0.0031081 0.00221958 -0.00302803 -0.00288351 -0.00314935 0.000700584 0.00230097 0.00268236 -0.0037314 -0.00923601 -0.00217127 -0.00100415 -0.00270271 -0.00266577 0.00541472 0.000416983 -0.00272059 0.0018235 -0.00698067 -0.00144384 -0.00351482 -0.000295866 -0.0140022 0.0113798 0.0100607 -0.000669877 -0.0059197 0.00523665 0.00323648 0.000172317 -0.00162092 -0.0149721 -0.00167817 -0.000133761 0.00656642 -0.00559825 0.00146676 -0.00554019 -0.0152185 0.0135864 -0.000905062 -0.0030672 -0.00420966 -0.00259173 0.00322889 -0.00446023 -0.000707489 -0.000228219 -0.00714452 -0.00242088 -0.00201566 4.896e-05 -0.000441228 -0.00415803 -0.003723 0.00505522 
0.015969 0.0187555 -0.00028816 -0.0101027 -0.00379943 -0.0067332 -0.0128724 -0.00815979 0.0126056 -0.00285501 0.246623 -0.0135444 0.0404888 -0.0337313 0.016347 -0.00763956 0.0108947 0.00130981 -0.0116656 0.00959151 -0.0169881 -0.00145987 -0.0393523 0.0102007 0.00415273 -0.0157483 0.0219189 -0.00509613 -0.00103525 -0.0190472 -0.00479923 0.0102471 0.00302229 -0.00107426 -0.0150405 0.0185674 -0.0189873 -0.0135224 -0.00303244 -0.00487993 0.000755278 -0.00223906 -0.00811898 0.0217246 -0.00676863 0.0117414 -0.00708832 -0.000925623 -0.00296362 -0.0177372 -0.0290444 -0.00167718 -0.0064185 -0.0035988 -0.00588713 -0.00980332 -0.00683107 0.00295305 0.0332402 -0.00146752 -0.00362183 -0.0087432 -0.00864232 -0.00567608 -0.00815297 -0.0133068 -0.000186593 0.0210504 -0.00459497 0.00486456 -0.0125352 -0.00674336 -0.0206518 -0.0109429 -0.0157086 0.0185687 -0.00160296 -0.00566929 -0.00511006 -0.00497129 0.0010762 -0.00857211 -0.012819 -0.00349979 -0.00242131 0.00613498 -0.00623413 -0.00179693 -0.00151317 -0.00575821 -0.00397742 -0.00601002 -0.0155618 -0.00393476 0.0053994 0.0126217 0.0048215 -0.0224734 0.000437978 0.0273726 
0.00164729 0.0139725 -0.00318026 -0.00777437 -0.00342133 -0.00672256 0.0187971 -0.0035956 -0.00884624 0.00654934 -0.0135444 0.243611 -0.00663334 -0.00116609 -0.00970056 -0.024049 0.0217664 0.00459379 -0.0152107 0.0288876 0.0204799 0.0123986 0.00652129 -0.033473 -0.0254958 0.0143376 -0.0199027 -0.00974215 -0.0199043 0.00548688 -0.00367974 -0.0270593 0.0125368 -0.00976987 0.00624685 0.0122609 -0.0200401 0.00587623 0.00148208 0.00047641 -0.00392469 0.00476018 0.00899839 -0.0174928 -0.0035824 -0.00316594 0.00156759 0.000212221 0.000317645 -0.00330338 0.00172799 -0.00612781 -0.00164036 0.00234277 -0.00654497 -0.00458328 -0.003648 0.010102 0.00537173 -0.00450411 -0.00294798 -0.00643208 -0.00989319 0.00289961 -0.00467561 -0.00517085 0.0215345 -0.000416126 0.0103679 -0.0125794 -0.00599915 -0.00171975 0.00665021 -0.0047942 -0.00964767 0.00708487 -0.00733324 -0.00875629 -0.00728486 -0.00810171 -0.00531938 -0.00554162 0.00161472 -0.00502407 -0.010052 -0.00603817 -0.00213252 -0.000996865 0.000673132 -0.00721394 -0.000925561 -0.0063871 -0.00319543 -0.00451057 0.00994709 -0.0150809 -0.0103789 -0.00837394 -0.00823576 -0.00751291 
0.00905949 0.023951 -0.00998815 -0.0117978 -0.000198474 -0.00670268 -0.0181182 -0.00671671 0.00902003 -0.00402632 0.0404888 -0.00663334 0.209995 -0.0165394 -0.0105616 -0.00990429 -0.00301002 -0.00201856 -0.0192655 0.0336379 0.0116004 0.00528034 -0.0339316 -0.0177951 0.00741116 -0.00989568 -0.0172785 -0.00840296 -0.00970167 -0.00285571 0.00438457 -0.0117327 0.00407811 -0.00783681 -0.010339 -0.00276637 0.0098307 -0.0107318 0.0107909 -0.00427556 -0.00106255 -0.00496756 -0.00375608 0.0203348 0.00559292 -0.00444863 -0.000147797 -0.00185773 0.000364779 -0.000895709 -0.0115289 -0.00942875 -0.00381173 0.00292693 -0.00804977 0.00147929 -0.00600755 0.00184956 0.00299717 -0.00200441 -0.00341842 -0.00665396 -0.0100583 -0.00649593 -0.00614058 0.00145253 0.0262594 0.0154294 -0.00856516 -0.000266875 -0.00438142 -0.011624 -0.00495689 -0.00776235 -0.00470095 0.0155945 -0.00338527 -0.00520751 -0.00872968 -0.0086108 -0.000916593 -0.00766255 0.00871347 -0.00356427 -0.0022479 -0.00420721 -0.0083464 0.000476221 -0.00536023 -0.00270502 -0.00115499 -0.00600549 -0.00910101 -0.00511957 -0.00612774 0.0175088 0.00307012 -0.00560055 -0.0127607 0.00925146 
-0.00388398 -0.0131837 -0.00162972 0.00951844 0.00159331 0.00303388 0.000819789 0.00721974 -0.00203326 -0.00706978 -0.0337313 -0.00116609 -0.0165394 0.132992 -0.0101992 -0.0130161 0.00170515 -0.0109826 0.012264 -0.0194523 -0.00670812 -0.00615848 0.0168691 -0.00105825 -0.00891666 -0.0159118 -0.00384393 0.00566025 -0.00861804 -0.0132045 -0.00777821 0.00511458 -0.00189317 -0.00404701 -0.0091927 -0.00352327 0.0020003 -0.000172428 -0.00632727 0.00324662 -0.00259848 -0.00170992 0.000961802 -0.00895685 -0.00111667 -0.00743704 0.000246584 -0.00254133 0.00498603 0.00718399 0.00375853 0.00400996 -0.00162982 0.00020245 0.00468306 0.00166003 0.00609687 -0.00353931 -0.00751955 0.00280107 0.00174319 -0.00505897 0.0135988 -0.00171556 0.000328641 0.00712894 -0.0141129 -0.00462389 -0.000893548 -0.00611544 0.00631454 0.0066477 0.00191131 0.00475413 -0.000876221 -0.0041313 -0.00193326 0.000148411 -0.00214653 0.00836036 -0.0023998 0.00644677 -0.00199469 -0.00680987 0.0051398 -8.33958e-05 0.00209805 -0.000727704 0.000577487 0.000677566 0.000564271 0.00511467 0.00320202 0.00249968 -0.00231843 0.00175926 -0.00196013 0.0131331 0.00218874 -0.007773 
-0.00305875 -0.0192063 -0.0016222 -0.00112443 1.78469e-05 -0.00166503 0.000190503 0.00875239 -0.0153999 0.020509 0.016347 -0.00970056 -0.0105616 -0.0101992 0.231064 -0.00305699 -0.0177315 -0.000981995 -0.00588636 -0.0161519 -0.00990984 -0.0393518 -0.00540309 0.00820916 -0.00353309 0.0045572 0.00222456 -0.00973136 0.0167034 -0.0384678 -0.00482957 0.0223294 0.00868254 0.00653025 -0.00335217 -0.011131 -0.00174601 -0.00317614 -0.000431912 -0.0023785 -0.00788524 -0.00794799 -0.00555335 0.00586101 -0.01184 -0.00288112 -0.00789162 0.00204436 0.00424844 -0.00065337 -0.00730174 0.0203619 -0.00761674 -0.00470546 0.00712907 -0.0093216 -0.00851356 0.00620877 0.019495 -0.000341315 0.00318575 0.00442129 -0.0146238 0.000398006 -0.00785436 -0.00515755 -0.0147444 0.0060975 -0.0015172 0.00519974 -0.00896992 0.00366513 0.00467895 0.000240489 -0.00759133 0.00798745 0.00018224 -0.00342274 0.00188829 -0.00964462 0.000852621 -0.011388 -0.0254272 0.0155709 -0.00461636 -0.00256821 -0.00493976 -0.00657625 0.00394697 -0.00169206 -0.000179213 -0.00112037 -0.00218478 -0.000716564 0.000411393 -0.0124486 0.000955379 -0.0108187 0.0001161 0.01918 
-0.0162045 -0.011813 -0.00714495 0.00621725 -0.00229341 0.00655643 -0.0074565 -0.0051474 0.00224553 0.014475 -0.00763956 -0.024049 -0.00990429 -0.0130161 -0.00305699 0.2025 -0.00199148 0.00559864 0.000282769 -0.0266883 -0.0312329 0.00258235 0.0173405 -0.00755308 -0.00877585 -0.0143876 -0.00677462 -0.00514308 0.00644237 0.00579924 -0.00749896 0.00427677 -0.0067732 -0.00647447 0.0145796 0.00985674 -0.00256726 -0.00714134 -0.00641499 0.00355931 -0.00171048 -0.0043491 0.00155826 0.00239349 0.00117805 -0.00549081 0.00551358 0.000741842 -0.00279285 0.00332496 -0.0206558 -0.0123421 0.00102313 -0.000583883 -0.00954287 0.00651646 -0.0034255 0.000453929 -0.00340283 0.000237599 0.00815286 0.00201988 0.000162895 -0.0015112 -0.00275664 0.0017726 -0.00306451 -0.00545512 0.00551754 0.0142248 0.00025689 -0.0101836 -0.00300513 0.00286395 -0.00125983 0.011087 0.00593315 -0.00193636 -0.000834587 -0.00537343 0.00357092 -0.00510561 0.00953659 0.00986077 -0.00258954 -0.00495598 -0.00375557 -0.00361609 -0.00196476 0.000993416 -0.00383056 -0.00254986 -0.00241541 -0.00221833 -0.00342698 -0.00760996 0.00345518 0.000569649 -0.000473767 -0.0139 
-0.0101413 0.00219342 -0.00707988 -0.00455697 -0.00440186 0.00570757 -0.0021754 -0.00736008 0.00411127 -0.0024097 0.0108947 0.0217664 -0.00301002 0.00170515 -0.0177315 -0.00199148 0.245842 -0.0389597 0.000939959 0.0130484 0.00147093 0.00488165 -0.00805947 -0.00611504 0.00264309 0.00338664 0.00467084 -0.0300875 -0.00281452 0.000851621 -0.00731911 0.015125 -0.00790565 -0.00891192 -0.00883407 0.0173762 -0.0136366 -0.00892544 -0.0158105 0.0034081 -0.00229357 -0.00693463 0.00702372 -0.00209826 -1.80041e-05 -0.0126225 0.00384137 0.0041236 -0.000585492 -0.00209718 0.00247111 -0.0103102 0.000601051 0.00567568 -0.00417583 -0.00923595 -0.00754266 -0.0107829 0.0381251 -0.0161031 -0.000711328 -0.00426795 -0.00737868 -0.000416052 0.00605059 -0.00520613 -0.0038627 0.0064543 -0.00846805 -0.0179522 -0.00142003 -0.0101309 -0.00566219 -0.00758309 0.00381752 0.00552898 -0.00676067 -0.00161678 -0.00956541 0.00833674 -0.00177945 -0.00879358 0.0128657 -0.0160035 -0.00515439 -0.000455742 0.00185645 -0.000861746 -0.00930576 0.00498032 -0.00110507 -0.00421364 -0.00819663 -0.0072809 0.00870979 -0.00734062 -0.0143049 0.00290478 -4.52993e-05 -0.0045082 
-0.00656185 0.00471955 0.00085053 -0.011679 0.00272181 -0.00360967 -0.0102844 -0.000508823 -0.00474123 0.00605865 0.00130981 0.00459379 -0.00201856 -0.0109826 -0.000981995 0.00559864 -0.0389597 0.17624 -0.0101669 0.0017701 0.00681226 0.00280076 -0.00535682 -0.000546219 0.0143049 -0.00496528 -0.0103062 0.00816977 -0.00467159 -0.00582505 0.000881428 -0.0151613 0.00226966 -0.00332135 0.00560771 -0.0173005 0.002767 0.00110466 0.00272637 -0.00193442 -0.00347242 0.00107568 -0.00885913 0.0154797 -0.00409684 0.0016193 -0.00329494 -0.00142221 -0.0015532 -0.00240033 -0.0026257 0.000634881 -0.00409792 -0.0071416 -0.00389923 -0.00478926 -0.00398855 0.0118666 -0.0174139 -0.00447269 -0.00252697 -0.00303497 -0.00515479 -0.0032188 -0.00489337 -0.00379958 0.00881859 -0.00255291 0.00672786 0.0139515 -0.00199799 -0.00229204 0.0112326 -0.00271069 -0.00259335 -0.0127867 0.00464996 0.000211618 0.00765975 -0.00739039 0.00491504 -0.000461086 -0.0215609 0.00244949 0.00141302 -0.000483579 -0.0053783 -0.00282248 0.00104328 -0.00568484 3.61376e-05 -0.00493548 -0.00310106 0.000492876 0.00223693 0.000209638 0.0084512 -0.00691513 -0.0011435 -0.00563309 
0.00149964 -0.026309 -0.00696027 -0.0193409 -0.00338586 -0.00326471 0.0120212 -0.00589209 -0.0230313 -0.00974613 -0.0116656 -0.0152107 -0.0192655 0.012264 -0.00588636 0.000282769 0.000939959 -0.0101669 0.231568 -0.0457203 -0.0234587 -0.000703023 0.00793948 0.0218519 0.00442073 -0.0424698 0.00919983 0.00123117 -0.0143449 -0.0105372 -0.0318571 -0.0437122 -0.0174119 0.0152466 -0.0100969 0.0188141 0.00646741 -0.0025532 -0.00617539 -0.00478384 0.00220001 0.0231712 -0.0133435 -0.0192859 0.00554812 -0.0102931 0.00419292 -0.00357919 0.00209175 -0.00468787 -0.0117117 0.012165 -0.0049733 0.000845353 0.0149366 -0.0128111 0.00898595 -0.00294581 0.026479 0.00120742 -0.0111249 -0.0110276 0.00470982 -0.006815 0.00968459 -0.0116673 -0.00898657 -0.0154488 0.0121852 0.00652584 0.000596436 0.00222086 0.0178 -0.00273932 -0.00453642 0.0293878 -0.000330063 0.00494836 0.0113486 0.0427815 0.00489031 -0.00297517 -0.0335619 -0.00294522 -0.00558361 0.00218291 0.0146878 0.00942745 0.00284735 0.0207202 0.00097349 0.00929266 -0.00512077 0.00225629 -0.000954004 -0.0181068 -0.00963748 -0.0117887 0.0106486 -0.00475568 
-0.00795266 0.0162704 -0.00275802 -0.000658595 -0.00123625 -0.00796005 -0.00307271 -0.00241829 0.0101835 -0.0130465 0.00959151 0.0288876 0.0336379 -0.0194523 -0.0161519 -0.0266883 0.0130484 0.0017701 -0.0457203 0.234395 0.0146339 0.00480518 -0.0212006 -0.0204962 0.00337957 0.00979791 -0.0123221 -0.00251741 -0.0335881 0.0154402 0.0450331 -0.0149104 0.0107037 -0.011152 -0.0175083 -0.025249 -0.0124184 -0.00177047 0.00766926 0.000619061 0.0038148 -0.00472893 0.00653071 0.0103124 -0.0024103 -0.00235208 8.47149e-05 -0.00229987 0.00141607 -0.000475038 0.01093 0.00804216 0.00127663 0.00858732 -0.0042395 0.00138543 -0.004916 -0.00754502 -0.0125365 -0.00127057 -0.0133518 -0.000736926 -0.0214164 0.0111187 0.00243642 0.00605567 0.0290487 0.00338222 -0.0143744 -0.013636 0.00239462 -0.00759607 -0.0129819 -0.0096459 0.00552714 -0.0245104 -0.00161244 -0.00496407 -0.0177859 -0.00332831 -0.00358483 -0.00825983 0.0322414 -0.0155947 -0.00098283 -0.0027613 -0.00677588 -0.00190454 -0.00258533 -0.0123933 -0.00034024 -0.00895163 -0.00907599 -0.00645322 -0.00665804 0.0206352 0.00244232 -0.0132232 -0.011546 -0.00747554 
-0.0262584 0.012027 -0.00952374 -0.00188826 -0.00422968 -0.0117939 -0.00942716 -0.00354774 -0.0103787 0.00748109 -0.0169881 0.0204799 0.0116004 -0.00670812 -0.00990984 -0.0312329 0.00147093 0.00681226 -0.0234587 0.0146339 0.236417 0.0103566 -0.00535245 -0.0178069 -0.0109206 0.0536453 -0.0204389 -0.0107655 -0.00175176 0.0096667 -0.0108689 0.00770492 -0.0101889 -0.00775369 0.00505204 -0.0254038 -0.00142594 0.00289418 -0.00198774 0.000761598 0.00301971 0.00852025 0.00624659 -0.0170924 0.00137373 0.00586151 -0.00748728 -0.00567506 -0.00831746 -0.00508974 0.0161341 -0.0195179 0.00193101 -0.0110148 -0.00418624 -0.00114007 -0.00238908 0.00167519 0.0160556 -0.0120573 0.0102491 0.00912069 0.000243902 -0.00340857 -0.0106144 -0.00507673 0.00872252 0.00371424 -0.0186478 -0.005219 -0.00406179 -0.0113583 0.00105167 -0.00213322 0.0132278 0.00808909 -0.0111878 -0.00409322 0.00813231 -0.0114302 -0.00627743 0.0049996 0.00594936 -0.0140908 0.0024551 -0.0056673 -0.0136953 -0.00416599 -0.00602362 -0.00683131 -0.00289623 -0.0030467 0.00242124 -0.00519355 0.00299794 0.00686252 -0.00472578 0.00496451 -0.00720435 -0.003996 
-0.00589243 0.00902685 -0.00502543 -0.00647745 -0.00363599 -0.000757206 -0.00169892 -0.00763289 -0.00340919 -0.00678712 -0.00145987 0.0123986 0.00528034 -0.00615848 -0.0393518 0.00258235 0.00488165 0.00280076 -0.000703023 0.00480518 0.0103566 0.201838 0.00904329 -0.0167449 -0.0311545 -0.0271557 -0.0141367 0.0056032 -0.00778666 0.0144518 -0.0116176 -0.017985 -0.00127446 -0.00294005 0.00597733 0.0207372 -0.0163027 0.00589241 -0.00597874 -0.000320346 0.00460024 0.00429123 0.00294173 -0.0118233 0.00902609 0.00769902 0.00580736 -0.00264649 -0.00402193 -0.00534085 0.00185024 -0.00981823 0.00105799 -0.00466839 -0.0104913 0.00368906 -0.00447632 0.00746977 -0.0138644 -0.0044275 9.37819e-07 -0.00433364 -0.0166576 0.00754528 -0.000240784 0.000987952 0.0207144 -0.0126613 -0.002241 0.00260836 -0.00459473 0.000572615 -0.00478049 -0.0032221 -0.00104819 -0.00388953 -0.00270088 -0.00103197 -0.000153142 0.0139625 0.00141864 0.00525054 -0.0301442 0.00375609 -0.00496969 -0.00309333 0.00801191 0.00296759 0.00213233 -0.00313567 9.83446e-05 -0.00332593 -0.00324337 -0.00336607 -0.00709509 0.017503 -0.000437133 -0.0070824 -0.00424591 -0.0099786 
-0.0105672 -0.0178541 -0.00764891 0.00570686 -0.00116991 0.0131135 -0.000612744 0.00147505 0.00497451 0.00163221 -0.0393523 0.00652129 -0.0339316 0.0168691 -0.00540309 0.0173405 -0.00805947 -0.00535682 0.00793948 -0.0212006 -0.00535245 0.00904329 0.171948 -0.0128279 -0.0213199 -0.0174271 -0.010775 0.0096528 0.00482605 -0.00507177 -0.00766489 -0.00228953 0.00530862 0.000368131 0.0133802 -0.00203852 -0.00355241 -0.00171291 -0.00575488 -0.000400877 2.68495e-05 0.00074353 0.00935388 -0.0160549 0.00123243 -0.00403684 0.00307009 -0.00131326 -0.00250926 0.00366916 -0.013557 -0.00408825 0.00138793 -0.00432464 -0.00708085 0.00949177 0.00872544 0.0046915 -0.0307422 -0.00238827 -0.00142294 -0.00476014 0.00762056 0.00436223 -0.00323777 0.0046666 -0.00992987 -0.00978511 0.00178381 -0.000502861 -0.00170126 0.00284192 -0.00124956 0.00841385 -0.000777204 -0.00638734 0.00150243 -0.000920763 0.00594614 0.00299854 -0.00398259 0.00844578 -0.0127338 0.00182446 -0.000460317 -0.00314835 0.000830972 -0.00446541 0.000727763 -0.00196241 0.00186458 -0.00111271 0.0181804 0.004458 0.00168297 -0.0095517 -0.0043775 0.010571 0.00527429 -0.0105789 
0.00636702 -0.00850705 0.00697752 0.00143654 0.00234069 -0.00339421 -0.00446017 -0.00237611 0.00249931 -0.00875599 0.0102007 -0.033473 -0.0177951 -0.00105825 0.00820916 -0.00755308 -0.00611504 -0.000546219 0.0218519 -0.0204962 -0.0178069 -0.0167449 -0.0128279 0.168531 0.0171732 -0.0199172 0.00898521 -0.00381124 0.00321836 -0.0157956 0.0111515 0.00071721 -0.0122906 0.00959274 -0.00687614 0.00123029 0.00667283 6.67731e-05 0.000485991 -0.00381531 -0.00128322 0.00201227 -0.00566964 -0.00570943 -0.00307104 -0.00234319 -0.00478722 0.000821782 -0.00108159 -0.00514467 0.0013982 -0.000564156 -0.00448583 0.00214739 0.00271232 -0.00432972 -0.000789968 -0.0066919 -0.00195036 0.00390566 -0.00378465 -0.00626604 0.00106889 -0.00441651 0.000392771 -0.000818877 -0.0175275 0.00295153 -0.0036624 0.00747426 -0.00123984 -0.00630373 0.00335768 0.00202693 0.0020355 0.0137249 0.000150314 0.000563546 -0.00038736 0.00263683 0.00236354 -0.00344893 -0.0293769 0.00051356 -0.00310733 0.00457235 0.000399929 -0.00320102 0.00189698 0.00332926 -0.000956469 0.00658615 -0.0038934 0.0036901 -0.00616404 -0.00691896 -0.00257095 -0.000241001 0.00493491 0.0112279 
-0.00435699 -0.0113307 0.010916 -0.0145922 -0.001365 -0.0062925 -0.00883836 -0.0029369 0.00457001 -0.0336288 0.00415273 -0.0254958 0.00741116 -0.00891666 -0.00353309 -0.00877585 0.00264309 0.0143049 0.00442073 0.00337957 -0.0109206 -0.0311545 -0.0213199 0.0171732 0.215178 -0.0134761 -0.0045554 -0.00256247 0.00712771 0.0123354 0.0112294 0.0038119 -0.00544357 0.00278399 -0.0139715 -0.0225622 0.0194422 -0.00662877 -0.0026712 -0.0010206 -0.0041022 0.00267092 -0.00682476 0.0230677 0.000677269 -0.00511962 0.00248629 0.00225867 -0.00170359 0.00339665 -0.0107135 -0.000414886 0.00315037 -0.00849262 0.00831603 -0.00440182 -0.00401219 -0.00669977 -0.0189071 0.00287564 -0.00728426 -0.00370776 0.0134485 -0.0089556 0.000961426 -0.0031343 0.00218056 -0.0157864 -0.00732117 -0.0041509 0.00644419 -0.011082 0.000809226 0.000430411 0.000395076 0.000645073 0.00473228 0.00377386 0.00754688 -0.0106334 0.0034628 -0.000511466 0.0127289 -0.00587731 0.0011956 -0.00114921 -0.00885428 -0.00464174 -0.00621145 0.00762625 -0.00155931 -0.00374468 -0.00622183 -0.00144527 -0.000735088 -0.00314072 -0.00285209 -0.00225393 0.00719224 -0.00435706 
-0.00620369 0.0274783 0.00718461 0.00656268 -0.00044179 -0.0122013 0.00407528 -0.00130989 -0.0102457 0.0232195 -0.0157483 0.0143376 -0.00989568 -0.0159118 0.0045572 -0.0143876 0.00338664 -0.00496528 -0.0424698 0.00979791 0.0536453 -0.0271557 -0.0174271 -0.0199172 -0.0134761 0.249941 -0.00806867 -0.0141546 0.00805999 0.00187944 0.0173587 0.0188083 -0.0182706 -0.00188127 0.00758288 -0.0440106 -0.0138337 -0.000237049 -0.00216009 -0.000687407 -0.00351737 -0.0156493 0.00927782 -4.61335e-05 -0.0128978 0.00151041 -0.00222009 0.000980684 -0.00711024 0.00123054 0.0197472 -0.00647665 0.00178494 -0.00703321 -0.00886193 -0.00923945 -0.00107799 -0.00536742 -0.013673 -0.00417776 0.00633437 0.0166598 0.00321017 -0.00168447 -0.00378898 0.00126758 -0.0143274 0.00245269 -0.0183438 -0.00943736 0.00804056 -0.00223636 -0.0034823 0.00487078 0.00936671 -0.0206397 -0.00111441 -0.00236915 0.00019798 -0.0302975 -0.00909747 0.00300461 0.0273386 -0.00168317 0.00409406 -0.00698363 -0.00567418 0.00355011 -0.0047021 -0.0136084 -0.000323086 0.00454379 -1.63637e-05 -0.00352861 -0.00840487 -0.00959323 -0.00423442 0.00960835 -0.00511951 -0.00384704 
0.00552222 -0.011375 0.00405751 0.000453891 0.00215378 -0.000214542 0.00512178 0.00293734 -0.0109752 -0.0146724 0.0219189 -0.0199027 -0.0172785 -0.00384393 0.00222456 -0.00677462 0.00467084 -0.0103062 0.00919983 -0.0123221 -0.0204389 -0.0141367 -0.010775 0.00898521 -0.0045554 -0.00806867 0.156208 0.00127608 0.0119652 -0.00262657 -0.00925432 0.00155853 -0.00785765 -0.000932524 0.00101644 0.00842893 -0.00327689 0.00106 -0.00234112 0.000820899 -0.00492641 0.00227584 -0.00860158 -0.00901674 0.00170344 -0.00323077 -0.00305491 6.07308e-05 0.00224619 -0.00694064 0.000742598 0.00694888 0.00419759 -0.00469123 0.0112299 -0.00326346 0.000144769 -0.00350961 0.00294302 0.00578687 -0.00234609 0.000239782 -0.00340934 -0.000101895 0.000645501 -0.00472348 -0.0103748 -0.00115833 -0.000588395 -0.00527668 0.00294357 0.0088379 -0.00830842 -0.00186712 -0.0050083 -0.0133559 0.00167743 -0.00114953 -0.00740729 -0.00152982 -0.00234211 0.000315734 -0.000420135 0.00276212 0.00457012 0.00523843 -0.00133385 -0.00427085 0.00051393 -0.00524758 -0.000544855 0.00350622 -0.00172628 0.00198252 -0.00194868 -0.0048135 -0.000661858 -0.00510275 0.00114381 0.0119452 
-0.00101866 -0.00773846 0.000886111 -0.00758052 0.00091665 -0.00146142 0.00118767 -0.000560162 0.00602956 0.00154308 -0.00509613 -0.00974215 -0.00840296 0.00566025 -0.00973136 -0.00514308 -0.0300875 0.00816977 0.00123117 -0.00251741 -0.0107655 0.0056032 0.0096528 -0.00381124 -0.00256247 -0.0141546 0.00127608 0.10192 -0.0107506 0.01635 -0.006527 -0.0103155 -0.00536649 0.00178777 -0.00858517 0.00362398 -0.00346796 0.00214747 0.00286884 -0.00164592 -0.000768544 0.00744833 -0.00203927 0.00466706 -0.00213049 0.00174246 -0.00094891 -0.000312951 -0.000618551 -0.00338331 0.00400079 0.00180571 -8.52178e-05 -0.00213792 -0.00319463 0.00234766 0.00224487 -0.00436732 -0.00665703 0.000827645 -0.00574414 -0.00278907 -0.00159129 0.00150161 0.000138802 0.00122915 -0.0066646 -0.00227723 0.00364623 0.00530749 -0.00212682 0.00256427 0.000137793 0.000743012 -0.00194724 -0.0116212 -0.0017012 -0.000190608 -0.0043192 0.0161068 0.00191189 0.00332345 -0.00592003 -0.00299872 -0.000844724 0.00587633 0.000353893 0.000912514 0.00335635 -0.00250657 0.000862135 0.00144574 0.000694519 0.000220567 -0.00145674 0.00834501 0.00200434 -0.00511617 0.00071691 -0.0038455 
-0.00781415 0.0073509 -0.000716743 0.00856312 -0.000735058 -0.00585945 -0.00349535 -0.00538591 -0.00162334 -0.00717304 -0.00103525 -0.0199043 -0.00970167 -0.00861804 0.0167034 0.00644237 -0.00281452 -0.00467159 -0.0143449 -0.0335881 -0.00175176 -0.00778666 0.00482605 0.00321836 0.00712771 0.00805999 0.0119652 -0.0107506 0.188604 -0.00949597 0.000655523 0.0139572 0.00456445 0.00164064 0.0231653 0.00308583 0.00100327 -0.00275197 -0.00543515 -0.00352889 -0.0026664 -0.00769877 0.00430843 -0.0115625 -0.00148153 -0.00342042 0.000173903 0.00460741 -0.00347719 -0.00143307 -0.00453952 -0.00362142 -0.000924126 -0.00493374 0.000507294 0.00208164 -0.00658106 -0.00314282 -0.00781273 0.00650666 0.010527 0.00765523 -0.00815759 -0.00709309 -0.0065485 -0.00249129 -0.0120345 -0.0121163 -0.00243253 -0.00118369 -0.00635966 -0.000322677 -0.000693283 0.0026805 -0.00108596 0.00611002 -0.000561758 -0.000608783 0.00272324 -0.0163658 -0.00528393 0.00434273 -0.000100056 0.00166287 -0.00638717 -0.00148696 -0.000825298 -0.00626138 -0.00311377 -0.00598983 -0.000449592 -0.00294167 0.0129292 0.000230416 -0.00620121 -0.00404416 -0.00415409 -0.0106722 0.000684452 -0.0104203 
1.123e-05 -0.0053235 -0.00291995 -0.000245405 -0.00193436 -0.00451577 -0.00472228 -0.0017875 0.00734473 -0.0100024 -0.0190472 0.00548688 -0.00285571 -0.0132045 -0.0384678 0.00579924 0.000851621 -0.00582505 -0.0105372 0.0154402 0.0096667 0.0144518 -0.00507177 -0.0157956 0.0123354 0.00187944 -0.00262657 0.01635 -0.00949597 0.170012 -0.000423755 -0.0114935 -0.0117528 -0.00369321 -0.00625501 0.00386449 -0.00067046 0.00819174 -0.00076001 -0.00305486 0.00342099 0.005894 -0.00821001 -0.00143007 0.0052993 -0.00288186 -0.000621134 -0.00208916 -0.00375098 -0.00727418 0.0152545 -0.0156596 0.00570564 0.00322493 -0.00118333 -0.000940838 -0.00604132 -0.00659983 -0.0209931 -0.00545803 -0.00936855 -0.00111444 -0.00575009 0.0033417 -0.00226145 -0.00280915 0.0107473 -0.00608188 -0.00563941 -0.00551316 0.00519727 -0.00676196 0.0108963 -0.00104264 0.00275479 -0.0102644 -0.000608245 -0.00429708 -0.00174846 -0.00855551 0.00140658 -0.00236021 0.0101981 -0.00354042 -0.00263861 -0.000139898 -0.00126897 -0.000508743 -0.00354242 -0.00025618 0.000693978 -0.00380849 -0.000460914 0.000228132 0.000210751 0.0157426 0.00668471 0.00327959 -0.00552566 -0.0103846 
-0.00340124 0.0130998 0.001642 0.0148715 0.00139672 -0.0083045 -0.00212212 0.00290587 0.0100279 -0.0099436 -0.00479923 -0.00367974 0.00438457 -0.00777821 -0.00482957 -0.00749896 -0.00731911 0.000881428 -0.0318571 0.0450331 -0.0108689 -0.0116176 -0.00766489 0.0111515 0.0112294 0.0173587 -0.00925432 -0.006527 0.000655523 -0.000423755 0.150944 -0.0110445 0.00850766 -0.00588866 -0.00609422 -0.0241835 -0.0128545 -0.00793227 0.012536 -0.00189339 0.00305817 -0.00847092 0.00281434 -0.00857113 -0.0038048 0.00386701 -0.00234712 0.000686342 -0.00141508 0.000213364 -0.00174696 0.00624078 -0.0010519 0.00699465 -0.00237487 0.0035547 -0.00124976 -0.00759465 -0.0151363 0.00871654 -0.0132718 -0.00231087 -0.00535606 0.00151079 -0.0042923 0.00458907 -0.00390141 -0.00157485 -0.000926464 -0.00189538 -0.00146204 -0.00722808 -0.0120841 0.000270531 0.00662514 -0.0178033 -0.000813558 -0.00332851 -0.00848538 -0.0172719 -0.00171109 -0.0024671 0.0208261 -0.00416295 0.00163906 0.000100212 -0.00536312 -9.50858e-05 -0.00070307 0.00535806 -0.00169236 -0.0023604 0.0024288 -0.00105328 -0.00115946 0.00560161 -0.000131373 0.00378994 -0.0028673 -0.0081946 
-0.00286148 -0.00792117 0.00448239 0.00272508 0.00279188 -0.000150264 -0.0146039 -0.000380769 0.0147949 0.0061767 0.0102471 -0.0270593 -0.0117327 0.00511458 0.0223294 0.00427677 0.015125 -0.0151613 -0.0437122 -0.0149104 0.00770492 -0.017985 -0.00228953 0.00071721 0.0038119 0.0188083 0.00155853 -0.0103155 0.0139572 -0.0114935 -0.0110445 0.187737 -0.00600594 -0.00381455 -0.00517234 -0.0238452 0.0107821 -0.00819447 -0.00697369 0.00152659 -0.00387273 -0.011835 0.000683609 0.0157694 -0.00762886 0.00363672 -0.0066125 0.0012732 -0.00152752 0.00830086 -0.00542863 -0.00985845 0.005581 -0.00660637 -0.00533157 -0.00435554 -0.00598652 -0.00775155 0.0113316 -0.0117986 0.0162613 0.0137576 -0.000973128 0.00432704 -0.00413966 0.00529534 -0.00719827 0.00292099 -0.0105707 -0.0102142 0.00658305 -0.00540071 -0.00687546 0.00620765 -0.0056032 -0.0156008 -0.00248029 -0.00269552 -0.0125852 -0.0189878 -0.00330328 0.0053642 0.0147215 0.00408109 -0.00206973 -0.00241242 -0.00522961 -0.00474829 -0.0033243 -0.013807 -0.00434964 -0.000913941 -0.00360988 -0.000793486 0.00297913 0.00774678 0.00153634 0.00996416 -0.00781856 0.00693625 
0.000695531 -0.0128724 -3.89505e-05 -0.00269758 -0.000391451 0.0035267 0.00111153 0.000301568 -0.0008495 -0.00275502 0.00302229 0.0125368 0.00407811 -0.00189317 0.00868254 -0.0067732 -0.00790565 0.00226966 -0.0174119 0.0107037 -0.0101889 -0.00127446 0.00530862 -0.0122906 -0.00544357 -0.0182706 -0.00785765 -0.00536649 0.00456445 -0.0117528 0.00850766 -0.00600594 0.125151 -0.00250804 0.000189112 0.0032075 -0.000989538 -0.00396072 0.00269327 -0.00127986 -0.00212442 -0.00552936 0.00330049 0.00201439 -0.00320935 -0.00469575 -0.00226529 -4.49726e-05 0.000400045 0.00625335 -0.00515818 0.00263376 0.00299473 0.00319593 -0.000610891 0.00172666 -0.00128803 0.00765711 -0.0181543 -0.00501915 0.00285124 -0.00273518 -0.00722041 -0.0017405 -4.77198e-05 -0.000797503 0.0102504 -0.00085365 0.00488788 -0.00266696 -0.00342903 0.00538587 -0.00363879 -0.000978344 -0.00296262 -0.00745039 0.000510709 0.00165213 -0.00139578 -0.00338119 -0.000304816 -0.00384851 0.00818463 0.000372295 0.00378851 -0.00171319 -9.47287e-05 -0.00297366 -0.00122228 -0.00272795 0.000447224 -0.00447699 0.00348084 7.87955e-05 -0.00495117 -0.00267427 -0.000729402 -0.00484656 -0.00277313 -0.00710489 
-0.00220478 -0.00964253 0.00161821 -0.00138698 0.00240149 -0.00243258 -0.00269984 0.00091736 -0.00768897 -0.00256114 -0.00107426 -0.00976987 -0.00783681 -0.00404701 0.00653025 -0.00647447 -0.00891192 -0.00332135 0.0152466 -0.011152 -0.00775369 -0.00294005 0.000368131 0.00959274 0.00278399 -0.00188127 -0.000932524 0.00178777 0.00164064 -0.00369321 -0.00588866 -0.00381455 -0.00250804 0.076004 0.000715159 -0.00452387 0.00249709 0.00293024 -0.00272768 -3.48755e-05 0.000523078 -0.00190135 -0.00323475 -0.00189222 -0.00025401 -0.000999969 0.00211002 -0.00022376 -0.00130184 0.00174145 0.00276306 -0.00251379 -0.00154288 -0.00260428 -0.00217471 -0.0026255 0.00107828 -0.00143294 -0.00541149 -0.000827243 -0.00322024 -0.00092945 -0.00445163 -0.000170888 0.00310551 -9.60621e-05 -0.00243237 -0.00312341 0.00181226 0.00176913 0.0026744 -0.00167234 0.00146802 0.00234701 0.00130364 0.011318 6.04732e-05 0.0019088 0.00532764 0.00219486 0.000407145 -0.00285542 -0.0150156 -0.00081854 -0.00202357 0.00122217 0.00125642 -0.00205731 0.00158228 0.00514331 0.000822226 0.00297167 -8.42414e-05 0.00213421 -0.000553321 -0.00519705 -0.00110306 -0.00237937 0.00201016 0.00893868 
