0.0291205 0.000128581 -0.00197234 0.0012482 -0.0010618 -5.96117e-06 -8.00058e-05 -0.000474576 2.84899e-05 -0.000210894 -0.000440491 -0.00313574 -0.00145726 -0.00489525 0.00244176 0.000325718 0.000993666 -0.00356215 -0.00071778 -0.00218761 0.000123752 -8.3695e-05 -0.00424579 0.00293805 -0.00558551 0.000110267 0.00180089 -0.00441431 0.000488808 -0.00134368 2.31975e-05 -8.52281e-05 -0.00101336 -0.000945457 -0.000128728 0.00166209 0.000391461 3.62557e-06 -0.00239442 -0.000356616 -0.00111546 -0.00023377 0.00154285 -0.00118163 0.000809802 -0.000624907 0.000484211 0.000483761 0.00163084 0.000604071 0.00027403 -0.000309555 0.000874194 0.000955174 -3.06451e-05 0.00178413 -1.27213e-05 -0.00100327 0.000715494 0.000481621 -0.000356473 -0.00223006 0.000834455 -0.000905427 -0.000597494 0.000469751 -0.000933897 -0.000767922 -0.00136051 0.000198623 -0.000548553 0.000902953 -0.000508439 -0.00310275 -0.000288017 0.000256149 -0.000482635 -0.000246689 5.78927e-05 -0.000402649 1.12972e-05 8.85422e-05 0.00064974 0.000126138 0.000898656 -5.014e-05 -0.000664857 -0.00132535 0.000236973 -0.00164912 0.000465457 0.000251043 -0.000601299 0.000356917 0.00182858 0.000599551 -2.36976e-05 0.00157527 3.31396e-05 4.61937e-05 
0.000128581 0.0414952 -0.0027928 -0.00100781 0.000573391 0.000462079 0.000154672 0.00116833 -5.59709e-05 -0.00119629 -0.00186318 0.00226544 0.00185038 0.00484492 0.00188194 0.00402181 -2.31532e-05 -0.00262496 -0.00370084 0.00210119 -0.00559975 -0.00447077 -0.00601838 0.00538094 -0.00444926 0.00198134 0.000475949 -0.00616178 0.000406926 -0.0044566 0.00110697 0.00077742 0.000442661 -0.00200828 0.000268976 0.00157818 -1.49066e-05 -0.000462334 -0.00453976 -0.00175311 -0.000917631 -0.000497358 -0.00285569 -0.000996324 -0.000823752 -0.000974311 -0.000890563 0.000157303 -0.00129124 -0.000466023 -0.00169841 -0.00118036 0.00209028 8.28023e-05 -0.00014788 -0.000831334 0.00190897 -0.00184725 -0.000182585 -0.00251497 -8.57078e-05 -0.00223159 -0.000201462 -0.00148328 0.000645452 3.46638e-05 0.000363053 -0.00143561 0.000237544 -0.000368152 0.000117527 -0.000327271 -0.000925001 -0.00166426 0.00218129 -0.000225711 0.000254775 0.000565037 -0.000139072 -0.000615787 -0.000633212 -0.000554392 -0.000362196 0.00183877 0.000361474 0.000244594 0.00150434 -0.000554185 3.00694e-05 -0.00194854 -0.000376746 5.32881e-05 0.000659959 0.000364706 -0.000457856 -7.7386e-05 -0.000224956 -0.000829686 -0.000206114 0.000180577 
-0.00197234 -0.0027928 0.196951 -0.00723224 -0.00991594 -0.00267946 0.000311596 -0.00443513 0.000188637 -0.00876132 -0.000594717 0.00137691 -0.0109655 -0.0150364 -0.013277 -0.00120222 0.00339267 -0.00583622 0.0146987 0.0040889 0.0208633 -0.0104371 0.0113893 -0.0223056 0.0259617 -0.00241098 -0.00352641 0.0258626 -0.00225218 0.00452397 -0.00692163 -0.00152213 -0.00684191 0.00699779 -0.00563462 -0.0040128 0.00119265 0.0136569 -0.00617105 0.00633252 -8.32013e-05 -0.00875523 -0.00285844 -0.0120359 -0.00133299 -0.00301014 -0.00292975 -0.00557031 -0.00334296 0.00130392 -0.00111981 0.0019877 -0.00346853 -0.00664126 0.000964866 -0.0149367 -0.00401074 -0.00761129 -0.0136343 0.00459621 -0.00196668 -0.0070839 -0.00537737 0.0022643 -0.00894349 -0.000613012 -0.010527 0.00481614 -0.0120756 -1.63373e-05 0.00146692 -0.00111274 -0.00341705 -0.0208601 -0.00117576 -9.52564e-05 -0.00378717 -0.000974606 -0.0011789 -0.00649764 0.00515248 -0.00272229 -0.0022471 0.00123659 0.00425968 -0.000837257 -0.0123085 -0.00412715 -0.00184784 0.000312964 -0.000849576 -0.00391732 -0.0043573 -0.00206506 0.00515406 -0.00589061 -0.00198137 0.00483705 0.00204216 -0.00125077 
0.0012482 -0.00100781 -0.00723224 0.0661122 -0.0021086 -0.000295692 -0.00137966 -0.0015125 -0.000337293 -0.000319769 -0.00207998 -0.00697629 0.00141592 0.00464262 -0.00619017 0.0064548 -0.00837805 -0.0113242 0.00082261 -0.0077784 0.0057077 -0.0104102 0.00136664 0.0068546 0.00406812 -0.00170841 0.00103581 -0.00826474 -0.00121643 -0.00394488 0.00424281 -0.00183455 0.00713944 -0.00439255 0.000928771 0.00214923 -0.000233616 -0.0021216 -0.00585106 -0.00435268 -0.00382228 0.00894647 -0.00277556 -0.0108387 -0.000604493 -7.17815e-05 -0.000402749 5.85457e-05 -0.00156226 -0.000171072 -0.000818191 0.00266219 -8.1453e-06 -0.000973621 -0.000807664 -0.00107946 0.00156291 0.0037962 0.00126567 -0.00318168 -0.000716796 -0.00132981 -0.00123966 0.00161708 -0.0018373 0.000935153 -0.00108121 -0.00235554 0.00537561 0.00177316 -0.00108894 0.000183634 -0.00154223 0.00212145 -0.00093877 0.000148191 -0.000202714 0.000411974 0.000196588 0.00112878 0.000617167 8.89606e-05 0.000329187 -1.23533e-05 -0.00105869 -0.000441039 0.00128703 0.00434964 -0.000317611 -0.00110554 -0.00164251 -0.00211927 -0.000143407 -0.00146258 -0.00123138 -0.00013872 0.000239948 -0.000693236 0.000450101 -0.00266684 
-0.0010618 0.000573391 -0.00991594 -0.0021086 0.0716155 -0.000516818 0.000556534 -0.00153923 -0.000755833 0.000492803 0.00118805 0.00612159 -0.00753472 0.00494238 -0.00617388 0.007812 -0.00155265 0.0100932 0.00308045 -0.00359535 -0.00778893 0.00464689 -0.0121761 0.000742705 -0.0103027 0.00817899 -0.0141956 0.00344199 -0.000347628 -0.00220034 -0.00254006 0.00348494 -0.000886482 -0.00564435 -0.00321079 0.000311409 1.63911e-06 -0.00224188 0.00288427 0.000834723 -0.00235435 0.000411307 -0.00417157 0.000637891 0.00135513 -0.00047654 -0.000591015 0.000807889 0.00125293 -0.001282 0.00013669 -0.00176634 0.000325861 -0.000571398 -0.000880894 0.00269315 -0.000622655 -0.00599095 0.000189411 -0.00108049 0.000777132 -0.000303944 -0.000138406 0.00280627 -0.000233917 -0.000750047 0.00105192 -9.92982e-05 -0.00566601 -0.000871247 -0.00373829 -0.000355713 0.00217253 0.00022877 -0.000753393 -0.000404534 0.000366177 -6.66472e-05 -0.000148631 -0.000977193 -0.000707581 9.96448e-05 -0.000536286 -0.00055679 -0.000839976 -0.00116743 -0.00274588 -0.00465457 -0.000324775 -0.00370084 -0.000354109 -0.00303458 0.00157839 0.00091463 0.00362005 0.00194308 0.000174535 -0.00164947 -0.000864372 -0.00282503 
-5.96117e-06 0.000462079 -0.00267946 -0.000295692 -0.000516818 0.0527247 0.000113247 5.92241e-05 -0.000362587 0.000618556 -0.00459609 -0.00198265 0.00166938 -0.000469331 -0.00193939 -0.00207969 -0.00695577 -0.0010488 0.000462548 0.000328948 0.00793698 -0.00460012 -0.00486618 0.00233439 0.0036443 -0.00204742 0.000871916 0.00134413 -0.00127666 -0.000576558 0.00290824 -0.000123326 -0.0015996 -0.00214329 -0.00174189 -0.000246415 0.000345599 -0.00109431 -0.001288 -0.00155351 -0.00045547 -0.00216751 -0.00387663 -0.00718729 -0.00122642 0.000665023 -6.47959e-06 -0.000598242 -0.00115745 3.59785e-05 -0.00164242 -0.00218559 -0.00072403 -0.000163607 -0.000683269 -0.00184822 -0.000597992 -0.00375616 0.000235329 -0.00182711 0.000874579 0.00426419 -0.00137175 0.000765443 -0.00013438 -0.00083945 -0.0027357 -0.00183055 0.00256367 6.43477e-05 -0.00203496 -0.000334024 0.000848414 -0.00108822 0.000283105 -0.000395111 0.000398049 0.000782937 -1.98904e-05 0.000612917 -0.000787997 0.000358701 0.000319821 5.43358e-05 0.000548638 0.00160148 0.00216405 0.000538974 8.68182e-05 0.000156727 -0.00245491 -0.00039875 -0.000328826 0.000390331 -0.001454 -0.000908641 -4.50768e-06 -0.00229793 0.000538103 0.000636772 
-8.00058e-05 0.000154672 0.000311596 -0.00137966 0.000556534 0.000113247 0.0426214 0.00269225 -0.000349147 0.000942979 0.000459478 0.00289452 -0.00421754 0.00289016 -0.00088096 -0.00545929 -0.00593978 0.00219353 0.00108352 0.00239079 -0.000225789 -0.0039915 0.000312639 -0.00688792 -0.00485695 -0.00272623 -0.00525031 0.00233748 -0.000539605 -0.00341529 -0.000383797 0.000451723 -0.000580837 0.0022676 -0.0019038 -0.000162542 -0.000287856 -0.000539278 -0.00055644 -0.00114637 0.00112432 -0.0016888 -0.000408451 -0.00471694 0.000329013 0.00248923 0.000908108 -0.000845379 -0.00184993 -0.000379796 -0.00137404 -0.00211309 -0.000571809 0.00130613 -0.000296554 -0.000548623 -0.000206542 0.0020413 -0.0012624 0.000581175 0.00193024 -0.000135181 6.34686e-07 -0.000725584 -0.000657141 -0.00039974 -0.000826632 -0.00124019 0.000778711 0.00171434 -0.00183611 0.000138224 -0.00248414 -0.000602672 0.000791964 0.000380888 0.000630327 0.00128885 -0.000206888 0.000536418 0.000301789 -0.000143393 3.93951e-05 -0.000383264 -0.000775549 -0.000375987 0.000789322 -0.000442689 -6.90968e-05 -0.00283624 -0.00273417 0.00188369 0.000855257 -0.000154427 -0.000508979 -0.00164912 0.000432026 -0.000286963 0.000835089 0.000716783 
-0.000474576 0.00116833 -0.00443513 -0.0015125 -0.00153923 5.92241e-05 0.00269225 0.0781682 -0.000625123 -0.00277102 0.00100118 -0.00456288 0.000732344 -0.012279 0.00386725 -0.00213563 -0.00722147 -0.00190252 -0.00388755 0.0105262 0.000169146 -0.00236297 -0.00425117 -0.0102783 -0.00937874 0.00025387 0.00398392 0.00109255 -0.00179671 -0.00227399 0.000821431 0.000566348 0.00234662 0.00748515 -0.00462638 0.00114141 0.000894587 -0.00151112 -0.0025345 -0.00309641 -0.00240526 -0.00262282 -0.00670287 -0.00519577 -0.00189923 0.000879615 0.000456561 0.00113526 -0.00020781 -0.000634125 0.00189733 -0.00406786 0.000248229 -0.00196257 -0.00104935 0.000473892 0.000706898 0.00231393 0.00668689 -0.00256833 0.000764526 0.00624031 -0.000386418 -0.00197802 0.00111093 0.00133176 -0.00147845 0.00239375 -0.00247408 0.00041642 0.000259488 -0.000544915 -0.00201564 -0.00177648 -0.000618565 -0.00123551 -0.000947923 -0.000353244 -0.000255228 0.00101701 -0.00210038 -0.000810082 -0.000671079 -0.000646576 -0.00193501 0.000494798 -0.00402034 -0.00261545 0.000297303 -0.00175938 -0.00112548 0.000617677 -0.00018827 -0.000897881 -0.00132755 0.00224594 0.000271905 -0.00146105 -0.000441182 -0.000393396 
2.84899e-05 -5.59709e-05 0.000188637 -0.000337293 -0.000755833 -0.000362587 -0.000349147 -0.000625123 0.0271907 0.000746677 0.000243796 0.00112296 -0.00254691 -0.00354531 -0.00270384 0.002651 0.00177528 -0.00162028 -0.00258736 -0.00229081 -0.00339801 0.00207347 -0.00191029 -0.00162479 -0.00227891 -0.00119324 0.00505161 -0.000178904 -0.000162113 -0.0014311 -0.000846694 0.000493202 0.000194267 -0.00127769 -0.000610966 -0.000456394 0.000307207 -0.000178592 0.00167665 -0.000146086 0.000454502 -0.000296493 -0.00110712 -0.00305126 0.000515698 0.000310811 1.25491e-05 -0.000294274 -0.000740257 0.000704547 -0.000141067 0.000886992 0.000312384 -0.000280869 0.000803474 0.00030652 -0.000691236 -0.000779263 0.00147465 0.000273258 -0.000817455 -0.000558518 5.70818e-05 0.001172 -0.000362088 -0.000241023 0.00053416 -0.00198378 -0.00167986 0.00036001 -0.000155193 -0.000127485 -0.000455522 -0.00104193 0.000161995 0.000140257 -0.000349502 -6.01511e-05 -0.000127505 -0.000796049 0.000223473 -5.40243e-05 -0.000207911 8.82455e-05 0.000281332 -0.000194149 -0.000156061 -0.00167652 -0.000275576 -0.000250256 -0.000979016 0.000745937 0.00044991 -0.000141763 -0.000190964 0.000281921 -0.000174864 0.000307493 -0.000207052 -0.000482854 
-0.000210894 -0.00119629 -0.00876132 -0.000319769 0.000492803 0.000618556 0.000942979 -0.00277102 0.000746677 0.141401 -0.00678375 -0.0116447 -0.0278558 -0.0176556 0.0054615 -0.0255009 -0.000407001 -0.0202952 -0.0218618 -0.0167566 0.0152142 -0.0322314 0.0248645 0.0181296 0.0273294 -0.00441193 -0.00618825 0.000694786 0.00586587 0.0160249 -0.00436292 -0.00424046 -0.00442549 0.00314162 -0.00999387 -0.00137977 0.00106367 -0.00158251 0.0120568 -0.0047633 -5.60244e-05 0.0073853 0.0119255 0.0051294 0.00591509 0.00574101 -0.000663706 -0.000395407 -0.00411743 -0.00130349 -0.00341412 -0.014484 -0.000698991 -0.00472643 0.00148903 -0.00271091 0.00618668 0.0195382 -0.00353548 -0.00872802 0.00259292 -0.00090137 -0.00434298 -0.00186154 -0.00943835 -0.00129646 -0.0100751 -0.00919652 -0.0105287 0.00624391 -0.00665389 0.000890913 -0.00333602 0.00667117 0.00454852 -4.61861e-06 -0.000899898 -0.0014597 0.000402805 -0.00303923 -0.0010323 -3.15487e-05 9.18561e-05 -0.000769462 -0.00334051 -0.000810902 -0.00480172 -0.00295983 1.41446e-05 0.0045091 -0.00455225 0.00539 0.000770869 -0.000710217 0.00156849 -0.00520529 -0.000671941 -0.00590428 -0.0014338 0.00463939 
-0.000440491 -0.00186318 -0.000594717 -0.00207998 0.00118805 -0.00459609 0.000459478 0.00100118 0.000243796 -0.00678375 0.112722 0.010394 -0.00357425 -0.00784105 0.00598999 -0.00780089 0.00399805 0.0159474 -0.018232 0.010942 -0.00167024 0.0154322 -0.00326419 -0.0193738 -0.0133851 -0.0130134 -0.0143611 -0.0159254 -0.0068849 0.000230812 -0.00274919 -0.000432266 -0.00193056 0.00554547 0.000352395 -0.000437405 -0.000234089 -0.00243476 -0.00215123 0.00310804 0.00234442 -0.00384663 -0.0019511 0.0119287 -0.0034104 0.00313201 0.000985683 0.0017705 -0.000467244 -0.00161248 0.00439109 0.00488893 -0.0020823 0.00262598 0.000416717 -0.000297658 -0.00233899 -0.0088796 -0.0041651 0.00460261 -0.0031125 -0.00168749 0.00117396 -0.0102063 -0.00129564 -0.000392163 0.00827319 -0.00373008 -0.00678018 -0.00131001 -0.00058159 7.67758e-06 8.15013e-06 -0.00790855 -0.000574352 -0.00126834 -0.000192002 5.8499e-05 -1.09576e-05 0.00150351 -0.00246799 -0.000485949 -0.00117072 -0.000448328 -0.0013019 0.00110362 -0.000812785 4.28618e-05 -2.01752e-05 -0.00724488 -0.00484143 -0.00394638 -0.000651909 -0.000774543 -0.00205051 0.00197639 -0.000152858 0.00304132 0.00205403 0.00264133 
-0.00313574 0.00226544 0.00137691 -0.00697629 0.00612159 -0.00198265 0.00289452 -0.00456288 0.00112296 -0.0116447 0.010394 0.184136 -0.0089816 0.0178873 -0.0213472 0.023025 -0.0107509 0.0177214 -0.00985423 0.00213662 -0.0165307 0.0275508 -0.0237486 -0.00220573 -0.0249434 -0.00655776 -0.000763441 -0.0141401 -0.0106753 -0.00929702 -0.00887432 -0.00374215 -0.00746273 -0.000620341 0.00239705 -0.00212001 -0.00272216 -0.00760306 -0.00613682 0.00668593 0.00066803 -0.00409391 -0.00554032 0.0232199 -0.00462128 -0.000937757 0.00402287 -0.00343331 0.010005 -0.000364612 -0.00140681 0.00296967 -0.00146525 0.00573722 -0.000513911 -0.00628766 -0.00420527 0.00290616 -0.0038739 0.00137055 -0.000244637 0.00431733 -9.34289e-05 -0.00859881 0.00492759 0.00241071 0.00110627 -0.0119385 -0.01507 -0.00516068 -0.00704321 -0.000479964 -0.00315613 -0.00193724 0.000646364 -0.00191021 0.00609424 -0.00231064 -8.12411e-05 -0.00160779 -0.00237211 -0.00322983 -0.00101151 -0.00171776 -0.00321839 -0.00405644 -0.00286922 0.000570538 0.000466535 -0.0106315 -0.00904371 -0.00629555 0.000911395 -0.00466373 0.00215295 -0.00404169 0.000846998 0.0013853 0.000294164 -0.00583789 
-0.00145726 0.00185038 -0.0109655 0.00141592 -0.00753472 0.00166938 -0.00421754 0.000732344 -0.00254691 -0.0278558 -0.00357425 -0.0089816 0.247931 0.0193389 -0.00164093 0.0046225 0.00497791 0.00626549 0.0285837 0.00970524 -0.00648066 -0.00208596 -0.00760176 -0.00846702 -0.00700897 -0.0116827 0.00131874 -0.00349223 -0.00394435 -0.00876459 -0.00394826 -0.00348439 -0.000885604 -0.00100571 0.0113142 0.0025466 -0.00183927 -0.00101745 -0.00867576 -0.0204036 -0.00130632 -0.0100083 -0.00413981 0.000699198 0.00217328 -0.0160406 -0.00733081 -0.000738014 0.00225179 6.4389e-05 -0.00637384 -0.00998989 -0.000604653 0.00217199 -0.00494302 -0.00745841 0.00167623 -0.0228858 -0.00314274 -0.00755843 -0.00828789 -0.0109714 -0.00124646 -0.00592173 0.00451157 0.00199927 -0.00348821 0.0183941 0.0139734 -0.002891 -0.00530222 -7.1652e-05 0.00347635 -0.00566892 -0.0167685 -0.000352328 -0.00434712 -0.00173662 -0.00184319 -0.0029919 -0.00276317 -0.00107606 -0.000488763 -0.00114827 -0.00487991 0.00341809 -0.00514822 -0.00165409 -0.00182438 0.00432307 -0.00812828 -0.0142357 -0.00453208 -0.00171049 -0.00563923 0.00695777 -0.00129073 -0.00632444 -0.000190651 -0.00335598 
-0.00489525 0.00484492 -0.0150364 0.00464262 0.00494238 -0.000469331 0.00289016 -0.012279 -0.00354531 -0.0176556 -0.00784105 0.0178873 0.0193389 0.247235 -0.0491298 0.0239059 -0.0116993 0.0142075 0.00335668 0.00934829 -0.0587507 -0.00294002 0.00568011 0.0194741 0.00229815 0.0160634 -0.0235023 -0.00485783 0.00170474 -0.0183025 0.00247702 -0.00593673 -0.00292619 -0.0134606 -0.00828368 0.00165056 -0.00533267 -0.00751581 0.0189641 0.00398518 -0.00677626 -0.0142113 -0.000436231 -0.00620084 -0.00605444 -0.00809338 -0.0065886 -0.00653621 -0.00454795 -0.00428431 -0.00639258 -0.00233273 0.000305127 0.00336533 -0.000830166 -0.00836577 -0.000649423 -0.0176925 -0.000485167 0.00574743 -0.0043304 0.00250811 0.00395026 -0.0133715 0.00313678 0.00398605 0.0185385 -0.00840093 0.0320056 -0.00264842 -0.0111269 0.000395379 -0.0102069 0.00116475 -0.00570212 -0.000655711 -0.00492904 0.00057209 -0.00140531 0.00156944 -0.00830589 -0.00277485 -0.0032428 -0.000607276 -0.00425342 -0.00452165 0.00445873 0.00709953 -0.00277836 -0.00749685 -0.0145099 -0.0152757 0.00524544 -0.00486721 -0.00745294 0.00653253 0.000144001 -0.00276115 -0.00388925 -0.00526956 
0.00244176 0.00188194 -0.013277 -0.00619017 -0.00617388 -0.00193939 -0.00088096 0.00386725 -0.00270384 0.0054615 0.00598999 -0.0213472 -0.00164093 -0.0491298 0.238186 -0.0186999 0.0220397 -0.0274847 -0.000700349 -0.0046034 -0.0257619 0.00250424 0.0215147 -0.00853701 -0.0345917 -0.0344889 -0.0201967 -0.0126598 0.0123839 0.00570412 0.00129979 -0.000937426 0.00144879 -0.0160243 0.00874717 -0.00201144 0.00280639 -0.00134867 -0.0158624 -0.00311784 0.00718254 -0.00583956 -0.00177579 -0.00523213 -0.00523357 0.00687734 0.00165877 0.00840115 0.00767848 0.00186241 -0.00658918 -0.00299744 0.00169223 0.0103091 -0.00257132 0.0108829 0.004283 0.0120359 -0.0155453 -0.0205707 0.000414482 -0.0055528 -0.00355962 -0.0292795 0.00181493 -0.00168755 -0.00567411 0.0233663 -0.00471837 0.00232681 0.0106741 -0.0017522 0.00308597 0.0206209 0.00430154 -0.000332608 0.00101705 0.00233876 0.00032125 -0.00479738 0.00656165 -0.00116941 0.00132068 -0.000197885 -0.00431175 0.00691455 0.00683868 -0.0171857 0.00142701 0.00313298 -0.000707742 -0.0134345 -0.000468748 -0.00251488 0.00581566 -0.00593132 -0.000906095 0.000918874 0.000792006 -0.0122982 
0.000325718 0.00402181 -0.00120222 0.0064548 0.007812 -0.00207969 -0.00545929 -0.00213563 0.002651 -0.0255009 -0.00780089 0.023025 0.0046225 0.0239059 -0.0186999 0.24914 0.0112765 0.00120438 -0.00888435 0.00688207 -0.0260189 0.0108914 -0.0322322 0.0126842 -0.042409 0.00250092 0.0171096 -0.0110317 -0.00335323 -0.0082898 -0.00816921 -0.000632915 -0.00412873 -0.0112306 -0.0236116 0.00269311 -0.00137539 -0.00423957 0.00773041 0.00380543 -0.0122685 0.00557938 -0.00739852 -0.00786099 0.00232412 -0.00809198 -0.00292589 -0.0023801 0.0126734 -0.000453631 0.000867949 0.0151863 0.000315943 -0.0058258 -0.00354906 -0.00458468 -0.000208056 -0.00703571 0.00459119 -0.00383476 -0.00762233 -0.00126618 0.00416525 -0.0118342 0.00425089 -0.00108215 0.00896358 0.00409288 0.00809234 -0.00171991 -0.00435668 -0.00203597 6.47905e-05 -0.013338 -0.00891188 0.000186522 -0.000177981 -0.000792253 -0.00205772 -0.00257113 -0.00120671 -0.00367315 0.00052063 0.000287348 -0.00636517 -0.00130324 -0.0147086 -0.00320667 -0.00334725 -0.017869 -0.00834091 -0.0207974 0.00410078 8.23566e-05 0.00380841 -0.0109497 0.000719396 -0.00209998 -0.00113087 -0.011942 
0.000993666 -2.31532e-05 0.00339267 -0.00837805 -0.00155265 -0.00695577 -0.00593978 -0.00722147 0.00177528 -0.000407001 0.00399805 -0.0107509 0.00497791 -0.0116993 0.0220397 0.0112765 0.242569 -0.0152003 -0.0400655 -0.00151136 -0.00265924 0.000479935 0.004561 -0.00452517 -0.0156031 0.0122484 0.00451638 -0.00341837 -0.00791588 0.00378728 -0.00630118 0.0020988 -0.00333692 -0.0112135 -0.0155722 -0.00776466 -0.000494846 -0.00148504 0.0238104 0.010819 0.00196885 0.013616 0.000660189 0.00682126 0.00022004 -0.00503787 -0.00589382 -0.0058293 0.00221657 0.00111003 0.00124463 -0.00248123 -0.00154961 -0.00366648 0.00113481 -0.0123946 0.00775341 -0.0179289 -0.00126086 -0.0104035 -0.00605811 -0.0141665 0.00080155 -0.00581851 -0.0149115 -0.00505004 -0.0130954 0.00544631 -0.00369312 -0.000755084 -0.00284053 -0.00193366 0.000804136 -0.0104012 -0.0103222 -0.00117315 -0.00449833 -0.00414251 -0.00189744 -1.08806e-06 -0.00260516 -0.00202236 -0.00348838 0.00270488 0.00268977 -0.00657159 -0.00924739 -0.0148691 0.00126968 0.00599734 0.00264723 -0.0189039 0.00315268 -0.00208054 0.0144088 -0.00169037 -0.000559216 0.000353221 -0.00197689 -0.00915094 
-0.00356215 -0.00262496 -0.00583622 -0.0113242 0.0100932 -0.0010488 0.00219353 -0.00190252 -0.00162028 -0.0202952 0.0159474 0.0177214 0.00626549 0.0142075 -0.0274847 0.00120438 -0.0152003 0.224293 -0.00944827 0.0228681 -0.0158898 -0.0126446 -0.0322898 -0.00239791 -0.00522424 0.0124118 -0.000913074 -0.00801413 -0.0207996 -0.0109889 -0.0021782 0.0028671 -0.012326 0.0104831 0.00873886 -0.000242511 -0.0031867 -0.008812 -0.00335339 0.00217303 0.00577147 -0.0122327 0.00854429 0.0115776 0.000375581 -0.00236019 0.000786273 -0.0113322 -0.0109217 -0.00729972 0.0103128 -0.000625283 -0.0030219 0.000751512 -0.00883556 0.00107141 -0.0114296 -0.00433156 -0.000883447 0.00580321 -2.77196e-05 0.00750674 0.000764604 0.00302906 -0.000900362 -0.0023307 -0.00223761 -0.00202752 -0.00049202 -0.00650582 0.00221444 -0.00347179 0.00478938 -0.012853 -0.00315191 -0.00500531 -0.00349428 -0.00945835 -0.000734498 0.00507753 -0.00359033 0.00117577 -0.00308513 -0.00148651 -0.00128402 -0.00559679 -0.0131705 0.00308557 -0.00228562 -0.00591481 -0.00471791 0.00364299 -0.00763541 -0.00292232 -0.00608172 -0.00296726 -0.000592415 -0.00646221 0.000261363 0.00535609 
-0.00071778 -0.00370084 0.0146987 0.00082261 0.00308045 0.000462548 0.00108352 -0.00388755 -0.00258736 -0.0218618 -0.018232 -0.00985423 0.0285837 0.00335668 -0.000700349 -0.00888435 -0.0400655 -0.00944827 0.208182 -0.0191928 -0.000743473 0.00436228 -0.00745214 -0.0173439 -0.00204191 -0.0273907 -0.0210027 0.0163307 0.0115846 -0.0146789 0.0058045 -0.00328766 0.00586869 -0.00675824 -0.000633291 0.0101551 -0.000925225 0.0069085 -0.0258816 -0.0136917 -0.00382172 -0.0160986 -0.00949625 -0.0280913 -0.00469011 -0.00966381 -0.00279404 -0.000448581 0.00614719 0.00223211 -0.000597246 0.00218644 0.000486099 0.000979347 0.00237918 0.00636901 -0.00417634 0.00768122 -0.00720988 -0.0042718 0.00268439 0.00355917 0.000318532 -0.0145887 0.0201522 -0.00260895 0.00148532 0.0183251 0.00677227 -0.00415238 -0.00182123 -0.000814215 -0.0125658 0.00948045 -0.00299237 -0.0006611 -0.00161913 0.00804246 0.000271697 -0.00259705 0.00258913 4.09377e-05 0.00690676 -0.00130974 -0.00319954 -0.000994414 -0.0026022 0.00210702 0.00093894 0.00899452 0.00450525 -0.00460562 -0.00199332 -0.00514629 -0.000373193 0.00127805 0.000309722 -0.00502831 -0.00212235 -0.00438663 
-0.00218761 0.00210119 0.0040889 -0.0077784 -0.00359535 0.000328948 0.00239079 0.0105262 -0.00229081 -0.0167566 0.010942 0.00213662 0.00970524 0.00934829 -0.0046034 0.00688207 -0.00151136 0.0228681 -0.0191928 0.169488 0.000411642 0.00863935 -0.00286489 -0.031263 -0.0176665 -0.00878125 0.0139235 0.00350552 -0.0169952 -0.00935953 0.00522719 -0.0041877 -0.00802478 0.0109321 -0.00592467 -0.00516473 -0.00178295 -0.00357171 -0.00713893 0.00588491 -0.00369214 -0.000971285 -0.00359425 -0.0148897 -0.00447641 -2.57894e-05 -0.00165002 -0.00471828 -0.000661996 -0.00117569 5.06915e-05 0.00853091 -0.00427741 0.00092559 -0.00313787 -0.00739023 -0.0079799 -0.0129918 0.000929469 0.00326766 -0.00944833 -0.0021635 8.50794e-05 -0.000809459 -0.00470987 0.000795965 0.00792635 -0.00195564 0.000897169 -0.00212033 -0.000964065 -0.00507992 -0.00646161 -0.00169441 0.00172665 -0.00287798 0.00120631 -0.00351898 -0.000742228 0.00362386 -0.00737151 -0.00314044 -0.00179264 -0.00177274 -0.00290359 0.00129115 0.000921564 0.00401466 -0.00533537 -0.0016839 -0.00736492 0.00600523 -0.00348124 0.00117004 -0.0105403 -0.0022731 -0.000562612 0.00107954 -0.00305135 0.00231669 
0.000123752 -0.00559975 0.0208633 0.0057077 -0.00778893 0.00793698 -0.000225789 0.000169146 -0.00339801 0.0152142 -0.00167024 -0.0165307 -0.00648066 -0.0587507 -0.0257619 -0.0260189 -0.00265924 -0.0158898 -0.000743473 0.000411642 0.239688 -0.0181968 -0.0106503 -0.000301693 0.0431925 0.00210186 0.00368645 -0.00269222 0.000642574 -0.00569245 -0.00565429 -0.0074933 -0.0032654 0.00265327 -0.00756824 -0.00756523 0.00327261 0.00552712 -0.00777751 -0.00420518 -0.00793781 0.00623174 -0.0184248 0.00906 0.0068239 -0.00233765 0.00533275 0.00373538 -0.00659404 0.000938491 0.00282584 0.000815102 -0.00715032 -0.00353568 -0.00501487 -0.00301603 -0.0049018 -0.00134502 -0.00896973 -0.00363842 -0.0023703 0.0137115 -0.00621832 -0.00854084 -0.0096928 -0.00293233 -0.0191326 -0.00672618 -0.0133383 0.00496992 0.000226186 -0.0023067 -0.0044739 -0.015759 -0.00486475 0.000325675 -0.00123174 -0.00575434 0.000489196 0.00211134 0.000108617 -0.00105469 -0.000978123 0.00043696 0.000623876 -0.00248253 -0.00192986 0.0106494 0.00221525 -0.000922602 0.01291 0.000641416 -0.00130494 0.00190411 0.00115479 -0.00654772 -0.000928043 -0.00294644 0.00229069 0.00616119 
-8.3695e-05 -0.00447077 -0.0104371 -0.0104102 0.00464689 -0.00460012 -0.0039915 -0.00236297 0.00207347 -0.0322314 0.0154322 0.0275508 -0.00208596 -0.00294002 0.00250424 0.0108914 0.000479935 -0.0126446 0.00436228 0.00863935 -0.0181968 0.227088 -0.0302152 -0.0257338 -0.0556435 -0.0186453 -0.000854825 0.00886057 -0.00790195 0.00948892 -0.00443753 0.00437989 -0.00344605 0.00475896 0.00858482 0.00136652 0.00160777 0.00285344 -0.000480036 0.0101774 -0.00932667 -0.00639736 -0.00269778 0.0254641 -0.00879512 -0.00509904 0.00716055 0.0019545 0.00101421 0.000720843 -0.00587254 0.0178888 0.00289807 0.00406773 -0.00390412 0.0010372 -0.00731883 -0.00847206 -0.00278651 0.00982483 -0.0051428 -0.0121795 0.00360708 -0.0143149 0.00706459 -0.00149064 0.00868292 -0.00331698 -0.0149999 -0.00544819 -0.00544743 -0.0024003 0.00211171 -0.0251658 -0.0072323 -0.00195098 0.00364924 -0.00106671 4.71392e-05 -0.0028286 -0.00163462 -0.000830794 0.000642729 -0.00161703 -0.00516072 -0.000114934 -0.00100326 -0.0177523 -0.000589382 -0.00152269 -0.00398105 0.00133262 -0.00123051 -6.3923e-05 -0.00370296 -0.00341614 -0.00236754 0.0082888 -0.000193029 -0.00255531 
-0.00424579 -0.00601838 0.0113893 0.00136664 -0.0121761 -0.00486618 0.000312639 -0.00425117 -0.00191029 0.0248645 -0.00326419 -0.0237486 -0.00760176 0.00568011 0.0215147 -0.0322322 0.004561 -0.0322898 -0.00745214 -0.00286489 -0.0106503 -0.0302152 0.245782 0.0060437 -0.0107243 -0.0386559 -0.0275979 -0.00402406 0.0029552 0.0256749 -0.0128081 -0.00837162 0.0112849 -0.0161838 -0.00729191 -0.00613684 -0.00372456 0.00752809 0.0107045 -0.00135644 0.00355063 -0.00129163 -0.00300917 0.000867435 -0.00420582 0.00488603 -0.00664239 0.00250045 -0.00196941 -0.00010784 -0.00467595 -0.00630074 -0.00513071 -0.00599008 0.00794825 -0.0120822 0.00521107 0.00274144 -0.00848247 -0.00296714 -0.0039273 -0.00266863 -0.00379906 -0.0165524 0.000659402 0.000436209 -0.0060278 0.00582359 0.00367773 0.00168252 0.00457081 -0.000966238 -0.00707191 0.0298855 0.00269408 0.00259519 0.000497705 -0.00096951 -0.000535974 -0.00540767 -0.000259842 -0.000956283 -0.00267498 -0.00194085 -0.00176565 0.00257496 0.000880167 0.00384707 -0.00210979 0.0152241 -0.00185627 -0.00743564 -0.0036781 -0.0037924 -0.00446216 -0.00355862 0.00037184 -0.0073532 -0.00496865 -0.00453143 
0.00293805 0.00538094 -0.0223056 0.0068546 0.000742705 0.00233439 -0.00688792 -0.0102783 -0.00162479 0.0181296 -0.0193738 -0.00220573 -0.00846702 0.0194741 -0.00853701 0.0126842 -0.00452517 -0.00239791 -0.0173439 -0.031263 -0.000301693 -0.0257338 0.0060437 0.24986 0.015389 0.0437709 -0.0150185 -0.0341072 0.0127307 0.00399294 -0.0118648 -0.00389413 -0.00173722 -0.0183785 0.000814528 -0.00577152 -0.00203023 -0.00662122 -0.00471121 -0.00100662 -0.010306 0.0121491 0.0118563 0.022175 0.00124287 -0.00194001 0.00170267 -0.00451131 0.0032059 -0.00185987 -0.01173 -0.0118627 0.00379804 0.00350056 -0.00231459 0.00489997 0.00236681 0.00439534 0.00478147 -0.0138137 -0.000223357 -0.0147245 -0.00919103 0.0160892 -0.00823074 -0.0017649 -0.0159408 -0.0177959 -0.000565915 -0.00315343 -0.00717692 0.00371268 -0.000527414 -0.00838322 -0.00290286 -0.000460004 -0.0046269 -0.00734234 0.000565334 -0.00865719 -0.00636408 -0.00268346 -0.0021041 -0.000665479 0.0022448 -0.00563508 0.00112304 0.00523932 0.00055771 -0.0216316 0.00510355 -0.0222094 0.000124501 0.00159573 0.00151669 -0.00215259 -0.00278197 -0.00363385 -0.00433304 -0.00450048 
-0.00558551 -0.00444926 0.0259617 0.00406812 -0.0103027 0.0036443 -0.00485695 -0.00937874 -0.00227891 0.0273294 -0.0133851 -0.0249434 -0.00700897 0.00229815 -0.0345917 -0.042409 -0.0156031 -0.00522424 -0.00204191 -0.0176665 0.0431925 -0.0556435 -0.0107243 0.015389 0.249727 0.000845552 -5.82602e-05 0.00582307 0.000371864 0.010174 -0.000783568 -0.00474342 -0.00496819 0.0030473 -0.00597312 -0.00428813 -0.000734601 0.00266213 -0.0030253 -0.00073934 0.00199704 -0.00275237 0.00450533 0.00348442 0.00535738 -0.00576469 -0.00497972 -0.00367509 -0.0107009 0.00158689 -0.000677382 -0.0181032 -0.00387156 -0.0143409 -0.00158825 -0.0135716 -0.00404964 0.0127897 -0.00605362 -0.00664563 -0.000358 0.000426984 -0.00765192 0.0247953 -0.0208642 -0.00230444 -0.00869874 -0.0211969 0.00244172 5.61241e-06 0.00323205 -0.00111932 -0.000215166 -0.00661108 0.000902844 -0.0023472 -0.00905787 0.00142874 6.7724e-05 -0.00385066 -0.00134284 0.0014847 -0.00417622 -0.00179805 0.00572041 -0.00539409 0.00572088 0.00593167 0.00175531 0.00155996 -0.00382027 0.00907741 -0.000592715 -0.000742196 -0.00330229 0.00955478 -0.000790943 -0.00680834 0.000574442 0.00229034 
0.000110267 0.00198134 -0.00241098 -0.00170841 0.00817899 -0.00204742 -0.00272623 0.00025387 -0.00119324 -0.00441193 -0.0130134 -0.00655776 -0.0116827 0.0160634 -0.0344889 0.00250092 0.0122484 0.0124118 -0.0273907 -0.00878125 0.00210186 -0.0186453 -0.0386559 0.0437709 0.000845552 0.239089 0.0080571 0.0282837 -0.00749623 -0.00991661 0.000881287 -1.77768e-05 0.00534117 -0.0127194 0.00141984 -0.0020999 -0.00152013 -0.0110965 0.0237697 -0.00428835 -0.012586 0.00703535 -0.00368292 -0.00391772 -0.00434417 -0.00576349 -0.00233386 -0.0101696 -0.0173859 -0.00288072 -0.0032628 -0.011847 0.000399083 -0.0113021 -0.00635241 0.00636082 -0.00434215 -0.012197 0.0107599 0.00207315 -0.00386367 -0.0138692 -0.000797278 0.0316589 -0.00233803 0.00146753 -0.0144883 -0.00586759 -0.0144359 -0.00333333 -0.0156629 0.00111217 0.00539498 -0.0152135 5.78756e-05 -0.00147342 -0.00488281 -0.00723049 -0.000874313 -0.00164363 -0.00845208 0.00211662 -0.00378053 0.000878632 0.00512496 -0.0114045 -0.0031891 -0.0103403 -0.000595106 -0.0130424 0.0171148 -0.00518562 0.00356955 0.00398538 0.00589613 -0.00237649 -0.0014165 -0.000993392 -0.00199619 -0.00833187 
0.00180089 0.000475949 -0.00352641 0.00103581 -0.0141956 0.000871916 -0.00525031 0.00398392 0.00505161 -0.00618825 -0.0143611 -0.000763441 0.00131874 -0.0235023 -0.0201967 0.0171096 0.00451638 -0.000913074 -0.0210027 0.0139235 0.00368645 -0.000854825 -0.0275979 -0.0150185 -5.82602e-05 0.0080571 0.239648 -0.00482689 -0.0128855 -0.0153978 -0.00764384 -0.00320694 -0.00445468 0.00148963 0.00968536 -0.00233118 -0.000931386 -0.0104906 -0.0146011 -0.00315285 -0.00113311 0.0049901 -0.0090167 -0.0221589 -0.00227609 -0.00458808 0.00127518 -0.00368802 -0.00739248 -0.00145303 0.00152237 0.00927791 -4.42417e-05 -0.00198353 0.00190737 -0.00636896 0.00445685 0.00627598 0.013515 0.010726 -0.00542367 -0.00470544 -0.00134746 0.020362 0.000758744 0.00461109 -0.00865518 -0.00742931 -0.00951541 -0.0062686 -0.00561132 -0.000504494 -0.00326853 -0.027335 0.00338856 0.000934484 5.99929e-05 -0.00184961 0.00013072 0.00296088 0.000186959 0.000742056 -0.00155673 0.00105334 0.00193944 -0.00133924 -0.00653082 -0.00707464 -0.00319983 -0.0104159 -0.0105725 0.0194213 0.0032122 -0.00277979 -0.00992849 0.000255449 -0.00118609 0.00112478 -0.0017638 0.0039733 
-0.00441431 -0.00616178 0.0258626 -0.00826474 0.00344199 0.00134413 0.00233748 0.00109255 -0.000178904 0.000694786 -0.0159254 -0.0141401 -0.00349223 -0.00485783 -0.0126598 -0.0110317 -0.00341837 -0.00801413 0.0163307 0.00350552 -0.00269222 0.00886057 -0.00402406 -0.0341072 0.00582307 0.0282837 -0.00482689 0.23797 -0.000721803 -0.00480891 0.00937051 0.00140234 -0.0056227 0.00358511 -0.0119806 -0.00542433 -0.00190404 0.00127813 0.0426829 -0.0119149 -0.00438586 -0.00393933 -0.0106179 -0.0429773 -0.00489732 -0.000420704 -0.00436325 0.000606198 -0.00713525 -0.000860242 -0.00813261 -0.00388445 -0.00584974 -0.0161621 -0.00178557 -0.00479275 -0.00987883 -0.00102398 -0.00479184 -0.00548822 0.00117376 -0.00568375 -0.00208901 0.0215036 -0.00260271 -0.00325867 0.00260247 0.0220609 -0.0173823 -0.00094127 -0.0158357 -0.000642541 0.00536442 -0.00915892 -0.000355061 -0.000465807 -0.00384842 0.000766848 -0.000871596 -0.0052807 -0.00745986 0.00345714 -0.00216741 -0.00286699 0.00172399 -0.00346492 -0.0131883 -0.0188506 -0.00132688 0.0001245 -0.00107742 -0.00273709 -0.00581905 0.00125847 -0.00179561 -0.00105078 -0.00108412 0.000895652 -0.000866314 -0.00125788 
0.000488808 0.000406926 -0.00225218 -0.00121643 -0.000347628 -0.00127666 -0.000539605 -0.00179671 -0.000162113 0.00586587 -0.0068849 -0.0106753 -0.00394435 0.00170474 0.0123839 -0.00335323 -0.00791588 -0.0207996 0.0115846 -0.0169952 0.000642574 -0.00790195 0.0029552 0.0127307 0.000371864 -0.00749623 -0.0128855 -0.000721803 0.0819219 -0.00443004 0.00343189 -0.000484483 0.000315413 -0.00566228 -0.00110234 -0.000306135 -4.40046e-05 0.00107434 -0.00445293 -0.00438049 -0.00209282 -0.000725651 -0.00250064 -0.0033885 0.00307686 -0.00212451 -0.00047475 0.00540692 0.00237149 0.00128049 -0.00118197 -0.0048309 0.00227489 -0.000517484 0.00206963 0.0031073 -0.000536032 -0.00340957 -0.00104336 -0.00655234 0.0001767 -0.00206521 -0.000792392 0.00296982 -0.00129136 0.00111132 0.00205427 0.000787463 0.000689725 0.0033132 -0.00163064 0.00173049 6.85751e-05 -0.00152581 0.00025278 0.00206448 -0.000484823 -0.000162988 0.000561063 -0.00182371 -0.000998647 8.30185e-05 0.000808771 -0.000530219 -0.000879209 -0.000657386 0.00424196 -0.000452721 0.000330424 -0.00135297 0.000802152 -0.00209204 -0.00130051 0.00123385 0.00105875 0.000375731 7.11117e-05 -0.00129825 -0.00126165 -0.00224492 
-0.00134368 -0.0044566 0.00452397 -0.00394488 -0.00220034 -0.000576558 -0.00341529 -0.00227399 -0.0014311 0.0160249 0.000230812 -0.00929702 -0.00876459 -0.0183025 0.00570412 -0.0082898 0.00378728 -0.0109889 -0.0146789 -0.00935953 -0.00569245 0.00948892 0.0256749 0.00399294 0.010174 -0.00991661 -0.0153978 -0.00480891 -0.00443004 0.201447 -0.0142764 -0.0027666 -0.00614382 0.00070071 -0.00622524 -0.00349908 -0.00165156 0.000973195 0.0211342 0.00159497 0.00100478 -0.0110391 0.0025895 0.0126296 -0.00200724 -0.00213543 0.00369402 -0.0051536 -0.000894114 -0.00062101 -0.0106081 -0.0166235 -0.00552988 -0.00438622 -0.00506001 -0.0103861 -0.00611798 0.013279 -0.00403115 0.00164772 0.00127907 -0.0140722 0.0035464 -0.00687199 -0.0134588 -0.00349163 -0.0069458 -0.0122924 -0.00800672 0.00190692 6.94322e-07 9.19362e-05 -0.00348358 0.0108121 -0.00131904 -0.00152736 0.000905351 -0.00128703 -0.000425919 -0.00401731 -0.000871208 -6.66522e-05 -0.0018503 -0.00174127 -0.00423476 -0.00247423 -0.00682705 -0.00210466 0.00185727 0.00647518 0.00811195 -0.00711405 -0.0068998 -8.87191e-05 0.00110153 -0.000839896 -0.000670885 -0.000109764 -0.000999045 -0.00356732 
2.31975e-05 0.00110697 -0.00692163 0.00424281 -0.00254006 0.00290824 -0.000383797 0.000821431 -0.000846694 -0.00436292 -0.00274919 -0.00887432 -0.00394826 0.00247702 0.00129979 -0.00816921 -0.00630118 -0.0021782 0.0058045 0.00522719 -0.00565429 -0.00443753 -0.0128081 -0.0118648 -0.000783568 0.000881287 -0.00764384 0.00937051 0.00343189 -0.0142764 0.0928127 -0.00130931 0.000475826 0.00171001 0.00664697 -0.000353932 0.001782 -0.00305517 -0.00255023 -0.00373748 0.00124976 -0.000287073 -0.00814606 -0.0142513 -0.00140084 -0.000965593 -0.00284607 -0.000658897 0.000774231 -0.000214895 -0.00255424 -0.000678108 -0.0013306 -0.00180169 -0.000738808 0.00546669 0.000110515 -0.0024107 0.00350532 -0.00337746 0.00046074 -0.000139869 -0.000978704 -0.00267437 -0.00128051 -0.00167326 0.000926465 0.00490689 0.0033872 0.000853163 -0.0033403 -0.000124133 0.00052726 -0.00178284 -0.000150989 -2.09798e-05 -0.00147545 0.000281477 0.000766176 0.00167113 -0.0036072 0.000193707 0.00257026 -7.70743e-05 0.00236046 -0.000207928 0.00273611 0.000372333 0.000458174 -0.00156615 -0.0010647 0.00612075 -0.000514678 0.000664274 -0.00336611 0.000761973 0.000313391 0.00111288 -0.000538211 -0.00157771 
-8.52281e-05 0.00077742 -0.00152213 -0.00183455 0.00348494 -0.000123326 0.000451723 0.000566348 0.000493202 -0.00424046 -0.000432266 -0.00374215 -0.00348439 -0.00593673 -0.000937426 -0.000632915 0.0020988 0.0028671 -0.00328766 -0.0041877 -0.0074933 0.00437989 -0.00837162 -0.00389413 -0.00474342 -1.77768e-05 -0.00320694 0.00140234 -0.000484483 -0.0027666 -0.00130931 0.0528863 -0.00131319 0.00307427 0.00124383 -0.000307904 0.000783115 -0.00114333 -0.000394756 0.00175891 0.000148712 -0.000176262 0.00265583 -0.00233128 -0.000678976 0.00123241 -0.000181055 0.00055334 -0.00155178 4.13031e-05 0.000475181 -0.000921364 0.000565478 -0.00163954 9.68721e-05 -0.00126867 -0.00116721 -0.00244739 0.00190756 0.00238541 0.000757717 -0.00326822 2.09137e-05 0.00266971 -0.00134921 0.00020356 0.002421 0.00320058 -0.00247443 -0.000383854 -0.000551777 -4.18085e-05 0.00219833 -0.00524692 5.73602e-06 -0.000318379 -0.000201459 -2.70205e-05 -5.23223e-05 4.35924e-05 2.59071e-05 0.000933791 -0.000106992 -2.64542e-05 -0.000417387 -0.000105769 -0.00110555 -0.00162593 0.000566143 -0.00380866 0.000934422 -0.000346974 -0.000144321 0.000324635 -8.43409e-05 -0.000247744 -0.000379777 0.00170292 -4.93691e-05 -0.00171728 
-0.00101336 0.000442661 -0.00684191 0.00713944 -0.000886482 -0.0015996 -0.000580837 0.00234662 0.000194267 -0.00442549 -0.00193056 -0.00746273 -0.000885604 -0.00292619 0.00144879 -0.00412873 -0.00333692 -0.012326 0.00586869 -0.00802478 -0.0032654 -0.00344605 0.0112849 -0.00173722 -0.00496819 0.00534117 -0.00445468 -0.0056227 0.000315413 -0.00614382 0.000475826 -0.00131319 0.0750377 -0.00433479 -0.00399354 -0.000674929 0.000249261 0.00220147 -0.00039647 -0.00466488 -0.000303249 -0.000731584 -0.00425446 -0.0121793 -0.000930091 0.000251734 -0.000635153 0.000464156 -0.00483009 0.000413876 -0.0019574 0.00311189 0.00206845 -0.00220775 -0.000893924 0.00429699 0.00134059 0.00244126 0.000900432 -0.00342255 0.000499405 -0.0039833 -0.000504119 0.0046196 0.00289122 -0.000456707 -0.00106254 0.000528346 0.00213793 -0.000137654 -0.00141197 -0.00060502 -0.00255073 0.00244191 -0.000515999 0.000397065 -0.000195147 0.00250644 -9.51229e-05 -0.00133847 -0.000828147 0.000408021 0.00121499 0.000164611 -0.000411673 0.000339549 0.00098245 0.00126555 0.000479256 -0.00145652 0.000618337 0.00257077 0.00136522 -0.000752978 -0.00306153 0.00248628 0.000471387 -0.00174089 0.000523123 -0.00170801 
-0.000945457 -0.00200828 0.00699779 -0.00439255 -0.00564435 -0.00214329 0.0022676 0.00748515 -0.00127769 0.00314162 0.00554547 -0.000620341 -0.00100571 -0.0134606 -0.0160243 -0.0112306 -0.0112135 0.0104831 -0.00675824 0.0109321 0.00265327 0.00475896 -0.0161838 -0.0183785 0.0030473 -0.0127194 0.00148963 0.00358511 -0.00566228 0.00070071 0.00171001 0.00307427 -0.00433479 0.118361 -0.0016459 0.00101681 0.000703912 -0.000638363 -7.22178e-05 -0.00578937 -0.00422173 -0.00621918 0.00366319 0.00182484 7.34063e-05 0.00179283 0.000822839 -0.00332234 -0.0046882 -0.0012416 0.00340214 -0.00931559 -0.00109439 -0.00230311 0.00379007 -0.00695973 -0.00063783 -0.00109174 0.00248149 0.00286944 0.00175395 -0.0017966 -0.000527356 1.63129e-05 -0.00557283 0.00133919 -0.00298457 -0.0074332 -0.00752374 0.000101714 -0.000144928 0.0010934 -0.000701138 -0.00369853 0.000796706 -0.00126178 0.000234867 -0.00300787 -0.000214888 0.000660803 0.000961602 0.000481505 -0.000595851 -0.000302351 -0.0006028 0.00104288 -0.00306873 -0.00115428 -0.000858316 -0.00324512 -0.00452109 0.00743429 -0.00219876 3.1894e-05 -0.00382849 8.56679e-05 -7.12955e-05 0.00463727 0.000715443 0.00849853 
