0.0583276 -0.000492138 -0.00243984 -0.00104874 -0.000129535 0.0001656 -0.000188627 -0.00396934 -0.00139388 -0.000256256 -0.00714654 -0.00724625 -0.000626798 -0.00306129 -0.0030744 -0.000730452 -0.00547433 -0.00535368 0.00301727 -0.0078448 -0.00281589 0.000527106 -0.00377742 -0.00908522 0.00229635 -0.00254546 5.59964e-06 -0.0014244 -0.00443947 -0.00169965 -0.00103356 0.00275015 -0.00192819 -0.000970594 0.00230424 -0.00112115 -0.000717684 -0.000500681 0.00255279 -4.6158e-05 0.00435234 -0.000285496 0.000205863 3.91226e-05 -0.000315928 -0.00130937 -4.53459e-05 0.000167191 -0.000161004 0.0015524 0.00285396 -0.000877608 8.87637e-05 0.000305814 -0.00278166 0.00249291 -0.000520362 0.000947933 0.000711282 0.000351192 -0.000227664 0.00153567 -0.00118641 -0.000229559 0.00043747 -0.000129809 0.00152675 0.000318007 -0.0011743 0.00122162 0.00027083 1.85829e-05 -0.000523236 -0.0020866 0.00165419 -0.00178565 0.00127888 7.40239e-05 -0.00133699 -0.000202244 -0.0010301 -0.00155913 -0.000740989 4.36248e-05 0.0010917 -0.000609773 -0.00042309 9.15606e-05 0.0056018 -0.000497323 -0.000770996 3.25044e-06 0.000125804 -0.000481101 -0.00293687 -0.0012526 -1.42084e-05 0.00260896 0.00214422 0.00201541 
-0.000492138 0.0494304 0.00467669 -7.46805e-05 -0.000228571 -0.00228251 -0.000409236 -0.00568411 -0.000344488 0.00110604 -0.00196292 -0.00340605 0.00222535 -0.00161463 0.00333097 0.00103547 -0.000658296 -0.00249549 -0.00393234 -0.0140221 -0.00172454 2.14279e-05 -0.00428454 0.00422003 -0.0075118 -0.00120031 0.00206622 -0.000815801 0.000972952 -0.00192456 -0.000407865 -0.0022832 -0.0017889 -0.00760874 -0.00070659 -0.000543341 -0.000642495 -0.000252889 0.00362072 -0.000165967 -0.00174523 -0.00134032 -0.00140902 -0.000221309 -6.7942e-06 -0.0018244 -0.000290526 0.00118019 -0.000230503 -0.00143578 -0.00105643 -0.000300525 -6.7909e-05 -0.000250156 0.000229666 0.000946767 -0.000239771 0.000839197 0.00020393 0.000574923 -0.000347677 -0.00295381 -6.47972e-06 -0.000257133 -0.000498734 -1.71498e-05 -0.00019858 0.000902243 -0.00100712 -0.000302844 -0.000225577 0.000328481 -0.000224555 0.000571146 0.000677447 -0.00245752 0.000754285 -0.000169982 -0.000673853 -0.000572202 -0.00018318 -0.00272179 -3.8696e-05 0.000422959 0.00691061 0.00100759 -0.000636536 -4.99948e-05 0.000648973 -0.00023597 -0.000212622 -0.000310195 -0.00102724 0.00022528 0.00134633 0.00533357 -0.00148842 -0.00262233 -0.000265737 0.00378383 
-0.00243984 0.00467669 0.115814 0.00626148 -0.00100257 0.00493643 -0.00111143 -0.00548395 -0.00182001 -0.000269379 0.00407714 0.00757181 0.0125441 -0.00937446 0.00510153 0.00272622 0.00849135 -0.00149883 -0.014145 -0.014025 -0.00795803 -0.0020351 0.0139873 0.000733534 0.00541745 -0.0160031 -0.0189915 0.0015841 -0.00880998 -0.0044189 -0.00366501 0.00730824 -0.00578079 -0.0143536 -0.00375624 -0.00121151 -0.00130092 0.00103381 0.0041324 -0.000512411 0.000853623 -0.00211642 -0.00305365 0.00376625 0.000485832 -0.00438069 -0.000337677 -0.00232657 -0.000123068 0.000618479 -8.11427e-05 0.000240122 -0.000393821 -0.000671442 -8.01382e-06 -0.00625385 -3.16062e-05 0.000201167 -0.000274479 -0.00204355 -5.23226e-05 -0.00941734 0.000228245 0.000384992 -0.00143234 4.95018e-05 -0.00215134 0.000479486 0.00193785 -0.00287053 0.000212158 -0.000829038 -0.000462688 -0.00291448 0.000819285 -0.00452321 -0.00169104 0.000594329 -0.000533858 -0.00127611 -0.00505984 -0.00760357 -0.00365702 -0.000240355 0.00254399 -0.00163726 0.00526876 -0.0002307 -0.0030054 -0.000411422 -0.00498518 5.015e-05 0.00347794 -0.000500846 -0.00405176 -0.00468108 0.00232663 -0.00326069 -0.000512982 -0.0008802 
-0.00104874 -7.46805e-05 0.00626148 0.0386679 -0.000263055 -0.000375069 -0.000243288 -0.00439401 -0.000752603 -0.000341593 0.00134159 0.00283655 -0.000602335 -0.00138934 0.000919613 0.00190554 -0.00381639 0.00680369 -0.00483393 0.000843713 -0.00571784 -0.00028677 0.00120094 -0.00144051 -0.0043904 -0.0062023 -0.00741944 0.000883461 -0.00208374 -0.000153997 -0.000845025 0.00550149 -0.00119764 -0.00138252 -0.000798861 0.00215545 0.000140684 0.000287416 0.0014706 -0.000473593 0.00113785 -0.00039767 -0.00110684 0.000864509 0.000519392 -0.00142452 -0.000196911 -0.000169487 -0.000990233 -0.00182952 0.00164105 0.000849346 -9.11332e-05 -0.000146367 0.000905732 -0.00179929 0.000298224 -7.12961e-05 -0.000235833 -0.000761758 0.000136154 -0.00375944 -0.000315275 -0.00017282 -0.000269078 8.59169e-05 -0.00151015 0.000525313 -0.000400691 -0.00198489 -0.00062796 0.000153445 0.000656546 0.00078336 8.92195e-05 -0.00225539 0.000338044 0.000326843 0.000240532 -0.000395921 -0.000919257 -0.00121267 -0.00133509 -5.17084e-05 0.00408879 -0.000256906 0.00173669 -0.000364887 0.000680656 6.29399e-05 -0.00114822 0.000270076 -4.38909e-05 4.32542e-05 -0.00376161 -0.00371719 -5.46673e-05 0.000317573 -0.00124449 -0.00242082 
-0.000129535 -0.000228571 -0.00100257 -0.000263055 0.0204954 0.00018715 7.02571e-05 0.00170983 -3.79803e-05 0.000678075 0.00110268 -0.00141021 -0.000971527 -0.00125514 -0.00154876 -0.000420165 -0.000177011 -0.00134074 0.00115883 0.00142869 0.00156131 0.000305372 -0.000825926 -0.00260241 -0.00128276 -0.00134378 -0.000348591 -0.000818445 -0.00218246 -0.000360695 8.70945e-05 -0.00157843 -0.000671078 0.000179355 -0.000455049 -0.000384569 -0.000386876 -0.000101959 -0.000570328 -0.000315614 -0.000720425 -0.000634487 -0.000278666 -0.000307944 0.000353495 -0.000242469 -8.69336e-06 -2.26438e-05 7.63264e-05 -0.000561973 -0.000403539 -0.00016717 4.34843e-05 -0.000125958 8.64599e-05 -0.00115052 0.000442793 -8.67672e-05 8.35356e-06 0.000212656 -0.000142406 -0.00214002 0.000256215 -3.82895e-06 0.000677118 5.81232e-05 -0.000326239 0.00013906 0.000137969 0.00117866 -3.73111e-05 3.81068e-05 -9.54008e-05 0.00110485 -0.000843638 -0.000457407 0.000120834 -9.07598e-05 0.000479272 6.27991e-05 -0.000704987 0.000971782 -0.000176722 9.23023e-05 -0.00130272 -0.000146613 -0.0002233 0.000167393 -0.000870069 4.10319e-05 -0.000223174 -4.90199e-05 -0.000277752 -0.000301063 -0.000807619 0.000936368 -0.000539795 -0.000373123 6.29817e-05 0.00114601 
0.0001656 -0.00228251 0.00493643 -0.000375069 0.00018715 0.0895481 0.00105815 0.00822629 -0.00136538 -0.00147156 -0.00588659 -0.0140532 0.00389602 -0.000871238 -0.00116304 -0.000147319 0.00747563 0.00529134 0.00883206 -0.00142079 -0.00199596 -0.000594311 -0.000312115 -0.0134626 -0.00504485 0.00269842 -0.0104771 0.00207957 -0.00691221 -0.00600375 -0.00075697 0.000981964 -0.000677017 -0.00364029 -0.00437194 0.000302713 0.00206991 -0.000642121 -0.00545143 0.00135675 -0.00113259 0.000406074 8.1344e-05 -0.000327129 -0.000356062 -0.00377501 0.000142269 0.00062923 -0.00378928 0.00449406 -0.0019074 -9.95131e-05 -1.85788e-05 0.000218237 -0.0038149 0.00151125 -0.000762804 -0.000362359 0.0012695 -0.000680818 0.000655951 -0.0024804 -0.000677518 0.00074182 0.00281453 -0.000175279 0.00374458 -0.000587352 -0.000870671 -0.00150251 0.0011821 0.000421731 -0.000340584 -0.000450801 -0.0013606 0.00016982 -0.000231143 -0.000190797 0.000294415 -0.000548895 0.000710212 0.001275 -0.00213963 4.29422e-05 -0.0110267 -0.000922795 0.00197558 -0.000612372 -0.000420688 0.000179207 0.00470807 -0.000438461 -0.00413493 -0.00132655 -0.00777584 -0.0140309 -0.000615094 -0.00400217 -0.000359762 -0.00314577 
-0.000188627 -0.000409236 -0.00111143 -0.000243288 7.02571e-05 0.00105815 0.0223917 -0.000659217 0.000275051 -9.64839e-06 -0.000104001 -0.00113945 -0.00207057 0.00016251 -0.000240008 -0.000157274 -0.00375975 -0.00111141 0.00121625 0.00124283 -0.000183177 -0.00226243 -2.04003e-05 -0.00313294 -0.00326288 -0.00308258 -0.000112026 -0.000634501 -8.06565e-05 -0.000452317 2.96406e-05 -0.00205866 -0.00041837 0.00161256 9.47297e-05 0.000198172 0.000190629 -4.13943e-05 -0.000615735 -9.34531e-05 0.00085428 -1.20006e-05 -0.000318294 -0.000273509 -0.000239356 0.000282484 0.000314079 0.00022078 0.000164826 -0.00107191 -7.36597e-05 -5.26379e-05 8.23283e-05 -5.32037e-05 0.000859275 -0.000128088 0.000102891 0.000213034 -0.000203033 4.30766e-05 -6.74783e-05 -0.00143664 -0.000245272 0.000262736 0.000349686 0.000175309 9.38252e-05 0.000903214 -9.48178e-05 -5.56557e-05 0.00188534 0.000373028 0.000292755 -0.000141494 -0.000463513 -0.00120074 0.000223242 -2.97334e-05 -0.000354162 0.000113867 -5.66943e-05 0.00128472 0.000415765 7.81646e-05 -0.00154926 -0.000233345 0.000459362 0.000161923 0.000236024 0.000300686 -3.37311e-05 5.86331e-05 0.000849142 0.000242974 -0.000306275 -0.00251349 -0.000303951 9.63212e-05 -0.000285419 -0.00108348 
-0.00396934 -0.00568411 -0.00548395 -0.00439401 0.00170983 0.00822629 -0.000659217 0.20301 0.00418838 -0.000834796 -0.0186463 -0.0287573 -0.0157733 -0.00310296 -0.0166884 0.00366576 0.00291739 -0.00613887 0.0135766 0.00522151 0.0401451 0.0118141 0.00566708 -0.0249817 -0.00874229 0.0183949 -0.040786 -0.00494757 -0.0261658 -0.000193184 0.00168253 -0.00383297 0.00500231 0.0204962 -0.00274429 -0.000197061 0.0096897 -0.000730386 -0.00250815 -0.00639376 0.00722195 0.00680908 0.00611115 -0.00467399 -0.00260161 -0.00130734 0.000252603 -0.00206947 -0.00705553 0.000338354 -0.000317771 -0.000254849 0.00037792 -0.000602702 -0.00676274 -0.0136411 0.00165941 -0.00231524 -7.71923e-05 0.000841137 0.00129197 -0.00572178 -0.000278548 0.000300943 0.00683401 0.000699 -0.00161517 -0.00261221 -0.000508749 0.00218172 -0.00187022 -0.000810236 -0.000808698 0.00293489 -0.00661644 0.0141804 -0.00294907 -0.000105328 0.00490439 0.00113412 -0.00271401 0.00827406 0.00265803 0.000514409 -0.0327353 -0.00210645 -0.00208185 -8.93373e-05 -0.00788361 -0.00468108 0.000922261 0.000658845 -0.00488085 -0.002527 -0.0189313 -0.0190691 -0.00829777 -0.00481342 -0.000341366 -0.0174244 
-0.00139388 -0.000344488 -0.00182001 -0.000752603 -3.79803e-05 -0.00136538 0.000275051 0.00418838 0.0493281 -0.000651574 0.00165589 0.000443797 0.000276027 -0.00415311 0.00797675 0.00194626 -0.00500869 -0.00219123 -0.00436047 0.00311358 -0.000530659 -0.00425115 -0.00378395 0.00388461 -0.00235636 -0.00239853 -0.00265541 -0.00340946 -0.00505806 0.00132117 5.59588e-05 -0.00580073 0.00151075 -0.00236825 0.00126124 -0.000510382 9.79677e-05 0.000359648 -0.00043363 0.000889973 -0.00366585 0.00209286 0.000677878 0.000133304 0.000795281 -0.00152571 0.00013662 -0.000662038 -0.000717 -0.00194962 -0.000385082 -0.000527701 0.000124088 0.00015453 0.00337282 -0.000451687 -0.000154904 -0.000561905 -0.000416941 -0.000816181 0.00027661 -0.00757685 0.000213167 0.000218372 9.85012e-05 -5.02191e-05 -0.000635472 0.000713826 0.000249725 -0.000406542 -0.000764894 0.000383483 0.000590484 -0.000179961 -0.000127363 0.00200749 -0.000226419 9.92276e-06 0.000634535 -0.000388198 0.00146103 0.000179426 -0.000134994 2.42837e-05 -0.00498974 0.000796123 0.000367961 0.000151093 -0.00750812 5.5699e-05 -0.00132953 0.000698963 0.000372908 -0.000727757 0.00138423 0.0017239 -0.00100355 -0.00250884 0.000681574 -0.00333679 
-0.000256256 0.00110604 -0.000269379 -0.000341593 0.000678075 -0.00147156 -9.64839e-06 -0.000834796 -0.000651574 0.052012 0.00300549 -0.0030178 -0.000568504 0.00185699 -0.00198668 -0.000684399 -0.00605966 -0.000479324 0.000519476 0.000912857 -0.00101497 -0.00127262 -0.000706757 -0.00456812 -0.000377019 -0.00570829 -0.00453593 -0.00133471 -0.00247543 -0.00297979 -0.00170757 -0.00282826 -0.00179547 -0.00254526 0.00131798 0.00103198 -2.58205e-06 0.000271639 0.000498692 -0.000500535 -0.00403841 0.000424355 0.00252611 -0.000119911 4.63849e-05 -0.000450532 0.000302893 0.000116399 0.000590352 0.00097185 -0.000108489 -0.00015512 -8.9171e-05 -9.853e-05 0.00019703 -0.000586736 0.000229932 -0.000159743 -8.3596e-05 -0.000478836 -0.000249951 -0.00563264 -0.000103406 -8.80967e-05 -0.000643882 0.000126111 -0.00107353 0.000552209 0.000747901 0.00115529 -0.000515169 -0.000276333 0.000274721 -0.000796697 0.00101109 0.00186132 0.000339831 5.37089e-05 0.000737058 -0.000222642 0.000227718 -0.00104345 -0.00175474 0.000171244 -0.00224541 0.00163925 0.000860493 -0.00019391 -0.00617472 -0.000483976 0.000674645 -5.97657e-06 -0.000521695 -0.000143867 -0.000880727 -0.000987316 -5.92551e-05 0.00133391 -0.000198781 0.00126666 
-0.00714654 -0.00196292 0.00407714 0.00134159 0.00110268 -0.00588659 -0.000104001 -0.0186463 0.00165589 0.00300549 0.198886 0.0134828 -0.0143932 -0.00197872 0.014607 -0.000253784 -0.050468 0.0328371 -0.0237618 0.00151043 -0.00815107 0.00463629 -0.0327485 -0.00842698 -0.0291309 -0.0274576 0.00406394 0.0183633 -0.00505336 0.00110359 -0.00623724 -0.00403819 0.0040366 -0.0254459 0.00768707 -0.00230711 -0.00250952 0.00320128 -0.0107321 -0.00102304 -0.00703631 -0.00263938 0.006714 0.00752402 0.00368736 -0.00233198 0.000733497 -0.00230386 -0.00256616 -0.0049803 -0.00404548 -0.00221099 7.06998e-05 -0.000479624 0.0133617 -0.00782287 0.00208448 -0.00181843 -0.00219716 -0.0010516 -0.000592177 -0.0205641 0.00360201 -0.000168229 -0.0033556 -0.000424481 -0.00665786 -0.000541465 0.00386684 0.00464457 -0.000692296 0.000274649 -0.00243902 0.0038349 0.000586139 -0.0097955 -0.0019145 -0.000190598 0.00236205 -0.00107961 -0.00275032 0.00371621 -0.00587428 0.000804154 0.0233486 0.00270368 -0.00388088 0.00050545 -0.02511 0.000492683 -0.00327409 0.000626094 -0.00732123 -0.00219826 0.0152843 -0.00722527 -0.00103526 0.00956297 -0.00500412 0.0154479 
-0.00724625 -0.00340605 0.00757181 0.00283655 -0.00141021 -0.0140532 -0.00113945 -0.0287573 0.000443797 -0.0030178 0.0134828 0.249569 -0.00960715 -0.0131863 -0.0106708 -0.017791 -0.0230582 0.00729179 -0.0336227 0.0338812 -0.0414243 0.00359263 0.0223793 0.0461525 0.0324594 -0.0216602 0.0181741 -0.0083801 0.0155169 -0.0167059 -0.003098 0.000256595 -0.0130461 -0.00812533 0.00367453 -0.00537164 -0.00270314 0.00219512 0.00551134 -0.00385713 -0.00924274 -0.00777362 -0.0145106 -0.00266552 -0.000219556 0.00769867 -0.00273828 -0.00151216 -0.00828537 -0.00559729 0.000903516 -0.00136351 -0.00104266 0.00046626 0.00486849 -0.00759597 0.00115385 -0.00174664 -0.0029773 -0.00665887 0.000145319 0.00257516 -0.0053082 -0.00215087 -0.00779279 -0.000627247 -0.00661331 -0.000237283 -0.00826966 -0.00360834 -0.0024026 -0.000585986 -0.00165555 -0.00708557 -0.000459247 -0.0252633 -0.00404145 -0.000532768 -0.00164712 0.0026488 -0.00129192 -0.00496435 -0.00760464 -0.00271696 0.034065 -0.00803891 -0.00217292 -1.946e-05 -0.0184915 0.00460221 -0.01128 -0.00109301 0.00476939 -0.00519356 0.0148102 -0.00143938 -0.00604241 0.00206951 -0.00332491 -0.028542 
-0.000626798 0.00222535 0.0125441 -0.000602335 -0.000971527 0.00389602 -0.00207057 -0.0157733 0.000276027 -0.000568504 -0.0143932 -0.00960715 0.24492 -0.00283268 -0.00656577 0.00435299 0.0239643 -0.0240012 -0.0137318 0.00772689 -0.00435244 -0.00466611 0.0231665 0.00302465 0.0221229 0.00166046 -0.00665126 -0.022096 -0.0261364 -0.016111 -0.00161842 -0.0144627 -0.0117097 -0.039838 -0.00362071 -0.011202 -0.00444661 -0.00278859 0.00277701 -0.0025325 -0.0092752 -0.00213946 0.00317649 0.000190356 -0.000296603 -0.0134371 -0.000972651 0.00100592 0.000898958 0.0117632 -0.011799 -0.00157314 -0.000505297 -0.00296109 -0.00844553 0.00841868 -0.0026466 -0.00316588 -0.00242376 -0.00225761 0.000118823 -0.0261015 -0.00293592 0.000328599 -0.000730788 -0.000449204 0.00237656 0.00211785 0.0070402 -0.00776659 0.00487575 -0.000995202 -0.0030503 0.000938514 0.00601522 -0.00776338 -0.000194718 0.00033153 -0.00500193 -0.00573466 -0.014539 -0.0137874 -0.00976959 -0.00190012 0.0139866 0.00132135 -0.000115899 -0.000858567 0.00159648 -0.00269849 0.000520655 -0.000926971 0.000220027 -0.00165321 0.0136718 0.0268463 -0.00712324 -0.00881368 -0.00532069 -0.0063097 
-0.00306129 -0.00161463 -0.00937446 -0.00138934 -0.00125514 -0.000871238 0.00016251 -0.00310296 -0.00415311 0.00185699 -0.00197872 -0.0131863 -0.00283268 0.222638 0.00330696 -0.0131727 -0.0140264 0.0136175 -0.00100609 0.0130077 0.00771869 -0.00687816 -0.00537353 -0.00527034 0.0118322 0.014386 -0.0143505 -0.0104406 0.00376543 0.00184031 0.00283678 -0.019257 -0.00547613 0.0107776 -0.0103179 -0.00126343 -0.00383303 -0.00187973 0.00276481 -0.00572165 0.000320747 0.00380206 0.00288995 -0.00540734 -0.00303827 0.00825076 -0.00142085 -0.00420245 5.60626e-05 -0.000404141 -0.00695 -0.00155717 -0.000808049 -0.0020005 -0.00888712 0.00797715 0.00130468 -0.00047255 0.00189047 0.00326583 -0.00110452 0.00631824 -0.00216866 -0.000718293 -0.00332015 -0.000894116 -0.00114485 0.00164846 -0.00136404 -0.00407123 -0.00156598 0.00089594 -0.00404991 -0.00164897 -0.00430574 0.00231592 0.00171005 3.17633e-05 0.00102205 -0.000457037 0.00501548 -0.00203629 -0.0071845 -0.00103484 -0.0181992 -0.00314055 -0.00276979 -0.00131654 -0.0418416 -0.00397588 0.00354884 -0.000179534 -0.00815562 0.00329854 -0.0124917 -0.0212845 0.00268511 -0.00894499 -0.00299018 -0.0101644 
-0.0030744 0.00333097 0.00510153 0.000919613 -0.00154876 -0.00116304 -0.000240008 -0.0166884 0.00797675 -0.00198668 0.014607 -0.0106708 -0.00656577 0.00330696 0.143627 0.00297585 -0.0146184 0.0146555 -0.00575689 0.000152535 -0.0200547 -0.0146937 -0.0256046 -0.00386607 0.00119689 -0.0167125 -0.0015321 0.00449337 -0.00306653 -0.00307349 -0.00044314 0.000801061 0.0112764 -0.00299189 -0.00115957 0.000469601 0.000721437 2.40344e-05 0.006324 0.00425011 0.00229728 -0.00249933 -0.00235857 0.0030529 0.000754551 -0.00786741 0.000427355 -0.000429714 0.000251903 0.000917878 -0.00514374 -0.00253987 -0.000686545 0.00112643 -0.00134028 -0.00365573 -0.000395057 -0.00107804 -0.000347625 -0.00130971 0.000565571 0.0106558 0.00744088 -0.000100185 -0.00244917 -0.000363514 0.00277341 0.00418461 -0.00101095 -0.00521659 -0.00376219 0.00109925 0.000966096 -0.000464516 0.00286588 -0.00263065 0.00203869 -0.000618319 0.000230841 -0.00177196 0.00577517 -0.00228164 -0.00184364 0.00228163 -0.00284824 -0.00247702 -0.000807331 0.000809636 -0.0146466 -0.00287283 0.00129417 0.000914601 -0.0060331 -0.000434071 -0.0096366 -0.0214951 0.00406948 -0.00538755 -0.00278088 -0.00590922 
-0.000730452 0.00103547 0.00272622 0.00190554 -0.000420165 -0.000147319 -0.000157274 0.00366576 0.00194626 -0.000684399 -0.000253784 -0.017791 0.00435299 -0.0131727 0.00297585 0.0889752 0.00454464 -0.00404567 -0.00772028 -0.00699668 -0.00236726 -0.00777255 0.000175025 0.00460814 -0.00775026 -0.0101285 -0.0183746 0.00134574 -0.0180374 -0.000183471 -0.00170953 -0.0062905 -0.000121642 0.000466282 -0.00102549 0.00285 -1.17982e-05 0.0011773 0.00233692 -0.00124535 -0.00661284 0.0030408 -0.00284548 -0.000950151 -0.000279303 -0.00381927 -0.000178246 -0.000510052 0.000360397 1.04964e-05 0.00121265 0.000591311 0.000264506 3.70433e-05 -0.00185891 0.00729452 -0.000738501 0.00199995 -0.000811926 -0.000915626 3.09267e-05 -0.00464545 -0.00016694 -0.00038138 -0.000447913 -0.000473279 0.00575133 0.000124676 0.00186719 -0.000403068 0.00346247 0.000474736 0.0014439 -0.000820638 0.00403906 -0.00154232 -0.000108977 -5.11715e-05 -0.00051617 -0.00135115 -0.00169789 -0.00384084 -0.000549351 0.000814113 -0.0104705 0.00351575 0.00412433 -0.000524945 0.0119891 -8.40349e-05 0.000319363 0.000424371 0.00193088 0.00236918 -0.00169716 -0.00177354 -0.00144531 -0.00270199 0.002092 -0.00231991 
-0.00547433 -0.000658296 0.00849135 -0.00381639 -0.000177011 0.00747563 -0.00375975 0.00291739 -0.00500869 -0.00605966 -0.050468 -0.0230582 0.0239643 -0.0140264 -0.0146184 0.00454464 0.231867 -0.0277001 0.0167135 -0.0147194 0.00433128 -0.00957817 0.0207884 0.007175 0.0187701 0.0240248 0.00103541 -0.0229979 0.0184139 -0.0116665 -0.00738279 -0.00235822 -0.00446754 -0.0106488 -0.0135672 0.00171087 0.00038649 -0.00406799 0.00364933 0.00259147 -0.0102034 0.00210695 -0.00676751 -0.00727943 -0.00167648 -0.0135605 -0.00226412 -0.00526981 -0.00865713 0.00664766 -0.00720709 -0.00151298 -0.001647 -0.00311478 -0.00358511 0.00905887 -0.00367202 0.000586614 0.00140042 -0.00433754 -0.00232823 0.00381687 -0.00296469 -0.00177664 -0.00476355 -0.00119433 -0.001513 -0.00302435 -0.00380165 -0.00755351 0.000402376 -0.00276735 -0.000804349 0.000335345 -0.00069002 0.0114613 -0.00285014 0.000217488 -0.000118013 -0.00572874 -0.00188877 -0.0135599 -0.00441581 -0.00185367 -0.0244083 -0.00441795 0.00225916 -0.00112331 0.0258009 0.00194296 -0.0030273 -0.00175737 0.00614276 0.000366612 -0.020797 0.00154 -0.00234925 -0.0184746 0.00170905 0.00233989 
-0.00535368 -0.00249549 -0.00149883 0.00680369 -0.00134074 0.00529134 -0.00111141 -0.00613887 -0.00219123 -0.000479324 0.0328371 0.00729179 -0.0240012 0.0136175 0.0146555 -0.00404567 -0.0277001 0.188366 -0.0108659 -0.000180504 -0.0172009 -0.0154133 -0.0257859 -0.0166299 -0.0141559 -0.0143481 -0.0379585 0.00367649 0.0229088 -0.0028938 -0.000492124 0.00503429 0.00486672 0.0136982 -0.00793369 0.00438422 0.00448588 0.00139748 -0.00113038 0.00108376 -0.00161311 -0.00599764 0.00409765 0.00634437 3.59381e-05 -0.00234095 -0.000839318 -0.000430503 -0.00305155 -0.000195073 -0.0014108 0.000846698 -0.000457063 0.000226491 -0.00320832 -0.000389636 0.000239652 -0.00117683 0.00154074 -0.00500815 -5.25103e-05 -0.00690629 0.00476234 -0.000469071 0.00268158 0.00126281 0.000484285 0.00161421 0.00061611 -0.00559287 -0.00257383 0.000872922 0.00144887 -0.00249545 3.9222e-05 -0.00588008 -0.0015058 -8.38347e-05 0.00792318 0.00472556 0.00495135 -8.35855e-05 -0.00611855 0.00068639 0.022571 -0.00260666 4.33917e-05 -0.000504861 -0.0487829 -0.0037322 0.00325447 0.00258136 -0.0085692 -0.00133496 -0.0122965 -0.0309569 0.00486831 0.00165129 -0.00582209 0.00306343 
0.00301727 -0.00393234 -0.014145 -0.00483393 0.00115883 0.00883206 0.00121625 0.0135766 -0.00436047 0.000519476 -0.0237618 -0.0336227 -0.0137318 -0.00100609 -0.00575689 -0.00772028 0.0167135 -0.0108659 0.204633 -0.0020997 0.000807617 -0.0232767 -0.0217117 -0.0376167 -0.0138698 -0.00582107 -0.0105023 -0.0128816 6.82655e-05 -0.00932886 0.00105856 0.00159149 0.00475584 0.0258228 0.00304225 0.00293897 0.00335659 -0.00173922 -0.00527548 0.00177195 -0.00549285 0.00697577 0.00497239 -0.00663038 -0.00281732 0.00280621 0.000612013 0.00600212 -0.00487392 -0.00291492 0.00251988 -0.00420845 0.00098756 0.000640777 0.00129688 -0.00276857 8.85534e-05 0.000990491 0.000321194 -0.00131228 -0.000241336 0.000509861 -0.00259322 -0.00041071 0.0118672 0.000959818 -0.00324673 0.00163749 -6.04112e-05 -0.00844512 0.00334243 -0.000834432 0.00206633 0.000291433 0.000686977 0.0225152 0.0018975 0.000773191 0.00280266 0.000920264 0.0108595 0.0179354 0.00622717 0.000906446 -0.037105 -0.00501695 -0.000880257 0.000951489 -0.00586705 -9.77012e-05 0.00558109 -0.000974651 -0.00970796 0.00146755 -0.0264049 -0.03576 0.0123703 0.000987837 0.000725136 0.00514786 
-0.0078448 -0.0140221 -0.014025 0.000843713 0.00142869 -0.00142079 0.00124283 0.00522151 0.00311358 0.000912857 0.00151043 0.0338812 0.00772689 0.0130077 0.000152535 -0.00699668 -0.0147194 -0.000180504 -0.0020997 0.239457 -0.00853149 -0.00832829 0.0228138 -0.025346 -0.000806563 -0.0294685 -0.00352097 -0.00765908 0.0105875 -0.00609426 -0.00498681 -0.0233551 0.00147078 0.0182056 0.000719246 -0.0119726 -0.00617085 -0.00234599 -2.40204e-05 -0.00238855 -0.0150077 -0.0157249 -0.00680263 0.00102904 -0.00273458 0.000496813 -0.00128818 -0.00193464 0.00328 -0.0188934 -0.00155081 -0.00553221 -0.00193778 -0.000651497 0.00789729 -0.0131801 0.00184365 -0.00405115 -0.00291683 -0.00275834 -0.000185738 -0.00308514 -0.00204182 -0.00217022 -0.00019512 0.00140948 -0.0102194 -0.000238721 -0.00321251 -0.00220223 -0.00380475 0.00107781 0.000481056 -0.00342833 0.00236699 -0.0155679 -0.00108593 -0.00118194 0.000531545 -0.000438937 0.00474354 0.00566641 0.00163294 -0.00108614 -0.00874382 -0.00557843 -0.00384101 0.000720328 0.00513522 3.39738e-05 0.00175319 -0.00025741 -0.0034135 0.00217307 -0.00287776 0.00210436 -0.00771815 -0.00376793 -0.00131048 -0.0217463 
-0.00281589 -0.00172454 -0.00795803 -0.00571784 0.00156131 -0.00199596 -0.000183177 0.0401451 -0.000530659 -0.00101497 -0.00815107 -0.0414243 -0.00435244 0.00771869 -0.0200547 -0.00236726 0.00433128 -0.0172009 0.000807617 -0.00853149 0.202184 0.015737 -0.00615559 -0.00691709 -0.00857034 0.0203365 -0.00896334 -0.017529 -0.0146469 0.0135168 0.00577383 -0.00634501 -0.00176234 0.00762114 -0.00299177 -0.00393104 -0.000877332 -0.00355043 -0.0158126 -0.00216265 -0.00849751 0.00663392 -3.91547e-05 -0.000147827 -0.00287173 0.000848647 4.10267e-05 -0.00546006 -0.00521412 0.000405983 -0.00367423 -0.00422053 -2.68141e-05 -0.00299693 -0.0104046 -0.00752908 -0.000421842 -0.00325269 -0.00125605 0.00175074 -0.0016239 -0.00982216 0.000496527 0.000541128 -0.00332909 -0.0017632 -0.00170728 -0.00511372 0.00129281 -0.00149609 -0.000171208 -0.000556175 -0.00560993 0.00134031 -0.0131739 0.0130652 -0.00229877 -0.000276587 -2.39136e-05 -0.00467176 -0.00358682 -0.000957902 0.000406323 -0.00111909 -0.0116357 0.00189431 -0.00605091 -0.0023524 -0.0011588 -0.00580698 0.0029791 -0.000595463 -0.000553535 -0.00659096 0.00248492 0.0264173 -0.0113281 -0.00760472 0.000370462 0.010529 
0.000527106 2.14279e-05 -0.0020351 -0.00028677 0.000305372 -0.000594311 -0.00226243 0.0118141 -0.00425115 -0.00127262 0.00463629 0.00359263 -0.00466611 -0.00687816 -0.0146937 -0.00777255 -0.00957817 -0.0154133 -0.0232767 -0.00832829 0.015737 0.13148 -0.00874286 0.0116921 -0.00171014 0.0162122 0.0172241 0.00593387 -0.00745865 0.00481185 0.000260261 0.0142528 -0.00542097 -0.0068167 0.00119853 0.00023907 -0.00230233 -0.000865524 -0.00926108 -0.00562942 0.00727975 -0.00351561 -0.000566253 -0.00286893 0.000181503 -0.00662123 -0.00101494 -0.000391825 -0.00705775 0.000713231 -0.00103633 0.00100884 -0.00134719 -0.0011693 -0.00490025 -0.00993291 -1.85647e-05 -0.00411022 -0.000144836 0.0021822 -0.00278898 0.0042552 0.00135091 -0.00072207 -0.00557988 -0.00155544 -0.00747733 -0.00455036 -0.00260004 0.00347022 -0.00238605 -0.00272926 -0.000760936 0.00430217 -0.00579975 -0.00250639 -0.00365153 -0.00127531 -0.00546553 -0.00206234 -0.00568573 -0.00301842 -0.000898022 3.89264e-05 0.00414439 0.00129634 -0.00385301 -0.00203059 0.00607015 -0.00059321 -0.00608702 -0.000516393 -0.00364815 -0.00396732 -0.000302428 0.0131196 -0.0119912 -0.000774589 -0.00131327 0.00145173 
-0.00377742 -0.00428454 0.0139873 0.00120094 -0.000825926 -0.000312115 -2.04003e-05 0.00566708 -0.00378395 -0.000706757 -0.0327485 0.0223793 0.0231665 -0.00537353 -0.0256046 0.000175025 0.0207884 -0.0257859 -0.0217117 0.0228138 -0.00615559 -0.00874286 0.246936 0.000814435 0.0138291 0.00117922 -0.0402978 -0.00945104 -0.0198927 0.00479094 -0.00329542 -0.0238849 -0.0157854 0.00897838 -0.00444433 -0.0129061 -0.00255168 -0.00182257 0.00935786 -0.00248556 -0.00047322 0.00503747 -0.0122091 -0.00279228 -0.00296621 0.0113607 -0.00121245 -0.00526708 -0.00890244 -0.00687876 -0.00587381 0.00103406 0.000574717 -0.00230766 0.00373921 0.00582935 9.32978e-05 0.000237525 -0.00183227 -0.00704597 -8.03067e-05 -0.030757 -0.00510809 -0.00154206 -0.0046672 -0.000231404 0.0065281 -0.0017241 0.001998 0.00339345 0.00266364 -0.000663054 0.00143877 -0.00736307 -0.00650845 -0.00273932 0.000545758 -0.00069603 -0.00755321 -0.00311932 -0.0136785 -0.00181517 -0.00314036 -0.00272326 0.000907889 -0.0027754 0.00200748 -0.00189671 0.0106815 0.00374357 -0.00455792 -0.00166374 0.00878435 -0.0026379 0.000690561 -0.00432681 -0.00525638 -0.00241362 0.000745792 -0.0140487 
-0.00908522 0.00422003 0.000733534 -0.00144051 -0.00260241 -0.0134626 -0.00313294 -0.0249817 0.00388461 -0.00456812 -0.00842698 0.0461525 0.00302465 -0.00527034 -0.00386607 0.00460814 0.007175 -0.0166299 -0.0376167 -0.025346 -0.00691709 0.0116921 0.000814435 0.24992 -0.00972151 -0.00455528 0.0392833 -0.00613934 0.0144155 -0.00620459 0.00107664 -0.0124161 -0.0182004 -0.0190806 0.00130481 -0.00101243 -0.00218631 0.000461627 -0.0148758 -0.00190257 -0.00669695 -0.00962901 -0.0193685 -9.40209e-05 0.00220438 -0.0107925 -0.00308034 -0.0010981 -0.00687185 -0.00143981 0.00170523 0.00312378 -0.000216648 0.000445131 0.0056259 -0.0132722 -0.00208355 0.00182852 -0.00311418 -0.00349827 -0.00205577 -0.0225799 3.4624e-05 0.00113595 -0.00459091 -0.00103812 0.00509056 0.000762265 -0.00535475 0.00421427 -0.00249625 -0.000243613 0.000290841 -0.00234831 -0.00101785 -0.0158544 -0.00565067 -0.000477166 -0.00244637 -0.00163615 -0.00727208 -0.0211072 -0.00832027 -0.000559915 -0.00634992 0.00197035 0.00414516 -0.00238464 0.0164926 0.00078803 -0.00753719 -0.000424072 0.0127061 -0.00290541 0.0139034 0.0267638 -0.00463191 -0.0169093 0.00110256 -0.00601133 
0.00229635 -0.0075118 0.00541745 -0.0043904 -0.00128276 -0.00504485 -0.00326288 -0.00874229 -0.00235636 -0.000377019 -0.0291309 0.0324594 0.0221229 0.0118322 0.00119689 -0.00775026 0.0187701 -0.0141559 -0.0138698 -0.000806563 -0.00857034 -0.00171014 0.0138291 -0.00972151 0.221529 0.00232826 0.00522649 -0.007841 -0.0278 -0.00594082 -0.00594105 -0.00305723 -0.00181103 0.00189792 -0.00836449 -0.0136735 -0.0111839 -0.00111451 0.00976647 -0.00929449 0.0146084 0.00673166 0.00440469 -0.00180188 -0.00561664 0.00850793 -0.00013273 -0.00689492 -0.00368979 0.00381696 -0.00799176 -0.0013454 -0.00191712 0.00093305 -0.00731999 0.00333351 -0.00252777 -0.0051339 0.000711572 -0.00570043 -0.000369133 0.0169829 0.000393489 -0.00207642 -0.00125325 -0.00306943 0.00132221 -0.000366424 -0.000297092 -0.00771713 -0.00354591 -0.00347879 -0.0039797 -0.00968987 0.00685306 0.00273765 2.81127e-05 -0.00180801 -0.00664877 -0.00165622 -0.00531774 -0.0103324 -0.00449785 -0.00206361 -0.00216579 -0.0115394 -0.00581623 -0.000309081 -0.013897 -0.00199614 -0.00417104 -0.00178567 0.00435573 -0.00716368 -0.0102859 -0.00566742 -0.00740957 0.00280303 -0.00640723 -0.0156364 
-0.00254546 -0.00120031 -0.0160031 -0.0062023 -0.00134378 0.00269842 -0.00308258 0.0183949 -0.00239853 -0.00570829 -0.0274576 -0.0216602 0.00166046 0.014386 -0.0167125 -0.0101285 0.0240248 -0.0143481 -0.00582107 -0.0294685 0.0203365 0.0162122 0.00117922 -0.00455528 0.00232826 0.214217 0.00613577 -0.00231034 -0.0133406 0.00245432 0.00913458 0.00424193 0.00247034 -0.0227361 -0.00509371 0.00271394 0.00156671 -0.00176193 -0.0111082 -0.00531739 -0.0114431 0.00382755 0.000252896 -0.00511764 -0.00267299 0.00184126 -0.00140938 -0.00636413 -0.00660806 0.00193335 -0.00712061 2.64674e-05 -0.000163296 -0.00260318 -0.00391713 4.35924e-05 -0.00102148 -0.00688354 0.00214717 0.00307629 -0.000585443 0.0191009 -0.00397344 -0.00179685 -0.00383413 0.000144555 -0.00292388 -0.006558 -0.00553319 0.00382854 -0.00751133 -0.00175975 -0.000697632 0.00183671 -0.017946 0.00994221 -0.00330188 -0.00132869 -0.0108705 -0.00451418 -0.00804667 0.00036923 0.00239039 -0.00181561 0.00170793 -0.00487937 -0.00359883 -0.00164081 -0.0171551 -0.00211763 0.00347849 -0.000805472 0.00334077 -0.000556052 0.00793143 -0.00604824 0.0018081 -0.0111925 0.00229605 0.00114039 
5.59964e-06 0.00206622 -0.0189915 -0.00741944 -0.000348591 -0.0104771 -0.000112026 -0.040786 -0.00265541 -0.00453593 0.00406394 0.0181741 -0.00665126 -0.0143505 -0.0015321 -0.0183746 0.00103541 -0.0379585 -0.0105023 -0.00352097 -0.00896334 0.0172241 -0.0402978 0.0392833 0.00522649 0.00613577 0.233272 -0.00807776 0.0207553 -0.00695369 -0.00769743 -0.00392198 -0.00772019 -0.0325129 0.0058899 -0.0019988 -0.00928934 -0.00206518 -0.0129631 0.00343558 -0.000904382 -0.0168765 -0.00424714 -0.00290506 -0.000173446 -0.0136004 -0.000580524 0.00341571 0.00270726 -0.00296619 0.00240052 -0.00304301 -0.00102336 0.000679453 7.56237e-05 -0.0168382 -0.00222734 -0.00320085 -0.00344439 -8.94208e-05 -0.00165742 0.0189479 -0.00214281 -9.03136e-05 -0.0071997 -0.00326958 -0.00397488 -0.00146619 -0.00459175 -0.0010478 -0.00534369 -0.000513797 -0.00387809 0.000941764 -0.00248776 -0.0160184 -0.00233794 -0.00236743 -0.00686356 -0.00357004 0.00100342 -0.00809651 -0.00258877 -0.00172918 0.00754186 -0.00231099 -0.00322365 -0.00222427 0.036958 0.00110746 -0.00246202 -0.00275417 0.00306055 -0.00594249 0.0210569 0.0252612 -0.00244251 0.00417472 0.0027291 0.00676458 
-0.0014244 -0.000815801 0.0015841 0.000883461 -0.000818445 0.00207957 -0.000634501 -0.00494757 -0.00340946 -0.00133471 0.0183633 -0.0083801 -0.022096 -0.0104406 0.00449337 0.00134574 -0.0229979 0.00367649 -0.0128816 -0.00765908 -0.017529 0.00593387 -0.00945104 -0.00613934 -0.007841 -0.00231034 -0.00807776 0.137997 -0.0130463 -4.18509e-05 -0.00275076 0.0114301 0.00637216 -0.0115903 -0.00208859 0.00126243 0.000296129 0.00111642 -0.00537639 0.000812553 0.00280822 -0.00457195 0.00109237 0.00185867 0.00240126 -0.000540247 0.000793618 -0.00144293 0.00345365 -0.000248549 0.00247035 0.00354431 -0.000190674 0.00140201 -0.000400356 -0.0105419 -0.000150872 0.000715061 -0.000798539 0.000134681 -3.87706e-05 -0.00336897 0.000285585 0.00147964 0.000595497 -0.000109519 -0.000134682 -0.000573055 0.000263535 0.00176264 -0.00290736 -0.000474211 0.000533818 0.00529321 0.00449159 -0.00948685 -0.000375849 -4.38362e-06 0.000240347 0.000998938 -0.00668462 -0.00165439 0.0010133 -0.000857342 -0.0136523 -5.19191e-05 -0.00292761 -0.00165606 0.00476417 4.94962e-05 0.000282831 -0.000201915 -0.00278672 0.00196947 -0.00471412 0.000146142 0.00252644 0.00918879 -0.000108738 0.00153207 
-0.00443947 0.000972952 -0.00880998 -0.00208374 -0.00218246 -0.00691221 -8.06565e-05 -0.0261658 -0.00505806 -0.00247543 -0.00505336 0.0155169 -0.0261364 0.00376543 -0.00306653 -0.0180374 0.0184139 0.0229088 6.82655e-05 0.0105875 -0.0146469 -0.00745865 -0.0198927 0.0144155 -0.0278 -0.0133406 0.0207553 -0.0130463 0.228437 -0.00334678 -0.00154335 0.00405127 -0.00166176 -0.00556068 -0.00289504 -1.68802e-05 -0.0020773 -0.0022001 -0.00359944 0.00584865 -0.00336821 -0.00935009 -0.00666923 -0.00397482 0.000827237 -0.00204769 -4.45234e-05 -0.000316057 -0.00207809 0.00120198 0.00195154 -0.00546129 -0.000815145 -0.00048751 -0.00520578 6.36136e-05 -0.00109744 0.00373658 -0.00105898 -0.00498096 -0.000563207 -0.00914165 -0.00444858 -0.000825197 -0.00266933 0.00151891 -0.00616595 -0.000526347 -0.00109849 -0.00154894 0.000353389 -0.00210345 -0.000772179 -0.000501288 -0.00697949 -0.0113008 -0.00128777 0.000482199 0.00344355 0.00318238 0.00728644 -0.00628821 -0.00226821 1.25017e-05 -0.00280035 0.000530271 -0.00099718 0.00312593 -0.0103851 0.000168991 0.00685595 -0.000824886 -0.00114185 -0.000120992 -0.0145941 -0.00144675 -0.000432476 -0.00274887 -0.00017303 -0.00978442 
-0.00169965 -0.00192456 -0.0044189 -0.000153997 -0.000360695 -0.00600375 -0.000452317 -0.000193184 0.00132117 -0.00297979 0.00110359 -0.0167059 -0.016111 0.00184031 -0.00307349 -0.000183471 -0.0116665 -0.0028938 -0.00932886 -0.00609426 0.0135168 0.00481185 0.00479094 -0.00620459 -0.00594082 0.00245432 -0.00695369 -4.18509e-05 -0.00334678 0.107255 -0.00146278 -0.000460706 0.000933288 -0.00457124 -0.00140588 0.000215916 -0.00275286 -0.000395161 -2.5247e-05 0.00218271 -0.00322803 0.000214473 -0.00316074 0.00170357 -0.000172165 0.00206039 -2.74991e-05 -0.00259489 -0.00123113 -0.00242724 -9.37509e-06 -0.000833769 -2.5183e-06 0.00033049 -0.00225667 0.00101836 0.000304669 -0.00171486 -0.000361271 0.00014107 -0.000599008 -0.00568464 -0.000454512 -0.000414719 -0.0018385 -0.000150551 -0.0021115 -0.00134451 0.000382575 -0.00184546 -0.00131106 0.000341783 -0.00183284 -0.00253338 -0.00228317 0.000767053 0.00181479 -9.42905e-05 -0.000685313 -0.00169914 -0.000448302 0.0017382 0.00319 0.000648415 0.00508921 0.00280787 -0.00290863 0.000386869 -0.0124935 -0.00251134 -0.00174802 0.000460635 -0.00109183 -0.000594013 0.00524076 0.0126288 -0.000186735 0.00287105 -0.00240204 0.000526282 
-0.00103356 -0.000407865 -0.00366501 -0.000845025 8.70945e-05 -0.00075697 2.96406e-05 0.00168253 5.59588e-05 -0.00170757 -0.00623724 -0.003098 -0.00161842 0.00283678 -0.00044314 -0.00170953 -0.00738279 -0.000492124 0.00105856 -0.00498681 0.00577383 0.000260261 -0.00329542 0.00107664 -0.00594105 0.00913458 -0.00769743 -0.00275076 -0.00154335 -0.00146278 0.0570384 0.00248456 -0.00221901 0.00105758 -0.00190043 0.00114667 0.00332537 6.34479e-05 -0.00330513 -0.000317307 -0.0036194 -0.000782931 0.000807025 0.001116 7.08712e-05 0.00198096 0.000121078 0.000360229 -0.000262317 0.0022425 -0.00184973 5.40476e-05 1.44944e-06 -0.000197698 -0.00125332 -0.00270258 0.000151581 -0.00033499 0.000314146 -0.000106592 0.000368961 0.00235383 0.000901743 4.02187e-06 -0.000166166 0.000163447 0.00095027 0.000716809 -0.000991946 0.000433374 0.000507384 0.000363472 -0.000100494 -0.00157253 -0.00170613 0.00086606 -0.000538015 6.5947e-05 -0.000474929 -4.28014e-05 0.00169862 -0.000466065 -0.0003921 0.000312871 -0.00527794 -0.00110396 -0.000226476 1.30666e-05 -0.00773537 0.000151246 0.00129816 -7.12473e-05 -0.000802779 -0.000107379 -0.00144938 -0.00169173 -0.0019255 -0.002104 -8.60367e-05 -0.000541875 
0.00275015 -0.0022832 0.00730824 0.00550149 -0.00157843 0.000981964 -0.00205866 -0.00383297 -0.00580073 -0.00282826 -0.00403819 0.000256595 -0.0144627 -0.019257 0.000801061 -0.0062905 -0.00235822 0.00503429 0.00159149 -0.0233551 -0.00634501 0.0142528 -0.0238849 -0.0124161 -0.00305723 0.00424193 -0.00392198 0.0114301 0.00405127 -0.000460706 0.00248456 0.165073 0.00696198 -0.0073623 -0.00323955 0.0023459 -0.000572799 -3.85321e-07 -0.00774058 0.00446409 0.00676483 -0.00060642 -0.00175744 -0.000820702 -0.000489221 -0.00218297 -0.000661925 -0.000446126 -0.00798039 0.00769526 -0.00422414 -0.000172195 -0.00066939 -0.000134019 0.001093 -0.00603524 -0.00107841 -0.0012767 0.000289541 -0.00245196 6.93724e-05 0.00845795 0.00134284 0.000265045 0.000637239 -0.000108361 -0.00585469 -0.00145639 -0.000801258 -0.00537928 -0.00246624 -0.00197395 0.0008055 -0.000575296 -0.00264651 -0.00633396 -0.00331767 0.000313647 -0.0010793 7.21006e-05 -0.00305996 0.000841065 -0.000713083 0.000259711 -0.00256422 -0.00255761 0.000265087 -0.00156878 -0.0156673 -0.00267661 -0.00489333 -0.000403471 -0.00223438 0.000544428 -0.00365255 -0.0191856 -0.00193007 0.00808475 0.0013512 0.00254972 
-0.00192819 -0.0017889 -0.00578079 -0.00119764 -0.000671078 -0.000677017 -0.00041837 0.00500231 0.00151075 -0.00179547 0.0040366 -0.0130461 -0.0117097 -0.00547613 0.0112764 -0.000121642 -0.00446754 0.00486672 0.00475584 0.00147078 -0.00176234 -0.00542097 -0.0157854 -0.0182004 -0.00181103 0.00247034 -0.00772019 0.00637216 -0.00166176 0.000933288 -0.00221901 0.00696198 0.101615 -0.00416822 -0.000747992 0.00109811 0.00117845 7.81695e-06 -0.0034465 0.00177207 -0.00241131 0.00346683 0.00333826 0.000434191 3.01608e-05 -0.000991304 -0.000114538 -0.00110206 -0.00237595 0.000934849 -0.00223154 -0.00131826 -0.000375088 0.000163965 0.0024639 -0.00659697 -5.90293e-06 0.000509229 0.00082641 -0.000535233 0.000963047 -0.00212092 -0.000903386 0.000190914 0.000980766 0.00155759 -0.00213152 0.000413902 0.000643385 0.000988952 -0.00214407 -0.000794905 0.00116454 0.00540942 -0.00207809 0.0059027 -0.000124128 -0.000213125 0.00244706 6.55257e-05 -0.00160242 0.00731644 0.00302216 0.00125381 -0.0140441 -0.000963998 -0.00131446 -0.000574143 -0.00703359 -0.000691302 -0.00038704 0.00023876 -0.00584597 0.000772047 -0.00918213 -0.0104953 0.000491058 -0.00236863 -0.00051499 -0.00570966 
-0.000970594 -0.00760874 -0.0143536 -0.00138252 0.000179355 -0.00364029 0.00161256 0.0204962 -0.00236825 -0.00254526 -0.0254459 -0.00812533 -0.039838 0.0107776 -0.00299189 0.000466282 -0.0106488 0.0136982 0.0258228 0.0182056 0.00762114 -0.0068167 0.00897838 -0.0190806 0.00189792 -0.0227361 -0.0325129 -0.0115903 -0.00556068 -0.00457124 0.00105758 -0.0073623 -0.00416822 0.205024 -0.0122887 -0.00106403 0.00772831 -0.000184526 0.00932234 -0.00211657 0.0112559 0.000715671 -0.00616558 -0.00666437 -0.00266389 0.00766899 -1.68174e-05 -0.00157098 -0.00973486 -0.00935804 -0.00158893 0.0031158 -0.000320779 0.00088355 -0.00481017 0.00318513 -0.000394247 0.00104826 -0.00100815 -0.00461901 -0.00205923 0.0163066 2.07652e-05 0.000408146 -0.000845045 -0.000632914 -0.00186322 -0.00106938 -0.00536016 -0.00365703 0.000728359 -0.000337223 0.00409222 -0.00570846 -0.00688423 0.00106901 0.0024934 -0.00120092 0.000573718 -0.00113989 0.00590293 0.0111832 0.00607233 -0.000796667 -0.0308533 -0.00383282 -0.00101257 -0.000335438 0.00651589 -0.000601189 0.00386786 0.000879996 -0.00678838 0.00540272 -0.0186407 -0.0165321 -0.00175602 -0.00491739 -0.000850877 -0.00971585 
