0.115531 -0.0021528 -0.00241091 -0.00393287 0.00164629 0.00116239 -0.00226249 -0.00104509 -0.000443646 -0.00337325 -0.00818133 -0.00843476 -0.0191827 -0.00483249 0.00774848 -0.00202076 0.0141517 -0.00110286 0.0039001 -0.003331 -0.0113977 0.00101619 0.0121425 -0.00889906 0.00344735 0.000627554 0.00129152 0.00244117 0.00599246 -0.00287812 0.00614462 -0.0104058 -0.00658481 -0.00201651 0.00215971 -0.00435462 -0.000567895 -0.00982795 -0.00193864 -0.00482885 -0.00360886 -0.00192922 -0.0013892 0.000762244 6.83446e-05 0.00174164 -0.000974915 -0.00610484 0.0123924 -0.00619054 -0.00607099 -0.00376136 -0.00529821 -0.000247094 0.00187493 0.00209586 -0.00609259 -0.00123064 0.00813041 0.00263228 -0.000461584 -0.00176827 -0.00355374 -0.00212632 -0.0021846 -0.000740395 -0.00114409 0.00295974 0.00525125 -0.00084699 -0.00467028 -0.00280307 -0.000147226 -0.00539814 -0.00385677 0.00879822 -0.00304935 0.00314996 0.000237258 -0.00165751 -0.0102013 -0.000788749 -0.00284798 -0.000374246 -0.00621225 -0.00240226 -0.00138821 0.00233138 0.000651098 0.00216228 -0.000612111 -0.00687193 0.00532387 0.00218317 -0.00360359 -0.000441616 -0.00116251 -0.001197 -0.00049628 0.000163907 
-0.0021528 0.0565687 0.000782117 0.000142274 -0.000723361 0.000422192 0.00131464 0.00489545 -0.000224496 0.000809753 -0.000269242 0.000503305 -0.00601023 -0.00194769 -0.000260951 -0.00744501 0.0016195 -0.00341646 -0.00774704 -0.00150758 -0.0014438 -0.00531062 -4.89406e-05 -0.00734673 0.000178315 -0.0062301 -0.00895507 -0.00360432 -0.0018618 -0.000512256 -0.00196627 -0.0014101 0.00153191 0.000938709 0.000903413 -0.003711 -0.000569087 0.000260866 0.0014422 -0.000284365 -0.000716012 -0.00306765 -3.45747e-05 3.81667e-07 0.000473771 -0.00164758 0.00129004 0.0028331 -0.00329552 -0.000969955 0.00261607 -0.00161099 0.00223324 0.00130445 -0.00088226 0.00145183 0.00292751 0.000718136 -0.000324303 8.91605e-05 -0.00185349 0.00222819 -0.00118852 0.000632092 0.00141152 0.00158074 -0.000216252 -0.0011443 0.00356663 -0.000477003 0.000253721 -0.00226109 -0.000903068 0.000679061 -0.000553799 -0.00112702 -0.00043455 -0.000377765 -0.004091 0.00133303 -0.000583082 0.00112669 0.00126201 -0.00158122 0.00340612 -0.00017275 0.00127603 -0.0017714 0.00028183 -0.000203304 0.00179142 -0.00416317 -0.000552125 -0.000634353 -0.000875302 0.000284039 0.000763312 0.00071918 -0.000313232 0.00213934 
-0.00241091 0.000782117 0.055009 0.000764754 0.000776226 -0.000559024 0.000957106 0.000745298 8.00861e-05 -0.00232134 -0.00212833 -0.00276151 -0.000569077 0.0111246 0.00238982 0.00326767 -0.0041951 -0.00315693 -0.00701804 -0.00346964 -0.00267875 0.003103 -0.00715803 -0.00176185 0.00098783 -0.00543442 -0.00329008 -0.00597969 -0.00535458 -0.00107771 0.000652766 -0.00184948 0.00241868 -0.00134762 -0.001216 -0.00192342 0.000526348 0.00352101 0.00107267 -0.00148467 -0.00103746 -0.00283336 -0.00177848 0.00200118 -0.00110609 -2.70592e-05 0.000819009 0.000936591 -0.00433156 -0.00120608 -0.00342317 -0.00164211 -0.00136843 -0.00102613 0.00215085 0.00020364 0.00181984 -0.000380585 -0.000163861 0.000293478 -0.00371095 0.00133121 0.00135058 0.00139862 0.000696565 -0.00100908 -9.42703e-05 0.00215273 -0.00176468 -0.000811716 0.00173614 0.000124791 -0.00187404 0.00128502 -0.00134043 0.000991367 -0.00265096 0.00468586 -0.00414457 -0.00288741 -0.00223078 0.00103479 0.00107481 -0.00325076 0.0013601 -0.000745456 -0.000712917 -0.00101781 -0.00334887 0.00452676 -0.00244746 0.00570921 -0.00128452 3.34853e-05 -0.00213336 -0.000500271 0.000255308 -3.08398e-05 -0.000504808 0.00181559 
-0.00393287 0.000142274 0.000764754 0.0778836 -0.00288444 -0.000234597 0.00053877 0.000523005 5.06364e-05 0.00293345 0.00022161 -0.000564502 -0.000232146 0.000531559 -0.00077199 -0.00701895 0.00273811 0.00372217 -0.00611378 -0.00739037 -0.00374449 -0.00116177 0.0081538 -0.00704184 -0.00535437 -0.00696443 -0.00668067 0.000431802 -0.00439533 0.00120104 -0.00211741 0.00493333 -0.000408205 0.00102642 0.000998518 -0.00789951 0.00247794 0.0041758 0.000380277 -0.000524587 0.00133549 -0.0052671 0.00142571 -0.00043635 -0.002797 -0.00225981 -0.000798608 0.000674478 0.0027232 -0.00222724 -0.00409465 -0.00082835 -0.00329255 -0.00320196 -0.00109534 0.00165741 -0.000812928 -1.0047e-05 -0.00105233 0.000113472 -0.00551405 -0.00173826 -0.00261176 0.000280442 0.000824147 0.00337787 0.00153302 -0.00419867 0.00326119 0.00119529 -0.000243998 0.000551132 -0.0020208 -0.0021538 -0.00283529 -0.00331139 -0.00118414 -0.00516152 0.00219171 -0.00117466 -0.00306532 -0.00138655 -0.000876143 -0.00239323 -0.000547717 -0.000299808 0.000351554 -0.000106635 0.00591954 -0.0010721 -0.000742415 0.00146257 -0.000516612 0.0019722 -0.000492237 -0.00114248 -1.80271e-05 0.000435441 0.00250032 0.000803124 
0.00164629 -0.000723361 0.000776226 -0.00288444 0.0678025 0.00271336 0.0022085 0.00156634 0.000244732 -0.00307402 -0.00370811 -0.000878336 -0.000921514 -0.00444482 0.00133174 -0.0043158 -0.00922848 -0.000202964 -0.00775558 -0.00407872 0.000837549 -0.000978288 -0.0037182 -0.00422262 0.00283878 -0.0019143 -0.00576027 -0.00474411 0.00289529 0.00619446 0.000229953 -0.00385024 0.00184035 -0.0026525 -0.000510869 0.00193797 -0.000713517 -0.00140963 0.00113747 0.00238485 -0.00329114 -0.00282651 -0.00205489 0.00145473 -0.00300383 -0.00223333 0.00130867 -0.000824419 -0.00222165 0.00140799 -0.00363808 0.00100103 0.000123367 0.00463386 -0.000439349 -7.30292e-05 -0.000250761 -0.000129115 0.00462832 0.00226384 -0.0036836 0.00124156 -0.000519285 0.000408372 -0.00018888 -0.0013386 -0.00124125 -0.00351995 -0.00265818 3.76318e-05 0.000896127 -0.00336162 0.00220978 -0.00423153 -0.000510727 0.00213012 -0.000290547 0.00165939 0.00139859 -0.00328829 -0.00512774 0.000896723 -6.49422e-05 0.00160698 0.00041564 -0.000492431 0.00219538 -0.00235949 -0.00101985 0.000981452 0.000815709 -0.00388432 0.00333086 -0.000161419 -0.00237375 -7.72778e-05 -0.000281181 -5.94834e-05 -0.000607638 -0.000613697 
0.00116239 0.000422192 -0.000559024 -0.000234597 0.00271336 0.0609044 0.00137619 -0.00138242 -0.000520059 -0.00116647 0.00120424 -0.00306121 -0.00195932 -0.00596602 -0.00430267 -0.00686562 -0.000920663 -0.000951199 0.000388095 -0.00083675 0.000305331 -0.00569149 -0.00710717 0.000588822 0.00537013 -0.00471565 -0.00946066 5.13601e-05 -0.00724001 -5.29844e-05 -0.000314217 -0.00281858 -0.003329 -9.23154e-05 -0.000161571 0.00278487 -0.000996243 -0.00148871 0.00147651 0.00379509 0.00225122 -0.00116836 0.00467544 0.000754619 -0.000239818 -0.00101594 -0.000235941 -0.0037115 -0.00110169 -0.000674929 0.000192657 0.00148471 0.00357786 -0.00089307 0.00319181 0.000220634 0.000340994 -0.000945655 -0.00234545 0.00223737 -0.0037131 -0.00075645 -0.000842869 -0.00112898 -0.000992054 -0.00069347 0.00169829 0.00683243 -0.000278868 -0.00139961 0.000989217 -0.000355665 -0.00374104 -0.0026872 -0.00161899 -0.00038463 -0.000831469 -0.0044901 0.0013508 -0.00323322 -0.00469264 -0.00136446 -0.00020409 -0.000146776 -0.000767227 -0.000491295 0.00355675 -0.000967294 0.00403032 -0.00135376 -0.000919581 -0.00103965 -0.00044716 0.00257204 -0.00118734 0.00194169 -0.000722768 0.000575523 0.000428789 0.000532601 
-0.00226249 0.00131464 0.000957106 0.00053877 0.0022085 0.00137619 0.0707306 0.00509696 0.00040508 0.00170181 -0.000904007 -0.00505715 -0.00595652 -0.000135871 -0.00563133 -0.0146687 -0.00449624 -0.00664165 -0.00829967 -0.00972432 -0.00433309 -0.0079563 -0.00329392 -0.0030332 0.00634236 -0.00447461 -2.06129e-05 -0.00659005 -0.0103103 -0.00354572 0.0019766 0.00032926 -0.000386014 0.00202235 -0.000957592 -0.00351204 -0.000923869 0.00419037 -0.000293532 0.000233938 0.00490743 -0.00470269 0.00334812 0.0026436 0.00215197 -0.000956503 0.00166896 -0.0011139 -0.00332091 0.000999427 0.000692142 -0.00258895 -0.00112904 0.00166775 0.00624548 0.000166544 0.00340129 -0.00185257 0.00730422 0.000817774 -0.00194409 0.000890873 -0.00154022 0.000633812 0.000360822 -0.00173554 0.000280813 0.000968826 -0.00242296 0.000346835 0.000820489 0.00160127 -0.00255181 -0.00111856 -0.000163808 0.00289689 -0.00333445 -0.00246311 0.00529058 0.00268913 -0.00695525 -0.000150534 0.000767786 0.000287769 -0.000130296 -2.63455e-05 -0.00103673 -8.9277e-05 -0.000937745 -0.000732451 -0.000392283 -0.00179437 0.00188999 0.000489105 0.000987059 0.000527225 0.000234972 0.00158672 -0.000617378 0.000220413 
-0.00104509 0.00489545 0.000745298 0.000523005 0.00156634 -0.00138242 0.00509696 0.0859509 -0.000925273 0.00851785 0.0118308 -0.00567108 -0.00798242 -0.00337282 -6.67248e-05 -0.00222168 0.000749742 -0.00747689 -0.00458011 -0.000736268 -0.00701713 -0.0111829 -0.0019476 0.000819799 0.00191342 0.00739284 -0.0100684 0.00657418 -0.00576518 -0.00447124 -0.00364017 -0.00436835 -0.00200168 -0.000507228 -0.00308825 -0.00685456 0.00345552 0.00361022 0.00187173 -0.00307871 -0.00351195 0.000269939 -0.00238429 8.41006e-05 0.000147709 -0.00294511 5.23493e-05 0.000382445 -0.00183358 0.000834915 -0.000328677 -0.00300903 -0.00187427 -0.000514956 0.000141584 -0.00199504 0.00408297 -0.00163504 0.000610092 -0.000992194 0.00791679 -0.00139001 -0.0030674 0.0019138 0.00217484 0.000813913 -0.00100202 -0.00967553 -0.00181617 -0.00084302 0.00322206 -0.000715947 0.00157296 -0.00468339 -0.00241147 -0.000729723 -0.00328155 -0.00272892 -0.000173609 0.000555615 -0.000292222 -0.000974658 -0.000392883 -0.0037905 0.0012866 -0.00120693 -0.00300215 -0.0054209 0.000178795 -0.00213645 0.00298303 -0.00492227 0.00140059 0.00145227 -0.00183051 -0.000671491 -0.00124488 0.00107599 -0.000396328 0.000609831 
-0.000443646 -0.000224496 8.00861e-05 5.06364e-05 0.000244732 -0.000520059 0.00040508 -0.000925273 0.0473834 -0.00225645 0.000788646 -0.0036855 -0.000416351 -0.00704422 -0.00354464 0.000320784 -0.00456238 -0.0020236 -0.000231572 -0.00117022 0.002803 -0.00114794 0.00680384 -0.00443959 -0.00159911 -0.00186729 0.000776779 -0.000221249 0.00303075 0.00501801 -0.00277541 8.08369e-06 -0.00480756 -0.00150128 0.00107483 -0.00177702 0.00108734 -0.000789329 0.000664158 0.000830755 -0.00222943 0.000223869 0.00214616 -0.000804709 0.00228506 -0.00125403 0.000261873 -0.00158516 0.00110706 -0.00183795 -0.000342954 0.0017832 0.00264906 -0.00130606 -0.000294855 -0.00100868 -0.00135331 -0.00107244 -0.00325435 -0.000110768 -0.00247861 -0.000210223 -0.00350074 -0.00053784 0.00110923 -0.00092931 -0.000173164 -0.00217383 -0.00436071 -0.000525337 0.00094516 -0.00204782 -0.00115313 -0.00226366 0.000472842 -7.58153e-05 0.00228155 -0.000446848 -0.0015815 1.76189e-05 0.00612323 -3.43365e-05 -0.00049231 0.00105974 -0.000713753 -0.000568236 -0.00168424 -0.000728834 0.00231377 -0.00254318 0.00314128 -0.0032676 -0.00179508 -0.000138817 -0.0012141 0.00097997 0.00117857 -0.000676446 -0.000692374 -1.34052e-05 
-0.00337325 0.000809753 -0.00232134 0.00293345 -0.00307402 -0.00116647 0.00170181 0.00851785 -0.00225645 0.0932438 0.0055208 0.000344815 0.00671089 -0.0110237 -2.53804e-06 -0.00581943 0.00834011 -0.0036443 -0.0165992 -0.00172167 -0.00228423 -0.0109253 0.00150503 -0.0175316 -0.0152507 0.00156124 0.00392245 0.00956342 -0.0106373 -0.00431251 0.000264285 0.00362251 -0.0015979 0.00902893 -0.00492896 -0.0050328 -0.000533998 0.00314329 -0.000583932 -0.00207573 0.00655155 -0.00196735 0.00294723 0.0025739 -0.00615319 -0.00263849 0.00121799 -0.00470887 0.00368796 0.0035705 -0.000777368 -0.00170418 -0.00490534 -0.00171511 -0.000322903 -0.00191622 0.000289897 -0.000572774 0.000170044 -0.00177199 0.00403134 -0.00405533 -0.00653126 0.00125042 -8.02861e-05 0.00270976 0.00324067 -0.00984586 -0.00507628 0.000526997 -0.00191148 -0.00145548 0.000616269 0.00117146 0.00184243 -0.00255918 0.00385925 -0.000602417 -0.00408128 -0.000962087 -0.00383273 0.0012444 -0.000861219 -0.00135982 -0.000892062 -3.55764e-05 -0.00387237 -0.00584875 0.00213344 -0.00152822 0.000320474 -9.0034e-05 0.00414311 0.00304959 -0.00215996 0.00061129 0.00227842 0.000286553 -0.000193896 -0.00137251 
-0.00818133 -0.000269242 -0.00212833 0.00022161 -0.00370811 0.00120424 -0.000904007 0.0118308 0.000788646 0.0055208 0.107101 0.00066649 -0.00378904 -0.00134502 0.00425791 0.000628272 -0.0195981 -0.017583 -0.00718216 0.00598721 -0.00896773 -0.0126293 -0.00227854 0.00190001 0.00818359 0.00359366 0.000229539 0.00580673 -0.00689387 -0.0038981 -0.00185704 -0.00359888 -0.00567826 0.00144014 -0.00494358 0.000709772 3.76864e-05 0.0015686 0.000843868 0.00318077 0.00627784 6.75435e-05 0.000949277 -0.00142957 -0.00254625 -0.000548222 -0.000359559 -0.000849603 -0.00027426 0.00121006 -0.00175532 -0.00381439 0.00036064 0.000233075 -0.00176541 -0.00238194 0.00121089 -0.00247875 -0.00478182 -0.000302669 0.0120234 -0.00353245 -0.000979308 0.000153613 0.00305185 0.0056337 -0.000810587 -0.00959957 -0.0106054 0.000825565 0.00234033 -0.00263342 -0.00231382 -0.00108102 0.00063762 -0.00201945 -0.00180395 -0.00365847 4.3579e-05 -0.000593985 0.000823033 0.0014101 -0.00141507 -0.00266852 -0.00349383 -0.00121714 -0.0018054 0.000235808 0.00609666 -0.00584434 0.0012794 -0.00379929 -0.000938155 0.000412212 -0.00582366 -0.00146779 -0.000626962 -0.00144824 -0.000652105 -0.00142459 
-0.00843476 0.000503305 -0.00276151 -0.000564502 -0.000878336 -0.00306121 -0.00505715 -0.00567108 -0.0036855 0.000344815 0.00066649 0.133298 0.00775429 0.0119267 0.014091 0.00397431 -0.0217861 0.0107627 -0.0199437 0.00544689 -0.00438229 -0.01004 -0.00668197 -0.0155018 -0.000424975 -0.0213475 0.00423262 -0.0110873 0.0024372 0.0026142 0.00438552 0.00184067 0.00611877 -0.00745865 0.00339577 -0.0088108 -0.000375355 0.00209181 -0.000566486 -0.00235513 0.00190928 -0.00493701 -0.00564873 -0.00091666 -0.00448084 -2.05503e-05 -0.00159179 0.00380765 -0.00861839 0.00286111 -2.33044e-05 0.00364708 -0.00620392 0.0037116 -0.00441228 -0.000413998 -0.000787835 0.00292649 -0.00710289 -0.00334868 0.00128939 -6.80105e-05 -0.00687354 -0.00386469 0.00177994 0.00220413 -0.00283653 -0.017759 0.00367614 0.00439191 0.00101513 -0.00298178 0.00142317 0.00241183 -0.000333268 0.00341284 -0.000966581 -0.000833484 -0.011724 -0.000491452 0.0111745 -0.00294469 0.00126142 -0.00492907 0.00386489 0.00189899 0.00508372 -0.0068866 -0.00629479 -0.00276749 -0.00494084 -0.00128648 -0.00331159 0.00738544 0.00550233 -0.00228992 -0.000953209 -0.000175619 0.00260329 -0.000231949 
-0.0191827 -0.00601023 -0.000569077 -0.000232146 -0.000921514 -0.00195932 -0.00595652 -0.00798242 -0.000416351 0.00671089 -0.00378904 0.00775429 0.24352 0.000734347 -0.0257413 -0.0326084 -0.0336231 0.0213434 -0.00240786 -0.00224453 -0.00131373 -0.0159974 -0.0196596 0.0134637 -0.0261093 0.010295 -0.0159629 -0.0184951 -0.00178081 -0.00413386 -0.00944895 0.0125449 0.00221965 0.00447179 -0.0114958 0.00571038 0.00416269 0.0194838 -0.001851 -0.00453497 -0.0032691 0.00182103 -0.00413763 0.00577472 -0.0155701 0.00118505 0.000355454 -0.000484225 -0.0108504 -0.00628844 -0.0114638 0.00827974 0.00226834 0.00386541 0.00655306 0.00620697 -0.00383853 -0.00679436 0.000165376 -0.0029928 -0.00605675 -7.28831e-05 -0.0127677 -0.000623447 0.00247171 -0.00488885 0.00275185 -0.00119762 -0.009203 -0.00165565 0.00120662 0.0041118 -0.00710332 0.0102774 -0.00032156 -0.00531789 -0.00692202 -0.0111764 -0.00240289 -0.00539128 0.0250023 -0.00895883 0.00112788 -0.00846554 -0.00398101 -0.000480434 0.0024298 -0.0103936 -0.00354638 0.0104614 -0.00756849 0.0122746 -0.00635945 -0.000241519 0.0141313 -0.00251292 -0.00836213 -0.00131192 -0.000878761 0.00314274 
-0.00483249 -0.00194769 0.0111246 0.000531559 -0.00444482 -0.00596602 -0.000135871 -0.00337282 -0.00704422 -0.0110237 -0.00134502 0.0119267 0.000734347 0.247027 0.0211414 0.00959309 0.000398154 0.0220269 -0.0106972 -0.0468987 0.00783762 -0.0218295 -0.000763378 0.0168501 -0.00101971 -0.0388243 -0.00657539 -0.0171608 0.00234272 -0.00904637 0.000540491 0.0331218 -0.00272817 -0.0184579 -0.010759 -0.0303007 -0.008119 0.0202902 -0.00208027 -0.00810124 0.00429927 0.00381327 0.00442812 -0.00397344 0.0097569 -0.00643015 -0.00161499 0.00367329 -0.0129371 -0.0126889 -0.00944129 -0.0113769 -0.018816 -0.00855121 -0.00601482 0.002995 -0.00411461 -0.00391205 0.0115681 -0.00050677 0.0024162 -0.00137454 -0.0127224 0.00209239 -0.00425337 -0.0124364 -0.0099371 0.0138192 0.00654515 -0.00546548 -0.00577453 0.00747174 -0.0149572 -0.00543404 -0.00691016 -0.00018071 -0.00243071 0.0156098 -0.0222706 -0.018095 0.0228513 -0.00202622 -0.00142601 -0.014807 0.00416296 -0.00417558 -0.0102034 -1.0447e-05 -0.00359655 0.00717482 -0.00246494 0.0111957 0.0141821 -0.000130166 -0.0142274 0.0038453 -0.00527541 -0.00218149 -0.00106377 0.000296491 
0.00774848 -0.000260951 0.00238982 -0.00077199 0.00133174 -0.00430267 -0.00563133 -6.67248e-05 -0.00354464 -2.53804e-06 0.00425791 0.014091 -0.0257413 0.0211414 0.152675 -0.0172878 -0.0213877 -0.0164877 -0.0320408 0.00544957 -0.00296988 6.15896e-05 -0.000849781 -0.031208 0.00819642 -0.0236139 0.00433273 -9.20895e-05 0.00416821 0.000656748 0.0189217 0.00137925 0.0105243 -0.0067967 0.000993619 -0.015565 -0.00155836 0.0064176 0.000647564 -0.00311356 0.00829859 -0.0108705 -0.00830072 -0.000553674 -0.00188041 -0.00416401 -0.00201643 0.00250628 -0.00249598 0.00163604 5.99427e-05 -0.00485355 -0.00990875 -0.00168875 -0.00551524 0.00114076 -0.00368601 0.00280427 0.0114756 -0.000484477 0.00165379 0.000764946 -0.00575619 -0.00136583 0.000178332 0.00518509 -0.00230384 -0.0176285 0.0190957 0.00869409 -0.00450262 0.0018421 0.00245396 -0.000658884 -0.00103389 0.00272911 -0.00642633 -0.000113307 -0.0123342 -0.00150384 -0.00129256 0.0049164 -0.00200685 -0.0051885 -0.00346914 -0.00125634 -0.00369616 0.000471696 -0.00470776 0.00303743 0.00129405 -0.00919933 0.00103175 0.00454578 -0.000664854 0.00277746 0.00248203 -0.00144819 -0.000193806 3.21851e-06 
-0.00202076 -0.00744501 0.00326767 -0.00701895 -0.0043158 -0.00686562 -0.0146687 -0.00222168 0.000320784 -0.00581943 0.000628272 0.00397431 -0.0326084 0.00959309 -0.0172878 0.234845 8.67018e-05 0.023985 0.0170194 -0.0158869 0.01127 0.0013566 0.0079102 0.013424 -0.0180938 -0.0114612 0.00246349 -0.00262723 -0.0173403 0.00753656 -0.000781887 -0.00118097 -0.0207842 -0.00670587 0.00761523 0.00374283 -0.00654162 -0.0211336 -0.0018875 -0.00289285 -0.00243675 0.00718149 0.00194295 -0.00889642 0.00347358 -0.000503356 -0.00143808 0.00714247 0.0150942 0.00427684 -0.0072986 -0.00354463 -0.0121365 0.00181779 -0.0164815 -0.0117566 0.000200842 -0.00454141 -0.0206343 -0.00950364 0.00290291 -0.0118186 -0.0128114 9.12886e-05 -0.00150722 -0.00345946 -0.00187435 0.00134032 -0.0138035 -0.00126324 -0.00248192 -0.00212997 -0.0012618 -0.00412938 0.00579444 0.00345608 0.0162584 0.0177567 0.0043448 -0.00683093 0.00692492 -0.000430589 -0.00574252 0.00820734 -0.00219192 -0.00168905 -0.0110316 -0.0136682 -0.0117966 -0.00746845 -0.00426148 0.01193 0.00351654 -0.00591918 -0.0070302 -0.0027521 0.00177321 -0.0031108 -0.00224494 -0.00499485 
0.0141517 0.0016195 -0.0041951 0.00273811 -0.00922848 -0.000920663 -0.00449624 0.000749742 -0.00456238 0.00834011 -0.0195981 -0.0217861 -0.0336231 0.000398154 -0.0213877 8.67018e-05 0.248657 -0.00480249 0.0519928 -0.0198347 -0.0152421 -0.0380863 -0.0262668 0.0162636 -0.0127869 0.0407242 0.0271551 0.0381377 0.000262249 -0.0183324 -0.00160603 -0.00971233 0.0163561 -0.00601792 -0.00715266 0.0118346 -0.00252892 -0.0127983 -0.00469825 -0.000755885 -0.0110461 -0.002618 -0.0162295 -0.00756212 0.00120562 -0.00188528 -0.00490467 -0.000781706 0.000519504 -0.0126125 0.00278636 -0.00961231 -0.000399734 -0.00479061 -0.00606894 -0.00437359 -0.00690891 0.00352593 -0.00582845 0.00391576 0.00831974 -0.00293203 -0.0076579 -0.00148178 -0.00555233 0.00217365 -0.00695463 0.016353 -0.00138015 -0.00376416 -0.0139664 -0.00527418 -0.000427959 0.00387512 -0.00791041 -0.0106448 -0.0126917 0.011167 -0.00311701 0.00755279 -0.0294466 -0.00281376 -0.00269723 0.00233301 -0.00282731 -0.00161061 -0.00151357 -0.0083741 0.00869256 -0.00684931 0.000680941 -0.00365576 0.00266738 -0.00522805 -0.00533878 0.00201999 5.40237e-05 -0.00312197 -0.000336075 -0.00369843 
-0.00110286 -0.00341646 -0.00315693 0.00372217 -0.000202964 -0.000951199 -0.00664165 -0.00747689 -0.0020236 -0.0036443 -0.017583 0.0107627 0.0213434 0.0220269 -0.0164877 0.023985 -0.00480249 0.236852 0.00114182 -0.000360654 -0.00147963 -0.0153866 0.0167061 0.00757449 -0.0432638 -0.0302158 -0.0277783 -0.00623753 0.0113674 0.00852926 -0.00478617 0.0283833 -0.00689224 -0.0157876 -0.00990017 0.00137888 -0.00524546 0.01765 0.00103471 -0.011751 0.000866378 0.00280898 0.0031616 -0.00283509 -0.0133496 -0.00248142 -0.00105934 0.000725282 0.00306671 -0.00582317 -0.0190385 0.0132067 -0.0211948 -0.00105894 -0.000383958 -0.00924053 -0.0102739 -0.00236267 0.00606431 -0.00518541 0.00416581 -0.00261159 -0.0125596 -0.00126916 -0.00319206 -0.00229044 0.00163786 -0.00181532 -0.0206653 -0.00510212 -0.00404796 0.00135404 -0.0161549 -0.0102186 -0.00375007 0.0064383 -0.00567971 -0.00349874 0.025019 -0.0134005 0.0101182 -0.00424674 -0.00237911 -0.0235252 0.00456417 0.000214806 -0.00069716 -0.0119424 0.00436695 -0.00337687 0.00345741 0.000894426 -0.0038324 0.0055886 0.00313311 -0.0028757 -0.00332897 -0.0027008 -0.00135121 -0.00593594 
0.0039001 -0.00774704 -0.00701804 -0.00611378 -0.00775558 0.000388095 -0.00829967 -0.00458011 -0.000231572 -0.0165992 -0.00718216 -0.0199437 -0.00240786 -0.0106972 -0.0320408 0.0170194 0.0519928 0.00114182 0.24989 0.00938382 -0.0246946 -0.0162301 -0.0236219 0.0290625 0.0159976 0.0425466 -0.00878231 0.0118825 0.0117383 -0.0141588 -0.0110248 -0.0190167 -0.020237 -0.00850102 -0.0126793 0.0141001 -0.00146647 -0.0164374 -0.00150896 -0.0047436 -0.00878103 0.015611 0.000715032 -0.00458453 0.00160537 0.0060402 -0.00776201 -0.00447043 -0.00914934 -0.0196253 0.0105555 0.00309867 0.0197326 -0.00948638 -0.00421305 -0.00266778 -0.00651839 -0.00112896 -0.0226035 -0.00413221 0.0106034 -0.00441631 0.0122472 -0.00279197 -0.00463052 -0.0107796 -0.00777343 0.00264838 -0.00878955 -0.00389542 -0.000998372 -0.0083375 -0.0106478 0.00126874 -0.00303114 -0.00845936 -0.0228877 -0.012109 0.0078613 -0.00131239 0.00337384 -0.00891625 0.00242175 -0.00878192 0.0143662 -0.00132505 0.00457543 0.00369565 -0.0118005 0.00049829 -0.00807883 0.002765 -0.00272815 -0.0101895 0.00475446 0.00235005 -0.00202283 -0.00363376 -0.000262544 -0.00239029 
-0.003331 -0.00150758 -0.00346964 -0.00739037 -0.00407872 -0.00083675 -0.00972432 -0.000736268 -0.00117022 -0.00172167 0.00598721 0.00544689 -0.00224453 -0.0468987 0.00544957 -0.0158869 -0.0198347 -0.000360654 0.00938382 0.236196 -0.00951726 0.0352653 -0.0293455 -0.00288454 0.0327766 0.00812965 -0.00595233 0.00347622 -0.00511995 -0.00702755 -0.00430109 -0.0410681 0.00216236 -0.00677615 -0.0059378 0.029713 0.00491814 -0.012524 0.000857777 0.0154986 0.000538634 0.00358821 0.000412836 0.00360395 0.00728301 -0.00507635 -0.00302287 -0.0121992 -0.00821207 -0.00699532 0.00261415 0.00617594 0.0199197 0.000829987 -0.0064364 -0.0013064 0.00180635 0.00275558 -0.0146103 -0.00166383 0.00695714 0.00942181 0.00238889 -0.00439334 0.00159281 0.0188237 0.00270481 -0.0255924 -0.0156748 0.000654737 0.00320257 -0.0104373 -0.0127928 -0.00406033 -0.00250214 -0.00510409 -0.0024314 -0.0214923 0.0010791 -0.0118239 -0.0420493 -0.00676441 0.000286423 0.000193233 -0.00684332 -0.00152809 0.0121722 0.0119326 -0.00290679 0.00190591 -0.00531649 -0.011976 -0.0168689 0.00371716 -0.000146784 0.000321823 -0.00208486 -0.0027911 -0.00231019 0.00491594 
-0.0113977 -0.0014438 -0.00267875 -0.00374449 0.000837549 0.000305331 -0.00433309 -0.00701713 0.002803 -0.00228423 -0.00896773 -0.00438229 -0.00131373 0.00783762 -0.00296988 0.01127 -0.0152421 -0.00147963 -0.0246946 -0.00951726 0.223414 0.00144192 -0.0277672 -0.0143648 0.00918007 -0.0190576 -0.0210919 -0.0288802 0.0094207 0.00745138 -0.00298379 0.00782221 -0.00491581 0.00409902 0.00493256 0.0120163 -0.000218383 -0.00643674 0.00221255 0.00318144 -0.00183645 -0.000112238 0.0079277 -0.0077018 0.00556659 0.00029494 0.00075848 -0.00335658 -0.0016369 0.0043779 0.00340058 -0.00787133 -0.00237711 -0.00940506 -0.0126995 -0.00200264 0.00202011 -0.00224748 0.025608 -0.00152054 -0.0109174 0.000192792 -0.00949543 0.00845932 -0.00265703 0.000966598 -0.00949434 3.01229e-05 -0.00189073 -0.00717931 -0.00706332 0.00625904 -0.0132293 -0.0113578 0.0137912 -0.00633147 0.0170326 0.00561033 0.000882072 -0.00369246 -0.00991341 0.00386832 -0.00220597 -0.000473091 -0.00736696 -0.00648255 -0.00930829 -0.0133331 -0.011321 0.000920362 0.00325744 0.00562045 0.00201854 0.000530784 -0.0020452 0.00236877 -0.00263418 -0.00077192 -0.00268207 0.00180814 
0.00101619 -0.00531062 0.003103 -0.00116177 -0.000978288 -0.00569149 -0.0079563 -0.0111829 -0.00114794 -0.0109253 -0.0126293 -0.01004 -0.0159974 -0.0218295 6.15896e-05 0.0013566 -0.0380863 -0.0153866 -0.0162301 0.0352653 0.00144192 0.248386 0.0414371 -0.00861543 0.00394815 -0.0353565 0.00895096 -0.00611541 0.00811149 0.0129299 0.00129734 -0.0141213 0.00137513 0.00125334 0.0098993 -0.00214882 -0.00688218 -0.0172804 -0.00429328 0.00351264 -0.00553375 -0.0111207 -0.000782427 0.00313582 0.00417829 -0.000662007 0.000584798 -0.0132024 0.00152844 -0.00128986 -0.00365833 -0.00441575 0.00157338 -0.00246739 7.44322e-05 0.00187622 0.00282549 -0.00682854 0.0036665 -0.00345726 -0.0152261 -0.00417868 0.0200679 -0.00884242 -0.00523364 -0.00814479 0.00366642 -0.0119772 0.0221352 0.000209294 -0.00269493 -0.00719527 0.00426803 -0.00984841 0.0075786 -0.00122621 0.019066 0.000803186 -0.000426827 -0.0113953 -0.0238517 -0.000262019 0.000814878 0.0202041 -0.0100344 0.00173449 -0.00460726 0.00838156 -0.0116887 0.00946231 -0.00503415 -0.0173899 -0.00705924 -0.00853667 -0.00514279 -0.00851507 -0.00668401 0.00141408 -0.00187112 -0.00274336 
0.0121425 -4.89406e-05 -0.00715803 0.0081538 -0.0037182 -0.00710717 -0.00329392 -0.0019476 0.00680384 0.00150503 -0.00227854 -0.00668197 -0.0196596 -0.000763378 -0.000849781 0.0079102 -0.0262668 0.0167061 -0.0236219 -0.0293455 -0.0277672 0.0414371 0.240062 -0.0155903 -0.0233163 -0.0420944 -0.00629312 0.0149181 0.0188073 0.0211418 0.00511625 0.0175672 -0.0222412 0.00597874 0.00323741 -0.0316683 -0.00673868 0.00323845 -0.00380296 -0.0124497 0.00292347 -0.00190003 0.0164776 -0.00349035 -0.0124077 -0.0103551 -0.00131988 0.00143136 0.014897 0.00183747 -0.0117454 -0.00304419 -0.0256836 -0.000680927 0.00457694 -0.00854996 -0.00569519 -0.00747916 0.00376789 -0.00221887 -0.011357 -0.022367 0.0132487 -0.00490983 0.00301357 -0.00489704 0.00113145 -0.00775134 0.00624968 -0.00605581 0.000437695 0.00121178 0.0135399 -0.0149435 0.0087331 0.00859341 0.0198715 0.000590884 -0.00527126 -0.0146316 0.0130645 0.00107457 -0.00405079 0.0149426 -0.00492561 0.00353811 -0.0117607 3.57695e-05 0.0107576 -0.0052853 -0.000348465 -0.023274 -0.00231792 -0.00177138 -0.00721055 -0.00758224 -0.00339115 0.00100543 0.000785096 -0.00908673 
-0.00889906 -0.00734673 -0.00176185 -0.00704184 -0.00422262 0.000588822 -0.0030332 0.000819799 -0.00443959 -0.0175316 0.00190001 -0.0155018 0.0134637 0.0168501 -0.031208 0.013424 0.0162636 0.00757449 0.0290625 -0.00288454 -0.0143648 -0.00861543 -0.0155903 0.208516 -0.00842056 0.0227228 -0.00821082 -0.00816413 -0.0355526 -0.0235033 -0.00985526 -0.00290624 -0.0177186 -0.012212 -0.0162096 0.00468443 -0.0070929 0.00473755 -0.00244276 0.00274216 -0.00252438 0.0124556 -0.0043767 -0.00138754 -0.00280529 0.00190636 -0.00448733 0.00392241 -0.00772724 0.00407925 0.00517315 -0.000674843 0.00143008 0.00377243 0.00146314 0.00222638 0.00266757 -0.00354212 -0.0133073 -0.000919104 0.00680382 -0.00200829 0.00618686 0.00253985 -0.00229935 -0.0092794 -0.00230629 0.0409892 -0.0230383 -0.00255093 0.00136198 0.0120714 -0.0016531 -0.000775705 -0.0091614 -0.00602793 -0.0177735 0.000643655 0.00928098 -0.00532547 0.0116147 -0.00496712 -0.00528245 0.00328875 0.00168952 -0.000604408 0.00250608 -0.00956704 -0.00385201 -0.00136387 -0.00629286 0.00631516 0.00081538 -0.00997927 -0.00796158 -0.00586503 -0.00680204 -0.00437733 -0.00267475 -0.000282884 
0.00344735 0.000178315 0.00098783 -0.00535437 0.00283878 0.00537013 0.00634236 0.00191342 -0.00159911 -0.0152507 0.00818359 -0.000424975 -0.0261093 -0.00101971 0.00819642 -0.0180938 -0.0127869 -0.0432638 0.0159976 0.0327766 0.00918007 0.00394815 -0.0233163 -0.00842056 0.180567 -0.0289935 0.0015024 -0.0137708 -0.016124 -0.00569131 0.00265143 -0.0175035 -0.0091787 -0.00497514 -0.005702 0.0167978 0.00548638 -0.0183419 0.00308188 0.013478 0.000931547 -0.0148127 -0.0048796 0.00330107 0.0170413 0.00795914 -0.00119304 0.00100594 -0.0149601 -0.00712606 0.0133052 -0.00744454 0.0187837 -0.00284432 -0.00254976 0.00171901 0.00536995 -0.00296628 -0.0144774 0.000632925 -0.00588354 0.000187238 0.00679618 -0.000394969 0.0037961 0.000366041 -0.00463941 -0.00928524 0.00303459 0.00232182 0.00179545 0.00694445 -0.0137165 -0.00877549 -0.00050944 0.000434458 -0.00394905 -0.0123168 -0.00743167 -0.0129214 -0.0229352 0.00444719 0.0026003 0.00274348 -0.000121333 -0.0058781 0.0114444 0.0230172 -8.36945e-05 -0.0042812 -0.00624235 -0.000139305 -0.00735066 0.00461608 -0.00272004 0.00492015 0.0023739 -0.00226675 0.000302887 0.00589962 
0.000627554 -0.0062301 -0.00543442 -0.00696443 -0.0019143 -0.00471565 -0.00447461 0.00739284 -0.00186729 0.00156124 0.00359366 -0.0213475 0.010295 -0.0388243 -0.0236139 -0.0114612 0.0407242 -0.0302158 0.0425466 0.00812965 -0.0190576 -0.0353565 -0.0420944 0.0227228 -0.0289935 0.243692 0.0164276 0.0180349 0.000340418 -0.0150101 -0.0117857 -0.0246572 -0.00414393 0.000870258 0.000979962 0.00843868 0.00561274 -0.0117457 -0.00495671 -0.00127959 -0.0143862 0.0192781 -0.000252246 -0.00382786 0.000192004 0.00189903 -0.00446899 -0.00871701 0.00148215 0.00445015 -0.00295384 0.00276818 0.0136993 0.00237423 -0.00192645 -0.00626638 -0.0068948 0.00344363 -0.00955492 -0.00271896 0.0117747 0.00787164 0.00223114 0.00272406 -0.00477889 0.00121926 -0.00142133 0.00457927 -0.00820913 -0.00511761 -0.000119707 -0.0148616 0.011192 0.00890309 -0.00902302 -0.0160777 -0.0165595 -0.00454428 -0.00857719 0.0227204 -0.00950846 -0.00764503 -0.00530294 3.8431e-05 -0.00152737 0.00272355 -0.000397088 -0.00930363 -0.00240679 -0.000460593 0.000282848 0.00302299 0.0063528 -0.00888122 -0.000971009 -0.00544918 -0.00112223 -0.00335194 -0.00415158 0.000668343 
0.00129152 -0.00895507 -0.00329008 -0.00668067 -0.00576027 -0.00946066 -2.06129e-05 -0.0100684 0.000776779 0.00392245 0.000229539 0.00423262 -0.0159629 -0.00657539 0.00433273 0.00246349 0.0271551 -0.0277783 -0.00878231 -0.00595233 -0.0210919 0.00895096 -0.00629312 -0.00821082 0.0015024 0.0164276 0.238077 0.0229937 0.00894883 0.00124755 -0.0008619 -0.0213026 0.0299404 0.00760009 -0.00612808 0.013536 -0.00570516 -0.0149972 -0.00356809 -0.00188461 0.000242762 -0.00396445 -0.0187594 -0.00482492 -0.00693164 -0.00264208 -0.00131234 -0.00302247 -0.00048121 -0.0100322 -0.00592551 -0.00900021 -0.00320721 0.00458774 -0.002804 -0.00737746 -0.00560788 -0.0010563 -0.014381 -0.00215948 -0.00652733 0.00875762 -0.0175642 -0.00590715 -0.00403799 0.00091448 0.00172678 -0.0108195 -0.0140366 0.00616692 -0.0128806 0.00235536 0.00414689 0.00991748 -0.00795837 0.00249341 0.00242181 0.0136273 -0.0120727 0.0116135 -0.00952871 -0.00408959 0.00245623 0.00226455 -0.0146922 0.00129565 -0.00952159 0.00603325 -0.00392372 -0.0147123 0.00321788 -0.00412087 -0.000554185 -0.00829948 -0.00349654 -0.00257319 0.00473959 -0.00294637 -0.00485817 -0.00466616 
0.00244117 -0.00360432 -0.00597969 0.000431802 -0.00474411 5.13601e-05 -0.00659005 0.00657418 -0.000221249 0.00956342 0.00580673 -0.0110873 -0.0184951 -0.0171608 -9.20895e-05 -0.00262723 0.0381377 -0.00623753 0.0118825 0.00347622 -0.0288802 -0.00611541 0.0149181 -0.00816413 -0.0137708 0.0180349 0.0229937 0.155276 -0.000942902 3.9464e-05 -0.000590996 -0.0153523 0.0116302 0.00466048 -0.0044654 0.000889702 -0.00333437 -0.00735282 -0.00114944 -0.00411363 -0.00718734 -0.00345355 0.00524706 0.00113074 -0.0028628 -0.00574135 -0.00357369 -0.00273711 0.00279837 -0.00805727 -0.00304997 -0.00212011 -0.00324893 -0.00288385 -0.00432003 -0.0055495 -0.00638469 -0.00239106 -0.0108463 -0.00206913 0.0106478 -0.0027941 -0.000345315 -0.00289273 0.000458268 0.00303401 0.00528659 -0.0102518 -0.0134707 0.00486227 -0.00384896 -0.000420688 0.0116454 -0.0055299 -0.00335637 -0.00286079 0.000182872 -0.00366757 -0.00361342 -0.00241438 -0.0132812 -0.00218562 -0.00443128 -0.00166672 -0.00703818 0.00367507 0.00136291 -0.00387702 0.00407078 -0.00817241 -0.000322263 -0.00473274 -0.00452841 0.00350418 -0.00501912 -0.00189802 0.00145823 -0.00156894 -0.000576575 -0.00385903 
0.00599246 -0.0018618 -0.00535458 -0.00439533 0.00289529 -0.00724001 -0.0103103 -0.00576518 0.00303075 -0.0106373 -0.00689387 0.0024372 -0.00178081 0.00234272 0.00416821 -0.0173403 0.000262249 0.0113674 0.0117383 -0.00511995 0.0094207 0.00811149 0.0188073 -0.0355526 -0.016124 0.000340418 0.00894883 -0.000942902 0.194568 0.0195014 0.00252629 -0.0120402 0.00253427 -0.0030626 0.00749212 -0.00522676 -0.00813576 -0.0012686 -0.0014736 -0.00231595 -0.0128534 0.00322792 -0.000131103 -0.00457918 -0.0135357 -0.00975999 -0.00393749 0.00201069 0.00329897 -0.0068276 -0.0036435 0.00334074 0.00263874 0.000539388 -0.00764539 -0.00611074 -0.00466402 0.0032768 0.0185964 -0.00174736 -0.00442041 -0.00335216 0.000461599 0.000214468 -0.00196687 -0.00200534 -0.00506224 -0.0194169 0.00916987 0.00402126 -0.00133942 -0.0204305 0.00892603 -0.0090321 -0.00501869 -0.0046777 0.0012473 0.00737696 -0.00809651 -0.000159548 0.00548027 0.00158107 0.00148656 -0.012014 -0.00689659 -0.000171555 -0.000310567 -0.00842757 -0.0105297 -0.00372416 0.00101184 -0.0204499 -0.00169062 0.00334225 -0.0040394 0.000305871 -0.00450466 0.000305964 0.000952568 -0.00328413 
-0.00287812 -0.000512256 -0.00107771 0.00120104 0.00619446 -5.29844e-05 -0.00354572 -0.00447124 0.00501801 -0.00431251 -0.0038981 0.0026142 -0.00413386 -0.00904637 0.000656748 0.00753656 -0.0183324 0.00852926 -0.0141588 -0.00702755 0.00745138 0.0129299 0.0211418 -0.0235033 -0.00569131 -0.0150101 0.00124755 3.9464e-05 0.0195014 0.130479 0.00238053 0.00250465 0.000207266 0.000933118 -0.000695095 0.00454102 -0.0033543 0.000579018 0.000278349 -0.00175855 -0.00495617 0.0045333 0.00868756 -0.00504405 -0.00718534 -0.00138484 -0.000208405 -0.00261782 -0.00572173 0.00260146 -0.00666628 0.00202871 -0.00863493 0.000734468 -0.00434352 -0.000662444 0.000815756 -0.00368047 0.0049903 0.00227223 -0.010412 -0.0076378 -0.00317026 -0.00199855 -0.00155638 -0.00614289 -0.00188108 -0.00343143 -0.00665934 -0.00488234 -0.000766019 -0.00960694 -0.00528737 -0.00724194 0.00276656 0.00467266 0.00895396 0.00469513 -0.00592926 -0.00849191 0.00572515 -0.000518905 -0.000362002 -0.00170138 -0.000759687 0.000663137 -0.00483994 -0.00588138 0.00412656 -0.00497753 0.00420993 -0.00683767 -0.00683084 -0.00219509 -0.00216195 -0.00122789 -0.000448469 0.000127287 0.000396348 -0.000561232 
0.00614462 -0.00196627 0.000652766 -0.00211741 0.000229953 -0.000314217 0.0019766 -0.00364017 -0.00277541 0.000264285 -0.00185704 0.00438552 -0.00944895 0.000540491 0.0189217 -0.000781887 -0.00160603 -0.00478617 -0.0110248 -0.00430109 -0.00298379 0.00129734 0.00511625 -0.00985526 0.00265143 -0.0117857 -0.0008619 -0.000590996 0.00252629 0.00238053 0.0989061 -0.0106595 0.00465338 -0.00190351 0.00165643 -0.00316175 -0.00152094 0.00267246 -0.00140696 0.000579685 -0.00515168 -0.00701427 -0.00132096 0.000603137 0.00173248 -0.00321455 -0.000623665 -0.00462494 0.00302336 -0.0023804 -0.00222433 6.22068e-05 -0.00507907 -0.000730257 0.000335123 -0.00129801 -0.0010861 0.0034244 0.0052479 -0.000515983 0.00134217 -0.00252689 -0.000110889 -0.000566338 -0.00144895 -0.0034152 -0.00108145 -0.00820367 0.00266801 -0.000425042 -0.00226232 -0.00565115 0.00293911 -0.00569004 0.00593433 0.000874512 0.00498225 0.00101991 -0.00384356 -0.000941736 -0.00885059 0.00133161 -0.00176159 0.0067022 -0.00338604 0.000132831 -0.00315972 -0.00625545 -0.00105898 -0.00595915 -0.00184664 -0.00991261 0.00131701 0.00124719 -0.0023902 0.00483106 0.000149875 0.00035996 0.00114781 -0.00160216 
-0.0104058 -0.0014101 -0.00184948 0.00493333 -0.00385024 -0.00281858 0.00032926 -0.00436835 8.08369e-06 0.00362251 -0.00359888 0.00184067 0.0125449 0.0331218 0.00137925 -0.00118097 -0.00971233 0.0283833 -0.0190167 -0.0410681 0.00782221 -0.0141213 0.0175672 -0.00290624 -0.0175035 -0.0246572 -0.0213026 -0.0153523 -0.0120402 0.00250465 -0.0106595 0.16694 -0.00982008 -0.00299217 -0.00471917 -0.0153865 -0.00200259 0.0275324 0.000115025 -0.0108564 0.0123269 -0.00871987 0.000599479 -0.00346186 -0.00758085 0.00187245 0.00104265 -0.000670816 -0.0100303 -0.0015479 -0.00125395 0.00123288 -0.0117009 0.000161492 0.00366162 0.00272558 -0.00195321 -0.00137207 0.00832221 -0.00403517 0.000469988 -0.00547677 -0.00568349 0.00183667 -0.00251183 -0.00582653 -0.000117767 0.0244234 0.000683462 -0.00739784 -0.00370657 0.00415736 -0.00125333 0.00248416 -0.00483789 -0.00560021 -0.0058709 -0.0141649 0.01099 -0.00548792 0.0241304 -0.00229185 -0.00143865 -0.0120531 0.00671902 -0.0012642 -0.00262869 -0.0138988 0.00665397 -0.00475071 0.00340943 0.000600536 0.0057592 -0.00488121 0.00266748 -0.00375758 -0.00246574 0.000121296 -0.0018504 -0.000552981 
-0.00658481 0.00153191 0.00241868 -0.000408205 0.00184035 -0.003329 -0.000386014 -0.00200168 -0.00480756 -0.0015979 -0.00567826 0.00611877 0.00221965 -0.00272817 0.0105243 -0.0207842 0.0163561 -0.00689224 -0.020237 0.00216236 -0.00491581 0.00137513 -0.0222412 -0.0177186 -0.0091787 -0.00414393 0.0299404 0.0116302 0.00253427 0.000207266 0.00465338 -0.00982008 0.170041 0.00216067 -0.00437062 0.010038 -0.00188144 0.0018896 -0.00156728 0.00601749 0.00128068 -0.0102704 -0.00783743 -0.00076264 -0.00908859 -0.00593013 -0.000651226 -0.00091711 -0.0108878 -0.00561573 0.000782773 -0.00395901 -0.00444626 -0.00145418 -0.00876474 -0.00116806 0.00183138 0.0045681 -0.000619639 0.00274379 -0.00148927 0.0128901 -0.017469 -0.00682516 0.00152906 -0.00078953 -0.00504795 -0.0190752 -0.00546087 0.0057737 -0.00484858 -0.0106987 -0.00574807 0.0136228 -0.00120466 -0.00439311 0.00611479 -0.000656177 -0.0126231 0.0103354 -0.0192617 -0.00207322 -0.000231142 -0.00860313 0.006866 0.0113827 -0.00698459 -0.00861828 0.00483918 0.00283107 -0.00196188 -0.00992818 -0.00560388 -0.00434953 0.00798091 0.00349654 0.00975111 -0.00167279 -6.87162e-05 -0.00294731 
-0.00201651 0.000938709 -0.00134762 0.00102642 -0.0026525 -9.23154e-05 0.00202235 -0.000507228 -0.00150128 0.00902893 0.00144014 -0.00745865 0.00447179 -0.0184579 -0.0067967 -0.00670587 -0.00601792 -0.0157876 -0.00850102 -0.00677615 0.00409902 0.00125334 0.00597874 -0.012212 -0.00497514 0.000870258 0.00760009 0.00466048 -0.0030626 0.000933118 -0.00190351 -0.00299217 0.00216067 0.0850006 0.000570252 0.00894733 4.96e-05 0.00240188 -0.000988078 -0.00359372 0.00212477 -0.00282165 -0.00384345 0.000408272 -0.00323215 -0.00226861 0.00234681 0.00104477 -0.00210782 0.00317852 -0.000734812 -0.000933037 0.000497793 -0.000558424 0.000562173 -0.00207204 -0.0015464 -0.00150245 0.001431 -0.00113268 -0.000554602 -0.00179263 -0.00162941 -0.00115387 1.29084e-05 -0.00113582 0.000887403 -0.00572036 0.00310587 0.000982286 -0.00118685 0.00200609 -4.60987e-05 0.000863983 0.00240897 -0.000213233 0.00482804 0.00149138 -0.00734 0.00578058 -0.00542136 0.00210492 -0.000195135 -0.000998227 0.000162086 -0.000110611 -0.00243618 -0.000850415 -0.00413298 -0.00285713 -0.00419977 -0.00044091 -0.000939185 -0.0024781 0.00269573 -0.00198588 0.000299428 0.00233149 0.000260254 -0.000350465 
