0.186654 0.0184179 -0.0122669 -0.00235456 7.59203e-05 0.00274164 -0.0116647 -0.00735461 0.00221723 0.0149731 0.0056665 -0.00221555 0.00363924 0.0197064 -0.0326155 -0.00814444 0.00439216 0.0238217 -0.0134523 -0.0207665 -0.0108218 -0.00463319 -0.00967681 0.000352916 0.00916779 -0.0181305 0.0037464 0.0044091 0.00309086 -0.00748193 0.0142819 0.0151722 0.00181354 -0.00443604 0.00610117 -6.47698e-05 -0.0079507 0.00227066 -0.00640268 -0.0122096 0.00449568 -0.00873249 -0.00287426 -0.00794273 -0.0102075 -0.000265361 -0.00306485 -0.0114515 -0.000726737 0.00530398 -0.00243351 -0.00829 -0.00357532 -0.00707315 -0.0333411 -7.92174e-05 0.000654601 0.000446188 -0.00453343 0.0064935 -0.0049951 -0.00229801 0.00611637 -0.0021096 0.00150907 -0.00950478 -0.00340027 0.00338446 0.000923084 0.00632937 -0.00833798 -0.00592333 -0.00436487 0.00322225 -0.0025255 -0.00200977 0.00193598 -0.00326843 0.00215791 -0.00945928 -0.00111898 0.0033588 -0.000594535 -0.00265669 0.00325193 -0.00744766 -0.00395368 0.00838482 -0.000239394 -0.0016331 0.00104399 0.000772588 -0.00555191 -0.0129672 -0.000574968 0.00133427 0.000703489 -0.000650002 -0.00018322 -0.0115321 
0.0184179 0.203989 0.0058357 -0.00836996 0.000509728 -0.00255623 -0.0053737 -0.0132165 0.00621956 -0.00159338 -0.015889 0.00259942 -0.00968583 0.00463663 0.00525722 -0.0130948 0.00548305 -0.000130843 0.0103958 -0.0247618 0.0078912 0.0287391 0.00705291 0.00302116 -0.0156282 0.0109589 0.020601 0.0131715 -0.00351151 -0.00475671 -0.0116857 0.00226741 -0.00650107 -0.0045458 -0.000761287 0.000249033 -0.00169791 -0.00146228 -0.0190556 -0.0109192 -0.0050135 -0.00493688 -0.0110197 0.00813068 -0.0112111 -0.000227319 -0.0025319 -0.00618513 -0.000826766 -0.00772689 -0.0011984 -0.00282503 0.00160072 -4.08292e-05 -0.0358752 -0.00315702 -0.00869867 -0.00209524 5.99051e-05 -0.00400558 -0.00293076 -0.00964776 0.00423588 0.00292452 -0.00692298 0.00283722 -0.000555895 -0.0065738 -0.00265284 -0.00115307 0.0137519 -0.00369963 -0.00242015 -0.00591236 -0.00276373 -0.00221294 0.00321449 -0.00281932 0.0127445 0.000330468 -0.00564549 -0.00422241 0.00357303 0.000635026 0.000872394 -0.00418377 -0.00603825 -0.001263 -0.00350573 -0.00376106 -0.00434511 -0.00218223 -0.00537674 -0.00667841 -0.00174308 -0.0015822 0.000974492 0.000789859 -0.00225203 -0.0281544 
-0.0122669 0.0058357 0.0877867 -0.00637336 -0.0014596 0.000512479 0.00305211 -0.00111314 -0.00468605 -0.00446514 -0.00889326 0.00424531 0.0016634 -0.00876157 0.000760738 -0.00494384 0.00612359 -6.44694e-05 -0.00609219 0.0119465 -0.00401221 -0.00825473 -0.00533511 0.0012683 -0.007776 0.0063334 -0.00943956 -0.00410086 0.00596179 -0.00215937 -0.00420929 -0.00370837 -0.00164015 -0.000221238 -0.00249737 -0.00122819 0.00174262 0.000110206 -0.0030855 -0.0113608 -0.00178725 -0.00243042 -0.000103895 0.00310053 0.0022594 0.000488223 0.00044111 -0.00242817 0.000230901 0.000191297 0.00171019 -0.000736609 -0.00243755 1.07121e-05 -0.00235 -0.00188175 -0.000708411 -0.0026514 0.00218023 0.00508441 0.00403301 -0.00193493 0.00144002 -0.000606226 0.000469903 0.00671928 -0.00116425 0.00159323 -0.000611833 -0.00210274 -0.00228558 -0.000305156 0.00144105 -0.00150219 -0.000621895 0.000266642 -0.0016097 -0.00101079 0.000432758 -0.00192928 2.16395e-05 -0.00126906 0.00017395 0.00392955 0.000810986 -0.0037896 -0.00108339 -0.00238393 0.00109259 -0.000268077 -0.00318949 0.00507495 -0.000476267 0.004576 0.0011958 -0.000663347 -0.000969813 -0.00133213 -0.00388883 -0.00564901 
-0.00235456 -0.00836996 -0.00637336 0.132546 -0.00227132 0.00231994 -0.00433936 0.00763432 -0.00146985 0.00578173 0.0132719 -0.00243335 -0.000791377 -0.00984468 -0.00854826 0.00537684 -0.0276113 0.00536527 -0.0027982 -0.00886672 0.00566775 0.0181705 -0.0192469 -0.0121967 -0.0166109 0.0114274 0.00068149 -0.0126676 -0.000873275 -0.00244521 -0.00283468 -0.00656265 -0.00511064 -0.00325794 -0.000606556 0.00411601 -0.0057792 -0.00113509 0.0137746 0.0140298 8.1908e-05 -0.00119019 -0.00205309 -0.0131988 -0.000935772 -0.000545929 0.000440087 -0.000685898 0.000931836 0.00239408 -0.00157051 0.00470113 0.00119841 -0.000975283 0.0053445 0.00745847 0.00188731 -0.00141908 -0.00322331 -0.00516515 0.00467639 0.0015919 -0.0047742 0.00114444 -0.00134227 0.000534027 0.00600152 -0.00393125 -0.00267817 0.000842074 -0.0195628 -0.0020707 0.00141011 -0.00563837 -0.000618247 0.00194154 -0.00296641 0.0010635 -0.00687013 -0.0063213 -0.000337947 -0.00543616 0.00220017 -0.0042054 -0.0071438 -0.00799352 0.00117559 -0.000627801 -0.000367904 0.00103261 -0.00307586 0.00513108 -0.00200139 -0.00278932 -0.000615899 -0.00182285 -0.00271282 0.00300097 0.00458505 0.0013346 
7.59203e-05 0.000509728 -0.0014596 -0.00227132 0.0407429 -0.00019304 -0.000417181 -0.000465012 0.00114195 -0.000494921 -0.00323279 -0.000974444 0.00103111 -0.000721719 -0.00445817 -0.00295252 0.00181403 -0.00414403 0.00323353 -0.00159949 0.000657141 -7.92385e-05 -0.000750225 0.00401145 0.00176211 -0.0023417 -0.00341599 -0.00183219 -0.00294259 -0.0010208 -0.00263524 0.000796253 -0.000859416 -0.000448665 -0.000407471 0.000643906 -0.00107091 0.000142801 -0.00197802 -0.00249641 -0.00127907 -1.2972e-05 -0.000368035 -0.000357394 -0.00265674 0.000130432 0.000207367 -0.00152618 0.000381491 0.000556132 0.000578298 -0.00118503 0.000589654 0.000279684 -0.00116736 -0.000488507 0.000233412 0.000823988 -0.000802426 0.00144455 -0.00391985 -0.000398688 0.00128005 0.000119274 0.000956673 -0.00100635 0.000182346 -0.000438322 0.000573206 -0.000454566 0.0007043 0.000561597 -0.00167718 0.000358219 0.000343174 -0.000679081 0.000187259 -5.65222e-06 -0.00092453 -3.1871e-05 -0.00117427 0.000145964 0.000850066 5.27457e-05 -0.00240923 -0.00300724 -0.00115643 0.000567715 0.000953884 3.58267e-06 0.00023511 -0.00137967 0.000917051 0.00236402 -0.000130174 -0.000152203 0.000499167 0.0010096 -0.0015905 0.00138984 
0.00274164 -0.00255623 0.000512479 0.00231994 -0.00019304 0.0351155 -0.000272656 -0.00147691 0.000405085 0.00513253 -0.00189634 0.00178084 -0.000757362 -0.000472199 -0.00325533 -0.0022438 -0.00252319 0.000674923 -0.0106383 -0.00242424 -0.00295143 -0.00524795 -0.0012128 -0.00508132 0.00504538 -0.00852212 -0.0012405 0.000681323 0.00416808 -0.00133572 0.000340395 0.00149967 0.00175106 -0.000936966 9.49351e-05 -0.000133282 0.000258249 0.000341179 -0.00257816 -0.00195628 -0.00038978 -0.000780808 -0.00239852 0.000412005 0.00154868 0.00029131 -0.000399251 -0.0010745 -0.000230844 0.00183374 -0.000289702 0.00347977 -0.000148989 -0.000846709 -0.00266793 -0.00108834 0.000799024 -7.6175e-05 -0.000428962 -0.000334045 -0.00314268 0.000669788 -0.000105425 0.000312356 -0.000242375 0.000377436 0.000103054 0.000237896 0.00086721 0.000738749 -0.00131558 -0.000457797 -0.000894838 -0.000172606 7.26841e-05 -0.000238215 -4.54518e-05 -9.42414e-05 7.48038e-05 -0.000892191 0.00181395 0.000732878 0.00151096 7.28058e-05 0.00129218 -0.00198237 0.000184234 -0.000215182 0.00049683 0.000717069 -0.000526215 0.00189544 -1.25265e-05 -0.000991407 0.000567185 0.000594336 -0.000242665 -0.000587182 -0.00118058 -0.00015938 
-0.0116647 -0.0053737 0.00305211 -0.00433936 -0.000417181 -0.000272656 0.0757919 -0.00384782 -0.000507422 0.000148885 -0.00387516 0.00208717 -0.00206039 0.00274094 0.00163456 0.00046702 0.00378615 -0.0118451 0.00551169 -0.0014454 -0.00210422 -0.00745877 -0.00414513 -0.00550679 0.00312952 -0.0109344 -0.00922265 -0.000837102 -0.00582602 0.00441849 -0.00102396 -0.0045808 -0.00387509 0.00130637 -0.00292111 0.000128668 0.00186072 0.00141304 0.00114397 0.000344819 -0.00388476 0.00348196 0.00657223 0.00519053 -0.0052862 -0.000376334 -0.000128235 0.000341896 -0.00043584 -0.00397268 4.08387e-05 0.00620242 -0.0029481 0.00138556 0.00226754 -0.00263453 -0.00198987 -0.0037201 0.000115469 -0.000918001 -0.00395702 -0.0010662 -0.00246544 -0.000847653 -0.00211849 -0.000903949 -0.00112779 0.00214663 -0.000103373 -0.000411676 0.010682 0.00154751 -0.000889667 0.000882607 -0.00020376 -0.000687929 0.000155349 0.00124632 -0.0027606 -0.000283784 -0.0041026 -0.00143556 -0.00163001 -0.000216424 0.00436723 -0.00195146 0.000328949 -0.00278499 5.55967e-05 0.00115142 -0.00189638 -0.00373423 -0.00102924 0.0049312 0.000228559 0.000380404 0.00197367 -0.00129388 0.00304027 0.000599542 
-0.00735461 -0.0132165 -0.00111314 0.00763432 -0.000465012 -0.00147691 -0.00384782 0.110248 -0.00326715 -8.23927e-05 0.00201592 -0.00111272 -0.000531123 -0.00579785 0.00114431 0.00233824 -0.00567296 -0.0128837 -0.00375087 0.000985902 0.00333738 0.0026331 0.00604025 -0.00836865 -0.00695009 0.00586598 0.0114211 -0.013309 -0.00457101 -0.00126504 0.000513307 -0.00229656 0.000868603 -0.00268303 -0.000338399 0.000584334 -0.00414252 -0.00229436 0.000454095 0.0101082 -0.00397587 0.000658826 -0.000770329 -0.000577983 0.00166058 0.000109309 0.000205029 -0.0052715 -0.000568826 -0.00404539 -0.00216542 -0.00577943 0.00165892 0.000521549 0.00487165 -0.00177298 -0.001792 0.00733908 -0.000722061 -0.00258688 -0.000829741 -0.00162784 -0.00254623 -0.000365328 0.000930636 0.000100606 0.000539599 -0.00284022 -0.000571439 -0.00203523 -0.00193277 0.00024125 -0.00275172 -0.00341348 -0.000128232 6.41126e-05 -0.00152289 -0.0013879 -0.0054421 0.00291409 -0.000465278 -0.00167201 -0.00344283 -0.0028418 -0.00277026 -0.00665886 -0.00368477 -0.00101588 -0.00105251 0.00112189 -0.00272107 -0.000703949 -0.000943016 0.00189841 -0.000283303 -0.000746987 0.000222382 0.000740928 -0.00277546 0.00400162 
0.00221723 0.00621956 -0.00468605 -0.00146985 0.00114195 0.000405085 -0.000507422 -0.00326715 0.0655008 0.00218368 -0.00169511 0.00112513 -0.0015814 0.00877462 -0.00880957 0.00190682 -0.00505467 0.0105071 -0.0121441 -0.00689839 -0.00985793 -0.00160512 -0.00253156 -0.00548785 0.00266901 -0.00788511 0.00454831 0.00461086 0.000424457 0.00368362 0.00222128 0.00507597 -0.00121869 -0.00117207 0.00176892 -0.000803876 -0.00303553 -0.00092311 -0.00197811 -0.00368872 4.48603e-05 -0.000496739 -0.00128111 -0.000304637 -0.000241479 -0.000373926 0.00125382 -0.00350013 0.00146628 0.000865644 -0.000673642 0.00512191 0.000889165 -0.00180917 -0.00779486 6.58296e-05 -0.00196533 0.000347217 -0.00174284 0.000509217 -0.00764867 -0.000517729 0.000504323 0.000234209 -0.000338172 -0.00092754 -0.000593253 -0.000732097 0.000578799 -0.00265392 -0.000971388 0.000684518 -0.00216447 0.00101112 -0.000416137 -0.00055031 0.00232835 0.000141388 0.00111727 -0.000286196 0.00122664 0.00118562 -0.000764277 -0.000932066 -0.00253768 -0.00288016 2.39802e-05 0.000673218 0.000125467 0.00084091 -0.00137223 -0.00242137 -0.00161503 -0.000644838 0.000599333 -0.000149401 -6.37932e-05 7.22287e-06 -0.000991219 -0.00817358 
0.0149731 -0.00159338 -0.00446514 0.00578173 -0.000494921 0.00513253 0.000148885 -8.23927e-05 0.00218368 0.0825097 -0.00353022 0.00158483 -0.000206239 0.00790727 -0.0152207 0.000542752 -0.0108696 -0.00101935 -0.00526772 -0.000669738 -0.00581399 -0.00516143 -0.00574769 -0.00606829 0.0107392 -0.0190273 0.00778954 0.000694541 -0.00103346 -0.000178536 0.000205542 0.00158169 0.00101164 -0.00145955 -0.000774263 -0.00156485 -0.00349895 -0.00162147 -0.00413944 0.000775478 0.00199032 0.00301491 -0.00177868 -0.00247194 -0.000455023 0.000318011 0.000275943 0.0023609 1.54726e-05 0.00327762 -0.000574895 0.00372102 -0.000524709 -0.000893684 0.00267258 0.00633862 0.000719758 0.00106081 -0.00154538 -0.00117757 -0.01434 0.00199769 -0.0016556 -0.000351636 -0.000534295 -0.0017863 -9.10196e-05 0.00234732 -0.000397746 0.00150077 -0.0100331 0.000342366 -0.00187291 -0.00312701 0.000314651 -0.0015122 -0.000706397 0.00061622 -0.00187451 -0.0111641 0.000897933 -0.00236937 0.000645436 -0.0014945 -0.00587997 -0.000938774 -0.000892705 0.00245857 -0.000225238 0.000512019 -0.000496945 -0.00170765 -0.00372114 -0.00057101 0.000194593 0.00107395 -0.000831254 -0.00256894 -0.000941335 -0.00121342 
0.0056665 -0.015889 -0.00889326 0.0132719 -0.00323279 -0.00189634 -0.00387516 0.00201592 -0.00169511 -0.00353022 0.161106 -0.00515343 -0.00383637 -0.00261353 0.0114893 0.00647804 -0.0224132 -0.0135345 -0.000887746 -0.0249124 -0.00510918 0.00895647 -0.0206593 -0.018346 -0.0230184 0.00299261 0.000439853 -0.00714504 0.00825984 0.00550259 0.00287663 -0.00601524 0.00930339 -0.00543498 0.00569725 0.00215518 -0.00293981 -0.00338584 0.0129771 0.0162388 0.0103644 -0.00218489 -0.00106977 -0.00460661 0.00611191 -0.00123664 -0.000221288 0.00335146 0.00301317 0.00503033 -0.00341616 -0.00898182 -0.00212056 0.00143054 -0.00978609 -0.0152593 -0.0034176 0.00559205 -0.00481064 -0.00326536 -0.00380649 0.00327362 0.00373291 -0.00314076 0.000864061 -0.00574292 0.00586969 -0.00214687 -0.000483117 -0.000352158 -0.0105975 0.000612195 0.00345655 -0.006217 0.000266126 0.00214424 -0.00407731 -0.00141009 -0.00374917 -0.00689483 0.00333707 -0.0057336 -0.00619856 -0.00504855 0.0062149 0.00361263 0.00414094 -0.000834697 2.98196e-05 0.000361372 -0.00542077 -0.00163839 -0.000764866 -0.00831047 -0.000377106 -0.00163776 -0.000407255 -0.00543285 0.00440237 0.00257651 
-0.00221555 0.00259942 0.00424531 -0.00243335 -0.000974444 0.00178084 0.00208717 -0.00111272 0.00112513 0.00158483 -0.00515343 0.111502 -0.00202055 0.00980594 0.014005 -0.00369362 -0.0147568 -0.0226242 -0.00742122 0.0112898 0.00295111 0.00794885 -0.0141487 -0.0116252 0.0211023 -0.00984168 -0.00271474 -0.00373116 -0.014082 0.000305771 -0.00783715 -0.000488794 0.00374594 -0.00240944 -0.00202208 0.000784863 -0.00316159 -0.00297153 0.00409313 -0.013717 -0.00200218 -0.00120473 -0.00484835 -0.00368892 0.00235201 -0.000367191 -0.000891401 -0.00420171 -0.000986235 0.0009937 0.000246975 -0.00240026 -0.00119578 0.00241399 -0.00144434 0.000434281 -0.00187458 -0.00478314 -0.000715499 -0.00241695 0.00244744 -0.00130911 -0.000643581 -0.00147101 -0.00133863 -0.00116128 0.00262312 -0.0032228 7.07306e-05 0.00249255 0.0143718 -0.00137282 -0.00193632 -0.0054292 -0.00092433 0.000146648 0.000869399 -0.00151172 -0.00521413 -0.00226884 0.00122097 1.2018e-05 -0.000971433 0.0045417 -0.000483113 -0.00111183 0.000161194 -0.00163465 0.000306683 -0.000888421 -0.000873139 -0.00497334 0.00269379 0.00564776 0.000482928 -0.00119962 -0.0019585 -0.00398065 -0.00526839 -0.010162 
0.00363924 -0.00968583 0.0016634 -0.000791377 0.00103111 -0.000757362 -0.00206039 -0.000531123 -0.0015814 -0.000206239 -0.00383637 -0.00202055 0.0707549 -0.00140622 -0.0130103 0.000308118 0.00429049 0.00251609 -0.00450544 0.00441893 -0.00824373 -0.00714043 -0.00418387 -0.000781133 0.00447721 -0.00237968 -0.00605272 -0.0046957 0.00154182 0.00257457 -0.000859407 -0.00341368 0.000871055 0.000124958 -0.00235944 -0.000326859 -0.00270491 0.0013232 -0.00308929 -0.00127732 -0.000392539 0.00229629 -0.000133574 -0.0051754 -0.00174688 0.000328407 0.000510737 0.00177916 -0.000362683 -0.000907256 0.000813599 0.0013255 -0.00123949 0.00174 -0.000727202 0.00430837 0.00469128 -0.00123598 -0.000909228 0.00169752 -0.0140363 -0.000740489 0.00340589 -0.000399427 0.00412835 -0.000365558 0.00127216 7.02365e-05 1.28749e-05 0.00461654 -0.00546115 -0.00196251 -0.000259374 0.00186861 0.00114405 0.000421086 -0.000634799 -0.000492612 -0.00386593 -0.00164434 -0.00171109 0.000215596 -0.000855174 -0.000363195 -0.0051208 -0.00191833 -0.00105677 0.00106412 0.000953025 0.000754168 0.000484903 0.00040974 0.000877317 -0.00084877 -3.64268e-05 -0.000105094 -0.000639292 -0.000282972 -0.000301589 0.00310838 
0.0197064 0.00463663 -0.00876157 -0.00984468 -0.000721719 -0.000472199 0.00274094 -0.00579785 0.00877462 0.00790727 -0.00261353 0.00980594 -0.00140622 0.14978 -0.0244257 0.00280339 -0.00502656 -0.00194918 0.00142316 0.000484071 -0.0141866 -0.0100992 -0.00600996 -0.00669396 0.0209295 -0.0166902 0.00110274 0.0123186 -0.0143173 -0.00648659 -0.000258545 0.00669413 -0.00270997 -0.00106236 0.00071787 -0.00079785 -0.00316089 -5.98853e-05 -0.00883836 -0.00312136 -0.00603531 -0.00406957 0.0118122 0.00153255 -0.00327617 -0.000160102 -0.000796932 0.00380722 0.00273369 0.000486611 0.000483001 0.00241348 -0.00293539 -0.00219041 0.00665103 0.00172486 0.000869817 -0.000844226 -0.00201567 0.00182184 -0.0380202 0.00192861 0.000119844 0.00166455 3.35478e-05 -0.0071507 -0.00420856 0.000707209 -0.000570778 -0.00154282 0.00423326 -0.00314036 -3.3734e-05 -0.00331824 -0.000402719 -0.000234485 0.0010666 -0.000901252 -0.00374859 -0.00915591 -0.000656167 -0.00103403 -0.00317128 0.000673545 -0.0117771 0.00125258 -0.00347666 -0.00504815 -0.00125783 -0.000292853 0.00739536 -0.00514195 0.00140062 0.00012276 0.000311407 -0.00190902 -0.00234096 0.00141629 -0.0054627 -0.0146549 
-0.0326155 0.00525722 0.000760738 -0.00854826 -0.00445817 -0.00325533 0.00163456 0.00114431 -0.00880957 -0.0152207 0.0114893 0.014005 -0.0130103 -0.0244257 0.239885 0.00462952 -0.0199552 -0.0420927 0.00290337 -0.00539456 0.00954723 -0.0139118 0.00156295 -0.0183801 0.00171553 -0.00585287 0.00380161 -0.0186288 0.0104028 -0.00539608 -0.00965423 -0.0106031 -0.00695957 -0.0105072 -0.0172744 0.00444376 0.00147473 -0.00730229 0.018511 -0.00491282 0.00195215 -0.00393188 0.00132936 0.00929811 0.0146752 -0.00234691 -0.00386526 -0.0124007 -0.0029224 0.00245847 -0.00506773 0.00493768 -0.00940474 0.00927731 0.000203739 -0.0143155 -0.00868456 -0.0113781 0.00193202 -0.00812213 0.0313799 -0.0060252 -0.00542126 -0.00190094 -0.00618327 0.00781848 0.0039553 -8.14247e-05 0.000582151 -0.00270854 0.0132627 -0.00650042 0.00691532 -0.00826306 -0.00130547 0.000403303 -0.00245356 -2.33311e-05 -0.00273123 0.0143828 0.00730552 -0.00682756 -0.00206559 0.000484162 0.0237707 -0.00773443 -0.00486631 -0.00444571 0.00208202 -0.00136013 -0.00688201 -0.00385143 -0.001153 0.000430201 -0.00150692 -0.00260947 -0.00532074 -0.00685452 0.0019298 -0.00524998 
-0.00814444 -0.0130948 -0.00494384 0.00537684 -0.00295252 -0.0022438 0.00046702 0.00233824 0.00190682 0.000542752 0.00647804 -0.00369362 0.000308118 0.00280339 0.00462952 0.132655 -0.0243777 0.00838667 -0.0213817 -0.000681536 -0.0110084 -0.014009 -0.00280286 -0.0104284 -0.0192192 -0.00796225 -0.00500922 -0.00425425 -0.0113439 0.00342186 -0.000327373 0.0110787 -0.0032289 -0.00237448 0.00311061 -0.00129051 0.0029457 -0.00194805 0.00228205 0.00880564 0.00865141 -0.00481754 -0.00844148 -0.000433304 0.00617135 -0.00062678 0.000506418 -0.00749106 0.000580423 0.00270339 0.00118644 0.00493985 0.00279192 -0.000125328 0.0110472 -0.00426358 0.00516411 0.00353756 -0.00144998 -0.00494248 -0.00679872 0.00250776 -0.00448521 -0.000104579 0.00113246 0.000733692 -0.00159587 -0.000912787 -0.0016951 -0.000774812 -0.021353 0.00199438 0.000524509 -0.00100023 0.00138631 0.000926319 -0.000164598 0.000360317 -0.00399437 0.000760855 0.00194183 -0.000507376 -0.0036349 0.0018684 -0.00748495 0.00433258 0.00162253 -0.00136299 -0.000805503 -0.00094335 0.00708351 -0.00238305 0.00153931 0.00357817 4.15992e-05 0.00152065 -0.000197155 0.000388328 0.000837722 -0.0103875 
0.00439216 0.00548305 0.00612359 -0.0276113 0.00181403 -0.00252319 0.00378615 -0.00567296 -0.00505467 -0.0108696 -0.0224132 -0.0147568 0.00429049 -0.00502656 -0.0199552 -0.0243777 0.239325 -0.00379925 0.034464 -0.0436465 -0.00193213 0.00294991 0.0315566 0.00318673 -0.0205848 0.0159257 -0.025241 0.0102881 -0.00383721 -0.00579294 0.0156367 -0.00930088 -0.0012536 0.00260941 -0.00905485 -0.00318912 0.00599531 0.000163474 -0.0300342 -0.0292536 -0.0156346 -0.000275796 -0.00452341 0.0152009 -0.0157731 -0.000736512 -0.00105601 0.0182417 -0.0019109 -0.0126058 -0.00623307 -0.000717836 -0.00772325 -0.00832952 -0.0216501 -0.00330762 -0.00199447 -0.00907663 0.00243337 0.00770016 0.020149 -0.00705215 -0.00122746 0.0017031 0.000895553 -0.00278071 -0.00654211 0.00323882 0.00435397 -0.0145632 0.00780728 0.00100676 0.00123359 0.0109925 -0.000186427 -0.00260672 -0.000816705 -0.00326421 0.00462845 -0.00869981 -0.012802 0.0114217 -0.0094806 -0.00350867 0.0181568 -0.0113274 -0.00514261 -0.00216405 -0.000473647 -0.000413602 -0.00533225 0.0108723 -0.00262165 0.0126549 -0.00123513 0.0017076 0.00189947 0.000668007 0.0094928 -0.0154779 
0.0238217 -0.000130843 -6.44694e-05 0.00536527 -0.00414403 0.000674923 -0.0118451 -0.0128837 0.0105071 -0.00101935 -0.0135345 -0.0226242 0.00251609 -0.00194918 -0.0420927 0.00838667 -0.00379925 0.235917 -0.0277914 0.00225756 -0.0240658 -0.0392603 -0.00440062 0.00637737 -0.0184571 -0.00780712 -0.0213812 0.00729705 0.010211 0.00698873 0.0170216 0.000686716 0.000911078 0.000804658 0.0127463 -0.00360749 -0.0142921 0.00646682 -0.00816795 0.00624529 0.00275759 0.00535029 0.00566724 -0.00696731 -0.00336132 -0.000132866 -0.00151426 -0.0134422 -0.00114712 0.0131486 0.00355919 0.00939646 0.00300229 -0.00345027 -0.0199083 -0.00249733 0.00683167 -0.0108691 -0.000281365 0.0109 -0.013402 0.00336666 0.0023159 -0.00592372 0.00256315 -0.00431771 0.00153033 0.011864 -0.0023562 -0.00483879 -0.0459105 0.00210679 -0.00718954 -0.00127703 -0.00159845 -0.00483662 1.35469e-05 -0.00127344 0.00947375 -0.000634661 0.0119294 0.00569209 -0.000940776 0.000853693 -0.00912707 -0.00904892 0.00222974 -0.00326259 -0.00370536 -0.00178688 -0.000907065 0.0151346 -0.00449593 -0.0161889 -0.00108459 0.00103819 -0.000517055 0.00352167 -0.00994543 0.00200897 
-0.0134523 0.0103958 -0.00609219 -0.0027982 0.00323353 -0.0106383 0.00551169 -0.00375087 -0.0121441 -0.00526772 -0.000887746 -0.00742122 -0.00450544 0.00142316 0.00290337 -0.0213817 0.034464 -0.0277914 0.226068 -0.00521388 0.0324716 0.0279638 0.0186681 0.00715489 -0.00759058 0.0195405 -0.0111983 0.0114133 -0.0132386 -0.0164023 -0.00140545 -0.0121669 -0.0121906 0.00629824 -0.00341662 -0.00220627 0.0010761 0.0032568 -0.0144187 -0.00591224 -0.0173442 0.0101835 -0.000285059 0.0129786 -0.0264295 -0.00297528 0.00109437 -0.00134082 0.00214623 -0.019082 -0.00753541 -0.021697 -0.00358667 0.000188012 0.0123454 -0.009644 -0.0020875 -0.00101175 -0.00642869 -0.00441343 0.0182179 -0.00291967 -0.00766389 -0.00247328 0.000469829 -0.00830391 -0.0035826 -0.011046 -0.000809403 -0.0103886 0.0248086 -0.0100229 -0.00109647 0.000346011 -0.00144358 -0.00230602 -0.00633833 -0.00198466 0.00321254 -0.011208 -0.0119736 -0.00664348 0.000496332 -0.00842045 -0.0112311 -0.00237048 -0.0124649 0.00325874 -0.00610743 -0.00103567 -0.00180084 -0.0111166 -0.00489004 0.00205325 -0.00145313 -0.00434225 -0.00126586 0.000885447 -0.000282308 0.00781138 
-0.0207665 -0.0247618 0.0119465 -0.00886672 -0.00159949 -0.00242424 -0.0014454 0.000985902 -0.00689839 -0.000669738 -0.0249124 0.0112898 0.00441893 0.000484071 -0.00539456 -0.000681536 -0.0436465 0.00225756 -0.00521388 0.205169 -0.00135462 -0.0264709 -0.0110966 0.00825837 0.00881877 -0.00870367 -0.00646366 0.00929372 -0.0152297 -0.0154211 -0.00512333 -0.00925506 -0.00254897 -0.00239795 -0.00445697 -0.00346993 0.00381195 -0.00112385 -0.00114482 0.0020831 0.0056636 -0.00272808 -0.00263693 -0.00305735 -0.00224331 0.000611821 -0.000875805 -0.0112747 -0.00148186 0.00205671 0.00486419 -0.0135789 0.00210526 0.00338205 0.0326585 0.0137777 -0.000732642 0.00415398 -0.00155226 -0.000145593 -0.0111306 0.000206738 -0.00452061 -0.00314689 -0.000398395 -0.00364303 -0.00371635 -0.00349689 -0.00111575 0.000538068 0.00291398 -0.00754794 -0.0019418 -0.00841879 -5.31106e-05 -0.00286793 0.00361496 -0.00183319 -0.0014474 0.000744887 0.00286443 -0.00580139 0.00437537 -0.000442973 -0.0132957 0.00621051 -0.00126429 -0.00201033 0.00130928 0.000426754 0.00138869 0.00511231 -0.00263109 -0.00571658 0.00208315 -0.00157329 -0.00148835 0.00276476 -0.00785381 0.0265612 
-0.0108218 0.0078912 -0.00401221 0.00566775 0.000657141 -0.00295143 -0.00210422 0.00333738 -0.00985793 -0.00581399 -0.00510918 0.00295111 -0.00824373 -0.0141866 0.00954723 -0.0110084 -0.00193213 -0.0240658 0.0324716 -0.00135462 0.124086 0.0273812 0.0141798 0.00317025 0.000631981 0.0194538 -0.00998351 -0.00316169 -0.00796693 -0.00623547 -0.0156003 -0.00673138 -0.00876928 -0.00145028 -0.00452351 0.00172104 0.00193417 -0.00177153 0.00456513 0.00865206 -0.0101485 0.000712916 -0.00831165 0.00184888 -0.00677742 -0.000706542 0.000248981 0.00161311 -0.0031317 -0.00477051 -0.00226009 -0.00605373 0.00261534 -0.000640882 0.0117381 -0.00198092 -0.00158819 0.00166087 -0.00377441 -0.0128524 0.0110423 -0.00258818 -0.00199431 -0.0028982 -0.00350309 -0.00302265 0.00109767 -0.0113521 -0.00229488 -0.00566081 0.0140992 -0.0059081 -0.00174645 -0.000514859 -0.0028039 -0.000881626 -0.00288874 0.000233241 -0.00360241 0.00203636 -0.0034591 -0.00466601 0.00266692 -0.00232525 -0.00342618 -0.00844765 -0.00726914 -0.00667242 -0.00256845 -0.00181553 -0.00449073 -0.00355321 -0.00146279 0.00259946 -0.00165281 -0.00292534 0.00103683 -0.00265478 0.000538271 0.0156155 
-0.00463319 0.0287391 -0.00825473 0.0181705 -7.92385e-05 -0.00524795 -0.00745877 0.0026331 -0.00160512 -0.00516143 0.00895647 0.00794885 -0.00714043 -0.0100992 -0.0139118 -0.014009 0.00294991 -0.0392603 0.0279638 -0.0264709 0.0273812 0.232382 0.00591182 -0.0223868 -0.00801793 0.0113259 0.0258516 -0.0251084 -0.02887 0.00899995 -0.0227259 -0.00852834 -0.00978655 -0.00165394 0.00965298 0.000315703 -0.0101017 -0.0060304 0.00531731 0.00779509 -0.00407246 -0.00287196 -0.00417075 -0.0136923 -0.00833827 -0.00273009 -0.00164436 0.00325057 -0.00106404 -0.00276153 -0.00340325 -0.00997365 0.00286015 0.00165756 -0.0129659 -0.00861974 -0.00274627 0.00254307 -0.00134543 -0.0133827 -0.0057601 -0.00251797 0.00267427 -0.00082422 0.00161493 0.00652021 -0.00250982 -0.0181967 -0.00533108 -0.00223873 0.0249069 0.00592254 0.000869431 -0.00154624 -0.00153291 0.000347377 -0.00271032 -0.000456711 -0.00072993 -0.00109447 -0.0181613 -0.00262315 -0.00361446 0.000887291 -0.00808982 0.00170145 0.00541418 -0.000630958 -0.00248245 -0.0015415 -9.76299e-05 -0.00891721 -0.00238086 0.0108968 -0.00220571 -0.0051049 -0.00357153 0.00137858 -0.00611792 -0.0144276 
-0.00967681 0.00705291 -0.00533511 -0.0192469 -0.000750225 -0.0012128 -0.00414513 0.00604025 -0.00253156 -0.00574769 -0.0206593 -0.0141487 -0.00418387 -0.00600996 0.00156295 -0.00280286 0.0315566 -0.00440062 0.0186681 -0.0110966 0.0141798 0.00591182 0.187242 -0.00235875 0.0179307 0.0203796 -0.00486387 0.00347626 -0.00786412 0.00688531 0.0053468 -0.0130803 -0.00292032 0.000195761 -0.00218893 -0.00155356 0.00592208 -0.00346754 -0.0341806 -0.020107 -0.0195349 -0.00063515 -0.010658 0.0124445 0.00843642 -0.00155107 -0.00397947 -0.00195828 -0.00611043 -0.0222808 -0.00386991 -0.001027 0.00243346 -0.00510476 -0.00532991 -0.00465174 -0.00425821 0.00882341 -0.00187694 0.000154014 -0.00604154 -0.00854922 -0.00214519 0.00101438 -0.0052418 -0.00650949 -0.00512296 -0.00204598 0.00106427 -0.00436112 0.0191952 -0.00434761 -0.00710506 0.00400663 -6.03062e-05 -0.000946245 -0.000886007 -0.00384257 0.00882092 0.00702396 -0.00192991 0.00089709 -0.000920242 -0.00937683 0.00201513 0.0022403 -0.0155727 -0.00201193 -0.00457082 -0.00148369 -0.00272949 -0.0107025 0.00232695 0.00215429 -0.000595373 0.00253525 0.000417195 0.00161958 -0.0103415 -0.00517475 
0.000352916 0.00302116 0.0012683 -0.0121967 0.00401145 -0.00508132 -0.00550679 -0.00836865 -0.00548785 -0.00606829 -0.018346 -0.0116252 -0.000781133 -0.00669396 -0.0183801 -0.0104284 0.00318673 0.00637737 0.00715489 0.00825837 0.00317025 -0.0223868 -0.00235875 0.187242 0.00336052 -0.00500122 0.00101213 0.00669719 0.0206744 -0.011025 -0.00696554 0.000339846 -0.00828561 0.00757459 0.00351258 -0.00262494 0.000332232 0.000553269 -0.00867376 -0.00537221 -0.00684346 0.00248554 -0.00769223 0.00315024 -0.0111551 0.00108213 0.000873773 -0.000850834 -0.00084294 -0.00384957 0.00282981 -0.0147685 -0.00538318 0.00123627 0.00789211 0.0025187 -0.00552289 -0.00851599 0.00409438 0.00655507 -0.0147803 -0.00575901 -0.0015098 -0.0021014 0.00104219 0.00126312 -0.00454985 0.00479513 0.000289728 0.00506292 -0.0138871 -0.00231021 0.00186994 0.00949582 0.000710345 -0.00372938 -0.00260706 -0.000411421 -0.00073108 -0.000666119 -0.00483446 -0.00088993 0.00300598 -0.00101942 -0.0144158 -0.00401103 -6.69962e-05 0.00384913 0.00277085 -0.00285626 -0.0049299 0.00655944 -0.00782931 -0.00464166 -0.00041577 -0.0038025 0.00160136 0.000626862 0.000849856 0.00522789 
0.00916779 -0.0156282 -0.007776 -0.0166109 0.00176211 0.00504538 0.00312952 -0.00695009 0.00266901 0.0107392 -0.0230184 0.0211023 0.00447721 0.0209295 0.00171553 -0.0192192 -0.0205848 -0.0184571 -0.00759058 0.00881877 0.000631981 -0.00801793 0.0179307 0.00336052 0.221917 -0.0341079 -0.0091679 -0.00516618 -0.0160225 -0.00455976 -0.00563534 -0.00843948 0.00704539 -0.00214987 0.00555618 -0.0034572 -0.00985185 -0.00579323 -0.016633 -0.00770677 -0.0114978 -0.00556852 0.00290181 0.00430326 0.00132159 0.00048224 -0.00160548 0.00128579 -0.00184227 -0.0110235 -0.00317442 -0.00471142 -0.00331252 0.00310336 0.0010544 -0.000921021 8.2465e-05 0.00688885 -0.0017613 -0.00127376 -0.00976943 -0.00461095 0.00390792 0.000419061 0.000140911 -0.00313518 -0.00780122 -0.00283974 0.000624923 0.00473256 0.0219663 0.00247947 -0.0113832 0.00360371 -0.0014964 -0.0038377 0.00326523 -0.00190053 -0.00382874 -0.00482864 0.00351742 0.00616832 -0.00210862 -0.00191576 -0.0121998 0.00566521 -0.00553987 -0.00180622 0.00200681 0.000402395 0.00466322 -0.00368824 -0.00433934 -0.000961103 9.33561e-06 0.000107009 -0.0040958 -0.00469846 -0.0139214 -0.00115912 
-0.0181305 0.0109589 0.0063334 0.0114274 -0.0023417 -0.00852212 -0.0109344 0.00586598 -0.00788511 -0.0190273 0.00299261 -0.00984168 -0.00237968 -0.0166902 -0.00585287 -0.00796225 0.0159257 -0.00780712 0.0195405 -0.00870367 0.0194538 0.0113259 0.0203796 -0.00500122 -0.0341079 0.206399 -0.00262386 -0.0121313 0.01389 -0.00526003 0.00425707 -0.0178353 0.00346124 0.00268418 0.00212921 -0.00918231 -0.00477596 0.00107658 -0.00824417 0.00104638 -0.00309144 -0.0103152 -0.0201741 0.00327847 -0.00440385 -0.00147273 -0.00250029 -0.00300617 -0.001255 -0.0152883 -0.000598784 -0.0105821 -0.00229077 -0.00330715 0.00430208 -0.00538984 4.53717e-05 -0.00049582 0.000380567 0.00113662 0.0189513 -0.00423505 0.00250242 0.000903808 -0.00180667 0.00117987 0.00449915 -0.0046172 -0.00256201 -0.00319315 -0.00302062 -0.00406669 0.00169012 -0.00371575 -0.000792067 0.00150539 -0.00527599 -0.00199148 -0.00259969 -0.0130843 -0.000140256 -0.00800274 0.000903034 -0.00374131 0.00582176 0.000256968 -0.00300711 0.00369476 -0.00432748 -0.00271628 -0.000196167 -0.00117201 0.00140144 -0.00277268 -0.000529903 -0.00302864 -0.00123386 -0.00161096 -0.00436796 -0.0143807 
0.0037464 0.020601 -0.00943956 0.00068149 -0.00341599 -0.0012405 -0.00922265 0.0114211 0.00454831 0.00778954 0.000439853 -0.00271474 -0.00605272 0.00110274 0.00380161 -0.00500922 -0.025241 -0.0213812 -0.0111983 -0.00646366 -0.00998351 0.0258516 -0.00486387 0.00101213 -0.0091679 -0.00262386 0.208945 -0.0104751 0.00363652 0.000352691 -0.0131821 -0.00350127 -0.00438182 -0.00390922 -0.00120325 -0.00165348 -0.00202589 -0.00533371 0.00137447 0.00841289 0.00380065 -0.00542209 -0.00814359 -0.0182609 0.00838903 -6.19713e-05 -0.000741332 0.000393732 0.00158657 -0.00506786 -0.000987594 0.00193971 -0.00294877 -0.00322399 -0.00373454 0.00725873 -0.00414283 -0.00182869 0.00106468 -0.00953547 -0.0186962 -0.0077434 -0.00160248 0.00613207 -0.00483522 0.000169503 -0.00972375 -0.00416122 -0.00339618 0.00453165 -0.0147247 0.00333792 0.00351966 0.00290217 -0.000509158 0.00159067 0.000668298 0.000369735 -0.00058143 0.0102624 0.00120488 -0.00731615 -0.00140706 -0.00510693 -0.000830436 0.00137013 0.00431063 -0.00134148 0.0012259 -0.00105025 -0.00346391 -0.0105267 -0.0037832 -0.0117613 -0.00174013 -0.0043893 -0.00146046 -0.00347993 0.00402831 -0.0123592 
0.0044091 0.0131715 -0.00410086 -0.0126676 -0.00183219 0.000681323 -0.000837102 -0.013309 0.00461086 0.000694541 -0.00714504 -0.00373116 -0.0046957 0.0123186 -0.0186288 -0.00425425 0.0102881 0.00729705 0.0114133 0.00929372 -0.00316169 -0.0251084 0.00347626 0.00669719 -0.00516618 -0.0121313 -0.0104751 0.150599 -0.0189707 -0.00736718 -0.00275239 0.0065687 -0.00345531 0.00599756 -0.00863835 1.77602e-05 -0.00526604 0.00257251 -0.0154586 -0.0088536 -0.00184369 0.00261003 0.00260863 0.00474225 -0.011181 -0.000688026 0.00181509 0.00598 0.00155665 -0.00746341 -0.00126622 -0.00830189 -0.00266451 -0.00677023 -0.0192811 0.0117695 -0.00889646 -0.00499443 -0.00263375 0.00671332 -0.00353136 -0.00411862 -0.000364332 0.00181434 -0.000147545 -0.0053984 0.000924191 0.00153445 0.000764785 -0.00843605 0.00782392 -0.00902514 -0.00189234 0.00016726 0.000175444 -0.00194792 0.00344532 0.000616294 -0.000394379 0.00577689 -0.00374606 0.00248393 -0.000977336 -0.00401168 0.00882227 0.00330495 -0.00644925 -0.00540034 -0.000763794 -0.00105656 0.00507399 -0.00270687 0.0058024 0.000947813 0.000113856 -0.00113467 0.000642206 -0.00159619 0.0082344 -0.0092815 
0.00309086 -0.00351151 0.00596179 -0.000873275 -0.00294259 0.00416808 -0.00582602 -0.00457101 0.000424457 -0.00103346 0.00825984 -0.014082 0.00154182 -0.0143173 0.0104028 -0.0113439 -0.00383721 0.010211 -0.0132386 -0.0152297 -0.00796693 -0.02887 -0.00786412 0.0206744 -0.0160225 0.01389 0.00363652 -0.0189707 0.177274 -0.00822635 0.0064173 0.000920845 0.00496464 -0.00369265 0.00800362 -0.00154446 -0.00107863 0.00389032 0.00169143 -0.0201987 0.00870982 0.00107504 -0.011576 -0.00189991 0.00494783 0.000255663 -0.00310683 -0.0130278 -0.00186718 0.00022069 -0.00388809 0.0101124 -0.00445734 -0.00618396 -0.00444005 -0.000652317 -0.00498625 -0.00369237 0.00252083 0.00431781 -0.000369694 0.000689728 -0.00406674 -0.000795273 0.00440803 0.00497842 -0.00207199 0.00991415 0.000927001 0.00387818 -0.0232781 -0.0017758 -7.85843e-05 0.00693157 -0.000889854 0.00235877 -0.0037374 0.000543561 -0.000837606 -0.0206603 0.00576725 -0.00345636 0.00333925 -0.002262 -0.0108674 -0.0050189 -0.00323545 0.00637675 0.00283881 -0.00143766 -0.00436598 0.00487629 -0.00646427 -0.007966 -4.18854e-06 -0.000852043 0.00239966 -0.000726459 0.000355343 -0.00792844 
-0.00748193 -0.00475671 -0.00215937 -0.00244521 -0.0010208 -0.00133572 0.00441849 -0.00126504 0.00368362 -0.000178536 0.00550259 0.000305771 0.00257457 -0.00648659 -0.00539608 0.00342186 -0.00579294 0.00698873 -0.0164023 -0.0154211 -0.00623547 0.00899995 0.00688531 -0.011025 -0.00455976 -0.00526003 0.000352691 -0.00736718 -0.00822635 0.104871 0.00479981 -0.00158592 -0.000398699 0.00174935 0.00307304 -0.00100069 -0.00472499 -0.000800339 -0.00231555 -0.00424472 -0.000616363 -0.000491754 0.00553713 -0.00414401 0.0117579 -0.000228527 9.15309e-06 0.00188611 -0.00116291 -0.000970553 -0.000896746 0.0096305 0.000742009 0.00130633 -0.0189221 0.00115329 0.00167401 -0.00347826 0.00466165 -0.000172584 -0.011477 -0.00174423 -0.000825714 -0.000893734 -0.00354568 0.00162305 0.00229042 -0.00046601 -0.00157061 0.00224254 -0.00397326 0.000357332 -6.09106e-06 -0.00525901 0.000851118 0.000725891 -0.00122688 3.15303e-05 -0.00189684 0.00176585 0.000775836 -0.00157245 -0.0027503 0.00279073 0.00229709 0.00158978 0.00200403 -0.00273968 -0.00116846 -0.000759535 -0.0038072 -0.00514974 0.00550716 -0.00215568 0.000115343 0.00122929 0.00189469 -0.000522083 -0.00587503 -0.00572008 
0.0142819 -0.0116857 -0.00420929 -0.00283468 -0.00263524 0.000340395 -0.00102396 0.000513307 0.00222128 0.000205542 0.00287663 -0.00783715 -0.000859407 -0.000258545 -0.00965423 -0.000327373 0.0156367 0.0170216 -0.00140545 -0.00512333 -0.0156003 -0.0227259 0.0053468 -0.00696554 -0.00563534 0.00425707 -0.0131821 -0.00275239 0.0064173 0.00479981 0.10462 -0.002948 0.00264803 -0.00136586 -0.00152069 -0.00170103 -0.00389114 0.00371462 -0.00786457 -0.00514717 -0.0025817 0.000818121 -0.000626694 0.00265793 -0.00114106 -0.000133371 -0.000208013 -0.00279508 -0.000736571 -0.00237293 -0.00165321 -0.00374106 -0.000409111 -0.00279072 -0.0109708 -0.00855193 0.00250599 -0.00259173 0.00023124 0.00628868 0.00377766 0.00353396 0.00093011 0.00187733 -0.000899085 -0.00462092 -0.00175885 1.3638e-05 0.00118357 0.000234386 -0.00583545 -0.00200364 -0.00184242 0.00194276 -0.000952102 -0.00151662 0.00142357 -0.0010187 0.00299545 -0.00630434 0.00256216 0.00310706 0.00139007 -0.00159622 0.00486269 -0.00383088 -0.00142196 0.00279599 -0.000995483 -0.000974636 -0.00271635 -0.000491163 -0.000124397 -0.00680353 0.000104018 0.00239336 0.000201321 0.00226421 0.000848386 -0.00967977 
0.0151722 0.00226741 -0.00370837 -0.00656265 0.000796253 0.00149967 -0.0045808 -0.00229656 0.00507597 0.00158169 -0.00601524 -0.000488794 -0.00341368 0.00669413 -0.0106031 0.0110787 -0.00930088 0.000686716 -0.0121669 -0.00925506 -0.00673138 -0.00852834 -0.0130803 0.000339846 -0.00843948 -0.0178353 -0.00350127 0.0065687 0.000920845 -0.00158592 -0.002948 0.097509 0.000807493 4.87354e-05 0.00355034 -0.00113649 0.00026945 -0.000267826 0.00619818 -0.00570465 0.00495607 -0.00605745 -0.00185029 -0.00305959 0.00125741 0.000529986 0.00075619 -0.00624165 0.00115837 0.00211123 -0.000672997 0.00171992 0.00268259 -0.00434196 -0.00495528 0.00207698 0.00048484 -0.00257162 0.000434991 -0.00187672 -0.00629718 0.000325271 -0.000648196 -0.000485962 -0.000268573 -0.000521443 -0.000761123 0.00208689 -0.000607988 0.00136087 -0.00191424 0.00700488 -0.00273628 0.00347738 0.000395705 -0.000373802 0.00153049 -0.00129678 -0.00186489 -0.00455588 -0.000284869 0.000616213 0.00255071 0.0030762 -0.00537781 0.00523325 0.000435791 -0.000799194 -0.0012254 -0.000200901 0.00398298 -0.00469322 0.00166014 0.00348427 -0.000397279 0.000437515 0.0009739 0.000916873 0.000124644 -0.0138182 
0.00181354 -0.00650107 -0.00164015 -0.00511064 -0.000859416 0.00175106 -0.00387509 0.000868603 -0.00121869 0.00101164 0.00930339 0.00374594 0.000871055 -0.00270997 -0.00695957 -0.0032289 -0.0012536 0.000911078 -0.0121906 -0.00254897 -0.00876928 -0.00978655 -0.00292032 -0.00828561 0.00704539 0.00346124 -0.00438182 -0.00345531 0.00496464 -0.000398699 0.00264803 0.000807493 0.0871651 -0.00110825 0.00448981 -9.25211e-05 -0.00166654 -0.00178016 -0.00216877 -0.00871556 0.00430745 -0.00460293 -0.00277064 -0.0014999 -0.00240656 0.000204433 -0.000195345 0.00175492 -0.0015384 -1.72989e-05 0.000315259 -0.00664295 -0.000607193 -0.00291837 -0.00895264 -0.00313754 0.00174381 -0.000169387 -0.00265703 0.00123558 0.00293992 -0.0014934 0.00560635 -0.00081942 0.000230711 -0.0026978 0.00081751 0.00140576 -4.40708e-05 0.000217401 0.00298386 -0.000170475 -0.00250478 -0.0045563 -0.000202527 -0.00100344 -0.000479817 -0.00108651 -0.000879924 -0.00588851 0.00421003 0.00360099 -0.0045092 -0.000538928 -0.000392713 0.00610056 0.00303151 0.00149473 -0.000876164 0.000746585 -0.00106586 0.000804456 -0.00182546 -0.0006151 0.000702392 0.0012429 0.00117308 0.000694381 -0.00122433 -0.00580566 
-0.00443604 -0.0045458 -0.000221238 -0.00325794 -0.000448665 -0.000936966 0.00130637 -0.00268303 -0.00117207 -0.00145955 -0.00543498 -0.00240944 0.000124958 -0.00106236 -0.0105072 -0.00237448 0.00260941 0.000804658 0.00629824 -0.00239795 -0.00145028 -0.00165394 0.000195761 0.00757459 -0.00214987 0.00268418 -0.00390922 0.00599756 -0.00369265 0.00174935 -0.00136586 4.87354e-05 -0.00110825 0.0575932 0.00173996 -0.00119428 0.00509675 0.00289973 -0.00331857 -0.00442642 -0.00292456 -0.000657081 -9.45223e-05 -0.00191758 -0.00434978 0.000216385 -0.000212697 -0.000854811 -0.000372682 -0.0028587 -5.78185e-05 -0.0027384 -0.00129338 -0.00216168 -0.000461092 0.00897649 0.000312778 0.000696333 0.00112874 0.000243323 -0.000245989 -0.00034334 -0.000588687 -0.000570078 -0.000103507 -0.00123255 -0.000492215 -0.000123836 0.00014322 -0.00267741 -0.00109781 -0.00231282 -0.00111365 0.00257934 6.27528e-05 -0.000288089 -0.000878147 -0.000261215 -0.000794982 -0.0024794 -0.00138948 -0.00022022 0.000597658 0.00138637 -0.00305634 -0.00258161 -0.000190927 0.00112099 -0.00106101 -0.000672816 -0.000950939 -0.00322318 0.00152792 -0.00299275 0.00025389 -0.000731153 0.000306148 0.000467116 -0.00145268 0.00595569 
