0.125947 0.00134895 -0.0013173 -0.0059415 -0.00161602 0.00113899 0.0033102 0.000251864 -2.14115e-05 0.00245135 -0.000730685 -0.0079628 -0.00274409 0.00258517 -0.00858327 -0.0106837 -0.00582745 -0.0139203 0.0028067 0.00271106 -0.00247556 0.00207084 0.0275994 0.00207068 -0.00778877 0.0114031 -0.0116771 -0.00633266 0.00111864 -0.00428149 -0.0066602 -0.00121888 0.000685943 0.00253929 -0.00127392 0.00032923 -0.00315348 -0.00919451 -0.00338653 -0.00876775 -0.00784773 -0.00109186 -0.00673598 0.000961066 -0.000532734 -0.00250473 -0.0010112 -0.00442122 -0.000713746 0.00093206 -0.00586508 0.00107684 0.00154046 -0.00597391 0.0114911 -0.00630503 0.00027175 -0.00209968 0.00429853 -0.000730792 -0.0030764 -0.00320319 0.00621933 -0.00161494 0.00403122 -3.19783e-05 -0.00200996 -0.00130522 0.000194858 -0.0112746 -0.000851512 -0.000828834 0.00993071 0.00962161 -0.00285683 -0.00397629 0.00188648 -0.000172814 0.00326767 -0.00162753 -0.00393911 -0.00623649 -0.00166692 -0.00236403 0.000348885 -0.00778069 -0.000304804 -0.00243427 -0.00551653 0.00175025 -0.00260382 -0.000908982 -0.000843212 -0.00500089 -0.00364055 0.00136596 0.000541693 0.00121642 -0.00384233 -9.10937e-06 
0.00134895 0.0321912 -0.000518136 -0.00148141 -0.000543753 0.000837523 -0.00109196 0.00127203 0.00115502 0.00110384 -0.000767214 -0.00108999 0.000494576 -0.00444629 -0.00289796 -0.00436829 -0.00422603 -0.000270092 -5.72124e-05 -0.00395204 -0.00196664 -0.00538873 0.00127109 -0.000330243 -0.00222768 0.0030587 0.00173317 0.000999881 -0.0047054 0.00289452 -0.000623265 0.00340007 0.00106184 -0.00117093 0.00040634 -8.0224e-05 0.00117653 0.000359545 2.96706e-05 0.000452393 -0.00164801 -0.000221244 0.000408179 0.000490851 -0.00011735 -0.000564072 5.46576e-05 -0.00217108 0.001017 0.00158741 -0.000370386 -0.00315325 0.000694641 -0.00398345 0.00287799 -0.00330715 -0.000302292 -0.000431586 0.000977317 0.00258705 0.000578483 -0.00052782 7.08048e-05 -0.000834282 0.000320123 0.000708818 0.00082559 0.00101508 0.000150789 0.00131055 -0.000147584 -4.42324e-05 -0.0026658 -0.00222711 0.000112544 -0.000566563 -0.000764959 -0.000952308 -0.000481483 -1.26083e-05 0.000149504 -3.37969e-07 0.000802062 -0.000393005 -0.000605595 -0.00155485 0.000249042 -0.00161126 -0.00136157 0.000285784 0.000472568 -0.000871601 0.000539985 -0.00055843 0.000697899 -0.00152525 0.000648369 0.00102722 0.000157061 0.000115791 
-0.0013173 -0.000518136 0.0538234 0.000253222 -0.000250626 0.000915076 0.00424043 -0.000267352 2.34143e-05 -0.000350105 -0.0035754 -0.00111366 -0.0028967 -0.00252489 0.00866062 -0.000368705 -0.00289584 0.00307175 -0.00155784 -0.00164117 -0.00317506 -0.00181576 -0.000781886 -0.00277717 0.00340631 -0.00502339 -7.60379e-05 -0.00206498 -0.0013886 -0.0040276 -0.00116576 -0.00114053 -0.000275167 -0.000862394 0.00171557 0.000199023 -0.00197556 -0.00158033 0.00137615 -0.00149571 -0.000723256 -0.000722917 -0.00122129 0.000679047 0.000130516 0.00220422 -0.000322972 0.00376905 -0.00278022 0.000475065 -0.00154556 -0.00478265 -0.0077145 -0.000112541 -0.00247398 -0.00143989 -0.000161367 0.000663925 -0.00155563 -0.00245522 -0.000955603 -0.00139912 -0.00184848 -0.000948123 -0.00099802 0.0010376 -0.00138829 9.12439e-05 0.000277238 -0.00744842 0.000749076 -0.000292415 6.83216e-05 0.00452903 0.000928201 0.0010372 -0.00228452 -0.000258633 -0.000643256 -0.000902402 0.00426646 0.00114378 -0.000206069 -0.000504301 0.000353723 -0.000493323 -0.00167044 0.00392697 -0.000188779 0.000979864 -0.00186214 -0.00290116 -0.0016049 0.000223469 -0.000120908 -0.000141123 -0.000157597 -0.000226417 0.00108944 5.16757e-05 
-0.0059415 -0.00148141 0.000253222 0.14117 0.00126949 -0.000444316 -0.00643297 -0.00207694 0.0022961 -0.00611787 0.00228615 -0.000427526 -0.0120824 -0.0146723 -0.00572584 0.00128962 -0.00246019 0.00437018 -0.00555888 0.00058941 -0.00140006 -0.00623645 -0.00678221 0.0137946 0.00160161 -0.00746566 0.00916115 -0.003282 -0.0143495 0.00502278 -0.00359531 -0.000136382 -0.00602575 -0.00776072 -0.00268198 -0.00139658 -0.0137658 0.00255655 -0.00015736 0.00704659 0.00227124 -0.00383822 -0.00496769 -0.00150571 -5.42573e-05 -0.000748505 0.00310252 -0.00512814 0.00463576 0.00142739 0.0033771 0.0194929 -0.0110315 0.0015397 -0.0159156 -0.0197661 -0.00177333 -0.00214674 -0.000711573 -0.0066403 -0.00115347 0.00247716 0.000952152 -0.00164884 -0.00019405 0.00382358 -0.00221403 -0.00111646 -0.00301077 0.0101531 -0.00062655 0.000353802 -0.00382908 -0.0165133 0.000137458 0.00141045 0.00122508 0.00273139 -0.00223568 -0.00114627 -0.0025244 -0.00264483 0.000136008 -0.00235514 0.00814216 0.00393451 -0.00517131 0.00158551 0.00119763 -6.29341e-06 -0.00599296 -0.00178319 -0.000960924 -0.00267192 0.00107353 -0.00721554 0.00375284 0.00575761 0.00166979 -0.00136709 
-0.00161602 -0.000543753 -0.000250626 0.00126949 0.031046 0.000458295 0.000242029 0.000713742 -0.00021975 0.000432623 0.000876355 -0.000329704 -0.00234865 0.000421393 -0.000317689 -0.00151159 0.00099345 0.00213631 -0.00516852 0.00201163 -0.00197919 -0.00400938 -0.000121385 0.00246604 -0.00131326 0.00183702 -0.00101967 -0.0010549 -0.000971622 -0.000882308 0.00144996 0.000762722 0.000122382 -0.001045 0.000978902 0.00201792 -0.00285838 -0.000416155 0.000619855 0.00125255 0.000461335 -0.000184521 -0.00165612 0.00183729 1.93922e-05 -0.000721488 0.000252986 0.00141912 -0.00159777 0.000242772 -0.00072058 0.0018447 -0.00492435 -0.000951118 -0.00678318 -0.000274266 -0.000110652 -0.00110052 -0.000530514 -0.00188612 -0.000291362 -0.000454777 0.000865872 0.0017044 4.52274e-05 2.56841e-05 -0.000103644 -0.000122686 0.000495604 -0.00344046 -0.000199811 0.000407378 -0.000369428 -0.000482952 -0.000785841 0.000408049 -0.00185229 -4.93883e-05 -0.000423603 -0.000217804 0.00105424 -0.00131777 -0.000418937 0.00103037 -0.000326685 -0.0016077 -0.00038427 -0.00121288 -0.000698152 -0.000481378 0.00185839 -0.000174635 -0.000923252 7.1937e-05 -8.59715e-05 -0.00106259 -0.00041315 0.00111567 0.000454778 -0.000403682 
0.00113899 0.000837523 0.000915076 -0.000444316 0.000458295 0.028881 0.00153823 0.000666533 2.49787e-05 0.000108566 -0.000839507 -0.00118469 -0.00263959 0.00214332 -0.000765117 0.00349967 -0.000375202 -0.00215195 -0.00207736 -0.000654041 -0.00546775 0.000750701 -0.00235445 -0.000844075 -0.000162273 0.00161293 0.00349687 -0.00199624 -0.00333643 -0.000524545 0.00148359 -0.00110048 -0.000112271 -0.00165048 0.000101778 -0.000538901 -0.000594248 -0.000352922 0.000176299 0.000516153 -0.000748075 8.78195e-05 -0.000847663 0.000297539 -0.000181863 -0.000387512 -8.69099e-05 -0.00146663 -0.00110715 0.000346726 -0.00097413 -0.0019151 -0.00554704 -2.55627e-06 0.000117585 -0.00204228 0.000591181 0.000229389 -0.000298308 -0.00124381 0.000172714 -0.00070138 0.000549091 -0.000616072 -0.000986607 -0.000609601 -0.000183238 -0.000330446 0.000361527 -0.00231292 0.000131398 0.000456546 -0.000345793 0.00315081 8.82484e-05 -0.000237306 -0.00151688 -0.000722679 0.00065122 -0.000486989 -0.00021468 0.00198977 4.9793e-05 -0.000485328 -8.36296e-05 -0.000715588 0.0008908 0.000593372 0.000355618 3.26569e-05 -0.00114884 -0.00100299 -1.56755e-05 -0.000191003 0.000125339 0.000435807 0.000417385 -0.000129727 -0.000419017 -5.43796e-07 
0.0033102 -0.00109196 0.00424043 -0.00643297 0.000242029 0.00153823 0.125884 -0.00168092 -0.00234999 -0.00205116 0.00075876 -0.00618897 -0.0153747 -0.00899733 -0.0157403 -0.0214082 0.029979 0.00209524 -0.00978299 0.00425473 0.0249339 -0.0044809 0.011982 -0.00973159 0.00186832 -0.0130993 -0.00872027 0.00773818 -0.00161382 -0.0117805 0.00239694 -0.0056797 -0.00354182 -0.00444992 0.00367347 0.00800647 -0.00677696 -0.00464589 0.00268261 8.78901e-05 0.00698589 -0.00168025 -0.0168237 0.00351003 0.000708544 -0.00051271 -0.00111864 0.00245111 0.0110774 0.000900418 -0.00842671 -0.0106856 -0.0243354 0.0126514 -0.00277689 0.00930309 -0.000800499 -0.000782716 -0.000903435 -0.0106378 0.00181181 0.00285747 0.00439187 -0.00173306 -0.00320431 0.00162379 -0.00671119 0.00428488 -5.90431e-05 -0.0244417 -0.00177509 0.000311689 0.00433199 -0.000876115 -0.00363505 0.00167097 0.000422033 -0.00499284 0.00136643 -0.00195099 0.00410336 -0.00756175 0.000148684 -0.00188517 -0.00251361 0.00154983 -0.000762568 0.000436729 -0.00304243 0.00315487 -0.00282718 0.00697231 -0.00778224 0.00133513 -0.00237047 0.003309 -0.00274959 0.000642375 -0.000594042 -0.00141235 
0.000251864 0.00127203 -0.000267352 -0.00207694 0.000713742 0.000666533 -0.00168092 0.0407955 -0.000208012 0.000425275 -0.00202367 0.00116142 0.00144102 -0.000348689 0.00519472 0.0017531 -0.0118411 -0.0012852 -0.000735286 0.00473354 -0.00739803 -0.00208477 -0.000424627 -0.00155657 -0.000216937 -0.00127201 -0.00339905 -0.00260044 -0.000555093 -0.00408145 0.000347514 -6.85892e-06 7.16749e-05 0.000591012 0.000353665 -0.000871527 0.00313015 0.00207914 -0.000269656 0.00205379 -0.0011056 -0.000727689 -0.00108995 -0.000219093 0.000356621 8.52796e-06 -0.000103655 0.000519717 -0.00106202 -8.49395e-05 0.000172326 -0.00384427 -0.00500684 -0.00287429 -0.00139786 -0.00135689 -4.98215e-05 0.000634576 -0.000825844 0.000844158 -0.000372615 -0.000584785 -0.000180142 0.000332189 0.000249032 -0.000184529 0.000848128 -0.000255034 0.00121532 -0.00130377 -0.000309177 0.000574509 -0.00261814 -0.00180951 0.000172809 0.00143668 -0.00156327 -0.000960174 -0.00109527 0.000917975 -0.0012393 0.00159784 0.0012089 0.000860249 -0.000330042 -0.00160111 0.00179426 -0.000992747 -0.00016433 0.00153777 0.00144622 -0.00190956 0.00287299 -0.00127899 -7.08684e-05 -0.000627719 9.24797e-05 -0.00129428 -0.000731977 -0.000298759 
-2.14115e-05 0.00115502 2.34143e-05 0.0022961 -0.00021975 2.49787e-05 -0.00234999 -0.000208012 0.0522069 0.00546496 0.00202965 -0.000647204 -0.000424905 -0.0059971 -0.00893642 -0.00784147 0.000110757 -0.00145919 -0.00298894 -0.00739401 0.00727524 -0.00786821 0.00342673 0.00458134 0.00605407 -0.0069359 -0.00378202 -0.00297886 -0.0040201 0.00174801 -0.00132193 -0.000421665 0.000968142 -0.00136514 -0.00172858 0.000800781 -0.00229168 -0.00183092 -0.000514316 -0.00103538 0.00397457 -0.000366643 -0.00560371 0.00081844 0.000215504 0.00166811 -0.000385358 -0.00189507 0.000778732 0.000971303 -0.00134506 0.00115132 -0.00664153 -0.00146183 -0.00516804 -0.00430951 0.000307631 -0.00146944 0.000541812 -0.00114794 0.000677762 0.000380647 0.00373193 -0.000453398 0.00268138 0.00198506 -0.000989088 -0.000754379 -2.2147e-05 -0.00802728 0.00120239 -9.75609e-05 0.00316117 -0.00245843 0.00124447 -0.0020733 0.00861959 -0.000475181 0.00173929 -0.00065006 0.00169164 -0.00207725 0.000731169 0.000294975 0.00268456 0.000571457 -0.000547614 -0.000705446 -0.00123863 -0.000462796 -0.00230029 0.000820895 -0.00119259 -0.00092206 -0.00133947 -0.00366845 -0.000156835 0.00163509 0.00227542 0.000267087 
0.00245135 0.00110384 -0.000350105 -0.00611787 0.000432623 0.000108566 -0.00205116 0.000425275 0.00546496 0.0710944 -0.000167605 -0.00213799 0.000397884 -0.00685045 -0.0162 -0.00969122 -0.00595114 -0.00204347 -0.0036001 -0.0115433 -0.00250595 -0.0122229 -0.00528546 0.0180823 0.00467364 0.00544319 0.00468505 -0.000927588 -0.00383299 0.00940872 -0.0038308 -0.000693173 0.00902254 -0.00123634 0.00373339 0.00021848 0.00267921 -0.00333246 0.000392189 -0.00127191 -0.000201412 -0.00138588 -0.0103449 2.03389e-05 2.25222e-05 0.000192428 0.00100938 -0.00082066 -0.00190774 0.000751562 0.000584498 0.00191744 -0.00826567 -0.00354273 -0.00820807 -0.00272628 -2.58884e-05 0.000512942 -0.000363532 -0.00193312 -0.000999889 0.00215293 0.0103984 0.000823064 0.000598778 -0.000568615 0.0012465 -0.000775171 0.00204554 -0.00168293 0.000754752 0.00137089 0.00100238 -0.00207577 -0.00145369 -0.00106938 0.00159516 -0.00339671 7.05243e-05 -0.000129393 0.00142812 -0.00285074 -0.000245728 -0.00152336 -9.26688e-05 -0.00436908 -0.000658346 -0.00435664 -0.00120922 0.000641076 -0.00211813 -0.0010388 -0.00125332 -0.00241015 -0.00143445 0.00303123 0.000849495 0.00220996 0.00133148 0.000902998 
-0.000730685 -0.000767214 -0.0035754 0.00228615 0.000876355 -0.000839507 0.00075876 -0.00202367 0.00202965 -0.000167605 0.0949816 0.00311104 0.0055108 -0.00708052 -0.00803199 -0.0107983 0.00547689 -0.00953189 0.0038966 -0.00884917 -0.00166073 -0.00826279 -0.0022329 3.72144e-05 0.00495096 -0.00260856 -0.00383 0.00286103 -0.00960203 -0.00242079 -0.00256564 -0.000267446 0.00402985 -0.00224927 0.000122635 0.00288829 0.00440931 -0.000114436 0.000692833 0.00149056 -0.000753907 -0.00140928 -0.000496773 -0.000475663 -0.000742995 0.000559826 -0.000821458 -0.00756641 -0.00353543 -0.00115905 -0.00529172 -0.00330314 -0.00904865 0.000882715 0.000447761 -0.00444584 -0.00084341 0.000239006 -0.000968035 0.00162496 -0.000468237 6.19147e-05 -0.00318388 -4.36716e-05 -0.00103358 -0.00106871 0.00132616 -0.00129427 0.000283493 -0.00724263 0.00212751 0.000510894 -0.00116734 -0.00541236 0.00331178 0.000566267 0.00538437 0.00154062 -0.0015995 -0.00039626 -0.00107003 9.45457e-05 -0.000122581 0.000597175 0.00168349 -0.0023415 -0.00203226 0.00102353 -0.00167345 0.000476868 -0.00111035 -0.00100169 0.0013341 -0.000158648 -0.00266808 -0.00652143 -0.00101005 0.00548568 0.0021839 -0.000464261 
-0.0079628 -0.00108999 -0.00111366 -0.000427526 -0.000329704 -0.00118469 -0.00618897 0.00116142 -0.000647204 -0.00213799 0.00311104 0.0983163 -0.00913396 -0.00443885 -0.00593052 0.00208138 0.00994152 -0.00478229 -0.00785472 8.40991e-05 0.00149325 -0.00295432 -0.01375 -0.00417014 0.00601557 0.000230557 -0.00758907 0.00253291 -0.00449711 -0.00407792 -0.00208467 0.00496918 0.00059027 0.00243553 -0.000797773 -0.00368795 0.00173393 0.00507922 -0.00282761 -0.00116126 -0.000972534 -0.000209844 0.00449635 -0.002859 0.00010931 -0.00182642 0.000334986 -0.00612742 -0.00175894 -0.00208577 -0.00362201 0.00206645 0.00285174 0.000895939 7.43612e-05 0.00642913 -0.000185486 0.00343003 -0.00213675 -0.00737938 -0.00206995 0.00319138 -0.00773243 0.000273499 -0.00115977 -0.00212948 -0.000862171 -0.00144909 -0.00146597 0.00639589 0.000540761 -0.000824307 -0.00134001 -0.00500109 0.00339946 -0.00314383 -0.000551074 -0.00339785 -0.000737097 -0.00204794 -0.00336103 0.00317759 -0.000502883 -0.000648965 -0.0010058 0.000288573 -0.00335058 -0.00411096 0.00646122 -0.00141409 0.00176995 0.00706471 -0.00519257 0.000597585 -0.00293428 0.00111822 -0.000889617 -0.00426551 -0.00157381 -0.00159691 
-0.00274409 0.000494576 -0.0028967 -0.0120824 -0.00234865 -0.00263959 -0.0153747 0.00144102 -0.000424905 0.000397884 0.0055108 -0.00913396 0.185152 0.000632447 0.0333625 -0.00439809 -0.0230516 -0.0169478 0.00190251 -0.0251338 -0.00576276 0.0134421 0.00605005 -0.0155809 -0.0143257 0.0264907 -0.0174206 -0.0012918 0.00421872 -0.0237962 0.000284854 -0.00877576 -0.00193382 -0.0130579 0.00173595 -0.00724167 0.0187491 0.0015959 -0.00124768 -0.00052788 -0.00607416 0.000399878 -0.0031717 -0.000174008 -0.00253848 -0.00171222 -0.00184725 -0.0086374 -0.0103113 -0.00279336 0.00137176 -0.0166949 0.0308367 -0.0078481 0.0168005 0.00432628 -0.000749649 -0.00538653 0.000412321 0.0236554 -0.00281304 -0.00151077 -0.0115627 5.09708e-05 0.00322417 -0.00422402 -0.00314275 -0.000477046 0.000454338 0.0216046 -0.001959 -0.00133047 -0.00686029 -0.00105062 -0.000914913 -0.00969078 -8.74452e-05 -0.00950558 -0.00444793 0.00724999 -0.0115948 0.0017437 -0.00366842 -0.00281859 -0.00336514 -0.00397824 0.00540285 0.00109347 -0.00372573 -0.00497377 -0.00466405 -0.00770956 0.00329002 -0.0010771 -0.00162329 -0.00748832 -0.00232757 -0.0128981 0.00328473 0.00090496 
0.00258517 -0.00444629 -0.00252489 -0.0146723 0.000421393 0.00214332 -0.00899733 -0.000348689 -0.0059971 -0.00685045 -0.00708052 -0.00443885 0.000632447 0.196073 0.0118432 0.0205979 -0.0309501 -0.00480513 0.00532662 0.0325672 -0.0473153 0.0140056 0.013706 -0.0157661 -0.016071 0.0144357 -0.00826096 -0.0192645 0.00352762 -0.00990705 0.00103794 0.00194726 -0.00799122 -0.011843 -0.00343661 -0.00737042 -0.00366535 -0.00148397 -0.00404892 -0.0002494 -0.00790639 -0.00458493 0.0104704 -0.00164827 0.00223661 -0.000569624 0.000282059 -0.00834679 -0.00815975 -0.00257458 0.00618643 -0.00674537 0.00106896 0.00807636 0.0171901 0.0167225 -0.00105935 0.00172852 -0.00163398 -0.00368845 -0.00642066 -0.00357592 -0.00883733 -0.00224856 -0.00512711 -0.00647372 -0.000707992 -0.00573841 -0.00219001 -0.00280836 -0.00358023 -0.00246325 -0.0091684 0.0261466 -0.000894475 0.00331906 -0.00954587 -0.00401542 -0.00365681 -0.00281437 3.65334e-05 0.00090297 -0.00392919 0.00458752 -0.00357532 -0.00234612 -0.00321451 -0.00748718 -0.00664016 -0.000951792 -0.00761588 -0.00293477 0.005091 0.00662895 -0.00237928 0.00382373 -0.00284549 -0.00601472 -0.00707361 -0.00337144 
-0.00858327 -0.00289796 0.00866062 -0.00572584 -0.000317689 -0.000765117 -0.0157403 0.00519472 -0.00893642 -0.0162 -0.00803199 -0.00593052 0.0333625 0.0118432 0.246287 0.0265612 -0.033595 -0.00097916 0.0147446 0.00282236 -0.0223095 0.034133 -0.0144762 -0.0147226 -0.00435633 -0.000379496 -0.00890962 -0.0228322 0.00457876 -0.0196592 0.0165968 -0.0179955 -0.0084863 -0.010032 -0.0051219 -0.0120561 0.0182543 0.00284085 -0.00222027 -0.00263595 -0.00230414 -0.000366515 0.0168609 -0.00237753 5.49997e-05 -0.00396132 -0.00294034 0.0151287 -0.0140001 -0.0048713 -0.00392019 -0.0206841 0.0139888 -0.0174433 0.0221451 0.00282483 -0.00207748 -0.00224124 -0.00806237 0.0101708 -0.000267524 -0.00562446 -0.00852505 -0.00475545 -0.0136451 -0.00184798 -0.00170337 -0.00510881 -0.00362146 -0.0065309 -0.0037681 -0.000312957 -0.0330722 0.0104108 -0.00553346 -0.00163144 -0.00681732 -0.00515208 -0.00637584 0.00189083 -0.00922727 0.0101602 -0.00517364 0.00315602 -0.000102052 -0.00669962 0.0108215 -0.000810035 0.00137344 0.000746601 -0.00176583 -0.0122489 0.00180553 0.00189348 -0.00225573 -0.0227792 -0.0027845 -0.0104355 0.00314686 -0.00473727 
-0.0106837 -0.00436829 -0.000368705 0.00128962 -0.00151159 0.00349967 -0.0214082 0.0017531 -0.00784147 -0.00969122 -0.0107983 0.00208138 -0.00439809 0.0205979 0.0265612 0.242873 -0.0181294 0.00768609 -0.020327 0.0267642 -0.0237882 0.0336509 -0.0410564 -0.00430505 -0.00401552 -0.0222889 0.0177819 -0.0100725 0.0276076 -0.00546021 -0.00418658 0.00390974 -0.0158376 -0.0111569 -0.00106885 -0.0174215 -0.0037572 0.00507124 -0.0010134 0.00390182 -0.0091319 -0.00222017 0.00628091 -0.00598935 -0.00119476 -0.0050266 0.00201144 0.0115792 -0.00546728 -0.00499004 0.0150274 -0.0123843 0.00114673 -0.00850802 0.0158366 -0.00135338 -0.000673273 -0.00846337 -0.00804794 -0.0159691 -0.00581553 -0.00318749 -0.0175021 -0.0051477 -0.012326 -0.00879666 -0.000177698 -0.00482097 0.00223998 0.0300082 0.000645256 -0.00886721 -0.0144736 0.00748341 -0.00297936 0.00594988 -0.00602625 -0.00155889 -0.00251663 -0.00289833 -0.0115108 -0.00376993 -0.00133225 -0.0022243 -0.000444392 0.000818794 -0.00213623 -0.0145457 0.0143858 -0.00995321 -0.00347371 0.00301775 0.00186331 -0.0022042 -0.00938434 0.00965348 0.00169061 -0.00997129 -0.0180936 -0.00415518 
-0.00582745 -0.00422603 -0.00289584 -0.00246019 0.00099345 -0.000375202 0.029979 -0.0118411 0.000110757 -0.00595114 0.00547689 0.00994152 -0.0230516 -0.0309501 -0.033595 -0.0181294 0.234202 0.0167771 -0.0426161 0.00141677 0.0499042 -1.52379e-05 0.00249156 -0.0124618 -0.00611469 0.00554247 -0.014675 -0.0092813 5.92037e-05 -0.0155454 0.000181966 0.0115167 -0.0107027 0.00839319 -0.00830997 0.0011188 -0.0132652 -0.0117781 -0.00152938 -0.00267562 0.00464219 0.000414005 -0.00655667 -0.00193249 -0.00749369 -0.0069719 -0.00516913 -0.00245737 0.00920982 -0.00614397 -0.0153346 -0.00176064 -0.000909395 0.0218272 -0.00870246 0.00188714 -0.000530401 -0.00673985 -0.00652629 -0.0274125 -0.00404356 -0.00225485 0.00461464 -0.00657191 -0.00426339 0.00116847 -0.0100761 0.00104995 0.000953829 -0.0112738 -0.00338293 -0.000140696 0.0295323 -0.00977055 -0.00329793 -0.0102337 0.00724855 0.00862255 0.000596303 -0.00658741 0.00669559 0.00194203 -0.00136113 -0.000560271 -0.00500638 0.0167146 0.00199778 -0.000869273 0.00522371 -0.000966925 -0.0087833 0.00620216 -0.0283241 0.00541405 0.000249109 -0.00928253 -0.00720197 0.0100883 0.00256403 0.000203778 
-0.0139203 -0.000270092 0.00307175 0.00437018 0.00213631 -0.00215195 0.00209524 -0.0012852 -0.00145919 -0.00204347 -0.00953189 -0.00478229 -0.0169478 -0.00480513 -0.00097916 0.00768609 0.0167771 0.183339 -0.0293302 0.0385396 0.0077452 -0.00259283 -0.0134814 -0.00138486 -0.00935348 -0.0141876 0.012663 0.000185637 -0.00989772 -0.00496381 -0.00214395 0.00240753 -0.00528975 0.0110595 -0.0026931 0.0012007 -0.0159654 0.00167971 -0.000893529 -0.000830083 0.000687385 0.000657686 0.00188418 0.00161991 -0.00102491 -0.0012928 0.000984429 0.0179811 -0.00423273 -0.000540416 0.00345313 0.00158386 -0.016481 -0.00604042 -7.54876e-05 0.00391261 0.0010511 -0.00618894 -0.0070051 -0.014117 -0.0050134 -0.000838388 -0.0059154 0.00124329 -0.00274634 0.000623057 -0.00353062 -0.00246016 0.00101173 -0.0152566 -0.00081542 -0.00185658 -0.0105079 -0.0125105 -0.00764379 0.00134789 -0.00909094 -0.00126188 -0.00733116 -0.00356275 0.014049 0.000947304 0.000901856 0.00260308 -0.000617903 0.00165217 -0.00178197 -0.00677133 -0.00210385 -0.0023092 -0.00319241 -0.0125439 -0.00962885 -0.000228406 0.00266393 -0.00127738 -0.00115746 0.00139136 0.00405165 -0.00112099 
0.0028067 -5.72124e-05 -0.00155784 -0.00555888 -0.00516852 -0.00207736 -0.00978299 -0.000735286 -0.00298894 -0.0036001 0.0038966 -0.00785472 0.00190251 0.00532662 0.0147446 -0.020327 -0.0426161 -0.0293302 0.225149 -0.0223892 -0.0372797 -0.0252142 0.00965434 0.00367261 0.00423301 -0.00688256 0.018747 -0.00120518 -0.015944 0.0216665 0.00268267 -0.0245465 0.0128745 -0.00406258 -0.00473832 0.00204213 -5.79299e-05 0.000221109 -0.00035532 -0.000431533 0.0110106 -0.00050896 0.00654348 -0.000532956 0.00190597 0.00444308 0.0041209 -0.0116389 -0.00850874 0.00327761 -0.00545387 -0.0039156 -0.0210591 -0.00808284 -0.00602872 -0.0176985 -0.00122428 0.00408383 0.0126703 0.00866639 0.0071284 0.000341241 -0.00306879 -0.00192767 0.0053406 -0.00230068 0.005535 -0.00165938 -0.00510293 -0.00420659 0.00214911 0.00166028 -0.0256393 0.00388001 0.00244582 0.00320701 0.00290888 -0.00539652 0.000875424 0.000130799 -0.00358611 -0.0114291 -0.00268466 0.0035028 0.00122437 -0.019028 -0.0104884 0.00274154 -0.00629151 0.000218873 0.00208995 -0.0001041 0.0168002 -0.00197005 -0.00318574 0.0116921 0.00167781 0.00124515 -0.000204441 0.00455106 
0.00271106 -0.00395204 -0.00164117 0.00058941 0.00201163 -0.000654041 0.00425473 0.00473354 -0.00739401 -0.0115433 -0.00884917 8.40991e-05 -0.0251338 0.0325672 0.00282236 0.0267642 0.00141677 0.0385396 -0.0223892 0.248134 -0.0216105 0.0121341 -0.00530106 -0.00836913 -0.0267381 -0.00725179 -0.0357067 -0.0254704 -0.0151533 -0.0283622 -0.00921122 0.0128679 -0.0121451 0.00612999 -0.006581 -0.0016059 -0.0146406 0.00219899 0.00172386 -0.00142291 -0.00562093 0.000753698 0.01592 -0.00372063 0.00175991 -0.00204007 -0.00247752 0.00170015 -0.0185327 -0.00278625 -0.00025008 -0.0125794 -0.00380416 0.0252618 0.0321378 0.0101247 0.00312055 -0.00729622 -0.00362356 -0.0136531 -0.0120787 0.00147695 -0.0220107 0.0051804 -0.00534667 -0.00681406 -0.00223294 -0.00489729 -0.000539094 0.00186058 -0.00477379 -0.00678134 -0.00901864 0.0232129 -0.00687348 -1.8898e-05 -0.000458402 0.00132018 -0.00585058 -0.00333814 0.0108775 -0.00995227 -0.00166066 0.00359197 -0.00645535 0.0136466 -0.0126197 -0.0160116 -0.000960356 0.00334109 -0.00436814 -0.00261058 -0.0173009 0.00168781 0.00280383 0.00559647 -0.00304495 -0.00356087 -0.0121199 -0.00584908 
-0.00247556 -0.00196664 -0.00317506 -0.00140006 -0.00197919 -0.00546775 0.0249339 -0.00739803 0.00727524 -0.00250595 -0.00166073 0.00149325 -0.00576276 -0.0473153 -0.0223095 -0.0237882 0.0499042 0.0077452 -0.0372797 -0.0216105 0.249066 -0.0042858 0.00531858 -0.00432867 -0.000176371 -0.0522404 -0.0188393 0.00671675 0.00383252 -0.0239883 -0.00385585 -0.0141169 -0.00851216 0.00549364 0.00201692 0.00251663 -0.0142733 -0.0156916 0.00301179 -0.0190659 0.0152968 -0.00370939 -0.0404443 0.00857378 -0.00295875 -0.00270652 -0.00541174 0.00651644 0.0137593 -0.00152781 -0.0124084 0.020002 0.00444167 -0.000403545 -0.0184207 0.00270982 -0.00334234 -0.0062164 -0.001071 -0.0106549 -0.00272483 0.00398474 0.0107336 -0.00449799 -0.000465869 0.0045844 -0.00833063 0.00263958 0.000257911 -0.000252358 -0.000177962 0.00111483 0.0304273 -0.0244046 0.00416788 -0.00163432 0.0215841 0.00213337 0.00288042 -0.00189025 0.00238403 -0.00900581 -0.0052054 -0.00500214 -0.00310624 0.019632 0.00787472 0.00189178 -0.000933975 -0.00288725 0.000815925 -0.00193482 -0.00261292 -0.00124116 0.00212738 -0.00422435 -0.0050141 -0.00976227 0.00740098 0.00279564 
0.00207084 -0.00538873 -0.00181576 -0.00623645 -0.00400938 0.000750701 -0.0044809 -0.00208477 -0.00786821 -0.0122229 -0.00826279 -0.00295432 0.0134421 0.0140056 0.034133 0.0336509 -1.52379e-05 -0.00259283 -0.0252142 0.0121341 -0.0042858 0.23928 0.00442696 -0.0180365 -0.0192492 -0.00723204 -0.0185952 -0.0195331 0.00890004 -0.0390562 0.00100563 -0.0232579 -0.01718 -0.0109567 -0.00368181 -0.0116599 0.00952712 -0.0114137 -0.0107926 -0.00836204 -0.018748 0.00175367 -0.015689 -0.00725634 -0.00215279 -0.00668152 -0.00341636 -0.000324262 0.00841528 -0.00680993 0.000326506 -0.0234145 0.069945 0.000670648 0.0323439 0.037412 -0.000630199 -0.00307977 -0.0129965 -0.0217311 0.00166735 0.00128944 -0.015635 0.000496575 -0.0129005 -0.00299913 -0.00773592 -0.00699209 -0.00691502 -0.00130612 -0.00643848 -0.00350062 0.00161475 0.0214351 0.00301588 -0.00651476 0.000729452 0.00107125 0.00022524 -0.00651043 -0.00614613 -0.0197293 -0.00745319 -0.00746303 0.000159854 0.00891957 0.011819 -0.00101149 0.0037145 -0.00247062 -0.00724776 0.00136608 0.000347779 -0.00255522 0.000357566 -0.00285433 -0.00340261 -0.00405194 -0.00921106 -0.00200942 
0.0275994 0.00127109 -0.000781886 -0.00678221 -0.000121385 -0.00235445 0.011982 -0.000424627 0.00342673 -0.00528546 -0.0022329 -0.01375 0.00605005 0.013706 -0.0144762 -0.0410564 0.00249156 -0.0134814 0.00965434 -0.00530106 0.00531858 0.00442696 0.242987 -0.0173668 -0.00767455 0.0252807 -0.0303155 -0.00748331 -0.0102909 0.00641076 0.00145755 -0.0057241 0.00273317 -0.00998858 -0.000299009 -0.00127855 -0.00686402 -0.0174037 -0.00591492 -0.0016766 -0.0160492 -0.00584331 -0.0174063 0.00464852 0.00149674 0.000516573 -0.00523883 -0.0152096 -0.00330587 0.00175944 -0.0101878 0.0016305 0.00776861 -0.000501013 -0.0037545 0.00462449 0.000430991 -0.00522064 0.00160327 0.0124834 0.00321319 -0.0031571 0.00814856 0.00120632 0.00569181 -0.00014438 -0.00464509 -0.00218463 -0.00059046 -0.0531215 -0.00338783 -0.00180157 0.000393726 0.040202 -0.00865529 -0.0120534 -0.00600937 0.00217831 0.00274853 0.00100292 -0.00178971 -0.00648175 -0.0042156 -0.00294819 -0.00427993 -0.0059935 -0.00836192 0.0101616 -0.0148195 0.00134639 0.00257524 0.00257346 -0.0166555 0.00106901 -0.00111306 -0.00219398 -0.00635483 0.00208914 -0.00617898 0.0018242 
0.00207068 -0.000330243 -0.00277717 0.0137946 0.00246604 -0.000844075 -0.00973159 -0.00155657 0.00458134 0.0180823 3.72144e-05 -0.00417014 -0.0155809 -0.0157661 -0.0147226 -0.00430505 -0.0124618 -0.00138486 0.00367261 -0.00836913 -0.00432867 -0.0180365 -0.0173668 0.155951 -0.00871233 -0.00819572 0.0179233 0.00924256 -0.020683 0.0242017 -0.00726254 0.00426533 0.0100172 -0.00229941 0.000209928 -0.00115208 -0.00603179 -0.00259821 0.000216619 -0.000480963 0.0080269 -0.00194909 -0.0155504 0.00110771 0.000123697 -0.00134536 0.00402826 -0.00524192 -0.00121578 0.00448902 0.00442454 0.0212502 -0.0298173 -0.010803 -0.032634 -0.0177983 0.000157882 0.0031027 0.00403053 0.00265227 0.000234653 -0.000965567 0.0215834 0.00317264 0.00301687 0.00196372 -4.09204e-05 -0.00178215 0.00220377 0.00818077 0.00160456 0.00237998 -0.00630606 -0.0172786 -0.000781193 -0.00534025 0.00505202 -0.00451257 -0.00425943 -0.00252749 0.00368608 -0.00790261 -0.000242803 -0.00353275 0.0076927 -0.00501751 -0.00208891 -0.00753866 -0.00162688 0.00390501 -0.00216481 -0.00798413 0.00471521 -0.00555395 -0.00478716 0.00421322 0.00293888 0.00270866 -3.50045e-05 -0.00160543 
-0.00778877 -0.00222768 0.00340631 0.00160161 -0.00131326 -0.000162273 0.00186832 -0.000216937 0.00605407 0.00467364 0.00495096 0.00601557 -0.0143257 -0.016071 -0.00435633 -0.00401552 -0.00611469 -0.00935348 0.00423301 -0.0267381 -0.000176371 -0.0192492 -0.00767455 -0.00871233 0.167883 -0.0156497 -0.0103875 -0.00434052 -0.00695276 0.00968216 0.00632858 -0.0161368 0.00559028 0.00710744 -0.00406839 0.00087839 -0.00620127 -0.00418322 0.0028887 0.00487088 0.00432278 -0.00205157 -0.001607 -0.0018777 0.00397379 0.00442045 -0.000656919 0.000946235 -0.00300445 -0.000731946 -0.00740138 -0.0146959 -0.0291886 0.00542904 -0.028436 0.0019935 0.00348189 0.00237511 0.000280895 -0.00306102 0.0065967 0.000994485 -0.000914885 -0.00493039 -0.0029814 0.0057268 0.00173263 -0.00203185 -0.000949527 -0.0172014 0.00671241 -0.000837673 -0.00990093 0.00752725 0.00712223 -0.00261133 0.000936197 0.00512262 0.00685243 -0.00142328 -0.00142815 -0.00449058 0.00513102 -0.000637991 0.00148648 -0.0069722 -0.00240696 0.00732795 -0.00153474 0.00142084 -0.00704208 0.00711057 -0.000374768 0.00421563 0.0054255 0.00165093 0.00260436 0.00241806 0.003426 0.00100122 
0.0114031 0.0030587 -0.00502339 -0.00746566 0.00183702 0.00161293 -0.0130993 -0.00127201 -0.0069359 0.00544319 -0.00260856 0.000230557 0.0264907 0.0144357 -0.000379496 -0.0222889 0.00554247 -0.0141876 -0.00688256 -0.00725179 -0.0522404 -0.00723204 0.0252807 -0.00819572 -0.0156497 0.22447 -0.00442088 -0.0053621 0.00624683 0.000348106 -0.00415935 0.0168997 0.00818664 0.00175134 -0.00297353 -0.0020659 -0.00221042 0.00198119 -0.00386751 0.00465034 -0.0180543 -0.00265686 0.000510151 -0.00337279 -0.00393453 -0.00447144 -0.00205692 -0.0194505 -0.0095688 -0.0019696 -0.00143908 -0.0156782 0.0336334 -0.00673002 0.00680574 -0.00255545 -0.00345491 -0.00166181 -0.00178421 0.0106151 -0.00606855 -0.00634257 -0.00885493 0.000429497 0.00924249 -0.00394581 -8.44726e-06 -0.00116674 -0.00190086 0.0105163 -0.00441163 0.000779018 0.00527315 0.0121139 -0.00823761 -0.0164267 -0.0111926 -0.00615919 -0.00439703 -0.00200483 9.06714e-05 0.0112415 -0.00136058 0.00219656 -0.00189218 -0.0147379 -0.00865534 -0.00959278 -0.0044893 -0.00294472 -0.00419772 0.00411053 -0.00985741 -0.00760119 -0.0030769 -0.0138807 -0.00144509 -0.00202185 -0.00486306 -0.0010808 
-0.0116771 0.00173317 -7.60379e-05 0.00916115 -0.00101967 0.00349687 -0.00872027 -0.00339905 -0.00378202 0.00468505 -0.00383 -0.00758907 -0.0174206 -0.00826096 -0.00890962 0.0177819 -0.014675 0.012663 0.018747 -0.0357067 -0.0188393 -0.0185952 -0.0303155 0.0179233 -0.0103875 -0.00442088 0.203609 0.00829731 -0.0198734 0.015195 -0.00850948 -0.010417 0.00505676 -0.00698719 0.0042159 -0.00322956 -0.00794437 0.00460831 -0.000330939 0.00391174 0.000695519 -0.00566906 0.00329278 -0.00243397 1.24485e-05 -0.00443143 0.00580589 0.0163696 -0.0069033 -0.000805537 0.00841026 0.00802379 -0.0274485 -0.0114899 0.000470619 -0.004242 -0.000482629 0.00388121 5.29881e-05 -0.00469564 0.000857696 -0.00687958 0.0220613 -0.00525578 0.00594054 0.00395099 -0.00542657 0.00157539 0.00251086 0.00575946 -0.00087959 0.00243964 -0.00786854 -0.0162425 0.00231586 0.00330995 -0.00989936 -0.00912604 -0.00447138 0.0014781 -0.00665446 -0.000601053 -0.00361857 -0.00478239 0.00523985 -0.0179071 -0.00442951 -0.00481343 0.00265314 -0.0020452 -0.000391779 -0.00964392 0.00502413 -0.00463127 -0.00472006 0.0139303 0.00541834 -0.000676714 0.00358254 -0.00166595 
-0.00633266 0.000999881 -0.00206498 -0.003282 -0.0010549 -0.00199624 0.00773818 -0.00260044 -0.00297886 -0.000927588 0.00286103 0.00253291 -0.0012918 -0.0192645 -0.0228322 -0.0100725 -0.0092813 0.000185637 -0.00120518 -0.0254704 0.00671675 -0.0195331 -0.00748331 0.00924256 -0.00434052 -0.0053621 0.00829731 0.153058 -0.0134851 0.0171273 -0.00308446 -0.00425578 0.00237088 0.015029 0.000645353 0.00749322 -0.0121125 0.000524095 0.00307861 -0.00216616 0.000672679 -0.00208958 -0.00337141 -0.000603073 -0.00265681 0.00181294 0.0030316 -0.0113378 -0.00423779 0.000610876 -0.00148915 0.00579503 -0.00869692 -0.00345547 -0.0108021 0.0062064 -0.000811996 0.00466309 0.00357868 0.00383997 0.00404395 0.00465999 -0.000500004 2.2621e-06 0.00668548 0.00203289 0.00115978 0.00395182 0.0022968 0.01488 0.000114368 0.00245391 -0.0114759 -0.0181418 -0.00595574 0.000482459 -0.00125727 -0.00422897 -0.0024934 -6.65249e-05 0.0047975 -0.0101155 0.000617505 -0.00363466 0.000883869 -0.00780713 -0.00979972 -0.00275765 0.0056675 -0.00251217 -0.00278466 0.00375411 -0.000585887 -0.000762598 -0.00283098 -0.00390394 9.14548e-05 -0.00258876 0.00125215 -0.00170528 
0.00111864 -0.0047054 -0.0013886 -0.0143495 -0.000971622 -0.00333643 -0.00161382 -0.000555093 -0.0040201 -0.00383299 -0.00960203 -0.00449711 0.00421872 0.00352762 0.00457876 0.0276076 5.92037e-05 -0.00989772 -0.015944 -0.0151533 0.00383252 0.00890004 -0.0102909 -0.020683 -0.00695276 0.00624683 -0.0198734 -0.0134851 0.238979 -0.0314098 0.00381689 -0.00841024 -0.0171466 -0.0136677 -0.000929277 -0.00996507 0.00200638 -0.000853081 -0.000906023 -0.000376282 -0.0110958 -0.000284764 -0.0010038 -0.0039842 -0.00219852 -0.00245569 -0.0046959 0.0242543 -0.00311621 -0.00496615 0.00510655 0.0159927 0.0343862 0.00377553 0.000923744 -0.0032482 -0.00525461 -0.00805511 -0.0104495 -0.0102624 -0.00360089 -0.00511443 -0.00634326 -0.00368377 -0.00579821 -0.00822207 0.00172989 -0.00111068 -0.00524762 -0.00293398 -0.00172658 -0.00237723 0.014528 0.00589574 -0.00423785 0.00655733 -0.00930113 -0.00506415 0.00250622 0.000104586 -0.0147118 2.60792e-05 7.49749e-05 0.000851476 -0.00602167 0.00358825 -0.00142759 -0.0125381 0.00420585 -0.00701689 0.00153762 0.00772443 0.00371456 -0.00291828 -0.00217817 0.0071853 -0.00221755 -0.0127665 -0.00842963 0.00131474 
-0.00428149 0.00289452 -0.0040276 0.00502278 -0.000882308 -0.000524545 -0.0117805 -0.00408145 0.00174801 0.00940872 -0.00242079 -0.00407792 -0.0237962 -0.00990705 -0.0196592 -0.00546021 -0.0155454 -0.00496381 0.0216665 -0.0283622 -0.0239883 -0.0390562 0.00641076 0.0242017 0.00968216 0.000348106 0.015195 0.0171273 -0.0314098 0.188481 -0.0039847 0.00857099 0.0180753 0.00817161 -0.00364462 -0.00071111 -0.0107226 0.00139735 -0.000507057 0.00672849 0.00394271 0.00162659 0.00714796 0.000862484 -0.000640114 0.00322964 0.00194385 0.00203815 -0.0024119 -0.00029356 0.00493613 0.00723526 -0.0331165 -0.0116562 -0.0317779 -0.0122812 0.000945871 0.00271059 0.00972734 0.00380618 0.00595403 -0.000364854 0.0100533 -0.00356245 0.00261102 -0.00340412 0.00376512 0.000911767 -0.00178081 -0.0228366 0.00160211 0.000519519 -0.0254938 -0.0018397 -0.00245658 -0.00399282 -0.00783202 -0.000850714 -0.00316057 0.00153332 0.00465581 0.00238317 0.00124812 -0.00230152 0.00374814 -0.0177803 -0.00246324 0.00634255 -0.00683439 0.00101336 -0.000696333 -0.00934857 0.00449996 0.00224801 -0.00438056 0.00307351 0.00256057 0.0133026 -0.000160607 0.000204037 
-0.0066602 -0.000623265 -0.00116576 -0.00359531 0.00144996 0.00148359 0.00239694 0.000347514 -0.00132193 -0.0038308 -0.00256564 -0.00208467 0.000284854 0.00103794 0.0165968 -0.00418658 0.000181966 -0.00214395 0.00268267 -0.00921122 -0.00385585 0.00100563 0.00145755 -0.00726254 0.00632858 -0.00415935 -0.00850948 -0.00308446 0.00381689 -0.0039847 0.0835802 -0.0087164 -0.00228482 -0.00101783 -0.00152061 -0.000834214 -0.00332437 -0.0020285 -4.44395e-05 0.00294888 -5.18733e-05 0.0028953 -0.0116775 0.00127991 0.00109598 0.00211885 0.000276872 0.0103615 -0.00377618 -0.000666712 -0.00241165 -0.0090327 -0.0131281 0.00466477 -0.00607958 -0.00334723 -0.00108276 -0.00166272 -0.00214184 -0.00239659 0.00189079 -0.00118844 -0.00522663 -0.000679196 -0.000439395 -0.000121925 -0.00158541 -0.000693471 -0.000382357 -0.0114923 -2.27481e-05 0.000550688 -0.00760495 0.00382635 -0.000810753 -0.00119335 -0.00467021 -0.00112042 0.00270049 -0.000977236 -0.00204881 0.0126421 0.00170449 0.00353403 -0.00103941 0.00384875 0.00353305 0.00658943 0.00565472 0.00239044 -8.34229e-05 -0.00113907 -0.00261425 0.00363025 -0.00151533 -0.00462948 -0.00110727 -0.00312291 0.00177067 -0.00157853 
-0.00121888 0.00340007 -0.00114053 -0.000136382 0.000762722 -0.00110048 -0.0056797 -6.85892e-06 -0.000421665 -0.000693173 -0.000267446 0.00496918 -0.00877576 0.00194726 -0.0179955 0.00390974 0.0115167 0.00240753 -0.0245465 0.0128679 -0.0141169 -0.0232579 -0.0057241 0.00426533 -0.0161368 0.0168997 -0.010417 -0.00425578 -0.00841024 0.00857099 -0.0087164 0.185705 0.00548731 0.00707782 -0.00372974 -0.0024733 -0.00312467 0.010148 0.00158703 0.00223007 -0.0124683 -0.00215721 0.0106335 0.000661052 -0.00438165 -0.00198622 -0.00224825 -0.0057257 0.00671908 -8.23189e-05 0.000524982 -0.00345461 -0.0034149 -0.0247099 0.00258137 -0.00761479 0.00160597 -0.0081115 0.000593635 0.0032881 -0.00616558 -0.00265107 -0.00550642 -0.000507031 -0.0047134 -0.00422102 0.00196607 -0.000830278 -0.00099786 0.00865602 -0.0027926 -0.000201193 0.00582037 -0.015412 -0.00685325 -0.00142509 -0.00837077 -0.0111372 -0.003458 -0.00293059 0.0029877 0.000884704 0.00653847 -0.000738213 -0.00220973 0.00629587 -0.0113204 -0.00324903 -0.00444879 -0.00191914 0.00180885 0.00509587 0.00121879 -0.00103066 0.0016003 -0.00610472 3.76061e-05 -0.00223128 -0.00313043 -1.33802e-05 
0.000685943 0.00106184 -0.000275167 -0.00602575 0.000122382 -0.000112271 -0.00354182 7.16749e-05 0.000968142 0.00902254 0.00402985 0.00059027 -0.00193382 -0.00799122 -0.0084863 -0.0158376 -0.0107027 -0.00528975 0.0128745 -0.0121451 -0.00851216 -0.01718 0.00273317 0.0100172 0.00559028 0.00818664 0.00505676 0.00237088 -0.0171466 0.0180753 -0.00228482 0.00548731 0.0850946 0.00322439 0.00209915 0.00140521 -0.00347191 0.000688224 -0.000552965 -0.000853728 -0.00372296 0.000920976 -0.00237879 0.000124326 8.26875e-05 -9.71414e-05 0.00373985 -0.00444975 -0.00446833 0.000983438 -0.00144795 -0.00380431 -0.015495 -0.00521925 -0.0134456 -0.00683196 0.001736 0.00356576 0.00515901 0.00453181 0.00185572 0.00070194 0.00342554 -0.00114116 0.0014023 -0.00255381 -0.000519848 0.000499727 0.000505214 -0.00984991 0.000281757 -0.000499806 -0.00552205 0.00199072 -0.00242768 -0.00216842 -0.00265198 -0.00545495 -0.000186059 -0.000256462 0.00527298 0.00143743 -0.000629286 -0.000154255 0.000462509 -0.0012108 -0.00188031 -0.00134176 -0.00166385 0.00140232 0.00220645 -0.00394034 -0.000550241 -0.00188776 0.000190015 0.00340255 0.00047612 0.00088213 0.00372255 -0.000222743 
0.00253929 -0.00117093 -0.000862394 -0.00776072 -0.001045 -0.00165048 -0.00444992 0.000591012 -0.00136514 -0.00123634 -0.00224927 0.00243553 -0.0130579 -0.011843 -0.010032 -0.0111569 0.00839319 0.0110595 -0.00406258 0.00612999 0.00549364 -0.0109567 -0.00998858 -0.00229941 0.00710744 0.00175134 -0.00698719 0.015029 -0.0136677 0.00817161 -0.00101783 0.00707782 0.00322439 0.129823 -0.00452768 0.00190613 -0.0112512 -0.000923628 0.00150488 -0.00472718 -0.00185288 0.00110088 0.00323112 -0.00233554 -0.000793979 0.00204397 -0.00132654 -0.00614242 -0.00352574 -0.001063 -0.000376869 -0.00840614 -0.0144684 -0.0112299 -0.00410679 0.00796083 0.00205838 0.003442 0.005281 -0.00176911 -0.00341111 -0.00253718 -0.00345087 -0.000955261 0.00241133 0.000296857 -0.00153416 0.000791705 -0.000669925 -0.00630879 0.00122063 0.00134257 0.00934752 -0.0079133 -0.00219344 -0.00322752 -0.00675035 0.0025525 -0.00149663 -0.00279314 0.0054061 -0.0071748 0.000838795 0.000804034 0.00133057 -0.00056679 -0.00787387 0.000448202 -0.000685555 0.000460733 -0.00530235 0.00278847 -0.0032931 -0.00252398 0.00517813 -0.00982965 0.00079116 -0.00330207 0.0050527 0.00106245 
