0.0717212 0.00199341 0.000953645 0.0017678 0.00039265 0.000543687 0.0122468 -0.00326723 -0.00052827 -0.00556903 -0.00176077 -0.00516119 0.00378721 -0.000993529 0.00557498 -0.00130811 -0.00300096 -0.00689587 -0.00914863 -0.0113278 0.00225971 -0.00905454 -0.00875957 0.000150799 0.00211576 -0.00107966 -0.0095864 -0.00259894 -0.00922009 0.00440596 -0.00598057 -0.00737073 -0.000819817 0.000525138 0.000699178 -0.00366222 -3.68861e-05 -0.00203367 -0.00126775 0.000666326 0.00151682 -0.000547939 0.00324323 -0.00133446 -0.00087924 -0.0019226 0.00201894 -0.00131966 0.00165969 -0.00142284 0.00301324 0.00215956 0.00132177 -0.0020697 -0.00332748 -0.000526647 0.0015801 -0.00261639 0.00408089 -0.00119453 0.000493717 -0.000499625 -2.26464e-05 -0.000631578 -0.00171599 -0.000251267 -0.00193611 0.0020203 0.000269317 -0.000442455 0.00166563 -0.00302924 0.00463394 0.00062606 0.00116056 -0.00730545 -0.00561293 -0.000430839 0.00195209 -0.000604567 -0.00244163 -0.000956024 -2.19074e-05 0.00272789 0.00169674 -0.000366691 -0.00122411 0.00311445 0.00281127 -0.00129988 0.000560911 0.000209813 0.000548459 0.00158412 0.00359297 -0.000122474 -0.00416579 -0.0040335 0.00342082 0.00122079 
0.00199341 0.0659597 0.00326933 0.000472301 -0.00258628 -0.00296007 -0.000896766 0.000194912 0.000898404 -0.00331914 -0.00420778 0.00196395 0.00600399 0.0055725 0.00605087 0.00710559 -0.00413115 -0.00993173 -0.00985222 -0.0107585 -0.00880275 0.010196 -0.00859426 -0.00544707 -0.00369149 0.00655299 -0.00356075 0.00139749 -0.0011574 -0.00219519 0.00559681 0.00409909 -0.000659887 -0.00225125 0.000555599 -0.00810686 -0.000879717 0.000398602 -0.00239213 -0.000399116 -0.00052008 0.00334486 0.00120754 0.00101202 0.00191912 0.00166535 0.000575589 -0.000312384 -0.00163172 -0.0045915 0.00248689 0.000121732 0.0043238 0.000168928 0.00211413 -0.000283293 -0.00528564 0.00322228 -0.00197465 -0.000411372 -0.000864593 -0.00360516 -0.000526856 -0.000162353 -0.00121267 -0.000287574 -0.0015052 0.00307196 0.00118032 0.00178511 -0.00837356 -0.00278872 0.00256915 0.000521818 0.000521049 -0.00161208 -0.00259878 -0.000558051 0.00179253 0.00204341 -0.000467162 -0.00229939 -0.00233508 -4.83412e-05 -0.00109721 -0.000586172 -0.00352914 -0.000820639 -0.00447621 -0.00159789 -0.0007374 -0.00017245 -0.000234531 0.000883481 -0.00031912 -0.000373436 -0.00474619 -0.00241475 -0.00173278 -0.000936965 
0.000953645 0.00326933 0.0445872 -0.000748756 -0.000894797 0.00113621 -0.00257384 -0.000138473 -0.00214635 0.00104796 -0.000619539 -0.00254563 0.00213247 0.00206562 0.0027239 -0.00321181 0.00806243 0.000761906 -0.00209249 -0.00812867 0.00213685 -0.00445156 -0.00517932 -0.00413867 -0.00155665 -0.000916301 -0.00364538 -0.0042501 0.00331318 -0.00059045 -0.00161829 -0.00350875 -0.00232184 -0.00328519 0.00110571 -0.000622311 -0.000369088 -0.000703552 -0.000454003 -0.00123997 3.94537e-07 -2.79852e-05 0.000468139 -0.000502835 -0.00105442 0.000593297 -8.82101e-05 -0.000349055 -8.29292e-05 -7.76123e-05 -0.00122164 -0.00250196 0.000633625 0.000448802 -0.000259353 0.000411844 -0.0015137 -0.0010931 0.00100579 0.00121041 0.00163207 -0.00105619 0.00015583 0.000414238 7.16636e-05 0.000269453 0.000522267 0.000750839 0.00189689 6.37658e-05 -0.00514935 -1.03721e-05 -0.000340158 -0.000481354 -0.000636162 -0.00353644 -0.00023946 0.0021641 -0.00025479 -0.000605206 0.000421755 -0.00165994 -0.00024418 -0.00207026 -0.000726744 -4.54341e-07 -0.00110965 0.00131826 -0.00101387 -0.00187308 -0.000102888 9.81547e-05 0.00373499 -0.00047351 0.000761107 -0.000619721 0.000523065 2.32411e-05 -0.000823248 0.000861195 
0.0017678 0.000472301 -0.000748756 0.0618526 0.0017332 0.00553657 -0.00170355 5.29691e-05 -0.00129224 -0.00190827 -0.000173432 0.00181676 -0.000721756 -0.00192725 0.0039935 0.000620347 -0.0038125 0.000595247 -0.00353221 -0.00456363 0.00209387 -0.00308797 -0.00684055 -0.00670595 2.55653e-05 0.00413425 -0.0075351 -0.00158327 -0.00296189 0.00135244 -0.00746523 -0.00326183 0.000847065 -0.00124423 0.000624819 -0.0036028 0.000321309 0.000310958 -0.00195346 0.000317635 0.00110301 -0.0028607 -0.000411703 -0.000390486 -0.000751578 -5.54583e-05 0.000655417 -0.00023613 -0.000629138 2.90889e-05 -9.86795e-05 0.00121333 0.00108414 -0.00140146 -0.00143758 -0.000192079 -0.00178568 0.000510228 0.000762939 -0.00061715 0.00130779 0.000584549 -0.000237332 0.000664321 -0.000500186 -6.29751e-06 -0.000550568 -0.0012431 0.000284158 -8.14502e-05 -0.000566801 0.00217611 -0.00201289 -0.000723186 0.000747862 -0.00284458 -0.00537323 -0.00120061 0.000781713 0.000445116 3.5587e-06 -0.00138533 -0.00132292 -0.00356515 0.00282184 -0.00187254 0.00343408 -0.00256232 0.00273489 -0.00169861 -0.000868065 -0.000204912 -2.80107e-05 -0.000147388 -0.00215626 -0.000391103 -0.000360198 -0.00263751 0.000544944 0.00167595 
0.00039265 -0.00258628 -0.000894797 0.0017332 0.14577 -0.00430976 -0.0287721 0.00153238 0.00724515 0.0289684 0.00369247 -0.00455662 -0.00770585 -0.00786161 -0.00456587 -0.0178342 -0.00516788 0.00618372 -0.00775284 -0.0172436 0.0177084 -0.0129408 0.00434922 0.0199397 0.0179941 -0.0200291 -0.0326773 -0.0133363 -0.00086726 -0.00936223 -0.00355167 -0.0109961 -0.0100547 0.0160738 0.00207568 -9.46513e-05 0.00159056 0.000248886 0.000841552 0.0027411 -0.000795755 -0.00826978 -0.00311371 -0.00372537 -0.00514161 -0.00481058 -0.00268227 -0.00376408 0.00244295 0.0024538 0.00662989 -0.00264468 -0.00470691 -0.000563236 -0.00760736 -0.00124747 0.00112127 0.00331492 0.0149288 0.00345717 -0.000209987 -0.0017206 0.0005684 -0.00326146 0.00263954 -0.000842232 0.00241517 -0.00847453 -0.00245238 -0.000111748 -0.0178232 0.00322446 0.00732657 -0.00178592 -0.000579872 0.013106 -0.00755978 0.000725205 0.000963267 0.000827095 0.0101406 0.00265626 0.00153824 -0.018136 0.00352173 0.0029953 -0.00502018 2.94643e-05 -0.0111577 -0.00545563 0.000824039 -0.0017804 -0.000911692 0.000107787 -0.00252346 0.00159321 -0.0035033 -0.00322328 -0.000813131 0.000948636 
0.000543687 -0.00296007 0.00113621 0.00553657 -0.00430976 0.130888 -0.0009946 -0.00182278 0.000835436 0.0064482 -0.00211626 -0.00498801 -0.00246106 -0.00260924 0.00521059 0.00255402 -0.00831737 -0.0076177 -0.00886997 0.00217778 -0.00865269 -0.00920599 -0.00171811 -0.00542125 -0.00583896 -0.0053736 -0.00817359 0.0100701 0.0144321 0.00446344 -0.0105476 0.00381539 -0.000132322 -0.00195517 -0.000325162 -0.00581636 -0.000919554 0.00440363 -0.00251867 0.00124941 -0.00135079 0.00260881 -0.000869383 -0.000228138 -0.00121058 -0.00221993 -0.00520576 -0.00407033 -0.000655187 0.000879312 0.00545611 -0.00333958 -0.00202392 0.00270166 -0.00027731 0.001704 0.00668749 -0.00384878 -0.00193808 -0.00541748 -0.000907744 0.00108149 -0.00162409 -0.00114818 0.00102113 -0.000457957 -0.00316094 -0.00217239 -0.00316671 0.000817192 -0.00591259 0.00539463 -0.000373829 0.0031988 0.0060451 -0.00815571 -0.0106795 -0.000146718 0.000778726 0.000378943 0.00413965 -0.0105146 -0.00455953 0.00125956 0.00383014 -0.000739132 -0.014197 -0.00257228 -0.00582681 -0.00175061 -0.00312916 -0.00313346 -0.00240649 0.0011326 -0.00102958 -0.00121052 0.000293352 -0.00870467 -0.0041508 0.00497898 
0.0122468 -0.000896766 -0.00257384 -0.00170355 -0.0287721 -0.0009946 0.183443 -0.00143379 -0.0039296 -0.0275319 -0.0162846 0.00480059 0.0218437 -0.00295554 -0.000222842 0.000598042 -0.0139983 -0.0106377 0.000464681 0.00771849 0.010259 -0.0154415 -0.00275824 -0.00827862 -0.00978715 0.0250969 0.012035 0.00273093 -0.0135331 0.00859824 -0.00877245 -0.017439 0.00338288 -0.00981008 -0.00204557 0.00241986 -0.00317038 -0.0107314 -0.00068217 0.000189162 0.000683181 -0.000378509 0.000506482 -0.00191193 -0.000595091 0.00395837 -0.00349167 -0.00202732 0.000579096 -0.0110976 -0.00352558 0.00160438 0.00137324 -0.00460573 -0.00330112 -0.0012661 0.00491865 -0.00858457 -0.00766095 -0.00249029 -0.000616885 -0.00498311 0.00418437 0.00338751 -0.00540798 -0.000894686 -0.00123073 -0.00264559 -0.00453462 -0.00264746 0.0262485 -0.0144196 -0.00293018 0.000563534 -0.00402817 -0.0206688 0.00562929 -0.00389214 -0.000653958 -0.00620616 -0.00731111 -0.000785857 -0.00630384 0.0130939 -0.00045699 -0.00183143 -0.00878828 0.00500826 0.0131858 0.00299942 0.00146791 -0.000872018 -0.00159774 -0.00174108 -0.00171918 -0.00292112 0.00354655 -0.0156266 0.00471545 -0.00244493 
-0.00326723 0.000194912 -0.000138473 5.29691e-05 0.00153238 -0.00182278 -0.00143379 0.0867035 -0.00100137 0.00404591 -0.000443284 0.000726535 -0.00147975 0.00216326 -0.00930503 0.000268758 -0.0104453 -0.000966041 0.00644205 -0.00600591 0.000143745 -0.00613792 0.014251 -0.0145731 -0.0050742 -0.000990505 -0.00589597 -0.00128941 -0.00895223 0.0069892 0.00285901 -0.00079875 -0.002449 -0.00498237 0.000184495 -0.00107124 -0.00239842 -0.000482357 -0.00240909 0.0010179 -0.000490977 -0.00295225 -0.000547581 0.00129151 0.00299974 0.00183849 -0.000635227 0.00242134 0.000932278 0.00272514 -0.00219554 -0.00240433 -0.00189197 -7.41733e-05 0.00161796 0.000184247 -0.00620221 0.00113742 -0.000223704 -0.00266989 -0.00171732 -0.00315229 0.000444997 -0.000151838 -0.00166523 0.000654646 0.00247903 -0.00449235 0.00432602 -0.000949628 -0.000398904 -0.000500882 0.00069212 0.00106864 -0.00284981 -0.00211997 -0.00537646 -0.00124213 0.000155382 -0.00135098 0.000144643 0.0013772 -0.00341405 -0.00576528 0.00180114 0.00213799 0.0018108 -0.00104937 0.00249448 0.000334184 0.00150619 0.00100426 -0.000146953 2.92375e-05 -0.00218739 -0.000842916 -0.00625851 -0.00331486 -0.000157634 -0.00197868 
-0.00052827 0.000898404 -0.00214635 -0.00129224 0.00724515 0.000835436 -0.0039296 -0.00100137 0.104103 0.0152238 0.00610709 -0.00531057 -0.00103551 -0.00118285 0.000263567 -0.00277244 -0.00514452 -0.0176181 0.00605535 0.015259 -0.0129591 0.00457401 -0.00639071 -0.00959763 0.0112469 -0.0209399 -0.00781492 -0.00390487 -0.00656034 -0.0141927 0.004106 -0.00379116 -0.00320687 0.00228243 0.000499959 0.00261061 0.00324778 -0.00106237 0.000376142 -0.00210019 -0.00121848 -0.000909779 -0.00103636 -0.00263508 -0.00178979 0.000906573 -0.00338208 0.0025456 -0.00147988 -0.00658713 -0.000841761 -0.00494353 0.00148986 0.00462353 -0.00421204 -0.0012035 0.000311232 -0.00173817 0.00245058 -0.00150988 -0.000970877 0.00476567 0.00271698 -0.00165931 0.0019738 -0.0010979 8.57618e-05 -0.00365934 -0.00137728 0.00101742 -0.00992263 0.00406555 0.00295019 0.00150297 0.00634013 -0.00172024 -0.0027991 -0.0024836 0.00100339 -0.00253589 -0.00211016 -0.00463643 -0.0024808 7.11159e-06 0.00313776 0.0013759 -0.00413443 -0.000316039 0.000785833 0.00117172 -0.00203934 -0.00156923 -0.00397548 0.00146908 -0.00168937 -0.000692955 -0.0035968 -0.00431827 -0.00438031 0.000504358 
-0.00556903 -0.00331914 0.00104796 -0.00190827 0.0289684 0.0064482 -0.0275319 0.00404591 0.0152238 0.193613 0.0188435 -0.00901056 -0.00669762 -0.00560522 -0.0175534 -0.0166346 0.00272578 0.00289007 -0.000827152 -0.00577136 -0.00488133 -0.0188575 0.0234233 0.0154916 0.0218066 -0.0212097 -0.0049295 -0.0234846 -0.00111107 -0.00770596 -0.0133307 -0.00631757 -0.00547419 0.00613707 0.00247272 0.00955436 0.00176183 0.00148769 0.00192369 -0.00227879 -0.00166144 -0.00718311 -0.00462112 -0.00243647 -0.00432946 -0.005218 -0.00397826 -0.00341299 0.0060576 0.0115692 0.00475244 -0.0121669 0.00032808 0.00193168 -0.00578978 -0.0012165 -0.00320517 0.00797651 0.0126982 0.00365304 -0.00123858 0.00288686 -0.0014423 -0.000379155 0.000493165 -0.00201693 0.00514671 -0.00817199 -0.0101994 -0.00289858 -0.0228572 -0.0030463 -0.00416456 0.000966273 -0.00458596 0.00635528 -0.00626805 -0.00277263 -0.00108064 -0.00524868 0.00118782 0.000955738 0.000888936 -0.0256512 -0.000598924 -0.00100261 -0.00155266 -0.00664331 -0.00861926 0.00185755 -0.00395943 -0.00349423 -0.00365617 -0.000862543 -0.00314933 -0.00179982 -0.00817464 -0.00499468 -0.00988567 -0.00192728 
-0.00176077 -0.00420778 -0.000619539 -0.000173432 0.00369247 -0.00211626 -0.0162846 -0.000443284 0.00610709 0.0188435 0.204088 0.0142368 -0.00562749 -0.00822961 -0.0143343 -0.000382658 0.00653056 0.013208 -0.0125434 0.0124134 -0.0143094 -0.00136731 0.00888206 0.0210322 0.0252157 -0.0173807 -0.00815835 -0.0154526 -0.0156019 -0.0163992 -0.010286 -0.0133197 -0.0174831 -0.010903 0.000449559 -0.000851423 -0.00390759 -0.00293714 -0.00203826 -0.00415504 -0.00368225 -0.0112513 -0.00448657 -0.000854169 -0.00178428 0.00292537 -0.00533751 -0.00476803 -0.00250711 0.0153796 0.00991793 0.00211134 0.00362235 0.00717845 0.00198599 -0.0036302 0.00211481 -0.00141799 0.000795831 0.000816196 -0.00100683 0.000468571 -0.00077676 -0.000457579 -0.00312345 -0.00134933 0.00180196 0.00392033 -0.0106546 -0.00110421 0.00225776 -0.00197666 0.00243301 -0.0012032 -0.0112801 -0.00381325 -0.00232129 0.000305759 -0.00312755 -0.00284457 0.000408017 -0.0107703 0.00329241 -0.0153754 0.00265793 0.00188824 -0.00811406 -0.00310897 -0.0113025 -0.00723157 -0.00912762 -0.00419745 -0.00238276 0.00147059 -0.00157503 -0.0056319 -0.0113193 -0.00459247 0.00124227 -0.00293262 
-0.00516119 0.00196395 -0.00254563 0.00181676 -0.00455662 -0.00498801 0.00480059 0.000726535 -0.00531057 -0.00901056 0.0142368 0.152316 0.00110739 -0.0059887 -0.00781137 -0.00807532 -0.0244634 -0.0184067 0.00787694 -0.00892658 0.00763618 0.00519972 0.0199761 0.00491404 -0.0176391 0.0100141 -0.00925559 -0.0121034 -0.0199579 0.00405717 -0.0113425 -0.0163416 0.0247854 -0.00618741 -9.50751e-05 0.0127995 -0.00613583 -0.00829917 -0.00674123 0.00031439 0.000656129 0.000641236 -2.31817e-05 -0.000462288 0.00364241 0.00949212 -0.00121056 0.00241493 -0.00218864 -0.000121402 0.00796629 0.00329628 0.00194158 -0.00105034 0.00774528 -0.00039937 -0.00460432 7.24839e-05 -0.00224667 0.00534864 0.000473392 -0.00836923 -0.00174105 -0.000132377 -0.000665537 0.00013688 -0.00372256 0.00239017 -0.00430623 0.000823903 -0.00850368 -0.00306217 -0.0016535 -0.00383508 -0.00979853 -0.0130532 -0.0094817 -0.00363011 -0.0010614 -0.00320929 -0.00413946 0.00595129 -0.000576531 -0.00801509 -0.00337891 0.00301323 -0.000673655 -0.00173159 0.00381531 0.0100321 -0.00195072 0.00146398 -0.00479478 0.000487669 0.000942032 -0.00238287 -0.00146961 -0.00252874 -0.0087544 0.000982998 
0.00378721 0.00600399 0.00213247 -0.000721756 -0.00770585 -0.00246106 0.0218437 -0.00147975 -0.00103551 -0.00669762 -0.00562749 0.00110739 0.0930264 0.00150462 0.0018461 0.00858518 -0.00997709 -0.0123795 -0.00966944 -0.0127955 -0.0145581 0.000668181 -0.0179849 -0.0115316 -0.00223788 0.0110376 0.00302319 0.00320764 -0.00334094 0.0056342 -1.51882e-05 -0.00197717 -0.000665251 -0.00812476 -0.000760307 -0.00160475 -0.000252552 -0.00471974 0.00793176 -0.00150779 0.000202204 0.00635192 0.00269765 0.000252713 0.00302279 0.00332268 -0.00180468 -0.000601829 0.000487822 -0.00439379 -0.000339156 -0.00393183 0.000789391 -0.00171434 0.00170027 -4.59876e-05 -0.0041056 0.00143232 -0.000617327 -0.000111414 0.00103214 -0.00264285 -0.00108019 0.00275215 -0.00250504 -0.000271516 0.00128383 -0.00250431 -0.00146779 -0.000264472 -0.00364301 -0.00420879 0.000248507 -0.000118353 -0.00376647 -0.00920578 -0.0034342 0.000475091 -0.00100001 -0.000925423 -0.00324913 -0.00136169 -0.00272063 0.00235984 0.000182193 -0.000733637 -0.00551642 0.00314876 0.00328617 -0.00555753 0.00107282 0.001105 -0.00194722 0.000869922 0.00479227 -0.00106952 -0.000611957 -0.0019693 0.00158734 0.00347722 
-0.000993529 0.0055725 0.00206562 -0.00192725 -0.00786161 -0.00260924 -0.00295554 0.00216326 -0.00118285 -0.00560522 -0.00822961 -0.0059887 0.00150462 0.11472 -0.00268745 -0.00385893 -0.00135581 0.0143953 -0.029951 -0.00288762 -0.00525917 0.00184903 -0.0245455 -0.00428878 0.00203539 0.00920105 0.00914405 -0.00822936 -0.00249693 0.00444047 -0.00744116 0.000988324 -0.00219248 -0.00643675 0.000685837 0.00040628 0.00113566 -0.000261392 0.00028504 -0.00137907 -0.0013323 -0.00555747 0.00199569 0.00146125 -0.000427372 -0.000533243 -0.00204458 -0.000351967 -0.000504739 0.00359833 -0.00075723 0.0123392 0.00221965 0.00424179 0.0025516 -0.00126322 -0.00433395 -0.00286017 0.000174308 -0.00334975 -0.000880626 0.00040079 -0.00197402 -0.000522251 0.000104183 -0.000813698 -0.00123107 0.00164643 0.000388063 -0.000407518 0.0131815 -0.00151325 -0.00295631 -0.00166833 0.000520895 -0.00473876 -0.0107226 0.00188731 -0.00204079 0.00080818 -0.00522994 -0.00659666 -0.00422264 0.00457914 -0.0029815 -0.00443828 0.00736166 -0.00205363 -0.00610596 -0.00440115 0.00116797 0.00158307 -0.000906697 -0.00135261 -0.00244991 0.00380902 0.00149279 -0.00152294 0.000218455 -0.00265197 
0.00557498 0.00605087 0.0027239 0.0039935 -0.00456587 0.00521059 -0.000222842 -0.00930503 0.000263567 -0.0175534 -0.0143343 -0.00781137 0.0018461 -0.00268745 0.177725 -0.00968191 -0.000503292 -0.00880187 -0.0297304 -0.00907094 -0.00842049 -0.00529219 -0.0274916 -0.018407 -0.00408601 0.0225109 0.000463991 -0.00640554 0.0275423 0.00372723 -0.0082563 -0.00372276 -0.00943359 0.0083699 -0.000851404 -0.0208307 0.00332882 0.000730224 -0.00433218 -0.00546863 0.000217892 0.00563233 -0.0029963 -0.000932998 -0.00345563 -0.00689074 0.0106608 -0.00115246 0.000641979 -0.0115204 0.00131083 -0.00188352 0.00217179 -0.00618529 -0.00908438 0.00452271 -0.00180584 -0.00634369 -0.00128579 -0.00435868 0.00140948 0.00263416 -0.00274094 3.6745e-05 0.00286068 -0.000338215 -0.0026385 0.00405115 -0.002116 0.00189148 -0.00269503 0.0116629 0.00590418 -0.0031442 0.00680911 -0.00110183 -0.00902528 -0.00464592 0.002209 0.00348803 -0.00127742 -0.00622824 0.00431555 -0.00461895 0.0036214 -0.00563011 0.0025714 0.00630937 0.00442287 -0.0115174 -0.00255335 -0.000222837 -0.000788274 -0.00126449 0.00569448 -0.0027948 0.00436893 -0.00495757 -0.00502943 0.00101059 
-0.00130811 0.00710559 -0.00321181 0.000620347 -0.0178342 0.00255402 0.000598042 0.000268758 -0.00277244 -0.0166346 -0.000382658 -0.00807532 0.00858518 -0.00385893 -0.00968191 0.18249 -0.0130849 -0.0236598 -0.00837876 -0.00717213 -0.0212945 0.0180318 -0.0266407 -0.0106612 -0.00457234 0.02536 0.00232073 0.0329922 -0.00220157 -0.001632 0.0130662 0.0178146 0.00242622 -0.0111329 -0.000561434 -0.0312263 -0.00144218 -0.000923128 0.00664919 -0.00119147 -0.0014686 0.013967 0.00488795 0.000888661 0.00414311 -0.00682074 -0.00187944 -0.00333927 0.00808322 -0.0117425 -0.00320689 0.000179305 0.000133209 0.00323584 0.00127733 -0.00136035 -0.00894493 -0.00208752 -3.53517e-05 -0.00546242 0.00313064 -0.00439244 -0.00136263 -0.0032791 -0.000594367 0.000427039 -0.00324952 -0.00286577 0.00534561 -0.000941378 0.000762567 -0.00481672 -0.00492083 0.00140923 0.00238975 -0.00524585 -0.0055177 -0.00346658 0.0017162 -0.00201912 -0.00096711 -0.00355583 -0.00418185 0.00468314 -0.00726867 -0.00674343 0.00462432 -0.00112234 0.000133037 -0.012936 -0.00405776 0.00235808 -0.00774987 0.00159195 0.00561981 -0.000763695 -0.0138108 -0.00541136 -0.00718595 0.00243993 
-0.00300096 -0.00413115 0.00806243 -0.0038125 -0.00516788 -0.00831737 -0.0139983 -0.0104453 -0.00514452 0.00272578 0.00653056 -0.0244634 -0.00997709 -0.00135581 -0.000503292 -0.0130849 0.221504 0.0146082 0.000945029 0.00778165 -0.00339736 -0.0158681 -0.0283438 -0.00562047 -0.01501 -0.0129666 0.00922955 0.0073267 0.00564001 -0.0172546 -0.00107331 -0.00151365 -0.016598 0.00553403 -0.0011583 0.0158747 0.00175462 -0.00449843 0.00541146 -0.00955086 -0.00073962 -0.00348846 -0.00139549 -0.00422659 -0.00760946 -0.0101971 -0.00515861 -0.0062077 -0.00321493 -0.0123317 -0.0109119 -0.00114842 0.00500551 -0.00828732 -0.00823276 0.00032721 0.0174758 0.00298801 0.0101043 4.03864e-05 0.000974657 -0.000448632 0.000202572 0.00152967 0.0052273 -0.000914275 -0.00264078 -0.00274546 0.00431096 0.000805799 -0.00939498 0.0102646 -0.00295912 -0.00352995 -0.0011562 -0.0135697 0.00553107 0.0027792 -0.0043535 -0.000238434 0.00349417 0.00917594 4.93322e-05 0.00417528 -0.0118548 -0.00334516 -0.0114283 0.00748097 -0.00614057 -0.00265378 0.00565744 0.00152666 0.00734718 -0.00352776 -0.00177156 -0.00290744 -0.00293988 -0.002199 -0.00603719 -0.00323963 
-0.00689587 -0.00993173 0.000761906 0.000595247 0.00618372 -0.0076177 -0.0106377 -0.000966041 -0.0176181 0.00289007 0.013208 -0.0184067 -0.0123795 0.0143953 -0.00880187 -0.0236598 0.0146082 0.240227 -0.0182722 -0.0125973 0.0156863 -0.0482743 0.000545514 -0.00324797 0.0202025 0.000358234 -0.00217062 -0.0320699 0.0153397 0.00955865 -0.0220595 0.00300058 -0.0260726 -0.0147841 0.00112606 0.0219582 -0.00455733 -0.00354593 0.00992398 -0.000650279 -0.00133237 -0.016895 -0.00214372 0.000886065 -0.00696841 -0.00286567 -0.00365102 0.00139966 0.0016461 0.0120036 -0.00158363 -0.00483131 -0.0121718 -0.00976722 -0.00642115 -0.00182272 -0.0108342 -0.00714998 0.00632478 -0.00627164 0.00256959 0.00614549 -0.00259245 0.000404709 -0.00143754 -3.96636e-05 7.11887e-06 -0.00392552 -0.00405972 -0.00400204 0.0315914 0.00624323 -0.00271108 -0.00507558 -0.0115887 0.0174553 -0.00518477 0.0079801 -0.00158916 0.00331773 0.00186051 -0.0186648 -0.0019958 -0.0172441 -0.00258582 -0.0114857 0.0156718 0.001924 -0.00905422 -0.00110753 0.00131885 4.0749e-05 0.0046991 -0.00249516 -0.00778487 -0.000599236 0.0128443 -0.011212 0.00478251 -0.00532358 
-0.00914863 -0.00985222 -0.00209249 -0.00353221 -0.00775284 -0.00886997 0.000464681 0.00644205 0.00605535 -0.000827152 -0.0125434 0.00787694 -0.00966944 -0.029951 -0.0297304 -0.00837876 0.000945029 -0.0182722 0.245723 0.00518771 -0.0299112 0.00395393 0.0471107 -0.0492553 -0.0302957 -0.0394209 0.00172078 -0.0187866 -0.0175583 -0.0278259 0.0228332 -0.00888746 0.0438861 0.0286113 -0.00261912 0.0103904 0.000570918 -0.0121932 0.00776536 -0.00517537 0.000490816 -0.00303328 -0.00918129 0.000606459 -0.0046957 0.00641566 -0.0025826 -0.00329592 -0.0108551 -0.00923695 -0.00563821 -0.00329704 -0.00743131 0.0132591 0.00691102 -0.00203053 0.0146793 0.000602408 -0.0128632 -0.00107436 -0.00467135 -0.00205596 0.00200086 -0.00140309 0.00430278 0.000495304 0.00215049 -0.00319804 -0.0030069 -0.000733745 -0.0426598 -0.00100831 -0.00905866 -0.00076522 -0.00916619 -0.0102162 -0.00160747 -0.00318309 0.000560129 -0.00592374 0.00915354 0.0169114 -0.00190606 0.025787 0.00301606 0.0124412 -0.0229009 -0.00598994 0.0116305 0.03197 0.00148832 8.64616e-05 -0.00372221 0.00491269 -0.00961844 0.00105072 0.00529737 -0.00655605 -0.00399259 0.00535248 
-0.0113278 -0.0107585 -0.00812867 -0.00456363 -0.0172436 0.00217778 0.00771849 -0.00600591 0.015259 -0.00577136 0.0124134 -0.00892658 -0.0127955 -0.00288762 -0.00907094 -0.00717213 0.00778165 -0.0125973 0.00518771 0.225474 0.00790027 0.0253174 -0.0109445 0.00818345 0.00451469 -0.0108181 0.0118579 -0.00908479 -0.00773492 -0.0238278 -0.00232389 -0.00292354 0.0036354 -0.0126011 -0.00552122 -0.00961586 0.00330141 0.00279935 -0.0159156 -0.013041 -0.00399095 0.000193533 -0.00302432 0.000950144 -0.00845666 0.00512767 -0.0120273 -0.00552985 -0.00700214 0.00129865 -0.0114007 -0.00391005 -0.00205846 -0.00224689 0.00273263 0.000350668 0.00882042 -0.00111875 -0.00870904 -0.00351539 -0.00600397 0.00167165 -0.00236378 -0.00270582 0.00389037 -0.00290738 0.00154202 -0.00335984 -0.00377818 -0.00095308 0.0196596 -0.00112279 0.000439484 0.00144019 0.00825729 0.00691473 -0.00555864 -0.00325705 -0.00920213 -0.000472274 0.0015633 -0.0121096 -0.00391987 0.0202275 -0.00270749 0.000527078 -0.00818492 -0.0148468 0.00834473 -0.011497 -0.00597258 0.00270907 -0.00520672 -0.00333831 -0.00324328 -0.00392715 0.00361391 0.00690751 -0.00821536 -0.0112577 
0.00225971 -0.00880275 0.00213685 0.00209387 0.0177084 -0.00865269 0.010259 0.000143745 -0.0129591 -0.00488133 -0.0143094 0.00763618 -0.0145581 -0.00525917 -0.00842049 -0.0212945 -0.00339736 0.0156863 -0.0299112 0.00790027 0.220871 -0.0261815 0.0101309 0.0166241 0.0263381 0.0314551 -0.0324088 -0.0252922 0.000179331 0.0196214 -0.0320833 -0.027417 -0.0227151 -0.0190135 0.00142981 0.022478 -0.000245737 0.000530436 -0.0143185 0.00193549 0.00150462 -0.0189235 0.00229685 -0.00577717 -0.00577484 0.00104784 -0.000194208 -0.00289148 0.00347325 0.0122389 0.00153374 -0.00194831 0.000640426 -0.00934066 -0.0131821 -0.00406916 -0.00389019 -0.00922014 0.00883616 -0.00436423 -0.000925245 -0.00187693 -0.000375374 -0.00368693 -0.00093468 -0.000734436 0.00382461 2.71742e-05 0.00044794 -0.0038787 0.032625 -0.00905443 -0.00364971 -0.00435719 -0.00593803 -0.00693302 -0.0034713 0.00318326 -0.00381916 -0.00117408 -0.000461232 -0.0106502 -0.00131385 -0.0264278 -0.00743337 -0.0141966 0.0254478 0.000954373 0.000863966 -0.0113845 0.00503805 -0.00368812 0.00510452 -0.00739122 0.00081234 0.000507043 -0.000879082 0.0147873 0.00836615 -0.00464636 
-0.00905454 0.010196 -0.00445156 -0.00308797 -0.0129408 -0.00920599 -0.0154415 -0.00613792 0.00457401 -0.0188575 -0.00136731 0.00519972 0.000668181 0.00184903 -0.00529219 0.0180318 -0.0158681 -0.0482743 0.00395393 0.0253174 -0.0261815 0.214318 -0.0187818 0.0167937 -0.0196529 -0.0122577 0.0295648 0.021124 -0.00863335 -0.0159691 0.0256822 0.012704 0.00493237 0.00229547 -0.00109821 -0.0407843 -0.00619492 -0.00232832 -0.00395107 -0.00310965 -0.0037046 0.00983357 -0.000384708 0.00218982 0.000577263 0.011918 0.00258316 -0.00685411 -0.00145399 -0.00808526 -0.00894504 0.00621707 0.000166297 0.00146638 0.00608653 0.0019798 -0.0147078 0.000731597 -0.0126708 0.00568548 -0.00378453 -0.00537295 -0.00195665 -0.000969662 -0.00371078 -6.0408e-05 -0.00584049 0.00588938 -0.000797766 0.00318208 -0.0394671 -0.00982714 -0.00859492 0.0023402 0.0175147 -0.0112702 0.00262353 -0.00700915 -0.00267305 0.00377658 0.00414497 0.0116274 -0.00514031 0.0093969 0.00850238 0.00148926 -0.00402866 -0.0136108 -0.00428375 -0.0105177 -0.00702969 -0.00158869 -0.00739128 0.00056068 -0.00425775 -0.00494659 -0.00243881 0.0208089 -0.00658826 0.000388922 
-0.00875957 -0.00859426 -0.00517932 -0.00684055 0.00434922 -0.00171811 -0.00275824 0.014251 -0.00639071 0.0234233 0.00888206 0.0199761 -0.0179849 -0.0245455 -0.0274916 -0.0266407 -0.0283438 0.000545514 0.0471107 -0.0109445 0.0101309 -0.0187818 0.249262 -0.00200715 -0.0307216 -0.0340995 -0.0246267 -0.0040527 -0.0256664 0.00435105 0.0179841 -0.0232235 0.0088241 0.0210879 -0.00174464 0.0259142 -0.00586209 -0.00645791 -0.0040429 0.00577021 0.00113118 -0.0206841 -0.00728769 -0.00473568 -0.00149923 0.00755972 -0.004933 0.00770467 -0.00306193 0.00959723 0.0137814 -0.0122668 -0.00893641 0.00209649 0.00381965 -0.00323351 0.012753 -0.00540429 -0.0120596 0.00530293 -0.00538105 -0.00633992 0.00458013 0.000382936 -0.0059873 -0.0014683 0.00521289 0.00198567 -0.00688525 -0.00395351 -0.0160933 -0.0175352 -0.00533182 0.00235047 -0.0153019 0.0191918 -0.000608276 -0.00718182 0.00309515 -0.0060765 0.00311054 0.00744688 0.00141056 -0.0124212 0.00275491 0.00540358 -0.0137663 -0.00660366 0.00255336 0.0242621 -0.00555345 -0.00554769 -0.00163543 -0.000983731 -0.00450191 0.00294297 -0.00443982 -0.0101654 0.000728967 -0.00767862 
0.000150799 -0.00544707 -0.00413867 -0.00670595 0.0199397 -0.00542125 -0.00827862 -0.0145731 -0.00959763 0.0154916 0.0210322 0.00491404 -0.0115316 -0.00428878 -0.018407 -0.0106612 -0.00562047 -0.00324797 -0.0492553 0.00818345 0.0166241 0.0167937 -0.00200715 0.230461 0.0188299 -0.0143723 0.000583785 -0.010579 -0.00262989 0.0127806 -0.0111656 -0.00431099 -0.0187283 -0.010165 -0.000427113 -0.00205971 -0.00793343 -0.00669849 -0.0138702 0.00121576 0.000406302 -0.00260505 -0.00405475 -0.00344673 -0.00748443 -0.0163211 -0.000298353 -0.00179306 0.00723925 0.0099649 0.00301245 -0.00236602 -0.000568537 -0.00453771 -0.00286324 -0.00220112 0.00233248 0.0080282 0.00146669 0.00613084 -0.00114729 0.00188816 0.00543157 0.000644561 -0.00436242 -0.0005055 -0.000525336 -0.000774979 -0.0113519 -0.00011932 0.0059316 -0.00847624 -0.00418284 -0.000438705 -0.000621061 0.00337847 0.00481574 -0.00342379 -0.00464507 -0.00394721 -0.00162692 0.00738762 0.00702497 -0.0309026 -0.00254531 0.00188214 0.00123824 -0.0102334 -0.0159467 -0.00987122 -0.00169956 -0.00668857 -0.00135115 -0.00149557 0.00547584 -0.000886255 -0.0139602 0.00836003 -0.00112056 -0.00552914 
0.00211576 -0.00369149 -0.00155665 2.55653e-05 0.0179941 -0.00583896 -0.00978715 -0.0050742 0.0112469 0.0218066 0.0252157 -0.0176391 -0.00223788 0.00203539 -0.00408601 -0.00457234 -0.01501 0.0202025 -0.0302957 0.00451469 0.0263381 -0.0196529 -0.0307216 0.0188299 0.21277 0.000534966 -0.013538 -0.02563 0.00459882 -0.00919159 -0.0278578 -0.0113953 -0.0254853 -0.0177506 0.00419596 0.00243509 0.00979071 -0.00263406 -0.00519948 -0.00060767 -0.00180966 -0.00675772 -0.00251151 -0.00422399 -0.00746456 -0.00986277 0.00186705 0.000943001 0.00599775 0.0143768 -0.0064808 -0.0108071 -0.00438414 -0.00578592 -0.00430262 -0.00114896 -0.0148132 0.00198097 0.014185 -0.00136181 0.00140867 0.00360822 -0.0012019 -0.00218203 -0.00148101 -0.00106908 0.00365409 -0.0131123 0.000148543 -0.00209178 0.0241223 0.00337949 0.00497261 -0.00228744 -0.00316609 -0.00601322 -0.0128875 0.00751371 0.00117301 0.00222949 -0.0027779 -0.0198479 -0.00175531 -0.0220708 -0.000342089 -0.00557249 0.01569 -0.00287645 -0.0123225 -0.0131652 -4.33526e-05 -0.00456219 0.00515928 0.00191292 0.000491491 -0.00231583 -0.00471198 0.0117989 -0.00350991 0.00127044 
-0.00107966 0.00655299 -0.000916301 0.00413425 -0.0200291 -0.0053736 0.0250969 -0.000990505 -0.0209399 -0.0212097 -0.0173807 0.0100141 0.0110376 0.00920105 0.0225109 0.02536 -0.0129666 0.000358234 -0.0394209 -0.0108181 0.0314551 -0.0122577 -0.0340995 -0.0143723 0.000534966 0.233588 0.0277222 0.0108182 0.00610608 0.0354659 -0.017054 0.0188405 -0.0132843 -0.0245774 -0.00174471 -0.00957054 -0.0115648 0.00126651 -0.0013806 -0.00833547 -0.00229366 0.00649152 0.0106219 0.00129225 0.00911413 -0.0040515 0.00555768 -0.00945655 -0.00253972 -0.0182981 -0.0011912 0.00491388 0.00329148 -0.0142468 0.00137343 -0.00221583 -0.0319959 -0.00205583 -0.000754233 -0.00843875 -0.00045488 -0.00159577 -0.0043066 -0.00408467 -0.00307248 -0.000316197 -0.00784414 -0.00305589 -0.00260737 -0.00366835 0.0282632 -0.0190597 -0.00505797 -0.00442617 -0.0161214 -0.00701206 0.00582792 9.21751e-05 -0.0050923 -0.00448443 -0.0199705 -0.00165457 -0.00881807 0.00236945 -0.0187042 -0.0154351 0.00868452 0.000480691 0.00765798 -0.00856257 -0.00527057 0.000131244 -0.00533523 -0.00324761 0.00202356 -0.0024916 -0.00955839 0.0172891 -0.00265344 -0.00467277 
-0.0095864 -0.00356075 -0.00364538 -0.0075351 -0.0326773 -0.00817359 0.012035 -0.00589597 -0.00781492 -0.0049295 -0.00815835 -0.00925559 0.00302319 0.00914405 0.000463991 0.00232073 0.00922955 -0.00217062 0.00172078 0.0118579 -0.0324088 0.0295648 -0.0246267 0.000583785 -0.013538 0.0277222 0.247801 0.00381801 0.0155073 -0.00121477 -0.00156851 0.0143968 -0.00830463 -0.00851166 -0.00175359 -0.0262994 -0.0010628 -0.00117996 -0.00079247 -0.00548264 -0.00586574 0.0132739 0.00302247 -0.00251995 -0.00388172 0.00504459 -0.00360909 -0.00198148 -0.00526654 -0.0115213 -0.0254787 0.007664 0.00131392 0.0010865 -0.00249988 0.000734424 -0.00307545 -0.00310275 -0.0122352 -0.00327403 0.00138518 -0.000199199 -0.00546988 -0.000212869 -0.00181383 0.000114335 -0.00758065 -0.00148959 -0.00649455 -0.00228163 -0.00999855 -0.0154708 -0.0109792 -0.00389292 -0.00696666 0.00336871 0.0263992 -0.00601724 -0.00382092 -0.00496416 -0.00479023 -0.0050033 0.000746214 -0.00958402 -0.0130055 -0.0067607 -0.00973375 -0.0060864 -0.00578704 0.00168284 -0.0125659 0.00692098 -0.00677428 -0.00282494 -0.00292512 -0.00168874 0.00390195 0.0144869 0.00364727 0.00565991 
-0.00259894 0.00139749 -0.0042501 -0.00158327 -0.0133363 0.0100701 0.00273093 -0.00128941 -0.00390487 -0.0234846 -0.0154526 -0.0121034 0.00320764 -0.00822936 -0.00640554 0.0329922 0.0073267 -0.0320699 -0.0187866 -0.00908479 -0.0252922 0.021124 -0.0040527 -0.010579 -0.02563 0.0108182 0.00381801 0.201247 0.00558793 -0.0063527 0.0314909 0.0227155 0.00808419 0.0124477 -0.00321343 -0.0122903 -0.00176538 0.00788591 0.00690501 0.00181489 -0.000829976 0.0111714 0.000690309 -0.00125702 -0.000221651 -0.00480265 -0.00233912 -0.00127206 -0.00641746 -0.0205858 0.00218637 -0.00361334 -0.00196841 -0.007433 0.000211748 -9.54367e-05 0.00258864 -0.00390623 -0.00534761 -0.00182414 -0.00178587 -0.0108243 0.00191501 -0.000103603 -0.00386585 0.000757497 -0.00208506 0.00284298 -0.000406917 0.000820406 -0.00777583 -0.00348037 -0.00276152 -0.00182497 0.00458071 0.0056635 0.00792378 -0.00841467 -0.000654109 -0.00312831 -0.00728092 -0.000510405 -0.00161266 0.00106935 -0.00297771 0.00151815 -0.0127106 0.00130996 0.000920668 -0.00253418 -0.00669827 0.00090016 -0.00695377 -0.001015 -0.00174702 -0.00269724 -0.0164576 -0.0177221 -0.00323494 -0.00380154 
-0.00922009 -0.0011574 0.00331318 -0.00296189 -0.00086726 0.0144321 -0.0135331 -0.00895223 -0.00656034 -0.00111107 -0.0156019 -0.0199579 -0.00334094 -0.00249693 0.0275423 -0.00220157 0.00564001 0.0153397 -0.0175583 -0.00773492 0.000179331 -0.00863335 -0.0256664 -0.00262989 0.00459882 0.00610608 0.0155073 0.00558793 0.196977 0.00511415 -0.00497333 0.000168035 -0.0238761 -0.00732652 0.00231491 -0.021551 -0.00092108 0.0207573 0.00287035 0.00276965 -0.00404974 0.0209817 -0.00358787 -0.00477943 3.50959e-05 -0.00263502 0.00198215 -0.00175114 0.0018095 0.000194319 -0.0118445 -0.00489052 -0.00104808 -0.0103873 -0.0102782 -0.000795775 0.00347295 -0.00408729 -0.00532293 -0.00398632 0.00364615 0.000354368 -0.0027569 -0.00485322 0.000314993 0.000838161 -0.00187327 -0.00347338 -0.00409188 -0.00127058 0.00420115 0.00343619 0.00328229 -0.00222552 -0.00261652 0.00797162 -0.0208316 -0.00556981 -0.00130572 0.000849297 0.00108809 -0.0196832 0.00290141 -0.0201359 -0.00223787 -0.00521205 -0.00099391 -0.00128515 -0.0139268 -0.018061 -0.00150116 -1.64456e-05 0.00430764 -0.00426113 0.00186343 -0.000550398 0.0201055 0.00835525 -0.00612236 0.0019242 
0.00440596 -0.00219519 -0.00059045 0.00135244 -0.00936223 0.00446344 0.00859824 0.0069892 -0.0141927 -0.00770596 -0.0163992 0.00405717 0.0056342 0.00444047 0.00372723 -0.001632 -0.0172546 0.00955865 -0.0278259 -0.0238278 0.0196214 -0.0159691 0.00435105 0.0127806 -0.00919159 0.0354659 -0.00121477 -0.0063527 0.00511415 0.185957 -0.019395 0.00103087 -0.016191 -0.0103621 -0.0021532 0.00388549 -0.0058434 0.00502672 0.00777146 0.00549782 -0.000599009 -0.00181719 0.013661 -4.74813e-06 0.01046 -0.00729849 -0.000309937 0.00514137 0.00877078 -0.00739563 -0.00388485 -0.0076046 0.00190085 -0.00120886 -0.00815292 -0.00131557 -0.00476869 -0.0101426 -0.00778037 -0.00333547 0.000705857 -0.0117602 -0.00454804 0.000314177 -0.00437857 0.000188725 0.000267874 -0.00231402 0.00413423 -0.00257723 0.0314936 -0.010527 -0.000461516 -0.000794146 -0.00223449 -0.010577 -0.020127 -0.00568242 -0.00213055 -0.00268645 -0.00436698 -7.04643e-05 -0.00664837 -0.0174114 -0.0105994 -0.00783998 0.00987928 0.00561126 -0.00153691 -0.00738565 -0.00280372 -0.00413217 -0.00255472 -0.00408503 0.00541062 0.00268979 -0.00639341 -0.00658281 0.000533457 -0.00440517 
-0.00598057 0.00559681 -0.00161829 -0.00746523 -0.00355167 -0.0105476 -0.00877245 0.00285901 0.004106 -0.0133307 -0.010286 -0.0113425 -1.51882e-05 -0.00744116 -0.0082563 0.0130662 -0.00107331 -0.0220595 0.0228332 -0.00232389 -0.0320833 0.0256822 0.0179841 -0.0111656 -0.0278578 -0.017054 -0.00156851 0.0314909 -0.00497333 -0.019395 0.171047 0.00961527 0.00743036 0.0147331 -0.00270409 -0.0117916 8.34955e-06 -0.00227354 -0.00255013 0.000992124 0.00179946 -0.00366615 -0.00737944 -0.000835049 -0.0022389 -0.00700909 -0.00395897 -0.00505881 -0.00356128 -0.0145754 -0.00329559 -0.000176683 -0.00385634 0.000839677 0.000183866 0.00166388 0.00618431 0.00346403 -0.0127461 -0.000477691 -0.00236227 -0.00729433 0.00163146 0.0019434 -0.0018648 -0.000713399 -0.00609378 -0.00498523 -0.000320368 0.000199596 -0.0210801 -0.00902456 -0.00105219 0.00342431 7.90596e-05 0.00417135 0.0253024 -0.00298054 0.000248858 7.61512e-05 0.00058428 0.0083894 -0.00103448 0.015828 -0.00159945 0.00684767 -0.0134553 -0.002652 0.00351033 0.00193839 -0.00339583 -0.000322817 -0.00410173 1.40925e-06 -0.00340247 -0.000906606 -0.00307721 0.00117776 -0.00441179 -0.00448597 
-0.00737073 0.00409909 -0.00350875 -0.00326183 -0.0109961 0.00381539 -0.017439 -0.00079875 -0.00379116 -0.00631757 -0.0133197 -0.0163416 -0.00197717 0.000988324 -0.00372276 0.0178146 -0.00151365 0.00300058 -0.00888746 -0.00292354 -0.027417 0.012704 -0.0232235 -0.00431099 -0.0113953 0.0188405 0.0143968 0.0227155 0.000168035 0.00103087 0.00961527 0.146393 0.00238338 0.000645021 -0.00154655 -0.00930489 -0.0024601 0.00420646 -0.00449595 -0.0035521 -0.00248599 0.00326969 -0.000453625 0.00466849 0.00371815 -0.00660902 0.00103311 -0.00273307 -0.00429049 -0.00707463 -0.0062284 -0.00278893 -0.00288983 0.000149288 0.00275256 -0.000253032 -0.0109521 -0.00249675 -0.00501024 -0.00206601 -0.00180535 6.25399e-05 -0.000681198 -0.00170738 -0.000185522 -0.000564097 -0.0061883 -0.000817129 -0.000268043 0.000597281 -0.00758189 -0.000689365 -0.00595777 0.000914544 0.00118439 0.0134651 0.0105639 0.000300933 -0.00113394 0.00180448 -0.00436101 0.00243334 -0.0029901 0.00295748 -0.00285362 -0.000544132 -0.00122244 -0.00275481 -0.00630166 0.0014095 -0.00605916 0.00460998 -0.00362704 -0.00125981 -0.00198844 -0.00315734 -0.00400374 0.00323921 -0.0058178 -0.0012214 
-0.000819817 -0.000659887 -0.00232184 0.000847065 -0.0100547 -0.000132322 0.00338288 -0.002449 -0.00320687 -0.00547419 -0.0174831 0.0247854 -0.000665251 -0.00219248 -0.00943359 0.00242622 -0.016598 -0.0260726 0.0438861 0.0036354 -0.0227151 0.00493237 0.0088241 -0.0187283 -0.0254853 -0.0132843 -0.00830463 0.00808419 -0.0238761 -0.016191 0.00743036 0.00238338 0.151527 0.0197723 -0.00241934 0.00341401 -0.000823605 -0.00418332 -0.00176299 -0.00322741 -2.99332e-05 -0.00263227 -0.00509327 -0.000179977 -0.00408995 0.00575371 0.00629645 0.00208972 -0.00726745 -0.0019394 0.00453021 0.00206296 -0.000845197 0.00334499 0.0101097 8.78756e-05 0.0012696 0.00130597 -0.00650939 0.00476855 -0.00238178 -0.00425696 -0.00142445 -0.000631595 0.00143209 -0.00072141 -0.00109391 0.000782989 -0.00578211 0.000202199 -0.0268265 -0.000475587 -0.00558488 -0.00073948 -0.0017683 -0.00199944 -0.00538961 -0.00258507 0.00101752 -0.00177567 -0.00306035 0.00849496 -0.00107232 0.016946 -0.00161246 0.00581658 -0.01233 -0.00108859 0.00164242 0.00622777 0.000865242 0.00215907 -0.000605019 0.00033304 -0.00384821 -6.44004e-05 -0.000335524 -0.0101649 -0.00899293 0.000892588 
0.000525138 -0.00225125 -0.00328519 -0.00124423 0.0160738 -0.00195517 -0.00981008 -0.00498237 0.00228243 0.00613707 -0.010903 -0.00618741 -0.00812476 -0.00643675 0.0083699 -0.0111329 0.00553403 -0.0147841 0.0286113 -0.0126011 -0.0190135 0.00229547 0.0210879 -0.010165 -0.0177506 -0.0245774 -0.00851166 0.0124477 -0.00732652 -0.0103621 0.0147331 0.000645021 0.0197723 0.127846 -0.000248166 -0.00350399 0.00347739 -0.00118651 0.00967215 0.00097889 -0.00175242 -0.00250461 -0.00463222 -0.00244103 -0.00375277 -0.00775131 -0.00435955 -0.000993856 -0.00164372 -0.0104658 -4.69263e-05 0.000660108 -0.00173958 0.00484625 0.000205156 3.30836e-06 0.0149336 -0.00261603 0.000548259 0.00127431 -0.00170127 -0.00320969 0.00190541 -0.000221403 0.00207072 -0.00114407 8.79837e-05 0.000651417 -0.00263324 0.00192968 -0.0292082 -0.00141769 0.000193019 -0.00136393 0.00540485 0.00448086 0.00136004 -0.00227904 0.000449584 -0.00292049 0.000565681 0.000180852 0.00135333 0.0036117 0.000234802 0.00705787 -0.0106428 -0.0031284 -0.00160584 0.00600958 -0.00358886 -8.99908e-05 -0.000626086 -0.00063002 -0.00212749 0.00464906 -0.00982009 -0.0194653 -0.00497387 -0.00131597 
