0.0374594 -0.000876953 -0.00154543 -0.000187023 0.00344848 0.000100516 -0.00125961 -1.45572e-05 -0.000584305 -0.00156532 -0.00186827 0.00091829 -0.000399762 -0.000951002 -0.00189213 -0.00637146 -0.00164057 -0.0086284 0.00068395 -0.00696734 1.62582e-05 0.000596664 -0.00266793 -0.00429159 0.00165113 -0.00260645 -0.000753879 0.00121605 0.00155459 -0.000302299 -0.00264516 -0.000697719 0.000274456 -0.00148645 0.000314306 0.00177309 0.000959669 -8.36528e-05 0.0015326 0.00276962 -4.76118e-05 -2.17033e-05 -0.000330165 -0.00195243 0.00128848 2.70329e-05 7.35619e-05 -6.75991e-05 -0.000322177 -0.00145976 0.00034224 -0.00186883 0.00156701 -0.0002112 0.000255755 0.000714912 -0.00020812 -8.09203e-05 -0.00122818 -0.000601846 0.000458318 -6.33856e-05 -0.000232462 -0.000714994 5.69899e-05 0.00082505 -0.000140741 0.000226888 -0.00166927 0.0001829 0.00028028 -0.00199098 0.000768671 -0.000212665 0.000794759 0.000879708 0.00138266 -0.00126292 -0.000574375 -0.000406591 0.00165889 -0.000543219 0.00140216 0.000667765 -0.000211725 0.00229958 -0.000806609 0.000354772 -0.000484364 0.000145847 -0.000814274 -0.000143042 0.000414366 0.000101074 -0.000296612 -0.00163597 0.000439951 -0.00239899 5.45456e-05 0.000357762 
-0.000876953 0.0521839 0.00146105 -0.00137058 -0.000357115 0.000519501 5.41767e-05 -0.000360374 -0.00457914 -0.00184324 0.000589627 0.00142035 -0.00290592 0.00531365 -0.0026069 -0.00343963 -0.00230503 0.00305485 3.98603e-06 -0.000492222 0.000133879 -0.00139573 -0.00791953 -0.00367796 -0.00486181 0.00300904 -0.0054968 -0.00340613 0.00467474 -0.000436626 -0.000465383 -0.000910872 -0.000434137 -0.00161036 -0.000502069 0.000556521 -3.07857e-05 -0.000804584 0.000360717 0.000167335 0.00125211 -0.000399268 -0.00172171 -0.00165655 -0.000433815 8.53245e-05 -0.000428921 -5.59942e-05 0.00118525 -0.00145561 -0.000365704 -0.00330896 -0.00216954 -0.00249318 -0.00182491 0.000864464 0.00141893 -0.000489403 -0.00130721 -0.00258009 -0.000732867 -0.00128321 0.000914672 -0.00163855 -0.00237937 -0.000463515 6.11313e-05 -4.52907e-05 0.002854 -0.000874664 -8.37991e-06 -0.00153598 -0.00139047 -0.000109502 -0.000621594 -0.000338873 -0.000203489 0.000773534 -0.000468431 -0.0012553 -0.00130864 -0.000931683 -0.000559847 -0.000305429 0.000790755 -0.0010213 -0.000134861 0.0013495 0.000414325 0.00111201 -0.000652154 7.17281e-05 0.00260768 -0.000164408 1.59344e-05 -0.000932507 0.00051956 0.00469202 -0.00097282 -0.000372457 
-0.00154543 0.00146105 0.0736823 0.000409165 -0.00164299 0.00152229 0.00184589 -6.62799e-05 -0.00593956 -0.00183394 -0.00425101 -0.0051639 0.000269319 -0.00900726 3.95053e-06 0.00398158 0.00671899 0.00325262 -0.0117434 -0.00143754 -0.00612297 -0.00562742 -0.00768595 -0.00432761 0.000835138 0.00015814 0.00657196 -0.000226574 -0.00106827 -0.000423078 -0.000562707 -0.00113909 -0.00314267 -0.00418618 0.00356448 -0.00927226 -0.00111023 -0.00223932 -0.00231981 0.00177958 0.00166296 3.7616e-05 -0.0053902 -0.0029885 -0.00412382 3.76863e-05 -0.000752006 -0.000228889 0.00115176 -0.00124514 0.000690246 -0.000743862 0.00135217 0.000713215 0.000447731 -0.000111517 -0.00158147 -0.00176675 -0.00166037 -0.000529629 0.000380709 -0.000657625 -0.000663344 -0.00460444 -0.00413768 -0.000277398 0.000442827 6.0567e-05 0.0031158 0.00338717 -0.000534761 0.00421267 0.00417886 0.000319727 -0.000802198 -0.000519396 -0.000239929 -0.000345379 -0.00054319 0.00192338 2.2379e-05 -0.000246637 -0.000412235 -0.000407442 0.000273548 0.000162049 -0.00066939 -0.00652243 8.98018e-05 -0.00211766 0.00229414 -0.000199641 -0.000374598 3.62603e-05 -0.000389841 -0.000843605 -0.000871683 0.00248924 0.00344593 0.000603197 
-0.000187023 -0.00137058 0.000409165 0.0692612 -0.00226179 -0.00250729 0.00356147 -0.000295421 -0.00155726 0.00251213 -0.00141206 0.00142339 -0.00231831 0.00606431 -0.00555704 6.4279e-05 -0.000985813 0.00154091 -0.00085191 -0.000753369 0.00471962 -0.0123918 -0.00518823 -0.0057412 -0.00727311 -0.00505732 -7.04482e-05 -0.0112066 0.0115855 -0.00240273 -0.00688334 -0.00102011 -0.00309297 0.00430578 0.00435381 0.00176891 0.000140438 -0.00211372 -8.85128e-05 0.0011768 -0.0011844 -0.000704329 0.000280318 0.000388002 -0.00153552 0.000324975 -0.000365794 0.000462387 -0.00125376 0.00171676 -0.000415197 0.000621351 -0.000453549 -0.0037351 0.00249047 -0.0007513 -0.00203252 -0.000511286 0.000645716 0.00446355 -0.000931437 0.0010523 0.000232359 -0.00152227 -0.00172299 -2.95894e-05 0.0005547 -0.000443451 -0.000924916 -0.00142026 -0.00103027 -0.00447566 -0.000716058 -0.00119484 -0.00212457 -0.000689505 -0.000899392 0.000415141 -0.00133881 -0.00092386 0.000548919 0.0024041 -0.000889708 -0.00112334 -0.000667392 0.000559864 -0.002591 0.000220625 -0.00215078 0.00106565 -0.00034046 -0.000182917 -7.44394e-05 0.000123994 -0.000939134 0.00214239 -0.000604328 -0.00482669 -0.00189201 -0.00140054 
0.00344848 -0.000357115 -0.00164299 -0.00226179 0.0517485 -0.00299342 -0.00199045 -0.000170361 -0.00180918 -0.00320348 -0.00293598 -0.00281272 0.00258247 -0.00373658 0.00420434 -0.000178822 0.000852158 -0.010314 -0.00155689 -0.00232273 -0.00493718 -0.00364668 -0.00661327 -0.000551289 0.00226239 -0.00548882 0.0045088 0.00469546 -0.00184959 0.00125448 0.00179067 0.000752365 0.00021297 -0.000130706 -0.00190681 -0.0043146 0.000509405 2.34647e-05 -0.000232615 0.00264269 0.00010204 -0.000626276 -0.00234706 0.00172117 -0.00177467 0.000229204 0.000345866 -0.000156466 0.000150057 -0.00132562 0.000495921 -0.00313535 0.00553589 -0.00049125 0.000432201 0.00107159 -0.000638962 -0.000319679 -0.000706847 -0.00166818 0.000951328 0.000942035 3.76557e-06 -0.00450222 -0.000473586 0.000277858 0.00156137 0.000832813 0.00115016 -0.000628557 -0.00090296 -0.00184925 -0.000298727 -0.000654945 0.000839677 0.00017981 -0.0010944 -0.000269732 -3.58428e-05 -0.00127895 -0.000921492 0.000960903 0.000641893 -0.000279125 0.00106937 0.00163172 -0.000791271 -0.00269554 -0.000292319 -0.0021423 -4.22934e-05 -6.18245e-06 -0.0025181 -4.07167e-05 -0.000325663 0.00136046 0.00126021 -0.00115774 -0.000361631 -0.000523975 
0.000100516 0.000519501 0.00152229 -0.00250729 -0.00299342 0.0899776 0.00339225 0.000207962 0.00484362 -0.0033596 -0.00522397 0.00153906 -0.00673732 0.0157578 -0.010817 -0.00941622 0.00119024 0.0151336 0.00131774 -0.0117855 -0.00192705 -0.0128881 -0.00757851 -0.00743575 -0.00649436 -0.00429885 -0.00540886 -0.00641648 -0.00217034 -0.00281037 -0.0125325 -0.00519805 -0.00103354 -0.00225205 -0.000735582 0.0035433 -0.00129859 -0.00262353 -0.00270891 0.00368478 -0.000772109 0.00106615 0.00985583 -0.00287295 -0.00134424 0.000498946 0.000908474 -0.000180659 -0.000207362 0.000726018 -0.000416468 -0.0010282 -0.00234844 -0.00454701 0.000103771 0.000386548 0.00349381 -0.00108875 0.000692468 0.000242747 -0.000787625 0.000751702 -0.000647329 0.00848194 -0.00329913 0.000896025 -0.000794961 -0.000520602 0.00204194 0.00260561 -0.000392854 -0.00265057 0.000282561 0.000133272 0.00023801 4.66193e-05 0.00124598 -0.00148118 -0.00182932 -0.00204479 0.00283828 -0.00015777 -0.000597687 0.000605743 -0.000995842 -0.00144143 0.00467579 -0.00131951 -0.00168007 -0.00162262 -0.00328197 -0.000154968 0.00426822 -0.000186125 -0.000808994 -0.000911624 -0.000918311 -0.00982203 0.000332678 0.00165587 
-0.00125961 5.41767e-05 0.00184589 0.00356147 -0.00199045 0.00339225 0.0910864 0.000642609 -0.0061705 0.00157625 -0.00627299 -0.00616088 0.00386408 -0.00176075 -0.0142765 -0.000662104 -0.00364887 -0.00275467 -0.00935675 -0.00102649 0.004493 -0.0101592 -0.00967676 0.002022 -0.00649585 -0.00583656 -0.00710456 -0.00401889 0.00636859 -0.000899599 0.00532326 0.00531575 -0.00253311 0.00464031 0.000790996 -0.00457698 -0.000641525 -0.00236519 -0.0024529 -0.00217754 0.000565269 -0.000924159 -0.00444656 -0.00044515 -0.00199702 0.000409878 0.000260204 0.000610799 -0.000165421 -0.00280552 9.50899e-05 -0.000861212 0.00165105 -0.00121693 0.00352125 0.00265146 -0.000381979 -0.000148267 0.00687585 0.00182493 4.12665e-06 -0.000189113 0.00140872 0.00521242 0.00010252 -0.00075176 0.000148321 -0.000433182 -0.00443444 0.00181237 -0.000971269 -0.00768476 0.00135215 -0.00196918 -0.00147182 -5.88694e-05 0.000142383 -0.00200874 2.47463e-05 -0.00195359 0.00174808 -0.00456818 -0.00313289 -0.00054808 -0.000515095 0.000511036 0.0011641 -0.00703418 -0.00180475 -0.00223869 0.0040081 6.11827e-05 0.00163396 0.0006253 0.00053937 0.0021118 0.00100613 -0.00643784 9.62688e-05 -0.00127803 
-1.45572e-05 -0.000360374 -6.62799e-05 -0.000295421 -0.000170361 0.000207962 0.000642609 0.0145774 -0.00059609 -0.000189552 0.000630379 9.24937e-05 -0.0005873 0.00108531 -0.00126652 -0.00161738 -0.00148826 -0.00122298 0.000359809 -0.001914 -0.00108845 -0.000551674 -0.00140199 0.000476939 -0.000677476 -0.00167226 -0.000580624 -0.000387746 0.000650866 0.000683735 -0.000402401 1.10401e-05 0.00133252 -0.00140343 -0.000265487 -0.000207316 -0.000144043 -9.24341e-05 -8.88813e-05 -0.000321047 7.05348e-05 0.000124755 -0.000137382 0.000181993 -0.000453513 4.98015e-05 0.00034525 5.47703e-05 0.000347835 1.48611e-05 0.000113063 0.000495416 0.000536615 0.000366077 -0.000401932 0.000143534 -0.00027295 0.000444753 -0.000179591 -9.83294e-05 0.000292052 -8.30655e-05 0.000252803 -0.000879735 -0.00129042 -2.49087e-05 0.00057636 3.78429e-05 -0.000280469 1.67027e-05 -9.13319e-05 -0.000639488 0.000351255 -4.24034e-05 -3.84474e-05 5.96155e-06 0.000174364 -0.000408603 -9.74615e-05 0.00064501 0.000183231 -0.000460762 -0.000309262 0.00029606 -6.50985e-05 -3.54099e-05 0.000134826 -0.00125466 -2.68129e-05 0.000458559 0.000289667 -7.28468e-05 3.44773e-05 -7.27324e-05 -4.01939e-05 -0.000903897 0.000150962 -0.000593901 0.000423172 -3.36488e-05 
-0.000584305 -0.00457914 -0.00593956 -0.00155726 -0.00180918 0.00484362 -0.0061705 -0.00059609 0.160979 0.00508581 0.00651798 -0.00872121 -0.00672345 -0.0155012 0.00205991 -0.00148779 -0.00893557 -0.0118431 0.00751593 -0.000100887 -0.00153717 -0.0010243 0.0223667 0.000179443 0.00117694 -0.0337077 0.000767706 -0.00504493 -0.0193457 0.00541206 0.00488691 -0.0110494 0.00874236 -0.00788797 -0.00430103 0.0042026 -0.000934817 -0.00369948 -6.42973e-05 -0.00495608 -0.000722124 -0.00222953 0.00810333 -0.00676983 -0.00844155 0.00139373 -0.000656997 -0.000738281 -0.00294108 0.00641143 -0.00109009 0.0116508 -0.00295111 0.00527195 -0.0114745 -0.00227602 -0.00505047 0.00264351 -0.0014635 0.000128257 -0.00246716 0.00190176 -0.00141894 0.00236333 -0.0136556 -0.00162732 0.000530176 0.000211581 0.0020979 -0.00548274 -0.000900291 0.00546271 -0.00482666 -0.00238175 -0.00149438 -0.000937477 -0.00219074 0.00488468 -0.000378226 -0.00345114 -0.00301255 0.000693725 0.00694539 -0.00165319 -0.000248554 -0.00188203 9.72153e-05 -0.0214117 -0.00312382 -0.00284232 0.000103308 -0.000527275 -0.00599111 0.000171298 0.00150233 -1.01971e-05 -0.000648229 0.00176729 -5.61662e-05 -0.00154621 
-0.00156532 -0.00184324 -0.00183394 0.00251213 -0.00320348 -0.0033596 0.00157625 -0.000189552 0.00508581 0.111549 -0.00543619 -0.0100698 0.00203397 -0.0165991 -0.00351012 -0.00826934 -0.00692661 0.0242393 0.00198116 -0.00716275 0.000170868 -0.0123432 0.00119617 0.00580589 -0.00901775 0.0038717 -0.020911 -0.00924526 -0.0106978 0.00114944 0.000420323 0.00121747 0.00331821 -0.00134314 0.00177183 -0.00799711 0.000969367 -0.000175206 0.000649014 -0.00629038 -0.00281792 -0.00125294 0.00199919 0.000326448 -0.000407678 0.000260003 -0.00084719 0.00102122 -0.00055689 -0.00079602 -0.000433191 0.000422065 -0.00779977 0.0073739 -0.00839944 -0.0026512 0.00176769 -0.000288632 8.37512e-05 -1.6408e-05 0.00208593 -0.00132614 0.000633588 0.00191196 -0.00236105 0.000283346 0.00256475 -0.0013965 0.0011199 0.00188519 0.00073702 -0.00185351 -0.00356291 -0.000460438 0.000228779 -0.000869619 -0.000786527 -0.00508673 0.000511729 -0.000544566 -0.00117714 0.0033425 -0.00132649 -0.000851449 0.000278841 -0.000973772 -0.000108876 -0.00701919 0.000324461 -0.00353522 0.000670073 -8.5356e-05 0.0017572 -0.000355871 0.000156261 0.00406045 -0.00156874 0.00419498 0.00173981 -0.00175177 
-0.00186827 0.000589627 -0.00425101 -0.00141206 -0.00293598 -0.00522397 -0.00627299 0.000630379 0.00651798 -0.00543619 0.178841 -0.00970623 -0.0114266 -0.00652477 -0.00669539 0.0109427 -0.0277305 0.000828555 -0.0524042 -0.000243022 0.00410314 -0.035658 0.0228458 0.0242897 0.0221024 -0.00892408 0.00595197 -0.0341301 0.0125948 0.0105883 -0.00407471 -0.00234107 0.00388627 -0.0137822 -0.000421299 -0.00107524 -0.00456562 -0.00344193 -0.0064037 -0.00286621 0.00794858 0.00114679 -0.00269605 -0.0022035 0.0036435 -0.000222383 -0.00256684 -0.00118609 0.0018145 0.00219684 0.000856318 0.0125898 4.75863e-05 -0.00219415 -0.0153823 0.00174896 -0.00646356 -0.00565005 0.00324117 0.00324893 -0.000436469 -0.0010823 0.000472675 0.00784708 0.000216414 -0.00318267 -0.00138885 -0.000650876 -0.0092111 -0.00128579 0.001884 0.00717225 -0.00203783 0.00564456 -0.00215664 -0.000298837 -0.00372457 0.00207753 -0.00459268 0.0129105 -0.00593811 -0.00320419 -0.00432071 -0.000928213 -0.00147473 -0.000940672 -0.00166022 -0.0137138 -0.00075492 -0.00547865 0.00107123 0.00120954 -0.00554388 -0.00127847 0.000574355 -0.00294557 -0.00377153 0.00697475 -0.00511038 -0.00575739 
0.00091829 0.00142035 -0.0051639 0.00142339 -0.00281272 0.00153906 -0.00616088 9.24937e-05 -0.00872121 -0.0100698 -0.00970623 0.174391 -0.0150676 0.0135817 -0.00958156 -0.0234329 -0.0240339 -0.0203513 0.00705143 -0.013076 -0.00908215 0.00619273 0.0106729 0.000568159 0.0242925 -0.0094545 0.0141779 0.0191919 -0.00994734 -0.00564259 -0.0198398 -0.00584212 -3.98429e-05 -0.0117297 -0.000626285 0.00756414 0.000190962 -0.00327421 0.00494984 0.00766002 -0.00719461 0.00365271 -0.0100918 0.0020021 0.00932182 -0.00118669 0.000315574 -0.00131101 -0.00207227 0.000531027 -0.00228374 -0.00310529 0.00244124 -0.00271067 -0.00340091 0.00377339 -0.00514421 0.000486561 -0.00459006 -2.87692e-05 -0.00417717 -0.00126822 -0.000385923 -0.0120633 0.0160016 0.00132663 -0.00250013 0.00140921 -0.0133898 -0.00276247 -0.00140572 -0.0116748 0.00040287 -0.00337202 -0.00398495 -0.000772389 -0.00281987 0.000523074 0.0016283 -0.000189773 -0.00138052 -0.00171706 0.000373618 -0.0015887 -0.000169473 -0.00314437 0.00469261 0.00954741 0.00404369 0.000505471 0.00132035 0.00101875 0.00727724 -0.000597222 6.77835e-05 -0.00710182 -0.00172765 -0.0161517 -0.00574734 -0.00167258 
-0.000399762 -0.00290592 0.000269319 -0.00231831 0.00258247 -0.00673732 0.00386408 -0.0005873 -0.00672345 0.00203397 -0.0114266 -0.0150676 0.139523 -0.0141048 0.0184747 0.003486 0.00522483 -0.00380435 -0.00949949 -0.0098067 -0.0231649 0.0186965 -0.0194689 -0.00487108 -0.0132591 0.0155564 -0.00733122 0.000957028 -0.0192981 -0.000555429 0.00383787 -0.000436614 -0.0100896 0.000945817 -0.000794975 1.41936e-05 0.00221026 -0.000155242 -0.00171035 0.01103 -0.00321183 -0.00106931 -0.00885221 0.00322388 -0.00222551 0.000446458 0.000101062 -0.000278788 0.000718279 -0.00391521 -0.000612107 -0.0056817 -0.00302363 -0.000231896 -0.00699103 -0.000715444 -0.00196804 -0.00334569 0.00149107 0.00113852 -0.000784609 -0.000294859 0.00255806 -0.012056 -0.00316303 0.000933399 -0.000354549 0.00209137 0.00411032 0.00304671 0.000376979 -0.00599401 0.00427997 -0.00270879 0.000525153 -0.000471385 -0.0035042 -0.00567676 -0.000347051 0.000214576 0.00247916 0.0040889 0.000626469 4.76691e-05 -0.00121457 -0.000860863 -0.000883645 -0.0105539 -0.00199138 -0.00334436 -0.000925398 0.000146478 -0.00316992 -0.000365305 -4.30124e-05 -0.00185352 0.00315545 0.0177606 0.000411065 0.00452301 
-0.000951002 0.00531365 -0.00900726 0.00606431 -0.00373658 0.0157578 -0.00176075 0.00108531 -0.0155012 -0.0165991 -0.00652477 0.0135817 -0.0141048 0.240074 -0.0390244 -0.0221185 -0.0139584 0.0235654 0.00959625 -0.00597004 0.00261022 -0.0092278 -0.0419158 0.00139496 -0.027385 0.0311551 -0.00502318 -0.0159685 0.0479273 -0.0128856 -0.0442464 -0.00621735 0.000991459 0.0220108 -0.00450596 0.0065038 -0.00658183 -0.00587253 0.00189845 0.00029114 0.00200309 -0.00103743 0.00195859 -0.00405921 0.00211425 0.000812465 0.00074733 -0.000858139 0.000988018 -0.000875847 -0.002207 0.00794132 -0.00413723 -0.0220957 0.0040865 -4.6921e-05 -0.00540411 -0.00235119 0.00240661 0.00108148 -0.00116384 -0.00363807 -0.00032933 0.00441787 -0.00143219 0.000979497 -0.00251148 -0.00389254 -0.00406177 -0.00318331 -0.00397725 -0.0139 0.00502022 -0.00382024 -0.00885456 -0.00117859 -0.00296259 0.00491554 -0.00375057 -0.00741634 0.00164828 -0.00308953 -0.00959403 -0.000115784 -0.00037104 -0.00743953 -0.00536241 0.0174954 0.00403503 0.00352863 0.00534333 0.000636926 0.0108718 -0.00145417 -0.00181556 -0.00386048 -0.000989823 -0.0349922 -0.00567436 0.000136924 
-0.00189213 -0.0026069 3.95053e-06 -0.00555704 0.00420434 -0.010817 -0.0142765 -0.00126652 0.00205991 -0.00351012 -0.00669539 -0.00958156 0.0184747 -0.0390244 0.208501 0.0109472 0.0291221 -0.0299785 -0.00225198 0.00566379 0.00674317 0.0130022 -0.0158446 0.00684243 0.00479852 -0.022864 0.00267446 0.00332535 -0.0484866 -0.00145336 -0.00305532 -0.00932307 -0.0104724 -0.0195197 -0.00940797 0.0120819 0.00119821 0.00397714 0.00499492 0.00385563 -0.00291927 -0.00140659 -0.00830714 -0.0118759 -0.012514 -0.000216301 -0.000245417 -0.000687176 -0.000466123 -0.00351323 0.00310448 -0.00381678 -0.000810575 -0.0031026 0.0164984 0.000138286 -0.000659926 -0.00252871 -0.00702434 -0.00192929 0.00137019 -0.00389766 -0.000862944 -0.00717181 -0.0165555 -0.00259993 -0.00110691 0.000860359 0.0068797 -0.00672377 -0.00190566 0.0173906 -0.00156354 0.00117154 0.00528954 9.08022e-05 0.00134889 -0.00395279 -0.000522633 0.000225963 -0.00525692 0.0105575 0.00614653 -0.00418539 0.000309334 -0.00768714 0.00595583 -0.00467758 -0.0062137 0.00021047 -0.00339237 -0.00192402 -0.00749369 -0.00129839 -0.000105543 -0.00315764 0.0024624 0.00406478 -0.00358301 -0.000799705 
-0.00637146 -0.00343963 0.00398158 6.4279e-05 -0.000178822 -0.00941622 -0.000662104 -0.00161738 -0.00148779 -0.00826934 0.0109427 -0.0234329 0.003486 -0.0221185 0.0109472 0.22041 0.0137918 -0.0140019 -0.0150766 0.0284246 0.00555604 -0.00584516 0.0134583 -0.0272569 0.00910574 -0.00333987 -0.000277918 -0.0257398 -0.0107711 0.00426097 0.0191797 -0.00471176 -0.0164809 -0.00551481 -0.00425585 -0.0114788 -0.0132509 -0.000435403 -0.0121164 -0.00356493 -0.00100373 -0.00511824 -0.0016536 0.0145557 -0.0061468 -0.00013655 -0.00285026 -0.0010766 -0.00347348 0.0027635 0.000472363 -0.00433875 0.00575626 0.00383391 -0.0129213 -0.00839522 -0.00144426 6.25017e-05 -3.70329e-05 -0.00171965 -0.00312716 0.00193115 -0.000745601 -0.00493966 0.0164185 -0.0029648 -0.00356747 -0.00168854 -0.00457553 -0.00587883 0.00100605 0.00735192 -0.00809163 -0.000365238 0.00240387 -0.00418613 0.0066345 -0.00157567 0.00106235 -0.000378799 0.000109428 -0.00453683 -0.00174673 -0.00804433 -0.000669759 -0.00393663 -0.0129557 0.0016714 -0.00991908 -0.0052873 -0.000504295 -0.000752315 -0.0134341 -0.000371483 0.00089399 0.00851697 -0.00049093 -0.00107234 -0.00296932 -0.00884852 
-0.00164057 -0.00230503 0.00671899 -0.000985813 0.000852158 0.00119024 -0.00364887 -0.00148826 -0.00893557 -0.00692661 -0.0277305 -0.0240339 0.00522483 -0.0139584 0.0291221 0.0137918 0.234274 -0.0120132 0.0310513 0.00303654 -0.0122187 -0.00254338 -0.0195642 -0.0372196 -0.0263457 0.0139956 -0.00794918 0.00399825 -0.00483145 -0.00150689 0.0130379 -0.00941605 -0.00447887 -0.0232153 0.00473194 -0.00379513 -0.00266203 0.00048647 -0.0042061 0.00830673 -0.00427742 -0.00686892 0.00455776 -0.0196489 -0.021444 -0.00269574 0.000414702 -0.00168108 0.00126114 -0.00974434 0.000378878 -0.0100497 -0.00441058 0.00485822 0.0203868 0.00161409 0.0100772 -0.00255277 -0.0137463 -0.0102306 0.000349665 0.00108681 0.000230105 -0.00750205 -0.0210822 -0.00318176 0.00205586 -0.00334394 0.0086178 0.00715065 -0.00314668 0.00822894 0.000837184 -0.00483526 0.00669939 0.000188119 -0.000513041 -0.0110488 -0.00206605 0.00220053 -0.000640113 0.00386585 0.00152913 -0.00206451 -0.00066396 0.000938035 -0.00536806 0.0120332 4.62846e-05 0.00266454 -0.013754 -0.00331956 -0.0114401 -0.00175176 -0.00447062 -0.010426 0.00389212 0.00955975 -0.00135287 -0.00260082 
-0.0086284 0.00305485 0.00325262 0.00154091 -0.010314 0.0151336 -0.00275467 -0.00122298 -0.0118431 0.0242393 0.000828555 -0.0203513 -0.00380435 0.0235654 -0.0299785 -0.0140019 -0.0120132 0.249294 0.000177093 0.000256373 -0.0194074 -0.0288771 -0.0216391 -0.0128284 -0.00755988 0.0402695 -0.023299 -0.00990881 0.0146456 -0.0105654 -0.0246745 0.00171544 -0.00299494 0.0133784 0.0163655 0.000848893 -0.00147356 -0.00737595 -0.0176768 -0.0155283 -0.00272418 -0.00159691 0.0047288 0.012554 0.00106442 -0.000504522 -0.00142852 -0.000414337 -0.000734078 -0.000769631 -0.00332075 -0.00471248 -0.0174332 -0.01202 -0.0122732 -0.00211001 0.000158258 -0.00937998 0.0016936 -0.00331764 0.00287464 0.00139122 -0.002353 0.00969586 0.00192626 -0.000667342 0.00145806 -0.00454901 -0.00534432 -0.00584315 0.00334785 -0.00818722 0.00215454 -0.00166479 -0.0087496 -0.00200733 -0.00619558 -0.00467234 -0.00187352 -0.00483154 -0.00269955 0.000798427 0.000453184 -0.000213058 0.00159354 -0.00807979 -0.00031488 -0.00116566 0.00388807 -0.00295064 -0.00558696 -0.000521605 0.00972933 -0.00114068 -0.00143326 -0.00218637 -0.00518213 0.00326147 -3.87702e-05 0.00857568 
0.00068395 3.98603e-06 -0.0117434 -0.00085191 -0.00155689 0.00131774 -0.00935675 0.000359809 0.00751593 0.00198116 -0.0524042 0.00705143 -0.00949949 0.00959625 -0.00225198 -0.0150766 0.0310513 0.000177093 0.236318 -0.0319945 -0.00592971 0.0506619 0.014117 -0.0275617 -0.0370596 -0.00343072 -0.0309166 0.0111784 -0.00555922 -0.0201691 0.0105708 -0.0116628 0.00294538 0.000505301 -0.0134012 0.0149637 0.00935656 -0.00129321 0.00431832 -0.00863753 -0.00631606 -0.000769077 0.00452785 0.00640443 -0.000371003 -0.000427086 0.00362901 1.06218e-06 -0.00240885 -0.00179782 -0.00248688 -0.00807539 -0.00698307 -0.00899666 0.0116577 -0.00283295 0.00524251 0.00293585 -0.0133173 -0.00590549 -0.00226703 0.00113719 -0.0005498 0.0127106 -0.0218413 -0.000420983 -0.000787266 0.000425521 0.014725 -0.000508597 -0.00368444 -0.0133312 -0.0082164 -0.00983576 0.00499363 -7.14527e-06 -0.00607918 -0.0096035 0.00532086 -0.0125493 0.00163627 -0.00402589 0.00696375 0.00437058 -0.000351404 0.00626058 -0.00512781 0.0050394 0.00348906 0.00657832 -0.0210234 -0.00477723 -0.00333027 -0.00113836 0.000810985 -0.00494421 0.00201161 -0.0305782 0.00134888 -0.000871085 
-0.00696734 -0.000492222 -0.00143754 -0.000753369 -0.00232273 -0.0117855 -0.00102649 -0.001914 -0.000100887 -0.00716275 -0.000243022 -0.013076 -0.0098067 -0.00597004 0.00566379 0.0284246 0.00303654 0.000256373 -0.0319945 0.170636 0.00972607 -0.0250642 0.00346133 0.000904156 -0.000572514 0.00427053 0.0132015 -0.011793 -0.00345921 0.000242338 0.0220583 0.0112401 -0.0103465 0.0118328 0.00625204 -0.00816067 -0.0136946 -0.00468565 -0.00888516 -0.0154741 0.000849082 -0.0066841 -0.00375529 0.00366438 -0.0113772 -0.00257269 -0.00399561 -0.000719369 -0.00490371 -0.00296371 -0.0026952 -0.00436714 -0.00832129 0.00312224 0.000988657 -0.00361012 0.00149125 -0.00231142 0.00620404 -0.00221409 -0.00474511 -0.00370651 -0.00288803 -0.000615125 0.0042237 -0.00219209 -0.00554938 -0.00257936 0.000744281 -0.0122173 0.000163843 0.0108797 0.00170622 0.000565933 -0.00441066 -0.00197614 0.00577494 0.00296196 -0.00125316 0.00419177 -0.00423653 -0.00472854 -0.0118711 -0.00537726 -0.0010447 -0.00636909 -0.0155392 0.00753076 -0.00155049 0.000974249 0.00335349 -0.000228665 -0.0125014 0.000412934 -0.000485509 -0.000179944 -0.00170292 0.0180647 0.000368737 -0.00381576 
1.62582e-05 0.000133879 -0.00612297 0.00471962 -0.00493718 -0.00192705 0.004493 -0.00108845 -0.00153717 0.000170868 0.00410314 -0.00908215 -0.0231649 0.00261022 0.00674317 0.00555604 -0.0122187 -0.0194074 -0.00592971 0.00972607 0.223295 -0.00951639 -0.011341 0.0183968 -0.00692851 -0.0172266 -0.00655634 -0.00909101 0.00782592 0.000842669 -0.0244987 -0.00632052 -0.00510896 -0.0034612 -0.00933439 0.00412661 -0.00406719 0.00207052 -0.0024678 -0.00263043 -0.00157324 -0.00395087 0.0171703 -0.00728622 -0.00204677 -0.000527172 -0.00146149 -0.00262564 -0.00293365 -0.00875509 -0.00430101 -0.00326794 0.0061906 0.00291013 0.00588459 -0.00609839 0.00661588 0.00114598 0.00393806 -0.000305876 0.00041601 -0.00210503 -0.00339639 0.01396 -0.00451525 -0.00483313 -0.00488058 -0.00288136 -0.00288673 -0.0100325 -0.00161847 0.0162229 -0.000843242 0.000728193 -0.00712173 0.000734948 0.00426443 -0.00491429 -0.00194034 -0.0114256 -0.00123516 -0.0100435 -0.000175482 -0.00173982 -0.00613416 -0.0129171 -0.00825909 0.0142647 -0.00760129 0.00312599 0.00418484 -0.00138778 -0.000445061 -8.0891e-05 -0.000922952 0.00608447 -0.00444608 -0.0149445 -0.00807652 -0.0117699 
0.000596664 -0.00139573 -0.00562742 -0.0123918 -0.00364668 -0.0128881 -0.0101592 -0.000551674 -0.0010243 -0.0123432 -0.035658 0.00619273 0.0186965 -0.0092278 0.0130022 -0.00584516 -0.00254338 -0.0288771 0.0506619 -0.0250642 -0.00951639 0.248561 0.00700451 -0.0136223 -0.0227767 0.0119998 -0.03335 0.0109619 -0.0104151 -0.00669672 -0.00129197 7.74104e-05 -0.00880764 -8.91015e-05 -0.0218241 0.0214071 0.00846366 0.0139083 0.00900815 -0.0127864 -0.00549347 0.00125327 -0.0177635 0.00423805 0.00936088 -0.000140693 0.000929715 -0.000103335 0.00558645 -0.00760682 0.000293283 -0.011479 -0.00644176 0.0019821 0.0134126 -0.00118765 -0.0112392 -0.000717975 -0.00556623 -0.00393031 -0.00318551 -0.00369112 -0.00153522 -0.00190712 -0.016467 0.00260897 -0.000706055 0.00179703 -0.00678736 -0.000810128 0.000130941 -0.0268685 -0.00450221 -0.00399288 -0.00249187 0.00122191 -0.00393602 -0.00300546 0.00384716 -0.00428025 0.00513571 0.00107418 0.00999414 0.00104794 0.000343473 0.00460561 -0.00158709 0.00223153 -0.00209663 0.00225208 -0.00507544 -2.51417e-05 0.00385992 -0.00151782 0.000163079 -0.0098578 -0.00404446 -0.0115361 -0.000188403 0.00227357 
-0.00266793 -0.00791953 -0.00768595 -0.00518823 -0.00661327 -0.00757851 -0.00967676 -0.00140199 0.0223667 0.00119617 0.0228458 0.0106729 -0.0194689 -0.0419158 -0.0158446 0.0134583 -0.0195642 -0.0216391 0.014117 0.00346133 -0.011341 0.00700451 0.249635 0.000159263 0.0373294 -0.034454 -0.00356931 0.00206423 -0.0271174 -0.000452455 0.00376158 -0.0202782 0.00256257 -0.0257286 -0.00509555 -0.0072846 -0.000878606 0.00118277 0.00681411 -0.020797 -0.00487299 -0.00038824 0.0255523 -0.00105854 0.0123447 -0.00336908 -0.00208845 0.00044539 -0.00654031 0.0144179 -0.00261228 0.014903 -0.00174914 -0.00155101 -0.0230136 -0.00438463 -0.0171786 0.00350259 -0.000325245 -0.00260043 -0.00495503 -0.006202 -0.00192301 0.0221689 -0.000222225 0.00125225 -0.0036146 0.00178346 -0.00569225 -0.00443844 -0.000966906 0.00278155 -0.00741778 -0.00136777 -0.00567493 -0.00031524 -0.00455781 -0.00514716 0.000711925 0.00761652 -0.00670536 -0.00976659 -0.00432329 0.00435956 -0.00272536 0.0053847 0.000721934 -0.00147858 -0.00380415 -0.0156067 -0.0100767 -8.1932e-05 -0.00420229 3.4191e-05 0.0023615 -0.0094718 -0.00245274 0.00199793 0.00209347 -0.0039811 
-0.00429159 -0.00367796 -0.00432761 -0.0057412 -0.000551289 -0.00743575 0.002022 0.000476939 0.000179443 0.00580589 0.0242897 0.000568159 -0.00487108 0.00139496 0.00684243 -0.0272569 -0.0372196 -0.0128284 -0.0275617 0.000904156 0.0183968 -0.0136223 0.000159263 0.178461 0.0177877 -0.0229151 0.00187283 0.00547155 -0.00419107 0.00422303 -0.00642391 0.00594263 0.0124726 -0.00886513 -0.00252217 -0.00607434 0.00100216 -0.00247395 0.00265147 -0.00663676 0.00108402 0.00292671 -0.0149954 -0.00869493 -0.00509829 1.22882e-05 0.000146033 3.30962e-05 0.000765866 -0.00252761 -0.000752009 0.00413684 -0.00542918 0.00169578 -0.0014287 -0.00187675 -0.0100022 0.000972695 0.00370896 0.00767861 0.00108848 -0.00428732 -0.000725748 0.00806486 -0.0109697 -0.00143051 -0.00159297 0.000576121 -0.0129076 0.00101458 -0.00217477 0.00758878 -0.00260466 -0.00255063 -0.00804268 0.000992916 -0.00333017 0.00671045 -0.00128011 0.00422277 -0.00642024 -0.00898428 -0.0104669 -0.000914439 -0.00102982 0.00338078 -0.000548673 -0.0079011 -0.000806429 -0.00510077 0.00946967 -0.000389415 -0.00363903 4.54644e-05 -0.000134006 0.0106687 -0.0018306 -0.00259943 -0.003973 -0.000981197 
0.00165113 -0.00486181 0.000835138 -0.00727311 0.00226239 -0.00649436 -0.00649585 -0.000677476 0.00117694 -0.00901775 0.0221024 0.0242925 -0.0132591 -0.027385 0.00479852 0.00910574 -0.0263457 -0.00755988 -0.0370596 -0.000572514 -0.00692851 -0.0227767 0.0373294 0.0177877 0.211399 -0.0473972 0.0441794 0.00939565 -0.0172984 0.00335809 -0.00219105 -0.00431753 0.0080052 -0.027723 0.00383512 -0.0253799 -0.00273334 0.000843991 -0.00755347 0.000355198 -0.00498407 -0.00113434 -0.00915892 0.00848492 -0.00601706 -0.00121345 -0.00151135 -0.00111713 -0.00491323 0.00997205 -0.00177103 0.00663762 0.0170544 -0.00950183 -0.014276 0.00199697 -0.0220772 0.00224711 -0.00214643 -0.00250942 -0.000790433 0.00135334 -0.00224398 -0.00288379 0.00771593 0.00190231 0.00105713 -0.00152139 -0.0173068 -0.00164792 -0.001458 0.0196198 -0.00649819 0.00192311 0.000385311 -0.00107718 -0.0060577 0.00190396 0.00105517 0.00516023 -0.00355908 -0.00302967 -0.00193122 -0.000917034 -0.00186376 0.00329328 0.00702739 -0.0160555 -0.000215711 -0.00377539 0.00219068 0.000160314 -0.00620219 -0.000165007 -0.00049166 -0.0140809 -0.0027388 -0.00191296 -0.00592372 -0.00587438 
-0.00260645 0.00300904 0.00015814 -0.00505732 -0.00548882 -0.00429885 -0.00583656 -0.00167226 -0.0337077 0.0038717 -0.00892408 -0.0094545 0.0155564 0.0311551 -0.022864 -0.00333987 0.0139956 0.0402695 -0.00343072 0.00427053 -0.0172266 0.0119998 -0.034454 -0.0229151 -0.0473972 0.24864 -0.042881 -0.015218 0.0278409 -0.00287154 -0.00508207 0.00926063 -0.0199262 0.00729583 0.00169415 0.011695 -0.00285037 0.00429258 -0.00550002 -0.00203644 0.00558023 -0.00264281 -0.0136958 -0.00580622 0.0085205 0.000195617 -0.000474907 -0.000981355 0.00602723 -0.0117118 -0.00152465 -0.0153319 -0.0267012 -0.000387332 -0.00552917 -0.00481051 0.00240984 -0.00766186 -0.00422902 -0.00876276 -0.00194642 -0.00489992 -0.000352101 -0.00277836 0.0165242 -0.000217566 -0.00703611 -0.0026797 0.00513516 0.000676545 0.00101531 -0.0232626 0.0018819 -0.00407162 -0.00363528 -0.00047273 -0.00681463 -0.0106944 -0.00385611 -0.00832431 -0.00101139 -0.000306867 -0.0029235 -0.00218365 -0.000760349 -0.00165229 -0.00611168 0.0338817 0.00783108 -0.00940803 -0.000439152 0.000781869 0.0127606 -0.00172715 -0.000964657 -0.00445364 -5.81292e-05 0.00746349 -0.00416161 0.00680501 
-0.000753879 -0.0054968 0.00657196 -7.04482e-05 0.0045088 -0.00540886 -0.00710456 -0.000580624 0.000767706 -0.020911 0.00595197 0.0141779 -0.00733122 -0.00502318 0.00267446 -0.000277918 -0.00794918 -0.023299 -0.0309166 0.0132015 -0.00655634 -0.03335 -0.00356931 0.00187283 0.0441794 -0.042881 0.246006 0.00161068 -0.00756709 -0.00349947 0.00966395 -0.0101022 0.00920031 -0.0121495 0.000339521 -0.0360323 -0.00169235 -0.00980259 -0.008176 0.00496263 0.0010379 -0.000277393 -0.0206659 0.00191218 -0.00933189 -0.00173705 -0.00118017 -0.00178277 -0.00610788 0.00579126 0.00211966 -0.00221683 0.0326864 0.00238877 -0.00982125 0.00363682 -0.0042487 0.000615396 0.00311466 0.00621411 -0.000514861 0.00175928 -0.00352453 -0.0239113 0.00913904 0.00101848 0.00148785 0.000822512 -0.00748296 -0.00934425 -0.00468198 0.0160915 -0.00313625 0.00666764 0.00545384 -0.00113089 -0.00766487 0.00397289 0.00124628 -0.00279009 -0.00250919 -0.00544049 -0.00837522 0.000794273 -0.00491776 -0.00633742 -0.00313302 -0.025658 -0.00346354 0.00269017 0.00109255 0.000208841 -0.0172709 -0.00086131 -0.00195297 -0.00576458 5.16522e-05 0.0164203 0.00529742 -0.00168369 
0.00121605 -0.00340613 -0.000226574 -0.0112066 0.00469546 -0.00641648 -0.00401889 -0.000387746 -0.00504493 -0.00924526 -0.0341301 0.0191919 0.000957028 -0.0159685 0.00332535 -0.0257398 0.00399825 -0.00990881 0.0111784 -0.011793 -0.00909101 0.0109619 0.00206423 0.00547155 0.00939565 -0.015218 0.00161068 0.216417 -0.0199655 -0.0085419 -0.00386814 -0.00136684 0.011204 -0.0027841 -0.00460554 0.0018911 0.00290356 -0.00581668 0.00478108 0.00145964 -0.00921151 0.000119494 -0.0111352 -0.00106057 0.00148549 -0.000764499 -0.000942927 -0.000970915 0.00110335 -0.00498553 -0.00186282 -0.00897149 -0.00655715 0.012216 0.00617398 0.000560728 -0.00709804 -0.0016182 -0.00593742 -0.0003634 0.0025045 -0.00242608 -0.00202085 -0.00735198 -0.00499749 0.00196916 -0.000647575 0.000531089 -0.00936247 0.00272746 -0.00283827 -0.0174474 0.00726913 -0.00578211 -0.00334897 0.0024487 -0.00402969 0.00209772 -0.00092323 -0.000910841 0.00243633 -0.00180265 -0.00354852 -0.000480837 -0.000515594 0.00467805 0.00814827 -0.0130119 -0.00239357 0.00679812 -0.00603642 -0.00109692 0.000129085 -0.00143504 -0.00101692 -0.00506815 0.000120738 -0.0104882 0.000541461 0.00242991 
0.00155459 0.00467474 -0.00106827 0.0115855 -0.00184959 -0.00217034 0.00636859 0.000650866 -0.0193457 -0.0106978 0.0125948 -0.00994734 -0.0192981 0.0479273 -0.0484866 -0.0107711 -0.00483145 0.0146456 -0.00555922 -0.00345921 0.00782592 -0.0104151 -0.0271174 -0.00419107 -0.0172984 0.0278409 -0.00756709 -0.0199655 0.225169 -0.00130047 -0.00210989 0.00314749 0.00449367 0.0162676 -0.00554976 -0.00402463 -0.00357437 -0.00865232 -0.00637939 0.000508158 0.00799372 -0.0012427 -0.00511834 -0.0178447 0.00160453 0.000213356 -0.00127771 -0.000851609 0.00550855 -0.00797077 -0.00174782 -0.0107329 -0.00140686 -0.00656061 0.00663056 -0.00152669 0.00787398 -0.00178428 -0.000402087 0.000612494 0.000876676 -0.00461248 -0.000358687 -0.0201872 -0.00824137 0.000153626 -0.00370783 -0.00315268 -0.0056356 0.0035824 -0.00400972 -0.0166821 0.00105967 0.00143139 -0.000354161 -0.00112133 -0.00128341 0.00713544 -0.0022934 -0.00407936 -0.00221515 -0.00994571 -0.00520732 -0.00100275 0.00178312 -0.00226706 -0.00469321 0.0156506 0.00499856 -0.00432983 -0.0012836 -0.000479861 -0.00113974 -0.00123407 -0.00190471 -0.0064835 -0.00265862 -0.00861895 -0.00533793 -0.00374497 
-0.000302299 -0.000436626 -0.000423078 -0.00240273 0.00125448 -0.00281037 -0.000899599 0.000683735 0.00541206 0.00114944 0.0105883 -0.00564259 -0.000555429 -0.0128856 -0.00145336 0.00426097 -0.00150689 -0.0105654 -0.0201691 0.000242338 0.000842669 -0.00669672 -0.000452455 0.00422303 0.00335809 -0.00287154 -0.00349947 -0.0085419 -0.00130047 0.0727145 0.00124563 -0.000871133 0.000556671 -0.00651383 0.000979757 -0.00190069 -0.0016168 0.00299195 -0.00317483 -0.00333927 0.00229812 0.000389018 0.00592182 -0.00128582 -0.00308876 0.000192086 -0.000558551 -0.000199874 0.00067478 -0.000605308 0.00173417 0.0020386 0.000588194 0.00225588 -0.00341588 -0.000695215 -0.00142542 -0.00129109 -0.00193961 -0.000829375 0.000211879 -0.000664143 0.00214933 -0.00767047 -8.48319e-05 -0.000729653 0.00147579 -0.000272218 -0.00370983 0.000986031 0.000152862 0.00241627 -0.000136547 0.00130332 -0.000394973 -0.000578028 0.00217973 0.000515753 -0.000904157 0.00319037 0.000230446 -0.000771295 -0.000538272 -0.000809306 0.000372687 -0.00236356 -0.000566357 -0.00456175 0.000689117 -0.00341478 -0.000948234 0.000738171 -0.001465 0.000244652 1.89161e-05 0.00114895 0.000365692 0.000996393 0.00116214 -0.000394337 
-0.00264516 -0.000465383 -0.000562707 -0.00688334 0.00179067 -0.0125325 0.00532326 -0.000402401 0.00488691 0.000420323 -0.00407471 -0.0198398 0.00383787 -0.0442464 -0.00305532 0.0191797 0.0130379 -0.0246745 0.0105708 0.0220583 -0.0244987 -0.00129197 0.00376158 -0.00642391 -0.00219105 -0.00508207 0.00966395 -0.00386814 -0.00210989 0.00124563 0.193109 0.00599902 -0.000355733 -0.0122406 -0.00354746 -0.02424 -0.00326989 -2.35516e-06 -0.00248827 -0.010095 0.00180176 -0.00268241 -0.0151065 -0.00251311 -0.0134765 -0.0003359 -0.00158272 -0.00023045 -0.00322696 0.00106472 0.00034581 -0.00768964 0.000830384 0.0182145 -0.00428316 0.000342832 0.00289443 0.00138436 -0.00359355 -0.00548425 0.000465192 -0.00362261 0.00173801 -0.00509499 -0.00975437 0.000242342 0.00275629 0.000100298 0.0110101 -0.00366244 0.00237735 -0.00658421 -0.00565592 0.000733322 0.00245501 -0.00149147 -0.00368118 -0.00604434 0.00422382 -0.000939458 0.00184955 -0.010738 -0.00327053 -0.00181787 -7.79142e-06 0.00658726 0.00225642 -0.0127503 -0.00465863 -0.00218009 -0.00878479 -0.00102782 -0.0137768 0.00063665 1.34975e-05 -0.0031176 -0.000396033 0.033 0.0052712 -0.00713093 
-0.000697719 -0.000910872 -0.00113909 -0.00102011 0.000752365 -0.00519805 0.00531575 1.10401e-05 -0.0110494 0.00121747 -0.00234107 -0.00584212 -0.000436614 -0.00621735 -0.00932307 -0.00471176 -0.00941605 0.00171544 -0.0116628 0.0112401 -0.00632052 7.74104e-05 -0.0202782 0.00594263 -0.00431753 0.00926063 -0.0101022 -0.00136684 0.00314749 -0.000871133 0.00599902 0.106573 -0.00250024 0.0125952 0.00619615 -0.00376852 0.000117172 0.000377756 -0.000657978 -0.00424619 0.00103866 0.000734428 -0.0037164 0.00275963 0.000459267 0.000347435 -0.00104032 -0.000916232 -0.000158182 -0.000298585 -0.000400562 -0.00278634 -0.00545334 -0.00517402 0.00141086 -0.00120636 -0.00385777 -5.68929e-05 -0.000454462 0.00183446 -0.000523162 1.44076e-05 -0.000574608 -0.000417695 0.00624448 -0.000897919 -0.00141304 0.00100474 0.0030206 0.000763042 -0.000246885 -0.00856322 -0.000167266 -0.00133026 0.000574467 -0.000277381 0.000194709 -0.000611681 -0.00129854 -0.00176694 -0.00214252 0.00323243 -0.00323334 -0.00023722 0.0012083 -0.00214059 -0.000971553 -0.0100329 -0.000132054 0.00484253 -1.50354e-05 -0.000353969 -0.00229948 -0.000511648 0.00116043 0.000236353 -0.00116657 -0.00769192 -0.00222422 -0.000463224 
0.000274456 -0.000434137 -0.00314267 -0.00309297 0.00021297 -0.00103354 -0.00253311 0.00133252 0.00874236 0.00331821 0.00388627 -3.98429e-05 -0.0100896 0.000991459 -0.0104724 -0.0164809 -0.00447887 -0.00299494 0.00294538 -0.0103465 -0.00510896 -0.00880764 0.00256257 0.0124726 0.0080052 -0.0199262 0.00920031 0.011204 0.00449367 0.000556671 -0.000355733 -0.00250024 0.102577 -0.00509492 -0.00370791 -0.00664504 0.000279615 -0.00355564 0.00231208 -0.00503986 -0.00195061 0.0003949 -0.00639328 -0.00680284 -0.00429364 -0.000405029 -0.000608821 4.52579e-06 -0.000617641 0.00182121 -0.000299207 0.00246949 -0.00278282 0.00618554 -0.00822443 -0.000879579 -0.00264245 0.00157252 -3.24112e-05 -0.000118012 0.00165525 -0.00170248 -0.000996955 0.00521104 -0.00673127 0.001695 0.00378083 -0.00070297 -0.00603617 -0.000329493 -0.000914387 -0.00580231 -0.00228956 -0.00107074 0.000415296 0.0003279 -0.000784706 0.00236655 0.000327996 0.00563166 7.40589e-05 -0.00523197 -0.00187593 -0.000387156 -0.0010402 0.00187874 0.00328783 -0.0105042 0.00118628 -0.00430357 0.00134385 -0.000120758 -0.00381344 -0.000184127 -0.000691094 -0.00165935 -0.00174212 0.00539443 0.00124719 -0.00279232 
-0.00148645 -0.00161036 -0.00418618 0.00430578 -0.000130706 -0.00225205 0.00464031 -0.00140343 -0.00788797 -0.00134314 -0.0137822 -0.0117297 0.000945817 0.0220108 -0.0195197 -0.00551481 -0.0232153 0.0133784 0.000505301 0.0118328 -0.0034612 -8.91015e-05 -0.0257286 -0.00886513 -0.027723 0.00729583 -0.0121495 -0.0027841 0.0162676 -0.00651383 -0.0122406 0.0125952 -0.00509492 0.169008 -0.00430442 -0.00585536 0.000816149 -0.00502974 -0.00158703 -0.00816322 0.00480717 -0.000842129 0.00570356 0.00989047 0.00136346 -0.000343707 0.00141794 0.000686535 -0.0034663 -0.00404033 -0.000956974 -0.00233569 -0.00444194 -0.00853658 -0.00419894 -0.00422973 -0.00142968 -0.0035458 0.00282921 -0.000608156 -0.000983496 0.00128042 0.000299944 -0.00497105 0.00174572 7.02065e-05 -0.00132306 -0.000586901 -0.0003971 0.00288954 0.0008543 -0.01125 0.00217645 -0.000254316 -0.00269759 -0.00134409 0.000775959 0.00470907 0.00101039 -0.00524389 -0.00164488 0.00626626 0.00298063 -0.00114096 0.00379095 -0.00350318 -0.00435669 -0.00944818 0.00293957 -0.00160129 0.00028554 -0.00121389 -0.00485357 -0.000314928 -0.00157471 0.00579664 -0.00106188 -0.0109067 -0.000778212 0.00590674 
