0.0542421 0.00010228 -0.00430778 0.00125604 -0.00395108 -0.0026005 0.00490794 -0.000482045 0.00175976 -0.00100289 -0.000445631 -0.00109319 -0.00296575 -0.000538258 -6.92751e-05 -0.00591016 -0.00568768 -0.00649685 0.00160224 -0.00464954 -0.00161003 0.00467169 -0.00061787 -0.00894902 -0.0026843 0.00179993 0.0037808 0.00259543 0.000228371 -0.000312952 5.03208e-05 0.000132843 0.00521492 -0.00363214 0.000149039 -0.00236219 0.000785427 0.000644766 -0.000898287 -0.0039715 -0.00333805 -0.000943298 -0.00246096 -0.000559805 0.000558687 -0.00140596 -0.000241977 0.000313933 0.000296941 -0.000998572 0.00105431 0.00281587 0.0021862 -0.00055277 0.00267139 -3.88588e-05 -0.00328803 -0.00243097 -0.0012506 -0.00114444 0.000173966 0.00135272 0.000306082 -0.000769584 -0.00106669 -0.000384035 -0.00313064 0.000103719 0.000231639 0.0025315 -0.00204618 -0.00157673 -0.00140093 -0.000580227 -0.000894562 0.00091432 -0.0012129 -0.000364749 -0.00121697 -0.000103213 0.000807684 -0.00114082 -0.000492291 -0.000291479 0.000112286 0.000975441 0.00124946 -0.000234598 -0.00080841 -0.00282027 0.000234572 0.00799271 -0.000127825 -0.00285509 -0.00242876 -0.00248786 0.00295042 -2.46518e-05 -0.00110199 -0.000303095 
0.00010228 0.078211 0.0037855 -0.00118654 -0.000973094 -0.00257239 0.00459564 -0.000940488 0.000980312 0.00237952 0.00367225 0.000255604 0.00318962 -0.00124086 -0.00106641 0.00470225 0.00534672 -0.015506 -0.00431403 -0.0100081 0.00168693 -0.00717673 0.006267 -0.00594361 -0.00369924 -0.00879162 -0.00294294 0.0069855 -0.00717948 0.000260358 0.000168971 -0.000614043 -0.00179344 -0.00270648 -0.00495085 -0.00180666 -0.000821469 -0.00312121 0.00178889 -0.00384884 -0.00389984 0.00203185 -0.00508742 0.00257028 -0.000173217 0.00262807 -0.000290609 0.00243443 -0.000485562 0.00141768 0.00198221 -0.00611308 0.000487864 0.000238808 0.00040884 -0.000998558 -0.0049959 0.00288103 -0.00375064 0.000625283 0.00313885 -0.00162871 0.000684016 0.00151816 -0.0025694 -0.00122656 -0.00551929 -0.000773893 -0.00147003 -0.000727627 -0.00108871 0.000155725 -0.00144402 0.00111989 0.00259924 -0.000489744 -0.0021605 -0.000878291 -0.000917038 0.00129141 -0.000918731 -0.0042965 0.00149659 0.000563272 0.000329258 -0.00151736 -0.00302538 -0.000235091 -0.00115955 -0.00187931 -0.00148961 0.000777771 -5.60026e-05 0.00141287 -0.00145766 -0.00299962 -0.00141372 -0.000125365 0.00178171 0.00151361 
-0.00430778 0.0037855 0.16679 -0.00188736 -0.0129746 0.008398 -0.0100504 0.0128658 -0.0257839 -0.0150859 -0.00303679 0.00639499 -0.00107656 0.00396536 -0.00335839 0.0208989 0.0329372 -0.00300088 -0.00514553 -0.00869723 0.0188918 0.00175401 -0.0215987 0.00992429 0.00882374 -0.0171848 -0.0358973 -0.00152837 -0.0259762 0.0152598 0.000951172 -0.00396155 -0.00473045 0.002715 -0.0070198 0.0038175 -0.00213378 -0.00503239 -0.00196997 0.000442522 0.00102246 0.00387296 0.0064195 0.00634863 -0.00458131 -0.0176517 -0.00143385 -0.00893212 -0.00437586 -0.000335921 -0.00122273 -0.0139031 -0.000529731 0.00335493 -0.00136087 0.0039292 -0.00929662 -0.00546541 -0.0025567 0.00723571 -0.00351982 -0.00292635 -0.00680245 -0.000127059 -0.00641389 -0.00112821 0.00575144 -0.000184066 -0.00101429 -0.010372 0.00619353 -0.00473375 -0.000745499 0.00152864 -0.00246598 0.000160652 -0.00518853 0.00276233 0.0020827 7.65581e-05 -0.00076859 -0.00799564 -0.00135407 -0.00236721 0.000463298 -0.00204076 0.00363323 -0.00020504 -0.00319342 -0.00455109 -0.00255934 0.00387057 -0.00669716 0.00942032 -0.00296805 -0.0146735 -0.0029616 0.00155894 -0.00322238 0.00596356 
0.00125604 -0.00118654 -0.00188736 0.0381387 -0.00139048 -9.78903e-05 0.000908213 -0.000355529 -0.00306019 0.000830057 -0.00166502 -0.00278115 -0.000245912 -0.00140461 3.50305e-05 -0.00346043 -0.000312135 -0.00178631 -0.000957297 -0.000425673 -0.00216073 0.00234386 -0.000604067 -0.00292346 -0.00164654 -0.00116993 -0.00319424 -0.000132402 0.000236737 -0.00269894 -0.000206814 -0.000748731 0.00236022 -0.000913585 -0.000967012 -0.00151914 7.83564e-05 -2.72041e-05 -0.00187163 0.000144724 -0.00172875 0.000816819 -0.000697157 -2.3792e-05 -0.000557078 0.00186536 3.76922e-05 -0.00132198 0.000425488 0.000727253 5.70634e-06 0.00318029 0.000153968 0.000150895 0.000504938 0.00233829 -0.00248381 0.00132494 -0.00271575 -0.000161985 0.000207839 0.000180369 0.00106289 -0.000208587 -0.000580091 -0.000604565 0.000285253 0.000141448 -0.000218919 -0.000217802 -0.00138156 -0.000407032 -0.000740738 0.000123461 0.00100133 -0.000456869 7.14753e-05 0.000130864 -0.000451482 -0.00010041 0.000666035 -0.00124527 0.000693379 -0.000330092 0.000103369 0.000513961 -0.00113838 -1.90004e-05 -0.000168547 -0.000427328 -0.00103301 -0.000216637 -0.000922323 -0.00115873 -0.00047324 -7.75794e-05 0.00150933 -0.00028642 -0.000491514 0.000292812 
-0.00395108 -0.000973094 -0.0129746 -0.00139048 0.137076 0.00409082 0.00364123 -0.00171645 0.00491286 -0.000961289 -0.00563777 -0.00254883 0.0158644 0.00188475 0.000953955 -0.00735289 -0.0163209 -0.00269676 -0.00518231 -0.000573278 -0.010988 0.00447049 0.0122683 -0.0103321 -0.0146989 0.00104438 0.00232154 -0.0119229 0.0174833 -0.021725 0.00299807 0.00156697 -0.00325791 -0.0122069 0.0038648 -0.00303655 -0.00849006 0.00306207 0.00263919 -0.0042665 -0.00394771 6.52668e-05 -0.00518439 -0.0052567 -9.35824e-05 0.0145291 -0.00139162 0.00214623 0.000200881 0.00277578 -0.000921917 -0.00168647 0.00209199 -0.00207559 -0.00138218 -0.00182849 -0.00316207 -0.00574262 0.00192097 -0.00208912 0.00028389 -0.00161093 -0.00119201 -0.00202947 0.00145009 -0.00218297 -0.00209079 -0.000904685 -0.00087494 0.000344669 -0.00727486 -0.00202832 -0.00188045 -0.00645827 0.00334884 -0.000394093 0.00610318 3.34877e-05 -0.00326178 0.00107293 -0.00212132 -0.00210715 -0.00109205 -0.00151662 -0.000459412 0.0050897 -0.00244885 -6.04045e-05 0.00102251 -0.00260264 0.00148062 -0.00485485 2.66987e-05 -0.00397154 0.00572667 -0.0041035 0.000420211 -0.00122307 -0.0076394 -0.00592535 
-0.0026005 -0.00257239 0.008398 -9.78903e-05 0.00409082 0.111177 -0.00324351 0.00462376 -0.00582374 -0.00549351 -0.00215695 0.00168504 0.00160016 -0.00261789 -0.00523766 -7.40669e-05 -0.0018449 0.00750087 -0.0199328 0.00945938 0.00193131 0.0111092 -0.0188846 0.00362046 -0.0132261 -0.000192883 -0.00221232 -0.00196126 -0.00904977 -0.00390536 -0.000314428 -0.000578297 -0.00245083 0.00043774 0.0013013 0.0061581 0.00327562 -0.000680486 -0.00178214 -0.00523079 -0.00595413 0.0030848 -0.00140983 -0.00127393 -0.00449583 0.0109919 -0.00134026 -0.000973282 -0.000826694 -0.0016654 -0.00126324 -0.00202509 -0.00210784 -0.000443076 -0.00168652 -0.000655455 -0.00594798 0.00239942 -0.00399718 0.00274559 -0.00393802 0.00348007 0.00112629 0.000821845 -0.00258017 -0.000948655 0.00432981 0.000695615 0.00153027 -0.00476601 0.000270306 -0.00240598 -0.000918275 -0.00340589 0.000162157 -0.00180483 -0.00246556 0.00341046 -0.00192343 -0.00124252 -0.000701225 -0.00200738 -0.00389115 -0.00172334 -0.000491496 -0.00181435 -0.00186331 -0.000434452 -0.00147639 -0.00179293 -0.000886403 -0.00495539 -0.00361093 -0.00373479 0.00443992 0.00186183 -0.000875324 -0.00065079 -0.00850559 -0.00367318 
0.00490794 0.00459564 -0.0100504 0.000908213 0.00364123 -0.00324351 0.151713 0.000616951 -0.00416144 0.00808768 0.00387027 -0.0267963 -0.000497758 0.00700219 -0.00336065 -0.0162209 -0.00157064 0.0288941 -0.00361496 0.018358 -0.0135985 0.0133317 -0.0144233 -0.0125338 -0.0278843 0.0177173 -0.0289354 -0.0154962 -0.0104153 -0.0248584 0.000562284 -0.00311092 -0.0019811 -0.00668828 -0.00699926 -0.00390622 0.00156393 0.0023582 -0.00782084 0.0065397 0.00810283 0.0031882 -0.00764832 -0.00779151 -0.00383803 -0.00594751 0.000483099 0.00494865 -0.000971342 0.0051649 -0.0014281 -0.00294552 -0.000526247 -0.00360269 0.000681336 0.000192712 0.0128957 -0.00887841 0.00543439 0.00170359 -0.00196886 0.0030504 -0.00207545 0.00373332 0.00383185 0.000209797 -0.0104922 -0.000629439 -0.00131206 -0.00858127 0.00557133 0.00696926 -0.000970666 0.00460551 -0.00312597 0.00180525 -0.0034668 -0.00366939 -0.00577997 -0.00354106 -0.00381543 -0.00319776 -0.00209733 -0.00427021 -0.000326297 -0.000773539 -0.000808147 0.000648845 0.00310716 0.00533274 -0.00204565 -0.00250777 -0.000476851 -0.00806464 -0.000117569 -0.0037913 0.00959546 -0.000368536 0.00412009 -2.48291e-05 
-0.000482045 -0.000940488 0.0128658 -0.000355529 -0.00171645 0.00462376 0.000616951 0.134704 -0.00768582 0.0053442 -0.00623976 0.004078 0.00975681 0.00407511 0.00409324 0.0126903 0.00990435 -0.000229206 -0.00978426 -0.00801486 0.000478226 -0.00073827 -0.0172754 -0.0115561 -0.0147102 -0.0129726 -0.0170718 -0.0109174 0.00746458 -0.0170473 -0.00163995 -0.00186257 -0.00649225 -0.00768232 0.00112251 0.00938889 -0.00833776 -0.00212683 -0.000596178 -0.00397114 -0.00340949 0.00271012 0.00481992 -0.00217297 -0.000558901 0.00927326 -0.00172718 -0.00152695 -0.00232131 0.00125492 0.000714079 -0.0119643 -0.00133266 -0.00158933 -0.00321588 0.00255091 -0.00674558 0.0106559 0.00350574 0.0101736 0.000737687 0.00121776 -0.00105334 -0.0032231 0.00114746 0.000713708 0.00734277 -0.000709399 0.000307366 -0.00253445 0.00395616 -0.00380652 -0.00218639 -0.00147661 -0.00297159 -0.00139052 -0.00167639 0.00426726 -0.00253098 0.00064206 -0.00267175 -0.0100639 0.00191914 0.00371962 0.000246674 0.00152138 -0.00168573 -0.000532484 -0.00205584 -0.00550203 -0.000729305 -0.00334797 -0.00435678 0.00149793 -0.000776487 -0.0119957 0.00252459 -0.00101771 -0.0117033 -0.0116176 
0.00175976 0.000980312 -0.0257839 -0.00306019 0.00491286 -0.00582374 -0.00416144 -0.00768582 0.229248 0.00567119 0.00460298 -0.0156595 0.00473339 -0.0149716 -0.00662813 0.00368516 -0.0163299 -0.0163674 -0.009374 -0.0180144 0.00272626 -0.00690981 0.0349229 0.0381663 -0.0200761 -0.0334013 0.0144962 -0.00386217 0.0126977 0.00702308 0.00428042 0.00193056 -0.00602593 -0.0199015 0.00102044 0.0124471 -0.00197616 -0.0153996 0.00595132 -0.00908247 -0.000639432 -0.00161414 -0.00505789 -0.00574394 0.00690592 0.0102406 -0.000589984 -0.0102384 0.00132718 -0.00270964 0.00279967 -0.00480727 0.00435072 2.7284e-05 -0.0016268 -0.00679003 0.00684453 -0.0156207 -0.00260649 -0.0105398 -0.00124186 -0.00853867 0.00310509 -0.0073001 -0.000952462 -0.00337334 -0.00649477 -0.00203027 -0.00214042 0.0058609 -0.0207822 -0.00885414 -0.000679144 -0.0014358 0.00491019 -0.000970189 0.00509856 -0.00742591 -0.00203823 0.00447456 -0.00377149 -0.00581611 -0.00386615 0.00231301 -0.000305246 -0.00482158 0.0037525 -0.000729243 -3.80225e-05 -0.0186338 0.00130525 -0.0108327 0.000530491 -0.00839269 -0.00173468 -0.00252052 0.00143637 -0.000401892 0.00646299 0.00219923 
-0.00100289 0.00237952 -0.0150859 0.000830057 -0.000961289 -0.00549351 0.00808768 0.0053442 0.00567119 0.124895 -0.00277393 -0.00954495 0.00184231 -0.00013985 0.00839507 0.00198014 -0.00310904 0.00815953 -0.0116958 -0.000134155 0.000647261 0.00547695 -0.0028082 0.0025994 -0.0190318 -0.0047518 -0.00546299 -0.0131956 -0.00278933 -0.0169688 0.000398976 -0.000150803 0.000906259 -0.00553303 -0.00465611 -0.00260386 -0.00415561 -0.00347297 -0.0038375 0.00296844 -0.00243524 -0.00187928 -0.00336422 0.00805379 -0.000891233 0.00651268 -0.00073607 -7.7027e-05 -0.00043462 0.00267821 -1.16312e-05 -0.00722176 0.00139399 -0.000123438 -0.00125313 0.00494166 0.00966383 -0.00605914 0.000461536 -0.00570967 0.00452951 0.000922066 0.00186881 -0.00244643 -0.00518904 0.00592273 -0.00378531 3.45159e-05 -0.00143299 -0.00241473 -0.00244645 0.00200877 -0.00154355 -0.00055431 -0.00116943 0.000960803 0.00342936 0.000365618 -0.00168262 0.00146846 -0.00394297 -0.0079464 0.00915579 -0.00121019 -0.000907499 -0.00389728 -0.0055258 0.000166383 0.00358094 -0.00579205 -0.00165115 -0.00553687 0.000143706 0.00199341 -0.00222206 -0.00680389 -0.00461659 -0.000144479 -0.00591071 -0.00250953 
-0.000445631 0.00367225 -0.00303679 -0.00166502 -0.00563777 -0.00215695 0.00387027 -0.00623976 0.00460298 -0.00277393 0.0987601 -0.0029784 0.00846002 -0.00288478 -0.000656296 0.00100054 -0.00234877 -0.0076646 0.0125737 -0.00506647 -0.000338315 -0.014481 0.00479014 -0.00447072 -0.00642288 -0.0120363 0.00366707 -0.010608 -0.000495498 -0.00707943 0.003336 2.05187e-05 -0.00105728 -0.00709197 0.00132654 -0.00297549 -0.00818486 -0.00187149 -0.00226711 -0.00961507 0.00210716 -1.99597e-05 -0.00300467 -0.00227908 -0.00154456 -0.00280184 0.000441892 -0.000162387 -0.000235619 0.00173248 8.05093e-05 -0.00210819 -0.000141619 0.000889492 -0.000405804 0.00584619 -0.00305776 -0.00472674 0.000139186 0.00217178 0.000543737 -0.00349974 -0.00318209 -0.00265261 0.0027362 -0.00235179 0.00178784 -0.000959799 0.00153459 -0.0014355 0.00405749 0.00228669 0.000119852 -0.000575626 -0.000420901 0.000557236 -0.000464642 -0.000912687 0.00334604 0.000604086 0.000313647 0.00156186 -0.00242156 -0.00189627 0.000358946 0.000103186 -0.00462322 0.000945462 0.000203318 0.00430927 -0.000430587 0.00158731 0.000299146 -0.00168344 -0.00554127 -0.00170671 0.00388708 -0.000394483 -0.00241999 -2.00327e-05 
-0.00109319 0.000255604 0.00639499 -0.00278115 -0.00254883 0.00168504 -0.0267963 0.004078 -0.0156595 -0.00954495 -0.0029784 0.178947 -0.0114334 -0.0112017 -0.00520652 0.00965048 0.00740828 -0.0294759 -0.0240544 -0.0310037 0.020236 -0.00787849 -0.00723362 -0.0257592 0.0242231 -0.0312766 0.0124563 0.0295694 0.00330389 0.0255576 -0.000313068 0.00267769 0.000431892 0.0109862 -0.00106099 -0.00354937 0.00118587 0.00266152 -0.00352024 -0.0187464 -0.0154301 -0.00228163 -0.00940163 0.0123918 0.00159463 -0.0118856 -0.00161336 -0.000489403 0.000580421 0.00303497 0.000133171 -0.00190395 -0.00152436 -0.00129394 0.000979212 -0.00707318 -0.0198486 0.0165656 -0.00936651 0.00795922 -0.00373761 -0.00503287 -0.00871124 0.000799661 -0.00246522 -0.00346184 0.00890628 0.000159461 0.00130423 0.00214461 -0.00928826 -0.00660929 -0.00200388 -0.00942625 -0.00256985 0.0016332 0.010323 0.000744102 0.0169101 0.000932877 -0.00281398 0.00299004 -0.00557283 0.000814059 -0.00122554 0.0024919 -0.0010025 -0.000981609 -0.00234471 0.00102768 -0.00185121 0.00791863 0.000555973 0.000903196 -0.00357035 0.000743192 -0.00581549 -0.00167493 -0.0103715 -0.000491015 
-0.00296575 0.00318962 -0.00107656 -0.000245912 0.0158644 0.00160016 -0.000497758 0.00975681 0.00473339 0.00184231 0.00846002 -0.0114334 0.174894 0.0160313 -0.00108679 -0.0203216 0.0253872 -0.00355821 0.0212149 0.0101612 -5.30575e-06 0.0106975 0.0153899 -0.0239132 -0.0304902 0.00419187 -0.0154407 -0.016514 -0.000127184 -0.0287011 -0.000190951 -0.00239499 -0.00675688 -0.0185556 0.00351252 0.00387191 -0.0185659 -0.00791368 -0.00528695 -0.0018026 0.00370972 -0.00179403 0.0151707 -0.00111942 -0.00108242 -0.00419134 -0.000923729 0.00219609 0.00253739 0.00418836 0.00115222 -0.00957614 -0.00356397 0.00113625 -0.00176621 0.00407815 -0.0103041 -0.00744192 0.00277959 -0.00185342 -0.00327773 0.00460222 -0.00386625 -0.00130554 0.00624546 -0.00276573 -0.00852777 -0.00179367 -0.00228805 -0.00680232 0.00049512 0.000994687 -0.000710623 -0.00725885 0.000905527 0.0014858 -0.00758017 -0.00209712 -0.00831633 -0.00284135 0.00314485 -0.00472362 0.00388584 -0.00315347 -0.000581473 0.00065492 -0.00682632 -0.000345456 -0.00144535 0.000138606 -0.00408703 -0.00629634 -0.00055036 -0.00940863 -0.0103463 -0.0133955 0.00916114 2.19996e-05 -0.0129302 -0.00450032 
-0.000538258 -0.00124086 0.00396536 -0.00140461 0.00188475 -0.00261789 0.00700219 0.00407511 -0.0149716 -0.00013985 -0.00288478 -0.0112017 0.0160313 0.135838 0.00547821 0.00338304 -0.000223967 0.00316403 -0.0128391 0.0208383 0.00202529 -0.00438268 -0.0019739 -0.0184384 -0.035094 -0.0011847 -0.0226416 -0.0075937 -0.0217946 -0.009293 -0.00129814 0.00232973 -0.00262298 0.0032926 -0.00909863 0.00739788 -0.00941571 -0.00508946 -0.00969293 0.00825121 0.00944154 0.000984487 0.00499608 -0.0015797 -0.00378704 -0.0106801 0.00177438 -0.00137357 0.002601 0.00508716 0.00161519 0.00723804 -0.000212522 -0.00120154 -0.000534473 0.000365296 -0.000103286 -0.00357539 -0.00320999 0.00883719 -0.000333659 -0.000815269 -0.00552068 -0.00128355 0.000333994 2.64314e-05 -0.009258 0.00010835 -0.00165765 -0.00015312 0.00611009 0.0065391 0.00160601 -9.38086e-05 -0.0029169 -0.00162578 -0.0042643 -0.00326723 -0.00699947 -0.00219963 -0.00384499 -0.00423951 0.000170294 0.00144381 -0.000854374 -0.000146995 0.00579637 0.00030085 -0.000393615 0.00895143 -0.00372484 -0.00526651 -0.000406926 -0.00641558 -0.00192537 -0.00498528 0.009616 0.00168947 -0.00141691 -0.00264499 
-6.92751e-05 -0.00106641 -0.00335839 3.50305e-05 0.000953955 -0.00523766 -0.00336065 0.00409324 -0.00662813 0.00839507 -0.000656296 -0.00520652 -0.00108679 0.00547821 0.10776 -0.0102376 -0.00545221 -0.00573586 -0.0146522 0.00892465 0.00347314 -0.00182325 -0.00555933 -0.01315 -0.00696082 0.0110665 -0.00770553 -0.0100533 -0.00271127 -0.0162257 -0.000117465 0.000676937 -0.000698136 -0.00231047 0.000288648 -0.000444168 -0.00317017 -0.00297262 0.00543653 0.00218484 -0.00198417 0.00244336 -0.00184798 0.00304131 0.00124504 0.00241464 -0.000749995 0.00243334 -0.00122848 0.00266814 -4.79138e-05 0.00944051 0.001701 -0.00026268 -0.000181604 0.00663033 -0.000960761 -0.00243879 -0.00646452 0.00187092 0.000781922 -0.00163762 0.000262239 -0.000512339 -0.00171295 0.00187613 2.77252e-05 0.00130728 0.00150282 -0.00151599 -0.00380781 0.000513246 -0.000416704 -0.000708596 -0.00215976 9.10302e-05 -0.00380185 -0.0021372 -0.00747978 -0.00163273 -6.24559e-05 0.000283226 0.000151375 -0.000936014 -0.000234716 -0.000915908 -0.00466213 -1.54594e-05 0.000373817 -0.00251299 -0.00212098 -0.00470674 5.74178e-05 -0.000893083 -0.00207133 -0.0025374 0.000545893 0.00101468 0.00513411 -0.00456876 
-0.00591016 0.00470225 0.0208989 -0.00346043 -0.00735289 -7.40669e-05 -0.0162209 0.0126903 0.00368516 0.00198014 0.00100054 0.00965048 -0.0203216 0.00338304 -0.0102376 0.189937 -0.00632559 -0.0099048 -0.00459324 -0.0304079 0.00729395 -0.0156639 0.00403394 0.0293597 0.00492592 -0.04263 -0.00679869 0.0076035 -0.00286374 0.015657 -0.00190163 4.34327e-05 -0.00568758 -0.00890637 -0.0073511 0.000916887 -0.00416839 -0.0103875 0.0001664 0.00793049 -0.00407098 0.00160289 -0.00926385 0.00533906 -0.00518231 -0.0116057 -0.000431812 -0.0148573 -0.00339589 -0.00274373 -0.000412493 -0.0177228 0.00245604 -0.000448369 -0.002982 -0.00168749 -0.00182682 -0.00147607 0.000395545 -0.00424026 0.00882448 -0.00441762 -0.00908798 0.00164789 0.000692741 0.000225948 0.00676863 0.000601496 -0.00404164 0.0107539 0.00668331 -0.00716227 -0.00180841 -0.00208604 -0.00386336 -0.00265783 0.00297812 0.00737093 0.00109315 0.000676986 -0.00345838 -0.00942346 -0.00116403 -0.00227315 0.000575609 -0.00479687 -0.00500372 0.000712377 -0.00331418 -0.00621544 -0.0011908 -0.00575092 -0.00167447 0.00492029 0.00431503 0.000127647 -0.00298724 0.00334515 -0.00920054 -0.00287177 
-0.00568768 0.00534672 0.0329372 -0.000312135 -0.0163209 -0.0018449 -0.00157064 0.00990435 -0.0163299 -0.00310904 -0.00234877 0.00740828 0.0253872 -0.000223967 -0.00545221 -0.00632559 0.248197 0.000539836 0.002065 0.00947629 0.00610098 0.0330762 -0.0320592 0.00757029 0.00738286 0.00301585 -0.0520779 -0.0182012 -0.0441271 0.00149374 0.00248615 -0.00456139 -0.0114695 -0.0125023 -0.0276373 -0.0046288 -0.00337702 -0.0079596 -0.0116622 -0.00701837 0.0133384 0.00322884 0.00584649 -0.00181762 0.00314067 0.000118604 -0.00411062 -0.00316385 -0.00440373 -0.004891 -0.000247584 -0.0143757 -0.00515373 0.00545988 -0.00396585 0.00605718 -0.0035178 0.000211729 0.00307176 0.00264531 0.000233638 0.00480025 -0.00878403 -0.00867904 -0.00631491 -0.00171518 -0.00720383 -0.00100161 -0.00555162 -0.0270201 0.00967565 0.0100478 -0.00573763 0.00269846 -0.00155495 -0.00344043 -0.0066148 0.00205912 0.0145911 -0.00265038 -0.00533411 -0.014989 0.00417909 -0.00388608 -0.000386104 -0.00374401 -0.00668254 -0.00136726 -0.00294093 0.00205579 -0.000252272 0.00557317 -0.00958358 0.00137153 -0.0100972 -0.022173 -0.00441563 -0.000978513 0.0140701 -0.0013088 
-0.00649685 -0.015506 -0.00300088 -0.00178631 -0.00269676 0.00750087 0.0288941 -0.000229206 -0.0163674 0.00815953 -0.0076646 -0.0294759 -0.00355821 0.00316403 -0.00573586 -0.0099048 0.000539836 0.227487 -0.0101658 0.0485787 -0.0388394 0.0222528 -0.0202325 -0.00405441 -0.00376624 0.0446368 -0.0145883 -0.0332948 0.00791802 -0.0248543 -0.00792451 -0.00330061 -0.00445408 -0.000779442 -0.0151919 -0.0063195 -0.0124893 0.00242846 -0.0149601 0.0248882 0.0244932 -0.00404308 0.00264478 -0.0129454 -0.0122906 0.0105606 -0.00082317 -0.000801139 -0.00213886 0.00266283 -0.00490737 -0.0167237 -0.00806862 -0.00297062 -0.00327745 0.00173046 0.015131 0.00335577 0.0110003 0.00300842 -0.00659028 0.000112875 0.00228046 -0.00217319 -0.000205598 0.00323014 -0.00725505 -0.00302037 -0.00445087 -0.0211926 0.00985661 0.0051708 -0.000444374 0.00977466 -0.00269645 -0.00343012 -0.0118264 0.00110242 -0.00602571 -0.0100377 -0.00406654 -0.0025767 0.000797253 -0.00401234 -0.00234046 -0.00629721 -0.00634142 -0.00111493 0.00201698 0.00919934 -0.00579911 -0.0152635 -0.00838121 -0.00770933 0.00337901 -0.0109913 0.00423905 -0.000471148 -0.00299083 -0.00786312 
0.00160224 -0.00431403 -0.00514553 -0.000957297 -0.00518231 -0.0199328 -0.00361496 -0.00978426 -0.009374 -0.0116958 0.0125737 -0.0240544 0.0212149 -0.0128391 -0.0146522 -0.00459324 0.002065 -0.0101658 0.240858 -0.0401335 -0.00829884 -0.00138662 0.0120203 -0.00403883 0.0237959 -0.00646059 0.0304223 -0.0150996 0.0208771 -0.0168037 -0.00371975 -0.00393748 0.000542411 -0.00701696 0.00943001 -0.0171887 -0.0121249 0.00812923 -0.00948149 -0.00968987 -0.0250477 -0.00590709 0.00173261 -0.00231088 0.0053026 -0.0187445 0.000768935 -0.00948635 -0.000564007 -0.00551689 0.000495134 0.0214012 -0.00179945 0.000696688 0.000464342 0.00154441 -0.00118145 -0.00218464 0.00789127 -0.00648278 -0.00205861 0.0064743 -0.012489 -0.00866703 -0.00651267 -0.00402358 0.00937471 -0.000972541 -0.00464043 0.0110119 0.00111104 -0.00455324 -0.00237998 -0.00491116 -0.00238069 0.0065275 -0.000209035 0.00247935 0.00104279 -0.00441065 0.00210522 -0.00382086 -0.00092721 -0.00475992 0.000837675 0.000744759 -0.0037308 -0.000886928 0.00128134 -0.0148507 0.00306313 0.00435742 0.0129682 -0.00966743 -0.00525422 -0.0014809 -0.000848638 7.33354e-05 -0.0203267 0.00839478 
-0.00464954 -0.0100081 -0.00869723 -0.000425673 -0.000573278 0.00945938 0.018358 -0.00801486 -0.0180144 -0.000134155 -0.00506647 -0.0310037 0.0101612 0.0208383 0.00892465 -0.0304079 0.00947629 0.0485787 -0.0401335 0.226072 -0.012956 0.0260576 -0.0245944 0.00107335 -0.0113041 0.060232 -0.0497169 -0.0344041 -0.0220066 -0.0154813 -0.00293424 0.00449064 -0.000330172 1.872e-05 0.00478269 0.00455042 0.00677707 -0.00868261 -0.000645321 0.0263407 0.0165751 -0.00374866 0.00322436 -0.0143453 -0.0103136 0.00180573 0.000270399 0.00985141 -0.00179753 0.000827345 -0.00541989 0.00443692 -0.00717099 -0.00552687 0.000225833 0.000184249 0.00349994 -0.0156863 0.0103559 -0.00808166 0.000409877 0.00789983 -0.00124212 -0.000215136 0.000483591 -0.000822495 -0.0198579 0.000786747 -0.00494239 -0.0204249 -0.00102574 0.00804561 -0.00268042 0.000198967 -0.00688671 -0.00727495 -0.00949398 -0.00699896 -0.0209548 -0.014017 -0.00347855 0.00397091 0.00137775 -0.0103223 -0.00333189 -0.0100268 -0.00738401 0.000357305 -0.000899424 0.00664762 -0.00404565 -0.000264109 -0.00930964 -0.0144931 -0.000196711 -0.0132456 0.0101862 -0.00122363 0.0190277 0.0104931 
-0.00161003 0.00168693 0.0188918 -0.00216073 -0.010988 0.00193131 -0.0135985 0.000478226 0.00272626 0.000647261 -0.000338315 0.020236 -5.30575e-06 0.00202529 0.00347314 0.00729395 0.00610098 -0.0388394 -0.00829884 -0.012956 0.161792 -0.0188636 -0.0159827 0.00599402 -0.00114887 -0.0172567 -0.0185035 0.00141131 -0.0271776 0.0134247 0.00546686 -0.00220616 -0.0052577 -0.0107512 -0.00275197 0.0112849 -0.0025859 -0.00670974 0.0143616 -0.0094945 -0.00645811 -0.00294827 0.00141165 0.00609552 -0.00140517 -0.0105777 -0.00288843 -0.000142306 0.00038417 0.0020646 -1.13898e-05 -0.00225576 0.00110773 -0.000595578 0.000855321 -0.000369023 -0.00304234 -0.000667542 -0.00554676 -0.00631573 -0.00317582 -0.000924537 -0.00365831 -0.000291909 -0.00146466 0.00200765 -0.00152847 -0.00111547 0.00277168 0.0053942 -0.00519176 -0.00061725 -0.00312941 -0.00722208 -0.00339306 -0.000162183 4.89325e-05 -0.00350205 0.00284277 0.00271989 -0.00156871 0.00753132 -0.00566077 -0.00573391 0.00102787 -0.00154687 0.000685779 0.000556098 -0.000223211 -0.00424365 -9.25862e-05 0.00551838 -0.00192676 0.00771815 -0.00334278 -0.00219005 -0.00239078 -0.00112129 0.00796685 -0.00180706 
0.00467169 -0.00717673 0.00175401 0.00234386 0.00447049 0.0111092 0.0133317 -0.00073827 -0.00690981 0.00547695 -0.014481 -0.00787849 0.0106975 -0.00438268 -0.00182325 -0.0156639 0.0330762 0.0222528 -0.00138662 0.0260576 -0.0188636 0.248539 -0.0188325 -0.013241 -0.00998869 0.00636599 -0.0386928 -0.0259131 -0.00905849 -0.0232406 -0.00334412 -0.000635844 0.00834576 -0.0161608 -0.000174643 -0.00211169 0.000287336 0.00658797 -0.00834313 0.00691566 0.0158898 -0.00154084 0.00545949 -0.0174984 0.00315023 -0.00223832 -0.00027706 -0.000636053 0.000805399 -0.00403992 0.00237523 0.00109147 0.000531631 0.00350563 -0.00352967 0.000912632 -0.00360057 -0.0169113 0.00700694 -0.0140459 -0.00245558 0.0141697 -0.0116068 -0.00580568 -0.00211556 -0.00625824 -0.0174239 0.000989044 8.10128e-05 -0.0105666 0.00541438 -0.00244371 -0.00320468 0.000621035 -0.00832727 0.0012741 0.00191948 -0.000696824 0.00875763 -0.00357638 0.000818794 -0.0212184 0.00133423 -0.00703184 -0.00379983 -0.00695974 -0.00972446 -0.0012075 -0.00370116 7.04544e-05 -0.000210907 -0.00766198 0.00147051 -0.00524289 0.00743226 -0.0285941 -0.00220863 0.00192917 -0.0246445 0.0107529 
-0.00061787 0.006267 -0.0215987 -0.000604067 0.0122683 -0.0188846 -0.0144233 -0.0172754 0.0349229 -0.0028082 0.00479014 -0.00723362 0.0153899 -0.0019739 -0.00555933 0.00403394 -0.0320592 -0.0202325 0.0120203 -0.0245944 -0.0159827 -0.0188325 0.248532 -0.00839514 -0.00478816 -0.0102042 0.017247 0.0161951 0.0263257 -0.0191982 0.000288349 -0.00137861 -0.000991674 -0.0111287 0.0097641 -0.0100629 -0.00861031 -0.00178414 0.00052542 -0.0109295 -0.00708011 -0.00504725 0.00478886 0.00299904 0.0077471 0.00619618 0.00123302 -0.0182252 0.00611364 -0.000969983 -0.000428303 0.00672263 0.00597394 -0.000558118 -0.00454139 -0.00598043 0.00133995 -0.00437002 0.00089169 -0.00638918 -3.40083e-05 -0.0134197 -0.00962253 -0.00268647 -0.00139165 -0.0040225 -0.00662597 -0.000505907 -0.00556917 0.0176129 -0.0115149 -0.00793208 -0.00161841 -0.00738811 0.00556387 0.00175038 -0.00878684 -0.00382999 -0.0114764 0.00163858 -0.00506933 -0.0198688 0.00392204 0.00238781 -0.000992881 -0.001516 0.00103013 -0.00173442 -0.0059068 -0.0145232 -0.00109157 -0.00923208 0.00952177 0.00204279 -0.00767046 0.0174766 0.000520816 -0.00233783 -0.00960967 0.00367536 
-0.00894902 -0.00594361 0.00992429 -0.00292346 -0.0103321 0.00362046 -0.0125338 -0.0115561 0.0381663 0.0025994 -0.00447072 -0.0257592 -0.0239132 -0.0184384 -0.01315 0.0293597 0.00757029 -0.00405441 -0.00403883 0.00107335 0.00599402 -0.013241 -0.00839514 0.247605 0.0152035 -0.0363591 -0.00686186 -0.0205501 -0.00188794 0.0168544 0.000782759 -0.00110369 -0.00579223 -0.00947791 -0.0122109 0.014771 0.00836565 -0.0087917 -0.00791095 0.0100686 -0.00035142 -0.00262401 -0.00536531 -0.00837378 -0.00511924 0.00660542 -0.00339639 -0.0161161 -0.00662767 -0.00574211 -0.000191293 -0.0200821 0.00140765 0.000554291 -0.00169605 -0.00480706 0.0080904 -0.00976256 0.00968616 -0.0206319 0.00122843 -0.00597266 0.00240012 -0.0071436 -0.00373251 -0.000618041 -0.00321262 -0.00165884 -0.00425541 4.07209e-05 -0.00200491 -0.0085291 -0.000449316 0.00518997 0.00433577 -0.00554036 0.00796262 -0.00305666 -0.00700303 0.00145141 -0.000789114 -0.00861325 -0.00183578 -0.000173674 -0.00163646 -0.01048 -0.00477431 0.000447893 0.0010579 -0.0197643 0.00873123 0.00453037 -0.0120648 0.00596894 0.0120067 0.00195127 -0.00655095 -0.00266247 0.00653706 0.00991153 
-0.0026843 -0.00369924 0.00882374 -0.00164654 -0.0146989 -0.0132261 -0.0278843 -0.0147102 -0.0200761 -0.0190318 -0.00642288 0.0242231 -0.0304902 -0.035094 -0.00696082 0.00492592 0.00738286 -0.00376624 0.0237959 -0.0113041 -0.00114887 -0.00998869 -0.00478816 0.0152035 0.215688 0.00170604 0.0132344 0.0135392 -0.00590706 0.0136044 -0.00726993 -0.00372251 0.00420385 0.011572 0.00724107 -0.0147567 0.0192269 0.00473074 0.00190273 -0.0104952 -0.00854243 -0.00263418 -0.00380224 0.000354505 0.00313403 -0.0092315 -0.00253157 -0.00448205 -0.00508168 -0.00718336 -0.00346865 0.00430947 -0.0051006 -0.0029181 -0.000795234 -0.00307474 0.00533418 0.00648669 -0.00536524 -0.0130908 -0.00169751 -0.00362377 -0.01257 0.00272333 -0.00216604 -0.00134517 0.00561555 0.000266599 -0.00400662 -0.000719275 -0.00744069 -0.00511145 -0.00447052 -0.00345403 -0.00747364 -0.00145435 0.00614066 -0.00126005 0.00526571 -0.00320704 0.00172724 -0.00145395 -0.0078685 -0.00294088 0.000155193 -0.00155779 -0.00891744 -0.00103148 -0.00250759 -0.0131767 -0.00123947 0.00657639 -0.00177266 0.00298775 0.00561068 -0.00619814 -0.0108227 -0.00395804 0.010534 0.0122943 
0.00179993 -0.00879162 -0.0171848 -0.00116993 0.00104438 -0.000192883 0.0177173 -0.0129726 -0.0334013 -0.0047518 -0.0120363 -0.0312766 0.00419187 -0.0011847 0.0110665 -0.04263 0.00301585 0.0446368 -0.00646059 0.060232 -0.0172567 0.00636599 -0.0102042 -0.0363591 0.00170604 0.249622 -0.0212578 -0.00860087 -0.0132443 -0.0163171 -0.00706931 -0.00568728 -0.0138376 -0.00362394 0.0017693 -0.0070671 0.000111441 -0.00113878 0.000383297 0.0156455 -0.000968502 -0.000948868 -0.00417005 -0.0105 -0.00630472 -0.000609039 0.00264772 0.00874618 -0.00023258 -0.00450895 -0.00385346 0.0224166 -0.00809612 -0.00501952 0.00187061 -0.00129111 0.00266738 -0.00378997 0.0145552 0.00174038 -0.00419872 0.00309272 0.00402849 -0.00122084 0.00434232 -0.000859482 -0.0153553 -0.00116966 -0.00454593 -0.0228115 -0.0063174 0.00334817 -0.00417056 -0.000472233 0.0012617 -0.00295121 -0.0162918 -0.00173959 -0.0218522 -0.0112713 -0.00176266 0.000232908 -0.000631269 -0.00610809 -0.00194012 -0.000719259 0.0104133 -0.000960002 0.00110316 0.0122405 -0.0032982 -0.00328832 0.000983288 -0.00324195 0.00407889 -0.0016734 0.00526155 -0.0063217 0.0164048 -0.0115613 
0.0037808 -0.00294294 -0.0358973 -0.00319424 0.00232154 -0.00221232 -0.0289354 -0.0170718 0.0144962 -0.00546299 0.00366707 0.0124563 -0.0154407 -0.0226416 -0.00770553 -0.00679869 -0.0520779 -0.0145883 0.0304223 -0.0497169 -0.0185035 -0.0386928 0.017247 -0.00686186 0.0132344 -0.0212578 0.221958 0.0263752 0.0379423 0.0105322 -0.00282585 0.000437108 0.00279691 0.00908735 0.0136934 -0.0118743 -0.000793941 0.00906094 -0.000713027 -0.0224237 -0.0124179 -0.00544823 -0.00631522 0.008279 0.0074098 0.0116647 0.000883022 0.00208442 -0.00277118 -0.00430386 0.00220086 0.0200955 -0.00249608 -0.0010508 -0.000382982 -0.00615912 -0.00489137 -0.00618104 -0.0196744 -0.00591225 -0.00422583 -0.00522532 0.0121471 -0.00262479 -0.00349572 -0.00287717 0.0135577 -0.00181099 0.00168739 0.0179336 -0.0143654 -0.000406164 0.0023421 -0.00484909 -0.000599392 0.00156078 0.00551947 -0.0026361 0.00337118 0.00380798 0.00591782 0.000324747 -0.0046262 7.57495e-06 -0.000640416 0.00603371 0.00142351 -0.00104389 -0.00191433 -0.0111813 0.00411033 0.00425872 0.00251739 -0.0111536 -0.0113834 0.0156874 -0.00848375 4.59043e-05 -0.0120326 -0.0121677 
0.00259543 0.0069855 -0.00152837 -0.000132402 -0.0119229 -0.00196126 -0.0154962 -0.0109174 -0.00386217 -0.0131956 -0.010608 0.0295694 -0.016514 -0.0075937 -0.0100533 0.0076035 -0.0182012 -0.0332948 -0.0150996 -0.0344041 0.00141131 -0.0259131 0.0161951 -0.0205501 0.0135392 -0.00860087 0.0263752 0.18374 -0.0245116 0.0290051 -0.00193313 0.00255096 0.000299606 0.0188353 -0.000990194 -0.00860518 0.00804493 -0.00930153 -0.00257022 -0.0210045 -0.010639 -0.0031605 -0.0114082 0.00872833 -0.00157962 -0.00232261 -0.000258728 -0.00530846 0.00400064 0.000281758 0.00198615 -0.0156952 -0.00459497 0.0016695 0.0011869 -0.00277789 0.000213982 0.0141005 -0.0169131 0.00154109 -0.00280281 -0.00729399 -0.000740967 0.0106905 -0.00412978 -0.0014624 0.0054095 8.05566e-05 0.000969068 -0.00749143 -0.00772247 -0.00649122 -0.00153203 -0.00656682 0.0102321 0.00394973 -0.00227362 0.00527373 0.0105799 0.00313695 -0.00511325 0.00235084 -0.00120314 0.00248331 0.00188833 0.00156701 0.00954708 -0.00130582 -0.00372269 -0.00253014 -0.00313673 0.00958064 0.00569147 -0.0029487 -0.0115005 0.0218685 -0.00960343 -0.00201051 0.00666262 0.00258476 
0.000228371 -0.00717948 -0.0259762 0.000236737 0.0174833 -0.00904977 -0.0104153 0.00746458 0.0126977 -0.00278933 -0.000495498 0.00330389 -0.000127184 -0.0217946 -0.00271127 -0.00286374 -0.0441271 0.00791802 0.0208771 -0.0220066 -0.0271776 -0.00905849 0.0263257 -0.00188794 -0.00590706 -0.0132443 0.0379423 -0.0245116 0.230474 -0.0373138 -0.00609527 -0.00206873 0.00270693 -0.0190523 0.00836674 -0.00454073 -0.00334498 0.00975818 -0.000399284 0.00053849 -0.020165 -0.00361643 -0.00488483 -0.00165238 0.0034487 0.0199888 -0.00268053 -0.00107865 0.00191238 -0.00424342 -0.00212359 0.00494411 0.000351175 -0.00352974 -0.00327393 0.00282651 -0.00398381 0.00406058 -0.00596124 -0.00836379 -0.0064213 -0.00747767 0.00607679 -0.00662748 0.000444344 0.00187937 0.00892219 -0.000419555 0.000172062 0.0209312 -0.0162083 -0.00562645 0.00416418 -0.00706138 -0.00245131 0.00349017 -0.000955791 -0.00197304 -0.0192466 0.00343149 0.0126225 0.00478588 0.00077179 0.00787996 -0.00212108 -0.000465745 -1.86491e-05 0.000313899 -0.000845647 -0.015224 0.00511027 -0.00948034 0.0010905 -0.00419281 0.00308473 0.00702882 0.00216401 0.00201716 -0.0353173 -0.00840583 
-0.000312952 0.000260358 0.0152598 -0.00269894 -0.021725 -0.00390536 -0.0248584 -0.0170473 0.00702308 -0.0169688 -0.00707943 0.0255576 -0.0287011 -0.009293 -0.0162257 0.015657 0.00149374 -0.0248543 -0.0168037 -0.0154813 0.0134247 -0.0232406 -0.0191982 0.0168544 0.0136044 -0.0163171 0.0105322 0.0290051 -0.0373138 0.195357 0.000303376 0.00648075 -0.00557435 0.0341006 -0.0112839 0.00679109 0.00862856 0.000394982 0.00690049 -0.00749563 0.00341868 -0.0028656 -0.000917151 0.00456445 -0.00237919 -0.0230757 -0.000648721 -0.00487787 -0.00486079 -0.000843136 -0.00085045 -0.0161896 -0.000728509 -0.000543869 0.0023266 -0.0090018 -0.00784372 -0.0058838 -0.00295354 0.0103103 -0.00098506 -0.000904555 -0.00647881 0.000366687 -0.00725744 -0.0022651 -0.00148159 -0.00113507 0.00115232 -0.00626261 -0.0111366 -0.00808878 -0.000778751 9.56357e-06 -0.00521346 -0.00403719 -0.000436373 -0.00482373 0.00824579 0.0017186 -0.00267279 0.0149054 -0.00969948 -0.00171546 0.00239831 0.00427253 0.00655026 -0.000870805 -0.0037235 0.003417 -0.000517946 0.0104896 -0.00292307 0.00409282 -0.00260966 0.00573792 -0.00785962 -0.000598597 0.0135656 0.000146702 
5.03208e-05 0.000168971 0.000951172 -0.000206814 0.00299807 -0.000314428 0.000562284 -0.00163995 0.00428042 0.000398976 0.003336 -0.000313068 -0.000190951 -0.00129814 -0.000117465 -0.00190163 0.00248615 -0.00792451 -0.00371975 -0.00293424 0.00546686 -0.00334412 0.000288349 0.000782759 -0.00726993 -0.00706931 -0.00282585 -0.00193313 -0.00609527 0.000303376 0.0411327 0.000298206 0.000536101 -0.00202046 -0.000638599 0.0015867 -0.00137605 -0.000268375 0.00241566 -0.00282079 0.00378044 -0.000500599 -0.00202553 0.000656933 0.000437758 -0.00127187 -0.000422121 -0.0014184 0.000749992 -0.000123216 0.000470185 -0.00290204 0.00140683 0.000584719 -5.80454e-05 0.000550369 -0.00114982 -0.00372898 -0.00162157 0.000519773 8.48129e-05 -0.0014136 2.65712e-05 0.00011417 0.000529538 -0.00040981 -0.00175753 0.000177805 -6.02223e-05 0.00186729 -0.000611923 0.000662161 -0.000749585 -0.00136674 0.00159439 -4.79986e-05 0.00177942 -0.000481438 0.00132641 0.00085871 -0.000788935 -0.000608208 -2.71853e-05 -0.00111393 8.56339e-05 -0.000140364 -0.00161986 -2.46966e-05 0.000272435 -0.000960545 -0.00063933 -0.000219314 -3.32276e-05 0.00241601 -0.000867948 4.77706e-06 -0.00111104 -0.000472483 -0.00101491 -0.00101436 
0.000132843 -0.000614043 -0.00396155 -0.000748731 0.00156697 -0.000578297 -0.00311092 -0.00186257 0.00193056 -0.000150803 2.05187e-05 0.00267769 -0.00239499 0.00232973 0.000676937 4.34327e-05 -0.00456139 -0.00330061 -0.00393748 0.00449064 -0.00220616 -0.000635844 -0.00137861 -0.00110369 -0.00372251 -0.00568728 0.000437108 0.00255096 -0.00206873 0.00648075 0.000298206 0.0407201 -0.000857271 0.00396805 -0.00132973 0.00100685 -0.00172934 0.000514149 -0.00171482 -0.000863858 -0.000735819 -0.000494807 0.000439329 -0.00153983 -0.000957419 -0.00255876 0.000366881 -0.00157313 -8.76023e-05 0.00185351 -2.806e-06 -0.000579598 -0.000101709 -0.000393762 -0.000210218 -0.00129431 -0.00182816 0.00165986 -0.000634141 2.77888e-05 -0.000443183 -8.72422e-05 -0.000904638 -0.000619768 -0.000340114 -0.00021947 0.000166866 0.000524201 -0.0004943 -0.00244816 -0.00161801 -0.00161903 -0.000546291 -1.32476e-05 0.00146117 0.000253942 -0.000979165 -0.000485147 0.000135563 -0.000341559 -0.000730554 -0.000632371 -0.000715215 0.000303257 -1.38913e-06 0.000459352 0.0022527 0.000353889 -0.000156004 -0.00223872 -0.000527745 0.000632625 -0.000897254 -0.00163814 -0.00134882 -0.00212106 -0.000157905 0.000589581 0.000627784 0.00188208 
0.00521492 -0.00179344 -0.00473045 0.00236022 -0.00325791 -0.00245083 -0.0019811 -0.00649225 -0.00602593 0.000906259 -0.00105728 0.000431892 -0.00675688 -0.00262298 -0.000698136 -0.00568758 -0.0114695 -0.00445408 0.000542411 -0.000330172 -0.0052577 0.00834576 -0.000991674 -0.00579223 0.00420385 -0.0138376 0.00279691 0.000299606 0.00270693 -0.00557435 0.000536101 -0.000857271 0.083078 -0.000531979 0.00603204 -0.00270553 0.00694061 0.00369098 -0.00124678 -0.000908273 -0.00215485 0.00162876 -0.00434501 -0.00133399 0.00292777 -0.00667887 -0.000743698 0.00334031 6.70694e-06 -0.00243833 -0.000369206 0.00136129 0.00231367 -0.000731775 4.36518e-05 -0.00187527 -0.00387977 -0.00281452 -0.00338746 -0.00328017 -0.00197813 -0.000155899 -0.000502258 0.00222157 -0.000817185 0.000217821 0.000598549 0.000353436 0.0018764 0.00229677 -0.00252746 6.17938e-05 -0.000254522 0.00136842 -0.000720457 0.000872742 -0.000771406 0.000103796 0.00123942 6.87738e-05 0.00185198 -0.00294202 -8.24684e-05 -0.000609822 0.000234023 -0.00054351 -0.00448875 0.000117698 -0.000262037 0.00236968 -0.000900908 1.46801e-05 -0.00138825 -0.00295243 -0.00194245 -0.00412392 -0.00226182 -0.000109343 -0.00285023 0.00915396 
-0.00363214 -0.00270648 0.002715 -0.000913585 -0.0122069 0.00043774 -0.00668828 -0.00768232 -0.0199015 -0.00553303 -0.00709197 0.0109862 -0.0185556 0.0032926 -0.00231047 -0.00890637 -0.0125023 -0.000779442 -0.00701696 1.872e-05 -0.0107512 -0.0161608 -0.0111287 -0.00947791 0.011572 -0.00362394 0.00908735 0.0188353 -0.0190523 0.0341006 -0.00202046 0.00396805 -0.000531979 0.127527 -0.00876802 -0.00660543 0.00827987 0.0013487 -0.000570214 0.00102946 -9.53144e-05 -0.00266701 -0.0010669 -0.000283115 -0.00227237 -0.0169225 0.000212679 -0.000917779 -0.00365913 0.00100389 -0.0020377 0.000212424 -0.00250668 -0.00128061 2.44484e-05 -0.00485125 -0.00357492 0.00178159 -0.00502966 0.00731116 -0.00123637 -0.00279795 -0.0016925 0.00666115 0.000644349 -0.000892823 0.00325021 -0.000771477 -0.000111514 -0.00122373 -0.000839418 -0.00791653 -0.000275635 0.000108332 -0.00225812 -0.0026335 -0.00251783 0.000822162 0.00210901 -0.00187216 -0.000877632 0.00613598 -0.00457022 -7.15274e-05 0.00160607 0.00110978 0.00294523 -0.000261008 0.00151738 0.00737568 -0.00107005 0.00726331 -0.00165892 -0.000991996 -0.00521637 0.0122292 -0.0061228 0.0012504 0.00286689 -0.00147629 
