0.141314 -0.00472253 -0.00817725 0.000449928 -0.00270216 0.00552206 -0.00115179 -0.00180296 0.00451771 -0.0218702 -0.0480421 -0.0105748 -0.00348831 0.00345899 -0.0124778 0.012018 -0.0122295 0.00610115 -0.034717 0.00574343 0.00291583 -0.0121359 0.00762045 0.0216051 0.00131782 0.0054915 -0.00727766 0.00140967 -7.26933e-05 -0.0105558 -0.00149389 0.00414098 -0.0115715 -0.0118502 -0.00435371 0.0034279 0.00479398 0.00758251 0.00500315 -0.00347975 0.0013563 -0.00964832 0.000799365 0.0288398 -0.00389443 0.00651277 -0.00206412 -0.00117464 -0.00390127 -0.00407472 -0.0101078 -0.00281955 0.000543659 -0.0114298 -0.00412561 -0.00062314 -0.0010349 -0.00549086 -0.00117897 -0.00221598 -0.000908149 -0.000792366 0.00155412 -0.0036892 0.00343834 -0.00368034 -0.00186352 0.00175018 -0.00417973 -0.000911346 -0.0015527 4.02908e-05 0.0014802 0.000362111 -0.000985774 -0.000764171 -0.00267183 -0.00368518 -0.000814466 -0.00350072 0.0113244 -0.000279656 0.000443793 -0.00152691 -6.77739e-05 -0.00655731 -0.00168111 0.0016711 -0.00173037 -0.00188044 0.00260858 -0.000831978 0.000276199 0.00397952 -0.00172045 0.0192962 0.000516582 0.00733476 -0.00330292 -0.000451955 
-0.00472253 0.0719082 0.00328416 -0.00144935 0.00225945 -0.00211273 0.00238316 2.14779e-05 -0.00436775 -0.0134619 -0.0054879 -0.00580923 -0.000707306 -0.0036407 -0.00834446 0.00299092 -0.00093716 -0.00607907 0.00190454 -0.0111642 -0.00381879 0.00108939 0.00141623 0.00584439 -0.00271965 0.0037233 -0.00150548 -0.00445661 -0.000426061 -0.00339064 0.00152429 0.00288512 -0.000546428 0.00131865 0.0016638 -0.00609216 -0.00203908 -0.00114026 -0.000551514 -0.00267842 -0.000741341 -0.0034656 0.00109694 -0.00618301 -0.000266324 0.000240637 6.11024e-06 0.00252329 -0.00262259 -0.00135238 -0.000886946 -0.000197504 -0.00155235 -0.0029055 -0.00347968 0.00119222 0.000630174 -0.00161354 0.00022979 0.000576091 0.00412911 0.000234096 0.00545766 -0.00201401 -0.00120584 0.000199223 -0.000139501 0.000505822 -0.00451427 -2.30446e-05 -0.00106983 0.0013514 -0.000336678 0.00286841 0.001566 8.49791e-05 -0.00144278 -0.000157769 -8.38982e-05 -0.00161667 -0.00215058 0.00306798 0.0018484 -0.000513886 -0.000844029 0.00211564 -0.00150346 9.59188e-05 0.00205949 -0.000262096 0.000319632 0.00287041 -0.00010987 0.000606652 -0.00329358 0.00231685 -0.000186176 0.000992098 0.0028058 -0.00182376 
-0.00817725 0.00328416 0.118214 -0.00396195 -0.00408827 -0.00174069 0.000235725 -0.00163887 0.00520548 0.000688662 -0.00125941 -0.0027824 -0.00728714 -0.00872237 -0.00895394 0.00132741 -0.00383612 -0.00229931 0.00359628 -0.0053866 0.00829465 -0.00303278 -0.0179356 -0.011663 0.0116256 0.000350269 -0.0111908 0.0206971 -0.00350893 0.00753643 0.0049517 -0.00176583 0.00529466 -0.0115623 0.00264743 -0.00314204 -0.00110319 -0.00713576 -0.00176045 0.00530991 -0.000400281 -0.00625703 -0.00116446 -0.00895722 -0.0014939 0.00682999 -0.0021224 0.00237797 -0.00466279 6.035e-05 0.00332413 -0.00831042 -0.00083829 0.00533292 0.00174415 -0.000494048 -0.000382914 -0.00251028 4.54697e-05 -1.08317e-05 0.00369628 0.00119976 0.00126376 -0.00143588 6.66687e-05 0.000212452 0.000285286 -0.00052065 0.000677617 -0.00177997 -0.00524981 -0.00692619 -0.000604661 0.000782463 0.00102388 -0.000627773 -0.00189127 -0.00186501 -0.000409312 0.00280555 -0.00879351 0.0013254 0.00216231 -0.00275179 0.000540162 -0.000552579 0.000790009 0.000929821 -0.000931842 -0.00434698 -0.00465331 -0.00872875 -0.000611652 -0.00176197 -0.0054962 -0.00501702 0.00125503 -0.00045195 -0.000187916 -0.000855078 
0.000449928 -0.00144935 -0.00396195 0.175174 -0.000581433 -0.0199216 -0.00163636 0.00424535 -0.00493235 -0.00126329 -0.0130318 -0.00138833 -0.00228395 -0.00350793 0.00261096 -0.025999 -0.00660825 -0.00393885 -0.00373901 0.00486416 0.0327871 -0.00499991 -0.0181098 -0.00194738 0.0069104 0.0290824 -0.0162535 -0.000187963 -0.0240667 -0.00326127 -0.00760714 -0.00205568 0.00953375 -0.0051018 -0.00687339 -0.00309225 -0.019866 0.00290391 4.35695e-05 0.010892 0.00117833 -0.00726535 0.0039075 0.00185064 -0.00112823 -0.0127784 -0.00434937 -0.00564487 -0.00783053 0.00613992 0.00699674 -0.00686732 -0.00031567 -0.00401621 -0.00213651 -0.00104006 -0.00225446 0.00219741 -0.00385975 0.000368546 -0.00366015 -0.00208015 0.00260456 -0.00283858 0.00228067 -0.000993581 0.000216034 -0.000518347 -0.00435851 0.00038777 0.00283471 -0.000465052 -0.00124019 0.00194897 -0.00435708 0.00010872 0.00223271 -0.00234653 -0.00014222 -0.00367534 -0.00803207 -0.00374711 -0.00180196 0.00186357 0.00308763 0.00685226 -0.00354593 0.00168112 0.00183633 -0.00105563 -0.00260437 -0.00378253 0.00271577 -0.00244256 -0.00464036 -0.00812941 0.00160077 -0.00255899 -0.00455552 0.00633704 
-0.00270216 0.00225945 -0.00408827 -0.000581433 0.0694521 -0.000704259 0.000768122 -0.00149289 -0.00161589 0.0121223 0.00656705 0.00175788 -0.00812549 -0.000183981 0.00946038 -0.00763805 0.00714804 -0.00197874 0.00462395 -0.0115689 0.00235359 -0.00305851 0.00352038 -0.00705315 -0.0097197 -0.00679358 -0.00237988 -0.00310893 0.00266926 0.000638963 -0.000904521 -0.00265545 -0.0032889 -0.00107591 -0.00219816 -0.00251811 -0.00221873 0.00213056 -0.00202373 -0.00159495 -0.00081641 -0.000841702 -0.000283072 -0.00324507 -0.00164342 -0.00541102 -0.00106315 -0.001823 0.00106114 0.00080091 -0.00485148 -0.00221085 0.00476606 0.00464771 0.00108459 -0.00205338 -0.000355378 -0.000226984 0.000306602 -0.0015798 0.000806915 -0.000205937 0.00216599 -0.000171176 -0.00223033 0.00103869 -0.00010273 -0.000482773 -0.000438154 0.000396546 -0.00164911 0.000124484 -0.000491747 -0.000958056 -0.000941549 -3.25473e-06 -0.0013466 -0.000982637 -0.000986228 -0.000367617 -0.000560855 -0.000193615 -0.000953399 -0.000394994 0.000107099 -0.00225568 -0.0012654 -0.000522001 -0.00333045 -0.000175419 -0.00202583 0.00177208 0.000683713 -0.00111472 0.000501444 -0.00333353 0.000300891 0.000217334 -0.000819639 -0.000273773 
0.00552206 -0.00211273 -0.00174069 -0.0199216 -0.000704259 0.185907 -0.00144683 -0.000534626 -0.00216829 -0.00750634 0.00176455 -0.0020944 -0.0206892 -0.0140864 0.0117559 0.0249998 -0.0100083 -0.0165527 -0.00951625 -0.0148501 -0.046102 0.00227058 0.00333075 0.0201998 -0.0175316 -0.00613077 -0.00707473 -0.012237 0.0111163 -0.00955792 -0.000364231 -0.00104474 -0.00788494 -0.0143161 0.00486773 -0.00234897 0.00758136 0.0123814 -0.00284521 -0.00586791 -0.000798425 -0.0128627 -0.0057424 0.0209607 -0.00762493 0.00164158 -0.00268584 -0.00071029 0.000173521 -0.00688718 -0.0117881 -0.00928652 -0.00136073 -0.0210276 0.00405108 0.0030503 -0.000829277 -0.0098002 -0.000819966 -0.00404997 -0.00294364 -0.00213167 0.0138045 -0.00776409 -0.00390015 -0.00249687 -0.00132545 -0.00209305 -0.00310921 0.0016967 -0.00131598 0.0233249 -0.000888867 0.000491374 0.000567236 -0.00234674 -0.000369283 0.000516461 -0.000167134 -0.00485331 0.00628229 0.00615863 -0.000755564 -0.00132761 -0.00151557 -0.00152249 -0.00514496 -0.0012338 0.0063306 0.00353344 -0.00186799 -0.00708452 -0.00320856 0.0099676 0.0103768 0.0125273 -0.0116246 0.00267711 -0.00321697 0.0078918 
-0.00115179 0.00238316 0.000235725 -0.00163636 0.000768122 -0.00144683 0.0398349 0.00118569 -0.00161162 -0.00448641 -0.00380692 -0.000946779 0.00283357 0.00451568 -0.00334786 2.009e-06 -0.00206498 -0.00134568 -0.00308404 -0.00510154 -0.000757949 -0.00351053 0.00794327 -0.00378271 -0.00617077 -0.00192428 0.000373536 -0.00684367 -0.00237673 -0.00116391 0.00339547 -0.00131777 0.00450305 -0.00409665 0.000102112 -0.000188222 0.000292516 -0.00103164 0.000407242 -0.000799186 0.000192004 -0.00168488 0.000116658 -0.00309102 -0.000689837 -0.000921742 -0.000571551 0.000996679 -0.000294554 -8.3081e-06 0.00131076 0.00240885 -0.00119939 -0.00200567 -2.26566e-06 -0.000669492 7.20908e-05 8.45277e-05 0.0004635 -0.000736762 -0.000678415 8.58067e-05 0.00261529 -0.000735628 0.000327702 -3.15042e-05 0.000238176 0.000137134 -0.00198668 -0.00105829 -0.000511673 -0.00109727 0.00079933 0.000124499 0.000137767 0.000427956 -0.000583669 0.000154808 -0.000251558 0.000961278 -0.000835652 0.000616362 -0.000255683 -0.000418555 -0.000771397 0.00697353 0.000102632 0.000397836 0.000496711 -0.00073548 -0.000496751 -0.000685007 -0.000747001 -0.0018744 0.00173804 -0.00105673 -0.000290616 0.00113763 -8.75198e-05 -0.000833871 
-0.00180296 2.14779e-05 -0.00163887 0.00424535 -0.00149289 -0.000534626 0.00118569 0.0377579 -0.00140083 -0.00367597 -0.00403872 -0.000412426 -0.00972332 -0.00533726 -0.00497074 -0.00804429 -0.00461081 0.00446345 -0.00346724 0.00182172 0.00299409 0.00117702 -0.00272944 0.00446548 -0.00104703 0.0048785 0.00160407 -0.00501319 -0.00138371 -0.00172417 0.000234006 0.00282196 0.00135702 -0.00217152 -0.000610728 -0.000730942 0.000790829 0.00134114 0.00139418 -6.1861e-05 -5.90359e-05 -0.00382593 -0.000213423 -0.00133028 -0.000296749 -0.000949397 0.000334451 -0.000589605 0.000739479 -0.000494188 -0.000420778 -0.00211809 0.000899571 0.000310691 0.00130854 0.000639832 0.0001073 -0.000480597 0.000361925 -0.000141995 0.000108681 0.000749503 -6.83402e-05 -0.00110223 -0.000581272 0.000833687 -0.000151507 0.000337844 -0.00121147 -0.000782724 0.00280003 -0.000472677 0.000477017 0.000540862 0.000190456 0.000740855 0.000931474 -0.000147113 0.000186026 -0.000490837 0.00121112 -0.000823297 -0.000512389 0.000432777 -0.000126096 0.00161805 -0.000202866 0.000266017 -0.00103156 0.00150323 -0.00075058 0.000295048 -0.000266178 -0.00260121 -0.000766332 -0.00184965 0.000528219 0.000665132 -0.00039044 0.000200625 
0.00451771 -0.00436775 0.00520548 -0.00493235 -0.00161589 -0.00216829 -0.00161162 -0.00140083 0.111684 0.00775182 -0.00212886 -0.00551095 0.0124574 0.000961495 -0.00467476 -0.0123059 0.0150587 0.00534038 -0.00507722 -0.00324004 -0.00036742 -0.00578329 -0.000758246 -0.00316881 0.00254542 -0.00838396 -0.00869586 -0.00698385 -0.00440822 0.0101344 0.00267278 -0.00443096 -0.00897826 -0.00452008 -0.00332989 -0.00731099 -0.00254329 -0.000136707 5.51897e-05 0.00285073 0.00111672 0.00178798 -0.000491283 -0.00184345 -0.00231423 -0.00486887 -0.000132568 -0.00293779 -0.00216057 -0.00210406 -0.00276968 -0.00551123 -0.00199885 -0.0031386 -0.00266474 0.000443033 -0.000822755 0.00334618 7.70724e-05 -0.00196177 -0.000474567 -0.000931039 -0.00540773 -0.00185908 0.00229314 -0.00137623 -0.000571191 -0.00150914 0.00399696 0.000145298 -0.00205516 -0.00313599 0.00240597 0.000254629 -0.00197321 0.000624668 -0.00147687 -0.000535853 0.00190162 -0.00155708 -0.00256595 0.00920192 -0.00163245 0.000547894 0.00214258 -0.00668 0.000968752 0.000410311 0.00461353 -0.00446665 0.0035942 -0.00762338 0.00104039 -0.00203319 -0.00629378 -0.00580969 -0.00216173 0.000401693 -0.00323639 -0.00262943 
-0.0218702 -0.0134619 0.000688662 -0.00126329 0.0121223 -0.00750634 -0.00448641 -0.00367597 0.00775182 0.248755 0.0400354 0.00150044 -0.0202863 -0.013438 0.0386381 -0.0335771 0.0124221 0.00310257 0.0410909 -0.0193339 0.00595263 -0.013034 -0.0115943 -0.0132334 0.00222747 -0.0274912 0.00134296 0.0193833 0.00216432 0.0257243 -0.00713608 -0.0124915 -0.00581669 0.00341093 -0.00757035 0.00281511 -0.000504351 -0.0199691 -0.0116136 -0.000290186 -0.00214235 0.0216999 -0.00652014 -0.0231557 0.000746933 -0.0205588 -0.00424356 -0.0162459 -0.00218825 -0.00286484 -0.00301638 -0.0193561 0.00520701 0.0133049 0.0096268 -0.015371 -0.00206275 -0.00302006 -0.000864662 -0.000151866 1.18349e-05 0.00161574 0.00311848 0.00182139 -0.0115861 -0.0067537 -0.000442951 -0.00481744 0.0285589 -0.00376954 -0.00208205 -0.0159585 -0.00201195 -0.00937276 -0.00596409 -0.00380208 -0.00203069 -0.00516653 -9.78766e-05 0.000719266 -0.0076015 -0.0104792 -0.00326374 -0.00496509 -0.0100526 -0.0127964 0.0075712 -0.00184202 -0.00103577 -0.00482026 -0.00482035 0.0067607 0.00233178 -0.0209544 0.00445478 -0.0270022 0.00222353 -0.00482136 -0.00453654 0.00535242 
-0.0480421 -0.0054879 -0.00125941 -0.0130318 0.00656705 0.00176455 -0.00380692 -0.00403872 -0.00212886 0.0400354 0.249891 0.0158517 -0.00324599 0.00156695 0.029894 -0.0302606 0.03362 -0.0147179 0.0300786 -0.00336685 -0.0155539 0.0199874 -0.0238796 -0.0227962 0.0117664 -0.0168082 -9.03667e-05 -0.00331255 -0.0119136 0.0129342 -0.00453514 -0.0159658 0.00371744 -0.0110098 0.0025341 0.00235678 -0.00888945 -0.013021 -0.00959998 0.00288565 -0.00448099 0.0103418 -0.00701624 -0.0273174 -0.002132 -0.0150268 0.00272918 0.0011087 -0.00495247 -0.000444306 0.011462 -0.0113854 -0.00342659 0.00313992 0.00450931 0.00287406 -0.000313904 -0.00510347 -0.00746036 -0.0013153 -0.00743247 -0.00381973 0.00725585 0.00935663 -0.00570822 0.00149414 -0.00110643 -0.00475207 0.00785577 -0.00366965 -0.00696062 -0.0110746 -0.00301628 -0.00481679 -0.00464819 -0.00310635 -0.000538066 -0.00415295 -0.00442461 -0.000731842 -0.0247789 -0.00813078 -0.00562894 -0.00740194 -0.00563717 -0.000915983 -0.000240058 -0.00554809 -0.00447651 7.05808e-05 -0.00307368 0.00944275 -0.00182067 -0.00589375 0.010135 -0.0167727 -0.00550781 -0.00394604 0.00141059 -0.00176739 
-0.0105748 -0.00580923 -0.0027824 -0.00138833 0.00175788 -0.0020944 -0.000946779 -0.000412426 -0.00551095 0.00150044 0.0158517 0.113277 -0.0105705 -0.00702849 0.00414823 -0.016216 -0.00928312 0.000162486 -0.000559312 0.00854467 0.0119939 0.00883896 -0.0067099 -0.0145866 -0.00365314 -0.00570624 -0.00594767 0.00482613 0.000348277 0.00823248 -0.00135256 0.000327779 -0.00676477 -0.000891624 -0.000271804 -0.00475484 0.0026468 -0.00376722 -0.00369711 0.00144319 0.00115148 0.00559949 -0.0025047 -0.0116703 0.00120723 -0.00219166 -0.00148636 -0.00257437 0.000602686 0.00234449 -0.00360153 -0.0081888 6.48699e-05 0.00511311 0.000551031 -0.00450268 -0.000256571 -0.00393862 0.00131971 -0.00269022 0.00300069 0.00100448 -0.00156261 0.00114688 0.00312573 0.0021599 0.000520799 -0.00046813 0.0120139 0.000419435 -0.00367767 -0.000458453 -0.000839092 -0.00111679 -0.00293769 0.00048327 -0.00149845 -3.85332e-06 -0.000501204 0.000945141 -0.00537415 -0.00555927 -0.00106596 -0.00234936 -0.000860945 -0.00245483 -0.00102714 -0.000991722 -0.00106983 -0.00140845 -6.85368e-05 0.00137296 2.07323e-05 -0.0090523 -0.00167649 -0.0069938 0.00206002 -0.00149933 0.0045896 -0.00531509 
-0.00348831 -0.000707306 -0.00728714 -0.00228395 -0.00812549 -0.0206892 0.00283357 -0.00972332 0.0124574 -0.0202863 -0.00324599 -0.0105705 0.243243 0.0328022 -0.0268555 0.0326237 0.0356289 -0.0281419 0.0297265 -0.014084 -0.0407069 -0.014885 0.056502 -0.045445 -0.0214691 -0.0261847 0.00680564 0.0107178 -0.0116043 -1.48714e-05 0.000166822 -0.00939549 0.0166074 -0.0110748 0.00488692 -0.00593802 0.0115866 0.00855559 -0.0010237 0.00360259 0.000790882 0.0117002 0.00918551 -0.00847106 -0.00714976 -0.00995359 -0.00379753 -0.00119243 0.00328451 -0.00024713 0.0140445 0.0162469 -0.0122435 -0.00592984 -0.0188506 0.00490394 -0.000972942 0.00810489 -0.000478341 -0.00604378 -0.0102452 -0.0043913 -0.013742 0.00161662 0.00262203 -0.00196495 0.000344567 -0.00477029 -0.0181556 -0.00237252 -0.00717931 0.000270813 -4.52554e-05 0.000453597 -0.000619308 -0.000279812 -0.00454164 -0.00606632 0.000162608 -0.00114576 0.0057667 -0.00786487 -0.000215202 -0.00315006 -0.00349665 0.000440782 -0.0110062 -0.00181846 -0.00231937 -0.00673037 -0.00275147 -0.0177918 -0.00456064 -0.00210427 0.00706164 0.00678795 -0.0094555 -0.00726604 -0.0113555 -0.0165687 
0.00345899 -0.0036407 -0.00872237 -0.00350793 -0.000183981 -0.0140864 0.00451568 -0.00533726 0.000961495 -0.013438 0.00156695 -0.00702849 0.0328022 0.189413 0.00440324 0.0154638 0.0086597 -0.00649074 -0.0175976 -0.021332 -0.00470209 -0.0107543 0.0176806 0.00281824 -0.0166404 0.00371119 -0.00108339 0.000417258 -0.00723592 -0.00450623 -0.00265277 -0.0186317 0.00779617 -0.0127265 0.0034865 0.00477746 -0.00832394 0.00323002 -0.00287578 -0.00213308 -0.000683047 -0.00781659 -0.00187682 -0.0144089 -0.0051009 -0.00760086 -0.00388403 0.00589526 -0.00157277 -0.00206335 0.00203063 0.0119516 0.000398697 -0.0154971 -0.00521178 0.0087587 -0.00140867 -0.00882563 -0.00311931 -0.00299223 -0.00324888 -0.00248673 -0.00476144 0.00191826 0.000367617 -0.00258943 -0.00144693 -0.00505976 -0.0032048 -0.00132096 0.00190705 -0.00244748 5.66665e-05 -0.00171686 -0.0038491 -7.91213e-05 -0.00359358 0.000440847 -0.000300196 -0.00127757 -0.00694749 1.90851e-05 0.000264126 -0.00106736 0.000683932 0.00377896 -0.00264172 -0.000820602 -0.00568514 -0.00429519 0.00461454 0.0085812 -0.000575763 -0.0099628 -0.00214565 0.00477742 -0.00478619 -0.00143337 -0.00484949 -0.00332026 
-0.0124778 -0.00834446 -0.00895394 0.00261096 0.00946038 0.0117559 -0.00334786 -0.00497074 -0.00467476 0.0386381 0.029894 0.00414823 -0.0268555 0.00440324 0.23123 -0.0470741 -0.00877557 -0.0117572 0.0160797 -0.0045132 0.010904 -0.00418288 -0.0158966 0.0191651 -0.00788729 -0.00264568 -0.0225594 -0.0098423 0.00451586 -0.00290019 -0.00419509 -0.0111059 -0.0107774 -0.00914409 0.00392247 0.000109688 -0.013532 0.00532351 -0.00519206 -0.00665225 -0.00264767 0.00789917 -0.00699209 -0.00698946 -0.00229382 0.00733223 -0.00275652 -0.00745271 -0.00929984 -0.00472453 -0.0212635 0.00350019 0.00290688 0.0164305 -0.00720981 -0.00973837 -0.00171744 -0.00898235 -0.000635509 -0.00717209 0.000329541 -0.00266063 -0.00924296 0.00729604 -0.0123641 0.00642808 -0.00154304 -0.00235341 0.0260033 -0.00382571 -0.00345203 0.0075139 -0.00220658 -0.0056902 -0.00592615 -0.00371562 0.00339462 0.00183067 -0.00211095 -0.000782955 -0.0138273 -0.00782917 -0.00180705 -0.00349793 0.00468171 -0.00607938 0.00254921 -0.00106167 -0.00400293 0.00225994 -0.00122195 -0.0039634 0.000884711 0.00140303 -0.00247281 -0.0150728 0.0043305 -0.00248612 -0.000718888 -0.0110856 
0.012018 0.00299092 0.00132741 -0.025999 -0.00763805 0.0249998 2.009e-06 -0.00804429 -0.0123059 -0.0335771 -0.0302606 -0.016216 0.0326237 0.0154638 -0.0470741 0.249589 -0.0179596 -0.0234672 -0.0313994 -0.0368677 -0.0297623 -0.00609545 0.0216408 0.0184656 0.00326832 -0.00212674 -0.00933196 0.00631262 -0.0115966 -0.0150832 -0.00399903 -0.00180562 0.0111503 -0.0347832 0.00905292 0.0261355 0.0129087 0.00395251 -0.0015287 -0.00996596 -0.00134028 -0.00690621 0.00690419 0.00444323 -0.00958141 0.0179307 -0.00522275 0.00760143 0.00741289 -0.000377649 -0.00891884 0.0113771 -0.00453537 -0.0306449 -0.0137016 0.00530772 -0.00181796 0.00579939 -0.00249005 0.000180205 -0.00528784 -0.00213268 0.0027798 -0.011564 -0.000429159 -0.0132377 -0.00273003 -0.00397868 -0.0113096 0.00271486 -0.0209703 0.00270961 -0.00186498 -0.000486894 0.00642006 -0.00221218 -0.0105678 0.000483016 -0.00319708 -0.00268468 0.00760666 0.0107692 0.00442012 0.000514612 -0.00461544 0.0129309 -0.0080869 -0.00232717 0.00132778 -0.00586485 -0.00226915 0.011512 -0.00428103 0.0232716 0.00557558 0.0189916 -0.00889735 0.00414888 -0.00729646 0.00368156 
-0.0122295 -0.00093716 -0.00383612 -0.00660825 0.00714804 -0.0100083 -0.00206498 -0.00461081 0.0150587 0.0124221 0.03362 -0.00928312 0.0356289 0.0086597 -0.00877557 -0.0179596 0.249996 0.00582377 0.0392181 -0.0319362 -0.01835 0.00843036 7.89729e-06 -0.0451122 -0.022975 -0.0272601 0.0172846 -0.0237018 -0.0105852 0.0226874 0.00615886 -0.0132406 -0.0224611 0.011898 -0.00517222 -0.0113871 -0.0111232 7.03976e-06 -0.00275356 -0.00800599 -0.00529927 0.0108115 -0.00574948 0.0144773 -0.00803292 -0.0261213 0.00188543 0.00128855 -0.00278255 0.00384716 0.00993891 0.00157472 -0.00640159 0.00764341 0.0101986 0.00789256 -0.00188254 0.00408548 0.00425817 -0.00142899 -0.00205268 -0.00333225 -0.00742482 -0.0065441 0.0109005 -0.00292904 -0.000332175 -0.00227942 -0.0201296 -0.00239949 -0.00355976 0.00110533 0.000809174 0.00138842 -0.00459511 -0.00125912 -0.00098328 -0.00461441 0.00123798 0.00158394 -0.0105376 0.00072787 -0.00475508 -0.0027897 -0.00421098 -0.000237666 -0.00758526 -0.00473344 -0.00865791 -0.00757356 -0.00395365 -0.0102635 0.00151666 -0.00122271 -0.00446584 -0.0160704 -0.015477 -0.00555308 -0.00681544 -0.00580722 
0.00610115 -0.00607907 -0.00229931 -0.00393885 -0.00197874 -0.0165527 -0.00134568 0.00446345 0.00534038 0.00310257 -0.0147179 0.000162486 -0.0281419 -0.00649074 -0.0117572 -0.0234672 0.00582377 0.138545 -0.0194292 -0.00426312 0.0115665 0.000770636 -0.0234338 0.00720727 -0.00892451 0.0116286 0.00096833 -0.00327698 0.00455399 0.00510692 0.00285848 -0.0084519 -0.00643351 0.000763094 -0.00797006 -0.00317062 -0.00279021 -0.00206511 0.00345776 0.000647091 -0.00144648 -0.00849181 -0.00348917 0.000490571 0.00347705 0.00219319 0.000870948 -0.00619009 -0.00168067 0.00260571 -0.00357849 -0.00622176 0.00204588 0.000395632 0.00389348 0.00339568 0.00100805 0.00328309 0.000818203 0.00254397 8.24343e-06 0.00143181 -0.00332632 0.00374837 -0.00142607 0.00104315 -0.000455911 0.00113063 -0.000295526 0.00152735 0.00823399 -0.003938 0.00216914 -0.00169185 -0.00128985 0.000938699 0.00163272 -0.00337838 0.000682531 0.000864142 0.00904372 -0.00055128 -0.00160105 0.00163405 0.000824438 -0.00557542 0.00432985 -0.00113747 -0.00304044 -0.000983938 -0.000445947 -0.00194521 0.00151963 -0.010564 -0.0139147 -0.00500603 0.000475185 -0.000537952 0.00758849 0.0102664 
-0.034717 0.00190454 0.00359628 -0.00373901 0.00462395 -0.00951625 -0.00308404 -0.00346724 -0.00507722 0.0410909 0.0300786 -0.000559312 0.0297265 -0.0175976 0.0160797 -0.0313994 0.0392181 -0.0194292 0.249864 -0.0173452 0.000385301 -0.019762 -0.0100561 -0.0675009 -0.00777096 -0.0338163 0.000996382 0.0201385 0.00402709 0.0276077 -6.55214e-05 -0.0121978 0.020944 0.013648 -0.000672818 -0.00694788 -0.00497699 -0.000622485 -0.0106872 0.00866672 -0.00371208 0.0124574 -0.0050731 -0.019507 4.62669e-05 -0.0273012 -1.90889e-05 -0.0111832 -0.00379486 -0.00201189 0.0125182 -0.0151176 -0.00201063 0.0199742 0.00786787 -0.00785946 0.00128921 0.00887363 0.00233214 0.000423341 -0.00612651 -0.00197766 -0.00973554 -0.00499728 -0.00808901 0.000556437 -0.000743801 -0.00144348 0.00718726 -0.00401054 -0.000616345 0.00918672 -0.00269462 -2.72701e-05 0.000453236 -0.00104719 0.00387651 -0.00765347 -0.000645132 0.00405726 -0.0122191 -0.0160074 -0.00480615 -0.00808861 -0.0107548 -0.00937076 -0.00680456 -0.00194342 0.00187946 0.000797566 -0.00813989 -0.00970611 -3.01091e-05 -0.00992194 0.00126659 -0.0167784 -0.0064032 -0.0083821 -0.000264284 -0.00961243 
0.00574343 -0.0111642 -0.0053866 0.00486416 -0.0115689 -0.0148501 -0.00510154 0.00182172 -0.00324004 -0.0193339 -0.00336685 0.00854467 -0.014084 -0.021332 -0.0045132 -0.0368677 -0.0319362 -0.00426312 -0.0173452 0.222013 0.00914407 -0.00764224 -0.0146937 -0.0248986 0.0190368 -0.00533425 0.00308638 0.0202678 -0.0121071 0.0015589 0.000524079 0.0135067 -0.00294915 0.00788593 0.00430666 -0.010961 0.00513198 -0.0122574 0.00322298 -0.0128388 0.000736147 -0.00889031 -0.00291393 -0.00259498 0.0144116 0.00810235 -0.00202996 1.8194e-05 0.00442187 -0.000944703 0.0120061 0.0089781 -0.0057059 -0.00901271 0.00113898 -0.00506636 -0.00117927 0.00385105 -0.00357614 0.00335233 -0.00441499 0.00215081 -0.00683 -0.00234049 0.00106877 0.0013059 0.000150903 0.00409616 0.0036487 -0.00662577 0.0118821 -0.0140135 -0.00221441 -0.000776358 0.000482739 -0.000800095 0.00376751 0.00255464 -0.000497978 -0.0028971 0.00365406 -0.0101263 0.00048957 -0.000793744 0.00219289 0.000482315 -0.00186646 -0.000531937 -0.00294362 0.00850703 -0.00146159 -0.00556975 -0.00511549 -0.00894674 -0.011356 0.00276005 0.00595547 6.39498e-05 0.00444078 -0.007258 
0.00291583 -0.00381879 0.00829465 0.0327871 0.00235359 -0.046102 -0.000757949 0.00299409 -0.00036742 0.00595263 -0.0155539 0.0119939 -0.0407069 -0.00470209 0.010904 -0.0297623 -0.01835 0.0115665 0.000385301 0.00914407 0.247717 -0.00762666 -0.0442309 0.000855005 0.0177129 0.0323026 -0.0522517 0.0224902 -0.0220976 0.00860319 -0.00149351 -0.00873753 0.00525641 -0.00307188 -0.00879628 0.00672648 -0.032437 -0.00640961 -0.00541239 0.011671 0.00146775 -0.000388232 -0.00110416 -0.0117962 0.00616101 0.0100214 -0.00180652 0.000838719 -0.00540929 0.00580634 -0.0155722 -0.0134159 -0.00117671 -0.00313635 -0.00508793 0.00376185 -0.000131404 0.00848495 -0.00389504 0.000891571 0.00759111 0.00265537 -0.00575314 -0.00979484 -0.000856121 0.000255346 -0.000450038 -0.000345537 0.0222371 -0.000436769 0.00513255 -0.0194383 -0.00270069 -0.00107688 -0.00705201 0.000941654 0.00139087 -0.00460689 7.0882e-05 -0.00210421 -0.0232155 0.00134999 -0.00352091 0.00246883 0.00228797 -0.00258944 0.00658783 0.000475871 -0.0113367 -0.00534234 -0.0018216 0.00344021 -0.00174404 -0.0136377 -0.0031297 -0.0257196 0.0113739 -0.000407301 0.00380959 0.000557735 
-0.0121359 0.00108939 -0.00303278 -0.00499991 -0.00305851 0.00227058 -0.00351053 0.00117702 -0.00578329 -0.013034 0.0199874 0.00883896 -0.014885 -0.0107543 -0.00418288 -0.00609545 0.00843036 0.000770636 -0.019762 -0.00764224 -0.00762666 0.135284 -0.0153825 0.00457279 -0.0227732 0.00749649 0.0114776 -0.0150602 0.00226 0.00076792 0.00219807 0.00793932 -0.0104783 0.00568131 -0.00596757 -0.00336555 -0.00661225 0.000471572 0.00289075 -0.00273219 -0.000537084 -0.000696456 -0.000195057 -0.00456744 0.0022552 -0.00562353 0.00417526 -0.00187298 -0.00287195 0.00139433 0.00503227 0.00214809 0.000794254 -0.00494599 -0.002523 0.0058655 0.00156688 0.00399676 0.00153584 0.0018068 0.000511921 -0.00163291 -0.00432297 0.000391307 -0.000440687 0.00367265 0.000255314 0.0028366 -0.00450133 0.0021249 -0.0049073 -0.000764917 -0.00100677 -0.00129042 -0.000555245 -0.000522631 -0.00173932 0.00101326 0.00148789 -0.00178499 -0.00572468 0.00241097 -7.7796e-05 -0.000196431 0.00389749 -0.00145951 0.000962912 -0.000589781 -0.00437401 -0.000580885 0.000339318 0.00113831 -0.00026543 -0.00093641 -0.0042213 -0.00828481 2.32921e-05 -0.00357908 0.00206892 -0.000841888 
0.00762045 0.00141623 -0.0179356 -0.0181098 0.00352038 0.00333075 0.00794327 -0.00272944 -0.000758246 -0.0115943 -0.0238796 -0.0067099 0.056502 0.0176806 -0.0158966 0.0216408 7.89729e-06 -0.0234338 -0.0100561 -0.0146937 -0.0442309 -0.0153825 0.243389 -0.0132349 0.00591841 -0.0166593 0.0330376 -0.0279141 0.000114855 -0.032956 -0.00461377 -0.0140947 0.0100498 0.0030928 -0.00653932 -0.0121344 0.0117901 -0.00314392 0.00560039 -0.0258734 0.00254257 -0.0142271 0.00425986 0.0158892 -0.00775931 -0.0156229 -0.00667828 -0.000527479 0.00622996 -0.00414372 0.00667547 0.0056296 -0.00563243 -0.000490312 -0.00702527 0.00231602 -0.00374825 0.00885515 0.00204049 -0.00691546 0.00189108 -0.00203742 -0.00530323 -0.00920262 0.00378194 -0.00742916 -0.00318499 -0.00635879 -0.0219026 -0.00578032 -0.00276728 -0.000986711 3.16275e-05 -0.00204091 0.00161878 -0.00213463 -0.00562457 0.000674487 -0.00447689 -0.000417371 0.0215712 0.00144448 0.00216712 -0.00444067 -0.0117102 0.00737777 -0.00500107 -0.00183003 0.0041749 0.000431302 0.0014843 0.00941072 -0.0052293 -0.00495536 0.00850198 0.0186122 -0.00519821 0.00111884 -0.00606738 -0.0119617 
0.0216051 0.00584439 -0.011663 -0.00194738 -0.00705315 0.0201998 -0.00378271 0.00446548 -0.00316881 -0.0132334 -0.0227962 -0.0145866 -0.045445 0.00281824 0.0191651 0.0184656 -0.0451122 0.00720727 -0.0675009 -0.0248986 0.000855005 0.00457279 -0.0132349 0.249802 0.00818761 0.023693 -0.0218334 -0.00899739 0.0120024 -0.0440005 -0.000649802 -5.31001e-05 -0.0216408 -0.0205274 0.00249662 0.013201 -0.00850643 0.010622 0.00569955 0.00656926 -0.00144564 -0.0139069 -6.57694e-06 0.0159713 -0.00487701 0.0198413 -0.00401863 -0.00383544 -0.00559424 -0.00887425 -0.0232717 0.00799314 0.00554177 -0.0118156 -0.0201069 -0.00454184 -0.000559572 -0.0159861 -0.00622374 -0.0036265 0.00437796 -0.000673997 0.0115167 -0.00852992 -0.00901795 -0.00289405 -0.00254384 -0.000965928 0.00256792 0.00725451 -0.00197214 0.00544582 0.0014107 -0.00205891 -0.000906407 -0.00108342 -0.00297018 -0.00086171 0.000175077 -0.00636692 -0.00266587 -0.0021056 0.00109709 0.00303137 0.000434866 0.000538198 0.00785838 0.00273992 -0.00259634 -0.00110179 0.00259213 0.00771782 0.000569713 0.0152244 -0.00104617 0.0078432 0.00338898 0.000941344 -0.00239059 0.00852843 
0.00131782 -0.00271965 0.0116256 0.0069104 -0.0097197 -0.0175316 -0.00617077 -0.00104703 0.00254542 0.00222747 0.0117664 -0.00365314 -0.0214691 -0.0166404 -0.00788729 0.00326832 -0.022975 -0.00892451 -0.00777096 0.0190368 0.0177129 -0.0227732 0.00591841 0.00818761 0.190845 -0.000980785 -0.0210328 0.0109117 -0.0113566 -0.00769728 -0.0101614 -0.00461499 0.00508817 0.00404312 -0.00397709 -0.00166404 -4.30613e-05 -0.0114445 -0.001821 -0.00456027 -0.00145841 -0.00249807 -0.000911074 0.00502959 8.92461e-06 0.00748291 1.28177e-05 0.000320029 0.00129563 1.51636e-05 0.00331744 -0.0171117 -0.00222451 0.00445082 0.00241363 -0.00334373 -0.00312774 -0.000141556 -0.00386811 0.000597768 -0.00157416 -0.00216272 0.00137447 -0.00628189 0.000774536 -0.00457602 -0.000993089 -0.00212178 0.0038777 -0.00545675 -0.00367264 -0.0128547 -0.000135901 -0.00305476 0.000249406 -0.00145258 -0.00122011 0.000454227 -0.00439945 0.00244942 -0.00104532 -0.00038456 0.00120326 -0.00392873 -0.00799561 0.000860183 0.000521385 -0.000102415 0.0071169 -0.00658328 0.00256727 -0.00326291 -0.00202009 -0.00281154 -0.00633115 0.0045341 0.000728166 0.00160949 -0.00214513 -0.00478218 
0.0054915 0.0037233 0.000350269 0.0290824 -0.00679358 -0.00613077 -0.00192428 0.0048785 -0.00838396 -0.0274912 -0.0168082 -0.00570624 -0.0261847 0.00371119 -0.00264568 -0.00212674 -0.0272601 0.0116286 -0.0338163 -0.00533425 0.0323026 0.00749649 -0.0166593 0.023693 -0.000980785 0.18563 -0.0152516 -0.0133678 -0.0211392 -0.0101231 -0.00729112 0.00247491 0.017869 -0.0212788 -0.00377449 0.00994825 -0.0183922 -0.000340709 0.0053573 -0.00136358 0.00164523 -0.00951847 -0.00446174 -0.00220086 -0.00403043 0.0171709 -0.00204926 -0.00446781 -0.00564279 7.80341e-05 0.00927594 -0.00249598 -0.00453647 -0.0271031 -0.00826313 -0.00034039 -0.000872276 0.00298168 -0.00276606 -0.00229136 0.00473583 0.000283326 -0.00248658 -0.00527844 0.00226111 0.00180489 8.00838e-06 -8.49594e-05 -0.00650457 0.00326845 0.00528832 0.000503768 -0.000698733 0.000696095 0.000383662 0.0022408 0.00141223 0.000909301 0.000303274 -0.00087175 -0.00308332 0.00255522 -0.0024914 0.00165004 -0.000457094 -0.00484419 0.00152101 0.00114188 0.00501372 -0.00439767 0.00304816 0.00226173 0.00186675 0.000381549 -0.00937441 -0.00957979 0.0107733 0.00410099 -0.00546158 0.00402049 
-0.00727766 -0.00150548 -0.0111908 -0.0162535 -0.00237988 -0.00707473 0.000373536 0.00160407 -0.00869586 0.00134296 -9.03667e-05 -0.00594767 0.00680564 -0.00108339 -0.0225594 -0.00933196 0.0172846 0.00096833 0.000996382 0.00308638 -0.0522517 0.0114776 0.0330376 -0.0218334 -0.0210328 -0.0152516 0.197947 -0.0368325 0.00594574 -0.00935445 0.00152584 0.0103069 -0.0015932 0.00482852 -0.0132126 -0.00251092 0.00914689 -0.00843178 0.0018001 -0.0146131 -0.000879654 -0.00429353 -0.00283009 -0.00698296 0.00119961 -0.0165637 0.0010164 -0.00115714 0.00245464 -0.00098375 0.0243477 0.00964811 -0.00139369 0.00584111 0.00824866 0.00639722 -6.42116e-05 -0.00504515 0.00189671 0.00268134 -0.000929349 0.0020294 -0.00447235 0.00316639 -0.0103279 -0.00135764 -0.00066254 -0.000332738 -0.0101625 -0.00566956 1.02089e-05 0.000675823 -0.000249388 0.000289488 0.000209599 -0.00122069 0.00100217 0.00199488 -0.00120156 0.000100308 0.00539947 -0.00424711 -7.30795e-05 -0.000712997 -0.0025471 9.49879e-05 -6.45592e-05 -0.00125098 -0.00650407 4.21376e-05 0.000511799 -0.00378818 -0.00269044 0.00462143 -0.00517638 -0.000774736 -9.81356e-05 -0.00328846 0.00318973 0.00275774 
0.00140967 -0.00445661 0.0206971 -0.000187963 -0.00310893 -0.012237 -0.00684367 -0.00501319 -0.00698385 0.0193833 -0.00331255 0.00482613 0.0107178 0.000417258 -0.0098423 0.00631262 -0.0237018 -0.00327698 0.0201385 0.0202678 0.0224902 -0.0150602 -0.0279141 -0.00899739 0.0109117 -0.0133678 -0.0368325 0.249994 -0.00529607 -0.00245118 -0.00472992 0.00442898 0.0120334 0.000258742 0.00453277 0.00051361 0.00485817 -0.0230953 -0.00880874 0.0143734 -0.000295724 -0.00723968 -0.00424753 -0.00726573 0.000511142 -0.00243985 -0.00874981 -0.00712731 -0.00393714 -0.000959466 0.000509683 -0.0120428 -0.000718003 0.0126137 -0.00609083 -0.0122417 -0.00415128 -0.00201161 -0.001402 -0.000796022 -0.00101622 -0.00211336 -0.000389359 -0.00210663 -0.00954983 -0.00748582 0.00102603 -0.00511675 0.00169842 -0.000847337 0.0108888 -0.00359112 -0.00396003 -0.000752965 -0.00109509 -0.00342065 -0.000888095 -0.0018837 0.00127657 -0.00070978 -0.0116375 -0.0145874 -0.00115032 -0.00719179 0.000869222 -0.0145221 0.00515071 0.000329942 0.00302922 -0.00795113 -0.0053037 -0.013925 -0.0040812 -0.0219907 0.0032034 -0.00317539 -0.00100846 -0.00383001 -0.00883329 0.00167706 
-7.26933e-05 -0.000426061 -0.00350893 -0.0240667 0.00266926 0.0111163 -0.00237673 -0.00138371 -0.00440822 0.00216432 -0.0119136 0.000348277 -0.0116043 -0.00723592 0.00451586 -0.0115966 -0.0105852 0.00455399 0.00402709 -0.0121071 -0.0220976 0.00226 0.000114855 0.0120024 -0.0113566 -0.0211392 0.00594574 -0.00529607 0.148613 -0.0170147 0.00163928 0.00444804 -0.0134026 0.0104835 -0.00179163 -0.0153881 -0.00164858 0.011977 0.00281626 0.00161825 0.00199283 0.00296614 -0.00244102 -0.011221 0.00239929 -0.00540101 0.000962534 0.000126625 -0.000734081 -0.00424882 -0.00649852 -0.00153823 0.0148788 0.0179672 0.00392171 -0.00240124 0.00165986 -0.0103659 0.00277044 7.50577e-05 0.000544222 0.000252121 -0.00493843 0.00301704 -0.00302601 0.00345889 -0.00147032 0.00153043 -0.00578093 0.00485632 -0.000776271 0.0108697 0.000626851 -0.00156821 -0.000499789 0.000252666 -0.00357936 -0.00392977 -0.0006161 -0.000412031 0.00533071 -0.007056 0.000236231 0.00398931 0.00305618 -0.00771372 0.00129987 -0.000218154 -0.0067823 0.00348071 -0.00112704 -0.00691216 -0.00042622 -0.00288567 -0.00522167 0.000240256 -0.00285688 -0.00238584 -0.00220491 0.00358339 
-0.0105558 -0.00339064 0.00753643 -0.00326127 0.000638963 -0.00955792 -0.00116391 -0.00172417 0.0101344 0.0257243 0.0129342 0.00823248 -1.48714e-05 -0.00450623 -0.00290019 -0.0150832 0.0226874 0.00510692 0.0276077 0.0015589 0.00860319 0.00076792 -0.032956 -0.0440005 -0.00769728 -0.0101231 -0.00935445 -0.00245118 -0.0170147 0.163135 0.00121379 -0.0035856 -0.000802731 0.00492521 -0.00539043 -0.00729207 0.00342643 -0.0113063 -0.00616053 -0.00122527 -0.00165655 0.0146487 0.000126184 -0.0210039 -0.0021323 0.000135355 0.00361249 -0.00042141 -0.00352592 0.0026912 0.00838905 -0.0066757 -0.00448187 0.00317816 0.0013269 -0.00208557 -0.000479726 0.00515237 0.0022397 -0.000920862 -0.00449706 0.00171382 -0.00671479 0.000270324 -0.00243197 -5.88538e-05 -0.000741448 0.00141936 0.0127929 -0.00508436 0.0013264 -0.00514941 -0.00149927 0.00017587 -0.0034561 -0.000230832 -0.00037716 -0.00358391 0.00396626 -0.0014244 -0.00863258 -0.00451928 -0.00301172 -0.00233099 -0.000996362 -0.00418435 -0.0051613 -0.00168713 -0.00191117 -0.00277602 0.000120256 -0.00511562 0.000993156 -0.0100607 -0.00463773 -0.00908175 -0.00379965 -0.000351086 0.000212361 -0.0103146 
-0.00149389 0.00152429 0.0049517 -0.00760714 -0.000904521 -0.000364231 0.00339547 0.000234006 0.00267278 -0.00713608 -0.00453514 -0.00135256 0.000166822 -0.00265277 -0.00419509 -0.00399903 0.00615886 0.00285848 -6.55214e-05 0.000524079 -0.00149351 0.00219807 -0.00461377 -0.000649802 -0.0101614 -0.00729112 0.00152584 -0.00472992 0.00163928 0.00121379 0.0532942 -0.000135924 -0.00288965 -0.000794058 0.000307725 -0.00419275 -0.00246705 0.000651007 -0.000122661 -0.00145758 7.23063e-05 0.000577768 0.000723665 -0.00214652 0.000461377 -0.00148319 -0.000621347 0.00152265 0.000612646 5.5724e-05 -0.00142309 0.00145708 -0.00115192 -0.00269985 -0.00136175 0.0024406 -0.000142301 -0.00166252 0.000904697 0.000409814 0.000108302 0.00154632 -0.0023025 0.00257208 -0.0012786 0.00134123 1.30172e-05 0.000956427 -0.000891064 -0.000500731 -0.00152995 -0.000977668 0.000151692 0.000917888 -0.00019545 0.000417822 -0.000276632 -0.000388591 0.00124472 0.000681894 -0.000556096 0.00220263 -7.73424e-05 0.00057382 0.00335747 0.000918062 -0.000651359 -0.000186571 -0.000720106 0.000328176 -0.000680696 -0.00316072 -0.000708925 -0.00149473 -0.00130285 -0.00346598 -0.000720651 -0.00113855 0.00115449 0.000162689 
0.00414098 0.00288512 -0.00176583 -0.00205568 -0.00265545 -0.00104474 -0.00131777 0.00282196 -0.00443096 -0.0124915 -0.0159658 0.000327779 -0.00939549 -0.0186317 -0.0111059 -0.00180562 -0.0132406 -0.0084519 -0.0121978 0.0135067 -0.00873753 0.00793932 -0.0140947 -5.31001e-05 -0.00461499 0.00247491 0.0103069 0.00442898 0.00444804 -0.0035856 -0.000135924 0.0986938 -0.00228806 0.00952978 -0.00265861 -0.00252551 0.0134521 -0.00442613 0.00168955 0.00291699 0.000955814 -0.00101639 -0.000465381 -0.00471457 0.00118918 0.00235316 0.00335616 -0.00158917 0.000414466 -0.00141478 -0.00529545 -5.6923e-05 -0.00222895 0.00304269 -0.00192087 -0.00365191 -0.00070797 -0.00474081 -5.48819e-06 0.00112763 0.000656621 0.000191843 -0.00142243 -0.00039671 -0.000817432 0.00142739 0.000281002 0.00308646 -0.00737786 -0.000739528 7.69073e-05 0.00171766 -0.000181509 -0.000792787 0.000402579 -0.000538 0.00062345 0.00123503 0.000276288 -0.00113224 -0.000203086 0.000715013 -0.000639051 -0.000610128 0.00418561 -0.00502552 -0.0021424 -0.000528047 -0.00177572 -0.000207914 -0.000885862 -0.00624666 -0.00136492 0.00891376 -0.00120152 0.000985625 0.00118475 0.0031215 0.00242525 -0.00179375 
-0.0115715 -0.000546428 0.00529466 0.00953375 -0.0032889 -0.00788494 0.00450305 0.00135702 -0.00897826 -0.00581669 0.00371744 -0.00676477 0.0166074 0.00779617 -0.0107774 0.0111503 -0.0224611 -0.00643351 0.020944 -0.00294915 0.00525641 -0.0104783 0.0100498 -0.0216408 0.00508817 0.017869 -0.0015932 0.0120334 -0.0134026 -0.000802731 -0.00288965 -0.00228806 0.160851 -0.0223838 -0.00593933 0.0146638 0.00134683 0.00038427 -0.00196925 0.00146558 0.00132706 -0.00421031 -0.00129147 -0.016548 -0.00216844 -0.00286151 -0.0046883 -0.0041548 -0.00242181 -0.00323695 0.0104345 -0.0096535 -0.00673875 -0.0112883 -0.00212135 -0.00547529 -0.00247262 0.0136962 -0.00212222 -0.00284425 -0.00493733 -0.00134239 -0.00267445 -0.00621908 -0.00284342 -0.00324992 0.000463961 -0.00237354 -0.00239458 -0.00557902 0.00584345 -0.00667652 -0.00243859 -0.000791117 -0.00151382 -0.00181992 -0.000270172 -0.00131319 -0.00190304 0.00256404 -0.00177515 -0.00662663 -0.00181227 -0.00266258 -0.00240431 0.00343555 -0.00232228 0.000346621 0.000546122 -0.0040547 -0.00368605 0.00659744 -0.00337553 -0.0093408 0.00369445 -0.00911088 -0.000940746 -0.001603 -0.00414031 -0.00150802 
-0.0118502 0.00131865 -0.0115623 -0.0051018 -0.00107591 -0.0143161 -0.00409665 -0.00217152 -0.00452008 0.00341093 -0.0110098 -0.000891624 -0.0110748 -0.0127265 -0.00914409 -0.0347832 0.011898 0.000763094 0.013648 0.00788593 -0.00307188 0.00568131 0.0030928 -0.0205274 0.00404312 -0.0212788 0.00482852 0.000258742 0.0104835 0.00492521 -0.000794058 0.00952978 -0.0223838 0.187285 -0.00346327 -0.0223809 -0.00711761 -0.00153111 -0.00183515 0.00725882 5.54631e-05 0.0071952 -0.000924473 0.00263437 0.00493246 -0.0162408 0.00574087 0.00429821 0.000386016 -0.0038327 -0.012241 -0.00293126 -0.00354435 0.0205244 0.00613233 -0.00644181 0.0015446 -0.00686143 0.00289102 0.0037327 -0.00046982 -0.00156024 -0.0050475 0.001684 0.00162777 0.000321449 0.000723122 0.000959352 -0.00743629 0.00273099 0.0108315 0.00302262 8.78037e-05 -0.00282163 0.00114145 -0.00214677 0.000428954 0.000297528 -0.00102654 3.17293e-05 -0.00196777 -0.00526261 0.000970755 -0.00385036 -0.00152062 -0.00904265 -0.00353073 -0.00272588 -0.00402064 0.0061932 0.00088231 -0.00278337 0.00152792 0.000854289 -0.00619114 -0.00361474 -0.00711933 -0.00419153 0.0023914 -0.00503032 
