0.0462511 -0.00030511 0.00282448 -0.00220885 -0.00303367 -0.00354748 -0.00114216 -0.00334615 -0.00479393 -0.00264726 0.00201599 0.000737021 0.0013941 -0.00195263 -0.000955156 -0.00148112 -0.00732119 -0.00241486 -0.00112027 -0.000842267 0.00487976 -0.00192944 -0.00231102 -0.000892032 0.00218294 0.00169292 -0.00374409 0.00168375 -0.000618715 -0.0069811 -0.000799518 -0.00203154 0.00211196 -0.00645849 -0.000690111 -9.54029e-05 -0.00340656 -0.000160533 -0.000760863 0.000756203 0.000591917 0.000478694 0.00298742 0.000792378 0.000578519 -0.000769054 0.000615863 -0.00111218 0.00128449 -0.000158282 -0.000159601 0.000878632 0.000140939 -0.00144558 -0.000148081 0.000516855 -0.00328023 0.00315477 0.00135427 0.00321457 -0.00111089 -0.003021 -0.000354663 -0.000860685 0.00027822 -0.000603639 0.0014873 -0.000425304 0.000427506 -7.20038e-05 0.00135376 0.000493574 -0.00301033 -0.00125581 -0.000897906 -0.000122491 -0.000772624 -0.000137956 -0.000150296 0.00152055 -0.000502257 0.00254345 -0.000164626 -0.000245869 0.000782819 -0.000658016 -0.000567888 0.000137569 -0.000712916 0.000614947 -0.000325141 0.00109298 -0.00152676 0.000214274 0.000218472 -0.00107044 -0.00183045 -0.00241588 0.000528865 0.00306658 
-0.00030511 0.0633711 -0.00239931 0.00358265 -0.00521404 -0.00878934 6.18138e-05 -0.00364389 -0.00148995 -0.00324455 0.00206747 -0.000966456 0.00137406 0.00535645 0.00151448 -0.00204376 -0.00280037 0.00777738 -0.0015661 -0.00494583 0.00281878 -0.00288098 -0.00990044 -0.00395707 -0.00166137 0.000205945 -0.00031607 0.00109554 -0.00162789 5.15427e-05 -0.00125087 -0.000709637 -0.00132541 0.00669527 -5.28128e-05 0.00038334 -0.0048314 -0.00258426 -0.00356501 0.0033721 -0.0012019 0.00201114 -0.000502284 -0.000574849 -0.000168505 0.000743154 -0.00166266 -0.00141807 -0.00133088 0.00135293 -0.000271582 0.000367109 -0.000265252 -0.00201752 -9.0102e-05 -0.00106746 -0.00126874 -0.000214572 -0.00052499 0.000711204 -0.000751832 -0.000651304 -0.00184581 4.07704e-05 -0.000293462 -0.00325043 0.0018509 9.37008e-05 -0.000564886 -0.000883211 0.00316276 0.0030493 -0.00225899 -0.000608748 0.000806356 -0.00198426 -0.000643837 0.000518699 3.46337e-05 3.40495e-06 -0.000720765 -0.00149429 0.000456701 -0.000257852 -0.00473976 -0.000258595 -0.00134173 -0.000483022 0.000555994 -0.000418115 -0.00140242 -0.00602564 -0.000262343 -0.000465543 0.00017784 -0.000198513 0.00295529 0.000429171 0.000491487 -0.00308389 
0.00282448 -0.00239931 0.123097 -0.0152885 -0.0171311 -0.00481621 -0.00857529 0.000372495 -0.010049 0.00803657 0.0137807 0.00497341 0.00279331 0.00610058 -0.0139339 -0.00389203 0.00257702 -0.0134658 0.000226738 -0.0135337 0.0168889 0.000946526 0.0185005 0.00689981 -0.0179198 -0.00648867 0.0132256 0.00894362 -0.00780781 -7.48944e-05 -0.0027883 0.00636321 -0.00138998 -0.0118747 -0.00149637 -0.002281 -0.00111695 -0.00251105 -0.00653522 -0.00318166 -0.00514387 -0.00678099 -0.00422386 -0.00293293 -0.00036766 0.000831654 -0.000271921 -0.000448008 0.00290128 -0.00255749 -0.00148913 -0.00406212 0.00146613 -0.00341587 0.000639465 -0.00276889 0.00463824 -0.00269444 -0.00114018 -0.00484297 0.00338849 -0.00145729 -0.000848443 -0.000830157 -0.00235239 0.00383908 -0.0038363 -0.000806824 -0.00299581 -0.00179957 -0.000868974 -0.00160485 -0.00455832 0.00263576 -0.00343563 0.00606822 0.00136304 -0.000904148 -0.000249247 -0.00355837 0.00216068 -0.00246133 0.00184404 0.000668908 -0.00259314 0.00033633 0.0036316 0.00257165 -0.000904245 -0.00129323 0.00583823 -0.0095215 -0.00233766 0.000972901 0.00121886 -0.00687042 -0.011651 -0.000922336 -0.000519684 -0.00269269 
-0.00220885 0.00358265 -0.0152885 0.173385 -0.00672855 -0.0134957 0.00358122 -0.0190975 -0.000213756 -0.0301034 0.013102 0.00266295 -0.00786758 -0.00753838 0.0247584 -0.00865762 -0.000492857 0.0111013 -0.00918594 0.016052 -0.0121942 -0.0193038 -0.0115358 -0.00106336 0.0172587 0.00490524 -0.0164953 0.00329673 -0.00327585 -0.00694309 -0.0173017 -0.019094 0.00140368 -0.000230719 -0.00300723 -0.00594485 -0.00972439 0.0150323 -0.00772905 -0.00596464 0.000380407 -0.00396137 0.0069547 -0.000175382 0.000711971 -0.00227674 -0.00241369 -0.00832304 -0.00324244 -0.000533902 -0.00110741 0.0283332 -0.00391421 0.00239736 -0.0032706 0.00246646 -0.0125667 0.00473572 -0.00398743 0.00496947 -0.00470501 -0.00555905 -0.0047313 -0.00365247 0.00292635 -0.00644052 0.00566942 -0.00383807 -0.0035232 0.00522001 0.0070903 -0.00213231 0.0177995 -0.00241386 -0.00462235 -0.00867745 -0.00512001 -0.00134744 -0.00132602 0.00154648 -0.00458729 -0.00733444 -0.00329882 -0.00282544 0.00363153 -0.00334529 0.00040566 -0.00320217 -0.00390585 -0.00135354 0.00329258 -0.00105755 -0.00361561 -0.00278045 -0.00198311 -0.00104332 0.0228425 -0.00427154 -0.00205709 -0.000285672 
-0.00303367 -0.00521404 -0.0171311 -0.00672855 0.196378 0.0313343 0.00211863 -0.00857964 -0.0182391 0.0240423 -0.0288622 -0.000648346 0.00575853 -0.00839732 -0.0181306 -0.0181903 0.0122061 -0.0196949 -0.0149652 0.0123196 -0.00111895 0.000917324 -0.00914889 0.00777804 0.00279784 -0.0147506 0.000813988 0.00682645 -0.0141187 0.000257119 -0.00584167 -0.00989248 -0.00480622 -0.0217662 0.0178276 0.00350858 -0.000460467 -0.0041057 0.0070515 -0.0015679 0.00173458 -0.00271628 -0.00476724 0.00503009 -0.000516956 -0.000178833 3.34044e-05 0.000173525 -0.00556648 -0.00769227 -0.00333299 -0.00635497 -0.00302389 0.00464453 -0.00228606 0.000930178 0.00113598 -0.00327959 0.00251209 -0.0017892 -0.007249 0.00011269 -0.000757637 0.0014983 0.00255908 -8.47305e-05 -0.00795891 -0.000782923 -0.00276407 0.00189775 -0.00268498 -0.00107189 -0.0115325 -0.00664041 -0.00127402 0.00151842 0.00228024 0.000724619 -0.000687489 -0.0120939 -0.000967441 0.0055371 -0.00289077 -0.0020196 0.00262005 0.000675413 -0.00906796 -0.00180123 -0.000697247 0.001244 -0.00424755 0.00790772 -0.000438263 0.000410638 0.000706192 -0.000963138 -0.00738852 0.000546377 -0.00369521 0.00828797 
-0.00354748 -0.00878934 -0.00481621 -0.0134957 0.0313343 0.180607 -0.00046595 -0.0143378 -0.0115148 0.0292657 -0.0212058 -0.00423531 -0.00155275 -0.00937964 -0.0282911 -0.00722694 0.0367322 -0.0323241 0.0106054 0.0282272 -0.00200277 -0.00549368 -0.0335131 -0.0298632 0.0082248 -0.0120437 -0.014189 0.0025078 0.00538928 0.0254231 -0.00463886 -0.00324263 -0.00822 -0.0190324 0.0179057 0.000231479 0.0109399 -0.00730401 0.0252409 -0.00133959 0.00445959 -0.0125897 -0.00856755 0.00610607 -0.00185919 -0.00193012 0.00160163 -0.0109975 0.00239853 -0.00560685 -0.00292333 -0.00855762 0.00354918 -0.00521347 0.00119103 0.000345164 0.00963114 -0.0100214 -0.00194238 0.00409968 -0.00310157 0.00426646 -0.00885575 0.0010244 4.65372e-05 -0.00641642 -0.00351158 -0.000113224 -0.00437857 0.00292758 -0.00325134 -0.00693175 -0.00874509 -0.0044106 0.00284501 0.00229481 -0.0019079 0.00128566 0.000569442 -0.00718358 -0.0045539 -0.000825638 -0.00324154 -3.37005e-05 0.00206743 0.00199972 -0.00641593 -0.00667876 -0.00146186 0.00124555 0.000657914 0.0223168 3.72981e-05 0.00169775 -0.000995585 -0.0144075 -0.0176943 -0.00808169 -0.00213218 0.00630592 
-0.00114216 6.18138e-05 -0.00857529 0.00358122 0.00211863 -0.00046595 0.0846013 -0.00430076 0.00238494 -0.0144769 -0.00759293 -0.000468142 -0.00026232 0.00282018 0.0109732 0.000384816 -0.001025 0.00203647 0.000361363 0.000896114 -0.0121061 -0.00465331 -0.0172584 -0.0134982 0.0109081 -0.00226598 -0.00660379 0.000463564 -0.0028616 -0.000872637 -0.00153641 -0.00303999 -0.0016762 -0.00188322 -0.00338914 -0.00310037 -0.00339067 0.00698404 0.00447962 0.00458626 -0.00157629 -0.00104141 0.00189721 -0.000980783 -0.000585763 -0.0018447 0.000327629 -0.000727446 -0.00204787 -0.00462355 0.000912733 -0.00234898 0.000730907 0.000505029 -0.000210537 0.000491457 -0.00427405 0.00144306 -0.00206423 -0.000779022 -0.000878978 -0.00101589 -0.00327371 0.00177586 0.00336572 -0.00513012 7.14944e-05 0.000231849 -0.00196367 0.00192567 -0.00155984 -0.000239433 -0.000387376 0.00455082 0.00267848 -0.000402055 -0.000932429 0.00113589 0.000264315 0.00512216 -0.00310619 0.0025811 -0.000502781 -0.00066839 0.000249892 -0.00140528 0.00208317 -0.00107977 -0.00435676 -0.000360174 -0.00276815 -0.00223105 -0.00233106 0.000421785 -0.000308915 0.00442128 0.00423703 -0.00156677 -0.00161674 -0.00143055 
-0.00334615 -0.00364389 0.000372495 -0.0190975 -0.00857964 -0.0143378 -0.00430076 0.143849 0.00854859 0.0116519 -0.00548911 -0.000359996 -0.00594222 0.00867702 -0.00616324 -0.0109562 -0.00535822 0.00328466 -0.00175703 -0.00520878 -0.0224841 -0.00191952 0.0271203 -0.0185179 -0.0360968 0.015018 0.016099 -0.0212985 0.00538863 -0.00561105 0.0119523 0.01367 -0.00603528 -0.000569122 -0.000347301 0.00352924 -0.00672652 -0.00755492 -0.00868144 -0.0054657 -0.0013197 -0.00441058 -0.00114625 -0.000767597 -0.000665353 0.00547797 -0.00223452 -0.00105015 -0.00486766 -0.00548063 -0.0016459 -0.0264495 -0.000553533 -0.000820577 0.0011906 -0.00297156 0.000599685 -0.00485492 -0.00504908 -0.00634884 0.00360138 0.00181853 0.00467335 -0.00254938 0.00309245 0.0161445 0.000917795 0.00310043 0.00656265 -0.00111475 -0.00610578 0.00322944 -0.00695449 0.00281155 0.00227817 0.00438583 0.00221897 -0.000300489 -0.00085809 0.00613888 -0.00264105 -0.00248957 -0.000238556 -0.000718005 -0.0075617 0.000913424 0.00841967 0.00621253 0.00904179 -0.000428441 -0.00558217 -0.00406743 0.000559985 0.00067148 -0.000208066 -0.00700327 -0.00627767 0.00151092 0.00166113 -0.00480981 
-0.00479393 -0.00148995 -0.010049 -0.000213756 -0.0182391 -0.0115148 0.00238494 0.00854859 0.180446 -0.0163163 -0.0010908 -0.00127642 -0.000750093 0.0125651 0.00798963 -0.000628731 -0.0123464 -0.00342347 -0.005171 0.0064846 -0.00200481 0.00390105 -0.0244133 -0.0125371 0.0212781 -0.00363605 -0.00846835 -0.0170228 0.00571639 -0.00589142 -0.00728776 0.0174799 0.000954547 0.00163776 -0.00193712 0.00235906 0.0146915 0.0037578 -0.00374749 -0.00587977 0.00449511 -0.00344804 -0.00452709 -0.00168789 -0.000634078 -0.00913766 0.000117489 0.00129555 -0.00131052 -0.00646627 -0.00118967 -0.00566857 -0.000287009 -0.000982342 -0.00190334 0.0017837 -0.00747174 0.00224532 0.000995315 -0.00120648 -0.00240164 -0.0028693 0.0151045 0.00415732 -0.00442042 -0.00157335 -0.00236634 0.000419571 0.00177617 -0.0022853 -0.00543258 -0.00499515 0.000188444 0.00574857 0.00514774 -0.00216294 -0.00062052 -0.000625917 -0.000173012 0.00349454 -0.00684186 -0.00874371 -0.0021598 -0.00170337 -0.00967375 0.000666225 0.00759913 -0.0029776 -0.0115867 -0.000876593 -0.00505408 -0.0169181 -0.00415299 0.00283525 -0.00266052 -0.00545465 -0.00298723 -0.00317125 -0.00463292 -0.00269317 
-0.00264726 -0.00324455 0.00803657 -0.0301034 0.0240423 0.0292657 -0.0144769 0.0116519 -0.0163163 0.212053 -0.0197647 -0.00732557 -0.00902944 0.0123309 -0.0477403 -0.0172216 0.0187951 -0.0303337 -0.00361043 -0.00151798 0.0132961 -0.00376882 0.0267711 -0.0152357 -0.0387881 -0.0107056 0.0463365 -0.00993431 -0.00828331 0.0176029 -0.00667865 -0.000535727 -0.0127022 -0.0264261 0.022706 0.000157809 -0.016877 -0.00607935 0.00475 -0.0128487 -0.00195539 -0.0149296 -0.00996336 -0.00358394 -0.0024829 0.000533495 0.00225202 0.0015228 -0.0060891 0.0123663 -0.00264932 0.00123066 0.00196109 -0.011948 0.0031129 -0.00402424 0.0220561 -0.0170362 0.000198886 -0.00829406 0.00283836 0.00483409 -0.00146803 -0.00373372 -0.00618711 0.0163048 -0.0110934 0.000333636 -0.00240863 -0.000939632 -0.00807635 -0.00174776 -0.0114554 -0.00459142 -0.00527478 0.0162936 0.00592182 -0.000121449 -0.00118689 -0.0118522 0.00274314 -0.0111168 -0.000298566 -0.00193449 -0.000447961 -0.00121247 -0.00328003 0.00591831 0.00758687 0.00135818 0.00133665 0.0242013 -0.00636531 -0.00309656 0.000418787 -0.0129515 -0.0226079 0.00458259 -0.000755584 0.00165293 
0.00201599 0.00206747 0.0137807 0.013102 -0.0288622 -0.0212058 -0.00759293 -0.00548911 -0.0010908 -0.0197647 0.194265 -0.00132102 0.00175664 0.00343846 0.0235611 0.016164 0.00849491 0.00676345 -0.00858067 -0.00397686 0.0150562 -0.000897599 -0.0193777 0.00886127 -0.011933 0.0108206 -0.00739299 0.0163168 0.00435906 -0.00550814 0.00229597 -0.00881562 0.00719332 0.0245901 -0.0109146 0.000108734 -0.000812246 -0.00424103 -0.0100633 -0.00607972 -0.00742428 0.00124023 -0.00180633 -0.0030902 0.00114496 -0.00544316 -0.00155875 -0.00528039 0.00532571 -0.0137112 -0.00566957 -0.010256 -0.000863698 0.000808684 -0.000974151 -0.00334472 -0.00275612 -0.000206323 -0.00513755 -0.00464246 -0.000995712 -0.000653369 0.00245932 -0.00221824 -0.00390286 0.00186694 0.00768801 -0.00221747 -0.00507208 -0.00206705 0.00220661 0.00293414 -0.00560473 -0.00353687 -0.00792217 -0.0073533 0.00173837 -0.00142438 -0.000297856 0.000687038 -0.000549474 -0.0114218 0.00187471 -0.00197376 -0.0229174 0.00107559 -0.000891555 -0.00176141 -0.00457914 -0.00043019 -0.0050093 -0.018 -0.00211258 -0.00242424 -0.00183199 0.0045524 -0.0161963 -0.0128189 -0.00302632 -0.00531921 
0.000737021 -0.000966456 0.00497341 0.00266295 -0.000648346 -0.00423531 -0.000468142 -0.000359996 -0.00127642 -0.00732557 -0.00132102 0.0482741 0.00344607 -0.00316279 -0.00292776 -0.00140791 -0.00150247 -0.00515753 -0.010065 -0.0124033 -0.00386261 -0.0043506 0.0067274 0.0036532 -0.007014 0.000452428 -0.00193465 0.000839311 -0.00137018 -0.0043903 0.000107146 -0.00197799 -0.000557799 -0.00255194 -0.00257326 0.000490266 -0.00177478 -0.000670984 -0.00330701 -0.00107895 0.00155057 -0.000706104 0.000681698 -0.000526735 0.00117219 -0.000729093 0.000881504 0.00155133 0.000120035 -0.00235274 0.000419464 -0.00716953 -0.000584703 0.00375668 0.000257431 0.000730482 0.00090741 -0.000220137 -0.000447182 0.000293978 -0.000586888 0.000922892 0.000305782 -0.000289945 0.00107253 0.00110157 -4.62705e-05 -0.000690594 0.002039 0.00151896 -0.00145427 -0.000529668 0.00405112 0.000662879 -0.00182786 -0.000859697 0.000203641 7.24762e-05 -2.33484e-06 0.000460774 0.000153931 -0.000845282 0.000423406 0.00031171 0.0020914 0.00039139 -0.000522949 0.00160645 0.00246545 -0.000317365 0.00157519 -0.00334668 0.000344891 -0.000576621 -0.000226341 0.00191601 0.00266225 0.00235965 0.000172616 0.00193009 
0.0013941 0.00137406 0.00279331 -0.00786758 0.00575853 -0.00155275 -0.00026232 -0.00594222 -0.000750093 -0.00902944 0.00175664 0.00344607 0.0758629 -0.00371432 -0.00196035 0.00866975 -0.00370975 -0.0036492 -0.00325076 -0.0112452 -0.00486011 -0.000520822 -0.00842946 0.00398461 -0.00587284 -0.00371974 -0.00803546 -0.00950917 0.00129645 -0.00211245 -0.000587369 -0.00548438 0.000817315 0.000298569 -0.000999068 -0.00150799 0.000690748 0.00157202 -0.00122822 -0.00105835 -0.000499644 -0.000812629 -0.00247128 0.000913859 0.000205731 0.00452349 0.000516088 0.00104776 -0.00327011 -0.00158634 -0.00137017 -0.00490888 0.000215057 -0.00246041 -0.000342685 0.000582905 -0.000452837 -0.000490444 0.00125601 0.000671193 -0.00062295 -0.0028721 -0.00032192 0.00172962 0.00195132 -0.00105127 0.0035421 -5.49422e-06 -0.0018601 0.000130192 0.000203494 -0.0012808 0.00218581 0.00137688 0.00147247 -0.00213668 0.00177263 0.00102267 0.000382624 0.000172742 -0.00201839 -0.00422366 0.000246006 0.00264636 -0.00357644 0.00259192 -0.00142174 0.000399339 -0.000386382 0.00100775 0.00592351 -0.00889232 0.00244129 0.000228956 0.000447258 0.00073647 0.00264185 0.00164353 -0.00142821 0.00107926 
-0.00195263 0.00535645 0.00610058 -0.00753838 -0.00839732 -0.00937964 0.00282018 0.00867702 0.0125651 0.0123309 0.00343846 -0.00316279 -0.00371432 0.141924 -0.0126434 -0.0112859 0.0161997 -0.00353745 -0.0082884 0.0064507 0.0160667 -0.00238922 -0.0150827 -0.0131135 -0.0262216 -0.00855462 0.0114079 -0.00641084 -0.00032515 -0.00291715 0.00191074 0.00977747 -0.00296146 -0.0112607 1.47734e-05 -0.00119941 -0.00837005 -0.00832615 -0.00621238 -0.00185306 -0.00217286 -0.00827898 0.00267357 -2.9522e-05 -0.000566479 0.00548827 -0.00136138 0.00328032 -1.67978e-05 -0.00541113 8.20571e-05 -0.0061219 0.000397881 -0.000348276 0.000604251 -0.00277222 -0.000579635 0.00424922 4.62773e-05 -0.00220207 0.000556849 0.00407754 0.00975131 -0.00146404 -0.00189582 -0.00236152 -0.00440036 0.000316443 -0.00500931 -0.00215205 -0.00106491 -0.00460466 0.000870492 0.000500075 -0.00501015 0.00538919 0.00367992 0.00172106 -0.000798417 -0.00425869 -0.000760356 -0.00519186 0.00149395 0.000394815 -0.00922168 -0.00240682 0.00733462 0.00269795 -0.00475319 -0.000865105 -0.00373951 -0.00623014 -0.0029448 -0.000955448 0.00135363 -0.00686669 -0.00788475 -0.0077508 -0.00394501 -0.000505014 
-0.000955156 0.00151448 -0.0139339 0.0247584 -0.0181306 -0.0282911 0.0109732 -0.00616324 0.00798963 -0.0477403 0.0235611 -0.00292776 -0.00196035 -0.0126434 0.244564 0.00117259 0.00343069 0.0287578 0.0268675 0.00151478 -0.0318503 -0.0325405 -0.0349027 -0.00318071 0.0121966 -0.00948544 -0.0305015 0.000379313 -0.00125153 -0.0145733 0.00748305 0.00867575 0.0050929 0.00705482 -0.0225608 -0.00396599 0.00333373 0.00117626 -0.0114961 0.00537959 -0.00735079 0.00911087 0.00927288 -0.00176633 -0.00258543 -0.0142624 -0.00766017 -0.0057741 0.00151254 -0.014792 -0.00559903 0.00362719 0.000155975 0.0097296 -0.000815196 -0.00141278 -0.0169133 0.00783095 -0.000232206 -0.00523206 0.00241529 0.00191672 -0.00342613 -0.00232006 -0.00273481 -0.00718342 0.00805741 -0.000806377 -0.00107953 -0.00502212 -0.000644694 0.000825705 0.00646313 -0.00220411 -0.000606658 -0.0133055 -0.00410648 -0.00239236 0.000798689 0.00576648 -0.00227036 -0.00913632 -0.00125891 0.00148053 -0.0100099 -0.00222873 -0.00191205 -0.00382704 -0.00145 -0.000971148 -0.0087985 -0.0231723 -0.000792413 -0.000352429 -0.00366002 0.00902842 0.0207328 0.00601399 -8.40199e-05 -0.00140882 
-0.00148112 -0.00204376 -0.00389203 -0.00865762 -0.0181903 -0.00722694 0.000384816 -0.0109562 -0.000628731 -0.0172216 0.016164 -0.00140791 0.00866975 -0.0112859 0.00117259 0.164542 -0.00896881 0.0133323 -0.0105982 -0.0344391 -0.0177064 -0.0150051 0.00505479 0.0137164 -0.00512837 0.0016818 -0.00215566 -0.0187208 0.00354747 -0.00225904 0.0164132 0.00745897 0.00324957 -0.00787826 -0.01161 -0.00508743 0.00693345 0.00616834 -0.0104585 0.0132627 -0.00229172 -0.00130199 -0.00590339 -0.00128594 -0.00101033 -0.00569636 -0.000396869 -0.00543619 -0.000229879 -0.0120809 1.95175e-05 -0.0164061 -0.000709301 -0.0010146 -5.06708e-06 -0.000110679 0.00392772 0.00183315 -0.00131274 0.00326098 0.00181957 -0.00251917 -0.00342276 0.00198998 0.00496075 0.000799733 0.0104566 0.000636013 -0.000295568 0.00162881 0.00375709 -0.00208807 -0.00227974 0.00217825 -0.00274705 -0.00653223 -0.00216548 -0.000367182 -0.000782671 0.00332576 -0.000111148 -0.00437958 -0.000929968 0.00218732 0.00437224 0.00343673 -0.00380668 -0.000864271 -0.00538115 0.0014312 0.00975182 -0.0129388 0.00435694 0.00115535 -0.000720575 0.00497469 -0.00486664 0.00034436 -0.00253519 -0.00642321 
-0.00732119 -0.00280037 0.00257702 -0.000492857 0.0122061 0.0367322 -0.001025 -0.00535822 -0.0123464 0.0187951 0.00849491 -0.00150247 -0.00370975 0.0161997 0.00343069 -0.00896881 0.22877 0.00492726 -0.00728145 0.0163341 -0.00903104 -0.0271095 -0.0202858 -0.0104227 -0.0465603 -0.0100188 -0.0198779 0.0258983 -0.0102186 0.0286663 0.00493649 -0.0122034 -0.00363196 0.0153618 0.00133962 0.00361034 0.00499015 -0.00945196 0.000487182 0.000854155 0.000452482 -0.0101961 -0.0112771 -0.00172401 -0.000513741 0.000705764 -0.00281503 -0.0116861 0.00718937 -0.00621492 -0.0045783 -0.0193373 -0.00221652 -0.00332646 0.00284698 -0.00564031 0.00529216 -0.00313617 -0.00113277 -0.00621407 0.00272744 0.0142395 -0.00992937 -0.00261573 0.000111004 -0.00532096 -0.00312483 0.000418936 -0.00159488 -0.00366953 -0.00980424 -0.00184324 0.00555537 -0.00472528 -0.00182282 -0.000951556 -0.00277979 -0.000180532 0.000647322 -0.00967869 -0.00489766 -0.000437279 0.000146519 0.000493198 -0.0166386 -0.00312535 -0.0020929 -0.00178944 -0.00752199 0.00174423 -0.00836255 -0.00538787 -0.00163957 -0.00561176 -0.000856294 -0.0105743 -0.0105058 -0.0100528 -0.00254698 -0.00747213 
-0.00241486 0.00777738 -0.0134658 0.0111013 -0.0196949 -0.0323241 0.00203647 0.00328466 -0.00342347 -0.0303337 0.00676345 -0.00515753 -0.0036492 -0.00353745 0.0287578 0.0133323 0.00492726 0.214662 0.0169292 -0.00118553 -0.0182436 -0.0304565 0.0152608 0.00678296 0.0191832 -0.0135491 -0.0203671 -0.0228883 -0.0128289 -0.00975348 0.00208951 -0.00153653 -0.0023347 0.0233813 -0.013863 -0.0135948 -0.00655324 -0.000638266 -0.016036 0.00649082 -0.00177107 0.00866659 0.00390792 -0.00121689 0.000208164 0.0123005 -0.00253499 -0.0099384 -0.00479643 0.00827401 -0.00177025 0.0277504 -0.00746451 -0.0018354 -0.0034547 -0.00453251 -0.0187554 -0.00643955 -0.00259338 0.00116999 0.0032631 2.66746e-05 -0.011096 -0.00459188 -0.00294735 -0.00448536 -0.000401627 -0.00159394 0.00104822 -0.00217285 0.00142754 0.00163762 0.0188625 -0.00190138 -0.00534173 -0.0140424 -0.0107513 -0.00349896 -0.00285851 0.00398143 -0.00694846 -0.00276823 -0.00242251 -0.00555555 -0.0085164 -0.00615979 -0.00224404 -0.00125177 0.00231843 -0.000973047 -0.0104886 -0.00854312 -0.00244805 -0.0070302 0.00149249 0.00698368 0.0110623 0.00086343 -0.0028874 0.000848094 
-0.00112027 -0.0015661 0.000226738 -0.00918594 -0.0149652 0.0106054 0.000361363 -0.00175703 -0.005171 -0.00361043 -0.00858067 -0.010065 -0.00325076 -0.0082884 0.0268675 -0.0105982 -0.00728145 0.0169292 0.211131 0.018108 -0.000845976 0.00068578 -0.0182643 -0.0158509 0.0144004 -0.0132117 -0.0459719 -0.000405911 -0.00489393 -0.00506111 0.00761381 -0.000142272 -0.00621949 0.0286003 -0.0125959 -0.00412266 0.00229545 0.000771944 0.0139823 0.000103464 -0.00329065 0.000495208 -0.0055336 -0.00223508 -0.00434959 0.00770097 -0.00335417 -0.0148207 -0.00305624 0.00972531 -0.00442185 0.0279267 -0.000595512 0.000966039 -0.00191269 -0.0019263 -0.0173668 -0.0106883 -0.00225617 -0.00150771 0.00408502 -0.00550454 -0.000275684 0.00109818 -0.0132395 -0.0213408 -0.00295963 -0.000373931 -0.000673729 -0.00088803 0.00832928 0.00383538 -0.00620078 -0.00395838 -0.00521256 -0.00736587 -0.00829514 -0.000724427 -0.000889741 -0.00163591 -0.00945681 -0.00353745 -0.00242078 -0.000408352 0.00382117 -0.00777587 -0.00315712 -0.00566464 0.00222239 -0.00239504 -0.00858887 0.000636076 -0.0018614 -0.00347237 -0.00436716 -0.0123301 0.0140654 -0.000498501 -0.000616575 -0.00115836 
-0.000842267 -0.00494583 -0.0135337 0.016052 0.0123196 0.0282272 0.000896114 -0.00520878 0.0064846 -0.00151798 -0.00397686 -0.0124033 -0.0112452 0.0064507 0.00151478 -0.0344391 0.0163341 -0.00118553 0.018108 0.201336 0.00467099 0.0111294 -0.0421743 -0.031452 0.0181448 -0.00997589 -0.0219615 -0.00372982 -0.0100766 0.0179983 -0.0238989 -0.00639116 -0.00452128 0.0152426 0.00220445 -0.00356039 0.0102215 -0.0157211 0.0203858 -0.0142745 -0.0021299 0.00271952 0.00190427 0.00120921 -0.00192224 0.0149751 -0.00356258 -0.00224034 -0.00041336 0.00650452 -0.00391197 0.0352341 -0.00141967 -0.00764036 -0.0021377 0.00139899 -0.00635899 -0.00679461 -0.00427576 0.000360871 -0.00583552 -0.0013406 -0.0116131 -0.00258915 -0.00248402 -0.0107183 -0.00590713 -0.000271686 0.000700822 -0.0039375 -0.0056386 -0.00260616 -0.00219918 -0.0122002 0.00805814 -0.000397503 -0.00667101 -0.00165602 -0.000731601 -0.00548206 -0.00596902 0.00568353 -0.00660249 -0.00115429 -0.0113724 -0.00423366 -0.00653069 -0.0146155 -0.011639 -0.00237936 -0.0178164 0.018342 -0.00430363 -0.00133937 -0.000761874 -0.0128626 0.0152135 -0.0145762 -0.00475601 0.00300983 
0.00487976 0.00281878 0.0168889 -0.0121942 -0.00111895 -0.00200277 -0.0121061 -0.0224841 -0.00200481 0.0132961 0.0150562 -0.00386261 -0.00486011 0.0160667 -0.0318503 -0.0177064 -0.00903104 -0.0182436 -0.000845976 0.00467099 0.245953 0.0288458 -0.00187627 0.0160133 -0.0151014 -0.0237323 0.0230575 0.0301672 -0.0139345 0.0186436 -0.0338691 -0.0129773 0.00173301 -0.0180406 -0.000665112 0.00740157 0.00659085 -0.0131655 -0.00354743 -0.0139018 -0.000105438 -0.00654611 0.000938087 -0.000106329 0.000868778 -0.0170551 0.00558909 0.00450877 0.00475367 0.00919985 0.00400528 0.0054855 0.00271767 -0.00677203 -0.00222778 -0.00543882 0.00255121 0.011474 0.00336206 -0.00884076 -0.00512992 -0.00631856 0.00933817 -0.00297826 -0.00584752 -0.00441296 -0.00867634 -0.00518686 -0.0147947 -0.00214333 0.00369252 -0.0096511 -0.0197224 -0.00391806 -0.00500364 0.00634514 0.00482021 -0.000753698 -0.00142622 -0.007005 -0.00263276 0.000626255 -0.00369065 -0.00600727 -0.0150406 -0.00546578 0.000873337 -0.00069901 -0.00382903 -0.00266481 -4.45788e-05 -0.0112221 -0.00718054 -0.00111968 -0.00099974 -0.00909688 -0.0143252 0.000177771 0.000347111 -0.0105554 
-0.00192944 -0.00288098 0.000946526 -0.0193038 0.000917324 -0.00549368 -0.00465331 -0.00191952 0.00390105 -0.00376882 -0.000897599 -0.0043506 -0.000520822 -0.00238922 -0.0325405 -0.0150051 -0.0271095 -0.0304565 0.00068578 0.0111294 0.0288458 0.217071 -0.0222605 -0.0106034 0.0127351 -0.0116247 -0.0084427 0.000790171 -0.00205787 -0.0071174 -0.0162274 0.00734768 -9.22218e-05 0.025353 -0.0101049 0.00358355 0.0182715 -0.00841606 0.00595197 -0.00549256 -0.00215166 0.000960553 -0.0130433 -0.00292991 -0.00168044 0.0010979 0.000757821 0.00974396 -0.000998479 0.00168445 0.00127708 -0.00360924 -0.000650028 -0.0030436 -0.00348063 0.000816231 0.0016151 -0.0104126 -0.00234194 0.000261599 -0.00713847 -0.00700539 0.0130721 -0.000700536 -0.00553128 -0.00316993 -0.00343656 -0.000905564 -0.00303827 -0.00380136 -0.00640617 -0.00564849 -0.0156142 -0.00639977 0.0111024 0.00586151 0.00749995 0.00236611 0.000688644 -0.000639291 -0.00200758 0.0121131 -0.00141227 -0.00144534 -0.0134318 0.00198179 -0.000969605 -0.00135648 -0.00987756 -0.000534673 -0.00187411 0.00424225 -0.00258656 0.0040723 -0.000136383 -0.00274251 0.00608532 -0.00847697 -0.00085052 -0.00769138 
-0.00231102 -0.00990044 0.0185005 -0.0115358 -0.00914889 -0.0335131 -0.0172584 0.0271203 -0.0244133 0.0267711 -0.0193777 0.0067274 -0.00842946 -0.0150827 -0.0349027 0.00505479 -0.0202858 0.0152608 -0.0182643 -0.0421743 -0.00187627 -0.0222605 0.239101 0.0229379 -0.0219943 0.00212088 0.0487745 -0.0206042 -0.00769049 0.000287267 0.0206641 -0.00618248 -0.00414654 -0.023253 -0.00792901 -0.00305333 -0.0208966 0.00135274 -0.0201666 -0.012241 0.00374385 0.00579642 -0.000421927 -0.00886092 0.00134985 -0.00125836 -0.00142625 -0.00459114 -0.006366 0.00523094 -0.000274699 0.00216729 -0.00472873 -0.00133919 0.00171834 -0.00501805 0.0101093 -0.0136256 -0.000341615 -0.00185674 0.00160371 -0.0130061 -0.0044546 -0.0025803 0.00112682 0.023498 -0.00603148 -0.000896266 0.00555986 -0.00147859 -0.00140369 0.00521615 0.0100574 0.00173861 -0.009409 0.00559635 -0.00150484 -0.002103 -0.00229195 -0.00715462 0.00991885 -0.00794334 0.00443475 -0.00361631 0.0133167 -0.000614642 0.00325803 0.0050491 0.0057218 -0.00263495 0.0189655 0.00332256 -0.0026973 -0.00462828 -0.00204974 -0.00984684 -0.0118985 0.0105466 0.00200619 -0.00847991 
-0.000892032 -0.00395707 0.00689981 -0.00106336 0.00777804 -0.0298632 -0.0134982 -0.0185179 -0.0125371 -0.0152357 0.00886127 0.0036532 0.00398461 -0.0131135 -0.00318071 0.0137164 -0.0104227 0.00678296 -0.0158509 -0.031452 0.0160133 -0.0106034 0.0229379 0.249944 -0.0242378 0.0102532 0.0187602 0.0153316 -0.00564545 -0.0240406 0.003269 -0.00462518 0.00367624 -0.0274007 -0.0128564 -0.0012332 -0.00361039 0.0028445 -0.0209776 -0.000997046 -0.00739366 -0.00775324 -0.0022013 -0.000631084 0.00195685 -0.025887 0.00314965 0.00584055 0.00583784 -0.00349421 -0.00114713 -0.0140773 -0.00404082 0.0024848 -0.003441 -0.006163 -0.0095135 0.0208231 0.00986508 -0.00289509 0.00302495 -0.000907642 0.00362058 0.00415376 -0.000704804 0.00509354 -0.00560342 -0.00592621 -0.00275744 -0.0018284 0.0053878 0.00382319 0.000205102 -0.00367364 -0.00891977 -0.00328586 0.000116766 -0.0029747 0.000958565 -0.00202134 -0.00133534 -0.00268925 -0.00173291 -0.0053612 -0.00970275 -0.00132547 0.00296035 0.00376506 0.00286406 4.67932e-05 0.017111 -0.0207689 -0.00693389 -0.00168009 -0.00392232 0.00946079 0.00058301 -0.0120328 -0.000461657 -0.00683948 
0.00218294 -0.00166137 -0.0179198 0.0172587 0.00279784 0.0082248 0.0109081 -0.0360968 0.0212781 -0.0387881 -0.011933 -0.007014 -0.00587284 -0.0262216 0.0121966 -0.00512837 -0.0465603 0.0191832 0.0144004 0.0181448 -0.0151014 0.0127351 -0.0219943 -0.0242378 0.249227 -0.0128405 -0.0192061 -0.0152699 0.0032024 0.002346 -0.0193634 -0.000179804 0.00629679 0.00428453 0.00668345 -0.00482963 0.00693905 0.00839088 0.0139231 0.00637525 0.00221046 0.00980255 -0.0047479 0.00146019 -0.00236849 -0.00829571 -0.000885086 -0.009625 -0.00542977 -0.00642064 0.00277947 0.0330716 -0.00687408 -0.00435121 -0.00372669 0.00413232 -0.00679106 -0.0114906 -0.00278637 0.00938996 -0.00873214 -0.0145152 -0.0155994 -0.000420242 -0.00430596 -0.0120789 -0.00148035 -0.000730215 -0.00300413 0.00312603 -0.00335902 -0.00763346 0.000235506 0.00469012 -0.0048095 -0.00687645 -0.00851227 -0.000358555 -0.00185345 0.00411179 -0.00611122 0.00333224 -0.00305944 -0.004064 0.00716972 -0.00353283 -0.00853345 -0.0111151 -0.0140645 -0.00132425 -0.00316105 0.0234755 -0.00240941 0.00206492 -0.00381593 0.0051521 0.010661 -0.00739972 -0.00390703 -0.00306574 
0.00169292 0.000205945 -0.00648867 0.00490524 -0.0147506 -0.0120437 -0.00226598 0.015018 -0.00363605 -0.0107056 0.0108206 0.000452428 -0.00371974 -0.00855462 -0.00948544 0.0016818 -0.0100188 -0.0135491 -0.0132117 -0.00997589 -0.0237323 -0.0116247 0.00212088 0.0102532 -0.0128405 0.170567 0.0214669 0.014189 0.0101007 -5.36759e-06 -0.000150457 -0.00675845 0.00439205 -0.016118 0.0114335 -0.00281575 -0.0125238 0.0127352 -0.00869863 -0.00657138 -0.00615006 -0.00520032 0.00246457 0.000143358 0.000465452 -0.0103712 -0.000857431 -0.000764963 -0.00201564 -0.0145637 -0.00148203 -0.0325842 0.00150303 0.00564975 -0.000638145 0.0028041 -0.00480315 0.00302661 -0.000428883 0.00238405 -0.00158215 0.00397535 -0.00540917 -0.000601399 0.00215036 0.00492888 0.0103853 0.00281143 0.00569574 -0.0020181 0.00846771 -0.00292001 -0.0121752 -0.000321702 0.00108559 -0.00780717 -0.00307024 -0.00192512 0.000733144 0.00769605 -0.000574368 0.00324368 -0.00241826 -2.31871e-05 -0.00380292 0.00181536 0.00336859 0.00261459 0.00882133 -0.000626805 -0.00173039 -0.00495966 0.00231883 -0.00245334 -0.00078948 -0.00829453 -0.00902985 -0.00625119 0.000525808 -0.00222456 
-0.00374409 -0.00031607 0.0132256 -0.0164953 0.000813988 -0.014189 -0.00660379 0.016099 -0.00846835 0.0463365 -0.00739299 -0.00193465 -0.00803546 0.0114079 -0.0305015 -0.00215566 -0.0198779 -0.0203671 -0.0459719 -0.0219615 0.0230575 -0.0084427 0.0487745 0.0187602 -0.0192061 0.0214669 0.23216 -0.0192545 -0.00791776 0.00826097 -0.0116449 0.0121697 -0.00984686 -0.0321724 0.00010267 0.00549216 -0.0194912 -0.00212481 -0.0217909 -0.00545338 -0.00846154 -0.00314517 -0.00109069 -0.00420296 -0.000309751 -0.00333474 0.000131469 0.00907192 -0.00832171 0.00465405 -0.00365536 -0.00436875 0.00695173 -0.00434503 -0.000801814 -0.00516605 0.0119984 0.00241514 0.00264642 -0.00626673 -0.00297785 0.0021369 -0.00727889 -0.00335718 0.00289184 0.014048 -0.00195559 -0.0012213 -0.00809074 -0.00434088 0.00409844 0.00358133 -0.0196033 0.00168675 -0.00223558 0.00121352 0.00566195 -0.00119081 -0.000486921 -0.0113383 0.00539195 -0.0123603 -0.0009034 -0.00430416 -0.00584208 -0.000303541 0.00168305 0.00522813 0.00950947 -0.0019716 0.00432146 -0.0064747 -0.00857526 -0.00218861 0.00107637 -0.00553405 -0.0199655 -0.0031622 -0.000180062 -0.00385224 
0.00168375 0.00109554 0.00894362 0.00329673 0.00682645 0.0025078 0.000463564 -0.0212985 -0.0170228 -0.00993431 0.0163168 0.000839311 -0.00950917 -0.00641084 0.000379313 -0.0187208 0.0258983 -0.0228883 -0.000405911 -0.00372982 0.0301672 0.000790171 -0.0206042 0.0153316 -0.0152699 0.014189 -0.0192545 0.210758 -0.0100999 0.00671166 -0.0122251 -0.0195278 0.00442228 0.00647545 0.00317664 0.000445312 -0.00175113 -0.00208892 0.00384406 -0.00672039 0.00158809 -0.00835869 -0.00457494 0.00122337 0.000319413 -0.0145173 0.00409646 -0.00303502 0.00371234 -0.0121349 0.00159587 -0.0271543 -0.0045403 -0.00198436 -0.000990044 -0.00148792 -0.00596472 0.00811563 -0.002344 -0.00884399 -0.00373202 0.00668604 0.00830498 0.000785928 -0.00122743 -0.0117378 -0.00685321 -0.00203255 -0.00687306 -0.00267498 0.00383892 -0.00438033 -0.00973808 -0.0059891 -0.00468205 -0.00148904 -0.000219739 -0.00161444 0.000287066 -0.0110122 -0.000658817 0.00991775 0.000937602 0.00280319 -0.000874968 -0.000443464 -0.00272866 -0.00282209 -0.00229314 -0.00043448 -0.00658369 0.00138947 -0.00410667 -0.00309882 -7.62154e-05 -0.00117187 0.00103802 -0.00341031 0.00453139 -0.00938239 
-0.000618715 -0.00162789 -0.00780781 -0.00327585 -0.0141187 0.00538928 -0.0028616 0.00538863 0.00571639 -0.00828331 0.00435906 -0.00137018 0.00129645 -0.00032515 -0.00125153 0.00354747 -0.0102186 -0.0128289 -0.00489393 -0.0100766 -0.0139345 -0.00205787 -0.00769049 -0.00564545 0.0032024 0.0101007 -0.00791776 -0.0100999 0.0990063 -0.00525693 0.0066513 0.00469834 0.000407234 -0.00288901 0.00570835 0.000168579 0.00193291 -0.000451371 -0.00202803 -0.00114669 -0.00103375 -0.00414218 -0.00493315 0.000751103 0.000636488 -0.00683551 -0.00127431 -0.0054589 -0.00165089 -0.000392117 0.000858075 -0.00769331 0.0031799 0.000470553 0.000144964 -0.000352965 0.00135111 -0.00277516 0.000872182 0.00144723 0.000668086 -0.00284877 0.00106464 0.00317384 -0.00108529 0.00307892 0.00220879 -0.00139331 0.000949259 -0.000493004 -0.00349061 0.000583018 -0.00165791 0.0053249 -0.000138611 -0.000243349 0.00209508 -0.000422218 0.000779963 -0.00129936 0.00431319 -0.00100144 0.0010959 -9.15233e-06 0.00600793 0.0023017 -7.4976e-05 -0.00104687 4.07975e-05 0.000183692 0.00382133 -0.00570834 0.00438741 -1.05651e-05 4.57072e-05 -0.000675288 -0.00848434 -0.000639098 -0.00306921 -0.000398604 
-0.0069811 5.15427e-05 -7.48944e-05 -0.00694309 0.000257119 0.0254231 -0.000872637 -0.00561105 -0.00589142 0.0176029 -0.00550814 -0.0043903 -0.00211245 -0.00291715 -0.0145733 -0.00225904 0.0286663 -0.00975348 -0.00506111 0.0179983 0.0186436 -0.0071174 0.000287267 -0.0240406 0.002346 -5.36759e-06 0.00826097 0.00671166 -0.00525693 0.238344 -0.0124826 -0.00724707 -0.0050664 -0.0190889 0.000108676 -0.00289849 0.00056926 -0.00511736 0.00676656 0.00282106 0.00365297 -0.017662 -0.0117962 -0.00257721 -0.000993341 -0.0152416 0.00157246 -0.00259932 -0.00461443 -0.00342659 0.000824991 -0.0205629 0.00247556 -0.00965616 0.00350996 -0.0011574 0.0116455 -0.00839335 -0.00722685 -0.00369182 0.00250987 -0.00795704 -0.0126722 -0.00434743 0.00146732 0.00111391 -0.00886273 0.00184767 -0.00132613 -0.00394604 -0.00913604 -0.00456598 -0.0124309 -0.00417895 0.00239415 0.00674841 -0.000259868 -8.03914e-05 -0.000679661 -0.0158787 -0.00298084 -0.00334127 -0.00255171 -0.00283685 -0.0120872 -0.00098774 -0.00570966 -0.00466618 -0.00607285 -0.000211899 -0.00071608 0.0126702 0.00171607 0.00418741 -0.00425383 -0.0186754 0.000648881 -0.00694279 0.00229409 -0.0069121 
-0.000799518 -0.00125087 -0.0027883 -0.0173017 -0.00584167 -0.00463886 -0.00153641 0.0119523 -0.00728776 -0.00667865 0.00229597 0.000107146 -0.000587369 0.00191074 0.00748305 0.0164132 0.00493649 0.00208951 0.00761381 -0.0238989 -0.0338691 -0.0162274 0.0206641 0.003269 -0.0193634 -0.000150457 -0.0116449 -0.0122251 0.0066513 -0.0124826 0.131017 0.0105097 -0.00226798 -0.00638389 -0.00128187 0.00200016 -0.00986315 0.00147696 -0.00369629 0.00304883 -0.00222059 0.00658501 -0.00188953 -0.00126691 0.000266418 -0.000596981 -0.00290448 -0.00624311 -0.000644649 -0.00360471 -0.0029405 -0.0121917 -0.00014273 0.00476529 0.000606705 -0.00058952 -0.000107852 -0.00171003 -0.0036435 -0.00299619 0.0072404 0.00171359 0.00244868 -0.000736801 0.00159082 0.000232631 -0.00135243 0.000207708 0.00654711 -0.000510324 0.000615747 0.00509192 0.0020479 -0.000692081 -0.0016988 -0.0020584 -0.00227129 1.19869e-05 -0.000625891 -0.000108178 0.00544478 -0.00755492 0.00450644 0.00227675 -0.000951454 0.000675229 0.00166717 0.00092716 -0.000486526 -0.000166987 -0.00555298 -0.00689548 0.00574297 0.00091046 -0.000558867 -0.00127559 -0.0108375 -0.00462295 -0.0029055 0.00205987 
-0.00203154 -0.000709637 0.00636321 -0.019094 -0.00989248 -0.00324263 -0.00303999 0.01367 0.0174799 -0.000535727 -0.00881562 -0.00197799 -0.00548438 0.00977747 0.00867575 0.00745897 -0.0122034 -0.00153653 -0.000142272 -0.00639116 -0.0129773 0.00734768 -0.00618248 -0.00462518 -0.000179804 -0.00675845 0.0121697 -0.0195278 0.00469834 -0.00724707 0.0105097 0.129854 -0.00261469 -0.0101068 -0.00564003 0.00160269 -0.00125222 -0.00351564 -0.00926005 0.00518212 -0.00198684 0.00271657 -0.00458588 -0.0010304 -0.000140355 0.00160709 -0.00266083 -0.00191123 -0.00141547 -0.00481235 -0.00133188 0.00251662 0.00171483 -0.000284623 -0.000785893 -0.0027848 0.00679927 -0.00182964 -0.000270779 -0.00108715 0.00166277 0.00284367 -0.00262326 -0.00189628 -0.00361448 -0.00545919 -0.00439726 0.000350149 -0.00457307 -0.00187889 0.000562344 -0.00517772 -0.00555721 0.00350612 0.00365789 -0.00117802 0.00275595 0.000139525 -7.36085e-05 -0.00118402 -0.000326506 -0.00691021 3.62409e-05 -0.000416308 0.000783307 -5.23753e-05 -0.000433914 -0.000882053 -0.000211833 -9.5098e-05 -0.00393189 -0.0132567 -0.000187307 0.00312344 -0.000697421 0.00222116 -0.00827087 -0.00345751 -0.00376825 0.00062747 
0.00211196 -0.00132541 -0.00138998 0.00140368 -0.00480622 -0.00822 -0.0016762 -0.00603528 0.000954547 -0.0127022 0.00719332 -0.000557799 0.000817315 -0.00296146 0.0050929 0.00324957 -0.00363196 -0.0023347 -0.00621949 -0.00452128 0.00173301 -9.22218e-05 -0.00414654 0.00367624 0.00629679 0.00439205 -0.00984686 0.00442228 0.000407234 -0.0050664 -0.00226798 -0.00261469 0.0643866 0.00290607 -0.00209029 0.00267907 0.000569122 0.0028552 -0.00265036 -0.00206315 -0.00297619 0.00310749 -0.000478212 -0.00116597 0.00117035 -0.00234461 -0.0011494 -0.00164376 0.00142071 -0.00303196 0.000198266 -0.00292302 -0.000529309 -0.00155447 -0.000143642 0.000567308 -0.00319354 0.000614861 -0.00191167 0.000457225 -0.00109039 -0.000411308 0.0018256 0.000440433 -0.000248843 -0.00412228 0.000629586 -5.26469e-07 -0.00125353 -9.49748e-05 -0.000422764 -0.000733194 5.89833e-05 0.00304816 -0.00164329 -0.00274551 -0.00100326 0.000190359 0.00131374 0.00397439 0.000231667 -0.000101089 0.000319516 -0.00030442 -0.00167893 -0.000885246 0.000912751 -0.000117328 -0.00191244 1.26669e-05 -0.0020724 -0.00564507 0.00103487 -0.000127785 -0.000226016 0.00252187 0.0011423 -0.00319793 0.00136084 -0.00139616 
-0.00645849 0.00669527 -0.0118747 -0.000230719 -0.0217662 -0.0190324 -0.00188322 -0.000569122 0.00163776 -0.0264261 0.0245901 -0.00255194 0.000298569 -0.0112607 0.00705482 -0.00787826 0.0153618 0.0233813 0.0286003 0.0152426 -0.0180406 0.025353 -0.023253 -0.0274007 0.00428453 -0.016118 -0.0321724 0.00647545 -0.00288901 -0.0190889 -0.00638389 -0.0101068 0.00290607 0.211654 -0.00809899 -0.00642971 0.0227868 -0.00781802 -0.00287177 0.00055491 -0.0032926 0.0122668 -0.00464384 -0.00202456 -0.000873715 0.0310654 -0.00325671 0.00510723 0.00154488 -0.0022818 -0.00307182 0.00673602 -0.0035361 -0.00767244 -0.00317145 -0.00556633 -0.014397 -0.017447 -0.00883805 -0.00521082 -0.0026071 -0.00419123 0.000953851 0.00283166 -0.00487317 -0.0143338 -0.00026281 -0.000632556 0.000415396 -0.00443308 -0.00535704 0.00421928 0.00514358 -0.0103011 -0.00381105 -0.00890132 0.00182425 0.000478839 -0.00244042 -0.0044907 -0.00654826 -0.00435255 -0.000629021 0.00219325 -0.0076441 -0.000454189 -0.000923167 -0.00489955 -0.00642565 -0.000383894 -0.00491743 -0.00594234 -0.00210385 -0.00262584 -6.63647e-05 0.0108918 0.0155787 0.00796207 -0.000102101 -0.0155481 
