0.126404 -0.00141818 -0.00429474 0.000427948 -0.00158112 -0.00672971 -0.00258207 0.00205666 -0.00428822 -0.00604677 -0.0179207 -0.000737366 -0.00259709 -0.0137268 -0.0156186 -0.00900602 0.010554 0.00438734 -0.000104937 0.000261662 -0.000951338 0.000873646 -0.00844804 0.000921833 -0.00249477 -0.00362193 -0.00184377 0.00889472 -0.00826016 0.000417888 -0.000419785 0.00352287 -0.00343573 -0.00420587 -0.00771283 -0.00273228 0.000773411 -0.00149575 -0.00164191 0.000455902 -0.00395508 -0.00334622 0.00176884 -0.000954494 -0.00634596 -0.00133835 -0.00316993 -0.000898104 -0.00352402 0.00517405 -0.00169095 -0.000271915 0.000448555 0.000434709 0.00430208 -0.000260046 0.00198901 0.00141986 -0.00468452 0.000782743 -0.000219793 0.00047981 0.00623238 -1.18124e-05 -0.00323756 0.0117291 -0.0009945 -0.00240872 -0.00100202 -7.45066e-05 -0.000425112 -0.00116245 -0.00382345 0.00132592 0.000168124 -0.00294025 -0.00172278 -0.00041937 -0.000544342 -0.00123138 -0.00568066 -0.00532522 -0.00121321 -0.0141243 -0.000891797 -0.00112395 -0.00168337 0.00138104 0.00215639 0.00206916 0.00224971 -0.000370265 -0.0013539 -0.000895164 -0.00112809 0.00826593 -0.000248409 0.00690779 -0.000231486 -0.000392668 
-0.00141818 0.0625814 -0.000380626 0.000951606 0.00384815 -0.0018051 -2.92201e-05 -0.000636115 -0.00197268 -0.00620466 -0.00529368 -0.0027742 -0.00182205 -0.00251773 0.0021135 0.00527015 -0.001246 -0.0140735 0.00906145 -0.0116901 -0.0183708 -0.000210621 -0.00103449 0.000177943 0.00222215 0.00346916 -0.0071298 -0.000138788 0.0066415 0.000641951 -0.0024399 0.00182386 0.000401474 -0.00732115 0.00065076 -0.00105739 -0.00350664 0.00386388 -0.00125799 -0.00168878 0.00234103 -0.000998469 -0.000980693 -0.00204574 -0.000118204 -0.0027216 0.00183309 -0.00273572 0.000110508 0.00337949 -0.000331295 -0.00051368 0.000274183 -0.00137135 0.00261169 0.000575464 -0.00652634 -0.000422239 -0.0121158 -0.000212045 0.000699675 0.000195899 -0.00140413 0.000659652 -0.000644309 -0.00311318 -0.00155009 0.000962096 0.000669433 -0.00178391 -0.00121451 0.00371676 0.000525252 -0.00064351 -0.0017816 -0.000756473 0.0125971 0.000476777 1.60239e-05 -0.00140927 -0.00244397 0.00172272 5.85295e-05 0.0131064 -0.000968153 -0.011494 0.000725372 -0.00129685 -0.000737818 0.000985871 -0.000611859 0.000109877 -6.36248e-05 0.0030297 -0.00120968 0.00406561 -0.000284923 7.28504e-05 0.00147469 -0.000189472 
-0.00429474 -0.000380626 0.0593414 -0.000324901 -0.000428836 0.00366742 -0.000228328 0.000170544 -0.00648073 -0.00598867 0.00257491 6.15151e-05 -0.00565196 -0.00849872 0.0101732 0.00063508 0.00195953 -0.00275961 -0.00880422 0.00540394 -0.000371212 -0.000111906 0.000192241 -0.00677597 0.00357353 -0.000455629 0.00604734 -0.00181184 0.00889514 -0.0087254 -0.00291878 0.00219461 -0.000929685 0.000491531 -0.000224473 0.000682875 -0.00258188 -0.00187838 -0.000276414 -0.00233561 -0.000106411 0.000130914 -0.000907431 -0.00218815 0.00251521 -0.000992046 0.00245327 -0.00416932 0.00036085 -0.000872285 0.000208446 -0.000555974 0.00019776 -0.00114256 0.000602512 0.000298232 -0.00306521 -0.000346738 -0.0110537 0.00121797 -0.000425571 -0.00025742 -0.0038975 -0.00130691 0.000995492 -0.00563142 0.000103044 0.00150302 -0.00161897 0.0021347 -0.000266061 0.00120936 -0.000951926 -0.00151849 -0.000169373 -0.00218399 0.00236069 -0.00205044 -0.00035193 -0.000468201 -0.00496562 0.0040169 0.00021239 0.000252879 -0.000360552 -0.00774271 0.000845825 -0.000165764 0.000722987 0.000232731 -0.00128069 -0.000769175 -0.000181238 -0.000346153 0.00524017 -0.000124663 0.000473205 0.00172912 -0.000768532 0.00035904 
0.000427948 0.000951606 -0.000324901 0.0269967 -0.000436649 0.000640142 0.000783501 -0.000256565 -0.000952324 -0.00105345 -0.00145722 0.000473244 -0.00546084 -0.00164285 -0.00482319 0.000721008 0.000177169 -0.00232073 -0.000192728 0.000724515 -0.00346037 -0.00108541 0.000549321 -0.00281843 0.00166667 -0.0027557 0.00469774 0.00124013 -0.00222312 -0.00132859 0.000631092 0.000781177 -0.000183094 0.0023359 0.00329694 0.000412761 -2.43797e-06 0.000578719 0.00105818 0.00243264 -0.000107559 -7.31953e-05 -0.000285361 -0.000241261 -0.00134915 -0.000379172 -0.000810841 0.00102214 0.00107602 -0.00109978 -0.000328314 9.21937e-05 -0.000106892 0.000789639 0.00110074 -1.25587e-06 0.000111494 -7.10381e-05 -0.00390732 -0.000229242 2.33325e-05 0.000273609 -0.00175037 -0.000258989 0.000291096 0.00112444 0.00014851 -0.000178745 0.000331848 1.0514e-05 0.000291489 -0.000212508 -0.0001619 0.00010022 -0.000308757 0.000463077 -0.00169301 -4.93421e-05 8.40586e-05 -0.000868155 -0.00159911 -0.00105514 -0.000371162 -0.00159439 -1.06332e-05 -0.00554197 -0.000341161 0.000230831 -9.99272e-05 -0.000212479 6.25504e-05 0.000150308 0.000317635 0.000184793 -8.72069e-05 -0.00179616 -3.45669e-05 -4.65188e-05 0.000327213 -0.000143708 
-0.00158112 0.00384815 -0.000428836 -0.000436649 0.0522348 -0.00226252 -0.000370302 -0.000307089 -0.00328349 -0.00253485 -0.00373802 -0.00163316 -0.000531949 -0.00329283 0.00214237 0.00141905 -0.00310147 -0.0035648 0.00552599 -0.0104773 -0.006802 0.00317244 -0.00317213 0.000777524 0.00230393 0.00248769 -0.00374318 -0.0092734 0.000145922 0.000762933 0.00047611 4.82909e-05 0.000859611 -0.00168798 -0.00354101 -0.000714433 -0.00300001 0.000838048 -0.000241026 0.00147992 0.00273334 0.00177747 0.000504894 0.000206799 0.000818217 -0.00132442 -0.000857799 -0.000380144 -0.00116673 -0.00106093 -0.00061625 -0.000274407 -9.46821e-05 -0.00157641 -0.000133153 -3.01985e-05 0.00327415 -0.000224475 -0.00552904 -0.000967027 -0.000841979 -0.00025801 -0.000760926 0.00120619 0.000107429 -0.000268392 -4.36653e-05 -0.000310111 -0.000633241 -0.00111654 -0.00077911 -0.000344455 0.00302173 -0.000647068 -0.00238754 -0.00123135 0.00505134 -0.00189527 0.000399853 -0.00165413 0.00259822 -0.00118382 -0.000696961 -0.00285433 -0.000726575 -0.00288501 0.000203495 7.22624e-05 0.000336028 0.000223145 0.000378353 -0.000253018 0.000236236 -0.00103542 -0.00174901 0.00536602 0.000719129 0.000783123 -0.00028741 0.000258452 
-0.00672971 -0.0018051 0.00366742 0.000640142 -0.00226252 0.0928299 0.0022914 0.00439328 0.0069949 -0.00441917 0.000113546 0.00170548 0.0042322 -0.00209788 -0.00473883 -0.00744188 0.00195447 0.00147502 0.0068546 0.00760378 -0.0108708 -0.0208192 0.00509341 -0.0156048 -0.000288565 -0.000144406 0.00280069 0.00685073 -0.00319542 -0.0134936 -0.000520489 -5.6607e-05 0.00382304 0.000334412 0.0055265 -0.000355353 -0.00393207 -0.00253953 -0.00104606 -0.00354442 0.00332986 -0.00136277 -0.00287237 -0.0020119 0.00823339 -0.00291467 -0.00140032 -0.00132697 0.000243426 -0.00104786 -0.000547023 0.000353309 0.00127336 -0.00361297 -0.000238553 0.000707128 -0.0036661 -0.00126574 -0.00542131 -0.00186639 -0.00127494 0.000784477 -0.00668938 -0.00155656 2.21478e-05 -0.00282264 0.000358836 -0.00234508 2.87849e-05 0.00166925 0.00165048 -0.00113117 -0.00151455 -0.00125909 0.00339591 0.000191135 -0.00455773 0.00285093 -0.000892109 0.00183943 -0.000288491 0.00174045 -0.000534413 -0.00754527 0.00219682 -0.00731764 -0.00233913 -0.000664958 -0.00118559 -0.000577722 -0.00114312 0.000702721 -0.00148769 -0.00230025 0.0015762 -0.00514293 -0.000186676 -0.0018773 -0.000714531 0.000477274 
-0.00258207 -2.92201e-05 -0.000228328 0.000783501 -0.000370302 0.0022914 0.0432839 0.000390457 0.000686837 -0.00295202 1.63298e-05 -0.000230835 -0.00727258 0.00340441 -0.000485541 0.000569081 0.000393914 -0.00299889 -0.000469551 -0.000460021 -0.00173984 -0.00390728 -0.00180766 -0.00292046 -0.00297938 -0.000697725 -0.00288183 -0.00201696 -0.00228388 0.0012261 -0.00138455 -0.00130589 0.000190865 0.00500095 0.00328946 0.000193837 -1.02529e-05 0.0019668 0.000419018 -0.000326387 0.000505481 8.62117e-05 0.00242283 -0.000161303 0.000212659 -0.00268308 -7.04277e-05 0.000517807 0.00165716 -0.00207615 -0.000265627 0.00116946 0.000242804 0.00122422 -0.000492117 -0.000446155 -0.00142991 -0.000414913 -0.00672677 -0.000930772 -3.25097e-05 0.000279424 -0.0027248 5.12613e-06 -4.71533e-05 -0.000482031 -0.000575876 0.00199318 -0.000781182 -0.000698999 -0.00149842 -0.00102679 0.00121422 0.000935389 4.11491e-05 0.000714899 -0.00264124 -0.000808715 -0.000209739 -0.000662476 -0.00163192 0.000681932 -0.000172688 -0.0036006 -9.34893e-05 -0.0011376 -0.00128659 0.00117816 -0.000320841 0.000320159 0.000433721 -0.000217009 -3.97641e-05 0.000149169 6.07203e-05 -0.00122075 0.000601798 -0.00129619 0.000329663 0.000161875 
0.00205666 -0.000636115 0.000170544 -0.000256565 -0.000307089 0.00439328 0.000390457 0.0712502 0.00334264 -0.00682792 0.000522979 -0.00371798 -0.00159518 -0.0131115 -0.0106134 -0.00381879 0.00363958 -0.00223268 0.000468547 -0.00469589 -0.00825346 0.00192127 -0.000490442 -0.00201157 0.000493276 -0.00280286 0.00414245 0.00480209 -0.00184456 -0.00154996 -0.000212222 -8.27969e-05 0.000835725 -0.00503633 -0.00138389 -0.000618741 0.0058112 -0.000846439 -0.000861313 0.000399057 -0.00113125 -0.000322911 0.000554556 0.00269632 -8.05627e-05 -0.00343141 -0.00134342 0.000144773 0.0028218 0.00407049 -0.000322631 0.000515869 0.000438633 0.000583813 0.00233844 0.000577104 -0.00090311 0.000173065 -0.00854126 -0.00168098 -0.000780462 0.000206852 -0.00299742 -0.00108012 0.00103773 0.000721014 -0.000960106 -0.00361741 -0.000257575 0.00223034 -0.00183757 0.00118676 -0.00047722 -0.00200069 0.00208269 -0.00135672 0.00231429 -0.000345938 -0.000261155 0.00421238 -0.00358952 -0.000630472 -0.00116307 -0.00346599 -0.000641814 -0.0139976 -0.000505444 0.000748006 -0.000320183 -0.000423448 0.000795497 -0.000874514 -0.00101471 -0.000210326 -0.000157029 -0.0026752 0.000434341 0.002722 -0.000639485 -0.000400267 
-0.00428822 -0.00197268 -0.00648073 -0.000952324 -0.00328349 0.0069949 0.000686837 0.00334264 0.186921 0.0158649 -0.00483688 -0.00446971 0.00464033 -0.0119626 -0.0380636 -0.00672437 -0.0187832 0.0089456 0.023842 -0.0159877 -0.00345559 -0.00344886 0.00487013 -0.00669111 0.0163838 -0.00543071 -0.0259754 -0.0151238 -0.0172931 0.0334197 0.00318558 -0.00475958 -0.00396095 -0.00919961 -0.00233745 -0.00290805 -0.00718357 0.000602574 0.000934795 -0.00605357 -0.00559003 -0.0048487 0.00344898 -0.00863128 -0.00348124 -0.00504671 -0.00762336 0.000658647 -0.00145992 -0.00285814 -0.00196362 -0.000625948 -0.00218816 -0.00476259 0.000639221 -0.00151161 -0.000642189 -0.000231061 0.0162895 -0.00921174 0.00152919 -0.00219129 0.00107283 -0.00156407 -0.00378882 -0.00551311 0.000802017 -0.015525 0.00199064 -0.00387099 0.00245751 -0.00303323 0.00164495 0.0014811 0.00362709 0.000400315 0.0056178 0.00800032 -0.000128049 -0.00122593 0.0249516 -0.0140701 -0.0035948 -0.0101029 0.00191171 0.0156338 -0.00460968 -0.00194147 -0.00296924 -0.00142482 -0.00271909 -0.00199492 -0.00239885 -0.0053771 0.00110467 -0.0218534 -0.000435142 -0.00192171 -9.48753e-05 0.000755454 
-0.00604677 -0.00620466 -0.00598867 -0.00105345 -0.00253485 -0.00441917 -0.00295202 -0.00682792 0.0158649 0.217136 -0.0030297 0.0304328 0.0221803 0.0130859 -0.0141459 -0.0139768 -0.0229296 -0.0106753 0.0162193 -0.00518287 0.0345382 -0.0125332 -0.00599789 -0.00932038 -0.0177535 -0.00691085 -0.00559858 -0.0182322 -0.00912641 0.000693385 0.0100518 -0.0070815 0.000239374 -0.0046959 -0.00210837 -0.000792439 -0.0142826 -0.0101448 0.00138318 -0.0116239 -0.00371299 -0.00222568 -0.000805143 -0.00815382 -0.0139235 -0.00836115 -0.0064443 0.00209317 -0.00861283 -0.0117103 -0.000969225 -0.00403407 -0.00175995 -0.00188911 -0.00113506 -0.00298091 -0.0134425 0.00193268 0.0196985 0.00700038 0.00029861 -0.0011797 0.0038299 0.00289989 -0.00554198 -0.0176562 -0.00366666 -0.0183798 -0.00323442 0.000788071 0.00334412 -0.00694141 -0.00630383 0.00296143 0.00634336 -0.00377366 -0.00451316 0.00454393 -0.00188335 -0.000810335 0.0173814 -0.0123852 -0.00525249 0.0117132 0.00128899 0.0325583 -0.00409746 -0.00602897 -0.00667082 -0.00151445 -0.00597337 0.00191897 -0.00503404 -0.0027004 -0.00847015 -0.00732396 -0.000274841 -0.00716847 -0.00193033 -0.00137942 
-0.0179207 -0.00529368 0.00257491 -0.00145722 -0.00373802 0.000113546 1.63298e-05 0.000522979 -0.00483688 -0.0030297 0.17931 -0.00519168 0.00518327 -0.0141201 0.0354399 -0.0178097 -0.00219382 0.0109823 -0.0211534 0.0203384 -0.0126637 -0.0182903 -0.00345494 -0.00409971 0.00348145 -0.0191386 0.0245609 -0.00678726 -0.00428824 -0.0207799 -0.00563092 -0.00182488 0.000756861 0.00532056 -0.00785885 0.00535865 0.00364364 -0.00601881 0.000338313 -0.00689178 -0.0051591 0.00090061 0.000197811 -0.00699258 0.000265617 -0.00762312 -0.00307204 0.00168524 -0.0017336 -0.00344689 -6.83891e-05 -0.00422934 -2.15455e-05 -0.00541398 -6.25663e-05 -0.000896939 -0.0138079 0.000223825 0.000941217 -0.00194516 -0.00178333 -0.000993447 -0.00614248 0.00146437 -0.000289489 -0.00398655 -0.00157491 0.00456334 0.00298004 0.00743071 -0.00706646 -2.22517e-05 0.00253599 -0.0061646 0.00343045 0.000345288 -0.0113085 0.000297789 -4.96774e-05 0.00867317 -0.0118473 0.00271789 0.00191754 -0.000381061 -0.000272779 -0.00514346 0.0005255 -0.00488761 -0.00258154 -0.000421362 -0.000157496 0.00104187 0.000458938 0.00259842 0.0111231 -0.0184211 9.18041e-06 8.88844e-05 -0.000530162 -0.00138668 
-0.000737366 -0.0027742 6.15151e-05 0.000473244 -0.00163316 0.00170548 -0.000230835 -0.00371798 -0.00446971 0.0304328 -0.00519168 0.169649 0.00184356 -0.00252026 -0.00120572 0.000763903 0.00561537 -0.0204851 0.0182102 -0.0172685 -0.0057781 -0.00312138 0.00383574 -0.016245 0.00350851 0.0026082 0.00274938 -0.00606519 0.00574299 -0.0274294 0.00954714 0.000309018 -0.00379592 -0.00583239 -0.00993102 -0.00222979 0.00550215 -0.00837868 -0.00124403 8.81235e-05 -0.00159579 0.00104616 -0.00405749 -0.00268712 0.00485943 0.00217533 -0.00175504 -0.00181602 -0.00599767 -0.0150457 -0.000360158 -0.00378217 0.000508083 0.000317845 -0.000505163 -0.00195247 -0.00591154 0.000113254 -0.00691226 -0.000383363 0.000585949 0.000865446 -0.0177664 -0.00175145 -0.001014 -0.00769395 -0.00383461 -0.00622407 -0.00528035 0.00401941 0.00218683 -0.00631122 0.000114402 0.00125708 9.29078e-05 -0.00012394 0.0149087 -0.00902664 0.000250667 0.00306011 -0.00527461 0.000675648 -0.00320934 -0.00376288 0.000869217 -0.00729318 0.00141579 0.0042426 0.00145311 -0.000503028 -0.000647661 0.000353583 -6.00304e-05 -0.00915057 -0.00433661 -0.00352009 -0.00121487 -0.00332399 -0.00273237 -0.000914689 
-0.00259709 -0.00182205 -0.00565196 -0.00546084 -0.000531949 0.0042322 -0.00727258 -0.00159518 0.00464033 0.0221803 0.00518327 0.00184356 0.239515 -0.0258812 0.0465518 -0.0234846 0.0219336 -0.00740764 0.0298261 -0.0103022 -0.0177919 -0.00995543 -0.0318481 -0.00286096 -0.0152543 0.00617339 -0.0328696 -0.0114798 0.00284306 -0.0168504 -0.00482689 -0.00734037 2.23819e-05 0.000165053 -0.00516867 -0.00654839 -0.00816443 -0.00637558 -0.00594966 -0.0223995 0.00206239 -0.00236597 -0.012139 -0.00615783 -0.00393809 -0.00372729 -0.00475051 0.00118603 -0.00867138 -0.0147153 -0.0022686 -0.00419795 -0.00120853 -0.010099 0.000435274 -0.00106359 -0.0104882 0.00205304 0.0325179 -0.00376136 -0.00765299 -0.00257968 0.0185846 0.00289856 -0.000175367 -0.0111714 -0.00554469 0.0129091 -0.00644676 -0.00376377 0.0017998 -0.00741032 -0.00306574 -0.000289134 -0.00360552 -0.00136936 0.00148343 -0.0136216 -0.00416461 -0.00466049 -0.0169631 -0.00430425 6.42607e-05 0.0209032 -6.07748e-05 0.0382768 -0.000837371 -0.00740666 -0.000677929 -0.000522875 -0.00213474 -0.00148064 0.00112079 -0.00651062 -0.00951212 -0.00282163 0.000600349 -0.000886151 -0.00177316 -0.00334816 
-0.0137268 -0.00251773 -0.00849872 -0.00164285 -0.00329283 -0.00209788 0.00340441 -0.0131115 -0.0119626 0.0130859 -0.0141201 -0.00252026 -0.0258812 0.243834 -0.00342119 0.0166357 -0.0284484 0.00804681 -0.0255255 0.000321269 0.0357402 0.0233552 -3.89555e-05 -0.00145412 -0.0259944 -0.00301162 -0.0197189 -0.0461164 -0.00634257 0.000981197 0.000297259 -0.00332478 -0.00739026 0.0269096 0.00794082 -0.000347319 -0.0101928 -0.00415351 0.00471088 0.00631705 0.00218699 -0.000286381 0.00799569 -0.00271387 -0.00943431 0.00981728 -0.00310386 -0.000487261 -0.00821592 -0.00889301 -0.00117096 -0.00267703 -0.00232538 0.00422914 -0.000170439 -0.00175028 -0.0174333 -0.00054086 -0.00723775 -0.00196149 -0.00394331 -0.0020745 -0.0238422 -0.00327113 -0.00149864 0.0134322 0.00186682 0.00418881 -0.0055054 -0.00618272 -0.0111724 -0.00649459 -9.15987e-05 -0.0129042 -0.00382184 0.00834981 -0.00721537 0.00650463 -0.00579809 0.00379285 0.00953413 -0.00445092 0.00411911 0.00919772 2.38003e-05 -0.0015665 -0.00173644 -0.00262343 -0.00123 -0.00155235 -0.00040591 0.000834874 -0.00261998 -0.00114283 -0.00552139 0.0045575 -0.000733374 -0.0119523 -0.00221178 0.00260704 
-0.0156186 0.0021135 0.0101732 -0.00482319 0.00214237 -0.00473883 -0.000485541 -0.0106134 -0.0380636 -0.0141459 0.0354399 -0.00120572 0.0465518 -0.00342119 0.233859 -0.0250139 0.0106148 0.00128763 0.0180576 -0.00318409 -0.00678277 -0.0261171 -0.0098061 0.00355773 -0.0138104 0.0101638 -0.0342328 -0.0158597 0.0301426 -0.0408771 -0.00307402 -0.0057207 -0.00207012 -0.000583505 -0.00195421 -0.00350442 -0.0150881 -0.00253377 -0.00279739 -0.0052031 0.00115552 0.00845892 -0.0123466 -0.00368288 -0.00150738 -0.00749821 -0.00494091 -0.00249776 -0.00956926 -0.0133474 0.00197129 -0.00122594 -0.00079228 -0.0111123 0.00216453 0.000134906 -0.0162304 -0.000418661 0.00674775 -0.00424956 -0.00781388 -0.000822966 0.00477854 -0.000169156 0.00583743 -0.0149405 -0.00532158 0.00710043 -0.00277336 0.00751451 0.00638272 -0.00711778 0.00414188 -0.0029652 -0.00948882 -0.00130493 0.00127324 -0.019816 -0.0017311 -0.00241426 -0.0262801 -0.00226328 0.00590356 0.0214256 -0.00140155 0.0202499 0.00550698 -0.00127278 -0.00273051 -0.000917716 -0.00279562 -0.00250211 0.00363057 -0.00191197 0.000695653 0.00192067 0.000700651 -0.000261985 -0.000883919 -0.00114975 
-0.00900602 0.00527015 0.00063508 0.000721008 0.00141905 -0.00744188 0.000569081 -0.00381879 -0.00672437 -0.0139768 -0.0178097 0.000763903 -0.0234846 0.0166357 -0.0250139 0.175244 -0.00664573 -0.0158112 -0.0119607 -0.02801 -0.0252652 0.0163427 -0.00856581 0.00478909 0.0106181 -0.00846473 0.00268392 0.00221951 -0.00254106 0.0371441 -5.92972e-05 0.00295773 -0.00261996 0.00611909 -0.00173046 -0.000512371 -0.00716996 0.0152285 0.00130742 0.0020662 0.00302036 -0.00364118 0.00364549 0.000830689 -0.000257102 -0.00258382 0.00282464 -0.00459601 0.00935665 -0.00887343 0.000952198 0.00295199 0.0010475 -0.00214056 -0.000988062 -0.00113889 0.00512193 -0.00164429 -0.0344295 -0.00359435 0.000289609 -0.00104892 -0.0050986 -0.00016231 -0.00338933 -0.000562135 -0.00150433 -0.000651477 -0.00228473 0.00227627 -0.00500623 0.00988689 0.00242378 -0.00687635 -0.00168882 -0.00185342 0.00741742 -0.00104982 0.00104388 0.00216589 0.00876179 0.0170983 -0.00294211 -0.00604736 -0.000303855 -0.0346794 -0.00494925 -0.000426049 -0.0029983 0.000166286 -0.00226739 -0.000600382 0.000458172 -0.000728176 -0.00560324 -0.00225808 -0.00139561 0.00545778 -0.00221047 -0.000825749 
0.010554 -0.001246 0.00195953 0.000177169 -0.00310147 0.00195447 0.000393914 0.00363958 -0.0187832 -0.0229296 -0.00219382 0.00561537 0.0219336 -0.0284484 0.0106148 -0.00664573 0.182654 -0.0301963 -0.000125409 -0.00345609 -0.0325055 -0.0132532 -0.00416652 -0.0246061 -0.00653046 0.00545236 -0.00375572 0.0218309 0.0215832 -0.0207423 -0.00370445 0.00865003 0.00283708 -0.00553564 -0.0102379 0.00158247 0.0136907 -0.00503393 -0.0030697 -6.05616e-06 0.00470068 0.00477552 -0.00856266 0.00496363 0.0039338 -0.0143973 0.00221841 0.00697906 -0.00672885 -0.00129479 -0.00217976 0.000235825 0.0029646 0.00633637 -0.00413138 0.000793379 -0.00939432 -0.000695832 -0.00845571 -0.00062616 -0.000831081 0.000461472 -0.016723 -0.00139832 0.00149412 0.000306857 -0.00387091 0.00675994 -0.000270687 -0.00177074 0.00240195 -0.00644758 -0.000527772 -0.00333678 -0.00314133 0.000950833 0.013904 -0.00144694 -0.000207294 0.00238389 -0.00996378 0.00250489 0.00277331 -0.0111427 -0.00139625 -0.0280924 -0.000834674 -0.00297772 -0.00299281 0.00138315 0.00182384 -0.00143685 0.00476722 0.00224629 0.000943981 0.00620266 0.00116755 0.000771404 -0.00134514 0.000623117 
0.00438734 -0.0140735 -0.00275961 -0.00232073 -0.0035648 0.00147502 -0.00299889 -0.00223268 0.0089456 -0.0106753 0.0109823 -0.0204851 -0.00740764 0.00804681 0.00128763 -0.0158112 -0.0301963 0.177527 -0.0207989 0.0320117 0.0207049 0.0030616 -0.0150961 0.0208676 -0.00609324 -0.00153059 0.00804808 0.00296664 -0.0352951 -0.00210521 -0.0101698 -0.0107272 -0.00692188 -0.00651152 0.0132697 -0.00401297 -0.00872634 -0.00872486 0.00172985 -0.0162819 0.00255086 -0.00570425 -0.00450518 -0.00704737 -0.00794187 0.00681927 -0.00291938 -0.00161683 -0.00661369 0.00780973 -0.0029941 -0.00380723 -0.00433665 -0.00151844 -0.00202607 -0.000852659 0.00161846 1.78627e-05 0.0119703 -0.00030821 0.000380441 0.000168885 0.00459819 -0.000972783 -0.00302881 0.0101999 0.00103676 0.000273235 -0.000390488 0.00106616 -0.0099479 0.00136502 -0.00489238 -3.49122e-06 -0.00093696 -0.000236198 -0.0144982 0.00732437 -0.00300791 -0.00267362 -0.0027876 -0.0134047 -0.000893725 -0.0137504 -0.0010822 0.035522 -0.00271408 -0.00128409 1.88792e-06 -0.00286546 -0.00514376 0.000611502 -0.0053362 -0.00211507 0.00434558 0.00292867 -0.000981752 -0.00133494 -0.00313633 -0.000788672 
-0.000104937 0.00906145 -0.00880422 -0.000192728 0.00552599 0.0068546 -0.000469551 0.000468547 0.023842 0.0162193 -0.0211534 0.0182102 0.0298261 -0.0255255 0.0180576 -0.0119607 -0.000125409 -0.0207989 0.248185 -0.0681829 -0.020118 -0.0406177 0.0221494 -0.0120925 0.0342016 0.00413042 -0.0354698 -0.0136597 0.00527093 -0.0220706 0.00425096 -0.0092821 -0.000815496 -0.00227125 -0.00966871 -0.00413613 -0.0227327 0.00732333 -0.00297241 -0.00378601 0.00719355 -0.00495249 -0.010944 0.0010639 0.0106998 -0.0086783 -0.00560136 0.0132836 0.0103295 -0.0146526 -0.00296968 -0.000187001 0.000465197 -0.0186826 -0.002857 0.00115722 -0.010167 0.00270038 0.0402517 0.00176546 -0.0012643 0.00163449 0.0235226 0.00128093 0.000101506 -0.0110656 -0.00843737 -0.00672499 -0.00321063 -0.00245951 -0.00051545 -0.0171111 0.00136744 0.00942999 -0.0106864 0.00139836 0.000120006 -0.0184065 -0.000430245 -0.010201 0.0129764 -0.011711 -0.00188411 0.0052883 -0.00412026 -0.00297538 -0.00248239 -0.00537089 -0.0040891 0.00041701 0.00470627 0.00155022 -0.00467481 -0.0126984 -0.0141641 -0.00952599 -0.00244602 -0.00378338 0.00208657 -0.00122516 
0.000261662 -0.0116901 0.00540394 0.000724515 -0.0104773 0.00760378 -0.000460021 -0.00469589 -0.0159877 -0.00518287 0.0203384 -0.0172685 -0.0103022 0.000321269 -0.00318409 -0.02801 -0.00345609 0.0320117 -0.0681829 0.249736 0.00984825 -0.0148784 -0.0180288 0.0259526 -0.0454015 -0.0145958 0.0203478 0.0121446 -0.00503038 -0.00311795 -0.00906611 0.00373704 -0.00498605 -0.00600875 0.0105191 0.00102277 0.00790154 -0.015287 -0.00477359 -0.0110191 -0.00359562 -0.000735481 0.00626831 -0.0076705 -0.00972082 -0.00521385 -0.00318886 -0.0105149 -0.0101908 0.0132295 0.00201798 -0.00566224 -0.00164402 0.00401132 -0.00449201 0.00140343 0.00298886 -0.00450757 -0.0182388 -0.000637139 -0.00152724 -0.00231397 -0.0230889 -0.00558847 0.00111747 0.00229314 0.00171354 -0.00852089 -0.000601118 -0.00445912 0.00203214 -0.000155478 -0.00207686 -0.00358065 0.0106535 0.000519126 0.00525159 0.0151439 -0.00430243 0.00458898 -0.0288612 -0.00400682 -0.00205704 0.00496982 0.00439347 0.0213057 -0.00494972 -0.000788897 -0.00358506 -1.85483e-05 -0.00676756 -0.00158108 0.000999176 0.00986133 0.0127768 0.00274815 -0.000971229 -0.00506718 -0.00492484 -0.00126455 
-0.000951338 -0.0183708 -0.000371212 -0.00346037 -0.006802 -0.0108708 -0.00173984 -0.00825346 -0.00345559 0.0345382 -0.0126637 -0.0057781 -0.0177919 0.0357402 -0.00678277 -0.0252652 -0.0325055 0.0207049 -0.020118 0.00984825 0.249996 0.00791613 -0.0057439 0.00141564 -0.0110396 -0.016932 0.00475521 -0.035648 -0.0168627 -0.00567911 0.000216736 -0.00189881 -0.00681359 0.00783329 -0.00110398 -0.00231252 -0.00820291 0.00564776 0.00192013 0.000732106 -0.00473438 -0.00127369 0.00260161 0.00178312 -0.0168649 0.0019562 -0.00753359 -0.0131575 -0.00510005 -0.0037199 0.00153012 -0.000494111 -0.00244092 -0.00445253 -0.00736293 -0.00300865 0.00140392 0.000437165 0.0312454 -0.00297475 0.00213232 -0.00279262 0.0109492 -0.00270907 -0.00130869 0.00420714 8.02691e-05 -0.0128987 -0.00987384 -0.00210876 -0.00662942 -0.0110423 -0.0101254 0.000499176 -0.000943872 0.00167121 -0.0428432 -0.00296276 -0.00206799 0.00651717 -0.00451819 -0.0190333 0.00627727 0.0039366 1.27003e-05 0.0282992 -0.00045013 0.00367163 -0.00145646 -0.000821525 0.00511539 -0.00138452 -0.00421324 -0.0095276 0.00632914 0.0134563 0.000674941 -0.00637013 -0.0024832 0.00304912 
0.000873646 -0.000210621 -0.000111906 -0.00108541 0.00317244 -0.0208192 -0.00390728 0.00192127 -0.00344886 -0.0125332 -0.0182903 -0.00312138 -0.00995543 0.0233552 -0.0261171 0.0163427 -0.0132532 0.0030616 -0.0406177 -0.0148784 0.00791613 0.227751 -0.0123721 0.0150514 0.000388364 -0.0035542 0.00124218 -0.014412 -0.0176426 0.0186902 0.00211481 0.00191239 -0.00633983 0.00177282 0.00500024 -0.000608119 0.0120789 0.00467582 -0.00408534 0.0166769 -0.00839663 -0.00458927 0.00573157 -0.0029849 -0.00992816 0.00960272 -0.00375367 -0.00297601 -0.005471 -0.0134997 0.00146407 -0.000927673 -0.00469208 0.00876494 -0.00417419 -0.00154818 0.0178524 -0.00159706 -0.020327 -0.0196156 -0.00833808 -0.00200689 -0.00638746 -0.00432917 -0.0042185 0.00240259 0.0059169 0.00861069 -0.00854897 -0.00553915 0.000459002 0.00651314 -0.00175429 -0.0126621 -0.00247375 -0.003389 0.0142339 -0.00139641 -0.00270328 -0.00247707 -0.0120482 -0.00103114 -0.00410851 -0.0223283 -0.00657452 -0.00168375 0.00279457 0.00482311 0.00202465 -0.0020251 -0.00256002 -0.00193822 0.00455682 -0.00105806 -0.00315784 0.000718805 -0.00205967 -0.00235175 0.00280024 -0.00227359 
-0.00844804 -0.00103449 0.000192241 0.000549321 -0.00317213 0.00509341 -0.00180766 -0.000490442 0.00487013 -0.00599789 -0.00345494 0.00383574 -0.0318481 -3.89555e-05 -0.0098061 -0.00856581 -0.00416652 -0.0150961 0.0221494 -0.0180288 -0.0057439 -0.0123721 0.177373 -0.018691 0.024441 0.014446 0.00997791 0.00635309 0.0198461 -0.0189386 -0.000322919 -0.00287611 0.000235666 -0.00383115 -0.00110285 0.00516604 -0.0109823 -0.00172242 0.00127621 0.00541627 -0.00312409 0.00539151 0.00191891 -0.000377723 0.0129577 -0.00184764 0.00711184 -0.00117528 0.00274706 0.000827047 -0.0011495 -0.00087375 0.00221557 0.00184264 -0.000726881 -0.000598628 -0.011622 -0.00187159 0.0087401 -0.0020768 0.000265162 -0.000326557 -0.0137059 -0.0033554 0.000397037 -0.000124649 0.000345676 -0.00691557 -0.00375676 0.00018992 0.00051258 -0.00306171 -0.00232046 -0.00442203 -0.00438974 -0.00482296 -0.0103868 -0.00991687 -0.000314484 0.00175988 0.008723 0.00199481 0.00212444 -0.0193177 -0.00256304 -0.0300923 0.00104732 0.00164332 -0.00174153 -0.00233556 -0.00376961 0.000422923 -0.00487473 -0.00174221 0.000251467 -0.0131343 -0.00117301 -0.00358861 0.00110383 0.000380806 
0.000921833 0.000177943 -0.00677597 -0.00281843 0.000777524 -0.0156048 -0.00292046 -0.00201157 -0.00669111 -0.00932038 -0.00409971 -0.016245 -0.00286096 -0.00145412 0.00355773 0.00478909 -0.0246061 0.0208676 -0.0120925 0.0259526 0.00141564 0.0150514 -0.018691 0.162538 0.000982425 -0.0226166 -0.00219016 0.00546641 -0.010846 0.0205634 -0.00341383 -0.00363089 -0.00516096 -0.00907637 0.00873922 -0.00458168 0.00171005 -0.00104012 -0.00162116 0.00263832 -0.0101879 -0.00330681 -0.00293911 0.000841804 -0.0190686 0.000709919 -0.00304634 -0.00692591 -0.00362365 0.00946047 -0.00067418 0.0013728 -0.00222059 -0.00113473 -0.00660369 -0.000584388 0.00166733 -0.00316005 -0.0113323 -0.00373254 0.000402073 -0.00149598 0.00287533 0.00122524 -0.00520109 -0.00214781 0.000811345 0.00335643 -0.000462224 -0.00719945 -0.0100128 -0.00245864 0.00098978 0.00353144 -0.00333451 -0.00194271 0.00941928 0.00243255 -0.000968537 -0.00829658 -0.00435954 0.00893648 -0.00548746 0.000915155 -0.00129701 0.0206788 -0.00114637 0.0016499 -0.000239077 -0.00166391 -9.37318e-06 -0.00414119 -0.00370158 -0.00351456 -0.00290611 0.00408763 -0.00279416 -0.00262292 -0.00130842 -0.00388994 
-0.00249477 0.00222215 0.00357353 0.00166667 0.00230393 -0.000288565 -0.00297938 0.000493276 0.0163838 -0.0177535 0.00348145 0.00350851 -0.0152543 -0.0259944 -0.0138104 0.0106181 -0.00653046 -0.00609324 0.0342016 -0.0454015 -0.0110396 0.000388364 0.024441 0.000982425 0.196555 -0.0159577 0.0016839 -0.00821591 0.00522227 0.000614287 -0.00107672 -0.00452097 -0.00145538 -0.00238553 -0.00299733 0.0044351 -0.00510809 -0.00105263 0.00394079 0.00915288 -4.64186e-05 -0.00290407 -0.00641 0.00317002 0.00924438 -0.00606088 -0.000744789 -0.0111931 0.00929519 -0.0090079 -0.00047872 -0.000633526 0.000892139 -0.00605806 0.00456302 -0.000407554 -0.00492943 0.000372072 0.0199403 -0.00307671 0.000715242 -0.000932034 -0.00434807 8.75044e-05 -0.00276826 -0.00288631 -0.000394793 -0.00191604 0.0016463 -0.00145189 -0.00495586 -0.0100054 -0.00148218 -0.00559029 -0.00586328 -0.00167309 -0.00413344 -0.00884489 -0.000949872 -0.00181059 0.0011658 -0.00410149 -0.00203475 -0.00998164 -0.00273831 -0.0416947 -0.0023717 5.49149e-05 0.000440362 -0.000850246 -0.000263807 0.00027679 -0.000971327 -0.00721122 0.000540691 -0.0087034 -0.00192397 0.00735085 0.00181732 -0.00222718 
-0.00362193 0.00346916 -0.000455629 -0.0027557 0.00248769 -0.000144406 -0.000697725 -0.00280286 -0.00543071 -0.00691085 -0.0191386 0.0026082 0.00617339 -0.00301162 0.0101638 -0.00846473 0.00545236 -0.00153059 0.00413042 -0.0145958 -0.016932 -0.0035542 0.014446 -0.0226166 -0.0159577 0.178436 -0.0301588 0.00687573 0.0302604 -0.00829189 -0.00421149 -0.00536041 0.000592322 -0.0063655 -0.0128151 -0.000449108 -0.00638347 -0.00476177 -0.00176686 -0.00265113 -0.00256511 0.000218285 -0.00255992 -0.00545754 0.00289029 -0.0134851 0.00331184 0.00297763 0.00077745 -0.00840408 -0.00104561 -0.00272731 0.000237837 0.00393397 -0.00431894 -0.00149819 -0.00697627 -0.00032495 -0.0156107 -0.0041647 0.000279516 9.38748e-05 0.00405586 -0.00263006 0.000816813 0.000993456 -0.00195935 -0.00145839 0.000110222 -0.00125842 0.000830258 -0.00518901 -0.00280584 -0.000643301 -0.00101462 -0.00410112 -0.00601736 -0.000300579 0.000535178 -0.000601666 -0.00425363 -0.000362279 0.00407666 0.0078014 -0.0020765 0.0101492 -0.00172545 -0.00166934 -0.00248292 -0.00169694 0.000538988 -0.000363319 0.000835168 0.0045135 -0.00272846 0.00404945 0.00237017 0.00295852 -0.000572056 0.00243542 
-0.00184377 -0.0071298 0.00604734 0.00469774 -0.00374318 0.00280069 -0.00288183 0.00414245 -0.0259754 -0.00559858 0.0245609 0.00274938 -0.0328696 -0.0197189 -0.0342328 0.00268392 -0.00375572 0.00804808 -0.0354698 0.0203478 0.00475521 0.00124218 0.00997791 -0.00219016 0.0016839 -0.0301588 0.205056 0.0111599 -0.0150218 -0.0103568 -0.00622378 0.0042961 0.00133145 -0.00232102 0.0104902 0.00325256 0.00922191 -0.00929245 -0.000175064 0.00474344 -0.00229423 -0.0033814 0.00539313 0.00352186 0.00224618 0.00221641 0.00750074 0.00536875 -0.00450727 0.00073137 -0.00141129 0.000659909 0.00172013 0.00880427 7.44796e-05 -0.00115434 0.0124523 -0.00202964 -0.00728302 0.00323879 0.0011055 -6.48567e-05 -0.0230217 -0.00139488 0.000513496 -0.00258422 0.000241095 -0.00500479 0.00177613 0.00279824 -0.00607955 0.0036147 5.22269e-05 -0.00497179 0.00385631 -0.00381768 -0.0113348 -0.00509575 0.00222403 0.00527152 -0.0158242 0.00769229 -0.00404359 -0.0179101 -4.79974e-05 -0.0379398 0.000497861 0.00120531 0.000749094 0.000151882 -0.000131721 0.000321067 -0.00456074 -0.00365684 0.00446443 -0.0202839 -8.22833e-05 0.0124744 -0.00400312 -0.0033522 
0.00889472 -0.000138788 -0.00181184 0.00124013 -0.0092734 0.00685073 -0.00201696 0.00480209 -0.0151238 -0.0182322 -0.00678726 -0.00606519 -0.0114798 -0.0461164 -0.0158597 0.00221951 0.0218309 0.00296664 -0.0136597 0.0121446 -0.035648 -0.014412 0.00635309 0.00546641 -0.00821591 0.00687573 0.0111599 0.211842 0.00145658 -0.0153571 -0.00624728 0.00100557 0.00412191 -0.0112999 -0.00587575 0.00101265 0.00962727 -0.00240561 -0.00653506 -0.00335925 -0.00479655 -0.00468645 -0.00639139 0.00414536 0.00434938 -0.00252493 -0.000796548 0.0033642 -0.00916438 0.0187525 6.55611e-06 -0.00112031 0.00239095 0.0123549 0.00483624 0.000685701 -0.00247016 -0.00139215 -0.0155905 0.00526098 0.00690866 0.00082386 -0.0034644 -0.00647389 -0.00435344 -0.00295596 -0.00564231 -0.00108537 -0.000892138 0.00370215 0.00125385 0.00053657 -0.00616628 0.0057477 0.00102492 -0.00609381 -0.00475501 0.00429109 -0.000313342 -0.00359006 -0.00465423 0.00504897 -0.0062831 -0.0172256 -0.00272497 -0.00417068 -0.00330233 -0.00470281 0.00264345 -0.00117687 0.000664616 0.000489839 -0.00499183 0.00615915 0.00276169 -0.00829468 -0.0015898 -0.00135341 -0.00308147 -0.00388184 
-0.00826016 0.0066415 0.00889514 -0.00222312 0.000145922 -0.00319542 -0.00228388 -0.00184456 -0.0172931 -0.00912641 -0.00428824 0.00574299 0.00284306 -0.00634257 0.0301426 -0.00254106 0.0215832 -0.0352951 0.00527093 -0.00503038 -0.0168627 -0.0176426 0.0198461 -0.010846 0.00522227 0.0302604 -0.0150218 0.00145658 0.145178 -0.00624959 0.000579789 -0.00317035 -0.0020903 -0.00794217 -0.0115447 0.00333233 -0.0066615 -0.00341019 -0.000256312 0.00308181 -0.000675538 0.00712208 -0.0030463 -0.00163286 0.00462369 -0.00535006 0.00378291 -0.0066143 -0.00357875 -0.00423293 0.00263011 -0.0038447 0.00128572 -0.0018625 -0.00277325 0.00056784 -0.0128951 -0.00184575 -0.0152021 -0.00157885 -0.00318014 -0.00107438 -0.00793897 -0.00209341 0.00133697 -0.00939173 -0.00350729 -0.00508141 -0.0015194 3.9591e-05 0.00125049 0.00245456 -0.000684511 -0.00447228 -0.00380971 -0.00120991 0.0039759 -0.00608968 0.0011588 0.00386038 -0.00670179 0.0101512 0.00202529 0.00574102 -4.76578e-05 -0.0249992 -0.00049275 -0.0010819 -0.000762912 0.000463951 -0.00099644 -0.00191747 0.00466314 0.00547713 0.000579353 -0.00178472 0.000711957 -0.00294795 -0.000261405 0.00247711 
0.000417888 0.000641951 -0.0087254 -0.00132859 0.000762933 -0.0134936 0.0012261 -0.00154996 0.0334197 0.000693385 -0.0207799 -0.0274294 -0.0168504 0.000981197 -0.0408771 0.0371441 -0.0207423 -0.00210521 -0.0220706 -0.00311795 -0.00567911 0.0186902 -0.0189386 0.0205634 0.000614287 -0.00829189 -0.0103568 -0.0153571 -0.00624959 0.215646 -0.000579817 -0.00319706 -0.00501065 -0.00978323 0.00308671 -0.00420166 0.000927209 0.00853321 -0.00344425 -0.00404566 -0.00424057 -0.00435097 0.0133512 -0.00173696 -0.0130167 -0.00422874 -0.00610838 -0.0103001 -3.88872e-05 0.00052409 -0.000800184 -0.00130885 -0.00202084 -0.00314655 -0.00399856 -0.00180614 -0.00480728 -0.00171791 -0.0230162 -0.00749233 -0.000388767 -0.00100141 0.0134837 0.00259575 -0.00548664 4.21473e-05 0.00129196 -0.00608493 0.0029773 -0.0054469 0.00385549 0.00844861 0.00137001 -0.00574548 -0.00483716 0.00150787 0.00363941 0.0092539 0.00316904 -0.00317204 0.0213156 0.00151562 -0.0040101 0.000431353 -0.000747373 0.00688479 -0.0065772 -0.000888231 -0.00205323 -0.000340037 -0.00155159 -0.00424461 -0.00405859 0.000346818 -0.00433655 -0.018849 -0.00100737 0.0113746 -0.00143659 -0.000121739 
-0.000419785 -0.0024399 -0.00291878 0.000631092 0.00047611 -0.000520489 -0.00138455 -0.000212222 0.00318558 0.0100518 -0.00563092 0.00954714 -0.00482689 0.000297259 -0.00307402 -5.92972e-05 -0.00370445 -0.0101698 0.00425096 -0.00906611 0.000216736 0.00211481 -0.000322919 -0.00341383 -0.00107672 -0.00421149 -0.00622378 -0.00624728 0.000579789 -0.000579817 0.0707334 -0.00126668 0.000425326 0.000300473 0.00262788 0.000953719 0.00234005 -0.0013299 -0.00105929 0.00616384 -0.000709026 0.00160131 -0.00114312 -0.000952771 -0.00101094 -0.00432322 -0.0016652 -7.33526e-05 -0.00211735 -0.00303582 -5.47654e-05 -0.000472871 0.000140281 -0.00188493 -0.000916491 -5.73952e-05 -7.80174e-05 0.000772075 -0.00163399 -0.000875996 -0.00141201 0.000927718 0.000600194 0.000351159 -0.0010456 0.00165585 0.000143701 -0.00406309 -0.000315039 0.00134849 -3.03639e-05 -0.00203661 -0.00109497 -2.63152e-05 -5.28091e-05 0.00115155 -0.00500627 0.00118294 -0.000985418 0.000433166 0.00267035 -0.00144677 -0.00242364 -0.00760131 0.000221058 -0.0100067 -0.000403955 0.00286586 -0.000162056 -0.000202054 0.00244632 1.70403e-05 0.0022056 2.09067e-05 -0.00325847 -0.00263411 -0.00017525 -0.00278895 0.00254975 0.000134595 
0.00352287 0.00182386 0.00219461 0.000781177 4.82909e-05 -5.6607e-05 -0.00130589 -8.27969e-05 -0.00475958 -0.0070815 -0.00182488 0.000309018 -0.00734037 -0.00332478 -0.0057207 0.00295773 0.00865003 -0.0107272 -0.0092821 0.00373704 -0.00189881 0.00191239 -0.00287611 -0.00363089 -0.00452097 -0.00536041 0.0042961 0.00100557 -0.00317035 -0.00319706 -0.00126668 0.0668333 0.00149876 -0.00246288 0.00152528 -1.86337e-05 0.00742926 0.00164054 0.00090131 0.0029965 -0.00182255 0.000431691 -0.000983481 0.000430577 -0.000824777 -0.00410306 0.000297406 -0.00281972 -2.03601e-05 0.0026431 -4.32486e-05 0.00132846 -0.000135707 -0.000478431 0.00161969 0.000678409 -0.00212291 -0.000674518 -0.0149904 0.00263272 -0.000307554 -0.000461982 -0.00314619 -0.000946944 -0.000679896 -5.80754e-06 0.000178987 0.00303636 -0.000926944 -0.000478804 0.00359889 3.33768e-07 -0.000820764 -0.00114854 0.00152485 0.000126698 0.00412555 -0.00190856 0.000287992 0.00225452 -1.49362e-05 -0.0014001 0.00040403 -0.0056118 0.00044698 -0.0144186 0.0018061 0.000705693 -0.00077109 0.000706718 -0.000460317 0.00018976 0.000788648 0.000245043 0.000429502 -0.00176105 -0.000361038 -0.00157769 -0.000567786 0.0017224 
-0.00343573 0.000401474 -0.000929685 -0.000183094 0.000859611 0.00382304 0.000190865 0.000835725 -0.00396095 0.000239374 0.000756861 -0.00379592 2.23819e-05 -0.00739026 -0.00207012 -0.00261996 0.00283708 -0.00692188 -0.000815496 -0.00498605 -0.00681359 -0.00633983 0.000235666 -0.00516096 -0.00145538 0.000592322 0.00133145 0.00412191 -0.0020903 -0.00501065 0.000425326 0.00149876 0.0447631 0.00056761 -0.00186716 0.00137048 0.000759702 -4.82147e-05 -0.000134941 -0.00112768 0.00133146 0.000638661 -0.00125683 0.000537186 0.0015573 -0.000416531 0.00120739 0.00224502 0.000562797 0.00341546 -8.26983e-05 -3.57047e-05 0.000380091 0.00122158 -0.000303825 0.000120647 0.00160457 -0.000387281 -0.0058923 0.00198433 -0.000420875 8.04069e-05 -0.00221301 -0.000742448 0.000397303 -0.00331142 0.00257352 0.00131481 0.00192807 -0.000972373 0.00141015 -0.00105369 0.000215491 0.000832332 6.46932e-05 -0.000219443 -0.00231961 -0.000667684 -0.000345181 -0.000109225 -0.00244914 0.00142159 -0.000141067 -0.00122173 0.000250392 -0.00247939 0.0010847 -0.000537938 -0.00026929 0.000632899 -0.000514265 0.000370178 5.85003e-05 0.000888019 -0.00139218 0.000159845 -2.37434e-05 0.000299165 0.000552849 -3.74143e-05 
-0.00420587 -0.00732115 0.000491531 0.0023359 -0.00168798 0.000334412 0.00500095 -0.00503633 -0.00919961 -0.0046959 0.00532056 -0.00583239 0.000165053 0.0269096 -0.000583505 0.00611909 -0.00553564 -0.00651152 -0.00227125 -0.00600875 0.00783329 0.00177282 -0.00383115 -0.00907637 -0.00238553 -0.0063655 -0.00232102 -0.0112999 -0.00794217 -0.00978323 0.000300473 -0.00246288 0.00056761 0.145124 -0.00894634 0.00306333 0.00311544 -0.00259524 0.00117695 -0.00141144 0.00083126 0.00115839 -0.00204107 -0.00209788 0.00257418 -0.00426217 -0.00598633 0.00766366 0.0161375 -0.00821592 0.000455208 0.00139206 8.74339e-05 -2.19968e-05 0.000614196 -0.00097886 -0.00785922 -0.00101295 0.010557 -0.00169935 -0.00446092 0.000590627 -0.00598542 -0.00221816 -0.00241322 0.00132237 -0.00404397 0.00182933 -0.00246032 -0.00373471 -0.00270742 -0.00561778 0.000169422 -0.00359877 -0.00107847 -0.00207124 -0.0153585 -0.00398111 -0.00226028 -0.00114824 -0.00611792 0.000664986 -0.000165399 -0.00874474 -0.000443893 -0.00148856 -0.00155183 -0.00146598 -0.00253027 0.00134444 0.00279541 -0.000621963 0.00488412 -0.000953868 -0.00564257 -0.00530849 -0.000280706 -0.00280089 -0.000231109 -0.00172929 
