0.0607972 -0.000286448 -0.000338012 -0.0012465 -5.26137e-05 0.0023254 0.00351633 -0.00452383 -0.00721435 0.000778605 0.00227516 -0.00117164 0.000340506 8.9143e-05 -0.00388205 0.000787463 -0.000124596 -0.0129987 -0.00353811 0.000620969 0.00176579 0.000988025 -0.00724906 0.0075845 -0.000536826 -0.00171262 0.000637274 -0.00386063 -0.0026627 0.000705028 -0.00381344 0.000961604 0.00575307 -0.000454484 0.00168512 0.000117096 0.00211371 -0.00124308 -0.000642195 -0.00132982 0.00048905 0.000193388 -0.000992407 -0.000921107 0.00446728 0.00102465 -0.0012638 0.00268935 0.00733713 -0.00213174 -0.000333418 -0.00184414 0.0014391 -0.00131288 -7.42899e-05 -0.00104652 -0.00110399 -0.00224932 0.0021651 -0.00116308 -8.97947e-05 0.000378861 -0.00664156 -0.000145348 -0.000292105 -0.000275216 -0.00141352 0.00139011 -0.000455241 -0.00228822 -0.00090981 0.00197394 -0.00355757 0.00068645 -0.00382558 0.000909319 0.000414213 0.00034865 -0.00145907 6.74952e-06 -0.0015987 -0.000244697 -0.00527114 0.00180119 -0.00156962 -0.00135434 0.00183767 -0.0126323 -0.00141183 -0.00141798 -0.00543245 -0.00117475 -0.000540627 -0.00182324 -0.00149695 0.00377655 0.000954195 0.000855846 -0.000585052 0.00224429 
-0.000286448 0.0677556 -0.00038148 0.000700146 0.0014985 -0.00123863 -0.000285349 -0.00137174 -0.0100136 0.000296442 -0.00261006 -0.00514095 -0.0020106 -0.0103504 -0.00561765 0.00572328 -0.0117447 0.000362376 -0.00572451 0.00399841 0.008903 -0.0116551 0.00842351 0.0065062 -0.00456206 -0.00206665 -0.00120268 -0.00418144 0.00403119 0.000110522 -0.000522707 -0.000672606 0.000448558 -0.00346671 0.0029505 -0.00399874 0.00249421 -0.00106108 0.000128795 0.0143435 5.25637e-05 -1.60827e-05 -0.00303966 -0.00231197 -0.00212765 -1.93586e-05 -0.000621491 -0.00247356 -0.00216246 -0.00148573 -0.00151128 -0.00440944 8.63647e-05 -0.00245633 0.000252 -0.00283275 0.00274104 0.000737155 0.00156727 -6.56281e-05 -0.000335658 -0.000295942 -0.00764019 -0.000551795 -0.00213294 0.000319941 -0.000124141 -0.000566791 0.00150142 -0.000107801 0.00740506 -0.00181587 0.000270353 -2.83067e-05 -0.00327713 0.00237692 -0.00562076 -0.00069524 -0.000639864 -0.00101268 -0.00234114 -0.00237202 -0.000565487 0.000243774 0.00110097 0.000221713 -0.000422909 0.000140964 -0.000551941 -0.000623296 0.00175121 0.000252342 0.00114901 0.00247482 0.000892592 -0.00133194 -0.00206091 -0.00187411 -0.000684476 -0.000839649 
-0.000338012 -0.00038148 0.0588583 0.000549042 0.000261465 -0.00185385 0.00171808 -0.00208912 -0.00384611 3.63014e-05 -0.00185032 -0.00224611 -0.00146807 0.000781868 -0.00494757 0.00189163 -0.00822785 -0.00108601 -0.00645777 0.00120903 0.00126755 -0.00416326 0.00174722 0.00334595 -0.00208823 -0.00363823 0.00219236 -0.00150037 -0.000778811 -0.00118822 -6.09676e-05 0.00034147 0.00102188 -0.00327638 -0.000514827 -0.00580562 0.000854747 0.000184426 -0.000269092 -0.00252137 0.00229011 0.000250336 -0.00223108 0.00155525 0.00167895 -0.000542502 5.84354e-06 -0.000932249 -0.000854692 0.000569096 -0.000327909 -0.00189422 -0.000464782 -0.00187748 0.000290481 -0.000173582 -0.000571738 -0.00242388 -0.000953031 -0.00229655 -0.000488027 -0.000194614 0.00153263 0.00112242 4.39743e-05 0.000228206 0.000383411 0.000335574 0.000118072 -0.00205728 0.00223734 0.000707249 -0.00156574 -0.000329574 -0.00268848 -0.00250084 -0.00366762 -0.000984983 0.00318595 -9.6876e-05 0.00635558 -0.000788208 -0.00184551 0.00164321 0.00128664 -2.84322e-05 0.00189736 -0.00279787 -0.000322083 -0.00332505 -0.00424983 -0.000606584 0.00282259 -0.00117429 0.000671061 -0.00315778 0.00143072 -0.00152326 0.000405183 0.00122573 
-0.0012465 0.000700146 0.000549042 0.107334 0.00315626 0.00241048 -0.00216448 -0.0169078 -0.00854045 0.000930696 -0.00113413 -0.0145873 4.99851e-05 -0.00384409 0.0164041 -0.00650665 -0.0100434 -0.0106451 -0.00759179 0.00381629 0.00955842 -0.0309397 0.0053864 0.0156201 0.0024558 -0.00919028 0.00366566 -0.0125875 0.0139547 -9.25074e-05 -0.00474121 0.00890596 -0.00426114 0.00430667 -0.000605082 -0.00129597 -0.000668785 -0.00274288 0.00241373 -0.00806224 0.000937508 5.36365e-05 0.00433508 -0.00395028 -0.00288992 -0.0011052 0.00186846 -0.00341153 -0.00187758 0.00724442 -0.00247585 -0.00402907 -0.00106894 0.000816873 -0.00269063 -8.37549e-05 -0.00563026 -0.00274694 -0.00182068 0.000613917 -0.00129309 0.00187159 -0.0195868 0.0017254 0.000245156 0.000547963 0.00113292 -0.00659721 -0.00126735 -0.000855946 4.04272e-05 0.00424815 0.000841172 -0.000952465 -0.00499551 0.00413505 -0.000619969 -0.00269685 0.00547639 -0.00341175 0.00259603 -0.000495741 -0.00506197 -0.00115943 0.00461688 -0.00205617 0.00285423 -0.00477891 0.00185778 0.0019018 0.00595426 0.00157764 -0.00223444 0.00236305 -0.00625579 -0.00100955 0.00232975 -0.000867456 -0.00205541 -0.00337241 
-5.26137e-05 0.0014985 0.000261465 0.00315626 0.0390937 0.0010209 -0.000153554 0.0011939 -0.0027263 -0.000169956 -0.00438595 -0.00409887 0.000188147 -0.00349384 -0.00401116 -0.00486837 -0.00515253 -0.00402085 0.00219147 -0.00138825 -0.00191704 -0.00195682 0.00409919 -0.00715427 -0.00363341 0.00482069 0.000649512 0.00216092 -0.00285306 0.00115987 0.000999499 -0.00190138 0.00123853 -0.00201026 -0.000643572 -0.00302662 -0.00120843 -0.00158777 -0.00077846 -0.00422479 -0.000456996 -0.00011433 -0.00115116 0.000558114 -0.00168618 -0.000392421 2.1222e-05 0.00175318 -0.00188768 0.00237199 0.0014023 0.00232067 0.000561175 0.000174421 0.00101347 -0.0014073 -0.00197767 0.000319312 -0.000221975 0.000128958 -0.000261674 -0.000162382 0.000102074 -0.000270496 0.000595111 3.20243e-05 0.000416658 -0.00122755 0.000995438 -0.00167277 -0.00146811 -0.00179701 0.000902455 -0.000294915 -0.00133599 -0.000455291 0.000640364 0.00218083 0.000114673 -3.01641e-05 -0.00120315 -0.00135253 0.00352833 -0.000486742 -0.00125038 0.00150788 -0.000323344 0.0035001 0.000384542 0.00249633 0.000119553 0.000472641 -0.000549387 -0.00116422 -0.000115644 -0.00217133 0.00150341 -0.000631238 0.000313527 0.00077487 
0.0023254 -0.00123863 -0.00185385 0.00241048 0.0010209 0.0679859 -3.90829e-05 -0.00313693 -0.0120567 -0.000126011 0.00261541 0.00677799 0.00169082 -0.00139063 0.0117782 -0.0150579 -0.00443798 -0.00838523 0.00470715 -0.0134705 -0.00189918 -0.00203901 0.000487359 -0.00319209 -0.00266929 -0.0021371 -0.00113586 0.0061026 -0.00599841 0.00235574 0.000583713 0.00488177 -0.0017428 0.000339112 -0.000177876 0.00314625 -0.00031854 -0.00241472 0.000718604 -0.00445628 -0.00464765 -1.42886e-05 -0.00169222 -0.00113125 -0.000951398 -0.00065454 -0.000523597 0.000274071 0.000840511 -0.00149694 -0.000446175 6.6302e-05 0.0019435 -0.00306013 -0.000436301 0.00311153 -0.00376406 0.000410904 0.000219136 0.000700995 -6.26754e-06 0.000928888 -0.000838051 0.00152324 0.00222115 0.000639253 0.000724048 -0.00200449 -0.000305283 -0.000822896 -0.00290037 -0.00297049 -0.00378888 0.0014188 0.00197187 6.40241e-05 -0.000664723 0.00138966 0.00267283 -0.00200141 -0.00234886 -0.00194688 -0.00509008 -0.000896209 -0.00084291 -0.000129479 0.000401218 0.00353423 -0.000295011 0.000696412 0.000808394 -0.000875509 -0.00180155 -0.00323094 -0.00376191 0.00256126 -0.000390107 -0.000912936 -0.000896363 -0.00113473 
0.00351633 -0.000285349 0.00171808 -0.00216448 -0.000153554 -3.90829e-05 0.0598561 -0.00480324 -0.00505554 -0.000388215 -0.00232116 -0.00433969 -0.00122814 0.00369099 -0.00476294 -0.00212411 -0.00158275 -0.00152752 -0.00217167 -0.00158146 -0.00580271 -0.00104132 -0.0153974 0.00767428 -0.0012576 -0.000545682 -0.00174997 0.00127957 -0.0015999 -0.00130622 -0.00143338 0.000843904 0.00157613 -0.00122522 6.87002e-05 -0.000911177 0.00412737 -0.000275931 0.000620861 -0.00442063 0.00101805 0.000148296 0.00113475 0.000383284 -0.000999665 0.00131934 0.00121563 0.000201627 0.00272734 -0.000424331 -0.000308878 0.00439815 0.0019957 -0.00174564 0.000704542 -0.00201479 -0.0018707 0.00136478 -0.000137121 -0.000109703 -0.000782856 -0.00101584 -0.000269204 -0.000292842 -0.000937117 -0.000970601 -0.000482014 -0.00155347 9.74015e-05 -0.00206294 -0.00270497 0.00359918 -0.00140779 -0.000237663 0.00339275 -0.00397204 -0.000206715 -0.000375566 -0.00254894 0.000315841 0.00510132 0.00356525 -0.00229529 0.0027844 -0.000654997 -0.00115843 0.00128214 -0.0122346 0.00107306 -0.000947057 -0.00312692 -0.000157425 -0.000879622 -0.00113781 -0.000540321 -0.000774987 -0.00156893 -0.000739571 -5.41394e-05 0.00240234 
-0.00452383 -0.00137174 -0.00208912 -0.0169078 0.0011939 -0.00313693 -0.00480324 0.249182 -0.00142451 -0.00387739 -0.0396664 0.00776851 -0.00117422 -0.00891447 -0.0589791 0.0352431 -0.0422744 0.00666346 0.0228682 0.0260492 -0.0334664 0.0281596 0.0218572 -0.0230893 -0.0454811 0.017941 -0.011026 0.00217911 -0.00899732 -0.00440189 0.00340685 -0.024737 0.00213951 -0.00458626 -0.00289723 0.0212988 0.000326042 -0.00528102 -0.00270115 0.0093399 -0.000867337 -0.000926419 -0.014332 -0.00289128 -0.000389369 -0.00471435 -0.00610249 0.00833721 -0.00324504 -0.0141993 -0.0119761 -0.0134612 -0.00317644 -0.00775061 0.0057737 -0.00456563 -0.00282156 0.00655898 -0.00973662 0.00146516 -0.000366951 -4.03789e-05 0.0291128 -0.000949668 -0.0047158 -0.00417685 0.00110451 0.00688459 -0.000453727 -0.00328035 0.00940183 -0.00221431 0.0116284 -0.0021067 -0.0129526 -0.0061163 0.000977547 0.00999495 -0.00791497 -0.00715143 -0.0166637 -0.000868289 0.00183365 -0.0113477 -0.00843185 -0.000842656 -0.00249174 0.0184156 0.000883146 0.000404125 -0.0296408 -0.00795454 0.00960899 0.00674916 0.0097269 -0.00340891 5.84248e-05 -0.00635703 -0.00495135 0.0078262 
-0.00721435 -0.0100136 -0.00384611 -0.00854045 -0.0027263 -0.0120567 -0.00505554 -0.00142451 0.198229 -0.00199509 -0.00430911 -0.00246492 0.0021381 -0.00324971 -0.0116507 -0.0269655 0.01955 -0.0104749 -0.00280166 -0.028034 0.00320384 0.0142024 -0.00608212 -0.0126146 0.0139279 -0.00297193 -0.000436807 -0.00801933 0.0135974 0.000841315 -0.00478757 -0.014115 -0.00306789 -0.00395432 0.00136461 -0.00479527 -0.0120988 -0.000602427 -0.0028354 -0.0279962 -0.00820636 -0.000808287 0.0050433 0.00194666 -0.00683422 -0.00131213 0.00256968 -0.00398835 -0.000361327 -0.0040957 -0.00716564 -0.00586193 -0.00267248 0.00445033 -0.0020654 -0.00745379 -0.0070102 -6.33499e-06 -4.2107e-05 0.00634432 -1.50887e-05 0.00253795 -0.00253754 -0.00213739 0.00107584 -0.00313023 -0.0090264 0.00129804 -0.000188021 0.00450117 -0.0022547 -0.00569656 0.00485016 0.00201455 0.00652847 -0.000972364 0.00678884 -0.00361444 -0.000492351 -0.00401495 0.00119462 0.00720245 0.0191091 0.00194944 -0.000124185 -0.00213259 -0.000933651 -0.00823147 0.00455387 -0.0140626 -0.00579454 0.00322352 -0.0117643 0.0128869 0.0135336 -0.00244994 0.00755416 -0.0104304 0.000951025 0.00592635 
0.000778605 0.000296442 3.63014e-05 0.000930696 -0.000169956 -0.000126011 -0.000388215 -0.00387739 -0.00199509 0.0464004 -0.00305135 -0.0064436 0.000984796 -0.0012853 -0.00217174 -0.000194987 -0.00313242 -0.00173942 -0.0140225 -0.00285363 0.00340381 -0.00249798 -0.00454197 0.000246351 -0.000110856 -0.000234569 0.00107882 -0.00425056 0.0054244 -0.00108078 -0.00183058 -0.000460891 0.00155816 -0.00087113 0.000176066 0.000398837 0.00235505 0.00154429 -0.000142562 0.00149161 -0.00138112 0.000140913 0.000137123 0.000158272 -0.000539285 0.000905432 0.000127449 0.00149865 0.00091598 -0.00175574 7.68886e-05 -0.000239934 -0.000875377 -0.000952732 -7.96705e-05 0.000683056 0.00138788 -0.000785154 0.000447421 -0.00168528 -0.000199819 -0.000302019 -0.00710577 0.000990265 -0.000786456 0.00118007 -0.00184531 0.000182854 6.63097e-05 -0.000395798 -0.000674633 0.000767913 -0.000754397 -0.000452084 0.00182339 0.00107625 1.31063e-05 -0.000785427 -0.000197452 0.000219939 0.000218185 0.000554049 0.00345112 0.000834935 0.00126829 -0.000814252 -0.000314543 -0.00772675 1.92578e-05 -0.001082 -0.00367304 -0.000613726 0.0023818 0.000436575 -0.000807509 0.00212897 0.00109079 0.00239555 0.000220563 -0.000605062 
0.00227516 -0.00261006 -0.00185032 -0.00113413 -0.00438595 0.00261541 -0.00232116 -0.0396664 -0.00430911 -0.00305135 0.170512 0.00615697 0.00178219 0.0237763 0.0326866 -0.0290617 0.0327593 -0.00898789 0.0216781 -0.0217572 -0.0188841 0.00860937 -0.0167086 -0.00669233 0.0210359 -0.0038082 -0.0066979 -0.00652353 -0.0200933 0.000955186 -0.0020917 0.00308146 -0.00279534 0.0070916 -0.000602489 -0.0232776 -0.00941443 -0.00134764 -0.0011954 -0.0113257 0.00491554 6.73934e-05 -0.00113664 0.0054014 -0.00452377 0.000615236 -0.00339952 -0.00875065 0.0100242 0.00617893 0.00212182 -0.00669299 0.00279163 0.00400338 -0.00374187 0.00581475 0.00687572 -0.00545814 0.00110954 -0.0030082 0.00115385 -0.00500129 -0.00265695 -0.00225305 0.00270156 -0.00346438 -0.000162668 0.000266427 -0.00128191 0.00160027 -0.0120538 -0.0051057 -0.0108707 -0.000614039 0.00195621 -0.00540737 -0.00180246 -0.00447286 0.00571409 -0.00304176 -0.00599295 -0.00652877 -0.0115811 -0.00115505 -0.00308164 -0.00160967 -0.00249303 0.00960802 0.000139587 -0.00900887 0.00934723 -0.00125066 0.00417556 -0.00885136 -0.00504435 -0.0116449 -0.00841766 0.00399338 -0.0011255 -0.00231157 
-0.00117164 -0.00514095 -0.00224611 -0.0145873 -0.00409887 0.00677799 -0.00433969 0.00776851 -0.00246492 -0.0064436 0.00615697 0.220813 -0.00489253 -0.0145163 0.0168951 -3.80296e-05 0.00280748 0.0196402 0.0167097 0.00404615 -0.0268448 -0.00419935 0.00669455 -0.00720379 -0.0207267 -0.00816469 0.000592418 0.0134914 -0.00735116 0.00193364 0.00335482 0.00139554 -0.00774006 0.00879383 -0.00327507 -0.00355744 -0.0149538 0.000774685 0.00373519 0.0111219 -0.0113369 -0.00106131 -0.0136986 -0.00710332 -0.00345559 -0.000939841 -0.000641349 -0.0106872 -0.001467 -0.00973597 -0.000730339 -0.00157081 -0.000971919 -0.00674174 -0.00658691 0.000486558 -0.00499099 0.0026489 -0.00216561 0.00349589 -0.00148038 -0.0037497 -0.00464713 -0.00157125 0.0072822 -0.00332971 -0.000759308 0.00240707 -8.59092e-05 0.0102559 0.00434164 -0.0168009 -0.00994358 -0.00397739 -0.00688995 -0.00864203 -0.014593 0.00187277 -0.00513569 -0.00455907 -0.0154066 -0.00381866 -0.0113262 -0.00424395 -0.00903037 -0.00154148 -0.00590727 0.0142626 -0.00382823 -0.00837037 0.0182794 -0.00702656 -0.00233498 -0.00590381 -0.0152885 -0.000678909 -0.0015121 0.0109358 0.00228496 -0.00183185 
0.000340506 -0.0020106 -0.00146807 4.99851e-05 0.000188147 0.00169082 -0.00122814 -0.00117422 0.0021381 0.000984796 0.00178219 -0.00489253 0.0655932 0.0016461 0.0011788 -0.00187373 0.00170542 -0.00322685 -0.00670881 -0.012058 0.00123635 0.000200125 -0.00251364 -0.0133171 0.00587237 -0.00236641 0.000985955 -0.00686481 0.00625102 -0.000822905 0.000626722 -0.00227542 -9.62408e-05 -0.000225194 0.00032804 0.00197699 -0.00160487 -0.00125289 -0.000846831 -0.000981005 -0.00258771 -0.000144694 -0.00122022 -0.00136075 -0.00150023 -8.66745e-05 -0.00129289 0.00402452 0.0025041 -0.00264072 -0.00201388 -8.3143e-05 4.90429e-05 0.000194697 0.00084318 0.00184005 -0.000101227 0.00230555 -0.0010855 -0.000194144 0.00056541 0.000205181 -0.002725 -0.000350336 -0.00146878 0.000907708 -0.000932923 0.00215382 -0.000195489 0.00236912 -0.00374651 -0.0029794 0.00292957 0.00193333 -0.00102562 0.00101193 -0.00154282 -0.000822801 -0.000602115 -0.00132106 -0.00602161 0.00131797 0.00700326 0.000731822 -0.00293838 -0.0011075 -0.000477224 -0.007102 -7.27872e-05 1.41176e-05 -0.00166562 -0.000294963 0.000284636 -0.00186234 -0.000760857 -0.00215084 -0.00295444 -0.000918909 -7.99039e-05 0.000275662 
8.9143e-05 -0.0103504 0.000781868 -0.00384409 -0.00349384 -0.00139063 0.00369099 -0.00891447 -0.00324971 -0.0012853 0.0237763 -0.0145163 0.0016461 0.221898 0.0198935 -0.022134 0.0133375 -0.0219255 6.79035e-05 -0.00433989 -0.0186714 0.0297496 -0.0181811 -0.0242264 0.0233365 -0.000505707 -0.010108 -0.0253456 -0.0319306 0.00140433 0.00175048 -0.0104463 0.00436173 0.00231149 -0.00465994 -0.0107603 -0.00045589 -0.00262742 0.001192 -0.0245492 0.00922941 0.000451325 0.00146559 -0.00203106 -0.00953172 -0.000990837 0.000434382 0.00124424 -0.010271 0.00830273 0.00770159 0.00571482 0.00390414 -0.00291584 -0.00328466 -0.00164963 0.00313065 -0.000624799 -0.00309478 -0.00408941 0.00433089 -0.00512875 -0.0106684 -0.000125456 0.0017456 -0.00471491 -0.00554544 0.0130187 -0.0025378 -0.0152899 -0.01403 0.00035867 -0.00618054 -0.00273581 -0.00933807 0.0042042 0.00777904 0.00145527 -0.00256779 -0.0022257 -0.00274124 0.00555545 -0.00344527 -0.0012852 0.00088766 -0.00602557 0.00455286 -0.0139499 -0.00282254 -0.00939867 0.00773412 -0.0024165 -0.00183559 -0.00849184 0.00516202 0.00576354 -0.008218 0.00734554 -0.0020962 -0.000548915 
-0.00388205 -0.00561765 -0.00494757 0.0164041 -0.00401116 0.0117782 -0.00476294 -0.0589791 -0.0116507 -0.00217174 0.0326866 0.0168951 0.0011788 0.0198935 0.230935 -0.0400439 0.0163028 -0.0011127 0.016502 -0.0134879 0.00753636 -0.00959424 -0.0244118 -0.00447601 0.0258816 -0.0219815 0.000181868 -0.000656377 -0.0114875 0.000386691 -0.00919029 0.0102486 -0.00291004 0.0099604 -0.0040095 -0.0188907 0.000682951 -0.00637412 0.0040174 -0.0213474 0.00495937 -0.00116808 0.000838972 0.000348232 -0.00951379 -0.000338711 -0.00100485 -0.0112658 -0.00318536 0.016562 0.0046901 -0.00380463 0.00131217 0.00698271 -0.0060778 0.00352358 -0.0129529 -0.01035 0.00631153 0.0011839 0.00179609 -0.00409795 -0.0416107 0.00077147 0.00127895 -0.000901573 -0.000722458 -0.00686693 -0.000603145 0.00890177 -0.0174812 0.000180794 -0.0170064 -0.0017642 0.00085115 -0.00269445 -0.011604 -0.00248455 0.00795592 -0.00415943 -0.0121737 -0.00367136 -0.00138898 0.00179848 0.000217087 0.000294452 0.00500181 0.0210131 0.00263447 0.00272672 0.00981583 0.00204703 -0.00465348 -0.00630504 -0.03147 0.00368606 -0.0213992 0.004956 -0.00396283 -0.00143156 
0.000787463 0.00572328 0.00189163 -0.00650665 -0.00486837 -0.0150579 -0.00212411 0.0352431 -0.0269655 -0.000194987 -0.0290617 -3.80296e-05 -0.00187373 -0.022134 -0.0400439 0.249138 -0.0456607 0.0134484 -0.00597606 0.0581247 -0.0194917 0.003712 0.0222161 0.0429832 -0.0368029 -0.0131748 -0.0164173 -0.0180874 0.0103669 -0.0151951 0.00810964 -0.0142436 -0.00640425 -0.0247428 0.000547928 0.0203194 0.0139486 0.00512312 -0.00627129 0.044444 -4.09797e-05 5.59444e-05 -0.0180267 -0.00978416 0.0107479 -0.00528649 -0.00165314 -0.00428926 0.00152893 -0.00787624 -0.0111535 -0.00340041 -0.00709097 -0.00655909 0.000820701 -0.0174506 0.00217637 -0.00222061 -0.0121036 -0.0139408 -0.00117624 0.000344721 0.0134308 -0.00503765 -0.00807583 -0.00309827 -0.000348629 0.00393137 -0.00129413 0.0148044 0.0177519 -0.00535093 -0.00292777 -0.00369062 -0.0114492 -0.00250818 -0.0106028 -0.0053153 -0.0114031 0.00401025 0.00408523 0.000432413 -0.0242787 -0.000558894 -0.00571244 -0.0115602 -0.00017135 0.00158802 0.00338757 0.00202819 -0.0209952 -0.00529983 0.0065186 0.0133139 0.00280232 0.0025335 -0.0012542 -0.00378397 -0.00435732 4.39066e-05 
-0.000124596 -0.0117447 -0.00822785 -0.0100434 -0.00515253 -0.00443798 -0.00158275 -0.0422744 0.01955 -0.00313242 0.0327593 0.00280748 0.00170542 0.0133375 0.0163028 -0.0456607 0.231518 -0.00273733 0.00738906 -0.0212078 -0.0188037 0.0384793 -0.0292429 -0.0368012 0.0259319 0.00493098 0.000328819 -0.00960311 -0.0248168 0.00796628 -0.00799482 0.010421 0.00500223 0.0067927 -0.000837784 -0.0244697 -0.0105263 0.00160124 -0.00083323 -0.0324976 0.00043529 -0.000675544 0.00599528 -0.00031366 -0.00533153 0.00241728 -0.00349743 -0.01065 0.00540171 0.00587906 0.00486894 0.00709111 -0.00304307 0.0063054 0.00082589 0.00216041 0.00677736 -0.00366002 0.00101327 0.00471441 0.000740896 -0.00634527 -0.00175168 -0.00358661 0.00155016 -0.003868 -0.00783792 -0.00591659 -0.00265453 0.00376142 -0.0258345 0.00243294 -0.00851318 -0.00111491 0.00892786 -0.000429219 0.0119668 -0.00291544 -6.20666e-05 0.00488341 -0.0127465 -0.0044927 0.0113442 0.000236812 -0.00543239 -0.00329238 -0.00301092 -0.015631 -0.00606309 -0.00656186 0.0170938 0.000836385 -0.0103481 -0.00684769 -0.00800555 -0.00522063 -0.0107264 -0.00236238 0.000618595 0.00639365 
-0.0129987 0.000362376 -0.00108601 -0.0106451 -0.00402085 -0.00838523 -0.00152752 0.00666346 -0.0104749 -0.00173942 -0.00898789 0.0196402 -0.00322685 -0.0219255 -0.0011127 0.0134484 -0.00273733 0.248529 0.0201826 0.0305921 -0.0352254 0.0123324 0.0171405 0.00501627 -0.0247956 0.029173 -0.00628544 -0.00759864 -0.0242287 -0.0180407 -0.00362377 -0.00402858 -0.0206603 -0.000269094 -0.00395067 -0.00508049 -0.00574169 0.00519177 0.00126034 0.0235451 -0.00922884 -0.00144934 -0.00242635 -0.00371236 0.000714447 0.000573571 -0.0027375 -0.00156314 -0.0235224 -0.0138879 -0.00349866 0.0110324 -0.0058472 -0.0105872 -0.00491402 0.00139215 -0.00107122 -0.00165208 -0.00301254 0.00024891 -0.000518661 -0.00495218 0.0368335 -0.00336001 0.000231866 0.00104849 -0.00318076 -0.00869791 0.000745847 0.0170353 -0.00649076 -0.0109978 -0.00421287 -0.00358623 -0.00763189 -0.0163406 -0.0191143 0.00237544 -0.00670062 -0.00279701 -0.0118957 0.00232892 -0.0210449 -0.00596646 0.000405018 0.00031787 -0.00897617 0.0154257 -0.00171409 0.0121633 0.0101115 -0.0111509 -0.00248128 -0.00614251 -0.0233196 -0.0129598 -0.0154888 0.00478509 0.00458543 0.00179702 
-0.00353811 -0.00572451 -0.00645777 -0.00759179 0.00219147 0.00470715 -0.00217167 0.0228682 -0.00280166 -0.0140225 0.0216781 0.0167097 -0.00670881 6.79035e-05 0.016502 -0.00597606 0.00738906 0.0201826 0.218246 0.00906873 -0.0297175 0.0174972 0.0227715 -0.0174247 -0.0270336 0.00629122 -0.0268637 0.0069189 -0.0287652 0.00119392 -0.00757104 -0.00439458 -0.0111623 0.00338541 -0.00501051 -0.000550765 -0.0153637 -0.011066 -0.00496567 -0.0145259 -0.00628358 -0.00145317 -0.00507713 -0.00187146 -0.0078806 -0.00527938 -0.00668974 0.00457203 -0.00929395 0.0141129 -0.00283007 0.0111023 0.00307274 0.00473313 0.000251848 0.00527246 -0.000986465 -0.000717997 -0.00420201 0.00848797 0.000512367 -0.0094683 0.0316256 -0.0060409 -0.000779905 -0.00342797 0.0148104 -0.0109416 -0.00294824 -0.00769944 -0.00720158 -0.00213537 -0.00837422 -0.00277252 -0.0134865 -0.0115178 0.0151872 0.00709167 -0.00375369 -0.00751978 -0.0200642 -0.00235669 -0.0144167 -0.014082 -0.0129431 -4.13967e-05 -0.009925 0.0368038 -0.00546752 0.00145046 -0.00421242 -0.00423419 -0.0111566 -0.00769762 -0.013035 -0.0204212 -0.00182213 -8.0061e-05 -0.000656993 -0.00410125 
0.000620969 0.00399841 0.00120903 0.00381629 -0.00138825 -0.0134705 -0.00158146 0.0260492 -0.028034 -0.00285363 -0.0217572 0.00404615 -0.012058 -0.00433989 -0.0134879 0.0581247 -0.0212078 0.0305921 0.00906873 0.246936 -0.0332008 0.000480067 0.0112709 0.049025 -0.0324559 0.00184397 -0.0221931 -0.0117131 -0.0120646 -0.0165186 -0.00183868 -0.0147362 -0.00508547 -0.00924352 -0.0054122 0.0209903 0.0030219 0.0011096 0.000988671 0.01933 -0.000736863 -0.000631875 -0.00851985 -0.00543853 0.00613841 -0.00226849 -0.000237657 -0.015146 -0.00753779 -0.0102275 -0.00403918 -0.00136883 -0.00337458 -0.00469051 -0.00851803 -0.0122123 -0.0020207 -0.00362264 -0.0170797 -0.0101051 -0.000896111 0.000886274 0.0197778 -0.00482896 -0.00369434 0.00119161 -0.00721746 -0.0080121 -0.00194727 0.00208462 0.00517319 0.00487196 -0.00844737 -0.0071863 -0.00817875 0.000827669 -0.00490299 0.00570188 0.000732522 0.00131846 -0.00437139 -0.00509422 -0.0210404 -0.00280195 0.0016877 -0.00477529 -0.00398991 0.00433503 -0.00289349 0.00342456 -0.0280342 -0.00569616 -0.00198663 0.00414827 -0.0133147 0.00303374 0.00369405 -0.000426459 -0.00302037 -0.00637584 
0.00176579 0.008903 0.00126755 0.00955842 -0.00191704 -0.00189918 -0.00580271 -0.0334664 0.00320384 0.00340381 -0.0188841 -0.0268448 0.00123635 -0.0186714 0.00753636 -0.0194917 -0.0188037 -0.0352254 -0.0297175 -0.0332008 0.213855 -0.0623566 -0.0193892 0.0089844 0.0247535 -0.018693 0.0221286 0.00886802 0.0310031 0.000746946 -0.0036195 0.0163876 0.00131241 0.00591764 0.00512429 -0.0229165 0.0022451 -0.00386499 0.000754175 0.00997887 0.00220578 0.000522423 0.00592348 -0.00587772 0.0024552 0.00144025 0.00674374 -0.00973623 -0.00554057 0.00745776 -0.00766677 -0.0188302 0.0011987 -0.00292145 -0.00381329 -0.0043447 -0.00162918 -0.0025638 0.0114651 -0.00457767 -0.00203812 0.00712389 -0.0632776 0.00302558 -0.00440661 0.00393138 0.00537424 -0.0124881 -0.00310724 -0.00661239 0.00206326 0.014262 0.00751486 0.00252658 0.00900435 0.0116176 -0.0114798 -0.0116684 0.0041059 -0.00473022 0.0271816 -0.00063095 0.0130582 0.0078244 0.00910833 0.00917242 0.00447079 -0.00637903 -0.00244556 0.00264414 0.00352061 0.000202092 -0.00124775 0.00287057 0.00496325 0.00795382 -0.00824152 -0.0062781 -0.000328097 -0.00424169 
0.000988025 -0.0116551 -0.00416326 -0.0309397 -0.00195682 -0.00203901 -0.00104132 0.0281596 0.0142024 -0.00249798 0.00860937 -0.00419935 0.000200125 0.0297496 -0.00959424 0.003712 0.0384793 0.0123324 0.0174972 0.000480067 -0.0623566 0.23811 0.0156987 -0.0508368 -0.0101951 0.00871008 -0.0213343 -0.00578525 -0.0295228 -0.00625354 0.000257666 -0.0291972 0.00321082 -0.00215391 -0.00401803 0.016111 -0.0161241 -0.00145787 -0.00868921 -0.0201285 -0.014059 -0.00125307 -0.00798733 0.00421046 -0.00617404 0.00106268 -0.00915214 0.0124192 -0.00382414 -0.00946616 -0.000682507 0.0152584 -0.00449546 0.00176807 0.00424735 -0.00172353 -0.000977734 -0.000478428 -0.00241649 -0.00243464 0.000188989 -0.00712914 0.045403 -0.00362143 0.00146079 -0.00685291 -0.00378034 0.013543 -0.000233129 0.00846543 -0.0107353 -0.00477616 -0.011738 -0.00121289 -0.0103287 -0.0134375 0.000378932 0.00602082 -0.00394974 0.000916985 -0.0129479 -0.00405747 0.0114514 -0.00403226 -0.00601131 -0.00693335 -0.0083767 0.00543635 -0.00704564 -0.00445149 -0.0178163 -0.000754831 -0.0096121 -0.0171056 0.00857675 -0.0024279 -0.00224991 0.00297379 -4.28439e-06 0.00259634 
-0.00724906 0.00842351 0.00174722 0.0053864 0.00409919 0.000487359 -0.0153974 0.0218572 -0.00608212 -0.00454197 -0.0167086 0.00669455 -0.00251364 -0.0181811 -0.0244118 0.0222161 -0.0292429 0.0171405 0.0227715 0.0112709 -0.0193892 0.0156987 0.24829 -0.0147955 -0.0360477 -0.0112309 -0.00435686 -0.0112665 -0.000334055 -0.00230331 -0.0018316 -0.0180246 -0.000680387 -0.00489236 -0.00153689 0.00111174 -0.0192776 -0.000920299 -0.00509358 0.0037414 -0.018593 -0.00125008 -0.019848 -0.00451171 0.0027665 -0.00665034 -0.00693866 0.00386571 -0.0117463 0.00491957 -0.00676377 -0.000243006 -0.00334433 -0.00377836 0.000533955 -0.00939569 -0.0208998 -0.00277564 -0.011755 0.00352607 -0.000969306 -0.00396338 0.0122806 -0.00303514 -0.00258596 -0.00122039 0.012083 0.00541673 -0.00287002 0.0103937 0.00775532 -0.00856044 -0.00578636 -0.00115075 -0.0247089 0.00162912 -0.0122673 -0.00263395 0.00474432 -0.0016363 -0.00764848 -0.012136 -0.00489346 -0.00685005 -0.0052406 -0.000951271 -0.00910182 0.0546162 -0.00218899 0.00873846 0.0131902 -8.72305e-05 -0.00459812 -0.0030952 0.0152553 -0.0137669 0.00659964 -0.00653116 -0.00583001 -0.000139547 
0.0075845 0.0065062 0.00334595 0.0156201 -0.00715427 -0.00319209 0.00767428 -0.0230893 -0.0126146 0.000246351 -0.00669233 -0.00720379 -0.0133171 -0.0242264 -0.00447601 0.0429832 -0.0368012 0.00501627 -0.0174247 0.049025 0.0089844 -0.0508368 -0.0147955 0.244822 -0.0199058 -0.00961167 -0.00171388 -0.00755402 0.0119029 -0.0127432 -0.00875142 0.00913837 -0.0080365 -0.0148086 0.00398217 -0.00545722 0.0167307 -0.000833272 0.00108177 0.0179362 0.00464499 -0.000395614 0.00206707 -0.00657565 5.46396e-05 -0.00165494 0.00303646 -0.013533 0.000442913 -0.00930746 -0.00347643 -0.00281952 -0.00167282 -0.00815612 -0.00921128 -0.00846442 -0.00438803 -0.00100969 -0.00802517 -0.0100609 -0.00463096 0.00339051 -0.00904086 0.000846492 3.3795e-05 -0.00070151 -0.00391048 -0.00609744 -0.00143964 -0.000357584 0.0116985 0.00139533 -0.00707468 -0.00245715 0.00652704 -0.00192548 -0.00329423 -0.0106256 -0.0120572 -0.00280588 0.0211745 0.00116489 -0.0277545 8.81295e-05 0.00192984 -0.00271291 0.00329852 -0.0286646 0.00163841 -0.00380722 0.00127537 -0.00317086 0.0045847 0.0141772 -0.000640039 0.00397141 0.00445029 0.00167261 -0.00466572 -0.0083183 
-0.000536826 -0.00456206 -0.00208823 0.0024558 -0.00363341 -0.00266929 -0.0012576 -0.0454811 0.0139279 -0.000110856 0.0210359 -0.0207267 0.00587237 0.0233365 0.0258816 -0.0368029 0.0259319 -0.0247956 -0.0270336 -0.0324559 0.0247535 -0.0101951 -0.0360477 -0.0199058 0.167168 -0.0093175 0.00560993 -0.00756764 -0.00138363 0.00190675 -0.00109449 0.013408 0.00152808 0.00344331 0.000772201 -0.00914116 -0.00411469 0.00151098 0.000662046 -0.0185586 0.00579262 0.000508474 0.0225519 -0.000690464 0.00349691 0.00416426 0.00200229 -0.0025609 0.00238927 0.00554738 0.00235004 -0.0117513 0.00415248 0.00179571 -0.00396201 0.00441805 0.00702592 -0.00288112 0.00676966 0.000289285 0.000582075 0.00333672 -0.0356001 0.00137383 0.000726661 0.00031087 -0.00188324 0.00310165 -0.00166141 -0.014877 -0.0131391 -0.00287243 -0.00813867 0.00282792 0.0035707 0.00126356 -0.00237872 -0.00515113 0.00353289 0.00141948 0.00373462 -0.00124458 0.0110478 0.00659422 0.00295714 -0.00228289 8.53508e-05 -0.013945 0.00111189 0.000488847 -0.00128594 0.00156518 -0.00275393 -0.00140186 -0.0109032 0.00546607 -0.00982235 0.00342033 0.000489428 -0.000798457 
-0.00171262 -0.00206665 -0.00363823 -0.00919028 0.00482069 -0.0021371 -0.000545682 0.017941 -0.00297193 -0.000234569 -0.0038082 -0.00816469 -0.00236641 -0.000505707 -0.0219815 -0.0131748 0.00493098 0.029173 0.00629122 0.00184397 -0.018693 0.00871008 -0.0112309 -0.00961167 -0.0093175 0.144587 0.00473986 -0.00825112 -0.0165721 -0.00325723 -0.000587289 -0.00175902 -0.00531064 -0.009649 -0.00092286 -0.00166025 -0.00430361 -0.00295583 -0.00106088 -0.00100214 -0.00380654 1.07782e-05 -0.00208389 0.00630089 -0.00103169 -0.00013182 -0.000961304 0.0042363 -0.00582565 -0.00459281 -0.00143368 0.000208126 0.000884043 -0.0012012 0.00537073 -0.00287643 -0.00191137 0.000559848 -0.00572411 0.000833144 0.000286803 -0.0016789 0.011467 -0.000580794 -0.00231904 0.00216529 -0.00155246 -0.00392074 0.00253061 0.000337718 -0.00409835 -0.00347132 -0.00746066 -0.000814865 -0.00606754 -0.00428423 0.00857859 0.00947143 -0.00448477 -0.00166804 -0.0069922 -0.000197725 -0.00141765 -0.0016721 -0.00166984 0.00065543 -0.000317664 -0.0105327 -0.0029522 -0.00402232 -0.000263992 -0.00350822 0.00181533 -0.00223709 -0.00063007 -0.00524102 0.00127507 0.00677226 0.00470328 0.00278025 
0.000637274 -0.00120268 0.00219236 0.00366566 0.000649512 -0.00113586 -0.00174997 -0.011026 -0.000436807 0.00107882 -0.0066979 0.000592418 0.000985955 -0.010108 0.000181868 -0.0164173 0.000328819 -0.00628544 -0.0268637 -0.0221931 0.0221286 -0.0213343 -0.00435686 -0.00171388 0.00560993 0.00473986 0.0785346 -0.00059914 0.00370916 -2.38901e-05 0.00061643 0.000305556 -0.00054915 0.00157868 0.000748569 -0.012071 -0.00184918 0.000866644 0.000948825 -0.00212945 0.00213307 0.000280247 0.00163484 0.00162899 0.00269033 -3.67692e-05 0.00122028 -0.00210784 0.00071492 -4.0417e-05 -0.000571144 -0.00424539 0.000266726 0.000368663 0.000850047 -0.000733489 0.000319614 -0.000855368 0.0037567 -0.000968372 -0.000144797 0.00102033 -0.0146792 0.00373191 -0.000869586 0.00436853 -0.000552653 -0.00422187 0.000491417 -0.0010074 0.00238208 0.00360499 -0.00138315 0.00159187 0.00573238 0.000241872 -0.0041105 -0.00188516 0.00137454 -0.00082956 0.00836589 -0.00263756 0.00489927 0.00343055 0.00326284 0.00222012 0.0003607 -0.0116647 -0.000493721 -0.00299326 0.00841473 0.00271067 0.00018858 0.00194268 -0.00157787 0.00194042 -0.00255878 -0.00165876 0.00108773 0.00224288 
-0.00386063 -0.00418144 -0.00150037 -0.0125875 0.00216092 0.0061026 0.00127957 0.00217911 -0.00801933 -0.00425056 -0.00652353 0.0134914 -0.00686481 -0.0253456 -0.000656377 -0.0180874 -0.00960311 -0.00759864 0.0069189 -0.0117131 0.00886802 -0.00578525 -0.0112665 -0.00755402 -0.00756764 -0.00825112 -0.00059914 0.179075 -0.0124035 0.00220594 0.000815739 -0.000183874 -0.00570234 0.000454539 0.00116688 -0.00935312 0.00201676 -0.00176703 -0.000333739 0.00752957 0.00420752 -0.00020699 -0.00877332 0.00844975 -0.0046172 -0.00138358 0.00354028 -0.00515595 -0.00597626 0.00159721 0.000472864 -0.00444945 -0.000149134 -0.00612213 -0.00286863 0.00699073 -0.00176063 0.00310372 0.00144579 0.00390302 -0.00103361 -0.00194785 0.0111345 0.000408034 0.00137038 -0.00106765 -0.00591037 -0.0075556 0.000120965 -0.00335841 0.00739442 -0.00683549 -0.00130146 -0.00122345 0.00403143 -0.0012814 2.84171e-05 -0.00548199 0.00250821 -0.00251297 0.00768497 -0.00507512 -0.0058624 -0.00537004 -0.00251737 0.00220061 -6.88878e-05 -0.00535941 0.00295122 0.00733177 0.00580292 -0.00276614 -0.000629845 -0.00495178 0.00357282 -0.00712652 -0.00065861 -0.00892725 0.000346991 -0.00301737 
-0.0026627 0.00403119 -0.000778811 0.0139547 -0.00285306 -0.00599841 -0.0015999 -0.00899732 0.0135974 0.0054244 -0.0200933 -0.00735116 0.00625102 -0.0319306 -0.0114875 0.0103669 -0.0248168 -0.0242287 -0.0287652 -0.0120646 0.0310031 -0.0295228 -0.000334055 0.0119029 -0.00138363 -0.0165721 0.00370916 -0.0124035 0.162153 -0.00157327 -0.000733273 0.00358585 0.00320245 -0.0018586 0.000110331 -0.00443303 0.00336393 -0.00416968 0.00204199 0.00217589 -0.00364277 -2.69534e-05 0.00331317 -0.00415146 -4.45386e-05 -0.000670758 -0.000655987 0.00515895 0.00571971 -0.00569438 -0.00640457 -0.00149859 -0.00273427 -0.00181369 -0.00124408 -0.00104876 -0.00531227 -0.00320112 0.00590187 -0.00161862 -0.00172812 0.00239486 -0.0272292 -0.000393416 -0.00219756 -0.000293987 0.000537563 -0.00514609 -0.000163285 0.0100243 0.0118005 0.00551897 0.00563974 0.00230913 0.00538527 -0.00122042 -0.00548599 -0.0049533 0.00149286 0.00128992 0.00434287 -0.00221371 0.00747241 0.00185213 -0.000329615 -0.00253898 -0.000114608 -0.017293 -0.00503918 -0.00582427 -0.00658119 0.000231518 -0.0030265 0.00538026 0.0134637 0.00681536 0.0110527 -0.005765 0.000487866 -0.000547279 
0.000705028 0.000110522 -0.00118822 -9.25074e-05 0.00115987 0.00235574 -0.00130622 -0.00440189 0.000841315 -0.00108078 0.000955186 0.00193364 -0.000822905 0.00140433 0.000386691 -0.0151951 0.00796628 -0.0180407 0.00119392 -0.0165186 0.000746946 -0.00625354 -0.00230331 -0.0127432 0.00190675 -0.00325723 -2.38901e-05 0.00220594 -0.00157327 0.0624465 0.00231577 0.00144977 0.00019386 0.00459601 -0.000431922 -0.00337133 0.00103945 -0.00130569 -0.000675908 -0.00672773 -0.00134003 -0.000136155 0.00119969 -2.24427e-06 -0.00260183 -0.000182351 0.000670184 -6.92204e-05 0.00194092 0.000871097 0.00364601 -0.00112543 0.00175285 0.00167154 0.000407543 0.00202478 -0.000642225 0.00294822 -0.00087962 0.00160289 0.000666897 -0.000643536 -0.00205589 -0.000218858 -0.000503975 5.79819e-05 -0.000566109 -0.00161888 8.19082e-06 -0.00377161 -0.00316646 -0.00180925 0.00322645 0.000502903 -0.00226955 0.00503686 0.00628815 -0.00126381 0.00148108 0.000160917 -0.00480794 -0.00163663 0.00363316 -0.00150713 -0.000278754 0.00128865 0.000241035 -0.00924943 0.000404901 -0.00139053 0.0038493 0.00184804 -0.00274006 -0.00152085 0.00114798 -0.0018513 0.00194581 -6.88611e-05 0.00128666 -0.000491749 
-0.00381344 -0.000522707 -6.09676e-05 -0.00474121 0.000999499 0.000583713 -0.00143338 0.00340685 -0.00478757 -0.00183058 -0.0020917 0.00335482 0.000626722 0.00175048 -0.00919029 0.00810964 -0.00799482 -0.00362377 -0.00757104 -0.00183868 -0.0036195 0.000257666 -0.0018316 -0.00875142 -0.00109449 -0.000587289 0.00061643 0.000815739 -0.000733273 0.00231577 0.106343 -0.00314454 -0.00238558 0.00198627 -0.000759591 -0.00365242 -0.000158947 0.00159677 -0.00218462 -0.00216126 -0.00334817 9.69368e-05 -0.00562458 -0.00322826 0.00402182 0.000939562 -0.000951748 0.00196968 -0.000757022 -0.00222659 -0.00122057 -0.00675519 0.000927704 -0.00172058 -0.00179701 -0.00153705 -0.000970664 0.00395418 -0.00387882 -0.001151 -0.000791474 0.000431358 -0.00968747 0.000366406 0.00254829 0.00104979 -0.00420557 -0.00350015 0.00042091 0.000720518 0.000587784 -0.00550442 -0.00409563 -0.000615731 0.00178335 0.00612689 -0.00451876 0.000746252 -0.000204174 0.00303645 -0.00499026 -0.00369272 -0.000398326 0.00249388 0.00331045 -0.00234914 -0.00213949 -0.007102 -0.00327647 -0.0030691 -0.00205577 5.74474e-05 -0.00348035 -0.00103517 0.00390645 0.00522529 0.00433999 0.00121875 0.000133013 -0.000732248 
0.000961604 -0.000672606 0.00034147 0.00890596 -0.00190138 0.00488177 0.000843904 -0.024737 -0.014115 -0.000460891 0.00308146 0.00139554 -0.00227542 -0.0104463 0.0102486 -0.0142436 0.010421 -0.00402858 -0.00439458 -0.0147362 0.0163876 -0.0291972 -0.0180246 0.00913837 0.013408 -0.00175902 0.000305556 -0.000183874 0.00358585 0.00144977 -0.00314454 0.128376 -0.00284458 0.00130975 0.00157524 -0.0167587 0.000236236 0.000719891 0.00346609 -0.000445749 -0.0005803 -0.000110542 0.00523902 -0.00115543 0.00662813 -0.000890552 0.00439959 -0.00129265 0.00303888 0.00765813 -0.00067946 -0.00445505 0.00249988 0.00125961 0.00064171 0.00562697 0.00422451 -0.000769341 0.000603831 -0.00182617 -0.00182919 -0.0017789 -0.0102589 -9.63881e-05 0.00148213 0.00143457 0.00162584 -0.00739016 -0.00117254 -0.00759048 -0.00623371 -0.00309194 -0.00487732 0.00112584 -0.00479304 0.00133398 -0.00427186 -0.00545189 -0.0012942 -0.0005169 -0.00110016 -0.003015 -0.0119532 -0.000319147 0.000588007 -0.00132579 0.00209629 -0.0148149 0.000254778 0.00536526 0.0191416 -0.00162375 -0.003295 -0.00225244 -0.00738234 -0.00345859 -0.00401903 -0.000989704 3.38953e-05 -0.00501661 
0.00575307 0.000448558 0.00102188 -0.00426114 0.00123853 -0.0017428 0.00157613 0.00213951 -0.00306789 0.00155816 -0.00279534 -0.00774006 -9.62408e-05 0.00436173 -0.00291004 -0.00640425 0.00500223 -0.0206603 -0.0111623 -0.00508547 0.00131241 0.00321082 -0.000680387 -0.0080365 0.00152808 -0.00531064 -0.00054915 -0.00570234 0.00320245 0.00019386 -0.00238558 -0.00284458 0.080566 -0.0054096 0.000674568 0.00455351 0.00621842 0.000635318 -0.00166501 -0.00303052 -0.00362798 0.000316516 -0.00339456 -0.000346625 0.00270144 0.00245821 -0.00120056 0.00570806 0.00901571 -0.000812802 -3.22599e-05 -0.00423974 -0.00204797 -0.00230643 0.00310206 -0.000525014 0.0029117 -0.00165385 -0.00075896 0.0012777 0.000106718 -0.000566197 -0.0113135 -0.000335803 -0.00211453 -0.000643901 0.00302336 0.00250826 -0.000780171 -0.00292315 0.000767436 -0.00285736 -0.00209376 -0.000280217 -0.00147781 -0.00224164 -0.00367366 -0.00101716 0.000272153 0.00289553 0.00207648 -0.00154099 0.006743 0.00220109 -0.0019616 -0.00210808 0.000117968 -0.0102599 -0.000298444 -0.00259971 -0.00558407 0.000230276 -0.00224364 -0.00359662 0.00689262 -0.00121522 0.00516805 -0.00242285 -0.000913229 0.00386062 
-0.000454484 -0.00346671 -0.00327638 0.00430667 -0.00201026 0.000339112 -0.00122522 -0.00458626 -0.00395432 -0.00087113 0.0070916 0.00879383 -0.000225194 0.00231149 0.0099604 -0.0247428 0.0067927 -0.000269094 0.00338541 -0.00924352 0.00591764 -0.00215391 -0.00489236 -0.0148086 0.00344331 -0.009649 0.00157868 0.000454539 -0.0018586 0.00459601 0.00198627 0.00130975 -0.0054096 0.120455 -0.000867952 0.00468901 -0.00679106 -0.00166437 -0.001161 -0.000223811 -0.00177737 -0.000548427 -0.00227913 -0.00163675 -0.00703744 -2.66724e-05 -0.00180469 0.00203078 -0.000185524 0.00192927 0.00169795 -0.00135968 0.00272279 -0.00243213 -0.00351528 0.00165545 -0.00323787 -0.000214122 -0.00015396 0.00255932 0.00079875 -0.00142926 -0.00453072 -0.00195328 0.00223593 0.00188123 -0.00242889 -0.00370166 4.39501e-05 -0.00823946 -0.00518299 -0.00121538 0.0091465 -0.00124148 -0.00559102 0.00516901 0.00141219 -0.000164675 -0.00111788 -0.00345272 -0.00450135 -0.00130711 -0.000809963 -0.00216738 0.00358045 -0.00133447 -0.00235876 -0.00651195 -0.000550795 -0.00275855 -0.0032897 -0.00187942 -0.00526901 -0.0072831 -0.00774108 -0.00525505 -0.00624622 0.00651188 -0.000216385 -0.00104275 
