0.151533 -0.000954215 -0.00308113 0.00552914 -0.00589367 0.00724888 0.00706659 -0.00410258 -0.00369238 -0.00756922 -0.00437151 0.00509773 0.00605311 -8.25655e-05 0.0167302 -0.0082635 0.00666885 -0.00133959 0.0107042 0.00242061 -0.0109721 0.0052703 -0.0133606 0.000288474 -0.00884121 0.0051561 -0.00469612 0.00844043 -0.00691131 -0.0140851 -0.00311396 -0.0183385 -0.00305669 0.00459535 -0.00169148 -0.00966984 -0.00279723 0.00300587 0.00281548 -0.0027186 -0.00460735 0.0112534 -0.00433963 -0.0165762 0.000560954 -0.000711823 -0.00383706 0.00283595 0.00359735 -0.00351294 -0.00430994 0.00432659 -0.0020442 0.000311509 -0.00817922 -0.00497673 -0.00231162 -0.00280545 -0.00452334 -0.00266502 0.00178232 -0.0013402 0.00214997 0.00150863 -0.00254477 0.00544819 -0.000177094 -0.00779358 -0.00282563 -0.00496378 -0.00109719 -0.00451356 -0.00275424 -0.000298412 0.00691669 -0.0110271 -0.0133136 -0.00291474 0.00250392 -0.00902013 -9.43967e-06 -0.00342601 -0.00701601 0.00103522 -0.00207341 -0.000996488 -0.000582369 0.00830547 -0.00463183 -0.00054383 -0.00077996 -0.00190089 0.00149002 -0.00614049 0.00217054 -0.000163921 -0.00472342 0.00138749 -0.00177556 -0.00185692 
-0.000954215 0.0701887 -0.000943335 -9.62626e-05 -0.00128542 -0.00120498 -0.000444226 0.00058177 0.00108532 0.00190081 -0.00119128 0.00289087 0.00499348 -0.000472794 0.00108975 0.00407655 0.000968847 -0.0022521 0.00468731 0.000784226 -0.00906745 -0.00699035 0.0108109 -0.00642378 0.00440514 -0.0162509 0.00723087 -0.0110892 -0.00457079 -0.00526621 -0.00571425 -0.0082827 -0.0024685 -0.00614429 0.000824777 -0.000441461 -0.00176941 -0.00179887 0.0022422 0.00133531 -0.00244597 -0.00167142 -0.000426695 0.00407323 -0.00283627 -0.00136753 -0.0007452 -0.00174427 -0.000686701 -0.00360065 0.00158699 -0.00223792 0.000787948 -0.00307259 0.00197615 -0.00963368 -0.00134448 0.00878986 -0.000307432 -0.000323491 0.00113804 -0.000632377 -0.00465573 -0.00409533 -0.000263435 0.00143013 -0.000256595 -0.000653108 -0.00225173 0.00272995 0.000812164 -8.07018e-05 -0.000596426 0.00221428 -0.000383509 -0.000335867 -0.00321157 -0.00153026 -0.000606019 -0.0052907 0.000974566 0.00332854 0.00670993 0.000500852 -0.000752132 -5.50325e-06 -1.5369e-05 -0.00437415 0.00133572 -0.000128679 -0.000110597 -0.00148876 -0.000121768 0.000665232 -0.000282599 -0.000150921 0.000556883 0.000246951 -0.000380432 0.000267042 
-0.00308113 -0.000943335 0.139708 0.00846239 0.000525379 0.00450433 -0.0036754 0.00138952 0.000243513 0.00302513 -0.00353952 -0.00506027 -0.00794699 0.0120601 0.00328277 -0.00887254 -0.00717746 -0.013647 0.00539764 0.00573381 0.00586551 0.0106086 -0.0174335 -0.000120911 -0.00461482 0.000999379 -0.00432072 -0.011765 0.00398688 -0.0141329 0.00822298 -0.00903311 -0.00636478 -0.00296152 -0.00245556 0.0057103 0.00110506 0.00468675 -0.00701066 -0.00448605 0.00899356 0.00420002 -0.00530146 -0.00290222 -0.00254043 -0.00152512 -0.00140867 -0.000720231 -0.000963522 -0.00487085 -0.00475773 -0.00185003 -0.00136035 0.0042814 -0.00879516 -0.00522797 -0.00222819 -0.0153119 -0.00181286 0.00695175 -0.00265857 -0.0109139 -0.00156225 -0.0110609 0.0104326 0.000158572 -0.000729303 -0.00799415 -0.00413895 -0.00406331 -0.00200669 0.00227533 -0.00352839 0.0056089 -0.00781896 0.00663587 -0.0103632 0.0129022 3.65866e-05 0.00247202 8.95658e-05 -0.00294914 -0.00579973 0.000956846 -0.00227127 -0.000129261 -0.00762884 -0.00155256 0.00359531 -0.000546246 -0.00262229 -0.000389665 -0.000127808 0.00118198 0.000169229 -0.000870835 -0.00340104 0.00241174 -0.00291724 -0.000607579 
0.00552914 -9.62626e-05 0.00846239 0.147117 -0.00372746 -0.00215386 -0.00578241 0.00258293 -0.00336329 -0.0066206 -0.00109576 -0.00475153 -0.00104772 0.0166123 0.0108712 -0.00245215 -0.00903557 0.0116495 0.0185768 0.0193644 -0.0212888 -0.0224828 0.00859704 0.000172941 0.00720434 -0.00952881 0.0111974 -0.0156871 -0.00406055 -0.00188762 -0.0155169 -0.0256583 -0.000135924 0.010724 -0.00107586 -0.00285436 -0.000261078 -0.000271649 -0.00571075 -0.00245767 -0.00540219 -0.00586404 -0.00782687 -0.00681119 -0.0104198 -0.00153765 -0.00306287 -0.000211037 0.00150871 -0.0105088 -0.00253809 -0.00703128 -0.00279426 0.0138084 -0.0106571 -0.00494356 -0.00423483 -0.00222796 -0.00545269 -0.000813238 0.00193437 -0.00756658 -0.00551766 0.00423378 -0.00932965 0.00817458 -0.00369099 -0.00390476 -0.000908534 -0.00711615 0.00161837 0.00437243 -0.00302928 0.0014587 0.013177 0.00533308 -0.010363 -0.000611463 -0.00102808 0.00193166 -0.00146977 0.00509117 0.00301336 -0.000465001 -0.00336722 -0.00158187 -0.00215779 0.00063208 -0.00533318 -0.00101585 0.00140889 -0.00324384 -0.000807373 -0.00556995 -0.00234331 -0.00358292 0.00174554 0.00154157 -0.00103194 -0.00326639 
-0.00589367 -0.00128542 0.000525379 -0.00372746 0.085669 -0.0016398 -0.00337886 0.000242667 -0.00058792 -0.00385567 0.00556565 0.000945446 -0.00255669 -0.00355409 -0.0057533 0.00252353 -0.0107555 -0.00378584 -0.00933943 -0.0103049 0.000473197 -0.0173996 -0.0130955 -0.00491859 -0.00425875 0.00469145 -0.000877791 0.00520455 -0.00398373 0.00739661 -0.000398771 0.00817166 0.0089965 0.000847609 -0.00316528 -0.0043565 0.00154475 -0.000473312 -0.000482863 -0.000351473 0.00489724 -0.00606725 -0.00221301 0.00251388 -0.00278818 -0.00116062 -0.00326062 -0.00121164 -0.00101541 -0.00521946 -0.00255787 -0.00198384 0.000769882 -0.000391502 0.00140058 -0.000490942 -0.000819786 -0.00587171 0.00881543 0.000150597 -0.00111832 0.000434889 -0.00198714 0.000713265 -0.00265738 0.00129139 0.00186153 0.0109385 -0.000453734 -0.000291056 -0.00196911 -0.000158772 -0.000500299 -0.00438356 -0.00141394 0.00627541 0.000971246 0.000500801 -0.00143781 0.00635396 -0.00156784 0.00133663 0.00253073 7.9544e-05 -0.000870298 -0.00051757 0.000457702 -0.00337422 -0.00328307 -0.000695061 -0.00110457 0.00213677 -0.000964841 -0.000197431 -0.00115719 0.000376513 -0.001398 -0.000318801 -0.000871498 0.000319646 
0.00724888 -0.00120498 0.00450433 -0.00215386 -0.0016398 0.092358 -0.00225424 -0.000412311 0.00507106 0.00472867 -0.00288447 -0.00142754 0.000878153 -0.00461893 0.00891114 -0.00793456 -0.00955567 -0.0054635 -0.00289832 0.00935333 -0.000550692 0.00358735 -0.00606724 0.00839539 -0.00411377 -0.0103391 -0.0021815 0.00245826 -0.00549434 -0.0040061 0.00842345 -0.00728886 -0.00548341 -0.00497029 0.00143102 -0.00205572 0.000220179 -0.000888959 -0.00210039 0.00225359 -0.002716 0.0178233 0.00143701 0.000873726 0.000522859 0.00110617 8.0617e-06 -0.00143903 0.00060456 -0.00543531 -0.00171927 -0.00259415 0.000379603 -0.00663535 -0.00625972 -0.00854882 -0.000375464 -0.000134357 -0.000636763 -0.00182374 -0.00121331 0.000810329 0.00118304 -0.00352235 -0.00126459 -0.00293841 -0.000793309 -0.00139473 -0.00400767 -0.00153885 0.000587762 -0.00431753 -0.00039831 0.0029618 -0.00273156 -0.0119137 -0.00473719 -0.00341329 2.39772e-05 0.0017611 0.00264001 -0.00220849 -0.00538062 0.000126972 -0.000877114 -0.000850299 0.00135546 -0.000366946 0.000903052 -0.000615327 -2.48839e-05 0.000164798 -0.00095035 -0.00222441 -0.000960044 -7.7596e-05 -0.00164635 0.000288615 0.00249295 -0.00120409 
0.00706659 -0.000444226 -0.0036754 -0.00578241 -0.00337886 -0.00225424 0.112368 -0.00334068 0.00104803 -0.010101 -1.49645e-05 0.00232484 -0.000254104 -0.00144922 0.00965269 0.00436776 0.00941785 -0.0102157 -0.00238864 -0.00311443 -0.000938109 0.00576706 -0.00570631 0.00218605 -0.0127433 -0.00237276 0.00275991 0.00675007 -0.00722366 -0.0104791 -0.00186653 -0.00731554 0.00726163 -0.00245168 0.00064022 -0.00584966 0.00195765 0.00739885 0.00749469 0.000274111 -0.00293183 -0.000556716 -0.00367526 -0.00464608 -0.000507502 0.000195279 0.00161416 -0.00247951 0.000682317 0.0022611 -0.00251291 -0.000474877 -0.00155986 0.00899376 -0.0126866 -0.0113594 -6.76681e-05 -0.000272043 -0.000927894 -0.00155942 0.000494782 -0.00422244 -0.00377743 0.00185424 -0.00704658 -0.00229167 -0.000663603 0.00302199 -0.00497361 -0.00229349 0.00179929 0.0017705 -0.000102743 -0.00271711 0.00158975 -0.0107339 -0.00332521 -0.00115362 0.00115055 -0.00549495 0.0030109 -0.00249936 -0.00463646 0.000215951 -0.00112395 -0.000298119 -0.00114779 -0.00555592 -0.000903591 -0.00123623 0.000535577 -0.00316168 0.00126983 -0.000632384 0.0029274 0.00248889 -0.00170029 -0.00031879 -0.00350568 0.000482227 
-0.00410258 0.00058177 0.00138952 0.00258293 0.000242667 -0.000412311 -0.00334068 0.0632551 0.000532182 0.00623076 -0.000587175 -0.00206047 -0.000629752 0.00412184 0.00107382 -0.00147569 0.00382623 0.00334013 -0.00589124 -0.0102524 -0.000113831 0.000543665 -0.00266572 -0.00422779 -0.00329923 -0.00264267 -0.0102214 0.00244406 -0.00540035 0.00583431 -0.000729098 -0.00106865 -0.00436158 -0.000399442 -0.000688108 0.00340996 -0.000535011 -0.000875105 -0.00121259 0.000484988 0.00452627 -0.001356 0.0010101 -0.0026884 -0.000631523 0.000234221 -0.0011387 -0.00124561 0.00187158 -0.000193688 -0.00136608 -0.0031835 -0.000676477 -0.00204844 -0.00342874 -0.00319631 -0.00159435 -0.00184349 -0.00240054 0.000345188 -0.000217789 0.00353326 -0.00208871 -0.000538273 0.00979287 -0.000748 -0.001077 -0.00125949 -0.00195596 0.00169402 -0.000418646 -0.000424101 -0.000168093 0.00145187 -0.00301314 0.00193629 0.0012159 0.00203237 -0.000547377 -0.00335797 -0.0012015 -0.00210891 -0.00292263 -0.000212543 8.83455e-05 3.23121e-05 -0.00355226 -0.00250991 -0.00107184 -0.000366985 0.000217069 0.00148009 -0.00164165 -0.00219586 -0.00162651 -4.74495e-05 0.000936079 -0.000513052 -0.00286642 0.00054507 
-0.00369238 0.00108532 0.000243513 -0.00336329 -0.00058792 0.00507106 0.00104803 0.000532182 0.0622241 0.002433 0.0011765 -0.0096106 0.000235286 0.00338044 0.00429107 0.00544837 -0.00029665 -0.00297121 -0.00110042 0.000103148 -0.001345 -0.00402549 -0.00106994 0.0025701 0.0014097 -0.0132258 -0.000487433 -0.00615579 -0.00525487 0.000892164 -0.00289125 -0.00943749 0.000461358 -0.00400544 0.000627744 0.0010316 -0.0028603 -0.00140745 -0.00244067 -0.00165534 -0.00199905 -0.000468254 0.000410615 0.00124967 0.0049163 0.00128078 5.89041e-05 -0.00141604 0.000723056 0.00375579 -0.000548907 0.00207212 0.000223453 -0.000113267 -0.000593673 -0.0094758 0.00025718 -0.00023962 0.00172024 -0.00089337 -0.00165568 -0.00321085 0.000930997 0.000790229 -0.00177209 -9.0145e-05 0.000462657 -0.00151713 -0.00278589 0.00212014 -0.000146378 -0.00335904 -0.000543586 -0.00025606 -0.000484484 -0.00479192 0.00272463 -0.00153258 0.000167781 -0.00175125 0.0001451 0.000389931 0.00262802 -0.000123996 0.00036667 0.000817716 -0.00122512 -0.00249671 -0.000229112 -0.000341905 0.000548902 0.000220159 -0.000409613 4.27139e-05 -0.00120334 -0.000668354 0.00104268 0.00020125 0.00142335 -0.00172785 
-0.00756922 0.00190081 0.00302513 -0.0066206 -0.00385567 0.00472867 -0.010101 0.00623076 0.002433 0.172264 -0.00293039 -0.00691471 -0.00306395 0.00725237 -0.00309725 -0.00466282 0.0183378 -0.0099919 -0.00679924 -0.0119419 -0.00122759 -0.0147592 -0.00318504 -0.0179857 -0.00141021 -0.00480759 0.00428423 -0.03028 0.00516482 -0.00594932 0.0108798 -0.0214997 -0.0196101 -0.00757291 0.00131391 0.0178057 -0.000467423 -0.00341882 -0.0045274 -0.00486922 0.00815689 0.019755 -0.00439195 0.014758 -0.0149959 0.000299643 -0.000249061 -0.00309958 0.00885814 -0.0161311 0.00421366 0.00518217 -0.00193477 -0.0139839 -0.0105338 -0.00341204 -0.00292524 0.00405772 -0.0030537 -0.00284601 -0.00415353 -0.00808675 -0.00398082 -0.00325398 0.0113575 -0.00626026 0.00473727 -0.00225497 -0.00170139 0.00278841 -0.00209276 0.000376799 -0.00150747 -0.00231891 0.00166653 -0.0124476 0.00646926 -0.00553303 0.00114075 -0.0031524 0.00795319 -0.00364672 0.00661745 -0.00292443 -0.000950252 -0.00241483 0.00285694 0.00361441 0.0023613 -0.0018984 0.000874542 0.00490579 -0.0037988 -0.00510544 -0.00655402 0.00262077 -0.00325302 -0.000680078 0.00384984 -0.00044723 
-0.00437151 -0.00119128 -0.00353952 -0.00109576 0.00556565 -0.00288447 -1.49645e-05 -0.000587175 0.0011765 -0.00293039 0.0808117 -0.00786017 -0.00205776 0.0014466 -0.00174137 0.0056505 -0.00917179 -0.0056303 0.00179014 0.00220543 -0.00866194 -0.00896735 -0.00408565 -0.00426542 0.00315277 -0.00388002 0.00361595 -0.00538916 -0.000390458 0.00388437 -0.00282172 -0.00155695 0.00528215 0.00795172 0.000113282 0.00116581 0.000464308 -0.00128197 -0.00145019 4.44723e-05 -0.0013634 -0.00255231 -0.00141843 -0.00235078 0.0016153 -0.00106254 0.000759387 -0.0011505 -0.00269034 -0.00116462 -0.00233786 -0.00419002 0.00178857 0.00338458 0.00113505 -0.00647976 0.00200006 -0.00516064 -0.000138331 -0.000539192 -0.00224849 0.000473346 -0.000733074 -0.000533775 -0.00050305 5.44907e-05 0.00103902 0.00307244 -0.000640208 0.00132298 0.00206212 -0.00242365 0.00158395 -0.00475498 -0.00554265 0.00853588 -0.00497294 -0.00122459 -0.00114807 -0.00343068 0.000350316 -0.000598856 0.000945163 0.00062733 -0.00108375 -0.000823488 -0.00167731 -0.000882272 -0.000397661 -0.000618096 -0.0001487 -0.000570756 -0.00182921 0.000219117 0.00199673 -0.00252957 0.000982779 -0.000209158 0.00138933 -0.00170826 
0.00509773 0.00289087 -0.00506027 -0.00475153 0.000945446 -0.00142754 0.00232484 -0.00206047 -0.0096106 -0.00691471 -0.00786017 0.23204 -0.00267437 -0.0174543 0.0133749 -0.00496291 -0.0163685 -0.025058 -1.56319e-06 0.0122528 0.00174477 -0.0142519 0.0107961 -0.00459417 -0.00189703 0.00542896 0.0229343 0.0268533 -0.0225822 -0.0105226 0.00143853 -0.00557639 -0.00421994 -0.00471628 -0.00524571 -0.008985 -0.00679064 0.0160706 -0.0054894 -0.00605217 -0.00226681 0.00389829 -0.00808833 -0.01791 -0.00842432 -0.00168061 0.00306273 0.000165308 -0.00416569 0.00684782 -0.00428241 -0.00592551 -0.00144523 0.00858273 -0.00201253 0.0217612 -0.0037157 -0.00236491 0.00214447 -0.00415889 -0.00230313 0.00778754 -0.00763706 -0.0148217 -0.0185568 -0.00410621 0.00108101 -0.00518 -0.00863467 -0.0064964 0.00042623 -0.00542224 0.00643903 0.00633926 0.00070594 0.0130969 -0.0120569 -0.0059674 0.00215049 -0.0147531 -0.00402201 -0.00989033 -0.00173531 -0.00133626 -0.00395317 -0.00281731 0.00459128 -0.0116097 0.00200469 -0.00105341 -0.00546368 -0.00662359 -0.00376355 -0.000399951 -0.0079326 0.00207765 -0.00504626 -0.00126442 -0.00169064 -0.00124884 
0.00605311 0.00499348 -0.00794699 -0.00104772 -0.00255669 0.000878153 -0.000254104 -0.000629752 0.000235286 -0.00306395 -0.00205776 -0.00267437 0.0975052 -0.00221963 -0.00115699 -0.000472864 0.0019007 0.00385982 0.0048015 -0.00860399 -0.0153382 0.00349035 -0.00423195 -0.0104863 -0.00995234 -0.00453694 -0.0150376 -8.14663e-05 -0.00232556 -0.00652393 0.00105989 -0.00560515 -0.00158296 -0.00183362 -0.00159155 -0.00593726 -0.00293054 -0.00203483 -0.00236521 -0.000481167 0.00397026 -0.000177883 -0.00191711 -0.00268982 0.00410628 -0.000346794 -0.00333763 0.00179946 0.000509423 -0.00166852 0.000221105 0.0100785 0.00175303 -0.00856663 -0.00398674 -0.00840828 -0.000925867 0.00558154 0.00191956 0.0032497 -0.00100002 -0.00530714 0.00224031 -0.00295362 -0.00449892 0.0027924 0.00193475 -0.00196036 -0.00105933 0.000601433 -0.000702781 0.000575228 -0.00107702 0.00400418 0.00183065 -0.00859856 0.00211028 -0.00118944 -6.38152e-05 -0.00692073 0.00322914 0.00349971 0.00890632 -0.000370489 -0.00239013 -0.00048701 -0.00423131 0.00843407 -0.00257949 0.00124611 -0.000506721 0.00143557 -0.00191964 -0.0017272 0.00508293 -0.00149393 0.00118546 -0.00167375 0.00190951 0.00131364 
-8.25655e-05 -0.000472794 0.0120601 0.0166123 -0.00355409 -0.00461893 -0.00144922 0.00412184 0.00338044 0.00725237 0.0014466 -0.0174543 -0.00221963 0.100166 -0.00710706 -0.00569777 0.00843793 -0.000976359 -0.00149085 -0.00384478 -0.0203041 -0.00686594 0.0129136 -0.00425775 0.00167857 -0.00780922 -0.01482 -0.00784511 0.00211773 -0.00668972 -0.00693436 -0.00605491 -0.00558137 0.00801433 -0.00250684 0.000310726 0.000353077 0.000656841 -0.00109897 -0.00200367 -0.000753011 -0.00219623 -0.0019253 0.00448352 -0.00880139 -0.000950482 0.000200419 0.000950527 0.00359062 -0.00399309 -0.00232572 -0.00474283 -0.00038318 -0.000822365 -0.00700668 -0.00398125 0.000477667 0.00506433 -0.00397602 -0.00536668 -0.000141915 -0.00474203 -0.0042513 0.00239684 0.00988679 0.00113992 -0.000109023 0.0042361 0.000529521 -0.00185003 9.00087e-05 5.84685e-05 -0.00169087 0.00313938 0.00101471 -0.00040967 -0.00762071 -0.00321519 -0.000175932 -0.00243791 -0.0007514 0.00124801 0.000416524 0.000678724 6.40163e-05 0.000105129 9.05427e-05 0.000372328 0.000662151 -0.000284396 -0.000486474 0.0027747 -0.00177936 -0.000733535 -3.9718e-06 0.000134077 -0.00212164 -0.00110499 -0.00106958 0.000616653 
0.0167302 0.00108975 0.00328277 0.0108712 -0.0057533 0.00891114 0.00965269 0.00107382 0.00429107 -0.00309725 -0.00174137 0.0133749 -0.00115699 -0.00710706 0.19754 0.00316531 0.00329961 -0.0179942 0.00322591 0.0314566 -0.0126949 -0.00454298 -0.00878621 -0.00492724 0.0119835 -0.0268596 -0.00828015 0.00694802 -0.0212753 -0.0174913 -0.00935039 -0.0370831 -0.00631976 -0.00393885 0.00127842 0.000496064 -0.0104898 0.0024911 -0.00570404 -0.0055445 -0.0103743 -0.00437016 -0.00547656 -0.00697047 0.00800231 0.00178421 -0.000780912 0.00319353 0.000176217 0.00951822 -0.0064386 -0.0018194 0.00430497 0.0242242 -0.00299232 -0.00441668 -0.00326787 -0.009121 0.00241985 -0.00775379 -0.00177071 -0.00453935 0.00501489 -0.00572298 -0.0112798 -0.00259139 0.000923677 -0.0061958 -0.00389893 -0.000221965 0.0028234 -0.00605428 -0.00411167 -0.00362426 0.00131726 -0.010029 -0.0177523 -0.00590251 0.00154647 -0.00647677 -0.00563198 -0.00628085 -0.000402984 -0.00027726 0.00254271 -0.000536998 9.3513e-05 0.00165913 -0.000551028 -0.000887785 0.00148592 -0.000854941 0.00427375 -7.41203e-05 -0.00627644 -0.00448679 -0.00436374 0.00351703 0.000311684 -0.00557801 
-0.0082635 0.00407655 -0.00887254 -0.00245215 0.00252353 -0.00793456 0.00436776 -0.00147569 0.00544837 -0.00466282 0.0056505 -0.00496291 -0.000472864 -0.00569777 0.00316531 0.137217 0.0068051 0.00609914 0.0100434 0.0109288 -0.0148556 -0.000102917 -0.00371767 -0.0134028 0.0106707 -0.0249463 0.010665 -0.0175056 -0.00256096 0.00689294 -0.00850387 -0.0221013 -0.0106489 0.00733862 0.00104324 -0.00708205 0.00171896 0.000991755 0.00531748 0.00300339 -0.00529948 -0.0138375 0.000184857 0.0015987 -0.00253705 -0.00176459 -0.00467584 -0.00328576 0.000302412 0.0024611 0.00924606 -0.00170528 0.00176573 0.0138012 -0.00237625 -0.015439 -0.00362492 0.00179501 0.00856824 -0.000950185 -0.00398157 -0.0141173 -0.00931531 -0.00741818 -0.00660828 0.0050479 -0.00291222 0.00393099 -0.00935594 0.00406015 0.00209994 0.000462949 -0.00146645 -0.00589658 0.000724657 -0.00103561 0.00849496 0.00228619 -0.00281725 -0.011497 -0.002204 -0.000652717 -0.00203488 0.000215749 4.79107e-05 -0.00149967 -0.000641688 -0.00266089 0.0023589 -0.00102594 0.00380253 -0.00171206 -0.00318192 0.00523994 -0.00491666 0.000552926 -0.00225002 -0.000592378 0.00321745 -0.000720882 
0.00666885 0.000968847 -0.00717746 -0.00903557 -0.0107555 -0.00955567 0.00941785 0.00382623 -0.00029665 0.0183378 -0.00917179 -0.0163685 0.0019007 0.00843793 0.00329961 0.0068051 0.243829 -0.0163211 0.0154027 -0.0227353 -0.00645997 0.0312722 -0.00707296 -8.86291e-05 -0.000242868 0.0290811 -0.00655013 -0.0159675 -0.0172871 -0.024101 0.00247883 -0.019332 -0.0247325 -0.0166305 -0.00123423 0.0136792 0.00315795 -0.00757253 -0.00871766 -0.00188255 0.00799684 -0.00464926 0.00134261 -0.000174142 0.00104516 -0.00190262 0.00827782 0.00247037 0.00778531 -0.00835723 0.00650591 0.00127772 -0.00186416 -0.0252825 -0.0108123 0.00849654 -0.00155562 0.018884 -0.00442653 -0.00818365 -0.00165785 -0.0184939 -0.0121046 0.00356795 0.000452233 -0.00417985 0.00213557 -0.00392277 -0.0130404 0.00204118 -0.00441319 -0.00093707 -0.00233916 -0.00280841 0.00845174 -0.0328744 -0.0102993 -0.0145604 0.00546196 -0.00945421 -0.00908585 -0.00671075 -0.00816316 -0.000987957 0.00149476 0.00110618 0.00159552 0.00929704 0.006695 -0.00198786 -0.00342232 -0.000705355 -0.00254579 -0.00354392 -0.00294946 0.00794458 -0.0144932 -0.000561098 -0.00229368 0.00214368 
-0.00133959 -0.0022521 -0.013647 0.0116495 -0.00378584 -0.0054635 -0.0102157 0.00334013 -0.00297121 -0.0099919 -0.0056303 -0.025058 0.00385982 -0.000976359 -0.0179942 0.00609914 -0.0163211 0.214005 0.00192244 0.0058269 -0.00160469 -0.0109549 0.00153629 -0.00231596 0.00619181 -0.00870192 -0.00118208 -0.00592294 0.0079315 -0.000688893 -0.016603 -0.0132484 -0.0236632 -0.010892 -0.00517646 -0.0117477 0.00531117 -0.0096923 0.0169356 0.00146365 -0.013405 -0.00374961 -0.00301916 0.000954296 0.00391541 -0.00177026 -4.22242e-05 -0.00362242 -0.00604314 -0.0059236 0.00616951 -0.0123156 -0.0038663 -0.00369382 -0.0169218 0.00529836 -0.00181716 0.0109191 -0.012846 0.00931689 -0.00124966 0.0038654 0.00892242 0.00516966 4.21182e-05 0.00460093 -0.012005 -0.00223213 -0.00086293 -0.00449715 -0.00013242 0.0017535 -0.00325542 0.00400945 -0.0050365 0.00407545 0.00194403 0.00431007 -0.00327934 0.00685612 0.000180656 0.0102673 -0.00987135 -0.0030953 -0.00273302 -0.000751807 -0.00864493 0.0155287 -0.00189081 0.000753363 0.00142637 0.00070351 0.00322226 -0.0065384 -0.00264906 -0.00584023 0.0116968 -0.00239012 -0.00413718 -0.00380476 
0.0107042 0.00468731 0.00539764 0.0185768 -0.00933943 -0.00289832 -0.00238864 -0.00589124 -0.00110042 -0.00679924 0.00179014 -1.56319e-06 0.0048015 -0.00149085 0.00322591 0.0100434 0.0154027 0.00192244 0.187867 0.00973628 -0.0271516 -0.0144652 0.0258891 -0.00386221 0.0191628 -0.0287713 -0.00345066 -0.0242666 -0.0173107 -0.0171928 -0.0197923 -0.0473407 -0.0215629 0.00989299 0.00736378 0.00152632 -0.00206092 -0.00184732 -0.00210633 0.00761204 -0.0111864 -0.0115087 -0.00991647 0.00163149 0.0123768 -0.00437863 -0.00381571 -0.00523592 -0.00311165 -0.0130509 0.0042384 0.00747345 0.00120384 0.00955791 -0.0161864 -0.00236634 -0.000444858 6.70922e-06 0.00219215 0.00766422 -0.00545981 -0.00765629 -0.00627914 0.00173627 -0.0102263 0.00365278 -0.00163865 -0.00822102 -0.0128029 -0.00802643 0.000671077 -0.000573849 -0.000871449 0.0144826 0.0021595 -0.0109227 -0.00976109 -0.00205527 -0.00104697 -0.00553723 -0.00351975 0.0019155 0.00734098 0.00188509 -0.00302086 0.000529121 0.00149365 0.000770708 0.00477182 0.00337787 0.00320478 -0.00374628 -0.000783949 -0.00177571 -0.000937465 -0.00186988 0.00592041 0.0080789 -0.00145179 -0.00346063 
0.00242061 0.000784226 0.00573381 0.0193644 -0.0103049 0.00935333 -0.00311443 -0.0102524 0.000103148 -0.0119419 0.00220543 0.0122528 -0.00860399 -0.00384478 0.0314566 0.0109288 -0.0227353 0.0058269 0.00973628 0.221552 -0.00560791 -0.0229473 -0.00826807 0.0010358 0.0196783 -0.0242771 0.0302823 -0.0153452 -0.00285411 -0.000736335 -0.0107345 -0.0210837 -0.0230528 -0.00225607 -0.00646033 -0.00611308 -0.00457831 0.00712734 -0.00404335 -0.00550126 -0.0191744 0.00216738 -0.0101334 -0.00865836 0.00169563 -0.00515176 0.0109347 -0.00796556 -0.00920227 -0.00472125 -0.00592869 -0.0144919 0.00365696 0.00300725 -0.00195917 0.00759979 -0.00500426 -0.00107505 -0.00441541 -0.00711145 0.0046167 -0.00481243 0.00523549 -0.00455929 -0.0222469 0.00246248 -0.0101065 -0.00646926 0.0076905 -0.00335513 0.0104877 -0.00749451 0.00125632 0.00758002 -0.00537288 -0.0144853 -0.00449094 -0.00784772 -0.0023156 -0.0049045 -0.00523627 0.00922581 0.00290564 0.000156709 -0.00475996 -0.00383662 0.00480789 0.00106438 -0.00648306 -0.00047999 0.000493534 -0.00449403 0.00158278 -0.00373355 0.000491148 -0.00634868 0.00629387 -0.004112 -0.000500289 -0.00715924 
-0.0109721 -0.00906745 0.00586551 -0.0212888 0.000473197 -0.000550692 -0.000938109 -0.000113831 -0.001345 -0.00122759 -0.00866194 0.00174477 -0.0153382 -0.0203041 -0.0126949 -0.0148556 -0.00645997 -0.00160469 -0.0271516 -0.00560791 0.23612 0.0150861 -0.029038 0.0141617 -0.0189455 0.00645092 -0.0217902 0.0246064 -0.00403706 0.0107355 0.00808945 0.0134392 0.00175497 0.000627001 -0.00645937 -0.00109019 0.000247602 -0.00568875 -0.00952112 0.00298844 0.0160712 -0.00236662 0.000938105 -0.0272408 -0.00181945 0.00212961 -0.00259674 -0.00435662 -0.00110349 0.00108119 -0.0173685 -0.0084655 -0.00267897 -0.0117555 0.0152522 0.00855359 -0.00198454 -0.00585714 0.0043507 0.00453208 0.000796658 0.0105218 0.00494039 -0.00599276 0.00371376 -0.012516 -0.00306214 -0.0140406 0.00695992 0.00331766 -0.0046195 -0.00354606 0.00150431 -0.00636761 -0.00405132 0.0216352 0.00521522 0.00713065 -0.00568678 0.0222131 -0.00544581 -0.0294754 -0.0291069 -0.00409192 -0.00602046 0.00171867 0.00821461 -0.00606331 0.00567025 -0.00158859 -0.00354927 -0.00222053 0.00902711 0.00687857 -0.00745247 0.00333758 -0.00593375 -0.00162329 -0.00777066 -0.00552364 
0.0052703 -0.00699035 0.0106086 -0.0224828 -0.0173996 0.00358735 0.00576706 0.000543665 -0.00402549 -0.0147592 -0.00896735 -0.0142519 0.00349035 -0.00686594 -0.00454298 -0.000102917 0.0312722 -0.0109549 -0.0144652 -0.0229473 0.0150861 0.249698 -0.00688557 0.00628529 -0.0210586 0.0498612 -0.016796 5.5184e-05 0.00635648 -0.00456284 0.0172095 -0.00204358 -0.0100138 -0.0175696 0.000480409 0.00528943 -9.95079e-05 0.00271209 0.00616145 -0.00534441 0.00290274 0.0109109 0.0157449 -0.00732209 -0.00151912 0.00513625 -0.00121049 0.000777831 1.76727e-05 0.00901823 0.0104908 -0.00670794 -0.00553293 -0.0170843 0.000461161 -0.022225 -0.00385608 0.00299423 -0.00690059 -0.00218395 -0.00413273 -0.025647 -0.0089164 -0.00725889 -0.00516545 -0.011763 -0.011929 -0.00425734 -0.00203529 -0.00343394 -0.00867652 0.00274226 -0.00402748 -0.00852249 -0.0144658 -0.0226597 -0.0136625 0.00735107 -0.00160192 -0.0061971 -0.00655803 -0.010406 -0.0139247 0.00303507 0.000957517 -0.000325714 -0.000961545 0.0179037 0.00677044 -0.000702649 -0.000800285 -0.00567856 -0.00480877 0.00424714 0.00669098 -5.30822e-06 -0.000991507 -0.00533878 -0.00658631 0.00122562 
-0.0133606 0.0108109 -0.0174335 0.00859704 -0.0130955 -0.00606724 -0.00570631 -0.00266572 -0.00106994 -0.00318504 -0.00408565 0.0107961 -0.00423195 0.0129136 -0.00878621 -0.00371767 -0.00707296 0.00153629 0.0258891 -0.00826807 -0.029038 -0.00688557 0.217647 -0.0239584 0.0293529 -0.00853144 -0.0135195 0.00979995 -0.0149638 0.000617579 -0.00957795 -0.0102353 -0.00113105 -0.0124808 0.00604188 0.0109356 -0.010644 -0.00212089 0.00473117 -0.00310478 -0.00428887 0.00243956 -0.0028243 0.0147596 -0.00202221 0.00180521 -0.000869795 -0.00249868 0.000507334 0.000615887 0.00577403 0.000810905 -0.001386 -0.00118971 -0.0188531 -0.0343347 -0.00600694 0.00809154 -0.00513727 -0.00488391 -0.00462984 -0.00298095 -0.00855308 -0.0116904 -0.00407007 -0.00152731 -0.00106668 0.00229187 0.00212143 -0.000395079 0.00526962 0.00670641 -0.00159205 0.00330696 -0.0104326 -0.00162164 0.00227558 -0.00582096 -0.00576437 -0.0160226 -0.00743128 0.00349252 0.0134283 0.00117716 -0.000889675 0.00261506 0.0016117 -0.00988357 0.00892021 0.00136085 0.000297996 -0.00459022 -0.00495749 -0.00272071 -0.00962013 -0.00548802 0.000425113 0.00248909 0.00647493 0.002244 
0.000288474 -0.00642378 -0.000120911 0.000172941 -0.00491859 0.00839539 0.00218605 -0.00422779 0.0025701 -0.0179857 -0.00426542 -0.00459417 -0.0104863 -0.00425775 -0.00492724 -0.0134028 -8.86291e-05 -0.00231596 -0.00386221 0.0010358 0.0141617 0.00628529 -0.0239584 0.182196 -0.0169291 -0.00362196 0.0164666 -0.0104844 0.00308418 -0.00292647 -0.000970079 0.00588964 -0.00182282 -0.00875384 -0.00128018 -0.00324406 0.00913125 0.0019859 -0.003409 0.00704636 -0.0104759 -0.00375224 -0.00249649 -0.00854283 1.36449e-06 0.000673342 0.00105356 -0.00517582 -0.00698028 -0.00418065 -0.00772523 -0.00785894 -0.00129734 0.010745 0.00100017 -0.00515873 0.00496872 -0.00846749 -0.00604909 0.00592767 -0.00109687 -0.00849395 0.0035253 0.0106107 -0.00288133 -0.00226189 0.00262879 -0.00843617 -0.0141335 -0.00271215 -0.00454493 -0.00746362 0.00171079 0.00437233 0.00669232 -0.0116904 0.00147959 -0.00229389 0.00282058 0.00824163 0.000530433 -0.00794111 -0.0081421 0.0016607 -0.00311741 0.000598843 4.07534e-05 -0.00392784 -0.00562454 0.00101546 0.00175872 -0.00129666 0.000963941 -0.00137354 0.00531166 -0.00436189 -0.000428218 0.00110874 -8.21563e-05 -0.000594403 
-0.00884121 0.00440514 -0.00461482 0.00720434 -0.00425875 -0.00411377 -0.0127433 -0.00329923 0.0014097 -0.00141021 0.00315277 -0.00189703 -0.00995234 0.00167857 0.0119835 0.0106707 -0.000242868 0.00619181 0.0191628 0.0196783 -0.0189455 -0.0210586 0.0293529 -0.0169291 0.203208 -0.0306466 -0.00914794 -0.029743 -0.0293697 0.0139675 -0.0276339 -0.0236147 -0.0253293 0.0108997 -0.000967255 0.017628 -0.00515948 0.00180201 -0.00528307 0.00178801 -0.0135954 -0.00715934 -0.00166895 0.00805469 0.0117685 0.00305187 -0.00404795 0.00416014 0.00984877 -0.00533266 0.00044731 -0.00493676 0.00129395 -0.000654276 -0.00700603 0.0234975 -0.00244238 0.000955056 0.00116896 -0.00801476 -0.00224946 -0.00517142 0.000170914 -0.00716052 -0.00710492 -0.00288263 -0.000120123 0.00277047 0.00530114 -0.000705209 0.00224714 -0.00419731 -0.00405387 -0.0060263 -0.00845611 -0.0122923 -0.019638 -0.0025385 -0.00530818 -0.0122533 -0.00829942 -0.000768654 0.00972341 -0.000256395 0.00585547 0.0030744 0.00323306 0.00646778 0.00891242 0.00107121 -0.000216557 -0.00356053 0.00115276 0.00378773 -0.00776779 -0.00270945 -0.00370351 0.00394317 -0.00416596 -0.00447438 
0.0051561 -0.0162509 0.000999379 -0.00952881 0.00469145 -0.0103391 -0.00237276 -0.00264267 -0.0132258 -0.00480759 -0.00388002 0.00542896 -0.00453694 -0.00780922 -0.0268596 -0.0249463 0.0290811 -0.00870192 -0.0287713 -0.0242771 0.00645092 0.0498612 -0.00853144 -0.00362196 -0.0306466 0.237134 -0.00405631 0.0188156 -0.00192542 0.00909816 0.0212388 0.0382805 0.0263012 -0.0094224 -0.0121028 0.00655117 0.0033746 -0.00214513 -0.0126358 -0.00737963 0.0179 0.00524343 0.00443653 -0.0231705 -0.0086069 -0.00326716 0.00523532 0.00615873 -0.00206823 -0.0139226 -0.00605811 0.00218815 -0.00624484 -0.0147983 -0.00331052 -0.00369589 -0.00496779 -0.0141063 -0.0101002 -0.000746177 0.00360015 -0.0101009 0.00391295 -0.00243621 -0.00112936 -0.00872973 -0.00454647 -0.00368504 0.00627216 -0.00277334 -0.0141709 0.00650812 0.00463019 -0.0173025 -0.00807754 0.00176279 -0.00450344 0.00766318 -0.00331323 0.00489099 -0.0109799 -0.00786788 -0.0193924 -0.00403465 -0.00556063 -0.000800599 0.00311369 0.00469418 -0.00814702 -0.00116924 -0.00444554 0.000181601 -0.000493512 -0.0109725 0.00949048 -0.00116434 -0.00562593 -0.00272074 -0.00150907 0.00178808 
-0.00469612 0.00723087 -0.00432072 0.0111974 -0.000877791 -0.0021815 0.00275991 -0.0102214 -0.000487433 0.00428423 0.00361595 0.0229343 -0.0150376 -0.01482 -0.00828015 0.010665 -0.00655013 -0.00118208 -0.00345066 0.0302823 -0.0217902 -0.016796 -0.0135195 0.0164666 -0.00914794 -0.00405631 0.249926 -0.0288946 0.0218341 0.0096326 -0.00711377 -0.0224858 0.00183407 -0.012589 -0.00265562 -0.0014432 0.00569884 -0.00381737 0.0115592 -0.000776477 -0.0250565 -0.00358067 -0.00467818 -0.0017616 -0.0182001 -0.00723758 0.0124076 -0.00724322 -0.0111493 -0.0158825 0.00569329 -0.0169257 -0.00377669 0.0276582 -0.00747708 -0.00551095 0.00318368 -0.000548054 -0.00415453 -0.00117319 -0.00293002 -0.0185001 -0.0109251 0.00770235 -0.0111049 -0.00646321 -0.00251818 0.00611864 -0.0177457 -0.010089 0.00417261 -0.00298762 6.9257e-05 -0.00301005 0.0205635 -0.00424534 0.00776851 -0.00902755 -0.00167267 0.0034313 0.0025945 0.00472144 0.00741368 -0.000465948 -0.00602348 -0.00477135 -0.0046181 -0.0166808 -0.0155838 -0.00155923 -0.0041704 -0.0025497 -0.00127659 -0.00155461 -0.00101249 -0.00241847 -0.0021022 -0.00196611 -0.00338088 -0.000519228 
0.00844043 -0.0110892 -0.011765 -0.0156871 0.00520455 0.00245826 0.00675007 0.00244406 -0.00615579 -0.03028 -0.00538916 0.0268533 -8.14663e-05 -0.00784511 0.00694802 -0.0175056 -0.0159675 -0.00592294 -0.0242666 -0.0153452 0.0246064 5.5184e-05 0.00979995 -0.0104844 -0.029743 0.0188156 -0.0288946 0.247543 -0.000908124 -0.00725322 -0.000881623 0.0132046 0.0203427 -4.02165e-05 -0.00885427 -0.0204731 -0.00214112 -0.00123317 -0.00594934 -0.013396 0.00714186 -0.00782906 -0.00240154 -0.0134712 0.0110591 -8.31931e-05 -0.00358697 0.00828757 -0.00287526 0.0139314 -0.0129744 0.0120566 -0.00327934 0.000834997 -0.00540344 -0.00663623 0.00170172 -0.00246877 0.00816133 0.00824752 -0.0017409 0.0167646 -0.00319855 -0.00820316 0.00321136 0.00547202 0.00371943 -0.0157669 0.000466241 0.00248565 -0.000450875 -0.00446376 0.00404595 -0.00501442 -0.0153299 -0.000932296 -0.00434828 0.000271739 -0.00433578 -0.00340607 -0.0051901 -0.00207392 -0.0173513 -0.00106612 -0.00197905 -0.00313864 -0.00030915 -0.0175765 -0.00362486 -0.00329888 0.000626397 -0.000775652 0.00243997 5.43588e-05 -0.007685 -0.000491061 -0.0101873 -0.000870274 -0.00316061 8.49807e-05 
-0.00691131 -0.00457079 0.00398688 -0.00406055 -0.00398373 -0.00549434 -0.00722366 -0.00540035 -0.00525487 0.00516482 -0.000390458 -0.0225822 -0.00232556 0.00211773 -0.0212753 -0.00256096 -0.0172871 0.0079315 -0.0173107 -0.00285411 -0.00403706 0.00635648 -0.0149638 0.00308418 -0.0293697 -0.00192542 0.0218341 -0.000908124 0.161778 0.00107761 0.00376532 0.00874326 0.00871588 -0.00997366 -0.00438014 -0.00842875 0.0036307 -0.000966185 0.0125942 -0.00464894 -0.00823372 -0.00172948 -0.00346602 0.00549146 -0.0060871 -0.001741 0.000655598 -0.00585308 -0.00631726 -0.00667087 0.00158838 -0.000973584 -0.0019802 -0.00668741 0.00430772 -0.000754419 0.00170847 -0.0074018 -0.00286634 0.00100852 0.00214373 -0.00262952 0.000556699 0.00349364 -0.000544668 -0.000875853 -0.0068768 -0.000324995 -0.00246338 -0.00285143 -0.000345811 0.00138034 0.00330933 0.000882854 -0.00276306 -0.00702292 0.013868 -0.00237699 -0.00131218 0.00880954 0.00333428 0.00798985 0.000521431 -0.000826072 -0.000396672 -0.00204435 -0.00538491 0.00338771 -0.00828712 0.000566962 -0.00157531 0.00235417 -0.00217088 0.00527019 -0.000744003 -0.00352228 0.00416028 -0.00388393 0.0020934 -0.0005901 
-0.0140851 -0.00526621 -0.0141329 -0.00188762 0.00739661 -0.0040061 -0.0104791 0.00583431 0.000892164 -0.00594932 0.00388437 -0.0105226 -0.00652393 -0.00668972 -0.0174913 0.00689294 -0.024101 -0.000688893 -0.0171928 -0.000736335 0.0107355 -0.00456284 0.000617579 -0.00292647 0.0139675 0.00909816 0.0096326 -0.00725322 0.00107761 0.172908 0.00161869 0.00888146 0.000118664 -0.00206438 -0.00244514 0.00522805 -0.00233259 -0.00909157 -0.00309921 -0.00294481 -0.00336118 0.00297647 0.00876936 0.00558238 -0.00969986 0.000678123 -0.00163101 -0.00287224 -0.00168737 -0.00541504 -0.00735884 -0.00713864 -0.00182959 -0.00944358 0.00230508 -0.0167896 -0.00187051 -0.00677249 -0.000216615 -8.54886e-05 -0.00412376 -0.00878393 -0.00249296 -0.0059353 -0.00697727 -0.00157724 -0.00679678 0.0123683 -0.00501343 0.000688519 -0.00278557 -0.00306847 0.00106524 -0.014863 -0.00925807 0.01834 0.0199915 -0.000380981 -0.00477307 0.0197436 0.000213659 -7.89827e-05 5.34865e-05 -0.0014808 0.00045112 -0.000537128 -0.00251836 -0.0124007 0.00482991 -0.00045493 -0.0015292 0.00122412 -0.00158452 -0.00101763 -0.00298366 -0.0015922 -0.00205408 -0.00344378 0.00245568 0.000629902 
-0.00311396 -0.00571425 0.00822298 -0.0155169 -0.000398771 0.00842345 -0.00186653 -0.000729098 -0.00289125 0.0108798 -0.00282172 0.00143853 0.00105989 -0.00693436 -0.00935039 -0.00850387 0.00247883 -0.016603 -0.0197923 -0.0107345 0.00808945 0.0172095 -0.00957795 -0.000970079 -0.0276339 0.0212388 -0.00711377 -0.000881623 0.00376532 0.00161869 0.13732 0.0132376 0.000419764 -0.00682084 6.64361e-05 0.0036923 -0.000414086 0.000993043 0.00166147 -0.0021689 0.01463 0.0238437 0.00210202 -0.00972105 -0.00694706 0.00288413 -0.00213418 -0.0020058 -0.00433478 -0.000817139 -0.00309018 0.0058747 0.00116422 -0.0117576 -0.0111857 -0.0108691 -0.002295 -0.00257877 -0.00438575 0.00218741 -0.000495006 -0.00475591 0.0047604 -0.00508858 0.00494982 -0.00425002 0.00114903 0.000513998 -0.00223506 -0.00210205 -0.00206599 -0.00415208 0.00109396 -0.00448989 -0.00898456 0.0030498 0.0015861 0.000466965 -0.00120509 -0.00515483 0.000594324 -0.00320192 -0.00807508 -0.000841046 0.00106598 -0.00017675 -0.00446454 -0.00789517 0.00432114 -0.000706682 -0.000307128 -0.00214871 -0.00122394 -0.00500179 -0.000231495 0.00103877 -0.00750358 -0.00297867 0.00311533 0.000202145 
-0.0183385 -0.0082827 -0.00903311 -0.0256583 0.00817166 -0.00728886 -0.00731554 -0.00106865 -0.00943749 -0.0214997 -0.00155695 -0.00557639 -0.00560515 -0.00605491 -0.0370831 -0.0221013 -0.019332 -0.0132484 -0.0473407 -0.0210837 0.0134392 -0.00204358 -0.0102353 0.00588964 -0.0236147 0.0382805 -0.0224858 0.0132046 0.00874326 0.00888146 0.0132376 0.228882 0.00706222 0.00832409 -0.0129119 -0.00351812 -0.000770747 -0.00582225 -0.00543558 -0.00414032 0.000639495 -0.00952231 0.00906587 0.00914502 -0.00888671 -0.00147347 0.00102036 -0.00411432 -0.00827202 0.00816441 -0.00220425 -0.00948013 -0.00464766 -0.0179019 0.0236077 0.0243405 0.0025222 -0.00949794 -0.00393474 -0.00331978 0.00748254 0.0236735 -0.000432691 -0.00366495 -0.00894484 -0.00957589 -0.00348172 -0.00128821 0.0148637 0.0101396 -0.00580526 0.00366264 -0.000898253 -0.00879773 -0.00761538 0.0227034 0.0150523 0.0151658 -0.00254605 0.00841328 -0.00320029 0.00134834 -0.0142948 -0.00229162 0.000233465 -0.000207051 -0.0022468 -0.00849735 -0.00314893 -0.00122823 -0.00373911 0.00318798 -0.00191774 -0.00414324 0.014738 -0.000501039 -0.00409072 -0.00786869 0.000819335 -0.00253997 
-0.00305669 -0.0024685 -0.00636478 -0.000135924 0.0089965 -0.00548341 0.00726163 -0.00436158 0.000461358 -0.0196101 0.00528215 -0.00421994 -0.00158296 -0.00558137 -0.00631976 -0.0106489 -0.0247325 -0.0236632 -0.0215629 -0.0230528 0.00175497 -0.0100138 -0.00113105 -0.00182282 -0.0253293 0.0263012 0.00183407 0.0203427 0.00871588 0.000118664 0.000419764 0.00706222 0.201123 -0.0135491 -0.00305958 -0.00757463 -0.00774375 0.00419829 -0.00551244 -0.0073069 0.00644034 -0.00148133 -0.00895914 -0.00864455 -0.00259907 -0.00461883 -0.00797172 0.00211666 0.000148144 -0.000545328 -0.00248512 0.00594613 -0.00266265 0.00534058 0.0170748 -0.00899695 0.0013344 -0.00703554 -0.000342292 -0.00316909 -0.00126233 -0.00491908 0.000445407 -0.00029819 0.00797252 -0.00122348 0.00384473 0.0152638 -0.000459811 -0.00226274 -0.00145651 0.00664838 -0.000548347 -0.00591369 0.00148222 0.00557881 0.00446076 0.00264032 -0.00165394 0.00586119 -0.00889211 -0.00856828 0.00731361 -0.0003887 -0.00184055 -0.00124444 -0.00180486 -0.0103987 -0.0090807 -0.00172622 -0.00153136 -0.000811551 -0.00371182 -0.000117629 0.000151356 -0.00809626 -0.00490523 -0.00409326 -0.00403448 0.00270774 
0.00459535 -0.00614429 -0.00296152 0.010724 0.000847609 -0.00497029 -0.00245168 -0.000399442 -0.00400544 -0.00757291 0.00795172 -0.00471628 -0.00183362 0.00801433 -0.00393885 0.00733862 -0.0166305 -0.010892 0.00989299 -0.00225607 0.000627001 -0.0175696 -0.0124808 -0.00875384 0.0108997 -0.0094224 -0.012589 -4.02165e-05 -0.00997366 -0.00206438 -0.00682084 0.00832409 -0.0135491 0.161694 0.00155736 -0.0102297 -0.000934987 -0.00332898 0.00153988 0.00297984 -0.00597149 -0.0160065 0.00184843 -0.0051017 -0.00354901 -0.00188675 -0.00654731 -0.00387652 0.00298226 -0.00134262 -0.00312397 0.00247879 0.00324415 0.0133623 0.00909678 0.0253973 -0.00313898 -0.00916072 0.00321316 -0.00782835 0.00338306 -0.000694782 -0.00139841 0.00150328 -0.00291388 -0.00333608 -0.00330271 -0.00748979 0.00641593 0.00145605 -0.00239232 -0.00063077 -0.0028972 -0.00578812 0.00775502 0.0112998 -0.0106106 -0.0133082 -0.00261844 -0.00485487 0.00658567 -0.00608493 -0.012785 0.000565743 0.00177389 -0.000616711 0.00720629 -0.00265004 0.00123017 -0.00195947 -0.00151541 -0.00263981 0.000566527 -0.00299907 -0.00198888 0.00275145 -0.00474625 -0.00213806 -0.000887875 -0.00379012 
