0.126575 -0.00342975 0.000632574 0.00168582 -0.00056899 0.000271661 -0.00383434 0.00151824 -0.003604 0.000272621 -0.00379022 -0.00703646 -0.0084351 -0.00727352 -0.020296 0.00959638 -0.00211311 -0.00253382 0.0219081 0.00858521 0.0164739 -0.00394244 -0.00924766 0.0066695 -0.00249441 -0.00275853 -0.00748441 -0.0053249 0.00963958 -0.0108043 0.00648784 -0.00421203 -0.0121124 0.00125568 0.000715939 -0.00740005 0.00298439 -0.00670083 -0.00531549 -0.00322511 -0.00180553 -0.00172491 0.00532335 -0.0062473 6.87334e-05 0.00749143 -0.00190185 -0.00270321 -0.00660962 -0.00303953 0.00253676 0.00574092 -0.00618866 -0.000730325 -0.00260435 0.00490276 -0.00210741 0.00165463 -0.000615431 -0.00192943 -3.62496e-05 -0.00275048 0.013285 0.00470112 -0.00083606 -0.00987194 -0.000686235 -0.00321998 -0.00587906 -0.00603284 -0.0017217 -0.000234055 -0.00370291 -0.00373353 -0.00214345 0.00067606 -0.00404891 -0.00465986 -0.00263913 0.000633043 -0.00310205 -0.00103226 0.0017445 0.0012117 0.000122441 -0.00184756 -0.00433531 -0.000304726 -0.0050323 0.00177329 -0.0046483 -0.0025228 -0.000934003 0.000702184 -0.00159165 -0.000773382 -0.00292096 -0.00131219 -0.0016365 -0.00150465 
-0.00342975 0.193276 -0.00160652 -0.00680073 0.00270292 0.000683334 0.00234021 -0.000534482 -0.00276877 -0.00299328 -0.00140566 -0.00951274 0.0185981 0.0215023 0.00112911 -0.0127988 -0.0166728 -0.00615034 0.00216702 0.0104316 0.0196467 -0.018104 -0.000453056 0.00841143 0.00300867 -0.0189963 0.00410603 -0.0209293 0.00281764 -0.0147695 0.00549896 -0.0140757 -0.00973467 -0.00458772 -0.00324425 -0.00875482 -0.00300192 -0.00507381 -0.00395633 -0.00340891 0.00728839 -0.00518967 0.0148519 -0.00603924 0.00458156 0.00996364 -0.0165139 -0.00399811 0.00149026 0.0084017 -0.00339804 -0.0115376 -0.0071361 0.00390313 0.0101259 -0.00857669 0.000448332 -0.00316695 -0.000544509 -0.0110581 -0.0132301 -0.000640768 0.0098961 -0.0111469 -0.00191066 -0.0102505 -0.00209005 -0.00072838 -0.000229295 -0.00326794 -0.0015313 0.00478216 0.00684733 -0.00537229 -0.000726688 -0.00866059 -0.00754659 -0.0037822 -0.00177813 0.0065249 -9.42591e-05 6.43198e-05 0.00312466 -0.0027133 0.00364647 0.00329483 -0.00466046 -0.00803599 -0.00123092 0.000732545 -0.00150046 -0.00316992 -0.00691974 -0.00942097 0.0018617 -0.00500757 -0.0054862 -0.0053154 -0.000863456 8.42034e-05 
0.000632574 -0.00160652 0.0199089 0.000258844 6.28831e-05 -7.67356e-05 0.000284438 0.000206205 -0.000471347 -0.000259853 -0.000737014 0.00153313 -7.86473e-05 -0.000261352 -0.00224806 0.00133865 -0.000902253 -0.000636259 0.000723492 5.7721e-05 -0.00079865 -0.000634844 -0.00314261 -0.00088326 0.000434405 -0.000957428 -0.00319314 -0.000254398 -0.000176395 -0.00103769 -0.000272866 0.000457466 -0.00131572 0.000217432 0.000732584 -0.000818423 0.000347225 -0.000889368 -0.000413045 0.000666798 -0.000539313 -0.000291674 -0.00187364 3.81292e-05 -0.00050985 -0.000110168 -0.00121675 -6.66592e-05 -0.000502683 0.000360444 -9.07771e-07 -0.000510219 -0.000154982 -4.12991e-05 0.000445011 0.000202385 5.33504e-05 -0.000634924 -0.000220043 0.00079229 -0.000212083 0.000163482 -0.00149488 2.19619e-05 5.02817e-05 -3.14095e-05 2.39178e-05 -0.000493059 0.000176274 -2.98804e-05 -0.00056979 0.000995988 5.04924e-05 -0.000185745 0.000666451 0.000500076 -0.000773535 -0.000166941 -0.000325796 -9.19163e-06 -0.00051252 0.000261018 -0.000401718 -0.000757829 -2.49438e-05 -0.000173599 -0.000665169 -2.70871e-05 -0.000112741 0.000105327 -6.80254e-05 0.00034213 -0.00013995 0.000379016 0.00044893 -3.09034e-05 0.00140255 0.000893965 0.000127999 -0.00041847 
0.00168582 -0.00680073 0.000258844 0.0775733 -0.00115117 -0.000726741 -0.00164049 -0.00103581 -0.00653301 -0.000324195 -0.00369488 0.00226695 -0.00492527 -0.00341848 -0.00268824 0.00290785 -0.00899683 -0.00104521 0.0119662 0.00421025 -0.00335241 0.000509837 -0.0161429 0.00145904 0.00154494 0.00334175 -0.0119825 -0.00616848 0.00638996 -0.00814167 0.00128335 -0.000512428 -0.00208257 -0.0025126 -0.00187448 0.000900627 -0.00334094 0.00790693 -0.00323168 6.48055e-05 -0.00187109 0.000398538 -7.70659e-05 -0.000882342 -0.00395425 -8.68967e-05 0.00594606 -0.00140274 -0.000805599 -0.000407807 0.0013076 -0.0010084 0.000210432 -0.00392677 0.000382251 0.00199052 -0.000560954 -0.00062123 0.000348809 -0.00150979 -0.00252843 -7.31609e-05 -0.00232398 0.00358771 -0.000923861 -0.00326468 -0.00138312 -0.00049266 -0.00104855 -0.000266729 0.00126714 -0.00660095 -0.00252435 -0.0037663 0.00316954 -0.00107149 0.00221921 0.00148393 -0.000263708 0.00536994 0.00102069 -0.00212441 0.00240723 -0.00112407 -0.00110759 -0.00373476 -0.000670803 -0.00243736 -0.00144148 0.00110039 0.0111618 -0.000411422 0.000253552 -0.00133101 -0.00211503 -1.13083e-05 0.000212285 -0.00120199 -0.00242958 -0.0019965 
-0.00056899 0.00270292 6.28831e-05 -0.00115117 0.0326171 0.000683563 2.63109e-05 0.000466957 -0.00400816 -1.69336e-05 0.00201171 -0.00278478 0.00210291 -0.00355547 0.000459475 9.4991e-05 -0.00529634 -0.000363849 0.00216138 -0.000835319 -0.00388584 -0.00329201 -0.00309047 0.000590219 -0.00574019 -0.00100581 0.00361498 -0.000609264 0.000986732 0.000573607 -3.11473e-05 -0.000736578 -0.0024112 0.00157817 -0.00119898 0.00243817 0.000272017 0.00170432 -0.00321028 -0.000928489 0.000443156 -0.000313159 -0.00148463 0.000315553 0.000729346 0.000153007 -0.00347899 0.00120962 -0.00158732 -0.00193516 0.000443912 0.00185651 0.000528692 0.000306316 0.00144727 0.000220969 -0.000104969 0.000141272 -9.45722e-05 -0.0018856 -0.00135798 -0.000751812 -0.00305484 -0.00238289 0.000241729 0.000910519 -1.74305e-05 0.00250711 -0.00190552 0.000536214 -0.000358154 -0.000443961 -0.000973335 -5.58663e-05 -0.000299488 0.000985003 -0.000129532 -0.000128962 1.10173e-05 0.00215585 0.000289196 0.000796782 0.00104265 -0.000255529 -0.000392822 -0.00171522 0.000464165 5.77041e-06 0.000174293 -0.000787654 -0.00298733 0.000481198 -0.000818312 -0.000953779 0.00239803 -0.000362964 -0.000981106 -0.000859072 0.000835594 0.000800024 
0.000271661 0.000683334 -7.67356e-05 -0.000726741 0.000683563 0.040128 0.000102338 0.000418827 -0.00362387 0.000794347 -0.00070778 0.000293145 -0.00276548 0.00136537 -0.0057734 -0.00273278 0.00318384 -0.00113115 -0.00135647 -0.00441946 0.00290488 -0.00049267 -0.00229257 0.00626474 0.00286165 -0.0067076 7.16992e-05 0.000580448 0.00285808 -0.00413691 -2.58257e-05 0.000544833 -0.000784696 -0.0013204 -0.00044237 -0.00294147 -0.000111619 0.000150508 -0.00221717 6.38705e-05 0.000959976 -0.000671869 -0.00294352 -0.00166972 0.00188605 0.00148102 -0.00483309 -0.000776813 -0.00234333 -0.00125429 0.00173085 -0.000371412 -1.20353e-05 -0.000195128 -0.000915694 0.000504527 -0.000628838 -0.000138313 0.00159855 -0.00106986 0.00125638 0.000229156 -0.000421238 0.00180965 0.000286369 -9.34283e-05 -0.000157846 -0.00235549 0.00062548 -0.00401348 -0.000822574 -0.000297714 0.00174911 0.000738295 -0.000290168 -0.00142835 0.000835079 0.000437333 -0.000853917 -0.00209096 0.000192772 7.2059e-05 -0.00173358 0.000546358 0.000706399 -0.000903963 0.000118686 -0.000282109 0.00115661 0.000794898 -0.00210542 -0.000721943 -0.0010284 -0.000346122 -0.00101598 -0.000580884 -0.00099723 -7.44574e-05 0.00042325 0.00086232 
-0.00383434 0.00234021 0.000284438 -0.00164049 2.63109e-05 0.000102338 0.0540919 0.00154457 -0.00228969 0.000152794 0.00195268 -0.0067325 0.00330807 -0.00453019 0.000576777 -0.00168627 -0.00215109 -0.00368267 -0.00466361 -0.00136261 -0.00440213 -0.0075343 -0.00194921 -0.00187261 0.00128998 -0.00337977 0.00389514 0.00168976 0.00254979 0.00170353 -0.000558298 0.00159778 -0.00343409 0.000855592 -0.00260968 -0.000478211 -0.000502111 4.37e-05 -0.00374085 0.000300325 -0.000821994 -0.00056243 -0.00381508 0.000602449 0.000579276 0.000277166 -0.00154433 0.000568461 0.00321774 -0.00365688 -0.00167909 -0.000287973 -0.00198191 -0.000398627 -0.00080658 0.00284976 -0.000232841 0.000757316 0.000196548 0.0003121 -0.0013333 -0.00133878 -0.00177594 0.00227813 -0.000133165 0.00154421 0.00100272 -0.000164515 0.000232826 -6.51931e-05 -0.000624923 0.00288483 1.11072e-05 -0.00113093 -7.30666e-05 -0.00196666 -0.00074528 -0.000548949 -7.89273e-06 -0.00093235 -0.00087521 0.000688833 0.000814091 -0.000595325 -0.00148489 -0.00231049 -0.00301064 0.00438809 0.00197956 -0.000139542 -0.00232976 -0.000504158 -0.000522423 -0.00309253 0.00289328 0.000189925 -0.000499164 -0.00117884 0.000624101 -0.000991867 
0.00151824 -0.000534482 0.000206205 -0.00103581 0.000466957 0.000418827 0.00154457 0.0509667 -0.0032821 -0.000428165 -0.001216 -0.000996795 0.00318672 -0.00231849 -0.00562752 0.00725919 -0.00760684 -0.000887094 -0.00284192 -0.00575766 0.000852691 0.00292963 0.00585795 -0.00042018 -0.00607012 0.00195525 0.00405845 -0.00251457 0.000116393 -0.0035092 -0.00256035 -0.00204418 -0.003476 0.000615512 0.00509523 -0.000887393 0.000298783 -0.00308473 0.00227689 -4.26077e-05 0.00172676 0.00156301 -0.00211471 -0.000622279 -0.00189637 -0.000683392 -0.00319377 -0.000239208 -0.00218748 0.00162782 0.000137343 0.00330402 -0.00130491 -0.000795655 -0.00067142 -0.000737782 0.000360359 0.00056376 -0.000338654 0.00230892 -0.000576936 -0.0015702 0.000496048 -0.00235887 0.00135826 0.000318017 -0.00115971 -0.00282605 -0.00111328 -0.00740802 -0.00173079 -0.00244927 -0.00177902 -0.000782329 -0.00182742 -0.00172782 -0.00291446 -0.000640201 0.00141299 -0.00247216 -0.000418863 -0.0004305 -0.00222434 -0.000868783 0.0026772 0.00950837 -0.00241226 -0.000995104 -0.00124023 0.000162202 8.81425e-06 0.000393744 -0.000128461 -0.000355202 -0.00210444 -0.00145241 -0.00089697 0.00133005 -0.0001795 8.95697e-05 
-0.003604 -0.00276877 -0.000471347 -0.00653301 -0.00400816 -0.00362387 -0.00228969 -0.0032821 0.150378 -0.0012043 -0.00597592 -0.00503462 -0.00254259 0.0145383 -0.00955779 -0.00717672 0.0128241 -0.00394926 -0.0178571 -0.0109308 0.00597377 -0.0125557 0.00766106 -0.000814632 0.0055995 -0.0183813 -0.0245846 -0.0164085 -0.0164717 -0.0184512 -0.00791401 -0.00605553 0.0141233 -0.00744082 0.000920378 -0.00787408 0.00021812 -0.00732006 0.0103721 0.00198316 -0.00296026 -0.00975074 0.0118757 0.00287126 0.00253528 0.000514772 0.00212927 -0.00398517 -0.000894077 -0.00619786 -0.0024745 0.00257727 0.0033316 -0.00156712 0.0115677 -0.00338473 4.99647e-05 -0.000624593 -0.00191567 -0.00294168 0.00761563 0.00237863 -0.00132905 -0.00762985 -0.0029648 0.00292527 -0.00198214 -0.00167992 0.00100163 -0.0037804 -0.00214111 0.00497581 0.00325557 -0.00258397 5.29052e-05 -0.00356342 -0.00625468 0.00291403 0.000780094 0.00340783 -0.00085671 0.000422905 0.00257762 0.00658024 -0.000276636 0.00902213 -0.00045444 0.00107302 -0.00158416 -0.00437178 0.0162854 0.00192398 -5.68645e-05 -0.00554717 -0.00611301 -0.00562796 -0.0021386 0.00246384 0.00173193 -0.000717936 
0.000272621 -0.00299328 -0.000259853 -0.000324195 -1.69336e-05 0.000794347 0.000152794 -0.000428165 -0.0012043 0.0536805 -0.00217529 -0.00590513 0.00363626 -0.00400386 -0.00721205 -0.00122579 0.00678085 0.00585164 0.00342424 0.00221564 -0.00845884 -0.00495587 -0.000997268 -0.00262742 -0.00326337 -0.00643689 -0.000508123 -0.00546343 0.000810038 -0.00411379 0.00123315 -0.00136683 -0.00207626 -0.00190337 -0.0004749 0.000559844 0.00340676 -0.00309673 -0.00136359 -0.0003494 -0.000486274 0.00468718 -0.0050484 -0.00175347 0.00492076 0.000954174 0.00164738 0.00198228 -0.00044331 -0.00239179 0.00049496 -0.000374596 -0.000908201 -0.00164374 2.41636e-05 -0.000857903 0.000571864 -0.00151593 0.000604028 -0.00267772 0.00128147 -0.000717295 -0.00339338 -0.000241155 0.00134187 -0.000878236 -0.000170737 0.00129874 0.00071062 0.00232252 -0.000296876 0.000904403 -0.000922926 -0.00120944 0.000484297 0.00285953 -0.00131108 0.000783879 -0.000879151 -0.00111491 0.0012472 -1.84583e-05 0.000843924 -1.8054e-05 -0.00136961 -0.00238006 0.000160187 -0.000872872 -0.000437754 -2.26245e-05 -0.00267856 0.00019871 -0.00151478 -0.000306485 -0.00151899 0.00410537 -0.000873389 -0.000901237 0.000458412 -0.00235228 
-0.00379022 -0.00140566 -0.000737014 -0.00369488 0.00201171 -0.00070778 0.00195268 -0.001216 -0.00597592 -0.00217529 0.181118 -0.0170944 -0.00689551 0.0162134 0.016136 -0.0150802 0.0136548 -0.0111988 -0.00475993 0.00621225 0.00357863 -0.00303547 0.0136316 -0.0097131 0.0160957 0.0142715 -0.00453151 -0.00860526 0.000644382 -0.0191252 -0.0129103 0.000410706 -0.00358844 -7.79788e-05 -0.00587 0.00765609 0.00441411 0.00648527 0.0118214 -0.0036007 -5.32367e-05 0.00260589 -0.00708018 -0.000781195 -0.00968944 -0.00923608 -0.00249723 0.0013184 -0.00719931 0.00771043 -0.00575791 -0.000963332 -0.0124585 -0.00227022 0.00425584 -0.00643173 -0.00176597 -0.00351171 0.000464651 -0.00455119 -0.00662569 -0.00322888 -0.0132728 -0.0152244 -0.00318526 0.00455472 -0.000865108 -0.014197 -0.0108348 -0.0143012 -0.00569808 0.00212753 -0.00582499 0.00892852 -0.00634915 -0.00454732 0.000847155 -0.00242658 -0.00259806 -0.00214245 -0.000838147 -0.00503685 0.00853565 -0.00208449 0.00561697 0.0121839 0.00904064 0.00247264 -0.00377106 -0.000411389 -0.017764 -0.00218184 -0.000793975 -0.00847079 0.00190831 -0.00240383 -0.00884887 -0.00595599 0.0011019 -6.12824e-05 
-0.00703646 -0.00951274 0.00153313 0.00226695 -0.00278478 0.000293145 -0.0067325 -0.000996795 -0.00503462 -0.00590513 -0.0170944 0.180319 0.0104173 -0.00198565 -0.0147258 0.0118862 -0.00893326 -0.00956843 -0.00151482 -0.0183653 -0.00707289 0.0222914 -0.0106517 0.0149607 0.00576581 0.00938306 -0.00613877 0.0175823 -0.00957071 0.000205451 -0.00816665 -0.00655774 0.0027628 -0.00858426 0.0044864 -0.00494342 -0.00668709 0.00347428 0.006683 -0.00199007 0.00300141 0.0091829 0.00207314 -0.00230819 0.00594948 -0.00857661 0.00221905 0.000703658 -0.015971 -0.0093339 -0.00538317 -0.00870699 0.0122512 -0.00301007 -0.00198952 -0.0059905 -0.00311951 -0.00245514 -0.0031013 -0.00310899 -0.0046984 -0.000857902 -0.0142963 -0.000589113 -0.00259799 3.39674e-05 -0.00121375 -0.0115329 0.0212229 -0.0105924 -0.000408523 -0.00158732 0.00719733 -0.00513969 0.00120439 -0.00168162 -0.00510178 -0.00478503 -0.00326816 -0.00891147 0.00339269 -0.0026713 -0.0119643 0.000514752 -0.00903432 -0.00464134 0.000593506 -0.0107032 -0.00427002 -0.00092866 0.0243418 0.00116812 -0.00233193 0.000655056 -0.00659795 -0.00599603 0.00190991 0.00114716 -0.0028663 -0.000196584 
-0.0084351 0.0185981 -7.86473e-05 -0.00492527 0.00210291 -0.00276548 0.00330807 0.00318672 -0.00254259 0.00363626 -0.00689551 0.0104173 0.133966 0.00420369 -0.0181551 0.0165438 -0.016964 0.0194286 -0.00591772 -0.00221231 -0.00394938 -0.0102099 0.0244372 -0.0118518 0.00617735 -0.0226017 0.0063252 -0.0119638 -0.0126615 -0.0113495 -0.00820341 -0.00822646 0.0120456 -0.00603313 0.00339378 -0.00226818 0.00660235 -0.00635706 -0.00651328 -0.0022476 0.00301125 -0.000943821 -0.00633636 0.00270254 0.00303575 -0.00314907 -0.00138868 -0.00207522 -0.000957644 -0.00346169 -0.00568638 -0.00229249 -0.00286625 -0.00102717 0.00602024 -0.00440007 -0.000504616 -0.00313103 0.00101327 0.00514297 -0.00339084 -0.00060189 -0.0224043 0.00770318 0.00158505 -0.00584549 -0.00477297 -0.00288985 0.00894092 -0.00359269 -0.00367096 0.00511124 0.00730369 -0.00267219 -0.00555521 -0.00306799 -0.00995702 -0.00244506 0.000809217 -0.00929458 0.00348177 -0.00117379 0.00315934 -0.00116968 -0.0012345 -0.00553435 -0.00331343 0.000681848 0.00199846 -0.00409595 -0.00581149 -0.00097956 -0.000943667 -0.00729187 0.00100127 0.00186717 -0.000191075 0.00298247 0.00541547 -0.0038908 
-0.00727352 0.0215023 -0.000261352 -0.00341848 -0.00355547 0.00136537 -0.00453019 -0.00231849 0.0145383 -0.00400386 0.0162134 -0.00198565 0.00420369 0.178444 0.00286862 -0.00627411 0.0223446 -0.0269185 -0.0184184 -0.0169192 0.0171355 0.00500738 0.00439949 0.0129421 0.00719065 -0.0196214 0.00373536 0.00588442 -0.0124208 -0.00624836 -0.00281963 -0.00815974 0.00627747 -0.00355584 -0.00135752 -0.0170645 -0.00608989 -0.0134754 -0.00906154 -0.00130061 -0.00790546 -0.00254817 0.00611058 -0.00634387 0.00415624 -0.00519269 -0.00660838 -0.0118366 0.00386884 0.00293646 -0.00434835 -0.00719862 -0.0027577 -0.0077108 0.00168638 -0.00546126 -0.00188762 -0.00346293 -0.00102012 -0.00641389 0.00100863 -0.000673589 -0.00601655 0.00706847 -0.00253803 -0.00605144 -0.00196081 -0.0114181 -0.00377597 -0.0182834 -0.0032246 0.00363825 0.0108874 0.000702099 0.00369495 -0.0114334 0.00170645 0.000437786 -0.00108135 -0.00372993 -0.000364758 -0.00427919 -0.0121742 -0.00425474 0.00599426 0.00525022 -0.00353442 -0.00106083 0.00283899 -0.000975796 0.00617984 0.00252209 0.00117348 -0.00713793 0.00277973 -0.00746496 -0.00512783 -0.00208652 -0.00142693 -0.000869675 
-0.020296 0.00112911 -0.00224806 -0.00268824 0.000459475 -0.0057734 0.000576777 -0.00562752 -0.00955779 -0.00721205 0.016136 -0.0147258 -0.0181551 0.00286862 0.247115 -0.0280661 -0.0169077 0.0017701 -0.0433513 0.0308914 0.00677416 -0.025172 -0.00693259 -0.023705 0.00545215 0.021131 -0.0107721 0.00387903 -0.0172149 0.00943195 -0.00995958 0.00608946 -0.00116933 0.00169582 -0.00521568 0.0201731 -0.00397796 0.011961 -0.0178575 -0.00294722 0.00080466 -0.00944676 0.00696548 -0.00560377 -0.0190812 -0.00575345 -0.00248371 0.00322865 0.0287032 0.00970746 -0.00970214 -0.0116751 -0.0055452 -0.0067704 -0.00856784 -0.00115004 -0.00120114 -0.00300546 -0.00286214 0.0149179 -0.00697459 -0.00236191 -0.0169852 -0.00073474 0.00384041 0.00394979 -0.00484067 0.00620548 -0.00913528 0.00481562 -0.00992011 -0.0239786 -0.00610338 -0.000426271 -0.0117752 -0.00580667 0.0115691 -0.00350943 -0.00340835 0.00763547 7.18119e-05 0.00174158 0.00616024 -0.0140402 0.00207838 0.00893539 0.00235999 -0.00347321 0.00191067 -0.0075308 0.00381722 -0.0046205 -0.00105751 0.0204832 0.00511311 0.00214524 -0.00947796 -0.00254487 -0.00590907 0.00230178 
0.00959638 -0.0127988 0.00133865 0.00290785 9.4991e-05 -0.00273278 -0.00168627 0.00725919 -0.00717672 -0.00122579 -0.0150802 0.0118862 0.0165438 -0.00627411 -0.0280661 0.226068 -0.0340359 -0.00387518 -0.00649496 -0.0345058 0.0136606 0.0377682 0.00773195 -0.0164564 -0.0119925 0.0118329 0.0161966 0.0115335 -0.0147236 -0.0269896 -0.0258998 -0.0149714 0.0020271 0.00277193 0.0108316 -0.00166889 0.00363848 -0.00370635 0.0142149 0.00247856 0.00101632 0.00607934 -0.00285668 -0.000678797 0.000901076 0.00232628 -0.00746337 -0.00287459 -0.00700426 0.00538807 -0.00301661 0.00230347 -0.00194849 -0.00355182 -0.00213925 -0.00972037 -0.00521656 -0.0035156 -0.00694695 0.00490917 -0.0117639 -0.00275404 -0.0168099 -0.00477185 0.00477416 -0.0167736 0.000510768 -0.0141673 -0.00499572 -0.00640727 0.00701098 0.0048685 -0.0055184 -0.012691 -0.00323994 0.00332458 -0.0174373 -0.00932109 -0.000589172 -0.0151944 0.00307145 0.00352746 0.000527088 0.00677792 0.00455794 -0.000215429 0.00770156 -0.00793546 -0.00623418 -0.0042645 -0.00241045 -0.00520899 -0.00133364 0.0049801 -0.00355203 -0.00324482 0.00568542 0.0050171 0.00970852 -0.00121952 
-0.00211311 -0.0166728 -0.000902253 -0.00899683 -0.00529634 0.00318384 -0.00215109 -0.00760684 0.0128241 0.00678085 0.0136548 -0.00893326 -0.016964 0.0223446 -0.0169077 -0.0340359 0.240486 -0.00301069 -0.00173821 0.011186 -0.00856908 0.00316338 -0.040858 0.00829554 -0.0370484 -0.021857 -0.00898594 -0.0203652 0.0038167 0.00279229 0.00723134 0.0141489 -0.00145462 0.00357127 -0.00509029 0.00341603 0.00676441 -0.0145231 -0.0077066 -0.0121581 -0.0128957 -0.00407851 -0.00933921 -0.00120021 0.00187291 -0.00387827 -0.00860873 -0.00107978 -0.0140016 -0.00649904 -0.000656735 -0.00286961 -0.0077743 0.0011213 -0.00113417 -0.00295514 -0.00206293 -0.00228494 0.00195192 -0.0155126 0.00752919 0.00246677 0.00564443 0.0081792 -0.00397014 -0.000636426 0.000878293 -0.00410954 0.000812696 -0.00955549 0.00386634 0.0027756 0.00172903 0.00499155 0.00737698 0.00990133 0.0133426 0.00421328 -0.00613758 -0.00242182 0.00399744 -0.00155637 -0.00810395 -0.00452113 -0.00126621 -0.0072057 0.00573996 0.00336901 0.000106461 0.00115979 -0.000669784 0.0039216 -0.00190482 -0.00994856 0.00800028 0.000730716 0.0001052 -0.00592299 -0.00135693 0.000620492 
-0.00253382 -0.00615034 -0.000636259 -0.00104521 -0.000363849 -0.00113115 -0.00368267 -0.000887094 -0.00394926 0.00585164 -0.0111988 -0.00956843 0.0194286 -0.0269185 0.0017701 -0.00387518 -0.00301069 0.231251 0.0252291 0.0283896 -0.0154751 -0.0146375 0.00909919 -0.0275575 -0.0201142 -0.00414256 -0.0267358 -0.0402353 -0.00352275 -0.0178554 0.0122799 -0.00650775 0.00463649 -0.00570258 -0.00637455 -0.00293708 0.0140896 -3.61981e-05 -0.0142624 0.000144686 0.00805894 0.0019935 -0.00578506 2.55654e-06 -0.0171561 2.43587e-06 0.00173766 0.00540826 -0.00340554 -0.000629061 -0.00186557 0.00240522 -0.00770887 -0.00254115 -0.00391074 -0.00326714 -0.00171564 -0.00178636 0.00215252 -0.00198117 -0.00363496 -0.00699499 0.00255691 -0.00602607 -0.00140141 -0.000124835 -0.00152579 0.00161411 -0.00315952 0.0384433 -0.00911383 -0.0135613 -0.0104495 -0.00518937 0.00376391 0.00288776 -0.0118127 0.000581301 -0.00310959 0.00866944 0.00181679 0.00117192 0.0178753 -0.00550352 -0.00173745 -0.00865611 -0.00485761 -0.000437488 -0.0120592 -0.00229673 -0.011777 -0.00278859 -0.00589695 -0.00118041 0.00286022 0.00979355 0.0056304 -0.000793373 3.39483e-05 -0.00474101 
0.0219081 0.00216702 0.000723492 0.0119662 0.00216138 -0.00135647 -0.00466361 -0.00284192 -0.0178571 0.00342424 -0.00475993 -0.00151482 -0.00591772 -0.0184184 -0.0433513 -0.00649496 -0.00173821 0.0252291 0.249992 0.0268253 -0.0383371 -0.0111456 -0.0230805 -0.00870861 -0.0213714 -0.0111352 -0.00949908 -0.0336305 0.0140513 -0.0111572 0.0243407 0.00208153 -0.0346135 -0.000427329 -0.00983382 -0.00905121 0.00288375 -0.0110229 -0.0062259 -0.0107942 -0.00987397 0.00713748 -0.0148604 0.00606684 -0.000312482 0.0110324 0.0111366 -0.00140408 0.0166559 -0.0201429 -0.00769855 -0.00811149 -0.00949416 0.0022178 0.00483136 -0.000147084 -0.00338072 7.05872e-06 -0.00330339 -0.0295054 -0.00257152 -0.00655143 -0.00351361 0.0130287 -0.00152744 -0.0104641 -0.000253654 0.0204404 0.00435446 0.0453495 0.00307309 0.0106274 -0.0127572 3.29897e-05 0.00871724 0.00544714 -0.0075031 -0.00331953 0.00209703 0.0147146 -0.00539859 0.00205489 0.0143137 0.0106524 -0.00379097 -0.0230478 -0.00430447 -0.002662 -0.00373424 0.00255136 -0.0192252 -0.00510087 -0.00755871 0.00155814 0.00677447 0.0013036 0.00558814 -0.00957085 -0.00632437 -0.0131555 
0.00858521 0.0104316 5.7721e-05 0.00421025 -0.000835319 -0.00441946 -0.00136261 -0.00575766 -0.0109308 0.00221564 0.00621225 -0.0183653 -0.00221231 -0.0169192 0.0308914 -0.0345058 0.011186 0.0283896 0.0268253 0.239251 -0.024225 -0.0570028 -0.029491 -0.0186935 -0.00462112 -0.0213807 -0.0175414 -0.0377671 0.00748293 0.00520035 0.00694098 0.0137967 -0.0130715 0.00570285 -0.0117268 0.00584064 0.00266906 0.00762228 -0.00730596 -0.0058745 0.00923055 -0.0123757 -0.0131742 -0.00153872 -0.0160931 0.000395373 -0.0233349 0.0152851 0.0083424 -0.00130984 -0.00232385 -0.00846207 -0.0155209 0.0139949 -0.00821583 0.00279065 -0.00450875 -0.00154284 0.00235271 -0.000700133 -0.00478053 -0.00772646 0.00373849 -0.00752456 -0.000972182 -0.00799662 -0.00260938 0.0194232 -0.0161831 0.0283277 -0.00417255 0.00620814 -0.0140914 0.00456986 -0.00612004 -0.00544746 0.00937286 -0.00208259 -0.00458972 0.00965481 0.000102638 -0.00107909 0.0197225 -0.0109577 0.000837721 -0.00489167 -0.00196089 0.00479065 -0.0031218 -0.0065094 -0.00796906 0.00152749 -0.00121181 -0.000347699 0.0101808 0.0156885 -0.00946843 -0.00263318 -0.00948265 -0.0130085 
0.0164739 0.0196467 -0.00079865 -0.00335241 -0.00388584 0.00290488 -0.00440213 0.000852691 0.00597377 -0.00845884 0.00357863 -0.00707289 -0.00394938 0.0171355 0.00677416 0.0136606 -0.00856908 -0.0154751 -0.0383371 -0.024225 0.232109 0.012478 -0.00816853 0.00841878 0.0364159 0.0018972 0.00411143 -0.0181389 0.00875268 -0.0294641 -0.00988665 -0.0213878 0.000905985 -0.000568821 -0.00191688 -0.0184335 -0.00630155 -0.00280973 0.0154799 -0.0024495 0.00187256 -0.00705238 0.0316727 -0.0120726 -0.00224527 0.00648658 -0.011165 -0.0163555 -0.0256022 0.0120953 -0.00531148 -0.0119004 -0.00706684 -0.000723261 0.00017118 0.00212619 0.00104392 -0.00198703 0.00419552 0.00468044 -0.0129474 0.00308947 0.0321934 0.0180249 -0.0027522 -0.0204137 0.0038335 -0.0281856 -0.0210329 -0.0306627 0.00213287 -0.0106527 0.000269639 -0.0024389 -0.00866913 -0.00614073 0.000252165 -0.0108239 -0.00341145 -0.00494145 0.00186178 -0.00401858 -0.0135681 -0.00830958 0.0103065 0.0152571 -0.0157751 -0.00963309 -0.00371533 -0.00282486 0.0214423 -0.00396377 0.00497081 -0.00556173 -0.0103581 -0.00936114 -0.00650282 0.00536082 -0.00338846 0.00867842 
-0.00394244 -0.018104 -0.000634844 0.000509837 -0.00329201 -0.00049267 -0.0075343 0.00292963 -0.0125557 -0.00495587 -0.00303547 0.0222914 -0.0102099 0.00500738 -0.025172 0.0377682 0.00316338 -0.0146375 -0.0111456 -0.0570028 0.012478 0.241481 -0.00693423 0.0101682 0.0170346 -0.0137742 0.0321962 0.0316251 -0.0293545 0.00460149 -0.0156062 -0.00681877 0.00351843 0.000217874 0.00636803 -0.000608693 -0.0124223 -0.0126989 0.0123628 0.00362224 0.00019888 0.00677184 -0.0188891 -0.00122824 0.0101855 0.000903899 -0.00682401 -0.00280733 -0.0056412 -0.00106411 -0.00195058 0.00301669 0.00244253 -0.014116 -0.00947403 -0.00782004 -0.00301541 -0.00555216 -0.00678537 0.0135745 0.000140212 0.00469115 0.0070327 -0.0146524 0.00135327 -0.00957195 0.00118941 -0.020823 0.0124866 -0.0248474 0.00524369 -0.00296704 0.00665737 0.00460811 -0.000128166 -4.33151e-05 -0.00871402 -0.00598739 -0.00183827 -0.0245889 -0.00254922 -0.00325486 -0.0181278 0.00591115 0.00133094 -0.0136244 0.00607479 -0.00891436 -0.00619679 -0.00243883 -0.0123196 -0.00418658 0.00267161 0.00163151 -0.0121146 -0.0152857 0.00302053 -0.00190261 0.00774881 0.0149481 
-0.00924766 -0.000453056 -0.00314261 -0.0161429 -0.00309047 -0.00229257 -0.00194921 0.00585795 0.00766106 -0.000997268 0.0136316 -0.0106517 0.0244372 0.00439949 -0.00693259 0.00773195 -0.040858 0.00909919 -0.0230805 -0.029491 -0.00816853 -0.00693423 0.248947 0.00484596 -0.00744745 0.00656778 0.0191157 -0.00285573 -0.0129063 -0.0219843 -0.015991 -0.00508532 0.013014 -0.0120314 0.00906041 -0.00883862 0.00947955 -0.023983 0.0137704 -0.00276177 -0.00383606 -0.00314615 0.00734386 0.00185288 -0.00053049 -0.00469908 0.000408151 -0.00679052 0.00154525 -0.00548739 -0.00602282 0.0113453 0.00250769 -0.00279606 0.00141473 -0.0054043 0.00076982 0.000250442 -0.00579134 -0.00397267 0.00932192 -0.00223196 -0.0131749 -0.00937609 -0.00250711 0.00581726 -0.00753155 -0.00678856 0.0110468 -0.0105025 -0.0027672 0.00545421 -0.00243702 -0.00339958 -0.00873331 -0.00658387 -0.00378165 -0.00303529 0.000422192 -0.00671804 -0.00770364 -0.002554 -0.017967 -0.00371595 -0.00245151 0.00231005 -0.0094464 -0.00329823 0.00308243 -0.00808225 -0.0110697 0.000407137 0.00539347 -0.00268813 -0.00515219 0.00191282 0.00207905 0.0115373 0.0112027 -0.0055532 
0.0066695 0.00841143 -0.00088326 0.00145904 0.000590219 0.00626474 -0.00187261 -0.00042018 -0.000814632 -0.00262742 -0.0097131 0.0149607 -0.0118518 0.0129421 -0.023705 -0.0164564 0.00829554 -0.0275575 -0.00870861 -0.0186935 0.00841878 0.0101682 0.00484596 0.181011 -0.0066503 -0.0321836 0.0108461 0.018359 0.00159296 -0.00418171 0.0132344 -0.00765317 -0.0045663 -0.00685834 -0.00028051 -0.0161726 -0.00814629 -0.00621188 -0.00891756 -0.00602407 -0.00424824 0.000362618 0.0108665 -0.00468988 0.0119976 -0.00286421 -0.00609992 -0.00292019 -0.0105781 -0.00705133 0.00347226 -0.00147445 -0.00274297 -0.00768653 -0.00292557 0.00410208 0.00262044 0.00456223 -0.000597221 -0.0103883 0.000424219 0.0044752 0.00718125 -0.00392401 -0.00209894 0.00154067 -0.00233163 -0.00318512 -0.000792501 -0.0161047 0.000721368 -0.00352169 0.00847252 0.00239933 -0.00229001 -0.0110953 0.0136118 -0.00258409 -0.00215207 -0.00819394 -0.000197996 -0.00384406 -0.0121134 -0.00239672 -0.00344203 -0.0156262 -0.000226707 -0.00561858 0.00210364 0.000673947 0.00731291 0.011068 -0.000393129 0.00622052 -0.00882606 -0.00352279 0.000693921 -0.00249597 0.00341047 -0.00396836 
-0.00249441 0.00300867 0.000434405 0.00154494 -0.00574019 0.00286165 0.00128998 -0.00607012 0.0055995 -0.00326337 0.0160957 0.00576581 0.00617735 0.00719065 0.00545215 -0.0119925 -0.0370484 -0.0201142 -0.0213714 -0.00462112 0.0364159 0.0170346 -0.00744745 -0.0066503 0.223413 -0.0185039 0.00791102 0.015928 -0.003589 -0.00810216 -0.0164817 -0.00758685 0.0178934 -0.00878686 0.005032 -0.0120737 -0.00641032 0.00429118 0.0120639 0.00326869 0.00167314 -0.00796438 0.0121787 -0.00759117 -0.00970683 0.00113914 0.00873666 -0.00838959 -0.00671936 0.00810504 -0.0103704 -0.0174504 -0.00481024 -0.000429296 -0.0074364 -0.00788718 -0.00329291 -0.00539917 -0.000919022 0.0263715 -0.0106478 0.000838303 0.00485038 0.00710105 -0.00341671 -0.00948376 0.00338796 -0.0217305 -0.00100632 -0.0217058 0.00345332 0.00521477 0.00233387 0.00170367 -0.0119321 -0.012215 0.00117507 -0.00501356 2.66031e-05 -0.0100778 0.00170637 -0.00316893 -0.00313884 -0.00230415 0.00316215 -0.00543504 -0.00574679 -0.0117079 -0.00345683 -0.00493705 0.00346217 -0.00602555 0.00226038 -0.00977792 -0.0139765 -0.00515207 -0.00645545 0.000352896 -0.00210574 -0.000573016 
-0.00275853 -0.0189963 -0.000957428 0.00334175 -0.00100581 -0.0067076 -0.00337977 0.00195525 -0.0183813 -0.00643689 0.0142715 0.00938306 -0.0226017 -0.0196214 0.021131 0.0118329 -0.021857 -0.00414256 -0.0111352 -0.0213807 0.0018972 -0.0137742 0.00656778 -0.0321836 -0.0185039 0.238141 -0.0104114 0.0048273 0.00523233 0.00720207 -0.0042921 0.00327777 -0.00910727 -0.00458818 -0.00769604 0.00206693 -0.00382401 0.000955051 0.00318677 0.0082292 -0.00380276 0.00445163 -0.00156296 1.18804e-05 -0.0185305 -0.0107956 0.0173167 -0.00131329 -0.00245519 0.00873758 0.00126549 0.000228657 0.00166579 -0.00130056 -0.0045199 -0.00173219 -0.00129482 0.0002106 -0.00334566 0.00444881 -0.00635631 -0.00158743 -0.00601995 -0.00809901 0.00123904 0.0104345 -0.00254731 -0.00797784 -0.00877873 -0.0040792 -0.00304555 -0.0138935 -0.0082147 -0.0139004 0.000458188 0.0139668 -0.0163036 -0.001802 -0.000140742 -0.00270334 -0.00319982 0.000827564 -0.00354403 0.00489312 -0.00348694 0.0224559 0.00638999 -0.00276761 -0.00685437 0.00638135 0.0103885 -0.00827731 0.00546751 -0.00831647 -0.00725036 0.0011841 0.000966648 0.00183389 -0.00824133 0.00306053 
-0.00748441 0.00410603 -0.00319314 -0.0119825 0.00361498 7.16992e-05 0.00389514 0.00405845 -0.0245846 -0.000508123 -0.00453151 -0.00613877 0.0063252 0.00373536 -0.0107721 0.0161966 -0.00898594 -0.0267358 -0.00949908 -0.0175414 0.00411143 0.0321962 0.0191157 0.0108461 0.00791102 -0.0104114 0.210872 0.0283433 0.0068044 0.00720239 -0.0158684 -0.00585062 -0.00186841 0.00585002 -0.00026665 -0.00715586 -0.00890083 -0.021503 0.0103912 0.000769889 0.00362848 0.00423222 -0.0215158 0.00634613 0.00101751 0.00340655 -0.0205729 0.00111212 -0.00718779 -0.00666049 -0.00294864 0.0015825 -0.00639915 -0.00175551 -0.00894335 -0.00640712 0.00316718 -0.00237343 9.07584e-05 0.011694 -0.00613967 -0.00387665 -0.00306014 0.0046862 0.00288181 -0.00420063 0.00509558 0.00329024 0.000546753 -0.018329 0.00221026 -0.00651223 -0.00639693 0.0131792 -0.00902384 -0.00787951 -0.00290853 -0.00144704 -0.00204185 -0.0133226 -0.00287746 -0.00257049 -0.0165105 -0.00401963 0.00485638 -0.0144251 0.00667421 -0.00755644 0.00475284 -0.0013362 -0.0262457 -0.00283314 -0.00214494 -0.0126622 0.00668996 -0.00924591 -0.000452282 -0.00731835 0.00227644 0.00404936 
-0.0053249 -0.0209293 -0.000254398 -0.00616848 -0.000609264 0.000580448 0.00168976 -0.00251457 -0.0164085 -0.00546343 -0.00860526 0.0175823 -0.0119638 0.00588442 0.00387903 0.0115335 -0.0203652 -0.0402353 -0.0336305 -0.0377671 -0.0181389 0.0316251 -0.00285573 0.018359 0.015928 0.0048273 0.0283433 0.248693 -0.00699374 0.0328463 -0.0242727 0.00757788 0.0180809 0.00113887 0.000716956 0.00362333 -0.0132746 0.00762139 -0.0128849 -0.000314301 -0.00261399 0.00819511 -0.0106223 -0.00397947 0.000818263 -0.0120571 -0.00461614 -0.0108148 0.00454989 -0.00795123 0.00221469 -0.00231751 0.00301391 -0.0037699 -0.0129784 -0.00499246 -0.000499268 -0.00258649 -0.00413687 0.0156438 0.00716227 0.00191517 -0.00510627 -0.00517962 0.00237329 0.0110763 -0.00633253 -0.00463503 0.0124704 -0.0310319 0.00641994 -0.00421411 -0.0025676 0.00100796 -0.00136932 -0.0154663 0.0035198 -0.00757674 0.000643474 -0.0227551 -0.0060816 0.00100718 -0.0172339 0.00389917 -0.0110745 -0.00128084 -0.00448985 -0.00412085 0.00472908 0.000314523 -0.0178835 0.00339238 -0.00594124 0.006101 -0.00456613 -0.00194708 -0.00185243 -0.0096537 0.000873564 0.00339861 
0.00963958 0.00281764 -0.000176395 0.00638996 0.000986732 0.00285808 0.00254979 0.000116393 -0.0164717 0.000810038 0.000644382 -0.00957071 -0.0126615 -0.0124208 -0.0172149 -0.0147236 0.0038167 -0.00352275 0.0140513 0.00748293 0.00875268 -0.0293545 -0.0129063 0.00159296 -0.003589 0.00523233 0.0068044 -0.00699374 0.153756 0.00779699 0.0145427 0.00477363 -0.0134004 0.000930575 -0.00661915 -0.00458001 -0.000917458 -0.000323988 0.000391528 -0.000466112 -0.00401604 -0.000203419 -0.00934676 -0.00593942 -0.00875385 0.00466626 -0.00882253 0.0061681 -0.00716076 -0.00063709 0.00110596 -0.00636772 -0.00309216 -0.0010422 -0.0030371 0.00445991 -0.000417559 0.0011387 0.00017824 -0.00847884 -0.00678995 -0.00237416 0.0261239 0.0179196 -0.00324503 0.00216156 0.00226359 0.00357832 -0.00840198 -0.0134729 0.000390672 -0.00915127 -0.00777445 0.000179553 0.00115405 -0.00747132 0.00827172 0.00286331 -9.31233e-05 -0.00657452 -0.00176321 -0.00338799 -0.00486812 -0.00793702 0.00511263 0.00147577 -0.00486365 -0.0015961 0.00110453 0.000619706 -0.000729392 -0.00164865 -0.0052903 -0.00684864 0.00557887 0.00132119 -0.00263265 -0.00359749 -0.00511349 -0.0057199 
-0.0108043 -0.0147695 -0.00103769 -0.00814167 0.000573607 -0.00413691 0.00170353 -0.0035092 -0.0184512 -0.00411379 -0.0191252 0.000205451 -0.0113495 -0.00624836 0.00943195 -0.0269896 0.00279229 -0.0178554 -0.0111572 0.00520035 -0.0294641 0.00460149 -0.0219843 -0.00418171 -0.00810216 0.00720207 0.00720239 0.0328463 0.00779699 0.180257 0.0123181 0.0113785 -0.00845571 0.0120829 -0.00736368 -0.0011676 -0.0106716 -0.00299237 -0.0239172 -0.000714463 -0.00337847 0.00220302 -0.0124088 -0.000509849 -0.00198356 -0.00678161 -0.00385545 -0.0015176 0.00249809 -0.00767146 0.00376594 -0.00954266 -0.00174407 0.00642169 -0.0115674 0.00604841 0.00339823 0.000107817 -0.00203184 0.0192734 0.00946674 -0.00169661 0.00532892 -0.00519656 -0.00172066 0.0122784 0.000891557 0.00150464 0.00791645 0.00420385 -0.000116892 0.00756969 -0.00355384 0.00339551 0.00189781 -0.00169473 0.00156068 0.00128371 0.00155392 -0.00749525 -0.00575133 0.0003678 -0.00662809 -0.000621789 -0.00428498 -0.0136497 -0.00628052 -0.000208628 0.000270624 0.001743 -0.00997346 -0.00104539 -0.00193016 0.00573346 0.00190312 0.00243653 0.000837197 -0.00284885 -0.00351125 0.0064532 
0.00648784 0.00549896 -0.000272866 0.00128335 -3.11473e-05 -2.58257e-05 -0.000558298 -0.00256035 -0.00791401 0.00123315 -0.0129103 -0.00816665 -0.00820341 -0.00281963 -0.00995958 -0.0258998 0.00723134 0.0122799 0.0243407 0.00694098 -0.00988665 -0.0156062 -0.015991 0.0132344 -0.0164817 -0.0042921 -0.0158684 -0.0242727 0.0145427 0.0123181 0.125436 0.00076816 -0.0133032 -0.000133773 -0.000230528 -0.00673312 -0.00372175 -0.00372176 -0.0188631 -0.000730744 -0.00644592 -0.00487453 0.00177972 -0.00273215 -0.00118172 0.00523052 0.0041465 0.00107295 0.00305706 -0.00840734 -0.00146607 -0.00404781 -0.00495444 -0.00228194 0.00238464 0.00817575 0.00247993 0.0042962 0.00174103 -0.00931138 -0.00189344 -0.00236539 0.00456 0.00101216 -0.00363564 -0.000948529 3.1625e-05 0.00588105 -0.00403155 0.0298354 -0.00142456 -0.00102902 -0.000600498 -0.00448082 0.00437517 0.00119476 0.000455422 0.00347377 -0.00120354 0.0137819 -0.0026891 -0.00239506 0.00358044 -0.00193296 -0.00605827 -0.0117971 -0.00838379 0.000937258 -0.00265892 0.0006525 -0.0055844 0.00657114 -0.00151628 0.00281012 -0.00261148 0.00492527 0.00137763 -8.95023e-05 -0.00249324 -0.00673005 
-0.00421203 -0.0140757 0.000457466 -0.000512428 -0.000736578 0.000544833 0.00159778 -0.00204418 -0.00605553 -0.00136683 0.000410706 -0.00655774 -0.00822646 -0.00815974 0.00608946 -0.0149714 0.0141489 -0.00650775 0.00208153 0.0137967 -0.0213878 -0.00681877 -0.00508532 -0.00765317 -0.00758685 0.00327777 -0.00585062 0.00757788 0.00477363 0.0113785 0.00076816 0.101334 -0.00051506 0.00192966 -0.00447988 0.00765808 0.00226868 -0.00706372 -0.000460996 -0.00182925 -0.000883709 -0.00051868 -0.01183 -0.00137002 -0.00430126 -0.00533062 -0.00377036 0.00246011 0.00373521 -0.00320568 -0.000948229 0.000764367 -0.00147832 0.00545445 -0.00201215 0.00430619 -5.27639e-05 0.000905254 -0.00138659 -0.00069076 -0.000322905 -0.000543883 -0.00172505 0.000673163 -0.000818257 0.00539377 -0.00223289 -5.77846e-05 -0.00400353 -0.00520822 -0.000260216 0.00356324 -0.00447124 -0.000987559 0.000858365 0.00481089 0.00577325 0.000644795 -0.000339042 -0.00354423 -0.00180351 0.00477422 -0.00459583 -0.000958426 -0.00253544 -0.00437171 -0.00174844 0.00619992 -0.000322941 0.0011261 -0.00483432 -0.00202795 -0.000481508 0.00477031 0.00407312 -0.000351888 -0.000798251 -0.00235598 -0.00332719 -0.00541485 
-0.0121124 -0.00973467 -0.00131572 -0.00208257 -0.0024112 -0.000784696 -0.00343409 -0.003476 0.0141233 -0.00207626 -0.00358844 0.0027628 0.0120456 0.00627747 -0.00116933 0.0020271 -0.00145462 0.00463649 -0.0346135 -0.0130715 0.000905985 0.00351843 0.013014 -0.0045663 0.0178934 -0.00910727 -0.00186841 0.0180809 -0.0134004 -0.00845571 -0.0133032 -0.00051506 0.134216 -0.00798447 0.00101568 0.00285236 0.00219471 0.00381268 0.00285257 0.00365486 -0.00150606 -0.00541863 -0.000416042 0.00272373 -0.00423191 -0.00204347 -0.00241397 -0.0036368 -0.0100115 0.00203976 -0.000778495 0.00433996 0.0123816 -0.00655352 -0.000607411 -0.00648623 -0.000109021 -0.00237762 -0.00149541 0.00316366 -0.00043448 0.00248046 -0.00543639 -0.0057914 -0.00150063 0.00553291 -0.0015822 -0.0103464 0.00263625 -0.0163257 -0.000375844 -0.0010573 0.00439725 -0.00286628 -0.00294446 -0.00520645 -0.00189594 0.00435576 -0.000238087 -0.00593239 0.00377798 -0.000975097 0.000865739 -0.000126741 -0.00321272 -0.00319774 0.00272709 -0.00472349 -0.00256272 -0.0033125 -0.00226868 0.00153526 -0.00305982 -0.00468013 -0.00740568 -0.00455666 -0.00450232 0.00449953 0.00269753 -0.000908922 
0.00125568 -0.00458772 0.000217432 -0.0025126 0.00157817 -0.0013204 0.000855592 0.000615512 -0.00744082 -0.00190337 -7.79788e-05 -0.00858426 -0.00603313 -0.00355584 0.00169582 0.00277193 0.00357127 -0.00570258 -0.000427329 0.00570285 -0.000568821 0.000217874 -0.0120314 -0.00685834 -0.00878686 -0.00458818 0.00585002 0.00113887 0.000930575 0.0120829 -0.000133773 0.00192966 -0.00798447 0.0822496 0.00256089 0.00138569 -0.00174507 0.00254639 -0.00463644 0.00196578 -0.000556285 -0.00151368 -0.00548475 -0.00296835 -0.0047757 -0.000952078 -0.00734775 0.000129392 -0.00307025 -0.00234302 -0.000990266 -0.00188482 -0.00147985 0.00533887 -0.00270993 0.00365499 -0.000462921 -0.00175503 6.37109e-05 0.00175299 0.00226794 -0.000810651 -0.00043833 -0.00136175 0.000430492 -0.00209069 0.00140287 0.00116652 -0.00307436 -0.000299268 -0.000409226 0.00103355 -0.0025199 -0.00188326 -0.00200247 -0.00123396 0.000619842 0.00152214 -0.000360328 0.000228668 -0.000276043 -0.00242528 -0.00181279 -0.000858521 -0.000414889 -0.00568432 0.00225731 -0.000493179 0.000249281 -0.000363364 -0.00570629 -0.000513271 -0.000427476 0.00353363 0.00661755 0.0024852 -0.00183221 -0.000637479 0.000647028 -0.000821091 
