0.0828373 -0.000410354 -0.000223816 0.00501725 -0.00419853 -0.0097352 -0.00131417 -0.00588642 0.00077781 -0.00188776 -0.000163724 -0.000196337 -0.00380086 0.00823917 0.00244253 0.00757684 0.0157675 0.00285372 -0.00674045 0.00713563 0.0239384 -0.014793 -0.0130722 0.0145379 -0.0187216 -0.0107031 -0.00920388 0.000646686 -0.00355624 0.000956499 9.22477e-05 -0.0008891 0.00277067 0.00256029 -0.000636477 -0.00214687 -0.000217473 -0.000766034 -0.000140355 -0.00641218 0.00163523 -0.0037689 -0.00147199 -0.00386476 -0.00167415 0.000982189 0.000134687 -0.00519676 -0.00978651 0.000526233 -0.00328505 -0.000574643 -0.00305662 -0.00151919 0.000845965 -0.000418619 0.00139939 -0.00263888 -0.00129273 0.00188261 0.000321254 0.000263382 0.00452876 -0.00920228 -0.00096593 -0.00135849 -0.00438132 -0.00186587 -0.000788782 0.000111454 0.00337478 -0.00187989 -0.000642276 -0.00109881 0.00273608 -0.00484068 -0.00222325 -0.00146704 0.00303885 -0.00407145 -0.0027643 -0.00104174 0.00204368 -0.00608949 0.00132572 0.00124874 -0.000909715 -1.65483e-05 8.83327e-05 -0.000780427 0.00017044 -0.00177173 0.00586592 -0.00330462 -0.00566586 0.00477884 -0.00172163 -0.00246673 0.00305239 -0.00282144 
-0.000410354 0.0776984 -0.00104341 -0.000478787 -8.82443e-05 -0.000455392 -0.00202079 0.00885176 -0.00380342 0.00265687 0.00256527 -0.000780915 -0.0101751 0.000750643 -0.00756202 -0.000251027 -0.00745856 0.00130692 -0.00022749 0.001346 0.00720513 0.000645797 -0.00774955 -5.55029e-05 -0.00710386 -0.00694084 -0.00667336 -0.00820698 -0.000196787 -0.00378394 0.00432553 0.00338184 0.000654178 -0.00395879 -0.00327632 0.00134222 -0.000728514 -0.000799838 9.69453e-05 0.000827443 0.00148121 0.000967282 -0.00231401 -0.000872316 -0.00160597 -0.00127792 -0.000583525 -0.00418007 -0.00701039 0.00322693 -0.000232597 -6.46953e-06 -0.0013907 -0.00162226 -0.000487511 -7.27823e-05 -0.00111195 0.000451709 -0.000288498 -0.00916914 0.000670236 -0.00032189 -0.00265413 -0.00121997 0.00133928 -0.00164483 0.00244251 0.001614 0.00266584 0.00187725 0.00216744 0.00140469 0.000114822 0.00150471 -0.00154518 0.00125645 0.00212956 -0.000564717 0.0003785 -0.000327064 -0.00126937 -0.00171646 -0.00127201 -0.00239272 -0.00206434 -0.00175702 -0.00124879 0.00218994 -0.000986544 -0.000308721 -0.000804904 -0.0016054 0.00155357 0.000765091 -0.000846168 0.00222145 -0.00135659 0.00469284 -0.00499425 -0.00341329 
-0.000223816 -0.00104341 0.0266795 0.00149896 0.00105304 -0.00337505 0.000161377 -0.00233658 -0.00103038 -0.000786006 0.000452206 0.000141 -0.00156492 -0.00405809 5.10485e-05 0.00171181 -0.00144125 0.00244301 0.0013066 -0.0020458 0.0027538 -0.0042812 -9.42752e-05 -0.000946535 -0.00239793 -0.00256179 -0.000850771 0.00166106 -0.000792403 -0.00171024 -0.00113562 -0.000320255 -0.000111996 0.00133009 0.00151241 -0.00069811 0.000130291 0.000698046 9.39442e-05 2.28324e-05 -0.000726339 -0.000540286 -0.0013952 -0.00066972 -0.00079658 -0.000190714 0.000158149 -0.00168868 -0.00285649 0.000314043 -0.00104955 -0.000180629 -0.000990116 -0.000317415 0.00103329 -0.000218329 -0.000539134 -0.00163605 -0.000817061 0.00310445 0.00251801 -0.000103603 -4.16068e-05 -0.000148487 -0.00162381 0.000500118 0.000112894 -0.0016767 0.000630958 -2.78933e-05 9.04323e-05 -6.78464e-05 -0.000498152 -1.98825e-05 -0.00212878 -0.000941592 0.00110351 -0.000908356 -8.43373e-05 -0.000932642 0.00142713 -0.000352227 -0.000294177 -0.000549798 -0.000619307 0.000180974 -0.000483639 -0.000287375 0.00166154 0.000304373 0.00184274 0.000791033 -5.92933e-05 -0.00032929 -0.000230107 -0.000389128 -0.000600487 -0.0011646 0.00288419 0.000623007 
0.00501725 -0.000478787 0.00149896 0.100283 0.00368105 -0.00396465 -0.000491594 -0.00977351 -0.00852673 -0.00426877 -0.00124753 0.00105808 -0.00678606 -0.0149974 0.0105442 0.00545116 0.0192109 0.00241573 0.00809755 0.0105446 0.025448 -0.00852385 -0.0189707 -0.00618321 -0.0244376 -0.00610352 -0.00428198 -0.00641951 0.000323958 0.000989327 0.00779325 -0.00205063 -0.000625512 0.00338149 0.00164241 0.00147789 -0.00147338 -0.000426714 -0.00010432 0.00162745 0.00366705 -0.0022154 -0.00159133 -0.00342988 0.000522467 0.000217026 0.00087643 -0.00416152 -0.0155917 -0.00263399 0.00106447 0.00162268 -0.00232086 0.0052877 0.00112944 -0.00242139 -0.00111156 -0.00635417 -0.00481998 -0.00473422 0.00211173 0.000463787 0.00343689 0.000953988 -0.00733139 0.00195348 -0.000390376 -1.42855e-05 -0.00623766 -0.000316723 0.00306421 -0.00315725 -0.00185067 -0.00245202 -0.00982462 0.00274811 -0.00500849 -0.00348193 -0.001905 -0.0105589 -0.00171933 -0.000513509 -9.32344e-05 -0.00310997 -0.0031996 0.0031092 -0.000782937 0.000785228 0.00161397 2.41578e-05 0.0205152 -0.00161023 -0.00160066 -0.00316278 -0.00321598 -0.00211501 -0.00196633 0.000768614 -0.00375984 -0.00552142 
-0.00419853 -8.82443e-05 0.00105304 0.00368105 0.14047 -0.0150705 -0.000232495 -0.0132085 0.00109096 0.0127113 0.00145604 0.00180955 -0.00218402 -0.00461456 0.00590247 -0.00993789 -0.00942592 -0.000612269 -0.00641043 -0.0187661 0.00361721 -0.00819106 0.00790561 -0.0205805 -0.00940941 -0.0113907 0.00396613 0.000810798 -0.00644397 0.00145672 -0.00744322 -0.0014848 0.00011759 -0.00187071 0.0042061 -0.000770636 -0.00146089 -0.000132634 0.00116337 0.000214248 0.000618314 -0.00125646 -0.00214315 -0.00297989 -0.00358565 0.00641971 0.000921754 -0.000894713 0.00527155 0.00357393 0.00279526 0.000970958 -0.00379305 -0.00116938 -0.00313344 5.50591e-05 0.00203613 -0.00696353 0.00121348 -0.00129603 0.00690568 0.000554393 -5.61037e-05 -0.00328197 0.00607737 -0.00092903 0.00392104 0.00228316 -0.00514751 -0.000450699 0.00198714 -0.00252974 -0.000457561 -0.00179531 0.000708364 -0.00221905 -0.00604818 -0.00250532 -0.00180375 -0.00810207 0.00436285 -0.00154071 -0.00413684 -0.000332538 -0.00163304 0.011452 -0.00150409 -0.00205573 0.00188411 0.000154862 -0.00609422 0.00190948 0.0035731 -0.0029825 -0.00303195 0.0015816 -0.00661036 -0.00638643 -0.00287693 -0.00720811 
-0.0097352 -0.000455392 -0.00337505 -0.00396465 -0.0150705 0.196514 0.00532181 0.0123403 -0.00131684 0.0332625 0.00165601 -0.00524485 0.0284502 0.00112482 -0.00415933 -0.0213381 -0.00320421 0.0238515 -0.00943813 -0.0168042 -0.0509898 -0.0176101 -0.0216813 -0.016128 0.0229716 0.0397403 0.00661171 -0.0194154 -0.0139079 -0.0108509 -0.0078887 -0.00179968 -0.00681685 -0.00390038 -0.00640978 -0.000925039 -0.00208105 -0.00400592 -0.00257008 3.79985e-06 -0.00145023 0.000520253 -0.00723438 -0.00779834 -0.0060447 -0.00286299 -0.00594006 -0.00643315 -0.00237908 -0.0060859 -0.00138543 -0.00646385 0.00544542 -0.00725913 -0.00369272 0.00129972 -0.00328009 0.00271538 -0.011204 -0.00240332 -0.00563643 -0.00294449 -0.0011372 -0.00244687 -0.0111162 -0.00360379 -0.000447684 0.0125497 0.000522703 -0.0021339 0.000439008 -0.0034619 0.00193674 -0.00711009 0.00576704 0.00741887 -8.69808e-06 0.00219782 -0.000363976 -0.0152233 -0.0042221 -0.0021266 -0.00485366 -0.00132335 -0.00621566 -0.00789241 0.00189219 -0.00376458 -0.00045627 0.00188279 0.0258461 -0.00952305 -0.00417335 0.000657716 0.0122687 0.00153271 0.00388925 0.00201886 -0.00472692 0.00526744 
-0.00131417 -0.00202079 0.000161377 -0.000491594 -0.000232495 0.00532181 0.0709405 -0.00557989 -0.00071062 0.00725221 -0.00066394 -0.000208367 0.0091948 0.00456156 0.000770521 -0.00355253 -0.00434335 0.0114815 0.000125167 0.000621807 -0.00995936 -0.007831 -0.00814109 -0.00571612 0.00718107 -0.000109605 -0.000950261 -0.00660105 -0.00597735 -0.0116347 -0.00483538 -0.0028397 0.00198279 -0.00168399 -0.00275059 -0.00283358 -0.000276339 -0.000473978 -0.000322299 -0.000870218 -0.000360817 0.00233295 -0.00339268 -0.000566719 -0.00122275 -0.00020506 -0.00247872 -0.0039768 0.000490177 -0.00465388 -0.00156613 -0.00143585 -0.000940111 0.00121888 0.00117947 -0.00119054 0.00193198 -0.00018823 -0.000615495 -0.000872299 -0.00142598 0.000322734 -0.00268541 0.00457092 0.00200591 -0.000149393 0.000108909 0.00421841 0.00152141 0.000579858 -0.0005817 0.000237478 0.00176316 0.000886906 0.000251279 0.000427895 -0.00496799 0.00287758 0.000336528 -0.00574584 -0.000912654 -0.00117182 -0.000899847 -0.0037714 -0.00151676 0.00574468 0.000347802 -0.000651077 -0.00164562 0.00134897 0.00157855 -0.000521879 -0.000931825 -0.000554316 0.000345327 -0.00487774 -0.000321142 -0.00389991 0.0001866 -0.00258665 
-0.00588642 0.00885176 -0.00233658 -0.00977351 -0.0132085 0.0123403 -0.00557989 0.154909 -0.0039513 0.00326415 -0.00014573 -0.00198344 -0.00251295 -0.0129142 -0.0211726 -0.0142516 -0.0112946 -0.0191313 -0.00191512 -0.00710967 -0.0298301 0.0111464 0.0031859 0.00448132 0.0134447 0.0171505 0.00617986 -0.000155867 -0.00367982 0.00906832 -0.00141346 -0.00327397 0.00411706 -0.00709641 -0.00434042 0.0100552 0.00192838 -0.0019192 -0.000277731 -0.00565337 -0.000745391 -0.00204192 0.00621144 -0.0035452 0.00312376 -0.00131253 -0.00430079 0.00463841 -0.000633194 0.0058974 0.00782558 0.00265755 0.00363908 -0.00246553 -0.00309829 0.00152921 -0.00339724 -0.00168793 -0.00372118 -0.00643117 -0.00531192 -0.0027256 -0.00534012 -0.00488192 0.000622193 0.00127581 -0.00946199 -0.00105569 0.00634081 0.00155158 -0.000876516 0.00395513 0.00214911 -0.00116923 -0.00204398 -0.00112976 -0.00747379 0.00222224 0.000836465 0.00565331 0.000237199 0.000204195 -0.0027931 0.00432267 -0.00497506 -0.00722543 -0.00348056 -0.00233557 4.54541e-05 -0.000735026 -0.0027821 0.00070352 -0.00813432 -0.00235165 -0.00776377 -0.00085802 -0.0031085 -0.000727809 -0.0183959 0.00556092 
0.00077781 -0.00380342 -0.00103038 -0.00852673 0.00109096 -0.00131684 -0.00071062 -0.0039513 0.106143 -0.00617329 -0.00271263 0.00476724 -0.00671341 0.00220448 -0.0107282 -0.00451762 0.00258844 0.00376328 -0.0168177 0.0106816 -0.00208881 -0.00947558 0.0208944 -0.000763519 -0.0002857 -0.00620606 -0.00523334 0.00588641 -0.0021718 -0.00176967 -0.00333462 0.00278527 -0.00567918 -0.00114969 0.00364658 -0.00201335 -0.00160109 0.00150453 -0.000117952 -0.00471853 -0.000988186 -0.00299543 -0.00318844 0.0077185 -0.00478176 -0.00178412 0.000664797 -0.00473853 0.0052803 0.00183148 0.00159239 -0.000197635 0.00506127 -0.00387206 0.0023995 0.0011421 0.00180286 -0.00325688 -0.000132437 -0.00038243 -0.0031235 -0.00152456 -0.00369723 -0.00290536 0.000861368 -0.000220327 -0.0035949 -0.00761227 0.00112515 -0.00130535 -0.00186498 -0.00179603 -0.000470077 -0.000714242 0.00363157 0.000228539 -0.00427378 -0.00175799 -0.00231535 0.00244889 0.00275889 -0.00260155 -0.0029209 0.00121366 0.00630706 -0.00711003 0.00091003 -5.34545e-05 -0.00237666 -0.00152562 -0.0175369 0.000796242 -0.00269064 -0.000727699 0.000333684 0.00436101 -0.00311421 -0.00448411 0.00935101 -0.00630728 
-0.00188776 0.00265687 -0.000786006 -0.00426877 0.0127113 0.0332625 0.00725221 0.00326415 -0.00617329 0.195169 0.00627822 -0.00558265 0.0294665 0.0237541 0.0173336 -0.0160452 -0.0149948 0.0325281 -0.0148947 -0.00214334 -0.00953214 -0.0601383 -0.00954379 -0.0166079 0.00357317 0.0218549 0.000648083 0.00215153 -0.0177453 -0.0146345 -0.0200535 -0.00238325 -0.00551347 0.00110567 0.00466162 -0.00965203 -0.000892732 -0.00230693 -0.000678972 -0.00437169 -0.000504422 0.000119243 -0.00669416 -0.00162141 -0.00309676 0.000747417 0.0035016 -0.0064804 -0.00605763 -0.0031163 -0.00554175 -0.00477526 0.000763954 -0.00491545 -0.00364543 -0.00113125 0.000410111 -0.00652035 0.00150278 -0.0023361 0.000963309 0.00248161 -0.00770931 -0.00158001 -0.0146747 -0.00368184 -0.00503357 0.00506414 -0.00494241 -0.00082346 0.00279896 -7.27311e-05 -0.00178852 -0.00605709 0.00148089 -0.00145987 0.000438755 -0.00485303 5.42407e-05 -0.0495774 -0.004669 0.00348416 0.000410681 -0.00579016 -0.0074311 0.00665708 -0.00163544 -0.00592015 0.00299401 -0.00223093 0.00342033 0.00158304 0.00215412 -0.000762841 0.00578518 -0.0079095 -0.00645878 -0.00492493 -0.00233411 0.00510163 
-0.000163724 0.00256527 0.000452206 -0.00124753 0.00145604 0.00165601 -0.00066394 -0.00014573 -0.00271263 0.00627822 0.0732506 -0.00210684 0.0145392 -0.00422319 0.00377275 -0.00337277 -0.0182854 0.0109028 0.00292755 -0.00469496 -0.000598631 -0.00390267 0.00114841 -0.00470447 -0.00420469 -0.00632664 -0.00559989 -0.00390834 -0.00463035 -0.00795049 -0.000908164 -0.000598256 0.000629455 -0.00298786 -0.0011925 -0.00158795 0.00156197 -0.000499604 -0.000342499 -0.00158731 -0.00082904 -0.00182718 -0.00426285 -0.00152308 -0.00184369 -0.000144424 0.00253737 -0.000123428 -9.85037e-05 -0.00189493 -0.00223988 -0.00192137 -0.00214208 0.00238222 -0.000733194 0.000623038 -0.00197362 -0.00813689 -0.000931208 -0.00423085 0.00203445 0.000429518 7.7031e-05 0.00577977 0.00310631 -0.000964606 -0.00111968 0.0082069 0.00435455 -0.000468303 0.000762581 1.81491e-05 0.000926502 -0.000520719 -0.00435547 0.00127257 0.00233757 -0.00124804 0.00188912 -0.00928766 -0.000937722 -0.0016531 -0.00112238 -0.00268917 -0.00197617 -0.00273041 -0.000227783 -0.000831422 8.94543e-05 0.000394457 0.00288782 -0.000561281 -3.2201e-05 -0.00136121 0.00236731 -0.00497554 -0.00257457 -0.00285507 0.00317128 -0.000292785 
-0.000196337 -0.000780915 0.000141 0.00105808 0.00180955 -0.00524485 -0.000208367 -0.00198344 0.00476724 -0.00558265 -0.00210684 0.0760336 -0.0058854 -0.00193129 -0.00120638 0.00285508 -4.56339e-05 -0.00843626 -0.00305977 0.000888937 0.00303581 0.00719075 -0.00636806 -0.00135426 -0.00576633 -0.00201712 0.000196578 -0.00145785 -0.00518662 0.0048003 -0.00664445 -0.00024621 0.000402766 -0.00252598 0.00108634 0.00209617 -2.38148e-06 -0.000818991 -0.000167099 0.000384008 0.00210571 0.000413035 0.00138482 0.00466456 0.00282061 -0.00254703 0.000257602 0.00126261 -0.00468068 0.00423114 0.00104303 0.00280386 -0.00353484 -0.000324646 -0.000975211 -0.000811175 -0.00101152 -0.00514094 0.000325854 -0.00482834 0.000227992 -4.04405e-05 -0.00159353 -0.0035993 -0.00185807 0.000181633 -0.00198752 -0.00541961 -0.000856527 0.000280019 0.00180927 -0.00204425 0.00146923 5.20491e-05 -0.00224292 -0.00193604 -0.00222542 -0.000987754 -0.00116015 0.00353533 0.000488164 -0.000687604 -0.00182857 -0.00523757 0.00571557 -0.00285406 -0.000728949 -0.00084661 -0.00037469 0.0002897 0.00114441 -0.000792487 -0.00201072 -0.0020552 -0.000754298 -0.000574579 -0.00231743 -0.00507727 0.000868204 0.0010489 
-0.00380086 -0.0101751 -0.00156492 -0.00678606 -0.00218402 0.0284502 0.0091948 -0.00251295 -0.00671341 0.0294665 0.0145392 -0.0058854 0.246009 0.0219137 0.0016099 -0.0261423 -0.0190646 0.0592938 -0.00318978 -0.016542 -0.023899 -0.0174773 -0.0126618 -0.0174576 0.00752917 0.0297425 -0.0190294 0.000405478 -0.0334609 -0.0320687 0.0130431 -0.00809502 0.00666887 -0.0079795 0.00690795 -0.00798122 0.00491445 -0.000489993 -0.00308639 0.00384917 -0.00826818 0.000283989 -0.0124184 0.000333207 0.00506453 -0.00445164 0.00258928 -0.0083826 0.0175915 -0.00590549 -0.00943199 -0.0113377 -0.00853316 -0.00644297 -0.00308569 0.00283667 0.00342587 -0.0134655 0.00356416 -0.00169893 0.000828649 0.00260473 -0.0132241 0.00478494 -0.00535106 -0.0014844 -0.00752338 0.00393711 0.00878337 -0.00460663 -0.00299969 -0.00593837 -0.000438936 -0.000241137 0.00209639 -0.00918364 0.0156628 -0.00337148 0.00566007 -0.0485895 -0.00330821 -0.00819653 -0.00498534 -0.00468608 -0.00525143 -0.00279894 0.0028582 -0.00270527 0.00275174 0.000831409 0.00103388 -0.0104896 -0.0103435 -0.0078487 -0.0074281 -0.00543235 -0.0123472 -0.00643799 -0.00142751 0.00724934 
0.00823917 0.000750643 -0.00405809 -0.0149974 -0.00461456 0.00112482 0.00456156 -0.0129142 0.00220448 0.0237541 -0.00422319 -0.00193129 0.0219137 0.241417 -0.01609 0.0111291 0.00778233 0.0240728 -0.0236194 -0.0151185 0.00603853 -0.0386918 -0.00668959 0.003162 0.00997306 -0.00499099 -0.00139801 -0.0239814 -0.0329721 -0.0103999 0.00432402 -0.0108449 0.0067698 0.00387064 0.00487776 -0.00588296 -0.000630526 -0.00215455 -0.00139212 -0.012733 0.000268926 0.00763347 -0.0057271 0.0126827 -0.00964568 -0.00365099 -0.00639663 -0.00124559 0.0192251 -0.0146362 -0.00254668 -0.00106146 0.00537171 -0.00933905 0.00367171 0.000532298 -0.00226026 0.00563911 -0.00178006 -0.00956835 -0.00619343 0.00117341 -0.00550346 -0.00341484 -0.00830379 -0.00721053 0.00957703 -0.0158327 -0.00314209 -0.00130296 0.00309777 -0.00415832 -0.00113118 0.000988073 0.0098869 -0.0112448 0.00514716 0.00711473 0.00426939 -0.0106757 -0.00801861 0.00458812 -0.00374151 -0.013687 -0.00418693 -0.00619909 -0.00142148 -0.00231842 -0.00410943 -0.00258921 -0.015982 -0.0048202 -0.00874622 -0.00266068 -0.00978813 0.00272202 -0.00924692 -0.0103385 0.00608003 0.00851937 
0.00244253 -0.00756202 5.10485e-05 0.0105442 0.00590247 -0.00415933 0.000770521 -0.0211726 -0.0107282 0.0173336 0.00377275 -0.00120638 0.0016099 -0.01609 0.240013 0.00465742 0.0301661 0.0127748 0.033311 -0.00310307 0.0320053 -0.0206515 -0.0397127 -0.0196582 -0.00723038 -0.0154667 -0.00930564 0.00693565 0.00903356 0.0138347 -0.0235164 -0.00146773 -0.0109051 0.00911605 -0.00253813 -0.0130544 0.000736767 -0.00265848 -0.000696418 -0.0122177 0.00320897 -0.00366723 0.00402101 0.00761809 0.00537687 -0.00731959 0.00113331 -0.00913831 -0.0321713 -0.0012356 -0.00805593 0.00148296 -0.018265 -0.0073617 -0.00503726 -0.00213641 -0.0040053 -0.0485624 -0.0108094 0.00767247 0.00806969 -0.00126235 0.024215 -0.00177422 0.00853024 -0.00201288 -0.0290922 0.0244604 -0.00769887 -0.00189781 -0.00254275 2.17138e-05 -0.00460246 -0.0119079 -0.00649669 -0.0135263 -0.020917 1.52974e-05 -0.0155696 -0.0152749 0.00132319 0.000901211 0.00674187 -0.0135274 -0.00856891 0.0136838 -6.88454e-06 -0.000125316 -0.00208146 -0.00454718 0.0327578 -0.00489451 0.00437842 -0.00611459 -0.0005994 0.00286532 -0.0121321 0.0176469 0.000727038 -0.0238221 
0.00757684 -0.000251027 0.00171181 0.00545116 -0.00993789 -0.0213381 -0.00355253 -0.0142516 -0.00451762 -0.0160452 -0.00337277 0.00285508 -0.0261423 0.0111291 0.00465742 0.12094 0.0275982 -0.00973414 0.0104718 0.0026656 0.034359 -0.0107987 -0.01497 -0.00377989 -0.0304727 -0.0361759 -0.00125816 0.00014742 3.76289e-06 0.0124587 -0.000806581 -0.000263686 0.00592151 0.000369331 -0.00283526 -0.000306925 0.00273387 0.000233598 0.000675627 -0.00470473 0.0074519 -0.00180715 0.00375178 0.00414519 -0.00108241 -0.00127415 -0.00163348 -0.00822528 -0.00597533 -0.00206221 -0.00337152 0.00392549 0.0014403 -0.0038351 0.00626965 -0.00119185 0.00137285 -0.00603896 -0.00019948 -0.00497818 -0.00050284 0.00106415 0.00391072 -0.00247848 -0.0129091 0.00244956 0.000815577 -0.00943808 -0.00436465 -0.000131936 0.00190879 -0.00082952 -0.00261211 -0.00170516 -0.00544233 0.00124591 -0.000900524 -0.00140474 0.000571742 -0.00368371 -0.00161254 0.00257432 0.00280565 -0.00519544 0.00597763 0.00173136 -0.000606279 0.00188561 0.0018119 -0.00158547 0.0046519 -0.0010098 0.00306152 -0.00109448 -0.00403083 -0.000682786 -0.00126631 0.00470031 0.00654942 -0.00735568 
0.0157675 -0.00745856 -0.00144125 0.0192109 -0.00942592 -0.00320421 -0.00434335 -0.0112946 0.00258844 -0.0149948 -0.0182854 -4.56339e-05 -0.0190646 0.00778233 0.0301661 0.0275982 0.249994 0.00579115 0.0160339 0.00669125 0.0752739 -0.0471023 -0.0297255 0.00801952 -0.0557024 -0.0386982 -0.032242 0.0138785 8.16532e-06 0.0349357 -0.016092 -0.00238172 -0.00249568 -0.00360523 -0.0068078 -0.00458875 0.00591862 -0.0033191 -0.00138419 -0.00781199 0.00427904 -0.00212154 0.00454585 -0.0163325 -0.000500971 -0.0061351 0.010157 -0.0207429 -0.0330659 0.0055817 -0.000558037 0.000247237 0.00396037 -0.00972562 0.00161094 -9.50097e-05 0.00150815 -0.00258256 -0.0094284 -0.00972896 0.00240016 -0.000503116 0.0157231 -0.0134504 -0.031299 -0.00136683 -0.00803525 -0.00663865 -0.00868978 -0.0021523 0.00591108 -0.00739967 -0.00494732 -0.0060488 -0.0069054 -0.00234358 -0.00572368 -0.000577686 0.00323432 -0.0117174 -0.00359356 -0.0017625 0.0051329 -0.00223967 -0.00652217 0.00874511 0.00042504 -0.00076308 0.00186159 -0.00361552 0.0144828 -0.00351209 0.00781838 -0.0104077 -0.00607993 0.0211253 -0.0229257 0.00770892 0.0026337 -0.0169977 
0.00285372 0.00130692 0.00244301 0.00241573 -0.000612269 0.0238515 0.0114815 -0.0191313 0.00376328 0.0325281 0.0109028 -0.00843626 0.0592938 0.0240728 0.0127748 -0.00973414 0.00579115 0.247763 -0.0193124 -0.00496268 0.0282935 -0.0572673 0.0178235 -0.023871 -0.0211056 -0.0070687 -0.0356286 -0.0117138 -0.0171339 -0.0381263 -8.61575e-06 -0.00423382 0.00118917 -0.00662748 0.00478974 -0.00683411 -0.00379366 -0.00483685 -0.00280404 0.00360224 -0.0119718 -0.00434626 -0.0186161 0.00830797 -0.0101304 -0.00416104 0.00145009 -0.0164105 -0.00734369 -0.00961123 -0.00629719 -0.0132421 -0.00752829 -0.00811707 0.00515544 2.12289e-05 0.00293278 0.000512823 -0.00884859 0.00154053 -0.000748151 0.00517179 -0.0119329 0.0140804 -0.0123456 -0.00366041 0.00240497 0.00354258 0.00334496 -0.00405179 -0.00085266 -0.0069486 -0.00393001 0.00242013 -0.0116129 0.0056983 0.00667048 0.00158711 0.00130884 -0.036893 -0.00244946 -0.00331827 -0.00874034 -0.0131032 -0.009624 -4.47136e-05 -0.000274813 -0.000235207 0.00140428 0.004105 0.0027868 -0.00845477 -0.00390538 0.00202448 0.0104192 0.00294002 -0.0131037 -0.00541588 0.0138658 -0.00912377 
-0.00674045 -0.00022749 0.0013066 0.00809755 -0.00641043 -0.00943813 0.000125167 -0.00191512 -0.0168177 -0.0148947 0.00292755 -0.00305977 -0.00318978 -0.0236194 0.033311 0.0104718 0.0160339 -0.0193124 0.183823 -0.0098784 0.003666 0.00345619 -0.0437148 -0.0141368 -0.0152095 -0.00422566 -0.0084696 0.00384547 0.0143353 0.0061023 -0.00563105 -0.0012553 0.00759488 0.00718554 -0.0061031 -0.0101214 0.00371617 0.00025677 0.000773607 -0.0109353 -0.00206645 0.000382183 0.00422695 -0.00685787 0.00168308 -0.0046708 -0.00306954 0.000192101 -0.0203532 -0.00832311 -0.00235712 0.00290689 -0.00630318 0.000178691 -0.00590505 -0.00141185 -0.00443093 -0.0172193 -0.00381359 -0.00366889 0.0061653 -0.000974068 0.0114524 0.00628519 -0.00753748 0.000275238 -0.0134799 0.0237153 -0.00648886 -0.00111097 -0.000121695 0.000591854 -0.000964323 -0.00426431 -0.0101762 -0.00424501 -0.00644112 0.00215666 -0.00376201 -0.0235825 -0.000690101 -0.00338984 0.0116312 0.000549757 -0.00203786 0.00328326 0.00404191 0.00361739 -0.00139314 -0.000816236 0.0364535 -0.00275773 0.003161 -0.00238948 -0.0102272 -0.00658709 -0.00617899 0.0160584 -0.00432279 0.00365929 
0.00713563 0.001346 -0.0020458 0.0105446 -0.0187661 -0.0168042 0.000621807 -0.00710967 0.0106816 -0.00214334 -0.00469496 0.000888937 -0.016542 -0.0151185 -0.00310307 0.0026656 0.00669125 -0.00496268 -0.0098784 0.24076 0.0144782 -0.00711392 0.0217325 0.0342152 -0.00906497 0.00527055 -0.0371266 -0.0132699 -0.00790359 -0.00811115 -0.003017 -0.00133068 -0.00591506 0.00495868 -0.00636963 -0.0111803 -0.00115899 -0.000564381 -0.00242369 -0.0036374 -0.00141649 0.00230827 -0.00342842 0.00486972 -0.00521615 -0.00681391 -0.00654868 -0.00173102 -0.0328801 -0.0190291 0.00371183 -0.0101368 0.00176882 0.00418507 0.0030005 -0.00518838 0.0024956 0.0101267 0.00284398 0.0105305 -0.00178687 0.00110044 0.00086361 -0.0137513 0.0179106 -0.00132649 -0.00674301 -0.00639287 -0.0100745 1.47208e-05 -0.00180885 0.00101037 -0.00439964 -0.00478555 -0.012281 -0.000413699 -0.0199298 -0.00465408 -0.00421755 0.00470165 -0.00147872 0.00111358 3.12817e-05 -0.0112214 0.00574028 -0.0179371 -0.00143925 -0.000772577 -0.00840458 -0.00336359 0.00550504 0.00248277 -0.0058157 0.00308824 0.00819361 -0.0124283 -0.00112104 0.0121945 -0.0058765 0.00238636 
0.0239384 0.00720513 0.0027538 0.025448 0.00361721 -0.0509898 -0.00995936 -0.0298301 -0.00208881 -0.00953214 -0.000598631 0.00303581 -0.023899 0.00603853 0.0320053 0.034359 0.0752739 0.0282935 0.003666 0.0144782 0.230337 -0.0419522 -0.00912704 0.000384206 -0.0735445 -0.0769304 -0.0380681 0.00718283 -0.00341212 0.0191291 0.00943798 0.00772437 -0.000558786 -0.00593447 0.00452856 -0.0013339 0.00695343 -0.000507764 -0.000549589 0.00304923 -0.000890329 -0.00400625 0.00324965 -0.0118165 0.000225491 0.00170273 0.0137716 -0.0203866 -0.024953 -0.00012115 0.00159818 -0.00304382 -0.00814581 -0.00162607 0.00561408 0.000593027 0.000915406 -0.0162005 0.00404882 -0.00278586 0.00451801 0.004421 0.0126013 -0.00669951 -0.0241088 0.00136482 -0.00837297 -0.00799746 -0.0130666 -0.00270482 0.00556394 -0.00815401 -0.00676351 -0.00581023 -0.0143935 0.00181687 0.00125675 -0.00749484 2.91364e-05 -0.0197688 -0.000851607 0.00462668 0.00447566 -0.00647134 0.000151139 0.0123609 -0.00205411 0.0037332 0.00333459 -0.0031515 -0.00976523 0.00119056 0.00573186 -0.00658066 -0.00116227 0.0155658 -0.0243294 0.00151407 0.00934513 -0.0216659 
-0.014793 0.000645797 -0.0042812 -0.00852385 -0.00819106 -0.0176101 -0.007831 0.0111464 -0.00947558 -0.0601383 -0.00390267 0.00719075 -0.0174773 -0.0386918 -0.0206515 -0.0107987 -0.0471023 -0.0572673 0.00345619 -0.00711392 -0.0419522 0.225765 0.000864102 0.00622904 0.0179549 0.00687657 0.0185298 -0.0167842 0.00798765 -0.00646283 0.00192337 -0.000230294 -0.00389328 -0.00846586 -0.00854197 0.0145029 -0.000882266 0.00407663 0.00235178 0.00484066 -0.000612358 -0.000655106 0.00720765 -0.00144805 0.0145884 0.00461324 -0.00750192 0.0128499 0.0224716 0.00111111 0.00458102 0.000282543 0.00081058 0.0130883 -0.00521621 -0.0062049 -0.00449535 0.00352977 -0.00334503 0.00853826 -0.00142526 -0.00444183 -0.00911741 -0.00282039 0.0203616 -0.000794265 -0.00479987 0.00205477 0.00690906 0.00101009 -0.00396485 0.00858144 0.0070779 0.0112539 -0.00310239 -0.00914359 -0.00244414 0.00183916 -0.00496999 0.0475622 -0.00358169 0.000505517 -0.00236402 0.0119344 0.00754704 -0.0126189 -0.000667199 0.00805818 -0.00742581 0.00119541 -0.00591626 -0.000515028 -0.010766 0.00168145 -0.0105407 -0.00589155 0.00851448 0.00677463 -0.0168829 -0.00613971 
-0.0130722 -0.00774955 -9.42752e-05 -0.0189707 0.00790561 -0.0216813 -0.00814109 0.0031859 0.0208944 -0.00954379 0.00114841 -0.00636806 -0.0126618 -0.00668959 -0.0397127 -0.01497 -0.0297255 0.0178235 -0.0437148 0.0217325 -0.00912704 0.000864102 0.240397 -0.00358928 0.0173884 -0.0179322 -0.0236088 -1.36166e-05 -0.0110233 -0.00353004 -0.00929828 -0.00184746 -0.0202376 0.00135376 0.00584349 0.00045282 -0.00641341 -0.000740435 -0.000405969 -0.00176952 -0.00695707 -0.00440506 -0.00961646 0.00785885 -0.00994339 0.00640426 -0.00151141 0.0244163 0.0190207 0.000291403 -0.00196019 -0.00757752 0.00101933 0.00249825 0.00446185 0.00389857 -0.00143262 0.0024542 0.00264358 -0.00375696 -0.00664186 0.00299441 -0.0156584 0.00140593 0.021564 -0.00128196 -0.00267702 -0.00964227 -0.000410548 -0.00177356 -0.00536801 0.000348493 -0.00695605 0.00534913 0.0111485 0.00389182 -0.00693381 -0.00633528 -0.00357184 0.0296392 0.0046697 0.00568194 -0.0128984 0.0158753 0.00516242 -0.0257549 0.00388155 -0.00412822 -0.00454906 -0.00224191 -0.048877 0.0133672 -0.00927201 0.00820499 0.0218439 -0.0125935 -0.00171489 -0.0178315 0.0298565 -0.00193725 
0.0145379 -5.55029e-05 -0.000946535 -0.00618321 -0.0205805 -0.016128 -0.00571612 0.00448132 -0.000763519 -0.0166079 -0.00470447 -0.00135426 -0.0174576 0.003162 -0.0196582 -0.00377989 0.00801952 -0.023871 -0.0141368 0.0342152 0.000384206 0.00622904 -0.00358928 0.160172 -0.00177025 -0.00204971 -0.00857418 -0.00577483 -0.005842 -0.00726077 0.01001 -0.00230462 -0.00429552 -0.00353828 -0.00319746 -0.00486907 -0.00166001 -0.00082871 -0.000261448 -0.00670705 -0.00121719 0.00321378 0.000500633 -0.0122593 -0.0057495 -0.00702545 -0.00175145 0.00344928 -0.00614504 0.00196318 -0.00253486 -0.00550416 0.00433944 -0.00299025 -0.00166127 -0.000833484 -0.000501006 0.0147089 0.00228388 -0.00819493 0.000749123 -0.00164209 0.00582086 -0.0168965 0.00749951 0.000141554 0.0024754 -0.00204971 -0.00356657 4.12151e-05 -0.00151391 0.00165722 7.07158e-05 0.00254794 -0.00239053 -0.000476685 0.00151387 0.000644608 0.00690079 0.0228353 0.000221083 -0.000603891 0.00385583 -0.00831165 0.00276221 -0.0120756 -0.000900488 0.00138873 0.000368604 -2.2383e-05 -0.0101074 0.000933263 2.55101e-05 -0.00131564 0.00182639 0.00281359 -0.00404578 -0.00137529 -0.00663968 0.00600454 
-0.0187216 -0.00710386 -0.00239793 -0.0244376 -0.00940941 0.0229716 0.00718107 0.0134447 -0.0002857 0.00357317 -0.00420469 -0.00576633 0.00752917 0.00997306 -0.00723038 -0.0304727 -0.0557024 -0.0211056 -0.0152095 -0.00906497 -0.0735445 0.0179549 0.0173884 -0.00177025 0.237687 0.0303025 0.0361363 -0.00350537 -0.00613347 0.00785675 -0.00388762 -0.00750374 -0.00176745 -0.00193828 -0.00454621 -0.00453412 -0.00127742 -0.00305497 -0.00107499 -0.00081229 -0.00484185 -0.00239996 -0.00536429 -0.00275285 -0.00290633 -0.0091976 -0.00444339 0.00627531 0.0363815 0.00482308 -0.000876945 -0.00340909 -0.000341791 -0.00502682 -0.00444028 -0.00598558 -0.00450309 0.00569146 -0.00596187 0.0117181 -0.0116664 -0.00793111 -0.0157176 -0.00144537 -0.000767155 -0.00238727 -0.00538114 -0.0163598 0.00317904 -0.0015742 -0.00453157 0.00375553 -0.000724425 -0.00293954 0.0164925 -0.00585466 -0.0122148 0.000159395 -0.00568389 0.0258203 0.000816522 -0.00996148 -0.00532893 0.00385831 0.000455974 0.00494739 -0.00355844 -0.00979375 -0.00389224 -0.000926542 -0.00647808 -0.000156357 -0.00518861 -0.00116912 0.00534228 -0.0137573 0.0163085 -0.0145486 -0.00128549 0.00211525 
-0.0107031 -0.00694084 -0.00256179 -0.00610352 -0.0113907 0.0397403 -0.000109605 0.0171505 -0.00620606 0.0218549 -0.00632664 -0.00201712 0.0297425 -0.00499099 -0.0154667 -0.0361759 -0.0386982 -0.0070687 -0.00422566 0.00527055 -0.0769304 0.00687657 -0.0179322 -0.00204971 0.0303025 0.245886 0.0186463 -0.017316 -0.0125919 -0.0173292 0.00289463 -0.004585 0.00832725 0.00291461 -0.00646219 0.00255667 -0.00651357 -0.00294214 -0.00110686 -0.00582545 -0.00347788 0.00389126 -0.0023341 -0.00057781 0.000211614 -0.00691003 -0.00949923 0.00597856 -0.00774122 0.00449898 -0.000318136 -0.00125653 -0.00306268 0.00340087 -0.0103228 -0.000973873 -0.00313843 -0.0119513 -0.00157396 0.0194822 -0.000768772 -0.00488481 -0.0171115 0.000629893 0.000742606 3.50979e-05 -0.000940723 -0.00146683 0.00794373 -0.00140452 -0.00403843 0.00684718 0.00757409 -0.00166623 6.64435e-05 -0.00994957 0.0048273 -0.00916093 -0.00251443 -0.00432136 -0.00686238 -0.00549622 -0.00455802 0.0052391 -0.0047642 -0.0143145 0.000775862 -0.00709301 0.000388046 0.00082181 0.0110276 -0.00599106 -0.00839534 0.0011162 -0.0103998 -0.0114953 0.0101401 -0.00197263 -0.0171573 0.0226345 
-0.00920388 -0.00667336 -0.000850771 -0.00428198 0.00396613 0.00661171 -0.000950261 0.00617986 -0.00523334 0.000648083 -0.00559989 0.000196578 -0.0190294 -0.00139801 -0.00930564 -0.00125816 -0.032242 -0.0356286 -0.0084696 -0.0371266 -0.0380681 0.0185298 -0.0236088 -0.00857418 0.0361363 0.0186463 0.184629 0.00326781 -0.00438216 0.00514169 -0.00464942 -0.00576097 -0.00220811 0.00099375 0.00681528 0.00713713 0.000112289 0.00012724 -0.000129996 -0.00445437 0.00294093 -0.00212096 0.0125235 0.00647191 0.00143039 -0.0034969 0.00253494 0.00279138 0.0346786 -0.00985608 -0.000787204 0.0085832 0.0004487 -0.000729606 -0.00466506 -0.00248785 -0.0025951 -0.00152218 0.000435194 0.00625105 -0.00859188 -0.00263785 -0.00980951 -0.000900131 -0.0136954 -0.00130399 0.000565955 -0.012298 0.00356403 -0.00031688 -0.00345244 -0.000958439 0.00403371 -0.00188969 0.000240374 -0.00596879 -0.00615085 0.00378902 -0.00554133 0.012847 -0.00152188 0.00274986 -0.00552139 0.0098388 0.00231985 0.00437977 -0.00243391 -0.00294333 -0.000615659 -0.00143952 -0.00101205 0.000877491 0.00013367 -0.007996 -0.010023 -0.00498053 0.0135351 -0.00918006 -0.0247202 0.00614787 
0.000646686 -0.00820698 0.00166106 -0.00641951 0.000810798 -0.0194154 -0.00660105 -0.000155867 0.00588641 0.00215153 -0.00390834 -0.00145785 0.000405478 -0.0239814 0.00693565 0.00014742 0.0138785 -0.0117138 0.00384547 -0.0132699 0.00718283 -0.0167842 -1.36166e-05 -0.00577483 -0.00350537 -0.017316 0.00326781 0.19417 -0.00890364 0.0328325 -0.00676064 0.00254155 -0.00456794 -0.000883719 0.0103647 -0.00382418 -0.00251601 0.00237552 -0.000198764 -0.00127917 -0.000809215 -4.52292e-05 0.00598606 0.00566477 0.0091216 0.00752392 0.00439999 -0.00511952 -0.00950201 0.000307693 -0.00766334 0.00706127 -0.0135361 -0.00941837 -0.00519936 0.000958084 0.0028101 -0.0147591 -0.00223217 -0.00182486 0.000464026 -1.06894e-05 0.00012015 -0.00620556 -0.00598042 0.00320227 -0.0136082 -0.0180423 0.00358662 -0.00152011 -0.00440696 -0.0039488 -0.00386037 -0.00247363 -0.00185805 -0.00298501 0.00608121 0.000414842 -0.00224788 -0.0171671 0.00661842 0.000445964 -0.00583742 0.0144751 0.00592547 0.00557131 -0.00164765 -0.00288875 -0.000303785 0.000736054 -0.0156255 0.00498858 -0.00133717 0.00486167 -0.018942 -0.000211468 -0.0122998 -0.00203069 -0.00416682 -0.00325529 
-0.00355624 -0.000196787 -0.000792403 0.000323958 -0.00644397 -0.0139079 -0.00597735 -0.00367982 -0.0021718 -0.0177453 -0.00463035 -0.00518662 -0.0334609 -0.0329721 0.00903356 3.76289e-06 8.16532e-06 -0.0171339 0.0143353 -0.00790359 -0.00341212 0.00798765 -0.0110233 -0.005842 -0.00613347 -0.0125919 -0.00438216 -0.00890364 0.147036 0.00639305 0.00455343 0.000935508 -0.00231594 0.00735395 -0.00733935 0.00418163 -0.00335995 -0.0020491 0.000976896 -0.00127077 0.00165538 -0.00533853 0.000503798 -0.00967895 -0.00456033 0.00176076 -0.002019 -0.00418867 -0.0217299 -0.00112275 0.00238643 0.00415448 -0.0030205 0.00636936 -0.000538597 0.00205697 -0.00420446 0.0105055 -0.00396096 0.00389554 -0.00143102 -0.00295709 0.011578 0.0236619 0.00285979 -0.000791837 0.0022947 0.0136609 -0.00539378 -6.68112e-06 -0.00319219 0.000673715 -0.000535204 -0.00363945 -0.00517591 0.00305226 -0.0034543 2.77214e-05 -0.00468234 0.00341586 -0.000370223 -0.0010791 0.00965657 -0.00213731 -0.00398426 0.0037871 0.000179128 -0.00308531 3.37254e-05 -0.00141714 0.00598605 0.000702695 0.0012523 -0.00197483 0.00719873 -0.00481082 0.00912941 0.00137264 -0.000362149 -0.00170759 
0.000956499 -0.00378394 -0.00171024 0.000989327 0.00145672 -0.0108509 -0.0116347 0.00906832 -0.00176967 -0.0146345 -0.00795049 0.0048003 -0.0320687 -0.0103999 0.0138347 0.0124587 0.0349357 -0.0381263 0.0061023 -0.00811115 0.0191291 -0.00646283 -0.00353004 -0.00726077 0.00785675 -0.0173292 0.00514169 0.0328325 0.00639305 0.186146 -0.00967807 -0.000261304 -0.00315311 -0.0107076 0.0044678 -0.000202206 -0.00116086 -0.000911283 -0.000670696 -0.0096018 0.00778638 -0.00584424 0.0182096 -0.00453075 -0.00312933 0.000536644 0.00387703 -0.00934929 -0.0103339 0.0129833 0.00267033 0.00669899 -0.00546764 -0.00551869 -0.00433937 0.00118132 -0.00342095 -0.0108449 -0.00624045 -0.00105104 -0.00709267 -0.00187181 0.00086446 -0.0113424 -0.0235188 0.00012005 -0.00783958 -0.0164352 -0.00153174 -0.00192229 -3.98063e-06 -0.00334318 -0.000113745 -0.0050938 0.00238672 -0.00531343 -0.00190388 -0.00723118 -0.00562345 0.013159 -0.000118057 0.00111852 -0.000380919 0.00626747 0.00251307 0.00564481 -0.00215112 -0.00438022 -0.00197636 -0.00212945 -0.00770576 -0.000964224 -0.000721859 -0.00574284 -0.00728089 0.0051808 -0.00491128 -0.0093144 0.000387477 -0.00815649 
9.22477e-05 0.00432553 -0.00113562 0.00779325 -0.00744322 -0.0078887 -0.00483538 -0.00141346 -0.00333462 -0.0200535 -0.000908164 -0.00664445 0.0130431 0.00432402 -0.0235164 -0.000806581 -0.016092 -8.61575e-06 -0.00563105 -0.003017 0.00943798 0.00192337 -0.00929828 0.01001 -0.00388762 0.00289463 -0.00464942 -0.00676064 0.00455343 -0.00967807 0.141987 -0.000286324 0.00518542 -0.00851747 -0.00149453 0.00306385 0.000767586 6.73949e-06 6.55881e-06 0.00108813 -0.00333208 0.00465364 -0.00254858 -0.0112627 0.0016682 -0.00213096 -0.00499594 4.28407e-06 0.00817837 -0.00167511 0.00177977 0.0015993 0.00046267 -0.000745856 0.003993 -0.00168257 -0.00146702 -0.00196161 0.00498795 -0.00209449 -0.00488334 -0.00181199 -0.00406352 0.000986702 0.00202719 -6.33074e-05 0.0151233 -0.00831587 -0.00499065 -0.000190585 -0.00309137 -0.0016 -0.00183221 0.00599152 0.00220034 0.00115811 0.0122665 0.00191766 -0.000260929 0.00113696 0.000455078 -0.00402315 -0.00563832 -0.00235127 -0.00229951 -0.00459102 -0.00180116 0.00235595 0.00228255 0.000690397 -0.0190824 -0.00387707 -0.00292481 -0.00358788 -0.00660143 -0.00363999 -0.0029518 -0.00203213 -0.0100179 0.00129968 
-0.0008891 0.00338184 -0.000320255 -0.00205063 -0.0014848 -0.00179968 -0.0028397 -0.00327397 0.00278527 -0.00238325 -0.000598256 -0.00024621 -0.00809502 -0.0108449 -0.00146773 -0.000263686 -0.00238172 -0.00423382 -0.0012553 -0.00133068 0.00772437 -0.000230294 -0.00184746 -0.00230462 -0.00750374 -0.004585 -0.00576097 0.00254155 0.000935508 -0.000261304 -0.000286324 0.072242 -0.00172491 0.000241372 -0.00233491 -0.000287534 0.000560628 -0.000182683 0.00027982 0.0035143 -0.000948895 2.94652e-05 -0.00105164 -0.000578712 -0.00137731 -0.00164291 0.00293665 0.00209381 -0.00817085 0.00331269 -0.00255546 -0.000860312 0.00280353 0.00087705 -0.00142328 -0.000189114 0.00106185 0.0029442 0.000171717 -0.00106329 -0.00233042 0.000536834 -0.000718979 -0.00231216 0.00294633 0.00127328 0.000115207 -0.00125099 -0.000481408 0.000475519 -0.000688887 -0.00162959 -0.000722052 0.00129215 -0.004004 0.000556592 -0.000505874 -0.000169921 -0.000431684 -0.00171503 0.00512173 -0.00153882 -0.00161097 -0.00110809 -0.00249159 -0.000984406 -0.000518523 0.000183611 0.0011189 -0.0005251 -0.00602163 -0.000199654 0.00231893 -0.00204211 0.00240926 0.00308002 -0.00119682 0.00200705 -0.0032392 -0.00250497 
0.00277067 0.000654178 -0.000111996 -0.000625512 0.00011759 -0.00681685 0.00198279 0.00411706 -0.00567918 -0.00551347 0.000629455 0.000402766 0.00666887 0.0067698 -0.0109051 0.00592151 -0.00249568 0.00118917 0.00759488 -0.00591506 -0.000558786 -0.00389328 -0.0202376 -0.00429552 -0.00176745 0.00832725 -0.00220811 -0.00456794 -0.00231594 -0.00315311 0.00518542 -0.00172491 0.0958229 -0.00108388 -0.00207138 -0.0041192 0.00195759 7.05109e-05 0.000261765 -0.00546603 0.00196401 0.00324989 3.28783e-05 -0.00576612 0.00124778 -0.00182155 -0.00162775 -0.00537097 -0.0055899 -0.00205579 0.00187091 -0.000922864 -0.00178795 -0.00200659 -0.00176604 -0.000481646 0.00109671 0.000100069 0.00274962 0.00554813 -0.00196032 -0.00175387 -0.00216659 0.000376482 -0.00278009 -6.7966e-05 0.00175307 -0.00154066 1.68072e-05 -3.72329e-05 0.00136761 0.00138705 0.000650469 -0.00169252 -0.00326616 -0.0071016 0.000954373 0.00071465 0.00213038 -0.00520122 -0.00251624 -0.00214884 -0.00116128 -0.00374861 0.00135764 0.00752639 -0.00162598 0.00130271 -0.0013527 0.00166647 -0.00066899 -0.00229678 -0.000724978 -0.000489438 -0.0106783 -0.00192327 -0.00206977 -0.00158096 -0.0068453 0.00261443 
0.00256029 -0.00395879 0.00133009 0.00338149 -0.00187071 -0.00390038 -0.00168399 -0.00709641 -0.00114969 0.00110567 -0.00298786 -0.00252598 -0.0079795 0.00387064 0.00911605 0.000369331 -0.00360523 -0.00662748 0.00718554 0.00495868 -0.00593447 -0.00846586 0.00135376 -0.00353828 -0.00193828 0.00291461 0.00099375 -0.000883719 0.00735395 -0.0107076 -0.00851747 0.000241372 -0.00108388 0.0927907 0.00132186 -0.00384061 0.000138095 0.00234305 0.000528755 -0.0047208 0.00149107 -0.0024118 -0.0064385 -0.000421646 0.000797805 -0.00122683 -0.00354063 0.000996944 -0.0081089 -0.00453738 -0.00303257 -0.000298163 -0.00158097 0.00181935 -0.000453359 -0.000287404 -0.00132008 -0.00735593 0.000253759 -0.000229091 0.00386712 0.00181792 0.00745038 -0.00245075 0.00414662 -0.000909614 -0.00540516 -0.00180105 0.000814663 0.00293331 -0.000353911 -0.0037729 0.00072757 -0.00158361 -0.00222475 -0.00216874 -0.00516678 -0.00322629 -0.00182413 -0.0146266 0.000971118 -0.00201476 0.00141005 -0.00295323 -0.00408503 -0.00310747 0.00299125 0.00227978 -4.78536e-05 -0.000792775 0.00917636 0.00287613 -0.00226321 0.000381904 -0.00426563 -0.00397227 0.00295328 0.003842 0.00302 0.00240069 
