0.0831729 0.000731617 -0.000270361 -0.00229035 -0.00182128 0.00628662 -0.005752 -0.00189863 -0.00581427 0.00109998 0.0116495 -0.00309923 0.0060836 -0.00723272 0.00296195 -0.008473 -0.000262331 -0.00325379 -0.00152212 0.000667728 -0.0071419 0.000857238 -0.00157399 -0.00697505 0.00465365 -0.00195965 7.61604e-05 0.00263825 -0.00620632 -0.00937989 0.00639072 -0.00576046 -0.0045148 0.00136622 0.00193271 -0.00215512 -0.00265764 0.00156469 -0.00354104 -0.000283345 0.00204176 -0.00189571 0.00517898 -0.00180232 -0.00287228 -0.00196049 0.00207597 0.00461639 -0.00492101 -0.000763924 -0.0021952 -0.00197907 -0.00236537 -0.00966037 -0.00671694 0.00569609 -0.00137274 -0.00644097 -0.00186652 0.00484085 -0.00081654 -0.00104587 0.000156656 -0.000343687 -3.00888e-05 -0.00234871 -0.00504066 -0.00521001 0.00121429 0.000855424 0.00107391 -0.00141008 -0.00199899 0.00120559 -0.00385243 0.000377476 -0.00311885 0.000548386 -0.00413212 -0.000884151 0.0011746 -0.00101553 -0.00192826 0.000532059 -0.00393898 -0.00423718 0.000588918 0.00172471 0.00428509 -0.00159849 0.00409736 -0.000892279 -0.000133119 -0.000382848 0.00626825 0.000823879 0.00138554 0.00093472 -0.000782144 0.00196278 
0.000731617 0.0504924 -0.001653 0.000663485 -0.000171219 0.000716444 -0.000359494 0.00126045 0.00112375 -0.00375423 0.000815271 0.00206929 -0.0036767 -0.000461495 0.00648549 -0.00746124 -0.000644998 -0.00899018 0.000889264 -0.00352141 -0.00857789 -0.00965853 0.0035346 -0.00534435 0.00126181 0.00345975 -0.00487471 0.00588041 0.000649745 -0.000747263 -0.00092368 0.00721838 -0.0010388 -0.00197352 0.000816996 -0.000759488 0.00177344 0.000230564 -0.00212502 -0.000136192 0.00145278 -0.00215393 -0.00169548 -0.000564988 0.00294999 -0.000273538 -0.000116511 -0.00264934 0.00306646 0.000962027 5.27044e-06 0.000316296 0.00216734 -0.00919442 -0.0040645 -0.00214582 -0.000881592 0.00136413 -9.31063e-05 0.00428405 -0.000546354 -0.00220937 0.000757223 -0.000793432 -0.00164513 0.00141358 0.0038326 -0.00388121 -0.000354687 -0.00531108 -0.000666288 -0.000162322 -0.00104019 -0.00097272 0.0014748 -0.00077436 -0.000568911 -0.000472402 -0.000507168 -0.00119068 0.0015248 -0.000886405 -0.00102196 0.00177847 -0.00359259 -0.00103231 -0.00145357 -0.00132323 0.000360509 -0.0012507 -0.00033604 0.000240835 -0.000804089 -0.000614097 -0.000512652 -0.000290451 0.00389237 0.000159562 -0.00095042 0.00377523 
-0.000270361 -0.001653 0.051295 -0.00100565 -0.00316392 0.000677312 -0.002803 0.00136211 -0.000665395 -0.00189474 0.00205478 0.00403468 -0.00100569 0.00130994 -0.00180093 0.00209246 -0.00541351 0.0033316 0.00188836 -0.000245619 -0.000386136 0.00332423 -0.010606 -0.0120165 0.00729577 -0.00326124 -0.00542251 -0.00275521 -0.000941706 0.000463537 -0.00514685 -0.00205975 -0.00154752 -0.00309482 -0.00132105 -0.00265812 -0.00127969 -0.000927212 -0.00250465 -9.73251e-05 -0.00054628 0.00702189 -0.00254034 -0.00084406 -0.00119883 0.000589137 -0.00112309 -0.000709283 0.0027933 -0.000851843 0.0016504 0.000303759 -0.00100507 0.00200369 -0.00234704 -0.00193956 -0.000529778 0.00107983 0.000868429 -0.00111045 -0.000509878 -0.00215534 -0.00190233 -0.00138356 0.00234928 -0.00145918 -0.00101595 0.00174232 0.000328709 -0.00152007 0.00157124 0.00249543 -0.000634777 -0.00137786 -0.0021973 -0.000510209 0.000375854 0.00177184 0.000911158 -0.00233458 -0.000706276 6.68502e-05 0.00046 0.00183041 0.000105792 0.00156073 -0.00135232 -0.000397247 -0.00277307 -0.000758275 0.00356037 -0.000533387 -0.000591442 0.000950836 0.00341257 0.000188368 0.000109851 0.00036204 -0.0019695 -0.00281762 
-0.00229035 0.000663485 -0.00100565 0.0487269 -0.00066982 0.00245567 0.00220703 -0.000768977 0.00246855 -0.00182805 -0.00348438 -0.00312218 -0.00654312 -0.00121075 0.00143209 0.00484611 -0.00375187 -0.00477024 -0.00473155 -0.00292861 0.00127489 0.00130743 0.000585989 0.000337483 -0.00886032 0.00340057 0.00782399 0.000144808 9.81365e-05 -0.00453086 0.00282295 0.000929414 -0.00332442 -0.000826533 0.00108009 -0.00144504 0.00280362 -0.00135475 -0.00205384 0.000123736 -0.000566451 0.00054388 -0.000753818 -0.000592327 -0.00215631 -0.000146509 -0.000659945 -0.00251318 0.000374533 -1.57408e-05 -0.000894283 -0.00187528 9.86702e-05 -0.00455355 0.00172292 0.000773138 -0.000481757 -0.00124978 0.000292194 -0.00193171 -0.000663249 0.000627404 -0.00200007 -0.00119757 0.000135422 -0.000750053 -0.00135185 -0.00367445 0.00034117 -0.00101784 -0.000296608 -0.000151755 -0.000134421 -0.00038966 -0.00205851 -0.000327905 -0.000532745 -0.000229269 0.00029511 0.00201412 -0.000463245 -0.000883321 -0.000120445 -0.00239782 -0.00121551 0.000913931 9.44068e-05 -0.00138155 -0.000567351 -0.000448107 -0.000282273 0.00069061 7.26276e-05 0.00412535 -0.000280569 0.00100459 0.000738558 -0.000286655 0.000414756 0.00018839 
-0.00182128 -0.000171219 -0.00316392 -0.00066982 0.0736283 0.000959562 0.000226159 -0.0012046 -5.59647e-06 -0.00164309 -0.000122288 -0.00332768 -0.00259072 -0.00412648 -0.00561485 -0.0100878 0.0124141 -0.00555096 -0.00458399 0.0006149 -0.00895092 -0.0011657 0.0139145 -0.00220301 0.00550325 0.0136727 -0.000889693 0.000239973 9.93223e-05 -0.00573564 0.00475083 -0.00145473 -0.00327618 0.00162841 -0.00147339 0.000569089 -0.00277793 -1.95593e-05 -0.00704889 -0.000909051 0.000324199 -0.00448968 0.000183111 -0.00105432 -0.00144633 0.000105179 -0.000808324 0.00555567 -0.00177759 -0.000275617 -0.00131347 0.000121933 0.00316226 -0.00223249 0.00608128 -0.00344879 0.000731924 -0.00336351 -0.00306143 0.00430568 -0.0007915 -0.000967272 -0.000142188 0.0010567 -0.00111974 0.00249917 0.0011438 -0.00125885 0.000480872 -0.0040993 -0.00191411 -5.20252e-05 -0.00300375 -0.00064321 -0.0043401 0.000284133 0.000700084 -0.000652198 -0.00665779 -0.00404127 -0.000311465 -0.000360992 -0.000524957 -0.0029142 -0.00159991 -0.00270153 -0.00210983 0.0018309 0.000593758 -0.00208192 -0.00239515 -0.000500493 -0.00183187 -0.00121158 -0.000367028 0.00120412 -0.00310266 -0.000451439 -0.00266544 8.85252e-05 
0.00628662 0.000716444 0.000677312 0.00245567 0.000959562 0.0991864 -0.00132708 0.000924291 -0.00846601 -0.0107066 -0.00464493 -0.00313716 0.00272965 0.00755053 -0.00529213 -0.00760702 -0.0139999 0.00291622 0.000746846 0.00642913 -0.00438866 6.17305e-05 0.000118789 0.00294825 -0.0144788 0.00132372 0.00375458 -0.00114022 -0.00483091 -0.00694887 -0.00305369 -0.00247366 -0.0132687 0.00187906 0.00418148 0.00463704 -0.000707291 -0.00075854 -0.00923176 -0.000637532 8.25855e-05 0.00082291 -0.000183455 -0.000647289 -0.00523429 -0.00200987 -0.00251268 -0.00514129 -0.000329166 0.0046807 -0.00129829 0.010664 0.00168001 -0.000972222 0.00496409 0.00369926 -0.00168198 -0.00284176 0.0113443 0.00631335 -5.86014e-05 -0.00298424 -0.00386603 -0.000815235 -0.00129623 -0.00418511 -0.0028896 -0.0032021 -0.000502158 -0.00747224 -0.000770018 -0.00224135 0.00184319 -0.00143428 -0.000638814 0.00130954 -0.000756284 -0.00158987 -0.00303841 -0.00434473 -6.4612e-05 -0.00186791 -0.0008533 -2.28036e-05 -0.00281831 -0.00200809 -0.0113396 -0.00200378 -0.00273841 0.000246622 -0.00538149 -0.000476736 -0.000144136 0.00389832 0.00541467 -5.84398e-05 0.00283776 0.0019769 -0.00157888 0.00113211 
-0.005752 -0.000359494 -0.002803 0.00220703 0.000226159 -0.00132708 0.102426 0.000150216 -0.00350061 0.00762979 -0.012012 -0.00396768 -0.00978288 -0.00212326 0.00939218 0.00417634 -0.010675 -0.00520589 -0.00382375 -0.0112101 -0.0104925 -0.00942591 0.00755027 -0.0103189 -0.00588199 0.00250583 0.00321741 -0.00238151 -0.000301481 -0.00116725 -0.00617091 -0.00581462 0.000784621 0.00859664 -0.0020384 -0.00291966 0.00365719 -0.00128192 0.00392862 -0.000209651 -0.00099814 -0.00209836 -0.0029313 -0.00191309 0.0027736 -0.000647077 -0.0032522 -0.00663179 -0.00337157 -0.00133142 0.00472738 -0.00479148 0.0116251 -0.00182526 0.000175789 -0.000514794 0.000950261 0.00176641 0.00121653 -0.00219568 0.000613186 -0.00419004 -0.0035006 -0.00325701 -0.00109109 -0.00370829 -0.00347485 0.00929398 -0.00433941 0.00146505 -0.00105636 0.00338628 0.000377058 -0.000473275 0.0116064 -0.000760247 -0.000661156 -0.000220561 0.00991685 0.00345739 0.00243863 0.00155266 -0.00038748 -0.00606542 -0.00330426 -0.00260454 -0.00153965 -7.06695e-05 -0.00101613 -0.00170044 -0.00580353 0.000246766 0.000166427 -0.00315731 -0.00224795 -0.00239829 -0.00280652 -0.000222706 -0.000124233 -0.000572151 
-0.00189863 0.00126045 0.00136211 -0.000768977 -0.0012046 0.000924291 0.000150216 0.0431429 0.000462237 -0.00506072 0.00214384 -4.49555e-05 -0.00057945 0.0027371 -0.0022723 -0.00581092 -0.00440182 -0.00379558 0.00551758 -0.0022107 -0.00174856 -0.00635135 0.0014264 -0.00444594 -0.00183206 -0.0020283 -0.00486499 -0.00112861 -0.00195218 0.00514769 -0.00432177 0.00460071 -0.00247301 -0.00485417 -0.000345514 -0.000701574 0.000701035 -0.00184924 -0.00300521 -8.40428e-05 -7.35391e-05 0.000399578 -0.000364645 0.000504464 -0.000970361 -9.64427e-05 0.00061011 -0.00240179 -0.00109486 0.000513594 0.000611939 0.000307698 -0.000887295 -0.000851178 0.00121543 -0.000318511 -0.000520554 0.00155678 0.00155068 -0.00176916 0.000529754 0.00156796 -0.00108504 0.00123103 -0.000876504 -0.00249626 1.41368e-05 -0.00266621 -0.00137277 -0.00233676 3.01613e-05 -0.000219479 -8.50507e-05 5.04205e-05 -0.00189985 -0.000449266 0.00386853 -0.00132514 0.0025587 0.000700257 0.00172265 -0.000129741 -0.000156899 0.00499842 0.00137864 0.000626253 0.0021084 -0.000489972 -0.00295602 0.00042548 -0.000307555 -3.13797e-05 0.00222823 -0.00123542 -0.00087668 -0.00134056 0.00121444 0.000599113 -0.0001007 -0.000878666 
-0.00581427 0.00112375 -0.000665395 0.00246855 -5.59647e-06 -0.00846601 -0.00350061 0.000462237 0.134665 0.00773566 -0.0054554 -0.0117229 -0.0131288 -0.00393205 0.00232094 0.0116665 -0.00198771 -0.0146527 -0.00273521 -0.00373926 -0.00865818 -0.00163163 -0.00811392 0.0159486 0.00632106 0.00216101 0.000490961 0.00260377 -0.00495732 0.002825 0.0100699 0.0220435 -0.000543123 -0.0127098 -0.00237647 -0.00561617 0.0141294 0.00498395 0.00548598 0.00138466 -0.000221613 0.000125183 -0.00613499 0.00163732 0.00117305 -0.000445932 0.00443208 -0.00627026 0.00119855 -0.00175218 -0.00191699 -0.00291899 -0.00829504 -0.0063381 -0.00940293 0.000709656 0.000941734 -0.0120479 -0.00638644 -0.00329834 0.00121186 0.00200943 -0.00297176 -0.00319552 -0.00198656 0.00442677 -0.00293099 -0.00868605 0.00823919 -0.00137959 -0.00176695 0.00375123 -0.00424801 -0.00198868 -0.00188889 -0.00270347 -0.000950094 -0.00033387 -0.0196494 -0.000710105 -0.00109157 -0.000632068 -0.00404811 0.00440244 -0.00291354 -0.000211904 -0.00323002 -0.00146644 -0.00826197 -0.00450909 -0.00351159 -0.000300759 0.0033613 -0.00281275 -0.0129356 -0.00160755 -0.000217596 -0.00082053 0.00274063 0.000552147 
0.00109998 -0.00375423 -0.00189474 -0.00182805 -0.00164309 -0.0107066 0.00762979 -0.00506072 0.00773566 0.179317 -0.0124877 -0.00736504 -0.00336509 -0.0233552 -0.00308693 0.00272478 0.0187843 0.00290966 -0.0110274 -0.0115615 -0.0221819 0.0109512 -0.0164443 0.0166989 -0.0131583 0.00825295 0.0114477 -0.00521011 0.00976999 0.00341651 -0.0146065 0.00122321 0.00808511 0.0118947 -0.000768698 -0.00281404 -0.00320637 -0.000201957 0.000343677 0.000219012 -0.000890925 -0.000698047 -0.00421937 -0.00283984 -0.00338341 0.000300143 -0.00351951 -0.000796945 -0.00651331 -0.00145567 -0.00011972 -0.00866863 -0.000574674 -0.00569608 -0.00706822 0.000589646 0.00278103 -0.0117046 -0.00041568 -0.000453944 0.00041745 -0.00312838 -0.00820946 -0.00229018 -0.000432961 -0.00628977 0.00213244 -0.00278784 0.00168176 0.00198459 0.00220852 0.00446966 -0.00471342 -0.00127153 0.00411774 -0.000611021 0.00131408 -0.00092061 0.00987154 -0.00833863 -0.00121811 0.0031373 -0.0041189 -0.0109245 -0.00649705 -0.00586967 0.0047811 0.00178186 -0.00884727 -0.00318808 0.00795119 0.000434315 -0.00905905 -0.00778462 -0.00689142 -0.00246034 -0.0034709 -0.00176165 -0.00378373 -0.00284195 
0.0116495 0.000815271 0.00205478 -0.00348438 -0.000122288 -0.00464493 -0.012012 0.00214384 -0.0054554 -0.0124877 0.147188 0.000441733 0.0342122 -0.00337966 -0.0125282 -0.0079966 -0.0117997 -0.0149008 0.0117185 -0.0101662 -0.0190465 0.000828333 -0.00550755 -0.0112869 0.00459335 -0.0142642 -0.0145564 -0.0128164 0.00408215 -0.00789393 -0.00615641 -0.000471182 0.00628023 -0.00178415 -0.000331505 -0.00604569 -0.00784439 0.00566363 -0.00522258 -0.00231148 0.00173771 -0.00492943 -0.00344496 -0.00564402 -0.00512069 -0.000367269 -0.0034772 0.00658506 -0.00323508 -0.00126548 0.00154041 -0.0051389 -0.00463603 -0.00791873 -0.000698608 0.0106008 -0.000845411 -0.0108001 -0.00597193 0.00127614 0.00054472 -0.000388937 0.00654713 0.000779954 0.000669548 0.00492073 -0.00637376 -0.00471243 0.00106183 0.00737299 -0.00439995 -0.000257814 0.001094 -0.00437687 0.00205031 -0.00159909 0.00359796 -0.00158564 -0.00128586 -0.00102704 0.000597375 -0.0024841 -0.000523266 0.00325224 0.00477825 0.00172968 0.00920292 0.0035369 0.0154032 -0.00226051 0.00398126 -0.000877234 0.00472395 -0.000585464 -0.00120999 0.00278427 -0.000803131 -0.000607691 -0.00705668 -0.0116141 
-0.00309923 0.00206929 0.00403468 -0.00312218 -0.00332768 -0.00313716 -0.00396768 -4.49555e-05 -0.0117229 -0.00736504 0.000441733 0.133011 0.00490604 0.00359165 -0.00222423 0.015259 -0.0199762 -0.00900371 0.0118883 -0.0182536 -0.00649599 -0.00424656 -0.0273069 -0.0221283 0.0134617 -0.00999724 -0.0152953 0.00405805 0.00236247 0.0141479 -0.0130061 -0.00689937 0.00710709 0.00327066 -0.00320278 -0.000838142 -0.000408974 0.00252372 -0.00645217 -0.000484855 0.00131205 -0.00376236 -0.00370129 0.000529577 0.00200832 0.00199572 -0.00403086 -0.000690713 0.00534422 0.00271201 0.00249286 0.00170824 0.00237148 -0.00642772 -0.000852553 -0.0100701 -0.00156688 0.00693957 -0.0116342 -0.0109482 0.00104841 -0.00337948 0.000353092 0.00371067 0.0010259 0.00892526 0.00863913 0.0114519 -0.00464514 -0.00124262 0.00163322 0.00206534 0.00734078 0.00650091 0.00570684 -0.000419454 5.11935e-05 0.00158549 -0.0134715 -0.00304001 -0.00152359 0.00546147 0.00147453 -0.00651777 -0.00433174 0.00180474 -0.00364899 -0.0020471 -0.00868195 -0.00301362 -0.000354561 -0.000217104 0.000153413 0.00169903 0.00784282 -0.00417528 -0.00400893 0.000946053 -0.0024843 -0.00607182 
0.0060836 -0.0036767 -0.00100569 -0.00654312 -0.00259072 0.00272965 -0.00978288 -0.00057945 -0.0131288 -0.00336509 0.0342122 0.00490604 0.183414 0.00294118 -0.0141693 -0.0204161 -0.0091657 -0.0165076 -0.00906812 0.018632 -0.0131415 0.000816959 -0.000880077 0.00484945 -0.00484003 0.00283264 -0.00161869 -0.018542 -0.00645332 -0.0115435 -0.0228736 -0.0167151 -0.00754299 0.0125739 -0.00262781 0.000110575 -0.0150565 0.000583433 -0.0146366 -0.0016156 0.00416327 -0.00717192 0.00401612 -0.00439325 -0.00544589 -0.00235718 -0.00316182 -0.00539732 -0.00137967 -0.000562768 0.00633877 -0.0134136 -0.00958782 0.0171069 0.00232297 0.0129437 -0.00414168 -0.00829717 -0.0112845 -0.00598436 -0.00147313 -0.00590743 -0.00269682 0.0091934 0.00141475 -0.0126648 0.00131696 0.00225255 -0.00241446 0.00226982 -0.00696347 -0.00550285 0.00634022 -0.00557108 0.00601053 0.00301338 0.00141641 -0.000640951 0.00810488 -0.00636404 0.00259307 -0.00157032 0.00236871 0.0159994 0.0015993 -0.00113608 0.0014912 -0.0032983 0.0130159 -6.30215e-05 0.00187775 0.00182815 -0.00913981 -0.00456331 0.00987097 0.00176575 -0.00234673 0.00142556 -0.00514593 -0.00861862 
-0.00723272 -0.000461495 0.00130994 -0.00121075 -0.00412648 0.00755053 -0.00212326 0.0027371 -0.00393205 -0.0233552 -0.00337966 0.00359165 0.00294118 0.132667 -0.00526446 -0.00318541 -0.0025119 0.00420826 0.0141978 -0.00108973 0.00349182 -0.00450391 -0.00641804 0.00157489 0.00254413 -0.0117816 -0.00654917 0.00252421 -0.00747818 0.00167632 -0.00252766 0.00258791 -0.0161065 -0.0115554 -0.000576092 -0.000534567 0.00582105 -0.00172425 -0.00413792 -0.00135736 0.00320795 -0.00180394 -0.00548786 -0.00377254 -0.00557606 -0.00203286 7.84413e-05 0.00284195 0.00703534 0.00115588 -0.00122324 0.00228954 -0.00675042 -0.00317521 -0.00598674 -0.000435053 -0.00251266 -0.00236158 0.00131495 -0.00190895 0.000550959 0.000133345 -0.000993947 -0.000702794 -0.000745815 0.00314436 -0.00825261 0.00274235 -0.000829291 -0.0112157 -0.00187022 -0.00300423 0.00311861 -0.00668126 0.0033732 -0.00126253 -0.00162917 -0.000846994 -0.0017775 -0.00694894 0.00128602 -0.00263751 0.000285772 -0.00243761 0.00314439 0.00135089 -0.00545189 -0.00101215 -0.00124735 0.0033473 0.0024351 -0.000929777 0.00096912 -0.00316335 0.00319657 -0.00270938 0.0031957 -0.000204009 -0.000579036 0.00366248 
0.00296195 0.00648549 -0.00180093 0.00143209 -0.00561485 -0.00529213 0.00939218 -0.0022723 0.00232094 -0.00308693 -0.0125282 -0.00222423 -0.0141693 -0.00526446 0.126595 0.000146674 -0.017534 -0.0219014 -0.0148791 -0.0289428 -0.00822237 -0.0296788 -0.00177332 -0.00909645 0.00539774 0.0199474 0.00481161 0.0089218 -0.00718657 -0.0156307 0.0235479 -0.00133121 0.00598976 0.00557444 0.00197152 -0.00938988 0.015697 -0.00244926 0.00293736 0.000447159 -0.000564929 -0.00349678 0.00299594 0.0021351 0.00616317 -0.00179409 0.00615276 0.0138833 -0.00394451 0.000624585 -0.00314084 0.00167459 -0.000390703 -0.0326185 -0.0124266 0.00935957 -0.00262778 0.00248119 -0.000980504 0.00627472 -0.000789941 -0.00220277 0.00731299 -0.00199912 0.00119459 0.00231079 -0.00638646 -0.00536941 -0.00149286 -0.00022103 0.000360785 0.00100938 -0.00369346 0.000695272 -0.00890008 -0.000950346 -0.00166986 -0.00128684 -0.00655913 0.0019163 -0.0045263 -0.00110752 -0.000251025 -0.00437203 -0.00831052 -0.00164838 0.00539054 0.000556815 0.00524759 -0.00152377 -0.000254995 0.000111716 0.00481438 0.00417134 -0.003606 0.00062777 -0.00296764 0.000399695 0.00758089 0.0123203 
-0.008473 -0.00746124 0.00209246 0.00484611 -0.0100878 -0.00760702 0.00417634 -0.00581092 0.0116665 0.00272478 -0.0079966 0.015259 -0.0204161 -0.00318541 0.000146674 0.23985 -0.0220472 -0.0198147 -0.0162844 -0.0159411 0.0262842 0.0353504 -0.0230408 -0.00225746 -0.00989068 -0.00466563 0.0252474 0.0138441 -0.00190923 -0.00175792 -0.00989837 -0.00786606 -0.00243635 -0.0234395 -0.0041038 -0.0089853 0.00839405 -0.00739677 0.0209132 -0.000149704 -0.0125927 0.00528156 -0.000832214 -0.00588624 0.0187291 -0.00150899 0.0020562 0.00897408 -0.00846303 -0.0030725 -0.00044016 -0.0207946 0.00422395 -0.0152069 -0.0102904 -0.018111 -0.00166798 -0.0110943 -0.0107196 -0.0259671 0.00379589 -0.00272146 -0.00390938 -0.0126916 0.00380724 0.00966954 -0.00599612 -0.00418129 -0.00496361 0.00816216 0.000197155 0.00925565 0.000622762 -0.00223999 -0.00625003 -0.00350913 -0.00616326 0.0057703 -0.0156577 0.00505725 -0.0031914 0.0102025 -0.00367414 -0.0107982 0.00450143 0.00342669 0.00520052 0.00183328 -0.0256726 -0.000314093 -0.00529993 0.00470812 -0.00855886 0.00373925 -0.0085484 -0.00559077 0.00163709 -0.00170452 0.0137366 -0.00417627 
-0.000262331 -0.000644998 -0.00541351 -0.00375187 0.0124141 -0.0139999 -0.010675 -0.00440182 -0.00198771 0.0187843 -0.0117997 -0.0199762 -0.0091657 -0.0025119 -0.017534 -0.0220472 0.241779 0.0347482 -0.018632 0.0153031 0.000476513 0.0148066 0.00960338 0.00629183 -0.00302757 -0.0115949 -0.0147482 -0.0257435 0.00711575 -0.00468079 -0.0186579 0.0122979 -0.00435374 -0.0185792 -0.00820581 -0.00728296 -0.00564356 0.00273124 0.00319325 -0.00127708 -0.00106381 -0.0027704 0.00817808 0.0026216 -0.01412 -0.00219173 0.000874236 -0.0169463 0.0193321 -0.00370202 -0.00484084 0.00997466 -0.0090618 0.00568152 -0.00989132 -0.0088392 0.00108491 -0.00872127 -0.000127025 0.0104996 -0.000858645 0.00263459 -0.0153532 -0.00859141 -0.00294511 -0.00648619 0.0146928 0.00602661 0.0141824 -0.0169324 -0.000306378 -0.00354583 -0.00684191 0.000835122 -0.00975927 -3.77277e-05 -0.00494634 -0.00541815 0.0173219 -0.0146066 0.00163614 -0.00744095 -0.00793711 0.00778097 0.00532948 -0.0067905 0.00365414 -0.00294604 0.000778413 0.000697694 -0.00607911 -0.000991116 -0.00468222 -0.0128394 -0.00644972 -0.00494941 0.00178059 0.00018536 -0.0160184 0.00730026 
-0.00325379 -0.00899018 0.0033316 -0.00477024 -0.00555096 0.00291622 -0.00520589 -0.00379558 -0.0146527 0.00290966 -0.0149008 -0.00900371 -0.0165076 0.00420826 -0.0219014 -0.0198147 0.0347482 0.249635 0.0157419 0.0147814 -0.0010258 0.011838 -0.0212254 0.00542031 -0.0149845 -0.0229183 -0.0291856 -0.00872093 -0.0123493 0.00876427 -0.0078836 -0.00240918 -0.01942 0.00207667 -0.00473666 0.00898144 -0.0263524 -0.00212649 0.00115827 -0.00226123 0.00489686 0.0124564 -0.000133494 -0.00475668 -0.0181833 0.000494068 -0.00234087 -0.0171026 0.011341 -0.00157943 -0.00154229 0.0170837 0.000552182 0.0352252 0.00384498 -0.0137729 0.00229085 -0.000859153 0.00826517 0.01252 -0.00390657 -0.00427394 -0.0145843 -4.36167e-05 0.00397009 -0.0054835 0.0254316 -0.00689379 0.00309092 -0.0140787 0.00485964 -0.00499078 -0.00565317 0.00322927 -0.00168525 -0.00075733 -0.00539761 -0.00197681 0.0256352 -0.0252548 -0.00796379 -0.00622183 -0.00128046 0.000497776 0.00607565 -0.0112199 -0.00738314 -0.00872791 -0.000923943 0.00133772 -0.00235656 -0.0035407 0.00350261 -0.0112355 -0.00849791 -0.0083546 -0.000200118 -0.00502183 -0.0140037 0.0030176 
-0.00152212 0.000889264 0.00188836 -0.00473155 -0.00458399 0.000746846 -0.00382375 0.00551758 -0.00273521 -0.0110274 0.0117185 0.0118883 -0.00906812 0.0141978 -0.0148791 -0.0162844 -0.018632 0.0157419 0.241178 -0.0140733 -0.00143811 -0.0171889 -0.0077647 -0.0117056 -0.0038719 -0.0101444 -0.0131027 -0.0177307 -0.00988602 0.000934784 -0.0174533 -0.000140865 -0.0191479 -0.00739494 -0.000967892 -0.00623001 -0.00963833 0.0104027 -0.0160657 -0.00248505 3.48063e-05 -0.0083716 -0.00302961 -0.00548335 -0.00929445 -0.00534949 -0.00447288 -0.0113389 0.000901331 -0.000597745 -0.00130317 -0.0153392 0.000203054 0.028002 0.0149902 -0.0164057 0.00267315 0.0107221 -0.0178808 0.00546988 0.00144784 -0.00711278 0.00223982 0.0129002 -0.00440741 0.00131141 0.0118148 0.0151297 0.00234025 0.00372936 -0.00571814 -0.00625297 -0.00095014 -0.00843446 -0.00132219 -0.00128426 0.000257425 -0.011046 0.00713837 0.0116066 -0.00272835 -0.000468125 0.00428021 -0.00802293 0.00869266 0.00162934 -0.00261739 0.00125287 0.000513383 0.00183059 -0.0110523 -0.00191747 0.0198936 -0.00766683 -0.00903665 -0.00629135 -0.0100833 -0.00136806 -0.00871573 0.00297238 
0.000667728 -0.00352141 -0.000245619 -0.00292861 0.0006149 0.00642913 -0.0112101 -0.0022107 -0.00373926 -0.0115615 -0.0101662 -0.0182536 0.018632 -0.00108973 -0.0289428 -0.0159411 0.0153031 0.0147814 -0.0140733 0.232905 -0.00309958 0.0120124 0.0318991 0.00719843 -0.00608861 -0.0138897 0.00997035 -0.00238187 -0.0102041 -0.0010093 0.00452477 0.00570902 -0.00362438 -0.00369464 -0.00613058 0.00814477 0.000640936 -0.00809391 0.00568262 -0.00112698 -0.0035444 0.00152917 0.00552112 -0.00423501 -0.012658 -0.00256494 -0.00106217 -0.00191905 -0.0037341 -0.00278186 -0.00170635 0.00303027 -0.0183133 0.0297881 0.00925111 -0.0231336 -0.00532281 -0.0124232 0.0104169 0.0134014 -0.00649484 -0.00439758 -0.0164245 0.000763638 -0.00257945 -0.0213809 -0.0081696 -0.00388531 -0.00342186 -0.00103716 -0.00405778 -0.00689537 -0.00135047 0.000731627 -0.0140567 -0.00110871 -0.00254199 -0.00581837 -0.00260734 -0.0131859 -0.000880125 -0.00659646 -0.00389894 -0.00284572 -0.000671229 -0.0014034 -0.0028681 -0.00534907 0.00268442 0.00131239 -0.0118686 -0.0040534 -0.0162717 -0.00556413 0.00348557 0.00136391 0.00252296 -0.00127308 0.00306348 -0.00439732 
-0.0071419 -0.00857789 -0.000386136 0.00127489 -0.00895092 -0.00438866 -0.0104925 -0.00174856 -0.00865818 -0.0221819 -0.0190465 -0.00649599 -0.0131415 0.00349182 -0.00822237 0.0262842 0.000476513 -0.0010258 -0.00143811 -0.00309958 0.245182 -0.0139661 -0.0189741 -0.0020249 -0.021828 0.00869786 0.037175 0.00366852 -0.00461536 -0.00359735 -0.0134125 -0.00321584 -0.0216546 -0.0241161 -0.0052326 -0.00870298 -0.00181905 -0.00878839 -0.00517846 0.00173713 -0.00107649 0.00365712 0.00600197 -0.00862236 0.00722292 -0.0035197 0.000604199 -0.00113296 -0.0040571 -0.00559415 0.003238 -0.00425348 -0.0119559 0.0245831 0.00839261 -0.00857467 0.000200911 0.00849278 0.00887631 -0.0226492 -0.000968092 0.00372217 0.00251875 -0.00955216 0.00618763 -0.00734348 -0.00919411 0.00153508 -0.00778559 0.00559459 0.00146046 -0.000171851 0.00902371 -0.000305011 -0.0105333 0.00135201 -0.00501711 -0.00344278 0.00792751 0.0174292 -0.0134496 -0.00052516 -0.00429247 -0.0132128 0.00466839 0.0148138 0.00442734 0.00282813 -0.00244325 0.00238162 -0.00517543 0.00344306 -0.0192627 0.00583322 -0.00637255 -0.012111 0.0077114 -0.000588812 -0.0020025 -0.014807 
0.000857238 -0.00965853 0.00332423 0.00130743 -0.0011657 6.17305e-05 -0.00942591 -0.00635135 -0.00163163 0.0109512 0.000828333 -0.00424656 0.000816959 -0.00450391 -0.0296788 0.0353504 0.0148066 0.011838 -0.0171889 0.0120124 -0.0139661 0.242493 -0.00920719 0.015038 -0.000799774 -0.021462 0.00790488 -0.00790114 0.0140899 0.00200201 -0.0270874 -0.00602583 -0.00424001 0.00396914 -0.00488457 -0.00497928 -0.00319063 -0.00581461 0.00400993 -0.00347207 -0.003435 -0.00100862 0.00836625 0.00389437 -0.0021389 -0.00323952 0.00133807 -0.000184783 0.00254095 -0.00690098 -0.00547508 -0.0073887 0.0116605 0.0186033 -0.00315289 0.00147599 -0.00190472 -0.0150002 0.00622364 -0.0103835 -0.00203033 0.00813085 -0.022662 -0.0142901 -0.00477006 -0.0173809 -0.00564314 -0.00235019 -0.0115669 -0.0115987 0.00343251 -0.00184227 -0.00311971 -0.00460086 -0.00152903 -0.00203445 -0.00771334 0.00503658 -0.0100894 -0.0119736 0.00860344 0.00402608 -0.00975792 -0.00581219 0.0100562 -0.00671487 -0.0165672 -0.00656041 -0.032176 0.00334394 0.0108819 -0.00059441 -0.0175836 0.00233168 0.00386648 0.00506687 0.00196214 -0.000848785 -0.0054177 -0.00817998 
-0.00157399 0.0035346 -0.010606 0.000585989 0.0139145 0.000118789 0.00755027 0.0014264 -0.00811392 -0.0164443 -0.00550755 -0.0273069 -0.000880077 -0.00641804 -0.00177332 -0.0230408 0.00960338 -0.0212254 -0.0077647 0.0318991 -0.0189741 -0.00920719 0.245431 0.0286502 -0.020634 -0.01318 -0.0105824 -0.0118502 -0.0125394 -0.00735466 0.000223322 0.00909799 -0.0209518 -0.00721061 0.00341881 0.00749914 -0.00882116 -0.00993279 0.0119506 -0.000252202 -0.00206073 -0.0140441 0.00302844 0.00284421 -0.00945174 -0.00293268 -0.00285784 -0.012308 -0.00677977 -0.000453156 -0.00862082 -0.00864956 0.00219777 0.000231768 0.00840838 0.00628123 -0.00306229 -0.00234159 -0.00603001 0.0223493 -0.00464706 0.00448649 0.00617918 -0.00790256 -0.00967962 -0.0150237 -0.00372585 -0.000302276 -0.00733639 0.000312592 -0.00993575 -0.00713584 -0.0113163 -0.00872992 0.0197989 -0.000769928 0.00645498 -0.00232005 0.000456712 0.00888665 0.00299547 -0.00520492 0.00158889 -0.00572613 -0.00060065 -0.00664784 0.0105222 0.00237629 0.0143209 -0.0035779 -0.00578249 -0.00149095 -0.0107564 0.00103916 -0.00166005 0.00724596 -0.00302722 -0.00315976 0.000317643 -0.00902952 
-0.00697505 -0.00534435 -0.0120165 0.000337483 -0.00220301 0.00294825 -0.0103189 -0.00444594 0.0159486 0.0166989 -0.0112869 -0.0221283 0.00484945 0.00157489 -0.00909645 -0.00225746 0.00629183 0.00542031 -0.0117056 0.00719843 -0.0020249 0.015038 0.0286502 0.246246 -0.0300954 -0.0423695 0.0131023 -0.0121734 0.000959686 0.0106558 -0.00257667 0.00689996 -0.0222801 -0.0116186 -0.00153463 0.0130087 -0.0193655 -0.00331392 0.00717564 -0.00342102 -0.00174861 -0.00560113 -0.01035 -0.00246891 -0.00564875 0.00292662 -0.00137082 -0.0113766 -0.00687164 0.00133484 -0.00364934 -0.0150666 -0.00994964 0.0272494 0.00623493 0.0143927 0.00265299 -0.0206808 0.00179414 0.00527276 -0.00141131 0.012038 -0.0110192 -0.00685781 -0.000373045 -0.00629547 -0.0102649 0.000966029 0.0015137 -0.00215219 -0.00836947 -0.00560226 -0.00701248 -0.0109288 0.018868 -0.000712331 -0.00152667 0.000599307 -0.00858263 -0.00432343 -0.00589264 -0.0037739 -0.00308673 -0.00572807 0.0139983 0.00196131 -0.00708393 -0.00897617 -0.00929685 -0.00117593 0.00380254 -0.000763547 -0.0150157 -0.00316941 -0.0143774 0.00319805 0.000190366 -0.00244781 -0.00167817 -0.0107655 
0.00465365 0.00126181 0.00729577 -0.00886032 0.00550325 -0.0144788 -0.00588199 -0.00183206 0.00632106 -0.0131583 0.00459335 0.0134617 -0.00484003 0.00254413 0.00539774 -0.00989068 -0.00302757 -0.0149845 -0.0038719 -0.00608861 -0.021828 -0.000799774 -0.020634 -0.0300954 0.242642 0.0122728 -0.0311935 -0.00779839 -0.010704 -0.00364479 0.0135086 0.00669708 0.0212802 0.0147287 -0.000377805 0.0108212 0.00219554 0.013607 -0.0379655 -0.00240067 5.36164e-05 -0.00871029 -0.0044224 0.000782942 0.00704343 -0.00244504 0.00253267 0.00518453 -0.00959497 -0.00155618 -0.00459871 0.0081855 0.00723784 -0.0417555 -0.0246933 0.00830056 -0.00259606 -0.00604505 -0.0172336 -0.0144949 0.00251461 -0.0107427 0.0209032 -6.21544e-05 0.00212428 0.0120786 0.00844457 0.00981729 -0.00647736 -0.000828387 0.00186381 0.00783605 -0.00291079 0.00729876 -0.0179141 -0.00469831 -0.00530855 -0.00775019 -0.00871058 0.00977896 -0.00223629 -0.00569753 -0.00322938 0.0104918 -0.007784 -0.00630089 -0.0175909 -0.00595708 -0.00358505 -0.00251954 0.0090431 -0.00400635 0.000152564 -0.00508419 0.0171169 -0.00065411 -0.00968801 0.000416107 -0.0115078 -0.00424069 
-0.00195965 0.00345975 -0.00326124 0.00340057 0.0136727 0.00132372 0.00250583 -0.0020283 0.00216101 0.00825295 -0.0142642 -0.00999724 0.00283264 -0.0117816 0.0199474 -0.00466563 -0.0115949 -0.0229183 -0.0101444 -0.0138897 0.00869786 -0.021462 -0.01318 -0.0423695 0.0122728 0.239544 0.00909818 0.00991935 -0.00618095 -0.0211268 0.0416655 -0.0117312 0.000268745 0.0272807 0.00268733 -0.0136046 0.0116233 -0.00347258 -0.0136704 0.00178616 0.00388018 -0.00437789 -0.00236736 -0.000289924 0.00604128 -0.00434086 0.0026973 0.0108492 0.00465782 -0.000750943 -0.0011862 0.00656012 -0.00111073 -0.0455583 -0.0144486 0.0139862 -0.00341111 0.0139572 -0.0134207 -0.00962688 -0.00611426 -0.0153631 0.00416251 0.0034389 -0.00463739 -0.00841598 0.00970676 -0.0131975 0.000107308 -0.00137099 -6.38056e-05 -0.00343266 -1.11205e-05 0.00597706 -0.0131343 -0.0016599 -0.00167907 -0.00754266 -0.00185711 -0.00682415 -0.00862747 -0.00682348 0.000973983 -0.0041701 -0.00742719 -0.0065587 0.00130978 -0.00733387 0.0123014 -0.00887751 -0.00490843 -0.00217853 -0.0119642 -0.00296877 0.00525212 -0.00109725 -0.0075573 0.000418144 -0.00583355 -0.0028546 
7.61604e-05 -0.00487471 -0.00542251 0.00782399 -0.000889693 0.00375458 0.00321741 -0.00486499 0.000490961 0.0114477 -0.0145564 -0.0152953 -0.00161869 -0.00654917 0.00481161 0.0252474 -0.0147482 -0.0291856 -0.0131027 0.00997035 0.037175 0.00790488 -0.0105824 0.0131023 -0.0311935 0.00909818 0.188164 0.0102782 -0.00451324 -0.0128156 -0.00270956 -0.0119159 -0.0149499 -0.00703769 0.00402794 -0.00320026 -0.000310961 -0.00544327 0.00216027 0.000987141 -0.00283014 0.00260348 0.000403025 -0.00539253 0.00415564 -0.00301934 0.00213472 0.00647781 -0.0137398 -0.000361677 -0.00253074 -0.00168493 -0.0107699 0.00707707 0.000982799 -0.0102099 -0.0011667 -0.00583953 0.0112431 -0.0104709 -0.00281417 6.54384e-05 -0.0111264 -0.00127882 -0.0012733 -0.00605022 -0.0176633 -0.00285321 -0.00638765 0.00713096 -0.0024631 -0.000683436 0.00201273 -0.0047216 -0.00705839 0.000216857 -0.00619028 0.00952168 -0.00402177 0.00423381 0.000588839 0.00401481 -0.00125964 -0.0102683 -0.00977517 0.00118358 0.00634811 -0.00519203 -0.00115526 0.000210926 -0.0111248 0.00123882 -0.00922271 -0.000299937 -0.00784777 -0.000152547 0.00257698 -0.000117027 0.00714696 -0.00650938 
0.00263825 0.00588041 -0.00275521 0.000144808 0.000239973 -0.00114022 -0.00238151 -0.00112861 0.00260377 -0.00521011 -0.0128164 0.00405805 -0.018542 0.00252421 0.0089218 0.0138441 -0.0257435 -0.00872093 -0.0177307 -0.00238187 0.00366852 -0.00790114 -0.0118502 -0.0121734 -0.00779839 0.00991935 0.0102782 0.133241 0.00449658 -0.0085407 0.0140454 -0.00164497 -0.00188164 -0.0116394 0.00530601 -0.00157712 -0.00128543 -0.00200269 -0.0057739 -0.000398252 -0.000918283 0.00119476 -0.00282695 0.00228824 0.0105414 -0.00155062 0.00183076 0.00293123 -0.00521034 0.00217401 -0.00282085 0.012879 -0.00460291 -0.0119795 -0.00534066 -0.0121048 -0.00106394 -0.000188757 0.0122145 -0.00350971 -0.00148236 -0.0034878 0.00457138 -0.000562314 -0.00127764 0.00831609 -0.0018354 -0.00915199 -0.000228435 -0.00027414 0.00910959 4.79751e-05 -0.000369748 0.00461587 -0.0034962 0.000118198 -0.00287532 0.000455394 -0.0127287 -0.00827992 -0.00265412 0.00346133 -0.00211977 -0.00491626 -0.00672713 -0.00587151 -0.00636733 -0.00107118 -0.00915202 -0.000355088 0.000734 -0.000642858 0.000745402 -0.00163861 -0.00290282 -0.00309807 0.0034582 -0.000379561 0.0111466 0.00443803 
-0.00620632 0.000649745 -0.000941706 9.81365e-05 9.93223e-05 -0.00483091 -0.000301481 -0.00195218 -0.00495732 0.00976999 0.00408215 0.00236247 -0.00645332 -0.00747818 -0.00718657 -0.00190923 0.00711575 -0.0123493 -0.00988602 -0.0102041 -0.00461536 0.0140899 -0.0125394 0.000959686 -0.010704 -0.00618095 -0.00451324 0.00449658 0.0986435 0.00349438 -0.0174261 0.00123674 0.0123035 -0.000121993 -0.000181156 0.00100274 0.00402384 -0.000772598 0.00513378 -0.00104842 -0.00145721 -0.000253861 -0.00180956 0.000939371 0.00793019 0.00113296 0.000756283 -0.00815279 0.00222215 -0.000676591 0.000122176 0.00564738 0.00164439 0.000232301 -0.000363753 -0.00754256 0.000265299 0.000450501 0.00214843 -0.00941499 0.000351779 0.000688143 3.34278e-05 -0.000186839 0.000148899 0.00115581 -0.00652101 0.000981397 -0.00336465 -0.00421145 0.0016605 0.00393003 -0.00138863 0.000273877 -0.00126301 -0.000309887 0.00102245 0.00113955 8.1694e-05 -0.00467756 -0.00086614 0.00236802 -0.00375948 1.60231e-05 -0.00079765 0.000350069 -0.00284738 0.00131922 -0.00730638 -0.000788018 0.00470685 0.000223933 -0.00313823 0.00037102 -0.00219035 -0.00134315 0.00280377 -0.000225343 -0.00336033 -0.00570344 
-0.00937989 -0.000747263 0.000463537 -0.00453086 -0.00573564 -0.00694887 -0.00116725 0.00514769 0.002825 0.00341651 -0.00789393 0.0141479 -0.0115435 0.00167632 -0.0156307 -0.00175792 -0.00468079 0.00876427 0.000934784 -0.0010093 -0.00359735 0.00200201 -0.00735466 0.0106558 -0.00364479 -0.0211268 -0.0128156 -0.0085407 0.00349438 0.164725 -0.0224773 0.0083557 0.0046658 0.0026945 -0.00323011 0.00189773 0.00546488 -0.00565509 0.0095911 -0.000509234 -0.00198413 0.00566313 -0.00697371 0.00149392 -0.000767507 0.00330894 -0.0064234 -0.0124429 -0.00384576 -0.0020158 0.000106647 -0.00575732 0.00329233 0.0115446 -0.00855954 -0.0116493 0.00235784 0.00174613 -0.00877645 -0.0119237 0.00215047 0.0104297 -0.00736898 -0.00503413 0.00197101 -0.0163997 0.0108166 0.00175266 -0.000761025 -0.0141675 -0.0029902 -0.0021305 0.00654658 0.00160338 0.0173432 -0.00153129 0.00231279 0.00167471 -0.00264662 -0.00342422 0.00033958 -0.00111405 0.00666375 -0.00100876 0.000589471 0.0062733 -0.00224763 0.000296898 -0.00955527 -0.0013484 -0.000265327 -0.000688307 -0.00542341 -0.00647511 -0.0121577 -0.00420896 -0.00101773 0.000930482 0.00449941 -0.0135685 
0.00639072 -0.00092368 -0.00514685 0.00282295 0.00475083 -0.00305369 -0.00617091 -0.00432177 0.0100699 -0.0146065 -0.00615641 -0.0130061 -0.0228736 -0.00252766 0.0235479 -0.00989837 -0.0186579 -0.0078836 -0.0174533 0.00452477 -0.0134125 -0.0270874 0.000223322 -0.00257667 0.0135086 0.0416655 -0.00270956 0.0140454 -0.0174261 -0.0224773 0.211432 -0.00550025 0.00211827 0.00162275 0.000996189 -0.000292483 0.00386303 -0.00361076 0.00852876 -4.25366e-05 -0.00144529 -0.0040045 -0.00448753 -0.00121123 -0.000497066 0.00135172 0.0020264 0.0154401 -0.00166748 0.000782945 -0.00819556 0.00832214 -0.00664184 -0.0424232 -0.00871145 0.0265134 -0.00244357 -0.0144196 0.00305668 0.0097277 -0.00513895 -0.00915847 0.00562008 0.00477285 -0.0017338 0.0177575 0.000960825 -0.0163636 -0.00381626 0.00606475 0.000299426 -0.00254254 -0.0045793 0.00371621 -0.0180054 -0.000661013 -0.00415275 -0.000879994 -0.0241687 -0.00497879 -0.00433846 -0.0040757 0.00253474 -0.011461 -0.0048465 -0.00479503 -0.00916315 -0.00845235 0.00916903 0.00241954 -0.00477729 -0.00489074 -0.000679 -0.000465468 0.00326446 0.00114665 0.000255328 -0.00218614 -0.00166395 0.00662508 
-0.00576046 0.00721838 -0.00205975 0.000929414 -0.00145473 -0.00247366 -0.00581462 0.00460071 0.0220435 0.00122321 -0.000471182 -0.00689937 -0.0167151 0.00258791 -0.00133121 -0.00786606 0.0122979 -0.00240918 -0.000140865 0.00570902 -0.00321584 -0.00602583 0.00909799 0.00689996 0.00669708 -0.0117312 -0.0119159 -0.00164497 0.00123674 0.0083557 -0.00550025 0.113248 -0.00574665 -0.00981004 -0.0025542 0.00881094 0.00337042 -0.00286032 0.00222251 -0.00164756 -0.0016991 0.000489063 -0.00295042 0.00372839 0.000719859 -0.00133356 -0.000959164 -0.00915565 -0.00143906 -0.000264072 -0.00322433 -0.00855252 -0.00493138 -0.00368994 -0.00240818 -0.00454732 0.000440764 -0.0100372 0.00170426 0.00644641 0.000824097 0.00498241 0.000487626 -0.00374744 -0.00122441 -0.00581649 0.00200282 -0.00500764 0.00106854 -0.0111358 -0.00251757 0.0032891 -0.00299202 0.00234526 -0.00291888 -0.00105464 0.000383423 -0.00210949 -0.00514108 -0.00590776 0.00424197 -0.00282822 -0.00222077 0.0067265 -0.00573378 -0.00104589 -0.00227339 -0.00178495 -0.00219686 -0.000882311 0.00449495 -0.000992366 -0.00125706 -0.00149385 -0.00610993 -0.00300052 -0.00281634 -0.000351151 -0.00323782 -0.00188504 
-0.0045148 -0.0010388 -0.00154752 -0.00332442 -0.00327618 -0.0132687 0.000784621 -0.00247301 -0.000543123 0.00808511 0.00628023 0.00710709 -0.00754299 -0.0161065 0.00598976 -0.00243635 -0.00435374 -0.01942 -0.0191479 -0.00362438 -0.0216546 -0.00424001 -0.0209518 -0.0222801 0.0212802 0.000268745 -0.0149499 -0.00188164 0.0123035 0.0046658 0.00211827 -0.00574665 0.153103 0.00928081 -0.00389848 -0.000762706 0.00967784 0.00539341 0.00860101 0.000881627 -0.00301481 -0.00651698 0.00241544 0.00771032 0.00139926 0.00124563 -0.00538929 0.0112683 -0.00220216 -0.00147589 -0.00254402 0.00639781 0.00288279 -0.015264 -0.00494695 0.00280245 -0.000741773 -0.00187161 -0.0106149 -0.00970836 -6.51588e-05 0.000611184 0.003756 0.00037194 0.00309446 0.0114999 -0.00928451 -0.00200332 -0.00171632 0.0101294 0.00286744 0.000821728 -0.00050448 0.00726062 -0.00456089 -0.00233193 -0.00640321 -0.00329889 -0.0113434 0.00234265 0.0014941 0.00022201 -0.00212302 0.000912801 0.00185753 -0.00100708 -0.0063775 -8.51388e-06 0.00630743 -0.00553681 -0.00820041 -0.000618116 0.00305354 -0.00533652 -0.0109175 -0.000931058 -0.00450317 -0.000998084 0.00455927 -0.00176049 
0.00136622 -0.00197352 -0.00309482 -0.000826533 0.00162841 0.00187906 0.00859664 -0.00485417 -0.0127098 0.0118947 -0.00178415 0.00327066 0.0125739 -0.0115554 0.00557444 -0.0234395 -0.0185792 0.00207667 -0.00739494 -0.00369464 -0.0241161 0.00396914 -0.00721061 -0.0116186 0.0147287 0.0272807 -0.00703769 -0.0116394 -0.000121993 0.0026945 0.00162275 -0.00981004 0.00928081 0.136111 0.00242779 -0.00228678 0.00116798 -0.000788356 -0.00879317 -0.00199253 0.0052969 -0.00449953 0.00182666 0.00130452 -0.00298842 -0.000746309 -0.0035216 0.00423486 -0.00194735 0.000588772 -0.000689503 -0.00702378 0.00671605 -0.0167907 -0.00872402 0.0134942 -0.00268193 -0.000366628 -0.0128544 4.73284e-05 -0.000609446 -0.00232719 -0.00084722 0.00194539 0.00234917 -0.00154321 0.00275571 0.00233106 -0.00561369 0.00514268 -0.00282347 -0.0018878 0.00216545 0.00732752 0.00253784 0.000663672 -0.00295203 -8.07743e-05 -0.00671495 -0.00172528 -0.00174058 -0.00124034 0.0022213 -0.00423191 -0.0036546 -0.00450218 -0.00653733 -0.000851953 0.00572959 -0.00441166 -0.00343327 -0.00240499 -0.00954495 -0.00202221 -0.000969504 0.00204539 -0.000420677 -0.00131079 -0.00346746 -0.00284266 
