0.0625945 0.00343082 -0.000395711 -0.000774306 -0.00376969 0.000834241 -0.00231579 -0.000718662 -0.000289393 0.0113997 0.000292207 -0.00768327 0.00038663 0.00228444 -0.00444457 -0.01104 0.00072259 0.00475855 0.00312201 -0.00242369 0.00872472 -0.00454143 0.00140536 -0.00467579 -0.00015955 -0.00526776 0.00435825 0.00677913 0.00194033 -0.00493589 -0.00548052 -0.00548097 -0.000373975 -0.00414643 -0.00017568 -0.000691445 -0.00895332 0.000731838 -0.000844455 0.000745758 -0.00131278 -0.000639963 0.00226953 0.000364718 -2.51682e-05 -0.000718444 0.000596377 -0.00195913 -0.000771898 0.0028226 0.00147994 -0.000828201 0.00233997 -0.0023997 -0.0037235 -0.000419194 -0.0018387 0.00245278 0.00263389 -0.000721255 1.23589e-05 -0.00119072 -0.000755001 -0.000684391 -0.00176287 8.50324e-05 -0.000577358 0.00225784 -0.00462286 -0.00424463 -0.000566543 0.00102572 -0.00062178 -0.000553794 0.00117807 -0.000392388 -0.000935493 -0.00120409 0.000158566 0.000981971 0.000923081 0.000728137 -0.00304473 -0.00411266 -0.00551442 -0.00252016 -0.000514712 -0.0020444 -0.00063856 0.00141416 -0.000738718 0.000496863 7.3882e-05 -0.00113704 -0.000145448 -0.00157255 0.000221639 -0.000633335 -0.00143101 -0.00192828 
0.00343082 0.0990626 0.00151303 -0.000750514 -0.00308603 -0.00107157 0.00341841 -0.00638003 0.00184385 -0.00188305 -0.00281043 0.00167225 0.0104596 0.00993905 -0.0116278 -0.00502603 -0.00356413 -0.00177938 0.00227879 -0.00916607 0.000444948 0.00133456 -0.00816583 -0.000436116 -0.0117958 -0.00220863 0.004728 -0.00203878 0.00602607 -0.000245609 0.0136042 8.9121e-05 -0.000755262 -0.0030555 0.00266024 -5.01013e-05 0.00111013 0.000844169 -0.0041307 -0.00229589 -0.00320445 -0.000618204 0.0103284 0.00118817 0.000595505 0.000477461 0.00241897 -0.00112752 -0.00388319 0.000761117 -0.0037661 -0.00243498 0.000565783 -0.00430859 -0.00732731 0.00084734 -0.000170648 -0.00399522 -0.00387375 -0.000436771 -0.00123111 -0.00200851 0.00333986 0.00099163 -0.00271678 -0.000827694 -0.00182248 -0.000990704 -0.00785426 0.00224499 -0.00188217 0.00349656 -0.000992898 -0.00398902 -0.0053745 -0.00324258 -0.00197406 -0.00188193 -0.00250524 0.00099803 -0.00583394 0.000740641 0.00143058 -0.0058515 -0.00426851 -0.00632441 -0.00281969 -0.00157765 -0.00460861 0.00209515 0.00117337 -0.000876986 -0.00160905 -0.00264173 -0.000725206 -0.00202663 0.00192275 -0.000159964 -0.00550139 0.00151306 
-0.000395711 0.00151303 0.0221334 -0.000126141 0.000231668 -0.00106782 -0.00050901 -0.00149877 0.000825715 -0.00388732 4.83695e-05 -0.00162862 -0.00050855 -0.00112102 -0.00488037 0.000154009 -0.00493492 -0.000494051 0.00248747 -0.00177149 -0.00155475 -0.000933852 0.000194238 0.00281435 0.00123096 0.00155791 -0.00142053 0.000169954 -0.00399655 0.00116652 -0.000812095 -0.00120457 0.000130453 -0.000344652 5.91086e-05 3.95457e-07 -5.38534e-06 -0.000124861 4.77324e-05 -0.000224613 -0.000383449 -1.04528e-05 -0.000112382 -0.00157853 0.00018246 -2.48165e-05 2.06173e-05 7.15241e-05 -0.000806996 0.000281234 -0.00177692 -0.00151983 -2.08653e-05 -0.000968089 0.00132424 0.00084755 -0.000313401 -0.000200155 -0.000485782 -0.000139381 -8.18773e-05 0.000188024 0.000905855 0.000849471 -9.87897e-05 0.000233554 0.000399106 0.000212351 7.53733e-05 0.00172895 3.24486e-05 -0.000338534 0.000523405 3.63291e-05 0.00112926 -0.000995434 0.000141306 -0.000354468 5.82753e-05 6.94234e-05 4.46009e-05 -0.000806429 -0.00140889 0.000168623 -0.00139814 0.00129207 0.000849286 -0.00021552 0.000317855 -0.000139379 -0.000311681 0.00027378 0.000596961 -0.000520649 0.000333777 0.000159075 -0.000203018 -0.000408061 -6.41046e-05 0.00101957 
-0.000774306 -0.000750514 -0.000126141 0.0382177 0.00104979 0.00119413 0.000315135 -0.00221517 -0.000235507 -0.00423035 0.000320844 0.00183068 0.00559736 -0.000477986 -0.0058341 -0.00201102 -0.00150191 -0.0023934 -0.00186606 -0.00655852 0.000169155 0.00452732 -0.00188894 -0.00646094 0.0024282 0.000849825 -0.00394895 -0.000634711 0.000547176 -0.00167487 -0.00263743 -0.000331151 0.000861447 5.20975e-05 0.000414011 -0.000987775 -0.000304572 -6.25835e-05 -0.00104782 -0.000520495 0.000908748 0.000152567 -0.00159215 -0.000784135 -0.000350477 -0.00026709 -0.000735873 -0.00091128 -0.000563708 -0.000187861 -0.00174583 -0.000958204 -0.00147626 -0.00236399 0.00384598 0.00017489 -0.000115782 0.000173316 -0.000716275 -0.00013946 -0.000716187 0.00107494 0.00383687 -5.88633e-05 -0.000792527 -0.000370498 0.00199112 -0.000954764 0.000727432 -0.00158239 -0.0012366 -0.000963991 -5.62006e-05 -0.000417635 0.001645 -0.000996963 8.74777e-05 -0.00108418 0.000843368 -0.000449312 0.000584068 0.000447497 -0.000532659 -0.000265886 0.00121741 -0.00375903 -0.00104096 -0.00102092 0.00109605 -0.00107381 0.000669383 -0.000117307 3.92828e-05 -0.000459519 0.000360314 -0.000800232 -0.000137242 -0.000786652 0.00251083 0.00129651 
-0.00376969 -0.00308603 0.000231668 0.00104979 0.106383 -0.00457927 0.00263204 -0.00173666 -0.00141108 0.000171855 -0.00351963 -0.000771048 0.000999468 0.0146579 0.0169716 0.00444022 -0.011225 -0.00892072 -0.0181155 -0.0128296 -0.00223677 -0.00933074 -0.0143776 -0.000910711 -0.0149142 -0.00438116 0.00770707 -0.000573067 -0.00864491 -0.00480406 -0.00311617 0.00536806 -0.00541114 -0.00319242 -0.00134013 -0.0022929 -0.0119028 -0.00280662 0.00129184 -0.00134874 0.00223718 -0.000647601 0.000124043 0.00397245 -0.000624455 -0.00254959 0.001135 -0.00181175 0.00460652 0.000418672 0.00443532 -0.00243234 -0.00204383 0.0116477 -0.00650183 -0.00143626 -0.00242873 0.000701652 0.00234375 0.000426281 -0.000133147 -5.01983e-05 -0.00226384 0.000536914 0.000506674 -0.000113088 -0.00388987 -1.15343e-05 0.000392686 0.0139149 0.000734026 -0.00719677 -0.000928169 0.000807841 -0.00246619 -0.00250315 0.00042746 0.0022511 0.00256057 -0.00172771 -0.00263156 -0.00045939 0.00206151 0.000335428 -0.00298086 0.0122479 -0.000523292 -0.00452103 -0.00587953 0.000596511 -0.00175576 -0.000914799 -0.00253708 -0.000243013 -0.00103233 0.00242195 0.00103277 -0.00277685 -0.00350584 -0.00171196 
0.000834241 -0.00107157 -0.00106782 0.00119413 -0.00457927 0.112495 0.00335536 -0.00204924 -0.00051815 -0.0172642 0.00270945 0.00819977 0.00951404 -0.000287487 -0.0170653 -0.00603943 -0.00319703 -0.00364711 0.0064422 0.00902927 0.000819786 0.00523138 -0.00120274 -0.00422925 0.0111608 -0.00104652 -0.0125953 0.00167204 0.0212174 0.000126849 -0.006407 0.00246688 -0.00263809 0.00150006 -0.00128926 -0.000104054 -0.00203383 0.000813796 -0.000494283 -0.00284422 -0.0036729 -0.00199997 -0.0104157 0.00322076 -0.00415472 -0.00081426 0.0033018 -0.00236702 -0.00427372 0.00323331 -0.00577538 -0.00441276 -0.00141799 -0.0116947 -0.0111999 -0.00213715 0.0015693 -0.00419745 -0.00248371 -0.000463553 0.00200576 -0.00336401 1.18025e-06 -0.000398625 -0.00165474 0.00303489 0.00198956 -0.00244032 -0.00605335 -0.0111183 -0.00331137 -0.000838172 0.00287879 -0.00116537 -0.00186642 0.00868416 0.000442732 0.00193777 0.000197517 0.000903409 -0.00751725 -0.00384729 0.00395584 -0.00956631 -0.0034851 -0.0120798 -0.000816379 0.00491036 -0.00515268 -0.0034284 0.0046559 0.000171982 -0.00306682 -0.00156946 -0.00185225 -0.000281211 -0.00092754 0.00437547 -0.00461878 0.00331939 
-0.00231579 0.00341841 -0.00050901 0.000315135 0.00263204 0.00335536 0.0608458 -0.00428692 0.00264333 -0.00779811 -0.00110326 0.0067259 0.00502009 -7.33059e-05 -0.00561046 0.000923049 -0.00579144 0.00443012 -0.000775813 -0.0052691 -0.00534338 -0.00540006 -0.00826291 -0.00725822 -0.00473009 -0.00276565 -0.0109587 -0.000456471 -0.00318028 0.000957268 -0.00449201 0.000598055 0.00202224 0.00476405 0.00114461 0.00243221 0.00539253 0.00116414 -0.00138667 -0.00118187 -0.00109451 0.0007189 0.000798292 0.00341857 0.000613357 0.000764674 0.00048464 -0.000527715 -0.00162527 0.00144258 -0.00293301 -0.00156709 -0.00122937 -0.0022772 -0.00619988 0.00163542 -0.000445608 0.00183129 -0.000486222 -9.29425e-05 0.000523844 9.03467e-05 0.000994892 0.000205058 -0.000754086 0.00106768 0.000322286 -0.00208642 -0.00293997 -0.0018614 -0.00238584 -0.00119276 -6.03788e-05 -0.00134825 0.00104028 -0.0010195 0.0023943 -0.000435739 -0.000974791 -0.000321783 -0.00294296 0.00134301 0.00550673 0.000659939 -0.00383779 -0.00484484 -0.00102469 0.0014376 0.000824487 0.00228436 -0.000368192 -0.000825425 -0.00056685 -0.00134071 -0.000119812 -0.00111694 0.000493441 -0.000534928 0.00149837 -0.000846283 
-0.000718662 -0.00638003 -0.00149877 -0.00221517 -0.00173666 -0.00204924 -0.00428692 0.177751 -0.00238831 0.00132417 -0.00072387 -0.000850721 -0.0121569 -0.0050581 0.0203419 0.00726359 -0.0149509 -0.000542567 -0.00468225 0.0366185 -0.0221177 -0.0160529 -0.0216154 -0.0157432 0.013312 0.00288688 0.0126675 4.1572e-05 -0.00721706 -0.0282628 -0.0269219 -0.00312946 -0.0111931 0.00330003 -0.00382265 -0.00201062 -0.0200412 0.00142591 -0.0033488 0.00125616 0.00217597 0.000346832 -0.0116798 -0.00791633 0.000450977 0.00121952 0.000617385 -0.00232303 -0.00473558 0.000771196 -0.00336734 0.0034402 0.00333839 0.00189674 -0.0135492 -0.00356427 0.00200542 0.000884988 -0.00348348 -0.00045599 -0.00203353 -0.000649289 -0.00785698 -0.00330342 0.00256929 -0.002782 -0.00690362 -0.00107164 -0.00845002 0.0181183 0.00621142 -0.00944644 -3.2936e-05 0.00710232 -0.00546425 0.00314326 -0.00163756 -0.000703445 -0.000245048 -0.0037571 -0.00413019 -0.00794969 0.00733275 -0.0114056 -0.0101911 0.0171644 -0.000127642 0.00768455 0.00659661 0.00869531 -0.00202981 6.39163e-05 0.00481048 -0.00370822 -0.00388027 0.00411475 -0.00302241 -0.00391326 0.0101502 -0.00160738 
-0.000289393 0.00184385 0.000825715 -0.000235507 -0.00141108 -0.00051815 0.00264333 -0.00238831 0.0521437 -0.00822885 -0.000486921 0.00213007 -0.0043947 -0.002007 -0.00241621 -0.000469556 -0.00441947 0.000712673 0.00411423 -0.00488568 -7.96548e-06 -0.00427489 -0.0060729 -0.00231007 -0.00223833 -0.000525474 -0.000317878 0.00717482 -0.00657467 0.00489917 -0.00257944 0.000704196 0.000247637 -0.000922911 -0.000100615 0.00305183 -0.00104444 -0.000704515 -0.00125539 0.000935408 -0.0003557 -0.000268409 -0.00263507 0.000161577 -0.000324601 -0.00137356 0.000576521 -0.00020976 0.00117078 0.000605927 -0.00402792 -0.00152995 -0.00163452 -0.00402993 -0.00420039 0.000981009 0.00126635 -0.000845946 -0.000309011 0.000213397 0.000564912 -8.27839e-05 -0.00230825 7.42435e-05 0.00107886 -0.000186935 0.00264355 0.000254402 0.000333992 0.00452889 -0.00138863 0.00541682 0.000972709 -0.0014258 -0.00145353 -0.00211254 -0.000274604 -0.00109762 -0.00165458 -0.000226603 -0.000826871 -0.00155898 -0.00113429 -0.00182075 -0.0034654 -0.00299662 0.000627651 0.00322434 -0.0016736 -3.21469e-05 -0.00015742 0.000346966 0.000424029 -0.00104161 -0.000196675 -0.000242036 0.00215106 0.000481368 0.000670756 -1.33511e-05 
0.0113997 -0.00188305 -0.00388732 -0.00423035 0.000171855 -0.0172642 -0.00779811 0.00132417 -0.00822885 0.229007 -0.0118938 -0.0226934 -0.00520545 0.00702339 -0.00363725 -0.0081009 0.0326694 -0.00522748 -0.0169674 -0.0175446 0.0229312 -0.0141104 0.0120235 -0.0233678 -0.0124154 -0.0170177 0.00465649 0.00171056 -0.00583007 -0.0102547 0.0112315 -0.0111037 -0.00173842 -0.00965085 0.00070191 -0.00557383 -0.013586 -0.00558438 -0.00362335 0.00184978 -0.00249696 -0.00147228 -0.0101786 -0.000532462 -0.000318436 0.00152085 -0.00757693 -0.0031067 5.23374e-05 -0.00399537 0.0276597 -0.005536 0.00923633 0.0151805 -0.00985264 -0.000614137 -0.00412533 0.00288863 0.00582844 -0.00453103 -0.00544452 -0.00170227 -0.011292 0.0019164 -0.00350381 -0.00249033 -0.00658204 0.0103907 0.0110854 0.0126709 -0.000433729 0.00194558 -0.00576822 -0.00762309 -0.00239022 0.00204222 -0.000466563 0.00405757 0.0154252 -0.000126869 0.00157754 0.00192007 -0.0038268 0.00520595 -0.0254361 0.0129135 -0.00391459 -0.0138371 -0.00425799 -0.00659301 -0.00829876 3.83467e-05 2.77391e-05 -0.00164824 0.0029302 -0.00297063 0.00193605 -0.00952131 -0.0312517 -0.00301552 
0.000292207 -0.00281043 4.83695e-05 0.000320844 -0.00351963 0.00270945 -0.00110326 -0.00072387 -0.000486921 -0.0118938 0.0675265 -0.00416859 -0.00308405 -0.00299462 0.00178909 -0.000451229 -0.00718728 -0.00334369 0.00071425 0.00614573 -0.00759314 -0.003475 -0.00842771 0.00688292 -0.00716215 -0.000174481 0.00386704 -0.00384761 -0.000608693 -0.00316805 -0.000747072 -0.00386597 -0.00209434 -0.000893128 -0.000988994 -0.00198596 -0.00706745 -0.000671794 0.00144344 -0.00062917 -0.00112754 -0.000185792 -0.00662047 0.000792003 -0.000271817 0.00135272 -0.00151252 -0.000392846 -0.0014772 -7.63428e-05 -0.00492647 -0.000830224 -0.00149579 0.00229765 0.00336893 0.000608314 -0.00273317 -0.000133882 -0.000417174 -0.00114697 -0.000639284 0.00123297 -0.00185419 0.00050582 0.000578663 0.000790422 -0.000579461 -0.00160826 -0.00166677 0.000486861 0.000358508 -0.00118185 0.00050068 0.00114646 -0.00157731 -0.000635435 -0.000298637 -0.00126167 -0.00317268 0.00251581 -0.000765144 0.00246592 -0.00693013 0.000773703 0.0040962 0.00241753 0.00557011 0.000513093 -0.00127997 -0.00104647 0.00244568 0.0052609 -0.000622166 0.000822504 -0.000987204 0.00320419 0.000296308 -1.98098e-05 0.00708737 0.00141355 
-0.00768327 0.00167225 -0.00162862 0.00183068 -0.000771048 0.00819977 0.0067259 -0.000850721 0.00213007 -0.0226934 -0.00416859 0.203559 -0.0108066 -0.00141976 -0.000519281 0.026139 -0.0513465 -0.00567071 -0.0288997 -0.0220354 -0.0387238 0.00383185 -0.0424638 -0.0102844 -0.00228009 0.00689273 -0.0447983 -0.0019751 -0.0188984 0.0239177 -0.00205704 0.0251236 0.0138582 0.0102548 0.0011315 0.00986515 0.0294268 -0.00126002 -0.00718487 -0.00882705 -0.00804098 0.000172977 0.00290492 0.0119337 0.00124249 -0.00197908 0.00636229 -0.00289603 0.00258867 0.00146158 -0.0118563 0.0105736 -0.00787672 -0.00540602 -0.00671801 -0.00470235 0.00106862 -0.0120073 0.00118676 0.00486743 0.00426168 -0.00382562 0.00198762 -0.00458093 0.000196527 -0.00327127 0.00611709 -0.0086433 0.0106895 0.0179079 0.00575859 -0.00908767 -0.00298229 -0.0126469 -0.00194706 -0.00813337 0.000824938 -0.00320063 -0.00533308 -0.00116967 -0.00122598 -0.0104761 0.0250029 0.000208253 0.000750179 -0.00651849 -0.000406907 0.00585133 0.0104615 -0.00271755 0.00456115 -0.00457942 -0.00299258 -0.0033847 -0.00178791 -0.00880888 0.000773177 -0.00561899 -0.00208506 -0.000120927 
0.00038663 0.0104596 -0.00050855 0.00559736 0.000999468 0.00951404 0.00502009 -0.0121569 -0.0043947 -0.00520545 -0.00308405 -0.0108066 0.201894 0.00457794 0.0014969 -0.0234891 -0.000568594 0.003999 0.0192501 -0.0115955 0.00775668 -0.00619503 0.0292586 -0.0262119 0.00796459 -0.0121563 0.011437 -0.00400657 -0.00687751 -0.00205363 0.000820722 0.00449158 0.000711293 -0.00782546 0.00133261 0.00246815 0.00172482 -0.00114927 -0.0127515 0.00137739 0.00376749 -0.00574598 0.00749988 0.0045123 -0.00383206 9.40724e-05 -0.00364498 -0.00140989 -0.0131558 -0.00454102 -0.00399106 -0.00509419 -0.00418113 -0.0110364 -0.00873064 -0.00232159 -0.00517389 -0.0111428 0.00111187 -0.00381082 -0.00537836 0.00250106 0.0164922 -0.000418435 -0.00133382 -0.00176947 -0.0080227 0.00151129 -0.0114706 -0.0210266 -0.010428 -0.00120111 0.000123833 -0.00176377 -0.00652799 0.000940699 -0.00260665 -0.00430283 0.000756111 -0.00243741 -0.00925589 -0.00351781 0.00503332 -0.0117632 0.00414258 -0.0175859 0.000696808 -0.00720063 -0.0036715 0.0027931 -0.00231988 -0.00687661 -0.000392632 -0.00276369 -0.00111228 -0.00627044 -0.000208225 0.004639 0.00671847 -0.0053974 
0.00228444 0.00993905 -0.00112102 -0.000477986 0.0146579 -0.000287487 -7.33059e-05 -0.0050581 -0.002007 0.00702339 -0.00299462 -0.00141976 0.00457794 0.142098 0.00558202 -0.000471479 -0.00980079 -0.0047417 -0.0191812 -0.0137753 0.00556672 -0.00359041 -0.011063 -0.00771884 -0.00678622 -0.000222789 -0.00183866 -0.00579619 -0.00469459 -0.0139787 -0.00389344 0.00107416 -0.00405001 -0.00766072 -0.00236804 -0.00561348 -0.011143 -0.00165468 0.00208103 -0.000295296 -0.00237543 -0.000406067 0.00768758 -0.000463206 1.86808e-06 0.000350764 0.000802126 -0.00505871 0.00597299 -0.000186636 0.0225684 -0.00395128 -0.000502158 0.00624865 -0.0154575 -0.0018943 -0.00264545 -0.00446108 -0.00028288 0.00144412 -0.00156127 -0.00145632 -0.00348356 -0.0004682 -0.00196447 0.000362776 -0.00355239 0.000946772 0.000881253 0.0118962 0.00227462 0.000273883 -0.00228502 -0.00925225 -0.00780875 0.00699038 -0.00148121 0.00369876 0.00898562 -0.00152415 -0.00644139 -0.000112455 0.00266268 -2.20518e-05 -0.0114342 0.000384482 -8.52216e-05 -0.00441877 -0.00838165 -0.00844024 -0.00157473 0.000770307 -0.0020499 0.00216904 -0.00188905 -0.00398108 0.00115107 -0.00664971 -0.00826223 0.00663362 
-0.00444457 -0.0116278 -0.00488037 -0.0058341 0.0169716 -0.0170653 -0.00561046 0.0203419 -0.00241621 -0.00363725 0.00178909 -0.000519281 0.0014969 0.00558202 0.243961 -0.00819336 0.0215405 -0.0200451 -0.0389248 0.0240914 0.0184994 -0.0167198 -0.00881194 0.00629363 -0.0550682 -0.0152773 0.0522266 -0.0201389 -0.0124855 -0.00387284 -0.00642164 0.0127415 -0.00224249 -0.00641144 -0.00412146 -0.0106829 -0.0117312 -0.00298243 -0.00252042 -0.00457444 0.000279303 -0.00263092 -0.0155775 0.00330643 -0.000344101 -0.00611404 -0.00740891 -0.00387741 0.00183403 -0.0035304 -0.00107899 0.0131466 -0.00267719 0.0224222 -0.0111114 -0.00155062 -0.0153096 -0.00699911 0.000787981 -0.00321707 -0.00271015 0.000402733 -0.0185457 -0.000222189 0.0122389 -0.00427585 -0.0133881 -0.00347763 -0.00407001 -0.00789048 0.00491513 -0.0135136 -0.00557002 -0.00441888 -0.00125746 0.00872307 -0.00190503 0.00168811 -0.0126642 -0.00517323 -0.0037787 -0.00828562 7.26447e-05 -0.00409992 0.0319421 0.00793107 0.00159179 -0.0109936 -0.0220929 -0.000347839 0.000750918 0.0020316 -0.00655981 -0.00203955 -0.00531596 -0.0015586 -0.000319295 0.00219008 0.018351 -0.00697813 
-0.01104 -0.00502603 0.000154009 -0.00201102 0.00444022 -0.00603943 0.000923049 0.00726359 -0.000469556 -0.0081009 -0.000451229 0.026139 -0.0234891 -0.000471479 -0.00819336 0.219042 -0.014748 -0.00867751 -0.015259 0.00507463 -0.0158965 -0.0386279 -0.00857683 -0.0177683 0.017616 0.00048392 -0.0353828 1.13019e-05 -0.0217823 0.000650608 0.0154733 0.00478101 -0.00455232 0.000752138 -0.00213654 0.0116259 -0.0106027 -0.00415026 0.00207655 -0.00214182 -0.0089908 0.000108476 -0.00242812 -0.0120398 0.00247186 -0.00312273 -0.000528503 0.00227292 0.0126577 0.000261023 -0.000460716 -0.0147616 -0.00649237 -0.00599062 -0.0196124 -0.00665264 -0.00233289 -0.00622007 -0.00305714 0.000868343 -0.00401853 -0.0077135 -0.021425 -0.000915815 -0.00675172 -0.000158904 -0.00176863 -0.00171143 0.0177119 0.0501872 0.00119646 -0.00677979 -0.00192867 0.00763069 0.00476002 0.00122217 -8.80604e-05 0.00158285 -0.00295869 -0.00413964 -0.00940331 -0.00875738 0.0180894 -0.00441333 0.000123943 0.00866152 -0.00420224 0.00632016 0.0122096 0.000760716 -0.00542164 -0.00185317 0.00433235 -0.0046801 -0.00338372 0.000591155 -0.00519214 -0.00174601 -0.0187096 0.0158789 
0.00072259 -0.00356413 -0.00493492 -0.00150191 -0.011225 -0.00319703 -0.00579144 -0.0149509 -0.00441947 0.0326694 -0.00718728 -0.0513465 -0.000568594 -0.00980079 0.0215405 -0.014748 0.222986 0.00861188 -0.00720889 -0.018586 0.0325408 0.0113241 0.0416611 0.000321615 -0.0323832 -0.0198066 0.0248859 -0.0143397 0.0313764 -0.00350043 0.0161223 -0.0062491 -0.00251212 -0.000293923 0.000256123 -0.0117259 0.0145854 -0.000150101 -0.00695274 -0.00674176 -0.00765536 -0.00568137 -0.00182882 -0.000198546 0.00161781 -0.00346931 -0.0155138 -0.00368941 -0.00487461 -0.00266159 0.00981006 -0.00510102 -0.0033385 -0.00192614 -0.00683224 -0.000846624 0.00625287 0.00890079 -0.00728711 -0.00629503 -0.0119291 0.00543522 -0.00281993 -0.00151217 -0.00469608 -0.00236808 -0.011503 -0.00172539 0.00422965 -0.0464851 -0.0136178 -0.00339483 -0.00479702 0.00275366 -0.00443963 0.00456856 -0.00127195 0.00533846 0.0035304 -0.000241497 -0.00298293 0.00157107 0.00399231 0.0171391 0.0140022 -0.0223296 -0.00600181 -0.0173701 -0.00959143 -0.0113429 -0.00316164 -0.0115974 -0.00254213 -0.00072647 -0.00228527 0.000325262 -0.00283329 0.00533167 0.000533296 -0.0104843 
0.00475855 -0.00177938 -0.000494051 -0.0023934 -0.00892072 -0.00364711 0.00443012 -0.000542567 0.000712673 -0.00522748 -0.00334369 -0.00567071 0.003999 -0.0047417 -0.0200451 -0.00867751 0.00861188 0.201045 0.000820263 -0.00154576 -0.0393158 -0.0106767 -0.00135899 -0.00227995 -0.00412622 -0.00841897 -0.0200413 0.00429418 0.0101124 -0.0134622 0.00245495 -0.0149363 -0.00558973 0.0133197 0.000427021 -0.00135129 0.0182899 0.00300801 -0.00771993 -0.00367744 -0.00100935 -0.00240884 0.0196486 -0.00473812 -0.00148963 0.00567033 -0.00185088 -0.00134829 -0.00893501 0.00447485 -0.00429346 -0.00118735 0.00241464 -0.016988 -0.0109374 -0.00225248 -0.00217386 0.00199262 -0.00752904 -0.000765511 -0.000628796 -0.00311023 0.0227388 -0.0046021 -0.00156673 -0.00172702 0.000369718 -0.00656889 -0.0120353 -0.0092202 -0.0136424 -0.00338392 0.00248369 0.00284982 -0.00407068 -0.00225618 0.00118901 -0.0011225 -0.00032603 0.00122871 -0.000255551 0.0115704 0.00911 0.00721327 -0.0162465 -0.0152045 0.00284183 -0.000543265 0.00488553 -0.00338073 -0.00622202 -0.00380141 0.00133091 -0.00327535 0.000339928 -0.00251619 -0.00186558 0.0036184 0.00941951 -0.00621099 
0.00312201 0.00227879 0.00248747 -0.00186606 -0.0181155 0.0064422 -0.000775813 -0.00468225 0.00411423 -0.0169674 0.00071425 -0.0288997 0.0192501 -0.0191812 -0.0389248 -0.015259 -0.00720889 0.000820263 0.208815 0.00830642 -0.00719685 0.00440171 0.0229916 0.0053608 0.00261661 -0.00633339 -0.00844211 -0.000270092 0.021796 0.00813552 0.000892486 -0.0163172 -0.00199078 0.000282494 0.00184683 0.00387703 -0.000533112 0.00503192 -0.0104821 0.0006327 0.00403791 -0.00282363 -0.000520006 -0.0091546 -0.00474309 -0.00358136 0.000114274 0.0027503 -0.0123939 -8.76875e-05 -0.0111132 -0.00291163 -0.00287516 -0.0212142 0.00114361 0.0049161 0.000879843 -0.00107391 -0.00722085 -0.00069526 -0.00209875 0.0024716 -0.00520422 -0.00383162 0.000732712 0.00541389 0.00224352 0.00930816 -0.00318644 0.00370908 -0.00862359 0.00422121 0.00500971 -0.00126479 -0.000642546 -0.00364993 -0.00353632 -0.00460743 -0.00676206 0.0017468 -0.00773625 -0.00618287 -0.0100413 -0.0110468 -0.0208363 -0.0103025 0.000344889 0.00302602 0.00321107 0.0071126 -0.00057123 -0.00201167 -0.000365282 -0.00231575 0.00155378 -0.00234317 -0.0056293 0.0080707 0.000223113 0.000187807 
-0.00242369 -0.00916607 -0.00177149 -0.00655852 -0.0128296 0.00902927 -0.0052691 0.0366185 -0.00488568 -0.0175446 0.00614573 -0.0220354 -0.0115955 -0.0137753 0.0240914 0.00507463 -0.018586 -0.00154576 0.00830642 0.249221 0.00370962 -0.011757 -0.0237555 -0.0060569 0.0113672 -0.00329023 -0.000818659 0.00396484 0.0201819 -0.0382123 -0.0277223 -0.0103782 -0.0171187 0.011866 -0.00689234 0.00284917 -0.0171172 -0.00356871 0.0071986 -0.00581046 -0.00301741 -0.0056248 -0.0445805 -0.0123756 -0.00373881 0.00663649 -0.0024399 0.0086456 8.33259e-05 -0.00132875 -0.00644023 -0.00957724 0.00674281 0.00451734 -0.00481632 -0.00722642 -0.00443503 -0.0115981 -0.00253503 -0.00662946 0.00169507 -0.0103158 0.00203888 -0.00632597 0.00565059 -0.00152776 -0.00812535 -0.00256507 -0.0192593 0.0136496 0.00634476 0.0144444 0.00228689 0.00449341 0.00121064 0.00275586 -0.00200658 -0.00514516 -0.00789968 -0.00314471 -0.0148267 0.00196608 0.00128001 -0.0197972 0.00333358 0.0290017 -0.0035763 0.00734263 0.00229778 -0.00458579 0.000228506 0.00167554 -0.002398 -0.000633839 -0.00111607 0.00287037 -0.00222472 0.00852007 0.00914604 -0.00615942 
0.00872472 0.000444948 -0.00155475 0.000169155 -0.00223677 0.000819786 -0.00534338 -0.0221177 -7.96548e-06 0.0229312 -0.00759314 -0.0387238 0.00775668 0.00556672 0.0184994 -0.0158965 0.0325408 -0.0393158 -0.00719685 0.00370962 0.246454 -0.0128711 0.00105492 -0.0225158 -0.00274492 -0.0135089 0.0184141 -7.38394e-05 -0.0136101 -0.012015 -0.00218065 -0.00928355 0.00039132 -0.00919092 -0.000588964 -0.00538677 -0.0321751 -0.00363666 0.000968044 0.00117941 -0.0129746 -0.00133028 -0.0226796 -0.00364069 -0.0035507 -0.00711799 -0.000877139 -0.00152945 0.00736003 -0.00301984 0.0119711 0.00517653 0.00330679 0.00242112 -0.0119085 -0.00188143 0.000320743 0.00153858 0.0104815 -0.00743066 -0.00345973 0.000490357 0.000689157 0.00327215 0.00454164 -0.00261095 -0.0043059 -0.00317516 0.0150439 -0.0218646 -0.00637526 0.00756581 -0.00159806 0.00231483 0.0137792 0.00331908 -0.00184715 0.00405266 0.00742521 -0.000750422 0.000728313 0.00825858 -0.0373053 -0.00438813 0.00756672 -0.00285092 -0.00264237 -0.0123741 -0.00480106 -0.00842272 -0.00131178 -0.001531 -0.00216133 0.0063013 0.00306416 -0.00849541 -0.000353828 -0.00881131 0.00644044 -0.00790886 
-0.00454143 0.00133456 -0.000933852 0.00452732 -0.00933074 0.00523138 -0.00540006 -0.0160529 -0.00427489 -0.0141104 -0.003475 0.00383185 -0.00619503 -0.00359041 -0.0167198 -0.0386279 0.0113241 -0.0106767 0.00440171 -0.011757 -0.0128711 0.236037 0.016343 0.00329828 -0.0257302 0.000232206 0.0119138 -0.0220719 0.011527 0.0177086 -0.0136804 0.021675 0.00254522 -0.00302545 -0.00180229 -0.00351817 0.0210777 -0.00415058 -0.00441023 -0.00246807 0.0102384 0.000909042 -0.00264168 0.00331743 -0.00656426 -0.000788036 -0.00356804 -0.000210769 -0.0130137 -0.00685374 -0.0205821 0.00968838 -0.0149476 -0.00157501 0.0222049 0.00182464 -0.00258645 -0.00110525 -0.00106452 -6.30243e-05 0.00513274 0.00492064 0.0091968 -0.00589747 -0.00723893 -0.00301101 -0.000959594 -0.000655521 -0.0075328 -0.0285604 -0.00507475 -0.00104363 -0.00291707 -0.0107798 -0.00414201 -0.0124374 -0.0016959 -0.00305271 -0.012496 0.0010305 0.00232775 0.0125468 0.00268952 0.00968624 0.0053291 -0.0234818 -0.010183 -0.000423858 -0.00482086 -0.00331516 0.00198748 -0.00138092 -0.00418578 -0.00133456 -0.0026073 -0.00102289 0.00115488 -0.00586522 0.0148932 -0.0109919 
0.00140536 -0.00816583 0.000194238 -0.00188894 -0.0143776 -0.00120274 -0.00826291 -0.0216154 -0.0060729 0.0120235 -0.00842771 -0.0424638 0.0292586 -0.011063 -0.00881194 -0.00857683 0.0416611 -0.00135899 0.0229916 -0.0237555 0.00105492 0.016343 0.24467 -0.00621204 0.00314963 -0.00835663 0.0268652 -0.00319108 -0.00645128 0.00669556 0.0201184 0.00611404 -0.00231666 -0.0161891 -0.00384749 -0.00591827 -0.00884032 0.00396737 -0.00587649 0.00549245 0.0045871 -0.0012739 0.0007487 -0.00516701 0.000665518 -0.00927655 -0.00511582 0.0011959 -0.020608 -0.0122605 0.00361317 -0.0119785 -0.00635423 -0.0229989 0.0111995 -0.00121987 -0.00319902 0.00955053 -0.00764246 0.00191788 -0.00674924 0.00737629 -0.0121815 0.00174083 -0.0101012 0.000876886 -0.0112402 0.00898574 -0.00949709 -0.0266139 -0.0154003 -0.00214486 -8.52752e-05 0.00469612 -0.00473654 0.0102058 -0.00527504 0.00328975 0.00335714 -0.00141134 -0.00505063 0.00382495 -0.003953 0.0075099 0.00539018 -0.0230839 -0.000563486 -0.00700372 -0.0151907 0.00115738 -0.00209652 -0.0118994 0.00189372 -0.00798666 -0.000543043 -8.70159e-05 -0.00513584 0.00605151 -0.0116092 -0.00186142 
-0.00467579 -0.000436116 0.00281435 -0.00646094 -0.000910711 -0.00422925 -0.00725822 -0.0157432 -0.00231007 -0.0233678 0.00688292 -0.0102844 -0.0262119 -0.00771884 0.00629363 -0.0177683 0.000321615 -0.00227995 0.0053608 -0.0060569 -0.0225158 0.00329828 -0.00621204 0.247927 -0.00591564 0.00537215 0.006001 0.00823986 0.0277098 0.0189199 -0.00187767 -0.0203297 -0.00816637 -0.0120482 -0.00342468 -0.0133574 0.00717821 0.000563451 0.00809832 -0.00345764 0.000863908 -0.0026356 0.0179864 -0.0153319 -0.000791276 -0.00331184 0.00378082 -0.00296265 -0.000153338 0.00402372 -0.0273029 -0.0065799 -0.0104434 0.0122508 0.0151663 0.00742232 -0.00358129 -0.00410983 -0.00740293 0.00696227 -0.00291599 -0.00212332 -0.00279018 -0.00122547 -0.00649031 -0.00184197 -0.00161308 -0.0048478 -0.00720641 0.00530482 0.00544074 -0.0154103 -0.0050559 0.00211719 -0.0070605 -0.0129792 -0.00265512 -0.0065577 -0.0132175 0.00315383 0.00886044 -0.00702505 -0.0311546 0.00338757 0.00390008 0.0296963 0.00519905 -0.00216242 -0.0117593 0.005352 0.00105933 0.00188627 -0.00289074 -0.00505004 -0.00308712 0.00411346 -0.00222341 -0.00012731 -0.0249097 -0.000903928 
-0.00015955 -0.0117958 0.00123096 0.0024282 -0.0149142 0.0111608 -0.00473009 0.013312 -0.00223833 -0.0124154 -0.00716215 -0.00228009 0.00796459 -0.00678622 -0.0550682 0.017616 -0.0323832 -0.00412622 0.00261661 0.0113672 -0.00274492 -0.0257302 0.00314963 -0.00591564 0.230915 0.0143998 -0.00867043 0.0159184 -0.0110235 -0.0199112 -0.019743 -0.0154582 -0.00232787 -0.0039348 -0.00633685 0.000130188 -0.0414763 -0.00732044 0.00411494 0.00655743 -0.00994497 0.000928816 -0.0178864 -0.0124477 -0.00619372 0.000506074 0.00915683 -0.00163764 -0.00201765 -0.00276008 0.00214706 -0.00500832 0.000390934 -0.0159482 0.0101493 -0.00516536 0.00415043 0.00214548 0.000975868 -0.00177869 -0.00385516 -0.00226721 0.00699478 0.00122424 -0.00437998 0.00118079 0.0147166 -0.00673991 -0.000802548 0.0113236 -0.000385223 0.0203319 0.000629662 0.014095 0.00648821 -0.00368748 -0.000791964 -0.00928216 -0.0004618 -0.00453823 0.000558568 -0.0132393 -0.0260835 -0.0133211 -0.00389607 0.00162012 -0.0028617 0.00759851 0.0240013 -0.00767101 -0.00207169 -0.00201636 0.00881072 0.00201641 -0.00140648 0.0063308 -0.00118462 -0.00396818 -0.00102288 0.0200221 
-0.00526776 -0.00220863 0.00155791 0.000849825 -0.00438116 -0.00104652 -0.00276565 0.00288688 -0.000525474 -0.0170177 -0.000174481 0.00689273 -0.0121563 -0.000222789 -0.0152773 0.00048392 -0.0198066 -0.00841897 -0.00633339 -0.00329023 -0.0135089 0.000232206 -0.00835663 0.00537215 0.0143998 0.121827 -0.00187024 -0.000492055 -0.0118708 -0.00263669 -0.00405977 0.00844713 -0.00363251 -0.00276698 -0.00279914 -0.00100139 -0.00892852 -0.00148919 0.000376139 -0.00167856 0.00140461 0.00229776 -0.0129176 -0.00680682 1.32502e-05 0.000621139 0.00078877 0.00847324 -0.0031565 -0.00172931 -0.00784927 -0.00483197 0.00143278 0.0113371 -0.00688269 -0.00151782 0.00390548 0.00302675 -0.00334888 0.00010842 0.00103021 -0.00272889 -0.0011419 0.0028116 -0.00283855 -0.000959208 -0.00294695 -0.00424146 -0.00348098 -0.00426387 0.00728451 0.0031325 -0.000173272 -0.0024334 -0.00259883 -0.00189702 -0.00113784 -0.00237474 -0.001744 -0.0010605 0.00157886 -0.00127033 0.00100463 0.00226705 0.0130216 -0.00364325 0.000735951 0.00362432 0.0091827 0.0022081 0.00269092 0.000839867 0.00181996 0.00281637 0.000648302 -0.000197723 0.000710445 -0.000211528 -0.00242852 0.00265541 
0.00435825 0.004728 -0.00142053 -0.00394895 0.00770707 -0.0125953 -0.0109587 0.0126675 -0.000317878 0.00465649 0.00386704 -0.0447983 0.011437 -0.00183866 0.0522266 -0.0353828 0.0248859 -0.0200413 -0.00844211 -0.000818659 0.0184141 0.0119138 0.0268652 0.006001 -0.00867043 -0.00187024 0.249599 -0.0115102 -0.00974834 -0.0124505 -0.0193644 -0.00831761 -0.00593719 -0.0244863 -0.00617441 -0.0139055 -0.035353 -0.00776304 -0.00820879 -0.000341578 0.00813483 -0.00392055 -0.0332342 0.000414904 -0.00635558 -0.00437622 -0.00302582 0.000490438 -0.0154566 -0.00808013 -0.00946501 0.0051809 -0.0065111 0.00448022 0.00430672 0.00197061 -0.00679772 -0.000903656 -0.002349 -0.00289453 0.000228875 0.00527412 -0.00193354 0.0020461 0.00665061 -0.000161938 -0.00579206 0.00714501 -0.00573502 -0.0101593 -0.00449234 -0.00146062 -0.00176975 0.00688694 -0.00430297 0.00690744 -0.00747152 -0.00358436 -0.0129828 -0.00548981 -0.0140365 -0.000583302 -0.0247769 -0.00735063 0.0223064 0.00832508 0.00593733 -0.00451902 -0.0180166 -0.00236497 -0.00319835 0.00173588 0.00110875 -0.00217475 -0.00556124 0.00629046 0.00185766 0.00349006 0.0179754 -0.00251872 
0.00677913 -0.00203878 0.000169954 -0.000634711 -0.000573067 0.00167204 -0.000456471 4.1572e-05 0.00717482 0.00171056 -0.00384761 -0.0019751 -0.00400657 -0.00579619 -0.0201389 1.13019e-05 -0.0143397 0.00429418 -0.000270092 0.00396484 -7.38394e-05 -0.0220719 -0.00319108 0.00823986 0.0159184 -0.000492055 -0.0115102 0.147979 0.0110368 0.000889593 -0.00954661 -0.0125488 -0.00505348 -0.00659244 -0.00322389 0.00451003 -0.00698791 -0.000737709 0.00778707 5.443e-05 -0.00976769 -0.00193875 -0.000516052 0.0019865 -0.00298835 -0.00128272 0.0074911 -0.00569727 -0.00212677 0.00482444 -0.00769845 0.00113663 0.000153167 -0.00795451 0.0045826 -0.000879388 0.00373699 -0.00489299 -0.000347655 -0.00207848 0.000748074 -0.00411096 -0.00274565 -0.00116797 -0.00411378 -0.00178978 0.00653742 -0.00296426 -0.0105318 0.0133766 -0.00726429 0.00644741 0.00135369 -0.00249883 0.0058745 -0.00320946 -0.00190185 -0.00297534 -0.00676749 -0.000146714 0.00666749 -0.00133062 -0.0152031 -0.00848548 -0.0161563 0.00115403 -0.000644993 0.00252767 0.00872216 0.00301429 -0.00347547 0.00296075 0.00226811 -0.00305308 -0.00141337 -0.00446048 0.00152936 -0.00115149 -0.0206958 0.00320823 
0.00194033 0.00602607 -0.00399655 0.000547176 -0.00864491 0.0212174 -0.00318028 -0.00721706 -0.00657467 -0.00583007 -0.000608693 -0.0188984 -0.00687751 -0.00469459 -0.0124855 -0.0217823 0.0313764 0.0101124 0.021796 0.0201819 -0.0136101 0.011527 -0.00645128 0.0277098 -0.0110235 -0.0118708 -0.00974834 0.0110368 0.23564 -0.00408152 0.0121704 -0.0174291 -0.00314453 -0.00397202 0.000833826 -0.00497998 0.0156408 0.000597773 -0.00663363 -0.00493721 0.00449944 -0.00638306 0.00641972 -0.0038496 -0.00479328 -0.00373937 -0.00188671 -8.43576e-05 -0.00808284 0.00225946 -0.0167198 0.0117398 -0.0107861 -0.007329 -0.00844198 -0.00382936 -0.0021731 -0.00638994 -0.0104067 -0.00142028 0.00170642 -0.00568931 0.00969695 -0.0054404 -0.00275031 -0.00143605 -0.00385072 -0.0105776 -0.0192953 0.00220068 -0.0124404 -0.00234317 0.00080264 -0.00127558 -0.00481805 0.000545522 -0.000987553 -0.00521036 -0.00816415 0.00318796 -0.000399435 0.00516311 0.00136458 -0.0065192 -0.0236496 -0.018573 -0.00503283 -0.00258603 -0.00700692 0.00425064 -0.000345708 -0.00421338 -0.00370335 0.00249203 -0.00158542 -0.00538145 -0.00511288 0.00243735 -0.0240368 0.000292614 
-0.00493589 -0.000245609 0.00116652 -0.00167487 -0.00480406 0.000126849 0.000957268 -0.0282628 0.00489917 -0.0102547 -0.00316805 0.0239177 -0.00205363 -0.0139787 -0.00387284 0.000650608 -0.00350043 -0.0134622 0.00813552 -0.0382123 -0.012015 0.0177086 0.00669556 0.0189199 -0.0199112 -0.00263669 -0.0124505 0.000889593 -0.00408152 0.204147 0.0152528 0.00999949 0.00440385 -0.00958556 0.0010922 0.00622448 0.0301762 0.00285918 -0.004097 -0.00188478 -0.00464084 -8.14726e-05 0.0255308 -0.00445163 0.000873706 -0.0070728 0.00584401 -0.0032847 0.00604094 0.000913087 -0.0154733 0.00439224 -0.0103596 -0.0143358 -0.0057964 0.00369441 0.00382852 0.000209641 -0.000776714 0.00321174 -0.00419099 0.00693577 -0.0169339 -0.00201902 -0.000235176 0.00356406 0.00351976 0.00613653 -0.00430214 -0.0107449 -0.00172277 -0.00416186 -0.00119341 -0.00882075 -0.00124398 -0.0167513 -0.00145956 -0.00368663 -0.00449112 0.00118829 1.26749e-05 -0.0060646 -0.0120819 0.00594331 -0.00870263 -0.00650156 -0.00337718 0.000745351 -0.0153349 -0.00313538 0.00123032 -0.00364762 -0.00278964 -0.00941354 -0.00171839 -0.0117201 -0.00106228 -0.00393644 -0.00773588 -0.00149625 
-0.00548052 0.0136042 -0.000812095 -0.00263743 -0.00311617 -0.006407 -0.00449201 -0.0269219 -0.00257944 0.0112315 -0.000747072 -0.00205704 0.000820722 -0.00389344 -0.00642164 0.0154733 0.0161223 0.00245495 0.000892486 -0.0277223 -0.00218065 -0.0136804 0.0201184 -0.00187767 -0.019743 -0.00405977 -0.0193644 -0.00954661 0.0121704 0.0152528 0.156392 -0.00710974 -0.00826466 -0.00138264 0.00196485 -0.00264438 0.0153307 0.00215424 -0.00561774 0.00119147 0.000296461 0.000423179 0.0276805 -0.00806874 0.00544962 0.0018168 -0.00113238 0.000825575 -0.00805776 -0.00297284 0.00964484 -0.00864375 -0.000188468 -0.00231241 -0.0101122 -0.00490051 0.00413214 0.00282473 -0.00489874 -0.00407807 -0.00433276 -0.00314196 -0.00814756 0.00275413 -0.00332884 -0.000412298 -0.00522678 -0.000522725 -0.00811428 0.000804812 -0.0095102 -0.00438497 0.000132927 -0.00498021 -0.00522982 -0.00318383 -0.00106492 0.00100147 0.0101876 0.00258954 -0.00168033 0.00416929 -0.00687359 0.00949651 0.00724028 -0.0170319 -0.000557605 -0.00775415 -0.0104365 -0.00381685 -0.000137168 -0.00419911 -0.00287569 -0.000240056 -0.00126193 -0.00272755 -0.00275026 0.000737784 -0.0104929 0.00115958 
-0.00548097 8.9121e-05 -0.00120457 -0.000331151 0.00536806 0.00246688 0.000598055 -0.00312946 0.000704196 -0.0111037 -0.00386597 0.0251236 0.00449158 0.00107416 0.0127415 0.00478101 -0.0062491 -0.0149363 -0.0163172 -0.0103782 -0.00928355 0.021675 0.00611404 -0.0203297 -0.0154582 0.00844713 -0.00831761 -0.0125488 -0.0174291 0.00999949 -0.00710974 0.133031 0.00802714 -0.00592381 0.00171667 0.00469033 -0.00419626 -0.00121994 0.00282805 -0.00309397 0.000699806 -0.0012034 -0.00885412 0.00970369 0.00144732 -0.00163084 -0.00181229 -0.00429271 0.00665896 -0.00309487 -0.00501617 0.000617539 -0.00623349 -0.000154203 -0.00269487 0.000790521 -0.000205903 -0.00594317 0.0019623 -0.000835332 0.00086326 -0.00149299 -0.0095135 -0.00157344 0.00117384 -0.000748032 -0.00239191 -7.25715e-05 0.00166659 -0.000522384 0.00482761 -0.00654302 -0.00141027 -0.00325254 -0.00792922 -0.00309042 0.000180302 -0.0010368 -0.00537688 3.97502e-05 -0.00153876 -0.00298077 0.0157221 7.11012e-05 0.000200437 -0.00569532 -0.00186251 -0.00119969 -0.00677983 -0.00112977 0.00507073 -0.0022454 -0.00303664 -0.000889352 -0.000940031 -0.00584751 -0.000690462 -0.0021376 3.84062e-06 -0.00385986 
-0.000373975 -0.000755262 0.000130453 0.000861447 -0.00541114 -0.00263809 0.00202224 -0.0111931 0.000247637 -0.00173842 -0.00209434 0.0138582 0.000711293 -0.00405001 -0.00224249 -0.00455232 -0.00251212 -0.00558973 -0.00199078 -0.0171187 0.00039132 0.00254522 -0.00231666 -0.00816637 -0.00232787 -0.00363251 -0.00593719 -0.00505348 -0.00314453 0.00440385 -0.00826466 0.00802714 0.105121 0.00281015 0.000575259 -0.00177214 0.000186671 -0.00183091 -0.00346334 -0.000321736 0.00190929 -0.00074824 -0.00271016 0.00543665 0.00106824 -0.00244293 -0.000646811 -0.0013163 0.00106965 -0.000100862 -0.00618512 0.00976265 -0.00481413 -0.00351426 0.00470001 -0.000471986 0.000243659 0.000406913 0.000677718 0.00154293 -0.000208154 0.000589109 -0.00265405 3.58273e-05 0.00110077 -0.000184467 0.00405946 -0.00381815 0.00257718 -0.00562571 -0.000740141 -0.000523872 3.50787e-05 -0.00630828 -0.00314838 -0.00444872 0.000200585 -0.000353829 0.000825403 0.00108458 0.0022419 -7.50215e-05 -0.0038502 0.00315733 -0.00816225 -0.00928195 -0.000368529 0.00524402 -0.000769023 -0.00204674 0.000633144 0.000101204 -0.00268116 -0.00193403 -0.000114982 -0.00312566 -0.000393336 -0.00385908 0.00605357 -0.000530205 
-0.00414643 -0.0030555 -0.000344652 5.20975e-05 -0.00319242 0.00150006 0.00476405 0.00330003 -0.000922911 -0.00965085 -0.000893128 0.0102548 -0.00782546 -0.00766072 -0.00641144 0.000752138 -0.000293923 0.0133197 0.000282494 0.011866 -0.00919092 -0.00302545 -0.0161891 -0.0120482 -0.0039348 -0.00276698 -0.0244863 -0.00659244 -0.00397202 -0.00958556 -0.00138264 -0.00592381 0.00281015 0.0962846 -0.00023456 0.00263736 0.0160807 0.000492208 -0.000669204 -0.000555746 -0.00303155 0.00115237 -0.00268568 0.00244294 -0.000918283 -0.000402437 -0.00254431 0.00163615 0.00141697 -0.000617877 0.00641632 -0.000696948 0.000129093 -0.00597768 0.00469613 -0.000661081 0.00221877 0.00178735 0.000356395 -0.00113763 0.00324078 -0.00142886 -0.00080074 -0.0020071 7.7703e-05 -0.000685149 -0.000525455 -0.0032342 -0.00400207 -0.00733119 -0.00266879 -0.00367824 -0.000412469 -0.00578087 0.00105791 -0.00133087 0.00472614 -0.000826462 -0.000808469 0.000214417 -0.00395222 -0.000511188 0.00970495 -0.00143502 -0.00451657 -0.00777087 -0.00282383 0.00349444 0.00844768 -0.00274683 0.00199343 -0.00117253 0.00063093 0.000453389 0.00282248 -0.000645141 -0.00205184 -0.00117426 0.00697413 -0.00253733 
