0.188705 -0.000307495 0.00611204 -0.00660844 0.00312806 -0.000124308 -0.015046 -0.000455122 0.00452482 -0.00391698 0.00262772 -0.00758856 -0.0226683 0.0106864 -0.00585707 -0.0184867 -0.030973 -0.0157998 0.0273493 -0.0124238 -0.00894173 -0.00706706 0.000915902 -0.0119802 -0.0081915 0.0254778 -0.0120578 0.0033121 -0.000170067 0.00259255 -0.00712708 0.0174749 -0.00611262 -0.00119326 -0.0274818 0.00882704 0.00431011 0.000382886 0.0107253 -0.00171016 0.00271636 -0.00439734 -0.00316194 -0.00744719 0.0013749 -0.00321239 -0.00297494 -0.00384357 0.00343507 -0.000634672 0.00469091 -0.00440957 -0.00130043 0.00291421 -0.0091238 0.000521668 0.000719817 -0.00363021 0.00137781 -0.00138068 -0.00382439 0.00504885 0.0108146 -0.00291424 0.0028501 0.0111537 0.00608329 -0.00299808 -0.00316104 -0.00711317 -0.0192842 -0.00749427 0.00152158 0.000438396 -0.0021311 -0.00130906 0.00488763 -0.001543 0.000442921 0.00416743 -0.00286458 -0.00575845 -0.00394851 -0.00447888 0.00987977 0.00116672 -0.0151394 -0.00261042 -0.0082735 0.0101041 -0.011923 -0.0102696 -0.000237125 -0.00417143 -0.00563981 -0.0115648 -0.0108702 -0.000644232 0.0174774 0.00703272 
-0.000307495 0.0486545 -0.00253976 -0.00159034 -0.000339704 -0.000543014 -0.00268556 -0.00239001 -0.00260977 0.00442497 -0.00200694 -0.000579743 -0.00334035 -0.00316793 0.00892892 0.000125572 -0.00298631 -0.00346255 0.00193137 -0.000199423 -0.00450574 -0.000476424 -0.00485687 -0.00516569 -0.00156598 0.00598577 -0.00624971 -0.00130536 0.00197792 -0.00278182 -0.00267414 -0.00438867 0.000926919 0.000118857 0.000352374 -0.00166039 0.000635969 0.00092233 0.00261809 -0.000566658 0.003946 -0.00349966 0.00189772 0.00195656 0.000326481 -0.00187491 0.00035536 0.000710697 -0.000429129 -0.000363809 0.000368807 0.00119651 -0.000969838 -0.00105226 -0.00156819 -0.00054484 -8.77736e-05 -0.00146456 -0.00138943 -0.000547993 0.000756525 -0.000519631 -0.00234424 -0.00128221 -0.00170207 -0.00219562 -0.000321256 -0.000254039 -0.000608022 -0.00200816 0.00499489 0.00120224 -0.000706824 0.000348088 0.000384833 -2.70344e-05 -0.000140574 0.000154812 0.000850959 -0.00110911 -0.000551378 -0.00226541 0.000841397 -0.00371552 -0.001066 -0.00179041 0.00240305 -0.000261753 -0.00272271 0.00232594 0.00100699 0.00286843 -0.000367377 -0.000964511 -0.000759041 0.000292785 -0.000478452 -0.000214702 -0.00135381 0.00167596 
0.00611204 -0.00253976 0.233801 -0.00861128 -0.00261123 0.000568799 -0.00877507 0.00821201 -0.00362229 -0.00935061 -0.0135427 -0.00094502 -0.000282321 0.00629715 -0.00826265 0.015579 0.0203929 -0.0591217 0.011636 0.00196861 0.0222025 0.00492033 -0.00465146 0.0414317 0.00522982 -0.0289235 0.00927662 0.00715991 -0.0225737 -0.00110121 -0.00733299 -0.0179742 -0.00282858 -0.00775031 -0.0100406 0.00101953 -0.0107635 0.00283674 -0.0039832 -0.00121788 -0.035897 0.00960176 -0.000305522 0.00505911 -0.00335562 -0.00159924 -0.00350345 -0.00388296 0.00324826 -0.0236876 -0.00283239 -0.00207432 0.00291828 -0.0117246 -0.00939111 -0.00458158 -0.00294158 -0.00767426 -0.00542155 0.00451523 0.000485737 -0.00460633 -0.0147016 0.00250081 -0.00339178 0.00078109 0.000750764 -0.00653208 0.00158165 -0.00891638 0.0139643 -0.00746378 -0.00253664 0.00210418 0.00339485 -0.000806084 -0.00209032 0.00245129 -0.00361939 0.00342568 -0.00758281 -0.0104726 0.00273245 -0.00385602 -0.00505007 0.00414144 -0.000631035 -0.00279161 -0.0133652 -0.00784151 -0.0162748 -0.00040968 0.00673054 0.00585798 0.00274968 -0.0028661 0.0113122 -0.00328211 -0.00323952 -0.000945493 
-0.00660844 -0.00159034 -0.00861128 0.0713567 0.000216597 7.75443e-05 -0.000934141 -0.004346 0.00108353 -0.00220503 -0.00150899 0.00119544 -0.00157973 -0.00649498 -0.00165078 -0.00562103 0.00178188 0.0101162 -0.00706133 -0.00723912 0.00472094 1.99165e-05 -0.00365367 -0.000593805 0.00849274 0.00137506 -0.00259743 -0.00439232 0.00443105 -0.00434982 -0.00301053 0.00288862 0.000613938 -0.00139679 0.00834607 -0.00109849 -0.00114642 -0.000812979 0.00167644 -0.000791106 -0.00181914 0.000581148 7.32357e-05 -0.00326563 0.00114007 0.00076587 -0.000352363 0.000173701 0.000113819 0.00157118 0.0010377 -0.00224807 0.000183539 -0.00344405 -0.00210162 0.00118963 0.000226562 0.00125145 -0.0016993 -0.00221637 0.00119241 -0.000589062 -0.00334727 7.17302e-05 -0.00117463 -0.0029945 -0.00194398 -0.000916199 8.15623e-05 0.000544266 -0.00359194 -0.00296306 -0.000120916 -0.00286376 -0.000386279 -0.000456904 -0.000130945 -0.00111363 0.00101251 -0.00254085 0.00193455 0.00403313 0.000336813 0.00602306 -0.00102546 -0.000476788 -0.000417065 0.000151469 0.0021838 -0.00625212 -0.00345297 0.00339035 -0.000541382 -0.00218718 0.000323351 -0.00144224 -0.00371486 -0.000766298 -0.00568731 -0.000440859 
0.00312806 -0.000339704 -0.00261123 0.000216597 0.0423566 0.00130601 0.00183179 0.00254429 0.000615366 -0.00356657 0.000533744 0.000420384 -0.0037676 0.00367964 0.00376055 0.00105597 -0.00557787 -0.00370993 -0.000872266 -0.00523046 0.00214112 0.000798545 0.00337278 -0.000220577 0.00027136 -0.00380346 0.00589162 0.000476383 0.00645966 -0.00347511 0.0017504 0.000932513 -0.00191816 -0.000816611 -0.00606791 -0.00363655 -0.000410047 -0.000923569 2.77601e-05 -0.000318142 -0.00243075 -0.00170283 -0.000194744 0.000194902 -0.00016716 0.00173307 -0.000972422 -0.000565327 0.000788333 -0.00485797 9.62913e-05 -0.00312309 -0.000636227 -0.000426249 -0.000169658 0.000308452 3.23178e-05 -0.00104382 -0.000506233 -0.00258693 0.000720842 0.00126341 0.000703485 -0.00106825 -0.0010434 -0.00259649 -0.000391341 0.00110192 -0.000155795 -0.000651683 0.000621867 -0.00412634 -0.00084858 -0.000721665 0.000911095 -0.000147365 0.00085413 -0.00043481 0.000639328 -0.000476139 -0.000622341 -0.00222181 0.000523054 -0.00147099 0.000641394 -5.67005e-05 -0.00264705 3.67179e-05 -0.0020019 -0.000478783 -0.00223038 0.00265464 -0.000777759 -0.00131053 -0.00180784 -0.00208323 -0.00119574 0.000139792 0.0014578 -0.000777831 
-0.000124308 -0.000543014 0.000568799 7.75443e-05 0.00130601 0.0424535 -0.000723809 0.000503473 0.000118747 -0.00200467 -0.00147094 0.00234852 -0.00476673 -0.00265902 0.00110352 -0.00197619 0.000997276 -0.00449279 0.00123907 -0.0052736 -0.000603544 0.00232054 -0.000853061 0.00144673 0.00161969 -0.00710364 0.00351301 -0.000701494 0.00406256 -0.00165058 0.000484098 -0.00464406 0.000350075 -0.000350785 -0.00216678 -0.000719553 0.000610362 0.000235334 -0.000791092 -0.000503022 -0.00322397 -0.00216522 -0.000336586 -0.00138777 -0.000253819 -0.00181476 0.000915163 -0.000172338 0.000933156 -0.0055051 0.00120636 -0.00330293 -0.00044408 -0.000979756 -0.000158618 -0.000995911 -0.000432482 0.000921877 -0.000335016 0.000531395 0.00046012 0.000123772 -0.000682735 -0.000797648 0.000116716 -0.000795144 -0.000904816 0.000367591 -0.000127351 -0.000606661 0.00491744 -0.00255482 0.000215481 -4.26887e-05 -0.000612659 -8.98607e-06 0.000164159 0.00122341 -6.93711e-05 -0.000795186 -5.91702e-05 -0.00185934 -0.000698415 -0.00163595 0.00234417 -0.000916419 -0.00219629 -5.18744e-06 -0.00208173 -0.000480791 -0.000884316 -0.00113141 0.00123714 0.000279945 -0.000826727 0.00239799 0.000762349 -0.000559895 0.00253326 -4.56249e-05 
-0.015046 -0.00268556 -0.00877507 -0.000934141 0.00183179 -0.000723809 0.128898 0.00248002 -0.00171014 -0.0024062 -0.0064868 -0.00690495 0.00298175 0.00771165 -0.00270678 0.0125544 -0.0081175 0.00850149 -0.0140118 0.0144224 0.00845743 -0.0122639 0.0186165 0.0133119 -0.0092248 -0.0277726 -0.00433643 -0.00694865 0.0136802 -0.00787152 0.00566397 -0.00526537 -0.00289763 0.000596017 0.000541094 -0.011752 0.00216848 -0.00421473 -0.00670138 -0.00278511 0.00109464 0.0080414 -0.00165644 0.00106527 -0.00105026 0.00220368 -0.00209517 0.00346655 -8.30424e-05 -0.0157758 -0.00552818 0.001718 0.00180256 1.10939e-05 0.000219619 0.00296299 0.000941552 -0.000543636 0.000585396 -0.00382455 -0.0037008 -0.00337621 -0.000223049 0.00145894 -0.0025932 -0.00909775 -0.0014875 0.00181297 0.000540728 0.00117105 0.00359448 -0.0126009 -0.000775743 -0.00492475 -0.00229526 -0.000297874 -0.00137099 0.00542507 0.00427683 -8.14125e-05 -0.00126092 -0.00133822 -0.00100616 -0.0105154 0.00166809 -0.00229505 -0.00213724 0.000502134 -0.0064028 -0.0116884 0.0114581 0.00841139 -0.000992343 -0.000329915 -0.00387567 -0.00768513 -0.00308312 -0.00216723 -0.00611657 -3.00046e-05 
-0.000455122 -0.00239001 0.00821201 -0.004346 0.00254429 0.000503473 0.00248002 0.0973168 -0.000815291 -7.99462e-05 -0.00308146 -0.00333571 0.00278654 -0.00600284 -0.00172096 -0.00859233 -0.0139265 -0.0106702 -0.000453811 -0.00586683 0.0112319 0.00303957 -0.00135517 -0.000584813 -0.00228046 -0.0191591 0.0150732 0.00136814 0.000677863 -0.00367397 0.00698082 -0.00551238 -0.00340128 0.00200346 -0.00222008 -0.000957373 -0.00385644 0.00247206 -0.00146877 -0.00244249 -0.00660235 0.000718703 -0.000389468 -0.00299013 -0.0029359 -0.0044495 -0.0025938 0.000748194 0.00139425 -0.0132936 0.000371032 -0.00223845 -0.000302385 -0.00171551 0.00431115 -0.000308235 -0.000694192 -0.00176199 -0.00152425 0.0031835 0.00132013 -0.00182997 0.000596391 0.00152546 0.00329511 0.00105061 -0.000691704 -0.0011007 0.00135523 -0.00138027 -0.00446698 -0.00644449 -0.00069567 -0.0013654 0.00249237 0.000222971 0.0011824 0.000110931 0.00278474 0.000992029 -0.00147365 -0.00367511 0.00187095 -0.00503059 0.00413831 0.00395289 -0.00232539 0.00155322 -0.00491091 -0.00746729 -0.00767506 -0.00115903 0.000969925 0.00331065 -0.00206631 0.000161815 -0.00204673 -5.74153e-05 0.0056514 0.000357277 
0.00452482 -0.00260977 -0.00362229 0.00108353 0.000615366 0.000118747 -0.00171014 -0.000815291 0.14526 0.0104421 0.0012273 -0.00720697 -0.00544715 -0.0205707 -0.010255 -0.0110696 0.00354199 0.000860716 0.0234239 -0.0236413 0.0229186 0.0227485 -0.018672 -0.0198979 -0.0158841 -0.00278619 -0.00476776 -0.00484765 -0.00163202 0.000107605 -0.0027303 -0.000114352 1.62748e-05 -0.00614636 -0.0302711 0.00483784 0.00485911 -0.00358473 0.00526974 -0.00122743 -0.00471605 0.00267479 -0.00280384 -0.00339003 -9.41234e-05 -0.00381619 -0.000621931 -0.00262984 5.21257e-05 0.00746828 -0.00299632 0.00454871 -0.000975846 0.00811763 0.000501653 -0.00459163 -0.0021491 -0.00174602 -0.000987141 -0.000448091 -0.00238737 0.00315533 0.00222455 -0.000636786 0.000610562 0.000307668 -0.00274031 -0.000341923 -0.00175992 -0.0018321 0.00167716 -0.0113372 -0.00130633 -0.0033377 0.0019555 0.00083421 -0.000810644 -0.00236647 -0.00345338 0.00250053 0.000131142 0.00290189 -0.00203283 0.00137691 0.00701483 0.00200454 -0.000961677 -0.000747174 -0.0119018 0.00149598 -0.006725 -0.00133905 -0.000375518 -0.0047905 -0.000243998 -0.00181207 -0.00679015 -0.00149126 -0.00012271 -0.00028988 
-0.00391698 0.00442497 -0.00935061 -0.00220503 -0.00356657 -0.00200467 -0.0024062 -7.99462e-05 0.0104421 0.175797 -0.00397458 0.0129442 -0.0117333 -0.0105345 -0.0038317 -0.0106479 -0.0204188 -0.0273877 -0.00284897 -0.00170136 -0.00292879 -0.0272125 0.0096952 -0.0342051 -0.00287433 0.0200857 -0.015226 -0.00429519 -0.00967806 0.00226901 0.0089006 -0.00136264 0.00101405 0.00121335 -0.00358222 0.00788774 0.00143136 -0.00645583 0.00543857 -0.00436137 0.0261494 -0.00909923 -0.00242873 -0.00569697 -0.00426357 -0.00942207 -0.00202772 0.00203873 0.000575048 0.00437356 -0.00261789 0.00230302 -0.0017573 -0.0011871 0.00251444 -0.00585529 -0.00126242 -0.00394875 -0.000264711 -0.00138074 -0.0036224 -0.000393825 -0.00120422 0.00144756 -0.00359475 0.00770295 0.00179543 -0.00126696 5.39554e-05 0.00541972 0.0139819 -0.0135513 -0.00394482 -0.00187504 -0.00423018 0.000248204 0.000785564 0.000929793 0.00136142 -0.000855011 -0.00109317 -0.00254521 -0.00134689 -0.00735735 0.00374997 -0.00332701 0.00202842 -0.000672616 -0.0119877 0.0173275 0.0109626 -0.0143737 -0.00711627 -0.000555295 -0.00104819 0.00235254 -0.00242292 -0.00504902 -0.00310121 0.00689244 
0.00262772 -0.00200694 -0.0135427 -0.00150899 0.000533744 -0.00147094 -0.0064868 -0.00308146 0.0012273 -0.00397458 0.0972872 -0.00246749 0.000203844 0.0110593 -0.00375501 -0.00674946 -0.0113207 0.0123116 -0.00117912 -0.0103856 -0.00282018 -0.00842688 -8.70819e-05 -0.00522222 -0.0147755 -0.000912157 -0.0014084 -0.00447469 -0.00113059 -0.00314888 -0.00298559 -0.00267695 -0.00196639 -0.00217181 -0.00279921 0.00519484 -0.00105918 0.00216328 -0.000910534 -0.00200953 0.006167 -0.000650601 -0.000772023 0.000120785 6.71657e-05 -0.0023843 0.000884954 -0.00134519 -0.00323215 0.000459226 -0.000592337 -0.000451628 -0.00174898 0.000249027 -0.00287901 -0.00224811 0.000144647 -0.00145101 -0.000403367 -0.0037986 0.000169542 -4.29911e-05 0.00902605 0.000882214 0.000815128 0.00389608 0.00060494 0.000952438 -0.000439903 0.00531147 0.00312703 0.00552124 -0.00339067 0.00366002 0.00443605 0.00120848 0.00211929 -0.0023371 -0.000817026 -0.00249252 0.00580657 -0.00292279 -0.000935982 -0.00144242 0.0033704 -0.00249424 -0.000772692 -0.00125851 -0.00349307 0.000721681 -0.00388623 -0.00195688 0.000151839 -0.0013758 -0.00251929 -0.00284346 -0.00418006 -0.00154666 -0.00197753 -0.000483386 
-0.00758856 -0.000579743 -0.00094502 0.00119544 0.000420384 0.00234852 -0.00690495 -0.00333571 -0.00720697 0.0129442 -0.00246749 0.121688 -0.0105377 -0.00430818 -0.00626734 0.0066656 0.00403514 -0.0219722 -0.0247838 0.0177684 -0.0160299 -0.0160457 -7.79871e-05 0.00511187 0.0132247 -0.00203508 0.00676349 -0.000315885 -0.00871147 -0.00230327 0.0183195 -0.011154 -0.00470499 0.00252351 0.0122001 0.00805575 0.00225768 0.00450215 -0.00280447 0.00168591 -0.00621044 0.00981785 -0.00108145 -0.0042708 -0.00369142 -0.00724538 -0.00080405 0.000945064 -0.000638975 -0.0138231 -0.00140435 0.000112158 -0.000886948 -0.00902338 -0.00166383 -6.86343e-05 -0.00165322 -0.00159582 -3.04426e-05 -0.00145844 -0.00351266 0.000849465 0.00255099 0.00404913 -0.00213559 -0.0044155 -0.00139804 -0.00125682 0.000593679 0.00795314 0.0112932 0.00575665 -0.0057224 -4.20209e-05 -0.00987612 -0.000634404 -0.00035097 -0.00151601 0.00120049 -0.00554155 -0.00308836 0.002695 0.000763801 0.000633256 -0.00970276 -0.00347952 -0.00718019 -0.000860172 -0.000832812 -0.0100744 0.00249473 -0.00731641 -0.00468103 0.00610142 -0.0016986 -0.0113701 0.0171452 -0.000771512 -0.00227391 -0.000302808 
-0.0226683 -0.00334035 -0.000282321 -0.00157973 -0.0037676 -0.00476673 0.00298175 0.00278654 -0.00544715 -0.0117333 0.000203844 -0.0105377 0.212467 -0.000797444 0.010477 -0.0152708 0.0259846 0.0146644 -0.0107617 -0.0190774 0.0181648 0.0154556 -0.00139161 0.019653 -0.00703189 -0.0203457 0.00373676 -0.00464657 0.0054222 0.0192976 -0.00792983 -0.000119862 0.000602066 -0.00208418 -0.0143974 -0.00551814 -0.00757002 -0.00471492 -0.00727269 -0.00521166 -0.000761149 0.00824691 -0.00512381 0.0004544 -0.00104948 0.00601287 -0.000897397 0.000416708 -0.00843471 -0.0197553 -0.00263304 -0.009251 0.00052914 0.00290925 -0.00458238 -0.0017091 -0.00302373 -0.000724698 0.00374443 -0.00420056 -0.00745876 -0.00122014 -0.0204337 -0.00363428 -0.00628596 -0.00853658 -0.00804715 -0.00438775 0.000552579 0.00878268 0.00807226 -2.20498e-05 -0.0102092 0.00710866 -0.00821371 -0.000922922 -0.0034262 -0.00230758 -0.00425495 -0.00099189 -0.00301423 0.00104287 -0.00201915 0.00925614 -0.00888899 0.000261947 -0.00238557 -0.00138434 0.00863508 -0.0132718 -0.00784585 -0.0069032 -0.000604097 -0.00475331 0.00373492 -0.00518725 0.012533 -0.00464266 -0.0139816 -0.0085449 
0.0106864 -0.00316793 0.00629715 -0.00649498 0.00367964 -0.00265902 0.00771165 -0.00600284 -0.0205707 -0.0105345 0.0110593 -0.00430818 -0.000797444 0.220818 0.00627199 0.0267808 -0.0248493 0.00917532 -0.0249155 0.0118618 -0.00669624 -0.0313111 0.0405349 -0.00267336 -0.00937124 -0.0157495 -0.0272048 0.0119181 0.0028877 0.0020476 0.000647963 0.0200642 -0.00490401 0.00282586 0.0181253 -0.0154166 0.00657043 -0.00685425 -0.0100358 -0.00250069 -0.00894162 -0.00236827 -0.000611484 0.00283994 0.00173617 0.0158565 0.000797307 -0.00113673 -0.00300157 -0.018248 -0.00829244 -0.00174422 -0.0012545 -0.0115169 -0.0113369 -0.00554078 0.00123826 0.00724334 -0.0035128 0.00268341 -0.0123398 -0.0018055 0.00745774 -0.00216027 -0.00164746 0.00206538 0.00270044 -0.00151602 -0.00105111 0.00342565 -0.0195609 -0.00489456 -0.00827206 0.00296583 0.000158792 -0.000157093 -0.00083626 -0.00551701 -0.00142878 -0.00502147 -0.000579785 -0.0122124 -0.00633612 -0.00338515 0.00701311 -0.00389785 -0.00492209 -0.00246221 0.00029803 -0.0153697 -0.008191 0.000901903 0.000572597 -0.00670971 -0.000362596 -0.00637461 -0.00577505 0.000445293 -0.0211474 -0.00190486 
-0.00585707 0.00892892 -0.00826265 -0.00165078 0.00376055 0.00110352 -0.00270678 -0.00172096 -0.010255 -0.0038317 -0.00375501 -0.00626734 0.010477 0.00627199 0.180353 0.0218194 -0.0106948 0.00981235 -0.00935525 0.00963966 0.0243841 0.00397775 0.00953682 -0.0155136 -0.025852 0.0015828 -0.00166884 0.000403194 -0.00654357 -0.00177514 0.00602231 -0.00738893 -0.00375978 -0.00525678 0.00224196 -0.0123189 -0.000573151 0.00140035 0.000285782 -0.00144636 0.0149664 0.000520123 0.000934795 0.0053281 -0.00236801 -0.00545519 -0.00302159 -0.00207939 -0.000514783 -0.0166325 0.000868842 -0.0112631 -0.00416086 -0.00591823 -0.00458969 -0.00389419 -0.000706342 0.000807364 -0.00342429 -0.00981586 0.000461116 0.00148861 0.011876 -0.00574152 -0.00543065 -0.0171863 -0.00294538 -0.00085546 -0.00504027 -0.00207099 0.0162069 -0.00297706 -0.00601724 0.00294948 -0.00738915 -0.000264731 0.00151855 -0.00489838 0.000992073 0.00455187 -0.00513338 -0.00185378 -0.00356204 -0.0134135 -0.00459056 -0.00282668 0.0115046 -0.00150598 -0.0111985 -0.000720945 -0.0108257 -0.000436801 -0.00166177 -0.00537366 -0.00416187 -0.00904592 -0.0111503 -0.00247929 -0.00513862 -0.000781341 
-0.0184867 0.000125572 0.015579 -0.00562103 0.00105597 -0.00197619 0.0125544 -0.00859233 -0.0110696 -0.0106479 -0.00674946 0.0066656 -0.0152708 0.0267808 0.0218194 0.248816 0.0237714 -0.00323821 -0.0544951 0.0139766 -0.00459125 -0.00971506 0.0373605 0.0419216 -0.0220948 -0.0112378 -0.0263003 0.00425548 -0.00409784 -0.0165302 0.00223935 -0.0137681 -0.00816296 -0.00774902 0.0117163 -0.00755107 0.00210522 0.000584509 -0.00588523 0.000839576 -0.0162967 0.00565424 -0.00631056 0.0128442 0.0026276 -0.00198499 0.00345756 0.0011188 -0.000486778 -0.00416198 -0.00738809 -0.00776094 -0.00143425 -0.00856397 -0.00302605 0.00967179 -0.000958737 -0.00308155 -0.00726529 -0.00388932 -0.0117556 -0.00855749 0.0100204 -0.00552534 -0.0025374 -0.00272137 0.00225398 0.00206565 -0.00195376 -0.0136147 -0.00380337 0.0104305 -0.0120848 -0.00826349 -0.0214732 -0.000640291 -0.00333728 -0.00668166 -0.00135091 -0.00536678 -0.00727242 -0.00324865 -0.00852431 0.00531059 -0.00463357 -0.00544864 0.012403 -0.000429548 -0.00094093 -0.0111821 -0.0125647 -0.00646256 -0.0021377 0.000758565 0.000612193 -0.00815326 -0.00320838 4.41517e-05 -0.0153352 -0.00579031 
-0.030973 -0.00298631 0.0203929 0.00178188 -0.00557787 0.000997276 -0.0081175 -0.0139265 0.00354199 -0.0204188 -0.0113207 0.00403514 0.0259846 -0.0248493 -0.0106948 0.0237714 0.24057 0.00454449 0.00360703 -0.0188665 -0.00292841 0.0104369 -0.0145085 0.0174517 -0.0130603 -0.00299151 0.0200412 -0.0122586 -0.0148474 0.00511078 -0.014539 -0.0105892 -0.0011728 -0.00399698 -0.00988241 0.00336234 -0.00816462 0.00210369 6.47995e-05 0.0042835 -0.029883 0.00462053 -0.00128731 0.00132227 0.000816396 -0.00647619 0.00962579 5.30831e-05 -0.00475083 0.00267361 -0.00339804 -0.00336067 -0.000211003 -0.00537118 0.0117026 0.00035775 -0.00391834 -0.00288508 -0.00596699 5.36727e-05 -0.00550042 -0.000248343 -0.0121464 -0.0062324 0.00124423 -0.000400317 -0.00639133 -0.00128382 -0.00360451 -0.0135005 0.00826091 -0.00541633 -0.0051648 0.00358712 -0.0115474 0.000268981 -0.00212333 -0.00281808 -0.00954168 -0.000633408 -0.00839242 0.00832266 0.00223417 0.0124678 -0.0162988 -0.00913153 0.0105198 -0.00186349 0.00265476 -0.0134751 -0.0151434 0.00461539 -0.000929191 0.000522562 0.00928073 0.00505313 0.00410575 -0.00214094 -0.00716114 -0.011176 
-0.0157998 -0.00346255 -0.0591217 0.0101162 -0.00370993 -0.00449279 0.00850149 -0.0106702 0.000860716 -0.0273877 0.0123116 -0.0219722 0.0146644 0.00917532 0.00981235 -0.00323821 0.00454449 0.239988 -0.00338492 -0.00079343 -0.00557272 0.0158614 0.0169904 -0.0213291 -0.0209844 0.00765774 -0.0194112 -0.0239428 0.00652091 -0.0236628 -0.0198776 0.0214539 -0.000486498 0.00541559 0.0188434 -0.00549146 -0.00523293 -0.00504134 -0.00631531 0.00313715 0.00858123 -0.00817361 -0.00143523 -0.00723218 0.00360206 -0.000993584 -0.00100159 -0.0023955 -0.00608037 0.0162789 -0.00104315 -0.012498 -0.00448641 -0.00705102 0.000471376 0.00201669 0.000156282 -0.00483704 0.0017731 -0.0029045 -0.00531054 -0.00248924 0.00938466 -0.0110307 0.00200651 -0.0152793 -0.00340005 0.00274417 0.00153356 0.00496016 -0.0150209 -0.000468899 0.00222689 -0.00618232 0.00230514 -0.00128202 -0.00380317 -0.00485738 -0.00132783 -0.00749172 0.00266012 0.00327355 -0.00340676 0.00945308 -0.0120421 -0.0145986 0.0174078 2.31514e-05 0.00793097 -0.00498905 0.00160997 0.00102124 -0.00556064 -0.00989399 0.00587336 0.00847008 -0.0101771 -0.00228082 -0.00456272 -0.00464898 
0.0273493 0.00193137 0.011636 -0.00706133 -0.000872266 0.00123907 -0.0140118 -0.000453811 0.0234239 -0.00284897 -0.00117912 -0.0247838 -0.0107617 -0.0249155 -0.00935525 -0.0544951 0.00360703 -0.00338492 0.244897 -0.0507253 0.00298867 0.0309169 -0.0693894 -0.0484071 -0.0205825 0.00279944 0.0232363 -0.00267314 -0.0212148 0.0132391 -0.0215004 0.0133783 0.00192029 -0.00154705 -0.0300646 0.000738995 -0.00755708 -0.00999635 0.00302902 0.00333137 -0.00660021 -0.0110479 -0.00238884 -0.00738788 0.00240373 -0.00202405 -0.00231646 -0.00639093 -0.00059651 0.00637729 0.00382325 -0.0116611 -0.00261727 0.00713751 0.0033114 -0.0119863 -0.000159026 -0.00245731 -0.00186652 0.00105116 0.0173088 0.00825603 -0.0178929 -0.00709348 -0.000639208 0.0276736 -0.000231291 -0.00195305 -0.000206218 -0.0148316 -0.00188214 -0.021816 0.010982 0.00533554 0.0395503 0.00178518 0.00318384 0.00790209 -0.0023612 0.00708115 0.00515059 0.00529031 0.00457811 -0.0272723 0.0107882 0.00237767 -0.00298065 -0.0019862 -0.0154272 0.00814596 0.0022099 -0.00410031 0.00256928 -0.00194282 0.000233448 0.0143858 -0.0014553 -0.00201855 0.0117886 0.00302928 
-0.0124238 -0.000199423 0.00196861 -0.00723912 -0.00523046 -0.0052736 0.0144224 -0.00586683 -0.0236413 -0.00170136 -0.0103856 0.0177684 -0.0190774 0.0118618 0.00963966 0.0139766 -0.0188665 -0.00079343 -0.0507253 0.249989 -0.0245459 -0.0465992 0.0438611 -0.00142865 0.00340048 -0.00252593 -0.0163088 -0.00436048 -0.0155768 0.000477042 0.0147246 -0.0354291 -0.000286019 0.00710985 0.0285169 0.00758544 0.00371346 0.00546972 -0.0110418 -0.00028023 0.00952056 0.00494428 0.00081417 0.00273092 -0.00657732 -0.00562828 -0.00097317 0.000699236 -0.00716157 -0.000649347 -0.00517314 0.00648551 0.00110586 -0.010379 -0.000997218 0.00470671 0.000482217 -0.00149522 0.0016879 -0.00709283 -0.013381 -0.0075207 0.013238 0.0116151 0.00130883 -0.0257793 0.000333863 0.00254052 -0.0029201 0.0114832 0.00619879 0.00616082 -0.00711286 -0.00437648 -0.0165885 -0.00230948 -0.00364691 -0.00314092 0.0054538 -0.00127612 -0.00347919 -0.00176178 -0.00338626 -0.0143851 -0.0254378 -0.00590175 0.00243494 -0.000476782 0.00435177 -0.0186029 0.0105887 -0.000187275 -0.00295633 -0.000375032 0.00635179 -0.0136652 -8.40872e-05 -0.00318429 -0.00383 0.00197746 
-0.00894173 -0.00450574 0.0222025 0.00472094 0.00214112 -0.000603544 0.00845743 0.0112319 0.0229186 -0.00292879 -0.00282018 -0.0160299 0.0181648 -0.00669624 0.0243841 -0.00459125 -0.00292841 -0.00557272 0.00298867 -0.0245459 0.246874 0.0183039 -0.0095446 -0.00703918 -0.0275219 -0.021976 -0.00566383 -0.00290925 0.0205456 0.0152652 -0.0196367 0.00843029 0.00184912 -0.00945005 -0.0127865 -0.0125665 -0.00430605 -0.000512946 -8.98982e-05 -0.00416397 -0.0050771 0.0185063 5.39639e-06 -0.000857147 -0.00296666 -0.00150858 -0.0027226 0.00143377 -4.72238e-05 -0.00686932 -0.00530573 -0.00376939 0.00131994 0.00741061 -0.00262156 -0.0136641 -0.00317953 0.00359025 -0.00615445 -0.00517659 -0.00465365 0.00269362 -0.00847738 -0.000514858 0.00250003 -0.00283416 -0.00241985 -0.00543377 -0.00509575 -0.000277703 -0.02119 -0.0231696 -0.00736455 -0.00969907 -0.00492634 -0.00177889 -0.000751878 -0.00153683 -0.00469177 -0.00705687 -0.00667623 -0.00569151 -4.97704e-05 0.000739979 -0.00204145 0.00897986 0.00422645 0.00157974 -0.0149176 -0.00129663 -0.0186161 5.49866e-05 -0.00313224 -2.62833e-05 -0.00860795 -0.00196215 -0.0095553 -0.0027079 -0.0165735 0.000460118 
-0.00706706 -0.000476424 0.00492033 1.99165e-05 0.000798545 0.00232054 -0.0122639 0.00303957 0.0227485 -0.0272125 -0.00842688 -0.0160457 0.0154556 -0.0313111 0.00397775 -0.00971506 0.0104369 0.0158614 0.0309169 -0.0465992 0.0183039 0.244673 -0.0306405 -0.0204214 0.0056933 -0.0319889 -0.01088 0.00808386 -0.00846726 -0.00209315 -0.0105423 -0.000942086 0.00547298 -0.0098516 -0.0108562 -0.00993228 -0.00633137 0.00310145 0.00250749 0.000517092 -0.00817816 -0.0102836 0.00239393 -0.0135497 -0.00175993 0.0119324 -0.00613894 -0.00444064 0.00170867 -0.000757432 -0.00229752 -0.00350762 0.000499743 0.0115148 -0.00045431 -0.00814952 -0.00142268 0.00050758 0.00315331 -0.00156146 -0.0036603 -0.00136955 -0.00682177 -0.00896826 0.00684957 -0.0122871 -0.0112116 -0.00466732 -0.00178728 -0.00886239 -0.00501596 0.015936 0.00354114 0.000319861 -0.00409324 -0.000127738 -0.00458994 0.00184663 -0.00553071 0.00372444 -0.00370312 0.00449055 0.000610948 -0.0030055 0.00722318 0.00864667 0.00475064 0.000630116 -0.0113445 0.000990138 -0.0139973 0.00753922 0.000647445 -0.00725345 -0.00559812 -0.0032046 0.00176454 0.00235573 0.00746485 -0.00822458 
0.000915902 -0.00485687 -0.00465146 -0.00365367 0.00337278 -0.000853061 0.0186165 -0.00135517 -0.018672 0.0096952 -8.70819e-05 -7.79871e-05 -0.00139161 0.0405349 0.00953682 0.0373605 -0.0145085 0.0169904 -0.0693894 0.0438611 -0.0095446 -0.0306405 0.240277 0.00779562 -0.0247479 -0.0182459 -0.0317558 0.00104587 -0.0107071 -0.0172654 0.00844064 -0.00522617 -0.00445297 -0.00925614 0.0188654 -0.00708964 0.00621599 0.00363066 -0.0166702 -0.00352154 0.00722459 0.00296961 -0.00250357 -0.000939131 -0.0044521 0.0081159 -0.00117827 -0.00258341 0.00295963 -0.0158432 -0.00547993 -0.00363033 -0.00542698 -0.00690551 -0.000724611 0.00651868 0.000878263 0.00434912 -6.25465e-06 -0.0118434 -0.0200168 -0.00675726 0.0258094 0.00491008 0.0015965 -0.00578534 -0.00152562 0.00225432 -0.000490735 0.0122749 -0.00241656 -0.00221597 -0.00247264 -0.00729494 -0.0105742 -0.00179458 -0.00338964 -0.00735167 0.00383882 -0.00572673 -0.00135089 -0.00544194 -0.00980952 -0.00758213 0.00664906 -0.0103998 0.00755931 -0.00344624 0.00294798 -0.00892035 -0.0100683 -0.00804079 -0.00151719 -0.00569908 -0.00278319 -0.0126008 -0.0128766 -0.00113507 -0.0142412 -0.00414876 
-0.0119802 -0.00516569 0.0414317 -0.000593805 -0.000220577 0.00144673 0.0133119 -0.000584813 -0.0198979 -0.0342051 -0.00522222 0.00511187 0.019653 -0.00267336 -0.0155136 0.0419216 0.0174517 -0.0213291 -0.0484071 -0.00142865 -0.00703918 -0.0204214 0.00779562 0.24793 -0.000601849 -0.0183274 0.0214246 0.00489376 0.0130033 -0.00469224 0.00530475 -0.0168531 -0.0081676 -0.00787172 -0.0128031 0.00110759 -0.00950693 0.00820081 -0.00744537 -0.0025294 -0.0226421 0.0107557 -0.00275143 0.00692246 -0.00701757 -0.0145068 0.00218961 -0.00628991 0.00112045 -0.0214001 0.000877605 0.00474025 0.00610571 -0.0163135 -0.0082601 0.0104661 -0.00293903 0.001714 -0.00672123 0.00480086 0.000146193 -0.00249734 -0.0167528 -0.00169741 -0.000341835 0.00530687 0.0016639 -0.00372834 -0.00111305 -0.0070008 0.01363 0.0181613 -0.00351659 -0.00510292 -0.02165 0.000599289 -0.0013491 -0.00495742 -0.00275522 -0.0051481 -0.0051579 -0.0133112 0.00128391 0.019104 -0.0225662 -0.00488961 -0.0111859 0.000249553 -0.00274802 -0.0191777 -0.012849 -0.00685756 0.00289965 0.000773875 -0.00270888 -0.00168176 0.0154717 0.00174057 -0.00759143 -5.32922e-05 
-0.0081915 -0.00156598 0.00522982 0.00849274 0.00027136 0.00161969 -0.0092248 -0.00228046 -0.0158841 -0.00287433 -0.0147755 0.0132247 -0.00703189 -0.00937124 -0.025852 -0.0220948 -0.0130603 -0.0209844 -0.0205825 0.00340048 -0.0275219 0.0056933 -0.0247479 -0.000601849 0.18741 -0.00421666 0.010034 0.0121408 0.0122695 -0.00540701 0.00863633 0.00139003 -0.00378723 0.00363704 0.0207559 -0.0110931 -0.00557874 -0.0058725 0.00163029 0.00164836 -0.0181063 -0.00615123 0.00182979 -0.00669396 -0.00201404 0.00322054 -0.0026781 0.004247 0.000296087 -0.00488373 -0.00214057 0.00288297 0.00677509 -0.00743026 -0.00173441 5.26936e-05 -0.000626516 -0.00201217 0.0040449 0.00191743 0.00701066 -0.00301043 -0.0137349 -0.000548444 -0.00318297 -0.00868102 -0.00142273 -0.00106268 0.00359545 -0.000739371 -0.0149268 0.00489221 0.00284061 -0.00470496 -0.00435057 -0.000780586 -0.00141372 0.00559493 0.00300942 0.00393132 -0.00159181 -0.0033289 0.00553331 0.0140712 -0.00332717 0.00822184 -0.0191052 0.00188576 0.0226233 -0.0142115 0.00817232 0.00796416 -0.000764677 0.000643446 -0.00948023 -0.000775869 0.00648444 -0.000664074 -0.00203302 0.0016882 
0.0254778 0.00598577 -0.0289235 0.00137506 -0.00380346 -0.00710364 -0.0277726 -0.0191591 -0.00278619 0.0200857 -0.000912157 -0.00203508 -0.0203457 -0.0157495 0.0015828 -0.0112378 -0.00299151 0.00765774 0.00279944 -0.00252593 -0.021976 -0.0319889 -0.0182459 -0.0183274 -0.00421666 0.221725 -0.0174349 -0.0080979 0.00110923 -0.00652838 -0.0106293 0.0151766 0.0029236 0.00185005 -0.00570814 0.00213087 0.000779583 -0.00721539 0.0157174 -0.00119106 0.0188444 -0.011325 -0.000169875 -0.00955702 0.00125469 -0.0152708 0.00101654 -0.00282057 -0.00420542 0.0434835 0.000230104 -0.00237634 -0.00503611 0.00452418 -0.000777641 0.0020622 -0.00108086 -0.00648596 -0.000604805 -0.0013757 -0.0109041 0.00275519 0.00103644 -0.00585547 -0.00113062 0.0146453 0.00690101 -0.000453716 -0.00509659 -0.00927555 0.00822975 -0.00028035 0.00387358 -0.00393643 -0.0159274 -0.00104657 0.00215539 -0.00543639 0.00147491 -0.00659514 0.000414995 -0.00367875 -0.00387406 0.015668 -0.00731044 -0.00649945 0.000113562 -0.00262441 -0.0054456 0.000428281 0.0105315 -0.00884483 -0.00885884 0.00626437 -0.00231675 -0.00358593 -0.00410235 0.000317894 0.00611039 0.00235932 
-0.0120578 -0.00624971 0.00927662 -0.00259743 0.00589162 0.00351301 -0.00433643 0.0150732 -0.00476776 -0.015226 -0.0014084 0.00676349 0.00373676 -0.0272048 -0.00166884 -0.0263003 0.0200412 -0.0194112 0.0232363 -0.0163088 -0.00566383 -0.01088 -0.0317558 0.0214246 0.010034 -0.0174349 0.192137 -0.00357581 -0.00337319 0.00465905 0.00382428 -0.0219361 -0.00343407 -0.0046117 -0.0186366 0.0156174 -0.00578209 0.00316815 -0.0101383 0.00535293 -0.0218473 -0.0123447 6.85411e-05 0.003969 -0.00271036 -0.00281106 0.00175248 -0.00416016 -0.00244359 -0.0146499 0.00197561 -0.00443769 -0.00201484 -0.007174 0.00596001 0.000882769 -0.00178386 -0.00260913 0.00131356 0.0104977 0.0141197 -0.000781663 -0.0141147 -0.00905193 -0.00159917 -0.00202727 -0.00420699 -0.00388316 0.000203025 -0.00218625 0.0217067 -0.016809 0.0012605 0.00543285 0.0011692 0.000444599 0.000298647 -0.000571232 0.00108181 -0.00298197 -0.00390512 -0.00104156 0.00737006 -0.00865074 -0.0156072 -0.00137655 -0.0138012 0.00248445 -0.000675318 -0.0083985 0.000317027 0.00754448 0.00497261 0.00060057 0.000736341 0.0160438 0.00290459 -0.00120784 0.00949226 -0.00172818 
0.0033121 -0.00130536 0.00715991 -0.00439232 0.000476383 -0.000701494 -0.00694865 0.00136814 -0.00484765 -0.00429519 -0.00447469 -0.000315885 -0.00464657 0.0119181 0.000403194 0.00425548 -0.0122586 -0.0239428 -0.00267314 -0.00436048 -0.00290925 0.00808386 0.00104587 0.00489376 0.0121408 -0.0080979 -0.00357581 0.124187 -0.00487366 0.000331307 -0.00230489 0.00714905 -0.00365486 -0.000652437 -0.0117054 -0.00210603 -0.00107134 -0.00137368 0.000797253 0.000746846 -0.00920504 0.0054906 0.00103688 -0.00144339 -0.000646113 0.0115108 -0.00117385 0.000642454 0.00353357 -0.00368136 0.000616709 0.00364485 -0.000591723 -0.00301522 0.0010218 -0.0023963 -0.000110717 -0.000787492 -0.00153091 -0.00224629 -0.000398935 0.000259593 -0.00638268 -0.00102297 0.00227857 0.00173307 0.00146392 -0.00143634 -0.00108895 -0.00123745 -0.00676941 0.0051391 -0.00477767 -0.00285556 -0.00652104 0.000721687 0.000720394 -0.00182576 -0.00123929 0.00424278 -0.00119882 0.00520095 -7.66029e-05 -0.00671366 -0.00449088 0.00802531 -0.00708662 0.0020691 -0.000143351 -0.00890304 -0.0107917 -0.00310478 0.000425039 -0.00127301 -0.00275126 -0.00982643 -0.00273318 0.0012645 -0.00965548 -0.000689431 
-0.000170067 0.00197792 -0.0225737 0.00443105 0.00645966 0.00406256 0.0136802 0.000677863 -0.00163202 -0.00967806 -0.00113059 -0.00871147 0.0054222 0.0028877 -0.00654357 -0.00409784 -0.0148474 0.00652091 -0.0212148 -0.0155768 0.0205456 -0.00846726 -0.0107071 0.0130033 0.0122695 0.00110923 -0.00337319 -0.00487366 0.197777 -0.0102738 -0.0118712 0.00947897 -0.00149927 -0.000544907 -0.0143359 -0.0192883 -0.00101766 -0.00764596 0.0110979 -0.00161127 0.00272319 -0.00692185 -0.00172907 0.00434583 0.000281918 0.00481312 0.00238401 0.00327226 -0.00456492 0.00677058 -0.00395121 -0.0113188 -0.00284416 0.0100667 -0.00457596 0.00592457 -0.00276241 0.00407508 0.00423818 -0.00356111 0.00483345 0.00244548 -0.00952801 -0.00606788 -0.005598 -0.013994 -0.00404262 -0.000677692 -0.00102572 -0.0017527 -0.00432589 -0.0186731 0.000892922 -0.00634018 -0.00112463 -0.000551682 -0.00107283 -0.00164121 -0.00122171 -0.00797635 -8.53622e-05 -0.00982452 -0.00195231 0.00104961 0.00358211 -0.00519799 -0.00321525 -0.0018407 0.00781887 -0.0150466 0.0058399 0.0160095 -0.00440729 -0.00415708 -0.0117939 -0.00316367 -0.00762827 -0.00166914 -0.0036478 0.000390709 
0.00259255 -0.00278182 -0.00110121 -0.00434982 -0.00347511 -0.00165058 -0.00787152 -0.00367397 0.000107605 0.00226901 -0.00314888 -0.00230327 0.0192976 0.0020476 -0.00177514 -0.0165302 0.00511078 -0.0236628 0.0132391 0.000477042 0.0152652 -0.00209315 -0.0172654 -0.00469224 -0.00540701 -0.00652838 0.00465905 0.000331307 -0.0102738 0.129933 -0.000149542 -0.00617001 -0.00465739 0.0039873 -0.00869096 0.00149153 -0.000790746 -0.00218111 -0.00427921 -0.000831098 -0.00201077 0.00124391 -0.000285246 -0.00131058 -0.00198258 -0.000684713 0.000235803 -0.00264751 -0.00437624 0.00367543 -0.000454305 0.008316 0.00212655 0.00235826 -0.00123085 -0.00212844 -0.000816736 -0.000647463 -0.00260879 0.00905592 0.000841333 -2.95464e-05 -0.0126896 -0.00351655 -0.00170375 -0.00412102 -0.00123884 -0.00285849 -0.00107587 0.00304018 -0.00935545 -0.00675272 -0.000510396 0.00125633 -0.00517415 1.84626e-05 0.000708094 -0.00113001 -0.0034361 0.01053 -0.00149726 0.0044671 0.000575606 -0.00496632 -0.00455976 0.00171725 -0.00988554 -0.00157959 -0.00090127 0.00344722 -0.00216797 -0.00506614 5.84488e-05 0.000746327 0.00516092 0.00132394 0.000215115 -0.00256455 -0.00686087 -0.000766321 
-0.00712708 -0.00267414 -0.00733299 -0.00301053 0.0017504 0.000484098 0.00566397 0.00698082 -0.0027303 0.0089006 -0.00298559 0.0183195 -0.00792983 0.000647963 0.00602231 0.00223935 -0.014539 -0.0198776 -0.0215004 0.0147246 -0.0196367 -0.0105423 0.00844064 0.00530475 0.00863633 -0.0106293 0.00382428 -0.00230489 -0.0118712 -0.000149542 0.134698 -0.00613572 -0.00359883 0.00442891 0.0107009 -0.00535988 0.000298885 -0.00194684 -0.00706107 -0.00236204 -3.94551e-05 0.00515329 -4.48804e-05 -0.00312884 -0.00408316 -0.00381612 -0.000757271 0.000857506 -0.000796036 -0.013989 -0.00431349 0.00815669 6.50552e-06 -0.00646997 -0.00160389 -0.00188754 -0.000827994 -8.56455e-05 -0.00111352 -0.00409214 -0.00492272 -0.00359184 0.00811288 0.00346864 -0.00129088 -0.00658782 -0.00103085 -0.000165875 7.81032e-05 0.00724993 0.00714734 0.00816679 -0.00892164 0.0018634 -0.00638765 -0.000803756 -0.000292421 -0.00120594 -0.00144696 9.37179e-05 -0.00235271 0.00159466 -0.00159078 -0.00107361 0.00324294 0.000277437 -0.00508161 -0.00100414 -0.0106109 0.00380886 -0.00481052 -0.00998941 -0.00319208 0.00137364 -0.00663488 -0.00872086 0.00824678 -0.000901567 0.000826242 -0.000825676 
0.0174749 -0.00438867 -0.0179742 0.00288862 0.000932513 -0.00464406 -0.00526537 -0.00551238 -0.000114352 -0.00136264 -0.00267695 -0.011154 -0.000119862 0.0200642 -0.00738893 -0.0137681 -0.0105892 0.0214539 0.0133783 -0.0354291 0.00843029 -0.000942086 -0.00522617 -0.0168531 0.00139003 0.0151766 -0.0219361 0.00714905 0.00947897 -0.00617001 -0.00613572 0.181708 -0.00200915 -0.00251837 -0.00894961 -0.00784765 0.000528216 -0.00567312 -0.000556942 -0.00158849 -0.00391461 -0.0103306 -0.00221784 -0.00590874 0.00483282 0.0073517 0.000729757 0.00326087 0.000854842 0.0146505 0.00151017 -0.0064077 -0.00341856 0.00726875 0.000864811 -0.00134715 0.000498214 -0.00488226 0.000394461 -0.00715103 0.00619184 0.00208219 0.00401022 -0.00401447 0.000360922 0.00554883 0.00327126 0.000347705 0.00161327 -0.00503973 -0.0174765 -0.0155984 -0.00890142 -0.00450315 0.0137919 0.000178181 0.000844128 -0.00250408 -0.0050356 -0.0102035 0.0043385 0.00277349 -0.00273795 0.0111139 0.00331222 0.0044287 -0.0114047 -0.00111322 -0.00245058 -0.00576585 -0.0105075 -0.00510693 -0.00451111 -0.00537598 -0.0039049 -0.00679682 -0.00932973 0.00221233 -0.00812528 -0.00590954 
-0.00611262 0.000926919 -0.00282858 0.000613938 -0.00191816 0.000350075 -0.00289763 -0.00340128 1.62748e-05 0.00101405 -0.00196639 -0.00470499 0.000602066 -0.00490401 -0.00375978 -0.00816296 -0.0011728 -0.000486498 0.00192029 -0.000286019 0.00184912 0.00547298 -0.00445297 -0.0081676 -0.00378723 0.0029236 -0.00343407 -0.00365486 -0.00149927 -0.00465739 -0.00359883 -0.00200915 0.0637804 -0.00100507 0.00439131 -0.00308144 -0.00084013 -0.000585008 -0.00121709 6.14152e-05 0.0032061 -0.00194486 0.0022472 0.0011278 -0.00125674 0.000170602 0.000702101 0.000336479 -0.000357445 -0.00139881 -0.00164403 0.00330486 -0.000384312 0.00171332 0.00305955 -0.00143518 -0.00053123 0.000743508 0.000661423 0.000900209 -0.00229434 0.00011873 -0.00239062 -0.00060995 0.000553885 -0.00139506 -0.000993521 2.36647e-05 -0.000226434 -0.00192411 -0.00234322 9.61049e-05 0.000733338 -0.000933227 -0.00365438 -0.000369726 -0.000741856 -0.000517292 1.77887e-05 -0.001847 0.000318345 -0.00108636 -0.000134963 -0.0025696 -0.00254176 0.00155964 0.00350612 -0.00061925 0.00128154 0.00680196 0.00524357 -0.00285853 -0.00106107 -0.00120992 -0.000279051 0.00374301 -0.00139119 0.00192977 -0.000523844 3.76456e-05 
-0.00119326 0.000118857 -0.00775031 -0.00139679 -0.000816611 -0.000350785 0.000596017 0.00200346 -0.00614636 0.00121335 -0.00217181 0.00252351 -0.00208418 0.00282586 -0.00525678 -0.00774902 -0.00399698 0.00541559 -0.00154705 0.00710985 -0.00945005 -0.0098516 -0.00925614 -0.00787172 0.00363704 0.00185005 -0.0046117 -0.000652437 -0.000544907 0.0039873 0.00442891 -0.00251837 -0.00100507 0.0847443 -0.00291811 -0.000233098 0.000839105 -0.00149332 7.02973e-06 0.00137086 -0.00599749 0.00661863 0.00125255 -0.00108229 0.00175687 0.00200855 -0.00116385 0.00367974 -0.00147188 -0.00159325 -0.000173437 -0.000370604 -0.000307033 -0.0050598 0.00143682 0.00193436 0.000452151 -0.00216244 -0.00026015 0.00409525 -0.00442433 -0.000178488 -0.00186105 0.00030833 -0.00115126 -0.00763928 -0.001552 0.00145936 0.000131963 0.00060146 -0.00292219 -0.00133611 0.00356068 -0.000893796 0.000867748 -0.00042381 -0.000262731 -0.000431682 -0.000807018 0.000162665 -0.00112331 0.00160968 -0.00117739 -0.00631923 -0.00492406 -0.00200919 -0.000620345 0.0030549 0.000776236 -0.0041423 -0.00176273 -0.00280604 -0.00225485 0.00303736 0.00104047 -0.00299052 0.00950653 -0.00250064 -0.0037041 -0.00129619 
