0.0856717 -0.00123299 -0.00425954 -0.00123682 0.00327625 -0.00147745 -0.00315958 -0.000720478 -0.00268216 -2.32784e-05 -0.00581302 -0.00351754 -0.00194913 0.0165148 -0.000181984 0.00242312 0.000771231 0.00088418 -0.00956555 0.00178847 -0.00204175 0.00332291 -0.0103501 0.000130365 -0.00883917 -0.0053216 0.00592985 -0.00429281 0.00269674 -0.000171912 -0.000464828 0.000571803 0.00363557 -0.00766133 -8.77594e-06 -0.00228307 0.00183602 -0.00127942 -0.00401831 -0.000378127 -1.84814e-07 0.00242328 -0.000886491 -0.0011516 -3.00065e-05 0.00345479 0.00573292 -0.000540616 0.00141858 0.00107738 0.000194772 0.000529305 -0.000666197 -2.16103e-05 -0.00520323 -0.00694245 -0.000693946 -0.00161096 0.000175756 -0.0040568 -0.000613148 -0.000793407 -0.00951401 -0.000273977 -0.00233977 0.00793355 -0.00316562 1.25255e-05 -0.00551576 -0.00255271 -0.00156362 -0.00833016 0.000132467 -0.00043547 -0.00148112 -0.000141099 0.00148594 -0.000878558 -0.00312715 -0.0019931 -0.000541559 -9.42727e-05 -0.00177458 -0.000258119 0.0022579 -0.000216188 0.00309059 -0.000174311 -0.00482502 0.000120575 0.000437681 5.01846e-05 0.00105597 -0.00131213 -0.000173899 -0.000758282 0.00297145 -0.00178005 -0.00273145 -0.00191536 
-0.00123299 0.0303581 -0.00321779 0.000332382 -0.000592456 -0.000931098 0.00155922 -0.000248659 -4.1818e-05 -0.00141211 0.00202199 0.00223713 -0.00297552 2.34199e-05 0.00283592 0.00127799 -0.00443068 -0.00287579 -0.00389782 0.000885884 -0.00104837 -0.00406372 -0.00133151 0.00362438 0.000421291 -0.00566624 -0.00244241 0.00115958 -0.00197508 -0.000724468 -0.000164399 -0.000429441 0.00162698 -0.00351469 0.000571509 -0.00133184 -0.000220826 0.000227084 8.36572e-06 -0.000530148 0.000566214 -8.614e-05 -0.000687613 0.000350712 -0.000242731 -0.000427018 -0.00284099 0.00022045 -0.00051734 3.67992e-05 -0.00114609 -0.000407345 0.000676088 -0.000193294 -0.000658933 -0.00035154 0.000252401 0.000664582 -0.000333878 -0.00153519 -0.000481727 -0.000363638 0.000654322 -0.000168645 -0.000894599 -0.000183117 0.000154494 0.000432828 -0.00033034 0.000229923 0.00125018 -0.000220535 -0.000157246 -0.000748275 0.000307858 0.000318524 -0.00077725 -0.000242166 -0.000709131 0.000857908 0.00267956 0.000171315 0.00135545 -0.000311837 -0.00048968 -0.00048575 -0.00155025 -0.000971281 -0.000956097 -0.000691005 0.00154719 -0.000263295 -0.000520525 0.00140939 0.00111933 0.000468992 0.00236562 -0.000406093 0.000516257 -0.00112711 
-0.00425954 -0.00321779 0.156114 -0.000962489 0.00399862 0.012918 -0.0046786 -0.00100211 0.00391472 -0.0228686 0.015811 0.00654183 0.0168692 -0.0175269 -0.0115961 -0.00404425 -0.00139059 0.026516 0.023904 -0.00589502 -0.00652177 -0.0211341 -0.00154448 -0.0308725 0.00923438 0.00206474 -0.00457102 -0.00128275 -0.00673205 0.00976192 0.0031343 -0.00764745 -0.0124134 -0.0103145 5.59606e-05 -0.00364248 -0.00640428 0.00168522 0.000381989 0.00257214 -0.00021876 0.00197401 0.00146421 -0.00137079 -0.00482675 0.00613668 0.0104598 -0.00042014 -0.00298702 -0.00466163 0.000276754 0.00119399 -0.00151785 -0.00231841 -0.00093937 -0.00315435 0.000243697 -0.000811238 0.00110628 -0.00157522 0.00370387 0.00322661 -0.0151602 0.00254447 -0.00414739 -0.00404827 0.0053123 -0.000946061 -0.0132496 -0.000498807 -0.00379125 -0.00675498 -0.00249277 -0.00208914 0.00524338 -0.00112355 -0.00882567 -0.00135939 -0.000910888 -0.00804575 -0.000976183 -0.00103679 -0.00407739 -0.0016882 -0.00904315 -0.0018452 -0.00834189 0.000577607 0.0102639 -0.000670012 -0.0101554 0.000979779 -0.00109132 -0.00302171 -0.000235367 -0.000823169 -0.00609887 -0.00304107 -0.00591704 -0.00335425 
-0.00123682 0.000332382 -0.000962489 0.0431232 0.00113837 -0.00251704 -0.000946022 0.00109062 0.00214666 -0.00553343 -0.00291766 0.00159178 -0.000981011 -0.00197271 -0.00303144 -0.00817969 0.00166897 -0.00554116 -0.00129921 0.00154101 -0.00650615 -0.00350099 -0.00397363 0.00322111 -0.00396405 -0.00153274 -0.0031891 -0.00171954 0.00116691 0.000409169 -0.000484158 0.000714197 -0.00228513 -0.00409806 -0.000244292 0.00152118 -0.000527793 0.000768389 0.000167182 0.000696278 -0.000411988 0.000521127 0.000474637 -0.000202691 -0.000356807 -0.000582383 0.00117304 -0.000180445 -0.000542892 0.0035882 0.00130792 2.5004e-06 0.00193073 -0.000471213 0.00155835 0.00589904 0.000780792 -0.000591781 0.00320939 0.00271373 -0.000401897 0.00122882 -0.00159098 -0.00178072 0.00132681 -0.00214812 -0.00111811 0.000445265 -0.00282296 -8.57643e-05 0.000774171 -0.00447458 -0.000218739 9.54283e-05 -0.000860672 -0.00164491 0.000574138 -0.000265424 -1.64484e-06 0.00146034 0.00223802 -0.000254364 -0.00142441 0.000170166 -0.000773281 0.000729137 0.00342358 -0.000175086 0.000834232 -0.00118086 0.000132366 -0.000447403 -0.00123743 -0.000357071 4.303e-05 0.000258083 -0.0012756 0.000279348 -0.00201654 -0.00142875 
0.00327625 -0.000592456 0.00399862 0.00113837 0.0777732 -0.000579345 0.000210669 -8.60621e-05 -0.00180897 -0.00164911 -0.00699122 -0.00146736 -0.00501256 0.000420208 -0.00389244 0.00999131 0.00869816 -0.00147051 -0.00830789 -0.00539127 -0.0061105 -0.0147729 -0.00263061 0.00231574 -0.0135892 -0.00847662 0.0137869 -0.00154543 -0.00162025 -0.00114274 0.000363218 0.000232966 -0.0012625 -0.0027224 0.000639222 0.0015993 -0.00189302 -0.00233444 -0.000355378 0.000727036 0.00114144 -0.000213763 -0.00253069 -0.000988686 -0.00362007 -0.00256416 -0.00334592 0.000529462 0.00643505 -0.00475374 -0.000893708 -0.00267825 -0.00108234 -0.000165456 -0.000642508 0.00261741 -0.00193396 0.000837902 0.0041987 -0.00135686 0.000146436 -0.000353822 -0.00232303 -0.00529503 0.000730462 0.0033248 0.000803854 0.000773834 -0.0049053 0.000453609 -0.000879531 -0.00603251 -0.00110916 -0.000303371 0.000562101 -0.00024962 0.00034082 -0.000243702 -0.00039453 -0.00405629 0.00201956 -0.000298213 -0.00251371 -0.000432215 -0.00162033 -0.00110232 0.00139483 0.00183463 -0.00267886 -0.002028 -0.000661216 0.000419895 0.000834871 4.45186e-05 -7.75989e-05 -0.000141713 0.00267102 0.00132065 0.00247734 -0.000908998 
-0.00147745 -0.000931098 0.012918 -0.00251704 -0.000579345 0.103082 -0.00416881 0.000557729 -0.000445021 -0.00974724 -0.00342904 0.00338023 0.0150273 0.0116012 0.00176531 -0.00531688 0.00724394 0.00526723 -0.0082478 -0.00733019 0.00242289 -0.000615705 0.00999082 -0.0192281 0.00576946 -0.00518935 0.0144459 -0.00282277 -0.00469716 -0.00147408 0.000175428 -0.00703719 -0.00643194 -0.00723981 -0.00189601 -0.00238849 -0.00239581 0.00145089 0.00441412 -0.00113266 -0.00228785 -0.000659076 -0.00284851 -0.00137602 0.000503413 0.0012081 -0.0069093 -0.00102939 -0.000430375 -0.00519515 -0.00319386 0.000377638 -0.000295727 -0.00433486 -0.00397207 -0.00413483 -0.00208241 -0.00149865 0.0024874 -0.00413228 -0.00167195 -0.0014198 -0.0121482 -0.000255584 -0.00389057 0.00455819 0.00108802 -9.4411e-05 -0.00141768 0.000962914 -0.000445867 -0.00125603 -0.00101967 -0.000661375 -0.00148875 -0.00298708 -0.00113091 -0.000696899 -0.00289959 0.00206974 -0.00851369 0.000843479 -0.00268542 -0.000564153 0.00209708 0.00146883 -0.0020465 0.000515027 0.00232582 -0.000462824 -0.00615236 -0.00122804 -0.00279358 -0.00305984 -0.000331665 -7.71514e-05 -0.00111999 -0.00219419 -0.00479154 0.000606641 
-0.00315958 0.00155922 -0.0046786 -0.000946022 0.000210669 -0.00416881 0.0682616 0.00106192 -0.000229671 -0.0100657 0.000398391 0.000234909 -0.00641181 -0.000561829 -0.00584367 -0.00330126 -0.0134241 -0.00351727 -0.00110319 -0.00234386 0.0114004 -0.00311359 0.00085822 0.00591937 -0.00104717 0.00226873 -0.00719903 0.00119941 0.00207007 -0.00137443 0.00108995 0.00859913 -0.00668411 -0.00825841 -0.000441943 -0.00315409 -0.000609631 -0.0023013 -0.00186363 -0.000215179 0.000275056 -0.0018489 0.000879615 -0.00105574 0.00131437 -0.00372226 -0.00455692 0.000215772 -0.00292759 -0.0002434 -0.00361975 -0.000117476 -6.29915e-05 0.00323239 -0.000731683 -0.00162202 0.000615885 -0.000478966 -0.00289587 -0.00260066 0.000396734 -0.000611421 0.000535648 -0.0032739 0.0003873 -0.00365756 -0.000832989 0.000112601 0.00488801 -0.00133117 0.000465417 0.0105291 0.000877013 -0.0011167 0.00262956 -0.000112452 -0.00064321 -0.000545393 0.00247828 0.00296684 -0.000147468 -0.000331385 -0.000189016 -0.000539131 -0.00116277 -0.00182667 -0.00490451 0.00370995 8.13109e-05 -0.000448913 -0.00260414 -0.000969913 -0.000445769 0.000511414 0.000753932 0.000147038 0.000718415 0.000185512 0.00273384 0.00142349 
-0.000720478 -0.000248659 -0.00100211 0.00109062 -8.60621e-05 0.000557729 0.00106192 0.0302544 0.00181562 -0.00179487 -0.00138338 0.00162591 0.000866706 0.00284678 -0.00109012 -0.00399233 -0.000748153 -0.00139769 -0.00315143 -0.00106362 -0.0031278 -0.00239423 -0.0020663 -0.00296336 -0.00098659 -0.00657913 -0.00396298 -0.000555363 0.000415421 0.00200697 -0.000232546 -0.000122931 7.78914e-05 -0.00311742 -5.03838e-06 0.000851888 0.000276062 0.000918301 -0.00112939 0.000148664 -0.000495823 0.000176007 -0.00110541 -0.000435274 -0.0035562 0.000554912 -0.00308644 0.000303004 0.000430971 0.00236125 -0.00194076 -0.000156822 -0.000908213 -0.000823262 0.00236749 0.00169912 0.00157661 0.000226323 0.00218975 -0.000256619 -0.000675335 0.000957335 -0.00252427 -1.93148e-05 -0.00114531 -0.000719389 -0.000676654 -6.93335e-06 -0.00237289 0.00156171 -0.000367633 -0.00125242 0.00010832 -0.000244615 0.000812535 -0.000758848 -9.10443e-05 0.000740813 0.000330465 0.00419433 0.00179623 0.000105101 -0.000423317 0.000186351 0.00065599 -0.000642064 0.000359376 0.00023037 0.000104693 -0.000403833 -0.000493338 0.000427205 0.000132654 0.00140542 0.00014342 3.43389e-05 -0.000117605 -0.000177676 -0.000110046 -0.00107761 
-0.00268216 -4.1818e-05 0.00391472 0.00214666 -0.00180897 -0.000445021 -0.000229671 0.00181562 0.104703 0.00298854 -0.00365078 -0.000448097 0.0073552 0.000228293 0.0127442 -0.00798603 -0.0143713 0.00557986 -0.00204278 -0.0133935 -0.00454408 0.00210177 -0.0015466 -0.0117125 0.00694311 0.0124575 -0.0154306 0.00128024 0.00289106 0.00213365 0.00265972 -0.0040689 -0.00644447 -0.00566113 -0.00180468 -0.00198539 0.000272139 -0.0030068 -0.00428286 -0.00245647 -0.00255165 0.00182889 -0.000134904 0.000628033 -0.00993978 -0.00160523 -0.00476417 0.00062338 -0.00548574 0.00267773 0.00657617 -0.00368222 -0.000226392 0.000123296 -0.00077259 -0.0065136 -0.000544356 0.000777474 0.00122096 0.000381676 -0.00222995 0.00168275 -0.00155652 -0.00266228 -0.00326868 -0.0124812 -0.00157006 -0.00112496 -0.00574336 -0.00029584 -0.00144362 0.00727545 0.000161481 -7.07171e-06 -0.00113935 0.000526137 0.00132219 -0.00157907 -0.00253022 0.000733676 0.00783361 -0.000880357 -0.00245081 -0.000297663 -0.00357799 -0.000883974 -0.0129197 0.00369628 -0.00401804 -0.00198113 0.00238001 -0.00135007 0.0018736 -0.000914032 -0.000583249 -0.000630326 -0.00167564 0.00234822 0.00260283 -0.00342854 
-2.32784e-05 -0.00141211 -0.0228686 -0.00553343 -0.00164911 -0.00974724 -0.0100657 -0.00179487 0.00298854 0.233314 -0.0286996 -0.0163577 0.00931758 -0.00565509 0.0199472 0.00688245 0.0177396 0.00337619 -0.022718 0.0108923 -0.012416 0.0137895 0.0264229 0.0226233 -0.0221533 0.00860357 -0.02405 -0.0087455 -0.00801826 -0.0144682 -0.0101647 -0.00659913 0.0244695 -0.00585305 -0.00683616 0.00549122 -0.00034117 -0.00444695 0.00491567 -0.00310228 -0.00375305 -0.000788303 -0.0045263 -0.00166104 0.000506568 -0.0058397 -0.00102299 -0.00254564 -0.00594511 -0.00736615 -0.0120393 0.00392166 0.000971671 -0.00901737 -0.0104617 0.014167 -0.00489308 -0.00132251 -0.0210473 -0.00251643 -0.000175252 -0.0103924 -0.00929435 0.0113536 -0.0102757 0.0133622 -0.0043289 -0.00300907 -0.0188414 -0.00751556 -0.00392753 0.0148901 0.00139829 -0.00385023 -0.00842785 0.00426365 0.00957178 0.000321667 -0.0118317 -0.00185155 -0.00215623 -0.0010009 -0.00369055 0.000813879 -0.0156495 -0.00202806 -0.0114264 -0.018518 -0.0136376 0.00580404 0.0146652 -0.00163455 0.001508 0.00419429 -0.00201994 -6.35263e-05 0.00464728 0.00068031 -0.0106835 0.00688049 
-0.00581302 0.00202199 0.015811 -0.00291766 -0.00699122 -0.00342904 0.000398391 -0.00138338 -0.00365078 -0.0286996 0.161369 -0.00138061 0.0030673 -0.00491226 -0.0201709 -0.00268582 -0.0304006 0.00692626 0.000860548 0.00949127 -0.00278191 0.0021881 0.00723831 -0.0147771 -0.00422157 0.00830491 0.00262042 -0.00276678 -0.0065266 -0.011384 -0.00223762 -0.00261612 0.00490892 -0.00185123 0.00128432 -0.00322306 -0.00272686 -0.001269 -0.00586229 4.16236e-05 0.000377192 -0.00508107 -0.00746724 -0.00056188 -0.0187383 -0.000358295 0.0177897 0.00174141 -0.00346173 -0.00818865 -0.00917641 -0.00275375 -0.00486807 -0.00505568 -0.00370006 -0.0196421 -0.00307971 -0.00133087 -0.003016 0.00844699 0.00134521 0.000505488 -0.013095 0.008502 0.00220552 -0.0113994 0.00821266 0.000377577 -0.00837545 0.0056882 -0.00022023 0.00312402 -0.000183741 0.00107616 -0.00236158 -0.00160014 -0.0118597 -0.00291747 0.00407965 0.000211956 0.00552207 -0.000255516 0.00219592 0.0010122 0.00110681 0.00210829 0.00154992 0.0161677 0.0163194 0.000901198 -0.00188908 0.000480637 0.00103574 -0.00256144 0.000765382 -0.0007589 -0.000871468 -0.00278735 -0.00366743 -0.00341882 
-0.00351754 0.00223713 0.00654183 0.00159178 -0.00146736 0.00338023 0.000234909 0.00162591 -0.000448097 -0.0163577 -0.00138061 0.0818613 0.000363771 0.000260311 0.0139777 -0.00875572 -0.00707662 -0.0160194 -0.00899074 -0.00828177 0.00367778 -0.0021256 0.0055891 -0.0106193 -0.0052519 -0.00610383 0.00202177 0.00543648 0.00194997 0.00215198 0.000705337 -0.00372078 -0.0122437 -0.00436241 0.00405545 -0.0015874 -0.000806364 -0.00203897 7.64511e-05 0.00186304 -0.000335297 0.00215624 0.000334579 -0.000120409 -0.00509777 -0.00011408 -0.00685957 7.17965e-05 -0.00269913 0.00208542 0.000511194 -0.000531463 -2.48685e-05 -0.00286998 0.0044325 0.00343244 -0.00257209 0.00160675 0.00649521 -0.00367519 -0.000737732 0.00144907 0.00533649 -0.00774455 -0.000571007 -0.00675325 0.00121892 -0.000443113 0.00587576 0.00493211 0.0019605 -0.00317759 -0.000685916 0.000861274 0.0041599 -0.00248184 -0.00286691 0.000352296 -0.00183906 0.000878191 0.00496209 0.00046702 0.000564252 0.000851266 0.00344841 0.000808428 -0.00751157 -0.00193842 -0.00104297 -0.00215143 -0.00252838 -0.000138761 -0.00246983 -0.00350633 -0.000147658 -0.000770304 -0.00323237 -0.000105933 0.00224425 -0.00219804 
-0.00194913 -0.00297552 0.0168692 -0.000981011 -0.00501256 0.0150273 -0.00641181 0.000866706 0.0073552 0.00931758 0.0030673 0.000363771 0.153298 -0.00196506 -0.00252645 -0.00953572 0.0116057 0.0134304 -0.0106938 -0.00669222 -0.00967578 0.00718269 0.0114799 -0.0289039 0.0190673 0.0084429 -0.0194225 0.000798725 -0.0040999 0.00567024 0.000653861 -0.0115787 -0.0190583 -0.00911122 -0.00461692 -0.00475916 -0.00261559 -0.00331949 -0.00195477 0.000597021 -0.0032761 -0.000685286 0.00107197 -0.000364174 -0.0189972 -0.00106536 -0.0239731 -0.000302028 -0.00235046 0.00769625 -0.00412027 0.00291718 -0.00164243 -0.00334378 -0.00235895 -0.0117287 -6.84628e-05 0.000805368 -0.00387579 -0.00195853 0.000882296 -0.00201764 -0.0133737 0.0150033 -0.00339543 -0.0118485 -0.00297442 -0.00124178 -0.0209346 -0.00363953 0.00130224 0.01662 -0.00100805 0.00117884 0.0035234 -0.00353463 -0.00213016 -4.06483e-05 0.00179138 -0.00200652 0.000363638 0.000712361 -0.00197015 0.000953013 0.000316787 -0.000686717 -0.0077653 -0.00229929 0.00104281 0.00381975 -0.00195456 -0.00117221 -0.00196162 -0.000673565 -0.000804421 -0.000300041 -0.00649609 0.000403522 -0.0072604 0.00396206 
0.0165148 2.34199e-05 -0.0175269 -0.00197271 0.000420208 0.0116012 -0.000561829 0.00284678 0.000228293 -0.00565509 -0.00491226 0.000260311 -0.00196506 0.201111 0.0122603 0.0351304 0.0273063 -0.0219747 -0.0537429 0.016867 -0.022616 -0.00585669 0.0224671 0.00533327 -0.0197779 -0.0426 0.0314545 -0.00133234 -0.00311328 -0.0227379 -0.000467394 0.0023197 -0.0248044 -0.00920283 -0.000333241 -0.0110882 -0.00290934 -0.00821266 -0.00375416 -0.0024188 0.00142124 -0.00316261 -0.000940914 -0.00371622 -0.012336 0.00581407 -0.00383981 -0.00110865 0.000721265 0.00130456 -0.00716793 -0.00340893 -0.00457929 0.00191416 -0.0146711 -0.00979453 -0.00303488 -0.00370451 0.0145157 -0.0118599 -0.0032137 0.00129387 -0.0313274 0.0149055 -0.00840183 0.0175816 -0.00820345 -0.00228552 -0.00862786 -0.00618006 -0.00425214 -0.0103001 0.000741972 -0.00341522 -0.0079071 0.00839025 -0.0119771 -0.000976986 0.00114935 0.0102699 0.0171655 0.000525812 0.00319789 0.000731079 0.0133524 0.00504405 -0.00561584 0.0190065 -0.0100776 -0.00607506 -0.00366612 -0.00330887 -0.00777617 -0.00682393 -0.000188258 -0.00118057 -0.00268157 -0.000489382 -0.00306911 0.0056913 
-0.000181984 0.00283592 -0.0115961 -0.00303144 -0.00389244 0.00176531 -0.00584367 -0.00109012 0.0127442 0.0199472 -0.0201709 0.0139777 -0.00252645 0.0122603 0.25 -0.00509607 -0.00614284 -0.0524557 -0.0258388 -0.00969069 -0.0184868 0.0334397 0.0251208 0.0120053 -0.0245452 0.0105672 0.00819581 0.0109795 -0.00602521 0.000668477 -0.000510999 -0.00117792 -0.0095765 -0.000830562 -0.00182083 -0.0144493 -0.000409124 -0.00885007 0.0081593 0.00254674 -0.00794417 -0.00327401 -0.00325396 -0.000806795 -0.0260784 -0.00919411 -0.00727164 0.000126757 -0.00644735 0.00489386 0.0110281 -0.0131251 0.00231499 -0.00575521 -0.0113623 -0.00832005 -0.00727299 0.00192369 -0.0139297 -0.0137078 -0.00928529 0.00224676 0.0221016 -0.0155159 -0.000457342 -0.0120395 -0.00529523 -0.00226301 0.0186645 -0.00262059 0.000178641 0.0060997 -0.00402504 0.00163374 -0.0167926 0.0121039 -0.0065074 0.000706565 -0.0189889 -0.00031032 0.0439349 -0.00125063 -0.00504734 -0.00196182 0.000350462 0.000753001 -0.033918 0.00239492 -0.0214971 -0.00342752 7.44974e-05 -0.000683791 -0.00638985 -0.0151769 -0.000748433 -0.00218147 0.00204225 0.000799005 0.00438753 -0.00560579 
0.00242312 0.00127799 -0.00404425 -0.00817969 0.00999131 -0.00531688 -0.00330126 -0.00399233 -0.00798603 0.00688245 -0.00268582 -0.00875572 -0.00953572 0.0351304 -0.00509607 0.237988 0.0320168 0.00150498 -0.0380731 0.0284001 -0.0355387 -0.0236733 0.0121258 0.0167101 -0.0203457 -0.0491153 0.0364308 0.00462206 -0.00600522 -0.0090388 -0.00186705 -0.00774206 -0.00556397 -0.00472442 -0.00189048 -0.0091055 -0.00437581 -0.00143925 -0.002173 -0.00628681 0.000579175 -0.00293663 -0.00446604 -0.000988645 -0.00814276 -0.00570378 -0.00273157 -0.00125728 0.00529521 -0.0149633 -0.0102664 0.00303545 -0.00342112 -0.00675037 -0.00688945 -0.00696815 -0.0136754 0.00508291 -0.00672525 -0.00616234 0.00306078 -0.00256525 -0.026956 0.020653 -0.0113219 0.0320124 -0.00754833 -0.000923227 -0.00616359 -0.00313397 -4.04546e-05 -0.018827 0.00136815 -0.00822454 0.00580558 0.013816 -0.0078698 0.00231035 0.00594344 -0.00990662 -0.000425415 -0.00164989 0.00253102 -0.00160593 0.0016184 -0.00396541 -0.00252179 -0.0103271 0.00527121 -4.44241e-05 -0.00269736 0.000536806 -0.00672453 -0.0055003 -0.00111571 -0.00377439 0.00337687 -0.000649967 -0.00748592 0.00206893 
0.000771231 -0.00443068 -0.00139059 0.00166897 0.00869816 0.00724394 -0.0134241 -0.000748153 -0.0143713 0.0177396 -0.0304006 -0.00707662 0.0116057 0.0273063 -0.00614284 0.0320168 0.243026 -0.0145221 -0.0418597 0.0184909 -0.0444605 0.0077358 0.022957 0.00206517 -0.0292429 -0.0570827 0.0279898 -0.0110402 -0.0070119 -0.00776834 -0.00289908 -0.00971424 -0.00563315 -0.00866288 -0.00230796 -0.0144471 -0.012726 -0.000674513 0.0109419 0.00276493 -0.0014542 0.000636371 -0.010361 -0.00114609 0.0107646 0.000921715 0.00143371 -0.0026015 0.0127862 -0.00426259 -0.00640258 -0.00703961 6.27345e-05 -0.00666248 -0.00171734 0.0229614 -0.013964 -0.000595993 0.017079 -0.0130835 0.00383313 0.00491216 -0.0307942 0.012051 -0.00754077 0.0287106 -0.0155482 -0.00344169 -0.0244079 -0.00781582 -0.00383397 -0.0233183 -0.00428706 -0.00687822 0.00116725 -0.00728082 0.00448172 0.00489412 0.00298073 0.00735222 -0.00295688 0.00148838 -0.00987929 0.00111561 -0.00932558 -0.010195 0.0237571 0.00337712 -0.0103624 0.00493911 0.00381213 -0.000201539 -0.00988318 -0.00629882 3.97929e-05 -0.000524833 -0.00600315 0.00244043 -0.0092383 0.00632454 
0.00088418 -0.00287579 0.026516 -0.00554116 -0.00147051 0.00526723 -0.00351727 -0.00139769 0.00557986 0.00337619 0.00692626 -0.0160194 0.0134304 -0.0219747 -0.0524557 0.00150498 -0.0145221 0.248931 0.0412057 -0.00357152 0.0118371 -0.0316783 -0.0295397 -0.0357779 0.0227839 -0.0137751 -0.0437647 -0.0068783 -0.00808763 -0.00175506 -0.00221927 -0.0219737 0.0246349 0.00351594 -0.0031915 0.00918989 0.00317278 0.00801064 -0.0047553 -0.00710354 0.00620131 0.000370295 0.00833804 0.00034762 0.01065 0.00609256 0.0103288 -0.000852423 -0.00735448 0.00498835 -0.00837763 -0.00107416 -0.00361397 0.00273 0.00174163 -0.0161435 0.00357822 -0.00154876 -0.00168656 0.00880753 0.00259749 0.00231561 -0.0363693 0.0229428 0.00242763 0.0100782 0.0135376 -0.00219929 -0.034263 0.0016185 -0.00197228 0.0118281 -0.00278042 0.000234507 -0.00268244 -0.0140306 -0.00884673 -0.00102266 0.00143585 -0.011333 -0.0373446 -0.000184197 -4.00105e-05 5.10547e-05 -0.00505353 -0.00802581 0.00985584 -0.00988409 0.00824939 0.00163949 -0.0143398 0.0011056 0.0127792 0.0101994 -0.00198137 -0.000702435 -0.00594896 -0.00772549 -0.0184486 -0.0141618 
-0.00956555 -0.00389782 0.023904 -0.00129921 -0.00830789 -0.0082478 -0.00110319 -0.00315143 -0.00204278 -0.022718 0.000860548 -0.00899074 -0.0106938 -0.0537429 -0.0258388 -0.0380731 -0.0418597 0.0412057 0.241661 -0.021925 0.00411514 -0.0286055 -0.0405495 -0.019015 0.00277594 0.0323548 -0.0312578 -0.0037568 0.00249046 0.0129613 0.0071899 -0.00209086 -0.00296277 -0.00559547 -0.00248812 0.00167296 -0.000563398 -0.00227437 -0.0162142 0.000155152 0.00112318 -0.00262128 0.0122209 0.00201621 0.0156798 0.0026429 0.00695136 -0.000529977 -0.00447044 0.00548926 0.0131273 0.00190609 0.00103265 0.0124695 0.0103188 -0.00740574 0.00660431 -0.00286178 -0.0145016 0.016297 0.00487916 0.00238915 0.0256747 -0.00135534 0.00165056 -0.0150231 0.0181069 0.00196528 0.0103133 -0.00137027 -0.00242765 -0.0120164 -0.000449198 0.00458855 0.00833331 -0.00832786 0.00548904 -0.00591418 0.000535981 -0.0144643 -0.0140335 0.000215486 -0.00259903 -0.00181105 -0.00741788 -0.00493794 -0.00754178 -0.000528899 0.0018124 0.000878168 -0.0154149 0.00128594 0.0110732 0.00572567 -0.000235061 -0.000443679 -0.0041464 -0.00264144 0.000777517 -0.0125988 
0.00178847 0.000885884 -0.00589502 0.00154101 -0.00539127 -0.00733019 -0.00234386 -0.00106362 -0.0133935 0.0108923 0.00949127 -0.00828177 -0.00669222 0.016867 -0.00969069 0.0284001 0.0184909 -0.00357152 -0.021925 0.183953 -0.0167647 -0.0209948 0.0032056 0.0123186 -0.0098096 -0.0245531 0.0122306 -0.00881101 -0.00288069 -0.0141177 -0.00778992 -0.00612617 0.0114062 -0.00328945 0.000698012 -0.00999339 -0.00474269 -0.00123193 0.000490072 -0.0041607 0.000417479 0.00121144 -0.00629677 -0.00431835 0.0185264 0.0092192 0.0124686 -0.000955978 -0.000826519 0.000771318 -0.0119861 -0.00280937 -0.00436998 -0.00421822 -0.00547983 0.00192034 0.000553063 -0.00491888 0.00092676 -0.00624658 0.00145373 -0.00237777 -0.0258285 0.0105018 -0.00982383 0.0127948 -0.0140102 -0.0031051 -0.00743917 -0.00275565 -0.00240234 -0.0159573 -5.17175e-05 -0.0150883 -0.00619905 0.000737385 0.00187021 -0.00148301 -6.26023e-05 0.00662497 0.00912531 -0.0011958 -0.000861521 -0.00344603 0.00584354 -0.00400193 0.0101346 0.00886782 -0.00342413 -0.00164623 -0.00626442 0.000979856 -0.00802685 -0.000281035 -0.00146247 -0.00283669 -0.00283389 -0.0035495 -0.0140774 0.00615561 
-0.00204175 -0.00104837 -0.00652177 -0.00650615 -0.0061105 0.00242289 0.0114004 -0.0031278 -0.00454408 -0.012416 -0.00278191 0.00367778 -0.00967578 -0.022616 -0.0184868 -0.0355387 -0.0444605 0.0118371 0.00411514 -0.0167647 0.218526 0.0094025 -0.0189853 -0.0244833 0.042966 0.038697 -0.0219138 0.0121801 0.00549707 -0.00124977 0.00133612 0.00936184 0.00222695 -0.0162322 -0.00171671 0.00472835 0.00772885 -0.00171984 -0.00996274 -0.00240168 0.00221198 -0.00245091 0.00257515 -0.00162904 -0.0110678 0.00354982 -0.0204345 -0.000254583 -0.0103718 -0.00899733 -0.00795623 -0.00205847 0.00326178 0.00893834 0.00984952 -0.0162648 0.00925592 -0.00290877 -0.00327671 -0.00161455 -0.000666025 -0.00404104 -0.00187243 -0.0250067 -0.000242035 -0.0149363 0.0134025 0.000603646 0.0043654 0.00181031 0.00231111 0.0222851 0.00274299 0.00476065 0.0140896 -0.00393645 -0.00227052 -0.00270256 -0.00163859 -0.00950895 -0.0346843 -0.000342303 0.00658871 0.000875839 -0.00787353 0.00090059 -0.00584058 -0.0167742 -0.00623862 -0.00135326 0.0037386 -0.00415901 0.0085821 0.00328228 -0.000674408 -0.00100041 0.00381395 -0.00403439 0.00757544 0.00291306 
0.00332291 -0.00406372 -0.0211341 -0.00350099 -0.0147729 -0.000615705 -0.00311359 -0.00239423 0.00210177 0.0137895 0.0021881 -0.0021256 0.00718269 -0.00585669 0.0334397 -0.0236733 0.0077358 -0.0316783 -0.0286055 -0.0209948 0.0094025 0.246752 0.0153806 0.0227328 -0.000293128 0.0205189 -0.00744896 -0.0140699 -0.00193525 9.39119e-05 -0.0073176 0.00671434 -0.00931227 0.0307663 -0.00524952 -0.0111108 -0.00670611 -0.00889842 -0.00351054 -0.0028037 -0.00974963 -0.00117414 -0.00330504 -0.000707602 -0.0184422 -0.00418881 0.0017154 -0.00224378 -0.00680012 0.00205956 0.00077854 -0.000788124 -0.000135393 -0.00366766 -0.00604063 -0.0108799 -0.0141623 -0.00329148 -0.0141364 -0.0067255 -0.00621819 0.00361548 0.0066141 -0.0146406 -0.00305976 -0.0143071 -0.00943909 -0.00258548 0.00838613 -0.00294185 -0.000963384 0.0104237 -0.00118449 -0.00102298 -0.00485792 0.00239767 -0.0145137 -0.00343822 -0.00235245 0.000170801 -0.00244587 7.89267e-05 0.000805598 -0.000287441 -0.00617139 -0.00114769 -0.00525062 -0.00653119 -0.00907459 0.00298601 0.00215616 -0.00381752 -0.0082083 -0.0092394 -0.00109186 0.00129193 0.00269516 0.00239554 0.00464806 0.00707489 
-0.0103501 -0.00133151 -0.00154448 -0.00397363 -0.00263061 0.00999082 0.00085822 -0.0020663 -0.0015466 0.0264229 0.00723831 0.0055891 0.0114799 0.0224671 0.0251208 0.0121258 0.022957 -0.0295397 -0.0405495 0.0032056 -0.0189853 0.0153806 0.234974 0.026877 -0.0232188 0.0112587 0.0242211 -0.00390795 -0.0158587 -0.00596791 -0.000321916 -0.0152758 -0.0399791 0.00527449 -0.00268359 -0.0127497 -0.0064869 -0.00963801 0.010998 0.000182505 -0.00548972 -0.00780831 -0.0172761 -0.000641878 -0.0408882 -0.0180855 -0.021995 -0.00212223 -0.00672583 -0.0171173 -0.0222748 0.00257069 -0.000193669 -0.00970037 -0.00777401 0.0173214 -0.0127628 -0.000741352 0.0126826 -0.0247973 -0.00643694 -0.00428248 -0.0052209 0.0284427 -0.0042102 -0.00133333 -0.0199094 -0.00403119 0.00199306 -0.00145435 -0.00372376 0.0148085 -0.00632979 0.00125697 -0.00567836 0.00900468 -0.00782456 0.00392973 -0.00550335 0.00134315 0.0110103 -0.00136506 0.000558702 -0.00258527 -0.00725739 -0.00248862 -0.0098122 0.0108896 -0.0140172 0.00456756 0.00357206 -0.00547773 -0.0109669 -0.0154119 -0.00215085 -8.63961e-06 -0.00263119 0.000758056 0.0102946 0.00348559 
0.000130365 0.00362438 -0.0308725 0.00322111 0.00231574 -0.0192281 0.00591937 -0.00296336 -0.0117125 0.0226233 -0.0147771 -0.0106193 -0.0289039 0.00533327 0.0120053 0.0167101 0.00206517 -0.0357779 -0.019015 0.0123186 -0.0244833 0.0227328 0.026877 0.24438 -0.0384376 -0.000266847 0.00714317 -0.00824262 -0.00927413 -0.0120531 -0.0120662 0.00160577 -0.0141959 0.0094297 -0.0017751 -0.0080445 0.00142101 -0.00644367 0.00304211 0.00153047 -0.00560079 -0.00413379 0.000246928 -0.000749546 -0.000203224 -0.0197826 -0.00705144 0.000161061 -0.00401484 0.00185268 -0.0113796 -0.00507627 0.00297787 -0.0134306 -0.0160635 0.00495604 -0.0111223 0.00295168 -0.00899623 -0.0114937 -0.00103055 -0.00284402 0.0164274 -0.00229147 0.00308208 0.00778038 -0.0195301 -0.00239426 0.0232385 -0.00178399 0.00282459 -0.00202833 -0.00291829 -0.00609762 -0.00972964 0.00795351 0.00439881 -0.00135313 -0.00756582 -3.16751e-05 0.0231196 -0.00296995 0.00033524 -0.0015476 -0.00714973 -0.00590447 -0.00724217 -0.00384072 -0.00966261 -0.00452418 0.0169715 -0.00201186 -0.0146484 0.00515865 -0.00205892 -0.00178166 0.011264 0.00180834 0.00826274 0.000992228 
-0.00883917 0.000421291 0.00923438 -0.00396405 -0.0135892 0.00576946 -0.00104717 -0.00098659 0.00694311 -0.0221533 -0.00422157 -0.0052519 0.0190673 -0.0197779 -0.0245452 -0.0203457 -0.0292429 0.0227839 0.00277594 -0.0098096 0.042966 -0.000293128 -0.0232188 -0.0384376 0.240266 0.00734304 -0.0131243 -0.00308039 -0.00131998 -0.00903132 0.000916681 0.00483425 -0.0113885 -0.0182716 -0.00453095 0.00934714 -0.000254231 0.00212122 -0.00448527 -0.00359109 -0.00237289 -0.000651309 0.00369939 -0.00368132 0.00544247 -0.00430803 -0.0313642 -0.00246019 -0.0059698 0.00114238 -0.0059121 0.011584 -0.00241947 0.00790417 0.0108631 -0.00797894 0.00630554 -0.00592534 0.00340109 0.00803557 -0.000449096 -0.00297112 -0.0044553 -0.00749914 -0.00336368 -0.00693363 0.0150805 -0.000527814 0.00211225 -0.00211258 0.000812618 0.0192292 0.00389528 -0.000279305 -0.00108657 -0.0126923 -0.00530593 -0.0061314 -0.00329465 -0.00943008 -0.0197608 -0.000925231 -0.00771141 -0.00139934 -0.000271627 -0.000769032 -0.00867497 -0.00372533 0.00805321 -0.00390958 -0.00781599 -0.00103408 0.00538085 0.00613693 0.0010313 -0.000451534 -0.00163018 -0.00599748 -0.000635729 0.00419018 
-0.0053216 -0.00566624 0.00206474 -0.00153274 -0.00847662 -0.00518935 0.00226873 -0.00657913 0.0124575 0.00860357 0.00830491 -0.00610383 0.0084429 -0.0426 0.0105672 -0.0491153 -0.0570827 -0.0137751 0.0323548 -0.0245531 0.038697 0.0205189 0.0112587 -0.000266847 0.00734304 0.249671 -0.0215242 -0.0124775 0.00580191 0.00143354 -8.29953e-05 0.00466968 -0.0125951 -0.00514521 -0.00128815 0.00779069 0.00260835 -0.0117029 -0.00896879 -0.00431885 -0.0056283 -0.00446957 -0.00481514 0.0027338 -0.01776 -0.00411172 -0.00974191 -0.00034239 -0.008618 -0.00933708 0.00566685 -0.00645955 0.00390469 -0.00555838 -0.00362123 -0.00493732 0.00625984 0.0003511 -0.0197277 0.000670167 -0.00281113 -0.00867634 0.0388708 -0.0227558 0.000845955 -0.0327786 -0.000722215 -0.000499096 0.0139244 -0.000168323 0.00106236 0.00766111 0.000992697 0.00814958 0.00287694 0.000599225 0.00166652 -0.00248487 -0.0066699 0.000219503 -0.0172615 -0.00142854 -0.00551346 -0.000871554 -0.00890818 0.00269112 -0.00978763 0.00144259 -0.00500623 0.00142562 -0.00401232 -0.00364733 4.4069e-05 -0.00018126 -0.00132241 -0.000798652 -0.000550325 0.0026144 0.00859146 -0.00177163 
0.00592985 -0.00244241 -0.00457102 -0.0031891 0.0137869 0.0144459 -0.00719903 -0.00396298 -0.0154306 -0.02405 0.00262042 0.00202177 -0.0194225 0.0314545 0.00819581 0.0364308 0.0279898 -0.0437647 -0.0312578 0.0122306 -0.0219138 -0.00744896 0.0242211 0.00714317 -0.0131243 -0.0215242 0.24836 -0.00384162 -0.0024882 -0.00734616 -0.000726893 -0.0114499 -0.021841 -0.00843396 -0.00193434 -0.0103156 0.00225509 -0.00054918 0.00427527 -0.00375578 -0.00531142 -0.00230686 -0.0148129 -0.00221211 -0.00216793 -0.00587702 -0.00284549 -0.000879955 0.0144746 -0.0157655 -0.00665053 -0.00215718 -0.00544029 -0.00188234 -4.02806e-05 -0.00332761 -0.0102389 0.00183981 0.000901876 -0.00996601 0.000211435 -0.0011264 0.00218589 -0.00928472 -0.00256298 0.0108939 -0.0103229 -0.0021534 0.00409169 -0.000571013 -0.00219261 -0.00801331 -0.00463842 -0.00550074 -0.000495044 0.000211085 -0.00298144 -0.00533964 -0.00774593 -0.00303757 0.0163564 -0.00175396 -0.0101826 -0.004987 0.0106505 0.00535972 -0.0051177 0.00177858 0.000302989 -0.0082247 0.00413889 0.001569 -0.0122561 -0.014229 -0.00151439 -0.000944665 0.00444375 -0.00590354 -0.00114928 -0.00467582 
-0.00429281 0.00115958 -0.00128275 -0.00171954 -0.00154543 -0.00282277 0.00119941 -0.000555363 0.00128024 -0.0087455 -0.00276678 0.00543648 0.000798725 -0.00133234 0.0109795 0.00462206 -0.0110402 -0.0068783 -0.0037568 -0.00881101 0.0121801 -0.0140699 -0.00390795 -0.00824262 -0.00308039 -0.0124775 -0.00384162 0.0873161 -0.0028801 0.00510335 0.00241687 -0.000153562 -0.00131897 -0.00361446 -4.42829e-05 0.0019005 0.00254309 -0.000281161 0.00098605 0.000442998 0.00223039 -0.00022215 0.00165385 0.00051731 -0.0106394 -0.00262761 -0.00314519 0.00101429 -0.00254045 -0.00491116 0.000683794 -0.00156766 -0.000770677 0.00661632 -0.000478572 -0.00513149 -0.000916879 0.00289726 -0.00438692 -0.00176746 -0.00166936 0.00126419 0.0011759 -0.00393389 0.00101 -0.00567329 0.00101302 0.00133952 0.000154758 -0.000250894 0.00159261 -0.00167723 -0.000487765 0.00519511 0.0018233 0.00391267 -0.00149035 -0.00045503 0.00197229 -0.00509197 -0.00217252 -0.000513632 0.00713083 0.00047013 0.00401627 -0.00147447 -0.00753651 -0.00572092 -0.00146656 -0.00250009 0.003999 0.00187725 0.00183583 0.000132342 0.000974907 -0.000635042 -0.0021593 0.00193376 -0.0011499 -0.0021755 
0.00269674 -0.00197508 -0.00673205 0.00116691 -0.00162025 -0.00469716 0.00207007 0.000415421 0.00289106 -0.00801826 -0.0065266 0.00194997 -0.0040999 -0.00311328 -0.00602521 -0.00600522 -0.0070119 -0.00808763 0.00249046 -0.00288069 0.00549707 -0.00193525 -0.0158587 -0.00927413 -0.00131998 0.00580191 -0.0024882 -0.0028801 0.0810202 0.0014903 0.000652095 0.00319153 -0.00697882 -0.00279375 0.00200035 -0.000188424 -0.000354792 -0.00178003 -0.00497073 -0.000528694 0.000265091 -0.000860383 0.00155631 0.00231785 0.00587345 0.00105427 -0.00351311 -7.14057e-05 0.00251862 0.00288048 0.00416557 0.00329442 0.0005085 0.000985685 0.0033294 -1.19042e-05 0.00276179 0.000391564 -0.000479981 0.00129766 -0.000953921 -0.00106187 0.00815357 -0.00358157 0.000315654 -0.00330991 -0.0041796 -0.000814238 0.00625317 -0.000290066 -0.00127626 -0.00614815 0.00156318 -0.00230788 0.00191219 -0.00067645 0.00276156 -0.000552054 -0.0004708 -0.00171041 -0.00721838 0.000302332 -0.000728431 0.000254147 0.00742234 -0.00135121 -0.000910467 -0.00138935 -0.00149804 -0.0009951 -0.00239118 -0.000753523 5.30791e-05 -0.00102151 0.000604415 0.000859719 -0.00318754 -0.000880094 -0.0017684 -0.0024821 
-0.000171912 -0.000724468 0.00976192 0.000409169 -0.00114274 -0.00147408 -0.00137443 0.00200697 0.00213365 -0.0144682 -0.011384 0.00215198 0.00567024 -0.0227379 0.000668477 -0.0090388 -0.00776834 -0.00175506 0.0129613 -0.0141177 -0.00124977 9.39119e-05 -0.00596791 -0.0120531 -0.00903132 0.00143354 -0.00734616 0.00510335 0.0014903 0.125857 0.000967407 0.000629229 -0.00618084 -0.00178187 4.62759e-05 -0.00110423 0.00114187 -0.00171093 0.00161819 0.00237604 -5.19453e-05 -0.00281264 0.000407408 -0.000408528 -0.00106409 0.00136338 -0.0118057 0.00103277 -0.0028087 0.00392491 0.00925171 -0.000945032 0.00179614 -0.000890448 -0.00347717 -0.0070395 -0.00677523 0.00355224 7.66757e-05 0.000960762 -0.00196168 0.000241777 0.00836464 -0.00570357 0.00315687 -0.0076581 -0.00178295 0.000715151 -0.00428155 -9.00673e-05 -0.00106477 -0.00108374 -0.000603809 0.00180833 0.00261465 -0.00024217 -0.00185086 0.00059714 -0.00304547 0.00134026 0.00436572 -6.84165e-05 0.00106934 -0.00129009 -0.00236142 -0.00426679 -0.0105026 -0.00234817 0.00324914 -0.000284951 -0.00339581 0.000150649 0.00196583 0.000231902 -0.000115414 0.000229392 0.00180391 -0.0004403 0.00159252 -0.00727863 
-0.000464828 -0.000164399 0.0031343 -0.000484158 0.000363218 0.000175428 0.00108995 -0.000232546 0.00265972 -0.0101647 -0.00223762 0.000705337 0.000653861 -0.000467394 -0.000510999 -0.00186705 -0.00289908 -0.00221927 0.0071899 -0.00778992 0.00133612 -0.0073176 -0.000321916 -0.0120662 0.000916681 -8.29953e-05 -0.000726893 0.00241687 0.000652095 0.000967407 0.0463051 0.00229483 -0.00497193 -0.00391527 0.00101197 7.14214e-06 0.000338898 -0.000363806 -0.00197216 -0.000235898 -0.0008976 0.000484699 -0.00148679 0.000733496 -0.00522743 -0.00155121 -0.00480618 -0.000162632 0.00117647 -0.00142931 -0.00119759 0.000899008 -0.000411774 0.00261334 0.00226898 -0.00338439 0.000863359 0.000675476 -0.00149378 1.24012e-05 -0.000114005 0.0010002 -0.00154064 -0.0022712 -0.00105857 -0.00393166 0.00227394 0.000906148 0.000781565 0.00069925 0.000126342 -0.000768681 0.000190329 -0.000849665 0.00480254 0.00131411 -0.00231981 -7.3463e-06 0.00320557 -0.00245757 0.00167235 0.000239036 0.000240126 0.000711787 0.000523568 -0.000454536 -0.0033256 0.00244177 0.000393135 -0.000804887 -0.00282433 -0.00023645 0.000366417 -0.000444252 -1.83974e-05 0.000179015 -0.00143658 0.000998465 0.00411199 -0.000734138 
0.000571803 -0.000429441 -0.00764745 0.000714197 0.000232966 -0.00703719 0.00859913 -0.000122931 -0.0040689 -0.00659913 -0.00261612 -0.00372078 -0.0115787 0.0023197 -0.00117792 -0.00774206 -0.00971424 -0.0219737 -0.00209086 -0.00612617 0.00936184 0.00671434 -0.0152758 0.00160577 0.00483425 0.00466968 -0.0114499 -0.000153562 0.00319153 0.000629229 0.00229483 0.0950244 -0.00551088 -0.000591531 -0.00131668 -0.000245475 0.00262411 -0.00246157 -0.00338914 0.00119279 -0.00145564 -0.0018083 -0.00140432 -0.000397341 0.00266665 0.000227639 -0.00970116 2.00039e-05 0.00348198 0.00205056 0.00152044 -0.000458133 -8.48504e-05 0.0026664 -0.00192984 -0.00141205 -0.00275857 -0.0014335 0.00468052 0.00520903 -0.0020428 -0.00152499 0.00645642 -0.00648628 0.001013 -0.00733342 -0.00121951 -0.00038365 0.0160593 -0.000390077 0.00107564 0.000282012 0.00133739 -0.000635648 -0.00102328 -0.00308275 -0.00203868 -0.00132624 0.000533638 -0.0066627 -0.00428573 -0.000797929 0.000757442 0.000188445 -0.00129177 -0.000499319 -0.00503163 0.000438855 -0.000185542 -0.00120325 -0.000303183 -8.07508e-05 -0.00268283 0.0011087 0.000638542 0.000613746 -3.43539e-06 0.00293676 0.00383247 0.00202318 
0.00363557 0.00162698 -0.0124134 -0.00228513 -0.0012625 -0.00643194 -0.00668411 7.78914e-05 -0.00644447 0.0244695 0.00490892 -0.0122437 -0.0190583 -0.0248044 -0.0095765 -0.00556397 -0.00563315 0.0246349 -0.00296277 0.0114062 0.00222695 -0.00931227 -0.0399791 -0.0141959 -0.0113885 -0.0125951 -0.021841 -0.00131897 -0.00697882 -0.00618084 -0.00497193 -0.00551088 0.191916 0.0100871 0.00174961 0.00644869 0.00542803 0.0132896 0.00104925 -0.0024537 0.00165323 0.00186613 -0.00395931 0.00125292 0.0134525 0.00782292 0.019588 -0.000926791 0.00743922 0.00319701 0.00417068 -0.00340895 -0.00518435 -0.00540052 -0.0137633 -0.00956101 0.0093317 -0.002728 -0.017842 0.00327054 0.00043294 -0.00333595 0.0017113 -0.00526189 -0.00332907 0.00882232 0.00995535 0.00153966 -0.0258938 0.0014053 -0.00432494 -0.0255932 -0.00034942 -0.00120086 -0.00738173 -0.00228823 0.00646117 -0.00112212 -0.00353732 -0.00226851 -0.013494 0.000395752 8.66978e-05 -0.000376425 -0.00625779 0.000184569 0.0258271 -0.0143701 -0.000836229 -0.00119198 0.00772565 0.00210568 0.00866178 0.00743036 0.00126451 -0.00115936 -0.00166781 -0.00739625 -0.00943091 -0.00307695 
-0.00766133 -0.00351469 -0.0103145 -0.00409806 -0.0027224 -0.00723981 -0.00825841 -0.00311742 -0.00566113 -0.00585305 -0.00185123 -0.00436241 -0.00911122 -0.00920283 -0.000830562 -0.00472442 -0.00866288 0.00351594 -0.00559547 -0.00328945 -0.0162322 0.0307663 0.00527449 0.0094297 -0.0182716 -0.00514521 -0.00843396 -0.00361446 -0.00279375 -0.00178187 -0.00391527 -0.000591531 0.0100871 0.183282 -0.00214203 -0.00395402 -0.00304419 0.00206184 0.00152535 -0.00248705 -0.00400583 -0.00132761 -0.000847101 0.00141292 0.00750817 -0.00394776 0.0044284 -6.70453e-05 -0.00146225 -0.00421039 0.00329504 -0.00195193 -0.00282369 0.00723629 -0.0048258 0.000451755 -0.00830724 -0.00255027 -0.0126908 0.00151358 -0.00172583 -0.00112835 0.0182496 -0.00641973 0.00883237 -0.0162867 -0.00768885 -0.00144045 0.00453634 -0.000804215 -0.00555567 -0.0055359 -0.00207006 -0.00369106 -0.00637819 -0.00465116 -0.0048588 0.00621273 -0.00260669 -0.00597059 -0.00547176 0.000328353 0.0035198 -0.00114049 -0.00351255 -0.00438667 0.0153778 -0.00331697 0.000898162 0.00154316 -0.00155296 -0.000905585 -0.00669477 -0.0051362 4.29528e-05 0.000749562 -0.00547387 0.00645024 0.000490325 0.00287997 
