0.0678513 -0.00214967 -0.000467465 -0.00593472 -0.00158376 -0.00461565 -0.000557177 -0.00378613 -0.00075359 -0.00496835 0.00173922 0.00132122 -0.00190618 -0.00748416 0.0048976 -0.00773759 0.00562556 -0.00148554 -0.0119469 -0.00385425 -0.00824376 -0.00194961 0.00138309 -0.0056791 -0.000374981 -0.00738595 0.0102736 -0.00336298 0.00698991 -0.000992874 -0.00022247 -0.00160676 -0.00171789 -0.000721384 0.000768653 0.000258239 0.000240444 -0.000620131 -0.00465311 -0.00199959 -0.000373686 0.000694774 0.00077939 -0.000786925 -0.000802326 -0.000415762 0.00323027 -0.00135334 -0.00087375 0.0024262 -0.00384847 -0.00154272 0.00240397 -0.000109481 -0.000275272 0.000420543 0.000981732 -0.00186683 -0.000838295 0.00141981 -0.00115079 -0.00267777 0.00078548 0.00212304 -9.65425e-05 -0.000774445 0.000718651 -0.00282188 -0.00686226 -0.000913724 0.000567947 -0.00157964 -0.000245736 0.000807722 0.00173175 0.00305762 0.00016885 -0.00212148 -0.000740769 -0.000878046 0.000589778 0.00146879 -0.00189337 -0.00121199 -0.0014531 -0.00286131 0.00107506 -0.000977937 0.000532904 0.00487968 0.00245999 0.0043854 -0.000356176 -0.00117499 0.00228078 0.000635729 0.00322539 -0.00332631 0.000912443 -0.000145724 
-0.00214967 0.0971287 0.00167237 -0.00547005 -0.00269902 -0.00551954 -0.00181399 0.00387215 -0.00284397 0.0040106 0.00505602 -0.00621581 -0.00277807 -0.0120187 -5.23732e-05 -0.00424111 -0.00179394 -0.0104989 0.0173872 0.00409006 0.012738 0.00104191 -0.013955 -0.00762234 -0.00692747 0.0133651 -0.00327792 -0.00134351 -0.00551973 5.08144e-05 -0.0150356 -0.00683163 -0.000468543 -0.00142091 -0.000548508 0.0011702 -0.000350407 0.000944704 0.00170106 0.00230847 -0.000336374 0.00327333 0.00260522 -0.00335031 -0.00117809 -0.000304027 -0.00303523 0.00289359 -0.00715855 -0.00138887 0.00238636 -0.00548641 -0.0040837 -0.00153958 -0.00201165 -0.0049761 0.00640393 -0.00213844 -0.000365312 0.00104103 -0.00640751 -0.000412215 -0.00202801 0.00547 0.000417634 -0.00113205 -0.00398157 0.00726435 -0.00150431 -0.00201758 -0.00655972 0.00292187 -0.00104626 0.00255456 -0.000891079 0.000214763 -0.00123019 -0.000462431 0.000182987 -0.000837904 0.000344108 0.000608327 -0.0019198 0.00168222 -0.00279736 -0.00528716 -0.00539686 -0.000202853 -0.00300255 -0.000989005 0.00676533 -0.00260442 -0.00496288 0.00524642 0.00639431 -0.0012881 1.92776e-05 -0.00199589 -0.00452216 -0.00299776 
-0.000467465 0.00167237 0.0799937 0.00314902 -0.00122761 -0.00259586 -0.00566583 -0.00288883 0.000241863 0.000712003 -0.00369593 0.00254526 -0.000150134 0.00398515 -0.00267412 -0.00323344 -0.00252053 0.000507081 0.00894725 -0.00993645 0.0095145 -0.000318466 -0.00694322 0.00693831 -0.00910494 0.0130416 -0.00803916 -0.000853988 -0.0100995 -0.00503671 -0.0106443 0.00679731 -0.002291 -0.000363284 -0.000458768 -0.000307173 -0.00150621 -0.00121889 -0.00142445 0.00628655 0.000473511 -0.00141459 0.00553376 -0.00230577 -0.00138249 -0.000318622 -0.00176788 -0.00100301 -0.00461003 0.000466829 -0.00225327 -0.00383014 0.00432637 -0.000895902 -0.0012788 -0.000892436 0.00102363 -0.00489287 0.00128678 -0.00117029 -0.00570386 0.0033092 0.00197743 0.000813243 -0.00412493 0.00379819 -0.00505163 0.00927411 -0.00980249 -0.000252163 -0.0026481 0.0010397 -0.00117831 0.000782923 0.00181966 0.000150238 -0.000613837 0.000743808 0.00221 -0.00161546 0.00078181 -3.19271e-05 -0.00170951 -0.00340997 -0.0033851 -0.00144994 -0.00504969 -0.00122629 -0.00163512 -0.00400555 0.000400944 -0.0032732 -0.0022464 -0.00169713 -0.00250013 0.00172028 -1.64958e-05 -0.00129298 -0.000630915 -3.08591e-05 
-0.00593472 -0.00547005 0.00314902 0.203114 0.0052001 -0.011815 -0.0169629 0.00900498 -0.0026399 -0.00955253 0.000645542 -0.0209112 -0.00387509 -0.0079761 -0.00233687 0.00837863 0.0226835 -0.00668278 -0.0125041 0.0152301 -0.00914082 0.00477515 -0.00358045 -0.0102957 0.00582038 0.00642227 0.0107062 -0.0072429 -0.0130673 -0.0077623 0.00278232 0.0164046 -0.000999019 -0.00831821 -0.00125692 -0.00140682 -0.00190172 -0.00246463 0.000934449 0.00794379 0.0031732 0.00147763 -0.0071959 -0.00525701 -0.0007488 0.00197937 0.00381728 -0.00311885 0.00441939 -0.00218609 0.00426671 -0.00741878 -0.00472825 -0.00187624 -0.0030941 -0.000395167 -0.0110692 -0.0103585 0.00192403 -0.00626279 -0.015651 0.00367579 -0.00637706 -0.00506399 -0.00640707 -0.00492203 -0.00551502 -0.00481428 -0.000864704 -0.00396061 -0.0132039 -0.00686452 -0.00460648 0.00143707 0.00205522 -0.00474521 -0.00923924 -0.00598993 -0.00603898 -0.00279031 -0.00222178 -0.00156547 -0.00598083 -0.00358539 -0.010807 0.0109684 -0.00262628 -0.00422139 -0.00355716 0.00342044 0.00818486 0.00660585 -0.00881349 -0.00327742 0.00221577 0.000982136 -0.00274942 0.0111866 -0.00823321 0.00751597 
-0.00158376 -0.00269902 -0.00122761 0.0052001 0.0592372 -0.00685942 0.00344038 0.00416929 0.000753186 0.00259422 0.000865437 -0.00681864 -0.00100808 -0.0106835 -0.0056528 -7.47189e-05 0.0153959 0.00657267 -0.00370455 0.00536363 -0.000663244 0.00521716 -0.00563232 -0.00433453 0.000289034 -0.00589202 0.0054052 -0.00268434 -0.00367769 -0.00147626 0.00307374 0.00205015 -0.000673788 0.000318604 -0.000488153 0.000347429 0.00100248 0.000519194 -0.00409005 -0.00524744 0.00123931 -0.00260726 -0.00173402 -0.00101419 -0.00218668 -0.000584234 0.00064469 -0.000138599 0.000291477 -0.000552112 0.000345841 0.00117047 0.00393789 -0.00151044 0.00273984 -0.000171242 -0.000155317 -0.000402275 -0.0018587 -0.00258752 -0.00102709 6.75584e-05 7.533e-05 -0.000597256 -0.00278664 -0.000462294 -0.00238988 0.000519651 -0.00811875 0.000403247 -0.00268404 0.00341445 0.000145455 -0.0026089 0.000944882 -0.00164437 -0.00204223 0.000494181 0.000603318 -0.000609903 0.000298789 0.00092096 -0.00326505 -0.00202538 0.00157225 -0.00078758 -0.00182818 0.00174414 -0.00169818 0.00150518 -0.00127034 -0.00161328 -0.00156971 -0.00267473 -0.00514444 0.000296859 -0.00184113 -0.00240593 -0.00262746 -0.000793424 
-0.00461565 -0.00551954 -0.00259586 -0.011815 -0.00685942 0.138076 -0.00904286 -0.0191983 -0.000944944 -0.00219807 -0.00596779 -0.00640984 0.00153521 0.028192 -0.0134226 -0.00836729 -0.0197246 -0.0172502 0.0077762 -0.00304266 0.017514 -0.0214321 -0.0113731 -0.00727374 0.00816593 0.00355569 -0.00563562 0.00813542 0.00963957 -0.00613021 -0.00708907 0.00196408 0.00260071 0.00330923 -0.00126138 -0.00133249 -0.00123062 0.000210307 -0.000228299 0.00129751 -0.00577016 0.00853463 -0.00532672 0.00296385 0.0100718 0.000868542 0.0013848 0.00230417 -0.00726078 -0.000935484 -0.0032263 -0.00622389 0.00741213 -0.000837423 -0.000516736 -0.00257955 0.000668525 0.00121599 0.00153705 -0.00122724 -0.00209391 -0.00467112 0.00140573 -0.00128992 0.00302483 -0.00268341 -0.00623356 -0.00328616 0.00559646 -0.000589186 0.000833503 -0.0022134 0.000154094 0.00231849 -0.00721465 -0.00220187 -0.00284935 -0.00121921 0.00141683 0.0035041 -0.000958257 0.00315054 0.000476744 0.00450552 -0.000838762 -0.00117813 -0.00297693 -0.00340794 0.00299305 -0.00922638 -0.000861025 0.00301459 0.000918341 -0.00297525 -0.0114358 -0.00147358 0.0012057 -0.000483365 0.00186719 0.00090802 
-0.000557177 -0.00181399 -0.00566583 -0.0169629 0.00344038 -0.00904286 0.119167 0.0257654 -0.000450983 -0.00170272 -0.0146252 -0.00972821 -0.00541673 -0.0183849 0.00220174 -0.00150419 -0.00269863 0.020039 0.00576189 2.65702e-05 -0.00437654 0.00573633 -0.0102048 -0.00611761 0.0018926 -0.0181488 -0.0150804 -0.00298747 0.00418992 -0.0041298 0.0104467 -0.0120293 -1.71417e-05 -0.000355553 0.0013683 0.00373479 0.00140799 0.0020771 -0.00335495 -0.00609049 0.00269043 -0.00671091 -0.00412968 -0.00214559 -0.000307581 -0.000789709 0.000482746 -0.00281873 0.00106081 0.000348642 0.00387185 0.0163999 -0.0077802 -0.00127195 -6.29914e-05 0.00521922 -0.00176933 0.00749971 -0.000247157 -0.00449677 0.00530329 -0.00199572 0.000649505 -0.000943117 0.000588955 0.00019237 0.00424914 -0.000436759 -0.00177572 -0.000877338 -0.00230952 -0.00610401 0.00322933 -0.00285972 0.00616798 -0.00213667 -0.00148892 0.00577746 0.00269144 -0.00251969 -0.000206694 -0.00353143 -0.00199167 -0.00225253 0.00486482 -0.00669509 -0.00770484 -0.00586629 -0.0022165 0.00104147 -0.0111089 -0.00313769 0.0108507 -0.00381746 0.00158978 -0.00202486 -0.00543619 -0.00650934 0.00216014 -0.00426084 
-0.00378613 0.00387215 -0.00288883 0.00900498 0.00416929 -0.0191983 0.0257654 0.155119 0.00447425 -0.00171621 -0.0251499 -0.000595033 -0.00898592 -0.0333826 0.00844308 0.017196 0.0121039 0.0149793 0.00841494 -0.00112018 -0.00926867 0.0338737 0.00142351 -0.00638716 -0.00809958 -0.0352524 -0.00393525 -0.00404612 -0.0153623 -0.0016738 0.00605252 -0.0105786 0.000693363 -0.00360372 0.0006494 -0.00122085 -0.00187094 -0.000700293 -0.00382114 -0.00885625 0.00447754 -0.0180162 -0.00466189 -0.00701734 -0.00503765 -0.00331936 0.00111245 -0.00245077 0.00678722 0.000458343 0.0110811 0.00882081 -0.00539148 -0.00333054 0.00216962 -0.000944491 0.000296233 -0.00142329 -0.00529509 -7.72926e-06 0.00876666 -0.00340539 -0.00167948 0.00318469 0.000201812 -0.000255534 0.00667414 -0.00499271 -0.00696643 -0.00303907 -0.00582741 -0.00445275 0.00110037 -0.00238642 0.00972264 -0.00612944 -0.00331344 -0.000147415 -0.00178356 -0.00243514 0.000265679 -0.00403305 -0.00526468 -0.00707121 -0.0019302 -0.000721007 -0.00330534 -0.0073713 -0.00496109 0.00325268 -0.00789039 -0.0121538 0.00623884 -0.000588046 -0.00481877 0.00138219 -0.0067094 -0.00530019 0.00418839 0.00091257 
-0.00075359 -0.00284397 0.000241863 -0.0026399 0.000753186 -0.000944944 -0.000450983 0.00447425 0.0612385 -1.19911e-05 -0.00258488 -0.000700297 4.75845e-05 0.000492236 -0.00653312 0.00044097 0.00453621 -0.0088221 -0.00533771 0.00225163 -0.00254451 -0.000270089 -0.0075565 -0.00558087 -0.00287136 -0.00151577 9.91621e-05 -0.00262698 -0.0050926 0.011554 -0.00121806 -0.00212659 0.000229122 0.00623446 -0.000680662 -0.000170635 0.0013298 -0.000454913 0.000943221 -0.0036919 0.00431172 -0.00446466 -0.00141352 -0.00274156 -0.00155107 -0.000884634 -0.000979837 -0.000697944 -0.00309852 0.000202983 0.000947623 0.000956234 0.00387872 -0.00163568 0.00260212 -0.00198245 0.000740836 -0.00289763 -0.000883953 0.000224383 -0.00249588 -9.80272e-05 -0.00132334 -0.00254673 0.0014165 -0.0015707 -0.00274196 -0.00025006 -0.00610013 -0.000689769 -2.79375e-05 -0.00157132 0.000107935 -0.00125759 0.000127203 -0.000388718 -0.00129481 -0.00117912 0.00113097 0.00135637 -0.0010231 0.000303989 0.00142256 0.000610364 0.00276132 0.00298668 0.0023616 -0.00390016 0.00107469 0.00230631 0.000709715 -0.00125551 -0.000553903 0.0012508 -0.00565775 -0.00138695 0.000800979 -0.00183455 -0.000895298 0.00184092 
-0.00496835 0.0040106 0.000712003 -0.00955253 0.00259422 -0.00219807 -0.00170272 -0.00171621 -1.19911e-05 0.104613 -0.00742956 -0.00293039 -0.00163977 0.00910357 -0.000184905 -0.00535993 -0.00869539 -0.000566147 0.0162517 -0.0185649 -0.00897513 -0.00405433 -0.00331912 -0.00448283 -0.00610298 0.0121843 0.00322619 -0.00269476 3.54027e-05 -0.00240167 -0.0120255 -0.000674563 0.00124851 -0.000618635 -0.000846261 -0.000834676 -0.00220603 0.000745942 0.00375967 -0.00710127 -0.00334074 0.000939928 -0.000938087 -0.00272588 -0.00231842 -0.00157937 0.000119996 0.00309533 0.00469584 -0.000259758 -0.0024587 0.00317951 7.86042e-05 -0.000975453 0.000119767 -0.0029474 -0.00348967 0.00294607 -0.00122504 0.00293467 -0.00348812 0.00486289 -0.00513521 0.0011517 -0.00105724 0.0063825 -0.00481924 0.00117094 -0.00759062 0.00180788 -0.00347138 -0.00145927 0.000410925 -0.000398982 -0.00485257 0.00108443 0.00198145 0.000431636 0.000948051 0.000196098 0.00041651 -0.000615308 0.00379908 -0.00518814 0.000608798 -6.49391e-05 0.00207347 -0.000646923 -0.00282345 -0.00142213 -0.00521775 -0.00179857 0.00216289 -0.00381984 -0.0133624 0.00273703 -0.000244494 0.00330162 0.000132042 -0.000660678 
0.00173922 0.00505602 -0.00369593 0.000645542 0.000865437 -0.00596779 -0.0146252 -0.0251499 -0.00258488 -0.00742956 0.174208 -0.00517069 0.00798743 0.00689862 -0.0136679 -0.0031867 0.0100809 -0.0211119 -0.0142822 0.0119528 0.00882888 -0.0174217 0.0118844 0.000776964 -0.00577414 0.0155548 0.0062058 -0.00843444 -0.0010971 -0.000691492 0.00402021 -0.00021081 -0.00435654 -0.00265272 -0.00145886 0.00260726 0.00174394 -0.000879654 -0.0104151 -0.00165836 0.00280367 0.0116854 -0.0065297 0.000474098 -0.00402729 -0.00159115 0.00421358 -0.00210982 -0.0012525 -0.00231636 -0.0172848 -0.0105357 -0.00553266 0.00312892 -0.00489806 -0.00662028 0.00029009 -0.00854135 -0.00171736 -0.00423538 -0.00995828 -0.0054053 -0.00117416 0.000332362 0.000435305 -0.00025295 -0.00514808 0.00209615 0.00482526 -0.00409372 -0.00645256 -0.00422385 -0.0021225 0.0012821 -0.00563168 -0.00305381 0.00330035 -0.00362038 -0.000118689 0.000733013 0.00217751 0.000124938 -0.00193407 0.0131286 -0.00261893 -0.00769693 -0.0119144 -0.000109126 0.00235678 0.00613607 0.0044284 -0.000176872 -0.0114442 -0.0033317 0.00754001 -0.000809522 0.0057888 -0.00216604 -0.00317152 -0.00259206 
0.00132122 -0.00621581 0.00254526 -0.0209112 -0.00681864 -0.00640984 -0.00972821 -0.000595033 -0.000700297 -0.00293039 -0.00517069 0.181759 -0.00169277 -0.00754221 0.00270685 0.0140338 -0.00908978 -0.0121408 6.06617e-05 -0.0318809 -0.00200986 0.00541547 0.0363115 -0.0160622 -0.0417715 -0.0036488 -0.00796261 0.00986937 -0.00172692 -0.00763994 -0.00476949 -0.00290765 0.000953184 0.00367688 -0.00126048 -0.00124806 -0.00242999 0.000546349 0.00535329 -0.0180604 -0.00163484 0.0126827 0.000878673 -0.00301357 -0.00820589 0.00073853 -0.00303202 -0.00387022 0.0130993 -0.000110712 -0.00319049 0.000964897 -0.00664674 0.00637242 -0.00504289 0.00348267 -0.0047739 -0.00686265 0.00211819 0.0160826 0.0261412 -0.00220081 -0.00522741 -0.00733791 -0.00478165 -0.0081901 0.00807181 -0.0119735 0.00227547 0.00440207 0.00838608 -0.00969647 -0.000706762 -0.00838482 -0.00861877 0.0058014 0.00433076 0.000479015 0.0023481 0.00220509 -0.0031952 0.00266829 0.00780425 -0.00301609 -0.00466891 0.00101942 0.0198816 -0.00426535 0.00146037 -0.00698158 -0.00345622 0.00231611 -0.0102856 -0.0147549 -0.0159783 0.00114643 0.000189813 -0.00786539 0.000243306 -0.00084922 
-0.00190618 -0.00277807 -0.000150134 -0.00387509 -0.00100808 0.00153521 -0.00541673 -0.00898592 4.75845e-05 -0.00163977 0.00798743 -0.00169277 0.0883618 0.00353772 -0.0108499 -0.0104696 -0.0150094 -0.0130043 0.00372995 -0.000111404 0.00201865 -0.0177127 -0.0106489 -0.00476468 0.000474784 0.00172052 -0.00789975 -0.00106984 -0.00302428 -0.000310453 -0.00280589 -0.002776 0.00025212 0.000813973 -0.000213893 0.00206604 -0.00210046 0.000698948 0.0038599 0.00320734 -0.00182805 0.00715893 -0.00191164 0.00171601 0.00011176 0.000568003 -0.0010677 0.000224918 -0.00164791 -9.06152e-05 -0.00219114 -0.00235719 0.00386222 0.000557786 -0.00101737 0.00137344 -0.00122556 -0.00245248 0.00253796 0.00411921 -0.00169236 0.0019346 -0.00151375 0.00447501 -0.00565361 -0.00047582 -0.00186506 0.00310118 0.00758552 0.00161483 -0.00204081 -0.00215727 0.00122637 0.00201525 -0.00316038 -1.04003e-05 0.00292214 0.000547896 -0.00161488 0.00100852 0.00104465 -0.00105534 0.00671701 0.0031327 -0.000482536 0.000732028 -0.000340559 -0.00405765 -0.00202029 -0.00472687 -0.00210624 0.00345312 -0.00667363 0.00171185 -0.000245513 0.00271815 4.2379e-05 -0.000251582 -0.00291126 0.00254436 
-0.00748416 -0.0120187 0.00398515 -0.0079761 -0.0106835 0.028192 -0.0183849 -0.0333826 0.000492236 0.00910357 0.00689862 -0.00754221 0.00353772 0.23543 -0.0126665 -0.0234512 -0.0420769 -0.00876103 0.0270243 -0.027906 0.0056583 -0.0588772 0.0233119 0.0141487 0.0139687 0.0200956 -0.0273176 0.0325011 -0.0051798 -0.0166146 -0.017555 -0.000764464 -0.000689658 -0.00391872 0.000460138 -0.0047248 -0.000713005 0.00176808 -0.00186152 0.00535984 -0.0106145 0.0150507 -0.00748422 0.00593144 0.0101381 0.00593211 -0.00109681 -0.00229396 -0.0104441 -0.00279804 -0.0242626 -0.0031009 0.00848984 0.00381284 -0.00274869 -0.00338816 -0.00248752 -0.00411714 0.00603706 0.00238255 -0.00802637 0.00438309 -0.000871904 -0.0168272 -0.00274012 0.00184014 -0.025056 0.00621007 0.0250273 0.00293344 0.00297109 -0.00238682 -0.00551376 0.010974 -0.0164164 -0.00222678 0.00164698 0.00166245 0.00193057 0.00559325 -0.00398248 -0.00578247 -0.00388102 0.007099 -0.00660113 0.0176138 -0.0139508 -0.00495037 0.00593234 -0.0222857 -0.0106986 -0.00784201 -0.00966589 0.0172813 -0.00875149 -0.00702421 -0.00534666 0.00915986 0.00584234 -0.00159635 
0.0048976 -5.23732e-05 -0.00267412 -0.00233687 -0.0056528 -0.0134226 0.00220174 0.00844308 -0.00653312 -0.000184905 -0.0136679 0.00270685 -0.0108499 -0.0126665 0.189275 0.0118893 -0.00616859 0.0420844 -0.00755693 -0.0145287 -0.0339721 0.00892327 -0.0117159 -0.0001161 -0.0129548 -0.0222957 -0.00402813 -0.0223224 -0.0284749 -0.0067289 4.20528e-05 -0.0114526 -0.000312699 -0.00291433 -0.00128072 -0.00104889 0.00428332 -0.00237001 -0.00632245 0.000903994 -0.00370073 -0.0100498 0.00213271 -0.00230167 0.000859536 -0.00212443 0.00174013 -0.00226139 0.00651362 0.00507857 -0.0101701 0.00435723 -0.00381313 0.00243882 0.0015679 -0.00402914 0.00959106 -0.0085431 -8.01194e-05 -0.00631046 -0.0113249 0.000192228 -0.00963884 0.00117324 0.00436808 0.000866346 0.0121947 -0.00187473 -0.0113789 0.00203427 0.00254784 0.00319698 -0.00136276 0.00497878 0.00263948 0.00216246 0.000922718 0.000286416 -0.000305555 -0.00190145 -0.0036938 -0.00558764 0.000196064 -0.0147051 -0.00488967 0.00755481 -0.00781807 0.00820894 -0.00146383 0.00509884 0.00112952 -0.00496774 0.0112133 -0.00315559 0.0196383 0.00252148 -0.00165848 0.00286193 0.00870631 -0.0109056 
-0.00773759 -0.00424111 -0.00323344 0.00837863 -7.47189e-05 -0.00836729 -0.00150419 0.017196 0.00044097 -0.00535993 -0.0031867 0.0140338 -0.0104696 -0.0234512 0.0118893 0.173665 -0.00543737 0.0197961 -0.00111785 -0.0151913 -0.0238251 0.0287283 0.0206084 0.00210708 -0.0209151 -0.0263854 0.00952309 -0.0113008 -0.017764 -0.010595 0.0101295 -0.00790152 -0.000881674 -0.00478566 -0.00104616 -0.00345795 0.00324504 -0.0028699 -0.00216357 -0.0208276 -0.00145853 -0.00136096 0.00164943 -0.00493107 -0.00271027 -8.91206e-05 0.00216481 -0.000921075 0.0103299 -0.00371415 -0.00234238 0.000171562 -0.0145673 0.000580318 0.001846 -0.00445648 -0.00338747 0.000241953 -0.000891457 -0.00442111 0.008597 -0.00412196 -0.00127277 -0.0037858 0.00359924 -0.00568349 0.00847771 -0.00624122 0.00263312 -0.00129042 -0.0067065 -0.00556232 -0.00227085 -0.00671243 0.00434217 0.00144637 -0.00195794 -0.000187598 -0.00194664 -0.00141618 -0.00436866 -0.00621467 -0.00603861 -0.00774317 -0.00388787 0.0249282 0.0156169 -0.00190343 0.00237404 -0.00215362 -0.00772914 -0.0102696 0.000894522 -0.00785091 0.00181759 -0.00360254 -0.00997207 -0.00456161 -0.00107469 0.00441763 
0.00562556 -0.00179394 -0.00252053 0.0226835 0.0153959 -0.0197246 -0.00269863 0.0121039 0.00453621 -0.00869539 0.0100809 -0.00908978 -0.0150094 -0.0420769 -0.00616859 -0.00543737 0.22633 -0.0216527 -0.0430444 0.0401406 -0.0137808 0.0188985 -0.00384148 -0.0189995 -0.0170521 -0.00512085 0.0514839 -0.0396946 0.0157464 -0.00344777 0.0183076 0.0041053 -0.00308563 -0.00246114 -0.00141828 -0.0044719 0.00346705 0.000101607 -0.0131965 -0.012179 0.00782251 -0.026542 -0.00765242 -0.00755297 -0.00753073 -0.00703814 0.00115995 0.00158047 0.00223799 -0.00242396 0.0155029 -0.00821562 0.00843822 -0.00547799 0.00231829 -0.00625697 0.004687 -0.0056025 -0.00524463 -0.00410043 -0.00169209 0.00166944 0.00287498 -0.00821638 -0.00688731 -0.0049 0.0129301 -0.000838707 -0.0151374 -0.00435955 0.00669404 -0.00447228 0.00342808 -0.01053 0.0130441 -0.00438204 -0.0079693 -0.00955439 -0.0012545 -0.000509163 0.000991882 0.00136504 -0.00548737 -0.0126911 0.000425185 -0.00674126 -0.00392083 0.00261686 -0.009319 0.027438 0.00366889 0.00228633 -0.00897794 -0.0109633 -0.00554242 0.00140603 -0.00687058 -0.00246696 -0.00469864 -0.00491049 
-0.00148554 -0.0104989 0.000507081 -0.00668278 0.00657267 -0.0172502 0.020039 0.0149793 -0.0088221 -0.000566147 -0.0211119 -0.0121408 -0.0130043 -0.00876103 0.0420844 0.0197961 -0.0216527 0.24739 -0.0166799 -0.0244761 -0.0429391 0.0263337 -0.00938298 0.00554357 0.00296146 -0.0469061 -0.0342055 -0.00800712 -0.00641161 -0.0209617 0.0109082 -0.0136481 -0.000637132 -0.00414824 0.000657633 -0.000475627 0.00100447 -0.00417299 -0.0235276 0.00227133 -0.00960851 -0.00177191 0.0104711 -0.00109628 0.00242948 0.000539903 -0.00306092 -0.0115139 0.00806778 0.00727445 -0.0231303 0.00452532 0.0011723 -0.00403005 0.0040616 0.00569221 -0.00122761 -0.000445429 -0.00279522 -0.00823443 0.00150439 -0.00815017 -0.0020587 -0.00593224 0.00452176 0.009738 0.0118827 -0.00448414 -0.00821027 -0.00125102 0.00303669 0.00629856 -0.00336035 -0.00200657 -0.00190595 -0.000295103 0.000223278 -0.000774369 -0.000868464 -0.00575111 0.00150109 -0.00563413 0.00174817 -0.0219719 0.00456416 0.00491798 -0.0177894 0.0128259 0.00138456 0.00219258 -0.00541231 0.00194974 0.015273 -0.0129122 0.0257414 0.00130609 0.00332366 -0.00345791 -0.000999966 -0.000519306 
-0.0119469 0.0173872 0.00894725 -0.0125041 -0.00370455 0.0077762 0.00576189 0.00841494 -0.00533771 0.0162517 -0.0142822 6.06617e-05 0.00372995 0.0270243 -0.00755693 -0.00111785 -0.0430444 -0.0166799 0.247313 -0.0482811 0.0297087 -0.00790024 0.00630509 0.00723832 -0.00254833 0.0284375 -0.0295973 0.0453293 -0.0188572 -0.018689 -0.0376484 -0.00536636 0.00110725 -0.0053282 -0.00168062 -0.00140595 -0.00734529 -0.00367711 0.00547333 -0.00228428 -0.0172228 0.0302466 0.000507241 0.00104176 0.00846549 -0.00352636 0.00124671 0.00393353 -0.0338094 -0.00148549 0.0113205 0.00240447 -0.00853041 0.00178498 -0.00803744 -0.00415981 -0.0036099 0.00740518 0.00386234 0.00809784 -0.00833416 -0.00269667 -0.00871537 0.00660153 0.00109852 -0.00326966 -0.0341958 0.00379736 0.0114872 -0.00367673 -0.0178284 0.00393675 0.00451895 0.00527446 -0.00174343 0.00111903 0.00204348 0.00639878 -0.0001775 0.000501394 -0.00258712 -0.00431007 -0.00801256 0.00992511 -0.00467438 0.000276777 -0.0108842 -0.0134171 -0.00200182 -0.0194636 -0.00892147 -0.0144921 -0.0104557 -0.0040701 -0.0221399 -0.00170177 -0.00333819 0.00321148 -0.00700836 -0.00149273 
-0.00385425 0.00409006 -0.00993645 0.0152301 0.00536363 -0.00304266 2.65702e-05 -0.00112018 0.00225163 -0.0185649 0.0119528 -0.0318809 -0.000111404 -0.027906 -0.0145287 -0.0151913 0.0401406 -0.0244761 -0.0482811 0.234652 0.00597272 -0.0157058 -0.0490503 0.000197532 0.0301511 -0.0161909 0.0123382 -0.0103439 -0.0041638 0.0257385 0.0158555 -0.00290655 -0.0029442 -0.00499739 0.000929237 0.00281001 -0.00123612 0.00133341 -0.00511862 0.0107109 0.0101918 -0.0212543 -0.00776023 -0.00760631 -0.00689459 -0.00253337 -0.00459118 -0.00561868 0.00717975 -0.00402995 0.00379136 -0.00089173 0.00569693 -0.00432582 0.0081022 -0.00489577 0.00439594 -0.006434 -0.00406001 -0.0123244 -0.028661 0.000939768 0.00124019 -0.00127389 0.000349109 0.00127794 0.011963 -0.00376197 -0.00823131 -0.00606556 -0.00516793 0.00790737 -0.00349506 -0.000966623 0.014894 -0.00507248 -0.00740298 -0.0122678 -0.00915918 0.00297009 0.00102342 0.00500745 -0.00154455 -0.000314008 0.00516034 -0.012387 -0.00569544 0.000249835 -0.00212483 0.0161541 0.00671021 0.00402674 -0.00509354 0.00745932 0.0029352 -0.00679659 -0.00550759 -0.00338444 -0.00761257 -0.00261241 
-0.00824376 0.012738 0.0095145 -0.00914082 -0.000663244 0.017514 -0.00437654 -0.00926867 -0.00254451 -0.00897513 0.00882888 -0.00200986 0.00201865 0.0056583 -0.0339721 -0.0238251 -0.0137808 -0.0429391 0.0297087 0.00597272 0.230064 -0.0136976 -0.0407634 -0.00780329 0.0113423 0.0269557 -0.0172669 0.0272161 -0.00224442 0.0121955 -0.0261976 -0.00327895 0.00155708 0.00096172 -0.00304893 -0.000897111 -0.0016859 0.00281694 0.0192854 0.0208145 -0.00416613 0.00441065 -0.00609242 -0.00743708 -0.00810045 -0.00322087 -0.00501723 0.00878191 -0.0151671 -0.00163884 0.00214578 -0.0109136 0.00788929 -0.00321699 -0.00387519 0.00615926 0.00131019 0.00680475 -0.0032666 -0.00821845 -0.0126704 0.000890615 0.00332025 0.00303297 0.00414048 -0.0046339 -0.0139189 0.01161 -0.0096055 -0.00633788 -0.0116074 0.0029848 -0.00025482 -0.00487069 -0.00417912 -0.00367471 -0.00748472 0.00178439 0.00482199 -0.000284514 0.00266435 0.00436469 -0.00899307 0.00570942 -0.017458 -0.00755298 -0.014541 -0.00832344 -0.00416035 -0.00630706 0.0165011 -0.0191384 -0.0122128 0.0116342 -0.00597787 -0.00436353 -0.00805155 -0.000800452 -0.00124477 -0.000521694 
-0.00194961 0.00104191 -0.000318466 0.00477515 0.00521716 -0.0214321 0.00573633 0.0338737 -0.000270089 -0.00405433 -0.0174217 0.00541547 -0.0177127 -0.0588772 0.00892327 0.0287283 0.0188985 0.0263337 -0.00790024 -0.0157058 -0.0136976 0.248705 0.0148767 -0.0131248 0.00494686 -0.0182932 0.0119557 -0.000936038 -0.0325038 -0.0150661 -0.0170628 -0.00160102 -0.000215553 -0.00573002 -0.00130893 -0.00525326 -0.00628833 0.00254588 -0.0051496 -0.0182996 0.00151253 -0.0150332 0.00881405 -0.00113586 -0.0110609 -0.00315546 -0.00571133 -0.00290913 -0.00351071 0.00369585 0.0176513 -0.00749139 -0.0121572 -0.00552178 0.00923554 -0.000287323 -0.00605964 0.00862977 -0.00223411 -0.00329319 0.00962927 -0.00215895 -0.00266973 0.00314878 0.0147581 -0.00466651 -0.00787476 -0.00915028 -0.0162717 -0.00173637 -0.00834154 -0.00138517 0.00276179 -0.0124262 0.00875259 -0.000251746 0.00342925 -0.00122551 0.00340597 -0.0059846 0.00355189 -0.0028204 0.00360844 -0.00573265 -0.00939967 -0.00423973 0.00488835 -0.00184088 -0.000659876 0.00301242 -0.00444032 -0.0098995 0.0107854 -0.017006 0.0012102 0.000357941 -0.0105608 -0.00993532 -0.0136035 -0.000796623 
0.00138309 -0.013955 -0.00694322 -0.00358045 -0.00563232 -0.0113731 -0.0102048 0.00142351 -0.0075565 -0.00331912 0.0118844 0.0363115 -0.0106489 0.0233119 -0.0117159 0.0206084 -0.00384148 -0.00938298 0.00630509 -0.0490503 -0.0407634 0.0148767 0.243224 -0.00468459 -0.0400316 -0.0104872 0.000577906 0.0137326 -0.00066095 -0.0301754 -0.000200835 0.0103633 -0.00618875 -0.00299988 0.000849834 -0.00366652 -0.0049877 -0.00570049 -0.011225 -0.0285659 -0.00186149 0.0215296 0.000331694 0.00750549 0.000550313 0.00703038 -0.00314438 -0.00494185 -0.00458551 -0.00274225 -0.00496484 -0.00595686 -0.00593962 0.00745009 -0.00808482 0.000987926 -0.0128208 0.00197743 -0.00305298 -0.00344068 0.0301034 -0.00662309 0.00251335 -0.00852258 -0.00361786 -0.00227835 -0.0102921 -0.008802 0.0346335 0.0038599 0.00832186 -0.0126077 -0.00370878 -0.00829969 -0.004504 -0.000822238 0.0105722 0.00272824 0.00130729 -0.00129879 -0.00651803 -0.00407088 -0.00646771 -0.000772641 -0.00448378 0.00908952 0.00687961 -0.00296714 0.00257474 -0.0152699 -0.0163213 0.00102666 -0.00697072 -0.010851 -0.0103634 -0.00124271 0.00537636 -0.00725116 0.0099635 0.00284064 
-0.0056791 -0.00762234 0.00693831 -0.0102957 -0.00433453 -0.00727374 -0.00611761 -0.00638716 -0.00558087 -0.00448283 0.000776964 -0.0160622 -0.00476468 0.0141487 -0.0001161 0.00210708 -0.0189995 0.00554357 0.00723832 0.000197532 -0.00780329 -0.0131248 -0.00468459 0.248482 -0.000367967 0.0119015 0.00413106 -0.0170032 -0.0251526 0.00120455 -0.00159154 0.00680506 -0.0129527 -0.00344746 -0.000903941 0.00257785 -0.00220135 -0.00656454 -0.00522625 0.00313265 0.00228086 -0.0146485 0.00101702 0.00308292 0.00534759 -0.00491475 -0.00115637 0.00160775 -0.0184889 -0.00540201 -0.0124348 -0.0103709 -0.00675682 -0.00102462 -0.00757284 -0.0172394 -0.00512653 -0.00318501 -0.00306262 -0.00955287 0.00486046 -0.0057082 0.00795001 0.00126921 -0.00659466 0.00246283 -0.0113893 0.00542051 0.0133439 -0.00226539 0.00703964 0.00864769 -0.00358369 0.00327474 -0.0120062 -0.00419086 0.00222915 0.00154001 -0.00167747 -0.00370179 -0.00578556 -0.00408996 0.00150147 -0.0028026 0.00472553 0.00790836 0.00171369 -0.00948596 -0.00454265 -0.0098481 -0.0166877 -0.0145021 0.00562193 0.00475815 0.0215824 -0.000683351 0.00694837 -0.00153514 0.0152725 -0.0158333 
-0.000374981 -0.00692747 -0.00910494 0.00582038 0.000289034 0.00816593 0.0018926 -0.00809958 -0.00287136 -0.00610298 -0.00577414 -0.0417715 0.000474784 0.0139687 -0.0129548 -0.0209151 -0.0170521 0.00296146 -0.00254833 0.0301511 0.0113423 0.00494686 -0.0400316 -0.000367967 0.238775 -0.00224311 -0.0311767 0.000968648 -0.0138941 0.00750781 0.00702234 -0.0107674 -0.00410692 -0.000320857 0.00116384 0.000402965 -0.00212869 0.0021141 0.00289859 0.0107295 -0.00419753 -0.0124171 -0.000883467 -0.00340582 0.00553342 -0.00275359 0.00625225 -0.00507953 -0.00555347 0.00227945 0.0103362 0.0101183 0.000570273 0.000321494 -0.00083943 0.0149543 -0.00643379 0.0194684 0.00242189 -0.00393815 -0.0342215 -0.00449124 -0.00150338 0.00217717 -0.00288804 0.0110097 -0.0111746 0.00449719 -0.0145558 -0.00456478 -0.0113417 0.00414632 -0.00224092 -0.00246573 0.00371026 0.00144859 -0.0109936 -0.00053875 -0.00414305 -0.00125045 0.00253716 -0.00249051 -0.00738177 0.00119228 0.00644299 -0.00401126 -0.00349209 0.00453963 0.00300157 -0.00224742 -0.014746 0.001324 0.000211898 -0.00908247 -0.00638066 -0.00570317 -0.0182624 -0.00314894 -0.00225712 0.000523014 
-0.00738595 0.0133651 0.0130416 0.00642227 -0.00589202 0.00355569 -0.0181488 -0.0352524 -0.00151577 0.0121843 0.0155548 -0.0036488 0.00172052 0.0200956 -0.0222957 -0.0263854 -0.00512085 -0.0469061 0.0284375 -0.0161909 0.0269557 -0.0182932 -0.0104872 0.0119015 -0.00224311 0.222341 0.0173626 -0.010444 -0.0172286 0.0100458 -0.0281965 0.0217571 -0.000645306 0.00377955 -0.00244834 -0.000828071 -0.00330233 -0.00177256 0.000594894 0.0170038 -0.004089 -0.00434423 0.00448366 -0.00455585 0.000605783 -0.000159853 -0.00802309 0.00589466 -0.0182822 -0.00107041 -0.00532563 -0.0137819 -0.00802154 0.00131837 -0.00648145 -0.0110096 -0.0022396 -0.00927473 0.00705242 0.00142248 -0.0136904 0.00302851 -0.000583547 0.000541098 -0.0120636 0.00173014 -0.0165702 0.0102469 -0.008779 -0.00362051 -0.00377573 -0.00181686 -0.00365531 0.0045252 -0.00592595 0.00146578 0.000693046 -0.00175409 0.00257534 0.00105479 0.00144979 -0.00144236 0.00431363 0.00504995 -0.00405877 -0.00677045 -0.00549641 -0.0092628 0.00110061 -0.0125358 0.00420145 -0.00917637 -0.0123792 0.00622104 -0.00952031 0.000762152 -0.00203625 0.0228383 -0.00574673 -0.00674237 
0.0102736 -0.00327792 -0.00803916 0.0107062 0.0054052 -0.00563562 -0.0150804 -0.00393525 9.91621e-05 0.00322619 0.0062058 -0.00796261 -0.00789975 -0.0273176 -0.00402813 0.00952309 0.0514839 -0.0342055 -0.0295973 0.0123382 -0.0172669 0.0119557 0.000577906 0.00413106 -0.0311767 0.0173626 0.228638 -0.031013 0.0338205 -0.00190892 -0.00584314 0.00117713 -0.00729283 -0.00631384 -0.00137236 -0.00672723 0.00276477 -0.00407765 -0.00546563 -0.00530707 -0.00322549 -0.0233263 -0.0079108 -0.00541467 -0.00840023 -0.00193911 3.49515e-05 0.00608711 -0.00227654 -0.00599755 0.00909751 -0.0067024 -0.0177856 -0.00157928 -0.00370414 -0.0116028 -0.0103163 -0.00337587 -0.00715211 -0.00899057 0.00105208 0.00183491 -0.00155376 -0.00434333 -0.00633067 -0.00763557 0.0132354 -0.00244512 0.00490521 -0.00142527 0.00858904 -0.0123951 0.000655617 -0.0082019 0.00157461 0.00278592 -0.00483061 -0.00830169 0.00443929 -0.00182532 -2.23442e-06 0.00128209 -0.00896357 0.00215819 -0.0061211 0.00561935 0.00664812 -0.00283112 -0.00134951 0.012496 0.00489478 0.00236725 -0.00737671 -0.00244942 -0.00748985 -0.000472586 -0.00289328 0.00427755 0.00447628 -0.00851887 
-0.00336298 -0.00134351 -0.000853988 -0.0072429 -0.00268434 0.00813542 -0.00298747 -0.00404612 -0.00262698 -0.00269476 -0.00843444 0.00986937 -0.00106984 0.0325011 -0.0223224 -0.0113008 -0.0396946 -0.00800712 0.0453293 -0.0103439 0.0272161 -0.000936038 0.0137326 -0.0170032 0.000968648 -0.010444 -0.031013 0.238642 -0.00402489 -0.0201319 -0.0355406 -0.00478646 -0.00129301 -0.00775096 -0.00143791 -0.00281788 -0.00906903 -0.00049226 0.000347331 -0.0123209 -0.00737798 0.0160635 0.00526259 0.00435981 0.00421852 0.00459402 -0.00107702 -0.00133558 -0.0020915 -0.00057115 0.00590884 0.00628287 -0.00155081 0.00132548 -0.00535308 0.0053681 0.00315418 0.0013117 -0.00281854 1.43437e-05 0.000886882 -0.00691354 -0.000226078 -0.00664012 -0.00973963 -0.00283465 -0.0217851 -0.00840426 0.0141766 -0.00431399 -0.00816585 0.00893471 -0.00266537 -0.00264106 -0.0133939 -0.00306732 0.000739575 0.00483891 -0.00256262 0.000262178 -0.000208288 0.0030268 0.00722121 0.00807783 0.00323903 0.0100094 -0.0121283 -0.00420985 -0.000354059 -0.0139118 -0.00381056 -1.20053e-05 -0.0134975 0.00514875 -0.0388781 -0.00162184 0.00596696 -0.0132266 -0.00950241 0.00783426 
0.00698991 -0.00551973 -0.0100995 -0.0130673 -0.00367769 0.00963957 0.00418992 -0.0153623 -0.0050926 3.54027e-05 -0.0010971 -0.00172692 -0.00302428 -0.0051798 -0.0284749 -0.017764 0.0157464 -0.00641161 -0.0188572 -0.0041638 -0.00224442 -0.0325038 -0.00066095 -0.0251526 -0.0138941 -0.0172286 0.0338205 -0.00402489 0.232749 0.010957 0.00801472 0.000791239 -0.00171495 -0.0063251 0.00172909 -0.00327464 0.00368952 0.000507308 0.00893401 -0.00170745 -0.00454029 -0.00738704 -0.00865312 0.00235619 -0.01041 -0.00441492 -0.0124477 -0.00303082 0.010127 -0.00464008 -0.0109142 -0.00155342 0.00198328 -0.00878466 -0.00334168 -3.32657e-05 -0.00819206 0.00162088 -0.00681514 0.0138375 0.00512455 0.004885 0.00623981 -0.00118278 0.00281971 -0.00858235 0.0107435 -0.0131696 0.00949169 0.00118525 0.016978 -0.00205572 0.00409374 -0.0139586 -0.00477306 -0.00382906 0.00159704 -0.00275843 -0.00387432 -0.000682782 -0.000664835 0.00373931 -0.00301079 -0.000136962 3.7819e-05 -0.01572 -0.00303492 0.00502851 -0.000416976 -0.0030323 -0.00133876 0.012923 1.05793e-05 0.00153438 -0.02145 0.00107883 0.00767874 -0.0146723 -0.000238741 -0.000916465 
-0.000992874 5.08144e-05 -0.00503671 -0.0077623 -0.00147626 -0.00613021 -0.0041298 -0.0016738 0.011554 -0.00240167 -0.000691492 -0.00763994 -0.000310453 -0.0166146 -0.0067289 -0.010595 -0.00344777 -0.0209617 -0.018689 0.0257385 0.0121955 -0.0150661 -0.0301754 0.00120455 0.00750781 0.0100458 -0.00190892 -0.0201319 0.010957 0.152509 0.00617177 -0.00854833 0.0031749 -0.00169072 -0.0012075 -0.00178238 0.000942176 -0.000335211 0.012031 -0.00115341 0.00796442 -0.0122564 -0.00397533 -0.00329502 -0.0102959 -0.00319019 -0.00504424 -0.00157162 0.00662679 -0.0014381 -0.00699012 0.0022367 0.00340838 -0.00380085 -0.00145662 0.00193274 -0.000222121 -0.000273118 -0.0036296 -0.000180199 -0.00286524 0.00577904 2.49311e-05 -0.00206401 0.000876288 -0.0029239 0.00940412 -0.00453435 -0.00969167 0.000483503 -0.00256885 -0.00058026 0.0015908 0.00183997 0.000503912 -0.00300574 0.000636422 -0.00374774 -0.00341775 0.00284695 -0.00328645 0.00122303 0.00260318 0.00332957 0.00354013 -0.0144394 0.00779854 -0.00187821 -0.00311339 -0.000310535 0.00102072 0.00346786 0.00515412 -0.00256811 -0.00214013 -0.00190009 -0.000538938 -0.00246393 0.00111784 -0.00655235 
-0.00022247 -0.0150356 -0.0106443 0.00278232 0.00307374 -0.00708907 0.0104467 0.00605252 -0.00121806 -0.0120255 0.00402021 -0.00476949 -0.00280589 -0.017555 4.20528e-05 0.0101295 0.0183076 0.0109082 -0.0376484 0.0158555 -0.0261976 -0.0170628 -0.000200835 -0.00159154 0.00702234 -0.0281965 -0.00584314 -0.0355406 0.00801472 0.00617177 0.184765 -0.00460301 -0.00322203 0.00303795 -8.58847e-05 0.00286046 0.00214002 -0.000546215 -0.00511901 -0.0109389 0.00617615 -0.00458092 -0.00580536 0.00566993 -0.00491494 -0.000213082 0.0100947 -0.00200944 0.00407936 -0.00045811 -0.00478117 0.0088916 -0.00107821 0.000265593 0.0039622 0.00449007 0.00206178 0.00437029 0.00198684 -0.00118162 0.000938238 -0.00394017 -0.0080489 -0.00243714 -0.00112441 -0.00171767 0.0107269 -0.00466026 -0.00953613 -7.09439e-05 -0.00515607 -0.0114247 -0.000599352 -0.00318965 0.00524422 0.000303904 -0.00221341 -0.00582349 -0.00168379 -0.00200918 -0.00152804 -0.00387046 -0.0092411 0.00034796 0.00266771 -0.0131726 0.0110221 -0.000537089 -0.00628884 0.00266841 -0.0133183 0.00170661 0.00371901 -0.012581 0.00290587 -0.000425464 -0.000675017 -0.00259301 0.00482956 0.0062914 
-0.00160676 -0.00683163 0.00679731 0.0164046 0.00205015 0.00196408 -0.0120293 -0.0105786 -0.00212659 -0.000674563 -0.00021081 -0.00290765 -0.002776 -0.000764464 -0.0114526 -0.00790152 0.0041053 -0.0136481 -0.00536636 -0.00290655 -0.00327895 -0.00160102 0.0103633 0.00680506 -0.0107674 0.0217571 0.00117713 -0.00478646 0.000791239 -0.00854833 -0.00460301 0.138309 -0.000665397 0.00317729 -0.000727166 0.00482541 -0.0034544 -0.00113164 -0.000106299 0.00706281 -0.00367488 -0.0131037 0.00537142 0.00238038 5.58603e-05 0.000794103 -0.00441585 0.00077538 -0.0081039 -0.00068884 0.00579634 -0.0102048 0.00530324 -0.000472069 -0.00331463 0.000970368 -0.00506143 -0.00222044 -0.00289924 -0.00416957 -0.00189075 -0.00362875 0.00128089 -0.00242375 -0.00923957 -0.000553588 -0.0145966 0.00318296 -0.0124532 -0.00222905 -0.000863977 0.00141823 -0.000103221 -0.00124504 -0.00619188 0.00013205 -0.000609119 -8.73981e-06 -0.00109694 -0.000655783 -0.00227048 -0.00217226 -0.00369014 -0.00666658 -0.00901897 -0.00521846 0.0146024 -6.00246e-05 -0.000633084 -0.00341666 0.000594564 -0.00076135 -0.00194303 -0.001666 -0.00562771 0.00575341 0.00875258 0.00115656 0.000587661 -0.00378245 
-0.00171789 -0.000468543 -0.002291 -0.000999019 -0.000673788 0.00260071 -1.71417e-05 0.000693363 0.000229122 0.00124851 -0.00435654 0.000953184 0.00025212 -0.000689658 -0.000312699 -0.000881674 -0.00308563 -0.000637132 0.00110725 -0.0029442 0.00155708 -0.000215553 -0.00618875 -0.0129527 -0.00410692 -0.000645306 -0.00729283 -0.00129301 -0.00171495 0.0031749 -0.00322203 -0.000665397 0.046837 -3.86328e-05 -0.000118471 0.000347318 -0.000568856 0.000313864 0.00127641 -0.000413435 0.00151767 0.0024165 0.000783847 -0.00134303 -0.000109461 -0.000319437 -0.00130485 -0.000424881 0.00227756 -0.000126297 -0.00261092 0.00120808 -0.000140254 -0.00050577 0.000788865 4.05853e-05 0.000721229 -0.000208079 0.00151699 0.00210136 -0.00264251 -9.17878e-06 6.45553e-05 -0.000591767 0.00374891 -0.000484307 1.21593e-05 -0.00102489 -0.00304414 4.35474e-05 -0.00302107 0.00106112 0.000228376 0.00209438 -0.00125337 -5.49336e-05 9.42326e-05 0.00222739 -0.000451059 -0.000147208 0.00115164 -0.000727575 0.000480236 -0.00208879 0.00171108 -0.00114287 -0.0016112 0.00103623 -0.000182822 -0.00122503 0.000843718 0.00106901 -0.000865861 -0.000827598 -0.000660491 -0.000251813 -0.00174072 0.000618341 -0.0013775 0.000583006 
-0.000721384 -0.00142091 -0.000363284 -0.00831821 0.000318604 0.00330923 -0.000355553 -0.00360372 0.00623446 -0.000618635 -0.00265272 0.00367688 0.000813973 -0.00391872 -0.00291433 -0.00478566 -0.00246114 -0.00414824 -0.0053282 -0.00499739 0.00096172 -0.00573002 -0.00299988 -0.00344746 -0.000320857 0.00377955 -0.00631384 -0.00775096 -0.0063251 -0.00169072 0.00303795 0.00317729 -3.86328e-05 0.0727234 -0.000185456 0.0034968 -0.000281461 -0.00110626 -0.00338182 -0.000101869 0.00280052 -0.000982126 0.00281348 -0.00168807 0.00102229 -0.000683277 -0.00346057 0.00355904 -0.00182192 0.000864898 9.94805e-05 -0.00127079 -0.00308506 -0.00032549 -0.00122277 0.00191664 0.00575031 0.00134724 -0.00183801 -0.000617852 0.00236589 -0.00228716 -0.000689178 0.000632593 0.000825002 -0.000587456 -0.000754566 0.000801919 -0.00662645 -0.00113408 0.00668095 -0.00346218 -0.000351785 -0.00250466 -0.00192769 0.00141616 -0.00237855 0.000624899 0.00118352 0.00123877 -0.000647151 -0.000628299 -0.00251787 -0.00297671 0.00145053 -0.00194942 0.00822507 -0.00110325 -0.00155534 -0.00195255 0.000894056 -0.00264831 -0.00205122 0.000212733 -0.00334023 0.00104992 -0.000468891 -0.00253334 -0.000885638 0.00193455 
