0.0749919 -0.00180093 0.00191716 0.000629241 -0.00192568 -0.0010028 -0.0021463 -0.000315592 -0.000735854 0.000535197 0.00304025 -0.0023205 -0.00714355 -0.00925762 -0.00680528 -0.00434091 0.00429087 -0.00252347 -0.0127002 -0.0064194 -0.000732553 -0.00506505 0.00425093 0.00727298 0.00268017 -0.00524099 0.00141391 -0.00310956 0.00249947 -0.00109368 -0.00129169 0.00892502 -0.000994978 -0.000354461 -0.00181527 0.00147152 0.00212867 -0.000457301 0.000868504 -0.00307429 -0.000569311 -0.0033034 0.00180614 0.000867116 -0.00325598 -0.00115359 0.00290167 -0.00157209 0.00146134 0.00188577 -0.00404216 -0.00648823 -0.00158912 0.00270786 -0.000156981 -0.000466765 0.0034374 -0.00582651 -0.00238807 0.00053999 -0.000141859 0.000521061 0.00188767 -0.00270106 -0.00517873 -0.00325914 0.00121498 -0.000265127 -0.00152149 0.00182577 0.00140652 -0.0043167 0.00449935 -0.00188062 -0.000520836 0.00119263 -0.00377269 0.00031012 -0.00339473 0.00700458 -0.00247012 0.000624573 -0.00480142 -0.00101694 -0.00371855 0.00315213 -0.000574509 0.000671802 -0.000249182 0.000344361 0.000548022 -0.000705183 -0.000647374 -0.000287892 -0.00119355 0.00111907 -0.00443064 0.00125162 0.00160298 -0.0011718 
-0.00180093 0.18158 -0.00149406 -0.00693965 -0.00858931 -0.0132761 -0.0089784 -0.00787187 -0.00403299 -0.00580522 0.000872576 -0.00572244 0.00308233 0.00385994 -0.00275685 0.0069212 -0.00667288 -0.023924 0.0181676 -0.0140044 -0.0107798 0.00475974 -0.0063617 -0.00210126 -0.00223528 -0.00261823 -0.0145959 0.00101507 0.00686276 0.00958475 -0.00484874 -0.00105206 0.00606269 0.000807272 -0.00107751 0.00375888 -0.0159611 -0.00638957 0.00389359 -0.00669503 -0.00132755 -0.00885701 -0.00636891 0.000499463 -0.00662643 -0.00549276 -0.0055346 0.00393789 -0.00138288 -0.00148749 -0.00468441 -0.00130406 -0.00406103 -0.00707422 0.0037728 0.00473683 0.00225188 -0.00335256 0.00842127 -0.00589215 -0.000433853 0.00434059 0.0131087 -0.00068094 0.0130934 0.00275656 -0.0140686 -0.00173421 0.00508584 0.00314651 -0.00549811 0.00357548 -0.000539606 -0.00327809 0.00685248 0.000179492 -0.00676046 -0.00908136 0.00504034 -0.00422721 0.00614117 0.000430355 -0.00866452 0.00908216 -7.93316e-05 -0.00328447 -0.00206594 0.00125886 0.00249261 -0.00130337 -0.000478473 -0.00949124 0.000247554 -0.000546838 -0.00570326 -0.00314067 -0.016498 -0.00363023 -0.00215079 0.00169035 
0.00191716 -0.00149406 0.0567854 -0.00373498 0.000530645 -0.00145903 -0.00564845 -0.00301624 -0.00388403 0.000891998 0.00604636 3.48696e-06 0.00465595 0.000553102 0.00194404 -0.00324172 -0.00765463 -0.00234279 0.0113694 0.00258655 -0.00438439 -0.0113467 -0.00151427 -0.0138054 -0.00260806 0.0042934 0.00108748 0.00292951 -0.00175464 -4.61916e-05 -0.00354334 -0.00361668 0.00568043 -0.00206277 0.000349393 0.000621015 -0.00358729 -6.8321e-05 -0.000647499 -0.00115534 -0.00175577 -0.00236328 0.000182852 3.33237e-05 -0.00147078 -0.000929314 -0.00123979 -0.00313256 -0.00052677 -0.000305654 -0.000928699 0.00388167 0.00205819 0.00160207 -0.000405325 -0.000793638 8.45402e-05 -0.00873258 0.0052842 -1.34783e-05 2.8746e-05 0.00135539 -0.000458734 -0.00116151 0.00314314 -0.00239462 -0.00508195 -0.000159373 -0.00104284 -0.000396573 -0.000351346 -0.00112863 0.00411797 0.000123413 0.00023402 -4.50478e-05 0.00183578 -0.000718779 -0.00161677 -0.00424358 0.00475584 0.0010601 -0.0023134 -0.000915209 0.00109762 0.00547229 0.000607991 -0.00374098 0.00183068 0.000104121 -0.000976579 0.000134843 0.00114124 0.0003231 -0.00113102 -0.000746274 -0.00436626 -0.00280025 -0.000444154 -0.00129013 
0.000629241 -0.00693965 -0.00373498 0.0903389 -0.00124825 0.0051928 -0.000971242 0.00493281 0.0031064 0.000231828 -0.00712635 0.000353158 -0.00669889 0.000624157 0.00111738 -0.00710853 -0.00175622 0.00271856 -0.0106842 -4.38794e-05 -0.0025747 -0.00619811 -0.00121531 0.00404033 -0.00613319 0.000870534 0.00189691 -0.00189587 0.00068404 0.0006904 -0.000816361 0.00428516 -0.00355606 -0.00258871 -0.0022122 -0.00229507 0.0158651 -0.000518163 -0.000346259 0.00124495 0.00409335 -0.000446965 -0.00197735 -0.00248106 -0.00102172 -0.00262853 0.00200817 -0.00656752 0.000151573 0.000902729 -0.00177862 0.00257771 0.0024371 0.000408697 0.00184031 -0.000846838 0.00108309 -0.00196293 -0.000907619 -0.000704784 0.000482734 -0.000817961 0.0104845 0.00133467 -0.00758416 -0.00403161 -0.00253446 -0.000597736 -0.00240302 -0.000163583 0.00068521 -0.00758254 -0.00364382 -0.000974967 -0.0031622 -0.00103827 -0.00302104 0.000146744 -8.30414e-05 -0.00503472 -0.00714773 -0.00138907 -0.0058968 -0.00375819 -0.00159893 -0.00504813 -0.000575267 -0.000488234 -0.00124852 -0.000599494 -0.000471037 0.00402248 -0.00104732 -0.00100581 0.00373491 -2.32371e-05 0.00164157 -0.00358131 -0.00179213 -0.000527865 
-0.00192568 -0.00858931 0.000530645 -0.00124825 0.110502 0.00179922 0.000528718 0.00656325 0.00717574 0.0050703 -0.00136559 -0.00624292 -0.00292016 -0.00995066 -0.011855 -0.00945841 -0.0111538 0.0010234 0.000161097 -0.0129402 0.00275655 -0.0114587 -0.00460471 -0.00920878 -0.00972841 0.0103291 -0.00964144 0.00575498 -0.000130584 0.00757546 -0.000175949 -0.00357098 0.00347565 -0.00198637 0.00221389 -0.00237806 0.00488266 -0.00157891 -0.00176466 0.00630594 -0.000456288 -0.00190429 -0.00263762 -0.00185184 -0.00362341 0.00109851 0.000902222 0.000260163 0.00225142 0.000398738 -0.00272403 -0.00398338 -0.00241708 0.00605485 -0.000679114 0.000564711 -0.000690668 -0.00568878 0.00176763 -0.00451834 -0.000701756 -0.00257221 -0.00596078 0.00326507 -0.000864659 -0.00302829 -0.0067617 0.00253758 -0.00301566 0.00085887 0.0005708 9.90244e-06 -0.00636382 0.000876404 7.29351e-05 0.000724694 0.0045356 -0.00357607 -0.00349649 0.0031362 0.00585745 0.000987843 0.000118746 -0.0043849 0.00443202 0.000312587 -0.00135129 0.0012684 -0.00267037 -0.000212611 -0.00338183 0.001519 -0.000864891 0.000776829 -0.00272691 -0.00124857 -0.00163536 -0.000585594 -0.00160891 0.000257272 
-0.0010028 -0.0132761 -0.00145903 0.0051928 0.00179922 0.133636 0.00638292 0.00292126 0.00460736 0.00120801 -0.0115246 -0.00275381 4.64901e-05 -0.0216773 -0.0126954 -0.00246125 0.00827153 0.00117195 -0.0321295 -0.000202369 0.00851152 0.0246736 0.00569501 0.00622146 -0.00586769 0.00523712 -0.00859394 -0.00424038 -0.00116636 0.00725609 0.0109441 -0.00384877 -0.0102561 -0.00315638 0.00197254 0.00137875 -0.00162308 0.000632192 -0.00280621 0.0117034 -0.00552447 -0.00266922 0.00274766 -0.000914741 0.00106213 0.00416446 -0.00796508 0.0005114 -0.00224442 -0.00490057 -0.00235052 -0.000801989 -0.0039343 -0.00634126 -0.00424501 -0.000512834 0.00155065 0.0113907 -0.00716142 0.00830931 -0.000381088 -0.000964874 0.00533486 -1.30767e-05 -0.00331707 -0.0111345 0.00294392 0.00065394 -0.00424 -0.000637224 -0.000372874 -0.0018956 -0.00528037 -0.000544757 -0.00552229 -0.00287358 -0.000775057 -0.00068415 -0.00532604 -0.00228447 -0.00709938 -0.000748445 0.000521731 -0.00456672 0.000623882 -0.00741237 0.000843116 -0.00161198 -0.00186926 0.000843434 0.00107649 -0.016585 -0.00329119 -0.000685359 -0.00176796 0.00104005 -0.00462423 -0.00746014 0.000864014 0.000330843 
-0.0021463 -0.0089784 -0.00564845 -0.000971242 0.000528718 0.00638292 0.200053 -0.011924 0.0127578 0.000740213 0.00317062 -0.00516152 -0.00711206 -0.0353678 -0.0106006 0.024042 0.0174089 -0.0106461 -0.0271085 -0.00649935 0.00979681 -0.00166123 -0.0177348 0.0253461 0.00418912 -0.0165166 0.00350217 0.0121729 -0.00163816 -0.0013687 0.00661948 -0.0125299 -0.0154741 0.00732649 -0.0046653 -0.00200652 0.00179263 -0.00232241 0.00491214 -0.00760158 -0.00488498 -0.00658958 -0.00302314 -0.00284436 -0.0107951 0.00771959 0.00463344 0.0154734 -0.000887677 -0.00354276 0.0023821 -0.0112265 -0.00441613 -0.00853862 -0.00103538 -0.00244162 -0.00366632 0.0329801 -0.00531474 0.00406398 -0.000421907 6.92576e-05 0.00425381 -0.00179527 -0.00819844 -0.0141699 -0.00937564 -0.00150488 -0.00815701 -0.00269569 -0.00495153 -0.00227008 -0.00749134 -0.00533186 -0.00450683 -0.00304628 -0.00310034 -0.000244958 -0.00566681 0.00566256 0.00631319 -0.00662083 -0.00248865 0.0111491 -0.0145427 -0.0165663 0.000431272 0.0190732 -0.0106078 -0.00184242 -0.00349855 -0.00779765 -0.000982284 -0.00353729 -0.00453509 -0.000456417 -0.0061981 -0.00528564 -0.00567153 0.00350382 
-0.000315592 -0.00787187 -0.00301624 0.00493281 0.00656325 0.00292126 -0.011924 0.135609 0.00261338 -0.00397709 -0.00884948 -0.000286898 -0.00613585 -0.0105403 0.00931966 -0.00348659 0.0171146 -0.00331249 -0.0036432 -0.0121063 -0.00155547 0.00290696 0.0027962 -0.0122342 -0.0108072 -0.0152142 -0.0133476 -0.00566953 0.000736944 0.0121668 0.00111663 -0.000408191 0.00930279 -0.00302655 -0.00302088 1.59941e-05 0.00220753 -0.00147682 -0.0019519 -0.00126656 0.00355954 -0.000202139 0.00157237 -0.000143433 0.00138638 -0.000830876 -0.0091917 0.0116207 0.00154137 0.00452274 -0.00347942 -0.0129815 0.000578463 -0.00371328 0.0025664 2.5392e-05 -0.000402895 -0.00078802 -0.00513498 -0.00293314 -0.000308558 -0.000994039 -0.00401589 0.000427034 0.00457651 -0.0036778 -0.00104923 0.00393092 -0.000749183 -0.000734054 0.000460174 0.000864994 -0.0110994 0.000355045 -0.0027201 0.000184033 -0.0033136 0.00191011 -0.00330898 -0.0108676 -0.00253276 -0.00307243 -0.00805521 -0.00768675 0.00864938 -0.00960951 -0.000866679 0.00727797 -0.00246685 -0.000408675 -0.00153946 0.00129791 -0.00258514 0.00132422 0.00238442 0.0015495 0.000406653 -0.00394999 -0.0027974 0.000359285 
-0.000735854 -0.00403299 -0.00388403 0.0031064 0.00717574 0.00460736 0.0127578 0.00261338 0.119181 0.00027983 -0.001871 3.43418e-05 -0.0176023 -0.0127238 -0.0045828 -0.0026847 0.00559245 -0.00751567 -0.0188002 0.00104782 0.00714654 -0.0053171 -0.00303843 0.00454425 -0.00305286 -0.00993682 -0.011029 0.00958764 0.00752077 -0.00756035 0.00392851 0.00402548 -0.0079021 0.00185884 0.0025572 0.000155071 0.00462327 -0.00327252 -0.00128999 0.000647746 -0.00119233 -0.00144159 0.00376675 -0.000396491 -0.000567731 0.00304584 0.000536731 0.000232116 -0.00118249 -0.000111588 -0.00554467 -0.00828891 -0.00355832 -0.00632475 -4.46023e-05 -0.00227384 -0.00162946 -0.00378889 0.00204071 -0.00263329 -0.000679791 0.000325641 0.000465731 -0.00312378 -0.0030116 -0.00406553 -0.00130039 0.000624157 0.000408556 -0.000865928 0.00670395 0.00415341 -0.00823073 -0.000247936 -0.00265994 0.0033949 0.00184366 -0.00656479 -0.00236168 -0.00696326 -0.00081134 -0.00208814 -0.00168444 -1.90922e-05 0.0018964 -0.0111042 -0.00153191 0.00354603 -0.00425959 -0.00116734 0.00354598 0.000973943 -0.000420284 0.00114889 -0.00266786 0.00018753 -0.00714378 0.00115149 -0.00362716 -0.000572129 
0.000535197 -0.00580522 0.000891998 0.000231828 0.0050703 0.00120801 0.000740213 -0.00397709 0.00027983 0.0782882 0.00186833 0.000908006 0.00162125 -0.000158791 -0.0148119 -0.00295728 -0.00497289 -0.0118184 -0.00667065 -0.00198062 0.00481588 -0.000839837 -0.0074954 -0.00533642 0.00019947 0.00302368 0.0061542 0.0039716 9.3785e-05 -0.00332913 -0.00331769 -0.00318827 0.000892311 -0.000514074 -0.00251865 -0.00172342 0.00118865 0.00089603 -0.000335533 -0.00129993 1.31314e-05 3.19324e-06 -0.000116921 -0.000671791 0.00151211 -0.00461025 -0.00211453 -0.000659693 0.000994165 0.00107539 0.0002237 -0.00563398 -0.001034 0.00700255 -0.00291844 -0.00088908 0.00172832 0.0029795 4.56192e-05 -0.000173548 -0.000897707 -0.00142567 -0.00258487 0.00336922 -0.0063788 -0.00121157 -0.00189162 0.00087045 -0.00164671 0.00173621 0.000271525 0.000203691 -0.00394066 -0.00200635 -0.00308178 -0.00228276 0.000588908 -0.00261185 -0.00220008 -0.00063723 0.000383901 -0.000849281 -0.00209824 0.00291795 0.00118986 0.000819755 -0.000238131 -0.00089973 -0.0020794 -0.000556273 9.73103e-05 -0.00129267 -0.00183425 0.00045765 -0.000327041 0.00254703 0.00430286 -0.00245317 -0.000173137 -0.000740234 
0.00304025 0.000872576 0.00604636 -0.00712635 -0.00136559 -0.0115246 0.00317062 -0.00884948 -0.001871 0.00186833 0.191948 0.00146474 -0.00912391 0.0125497 -0.00643911 -0.0027383 -0.0257639 0.00646165 0.0203435 -0.00404705 0.0096751 -0.0250353 0.011944 -0.0177013 0.0100617 -0.0103074 0.0417133 -0.00408432 -0.00897532 0.00116595 -0.014532 -0.00642797 0.00550182 -0.00139357 -0.00111181 0.000241366 -0.0142133 2.61444e-05 0.00364305 -0.00546184 0.00120352 -0.00178182 -0.00148368 -0.00193751 0.000104115 -0.00571402 -0.00632315 -0.0138129 -0.00131524 0.000237923 -0.00028105 0.0033485 -0.00305794 0.0060967 -0.0053483 -0.00512415 -0.00227306 -0.0172498 0.00905961 0.000411368 -5.35986e-05 -0.00047954 -0.0123658 -0.0063833 0.00281678 -0.00195406 -0.0155393 -0.00388392 -0.000294924 -0.000606205 0.00175638 0.000153715 -0.0114048 -0.00200689 -0.000979109 0.000437447 -0.00455773 0.00451192 0.000306152 -0.00483428 -0.000289574 0.0039594 -0.00862154 -0.00203125 0.00239453 -0.00419427 0.00131566 -0.0113991 0.00518923 -0.00178426 -0.00390154 0.00205352 -0.00165845 -0.0022632 -0.002891 -0.00377368 -0.0126784 0.000910382 -0.00100429 -0.00237473 
-0.0023205 -0.00572244 3.48696e-06 0.000353158 -0.00624292 -0.00275381 -0.00516152 -0.000286898 3.43418e-05 0.000908006 0.00146474 0.0831525 -0.00285675 -0.0020363 0.00205738 0.00536826 -0.00955014 0.00117934 0.00358726 0.0145203 0.00186408 -0.00776143 -0.00775237 -0.00932672 0.00361368 0.00679115 -0.0021325 0.00566097 -0.00299521 -0.00631105 -0.00123238 -0.00564486 0.00290842 -0.00044904 -0.0024048 -0.00126394 0.00313981 0.000271021 0.00174541 -0.00178605 -0.00407218 -0.00343087 -0.0013189 -0.00144877 -0.000901242 -0.00206431 0.00358307 -0.00253869 -0.00106375 -0.000653512 -0.00163372 -0.00104652 0.00221853 -0.00497334 0.000116313 -0.00170015 0.00224798 0.00397983 0.0068149 0.00399843 -0.000231116 -0.00119796 0.000749611 -0.000859774 -0.000375008 0.0036006 -0.00960233 -0.000426523 -0.0015107 0.000885716 -0.000667828 -0.00634166 -0.00200276 -0.00107779 0.00112225 0.00200814 0.00155604 -0.000894715 0.00186742 -0.00378778 0.00531696 0.0010649 -0.00685738 -0.00417488 -0.00332072 -0.00600325 0.000132939 -0.00534056 0.00291949 0.00166418 0.000860832 -0.00113389 0.000796278 1.94685e-05 -0.00353963 -0.000501194 -0.0082244 -0.00369984 -0.000892679 -0.000645224 
-0.00714355 0.00308233 0.00465595 -0.00669889 -0.00292016 4.64901e-05 -0.00711206 -0.00613585 -0.0176023 0.00162125 -0.00912391 -0.00285675 0.147538 -0.00593021 -0.0118359 -0.0100361 -0.0135697 0.00374792 0.00721303 -0.00781437 -0.0118302 0.00238963 -0.0264893 -0.000238304 -0.0327587 0.0115318 -0.00753132 0.00887224 0.000332955 0.00370332 0.00747861 -0.0184102 0.00953106 -0.000433908 0.00229015 0.000398715 -0.0107977 -0.000576099 0.000855648 0.00623549 -0.0075936 -0.000603109 0.00170664 0.000674722 -0.0115268 -0.0038491 0.00355881 -0.000415503 -0.000780898 -0.00119963 0.0113505 0.00489679 0.0109434 -0.00671018 -0.00310567 0.00388894 -0.00294754 0.00449129 0.00183667 0.00450788 0.000470998 0.00133355 -0.00771125 0.00981652 0.00431016 -0.00406334 -0.0114609 5.12289e-06 -0.00116234 -0.00012187 -0.00560867 0.0109177 -0.00996107 0.0033446 -0.00111754 -0.00243136 0.0071548 0.000179911 -0.00468769 0.00997953 0.00432971 0.00154804 0.0088055 -0.00247331 -0.00498986 -0.00236616 0.00129787 -0.000817997 0.00143674 0.000838154 -0.00125885 -0.0126449 -0.00179702 0.00116456 -0.00164672 0.00312065 -0.00152497 -0.00252896 -0.00172498 -0.00075675 
-0.00925762 0.00385994 0.000553102 0.000624157 -0.00995066 -0.0216773 -0.0353678 -0.0105403 -0.0127238 -0.000158791 0.0125497 -0.0020363 -0.00593021 0.236944 -0.02116 -0.00844478 -0.0329672 -0.0142116 0.018338 -0.00685618 -0.025844 -0.0073208 0.0161471 0.00138528 0.0238419 -0.00029316 0.0543382 -0.0114653 -0.0168625 -0.0022124 -0.0142923 0.00399241 -0.0038122 -0.0109225 0.00144716 -0.00430654 -0.00369034 -0.00735343 -0.00370578 -0.00646084 0.00395692 -0.00195898 -0.00978215 0.00419559 0.00831028 0.00104248 0.00545791 -0.00165064 -0.00241645 0.00206365 0.00864417 0.0247072 -0.0104928 0.00190925 -0.000226753 -0.000286022 -0.0036095 -0.0265581 -0.00369844 -0.0138953 -0.000250151 -0.00599288 -0.0149513 -0.000145389 -0.0131406 0.00368047 0.00664949 -0.00273352 0.0115045 -0.00137172 -0.00549512 -0.000712371 -0.00579374 -0.0071881 -0.00303697 -0.00671935 1.12665e-05 -0.00188041 0.00998164 -0.0119314 -0.014329 0.00127908 0.00384614 0.00493701 0.00101153 0.00756088 -0.0033224 -0.0165323 -0.00615274 -0.00115417 -0.00735879 0.0233819 -0.00461427 -0.00250855 0.00184373 -0.00541371 0.0173243 0.000470078 0.00380767 -0.00446912 
-0.00680528 -0.00275685 0.00194404 0.00111738 -0.011855 -0.0126954 -0.0106006 0.00931966 -0.0045828 -0.0148119 -0.00643911 0.00205738 -0.0118359 -0.02116 0.201768 0.0232225 0.016 0.0122262 0.0487182 0.00199126 -0.00705562 -0.0271343 0.0116551 -0.0212789 -0.0213537 -0.013945 -0.0319944 -0.00962053 -0.0018103 -0.00724825 -0.00260788 -0.00165395 0.00415599 0.00190162 0.00415522 2.34199e-06 -0.00532072 -0.00299477 -0.00371766 -0.00794951 0.00367754 -0.00332458 -0.00399185 0.00173235 -0.00646424 -0.00743495 -0.00801006 -0.0113199 -0.00279153 0.000157356 -0.00755697 -0.009571 0.00632673 -0.00224637 0.00444486 -0.000653128 -0.000963017 -0.016871 -0.00611038 0.000905526 -0.00129305 0.0038682 0.000865639 -0.00576487 0.0359609 0.0074031 -0.00950358 -0.00101933 0.00337699 -0.00146328 -0.00218319 -0.007565 -0.00777614 0.00211578 0.00361629 0.00165978 -0.00564526 -0.00816598 0.00433597 -0.0105689 0.01301 -0.000845641 -0.00355227 -0.000816569 -0.00974168 -0.000648895 0.000461963 0.00438211 0.00281757 0.00149642 0.0022088 -0.00186066 0.00433389 0.00386481 0.00378263 -0.0056259 -0.0149258 -0.000951558 0.000810763 -0.00139645 
-0.00434091 0.0069212 -0.00324172 -0.00710853 -0.00945841 -0.00246125 0.024042 -0.00348659 -0.0026847 -0.00295728 -0.0027383 0.00536826 -0.0100361 -0.00844478 0.0232225 0.231225 -0.00273806 0.0326472 0.0258713 0.0485255 0.0195136 -0.0416907 -0.0280734 -0.00363912 0.00118927 0.00374028 0.000797202 -0.01352 -0.00331967 -0.0176686 -0.0129418 -0.0241297 0.00277402 -0.00409024 -0.0111673 -0.00450275 -0.00333799 0.000636782 0.00465092 -0.00486887 -0.0161587 -0.00464755 -0.00462295 -0.00302638 -0.00743327 -0.0112812 0.0074224 -0.00836643 -0.000515584 0.00373354 -0.0113816 -0.00570739 -0.00593983 0.0111903 -0.00412596 -0.00226056 -0.00220129 0.034385 0.000667775 0.00929831 -0.000376633 -0.000780081 -0.00937927 -0.00701188 -0.01623 -0.00611435 -0.0306038 -0.0023847 0.0039332 -0.00251681 -0.00273898 -0.0190669 -0.0077854 -6.10648e-05 -0.00117 0.00931322 -4.00257e-06 -0.00688549 0.00181552 -0.0248725 0.00897819 0.00695507 -0.0110236 0.00052708 -0.0101175 0.0136779 -0.000647544 0.00737558 0.00247917 0.000164968 -0.00552375 -0.0214661 -0.000505864 0.00153557 -0.0056269 -0.00555123 -0.015535 -0.0126077 -0.00658774 -0.00108767 
0.00429087 -0.00667288 -0.00765463 -0.00175622 -0.0111538 0.00827153 0.0174089 0.0171146 0.00559245 -0.00497289 -0.0257639 -0.00955014 -0.0135697 -0.0329672 0.016 -0.00273806 0.236923 -0.0124001 -0.0170168 -0.0516504 0.0126658 0.0264715 -0.0121974 0.0196721 -0.0257441 -0.0090581 -0.0326266 -0.0153185 0.0033175 0.0103056 0.0179091 0.0104603 -0.0206406 0.00184515 -0.000230077 0.000774823 -0.00199364 0.00161235 -0.00613255 0.00194196 0.00959749 0.0121619 0.00983587 0.000919801 3.38936e-05 -0.00611276 -0.00962148 0.0192336 -0.00373067 -0.00259808 -0.0213366 -0.00315005 -0.0138842 -0.00665589 -0.00553753 -0.00568917 0.00176673 0.0042371 -0.0211104 -0.00858704 0.000827375 0.00129055 0.00959627 -0.00869214 5.20842e-05 -0.000129565 0.0251665 0.00114736 -0.0133291 -0.00485735 -0.0182685 -0.00874321 0.0109143 -0.00302841 -0.0090664 0.0042611 -0.0140655 0.00670544 -0.00751647 -0.0144963 -0.00797218 -0.013221 -0.000227011 -0.00675883 0.00269312 0.00821752 0.0012969 0.0173836 -0.00916325 -9.49797e-05 0.000416124 -0.00589242 -0.0042727 -0.00231036 0.0079092 0.00514719 0.0221906 -0.0115888 -0.0026969 0.00063425 
-0.00252347 -0.023924 -0.00234279 0.00271856 0.0010234 0.00117195 -0.0106461 -0.00331249 -0.00751567 -0.0118184 0.00646165 0.00117934 0.00374792 -0.0142116 0.0122262 0.0326472 -0.0124001 0.218092 0.00493884 0.0488286 0.00835055 -0.0285663 -0.021685 -0.00333767 -0.0247601 0.0135518 -0.001366 0.00558299 -0.00666213 -0.0113892 -0.00232765 -0.0226996 -0.00897282 -0.00156885 -0.00761244 -0.00254714 -0.00677128 0.00300028 0.00162058 0.00597604 -0.00827332 0.00251671 0.00162101 -0.00210885 -0.0192722 -0.00973931 0.000736195 -0.017478 0.000140798 0.00332728 0.00174463 0.00397747 0.0126732 0.00556877 0.000929732 0.000299907 -0.00720383 0.0141797 0.00106125 0.00444032 -0.000129238 -0.00123204 0.000100075 -0.00475594 0.00143239 -0.0176992 -0.0302288 -0.0040964 0.00259746 -0.00435501 -0.010175 -0.00929453 -0.0138366 0.00889851 0.00235869 0.0068649 0.000168011 0.00728867 0.00358051 -0.00271173 0.00318042 0.00493481 -0.0107609 -0.0160708 0.0129575 -0.0118237 -0.000249543 -0.0115608 -0.000136351 -0.00108799 -0.00323241 -0.0123567 -0.00111309 0.00392776 -0.00482986 -0.00211806 -0.00504436 0.00513157 -0.00301641 -0.00280441 
-0.0127002 0.0181676 0.0113694 -0.0106842 0.000161097 -0.0321295 -0.0271085 -0.0036432 -0.0188002 -0.00667065 0.0203435 0.00358726 0.00721303 0.018338 0.0487182 0.0258713 -0.0170168 0.00493884 0.231037 -0.00148388 -0.0242654 -0.0285451 -0.00823798 -0.032556 -0.030952 0.000982624 -0.01601 -0.00439044 -0.0120592 -0.00990072 -0.0195639 -0.00878692 0.0220518 -0.00364913 0.00193766 -0.00715404 -0.00962394 -0.00634063 0.00406138 -0.00628552 -0.00383125 -0.00641966 -0.00804649 -0.00104334 -0.0168709 -0.0206805 -0.000332117 -0.0189729 0.00342613 0.00121109 -0.00911343 0.0194235 0.00503378 0.00780576 0.00322391 -0.00220561 -0.00389645 -0.0116771 0.00835081 -0.0027107 8.83038e-06 -0.00199849 -0.00458173 -0.00365176 0.0234312 0.0146583 -0.0253025 -0.00430121 0.0087004 0.00103054 -0.00989337 -0.0176577 -0.00538337 0.0018322 0.00969889 0.00222901 -0.00342127 -0.0197888 0.0105282 -0.0246085 0.0233616 0.00307333 -0.00673932 0.00331638 0.00746597 0.0341181 8.50717e-05 -0.0109441 0.00456781 0.000544949 -0.00581288 0.00942267 0.00427623 0.00098127 0.00573312 -0.0069533 -0.0125703 -0.000713987 -0.000649172 -0.00698787 
-0.0064194 -0.0140044 0.00258655 -4.38794e-05 -0.0129402 -0.000202369 -0.00649935 -0.0121063 0.00104782 -0.00198062 -0.00404705 0.0145203 -0.00781437 -0.00685618 0.00199126 0.0485255 -0.0516504 0.0488286 -0.00148388 0.242225 0.0389464 -0.0353617 -0.0259828 -0.0246548 -0.0118731 0.0149361 0.0102275 0.00286335 -0.0165384 -0.0251764 -0.00364343 -0.0269659 -0.00248121 -0.00940911 -0.00579622 -0.00504186 0.0129973 0.00605091 0.0053829 -0.000775367 -0.00930422 -0.00463517 0.00347836 -0.00670461 -0.00987859 -0.0135318 0.00667009 -0.0265098 -0.00270595 0.00675589 0.00603562 0.00402846 0.00218043 0.0337739 -0.00153515 -0.00676443 -0.00536186 0.0143683 0.0126743 0.0113065 -0.00234845 -0.00458803 -0.00505116 -0.00486398 -0.0174188 -0.00912975 -0.012197 -0.00421515 0.00791619 -0.00216016 0.00950512 -0.0135049 -0.00331445 0.00693934 0.000429163 0.00388816 0.0202448 -0.00426753 0.00290979 -0.0188744 -0.00224644 0.00790503 -0.0180903 -0.0130744 0.00719478 -0.0114844 -0.00264363 -0.0165579 0.00433641 -0.00257476 0.000270623 -0.00621218 -0.0030053 0.00178645 -0.00331714 -0.00577862 -0.0262359 0.00170686 -0.0033863 -0.00421208 
-0.000732553 -0.0107798 -0.00438439 -0.0025747 0.00275655 0.00851152 0.00979681 -0.00155547 0.00714654 0.00481588 0.0096751 0.00186408 -0.0118302 -0.025844 -0.00705562 0.0195136 0.0126658 0.00835055 -0.0242654 0.0389464 0.245131 -0.0298441 -0.0523369 -0.00431055 0.00780715 -0.0160921 0.019158 -0.01079 -0.0104554 0.00941706 -0.00854998 -0.0154912 -0.00969061 -0.0126683 -0.00587231 -0.000345984 -0.0101536 0.00721213 -0.00475873 0.000421637 -0.00869359 0.00589899 0.00268341 -0.00358371 -0.002374 -0.00597843 0.000628266 -0.0077758 -0.000514275 0.00205002 0.00391415 -0.0165121 -0.0144963 0.0186644 -0.00883401 -0.00664181 0.00809223 0.00430009 -0.00191029 0.00820481 -0.00518167 -0.00107728 0.0127346 -0.0029167 -0.0354615 -0.0103893 -0.00422861 -0.0026036 -0.000162965 0.000102659 0.00337301 -0.00741012 0.00850158 0.000950596 -0.0125324 0.00121747 -0.00549451 0.00591755 -0.00986031 -0.00398816 0.00285042 -0.00315454 0.00549722 0.00525053 0.0109404 -0.0271607 -0.00412871 0.0162913 -0.000165372 -0.00220967 -0.0030148 -0.00761546 -0.00285561 -0.000387255 -0.000623544 0.000345374 -0.0154133 -0.010783 -0.00675849 0.00167523 
-0.00506505 0.00475974 -0.0113467 -0.00619811 -0.0114587 0.0246736 -0.00166123 0.00290696 -0.0053171 -0.000839837 -0.0250353 -0.00776143 0.00238963 -0.0073208 -0.0271343 -0.0416907 0.0264715 -0.0285663 -0.0285451 -0.0353617 -0.0298441 0.242215 0.0131889 0.00140753 0.0163637 -0.00344794 -0.0195876 -0.0148597 -0.00136922 0.00512045 -0.00211725 0.019691 -0.00842755 0.00364072 0.00177764 0.00541145 -0.00173455 -0.00728448 -0.00258365 0.00677271 0.00255084 -0.000950172 -0.000735433 -0.000657963 0.0059462 0.00913969 -0.00999713 0.0231357 -0.00209175 -0.019312 -0.00439254 0.00631722 -0.00775206 -0.0264557 -0.00746608 0.00190106 -0.00694945 0.00517177 -0.0123926 -0.0033438 -0.000611421 -0.00306159 -0.00961622 9.96414e-05 0.0048327 0.010564 0.0376443 -0.000816346 -0.00676119 -0.0033962 -0.00766594 0.0121959 0.00774105 0.000346714 -0.00914372 -0.0107596 -0.00608624 0.0126859 -0.00705217 0.016907 -0.0196924 -0.00369814 0.0141379 -0.00275247 -0.0209954 0.00576643 -0.00161567 -0.0254938 -0.000633151 0.000699768 0.00733682 -0.0024074 -0.00322898 -0.00617953 -0.000438125 0.00187861 0.016231 0.00181868 0.00880167 -0.00148019 
0.00425093 -0.0063617 -0.00151427 -0.00121531 -0.00460471 0.00569501 -0.0177348 0.0027962 -0.00303843 -0.0074954 0.011944 -0.00775237 -0.0264893 0.0161471 0.0116551 -0.0280734 -0.0121974 -0.021685 -0.00823798 -0.0259828 -0.0523369 0.0131889 0.241544 -0.0153712 0.0143009 -0.024207 0.0158802 -0.00551602 0.00183444 0.000877978 -0.00127106 0.0107956 -0.00699758 0.00499119 0.00200669 -0.000706408 0.00546964 -0.00609057 -0.00246619 -0.00700194 0.00510403 -0.0132178 0.000714969 -0.000846241 0.00144545 0.00390033 -0.0078875 -0.00268888 -0.000485279 -0.00908785 -0.00413612 0.0220741 0.00427658 -0.0125611 0.000469525 0.00212155 0.00281223 -0.0242466 -0.0138697 -0.00481243 0.00246299 -0.00158012 -0.00429115 -0.0069517 0.0233768 0.00148646 0.008902 -0.000979489 3.66849e-05 -0.00278418 0.0122666 -0.000929457 -0.00547969 -0.00354161 0.00266683 -0.00930833 0.000234874 -0.00918933 0.00179653 0.00186006 -0.0213658 -0.00263567 0.00395789 -0.00570718 0.0029956 0.00323916 -0.000111371 -0.0145792 0.00116054 -0.00115948 -0.0012315 0.0079571 -0.00447087 -0.00101935 -0.00250051 -0.00177061 0.00976179 -0.00483394 0.00426952 -0.000120139 
0.00727298 -0.00210126 -0.0138054 0.00404033 -0.00920878 0.00622146 0.0253461 -0.0122342 0.00454425 -0.00533642 -0.0177013 -0.00932672 -0.000238304 0.00138528 -0.0212789 -0.00363912 0.0196721 -0.00333767 -0.032556 -0.0246548 -0.00431055 0.00140753 -0.0153712 0.230696 -0.0116103 -0.0143472 0.0153037 -0.00644695 0.00937691 -0.00133229 0.0114341 0.00387075 -0.014228 0.00315331 -0.00215418 -0.00246171 -0.00727961 -0.00552654 -0.00166277 -0.00437339 -0.00298338 0.0031103 -0.00320474 0.00395157 0.00967946 0.00853553 0.00102094 0.00899916 0.000269713 -0.00628288 -0.00464751 -0.0150193 -0.00995453 -0.00195602 -0.0018325 -0.00240099 0.000465401 0.0252595 -0.0083792 -0.00350885 -0.000914896 0.000847096 0.00470414 -0.00110957 -0.0234726 -0.0149683 0.00598904 -0.000759585 -0.00323401 -0.00273371 -0.0112995 0.000641253 -0.00844458 -0.0021569 -0.00700137 -0.00609793 -0.00512799 0.00209987 -0.000531875 0.0195418 -0.00675447 -0.00377021 0.00385999 -0.00120218 -0.00820502 -0.0149204 -0.00159168 0.0118724 -0.0132759 0.000347279 -0.0069042 -0.0133282 -0.0033462 -0.00364075 -0.00148409 0.00264995 0.0097198 0.00246208 -0.00164701 0.00486548 
0.00268017 -0.00223528 -0.00260806 -0.00613319 -0.00972841 -0.00586769 0.00418912 -0.0108072 -0.00305286 0.00019947 0.0100617 0.00361368 -0.0327587 0.0238419 -0.0213537 0.00118927 -0.0257441 -0.0247601 -0.030952 -0.0118731 0.00780715 0.0163637 0.0143009 -0.0116103 0.204452 -0.00474939 0.0287057 -0.015185 -0.00617526 -0.00865154 -0.0137127 0.0128579 -0.00167288 -0.00249993 -0.00519843 -0.00355115 0.00146563 -0.00281284 -0.00295713 -0.00443494 -0.00284365 -0.00350392 -0.00152129 0.00178982 0.021497 0.00737694 0.00190422 0.00361946 0.000486479 -0.00401052 -0.00462319 -0.00722641 -0.00935269 -0.00422786 -0.00446074 -0.000823705 0.00236538 -0.0172276 0.000236171 -0.00466534 -0.00124611 -0.00187081 -0.00118541 -0.00695739 -0.0141718 0.00536071 0.0219716 -0.00153945 -0.00250282 0.000630868 0.00843178 -0.0114032 0.0195286 -0.00425169 0.00224906 -0.00211812 -0.0166243 -0.00184604 -0.000299308 -0.00366901 -0.00863337 -0.00416543 0.002097 0.0101366 -0.00932304 0.0036071 0.00170377 -0.0155644 0.000616221 -0.000920339 -0.000232344 0.00465928 0.0040101 -0.00380409 -0.00561632 -0.00403858 -0.00763457 0.00320461 0.00610955 -0.000130209 
-0.00524099 -0.00261823 0.0042934 0.000870534 0.0103291 0.00523712 -0.0165166 -0.0152142 -0.00993682 0.00302368 -0.0103074 0.00679115 0.0115318 -0.00029316 -0.013945 0.00374028 -0.0090581 0.0135518 0.000982624 0.0149361 -0.0160921 -0.00344794 -0.024207 -0.0143472 -0.00474939 0.192854 -0.0123957 0.00477952 -0.013221 0.000220983 0.00795173 0.00260291 -0.000430138 -0.00448739 -0.00023119 0.000904158 0.0190379 -0.00188733 -0.00335812 0.00935109 -0.00388542 0.00465726 -0.00242984 -0.00233447 -0.000101298 -0.00830659 -0.00665978 0.00620018 -0.00235408 -0.00699323 0.00253356 -0.000193258 0.00437318 0.00701564 -0.00130535 0.000635137 0.00207201 0.00881137 0.00832529 -0.00567229 -0.000492329 -0.00414015 -0.00318037 -3.64219e-05 -0.00751066 -0.00625705 -0.00603942 -0.00124962 -0.00460906 -0.000511324 0.000462628 -0.00557816 -0.0114661 0.0015211 -0.00340268 -0.00253066 -0.00097435 -0.0057007 0.00220252 -0.0203264 -0.00605538 0.00271615 -0.0203629 -0.00465196 -0.00998551 -0.0087915 0.00025898 -0.00851765 0.00645146 -0.000479289 0.00234859 -0.00298918 -0.00173737 -0.000395898 0.00194534 -0.00148596 -1.12936e-06 -0.00411141 -0.000605908 0.00087701 
0.00141391 -0.0145959 0.00108748 0.00189691 -0.00964144 -0.00859394 0.00350217 -0.0133476 -0.011029 0.0061542 0.0417133 -0.0021325 -0.00753132 0.0543382 -0.0319944 0.000797202 -0.0326266 -0.001366 -0.01601 0.0102275 0.019158 -0.0195876 0.0158802 0.0153037 0.0287057 -0.0123957 0.226229 -0.00157497 -0.00568303 -0.00410746 -0.00197227 -0.0233502 -0.000522289 -0.00751405 -0.0027811 -0.0053131 -0.01709 -0.0014876 0.00268831 -0.00826751 -0.00308825 -0.00488654 0.00061064 0.000268216 0.010308 -0.0026827 0.00710095 -0.000626021 -0.00320082 -0.00363929 0.0078504 0.0158835 -0.0116068 0.00675051 -0.007366 -0.00559337 -0.0035194 -0.00475091 -0.0152321 0.00240125 -0.00153726 -0.00554773 0.00258825 -0.00307129 -0.0256731 -0.0146711 0.00955223 -0.0032904 0.00176664 -0.000360517 0.00528781 -0.0133226 -0.00249936 -0.00578517 -0.00685263 -0.00456039 -0.00153286 0.00109955 -0.00298475 -0.0143488 -0.017325 0.000392833 -0.0055376 0.00295791 0.00576881 -0.00572176 -0.00298159 -0.0108696 -0.00487078 -0.00125341 -0.00177681 -0.00226907 -0.00608573 -0.00383367 -0.00160438 -0.00400494 -0.00752321 0.000982798 -0.000652973 -0.00160976 
-0.00310956 0.00101507 0.00292951 -0.00189587 0.00575498 -0.00424038 0.0121729 -0.00566953 0.00958764 0.0039716 -0.00408432 0.00566097 0.00887224 -0.0114653 -0.00962053 -0.01352 -0.0153185 0.00558299 -0.00439044 0.00286335 -0.01079 -0.0148597 -0.00551602 -0.00644695 -0.015185 0.00477952 -0.00157497 0.16066 -0.000919395 0.00884638 0.00209632 -0.010749 -0.00319683 -0.000936485 -0.00378386 -0.00108022 0.00171067 0.00366302 0.000382442 -0.000929102 -0.00970982 -0.00728342 -0.00207698 -0.00494403 -0.00615522 -0.00817805 0.00455496 0.0138425 -0.00121488 -0.00536106 0.0109172 -0.00861251 0.00389284 -0.00719227 0.0021597 0.00220095 -0.00205747 0.00984314 0.00170718 -0.00254549 -0.000557266 -0.00242809 0.00183409 0.00874091 -0.00545918 -0.00693533 -0.0250109 0.000174408 0.000449098 -0.000749748 -0.00220705 0.00688795 -0.0114307 -0.00283001 0.000186978 -0.00083056 0.0205318 -0.00928595 -0.00279072 0.0048143 0.0181536 -0.00239212 -0.00428369 -9.93049e-08 -0.00292924 -0.0106834 -0.00224305 -0.00778235 -0.00120044 0.000799322 0.000162579 -0.0125912 0.00146877 -0.00220285 -0.00298608 -0.00367719 -0.0127734 -0.00116438 0.000135622 -0.00196965 
0.00249947 0.00686276 -0.00175464 0.00068404 -0.000130584 -0.00116636 -0.00163816 0.000736944 0.00752077 9.3785e-05 -0.00897532 -0.00299521 0.000332955 -0.0168625 -0.0018103 -0.00331967 0.0033175 -0.00666213 -0.0120592 -0.0165384 -0.0104554 -0.00136922 0.00183444 0.00937691 -0.00617526 -0.013221 -0.00568303 -0.000919395 0.0927188 -0.00667737 0.00511616 0.00132169 -0.00568577 0.00693691 -0.000185288 -0.0015802 -0.0043437 6.50504e-05 0.00244228 -0.00251196 -0.00365781 0.00168582 0.00512058 0.00120566 -0.00273857 -0.000362807 0.00620932 -0.00564621 0.00157713 0.00263452 -0.000705915 -0.00229442 0.00061198 -0.00492469 0.00274111 0.000912404 6.36542e-05 -0.00535498 -0.00527348 0.00411225 0.00102989 0.00105654 0.00339207 -0.000734916 0.0028568 -0.00554004 -0.000598557 0.00343223 -0.00329587 1.37493e-05 0.00103779 0.0107319 -0.002342 0.000290524 -0.00251505 0.000568835 0.00130214 -0.00051208 -0.00189591 0.00543831 -0.00185867 -0.00214688 -0.00146638 -0.00148191 0.00113762 -0.00663242 -0.00104287 0.00999225 -0.00383728 6.07321e-05 0.00254011 -0.00608649 0.00042045 -0.00120135 -0.000804175 0.00140263 -0.00808869 -0.000886973 -0.000487933 0.00169593 
-0.00109368 0.00958475 -4.61916e-05 0.0006904 0.00757546 0.00725609 -0.0013687 0.0121668 -0.00756035 -0.00332913 0.00116595 -0.00631105 0.00370332 -0.0022124 -0.00724825 -0.0176686 0.0103056 -0.0113892 -0.00990072 -0.0251764 0.00941706 0.00512045 0.000877978 -0.00133229 -0.00865154 0.000220983 -0.00410746 0.00884638 -0.00667737 0.162408 0.00199387 0.00392961 -0.00334231 -0.00774793 -0.00246555 0.00670698 -0.0114833 -0.000443141 -0.00299848 0.0120821 0.00513385 -0.00138826 -0.00279235 0.000829724 -0.00534563 -0.00073292 -0.0130376 0.0309002 0.00118902 -0.00432119 0.00320636 -0.0146423 -0.00321067 0.00629478 -0.000450845 -1.37483e-05 0.000393963 -0.00466652 0.000184148 -0.00301634 -0.00202115 -0.00154336 0.0101575 -0.00277514 -0.00762431 -0.00454496 -0.0118927 0.00308381 -0.00214659 0.00347021 -0.0108432 -0.00083961 -0.00766761 -0.00334687 -0.00130375 -0.00451244 -0.0103124 0.00113338 -0.00285165 0.000108704 -0.00740638 -0.00676156 -0.00905077 0.000721716 0.00552616 0.00192239 0.000107272 -0.00283769 -0.00477277 -0.000315721 -0.00210999 -0.0154647 0.00131133 -0.00179146 0.00684882 -0.00207657 -0.00678216 -0.0100219 -0.00239171 -0.00439349 
-0.00129169 -0.00484874 -0.00354334 -0.000816361 -0.000175949 0.0109441 0.00661948 0.00111663 0.00392851 -0.00331769 -0.014532 -0.00123238 0.00747861 -0.0142923 -0.00260788 -0.0129418 0.0179091 -0.00232765 -0.0195639 -0.00364343 -0.00854998 -0.00211725 -0.00127106 0.0114341 -0.0137127 0.00795173 -0.00197227 0.00209632 0.00511616 0.00199387 0.122793 -0.00897764 -0.00653706 0.000927331 0.00644844 0.00172084 -0.00649154 -0.000703626 -0.00066466 0.00288963 -0.000255186 0.00191224 0.000439114 0.000770165 -0.00380433 0.000398397 -0.00114013 0.00103107 -0.00152418 -0.00279913 -0.000112077 -0.00862515 0.000476246 -0.000546793 -0.000391138 -0.000264386 -0.00245686 0.00675412 -0.00404036 -0.000871689 -0.000385179 -0.000556495 0.00252436 0.00118576 -6.12509e-06 -0.0043377 0.0214968 0.00309978 -0.00515277 -0.00206478 -0.000370902 -0.00652301 -0.00869537 -0.000395014 -0.00411442 -0.000601387 -0.000752675 -0.00310836 -0.00314745 -0.00878341 -0.00486082 0.00119513 -0.010967 -0.00535648 -0.00250625 -0.0069226 7.15004e-05 0.000897952 -0.00454428 0.00107406 -0.00117563 -0.00632603 -0.0027587 -0.000238986 -0.00191225 0.00271005 0.00508244 -0.00520351 -0.00391433 0.00615931 
0.00892502 -0.00105206 -0.00361668 0.00428516 -0.00357098 -0.00384877 -0.0125299 -0.000408191 0.00402548 -0.00318827 -0.00642797 -0.00564486 -0.0184102 0.00399241 -0.00165395 -0.0241297 0.0104603 -0.0226996 -0.00878692 -0.0269659 -0.0154912 0.019691 0.0107956 0.00387075 0.0128579 0.00260291 -0.0233502 -0.010749 0.00132169 0.00392961 -0.00897764 0.132395 -0.000590365 0.000161929 -0.00048454 0.00462596 0.00729367 -0.00443645 -0.0049868 -0.00523311 0.0109827 0.000923321 0.0013816 0.000666375 0.0136815 0.00247428 -0.00499782 0.00794027 0.00265946 -0.00214405 -0.0122028 -0.00780571 -0.00270179 -0.0113704 0.0019197 -0.00181505 0.00213115 -0.00638593 -0.0048397 -9.30064e-05 -0.000513278 2.46801e-05 0.00420075 -0.00410625 -0.00137638 0.00978399 0.016306 -0.00021419 -0.00453428 0.000697493 -0.00156102 -0.00592288 0.00734323 -0.00347492 -0.00150154 -0.000641987 -0.00989537 -0.00922481 -0.00114442 0.00270076 -0.00364786 -0.00350771 -0.013534 -0.00506259 -0.00679357 0.0172819 0.00107821 -0.00129824 -0.00116117 -0.0014787 0.00315708 0.0118801 0.000700576 -0.000549438 0.000317786 0.000411483 0.000535597 -0.00248707 0.00446531 -0.00165829 
-0.000994978 0.00606269 0.00568043 -0.00355606 0.00347565 -0.0102561 -0.0154741 0.00930279 -0.0079021 0.000892311 0.00550182 0.00290842 0.00953106 -0.0038122 0.00415599 0.00277402 -0.0206406 -0.00897282 0.0220518 -0.00248121 -0.00969061 -0.00842755 -0.00699758 -0.014228 -0.00167288 -0.000430138 -0.000522289 -0.00319683 -0.00568577 -0.00334231 -0.00653706 -0.000590365 0.11609 -0.00164503 -0.00317764 -0.000671358 -0.0044041 -0.000373661 0.00034296 -0.000542595 0.0022576 0.000514766 -0.000228305 -0.000954903 -0.00300219 0.00293216 -0.00519895 -0.00680993 0.00123 0.000460151 -0.00205601 -0.0115931 0.00146974 -0.0106735 0.00219306 0.000398242 0.00078438 -0.00936803 0.00896802 -0.00126992 0.000140989 -0.00186507 -0.00571475 0.00240517 0.000116857 0.00788356 -0.0116686 -0.00227752 -0.00136051 0.00183457 0.00205458 -0.00526395 0.00292982 -0.00123069 0.00864631 -0.00306489 -0.00335986 -0.00625701 0.00188907 -0.00713806 0.00334881 0.00341021 -0.000176395 -0.000956116 -0.00714605 0.0130168 -0.00101587 -0.00620926 0.00521821 0.000439599 -0.00262205 0.0109455 0.00202555 0.00119573 -0.00184511 -0.00296993 -0.00851142 0.00144886 0.000221362 -0.00111594 
-0.000354461 0.000807272 -0.00206277 -0.00258871 -0.00198637 -0.00315638 0.00732649 -0.00302655 0.00185884 -0.000514074 -0.00139357 -0.00044904 -0.000433908 -0.0109225 0.00190162 -0.00409024 0.00184515 -0.00156885 -0.00364913 -0.00940911 -0.0126683 0.00364072 0.00499119 0.00315331 -0.00249993 -0.00448739 -0.00751405 -0.000936485 0.00693691 -0.00774793 0.000927331 0.000161929 -0.00164503 0.0652279 -0.000935081 0.000777515 -0.00138416 -0.000779133 -0.000493186 -0.00154662 0.000148869 -0.000980424 -0.00157837 -0.00114666 -0.000220736 0.00115713 0.000674222 0.00176992 -0.000838646 -0.00149662 -0.00260967 -0.00164979 0.00295813 -0.00298369 0.000264232 0.000863125 -0.000528408 -0.00630605 -0.00233956 -0.00291884 0.000708802 0.00225791 0.00162663 -0.000898246 0.00173443 -0.000454641 -0.00725825 0.000665549 -0.00256203 -0.000214898 -0.000406245 0.00632068 0.000191835 0.000543193 0.00127705 -6.6047e-05 -0.00129956 0.000751572 -0.00265539 0.00645378 -0.0019765 -0.00183441 -0.00344369 -0.000309682 -0.00449538 0.000228715 0.00036913 0.00590901 -0.00250987 -0.000123268 -8.45083e-05 0.00185336 -0.000338283 -3.43374e-05 7.45928e-05 -0.000380834 0.00283279 0.00268639 -0.000438566 0.0017478 
