0.143558 -0.00320238 -0.00294335 -0.00137072 0.00467947 -0.00417432 0.00239613 -0.00186978 -0.000901338 -0.00542156 -0.00240021 -0.0136171 0.0177354 -0.00767159 0.00443505 0.00714657 0.00447439 -0.0152558 -0.0050344 0.00560759 -0.0156159 -0.00672126 0.0093713 -0.00040546 0.0140189 0.0102463 -0.00817908 -0.00806969 -0.00331607 -0.00153711 0.00146659 -0.00254712 -0.00487791 -0.0080086 -0.00057153 0.000347249 -0.00691287 -0.00196221 -0.00115572 -0.0117771 -0.00325033 0.00123665 -0.000782525 -0.00386762 0.00489964 0.0164632 -0.00742828 -0.0011229 0.00111056 -0.00148329 0.00771722 -0.00160246 -0.0050859 0.00135018 -0.0053712 -0.000684356 -0.00108732 0.00094511 -0.00704178 -0.00271215 -0.00614252 -0.000969088 -0.0020793 -0.00333771 -0.00161991 -0.000847808 -0.0109949 -0.00304814 -0.000158896 0.00603853 -0.00562337 -0.00129277 -0.000168508 0.0011254 -0.00713844 0.00945682 -0.00582504 3.72906e-05 -0.00205467 0.000370708 -0.00308103 -0.00094235 -0.00280187 0.0235446 0.00372096 -0.0112037 -0.0052019 -0.0191147 -0.00108931 -0.00586442 0.000829992 -0.000665431 -0.00282161 0.00516309 -0.00299412 -0.00513345 -0.00403451 0.000954914 -0.00695707 -0.000201071 
-0.00320238 0.0378463 0.000143148 -0.000773334 -0.000374481 0.00105715 0.000396507 -0.000524563 0.000261688 0.000825995 -0.00155505 -0.00203482 0.000355014 0.00233455 0.00130149 -0.00321179 -0.000581328 -0.00762459 -0.00405284 -0.00636117 0.00336453 1.73812e-05 -0.00602011 -0.00277472 -0.00382116 0.0047154 -0.000288132 -0.00225102 0.00107464 0.00300643 -0.000396664 0.00088928 -0.00153067 0.00375874 0.00120601 0.000226278 0.000321396 0.000178629 -0.000346065 -0.000479958 -0.000590378 -8.06086e-06 -3.71902e-05 0.00107114 -0.000868626 -0.00155035 -0.00102456 -0.000848695 0.000625823 0.000172068 -0.00387918 -0.000432334 -0.000312104 -0.000961626 0.000194668 -4.36898e-05 0.00060847 0.00120282 -0.00146318 -0.000393523 5.89968e-05 0.00158161 -0.000278933 -0.00117651 2.70356e-05 -0.000548403 -0.0008299 -0.000575064 -0.000172336 -0.000154435 -0.00103539 0.000473493 4.21634e-05 -0.000468655 0.00142672 -0.00131296 -0.000362119 9.38813e-06 -0.000289493 0.000650206 0.0015304 -0.000613288 -0.000763643 0.000355681 -0.00261961 -0.000509318 -0.000931936 -0.00152702 0.000167323 0.00223871 -0.00203117 0.000125324 0.00153332 -0.00141029 0.000358519 0.00221524 0.000526086 -0.00111347 -0.0012402 0.000106754 
-0.00294335 0.000143148 0.0383617 -0.000655216 -0.000861629 -0.000174507 0.000405335 -0.000307749 -0.00088236 0.00098451 -0.00108346 0.00347117 -0.00515166 0.00118596 0.0019681 -0.00163796 -0.00258137 -0.000933331 0.0029419 -0.00394343 0.000423391 0.00109787 -0.000359776 -0.00346073 -0.00307881 0.000656656 -0.00934846 -0.00039782 -0.00185902 -0.000669389 -0.00151144 0.000351631 0.000433812 0.000155092 -0.00078881 0.000424908 0.000479607 -0.000129259 0.000206129 0.00150826 0.00205792 -0.000549327 -0.000275393 -0.000473606 -0.000393644 -3.11596e-05 0.00105811 0.000307713 -0.000704409 -0.00180618 -0.00327467 -0.000333923 0.00147909 -0.000811287 -6.6611e-05 7.8689e-05 -2.10278e-05 9.90966e-06 -0.00119928 0.000854624 -2.52895e-05 -0.000860479 -0.0011775 0.00122025 0.000579814 -0.000589042 -0.00013991 0.000117215 0.00116379 0.000215417 -0.00284773 -0.000749344 0.000129827 -1.87244e-05 -0.00155276 0.00104522 -0.000599057 4.98138e-05 -0.000223301 -0.00097776 0.000116916 0.000388575 0.000344547 0.000544622 -0.00162093 0.00232297 -0.000945111 -0.00116096 0.000139668 0.00187334 -0.0015864 0.000220734 0.00113572 -0.00148505 -5.09212e-05 -0.00026991 -0.00106518 0.000292434 -0.00212714 -0.000173505 
-0.00137072 -0.000773334 -0.000655216 0.127875 0.00150262 -0.00255739 0.00700253 0.000945439 0.00258019 0.00102097 0.00334457 -0.0112538 0.00732139 0.00358445 0.00796743 -0.0146383 -0.00453395 -0.00349816 0.00112836 -0.000263094 -0.0029399 -0.0021152 -0.000555399 -0.00391996 -0.00605606 -0.0170819 0.00820162 0.00138875 -0.00412906 0.00707769 -0.00173604 0.000890702 0.000341421 -0.00110182 -0.00280445 -0.00164503 -0.0127022 -0.00177589 -0.00285337 -0.00798635 0.00160951 0.000895378 -0.000950113 0.000480263 0.00258735 -0.00561222 0.00438053 0.00127215 -0.00149526 -0.00222154 -0.0061873 -2.28313e-05 -0.000551101 -0.00144295 -0.00245454 2.66772e-05 0.000202993 -0.00487109 -0.0128229 -0.00317923 0.00495884 0.000117568 -0.00575377 -0.00320662 -0.00233877 -0.00205744 0.000526228 -0.00442988 -0.000525788 -0.0026966 -0.00259952 -0.000233861 0.000757318 -0.00320535 -0.000541572 -0.00400095 0.00355763 0.000165526 -0.0010625 -0.00196435 -0.00165727 -0.000969777 -0.0015814 -0.000974218 -0.000263146 -0.0106231 0.00224064 0.00640738 -0.000954489 0.00286253 0.000306526 0.000789134 0.00170854 -1.26592e-05 -0.000996026 -0.00762657 -0.00313646 -0.00212683 -0.000845459 -0.000883925 
0.00467947 -0.000374481 -0.000861629 0.00150262 0.0679077 0.000604284 -0.000800485 -0.000252469 0.000404827 0.00353489 0.0024259 -0.0105777 -0.000556512 0.0022967 0.00444058 -0.00608428 -0.00613417 -0.00592519 -0.00407478 -0.00226068 -0.00014819 -0.000666456 -0.00289874 -0.00686142 0.00340292 0.00289863 -0.00567657 -0.00624325 -0.00519602 -0.00220754 -0.00502287 -0.00120773 0.00188267 -0.00309597 0.000164132 0.000395993 -0.00156349 -0.000461781 -0.000381173 -0.000769129 0.00297213 0.000380292 -0.00223722 -5.58598e-06 0.0035301 -0.00222512 -1.21894e-05 0.00183676 -0.000868102 7.62697e-05 0.000300092 0.000352632 -0.00191592 0.000170497 -0.000601762 0.00013494 0.000204837 -0.000604219 -0.00253769 -0.000104539 0.00344559 0.00259988 -0.00599808 0.000157753 0.00175794 -4.23206e-05 0.000711457 -0.00109047 0.00144699 0.00117413 -0.00304794 0.000151853 -1.76956e-05 -0.00138806 -8.02037e-05 -0.000392754 -0.000802079 -0.000151045 0.000625119 0.00217573 -0.000316703 0.000303181 -0.00146588 -0.00433403 0.000975601 -0.0030408 -0.00145271 -0.000823652 0.000318988 -0.00235864 -0.00135036 -0.000402054 0.000362906 -0.00201779 -8.21335e-05 -0.00148425 -0.00229084 -0.00145712 0.00447824 0.00011743 
-0.00417432 0.00105715 -0.000174507 -0.00255739 0.000604284 0.0540783 -0.00020901 -0.00092262 -0.000850522 0.00427183 -4.05325e-05 -0.00625346 -0.00964258 -0.000579035 -0.00402425 -0.00619909 0.00225487 -0.00480986 0.00126535 -0.00714414 -0.00276235 0.00787272 0.0030797 -0.00782386 0.000373933 -0.000431144 0.00110393 -0.00536604 -0.00291708 0.000782449 -0.00524038 -0.000288214 0.0019756 0.00202438 0.000630277 -0.000208276 -0.00368889 0.000488405 0.000178568 0.00313921 0.00159448 0.000169719 -0.00252442 0.000699323 0.000698668 0.00437336 0.00176694 0.00139686 3.59492e-05 7.5176e-05 0.00126795 -0.00106937 -0.0017011 0.00115764 -0.000526628 0.000452321 0.000769913 0.000565479 -0.00282053 -0.000713165 -0.00279846 0.000299237 -0.00142009 0.000765691 0.000883706 -0.000287257 -0.00133364 0.000900271 -0.00059722 -4.82626e-05 -0.000920118 -0.000341268 0.000372497 -0.00137105 6.80124e-05 -0.00271998 -1.05266e-05 3.54596e-05 -0.000706368 0.00120594 0.00177053 -0.00020957 -0.00149212 -0.00535917 -0.000300247 -0.00121088 -0.000402673 -0.00528091 0.000258463 -0.00162748 -0.000307794 -0.000133064 0.000384808 -0.00107261 0.000250442 4.34994e-05 -0.000518411 0.000932245 0.00751594 0.000240525 
0.00239613 0.000396507 0.000405335 0.00700253 -0.000800485 -0.00020901 0.053855 0.000653872 0.000571793 -0.00091582 0.000332357 0.00282609 0.00148042 0.00364577 -0.00118256 -0.00303572 -0.00218339 8.55897e-05 -0.000636632 -0.000769672 -0.0033236 0.00230446 -0.00240731 -0.00605549 -0.000691845 -0.00849977 -0.00454965 0.00145966 0.00455988 0.000938228 0.00215766 -0.000546002 -0.000204059 0.000191455 -0.000599377 -0.00125514 -0.00279383 7.15081e-05 -0.00123982 -0.00410806 -0.0012427 6.72106e-05 -0.000706168 0.000532835 0.0033558 0.00163068 0.000161626 -3.68246e-05 0.000469092 -0.00214848 -0.00572302 -0.0011021 -0.00283573 0.0012156 -0.00140505 0.000183297 -0.000195181 -0.00186231 -0.00718215 -0.00068773 -0.00491554 -0.000537552 -0.0043966 -0.00185645 0.00134889 -0.000646624 -0.000210711 -0.000426046 -0.000444015 -0.000865777 -0.00358402 0.000277859 -5.86028e-05 0.000297679 -0.000202513 -0.00174536 0.00335123 0.000141385 -0.000994715 0.00335855 -0.000990864 -0.000747177 -0.00205823 0.00797212 -0.0020661 -0.00249195 -0.00132572 -0.00515949 -0.000252549 0.00392552 -2.62315e-06 0.000265437 -0.000457538 -0.0020002 0.00149391 -0.0018628 -0.00119902 -0.000504513 -0.0023918 0.00014676 
-0.00186978 -0.000524563 -0.000307749 0.000945439 -0.000252469 -0.00092262 0.000653872 0.0389693 0.00124753 -0.0014768 0.000284475 -0.00333463 -0.00238633 0.00287619 -0.00226827 -0.00258827 0.000774881 5.50054e-05 -0.00342379 0.00155268 0.00100233 -0.0059015 -0.00495311 9.94228e-05 0.000160751 -0.00151016 0.00170264 0.000369652 -0.00369001 -0.0015255 -0.00295913 -0.000146441 0.0017696 -0.000340176 -0.000841968 -0.00123897 -0.00173434 -0.000576945 1.03688e-05 -0.00257311 0.00101975 0.00066812 0.000252964 -0.000353697 0.000281997 -0.00106487 -0.00128347 -0.000116179 -0.000506165 0.000877425 -0.00125508 2.01843e-05 0.000599438 0.000356647 -0.00105889 2.52203e-05 0.000726063 -0.000993447 -0.00104131 -0.000166334 -0.00234801 -4.81267e-06 -0.000366677 -8.38078e-05 -0.00107643 0.000240354 0.0010493 0.00065193 0.000257943 0.000537825 0.00338689 0.000329508 -0.000193848 0.00103043 -0.000592785 -0.000613822 0.00124272 0.000127727 -0.000688999 -0.00115884 -0.000760241 -1.67304e-05 0.000936385 -0.00414267 0.00126401 -0.000258909 -0.000635123 -0.00527678 -0.000247548 -0.000149138 0.000281218 0.000584421 9.74535e-05 0.00328523 -0.000225527 0.000628562 -0.00119708 0.00123879 0.000937449 -0.000186247 
-0.000901338 0.000261688 -0.00088236 0.00258019 0.000404827 -0.000850522 0.000571793 0.00124753 0.070531 -0.000675641 0.00339335 -0.00123277 0.00495464 0.00033243 -0.00239963 -0.00286268 -0.00263231 -0.00579766 -0.0122066 -0.00880052 0.000892131 0.00112041 -0.000843187 -0.0171669 0.00161602 0.0026284 -0.0138957 0.000314943 -0.000335706 0.00357674 0.00641816 -4.06524e-05 0.0023529 -0.000791669 -0.00141275 5.71436e-05 -0.000630376 -0.000780203 -0.00159491 -0.000391845 -0.00230791 -0.000176403 1.99501e-05 -0.00111803 0.00253295 -0.00348301 -0.00368665 -0.00221057 -0.00157034 -0.00179943 -0.00697452 0.00188293 0.00221115 0.00030249 6.92414e-05 -0.000412321 0.000291352 -0.00339933 -0.00520652 0.001056 -0.00202047 -0.00150062 -0.00169764 -0.00180098 0.00133783 0.000342665 -0.00297013 -0.00215657 -0.000904383 -0.00195153 -0.00545345 -0.00095318 0.000823648 0.000847073 -0.00147191 -0.000219325 0.00254468 -0.000306826 -0.000112766 -0.0013349 -0.001804 0.00201834 0.00150157 -0.00331478 0.00180529 -0.00255914 0.000589371 0.00393663 -3.6757e-06 0.00483571 -0.00139484 0.000651902 0.000938033 0.00522271 0.00146752 -0.000226625 -0.00149756 -0.000454921 0.00348903 0.00160888 
-0.00542156 0.000825995 0.00098451 0.00102097 0.00353489 0.00427183 -0.00091582 -0.0014768 -0.000675641 0.0769796 -0.00304991 0.00329322 -0.0118145 0.00419239 0.00230262 -0.00760685 -0.00330017 0.00111379 0.00123777 -0.0151377 9.98904e-05 0.00101429 0.00727307 -0.00502009 -0.00372718 0.000763781 -0.00537066 -0.00780277 -0.000435557 -0.00088119 -0.00882116 -0.00162635 -7.66534e-05 -0.00136262 -0.00153827 0.000803946 -0.0019115 0.000650023 -0.000287095 0.00830643 -0.00038427 -0.000171219 -0.0044812 2.57349e-05 0.00374807 0.00374775 0.000422822 -0.000448893 -0.000217259 -0.000734932 -0.00550174 -0.000712558 -0.00579517 0.000718302 0.00145229 -0.000185181 2.7521e-05 0.00137683 -0.00671879 -0.00154393 -0.00525228 -0.00113105 -0.00283719 -0.0029159 -0.000290237 -0.000676997 0.00752112 -0.000796245 0.000518132 0.00258451 -0.001942 -0.00233995 4.78071e-05 -0.000642738 -0.0014582 0.00189552 0.000390895 -0.00016432 0.000830972 -0.000821664 -0.000903949 -3.73674e-05 -0.00174463 -0.00496549 -0.000546222 -0.00244851 8.51556e-06 0.000367719 0.000527989 -0.000964121 0.00534244 -0.00036621 0.000279427 -0.00266376 -0.00142107 0.00362405 0.00235068 -0.000920344 -0.00385036 0.000777804 
-0.00240021 -0.00155505 -0.00108346 0.00334457 0.0024259 -4.05325e-05 0.000332357 0.000284475 0.00339335 -0.00304991 0.0842555 -0.00176589 -0.00711353 -0.000525247 -0.00341165 0.00483448 -0.0048316 -0.00573704 -0.000552729 0.00259597 -0.0108539 -0.00781739 -0.0115672 -0.016533 -0.00510783 -0.00723491 -0.00764986 0.00114067 -0.00018845 0.00528748 -0.00217872 0.00268641 -0.00180171 -0.0018789 0.00344416 0.0010826 0.00116913 0.00038926 5.22757e-05 -0.00181361 0.00177448 -0.000862868 0.000169073 -0.000463036 -0.000845847 -0.00246402 0.000154314 -0.000890097 -0.00141434 -0.00271792 -0.00595998 -0.000533648 8.34494e-05 0.00486309 0.000646745 0.000487189 6.96334e-05 -0.00120009 0.00648267 0.000535045 0.000667169 -0.000323277 -0.00475246 0.000988837 0.000210416 0.000812962 -0.00555631 0.00074358 -0.000275227 -0.00237566 -0.00230765 0.00231801 0.000915029 0.00263359 0.00215355 0.00337436 -0.000272909 0.000123955 -0.000566094 0.0021336 0.00158915 0.00227382 2.25477e-05 0.000482345 -0.00543427 -0.00210034 0.000868976 -0.00733064 -0.000151955 -0.00196164 -0.00274601 -0.000156336 0.00132625 0.00209504 0.00143095 -0.0023379 -0.00288443 -0.000908951 0.00584838 0.00148951 
-0.0136171 -0.00203482 0.00347117 -0.0112538 -0.0105777 -0.00625346 0.00282609 -0.00333463 -0.00123277 0.00329322 -0.00176589 0.22941 -0.0307707 -0.0145747 -0.00905771 -0.024128 -0.00420262 0.00726043 0.013947 0.00939787 -0.0267296 0.00895419 -0.0122057 0.0150366 -0.0247679 -0.0302568 -0.0109558 -0.0176013 -0.00947045 0.0172017 -0.00285325 -0.00287299 -0.00899106 -0.00396272 -0.00408319 -0.00310576 0.0250627 -0.00154928 0.00470179 0.023114 -0.0104915 -0.0018928 -0.0118806 -0.00297157 -0.0127974 -0.015325 0.00592656 -0.00405863 -0.00373426 -0.00362391 0.00506083 -0.00115036 0.00613838 -0.00458503 0.00433414 -0.0028649 -0.00241788 0.0027354 0.00666635 -0.000663111 0.00798513 -0.00569002 -0.0129333 -0.00142454 0.0059429 3.06191e-05 0.00446483 -0.00273761 -0.00595188 -0.00550976 0.00381142 -0.00778425 0.000589709 -0.00339648 0.00022886 0.000292995 -0.00169391 -0.000153762 0.00783426 -0.00584882 -0.0039636 -0.00452983 0.00166307 0.0135105 0.00203442 -0.00416035 -0.00294379 0.0127294 0.00164974 -0.00821167 -0.00458651 -0.00215274 0.000804424 0.00830099 -0.00514213 -0.00750789 0.00344601 -0.000899769 -0.00173854 -0.000230547 
0.0177354 0.000355014 -0.00515166 0.00732139 -0.000556512 -0.00964258 0.00148042 -0.00238633 0.00495464 -0.0118145 -0.00711353 -0.0307707 0.246707 0.00159203 0.00397772 0.00810903 0.000132206 -0.0370596 -0.0744505 0.00710851 0.00544461 0.00212617 0.0328796 -0.0426004 -0.00314831 0.0279757 0.00637427 0.0376395 0.0143666 0.000446954 0.0510798 -0.0016613 -0.00887344 -0.00387643 -0.00337515 -0.00172004 -0.00057406 -0.00641817 -0.00322777 -0.023195 -0.00649687 0.000293642 0.006742 -0.00176707 0.000939382 -0.0181206 -0.0106975 -0.00329435 -0.00455074 -0.00556599 -0.0176463 0.00151994 -0.00923658 -0.00197656 0.000404446 -0.00344971 -0.002172 -0.0106762 0.00269313 0.000814579 0.000386764 -0.0021411 0.007933 -0.00534419 -0.00784855 0.00650927 -0.0145521 -0.00883883 0.00335641 -0.00473281 -0.0185974 0.00174511 0.00105421 -0.00620123 0.0124078 -0.0149058 0.00968356 -0.000961393 -0.00293632 0.00114882 -0.000273603 -0.00135768 -0.00671445 -0.0130833 0.0125164 -0.0244671 -0.0069572 -0.00226832 -0.0033045 -0.00789653 -0.00315754 -0.00135769 -0.00081477 0.00483927 -0.00146332 -0.00474949 -0.00679016 -0.00210818 -0.00605963 0.000355657 
-0.00767159 0.00233455 0.00118596 0.00358445 0.0022967 -0.000579035 0.00364577 0.00287619 0.00033243 0.00419239 -0.000525247 -0.0145747 0.00159203 0.132783 -0.00826434 -0.00702196 -0.00498623 -0.0135812 -0.0283771 -0.00140746 -0.0035366 -0.00651354 0.0086277 -0.0218543 -0.000366655 0.0175169 0.00324628 0.00993782 0.00342813 0.00278737 -0.00410741 0.00207575 -4.70574e-05 0.00280406 0.00518124 -0.00720734 0.003979 -0.000980052 0.000236704 -0.0033492 -0.0024268 0.000485864 0.00175723 -0.000814787 -0.000918095 -0.00342628 -0.00638776 -0.00296315 -0.000858278 -0.00156792 -0.0116536 -0.00172374 -0.00835266 0.00244045 -0.0039233 -0.00024941 -0.000948871 -0.00525009 -0.00445593 -0.00128631 -0.00149356 0.00352749 -0.00249819 0.00217766 0.00201046 -0.000776918 -0.00800198 0.000848118 0.000121271 0.00254053 -0.00281716 -0.0018616 0.000407206 0.00120658 -0.00257149 -0.0038764 0.00115731 -0.000718094 -0.00265248 -0.00106537 -0.0030366 0.000982193 0.00357793 0.00337829 -0.0100546 0.00134913 -0.00393914 -0.017475 -0.00023059 0.0012675 -0.00356386 0.00189439 0.00141507 -0.00125295 0.00356693 0.0079181 -0.00441487 0.000233092 0.00491349 0.000638056 
0.00443505 0.00130149 0.0019681 0.00796743 0.00444058 -0.00402425 -0.00118256 -0.00226827 -0.00239963 0.00230262 -0.00341165 -0.00905771 0.00397772 -0.00826434 0.126824 -0.0273192 -0.0190429 0.000954877 -0.0156184 -0.00752618 0.00171569 0.00854276 -0.000795484 0.00316193 0.000866055 0.00530918 -0.0146943 0.00604466 0.00694588 0.00501342 -0.00775465 0.000127688 -0.00138814 -0.00507575 -0.00505327 0.000333985 0.00108225 0.00315773 -0.00185339 -0.0110302 0.0014641 0.000442893 -0.00532226 -0.000287904 0.00186702 -0.00307376 -0.00690013 -0.000194951 0.00281145 -0.000630909 -0.0115218 0.000242363 -0.00961928 0.000102729 -0.00358098 -0.00106489 -2.07588e-05 -0.00238154 -0.00256252 0.00104806 -3.07874e-06 -0.00157257 0.00119841 -0.00675113 -0.00140927 -0.00234271 0.0118106 -0.00144126 0.00459506 0.00105587 -0.00853958 0.00171912 -0.000591971 0.00229126 -0.00576158 0.00610521 0.00147096 0.000487237 -0.000568842 -0.00303625 0.00297063 -0.00114608 -0.000685808 0.00277432 0.00782621 -0.00460477 -0.00210605 -0.00366661 -0.000271011 0.00309225 -0.00434808 0.000519399 -0.00253874 0.00137809 0.00323985 0.00106759 0.000397647 -0.0015352 -0.0106524 4.38388e-05 
0.00714657 -0.00321179 -0.00163796 -0.0146383 -0.00608428 -0.00619909 -0.00303572 -0.00258827 -0.00286268 -0.00760685 0.00483448 -0.024128 0.00810903 -0.00702196 -0.0273192 0.246092 0.0255667 0.0167807 0.010038 0.0457852 -0.00523236 -0.025032 0.0208 0.00548164 0.0247979 -0.0068851 -0.0140967 -0.0313944 -0.000147602 -0.01993 0.00690314 -0.00309909 0.00261597 -0.00544862 0.00766237 0.00247647 -0.00468499 -0.000515574 -0.0013105 -0.00428601 -0.00667907 -0.00492612 -0.0137206 -0.00230236 -0.00348752 0.00402124 0.0123095 0.00273283 -0.00533035 -0.00768521 0.0105289 -0.00251164 0.00092388 0.00692083 -0.00941497 0.000666742 -0.00196754 -0.00915219 -0.0288291 -0.00250372 -0.0256304 -0.00554065 0.00472725 0.00217262 -0.00575947 0.0018316 -0.0129273 -0.00254559 -0.00294982 -0.00191435 0.0146467 -0.00423572 1.16433e-05 -0.000669476 0.000867278 -0.00366578 -0.0068995 -0.000418565 -0.00909177 -0.00209571 -0.00494344 0.00073547 -0.00492604 -0.0169232 0.00437974 -0.0149847 0.00170574 -0.00818127 -0.0018852 0.00281248 0.00112987 -0.00329284 -0.00622631 -0.00872821 -0.00386031 -0.0104618 -0.0031504 0.00251467 -0.00912048 -0.00279346 
0.00447439 -0.000581328 -0.00258137 -0.00453395 -0.00613417 0.00225487 -0.00218339 0.000774881 -0.00263231 -0.00330017 -0.0048316 -0.00420262 0.000132206 -0.00498623 -0.0190429 0.0255667 0.160337 -0.001725 0.0129014 0.00850325 0.0183205 -0.0174998 0.00580958 0.00631108 0.00362165 0.00552285 0.000154423 -0.0288797 -0.00864194 -0.0144467 0.00547498 -0.00192534 -0.000826436 0.0051029 -0.00287102 -0.0016021 -0.00498943 -0.00128113 -0.000920334 0.00550505 0.000906539 -0.000959715 -0.00220927 -0.00388885 -0.000790096 0.00623997 0.00171295 -0.00319827 0.000919773 -0.000718798 -0.0071267 -0.00271931 -0.00532254 -0.0036416 -0.000610883 -0.000749852 -0.000444221 -0.00705488 -0.00835707 -0.00545447 -0.015988 -0.000413355 -0.00674756 0.00221892 -0.00319896 0.00018198 -0.0106511 -0.00502397 -0.00273374 0.0042719 -0.00216034 0.00393649 -0.00101535 -0.00493855 -0.000365032 -0.000279816 -0.00403085 -0.00134184 -0.00435212 -0.00401602 -0.00809147 0.00182029 -0.00789896 -0.0058924 0.00750909 -0.00337035 -4.57031e-05 -0.00325774 -0.000958618 -0.0038052 -0.00099298 -0.00566921 0.00133456 0.00374971 -0.00439254 -0.00571307 0.000933802 -0.000663165 0.0114189 -0.0060491 
-0.0152558 -0.00762459 -0.000933331 -0.00349816 -0.00592519 -0.00480986 8.55897e-05 5.50054e-05 -0.00579766 0.00111379 -0.00573704 0.00726043 -0.0370596 -0.0135812 0.000954877 0.0167807 -0.001725 0.249579 0.0323603 -0.0148492 0.0102174 -0.0211503 0.00188246 0.0215098 0.0161535 -0.062657 -0.00218056 -0.00875972 -0.0159912 0.00538435 -0.0217672 -0.000440755 0.00385427 -0.00866051 -0.00442944 0.00395248 -0.0153399 0.000884675 -0.00318393 -0.0196013 0.00613446 -0.00180142 -0.0170772 -0.000311676 0.00275046 -0.00565242 0.0139774 0.00326719 0.00712556 0.000562804 -0.0126568 -0.000414259 0.0110581 0.00385327 -0.00864915 0.00118374 -0.00132805 0.00340595 -0.0144734 0.0058085 -0.00657431 -0.00166031 -0.0146925 -0.00134709 0.00798699 -0.00225852 0.0179289 0.00557769 -0.000708234 0.00603296 0.00758656 -0.00454598 7.63378e-05 0.00169873 -0.00795103 0.00508044 -0.00548435 0.000383726 -0.00917247 -0.00327125 -0.00514614 0.00256098 0.00138788 -0.0107059 0.000650585 0.00420326 0.0046175 -0.0166042 -0.000381209 0.00628093 0.00700461 -0.00416329 -0.00919579 -0.0147672 -0.00316117 -0.00907352 0.00842472 -0.00349015 -0.0192276 -0.00173435 
-0.0050344 -0.00405284 0.0029419 0.00112836 -0.00407478 0.00126535 -0.000636632 -0.00342379 -0.0122066 0.00123777 -0.000552729 0.013947 -0.0744505 -0.0283771 -0.0156184 0.010038 0.0129014 0.0323603 0.244225 0.00307542 -0.0169602 -0.0344289 -0.0276467 0.0305004 0.00283569 -0.0764107 0.0142382 -0.0255626 -0.0197005 -0.0174101 -0.0308929 -0.00447778 0.00718124 -0.0145599 -0.000466271 0.00411276 -0.0130472 -0.00178333 -0.00107471 0.00663634 -0.00321773 -0.000885254 -0.0031125 -0.000391353 -0.00871569 0.0125695 0.0258483 0.00412428 0.00158367 0.00167522 0.0128783 -0.0009183 0.0173877 0.00107282 0.00145682 0.00400313 0.000738642 0.00528317 0.00408252 -0.00477286 -0.0140659 0.00136257 -0.0200793 0.00438617 -0.00361273 -0.00230691 0.0189904 0.000626826 -0.00425255 -0.00410347 0.00887074 -0.00201991 -0.00158371 0.00535207 -0.0188824 0.00920918 -0.00466755 -0.00020244 -0.00592426 -0.000173851 -0.00228349 0.00118113 -0.0042336 0.00854945 -0.00378677 0.0112396 0.000976733 0.00345234 -0.000504737 -0.000821855 0.0117782 -0.00203255 -0.00706493 -0.00602772 -0.00376926 -0.00569941 0.00844759 0.00126832 -0.000387806 -0.00367006 
0.00560759 -0.00636117 -0.00394343 -0.000263094 -0.00226068 -0.00714414 -0.000769672 0.00155268 -0.00880052 -0.0151377 0.00259597 0.00939787 0.00710851 -0.00140746 -0.00752618 0.0457852 0.00850325 -0.0148492 0.00307542 0.228158 -0.0186154 -0.0239993 0.00357765 0.0183245 0.0101009 -0.0110364 0.0264159 -0.0107785 -0.0196799 -0.0207042 0.0113232 -0.000767521 0.00203192 -0.00719572 0.00114026 -0.00522726 0.00571843 -0.00695733 -0.001897 -0.0194887 -0.00805759 -0.00221782 -0.0106528 -0.0073541 -0.00743659 -0.00962229 0.00316019 -0.00229597 -0.0108264 -0.00611443 0.0244117 0.000332643 -0.00176079 -0.00167303 -0.00361517 0.000610119 -3.89271e-05 -0.00598198 0.0060472 -0.000117528 0.00399348 -0.00686107 -0.00692318 -0.00419049 -0.00605753 -0.000851762 -0.00579898 0.00249462 -1.13206e-05 0.0020477 0.0116134 0.000280591 -0.00121715 -0.00211435 -0.00520766 -0.0151928 -0.00679599 -0.00151624 -0.00338473 -0.00711408 -0.00650442 -0.00180684 -0.000868387 -0.00829451 0.00787678 0.00375149 0.00353861 -0.0101088 -0.00275438 -0.0198872 -0.0155218 -0.00153564 -0.00373278 -0.00316673 -0.00298213 -0.013906 -0.00869806 0.000915808 0.00497149 -0.000882121 
-0.0156159 0.00336453 0.000423391 -0.0029399 -0.00014819 -0.00276235 -0.0033236 0.00100233 0.000892131 9.98904e-05 -0.0108539 -0.0267296 0.00544461 -0.0035366 0.00171569 -0.00523236 0.0183205 0.0102174 -0.0169602 -0.0186154 0.242199 -0.0163653 -0.0285498 0.0033829 -0.00809424 -0.00598498 -0.00641532 -0.0234945 -0.0193215 -0.00133664 0.0105894 -0.00117827 0.00756961 0.00563177 0.000642318 0.00498049 0.0107592 0.000325994 -0.00276491 -0.0129177 0.00747017 0.000763184 -0.012961 0.000624936 -0.00181149 -0.0163263 0.000628872 0.00118117 0.00664562 0.00696178 -0.0437961 -0.00124124 -0.0164005 -0.00508742 -0.00196322 -0.00250706 -0.000690249 0.000984549 -0.0252411 0.00101958 -0.022788 0.00337864 -0.00640936 0.00534591 -0.00331246 -0.00203916 0.00924407 -0.00256695 -8.11468e-05 0.00865998 -0.007002 0.00589495 0.00158256 -0.00239083 0.00962672 0.00897277 0.00147559 0.000109562 -0.000990017 -0.0018326 -0.00265469 0.00235092 -0.00840116 -0.0123085 0.00315244 -0.00466902 -0.000684721 0.00629981 0.00303558 0.0109195 0.00175124 -0.00225604 -0.00352253 -0.000347286 0.00591701 0.00900227 0.000559701 -0.00476918 0.00177565 -0.00270346 
-0.00672126 1.73812e-05 0.00109787 -0.0021152 -0.000666456 0.00787272 0.00230446 -0.0059015 0.00112041 0.00101429 -0.00781739 0.00895419 0.00212617 -0.00651354 0.00854276 -0.025032 -0.0174998 -0.0211503 -0.0344289 -0.0239993 -0.0163653 0.202169 0.0433126 -0.0366788 -0.00119346 0.0136691 -0.0429559 0.0212477 0.0308844 0.00100875 -0.00878036 -0.00418665 -0.000649462 -0.0058204 -0.00934272 -0.00220474 -0.0104868 -0.000328376 -0.000613297 -0.0095555 -0.00535836 0.000136153 0.00767161 0.00293665 0.00155397 0.0062856 -0.00965174 -0.00284106 0.00240058 -0.00586233 0.0112423 -0.00245215 -0.0159765 -0.00178914 -0.00140765 -0.00160469 -0.0026664 0.0132861 -0.00294648 0.00278788 0.0242076 3.82412e-05 0.00582667 -0.00787556 0.00251731 -0.0021704 0.00410739 -0.00448324 -0.000767326 -0.00752893 -0.0105462 -0.00464157 0.000224262 -0.00314886 0.00278222 -0.0119692 0.000150757 -0.000861584 0.00190875 0.00801983 0.010265 -0.00557269 0.00193045 -0.00484454 -0.00242322 -9.38053e-05 0.000100084 -0.000197858 -0.00116567 0.00237945 -0.00655271 0.00241939 -0.00127758 -0.0128292 -0.00244086 0.00226433 -0.00582722 0.00220999 -0.0167126 0.00250052 
0.0093713 -0.00602011 -0.000359776 -0.000555399 -0.00289874 0.0030797 -0.00240731 -0.00495311 -0.000843187 0.00727307 -0.0115672 -0.0122057 0.0328796 0.0086277 -0.000795484 0.0208 0.00580958 0.00188246 -0.0276467 0.00357765 -0.0285498 0.0433126 0.217462 -0.0400047 0.0173419 0.0370601 -0.0267736 0.0112406 0.0235249 -0.0175945 -0.00990833 -0.00701903 -0.00288738 -0.00546281 -0.0130663 -0.00369313 -0.0209895 -0.00299099 -0.00377577 -0.00872005 -0.00241927 -0.000502418 -0.00781457 0.000175346 0.00279676 0.00909421 -0.0203164 -0.00663008 0.00244751 -0.0126547 0.00506501 -0.0058902 0.000717971 0.00252607 -0.00379436 -0.00275868 -0.00376782 -0.00190947 -0.00962056 -0.00119623 0.000499401 -0.00110526 0.015755 -0.00676234 -0.00606443 -0.00547757 -0.00583241 -0.00563388 -0.000728342 -0.00336776 -0.0112174 -0.00996185 -0.000979343 0.00115711 -0.00568249 -0.012578 -0.00719621 -0.00190496 -0.00246369 -0.00122592 -0.00110515 -0.00154701 0.00584464 -0.00118758 0.00176332 -0.0098025 0.00627375 -0.0200164 -0.00140675 -0.00751378 -0.00460346 -0.00178989 0.00342566 0.00248266 -0.00167494 -0.00705541 -0.00845544 0.00464799 -0.0131521 0.00053976 
-0.00040546 -0.00277472 -0.00346073 -0.00391996 -0.00686142 -0.00782386 -0.00605549 9.94228e-05 -0.0171669 -0.00502009 -0.016533 0.0150366 -0.0426004 -0.0218543 0.00316193 0.00548164 0.00631108 0.0215098 0.0305004 0.0183245 0.0033829 -0.0366788 -0.0400047 0.226765 -0.0122796 -0.00879594 0.0392132 -0.0233046 -0.0336704 -0.0040784 -0.0349103 -8.53861e-05 -0.00698905 0.00143455 0.00394343 -0.00341978 -0.00061462 0.00197972 -0.00444945 -0.000920611 -0.0079617 -0.000846372 0.0047623 -0.00308953 -0.00588928 0.0114043 0.00301701 0.00501649 -0.000151112 0.00621189 0.0222009 -0.00204638 -0.00257981 -0.00799273 -0.0036745 0.000883178 0.000844176 -0.000479597 -0.00104719 -0.00827749 -0.0108249 -0.00477109 0.00509584 -0.00564058 -8.13287e-06 -0.00690438 0.0138924 -0.000614295 -0.00568965 0.00257832 0.0173372 -0.00476185 -0.00332058 -0.00408785 -0.00690198 0.00869173 -0.00823344 0.000823484 3.68339e-05 -0.0121481 -0.000385652 -0.00431339 -0.00503029 -0.000537567 0.0112621 0.00712368 0.00111601 0.0233328 -0.000727869 -0.00337173 0.00323106 -0.00425742 -0.00929404 -0.00884074 -0.00446953 -0.00447398 0.00508628 -0.00783031 -0.0134281 -0.00151119 
0.0140189 -0.00382116 -0.00307881 -0.00605606 0.00340292 0.000373933 -0.000691845 0.000160751 0.00161602 -0.00372718 -0.00510783 -0.0247679 -0.00314831 -0.000366655 0.000866055 0.0247979 0.00362165 0.0161535 0.00283569 0.0101009 -0.00809424 -0.00119346 0.0173419 -0.0122796 0.173566 -0.00970417 -0.000419116 -0.0131262 -0.0094792 -0.0145576 -0.0109456 -0.00116521 0.0015117 -0.00685427 -0.00142383 0.00278527 -0.0158975 -0.0013986 -0.0015871 -0.0165964 0.00195989 -0.000748307 -0.00848844 0.00168558 0.00213296 0.00889052 0.00498078 0.00190712 0.000414317 -0.00255109 0.00658259 0.00217658 -0.000880806 0.00250738 -0.00695734 0.00118489 -0.000739606 0.00289649 -0.0193817 0.00045318 -0.00884515 0.00752366 -0.00620324 0.00146663 -0.00149482 -0.0019777 -0.00606201 0.00212619 -0.00156957 0.0127592 3.41394e-05 -0.00345693 -0.000424388 0.00147046 -0.00762114 -0.00717966 -0.000445573 -3.47842e-06 -0.00649263 0.000225943 -0.00441488 0.00273616 -0.0037087 -0.0179376 0.0164952 -0.00325548 -0.0011364 -0.0213403 -0.000696721 -0.00623839 0.00504932 -0.0011621 -0.00244921 -0.00702517 -0.00244849 -0.00443169 -0.00457461 -0.0019051 -0.00951753 -0.00155796 
0.0102463 0.0047154 0.000656656 -0.0170819 0.00289863 -0.000431144 -0.00849977 -0.00151016 0.0026284 0.000763781 -0.00723491 -0.0302568 0.0279757 0.0175169 0.00530918 -0.0068851 0.00552285 -0.062657 -0.0764107 -0.0110364 -0.00598498 0.0136691 0.0370601 -0.00879594 -0.00970417 0.247117 -0.00734217 0.00291458 0.0144723 -0.0110628 0.000757316 -0.000344961 -0.00218989 0.00936128 -0.00472592 -0.010025 0.00157449 0.00466784 -0.00217527 0.0172243 -0.000265677 0.000400247 0.0108079 -0.0035405 0.00125969 0.00310121 -0.0350428 -0.00648099 -0.00573435 -0.00716019 0.00449839 -0.00325011 -0.0129036 -0.00283173 -0.00810386 -0.00279439 0.000471684 -0.00856559 0.00428678 -0.00107439 0.00395025 -0.00125441 0.0269001 -0.0015043 -0.0034318 -0.000656522 -0.0181896 -0.00559727 0.0042126 -0.000239288 0.000748656 -0.0055867 -0.00183461 -0.0038952 -0.00383419 -0.00778373 -0.00643112 -0.00152696 0.00286425 -0.00487047 -0.000869528 0.000258827 -0.000332874 -0.00491916 -0.00987175 -0.00627833 -0.00773499 -0.00543022 -0.000407264 -0.00592244 -0.0114193 0.0013508 0.00792545 0.00338125 0.00371366 0.0085796 -0.00729962 -0.00256229 -0.00074894 -0.00322804 
-0.00817908 -0.000288132 -0.00934846 0.00820162 -0.00567657 0.00110393 -0.00454965 0.00170264 -0.0138957 -0.00537066 -0.00764986 -0.0109558 0.00637427 0.00324628 -0.0146943 -0.0140967 0.000154423 -0.00218056 0.0142382 0.0264159 -0.00641532 -0.0429559 -0.0267736 0.0392132 -0.000419116 -0.00734217 0.249296 -0.00751942 -0.0305771 0.000751793 0.01233 0.00196236 -0.0118394 0.00338712 0.00528673 0.00152005 -0.00722745 0.000724287 -0.00785047 -0.0217221 -0.00522022 8.20513e-05 0.00754556 0.000606957 -0.00129241 -0.00130013 0.00245359 -0.00536886 -0.00588012 0.0125689 0.0132347 0.00151186 0.00138105 -0.00771384 0.00311846 -5.90611e-06 0.00335905 -0.00674032 -0.00418247 -0.0123753 -0.00257198 0.00238419 0.000573385 0.000614284 -0.00380225 -0.0018935 -0.0227222 -0.000413409 -0.00591073 -0.00150226 0.00387293 0.00183869 -0.00153102 -0.00265629 -0.00565334 0.00665607 0.00111691 2.83892e-07 -0.00791122 -0.00265801 0.0027206 -0.00145691 -0.00349051 -5.31921e-05 -0.00896606 -0.00133937 -0.0155843 0.0129899 -0.000153481 -0.0265631 -0.0038627 -0.0026278 -0.00566365 0.000603775 -0.00628704 -0.00539002 0.00244602 -0.00226045 0.00273898 0.000204715 
-0.00806969 -0.00225102 -0.00039782 0.00138875 -0.00624325 -0.00536604 0.00145966 0.000369652 0.000314943 -0.00780277 0.00114067 -0.0176013 0.0376395 0.00993782 0.00604466 -0.0313944 -0.0288797 -0.00875972 -0.0255626 -0.0107785 -0.0234945 0.0212477 0.0112406 -0.0233046 -0.0131262 0.00291458 -0.00751942 0.217999 0.0103284 -0.0146288 0.0199727 -0.00408285 -0.0046033 -0.00179643 -0.00603371 -0.00874672 0.00944728 -0.00269198 0.00121411 -0.0266663 -0.00142021 0.00124102 0.0135924 0.0015884 -0.00811284 -0.0125654 -0.0075204 -0.00270498 -0.00244242 -0.00565347 0.0102558 -0.00381736 -0.0112904 -0.00531458 -0.00279264 -0.00121049 -0.00184991 -0.00443712 0.0260117 0.00161118 0.0246462 -0.00472718 0.00635358 -0.00641174 -0.00612206 0.00062368 -0.00142365 -0.00273449 0.00255734 -0.0121952 -0.00819834 0.00111668 -0.000488016 -0.00129401 0.0092024 -0.0175741 -0.00177697 -0.000618851 0.00596158 0.00373898 0.00451049 -0.00415691 0.00411759 -0.00303833 -0.0195767 -0.00250517 0.000147074 0.00698852 -0.00141978 -0.0069945 -0.00609626 0.00559271 -0.00272506 -0.00361935 0.000648438 0.00201954 -0.00276738 -0.00428438 -0.00387432 0.000371425 
-0.00331607 0.00107464 -0.00185902 -0.00412906 -0.00519602 -0.00291708 0.00455988 -0.00369001 -0.000335706 -0.000435557 -0.00018845 -0.00947045 0.0143666 0.00342813 0.00694588 -0.000147602 -0.00864194 -0.0159912 -0.0197005 -0.0196799 -0.0193215 0.0308844 0.0235249 -0.0336704 -0.0094792 0.0144723 -0.0305771 0.0103284 0.165907 -0.000292835 0.00157152 -6.80863e-06 -0.00255048 -0.000651847 -0.00209772 -0.00294368 -0.00275337 5.04084e-05 -0.000871858 0.000163625 -0.00187174 -0.000445079 -0.00276941 -0.000442712 -0.000642085 -0.000827782 -0.0115098 -0.00495818 0.00148274 -0.00626675 -0.00289308 0.000598994 -0.00408357 0.00280423 -0.00060295 -0.000440493 -0.00166053 -0.00280544 0.000584138 -0.0015112 -0.00895018 -0.00126195 0.0079399 -0.00213648 0.000122866 0.00178172 -0.0028577 -0.00433759 -0.00306517 -0.00603324 -0.0119782 -0.00100688 2.61944e-05 0.00257616 -0.000563913 -0.00819592 -0.00205089 -0.000555781 -0.000609817 0.00513602 0.00141471 -0.00265733 0.00305091 0.00942443 -0.0108823 -0.00568478 0.00207265 -0.0115271 -0.000291866 0.0153264 0.000393637 -0.000346869 -0.000441905 -0.00410444 0.00208065 0.00959651 -0.0048676 0.00427162 -0.00888641 -2.15721e-05 
-0.00153711 0.00300643 -0.000669389 0.00707769 -0.00220754 0.000782449 0.000938228 -0.0015255 0.00357674 -0.00088119 0.00528748 0.0172017 0.000446954 0.00278737 0.00501342 -0.01993 -0.0144467 0.00538435 -0.0174101 -0.0207042 -0.00133664 0.00100875 -0.0175945 -0.0040784 -0.0145576 -0.0110628 0.000751793 -0.0146288 -0.000292835 0.128356 -0.00655958 0.00290968 -0.00108576 -0.0018118 0.000329904 -0.00160283 0.00807055 0.000489397 -0.000618509 -0.0052463 -0.00192214 0.00123454 0.00729753 0.00344008 0.000284267 -0.00809678 -0.00806663 0.000248974 -0.000283804 0.00494619 -0.0138621 0.000180691 0.00285922 -0.00154865 0.0019172 -0.00083856 0.000344171 -0.00108141 -0.00225136 0.000103858 -0.00872268 -0.00112427 -0.0048043 -0.00355392 0.00500396 0.000120741 -0.0015665 -0.00189999 -0.00101005 -0.000172045 -0.000524329 -0.00208454 0.000911356 0.00157113 0.00251375 0.00347572 0.00640002 0.000227733 0.00468213 0.00181371 0.00672274 -0.00184801 -0.00338849 0.00280288 -0.00151467 -0.00746225 -0.00431771 -0.0130127 0.000907975 0.00326324 0.0004238 -0.0010266 5.2699e-05 -0.000145197 0.00314257 -0.00567271 0.00256016 -0.00090974 -0.00472627 0.00435441 
0.00146659 -0.000396664 -0.00151144 -0.00173604 -0.00502287 -0.00524038 0.00215766 -0.00295913 0.00641816 -0.00882116 -0.00217872 -0.00285325 0.0510798 -0.00410741 -0.00775465 0.00690314 0.00547498 -0.0217672 -0.0308929 0.0113232 0.0105894 -0.00878036 -0.00990833 -0.0349103 -0.0109456 0.000757316 0.01233 0.0199727 0.00157152 -0.00655958 0.171622 -0.000163639 -0.0102061 0.0105343 -0.00231295 0.00289988 0.00804046 -0.00316019 0.000415701 0.00193297 -0.00344795 -0.00196064 -0.00266626 0.000405584 -0.00967814 -0.0134962 -0.001448 -0.00430554 -0.00376706 -0.00494673 -0.0273461 0.00184444 -0.000220835 -0.00195117 0.00583378 -0.00174091 -0.000146392 -0.0103439 0.000697801 -0.000432817 -0.00517079 -0.00272329 -0.00182529 0.00410577 -0.00463214 0.00611759 -0.00747969 -0.00482841 0.00300995 -0.00335419 -0.00796546 0.000853695 0.000897197 -0.00429606 0.0100449 -0.00672535 0.00226189 0.000202622 -0.0037588 0.00356719 -0.00607361 0.00297689 -0.00580798 0.000284104 -0.0109175 -0.0097908 -0.00790538 -0.000743448 -0.00129958 -0.0104566 -0.00465379 0.000801956 -0.000645567 0.000747028 -0.00321728 0.000974038 0.00015045 0.00506373 0.00875852 -0.00073004 
-0.00254712 0.00088928 0.000351631 0.000890702 -0.00120773 -0.000288214 -0.000546002 -0.000146441 -4.06524e-05 -0.00162635 0.00268641 -0.00287299 -0.0016613 0.00207575 0.000127688 -0.00309909 -0.00192534 -0.000440755 -0.00447778 -0.000767521 -0.00117827 -0.00418665 -0.00701903 -8.53861e-05 -0.00116521 -0.000344961 0.00196236 -0.00408285 -6.80863e-06 0.00290968 -0.000163639 0.0462201 -0.00118935 0.00341185 0.00148715 0.00115103 -0.00168399 0.00102968 9.7566e-05 -0.00371506 7.87532e-05 -0.000465111 -0.000652367 4.30857e-05 -0.00138541 -0.00178344 0.00143455 -0.000627084 0.000202095 0.000787024 -0.00443726 -0.000551055 -0.00254285 -0.00124055 0.00070384 0.000457585 0.000479967 -0.000740116 -0.00158928 -0.000355986 0.00323871 0.000481635 -0.000386372 -5.7722e-06 0.0013188 0.000733614 -0.00211272 2.95017e-05 7.27532e-05 0.00113507 0.00310033 -0.000605127 0.000458492 -0.000139272 -0.000662236 -0.000506675 0.000423015 0.000334187 -0.000797178 -0.000921081 0.000571943 0.000922368 -0.00089243 -0.00523557 -0.000742148 -0.00277972 -0.000295148 -0.00477398 -0.000145991 0.00144127 -0.000815572 3.11774e-05 -0.0002818 -0.00247345 0.000840615 0.000938998 -0.000144794 0.000200047 0.00236646 -0.000560744 
-0.00487791 -0.00153067 0.000433812 0.000341421 0.00188267 0.0019756 -0.000204059 0.0017696 0.0023529 -7.66534e-05 -0.00180171 -0.00899106 -0.00887344 -4.70574e-05 -0.00138814 0.00261597 -0.000826436 0.00385427 0.00718124 0.00203192 0.00756961 -0.000649462 -0.00288738 -0.00698905 0.0015117 -0.00218989 -0.0118394 -0.0046033 -0.00255048 -0.00108576 -0.0102061 -0.00118935 0.0882315 -0.00212151 0.00109555 -0.000270271 -0.00461628 -0.000784507 0.000585925 -0.00708917 0.00196701 0.000509017 -0.00519624 -0.00119465 0.00142363 -0.00209716 0.00233761 -0.00243515 0.00129896 -0.00107629 0.000354805 0.000548249 -0.0024484 0.000250198 -0.00200419 0.00106311 -0.000818539 -0.000692976 -0.00346725 0.00280615 -0.00563069 -0.000549728 -0.00173818 0.00144542 -0.00293681 -0.000134565 -0.000446677 0.00150202 -0.000236364 0.000681263 0.00400509 0.000612826 0.000134319 0.000245562 -0.00462415 -0.00138564 0.0014598 -0.000376582 0.000943174 -0.00105553 -8.32736e-07 0.000554911 0.000742837 -0.00405563 0.00407852 0.000812638 0.00265937 -0.0117767 0.000111053 0.00509205 -0.00341444 7.64554e-05 -0.00111624 -0.00394816 0.00121301 -0.000833086 -0.00130321 -0.00309313 -0.0031136 -0.00147291 
-0.0080086 0.00375874 0.000155092 -0.00110182 -0.00309597 0.00202438 0.000191455 -0.000340176 -0.000791669 -0.00136262 -0.0018789 -0.00396272 -0.00387643 0.00280406 -0.00507575 -0.00544862 0.0051029 -0.00866051 -0.0145599 -0.00719572 0.00563177 -0.0058204 -0.00546281 0.00143455 -0.00685427 0.00936128 0.00338712 -0.00179643 -0.000651847 -0.0018118 0.0105343 0.00341185 -0.00212151 0.0815645 -1.27935e-07 0.000556932 -0.00293059 -0.000551972 -0.000166624 -0.00374786 0.00266455 -0.00126524 -0.000890808 -0.000527469 -0.00149327 0.00159812 -0.00103949 -0.0017053 -0.00154428 2.69183e-05 -0.00784226 -0.000720853 -0.00592484 -0.000687857 0.000353789 -0.000331826 4.98694e-05 -0.00257557 0.000841213 -0.000121451 0.0021569 -2.56294e-05 0.000689355 -0.000197377 0.000325063 -0.000860855 -0.00739972 0.00143063 -0.000835532 0.00109668 -0.00302694 -0.000178091 -0.000178611 -0.00239332 -8.10708e-05 -0.002985 -0.000539602 0.000611299 0.000823384 0.000306804 -0.000878673 -0.000283691 -0.00205173 0.00455495 -0.00684649 -0.00192862 0.000214038 0.00912332 -0.000180762 -0.000583123 -0.00219 -0.00016142 0.00216463 0.00230668 -0.0017965 0.00266229 -0.000345604 -0.00270587 8.39497e-05 -0.00140288 
