0.0951221 -0.00299328 0.00345236 0.00535095 -0.00210618 -0.0025875 -0.00368102 0.00138207 -0.00320986 -0.00187931 -0.000647573 -0.00470006 -0.00713753 -0.00358105 0.00565651 -0.00231071 -0.0040555 0.00412383 -0.00825148 0.00301573 -0.00768486 -0.00248892 -0.00811771 0.00564477 0.00710095 0.0078036 0.00275983 0.00292342 -0.0003464 -0.00508591 -0.00622297 -0.00158257 -0.00176415 -0.00347921 0.00290354 -0.00867788 -0.010825 -0.0045658 -0.00160296 -0.000476161 5.00572e-05 0.00111964 0.00173094 -0.000380577 -0.000834216 0.00377025 0.00288866 -0.00184704 -0.00784456 -0.000424943 -0.00223714 -0.00174169 0.000538236 -1.23564e-05 -0.000325994 0.0031524 -0.00636235 0.000144794 -0.00304375 -0.00376795 0.0014479 -0.00206884 0.000841983 0.00202837 -0.00068176 -0.00274307 0.000828028 -0.00662413 0.00165021 -0.00388561 -0.00628035 -0.00393376 -0.00254862 -0.000509511 0.000451342 0.00607819 -0.00368315 -0.00185195 -0.00495711 0.00820154 -0.00425878 -0.000830927 0.00123566 -0.00254727 -0.00202774 -0.00485255 0.000507019 0.00147256 -0.00613845 0.00656384 0.00205813 -0.0021953 0.000783165 0.00732406 -0.00150527 0.00132359 -0.00246467 0.00345161 -0.00312987 0.00172092 
-0.00299328 0.129098 -0.00451481 -0.0016907 -0.00227173 -0.00497474 0.000406584 0.00447731 -0.00541126 -0.000678871 -0.0123194 0.00660703 0.00145578 -0.00597307 -0.00730077 0.00331052 -0.0108653 0.00210014 -0.00266865 -0.00597093 -0.00634273 0.000713651 -0.0102612 -0.00825848 0.00396762 -0.00126219 -0.00273375 0.000872231 0.00285497 -0.00775898 -0.010646 -0.00740111 -0.00140281 -0.00697352 -0.00327847 -0.000162764 0.0117863 0.00421768 -0.00628295 -0.00320665 -0.0012514 -0.000123695 -0.000375348 -0.00379119 0.0001203 0.0015035 0.00136376 -0.00480081 0.000587114 -0.00331887 -0.00113799 -9.5929e-05 -0.00269135 0.00533393 -0.00531967 0.000894446 -0.00189207 -0.006644 -0.00159855 -0.00413595 -0.00315628 0.00156627 -0.000223062 -0.00379081 0.000162472 -0.000670221 0.0105385 0.00794133 -0.00143296 -0.00391675 -0.00299995 0.00460092 -0.000154415 -0.00500741 -0.00411104 -0.00437804 0.00353118 -0.00159357 0.00160376 0.00688723 -0.00581237 -0.0012555 0.00781483 0.00302304 0.00271985 -0.00304987 -0.00187595 -0.00703054 0.00254837 -0.00960232 -0.00277357 0.00365207 0.00339321 0.00110187 0.00419178 0.00484039 -0.00222423 -0.000553118 -0.00436288 -0.00103107 
0.00345236 -0.00451481 0.145927 0.00552123 0.00531155 0.00490501 -0.00064777 0.0020308 0.0133005 -0.00658185 0.00788052 -0.01351 0.0120351 0.00222426 -0.0118434 -0.00908724 -0.000632651 -0.00335966 0.0195684 -0.0059696 -0.00930794 7.82422e-05 0.0107146 -0.00453 -0.00824869 0.00333935 0.0103823 -0.00989051 -0.00332739 0.000866131 -0.00349771 0.00786669 0.00133464 -0.0117241 0.0093331 -0.0147056 -0.00604695 -0.00280159 0.000997338 0.00470994 0.00173368 -0.00406287 -0.00156177 0.000378984 -0.000542216 -0.00335736 -0.00510993 -0.000333381 0.00470397 0.0040203 -0.00625863 -0.00142485 -0.00110082 -0.0053443 0.00382908 -0.0103022 -0.00456823 -0.0071444 -0.00368424 -0.00776809 -0.000527353 -0.0101977 -0.00116766 0.00898179 0.000822726 -0.00984183 -0.00134031 -0.0108964 -0.00444921 -0.00475821 -0.00855788 0.00349899 -0.00319025 0.00456841 -0.00184737 -0.00848954 -0.0097417 -0.00062583 -0.00551295 -0.00250616 -0.00735725 0.000767392 -0.00913313 -0.0023053 0.0137918 -0.00480417 -0.0025787 0.00437115 -0.00946857 0.0153026 0.00090233 -0.00253741 -0.00362619 -0.0115115 -0.00302935 0.000939485 -0.0048122 -0.00119157 -0.00497585 0.00338072 
0.00535095 -0.0016907 0.00552123 0.0859577 0.00405836 0.000389839 -0.00414217 -0.00817616 -0.00195361 0.00203043 0.00371124 0.000531561 -0.000869044 -0.00690325 -0.00656801 -0.00282134 0.00518099 0.00571499 -0.0012459 0.00216641 -0.00203167 -0.00274315 -0.000531642 -0.00301514 0.00261157 -0.00607518 0.0118864 0.00416711 -0.00409579 -0.000801664 0.00316287 -0.000279527 -0.00123688 -0.00381458 0.00438134 -0.00555246 -0.00111045 0.000685573 -0.00198285 0.00497105 2.61546e-05 -0.000849569 -0.00291473 -0.00262184 -0.00216843 -0.000743669 -0.00544394 -0.00249493 -0.00566192 -0.0045576 -0.00387465 -0.00110304 0.000380835 -0.00130113 -0.000445536 0.000272477 -0.00372835 -0.00393826 -0.00252903 3.40525e-05 -0.00117208 -0.00350477 0.000603636 0.00137233 -0.00250749 -0.00271626 -0.00175154 0.000392509 -0.00133477 -0.0002026 0.00232371 0.00176794 -0.00080155 0.00320069 -0.00181169 -0.00547969 -0.00311654 -9.16325e-05 -0.00418026 -0.00299896 -0.00359178 -0.000670261 -0.00203555 -0.00328542 0.00224254 -0.00467837 -0.000158559 8.5178e-05 -0.00238938 -0.00111525 0.000587255 -0.00138926 -0.00251894 0.00627324 -0.00205687 -0.00143825 -0.0052071 -0.000162757 -0.000868156 0.00321136 
-0.00210618 -0.00227173 0.00531155 0.00405836 0.106597 0.000669426 -0.0050998 -0.00420018 -0.00762463 0.00431606 -0.00308071 0.000881702 0.0163873 -0.00273035 -0.0107248 -0.0212741 -0.00915328 -0.00800531 0.0145292 0.0094003 0.00631153 0.00372571 0.0059529 0.00938184 -0.00612232 -0.012389 0.00167205 0.00268458 -0.00582127 0.00816573 -0.00689984 -0.0095396 -0.000859152 -0.00429523 7.16663e-05 0.00268567 -0.000291525 -0.000952367 0.000913414 0.00787064 0.00353975 0.00064558 -7.05034e-05 -0.00132345 -0.00164792 -0.00103178 -0.00825867 -0.00312357 0.00434413 -0.000567125 -0.00486298 -0.000289382 0.00232309 -0.000856549 -0.00176263 0.00111866 0.000565699 -0.00201527 0.00072916 -0.00629544 0.00192911 -0.00663165 0.00139375 -0.00291333 0.0022432 0.0116749 0.000743556 -0.00200416 0.000590704 0.00316632 -0.00283299 -0.00278613 7.37468e-05 -0.00236552 -0.00600928 -0.00807015 -0.00474102 -0.00085034 0.00281324 -0.00434748 0.00309514 0.00016448 -0.00397412 -0.00345912 0.00322715 0.000733077 -0.00178404 -0.00215198 -0.00594371 -0.0155481 -0.00629331 -0.00239174 -0.000647486 -0.00162267 -0.000805083 -0.00183391 -0.00436579 0.00241515 -0.00237061 -0.00682556 
-0.0025875 -0.00497474 0.00490501 0.000389839 0.000669426 0.104269 0.000109475 -0.000339202 0.00388096 -0.00541958 0.00564448 0.0139091 -0.00353347 2.77643e-05 0.0110042 -0.00695581 -0.0127559 -0.00892851 0.00442998 0.00304997 -0.0110303 0.00927522 0.00758698 7.15505e-05 -0.0179039 -0.00610525 -0.00983439 -0.0108645 0.000676808 0.00432862 -0.00706096 0.00734187 -0.00319825 0.010597 -0.00129296 -0.00281291 -0.00190498 8.84728e-05 0.00376794 0.00191678 -0.00275276 0.00113062 0.000892531 -0.000631531 7.37268e-05 -0.000557667 -0.00305029 0.000603623 0.000716306 0.0031981 0.000691402 -0.0016662 3.12985e-05 -0.00292055 -0.00148499 -0.00778953 0.00254378 -0.00480158 -0.00573268 -0.00687274 -0.00287972 -0.00161447 0.00031696 -0.000860385 -0.000345218 -0.00523625 -0.00370409 -0.0067948 -0.0018933 0.00820877 -0.00328356 -0.000578813 -0.00150799 -0.0020673 -0.00343969 -0.00295709 -0.00305813 -4.01005e-05 -0.00209166 0.0052245 0.00499654 0.00130204 0.00450821 -0.00126075 -0.00173773 -0.00239009 -0.00183868 0.000377333 -0.000100997 -0.00160103 -0.00441062 0.000505325 -0.00153502 -0.00930003 -0.00100423 -0.002941 -0.00393994 0.00148422 -0.00148515 -0.00308469 
-0.00368102 0.000406584 -0.00064777 -0.00414217 -0.0050998 0.000109475 0.0966806 -0.0101622 0.00119745 -0.00159337 -0.0106913 0.00176017 -0.00998115 0.0016953 0.00469235 -0.0139523 0.00655243 -0.0191572 0.000245484 -0.0139545 -0.00486675 -0.0159918 0.00703932 -0.00675529 -0.0114445 0.00391767 0.00946307 0.00569156 0.0113061 -0.000578869 -0.00378245 0.00693849 -0.00214995 -0.0105395 -0.00598683 0.00419868 0.00563968 0.00495553 0.000916146 -0.011039 -0.000980094 0.00269239 -0.00198838 0.000526687 -0.000392967 0.00118266 -0.000143795 0.00155254 0.00197881 -0.0029055 0.00407691 -0.000646811 -0.00360652 -0.00114447 -0.00492312 -0.00588454 0.000485352 -0.00194044 -0.00186299 -0.00483763 -0.00138803 0.00506281 -0.000184819 0.00586383 -0.000886743 -0.00218787 0.00484018 -0.0106685 0.0040291 -0.00416549 -0.00506747 0.00421314 -0.00642816 -0.00150708 -0.00474125 -0.000541884 0.00261291 0.00152214 -0.00195458 -0.000464685 -0.00640406 0.00204384 -0.00188707 0.00582056 0.00526881 -0.000763547 -0.00086994 -0.00137061 0.00313391 0.00576026 0.00678002 -0.003459 0.00150801 -0.00404077 -0.000381806 0.00423338 0.00488184 0.000254228 -0.0020252 0.0051132 
0.00138207 0.00447731 0.0020308 -0.00817616 -0.00420018 -0.000339202 -0.0101622 0.141709 -0.0201518 -0.00276721 -0.00336421 0.00314039 0.0333595 -0.0102746 -0.00770934 -0.000205317 -0.0101272 -0.00389791 -0.0048433 -0.00470247 -0.00406009 0.00565809 0.00725351 0.00440876 0.003549 0.00430142 0.00348301 -0.0133954 0.00558399 -0.00866548 -0.00711669 -0.0138638 0.00144857 0.00131912 -0.00545191 -0.0131023 0.00544506 -0.00102793 -8.08808e-05 0.0109518 -0.000314317 -0.0033509 -0.00426428 0.00171343 0.00050891 0.000924516 -0.00474881 -0.00538327 -0.00247717 0.00406783 0.00350124 6.9994e-05 -0.00504379 -0.0010144 0.00121851 -0.0039555 -0.00493016 -0.00654795 -0.00359526 0.000688468 -0.00502332 0.00282014 0.000860982 -0.00312598 -0.000187777 -0.00106696 -0.00302101 0.00795674 -0.00265749 -0.00636065 -0.00252738 0.00273242 -0.00347486 -0.000474961 0.00342681 -0.0034163 -0.0028693 -0.00120531 -0.0016622 0.000687982 0.000330428 -0.00185231 0.000214021 -0.00789778 5.21452e-05 -0.00538361 -5.73526e-05 -0.00714294 -0.00326239 -0.0130336 -0.00669234 0.00715704 0.00250201 -0.00717638 0.00274541 0.00234264 0.00470009 -0.000803429 0.00207742 0.000886768 
-0.00320986 -0.00541126 0.0133005 -0.00195361 -0.00762463 0.00388096 0.00119745 -0.0201518 0.20321 -0.00987157 0.00836141 -0.00452406 0.00226872 0.0170338 0.015501 -0.00636519 -0.006653 -0.0163955 0.0126306 -0.00613502 0.00991651 -0.00531649 -0.0115331 -0.017079 -0.0353397 0.000112421 -0.0203176 -0.00665648 -0.00458221 -0.0111221 0.000478801 0.0106256 -0.00147729 -0.0199257 0.00227655 0.00401294 -0.011208 0.00642006 0.00756202 -0.00370651 0.01347 0.00170677 0.00962253 -0.00577946 0.000430779 -0.00638616 0.00295088 0.00169254 -0.0066964 0.00258996 -0.0141978 -0.00170259 0.00777379 -0.00106941 0.00351899 -0.0136044 -0.00157782 -0.00399008 -0.00472895 0.00430123 -0.00201559 -0.0026926 -0.00343699 -0.0068513 -0.00340406 -0.00837271 -0.00294482 -0.0181416 -0.00486922 0.00348211 -0.00917992 0.00215351 0.00232447 0.00618089 0.0106255 0.000317609 -0.00350147 -0.00873874 0.000586914 -0.00151612 -0.0070021 -0.00167394 0.00873145 0.00639521 -0.00814687 0.000489493 -0.00609087 0.00499321 0.00150499 -0.00169526 0.004764 0.00141495 -0.00558623 -0.0137314 0.00391929 -0.00639131 0.00217686 0.00104592 -0.00326395 -0.00241353 
-0.00187931 -0.000678871 -0.00658185 0.00203043 0.00431606 -0.00541958 -0.00159337 -0.00276721 -0.00987157 0.139657 -0.0203302 0.00325034 0.0094888 -0.000181983 -0.0251929 -0.00592213 -0.00327537 -0.0090917 -0.0188937 -0.00214106 0.0226182 -0.00597957 0.00766904 -0.0117059 0.00107071 0.0122866 0.00407768 -0.00415288 0.00124608 -0.0146249 0.00291388 -0.00814196 -0.000201556 -0.0091886 0.000465682 0.000563483 0.00455527 -0.0065677 -0.00164473 0.00390255 -0.00359273 -0.00164742 0.000990276 0.00518857 -0.00156317 -0.0014025 -0.00389386 0.00338584 -0.00915937 -0.00914568 0.00444274 -0.00227849 -0.000437718 -0.00157225 0.00123924 0.00587026 -0.00762908 -0.00632478 0.000617235 -0.00853769 -0.00201307 -0.0087302 -0.00143507 0.00127985 0.0021933 0.0071166 0.00382718 0.00864036 -0.000783905 0.00377566 -0.00170846 -0.000319208 0.00300303 0.0051679 -0.00398756 -0.0114394 0.00902114 0.00183147 0.00761534 0.012009 0.00303619 0.00228339 -0.0050179 -0.00414703 0.00189617 -0.00555534 -0.00267219 -0.00048854 -7.09074e-05 -0.00912892 0.00102434 -0.00118293 0.00218592 -0.00825716 -0.00194821 0.00217639 -0.0115255 0.000848174 5.17135e-05 -0.00720397 
-0.000647573 -0.0123194 0.00788052 0.00371124 -0.00308071 0.00564448 -0.0106913 -0.00336421 0.00836141 -0.0203302 0.158251 -0.00125467 -0.0033768 -0.00473577 0.0182442 -0.000505574 0.014283 -0.00665787 0.00273652 -0.0108032 -0.00819174 0.0170333 -0.0168936 -0.004313 0.00285853 -0.00905549 -0.00258436 -0.0160923 -0.0116993 0.00054292 0.00550132 0.00756547 0.000571964 -0.0114384 0.00899138 -0.013035 -0.0142845 0.00148225 0.000343315 -0.012231 0.000130234 -0.000281261 -0.000725821 -0.00180819 -0.00264219 -0.00040747 -0.00140846 -0.00302592 -0.00636855 0.00830511 -0.00645378 -0.00231396 0.00215747 -0.00193451 0.00880211 0.00457838 0.00375409 -0.00149508 -0.0033922 0.0125823 -0.00460468 -0.00707615 -0.00188395 -0.0040023 0.000203025 -0.00581844 -0.00978767 -0.00886322 -0.0034701 -0.000648699 0.0198067 -0.00426704 -0.00370455 0.00758889 0.0218202 -0.0116565 -0.00725779 0.0031733 -0.00559667 -0.0126165 0.00528451 -0.00313486 -0.00367927 0.00151821 -0.00461531 4.53856e-05 -0.00174453 0.00217656 -0.00341802 0.00990796 -0.00321922 -0.00594738 -0.00483954 0.000298408 -0.00283243 -0.00890582 -0.00514418 -0.00267087 -0.000577893 -0.0043083 
-0.00470006 0.00660703 -0.01351 0.000531561 0.000881702 0.0139091 0.00176017 0.00314039 -0.00452406 0.00325034 -0.00125467 0.129911 -0.00931563 0.000214503 0.00279785 -0.0060847 -0.00837339 -0.0198017 -0.0226706 -0.0126865 0.0052862 0.0103033 -0.00312637 0.00232175 0.00691044 0.0122937 -0.00457446 0.000979508 0.00045449 -0.00685941 0.00464718 -0.0108302 -0.00124903 0.00341293 -0.00338572 -0.0100559 -0.00232321 -0.00887445 -0.00335824 -0.00530496 0.000812057 -0.00303497 -0.00255609 -0.00754426 -0.0035045 0.00269128 -0.0056141 -0.00213097 -0.0041957 -0.0115107 0.0101667 -0.00195162 0.00435564 0.00471018 -0.00270118 -0.00048784 0.00890021 0.000226734 -0.00606712 0.00573181 -0.00275946 -0.00407268 0.000125636 -0.0016648 0.00167105 -0.00506342 -0.00469652 0.0121326 -0.00172401 0.00670078 -0.00592187 -3.78282e-05 -0.00273128 -0.00366676 -0.0053379 -0.00672031 -0.00351627 -0.000377837 0.00823193 0.000349713 0.000323169 -0.00126784 0.00197942 -0.00100605 0.00116042 -0.00205324 -0.00150337 -0.00615966 0.00435926 0.00123297 -0.00190278 -0.000997652 -0.0039807 0.00392583 0.00247147 -0.00464367 -0.00592071 0.00276692 0.00712948 -0.00987937 
-0.00713753 0.00145578 0.0120351 -0.000869044 0.0163873 -0.00353347 -0.00998115 0.0333595 0.00226872 0.0094888 -0.0033768 -0.00931563 0.205979 -0.0066028 -0.00425279 0.00249703 -0.00768954 -0.0224257 -0.00116564 0.023269 -0.0062226 -0.000494849 0.0201434 0.022634 -0.018879 -0.022068 -0.0122158 -0.0290938 -0.00701028 -0.0248479 0.0031774 -0.0194318 -0.00142796 -0.017225 -0.00635248 -0.00121079 0.0135063 -0.00207483 0.00561914 0.00918067 -0.00471238 -0.00492587 -0.00456282 0.000203459 0.00199058 -0.00611011 -0.0104086 0.000860094 0.00630077 -0.00603773 -0.0106898 -0.000221755 -0.00569336 0.00698843 -0.000589951 -0.00164552 -0.00518137 -0.00419627 0.00714478 -0.0121557 -0.00336275 -0.00501176 0.000190113 -0.0137087 0.000203418 0.00644771 -0.00101275 0.00268115 -0.00872157 -0.00461074 -0.0110688 0.00550382 -0.00252991 0.00571815 0.00629145 0.00256679 -0.00440461 -0.00556318 0.000881585 -0.00205347 -0.00321946 -0.000843839 -0.00423976 -0.00804445 0.00677688 -0.00954381 -0.00177991 -0.00250395 0.0111791 -0.0286102 -0.010397 0.0128036 -0.000677636 -0.0159232 -0.000208233 0.00572213 0.00680627 -0.0042112 -0.0048738 0.000899676 
-0.00358105 -0.00597307 0.00222426 -0.00690325 -0.00273035 2.77643e-05 0.0016953 -0.0102746 0.0170338 -0.000181983 -0.00473577 0.000214503 -0.0066028 0.13235 0.00996564 -0.0109784 -0.00359777 -0.0191128 -0.0155832 -0.0295006 -0.00312379 -0.00437701 -0.0107771 -0.00539913 -0.0068575 0.012999 -0.00427939 0.0117118 -0.00339727 -0.00921054 -0.00321895 0.00453461 -0.00332414 -0.00476369 0.0056105 -0.00745282 -0.00882277 -0.00132593 0.00254585 -0.0071749 0.00324252 -0.00270032 0.00307183 -0.00669806 0.00725784 -0.00393641 0.00881555 0.00584791 0.00277777 0.000707118 -0.00104072 -0.00142965 0.00727825 0.00557671 -0.00173598 -0.0048262 0.00177179 0.00373411 -0.00481069 0.00271122 0.00205703 -0.00587674 -0.00257139 0.00658033 0.00695159 -0.00886649 0.00299331 -0.00934336 -0.00151713 0.000888599 -0.00505626 0.00232391 0.0121043 -0.000576682 -0.00231897 -0.0115158 -0.00437126 -0.00128691 0.0126057 -0.0045907 0.000374077 -0.00189702 -0.00203108 -0.00550575 -0.000282391 0.00232366 -0.00131629 -0.00134475 0.00460017 -0.00512588 0.0105647 0.00145166 -0.00300185 -0.00846352 0.00636273 -0.00296672 -0.00988196 0.00470272 0.00758719 -0.00803007 
0.00565651 -0.00730077 -0.0118434 -0.00656801 -0.0107248 0.0110042 0.00469235 -0.00770934 0.015501 -0.0251929 0.0182442 0.00279785 -0.00425279 0.00996564 0.206093 -0.0243034 0.00526438 -0.0196592 -0.00834133 0.00813601 -0.0153086 -0.00887033 -0.0246969 0.0155458 -0.0151406 -0.0197753 -0.00735471 0.0100872 -0.0046092 -0.0130969 0.00518959 0.00464882 -0.00522497 -0.0109832 -0.00707316 0.0043793 -0.0244109 -0.0085465 0.010683 -0.0101707 0.00249103 0.00456972 -0.00241943 -0.00400048 0.00249955 0.00250069 0.00105996 0.00740079 0.000285409 -0.0023608 -0.00617904 -0.00393683 -0.00466406 0.00543382 -0.000350705 -0.0015516 0.00833098 0.00453865 -0.00424294 0.00243195 -0.00620681 0.00520197 -0.0015434 -0.0123255 -0.00419399 -0.00186413 -0.00945435 -0.0162667 -0.0024843 -0.00147927 -0.00493439 -0.00230653 -0.00355897 -0.000730781 0.00839474 0.0118966 0.00127743 -0.00685853 -0.00281481 -0.000369265 0.00207007 -0.000314364 0.00751919 0.0065165 -0.0158059 -0.000360004 3.58701e-05 -0.00751866 0.000598611 0.00550118 0.0106483 0.00280844 -0.00710114 -1.37794e-05 0.00427869 -0.00961635 0.00778417 -0.00235403 -0.00451599 0.00189266 
-0.00231071 0.00331052 -0.00908724 -0.00282134 -0.0212741 -0.00695581 -0.0139523 -0.000205317 -0.00636519 -0.00592213 -0.000505574 -0.0060847 0.00249703 -0.0109784 -0.0243034 0.249219 -0.0100594 0.0347989 -0.0137726 0.0242341 -0.0385423 0.0016132 -0.031109 0.00463873 0.0224243 -0.0312717 -0.0376253 -0.0305113 -0.0261609 -0.0323356 0.0146771 -0.000222767 0.00205769 -0.00325278 -0.000259643 0.00858854 -0.0141749 0.0043618 -0.00479309 0.0157209 -0.00520138 0.000581434 0.00175582 0.0145666 -0.0022479 -0.00916901 0.0068592 -0.00417266 -0.0115663 -0.0079595 0.000154017 0.00430688 0.00361195 -0.0026991 -0.000915315 -0.0089136 -0.0139662 -0.00812999 -0.00539497 0.0126782 -0.0124116 0.00730265 -0.002102 0.00299569 -0.001615 -0.0155793 -0.014051 0.0251372 -0.0157029 -0.00925392 0.00352621 -0.00937689 0.000229663 0.00546758 0.00763688 0.0159415 0.00367574 -0.00061731 -0.017 -0.00100203 -0.0108683 -0.00634753 0.0159528 -0.00548533 -0.00043291 0.0144777 0.0045074 0.00466162 0.00106854 0.0452254 -0.00807187 0.00533836 0.0025211 0.00508827 0.00591502 -0.00246088 0.00581637 -0.00745508 -0.00867223 -0.00144284 
-0.0040555 -0.0108653 -0.000632651 0.00518099 -0.00915328 -0.0127559 0.00655243 -0.0101272 -0.006653 -0.00327537 0.014283 -0.00837339 -0.00768954 -0.00359777 0.00526438 -0.0100594 0.154635 -0.00704912 -0.018305 -0.00927725 -0.0036423 -0.0162622 -0.0198582 -0.0109605 -0.00651323 0.000287547 0.00583303 0.00869289 -0.00280044 -0.00983774 0.00222934 0.0149588 -0.00188531 -0.0126035 0.00271656 0.0108388 -0.00553067 -0.00191249 -6.42505e-05 -0.0134563 -0.00282447 0.00138498 -0.0011568 0.00436706 -0.00142005 -0.00249536 -0.00627781 0.00319772 0.00286664 -0.00603858 0.00435412 -0.000588434 0.00268577 -0.000801422 0.00444288 -0.00212249 0.00287198 -0.00543732 -0.00320964 0.00908568 -0.00576287 0.00022314 -0.000874192 0.00531598 -0.00102487 -0.0082298 -0.00554765 -0.0106809 -0.00444534 0.00113855 0.0123808 -0.00397202 -0.00599782 0.00715353 0.0230971 -0.00514931 0.00228261 -0.00358004 -0.00301643 -0.00837277 0.0060066 -0.000996838 -0.0061272 0.00728351 -0.00977568 0.00111778 0.000609616 -0.00182366 -0.00162134 0.00983397 0.00814063 -0.00481456 -0.000622451 0.00449632 -0.004248 -0.00675134 -0.0011712 0.000446164 0.00639089 0.00152892 
0.00412383 0.00210014 -0.00335966 0.00571499 -0.00800531 -0.00892851 -0.0191572 -0.00389791 -0.0163955 -0.0090917 -0.00665787 -0.0198017 -0.0224257 -0.0191128 -0.0196592 0.0347989 -0.00704912 0.244765 -0.0211336 0.0255418 -0.00903258 0.0207951 -0.0116954 0.00577564 -0.00561824 -0.00181276 -0.0113292 0.000692533 -0.010859 -0.00344253 -0.0141373 -0.00318274 -0.00469128 0.0103555 0.00890138 0.00812504 -0.0137065 0.00362013 -0.00727934 -0.00174368 0.00742521 -0.0017444 0.00161458 0.000322833 0.00229834 0.000785101 0.00490126 0.00047806 0.00218123 0.00235904 -0.0115817 -6.85675e-05 -0.0088564 -0.00300648 -0.00503713 -0.0199031 -0.00263773 -0.00946017 -0.000802397 0.00277637 -0.000668608 0.0130686 -0.000426669 -0.000847021 -0.00934496 -0.0165846 -0.00815057 0.0263118 -0.00457928 -0.0117162 -0.00406416 0.0028709 0.00482971 -0.00586854 -0.00249443 0.00724376 -9.15917e-05 -0.00306908 -0.0123355 0.00476287 -0.0138318 -0.00175936 0.00227553 -0.0134572 -0.0153123 -0.00710775 0.0041919 0.0054697 -0.0148917 0.0217824 0.00154459 0.00210371 -0.00188993 0.0165997 -0.00144038 -0.00541905 0.00787253 -0.00477925 -0.00804937 -0.00689598 
-0.00825148 -0.00266865 0.0195684 -0.0012459 0.0145292 0.00442998 0.000245484 -0.0048433 0.0126306 -0.0188937 0.00273652 -0.0226706 -0.00116564 -0.0155832 -0.00834133 -0.0137726 -0.018305 -0.0211336 0.247153 0.0129974 -0.0219569 0.00610712 0.031809 -0.0338419 -0.00352371 -0.0353959 0.0169426 -0.011277 -0.00465664 0.0343734 0.000887961 0.00902795 0.00728632 0.0216594 -0.0146923 -0.0165656 -0.0115367 0.0101143 -0.00138717 0.0193325 0.0046479 0.00203416 0.0001246 0.00649492 0.00122918 -0.00367394 -0.00195336 -0.0118146 -0.0134232 0.0326483 -0.00685369 -0.00378984 -0.0122909 -0.00503294 -0.00191699 0.0105465 0.00466516 0.000392117 0.0080516 -0.020581 -0.00213864 -0.0128069 -0.00259753 4.23883e-05 -0.00688581 0.00783767 -0.00459794 -0.00746229 0.00658119 0.00310392 0.0150828 -0.00450828 -0.00870446 -0.00587483 -0.0150513 -0.0190796 -0.00691547 -0.0028544 -0.00539134 -0.0213991 -0.00861904 -0.000197065 -0.00242411 -9.70904e-05 0.0197101 1.3817e-05 -0.00251276 -0.00293399 -0.00592947 -0.00898669 -0.0018143 -0.00114442 0.00312338 -0.0205285 -0.00551174 0.00191734 -0.0076894 -0.00432674 -0.0111814 -0.0168739 
0.00301573 -0.00597093 -0.0059696 0.00216641 0.0094003 0.00304997 -0.0139545 -0.00470247 -0.00613502 -0.00214106 -0.0108032 -0.0126865 0.023269 -0.0295006 0.00813601 0.0242341 -0.00927725 0.0255418 0.0129974 0.248645 -0.0052955 -0.0154349 0.000646864 0.0438707 -0.00156975 -0.0348759 -0.0281337 -0.0212075 -0.00908723 0.00143771 -0.0119932 -0.0140149 -0.00384157 -0.00110564 -0.0113223 0.00860476 0.0311721 -0.000303293 -0.00620925 0.00957231 -0.00167981 0.00168879 -0.00650934 -0.00902979 -0.00664251 -0.00528531 -0.00519772 -0.00546156 0.00545373 -0.01009 -0.00365696 0.00111321 -0.000248169 -0.000990883 -0.00781892 0.0062382 -0.0107008 0.00732481 -0.00163485 -0.025842 -0.00597455 -0.00725583 0.00508845 -0.0181004 -0.00529 0.00888115 -0.00272678 -0.0166148 -0.00294045 -0.000254301 -0.00260868 -0.00606713 -0.0127816 -0.00735779 -0.00817455 0.016685 0.00265199 0.00484468 -0.0203504 0.0106909 -0.00129791 0.000750629 -0.00420445 -0.00737338 -0.0132524 0.0040874 -0.00153554 -0.00907213 -0.00971742 -0.00839515 -0.00688176 0.00448605 0.00815911 0.00855364 -0.0068137 -0.00537545 0.0170343 -0.00517916 -0.0156142 0.00804234 
-0.00768486 -0.00634273 -0.00930794 -0.00203167 0.00631153 -0.0110303 -0.00486675 -0.00406009 0.00991651 0.0226182 -0.00819174 0.0052862 -0.0062226 -0.00312379 -0.0153086 -0.0385423 -0.0036423 -0.00903258 -0.0219569 -0.0052955 0.203375 -0.0182499 0.0124636 0.00122065 0.00277417 0.000478715 0.0296864 0.0246734 0.00868416 0.0157765 -0.00530908 -0.00201431 0.00221626 -0.013671 0.00218391 -0.000470856 0.0108014 -0.0023709 -0.00420929 -0.0108953 0.0004099 -0.00267537 -0.00124032 -0.014231 -0.00531033 0.000933678 -0.00956269 -0.00370363 -0.0014652 -0.0078948 -0.00109929 -0.000444507 0.000856506 -0.00735168 0.00449046 -0.00737981 -0.0048184 0.0177691 0.00828653 -0.00609506 0.00289332 -0.00532784 -0.00155579 0.016562 0.00526707 0.014285 0.000789883 -0.00643097 -0.00296008 0.00898871 -0.0154505 -0.00917037 -0.00783456 0.000396874 -0.0189242 -0.0109396 -0.000991854 -0.000311974 0.00747407 -0.0110541 0.0112019 0.0039719 -0.00849914 0.00304049 -0.010875 -0.00997625 -0.00460509 -0.00188569 -0.00900313 -0.0219354 -0.00152484 -0.00604632 -0.0063136 -0.00418116 -0.0053593 0.00066404 0.00123794 -0.00257291 0.00261266 0.000234046 
-0.00248892 0.000713651 7.82422e-05 -0.00274315 0.00372571 0.00927522 -0.0159918 0.00565809 -0.00531649 -0.00597957 0.0170333 0.0103033 -0.000494849 -0.00437701 -0.00887033 0.0016132 -0.0162622 0.0207951 0.00610712 -0.0154349 -0.0182499 0.189873 -0.0145084 -0.0277346 0.0130783 -0.00571742 -0.0173509 -0.01862 -0.0146647 0.027171 -0.00940927 -0.00778887 0.0080514 0.0353429 -0.000822515 -0.0101903 -0.0232824 -0.00783809 -0.00221889 -0.00648303 0.00147469 -0.000568501 -0.00260386 -0.00852729 0.00148998 -0.00154464 -0.00389451 -0.00194631 0.00414858 -0.000117831 -0.00522917 -0.00243853 -0.00128495 -0.00347385 0.00960046 -0.00219006 0.0103872 -0.0065257 -0.00103361 -0.0015312 -0.00185719 -0.00317585 -0.00196175 -0.00970936 -0.00360275 -0.0118693 -0.00382949 0.0160464 -0.00611156 0.00499264 0.0347925 -0.00510192 0.00381006 0.0082187 -0.00709281 -0.0129595 -0.00747593 0.00188278 0.00235039 -0.00976632 0.00448769 -0.00283216 -0.00150036 -0.0111704 0.000470826 0.00239558 -0.000734488 -0.00377909 -0.00310166 -0.0031089 -0.0112632 0.00111023 -0.00415034 0.00644784 -0.00406944 -0.00444394 -0.00142952 0.000140373 -0.00490401 -0.0163162 
-0.00811771 -0.0102612 0.0107146 -0.000531642 0.0059529 0.00758698 0.00703932 0.00725351 -0.0115331 0.00766904 -0.0168936 -0.00312637 0.0201434 -0.0107771 -0.0246969 -0.031109 -0.0198582 -0.0116954 0.031809 0.000646864 0.0124636 -0.0145084 0.184478 -0.00173029 -0.0233939 0.0079899 0.018656 -0.00220764 0.0124875 0.00268736 0.0225457 -0.000905637 -0.00279402 -0.00254214 -0.0084688 -0.0153233 0.0205767 -0.00158137 -0.00189951 0.0057603 0.000376918 -0.00340894 -0.00384004 -0.000143632 -0.0027248 -0.00278614 -0.00296629 -0.00298996 -0.00168534 -0.00793163 0.00537698 -0.00444974 -0.0100826 -0.00333585 -0.00398097 0.00468902 -0.0097141 -0.0065125 0.00037666 -0.0231028 0.00329311 -0.00183349 0.000686733 -0.00293156 0.000946583 0.00310639 0.00556545 -0.00337513 -0.00165701 -0.000777727 -0.0139985 0.00391428 -0.00541503 -0.0112838 -0.0154377 -0.0106668 -0.004392 0.0094022 -0.00136575 0.0090189 -0.00946048 0.00418515 -0.0025614 -0.0040638 0.0185879 -0.0192547 -0.0025278 0.00299957 -0.00421315 -0.020717 -0.000368206 -0.00377679 -0.002902 -0.0229406 0.000923168 0.0163192 -0.000548564 -0.000932895 0.00601443 -0.00123111 
0.00564477 -0.00825848 -0.00453 -0.00301514 0.00938184 7.15505e-05 -0.00675529 0.00440876 -0.017079 -0.0117059 -0.004313 0.00232175 0.022634 -0.00539913 0.0155458 0.00463873 -0.0109605 0.00577564 -0.0338419 0.0438707 0.00122065 -0.0277346 -0.00173029 0.228115 0.0113997 -0.0194144 -0.0152841 9.69456e-05 -0.0077073 -0.0142709 -0.0015474 0.00218467 -0.0058687 -0.0100679 0.00535523 -0.00129478 0.0141726 -0.00130955 -0.00194589 -0.00134398 -0.00802681 -0.0006983 -0.00836578 -0.0107776 -0.00469694 0.00351353 -0.00870475 -0.000948292 -0.00223869 -0.0195973 0.00107264 0.000200925 0.00271913 0.000472289 -0.00592738 0.0012184 -0.0175835 0.0217835 -0.00473036 -0.00806003 0.000325782 -0.00875517 0.00334722 0.00796613 0.00193616 0.0137389 -0.00987913 -0.0139376 -0.000203243 -0.0054956 -0.0232499 -0.0138324 -0.00398369 -0.0174495 -0.0100426 0.017992 -0.00347815 0.00316133 -0.0131822 0.0224609 -0.00710243 0.00231647 -0.00845156 -0.00149037 -0.00657568 -0.00554155 -0.00126913 0.00099862 -0.0199011 -0.010728 -0.00623426 0.00179675 0.000444295 0.00445149 0.00205984 -0.00631955 0.00904508 0.00136594 0.000410648 0.0112 
0.00710095 0.00396762 -0.00824869 0.00261157 -0.00612232 -0.0179039 -0.0114445 0.003549 -0.0353397 0.00107071 0.00285853 0.00691044 -0.018879 -0.0068575 -0.0151406 0.0224243 -0.00651323 -0.00561824 -0.00352371 -0.00156975 0.00277417 0.0130783 -0.0233939 0.0113997 0.227204 -0.00739004 -0.00588107 -0.0124993 -0.0181227 0.0143538 0.0126161 -0.0105429 -0.000176325 0.00960523 0.0026813 -0.0276693 0.0108015 -0.00906 -0.0143296 -0.00752142 -0.0107376 -0.00697867 -0.00446755 0.00590328 -0.00804287 0.00035628 -0.00680128 -0.00582196 -0.00162907 0.000931599 0.00556172 -0.00117507 -0.00749066 -0.00150052 0.00218944 0.0254465 -0.00832415 0.0114705 -0.00129578 0.0168114 0.00340725 -0.00206771 -0.00387994 -0.00718333 -0.00331685 -0.000847121 -0.00481178 -0.00320579 0.00108112 -0.0111424 0.0146321 -0.00472376 0.00514586 -0.00272439 -0.00484155 -0.00630554 0.00637763 0.00886876 -0.013953 -0.00935682 -0.000683925 -0.00105766 -0.0120513 -0.0115232 0.00655071 0.00894389 -0.000388278 -0.00448406 -0.00724888 0.00642898 -0.00913388 -0.00354688 -0.00232952 0.0103638 -0.00165711 -0.00584564 -0.00806156 -0.00143212 -0.00254286 -0.0071182 
0.0078036 -0.00126219 0.00333935 -0.00607518 -0.012389 -0.00610525 0.00391767 0.00430142 0.000112421 0.0122866 -0.00905549 0.0122937 -0.022068 0.012999 -0.0197753 -0.0312717 0.000287547 -0.00181276 -0.0353959 -0.0348759 0.000478715 -0.00571742 0.0079899 -0.0194144 -0.00739004 0.194892 0.0231729 0.0141313 0.0031577 -0.011663 0.00830477 -0.00610526 -0.00182497 -0.00872336 0.00263865 -0.0232708 0.0024326 -0.0134288 -0.00410453 -0.00401245 -0.0068965 -0.00141072 0.00242263 -0.00477651 0.00251094 0.0040908 0.00609945 0.00415061 -0.0097083 -0.00836228 0.00331174 -0.00383418 -0.00414532 0.00636289 -0.00722503 -0.00350357 -0.00834275 -0.00670923 -0.00816879 0.00854478 0.00354794 -0.00613854 -0.00347769 -0.00798005 0.00483058 0.00389595 0.00952451 0.00455144 0.00951557 -0.000296882 -0.0156311 0.00845185 0.00669453 -0.00446962 0.00128861 -0.0118497 0.00453527 0.000251204 0.0132787 0.0124226 -0.00117244 -0.00294777 -0.00519101 -0.00627374 0.0033434 -0.013448 -0.00243662 0.00330115 0.0118782 -0.00779602 0.00279537 -0.00503163 -0.000348881 -0.00321982 0.00334771 -0.000611434 -0.00744276 0.00262064 0.00537219 -0.00289225 
0.00275983 -0.00273375 0.0103823 0.0118864 0.00167205 -0.00983439 0.00946307 0.00348301 -0.0203176 0.00407768 -0.00258436 -0.00457446 -0.0122158 -0.00427939 -0.00735471 -0.0376253 0.00583303 -0.0113292 0.0169426 -0.0281337 0.0296864 -0.0173509 0.018656 -0.0152841 -0.00588107 0.0231729 0.225371 0.028129 0.00194979 0.00697846 -0.0106662 0.00335394 0.00248963 -0.016713 -0.00539277 -0.0223268 0.0127071 -0.00289629 -0.00998196 -0.00307162 -0.00193733 -0.00540726 -0.00506898 0.0065205 -0.00193652 0.00273507 -0.00233192 0.000661563 -0.0134745 -0.00478949 0.013299 -0.00434371 -0.0108034 -0.00539036 0.000754688 0.00173703 -0.0119996 -0.00489045 0.0088758 -0.0218944 -0.00466522 -0.00949909 -0.000696032 0.0142597 -0.000759536 -0.00351685 0.00196049 -0.0126126 0.000744548 -0.00476753 -0.00648342 0.00923985 -0.00480276 0.0117586 -0.0110326 -0.0149452 -0.00811074 0.00184016 -0.00480843 -0.00993787 -0.00107912 -0.000513537 -0.00912786 -0.00159925 0.0156531 -0.00728088 3.20605e-05 0.000560205 -0.00272126 -0.00197187 0.0069609 -0.0108972 -0.00833416 -0.000402644 -0.0109555 -0.00271881 -0.0078557 -0.00356332 -0.000841927 -0.00527094 
0.00292342 0.000872231 -0.00989051 0.00416711 0.00268458 -0.0108645 0.00569156 -0.0133954 -0.00665648 -0.00415288 -0.0160923 0.000979508 -0.0290938 0.0117118 0.0100872 -0.0305113 0.00869289 0.000692533 -0.011277 -0.0212075 0.0246734 -0.01862 -0.00220764 9.69456e-05 -0.0124993 0.0141313 0.028129 0.188951 0.0165987 0.00866127 -0.00440784 -0.00429674 -0.0063045 -0.0129362 -0.00912444 0.0117753 -0.00736742 -0.0156628 -0.0050361 -0.0213368 -0.00471004 -0.00345208 -0.00159109 -0.00559861 -0.00235797 0.00506947 0.0035889 -0.00101073 -0.00564224 -0.00824605 -0.0032609 -0.0028535 0.00220881 0.00232315 -0.00515208 -0.00513127 0.00181801 -0.00638767 -0.0039011 0.00983864 0.00671134 -0.00330609 -0.00020215 0.0190168 0.000621028 0.0037535 0.00332396 -0.00397558 0.00947714 0.00403457 -0.0051058 0.000734155 -0.0014941 -0.0088183 0.000452836 0.00261154 0.00178133 -0.000791434 0.0113306 -0.0168642 -0.00581252 -0.000488812 -0.00775547 0.00699797 -0.00554075 -0.00815363 -0.00395021 -0.00527755 -0.00656102 -0.0138685 0.00605487 -0.00700318 -0.00450966 0.000113274 -0.00554558 0.00291907 -0.00319954 -0.00304522 0.00723445 -2.90447e-05 
-0.0003464 0.00285497 -0.00332739 -0.00409579 -0.00582127 0.000676808 0.0113061 0.00558399 -0.00458221 0.00124608 -0.0116993 0.00045449 -0.00701028 -0.00339727 -0.0046092 -0.0261609 -0.00280044 -0.010859 -0.00465664 -0.00908723 0.00868416 -0.0146647 0.0124875 -0.0077073 -0.0181227 0.0031577 0.00194979 0.0165987 0.118612 -0.000858811 -0.0045209 -0.000388507 -0.00327418 -0.0109409 -0.00530354 -0.00615882 0.0125748 0.00182631 0.00072619 -0.00636617 0.00156641 0.00370901 -0.00143661 -0.000819422 -0.00222533 0.00255301 -0.00183457 0.00162136 0.000117169 0.000937904 -0.0017584 0.000717695 0.0015387 0.00299599 -0.00272045 0.00241379 0.00606282 -0.00157067 0.000725261 -0.0088358 0.00947893 1.80517e-06 -0.00177506 0.0123982 -0.000815891 0.00446615 0.00965826 -5.06207e-05 0.0035741 -4.6842e-05 -0.0105104 -0.006663 -0.00637829 -0.00713064 -0.00103918 -0.00396483 0.00166676 -0.000590915 0.00534822 -0.000544949 0.000681486 -0.00102435 0.000192528 0.00146384 0.0030806 -0.00168473 -0.0034774 -0.00536677 -0.00190454 -0.0187653 8.799e-05 -0.000783834 0.00178742 -0.00562638 -0.00225682 0.00361552 -0.0031278 2.89591e-05 0.000928776 -0.000668332 
-0.00508591 -0.00775898 0.000866131 -0.000801664 0.00816573 0.00432862 -0.000578869 -0.00866548 -0.0111221 -0.0146249 0.00054292 -0.00685941 -0.0248479 -0.00921054 -0.0130969 -0.0323356 -0.00983774 -0.00344253 0.0343734 0.00143771 0.0157765 0.027171 0.00268736 -0.0142709 0.0143538 -0.011663 0.00697846 0.00866127 -0.000858811 0.174006 -0.0191746 0.00344338 0.00100644 0.0266503 -0.00189304 -0.00665058 -0.00621386 0.0119978 -0.000815988 -0.01208 -0.00200996 0.00255354 -0.00134921 -0.0100193 0.000200933 -0.000387812 -0.000123919 -0.00285087 -0.00401066 0.0170133 0.00304947 -0.00072969 -0.00613117 -0.00242576 0.00849087 -0.00444153 0.00723056 0.00700426 0.00116676 -0.00877105 0.00438549 -0.00644825 0.000687219 0.00673955 -0.00471487 0.00362393 -0.00229128 -0.0144505 0.00276812 0.00133781 0.0116765 -0.00776568 0.00388353 -0.00938136 -0.00834238 -0.00161087 -0.00490248 0.000656598 -0.0131292 -0.0139736 -0.0040676 0.00336303 -0.00933103 -0.0064692 -0.00346384 -0.000156484 -0.00113658 -0.00158317 -0.00387315 -0.00777652 -0.011725 -0.00532332 -0.000667706 0.00319797 -0.00650157 -0.0021912 -0.00161399 -0.00289318 -0.00213771 -0.00841419 
-0.00622297 -0.010646 -0.00349771 0.00316287 -0.00689984 -0.00706096 -0.00378245 -0.00711669 0.000478801 0.00291388 0.00550132 0.00464718 0.0031774 -0.00321895 0.00518959 0.0146771 0.00222934 -0.0141373 0.000887961 -0.0119932 -0.00530908 -0.00940927 0.0225457 -0.0015474 0.0126161 0.00830477 -0.0106662 -0.00440784 -0.0045209 -0.0191746 0.172957 -0.00118383 -0.0034277 -0.00230803 -0.00202482 -0.00784542 -0.0146226 -0.00752068 -0.00498436 0.00221297 -0.00946411 -0.00196088 -0.00369301 0.00361965 -0.00132819 -0.00485531 -0.00824908 0.000705035 -0.00797082 -0.0106188 -0.00550927 -0.00204487 -0.00377349 0.00136195 -0.0031581 0.0035264 -0.0107012 0.00208523 0.00450357 0.0146643 -0.00286303 -0.00605532 -0.00259668 -0.00773147 0.00258562 0.000744612 -0.00428199 0.0069199 -0.00090329 0.00211315 0.0028903 -0.00224591 -0.00122894 -6.32912e-06 0.00204717 -0.0161553 0.000231296 0.00568665 0.00892718 -0.00842332 -0.00977454 -0.002836 -0.00290355 -0.0035562 0.00180814 -0.00375821 0.00100035 0.00797793 0.000798723 0.0023443 0.00353259 -0.000468757 -0.000148082 -0.00593616 0.00317005 0.00155226 -0.00561386 -0.00304242 -0.00502188 -0.00389132 
-0.00158257 -0.00740111 0.00786669 -0.000279527 -0.0095396 0.00734187 0.00693849 -0.0138638 0.0106256 -0.00814196 0.00756547 -0.0108302 -0.0194318 0.00453461 0.00464882 -0.000222767 0.0149588 -0.00318274 0.00902795 -0.0140149 -0.00201431 -0.00778887 -0.000905637 0.00218467 -0.0105429 -0.00610526 0.00335394 -0.00429674 -0.000388507 0.00344338 -0.00118383 0.154383 -0.00166333 -0.00386683 -0.00672578 -0.00508453 -0.00728466 0.0034712 0.00244857 -0.00661625 -0.00318121 0.000358946 0.000556988 0.00151672 0.000895333 0.00149118 -0.00871906 0.00498121 0.000849443 0.0040206 0.000628931 0.000283484 -0.00391678 -0.00303101 -0.002672 -0.00623346 -0.000103027 -0.00128595 0.000413808 0.00231976 -0.00562275 -0.00665203 -0.00181757 0.00729677 -0.000630882 -0.000805991 -0.00356542 -0.00361733 -0.00179832 -0.00223812 0.000275706 -0.00971601 -0.00848551 -0.00246856 -0.00280026 -0.00378396 0.000833625 -0.00383152 -0.00598534 -0.00186312 -0.0028286 0.00090933 -0.00554202 0.00833508 -0.000761468 0.0016851 0.00194551 -0.00423863 -0.00842002 0.00172545 0.00818505 -0.00430043 -0.00482846 -0.00087898 -0.000140353 -0.00351875 -0.00909586 -0.000877654 0.00451256 -0.00359898 
-0.00176415 -0.00140281 0.00133464 -0.00123688 -0.000859152 -0.00319825 -0.00214995 0.00144857 -0.00147729 -0.000201556 0.000571964 -0.00124903 -0.00142796 -0.00332414 -0.00522497 0.00205769 -0.00188531 -0.00469128 0.00728632 -0.00384157 0.00221626 0.0080514 -0.00279402 -0.0058687 -0.000176325 -0.00182497 0.00248963 -0.0063045 -0.00327418 0.00100644 -0.0034277 -0.00166333 0.0496237 0.00292913 0.00219375 -0.00325151 -0.000933273 0.000242526 -0.00119986 0.00102767 0.000872056 -0.00083271 -0.0010031 -0.000713075 -0.000163739 -0.000616208 -0.00165406 -0.00143359 0.00159794 -0.000490115 0.000583413 0.000293699 0.0022373 -0.00119568 -8.56237e-05 -0.00117978 0.00204863 0.000493145 0.00340869 -0.00127629 -0.000405926 -0.0012001 -1.50185e-05 -0.00190614 0.000771585 -0.0014327 -0.00187101 0.00435982 -0.00132865 0.000326049 -0.000621412 -0.0019095 -0.000890633 0.00221863 -0.00452063 -0.000927675 -0.000439822 8.10327e-05 0.00129129 -0.00222518 0.00239326 -0.000486993 -0.000704508 -0.00102923 0.000754021 -4.04108e-05 0.000388459 0.00113006 -0.00235647 0.00466242 -0.00070263 -0.000758197 -0.00134718 -0.000897324 -0.000929841 -0.00176374 -0.00271691 -0.000234508 -0.00109899 -0.0023332 
-0.00347921 -0.00697352 -0.0117241 -0.00381458 -0.00429523 0.010597 -0.0105395 0.00131912 -0.0199257 -0.0091886 -0.0114384 0.00341293 -0.017225 -0.00476369 -0.0109832 -0.00325278 -0.0126035 0.0103555 0.0216594 -0.00110564 -0.013671 0.0353429 -0.00254214 -0.0100679 0.00960523 -0.00872336 -0.016713 -0.0129362 -0.0109409 0.0266503 -0.00230803 -0.00386683 0.00292913 0.14373 -0.00813301 -0.0030738 -0.00345647 0.00233112 -0.00414155 0.00265939 -0.000148563 -0.00100972 -0.00155671 -0.00718013 0.0044454 4.45028e-05 -0.00138004 -0.00129276 0.00773958 0.0100915 0.00098583 0.00120508 -0.00369918 -0.00533871 -0.00259342 -0.00464006 -0.00148736 0.00331052 -0.00014156 -0.00573102 -0.000220116 0.000809163 0.00105164 -0.00642814 -0.00263349 -0.000145976 -0.00148778 0.0118924 0.000781922 0.00794461 0.0171665 -0.00421481 0.00657422 -0.00642896 -0.0100054 0.0056218 -0.00169329 0.00320214 -0.00217602 -0.00434404 0.00164884 -0.000573824 0.000673432 -0.00456793 -0.00510348 0.000688559 0.00174225 -0.00341488 -0.00855244 -0.0198801 -0.00970838 0.000321364 0.00246959 0.00391709 -0.00433181 0.0041525 -0.0011382 -0.00129479 -0.00241768 -0.000224348 
