0.0819224 -0.0155006 0.000700938 -0.00224118 0.00516047 -0.00219628 -0.000859053 -2.31337e-05 -0.00108018 -0.00254128 0.000772786 -0.0030177 -0.00855932 -0.0112993 -0.00447599 0.0133841 -0.0118778 0.00286056 -0.000778336 0.00279094 -0.00484416 -0.012167 0.000812826 0.00990082 -0.00346921 -0.00356472 -0.0242041 0.00697556 -0.000164961 0.00118223 0.00081387 -0.0039888 -0.0025128 0.00165731 -0.000746673 -0.00220179 -0.00175047 0.00254007 -0.000136011 0.00107173 0.0014974 0.00553336 -0.000399546 0.000896764 -0.00156248 0.0018461 -0.000954974 0.00277254 -0.00292254 0.000709429 -0.0073566 0.000643298 0.000328499 -0.0026383 -0.0020745 -8.04934e-05 -0.00399023 0.00384024 0.00169292 -0.000456198 0.00107602 -0.00251103 0.0019325 -0.000208608 -0.00310248 0.0035788 0.000844321 -0.00189487 -0.00189981 0.000635154 -2.94166e-07 -0.00163251 -4.38748e-05 0.00384817 -0.000662739 -0.00287645 0.00164389 0.00067527 -0.00160023 -0.000481847 -0.00112671 0.000795267 2.16591e-05 -0.00632973 0.000346012 0.000683994 0.00220906 0.00123286 -0.00352319 -0.00207299 -0.00130672 0.000646551 -0.00148129 -0.00137698 0.00406884 -0.0026505 0.00353052 0.000484839 0.00497739 -0.00211877 
-0.0155006 0.219877 -0.00168526 -6.06901e-05 -0.00336698 -0.00628455 -0.00464004 -0.00662888 -0.00089035 -0.00502987 -0.00262281 -0.00682787 0.00319508 0.0208853 -0.00224773 -0.021984 0.0178164 0.00406267 0.033152 -0.0362758 0.0264477 -0.00186701 0.00999848 -0.0271263 -0.00272953 -0.0194959 0.0430598 -0.0185484 -0.00942395 -0.0186653 -0.00147595 -0.00133575 0.00120346 -0.00964889 -0.0075984 0.000783258 -0.000307243 0.00689517 0.000767295 -0.00584705 -0.00474901 -0.0113167 0.00950567 -0.00590628 0.00661131 -0.00197757 -0.00519195 -0.00250704 0.00277205 -0.0112918 0.00998562 -0.00215733 -0.00436874 0.00231025 -0.000212704 -0.00695154 0.0215317 -0.0165788 -0.00576549 0.00135518 -0.0072858 -0.00455333 -8.69654e-05 0.00038542 0.0105855 -0.0185776 -0.00654405 0.000305171 0.00255376 -0.0026955 -0.0044984 -0.0047434 -0.00546778 -0.00998433 -0.00147171 0.00708354 -0.0106178 -0.0034936 0.00402634 -0.00167917 0.00106038 -0.00143973 0.00558385 -0.00943835 -0.00363874 -0.00536783 -0.0081189 -0.0100661 0.00947698 0.00512372 -0.0116528 -0.0123429 -0.00850185 0.00194907 -0.00970822 0.00114163 0.00582864 -0.0027467 -0.0106839 -0.00482373 
0.000700938 -0.00168526 0.0495028 -5.88507e-05 -0.0029029 0.000777421 0.001195 -0.000261187 0.00163478 -0.00256027 0.00215131 0.000258994 0.00198417 0.00897568 -0.002677 0.00208376 0.00289476 -0.00223338 0.00379599 -0.00275309 -0.0068699 -0.0016691 -0.0093513 -0.00349104 0.00136148 -0.00478403 -0.00556842 -0.00928215 0.00224558 -0.00353615 -0.00118456 -0.00164787 -0.0024053 0.00144308 0.000170352 -0.000390347 0.00548971 -0.000870648 0.00129694 -0.000420278 -0.000135234 -0.0025583 -0.00325375 0.000265977 0.00286882 -0.00101337 -0.000680187 0.00016168 -0.00126209 -3.93184e-05 0.00446239 0.000816661 0.00153201 -0.00230937 -0.00145782 -0.00170563 0.00137039 -0.00309431 0.00050558 -7.73097e-05 -0.000815402 0.000751152 0.00032184 0.000242771 0.00441536 -0.000837884 -0.00145213 -0.000477509 0.00042053 -0.0016545 0.000968531 0.00292102 -0.00177511 -0.0040767 0.0014943 -0.00305123 -0.000567828 -0.000405483 0.00108226 -0.000204415 -0.0036165 0.000337244 0.00060004 -0.00334043 0.0014404 0.00011585 -0.00183258 0.00197841 0.000927001 -0.00259943 -0.00160136 -0.00552741 -0.00150316 0.000716373 -0.00144059 0.00393018 0.000765848 0.00051757 -0.00176819 -0.00115534 
-0.00224118 -6.06901e-05 -5.88507e-05 0.0534847 -0.000835148 0.000177017 -0.00154428 -0.00121608 0.00121416 -0.00504351 0.00146125 -0.00355745 -0.00184438 0.00298236 -0.00248756 -0.00830604 -0.00129377 0.00189815 -0.000357195 -0.00123571 0.000949184 0.0027059 -0.00540449 -0.00830191 0.00175963 0.00337407 0.00184927 -0.0052366 -0.00107921 -0.00123894 -0.0014308 0.00604531 -0.00201795 -0.00200202 0.00111397 0.00015223 -0.00119662 -0.00196077 -0.000880148 -0.000240475 -0.00012537 0.000994411 -0.00183072 -0.00148019 0.00119194 -0.000556701 0.000199801 -0.000166178 0.000620348 -0.00340446 -0.00155606 0.000404958 0.00136027 -0.00192515 -0.00204555 -0.00299105 0.00348792 -0.000797501 0.00233339 0.000149819 0.00150532 0.000204172 -0.000172371 -6.55766e-05 -0.00081303 -0.00138957 0.00233904 -0.000729442 0.000587686 -0.000516458 0.000317194 -0.00189224 -0.00127826 4.4179e-05 -0.000179848 0.00143882 0.00125895 0.000117282 -0.000690144 0.00088983 0.00660796 -0.000235059 0.00024634 0.00468812 -0.000557067 -0.000453351 -0.00468083 -0.000187424 -0.00160787 -0.00162147 -0.000826342 -0.00575057 5.14565e-05 -0.000654823 -0.00231004 1.31167e-05 -0.00221812 -0.000227966 -0.00221552 -0.000995416 
0.00516047 -0.00336698 -0.0029029 -0.000835148 0.0934485 -0.00780167 0.00220726 0.00601232 0.000290467 -0.00471002 -0.00267018 -0.00334406 -0.0079553 -0.00556208 -0.00763546 0.00734257 -0.00526915 -0.000198389 0.00431435 -0.0101801 -0.0143468 -0.0132524 0.00449055 0.00434055 0.00273114 0.00299408 -0.00850854 0.0118505 0.00202052 0.000982158 0.00400852 -0.00374054 0.000114188 0.00251538 0.00227071 -0.00246493 -0.000901753 -0.00148508 0.00215109 0.000507788 0.000308577 0.00125357 -0.00578219 0.00297812 -0.00440237 0.000685417 -0.00424576 0.00124964 -0.00096135 0.00222706 -0.00718976 -0.000721522 -0.00308165 0.00530339 -0.00103981 -0.00403261 -0.00259349 -0.00583414 0.00101543 -0.00023635 -0.000113529 -0.000929518 -5.05335e-05 0.000310566 -0.00306165 -0.000229236 -0.00366537 -0.000999702 -0.000676116 -0.000382317 0.00025223 -0.00229359 0.0010006 0.0013683 -0.000139692 0.000905486 -0.00129618 -0.000424217 -0.00351157 -0.000816725 -0.00134056 2.7263e-05 -0.000122324 -0.00633811 -6.60611e-05 0.000242863 -0.00311896 0.00031471 0.000761701 0.00330346 -0.00264051 -0.0061913 -0.00383638 0.000716401 0.00298378 -0.0029432 0.0016545 0.000587349 0.00234367 0.000892686 
-0.00219628 -0.00628455 0.000777421 0.000177017 -0.00780167 0.126918 -0.00161538 -0.00428129 -0.000719281 -0.00874145 -0.00594294 0.00115414 -0.00662351 -0.00690771 -0.00749479 0.0103863 -0.0144854 0.001535 -0.00203525 0.00862029 0.0094846 0.0175983 -0.00517936 -0.00377288 -0.00432739 0.0176454 -0.0155248 -0.0100477 -0.00225311 -0.00313928 0.00995179 0.00826465 -0.00712293 -0.0059544 -0.0023953 0.00330499 -0.0002014 -0.00371402 -0.00683046 -0.000923249 -0.0020686 0.00113803 0.00127162 -0.00238225 -0.00272517 -0.000846452 -0.00207584 -0.00100122 0.000365124 -0.00243215 -0.00766996 0.000840568 -0.0022529 -0.00553161 -0.00712058 -0.0051361 0.00605837 0.00035321 -0.0038907 -0.00144517 0.000415929 0.00406403 -0.0023935 -0.000627072 0.000770852 0.00203928 0.00183794 -9.47611e-05 -0.000405679 -0.000345366 0.00173866 0.000512825 -0.00356034 0.00536669 -0.0013026 -0.00495664 -0.0024791 -0.000559709 0.00290835 0.000547329 -0.000419701 -0.000960174 0.000648442 0.00437782 -0.00246306 -0.000119569 0.00309121 -0.00478335 -0.00646944 0.000310476 -0.00441544 -0.00841916 0.00190674 -0.00252529 -0.0037404 0.00196788 -0.00399721 -0.00176154 -0.00580337 -0.00265224 
-0.000859053 -0.00464004 0.001195 -0.00154428 0.00220726 -0.00161538 0.0773449 0.00227408 -0.00128226 -0.00174457 0.000821496 0.00394105 0.00299919 -0.00135014 0.00119161 -0.00587043 -0.00673143 -0.000461655 0.00324578 -0.00825878 0.00230352 -0.00386827 -0.00286027 0.0099853 0.00493102 -0.00707154 0.00442974 -0.00446131 0.00284474 0.00543066 -0.00375267 -0.00028723 -0.00371967 0.00240085 -0.00188526 -0.00219806 -0.00089425 0.000169019 -0.00204857 -0.000134431 0.00125318 -0.00185104 -0.00112252 -0.000778919 -0.003924 -0.000620897 0.000783676 0.0001831 -0.00228441 -0.00319083 -0.00321448 -0.000146617 0.000375254 -0.00285422 -0.000229018 -0.0029488 -0.00426666 7.19158e-05 0.000348425 -0.000121291 -0.00522211 -0.00129148 -0.000280234 0.000623275 0.000747957 0.00126796 0.000929644 -0.000789428 -0.00118156 -0.00179763 -0.00201198 0.00220065 -0.00038804 0.00124502 0.00141901 -0.0039292 -0.00228975 0.000668806 -0.000291577 -0.00130777 -0.00632921 0.000248637 -0.0010531 -0.00362317 -0.000440066 0.000621239 0.00398888 0.000835937 -0.00476816 -0.00168295 -0.00457533 0.00173806 -0.00206553 -0.000649902 -0.00300197 -0.00198433 1.76451e-05 0.000544228 -0.00175668 -2.33212e-05 
-2.31337e-05 -0.00662888 -0.000261187 -0.00121608 0.00601232 -0.00428129 0.00227408 0.0809802 -0.00121068 -0.00593146 -9.10553e-05 -0.00168119 0.0118788 -0.00527537 -0.00685432 0.00462561 0.0025447 -0.00726041 -0.00337202 0.0010089 -0.00936408 0.00313764 0.00353653 -0.00735813 0.00175341 -0.00428751 -0.000323796 -9.79557e-05 4.85517e-05 -0.00474391 -0.00366684 -0.00183521 0.00247759 0.00199974 0.00152419 0.00103334 0.0010505 -0.00287179 0.00715441 0.000894116 0.00151387 -0.00154522 -0.00469358 -0.00159901 -0.00199054 -0.000722122 -0.00249662 -0.000222102 -0.00161888 -0.000115954 -0.00203403 0.000520214 -0.00024917 0.00983592 -0.00391477 -0.000545956 -0.00288101 -0.00444818 -0.00402835 0.000140514 0.000494465 0.000323057 -0.000978724 -0.000163728 -0.000971498 0.00192014 -0.000715467 -0.000911427 -0.000620846 -0.000966443 -0.00167037 0.00475335 3.58041e-05 -0.000426185 0.00122667 -0.00471291 -0.000732602 -0.00076931 -0.00279289 0.00110361 -0.00709253 -0.000410425 -0.000661391 -0.00619262 0.000102759 -0.00104086 -0.00226246 0.00101465 -0.00448191 -0.00332333 0.0020309 -0.00286621 -0.000433199 0.00116269 0.000732917 -0.000658072 -0.00217308 0.000593953 -0.000413752 -0.0012561 
-0.00108018 -0.00089035 0.00163478 0.00121416 0.000290467 -0.000719281 -0.00128226 -0.00121068 0.0554039 -0.00654352 0.0048466 -0.00169987 0.000216744 0.00336248 -0.00409878 -0.00207214 -0.00303366 -0.0055493 0.00695131 -0.00966582 -0.0047522 -0.000769528 -0.00171081 -0.00433264 0.00173164 -0.000924413 -0.00396525 0.000515032 -0.00161109 -0.00457218 0.00254285 8.57442e-05 -0.000684799 -0.000519273 -0.000425879 -0.000609877 0.000317795 0.000254103 -0.00197388 0.00229207 -0.000321024 -0.00163597 -0.00182434 0.0022754 -0.000178604 -0.000141364 -0.00197564 -9.72549e-05 -0.000347833 -0.00480814 0.00362797 -0.000111741 0.00365371 -0.00232394 -0.00231523 -0.00277772 0.00048082 0.00201105 0.00169782 -0.000468869 -0.00229896 0.000591958 0.000125431 -9.40663e-05 0.00156411 -0.00253013 -0.0024203 0.000507703 0.000747806 -0.00110292 0.000377327 -8.96725e-05 -0.00197219 -0.00173028 0.000791982 -0.000846572 -0.00259686 0.00092957 -0.00158775 -0.00146808 0.00705275 0.000170818 -0.000737192 0.00521149 -0.000780696 -0.000198753 -0.000959121 0.00145224 0.000485961 -0.000814298 0.000243338 -0.0054833 -0.00201173 0.00029305 0.00252412 -0.00130805 -0.00116776 -0.000142964 -0.00141621 -0.000692938 
-0.00254128 -0.00502987 -0.00256027 -0.00504351 -0.00471002 -0.00874145 -0.00174457 -0.00593146 -0.00654352 0.156833 -0.0022042 -0.0024626 -0.00476899 -0.00206811 0.0125629 0.0126368 -0.0087207 -0.0102357 -0.0149109 0.00960204 -0.0057812 -0.0290728 0.0153274 0.0186961 -0.0017243 -0.0296095 0.0088441 0.00922648 -0.00318258 0.000416632 -0.00301862 -0.01071 0.0100865 -0.00579729 -0.00606459 0.00197901 -0.000340044 0.00385191 0.0016391 -0.00185002 0.00126915 0.00412848 -0.00596557 -0.0062991 -0.00065216 -0.000442863 -0.0039505 0.000798449 -0.00414995 -0.00528806 -0.00276369 -0.000232616 -0.000652658 -0.00476094 0.00876128 0.0131177 -0.0019907 0.0160904 -0.00639032 -0.00505259 0.00148569 -0.00241854 0.000511969 -0.000521347 -0.0088162 -0.005962 -0.0041994 -0.00157405 0.00147683 0.00152835 0.000810331 -0.00143036 -0.00292336 -0.00980588 -0.000551932 -0.00537198 0.00365834 -0.00252094 -0.00560075 -0.0035804 -0.00872851 -0.000173029 -0.00682545 -0.0125709 -0.00144757 -0.00250931 0.012841 -0.011351 0.000841428 -0.00900437 -0.00535776 0.00597977 0.00741091 0.00171606 0.00421963 -0.00296446 -0.0047884 -0.00375926 0.00974953 0.000619934 
0.000772786 -0.00262281 0.00215131 0.00146125 -0.00267018 -0.00594294 0.000821496 -9.10553e-05 0.0048466 -0.0022042 0.0881916 -0.00701214 -0.00353844 -0.00284191 -0.00437219 -0.00476402 -0.00360276 -0.00393046 -0.00466581 -0.00398599 -0.00785997 -0.0019722 -0.00597729 -0.00272589 0.0111877 -0.00671954 -0.010987 -0.000888695 5.21453e-05 0.00437813 -0.00115796 0.00274236 0.00439981 -0.00340899 0.000574824 -0.00130421 0.000216199 0.000434657 0.00368847 0.000942579 0.000407497 -0.00153886 0.00206619 0.000729959 0.00213508 0.00343648 -0.00182646 -0.000510795 -0.000333263 -0.00470588 -0.00154254 -0.000688709 0.000511454 0.00356147 -0.00372156 0.00370045 -0.00397184 -0.00386846 -0.0020804 -0.00137095 -0.00352012 -0.000720261 -7.12848e-05 -0.000141978 -0.00147398 -0.00338133 -0.000814073 -0.00100396 -0.000574862 0.00106527 -0.00143919 -0.00138934 -0.000578244 -0.00322235 0.00140475 -0.00071275 -0.000623417 0.00122877 -0.00512568 -0.000131559 0.0046314 0.000804493 0.00236899 0.00711462 -0.00061359 0.00165444 -0.00407411 -0.00180364 -0.00144569 0.000536835 0.00384032 -0.00286363 -0.00201134 0.000133932 -0.00293516 -0.00391984 -0.00316848 -0.000825942 0.00120172 0.000596105 
-0.0030177 -0.00682787 0.000258994 -0.00355745 -0.00334406 0.00115414 0.00394105 -0.00168119 -0.00169987 -0.0024626 -0.00701214 0.189297 0.0219013 -0.0121588 -0.00253817 -0.000246469 -0.0427961 -0.00938333 0.00251985 -0.0126792 -0.00892404 -0.00720288 0.00857606 -0.0121201 -0.000909627 0.00276658 -0.0135157 0.00685602 0.00652507 0.00186272 -0.0199981 -0.00667995 -0.00650564 -0.00261162 0.0065057 -0.00333317 0.017919 -0.00438485 -0.0116296 0.00249595 0.000379929 -0.00264891 -0.0020025 0.00688878 -0.00927007 0.00674954 0.00486822 0.000586699 0.00242078 -0.000240583 0.0121372 0.00173332 -0.00554534 0.0181351 0.00637477 -0.00972668 0.00181329 -0.00142902 0.00320865 0.00516742 -0.0163797 -0.00266475 -0.000151288 -0.000690562 0.00338329 -0.00450242 0.00299543 -0.000982171 -0.0068002 -0.00460916 -0.000958771 -0.0065574 -0.00849361 0.000938113 -0.000603355 -0.00359989 -0.00319817 0.00446909 -0.00518764 -0.00504658 -0.00273048 -0.000581064 0.00104332 -0.0114282 0.0079629 0.00286012 -0.010737 0.000793546 -0.00519495 0.00490913 -0.00972934 -0.0226952 -0.0026663 -0.00408852 0.00679925 -0.00930103 0.0072527 0.00212127 -0.00864478 0.0077341 
-0.00855932 0.00319508 0.00198417 -0.00184438 -0.0079553 -0.00662351 0.00299919 0.0118788 0.000216744 -0.00476899 -0.00353844 0.0219013 0.184804 -0.0171411 0.00769389 -0.0188782 0.00636487 -0.0169302 -0.021102 -0.00578171 0.0168131 0.000148518 0.004731 0.00184784 0.00153441 -0.0124865 0.0230855 -0.0145378 -0.00356174 -0.00853911 -0.0251554 -0.00553504 -0.00597673 -0.00676863 0.00525658 -0.00415026 -0.00337627 -0.00211727 -0.00161414 -0.00060745 -0.00101566 -0.00090085 0.00142211 -0.000206855 -0.00747386 -0.0015341 0.00535905 -0.00187891 -0.00438024 0.0157349 0.0104452 -0.000495569 -0.00681813 0.015238 0.00457866 -0.00236868 0.00263966 -0.00604607 0.00130218 0.000387274 -0.0185039 0.00249025 -0.000931042 -0.0010913 -0.00873164 -0.0045825 -0.000836831 0.00118124 -0.00218207 -0.00537918 -0.00809912 -0.002683 -0.00652342 -0.00307907 -0.000696999 -0.00109727 -0.00374893 -0.00201493 -0.00842011 -0.00304864 -0.0147855 -0.000766634 -0.00284417 0.00182841 -0.00159681 -0.00102422 0.00447757 0.00531319 -0.00812123 -0.00428082 0.000394861 -0.000372318 -0.00560868 -0.00210859 -0.00319106 0.00164326 0.0072483 0.00081738 -0.0102826 0.000344851 
-0.0112993 0.0208853 0.00897568 0.00298236 -0.00556208 -0.00690771 -0.00135014 -0.00527537 0.00336248 -0.00206811 -0.00284191 -0.0121588 -0.0171411 0.180188 -0.00185556 -0.0120201 0.0283665 0.00430283 0.0179712 -0.0180853 0.00897521 -0.00816655 0.00354168 -0.00740582 0.00422734 -0.012234 0.0237379 -0.0386804 -0.00559086 -0.00767575 -0.0175482 -0.00753745 0.00797962 0.00163281 -0.000777229 -0.00683244 -0.00329213 0.00588708 -0.00963585 -0.00165395 -0.00239884 -0.00725992 0.00401723 -0.0010429 0.0141528 -0.00543509 -0.00488732 -0.000447053 -0.00452589 0.00380779 0.00775043 0.000285312 0.00312193 -0.0162003 -0.00524664 -0.00981644 0.00180195 -0.00314464 -0.00713398 0.00208855 -0.0108893 -0.00257842 -0.0015509 0.00243587 0.00847131 -0.00856396 -0.000863957 0.00181999 -0.00086285 0.000821228 0.00721974 0.00156192 -0.00173296 -0.00855831 0.000467006 -0.00242178 0.00395044 -0.00174917 0.000887335 8.31686e-05 0.00124961 -0.000607731 -0.000939751 -0.0107603 0.00506265 -0.00304156 -0.0144057 -0.000481754 0.00390452 -0.00498999 -0.0060245 -0.0135602 -0.00703224 0.0040014 -0.0057292 -0.00678504 0.000389634 0.00201452 0.00178617 -0.000904126 
-0.00447599 -0.00224773 -0.002677 -0.00248756 -0.00763546 -0.00749479 0.00119161 -0.00685432 -0.00409878 0.0125629 -0.00437219 -0.00253817 0.00769389 -0.00185556 0.178004 -0.0380165 -0.00157422 0.00717141 -0.0178573 0.0103425 -0.0049986 -0.0103436 -0.000350092 -0.00982832 -0.00769605 -0.00955974 0.0169478 -0.00723159 -0.000350572 0.0145073 -0.0222033 0.00149792 -0.00541209 0.004812 -0.00778386 -0.00527652 -0.00288408 0.00564039 -0.00417933 0.00293835 -0.00135191 -0.00298681 0.00731927 -0.00345651 0.000718094 -0.00262071 0.00190309 -0.00169884 -0.00308997 0.00407246 -0.00965977 -0.000945983 -0.00383656 -0.00789816 0.00691621 0.00241376 -0.0140136 -0.0141546 0.00440708 -0.000848026 -0.00280691 -0.00126944 0.00344342 -0.000178902 -0.00464186 -0.00659654 0.00526653 0.00513696 0.00359679 -0.00149515 -0.00988707 -0.00670776 0.00465124 -0.00290067 0.000960869 0.0133703 -0.00500743 -0.00396922 -0.00222024 -0.0015906 -0.0213485 -0.000965447 -0.00442754 0.0066693 0.000727476 -0.00174757 -0.014907 0.0120174 0.00833085 0.00353135 -0.000168548 0.0155581 0.00402794 0.00350428 -0.0148655 -0.00918846 0.000604659 0.000342083 -0.000266911 0.00320206 
0.0133841 -0.021984 0.00208376 -0.00830604 0.00734257 0.0103863 -0.00587043 0.00462561 -0.00207214 0.0126368 -0.00476402 -0.000246469 -0.0188782 -0.0120201 -0.0380165 0.249522 -0.0175732 -0.0115898 -0.0169775 0.00165045 -0.00491087 -0.00677135 0.024351 0.0269551 -0.0067082 -0.0160327 -0.023694 0.0181296 0.0021125 -0.0119157 -0.00693895 -0.0116154 0.0039726 0.00580648 0.00246474 0.00605534 0.00467645 0.00768534 -0.00411391 2.52554e-05 -0.00472053 0.0112415 -0.013077 -0.00420465 -0.00934411 -0.00229939 -0.00287675 0.002827 -0.00552238 0.0148496 -0.0194564 0.000774836 -0.00343706 -0.00388899 0.00140719 0.0119722 0.0252315 0.0266257 -0.00995625 -0.00930771 -0.00381009 -0.00648851 -0.00100458 -0.00236232 0.0032734 0.00513956 -0.00735783 0.000277607 -0.0066692 -0.004038 -0.00171467 0.00216947 -0.00392205 2.03455e-05 -0.00309301 -0.0148616 -0.0011882 0.000231199 0.0051328 0.00250785 -0.0256639 0.000162609 -0.00487179 -0.0231034 -0.00437751 0.000616383 0.0118655 -0.0150871 -0.0215822 -0.0103718 -0.0125179 0.00475046 -0.00949584 -0.000207811 0.00947261 -0.010311 -0.00350855 -0.00605407 0.00258604 -0.00424773 
-0.0118778 0.0178164 0.00289476 -0.00129377 -0.00526915 -0.0144854 -0.00673143 0.0025447 -0.00303366 -0.0087207 -0.00360276 -0.0427961 0.00636487 0.0283665 -0.00157422 -0.0175732 0.235323 -0.0280155 -0.00599668 0.00278704 7.45272e-05 0.0171052 -0.0220996 -0.0141914 -0.00404674 -0.0180501 0.0180866 -0.0191021 -0.00640993 -0.0185995 0.0078026 0.00290507 -0.0129584 -0.00158787 -0.00461377 -0.005384 -0.00285649 -0.00643205 0.00392609 -0.0043682 -0.00474091 -0.0216085 -0.0124832 0.00681571 0.00452089 -0.00329861 -0.00985053 -0.00355606 -0.00703765 0.0150457 0.0333737 0.000478902 0.0119458 -0.00574983 -0.00750417 0.000141026 -0.00383138 -0.0138682 -0.00226359 -0.00838377 -0.00419889 0.00284385 -0.00297589 0.00197738 -0.00181219 -0.00842489 -0.000274918 0.00315018 0.0068104 0.0022572 -0.0111803 0.00616263 0.00255767 -0.0139713 0.00279992 0.000516864 0.00480218 -0.00568995 0.00246746 0.00355095 0.00844482 -0.000715329 -0.00635676 0.0096734 -0.00487821 -0.00330789 -0.0119116 0.000614797 -0.0119381 -0.00776388 0.00620846 0.0117848 -0.0116605 0.000430644 -0.0134677 0.0140702 -0.00199841 -0.0028905 0.0139091 -0.00208743 
0.00286056 0.00406267 -0.00223338 0.00189815 -0.000198389 0.001535 -0.000461655 -0.00726041 -0.0055493 -0.0102357 -0.00393046 -0.00938333 -0.0169302 0.00430283 0.00717141 -0.0115898 -0.0280155 0.187879 0.00267998 -0.0253172 -0.00811183 -0.0140296 -0.00134852 0.0208101 -0.00987133 0.00928932 -0.00752197 -0.0259848 6.6284e-05 0.0444878 -0.010499 0.00062564 -0.00580418 -0.00946231 -0.00855558 0.00300241 -0.00895108 6.59083e-05 -0.00895997 -0.0021394 0.0017865 -0.00449464 -0.0102503 -0.0117096 0.00787364 -0.00580364 0.00955482 0.00198475 0.00196404 0.00726086 -0.0211894 -0.0010931 -0.00485887 -0.0183929 -0.00558198 -0.00933126 0.0043821 0.000762211 -8.82443e-05 0.00263221 -0.00116841 0.00062281 -0.00159824 -0.000532147 -0.00291879 0.000505808 0.00286573 0.00174288 -0.000877065 -0.00202727 0.0100469 -0.000421863 0.000866287 0.00633046 -0.00232477 0.00385253 -0.000128414 -0.00265351 0.000316647 -0.000314757 -0.0191728 0.000789529 0.00637525 0.00193823 0.000271364 -0.000954231 0.0113758 -0.00243009 0.0087726 0.00953784 -0.00216049 -0.0163215 0.0019375 9.76377e-05 -0.0125272 -0.00403667 0.0109357 0.00471626 0.000295534 -0.00542432 
-0.000778336 0.033152 0.00379599 -0.000357195 0.00431435 -0.00203525 0.00324578 -0.00337202 0.00695131 -0.0149109 -0.00466581 0.00251985 -0.021102 0.0179712 -0.0178573 -0.0169775 -0.00599668 0.00267998 0.232308 -0.0275566 0.0030874 -0.0219565 -0.0150168 -0.00145666 -0.0142361 -0.00182687 -0.00885367 0.000943367 0.000654951 0.00495033 0.00395347 0.00686033 -0.00833017 -0.00658582 -0.00763393 -0.00118598 0.00923481 -0.008665 -0.00101935 -0.00425909 -0.00158821 -0.0234848 -0.00460312 0.00453774 -0.00457768 -0.00040107 -0.0041042 -0.00147231 0.00106434 -0.027954 0.00541875 -0.000311238 0.00681168 -0.0167514 -0.0123693 -0.0180459 -0.00716356 0.00415669 0.00658104 0.00578924 -0.0131286 -0.00264219 0.00569257 0.00127478 0.00489141 -0.0102926 -0.0100565 -0.00542568 -0.00169806 -0.00552323 -0.00631111 0.00952445 0.00115436 0.0010961 -0.000435935 0.00278555 -0.00821296 0.00384693 0.00485404 -0.000901536 0.024665 0.00254757 0.0089009 -0.0102775 0.00323112 -0.00543514 -0.000521139 -0.00305276 0.00786807 -0.000999434 -0.0126876 -0.0193391 -0.000536619 -0.00203799 0.00693333 0.00699029 0.0042787 0.00197715 -0.00581543 -0.00870174 
0.00279094 -0.0362758 -0.00275309 -0.00123571 -0.0101801 0.00862029 -0.00825878 0.0010089 -0.00966582 0.00960204 -0.00398599 -0.0126792 -0.00578171 -0.0180853 0.0103425 0.00165045 0.00278704 -0.0253172 -0.0275566 0.237076 0.000628303 0.00424388 0.00394282 -0.0184628 0.00120357 0.00404562 -0.00716419 0.0100355 -0.00112799 -0.0132471 0.022804 -0.0114062 -0.000798696 -0.000304532 0.0031147 -0.0106962 -0.00238176 -0.0114215 0.00662354 -0.00505652 -1.98267e-05 0.00689095 0.00296571 -0.00695798 0.000467054 0.000282607 -0.00419131 -0.000529912 -0.00267438 -0.00521771 -0.0138066 0.00196243 0.000124865 0.0110609 -0.000270068 -0.00470703 0.00526532 0.00102745 -0.000164315 -0.00717945 0.0114444 -0.00504989 -0.00330391 -0.000676386 -0.00828963 0.00869245 0.0158505 -0.00404334 -0.00428912 0.00306334 -0.00223093 -0.00512014 -0.00168079 -0.00979071 -0.00174768 -0.0184825 -0.000777805 -0.0074231 -0.00227802 -0.00268201 -0.00104216 -0.00204195 -0.00403662 -0.00075224 -0.00347313 0.0025364 -0.0153149 -0.00018628 -0.00999013 -0.000628495 0.0114761 -0.00208654 0.0137444 -0.00286645 -0.00203398 0.00151243 -0.015618 -0.0085498 0.00108792 0.0060731 
-0.00484416 0.0264477 -0.0068699 0.000949184 -0.0143468 0.0094846 0.00230352 -0.00936408 -0.0047522 -0.0057812 -0.00785997 -0.00892404 0.0168131 0.00897521 -0.0049986 -0.00491087 7.45272e-05 -0.00811183 0.0030874 0.000628303 0.242865 -0.0177958 0.0230098 -0.0147624 0.00435263 -0.00895103 0.0150711 -0.0143036 -0.017171 0.00212246 -0.00799582 0.0104241 -0.0128622 -0.016882 -0.00912533 -0.00812074 -0.0128827 -0.00238745 -0.00194581 -0.00217459 -0.00177546 0.000368711 0.000253079 -0.0138997 0.00365291 -0.00731794 -0.00605497 -0.00443919 0.00391278 -0.00264466 0.00283781 3.01322e-05 -0.00500144 -0.00485003 0.00803657 -0.0012446 0.0215149 0.00717804 0.000859287 -0.0030531 -0.0231614 -0.000319663 -0.00199874 -6.40593e-05 -0.00945089 -0.00682702 0.00546222 0.00239853 -0.00535966 -0.0110377 -0.000434429 -0.00117196 0.000562766 -0.00469913 -0.00448334 0.00435315 0.000330747 -0.00168619 0.00208728 -0.000710427 -0.00282735 -0.00182701 0.00430957 -0.00309202 -0.00271799 -0.00544818 0.0024456 -0.00809609 -0.0303598 0.00806497 -0.0102248 -0.00200557 -0.00310527 0.000150103 0.00265353 -0.00136852 -0.000670005 -0.00244818 -0.0150996 -0.0089717 
-0.012167 -0.00186701 -0.0016691 0.0027059 -0.0132524 0.0175983 -0.00386827 0.00313764 -0.000769528 -0.0290728 -0.0019722 -0.00720288 0.000148518 -0.00816655 -0.0103436 -0.00677135 0.0171052 -0.0140296 -0.0219565 0.00424388 -0.0177958 0.208506 -0.0398503 -0.0320368 0.000310274 0.00735318 0.0133016 0.016682 -0.00739349 -0.0124378 0.0150605 0.00655112 -0.00857712 4.63124e-05 -0.000681206 0.0107393 -0.00148451 0.000538209 -0.0109336 -0.000481326 -0.00743259 0.003246 0.00258304 0.00032451 -0.00500749 0.000400194 0.00333696 -0.00490376 0.00158608 -0.00509669 0.00261274 -0.00265809 -0.000685922 -0.00450864 -0.0099287 -0.00216061 -0.00659408 -0.00704552 0.00243962 -0.00150823 0.00538551 -0.00318598 -0.00534324 -0.00254958 0.00776169 0.0123713 -0.00163685 -0.00371965 -0.00149455 -0.00648628 -0.000774974 0.000534349 0.0020512 -0.011176 -0.00632183 -0.00162995 -0.00541009 0.00136915 0.00669101 0.00301795 0.0141029 -0.00408678 -0.00917005 0.0300243 -0.00549818 0.00098178 -0.021058 0.00302368 0.000963441 -0.00113583 0.00811306 0.0135616 -0.0112996 -0.00453665 -0.00479301 0.00516981 -0.00817174 -0.00403168 -0.00583164 -0.00402622 
0.000812826 0.00999848 -0.0093513 -0.00540449 0.00449055 -0.00517936 -0.00286027 0.00353653 -0.00171081 0.0153274 -0.00597729 0.00857606 0.004731 0.00354168 -0.000350092 0.024351 -0.0220996 -0.00134852 -0.0150168 0.00394282 0.0230098 -0.0398503 0.245187 -0.0133912 -0.00230005 0.00319672 0.00285827 0.0140489 -0.00402718 0.00714666 -0.0280719 -0.0151778 0.00865193 -0.00762898 -0.00129066 -0.0131567 -0.0136984 -0.00971885 -0.0131296 -0.00315508 0.00217161 0.00172979 0.0128544 -0.00262775 -0.0096652 -0.00339705 -0.00686319 0.000675641 -0.00311967 -0.00257399 -0.0189581 -0.00298872 -0.0119846 0.00407744 0.0101324 -0.00527462 0.0195565 0.000648843 -0.000829381 0.000106752 -0.00464785 0.00256863 -0.00381534 0.000993149 -0.0126482 -0.0125476 0.000845539 -0.00705227 0.000929263 -0.0035503 -0.00414817 -0.0134768 -0.00215203 0.00214183 -0.00398064 -0.00475511 0.0105563 -0.00104006 -0.00509514 0.000504538 -0.0135309 -0.000347337 0.00632959 -0.0221329 -0.00338904 -0.0025263 0.0145733 -0.00755142 -0.0116119 0.00167993 -0.0244866 -0.0104896 0.00622275 0.00320206 -0.000703429 -0.013703 0.00522747 0.00160193 0.00121453 -0.0023926 
0.00990082 -0.0271263 -0.00349104 -0.00830191 0.00434055 -0.00377288 0.0099853 -0.00735813 -0.00433264 0.0186961 -0.00272589 -0.0121201 0.00184784 -0.00740582 -0.00982832 0.0269551 -0.0141914 0.0208101 -0.00145666 -0.0184628 -0.0147624 -0.0320368 -0.0133912 0.198521 -0.0220939 -0.00711618 -0.00936386 -0.0169761 0.00656294 0.0148452 -0.0137481 -0.00795506 -0.00861384 0.000136681 -0.00842317 -0.00709268 -0.0114143 0.00475889 -0.00693068 0.00210052 0.00152518 -0.000258759 -0.0148191 -0.00305118 -0.00489943 -0.0012948 0.00253172 -0.000378382 -0.00638526 0.00268791 -0.018634 -0.000481164 -0.000824973 -0.00920802 -0.00166913 0.0115432 -0.0174717 0.0345418 -0.0055677 -0.000325742 -0.009474 -0.00190015 0.000432351 0.000595658 -0.00397831 0.0191644 -0.00386704 0.00174859 -0.00352987 0.00192612 -0.00347903 0.00753949 0.000415432 0.0122589 -0.00120228 -0.00619055 -0.0094972 -0.00276817 -0.00561009 -0.00164778 -0.0160019 0.00334792 -0.00431133 -0.0179888 -0.00211111 0.00433735 0.0481998 -0.00532878 0.0025482 -0.0104801 0.00136728 0.018116 0.000990271 -0.00510993 0.00758268 -0.00988072 0.00777604 0.00203527 0.0015591 -0.00411336 
-0.00346921 -0.00272953 0.00136148 0.00175963 0.00273114 -0.00432739 0.00493102 0.00175341 0.00173164 -0.0017243 0.0111877 -0.000909627 0.00153441 0.00422734 -0.00769605 -0.0067082 -0.00404674 -0.00987133 -0.0142361 0.00120357 0.00435263 0.000310274 -0.00230005 -0.0220939 0.136356 -0.0110097 -0.0181379 -0.00640591 0.00322015 -0.0120701 -0.0102993 0.00369913 0.00850698 0.00287335 0.00432823 0.00032523 0.00272817 0.00227063 0.00505855 0.00150618 0.00373748 -0.000895239 0.00746296 0.000247839 -0.000766934 0.00152536 0.000645705 -0.000632308 -0.00479022 -0.00622683 0.00182479 5.01849e-05 -0.000427832 0.00724431 0.00587919 -0.000651388 -0.00595658 -0.00606288 -0.00400297 -0.000644036 0.00279268 -0.00162942 -0.000294569 0.0024449 -0.00662688 -0.00392502 -0.000942626 -0.00535933 0.000870698 -0.00179385 0.00443917 -0.00530679 -0.00105551 -0.0112522 0.00600375 -0.00759656 0.000736833 -0.00123075 0.000873151 -0.00142198 -0.00276496 0.00012534 0.00137711 0.0014562 -0.00115057 0.000989352 -0.0169611 -0.00854673 -0.00810577 -0.00443962 0.00140732 -0.00093816 0.000382421 -0.000925074 -0.00328468 0.000933547 0.00223227 -0.00133146 0.00375796 -0.00142141 
-0.00356472 -0.0194959 -0.00478403 0.00337407 0.00299408 0.0176454 -0.00707154 -0.00428751 -0.000924413 -0.0296095 -0.00671954 0.00276658 -0.0124865 -0.012234 -0.00955974 -0.0160327 -0.0180501 0.00928932 -0.00182687 0.00404562 -0.00895103 0.00735318 0.00319672 -0.00711618 -0.0110097 0.193901 -0.0283718 0.00149565 0.00270712 -0.0058218 -0.000765282 0.000618047 -0.0114404 0.00228872 0.00260388 -0.00179215 -0.00154233 -0.0087668 -0.00573741 0.000510214 0.000567631 -0.00545167 -0.00115751 -0.00577736 -0.00250342 -0.000349103 0.00359807 -0.000708722 0.00122778 0.00447955 -0.0255579 0.000318934 -0.00298656 -0.00992037 -0.00351568 -0.0108985 -0.0023166 0.0034912 -0.00592546 0.00664061 0.0156189 0.00699256 -0.00355386 -0.00204499 -0.00636395 0.00521836 -0.00574603 -0.00583003 -0.00560652 -0.00105212 0.00524137 -0.00494744 -0.00193715 0.00802295 0.00140031 -0.00446013 0.00178357 0.000570943 0.00314161 0.00122354 0.00987545 -0.000533681 0.0041617 0.0119202 0.0044212 -0.00167021 -0.00205358 0.0030934 -0.00660747 0.00785096 0.00465869 -0.00315666 0.00361236 -0.00147882 -0.00112619 0.00940716 -0.00335741 0.00238471 -0.00431705 -0.00483882 
-0.0242041 0.0430598 -0.00556842 0.00184927 -0.00850854 -0.0155248 0.00442974 -0.000323796 -0.00396525 0.0088441 -0.010987 -0.0135157 0.0230855 0.0237379 0.0169478 -0.023694 0.0180866 -0.00752197 -0.00885367 -0.00716419 0.0150711 0.0133016 0.00285827 -0.00936386 -0.0181379 -0.0283718 0.239201 -0.0242589 -0.00967951 -0.022371 -0.0076172 -0.00577605 -0.00278177 0.000293424 -0.00372294 0.00588992 -0.0114137 0.00600062 -0.00194468 -0.00784352 -0.00351425 -0.00151182 -0.00728524 -0.0131807 0.00557036 -0.0104506 -0.00345217 -0.00336183 -0.00292421 0.00371484 0.013615 -0.00431313 0.000664168 0.00360945 -0.00610378 -0.00025951 0.00484397 -0.0114671 -0.00623465 0.00226867 -0.0113103 -0.00554662 -0.00165215 -0.00377458 0.00988894 -0.0114716 -0.00248123 0.00335555 0.00275601 -0.00813013 -0.00997884 -0.00312426 -0.0139577 -0.0195809 -0.00629807 0.010281 0.0018093 -0.00377195 -0.00098448 -0.00836489 -0.0105292 -0.00216229 -0.0122806 -0.00906808 -0.00419859 -0.00312151 0.0119677 0.00459466 0.0160631 -0.0051092 0.0104758 0.0128141 -0.00176217 0.000445658 -0.00748188 -0.00318512 -0.00710565 -0.00061709 -0.00863758 0.00146556 
0.00697556 -0.0185484 -0.00928215 -0.0052366 0.0118505 -0.0100477 -0.00446131 -9.79557e-05 0.000515032 0.00922648 -0.000888695 0.00685602 -0.0145378 -0.0386804 -0.00723159 0.0181296 -0.0191021 -0.0259848 0.000943367 0.0100355 -0.0143036 0.016682 0.0140489 -0.0169761 -0.00640591 0.00149565 -0.0242589 0.249731 0.0043472 -0.014158 0.0263072 -0.00951892 0.0128487 0.00866209 -0.0030377 -0.00133889 -0.00160953 -0.00219646 -0.00132161 -0.00154502 -0.0042201 0.00834825 -0.00645417 0.00247531 -0.0164928 -0.00124401 -0.00433453 -0.00146114 -0.00586488 -0.0159133 -0.0110975 -0.00194568 0.00689128 0.00172117 -0.00730552 0.0177395 0.00575618 -0.00222058 -0.01133 -0.00898266 0.00355015 -0.00307305 -0.0010088 -0.00484615 -0.0083008 -0.00010373 -0.0132243 -0.00508007 -0.00349437 0.000215449 -0.0016708 -0.0163545 -0.00417079 -0.00199979 -0.00323295 -0.00176088 -0.00280844 0.00520253 -0.00699259 -0.00313617 0.0152672 -0.0016516 -0.0013218 -0.00734288 -0.00546932 0.00144405 -0.00958288 -0.00679105 -0.00403902 -0.000216987 0.00573479 0.00576624 0.00266386 -0.00265582 0.00273802 -0.00248534 -0.0110796 -0.00351978 0.00589409 -0.00301187 
-0.000164961 -0.00942395 0.00224558 -0.00107921 0.00202052 -0.00225311 0.00284474 4.85517e-05 -0.00161109 -0.00318258 5.21453e-05 0.00652507 -0.00356174 -0.00559086 -0.000350572 0.0021125 -0.00640993 6.6284e-05 0.000654951 -0.00112799 -0.017171 -0.00739349 -0.00402718 0.00656294 0.00322015 0.00270712 -0.00967951 0.0043472 0.0561873 0.000328968 -0.00354244 -0.000611978 0.0015408 0.00233055 0.00322811 0.00145371 0.00162031 -0.00041539 0.00107235 0.000881459 0.00145103 0.00407353 0.000451569 0.000498031 -0.00170949 0.000407547 0.00291251 0.00090173 0.000332643 -0.00169479 -0.00557763 0.000308382 0.000256252 -0.00303401 0.000385875 -0.000408071 -0.00916346 -0.00365804 0.000982747 0.000511186 0.000244668 0.000502638 0.000312182 -0.000415503 -0.00122064 0.00383219 -0.00109206 -0.00224049 -0.00118035 0.00123964 0.00157617 -0.000438401 -0.000838028 0.00161487 9.51842e-05 -0.00120948 0.00103499 -0.000239558 0.000551555 -1.66292e-05 -0.00530312 0.00115494 -0.000412784 -0.0032861 0.000375119 0.00245125 -0.00207733 -0.00138496 -0.00188964 -0.00235803 -0.00176571 -0.00421016 -0.00118514 -0.000231842 -0.00153804 0.00251394 0.00114662 0.000144275 0.000591907 0.00246989 
0.00118223 -0.0186653 -0.00353615 -0.00123894 0.000982158 -0.00313928 0.00543066 -0.00474391 -0.00457218 0.000416632 0.00437813 0.00186272 -0.00853911 -0.00767575 0.0145073 -0.0119157 -0.0185995 0.0444878 0.00495033 -0.0132471 0.00212246 -0.0124378 0.00714666 0.0148452 -0.0120701 -0.0058218 -0.022371 -0.014158 0.000328968 0.148842 -0.0177467 -8.05074e-05 -0.00761311 -0.00130939 -0.00791736 -0.00287279 -0.003391 -0.00330715 -0.00701208 -0.000481247 -0.000596838 0.00106658 -0.0083587 -0.00104825 -0.000529011 -0.000549034 0.00385478 0.0002738 0.00101562 0.00332735 -0.0188888 -0.000732757 -0.00618216 -0.0118341 -0.00584342 -0.00610658 -0.00793377 -0.00363373 0.00290391 -0.00135929 -0.0073884 -0.00237373 0.000363985 0.000262639 -0.00317577 0.000833385 0.00553274 -0.00139188 -0.00273666 -0.00209141 0.000507368 -0.00394309 0.00592997 0.0220613 -0.000853255 0.00613065 -0.00520984 -0.00154121 -0.00400084 0.000804788 -0.00954456 0.000693587 0.00206889 0.00515845 0.00205487 0.000712851 0.00547399 0.00264201 0.00512001 0.00505615 -0.00467631 -0.00798407 0.00568701 -0.000668017 -0.00402786 -0.00527652 0.0105338 0.00475418 -0.000192923 -0.00117213 
0.00081387 -0.00147595 -0.00118456 -0.0014308 0.00400852 0.00995179 -0.00375267 -0.00366684 0.00254285 -0.00301862 -0.00115796 -0.0199981 -0.0251554 -0.0175482 -0.0222033 -0.00693895 0.0078026 -0.010499 0.00395347 0.022804 -0.00799582 0.0150605 -0.0280719 -0.0137481 -0.0102993 -0.000765282 -0.0076172 0.0263072 -0.00354244 -0.0177467 0.179793 0.000798261 -0.00341105 -0.00408387 -0.00367019 0.00216777 -0.000796684 -0.00414111 0.0059893 -0.000925377 -0.00168747 0.00549915 -0.0027494 -0.00211636 0.000169164 -0.00140338 -0.00513263 0.000997196 0.00307896 -0.00859693 0.00717968 -0.00177403 0.00963714 -0.00946056 -0.0080605 -0.00784782 -0.00683693 -0.00726098 -0.00871055 -0.0049062 0.0151595 -0.00350408 -8.92706e-05 -0.00013642 -0.000693408 -0.00537423 -0.00345588 -0.00152413 0.000889017 0.00815553 -0.000163223 0.00778741 -0.0005745 -0.00355011 -0.00139033 0.000895994 -0.00302578 0.00143402 -0.00377305 -0.000790187 0.0299365 -0.00111824 -0.00127341 0.00848129 -0.00331995 -0.00135281 -0.0125692 0.00329709 -0.0037732 0.00470893 -0.00474394 -0.0107904 -0.00663943 -0.00101343 -0.00184344 0.00637991 -0.0112938 -0.00401661 -0.00264992 0.000152027 
-0.0039888 -0.00133575 -0.00164787 0.00604531 -0.00374054 0.00826465 -0.00028723 -0.00183521 8.57442e-05 -0.01071 0.00274236 -0.00667995 -0.00553504 -0.00753745 0.00149792 -0.0116154 0.00290507 0.00062564 0.00686033 -0.0114062 0.0104241 0.00655112 -0.0151778 -0.00795506 0.00369913 0.000618047 -0.00577605 -0.00951892 -0.000611978 -8.05074e-05 0.000798261 0.089995 0.00144791 -0.00323359 -0.00140381 0.000187108 -0.00342828 -0.00217444 0.0025555 -0.000811442 -0.000529134 -0.00474481 0.00330598 0.00138499 -0.00307903 -0.00112892 -0.0013061 -0.00127483 0.00235808 -0.00440735 -0.00101008 -0.000173501 -0.000272389 -0.00261525 -0.00512159 0.00294022 -0.0100075 -0.00184334 0.00535556 -0.00206293 -0.00462255 0.00450614 -0.000190326 -0.000550437 0.000352665 -0.00144569 0.00447763 -7.36642e-05 -0.00136785 -0.000795785 -0.00361965 0.00237444 -0.000982871 0.00238485 -0.000581819 0.00466567 -0.00172558 0.00170973 0.00545076 0.00283887 0.00748037 -0.000342893 0.00191902 0.00582192 0.000235681 -0.00111297 -0.00142984 -0.00435302 -0.00378186 -0.000585797 -0.00713946 -0.00318985 -0.00425155 -0.00123322 -0.00451369 0.00441361 -0.00179949 0.000201401 -0.000773745 -0.00294926 
-0.0025128 0.00120346 -0.0024053 -0.00201795 0.000114188 -0.00712293 -0.00371967 0.00247759 -0.000684799 0.0100865 0.00439981 -0.00650564 -0.00597673 0.00797962 -0.00541209 0.0039726 -0.0129584 -0.00580418 -0.00833017 -0.000798696 -0.0128622 -0.00857712 0.00865193 -0.00861384 0.00850698 -0.0114404 -0.00278177 0.0128487 0.0015408 -0.00761311 -0.00341105 0.00144791 0.100971 0.0035528 0.000159226 -0.000857943 -0.0048137 6.96388e-05 0.00656096 -0.00173107 -0.000676076 -0.00107293 0.00769773 -0.000819816 -0.00366025 0.000459894 -0.00168872 -9.48541e-05 0.00101192 -0.0132674 -0.00772433 -0.000468147 -0.000889668 0.00301674 -0.0034391 0.00780762 -0.00529939 -0.000341244 -0.00286245 -0.00189994 -0.00302706 -0.000888346 -0.00036986 -0.00128275 -0.00624405 -0.00353694 -0.00316355 0.000261688 -0.0024416 0.00131981 -0.00227051 -0.00337075 0.000367629 0.00301418 -0.00122001 0.000323733 0.00375941 -3.1456e-05 0.000814465 -0.00124322 0.0012753 0.00022036 0.00325195 -0.00383607 -0.00131998 -0.000925515 -0.00106182 -0.00164336 0.0021716 -0.00302601 0.00317825 -0.000333248 -0.000587638 -0.000438687 -0.00445119 -0.00154166 -0.000715402 -0.00138517 0.00557881 0.00143664 
0.00165731 -0.00964889 0.00144308 -0.00200202 0.00251538 -0.0059544 0.00240085 0.00199974 -0.000519273 -0.00579729 -0.00340899 -0.00261162 -0.00676863 0.00163281 0.004812 0.00580648 -0.00158787 -0.00946231 -0.00658582 -0.000304532 -0.016882 4.63124e-05 -0.00762898 0.000136681 0.00287335 0.00228872 0.000293424 0.00866209 0.00233055 -0.00130939 -0.00408387 -0.00323359 0.0035528 0.0858537 0.000721977 0.00145577 0.00240064 0.00159779 -0.00447133 0.00028361 -0.000171416 0.00337624 0.00665746 -0.000951808 0.000482428 -0.000600476 -0.000633884 0.000367417 -0.0020054 -0.00395379 -0.00305949 0.00030402 0.00112849 -0.00298357 0.00102902 -0.00479004 -0.00909196 -0.00127053 -0.00235528 0.000872102 -0.00019466 -0.00202368 0.00213902 -0.000460187 0.00110269 0.00262055 -0.00110332 -0.00055682 -0.00172049 0.00132007 -0.00368306 0.00098082 0.00237288 0.00491003 -0.000320216 -0.000105693 -0.00294402 -0.000595021 0.00390579 -0.00114437 -0.00514451 -0.000359063 -0.00314855 -0.013621 -0.00131208 0.000800862 -0.00553372 0.00090786 0.00200074 -0.00278939 -0.00441955 0.012936 -0.00240937 0.000975914 -0.00305928 -0.00325667 -0.00185587 0.000767747 -0.0012687 0.000434452 
