0.0691253 0.0017211 -0.000723361 -0.00250927 -0.000848882 -8.33759e-05 -0.00896071 -0.00156116 -0.00757142 0.0010277 -0.00318923 -0.00443693 -0.00333155 -0.00301945 -0.00118549 -0.0103397 0.000475271 -0.00349961 0.00572265 -0.0058761 -0.000489615 0.000372838 0.000343945 0.00603945 -0.00349101 -0.000339098 -0.00266917 -0.000252983 7.24697e-05 0.00610992 -0.00471039 -0.0020495 -0.00216942 -0.00258773 -0.000400635 0.000651219 0.00104864 0.00653936 -0.0020245 -0.00353626 0.00304666 -0.001582 -0.000854088 0.00297442 -0.0063095 -0.00173654 0.00119977 0.000199945 -0.00195356 -0.00202749 -0.000413161 -0.00161896 -0.00153921 -0.0019379 -0.000510818 6.58383e-06 0.00277383 0.00138206 0.00241777 0.00426845 -5.73995e-05 -4.07804e-05 -0.00217896 0.000584846 -0.000585379 0.0040809 0.000361374 8.46704e-05 -0.000429102 0.000141714 -0.00108642 -0.000425757 0.000473292 -6.67928e-05 -1.4369e-05 0.00285922 -0.00397017 -0.000969579 -0.00301202 0.000165465 -0.00861342 -0.000198074 0.000114433 0.00251738 -0.00037479 -0.00355034 -0.000490248 -0.000544256 -0.00181536 0.000393731 -0.000270435 -0.000803372 2.35369e-05 -0.0028029 0.000913141 -0.00041593 -0.000823536 0.000559216 0.00571441 -0.00062755 
0.0017211 0.0527587 0.000418617 -0.00175663 -0.00187967 -0.00094597 0.00081759 0.000938762 0.00586892 9.22639e-05 0.00366407 -0.00790871 -0.00258039 -0.00112048 0.00113444 0.00855937 8.13412e-05 -0.00655753 0.000988171 -0.00706987 0.00244363 -0.00433484 0.0037707 -0.00296293 0.00711305 -0.00342586 -0.0075526 0.000410417 -4.33638e-06 0.000930408 -0.00944705 0.00056572 -0.00131135 -0.00237494 0.00216444 0.000891429 5.34677e-05 -0.00326658 -0.00263298 -0.00264321 -0.00169905 -0.000622956 0.000505564 -0.00120822 -0.00505711 -0.00195176 0.000695767 0.000262542 -0.000201059 4.845e-05 0.000742586 -0.00108366 -2.47283e-05 -0.00366836 0.000537196 0.000760221 -0.00734839 -0.000998912 0.000763799 0.00368176 -0.000236909 3.17339e-05 0.000689502 -0.00105114 -0.000706571 -0.00227694 0.00142774 9.13973e-05 -0.000966677 -0.00510264 -0.000472462 0.00130344 -0.000811291 -0.000392992 0.000412188 -0.00442616 -0.00463716 0.000999129 -0.00210466 0.000200236 -0.00471222 0.000698132 0.00191556 0.00270943 0.000880773 0.00757443 0.000871333 -0.000113415 0.000492022 0.000621251 0.000379712 0.000143268 0.00169759 -0.0030623 0.000816758 -0.000679446 0.00361253 -0.00194493 -0.00416043 0.00054582 
-0.000723361 0.000418617 0.0220245 0.000178393 0.00156539 -0.00106078 -0.00119537 0.000265171 -0.00131221 -0.000253676 0.000577678 -0.00180766 0.00105459 -0.00300208 -0.000262473 0.00198877 0.00078539 -0.00224293 -0.00344117 -4.59586e-05 -4.26526e-05 -0.0022647 0.000916558 -0.00291661 0.00195535 -8.95962e-05 -0.00260499 -0.00120518 -0.000862421 -0.00145105 -0.000371294 -0.000650911 0.00105674 -0.000519819 8.86789e-05 0.00055307 -0.000244801 0.0016402 -0.000283955 -0.00109817 0.00130416 -0.000591313 7.04861e-05 -0.000557422 0.000478532 -0.00047898 -0.00063963 0.000242525 0.000289142 -4.7959e-05 -0.000368131 -0.00108991 4.37875e-06 0.00110709 0.000229267 1.71735e-05 -0.00223134 0.000197467 0.000427354 -0.000531363 -0.000327484 8.57073e-05 0.000517599 -0.000152877 -0.000124441 0.00115543 -0.00161736 -7.43373e-05 9.09536e-05 -9.03816e-05 0.00180405 -1.0752e-05 0.000165375 2.69283e-05 -0.000251498 -0.00130867 0.000959805 0.000191372 0.00018713 -0.000741327 0.000763123 -0.000164541 -0.000235856 -0.000249598 0.000262218 -0.000440178 -0.000344316 -0.000355313 0.000376801 -0.000312858 2.1461e-05 1.70682e-06 -0.000512828 7.31344e-05 4.56792e-05 7.78507e-05 -0.000614268 -0.000818634 -0.0013591 0.000353472 
-0.00250927 -0.00175663 0.000178393 0.183216 0.00250288 0.00108542 0.0250901 -0.00698451 0.00157039 -0.00339271 0.00750491 0.00304278 -0.018392 0.00217923 -0.00320346 0.0290571 -0.0109463 -0.00777988 -0.00189195 0.00714898 -0.0173771 0.00156657 0.0189442 0.0145627 -0.0243751 -0.003279 0.00487855 -0.00187273 -0.0103087 0.00324239 -0.00468276 -0.00185586 0.000277724 -0.0128578 -0.000550622 -0.00325148 -0.00309868 -0.00295714 -0.00716761 -0.00339935 0.00151109 -0.00272343 -0.00379055 -0.00812259 -0.0121913 -0.000649381 -0.00566875 -0.00140276 -0.00669037 -0.000415426 -0.0011785 -0.0046809 -0.0085292 -0.00491145 5.92869e-05 -0.00134485 -0.000754975 -0.00147164 -0.00261706 -0.0078168 -0.00070575 -0.000875737 0.00103151 -0.00570254 -0.00444876 -0.00266233 0.00258947 -0.000706101 0.000544279 -0.0230409 0.00798393 -7.58578e-05 0.00288408 -0.00525297 0.00147226 0.00908312 0.00446149 -0.00564431 0.00287518 0.00196768 0.00677509 -0.00344551 0.00161249 -0.00869311 -0.00128719 9.62214e-05 -0.00269724 -0.00253728 0.00185893 -0.00650008 0.000473047 0.00343738 -0.00801885 -0.00467059 -0.00632434 0.000130649 -0.000519283 -0.00469981 -0.0264011 -0.00313558 
-0.000848882 -0.00187967 0.00156539 0.00250288 0.102407 -0.000875092 0.0160586 -0.00464663 -0.0145759 0.00138214 0.00715849 0.00990372 -0.00158826 -0.000509704 -0.00215111 -0.00839502 -0.00131181 -0.0234911 -0.0280026 0.00752404 -0.0055813 0.0106415 0.0113723 -0.0126329 -0.0115703 -0.0125864 0.0162596 -0.0100446 -0.00433467 0.00955951 -0.0057727 -0.00106602 0.00564891 -0.00934622 -0.00131332 -0.000842346 -0.002164 0.010369 0.00124056 -0.00741206 -0.00243518 -0.00415861 -0.000113207 -0.00217884 0.00189589 -0.00463527 0.00246943 -0.000798248 0.00030693 -0.000605788 0.00164731 0.00592045 0.00348989 0.0055817 -0.000888832 0.00101484 -0.0038848 -0.000434402 0.00275608 0.00110014 -0.000917883 0.000509362 0.0040526 0.000118797 0.000994863 0.00308864 0.000619564 -0.000764499 0.00215333 -0.00775637 0.000774209 0.000547105 0.00381586 -0.00222554 0.000262384 -0.00261692 -0.00381762 -0.00191954 0.00454142 -0.00349477 -0.00718377 -0.00103693 -0.00249165 -0.00411987 -0.00189437 -0.00304325 -0.00231698 -0.00218301 0.0015504 0.000799101 0.000144513 0.0015994 -0.00322201 -0.00287733 -0.00309497 -0.00107501 -0.00232289 0.00229345 -0.01514 0.000949779 
-8.33759e-05 -0.00094597 -0.00106078 0.00108542 -0.000875092 0.0965588 -0.000942438 -0.00140896 -0.00254577 0.00167092 -0.0028059 -0.00469196 -0.00754168 0.00292599 -0.00684654 0.0038195 0.000255645 -0.0030953 0.0115196 -1.63513e-05 -0.000773826 -0.00382878 0.00337297 -0.00702534 -0.0168487 0.00125092 0.006883 0.00118442 0.00120074 -0.00574933 0.00362522 -0.00161175 -0.00802001 -0.00419888 -0.00169838 -0.00170477 -0.00223113 -0.00478688 -0.00176402 -0.00269059 -0.00613334 -0.00266412 -0.00148524 -0.000974037 -0.00369274 -0.00317356 -0.00331941 -0.00012118 -0.00447073 0.0022047 -0.00116927 0.00110156 -0.0004784 -0.00331263 -0.000433848 -0.000775787 -0.00100117 -0.00132481 -0.00148184 -0.00191577 0.00189414 -0.000547681 -0.001468 -0.00084565 0.00347625 -0.00453523 0.00249071 0.000248677 -0.00211669 -0.00652382 0.00186421 -3.81215e-05 -0.000827924 0.000538192 0.00131196 0.000749148 0.0036791 -0.00041884 -0.000828547 -0.00438469 -0.0108627 0.000186117 0.00359486 -0.00111479 -0.000780633 0.00384566 -0.000565221 0.00283786 -0.000406789 0.000893656 -0.00116723 9.68494e-05 0.00115525 -0.00437455 0.00210107 0.000957248 0.00234651 0.00216145 0.00127741 -0.000838224 
-0.00896071 0.00081759 -0.00119537 0.0250901 0.0160586 -0.000942438 0.236157 -0.00969444 -0.000837919 -0.00748739 0.0245963 0.00558588 0.0241451 0.0222375 -0.00697259 0.0138196 -0.0165166 -0.0261791 -0.032441 0.0299007 -0.0231587 0.010908 0.000520227 -0.0228593 -0.0402578 -0.00988551 0.0132053 0.00426131 -0.0159077 0.0407489 -0.0134789 0.00142861 0.0139543 -0.0186991 -0.00254916 -0.00138533 -0.00550068 0.00770086 -0.00617614 0.00358818 -0.0217695 -0.00895364 -0.00260727 0.0123211 -0.0190622 -0.00170971 0.0010338 -0.00090521 -0.00722972 -0.00133348 -0.000458804 0.00319054 -0.00612978 -0.0113345 -0.0013089 -0.00119745 -0.0155487 -0.0047469 -0.00026333 -0.004329 -0.00512187 0.00120138 0.00483156 -0.00544504 0.00120098 -0.00945244 0.00408331 -0.000752592 -0.00289918 -0.0238423 3.40385e-05 0.000265983 0.00221783 -0.0090315 -0.00566918 -0.00525155 -0.0115283 0.000340557 -0.0144472 0.0124949 0.00404477 -0.00187834 0.00825918 0.0027132 -0.00809355 -0.000148545 -0.00249656 -0.00321828 -0.00731286 -0.000519816 -0.00128517 -0.00303668 -0.00795549 -0.00324336 -0.00700371 -0.00218911 0.00302457 -0.00120092 -0.0326521 -0.000331872 
-0.00156116 0.000938762 0.000265171 -0.00698451 -0.00464663 -0.00140896 -0.00969444 0.0695621 -0.00653233 -0.000204224 -0.00235666 -0.00985012 0.00264794 0.00208634 -0.00516247 0.00793832 -0.000179189 -0.000245273 0.00849512 -0.00636502 -0.0012314 -0.000601203 0.00660565 0.00429888 0.0123419 0.00764769 -0.0124053 -0.00405864 -0.00150807 -0.00191053 -0.00528804 -0.00149222 -0.00128143 0.000595711 0.00144288 -0.00167777 0.00103346 -0.00175434 -0.000939264 -0.000883332 -0.00253097 -0.000100175 0.000857221 0.00109474 -0.00643811 0.00147365 -0.000817903 -0.000225006 -0.00127822 -0.000583679 -0.000579075 -0.000833998 -0.00136571 -6.73916e-05 -4.7279e-05 -0.000655279 -0.00522737 0.000280198 0.00131497 0.00141203 -0.00143806 -0.000399111 -0.000897723 -0.000278972 4.30151e-05 -8.20121e-05 -0.00644238 -0.000297444 -0.00102371 0.00417989 -0.00162081 -0.000402623 -0.000746355 -0.00138936 0.00358864 -0.00732946 -0.00196606 -0.000167846 0.00143696 -0.00298047 -0.00373191 0.000489793 -0.000311224 -0.000838941 0.000255144 0.000616046 0.0012733 9.47693e-06 -0.00211281 -0.000728687 -5.29353e-05 -0.000609118 -0.000663968 -0.00184212 0.000659923 0.000391253 -0.000467872 -0.00318999 0.00724424 0.0004642 
-0.00757142 0.00586892 -0.00131221 0.00157039 -0.0145759 -0.00254577 -0.000837919 -0.00653233 0.194062 0.00357853 0.00148184 -0.00288489 -0.0127366 0.0200081 -0.00313122 0.0363043 -0.000661426 0.00700162 -0.00086912 0.0216984 -0.0091386 -0.0193861 0.00341296 -0.00382376 0.00900471 -0.0173115 0.00742595 0.000438144 -0.0104236 -0.0136855 -0.00673501 0.00283528 -0.0144221 0.0139655 0.00342362 -0.00158195 -0.000904164 -0.0169331 -0.00744689 -0.00102386 -0.0028457 0.00211297 -0.00277389 -0.0141586 -0.0153089 -0.00447761 -0.00815684 -0.00158608 -0.00671564 -0.00296519 0.000303422 -0.010299 -0.00295518 0.00190658 0.00419755 0.00162011 -0.010416 -0.00536457 -0.00619399 0.00074555 -0.00236198 -0.000911254 0.00685519 0.000254278 -0.00317096 -0.00811224 0.00247013 -0.000559619 -0.00188818 -0.0209454 -0.00290959 -0.0016278 -0.00314578 -0.0102466 -0.00242836 -0.0197575 -0.0129799 0.00427112 -0.00432797 -0.000193102 -0.00481925 0.0044529 -0.00551901 -0.00219895 0.00224784 0.00859216 0.00749337 -0.00253824 0.00296963 -0.00249287 -0.00255025 -0.000398542 0.00140675 0.0134328 0.00162337 -0.00128797 0.00553521 -0.00640692 -0.0108196 0.000718606 
0.0010277 9.22639e-05 -0.000253676 -0.00339271 0.00138214 0.00167092 -0.00748739 -0.000204224 0.00357853 0.0569975 -0.00445892 -0.000103749 0.00139978 0.00684149 0.00582893 -0.0019571 0.00650833 -0.00894167 -0.00484054 -0.00865548 0.00408745 -0.000706286 0.000395551 0.00627953 -0.00387235 -0.011072 0.00308543 -0.00180579 0.0025364 -0.0163553 -0.00780275 0.000418967 -0.00792256 -0.0010357 -0.00143529 0.00070782 -0.000242492 0.00166646 0.00100693 -0.00336397 0.000758591 -0.000611934 0.00160399 -0.0009829 -0.00153586 -0.00206002 -0.00015614 0.000150911 0.000716377 0.00351235 0.000716168 0.000384568 0.00221933 0.00211026 -0.000209872 0.000663425 -0.00351564 0.000133743 -0.00159436 0.0015428 -0.000583693 -0.000181586 0.000746458 0.000448236 0.000540661 0.00181754 -0.00340346 0.000307317 9.29133e-05 0.00140115 -0.0041128 -0.000541488 -0.00086398 -0.000687667 -2.09368e-05 -0.000793436 -0.000715209 -0.000288807 0.00178478 -0.00191894 -0.0068687 -0.000338543 0.000151967 -0.00180232 -0.0001962 0.000342221 0.00322026 0.00238125 -0.00131707 0.00187078 0.00013144 -0.000392939 -0.000801456 0.0013714 0.000321906 -0.00042437 -0.000151469 0.00103312 -0.00551405 0.000507679 
-0.00318923 0.00366407 0.000577678 0.00750491 0.00715849 -0.0028059 0.0245963 -0.00235666 0.00148184 -0.00445892 0.13906 -0.00987538 0.00641659 -0.000388476 -0.0020136 -0.00409979 -0.00442998 -0.0152899 -0.0137841 0.00536878 -0.00425707 -0.00602242 -0.012541 -0.000986872 -0.013264 0.0137326 8.50859e-05 -0.00120208 -0.00548058 0.0199409 -0.00443408 0.00786086 0.00179865 -0.00941336 -0.000791218 0.000942278 -0.000839823 0.00174047 -0.0050426 -0.00105502 -0.00707027 -0.0025496 0.00175916 0.00675369 -0.0126938 -0.00450602 -0.00243563 -0.00072987 -0.000394698 0.00194588 -0.00196869 -0.00425471 -0.00371178 0.00196786 -0.000571752 0.00221228 -0.00773212 -0.00206067 -0.000287513 0.00259486 -0.00294151 -0.000419177 -0.00018276 -0.00207862 -0.00309263 -0.00517627 -0.00189437 0.000594419 0.00346557 -0.0135757 -0.00344952 0.000133451 0.000269884 -0.00115716 -0.00060824 -0.00193914 -0.00606471 0.00311083 -0.00959012 -0.00637095 0.00986534 -0.00269211 -0.00304999 0.00218529 -0.00267956 -0.00453147 -0.00208976 -0.000127452 -0.00355349 -0.00189744 0.00100322 0.000442318 -0.000704483 -0.00806905 -0.00173158 -0.00282579 -0.00143405 0.000120852 -0.0079139 0.000476001 
-0.00443693 -0.00790871 -0.00180766 0.00304278 0.00990372 -0.00469196 0.00558588 -0.00985012 -0.00288489 -0.000103749 -0.00987538 0.161797 -0.0110909 -0.0155239 -0.000681457 -0.0214648 0.00144373 -0.0259898 -0.0186356 0.00591078 -0.00040202 0.0179422 -0.00782643 -0.00450899 -0.030138 -0.0401987 0.0370202 -0.00858097 0.00794501 -0.000512336 -0.00987396 -0.00444706 -0.0257459 0.00161545 -0.00244788 -1.96884e-05 0.000178241 0.00479575 0.00119787 -0.00630027 0.013286 -0.003902 -0.00512699 -0.00669004 0.00972715 -0.00164314 -0.00362996 0.000191816 0.000632287 0.00406598 0.00734802 0.00141945 0.00136449 -0.00364724 -0.00213726 -0.00172352 0.00576049 0.00135426 0.000333013 -0.00499662 0.000551751 0.00178348 0.00386708 0.000368909 0.000933208 0.00362938 0.00895204 0.0018989 0.000390119 0.0032647 0.000850425 -0.000839658 0.00129904 -0.00254535 -0.000369006 0.0149112 -3.20102e-05 0.000131349 0.00481391 0.00956862 -0.00620167 0.00094794 0.00274254 -0.00707177 0.00113879 -0.00388309 -0.000431236 -0.00529753 0.0038098 -0.000228495 -0.00084267 -0.00304908 -0.000726226 0.00698348 -0.0062775 -0.000873793 -0.00426898 -0.000338194 -0.0235813 -0.000395479 
-0.00333155 -0.00258039 0.00105459 -0.018392 -0.00158826 -0.00754168 0.0241451 0.00264794 -0.0127366 0.00139978 0.00641659 -0.0110909 0.191682 0.0146542 -0.00926633 0.00929718 -0.00239057 -0.00327711 -0.0208878 0.0255957 -0.00922029 -0.00687669 -0.0287648 -0.0105738 -0.0010821 -0.0236784 -0.0121826 -0.0132926 0.0019881 0.0179112 0.0283112 0.00618863 0.0303038 -0.00360202 -0.00219441 0.00194055 0.00201015 0.0077028 0.0117608 0.014834 -0.0118909 -0.00947892 0.00287224 0.00803102 -0.00864483 0.00577121 0.0149371 -0.00117814 -0.0026799 -0.000327479 -0.00224558 0.0102613 -0.00314497 -0.00570546 -0.00460917 -0.00150326 -0.0189192 -0.000490481 -0.00619001 0.00285666 -0.000804291 -0.000295349 -0.00447486 -0.00192423 0.00115672 -0.0275524 -0.00578363 -0.000362244 -0.000951698 -0.00451774 -0.00859345 0.000808038 0.0019493 -0.00138468 -0.00759052 -0.0158899 -0.0119047 -0.000884239 -0.0110693 -0.0144271 0.0150587 0.00148833 -0.0100772 -0.0114771 -0.00321114 -0.0111755 -0.00129906 -0.00180054 -0.00685337 0.000412219 -0.000770046 -0.00444327 -0.00301374 -0.0135742 0.000724276 -0.000581886 -0.00314966 0.0027161 0.000553934 0.00195484 
-0.00301945 -0.00112048 -0.00300208 0.00217923 -0.000509704 0.00292599 0.0222375 0.00208634 0.0200081 0.00684149 -0.000388476 -0.0155239 0.0146542 0.246976 -0.00239962 0.0379882 0.0091013 -0.013949 -0.00264361 -0.00432878 -0.0152372 0.00435517 0.00270326 -0.00932379 0.0069423 -0.0273883 0.000442969 0.00309987 0.00600286 -0.00899454 -0.00577359 0.00804041 -0.002739 -0.00168121 -0.00354018 0.00175307 0.000111323 -0.0117428 -0.00046636 -0.0144013 -0.00384354 -0.00181482 -0.000374228 -0.0159318 -0.005874 -0.00546451 -0.00578453 -0.00138846 -0.00283997 0.00241457 0.00276514 -0.000280608 -0.00209989 0.00669991 -0.00256637 -0.00105662 -0.0309286 -0.0014197 -0.00903083 -0.00224154 -0.00689458 -0.00161566 -0.0136794 -0.000823988 0.00275836 0.0132266 -0.00441232 -0.00216907 -0.00248544 -0.025995 -0.00349447 -0.000519384 -0.00420504 -0.0108822 -0.00796476 -0.0253728 -0.0161031 -0.00305186 -0.00522967 0.00118055 -0.0241372 -0.00222653 0.00505361 -0.00451132 -0.00139137 0.00238443 -0.0022711 0.000358784 -0.00988876 0.0029274 -0.00120757 -0.00504322 0.0014252 0.0147067 -0.00491269 7.35044e-06 -0.00279582 0.00816756 -0.0266805 -0.00144759 
-0.00118549 0.00113444 -0.000262473 -0.00320346 -0.00215111 -0.00684654 -0.00697259 -0.00516247 -0.00313122 0.00582893 -0.0020136 -0.000681457 -0.00926633 -0.00239962 0.119451 -0.0233516 0.0118306 -0.00310014 -0.0114638 -0.0168103 0.0102141 -0.0190194 0.00145361 0.011089 -0.0130671 -0.001403 -0.00522026 0.00945322 0.000173642 -0.0153572 -0.0150403 0.00395907 0.00245907 0.00166555 -0.000512898 0.00175662 -0.000363135 -0.00354366 -0.000849467 0.00206194 -0.000108241 0.0040712 -0.000365007 -0.0055096 0.00228448 -0.000484706 0.000255984 3.75329e-05 0.00466552 -0.00258042 0.000296248 0.00302912 -0.00244506 -0.00112078 0.000419399 0.00291072 0.00683283 0.00156377 -0.000898425 -8.90443e-05 -0.00207609 -0.000384481 -0.0060324 0.00104366 -0.000630182 0.003844 -0.00759633 0.00025404 2.48993e-05 -0.00106198 -0.00342396 0.00046171 -0.00155974 0.00197664 -0.00185194 -0.00403244 -0.00560874 -0.00199964 -0.00304546 -0.000787692 -0.0062827 -0.00120039 0.00167523 0.00330919 0.00411201 0.000940702 -0.00143734 0.00171137 -0.00104817 -0.000749771 0.00111501 0.000129836 0.000816621 0.0110647 -0.00179437 -0.000320092 0.00123058 -0.000804557 -0.00252935 -0.000370416 
-0.0103397 0.00855937 0.00198877 0.0290571 -0.00839502 0.0038195 0.0138196 0.00793832 0.0363043 -0.0019571 -0.00409979 -0.0214648 0.00929718 0.0379882 -0.0233516 0.246375 -0.0107961 -0.0113767 0.0121166 0.0153008 -0.010007 -0.0152622 0.0310252 -0.00135386 0.0275781 -0.0271481 -0.0397804 -0.0170989 -0.0161349 -0.0026628 0.0127312 -0.00222988 0.00478982 -0.00130422 -0.00014298 -0.00589972 -0.00338038 -0.00390151 -0.00466573 -0.0129952 -0.0175131 -0.0104465 0.00183296 -0.00710089 -0.0136252 -0.00493932 -0.00890259 -0.00259746 -0.00425672 0.000155993 -0.00730666 -0.00590915 -0.00541523 -0.00606653 4.26532e-05 -0.00290981 -0.0343825 -0.00498666 -0.00353864 -0.00595966 0.0015557 -0.000766614 0.0103439 -0.00456462 -0.0041103 -0.0146585 0.00263019 -0.00184317 -0.000519894 -0.0187204 0.00695692 -0.000476524 -0.000617177 -0.00840683 0.000171188 -0.0243612 0.00277134 -0.00668359 0.00022879 -0.00519365 0.00577125 -0.00289337 0.00387389 -0.015022 0.00158128 0.012075 0.00454432 -0.00394984 0.00243066 -0.00105005 -0.00246883 0.00181247 -0.00746391 0.00220305 -0.00709598 0.000776139 0.000402236 -0.0106028 -0.0180672 0.000292946 
0.000475271 8.13412e-05 0.00078539 -0.0109463 -0.00131181 0.000255645 -0.0165166 -0.000179189 -0.000661426 0.00650833 -0.00442998 0.00144373 -0.00239057 0.0091013 0.0118306 -0.0107961 0.0982279 -0.00998605 -0.0080846 -0.00412565 0.00142427 0.003039 -0.00265096 0.0064155 -0.0020309 -0.00288323 -0.010391 0.00108531 0.00247122 -0.0215381 -0.0144991 0.00325108 -0.000647487 0.000444497 -0.000509285 -0.00140679 0.000971389 -0.00602288 0.00391537 -0.00606803 0.0126237 0.000378806 0.000384667 -0.0035381 -0.0016808 -0.00101056 -0.00316827 0.00103964 0.000644138 0.000725259 -0.00607266 0.00179945 -0.000265042 0.00239161 0.00116099 0.000824493 -0.00296422 0.00385663 -0.00278107 0.0029818 0.000401392 -0.000608532 -0.00604027 -0.00102565 -0.00166177 -0.000202929 -0.00520879 0.000468638 -0.000593483 0.00670068 -0.00513527 -0.00108984 -0.00126969 0.000314928 -0.00160273 -0.00735437 -0.0009577 0.00118851 -0.000477114 -0.00281178 -0.008703 0.000137741 0.00516209 -0.0031409 0.00078606 0.000350941 0.00258895 -0.000810541 -0.00293721 0.00138683 0.000299755 -4.88007e-05 0.00291101 0.00770022 -0.00113641 -0.000719756 -0.00217528 0.00437007 0.000444357 -0.00048199 
-0.00349961 -0.00655753 -0.00224293 -0.00777988 -0.0234911 -0.0030953 -0.0261791 -0.000245273 0.00700162 -0.00894167 -0.0152899 -0.0259898 -0.00327711 -0.013949 -0.00310014 -0.0113767 -0.00998605 0.24019 0.0189005 -0.0239772 0.0125103 -0.0265557 -0.0579353 0.0162377 0.0442207 -0.00136216 -0.0398585 0.0118037 -0.00291035 -0.0133173 0.0192696 0.00302509 0.0175104 0.00285423 0.00484667 0.00257952 0.00533287 -0.0173722 -0.00421838 0.00157459 -0.00752902 0.0109314 -0.00249416 0.00878754 0.016982 0.00658436 -0.00695838 -0.000287521 0.0028726 -0.0080472 -0.0140039 0.00243525 -0.00429123 -0.00685957 0.00641306 -0.000227499 -0.000291929 -0.00690064 0.000333432 -0.00899487 0.00119128 -0.00231624 -0.0126128 0.00638719 -0.00318225 -0.00463691 -0.00565759 -0.00220924 0.000138974 0.0181015 -0.0145317 0.000638001 -0.0040595 0.00355741 -0.00423588 0.0149883 0.00147878 -0.00319617 -0.00430351 -0.0106793 0.00624609 0.00018465 -0.0144076 0.00911711 -0.00149617 0.00473533 -0.00315202 0.00134802 -0.00566687 -0.00454144 -0.00163442 -0.00236962 -0.00399224 -0.0232394 0.00521195 0.000737158 0.00250031 -0.0138696 0.0271184 -0.00149374 
0.00572265 0.000988171 -0.00344117 -0.00189195 -0.0280026 0.0115196 -0.032441 0.00849512 -0.00086912 -0.00484054 -0.0137841 -0.0186356 -0.0208878 -0.00264361 -0.0114638 0.0121166 -0.0080846 0.0189005 0.238777 -0.00812851 0.00176863 -0.00669303 -0.00327312 0.00341512 0.00812662 0.0213024 -0.0232701 0.00408108 -0.00761028 0.00903558 0.00890279 -0.023734 -0.0275978 0.00941314 0.00299929 -0.00514782 -0.00387507 -0.010119 0.00189373 -0.013267 0.000212367 0.0129718 -0.00327343 -0.00191074 -0.0112854 -0.00769267 -0.0138751 -0.000756457 -0.00881906 -0.00444226 -0.00667505 -0.0164616 -0.00794754 -0.0139419 -0.00187242 -0.000296131 0.00821446 -0.000857528 0.00107655 0.00168089 0.00155188 -0.000813691 -0.00337582 -0.00110416 -0.000104755 -0.00451659 0.000911093 -0.00267974 -0.00837168 -0.00270047 0.00359249 -0.000618756 -0.00325239 -0.00809885 0.000663677 0.00624965 -0.00213625 -0.0057102 -0.00817253 0.00224109 0.00242188 0.00303632 0.0100267 0.00686534 0.00689278 0.00898251 0.00188452 -0.00203297 -0.00784867 -0.00464683 -0.00251251 0.00140788 0.00302052 -0.00201694 -0.00236053 -0.00233188 0.00348718 -0.00819928 0.0145941 -0.0060297 
-0.0058761 -0.00706987 -4.59586e-05 0.00714898 0.00752404 -1.63513e-05 0.0299007 -0.00636502 0.0216984 -0.00865548 0.00536878 0.00591078 0.0255957 -0.00432878 -0.0168103 0.0153008 -0.00412565 -0.0239772 -0.00812851 0.249243 -0.0285023 0.00791739 0.0149842 0.00100733 -0.0483686 0.0131006 0.00711669 -0.0315265 -0.0133337 0.0409916 0.0225672 -0.0063248 -0.0217245 -0.00221658 -0.00240043 0.00043305 -0.00136168 -0.00755816 -0.000150267 -0.0134149 -0.0103323 -0.0212849 -0.00521879 0.000533178 -0.0147968 0.00539276 0.00421841 -0.00214427 -0.00930609 -0.0126377 0.000935151 -0.0118265 -0.000617632 0.0115903 -0.00541379 -0.00243454 -0.0044539 0.00166954 -0.00168913 -0.0055556 -0.0032536 -0.00037638 0.0137144 -0.00408307 -0.00532602 -0.00590215 0.0108806 -0.000560801 -0.00443459 -0.0226909 -0.00397426 -0.0036124 0.00354556 -0.0200277 -0.00363539 -0.0348148 -0.0177581 0.00397108 -0.00605247 0.0031831 0.0192169 -0.00197012 0.000250115 -0.0137023 0.000614207 -0.0083941 -0.000876692 0.000652415 -0.000103148 0.00277944 -0.000920757 0.00151405 -0.00708781 0.00624986 -0.00474374 0.000530037 -0.00586399 0.00224741 -0.0187435 -0.000595692 
-0.000489615 0.00244363 -4.26526e-05 -0.0173771 -0.0055813 -0.000773826 -0.0231587 -0.0012314 -0.0091386 0.00408745 -0.00425707 -0.00040202 -0.00922029 -0.0152372 0.0102141 -0.010007 0.00142427 0.0125103 0.00176863 -0.0285023 0.110377 -0.0248953 -0.00462338 -0.0037618 0.0168973 0.0010154 -0.0210726 0.0109101 -0.0019692 -0.0123925 -0.0175632 0.00434788 -0.00511593 -0.000358693 -0.00177283 -0.000245944 -0.00102141 0.00406633 -0.000129797 -0.000149187 -0.000484614 0.00592963 -0.00212563 -0.00660299 0.0180179 -0.00366091 -0.00164001 0.00143212 0.0115687 -0.00205622 -0.00109053 0.00688045 0.00131728 -0.00656947 0.000707051 0.000825427 0.00473635 4.34411e-05 -0.00174371 0.000991752 0.00391373 -0.000152624 -0.00656661 0.00398368 -0.00171105 -0.00213296 -0.0065962 0.000167293 0.00345665 0.00423067 -0.00300351 0.000239494 -0.0022557 0.010413 -0.00259643 0.0111768 0.00265256 -0.000769101 0.000182724 -0.00770676 -0.0019487 -0.00166589 -0.00352117 -0.00046478 0.00305005 -0.000723399 0.000136002 0.0069378 0.000475898 -0.000330045 0.000790113 -0.000354684 0.00494607 -0.00567078 -0.000118565 0.0010389 0.00228222 -0.00414354 0.00661865 -0.000307246 
0.000372838 -0.00433484 -0.0022647 0.00156657 0.0106415 -0.00382878 0.010908 -0.000601203 -0.0193861 -0.000706286 -0.00602242 0.0179422 -0.00687669 0.00435517 -0.0190194 -0.0152622 0.003039 -0.0265557 -0.00669303 0.00791739 -0.0248953 0.249908 -0.00556319 -0.0109262 -0.0322524 -0.0146676 0.0379439 -0.00948076 0.00664935 0.0434312 0.00112352 -0.0100706 -0.00345324 -0.00611319 -0.00735629 -0.00278627 0.00177342 0.0170109 0.00164583 -0.00492622 0.00331866 -0.00573804 0.000542447 -0.00319367 -0.0129351 -0.00750295 0.00119163 -0.00242616 -0.00830538 0.00819657 -0.00501407 0.00501517 -0.000497484 -0.00924093 0.00190155 -0.00451913 0.00240002 0.0031711 -0.00336344 0.00393896 -0.00842184 9.81945e-06 -0.00638441 -0.00772465 -0.000105405 0.0127712 0.00789179 0.000802361 -0.00599625 -0.00869679 -0.0134836 0.0011431 0.000497922 -0.00522334 -0.00150696 0.0051138 -0.000798422 -0.00249155 -0.00621515 0.0156009 -0.0239311 0.0013888 0.00182619 -0.0029333 -0.0140081 -0.00399439 -0.00296824 -0.0120839 -0.00372499 -0.00213222 0.00149022 0.00252879 -0.00789686 -0.011986 -0.0103665 -0.00264063 -0.00468625 8.58009e-05 -0.0155878 -0.00428833 
0.000343945 0.0037707 0.000916558 0.0189442 0.0113723 0.00337297 0.000520227 0.00660565 0.00341296 0.000395551 -0.012541 -0.00782643 -0.0287648 0.00270326 0.00145361 0.0310252 -0.00265096 -0.0579353 -0.00327312 0.0149842 -0.00462338 -0.00556319 0.24033 -0.00580453 -0.00270803 0.0167648 -0.00365899 -0.0190239 -0.0250946 0.00809351 -0.0421017 -0.0108963 -0.00295137 -0.00413089 -0.00229972 -0.000491306 -0.0079738 -0.0223278 -0.00314227 -0.0171539 -0.00523587 -0.0121847 -0.00862723 -0.0155838 -0.0145994 -0.00867296 0.00030364 -0.000886341 -0.00741032 -0.00532724 -0.00125857 -0.000170636 0.00506334 0.00752741 -0.00345276 0.00114418 -0.00811109 0.00291008 -0.000904944 0.00078121 -0.000265616 -0.000677786 0.00762361 -0.00412405 -0.00435249 0.00860963 -0.00978358 -0.0010923 -0.00245308 -0.00812127 0.0101218 -0.0035566 -0.00279599 -0.0068951 0.00120868 -0.0153423 -0.0111357 -0.00529558 0.00792087 0.00267838 0.00454904 -0.000666494 0.0141838 -0.00533777 0.00173714 -3.26384e-05 -0.00124713 -0.000556619 0.00472402 0.00301512 -0.000788851 0.00163396 -0.00418047 0.0187162 0.000247912 -0.00374292 0.00535918 0.00682381 -0.00423625 0.000151212 
0.00603945 -0.00296293 -0.00291661 0.0145627 -0.0126329 -0.00702534 -0.0228593 0.00429888 -0.00382376 0.00627953 -0.000986872 -0.00450899 -0.0105738 -0.00932379 0.011089 -0.00135386 0.0064155 0.0162377 0.00341512 0.00100733 -0.0037618 -0.0109262 -0.00580453 0.20147 -0.011677 0.0103707 -0.0219869 3.77408e-05 -0.0076326 -0.0244374 -0.0126044 0.00236241 -0.0146524 -0.0132091 0.000104852 0.0013634 0.000594224 -0.0083479 -0.00223621 0.00231174 -0.012905 0.0011631 -0.00208689 0.00818235 -0.0135294 -0.000271532 -0.00646028 -0.000196324 -0.000109928 -0.000891915 0.000469982 -0.00992016 -0.00532492 0.000771692 -0.000208324 0.000306567 0.00238775 0.00221133 0.00802635 -0.00367093 0.000414539 -0.00139039 -0.00362579 -0.000282331 -0.00455604 -0.00572352 -0.0142811 -0.000913444 0.00141947 0.00942783 -0.00632788 -0.00249821 -0.001357 -0.000265924 -0.000546192 0.00561209 -0.00446275 -0.00529992 -0.0124622 -0.00209657 0.00347357 -0.000134117 0.000145538 -0.00343764 0.00071156 -0.00553294 0.000573148 0.00447777 -0.00125103 -0.00165783 0.00027795 0.00100673 -0.000300408 0.00798984 -0.00202384 0.00419973 -0.00541389 -0.00748042 0.013597 0.000335307 
-0.00349101 0.00711305 0.00195535 -0.0243751 -0.0115703 -0.0168487 -0.0402578 0.0123419 0.00900471 -0.00387235 -0.013264 -0.030138 -0.0010821 0.0069423 -0.0130671 0.0275781 -0.0020309 0.0442207 0.00812662 -0.0483686 0.0168973 -0.0322524 -0.00270803 -0.011677 0.248104 0.00380441 -0.0541893 -0.0133392 -0.00112121 -0.0256241 -0.0299126 0.00418604 0.0168659 0.00807361 -0.00200778 -0.000897912 -0.00238629 -0.00903101 -0.0117833 0.00147463 0.0106227 -0.00270218 0.00432156 -0.0166914 0.00716366 0.00228811 0.00359545 0.000433797 0.0122125 -0.00212247 -0.0100571 0.00336252 0.00109633 0.0162434 0.00296543 -0.00316271 -0.0214135 -0.00615777 -0.000879159 0.00101523 0.00618186 -0.00127386 -0.00415113 -0.00102174 -0.00335858 0.00864565 -0.00907731 -0.00383115 -0.000200779 0.0490967 -0.0017669 -0.00207766 -0.00804476 0.00185136 -0.000995961 -0.00801948 -0.00760463 0.00282901 0.00538015 -0.0112312 -0.00666444 0.00416138 -0.0204515 -0.00180891 0.00372821 0.00548291 0.000787397 -0.00305113 -0.0102986 -0.00208547 -0.00234399 0.00200823 0.000324597 -0.0110152 0.00593283 0.000977639 0.00257265 -0.0144365 0.0181514 0.0031716 
-0.000339098 -0.00342586 -8.95962e-05 -0.003279 -0.0125864 0.00125092 -0.00988551 0.00764769 -0.0173115 -0.011072 0.0137326 -0.0401987 -0.0236784 -0.0273883 -0.001403 -0.0271481 -0.00288323 -0.00136216 0.0213024 0.0131006 0.0010154 -0.0146676 0.0167648 0.0103707 0.00380441 0.246857 -0.0267162 0.0259356 -0.0101648 0.00899091 -0.0164385 -0.00215304 -0.0107775 -0.0141167 -0.00336736 -0.00502211 -0.00477151 -0.0131385 -0.00349366 0.00778161 -0.0168075 0.000115657 -0.00309027 0.000386733 0.000921563 -0.00459522 -0.00378653 0.00236957 -0.00254856 -0.00989467 -0.00548943 -0.0128818 0.00102788 0.0122143 -0.00225729 0.000874847 -0.00479611 -0.000606036 0.0056092 -0.00164592 0.00130049 -0.000844691 0.00349604 -0.00394717 -0.00512672 -0.0103969 -0.00233247 -0.00205248 -0.00188439 0.0120343 -0.00874781 -0.00438568 -0.000618098 0.00227997 -0.00498132 -0.00281437 -0.00257145 0.00289198 -0.00945089 -0.00860832 0.0107933 -0.00421529 0.00178464 0.00343192 0.00411535 -0.00769594 -0.00193815 0.000520701 -0.00354816 -0.00130584 -0.0018498 -0.00351599 0.00439425 0.00243417 0.000741578 0.000156186 0.00263267 -0.00969562 0.0238357 -0.00111228 
-0.00266917 -0.0075526 -0.00260499 0.00487855 0.0162596 0.006883 0.0132053 -0.0124053 0.00742595 0.00308543 8.50859e-05 0.0370202 -0.0121826 0.000442969 -0.00522026 -0.0397804 -0.010391 -0.0398585 -0.0232701 0.00711669 -0.0210726 0.0379439 -0.00365899 -0.0219869 -0.0541893 -0.0267162 0.206277 -0.00867889 0.00594064 0.00927393 0.0123101 -0.00186584 -0.0288775 -0.00179743 -0.0100033 -0.0037113 -0.00253435 -0.00512452 -0.00116602 0.00597085 0.00849387 -0.00853067 -0.00192141 0.00125417 0.00163403 0.00382631 -0.00490614 -0.00167875 -0.0107706 0.00155873 0.0123607 -0.00518059 0.00790604 -0.00527135 -0.0012902 -0.000254333 0.0171399 0.00199742 -0.00418855 -0.00603813 -0.00438799 0.00120595 0.00190061 -0.00224326 0.000894247 0.00922581 0.00426398 0.000687576 -0.00175558 -0.0140851 -0.00267307 0.00106177 0.00401766 0.000408833 -0.00645353 0.00515618 0.0102838 0.00277756 0.00155439 0.00607487 -0.0102912 0.00195223 -0.00855852 0.00321313 -0.00652993 -0.00723541 -0.00290234 0.00130453 0.00582909 -0.00316591 -0.000289665 -0.00284489 -0.00122463 -0.0018484 -0.00010804 -0.000370494 -0.00527676 0.010176 -0.0210773 -0.00160769 
-0.000252983 0.000410417 -0.00120518 -0.00187273 -0.0100446 0.00118442 0.00426131 -0.00405864 0.000438144 -0.00180579 -0.00120208 -0.00858097 -0.0132926 0.00309987 0.00945322 -0.0170989 0.00108531 0.0118037 0.00408108 -0.0315265 0.0109101 -0.00948076 -0.0190239 3.77408e-05 -0.0133392 0.0259356 -0.00867889 0.141321 -0.00489717 -0.0147176 -0.0105109 0.00424557 0.00714628 -0.000412434 0.00306996 -0.0025067 -0.000459325 -0.00851292 -0.00176681 0.00875113 -0.00807055 0.00667723 -0.00336809 -0.000462436 -0.00311088 -0.00440913 -0.00268315 0.00145091 0.000791087 0.00111641 -0.00108825 0.00358919 -0.00256719 -0.00404356 0.00040087 0.000933848 -0.0101921 -0.00209097 -0.00244501 -0.00261633 -5.97953e-05 -0.00136557 -0.00585153 -0.00308978 -0.00162398 -0.00362129 -0.00330444 0.000593079 -0.00285519 -0.00906528 -0.00260115 -0.00015816 -0.00162229 0.00829713 -0.00246945 0.00588446 -0.000397649 -0.00310087 -0.00717632 0.0125074 -0.00749482 -0.00118474 0.00099841 0.0163507 -0.0023856 0.00303916 -0.00268792 0.00333372 -0.00419011 -0.00237664 0.000471968 -0.00255607 -2.59622e-05 -0.00492117 -0.000179779 -0.000816782 0.00245141 -0.00440525 0.00929701 -0.00143588 
7.24697e-05 -4.33638e-06 -0.000862421 -0.0103087 -0.00433467 0.00120074 -0.0159077 -0.00150807 -0.0104236 0.0025364 -0.00548058 0.00794501 0.0019881 0.00600286 0.000173642 -0.0161349 0.00247122 -0.00291035 -0.00761028 -0.0133337 -0.0019692 0.00664935 -0.0250946 -0.0076326 -0.00112121 -0.0101648 0.00594064 -0.00489717 0.123512 -0.0124489 0.00223294 0.000485916 -0.00749484 0.0037055 -0.0026607 0.000119538 0.000184278 0.00666016 0.00252406 0.00595793 0.00305031 -0.0034973 -0.000328932 -0.00399261 0.00319411 0.000978973 -0.0013738 -0.000514884 0.000895427 0.00608531 0.00591531 -0.00212368 0.000676567 -0.00443637 6.49075e-05 -0.000598497 0.00290787 0.00108118 -0.00364373 0.00262821 0.000758579 0.00087617 -0.00632784 -0.00210876 0.00459145 -0.00126905 0.000989119 -0.000212683 8.38633e-06 -0.00246311 -0.00165712 0.00068289 -0.000571604 0.000757936 0.000827706 -0.00243324 -0.000291931 0.00241486 0.00519173 -0.000627985 -0.0117287 -0.000164911 -0.000707023 -0.00247557 0.00438162 -0.000728715 0.000216438 -0.000943152 0.000496477 0.000728347 -0.000607555 -0.00363654 0.00353 -0.000478966 -0.00196861 -0.000510365 -0.00508422 0.00249541 -0.00802659 0.00104937 
0.00610992 0.000930408 -0.00145105 0.00324239 0.00955951 -0.00574933 0.0407489 -0.00191053 -0.0136855 -0.0163553 0.0199409 -0.000512336 0.0179112 -0.00899454 -0.0153572 -0.0026628 -0.0215381 -0.0133173 0.00903558 0.0409916 -0.0123925 0.0434312 0.00809351 -0.0244374 -0.0256241 0.00899091 0.00927393 -0.0147176 -0.0124489 0.227189 0.00740633 -0.013871 0.0162051 0.000263445 -0.00167604 -0.00545509 0.00208326 0.00883108 0.00037355 -0.00452663 -0.0007616 -0.0115434 -0.000356223 0.00623277 -0.015982 -0.0113005 0.0045509 -0.00253927 -0.0105122 -0.0107422 -0.00139895 -0.0151844 -0.00972514 -0.0154422 -0.00418695 -0.00271073 0.0208507 -0.00104304 0.00153025 0.00215036 -0.00864581 -0.000461655 -0.00549745 -0.00369476 -0.000995822 -0.00880522 0.0196417 -0.00102445 -0.00199134 -0.0383469 -0.00456016 -0.00188278 0.00127189 -0.0131451 -0.00759052 0.000697638 -0.0186547 0.000861175 -0.0223715 0.0127867 0.000750072 0.00252238 -0.000183292 -0.00529793 -0.0107948 -0.0129172 -0.00586907 -0.00501081 -0.00543863 -0.00574341 -0.000904947 0.000855692 -0.00571441 -0.00345534 -0.00301959 -0.00771925 0.00281225 -0.00682232 -0.0108402 -0.000614405 
-0.00471039 -0.00944705 -0.000371294 -0.00468276 -0.0057727 0.00362522 -0.0134789 -0.00528804 -0.00673501 -0.00780275 -0.00443408 -0.00987396 0.0283112 -0.00577359 -0.0150403 0.0127312 -0.0144991 0.0192696 0.00890279 0.0225672 -0.0175632 0.00112352 -0.0421017 -0.0126044 -0.0299126 -0.0164385 0.0123101 -0.0105109 0.00223294 0.00740633 0.230974 -0.00625324 0.0356768 -0.000316699 -0.00281341 0.00161524 0.00205469 -0.00173995 0.00536398 0.00740078 0.00190755 -0.00554361 0.00156503 0.00560396 0.006379 0.000713536 -0.00280635 -0.00145701 -0.0131212 -0.00351827 0.00181 -0.00506342 -0.00525474 -0.0113585 -0.00258569 -0.00285281 0.00971497 -0.00587762 -0.00480733 -0.010248 -0.00579461 0.000240733 -0.00119835 -0.00113038 0.00522307 -0.0202518 -0.000702147 -0.000489968 -0.00318562 -0.0198147 0.000845223 0.000176074 0.004655 -0.00532324 0.000142814 -0.0101149 0.0185279 -0.00523538 -0.0088234 -0.0175614 0.0165442 -0.00474819 -0.0108832 -0.0143067 -0.00912284 -0.00848396 -0.00281187 -0.00222187 0.0086261 -0.00458768 -0.000927873 -0.00503282 -0.00446139 -0.00149426 1.97026e-06 0.000516312 -0.00952445 0.00515408 0.0134576 -0.00247844 
-0.0020495 0.00056572 -0.000650911 -0.00185586 -0.00106602 -0.00161175 0.00142861 -0.00149222 0.00283528 0.000418967 0.00786086 -0.00444706 0.00618863 0.00804041 0.00395907 -0.00222988 0.00325108 0.00302509 -0.023734 -0.0063248 0.00434788 -0.0100706 -0.0108963 0.00236241 0.00418604 -0.00215304 -0.00186584 0.00424557 0.000485916 -0.013871 -0.00625324 0.0735911 0.00360509 -0.00033449 -0.00180342 0.00241286 6.66635e-05 -0.00258001 -0.00185164 0.00257845 -0.00369483 -0.000663349 -0.000885558 0.000548255 -0.00121737 0.00199513 -0.00020134 0.000119644 0.0021585 0.00225768 0.00150316 0.00242226 0.000195198 0.0007055 -0.000127035 0.000309201 -0.00964341 -0.00180509 -0.000749324 -0.00157106 -0.00139652 -0.000410648 -0.00457287 0.00197166 -0.00175177 -0.00376083 -0.00316641 -0.000109683 0.00131446 0.00321832 -0.00329324 -0.000344978 0.00069775 0.00477948 -0.000188163 -0.00238986 -0.000123481 -0.000545148 -0.00110156 -0.00122562 -0.0030728 -0.000863176 -0.00494233 -0.00149551 -0.000256774 -0.000967575 -0.00059687 -0.000199262 -0.00183369 -0.0011846 0.00130716 -0.00194571 0.0020605 -0.00126273 0.00263611 0.000991679 -0.000432572 0.000643687 -0.00655557 0.000398809 
-0.00216942 -0.00131135 0.00105674 0.000277724 0.00564891 -0.00802001 0.0139543 -0.00128143 -0.0144221 -0.00792256 0.00179865 -0.0257459 0.0303038 -0.002739 0.00245907 0.00478982 -0.000647487 0.0175104 -0.0275978 -0.0217245 -0.00511593 -0.00345324 -0.00295137 -0.0146524 0.0168659 -0.0107775 -0.0288775 0.00714628 -0.00749484 0.0162051 0.0356768 0.00360509 0.225834 -0.0149192 0.00428299 -0.000934874 0.00137628 0.00690861 -0.00295666 0.0044877 -0.00727301 -0.00767964 0.00573042 0.00212131 -0.0156208 0.00432047 0.0071332 -0.000651412 -0.00346805 -0.001884 -0.0144319 0.0176656 -0.00394104 -0.00104632 -0.00524295 -0.000706879 -0.0168852 -0.00515289 -0.00113588 -0.00478802 -0.00541684 -0.00133504 -0.00593694 -0.00668402 0.00492936 -0.0244192 -0.0102129 -0.00099645 -0.00492832 0.000988297 -0.00107497 0.00199769 -0.00481024 0.00164068 -0.0060669 -0.0110846 -0.00418435 -0.00554073 -0.0084404 -0.00563159 0.0106275 -0.00200445 -0.0159008 -0.00537389 -0.0111915 -0.00764318 -0.0053841 -0.00888623 -0.00101806 -0.00335581 -0.00205201 -0.00278459 -0.00272844 -0.00613686 0.000483994 -0.00493158 -0.00149969 -2.99458e-05 0.0268905 -0.00140942 
-0.00258773 -0.00237494 -0.000519819 -0.0128578 -0.00934622 -0.00419888 -0.0186991 0.000595711 0.0139655 -0.0010357 -0.00941336 0.00161545 -0.00360202 -0.00168121 0.00166555 -0.00130422 0.000444497 0.00285423 0.00941314 -0.00221658 -0.000358693 -0.00611319 -0.00413089 -0.0132091 0.00807361 -0.0141167 -0.00179743 -0.000412434 0.0037055 0.000263445 -0.000316699 -0.00033449 -0.0149192 0.116546 0.000835189 0.00114987 9.14518e-05 -0.00270796 0.00482128 -0.0014917 0.00805745 0.000773747 -0.00190972 -0.00199178 0.00202397 -0.00147453 0.00176176 -0.000931391 -0.00186075 -0.00151802 0.00126635 -0.00805968 -0.000280064 -0.00430843 0.00216001 -0.000744228 0.00359026 -0.000758459 -0.00143266 0.00518305 0.00139161 0.000264343 -0.00137255 0.00101856 0.000679076 -0.00332881 0.00183561 -0.00066277 -8.3808e-05 0.000653417 0.00105457 -0.000759445 -0.00248111 -0.0031059 0.00561579 -0.00969466 -0.00875174 0.00102278 -0.005094 -8.04151e-05 -0.00140319 0.00290043 -0.000492527 -0.00388335 0.00718366 0.00280241 -0.000380569 -0.00364113 -0.00240628 -0.00300613 -0.000894083 -0.00195016 0.00196342 -0.000949329 0.000366181 1.61898e-05 -0.0018367 -0.00606492 -0.00325684 0.000970857 
