0.110802 0.00647948 -0.00204156 -0.000323908 -0.00520655 -0.00125538 -0.000843347 0.00359534 -0.000253636 -0.00385348 0.00662065 -0.00477996 -0.000716548 0.0189138 -0.0180852 0.00326191 -0.0142723 -0.00366852 -0.00283031 -0.00475949 0.0109234 0.00161458 0.00958996 -0.0116429 0.0147027 -0.00760775 -0.00590994 -0.00079203 -0.00557458 -0.00278905 -0.0115713 -0.00321384 0.00198275 0.0108488 -0.00446138 -0.00480244 -0.00756347 -0.00419824 0.00475279 8.86027e-05 -0.00523865 0.00705243 -0.000635246 -0.00146485 0.00483435 -0.0039475 -0.00125929 0.00600161 0.00666201 -0.00231612 0.00296009 -0.00306463 8.38286e-05 -0.00692919 -0.000268464 -0.00760177 0.00327065 -0.00327071 -0.00320904 -0.00295089 -0.00127556 -0.00347382 0.00534519 -0.00496475 -0.00051011 -0.000907971 -0.00425449 -0.0144168 0.000461518 0.00111119 0.00365894 -0.000948935 -6.97072e-05 -0.00150725 -0.000418317 -0.00241922 -0.00354485 0.00480701 0.00180931 -0.00221574 -0.00587237 0.00123757 0.00253134 -0.00708044 -0.000858042 -0.00433211 -0.00019256 0.00171528 -0.0041064 -0.00467394 0.00212883 -0.00389982 -0.000515348 -0.0032968 -9.88932e-05 -0.00346308 -0.000808368 0.000842578 -0.00411893 -0.0012725 
0.00647948 0.116645 -0.00327311 -0.00608227 0.000577775 -0.00484781 -0.00702597 0.00329681 -0.00456986 -0.00319667 0.0149297 -8.89755e-05 0.00389584 0.00387507 -0.00621234 0.00342634 -0.0130108 0.00860266 -0.0169428 0.00947516 0.00309007 0.0119454 -0.00701809 -0.0130378 0.01062 0.00771337 -0.00490175 0.00396982 -0.0124267 0.000705579 -0.00626152 -1.32558e-06 -0.00538932 -0.00129809 -0.00601878 -0.00108597 -0.00606235 -0.00745251 0.00144974 7.71734e-05 -0.00734984 0.0017788 -0.00126582 -0.00184387 0.00593321 -0.000810665 0.000717237 -0.00141349 -0.000576465 -0.00329241 0.00750035 0.0039924 0.000849398 0.00475684 0.00277416 -0.00903683 0.00208661 -0.00425778 -0.00600655 -0.00160879 -0.00612496 0.00203006 0.00848724 -0.00951874 -0.00246025 0.00102499 -0.00816875 -0.0169095 -0.00210009 0.00182721 0.00409153 -0.00841605 -0.00174398 -0.00562021 -0.00085952 -0.00232626 0.000355534 -0.000353255 -6.91502e-05 -0.00124432 -0.00527274 -0.00287471 -0.0035541 -0.00450402 -0.00302878 -0.00343492 -0.0023637 0.00112392 -0.0037994 0.00338979 -0.00621122 0.000502377 -0.00427758 -0.00323527 -0.000685136 0.00713198 0.000955544 0.00689379 0.00391736 -7.14839e-05 
-0.00204156 -0.00327311 0.0409922 -0.000612509 -0.00256329 0.00101229 0.00181096 0.00141364 -0.000232305 -0.00371513 -0.00365492 -0.000813595 0.00446204 -0.00458977 -0.000369864 0.00145389 0.00139924 -0.000249506 0.000731649 0.000129986 0.00102918 -0.00696622 -0.00638821 -0.0035266 -0.00789329 -0.00407591 -3.4701e-05 0.000884976 0.00883205 -0.000361945 -0.00531465 -0.00191924 -0.000960802 2.85363e-05 -0.00179953 -0.000285644 -0.00135132 -0.000299858 0.00169266 0.000371885 0.00114096 -0.00097495 0.000527381 0.000475483 -0.002379 0.00157814 -0.00166716 0.000534233 -0.000779571 -0.000610739 -0.00519466 -0.00602233 0.00133281 -0.000111193 0.000397075 -0.000944541 6.37594e-05 0.00137144 0.00015923 -0.00109639 0.00218928 -0.000805904 -0.00366798 0.00698316 0.00388382 0.00412288 -0.00115809 0.00177965 0.000242219 -2.26948e-05 -0.000870347 -0.00164996 -0.000374767 -0.000366182 0.00243902 -0.00101753 -0.00189971 0.00283825 -0.00054283 -2.40262e-05 -8.40714e-05 1.05997e-05 -0.0036061 0.00144968 -6.96e-05 -0.000191112 0.00137327 0.00177865 -0.00164517 -0.00138306 0.000791246 -0.0018502 -0.00254966 -0.000759828 0.00519094 -0.000385166 -0.000717488 -0.00123479 0.000767695 0.000284278 
-0.000323908 -0.00608227 -0.000612509 0.0833506 1.91633e-05 0.00445236 0.00113791 -0.00510115 0.000779023 -0.00141338 -0.00654106 -0.00576009 9.27904e-05 -0.0138973 -0.00452298 0.00254878 0.0102878 0.002015 -0.00182639 0.00115061 0.00149916 -0.00558286 -0.0202086 -0.00681069 -0.00611959 0.00663902 -0.00426646 0.00300007 0.00277773 0.000843985 -0.00201737 0.000729397 -0.00230237 -0.0118065 0.000489449 -0.00416964 0.0076792 0.000884946 1.93769e-07 0.000994782 0.000286092 -0.0043639 -0.00033145 0.000217247 0.000528878 -0.000722494 -0.00125848 0.00160666 -0.00269048 0.000739211 -0.00475918 -0.00182114 -0.0013615 0.00295724 -5.98149e-05 -0.00363065 -0.000246731 0.00174643 0.00698749 -0.000596573 0.00442673 -0.0022004 -0.00184323 0.00128905 -0.00252125 0.00279339 0.00149049 0.00182246 -0.000398757 0.00253846 0.000256972 0.00311825 0.00052667 -0.0011456 -0.00193807 0.0012975 -0.00339822 -0.00315648 -0.000466816 -0.000943517 -0.00243284 -0.00044871 -0.00541027 -0.00156965 0.00164713 -0.00304423 0.000276012 0.00402357 -0.000265924 -0.000958397 -0.000132486 -0.00416211 0.00245927 -0.00228073 8.96016e-05 -0.00111442 -0.002138 -0.000453359 -0.000661105 -0.000204773 
-0.00520655 0.000577775 -0.00256329 1.91633e-05 0.113748 -0.00114729 0.00228255 -0.00244747 0.00286357 -0.00476741 0.00310457 -0.00139825 -0.00309604 -0.00733951 -0.00273933 -0.00129157 0.00541508 -0.0125256 0.00634195 0.0231653 -0.0207474 0.0122658 -0.00773413 0.000167216 -0.0155761 0.0115272 -0.00154955 -0.00278382 -0.0158769 0.00320856 -0.00675409 -0.0069136 -0.00598937 -0.0126645 0.00136595 -0.00379698 0.000350387 -0.00153888 -0.00485866 -0.000324125 -0.00257361 0.00214859 -0.00179915 -0.00103738 -0.0146658 0.00381784 0.00112573 0.000530554 0.00258569 0.00829742 0.00149314 -0.0120723 0.00119689 -0.00467096 0.00290848 -0.00261417 0.00466126 0.00505244 -0.00488385 0.00401838 -0.000162238 -0.000369572 0.00363167 -0.00974396 -0.00339877 -0.000228132 -0.00267344 -0.00291845 -0.000732202 0.00184036 -0.00473893 0.000136031 -0.00121183 -0.00370846 -0.00294018 -0.000236896 -0.000199649 -0.00522617 -0.00207427 0.000695414 -0.00299588 -0.00290798 0.0027608 -0.00114093 0.00596569 -0.0056113 -0.000197105 -0.005534 -0.0020822 -0.000245752 -0.00383743 0.00485904 0.0115079 0.00169674 -0.00498335 0.00546519 -0.00108974 -0.000785677 0.00391408 0.00120922 
-0.00125538 -0.00484781 0.00101229 0.00445236 -0.00114729 0.0727978 0.000895204 -0.00272418 0.00226253 0.000652994 -0.00322293 -0.000542197 0.00130877 -0.00698503 -0.00116012 0.00070698 -0.000831246 -0.00127316 0.00107142 -0.00428023 -0.0063998 0.000725879 -0.0101578 0.0086222 -0.0147776 0.00542526 -0.00373932 -0.000517924 -0.00453352 0.00253685 0.00257254 -0.00758126 -0.00167441 -0.00348165 -0.000596116 -0.00283716 0.000967974 -0.00151035 -0.00158389 0.000951775 -0.00111062 -0.00252173 -0.000100676 0.000380787 -0.00240535 -0.000673704 -0.00123279 -0.000417937 -0.00111044 -0.000725843 0.000448267 -0.00144343 0.000414774 -5.14131e-06 0.00262063 -0.00110272 -0.00201919 0.00214488 0.00368748 0.00111626 -7.23121e-05 -0.00138496 -0.0054834 0.00466768 -0.00273022 -0.000801066 -0.000897946 0.0101761 -0.000686561 -0.00375966 -0.00277151 -0.000680241 -0.00167295 -0.00012969 0.000818253 0.00173073 -0.00181355 0.00692952 0.000116989 0.00350511 0.00150798 0.000266033 -0.00785979 -0.000158892 -0.000445251 -0.00439397 0.000758765 -0.000607543 -0.00126336 -0.00284596 0.00233214 -0.00466619 0.000311018 0.000539383 0.00310884 -0.00196346 0.000448839 -0.00395078 -0.00161937 0.000195223 
-0.000843347 -0.00702597 0.00181096 0.00113791 0.00228255 0.000895204 0.0814458 -0.00262048 0.00177924 -0.000515448 -0.00500112 0.000581211 0.000327591 -0.00589836 -0.00249109 -0.00131065 -0.00411169 -8.43864e-05 0.00577099 0.00209555 -0.0144879 -0.0143758 -0.000454426 -0.000828108 -0.0155691 -0.000765412 0.00658943 -0.00134409 -0.00477915 -0.000748079 -0.00454917 -0.00447653 0.00329529 -0.00244907 -0.00146308 0.000632795 0.0107259 0.00770443 -0.00190377 -2.64018e-05 0.00321369 -0.00149946 0.00082731 -0.000676368 -0.00650294 0.00318759 -0.00553862 -0.000135768 -0.0033631 -0.000180403 -0.00532347 -0.00824266 -0.000232036 -0.004957 0.000323142 0.00440494 -0.00177688 -0.00214558 -0.00160871 0.00588974 0.0019668 -0.00183064 -0.00468167 -0.00612457 -0.000558701 1.45968e-05 0.00257945 0.00914484 -0.000184608 -0.000436814 -0.00148252 5.5439e-05 -0.00245496 0.00252687 -0.00291861 -0.000323607 -0.00304251 -0.00189015 0.00204469 0.00123787 0.00381748 -0.00127294 0.00477653 0.00150288 0.00049336 0.000703858 0.0015936 0.000125939 -0.00348629 -0.00184041 -0.00141225 -0.00305593 0.00109298 0.00138059 -0.000749449 -0.00222492 -0.00257339 -0.00280632 0.00600006 -0.000322174 
0.00359534 0.00329681 0.00141364 -0.00510115 -0.00244747 -0.00272418 -0.00262048 0.0863557 -0.00217216 -0.00282728 0.00518031 -0.001606 0.00845096 0.00330819 -0.00585857 0.0011002 -0.00435341 -0.00379509 -0.0127391 0.00456874 0.00383248 -0.00902372 0.00307644 -0.015368 0.0103572 -0.00688714 -0.00092602 -0.00125264 -0.00584408 -0.00275493 -0.00338251 -0.00963822 -0.000600021 0.010234 -0.00100159 -0.000566734 -0.00312469 -0.00317308 -0.0012121 0.0013173 -0.00307989 0.000672066 8.71532e-05 -0.000984856 -0.000469909 -0.000729599 0.00404124 -0.00115691 0.0020422 -0.00169562 -0.00210682 -4.67983e-05 0.00569148 1.38237e-05 6.4411e-06 -0.00266975 0.00183848 -0.00301411 0.00194914 -0.00272343 -0.00427459 -0.00156516 -0.00139311 0.00493955 -0.00127245 -0.00282697 0.00195573 -0.0092881 0.00170963 -0.00129939 -0.00340581 -0.0012285 -0.00113199 -0.000766542 -0.00155371 -0.00164449 0.003111 -0.000363291 -0.000264391 -0.00101618 0.000233785 0.00177072 0.000616897 -0.00241984 -0.000661205 -0.00362927 0.00032686 -0.000327897 -0.00229441 -0.0035985 0.00243559 -0.00158416 -0.00242509 -0.00283009 0.00108501 0.00277439 -0.00174479 0.00135648 -0.000245726 -1.12884e-05 
-0.000253636 -0.00456986 -0.000232305 0.000779023 0.00286357 0.00226253 0.00177924 -0.00217216 0.109634 -0.00715915 -0.00782135 -0.00668153 -0.00454477 -0.0101197 0.0116676 0.000662376 0.0193254 -0.0139441 -0.00571043 0.0110441 0.00446893 -0.0234451 -0.0233251 0.00388362 0.00121539 -0.00153638 -0.00469953 -0.0019821 0.015638 0.000318807 0.0120922 -0.0032499 0.00123756 0.000607337 -0.000451951 0.00759213 0.00082541 0.000953094 0.00159398 -0.00115841 -0.00443715 -0.00837119 -0.0015499 -0.000970989 0.00388015 0.0151907 -0.00130992 0.00487938 0.00484022 0.000396206 -0.015908 -0.0139854 -0.000390963 -0.00360101 -0.00172131 -0.00248476 -0.00144218 0.00189897 0.00588231 0.0049933 0.00261884 -0.00242456 -0.00286142 -0.00408793 0.00178883 -0.00366614 0.00401081 -0.00366135 -8.73973e-06 -0.00234095 -0.00453769 0.000900385 -0.00155142 -0.00397328 0.00176417 0.00199807 -0.00587511 -0.00657272 -0.00259292 -0.00177244 0.000657116 -0.00685574 -0.00568657 -0.00636332 -0.000879184 3.0252e-05 0.000321354 -0.00506042 -0.000768713 -0.0017777 -0.00110976 -0.00208693 0.00162422 -0.00125961 -0.00444515 0.00696445 -0.00490443 -0.00308519 -0.00633028 0.000686164 
-0.00385348 -0.00319667 -0.00371513 -0.00141338 -0.00476741 0.000652994 -0.000515448 -0.00282728 -0.00715915 0.115648 0.00473842 0.00148913 -0.00396658 0.00413085 -0.00379375 -0.00414884 -0.00120023 -0.0137244 -0.00790387 -0.00341733 -0.0114646 -0.00171652 0.0178045 0.0074803 -0.00713793 -0.0124823 0.00243062 -0.00400113 -0.0139032 -0.000824919 -0.00442111 0.0042538 0.00486456 0.00752789 -0.000370689 -0.00690203 -0.00121949 -0.00372211 -0.00396398 5.38408e-05 -0.00797788 -0.00320512 -0.000456307 0.00141244 -0.00550006 -0.00636658 -0.00400571 0.0014283 -0.00412063 0.000487906 0.0131713 0.0194865 -0.00240783 0.000768851 -0.000456864 -0.00111951 -0.00197473 -0.00436425 -0.00378728 -0.00216148 -0.00347468 -0.00335737 -0.00475407 -0.00968695 0.00120904 -0.00621311 -0.00295855 0.00170849 -0.0005014 0.00178668 0.00452888 0.00401887 -0.00158446 -0.00172576 0.00980839 -0.000709956 0.00262498 -0.00300876 0.00415771 -0.00298692 -0.00321613 -0.000821628 0.00650263 0.00316209 -0.00130517 0.00509599 0.000229907 -0.00391268 0.00603345 0.0013561 -0.00270091 -0.0095302 0.00155907 -0.00111385 -0.000630859 -0.00461354 -0.0021707 -0.00437189 8.16292e-05 -0.00070722 
0.00662065 0.0149297 -0.00365492 -0.00654106 0.00310457 -0.00322293 -0.00500112 0.00518031 -0.00782135 0.00473842 0.146474 -0.00797469 0.00394923 0.0273496 -0.00475036 -0.00133938 -0.0222931 -0.0122628 0.0053719 0.00488447 0.00185533 0.0351103 -0.0155862 -0.019917 0.0339845 0.00692551 -0.0127861 -0.00754605 -0.0187403 -0.000688823 -0.0166768 -0.020612 5.50766e-05 0.00367151 -0.00189872 -0.00287109 -0.00330114 -0.00993965 0.000576049 -0.00209312 -0.00809269 0.00806366 -0.00123873 -0.00250146 -0.0146458 -0.00700269 -0.00232639 -0.000774793 -0.00493091 -0.0062467 0.0140259 -0.000988 0.0142035 0.00185078 0.0047626 -0.00667033 0.00184354 0.00275333 -0.00911243 -0.00364427 -0.00410173 -0.000547734 0.00156568 -0.018833 -0.00682316 -0.00176122 0.000949073 -0.0178783 -0.00163884 0.00224562 0.000600428 -0.00614862 -0.0025177 0.0014999 0.00611373 0.00148401 0.00102611 0.0205887 -0.00102591 0.00211261 -0.00611568 -0.0146527 0.00426759 -0.00822061 -0.000281443 -0.00683546 -0.00014222 -0.0012729 0.00495917 -0.00953686 0.00157054 -0.00130732 -0.000784384 0.00691146 0.00364178 -0.00558505 -0.00713004 -0.00955535 -0.00325471 -0.000176166 
-0.00477996 -8.89755e-05 -0.000813595 -0.00576009 -0.00139825 -0.000542197 0.000581211 -0.001606 -0.00668153 0.00148913 -0.00797469 0.116867 -0.00341494 -0.0119197 -0.00232912 0.000133579 0.021769 0.0107975 -0.00316846 -0.000830649 -0.00857697 -0.0214252 0.0210842 -0.0147961 -0.0216743 -0.0198208 -0.00332033 0.00962127 -0.000444807 0.000290228 0.00224578 0.00304269 -0.0106186 0.00266479 -0.00817747 -0.00525597 0.00100652 0.010218 -0.00462472 -4.59819e-05 0.0114721 -0.0046081 0.000232607 5.5835e-05 0.00142532 -0.000931938 -0.00155862 -0.00255229 -0.00284747 0.000784132 -0.0116562 0.00449654 0.00155676 -0.00233305 -0.00538727 0.00331418 -0.00187211 -0.00221203 -0.000330756 -0.0052787 -0.0065169 0.00158613 -0.00788291 0.00385301 -0.00431699 -0.00104326 -0.00145767 0.0195482 2.19861e-05 0.00127799 -5.01578e-06 0.00340692 -0.00114696 0.0052748 0.00298837 -0.00355339 0.00348633 -0.000419708 -2.86516e-05 -0.00244216 -0.00207955 0.0133153 -0.0149035 -0.0011321 0.000194686 0.00102065 -5.68681e-05 -0.00227139 -0.00365864 -0.00790315 -0.00610698 0.00126108 -0.00389016 0.00126349 0.00157952 -0.00425368 -0.00090366 -0.00136755 0.00411825 -0.000346124 
-0.000716548 0.00389584 0.00446204 9.27904e-05 -0.00309604 0.00130877 0.000327591 0.00845096 -0.00454477 -0.00396658 0.00394923 -0.00341494 0.137674 0.00194633 -0.00817706 -0.00260984 -0.00475774 -0.00899758 -0.00720063 -0.0109924 0.0110298 0.00346434 -0.0205934 -0.00896766 -0.000635438 -0.0138911 0.0072761 0.00208818 -0.00806638 0.000983566 -0.0142761 -0.0103467 -0.00531137 0.00204768 -0.00444937 0.00246769 8.95841e-05 -0.00975725 4.33945e-05 0.00123738 -0.0040784 -0.0108046 0.000560596 0.00109511 0.00210392 -0.00389993 0.00696649 -0.00380458 -0.00168154 -0.00340202 0.00680502 0.00956464 -0.00311752 -0.00328135 -0.00336776 -0.00875029 0.00159601 0.00302263 0.00321179 0.000685359 0.000986055 -0.00294949 0.00453913 -0.00426198 -0.00145955 0.00522702 -0.00119494 -0.00946985 -0.00168237 -0.00516943 -0.00632596 -0.00288583 -0.000203573 -0.00568659 0.0110809 -0.00133723 -0.00026898 0.00524229 0.00149061 -0.000783959 -0.00304941 0.00166562 -0.00378739 -0.00703303 -0.000929714 -0.00246786 -0.00134018 0.00299755 -0.0012462 -0.00913967 0.00498891 0.00540341 -0.00470699 -0.00103589 0.00109671 0.00159682 -0.00379255 0.00989583 -0.00173256 0.000240467 
0.0189138 0.00387507 -0.00458977 -0.0138973 -0.00733951 -0.00698503 -0.00589836 0.00330819 -0.0101197 0.00413085 0.0273496 -0.0119197 0.00194633 0.218008 -0.0171246 -0.00787699 -0.0558739 -0.01858 0.0138114 -0.00723928 0.00487602 0.0429689 0.0326895 -0.0143694 0.0213071 -0.0101764 0.00438411 -0.00866965 -0.00586137 -0.0104247 -0.0133206 -0.0188129 0.00677304 0.0119464 0.00351429 -0.00789078 -0.0159083 -0.0176093 0.000889303 -1.66925e-06 -0.0134186 -0.00126445 -0.00200102 0.00123067 0.00277968 -0.00541254 -0.00599523 0.00569195 0.00685328 -0.00806574 0.0173369 0.00446335 -0.00766046 -0.00861768 0.00746283 -0.00369455 -0.000958085 -0.0099342 -0.0103596 -0.00463397 -0.0133845 -0.00601481 0.00501839 -0.0192179 -0.00240193 -0.0124426 -1.16201e-05 -0.031865 -0.00076086 -0.00652091 0.000482189 -0.00972893 0.00454158 -0.0127724 -0.00469783 0.000176596 0.0151771 0.0170163 0.00133841 -0.000581775 0.00622658 -0.00162941 0.011209 -0.00471247 -0.00183609 -0.00445683 -0.00243107 -0.000418761 0.00517044 -0.0186841 0.000445735 -0.00145878 0.00584415 0.00481906 0.00580593 -0.00797778 0.00461513 -0.00276584 -0.0149152 -0.000204195 
-0.0180852 -0.00621234 -0.000369864 -0.00452298 -0.00273933 -0.00116012 -0.00249109 -0.00585857 0.0116676 -0.00379375 -0.00475036 -0.00232912 -0.00817706 -0.0171246 0.162397 -0.00198193 0.00970061 -0.00449325 0.00457938 -0.008695 -0.0160142 0.00157996 -0.0242396 0.00453093 0.00457948 0.0039778 -0.0237206 -0.00202358 0.0103127 0.00305077 0.00619038 0.00303061 -0.00811639 -0.00296203 0.00135647 -0.00519225 0.0132424 0.0119366 0.00323858 5.29266e-05 -0.00502789 -0.00646748 0.0021385 -0.00206398 -0.00284377 0.00449846 -0.00343952 -0.00373336 0.00125219 -0.00495452 -0.00961997 -0.00255477 0.00419531 0.00353416 -0.00228872 0.00320878 -0.00350081 0.00266444 -0.00522249 0.00454797 0.00272614 0.00298221 -0.00453389 0.00141006 -0.00257487 -0.00334507 0.0110951 -0.00851712 -0.000947759 -0.00370401 -0.00428756 -0.00282192 0.00271752 -0.00074472 -0.00102032 0.00334181 -0.00603189 -0.0159771 -0.000842191 -0.00117193 0.00631847 0.002805 -0.0156375 0.00249387 0.000856988 0.000199446 -0.0003854 0.00289809 0.00659501 0.00391518 0.00258798 -0.00540176 -0.00337637 0.000528098 -0.00219125 -0.00115218 -0.00357981 -0.00693695 -0.013973 0.000989649 
0.00326191 0.00342634 0.00145389 0.00254878 -0.00129157 0.00070698 -0.00131065 0.0011002 0.000662376 -0.00414884 -0.00133938 0.000133579 -0.00260984 -0.00787699 -0.00198193 0.0641987 -0.00722686 0.00394724 -0.00311444 -0.00027299 -0.00320966 0.00146364 -0.00522438 -0.0106896 -0.00660576 -0.00366059 -0.00659941 -0.000468667 -0.00174594 -0.000751386 -0.00181976 -0.00265176 0.00122745 0.00287603 -0.00251086 0.00248253 -0.00282239 -0.00280922 -0.000152696 0.000804474 -0.00153661 -0.000439623 -6.81165e-05 -0.00149493 0.00231005 -0.00230024 -4.00952e-05 0.00187183 0.00153415 -0.00235816 -0.0018201 -0.0043641 0.00361611 -0.00270478 0.00122857 -0.00288713 0.00103177 0.000978404 -0.00285782 0.00459597 0.000428894 0.000171997 0.000517563 0.00360906 0.0037808 0.00231826 -0.00299607 -0.000407055 -0.000314294 -0.000603454 -0.000189596 -0.000583588 0.00132306 0.00269377 -0.00166354 0.00120377 -0.000174618 -0.000397112 -0.000749232 0.00234065 -0.000600288 -0.00088433 -0.00463766 0.000395648 0.00118899 -0.00108847 0.00232344 0.0010496 0.00160537 -0.000690006 -0.00174128 -0.00258508 -0.00151574 -0.00207294 0.00199999 2.24965e-05 0.000891365 -0.00259842 -0.00327155 0.000205901 
-0.0142723 -0.0130108 0.00139924 0.0102878 0.00541508 -0.000831246 -0.00411169 -0.00435341 0.0193254 -0.00120023 -0.0222931 0.021769 -0.00475774 -0.0558739 0.00970061 -0.00722686 0.248878 -0.000256509 -0.0213995 0.0348415 -0.0035552 -0.0605019 -0.0142648 0.0141992 -0.00744719 -0.0384491 0.0178668 -0.00217324 0.0419618 0.0050461 -0.00603657 0.0252699 -0.00663388 -0.0152466 -0.0110277 -5.26053e-05 0.0058393 0.00124483 0.00103729 0.00234719 0.00645709 -0.0118988 0.000188158 0.00586894 -0.0252525 0.00270232 -0.00348324 0.0109647 -0.012471 -0.000490544 -0.0399861 -0.0282746 0.00166739 0.0195068 -0.00608877 0.0101643 -0.0050661 0.00381125 0.0258626 -0.0119391 -0.00392114 -0.00607445 -0.0206602 0.014484 0.00103857 0.00353701 0.00855628 0.0200318 0.00246275 -0.00439903 0.00255881 0.00889493 -0.00367064 -0.00520744 0.0140063 -0.00720845 -0.0178482 -0.0114921 0.00259999 -0.00727998 -0.00310726 -0.00223548 -0.022984 -0.00651045 0.000216624 -0.00176666 -0.00214105 -0.0036768 -0.0100079 -0.000235527 -0.0112289 0.00199171 -0.00974982 -0.0036171 -0.00748469 0.00443567 -0.0105276 -0.00803256 0.013575 -0.00101822 
-0.00366852 0.00860266 -0.000249506 0.002015 -0.0125256 -0.00127316 -8.43864e-05 -0.00379509 -0.0139441 -0.0137244 -0.0122628 0.0107975 -0.00899758 -0.01858 -0.00449325 0.00394724 -0.000256509 0.166435 -0.00252046 -0.011002 0.0022271 -0.0097033 -0.0058996 -0.0343462 -0.0136681 0.00626264 -0.0152261 0.00763549 0.00846587 0.004501 0.00287115 -0.00906615 -0.00129554 -0.011112 -0.00881276 0.00325362 0.00313062 0.0143496 -0.00346901 -0.00120058 4.75911e-05 -0.000384445 0.000421695 -0.00446237 0.00292008 -0.00570363 -0.00716973 -0.0058667 -0.00220742 0.00179362 -0.0178351 -0.00236605 0.00396258 0.00127408 -0.00373197 0.000801353 0.000956593 -0.00288739 -0.00366052 -0.0050861 -0.0027186 0.00270944 -0.00656159 0.00321574 -0.00407886 0.0114698 -0.00550301 0.00939301 -0.00211532 0.00220503 0.0163235 0.000583213 -0.00189765 0.00938706 0.00231163 -0.00191798 0.00453789 0.0122891 -0.000132549 -0.00207223 -0.00578847 0.012895 0.000969582 0.00622436 -0.0041414 -0.0130618 0.0013651 0.00994415 -0.00523239 0.00129712 0.00323422 -0.00627227 -0.0108498 -0.00390038 -0.00147631 -0.0017912 0.00443702 -0.0110054 0.00351853 -0.00192721 
-0.00283031 -0.0169428 0.000731649 -0.00182639 0.00634195 0.00107142 0.00577099 -0.0127391 -0.00571043 -0.00790387 0.0053719 -0.00316846 -0.00720063 0.0138114 0.00457938 -0.00311444 -0.0213995 -0.00252046 0.215425 -0.011225 -0.00769793 -0.0196338 0.0138455 -0.0109034 -0.0309345 0.013604 0.00362384 -0.00186495 0.00859139 -0.0106977 -0.00203802 -0.0123988 -0.00464713 -0.0160417 -0.0070663 0.0057102 0.000262266 0.00737223 -0.00252192 -0.00246959 0.00552217 0.010378 0.00080047 -0.00158774 -0.0164393 -0.00246145 -0.0104946 -0.0115184 -0.00469514 -0.00339528 -0.0063771 -0.0150662 -0.00912005 -0.0074713 -0.000497526 0.00381409 -0.00359532 -6.14791e-05 0.00626184 0.003727 0.0123939 -0.00381578 -0.0138821 -0.000465312 -0.00766214 0.0045301 -0.0014895 0.0241471 0.000403804 -0.00125191 0.00532765 0.006241 -0.000510407 -9.96823e-05 -0.00188151 -0.00116734 -0.00852067 0.0146482 -0.00152942 -0.00106986 0.00739149 -0.00998493 0.00944566 0.00206359 0.00353604 -0.00446107 -0.000541968 -0.00164025 -0.00457922 -0.0161183 -0.0026365 -0.00528562 0.00635524 0.00496485 -0.00288421 -0.0153812 -0.00709265 -0.00817953 0.0011521 0.00119138 
-0.00475949 0.00947516 0.000129986 0.00115061 0.0231653 -0.00428023 0.00209555 0.00456874 0.0110441 -0.00341733 0.00488447 -0.000830649 -0.0109924 -0.00723928 -0.008695 -0.00027299 0.0348415 -0.011002 -0.011225 0.191015 -0.0213006 -0.0112526 -0.0279347 0.0132489 -0.00550336 -0.0146262 0.00337035 -0.00453586 0.016682 0.00679111 -0.00354284 -0.00126195 -0.00576568 -0.0122842 -0.0181365 -0.0106366 0.00609277 -0.00531105 -0.0045276 -0.00132035 -0.0036144 -0.0109334 -0.00157281 -0.00107458 -0.0175175 0.00439114 -0.00674181 0.00807272 -0.00180819 0.00106436 -0.0226995 -0.0154882 0.00779271 -1.41751e-05 0.000722257 -0.00856429 0.00301875 0.00384114 0.00747283 0.00223803 -0.00166886 -0.000788705 -0.000438966 -0.00924254 0.0110903 -0.00341375 0.00327543 -0.00675137 0.000600403 0.0015388 0.00112663 -0.00371669 -0.00277765 0.00112107 0.00788786 -0.000377186 -0.00569968 -0.00712991 -0.00373088 0.000699946 -0.00146378 -0.0122993 -0.0030443 -0.00434528 0.00211034 -0.00471892 0.00119729 -0.00555097 -0.0102536 -0.000982177 -0.00393243 0.003267 -0.000237652 -0.0021962 -0.00409949 0.0153031 -0.0112429 -0.00751541 0.00236808 -0.000453896 
0.0109234 0.00309007 0.00102918 0.00149916 -0.0207474 -0.0063998 -0.0144879 0.00383248 0.00446893 -0.0114646 0.00185533 -0.00857697 0.0110298 0.00487602 -0.0160142 -0.00320966 -0.0035552 0.0022271 -0.00769793 -0.0213006 0.217974 0.0133839 -0.0118077 -0.020893 0.0369696 -0.00221756 -0.0113182 -0.00530599 0.0227977 -0.0213268 0.00643936 -0.00675762 -0.0115468 -0.00954872 -0.0122503 0.00337964 -0.00646966 -0.00737374 -9.07403e-05 0.000218251 -0.00781186 -0.00127442 -0.00236979 -0.00451891 0.0216854 0.00973154 0.00237685 -0.0070357 -0.000254623 -0.00818523 -0.0127668 0.0142482 -0.00693358 0.00323542 -0.00404456 -0.01199 -5.47621e-05 0.00370335 0.000639413 -0.00898779 0.00323181 -0.00841015 0.00219483 0.00433639 -0.00928155 0.010389 0.0148301 -0.0199444 -0.00337298 -0.00420309 0.00361354 -0.00424503 -0.00191011 0.0014152 -0.00667325 -0.00326157 -0.00596773 0.000555655 0.00245539 -0.00869066 -0.0145008 0.00976574 -0.00239108 -0.0158956 -0.00664216 -0.00748809 -0.00228362 -0.000756175 -0.000701564 0.00288434 0.00130565 0.00305047 -0.000210547 -0.00978871 0.00169381 0.00774734 -0.000867436 -0.00566647 -0.0101109 -0.00123049 
0.00161458 0.0119454 -0.00696622 -0.00558286 0.0122658 0.000725879 -0.0143758 -0.00902372 -0.0234451 -0.00171652 0.0351103 -0.0214252 0.00346434 0.0429689 0.00157996 0.00146364 -0.0605019 -0.0097033 -0.0196338 -0.0112526 0.0133839 0.244188 -0.000981031 -0.00310217 0.032321 0.0277812 -0.0310787 -0.020885 -0.044183 -0.00263293 -0.0139311 -0.0148197 0.00513589 -0.0105337 0.0148818 -0.0108803 -0.00229564 -0.0145429 -0.000423815 -0.00389843 -0.0125647 0.0145917 -0.00367332 -0.00376584 -0.0120091 -0.015336 0.00926233 6.62219e-05 -0.00474047 -0.00566858 0.0272332 -0.00530835 -0.00407018 -0.00948841 0.0138605 -0.0128266 0.00636835 -0.00230706 -0.0268765 0.00320398 -0.00689098 4.06664e-05 0.0136479 -0.0313857 -0.00952712 -0.00304344 0.00956699 -0.0269432 -0.00424529 -0.00196176 -0.00716589 -0.0112274 0.00299746 -0.00113996 -0.0139406 0.00180853 0.00857912 0.0146027 0.00184377 0.00744205 0.00273538 -0.00704814 0.0116333 -0.0117894 -0.00136375 -0.0107445 -0.00494519 0.00572596 0.0121105 -0.00449028 0.00804469 0.00497555 0.0139227 0.00142004 0.00335253 0.00867304 0.00209423 -0.0046075 -0.0179695 -0.0017538 
0.00958996 -0.00701809 -0.00638821 -0.0202086 -0.00773413 -0.0101578 -0.000454426 0.00307644 -0.0233251 0.0178045 -0.0155862 0.0210842 -0.0205934 0.0326895 -0.0242396 -0.00522438 -0.0142648 -0.0058996 0.0138455 -0.0279347 -0.0118077 -0.000981031 0.245228 -0.0254274 -0.0274655 0.00277658 0.00424917 0.00468411 -0.0300063 -0.00953024 -0.00105132 -0.0124588 -0.00253587 0.0258151 0.0103217 0.00222194 -0.0133886 -0.00285014 -0.00800282 0.00159601 0.00518954 0.0149979 0.000142897 -0.00138317 0.00754964 -0.00960645 0.00420378 -0.00849391 0.00320939 0.00734072 0.0256713 0.00131533 -0.0144361 -0.0108005 -0.00488556 0.00368833 -0.0042953 -0.0123983 -0.0101717 -0.00433866 -0.0098557 -0.00130897 -0.00624095 -0.00155904 -0.00340848 -0.0055907 -0.019384 0.0191321 0.00330858 0.00753816 -0.0024307 -0.00111881 0.000727259 -0.00489745 -0.00266693 -0.0112956 0.0133436 -0.00646022 0.000312449 -0.00133339 -0.0018132 0.00450615 0.00685558 0.00140987 0.00154324 -0.00179581 -0.000189945 -0.00699878 0.00201711 -0.0110193 -0.00395445 -0.00974751 0.00137887 -0.000677606 0.000995198 -0.0247529 0.0134699 0.0101822 -0.000539675 -0.00062664 
-0.0116429 -0.0130378 -0.0035266 -0.00681069 0.000167216 0.0086222 -0.000828108 -0.015368 0.00388362 0.0074803 -0.019917 -0.0147961 -0.00896766 -0.0143694 0.00453093 -0.0106896 0.0141992 -0.0343462 -0.0109034 0.0132489 -0.020893 -0.00310217 -0.0254274 0.244532 0.0124269 -0.000898913 0.0104843 -0.0193441 -0.00797491 0.00343741 0.0157098 0.0254 0.00077649 -0.0214543 0.00217563 -0.00801058 -0.00563321 -0.0101409 0.00143135 -0.00445898 0.00790312 -0.014293 -0.00168164 0.00518038 -0.0200519 -0.00217555 -0.00383096 0.00117234 -0.0101132 0.00497886 -0.0100445 -0.0052835 -0.00753485 -0.000792097 0.00356695 0.0100631 -0.00698067 -0.00241445 0.00289473 0.0016922 0.00266959 -0.00665306 0.000904067 0.00516831 0.00619006 -0.00994461 -0.00915182 0.00350297 0.0009605 -0.00913178 -0.0110308 -0.00801366 -0.000659895 -0.011018 -0.00683801 -0.00290537 -0.00512993 -0.0127983 -0.00158184 0.00195067 0.00674066 -0.0154215 0.0064516 0.00444933 0.00215522 0.0175445 -0.00463168 -0.00987711 -0.00809897 0.0105584 0.00523143 0.00903377 0.00492008 0.0034352 -0.0144799 0.00517086 0.00342458 0.0127294 0.00775 -0.00179448 
0.0147027 0.01062 -0.00789329 -0.00611959 -0.0155761 -0.0147776 -0.0155691 0.0103572 0.00121539 -0.00713793 0.0339845 -0.0216743 -0.000635438 0.0213071 0.00457948 -0.00660576 -0.00744719 -0.0136681 -0.0309345 -0.00550336 0.0369696 0.032321 -0.0274655 0.0124269 0.249823 -0.0173909 -0.0158589 -0.0103632 -0.0185869 -0.0109816 -0.0202707 0.00528193 0.00566097 0.0139492 0.00431881 -0.0200459 -0.0014076 -0.0214941 0.00736619 -0.00239976 -0.0145829 -2.12651e-05 -0.00272081 -8.20819e-05 0.00315531 0.00286157 0.00340513 -0.00385893 0.0046727 -0.0156556 0.0140538 0.00861301 0.00357348 0.00111064 0.000801826 -0.00125905 0.00464056 0.000417566 0.00605847 -0.00948384 -0.00508629 -0.00604246 0.021975 -0.00446623 -0.00695366 -0.0121912 0.0135885 -0.0383615 -0.00169708 -0.00473988 -0.00982932 -0.0145794 0.00610001 -0.0106487 -0.0127419 -0.00328244 -0.00764297 -0.00662061 -0.00122012 -0.00113794 -0.00129807 -0.0198241 0.0079168 -0.00590518 -0.0113966 0.00478932 -0.00542676 0.000579998 -0.000852352 0.00790511 0.00560456 0.00422128 -5.63385e-05 -0.00473616 -0.00929667 0.00979651 0.00246909 -0.0161056 -0.0137397 0.000156158 
-0.00760775 0.00771337 -0.00407591 0.00663902 0.0115272 0.00542526 -0.000765412 -0.00688714 -0.00153638 -0.0124823 0.00692551 -0.0198208 -0.0138911 -0.0101764 0.0039778 -0.00366059 -0.0384491 0.00626264 0.013604 -0.0146262 -0.00221756 0.0277812 0.00277658 -0.000898913 -0.0173909 0.249951 -0.0264423 -0.00774255 -0.0220273 0.00467654 0.0178082 -0.0183298 0.00792379 -0.0279585 -0.00436434 0.00389849 -0.00663797 0.00826405 -0.00995776 -5.16395e-05 -0.00590201 0.0076807 -0.0024482 -0.00342078 0.013666 -0.00354717 0.00715987 -0.00831847 -0.00439649 0.0079826 0.0215556 0.00244379 -0.00215005 -0.00705411 0.000385683 -0.00678583 -0.00229385 -0.0034975 -0.0144567 0.00781367 0.00997351 -0.00107831 -0.00615042 -0.0271732 -0.0186789 0.00525702 -0.0194628 0.00294729 -0.00310907 -0.000441335 -0.00200942 -0.00268218 -0.00960554 -0.0125888 -0.00596594 0.00205755 -0.00431149 0.00472127 -0.00459617 0.000605463 -0.00832133 -0.0099774 0.00788372 0.00254834 0.00160607 -0.0151748 -0.00346686 -0.0118031 -0.0034813 0.0221965 0.00377645 -0.0115811 -0.00449625 -0.000862682 -0.00154889 -0.0136552 0.00809553 0.0153583 0.00640337 -0.00278097 
-0.00590994 -0.00490175 -3.4701e-05 -0.00426646 -0.00154955 -0.00373932 0.00658943 -0.00092602 -0.00469953 0.00243062 -0.0127861 -0.00332033 0.0072761 0.00438411 -0.0237206 -0.00659941 0.0178668 -0.0152261 0.00362384 0.00337035 -0.0113182 -0.0310787 0.00424917 0.0104843 -0.0158589 -0.0264423 0.208782 0.00767617 -0.00040052 -0.00471986 -0.0216499 -0.00420478 0.00474992 0.00152635 -0.0035196 0.000190168 0.000235169 -0.00920953 -0.0021062 0.00118466 -0.00420777 -0.00169193 -0.00269026 -5.64201e-05 -0.0197289 -0.00784384 -0.00575285 0.00654852 0.00706212 0.00825925 -0.000510184 -0.0194791 -0.00613207 0.00909445 -0.00101694 0.0044094 -0.00309811 -0.00272275 0.018715 0.000427858 -0.00163042 -0.0055185 0.012023 -0.00918212 0.00138446 -0.000308445 -0.0096082 0.0121559 0.00130744 -0.00506146 -0.0108949 0.0127621 -0.00207629 -0.0149485 0.0107265 -0.00681789 -0.00424779 -0.0153068 -0.00149974 -0.00257876 0.00333974 -0.00119418 0.00237494 0.00246198 -0.00372582 0.0141228 -0.000214669 -0.00489517 -0.00458829 -0.00206538 -0.0120975 0.00236041 0.00145643 -0.00237579 -0.00391741 0.0143034 -0.00739946 -0.0109035 0.00694605 -0.000684747 
-0.00079203 0.00396982 0.000884976 0.00300007 -0.00278382 -0.000517924 -0.00134409 -0.00125264 -0.0019821 -0.00400113 -0.00754605 0.00962127 0.00208818 -0.00866965 -0.00202358 -0.000468667 -0.00217324 0.00763549 -0.00186495 -0.00453586 -0.00530599 -0.020885 0.00468411 -0.0193441 -0.0103632 -0.00774255 0.00767617 0.115207 -0.00489121 0.00175384 -0.0112385 -0.00395742 -0.00468239 -0.00494594 -0.0090804 -0.00184506 0.00641344 0.0052813 -0.0025916 0.000153891 0.00570676 -0.00561179 0.00168625 -0.000760984 0.0101624 -0.00498923 -0.00303285 -0.00200316 0.00272623 -0.000510337 -3.72522e-05 0.0148175 -0.00176641 -0.000488038 -0.00354136 0.00529713 -0.00226353 0.00216202 -0.00159925 -0.0017044 -0.0042569 0.00272054 -2.14268e-05 -0.00885823 -0.00283747 0.0059852 -0.00973839 -0.00878048 -0.000915975 0.00037983 0.00185611 -0.000388603 -0.000501542 -0.00194588 -0.00144671 0.000582699 -0.00287023 -0.000991765 -0.0023874 -0.00209858 -0.00247974 0.00216204 -0.00729028 0.0024821 0.000135622 0.0124153 0.000739633 -0.000553938 -0.00602797 -0.00147849 0.00135856 0.00434497 -0.00420085 0.00190951 0.000728381 0.000665954 -0.0016541 0.00231566 -0.00451326 -0.000333725 
-0.00557458 -0.0124267 0.00883205 0.00277773 -0.0158769 -0.00453352 -0.00477915 -0.00584408 0.015638 -0.0139032 -0.0187403 -0.000444807 -0.00806638 -0.00586137 0.0103127 -0.00174594 0.0419618 0.00846587 0.00859139 0.016682 0.0227977 -0.044183 -0.0300063 -0.00797491 -0.0185869 -0.0220273 -0.00040052 -0.00489121 0.205951 -0.00263807 0.00504744 0.0150453 -0.0105389 -0.0222874 -0.0193823 0.0117377 -0.0105914 -0.000538036 -0.00263724 0.000475277 0.00425036 -0.00366052 0.000765429 0.00420223 0.00371206 0.00595412 -0.0128336 0.0102221 -0.0096553 -0.00563518 -0.0345329 -0.0207878 0.00481677 0.00820103 -0.00190525 0.00558126 -0.00197481 0.00325517 0.00681886 -0.00382962 0.00646153 -0.00267815 -0.017619 0.0214514 0.00770452 -0.00275701 0.0173131 0.00137317 -0.00134543 -0.00432765 0.00649501 -0.00643551 2.43401e-05 0.00920609 0.0107531 2.49428e-05 -0.00465915 -0.0083713 -0.0085125 -0.00533067 -0.00478229 0.00822517 -0.00973087 -0.00468844 0.00225481 0.00513415 0.00157858 -0.000805123 -0.00358827 -0.00463213 -0.0103339 -0.00475633 -0.0115275 -0.00703226 0.00151268 0.00166572 -0.00381369 -0.0120022 -0.00314636 -0.00110256 
-0.00278905 0.000705579 -0.000361945 0.000843985 0.00320856 0.00253685 -0.000748079 -0.00275493 0.000318807 -0.000824919 -0.000688823 0.000290228 0.000983566 -0.0104247 0.00305077 -0.000751386 0.0050461 0.004501 -0.0106977 0.00679111 -0.0213268 -0.00263293 -0.00953024 0.00343741 -0.0109816 0.00467654 -0.00471986 0.00175384 -0.00263807 0.0759134 0.000386039 -0.0044995 0.000382642 -0.00442422 -0.00456589 -0.00219148 0.0028183 0.0067528 -0.00176856 0.000683633 -0.000565666 -0.000123201 0.00139323 -0.000740906 -0.00200702 -0.00145976 0.00114618 0.00188032 -0.000849417 0.00495534 0.00087442 -0.00612174 0.000626013 -0.00153259 -0.00110499 -0.00469384 -0.00128125 -0.000482078 -0.00386022 0.00426304 -0.000668666 0.00365799 -0.00308474 -0.00186211 -0.000315313 -0.0041857 -0.00465873 0.00218243 -0.000549468 0.0032014 -0.00269798 0.00121671 -0.00260006 -0.000186473 0.00372229 0.00154924 -0.00179497 0.00357631 -0.00144775 0.00217169 -0.00142376 -0.00110563 -0.00205903 -0.0015193 0.00033221 -0.00193795 -0.000875344 -0.00134626 -0.0027048 -0.000658 -5.22872e-06 0.0053529 -0.00381933 -0.000108891 0.000358596 -0.0030646 -0.00182983 -2.58138e-05 0.00307757 6.00492e-05 
-0.0115713 -0.00626152 -0.00531465 -0.00201737 -0.00675409 0.00257254 -0.00454917 -0.00338251 0.0120922 -0.00442111 -0.0166768 0.00224578 -0.0142761 -0.0133206 0.00619038 -0.00181976 -0.00603657 0.00287115 -0.00203802 -0.00354284 0.00643936 -0.0139311 -0.00105132 0.0157098 -0.0202707 0.0178082 -0.0216499 -0.0112385 0.00504744 0.000386039 0.19234 0.00587841 -0.00548521 -0.0120517 -0.0105382 0.00290208 0.00052513 -0.0025308 -0.00614712 -0.0015762 0.00961127 -0.00578579 -0.000298356 -0.0021492 0.0138034 0.00718076 0.00121249 -0.00586631 -0.00558164 0.00240447 -0.0119037 0.00174688 -0.00854103 -0.00679798 -0.0049006 -0.00309823 -0.00614339 -0.0034583 0.00410986 0.000759714 0.00325248 0.00469927 -0.00812697 0.009833 -1.44813e-05 -0.0110635 0.00162059 0.0178209 -0.000829099 -0.00471711 -0.00565206 -0.00415993 -0.00381713 0.00184874 -0.00727272 -0.000693932 0.00563043 -0.0104941 -0.00737809 0.000896442 0.00247121 -0.00164616 -0.0107613 0.00673592 -0.00147807 -0.00843667 0.00161144 -0.00298233 -0.00658541 0.00580611 -0.00276788 -0.00626334 -0.000647635 0.00438502 -0.00326042 -0.0025279 0.000398365 0.00756495 -0.00398584 0.00012713 
-0.00321384 -1.32558e-06 -0.00191924 0.000729397 -0.0069136 -0.00758126 -0.00447653 -0.00963822 -0.0032499 0.0042538 -0.020612 0.00304269 -0.0103467 -0.0188129 0.00303061 -0.00265176 0.0252699 -0.00906615 -0.0123988 -0.00126195 -0.00675762 -0.0148197 -0.0124588 0.0254 0.00528193 -0.0183298 -0.00420478 -0.00395742 0.0150453 -0.0044995 0.00587841 0.176136 -0.00160301 0.00996414 -0.00314036 0.00175614 -0.00529132 -0.00466685 0.00373294 -0.00310311 -0.00350546 -0.0105143 -0.00264466 0.000696685 -0.00612483 0.000329047 0.000430006 0.00202624 -0.00663424 -0.00383337 -0.0123675 -0.00981157 -0.0041694 -0.003091 -5.12631e-05 -0.00380194 -0.00235233 -0.00465528 0.00357321 -0.00692941 -0.000176666 0.00105376 0.00324616 -5.71691e-05 0.00177326 0.00762968 0.00126012 0.00259159 0.00135557 -0.00661066 -0.00412888 -0.0110849 0.000837519 0.00202996 0.0110922 0.00132046 -0.00191521 -0.00205917 -0.00222817 -0.00206539 0.00416116 -0.00611296 -0.00223296 0.00631953 -0.00316547 0.0180994 -0.00129433 -0.00399574 -0.00312906 0.00810984 -0.0096829 -0.00474204 -0.000273481 -0.00408004 -0.00724493 0.00301508 0.0016553 -0.00146728 -0.00859273 -0.000323966 
0.00198275 -0.00538932 -0.000960802 -0.00230237 -0.00598937 -0.00167441 0.00329529 -0.000600021 0.00123756 0.00486456 5.50766e-05 -0.0106186 -0.00531137 0.00677304 -0.00811639 0.00122745 -0.00663388 -0.00129554 -0.00464713 -0.00576568 -0.0115468 0.00513589 -0.00253587 0.00077649 0.00566097 0.00792379 0.00474992 -0.00468239 -0.0105389 0.000382642 -0.00548521 -0.00160301 0.113185 0.00268646 -0.00269188 -0.00167963 -0.00308133 0.00107008 -0.000936862 0.00093765 -0.00538414 -0.000693706 0.000302947 -0.000507695 -0.00410754 0.000603187 9.0474e-05 0.0014505 0.00471812 -0.00157457 0.00808754 -0.00799037 -0.00317065 -0.00754611 1.04282e-05 -0.00257699 -0.00142023 -0.00519297 -0.00774306 0.0013084 0.000376546 -0.00255758 0.00503703 -0.00705665 -0.0034523 -0.00282684 -0.00547915 -0.00393958 0.00189211 -0.00215146 0.00716007 0.00328193 -0.00351816 -0.00249867 -0.00344885 0.00449343 -0.00194949 0.00809187 -0.00079435 0.00355219 0.00198187 -0.00364478 0.00791162 0.00212632 -0.0026704 -0.00436497 -0.00151402 -0.0027462 0.00318293 0.00231819 -0.00189563 -0.00720533 -0.00539861 -0.00105487 -0.00145998 -0.0010049 0.00126813 -0.00892537 0.00243557 -7.27745e-05 
0.0108488 -0.00129809 2.85363e-05 -0.0118065 -0.0126645 -0.00348165 -0.00244907 0.010234 0.000607337 0.00752789 0.00367151 0.00266479 0.00204768 0.0119464 -0.00296203 0.00287603 -0.0152466 -0.011112 -0.0160417 -0.0122842 -0.00954872 -0.0105337 0.0258151 -0.0214543 0.0139492 -0.0279585 0.00152635 -0.00494594 -0.0222874 -0.00442422 -0.0120517 0.00996414 0.00268646 0.163012 0.00894942 0.00182511 -0.00803616 -0.00704205 0.00735257 -0.00226688 -0.00888479 0.00370804 -0.000990605 -0.000545893 0.0018387 -0.00282075 -7.21383e-05 -0.00430525 0.00756139 -0.00544203 0.00903267 0.00355738 0.00301653 -0.00741699 0.00198352 -0.00775176 -0.00440608 -0.00532219 0.000282136 -0.00289629 -0.00187917 -0.00111084 0.0025585 -0.00198375 0.00648838 -0.00852205 -0.00385385 0.00091345 8.82715e-05 0.00259103 -0.00508448 6.0041e-05 -0.00263127 -0.00372898 -0.00217695 -0.000575371 0.00114152 -5.44546e-05 -0.00265301 -0.00189038 0.00301168 -0.000608508 -0.00982201 0.000968834 -0.00274239 0.00604029 0.00215176 -0.00368204 0.0034621 -0.00380963 -0.00387426 -0.00901132 -0.00477988 -0.00217302 0.00743373 0.000657576 0.000447167 0.00158314 -0.010428 -0.000284949 
