0.0238469 0.00156526 -1.91068e-05 0.00130127 0.00030826 -0.000173556 4.63271e-05 6.67916e-05 -0.00114817 0.00174583 -0.00029651 -0.000385385 -0.00209256 -0.00154921 -0.00361217 0.00130643 0.000574526 -0.00185702 -0.00325191 -0.000369303 0.000326165 -0.000684076 -0.0014119 -0.00136442 -0.00188495 -0.000547895 -0.000904054 0.000742684 -0.00117273 0.000198644 -0.00120002 -0.000272075 -0.000806936 -0.000257913 -0.000430323 -5.89622e-05 -8.60818e-05 -0.00070091 -0.000131762 -0.000714186 -0.00193493 7.73193e-05 0.000112165 0.000305416 0.000351595 -0.0024598 -0.000948951 -0.00187154 -0.00065954 3.50704e-06 5.12574e-05 0.00156424 -0.00105047 -0.000493232 0.00230415 -0.00311297 -0.000680279 -0.000365354 0.000305045 0.00165216 -0.000776874 -8.55322e-05 -8.78674e-05 0.000191116 -0.000397916 0.00134742 0.000338115 -0.00216514 0.00100316 0.000234633 3.17345e-05 0.000724204 0.00117687 -0.000305475 -0.000432856 0.00011997 0.000181089 -0.000163845 -5.27086e-05 -0.000568115 9.27937e-05 0.000354853 0.000296693 0.000261265 -0.000111932 0.000258693 0.000656039 -0.000361855 3.961e-05 -0.000497282 -0.000822142 -0.0014659 0.00040229 7.29671e-05 0.00184876 8.4975e-05 -0.00069572 -9.90758e-05 0.0001813 0.00139686 
0.00156526 0.0569591 0.00106854 -0.00292507 0.00131166 -0.000320476 -0.000229243 0.00283087 0.00404957 -0.00642488 0.00184731 0.00152501 0.00160544 0.00155833 -0.00692758 -0.0036086 0.00122928 -0.00433288 -0.00168658 -0.00733191 -0.00277883 -1.99226e-05 0.000850852 -0.00517542 -0.00322613 0.000111925 -0.00704871 0.00157767 0.00118833 0.00852391 -0.00160942 0.00637911 6.89286e-05 -0.000446584 0.000766363 0.00106081 -0.000133409 -0.000486935 -6.56139e-06 -0.00229684 -0.00459166 -0.00257235 0.000323996 -0.00125374 -8.93707e-05 -0.0069571 -0.000634764 -0.00566665 0.00344468 -0.00183268 0.000404123 -0.00151601 -0.00158347 -0.00184686 -0.000474472 -0.00337359 -0.00514028 0.00140162 -0.00214216 -0.00258024 -0.00147462 -0.00163548 -0.00251389 0.00104394 -2.99029e-05 0.0017401 0.000667551 0.00507911 0.000282829 -0.000447103 -9.32284e-05 -0.00366528 0.00358225 -0.00184977 0.00270198 0.000173446 -0.000526506 -0.000180383 0.000105083 -0.00175061 0.00039107 -0.00113126 0.00101766 0.00101922 0.00230181 -0.00125917 0.00113722 -9.36913e-05 0.00190253 0.000497267 0.00219757 -0.00410216 -0.00345084 -1.96583e-05 -0.00102001 -0.000242538 -0.00295828 -0.00417411 -0.000308646 0.00470516 
-1.91068e-05 0.00106854 0.0791561 -0.00212614 0.000426655 -0.00056603 -0.000850878 0.000771315 -0.00407725 -0.00599315 -0.00405642 -0.00479974 0.000585734 0.00857804 0.00836625 -0.00148212 0.00168109 0.00100478 0.00406514 0.00852206 -0.00676025 0.00356532 0.000755982 -0.0183249 -0.0164979 -0.0101093 0.000332664 -0.00545945 0.00408749 -0.00413435 0.00404619 0.00158667 0.00262752 -0.00363401 0.00791955 -0.000985491 -7.35085e-05 -0.000827921 -0.000547509 0.000773735 -0.00813444 0.00281457 0.000262747 0.00147343 -0.000896249 -0.00323178 -0.00240322 0.000850968 0.00248063 -0.00331354 0.00200713 -0.00866611 0.00110739 0.000873645 -0.0017736 0.00111786 -0.00140785 -0.000631969 0.000142574 0.0018542 -0.00243207 0.00169835 0.00257366 -0.00327494 0.00323744 0.0011663 -0.000301635 -0.00447945 -0.0101197 -0.000404386 -0.000530665 -0.00118179 0.00308515 -0.00204331 0.000338994 0.000839998 -0.000341518 0.000196268 -0.00176234 -0.00271708 -3.04092e-05 -0.00281912 -0.000960694 0.0003815 -0.000784075 -0.00383222 0.000685145 0.00159078 0.000598904 -7.61431e-06 0.00213134 -0.00173002 0.000441746 0.000781391 -0.00502558 -0.000817623 -0.00234106 -0.00234087 8.90669e-05 -0.00267966 
0.00130127 -0.00292507 -0.00212614 0.162794 0.00254411 0.000577633 0.00622006 0.000371217 0.0107595 -0.0015419 0.0245429 0.0161071 0.00234254 0.000935723 0.00372112 0.0175473 -0.0203675 0.00156221 0.0141551 0.0186288 -0.0126128 -0.0033815 -0.0211854 0.0134129 -0.0193514 -0.00949387 -0.0307759 -0.00446504 -0.00304538 -0.00410201 -0.00465647 -0.0024076 0.00244758 -0.00659781 -0.00795052 0.00406745 -0.00165843 0.0092575 0.000189362 -0.00471167 0.00310714 -0.00296888 -0.00112617 -0.00528156 0.00044441 -0.0126732 -0.00122219 0.00990149 -0.00898073 -0.000268091 0.00243806 0.000474268 -0.00765893 -0.00876403 -0.00955678 -0.0189546 -0.0108458 0.00215715 -0.00571492 -0.000717409 -0.000756078 -0.00142599 0.00227901 -0.0074586 -0.00369757 -0.00326835 -0.0011209 -0.0197047 -0.00217518 0.00012709 -0.00167177 -0.00646301 -0.00706396 0.00703175 -0.00177868 -0.00089295 0.00157618 0.00160236 -0.00711767 -0.00500424 -0.000402086 0.00286153 -0.00455726 0.000746351 -0.00671078 0.00283649 -0.00634756 -0.00894303 0.00687401 -0.00740592 -0.000349408 -0.00578912 -0.00220233 -0.000472526 0.00641912 0.00627506 -0.00311638 0.00226783 0.000955376 0.000126246 
0.00030826 0.00131166 0.000426655 0.00254411 0.0599742 0.000338885 0.00064318 -0.00182094 -0.000275089 0.0031408 0.00273997 -0.00741217 -0.00743883 0.00099811 -0.00218524 0.000120759 0.00191848 -0.00425759 0.00714717 -0.00123447 0.00123537 -0.0087267 -0.0030386 -0.00141757 -0.00386723 0.00177879 -0.00555394 0.00237467 -0.00336956 0.000417555 -0.00430797 -0.0042977 -0.00302619 0.00124143 -0.000477629 -0.000270252 -0.000258128 -0.00232991 -0.00169063 0.000473719 -0.00068158 -0.000503666 0.00113388 -4.14102e-05 -0.000209992 0.0015177 0.000673608 0.00174453 -0.00387513 -0.00173487 0.000618299 0.00130298 0.00107232 0.00613471 -0.00116227 -0.000406055 -0.00332255 -0.00099349 -0.00117442 -0.00230897 -0.00166526 -0.00187682 8.72209e-05 -0.00134804 0.000513579 -0.000438773 0.00381242 -0.00465908 -0.00401796 -0.000398254 0.000247011 1.25146e-05 -0.000958999 -0.00248001 1.52143e-05 -6.4658e-05 -0.000167851 -0.000286814 -0.000363922 -0.00184961 -0.000465173 -0.00070956 0.00122075 -0.000237499 0.00106976 -0.000460671 -0.00290329 -0.00115707 -0.00476994 0.0036539 0.0024743 0.000836415 -0.000208192 -0.000619373 0.00214165 -0.00178345 -0.00126283 0.000252143 -0.000471483 -0.00037332 
-0.000173556 -0.000320476 -0.00056603 0.000577633 0.000338885 0.0412506 0.00035587 -0.000614328 0.000288999 0.000399769 -0.00172958 -0.00235824 -0.00338636 0.000716173 -0.00299198 -0.000460109 -0.00420244 0.00110316 0.000588071 0.00288918 0.00158837 -0.00325904 -0.00095032 -0.00458353 0.000744334 -0.00838837 0.00423821 0.001804 0.000258672 -0.000724535 0.00100113 -0.00152249 0.000809502 -0.000118765 -0.00112478 0.00241822 0.000732408 0.002862 -0.000818378 -0.0010788 -0.00130989 -0.000914389 0.000139611 0.00139017 0.000707072 -0.00693136 -0.000800678 -0.00258146 -0.000921812 -0.00132271 -3.22294e-05 0.000299415 0.000256564 -0.000848574 -0.00144443 -0.00239103 0.00112211 8.8533e-05 -0.00161602 -0.00237141 -0.00032393 -0.000192237 -0.00106763 0.000224235 -0.000247083 0.000330994 -0.00136714 0.00360264 -0.00319347 -0.000262066 1.30733e-05 -0.00117028 -0.000196449 -4.93422e-05 -0.00145086 -0.000153373 -0.000242771 0.000955525 -0.000841281 -0.00176862 -0.000286016 0.00245442 3.32045e-05 -0.000184999 -3.82923e-05 0.000221812 -0.000573008 0.00220529 0.00134823 -0.000655096 -0.0014891 0.0035026 -0.000513359 -0.000178542 -0.00278654 -6.46772e-05 -0.00387474 0.000428811 -0.000353803 0.00209332 
4.63271e-05 -0.000229243 -0.000850878 0.00622006 0.00064318 0.00035587 0.0487704 -0.00134221 -0.00246224 -0.00138952 0.00218828 0.00417093 -0.000923664 -0.00449006 -0.00599379 0.000254882 -0.00320069 0.00126272 -0.00015449 -1.75706e-05 -0.000857862 0.0016744 -0.00480807 -0.00130844 -0.000359751 8.7738e-05 0.000175898 -0.00144292 -0.00124595 -5.1007e-05 0.00242227 -0.00331094 0.00154404 -0.000655383 0.00422033 0.000852687 -8.95592e-05 -0.000460377 -0.000754772 -0.00193511 -0.00253009 -0.000497138 -0.000192016 2.95364e-05 -0.000458733 -0.000421769 -0.000656643 -0.00267848 0.0009961 -0.00155597 0.000180337 -0.00138111 -0.00057069 -0.00226729 -0.00299543 0.00304903 -0.00186769 0.000183982 -0.000333146 -0.00177989 -0.000219698 -0.000504197 -0.00135694 0.000151544 -0.00111558 -0.0011112 0.000392288 -0.00301953 -0.00101214 0.000136876 0.000444459 -0.000781254 -0.000852295 -0.000872058 -0.000623984 0.000462806 -0.000523827 -0.00052646 0.00126243 -0.000656001 0.00085973 0.000751208 0.00186022 -0.000112112 -0.000338424 -0.000336104 0.000606245 -0.00229778 -0.000756426 -0.00226838 0.000465655 -0.002632 -0.000965888 -0.000116945 -0.00211446 -0.000421679 -0.00191751 -0.000501718 -0.000508219 0.000260867 
6.67916e-05 0.00283087 0.000771315 0.000371217 -0.00182094 -0.000614328 -0.00134221 0.107026 0.00544008 0.00121741 0.00211474 -0.00328721 -0.0160346 -0.000393217 -0.00503499 -0.00337356 0.0124279 0.00104802 -0.0193446 -0.0111785 -0.0120034 -0.000514101 -0.00252739 -0.0113781 -0.0104714 -0.00834598 -0.00787964 0.00249452 0.0097931 -0.00181047 -0.00614401 -0.00169765 0.00356004 -0.00243288 -0.00435947 -0.00130782 -0.000236417 -0.00388896 -0.00138707 0.000473639 0.0063633 -0.00347855 -0.00156415 -0.00389316 -0.00100692 -0.00831511 0.00706531 -1.51459e-05 -0.00800437 -0.00280231 -0.0017824 -1.69457e-05 -0.00364376 0.00589334 -0.00204086 -0.00761475 0.00289609 -0.00249985 0.00576953 0.00442778 -0.000828281 0.000676847 0.000652467 -0.00145148 -0.00243952 -0.000442976 0.000174724 0.00714143 -0.00954961 -0.00106475 -0.00107622 -0.000459471 0.00267284 0.00139286 -0.00146599 0.00193503 -0.00118327 -0.000433808 0.00146026 -0.00633281 0.000250056 0.00206436 -0.00394486 -0.000554861 0.00255261 0.00177061 -0.00288955 -0.00293765 0.00579825 0.00537542 0.00479351 -0.00114652 0.00155298 -0.000756514 -0.00762519 0.00111288 0.00769011 -0.00290085 0.00247912 0.00137376 
-0.00114817 0.00404957 -0.00407725 0.0107595 -0.000275089 0.000288999 -0.00246224 0.00544008 0.134933 -0.00779449 -0.00308343 0.00640055 -0.00284952 0.00257029 -0.0131191 -0.00220276 -0.0186009 0.0061165 0.0223089 -0.0266216 -0.0179003 -0.00370098 -0.00448011 0.0172777 -0.0125222 -0.0150116 -0.0196445 0.0111065 0.00209454 0.00761565 -0.00147542 0.0123535 0.00145506 -0.00281338 -0.00213355 -0.00410131 -0.000281772 0.0057693 -0.00219639 -0.00819594 0.0104054 -0.00181199 -0.00025239 -0.00392428 0.00157116 0.000129811 0.00770763 0.00089645 -0.00192596 -0.00444541 -0.00281761 -0.0141014 -0.00607953 -0.00494449 -0.000383354 -0.00705347 -0.00775193 -0.00265104 -0.00391875 -0.00951792 0.00236315 -0.00271011 -0.00475478 -0.002577 -0.00147768 0.00322184 -0.000641075 0.00491039 -0.00127925 -0.00146229 -0.000302096 0.00229062 -0.00665968 -0.0103538 0.00366717 -0.00235965 -0.00366488 -0.00230702 -0.00418501 -0.00177735 -0.00182442 -0.00480498 -2.30832e-05 0.0011879 0.00650191 0.00513092 -0.000454426 -0.00478733 0.00913936 -0.00436592 -0.000674173 0.0112219 0.00272191 0.000962292 -0.00507336 0.00232686 0.0013511 -0.0030048 -0.00281579 -0.00563602 
0.00174583 -0.00642488 -0.00599315 -0.0015419 0.0031408 0.000399769 -0.00138952 0.00121741 -0.00779449 0.171682 -0.0141372 -0.0249303 -0.00554176 -0.00393289 -0.0203581 -0.00330913 0.004139 -0.000662559 0.000724622 0.0135969 0.0322634 -0.00796429 0.00114106 -0.0103566 -0.00597999 0.00357488 -0.000462563 0.00194925 -0.00668804 -0.012837 -0.00981439 -0.00196248 -0.000851283 0.00637717 -0.00694062 0.00182406 -0.00213764 -0.0126273 -0.00545146 -0.00318935 -0.00155276 -0.00319518 0.00300436 -0.00197792 -0.00157638 -0.0231956 0.000693354 0.0200137 -0.0138691 -0.00507982 0.00176382 0.0326597 -0.00821614 -0.00258125 -0.0031251 -0.0242145 0.00483006 -0.00380746 -0.00354125 -0.00351293 -0.000888194 -0.00465549 -0.00190215 0.00191072 -0.00193086 0.00283735 -0.00464342 -0.00534877 0.000189784 -0.00167627 -0.000982286 0.00111357 0.00455097 0.000522563 -0.00223739 -0.0019295 0.00135714 -0.000245686 0.00554668 -0.000499143 -0.00130191 0.00768052 -0.0037358 0.000548254 -0.00599562 -0.00168531 -0.00325824 0.00242031 -0.00723769 -0.0002575 0.001091 -0.0149496 -0.00292642 -0.00258424 0.00731959 -0.00356846 -0.00100849 0.0068236 0.00205464 0.00546461 
-0.00029651 0.00184731 -0.00405642 0.0245429 0.00273997 -0.00172958 0.00218828 0.00211474 -0.00308343 -0.0141372 0.107877 0.00798887 0.00313624 -0.0046337 0.0160822 0.00890328 -0.00471279 -0.00549804 -0.0175574 -0.0142107 -0.0137285 0.00401567 -0.00908482 0.00735809 -0.0102731 -0.00838849 -0.0119278 0.000915148 -0.00247837 -0.000870754 0.00199821 0.00381951 0.000853206 -0.00294456 -0.00542639 -0.00101272 -0.000193 0.00987195 -0.00159691 -0.0066747 0.00641253 0.000718096 0.00097127 -0.00293833 0.00270065 -0.00366418 0.000641327 0.00128203 -0.00551412 -0.000673501 0.00132349 -0.0108683 -0.00329217 -0.00503604 -0.0012488 -0.00776656 -0.001623 -0.000974769 0.00203432 -0.000522756 -0.00570027 0.000229397 -0.00341259 -0.001755 0.00186645 -0.000360177 0.00460365 -0.00730321 0.00126577 8.04014e-05 -9.15019e-05 0.000862183 -0.00149845 0.00862019 0.00220559 0.00164219 -0.00122159 -0.00014348 -0.00402931 -0.00232679 -0.00206345 0.00265413 -0.00522738 0.000420721 -0.000742899 0.00341711 0.00483974 0.00254039 -0.00308759 0.00425213 -0.00229885 -0.0036704 -0.00684549 0.000529373 -0.0123434 0.00330095 -0.00900267 -0.00428883 0.00230131 -0.00191641 
-0.000385385 0.00152501 -0.00479974 0.0161071 -0.00741217 -0.00235824 0.00417093 -0.00328721 0.00640055 -0.0249303 0.00798887 0.214821 0.021085 0.000675837 -0.0069093 -0.0294543 -0.00351014 0.00462152 0.0148214 -0.0306579 -0.0271594 -0.0173898 -0.0216659 0.019158 0.0177643 0.00888708 -0.00546244 -0.00179671 0.000360952 -0.00336743 -0.00261205 -0.0113103 0.00866277 -0.004258 -0.00693104 0.00679283 0.00208638 0.0181375 -0.00491508 -0.0114254 0.0105536 -0.000989375 -0.0032619 -0.00673493 0.00103182 0.0247131 -0.0041406 -0.0110594 0.0071071 -0.0100051 -0.00229027 -0.0093565 -0.00207605 -0.0154544 -0.00167067 -0.00802604 -0.00990889 -0.00318672 -0.00614154 -0.00520028 -0.00193198 0.00348754 -0.00868746 -0.00767785 -0.00740094 -0.00489171 -0.00546604 0.00785181 0.00585773 -0.00228639 -0.00174658 -0.0128829 -0.0114351 0.0025969 0.00332208 0.000993707 0.00332122 -0.00490932 -0.00576241 0.0077872 -0.00192646 -0.00236902 -0.00140696 -0.000490103 0.00683907 0.000854807 0.00403979 -0.018188 0.0152894 -0.0157354 -0.010701 -0.00583128 -0.00122575 -0.00189695 0.00639209 -0.00573927 0.00204943 -0.00830354 -0.00497158 -0.00279044 
-0.00209256 0.00160544 0.000585734 0.00234254 -0.00743883 -0.00338636 -0.000923664 -0.0160346 -0.00284952 -0.00554176 0.00313624 0.021085 0.224825 -0.000966164 0.00665934 -0.00135483 -0.0077264 0.00268478 -0.00561405 -0.0170609 -0.0328098 -0.0108507 -0.0103899 -0.0304052 0.00300069 -0.0119014 0.0364852 -0.00601873 -0.00423879 -0.00508878 0.00519332 -0.0229605 0.00522886 -0.000540695 -0.00620449 0.00115277 0.00224803 0.0196843 0.00254522 0.00759381 0.00722583 -0.00412776 -0.0035151 -0.00419409 -0.00432053 0.0113486 -0.00862607 0.0105446 0.0200597 0.000333308 0.00422544 -0.00477476 -0.000149795 -0.0114862 -0.00619603 0.00387204 -0.00110516 -0.00205178 -0.0190353 -0.00423359 -0.0114329 0.00285409 -0.0131491 -0.00270211 -0.00124404 -0.0184661 -0.0186871 0.00711325 -0.0209004 0.000443619 -0.000972594 -0.00478423 -0.00966453 0.00417667 -0.0030865 5.94006e-05 0.00299227 0.00100768 -0.00329192 0.0118021 -0.00190351 0.00309221 -0.00557713 -0.00221144 0.00168306 -0.00746724 0.00281245 0.00182822 0.00846618 -0.000934148 -0.00655534 0.00232711 -0.00463289 -0.00173884 -0.0171326 -0.00700697 0.00865424 -0.00663253 -0.00300745 -0.00358244 
-0.00154921 0.00155833 0.00857804 0.000935723 0.00099811 0.000716173 -0.00449006 -0.000393217 0.00257029 -0.00393289 -0.0046337 0.000675837 -0.000966164 0.179618 0.00206957 -0.0199627 -0.00668685 0.0197677 0.0124304 0.00261568 -0.005228 0.0155843 -0.00580568 -0.0190108 -0.0349404 -0.00803926 -0.00633506 0.00195895 -0.00263143 -0.0120602 0.00516406 -0.00291849 -0.00285796 -0.0140335 -0.0045104 0.00299424 -0.00153152 -0.00364902 -0.00694434 -0.000977892 -0.00299223 -7.01991e-05 0.00137769 0.0027329 0.00021758 -0.00943713 -0.00441052 0.00863819 -0.0102271 -0.0109032 0.000258257 -0.00572406 0.0011704 -0.00725109 -0.00533494 -0.00725735 0.00187632 0.00571289 -0.00732424 0.0153192 -0.000762307 -0.000685797 -0.00404154 0.000269468 0.000680048 0.00424799 0.00124901 0.000312658 -0.00433619 0.00168227 -0.000716403 -0.00477095 0.00569438 0.00110432 -0.00590802 -0.00123039 -0.00250815 -6.35998e-05 0.000772585 -0.00091268 0.000910081 0.000450688 0.00293306 -0.00136795 -0.00258847 -0.00400845 -0.00561556 -0.00528054 -0.00438973 -0.0090488 -0.00192116 -0.00729804 -0.00641699 -0.000342578 0.0025873 -0.00468408 0.0123523 -0.00553901 -0.00177048 0.000443518 
-0.00361217 -0.00692758 0.00836625 0.00372112 -0.00218524 -0.00299198 -0.00599379 -0.00503499 -0.0131191 -0.0203581 0.0160822 -0.0069093 0.00665934 0.00206957 0.234546 -0.00226756 -0.0220372 -0.0125368 -0.0114762 -0.00735485 -0.0103641 0.00495149 -0.00655253 0.0131546 -0.0299552 -0.0254628 0.0118083 -0.0101569 -0.0118099 -0.00881344 0.00289792 -0.00879713 -0.00642078 -0.00088651 -0.0046399 -0.00757939 0.000956394 0.0264076 0.00481816 -0.00988494 0.0214935 0.000939157 -0.000704373 0.00073164 0.00224782 -0.00428553 0.00333762 -0.0139913 0.0111632 0.00648927 0.000680466 -0.0140109 0.00358688 0.00477755 -0.00279799 -0.00645096 -0.00433257 0.00211485 -0.00168997 -0.000781517 -0.00694594 -0.000409748 0.00201333 -0.00402593 0.00662859 -0.0095124 -0.00927786 -0.0140687 -0.00875845 0.00219554 -0.000634613 0.0140469 -0.0110446 0.0099856 1.96754e-05 0.00395338 7.99462e-06 0.00198818 -0.0147144 -0.0145317 -0.00706884 0.00987522 -0.00383897 -0.00146069 -0.00661393 -0.00693482 0.0100473 0.00790144 -0.00475864 0.000885027 -0.00182733 -0.0102425 0.0016135 0.00024931 -0.0165178 0.0073856 -0.00496532 0.00178581 0.00531288 -0.00857 
0.00130643 -0.0036086 -0.00148212 0.0175473 0.000120759 -0.000460109 0.000254882 -0.00337356 -0.00220276 -0.00330913 0.00890328 -0.0294543 -0.00135483 -0.0199627 -0.00226756 0.183673 0.00196958 -0.0162298 -0.00030792 0.0201596 0.00808606 0.00442766 -0.0187021 -0.00182699 -0.0198622 -0.0359009 -0.00891118 0.00234398 0.00233435 -0.0023723 -0.0159476 -0.0170681 -0.00255249 -0.00558312 -0.0120947 0.000278331 -0.00210885 0.00069358 0.00211844 0.00635749 -0.015949 -0.00226479 -0.00448552 0.00538352 -0.00223404 -0.00394058 0.00182791 0.023095 0.00569147 0.00322495 0.00347372 -0.00867897 0.00435243 -0.00231358 0.00250077 0.0150192 0.0039274 -0.002399 -0.00336265 -0.00593099 -0.00172173 -0.00359765 -0.001787 -0.00034 0.00162231 -0.0066572 -0.00436908 -0.00512159 -0.0143401 -0.00186613 -0.000498197 0.00189384 -0.00405266 0.00683605 -0.00368686 -0.000326014 -0.00690081 0.00296418 -0.00558875 -0.00356877 0.00183543 -0.00039861 -0.00459035 0.000656636 -0.011854 0.00052737 0.00204044 0.00764431 -0.00127974 0.00903113 0.00317636 0.000289719 -0.00670629 0.00096622 -0.00858229 0.0113295 -0.00383608 0.00146317 0.00152946 -0.00270455 
0.000574526 0.00122928 0.00168109 -0.0203675 0.00191848 -0.00420244 -0.00320069 0.0124279 -0.0186009 0.004139 -0.00471279 -0.00351014 -0.0077264 -0.00668685 -0.0220372 0.00196958 0.248166 -0.0349071 -0.0497795 0.0141173 0.0148431 -0.000878641 -0.0340957 -0.00793422 0.0222659 0.0420364 0.0456356 -0.0132661 -0.00711302 -0.0089644 -0.0319635 -0.00940753 -0.00637761 0.00283188 0.000109955 -0.00756405 -0.00168751 -0.00756208 0.00318316 0.0098938 0.00602391 -0.00479055 -0.00190809 -0.00209169 -0.00623072 0.00144178 -0.0107788 -0.00156066 -0.00440645 0.00509287 -0.00451265 0.00629665 0.000618202 -0.00173616 0.00445797 0.0213906 0.0154047 -0.0072554 0.0111322 0.00662382 -0.0215299 -0.00531595 -0.0027495 -0.00936499 -0.00760915 0.00728271 -0.00184804 0.00366389 0.00292898 -0.00564656 0.000682084 0.0095363 0.0138339 -0.00956381 -0.013122 -0.000775041 -0.00513554 -0.0058137 0.00899528 -0.00775386 -0.00214259 -0.0202063 -0.00205454 -0.00305565 0.00569785 -0.0017836 0.00347204 -0.00299798 -0.0182017 -0.000802127 -0.000719341 -0.0133547 -0.00895728 -0.00229664 -0.0059704 -0.00767018 -0.00842959 -0.00503194 -0.00292876 -0.000950639 
-0.00185702 -0.00433288 0.00100478 0.00156221 -0.00425759 0.00110316 0.00126272 0.00104802 0.0061165 -0.000662559 -0.00549804 0.00462152 0.00268478 0.0197677 -0.0125368 -0.0162298 -0.0349071 0.160086 0.0131084 -0.015275 0.00293697 0.017108 0.00787794 -0.012531 -0.00187082 0.0137847 -0.0362197 -0.00868944 0.0026942 -0.00802318 0.00373996 -0.00047766 0.00626485 -0.00955274 -0.00540985 -0.00229778 0.00130077 -0.00975557 -0.0014152 -0.0117116 -0.0151222 -0.000857515 0.00166768 -5.94013e-05 -0.00110643 -0.00171961 0.00232847 0.00980191 -0.00798053 -0.0024576 0.00100256 -0.00782407 -0.0070242 0.000905863 -0.00330979 -0.0170711 -0.000794037 0.00218083 -0.00247138 -0.00423578 0.00338099 0.00116679 -0.00226702 -0.00121206 -0.00103704 -0.0013554 0.00371811 -0.000801756 0.00200782 0.00317986 -0.00012789 -0.00240816 -0.00136442 0.00140546 0.000703529 0.000683116 0.00208038 0.00166407 -0.00196618 0.00577483 -6.70597e-05 0.00375702 -0.00272695 0.00118042 -0.00162405 -0.00303802 -0.0100066 -0.00616013 0.00380656 0.00342881 -0.00899883 -0.000662171 -0.00896476 -0.000384248 0.00430368 -0.00379352 0.0118356 -0.000644654 0.000173659 -0.005055 
-0.00325191 -0.00168658 0.00406514 0.0141551 0.00714717 0.000588071 -0.00015449 -0.0193446 0.0223089 0.000724622 -0.0175574 0.0148214 -0.00561405 0.0124304 -0.0114762 -0.00030792 -0.0497795 0.0131084 0.24981 -0.0271471 -0.00704523 -0.0110281 0.0164929 0.00896477 -0.0292276 -0.00612698 -0.0568839 0.00537305 -0.00208087 0.0104058 -0.00540939 0.00174074 -0.00291926 -0.0113088 -0.00136458 0.0026864 -0.00329841 0.011301 0.00270413 -0.00306931 0.0141158 0.00884677 -0.000704083 -0.00105151 -0.00405126 0.0570825 0.00440148 0.0161726 0.00947112 -0.0178774 -0.000323331 -0.0139605 0.00277871 -0.0093152 -0.00757995 -0.0130566 -0.0398931 0.00381772 -0.0175025 -0.022858 0.0112099 0.000162948 -0.00582227 -0.00801216 0.000709516 -0.000550858 -0.00597209 -0.0106176 -0.00100774 -0.00441947 -0.00393084 -0.0241005 -0.0237764 -0.0147554 0.00582244 -0.00528147 -0.000301021 -0.00588554 -0.00864191 0.00904759 -0.00208394 -0.0184933 0.00389899 -0.000225689 -0.00279718 0.000921986 -0.00493148 -0.0146626 -0.000122458 -0.0136728 0.00925276 -0.00299504 0.0122366 -0.000201576 0.0345136 -0.0011174 0.0256931 -0.0116931 -0.00292824 -0.00572802 
-0.000369303 -0.00733191 0.00852206 0.0186288 -0.00123447 0.00288918 -1.75706e-05 -0.0111785 -0.0266216 0.0135969 -0.0142107 -0.0306579 -0.0170609 0.00261568 -0.00735485 0.0201596 0.0141173 -0.015275 -0.0271471 0.247963 0.0121227 0.00663579 -0.00367699 -0.012927 0.0105961 -0.0116763 0.00455703 -0.0252631 0.00685863 -0.0130671 0.00153505 -0.00967667 -3.24974e-05 0.00546304 0.00772267 0.00450009 -0.00221053 -0.0145638 -0.00312824 0.0136174 -0.0378675 -0.00762665 -0.00208739 0.00574922 -0.00317607 -0.0254437 -0.00565419 -0.00120965 -0.0153979 -0.00368553 0.0026369 0.0136242 -0.00323876 -0.00191797 -0.0122033 -0.00184925 -0.00605826 0.00197189 -0.00231213 0.00748027 -0.00700234 -0.00543038 0.0116323 -0.00090342 0.000236457 -0.00465202 -0.000903894 -0.0253734 0.00720063 -0.00010333 -0.000322693 -0.00626346 0.00962747 0.013831 -0.0151322 -0.00178452 -0.000953973 0.00296079 0.00184007 -0.00685298 -0.00243007 -0.0052578 -0.00233874 -8.37364e-05 -0.0110666 -0.0008554 -0.00417281 -0.000630502 -0.00711281 -0.00452347 0.00139399 0.00295606 -0.0080264 -0.00205597 0.0182084 0.00680332 -0.012085 0.00548371 -0.00368905 0.00867933 
0.000326165 -0.00277883 -0.00676025 -0.0126128 0.00123537 0.00158837 -0.000857862 -0.0120034 -0.0179003 0.0322634 -0.0137285 -0.0271594 -0.0328098 -0.005228 -0.0103641 0.00808606 0.0148431 0.00293697 -0.00704523 0.0121227 0.246884 0.00107797 -0.016868 -0.00526591 0.00219717 0.0149767 -0.00557102 0.00503615 -0.0158479 -0.0207892 -0.0107205 -0.0197826 -0.00249888 -0.00632541 0.00333947 -0.0102702 -0.00211231 -0.0197233 -0.00678038 -0.00246216 -0.0363393 0.00495503 -0.00063691 0.000475959 -0.00775969 -0.0235258 -0.00799456 -0.0096996 -0.00983788 -0.00448002 -0.00492442 0.0309253 0.00469106 -0.00406576 0.0128746 -0.0129644 0.0114365 0.00262678 -0.00165818 -0.00788991 -0.0048343 -0.00421161 -0.00577791 0.0063331 -0.000849993 0.00240581 0.0162001 -0.0107615 0.0221634 -0.000451818 -0.000159363 0.00166181 0.00569743 -0.00226646 -0.000968076 -0.00244189 -0.00105575 0.000286438 0.00370313 -0.00209402 0.00398232 0.01546 0.0102574 0.000543782 -0.00813082 -0.00851343 -0.00809393 0.0102149 -0.0123072 -0.00197565 0.000161182 -0.0146332 -0.00904495 -0.00179655 0.00565753 -0.000190994 -0.00670235 0.00794597 0.00147947 0.00425153 
-0.000684076 -1.99226e-05 0.00356532 -0.0033815 -0.0087267 -0.00325904 0.0016744 -0.000514101 -0.00370098 -0.00796429 0.00401567 -0.0173898 -0.0108507 0.0155843 0.00495149 0.00442766 -0.000878641 0.017108 -0.0110281 0.00663579 0.00107797 0.185752 -0.00941632 -0.0126921 -0.0116251 -0.000848042 -0.00347289 -0.0146465 -0.00608523 0.00157286 0.00680958 -0.00363443 -0.00544953 -0.0125872 -0.00224747 -0.00362979 -0.00264555 -0.00215899 -0.00324534 -0.00484034 -0.0134055 0.00621261 -0.00156846 -0.00769582 -0.00240669 -0.0168841 -0.00100795 0.0176027 -0.00324263 -0.00343159 0.000230332 -0.0178408 -0.00720102 -0.00790213 -0.0124817 0.00938493 0.00747542 -0.00404205 -0.00155173 0.0146167 -0.00516848 -0.000606271 -0.00355725 0.00463264 -9.54234e-05 -0.00199117 -0.00474311 0.00118811 -0.00588488 0.00247426 0.0019478 0.00956466 0.00207742 0.00169642 -0.00273085 9.18302e-05 -0.00175996 0.00142309 -0.00319862 -0.00500047 0.00174999 0.00247324 0.00174175 0.00222243 -0.00219077 -0.00192701 0.00086997 -0.0054619 -0.0047557 -0.008802 0.00251679 -0.00796397 -0.00248046 0.000730311 -0.00860389 0.00162158 -0.0100007 0.00293238 0.00238165 0.00217413 
-0.0014119 0.000850852 0.000755982 -0.0211854 -0.0030386 -0.00095032 -0.00480807 -0.00252739 -0.00448011 0.00114106 -0.00908482 -0.0216659 -0.0103899 -0.00580568 -0.00655253 -0.0187021 -0.0340957 0.00787794 0.0164929 -0.00367699 -0.016868 -0.00941632 0.181385 -0.00154203 -0.003933 -0.0134423 -0.022897 0.00508685 0.00497395 0.00268535 0.00884328 0.014251 -0.00295894 0.00574295 0.00125853 -0.00319685 -0.000848489 -0.0180768 -0.00588009 0.00466335 -0.00520517 0.000997873 0.00329837 -0.00156068 0.00161296 0.0209858 -0.0012531 -0.0170228 0.00202911 0.00445503 0.000968035 0.00241506 -0.00567135 -0.0012068 0.0129805 -0.0241701 -0.00124105 0.00496385 0.00287904 -0.011297 -0.0052499 0.00199734 0.0115379 0.00100577 0.00159206 0.00998287 -0.00436744 -0.00553414 0.00652187 0.00179461 0.000582109 -0.00378096 0.000649233 -0.00216029 -0.0046243 -0.00158357 0.00323308 0.000589262 -0.000576894 0.00357077 -0.00376064 -0.0074425 -0.00601549 0.000776829 -0.00175533 -0.001092 -0.00293014 -0.00759391 0.00282337 -0.00443399 0.0018737 0.0074765 0.012148 0.000718578 0.00699901 0.00296251 -0.00782377 -0.00758212 -0.000318087 0.00225867 
-0.00136442 -0.00517542 -0.0183249 0.0134129 -0.00141757 -0.00458353 -0.00130844 -0.0113781 0.0172777 -0.0103566 0.00735809 0.019158 -0.0304052 -0.0190108 0.0131546 -0.00182699 -0.00793422 -0.012531 0.00896477 -0.012927 -0.00526591 -0.0126921 -0.00154203 0.220952 0.0300485 -0.00133575 -0.0250709 0.00113811 -0.014809 0.00246833 -0.00633478 0.00847763 -0.0142489 -0.00150763 -0.00715816 -0.00287618 -0.00487629 0.00395236 0.000362452 -0.0204497 0.0117495 -0.00857392 -0.00475541 -0.00649261 0.002727 0.0174927 -2.08812e-05 0.00230368 0.00318553 0.00627634 -0.00288493 -0.010591 -0.0113045 -0.00479334 0.00725875 0.00214061 0.00387532 -0.0032066 0.0106049 -0.00747443 0.00699491 -0.00470457 0.00530223 -0.0105331 -0.00390901 0.00151915 0.00704041 0.00506704 0.0172232 -0.00396356 -0.000290044 -0.0005272 -0.0220311 -0.0024263 0.00304868 -0.00540473 -0.00452474 -0.00368792 -0.00640606 -0.00285059 -0.0107698 -0.00767824 -0.00324482 0.00117355 0.00321836 0.00575829 0.00282527 -0.00600444 -0.0110769 0.00167294 -0.00394162 -0.00665587 -0.00751008 -0.000712348 0.00316685 0.000500784 -0.0135548 -0.00560038 -0.000739092 -0.0132953 
-0.00188495 -0.00322613 -0.0164979 -0.0193514 -0.00386723 0.000744334 -0.000359751 -0.0104714 -0.0125222 -0.00597999 -0.0102731 0.0177643 0.00300069 -0.0349404 -0.0299552 -0.0198622 0.0222659 -0.00187082 -0.0292276 0.0105961 0.00219717 -0.0116251 -0.003933 0.0300485 0.215072 0.0370209 0.0283617 -0.0231468 -0.00887529 0.00280811 -0.00100962 -1.53691e-05 -0.00897142 0.0034257 0.00231413 0.00013281 -0.00290679 -0.00779074 -0.00337388 0.0106272 -0.00672698 -0.00172934 -0.0053367 -0.00324787 -0.00267984 -0.00888591 -0.00971869 -0.0218213 0.00378098 0.00304456 -0.00795445 -0.00335533 -0.00170685 0.0151877 -0.00312044 0.0183788 0.00855511 -0.00687994 -0.00286153 0.000873466 -0.00725485 -0.00705006 0.0014867 0.00222923 -0.00240321 -0.00948669 -0.00342953 0.0108675 0.017361 -0.00250791 -0.00107787 0.00237324 0.00556327 -0.00830461 0.00322412 -0.00286795 -0.00147362 -0.00191609 0.00118895 0.000352874 -0.00190454 -0.00715229 -0.00498719 -0.00236398 0.00130238 0.00164386 -0.00303892 -0.0033601 -0.0132583 0.0109593 -0.0154398 0.0100743 -0.00149859 -0.00425969 0.000139663 -0.0114177 -0.0138913 -0.00416061 -0.00779458 -0.00470275 
-0.000547895 0.000111925 -0.0101093 -0.00949387 0.00177879 -0.00838837 8.7738e-05 -0.00834598 -0.0150116 0.00357488 -0.00838849 0.00888708 -0.0119014 -0.00803926 -0.0254628 -0.0359009 0.0420364 0.0137847 -0.00612698 -0.0116763 0.0149767 -0.000848042 -0.0134423 -0.00133575 0.0370209 0.236605 -0.0194166 -0.0287328 -0.0109549 -0.00432846 -0.0176556 0.00751849 -0.00324484 0.0118276 0.00890437 -0.00637566 -0.00455509 -0.0151102 -0.00155591 -0.00629874 -0.00837587 0.00696924 -0.00197133 -0.00575788 0.00296624 0.0100786 -0.00348841 -0.00517019 -0.00614776 -0.00641971 -0.00602643 0.0109353 0.00306436 0.00235448 -0.000279569 -0.00254273 -0.0166018 0.00724738 -0.000674623 0.00997578 -0.000819695 0.00332338 -0.000367928 -0.00444881 -0.00383362 -0.00103101 0.00319781 -0.0271999 0.0313636 -0.00148383 0.00141048 -0.00976942 0.00823839 -0.0152649 0.00419947 -0.0019869 0.00141168 -0.00335369 0.0109222 -0.0013593 0.0023331 -0.00388604 0.000970528 -0.00151952 -0.00960433 -0.00102976 -0.00410708 -0.0153362 -0.00803935 -0.002222 -0.0130431 -0.0278831 0.00332429 -0.00342003 0.00788916 -0.014513 -0.0011455 0.0103385 -0.00056167 0.00430558 
-0.000904054 -0.00704871 0.000332664 -0.0307759 -0.00555394 0.00423821 0.000175898 -0.00787964 -0.0196445 -0.000462563 -0.0119278 -0.00546244 0.0364852 -0.00633506 0.0118083 -0.00891118 0.0456356 -0.0362197 -0.0568839 0.00455703 -0.00557102 -0.00347289 -0.022897 -0.0250709 0.0283617 -0.0194166 0.25 0.00517171 -0.00566056 -0.0139795 0.023385 -0.00553081 0.00384149 0.00920972 -0.00711997 -0.00320967 0.00193481 0.011116 -0.00622772 0.0136438 0.025305 -0.00786913 -0.00470927 0.00363559 -0.00447002 -0.0167233 -0.0120661 -0.026669 0.00435603 0.00549327 -0.00139372 0.00577462 0.00239924 -5.19363e-05 -0.00507636 0.0446037 0.0153958 -0.0125272 0.00117679 0.00513159 -0.00674826 -0.00193296 -0.0142058 -0.000844887 -0.00421779 -0.00803713 -0.0134632 0.0298758 -0.0126372 -8.37396e-05 0.000558402 0.00165517 0.00688014 -0.014192 -0.0126238 -0.00254851 -0.00709915 -0.00720476 0.00480138 -0.0101428 -0.00505558 -0.00569732 -0.00251174 -0.004939 0.00605131 -0.0140555 0.00222313 0.0129208 0.00792212 -0.0145908 -0.0110704 0.0223937 -0.00596367 -0.00216224 -0.0351987 -0.00727071 -0.0152665 0.000906507 -0.0057005 -0.00617037 
0.000742684 0.00157767 -0.00545945 -0.00446504 0.00237467 0.001804 -0.00144292 0.00249452 0.0111065 0.00194925 0.000915148 -0.00179671 -0.00601873 0.00195895 -0.0101569 0.00234398 -0.0132661 -0.00868944 0.00537305 -0.0252631 0.00503615 -0.0146465 0.00508685 0.00113811 -0.0231468 -0.0287328 0.00517171 0.12366 -0.00610594 0.00402641 0.00549921 0.00591088 -0.00287858 0.00392703 -0.00396988 -0.00241513 0.00107093 -0.0051631 -0.0015846 -0.00445502 0.0156394 -0.00338255 0.00126337 0.0015413 -0.000200147 0.0160432 -0.00165715 -0.000395799 0.00763306 -0.00203043 0.000374756 0.00471773 0.000615014 -0.00763458 0.00680218 -0.00202952 -0.00371215 -0.00126105 0.000203426 -0.00844146 0.000978667 -0.00143253 -0.00434712 -0.0039546 -0.00164117 0.00900607 -0.00136448 0.0143291 -0.00587331 -0.00254024 -0.000352567 -0.00520121 -0.00674059 -0.0008894 -0.00256978 -0.00179038 -0.00308322 -0.00154721 -0.0030441 -0.00160405 -0.00178991 -0.00687465 -0.00102964 -0.00096822 0.00308271 0.00030467 -0.00367663 0.00154486 -0.00487186 -0.006982 -0.000544643 0.0120022 0.0017601 0.00108928 -0.00435387 0.00210888 -0.00411455 -0.00816574 -0.000785765 -0.00167219 
-0.00117273 0.00118833 0.00408749 -0.00304538 -0.00336956 0.000258672 -0.00124595 0.0097931 0.00209454 -0.00668804 -0.00247837 0.000360952 -0.00423879 -0.00263143 -0.0118099 0.00233435 -0.00711302 0.0026942 -0.00208087 0.00685863 -0.0158479 -0.00608523 0.00497395 -0.014809 -0.00887529 -0.0109549 -0.00566056 -0.00610594 0.0959359 0.000607828 -0.00511351 -0.00349082 0.0145346 -0.00380815 -0.00163959 1.80626e-05 0.00193928 0.0011295 -0.00184126 0.00341442 -0.0015955 -0.00371073 -0.00112243 -0.00118626 -0.000521673 -0.00350877 0.00279142 -0.00648738 -0.00377666 0.00224896 0.000234094 -0.00551596 -0.00231647 0.00418465 -0.00127818 -0.000189072 -0.0063381 0.0018215 -0.00107185 -0.00173409 0.00610595 0.000557999 0.000918878 0.0043979 0.000461839 -0.00300225 0.00308751 -0.00818903 -0.00584729 -0.000844154 -0.000255722 -0.00406279 0.00513752 -3.78304e-06 -2.92835e-05 0.00320091 0.00133472 -0.000818689 -0.00238893 -0.00118201 -0.00111812 -0.00163759 -0.00291205 -0.000589045 -0.00117955 -0.00151354 -0.00367249 -0.00229446 0.00859835 0.00403577 0.0062596 0.00589828 -0.00169846 0.0020668 -0.0033894 0.00319686 0.0012044 -0.000583095 -0.00021246 -0.0020841 
0.000198644 0.00852391 -0.00413435 -0.00410201 0.000417555 -0.000724535 -5.1007e-05 -0.00181047 0.00761565 -0.012837 -0.000870754 -0.00336743 -0.00508878 -0.0120602 -0.00881344 -0.0023723 -0.0089644 -0.00802318 0.0104058 -0.0130671 -0.0207892 0.00157286 0.00268535 0.00246833 0.00280811 -0.00432846 -0.0139795 0.00402641 0.000607828 0.112567 0.000128427 0.00774817 -0.00213933 0.00192962 0.000127619 -0.00192454 -0.00144155 -0.000542404 0.000298143 0.00379307 -0.00649005 0.00127833 0.00274115 -0.00295582 0.00228266 -0.00543311 0.000879552 -0.00786696 0.00301918 -0.00554111 -0.00165699 -0.00493737 -0.00133665 0.00424488 -0.000619761 -0.00274995 -0.00754658 -0.00291057 -0.00639108 -0.00435174 -0.00620372 -0.00299459 -0.00234207 0.0039449 0.000344885 0.00059745 -0.00127645 0.000958849 0.00149081 -0.00140077 -0.000608128 -0.00290257 -0.000593299 -0.00223239 0.00378911 -0.000355044 -0.000206494 -0.00112739 -0.000851881 0.000554944 0.000489805 -0.00559068 -0.00369213 -0.000349437 0.00630531 0.001656 -0.00148134 -0.000813955 -0.00159241 -0.000345084 0.00706316 0.0136024 0.000951567 0.000868612 0.000355387 0.00715106 -0.0010241 -0.00246429 0.000666518 -0.000491218 
-0.00120002 -0.00160942 0.00404619 -0.00465647 -0.00430797 0.00100113 0.00242227 -0.00614401 -0.00147542 -0.00981439 0.00199821 -0.00261205 0.00519332 0.00516406 0.00289792 -0.0159476 -0.0319635 0.00373996 -0.00540939 0.00153505 -0.0107205 0.00680958 0.00884328 -0.00633478 -0.00100962 -0.0176556 0.023385 0.00549921 -0.00511351 0.000128427 0.120628 0.000874297 -0.0039717 -0.00297431 0.00566156 -0.00122101 -0.000179486 1.93312e-05 -4.01888e-05 0.000187455 -0.00392576 -0.00162141 -0.00102508 0.00280181 0.000718345 -0.0079447 -0.000183234 -0.00844986 0.010145 -0.00459502 0.000240244 -0.0122553 -0.000542238 -0.00511634 -0.00495173 -5.45906e-05 -0.00404249 0.00100597 -0.00195515 0.00416412 0.00583924 0.00243386 -0.00335315 9.60047e-05 0.000705142 -0.0018898 -0.00480993 0.00157276 -0.00850627 0.00182291 8.76472e-05 -0.00191938 -0.00129979 -0.00183265 -0.0030161 -0.0017213 0.000878994 -0.00196024 -0.00262749 0.00188042 -0.00120353 0.00583945 0.00498986 -0.000885113 0.00302774 -0.00393994 0.0021368 0.00415486 0.001449 -0.00646372 -0.00509601 0.0101077 -0.00548339 0.000175432 -0.00692641 -4.73526e-05 -0.00788163 0.000179181 -0.00240663 -0.00219283 
-0.000272075 0.00637911 0.00158667 -0.0024076 -0.0042977 -0.00152249 -0.00331094 -0.00169765 0.0123535 -0.00196248 0.00381951 -0.0113103 -0.0229605 -0.00291849 -0.00879713 -0.0170681 -0.00940753 -0.00047766 0.00174074 -0.00967667 -0.0197826 -0.00363443 0.014251 0.00847763 -1.53691e-05 0.00751849 -0.00553081 0.00591088 -0.00349082 0.00774817 0.000874297 0.145749 -0.00385014 0.0064849 -0.00266212 -2.79263e-05 -0.00129588 -0.00585584 -0.00248934 -0.00474577 0.00283872 -0.000530128 0.000716626 -0.00412886 0.00496829 -0.00916684 -0.000221543 -0.0140867 -0.00612139 -0.00238292 -0.0031529 -0.00347609 -0.00717528 -0.00782589 0.00852105 -0.00536042 -0.00373104 -0.00126608 0.00677393 -0.00436868 -0.00343139 -0.00130979 0.00582784 0.00103567 -0.00140598 0.00884576 0.00136932 0.00404897 0.00674314 -0.000285125 -0.00130057 -0.00649136 -0.0021091 -0.00439785 0.0109511 -0.000334437 -0.00412509 0.000267409 0.00293398 -0.00304389 0.000167158 -0.0115056 -0.00497617 0.00152429 -0.00348014 0.00223761 -0.00306133 0.00632423 -0.00439601 -0.00327135 -0.00283037 0.00197887 0.00932039 0.000917753 -0.00915379 -0.00154605 -0.00835781 -0.0099501 0.00121313 0.00280695 
-0.000806936 6.89286e-05 0.00262752 0.00244758 -0.00302619 0.000809502 0.00154404 0.00356004 0.00145506 -0.000851283 0.000853206 0.00866277 0.00522886 -0.00285796 -0.00642078 -0.00255249 -0.00637761 0.00626485 -0.00291926 -3.24974e-05 -0.00249888 -0.00544953 -0.00295894 -0.0142489 -0.00897142 -0.00324484 0.00384149 -0.00287858 0.0145346 -0.00213933 -0.0039717 -0.00385014 0.0734227 -0.00104967 -0.00477726 -0.000102376 0.00179903 -0.00167032 -0.00211008 -0.000752144 -0.00933781 0.000435612 0.00177506 -0.00138201 -0.00088397 -0.00519033 0.00178663 -0.00116222 0.000385903 -0.00183005 0.00054964 -0.00242786 -0.00251944 -0.00176699 -0.00205261 -0.00156617 -0.00398486 -0.00110436 -0.00236909 -0.00418976 0.00151193 0.00290737 -0.00375629 0.00150204 0.000554517 0.000673859 -0.000712012 -0.000931488 -0.00330156 -0.000875848 -0.000493686 -0.00150745 -0.00150958 0.00179382 -0.00232312 0.000347768 -0.000372157 0.000546143 -0.00133715 0.00206772 -0.000894577 -0.00142418 -0.00161322 -0.000802754 -0.00200983 -0.00190182 -0.00185918 -0.000451857 0.00682256 -0.00033235 -0.00064644 0.000917238 -0.001497 0.000465983 -0.000703282 0.000195062 0.00695071 0.00295663 -0.000726258 -0.00199655 
-0.000257913 -0.000446584 -0.00363401 -0.00659781 0.00124143 -0.000118765 -0.000655383 -0.00243288 -0.00281338 0.00637717 -0.00294456 -0.004258 -0.000540695 -0.0140335 -0.00088651 -0.00558312 0.00283188 -0.00955274 -0.0113088 0.00546304 -0.00632541 -0.0125872 0.00574295 -0.00150763 0.0034257 0.0118276 0.00920972 0.00392703 -0.00380815 0.00192962 -0.00297431 0.0064849 -0.00104967 0.0963516 0.00484187 -0.00383284 0.00128498 -0.00158348 -0.00229472 0.00380639 0.00305039 0.000136403 3.59856e-05 -0.000530239 -0.000899407 -0.00729367 -0.00184885 -0.00989551 0.00239432 0.00272105 -0.00122746 0.00262324 0.00286073 0.00389152 -0.00250444 -0.00799497 -0.00256166 -0.00193075 -0.00369651 -0.000535477 -0.00446398 -0.000836367 -0.00122827 -0.00382743 -0.00173573 0.00299364 0.00112788 -0.00398402 -0.00256725 -0.00113945 0.000258737 -0.00295443 -0.000628522 -0.00541437 0.000329427 -0.00125734 -0.00096484 -0.00218387 0.0071999 -0.00243911 -0.00219102 -0.00163987 -0.000279647 -0.000539025 0.00152206 -0.00175606 -0.000458926 0.00709386 -0.00207371 -0.0011681 -0.00337489 0.00431636 0.00167702 -0.000639348 -0.00566638 -0.00183339 -0.00727937 0.000619207 -0.000853441 -0.00127252 
