0.227451 -0.00556966 -0.0200944 -0.010827 0.0128614 -0.00256996 -0.0120332 -0.00775385 -0.00169225 0.0127055 -0.006615 -0.00941318 -0.0124382 -0.0136007 0.000449501 -0.0189675 0.0167075 0.0150038 0.0279534 -0.00446471 0.0130092 -0.0155197 -0.00206262 0.0127167 0.00926956 -0.0150613 -0.00801492 0.00767578 0.00325658 -0.0126146 0.00927866 0.0131239 -0.00373435 -0.00334202 -0.00216855 -0.000984144 0.00411226 0.00239316 0.00481378 0.00245136 -0.00507928 0.00646213 -0.000924527 -0.00659853 0.000211578 -0.0213098 0.00708956 -0.0329894 -0.00494673 -0.00937875 -0.0101747 -0.0158461 -0.00385301 0.00305703 -0.00288186 -0.00358131 -0.00976652 0.00419451 -0.000112184 0.0142979 0.00101354 -0.00916573 -0.00377622 0.00118965 -4.23072e-05 -0.00983755 0.00157565 0.00213605 0.00539355 -0.0100965 -0.00396318 -0.00266152 0.010039 -0.00536067 -0.00198234 -0.00920222 0.00642584 0.00117313 -0.00332456 0.00296952 -0.00325089 0.00176051 -0.00596282 -0.00579047 8.97072e-05 0.00332254 -0.00496591 -0.00206366 -0.00397702 -0.00112435 0.0010257 -0.0120832 -0.000943249 -0.0098153 -0.0104797 -0.00254924 -0.0024762 1.50287e-05 6.35397e-05 -0.0268591 
-0.00556966 0.0997433 -0.000978118 0.00167061 -0.00262776 0.000484847 0.00149377 -0.0103687 -0.00279822 -0.00475487 -0.0018917 7.4644e-05 0.00471329 0.0164021 -0.00435538 0.000389291 -0.0100921 -0.0125608 0.000586015 -0.00109492 0.001786 0.00212139 0.00348614 0.00514917 -0.013496 0.01618 -0.00550802 -0.00408354 0.0055633 -0.00258574 -0.000393436 -0.00625524 0.000550341 -0.00298285 -0.000229384 -0.00120395 -0.000852285 -0.00349069 -0.00118677 -0.00213242 -0.00286363 -0.000825368 0.000965189 0.0111704 -0.00173877 -0.00419999 -0.00445031 -0.00110315 -0.00920621 0.00058293 -0.00144375 -0.00748361 0.00163086 -0.000425102 -0.000394276 -0.00601346 -0.0120449 -0.000885882 0.00207367 -0.0089553 0.00121975 -0.000935376 -0.00225438 -0.000193582 0.00795553 0.00113199 0.000488183 -0.00146355 -0.00460837 0.000266174 -0.00273551 -0.000534299 -0.0126913 -0.00366464 0.0020463 -0.0113278 -0.00158861 0.000775308 0.00740704 -0.00185159 0.0069998 0.00131128 -0.0022633 -0.00140004 0.000381941 0.000387277 0.0016284 9.1776e-05 -0.00136236 0.000312438 -0.000104526 -0.00552257 -0.0040366 -0.00200576 0.0106605 -0.00102395 0.00120639 0.00559799 0.00329133 -0.00488228 
-0.0200944 -0.000978118 0.0973025 -0.00115545 0.000489828 0.00172169 -0.00280115 -0.00105834 -0.000880168 -0.00438312 -0.00140175 0.00154778 0.000902551 0.0039482 0.0106791 -0.0114082 0.00788168 -0.0159763 -0.0180194 -0.00876102 0.00972807 0.001737 0.00125391 -0.00590211 -0.00698148 0.00376602 0.00718373 0.0139272 -0.00265397 0.0086234 -0.00400874 -0.00660821 0.00136804 0.007519 2.35766e-05 0.00199931 -0.00662661 -0.0042113 -0.000995021 -0.00236619 -0.00149976 -0.00223833 0.00573273 0.00384488 -0.000447574 -0.00640379 -0.00526003 0.00116839 -0.00860731 -0.00180898 0.000101439 -0.0116155 0.00295676 -0.00202643 -0.000908088 -7.24758e-05 -0.0130827 -0.00179625 -0.000221145 -0.00200328 -0.00664439 0.00292469 0.00218993 -0.00326764 -0.00448543 0.000673741 -0.000559812 0.00143741 0.00750532 0.00250429 0.0046865 -0.00408541 -0.00861388 -0.00226411 -0.000313567 -0.00655242 -0.00232633 -0.000501176 -3.5781e-05 -0.000419822 -0.00196028 -0.000605933 -0.00254711 -0.00138177 0.000133776 -0.000841642 -0.000172427 0.00095064 -0.000950525 0.00475721 -0.000963823 0.00415375 -0.00489434 0.00859072 0.00657934 0.00210794 -0.000177823 -0.000875589 0.00276041 -0.0066587 
-0.010827 0.00167061 -0.00115545 0.0645432 -0.00169743 -0.000352458 -0.00247497 0.00147312 -0.00362939 0.000941906 -0.000755964 -0.00546027 0.0109652 0.000181083 0.00170098 0.000158615 -0.00244417 0.00538082 -0.00859073 -0.0048246 -0.00304319 0.0016818 -0.00556897 0.00209733 -0.00232791 0.000799774 -0.0055435 -0.00205093 -0.00308503 -0.0037886 -0.000594398 -0.0047553 0.00176661 0.00022195 -0.00103079 0.00313262 -0.00229251 -0.0013047 -0.000420457 -0.00330495 -0.00174885 -0.00285702 -0.00235436 -0.00366885 -0.000192344 -8.16689e-05 0.000173256 -0.00308159 -0.00404347 -0.000478965 -0.000424606 -0.00346395 0.000509812 0.000376883 0.00233814 0.000219568 0.000485224 -0.00109118 9.95344e-05 -0.00160074 0.00248224 0.000881509 -0.00187259 -0.00127792 0.000640954 0.00331991 0.000863266 0.000594725 0.00238587 -0.00206855 -0.0010577 -0.00290843 -0.00544712 0.00307331 0.0020752 -0.00182096 0.000376506 -7.83946e-05 0.00144594 -0.00277369 0.00399317 -0.0009282 0.00198381 -0.000389601 0.000268276 -0.00101 3.28986e-05 0.00022488 -0.000363339 -0.00454768 -0.000638403 -0.000560985 0.00125213 0.000284671 -0.00150548 -0.000717082 -0.00128848 0.00113563 -0.00191822 0.0113512 
0.0128614 -0.00262776 0.000489828 -0.00169743 0.184986 -0.000589268 0.00215205 -0.00416626 0.00702397 -0.00400395 -0.00149465 -0.0138574 -0.0192301 0.0337425 -0.00187243 -0.00814146 0.0172984 -0.00830464 -0.0143761 -0.00217453 -0.0303026 0.00313751 0.00641021 0.0235274 -0.0303433 0.0225312 -0.00415436 0.00951987 0.00908349 0.0291534 0.00102781 -0.00979334 -0.0019173 0.014498 -0.00719546 0.00572583 -0.00372297 0.0104375 -0.00659343 -0.0115138 -0.00434134 -0.00794153 0.00599947 -0.0133684 0.000955066 -0.0083646 -0.00549532 0.00767845 -0.0357747 -0.00424944 -0.00313306 -0.00627629 -0.0035039 -0.00672039 -0.00374497 -0.0111101 -0.00121104 0.00180294 -0.000486734 -0.000422737 -0.00992675 0.000650948 -0.00878651 0.00170619 0.00413827 -0.00649068 -5.13672e-05 0.0050438 -0.00338823 -0.002317 -0.0102542 -0.00884484 -0.010418 0.00377464 0.00687233 -0.00666087 0.00530762 0.00282531 -0.0031263 -0.00156261 -0.012322 -0.00241056 -0.00394598 -0.00122459 -0.00302229 -0.000667157 -0.00535181 -0.00628088 -0.00309971 -0.00850442 -0.00184305 0.0124362 -0.00795814 0.0120619 -0.0188891 -0.00639047 -0.00396855 -0.00329759 -0.0100669 0.0104281 
-0.00256996 0.000484847 0.00172169 -0.000352458 -0.000589268 0.0308487 0.001904 0.000851262 -0.00115358 0.000805542 5.13112e-05 0.000913975 -0.00165119 -0.000746625 -0.000899872 -0.000719859 -0.000585591 -0.00395845 -0.00196546 -0.00477492 -0.00232179 0.00367652 0.00335533 -0.00214656 -0.003249 -0.00312025 0.00251258 0.00178395 0.000162325 -0.00106606 -0.000866704 -0.000712692 0.00022006 -0.00109611 -0.000560237 0.000837911 -0.000662468 0.000947734 -0.00028726 -2.35358e-05 -0.000170634 -0.00134362 -8.27437e-05 -0.00106393 -0.000611464 -0.000929482 -0.000126716 -0.00103148 -0.00171494 0.000610365 -9.48355e-05 -0.000529226 0.000942444 -0.000418574 6.89447e-06 -0.00198613 -0.000335598 -6.63575e-05 4.7216e-05 0.000486804 0.000836036 -0.000817122 0.00122589 0.000769102 0.000790671 -0.00109857 3.27658e-05 0.000160014 0.000297539 -0.00127396 -0.000441064 -0.000539437 0.00219925 -0.000335924 0.000348204 -0.00061026 0.000815905 -0.000363765 -0.000283233 -8.68842e-05 4.88953e-05 -0.000415946 -0.000328293 0.000845817 0.000496351 3.06937e-05 3.62112e-05 0.000579861 -0.000338595 -0.00148713 5.11416e-05 -0.00134949 -0.000827501 -0.0024728 -0.000679978 -0.000567027 0.00029206 -0.000587908 -0.000300349 -0.00123701 
-0.0120332 0.00149377 -0.00280115 -0.00247497 0.00215205 0.001904 0.107927 -0.00318846 -0.00962543 -0.00286895 0.00282902 -0.00297874 -0.0128906 0.00405245 -0.0131834 0.000932104 -0.00086313 -0.00220258 0.0110011 -0.012084 0.00286787 -0.00435559 0.0122322 -0.0144296 -0.00233343 -0.00230953 0.00795798 -0.00840657 -0.0012685 0.00709658 0.00179397 0.00175957 0.00331854 -0.00515825 0.00223906 -0.00207712 -0.00443409 -0.00213439 -0.00143866 0.000183736 0.000355332 -0.0042906 -0.00380727 -0.000601119 -0.000712243 -0.00142422 0.00010556 0.00995134 -0.00884618 0.00168309 0.00141371 0.00574428 -0.000782051 -0.00159371 0.00115522 -0.0101654 0.00655125 -0.0020453 0.000232351 -0.00382837 0.00223852 -0.0037103 -0.0014385 -0.00397903 0.000876331 -0.00261875 -0.000985796 -0.00159135 -0.00515431 -0.00113886 -0.00549423 -0.00388103 -0.00134075 -0.0105909 0.00413505 0.00623495 0.0017494 -0.000551381 -0.00123346 0.00432434 0.0016329 0.00186 -0.0021466 -0.00107901 -0.00047606 -0.00131605 -0.00200004 0.00037255 -9.59465e-05 0.00391859 0.000585944 0.00489122 0.000669588 0.00110342 -0.00714991 -0.00120819 -0.00122578 -0.00200472 -0.00324526 -0.00423293 
-0.00775385 -0.0103687 -0.00105834 0.00147312 -0.00416626 0.000851262 -0.00318846 0.121741 0.0057252 0.00565016 -0.0010511 -0.00847906 0.0176119 0.00635466 -0.00511837 0.0216051 -0.0258769 0.00520124 -0.0191221 -0.0166483 -0.0160063 -0.00417527 0.000105623 -0.000453149 0.00138161 -0.0102053 -0.00651261 4.26015e-05 0.00225254 -0.00868586 0.000736523 -0.00416773 -0.00265706 -0.00472664 0.000728595 -0.00679887 -0.00209799 -4.61166e-05 -0.00648117 -0.00546338 -0.00268146 0.00478015 0.00138932 -0.00785792 -0.00168689 0.00903481 -0.00590684 0.00738844 0.00535694 -0.00525213 0.00116115 -0.000907802 0.000775105 -0.00127337 0.001512 0.000744868 0.0115966 -0.00181146 -0.00074643 -0.00375979 0.00338991 0.00187205 -0.000983981 0.00216205 -0.00842988 -0.000474136 -0.000941009 0.0019615 0.00674996 -0.00540727 0.000255867 0.00557573 0.012572 0.00442814 -0.000656236 0.0071623 -0.00292508 -0.00132179 -0.000339783 -0.00248102 0.00254003 -0.0019866 -0.000441287 0.000372023 0.000358315 -0.00231136 0.00127525 0.00096602 -0.00214519 -0.01143 -0.00141105 -0.0101986 -0.00441813 -0.0113244 -0.00715499 -0.00155023 -0.00251625 0.000348311 -0.00558348 0.0124347 
-0.00169225 -0.00279822 -0.000880168 -0.00362939 0.00702397 -0.00115358 -0.00962543 0.0057252 0.160192 0.0101744 0.00254381 -0.00896972 -0.000870012 -0.00537722 -0.00401883 0.0246179 -0.0113972 0.00771539 -0.0320407 0.00911745 -0.00371172 -0.00446289 -0.020917 0.019947 -0.0151064 -0.00567224 -0.00397679 0.00425534 0.00367014 0.00590128 -0.00107324 -0.00120259 0.00306803 0.00512836 -0.00230149 -0.00229734 0.0191139 -0.00996279 -0.00119393 -0.0103723 0.00071912 0.00118764 0.00499063 -0.00252666 0.00789853 -0.0122178 0.00230829 -0.0026708 -0.0193989 -0.00997445 -0.000717357 -0.00890559 8.20969e-05 -0.00393772 -0.00169872 0.00820186 -0.000948631 0.0062031 0.000962969 -0.00620548 0.00923993 -0.00115187 -0.0021753 0.0028536 -0.00659937 0.000122377 -0.000517651 0.0041252 0.0010909 -0.00722162 -0.00261777 -0.0203296 -0.00847492 0.00700092 -0.00253433 -0.00906887 -0.00212986 -0.00017843 0.00720937 -0.00411554 -0.0078299 -0.0019906 0.000247064 0.00240827 -0.00563886 0.000128501 0.00768143 -0.0046339 -0.00277725 -0.0140472 -0.000929293 -0.0105849 5.57136e-05 -0.00357485 0.00274081 -0.0035493 -0.00208353 -0.00285809 0.00321619 -0.00735069 
0.0127055 -0.00475487 -0.00438312 0.000941906 -0.00400395 0.000805542 -0.00286895 0.00565016 0.0101744 0.104967 0.00087013 -0.00710768 0.0089401 0.00730196 -0.000490727 0.0102586 -0.0199009 0.00672395 -0.0106996 -0.00795217 -0.0171262 0.000198131 -0.00707698 -0.000243731 -0.00148519 0.00227959 -0.00875818 0.000276067 -0.00778023 -0.00912756 0.00770616 -0.00672978 -0.00127238 -0.00382776 0.000148516 -0.00359231 0.00100189 0.00592354 -0.00269742 8.21548e-05 -0.00241248 -0.00225938 0.0024478 -0.00209531 0.00113534 -0.00392804 -0.00268656 -0.0026132 0.00871211 -0.00107151 -0.00196207 -0.00703335 0.00147799 -0.00252404 0.0015092 -0.00367632 -0.00223899 0.00255565 -0.00022874 -0.00281468 -0.0024696 -0.000220774 -0.00167047 0.00070339 -0.00399958 -0.00265071 0.00011176 -0.000277687 0.0163213 -0.00575064 0.00211357 0.00428068 -0.00885645 0.00112495 -0.00130776 -0.00284627 0.00372367 0.000343098 0.00107753 -0.00349066 -0.00387815 -0.00150904 -0.00154557 0.00202515 -0.001916 -2.34784e-05 0.00452194 -0.0019812 -0.00133572 -0.0082025 -0.000521488 -0.0100392 0.000646249 -0.00691854 0.0060905 -0.00199244 -0.000944249 0.00217479 -0.00135191 -0.00492802 
-0.006615 -0.0018917 -0.00140175 -0.000755964 -0.00149465 5.13112e-05 0.00282902 -0.0010511 0.00254381 0.00087013 0.0474141 0.00266887 -0.00259793 -0.000862032 -0.00459569 0.00539787 -0.00351626 0.00356818 0.00246798 -0.000660725 0.00246649 -0.000678919 0.000207341 -0.00514948 -0.00348907 -0.0018023 0.00315653 -0.00386028 -0.00331285 -0.00476236 -0.00180676 -0.000725333 -0.000773885 0.000609657 -0.000890701 0.000564602 0.00204739 -0.000339827 -0.00124626 0.00112652 0.00265356 -5.18128e-05 -0.000990659 -0.00104241 -0.00118136 0.00144181 0.000713313 -0.00142005 -0.00369344 -0.00122686 2.20438e-05 -0.00273152 0.000141166 -0.000786193 -5.92506e-05 -0.0026981 0.00569689 -0.00107954 -0.000163273 -0.000913759 -0.00343442 -0.000965952 -0.00119755 -0.00132448 0.000391059 -0.00146601 -2.86017e-05 -0.000434193 0.00246042 -0.000124953 -4.50581e-05 -0.00373546 -0.000527116 -0.00278966 2.28381e-05 -0.00131881 0.000815291 -0.000194614 -0.00174291 0.000389408 -0.000903548 -0.000417918 -0.000822246 0.000851292 -0.000787254 0.000834678 -0.00191905 -0.000576782 0.000521897 -0.000676561 9.54292e-06 -4.01996e-06 0.00551087 -0.00116177 0.00376326 0.000642437 -0.000548502 0.00175574 -0.000409162 -0.00675164 
-0.00941318 7.4644e-05 0.00154778 -0.00546027 -0.0138574 0.000913975 -0.00297874 -0.00847906 -0.00896972 -0.00710768 0.00266887 0.180806 0.0189278 0.0235173 0.0153591 -0.012992 -0.013992 -0.0268523 0.008199 -0.0106538 0.0120652 -0.000375329 -0.0149854 -0.00927789 0.00691756 0.0246687 0.0106452 -0.0105334 -0.0146864 -0.0131797 -0.00862736 -0.00297532 -0.00340139 0.00996078 -0.00198269 0.00159142 -0.00911352 0.000701871 -0.00694514 0.00783852 -0.00378507 -0.00250386 -0.002127 0.0119679 -0.00437223 0.0139573 -0.00472168 -0.00951671 -0.0134237 0.00887956 0.000372822 -0.0029387 -0.002975 0.00304321 -0.000858019 -0.00348153 -0.0210701 -0.00445667 -0.000578236 -6.70643e-05 -0.0017303 -0.00150334 -0.00548662 -0.000556188 -0.00298926 0.00288829 -0.000869798 -0.00110016 0.000370752 0.00373363 -0.00372295 -0.00512606 -0.00331865 -0.00485137 -0.00686263 -0.0177394 -1.70972e-05 -0.000456347 0.000448265 0.00293116 -0.00358808 0.00312843 -0.000113749 -0.0032998 0.00154153 -0.00145581 -0.00495227 0.00250147 0.00451338 0.00321209 -0.0011747 8.91463e-05 -0.00562216 -0.00854202 0.00131033 -0.0024007 -0.00255902 -0.00275443 -0.00280158 -0.00198282 
-0.0124382 0.00471329 0.000902551 0.0109652 -0.0192301 -0.00165119 -0.0128906 0.0176119 -0.000870012 0.0089401 -0.00259793 0.0189278 0.23964 0.00724527 -0.00099466 0.00804096 -0.0211113 0.0336062 -0.0212719 -0.0275646 -0.0266458 -0.0158909 -0.0080038 0.022948 0.0319569 0.00653548 -0.0158731 -0.00928371 -0.0108924 -0.0315142 -0.00843977 -0.00559279 -0.00580266 -0.0029696 -0.000197165 0.000356716 0.00313848 -0.0156194 -0.0140573 -0.00647322 -0.00547531 -0.00835929 0.00569613 0.00584004 -0.00608605 0.00573218 0.00215842 0.00182327 -0.00499588 -0.00813545 -0.00586219 0.00632556 0.000656402 -0.00174293 0.00154354 0.00914079 -0.00305037 -0.00259463 -0.00111302 -0.0052875 0.00211689 -0.00120052 -0.0106862 0.00635037 -0.0110203 0.00798044 -0.00094768 -0.00251664 0.00537654 0.00215141 -0.00108544 -0.0164494 -0.0228197 0.0189396 -0.0106833 0.00672491 -0.00731378 -0.00141858 0.000992214 -0.00933142 0.000629939 -4.23951e-05 0.00579989 -0.00470765 -0.00141991 -0.0079569 -0.00582936 0.00526524 -0.00152355 -0.012618 -0.00201066 -0.0179797 -0.00694074 -0.0219134 0.000530485 -0.000716103 -0.00411242 0.00181828 -0.00457771 0.0192791 
-0.0136007 0.0164021 0.0039482 0.000181083 0.0337425 -0.000746625 0.00405245 0.00635466 -0.00537722 0.00730196 -0.000862032 0.0235173 0.00724527 0.247516 -0.0265831 0.0256611 -0.0187563 -0.018937 -0.0141161 -0.0180753 -0.0292997 -0.0138091 0.00139378 0.00376162 -0.0374811 0.0431287 -0.0141757 0.00739971 -0.0100529 0.00492226 -0.00656747 -0.017508 -0.00522015 0.0132228 -0.00708313 -0.00337982 -0.00147337 -0.0147694 -0.0141092 -0.00497448 -0.00423286 -0.000627414 0.00730806 0.00791336 -0.00487473 0.0220155 -0.0114014 0.0145271 -0.0264726 -0.00680311 -0.00316427 0.0243148 -0.00184443 -0.00658232 -0.0096163 -0.0187922 0.000440972 -0.00887611 -3.32449e-05 -0.0222836 0.00104314 -0.00104396 -0.011798 0.00841515 0.00274879 -0.000693859 -0.000844233 0.00208203 -0.00878328 0.0172083 -0.00409886 -0.0099273 -0.0325355 -0.000582818 -0.000980841 -0.0175769 -0.00179786 -0.000483299 0.0149087 -0.0105048 -0.00873758 -0.00330227 0.00256209 0.000684767 -0.00164293 0.00206312 -0.000770468 -0.00731951 -0.00400949 0.000981759 -0.000618107 -0.00661295 -0.018586 0.0121692 -0.0055755 -0.00786772 -0.00239867 0.00976558 -0.0262067 0.0169583 
0.000449501 -0.00435538 0.0106791 0.00170098 -0.00187243 -0.000899872 -0.0131834 -0.00511837 -0.00401883 -0.000490727 -0.00459569 0.0153591 -0.00099466 -0.0265831 0.200507 -0.0248951 -0.018718 -0.0178753 -0.0324409 -0.0192546 0.0162808 0.00979832 -0.0405936 -0.00387579 0.0374243 0.0212745 0.0138098 -0.00124345 0.00104406 0.0041905 0.00735364 -0.00129089 0.00192169 0.00342758 0.00243252 -0.00588627 -0.00920213 0.0132002 -0.00151009 -0.00588636 -0.0058849 -0.00797446 -0.00434424 -0.00728868 0.00471657 0.0020648 -0.00256488 -0.00173664 0.0100106 0.00486206 0.000686321 -0.0124912 -0.00302669 0.00205089 0.00444236 0.00131768 -0.0234616 -0.00243824 -0.000564048 -0.00127929 0.0104934 -0.00168824 -0.00139709 -0.00530195 -0.00354765 0.00512803 0.00146561 3.1766e-05 0.00875203 -0.00680855 0.00138106 -0.00348249 -0.0266448 0.00652706 -0.00930761 -0.016662 -0.00424412 -0.000948475 -0.00103688 -0.00752001 0.00290405 -0.00162394 -0.00605592 -0.00414898 -0.00279943 -0.00420502 0.00294866 -0.00030269 0.00793094 0.000208394 -0.000575505 -0.0123842 -0.00513353 0.00474438 0.00587847 0.00224107 -0.0075561 0.00230893 0.00533133 -0.00806462 
-0.0189675 0.000389291 -0.0114082 0.000158615 -0.00814146 -0.000719859 0.000932104 0.0216051 0.0246179 0.0102586 0.00539787 -0.012992 0.00804096 0.0256611 -0.0248951 0.186426 -0.014935 0.0310521 -0.0285251 0.00789149 -0.0104707 -0.0149565 -0.0067885 -0.0144745 -0.00941146 -0.0181196 -0.00955908 -0.0157385 -0.0112889 -0.0183183 -0.00348159 -0.00356979 -0.00250155 0.00193011 -0.00697646 -0.0102621 0.0166801 -0.0108422 -0.00741584 -0.00849086 0.00679485 -0.00437387 -0.00458145 -0.00980303 0.00368332 0.00723824 -0.0033498 0.0151566 0.00366254 -0.00766142 -0.00305815 0.0175032 0.00100737 -0.00103395 -0.00154091 0.00267606 0.0371343 -0.000696916 -0.000526822 -0.0128491 -0.000145893 -0.00274219 -0.00781042 0.00234258 -0.00307632 0.00212639 -0.000789022 -0.000971434 -0.00204699 -0.00199607 -0.00159046 -0.0091108 -0.0153616 -0.00278095 0.00402307 0.0001905 -0.000507799 -0.00070896 0.00540595 -0.00790006 -0.00232839 -0.00198214 -0.00154766 0.00397951 -0.0045348 -0.00499191 0.000920501 -0.00217134 -0.00282438 -0.0106035 -0.00180737 -0.0141938 0.0083597 -0.0124819 0.00398202 -0.0038287 0.007029 0.000777403 -0.000679955 -0.000794124 
0.0167075 -0.0100921 0.00788168 -0.00244417 0.0172984 -0.000585591 -0.00086313 -0.0258769 -0.0113972 -0.0199009 -0.00351626 -0.013992 -0.0211113 -0.0187563 -0.018718 -0.014935 0.248708 -0.0252458 0.0203632 -0.000164526 0.0132067 -0.00888951 0.00912653 -0.00971419 -0.0183169 -0.0261447 2.36458e-07 -0.000389974 -0.0086841 0.000178739 -0.00855178 0.00963961 -0.00293317 0.00499271 0.00153964 0.0067895 -0.0167142 -0.0129679 0.00926153 0.00770942 0.00626779 0.001712 -0.00257365 -0.00256256 -0.000358027 -0.00958442 0.0040461 -0.0298633 -0.00157495 -0.00824292 -0.0106702 0.00692974 0.00453387 -0.00593731 -0.00640094 0.00885766 0.00381905 -0.00239443 -0.00218048 0.00555546 -0.0328574 0.00191677 -0.0042251 -0.0013619 -0.0064111 -0.00534927 -0.00190757 -9.51372e-05 -0.0139386 0.00554589 0.000643511 0.000390848 0.0248063 0.000563072 0.000328287 -0.010006 -0.00220566 -0.00153985 -0.00334871 0.00968572 -0.000674753 0.000920333 0.00126767 -0.0016703 0.00527967 -0.00167508 -0.00637747 0.00197467 -0.00254251 0.0178988 0.000283441 0.0171216 -0.000545168 -0.00318472 0.000535529 -0.00438444 0.00525141 -0.00744184 0.00165811 -0.0162054 
0.0150038 -0.0125608 -0.0159763 0.00538082 -0.00830464 -0.00395845 -0.00220258 0.00520124 0.00771539 0.00672395 0.00356818 -0.0268523 0.0336062 -0.018937 -0.0178753 0.0310521 -0.0252458 0.24225 0.0180355 0.00866583 -0.00680454 -0.038314 0.00529674 0.0140382 0.0214929 -0.0185805 -0.0080716 0.00278352 -0.00673163 -0.0126058 0.000206344 -0.00143707 -0.00744973 -0.0110419 -0.00360324 -0.00461273 0.00913644 0.00332126 -0.00609824 -0.00340328 -0.00206705 -0.00749282 -0.00563751 -0.0237267 -0.0014119 -0.00386327 0.013722 -0.00226152 -0.00696125 -0.0148322 -0.00420438 -0.0105777 -0.00499992 -0.00400126 0.00132996 0.000419699 0.0239107 0.000290685 -0.00186016 -0.0148709 0.0108242 -0.00636816 -0.00360384 -0.00072999 -0.00846562 -0.00397865 -0.00156992 -0.000341227 0.00971945 -0.0123412 -0.00482719 -0.020494 -0.0129295 -0.000625112 0.000663268 0.0113809 0.00761247 -0.00181335 -0.0149746 -0.0127396 -0.000429498 -0.00306758 -6.47149e-05 -0.00220424 -0.00871396 -0.00224654 0.0041049 0.000757089 -0.00643513 -0.00752735 4.95456e-05 -0.0153014 0.0120191 -0.0107614 -0.00300073 0.00373797 0.000465551 0.00220387 -0.00176966 7.0731e-05 
0.0279534 0.000586015 -0.0180194 -0.00859073 -0.0143761 -0.00196546 0.0110011 -0.0191221 -0.0320407 -0.0106996 0.00246798 0.008199 -0.0212719 -0.0141161 -0.0324409 -0.0285251 0.0203632 0.0180355 0.234882 -0.00665758 0.00692822 -0.0347054 0.0497694 -0.022291 0.00200859 0.00358277 -0.0110897 -0.0107463 -0.0210231 -0.012485 -0.00544116 0.0123036 -0.00602498 -0.0215007 0.00329021 0.00287569 -0.00967136 0.00551822 -4.4537e-05 0.00939944 0.00506672 0.00186096 -0.00720861 0.00961364 -0.0038578 0.00284799 0.0126233 -0.0150396 0.00897075 0.00321062 -0.00680451 -0.0065066 -0.00237756 -0.00190255 -0.00114823 -0.00564364 0.00233796 -0.00965563 -0.000709165 -0.00311281 -0.019915 -0.00712931 0.00314494 -0.000909566 0.00246442 -0.00597198 -0.00357828 -0.00143309 -0.00800587 -0.0095958 -0.00401703 0.00908147 0.0256167 -0.0237831 0.00017331 0.00488274 0.00128723 -0.00260903 -0.0108939 0.00472471 0.00397368 0.00145568 -0.00401555 -0.00191463 0.00447142 0.00814985 -0.00819633 0.000654652 -0.00200425 0.00877309 0.00163898 0.00703429 0.0105403 -0.00528972 -0.00705819 -0.000167081 0.00136544 -0.0060542 0.00842785 -0.0141991 
-0.00446471 -0.00109492 -0.00876102 -0.0048246 -0.00217453 -0.00477492 -0.012084 -0.0166483 0.00911745 -0.00795217 -0.000660725 -0.0106538 -0.0275646 -0.0180753 -0.0192546 0.00789149 -0.000164526 0.00866583 -0.00665758 0.225579 0.0118858 0.000931122 -0.0190377 0.0038451 -0.00147451 -0.00676504 -0.0106529 -0.00200711 0.00446052 0.0100044 -0.00530882 -0.000817102 -0.00207108 0.000269569 -0.00618108 -0.00208228 0.00260036 0.0127812 0.00919813 -0.00588397 -0.00339375 0.0110749 0.0016036 -0.00991961 0.00793663 0.00149431 -0.0102785 -0.00481782 -0.00424104 0.0028196 -0.000667207 0.0081665 -0.00367079 -2.82964e-05 -0.00512153 0.0182554 -0.00790995 0.002299 0.000259604 0.00851763 -0.016407 -0.00380598 -0.0105172 -0.0070255 0.000389999 -0.00663636 0.00084168 -0.00415551 -0.00771712 0.00881682 -0.00472602 -0.00429399 -0.00857165 -0.00611205 0.00220599 0.00961782 -0.00246184 0.000287102 -0.00403456 -0.00884879 -0.0170291 -0.00165037 -0.00218114 -0.000484884 -0.00597068 -0.00240466 5.5166e-05 -0.00312559 -0.000840604 -0.011917 -0.00136983 -0.00470414 0.00142121 0.00633429 0.00114369 -7.58468e-05 0.00263373 -0.0099977 0.0140762 -0.00227571 
0.0130092 0.001786 0.00972807 -0.00304319 -0.0303026 -0.00232179 0.00286787 -0.0160063 -0.00371172 -0.0171262 0.00246649 0.0120652 -0.0266458 -0.0292997 0.0162808 -0.0104707 0.0132067 -0.00680454 0.00692822 0.0118858 0.231213 -0.00693617 -0.00781706 -0.0174482 -0.00706772 -0.000573153 0.0154292 0.00197379 -0.00655152 -0.0167479 -0.00138445 0.00220955 -0.000529733 -0.00101204 -0.00713295 -0.00932163 0.000865781 -0.00695168 0.00424333 0.01428 0.000973879 -0.000499812 -0.000234097 0.00995644 -0.000485438 0.0024322 -0.00899814 -0.00502359 -0.0223895 0.000112901 -0.00275944 -0.013708 0.000129329 0.00300723 -0.00186032 -0.00171289 -0.0260135 -0.00339682 -0.000756996 0.00663154 0.00780003 -0.0061763 -0.00429902 -0.00874592 -0.00825917 0.00492872 -0.00200369 0.0016223 0.00214967 0.00940004 0.00276911 -0.00330225 -0.0040636 -0.0184436 -0.00694994 -0.0279723 -0.00257148 -0.00186084 -0.00122939 -0.00143168 0.00654412 0.00410993 0.00280427 -0.00618274 9.62291e-05 0.0038793 -0.00492147 -0.00137608 0.00191081 0.011795 -7.95633e-05 -0.00621633 0.0131122 -0.0173599 0.0149008 0.000643756 -0.000601048 0.00248738 0.0117181 -0.029263 
-0.0155197 0.00212139 0.001737 0.0016818 0.00313751 0.00367652 -0.00435559 -0.00417527 -0.00446289 0.000198131 -0.000678919 -0.000375329 -0.0158909 -0.0138091 0.00979832 -0.0149565 -0.00888951 -0.038314 -0.0347054 0.000931122 -0.00693617 0.197025 -0.0415541 0.000162705 -0.0121633 -0.0192881 0.0215371 0.0027091 0.00655829 -0.00502939 -0.00571037 -0.0157578 0.0056214 -0.00265509 0.00427482 0.00946947 -0.0114114 -0.00664669 0.00833512 0.00744488 -0.00692553 -0.000874131 -0.00204605 -0.00952911 -0.00600175 0.00186187 -0.0105378 0.0116467 -0.0035634 0.00966809 0.00176762 -0.0039727 -0.0017588 0.00142889 0.00151961 -0.000797224 -0.017908 0.00844906 0.00179273 0.00345952 -0.00960329 0.000439503 0.0079023 -0.00437696 0.0072453 0.00270254 0.000424544 -0.00198687 -0.00755687 -0.00906113 -0.00123362 0.00596215 0.00649121 0.00898806 0.00402322 0.00113975 -0.00231875 0.00227622 0.0106802 0.0115335 -0.00396082 -0.00233497 -0.00864602 -0.000894681 -0.00295656 0.000731889 0.00889787 0.000141039 0.000465049 -0.0121344 -0.000462498 0.0100585 -0.00757752 0.00693171 0.00291249 -0.0010052 -0.00215951 0.00342166 -0.00655238 0.000639416 
-0.00206262 0.00348614 0.00125391 -0.00556897 0.00641021 0.00335533 0.0122322 0.000105623 -0.020917 -0.00707698 0.000207341 -0.0149854 -0.0080038 0.00139378 -0.0405936 -0.0067885 0.00912653 0.00529674 0.0497694 -0.0190377 -0.00781706 -0.0415541 0.249989 -0.0110706 -0.018167 0.0145855 -0.00350059 -0.0116925 -0.00808622 -0.0112309 -0.00402152 -0.00101545 -0.00519022 -0.0242143 -0.00275431 -0.00300937 -0.00323446 0.00911083 -0.0114512 -0.00344501 0.00438258 -0.0134384 -0.00531736 0.00129663 -0.00248261 0.000348001 -0.00213985 -0.00335351 -0.0186429 -0.00467945 -0.000679102 -0.0123739 0.000116626 -0.00289581 -0.000785021 -0.0240518 0.0190033 -0.00757232 -0.00221397 -0.00578326 0.00744161 -0.00440429 0.00474086 -0.00217062 0.0049393 -0.00952944 -0.00167067 -0.0018931 0.0104512 0.00653467 -0.00748212 0.00418679 0.0112327 -0.0217765 -0.00475966 0.0176807 0.00232218 -0.00254022 -0.0056147 0.000405674 0.0041835 -0.00293741 -0.00324481 0.00325368 0.00104786 0.00573553 -0.00710271 -0.000799313 -0.00742896 0.00813039 0.0008429 0.0119285 0.0021554 0.00207536 0.00204234 -0.00348488 0.00192699 -0.00470461 0.0030257 -0.0133102 
0.0127167 0.00514917 -0.00590211 0.00209733 0.0235274 -0.00214656 -0.0144296 -0.000453149 0.019947 -0.000243731 -0.00514948 -0.00927789 0.022948 0.00376162 -0.00387579 -0.0144745 -0.00971419 0.0140382 -0.022291 0.0038451 -0.0174482 0.000162705 -0.0110706 0.21381 -0.0164791 0.00892469 -0.0118981 0.00881219 0.00804231 0.0110275 -0.00401536 -0.00369018 -0.0060711 -0.00767795 -0.000393604 -1.44381e-05 0.00686163 0.0126225 0.00298279 -0.0122594 -0.00472534 -0.00664105 -0.000541137 -0.00294842 -0.000108934 -0.00900217 -0.000233522 -0.000200233 -0.0367085 -0.00999048 -0.00197999 -0.0223652 -0.00481505 -0.00419933 -0.00451155 0.0146318 -0.0278126 0.00672682 -2.44603e-05 5.7963e-05 0.00754461 0.00155151 0.0015671 0.00395235 -0.00267496 0.00596307 -0.00148983 -0.000587158 -0.0100047 0.00171526 -0.00892922 -0.0254931 -0.0215602 0.0133762 0.000667147 -0.00452174 0.00159144 0.00339349 0.000714343 -0.0104398 -0.0125966 -0.00386352 -0.00183234 -0.00448825 -0.00811536 0.000996824 0.0123831 -0.00388497 -0.00389714 0.00717907 0.00202293 -0.00645514 -0.012355 0.0110339 -0.0151703 -0.00322723 -0.00663442 -0.00201564 -0.00532656 0.0130014 
0.00926956 -0.013496 -0.00698148 -0.00232791 -0.0303433 -0.003249 -0.00233343 0.00138161 -0.0151064 -0.00148519 -0.00348907 0.00691756 0.0319569 -0.0374811 0.0374243 -0.00941146 -0.0183169 0.0214929 0.00200859 -0.00147451 -0.00706772 -0.0121633 -0.018167 -0.0164791 0.217955 -0.0209025 -0.0130275 -0.0173442 -0.01532 -0.0241595 0.00627943 0.0141015 0.000854857 -0.0112381 -0.000838544 -0.00206851 0.00423863 0.00466893 -0.00801084 0.0118482 -0.00203495 0.00713731 -0.00544925 -0.00790438 -0.00127452 0.0101767 0.00320477 -0.00910636 0.0222586 0.00866269 -0.00435636 -0.00164455 -0.00250426 0.0129217 0.00552699 0.00194959 -0.0100896 -0.00635425 -0.00215173 0.00299053 -0.00440224 -0.00374729 0.00107897 0.00163781 -0.00406373 -0.00369828 2.16856e-05 -0.00751987 -0.00815445 -0.00474123 0.00724418 0.0191447 0.00765241 0.00134816 -0.0137817 0.00389135 -0.00572183 -0.00231658 -0.0101528 -0.00136034 0.0126394 0.00174674 0.00177259 -0.00430591 -0.000700749 -0.00522669 -0.0148543 0.00748755 0.0039269 -0.00332841 -0.000794776 -0.000993771 -0.00298367 -0.00757682 -0.00936221 0.00399136 -0.00492112 -0.00722167 -0.00750214 -0.0142257 
-0.0150613 0.01618 0.00376602 0.000799774 0.0225312 -0.00312025 -0.00230953 -0.0102053 -0.00567224 0.00227959 -0.0018023 0.0246687 0.00653548 0.0431287 0.0212745 -0.0181196 -0.0261447 -0.0185805 0.00358277 -0.00676504 -0.000573153 -0.0192881 0.0145855 0.00892469 -0.0209025 0.242942 0.0149594 -0.0120098 0.00137115 0.000165428 -0.0109831 -0.0124007 -0.00389558 -0.00144088 -0.00853649 0.00111199 -0.0139527 0.0209039 -0.00570073 -0.0167567 -0.00331466 -0.0171716 0.00163044 0.0105662 -0.00233859 0.0148113 -0.00107071 0.0215824 -0.04034 0.0056895 0.00198193 -0.0134313 -0.00363409 -0.00726809 -0.00957685 -0.0131409 -0.0273094 -0.00955885 0.00166626 -0.0222047 -0.00236645 -0.00689371 -0.00958986 -0.00636041 -0.000806473 0.000596247 -0.000855414 -0.00272936 0.00611217 0.00487357 -0.0104878 -0.0107218 -0.030697 0.0106156 0.000587917 -0.0267724 -0.00578321 -0.000643567 -0.00683595 -0.0162097 -0.0101885 -0.00500449 -0.00322843 -0.00176547 1.56247e-05 -0.00386555 -0.00698363 -0.00162429 -0.000133824 0.0122069 -0.00315854 0.00233751 -0.00606141 0.0235202 0.00213807 0.0005479 -0.00535998 0.0105049 -0.00585645 0.0138691 
-0.00801492 -0.00550802 0.00718373 -0.0055435 -0.00415436 0.00251258 0.00795798 -0.00651261 -0.00397679 -0.00875818 0.00315653 0.0106452 -0.0158731 -0.0141757 0.0138098 -0.00955908 2.36458e-07 -0.0080716 -0.0110897 -0.0106529 0.0154292 0.0215371 -0.00350059 -0.0118981 -0.0130275 0.0149594 0.153295 0.000369106 0.00240242 -0.00834352 -0.00533977 -0.00323898 -0.00278699 -0.0031385 -0.00150572 0.00169826 -0.0100931 0.00584132 0.00476619 -0.00676262 0.00364339 -0.00700556 -0.000909053 -0.00701123 -0.00338611 0.000188317 -0.00099803 0.00582645 -0.0206628 0.0029845 0.00223858 -0.00862414 0.000311434 -0.00320891 2.50234e-05 -0.00373782 -0.0176784 0.0038617 -0.000363684 0.00605224 -0.00205805 -0.00369649 -0.00313828 -0.00971182 -0.00333576 -0.00267113 0.000393887 -0.000714813 0.0046548 -0.000163034 -0.00565115 -0.00690682 -0.00507256 -0.00279327 -0.000853612 0.00742199 -0.00238998 -0.0011153 0.000824665 -0.00307897 -0.00482242 0.000192843 -0.00254546 -0.0017396 -0.0051784 -0.00286978 0.00710574 -0.00140957 0.000836493 0.00553543 -5.2186e-05 0.00858763 -0.0013044 0.00965625 0.00285752 -0.000283336 -0.00263659 0.00338523 0.0006691 -0.0115135 
0.00767578 -0.00408354 0.0139272 -0.00205093 0.00951987 0.00178395 -0.00840657 4.26015e-05 0.00425534 0.000276067 -0.00386028 -0.0105334 -0.00928371 0.00739971 -0.00124345 -0.0157385 -0.000389974 0.00278352 -0.0107463 -0.00200711 0.00197379 0.0027091 -0.0116925 0.00881219 -0.0173442 -0.0120098 0.000369106 0.166351 -0.000638236 0.0266252 -0.00454157 -0.0133105 -0.00282192 0.000436795 -0.00271941 -0.00276718 -0.00536175 0.00224354 -0.00496148 -0.00336668 -0.00647342 -0.00321164 0.00531642 -0.0044424 0.00356358 -0.00971291 -0.00675753 -0.0042688 -0.00211887 -0.0131593 0.00658582 -0.0017347 -0.00222117 -0.0030705 -0.00243406 -0.00452705 -0.01049 0.00142758 -0.00027948 0.00169725 -0.0121459 -0.000623288 0.00852259 0.00165848 -0.00183486 -0.00234661 -0.000910916 -0.00531943 0.00615552 -0.00282195 0.000736411 -0.00969405 -0.0131464 0.0223845 0.000316906 -0.0113754 0.005959 -0.00133134 -0.00188307 -0.00409361 -0.00259734 -0.00018062 0.001174 -0.00209932 -0.00187832 -0.000638176 0.00708574 -0.00278242 -0.000630436 -0.00621576 -0.000599326 -0.00518451 -0.00548842 -0.0044513 -0.00373107 -7.11669e-05 0.00060223 -0.00503446 -0.00143024 0.00495014 
0.00325658 0.0055633 -0.00265397 -0.00308503 0.00908349 0.000162325 -0.0012685 0.00225254 0.00367014 -0.00778023 -0.00331285 -0.0146864 -0.0108924 -0.0100529 0.00104406 -0.0112889 -0.0086841 -0.00673163 -0.0210231 0.00446052 -0.00655152 0.00655829 -0.00808622 0.00804231 -0.01532 0.00137115 0.00240242 -0.000638236 0.113029 0.0212713 -0.00202815 -0.000368613 0.00461469 0.00320654 0.00196482 0.00123885 -0.00586255 -0.00144208 0.00345702 -0.00709167 -0.00251785 -0.000275465 -0.000561598 -0.00492704 -0.0026209 -0.00850884 -0.00439159 0.00121809 -0.00319706 -0.00458326 0.0021891 -0.00376306 -0.000826622 0.000325788 0.00124129 -0.00226411 -0.00101523 0.000988338 0.00100898 0.00650481 0.00265957 -0.00137646 0.00174282 -0.00567364 0.00244691 0.00344322 0.000239979 0.000405473 -0.00476824 0.000502934 -0.00339659 -0.00302981 0.00593541 0.000968069 0.00373779 0.0110771 -0.00164649 0.000146049 -0.00272853 -0.00131725 -0.00121707 3.69824e-05 -0.00317337 -4.90284e-05 -0.000279615 -0.000722297 0.00341975 -0.00335552 -0.00184049 -0.00564726 -6.83357e-05 -0.00596947 -0.00501873 0.00160582 -0.00370691 -0.00102314 -0.00121249 -0.0013828 -0.00219538 0.000607388 
-0.0126146 -0.00258574 0.0086234 -0.0037886 0.0291534 -0.00106606 0.00709658 -0.00868586 0.00590128 -0.00912756 -0.00476236 -0.0131797 -0.0315142 0.00492226 0.0041905 -0.0183183 0.000178739 -0.0126058 -0.012485 0.0100044 -0.0167479 -0.00502939 -0.0112309 0.0110275 -0.0241595 0.000165428 -0.00834352 0.0266252 0.0212713 0.20854 -0.00240901 -0.0123022 0.00391562 0.00750211 -0.000502255 -0.00156907 -0.0143073 0.00227047 -0.00270265 -0.0147674 -0.00958162 -0.00272407 -0.00776188 0.000114166 0.00305079 -0.00930673 -0.00612047 0.0107991 -0.00252434 0.00415845 0.0116744 0.000880588 -0.000839277 -0.00642238 -0.0046715 -0.0159399 0.00103943 -0.000306629 -3.29171e-05 -0.00665141 0.00141788 -0.00313904 -0.00493628 -0.00442294 -0.00723454 -0.0069825 -0.00120432 -0.00469071 -0.00716702 0.0146291 -0.00682145 0.00836645 0.00422563 0.0040032 0.00374774 -0.000950851 7.55763e-05 -0.00115819 -0.00848892 -0.00481667 -0.00749136 -0.00179481 -0.00449053 -0.00362927 -0.00296729 3.46092e-05 0.00464363 -0.00645304 -0.00488913 -0.00758737 -0.000115583 -0.00213577 -0.00897835 0.0136394 -0.010494 -0.0041095 -0.0045484 -0.00403162 -0.00648768 0.0220167 
0.00927866 -0.000393436 -0.00400874 -0.000594398 0.00102781 -0.000866704 0.00179397 0.000736523 -0.00107324 0.00770616 -0.00180676 -0.00862736 -0.00843977 -0.00656747 0.00735364 -0.00348159 -0.00855178 0.000206344 -0.00544116 -0.00530882 -0.00138445 -0.00571037 -0.00402152 -0.00401536 0.00627943 -0.0109831 -0.00533977 -0.00454157 -0.00202815 -0.00240901 0.0801591 -0.000866241 0.00329878 -0.00430094 -9.36263e-05 -0.00332565 0.00385005 0.00138336 0.000386443 -0.00260321 0.000361634 0.00334508 0.0010707 -0.00849649 -0.000578379 -0.00803327 -0.00293401 -0.00460767 0.00544189 -0.00162789 -0.000628638 -0.00283374 -0.00112886 0.00153896 0.000675353 0.00899747 0.00468709 0.00286403 0.000521509 0.00674035 0.00219245 -0.000886504 0.00386224 -0.00337025 -0.00132576 -0.000516058 0.000523102 -0.000764906 0.000155406 -0.00344563 -0.000420392 0.00380487 -0.00353608 -0.00323345 -0.00117048 0.00171952 0.00423282 0.00124556 -0.00139825 -0.00289389 0.00117489 -0.000131612 0.00205958 0.00114598 0.000909866 0.00135716 -7.08194e-05 0.000167495 0.000687748 0.000323481 0.000288045 -0.00769496 -0.00159227 -0.00380712 -0.00407135 0.00110388 -0.000706438 0.000473116 0.00015128 -0.00859342 
0.0131239 -0.00625524 -0.00660821 -0.0047553 -0.00979334 -0.000712692 0.00175957 -0.00416773 -0.00120259 -0.00672978 -0.000725333 -0.00297532 -0.00559279 -0.017508 -0.00129089 -0.00356979 0.00963961 -0.00143707 0.0123036 -0.000817102 0.00220955 -0.0157578 -0.00101545 -0.00369018 0.0141015 -0.0124007 -0.00323898 -0.0133105 -0.000368613 -0.0123022 -0.000866241 0.107672 -0.00318991 0.000459798 0.00155867 0.000323903 0.00290637 -0.00333766 -0.000507905 0.00247556 0.00110431 8.27648e-05 -0.00321872 -0.00146654 -0.00246122 -0.00138918 0.00454661 -0.00839744 0.00876605 -0.00184384 -0.00474915 0.00792377 -0.000922708 0.00170325 0.00037007 0.00542284 -0.00527237 0.000141276 -0.000466552 0.0101538 0.0033716 0.000199088 -0.00383574 -0.000361994 -0.00151363 0.00274546 -0.000629131 -0.000143573 -0.00376326 -0.00512113 -0.00328973 -0.00161018 0.00325397 -0.00952968 -0.00425788 0.00380946 -0.00126776 -0.000722942 -0.00419139 0.0033734 -0.00281989 0.000781857 0.000641417 -0.00147678 0.00189928 -0.00204108 -0.00456062 0.0056521 0.00285251 0.00606708 -2.65739e-05 0.00179746 0.00347558 -0.00233861 -0.00427502 0.00192822 -0.000793127 -0.00149077 -0.00371684 -0.0125042 
-0.00373435 0.000550341 0.00136804 0.00176661 -0.0019173 0.00022006 0.00331854 -0.00265706 0.00306803 -0.00127238 -0.000773885 -0.00340139 -0.00580266 -0.00522015 0.00192169 -0.00250155 -0.00293317 -0.00744973 -0.00602498 -0.00207108 -0.000529733 0.0056214 -0.00519022 -0.0060711 0.000854857 -0.00389558 -0.00278699 -0.00282192 0.00461469 0.00391562 0.00329878 -0.00318991 0.053412 0.0033214 0.00399364 -0.000274293 -0.00208936 -0.00139276 0.00150671 -0.000432073 0.000476958 0.00183162 -0.000665867 0.00160912 -0.000842318 -0.00250148 -0.00301567 -0.00110456 -0.00275304 -0.00197827 -0.000217676 -0.00428363 -0.000549523 0.00334051 0.000674645 -0.00115933 -0.00152263 0.000998239 0.00031502 0.000173324 0.000329833 -0.00120798 0.00520863 -0.00142371 0.00156774 0.00243863 0.000347363 0.000398975 -0.00331135 -0.0014905 -0.000686869 0.00201476 0.0011897 -0.000750298 0.00193151 0.000486716 -0.0012549 -0.000210155 0.00126222 0.00292662 0.00201297 -0.000184043 -0.00146398 0.000208615 0.00124516 0.000257124 -8.69578e-05 -0.000862626 -0.000290643 -0.0031316 -0.000331364 -0.00249956 -0.00137831 -0.00283575 -0.00239873 0.00135411 -0.00111887 -0.000375558 -0.000682224 -0.00434896 
-0.00334202 -0.00298285 0.007519 0.00022195 0.014498 -0.00109611 -0.00515825 -0.00472664 0.00512836 -0.00382776 0.000609657 0.00996078 -0.0029696 0.0132228 0.00342758 0.00193011 0.00499271 -0.0110419 -0.0215007 0.000269569 -0.00101204 -0.00265509 -0.0242143 -0.00767795 -0.0112381 -0.00144088 -0.0031385 0.000436795 0.00320654 0.00750211 -0.00430094 0.000459798 0.0033214 0.114489 0.00171158 0.000927388 0.00259642 -0.00933122 -0.00256864 0.00076421 -0.00251877 0.0022461 0.00754643 0.00240683 -0.000944758 -0.00297894 -0.00622766 -0.0113081 -0.000198186 -0.00503306 0.000145654 -0.00858972 -0.00153357 0.00229098 -0.000976707 -0.00180594 0.000775722 0.0022132 0.000480731 -0.00542349 4.71971e-05 0.000615244 -0.00223466 -0.000977844 -0.0029334 0.0015168 0.000761767 -0.000904248 0.000492061 -0.000424031 -0.000456925 -0.00797265 -0.0173298 -0.00481015 -0.000297475 -0.00192917 -0.0011741 -9.41734e-05 -0.00260879 0.00323876 -0.00324694 0.000941765 0.000305357 0.000129067 0.00300808 -0.0037303 0.0007024 0.000862182 0.00311625 -0.00437422 -0.000624269 0.00768135 -0.00132461 0.00262835 -0.00290458 -0.00141268 0.000475785 -0.000884904 -0.00514228 -0.00226881 
