0.146677 0.00962146 0.00192472 0.00807048 -0.0062447 0.000382607 -0.00324569 0.00346722 -0.00453856 0.00655968 0.00116061 -0.0141193 -0.000108003 -0.00378919 -0.00387721 0.00676587 0.00255993 -0.018833 0.0288507 -0.0055282 -0.0111328 0.00519417 -0.0238806 -0.00876948 -0.000175064 0.00983464 -0.0190087 -0.00266156 -0.00873862 -0.00358769 -0.010508 -0.00147386 -0.000177873 -0.0012637 -0.000573736 -0.00112513 -0.0030072 -0.00612682 0.010048 -0.0213798 -0.00227139 -0.0029985 0.0016128 0.00528745 -0.0051982 -0.00703387 0.00460099 -0.00147704 0.00213037 0.000352932 -0.00144985 -0.00228744 -0.00314591 0.00459805 -0.00173254 -0.00765599 -0.0070128 -0.000291957 0.00555198 -0.00369475 -0.0051521 -0.000650652 -0.000431851 -0.00540771 0.00287652 -1.75858e-05 -0.00259498 -0.00315037 0.000301611 -0.0100649 -0.000654254 0.00124198 0.00714906 -0.00216344 -0.000797581 -3.7048e-05 -0.0001138 -0.000645796 0.00251658 -0.0097021 -0.00190159 0.000575865 -0.000790944 -0.00246776 -0.0017852 0.00628919 -0.00345737 0.000280281 0.00116211 -0.00184183 -0.000857133 0.000320344 -0.00489331 -0.00485721 -0.00380606 0.00914201 -0.0011028 0.000275108 0.000730136 0.00135735 
0.00962146 0.109083 0.003119 0.00973645 8.19376e-05 -0.00469946 -0.00453687 -0.000607684 -0.0021264 1.05544e-06 0.00158178 -0.00188165 -0.00484191 -0.00268036 0.010556 0.00741467 0.00260819 -0.000368425 0.00802539 -0.00708284 -0.00359164 -0.00517902 -0.0196953 -0.00266642 -0.010637 -0.000849071 -0.00347117 -0.00134376 -0.00537386 -0.00300932 -0.00196699 0.000341003 -0.00187777 -0.00259293 0.00429435 -0.00030842 7.47231e-05 -0.00176827 -0.00243653 -0.0157782 -0.00274342 -0.00385964 0.00478056 -0.00208335 0.000684833 -0.00508876 -0.00481064 -0.00242136 -0.000825371 0.0086798 -0.00175038 0.00130223 -0.00116121 -0.00427401 -0.00113474 -0.00611666 -0.0117974 -0.00102966 -0.0013334 -0.00146749 -0.000672938 0.00377914 -0.00151299 0.00233404 -0.0015602 -0.00142881 0.00514598 0.00208737 -0.00147272 -0.00625562 -0.00204853 -0.00145696 -0.000405163 0.000234895 -0.000107733 0.00186013 -0.00656367 -0.000177552 0.00138498 -0.00484613 0.000249202 -0.00164824 -0.00149733 -0.000682275 -0.00158511 0.0115365 -0.00537779 -0.00329617 -0.00219888 0.000962402 -0.0017015 0.000785793 -0.0025385 0.00500178 -0.0010412 -0.00187115 -0.00218655 -0.000332609 3.66105e-05 0.00034929 
0.00192472 0.003119 0.0288226 0.000205244 -2.29141e-05 0.00302011 0.000377794 0.00165819 -0.000750595 0.00266605 -0.000456267 0.000612132 -0.000744826 4.86866e-05 -0.00399878 0.000757191 -0.000188829 -0.000818924 0.00344937 -0.000671031 -0.00417484 -0.00124766 -0.00639416 -0.00368867 -0.00330703 -0.00216551 -0.00229698 -0.000863053 -0.00313093 -0.000204356 8.32531e-05 -0.000512095 -0.000176194 -0.00136687 0.000316673 0.000213725 0.000431548 0.000638467 0.000837958 -0.00253061 -0.000243529 1.88363e-06 0.00113375 0.000789424 -0.000444869 -0.00108297 -0.00285905 0.00145395 -0.000192169 0.000614546 -0.00115007 -0.00028089 -0.000102668 0.00068714 -0.000171565 -0.00306113 -0.00203639 0.000350046 0.000879993 -2.70273e-05 -0.00164544 0.000905175 0.000630385 -0.0011159 -0.000935732 0.000903594 -0.000952947 0.000198317 -8.98479e-05 -0.00199233 0.000338033 0.00149212 0.00121025 3.74536e-05 -2.26225e-05 0.00164032 -0.000825243 -0.000175828 0.00386798 -0.0015281 -6.92049e-05 0.000970227 -4.94577e-05 -0.000611635 -5.74829e-05 -0.000284526 -0.00235786 -0.000860916 6.91073e-05 0.000164193 -0.00145491 9.57779e-05 -0.000426907 -0.000987659 -0.000574575 -0.000414473 -0.000123957 0.000124306 6.28342e-05 0.00111745 
0.00807048 0.00973645 0.000205244 0.134035 0.00125203 0.0124568 -0.00502454 -0.00227966 -0.00261611 -0.0030757 -0.0028212 0.00513902 -0.00557371 -0.00636487 0.0133489 -0.00592033 -0.0176279 -0.00551289 0.00202952 -0.00877438 -0.0171413 0.00307417 0.00443412 0.0176354 -0.0168152 0.00611923 -0.00556564 -0.00433013 0.00576189 -0.0108098 0.00249754 -0.000895438 -4.88523e-05 0.00301113 0.000989674 -0.00297377 -0.00365695 -0.00481111 -0.00344103 -0.0112577 0.000388807 -0.0040681 -0.000220605 -3.30267e-05 -0.000956833 -0.00752461 -0.00285026 0.00396097 -0.00257688 -0.0074215 -0.000248141 -0.00158562 -0.00185305 -0.00586541 0.00102527 0.00170003 -0.00689693 -0.00196347 -0.00610332 -0.00232082 -0.00277726 -0.00186758 -0.00486149 -0.00948816 -0.00199868 -0.00440091 0.00712514 -0.00375495 -0.000887275 -0.00795706 0.000534518 -0.00476644 -0.000139732 -0.00301854 9.15393e-05 -0.000869181 0.00776667 -0.000902342 -0.00957249 0.00161451 -0.000402958 -0.0112407 -0.00040822 0.00476849 -0.00077224 0.0156128 0.000373417 0.000254832 0.00211303 -0.000809253 -0.000201134 0.000246369 -0.00204706 0.00193599 0.00343051 -0.00490654 0.00023405 -0.00456526 -6.41419e-05 -0.000466846 
-0.0062447 8.19376e-05 -2.29141e-05 0.00125203 0.109931 0.00970039 -0.00775653 -0.00254941 -0.00132811 -0.000486687 0.00502528 -0.00318091 0.0046159 -0.00184239 0.00903038 -0.0060323 0.0052117 -0.00410185 0.00458618 0.00485379 0.00865693 -0.00200222 -0.00510714 -0.0100328 -0.00713616 -0.00107172 -0.00818939 -0.00679177 0.00486636 0.00317988 -0.00831904 -0.00451019 -0.00308874 -0.00192729 -0.00580683 0.00176279 0.00301806 0.00083239 0.00271504 -0.0134772 0.00187282 -0.000766923 -0.00487874 -0.000143286 -0.00245639 0.000573525 -0.0112977 -0.00616705 -0.001765 -0.00555611 0.00318841 -0.000286754 0.0023806 0.00102345 -0.000707637 -0.00565987 0.00710399 -0.000339401 -0.00349088 0.000352201 -0.0031481 0.00302678 0.00463609 -0.0019267 -0.00210824 0.00590001 0.00837448 -0.00294578 -0.000593143 0.00103739 -0.00159169 -0.00143847 -0.00178811 -0.00110656 0.000876626 -0.0013458 -0.00275001 -0.00409799 0.00103369 -0.00649974 5.07496e-05 -0.00257898 0.00104598 0.000279015 -0.00128032 -0.00347073 -0.00603383 -0.00206345 -0.00318906 -0.00039619 -0.000350209 -0.000342786 -0.000255781 -0.00475342 -0.00492193 0.000104177 -0.00232448 -0.0035254 -0.000537253 -0.000293993 
0.000382607 -0.00469946 0.00302011 0.0124568 0.00970039 0.130843 -0.00124773 0.000292985 -0.00402951 0.0105964 0.000280551 0.0208684 -0.000185653 0.0084979 -0.0103193 0.00227946 0.0114104 0.00372832 0.0166082 0.00473419 -0.0123939 0.003053 -0.0144408 -0.00825367 -0.0238071 -0.0194206 -0.0150298 -0.00187957 -0.00192553 -0.000251714 -0.00195241 -0.00471839 -0.00672039 -0.00284555 -0.00222195 -0.000785955 0.00240593 -0.00196214 0.00396357 -0.014705 -0.000860901 0.00214162 -0.00712799 0.00299068 -0.00538073 -0.00154881 -0.00463831 -0.0034547 0.000394808 -0.00867963 -0.0049261 -0.00167406 0.00304154 -0.00373871 0.00782432 -0.00616938 -0.0111926 0.00157032 -0.00465575 0.000315424 -0.00605977 -0.000682149 0.00239158 -0.00606209 -0.00229974 0.0012578 -0.00231629 0.00465629 -0.000921583 -0.00117238 -0.00141454 0.00520382 0.00577503 -0.00125855 -0.00122236 -0.00270783 0.00828559 0.00261724 -0.0146809 -0.00257456 -0.000713261 0.00230501 -0.0011894 -0.0039493 -0.000490242 -0.000872778 -0.00524861 -0.00477501 -0.00374424 -0.000547071 -0.00496146 -0.00181748 0.00532914 -0.00543908 -0.0045751 -0.00389078 0.00109037 -0.000215724 -0.000143198 0.00147697 
-0.00324569 -0.00453687 0.000377794 -0.00502454 -0.00775653 -0.00124773 0.0864173 0.000459857 -0.000986853 0.000745701 -0.00111804 0.00420513 -0.000573083 0.00140944 -0.00596948 0.00207414 -0.000359002 -0.00800703 0.00889164 -3.27961e-05 -0.00099445 0.00339591 0.0019399 0.0029816 -0.000445716 -0.00319658 -0.00972163 -0.00485522 -0.00996384 0.00309806 0.000824063 -0.00166706 0.000271018 -0.0013394 -0.00374999 0.00248465 -0.00160407 -0.0023175 -0.00212742 -0.0021188 0.00162128 0.00219696 0.00504086 0.000316767 0.000279004 0.00169232 0.00044389 -0.00420398 -0.00076593 0.00652078 -0.00132803 0.000580581 0.00140721 0.00128188 -0.000447516 -0.0028427 -0.00725949 -0.00226818 0.00343973 0.00075263 -0.00422133 -9.43177e-05 -0.00270988 0.00263329 -0.00280578 -0.000361641 -0.00226497 -0.00378761 -0.000952163 -0.00215459 -0.00237027 -0.00250266 0.00023846 -0.000185364 -0.00154558 -0.000556884 -0.00289072 -0.00118582 0.00384366 -0.000162503 0.000759505 -0.00714605 -0.000848286 -0.00161684 -0.000355133 0.00211218 0.00378809 0.000403986 -0.00151488 0.00074622 -0.00621577 -0.0016077 -0.00148818 0.000974962 -0.00282232 -0.00518925 -0.000626886 0.00267637 -0.000650736 -0.00041756 
0.00346722 -0.000607684 0.00165819 -0.00227966 -0.00254941 0.000292985 0.000459857 0.0982021 -0.00158891 -0.000860876 0.00164698 -0.0149612 0.00416328 0.0020947 -0.0181356 0.00459172 -0.00466056 -0.00835982 0.0041588 0.00680215 -0.00763823 0.0131246 -0.0153355 -0.00446193 -0.00525972 -0.0143722 -0.00762447 -0.00242469 0.00207349 -0.00812366 0.00101215 0.000694305 0.0081954 -0.00221655 -0.00685526 0.00602209 0.00161434 -0.000719454 -0.00300594 -0.0109255 0.00100801 -0.00134486 0.00569152 -0.00122847 0.00116942 0.000652862 -0.00631647 0.00516525 -4.18768e-05 -0.000264503 -0.00283693 -0.00142996 0.000499223 0.00981413 0.000718989 -0.00247878 -0.00187195 0.000978249 -0.000680551 -0.00115838 -0.00252274 -0.00220658 -0.000558669 -0.000312137 0.0076576 0.00501341 -0.00077005 -0.000195987 0.000454106 -0.00571034 0.00119432 0.00206696 0.00185357 -0.000680158 0.000720056 -0.000145465 -0.0023899 -0.00239731 -0.0195293 0.000180292 0.000363753 -0.00429901 0.00122435 -0.00234911 -0.000210482 0.00295023 -0.00566673 -0.00210788 -0.00227836 0.000530844 0.00207616 0.00313478 -0.00213806 0.00221359 0.000936253 -0.00170235 0.00126997 -0.000658143 -0.00124538 0.00288131 
-0.00453856 -0.0021264 -0.000750595 -0.00261611 -0.00132811 -0.00402951 -0.000986853 -0.00158891 0.0602871 -0.00376307 0.00224414 -0.00263132 -0.00239381 -0.00212071 0.00874284 -9.18798e-05 -0.00829058 -0.00258003 -0.0121485 -0.00339271 -0.00691219 -0.000484805 1.22286e-05 -0.00171885 0.0025757 0.0018726 0.00354336 -0.000474122 0.00779919 -0.000903765 0.000776074 -0.000519523 -0.00055675 0.0015227 0.00365776 -0.00107853 -0.00260194 -0.00145786 -0.00387697 0.00528279 -0.00152027 -0.00179848 -0.00218622 -0.0015628 0.0014704 -0.0017514 0.000423511 0.00162732 -0.000883134 -0.000919345 0.0028778 0.00177327 -0.0008204 0.000493365 -0.000994393 -0.00152294 -0.00141225 -0.0018504 -0.001158 0.000228454 0.000108296 -0.000813356 -0.000281115 0.00400276 0.00147516 0.000777782 -0.000612464 0.001231 -0.000715038 0.00454662 0.000298623 -0.00105268 -0.002886 -0.000351232 0.000901565 -0.000476919 -0.000410894 -0.00165364 -0.00464263 -0.00323114 -0.000368388 -0.000308214 0.00191479 -0.000946362 0.000295104 -0.00339139 0.00196518 -0.000403259 -0.00091903 0.00115938 -0.00181017 -3.77749e-05 -0.00147887 -0.00126648 0.000772073 -0.00180998 -0.000630991 -0.000195397 -0.000788227 -0.000834295 
0.00655968 1.05544e-06 0.00266605 -0.0030757 -0.000486687 0.0105964 0.000745701 -0.000860876 -0.00376307 0.0968175 -0.000466737 -0.00244046 0.00973252 0.00593911 -0.0177032 0.00215816 -0.00190078 -0.0121315 0.00634549 0.0088005 -0.00163096 -0.00168914 -0.0140708 -0.00306108 -0.0170864 -0.0147076 -0.0135039 0.00278832 -0.00977474 0.00183078 -0.00127228 -0.00010641 -0.000667903 -0.00395181 -0.00390725 -0.00267204 0.0067529 0.000821741 0.011514 -0.000770884 -0.00278615 -0.0010083 -0.00301017 -0.00314035 -0.00221882 -0.000998324 -0.00396764 -0.00339904 0.000335452 0.00582793 -0.0034112 0.000925852 0.000350656 0.000146434 0.00270672 -0.00905729 -0.00895528 0.00522435 0.00143774 0.00207344 -0.00373826 0.00424511 -0.00147859 0.00356192 -0.00378368 0.000850155 -0.00333734 -2.84669e-05 -0.00134644 -0.00236757 -0.000640507 0.00194418 0.00589028 -0.000665296 -0.00140892 0.00187988 -0.00723957 -0.00176267 0.00849651 -0.00432068 -0.000788516 0.0024509 -0.000673721 -0.00310794 -0.00128506 -0.000140727 -0.00812717 -0.00518936 0.000706171 -5.75709e-05 -0.00344065 0.00108177 -0.00141159 -0.00249608 0.00286304 -0.000813964 -0.000235273 0.0024401 0.000214001 0.0038179 
0.00116061 0.00158178 -0.000456267 -0.0028212 0.00502528 0.000280551 -0.00111804 0.00164698 0.00224414 -0.000466737 0.069594 -0.00647849 0.000490197 -0.00228178 -0.00392688 0.00103984 -0.00517618 0.00513958 0.00123023 -0.0047645 -0.00391442 -0.0112799 -0.018693 -0.008369 -0.00261889 -0.00506762 0.00257695 -0.00251789 0.00683433 0.0172774 -0.00576262 -0.00096747 0.00120611 -0.00383564 0.00169772 -0.00138062 0.000507236 0.0033866 0.000147319 -0.00674914 -0.00280118 0.000291214 0.00346855 0.0100703 -0.0036205 0.00102934 -0.00296603 -0.00191532 0.00190551 0.000366972 0.000122338 0.000155258 0.000168687 -0.00169448 -0.00283359 -0.00243323 0.00114436 -7.64765e-05 -0.00108333 -0.000299028 0.000784552 -0.000772363 0.000252675 -0.00316948 0.00024811 0.00271753 -0.000566454 0.000218875 0.00102169 -0.00223933 -0.0014128 -0.00136476 -0.00229571 0.00132399 0.000916443 0.00155747 -0.00409215 -0.0015166 -0.00171565 -0.00404191 4.02587e-05 0.0029711 0.000917609 -0.00189582 0.000289286 -0.00289822 -0.00388016 0.00075869 -0.0018014 0.000959766 -0.00332907 0.00312577 -0.00119761 -0.00253758 0.00018759 -0.0019132 -0.000869655 -0.000297891 -0.000535452 0.00263204 
-0.0141193 -0.00188165 0.000612132 0.00513902 -0.00318091 0.0208684 0.00420513 -0.0149612 -0.00263132 -0.00244046 -0.00647849 0.218779 0.000640834 -0.00407421 0.00754375 -0.00840375 0.029027 -0.00687268 -0.00407631 0.00350171 -0.0128673 -0.00218926 0.0311946 0.0111512 0.00914294 -0.0134032 -0.0101429 -0.0148663 -0.0229624 -0.0433971 -0.00392865 -0.00165858 -0.0132093 0.00873939 0.0185787 -0.00540494 0.00940059 0.0020584 -0.0026785 0.0172511 -0.00146079 -0.00560381 -0.0179658 -0.00624529 0.00163923 0.00587733 -0.00498472 -0.00182359 -0.00286766 0.00168716 -0.00933003 -0.00110404 -0.000165093 -0.00700187 -0.00408008 -0.0196347 -0.0102479 -0.00299057 -0.00308868 0.000972166 -0.0114088 -0.00490321 0.000953996 -0.00409328 -0.0101857 -0.00994935 0.0152549 0.0129499 -0.00620722 0.00369885 -0.00061652 -0.00121229 -0.00117656 -0.00293593 -0.00213196 -0.00302358 -0.00565744 0.0127784 -0.0218296 -0.00855748 -0.00123139 -0.00401565 -0.00434939 0.00226356 -0.000848258 -0.00933152 0.0212781 -0.00736974 -0.0110142 -0.00258047 -0.00520128 -0.00551164 0.00350898 -0.011269 -0.00812371 -0.00510181 0.00460778 -0.00455332 0.00139014 0.00211919 
-0.000108003 -0.00484191 -0.000744826 -0.00557371 0.0046159 -0.000185653 -0.000573083 0.00416328 -0.00239381 0.00973252 0.000490197 0.000640834 0.137688 0.00364183 -0.00968534 0.00617608 0.00948079 -0.00113704 -0.0124239 0.0216748 0.017056 -0.00944028 0.00716761 -0.0221773 -0.0232081 -0.0309339 -0.00842913 -0.00440062 -0.00400208 -0.00176452 -0.00399908 0.00148005 0.00403485 -0.00406493 -0.00825422 -0.00459645 0.00179384 -0.000132107 -0.00473577 -0.00718646 -0.000271733 -0.00194264 -0.00484746 -0.00178665 -0.0035227 0.00115218 -0.00556813 -0.00508596 -0.00189561 0.00776651 -0.00094665 0.00500539 0.0025003 0.00191806 0.0021548 -0.0214878 0.00686562 0.000617337 0.00357158 0.000180311 4.42134e-05 0.000371614 -0.00180585 -0.00769178 -0.000933269 0.00162208 -0.00674955 0.00169559 -0.00163558 -0.00375455 0.00192142 0.00122928 -0.00476166 0.00135062 0.00257932 0.000431817 -0.000318633 -0.00478476 -0.0102482 -0.00472987 -0.00119645 0.00606526 -0.0018089 -0.00392872 -0.00145397 -0.0114459 0.00224751 -0.00323349 0.00133078 0.000770154 0.00816586 0.00503991 0.000903672 -0.00343111 -0.00367564 0.00141529 0.00037529 -0.00271929 0.000267278 0.00325887 
-0.00378919 -0.00268036 4.86866e-05 -0.00636487 -0.00184239 0.0084979 0.00140944 0.0020947 -0.00212071 0.00593911 -0.00228178 -0.00407421 0.00364183 0.0922231 -0.00694993 0.0022284 -0.00842007 0.00818348 -0.00116471 0.00556541 0.00524722 -0.00682704 -0.012066 -0.0193834 -0.0171274 -0.00544573 -0.0128186 0.000585108 -0.00684605 -0.00268298 0.00816478 -0.00259308 -0.000850483 -0.00494366 -0.00331575 -0.000145116 0.00318007 0.00185697 0.00295056 0.000885879 -0.0022074 0.00737739 0.000424613 0.001009 -1.73784e-05 0.00269211 -0.00220818 -0.00154103 -0.00262438 -0.0049323 -0.0031497 -0.00107826 -0.00058341 -0.00293291 0.00284691 -0.00480479 0.000456646 0.00242109 -0.00137249 -0.000474083 1.47782e-05 0.000612433 -0.000732665 -0.00378242 -0.0017092 -0.00077655 -0.00413932 0.00139308 3.06495e-05 -0.000747097 -0.0019785 -7.58645e-05 0.0053938 0.00304329 -0.000570114 -0.0011734 -0.00625642 -0.000318425 -0.000501575 0.00354206 0.00131018 0.00171516 0.000429158 -0.0025368 -0.000445761 -0.00273183 -0.00637088 -0.00146914 0.00166226 0.00091139 -0.00158336 -0.000440581 0.000759582 -0.000182858 0.000584835 0.00453938 0.00344379 0.00303965 -0.000165155 -0.00100813 
-0.00387721 0.010556 -0.00399878 0.0133489 0.00903038 -0.0103193 -0.00596948 -0.0181356 0.00874284 -0.0177032 -0.00392688 0.00754375 -0.00968534 -0.00694993 0.246168 -0.0022487 -0.0225768 0.0174127 -0.037706 -0.00621259 -0.0406357 -0.00564191 0.0131448 0.00643526 -0.0338327 0.00977951 -0.00574063 -0.00364164 0.0118565 -0.00260374 -0.0245633 0.0101131 -0.00711805 -0.00737623 -0.00642948 0.00080941 0.0159064 0.000936775 0.0111977 -0.012867 0.00200488 -0.00632824 -0.00218288 -0.0121048 -0.00696458 -0.000412941 -0.00591802 0.00219344 0.00229464 -0.00312253 0.00441208 -0.00124872 -0.00123329 -0.00486908 -0.00374386 0.00219166 -0.00952767 -0.00757668 -0.0164604 -0.000307631 -0.00352078 -0.0010807 0.0016317 0.00365002 -0.00324456 -0.0134916 0.0137505 -0.00124152 -0.000518892 0.0287128 -0.000926601 -0.0019839 -0.0030353 -0.000332965 0.00291552 -0.00321038 0.010897 -0.00962886 -0.0194892 0.000645384 0.000106531 -0.0235746 0.00224061 0.00619576 0.000337592 0.0119504 0.0196054 0.00136501 -0.000616235 0.000131147 -0.00209738 -0.00170335 0.00232952 -0.00019985 -0.0115001 -0.01139 -0.00260258 -0.00871141 -0.0038205 -0.00286044 
0.00676587 0.00741467 0.000757191 -0.00592033 -0.0060323 0.00227946 0.00207414 0.00459172 -9.18798e-05 0.00215816 0.00103984 -0.00840375 0.00617608 0.0022284 -0.0022487 0.0958626 -0.00769759 -0.00837808 0.0064181 -0.00308255 0.00203468 0.00239078 -0.0122999 -0.000750224 -0.0123262 -0.0203712 -0.018708 0.00478187 0.00231866 -0.00310183 -0.00543735 0.00162018 0.00516158 0.00220135 -0.0127559 0.00178604 5.43621e-05 -0.000412192 -0.00322538 -0.0125993 -4.4165e-07 0.00301409 0.00248452 -0.00066341 -0.00198924 -0.00353189 -0.00712099 -0.00255678 -0.00096859 0.00761755 -0.00118779 0.000749247 0.000338532 0.00494041 0.00225544 -0.00454429 -0.000746613 0.00254261 0.00109182 -0.00144961 -0.00425269 -0.000765685 0.000967883 -0.00350201 -0.000357169 0.000564311 -0.00367874 -0.00148425 -0.000641924 0.00542948 0.00438363 0.0013162 0.000553317 -0.000367842 0.00127917 0.0036011 1.19125e-05 -0.00365145 -0.0138312 -0.000939638 -0.000490541 0.00192743 0.000543297 -0.000444039 0.000492281 -0.000443642 0.00147388 -0.00186931 -0.00320022 0.000584177 0.00246327 0.000136511 -0.000173329 -0.000433499 -0.00524624 0.00193925 -0.000695235 -0.000717719 0.0010924 0.00187943 
0.00255993 0.00260819 -0.000188829 -0.0176279 0.0052117 0.0114104 -0.000359002 -0.00466056 -0.00829058 -0.00190078 -0.00517618 0.029027 0.00948079 -0.00842007 -0.0225768 -0.00769759 0.249806 -0.0208463 0.00968317 0.0147169 0.00383674 0.0199417 0.039434 -0.0525416 0.0204543 -0.00195582 -0.0143891 -0.00512493 -0.0290634 -0.0282537 0.00895418 -0.00686735 -0.013413 0.00783174 -0.00231138 -0.0169642 0.000810041 -0.00831547 0.00526177 0.00750203 0.00524727 -0.0119028 -0.00508462 -0.00492924 0.00328068 -0.0138689 0.00766368 -0.00823752 -0.0022124 -0.00295011 0.000326066 0.0029485 0.00524757 4.31479e-05 -0.00238874 -0.00900442 -0.0158054 -0.00913076 0.0121247 -0.0046138 -0.00215767 -0.000446954 0.0023599 0.00393388 -0.0123545 -0.00309577 0.00630751 0.00164805 -0.00533339 -0.00319101 -0.00482489 -0.000798742 0.00225866 -0.00402371 -0.00466785 -0.00510301 0.00542182 -0.00325973 0.00484134 -0.0066202 -0.000860153 0.0143126 -0.00593612 -0.0082827 -0.0053152 -0.0111709 -0.0198093 -0.0144985 -0.00664691 -0.00453303 0.00228794 -0.000716447 5.585e-05 -0.0110701 -0.0183434 0.00468309 -0.00162537 -0.00209409 -0.00152595 0.00185536 
-0.018833 -0.000368425 -0.000818924 -0.00551289 -0.00410185 0.00372832 -0.00800703 -0.00835982 -0.00258003 -0.0121315 0.00513958 -0.00687268 -0.00113704 0.00818348 0.0174127 -0.00837808 -0.0208463 0.2459 0.0198626 -0.0198665 -0.00760564 -0.0436555 -0.0388571 -0.00315417 -0.0221407 -0.0107179 0.040583 0.00623636 -0.0151057 0.0385783 -0.0112673 -0.00421488 -0.0112504 -0.0233236 0.000655595 0.000959302 0.00273489 0.00395929 0.0131315 -0.0246099 -0.00514202 0.00819655 -0.00688516 0.00063669 -0.00849939 0.0158642 0.00116113 0.00101135 0.00786598 0.000288705 -0.00550782 -0.0053569 -0.0041395 0.000293604 0.00199219 0.0107087 -0.00386517 -0.00377535 -0.00742645 -0.00324647 -0.0037547 -0.00567515 -0.00433629 -0.00219673 -0.00817597 -0.00377149 -0.00786646 0.00922011 -2.85398e-05 -0.0136693 -0.00473149 -0.0173946 -0.00286957 0.00558207 0.000239214 -0.00511395 -0.000204235 -0.00773381 0.0228027 0.00745918 0.00139826 0.00824988 0.000232235 -0.00295428 -0.000197359 -0.00961304 -0.00622674 0.0101699 0.0128998 0.00177593 -0.010609 -0.00364521 -0.00342466 -0.00443828 0.00141864 -0.011723 0.0030517 0.00217124 -0.00483625 -0.00900345 
0.0288507 0.00802539 0.00344937 0.00202952 0.00458618 0.0166082 0.00889164 0.0041588 -0.0121485 0.00634549 0.00123023 -0.00407631 -0.0124239 -0.00116471 -0.037706 0.0064181 0.00968317 0.0198626 0.247769 -0.00900422 -0.0138765 -0.00686829 -0.0251306 -0.0151124 -0.0117574 -0.00504016 -0.0107409 -0.00681085 -0.0100452 0.00519497 0.00314811 -0.0105702 0.00208914 -0.0119415 0.00650068 0.00286457 -0.00604868 -0.00714841 0.0128052 -0.0316118 -0.00750007 0.000831271 -0.00344838 0.00688492 -0.0121067 -0.00426364 -0.0127082 -0.00461279 0.00517964 0.00594047 -0.00720303 -0.00849343 -0.00379378 0.0116387 -0.00567409 -0.0132818 -0.0144169 -0.00242345 0.00927174 -0.00617063 -0.0247864 -0.00141828 -0.000676032 0.00115579 -0.000496684 0.00584996 -0.002018 -0.00348906 -0.00527444 -0.00951232 -0.00361454 -0.00173247 0.00414055 -0.00118828 -0.00504062 0.000362938 -0.0139215 -0.00494456 0.0195766 0.00648097 -0.00140323 0.00806758 -0.00463261 -0.0116409 -0.00212148 -0.000419078 -0.0164845 0.00448306 -0.0143126 -0.00355523 0.00411391 0.00373915 -0.00488662 -0.00639037 -0.00566743 1.24427e-05 -0.00201035 0.00654227 -0.000941603 0.0031193 
-0.0055282 -0.00708284 -0.000671031 -0.00877438 0.00485379 0.00473419 -3.27961e-05 0.00680215 -0.00339271 0.0088005 -0.0047645 0.00350171 0.0216748 0.00556541 -0.00621259 -0.00308255 0.0147169 -0.0198665 -0.00900422 0.175209 0.0173192 -0.0132008 0.00463998 -0.0190891 -0.0111716 -0.0174362 -0.0205028 -0.00235641 -0.0119194 -0.0089097 -0.00519537 -0.00224374 0.0021029 -0.00734606 -0.0180834 -0.00361132 0.00596263 -0.000564555 -0.00157855 0.000308282 0.000189612 0.00165305 -0.000345638 -0.00632966 0.00328626 -0.00527673 -0.0196878 -0.0048642 -0.00321579 0.00653649 -0.00190434 0.00300874 0.00140881 -0.000560014 0.0066809 -0.0134479 -0.0056356 0.00171979 -0.00532861 0.00265251 -0.00127595 0.00685056 0.003332 -0.00473527 0.00665919 -0.00119571 -0.00837719 -0.00367353 -0.000737039 -0.00503304 -0.00247234 0.00329646 0.000535527 0.00101859 -0.000744691 -0.00535885 -0.00185762 -0.00379855 -0.0106409 -6.66815e-05 -0.00151752 0.0055299 4.07223e-05 -0.00435622 -0.00341303 -0.00558068 -0.0035607 -0.00709291 0.00367347 -0.000332373 0.0195305 0.000549015 0.00530261 -3.81695e-05 -0.004872 -0.00265068 -0.00211878 0.00135247 -0.000293922 0.00301294 
-0.0111328 -0.00359164 -0.00417484 -0.0171413 0.00865693 -0.0123939 -0.00099445 -0.00763823 -0.00691219 -0.00163096 -0.00391442 -0.0128673 0.017056 0.00524722 -0.0406357 0.00203468 0.00383674 -0.00760564 -0.0138765 0.0173192 0.245914 0.00650603 0.0093 -0.0269689 0.0107249 -0.019392 -0.0127161 -0.00575514 -0.0186597 -0.000578631 0.00376491 -0.00242409 -0.00202536 -0.0129793 -0.00509852 -0.00490826 -0.0101479 0.00819807 -0.0169611 0.00202578 0.00344278 0.00873323 -0.00881429 -0.00584419 -0.00658707 -0.00026008 -0.00724232 -0.0147604 -0.00930853 0.00179106 0.0121278 -0.000955281 0.00394055 -0.00729357 -0.00110908 -0.00871335 0.00287422 0.00358512 -0.00224295 -0.00152039 0.00891174 0.00456279 0.00435346 0.00189988 0.00641306 0.00266001 -0.0195077 -0.00803777 0.00467045 -0.0103609 -0.00712259 0.00149199 -0.00793915 0.000505855 0.000465133 0.000690716 -0.00148791 0.000725571 0.00130973 0.000865469 -0.00227195 0.00457301 -0.00298571 -0.000287291 -0.00161629 0.00455712 -0.00669471 -0.00548152 -0.00272686 -0.00427081 0.000312981 0.00366322 -0.000823164 -0.00492 -0.00506499 0.0157573 0.000935119 0.00579911 0.0011636 -0.00399034 
0.00519417 -0.00517902 -0.00124766 0.00307417 -0.00200222 0.003053 0.00339591 0.0131246 -0.000484805 -0.00168914 -0.0112799 -0.00218926 -0.00944028 -0.00682704 -0.00564191 0.00239078 0.0199417 -0.0436555 -0.00686829 -0.0132008 0.00650603 0.243554 0.00861173 -0.0017975 0.02472 0.00925674 -0.0232381 -0.00564297 -0.00163608 -0.0363345 -0.00249747 0.00662385 -0.00593288 0.00323357 -0.0148379 -0.00262908 -0.00429063 -0.00992224 0.0142506 0.0109551 0.0062581 -0.00678537 -0.00579177 -4.03369e-05 0.00290939 -0.022684 -0.00464131 -0.00456723 -0.00729512 -0.015695 -0.0166463 -0.00866173 -0.00150467 -0.0116248 -0.00370626 0.0201255 -0.00831347 -0.00220825 0.00245846 -0.000387309 0.00707492 -0.00267074 0.00414532 -5.28053e-05 -0.00410123 0.00561883 0.0102499 -0.00540545 0.00108125 -0.00287911 -0.00106628 0.00476394 -0.00872012 -0.00601175 -0.00436963 -0.00269784 0.00111019 -0.00121232 -0.0167143 0.00344844 -0.00133006 -0.00934542 -0.00430726 -0.00123348 0.00355007 0.0145185 0.00759262 -0.00892281 -0.0119227 -0.00778759 -0.0228975 0.00536628 -0.00223589 -0.0140992 -0.00427299 0.00839796 0.000814826 -0.00523672 -0.000794394 0.00193496 
-0.0238806 -0.0196953 -0.00639416 0.00443412 -0.00510714 -0.0144408 0.0019399 -0.0153355 1.22286e-05 -0.0140708 -0.018693 0.0311946 0.00716761 -0.012066 0.0131448 -0.0122999 0.039434 -0.0388571 -0.0251306 0.00463998 0.0093 0.00861173 0.229041 0.0103308 0.0141671 0.000849668 -0.00924034 -0.00145612 -0.0013039 -0.0351001 0.0171281 0.0092918 -0.00813921 0.0144313 -0.0109804 -0.0111848 -0.00821706 -0.00831987 -0.0174519 0.0289423 0.00392524 -0.0078445 -0.00736962 -0.0143863 0.00707452 -0.00293748 -0.00241735 -0.00250915 -0.00321489 -0.00800323 -0.00307642 -0.00363516 0.00223957 -0.0072098 -0.00327203 -0.00589941 0.00380836 -0.00641071 -0.00687581 4.70804e-05 -0.00341598 -0.00704321 0.000737259 0.00170013 -0.000575365 -0.00532658 0.0143134 -0.000488782 -0.0037673 0.0129665 -0.00721369 -0.00261204 -0.00779684 -0.00498204 -0.00664504 -0.00762539 0.015907 -0.00427729 -0.0177048 0.00224124 -0.0023557 -0.0220555 -0.00255899 0.00266442 -0.00342451 -0.00335773 0.0192719 -0.00491648 0.00111499 -0.00263322 0.0142325 -0.00900727 0.0050611 -0.00100859 -0.00626724 0.00151752 -0.00237327 -0.00499371 -0.00111566 -0.00491484 
-0.00876948 -0.00266642 -0.00368867 0.0176354 -0.0100328 -0.00825367 0.0029816 -0.00446193 -0.00171885 -0.00306108 -0.008369 0.0111512 -0.0221773 -0.0193834 0.00643526 -0.000750224 -0.0525416 -0.00315417 -0.0151124 -0.0190891 -0.0269689 -0.0017975 0.0103308 0.23454 0.00565953 0.00264091 0.016737 0.00249153 -0.0142968 0.00679109 -0.0159603 -0.0091048 0.00370691 0.00593146 0.0181273 0.00336258 -0.00595512 -0.00163999 -0.0176057 -0.00113357 -0.000840295 -0.00698923 -0.00578046 -0.000387857 0.00234746 0.0126636 -0.012612 0.000608181 0.00153914 0.00339787 -0.00736459 0.00464786 -0.00558613 0.00678848 0.00370815 0.0060216 -0.00876597 -0.00258151 -0.00836527 0.0055494 -0.000946422 -0.00569956 -0.00758983 0.000237076 -0.00286605 -0.00919416 0.00520674 -0.00729256 0.00261388 0.0076757 -0.00395833 -0.00720025 -0.00537889 -0.00289177 0.000704436 -0.000418936 -0.00887024 0.00473389 -0.000675887 -0.00758825 -0.00117316 -0.0142918 -0.00198289 0.00330593 0.00150665 0.0107064 0.0189819 0.00724679 0.00337503 -0.000603094 -0.0137254 -0.00578559 -0.00420352 0.0112507 0.00258281 -0.0191511 -0.000291405 -0.00594211 0.000755945 -0.00199043 
-0.000175064 -0.010637 -0.00330703 -0.0168152 -0.00713616 -0.0238071 -0.000445716 -0.00525972 0.0025757 -0.0170864 -0.00261889 0.00914294 -0.0232081 -0.0171274 -0.0338327 -0.0123262 0.0204543 -0.0221407 -0.0117574 -0.0111716 0.0107249 0.02472 0.0141671 0.00565953 0.240322 0.0442887 0.0110668 -0.00324037 -0.0126791 -0.0221029 0.00427024 -0.00338801 -0.00545633 0.00265901 0.00857794 -0.00457825 -0.0232367 -0.00557856 -0.00681473 0.0392667 0.0083622 -0.009646 0.00159774 -0.00145882 0.0119321 -0.0160241 0.0272903 -0.0126671 -0.00651127 -0.00643696 0.002045 -0.00389715 -0.00202102 -0.000391705 -0.00976594 0.0218428 0.00978852 -0.0052194 0.00457701 0.00227781 -0.00832231 -0.00998403 -0.00735212 -0.00515831 -0.00705347 0.00543788 -0.00122451 -0.00819751 0.00161133 -0.0227432 -0.00555273 0.00878217 -0.00864681 -0.00579083 -0.00509418 0.00124628 -0.0246902 0.00806528 0.0108623 -0.0104506 -0.00533387 0.0162633 -0.00247994 -0.00401193 0.000769255 -0.00824253 -0.00821831 0.00115403 -0.00591643 -0.00241744 -0.0198265 -0.00570203 -0.00648267 0.00166781 0.00317462 -0.00390882 -0.00534197 -0.000591574 -0.000762444 0.002821 
0.00983464 -0.000849071 -0.00216551 0.00611923 -0.00107172 -0.0194206 -0.00319658 -0.0143722 0.0018726 -0.0147076 -0.00506762 -0.0134032 -0.0309339 -0.00544573 0.00977951 -0.0203712 -0.00195582 -0.0107179 -0.00504016 -0.0174362 -0.019392 0.00925674 0.000849668 0.00264091 0.0442887 0.24942 -0.00240621 -0.0076106 0.00158797 -0.0186966 -0.00307618 -0.00525569 0.00471756 0.00483876 -0.006262 0.000446978 -0.0136656 -0.00897921 -0.00624795 0.0165108 -0.00943624 -0.00215529 0.0043609 0.000953068 0.00742208 -0.0173629 0.0193342 0.00420266 -0.00560958 -0.0191342 -0.00028641 0.000343915 -0.00664248 -0.00181151 -0.00897123 0.00342114 0.0145819 -0.00148863 -0.00227198 -2.71688e-05 0.0124677 0.00441594 -0.00225474 -0.00212649 -0.00854479 -0.00442165 -0.00508615 -0.0137396 0.000445598 -0.00264342 0.00368084 -0.00204608 -0.00641839 -0.00656935 -0.00443142 -0.0101476 -0.0151252 0.00914696 0.0290858 -0.0114727 -0.00162089 0.0022134 -0.00226704 0.00912646 0.00137212 -0.00318912 -0.0102972 0.0101022 -0.00399241 -0.00426901 -0.0150002 -0.0080977 -0.00434861 0.002179 0.00267049 -0.00932458 -0.00556968 -0.00281736 -4.33641e-05 -0.00488069 
-0.0190087 -0.00347117 -0.00229698 -0.00556564 -0.00818939 -0.0150298 -0.00972163 -0.00762447 0.00354336 -0.0135039 0.00257695 -0.0101429 -0.00842913 -0.0128186 -0.00574063 -0.018708 -0.0143891 0.040583 -0.0107409 -0.0205028 -0.0127161 -0.0232381 -0.00924034 0.016737 0.0110668 -0.00240621 0.214058 0.0106988 0.0204821 0.0107047 0.016042 -0.0100392 -0.00958475 -0.00545039 0.0269572 -0.000262446 -0.00348164 -0.00347766 -0.00716746 0.00249031 -0.00541046 -0.00328667 -0.00384101 -0.000625176 -0.000935478 0.0142304 0.0122901 -0.0017173 -0.00370235 -1.71597e-05 -0.00644475 -0.00476206 -0.00290581 -0.0115333 -0.0060639 0.00766384 0.00498829 -0.00241789 -0.00322872 -0.0052908 -0.00437369 -0.0107993 -0.00683813 -0.00136125 0.00131687 -4.82623e-05 0.00499914 0.000253946 -0.00115124 -0.00804434 -0.00202161 -0.0112487 -0.0075462 0.000382563 0.000506221 -0.00708939 -0.00710901 0.000693934 0.038228 -0.007497 -0.00256494 -0.000313121 -0.00118395 -0.00205552 -0.00251573 -0.00345065 -0.00742924 0.00471058 0.00209703 -0.00278651 0.000656695 -0.00742818 -0.00995917 -0.000727331 0.0132924 -0.0074124 -0.00281395 -0.00673859 -0.00371271 -0.0108994 
-0.00266156 -0.00134376 -0.000863053 -0.00433013 -0.00679177 -0.00187957 -0.00485522 -0.00242469 -0.000474122 0.00278832 -0.00251789 -0.0148663 -0.00440062 0.000585108 -0.00364164 0.00478187 -0.00512493 0.00623636 -0.00681085 -0.00235641 -0.00575514 -0.00564297 -0.00145612 0.00249153 -0.00324037 -0.0076106 0.0106988 0.104743 -0.00126627 -0.00518789 -0.00203349 -0.00220993 0.000638386 -0.002629 -0.00938166 -0.00257068 -0.00213765 0.0013088 -0.00373943 -0.00373597 -0.0011168 0.00299987 0.0021806 -0.000449129 2.40621e-05 -0.00100536 -0.00135398 -0.00481827 -0.00203961 0.00438971 0.00115612 -0.00235004 -0.00158191 -0.00381419 0.00247301 6.325e-05 -0.007017 0.00239562 0.000637742 0.00135243 0.000174335 -0.00373598 -0.00197184 0.00424973 0.00306324 -0.0010165 -0.00546874 0.0013291 -0.00133689 -0.0024198 0.00261857 -0.000285782 -0.00204003 -0.000291929 0.00118627 0.00276241 0.00300693 5.32825e-05 0.00744066 0.000377652 -0.00115844 -0.000360692 0.000383316 0.00069752 -0.000752692 0.000485468 -0.00608771 -0.000688219 0.00776728 -0.00139608 0.000852008 -0.00350852 -0.00061649 -0.00172653 -0.00262853 0.000673327 -0.00174135 0.00340988 -0.00105395 -0.00270316 
-0.00873862 -0.00537386 -0.00313093 0.00576189 0.00486636 -0.00192553 -0.00996384 0.00207349 0.00779919 -0.00977474 0.00683433 -0.0229624 -0.00400208 -0.00684605 0.0118565 0.00231866 -0.0290634 -0.0151057 -0.0100452 -0.0119194 -0.0186597 -0.00163608 -0.0013039 -0.0142968 -0.0126791 0.00158797 0.0204821 -0.00126627 0.172691 0.0061635 0.00898897 0.00353234 0.00302641 0.00306728 -0.00328597 0.00548879 -0.00463629 -0.00323085 -0.0165195 -0.0083805 -0.00034716 -0.00254141 0.0136015 0.00465313 -0.00789832 -0.0052937 -0.0019669 -0.00327796 -0.00401069 -0.00929924 0.00318677 -0.00237516 -0.00199075 -0.00848013 -0.00483598 -0.0143864 0.0197003 -0.00115065 -0.00680242 -0.00218008 -0.00661683 -0.00394272 0.0071645 -0.00293106 0.00927673 0.0033923 -0.0037492 -0.0022616 -0.000417629 0.0156619 0.0021369 0.00276415 -0.00105175 -0.00177419 0.00102134 -0.0024942 -0.00605596 -0.00697007 -0.024198 0.00339995 -0.000550645 -0.00283829 0.0013642 0.00373301 0.00253729 0.0032832 -0.00276634 0.00273441 -0.00750963 0.00233231 0.0206163 -0.000934394 0.000178893 -0.0031266 0.0010125 -0.00164692 -0.00315262 -0.00376789 0.000519519 -0.00047027 
-0.00358769 -0.00300932 -0.000204356 -0.0108098 0.00317988 -0.000251714 0.00309806 -0.00812366 -0.000903765 0.00183078 0.0172774 -0.0433971 -0.00176452 -0.00268298 -0.00260374 -0.00310183 -0.0282537 0.0385783 0.00519497 -0.0089097 -0.000578631 -0.0363345 -0.0351001 0.00679109 -0.0221029 -0.0186966 0.0107047 -0.00518789 0.0061635 0.185003 -0.0194084 -0.0069658 0.000743729 -0.00703379 0.0123641 0.00711195 0.0063484 0.00466978 0.00268564 -0.0296774 -0.00715861 0.00303033 0.00376865 0.0193691 -0.0118294 0.0139487 0.000378569 -0.00406511 0.00779202 0.00487351 0.0066257 0.000599889 0.000944024 0.00695817 0.00202528 0.00252208 -0.000805787 -0.00116466 -0.00456073 -0.000693176 0.000105113 0.000598193 -0.00444589 0.00115599 0.00149743 -0.000657921 -0.0116789 -0.0048941 0.00411724 -0.00194187 -0.00586485 -0.00584624 -0.00151587 0.00487486 -6.00943e-05 0.000185326 -0.00489884 -0.00896353 0.0125886 0.000646493 0.00110255 -0.0108587 -0.000299721 -0.00502595 -0.00201989 -0.00147367 -0.00154154 0.00901687 0.00196558 0.00117651 -0.00855661 -0.00281615 0.000403697 -0.00188953 -0.000534717 -0.007977 -0.00353821 0.00572538 -0.00114022 -0.00233345 
-0.010508 -0.00196699 8.32531e-05 0.00249754 -0.00831904 -0.00195241 0.000824063 0.00101215 0.000776074 -0.00127228 -0.00576262 -0.00392865 -0.00399908 0.00816478 -0.0245633 -0.00543735 0.00895418 -0.0112673 0.00314811 -0.00519537 0.00376491 -0.00249747 0.0171281 -0.0159603 0.00427024 -0.00307618 0.016042 -0.00203349 0.00898897 -0.0194084 0.14227 -0.00366618 -0.00536525 0.00264009 0.0104777 0.0054822 -0.00824738 -0.00394875 -0.00502674 0.0104255 -0.00351562 -0.000641958 -0.00324006 -0.00495482 0.00871967 0.00390883 0.00294465 -0.000384622 -0.0063638 0.00171316 -0.000493822 0.00166689 -0.000901913 -0.00563337 -0.00298023 -0.00092429 -0.00157319 -0.00187976 -0.0067953 -0.00138768 -0.00785826 -0.000431248 -0.00351952 0.00360055 -0.00095871 -0.000562209 -0.0033579 -0.00214226 -0.000316817 -0.0107223 -0.000248803 -0.00442178 -0.00245144 -0.00150369 -0.00143573 -0.00166958 -0.00298264 -0.000486117 -0.00875985 0.00145414 -6.40765e-05 0.00107292 -0.000518041 -0.00395105 -0.00161315 -0.00663968 -0.00830745 -0.00263395 -4.82688e-05 0.000931199 0.00906485 -0.00271537 -0.000870983 -0.00120504 0.000414382 -0.00097121 0.000290467 -0.00163224 -0.00080327 -0.00185582 
-0.00147386 0.000341003 -0.000512095 -0.000895438 -0.00451019 -0.00471839 -0.00166706 0.000694305 -0.000519523 -0.00010641 -0.00096747 -0.00165858 0.00148005 -0.00259308 0.0101131 0.00162018 -0.00686735 -0.00421488 -0.0105702 -0.00224374 -0.00242409 0.00662385 0.0092918 -0.0091048 -0.00338801 -0.00525569 -0.0100392 -0.00220993 0.00353234 -0.0069658 -0.00366618 0.0649212 -0.00106343 0.00177354 -0.00730778 -0.000655946 0.00163897 -0.000830595 0.0019639 0.00257557 -0.000354338 0.000500412 -0.001757 -0.00253519 -0.00182406 -0.000989328 -0.00352153 0.000215592 -0.000940293 -0.00170569 -0.00102617 -0.000571316 -4.719e-05 -0.00257755 -0.000140021 0.00160886 -8.1892e-05 -0.000622561 -0.000773962 -0.000551183 0.00123313 -0.00128792 -0.000916755 0.000437876 -0.000889781 -0.00189832 0.00274445 0.000124604 0.00012875 0.00304752 0.000107794 -0.000582202 -0.00115655 0.000249346 -0.000506571 -0.000618484 0.00658988 -0.00285669 -0.00816431 0.00196635 0.000140876 -0.00333997 0.00123436 0.00199135 0.000241171 0.000981031 0.00013886 -0.00101297 0.000608511 -0.000257655 0.000101837 0.00176847 0.00119484 0.00135967 0.00263271 0.00152292 0.000720943 -0.00106792 -0.000639362 0.00148255 
-0.000177873 -0.00187777 -0.000176194 -4.88523e-05 -0.00308874 -0.00672039 0.000271018 0.0081954 -0.00055675 -0.000667903 0.00120611 -0.0132093 0.00403485 -0.000850483 -0.00711805 0.00516158 -0.013413 -0.0112504 0.00208914 0.0021029 -0.00202536 -0.00593288 -0.00813921 0.00370691 -0.00545633 0.00471756 -0.00958475 0.000638386 0.00302641 0.000743729 -0.00536525 -0.00106343 0.0785433 0.00206999 -0.00940045 -0.00269718 -0.00253314 -0.000276752 -0.00732094 -0.00985496 -0.00270935 2.88155e-05 0.00450631 0.00135732 0.000532544 -0.0029211 -0.00115074 0.004076 -0.00134538 0.00945182 -0.000338018 0.00128209 -0.00147319 0.000140325 -0.00189572 -0.00719689 0.00584808 0.0018894 0.00128523 0.000220203 0.00309757 -0.000371623 -0.000940137 -0.00155347 0.00271219 0.00286991 -0.00692118 -0.00189653 -0.00131584 -0.00391134 0.00125999 0.0014629 0.00104869 0.00132552 0.00125354 0.00214514 -0.0011101 -0.00342967 -0.00295369 0.00052586 0.000145438 0.0029105 0.000249836 0.000364034 0.000843758 -0.00172464 -0.000342013 0.00188922 -0.00242289 0.000347214 0.00154011 0.000340889 -0.000177699 0.00802517 -7.82923e-05 -0.00288966 -0.000928796 -0.000741707 -0.000673021 0.000736109 
-0.0012637 -0.00259293 -0.00136687 0.00301113 -0.00192729 -0.00284555 -0.0013394 -0.00221655 0.0015227 -0.00395181 -0.00383564 0.00873939 -0.00406493 -0.00494366 -0.00737623 0.00220135 0.00783174 -0.0233236 -0.0119415 -0.00734606 -0.0129793 0.00323357 0.0144313 0.00593146 0.00265901 0.00483876 -0.00545039 -0.002629 0.00306728 -0.00703379 0.00264009 0.00177354 0.00206999 0.103944 -0.00271726 -0.00149233 -0.00119363 -0.00208013 -0.00652513 0.00421094 -0.00226538 -0.00252444 -0.00633607 -0.00185751 0.00302349 -0.00546356 -0.000575993 0.00211596 -0.003702 -0.00427291 -0.00223601 0.00262079 -0.00114134 -0.000851844 -0.00292223 -0.000170433 0.00608384 0.00244558 0.00461712 0.00177224 -0.000102973 -0.00252114 0.000454633 -0.00379601 -0.00287768 0.000168926 -0.000418663 -0.000654353 -0.00146226 -0.00168358 0.000274391 -0.00148945 -0.000365507 -0.00132882 -0.000682459 0.00261462 0.00493402 9.94543e-05 -0.0134645 -0.00371225 -0.000283887 -0.00160374 -0.000653426 -0.0003778 -0.00111074 -2.81797e-05 -0.002378 -0.000620517 -0.00306975 -0.000375719 0.00309314 -0.00175789 0.00336829 -0.00129508 -0.00340491 -0.000966522 -0.00166314 -0.00252352 0.00131848 0.00231758 
