0.0834156 0.000863624 0.000252112 0.000332137 0.00190254 -0.000951742 -0.00178996 -0.00165686 -0.00500553 -0.000601347 0.00356685 -0.00353292 0.0077749 0.00329153 0.00376571 0.00436372 -0.0107125 -0.015075 -0.00612084 -0.00925576 -0.00647783 0.00167609 0.00524778 -0.0164355 -0.00837245 0.00350178 -0.00453752 0.00151502 0.00475449 0.00373997 0.000510034 0.00100371 0.00375989 0.00160418 0.005346 0.0041451 0.000341844 -0.00125407 -0.000160992 -0.00381668 0.00141667 -0.00183996 0.00128613 -0.000788614 0.0012062 0.00338165 0.000968216 -0.00529232 0.00229714 -6.29344e-05 -0.0030458 0.00054754 -0.00144313 0.000282556 -0.000870798 -0.00257483 -0.000182028 0.00033024 -0.00167468 -0.00149239 0.00100141 -0.00212257 -0.0012252 0.000682703 -0.0150408 -0.00228264 0.000729578 -0.00258278 -0.000234859 -0.00222509 -0.00239917 3.30711e-05 0.00232348 0.00110205 -0.000424434 0.00136555 -0.000472804 -0.00155519 -0.00633315 -0.000123691 -0.0032633 0.000473284 0.00170206 -0.00228005 0.000265082 0.000687312 -0.00789436 0.000603685 0.000827662 -0.00487744 -0.00170689 0.00141189 -0.000198096 -0.0061792 -0.00115372 -0.00170312 0.00231302 0.00321372 -0.000337333 0.00451437 
0.000863624 0.0819284 0.000280088 -0.000418542 0.00156029 -0.00234432 -0.000396657 0.000191292 -0.00134372 0.00195751 -0.00752029 -0.00585701 -0.00316422 0.00581029 0.0146775 -0.00558226 -0.00330407 -0.00684205 -0.00611672 -0.00886395 -0.00841988 -0.00187954 -0.00187248 -0.00859327 -1.86908e-05 0.000857507 0.000388569 -0.00105299 0.000781475 -0.00441114 -0.00302488 0.00300321 -0.00414713 4.53978e-05 -0.00279182 -0.00334951 0.000738771 0.00109717 -0.000854722 0.00286519 -0.000228077 -0.000522451 0.000462883 0.0106763 -0.00138279 -5.72561e-05 -0.00298933 -0.00285651 -0.000948809 -0.000686858 -0.000494211 -0.000352206 -0.00420399 0.000306772 -0.00397469 0.00506938 0.000351388 -0.000254917 0.000633165 -2.78229e-05 0.000490638 -0.00366444 -0.000145868 -0.0018594 -0.00044585 -0.00165668 -0.00191509 0.0017812 0.00036184 -0.00240364 -0.00220734 -0.00120578 -0.00333035 0.000155389 -2.90547e-05 -0.000211097 0.0022371 -0.00139317 0.000248708 -0.000654019 -0.00102303 0.000958711 0.000223624 -0.00307432 -0.0017168 -0.00214721 -0.00657762 3.32496e-05 0.00496153 0.00925854 -0.00139338 -0.00169773 -0.000996486 -0.00419816 0.000549827 0.00178037 -0.000293246 -0.00236656 0.00122239 -0.00105323 
0.000252112 0.000280088 0.0430715 0.000194548 -0.000113062 -0.000479077 -8.19889e-05 -0.00130891 -0.000232495 0.000485457 -0.00629141 -0.00192179 -0.00287518 -0.00307192 -0.00239129 -0.00101227 -0.00118641 0.000485238 0.00260073 0.00269397 0.00133577 0.00102789 -0.00624811 0.0021422 -0.00320575 -0.00155346 0.0003319 -4.15732e-05 0.00278323 -0.00424054 -0.00112804 -0.000424912 0.000473192 0.00202864 -0.00176442 -0.00184516 0.000226751 -0.00111245 -0.00024874 0.00131845 -0.00137067 0.000165046 0.0019104 -0.00248692 -0.000422536 0.00116001 0.000185174 0.00129336 -0.00176575 -0.00145411 -0.00105362 0.00081285 -0.0027752 0.000238009 4.88718e-05 0.0018152 -5.14439e-05 -0.00016727 -0.00063898 -0.0006379 -0.000294403 -0.000929857 0.000388199 -0.00145272 -0.00155746 -0.000224074 0.00161101 0.000261231 -0.000881476 -0.000727167 -0.000675453 -0.00238351 -0.00240497 0.000870711 -0.000696391 -0.000444319 -0.000849551 -0.00148667 -0.00213419 -0.0012485 -0.00199806 0.000446854 -5.19523e-05 -0.0016418 -0.00270412 -0.000655868 0.00303057 -0.000990245 -0.000354468 0.000677242 -0.000666619 0.000434341 -3.72812e-05 0.00194969 0.000515521 -0.000369674 0.00213136 0.000550764 0.000115596 0.00112047 
0.000332137 -0.000418542 0.000194548 0.028587 -0.000472157 0.000590556 -0.00135105 0.000395536 0.000868229 0.000780534 -0.00136249 0.00102126 -0.0018143 -0.000152751 -0.00223028 0.000811243 -0.00267627 0.0026871 3.86403e-05 -0.00229323 -0.00337646 -0.00438714 0.00111795 -0.0070188 -0.00152235 0.000724233 0.00238532 -0.000169308 -0.00232075 0.000251909 5.54122e-05 -0.000229836 -0.000413843 -0.000763051 -0.000273155 0.000321025 -0.000167709 -0.000468491 0.000465857 0.00136716 -0.000429784 -0.000235137 -0.000295988 -0.00241063 0.000434965 -0.000572583 0.000971614 -0.000686342 0.00228489 0.000811494 -0.00130333 -0.00140589 -0.000132751 -0.000376648 1.4221e-05 -0.00246301 -0.000189307 0.000552252 -0.000185501 0.000499751 0.0011194 0.000537006 0.000806473 -0.000797331 -0.00358896 -0.0018674 -0.00117767 0.000447124 -0.000266616 0.000241857 -0.000407218 0.000977674 -0.000257273 -0.000544676 -0.000455271 0.000479287 -0.000733967 0.000176326 -0.00198546 -7.09262e-05 -0.000177266 0.000885844 8.77724e-05 0.00123141 0.00185477 0.000821629 -0.00107998 0.00027118 0.000384497 -0.00313591 0.000993696 -0.00068755 -0.000466086 0.0026727 1.56185e-05 6.21657e-05 -0.00182195 0.00172533 -0.000192699 -7.3559e-05 
0.00190254 0.00156029 -0.000113062 -0.000472157 0.0662866 -0.000407196 -0.00141143 -0.00293868 -0.00307297 0.00011692 -0.00381417 -0.0020958 -0.00811151 -0.00141829 0.00714359 -0.00207321 0.00249706 -0.00311612 -0.0046213 -0.0031888 0.00367938 -0.00486383 -0.00336967 0.00113825 -0.00068834 0.00733756 0.00316732 0.00135657 -0.00593392 0.0013828 0.000533976 0.00116881 -0.000893574 -0.000199108 -0.00052396 -0.002751 -0.00122467 -0.000490783 -0.000587042 -0.00641101 -0.000479181 0.000219376 0.00494867 0.000778854 -0.00145644 -6.69242e-05 -0.0010129 -6.09812e-05 -0.00329167 -0.00393224 -0.000204893 -0.00381003 -0.00428794 0.000465471 -0.00289516 0.00155525 -0.000113131 -0.000220493 0.00229561 -0.00125835 -0.00111508 -0.00307454 -0.000455847 -0.00188446 -0.00978517 -0.000390714 0.00491105 -0.00310312 0.000403612 -5.82216e-05 -0.00105664 0.00197317 0.00181369 -0.000980043 0.00144652 -0.000879364 0.00118172 0.00031691 -0.00364348 0.00236321 6.17858e-05 0.000633276 -0.00128611 -0.00291262 -0.00177693 0.00129927 -0.00119475 6.77206e-05 -0.000546248 0.00133386 -0.000429211 4.76712e-05 0.000386701 -0.00588689 0.000830095 0.000710304 -0.00172442 0.000456919 0.000810624 -0.000517211 
-0.000951742 -0.00234432 -0.000479077 0.000590556 -0.000407196 0.0613632 0.00210913 0.000207464 -0.00137599 0.000921989 -0.00260452 -0.00183097 -0.00821602 0.00057997 7.54887e-05 0.0070578 -0.0031928 -0.000791325 0.00637286 -0.0116556 -0.0117552 -0.0131444 0.0110598 -0.0103811 -0.00113796 0.00252092 0.00312919 -0.000711932 -0.00478255 -0.00596356 -0.00118414 -0.000922344 0.00214904 -0.00303366 -0.00416148 0.00264733 -0.00190966 -0.000421336 0.000822905 -0.0050116 0.00269758 -0.00576954 -0.00258477 0.00290783 -0.00144552 -0.000940253 0.000294279 0.0062272 0.00318834 -0.000285266 0.00175594 -0.00184729 0.00135538 -0.000780457 -0.000731299 -0.00143801 -0.000498896 2.33652e-05 -0.000637201 -0.000573014 -0.000149431 0.00776167 0.000125594 0.00133593 -0.00864954 -0.000930464 0.00108601 0.00195701 0.000488781 -0.000699689 0.000962722 0.00166075 0.00126507 -0.00173201 0.00131572 0.000683821 0.000462453 0.0026743 -0.00302874 6.70364e-05 0.0034886 -0.000195389 -0.000122647 0.00158437 0.00559256 0.000930655 -0.00644524 0.00197772 -0.000347069 -0.0148734 -0.0012839 0.000821284 -0.000266788 -0.00276947 -0.000871438 -0.000268776 -0.0019273 0.00242732 0.00081569 0.000920714 
-0.00178996 -0.000396657 -8.19889e-05 -0.00135105 -0.00141143 0.00210913 0.113569 0.00359209 -0.0052803 0.00185013 -0.00974122 -0.0153657 -0.0162794 -0.0028266 0.00351039 -0.0129775 -0.0102358 0.00525259 0.0084213 -0.0171571 0.0035311 -0.000360048 -0.00529576 -0.0154487 -0.00515689 -0.00484422 0.0160298 -0.000864591 -0.00100607 -0.00661361 -8.70688e-05 -0.000834209 0.00203602 -0.000426168 -0.00479622 -0.00504286 0.00278645 -0.00184185 9.31967e-06 -0.0104395 0.000837292 0.00193572 -8.59171e-05 0.000514499 0.00572122 -0.000970655 -0.00124983 0.00658636 -0.00130213 -0.00548036 -0.00106789 0.00451129 -0.00513974 0.00527221 -0.00387435 0.00198064 -8.36535e-05 -0.000508404 -0.00194093 0.000232932 0.00272325 0.000895673 0.000663404 -0.00278198 0.010796 0.000806975 -0.000477834 -0.00321012 0.00190969 -0.00337768 -0.0040598 -0.00363033 0.00269019 -9.94072e-05 0.00331628 -0.00370141 0.00362665 -0.004206 -0.00253183 -0.000499996 0.00285306 -0.00204533 0.00128093 0.000637092 -0.00272493 -0.00111209 -0.00570544 -0.00132107 0.00863138 -0.00999707 0.00127539 -0.00482888 0.000282459 0.000703257 -0.00157839 0.00234915 -0.00182357 -0.00317598 0.00281295 0.00400232 
-0.00165686 0.000191292 -0.00130891 0.000395536 -0.00293868 0.000207464 0.00359209 0.0879683 0.000977431 0.00527541 -0.0114503 -0.0120147 -0.00657551 0.0192282 -0.0142167 -0.0114329 -0.00923191 -0.00396875 -0.0138093 0.00101812 -0.00618684 0.000788356 0.0025268 -0.0116327 -0.00408296 0.000916525 0.00515914 0.00149085 0.0064632 -0.00891027 0.000246003 0.00230336 0.00142208 -0.00309746 -0.00557638 0.000974512 0.00180959 -0.00127997 -0.000222074 0.0126234 0.00257704 0.0050485 -0.00389576 -0.000448521 0.00169367 0.00028783 0.0018834 -0.0072469 0.00274148 -0.000967395 -0.00639502 0.00243989 0.00610511 0.00262106 9.98129e-05 -0.00236149 0.000921414 0.000429831 0.000321072 0.000266738 0.00162471 -0.00332968 0.00155507 -0.000332172 -0.0114822 -0.00155761 -0.00661383 -0.00010367 0.0049456 0.00368065 0.00180085 -0.00274995 -0.00477496 -0.000647562 0.00196063 0.00192753 -0.00198133 -0.00359002 0.00149515 -0.000356019 -0.00322424 -0.000734047 -1.43856e-05 0.00183543 -0.00525672 -0.000688402 -0.00296988 -0.00274125 -0.0023865 0.000631781 -0.00131417 0.00234974 -0.000271278 0.00242419 0.00169268 -0.00179077 -0.00144976 -0.000395782 0.00107739 -0.000351381 
-0.00500553 -0.00134372 -0.000232495 0.000868229 -0.00307297 -0.00137599 -0.0052803 0.000977431 0.166718 -0.00259864 0.018439 0.00433304 -0.0122762 0.0123397 -0.0263629 -0.00857856 -0.0215154 -0.00432771 -0.0089683 0.0224172 0.00026784 -0.00998054 -0.0216692 0.00147795 -0.037693 5.04598e-05 0.008972 0.00218306 -0.0107952 -0.00972833 0.000846094 -0.00311209 -0.00417368 0.00154933 -0.00139878 0.00740521 -0.000918304 0.00885981 -0.000912859 0.00588837 -0.00191149 0.0049961 -0.015148 0.00279253 0.000365995 -0.00525193 0.000862294 -0.0119681 -0.00715091 -0.00535854 -0.00269783 -0.00212062 0.00171168 -0.000150109 -0.001821 -0.0098262 0.00039957 0.000371382 -0.00121431 0.0024711 0.00144179 -0.00375515 0.0042037 -0.000131068 -0.0136336 -0.00478792 -0.00303025 0.00506092 -0.00322937 0.000891137 0.00185917 -0.00712279 0.000922951 -0.00142006 0.00208615 0.000297476 -0.00135012 5.67112e-05 0.000272999 -0.00202931 -0.00937174 0.00612156 -0.000590578 0.00480999 0.00625738 0.00434129 0.00646952 -0.00347817 -0.0012543 -0.0104199 0.0027296 0.00328504 -0.000615338 0.00905119 -0.00328056 0.000148623 -0.00762896 0.00363342 0.00368318 -0.00211884 
-0.000601347 0.00195751 0.000485457 0.000780534 0.00011692 0.000921989 0.00185013 0.00527541 -0.00259864 0.0583924 -0.0113546 -0.00824993 -0.00284083 0.00620899 -0.000376621 -0.00417082 -0.00505469 -0.00767824 -0.00673357 -0.000968957 -0.00557519 -0.00512233 0.000393476 -0.0124027 -0.00677658 0.00322973 0.00107389 -0.00038068 -0.00109093 -0.00173559 -0.00108666 -0.00130457 7.94081e-06 -0.00163103 -0.000324654 0.000262738 -0.00112521 0.00075412 0.000301502 0.00148158 0.0013176 -0.000994413 0.00383973 0.00391464 0.000375482 -0.000998453 0.000369431 0.000795913 0.00912768 -0.000146671 -0.000480724 -0.000429126 0.00108234 0.0024063 -0.00345958 -0.00189982 -9.55488e-05 -0.000217577 0.0029739 -0.000753003 0.00132755 0.000409182 0.0012767 1.75001e-05 -0.0129944 -0.00155903 -0.0044332 0.00171966 0.000779179 0.00317233 -0.00160402 -0.000930164 -0.00411909 -0.000310615 6.04359e-05 2.80317e-05 -0.000955499 -0.0015331 -0.00097136 -0.000235506 0.00231953 0.000592525 -0.000121364 -0.000144003 -0.000285664 4.0022e-05 -0.00105624 7.91495e-06 0.00251261 -0.0036968 -4.19081e-05 0.00272999 -0.000156087 0.00100883 0.000235477 -0.000690918 0.00315908 -0.0011474 0.00357485 0.000976962 
0.00356685 -0.00752029 -0.00629141 -0.00136249 -0.00381417 -0.00260452 -0.00974122 -0.0114503 0.018439 -0.0113546 0.217359 0.0317657 0.0173604 -0.00285556 -0.0379483 -0.0111355 0.0122283 -0.0164032 0.0189378 -0.00840092 0.0151289 0.0293012 -0.0158054 -0.00919493 0.0197329 -0.0112628 0.00451128 -0.000282576 0.00232416 -0.00296444 0.00740038 -0.00155735 -0.00698996 -0.0133713 0.00133235 0.0147577 0.00110598 0.000259737 -0.00243841 -0.0221173 -0.0110696 -0.0103768 -0.0160093 -0.00145291 -0.00191215 -0.0033116 -0.00685546 -0.0107326 -0.0173552 -0.00696698 0.00408299 -0.00442312 -0.0066543 -0.00404516 0.00271747 -0.00866052 0.000831034 -0.00192036 -0.00644454 0.00145313 -0.00253337 -0.00732866 -0.00271433 -0.00220765 0.016551 0.00416937 -0.00874149 -0.00647477 -0.000269808 0.00345301 -0.0060866 -0.000111638 0.0204483 -0.00273695 -0.00497197 -0.000672024 0.00258518 -0.00782657 0.00814176 -0.00408837 -0.0120824 0.000329885 -0.00381844 -0.00747726 0.0169822 0.000943694 -0.0128596 0.00207447 -0.0151142 -0.0152014 -0.00430339 -0.00988664 -0.00387094 -0.00125152 -0.0038933 -0.00560717 0.000781378 -3.2872e-05 -0.00867586 -0.0051595 
-0.00353292 -0.00585701 -0.00192179 0.00102126 -0.0020958 -0.00183097 -0.0153657 -0.0120147 0.00433304 -0.00824993 0.0317657 0.231206 0.0157417 -0.00960386 -0.0257541 0.0330246 -0.014026 -0.00206823 0.00493965 0.012976 -0.0167257 -0.00116604 0.0206227 0.0112885 -0.0066787 0.00216512 -0.0035529 0.0010154 -0.0232248 0.000768221 0.00209738 -0.00452575 -0.00294205 -0.0210322 0.00630465 0.000927567 -0.00813224 0.00179986 -0.00297633 0.00267443 -0.00593729 -0.00606799 -0.0150395 -0.01432 -0.00636615 -0.00354776 0.0012961 -0.017696 -0.0149615 0.00237195 0.0137974 -0.0122169 8.07828e-05 -0.00603669 0.0134749 0.00326662 0.000142463 -0.00258437 0.00115695 -0.00551581 0.000962002 -0.0052208 -0.00675852 -0.00172771 -0.0274429 0.00384305 0.00800863 -0.00221948 -0.00767952 0.00691015 0.00132572 0.000480631 0.0106406 0.000368671 -0.00823322 -0.0015765 -0.000777178 -0.00203557 -0.0072484 -0.00753127 0.0163838 0.000218498 -0.00432654 0.00288059 0.00797697 -0.00171085 0.00745234 -0.00442014 -0.0185707 -0.028544 -0.00169698 -0.000679715 -0.0032214 -0.00703008 -0.00662815 -0.00516766 -0.00697398 -0.00762099 -0.00113658 -0.00796415 
0.0077749 -0.00316422 -0.00287518 -0.0018143 -0.00811151 -0.00821602 -0.0162794 -0.00657551 -0.0122762 -0.00284083 0.0173604 0.0157417 0.197995 0.00573293 0.0249263 0.0152919 -0.00748815 -0.0221909 -0.00296035 -0.0128231 -0.0037537 -0.0103024 0.00881723 -0.0118825 -0.00721527 -0.0120516 -0.0193465 -0.00232468 0.0119478 0.0217799 -0.00593563 0.000920103 -0.00234729 -0.00995555 0.0067384 -0.00687277 -0.0042357 0.00544293 -0.00325813 0.0150256 -0.000693112 -0.00452079 -0.00265125 -0.013722 0.00111098 -0.00513528 -0.00626382 -0.00120108 0.00687344 0.000634604 -0.00946538 -0.00315032 -0.00586621 -0.00308244 0.00371823 -0.00978342 -2.75175e-05 -0.00121442 -0.00173104 0.0013399 -0.000753329 -0.00757769 -0.00502793 0.000711239 -0.0186848 -0.0117297 -0.0127302 0.0036639 0.00292109 -0.00317005 -0.00582366 -0.00901215 -0.0110135 -0.000796884 0.000238327 -0.00576976 -0.000272926 -0.00166815 -0.021947 -0.00515892 -0.00335348 -0.000968469 0.00642212 -0.00340461 -0.00783783 -0.00143105 0.00604927 0.00108858 -0.00889399 0.0109603 -0.00326248 -0.00363524 -0.00208105 0.00198978 0.00594646 -0.000975098 0.0122898 0.0111784 -0.000811484 0.000765326 
0.00329153 0.00581029 -0.00307192 -0.000152751 -0.00141829 0.00057997 -0.0028266 0.0192282 0.0123397 0.00620899 -0.00285556 -0.00960386 0.00573293 0.172766 0.00282809 -0.00869989 -0.0182321 -0.00902887 -0.0341185 0.00869235 -0.0227698 -0.0213039 0.00358278 -0.0293023 -0.00172519 0.00857153 0.00442982 0.00166507 -0.00161232 -0.016259 -0.000261542 -0.000959519 -0.00340737 -0.00696836 -0.00543756 0.00352182 -0.00115237 0.0027217 -0.00102551 0.0206685 0.00944143 0.00961267 -0.00468666 -0.0127992 0.000678801 -0.00267526 0.010129 -0.0058691 -0.000922309 5.11451e-05 -0.00614761 -0.00517172 0.00141388 0.00447705 -0.01029 -0.00498235 0.0011923 0.00187587 0.00148533 0.0024783 -0.000817406 -0.00667586 0.00211381 -0.00155547 -0.0267617 -0.0154534 0.00259188 -0.0100129 0.000224896 0.00635522 0.000539576 -0.00999613 -0.00404223 -0.000581035 0.00152787 0.00552667 -0.00387478 -0.00947758 0.00334336 -0.000485343 -0.00939866 0.00213609 0.00388101 0.000189378 -0.0107701 0.00335614 -0.0112357 -0.00489842 -0.00415759 -0.0115246 0.00216958 -0.0029992 -0.00282533 0.0282302 0.00807301 -0.00312918 -0.00440196 0.00395135 0.00882706 0.00229994 
0.00376571 0.0146775 -0.00239129 -0.00223028 0.00714359 7.54887e-05 0.00351039 -0.0142167 -0.0263629 -0.000376621 -0.0379483 -0.0257541 0.0249263 0.00282809 0.242638 0.000576243 -0.00830711 0.00517237 -0.0148889 -0.0169766 0.0062405 -0.0224124 -0.0020712 -0.00581115 0.0158202 0.00420885 -0.012981 -0.00757469 0.00190764 0.0326295 -0.00925149 0.00604087 -0.0116468 0.00607169 0.00783378 -0.0222366 0.00286579 -0.00161654 -0.00162632 -0.00206849 0.00282654 -0.0030954 0.00396709 -0.0101171 -0.000383499 0.000663029 -0.00847707 0.00385752 0.00877716 -0.0114489 -0.00491368 -0.00273468 -0.0141537 -0.00303929 -0.00478015 0.00187228 -0.000807941 8.45703e-05 0.000919742 -0.00054485 0.00370293 -0.0163173 -0.00760698 -0.00523896 -0.0040335 -0.00982527 -0.00421272 -0.0101238 -0.00612778 -0.00277274 -0.0014558 0.00105517 -0.00900401 -0.0051034 -0.00239997 -0.00499488 0.00218523 -0.00490535 -0.0252251 0.0030795 0.0166901 -0.00251356 -0.00163079 -0.00305928 -0.0187493 -0.00640735 -0.0236795 0.00420224 0.0175409 0.0111692 -0.000510795 -0.00717927 0.00262837 -0.01347 0.00814999 0.00499927 0.00777064 0.00709614 0.00741603 0.000207098 
0.00436372 -0.00558226 -0.00101227 0.000811243 -0.00207321 0.0070578 -0.0129775 -0.0114329 -0.00857856 -0.00417082 -0.0111355 0.0330246 0.0152919 -0.00869989 0.000576243 0.182559 -0.0178143 -0.017269 -0.00274677 -0.00951354 -0.0185509 -0.0235285 0.035003 -0.0238338 -0.009213 0.000400409 -0.0139583 -0.000280338 -0.0187968 0.000416669 -0.000337919 -0.00307891 0.00417709 -0.00685684 0.0148034 0.0071732 -0.00688202 -0.00393863 -0.00076125 -0.00707812 0.00335598 -0.0111775 0.00300554 -0.00415171 -0.00483795 -0.00542122 0.000605015 0.00555686 0.00461228 0.00924605 0.00662135 -0.00502707 0.00930858 -0.00323886 0.0115263 -0.00408262 -0.000644499 0.000900056 -0.00103447 -0.00405042 -0.0040138 0.0068763 -0.00406013 -0.00100116 -0.0355518 -0.004446 0.0039745 0.000671964 0.00322011 -0.00247799 -0.00294596 0.0089929 0.010048 0.000667647 -0.0048469 -0.000592668 -0.00306337 -0.00102977 -0.0105965 -0.00335677 0.00891703 -0.00158347 0.00131093 0.00493429 0.0156797 0.00323542 -0.00484411 0.00251615 -0.00364624 -0.0363629 -0.00270072 0.00533723 -0.00103273 -0.0124342 -0.00348859 -0.000737968 -0.0087386 0.0138414 -0.00206728 -0.00123187 
-0.0107125 -0.00330407 -0.00118641 -0.00267627 0.00249706 -0.0031928 -0.0102358 -0.00923191 -0.0215154 -0.00505469 0.0122283 -0.014026 -0.00748815 -0.0182321 -0.00830711 -0.0178143 0.249809 -0.00862093 0.0146011 0.0154498 0.0279156 0.0105666 -0.044031 0.0361704 0.0474275 -0.0124971 -0.0157201 -0.00529675 -0.00879379 -0.0199399 -0.00736319 -0.000764768 0.00138072 -0.00412433 0.00362159 -0.00963 -0.00952681 -0.00141025 -0.00333584 -0.0259094 -0.0079371 -0.0109169 0.00336707 0.00885745 -0.00101281 -0.00481755 -0.00657455 -0.0064909 -0.00636334 -0.0183147 0.00298876 0.00315005 -0.00922658 -0.00389591 -0.010608 0.00308493 0.0016565 -0.00192371 0.00194697 0.00346026 -0.00423708 -0.00924171 -0.00227381 -0.0068327 0.0458185 0.0126642 -0.00898903 -0.00912311 -0.0080138 -0.0112274 -0.0111198 -0.0056559 0.00990629 -0.00341076 0.00372712 -0.00382928 0.000776916 -0.00218629 0.0223659 -0.0029516 0.00313405 -0.00690518 -0.00528629 -0.0150218 -0.0110766 -0.00346391 -0.00269029 -0.00534633 -0.00712794 0.0519061 -0.00466793 -0.0095786 -0.00238427 -0.0130487 -0.00280919 -0.00578703 -0.0100867 0.00326756 -0.00661168 -0.00473754 
-0.015075 -0.00684205 0.000485238 0.0026871 -0.00311612 -0.000791325 0.00525259 -0.00396875 -0.00432771 -0.00767824 -0.0164032 -0.00206823 -0.0221909 -0.00902887 0.00517237 -0.017269 -0.00862093 0.234241 -0.00547904 0.0192534 0.00794458 -0.0061138 -0.0240632 0.0166578 0.0053641 0.00250603 0.00614623 -0.00472535 -0.0127005 -0.0202917 0.00262168 -0.00912599 -0.00420035 -0.00924234 -0.0121588 -0.00872191 0.000109688 0.000608475 0.00106837 0.00554445 -0.00255135 0.00414031 -0.0107066 -0.0228257 0.000609877 0.00137342 -0.000172508 -0.00979863 -0.0139402 0.00442153 -0.00159961 0.00363758 0.0119532 -0.000305908 -0.0131988 0.00203963 -0.00119714 -0.00247499 -0.00299226 -0.00245666 -0.00729247 -0.00146841 0.000725923 -0.00132719 0.025599 -0.00696609 -0.00293682 0.00914309 -0.00739649 0.000157551 -0.00359475 -0.00577057 0.0152572 -0.00513029 -0.00512804 -0.00253077 -0.00827906 0.00068613 -0.0170087 -0.00260753 0.0106404 -0.00569258 -0.00338475 -0.00401637 0.00529647 -0.00612426 -0.000839055 -0.00506979 0.0157355 0.00518495 0.00289259 -0.0056787 0.000176415 0.00664898 0.00554218 -0.00210911 -0.0100899 -0.012033 0.00109607 0.0022776 
-0.00612084 -0.00611672 0.00260073 3.86403e-05 -0.0046213 0.00637286 0.0084213 -0.0138093 -0.0089683 -0.00673357 0.0189378 0.00493965 -0.00296035 -0.0341185 -0.0148889 -0.00274677 0.0146011 -0.00547904 0.240802 -0.0408285 0.0089001 0.0271857 0.00595438 -0.0202779 0.007411 -0.0170332 -0.00342238 0.000587635 -0.00575441 -0.0136251 -0.00544402 -0.0129678 0.00640602 -0.00641902 -0.00923108 -0.00983145 -0.0120718 -0.00407847 0.00105901 -0.00352854 -0.00410012 -0.0228968 -0.00010579 0.000876478 -0.000325499 -0.00811308 -0.00844661 0.0199264 -0.00675513 -0.0071265 0.00833776 -0.00225384 -0.0084169 -0.00265199 -0.0128021 -0.000131 -0.00157985 -0.000597788 -0.00579125 -0.00198726 -0.00297288 0.00234253 -0.00329959 -0.00322686 0.0180551 0.0106996 -0.00982598 0.00958764 -0.00247122 0.000753175 -0.0120201 0.0141023 0.00840707 -0.00510024 -0.00390337 -0.0106868 -0.00125605 0.0104665 -0.00167608 -0.000490054 0.00148918 0.000452682 -0.00131563 -0.00485881 0.0150692 -0.00394783 -0.00361952 0.0124534 -0.00205455 -0.00901688 -0.00381035 -0.00717852 -0.00787151 -0.00646442 -0.00293303 -0.000908633 -0.01369 0.0094007 -0.00781276 0.00093226 
-0.00925576 -0.00886395 0.00269397 -0.00229323 -0.0031888 -0.0116556 -0.0171571 0.00101812 0.0224172 -0.000968957 -0.00840092 0.012976 -0.0128231 0.00869235 -0.0169766 -0.00951354 0.0154498 0.0192534 -0.0408285 0.2414 0.000715556 -0.00929607 -0.018605 0.0289695 -0.0254089 -0.0176651 -0.0228137 -0.00460662 -0.0111651 -0.0059227 -0.00703749 -0.00117489 -0.00768 -0.00303417 -0.00628599 -0.00780058 -0.00632875 0.00563403 -0.00330035 0.0126772 -0.00350785 0.0107342 -0.00724405 -0.00494999 0.00134752 0.000503156 -0.000912905 -0.0178733 -0.00823547 0.00227153 0.00658037 -0.00561935 -0.004359 0.000229253 -0.0047566 -0.00900116 -0.000210984 -0.000231446 -0.00310899 -0.00102727 -0.00484458 -0.00387818 0.00206779 -0.00654942 0.0132577 0.0053857 -0.00710031 -0.00632825 -0.00266491 0.00642881 -0.00613218 -0.0185157 0.000718423 0.00641298 0.00319286 0.00590393 -0.00834943 0.00556429 0.0164959 -0.000430666 -0.00307692 -0.00151617 -0.00204312 -0.000626738 -0.0299428 -0.00171441 0.0240422 -0.0147035 -0.0076392 0.0191129 0.00269438 -0.012975 0.00225258 0.0189513 0.000917766 -0.00682052 -0.00477455 0.00231034 0.00097018 -0.00852663 
-0.00647783 -0.00841988 0.00133577 -0.00337646 0.00367938 -0.0117552 0.0035311 -0.00618684 0.00026784 -0.00557519 0.0151289 -0.0167257 -0.0037537 -0.0227698 0.0062405 -0.0185509 0.0279156 0.00794458 0.0089001 0.000715556 0.171161 0.00492779 -0.0548902 0.0119336 0.0106629 -0.0101203 0.00975658 -0.000624782 -0.00020598 -0.00964275 -0.00569829 -0.00134097 -0.00218841 0.000320589 0.00880665 -0.0104894 -0.00189288 -0.00256616 -0.00176211 -0.0196739 -0.00968647 0.000666071 0.00181216 0.000961698 -0.000411817 -0.00881075 -0.00872102 -0.0025111 -0.00652754 -0.0122433 -0.000560869 0.00338537 -0.0191845 -0.00458211 -0.00649352 0.00213618 -0.000213294 -0.00220047 -0.00418251 0.00360586 0.000189796 -0.0058837 -0.00232354 -0.00990702 0.039018 0.00705552 -0.00311301 -0.0107014 -0.00150314 -0.0101541 -0.00404774 -0.00714422 0.00115267 -0.00573519 -0.00457834 -0.00419056 -0.000246449 -0.00471582 0.00470034 -0.000518871 -0.000435806 -0.00192513 -9.89403e-05 -0.00233536 0.00352332 -0.00202652 0.0115787 0.00139056 0.00876092 0.0351123 -0.00380133 -0.00146826 0.000975233 -0.00812226 -0.00325353 -0.00410035 -0.00356197 0.00199303 -0.00450413 0.000167741 
0.00167609 -0.00187954 0.00102789 -0.00438714 -0.00486383 -0.0131444 -0.000360048 0.000788356 -0.00998054 -0.00512233 0.0293012 -0.00116604 -0.0103024 -0.0213039 -0.0224124 -0.0235285 0.0105666 -0.0061138 0.0271857 -0.00929607 0.00492779 0.249931 0.00457478 0.0235446 0.00405867 -0.0214332 -0.0159815 -0.000778274 0.022475 -0.0153822 0.00632663 0.00115767 -0.00270439 0.00256238 -0.0154754 0.00623141 0.00272145 -0.00999451 -0.00128493 -0.00809622 -0.00125547 -0.0022534 -0.0146964 -0.0156088 0.00507283 0.0123995 -0.00562539 -0.0174109 -0.0197034 0.00130164 -0.000488526 -0.00143033 0.00521153 -0.00164537 -0.0136647 -0.000907185 -0.00129179 0.000232423 -0.00402404 -0.000877747 -0.000770218 0.00588571 0.000459265 0.00450261 0.0202596 0.0104539 -0.00870364 -0.00427421 0.00118345 0.00321282 -0.00500312 -0.00520805 -0.00073929 0.00130133 -0.00999074 -0.0073579 0.00835404 -0.00314427 0.0140502 -0.000775802 -0.00794461 0.000302762 -0.00114102 -0.0180249 -0.00699619 -0.00412814 -0.00929271 0.000251208 -0.0128248 -0.0142097 -0.00196735 -0.000167466 -0.00542807 -0.00249908 0.00218629 -0.00276401 0.00130901 -0.0213954 -0.0106414 -0.00572057 
0.00524778 -0.00187248 -0.00624811 0.00111795 -0.00336967 0.0110598 -0.00529576 0.0025268 -0.0216692 0.000393476 -0.0158054 0.0206227 0.00881723 0.00358278 -0.0020712 0.035003 -0.044031 -0.0240632 0.00595438 -0.018605 -0.0548902 0.00457478 0.201967 -0.035343 -0.00699637 -0.00489951 -0.0163478 -0.00234182 -0.0155095 0.0112999 0.00159625 2.12245e-05 0.00198715 -0.0107955 -0.018635 0.00880428 -0.00344707 -0.00408197 0.000693358 0.00924562 0.00322456 -0.00578755 -0.00260255 0.00829066 -0.00419215 0.000383017 0.00656275 0.0114758 0.0146999 0.0150027 -0.000866321 -0.010394 0.00581901 0.000246345 0.0128356 0.00173601 -0.00179697 -0.000158547 -0.000352197 -0.00488489 -0.00364604 0.0128702 -0.00104249 0.00862509 -0.0434708 -0.0119404 0.00427126 0.00439721 0.0092329 0.00162871 -0.0018239 0.0181166 -0.0112103 0.00138282 -0.00320226 0.000976579 -0.00147194 0.00406929 -0.00295912 -0.00405494 0.00899705 -0.000528699 0.000818616 0.010107 0.0109553 -7.58135e-05 -0.0148809 0.00312307 -0.00999389 -0.0418703 -0.00207112 0.00660154 -0.000931781 0.00349838 -0.00188129 -0.000361207 -0.00295062 -0.00958406 -0.00366911 -0.00348854 
-0.0164355 -0.00859327 0.0021422 -0.0070188 0.00113825 -0.0103811 -0.0154487 -0.0116327 0.00147795 -0.0124027 -0.00919493 0.0112885 -0.0118825 -0.0293023 -0.00581115 -0.0238338 0.0361704 0.0166578 -0.0202779 0.0289695 0.0119336 0.0235446 -0.035343 0.248363 0.0123058 -0.00103171 -0.0170352 -0.00531347 0.0112566 0.0089623 -0.00459028 0.00405317 -0.00578577 0.00284945 -0.0133381 -0.0236176 -0.00516821 -0.00287394 0.000729672 0.0181513 -0.00366084 0.00466761 -0.0146863 -0.0126431 -0.00695982 0.00653842 -0.00475012 -0.0103574 -0.0199701 -0.00883967 0.00359596 -0.00339762 -0.000141034 -0.00358454 0.0062923 0.011359 -0.00202143 -0.00217451 -0.000256896 -0.00193719 -0.00560753 -0.00351087 -0.00266898 -0.00313759 0.0131543 0.00264181 -0.00234592 -0.00320361 -0.00717283 -0.0137393 0.00418807 -0.00912062 -0.00363511 0.000799884 -0.00278642 -0.0071478 0.00470891 0.00143239 -0.0111075 0.00146785 0.0044482 -0.00587476 -0.00529188 -0.0103493 -0.0219145 -0.00572276 0.0169455 -0.0137776 -0.0173864 0.0385726 -0.0015188 0.00416432 0.00228663 -0.00925027 0.00165596 -0.00334473 0.00851851 -0.00689455 -0.000362354 -0.00886733 
-0.00837245 -1.86908e-05 -0.00320575 -0.00152235 -0.00068834 -0.00113796 -0.00515689 -0.00408296 -0.037693 -0.00677658 0.0197329 -0.0066787 -0.00721527 -0.00172519 0.0158202 -0.009213 0.0474275 0.0053641 0.007411 -0.0254089 0.0106629 0.00405867 -0.00699637 0.0123058 0.207593 0.000295506 0.00590608 -0.00813009 -0.000126258 -0.02309 -0.00415568 -0.00315201 -0.00231524 -0.000912177 -0.00624919 -0.00404112 0.00214243 -0.00582934 -0.00134939 -0.0186632 -0.00575571 0.000227026 0.00602241 -0.00566802 -0.00585067 0.00325473 -0.00395376 0.0133508 -0.00771992 0.000861988 0.00235267 -0.00249752 -0.00705634 -0.00234269 0.000913184 -0.000696774 -0.00152387 -0.0017401 -0.00167086 -0.0022644 -0.00351354 0.00195542 -0.0039915 -0.000688389 0.0168693 -0.00581779 -0.0113075 -0.0125994 -0.00377305 -0.00987422 -0.00290999 -0.000857362 -0.00459535 -0.00520196 -0.0024298 -0.00334674 0.00021085 -0.0114219 0.00259351 -0.000803998 -0.00634773 -0.00348607 -0.00703462 -0.00296728 -0.00183773 -0.00562782 -0.0177759 0.00625557 -0.00711513 0.0269446 -0.00429089 -0.0159006 -0.00133418 0.0010711 -0.000538831 -0.00337342 0.00367105 0.000500947 -0.00287252 -0.0094939 
0.00350178 0.000857507 -0.00155346 0.000724233 0.00733756 0.00252092 -0.00484422 0.000916525 5.04598e-05 0.00322973 -0.0112628 0.00216512 -0.0120516 0.00857153 0.00420885 0.000400409 -0.0124971 0.00250603 -0.0170332 -0.0176651 -0.0101203 -0.0214332 -0.00489951 -0.00103171 0.000295506 0.118739 0.010866 0.00138986 -0.00955736 -0.00755259 0.000952051 0.00232467 0.000451083 -0.00166886 0.00830752 0.00314728 -0.0020924 -0.000877134 0.00157151 -0.00760298 0.0061104 0.000894258 -0.00755723 -0.00271966 -0.00260271 -0.00469957 0.00372401 -0.00985538 -0.00150132 -0.00865083 0.00203855 -0.00474267 -0.00572437 -0.000774516 0.00359807 -0.00491778 -0.000469064 0.0011091 0.000906971 -0.000985503 -0.000389612 -0.00143011 0.00322431 -0.000886259 -0.0181021 -0.00306473 0.00669249 0.00186145 -0.00335768 0.000972188 0.00218017 0.00184901 -0.000515434 -0.000955668 -0.000149937 0.00240541 0.0020717 -0.00351516 -0.0080055 0.00296834 0.00755273 0.000437903 -0.0011443 0.000734826 -0.00516598 0.00195829 -0.00106 -0.000840821 -0.000422466 0.00576849 0.000406061 0.00613369 -0.00156247 -0.00490385 -0.000361069 -0.000479695 0.000165886 -0.00341879 0.00769999 0.000175811 
-0.00453752 0.000388569 0.0003319 0.00238532 0.00316732 0.00312919 0.0160298 0.00515914 0.008972 0.00107389 0.00451128 -0.0035529 -0.0193465 0.00442982 -0.012981 -0.0139583 -0.0157201 0.00614623 -0.00342238 -0.0228137 0.00975658 -0.0159815 -0.0163478 -0.0170352 0.00590608 0.010866 0.187972 0.00317017 -0.00757682 -0.0202998 0.00237259 -0.00787112 -0.00432758 -0.00361797 -0.0104785 -0.000810214 -0.000244414 0.00252358 -0.000752563 -0.0143217 0.00230959 -0.00772316 -0.00942702 0.000642356 0.0022572 -0.00702647 0.0028871 0.00386639 0.000766749 -0.00906645 -0.00812443 0.0016002 -0.0137063 -0.00140461 0.00450638 -0.00694054 -0.00112239 -0.000287516 -0.000808047 -0.00364147 0.00553294 -0.00500453 0.00607264 -0.0040543 -0.00474339 -0.00541591 0.00278757 0.00554139 -0.000961755 0.000108723 0.000608771 0.000758209 -0.00665271 -0.00220047 -0.00138132 -0.00320282 -0.00160017 -0.00818761 -0.00296745 -0.00396075 -0.00341884 -0.000412745 -0.00194404 0.00514945 0.00881249 -0.000861262 0.00640314 0.00244613 0.00543464 0.00649096 -0.000249301 -0.0025873 0.00201854 -0.00611292 -0.00231067 -0.000103029 0.000479605 -0.00410749 0.00156123 0.000382637 
0.00151502 -0.00105299 -4.15732e-05 -0.000169308 0.00135657 -0.000711932 -0.000864591 0.00149085 0.00218306 -0.00038068 -0.000282576 0.0010154 -0.00232468 0.00166507 -0.00757469 -0.000280338 -0.00529675 -0.00472535 0.000587635 -0.00460662 -0.000624782 -0.000778274 -0.00234182 -0.00531347 -0.00813009 0.00138986 0.00317017 0.0339841 0.00172615 -0.000934186 0.00190806 -0.00114855 0.000834503 0.000260305 -0.000527547 0.0013621 -0.00062333 0.000424419 0.000384559 -0.000939769 -2.75857e-05 -0.000333666 0.000268465 -0.000398169 -0.000487247 -0.000693349 0.00191875 -0.000703604 -0.00121888 -0.000800945 -0.00172479 -0.00064642 -0.00100743 7.42608e-05 0.0024324 -0.000853432 0.000488079 0.000271921 0.00098445 -0.000601426 0.00112587 -0.000580257 -0.000483981 1.37e-05 -0.00504831 -0.00217665 0.00387685 -0.00141677 0.00148559 0.00238976 0.00252585 0.000681183 -0.00196245 0.000715138 0.000129218 -0.000553404 0.000133593 -0.000547854 -0.000591584 -0.000289162 -0.0020931 -0.000223348 -0.000158044 0.000331318 -0.000463042 0.00100557 0.000257126 0.00159395 -0.000633478 -0.0029453 5.73798e-05 0.00241317 -0.000480815 -0.00118417 -0.000232954 0.000496531 0.000317055 -0.00156461 0.00011261 0.00144249 
0.00475449 0.000781475 0.00278323 -0.00232075 -0.00593392 -0.00478255 -0.00100607 0.0064632 -0.0107952 -0.00109093 0.00232416 -0.0232248 0.0119478 -0.00161232 0.00190764 -0.0187968 -0.00879379 -0.0127005 -0.00575441 -0.0111651 -0.00020598 0.022475 -0.0155095 0.0112566 -0.000126258 -0.00955736 -0.00757682 0.00172615 0.147494 0.0144245 0.000746603 0.00155865 0.000431556 0.00415498 -0.00433854 -0.00346417 0.00470573 -0.00331961 0.00133839 0.00160357 0.00100481 0.00403026 -0.000840167 -0.0107571 0.00175672 0.016218 -0.00190727 -0.0113236 0.000183745 -0.00359706 -0.00429605 0.00627762 0.00279405 0.00179598 0.000774491 -0.0121155 -0.000749996 -0.00122279 -4.30143e-05 0.00203005 -0.00308986 -0.0061708 0.00119479 0.00275551 0.00470717 -0.00542681 -0.00594375 -0.00874273 -0.000982289 0.000284666 -0.000247006 -0.0128961 -0.0129334 0.000774137 -0.00456352 -0.00286153 0.000299715 -0.0045949 -0.00213702 0.00126886 -0.00856862 -0.000399398 0.000337666 -0.00478024 -0.01521 -0.00123666 0.00286164 -0.000525897 -0.00601093 -0.00883376 -0.00128535 0.000458354 0.000809685 0.00141411 0.000187678 -0.00221298 0.0213928 -0.00197015 -0.000329413 0.00239034 
0.00373997 -0.00441114 -0.00424054 0.000251909 0.0013828 -0.00596356 -0.00661361 -0.00891027 -0.00972833 -0.00173559 -0.00296444 0.000768221 0.0217799 -0.016259 0.0326295 0.000416669 -0.0199399 -0.0202917 -0.0136251 -0.0059227 -0.00964275 -0.0153822 0.0112999 0.0089623 -0.02309 -0.00755259 -0.0202998 -0.000934186 0.0144245 0.189661 -0.00333771 0.00186526 -0.00224491 0.0115121 0.00027981 -0.00791012 0.000963844 -0.00511594 -0.00109522 -0.00689137 -0.00350833 -0.00641033 0.0106907 -0.00341006 -0.00429089 0.0030446 -0.00415439 -0.00790668 0.0143918 0.00417153 -0.00776846 -0.00682024 -7.34626e-05 0.00123097 0.0063692 -0.00344206 0.00011977 -0.000425758 0.00258116 0.00127053 -0.00108643 -0.0129973 -0.00502313 -0.00176612 -0.00183573 -0.0063816 0.00322971 -0.00942633 -0.00504538 0.00676442 0.00305238 0.00419822 -0.00943843 0.000929908 -0.00428806 0.00223671 0.00136359 0.00334161 -0.0153993 0.00234967 -0.00738881 -0.00042209 -0.000568862 -0.00220296 0.00158525 -0.0031969 -0.0122751 -0.00241591 -0.00573172 -0.0110382 0.00429843 0.00371947 -0.000680708 -0.00186119 -0.000906173 0.0040575 0.013452 0.00524561 -0.00578941 -0.00415297 
0.000510034 -0.00302488 -0.00112804 5.54122e-05 0.000533976 -0.00118414 -8.70688e-05 0.000246003 0.000846094 -0.00108666 0.00740038 0.00209738 -0.00593563 -0.000261542 -0.00925149 -0.000337919 -0.00736319 0.00262168 -0.00544402 -0.00703749 -0.00569829 0.00632663 0.00159625 -0.00459028 -0.00415568 0.000952051 0.00237259 0.00190806 0.000746603 -0.00333771 0.0511444 -0.00147755 -0.000217353 -0.00205977 -0.000794301 0.00528084 0.00285347 0.000377909 0.000273003 -0.00312177 0.000301641 -0.001809 -0.00177841 -0.00307549 6.07698e-05 0.00133689 -0.000583435 -0.00510171 -0.000226094 -0.000337367 0.00151559 0.00155763 0.00369676 0.000327187 -0.00202911 -0.00320437 0.000140954 0.000280328 0.000443656 -7.01995e-05 -0.00107417 -0.00110922 -0.00037118 0.000876453 0.000849766 -0.00107272 0.00108346 -9.69279e-05 0.00140487 -0.00031706 -0.00123681 -0.000602767 0.00118 0.00136984 -0.000581293 0.000923971 0.00135152 -0.00040861 -0.000169674 0.000243704 -0.00111199 -0.000262346 -0.000502275 -0.000945522 0.000401616 0.00130972 -0.00282091 -0.00102964 -0.000431945 -0.00992877 -0.000164004 -3.82561e-05 0.000498826 -0.00015956 -0.000794571 0.00104284 0.00163137 -0.000896628 -0.000708323 0.000672943 
0.00100371 0.00300321 -0.000424912 -0.000229836 0.00116881 -0.000922344 -0.000834209 0.00230336 -0.00311209 -0.00130457 -0.00155735 -0.00452575 0.000920103 -0.000959519 0.00604087 -0.00307891 -0.000764768 -0.00912599 -0.0129678 -0.00117489 -0.00134097 0.00115767 2.12245e-05 0.00405317 -0.00315201 0.00232467 -0.00787112 -0.00114855 0.00155865 0.00186526 -0.00147755 0.0630296 -0.00116519 0.00264386 0.00281037 -0.00200318 0.00163213 0.000313745 -0.000175689 -0.00143369 -0.000203764 -0.00215501 -0.00235041 0.000972559 -0.000350995 -0.000443055 -0.001677 -0.00278811 0.00261026 6.47784e-05 -0.00158069 -0.000322575 -0.000119028 0.000910444 -0.00123311 -0.000885805 -0.000444142 0.000464589 9.86844e-05 0.00125055 -0.000264914 0.00119923 0.00243295 0.000302075 -0.00233129 -0.00057396 -0.00311696 -0.00344408 0.00229985 -0.00111676 -0.000431977 -0.000950422 -0.00313464 0.000938796 -0.000449283 2.99802e-05 0.00101383 -0.00233438 -0.000341717 -0.000753243 -0.00349032 0.000131015 -0.000714773 -0.00157327 -0.00575043 8.85134e-05 -0.00143001 -0.00056338 -0.00153282 0.00484788 -0.000468915 -0.000670957 -0.00074726 -0.00266367 -0.000175253 -0.000283485 0.000754396 -0.000506913 -0.000390498 -0.000750606 
0.00375989 -0.00414713 0.000473192 -0.000413843 -0.000893574 0.00214904 0.00203602 0.00142208 -0.00417368 7.94081e-06 -0.00698996 -0.00294205 -0.00234729 -0.00340737 -0.0116468 0.00417709 0.00138072 -0.00420035 0.00640602 -0.00768 -0.00218841 -0.00270439 0.00198715 -0.00578577 -0.00231524 0.000451083 -0.00432758 0.000834503 0.000431556 -0.00224491 -0.000217353 -0.00116519 0.0635175 -0.00123865 0.000982321 0.00344644 -0.00129744 -0.000982803 0.000552025 -0.00788335 0.00100574 -0.00424068 -0.00185684 -0.000968458 -0.000580956 0.000360596 -0.000996636 0.00213825 0.00153303 -0.000813743 -0.00227229 -0.00132791 0.00269993 0.00016363 -0.00243987 -0.00353256 0.000570538 -3.37151e-06 -0.000231243 4.81651e-05 -0.0012272 0.0047016 -0.00099803 -0.00075926 -0.00575037 0.000840773 0.00185741 -0.0019841 0.000650354 -0.0021717 -0.000500177 -0.000828292 0.00425818 -6.05224e-05 0.0012044 0.00334657 0.000290669 0.00195292 0.000823002 0.000260863 0.00116821 -0.000617793 0.000563105 -0.000589539 0.00190009 0.000367175 -0.00247447 -0.00146779 -0.000964989 -0.00399369 -0.00117996 0.00221571 -0.00148867 0.00397778 -0.00157301 0.000116247 -0.00127267 -0.00163702 -0.000898452 -0.000134086 
0.00160418 4.53978e-05 0.00202864 -0.000763051 -0.000199108 -0.00303366 -0.000426168 -0.00309746 0.00154933 -0.00163103 -0.0133713 -0.0210322 -0.00995555 -0.00696836 0.00607169 -0.00685684 -0.00412433 -0.00924234 -0.00641902 -0.00303417 0.000320589 0.00256238 -0.0107955 0.00284945 -0.000912177 -0.00166886 -0.00361797 0.000260305 0.00415498 0.0115121 -0.00205977 0.00264386 -0.00123865 0.0728434 -0.00291752 -0.000590599 0.00332733 -0.00174293 0.0007687 -0.0034969 6.06036e-05 0.00265671 0.00442477 -0.00258685 -3.07187e-05 0.000142798 -0.00178967 -0.0026212 0.00285231 -0.00163033 -0.00287155 -0.00145544 -0.00105643 0.000624614 -0.00134889 -0.00316585 -2.94676e-05 0.000384888 -0.000991618 0.00247568 4.90241e-05 -0.00211206 0.000636214 0.000403091 0.0120827 -0.000597617 0.000417362 -0.00299383 0.000523298 0.000308777 -0.00127413 -0.00282069 -0.00553581 0.00242655 0.00217316 0.00177155 0.000311942 -0.000815885 0.00180073 -0.000321249 -0.00728881 0.00162983 0.000695515 -0.00369087 -0.00072051 -7.60724e-05 -0.0010819 0.000424262 0.00333037 0.00851877 0.00215042 -0.000140058 0.00204222 0.000372918 -0.00118483 0.00140158 -0.00288653 0.00176307 -0.00128465 0.00220087 
