0.0167946 0.000119006 -0.000485579 0.000108662 -0.000328149 0.000125229 -0.000286192 0.00082081 0.000402726 -0.0001028 0.00092744 -0.000337852 0.00124333 0.00112481 -0.000794615 -0.00222771 -0.00104132 0.000221743 -0.00217868 -0.000467663 -0.00276187 -0.000864 0.00101548 -0.000850631 -0.00286421 0.000124285 -0.000553347 0.000702332 -0.000370343 0.000130327 0.000165792 0.00130876 1.5661e-05 -0.000536987 -0.000662697 -0.000369768 -0.00191185 0.000646856 -0.00112069 -0.000208106 0.000550867 0.000243728 0.000543864 3.80147e-05 -0.00010879 -4.69274e-05 -0.000179882 -4.94527e-05 -0.00072687 0.000224002 -4.28076e-05 -0.000184597 -0.000188506 0.000510555 -0.00017768 -0.00027299 -0.000210107 -0.00120405 -0.00177176 5.94299e-05 0.000656778 -3.51599e-05 -1.71156e-05 1.08361e-05 -0.00055134 -7.65938e-05 0.000245265 -5.73364e-06 -0.000820154 -0.000397231 0.00127008 0.000281092 -0.00085119 -0.000489213 -0.000313976 0.00127757 -3.922e-06 -0.000124404 -0.000327935 -0.00135192 0.000314103 -0.000494306 -0.000288515 -1.83632e-05 0.000848967 -7.51925e-05 1.94957e-05 -0.00065922 -0.000158763 0.000362782 -0.000779977 -1.44826e-05 0.000119989 0.000297206 -0.000185959 1.518e-05 -0.000138277 7.94805e-07 0.000607885 0.000172103 
0.000119006 0.0939984 0.000536806 -0.00139992 -0.00212089 0.00136791 -0.00169769 -0.00326027 -0.00377524 -0.00515289 0.000633024 -0.00587009 0.00350459 0.00681069 -0.00145072 -0.0198228 0.00162501 -0.00925029 -0.00269794 -0.00488337 -0.00271606 -0.00268599 -0.00500716 0.00663884 -0.0062448 0.0203825 0.00394713 -0.00648578 0.00210214 -0.00463077 -0.00508996 0.00170852 0.000229754 -0.00274582 3.82218e-06 -0.00451367 0.00986697 0.00057111 -0.00733828 -0.00507206 -0.00532575 -0.00045175 0.000325482 0.000331826 -0.00318628 -0.000944276 -0.0018145 -9.14185e-05 0.000383875 -0.000373862 -0.000477692 0.00328661 -0.000439346 -0.00153779 -0.000254884 -0.000919181 -0.000132055 0.00180879 -0.00693728 -0.00241727 0.000463865 -0.00380738 0.000174239 -0.00164601 3.58873e-05 0.000427163 -0.00104213 -0.00374388 -0.00572481 -0.00136847 0.00713004 0.00140756 -0.0010154 0.0096539 0.000840655 -0.00361393 -0.00119639 -0.000801631 0.00273176 -0.00339734 -0.0025198 -0.00119082 -0.00340679 0.000115142 -0.00106402 0.00203749 0.00182387 -0.00138919 -8.47752e-05 0.000549693 -0.00362492 -0.000750031 -0.000952011 -0.00373694 0.000368981 0.000434148 -0.00181443 -0.000865846 -0.00296352 0.00255905 
-0.000485579 0.000536806 0.211931 -0.00300815 -0.0122529 -0.00333924 -0.00135958 -0.0172311 -0.00370008 -0.00274647 -0.00866235 -0.0318767 0.0094463 -0.00687949 -0.00169756 0.000385246 0.00156743 0.0212708 0.0479392 -0.0311499 -0.0167546 -0.0120859 -0.00714798 -0.00479926 0.0411753 0.00216907 -0.0304531 -0.0416828 -0.000882637 0.0153002 -0.00781239 -0.0134427 -0.0266068 0.00488603 -0.0109698 -0.00650703 0.000521414 -0.00174388 -0.0203396 0.0104237 0.0221538 -0.00367989 -0.00462425 0.00509367 0.00686159 -0.00137353 -0.00397319 0.00156144 -0.00686592 0.000393458 -0.00342618 0.00553139 -0.00931757 -0.00565191 -0.0135799 0.00728984 0.00199568 0.0131039 -0.010682 0.0016699 -0.00999768 -0.00216525 -0.000691588 -0.00692163 0.0096694 -0.00188607 -0.000351072 0.000185041 0.00745254 -0.00315873 0.00320759 -0.00510742 -0.00710751 -0.0209133 0.00015766 -0.00433476 -0.00565807 -0.00334483 -0.00811634 0.0369304 -0.00457815 -0.00575638 0.00596409 0.00428734 -0.00451649 0.000683096 0.00405109 -0.00369268 0.0110827 0.00176319 -0.00352807 -0.00188506 -0.0116682 -0.00612322 -0.00292354 -0.0120225 -0.00359649 0.0010536 0.0104089 -0.00126657 
0.000108662 -0.00139992 -0.00300815 0.0322302 -0.000514431 0.000677194 -5.27373e-05 0.00156947 -0.000389594 0.00492272 -0.000784047 -0.00220989 0.00165145 -0.00233129 -0.00144341 0.000495485 -0.00176637 -0.00470134 -0.000478132 0.000515865 -0.00414055 -0.00144678 -0.00171351 -0.00105992 -0.00286078 -0.0038109 -0.00107982 0.00360578 -0.000494755 0.000427127 -0.00022498 0.00181946 -0.000415221 0.000959188 -0.00146192 -0.00128329 -0.00283069 -0.000901246 -0.000107855 -0.000561344 0.00162578 -0.000298598 0.00120652 -0.000146516 -0.000414851 -0.00052606 0.000425659 -0.000194243 -2.85791e-05 -6.1819e-05 0.000867715 -0.000478615 0.000318658 0.000865887 0.000888351 -0.000869242 1.8777e-05 -0.000754201 -0.00354411 -0.000941753 -0.000505811 0.00100479 -0.000179296 -0.00236998 -0.00158178 0.00023671 -0.000372036 0.00240354 0.00122997 -0.000601776 -0.000644275 -0.000249086 0.000681458 -0.00400999 -0.000729099 -0.00129677 0.000471033 0.000301965 -0.000721289 0.00169445 -0.0012763 -0.0007733 -0.000320145 0.000577215 0.00163073 -0.00017976 -0.000531731 0.000771387 -0.00114165 0.000742358 -0.000431681 0.00067125 -0.00105356 0.00125812 0.000115871 0.000874096 0.000265155 0.00213148 -0.00130053 -0.000260201 
-0.000328149 -0.00212089 -0.0122529 -0.000514431 0.101918 -2.18324e-06 -0.00103841 -0.00154627 -0.00391102 -0.00345267 0.00269017 0.00390396 -0.00125874 -0.00023332 0.00988391 0.0026685 0.00290595 0.00619815 -0.0130295 0.00583849 -0.0132296 -0.0125773 0.0114445 -0.00505158 -0.0210743 -0.00641987 0.000776112 -0.00638537 -0.00146936 -0.000451866 0.000837803 0.00107949 -0.00466258 3.14952e-05 -0.00156916 -0.00488244 0.00877877 0.00980804 -0.0040755 -0.00704383 -0.010045 0.00154341 -0.000398128 -0.00189932 0.000116679 0.00018457 0.00148153 -0.000606654 0.000458024 0.00070699 -0.00228603 -0.00107057 0.00193392 0.00203293 -0.00245854 -0.00233462 -0.000496413 0.00161109 -0.0041055 -0.00205907 0.00326732 0.000252934 -0.000132102 0.00923521 -0.0020964 -0.00474802 -0.000130023 -0.00135256 -0.002614 -0.00082031 -0.000682889 -0.00264887 -0.00157605 0.00162879 -0.000859558 0.00561262 0.000177335 -0.00429708 0.000453255 -0.00358534 0.000643531 -0.00177783 -0.00560343 -0.00217292 0.00323498 -4.85184e-05 -0.00356489 -0.00166246 0.00134988 -0.00140587 0.00107593 0.000727242 -0.000528192 0.00252568 0.000270449 -0.00520333 -0.00294091 -0.00428101 0.00171698 6.8953e-05 
0.000125229 0.00136791 -0.00333924 0.000677194 -2.18324e-06 0.0352498 -0.000168782 -0.00192186 -0.000800917 -0.00116581 0.0015352 9.64174e-05 -0.000400309 0.000618389 0.00142666 -0.00440827 0.000715621 -0.00546282 -0.00101511 -0.00166072 0.0016545 0.00298834 -0.00209486 -0.00412017 -0.00653911 -0.000352998 4.605e-05 -0.000780939 0.000335446 -0.000469365 0.000232868 0.00682506 0.00463848 0.000297791 0.00076482 0.00107633 -0.00535022 0.000231763 0.00117391 0.000572114 -0.00147106 0.000130841 -0.000282083 -6.3463e-05 -0.000857908 -0.000518423 -0.00113102 -2.52595e-06 0.00187757 0.000223651 -0.00126044 -0.000152979 0.000669159 -0.00184766 -0.00158279 0.000400535 0.00043271 0.000964077 0.000526929 -0.000454403 0.00034241 0.000448976 0.000301184 0.000233753 -0.00162498 -0.0013626 0.000157503 -0.000871522 9.16733e-05 0.000138417 -0.000978118 0.000813182 -0.000882705 0.00133388 0.000186831 -0.00127241 -0.000421517 0.000501522 -0.000523157 -0.00695793 -0.00136306 -0.000906407 -0.000693077 0.000211439 -8.40783e-05 0.00089687 -0.000536578 -0.000243278 -0.000582234 0.00011378 0.000353647 -0.000673694 -0.00114544 -0.000949521 -4.06354e-05 -0.00137981 -0.000782623 0.000217596 -0.000155976 -0.000108229 
-0.000286192 -0.00169769 -0.00135958 -5.27373e-05 -0.00103841 -0.000168782 0.0691649 0.00212211 0.00291763 -0.00169702 -0.00318836 -0.0077807 0.00109973 0.00117832 -0.00219221 -0.00274386 0.00488415 0.00212031 -0.00199322 0.0022716 -0.00561846 -0.00347149 0.00608228 -0.00546362 0.000838373 -0.00735402 -0.000736449 0.00258079 -0.00099774 0.00228451 -0.00173043 -0.00359705 -0.00311684 -0.00150144 -0.00594363 0.00416991 0.000999155 -0.00046398 -0.00208582 -0.00141894 0.000404112 0.000273887 -0.000901661 -0.000642749 -0.000575182 -0.00180119 -0.00152759 -0.000217563 0.00150241 0.000260117 -0.000489599 -0.00162451 0.000201399 -0.00416234 -0.00401544 0.000180309 0.000101482 -0.00244481 0.000395385 0.000725416 -0.00193945 -0.000417902 0.00017452 -0.00296426 0.00181185 -0.00244143 -0.000521521 -0.000335847 -0.00131967 0.00216463 -0.00134863 0.000201986 -0.000390855 -0.00397041 0.000157324 0.00309627 -0.000196115 -0.00171611 -0.0010349 0.00419037 -0.00195248 -0.000816262 -0.00207299 0.000373296 0.00106286 0.000773546 -0.000910605 -0.000264999 -0.00245345 -0.000471959 -0.00156993 -0.00128452 0.00095638 -0.000894281 0.00129564 -0.00500286 -0.00256406 0.00162935 0.000859049 -0.000548508 
0.00082081 -0.00326027 -0.0172311 0.00156947 -0.00154627 -0.00192186 0.00212211 0.111321 0.00103714 0.00201626 -0.00398054 -0.00888124 0.00875571 -0.0107649 -0.00181657 -0.0143218 -0.00655362 0.0066792 -0.0115163 -0.00416912 -0.0144562 -0.0126914 0.0156157 0.0044446 -0.00128017 -0.0150994 0.0038391 0.0338449 -0.00168837 -0.00331525 -0.00421919 -0.00161464 -0.00473837 -0.00413051 -0.000740767 0.00951824 0.00474373 -0.00375104 0.000425018 -0.0122973 0.00130184 -0.000231223 -7.95821e-06 -0.002101 -0.00232058 -0.00132695 -0.00148186 -0.000255282 -0.00289519 -0.000741383 0.0045779 0.00157179 0.000817142 0.000807839 -0.00232079 -0.00193068 -0.000556026 -0.00689633 0.00152153 -0.00192061 0.00173006 -0.00166919 -0.0011011 0.000469276 -0.00353124 -0.00181579 -0.00131527 0.00242631 -0.00559272 -0.000464559 -0.000434282 -0.00113773 3.58228e-05 -0.00950907 -0.00252224 0.00142649 0.000892944 0.00110976 -0.00496829 0.0113871 0.00242502 0.00310632 -0.00497393 -0.000788445 0.00317632 0.00122056 -0.00466594 -0.00154765 -0.00371088 0.00100389 0.000957497 -0.0042831 0.00713863 0.00327626 -0.000802385 -0.00306093 -0.00278902 -0.00209302 -0.00391084 -0.00147314 
0.000402726 -0.00377524 -0.00370008 -0.000389594 -0.00391102 -0.000800917 0.00291763 0.00103714 0.0778548 0.000358934 -0.00425183 -0.00534809 -0.00158191 -0.00764842 -0.000203561 -0.00680378 -0.000117991 0.00257768 -0.003283 0.000955492 -0.00102922 0.00278638 -0.00227459 -0.000232731 0.00322613 -0.0137163 -0.00229515 0.000519787 -0.00157703 -0.00131873 -0.00246791 0.0036531 0.00103083 0.00156433 -0.00145477 0.00503148 0.00275258 0.00105732 -0.00126308 -0.0028796 -0.00671075 0.000417333 0.000115682 0.00197351 -0.000419762 -0.000350456 -0.000108702 -0.000522864 -0.000692856 -0.00119734 0.000492009 -0.000852343 -0.00330208 0.00213575 0.00188359 -0.000317314 -0.000485324 -0.00111087 -0.00481526 0.00250341 -0.00141663 0.000249438 -0.000594421 -0.002872 0.00504142 -0.00103802 0.000654807 0.00386117 -0.00567493 -0.000621308 0.00425379 -0.00260203 -0.0020492 -0.0018055 -1.83547e-05 -0.0044414 -0.00147199 -0.00284086 0.00324114 -0.00369934 -0.00170828 -8.05921e-08 -0.000784235 0.000193654 -4.47722e-05 -0.000210259 -0.000605597 0.00263026 0.000102453 -0.00146106 -0.0041708 0.00301104 -0.00133559 -0.00185035 -0.000159341 -0.000964994 -0.00042265 -0.00289711 0.00137438 -0.000889663 
-0.0001028 -0.00515289 -0.00274647 0.00492272 -0.00345267 -0.00116581 -0.00169702 0.00201626 0.000358934 0.108847 -0.000258715 0.00417598 -0.00286703 -0.00330879 -0.0112848 -0.00213279 -0.00939306 0.00182918 0.000728606 0.00107238 -0.0169024 -0.0150041 -0.00914525 0.00261331 0.00896518 -0.00598935 0.0105053 0.000528342 -0.00179986 -0.00306038 0.00291938 -0.00344387 -0.0044359 0.000902858 -0.000959066 -0.00535186 -0.00435537 -0.00159234 -0.00732258 -0.00388196 0.0149512 -0.00146963 -0.00024636 -0.0017881 -0.00121868 -0.000797781 0.000449265 0.000426875 -0.00196994 -0.00127715 0.00111 -0.00238486 0.00124907 0.00638654 0.007258 -0.00508995 0.00201971 -0.00201396 -0.00431969 0.000426604 -0.00169731 0.00120045 -0.000261275 -0.00593099 -0.00468455 -0.00111768 -0.00134235 0.00284826 0.00336088 -0.0020068 -0.00280454 2.16747e-05 -0.00148317 -0.0091686 -0.00086553 -0.00144182 -0.00131891 0.00108263 -0.00228491 -0.0011661 -0.00841011 0.00216267 0.000778749 -0.0010294 -0.00124155 -0.000682521 -0.00266089 0.0035778 -0.00359116 -0.000421998 -0.00702109 0.00171263 -0.00407243 0.00656931 0.00165028 0.000299616 0.00204529 0.000761719 0.00243243 0.00092228 
0.00092744 0.000633024 -0.00866235 -0.000784047 0.00269017 0.0015352 -0.00318836 -0.00398054 -0.00425183 -0.000258715 0.1059 0.00199003 -0.00446636 0.00449558 0.0039285 -0.00620613 -0.00963487 -0.00452604 -0.0147675 -0.00813805 -0.0122643 -0.0100661 -0.00257766 0.00905544 -0.00909484 0.0102338 -0.00750888 -0.00564466 -0.000117865 -0.00237157 -0.00411127 0.00322015 0.00323244 -0.0015691 0.003088 -0.0103105 -0.00517856 0.00235937 -0.00310869 -0.0017313 -0.0119567 0.000586655 0.000272317 -0.00227609 0.0035616 -0.00248064 -0.000735156 0.000877471 0.000126549 0.00327237 -0.000116533 -0.000383627 -0.000742936 0.00583468 0.00272225 -0.00292096 -0.000166876 -0.00343806 -0.00614092 0.00228124 0.00262329 0.0012556 0.00085876 0.0039354 -0.00242498 -0.000470777 0.00125404 0.000894879 0.00338522 -0.00291325 0.00318859 -0.00190889 0.00421757 -0.00122969 -0.000619634 0.00116321 0.00156544 0.00249653 -0.00314567 -0.00971425 -0.00457389 -0.00250786 -0.00217988 -0.00039705 -0.00293204 -0.00160917 0.000584632 -4.03105e-05 0.00308929 -0.00154121 -0.00111234 -0.0019977 -0.00118337 0.00529237 -0.00124853 0.00653171 0.000494869 -0.00285948 0.00538161 0.0014516 
-0.000337852 -0.00587009 -0.0318767 -0.00220989 0.00390396 9.64174e-05 -0.0077807 -0.00888124 -0.00534809 0.00417598 0.00199003 0.176016 -0.00831203 0.0205525 -0.00245556 -0.00288412 -0.00188719 -0.00755937 -0.0118373 0.0206675 0.0338944 -0.00885328 -0.00447754 -0.0200776 -0.0374987 0.00811004 0.00839803 0.00331239 -0.00549213 -0.0110812 -0.00230418 0.00194344 0.00522966 -0.0104528 0.0022256 0.000111774 -0.0263426 0.00150963 0.00950444 0.00340015 -0.00982808 -0.00220739 -0.000623858 -0.00314523 -0.000758101 0.00209661 -0.00366555 -0.000246418 -0.000716406 -0.00124255 -0.00379661 -0.00308962 0.011245 -0.00572859 0.0060257 -0.00357727 -0.000681415 -0.0115063 -0.00100825 -0.0111178 0.000925068 0.00260391 -0.000557428 0.0196864 -0.0102285 0.00618019 -0.00136573 -0.00889384 -0.0160219 0.00572574 -0.0050109 -0.00218194 -0.00423591 0.0159098 0.00416508 0.00271113 -0.00613777 -0.0010448 0.00312732 -0.038902 0.0029559 -0.00356047 -0.00274731 -0.00240664 0.00180077 -3.32569e-05 0.0015128 -0.00560525 -0.00327006 -0.000686453 0.00130066 -0.00135402 0.00809993 -0.00385163 -0.000449862 0.0128643 -0.00382426 -0.0039136 0.000308903 -0.00124441 
0.00124333 0.00350459 0.0094463 0.00165145 -0.00125874 -0.000400309 0.00109973 0.00875571 -0.00158191 -0.00286703 -0.00446636 -0.00831203 0.104108 -0.00601758 0.000563375 -0.00764028 0.00373241 0.0130158 0.00287186 -0.0155456 -0.0255703 -0.0117309 -0.000186896 0.00550856 -0.00184447 -0.00602063 -0.0126149 -0.00901137 -0.00228976 0.00476872 -0.00853233 -0.00477035 -0.00697773 0.00184542 -0.00173244 0.00942727 -0.00245294 -0.00570082 -0.00404744 0.000672172 0.00276684 -0.00129266 0.00259819 -0.000652174 -0.000103393 -0.00334515 0.00445377 -0.000584795 -0.0023075 -0.00153201 0.00407818 0.0040548 -0.00134474 -0.00607272 -0.00342033 -0.00142867 0.00149502 -0.000167441 -0.00700344 -0.00396904 -0.0016221 -0.002865 -0.000500991 0.00302178 -0.00257925 -0.00384483 0.00212324 0.00255416 0.00198479 -0.000217405 -0.00012757 0.000450215 -0.00228457 0.00297729 -0.000495343 0.00213223 -0.00136341 -0.000664216 -0.00123097 0.0133156 0.00929192 -0.00375709 -0.000333056 -0.000718877 -0.000447979 0.00138789 -0.00262462 -0.00378587 0.000450557 0.0021623 -0.00140397 -0.00199685 -0.00337564 -0.00346093 -0.00149283 -0.005828 -0.00093314 0.00126273 -0.00239564 0.000370935 
0.00112481 0.00681069 -0.00687949 -0.00233129 -0.00023332 0.000618389 0.00117832 -0.0107649 -0.00764842 -0.00330879 0.00449558 0.0205525 -0.00601758 0.158008 -0.00829086 -0.00593981 -0.0159473 -0.010359 -0.0119679 0.00487882 -0.00517964 0.00493613 -0.00430068 -0.0128726 0.000210747 -0.021461 0.0205241 -0.0129757 -0.00222022 -0.0043447 0.00010243 0.00135233 0.00262534 -0.000780478 -0.0194117 -0.0226 -0.00745099 0.013831 0.00527244 -0.0102832 -0.0144693 0.000354189 -0.001295 -0.000750165 0.00329015 -0.0015102 -0.000289872 0.00075708 0.00049169 0.00419877 0.000874173 -0.00494355 0.00492589 0.00910481 -0.0026151 -0.00635745 0.000545722 -0.0184999 -0.00187977 -0.00279107 0.00309859 0.000465015 -0.00040761 0.00875903 -0.00668388 -0.00258545 -0.00286588 -0.00848539 -0.0141462 -0.00191576 0.00331334 0.000532156 -0.00112449 0.00474763 0.00433259 0.00773333 -0.000249074 0.0014037 0.00597489 -0.0175384 -0.00347694 0.000930513 0.00310904 -0.000437995 0.00195255 0.0040998 0.00484633 -0.000124851 -0.0025823 0.00586046 0.000532775 -0.00328256 0.00608991 -0.00436077 0.000110749 -0.00306847 0.00123411 -9.41284e-05 0.00238434 -0.000173736 
-0.000794615 -0.00145072 -0.00169756 -0.00144341 0.00988391 0.00142666 -0.00219221 -0.00181657 -0.000203561 -0.0112848 0.0039285 -0.00245556 0.000563375 -0.00829086 0.144914 -0.00296871 -0.0308216 -0.00729021 -0.00638321 -0.0144892 -0.0108327 -0.0185893 0.00590289 -0.00815829 -0.0253971 -0.00236967 -0.000188426 0.00106794 -0.000981638 -0.00158863 0.0029086 0.00519984 -0.0135013 -0.00509023 0.00385274 -0.00655448 -0.00735029 0.00165409 0.00896999 0.00887892 -0.00373629 0.00448203 -0.00254787 -0.00150418 -0.00271776 -0.00358948 0.00328228 0.00074818 0.0136089 0.00318946 -0.00351823 -0.000173051 -0.00153967 -0.0104728 -0.00184311 0.00231282 0.00075997 -0.00386163 -0.00437899 0.00136876 0.00426037 0.00166085 0.000250186 0.0137176 -0.00546663 0.00302217 0.0010737 -0.0015193 0.000399978 -0.00404099 -0.0015593 -0.00289913 0.00655422 -0.000806543 -0.00105929 -0.000218272 -0.00533298 0.00255564 -0.00411475 -0.0250627 0.0172929 -0.0017658 -0.00114014 -0.000305018 0.0011998 0.0049061 0.00252178 -0.000447936 0.000491931 -0.000357514 0.0141093 0.0039688 -0.00563223 0.00142349 0.00125908 -0.00497099 -0.00203914 -0.00550799 -0.00150422 0.000247035 
-0.00222771 -0.0198228 0.000385246 0.000495485 0.0026685 -0.00440827 -0.00274386 -0.0143218 -0.00680378 -0.00213279 -0.00620613 -0.00288412 -0.00764028 -0.00593981 -0.00296871 0.230451 -0.00329976 0.00287265 -0.00646153 0.0154635 0.00273087 4.49353e-07 -0.0021219 -0.0290587 0.00500225 -0.01738 -0.0103816 0.00487317 7.40871e-05 -0.00354526 0.00115459 -0.0158646 -0.00274372 -0.00163152 -0.0094158 0.00731051 -0.000869618 -0.00586222 -0.00975408 0.00235963 -0.00546986 0.00224822 -0.00192477 -0.00405814 0.0118275 0.00279352 -0.00232398 -0.00195882 -0.00918757 -0.00281795 -0.00603358 -0.00268333 -0.0126323 0.000357938 -0.00336555 -0.00566633 -0.000728155 -0.00285259 0.0122153 0.00310096 0.00460326 0.0111413 0.000623257 5.20708e-05 -0.00889099 -0.00107194 0.00424465 -0.00336089 -0.0170279 -0.0118413 -0.00912957 0.00171532 -0.00415594 -0.0149537 -0.00288368 0.00394095 0.00494142 -0.00400785 0.00623897 0.00446066 -0.000717725 0.00406915 -0.0111058 -0.00284575 -0.00558769 0.00284654 -0.00467534 0.000816691 -0.00630495 -0.00408456 0.00966399 -0.00266361 0.00886978 0.00322676 -0.000261794 0.00259199 0.00413917 -0.00498681 -0.00491214 -0.00290853 
-0.00104132 0.00162501 0.00156743 -0.00176637 0.00290595 0.000715621 0.00488415 -0.00655362 -0.000117991 -0.00939306 -0.00963487 -0.00188719 0.00373241 -0.0159473 -0.0308216 -0.00329976 0.221507 0.017567 -0.00248301 0.0319686 0.00207025 -0.00164399 0.0163898 -0.016555 0.0190161 0.0089899 -0.016883 -0.020123 0.00131639 0.00110868 -0.0113806 0.000548462 -0.00391281 0.00612516 0.0114324 0.00110448 -0.0126806 0.009831 0.00720705 -0.00221503 0.0174932 -0.00762746 -0.000226256 -0.00494835 -0.000232469 -0.0021557 -0.00120376 -0.00503532 -0.0104984 -0.0113076 -0.0114646 -0.00523855 -0.00337244 -0.00571779 -0.00601199 0.00682768 -0.00154723 0.0079308 0.00276114 0.00147782 -0.00921967 -0.00766199 -0.000839657 -0.00133834 -0.016324 -0.0151691 -0.0055207 -0.00665274 0.0216243 -0.00180711 -0.000602253 -0.00328421 -0.01862 0.0178452 -0.00512855 -0.0038971 -0.00105656 0.00718452 0.000939094 0.0419682 -0.0210793 -0.00514283 -0.0149502 -0.00316335 -0.00647626 -0.000168701 -0.0125387 0.000379622 -0.00794096 -0.00696067 -0.0190773 -0.00302769 -0.00556586 -0.0101362 -0.00028122 -0.0100359 -0.00664106 -0.00326292 -0.0106342 -0.00891116 
0.000221743 -0.00925029 0.0212708 -0.00470134 0.00619815 -0.00546282 0.00212031 0.0066792 0.00257768 0.00182918 -0.00452604 -0.00755937 0.0130158 -0.010359 -0.00729021 0.00287265 0.017567 0.248278 0.00863092 -0.0106847 -0.0291336 -0.0458851 0.0101122 -0.0011638 0.000301084 -0.0254015 -0.0321487 -0.0223105 -0.00770594 0.00458389 -0.039214 -0.0127751 -0.0359363 0.00852142 0.00988177 0.0207361 -0.00606034 0.0101999 0.00352856 0.0132688 -0.00355228 0.000284905 -0.00868302 -0.00293004 0.0078009 0.000830882 -0.0086348 -0.00175173 -0.0221371 -0.0004034 -0.00453022 -0.00438567 -0.00876786 0.000600045 -0.014593 -0.0128311 0.000411905 0.000817298 -0.0128116 0.00355494 -0.00728962 0.00564559 -0.00279344 0.0277466 -0.00657653 -0.0081387 -0.00354025 0.00631945 -0.00457763 -0.00608018 0.00950285 -0.0036341 -0.00524308 -0.0077496 -0.00193882 0.0190772 -0.00735711 0.00127645 -0.00129223 0.0495353 -5.67921e-05 -0.00985787 -0.000987423 -0.00345699 -0.000951511 -0.00649789 -0.00554567 0.00245481 0.00202442 -0.00345313 -0.00218951 -0.00181983 0.00122915 0.00225819 -0.00267447 -0.0193836 -0.00955619 -0.00209572 0.00758427 -0.00303207 
-0.00217868 -0.00269794 0.0479392 -0.000478132 -0.0130295 -0.00101511 -0.00199322 -0.0115163 -0.003283 0.000728606 -0.0147675 -0.0118373 0.00287186 -0.0119679 -0.00638321 -0.00646153 -0.00248301 0.00863092 0.20532 -0.00860007 -0.00525278 -0.0083402 -0.0332909 -0.00232814 -0.00200761 -0.0125531 -0.0224173 -0.0222591 -0.00531301 0.00722404 0.0051292 -0.0139858 -0.00542811 0.0106551 -0.0108846 -0.00685782 -0.012404 -0.0127056 -0.0041368 -0.00133261 0.00196292 -0.00498859 -0.00123553 0.00397809 0.00644892 0.00258982 -0.00213227 -0.000287039 -0.00445345 -0.00429612 0.00342977 0.00511988 -0.00804765 -0.0131694 -0.0084353 -0.00468242 -0.000550386 0.0129214 0.00828683 -0.00054977 -0.00745993 0.00988324 -0.00299569 -0.00682612 0.00822566 -0.0011684 -0.00311461 0.00959452 0.00967616 0.000934936 -0.0099512 0.00376753 0.00502608 0.00222209 0.00308717 0.00239993 -0.00216802 -0.00533064 -0.00802179 0.0344032 0.00391594 -0.00237154 0.00680432 0.000310302 -0.00527955 -0.000635976 0.00336401 -0.00692303 0.0022122 0.00250266 -0.00280649 -0.0015889 -0.0172968 -0.00435971 -0.00344365 -0.0160073 -0.00287999 0.00548019 -0.00345522 5.61216e-05 
-0.000467663 -0.00488337 -0.0311499 0.000515865 0.00583849 -0.00166072 0.0022716 -0.00416912 0.000955492 0.00107238 -0.00813805 0.0206675 -0.0155456 0.00487882 -0.0144892 0.0154635 0.0319686 -0.0106847 -0.00860007 0.217814 -0.0112676 -0.00430126 0.030167 -0.0384904 -0.00055615 -0.0235103 -0.00962022 0.00598769 -0.00337248 -0.0174832 -0.00803743 0.0207458 -0.00191 0.000955626 -0.00485527 0.000772795 -0.0180965 -0.0105938 0.0252179 0.00585595 -0.00270505 0.0013557 -0.000801784 -0.00603386 0.000241771 -0.000962141 -0.00416769 -0.0019804 -0.00339176 -0.00517946 -0.00245145 -0.0098149 0.00399743 -0.00176429 0.00539436 -0.00235161 -0.00399588 0.0015531 0.00182796 -0.00153917 -0.00655967 0.00235927 -0.00142519 -0.0228435 -0.00521103 -0.00472171 -0.00285384 -0.00610311 -0.0185313 -0.0114766 -0.00241487 -0.00164711 0.00120661 0.0132701 -0.00329501 0.00439131 0.00872318 0.000942732 0.0104574 0.00683395 0.00222621 0.00384089 0.0012894 -0.00607313 0.00163195 -0.00951973 -0.00366188 -0.00730443 -0.00730135 -0.00517024 0.00144029 -0.00512098 -0.000721119 -0.0149673 -0.00169717 0.0076093 -0.00145817 -0.00582489 -0.00802138 -0.00879513 
-0.00276187 -0.00271606 -0.0167546 -0.00414055 -0.0132296 0.0016545 -0.00561846 -0.0144562 -0.00102922 -0.0169024 -0.0122643 0.0338944 -0.0255703 -0.00517964 -0.0108327 0.00273087 0.00207025 -0.0291336 -0.00525278 -0.0112676 0.236165 0.0178734 0.00117516 -0.0223964 -0.0131045 0.0330669 0.0126769 0.00729895 -0.00417737 -0.00107178 0.0196797 -0.000728551 0.0426725 -0.0145431 -0.00449807 0.00467587 -0.0133197 -0.00401926 -0.00128737 0.0025711 -0.0151561 -0.00555361 -0.00063672 0.00301716 -0.00777271 -0.00234688 -0.00666805 -3.77285e-05 0.00129888 -0.00026534 -0.00585242 -0.00200319 0.00668917 -0.00919333 -0.000634014 -0.00421361 -0.00690709 0.00400686 0.015158 -0.0133903 0.00433471 0.00622942 -0.000396618 -0.00355853 -0.0111723 0.00602948 0.00236156 -0.00727437 -0.00724392 0.0035125 -0.0121705 0.00158804 -0.0100634 0.0209505 -0.000369648 -0.0270449 -0.00537415 -0.00428976 0.0111865 -0.0412578 -0.00772738 -0.00535914 -0.00304828 -0.00111953 -0.0017464 -0.00273347 0.00201543 -0.00346674 0.0058812 -0.00153591 -0.0129601 0.00108665 0.000286652 -0.00254969 -9.38082e-05 0.0037218 -0.00451617 -0.00459139 -0.00225446 0.00324512 
-0.000864 -0.00268599 -0.0120859 -0.00144678 -0.0125773 0.00298834 -0.00347149 -0.0126914 0.00278638 -0.0150041 -0.0100661 -0.00885328 -0.0117309 0.00493613 -0.0185893 4.49353e-07 -0.00164399 -0.0458851 -0.0083402 -0.00430126 0.0178734 0.19453 -0.0151532 0.00424222 0.00293583 -0.00638021 0.0168731 0.00372819 0.00277348 3.46915e-05 0.0136629 -0.00156564 0.00787713 -0.0066326 0.000301364 -0.0128039 -0.00211487 -0.00301341 0.0114777 -0.00244389 -0.0249437 0.00153188 0.000959378 -0.000573207 -0.00757482 -0.00245146 -0.00422125 -0.000196252 0.00297612 0.000224793 0.00188494 -0.00152888 0.000435907 0.00905753 -0.00139373 0.00549984 -0.00445108 -0.000281525 -0.00603206 0.00109065 0.00155344 -0.00303457 -0.00271282 -0.0206304 0.0110983 0.00228845 -0.00064874 -0.00317962 0.00117721 0.00703122 -0.00617919 -0.00192446 -0.00449266 -0.0033584 0.00120808 -0.0117197 0.00330903 -0.00167873 -0.000828092 -0.0168776 -0.00678182 0.00245082 0.000514463 0.00235736 -0.00177312 -0.00629813 0.00675182 -0.00298971 -0.00665277 -0.000485029 -0.000375722 0.00444584 -0.00260999 -0.00121503 0.00381059 0.00918721 0.00362859 0.0130079 -0.00497945 0.000915496 
0.00101548 -0.00500716 -0.00714798 -0.00171351 0.0114445 -0.00209486 0.00608228 0.0156157 -0.00227459 -0.00914525 -0.00257766 -0.00447754 -0.000186896 -0.00430068 0.00590289 -0.0021219 0.0163898 0.0101122 -0.0332909 0.030167 0.00117516 -0.0151532 0.220871 -0.000241762 -0.00549839 0.0103613 -0.0126605 0.00640862 -0.00925993 -0.021928 -0.0179589 0.00578256 -0.0118566 -0.0103839 -0.0028595 0.0032654 0.0230084 -0.000811188 -0.0103337 0.00398095 0.00618798 -0.00209028 0.00179925 -0.00078354 -0.0145888 -0.00682003 -0.000349921 -0.00292714 -0.0065042 -0.00108417 0.00145232 -0.00866772 0.00122739 0.0179387 -0.0143585 -0.00678629 -0.00417078 -0.00966749 0.0122193 -0.0107332 -0.000954114 -0.0123501 -0.00134906 -0.0100995 -0.010295 -0.00648257 -0.0013193 -0.0102878 -0.00980549 -0.00673158 -0.00742936 -0.00569678 0.0036064 -0.0103005 -0.00551459 -0.00162486 0.00175352 -0.00959566 0.00215082 0.00893162 0.00439868 0.00336775 -0.00477125 -0.0085861 -0.000507464 0.00297138 -0.00735571 -0.00297741 -0.00038152 -0.00149747 0.00314891 -0.00743229 0.00541642 0.00320154 -0.000732755 -0.00195262 -0.00412375 -0.0103539 -0.00466877 -0.00336131 
-0.000850631 0.00663884 -0.00479926 -0.00105992 -0.00505158 -0.00412017 -0.00546362 0.0044446 -0.000232731 0.00261331 0.00905544 -0.0200776 0.00550856 -0.0128726 -0.00815829 -0.0290587 -0.016555 -0.0011638 -0.00232814 -0.0384904 -0.0223964 0.00424222 -0.000241762 0.184835 0.0095729 0.0128156 -0.00850083 -0.00879498 -0.00177923 -0.00182635 -0.00347948 -0.00381301 0.00141261 -0.000682651 -0.000931267 -0.00278539 0.0443839 -0.0107973 -0.0225088 -0.00537505 0.00919389 1.65599e-05 0.00219782 0.00143475 -0.0021879 -0.00493572 0.00138587 0.000558526 -0.00969574 -0.00181383 0.00970079 0.00374237 -0.00358242 0.0185668 0.00219895 -0.00188319 -0.000173721 0.00458558 -0.0162299 -0.00118811 5.08069e-05 -0.0103665 7.7305e-05 -0.00396413 0.00141404 -0.00435386 -0.000178423 0.00505894 0.00932348 -0.00317301 0.00106826 -0.00349686 0.00662028 -0.014735 0.000311203 -0.00920829 3.42119e-06 -0.00230452 -0.00533728 0.000490279 -0.00787362 0.000378409 0.00135322 -0.000559459 -0.00760621 -0.00609645 -0.00353103 0.000676273 0.00295648 -0.00197592 -0.0130096 -0.00188907 0.00276935 0.00516798 -0.00219338 0.00209282 0.00373818 0.000961444 -0.000939747 0.00506082 
-0.00286421 -0.0062448 0.0411753 -0.00286078 -0.0210743 -0.00653911 0.000838373 -0.00128017 0.00322613 0.00896518 -0.00909484 -0.0374987 -0.00184447 0.000210747 -0.0253971 0.00500225 0.0190161 0.000301084 -0.00200761 -0.00055615 -0.0131045 0.00293583 -0.00549839 0.0095729 0.244416 -0.0109902 -0.00836887 -0.01377 0.00230595 0.0040075 0.00177951 -0.00709309 -0.0266784 0.00562476 -0.023975 -0.00644242 0.0186505 0.00493228 -0.00423282 -0.00978323 0.022811 0.00010352 -0.00217633 -0.00112511 0.0027444 -0.00588845 -0.000354326 -0.00110721 -0.00881445 -0.00515961 0.00196669 -0.00263352 -0.00351686 0.0200014 -0.0024454 0.00414652 -0.000820964 -0.000100193 0.0150278 0.00867976 -0.00947962 -0.0162166 -0.00035238 -0.0208652 -0.00767158 -0.00168654 -0.00172496 -0.000641075 -0.000950861 -0.00502088 -0.00747262 -0.00806438 -0.0118366 -0.0254344 -0.00172817 -0.0130372 0.00532054 -0.00870559 -0.00685367 0.0346066 -0.00989207 0.0029143 0.00976058 0.00314591 -0.00243523 -0.00147602 -0.00515918 0.00220131 -0.0118607 0.00122429 -0.00820373 -0.00916827 -0.00532537 -0.00705786 -0.00249992 -0.00760681 0.00038346 -0.00367961 0.000979133 -0.00552883 
0.000124285 0.0203825 0.00216907 -0.0038109 -0.00641987 -0.000352998 -0.00735402 -0.0150994 -0.0137163 -0.00598935 0.0102338 0.00811004 -0.00602063 -0.021461 -0.00236967 -0.01738 0.0089899 -0.0254015 -0.0125531 -0.0235103 0.0330669 -0.00638021 0.0103613 0.0128156 -0.0109902 0.228402 -0.00316184 -0.0125504 0.00421005 -0.00775092 0.00343303 -0.00573961 0.0228822 -0.0143364 0.00468446 -0.00423806 0.0138826 -0.0146346 -0.0234546 -0.00761985 0.00119667 -0.00428201 0.00432513 -0.00286771 -0.0123523 -0.00426387 0.0012793 0.00131965 0.0049204 0.00308018 -0.00938747 0.00494944 0.00332342 -0.00224753 0.00564429 0.00605924 -0.00336207 0.00499837 0.0170434 -0.00987747 0.0070932 -0.0138047 0.00235935 -0.00201905 -0.00597953 0.00033748 -0.00219328 -0.0130824 0.0117443 0.0055122 -0.00573099 0.00297812 -5.80666e-05 -0.00878276 -0.00425983 -0.00909055 -0.00831889 -0.00180801 -0.000502284 -0.0251103 -0.010501 -0.00310573 -0.00960663 0.000296185 -0.00919779 -0.00641845 -0.000240187 -0.00125276 0.00960881 -0.00148373 -0.00669117 0.00584414 -0.00934088 0.00191478 0.000197977 0.0129399 -0.00665057 -0.00592385 -0.0148896 0.00426544 
-0.000553347 0.00394713 -0.0304531 -0.00107982 0.000776112 4.605e-05 -0.000736449 0.0038391 -0.00229515 0.0105053 -0.00750888 0.00839803 -0.0126149 0.0205241 -0.000188426 -0.0103816 -0.016883 -0.0321487 -0.0224173 -0.00962022 0.0126769 0.0168731 -0.0126605 -0.00850083 -0.00836887 -0.00316184 0.169518 0.0132551 0.000737769 -0.00439697 0.0174458 -0.00328843 -0.000315504 -0.0079035 -0.0046935 -0.014343 0.00688649 0.00184634 -0.017808 -0.0130776 -0.006008 -0.000651214 -0.0019249 0.000171814 -0.00743174 -0.00082776 -0.00191615 0.00114052 0.0136646 0.000869722 -0.00334088 -0.00292061 0.00499954 -0.001052 0.0118453 0.00325476 -0.00335994 -0.0137407 0.00410943 -0.00421246 0.00095818 -0.0032186 0.00164038 -0.000884852 0.00410013 -0.000641795 -0.00151568 -0.00559956 0.000629358 0.00202388 -0.00184304 -0.00290293 -0.00692905 0.00316444 -0.000206935 -0.00233085 0.00400274 -0.00019052 -0.00428846 -0.0493549 -0.0110302 0.00274139 0.000104478 0.00117793 0.00268265 0.00349726 0.000225681 0.00460216 -0.00595642 0.000562818 0.00944882 0.00401393 0.00346128 -0.00092847 0.00368129 0.00170453 0.000359439 0.00555381 0.00164255 0.0012982 
0.000702332 -0.00648578 -0.0416828 0.00360578 -0.00638537 -0.000780939 0.00258079 0.0338449 0.000519787 0.000528342 -0.00564466 0.00331239 -0.00901137 -0.0129757 0.00106794 0.00487317 -0.020123 -0.0223105 -0.0222591 0.00598769 0.00729895 0.00372819 0.00640862 -0.00879498 -0.01377 -0.0125504 0.0132551 0.208498 0.00280389 -0.00276919 0.00669779 -0.0207245 -0.00483047 -0.0101825 -7.31363e-05 0.011666 -0.00280235 -0.0111805 -0.00636908 -0.0095112 -0.00569855 -0.00277732 -0.000554826 -0.00427211 -0.0110599 0.00439332 -0.00222346 -0.000938419 0.00929613 -0.000882844 0.000149707 0.00517937 0.00373171 -0.00642345 -0.00487799 -0.00490144 -0.000635239 -0.00606963 0.0131993 0.00947351 0.00042998 -0.00368359 -3.11172e-05 -0.0076524 -4.32703e-05 0.00234722 -0.00117707 -0.00310397 -0.0242892 0.00282609 -0.00668795 -0.00105871 0.00331808 -0.00314725 -0.00408439 -0.00481204 -0.0103131 -0.00292493 -0.00042516 -0.0183012 0.000698476 0.00438759 -0.0152451 -0.00294279 0.000193155 0.00267577 -0.00822109 0.00202498 -0.007528 0.000172554 0.0134471 -0.00257397 0.0198201 0.00811954 -0.00016548 0.0221677 -0.00127498 -0.00404371 -0.00631428 -0.00285349 
-0.000370343 0.00210214 -0.000882637 -0.000494755 -0.00146936 0.000335446 -0.00099774 -0.00168837 -0.00157703 -0.00179986 -0.000117865 -0.00549213 -0.00228976 -0.00222022 -0.000981638 7.40871e-05 0.00131639 -0.00770594 -0.00531301 -0.00337248 -0.00417737 0.00277348 -0.00925993 -0.00177923 0.00230595 0.00421005 0.000737769 0.00280389 0.0647197 6.38121e-05 0.0121596 -0.00241234 0.00106506 -0.000278736 0.0020308 -0.00333245 -0.00645216 -0.0017203 -0.000221377 -0.00242234 -0.000210087 -0.00137127 0.000473636 -0.00113117 -0.00155083 -0.00101597 0.000662677 8.25996e-05 -0.0008121 -0.000620952 -0.00225295 -0.000352 -0.00187033 -0.000553709 0.0046112 -0.000681502 0.000819012 -0.0073454 -0.00652039 -0.000207712 0.003359 0.00193505 0.00033148 0.000561305 -0.00384806 -0.00150423 0.000253274 0.00256004 0.000201945 0.0028535 -0.00299431 -8.86349e-05 -0.00306785 -0.00125706 -0.000347873 -0.00195508 0.00329547 -0.000521138 -0.000807669 0.00236131 -0.00368755 0.00239629 -0.00121693 -0.000113956 -0.00168804 -0.000335819 -0.00050939 6.16216e-05 0.000175356 -0.00111084 -0.00206578 0.000819742 -0.00292073 -0.000621839 0.000327945 -0.000966961 0.00154515 -0.000594584 0.0019007 -0.000736424 
0.000130327 -0.00463077 0.0153002 0.000427127 -0.000451866 -0.000469365 0.00228451 -0.00331525 -0.00131873 -0.00306038 -0.00237157 -0.0110812 0.00476872 -0.0043447 -0.00158863 -0.00354526 0.00110868 0.00458389 0.00722404 -0.0174832 -0.00107178 3.46915e-05 -0.021928 -0.00182635 0.0040075 -0.00775092 -0.00439697 -0.00276919 6.38121e-05 0.0928918 0.000697712 -0.000925296 -0.00647363 0.00807598 0.00168695 0.00330725 -0.00650465 -0.00249491 -0.00550549 -0.00230648 -0.00429804 -0.000551216 -0.000925566 0.00168006 0.00341491 -0.000508599 -0.00258307 0.000221358 -0.00127402 -0.000698952 2.76772e-05 0.00358242 -0.00362102 -0.00703201 -0.00012858 0.000525138 -0.00140922 0.011137 -0.00710413 -0.00119831 -0.00210709 0.00157242 -0.000100785 0.00143898 0.00359448 -0.0022384 -0.00016116 -0.00185997 -0.000656203 -0.000118507 0.000738463 0.000282631 -0.00243392 -0.00252629 -0.000665893 9.80668e-05 -0.00338903 0.00120752 -0.00265447 -0.00297389 -5.5512e-05 -0.00299922 0.00235835 0.00169011 -0.00063239 -0.00271561 0.00217538 0.000964879 0.00375842 0.000120793 -0.00402619 -0.000856933 -0.00354372 -0.00231926 -0.000525938 0.00221739 -0.00259966 0.00116119 0.00191498 -0.00136842 
0.000165792 -0.00508996 -0.00781239 -0.00022498 0.000837803 0.000232868 -0.00173043 -0.00421919 -0.00246791 0.00291938 -0.00411127 -0.00230418 -0.00853233 0.00010243 0.0029086 0.00115459 -0.0113806 -0.039214 0.0051292 -0.00803743 0.0196797 0.0136629 -0.0179589 -0.00347948 0.00177951 0.00343303 0.0174458 0.00669779 0.0121596 0.000697712 0.113324 0.00298992 0.0118073 0.0002111 -0.00505254 -0.0103641 -0.012255 -0.00204046 -0.00644552 -0.00670042 -0.00157894 -0.00110567 5.48433e-06 -0.00119387 -0.00462821 0.000480976 0.000851592 0.000109265 0.0081459 -0.000126838 -0.00208029 0.00115741 -0.0024777 0.000224692 0.00563819 0.00414914 -0.000538058 -0.00333332 -0.0112958 -0.00215558 0.00489971 -0.00322234 -0.000145374 -0.00589747 0.0011529 -0.00199218 0.000944931 0.00118025 0.00348117 0.00469392 -0.00693531 0.000931828 -0.000530601 0.0030195 0.00200391 -0.00425585 -0.00176074 0.00282053 -0.00271865 -0.0259393 -0.00686389 -0.00245604 0.00127616 0.000989438 -0.00239325 0.00315325 -0.00289876 -0.00353292 -0.00242914 -0.00175053 -0.0014195 0.0027989 -0.00377856 -0.00120941 -8.10239e-05 0.000667959 0.00258817 0.000464206 -0.00252808 -0.000493993 
0.00130876 0.00170852 -0.0134427 0.00181946 0.00107949 0.00682506 -0.00359705 -0.00161464 0.0036531 -0.00344387 0.00322015 0.00194344 -0.00477035 0.00135233 0.00519984 -0.0158646 0.000548462 -0.0127751 -0.0139858 0.0207458 -0.000728551 -0.00156564 0.00578256 -0.00381301 -0.00709309 -0.00573961 -0.00328843 -0.0207245 -0.00241234 -0.000925296 0.00298992 0.139141 0.00385373 0.00547809 0.000725043 -0.00649262 -0.00699015 -0.000413074 0.00334444 0.00747823 -0.00584314 0.00122458 0.000488544 -2.19585e-05 -0.00359701 -0.00232065 -0.00288488 -0.000638874 -0.00713239 -0.000342692 0.00487184 -0.00300789 0.00133863 -0.000716391 0.00960958 0.00196586 -0.00168097 0.000622526 -0.0127858 -0.00272324 -0.00145786 -0.00151225 0.000304879 -0.00601121 -0.00705904 -0.00464522 0.00152139 0.000444991 0.00754308 -0.00385391 -0.000266419 -0.00175714 0.00236002 0.00225648 -0.000872632 -0.000779751 0.000116811 0.00436365 -0.00064002 -0.0138909 0.000873391 -0.00326574 0.000653642 -0.00125582 0.00669099 -0.00338913 0.000146813 -0.00445876 -0.00199314 -0.000731695 -0.00343529 -0.00340867 -0.0127357 -0.00231833 -0.000173215 -0.00668188 -0.00411685 -0.00535386 0.00358746 0.000258012 
1.5661e-05 0.000229754 -0.0266068 -0.000415221 -0.00466258 0.00463848 -0.00311684 -0.00473837 0.00103083 -0.0044359 0.00323244 0.00522966 -0.00697773 0.00262534 -0.0135013 -0.00274372 -0.00391281 -0.0359363 -0.00542811 -0.00191 0.0426725 0.00787713 -0.0118566 0.00141261 -0.0266784 0.0228822 -0.000315504 -0.00483047 0.00106506 -0.00647363 0.0118073 0.00385373 0.162513 -0.00602076 0.00223946 0.00614277 -0.0027875 -0.00822456 -8.38732e-05 -0.00572683 -0.00740177 -0.000827737 0.000164109 -0.000586385 -0.00657497 -0.000760614 0.00109472 -0.000100655 -0.00121794 -0.00210644 -0.00314226 -0.00183411 0.00677225 0.00437117 -0.0012782 -0.0063227 -0.00143821 0.00175024 0.00472158 -0.005999 0.00715057 -0.0029821 0.000421816 -0.0087114 -0.000644502 -0.00317417 0.00265492 0.00255836 -0.00315103 0.00279179 -0.000775449 0.00412623 0.00131996 0.00780522 -0.00239556 -0.0100783 -0.000566696 0.00167059 0.00333989 -0.0211892 -0.00178789 -0.00849677 -0.0070906 -0.0013966 -0.00734238 -0.0032107 0.000557719 -0.00598211 -0.00207272 -0.0012289 -0.000167837 -0.00286123 0.00104126 -0.00346608 -0.000340175 -0.00639809 0.00512555 0.000655261 -0.00681582 -0.000260433 
-0.000536987 -0.00274582 0.00488603 0.000959188 3.14952e-05 0.000297791 -0.00150144 -0.00413051 0.00156433 0.000902858 -0.0015691 -0.0104528 0.00184542 -0.000780478 -0.00509023 -0.00163152 0.00612516 0.00852142 0.0106551 0.000955626 -0.0145431 -0.0066326 -0.0103839 -0.000682651 0.00562476 -0.0143364 -0.0079035 -0.0101825 -0.000278736 0.00807598 0.0002111 0.00547809 -0.00602076 0.0803058 -0.00112209 -0.00252154 -0.00839713 0.00391513 0.00256238 0.00659612 0.00127647 -0.000973212 -0.00132259 0.000317427 0.0028204 0.00156863 8.71717e-05 -0.000521305 -0.00354851 1.0066e-05 -0.000497828 0.00107007 -0.00288111 -0.00669715 -0.00155631 0.00270955 0.000201395 -0.00149947 -0.00712768 0.00143325 -0.00205695 -0.00123849 -0.000466915 -0.0017184 -0.00344311 -0.0022812 0.000228555 0.00274183 0.00240264 -0.0019427 0.000585488 -0.000703681 0.00053235 -0.00628464 -0.000751672 0.000778613 -0.00222562 0.0016785 -0.00329588 0.0146143 -0.000403883 -0.001993 0.00308151 0.000545477 -0.00162814 0.00381877 -0.00186235 0.00169543 -0.000870253 -0.000263518 -0.00269146 -0.00115983 0.00208916 -0.00385695 -0.00128945 -0.0116454 -0.001291 -0.00235794 0.00130124 -0.00131072 
