0.0705823 -0.00270679 -0.000693416 -0.00124073 0.00109287 -0.00360179 -0.0015046 0.00176274 0.00345862 0.00175604 -0.00382222 0.00182681 -0.000468167 -0.00488377 0.00281286 0.0177147 -0.00277402 -0.00516742 -0.000158669 -0.00568116 0.00259425 -0.00448874 -0.00540717 -7.22628e-05 0.00384632 9.63207e-05 -0.00446697 -0.000288663 0.00505333 7.91751e-05 -0.00456042 -0.000980324 0.00255848 -0.000152392 -0.000411369 -0.00428404 -0.00126657 0.000126748 -0.000811993 -0.00251238 -0.00299511 0.000456716 0.000239792 0.00238262 0.000368728 -0.000743646 -0.000173312 6.62647e-05 0.000291658 -0.00453278 -0.00154989 -0.00328138 -0.00123104 -0.00379137 -0.000105075 -2.03031e-05 0.00556577 -0.000990345 -0.000601032 0.000494265 -0.000341175 -0.00050828 -0.000324304 -0.00384381 -0.00434712 -0.000550642 0.00100674 -7.52e-05 -0.000392358 -0.000463023 -0.000213988 -0.000869947 -0.0031386 -0.000610236 -0.000665838 -0.000805895 0.00122115 -0.00518258 -0.00244598 0.000927688 -0.00055092 0.00183338 0.00242431 -0.000399367 -0.00185144 -0.000444372 -0.00326232 -0.000296165 -0.00190918 -0.0011539 -0.00239272 0.00120232 -0.000541936 -0.0056008 -0.00229067 -0.000205924 -0.00536871 0.000776096 -0.000607166 -0.000543157 
-0.00270679 0.0593182 -0.000301272 -0.00100701 0.000453905 0.00498005 -0.000890335 -0.00346045 -0.000159639 0.00214801 -0.0020202 -0.00285241 -0.000758621 -0.000380056 -0.00680391 -0.00706615 -0.00461159 -0.00677203 -0.00522214 -0.00593548 -0.00416391 -0.00308592 0.000574163 -0.00425374 0.00500498 0.000645032 0.00321377 -0.000440275 -0.00929926 0.00273415 0.00178393 0.00104083 -0.00134469 -0.0024033 -0.00170295 0.000777003 0.0024956 -8.65679e-05 -0.00146433 -0.00329102 0.00416423 -0.000623536 0.00150016 -0.000587167 -0.000867439 0.000654277 0.00184313 0.00136019 0.000843315 0.00393085 0.000934351 0.000779977 0.00130436 0.00380806 0.000447983 0.000697738 0.000835376 -0.00101639 -0.000629321 -0.00171318 -0.00036757 -8.20969e-05 -0.00076573 -0.000685796 -0.000221592 -0.000991739 0.000360518 -0.00374781 -0.00285788 -0.000648164 0.000395812 9.82288e-05 -0.00233934 -0.00363824 8.50833e-05 -0.000480768 -0.000991789 0.000303804 -0.00120759 -8.03922e-06 7.77788e-05 0.000295278 -0.000125667 0.000149383 0.00222145 0.00189077 0.0020465 -0.0014232 0.00140702 -0.00647526 -0.00229899 -0.000840164 -0.00047514 0.00247068 -0.00109095 -0.000871672 -0.00100027 0.000232207 0.00156043 -0.000311943 
-0.000693416 -0.000301272 0.045689 0.00410244 -0.00127628 -0.0016364 -0.00027053 -0.00229701 0.00459862 0.000355707 -0.000536316 -0.000636177 -0.000414771 0.0046567 0.00166235 -0.0042853 0.00337889 0.00964191 0.000686844 0.00180966 -0.00894453 0.000307679 -0.00757466 -0.00497818 -0.00385359 0.00180811 -0.00196936 -0.0020983 -0.00582078 0.00170404 -0.00244293 -0.00147879 0.00040215 -2.90657e-05 -0.000512774 0.000197677 -0.00185798 -0.000681582 -0.000295447 -0.00215582 -0.00201567 -0.000646273 -0.000142396 -8.12324e-05 0.000126772 0.000182719 -0.00160993 -0.000598952 -0.000456243 -0.00200913 -0.000481018 7.75313e-05 0.000767895 -0.00129777 -0.000366175 7.19978e-05 -0.00180848 0.00130304 -0.000731256 0.00314363 5.62924e-05 1.42978e-05 0.000357927 -0.000873005 -0.00221981 0.000638521 -0.00185399 0.00133434 0.00201086 0.00206596 0.00110557 -2.99151e-05 -0.0017399 -0.00177981 -0.000635883 -0.000520295 0.000175465 -0.00114892 4.1998e-05 -0.000670025 -0.000287995 0.000430752 -0.000700715 7.5574e-05 0.00121411 0.000511233 -0.000652796 -0.000277594 0.000825845 -0.00126691 -0.000672242 -0.000322639 -0.000685225 -0.00527146 -0.00122297 0.000818977 -0.00402277 -0.000474593 -0.00167833 -5.95517e-05 
-0.00124073 -0.00100701 0.00410244 0.0998249 -0.0010312 -0.00021268 -0.00252893 -0.00571049 0.0100379 -0.00309018 -0.00218682 0.0020591 -0.000915912 0.00146968 -0.00930489 -0.00376097 0.0127285 0.0139339 0.00177661 0.0096361 -0.0211411 -0.00757057 -0.0248055 -0.0112546 0.00141428 -0.0116948 -0.00148744 -0.00334053 -0.0058551 0.00265229 -0.00163028 0.00735387 0.00933484 0.0155615 0.00335579 -0.000867693 0.0055238 -0.00092522 -0.0014448 -0.00644871 -0.00584037 -0.000636771 -0.00069379 -0.00058939 0.000978698 -0.000541563 -0.000757277 0.000740845 -0.000139737 -0.0105903 -0.000224499 -0.00050731 0.000262653 0.00325522 -0.000288935 0.00239746 0.00180979 0.00345643 -0.000907625 0.00208963 -0.00958516 0.000255782 0.00295299 0.0017745 0.00138009 0.000908491 -0.00396647 -0.00733611 -0.00152781 -1.10637e-05 -0.00130939 -0.00191938 -0.0131585 0.00701563 -0.00465625 0.000892184 -0.000963455 -0.00826718 -0.00247318 0.00360744 -0.00402761 -0.00455349 -0.00290683 -0.000851221 0.00488939 0.00282647 -0.0082383 0.00208488 -0.00149978 0.00296291 -0.00353148 -0.00161875 -0.00150274 -0.00707724 0.0077425 -0.00223827 0.00125878 -0.00104582 -0.0106371 -0.000231913 
0.00109287 0.000453905 -0.00127628 -0.0010312 0.0588097 -0.00363079 0.00016622 -0.00406128 0.00421341 -0.00355138 0.000994433 -0.00102712 0.00561724 0.00126716 -0.00169186 -0.00817719 -0.00512164 0.000232013 -0.0020631 -0.00921736 -0.00154333 -0.000775076 0.000194699 -0.000656421 -0.00746177 -0.00167088 0.000608424 -0.000395704 -0.0118127 0.00396862 0.000694607 0.00262003 -0.00296021 0.00231604 -0.000124014 0.00482297 -0.00148039 -0.000301825 -0.000371492 0.000333142 -0.00231849 0.000978945 0.000287833 -0.00180732 -0.000413502 0.000995418 0.000827207 -0.000915793 -0.000782203 -0.00191878 -0.000467891 0.000343417 0.000978661 0.00425974 -4.94567e-05 -0.000652216 -0.00452541 0.00157688 -0.00160102 -0.000766739 -0.00129418 -0.000404068 -0.000969959 -0.00398277 -0.00226287 0.00012465 -0.000835304 0.00409227 -0.00299893 0.00216798 0.00458352 0.00137298 0.005714 -0.00347967 -0.00105537 1.20332e-05 0.000212549 0.00187726 -0.000684897 4.24562e-05 -0.00179927 0.00353499 -0.000105879 0.000187734 -0.000735714 -0.000102894 0.00278162 -0.00195095 -0.00121714 0.00213102 -0.00189278 0.00145469 0.00199783 -0.0117604 0.00224053 -3.68732e-05 -0.00454147 -0.000771342 -0.00245226 -0.00122494 
-0.00360179 0.00498005 -0.0016364 -0.00021268 -0.00363079 0.12249 -0.00446915 -0.00443914 -0.00709803 -0.00526468 -0.00510119 0.0024375 -0.00721835 -0.00485277 0.00297999 -0.0167891 -0.00514837 -0.00668285 -0.00405297 0.00314271 -0.0123665 0.00443405 0.015705 -0.0107798 -0.00175334 0.00157469 0.0210254 -0.00455953 -0.0038898 -9.52936e-05 0.00613316 0.0019234 -0.000473784 -0.00567718 -0.0014952 -0.00642208 -0.00407985 0.00094864 -0.00164519 0.000300867 0.00702418 -0.00254439 -0.000525562 -0.00310278 -0.00561123 -0.00263238 0.00108355 -0.00241678 0.000986094 0.0122335 0.000360031 -0.00582453 -0.000766451 0.0034086 0.00253554 6.67666e-05 0.00149235 -0.00289119 0.00256316 -0.00135638 -0.00751903 -0.000645311 -0.0016577 -0.00101857 0.00530759 -0.000250167 -0.00249766 -0.0112539 -0.00180363 -0.000136879 -0.00122458 -0.00205624 -0.00194793 -0.0183247 -0.0069056 -0.00280901 -0.000512077 0.00261592 -0.0019707 0.00148394 -0.00242643 9.69815e-05 -0.00203745 -0.00116008 -0.00196229 -0.000670719 -0.00349726 -0.0016771 0.000466655 -0.000992259 0.00572565 -0.00788407 0.00127094 0.016985 -0.00700092 -0.00168238 0.00760327 0.000267823 -0.00303462 -0.00398638 
-0.0015046 -0.000890335 -0.00027053 -0.00252893 0.00016622 -0.00446915 0.0908602 -0.00231144 0.00998491 -0.00535787 0.00127794 0.000501122 0.00484344 -0.0086234 -0.0149329 -0.00485711 -0.000647561 -0.00591881 2.57133e-05 0.0020296 -0.00792136 -0.00864218 0.000196616 0.00526477 0.00569981 0.00264218 0.00618714 0.00156031 0.00110811 -0.00427159 0.00113461 -0.0036553 -0.00818965 -0.0067565 0.00114573 0.00468471 -0.00132187 7.19399e-05 -0.000378544 -0.00163675 0.000840068 0.00122328 0.000432822 -0.000334118 0.00178478 0.00302868 0.000225343 -0.00415394 -0.00134867 -0.00355124 -0.000949304 -0.000592826 -0.000267557 -0.00192728 4.03178e-05 -0.00103218 -0.00753042 0.00217071 -0.00439097 -4.65027e-05 -0.000487188 -0.00140208 -0.000437894 0.000624656 -0.00282981 0.000387464 -0.00299461 -0.00176248 0.000327987 -0.00137503 -0.000309235 -0.0018965 2.3063e-05 -0.00650868 0.00429104 -0.0017772 -0.000681542 -0.00196374 -0.00167406 0.000443141 -0.000623157 0.00329064 0.00241996 -0.00111414 0.00053441 -0.0011949 -0.00185254 -0.00247566 0.00167382 -0.005979 -0.000430004 0.000579385 -0.00155229 -0.00615707 0.000723297 0.00268061 0.0014633 0.000588412 -0.000754603 0.000262535 
0.00176274 -0.00346045 -0.00229701 -0.00571049 -0.00406128 -0.00443914 -0.00231144 0.175467 -0.00901984 0.00453997 -0.0164468 0.00118333 0.000269643 0.0211602 0.0214071 -0.00597366 0.0108862 0.0119664 -0.00115054 -0.000192005 0.0277299 -0.0216689 -0.0126766 -0.038879 0.0134846 -0.0102694 -0.026772 0.00511478 0.0047351 0.00305388 -0.00812142 -0.012691 -0.01678 -0.00499272 -0.000193341 -0.00777534 -0.0055724 0.000674896 -0.00177419 0.00861529 -0.0071676 0.000678997 -0.0020831 -0.0015719 -0.0115449 -0.00420976 0.00130705 -0.00376817 0.00295311 -0.0128649 0.00453129 -0.0103525 -0.0020889 -0.00099474 -0.00341592 -0.00181188 -0.0127152 0.0020203 -0.0023433 0.00287477 -0.00971076 0.000185944 -5.82181e-05 0.00219265 -0.00880538 -0.00212012 0.0022733 0.000314865 0.00130796 -0.00182244 0.00259935 0.00221787 -0.00797115 0.0109698 -0.00165284 -0.00215486 0.00260695 -0.00697118 -0.00103016 0.00683631 0.0033213 0.000513099 -0.00503264 -0.000577527 -0.0054658 -0.000356926 0.000592566 -0.00218889 -0.00168681 0.0157984 -0.000166984 -0.0124793 0.00169443 0.00647136 -0.00447407 0.00142203 -0.0165513 0.00108474 0.0019678 0.000651323 
0.00345862 -0.000159639 0.00459862 0.0100379 0.00421341 -0.00709803 0.00998491 -0.00901984 0.153039 0.0110626 0.00687276 -0.00246515 0.0115707 -0.00198975 -0.0160929 -0.000913038 -0.00199088 0.0130976 0.0160372 0.00113958 -0.0396547 -0.00911854 -0.0284124 -0.0111158 0.00970692 0.00525976 -0.0114797 0.000772058 -0.012842 -0.000663351 0.00153984 0.00905719 -0.00394683 0.00109633 -1.69529e-05 0.00171757 0.00157837 -0.00110026 -0.0038016 -0.00953813 -0.00814888 0.00232341 0.00458734 0.00125872 0.000676424 0.00396567 2.48995e-05 0.00478113 -0.00169163 -0.0152232 -0.00382439 -0.00294816 0.00583042 -0.0126158 -0.00032639 -0.00283223 0.00344446 0.00239071 -0.00110985 -0.000922704 -0.0102857 -0.00174499 -0.000812652 0.0026853 -0.0105326 0.00632314 0.00542508 -0.00377938 -0.00251136 -0.000533444 -0.0016193 -0.00462098 0.00536474 -0.0127059 -0.0016421 -0.000556105 -0.00167478 -0.0110106 0.000176324 -0.00315709 -0.00101381 0.000702999 0.00314616 -0.00210808 0.00108454 0.00332693 -0.003877 -0.00169496 0.00224935 -0.0143819 -0.000393655 0.0048519 -0.00182601 -0.0238195 0.00966518 -0.000154663 -0.00598011 0.00546212 -0.0110763 -0.00101257 
0.00175604 0.00214801 0.000355707 -0.00309018 -0.00355138 -0.00526468 -0.00535787 0.00453997 0.0110626 0.118234 0.00110988 -0.000449984 -0.00220212 0.00549987 0.00440973 0.00274762 -0.00637547 0.0119021 0.00700586 0.0145185 -0.0132129 -0.000450263 -0.0259119 -0.0235772 0.00800067 0.0135952 -0.00645832 0.00269561 -0.0142113 -0.00118112 -0.000869787 0.00351094 0.00296784 -0.00486449 0.00157578 -0.00445912 -0.0018949 -0.00146422 -0.00286489 -0.0103084 -0.00507659 -0.000309584 0.000387897 -0.00141804 -0.00449036 -0.000276258 -0.00179443 -0.00194654 0.000238791 -0.0049375 -0.000563254 -0.000981273 0.00189089 -0.00464222 0.00112744 0.00056261 -0.011011 0.000776061 0.00482579 0.0037012 -0.00478542 -0.000156005 -0.000542982 0.00193249 -0.00547374 -0.000399729 -0.00580111 -0.0110432 0.00489725 -2.93671e-05 -0.000401757 -0.00168054 -0.0136353 0.0041183 0.00192139 -0.000967136 -0.000942844 -0.000267705 -0.00219006 -0.0106092 -0.00360441 0.00366881 0.000168984 0.000916732 0.00039076 0.00436503 -0.00132841 -0.000567951 0.000930579 -0.010217 0.00033112 -0.000525764 -0.00318746 -0.0063626 -0.00176942 0.000455874 -0.00291483 0.000266187 0.00949785 -0.000136777 
-0.00382222 -0.0020202 -0.000536316 -0.00218682 0.000994433 -0.00510119 0.00127794 -0.0164468 0.00687276 0.00110988 0.112485 0.000337819 -0.00438447 -0.0125072 0.00435145 0.00447991 -0.00283907 -0.00492031 0.00746352 0.00155337 -0.0139571 0.000150452 -0.0061691 0.00899458 -0.00590294 0.00214109 -0.00618034 -0.0027282 -0.0086269 -0.00194258 -0.00252651 -0.00118584 0.00622114 -0.00700242 0.00205933 0.00235995 0.00114012 -0.00135436 -0.000268911 -0.00770087 -0.00128466 0.00112254 0.000720621 4.26973e-05 0.000322314 5.85485e-05 -0.00224199 0.000342197 -0.00134501 -0.00497397 0.00193148 -0.00420013 -0.000186227 -0.00497429 0.000772522 -0.000187955 9.31747e-05 0.000135633 -0.00150071 0.00306524 0.00308967 2.39901e-05 -0.00149494 -0.00159605 -0.006261 -0.00125431 0.00707646 0.00277909 -0.00342396 -0.00124326 -0.00100744 -0.00125181 0.00896515 -0.0182674 0.00072126 0.000980277 -0.00182295 0.00819286 0.00264206 -0.00451073 -0.00361465 0.00370712 -0.00035017 0.000708967 -0.00021918 0.000797366 -0.00603709 -0.000192854 -0.00117422 -0.00482189 -0.00456636 0.00682001 -0.00250446 0.00510329 -0.00392372 -0.00117236 -0.0126936 -0.00176231 0.00292252 -0.000757032 
0.00182681 -0.00285241 -0.000636177 0.0020591 -0.00102712 0.0024375 0.000501122 0.00118333 -0.00246515 -0.000449984 0.000337819 0.0880362 -0.00269097 -0.00836357 0.00148974 -0.00528999 -0.00204401 -0.00829604 -0.00293943 -0.000257249 -0.00339873 0.00658173 -0.003366 -0.00447718 -0.00279296 -0.00226871 0.0039647 0.00106809 -0.00153711 0.00319575 -0.000698106 -0.0068173 -0.000875291 -0.00451246 0.0025753 -0.00203424 -0.00259415 0.00218 0.00199598 4.77866e-05 -0.00293224 -0.00181947 -0.000416467 0.00105957 -0.000224835 0.0012454 0.00172803 -0.000115019 -0.00033482 0.00164414 0.000588949 0.000590948 -7.77e-05 0.000165266 -0.000205789 -0.000829511 0.000541336 -1.90786e-05 0.00467183 -0.0011459 -0.00047704 0.000618928 0.00218626 -0.0042067 -0.000504344 0.00126271 -0.00339125 -0.00101115 -0.0017737 -0.00153609 -0.000358917 -0.000290636 -0.00770437 -0.0098869 -0.00186024 0.00173274 -0.000444451 -0.00294672 0.0031117 -0.00360592 -0.00147981 0.00558501 -0.00146109 -7.58553e-05 -0.0010887 -0.00146559 -0.00401247 -0.00052826 -0.000138752 -0.00141617 0.000227668 4.59742e-05 -0.000447631 -0.00845945 -0.00224322 -0.000891721 -0.000962752 0.000208089 -0.000846166 -0.000374294 
-0.000468167 -0.000758621 -0.000414771 -0.000915912 0.00561724 -0.00721835 0.00484344 0.000269643 0.0115707 -0.00220212 -0.00438447 -0.00269097 0.0834533 -0.0105847 -0.00273916 -0.00330698 0.00259995 -0.0036001 0.00834244 -0.0159425 -0.00304193 -0.00448879 -0.0106522 0.00198706 -0.00876576 -0.00158475 -0.00486688 0.00175002 -0.0031071 0.00245604 0.00303727 -0.00153781 -0.00461269 0.00166852 -0.00272655 0.00727303 -0.00294685 3.61834e-05 -0.00126913 0.00120834 -0.00370856 0.00307525 0.00201082 -0.000120655 -0.00279504 0.00289872 -0.00138803 -0.00207573 -0.000936022 -0.0114822 0.000732736 0.00573209 0.00353514 0.00226285 0.000571195 -0.000878986 -0.00962579 0.00147638 -0.00233667 0.000323613 -0.00647438 -6.68225e-05 0.00442714 -0.0017535 -0.00340222 0.00379157 0.00310447 -0.00226154 -0.000798191 0.00404596 -0.0001515 0.00130384 -0.00177157 -0.00279142 -0.000197945 -0.000703505 0.000447902 -0.00226659 0.00329287 0.000854469 0.0052998 -0.0013235 -0.000472327 0.0014357 0.000352172 0.000429751 -0.00236837 -0.00241051 0.001326 -0.00245977 -0.0033293 0.000102064 0.000612172 -0.0173859 -0.00186634 0.00630737 -0.00684981 0.00102041 0.00200606 0.00238831 
-0.00488377 -0.000380056 0.0046567 0.00146968 0.00126716 -0.00485277 -0.0086234 0.0211602 -0.00198975 0.00549987 -0.0125072 -0.00836357 -0.0105847 0.24899 0.0388106 -0.0251413 -0.00646784 0.0532803 -0.017946 0.0339019 0.00331472 -0.0240647 -0.0321681 -0.0497586 -0.00411684 -0.0194498 -0.0200534 -0.000499392 -0.0187373 0.00918339 -0.0125312 0.00374221 -0.0126928 -0.00320528 -0.00498406 -0.00262579 -0.00764273 0.00121146 -0.00375766 -0.00512145 -0.0110577 -0.0009073 -0.0005999 -0.00278038 -0.000448478 -0.00538205 -0.00555957 -0.00599257 0.00337294 0.00195068 7.45321e-05 -0.0030768 0.000906355 -0.000218887 -0.00590289 -0.00198562 -0.00636521 0.00160048 -0.00580791 -0.00147603 0.0136254 -0.00125691 -0.00561946 0.0163845 -0.011469 -0.004378 -0.0178489 -0.00548207 0.00858986 0.00139067 -0.00213573 0.00144971 -0.0126232 0.0144737 -0.00905792 -0.00512678 0.000467489 0.00744107 0.000677709 0.0100301 -0.00886568 -0.0182465 -0.0120294 -0.00512903 -0.00473428 0.00283149 0.014367 -0.000263013 -0.00108813 0.00234793 -0.00115463 -0.0200334 0.00533675 0.00748287 0.00646188 0.000207966 0.0151815 -0.00226791 -0.0244057 -0.00921431 
0.00281286 -0.00680391 0.00166235 -0.00930489 -0.00169186 0.00297999 -0.0149329 0.0214071 -0.0160929 0.00440973 0.00435145 0.00148974 -0.00273916 0.0388106 0.23601 -0.024892 0.00134419 0.0192216 0.00690427 -0.00852328 0.0112075 -0.0084247 -0.0144548 -0.0150171 -0.0675829 -0.00224833 -0.0154729 -0.00785589 -0.0083423 0.00697447 -0.00883649 -0.0147676 0.00334644 -0.00440454 -0.0114559 -0.00930443 -0.00842814 0.00277035 -0.00203709 -0.000880744 -0.0156394 0.00109016 -0.000510019 0.0026564 0.00222027 -0.00528052 -0.0066381 -0.00168965 -0.00130813 0.00714275 0.00420937 -0.012311 0.000882188 0.00474963 -0.00225691 -0.0038898 0.00895777 -0.00379855 0.00420876 0.0244673 0.00774467 -0.00133471 -0.00337406 -0.012981 -0.00784225 -0.0023454 -0.00134773 -0.010174 0.0028166 0.00114605 -0.00088463 0.00489981 0.00696734 0.00709656 -0.00420478 -0.000361413 0.00398893 0.000277079 0.00734519 -0.00374938 -0.0061237 -0.00637988 -0.0086646 -0.00222473 -0.00198914 -0.00298486 0.000406246 -0.00252759 -0.00420952 0.0126773 -0.000228614 -0.0129848 0.000671855 -0.0188885 -0.00916187 0.00800015 -0.0154881 -0.00290749 -0.00429401 -0.00485187 
0.0177147 -0.00706615 -0.0042853 -0.00376097 -0.00817719 -0.0167891 -0.00485711 -0.00597366 -0.000913038 0.00274762 0.00447991 -0.00528999 -0.00330698 -0.0251413 -0.024892 0.249596 -0.00414241 -0.0258745 -0.00619147 0.0372124 0.0111556 -0.0143666 -0.00209736 0.016669 0.058372 -0.0125883 -0.0269012 0.00133794 0.0367225 -0.0186447 -0.0283833 0.00924346 -0.000210808 0.00174249 -0.00132631 -0.0147752 0.0116298 -0.000488196 -0.00626271 -0.0288728 0.00159629 0.00127558 -0.00279392 0.00210427 -0.0118318 -0.00739828 -0.00617112 -0.00115678 -0.00289995 0.0129169 0.00196883 -0.0040005 -0.00236634 -0.0224742 -0.00842427 0.00214374 0.0144414 -0.00203869 -0.0102162 -0.0090432 -0.0124575 -0.00121213 -0.0032963 -0.00715279 -0.0194031 -0.00518168 0.0128033 0.00630935 -0.000469352 -0.0110452 -0.00327454 -0.0110323 -0.00617374 0.0171667 0.00862923 -0.00721438 -0.00537306 0.0102592 0.0012546 -0.0111504 0.00867868 -0.00888026 0.00351137 -0.00139235 -0.0146595 -0.00170057 -0.00112223 -0.00942168 0.00209384 -0.0161221 -0.0122763 0.00840936 -0.0122882 0.0431358 -0.0195991 -0.00663461 -0.0140149 -0.00309175 0.00884013 -0.00812814 
-0.00277402 -0.00461159 0.00337889 0.0127285 -0.00512164 -0.00514837 -0.000647561 0.0108862 -0.00199088 -0.00637547 -0.00283907 -0.00204401 0.00259995 -0.00646784 0.00134419 -0.00414241 0.1945 0.0200962 -0.015857 -0.0160871 -0.00856031 0.0170209 -0.0370698 0.000535002 -0.0294323 -0.0137102 -0.0193099 0.00661222 -0.00872069 0.00266201 -0.01375 -0.00773964 0.0149322 0.0206882 -0.00198359 0.00370985 -0.00141758 -0.00501641 -0.000150853 0.0105387 0.00186099 -0.00266523 -0.00200128 -0.000273813 0.000136981 0.0113881 -0.00724066 0.0028903 0.00368329 -0.0138787 -0.000594791 -0.00917967 -0.00055179 -0.00206231 -0.00118424 0.00352883 -0.00862954 0.00695642 -0.00188466 0.00520314 -0.0136632 0.00075849 0.00811402 -0.00537457 -0.00206458 0.00236393 -0.016637 -0.00789858 0.000882072 -0.00150858 -0.000231298 0.00367989 -0.0155282 0.0272571 0.00206811 -0.000460032 -0.00108557 -0.0157789 0.00546008 -0.0043 0.00560376 0.00257046 -0.00443919 0.00110905 0.00369159 -0.00142939 -0.0103136 0.00100315 -0.00398592 0.00786984 -0.00647659 -0.00757728 -0.00337982 -0.0147362 0.000368487 -0.000853853 -0.0103527 -0.00132274 -0.0160271 0.00585894 
-0.00516742 -0.00677203 0.00964191 0.0139339 0.000232013 -0.00668285 -0.00591881 0.0119664 0.0130976 0.0119021 -0.00492031 -0.00829604 -0.0036001 0.0532803 0.0192216 -0.0258745 0.0200962 0.224792 0.00144201 0.0272878 -0.0403179 0.00179509 -0.0545963 -0.0451512 -0.0212122 -0.000451731 -0.0515384 -0.0118129 -0.0340053 0.00598461 -0.0112018 0.0276098 -0.00801212 -0.00846387 -0.0013024 -0.00202389 -0.00191957 0.00166135 0.000990623 -0.0156791 -0.00288576 -0.0016098 0.00138966 -0.00702356 0.00703203 8.70452e-05 0.000353669 -0.00379174 -0.000153817 -0.0127137 -0.00191848 -0.00834125 0.0024377 -0.0101935 -0.00354155 -0.000333145 -0.00586805 0.00974482 -0.00232684 -0.00230604 -0.0102123 -0.00280816 0.00208251 0.0182266 -0.0144363 -0.00187982 -0.00652836 -0.00495836 0.0109745 0.00209412 0.00214453 0.00274978 -0.00660096 0.0148918 -8.74558e-05 -0.00263357 -0.000807485 0.0130801 0.00116575 -0.00329349 -0.00837577 -0.000660719 -0.00484915 -0.00145154 0.000343211 -0.000574933 -0.00797824 -0.000307042 0.00427963 0.0060812 0.00616411 -0.00297321 0.000125143 -0.0214198 5.29179e-06 0.00200578 0.0107168 0.00106132 -0.020376 -0.00303203 
-0.000158669 -0.00522214 0.000686844 0.00177661 -0.0020631 -0.00405297 2.57133e-05 -0.00115054 0.0160372 0.00700586 0.00746352 -0.00293943 0.00834244 -0.017946 0.00690427 -0.00619147 -0.015857 0.00144201 0.188643 -0.00737154 -0.0120218 -0.0101498 -0.0186192 -0.00813036 -0.0150342 0.00487668 -0.0155969 -0.00327749 -0.025809 -0.00251773 0.00329111 0.00783127 -0.0113538 0.00871794 -0.00224263 0.0105213 0.00136363 -0.00140248 0.00311342 -0.00735118 -0.0100527 0.00501959 0.00112829 0.00937274 -0.00481479 -0.00119435 0.000361163 0.00154068 -0.00256709 -0.0137346 -0.00237863 -0.00371027 0.00583858 -0.00614249 -0.00416727 -0.00390229 0.00419238 -0.00142329 -0.00400549 0.0126209 -0.0126875 -0.000654544 -0.00151014 0.00371389 -0.00250571 0.00302261 0.00784224 -0.00734293 0.00302814 0.00434923 -0.0047471 -0.00185115 0.0101227 -0.00168052 0.00817144 -0.00196325 -0.00078436 -0.0129665 0.00385656 -0.0122355 -0.000636447 -0.00324799 -0.00436214 -0.000265882 0.000343824 0.00628864 -0.00973772 -0.00257838 0.00220252 -0.0125444 -0.00238748 0.00101343 0.00287489 -0.017142 -0.00835643 0.0139925 -0.0206443 -0.00162121 0.00636478 0.00370143 
-0.00568116 -0.00593548 0.00180966 0.0096361 -0.00921736 0.00314271 0.0020296 -0.000192005 0.00113958 0.0145185 0.00155337 -0.000257249 -0.0159425 0.0339019 -0.00852328 0.0372124 -0.0160871 0.0272878 -0.00737154 0.225957 -0.0111326 -0.029989 -3.28014e-06 -0.02546 0.0493365 -0.0173762 -0.0248843 -0.0133225 0.0129339 -0.00536358 -0.0308104 0.0224877 0.00703242 -0.024474 -0.00100085 -0.0111305 0.00764634 -0.00324799 -0.00362157 -0.0379166 0.00305237 -0.00216042 -0.00192426 -0.0128538 -0.00969386 -0.014519 -0.00538534 -0.00396952 -0.00785933 0.00212782 0.00018363 -0.0108193 -0.00305734 -0.00364689 -0.00283939 -0.0015993 0.00281519 0.00198052 -0.00347239 -0.00949725 -0.00905402 -0.0039579 -0.00626253 0.00144521 -0.0138767 -0.00483615 0.00534661 -0.00900042 0.00595593 -0.00761164 -0.00712602 -0.00850368 -0.00437516 0.0128589 0.00308573 -0.00973674 -0.00433871 0.0247497 -0.0073062 -0.000209806 -0.0029553 -0.0216139 -0.0138896 -0.00622204 -0.00696389 -0.0010225 -0.00170306 -0.00549515 0.00478235 -0.00624534 0.00474654 0.00095744 -0.0085061 0.0555072 0.00447217 -0.0077864 0.00535525 -0.00411188 -0.00342951 -0.0086692 
0.00259425 -0.00416391 -0.00894453 -0.0211411 -0.00154333 -0.0123665 -0.00792136 0.0277299 -0.0396547 -0.0132129 -0.0139571 -0.00339873 -0.00304193 0.00331472 0.0112075 0.0111556 -0.00856031 -0.0403179 -0.0120218 -0.0111326 0.246774 -0.0213108 0.0157392 0.00719493 0.0121678 0.00621773 0.0015296 0.00711042 0.0400695 -0.00683784 -0.00921132 -0.0209179 -0.0143299 -0.00306196 -0.00399349 -0.0127783 -0.00360506 -0.00068334 -0.00139561 0.00296219 -0.0175345 0.00138502 -0.0047137 0.00528805 0.00440956 -0.00709303 -0.00969897 -0.00579763 0.00219196 0.0105473 0.00437117 -0.0045469 -0.00425652 0.0108379 -0.000787179 -0.0021311 0.00909896 -0.00365415 -0.00946935 -0.0121667 -0.00558917 -0.000136239 -0.000344777 -0.0177652 0.00223753 -0.0105134 -0.00545331 0.0145576 0.00231051 -7.41218e-05 -0.001414 0.00332813 0.00260525 0.0218293 -0.00175674 -0.00263445 0.00162688 -0.00670616 -0.000667564 -0.018514 0.0032472 -0.0258814 0.00115506 -0.0013053 -0.0142896 -0.0081758 0.00612553 -0.00590971 -0.00946704 0.0453005 0.00416437 -0.0167132 0.00361909 -0.001901 -0.0100049 0.0053727 -0.013295 -0.00556679 0.00701281 -0.00295726 
-0.00448874 -0.00308592 0.000307679 -0.00757057 -0.000775076 0.00443405 -0.00864218 -0.0216689 -0.00911854 -0.000450263 0.000150452 0.00658173 -0.00448879 -0.0240647 -0.0084247 -0.0143666 0.0170209 0.00179509 -0.0101498 -0.029989 -0.0213108 0.174986 -9.6391e-05 0.0178825 -0.0324225 0.00854586 0.00310068 -0.00574725 -0.015875 0.000375725 0.00633309 -0.0132069 0.0246481 -0.00389805 0.00395262 0.00293894 -0.00622277 0.0014462 0.000707851 0.0110056 0.0109315 -0.000620264 -0.000749565 0.00121699 0.0119047 0.00848269 0.00822905 -0.00234211 0.000914873 0.000420978 -0.0016929 0.00316259 -0.00199777 -0.0081251 0.00540975 -0.00144257 -0.00673748 -0.00311594 0.00629659 -0.00016717 0.00837139 0.00180248 -4.26388e-05 -0.00481644 -0.00114941 0.00462609 -0.0155622 0.0024003 -0.00795493 0.00215271 0.00464348 0.0046321 -0.0240732 -0.00323726 -0.00306562 0.00112458 0.000314412 -0.00342144 0.00220373 -0.0016683 -0.00664737 0.0223767 0.00673942 0.000679444 0.000707984 -0.00226379 -0.00960448 -7.29824e-05 -0.00262078 -0.0192638 -0.00735981 0.00672813 0.00145623 -0.0050752 0.00404831 -0.00701304 -0.00723313 0.000380709 -0.0131719 -0.000199096 
-0.00540717 0.000574163 -0.00757466 -0.0248055 0.000194699 0.015705 0.000196616 -0.0126766 -0.0284124 -0.0259119 -0.0061691 -0.003366 -0.0106522 -0.0321681 -0.0144548 -0.00209736 -0.0370698 -0.0545963 -0.0186192 -3.28014e-06 0.0157392 -9.6391e-05 0.230772 0.0291607 0.0171684 -0.0150472 0.0297334 -0.00523681 0.0127358 -0.0181145 0.0129494 -0.000945075 -0.00255053 -0.00336363 -0.00564216 -0.00689911 0.000948256 0.000534773 0.000202358 0.00187126 0.0111615 -0.00452628 -0.000437183 -0.00943004 -0.0118876 -0.00355331 0.00364946 0.00351752 -0.00299737 0.0199608 -0.00638295 0.00707173 -0.00344022 0.000570163 0.00328699 -0.00143304 -0.00667016 -0.00680199 0.00065086 -0.0188124 0.0158961 0.000423973 -0.00687658 -0.0133137 0.0157237 -0.0024536 0.00454325 0.0160652 -0.00723364 -0.00556677 -0.00277957 -0.00184955 0.0119825 -0.00885953 -0.00336181 -0.000442793 -0.000533124 0.00499012 -0.0119796 0.0105325 0.00335018 -0.00438568 -0.00103926 -0.00387579 -0.00373025 -0.00372934 0.00229533 0.00189679 -0.00175883 -0.0148302 0.00616836 -0.000948922 -0.0030828 0.0237337 -0.00699221 -0.00927997 0.00462495 -0.00204994 0.0042723 -0.00564785 
-7.22628e-05 -0.00425374 -0.00497818 -0.0112546 -0.000656421 -0.0107798 0.00526477 -0.038879 -0.0111158 -0.0235772 0.00899458 -0.00447718 0.00198706 -0.0497586 -0.0150171 0.016669 0.000535002 -0.0451512 -0.00813036 -0.02546 0.00719493 0.0178825 0.0291607 0.243513 -0.00704248 -0.00448176 0.00722768 -0.0172186 -0.00662001 -0.0151184 0.000105119 -0.0049876 0.012979 0.00807447 -0.00128626 0.0060244 0.00243407 -0.0044031 0.000371385 0.0184685 0.00628051 -0.00280648 -0.00137326 0.00222717 0.0152145 -0.00144051 0.000811893 0.00265411 -0.00334853 -0.00804116 -0.00764809 -0.00400923 -0.000407709 -0.00497174 0.00256943 -0.00162625 0.007243 -0.00448813 -0.00728423 -0.00879744 0.00827283 0.000172617 -0.00103207 -0.0204665 0.0134736 0.000610894 0.0035138 0.0169305 -0.0109337 -0.00192836 -0.00645888 -0.00470432 0.0074955 -0.00510662 0.000251812 -0.0052377 -0.00380048 -0.0124784 -0.00618644 0.00255065 -0.0027138 0.00244194 0.00960621 0.00186112 0.00336482 -0.00436304 -0.00788002 -0.0048378 -0.006745 -0.00452916 -0.0141467 0.00998708 -0.00512991 0.0205331 -0.0150043 -0.00488179 -0.0108064 0.000321575 7.03947e-05 0.00498825 
0.00384632 0.00500498 -0.00385359 0.00141428 -0.00746177 -0.00175334 0.00569981 0.0134846 0.00970692 0.00800067 -0.00590294 -0.00279296 -0.00876576 -0.00411684 -0.0675829 0.058372 -0.0294323 -0.0212122 -0.0150342 0.0493365 0.0121678 -0.0324225 0.0171684 -0.00704248 0.249991 -0.0253262 -0.0110803 0.00656834 0.038249 -0.00809371 -0.017869 0.000962758 -0.0088788 -0.00438255 0.00854509 -0.0167784 0.0020616 -0.00291734 -0.00354705 -0.0122867 0.00356507 -1.91373e-05 -0.000876039 -0.00482843 -0.0124638 -0.0149647 -0.00342858 0.00179488 -0.00087725 0.00681236 -0.0042927 -0.000771352 -0.00561088 -0.00514412 -0.00408316 -0.00132582 -0.00667306 5.70418e-06 -0.00284602 -0.0188739 -0.0124406 -0.000361683 -0.0037809 -0.00653199 -0.0119601 -0.00544386 0.000697033 0.0001764 -0.00272613 -0.00445767 9.24333e-05 -0.0111759 -0.0218547 -0.00808187 0.00252316 -0.00437314 -0.00592985 -0.00481184 -0.0051161 -0.00303004 0.0122951 -0.0121164 0.00281256 -0.0029008 -0.0117197 -0.00130319 -0.00305931 -0.0106045 -0.000556769 -0.00405423 -0.0122376 0.00148341 -0.00275215 0.058732 0.00368038 -0.00195004 0.000282904 -0.00114796 0.00138888 -0.00483074 
9.63207e-05 0.000645032 0.00180811 -0.0116948 -0.00167088 0.00157469 0.00264218 -0.0102694 0.00525976 0.0135952 0.00214109 -0.00226871 -0.00158475 -0.0194498 -0.00224833 -0.0125883 -0.0137102 -0.000451731 0.00487668 -0.0173762 0.00621773 0.00854586 -0.0150472 -0.00448176 -0.0253262 0.207553 0.00798661 -0.000343877 0.0108357 -0.0101076 -0.000720761 -0.00513647 0.00475041 -0.016516 -0.00343274 0.0149738 -0.00833792 0.00339933 -0.00267888 -0.0127764 0.00260106 -0.00253711 -0.00178618 -0.00101967 0.00289433 0.0045038 -0.000617705 -0.0114718 -0.00128313 -0.0221585 -0.00174606 0.00364936 0.00112289 -0.0107257 0.00144049 -0.00309993 -0.00197076 -0.0048878 -0.00612361 0.0108707 7.40144e-05 0.000765403 0.00116288 -0.00156179 -0.00204183 0.00155556 -0.000185551 -1.16898e-05 -0.00641377 0.00476823 -0.00505614 -0.000664602 0.000507258 -0.00800645 0.0032473 0.00417384 -0.000648181 -0.0116562 -0.00219913 -0.0101856 -0.000332217 0.0136331 0.0011417 -0.00189746 0.00192793 -0.0017024 0.00857979 -0.000391845 0.00547772 -0.00676075 0.00406908 0.00171755 -0.000959699 -0.0396569 -0.00578007 0.00163896 -0.0071717 -0.000959191 0.0023276 0.00113832 
-0.00446697 0.00321377 -0.00196936 -0.00148744 0.000608424 0.0210254 0.00618714 -0.026772 -0.0114797 -0.00645832 -0.00618034 0.0039647 -0.00486688 -0.0200534 -0.0154729 -0.0269012 -0.0193099 -0.0515384 -0.0155969 -0.0248843 0.0015296 0.00310068 0.0297334 0.00722768 -0.0110803 0.00798661 0.222745 -0.00458819 0.0112715 0.00167898 0.0314563 -0.0134023 0.00904886 0.0163102 -0.00355773 -0.00323073 -0.0131867 -0.00284348 -0.00349839 0.011077 -0.00504699 -0.00705639 -0.0033636 0.00245838 -0.00363188 0.00023733 -0.000587732 -0.000824958 -2.51067e-05 0.0115668 -0.00454745 0.0139241 -0.0024044 0.0133999 0.00826809 -0.000571671 -0.00563339 -0.00592247 0.00865936 -0.00912194 0.000759953 -8.05045e-05 -0.00569848 -0.00988309 0.0117436 -0.0030401 -0.00778706 -0.0136009 -0.00232873 -0.00106703 0.00168491 -0.00296694 -0.00606216 -0.0144754 -0.0121063 0.00423937 -0.000538428 -0.00213963 -0.00299618 -0.00136556 -0.00699627 -0.00665438 -0.00219997 -0.000409819 0.00412932 -0.00431586 -0.000479736 0.0071173 -0.000579 -0.015067 0.00544604 -0.0115029 -0.00154574 -0.0101519 0.0012481 -0.000962288 0.0122877 -0.00189755 -0.00368872 -0.00118414 
-0.000288663 -0.000440275 -0.0020983 -0.00334053 -0.000395704 -0.00455953 0.00156031 0.00511478 0.000772058 0.00269561 -0.0027282 0.00106809 0.00175002 -0.000499392 -0.00785589 0.00133794 0.00661222 -0.0118129 -0.00327749 -0.0133225 0.00711042 -0.00574725 -0.00523681 -0.0172186 0.00656834 -0.000343877 -0.00458819 0.105588 0.00194678 0.000102949 -0.00059711 -0.0107006 -0.00573193 -0.00363264 -9.13835e-06 -0.000751665 -0.00244897 2.74148e-05 0.00085675 0.00209949 -0.00307659 -0.000949906 -0.00143662 0.00036701 -0.00472418 0.00355118 -0.00340416 0.000436863 0.0017529 4.0023e-05 -0.00162591 0.00197345 -4.47167e-05 0.00131861 -0.00194719 -0.000179542 0.00466058 8.90658e-05 -0.00169589 -0.00130512 -0.0043991 0.000810876 0.000411672 -0.000444793 -0.00518023 -0.00117452 -0.00385092 -0.0073309 -0.00236043 -0.00114508 0.00102137 -0.00136992 -0.00810273 0.00719403 0.00284251 -0.00148777 -0.00012603 -0.0117031 -0.00181238 0.00349884 0.00640387 0.00316399 0.000108909 -0.00132267 -0.000613031 0.000604783 0.00498585 0.00121313 -0.00156893 -0.00380577 0.000112414 -0.00315153 -0.000238409 -0.00851603 0.00146927 0.00291374 0.000216495 -0.000211111 0.00156517 -5.92381e-06 
0.00505333 -0.00929926 -0.00582078 -0.0058551 -0.0118127 -0.0038898 0.00110811 0.0047351 -0.012842 -0.0142113 -0.0086269 -0.00153711 -0.0031071 -0.0187373 -0.0083423 0.0367225 -0.00872069 -0.0340053 -0.025809 0.0129339 0.0400695 -0.015875 0.0127358 -0.00662001 0.038249 0.0108357 0.0112715 0.00194678 0.245219 -0.00816197 -0.00359841 -0.0214578 0.00180985 -0.00646209 0.00401578 -0.0100294 -0.00694791 0.000136226 -0.00383052 -0.0166353 -0.00989089 -0.00298023 -0.00236758 -0.00128776 -0.0117413 -0.00270086 -0.0066909 -0.0100686 -0.00157853 -0.00130913 -0.00127577 -0.00511765 -0.00742522 -0.00431113 -0.00522283 -0.00308355 0.00500509 -0.00592845 -0.00137108 -0.00237813 -0.0161288 -0.00242827 -0.00207441 -0.0119574 -0.00190441 -0.00406094 0.0109275 -0.00524402 -0.00122713 -0.00749551 -0.00146714 -0.00324444 -0.0189073 0.0202165 -0.020624 0.000502324 0.000413039 0.0115326 -0.00407768 -0.0124641 0.0212219 -0.00215732 -0.00448155 -0.00173568 -0.00773142 -0.00701476 0.00114792 -0.00512736 -0.00344284 0.0122023 -0.000690965 0.000992625 -0.00338816 0.00239199 0.00837332 -0.00803748 -0.0103833 -0.00411805 0.0156644 -0.00685502 
7.91751e-05 0.00273415 0.00170404 0.00265229 0.00396862 -9.52936e-05 -0.00427159 0.00305388 -0.000663351 -0.00118112 -0.00194258 0.00319575 0.00245604 0.00918339 0.00697447 -0.0186447 0.00266201 0.00598461 -0.00251773 -0.00536358 -0.00683784 0.000375725 -0.0181145 -0.0151184 -0.00809371 -0.0101076 0.00167898 0.000102949 -0.00816197 0.0838289 0.000249952 0.000903076 -0.0034385 -0.002715 0.000560944 -0.000996377 0.00161631 0.000579703 0.000273256 0.00270118 -0.00010633 0.000348124 0.000924462 -0.00216714 -0.002828 0.00045513 -0.00010952 -9.17613e-05 0.00132573 -0.00723715 -0.000862121 0.00284204 0.000581798 0.00313607 -0.00177805 4.14444e-05 0.00460358 -0.00104851 0.00198778 0.00283712 -0.0068532 -0.000210253 -0.000858414 0.00239458 0.000532904 -0.000822831 -0.00600546 -0.00285841 0.00124091 0.00083496 0.0019528 0.00259091 0.000299987 -0.00416283 -0.00269368 0.00363648 0.000807865 -0.00747006 0.00279104 0.00127274 -0.0017074 0.00546119 -0.0012421 -0.000422606 0.00208938 -0.000832278 0.000376677 -0.0034107 -0.000668165 -0.000949712 -0.00244373 -0.00153543 0.00203778 -0.0102089 0.00538499 -0.00207966 -0.00389093 0.00169112 -0.00520217 -0.000977619 
-0.00456042 0.00178393 -0.00244293 -0.00163028 0.000694607 0.00613316 0.00113461 -0.00812142 0.00153984 -0.000869787 -0.00252651 -0.000698106 0.00303727 -0.0125312 -0.00883649 -0.0283833 -0.01375 -0.0112018 0.00329111 -0.0308104 -0.00921132 0.00633309 0.0129494 0.000105119 -0.017869 -0.000720761 0.0314563 -0.00059711 -0.00359841 0.000249952 0.0965457 -0.00421851 -0.00703566 0.00662893 -0.00222128 -6.70225e-05 -0.0043651 0.00141275 -0.000151653 0.00463651 -0.000568654 -0.0014815 0.00177466 -0.00177274 -0.00496478 0.00394996 0.00545354 -0.00143111 0.00148068 0.00665968 -0.00202832 0.00686208 0.000348333 0.00256198 0.00712404 0.000267368 0.000203732 -0.00188787 0.00254024 -0.00136846 0.00453516 -0.00020331 -0.000913245 0.00153615 0.014227 0.00197462 -0.00233262 -0.00677121 -9.26973e-05 0.00228423 -0.000500098 0.000893847 -0.0044798 -0.012247 -0.00541418 0.00498398 7.671e-05 -0.00413518 -0.0016286 0.00090131 -0.00314026 -0.00298203 -5.74861e-05 0.00010546 0.00453397 0.00151617 -0.00070508 0.00926864 0.000971927 -0.012977 -0.000259754 -0.00628371 -0.000763185 -0.0138635 -0.00118843 -0.00228301 0.00692458 0.00394549 -0.000259401 -0.000435018 
-0.000980324 0.00104083 -0.00147879 0.00735387 0.00262003 0.0019234 -0.0036553 -0.012691 0.00905719 0.00351094 -0.00118584 -0.0068173 -0.00153781 0.00374221 -0.0147676 0.00924346 -0.00773964 0.0276098 0.00783127 0.0224877 -0.0209179 -0.0132069 -0.000945075 -0.0049876 0.000962758 -0.00513647 -0.0134023 -0.0107006 -0.0214578 0.000903076 -0.00421851 0.140899 -0.00824708 -0.000587172 -0.00163664 -0.00876806 -0.000193455 0.000151256 -0.00183512 -0.0132115 0.000796256 -0.000906844 0.00465018 -0.00103658 0.00347059 -0.00257172 -0.000245976 -0.000259207 -0.000402657 0.00164296 -0.00361118 -0.0083953 0.00320869 -0.00405902 -0.00104777 0.00256803 0.00107657 0.00262862 -0.00291728 0.000292128 -0.00504918 -0.00185219 -0.00224925 3.33069e-05 -0.0030842 -0.000968786 0.00317622 -0.0119745 -0.00135124 -0.00280522 -0.00158595 -0.00289867 -0.00198673 -0.00666904 0.0056748 -0.00309728 -0.000425376 0.00656072 0.00105771 0.0034951 0.0015157 -0.00471661 -0.00414593 0.000108143 0.00241297 0.000654895 0.00104527 -0.00019544 0.00864329 -0.017536 -5.14248e-06 -0.000707214 -0.00192363 -0.004363 -0.00281863 0.00157363 0.00239267 0.00145144 -0.00955461 -0.00174357 
0.00255848 -0.00134469 0.00040215 0.00933484 -0.00296021 -0.000473784 -0.00818965 -0.01678 -0.00394683 0.00296784 0.00622114 -0.000875291 -0.00461269 -0.0126928 0.00334644 -0.000210808 0.0149322 -0.00801212 -0.0113538 0.00703242 -0.0143299 0.0246481 -0.00255053 0.012979 -0.0088788 0.00475041 0.00904886 -0.00573193 0.00180985 -0.0034385 -0.00703566 -0.00824708 0.160904 -0.00130035 0.00347075 0.000649439 -0.000880119 -0.00112551 -0.00351907 0.000190756 -0.0024783 -0.00265761 -0.00193105 0.00311632 0.00419741 -0.00210069 -0.00113663 -0.00276754 -0.00345315 -0.00874104 -0.00338426 -0.00115976 -0.00280076 -0.00643674 0.00314648 -0.000139743 0.00337444 -0.00419627 0.00245026 -0.00637673 0.00227352 0.000498768 0.00174187 -0.0078348 0.000287696 0.00021875 -0.00808162 -0.0126985 -0.00396426 -6.24142e-05 -9.72693e-05 -0.00159356 -0.0196683 -0.000760809 -0.00928349 -0.0019117 -0.000184762 -0.00547607 -0.00274861 -0.00408846 -0.00456005 0.00579879 0.00763465 -0.000732021 0.00616782 -0.0023417 -0.00584863 0.00344198 -0.00528294 -0.00739558 -0.00698258 -0.000103283 -0.00367014 0.0125143 -0.00200081 -0.00665546 -0.00632832 -0.00126313 -0.0108978 -0.0013421 
-0.000152392 -0.0024033 -2.90657e-05 0.0155615 0.00231604 -0.00567718 -0.0067565 -0.00499272 0.00109633 -0.00486449 -0.00700242 -0.00451246 0.00166852 -0.00320528 -0.00440454 0.00174249 0.0206882 -0.00846387 0.00871794 -0.024474 -0.00306196 -0.00389805 -0.00336363 0.00807447 -0.00438255 -0.016516 0.0163102 -0.00363264 -0.00646209 -0.002715 0.00662893 -0.000587172 -0.00130035 0.144546 0.00152547 -0.00307081 -0.00429692 -0.00111123 -0.000847751 0.00483389 -0.00861359 -0.00137273 -0.000801369 -0.00206372 0.0004211 0.00359672 -0.00417395 0.000278946 0.000158057 0.00664368 -0.0035461 0.0041454 0.000311152 -0.00153328 -0.00187758 0.00284278 -0.0034816 0.000695281 -0.00259908 -0.00264185 -0.0107945 -0.000390517 0.00179916 -0.000784561 0.000812495 -0.000727874 -0.00424302 -0.0025181 0.00308365 -0.000459524 -0.00373261 -0.0011943 -0.0109119 0.00576526 0.0036805 0.00379834 0.00100969 -0.00632837 0.000501228 -0.00781018 -0.00530679 -0.00484461 -0.00282715 0.000244164 0.00659442 0.00422091 -0.00550243 0.00385638 -0.00120143 -0.000974147 -0.00475724 -0.00766884 -0.00536097 -0.0151855 -0.00284995 -0.00397833 -0.00642711 -0.00293176 -0.00657258 0.00300405 
