0.0766258 -0.00048764 -0.00186468 0.00399844 -0.00074199 0.00184375 5.52805e-05 -0.0018548 -0.000171932 0.00330909 -0.00387359 -0.00177827 -0.00398395 -0.00309884 -0.0066835 6.60439e-05 0.00710364 0.00843735 -0.0033381 0.00116239 -0.000160994 -0.00448021 0.00425802 -0.00662125 -0.000817285 -0.00166541 -0.00115056 -0.00759332 -0.00143674 0.00530319 -0.00298488 0.00083709 0.00405884 -0.0022601 -0.00188688 0.00179233 -0.00713927 -0.000580426 -0.000381823 0.00147764 -0.000893519 -0.00131541 -0.00202834 -0.00232159 7.95059e-05 0.000626424 -0.000447682 -0.000507819 -0.000975707 0.000765476 -0.00107264 0.00210541 0.00191918 -0.000828113 -0.00191196 0.000483221 0.00115388 0.00096124 -0.00360534 -0.00238876 0.000706065 -0.00331261 -0.00418953 0.0013048 0.00019888 -0.000415105 -0.00165178 -0.000605435 0.00243777 0.00250904 -0.000842566 0.000713497 -0.00241491 0.000204229 -0.00214822 -0.00480881 0.000229989 -0.0014726 -0.00175868 0.0021152 0.000294152 -0.00280813 -0.000660683 0.000568066 -0.00303225 1.8834e-05 0.00072471 -0.00816457 0.000526844 -0.00280702 -0.00135079 -0.00313107 -0.00256786 0.000420898 2.82865e-05 -4.96441e-05 -0.000368099 -0.0034151 1.59162e-05 -0.0041316 
-0.00048764 0.0669099 -0.000396209 0.000460495 -0.000830697 -0.000608967 0.000517654 0.00108074 0.00413146 -0.00380943 -0.00202758 0.00218033 0.00506774 0.000869946 -0.00212873 -0.00300165 0.00376066 -0.00483847 0.00179405 -0.00441196 -0.00410534 -0.000181653 -0.00423298 0.00129803 -0.00336225 -0.00281916 0.00219372 -0.00264917 -0.00530449 -0.00148811 0.00458691 0.00441395 0.00382377 -0.00255192 -0.00205862 -0.000246633 -0.00282358 -0.00294025 0.00053157 -0.00160876 -0.00156255 0.00126107 -0.00317161 -0.00323638 -0.00134567 -0.000700098 0.000276695 -0.000366027 -0.00113575 0.00068138 -0.000230099 -0.0015873 0.000471835 -0.000256474 -0.00182779 -0.000481145 -0.000289861 -0.00330696 -0.00191 -0.000384981 0.000472415 0.00768607 0.00619822 -0.0013306 -0.000547584 -0.0002201 0.00386695 -0.000748671 -0.00172121 -0.00303113 -0.000441781 0.000981394 -0.00138172 -8.25727e-05 -0.00183752 -0.00274719 -0.000548259 0.00105586 -0.00061657 -0.00173213 -0.00154496 -0.00459937 -0.000121309 0.000937757 -0.000304813 -0.0030059 0.00255014 -0.00544674 -0.0022076 -0.000282279 0.00115009 -0.0021299 -0.00540827 -0.00241757 0.000700149 0.00167016 -0.00609858 -0.0023557 0.000426413 -0.000390501 
-0.00186468 -0.000396209 0.0475296 5.96362e-05 0.000470887 -0.000866042 0.000805758 -0.000571976 0.000435465 -0.00323412 -0.00318858 0.000564967 -0.00813696 -0.0035902 -0.0013046 -0.00898649 -0.00291187 -0.00436533 -0.00671409 -0.00262554 0.00301711 0.00265379 -0.00135894 0.00867807 -0.00202849 -0.0032972 0.00410493 -0.001003 0.00404838 0.00155866 -0.00478762 -0.000945916 0.0031437 0.00214888 -0.000293837 -0.000127651 0.00325759 -6.9601e-05 -1.09828e-05 -0.00102788 -0.000707586 0.00107531 0.0030216 -1.87248e-05 -0.00138069 0.000755267 -0.000351629 -0.000535424 0.000335221 5.21897e-05 0.000447284 -0.000652428 0.000326186 0.000951566 -0.000767591 -0.00155426 -0.00305336 0.00179016 0.000584234 0.000465532 -0.000838289 -0.00583603 0.00497928 -0.00131835 0.000127253 -0.000326688 -0.00186279 0.00284407 0.00218871 -0.000911665 -0.000943211 -0.000545165 -0.00592879 -0.000870251 0.00161632 -0.0078568 9.05983e-05 -0.00162658 0.00203766 0.000302914 0.000568843 -0.00260082 -0.000136621 0.000316055 0.000391927 -0.00115174 -0.00137794 -0.00160049 -0.00180113 0.00173443 -0.00201226 0.00030394 -0.00189862 0.00104625 -0.000238247 -0.000168075 0.00399227 -0.00347241 -0.000198822 0.0034288 
0.00399844 0.000460495 5.96362e-05 0.0503839 -0.000202312 -0.00266774 9.57443e-05 -0.000710904 -0.0019129 0.00747784 -0.00612404 3.17119e-05 -0.00373529 -0.00758138 0.00304588 -0.008397 -1.06401e-05 0.000755274 -0.00567831 0.00517174 0.000621213 -0.00092592 -0.0012384 0.000942964 0.00215685 -0.00712106 0.00316057 -0.00384613 0.00369567 -0.000900021 -0.00264242 -2.78439e-05 0.00245488 0.00103277 0.00298466 0.00083484 -0.00415974 -0.00136141 0.000373213 0.00187961 7.07553e-05 0.00241868 0.000686084 0.000820558 -0.000645315 0.00114054 8.36348e-05 -0.000668849 0.000824187 3.21851e-05 0.000922284 -7.12293e-06 0.00309289 0.000237622 0.000636024 -0.00128223 -0.00329884 -0.00152979 0.0012257 0.000142669 -0.00175194 -0.00438266 0.000297212 -0.00138869 0.00113064 -0.000507415 -0.00113298 -0.000153086 0.00124126 0.000798935 -0.00191048 0.000443602 -0.00265246 0.00150469 -0.00162768 -0.00271297 0.00126422 -0.00495977 -0.0024814 0.00341165 0.000880764 -0.00178298 0.000442894 0.0010952 -0.00297022 -0.00186795 0.00171072 -0.00874048 -0.00298099 -0.00196455 -0.00175935 0.000370203 0.0013791 -0.000237051 0.000220684 -0.000314039 -0.00171094 -0.00307436 0.000528013 -0.000931536 
-0.00074199 -0.000830697 0.000470887 -0.000202312 0.0255609 0.000105339 0.00149466 0.000291139 -0.000232852 -0.00132886 0.00260081 -0.000136744 -0.00213737 -0.000691373 0.00101508 0.00238698 -0.00580868 -0.00503689 -0.00405714 -0.00249274 -2.26986e-05 -0.00111587 0.0023783 -0.000434887 -0.00127371 -0.000475624 0.000351708 0.00269658 -0.000808603 -6.84094e-05 -0.000455712 0.000399457 -0.00164343 0.000940251 0.00173311 0.000121946 0.000152779 -0.000651063 -9.45903e-05 0.000349655 -9.114e-05 -0.000370898 -0.000141491 -0.00248575 -0.00072774 -0.00106092 0.000308201 -0.000847783 -0.00233805 -0.000517402 -0.000866872 0.000550291 0.000206768 -0.00156408 0.000747755 6.64286e-05 -0.000932729 -0.000215109 -7.74688e-05 -0.000549598 -0.000598614 0.0002647 -0.00120548 2.35936e-05 7.96039e-05 0.000617038 0.000112323 0.00255155 0.00100239 0.00354785 0.000968013 -0.000285549 -0.00259391 -0.000991604 -0.000788597 -0.0026827 -0.000237231 0.000297585 -8.40124e-05 -0.00040814 1.60281e-05 0.000457487 -0.000122783 -0.00061753 0.00184609 0.0033703 0.000487152 -0.000817823 -0.00101247 -0.00113683 -0.00220788 -0.000163264 0.000503375 -0.000631513 -0.000864624 5.394e-05 -0.000241454 0.00130123 -1.47245e-05 -0.00119327 
0.00184375 -0.000608967 -0.000866042 -0.00266774 0.000105339 0.116826 0.00026964 -0.00148637 -0.00346703 -0.00604767 0.0203991 -0.00128616 -0.00987602 0.00529573 -0.00346798 0.00308529 -0.000867649 -0.00222289 -0.00279414 0.0018083 -0.0172869 -0.00328113 -0.0150099 0.00216222 0.00317804 0.00117731 -0.0036613 0.0111808 0.000673399 0.000976845 -0.00241701 -0.00617674 0.00264193 -0.00366436 -0.00147811 0.00331387 0.00228215 -0.00829946 -0.000330875 -0.00346269 0.000254236 -0.00193728 0.00167836 -0.000507467 -0.0075569 -0.00120686 -0.00153781 -0.000786518 0.0134609 0.000124328 -0.00113918 -0.000614287 -0.00689896 0.00360479 -0.00194189 -0.0006402 0.00228096 -0.00176698 -0.000926443 -0.000509042 -0.00428092 -0.00549753 -0.0119501 -0.00282661 -0.000648269 -0.00111119 -0.00304605 -0.0012326 -0.000706358 0.00414362 -0.00364059 -0.00169489 0.0080438 0.000964047 -0.00246797 -0.0142478 -0.000415413 -0.0119532 -0.00370208 -0.0108063 0.000632283 -0.00348171 -0.00110182 -0.00420469 0.00268128 0.00272656 0.00482023 -0.000747748 0.00648012 -0.0037617 -0.0054118 -0.00391275 -0.00412315 -0.000863353 0.00326076 -2.88395e-05 -0.00522313 0.00896734 0.000219691 0.000222885 
5.52805e-05 0.000517654 0.000805758 9.57443e-05 0.00149466 0.00026964 0.02931 -7.19445e-05 0.000396076 -0.00113701 -0.00109661 -0.00054614 -0.00309059 -0.00173331 0.0029212 -0.00259389 -0.00513147 -0.000252 -0.00472798 0.00156128 0.00068337 -0.000665873 -0.00106232 0.00196823 0.00100077 -0.00239098 -0.00329921 0.00269415 0.00400507 -0.000620374 -0.00221932 -0.00153624 -0.0014234 -1.84999e-05 1.20054e-05 -0.000573199 -0.00128345 -0.000502395 -0.000103792 0.00037511 -0.000411525 8.90142e-05 -5.43071e-05 -0.00108 -0.00167752 -0.000530586 -0.000311079 -5.10504e-05 -0.00172843 0.000164919 -8.58346e-05 -0.000267971 0.000535061 0.000473113 0.00120984 0.00252168 0.00206372 -0.0020309 0.000180987 -0.000322854 0.000629654 0.000134071 0.00137411 0.00024203 0.000956339 0.00308565 -0.000563486 0.00136524 0.00183835 -0.0016053 -0.000466453 -4.66103e-05 -0.00301097 0.000855238 -0.000792351 -0.00384199 0.000125164 -0.00197884 -0.00175231 0.000268775 -0.000237848 0.00367247 -0.000336178 0.000331674 0.000316683 -0.000807194 0.00129532 -0.00402519 -0.00110651 0.00135878 -0.0022604 -0.000488003 -0.00340017 -0.000755281 -0.000480766 0.00131509 -0.00300151 -0.00067349 0.00015999 0.00153393 
-0.0018548 0.00108074 -0.000571976 -0.000710904 0.000291139 -0.00148637 -7.19445e-05 0.0540838 0.000675625 -0.00151866 -0.0046299 -0.000775991 0.00104188 -0.00799262 -0.0125994 -0.000155121 -0.0165228 -0.00536521 -0.00480837 -0.00114105 0.00282188 0.00609497 0.0025421 -0.00417463 -0.00462119 0.00381426 -0.000381299 -0.00650543 -0.000394394 -0.000414516 0.0013472 0.00134667 0.00205014 0.0029084 -0.000650454 -0.00149769 0.00486143 0.00109624 0.000707261 0.00191248 -0.000883097 0.00170565 -0.000453167 -0.00467732 -0.00151838 0.00764868 -0.00012017 0.000364097 0.00104258 -0.000332512 -0.000324937 -0.000382033 0.000780612 0.00122813 0.000610416 0.00264952 0.00214307 0.000560483 0.000441469 0.000472691 -0.00269008 0.0018999 -0.00285509 -0.00136861 -0.000418701 -0.00108424 0.00391839 0.00038756 -0.00187289 -0.00141372 -0.000486123 0.000183657 -0.00679583 -0.000761385 0.00207602 -0.00739647 0.000241577 -0.00343883 0.00126148 -0.00159845 0.000876372 -0.00177957 -0.000353416 0.00106741 0.000635203 0.000171926 -0.00263412 0.00245667 0.00304863 0.00632868 -0.00212069 0.00250561 -0.00362124 -0.000482221 -0.000128501 -0.000476397 -0.00459246 0.00282491 0.000539561 -0.00284185 
-0.000171932 0.00413146 0.000435465 -0.0019129 -0.000232852 -0.00346703 0.000396076 0.000675625 0.0660964 -0.00392988 -0.00390006 -0.000828052 -0.00134117 -0.00484951 -6.00506e-05 -0.00473718 -0.00501529 -7.97321e-05 -0.00182764 2.67709e-06 -0.00770682 0.00704785 -0.00622054 0.00209026 0.00415195 -0.00438261 0.0069796 -0.00484747 -0.00182592 -0.00232498 -0.000899607 0.00237434 -0.00120537 -0.00170023 -0.00455799 -0.000333213 -0.00438923 -0.000498493 -0.000176258 0.00120285 0.00194178 -0.00116523 -0.00079996 -0.00158245 0.00125075 -0.000352563 0.000670125 -0.000694254 -0.00723713 0.000390315 -0.000115758 0.000858636 0.000189434 -0.00393308 -0.0014171 0.000206126 -0.0037876 -0.00336424 0.000450466 -0.00101986 -0.00123448 0.00459422 0.000717106 0.000592201 -3.44365e-05 0.00168871 0.00381809 0.000620166 -0.000925459 -0.00234943 -0.000675984 0.000181749 -0.000808576 0.000113188 -0.0017335 -0.00107203 0.00021419 -1.32103e-05 0.000207888 0.00133576 -0.000590838 0.000305647 -1.13709e-05 0.000751156 -0.00270351 -0.00179543 0.00140613 -0.0046395 -0.00322911 -0.00158112 -0.00311436 -0.00146396 0.00373849 0.000629156 0.00228167 0.00145028 0.00403768 -0.00308666 0.000332103 -0.000603541 
0.00330909 -0.00380943 -0.00323412 0.00747784 -0.00132886 -0.00604767 -0.00113701 -0.00151866 -0.00392988 0.169022 0.0119483 0.0030443 -0.0222769 -0.0164015 -0.0226249 -0.021207 -0.0131431 -0.0211353 -0.00460382 0.0114286 -0.0287956 0.000973463 -0.00838407 -0.0203548 0.0152766 0.0270528 0.0144812 0.00444703 -0.00145441 -0.00230542 0.00223641 -0.00213363 -0.00124096 -0.000122117 0.0232082 -0.00348485 -0.0191753 -0.00692387 0.000860973 0.00231595 -0.00247695 0.00342424 -0.00225513 0.00106532 -0.00249737 0.00121287 0.00061709 -0.000319406 0.00207449 0.00434632 -0.000959353 0.00859437 0.00741507 0.0155463 0.000921901 0.00312499 -0.000507265 -0.011128 -0.00193794 0.00215193 -5.33841e-05 -0.0217834 -0.00196857 0.00358061 0.0031557 -0.00498941 -0.00910906 -0.00432123 0.00241463 0.0096543 0.00115704 -0.00325186 0.017467 -0.000707124 -0.00394096 -0.0133764 0.000642314 -0.0138233 0.0110635 0.0160413 -0.00251115 0.00817618 4.19146e-05 0.000309694 0.00182124 -0.00540005 -0.00464472 -0.0287774 -0.00484953 -0.00205774 -0.00762229 -0.0029319 -0.0044812 -0.00198434 -0.00285555 0.000659246 -0.0187507 0.000241718 0.000364084 -0.00132202 
-0.00387359 -0.00202758 -0.00318858 -0.00612404 0.00260081 0.0203991 -0.00109661 -0.0046299 -0.00390006 0.0119483 0.177829 -0.00343717 -0.0020572 0.0099808 -0.034604 0.0311944 -0.0257545 -0.0180519 0.00138752 -0.00840647 -0.0342973 -0.0131799 -0.0124161 -0.00296044 0.00574052 0.020943 -0.00952022 0.0152201 -0.0244178 0.00376078 0.0146213 -0.00335606 0.00920851 0.00197051 0.00219902 0.000998922 -0.00725548 -0.0096408 -0.00132956 -0.00682799 0.00105946 -0.00598327 0.000489326 -0.0153757 0.00182588 -0.00803628 -0.000277961 -0.00370074 0.0103013 0.00366577 -0.00536684 -0.0011698 -0.00526495 -0.00584708 0.000234849 -0.00292115 -0.00550793 -0.00960467 0.00542896 -0.00178246 -0.000932963 0.00370131 -0.0178693 -0.00423057 -0.00219924 -0.000521855 -0.00513097 -0.000583915 0.00390316 0.00465498 0.000977566 0.000364403 0.00228513 -0.00488958 -0.00750362 -0.0147599 -0.00528795 0.000711374 -0.00432265 -0.00828743 -0.000595925 0.0051087 -0.00299985 -0.000263135 -0.00320882 0.011466 -0.00912061 0.0155295 0.00694345 -0.00728234 0.00346928 -0.00680081 0.00153987 -0.00666483 0.00130952 0.00077271 -0.00482989 0.0202802 -0.000849257 -0.00369771 
-0.00177827 0.00218033 0.000564967 3.17119e-05 -0.000136744 -0.00128616 -0.00054614 -0.000775991 -0.000828052 0.0030443 -0.00343717 0.042595 -0.00467973 -0.00222405 0.00178898 -0.00552918 -0.00121929 -0.00478868 -0.00291739 -0.00453488 -0.00311068 0.000411937 -0.00378545 0.00055763 -0.00112463 0.0020585 0.00639105 -0.00332237 0.000561678 0.000827135 5.00199e-05 -0.000424852 -0.000493883 0.00122193 0.00108105 0.000100166 -0.0034094 0.000252139 -5.34971e-05 -0.00118354 1.57471e-05 0.00013319 0.000505952 -0.000744323 0.000163552 0.00155997 5.02943e-05 -0.000798008 -0.000740778 -0.000473316 0.00061867 -0.0006539 -0.00125662 0.00182676 0.000458197 -0.00227775 -0.00135346 0.0016797 -0.000891729 0.000553581 -0.00173736 -0.00216137 0.00283516 -0.00027288 -0.000533139 -0.000955127 -0.000539151 -0.000778473 -0.000418149 0.00185053 0.000737265 -0.000462982 -0.000964491 0.000275091 0.000129669 0.00514235 -4.7982e-05 -0.00330933 0.00224285 -0.000788017 -0.000169591 -0.00112637 0.000302549 0.000479857 -0.000647533 -0.00173513 -0.00115381 0.0015439 -0.000597619 0.00125148 -0.000992397 -0.000345357 -0.00282801 -0.00126361 -0.000919181 0.0012325 -0.00335629 -0.000676941 0.000201953 5.08428e-05 
-0.00398395 0.00506774 -0.00813696 -0.00373529 -0.00213737 -0.00987602 -0.00309059 0.00104188 -0.00134117 -0.0222769 -0.0020572 -0.00467973 0.213094 -0.0133702 -0.00643491 0.0437767 -0.0113193 0.0105735 0.0202243 -0.00300544 -0.0238618 -0.0189704 0.00971384 -0.0139441 -0.0188493 -0.0042448 -0.0119565 0.0103001 -0.0261204 -0.0114847 0.0247737 -0.000852035 -0.00573168 0.00447631 -0.0137032 0.00401752 0.0206843 -0.00333248 -0.000437605 -0.000375911 -0.00406511 -0.00596717 0.00200624 -0.0242305 -0.000848851 -0.0079787 -0.00185009 0.00759615 -0.00163398 0.000146918 -0.00414353 -0.00216227 -0.00455161 -0.0184842 -0.000690598 -0.0101726 -0.00239045 -0.00522742 -0.000886446 -0.00250334 0.0040321 0.0127242 -0.017772 0.00196449 -0.0013967 0.000922481 0.00854315 -0.0117699 -0.00462925 -0.0169274 0.00689742 -0.00169345 0.00633851 -0.00774708 -0.0085566 0.0137469 -0.00603002 0.0195103 -0.00519592 -0.00440027 -0.00775948 -0.0127263 0.000757134 0.00561103 -0.0131813 -0.000599411 -0.0130236 0.0312712 0.00153081 -0.000817034 0.0118372 -0.00678024 -0.00539637 0.00522855 -0.00541199 0.00313533 -0.013979 0.00444063 0.00140062 -0.00449485 
-0.00309884 0.000869946 -0.0035902 -0.00758138 -0.000691373 0.00529573 -0.00173331 -0.00799262 -0.00484951 -0.0164015 0.0099808 -0.00222405 -0.0133702 0.247901 0.0147852 0.0166803 0.044096 -0.0137551 0.00179494 -0.0137646 -0.00870338 -0.01204 0.000198888 0.0154961 -0.0310257 -0.0051331 -0.00527069 -0.00308168 -0.000846753 -0.000515761 -0.00585969 -0.00318937 0.00176028 -0.0109028 0.00082356 -0.00315441 -0.0103003 0.003563 -0.00327931 -0.0072343 -0.0119645 -0.00919702 -0.0160651 0.00928367 -0.00449298 -0.0155797 0.0017216 -0.0121259 -0.00237494 0.00456192 0.00361177 0.00270826 -0.0104837 -0.00251456 0.000698546 -0.00659687 0.00290667 0.00146776 -0.00386042 -0.0114216 0.0100673 -0.00992097 0.0175878 -0.0106139 -0.00390839 -0.000998701 -0.00627064 0.00676063 -0.0120151 0.00113359 -0.00444877 0.00678376 -0.0140562 0.00735449 0.00130439 0.0234879 -0.00112861 -0.00709719 -0.00814507 -0.0125625 -0.000171844 -0.0012238 -0.000277128 0.00475775 -0.00129614 0.0020108 0.00962185 0.00224158 0.00150076 -0.0102842 -0.00869702 -0.0137263 -0.0232549 -0.00279102 -0.00250523 -0.00289699 -0.01397 -0.0120197 -0.00203069 0.00775967 
-0.0066835 -0.00212873 -0.0013046 0.00304588 0.00101508 -0.00346798 0.0029212 -0.0125994 -6.00506e-05 -0.0226249 -0.034604 0.00178898 -0.00643491 0.0147852 0.24679 -0.0187625 0.0290114 -0.00274986 0.0308396 -0.031593 -0.00129338 -0.00908336 -0.0221135 0.00837914 -0.0143174 -0.0143712 -0.0131673 -0.00253854 0.0373701 0.00311914 -0.0296042 -0.0116483 -0.0251536 -0.0182378 -0.00260856 -0.00535197 -0.006967 0.00349421 -0.00369784 -0.0057437 0.00312868 -0.00778587 -0.00346202 0.018235 -0.0117351 0.00904101 -0.00130285 -0.0135123 -0.0279859 -0.00734019 0.00663301 -0.0108313 0.00503305 0.000753737 0.0015366 -0.00930506 -0.00753089 0.00516419 -0.0162861 0.00173046 0.00600485 -0.00244699 0.0374061 -0.00267077 4.61201e-05 -0.000416734 -0.00635715 0.00158018 0.00241842 -7.27851e-05 -0.00488059 -0.00130295 -0.00987582 0.00646368 -0.00860615 0.0474652 0.00396054 -0.0139904 -0.0102653 -0.00715147 -0.0041636 0.00617736 0.00391577 0.00248333 -0.0102306 -0.00574654 0.0187735 0.00456356 -0.00206253 0.00232639 -0.0137276 -0.00873888 -0.0161177 -0.00378135 -0.00561302 0.00209842 0.00779566 -0.0173791 -0.00288071 0.0171726 
6.60439e-05 -0.00300165 -0.00898649 -0.008397 0.00238698 0.00308529 -0.00259389 -0.000155121 -0.00473718 -0.021207 0.0311944 -0.00552918 0.0437767 0.0166803 -0.0187625 0.23803 -0.000898015 -0.0256259 0.0245096 -0.0270433 -0.0374585 -0.0211694 0.0323797 -0.00323605 -0.00376845 -0.00731547 -0.0277667 0.000208292 -0.0416804 -0.0233398 0.0258365 0.00197365 0.0237277 -0.00845926 -0.0115306 -0.00451251 0.0218191 0.00239506 -0.00126908 -0.00885876 0.0050825 0.00124286 -0.0112307 -0.0301564 -0.00712187 -0.017809 -0.000405212 0.00252863 0.0214162 -0.00315169 -0.00455934 0.00034779 -0.0245344 -0.0176216 -0.000764061 -0.0144684 -0.0123652 -0.0144725 0.00732226 -0.00765179 0.00349879 0.0212804 -0.0232154 0.00262742 -0.00323953 0.00381042 0.0114662 0.00375124 -0.000475035 -0.0134226 -0.00467767 -0.00738871 0.00815008 -0.00699759 -0.0114135 -0.01515 -0.00891577 0.0256402 -0.00796562 -0.0155008 0.00642978 -0.00819188 -0.00119687 0.00774338 -0.00620875 0.00897385 -0.0106795 0.0212477 0.00531127 -0.00511705 0.0167297 0.00434256 -0.00303703 -0.000402187 -0.00443276 -0.00252415 -0.000926505 0.00840448 -0.00114621 -0.00957834 
0.00710364 0.00376066 -0.00291187 -1.06401e-05 -0.00580868 -0.000867649 -0.00513147 -0.0165228 -0.00501529 -0.0131431 -0.0257545 -0.00121929 -0.0113193 0.044096 0.0290114 -0.000898015 0.23127 -0.0113935 0.00317813 -0.0271585 0.000701787 -0.0174103 -0.00143733 -0.00197729 -0.0209933 -0.0197164 -0.0111323 0.00555062 -0.000129207 -0.0181387 -0.0078241 -0.00563733 0.00596309 -0.0103645 -0.00610209 0.00222099 0.00310549 -0.00369579 -0.00352247 -0.00285559 -0.00707135 -0.0109574 0.00380474 0.0269942 -0.00300444 -0.0104655 -0.0021504 -0.00977453 6.52548e-07 -0.00606231 -0.00412207 -0.00211576 0.00203629 -0.00584338 -0.00162476 -0.0138293 0.00577253 0.0142609 -0.00339003 -0.010632 -0.000303 -0.010308 0.0058226 -0.00696435 -0.00112972 -0.00150482 -0.0104149 -0.000597533 -0.0115437 -0.00568528 -0.00111838 -0.00152882 0.0121754 0.00519854 -0.000276102 0.0491763 -0.000429181 0.0018142 -0.0102531 -0.00888987 -0.0140234 -0.00657061 -0.00121258 -0.00809056 -0.000483291 -0.00837797 0.0131245 -0.0125285 0.00392972 -0.0162187 -0.0037654 0.00251641 0.000288678 -0.000656492 -0.00319322 -0.00096756 0.0152324 -0.00244933 -0.00384325 0.00435232 
0.00843735 -0.00483847 -0.00436533 0.000755274 -0.00503689 -0.00222289 -0.000252 -0.00536521 -7.97321e-05 -0.0211353 -0.0180519 -0.00478868 0.0105735 -0.0137551 -0.00274986 -0.0256259 -0.0113935 0.24322 -0.0053679 0.0457057 0.0387276 0.00388857 -0.0154747 -0.00522651 0.0197514 -0.0434438 -0.00443875 -0.0117873 0.0331045 0.00197028 -0.0194016 0.000402642 -0.00570161 -0.0119183 -0.0210706 0.00528025 -0.0221129 0.00196687 0.000621527 0.00289064 -0.0115294 0.00674066 0.000497881 0.0108194 0.0130943 0.0122512 -0.00179413 0.000501825 0.0174587 -0.000206378 0.00942697 -0.00765558 0.011238 -0.00771371 -0.0028451 0.0107615 0.00689753 -0.00305245 -0.00919289 0.000382362 -0.00143195 -0.0114134 -0.0147608 0.000883157 -0.00171426 -0.00300407 -0.00703194 -0.0148914 -0.00378589 -0.00633755 -0.0160003 -0.00292532 0.000254681 -0.00706881 -0.00107154 -0.00644097 0.00566401 -0.0231553 0.00310028 -0.00792408 -0.000244947 -0.0100158 3.54228e-05 -0.00735405 -0.0139767 -0.00947026 -0.00899891 -0.0137213 -0.0119581 0.0116547 -0.0114146 0.00671361 0.000903197 0.00204524 -0.00137 -0.00453108 0.0131798 -0.0112335 9.53411e-05 0.000945026 
-0.0033381 0.00179405 -0.00671409 -0.00567831 -0.00405714 -0.00279414 -0.00472798 -0.00480837 -0.00182764 -0.00460382 0.00138752 -0.00291739 0.0202243 0.00179494 0.0308396 0.0245096 0.00317813 -0.0053679 0.214169 -0.03315 -0.0112133 -0.00695423 -0.035089 -0.0106554 -0.0124205 -0.00491544 -0.0136202 -0.0144538 -0.0273541 -0.000181679 0.00147955 -0.0112948 -0.00899224 -0.0189578 -0.00174572 -0.00233131 -0.00503529 0.0114961 -0.00124384 -0.00814588 0.00713211 -0.00514913 -0.0104901 0.00185103 0.00279662 0.00318867 -0.00279722 -0.00463294 0.00730839 -0.00470564 -0.00110405 -0.0157507 -0.00925519 -0.00631865 -0.00601352 -0.00841285 0.00985615 -0.00786604 -0.00957178 -0.00829887 0.00145071 0.00732905 0.0211225 -0.00358819 -0.00245145 -0.00508484 0.00460809 -0.00741004 0.00117204 -0.0154208 -0.00144421 0.000243634 0.020817 -0.0023734 -0.0102677 0.0231753 -0.00348936 0.00410317 0.000993402 -0.00758562 0.00163101 -0.0077438 -3.32619e-05 -0.0060757 -0.00374203 -0.00778312 -0.00180602 0.0375578 0.00356661 -0.00740832 0.00255442 -0.0105512 0.0123691 -0.000141178 -0.00309053 -0.00075441 -0.00399063 -0.000969943 -0.00187591 0.00433807 
0.00116239 -0.00441196 -0.00262554 0.00517174 -0.00249274 0.0018083 0.00156128 -0.00114105 2.67709e-06 0.0114286 -0.00840647 -0.00453488 -0.00300544 -0.0137646 -0.031593 -0.0270433 -0.0271585 0.0457057 -0.03315 0.201959 0.0212023 0.0124315 -0.00653973 -0.0200929 0.017397 -0.00590655 -0.00402473 -0.00723514 0.0150396 -0.000771668 -0.0140292 0.00329966 -0.00348404 0.00318174 -0.00429319 -0.00458616 -0.00191412 -0.00416386 0.00249697 0.00961146 -0.00654681 0.0113607 -0.0033061 0.00658316 0.0140841 -0.00542347 -0.000206067 0.00690289 -0.00568226 -0.000612481 0.000171483 0.00429532 0.00327959 0.000336701 -0.00234359 0.0248353 0.00140128 -0.00472013 -0.0040657 0.00591167 -0.00167456 -0.0152439 -0.0178053 0.0103061 0.000705597 -0.00138245 -0.000670447 -0.00888744 -0.0068028 0.00203439 -0.00904871 -0.00657754 0.00970227 -0.00137016 0.00237821 -0.0337932 -0.00216419 -0.0200258 0.00219649 0.00359228 -0.00624724 -0.00344984 -0.000295718 -0.00230835 -0.00743469 0.00432886 -0.0093669 -0.0364333 -0.0158568 0.00698763 -0.00671157 -0.000578731 0.000363391 0.00305236 0.00611596 -0.00612932 0.00670154 0.00172939 0.000114205 -0.00339682 
-0.000160994 -0.00410534 0.00301711 0.000621213 -2.26986e-05 -0.0172869 0.00068337 0.00282188 -0.00770682 -0.0287956 -0.0342973 -0.00311068 -0.0238618 -0.00870338 -0.00129338 -0.0374585 0.000701787 0.0387276 -0.0112133 0.0212023 0.245755 0.0209839 0.00357975 -0.0105915 -0.0284835 -0.0181845 0.000621253 -0.0278672 0.0243554 0.0153838 -0.0253189 0.0113102 -0.0175703 -0.00339265 0.00219473 -0.00202938 -0.00464054 0.0048612 0.00246555 0.00150714 -0.0143909 0.00788652 -0.000173294 0.0114059 0.0139738 0.00958503 -0.000939208 -0.00413902 0.0059453 -0.00519642 -0.00173912 -0.0037334 -0.00194793 -0.0100943 -0.00228798 0.00806491 0.00278414 0.0055385 -0.00311346 -0.00229339 -0.00111987 -7.90818e-05 0.00741412 -0.00739321 -0.00401068 -0.00515369 0.00579962 0.00112872 -0.00226017 -0.0118327 -0.00269963 -0.002548 -0.0236008 -0.00279309 0.0128242 -0.0227123 0.000164926 0.000629929 -0.00183906 -0.00360542 -0.00253832 -0.00923063 0.000763558 -0.0134552 0.00551538 0.0110345 -0.0156568 0.00394957 -0.0125707 -0.00538454 -0.00460307 0.00730322 -0.00767973 -0.00292699 -0.00281873 -0.00549022 0.0375823 -0.0130238 -0.00103241 -0.00588494 
-0.00448021 -0.000181653 0.00265379 -0.00092592 -0.00111587 -0.00328113 -0.000665873 0.00609497 0.00704785 0.000973463 -0.0131799 0.000411937 -0.0189704 -0.01204 -0.00908336 -0.0211694 -0.0174103 0.00388857 -0.00695423 0.0124315 0.0209839 0.126908 -0.0164236 0.000673744 0.00186223 -0.0116791 -0.00573352 -0.0156179 -0.000293235 9.14671e-05 -0.00299135 0.00211912 -0.00824379 0.0005306 -0.00451755 -0.00327059 -0.00563702 0.000459649 0.00140646 0.00187175 -0.00145246 0.000554827 -2.22398e-05 0.0026563 7.19693e-05 0.00591081 0.00123008 0.00161983 0.00636933 0.00171927 0.00322887 0.00163209 -0.00275586 0.00624905 0.00143362 0.0108308 -0.00240487 -0.00145275 8.32289e-05 0.00353551 -0.00391891 -0.00634416 0.00186375 0.00478358 0.000251267 -0.00331523 -0.00113709 -0.00115386 0.000138218 0.000242955 0.00265653 -0.00642733 -0.0110225 0.00126474 0.00626545 -0.0149086 -0.000914755 -0.00600535 0.00410502 -0.00097762 0.00785773 -0.00149335 -0.000226952 0.000690988 6.16702e-05 -0.00194914 -0.00863389 -0.00212656 -0.00506918 0.0100783 -0.00571398 0.000719964 -0.00577956 -0.00162788 0.00100574 -0.00266015 0.00803637 0.00308784 0.000275935 -0.00756088 
0.00425802 -0.00423298 -0.00135894 -0.0012384 0.0023783 -0.0150099 -0.00106232 0.0025421 -0.00622054 -0.00838407 -0.0124161 -0.00378545 0.00971384 0.000198888 -0.0221135 0.0323797 -0.00143733 -0.0154747 -0.035089 -0.00653973 0.00357975 -0.0164236 0.20635 0.00652313 -0.0167059 0.00414695 -0.0179879 0.0147215 -0.0246541 -0.00983454 0.00805677 0.00449483 -0.00473242 0.00597282 0.00118223 -0.00703902 0.0205123 0.00118389 -0.000373146 0.00187784 -0.00502885 -0.00496517 -0.0128919 -0.0214512 -0.0145547 -0.0120684 -0.000405412 0.00520038 -0.00584208 0.000220536 -0.00486022 0.00935541 -0.00492534 -0.00581189 -0.00023151 -0.000343707 -0.0123426 0.00713175 0.0140494 0.00275831 0.00203886 0.00378675 0.000389048 -0.00514821 -6.49337e-05 -0.000773492 -0.00481461 0.00479446 -0.00588134 0.00472074 -0.0030627 0.00601325 -0.0133632 -0.00115754 -0.000523066 -0.0167954 0.00157754 0.0090281 -0.000788986 0.0122709 -0.00928995 -0.000221482 -0.00117902 0.0062583 0.00833717 0.00121335 -0.00026033 0.00704537 -0.00977275 -0.0069782 0.000200341 0.0109183 0.00424258 0.0015191 -0.00341324 -0.00349037 -0.0135064 -0.0102374 0.00142661 -0.00601028 
-0.00662125 0.00129803 0.00867807 0.000942964 -0.000434887 0.00216222 0.00196823 -0.00417463 0.00209026 -0.0203548 -0.00296044 0.00055763 -0.0139441 0.0154961 0.00837914 -0.00323605 -0.00197729 -0.00522651 -0.0106554 -0.0200929 -0.0105915 0.000673744 0.00652313 0.206528 -0.0110416 -0.0158984 0.0130907 -0.000482809 -0.00707616 -0.00624098 0.00401135 -0.000756639 -0.00492624 -0.00388347 -0.00565794 -0.00477212 -0.00636058 -0.00370121 -0.00229138 -0.00179557 -0.00142604 -0.00898174 -0.00390491 -0.0135515 -0.00682203 -0.00538243 -0.00116595 -0.00814282 -0.00156039 -0.00320135 0.000686313 -0.00633836 -0.00757044 0.00540727 -0.000514251 0.000642055 -0.0149525 -0.00631999 -0.00155539 0.00499281 0.00908883 0.00915357 0.00759063 0.00111879 -1.37741e-06 -0.00692437 -0.00695509 0.00414264 0.000721899 -0.0146631 0.0125595 -0.00511537 -0.027481 -0.00554313 -0.000736921 0.0053461 -0.000508297 0.00923173 -0.00776159 -0.00172052 -0.00184178 0.000393963 -0.00262127 0.0072292 -0.00109089 -0.0056999 -0.00422486 0.0237089 -0.00611668 0.00320545 0.00397687 -0.00102737 -0.0100758 -0.0022993 -0.000184947 0.00202933 -0.00283992 -0.00933861 -3.90814e-05 0.00773069 
-0.000817285 -0.00336225 -0.00202849 0.00215685 -0.00127371 0.00317804 0.00100077 -0.00462119 0.00415195 0.0152766 0.00574052 -0.00112463 -0.0188493 -0.0310257 -0.0143174 -0.00376845 -0.0209933 0.0197514 -0.0124205 0.017397 -0.0284835 0.00186223 -0.0167059 -0.0110416 0.19912 -0.0136901 -0.000296845 0.00185875 0.0240117 -0.0107513 -0.0164815 0.00711103 0.00861986 -0.00212811 -0.00801055 -0.00452421 -0.0119529 -0.00115754 -0.000901506 0.00171227 0.00393572 0.00361158 -0.00235355 0.0106424 -0.0034866 -0.00661612 -0.000823629 0.00554528 -0.00362718 0.000720888 0.000943074 -0.00119332 -0.000345948 0.0175279 -0.000368961 0.00383709 -0.00215018 -0.00999866 -0.00646805 0.00726511 -0.0054574 -0.0152581 -0.0168057 0.00758425 0.00375576 0.00408519 -0.00187906 -0.00350032 0.00253035 0.00508853 -0.0148503 -0.00285815 0.0202271 -0.0027158 -0.00407872 -0.015237 0.00189018 -0.00889179 -0.00397518 -0.000504582 0.00777658 -0.000114634 -0.00236991 -0.0053794 -0.00741718 -0.00568573 -0.00115602 -0.0324963 -0.00274998 0.00666729 0.00348094 -0.00452813 0.0194376 0.00028607 0.00394473 -0.0077499 -0.00140109 -0.00726183 0.000183289 -0.00143395 
-0.00166541 -0.00281916 -0.0032972 -0.00712106 -0.000475624 0.00117731 -0.00239098 0.00381426 -0.00438261 0.0270528 0.020943 0.0020585 -0.0042448 -0.0051331 -0.0143712 -0.00731547 -0.0197164 -0.0434438 -0.00491544 -0.00590655 -0.0181845 -0.0116791 0.00414695 -0.0158984 -0.0136901 0.20271 0.0236928 -0.00185495 -0.0292251 -0.000317283 0.0128998 -0.00936126 -0.00951875 0.00262242 0.00479421 0.0025092 -0.00677716 -0.00974509 0.00105801 0.00119519 0.00162699 -0.00482096 -0.0012362 -0.0119448 -0.00402279 0.00180796 0.000258679 -0.000825121 -0.0199457 0.00346463 -0.00474837 0.00865886 0.00309982 0.0011279 0.000495107 -0.00431004 -0.00384494 -0.000941581 0.00751556 -0.00570107 0.00215798 -0.00821446 -0.00498266 -0.00460631 0.00112673 -8.93322e-05 -0.00134292 -0.00248825 -0.00148485 0.0125893 -0.00147124 -0.00612124 0.0137139 0.00162622 -0.0029647 -0.0025727 -0.00218207 -0.00371835 0.0224939 0.00429252 -0.00600657 0.00144059 -0.00135172 0.00467385 0.000897993 0.00469338 -0.00150343 0.0205457 -0.00270997 -0.000611448 -0.00353354 -0.0050745 -0.0121779 0.00235631 -0.00222293 0.00393017 -0.0329345 -0.00121906 -0.00135161 -0.00654032 
-0.00115056 0.00219372 0.00410493 0.00316057 0.000351708 -0.0036613 -0.00329921 -0.000381299 0.0069796 0.0144812 -0.00952022 0.00639105 -0.0119565 -0.00527069 -0.0131673 -0.0277667 -0.0111323 -0.00443875 -0.0136202 -0.00402473 0.000621253 -0.00573352 -0.0179879 0.0130907 -0.000296845 0.0236928 0.211113 0.00347565 0.00502853 0.00259679 -0.00722071 0.00187314 -0.00823538 0.00619444 -0.0116141 0.0081119 -0.010066 -0.0087339 0.00135391 -0.000784093 -0.00400633 -0.00329817 0.00364299 0.000591715 -0.00410933 0.00241993 -0.00227876 -0.00554801 0.000399532 0.000607505 -0.00365497 -0.00491679 0.00530067 -0.00265233 -0.00021138 -0.0170714 -0.0129306 -0.0114775 -0.00501563 -0.00772033 -0.00910514 -0.00481153 -4.5036e-05 -0.00634365 -0.00109162 -0.00308103 -0.00252829 -0.00753733 -0.00905687 0.0065277 0.00302981 -0.0070194 -0.0102599 -0.00572394 -0.00467114 0.010218 0.00582151 -0.000119945 0.00846181 -0.00356325 -0.00169893 0.000266775 -0.000147682 0.00449397 -0.00447049 -0.0012256 -0.00460883 -0.00164343 -0.00150857 0.00108759 0.0104653 0.00205641 -0.00676166 0.00528666 -0.00155943 -0.00017907 -0.0100811 -0.00855119 0.000966976 -0.00411151 
-0.00759332 -0.00264917 -0.001003 -0.00384613 0.00269658 0.0111808 0.00269415 -0.00650543 -0.00484747 0.00444703 0.0152201 -0.00332237 0.0103001 -0.00308168 -0.00253854 0.000208292 0.00555062 -0.0117873 -0.0144538 -0.00723514 -0.0278672 -0.0156179 0.0147215 -0.000482809 0.00185875 -0.00185495 0.00347565 0.184804 -0.0209083 -0.00630452 0.00271203 -0.0046038 -0.00564036 -0.000606706 0.00186035 -0.00293833 0.00604986 -0.00269939 -0.000991473 -0.00480334 -0.00384202 -0.00838333 -0.00232409 -0.0109345 -0.0195916 -0.0160869 -0.00185778 0.00335976 0.0027265 0.00565855 -0.00596151 0.00202943 0.0105502 -0.00313428 0.00142645 0.00234323 -0.00917742 0.000673749 0.0054277 0.00149492 -0.00148677 -0.000318511 -0.017751 0.00040777 0.00059868 0.00228379 -0.00592979 -0.00163729 -0.000138037 0.0178355 -0.00281031 0.00270008 -0.0185689 -0.00644671 -0.00153526 -0.0054142 -0.00311522 0.000129789 0.002949 -0.00485558 -0.00432564 -0.00283644 -0.00175701 -0.00301592 0.00837052 0.00195718 -0.00258421 -0.013379 0.00190867 -0.00577549 0.00358672 0.000363163 0.00253625 0.000589397 -0.000610413 0.00353211 -0.00262264 0.00313431 -0.000837307 -0.00312585 
-0.00143674 -0.00530449 0.00404838 0.00369567 -0.000808603 0.000673399 0.00400507 -0.000394394 -0.00182592 -0.00145441 -0.0244178 0.000561678 -0.0261204 -0.000846753 0.0373701 -0.0416804 -0.000129207 0.0331045 -0.0273541 0.0150396 0.0243554 -0.000293235 -0.0246541 -0.00707616 0.0240117 -0.0292251 0.00502853 -0.0209083 0.209164 0.00334106 -0.0200146 -0.00299522 0.00662652 -0.00141032 -0.00149897 -0.00419996 -0.00943855 0.000134045 -0.000365169 -0.00174487 -0.010023 -0.00269807 0.00836539 0.00825535 -0.00735588 0.0152983 -0.000808904 -0.00641717 0.010084 -0.00470065 0.00912086 -0.000893875 0.00633514 0.00812895 5.48269e-06 -0.00372901 -0.0014038 0.0180794 -0.0100506 0.00902202 -0.0103174 -0.0198397 -0.00390495 -3.02291e-05 0.00112119 0.000115661 -0.00541462 0.00490528 0.00455259 -0.0106082 -0.00702425 -0.00731513 -0.00669206 0.0031572 0.00641858 -0.0141324 0.00264662 -0.0188314 -0.00531447 -0.0103735 0.00187451 0.00974856 0.00118836 -0.0100902 -0.0110926 -0.00643787 -0.000966529 -0.0316199 0.00338472 0.00677692 -0.0102348 -0.000875137 -0.0144854 0.00310584 -0.00343381 -0.00520728 0.0167753 -0.0111491 1.94451e-05 -0.000575671 
0.00530319 -0.00148811 0.00155866 -0.000900021 -6.84094e-05 0.000976845 -0.000620374 -0.000414516 -0.00232498 -0.00230542 0.00376078 0.000827135 -0.0114847 -0.000515761 0.00311914 -0.0233398 -0.0181387 0.00197028 -0.000181679 -0.000771668 0.0153838 9.14671e-05 -0.00983454 -0.00624098 -0.0107513 -0.000317283 0.00259679 -0.00630452 0.00334106 0.108435 -0.0122947 -0.00154941 -0.00830481 -0.00196714 0.00748537 0.000861514 -0.00453768 -0.00389326 0.000769989 -0.0010867 -0.00191121 0.00271854 0.00252772 0.00461389 0.00298091 0.000457643 -0.000159311 0.000335194 -0.00341177 -0.00214257 0.00197712 -0.00228684 -0.00256019 0.00721409 -0.000835642 0.000658377 0.0103081 0.00395746 -0.0033738 1.46222e-05 0.000113589 -0.0071239 -0.00203685 -0.00191859 -0.0014609 -0.000397305 -0.00257158 -0.000382589 0.00538323 -0.00414213 0.000941169 0.00515923 -0.00596437 -0.00382367 0.00413681 -0.00548336 0.000196881 -0.00955327 0.00031497 -0.00541546 0.00200118 0.00298872 -0.000252607 -0.00099825 0.00214529 0.00381643 -0.00169574 0.00304159 0.000357608 -0.00525338 -0.00907862 -0.0035352 -0.00309478 -0.00233205 -0.00166133 -0.00160518 -0.00027235 -0.00299881 -0.000220177 0.00474885 
-0.00298488 0.00458691 -0.00478762 -0.00264242 -0.000455712 -0.00241701 -0.00221932 0.0013472 -0.000899607 0.00223641 0.0146213 5.00199e-05 0.0247737 -0.00585969 -0.0296042 0.0258365 -0.0078241 -0.0194016 0.00147955 -0.0140292 -0.0253189 -0.00299135 0.00805677 0.00401135 -0.0164815 0.0128998 -0.00722071 0.00271203 -0.0200146 -0.0122947 0.159756 0.000391601 0.00458456 0.0047125 -0.00163888 9.93975e-05 9.17304e-05 -0.00370596 -0.00132055 -0.0036442 -0.0069803 -0.00145613 -0.00178325 -0.0232507 -0.0017063 -0.00996714 -0.000696402 -0.000580312 0.000910911 -0.000788645 -0.00576735 0.00137496 -0.00595575 -0.00834497 -0.000418525 -0.0056833 -0.00277116 -0.0088832 0.0052734 -0.0010388 -0.00655499 0.0151852 -0.00602187 -0.00330217 -0.00115208 -0.00101024 -0.00170585 -0.00488077 0.0033279 -0.00328051 0.0124243 2.27029e-05 -0.00825354 -0.00540448 -0.00558797 -0.00247413 -0.00413712 0.0161787 -0.00302434 -0.00210973 0.00111108 0.00151267 -0.00169677 0.00158582 0.00299961 -0.0046075 -0.0101827 0.0147314 0.000279564 0.0047512 0.00734531 -0.00774995 -0.00122735 -0.000889243 -0.00146657 0.00432094 -0.00926164 0.0125586 0.00149673 -0.00982768 
0.00083709 0.00441395 -0.000945916 -2.78439e-05 0.000399457 -0.00617674 -0.00153624 0.00134667 0.00237434 -0.00213363 -0.00335606 -0.000424852 -0.000852035 -0.00318937 -0.0116483 0.00197365 -0.00563733 0.000402642 -0.0112948 0.00329966 0.0113102 0.00211912 0.00449483 -0.000756639 0.00711103 -0.00936126 0.00187314 -0.0046038 -0.00299522 -0.00154941 0.000391601 0.111146 0.00181374 0.000195961 -0.00222964 0.00211 -0.00373197 -0.00119032 0.000196303 0.0011269 -0.000415435 -0.000101479 -0.00238613 -0.00730695 -0.00138194 -0.00238966 -0.000853842 0.000682335 -0.00392674 -0.0016544 -0.0033361 0.000526994 -0.00427088 0.00053343 0.000689964 -0.00232343 -0.00328405 -0.0114119 -0.0040951 -0.00291687 -0.000536261 0.00990972 -0.00483829 0.00432545 -0.000980314 -0.00202317 0.00126705 1.07797e-05 0.000283242 -0.00191016 0.00710495 0.00207321 -0.00734273 -0.000164178 -0.000758361 -0.00691383 -0.0017619 -0.00314352 -0.00729303 0.00146057 0.00242608 -0.00354144 -0.000357927 -0.00557216 0.000418684 0.00164956 -0.00385837 0.00416959 -0.00404596 -0.000495317 0.000438548 0.00248325 -0.00213524 -0.00243438 -0.00103825 -0.0028054 -0.00114445 -0.00745636 -0.000295212 -0.000847751 
0.00405884 0.00382377 0.0031437 0.00245488 -0.00164343 0.00264193 -0.0014234 0.00205014 -0.00120537 -0.00124096 0.00920851 -0.000493883 -0.00573168 0.00176028 -0.0251536 0.0237277 0.00596309 -0.00570161 -0.00899224 -0.00348404 -0.0175703 -0.00824379 -0.00473242 -0.00492624 0.00861986 -0.00951875 -0.00823538 -0.00564036 0.00662652 -0.00830481 0.00458456 0.00181374 0.143202 -0.00161246 -8.36891e-05 -0.00386106 -0.00278222 0.0022928 0.000524525 -0.00452337 -0.00155309 -0.00081324 0.000415101 -0.0116059 -0.00829902 0.00345177 0.000649735 0.00162702 0.0172194 -0.00122311 -0.00189878 0.00207093 -0.00197129 0.000181471 0.000380788 -0.00673837 0.00222819 -0.00457866 -0.000558403 0.00189958 -0.00336718 -0.00625763 -0.00564983 -0.00154989 -0.00193443 0.00442598 0.00412276 0.000778286 -0.00176188 -0.00306553 -0.00669082 -0.00116652 0.00253455 0.00161934 0.00395801 -0.0214649 0.00226389 0.00710933 0.00675702 -0.00479247 0.00238844 -0.00297153 0.00084969 -0.000164228 -0.0067886 -0.00130391 -0.00495507 -0.0265383 0.00369156 -0.00572852 -0.00843554 -0.00281103 -0.00191054 0.000674019 0.000486529 -0.00330229 -0.00326692 0.00654949 -0.00027187 -0.00433584 
-0.0022601 -0.00255192 0.00214888 0.00103277 0.000940251 -0.00366436 -1.84999e-05 0.0029084 -0.00170023 -0.000122117 0.00197051 0.00122193 0.00447631 -0.0109028 -0.0182378 -0.00845926 -0.0103645 -0.0119183 -0.0189578 0.00318174 -0.00339265 0.0005306 0.00597282 -0.00388347 -0.00212811 0.00262242 0.00619444 -0.000606706 -0.00141032 -0.00196714 0.0047125 0.000195961 -0.00161246 0.0850872 -0.00250206 0.00366822 -0.000158338 0.000672899 0.000293278 -0.00034471 0.00215567 -0.00191753 0.00757127 -0.00886621 -0.00604289 0.00419333 0.000129538 0.00147123 -0.00755617 -0.00022519 -0.00264755 -0.000114664 -0.000881542 0.00222913 0.000935157 0.00235559 -0.00419126 -0.00299772 0.00593161 0.00110824 -0.00325648 0.000956618 -0.00616447 0.000536189 0.000378877 -0.00156014 0.000836687 -0.000149676 -0.000722371 0.00556029 0.00326675 -0.000557404 -0.00930614 0.0019263 0.000746096 -0.00807274 -0.00062485 0.00301113 -0.000911958 0.00262627 -0.000203548 0.00574154 -0.00154873 -0.00099732 -0.000646696 -0.00151048 -0.00369993 5.86483e-05 -0.00228995 0.000722316 0.00684469 0.000368685 -0.000858968 -0.000844409 0.00212096 -0.000566199 -0.00469079 0.00357932 9.32039e-05 -0.00349878 
