0.173573 -0.00185621 -0.00572918 0.00850803 -0.0015236 -0.00448562 0.00275313 0.0105087 -0.0107694 0.0128547 -0.00134064 0.0105806 -0.000404864 -0.00574329 -0.00642836 0.0103784 -0.0195048 0.0207831 0.0109058 -5.77817e-05 0.0178607 -0.00969651 -0.0218964 -0.00454144 -0.0211582 0.00797486 -0.0168528 -0.011767 0.00525665 -0.0085672 -0.0104553 0.0162892 -0.00140992 0.00200131 -0.00274007 0.0023567 -0.00254322 -0.000252803 -0.00410612 0.00819035 -0.00670939 -0.00653881 0.00248701 -0.00193653 0.00145252 -0.00476088 -0.00150179 -0.00486387 -0.000627468 -0.00710672 -0.00551748 -0.0069209 -0.000754869 -0.00793644 -0.0102238 -0.00238413 -0.00179767 0.0005616 -0.00421358 0.00275474 -0.00106576 -0.00319118 -0.00215659 0.000395531 -0.00256337 0.00154523 -0.00332355 -0.00216302 -0.00198115 -0.00168296 0.0124915 0.00278114 0.00105051 -0.0106236 0.00379697 -0.00199387 0.000345476 -0.00947239 0.00270362 0.00155085 -0.00979318 0.00323603 0.00112148 -0.000748498 -0.000249315 -0.00497474 -0.00623443 -0.0046981 -0.00119526 -0.00474833 -0.00234858 -0.00508933 -0.00240043 -0.000972615 0.00499028 -0.00394666 -0.00586101 -0.00446231 -0.00291211 -0.0155624 
-0.00185621 0.0307927 0.00136796 -0.000509572 -2.00734e-05 -0.000270818 -0.00115378 -0.00183059 0.00189755 0.00160082 -0.000140463 -0.00300949 -0.000220272 -0.0059147 -0.00176742 0.00126621 -0.00308463 4.07652e-05 -0.0024217 0.000832004 -0.00311223 -0.00231252 -0.00506552 -0.00386971 0.00336119 -0.000439946 -0.000764047 -0.00140365 0.00060777 -7.19777e-05 0.00156444 -0.00114651 0.00130534 -0.000134947 0.000131283 -0.000173028 -9.68448e-05 0.000588421 9.32674e-05 -0.000798962 -0.00108329 0.000825034 2.92264e-05 -4.94324e-05 -0.000689125 -0.00200322 0.000561432 -0.000766488 -0.000453662 0.00197397 0.000385375 -0.00223827 -8.54028e-05 0.000162087 -0.000934706 0.00104941 -0.000232991 0.00030331 0.000684656 -0.000934707 2.39951e-05 -0.000482634 -0.000392335 -0.000479736 -3.60863e-05 -0.000553948 0.000363839 0.000560289 0.000513638 0.00123065 0.00102998 0.0025273 -0.00125193 -0.000390766 -0.000160149 -0.000777424 -0.000558387 -0.00196372 0.00131274 -0.00014236 -0.000197917 -0.000307519 0.00013156 -0.0010353 -0.000358246 -0.000761122 0.000823576 -0.000595702 0.000455134 0.00122548 -0.000612095 -0.00030353 -5.22577e-05 -0.000267401 0.000504434 0.000287995 0.000252725 0.000834673 -0.00103626 0.000275509 
-0.00572918 0.00136796 0.0835098 -0.00427412 -0.00065556 -0.000861209 0.00111087 0.000453809 0.00331568 0.0190891 0.000537602 -0.00642066 0.000532961 0.00380089 -0.00898431 0.00342881 -0.0242621 -0.0129262 0.00367557 0.0180476 -0.00221804 -0.00641171 0.000536771 -0.0065884 0.000289112 -0.0124956 -0.0148659 -0.0064192 -0.00904129 0.00271584 -0.00190448 -0.00367379 0.0010386 -0.00253586 -0.000628096 -0.00216167 -0.00416224 0.000935866 -0.00113435 -0.00351201 0.00189441 0.00174211 0.000122905 -0.000292672 -0.00217335 -0.00496257 0.00223629 -0.00205148 0.00147658 0.00573829 0.00119728 -0.000771956 0.00240844 0.00380471 -0.000112227 0.00127307 0.00128193 0.000750602 -0.00401244 -0.000481352 0.000528909 -0.000984818 0.000488075 0.00541309 2.57052e-05 0.000203263 0.00447481 0.00121208 -0.000698132 0.00375757 0.00410629 -0.00169187 -0.00205937 -0.0118838 0.00110032 -0.00331515 -0.000995941 -0.00960192 0.00191584 -0.000834226 -0.00125955 0.00116115 -0.000777908 -0.00152376 -0.000869424 -0.0023239 0.00258187 -0.00118096 0.000854175 -0.00463677 0.000396466 -0.00135043 0.00220531 0.000566062 0.000964113 -0.000677568 0.00291353 0.00546159 -0.00123714 -0.00401719 
0.00850803 -0.000509572 -0.00427412 0.0971169 -0.00128856 0.0002986 0.00144375 -0.00127994 -0.00514861 -0.00572431 -2.74788e-05 0.00708778 0.00353438 -0.0124353 -0.00391765 0.00572588 -0.00950095 -0.000750327 -0.00447504 -0.014892 0.00931952 -0.00318111 -0.0195293 -0.00469147 0.00924455 0.0075428 0.00303539 -0.00175365 -0.00136483 -0.00641259 -0.00102214 -0.00198464 -0.000704294 -0.000353116 0.00138611 -0.00232956 0.000210837 0.00179634 -0.00115792 -0.00253733 -0.00340542 -0.00810099 0.00131203 -0.000345792 -0.00094197 -0.0010226 0.000190126 -0.00169069 0.000293586 0.00607539 -0.00458828 -0.00298835 -0.000217533 0.000647668 -0.000606629 -0.00143863 -0.000745953 -0.00171623 0.000893781 -0.00318173 -0.000383234 -0.00101406 -0.00161956 -0.0027622 -0.000569178 -0.000691779 0.000764598 0.00120195 -0.000619604 0.00370803 0.000265997 0.00179559 0.00621764 0.00357298 -0.00163041 0.00142792 -0.00283997 0.00959742 -0.000909188 -0.000202265 -0.00630919 0.00391892 -0.000571452 -0.0075819 -0.00146785 0.00526525 -0.00619266 -0.00332501 0.000572934 0.00249829 -0.000936838 0.000594493 -7.93061e-05 -0.000562447 -9.01791e-05 -0.00410828 -0.00116251 -0.0045277 -0.00485713 -0.00981498 
-0.0015236 -2.00734e-05 -0.00065556 -0.00128856 0.0356495 -0.000395784 -0.000270135 -0.00144934 0.00367304 -0.000526211 0.000460498 -0.00280855 -0.00586927 -0.0027755 -0.00265874 -0.00333009 -0.000681557 -0.00233672 -0.00477979 -0.00315776 0.000991098 -0.00748302 0.00145251 -0.00307641 0.00871946 -2.68876e-05 0.00201127 -0.000865784 0.00112446 6.84747e-05 -0.00053053 -0.000812223 -0.000488817 0.00023796 -0.000499842 0.00167311 0.00202972 0.000841316 0.00011041 0.000584034 -0.000518624 0.000454575 6.23613e-05 0.000106505 -0.000573296 0.00107512 -0.000318287 -0.000935153 -0.000107095 -0.00125414 -6.21014e-05 -0.00120597 0.000304151 0.00056801 0.000476222 -0.000687458 0.000239953 -0.000422944 -0.000646385 -0.00226783 0.000299749 0.00163415 -0.0002771 -0.00262305 0.00077318 0.000449157 -0.00269884 0.000134965 0.000443238 -0.00100394 0.000569037 0.00250819 -0.000511904 0.00343313 -0.00121635 -0.000245574 0.000506047 0.000526735 0.000520718 -0.000275821 -0.000398465 -0.00061002 0.000693474 -0.00246731 -5.92651e-05 0.000830512 -0.00270195 -0.000732063 -0.000501429 -0.00086367 -0.000286706 0.00030355 -2.69464e-05 -0.00033882 0.00102134 -0.00125278 -0.00134308 9.56125e-05 -0.000823457 0.000912043 
-0.00448562 -0.000270818 -0.000861209 0.0002986 -0.000395784 0.0444947 -0.00168 -0.00386926 0.00299547 -0.00596733 -0.00037141 -7.39108e-05 -0.00826538 0.000429529 -0.00463847 -0.00516964 0.00574702 -0.00474184 -0.00932497 -0.000696497 -0.0016979 -0.000260439 -0.00302693 -0.00493399 -0.00384692 0.00577954 -0.00950094 -0.0032229 -0.000168579 -0.000242009 0.00588464 -0.00395391 0.000248749 -0.000370167 0.000652929 -6.98077e-05 0.00487426 -0.000721996 0.00135749 -0.000726774 0.00105133 -0.00599222 -0.000205489 -0.000716098 -0.00101845 -0.00161106 -0.000166891 0.00225936 -1.70687e-05 0.000526129 0.00107049 -0.000272439 0.000450314 -0.000855851 0.00157193 0.000651985 0.00119081 -0.00137247 0.00322096 -0.000392428 0.00038134 0.000161581 0.000502702 -0.00141811 -0.000125485 -0.000366028 0.00057136 0.000478487 -0.000337196 0.00066408 -0.00130122 -0.00181571 0.000610443 0.00427291 0.00129402 -0.00181199 0.00177458 0.000916732 0.00108648 -0.000117276 0.00410982 -0.000435621 0.000222868 0.00411758 0.000256477 0.000319789 -0.00231919 -4.46299e-05 -0.000698873 0.000390154 -0.000579668 -0.000157839 0.000337052 0.00113037 -0.000558787 0.000502151 0.00165133 -0.00270656 0.000419858 4.1672e-05 
0.00275313 -0.00115378 0.00111087 0.00144375 -0.000270135 -0.00168 0.0914997 -0.00751305 -0.00141642 0.0039429 0.00315924 -0.0110974 0.0105162 -0.00475767 0.00779239 0.00843195 -0.00977437 0.00373371 0.00615676 -1.88206e-05 -0.00368287 0.0018385 -0.0208038 0.000362788 -0.0132503 -0.00196996 -0.00893705 0.0118258 -0.00100016 -0.00263892 -0.00801846 0.01192 -0.000265774 -0.00179728 0.00131725 -0.0043771 -0.00675741 -0.000888255 0.000127508 0.00121439 -0.00251895 0.00388688 -0.00076751 0.000373067 -0.00154649 -0.0085051 0.000356306 -0.00161524 -0.00174099 -0.00320882 -0.00428047 -0.00225287 -0.000870456 -0.00304893 -0.00362992 -0.00146502 -0.00138275 -5.1223e-05 0.00310781 0.00198257 -1.66567e-05 0.00111771 -0.0004757 0.000458283 -0.00177951 -0.000937126 -0.0042897 -0.000430616 -0.000906579 0.00397323 -0.00130468 0.00174892 -0.00244557 -0.0017671 -0.00259443 0.0013114 -0.000456868 0.00047669 -0.00100498 6.01991e-05 -0.00240281 -0.00102112 -0.00152441 -0.00316945 -0.000308265 -0.00251751 0.00214525 -0.00174182 -2.48609e-05 -0.00478198 -0.00182814 4.84798e-05 -0.000728474 -0.00188145 -0.0020803 0.003506 0.00116319 0.000512227 -0.000594936 -0.00340629 
0.0105087 -0.00183059 0.000453809 -0.00127994 -0.00144934 -0.00386926 -0.00751305 0.170004 0.00313263 0.000672156 0.00196633 0.0258249 0.00663158 0.0106413 -0.0043565 0.00423005 -0.010847 -0.00573294 -0.00159648 0.00216823 0.00962058 -0.00417851 -0.0215577 -0.0172726 -0.0212014 -0.00484109 0.020915 0.00117204 -0.0092752 -0.00136561 -0.0168787 0.0201818 -0.00433953 -0.00305517 -0.00189181 -0.000930428 -0.00641411 -0.000308178 -0.00278176 0.00269707 -0.00624699 -0.00538971 -8.85949e-05 -0.00159434 -0.00146575 -0.00845565 -0.00269327 -0.008042 0.000307173 0.00214223 -0.00490525 -0.00908268 -0.000794067 0.00132949 -0.00596425 0.00399011 -0.00142812 -0.00190374 -0.00804873 0.011641 -0.00200441 0.000961673 -0.00551207 -0.00204749 0.000217023 -0.00434134 0.00568338 -0.00245956 -0.000247273 -0.00553015 0.00153828 -0.000520522 0.00435816 -0.00991053 -0.00923911 -0.000905766 0.00621296 -0.00609438 0.00914836 0.00131932 0.000615566 0.00458725 8.03155e-05 -0.00454756 -0.00408736 -0.0130643 -0.00333663 -0.00280505 -0.00215151 -0.000860746 -0.00411765 -0.000181805 -0.00110548 -0.00214045 -0.000215626 -0.00763218 -0.00968423 -0.00257109 -0.00236382 -0.0144043 
-0.0107694 0.00189755 0.00331568 -0.00514861 0.00367304 0.00299547 -0.00141642 0.00313263 0.158811 -0.00510356 0.00236557 -0.0137228 -0.00769745 -0.00133881 -0.0195257 -0.0234441 -0.00242182 -0.0285142 -0.0127575 -0.0162135 -0.0342827 -0.0425234 0.00252937 -0.0152575 0.0187844 -0.0072247 0.014637 0.00890284 -0.00303264 0.00589045 0.0192193 0.0175032 -0.00052208 0.00154335 -0.00132979 -0.00447747 0.00954066 -0.000857383 0.00439197 -0.00341194 -0.00256971 -0.0129575 -0.00158908 0.00124013 0.00456846 -0.00271345 0.00265441 -0.00411208 0.00120708 0.0154478 -0.000169749 0.0035648 0.00184325 0.00204591 -0.00469942 0.0108815 -0.00290013 -0.00283544 0.00714043 0.000276747 0.000925452 -0.000899152 -0.004961 0.00333659 0.00173484 -0.00505724 0.00828143 0.000861227 0.00153432 -0.00132924 -0.00771664 0.0135077 -0.00214327 0.0105096 -0.000216509 0.00685126 0.00561079 0.0202963 -0.00173515 0.00037593 -0.00761748 -9.56443e-05 -0.00190189 -0.0144168 -0.00353008 -0.0015096 -0.011004 -0.00463369 -0.00126542 -0.0028742 -0.00501158 -0.0017495 -0.0018285 -0.000474847 0.00056443 -0.00185179 0.00279741 -0.00796983 -0.00648274 -0.0133758 
0.0128547 0.00160082 0.0190891 -0.00572431 -0.000526211 -0.00596733 0.0039429 0.000672156 -0.00510356 0.175089 -0.00021816 -0.0207284 0.005717 0.0172606 -0.0211833 0.0109391 -0.0280636 -0.025143 0.0159363 0.0168386 0.0081953 0.00189061 -0.00393133 0.00172996 -8.27913e-05 -0.00257935 -0.0101736 -0.0182295 -0.0100711 0.00138162 -0.00679736 -0.00383654 0.00179593 0.00378391 -0.000889635 -0.00380511 -0.00717067 -0.000538084 -0.0028902 -0.00552911 0.00268616 -0.0134565 0.00061107 -0.0012518 0.0023518 0.00117059 0.00229768 -0.00517154 -0.0010389 -0.00247078 -0.00255236 -0.00967335 -0.00100933 -0.00060594 0.00188296 -0.00259891 -0.000765753 -0.00116334 -0.0031248 -0.00179264 -0.00119272 -0.00312017 0.00311885 0.0119621 -0.00199887 0.00328361 -0.00190581 8.91707e-05 -0.0019999 0.00108064 0.0201232 -0.00325722 -0.00714926 -0.00811194 -0.00868224 -0.00832505 -0.00442168 -0.0210129 0.00300572 -0.00130681 -0.0059391 0.000768819 -0.00218901 -0.0101218 -0.0034297 -0.00774966 0.000755809 -0.00282936 -0.00147725 0.000486155 -0.00649364 -0.00241891 0.00108797 -0.00248699 0.00224525 0.00368245 -0.0017908 0.00504711 -0.00108749 -0.0100984 
-0.00134064 -0.000140463 0.000537602 -2.74788e-05 0.000460498 -0.00037141 0.00315924 0.00196633 0.00236557 -0.00021816 0.0492696 -0.00245115 -0.000406731 -0.00418534 -0.00409639 0.000209442 -0.00636152 -0.00618062 -0.00140007 -0.0114833 -0.00154505 -0.00207858 -0.00178366 -0.010289 -0.00218734 -0.0119529 -0.00175986 0.00342408 -0.000650448 -0.00149337 -0.00275455 0.0135445 -0.000242475 -0.00129372 7.37614e-05 -0.00115912 -0.000341248 -0.00032148 0.00124659 0.00140635 -0.000795398 0.000976159 -0.000281603 -2.75383e-05 0.00104694 -0.00356059 0.00084263 -0.00104746 0.000894444 -0.00147633 -0.000641226 -0.0025328 0.000110606 2.10159e-05 0.000375712 0.000724745 -0.000697931 -0.000447047 -0.000462992 -0.00235358 0.000325829 -0.000578832 -0.000199854 0.00285152 -0.000103488 -5.70894e-05 -0.000161685 0.000845249 -0.000392105 0.000947749 -0.00113356 0.00467985 9.07157e-05 0.00201407 -0.00174788 0.000273491 -0.000420913 0.00539958 -0.000132019 -0.000268078 0.00230104 0.000443493 -0.000299247 -0.00103066 0.000382285 0.000215405 -0.0013746 -0.00133132 -0.000272355 0.00149506 -0.00227526 0.000774578 0.000907901 -0.000727006 -3.9892e-05 -2.81443e-05 0.00178957 0.000168043 -0.00158665 -0.00156008 
0.0105806 -0.00300949 -0.00642066 0.00708778 -0.00280855 -7.39108e-05 -0.0110974 0.0258249 -0.0137228 -0.0207284 -0.00245115 0.216043 -0.0162217 0.00633028 0.00463828 -0.00879891 0.0016953 0.0115598 0.00114473 0.00825045 -0.0141279 0.0306979 -0.00690484 0.00111942 -0.0261567 0.00110364 -0.017128 -0.00252482 -0.00219661 -0.00345884 0.00163995 0.012168 -0.00395797 -0.00569773 -0.00176382 0.00905447 -0.00885337 -0.00318471 -0.0043329 -0.00227125 -0.000270928 -0.0156003 0.000523758 -0.00477096 -0.00347145 -0.0125001 -0.000143376 -0.000292532 -0.000388126 -0.000647166 -0.00582956 -0.00685457 -0.00265392 0.000366027 -0.00485558 -0.00263589 -0.00324845 0.00282748 -0.00924691 0.0160636 -0.00365728 -0.00841995 0.00143757 0.00214084 -0.00340104 -0.00338003 -0.0044385 -0.00751631 -0.00205898 -0.000292779 0.00381894 -0.00879412 -0.00853778 -0.000908318 -0.000625874 -0.00857788 -0.0033744 -0.0086795 0.00299183 -0.000971148 -0.00212579 0.000261554 0.000589874 0.0200598 -0.00112254 -0.0064933 0.00827162 -0.000672014 -0.000251803 -0.000613559 -0.0114462 0.00184946 -0.00303375 -0.00122031 -0.000454925 -0.00506937 -0.00388013 -0.0109925 -0.0064505 -0.0213782 
-0.000404864 -0.000220272 0.000532961 0.00353438 -0.00586927 -0.00826538 0.0105162 0.00663158 -0.00769745 0.005717 -0.000406731 -0.0162217 0.227227 0.00445687 0.0135151 0.0257216 -0.0403493 -0.00956976 0.025387 -0.0112821 -0.00749394 0.0181916 -0.0259876 -0.00950563 -0.0186688 -0.0247695 0.0137065 0.0240844 -0.00429562 -0.0147213 -0.0198226 -0.0150308 0.00281475 -0.00084428 -0.000451624 -0.0128965 -0.0157128 -0.00168947 0.00475732 -0.00615907 -0.00652472 0.00380478 -0.00105667 -0.00146649 0.00630694 -0.00371045 -0.00226161 -0.000160886 0.00167272 0.00103315 -0.00147244 -0.00673546 0.000168944 -0.00696081 0.000466794 -0.00267259 -0.00178842 -0.00229489 -0.00140519 -0.00743031 -0.000982602 -0.000350685 0.0111144 -0.0014761 -0.00058207 -0.00295555 0.00538562 -0.00267002 0.00331509 0.00200794 -0.0208697 -0.014309 -0.00222511 -0.0111045 -0.0132399 -0.00868976 -0.00105309 -0.0062786 0.000826308 0.000500785 0.00147283 0.00201104 -0.00229462 -0.0141039 -0.00249886 0.00681286 0.0114255 -0.00744179 -7.43172e-05 -0.00568333 0.0117179 -0.00290508 -0.00117799 -0.000561988 -0.00150636 -0.000999687 -0.00412493 0.0043324 0.00622642 -0.0129592 
-0.00574329 -0.0059147 0.00380089 -0.0124353 -0.0027755 0.000429529 -0.00475767 0.0106413 -0.00133881 0.0172606 -0.00418534 0.00633028 0.00445687 0.240051 -0.0257936 -0.00374485 -0.00610034 -0.0216228 -0.0053489 0.0251077 -0.00455005 0.00672381 0.0173701 -0.00194157 -0.000949211 -0.00900721 0.00353471 -0.0243729 -0.00512695 0.0113293 0.00511787 -0.0136118 -0.00477484 -0.0022542 -0.00169694 -0.00919121 -0.00860787 -0.00238004 -0.000909361 -0.0160975 0.00298207 -0.0130251 -0.000176452 -0.00190623 -0.00843733 -0.00484918 -0.00547108 -0.00486199 -0.00278005 -0.0194247 -0.00236618 0.0114441 -0.00266221 -0.000729307 -0.00605097 -0.00444798 -0.0046373 0.000113878 -0.00470845 0.00768419 -0.00318815 0.000181681 -0.00990579 0.00542745 0.00237843 -0.00508447 -0.00684303 0.00295394 -0.00579122 -0.00315716 0.00161992 -0.0234359 -0.0161902 -0.0188239 0.00230478 -0.00125343 0.000538752 -0.0174493 -0.00639796 -0.000420361 -0.00434255 0.00263345 -0.00223999 0.0036194 -0.00616504 -0.0136476 0.00474064 -0.00587691 -0.00376084 -0.00237074 -0.00349323 -0.00287829 -0.000479584 0.00190226 0.00279315 8.94669e-05 0.00745597 0.0153163 0.0213648 0.00526386 
-0.00642836 -0.00176742 -0.00898431 -0.00391765 -0.00265874 -0.00463847 0.00779239 -0.0043565 -0.0195257 -0.0211833 -0.00409639 0.00463828 0.0135151 -0.0257936 0.218877 -0.0074967 -0.0206333 0.030651 0.0144041 -0.0153261 -0.0320617 0.0244083 -0.0173763 0.0365527 -0.0287343 0.00706146 -0.00086459 0.0467333 0.00500081 -0.00046646 -0.0227397 -0.019117 0.00581287 -0.00568155 0.00163811 -0.00827792 -0.00813148 -0.00130762 0.00232051 0.00412623 -0.0015912 0.0136552 -0.00307143 -0.00057868 0.00896711 -0.00350958 -0.00325744 0.00224911 0.000390595 0.00963329 -0.00645819 -0.0117065 -0.00297606 -0.00918147 -0.0043676 -0.00389789 0.00046446 0.00327404 -0.011472 0.000632537 0.00159581 -0.00440909 0.00935405 -0.0124834 0.00102884 -0.000160916 -0.0199727 -0.00423025 0.00624399 -0.00644004 -0.0102221 -0.0114834 0.00832949 -0.00860421 -0.00514761 -0.00836778 0.000135568 -0.00232498 0.00434757 0.000302984 -0.00416059 -0.00429963 0.000730823 -0.0149256 0.00317991 0.00458447 0.0122624 0.000256172 0.00436116 -0.00723316 0.00490444 -0.00319083 -0.0037839 -0.00211478 -0.00515239 -0.0035926 -0.00716954 0.00170476 -0.0100504 -0.0129676 
0.0103784 0.00126621 0.00342881 0.00572588 -0.00333009 -0.00516964 0.00843195 0.00423005 -0.0234441 0.0109391 0.000209442 -0.00879891 0.0257216 -0.00374485 -0.0074967 0.219269 -0.0221912 -0.00470429 0.0306585 0.0115942 0.00396622 0.0237636 -0.0333529 -0.0117351 -0.0266392 -0.0144817 -0.0200205 0.0275263 -0.0141372 -0.0110584 -0.0181917 0.034246 0.00190897 0.00185534 -0.00186785 -0.0155822 -0.0230419 -0.000518064 -0.00436575 -0.000791428 -0.0112725 0.0255956 -0.00296707 -0.00395135 -0.000986245 -0.0154775 -0.00227213 -0.00330918 0.00050967 -0.0176041 -0.000255714 -0.00734138 -0.00200223 -0.0024826 -0.00730217 -0.00117189 -0.00207417 0.000890102 -0.00317714 -0.0104384 -0.00311626 -0.000644683 0.0014515 -0.00477024 -0.00468795 -0.000687324 -0.000591528 -0.00122463 -0.00339539 0.00371976 0.00247989 -0.00147427 -0.00868059 -0.0186216 -0.00534311 -0.0064635 -0.00947102 -0.00240418 0.000928012 -0.00128981 0.00134705 -0.00074165 0.00336173 -0.000620989 0.000308649 -0.00416917 0.0198563 -0.00774137 -0.000189724 -0.00977094 -0.000755446 -0.00316596 -0.00317758 -0.00255118 -0.00166038 -0.00409606 0.00205406 0.00211574 0.0013263 -0.0108082 
-0.0195048 -0.00308463 -0.0242621 -0.00950095 -0.000681557 0.00574702 -0.00977437 -0.010847 -0.00242182 -0.0280636 -0.00636152 0.0016953 -0.0403493 -0.00610034 -0.0206333 -0.0221912 0.245215 0.0280339 -0.0360631 0.000494298 0.00524404 -0.0181152 0.0307104 -0.0111266 0.00600474 0.0415052 -0.00579761 -0.0210677 0.023519 -0.00174116 0.0191051 -0.00725765 -0.00406364 0.00351846 0.00105181 0.00425925 0.0143839 -0.00396792 -0.000444314 -0.00612847 0.00173994 -0.0357728 -0.000311101 8.22568e-06 -0.00841887 -0.00442418 -0.00517011 0.00370317 -0.00360254 -0.0182049 0.00620175 0.0146903 -0.00258826 -0.00584125 0.00418095 0.00203153 0.000525789 -0.00642029 0.0015957 -0.017632 -0.00247847 -0.000522979 -0.00565664 -0.00851189 -0.00077977 -0.00122046 0.00766688 -0.0023477 -0.0007643 -0.00588681 -0.0171166 -0.00917552 0.00483659 0.0218572 0.00345955 -0.0042234 -0.00121414 -0.00327528 -0.0121204 -0.00250225 -0.00286405 -0.00722769 -0.00101646 0.0139694 -0.00080544 -0.000970046 -0.0141616 0.00951765 -0.000852623 0.00869447 0.00274277 0.00170212 -0.00094176 -0.000950064 -0.00457351 0.00126674 -0.00102269 -0.0227518 0.00245326 0.0205391 
0.0207831 4.07652e-05 -0.0129262 -0.000750327 -0.00233672 -0.00474184 0.00373371 -0.00573294 -0.0285142 -0.025143 -0.00618062 0.0115598 -0.00956976 -0.0216228 0.030651 -0.00470429 0.0280339 0.228233 -0.0130921 -0.00370657 0.0184252 -0.0049115 -0.0033579 0.0393556 -0.0324555 0.041565 0.00195549 -0.0133244 0.0104434 -0.00767754 -0.011142 -0.0354236 -0.00292706 -0.00131282 -0.00218784 -0.00583632 -0.00433133 -0.00107884 -0.000783757 -0.00894295 -0.00477662 -0.0274426 -0.00119196 0.00371693 -0.000901203 -0.00313826 -0.00275813 0.00346866 -0.00175129 0.0188775 0.00725963 0.00386677 -0.00370027 0.00120328 -0.00712379 -0.00874082 0.00337438 -0.00101778 -0.00833926 -0.017509 -0.000136077 -0.00445312 -0.000504605 -0.0137486 -7.41564e-05 -0.00379949 -0.0150731 -0.0038907 0.00028979 0.00186779 -0.00761677 -0.00236085 0.0166525 -0.0175622 0.00136386 -0.000812322 -0.00712042 -0.0122406 -0.00655726 0.00271129 -0.0176628 -0.00421763 -0.00394098 -0.00223302 -0.00252554 -0.00749795 -0.0029154 0.00841677 0.00125521 -0.00126945 0.00509306 0.00103864 -0.00277908 0.00315618 -8.91482e-05 -0.0032492 -0.000319539 -0.00928692 -0.0137316 0.0123824 
0.0109058 -0.0024217 0.00367557 -0.00447504 -0.00477979 -0.00932497 0.00615676 -0.00159648 -0.0127575 0.0159363 -0.00140007 0.00114473 0.025387 -0.0053489 0.0144041 0.0306585 -0.0360631 -0.0130921 0.231796 0.0258257 -0.0218727 0.017567 -0.0291607 0.00550291 -0.0225986 -0.0477414 -0.011336 0.029677 -0.00339195 -0.0051905 -0.033769 0.0338621 0.00181296 -0.0100788 -0.0020638 -0.00948525 -0.0245781 -0.00972627 -0.00595859 0.00551525 -0.00540236 0.0378985 -0.00188294 -0.00116109 -2.72209e-05 -0.00402969 -0.00164318 -0.00496669 -0.000490556 -0.0120518 -0.0110017 -0.0149503 -0.00181329 -0.00346015 -0.00323163 -0.00760449 -0.000849936 0.00756542 -0.0214759 0.0208535 -0.00158806 -0.00733529 0.00141784 0.00683419 -0.00494334 -0.00179084 -0.00562151 -0.0049681 -0.00506909 0.0039097 0.00345625 0.00516865 -0.00897622 -0.017383 -0.000482795 0.00823675 0.00101065 -0.0153379 -0.00789435 -0.00161856 -0.00344698 -0.00147129 -0.00516745 0.00106464 -0.000254574 0.0010484 0.0137321 -0.0155001 -0.000386016 -0.0230975 -0.0112408 -0.00653619 0.000650094 -0.00717182 -0.00385005 0.00221575 0.000762229 0.0114633 0.0012251 -0.00295427 
-5.77817e-05 0.000832004 0.0180476 -0.014892 -0.00315776 -0.000696497 -1.88206e-05 0.00216823 -0.0162135 0.0168386 -0.0114833 0.00825045 -0.0112821 0.0251077 -0.0153261 0.0115942 0.000494298 -0.00370657 0.0258257 0.23975 -0.0135983 0.0182713 0.015112 0.0106448 -0.00750869 0.0105462 -0.0501505 -0.0325517 -0.0294389 0.0144426 -0.0113313 -0.0231363 0.00168616 -0.00163635 -0.00456257 -0.00208817 -0.0160116 -0.00163469 -0.00591053 0.00340125 -0.00392208 -0.00174005 0.00127065 0.00337331 -0.0109842 -0.0113547 0.00123235 -0.00632151 -0.00236622 -0.0126977 -0.00579752 -0.00553207 -0.00095894 -0.000139204 -0.00586919 -0.00141039 -0.00119476 0.00321674 -0.015503 0.00361125 -0.00267089 -0.00168993 -0.0056366 0.00633495 0.00115339 0.00476043 0.00657087 0.00202577 -0.00433565 0.00662553 0.0187511 -0.00224042 -0.0134791 -0.0253083 0.00673014 -0.0145405 -0.00389321 -0.0345758 -0.000521499 0.000602397 -0.000462425 0.00172364 -0.00427689 0.0208945 -0.00267745 -0.0170041 0.0142544 0.00120458 -0.0030215 -0.0139981 -0.00697177 -0.00637177 0.000486638 -0.00322385 -0.00519193 0.000601718 -0.010128 0.00953922 0.0106416 -0.00421397 
0.0178607 -0.00311223 -0.00221804 0.00931952 0.000991098 -0.0016979 -0.00368287 0.00962058 -0.0342827 0.0081953 -0.00154505 -0.0141279 -0.00749394 -0.00455005 -0.0320617 0.00396622 0.00524404 0.0184252 -0.0218727 -0.0135983 0.233416 -0.00934928 0.0101931 -0.0116669 0.0268095 -0.00338396 0.0230413 -0.0420865 -0.00637893 -0.0104826 -0.0133086 -0.00270662 -0.00732409 -0.00261617 -0.00157518 -0.0138453 -0.012517 0.00418819 -0.00127651 -0.00233156 -0.00800161 -0.0176319 0.00246194 -0.000672224 -0.00489242 0.0135106 -0.00217399 0.0030413 -0.00145825 -0.00763928 0.000958535 0.00729859 0.000508517 -0.00496846 0.00338258 -0.00308008 0.00123134 -0.00437417 -0.00108136 -0.0347323 0.00255031 0.00298352 -0.00339928 -0.0109651 0.00188771 -0.00135421 -0.00900862 0.00389499 -0.00403715 -0.00364131 0.00598598 0.00202167 0.00718603 -0.00647174 -0.00450131 0.0152228 -0.00655073 -0.00560735 0.000942575 -0.00116984 0.00310557 0.00481734 -0.00397906 -0.00405821 -0.000379615 -0.00766089 -0.00593747 -0.00283666 -0.00532268 8.02058e-05 -0.00177762 -0.0020075 0.00645599 -0.000701492 0.00155021 0.00304379 0.00321678 -0.011342 -0.00564833 0.0115469 
-0.00969651 -0.00231252 -0.00641171 -0.00318111 -0.00748302 -0.000260439 0.0018385 -0.00417851 -0.0425234 0.00189061 -0.00207858 0.0306979 0.0181916 0.00672381 0.0244083 0.0237636 -0.0181152 -0.0049115 0.017567 0.0182713 -0.00934928 0.239724 -0.0276348 0.0111073 -0.04498 -0.00815002 -0.036617 0.0136198 -0.00584694 0.00799591 -0.0129541 -0.00684472 0.00180086 0.00138514 0.00125298 0.00337055 -0.0186608 -0.0035497 -0.00350238 -0.00256403 -0.00129899 0.0037164 -0.00399807 -0.00332258 -0.00433429 -0.0130252 -0.00548684 0.00259571 -0.00167173 0.00338493 -0.0116971 -0.020726 -0.00390401 -0.00421739 -0.0068385 -0.00725499 0.000427712 0.000321016 0.00091251 0.00169642 -0.0043292 -0.00514546 0.0036912 0.0112425 -0.00703387 -0.000891973 -0.0100816 -0.00144556 -0.0060554 0.00313757 0.00659633 -0.0144113 -0.0150976 -0.0174194 -0.00416872 -0.00971084 -0.00872831 0.0143004 -0.00601522 0.000282345 0.00806683 -0.00301717 -0.000892232 0.00124463 0.00139324 -0.00837755 0.011476 0.00160551 -0.00154983 -0.00406214 -0.0104781 -0.000218923 -0.00279158 -0.0016157 -0.00504913 0.00442848 0.00412472 0.00272723 0.00954507 -0.00235674 
-0.0218964 -0.00506552 0.000536771 -0.0195293 0.00145251 -0.00302693 -0.0208038 -0.0215577 0.00252937 -0.00393133 -0.00178366 -0.00690484 -0.0259876 0.0173701 -0.0173763 -0.0333529 0.0307104 -0.0033579 -0.0291607 0.015112 0.0101931 -0.0276348 0.248708 0.0200092 0.0407391 -0.00875654 0.0131817 -0.053245 -0.0194622 -0.0186255 0.00375544 -0.0283806 -0.00608728 -0.00961425 -0.00232416 -0.00940282 0.00201936 0.00749266 -0.00505723 0.00297706 0.00679013 -0.0172214 -0.00123038 0.00234216 -0.0128676 0.0134619 -0.00113127 0.00544629 -0.002745 0.00686213 0.00582128 0.0063682 0.000736555 0.00898381 0.00284628 0.000371566 -0.00178777 -0.00857531 -0.00409317 -0.0283079 -0.000251441 0.000639503 -0.00436693 0.00477716 -0.00164916 0.00447297 -0.00221011 -0.0030238 0.000759885 -0.00828341 -0.00214857 0.00254503 0.00164397 0.0156031 -0.000189702 0.00842859 -0.00333039 0.004263 -0.00217462 0.000184859 0.00236197 -0.00627765 0.0010139 0.00786659 -0.00339948 -0.00205597 0.00409884 0.000199758 -0.00297071 0.0072681 -0.00129823 -0.007205 0.00323124 0.000922661 -0.000385673 -0.00207068 -0.0018649 -0.000878911 -0.00697554 -0.00380188 
-0.00454144 -0.00386971 -0.0065884 -0.00469147 -0.00307641 -0.00493399 0.000362788 -0.0172726 -0.0152575 0.00172996 -0.010289 0.00111942 -0.00950563 -0.00194157 0.0365527 -0.0117351 -0.0111266 0.0393556 0.00550291 0.0106448 -0.0116669 0.0111073 0.0200092 0.208473 -0.0185027 0.0191142 -0.0131477 -0.0134817 -0.0110899 -0.00411287 -0.0075236 -0.0275225 -0.000839889 0.000465958 -0.00101097 -0.0045267 -0.000394889 0.0017405 -0.00334737 -0.00495536 0.00426596 -0.00270102 5.70027e-05 0.00211144 -0.00407059 0.0069394 -0.00322262 0.00324421 -0.00358047 0.0046152 -0.00360892 -0.00650373 -0.0014503 -0.00409221 -0.000374369 -0.00452805 -3.23002e-05 0.00641805 -0.00694374 -0.0130348 -0.00180954 -0.00231639 0.00101383 -0.00314569 -0.0022476 -0.000807884 -0.0193667 -0.000847863 -0.00176435 -0.00428976 0.00378285 -0.00506202 0.000343623 -0.00479054 0.00369538 -0.00204073 0.00396312 -0.0139169 0.000694661 0.00290101 -0.0144588 -0.00476749 -0.00355683 -0.00183953 -0.00409932 -0.00324462 0.020276 0.00164702 -2.4588e-05 -0.00305634 0.00111745 -0.0038586 -0.00172007 -0.00175509 -0.00228349 -0.00445152 -0.00467846 -0.00977592 -0.0056557 -0.0105373 
-0.0211582 0.00336119 0.000289112 0.00924455 0.00871946 -0.00384692 -0.0132503 -0.0212014 0.0187844 -8.27913e-05 -0.00218734 -0.0261567 -0.0186688 -0.000949211 -0.0287343 -0.0266392 0.00600474 -0.0324555 -0.0225986 -0.00750869 0.0268095 -0.04498 0.0407391 -0.0185027 0.243385 -0.00874436 0.0430076 -0.0471424 -0.000950404 -0.000298147 0.0118304 -0.027819 -0.00079023 0.00242403 -0.00339777 0.00155782 0.005153 0.00613096 -0.00293543 -0.00740382 -0.000492208 -0.0124886 0.0025762 0.00139139 -0.00640964 0.0218004 0.00196883 -0.0071952 -8.88485e-05 0.00632143 0.0102581 0.000967289 0.00233973 0.00595771 0.000134221 -0.00177398 -0.00135045 -0.00409364 0.00787536 -0.0240233 0.000648061 0.00255853 -0.00954619 -0.012328 0.000708561 -0.00455705 0.00578393 0.00649758 7.84245e-05 -0.012341 -0.000401817 0.014847 -0.00817247 0.0188885 0.000755012 0.0161032 -0.00324671 0.00417278 -0.00238494 -0.00442836 -0.0078134 -0.000558131 -0.00219697 -0.018677 -0.000624978 0.00394932 -0.0134908 -0.00361854 -0.000566569 0.00808804 0.00699374 -0.00482236 0.000991719 -0.0042354 0.00297447 -0.00931442 0.000499938 -0.00649023 -0.0097653 0.00232841 
0.00797486 -0.000439946 -0.0124956 0.0075428 -2.68876e-05 0.00577954 -0.00196996 -0.00484109 -0.0072247 -0.00257935 -0.0119529 0.00110364 -0.0247695 -0.00900721 0.00706146 -0.0144817 0.0415052 0.041565 -0.0477414 0.0105462 -0.00338396 -0.00815002 -0.00875654 0.0191142 -0.00874436 0.235466 -0.0141158 -0.0196959 0.00802809 -0.0030418 0.00946947 -0.0455437 0.00165021 0.00436604 -0.00144902 -0.00282973 0.010602 0.00182672 0.00104598 -0.00405916 -0.00490965 -0.0523865 -0.000459622 -0.00100764 0.000155659 -0.00687773 -0.00346041 0.00530902 0.000292412 0.0239941 -0.00636541 0.0058894 -0.00137503 -0.00573256 0.00420301 -0.0010395 0.00317199 -0.00620727 0.00681227 -0.0117566 -0.00239044 -0.00350014 0.000321683 -0.0177854 0.00101091 0.000152282 0.00284726 0.00488407 0.00154459 -0.00227665 -0.00530844 -0.00613887 0.0158839 -0.00606219 0.00232243 -0.0193194 -0.00156216 -0.0159736 0.00372007 -0.000503788 -0.00901282 -0.00255544 -0.00205357 -0.00341631 -0.0023601 -0.00607514 -0.00877774 0.0159562 -0.00109663 -0.00419692 0.00674636 0.00141875 -0.00427794 0.000995368 -0.00390115 0.00109029 -0.0159865 -0.0204054 -0.00684413 0.00728982 
-0.0168528 -0.000764047 -0.0148659 0.00303539 0.00201127 -0.00950094 -0.00893705 0.020915 0.014637 -0.0101736 -0.00175986 -0.017128 0.0137065 0.00353471 -0.00086459 -0.0200205 -0.00579761 0.00195549 -0.011336 -0.0501505 0.0230413 -0.036617 0.0131817 -0.0131477 0.0430076 -0.0141158 0.248393 -0.00646894 -0.00998039 -0.000639146 0.00316768 -0.00215248 -0.00813812 -0.0035552 -0.00221675 0.00192567 0.00127717 0.0043246 0.000424413 -0.0170406 -0.00118687 0.0141213 -0.00396176 -0.00247226 -0.0012712 0.0227898 0.00299304 -0.00445037 0.00206846 0.0016632 0.0064441 -0.00362931 -0.00123859 -0.000121904 -0.00681147 -0.00562417 -0.000169778 -0.00146504 -0.0060113 -0.00980301 0.000166312 0.000331342 -0.00144148 -0.020196 0.00152693 -0.00837252 0.00426665 -0.0030696 0.000409254 -0.0124261 -0.00600859 -0.00822091 0.00418332 0.00149734 -0.00455714 0.0110237 -0.00501286 0.00715539 -0.00120158 -0.000494566 -0.00310653 -0.00191403 -0.00452136 -0.0295204 -0.00285068 0.00170447 -0.0265998 -0.005989 -0.00187532 0.0122668 0.0117934 -0.00539603 -0.000190793 -0.00284166 -0.00019829 -0.00467822 -0.00886721 0.00194298 -0.0100515 0.00315674 
-0.011767 -0.00140365 -0.0064192 -0.00175365 -0.000865784 -0.0032229 0.0118258 0.00117204 0.00890284 -0.0182295 0.00342408 -0.00252482 0.0240844 -0.0243729 0.0467333 0.0275263 -0.0210677 -0.0133244 0.029677 -0.0325517 -0.0420865 0.0136198 -0.053245 -0.0134817 -0.0471424 -0.0196959 -0.00646894 0.206529 -0.00479278 0.0036992 -0.0177332 0.035184 0.00574168 -0.00716804 0.000838288 -0.00412157 -0.00941219 -0.00522694 0.00387532 0.00503271 0.000205756 0.0354733 -0.00317475 -0.00152289 0.0140584 -0.0269963 -0.00414092 0.0003953 0.00204413 -0.00840761 -0.00543574 -0.00409609 -0.00321141 -0.0052655 -0.00425139 0.00211346 -0.00194623 0.00159733 -0.00492692 0.0255795 -0.0015404 -0.00359034 0.00506052 -0.00119689 -0.00119221 0.00129785 -0.00410947 -0.00402673 0.00474784 -0.00140948 -0.0120118 -0.0074071 -0.00408863 -0.00572486 -0.00763267 -0.00792691 0.000668893 0.0226836 -0.00356872 -0.000347639 -0.00422426 -0.000417199 0.00212362 -0.012676 0.00456563 0.00938285 0.00449213 -0.00348677 0.00157381 -0.0100313 -0.00294418 0.002256 -0.00400439 0.00137243 -0.00638499 -0.00458961 -0.00248143 -0.000727727 -0.00727475 -0.00308763 
0.00525665 0.00060777 -0.00904129 -0.00136483 0.00112446 -0.000168579 -0.00100016 -0.0092752 -0.00303264 -0.0100711 -0.000650448 -0.00219661 -0.00429562 -0.00512695 0.00500081 -0.0141372 0.023519 0.0104434 -0.00339195 -0.0294389 -0.00637893 -0.00584694 -0.0194622 -0.0110899 -0.000950404 0.00802809 -0.00998039 -0.00479278 0.134792 -0.00196351 0.00400052 -0.0025394 -0.000874803 0.00648116 0.000282544 -0.000285475 0.00700517 -0.00210164 0.0019745 -0.00415388 -0.00111232 -0.0144864 0.00129479 0.00211799 -0.00061723 -0.00395272 -0.00204923 -6.38233e-05 0.000876129 -0.00237446 -0.00128059 -0.00447025 -3.99401e-05 0.00161795 0.000314095 -0.00219595 -0.000892469 -5.293e-05 -0.00383449 -0.00213218 0.000331985 -0.0010294 -0.00157197 -0.00555929 -0.000868702 -0.000830337 0.00126303 0.000347763 0.000228952 -0.00177051 -0.0103761 -0.00383467 0.000143973 -0.00180224 0.00556074 -0.00239336 0.0053636 0.0122408 -0.00186309 -0.0021693 -0.00660155 -0.00338595 -0.00227411 0.00266281 0.000644828 0.00612953 -0.00491343 0.00131484 0.000844156 -0.000785495 0.000882248 -0.00281684 -0.00165906 0.000344923 0.00182251 0.00362948 0.00175391 -0.00553712 0.00733594 -0.00237411 
-0.0085672 -7.19777e-05 0.00271584 -0.00641259 6.84747e-05 -0.000242009 -0.00263892 -0.00136561 0.00589045 0.00138162 -0.00149337 -0.00345884 -0.0147213 0.0113293 -0.00046646 -0.0110584 -0.00174116 -0.00767754 -0.0051905 0.0144426 -0.0104826 0.00799591 -0.0186255 -0.00411287 -0.000298147 -0.0030418 -0.000639146 0.0036992 -0.00196351 0.11726 -0.00164673 -0.00619386 -0.00112496 0.000438521 -0.00124327 0.00241771 -0.00350738 0.000211382 0.00136693 -0.00411168 0.00143569 -0.000785326 0.000405755 0.00135065 0.00251788 -0.00176293 -0.00100256 -0.0033978 -0.000186219 -0.00384901 -0.00225479 0.00354551 -0.000404845 -0.000401097 -0.00179733 -0.00177329 -0.000550235 0.00381658 0.00065291 -0.0040217 -0.000246367 -0.00174583 -5.59044e-05 -0.00101625 0.002033 0.00131456 0.00288528 0.00468991 -0.00173111 4.38121e-05 0.00652555 6.14077e-05 -0.00701558 -0.0120253 0.00259491 0.00207052 0.00061153 -0.014805 0.00215148 -0.000264667 -0.000929928 -0.00165595 -0.00127553 -0.00790399 -0.000860744 -0.00414694 -0.00578006 0.000462651 -0.000669861 -0.00493345 -0.00321511 0.000761018 -0.000965006 0.00120132 -0.000695513 0.003053 0.00202591 -0.00203498 0.000797515 0.00203095 
-0.0104553 0.00156444 -0.00190448 -0.00102214 -0.00053053 0.00588464 -0.00801846 -0.0168787 0.0192193 -0.00679736 -0.00275455 0.00163995 -0.0198226 0.00511787 -0.0227397 -0.0181917 0.0191051 -0.011142 -0.033769 -0.0113313 -0.0133086 -0.0129541 0.00375544 -0.0075236 0.0118304 0.00946947 0.00316768 -0.0177332 0.00400052 -0.00164673 0.141554 -0.0176766 -0.00161448 0.00702241 0.00327529 0.0100809 0.0150995 -0.000544139 -0.000148645 -0.00520203 0.00341771 -0.0263027 -0.00131922 0.000309068 -0.00535749 0.00268051 0.00596379 0.00260063 -0.00218282 -0.00294969 0.00413701 -0.00148599 0.00103225 -0.0037731 -0.0024951 0.00516821 -0.00135639 -0.00363052 0.0086097 -0.00366428 0.00165391 -0.00136327 -0.00233225 -0.00679595 0.000209394 -0.00560865 0.00281258 0.00327441 -0.00157224 0.000959321 -0.00314681 -0.0131001 -0.00723265 0.00773117 0.00223777 -0.00962286 0.000939516 0.00688494 0.00183103 -0.00144972 -0.00118337 0.000168105 0.00244262 -0.00129391 0.00129154 0.00475252 -0.00774338 0.00198006 0.00192381 0.00414932 0.00509773 -0.000916328 -0.000873905 0.00431984 0.00233949 0.000195384 0.0044112 -0.00607892 0.00262253 0.00860702 
0.0162892 -0.00114651 -0.00367379 -0.00198464 -0.000812223 -0.00395391 0.01192 0.0201818 0.0175032 -0.00383654 0.0135445 0.012168 -0.0150308 -0.0136118 -0.019117 0.034246 -0.00725765 -0.0354236 0.0338621 -0.0231363 -0.00270662 -0.00684472 -0.0283806 -0.0275225 -0.027819 -0.0455437 -0.00215248 0.035184 -0.0025394 -0.00619386 -0.0176766 0.230418 -0.00129844 -0.00596983 -0.00320385 -0.01032 -0.00410632 -0.00815832 -0.00145859 0.00443008 -0.00681093 0.0267443 -0.00160814 -0.00347698 0.00162225 -0.0156186 -0.00435037 -0.00856987 -0.00286663 -0.016126 -0.00663061 -0.00334487 -0.00158756 -0.0056888 -0.00464704 0.0018483 -0.00600289 0.000633715 -0.00449808 0.014323 -0.00168955 -0.000645011 -0.0109624 0.00837937 -0.00259902 -0.00522295 -0.00512828 -0.00234941 -0.00228503 0.00291921 0.00295188 0.0199179 -0.00771809 0.0105185 -0.00601564 0.0113796 0.000599558 0.0308405 -0.00139738 -0.0020946 0.00148129 0.000141528 -0.00199533 -0.00738855 0.0019899 -0.00690648 0.000536175 -0.0115798 -0.00152706 -0.0119714 -0.0143197 -0.00419811 -0.00403624 -0.00423348 -0.000854777 -0.00136169 -0.00797626 -0.00230602 -0.00459214 -0.0105126 
-0.00140992 0.00130534 0.0010386 -0.000704294 -0.000488817 0.000248749 -0.000265774 -0.00433953 -0.00052208 0.00179593 -0.000242475 -0.00395797 0.00281475 -0.00477484 0.00581287 0.00190897 -0.00406364 -0.00292706 0.00181296 0.00168616 -0.00732409 0.00180086 -0.00608728 -0.000839889 -0.00079023 0.00165021 -0.00813812 0.00574168 -0.000874803 -0.00112496 -0.00161448 -0.00129844 0.0399387 -0.000816708 0.000588437 3.63355e-05 0.000712363 -0.000557579 8.99926e-05 0.000821694 0.000484603 -0.000535866 0.000167296 0.000112618 -0.000218473 -0.00338191 -0.000170843 0.000326849 0.0001924 0.0018394 -0.000747966 -0.00109055 -0.000110172 -0.00169242 -0.000572486 -0.00062527 -0.000110162 0.000410319 -0.000379278 -0.00314635 0.000399552 0.00041123 -0.00123072 -0.00080863 0.000168598 -0.000799392 3.27649e-05 -0.000605879 0.00190445 6.15779e-05 -0.000134242 -0.000914752 -0.00245072 -0.00293902 0.000874357 -0.00288353 0.000578766 0.00377574 -2.23125e-05 0.000202743 -0.000203929 -5.95927e-05 0.000565359 -0.000414065 0.00113268 -0.00108761 -0.00017917 0.000190585 -0.000247024 0.000876266 -0.00164727 0.000930868 -0.000816483 9.92246e-05 -0.000723588 -0.000672805 0.00092961 0.000704596 -0.00188809 -0.000503491 
0.00200131 -0.000134947 -0.00253586 -0.000353116 0.00023796 -0.000370167 -0.00179728 -0.00305517 0.00154335 0.00378391 -0.00129372 -0.00569773 -0.00084428 -0.0022542 -0.00568155 0.00185534 0.00351846 -0.00131282 -0.0100788 -0.00163635 -0.00261617 0.00138514 -0.00961425 0.000465958 0.00242403 0.00436604 -0.0035552 -0.00716804 0.00648116 0.000438521 0.00702241 -0.00596983 -0.000816708 0.0680421 -0.000607129 0.00538884 0.00483495 -0.000743795 0.000820538 -0.00156611 0.00161122 -0.00394964 0.00023001 0.000166773 0.00302561 0.000281905 -0.000643201 0.000598755 4.83624e-05 -0.000870882 -0.00219466 -0.00275599 -0.000224607 -0.000427411 -0.00159295 0.000117816 0.000425702 0.00055998 0.00401826 -0.0037573 0.000164746 0.00131633 -0.000674813 -0.00274744 -0.00106378 -0.000511494 -0.000814143 -0.00088244 -0.0015181 -0.000650032 -0.000674395 0.00182451 -0.00308648 -0.00711159 -0.00121887 -0.00309627 -0.000581253 -0.000737442 -0.000445295 -0.000605887 0.00147526 -0.000692887 -0.000552538 -0.00345495 -0.00160963 -0.00169959 -0.00476272 -0.000330725 0.0010453 -0.000305258 -0.00109791 -0.00089343 -0.000344224 0.000362312 0.00162784 3.31913e-05 -0.00410775 -0.00212589 0.00121847 -0.000245253 
