0.0409618 -0.0005411 0.00119476 0.000109085 0.000528587 0.000108755 -0.00165397 0.0022294 -0.000239103 0.00344441 -0.000976776 -0.0054687 -0.00622867 -0.000843688 0.00135459 0.00108881 -0.00354216 -0.000980734 0.00284174 0.000764013 -0.010053 0.000816137 -0.00339207 0.000783077 -0.00456678 0.00163251 -0.00156082 -0.00244903 -0.00632407 -0.00408824 -0.000708893 -0.00150339 -0.00288746 0.00475818 0.00583756 0.00189714 -0.00166499 0.00161726 -0.00123695 -0.000245638 -0.000120216 -0.00157546 -0.000201504 -0.000171907 0.000331774 -0.000356814 -0.00117725 -0.000460395 -0.00023325 0.000217933 -0.000313871 0.00310351 0.000508144 -0.000471442 -0.00408881 0.00161396 -0.00112954 0.000371318 -0.00192405 -1.13029e-05 -0.00118274 -0.000947232 9.44853e-05 -0.000514372 0.0002846 -0.00111709 -0.00137712 -0.000592322 -0.000135991 0.001978 -0.00147407 0.00262547 -0.000574272 -0.0010429 0.00083884 -0.00268918 0.0021134 -0.00245687 0.000101436 -0.00241646 0.000790182 -0.000611001 0.000318992 0.000244572 -0.000299593 -4.67023e-05 -0.000270257 0.00170105 0.000839388 0.000154209 -1.22463e-05 -0.00117551 0.000286643 0.000748961 -0.0010825 0.000377053 0.00152033 -0.000567408 -8.01633e-05 0.000926039 
-0.0005411 0.16621 0.000108888 0.00366883 0.0128145 -0.00021034 0.00372423 0.000382926 -0.0031804 0.00746268 0.00224743 -0.00123634 -0.0148589 -0.0268819 0.0096423 0.0119538 -0.0224623 -0.0195263 0.00226883 -0.0143279 -0.0047736 0.0211406 -0.0369853 0.00793764 -0.000627402 0.0069511 0.000933069 -0.0104451 -0.00822513 -0.0023185 0.000173069 0.0142339 0.00413653 -0.00923177 -0.0126741 -0.00623318 0.00229442 -0.00334272 -0.00608315 -0.000952743 -0.0037146 0.00387133 0.00155377 -0.00354537 -0.00274635 -0.00285554 0.00297325 -0.000526228 -0.00480469 -0.0128845 -7.35424e-05 0.012312 -0.00241169 -0.000574545 -0.00407304 0.0149254 0.00496373 0.00800602 -0.00189711 0.000390169 -0.00614524 -0.000155845 -9.04116e-05 0.00218155 -0.00337795 -0.00487744 -0.00575317 0.00194604 0.00419132 -0.00669968 -0.00151994 0.001434 -0.0163018 -0.00398705 -0.00114444 -0.0188582 -0.00344679 -0.00255493 -0.000284994 -0.00508712 -0.00235159 -0.00225075 -0.00181002 0.00142256 0.00336111 -0.00146426 -0.000927625 -0.00739123 -0.00599062 -0.00223002 0.000618044 -0.00174977 0.000605719 -0.00294424 0.00557054 -0.0064293 0.000367881 0.0116657 0.000923999 -0.000519071 
0.00119476 0.000108888 0.0231904 0.000560225 -0.00109579 0.000641288 -0.0011409 0.00115498 0.000330918 -0.000725776 -0.000514526 -0.00303342 0.000105194 -0.00163846 -1.59556e-05 -0.000395132 -0.00630056 -0.00106455 -0.00342879 -0.0016463 -0.00218738 0.00273586 -0.00394262 -0.000375566 0.000343417 -0.00242027 -0.00517704 0.000512776 0.00482815 -0.000404935 0.000151169 -0.00138141 -0.000727693 0.000317233 0.00486623 0.00194588 0.00196717 3.46929e-05 -0.000179923 -0.000267711 0.000221667 -0.000748632 -0.000205557 0.000123667 -0.000556717 -0.00022433 0.00127536 0.000140225 -0.00048184 -0.000180977 -2.32628e-05 2.60514e-06 4.30293e-05 -0.000602456 -0.000865733 0.000125296 -0.000433715 -0.000700913 -0.00247087 -0.000397191 -0.000374085 -0.000788272 0.000311698 0.000728292 -0.000368342 -0.000119694 -0.000808681 -0.00157459 -0.000289857 6.75228e-05 0.00334127 0.000895819 -0.000661458 0.000732038 0.000626759 -0.00161343 6.04955e-06 -0.000800522 -0.000122567 0.000924688 0.00090953 0.000122601 -0.000177501 0.000473178 -0.000202472 -0.000159298 2.52963e-06 -0.000988913 0.00138365 -0.000872476 6.30011e-05 0.000151541 -0.000138648 -0.000546616 0.000110775 -0.00158683 -0.00038507 0.000853675 -0.000139465 5.00049e-05 
0.000109085 0.00366883 0.000560225 0.0422121 -0.000623928 -0.00127879 -0.00290401 0.00291864 -0.00156048 -0.00086796 0.00175621 -0.000647019 -0.00196703 -0.00488906 -0.000439795 -0.00589681 -0.00276835 -0.00208942 -0.0011597 -0.00204871 -0.00665715 0.00334571 -0.00569514 0.000839916 -0.00377253 -0.000997468 -0.00121402 0.00182984 -0.00250287 4.07338e-06 -0.00073991 -0.00117151 -0.00150335 0.00179598 -0.000293194 0.00167642 -0.00283583 -5.9445e-05 -0.00106743 0.000904535 0.00125474 -0.00135964 0.000226441 0.00141627 0.000342532 8.58061e-05 -0.000713217 0.000285141 -0.000881763 -5.39688e-06 0.000618766 0.000526899 -0.000120568 7.05964e-05 -0.00118841 0.00161593 -0.000703458 -0.00232755 -0.000260085 -0.000984288 -0.00166895 0.000574531 0.00141041 0.00195517 -0.00105874 -0.000494841 -0.000370875 -0.000715655 0.00210782 0.00120943 -0.000930209 0.00194188 0.000860424 -0.000712973 0.000113444 -0.00259613 -0.00191884 -0.00106005 0.000211115 0.00143243 0.000776051 0.00122388 5.15833e-05 -0.000480691 0.00168616 -0.000365177 0.00037163 -0.00399785 0.00116638 -0.00124596 0.000406549 -0.00165069 -0.000357 -2.2463e-05 0.00108101 -0.00153387 -0.000431056 0.000643319 2.94158e-05 0.000489931 
0.000528587 0.0128145 -0.00109579 -0.000623928 0.0883429 -0.00194547 0.00242697 -0.00176926 0.000681669 -0.00356139 -0.000821875 0.0139855 -3.75708e-05 -0.00377409 -0.00192793 -2.80183e-05 -0.00437123 0.00465185 -3.8247e-05 0.00588528 0.00416053 -0.00310662 -0.00462494 -0.00457122 -0.00592909 0.00430356 -0.00295242 -0.00399509 -0.010982 -0.00387661 -0.000344636 0.00701157 0.00332339 -0.00293848 -0.00836822 -0.002667 -0.00236878 -0.00145374 -0.00767662 -0.0018828 -0.000427207 -0.000228393 -0.000857293 -0.000652393 -0.00199743 0.000658295 -0.0035226 0.000244273 -0.00189545 0.00315925 -0.00155972 -0.00185921 -0.00142238 0.000734848 -0.00640807 0.00127137 0.000765267 0.00198992 0.000107422 0.000821875 -0.00193125 -6.87081e-05 0.0010599 -0.000625022 -0.002906 -0.00375803 -0.00222029 0.000442443 0.00168764 -0.00176825 -0.00499157 -0.0013461 -0.0038398 -0.00227394 -0.000170396 -0.00338914 -0.00126132 -0.00494835 -0.000403522 -0.00475771 -0.00181178 0.000738698 -0.000875687 -0.00135578 -0.000547152 -0.000593257 -0.00107015 -0.00144485 -0.000340773 0.000884635 0.000557912 -0.00470843 -0.000437537 -0.000435403 0.00237025 -0.00252399 0.000138615 -0.000968407 0.000857983 -0.0002711 
0.000108755 -0.00021034 0.000641288 -0.00127879 -0.00194547 0.0771986 -0.00615765 -0.000624384 -0.0011224 -0.00417626 0.000553444 -0.00496332 -0.00776858 -0.00812299 -0.00226684 -0.00409299 -0.0126652 -0.010233 0.00511632 -0.00776736 0.0126326 0.00599561 -0.00614037 0.00189643 -0.00132924 -0.00309506 -0.00157902 -0.0127283 0.00658807 -0.0032769 -0.00167405 -0.00438618 0.00771766 -0.000146358 0.00941217 0.0012549 -0.003522 8.11252e-05 -0.00307738 -0.00166759 -0.000421419 -0.00192917 0.00142707 -0.00184029 -0.00132591 -0.00162866 -0.00256408 0.000185893 -0.000990489 -0.0011607 -0.000834715 -0.000198838 6.95654e-06 -0.00180611 -0.00359577 0.00341957 0.00135913 -0.00196264 0.00110667 -0.00168201 0.000316175 0.00284383 3.73486e-06 -0.00104675 0.00158263 -5.91418e-05 -8.16003e-05 -0.000207436 0.000631857 0.00271115 0.00851022 0.00187593 -0.00250547 -0.000325147 -0.000667676 -0.00330646 -0.00035562 -0.00265586 0.00180884 0.00187214 0.00107335 -0.000368833 -0.000668333 0.000855577 -0.00122598 4.4645e-06 0.000211062 -0.00122396 0.000120841 -0.000589653 0.000332447 -0.00232436 -0.000319603 -0.000257055 -0.00122159 -0.00447721 -0.00137025 0.000498633 -7.54444e-05 0.00133698 
-0.00165397 0.00372423 -0.0011409 -0.00290401 0.00242697 -0.00615765 0.144798 0.000298682 -0.00613958 0.0046377 -0.0021692 0.00741891 0.017972 0.000514011 -0.0090216 0.0137462 -0.00765978 -0.00659544 -0.0156075 -0.00490584 0.0192873 -0.0127875 0.0187835 -0.0156437 -0.00169235 -0.0147366 -0.011745 0.00904503 -0.00891324 -0.00580204 -0.00374305 -0.00305905 0.010959 -0.00110453 -0.00814051 -0.0087361 -0.0186073 -0.00392442 0.00708661 -0.000452131 -0.000207903 -0.00139675 -0.00241607 0.00210833 9.88071e-05 -0.000509184 -0.000512075 -0.000922877 0.000675119 0.0103464 -0.00335967 -0.00657905 -0.0015681 -0.00520887 0.00762112 -0.00131945 0.000179 -0.00675652 -0.00332051 0.0060338 0.00677044 -0.00465067 0.00255541 -0.0023267 0.000873458 -0.00285963 -0.0076597 -0.00408149 -0.00242248 -0.00803742 -0.0035798 -0.00445352 0.00260461 -0.00404297 -0.000524142 -0.00127288 -0.00378717 -0.000817156 0.000282886 -0.00515882 -0.00511084 -0.00105406 -0.00104103 -0.000644679 -0.00159029 0.00163069 -0.00102646 -0.000888696 -0.00518077 0.00300282 -0.000706551 -0.00979979 -0.00411102 0.000106687 0.00309382 -0.00393902 0.00113147 -0.000479367 0.000701991 -0.0021482 
0.0022294 0.000382926 0.00115498 0.00291864 -0.00176926 -0.000624384 0.000298682 0.0754738 -0.0023622 -0.00126791 -0.00472007 -0.0132471 -0.00182062 -0.00757893 -0.00459183 0.012106 0.000218277 -0.00946723 0.000326679 -0.0154702 -0.00739987 0.00192649 -0.0166362 0.0115349 0.00549712 0.000156017 0.00820518 -0.0145664 0.0104192 -0.00082256 -0.00221375 -0.00714992 -0.00442646 -0.000314123 0.000522704 0.0018535 0.00219366 8.68519e-05 -0.00244606 0.00246797 0.00081819 -0.00104332 0.0011687 0.00197173 0.00227502 -0.000213226 -0.00399603 -0.000898186 -0.000515807 0.00101787 -0.00207529 0.00284947 0.000499195 -0.000580875 -0.0035047 0.00592363 0.00134342 -0.00383295 -0.00247165 -0.00652711 -0.000849561 -0.00256352 0.0023107 -0.000819772 0.00123934 0.00334657 0.00151244 7.69265e-05 0.00338927 0.000862921 -0.0021104 0.000577009 -0.00137552 -0.00156908 0.000168546 -0.00727437 -0.00143094 -0.000889108 -0.00138561 -0.00225281 0.00253748 -0.00017893 0.0012666 0.000678077 -0.000201024 0.000733089 0.000719257 0.00013073 -0.00117558 -0.0014246 0.00146085 -0.000136106 -0.000123305 0.00014617 -0.000821518 -0.00482445 -0.00130134 -0.000212983 -0.000405788 -0.00111561 
-0.000239103 -0.0031804 0.000330918 -0.00156048 0.000681669 -0.0011224 -0.00613958 -0.0023622 0.0791307 -0.00306335 0.00348088 0.00573576 -0.0037552 -0.00600278 -0.00662101 -0.00401422 0.00732834 0.000896611 -0.0123351 -0.0149474 -0.00135735 -0.00835344 0.00889226 0.00417655 0.01023 -0.0049448 -0.0126436 0.000547707 0.00137582 0.00144512 -0.000918081 -0.00653258 -0.00161813 -0.00374083 -0.0053904 0.000656698 -0.00124917 0.000260538 -9.60349e-05 -0.00221689 -0.000881657 -0.00224998 0.00190605 -0.00017389 -0.000639617 -0.000481201 -7.60091e-05 -0.000177497 -0.000245998 0.00273023 0.00184052 -0.00326602 -0.00131008 0.00113875 0.00850757 -0.00439075 0.000442227 -0.000243712 0.00237985 -0.00276962 -0.00196126 -0.00245168 -0.000565658 -0.00248327 -0.00139219 0.00126211 0.00216384 -0.00158653 -0.00104726 0.00240387 -0.00126721 -0.00212175 0.00082216 -0.000103726 0.000176777 0.00184556 0.00247464 -0.00311036 -0.0013335 -0.0016006 0.00167188 0.00100973 -0.000696882 -0.000750627 -0.00130447 -0.000218697 0.00113793 -0.00309748 -0.00346394 -0.00235229 -0.000104183 -0.00063345 0.000345978 0.00100215 -0.00106699 0.0107276 -0.00105228 -0.00217749 -0.000858748 -0.00104588 
0.00344441 0.00746268 -0.000725776 -0.00086796 -0.00356139 -0.00417626 0.0046377 -0.00126791 -0.00306335 0.126741 -0.00668407 -0.0059207 0.00311619 0.0112352 0.012149 0.0095217 -0.00765746 0.00739336 0.0201539 0.00399856 -0.0101327 -0.0101456 -0.0128403 -0.0125624 -0.0193038 0.00850837 -0.0157667 -0.00824464 -0.00868519 -0.0121871 -0.00308436 0.0016053 -0.00616857 -0.00220247 -0.0124994 -0.00384703 -0.0137025 -0.00185545 0.00287865 0.00144531 -0.00295298 -0.00187808 -0.00228736 -0.00150397 0.00373957 0.000312006 0.0023152 -5.41932e-05 -0.00136507 -0.00537406 -0.00361961 0.00731998 -0.00128897 -0.0031277 -0.00175723 -0.00535693 -0.00340395 0.000665221 -0.00882038 0.00517894 -0.00392907 -0.00013804 -0.00111246 -0.00397661 0.00262326 -0.00365328 -0.000334353 -0.00489154 -0.00273597 -0.000676818 -0.00295799 0.00448152 0.000436794 0.0012099 0.000291594 0.00154727 -0.00174089 0.00393691 0.00242715 -0.00300767 -0.00646813 -0.00132316 -0.000726987 0.00234233 0.00362849 -0.000574026 -0.000805678 0.00112805 -0.00137728 0.0039019 0.00106501 0.00180487 0.00287738 -0.00187371 -0.00318744 -0.00494574 0.00635946 -0.000989997 0.000354887 -0.002869 
-0.000976776 0.00224743 -0.000514526 0.00175621 -0.000821875 0.000553444 -0.0021692 -0.00472007 0.00348088 -0.00668407 0.18693 -0.00153454 -0.0042523 0.0206942 0.000963866 4.72575e-05 -0.0130156 -0.00985459 -0.0178356 0.00788384 0.00395544 -0.00722194 0.00438964 0.0128978 0.0105982 -0.00959369 -0.0419449 0.011929 0.00510346 0.00561859 0.00273093 -0.0114182 0.00654181 -0.00978167 -0.0110694 0.00962827 -0.00496062 -0.00258988 -0.00620453 -0.0046431 -0.00182031 -0.00379515 -0.00118343 0.0014346 -0.00317069 0.00236606 0.000983774 0.001507 0.000262562 0.00811471 0.000928891 -0.00692927 -0.00124107 -0.00818159 -0.0238993 -0.0188895 -0.00597448 -0.00595701 0.00485836 -0.00618676 -0.00224828 -0.0076421 0.000853238 -0.00497128 -0.000949154 0.00297129 -0.00163929 -0.00104877 -0.0055027 -0.00470211 -0.00401796 -0.00265891 0.00387275 -0.00609917 -0.00191695 -0.0066257 0.00383386 -0.00636193 0.00574253 -0.00426205 -0.0067882 0.000236815 -0.00265876 -0.00310852 0.0027094 0.00052841 0.000268619 0.00443396 0.00244754 -0.000151407 0.00205627 -0.000735195 -0.00162394 -0.000987721 -0.000740235 -0.00127714 -0.00201685 -0.00488631 -0.00338386 -0.000320448 
-0.0054687 -0.00123634 -0.00303342 -0.000647019 0.0139855 -0.00496332 0.00741891 -0.0132471 0.00573576 -0.0059207 -0.00153454 0.211753 -0.00485613 -0.0169899 -0.0167513 0.0145289 0.0155515 0.0185379 -0.0321711 0.0232986 0.0227717 -0.0313121 0.0255747 -0.0272219 0.0139685 -0.00585028 -0.0370864 0.0326923 -0.0257002 -0.00214832 -0.00266563 0.013408 0.0101123 -0.0144243 -0.020244 0.000930704 -0.00727066 -0.00465299 -0.0138578 -0.00893357 -0.00313883 -0.000518525 -0.00240897 -0.000413335 -0.00106489 0.0028932 -0.000297181 -0.0016924 -0.00776654 0.0017015 -0.00245187 -0.00776208 -0.00333515 0.000749839 0.00222127 0.00761893 -0.00475642 0.00265229 -0.0122961 -0.00977896 -0.00916943 0.00113623 -0.00107863 0.000224815 -0.010454 -0.000357275 0.00444778 0.0232544 -0.0033446 -0.00296423 -0.0111735 -0.00549712 -0.009932 -0.00692134 -0.00245437 0.00858723 -0.00263199 -0.00951388 -0.0053243 0.000309264 -0.00950013 0.00335095 -0.00319191 -0.0010627 0.00216767 -0.00220933 0.000121039 -0.00972411 -0.0138902 0.00413316 -0.00214628 -0.00950684 -0.00319731 0.001593 0.00290807 0.0033195 0.000231934 -0.0042472 0.00292907 -0.0014581 
-0.00622867 -0.0148589 0.000105194 -0.00196703 -3.75708e-05 -0.00776858 0.017972 -0.00182062 -0.0037552 0.00311619 -0.0042523 -0.00485613 0.223847 0.0156556 0.0237411 0.00968209 -0.0392543 0.0240712 0.011125 -0.0246653 0.037265 -0.00862205 0.00227045 -0.0176902 0.002662 -0.0216113 -0.0189357 0.00136573 -0.00445036 0.00768028 -0.00331594 -0.0192154 -0.0243558 -0.0102846 -0.0223152 -0.0111786 0.00652427 -0.00377398 -0.0012439 0.0012583 0.000894019 -0.000414167 -0.00243006 0.000909165 4.45267e-05 0.00573068 0.00807364 0.00127301 -0.00157452 -0.00101528 -0.0036851 -0.00418193 0.000588331 -0.0066989 -0.00616347 -0.0023143 -0.00288807 -0.0111321 -0.00784247 0.0165361 0.00299271 0.00123456 -0.00103561 -0.0045608 -0.00492726 -0.0119454 0.00332385 0.0019303 -0.00385589 -0.00397549 -0.00093624 0.00730276 -0.0115929 -0.00347219 0.000732591 0.00299233 -0.00628587 -0.00869708 -0.000820133 0.00545668 -0.00499945 0.000876288 -0.00204457 0.000685814 -0.00515414 -0.000786218 -0.00227459 -0.0122396 0.00350361 -0.00756953 -0.00187924 -0.00349683 0.000262486 -0.00724627 0.00089835 -0.0096784 -0.0054131 -0.0012516 0.00122783 -0.00287457 
-0.000843688 -0.0268819 -0.00163846 -0.00488906 -0.00377409 -0.00812299 0.000514011 -0.00757893 -0.00600278 0.0112352 0.0206942 -0.0169899 0.0156556 0.247835 -0.0078444 -0.0280814 -0.0215743 0.0223272 0.0337345 0.0402425 -0.00534896 -0.00998728 0.0182643 -0.00915756 -0.0224995 -0.00675068 -0.0062687 0.0061251 -0.0194185 -0.0202054 -0.00389747 -0.00585629 -0.0112508 -0.0121814 -0.0181997 -0.00224139 -0.0225443 -0.00588575 -0.00162296 3.55774e-05 -0.000770054 0.00287585 -0.00566514 -0.00551148 -0.00391352 0.00787495 0.000977233 -0.00179223 0.00481934 -0.0341097 -0.00110505 -0.00713285 0.00210699 -0.00349673 -0.00480273 -0.0248016 -0.006194 0.00116415 -0.00479008 0.039796 -0.00335522 -0.0103287 -0.00671924 -0.00249368 0.00157076 -0.00489999 -0.00911637 -0.013125 -0.000931938 0.00448457 -0.0145652 0.000933267 -0.00836489 0.00418826 -0.00100538 0.00563662 -0.0128906 0.0273422 6.99872e-05 0.0170938 -0.00871674 -0.0031156 -0.00072116 -0.00252728 -0.00334726 -0.000680078 -0.00434983 0.0104447 0.010786 -0.0050767 -0.000531853 0.00959711 -0.00189561 0.00141448 -0.00834267 -0.00947019 0.00284694 -0.00951888 -0.00199388 -0.00297887 
0.00135459 0.0096423 -1.59556e-05 -0.000439795 -0.00192793 -0.00226684 -0.0090216 -0.00459183 -0.00662101 0.012149 0.000963866 -0.0167513 0.0237411 -0.0078444 0.24778 -0.00863394 -0.02396 -0.014029 0.0137629 -4.32818e-07 -0.00887581 0.014402 -0.0247266 -0.0235669 -0.00421847 -0.0265099 -0.0208146 -0.0370619 -0.00599448 0.00727451 0.00255344 -0.01455 0.00964944 0.00430026 -0.00781719 -0.00309143 0.0187701 -0.00360331 0.00287374 0.0064576 0.00260504 0.00434591 -0.00138557 -0.00188613 -0.00423444 -0.00559095 0.00362944 -0.00377096 -0.00337434 -0.00683154 -0.00347997 0.00566762 -0.00347386 -0.00845465 -0.0251194 0.000265781 -0.00850213 -0.00881014 -0.00103409 -0.00288145 0.00731483 0.00320108 -0.0035931 0.00398014 -0.00424052 -0.0065907 0.00760948 0.00364647 -0.00886927 0.000235295 -0.00685787 0.00259485 0.00841381 -0.00138015 -0.00196793 0.00281339 -0.00238712 -0.0028024 -0.00469257 -0.00590988 -0.0018852 -0.00344401 -0.00137865 0.00353401 -0.000440217 -0.0018526 -0.00199258 -0.00478468 -0.00232826 -0.00827987 6.72711e-05 0.0149097 8.35866e-06 -0.00188637 0.00748243 -0.0146816 -0.00546451 0.0015311 0.000200563 0.00374263 
0.00108881 0.0119538 -0.000395132 -0.00589681 -2.80183e-05 -0.00409299 0.0137462 0.012106 -0.00401422 0.0095217 4.72575e-05 0.0145289 0.00968209 -0.0280814 -0.00863394 0.242049 -0.0146075 -0.00973083 -0.0242694 0.0135973 0.0223004 -0.0216926 -0.0207093 0.00152504 -0.00703009 -6.11788e-05 -0.00803299 -0.0115864 0.0124836 -0.00112569 -0.00969679 -0.0117902 0.00389245 -0.0164523 0.0026898 0.00307372 0.015785 -0.00499804 -0.0185998 -0.00354707 -0.00351566 -0.00187788 -0.00118343 0.00808046 0.00164426 -0.0010225 -0.0160587 -0.00142113 -0.00489072 0.0340923 -0.0104925 0.0086001 -0.003552 -0.0115981 -0.00737068 0.00469281 0.00808896 -0.00274779 -0.0128697 -0.00536161 0.00630047 -0.00666338 0.00154456 -0.00688514 0.00811431 -0.00359727 -0.00375393 0.0219628 0.000581383 -0.00579129 0.00321337 -0.00504973 -0.00314142 -0.0141598 -0.00330334 -0.0180191 -0.00801448 -0.0090958 -0.0032767 -0.0169676 0.00519886 -0.00292297 -0.00238392 0.00169898 0.00137803 -0.000763785 -0.00246393 -0.00520603 -0.00965553 0.000213787 -0.0020589 -0.00391434 -0.00386468 -0.0103191 -0.00558075 -0.0204287 0.00105344 -0.00551699 0.00149477 -0.00619128 
-0.00354216 -0.0224623 -0.00630056 -0.00276835 -0.00437123 -0.0126652 -0.00765978 0.000218277 0.00732834 -0.00765746 -0.0130156 0.0155515 -0.0392543 -0.0215743 -0.02396 -0.0146075 0.249525 -0.0195155 -0.0241834 0.0127708 -0.013 -0.0363787 0.0204125 0.00675274 0.00861779 0.0149113 0.024411 0.0250755 0.00645149 0.00861406 0.00219902 0.0123976 -0.00691119 -0.00117346 -0.0135572 -0.0150927 -0.00784403 0.0026986 0.00368 -0.000388116 -0.00731501 -0.00402114 -0.000660083 -0.00213752 -0.000273653 -0.00350096 -0.00707274 -0.00316948 0.000873592 -0.000168528 -0.00343843 -0.0161605 -0.000942623 0.00874636 0.0091668 -0.00465104 0.00211995 0.003923 0.00977284 -0.0380561 -0.00599877 -0.00219709 -0.00601481 -0.0022064 -0.00409598 0.0110314 -0.000950568 -0.00779372 -0.00582105 -0.00693308 -0.0104399 -0.0131586 0.018399 0.00275564 -0.000623407 0.0115098 -0.00755101 0.011728 -0.00427456 -0.00880216 -0.00731688 -0.00187546 0.000626431 -0.00555816 0.00158491 0.00162761 -0.00328932 0.00675332 -0.0128503 0.000214529 -0.00358071 0.00697736 0.000711915 0.00176617 -0.00930496 0.0138111 -0.00215261 -0.00492056 -0.000673171 0.00211896 
-0.000980734 -0.0195263 -0.00106455 -0.00208942 0.00465185 -0.010233 -0.00659544 -0.00946723 0.000896611 0.00739336 -0.00985459 0.0185379 0.0240712 0.0223272 -0.014029 -0.00973083 -0.0195155 0.229273 -0.0251411 0.0154616 -0.00221645 -0.0285768 0.024493 -0.0225616 0.00168295 -0.0280392 -0.0130941 0.0136906 -0.0214095 -0.0119313 -0.00428204 0.00113119 -0.00742251 0.00584083 0.00841798 -0.00578106 -0.00573576 0.000266726 -0.000990209 -0.00167019 0.000212604 -0.000334016 0.00134063 -0.000732641 -0.00345877 0.00229723 -0.00179543 -0.00125395 -0.000116133 -0.0027086 0.00215661 0.00349178 -0.00159937 -0.0065474 -0.00161657 -0.0123811 -0.00266846 -0.00463485 -0.0125113 0.0127976 -0.00473369 -0.000688103 0.000336712 0.00482333 -0.000120632 -0.00908618 0.00136272 -0.0179861 -0.00427983 0.00934361 -0.00212308 -0.00277587 -0.0091274 0.00556538 -0.000546769 0.0133122 -0.000339977 -0.00643125 -0.00136055 -0.00150335 0.000105166 0.00218794 -0.00150242 -0.00156662 -0.00633031 -0.00130362 0.00183058 -0.016471 -0.000794983 -0.00903429 0.00097977 -0.0132196 0.00414008 0.00472911 -0.00307912 0.00945026 0.00605568 -0.0107728 0.00199095 -0.00717142 
0.00284174 0.00226883 -0.00342879 -0.0011597 -3.8247e-05 0.00511632 -0.0156075 0.000326679 -0.0123351 0.0201539 -0.0178356 -0.0321711 0.011125 0.0337345 0.0137629 -0.0242694 -0.0241834 -0.0251411 0.236555 -0.0071855 -0.0300579 0.0159429 -0.0482034 -0.00873545 -0.0283374 0.0207073 0.0334778 -0.0436829 -0.00835185 -0.00521249 -0.00198344 0.00846842 -0.0220127 -0.00402824 -0.0152905 -0.00053605 0.0063699 -0.000652276 0.00606143 0.00640398 -0.00340175 -0.00288181 -0.00122262 -0.00789267 0.00200239 -0.000618619 -0.00707395 0.000640342 -0.00232574 -0.00643606 -0.000405227 0.00228197 0.000291544 0.00819264 -0.0206335 -0.00151084 -0.00619949 0.00468745 0.00162299 0.00624156 -0.00108913 0.00289613 -0.00299893 -0.00657951 -0.00107185 -0.0109132 -0.0128414 0.000105784 0.00135202 0.00205269 0.00053157 0.00517192 -0.0106625 0.00203843 0.000986476 0.0135064 -0.00211819 0.020513 -0.00332331 0.00459007 -0.0112522 -0.00163958 -0.000795534 0.00186322 -0.00270679 -0.00024902 -0.00204427 0.00358107 0.00870508 0.00642389 0.00189552 0.0207221 -0.00233722 -0.00137937 -0.00744662 -0.0276373 0.00412113 0.00350646 -0.00233431 -0.00137734 
0.000764013 -0.0143279 -0.0016463 -0.00204871 0.00588528 -0.00776736 -0.00490584 -0.0154702 -0.0149474 0.00399856 0.00788384 0.0232986 -0.0246653 0.0402425 -4.32818e-07 0.0135973 0.0127708 0.0154616 -0.0071855 0.249993 0.00454032 -0.0208978 0.0540378 -0.0424118 -0.0506896 -0.00310996 -0.0190507 0.0150371 -0.0362575 -0.0236218 -0.00579274 0.0168373 0.0176836 -0.000789188 -0.00311582 -0.00147137 -0.00508732 -0.00567755 -0.000619558 -0.00643645 -0.00173274 2.32045e-05 -0.00654355 -0.00323473 0.00324463 0.00100021 -0.00685234 -0.00423561 0.000188163 0.000807279 -0.00739607 -0.000226966 0.00145578 -0.00213948 -0.003913 -0.0100668 -0.0027475 0.000580199 0.000926452 0.0143025 0.00102642 -0.00801546 -0.00517329 -0.00251538 -0.00625018 -0.00267746 -0.00293543 -0.000735496 -0.000356034 -0.0111668 -0.020294 -0.00424122 0.00993044 0.00622281 -0.00269238 0.00966128 -0.0190636 0.00367142 -0.00754832 -0.000115867 -0.0114272 -0.00485058 -0.000267636 -0.00278017 0.00435411 -0.00268515 -0.00630932 -0.00451516 0.00207905 -0.00439109 -0.00159189 -0.00281176 -0.00379308 -0.00394767 -0.00967112 -0.0136524 -0.000534821 -0.0116846 0.00315104 0.00112047 
-0.010053 -0.0047736 -0.00218738 -0.00665715 0.00416053 0.0126326 0.0192873 -0.00739987 -0.00135735 -0.0101327 0.00395544 0.0227717 0.037265 -0.00534896 -0.00887581 0.0223004 -0.013 -0.00221645 -0.0300579 0.00454032 0.247642 -0.0102106 0.0484017 -0.0327156 0.00151966 -0.0363108 -0.0150713 0.0013206 -0.0228484 0.00373961 -0.00157354 -0.00765342 0.0212499 -0.0140611 -0.00998167 -0.00571727 0.0047108 -0.00728297 -0.0182324 -0.00689391 0.00169551 -0.00322142 -0.00261209 0.00172671 0.00119144 0.00135161 -0.00354526 -0.00199365 -0.0032842 0.0053745 -0.0107216 -0.0161488 0.00131008 -0.00980319 0.0193077 -0.0138358 -0.00209544 0.00128057 -0.00849678 0.0245319 0.00258219 -0.00917465 -0.000695098 -0.00606349 -0.00611361 -0.00726736 -0.000967342 0.00724303 0.00049659 0.00896862 -0.00276119 -0.00805555 -0.0115423 -0.00795705 -0.00136414 -0.00523715 -0.00536722 -0.0143194 -0.0021328 0.00130297 0.0035779 -0.000467833 -0.00145128 -0.00420215 -0.00570366 0.000740521 -0.00301869 -0.0132329 0.00127827 -0.0023694 -0.00431521 -0.020725 -0.00508388 -0.00181314 -0.000259218 -0.00432764 -0.00802443 -0.00995803 0.00142665 -0.000542283 
0.000816137 0.0211406 0.00273586 0.00334571 -0.00310662 0.00599561 -0.0127875 0.00192649 -0.00835344 -0.0101456 -0.00722194 -0.0313121 -0.00862205 -0.00998728 0.014402 -0.0216926 -0.0363787 -0.0285768 0.0159429 -0.0208978 -0.0102106 0.237641 -0.0510495 -0.0076806 -0.0344582 -0.0125154 0.013304 -0.00977531 0.0199772 -0.0156419 -0.000884758 -0.00665991 -0.00664576 0.00334608 0.0084291 0.00596799 0.0248481 -0.0027486 -0.00357436 0.00359654 -0.000324021 -0.00286324 -0.000269664 -0.00212318 -0.00297411 -0.00674972 0.000141098 0.000365663 -0.00250514 -0.0193687 0.000111546 0.0116886 0.00319923 0.0027536 -0.00562619 0.0137683 -0.00619944 0.00513549 -0.00772352 0.0031363 -0.00710423 0.00632123 0.00392734 0.00616635 0.00493603 -0.00395745 -0.00633156 -0.000196737 0.00786111 0.000670631 0.00564982 0.00868594 -0.00763518 0.00845238 -0.000899093 -0.0173926 0.00258705 0.00754069 0.00112475 -0.000539224 -0.0124216 -0.000209484 -0.00117232 -0.000103241 -0.00270829 0.000252386 -0.00209015 0.000755379 0.00610566 -0.0137343 0.00274157 0.011043 -0.00182645 -9.26091e-05 0.00392334 -0.0214519 -0.00122683 0.00846632 -0.0021407 -3.76264e-05 
-0.00339207 -0.0369853 -0.00394262 -0.00569514 -0.00462494 -0.00614037 0.0187835 -0.0166362 0.00889226 -0.0128403 0.00438964 0.0255747 0.00227045 0.0182643 -0.0247266 -0.0207093 0.0204125 0.024493 -0.0482034 0.0540378 0.0484017 -0.0510495 0.249426 -0.0120007 0.0183248 -0.0356078 -0.0115368 0.0313036 -0.0146495 0.00266199 -0.00678982 -0.00342498 0.0126345 0.00296022 0.00693499 -0.00952274 -0.04221 0.00191512 0.00022769 -0.0114553 0.0045958 -0.00373329 -0.00334206 0.00486452 -0.00316096 0.00225317 -0.00321729 -0.00346375 0.00327576 -0.00077258 0.000625127 -0.0176561 -0.00195329 -0.00763195 0.0310147 -0.0406105 -0.00451478 -0.0156811 -0.00361632 0.0076773 -0.00832456 -0.0097693 -0.00435766 -0.0007976 -0.00785757 -0.00705977 -0.00263975 -0.0146611 -0.00318058 0.00657268 -0.0149075 -0.0105317 0.0169912 0.000604803 0.000590671 0.0240379 -0.0132868 -0.00814492 -0.00892049 -0.00147342 0.0110206 0.00060772 0.000587082 -0.00643634 -0.00275788 -0.000473337 -0.000803536 -0.00522479 -0.00845293 -0.00284609 -0.00435812 -0.0202558 -0.0019263 -0.00193929 -0.00906925 0.0255203 -0.00032234 -0.0189393 -0.00106938 -0.000463981 
0.000783077 0.00793764 -0.000375566 0.000839916 -0.00457122 0.00189643 -0.0156437 0.0115349 0.00417655 -0.0125624 0.0128978 -0.0272219 -0.0176902 -0.00915756 -0.0235669 0.00152504 0.00675274 -0.0225616 -0.00873545 -0.0424118 -0.0327156 -0.0076806 -0.0120007 0.190427 0.0303166 0.0293163 0.0141794 -0.0107437 0.00232978 0.0127998 -0.0012664 -0.00576533 -0.0203219 -0.00812658 0.00307148 0.00183003 -0.0135976 0.00605575 -0.00410935 -0.0021159 0.00657774 -0.00402151 -0.00037585 -7.75151e-05 -0.00382938 -0.00320304 -0.00104228 0.000826054 0.00141423 -0.0143098 0.00359072 -0.00052517 -0.00113929 -0.00131825 -0.00944792 0.0152405 0.00337831 -0.0052498 0.0230812 -0.0161801 -0.00924296 -0.00667857 0.00114503 -0.00320885 0.00329223 0.00544925 0.000185992 -0.0125905 -0.00125232 -0.00139005 0.00503687 0.004684 -0.00616248 -0.00676678 0.000758584 -0.0148736 0.00597649 0.00242724 0.00238326 -0.0117093 0.00700079 -0.00022758 0.00143087 -0.002159 -0.00099663 0.000699967 0.00392969 0.00281032 -0.0035181 0.00282128 -4.40965e-05 -0.00879718 0.000833128 -0.00325029 0.00769593 0.00605255 -8.06732e-05 0.00568435 -0.00302679 -0.0034388 
-0.00456678 -0.000627402 0.000343417 -0.00377253 -0.00592909 -0.00132924 -0.00169235 0.00549712 0.01023 -0.0193038 0.0105982 0.0139685 0.002662 -0.0224995 -0.00421847 -0.00703009 0.00861779 0.00168295 -0.0283374 -0.0506896 0.00151966 -0.0344582 0.0183248 0.0303166 0.213447 -0.0072304 -0.0173944 -0.00508748 0.00822696 0.0109367 0.000288749 -0.0104818 -0.00950409 -0.00549178 0.00313098 -0.00268497 0.00504416 2.0509e-05 -0.00244828 -0.00612508 0.00334787 0.00498974 0.00138295 0.000538791 -0.00770689 0.0012896 0.00750894 -1.36311e-06 -0.00774811 -0.00940105 0.00248109 -0.0138011 -0.00138244 -0.0100561 0.00211252 -0.0086239 -0.00344927 -0.0072051 -0.00450671 -0.0234792 -0.00365501 0.000464793 -0.00181365 -0.00373249 -0.00326904 0.0041761 0.00473928 -0.00358401 -0.00322162 0.00118138 -0.00192241 -0.00545629 -0.00977162 -0.00698392 -0.000342234 -0.000437155 0.0144981 -0.012454 -0.00239236 -0.00735209 0.016694 0.00595664 -0.00216199 -0.00181205 -0.00529365 -0.00120118 0.00475907 -0.00931771 -0.00651214 0.00142742 -0.00309661 -0.00712786 0.00248203 0.00139919 0.00315404 0.0288627 -0.000427492 0.000554767 -0.00389382 -0.00336049 
0.00163251 0.0069511 -0.00242027 -0.000997468 0.00430356 -0.00309506 -0.0147366 0.000156017 -0.0049448 0.00850837 -0.00959369 -0.00585028 -0.0216113 -0.00675068 -0.0265099 -6.11788e-05 0.0149113 -0.0280392 0.0207073 -0.00310996 -0.0363108 -0.0125154 -0.0356078 0.0293163 -0.0072304 0.166898 0.0156655 -0.0081287 -0.00738891 -0.00496956 0.000825118 0.0103746 -0.0129915 0.000694491 -0.00978351 -0.00331 0.00464798 0.00052179 0.00116534 -0.00175372 -0.00378061 0.000367 0.0016417 -0.000887933 0.00470029 -0.00116433 -0.00152992 0.00184893 0.00232738 0.00301008 -0.00193922 -0.00182864 -0.000310329 0.015229 -0.0120565 0.0104807 -0.00150425 0.0134857 -0.00424145 -0.0130795 -0.00200044 0.00879987 -1.53684e-06 -0.00216022 0.00104857 -8.00922e-05 0.000983146 0.00315073 -0.00410793 -0.0112968 0.00544514 0.000457949 -0.00617533 -0.00165704 -0.000763599 -0.0119005 -0.00150319 -0.00668308 -0.001018 -0.00528474 -0.0111139 -0.0020385 0.00205301 0.00288272 0.000776351 0.000778355 0.00106642 0.00480768 -0.000527915 0.00993267 -0.00132673 0.000235281 -0.00058848 -0.00104935 -0.00339265 0.000609747 -0.000259625 0.00549529 -0.00248914 -0.00144117 
-0.00156082 0.000933069 -0.00517704 -0.00121402 -0.00295242 -0.00157902 -0.011745 0.00820518 -0.0126436 -0.0157667 -0.0419449 -0.0370864 -0.0189357 -0.0062687 -0.0208146 -0.00803299 0.024411 -0.0130941 0.0334778 -0.0190507 -0.0150713 0.013304 -0.0115368 0.0141794 -0.0173944 0.0156655 0.246863 -0.0398229 0.0115893 0.000727311 0.00155827 0.0152792 0.00286218 -0.00765936 -0.00397148 -0.0140633 -0.00279606 4.82603e-05 -0.0043724 0.00969099 0.00142068 0.00569785 -0.000163652 -0.00644278 0.00010131 0.000715078 -0.00846199 -0.00348026 0.00463385 -0.0075212 -0.00418279 0.00558192 0.00184742 0.00227932 0.0160922 0.00570353 0.000582126 0.000818709 -0.00138893 -0.0100126 0.00750368 -0.00454704 -0.00454924 0.00257419 0.00121909 -0.00215015 -0.00411535 -0.00676183 0.0110203 0.00509875 -0.00323098 0.00483338 -0.00618099 -0.00155629 -0.00145152 -0.0121115 -0.0113287 0.00657889 -0.0016208 -0.00159365 -0.0058004 -0.00263241 0.00157633 -0.00193103 -0.00526685 -0.00163679 0.000215694 -0.00840602 0.00189441 -0.00510739 -0.00266271 -0.00361931 0.00127329 -0.00197856 -0.00550464 -0.00162804 -0.00135035 0.00178312 0.000240395 -0.00514839 
-0.00244903 -0.0104451 0.000512776 0.00182984 -0.00399509 -0.0127283 0.00904503 -0.0145664 0.000547707 -0.00824464 0.011929 0.0326923 0.00136573 0.0061251 -0.0370619 -0.0115864 0.0250755 0.0136906 -0.0436829 0.0150371 0.0013206 -0.00977531 0.0313036 -0.0107437 -0.00508748 -0.0081287 -0.0398229 0.249119 -0.00400836 0.00651285 -0.00983331 0.0101644 -0.0201991 0.00431592 -0.00869896 -0.00773281 -0.0187587 0.00137951 0.001703 -0.0115245 -0.00355473 -0.00899328 -0.00296111 -0.00211206 -0.0022575 -0.00496867 0.00572381 0.00261924 -0.000482683 -0.00682856 -0.000936674 -0.0118161 -0.00199363 0.000682948 0.0106555 -0.0022557 -0.00549336 -0.00881986 0.000737567 -0.011839 -0.00383895 -0.00727734 0.000287904 -0.00192782 -0.0102882 0.000873644 -0.00636435 -0.0125473 -0.00246015 -0.00404928 0.0095197 -0.00539313 0.00943185 0.00541789 0.000708449 0.0114831 -1.05965e-05 -0.00305217 0.00320915 0.00608287 -0.00524451 -0.000788993 -0.00339833 -0.00613987 0.00301205 -0.00365204 -0.00261411 -0.0110726 -0.00419492 0.00379473 -0.00387758 -0.0126849 -0.00328531 -0.0044993 -0.000903524 0.00747188 0.000587275 -0.00681496 -0.0031308 -0.00207211 
-0.00632407 -0.00822513 0.00482815 -0.00250287 -0.010982 0.00658807 -0.00891324 0.0104192 0.00137582 -0.00868519 0.00510346 -0.0257002 -0.00445036 -0.0194185 -0.00599448 0.0124836 0.00645149 -0.0214095 -0.00835185 -0.0362575 -0.0228484 0.0199772 -0.0146495 0.00232978 0.00822696 -0.00738891 0.0115893 -0.00400836 0.244945 -0.00904754 -0.00442022 -0.0419797 -0.00623719 0.00371869 0.021176 -0.00417206 0.00724738 -0.0033959 0.00846807 -0.00424192 -0.000405191 -0.0128453 0.00564335 -0.00198206 -0.00861444 -0.005797 0.0139558 0.0015226 0.00315861 -0.00384671 0.000839861 0.000549715 -0.000820974 -0.00703125 -0.00329654 -0.0259836 0.000952823 -0.0168578 0.000264026 -0.0255991 0.00322123 0.00211722 -0.00239183 -0.000272662 -0.00208978 0.0052856 -0.00566444 -0.00775811 0.0100061 -0.00975248 0.00822372 -0.00602163 0.0065684 0.00121063 -0.000307702 0.00556679 0.00720313 0.0149579 0.0025401 -0.000626555 0.00150331 -0.0021124 -0.00175474 -0.000318193 0.00074983 -0.000620599 0.000853513 0.0113683 -0.0035903 -0.00301481 -5.01493e-05 0.00745255 -0.00152991 -0.0110635 -0.00836649 -0.000918938 -0.00326571 -0.00789275 -0.00534007 -0.00323472 
-0.00408824 -0.0023185 -0.000404935 4.07338e-06 -0.00387661 -0.0032769 -0.00580204 -0.00082256 0.00144512 -0.0121871 0.00561859 -0.00214832 0.00768028 -0.0202054 0.00727451 -0.00112569 0.00861406 -0.0119313 -0.00521249 -0.0236218 0.00373961 -0.0156419 0.00266199 0.0127998 0.0109367 -0.00496956 0.000727311 0.00651285 -0.00904754 0.135592 -0.000985087 -0.00612661 -0.00559635 -0.00805791 -0.00976768 -0.00279056 -0.00948243 -0.000622673 -0.00721763 0.00275036 0.00136886 0.000520723 -0.000477367 -0.001286 -0.00206374 -0.000210947 -0.00140953 0.0006628 -0.00155059 -0.00842278 -0.00226035 0.00123718 -0.000211973 -0.00134748 -0.00808467 0.000596276 -0.000212911 -5.15694e-05 0.00652696 -0.0100371 -0.000710513 -0.000259651 0.00172041 2.9316e-05 0.00116427 0.00787275 0.00176218 0.0133488 -0.00487231 -0.00406785 0.00468853 0.000962112 0.0054359 -0.00255631 0.000460358 -0.00416116 0.000102451 -0.00463217 -0.00139925 -0.00612597 -0.00229456 0.00170052 0.000318111 -0.000280298 -7.36332e-05 0.00150104 -0.00067603 -0.00891527 0.00164082 0.000183798 -0.000850009 -0.0113327 -0.00147778 0.00427942 0.00225636 0.00393754 -0.00137282 0.000932497 -0.000520441 -3.36793e-05 
-0.000708893 0.000173069 0.000151169 -0.00073991 -0.000344636 -0.00167405 -0.00374305 -0.00221375 -0.000918081 -0.00308436 0.00273093 -0.00266563 -0.00331594 -0.00389747 0.00255344 -0.00969679 0.00219902 -0.00428204 -0.00198344 -0.00579274 -0.00157354 -0.000884758 -0.00678982 -0.0012664 0.000288749 0.000825118 0.00155827 -0.00983331 -0.00442022 -0.000985087 0.0552843 0.00165643 -0.00459031 -2.14066e-05 -0.000409844 -0.000876017 0.00558996 0.00042104 0.000392972 0.0017366 -0.000451137 -9.38225e-05 -0.000508279 4.59649e-05 0.0010994 0.000353831 0.000990726 0.000133448 -0.000492398 -0.00111299 0.000186588 -0.000573945 0.000283802 -0.00135922 -0.00361819 -0.00114024 0.000330708 -0.0017105 0.000688753 -0.00194379 -0.000818333 0.0024253 -0.000556767 0.00103601 -0.00164477 -0.00124775 -0.00074356 0.000726823 -0.00190138 -0.000213344 0.00231884 0.00138602 -0.00222203 -0.000935935 2.34154e-05 -0.000740091 0.00205041 -0.000654256 0.000203948 -0.000947955 -0.000641026 -0.000146926 0.000204818 -0.000367007 -0.00136541 0.000149137 0.00168608 -0.0010382 0.000750543 0.00200838 0.000266649 -0.00218304 0.00206019 0.00178451 0.00144695 0.00161989 0.000278203 0.00341961 -0.000295327 0.00285906 
-0.00150339 0.0142339 -0.00138141 -0.00117151 0.00701157 -0.00438618 -0.00305905 -0.00714992 -0.00653258 0.0016053 -0.0114182 0.013408 -0.0192154 -0.00585629 -0.01455 -0.0117902 0.0123976 0.00113119 0.00846842 0.0168373 -0.00765342 -0.00665991 -0.00342498 -0.00576533 -0.0104818 0.0103746 0.0152792 0.0101644 -0.0419797 -0.00612661 0.00165643 0.141474 -0.0094142 -0.00184751 0.000445354 -0.00795574 -0.0145129 0.000828003 -0.00632475 0.00400927 -0.000305069 0.00108313 -0.00112043 -0.00356595 -0.000955417 -0.00154775 -0.00693435 -0.000467159 -0.00356435 -0.0106313 0.0025408 0.00191393 -0.00160845 0.00302106 0.00410884 0.0143493 0.0033285 0.0136285 0.0028669 -0.00249174 -0.00620147 -0.00239138 -0.00095627 -0.00177788 0.000414203 -0.00408351 -0.00134772 -0.0074221 0.000401326 -0.00131174 -0.00479808 0.00082453 -0.0118239 -0.00152752 -0.00135233 -0.00204689 -0.00931968 0.0014674 0.0021093 -0.000252171 -0.00278542 -0.00053469 0.000167942 -0.00247992 0.00306167 -0.000349864 -5.17821e-05 -0.00743158 -0.00309925 -0.00210892 0.00139106 -0.000884787 -0.00127401 -0.000587514 0.000350483 -0.00433505 0.00225299 0.00289642 0.00256121 0.00182445 
-0.00288746 0.00413653 -0.000727693 -0.00150335 0.00332339 0.00771766 0.010959 -0.00442646 -0.00161813 -0.00616857 0.00654181 0.0101123 -0.0243558 -0.0112508 0.00964944 0.00389245 -0.00691119 -0.00742251 -0.0220127 0.0176836 0.0212499 -0.00664576 0.0126345 -0.0203219 -0.00950409 -0.0129915 0.00286218 -0.0201991 -0.00623719 -0.00559635 -0.00459031 -0.0094142 0.160398 -0.00293255 -0.00460591 -0.0033047 -0.0111768 -0.00283922 -0.00657495 -0.00136101 7.3634e-05 0.0056863 -0.000682601 -0.00184515 -0.000696802 0.000442623 -0.00279697 -0.00104852 -0.00280556 0.0114142 -0.00165846 -0.00969138 -0.000400798 -0.00756876 -0.00310321 -0.00798445 -0.000992514 -0.00365459 0.00111857 -0.00318442 0.00248832 0.00249902 0.00426627 -0.000295322 -0.000772663 0.00388871 0.00430154 -0.00256347 0.00285947 -0.00341707 -0.00830366 -0.00587835 -0.00144627 -0.00222048 3.23466e-05 -0.00467378 -0.00252531 -0.00456453 0.00142332 -0.000539109 0.00596858 -0.0011133 -0.00101319 0.00222516 0.00247284 0.000451942 -0.00168994 -0.00187889 -0.00276213 -0.00444008 -0.000952457 0.0024963 -0.00179373 -0.00270951 0.00180813 0.00201722 -0.00426251 -0.00538401 0.00150452 0.000294641 
0.00475818 -0.00923177 0.000317233 0.00179598 -0.00293848 -0.000146358 -0.00110453 -0.000314123 -0.00374083 -0.00220247 -0.00978167 -0.0144243 -0.0102846 -0.0121814 0.00430026 -0.0164523 -0.00117346 0.00584083 -0.00402824 -0.000789188 -0.0140611 0.00334608 0.00296022 -0.00812658 -0.00549178 0.000694491 -0.00765936 0.00431592 0.00371869 -0.00805791 -2.14066e-05 -0.00184751 -0.00293255 0.111211 0.0211113 0.00227264 0.0160593 0.00278155 0.00217769 -0.0024078 -0.00012559 -0.00390136 -0.00129084 -0.00015449 0.00121136 -0.00226839 -0.00172686 0.000497757 -0.00243358 0.00559351 0.00168496 -0.00599991 -0.000281182 0.00222147 0.00416029 -0.00590012 0.00116741 -0.0038447 -0.0106749 -0.00574688 -0.0042841 0.00179401 -0.000682646 -0.000493595 -0.00399333 -0.00474986 0.00301427 -0.00644085 5.09219e-05 -0.00456205 -0.00117757 -0.00215545 0.00637855 0.00601974 -0.000979903 0.00857125 0.00429043 -0.00624485 -0.00259911 0.00682158 0.000750141 -0.000227995 0.000220264 -0.00109668 -0.00244486 -0.000545434 -0.00117356 -0.00175862 0.000743229 -0.000257188 -0.000730687 0.00136902 -0.00114542 -0.00242363 0.000714182 -0.00649028 -0.0012043 -0.00249772 -0.00105566 0.000227976 
