0.120976 0.00168316 0.00224897 0.00169107 0.00214299 0.00184761 -0.000423963 -0.00150628 -0.00165007 -0.00138888 -0.00180213 -0.00196593 -0.00174287 -0.00135365 -0.00133416 -0.00191975 -0.00177045 -0.00129868 -0.00143368 -0.001694 -0.00163442 -0.00216646 -0.00283931 -0.00232769 -0.00169166 -0.00158384 -0.00204396 -0.00170585 -0.00218287 -0.00242429 -0.00159587 -0.0020242 -0.001105 -0.00255605 -0.0023155 -0.00214264 -0.00125697 -0.00164036 -0.00220671 -0.00181827 -0.00110051 -0.00220633 -0.00129602 -0.00154953 -0.0020899 -0.00135277 -0.0017802 -0.00113111 -0.0017191 -0.00196276 -0.00127428 -0.00131764 -0.00161115 -0.00162243 -0.00122051 -0.0017835 -0.00117454 -0.00123966 -0.00172932 -0.00166931 -0.00136226 -0.00167275 -0.00226316 -0.0010785 -0.00127153 -0.000686082 -0.0014894 -0.00149251 -0.00053712 -0.000246062 -0.00185402 -0.00131788 -0.00121541 -0.0010244 -0.00115375 -0.00107772 -0.00120186 -0.00101192 -0.00191988 -0.00145111 -0.00140743 -0.000360329 -0.00111618 -0.00164364 -0.00157934 -0.0010293 -0.0010701 -0.0015816 -0.00198997 -0.000639307 -0.00126562 -0.000862782 -0.00169534 -0.00156642 -0.000996023 -0.000902911 0.00125703 0.00155941 0.00134912 0.00165562 
0.00168316 0.120751 0.00244314 0.00204415 0.00265868 0.00252735 0.00178524 -0.000953241 -0.00120497 -0.0015942 -0.00157234 -0.00126501 -0.002312 -0.00157911 -0.00171307 -0.00176863 -0.00225619 -0.00159186 -0.00210783 -0.00145588 -0.00136845 -0.00183501 -0.00220474 -0.000922984 -0.00253003 -0.00233328 -0.000902601 -0.00155049 -0.00193657 -0.002048 -0.00182631 -0.00201007 -0.00148161 -0.00185823 -0.00205372 -0.00123192 -0.00257155 -0.00190649 -0.000929177 -0.00225182 -0.00213059 -0.00137848 -0.00230954 -0.00169286 -0.00164953 -0.00124696 -0.00132191 -0.00145528 -0.00128593 -0.00126202 -0.00193555 -0.00115596 -0.00174635 -0.001494 -0.00152056 -0.00132765 -0.00158381 -0.00108964 -0.00119927 -0.00146504 -0.00181353 -0.0016413 -0.0012997 -0.000969737 -0.00119007 -0.00151947 -0.00126157 -0.00193657 -0.00155711 -0.000831697 -0.00202192 -0.00233405 -0.00148078 -0.001751 -0.000927662 -0.00163234 -0.00131569 -0.0025058 -0.00113269 -0.00156022 -0.0014789 -0.00136884 -0.00210961 -0.00160391 -0.00129549 -0.0012857 -0.00156266 -0.0011251 -0.00141124 -0.00131426 -0.00130602 -0.00154105 -0.000645133 -0.000363534 -0.00115317 -0.00124096 -0.00165286 0.00234626 0.00262863 0.00165237 
0.00224897 0.00244314 0.123396 0.00241275 0.00351131 0.00214171 0.00215458 0.0023161 -0.00127511 -0.000518675 -0.000631392 -0.0017189 -0.00158101 -0.00240719 -0.00162312 -0.00201791 -0.00336471 -0.00208921 -0.00145206 -0.00214377 -0.000523512 -0.00208746 -0.00211426 -0.00234826 -0.00200556 -0.0024664 -0.000838628 -0.00095552 -0.00160425 -0.00148205 -0.00225293 -0.00132861 -0.00101486 -0.00171689 -0.00238763 -0.00197896 -0.00222496 -0.00162806 -0.00166625 -0.00149969 -0.00120151 -0.00233906 -0.00181416 -0.00179847 -0.00107815 -0.00108287 -0.00140594 -0.00103976 -0.00128467 -0.00107129 -0.00155767 -0.00221409 -0.00217925 -0.00175364 -0.00163397 -0.00144174 -0.00148316 -0.0022409 -0.00233133 -0.00161772 -0.00202649 -0.00151305 -0.00137186 -0.00119455 -0.0015453 -0.00148452 -0.00147645 -0.00116701 -0.0015942 -0.00148302 -0.00108463 -0.00160006 -0.00116422 -0.00113033 -0.001754 -0.00168194 -0.0012217 -0.00177774 -0.00197194 -0.00140528 -0.00204553 -0.00183407 -0.00150085 -0.00159967 -0.00187529 -0.00107815 -0.0021715 -0.00122513 -0.00213227 -0.000935213 -0.00134046 -0.0013261 -0.000992052 -0.00101466 -0.00105582 -0.00139102 -0.00168241 -0.00139228 0.00181958 0.00131335 
0.00169107 0.00204415 0.00241275 0.122174 0.00273647 0.00201077 0.00240434 0.00205254 0.000797407 -0.00149756 -0.000897049 -0.00119597 -0.00180695 -0.0016554 -0.00222336 -0.0014232 -0.00205054 -0.00205636 -0.00229753 -0.00176313 -0.00112419 -0.00129691 -0.00144004 -0.00167686 -0.00178163 -0.0012376 -0.00155511 -0.00245723 -0.00208587 -0.00214028 -0.00151156 -0.00177777 -0.00172134 -0.00178226 -0.000692776 -0.00106408 -0.00185552 -0.00146954 -0.00176163 -0.00210779 -0.00115047 -0.00120705 -0.0011359 -0.00134258 -0.00149373 -0.0013125 -0.00218186 -0.00121903 -0.00138414 -0.00188561 -0.00121977 -0.00236697 -0.00160815 -0.00133734 -0.00233822 -0.00140681 -0.0016357 -0.00178006 -0.0018706 -0.00184766 -0.00127157 -0.00178304 -0.00212062 -0.00161825 -0.00173601 -0.001476 -0.00182534 -0.00111226 -0.00213602 -0.000398702 -0.00070811 -0.00107354 -0.00117701 -0.00184034 -0.00143614 -0.000990799 -0.00154363 -0.000280752 -0.00141552 -0.00149531 -0.00116237 -0.00236603 -0.000803715 -0.00160848 -0.0017472 -0.00116466 -0.00198749 -0.00148002 -0.00127309 -0.00186439 -0.00125953 -0.00121191 -0.000967308 -0.00220746 -0.00170163 -0.00154258 -0.00218095 -0.00154806 -0.00170905 0.00203211 
0.00214299 0.00265868 0.00351131 0.00273647 0.130421 0.00260738 0.00315283 0.00278041 0.00325343 0.00252113 -0.000283296 -0.000688996 -0.000940503 -0.000986656 -0.00191685 -0.00159063 -0.0038409 -0.00206945 -0.00156281 -0.00265408 -0.00180309 -0.00251977 -0.00197749 -0.00209682 -0.0019973 -0.00260055 -0.00136863 -0.00185314 -0.0014441 -0.00236563 -0.00127924 -0.00218025 -0.00221765 -0.00281549 -0.00175631 -0.00125756 -0.00198789 -0.00164111 -0.00185319 -0.0019018 -0.00151324 -0.002471 -0.00168571 -0.00176523 -0.00173071 -0.00197971 -0.00113397 -0.00177415 -0.00182675 -0.000484373 -0.00145018 -0.00206393 -0.0018255 -0.00178638 -0.0026195 -0.00270298 -0.00170597 -0.0013897 -0.00172022 -0.00140197 -0.00179937 -0.00121951 -0.00184007 -0.00195934 -0.00212151 -0.001195 -0.00190719 -0.00180754 -0.00129297 -0.00304711 -0.000546724 -0.00189208 -0.00109798 -0.00132914 -0.00197467 -0.00255261 -0.00159082 -0.00156793 -0.00147817 -0.00190976 -0.00224149 -0.0015911 -0.0012189 -0.00147029 -0.0023749 -0.0024739 -0.00108677 -0.00143531 -0.00140742 -0.00164584 -0.00170348 -0.00101547 -0.00173461 -0.00133718 -0.00149583 -0.00103664 -0.00143955 -0.00192372 -0.00147863 -0.00106263 
0.00184761 0.00252735 0.00214171 0.00201077 0.00260738 0.127505 0.00314024 0.00194179 0.00227036 0.00236195 0.00321986 -0.00101207 -0.00142113 -0.0017025 -0.00256901 -0.00143318 -0.00167902 -0.00229177 -0.00281876 -0.00233155 -0.00183188 -0.00228288 -0.0023922 -0.00169601 -0.00279912 -0.00165135 -0.00139579 -0.00150033 -0.00225793 -0.00150982 -0.00213002 -0.0013895 -0.00182729 -0.00131584 -0.00156245 -0.0024946 -0.00228566 -0.00204216 -0.00101107 -0.0017637 -0.00159924 -0.00226975 -0.00201925 -0.00286172 -0.00154477 -0.00181529 -0.00163339 -0.00183061 -0.00167999 -0.00208829 -0.00194976 -0.00113423 -0.00293215 -0.00218097 -0.00220854 -0.00101361 -0.00137995 -0.00149477 -0.00174023 -0.000772472 -0.000944257 -0.00119678 -0.00209633 -0.00157946 -0.00146203 -0.00179581 -0.00229821 -0.00198638 -0.00218627 -0.000942659 -0.00155178 -0.00106378 -0.00145652 -0.00171215 -0.0018925 -0.000931638 -0.000979767 -0.00197638 -0.00267041 -0.00239671 -0.0015914 -0.001918 -0.00141269 -0.00215802 -0.00146209 -0.000945084 -0.00144713 -0.00170352 -0.00105934 -0.00197616 -0.00159908 -0.00105622 -0.000437438 -0.00154919 -0.00194689 -0.00154323 -0.00140011 -0.00151329 -0.000822958 -0.000365104 
-0.000423963 0.00178524 0.00215458 0.00240434 0.00315283 0.00314024 0.12739 0.00326593 0.00187662 0.00278294 0.00258223 0.00205272 -0.000499479 -0.000199841 -0.00145451 -0.00135126 -0.00245909 -0.00250928 -0.00221325 -0.00300394 -0.0019033 -0.00287377 -0.00310993 -0.0022527 -0.00197409 -0.00248164 -0.0018558 -0.00120647 -0.00215232 -0.0028233 -0.00200863 -0.00233978 -0.00133061 -0.00210316 -0.00212942 -0.00133469 -0.00170854 -0.00241852 -0.00230831 -0.00147495 -0.00201297 -0.00207486 -0.00205434 -0.00251519 -0.00144113 -0.00163531 -0.00201417 -0.00200533 -0.00181926 -0.00136639 -0.00190927 -0.00183906 -0.0014647 -0.00169786 -0.00175455 -0.00177416 -0.00158042 -0.000912387 -0.00187597 -0.00182389 -0.00201253 -0.000641303 -0.00153705 -0.00205796 -0.00202533 -0.0017733 -0.000989296 -0.00197542 -0.00129733 -0.00206752 -0.00146995 -0.00165363 -0.0021897 -0.0021386 -0.0012198 -0.00141506 -0.00152739 -0.00110972 -0.0020421 -0.00107789 -0.00144292 -0.00130242 -0.00135894 -0.00153705 -0.00086298 -0.00144407 -0.00181748 -0.00183824 -0.0014284 -0.00173893 -0.00133221 -0.00154471 -0.00116977 -0.0012886 -0.00141375 -0.00188776 -0.001588 -0.0014205 -0.000590176 -0.00188397 
-0.00150628 -0.000953241 0.0023161 0.00205254 0.00278041 0.00194179 0.00326593 0.132749 0.00193603 0.00304199 0.00274079 0.00300759 0.00245622 -0.00150117 -0.00146024 -0.00111172 -0.0010439 -0.00161507 -0.0013598 -0.00253514 -0.00171976 -0.00237835 -0.0024394 -0.00273331 -0.00203546 -0.00293141 -0.00216427 -0.00234031 -0.0021481 -0.00185288 -0.00159028 -0.00207592 -0.00173233 -0.00246908 -0.00152492 -0.00170934 -0.00277151 -0.0014456 -0.00157819 -0.00241038 -0.0016481 -0.00238801 -0.00146187 -0.0015773 -0.00160861 -0.00259999 -0.00224942 -0.00171769 -0.00164063 -0.00163836 -0.000854733 -0.00187752 -0.0017838 -0.00153364 -0.00184191 -0.00221899 -0.00142951 -0.00153351 -0.00195622 -0.0018628 -0.00105626 -0.00168876 -0.0021308 -0.00153529 -0.00167464 -0.0019141 -0.00144572 -0.00171903 -0.00140355 -0.00099016 -0.00136474 -0.00154786 -0.00114818 -0.000812619 -0.00160211 -0.00160506 -0.00191114 -0.00237478 -0.00187583 -0.00221182 -0.00165073 -0.00176507 -0.00223792 -0.00179233 -0.00190574 -0.00222776 -0.00182703 -0.00226309 -0.00208669 -0.00233416 -0.00139278 -0.00200575 -0.00114369 -0.00173246 -0.00198094 -0.0015346 -0.00185291 -0.00109788 -0.00139566 -0.00148834 
-0.00165007 -0.00120497 -0.00127511 0.000797407 0.00325343 0.00227036 0.00187662 0.00193603 0.130914 0.00187359 0.00271502 0.00181757 0.00104098 0.00173957 -0.00164324 -0.0013626 -0.0029115 -0.00181968 -0.0023204 -0.00232154 -0.00174078 -0.00208553 -0.00263146 -0.00101922 -0.00262198 -0.00209972 -0.00148312 -0.000711904 -0.00197716 -0.00143973 -0.00118571 -0.000805392 -0.00136781 -0.0015033 -0.00210369 -0.00135237 -0.00119487 -0.00111369 -0.0020077 -0.00172225 -0.0019418 -0.00255498 -0.00135531 -0.00176012 -0.00113827 -0.00203568 -0.00186639 -0.00231816 -0.00268241 -0.00217876 -0.00141704 -0.00180589 -0.00171075 -0.00175306 -0.00136117 -0.00143051 -0.00217756 -0.000608078 -0.00158283 -0.00212054 -0.00178922 -0.0017013 -0.001853 -0.00160552 -0.00129682 -0.0022796 -0.00173732 -0.00155104 -0.00191557 -0.00135728 -0.00208391 -0.00196227 -0.000996631 -0.00136539 -0.00219799 -0.00229741 -0.00177529 -0.00173895 -0.00139956 -0.0020852 -0.00206767 -0.00222633 -0.000473193 -0.00143681 -0.00135202 -0.00153458 -0.00164585 -0.00180821 -0.00134521 -0.00111353 -0.0019044 -0.00132405 -0.00157439 -0.00108394 -0.00145788 -0.00132687 -0.00212313 -0.00193275 -0.00155883 -0.0014799 
-0.00138888 -0.0015942 -0.000518675 -0.00149756 0.00252113 0.00236195 0.00278294 0.00304199 0.00187359 0.132023 0.00267034 0.00205722 0.00193271 0.00273056 -0.000753764 -0.00161624 -0.00237593 -0.00155878 -0.0022394 -0.00102872 -0.00228949 -0.00310168 -0.00202886 -0.00124406 -0.00274786 -0.00203377 -0.00132754 -0.00183306 -0.00133041 -0.00200134 -0.0022222 -0.00148043 -0.00113017 -0.00180587 -0.00146988 -0.00154926 -0.00182486 -0.00158801 -0.00148458 -0.00179721 -0.00193324 -0.00153505 -0.00194754 -0.00211992 -0.00140544 -0.00214999 -0.00176663 -0.00201404 -0.00194596 -0.00196855 -0.00150498 -0.00136125 -0.00154807 -0.00197626 -0.0021991 -0.00215215 -0.00107843 -0.00162589 -0.00135242 -0.00140659 -0.00200342 -0.00225664 -0.00194705 -0.00093423 -0.00233838 -0.00155011 -0.00224795 -0.00227209 -0.00220082 -0.00199654 -0.00191464 -0.00184254 -0.0014887 -0.00218843 -0.00175448 -0.00185511 -0.000646418 -0.00226146 -0.0013131 -0.00190598 -0.00190261 -0.000975453 -0.00199426 -0.00166707 -0.00125926 -0.00267779 -0.00174382 -0.00123648 -0.00175365 -0.00150573 -0.00154848 -0.00134211 -0.00181803 -0.00140607 -0.00143676 -0.00186277 -0.000537252 -0.00158144 -0.00116384 -0.00181012 
-0.00180213 -0.00157234 -0.000631392 -0.000897049 -0.000283296 0.00321986 0.00258223 0.00274079 0.00271502 0.00267034 0.135285 0.00256038 0.00264703 0.00267496 0.00188915 0.00158218 -0.00192753 -0.00126594 -0.00134744 -0.00207263 -0.0014651 -0.00303144 -0.00238822 -0.0025814 -0.00247288 -0.0020797 -0.00280352 -0.00115775 -0.00103734 -0.00169491 -0.00310978 -0.0025872 -0.00177695 -0.0017949 -0.00248473 -0.00239176 -0.00191481 -0.00167045 -0.00185317 -0.00311769 -0.00170187 -0.00155504 -0.00172732 -0.00172155 -0.00191608 -0.0023329 -0.00191236 -0.00178935 -0.00168574 -0.00263658 -0.00209276 -0.0018328 -0.00124179 -0.00109039 -0.00205942 -0.00130074 -0.00161567 -0.00162472 -0.0017632 -0.00193541 -0.00184047 -0.00219957 -0.00137239 -0.00161294 -0.0019794 -0.00195382 -0.00251388 -0.00142435 -0.000857828 -0.00226117 -0.00218858 -0.00230977 -0.00240761 -0.00126442 -0.00300814 -0.00211688 -0.00135897 -0.00172052 -0.00199391 -0.00168414 -0.00171818 -0.00177871 -0.00197688 -0.0018833 -0.00108389 -0.00212642 -0.00164033 -0.00132958 -0.00151322 -0.00145667 -0.00187009 -0.00151073 -0.00127951 -0.00134468 -0.000560363 -0.00208869 -0.00208809 -0.00182202 -0.00153464 -0.00114296 
-0.00196593 -0.00126501 -0.0017189 -0.00119597 -0.000688996 -0.00101207 0.00205272 0.00300759 0.00181757 0.00205722 0.00256038 0.133813 0.00397028 0.00262745 0.00170956 0.00318394 0.0021218 -0.0014624 -0.00164512 -0.00209635 -0.00219986 -0.00167174 -0.00289748 -0.00196471 -0.0012285 -0.00361384 -0.00260644 -0.00253024 -0.00139508 -0.00166524 -0.00278187 -0.0015926 -0.00135508 -0.00261358 -0.00197226 -0.00155863 -0.00184644 -0.00209045 -0.00278171 -0.00245332 -0.00174893 -0.00163948 -0.00216255 -0.00205688 -0.00156872 -0.00135853 -0.00142053 -0.00208403 -0.00209656 -0.00187997 -0.00156585 -0.00140965 -0.00177665 -0.00194131 -0.00176839 -0.00259444 -0.00196289 -0.00245351 -0.00247793 -0.00250364 -0.0011194 -0.0015053 -0.0017356 -0.00125701 -0.00243603 -0.00113621 -0.00121798 -0.00159982 -0.00174664 -0.00112297 -0.00131265 -0.00141399 -0.00251173 -0.00185779 -0.0015317 -0.00159386 -0.00146554 -0.00124583 -0.00171257 -0.00181321 -0.00179656 -0.00192683 -0.00253725 -0.00156222 -0.00146467 -0.00294744 -0.00227806 -0.00150398 -0.00080444 -0.00162767 -0.00194944 -0.00125661 -0.00134452 -0.00196966 -0.00153045 -0.00223462 -0.000679949 -0.00137412 -0.00129171 -0.00116518 
-0.00174287 -0.002312 -0.00158101 -0.00180695 -0.000940503 -0.00142113 -0.000499479 0.00245622 0.00104098 0.00193271 0.00264703 0.00397028 0.130751 0.00221415 0.00246589 0.0021157 0.0016752 -0.000829276 -0.00195266 -0.00106437 -0.000881846 -0.00222617 -0.00193011 -0.00157609 -0.00251225 -0.00137119 -0.00334332 -0.00149745 -0.00162444 -0.00162179 -0.00130963 -0.00191679 -0.00171658 -0.00205853 -0.00165041 -0.0019281 -0.00191465 -0.00213803 -0.00180133 -0.00246599 -0.00198765 -0.00227972 -0.00147217 -0.00155095 -0.00203625 -0.00168467 -0.00260948 -0.00206087 -0.00145228 -0.00188735 -0.00168759 -0.00187501 -0.001482 -0.00149956 -0.00146585 -0.0013326 -0.00142209 -0.0011214 -0.00195638 -0.00173469 -0.00135031 -0.00196567 -0.00214167 -0.00105421 -0.00173001 -0.0013373 -0.0020966 -0.00205945 -0.00189297 -0.00204511 -0.00136498 -0.00164401 -0.00177544 -0.00152479 -0.00130655 -0.00135426 -0.00165041 -0.00126114 -0.00178604 -0.00205956 -0.00165833 -0.0013941 -0.00181447 -0.00184019 -0.00084704 -0.0015313 -0.0015127 -0.00173845 -0.00187844 -0.00187713 -0.00204651 -0.000763485 -0.00160397 -0.00273265 -0.00106216 -0.00149871 -0.000500052 -0.0014863 -0.00227274 -0.00157611 
-0.00135365 -0.00157911 -0.00240719 -0.0016554 -0.000986656 -0.0017025 -0.000199841 -0.00150117 0.00173957 0.00273056 0.00267496 0.00262745 0.00221415 0.137168 0.00401292 0.00284455 0.00171174 0.00134982 0.00229424 -0.00191125 -0.00184341 -0.00211637 -0.00208319 -0.00164069 -0.00188008 -0.00145746 -0.00191164 -0.0020575 -0.00231683 -0.00147913 -0.00225688 -0.00200263 -0.00164095 -0.00217106 -0.00226127 -0.00231636 -0.00155501 -0.00152995 -0.00187878 -0.00165962 -0.00205768 -0.000949661 -0.00203595 -0.00190899 -0.00243394 -0.00253537 -0.00262057 -0.00158013 -0.0020447 -0.00167446 -0.00206967 -0.00136223 -0.0017996 -0.00105707 -0.00236451 -0.00194337 -0.0022379 -0.00165702 -0.00210593 -0.00246365 -0.001367 -0.00168166 -0.0014803 -0.00181856 -0.000787107 -0.00123451 -0.00191242 -0.00218252 -0.00200327 -0.00198913 -0.00157165 -0.0020105 -0.00208049 -0.00212695 -0.00195743 -0.00252768 -0.00152803 -0.00111514 -0.00210088 -0.00162547 -0.00135281 -0.00189007 -0.00189675 -0.00124715 -0.000855801 -0.00240436 -0.00173285 -0.00211407 -0.00179962 -0.00138808 -0.00262449 -0.0016433 -0.00223869 -0.00209829 -0.00162007 -0.00271307 -0.00221133 -0.000917313 -0.00224728 -0.00101345 
-0.00133416 -0.00171307 -0.00162312 -0.00222336 -0.00191685 -0.00256901 -0.00145451 -0.00146024 -0.00164324 -0.000753764 0.00188915 0.00170956 0.00246589 0.00401292 0.143743 0.00238889 0.00336634 0.00240589 0.00220841 0.00308645 -0.00182888 -0.000975187 -0.00214269 -0.00187233 -0.00274244 -0.00228628 -0.00173198 -0.00196534 -0.00197637 -0.00246773 -0.00247362 -0.00151958 -0.00226494 -0.00318632 -0.000759507 -0.00286741 -0.00188924 -0.00252838 -0.00274412 -0.00197488 -0.00131621 -0.00137249 -0.00154307 -0.00156955 -0.0020841 -0.00311402 -0.00151376 -0.00152229 -0.00152269 -0.00244633 -0.00128429 -0.00254057 -0.00206603 -0.00162296 -0.00219466 -0.00245235 -0.00245839 -0.00160034 -0.00232043 -0.00171169 -0.00162371 -0.00167914 -0.00238652 -0.0020478 -0.0016401 -0.00136641 -0.00181995 -0.00252412 -0.0017765 -0.00106054 -0.00188921 -0.000801579 -0.00196227 -0.00138228 -0.00141603 -0.00129676 -0.00115378 -0.0014595 -0.00252949 -0.000619181 -0.00210782 -0.00125399 -0.00248271 -0.00245809 -0.00224445 -0.00104369 -0.00128493 -0.00216374 -0.000699794 -0.00138798 -0.0022406 -0.00215919 -0.00154033 -0.00228383 -0.00177529 -0.00291356 -0.00168322 -0.00186721 -0.00231853 -0.00178779 
-0.00191975 -0.00176863 -0.00201791 -0.0014232 -0.00159063 -0.00143318 -0.00135126 -0.00111172 -0.0013626 -0.00161624 0.00158218 0.00318394 0.0021157 0.00284455 0.00238889 0.134596 0.00349021 0.00277737 0.00255656 0.00336942 -0.000597864 -0.00206193 -0.000308323 -0.0015184 -0.00186798 -0.00117683 -0.00223088 -0.00224008 -0.00174827 -0.002131 -0.00192381 -0.00253137 -0.00201674 -0.00206855 -0.00236806 -0.00242529 -0.00211372 -0.00123102 -0.00222434 -0.00251053 -0.00181001 -0.00191373 -0.00231631 -0.0011284 -0.00154318 -0.00187889 -0.00217775 -0.00200836 -0.00156121 -0.00109268 -0.0020685 -0.00153325 -0.00105004 -0.00191728 -0.00266247 -0.00173233 -0.00185593 -0.00200747 -0.00317354 -0.00203364 -0.00113805 -0.00265615 -0.00143441 -0.00221426 -0.00179169 -0.00126447 -0.00197718 -0.00242983 -0.00146983 -0.00185763 -0.00199281 -0.00110879 -0.00190843 -0.00150675 -0.00192131 -0.00161779 -0.000691812 -0.00106901 -0.000999699 -0.00150167 -0.00107212 -0.00193122 -0.00244139 -0.00254728 -0.0013865 -0.00234182 -0.0017999 -0.00154092 -0.00225818 -0.00175062 -0.00169118 -0.00232568 -0.0014023 -0.00221034 -0.00124537 -0.00145457 -0.00113851 -0.00230611 -0.00177304 -0.00138168 
-0.00177045 -0.00225619 -0.00336471 -0.00205054 -0.0038409 -0.00167902 -0.00245909 -0.0010439 -0.0029115 -0.00237593 -0.00192753 0.0021218 0.0016752 0.00171174 0.00336634 0.00349021 0.143398 0.00325309 0.00093966 0.00341521 0.00294594 0.00195313 -0.00226498 -0.000957879 -0.00233849 -0.00248995 -0.00253534 -0.0022272 -0.00212049 -0.00201231 -0.00233926 -0.00199819 -0.00263477 -0.00214239 -0.00179395 -0.0022343 -0.00155123 -0.00192661 -0.00205647 -0.000588933 -0.00138698 -0.00188344 -0.00179086 -0.00175479 -0.00231556 -0.00120408 -0.00160514 -0.00119373 -0.00135126 -0.00242551 -0.0013999 -0.00134783 -0.00157881 -0.00103102 -0.00182976 -0.00138128 -0.00193898 -0.00140585 -0.00159414 -0.0017713 -0.00123017 -0.00199064 -0.00142106 -0.00219168 -0.00106496 -0.00200329 -0.00163076 -0.00242884 -0.00169481 -0.00150239 -0.00167142 -0.00222638 -0.0026653 -0.00127945 -0.00166795 -0.00199246 -0.00141826 -0.0013136 -0.00184079 -0.00108724 -0.00223976 -0.00196926 -0.00210287 -0.00167236 -0.00222936 -0.00292658 -0.00261381 -0.00247952 -0.00197093 -0.00080806 -0.00127937 -0.00262657 -0.00195773 -0.00232947 -0.0014752 -0.00161656 -0.00265597 -0.00199416 -0.00189372 -0.00102478 
-0.00129868 -0.00159186 -0.00208921 -0.00205636 -0.00206945 -0.00229177 -0.00250928 -0.00161507 -0.00181968 -0.00155878 -0.00126594 -0.0014624 -0.000829276 0.00134982 0.00240589 0.00277737 0.00325309 0.139381 0.0031859 0.00328516 0.00309026 0.00360672 0.00283256 -0.000929854 -0.00138686 -0.00146044 -0.00265628 -0.00240024 -0.00190597 -0.00260846 -0.00164842 -0.00236747 -0.00308354 -0.00291291 -0.00249643 -0.00254931 -0.00321503 -0.00209323 -0.00227431 -0.0020378 -0.00117185 -0.00118988 -0.00220853 -0.00129471 -0.000639658 -0.00235396 -0.00233224 -0.00203262 -0.00223784 -0.00224904 -0.00151573 -0.00173254 -0.00130719 -0.00165129 -0.00182019 -0.00159878 -0.000941893 -0.000573148 -0.00185787 -0.00124512 -0.00174996 -0.00151365 -0.00201045 -0.00103553 -0.00132136 -0.0022442 -0.002052 -0.00197803 -0.00122265 -0.00267669 -0.00178538 -0.00208625 -0.00242925 -0.00256194 -0.000863578 -0.00238653 -0.000865011 -0.0017241 -0.00208434 -0.00184953 -0.00235347 -0.00254367 -0.00199293 -0.0025846 -0.00136976 -0.00235881 -0.00193931 -0.00183614 -0.00182307 -0.0011603 -0.00208255 -0.00125922 -0.00162227 -0.00230911 -0.000901202 -0.00202713 -0.00105191 -0.00217014 -0.00164256 -0.00126116 
-0.00143368 -0.00210783 -0.00145206 -0.00229753 -0.00156281 -0.00281876 -0.00221325 -0.0013598 -0.0023204 -0.0022394 -0.00134744 -0.00164512 -0.00195266 0.00229424 0.00220841 0.00255656 0.00093966 0.0031859 0.141232 0.00379779 0.00253452 0.00290451 0.00189838 -0.00215959 -0.00161717 -0.00230152 -0.00198013 -0.00241198 -0.00199082 -0.00146335 -0.00126463 -0.0025902 -0.00209158 -0.00112615 -0.00178508 -0.00208496 -0.00109996 -0.00164656 -0.00140058 -0.00191468 -0.00279705 -0.000984196 -0.00223304 -0.00129284 -0.00133849 -0.00157255 -0.000987898 -0.00138979 -0.00184447 -0.00232436 -0.00135404 -0.00181286 -0.00110423 -0.00124323 -0.00207905 -0.00156924 -0.002011 -0.00162502 -0.00130189 -0.00274159 -0.0017849 -0.00206606 -0.000976929 -0.0018663 -0.0024722 -0.00124698 -0.00204195 -0.00241416 -0.00240538 -0.00261045 -0.00220742 -0.00214753 -0.00251116 -0.00174373 -0.00137518 -0.00210258 -0.00119663 -0.00161742 -0.00135262 -0.00145159 -0.00107543 -0.00118484 -0.00218359 -0.00183987 -0.00190388 -0.00165063 -0.00212785 -0.00168536 -0.00229265 -0.00135241 -0.00193048 -0.00260906 -0.00182173 -0.00134664 -0.00122287 -0.00196066 -0.00247262 -0.00181046 -0.002509 -0.00169444 
-0.001694 -0.00145588 -0.00214377 -0.00176313 -0.00265408 -0.00233155 -0.00300394 -0.00253514 -0.00232154 -0.00102872 -0.00207263 -0.00209635 -0.00106437 -0.00191125 0.00308645 0.00336942 0.00341521 0.00328516 0.00379779 0.143679 0.00285439 0.00322888 0.0028512 0.00359881 0.00372029 -0.001684 -0.00116134 -0.00234711 -0.00225403 -0.00282717 -0.00302009 -0.00274265 -0.00235139 -0.0033129 -0.00254947 -0.00228602 -0.0028728 -0.00208839 -0.00281032 -0.00238092 -0.00262237 -0.00165096 -0.00187409 -0.00216149 -0.00239247 -0.00167922 -0.0021009 -0.00122995 -0.00208683 -0.00215322 -0.00253042 -0.00106655 -0.00212169 -0.00217322 -0.00202904 -0.00201406 -0.0017824 -0.0024161 -0.00163592 -0.00190429 -0.00213616 -0.00277988 -0.00147202 -0.00150931 -0.00177286 -0.00156654 -0.00208976 -0.00163398 -0.00185254 -0.00176811 -0.00151387 -0.00128569 -0.00184103 -0.00179521 -0.000559448 -0.00206007 -0.00189633 -0.0017674 -0.00244875 -0.00171739 -0.00176368 -0.00198507 -0.00192504 -0.00200903 -0.00210012 -0.000925441 -0.00248546 -0.00181608 -0.00228886 -0.00198525 -0.0019123 -0.00201863 -0.00192947 -0.00172686 -0.00111365 -0.00238804 -0.00250903 -0.00161855 -0.0016435 -0.000886469 
-0.00163442 -0.00136845 -0.000523512 -0.00112419 -0.00180309 -0.00183188 -0.0019033 -0.00171976 -0.00174078 -0.00228949 -0.0014651 -0.00219986 -0.000881846 -0.00184341 -0.00182888 -0.000597864 0.00294594 0.00309026 0.00253452 0.00285439 0.14457 0.00277465 0.00248957 0.00377404 0.00225478 0.00245536 -0.00232101 -0.00216045 -0.00184161 -0.00250558 -0.00174584 -0.00232032 -0.00261064 -0.0022873 -0.00270562 -0.00167984 -0.00114729 -0.00176162 -0.0017949 -0.00255364 -0.00221629 -0.00286835 -0.00269951 -0.00125438 -0.00156939 -0.00220357 -0.00208351 -0.00240794 -0.00144125 -0.00168051 -0.00199313 -0.00138794 -0.00215784 -0.00149741 -0.00194535 -0.000969178 -0.000636011 -0.00172078 -0.00212519 -0.000808524 -0.00247484 -0.00124612 -0.00139284 -0.00202168 -0.00154928 -0.00185247 -0.00217925 -0.00335826 -0.00126696 -0.00125173 -0.00277589 -0.00296976 -0.00324493 -0.00233588 -0.00205173 -0.00187458 -0.0013208 -0.00149574 -0.00197386 -0.00202765 -0.00161738 -0.00187498 -0.00210003 -0.00240316 -0.0024206 -0.00209054 -0.00253147 -0.00233962 -0.00173692 -0.00123883 -0.00178878 -0.00170403 -0.00214359 -0.00179344 -0.00268482 -0.00169532 -0.00200663 -0.00150402 -0.00186186 -0.00168567 
-0.00216646 -0.00183501 -0.00208746 -0.00129691 -0.00251977 -0.00228288 -0.00287377 -0.00237835 -0.00208553 -0.00310168 -0.00303144 -0.00167174 -0.00222617 -0.00211637 -0.000975187 -0.00206193 0.00195313 0.00360672 0.00290451 0.00322888 0.00277465 0.145894 0.00391916 0.00332032 0.00304274 0.0034333 -0.00162196 -0.00203283 -0.00142358 -0.00210965 -0.00222419 -0.00217429 -0.00226757 -0.00196512 -0.00232521 -0.00165809 -0.00165497 -0.00177634 -0.00179218 -0.00140529 -0.00147448 -0.00155233 -0.00144415 -0.00132722 -0.00153034 -0.00109037 -0.00154751 -0.00204823 -0.00142111 -0.0021124 -0.00172118 -0.00149121 -0.00195846 -0.00259752 -0.00118793 -0.0025855 -0.00188282 -0.00214046 -0.00139888 -0.00158473 -0.00233855 -0.0018597 -0.0011535 -0.00182604 -0.00188403 -0.00247819 -0.00231891 -0.00198781 -0.00224788 -0.00182578 -0.0018959 -0.001703 -0.00193876 -0.00166013 -0.00194966 -0.00276447 -0.00245678 -0.00197696 -0.00134288 -0.0015613 -0.00266778 -0.00241868 -0.00245814 -0.00147095 -0.00185184 -0.00224805 -0.00211673 -0.00194618 -0.00220036 -0.00128238 -0.0012627 -0.00170423 -0.00195622 -0.00224783 -0.00175503 -0.00208681 -0.00181717 -0.00223894 -0.00168423 -0.00225426 
-0.00283931 -0.00220474 -0.00211426 -0.00144004 -0.00197749 -0.0023922 -0.00310993 -0.0024394 -0.00263146 -0.00202886 -0.00238822 -0.00289748 -0.00193011 -0.00208319 -0.00214269 -0.000308323 -0.00226498 0.00283256 0.00189838 0.0028512 0.00248957 0.00391916 0.149747 0.00361804 0.00263497 0.00273081 0.00197908 -0.00256292 -0.00161094 -0.00185119 -0.00180907 -0.00244826 -0.00208766 -0.00242182 -0.00148818 -0.00215253 -0.00238204 -0.00138525 -0.00194072 -0.00148065 -0.00110589 -0.00119942 -0.00217939 -0.00144802 -0.00108851 -0.00135474 -0.00139581 -0.00182113 -0.00198846 -0.00170584 -0.00256296 -0.00298417 -0.00257953 -0.00228565 -0.00126292 -0.0015739 -0.00206083 -0.00164206 -0.00238868 -0.00015192 -0.00176717 -0.0026574 -0.00123451 -0.000742788 -0.00228522 -0.00207338 -0.00129521 -0.00161967 -0.00111691 -0.0022086 -0.00240348 -0.00221396 -0.00230794 -0.00222638 -0.00162463 -0.00186171 -0.00259983 -0.00191581 -0.00273181 -0.00223586 -0.00285453 -0.00108485 -0.00156833 -0.00114118 -0.00222677 -0.0018692 -0.00213872 -0.0021892 -0.0020016 -0.000914166 -0.00151766 -0.00221086 -0.0030713 -0.0016124 -0.00181073 -0.00125679 -0.00191341 -0.00258112 -0.00189208 -0.00212985 
-0.00232769 -0.000922984 -0.00234826 -0.00167686 -0.00209682 -0.00169601 -0.0022527 -0.00273331 -0.00101922 -0.00124406 -0.0025814 -0.00196471 -0.00157609 -0.00164069 -0.00187233 -0.0015184 -0.000957879 -0.000929854 -0.00215959 0.00359881 0.00377404 0.00332032 0.00361804 0.144099 0.0034722 0.00205166 0.00235479 0.00276674 -0.00248219 -0.00197358 -0.0013644 -0.00187035 -0.000893242 -0.00235594 -0.00211934 -0.00154386 -0.000833364 -0.00222761 -0.0018819 -0.00163554 -0.00224113 -0.00199453 -0.00174894 -0.00213517 -0.00206891 -0.00160239 -0.0017227 -0.00188659 -0.00239776 -0.00202926 -0.00188701 -0.00179953 -0.00219008 -0.00185696 -0.00241614 -0.0012432 -0.00213366 -0.00249253 -0.00171483 -0.00281298 -0.00195764 -0.00255649 -0.00184192 -0.00103489 -0.00156033 -0.0014912 -0.0016126 -0.00213245 -0.0020546 -0.0023851 -0.00201059 -0.00185467 -0.00217181 -0.00141923 -0.00200477 -0.00222019 -0.00191168 -0.00118907 -0.00172592 -0.00274071 -0.00149469 -0.00195923 -0.00161683 -0.00201166 -0.00246749 -0.00123786 -0.00163183 -0.00161246 -0.00207637 -0.00170451 -0.00138021 -0.00146687 -0.00141056 -0.00215408 -0.00175329 -0.00149323 -0.00200218 -0.0017254 -0.00299127 -0.00191501 
-0.00169166 -0.00253003 -0.00200556 -0.00178163 -0.0019973 -0.00279912 -0.00197409 -0.00203546 -0.00262198 -0.00274786 -0.00247288 -0.0012285 -0.00251225 -0.00188008 -0.00274244 -0.00186798 -0.00233849 -0.00138686 -0.00161717 0.00372029 0.00225478 0.00304274 0.00263497 0.0034722 0.146341 0.00267265 0.00277021 0.00319426 0.00303498 0.00234951 -0.00144174 -0.00215881 -0.00208894 -0.00209907 -0.00213599 -0.00165337 -0.00191077 -0.00214204 -0.00198331 -0.00260394 -0.00172377 -0.00120899 -0.00198153 -0.00158906 -0.00101536 -0.00129999 -0.00146361 -0.00195125 -0.00189701 -0.00233103 -0.00256815 -0.00170854 -0.00213489 -0.00216357 -0.0011705 -0.00227738 -0.00198767 -0.00259773 -0.00215948 -0.00245487 -0.00190214 -0.0016665 -0.00188509 -0.00213191 -0.00217583 -0.00142301 -0.00277159 -0.00165682 -0.00223648 -0.00239435 -0.00219342 -0.000694924 -0.00146681 -0.00152333 -0.00232698 -0.00148415 -0.00133681 -0.00151941 -0.00207619 -0.00196639 -0.00263697 -0.00240307 -0.00187654 -0.00240813 -0.00205857 -0.00252363 -0.00146904 -0.00140233 -0.000838178 -0.0020458 -0.00258376 -0.00184901 -0.0016587 -0.0025823 -0.00220935 -0.00133573 -0.00200153 -0.00166967 -0.00299025 -0.00197973 
-0.00158384 -0.00233328 -0.0024664 -0.0012376 -0.00260055 -0.00165135 -0.00248164 -0.00293141 -0.00209972 -0.00203377 -0.0020797 -0.00361384 -0.00137119 -0.00145746 -0.00228628 -0.00117683 -0.00248995 -0.00146044 -0.00230152 -0.001684 0.00245536 0.0034333 0.00273081 0.00205166 0.00267265 0.146563 0.0027032 0.00193869 0.00318947 0.00279792 0.0021348 -0.00149429 -0.00150006 -0.000804688 -0.0010383 -0.00131861 -0.00179101 -0.00227747 -0.00202474 -0.00133042 -0.00163426 -0.00244255 -0.00212905 -0.00231824 -0.00275383 -0.0012128 -0.00285924 -0.00231588 -0.00153716 -0.00117818 -0.0021861 -0.00230434 -0.00195502 -0.00263123 -0.0019302 -0.00153265 -0.00131478 -0.0018958 -0.00162994 -0.0017414 -0.00203969 -0.0024045 -0.00183911 -0.00199236 -0.00111921 -0.00170872 -0.00149837 -0.00169708 -0.00276859 -0.00209948 -0.00146418 -0.00116778 -0.00172124 -0.00278256 -0.00207628 -0.00185623 -0.00268691 -0.00161353 -0.001403 -0.00278207 -0.00191408 -0.00317551 -0.000971493 -0.00269345 -0.00252627 -0.00232887 -0.0020195 -0.00212495 -0.00078281 -0.0023282 -0.00268238 -0.00179449 -0.00187506 -0.00219531 -0.00254257 -0.0013195 -0.00119769 -0.00107809 -0.00205944 -0.00191768 
-0.00204396 -0.000902601 -0.000838628 -0.00155511 -0.00136863 -0.00139579 -0.0018558 -0.00216427 -0.00148312 -0.00132754 -0.00280352 -0.00260644 -0.00334332 -0.00191164 -0.00173198 -0.00223088 -0.00253534 -0.00265628 -0.00198013 -0.00116134 -0.00232101 -0.00162196 0.00197908 0.00235479 0.00277021 0.0027032 0.135665 0.00268228 0.00351285 0.0023571 0.00203437 0.00220664 -0.000792411 -0.00180573 -0.000930693 -0.000813029 -0.00122441 -0.00198795 -0.00192221 -0.00211168 -0.00236296 -0.00170332 -0.00223019 -0.00208736 -0.00122066 -0.00142123 -0.00132311 -0.000797126 -0.00198944 -0.00148305 -0.0016937 -0.00157297 -0.00249246 -0.00132044 -0.00176214 -0.00145662 -0.00210796 -0.00195637 -0.000642612 -0.0023024 -0.00148159 -0.00217935 -0.00190287 -0.00170469 -0.00130119 -0.00204242 -0.00124332 -0.0017155 -0.00186931 -0.00208096 -0.00184362 -0.00150435 -0.00163798 -0.00157917 -0.00219015 -0.00216548 -0.00129256 -0.0020678 -0.00210075 -0.00130034 -0.00194025 -0.00203528 -0.0012961 -0.00220257 -0.00168028 -0.00179492 -0.0026259 -0.00166049 -0.00209419 -0.00096317 -0.0020787 -0.000674387 -0.00232657 -0.00204693 -0.00138396 -0.00127895 -0.00181318 -0.0022959 -0.00209571 -0.0014208 
-0.00170585 -0.00155049 -0.00095552 -0.00245723 -0.00185314 -0.00150033 -0.00120647 -0.00234031 -0.000711904 -0.00183306 -0.00115775 -0.00253024 -0.00149745 -0.0020575 -0.00196534 -0.00224008 -0.0022272 -0.00240024 -0.00241198 -0.00234711 -0.00216045 -0.00203283 -0.00256292 0.00276674 0.00319426 0.00193869 0.00268228 0.134054 0.00198021 0.0036321 0.00228498 0.00265864 0.00307859 -0.0011463 -0.00129931 -0.00193596 -0.000609673 -0.00142676 -0.00215902 -0.00122937 -0.0016218 -0.00234576 -0.00262003 -0.00139418 -0.00209786 -0.00157503 -0.00179702 -0.00139493 -0.00155601 -0.00191272 -0.00128201 -0.00223457 -0.00242807 -0.00191375 -0.00214024 -0.0012776 -0.0017822 -0.00247152 -0.00214727 -0.0012715 -0.00171617 -0.0012467 -0.00215851 -0.00241762 -0.000958543 -0.00130738 -0.00205937 -0.00214526 -0.00112889 -0.00122136 -0.00151929 -0.00210941 -0.00160089 -0.00115464 -0.00163985 -0.00178333 -0.00130875 -0.00115889 -0.00172476 -0.00227096 -0.0017513 -0.00113072 -0.00214477 -0.00201297 -0.00175063 -0.0017787 -0.00154124 -0.00149362 -0.00148531 -0.00169608 -0.00188226 -0.00189347 -0.00152059 -0.00209294 -0.00223967 -0.000909543 -0.00115771 -0.00222567 -0.0023093 -0.00184753 
-0.00218287 -0.00193657 -0.00160425 -0.00208587 -0.0014441 -0.00225793 -0.00215232 -0.0021481 -0.00197716 -0.00133041 -0.00103734 -0.00139508 -0.00162444 -0.00231683 -0.00197637 -0.00174827 -0.00212049 -0.00190597 -0.00199082 -0.00225403 -0.00184161 -0.00142358 -0.00161094 -0.00248219 0.00303498 0.00318947 0.00351285 0.00198021 0.135027 0.00303691 0.00266544 0.00358823 0.00236313 0.00111284 -0.001207 -0.00131687 -0.00200164 -0.000775026 -0.00127415 -0.00194764 -0.00202163 -0.00099652 -0.00147672 -0.0017214 -0.00230753 -0.00211796 -0.00140699 -0.00191625 -0.00170408 -0.00171523 -0.00117769 -0.00167248 -0.00108316 -0.00172673 -0.0011598 -0.00210905 -0.00197104 -0.00120706 -0.00190099 -0.00223404 -0.00151047 -0.00229082 -0.0015219 -0.00127594 -0.00113577 -0.00186746 -0.00207195 -0.00192835 -0.00115048 -0.00177095 -0.00178051 -0.00201329 -0.0018688 -0.002286 -0.00132522 -0.00209459 -0.0015867 -0.00245623 -0.00187754 -0.00166096 -0.00235819 -0.00186232 -0.00153055 -0.00211809 -0.00195832 -0.00206187 -0.0015622 -0.00198876 -0.00140339 -0.00139164 -0.00226824 -0.00156313 -0.00154491 -0.00182731 -0.00205261 -0.00161077 -0.00185458 -0.00192993 -0.00247477 -0.00167972 
-0.00242429 -0.002048 -0.00148205 -0.00214028 -0.00236563 -0.00150982 -0.0028233 -0.00185288 -0.00143973 -0.00200134 -0.00169491 -0.00166524 -0.00162179 -0.00147913 -0.00246773 -0.002131 -0.00201231 -0.00260846 -0.00146335 -0.00282717 -0.00250558 -0.00210965 -0.00185119 -0.00197358 0.00234951 0.00279792 0.0023571 0.0036321 0.00303691 0.136027 0.00186909 0.00214967 0.00292477 0.00251843 -0.00117216 -0.00165851 -0.00164131 -0.00101831 -0.00152736 -0.00188767 -0.00116979 -0.00140264 -0.00214287 -0.00182718 -0.00116693 -0.00162385 -0.00166752 -0.00144424 -0.001478 -0.00183103 -0.00157985 -0.000433952 -0.00187669 -0.00139198 -0.00242757 -0.00213054 -0.00075444 -0.00195221 -0.00188295 -0.00201404 -0.0013859 -0.00143643 -0.00122848 -0.00171149 -0.00194242 -0.00240075 -0.00118846 -0.00218523 -0.00115962 -0.00216667 -0.00161838 -0.00189601 -0.00207966 -0.00198693 -0.00177346 -0.00130405 -0.00171877 -0.00218536 -0.000869381 -0.00162284 -0.00172503 -0.00228584 -0.00204634 -0.00149104 -0.00139004 -0.00192152 -0.0024617 -0.00150712 -0.00159396 -0.00154864 -0.00240726 -0.00234975 -0.00145808 -0.0017097 -0.00249677 -0.000877584 -0.00213523 -0.00144892 -0.00155685 -0.00178865 
-0.00159587 -0.00182631 -0.00225293 -0.00151156 -0.00127924 -0.00213002 -0.00200863 -0.00159028 -0.00118571 -0.0022222 -0.00310978 -0.00278187 -0.00130963 -0.00225688 -0.00247362 -0.00192381 -0.00233926 -0.00164842 -0.00126463 -0.00302009 -0.00174584 -0.00222419 -0.00180907 -0.0013644 -0.00144174 0.0021348 0.00203437 0.00228498 0.00266544 0.00186909 0.133776 0.0033735 0.0029149 0.00202338 0.00287638 0.00272411 -0.00120332 -0.00123927 -0.00153263 -0.00130076 -0.0023535 -0.00165501 -0.00187843 -0.00220525 -0.0022467 -0.00253439 -0.00147969 -0.00151067 -0.00172923 -0.00100249 -0.00172928 -0.00159031 -0.00241404 -0.00109561 -0.00268768 -0.00154625 -0.00131094 -0.000981302 -0.00109824 -0.00112148 -0.00109086 -0.00217462 -0.00174914 -0.00128943 -0.0015941 -0.00174494 -0.00133181 -0.00135218 -0.00236151 -0.00208927 -0.0020804 -0.00125713 -0.00194678 -0.002017 -0.00158854 -0.00199177 -0.00168673 -0.00180629 -0.00195876 -0.00268737 -0.00120085 -0.00158933 -0.00141371 -0.00160462 -0.00177745 -0.00254203 -0.00105789 -0.00108148 -0.0021862 -0.00186381 -0.00108648 -0.00160723 -0.00206307 -0.0026871 -0.00230656 -0.00201515 -0.00177447 -0.000816259 -0.00231466 -0.00212739 
-0.0020242 -0.00201007 -0.00132861 -0.00177777 -0.00218025 -0.0013895 -0.00233978 -0.00207592 -0.000805392 -0.00148043 -0.0025872 -0.0015926 -0.00191679 -0.00200263 -0.00151958 -0.00253137 -0.00199819 -0.00236747 -0.0025902 -0.00274265 -0.00232032 -0.00217429 -0.00244826 -0.00187035 -0.00215881 -0.00149429 0.00220664 0.00265864 0.00358823 0.00214967 0.0033735 0.134625 0.00256671 0.00314546 0.00258084 0.00268758 0.00246417 -0.00127511 -0.000887911 -0.000666893 -0.00221173 -0.00163282 -0.00149087 -0.00161922 -0.00150747 -0.00134871 -0.00166497 -0.00183138 -0.00169932 -0.00184522 -0.00188865 -0.0019006 -0.00196018 -0.00194089 -0.00125507 -0.00205943 -0.00218919 -0.00196537 -0.00219347 -0.00167902 -0.00300285 -0.00162054 -0.00196091 -0.000859725 -0.00185349 -0.00168807 -0.00147129 -0.00262927 -0.00172057 -0.00237069 -0.00137446 -0.00239943 -0.00157545 -0.0018041 -0.0016014 -0.00125126 -0.00181825 -0.00189742 -0.00172081 -0.00159125 -0.00245862 -0.00204691 -0.0013739 -0.00225304 -0.00106559 -0.00116588 -0.00169376 -0.00193523 -0.00103822 -0.00139052 -0.00175632 -0.00142232 -0.00224513 -0.00201599 -0.00182736 -0.0024122 -0.00117283 -0.00125653 -0.00295637 -0.00190791 
-0.001105 -0.00148161 -0.00101486 -0.00172134 -0.00221765 -0.00182729 -0.00133061 -0.00173233 -0.00136781 -0.00113017 -0.00177695 -0.00135508 -0.00171658 -0.00164095 -0.00226494 -0.00201674 -0.00263477 -0.00308354 -0.00209158 -0.00235139 -0.00261064 -0.00226757 -0.00208766 -0.000893242 -0.00208894 -0.00150006 -0.000792411 0.00307859 0.00236313 0.00292477 0.0029149 0.00256671 0.130876 0.00287607 0.00228658 0.00263466 0.00314971 0.00250153 -0.00115742 -0.000859969 -0.00181638 -0.0016361 -0.00155191 -0.00160157 -0.001904 -0.00213181 -0.00141874 -0.00129455 -0.00121554 -0.00106458 -0.00170459 -0.00163282 -0.00163077 -0.00148807 -0.00196864 -0.00148618 -0.00162891 -0.00251506 -0.00135736 -0.00199471 -0.00249736 -0.00234458 -0.00199609 -0.00213328 -0.00178422 -0.00236949 -0.00197306 -0.00177333 -0.00112294 -0.00258795 -0.00243605 -0.00240994 -0.0020564 -0.00287494 -0.00100321 -0.0024964 -0.000912278 -0.00171031 -0.00189834 -0.00137244 -0.00210347 -0.00200973 -0.00202074 -0.00211673 -0.00194198 -0.00192402 -0.00186825 -0.00167166 -0.00121523 -0.00168342 -0.00188469 -0.0015251 -0.00216369 -0.00181929 -0.00208854 -0.00187879 -0.000836055 -0.00109232 -0.00114543 -0.00226947 
