0.117138 0.00137743 0.00237984 0.00204434 0.00106876 0.00236586 -0.00137667 -0.00115625 -0.00147899 -0.00202334 -0.0015101 -0.00152664 -0.00230822 -0.00115327 -0.000901252 -0.002023 -0.00174683 -0.00181153 -0.00160684 -0.00117591 -0.00170263 -0.00169269 -0.00238844 -0.00157552 -0.00180093 -0.00284309 -0.0016074 -0.00180051 -0.00109258 -0.00193319 -0.00189676 -0.0021618 -0.00169936 -0.00184171 -0.00108565 -0.00114456 -0.00177863 -0.00208118 -0.00199824 -0.00118718 -0.00165 -0.0015943 -0.00135581 -0.00134861 -0.000686046 -0.000864789 -0.000721061 -0.00099397 -0.00127051 -0.00130457 -0.00161833 -0.00126056 -0.00160132 -0.00184286 -0.00156692 -0.00100119 -0.00155199 -0.0019501 -0.00147211 -0.00184126 -0.00177034 -0.00139506 -0.00189684 -0.00165742 -0.000622108 -0.00125284 -0.00155292 -0.00173674 -0.00130756 -0.00085226 -0.00164068 -0.00115255 -0.0015097 -0.00150034 -0.000931444 -0.00129364 -0.000881244 -0.00123922 -0.00144448 -0.000629377 -0.00155755 -0.00141475 -0.00202662 -0.00143682 -0.000984657 -0.00147455 -0.00201649 -0.00188122 -0.00192878 -0.00125621 -0.00126376 -0.00129902 -0.00169643 -0.00165804 -0.00111195 -0.00105944 0.00223615 0.00163987 0.00243816 0.00225193 
0.00137743 0.118386 0.00195395 0.00188667 0.0020399 0.0027512 0.00208716 -0.00107083 -0.00118142 -0.00164335 -0.00169113 -0.00186992 -0.00157327 -0.00213962 -0.00141132 -0.00181251 -0.00197273 -0.00201515 -0.000719415 -0.0024924 -0.00179931 -0.001927 -0.00159631 -0.00208862 -0.00188373 -0.00176794 -0.00116041 -0.00128997 -0.0019464 -0.0021161 -0.00153366 -0.00245454 -0.0018979 -0.00139935 -0.000553948 -0.00197912 -0.00131109 -0.00191139 -0.000966099 -0.00146986 -0.00190957 -0.00101673 -0.0012539 -0.00165777 -0.0012559 -0.00108951 -0.00189384 -0.0016036 -0.00153946 -0.00134379 -0.00123033 -0.00151156 -0.000918969 -0.00137215 -0.000838886 -0.000926032 -0.00111175 -0.00172651 -0.00108665 -0.000685079 -0.00154748 -0.00100633 -0.00172947 -0.00164004 -0.00179415 -0.00166999 -0.00132372 -0.00174741 -0.00108765 -0.00112172 -0.00161062 -0.00146725 -0.00158585 -0.00184345 -0.00142625 -0.0016072 -0.00174447 -0.00151887 -0.00144953 -0.000924433 -0.00145436 -0.0013005 -0.00213088 -0.00206281 -0.00175609 -0.0012615 -0.00124707 -0.00155791 -0.00172901 -0.00199072 -0.0017155 -0.00172281 -0.00146218 -0.00122909 -0.000574256 -0.00113321 -0.000950211 0.00200479 0.00173751 0.00151755 
0.00237984 0.00195395 0.119974 0.00210388 0.00265112 0.00234947 0.000954888 0.00159644 -0.00150926 -0.000505943 -0.001356 -0.00255573 -0.00120414 -0.00196943 -0.00173789 -0.00127048 -0.00137557 -0.0018305 -0.00195926 -0.00158228 -0.0023545 -0.00189465 -0.000998915 -0.00256037 -0.0024661 -0.00201 -0.00242252 -0.00184322 -0.00107266 -0.00154907 -0.00172885 -0.00174226 -0.00134874 -0.00277697 -0.00157369 -0.00102322 -0.00221827 -0.00209953 -0.0014169 -0.00150246 -0.00136097 -0.0014873 -0.00272558 -0.000955409 -0.00177426 -0.00236482 -0.00143481 -0.000865825 -0.00107621 -0.000893746 -0.00146342 -0.00165929 -0.00118764 -0.00155186 -0.00141717 -0.00173757 -0.00163876 -0.00224849 -0.00136638 -0.00121199 -0.00135787 -0.0019315 -0.00213625 -0.00162047 -0.0017032 -0.00192358 -0.00148952 -0.00121643 -0.00153528 -0.0016998 -0.001496 -0.00183233 -0.00138127 -0.00119695 -0.0013529 -0.000791398 -0.00115975 -0.00065299 -0.000852163 -0.00129356 -0.00114406 -0.00103044 -0.00146515 -0.00156935 -0.00179186 -0.00207789 -0.00163351 -0.00050875 -0.00260983 -0.00174314 -0.00151189 -0.00155618 -0.0013733 -0.000917726 -0.000592907 -0.000257553 -0.000979964 -0.000658519 0.00144089 0.00252216 
0.00204434 0.00188667 0.00210388 0.128976 0.00168783 0.0024198 0.00219293 0.00275777 0.00116095 -0.000605623 -0.000521227 -0.00177416 -0.00194884 -0.00173123 -0.00130905 -0.00178982 -0.00175542 -0.00135365 -0.00115869 -0.00117291 -0.00235294 -0.00242481 -0.0012963 -0.00231443 -0.00130088 -0.00169971 -0.00164613 -0.00287511 -0.00186832 -0.00224816 -0.00286636 -0.00211139 -0.002037 -0.00172057 -0.00215535 -0.0015797 -0.00190062 -0.000789635 -0.00163185 -0.00170103 -0.00216572 -0.00160593 -0.00112554 -0.001565 -0.00121509 -0.00113933 -0.001493 -0.00197962 -0.00174426 -0.0022747 -0.00177005 -0.00192097 -0.00154 -0.00166736 -0.00211613 -0.00123668 -0.00153723 -0.00200265 -0.000929024 -0.00125192 -0.00180815 -0.00160796 -0.00174955 -0.00160931 -0.00198189 -0.00246972 -0.00213348 -0.000849616 -0.00218269 -0.00178592 -0.00260658 -0.00121281 -0.0012962 -0.00120365 -0.00173889 -0.00203811 -0.00116287 -0.000653784 -0.00106029 -0.00169584 -0.0015009 -0.00155109 -0.00111596 -0.00242447 -0.00101592 -0.00156944 -0.0020427 -0.00208862 -0.000949129 -0.00125992 -0.00128457 -0.00197089 -0.00239355 -0.00213032 -0.000571186 -0.000853195 -0.0014882 -0.000888661 -0.000963499 0.0016 
0.00106876 0.0020399 0.00265112 0.00168783 0.12056 0.00295946 0.00284185 0.00280589 0.00241642 0.00188121 -0.000815087 -0.00130974 -0.00123066 -0.00181623 -0.00183918 -0.00175803 -0.00210881 -0.00209618 -0.0020256 -0.00198194 -0.00221237 -0.00165431 -0.00301744 -0.00133124 -0.00188104 -0.00233701 -0.00131166 -0.00198142 -0.00189019 -0.00191497 -0.00152071 -0.00241036 -0.00202619 -0.00218861 -0.00215501 -0.00192687 -0.00202583 -0.00176914 -0.000699373 -0.00165909 -0.00198385 -0.00121375 -0.00120971 -0.00140809 -0.00121519 -0.00134281 -0.00133764 -0.00215181 -0.00127424 -0.00145311 -0.00114113 -0.00197762 -0.000630816 -0.00133376 -0.00158861 -0.0017673 -0.00224061 -0.00178239 -0.00171378 -0.00163325 -0.00125817 -0.00133467 -0.00174056 -0.00162786 -0.00115184 -0.00173173 -0.0015359 -0.00109668 -0.00200365 -0.00155792 -0.00167167 -0.00156991 -0.00132589 -0.0014475 -0.00159901 -0.00115316 -0.000775238 -0.00163768 -0.00123636 -0.00138557 -0.00170025 -0.00159813 -0.00145526 -0.000958899 -0.00229749 -0.0012951 -0.00136151 -0.00114489 -0.00154638 -0.00178864 -0.00124995 -0.000973875 -0.00153589 -0.00189552 -0.000886854 -0.00130383 -0.000940472 -0.000847094 -0.00139763 -0.000599776 
0.00236586 0.0027512 0.00234947 0.0024198 0.00295946 0.134395 0.00304698 0.00364709 0.00308702 0.00313875 0.00291702 -0.00180115 -0.00179459 -0.00115856 -0.00175027 -0.00153513 -0.00185715 -0.00160583 -0.00248298 -0.00234566 -0.0023981 -0.00194692 -0.00115229 -0.00353792 -0.00183778 -0.00239154 -0.00147376 -0.00157893 -0.00266048 -0.0026496 -0.0020673 -0.00210491 -0.00336092 -0.00205246 -0.0020399 -0.00171624 -0.00197142 -0.00175233 -0.00208966 -0.00225048 -0.00186372 -0.00206379 -0.00212857 -0.00138878 -0.00165325 -0.00178772 -0.00156484 -0.00186697 -0.00222252 -0.00223655 -0.00172359 -0.00263803 -0.00175489 -0.0020851 -0.00177686 -0.00256986 -0.0014717 -0.00218299 -0.00171409 -0.00105022 -0.0014346 -0.00197584 -0.00112213 -0.00149677 -0.00167424 -0.00176307 -0.00187683 -0.00154464 -0.00198294 -0.00183977 -0.00228695 -0.00194916 -0.00108503 -0.00201512 -0.00197617 -0.00120622 -0.00219706 -0.00208143 -0.00118265 -0.00115919 -0.00146901 -0.00245094 -0.0012245 -0.00188783 -0.000921851 -0.00123151 -0.000671299 -0.00200155 -0.00153272 -0.00170589 -0.00165884 -0.00176056 -0.00280301 -0.00173493 -0.00139097 -0.00168082 -0.00210674 -0.00120211 -0.00187622 -0.000807774 
-0.00137667 0.00208716 0.000954888 0.00219293 0.00284185 0.00304698 0.131491 0.00170364 0.00237996 0.00234905 0.00242603 0.00129197 -0.00165252 -0.000977628 -0.00155178 -0.00190269 -0.00205048 -0.00137454 -0.00197515 -0.00224069 -0.00236495 -0.00218603 -0.0024578 -0.00304705 -0.00217276 -0.00152132 -0.00153518 -0.00191788 -0.00201728 -0.00142806 -0.00185926 -0.00169104 -0.00170366 -0.00169359 -0.000961348 -0.00166666 -0.00171481 -0.00155278 -0.00185714 -0.00222377 -0.0012545 -0.00229887 -0.00178494 -0.0018512 -0.00175038 -0.00181036 -0.00157764 -0.00192226 -0.00125455 -0.00148241 -0.00140901 -0.00147399 -0.0021224 -0.000925133 -0.00140305 -0.00157863 -0.00141125 -0.000892108 -0.00111204 -0.0020338 -0.00121004 -0.00210398 -0.00164834 -0.000987705 -0.00131612 -0.00208046 -0.00165977 -0.00199582 -0.00133981 -0.00170473 -0.00198893 -0.00204981 -0.00186018 -0.00174353 -0.00118852 -0.00180158 -0.00164528 -0.000810298 -0.00191943 -0.00204071 -0.00183042 -0.00177125 -0.001579 -0.00157941 -0.00114403 -0.00104799 -0.00174354 -0.00165948 -0.00245316 -0.00220352 -0.0023521 -0.00245767 -0.00116858 -0.00200157 -0.00144184 -0.00225412 -0.00222604 -0.00161624 -0.00134961 -0.00176772 
-0.00115625 -0.00107083 0.00159644 0.00275777 0.00280589 0.00364709 0.00170364 0.130547 0.00374606 0.00274483 0.0030153 0.00229388 0.00227788 -0.00129364 -0.00220771 -0.00196426 -0.0014703 -0.00164011 -0.00215068 -0.00208711 -0.00149853 -0.00229226 -0.00130866 -0.00200887 -0.00172294 -0.00244923 -0.00239129 -0.00213583 -0.00161076 -0.00217582 -0.0020838 -0.00203263 -0.00233161 -0.00208641 -0.00205278 -0.00224826 -0.0013043 -0.0016624 -0.00172295 -0.00167236 -0.00166159 -0.00188765 -0.0015441 -0.00162674 -0.00129009 -0.00186643 -0.00161479 -0.00208032 -0.00169868 -0.0011059 -0.00210184 -0.00175539 -0.00188167 -0.00170804 -0.00136034 -0.00218912 -0.00169832 -0.00218014 -0.00144912 -0.00238583 -0.00169487 -0.00213784 -0.00170464 -0.00159846 -0.00196052 -0.0018843 -0.00203116 -0.00202585 -0.00221364 -0.0015901 -0.00179275 -0.00227918 -0.00173231 -0.000959886 -0.00100435 -0.00157494 -0.00149148 -0.00154786 -0.00167666 -0.00178033 -0.000798853 -0.0015584 -0.00218395 -0.00184545 -0.000992363 -0.00156505 -0.00201332 -0.00195136 -0.00181285 -0.00166303 -0.00165386 -0.0017851 -0.00249821 -0.00219162 -0.00125462 -0.0015038 -0.00144898 -0.00155428 -0.0018256 -0.00143529 
-0.00147899 -0.00118142 -0.00150926 0.00116095 0.00241642 0.00308702 0.00237996 0.00374606 0.133187 0.00314763 0.00287006 0.00164749 0.00245779 0.00185458 -0.00172974 -0.0013998 -0.00101064 -0.00138572 -0.00132517 -0.00298671 -0.00139821 -0.00193208 -0.00233811 -0.00275915 -0.00231701 -0.0029818 -0.00237069 -0.00206212 -0.00188446 -0.0027381 -0.00207595 -0.00177774 -0.0016717 -0.00153052 -0.00205905 -0.00151226 -0.00160494 -0.00209109 -0.00145477 -0.00247454 -0.0023876 -0.00178987 -0.00200617 -0.00222862 -0.000883799 -0.00194107 -0.00143045 -0.00153505 -0.00105809 -0.00178873 -0.00160542 -0.00235655 -0.000990349 -0.00120152 -0.00240494 -0.00240813 -0.00157896 -0.00060143 -0.00228406 -0.00226442 -0.00161995 -0.00138757 -0.00208845 -0.00155647 -0.0016637 -0.00185662 -0.00114818 -0.00209621 -0.00161843 -0.00113797 -0.00164898 -0.00119924 -0.0025355 -0.00194234 -0.00124298 -0.00165154 -0.00176149 -0.00229769 -0.00204142 -0.00115909 -0.00136353 -0.00150766 -0.00133622 -0.00118488 -0.00176614 -0.00162029 -0.00164692 -0.00201691 -0.00184547 -0.00205459 -0.00195427 -0.00262657 -0.00195853 -0.00182666 -0.00141104 -0.00187294 -0.00188307 -0.00131454 -0.00127239 -0.00205136 
-0.00202334 -0.00164335 -0.000505943 -0.000605623 0.00188121 0.00313875 0.00234905 0.00274483 0.00314763 0.12468 0.00259744 0.00283112 0.00184168 0.00125912 -0.00112521 -0.00118032 -0.00128467 -0.00169889 -0.00111351 -0.00335134 -0.00152672 -0.001517 -0.00198591 -0.00166324 -0.00252775 -0.002484 -0.00206039 -0.00202241 -0.00196365 -0.00181295 -0.00199177 -0.00140624 -0.000833142 -0.00171975 -0.000713665 -0.00179571 -0.00180918 -0.00222741 -0.00187779 -0.00142475 -0.0016945 -0.000614264 -0.00157597 -0.00211937 -0.00203062 -0.00210044 -0.00191688 -0.00179569 -0.00188295 -0.00225528 -0.00116898 -0.00159384 -0.000827047 -0.0014906 -0.00191652 -0.00163624 -0.00146484 -0.0014993 -0.00101323 -0.00194784 -0.00180226 -0.00159961 -0.00208217 -0.0018398 -0.00151644 -0.0021549 -0.00224398 -0.00168989 -0.00143817 -0.00133544 -0.0016472 -0.00160872 -0.00170221 -0.000663726 -0.0012357 -0.00126153 -0.00191989 -0.000883095 -0.00192557 -0.0013135 -0.00227805 -0.00162193 -0.00110872 -0.00195039 -0.00176198 -0.0012417 -0.000751932 -0.00144739 -0.00213007 -0.00152283 -0.00208729 -0.00165868 -0.00120842 -0.0011814 -0.00200162 -0.0015594 -0.00171625 -0.00144972 -0.00158078 -0.00190891 
-0.0015101 -0.00169113 -0.001356 -0.000521227 -0.000815087 0.00291702 0.00242603 0.0030153 0.00287006 0.00259744 0.135802 0.00333341 0.00180352 0.00422828 0.00253556 0.00234393 -0.00137805 -0.00137396 -0.00225113 -0.00183887 -0.00213165 -0.00273702 -0.00219583 -0.00205781 -0.00197246 -0.0021955 -0.00185958 -0.0018378 -0.00275372 -0.00305716 -0.00154303 -0.00227817 -0.0010693 -0.0021047 -0.00217576 -0.00277897 -0.00220481 -0.00260662 -0.00284626 -0.00129209 -0.00205379 -0.0008795 -0.00128392 -0.00096075 -0.00130048 -0.00211181 -0.00152098 -0.00243061 -0.00224457 -0.00207448 -0.00199286 -0.00180403 -0.00128191 -0.00229975 -0.00184461 -0.00143625 -0.00108238 -0.00119703 -0.00211535 -0.00188055 -0.00239302 -0.00263737 -0.00154813 -0.00228523 -0.00110218 -0.00231903 -0.00253839 -0.00121859 -0.00189715 -0.00153722 -0.000887492 -0.00160263 -0.00187602 -0.00210089 -0.0017462 -0.0011427 -0.00221025 -0.00142963 -0.00171509 -0.000814682 -0.00191733 -0.00202678 -0.00179832 -0.00203678 -0.00161985 -0.00182945 -0.00223915 -0.00234355 -0.00125447 -0.00152598 -0.00187489 -0.00254941 -0.00188454 -0.0012057 -0.00158658 -0.00162155 -0.00270071 -0.002499 -0.00215039 -0.00197649 
-0.00152664 -0.00186992 -0.00255573 -0.00177416 -0.00130974 -0.00180115 0.00129197 0.00229388 0.00164749 0.00283112 0.00333341 0.13769 0.00390845 0.00371628 0.00277459 0.0030466 0.00294518 -0.00116873 -0.00153272 -0.00297466 -0.00182154 -0.00222865 -0.00195246 -0.00174663 -0.00160049 -0.00212354 -0.00226945 -0.00235466 -0.00188498 -0.00284023 -0.00201024 -0.00231946 -0.00196182 -0.00222099 -0.00169266 -0.00261235 -0.00123941 -0.00146961 -0.00272448 -0.00176365 -0.00208316 -0.00159794 -0.0016664 -0.00160044 -0.00158941 -0.0021152 -0.00121431 -0.00174008 -0.0022371 -0.0023149 -0.00250248 -0.00146744 -0.00080384 -0.00170222 -0.00219343 -0.00173921 -0.00146759 -0.0015235 -0.00240632 -0.00200753 -0.00188144 -0.00243132 -0.00206503 -0.00177194 -0.00155492 -0.00139999 -0.00184033 -0.00195446 -0.00138393 -0.00103791 -0.00236323 -0.00143157 -0.002771 -0.00172185 -0.00169611 -0.00152747 -0.00105181 -0.0024947 -0.00317885 -0.00213307 -0.001799 -0.00155009 -0.00164519 -0.00239645 -0.00178288 -0.00125657 -0.00114467 -0.00207426 -0.00177894 -0.00103515 -0.00228189 -0.00195998 -0.00179487 -0.00175536 -0.00139175 -0.00170361 -0.00190644 -0.00187607 -0.00118873 -0.00214289 
-0.00230822 -0.00157327 -0.00120414 -0.00194884 -0.00123066 -0.00179459 -0.00165252 0.00227788 0.00245779 0.00184168 0.00180352 0.00390845 0.138598 0.00351867 0.00288063 0.00228665 0.00310589 -0.000942624 -0.00176341 -0.00272427 -0.00211301 -0.000735365 -0.00264725 -0.00199713 -0.00227799 -0.00248673 -0.00207324 -0.00225214 -0.00220047 -0.00221082 -0.00289391 -0.00194557 -0.00162454 -0.00262317 -0.00163892 -0.00166594 -0.0016445 -0.00206479 -0.0019103 -0.00158435 -0.00208432 -0.00208104 -0.00134239 -0.00164543 -0.00183582 -0.00139668 -0.00238544 -0.00223198 -0.000743008 -0.00161305 -0.00183433 -0.00208014 -0.00160806 -0.00164671 -0.00169016 -0.00236894 -0.000994555 -0.00104995 -0.0015762 -0.00216496 -0.00157921 -0.00248963 -0.00190529 -0.0023537 -0.00163784 -0.00270921 -0.00192979 -0.00275975 -0.00212201 -0.00141679 -0.00172474 -0.00213614 -0.00161869 -0.00171271 -0.000977362 -0.00211638 -0.00181863 -0.00198557 -0.00125981 -0.0018885 -0.00120351 -0.000909332 -0.00156698 -0.00229759 -0.0019317 -0.00167348 -0.00214935 -0.00160538 -0.00127844 -0.00186508 -0.00233711 -0.00218593 -0.00140152 -0.00058138 -0.00172191 -0.00157111 -0.00135173 -0.0019185 -0.00111997 -0.00176187 
-0.00115327 -0.00213962 -0.00196943 -0.00173123 -0.00181623 -0.00115856 -0.000977628 -0.00129364 0.00185458 0.00125912 0.00422828 0.00371628 0.00351867 0.139821 0.00301624 0.00291314 0.00175419 0.00246108 0.00182918 -0.00123975 -0.00130811 -0.00151045 -0.00231158 -0.00295106 -0.00221755 -0.00275192 -0.00206923 -0.00204137 -0.00193554 -0.00230371 -0.0020045 -0.00174796 -0.00159105 -0.00273273 -0.00204878 -0.00159743 -0.00212313 -0.00168238 -0.00208669 -0.00177572 -0.0016484 -0.00232947 -0.000950915 -0.00221264 -0.00134878 -0.00152417 -0.00262056 -0.00201691 -0.00177393 -0.00186903 -0.00255793 -0.00236766 -0.00192484 -0.00175705 -0.0016051 -0.00275107 -0.00209142 -0.000934181 -0.00217427 -0.00171756 -0.00220121 -0.00267511 -0.00191376 -0.00118204 -0.00168062 -0.00138952 -0.00125273 -0.00218385 -0.00251718 -0.00180537 -0.0014059 -0.00161012 -0.00169001 -0.0017662 -0.00144792 -0.00158061 -0.00149284 -0.00273565 -0.0019359 -0.00193568 -0.00173385 -0.0023336 -0.00265065 -0.00193711 -0.00138922 -0.00194098 -0.00198533 -0.00128655 -0.00170189 -0.00100061 -0.00201854 -0.00210797 -0.00255782 -0.00160022 -0.00140503 -0.00238174 -0.00184188 -0.00127577 -0.00230689 -0.00206799 
-0.000901252 -0.00141132 -0.00173789 -0.00130905 -0.00183918 -0.00175027 -0.00155178 -0.00220771 -0.00172974 -0.00112521 0.00253556 0.00277459 0.00288063 0.00301624 0.136092 0.0024747 0.00347993 0.00311256 0.00193343 0.00209592 -0.0010757 -0.00230512 -0.000819193 -0.00194681 -0.0020496 -0.00215166 -0.000422302 -0.00292371 -0.00180206 -0.00163915 -0.00305055 -0.00194435 -0.00192719 -0.00248153 -0.00208402 -0.00188476 -0.00149613 -0.00273214 -0.00222463 -0.00196186 -0.00176567 -0.00197888 -0.00171614 -0.00109467 -0.00160581 -0.00187444 -0.00185637 -0.00163009 -0.00137745 -0.00223158 -0.00209163 -0.00152901 -0.00238123 -0.00149772 -0.00158549 -0.00134523 -0.00158546 -0.00110625 -0.00158805 -0.00197296 -0.00229493 -0.00206958 -0.00180438 -0.001769 -0.00185892 -0.00169971 -0.0019946 -0.00268108 -0.002278 -0.00174965 -0.0015677 -0.00138178 -0.00233799 -0.00289753 -0.00175999 -0.00192528 -0.00125202 -0.00342766 -0.00222884 -0.00176956 -0.00149662 -0.00176267 -0.00183504 -0.00107984 -0.001197 -0.00152962 -0.00187091 -0.00160055 -0.00174068 -0.00154914 -0.00214126 -0.00126462 -0.00190578 -0.00174483 -0.000718822 -0.00134011 -0.00138602 -0.00156739 -0.00181842 -0.00179765 
-0.002023 -0.00181251 -0.00127048 -0.00178982 -0.00175803 -0.00153513 -0.00190269 -0.00196426 -0.0013998 -0.00118032 0.00234393 0.0030466 0.00228665 0.00291314 0.0024747 0.139849 0.00233693 0.00262136 0.00203027 0.00276031 -0.00148338 -0.00152831 -0.00175195 -0.00240001 -0.0017762 -0.00174734 -0.00168839 -0.00226465 -0.00204022 -0.0025457 -0.00267568 -0.00256624 -0.00346806 -0.00225961 -0.0019877 -0.00133259 -0.00217955 -0.00147594 -0.00210325 -0.00159232 -0.00114621 -0.00223977 -0.00145879 -0.00169922 -0.00162133 -0.0027019 -0.001522 -0.0012371 -0.000971377 -0.00207568 -0.00219382 -0.00172394 -0.00230481 -0.00206507 -0.00184852 -0.00240829 -0.00175374 -0.00194542 -0.00212603 -0.00212799 -0.00238093 -0.00155853 -0.00198201 -0.00167619 -0.00157122 -0.00127451 -0.00211604 -0.0014889 -0.00144533 -0.00103998 -0.00170853 -0.00192289 -0.00196652 -0.00152294 -0.000260142 -0.00181237 -0.00185962 -0.000558798 -0.00185104 -0.00166937 -0.00116819 -0.00169032 -0.00183171 -0.00173473 -0.00136774 -0.00128945 -0.00183271 -0.00148994 -0.00294704 -0.0011203 -0.00163655 -0.00263742 -0.00144613 -0.00181156 -0.00210385 -0.00157986 -0.00178845 -0.00191109 -0.00282196 -0.00211414 
-0.00174683 -0.00197273 -0.00137557 -0.00175542 -0.00210881 -0.00185715 -0.00205048 -0.0014703 -0.00101064 -0.00128467 -0.00137805 0.00294518 0.00310589 0.00175419 0.00347993 0.00233693 0.138462 0.00223618 0.00311033 0.00290521 0.00168191 0.00104667 -0.00266975 -0.00211268 -0.00242447 -0.00228133 -0.00233391 -0.00171183 -0.00153231 -0.00250498 -0.00184651 -0.00283865 -0.00171929 -0.00213061 -0.00142885 -0.00201974 -0.00163656 -0.00212098 -0.00212052 -0.00118825 -0.00141256 -0.00247537 -0.00202197 -0.00214725 -0.00082806 -0.00234363 -0.00101699 -0.000908614 -0.00205098 -0.00108957 -0.000775882 -0.000925029 -0.00243022 -0.00188674 -0.0021445 -0.00178229 -0.00260823 -0.00174998 -0.00297396 -0.00181788 -0.00186104 -0.00298046 -0.000890824 -0.00276862 -0.00227804 -0.00203689 -0.00186733 -0.00245969 -0.00177411 -0.00208524 -0.000568953 -0.00165276 -0.00298307 -0.00135018 -0.00159596 -0.00151686 -0.00151891 -0.00229645 -0.00194106 -0.00129332 -0.00191805 -0.00144823 -0.00143783 -0.00110849 -0.00152655 -0.00186621 -0.000975012 -0.00170494 -0.00114615 -0.00156017 -0.00227232 -0.00124372 -0.00237105 -0.00216221 -0.00215399 -0.00270205 -0.00177502 -0.00141384 -0.00251065 -0.00202662 
-0.00181153 -0.00201515 -0.0018305 -0.00135365 -0.00209618 -0.00160583 -0.00137454 -0.00164011 -0.00138572 -0.00169889 -0.00137396 -0.00116873 -0.000942624 0.00246108 0.00311256 0.00262136 0.00223618 0.140973 0.00255165 0.00221354 0.00195638 0.00230053 0.00251632 -0.00192331 -0.00264524 -0.00167714 -0.000691376 -0.00252956 -0.00253151 -0.00235364 -0.00229981 -0.0025553 -0.00270004 -0.00258363 -0.00220759 -0.00273864 -0.00146011 -0.00197744 -0.0012565 -0.00231012 -0.00183401 -0.00185456 -0.00193666 -0.00204967 -0.00164712 -0.00172497 -0.00159159 -0.00125449 -0.00174683 -0.00237906 -0.00177962 -0.00148475 -0.0019926 -0.00290125 -0.00178469 -0.00151033 -0.00179759 -0.00177558 -0.00277965 -0.00218578 -0.00192304 -0.00149538 -0.0017367 -0.000956229 -0.00106906 -0.000605436 -0.00028316 -0.00119016 -0.00243305 -0.0016803 -0.00145678 -0.00208225 -0.00172696 -0.001303 -0.00130017 -0.00227331 -0.00208993 -0.00208559 -0.00162026 -0.00114873 -0.00178155 -0.00251677 -0.00248008 -0.00147986 -0.00199897 -0.00143489 -0.00121554 -0.00172902 -0.00133709 -0.0020936 -0.0020625 -0.00233241 -0.00154939 -0.00225444 -0.0017324 -0.00186174 -0.00231621 -0.00168111 -0.00255933 -0.0013171 
-0.00160684 -0.000719415 -0.00195926 -0.00115869 -0.0020256 -0.00248298 -0.00197515 -0.00215068 -0.00132517 -0.00111351 -0.00225113 -0.00153272 -0.00176341 0.00182918 0.00193343 0.00203027 0.00311033 0.00255165 0.137165 0.00283567 0.00261762 0.00251884 0.000954979 -0.00215089 -0.0022352 -0.00307832 -0.00205447 -0.00274746 -0.00201275 -0.00236585 -0.00155017 -0.00105956 -0.00208166 -0.00177004 -0.00168071 -0.000954607 -0.00217304 -0.00244065 -0.00163141 -0.00188654 -0.00202109 -0.00179794 -0.00170097 -0.0023835 -0.000912851 -0.00152621 -0.00165989 -0.00225994 -0.00184729 -0.00239366 -0.00171861 -0.00194194 -0.00239017 -0.00173536 -0.00218611 -0.00239811 -0.000666961 -0.00219504 -0.00102503 -0.00243011 -0.00151896 -0.00253505 -0.00151829 -0.00184667 -0.00117848 -0.000821056 -0.00184691 -0.00247065 -0.00249259 -0.00115674 -0.000457605 -0.00170172 -0.00226766 -0.00170198 -0.00141708 -0.00118339 -0.00147037 -0.00105155 -0.00228559 -0.00193786 -0.000232831 -0.0018474 -0.00222414 -0.000490181 -0.00118513 -0.00133489 -0.00118662 -0.000903772 -0.00152474 -0.00181448 -0.00175012 -0.00180828 -0.00266399 -0.00206844 -0.00223767 -0.00217467 -0.00192509 -0.00161953 -0.00071024 -0.00185583 
-0.00117591 -0.0024924 -0.00158228 -0.00117291 -0.00198194 -0.00234566 -0.00224069 -0.00208711 -0.00298671 -0.00335134 -0.00183887 -0.00297466 -0.00272427 -0.00123975 0.00209592 0.00276031 0.00290521 0.00221354 0.00283567 0.146862 0.00285301 0.00218537 0.00328054 0.00294584 0.0021393 -0.00133068 -0.00262566 -0.00209879 -0.00122421 -0.002168 -0.00214917 -0.00209861 -0.00253255 -0.00215769 -0.00329593 -0.00222842 -0.00105405 -0.00304132 -0.00217263 -0.00188332 -0.00257376 -0.00180497 -0.00191977 -0.000951076 -0.00159385 -0.00183218 -0.00125497 -0.00132825 -0.00267763 -0.00159582 -0.00188712 -0.0018709 -0.00247541 -0.00133675 -0.00121975 -0.0017313 -0.00166953 -0.00216065 -0.00268545 -0.00233932 -0.00159859 -0.00207728 -0.0014113 -0.00165124 -0.00247353 -0.00250097 -0.00242223 -0.00139379 -0.00141454 -0.00142235 -0.0015264 -0.0016775 -0.0010662 -0.00208381 -0.00128523 -0.00134959 -0.00188935 -0.00168545 -0.00198207 -0.00197202 -0.00128092 -0.00150374 -0.0020103 -0.00241597 -0.00183458 -0.00206972 -0.00195929 -0.00149951 -0.00142449 -0.00120173 -0.00200699 -0.0019025 -0.00231027 -0.00179783 -0.00283286 -0.00223393 -0.0020729 -0.00292575 -0.00218969 -0.0015564 
-0.00170263 -0.00179931 -0.0023545 -0.00235294 -0.00221237 -0.0023981 -0.00236495 -0.00149853 -0.00139821 -0.00152672 -0.00213165 -0.00182154 -0.00211301 -0.00130811 -0.0010757 -0.00148338 0.00168191 0.00195638 0.00261762 0.00285301 0.147255 0.00192064 0.00324853 0.00340476 0.00205052 0.00235523 -0.0008973 -0.00199913 -0.00122232 -0.00229069 -0.00141163 -0.00157083 -0.00299738 -0.00185775 -0.00133227 -0.00181593 -0.00227838 -0.00168888 -0.00193356 -0.00133827 -0.00199796 -0.00210037 -0.00145621 -0.00191938 -0.00221124 -0.00238106 -0.00144063 -0.0014978 -0.00303449 -0.00119094 -0.00204312 -0.00119182 -0.0012835 -0.00144601 -0.00184843 -0.00263083 -0.00134387 -0.00182692 -0.00230905 -0.00223669 -0.00215261 -0.00171162 -0.00124764 -0.00176679 -0.0015379 -0.00179394 -0.00207913 -0.00138727 -0.0017811 -0.00259662 -0.00205606 -0.0014537 -0.00195172 -0.00272852 -0.00223197 -0.00174459 -0.00234535 -0.00175016 -0.00166894 -0.00126084 -0.00182706 -0.00145523 -0.00188935 -0.00239695 -0.00219624 -0.00199527 -0.00208087 -0.00273764 -0.00184604 -0.00189276 -0.0024184 -0.00248351 -0.00245645 -0.00249065 -0.00218523 -0.00193716 -0.00152262 -0.00164777 -0.00157081 -0.00150066 
-0.00169269 -0.001927 -0.00189465 -0.00242481 -0.00165431 -0.00194692 -0.00218603 -0.00229226 -0.00193208 -0.001517 -0.00273702 -0.00222865 -0.000735365 -0.00151045 -0.00230512 -0.00152831 0.00104667 0.00230053 0.00251884 0.00218537 0.00192064 0.142662 0.00293058 0.00207322 0.00300398 0.00357315 -0.0014904 -0.00155182 -0.00165181 -0.00209187 -0.00140836 -0.00160413 -0.00197971 -0.00142427 -0.0018568 -0.00141446 -0.00218481 -0.0022137 -0.00170309 -0.00244293 -0.00201653 -0.0021311 -0.00112884 -0.00190768 -0.00259022 -0.0013208 -0.00162519 -0.00209395 -0.0019632 -0.00162101 -0.000327228 -0.00144446 -0.00141095 -0.00185119 -0.00147568 -0.00277247 -0.00211466 -0.00169855 -0.00270663 -0.00194041 -0.00151357 -0.000989122 -0.0016242 -0.00156464 -0.00144139 -0.00127599 -0.00111442 -0.00203887 -0.00212546 -0.00158364 -0.00222291 -0.00195413 -0.00132872 -0.00242956 -0.00172641 -0.0018767 -0.00214615 -0.00242249 -0.00185046 -0.00148344 -0.00178827 -0.0017381 -0.00213713 -0.00083815 -0.00166536 -0.00173126 -0.000570737 -0.00160139 -0.00225323 -0.00167888 -0.00218864 -0.00225007 -0.00216767 -0.00227811 -0.0025771 -0.00195701 -0.00203793 -0.00195474 -0.0017343 -0.0026835 
-0.00238844 -0.00159631 -0.000998915 -0.0012963 -0.00301744 -0.00115229 -0.0024578 -0.00130866 -0.00233811 -0.00198591 -0.00219583 -0.00195246 -0.00264725 -0.00231158 -0.000819193 -0.00175195 -0.00266975 0.00251632 0.000954979 0.00328054 0.00324853 0.00293058 0.148055 0.00224981 0.00277408 0.0032572 0.0020004 -0.00191816 -0.00242873 -0.00138142 -0.00254786 -0.00184707 -0.00237543 -0.00134645 -0.00157206 -0.00251551 -0.00157562 -0.00123268 -0.00205936 -0.00260474 -0.0012219 -0.00242843 -0.00208088 -0.00179446 -0.00226685 -0.00190267 -0.00164556 -0.00128575 -0.00242168 -0.00193894 -0.00258778 -0.00236886 -0.00134058 -0.00168361 -0.00241747 -0.00273268 -0.00163554 -0.00240774 -0.000959021 -0.000180979 -0.00129432 -0.00215007 -0.00106374 -0.0017589 -0.00173449 -0.0011263 -0.00147029 -0.00186396 -0.00123916 -0.00228196 -0.00218634 -0.00156913 -0.00188911 -0.00144187 -0.00163672 -0.00111876 -0.00156317 -0.00211134 -0.00176636 -0.00116551 -0.00131373 -0.00203021 -0.00190282 -0.00142419 -0.00188395 -0.00243725 -0.00225656 -0.00238028 -0.00174049 -0.00271075 -0.00178107 -0.0024613 -0.00232907 -0.00236187 -0.00330466 -0.00299766 -0.00239983 -0.0015734 -0.00144498 -0.00250754 
-0.00157552 -0.00208862 -0.00256037 -0.00231443 -0.00133124 -0.00353792 -0.00304705 -0.00200887 -0.00275915 -0.00166324 -0.00205781 -0.00174663 -0.00199713 -0.00295106 -0.00194681 -0.00240001 -0.00211268 -0.00192331 -0.00215089 0.00294584 0.00340476 0.00207322 0.00224981 0.142524 0.00394738 0.00279815 0.00270625 0.00186967 -0.0007491 -0.000894886 -0.000214755 -0.00209843 -0.00180681 -0.00163717 -0.00221497 -0.00216783 -0.00169927 -0.00163987 -0.00182736 -0.00196314 -0.0022575 -0.00182707 -0.00183393 -0.00219493 -0.00170724 -0.00197908 -0.00180852 -0.00148227 -0.00232785 -0.0017199 -0.00177616 -0.00204146 -0.00172486 -0.00125063 -0.00162209 -0.00229426 -0.00204321 -0.00211937 -0.00173557 -0.00176304 -0.00133232 -0.00204711 -0.00254884 -0.0024099 -0.000826334 -0.00198697 -0.0010148 -0.00152828 -0.00175753 -0.00182376 -0.00204143 -0.0016746 -0.001626 -0.00238085 -0.00134606 -0.00212746 -0.00136262 -0.00215949 -0.00276111 -0.00167504 -0.00129787 -0.00210761 -0.00208556 -0.00177509 -0.00146909 -0.00166435 -0.00166009 -0.00136484 -0.000797984 -0.00156784 -0.00127829 -0.0012924 -0.001506 -0.00180642 -0.000984191 -0.00125531 -0.00180869 -0.00170618 -0.00146905 -0.000596061 
-0.00180093 -0.00188373 -0.0024661 -0.00130088 -0.00188104 -0.00183778 -0.00217276 -0.00172294 -0.00231701 -0.00252775 -0.00197246 -0.00160049 -0.00227799 -0.00221755 -0.0020496 -0.0017762 -0.00242447 -0.00264524 -0.0022352 0.0021393 0.00205052 0.00300398 0.00277408 0.00394738 0.150165 0.0042876 0.00270627 0.00211261 0.00209098 0.00197067 -0.00119284 -0.0014077 -0.00258478 -0.00204696 -0.00239889 -0.00262359 -0.00192154 -0.00155569 -0.00196053 -0.00150104 -0.00164619 -0.00223664 -0.00171119 -0.0023727 -0.00171943 -0.00132196 -0.00181636 -0.00222738 -0.00206578 -0.00126544 -0.00266302 -0.00212077 -0.00185739 -0.00119573 -0.00211331 -0.00211662 -0.001883 -0.00159187 -0.0010406 -0.00251995 -0.00134186 -0.002948 -0.00162685 -0.002569 -0.00222455 -0.00241092 -0.00189055 -0.00279732 -0.00218651 -0.00231169 -0.00161177 -0.00166306 -0.00148745 -0.000910418 -0.000551488 -0.00167756 -0.00147639 -0.00290059 -0.00196935 -0.0021846 -0.00282727 -0.00171316 -0.00171388 -0.0015637 -0.00183008 -0.00245477 -0.00203044 -0.00188993 -0.00177353 -0.00216542 -0.00145833 -0.00239718 -0.00299453 -0.00274867 -0.00211061 -0.00103513 -0.00247396 -0.00300244 -0.00248684 -0.00204959 
-0.00284309 -0.00176794 -0.00201 -0.00169971 -0.00233701 -0.00239154 -0.00152132 -0.00244923 -0.0029818 -0.002484 -0.0021955 -0.00212354 -0.00248673 -0.00275192 -0.00215166 -0.00174734 -0.00228133 -0.00167714 -0.00307832 -0.00133068 0.00235523 0.00357315 0.0032572 0.00279815 0.0042876 0.142261 0.00300434 0.00353509 0.00295691 0.00354614 0.00319167 -0.000779654 -0.00133067 -0.00197942 -0.00211102 -0.00247512 -0.00211187 -0.00172201 -0.00236718 -0.00224809 -0.00167372 -0.00201115 -0.00137761 -0.00185144 -0.00208417 -0.00194971 -0.00246453 -0.000864474 -0.00167287 -0.00211877 -0.00165044 -0.00276954 -0.00175278 -0.00201658 -0.00194043 -0.00191887 -0.00169244 -0.00150208 -0.00166758 -0.0019204 -0.00225652 -0.00182599 -0.0017425 -0.00161526 -0.00189375 -0.00115317 -0.00191464 -0.0014501 -0.00155713 -0.0022151 -0.00198621 -0.00184612 -0.0021438 -0.00198153 -0.00257385 -0.00132856 -0.00234677 -0.00118223 -0.0021795 -0.00179483 -0.00117788 -0.00199394 -0.0018018 -0.00205803 -0.00203916 -0.00144472 -0.00147276 -0.00162894 -0.0011207 -0.0012811 -0.00260893 -0.00237087 -0.00217153 -0.00222735 -0.00277862 -0.00226032 -0.0020114 -0.00244333 -0.00205218 -0.00250059 
-0.0016074 -0.00116041 -0.00242252 -0.00164613 -0.00131166 -0.00147376 -0.00153518 -0.00239129 -0.00237069 -0.00206039 -0.00185958 -0.00226945 -0.00207324 -0.00206923 -0.000422302 -0.00168839 -0.00233391 -0.000691376 -0.00205447 -0.00262566 -0.0008973 -0.0014904 0.0020004 0.00270625 0.00270627 0.00300434 0.13887 0.00175085 0.00188041 0.00265877 0.00224866 0.00241237 -0.00228159 -0.00195908 -0.000657073 -0.00141865 -0.00158408 -0.00257836 -0.001987 -0.00131351 -0.00179787 -0.00162212 -0.00149039 -0.00133255 -0.00202842 -0.0017838 -0.00183646 -0.00212827 -0.00229636 -0.00208744 -0.00171422 -0.00144602 -0.00227531 -0.00194118 -0.00139236 -0.00120842 -0.00198215 -0.00157016 -0.000996574 -0.00143818 -0.00323393 -0.00243712 -0.00147155 -0.00217079 -0.00138905 -0.00203343 -0.00165135 -0.00196501 -0.00201255 -0.00209625 -0.00200249 -0.0011238 -0.00223973 -0.00178943 -0.00227907 -0.00133477 -0.00217709 -0.00205877 -0.00163783 -0.00171403 -0.00212659 -0.00227589 -0.00240079 -0.0014759 -0.000839098 -0.00146491 -0.00221221 -0.00123334 -0.00147057 -0.00184869 -0.00233317 -0.00185745 -0.00148591 -0.00175194 -0.00147828 -0.0019443 -0.00132208 -0.00237908 -0.00103506 -0.00188313 
-0.00180051 -0.00128997 -0.00184322 -0.00287511 -0.00198142 -0.00157893 -0.00191788 -0.00213583 -0.00206212 -0.00202241 -0.0018378 -0.00235466 -0.00225214 -0.00204137 -0.00292371 -0.00226465 -0.00171183 -0.00252956 -0.00274746 -0.00209879 -0.00199913 -0.00155182 -0.00191816 0.00186967 0.00211261 0.00353509 0.00175085 0.137758 0.00316749 0.00321988 0.00243985 0.00248329 0.00211947 -0.000993025 -0.00183318 -0.00163186 -0.00155192 -0.00131475 -0.00202978 -0.00178298 -0.00229655 -0.0016909 -0.00151868 -0.00160734 -0.00219844 -0.00210843 -0.00225698 -0.00186522 -0.00145959 -0.000546462 -0.0018949 -0.00209225 -0.00129084 -0.00104451 -0.00124157 -0.00173746 -0.00242122 -0.00213778 -0.00148559 -0.0019087 -0.00124534 -0.000982189 -0.00127332 -0.00116807 -0.00186422 -0.00264022 -0.00101231 -0.00152516 -0.00148356 -0.00187875 -0.00183615 -0.0026745 -0.000711785 -0.00111912 -0.00140981 -0.00116894 -0.00276209 -0.00152047 -0.00185349 -0.00185164 -0.00216599 -0.00173923 -0.00188715 -0.00158245 -0.00145531 -0.00169907 -0.00199851 -0.00213363 -0.000577817 -0.00141488 -0.0025235 -0.00160772 -0.00159289 -0.0019656 -0.00215182 -0.00176064 -0.00208107 -0.00137625 -0.00187208 -0.00121024 
-0.00109258 -0.0019464 -0.00107266 -0.00186832 -0.00189019 -0.00266048 -0.00201728 -0.00161076 -0.00188446 -0.00196365 -0.00275372 -0.00188498 -0.00220047 -0.00193554 -0.00180206 -0.00204022 -0.00153231 -0.00253151 -0.00201275 -0.00122421 -0.00122232 -0.00165181 -0.00242873 -0.0007491 0.00209098 0.00295691 0.00188041 0.00316749 0.137851 0.00346903 0.00168003 0.00270061 0.00284838 0.00159698 -0.00212209 -0.00204537 -0.00203529 -0.00164986 -0.00214579 -0.00214038 -0.0018812 -0.00178764 -0.00148645 -0.00158935 -0.00178341 -0.00242045 -0.00230217 -0.00163824 -0.00203257 -0.00129141 -0.00169377 -0.00228943 -0.00254515 -0.00205708 -0.00236463 -0.00182471 -0.0025986 -0.00219705 -0.00224325 -0.00178235 -0.00220236 -0.00138191 -0.00184527 -0.00160796 -0.00136746 -0.00196026 -0.00176182 -0.00191323 -0.00181603 -0.00204237 -0.00179999 -0.00186045 -0.00231364 -0.00156338 -0.00146487 -0.00125328 -0.00215748 -0.00127578 -0.00143424 -0.00172456 -0.0019311 -0.00152173 -0.00178107 -0.00187811 -0.00230031 -0.000667078 -0.00168852 -0.00133361 -0.00158886 -0.00137962 -0.00149682 -0.00127998 -0.00135799 -0.00232244 -0.000613776 -0.000903741 -0.00121083 -0.00111729 -0.00181244 -0.00138571 
-0.00193319 -0.0021161 -0.00154907 -0.00224816 -0.00191497 -0.0026496 -0.00142806 -0.00217582 -0.0027381 -0.00181295 -0.00305716 -0.00284023 -0.00221082 -0.00230371 -0.00163915 -0.0025457 -0.00250498 -0.00235364 -0.00236585 -0.002168 -0.00229069 -0.00209187 -0.00138142 -0.000894886 0.00197067 0.00354614 0.00265877 0.00321988 0.00346903 0.139568 0.00224299 0.00183927 0.00311852 0.00274177 -0.00144155 -0.00174385 -0.00171649 -0.00220197 -0.00209215 -0.00113312 -0.00180127 -0.00090131 -0.00244198 -0.00151758 -0.00170223 -0.00166493 -0.00131935 -0.00219054 -0.00193395 -0.00111997 -0.00146641 -0.00218299 -0.00276206 -0.00265634 -0.0019218 -0.00147769 -0.00229591 -0.00246673 -0.00186095 -0.00151386 -0.00269846 -0.00129079 -0.00195399 -0.00173391 -0.000900981 -0.00171854 -0.00145969 -0.00130839 -0.00220993 -0.002786 -0.00143987 -0.001436 -0.00185748 -0.00178947 -0.0010958 -0.00246335 -0.0014209 -0.00203048 -0.00185702 -0.00166286 -0.00180263 -0.00144466 -0.00121535 -0.000789915 -0.00172227 -0.00147364 -0.00184652 -0.00107993 -0.000898926 -0.000797785 -0.00144352 -0.00220379 -0.00118496 -0.00186954 -0.00234347 -0.00193624 -0.0013436 -0.00171101 -0.00137063 -0.00204136 
-0.00189676 -0.00153366 -0.00172885 -0.00286636 -0.00152071 -0.0020673 -0.00185926 -0.0020838 -0.00207595 -0.00199177 -0.00154303 -0.00201024 -0.00289391 -0.0020045 -0.00305055 -0.00267568 -0.00184651 -0.00229981 -0.00155017 -0.00214917 -0.00141163 -0.00140836 -0.00254786 -0.000214755 -0.00119284 0.00319167 0.00224866 0.00243985 0.00168003 0.00224299 0.142508 0.0029465 0.00248813 0.00294422 0.00229556 0.00229497 -0.00124805 -0.00181658 -0.00150983 -0.0023548 -0.00180026 -0.00188686 -0.00230968 -0.00226687 -0.00200682 -0.00221339 -0.00185952 -0.00109814 -0.00243111 -0.00124986 -0.00163027 -0.00155753 -0.00159005 -0.00201664 -0.00234296 -0.00183941 -0.00220757 -0.00237006 -0.00162352 -0.00143797 -0.00214911 -0.00186478 -0.00190262 -0.00175339 -0.00149002 -0.00191335 -0.00212176 -0.00217405 -0.00206497 -0.0024495 -0.000811007 -0.00144806 -0.00186452 -0.00188365 -0.00110664 -0.00204787 -0.00220084 -0.00110765 -0.00249859 -0.00165425 -0.00110943 -0.00120897 -0.00165489 -0.000875769 -0.00168633 -0.00110739 -0.00177363 -0.00226369 -0.00226071 -0.00243707 -0.00201531 -0.00190626 -0.0019172 -0.00266457 -0.00297622 -0.00256444 -0.00230914 -0.00185642 -0.00200152 -0.00109353 
-0.0021618 -0.00245454 -0.00174226 -0.00211139 -0.00241036 -0.00210491 -0.00169104 -0.00203263 -0.00177774 -0.00140624 -0.00227817 -0.00231946 -0.00194557 -0.00174796 -0.00194435 -0.00256624 -0.00283865 -0.0025553 -0.00105956 -0.00209861 -0.00157083 -0.00160413 -0.00184707 -0.00209843 -0.0014077 -0.000779654 0.00241237 0.00248329 0.00270061 0.00183927 0.0029465 0.133943 0.00292627 0.0025789 0.00153785 0.00175729 0.00221751 -0.000990692 -0.000992613 -0.00129746 -0.00252314 -0.00174914 -0.00177694 -0.00199285 -0.00144794 -0.0022803 -0.00157917 -0.00105009 -0.00160708 -0.00224233 -0.00216232 -0.00192462 -0.00164989 -0.00238585 -0.00200465 -0.00204305 -0.00139214 -0.00162247 -0.00164274 -0.00150915 -0.00158083 -0.0018092 -0.000902748 -0.00220754 -0.00138354 -0.00145688 -0.000817357 -0.00114629 -0.00165687 -0.00185141 -0.00111483 -0.00112888 -0.00124501 -0.00222272 -0.00113317 -0.00197343 -0.00213078 -0.00218404 -0.00172636 -0.00212025 -0.00153933 -0.00120213 -0.00199417 -0.000928439 -0.00103646 -0.0018554 -0.00174564 -0.00112039 -0.00137968 -0.00197837 -0.00177918 -0.001948 -0.00216102 -0.00221904 -0.00210264 -0.00168108 -0.00204484 -0.00191622 -0.00253844 -0.00195852 
-0.00169936 -0.0018979 -0.00134874 -0.002037 -0.00202619 -0.00336092 -0.00170366 -0.00233161 -0.0016717 -0.000833142 -0.0010693 -0.00196182 -0.00162454 -0.00159105 -0.00192719 -0.00346806 -0.00171929 -0.00270004 -0.00208166 -0.00253255 -0.00299738 -0.00197971 -0.00237543 -0.00180681 -0.00258478 -0.00133067 -0.00228159 0.00211947 0.00284838 0.00311852 0.00248813 0.00292627 0.135137 0.00375825 0.0023497 0.00242794 0.00147364 0.00204216 -0.00195409 -0.000763543 -0.00232236 -0.00111607 -0.00217831 -0.00254508 -0.00178995 -0.00218148 -0.00261708 -0.00186982 -0.00163205 -0.00188587 -0.00113099 -0.00209783 -0.00125868 -0.00250334 -0.00111213 -0.00170159 -0.00169507 -0.00137772 -0.000870742 -0.00151024 -0.00153604 -0.00188564 -0.00222464 -0.00174474 -0.0018327 -0.00215726 -0.00108644 -0.00218825 -0.00149459 -0.00176098 -0.00161583 -0.000946883 -0.00240724 -0.00201824 -0.00132625 -0.00147115 -0.00176759 -0.00144918 -0.00165456 -0.00109484 -0.00161269 -0.0018845 -0.00156073 -0.00183441 -0.00224026 -0.00155685 -0.000514978 -0.00174904 -0.00234939 -0.00183946 -0.00106904 -0.00169186 -0.00113356 -0.00268408 -0.00133728 -0.00259842 -0.00116058 -0.00154154 -0.00137288 -0.00223892 
