0.119042 0.00228034 0.00200361 0.00133842 0.00143723 0.00211174 -0.00055406 -0.000960452 -0.00114817 -0.00187641 -0.0012382 -0.000816386 -0.00103715 -0.00190032 -0.00175332 -0.00133396 -0.00170733 -0.00164158 -0.00236514 -0.00146197 -0.00167259 -0.00229008 -0.00116318 -0.00119066 -0.00294169 -0.00122243 -0.00216363 -0.00184372 -0.0017464 -0.00128679 -0.00178469 -0.00098423 -0.00147306 -0.00178144 -0.00138022 -0.0017955 -0.00125869 -0.00187854 -0.000993867 -0.00151347 -0.00122492 -0.0012484 -0.0014544 -0.00134935 -0.00161543 -0.00127435 -0.00123072 -0.00147519 -0.00235187 -0.00152058 -0.00176634 -0.00114624 -0.00110867 -0.00133281 -0.00109333 -0.00197205 -0.00128264 -0.00195895 -0.00168451 -0.0013889 -0.00169811 -0.00146469 -0.00187275 -0.00134881 -0.00162584 -0.00204723 -0.00151884 -0.00111681 -0.00181221 -0.00155837 -0.00186543 -0.00116911 -0.00162032 -0.00129382 -0.0014749 -0.00141118 -0.00169396 -0.0010843 -0.00173903 -0.00109848 -0.00123611 -0.00193089 -0.00137269 -0.00114832 -0.00226135 -0.00152072 -0.00138242 -0.00156808 -0.00155362 -0.00173283 -0.00219096 -0.00155892 -0.00111477 -0.00170464 -0.00117067 -0.000493085 0.00220278 0.00185516 0.00195046 0.00187177 
0.00228034 0.121779 0.00264602 0.00204625 0.00212136 0.00213655 0.00272224 -0.00232107 -0.000992774 -0.00124249 -0.0017979 -0.00128495 -0.0018856 -0.00123987 -0.00169019 -0.00170042 -0.0018099 -0.0013992 -0.00249864 -0.00230194 -0.00192842 -0.00220694 -0.00161093 -0.000795245 -0.00203883 -0.00260347 -0.00268265 -0.00278199 -0.00212403 -0.00205389 -0.00255339 -0.00217095 -0.00210921 -0.00148091 -0.00121401 -0.000726702 -0.00163326 -0.00139004 -0.00115395 -0.00207398 -0.00111146 -0.00136859 -0.000906204 -0.00149305 -0.0017115 -0.000831636 -0.00133796 -0.00122645 -0.00163219 -0.00185903 -0.00134517 -0.00137491 -0.00180556 -0.00193938 -0.00208134 -0.00113364 -0.000991631 -0.0018244 -0.00164526 -0.00208807 -0.00180566 -0.0013904 -0.000580702 -0.00159927 -0.00176825 -0.00141779 -0.00139354 -0.00148387 -0.000849268 -0.00121803 -0.00148448 -0.002039 -0.00125566 -0.000474468 -0.000579556 -0.0010008 -0.000821332 -0.00186048 -0.00138641 -0.00173635 -0.00185299 -0.00231659 -0.00137764 -0.00138228 -0.00162583 -0.00143216 -0.00134984 -0.00104168 -0.00153563 -0.00132072 -0.00126231 -0.000981552 -0.00188073 -0.00116515 -0.00193618 -0.00114119 -0.000841301 0.00101297 0.000953743 0.00209573 
0.00200361 0.00264602 0.125636 0.00233527 0.001903 0.00148187 0.00164128 0.00208564 -0.00182734 -0.0012597 -0.00170661 -0.000870433 -0.00146863 -0.00146429 -0.00125698 -0.00107085 -0.00174805 -0.00176129 -0.00282339 -0.00209053 -0.00213185 -0.00175587 -0.00226462 -0.00165523 -0.00232466 -0.00307385 -0.00174183 -0.00168282 -0.00156495 -0.00231456 -0.00184359 -0.00233147 -0.00161316 -0.00169122 -0.00165774 -0.000840794 -0.00188692 -0.00233688 -0.00193641 -0.00212377 -0.0010212 -0.00240231 -0.00203548 -0.00171194 -0.00208776 -0.00192225 -0.00128387 -0.0018236 -0.00200004 4.49172e-06 -0.00225376 -0.00123534 -0.00168315 -0.00138 -0.00143866 -0.00124724 -0.000717082 -0.00106714 -0.00155559 -0.00111836 -0.0010854 -0.000889814 -0.00140704 -0.00179978 -0.0017069 -0.00136598 -0.00169877 -0.000606999 -0.00156823 -0.00113578 -0.00124119 -0.00153901 -0.00181531 -0.00177598 -0.00136513 -0.0016752 -0.000978498 -0.00157928 -0.00140131 -0.00155276 -0.00167223 -0.0027256 -0.00155901 -0.000977478 -0.00238052 -0.00203099 -0.00187425 -0.00146493 -0.00141526 -0.00170988 -0.00108491 -0.00124924 -0.00165624 -0.00107384 -0.00111583 -0.00148011 -0.00154292 -0.000663175 0.00219242 0.00203992 
0.00133842 0.00204625 0.00233527 0.126808 0.00282007 0.00231985 0.00202507 0.00223172 0.00175939 -0.000799125 -0.000819678 -0.00142602 -0.00132789 -0.00220636 -0.0020457 -0.00177213 -0.0020282 -0.000780386 -0.00247401 -0.00135799 -0.00221932 -0.00178407 -0.00176235 -0.00133026 -0.00161892 -0.00201262 -0.00215277 -0.00201812 -0.00221574 -0.00176983 -0.00194525 -0.00233506 -0.00121489 -0.00219369 -0.00176521 -0.00190467 -0.00135512 -0.0012914 -0.00166903 -0.00173727 -0.00128885 -0.00131387 -0.00145092 -0.00162295 -0.00120566 -0.00106788 -0.00172249 -0.000855008 -0.0010852 -0.00169903 -0.00148505 -0.00169813 -0.00186521 -0.00242675 -0.00188832 -0.00178424 -0.00201613 -0.00179612 -0.00203437 -0.00177213 -0.00115651 -0.0019411 -0.00136072 -0.00107504 -0.00142414 -0.00184724 -0.00187105 -0.00221658 -0.00166948 -0.00240838 -0.00201977 -0.00192802 -0.0019267 -0.00104487 -0.000971762 -0.00162804 -0.00122387 -0.00147252 -0.000954545 -0.00180733 -0.0013275 -0.00155546 -0.00109258 -0.00114891 -0.0021398 -0.00124167 -0.0013341 -0.00103423 -0.00219753 -0.00131453 -0.00122359 -0.00144727 -0.00176314 -0.00136933 -0.00118831 -0.00186774 -0.0017957 -0.00198842 -0.00054421 0.00124906 
0.00143723 0.00212136 0.001903 0.00282007 0.123713 0.0025354 0.00204835 0.00208176 0.00270242 0.0027257 -0.001408 -0.0014106 -0.00194677 -0.001985 -0.00165526 -0.0017325 -0.0015887 -0.00219264 -0.00234599 -0.00111898 -0.00256074 -0.0014923 -0.00195966 -0.00120619 -0.00294161 -0.00248763 -0.00196791 -0.000952395 -0.00160534 -0.00133297 -0.00133345 -0.0019158 -0.00216567 -0.00191175 -0.00201256 -0.00175216 -0.00136464 -0.00123182 -0.00173906 -0.00211476 -0.00164921 -0.00151828 -0.00168932 -0.0008432 -0.00166346 -0.00176094 -0.000650533 -0.00151259 -0.000779725 -0.00104181 -0.00143853 -0.00166191 -0.00219032 -0.00186653 -0.00150326 -0.00171587 -0.00134225 -0.00251141 -0.00219037 -0.00228649 -0.00148188 -0.00285609 -0.00172078 -0.00177273 -0.00148273 -0.00170269 -0.00126777 -0.00121219 -0.00183393 -0.0015354 -0.00244429 -0.00104603 -0.00143642 -0.0014623 -0.000324719 -0.00138016 -0.00123407 -0.00153394 -0.0023357 -0.00123771 -0.00160463 -0.00149918 -0.00166263 -0.000200778 -0.00109948 -0.00168175 -0.00174132 -0.000723256 -0.00140666 -0.00153358 -0.00106283 -0.00144337 -0.001762 -0.00143542 -0.00212304 -0.00142907 -0.00175866 -0.000887032 -0.00120213 -0.00128079 
0.00211174 0.00213655 0.00148187 0.00231985 0.0025354 0.128638 0.00340581 0.00130447 0.00197724 0.00234645 0.00271198 -0.00149214 -0.00178606 -0.00134733 -0.00245138 -0.00129258 -0.00293744 -0.00165429 -0.00177827 -0.00338815 -0.00175493 -0.00178243 -0.00122592 -0.000891053 -0.00216462 -0.00202325 -0.00182719 -0.00173465 -0.00145714 -0.00179038 -0.00191873 -0.00204102 -0.00201571 -0.00131795 -0.00173506 -0.00143561 -0.00203476 -0.00251546 -0.00177037 -0.00184862 -0.00253131 -0.00181807 -0.00177939 -0.00153691 -0.00113221 -0.00156655 -0.00186824 -0.00204376 -0.00183011 -0.0016016 -0.00212269 -0.00210964 -0.00184256 -0.00138724 -0.00179645 -0.00217782 -0.00170461 -0.00162271 -0.00179942 -0.00217072 -0.000898371 -0.00239639 -0.00188136 -0.000741876 -0.00112988 -0.00194103 -0.00127223 -0.00134916 -0.00204536 -0.00143159 -0.0014598 -0.00147673 -0.00176016 -0.00178264 -0.00218192 -0.00115968 -0.000454221 -0.00190521 -0.00136545 -0.00102383 -0.00132539 -0.00160516 -0.00143591 -0.00119578 -0.00174393 -0.00169481 -0.00187829 -0.000972332 -0.0013627 -0.00196859 -0.00166669 -0.00168559 -0.00231561 -0.00229767 -0.00158879 -0.00194632 -0.0012392 -0.00129392 -0.00116087 -0.00108039 
-0.00055406 0.00272224 0.00164128 0.00202507 0.00204835 0.00340581 0.127496 0.00249918 0.00213205 0.00184652 0.00292488 0.00245506 -0.00189032 -0.00176864 -0.00162305 -0.00140236 -0.000901303 -0.00214977 -0.00258118 -0.00203126 -0.00257084 -0.00324328 -0.0029898 -0.00225491 -0.00220855 -0.00321707 -0.00156255 -0.00180283 -0.00198523 -0.00167241 -0.0025111 -0.00252993 -0.00119985 -0.00116834 -0.00222115 -0.000952788 -0.00199121 -0.00165143 -0.00139635 -0.00200405 -0.00208302 -0.00189254 -0.00193987 -0.00154857 -0.00198558 -0.00120687 -0.00116307 -0.00130753 -0.000529597 -0.00166065 -0.00149225 -0.00162739 -0.00230296 -0.00206368 -0.00112933 -0.00223458 -0.00150983 -0.00138066 -0.00161979 -0.00202659 -0.00114233 -0.00184454 -0.00181423 -0.00166933 -0.00133695 -0.00186594 -0.00166877 -0.00141467 -0.00196126 -0.0012134 -0.00168841 -0.000627289 -0.0018673 -0.00197264 -0.00158791 -0.00149006 -0.00125806 -0.00170024 -0.00159053 -0.00199669 -0.0012146 -0.00257551 -0.00169235 -0.00152924 -0.0019969 -0.00168037 -0.000931651 -0.000953528 -0.00175729 -0.00174389 -0.00116385 -0.00141519 -0.00173022 -0.00142076 -0.00187945 -0.00188653 -0.00110088 -0.00140365 -0.00158219 -0.00108755 
-0.000960452 -0.00232107 0.00208564 0.00223172 0.00208176 0.00130447 0.00249918 0.130911 0.00225075 0.00219135 0.00132522 0.00244185 0.000825492 -0.000409652 -0.00172027 -0.00185023 -0.00228503 -0.00289936 -0.0031883 -0.00230755 -0.00219773 -0.00307078 -0.00181449 -0.0022968 -0.00321717 -0.00238882 -0.00105788 -0.000906432 -0.00142647 -0.00257625 -0.00236283 -0.00252261 -0.00217457 -0.00223766 -0.00107204 -0.0018478 -0.00225899 -0.00146584 -0.0012323 -0.0020004 -0.00178779 -0.00221272 -0.00130324 -0.0021114 -0.00194007 -0.00219951 -0.00141327 -0.00199165 -0.00103238 -0.00137608 -0.00198671 -0.0014569 -0.00175883 -0.00206229 -0.0015564 -0.00110282 -0.00195823 -0.00137615 -0.00201558 -0.00092124 -0.00188705 -0.00238815 -0.00147575 -0.00174663 -0.00113686 -0.00135098 -0.000966358 -0.000418807 -0.00101371 -0.00160503 -0.00208082 -0.00125238 -0.000659268 -0.00157073 -0.00102342 -0.00151237 -0.00130113 -0.00188472 -0.00187383 -0.00151284 -0.00243438 -0.00198687 -0.0019583 -0.000866751 -0.000952561 -0.00122293 -0.00204717 -0.00149486 -0.0019367 -0.000638391 -0.00150896 -0.00127157 -0.000547674 -0.00139434 -0.00124753 -0.00138645 -0.00229212 -0.00218034 -0.00138184 -0.00110517 
-0.00114817 -0.000992774 -0.00182734 0.00175939 0.00270242 0.00197724 0.00213205 0.00225075 0.135895 0.00309145 0.00238228 0.00205715 0.00192303 0.00248965 -0.00211893 -0.00131139 -0.00169284 -0.00149192 -0.000688622 -0.00182418 -0.00259045 -0.00175209 -0.00257754 -0.00202425 -0.00260396 -0.00218836 -0.00204008 -0.00164383 -0.00237365 -0.00199217 -0.0022622 -0.0017953 -0.00191989 -0.00174176 -0.00216882 -0.00199862 -0.00133469 -0.00172029 -0.00184842 -0.00176676 -0.00193546 -0.00158372 -0.0025085 -0.00203757 -0.00206762 -0.00159142 -0.00124442 -0.00179851 -0.00208558 -0.000998499 -0.00249837 -0.00218935 -0.00173873 -0.00103334 -0.0016078 -0.00207402 -0.00177187 -0.00138801 -0.00189388 -0.00174813 -0.000919976 -0.00155723 -0.00140036 -0.00158406 -0.00212925 -0.00228555 -0.00200404 -0.00118482 -0.00170348 -0.00160229 -0.00279729 -0.00149834 -0.00124677 -0.00158068 -0.00164351 -0.00151888 -0.00215256 -0.00178096 -0.00184792 -0.00243117 -0.0023102 -0.001893 -0.00146373 -0.00147869 -0.00249738 -0.00171832 -0.00164105 -0.00109918 -0.00220208 -0.00167682 -0.00226535 -0.00170892 -0.0013111 -0.00186691 -0.00178184 -0.00199328 -0.00171979 -0.00122588 -0.00123281 -0.00147062 
-0.00187641 -0.00124249 -0.0012597 -0.000799125 0.0027257 0.00234645 0.00184652 0.00219135 0.00309145 0.133054 0.00253658 0.00264637 0.00232127 0.00258891 -0.0011594 -0.0015058 -0.000940262 -0.00235472 -0.00185402 -0.00307543 -0.00240058 -0.00262178 -0.0028909 -0.00246637 -0.00250769 -0.00241219 -0.00202706 -0.00244539 -0.0024757 -0.00235711 -0.0015207 -0.00240918 -0.00208186 -0.00166456 -0.00136072 -0.00166638 -0.00215027 -0.00146757 -0.00151185 -0.00133757 -0.00275401 -0.00191607 -0.00203873 -0.00198406 -0.00066232 -0.00154419 -0.00230606 -0.000982811 -0.00157227 -0.00266489 -0.00165275 -0.00199971 -0.00159226 -0.00202216 -0.00173523 -0.00146002 -0.00167425 -0.000356014 -0.00173422 -0.00155398 -0.00195762 -0.00164334 -0.00211124 -0.00189669 -0.00162635 -0.00156217 -0.00213461 -0.00190485 -0.00185091 -0.00178764 -0.00160472 -0.000935001 -0.000776998 -0.00201508 -0.00135351 -0.000924795 -0.00139347 -0.000780681 -0.00207836 -0.000855878 -0.0014841 -0.00215152 -0.00174049 -0.000836839 -0.00209792 -0.00219179 -0.000884162 -0.001054 -0.00196355 -0.00123574 -0.00161961 -0.00152815 -0.00131675 -0.00175925 -0.00189216 -0.00122707 -0.00163847 -0.00279468 -0.000947945 -0.00174218 
-0.0012382 -0.0017979 -0.00170661 -0.000819678 -0.001408 0.00271198 0.00292488 0.00132522 0.00238228 0.00253658 0.13711 0.00317566 0.00234979 0.00197029 0.00281572 0.00153712 -0.0014793 -0.00136237 -0.00171596 -0.00210159 -0.00208749 -0.00245051 -0.00244452 -0.00181182 -0.00173292 -0.00291019 -0.00169863 -0.00177701 -0.00183312 -0.00233533 -0.00221361 -0.00262404 -0.001682 -0.00176652 -0.00204481 -0.00114056 -0.00114476 -0.00165591 -0.00134122 -0.00194271 -0.00172575 -0.00170476 -0.00212691 -0.00197749 -0.00172641 -0.00238925 -0.00146521 -0.00108183 -0.0015956 -0.00250381 -0.00153015 -0.00136767 -0.00229543 -0.00172362 -0.000778662 -0.00180214 -0.00208193 -0.00172255 -0.00218948 -0.00207591 -0.00110756 -0.00132193 -0.00247995 -0.00126323 -0.00129582 -0.00227512 -0.00179256 -0.00228558 -0.00185373 -0.00167832 -0.00262027 -0.00174207 -0.00112259 -0.00171732 -0.00168472 -0.00170704 -0.00218185 -0.00179052 -0.00174545 -0.00261332 -0.00111208 -0.00180018 -0.00176995 -0.00194483 -0.00209597 -0.00119423 -0.00153773 -0.00183468 -0.00233775 -0.0018449 -0.00287941 -0.0017385 -0.00151604 -0.00115123 -0.00222539 -0.00243046 -0.00180316 -0.00200989 -0.00121428 -0.00198795 
-0.000816386 -0.00128495 -0.000870433 -0.00142602 -0.0014106 -0.00149214 0.00245506 0.00244185 0.00205715 0.00264637 0.00317566 0.13022 0.00249519 0.00325186 0.00257412 0.00237 0.0020497 -0.000549494 -0.00145889 -0.00233548 -0.00219336 -0.00215294 -0.00173275 -0.00192269 -0.0027848 -0.00273921 -0.0016938 -0.00224439 -0.00165719 -0.00164649 -0.00230612 -0.00271278 -0.00215485 -0.00191208 -0.00218294 -0.00194242 -0.00284135 -0.00115933 -0.00166651 -0.00219219 -0.00189313 -0.00233749 -0.00162424 -0.00223722 -0.00194648 -0.00229351 -0.00186742 -0.00199401 -0.00129637 -0.00179707 -0.00216394 -0.00164883 -0.00175855 -0.00143145 -0.00157569 -0.00200558 -0.00146568 -0.00178223 -0.00142447 -0.00211198 -0.00105935 -0.00219271 -0.00163137 -0.00158026 -0.00172085 -0.00193136 -0.00207767 -0.0016954 -0.00119593 -0.00138721 -0.00224871 -0.00249005 -0.00140609 -0.00123465 -0.00153565 -0.00191275 -0.00174415 -0.00204463 -0.00128439 -0.00154809 -0.00137056 -0.00182668 -0.00115772 -0.0016407 -0.000422578 -0.00171618 -0.00156965 -0.00238212 -0.00231913 -0.00174377 -0.00170486 -0.00208822 -0.00184425 -0.00201749 -0.00129403 -0.00149159 -0.0017681 -0.00110348 -0.00145666 -0.000759527 
-0.00103715 -0.0018856 -0.00146863 -0.00132789 -0.00194677 -0.00178606 -0.00189032 0.000825492 0.00192303 0.00232127 0.00234979 0.00249519 0.1349 0.00229019 0.00269591 0.00214578 0.00157226 -0.000866762 -0.000628984 -0.0024619 -0.00184731 -0.00167598 -0.00244233 -0.0029144 -0.000382987 -0.00188109 -0.00239503 -0.00162625 -0.00185699 -0.00188192 -0.0018989 -0.00187285 -0.00100746 -0.00225422 -0.00288694 -0.00194968 -0.00199194 -0.00129078 -0.00154398 -0.00202644 -0.00217221 -0.00186604 -0.00232225 -0.00183251 -0.00130133 -0.00228761 -0.00182792 -0.00187564 -0.00171017 -0.0017644 -0.0011775 -0.0020215 -0.00120375 -0.00104242 -0.00150451 -0.00171817 -0.00271889 -0.00155177 -0.00190562 -0.0017265 -0.00122453 -0.00172479 -0.00117007 -0.000946098 -0.00128437 -0.00161596 -0.0020719 -0.00164358 -0.00158147 -0.00220102 -0.00206853 -0.00244921 -0.0017891 -0.00112177 -0.00242375 -0.00115732 -0.00134086 -0.00198196 -0.0014942 -0.00075869 -0.00149393 -0.00153952 -0.00190583 -0.00235343 -0.00121062 -0.00270669 -0.00214724 -0.00194668 -0.00166743 -0.00103749 -0.00181464 -0.00158102 -0.00158823 -0.00207104 -0.00132708 -0.00117573 -0.00171629 -0.00123373 -0.000913498 -0.00158122 
-0.00190032 -0.00123987 -0.00146429 -0.00220636 -0.001985 -0.00134733 -0.00176864 -0.000409652 0.00248965 0.00258891 0.00197029 0.00325186 0.00229019 0.129224 0.00237947 0.00270944 0.00219691 0.00172479 0.00205652 -0.00260957 -0.0021031 -0.002177 -0.00217318 -0.00178376 -0.00172588 -0.00261411 -0.00206731 -0.002667 -0.00152533 -0.00196442 -0.000999877 -0.00219563 -0.00241059 -0.0011343 -0.00270389 -0.00193849 -0.00254653 -0.00109848 -0.00274329 -0.00189301 -0.000896524 -0.00121925 -0.00162172 -0.00179078 -0.00169549 -0.00174827 -0.00180962 -0.00107555 -0.00193693 -0.00180094 -0.00191408 -0.00142516 -0.00197199 -0.00136683 -0.00151509 -0.00196816 -0.00179833 -0.0012835 -0.00179575 -0.000698249 -0.00143834 -0.00146029 -0.00178286 -0.00158506 -0.00167052 -0.00253793 -0.000574029 -0.000861408 -0.00124603 -0.00180188 -0.000934669 -0.00160427 -0.00149413 -0.0025756 -0.001891 -0.0023678 -0.00077202 -0.00207031 -0.00202001 -0.00205292 -0.00176768 -0.00279151 -0.0013759 -0.00131252 -0.00178624 -0.0013035 -0.00155352 -0.00215218 -0.00224047 -0.00132403 -0.00180515 -0.00155755 -0.00230602 -0.00118794 -0.00120991 -0.00150016 -0.00210404 -0.001067 -0.0019943 -0.00107336 
-0.00175332 -0.00169019 -0.00125698 -0.0020457 -0.00165526 -0.00245138 -0.00162305 -0.00172027 -0.00211893 -0.0011594 0.00281572 0.00257412 0.00269591 0.00237947 0.140626 0.00254233 0.00271195 0.00254402 0.00273161 0.00273108 -0.00215743 -0.00155925 -0.00107323 -0.00182303 -0.00204541 -0.00259062 -0.00210839 -0.00254859 -0.00234479 -0.0014111 -0.00180064 -0.00200271 -0.00258476 -0.002779 -0.00208652 -0.00153381 -0.0028794 -0.00127401 -0.00195389 -0.00219185 -0.00214389 -0.00194671 -0.00203411 -0.00233193 -0.00266376 -0.00236379 -0.00217786 -0.00204022 -0.0017521 -0.00197628 -0.000896582 -0.00147304 -0.00230978 -0.00138312 -0.00128945 -0.0023797 -0.00264704 -0.00163779 -0.00117923 -0.0013718 -0.00110897 -0.00181044 -0.00217972 -0.00179835 -0.000644439 -0.0019292 -0.00154529 -0.00206621 -0.00131816 -0.00210572 -0.00181576 -0.0020108 -0.00136254 -0.00147153 -0.00111234 -0.00126782 -0.00123647 -0.00171243 -0.0017131 -0.000775541 -0.00203086 -0.00241059 -0.00234616 -0.00255877 -0.00180542 -0.00207062 -0.00172784 -0.00226749 -0.00143253 -0.00170015 -0.0021562 -0.00188312 -0.00103428 -0.00133412 -0.00182067 -0.00144427 -0.00233252 -0.00132436 -0.00198681 -0.00147938 
-0.00133396 -0.00170042 -0.00107085 -0.00177213 -0.0017325 -0.00129258 -0.00140236 -0.00185023 -0.00131139 -0.0015058 0.00153712 0.00237 0.00214578 0.00270944 0.00254233 0.137968 0.00216723 0.00292965 0.00230917 0.00164669 -0.00138842 -0.0018289 -0.00225462 -0.00216455 -0.00138745 -0.00228242 -0.0022557 -0.00276701 -0.00251827 -0.00147002 -0.00227709 -0.00193775 -0.00219478 -0.00156982 -0.00187828 -0.00231899 -0.00199798 -0.00182528 -0.0012165 -0.00181161 -0.00272908 -0.00232722 -0.00233491 -0.00179702 -0.00208136 -0.00213855 -0.00110396 -0.000983065 -0.00161123 -0.00186412 -0.00175834 -0.00128506 -0.00131654 -0.00218882 -0.00169986 -0.00209749 -0.00132283 -0.00114994 -0.000940281 -0.00199652 -0.000984068 -0.00210945 -0.0022894 -0.00193471 -0.00151296 -0.00214288 -0.00201381 -0.00173408 -0.00131795 -0.00217838 -0.00164171 -0.00253889 -0.00135777 -0.00104713 -0.00142368 -0.00167056 -0.00208319 -0.00276354 -0.00218634 -0.00185642 -0.0012957 -0.00256245 -0.00148149 -0.00230661 -0.00155574 -0.00178497 -0.00102664 -0.0015544 -0.00123585 -0.00193437 -0.0012662 -0.000794909 -0.00172175 -0.00183839 -0.00119662 -0.0011826 -0.00162845 -0.00282503 -0.00188606 -0.00141666 
-0.00170733 -0.0018099 -0.00174805 -0.0020282 -0.0015887 -0.00293744 -0.000901303 -0.00228503 -0.00169284 -0.000940262 -0.0014793 0.0020497 0.00157226 0.00219691 0.00271195 0.00216723 0.150828 0.00323601 0.00352984 0.00260044 0.00140415 0.00274974 -0.00198441 -0.00171616 -0.00213321 -0.0015676 -0.00160859 -0.00207659 -0.00264547 -0.00264595 -0.00251965 -0.00151477 -0.00250976 -0.00235864 -0.00346787 -0.00165571 -0.00222682 -0.00189614 -0.00181401 -0.002005 -0.00274716 -0.00188518 -0.00254711 -0.00255622 -0.00162393 -0.00159074 -0.00189684 -0.0017002 -0.00242334 -0.00161497 -0.00172892 -0.00202456 -0.000975116 -0.00267531 -0.00221924 -0.00230334 -0.00189755 -0.00202456 -0.00169741 -0.00192213 -0.0012249 -0.00203305 -0.00154997 -0.00222239 -0.00181476 -0.00258065 -0.0018834 -0.00105463 -0.00214892 -0.00146728 -0.00110146 -0.00245636 -0.00228108 -0.0022721 -0.00159247 -0.00223585 -0.00243812 -0.00203628 -0.00208262 -0.00214822 -0.00205977 -0.00213057 -0.00104528 -0.00191389 -0.00288235 -0.00068033 -0.00121648 -0.00174983 -0.00179785 -0.0022644 -0.00157883 -0.00178682 -0.00201445 -0.00127933 -0.00198371 -0.00288241 -0.00240349 -0.0029392 -0.00235699 -0.00193699 
-0.00164158 -0.0013992 -0.00176129 -0.000780386 -0.00219264 -0.00165429 -0.00214977 -0.00289936 -0.00149192 -0.00235472 -0.00136237 -0.000549494 -0.000866762 0.00172479 0.00254402 0.00292965 0.00323601 0.144514 0.00297329 0.00296515 0.00390683 0.00308381 0.00291635 -0.00133871 -0.00188869 -0.00218283 -0.00238944 -0.0024325 -0.00250117 -0.00254147 -0.00156539 -0.00211669 -0.00174016 -0.00207081 -0.0025361 -0.00162696 -0.00246639 -0.00188666 -0.00235284 -0.00315819 -0.000962656 -0.00183281 -0.00121684 -0.00152301 -0.00203093 -0.00256303 -0.00265659 -0.00134146 -0.00162874 -0.00174901 -0.000918021 -0.00179917 -0.00234728 -0.00117023 -0.00125892 -0.00238571 -0.00217059 -0.00195458 -0.00253918 -0.00166899 -0.00238462 -0.00143997 -0.00235732 -0.00171048 -0.00122733 -0.00264185 -0.00163684 -0.00208026 -0.00213351 -0.00214039 -0.00105664 -0.00215396 -0.00173469 -0.00198671 -0.00221794 -0.00188658 -0.00245303 -0.00257391 -0.00190946 -0.00216657 -0.00160687 -0.0024124 -0.00261609 -0.00164613 -0.00193278 -0.00149227 -0.00230716 -0.00203772 -0.0014666 -0.00156526 -0.00170307 -0.00205521 -0.00199352 -0.000905915 -0.00247344 -0.00245299 -0.00121043 -0.00152471 -0.00185521 -0.00202733 
-0.00236514 -0.00249864 -0.00282339 -0.00247401 -0.00234599 -0.00177827 -0.00258118 -0.0031883 -0.000688622 -0.00185402 -0.00171596 -0.00145889 -0.000628984 0.00205652 0.00273161 0.00230917 0.00352984 0.00297329 0.143478 0.00288755 0.00294476 0.00327825 0.00202383 -0.000880064 -0.00173884 -0.00285685 -0.00162648 -0.00158768 -0.00150633 -0.0017698 -0.00116853 -0.00256885 -0.00215756 -0.00148758 -0.00322144 -0.00151163 -0.00208543 -0.00205894 -0.00220091 -0.0025708 -0.00276874 -0.00203343 -0.00166104 -0.00221835 -0.00221262 -0.00168405 -0.00145891 -0.00167792 -0.00205511 -0.00123141 -0.00171951 -0.0024123 -0.00161651 -0.00118864 -0.0028377 -0.00178529 -0.00249633 -0.00180191 -0.0017529 -0.00174968 -0.00183378 -0.00217123 -0.0014128 -0.00227401 -0.00180004 -0.0013334 -0.00136658 -0.00147577 -0.00248781 -0.00186828 -0.0012518 -0.00146864 -0.00157474 -0.00187038 -0.00205591 -0.00282772 -0.00158769 -0.00163276 -0.002061 -0.00145997 -0.00150371 -0.00124214 -0.00219228 -0.00154534 -0.00242142 -0.00134217 -0.00184569 -0.00185684 -0.00238843 -0.0014087 -0.00190367 -0.00125398 -0.00163477 -0.00145177 -0.00189725 -0.00168674 -0.0016879 -0.00225301 -0.00184885 -0.00127201 
-0.00146197 -0.00230194 -0.00209053 -0.00135799 -0.00111898 -0.00338815 -0.00203126 -0.00230755 -0.00182418 -0.00307543 -0.00210159 -0.00233548 -0.0024619 -0.00260957 0.00273108 0.00164669 0.00260044 0.00296515 0.00288755 0.148501 0.00202954 0.00316508 0.00258439 0.0044871 0.00410083 -0.0018199 -0.000744088 -0.00205364 -0.00270678 -0.000935248 -0.00314758 -0.00242842 -0.00227158 -0.00332952 -0.00174755 -0.00195833 -0.00198869 -0.00224846 -0.00232959 -0.00143253 -0.00160062 -0.00259134 -0.00288485 -0.00260046 -0.00279757 -0.00202081 -0.0019593 -0.00162296 -0.00234815 -0.00242299 -0.00202458 -0.00237519 -0.00196046 -0.00255153 -0.00166678 -0.00144273 -0.00158727 -0.00171776 -0.00178025 -0.00152436 -0.000491908 -0.00124165 -0.0025713 -0.00208114 -0.00141903 -0.00218335 -0.00254633 -0.00269288 -0.00224816 -0.00235149 -0.00209709 -0.00137196 -0.00312584 -0.00148984 -0.000842897 -0.00186434 -0.00236388 -0.00212397 -0.00147967 -0.00229567 -0.00144291 -0.00173222 -0.00193883 -0.00178287 -0.00260503 -0.00170241 -0.00161563 -0.00189589 -0.00138636 -0.00170319 -0.00196965 -0.00210115 -0.000956609 -0.00158832 -0.00214367 -0.00125981 -0.00209594 -0.00148554 -0.00269669 -0.00162553 
-0.00167259 -0.00192842 -0.00213185 -0.00221932 -0.00256074 -0.00175493 -0.00257084 -0.00219773 -0.00259045 -0.00240058 -0.00208749 -0.00219336 -0.00184731 -0.0021031 -0.00215743 -0.00138842 0.00140415 0.00390683 0.00294476 0.00202954 0.143365 0.00351058 0.00253414 0.00280311 0.00225511 0.00246648 -0.0015433 -0.000624065 -0.000844602 -0.00101803 -0.00119278 -0.00223693 -0.00143206 -0.00225673 -0.00244142 -0.00164039 -0.00288919 -0.00161078 -0.00185857 -0.00163104 -0.00170566 -0.00115607 -0.00204807 -0.00228275 -0.00231847 -0.00205227 -0.0009542 -0.00195985 -0.00119715 -0.0013296 -0.00226843 -0.00160356 -0.00228499 -0.00134312 -0.00103641 -0.00243391 -0.00263582 -0.00104063 -0.00159353 -0.00242318 -0.00269424 -0.00218147 -0.000946508 -0.00214002 -0.00206294 -0.0017391 -0.000988719 -0.00179719 -0.0015735 -0.0012499 -0.00176446 -0.00127718 -0.000420867 -0.00125854 -0.00133064 -0.00230104 -0.00224792 -0.00246619 -0.00148381 -0.0016365 -0.00280836 -0.00161056 -0.00224095 -0.00278005 -0.00206338 -0.00235669 -0.00241494 -0.00184177 -0.00171913 -0.0015873 -0.00156046 -0.0023052 -0.00160446 -0.00127403 -0.00234284 -0.00240723 -0.00197017 -0.00189374 -0.00276529 -0.00142032 
-0.00229008 -0.00220694 -0.00175587 -0.00178407 -0.0014923 -0.00178243 -0.00324328 -0.00307078 -0.00175209 -0.00262178 -0.00245051 -0.00215294 -0.00167598 -0.002177 -0.00155925 -0.0018289 0.00274974 0.00308381 0.00327825 0.00316508 0.00351058 0.146918 0.00273744 0.00274521 0.00237511 0.00260646 -0.00218167 -0.00134836 -0.0015852 -0.00212959 -0.00188317 -0.00227156 -0.00280909 -0.00267374 -0.00218074 -0.00246516 -0.00222328 -0.00250781 -0.0023151 -0.00206515 -0.00149499 -0.00204481 -0.00183233 -0.00220239 -0.00167913 -0.00158186 -0.0018936 -0.00226979 -0.00214808 -0.0012308 -0.00197035 -0.00197551 -0.00175576 -0.0017397 -0.00112925 -0.00174274 -0.00199817 -0.00173131 -0.00139976 -0.00161615 -0.00247342 -0.00122611 -0.00128662 -0.00088327 -0.00214993 -0.00111526 -0.00245685 -0.00225505 -0.00223869 -0.00112615 -0.00286538 -0.000768363 -0.00204778 -0.00172436 -0.00117061 -0.00153298 -0.00193315 -0.00123814 -0.0013977 -0.00216805 -0.00216152 -0.00169439 -0.00227377 -0.0016805 -0.00180752 -0.0014068 -0.00302892 -0.00164158 -0.00153319 -0.00249168 -0.00185168 -0.0010881 -0.00217598 -0.00241096 -0.00106471 -0.00156282 -0.00277151 -0.00283977 -0.00156244 -0.00214317 
-0.00116318 -0.00161093 -0.00226462 -0.00176235 -0.00195966 -0.00122592 -0.0029898 -0.00181449 -0.00257754 -0.0028909 -0.00244452 -0.00173275 -0.00244233 -0.00217318 -0.00107323 -0.00225462 -0.00198441 0.00291635 0.00202383 0.00258439 0.00253414 0.00273744 0.1438 0.00269075 0.00229496 0.00248248 0.00134 -0.00163839 -0.00226309 -0.0015573 -0.00181548 -0.000810682 -0.00141184 -0.0016048 -0.000903557 -0.00103293 -0.00191485 -0.00253402 -0.00182273 -0.0023627 -0.00146179 -0.00249762 -0.00230046 -0.000993732 -0.00140535 -0.00164828 -0.00195125 -0.0016542 -0.00201599 -0.00149269 -0.00239004 -0.00192169 -0.00237789 -0.00237009 -0.00196016 -0.00106897 -0.00233121 -0.0017528 -0.00155266 -0.00192563 -0.00214636 -0.00155774 -0.00117153 -0.00213372 -0.00126307 -0.00151908 -0.000793031 -0.00182409 -0.00125865 -0.00240841 -0.00109247 -0.00128623 -0.00154117 -0.00182367 -0.00132827 -0.00210241 -0.00270573 -0.0027652 -0.00199797 -0.00237379 -0.00205122 -0.00148559 -0.00217041 -0.00201434 -0.00138479 -0.0016842 -0.00168076 -0.00199291 -0.00249018 -0.00220103 -0.00152065 -0.00140599 -0.00229699 -0.00213196 -0.00239961 -0.000719662 -0.00279458 -0.000900675 -0.0018254 -0.00205106 
-0.00119066 -0.000795245 -0.00165523 -0.00133026 -0.00120619 -0.000891053 -0.00225491 -0.0022968 -0.00202425 -0.00246637 -0.00181182 -0.00192269 -0.0029144 -0.00178376 -0.00182303 -0.00216455 -0.00171616 -0.00133871 -0.000880064 0.0044871 0.00280311 0.00274521 0.00269075 0.14083 0.00329876 0.00241716 0.00288458 0.0022563 -0.000928134 -0.00129635 -0.00191078 -0.00166895 -0.00196697 -0.00155437 -0.00271048 -0.00189272 -0.00213567 -0.00158168 -0.00188965 -0.00237033 -0.00243974 -0.00192063 -0.00193837 -0.00108741 -0.00144929 -0.00266259 -0.00193149 -0.001299 -0.00129793 -0.00162616 -0.00207019 -0.00159853 -0.00166643 -0.00214165 -0.00183729 -0.00199817 -0.00097033 -0.00152276 -0.00215032 -0.00182174 -0.00177829 -0.00199315 -0.00189992 -0.00176623 -0.0020057 -0.00171533 -0.00175619 -0.00191383 -0.00203598 -0.00262289 -0.0018535 -0.00175574 -0.00235454 -0.00245168 -0.00130283 -0.00187169 -0.00233899 -0.00214736 -0.00158746 -0.00289452 -0.00145847 -0.00153763 -0.00195205 -0.00116884 -0.00217893 -0.00270407 -0.00120664 -0.00189884 -0.00129466 -0.00113266 -0.000640844 -0.00212628 -0.00181691 -0.00164742 -0.00154485 -0.0021488 -0.00186299 -0.00205353 -0.00209297 -0.00209731 
-0.00294169 -0.00203883 -0.00232466 -0.00161892 -0.00294161 -0.00216462 -0.00220855 -0.00321717 -0.00260396 -0.00250769 -0.00173292 -0.0027848 -0.000382987 -0.00172588 -0.00204541 -0.00138745 -0.00213321 -0.00188869 -0.00173884 0.00410083 0.00225511 0.00237511 0.00229496 0.00329876 0.148767 0.00245356 0.00318403 0.00211948 0.00288039 0.00197515 -0.00231369 -0.00169502 -0.000858292 -0.00261445 -0.00119381 -0.00183265 -0.00208381 -0.00166046 -0.00195172 -0.00204969 -0.00230361 -0.000954977 -0.00194052 -0.00152595 -0.00192786 -0.00141333 -0.00209213 -0.00243885 -0.00263419 -0.00184249 -0.00221239 -0.00180022 -0.00191687 -0.0017089 -0.00148244 -0.00202407 -0.00163903 -0.00100118 -0.00185087 -0.00188199 -0.00227935 -0.00138529 -0.00198199 -0.00247542 -0.00257822 -0.00182863 -0.00315695 -0.00282014 -0.00325773 -0.00238882 -0.00213344 -0.00158108 -0.00215734 -0.00243118 -0.00157301 -0.00153886 -0.000994309 -0.00144841 -0.0014136 -0.00267825 -0.0018598 -0.00192781 -0.00239446 -0.00180851 -0.0013474 -0.00233173 -0.00239779 -0.00110722 -0.00205089 -0.00226298 -0.001384 -0.00129989 -0.00245811 -0.00242829 -0.0021944 -0.00166273 -0.0015715 -0.00170208 -0.00229588 -0.00188354 
-0.00122243 -0.00260347 -0.00307385 -0.00201262 -0.00248763 -0.00202325 -0.00321707 -0.00238882 -0.00218836 -0.00241219 -0.00291019 -0.00273921 -0.00188109 -0.00261411 -0.00259062 -0.00228242 -0.0015676 -0.00218283 -0.00285685 -0.0018199 0.00246648 0.00260646 0.00248248 0.00241716 0.00245356 0.14711 0.00391543 0.00345279 0.00205761 0.00320976 0.00245176 -0.00259741 -0.00228625 -0.00125362 -0.00198985 -0.00194807 -0.00215357 -0.00237942 -0.00178073 -0.00271485 -0.00100546 -0.00150163 -0.00204889 -0.00191842 -0.0013935 -0.00178796 -0.00153713 -0.00168711 -0.00167023 -0.00187666 -0.00147131 -0.00207656 -0.00132068 -0.0026203 -0.00225027 -0.00185155 -0.00181152 -0.00154191 -0.00199082 -0.00181292 -0.00142836 -0.00157396 -0.00131876 -0.00220679 -0.00156282 -0.00162143 -0.00208307 -0.00239952 -0.00212129 -0.00137748 -0.00246331 -0.00138298 -0.00249235 -0.00220298 -0.00178907 -0.00171003 -0.00198409 -0.002135 -0.00211795 -0.00197277 -0.00199008 -0.00228196 -0.00211227 -0.00225065 -0.00290724 -0.00131311 -0.00146736 -0.00112065 -0.00175992 -0.00100142 -0.00121671 -0.00221087 -0.00249054 -0.00243883 -0.00200877 -0.000996806 -0.00132784 -0.00226908 -0.00069443 -0.00146794 
-0.00216363 -0.00268265 -0.00174183 -0.00215277 -0.00196791 -0.00182719 -0.00156255 -0.00105788 -0.00204008 -0.00202706 -0.00169863 -0.0016938 -0.00239503 -0.00206731 -0.00210839 -0.0022557 -0.00160859 -0.00238944 -0.00162648 -0.000744088 -0.0015433 -0.00218167 0.00134 0.00288458 0.00318403 0.00391543 0.140512 0.00392696 0.00379253 0.00223213 0.00251695 0.00267882 -0.00111678 -0.00194453 -0.00143055 -0.00207463 -0.00217414 -0.00173836 -0.00121029 -0.00139226 -0.00214227 -0.00161488 -0.00194443 -0.00186585 -0.00214387 -0.00112882 -0.00191998 -0.00271093 -0.00149637 -0.00113942 -0.0022804 -0.00157847 -0.000924862 -0.00155097 -0.00228128 -0.00244051 -0.00221564 -0.00196668 -0.00196276 -0.00130013 -0.00165135 -0.00144144 -0.00167782 -0.00207443 -0.00213066 -0.00193127 -0.00254993 -0.00205381 -0.00159982 -0.0016004 -0.00194154 -0.00167367 -0.00247571 -0.00181303 -0.00145633 -0.00252575 -0.00218869 -0.00279218 -0.0013446 -0.00147559 -0.00179278 -0.00133902 -0.00216436 -0.00106376 -0.00161736 -0.00191234 -0.00228995 -0.0021676 -0.00184974 -0.0020271 -0.00167089 -0.00152024 -0.0019258 -0.0022316 -0.00207315 -0.00235946 -0.00228062 -0.00102052 -0.00228189 -0.0017713 
-0.00184372 -0.00278199 -0.00168282 -0.00201812 -0.000952395 -0.00173465 -0.00180283 -0.000906432 -0.00164383 -0.00244539 -0.00177701 -0.00224439 -0.00162625 -0.002667 -0.00254859 -0.00276701 -0.00207659 -0.0024325 -0.00158768 -0.00205364 -0.000624065 -0.00134836 -0.00163839 0.0022563 0.00211948 0.00345279 0.00392696 0.140525 0.0031135 0.00269573 0.0030756 0.00169054 0.00236973 -0.000418493 -0.00165041 -0.00208332 -0.00218495 -0.00137026 -0.0017282 -0.0013243 -0.00161318 -0.00197977 -0.00206514 -0.00168654 -0.00257604 -0.00165692 -0.0018894 -0.00214224 -0.00195806 -0.00212121 -0.000912882 -0.00201482 -0.00140079 -0.00196384 -0.00222223 -0.00233403 -0.00191151 -0.00189262 -0.00244206 -0.00193937 -0.00157119 -0.00165695 -0.00139032 -0.00243054 -0.00126024 -0.00109626 -0.00317775 -0.001241 -0.00179166 -0.00133792 -0.00189598 -0.00241333 -0.00217527 -0.00201262 -0.00257281 -0.00217633 -0.00199374 -0.00171013 -0.00137143 -0.00145372 -0.00304739 -0.00155015 -0.00250409 -0.000946683 -0.00113425 -0.00160958 -0.00231523 -0.00203859 -0.00170784 -0.00188547 -0.000978923 -0.00148883 -0.0018038 -0.001439 -0.00239735 -0.00138239 -0.00203928 -0.00207486 -0.00131182 -0.00215437 
-0.0017464 -0.00212403 -0.00156495 -0.00221574 -0.00160534 -0.00145714 -0.00198523 -0.00142647 -0.00237365 -0.0024757 -0.00183312 -0.00165719 -0.00185699 -0.00152533 -0.00234479 -0.00251827 -0.00264547 -0.00250117 -0.00150633 -0.00270678 -0.000844602 -0.0015852 -0.00226309 -0.000928134 0.00288039 0.00205761 0.00379253 0.0031135 0.134924 0.00293849 0.00337067 0.00276048 0.00127731 0.00256296 -0.00139431 -0.00165636 -0.00175514 -0.00216913 -0.00135162 -0.00131799 -0.00167724 -0.00150115 -0.00130959 -0.00110838 -0.00213799 -0.00183264 -0.00236059 -0.00217893 -0.00210062 -0.00108017 -0.00209938 -0.00165727 -0.00147528 -0.00162652 -0.00178826 -0.00135154 -0.00168617 -0.0020607 -0.00185279 -0.00122355 -0.00245202 -0.00100398 -0.00142552 -0.001034 -0.000819772 -0.00154172 -0.00259477 -0.00162416 -0.00130111 -0.00205292 -0.00235679 -0.00197736 -0.00178309 -0.0017947 -0.00210786 -0.00187827 -0.00228187 -0.00257009 -0.001679 -0.00157725 -0.00170692 -0.00195473 -0.0024992 -0.00196983 -0.00130852 -0.00129578 -0.00223006 -0.00159821 -0.000924028 -0.00112398 -0.00184141 -0.000912352 -0.00147235 -0.0026364 -0.00157574 -0.00187526 -0.00193774 -0.00205989 -0.00167673 -0.00177841 
-0.00128679 -0.00205389 -0.00231456 -0.00176983 -0.00133297 -0.00179038 -0.00167241 -0.00257625 -0.00199217 -0.00235711 -0.00233533 -0.00164649 -0.00188192 -0.00196442 -0.0014111 -0.00147002 -0.00264595 -0.00254147 -0.0017698 -0.000935248 -0.00101803 -0.00212959 -0.0015573 -0.00129635 0.00197515 0.00320976 0.00223213 0.00269573 0.00293849 0.130706 0.0019352 0.00267557 0.00259475 0.00127819 -0.00180722 -0.00193742 -0.000818181 -0.00156275 -0.0022942 -0.00179777 -0.00174125 -0.00141497 -0.00115701 -0.00274892 -0.00237978 -0.00158801 -0.00184059 -0.0024939 -0.00196394 -0.00191018 -0.00221555 -0.00219728 -0.00147077 -0.00146337 -0.00191305 -0.00189642 -0.00223162 -0.00180685 -0.00223934 -0.00145554 -0.00262796 -0.00114775 -0.00100616 -0.00137712 -0.00115079 -0.00122526 -0.00158962 -0.00280569 -0.00165625 -0.00149749 -0.00173921 -0.00155644 -0.00148483 -0.00118684 -0.000950978 -0.000975825 -0.00228986 -0.00112395 -0.00218789 -0.000964896 -0.00126521 -0.00199135 -0.00125213 -0.00110585 -0.000727728 -0.00167257 -0.00203666 -0.00168871 -0.00139347 -0.000754854 -0.000555478 -0.00164818 -0.00167984 -0.00231849 -0.000943296 -0.00167431 -0.00169443 -0.00140702 -0.0018463 -0.00194472 
-0.00178469 -0.00255339 -0.00184359 -0.00194525 -0.00133345 -0.00191873 -0.0025111 -0.00236283 -0.0022622 -0.0015207 -0.00221361 -0.00230612 -0.0018989 -0.000999877 -0.00180064 -0.00227709 -0.00251965 -0.00156539 -0.00116853 -0.00314758 -0.00119278 -0.00188317 -0.00181548 -0.00191078 -0.00231369 0.00245176 0.00251695 0.0030756 0.00337067 0.0019352 0.138118 0.00267295 0.00186805 0.00244191 0.00269714 0.00183986 -0.00121836 -0.001071 -0.00191998 -0.00194694 -0.00180705 -0.00215642 -0.0016157 -0.0014188 -0.00217545 -0.002816 -0.00219747 -0.00163969 -0.00265011 -0.00140363 -0.00195754 -0.0019239 -0.0012107 -0.00115635 -0.00176073 -0.00244895 -0.00154979 -0.000946681 -0.00161295 -0.00125331 -0.00113021 -0.00153741 -0.00127868 -0.00205708 -0.00230763 -0.00216694 -0.00212835 -0.00193938 -0.00211823 -0.00165354 -0.00250135 -0.00206361 -0.00201554 -0.00158246 -0.0017037 -0.00225081 -0.00185574 -0.00173316 -0.00139313 -0.00115862 -0.0011992 -0.00213761 -0.00154551 -0.00180443 -0.0017 -0.00186568 -0.00224103 -0.00188281 -0.0016488 -0.00138912 -0.00135617 -0.00280982 -0.00191354 -0.0021241 -0.00182759 -0.00119744 -0.00212433 -0.00127358 -0.0015288 -0.00193633 
-0.00098423 -0.00217095 -0.00233147 -0.00233506 -0.0019158 -0.00204102 -0.00252993 -0.00252261 -0.0017953 -0.00240918 -0.00262404 -0.00271278 -0.00187285 -0.00219563 -0.00200271 -0.00193775 -0.00151477 -0.00211669 -0.00256885 -0.00242842 -0.00223693 -0.00227156 -0.000810682 -0.00166895 -0.00169502 -0.00259741 0.00267882 0.00169054 0.00276048 0.00267557 0.00267295 0.134547 0.00304868 0.00251751 0.00240739 0.00264554 0.00214031 -0.000920579 -0.00155274 -0.00113112 -0.000931771 -0.00180469 -0.00119988 -0.00194241 -0.00181625 -0.00210108 -0.00227072 -0.00162804 -0.00171598 -0.00143635 -0.00195698 -0.00253204 -0.00112054 -0.00185151 -0.000828772 -0.00191031 -0.00139745 -0.00149621 -0.00145005 -0.001118 -0.00223287 -0.000858887 -0.00110448 -0.00124293 -0.00185409 -0.00136444 -0.00160615 -0.00119605 -0.00155753 -0.00205832 -0.00150989 -0.00154034 -0.00193743 -0.000876678 -0.00228834 -0.00157824 -0.00210316 -0.00174178 -0.00204853 -0.00234368 -0.00171612 -0.00110122 -0.00188527 -0.000741451 -0.00181394 -0.0022691 -0.00167519 -0.00142597 -0.00124807 -0.00148946 -0.00180807 -0.00195632 -0.00290958 -0.00253558 -0.00193123 -0.00187999 -0.00200432 -0.00250291 -0.00219063 -0.00125289 
-0.00147306 -0.00210921 -0.00161316 -0.00121489 -0.00216567 -0.00201571 -0.00119985 -0.00217457 -0.00191989 -0.00208186 -0.001682 -0.00215485 -0.00100746 -0.00241059 -0.00258476 -0.00219478 -0.00250976 -0.00174016 -0.00215756 -0.00227158 -0.00143206 -0.00280909 -0.00141184 -0.00196697 -0.000858292 -0.00228625 -0.00111678 0.00236973 0.00127731 0.00259475 0.00186805 0.00304868 0.122164 0.00286604 0.00251119 0.00177838 0.00262787 0.00128243 -0.0011371 -0.00152891 -0.00168781 -0.00126974 -0.00130454 -0.001722 -0.00188537 -0.00143271 -0.00130504 -0.00219904 -0.00131185 -0.00235394 -0.00170561 -0.00188005 -0.00210475 -0.00113955 -0.00206776 -0.00135334 -0.00205991 -0.00183565 -0.000827961 -0.00139457 -0.00039237 -0.00197887 -0.00118228 -0.00122054 -0.00194261 -0.00164926 -0.00169623 -0.00153733 -0.00111815 -0.00203447 -0.00138005 -0.00100921 -0.00209135 -0.00105655 -0.00107989 -0.0021443 -0.00198528 -0.00122405 -0.00219125 -0.00153458 -0.00160532 -0.000649004 -0.000985946 -0.00163763 -0.00127089 -0.00165836 -0.00215025 -0.000929298 -0.00110153 -0.00131477 -0.00209003 -0.0014898 -0.0014427 -0.00181826 -0.00138473 -0.000893051 -0.00175404 -0.000697771 -0.00121046 -0.00178562 
