0.124137 0.0027423 0.00298297 0.00246856 0.00218252 0.0023864 -0.000663313 -0.000977991 -0.00179732 -0.00131816 -0.00232546 -0.00206432 -0.00133881 -0.00178213 -0.0012629 -0.00129778 -0.00164791 -0.00207766 -0.00233181 -0.00275103 -0.00181265 -0.00163096 -0.00258519 -0.00113706 -0.00234863 -0.00201027 -0.00148316 -0.00149675 -0.00178979 -0.00113171 -0.0017771 -0.00201602 -0.0018775 -0.0015686 -0.00148544 -0.00216886 -0.00153426 -0.00168756 -0.00189087 -0.00172814 -0.000934896 -0.00180524 -0.00176051 -0.00203019 -0.00142362 -0.00167909 -0.00135978 -0.00138736 -0.00195628 -0.00165991 -0.00145021 -0.00232872 -0.00118309 -0.00198058 -0.000992121 -0.00101282 -0.000734979 -0.00241423 -0.00159995 -0.00163405 -0.00155857 -0.00179151 -0.00113205 -0.00146676 -0.0016565 -0.00128131 -0.00215047 -0.00167292 -0.00182055 -0.00201932 -0.00240318 -0.00156226 -0.00192311 -0.00148872 -0.00128937 -0.00152736 -0.00171065 -0.00137693 -0.00138058 -0.00144073 -0.00158235 -0.00124482 -0.000435582 -0.00166904 -0.00129961 -0.00111639 -0.00160019 -0.00210918 -0.00155873 -0.00115677 -0.000971295 -0.000685377 -0.00206019 -0.00124782 -0.00120552 -0.00148652 0.00146888 0.00121092 0.00223248 0.00239503 
0.0027423 0.120644 0.00109349 0.00186955 0.00243118 0.00188972 0.00232679 -0.00144888 -0.0015856 -0.00057286 -0.00129958 -0.00172708 -0.00208839 -0.00160886 -0.0011397 -0.000954245 -0.00232522 -0.0021036 -0.00228439 -0.00213585 -0.00216091 -0.00105639 -0.00162453 -0.000822414 -0.00159209 -0.00221971 -0.0018113 -0.00213327 -0.00227077 -0.00126759 -0.00188096 -0.00140648 -0.00157777 -0.00202226 -0.000981362 -0.00197087 -0.00145277 -0.00207249 -0.00163349 -0.00142466 -0.00178064 -0.00137127 -0.0020897 -0.00194602 -0.00247387 -0.00163844 -0.00164767 -0.00168778 -0.00165436 -0.00172012 -0.000931336 -0.00169574 -0.00113985 -0.000728003 -0.00121834 -0.00191068 -0.00137907 -0.00123528 -0.0013642 -0.00122006 -0.00121833 -0.00209453 -0.000988435 -0.00157242 -0.0014546 -0.000710101 -0.00232763 -0.00139816 -0.00206745 -0.00155889 -0.00174089 -0.00190749 -0.00105284 -0.00113537 -0.00136358 -0.00104656 -0.00167025 -0.000932259 -0.000741204 -0.00142463 -0.00138242 -0.00184852 -0.00137413 -0.00138647 -0.00135455 -0.00110097 -0.00206542 -0.00114551 -0.00174635 -0.00173395 -0.00219457 -0.00112826 -0.000883283 -0.00126071 -0.0003573 -0.00154669 -0.00155917 0.00216402 0.00203578 0.000765707 
0.00298297 0.00109349 0.120629 0.00212156 0.000775025 0.00139122 0.0015977 0.00222912 -0.000610196 -0.000997184 -0.00168801 -0.00157316 -0.00101226 -0.00102117 -0.00147639 -0.00167975 -0.00197968 -0.00202448 -0.00219468 -0.00196047 -0.00166243 -0.00208597 -0.000894886 -0.000859896 -0.00215463 -0.00280378 -0.00192707 -0.00208388 -0.00162292 -0.0017952 -0.00156569 -0.00184535 -0.00175978 -0.000979497 -0.00159592 -0.00214868 -0.00220985 -0.00168329 -0.00111491 -0.00124559 -0.00127554 -0.00163146 -6.87035e-05 -0.00147618 -0.00113011 -0.0013736 -0.00157986 -0.00199514 -0.00193081 -0.00189111 -0.00133889 -0.00152005 -0.00103258 -0.00126801 -0.00179106 -0.00057594 -0.00162398 -0.00175835 -0.00182802 -0.00129036 -0.00149657 -0.000865711 -0.00257337 -0.0022094 -0.00175342 -0.00200038 -0.00167538 -0.00193769 -0.00165972 -0.00213362 -0.00167389 -0.00141194 -0.001321 -0.00132743 -0.00101573 -0.000788077 -0.00113944 -0.001421 -0.00169237 -0.00106915 -0.00179542 -0.000622711 -0.00155431 -0.0016263 -0.00111209 -0.00103517 -0.00168236 -0.00162379 -0.00115645 -0.00173655 -0.00125084 -0.00124179 -0.00162528 -0.00163332 -0.00107792 -0.00118688 -0.000550236 -0.00145503 0.00143461 0.00151376 
0.00246856 0.00186955 0.00212156 0.123896 0.00217832 0.0025284 0.00183296 0.0022767 0.00239214 -0.0011001 -0.000295226 -0.00145694 -0.00241501 -0.00217204 -0.000907389 -0.00166654 -0.00295464 -0.0017097 -0.00327699 -0.00198552 -0.00161489 -0.0018402 -0.00176893 -0.00175561 -0.00144103 -0.00193978 -0.0023748 -0.00196076 -0.00170311 -0.00132434 -0.00191318 -0.00197941 -0.00142347 -0.00180538 -0.000806098 -0.00214117 -0.00192588 -0.000937489 -0.00108483 -0.00102767 -0.0013805 -0.00171984 -0.00205985 -0.00188678 -0.001401 -0.00159411 -0.00112966 -0.00153226 -0.000957627 -0.00152447 -0.00152296 -0.00217127 -0.00138747 -0.00115569 -0.000834943 -0.00146865 -0.00183218 -0.00193351 -0.00162556 -0.000945758 -0.0019464 -0.00191272 -0.00225763 -0.000957178 -0.00192955 -0.00186314 -0.000957671 -0.0015226 -0.00131631 -0.00189598 -0.00136493 -0.00150144 -0.00252455 -0.00168438 -0.00188212 -0.00104796 -0.00166232 -0.00224544 -0.00192239 -0.00108375 -0.00136166 -0.00211442 -0.000865692 -0.0017793 -0.00176936 -0.00176215 -0.00223851 -0.00119524 -0.00109228 -0.00184298 -0.0011825 -0.00144542 -0.00100608 -0.00162992 -0.00153027 -0.00111804 -0.001827 -0.000581463 -0.000187366 0.00121638 
0.00218252 0.00243118 0.000775025 0.00217832 0.121705 0.00309891 0.00230613 0.00289835 0.00249444 0.00234885 -0.00143687 -0.00097578 -0.0014527 -0.000998297 -0.00115431 -0.00247613 -0.00155829 -0.0014387 -0.00161055 -0.00177908 -0.00242501 -0.00212252 -0.00145717 -0.00228397 -0.00296047 -0.00237098 -0.0028597 -0.00160463 -0.00161119 -0.00120667 -0.00232114 -0.0021582 -0.00149294 -0.00171659 -0.00171191 -0.00145925 -0.00209842 -0.00139204 -0.00163396 -0.00206568 -0.00106051 -0.0025328 -0.00175877 -0.00208922 -0.00111539 -0.00183178 -0.00108463 -0.00190972 -0.00147119 -0.00173146 -0.00169535 -0.00163858 -0.00162863 -0.00193602 -0.00130924 -0.00198958 -0.0014237 -0.000771643 -0.0015748 -0.00119633 -0.00168267 -0.00183719 -0.000944566 -0.00153371 -0.00115935 -0.00210889 -0.00120563 -0.00137776 -0.00194942 -0.00143337 -0.00244324 -0.00142521 -0.000995096 -0.00163047 -0.00225611 -0.00197009 -0.00140947 -0.00170074 -0.00182343 -0.00128043 -0.00166946 -0.000791305 -0.00117349 -0.00219088 -0.0013608 -0.00020496 -0.00094646 -0.00204189 -0.00139494 -0.00155952 -0.000906341 -0.00164542 -0.00157938 -0.000958845 -0.000680734 -0.000793417 -0.001284 -0.00138549 -0.00113322 -0.000968758 
0.0023864 0.00188972 0.00139122 0.0025284 0.00309891 0.134431 0.00279348 0.00347496 0.00229141 0.00300428 0.00350259 -0.00122377 -0.000706161 -0.000981431 -0.00143514 -0.00216199 -0.00227189 -0.00323102 -0.00227313 -0.0020735 -0.00266297 -0.00164658 -0.00187045 -0.000773047 -0.0026843 -0.00255464 -0.00238278 -0.0019272 -0.00206144 -0.00145884 -0.0021618 -0.00288817 -0.00278732 -0.000542188 -0.00300954 -0.001804 -0.00205553 -0.00185967 -0.00173416 -0.00160563 -0.00102786 -0.0024237 -0.00176665 -0.00143747 -0.00281013 -0.00219561 -0.001536 -0.00200055 -0.00196541 -0.00125966 -0.00172677 -0.000865265 -0.00109552 -0.0016198 -0.000658286 -0.00148148 -0.00183669 -0.00125047 -0.00158441 -0.00160926 -0.0019678 -0.00278343 -0.000589869 -0.0020887 -0.00126003 -0.00235349 -0.00211969 -0.00130302 -0.00200191 -0.00207738 -0.00187038 -0.00220928 -0.00138683 -0.00202475 -0.00232223 -0.00218428 -0.00164573 -0.00195432 -0.00196051 -0.000810116 -0.00228357 -0.0022941 -0.00183875 -0.00196534 -0.000941364 -0.00167745 -0.00162354 -0.0016027 -0.000804595 -0.00142676 -0.00105721 -0.00163077 -0.00215816 -0.00234718 -0.00223738 -0.00179025 -0.00227022 -0.00186128 -0.0012931 -0.00179535 
-0.000663313 0.00232679 0.0015977 0.00183296 0.00230613 0.00279348 0.122793 0.00238553 0.0024568 0.00203078 0.00265976 0.00168748 -0.000874551 -0.00129279 -0.00176974 -0.00159127 -0.0026487 -0.0023559 -0.0018702 -0.00235372 -0.00236276 -0.00167742 -0.00105474 -0.00117631 -0.00160188 -0.00189387 -0.00207553 -0.00174633 -0.00283538 -0.00133277 -0.00160723 -0.0019982 -0.00218271 -0.00175598 -0.00164058 -0.00227544 -0.00186655 -0.00198939 -0.00135629 -0.00149405 -0.00191969 -0.00188454 -0.00173405 -0.000948581 -0.00195652 -0.00141463 -0.00124268 -0.00193478 -0.00161913 -0.00193481 -0.00088963 -0.00199988 -0.0012483 -0.00144618 -0.00188418 -0.00165535 -0.000988718 -0.00133186 -0.0011256 -0.00151896 -0.00120685 -0.00153164 -0.00153484 -0.00173951 -0.00191082 -0.00137023 -0.00149426 -0.00135528 -0.00162708 -0.0017777 -0.00186153 -0.00218309 -0.00163 -0.00194282 -0.00124191 -0.00136109 -0.00124005 -0.00180559 -0.00135894 -0.00157255 -0.00198418 -0.00114173 -0.000864284 -0.00213381 -0.0013219 -0.00102151 -0.00154997 -0.00114091 -0.00158391 -0.00159636 -0.00122685 -0.0015721 -0.00255507 -0.00182125 -0.00256345 -0.001753 -0.00214177 -0.00130946 -0.000462301 -0.00135928 
-0.000977991 -0.00144888 0.00222912 0.0022767 0.00289835 0.00347496 0.00238553 0.13384 0.00244877 0.00242314 0.00232386 0.00143766 0.00155115 -0.00188348 -0.00174916 -0.00136603 -0.00272726 -0.00182884 -0.00230864 -0.00258035 -0.00110058 -0.00150254 -0.00208641 -0.00196657 -0.00305156 -0.00217733 -0.00198032 -0.0031901 -0.00232687 -0.0019822 -0.00232355 -0.00276909 -0.00196927 -0.00189692 -0.00191774 -0.00157329 -0.00281603 -0.00195907 -0.00164009 -0.00176257 -0.00125221 -0.0018909 -0.00168297 -0.00189919 -0.00251625 -0.00146319 -0.00142036 -0.00178363 -0.00110322 -0.000962538 -0.00200097 -0.00253511 -0.00280216 -0.00190136 -0.00190073 -0.00213273 -0.00117956 -0.00147933 -0.00149132 -0.00119232 -0.00109161 -0.0019554 -0.00189562 -0.00226532 -0.000814261 -0.00208749 -0.00168363 -0.00150732 -0.00225919 -0.00162419 -0.00196602 -0.00235459 -0.00209558 -0.00214995 -0.00140341 -0.00149313 -0.00143138 -0.00136645 -0.00186075 -0.00163492 -0.00183349 -0.0017509 -0.000782167 -0.00142103 -0.00134201 -0.00182654 -0.000456642 -0.0020038 -0.00167835 -0.00151752 -0.00205718 -0.00178513 -0.000743692 -0.00119811 -0.00157915 -0.000736237 -0.00176196 -0.00199981 -0.0010489 -0.00137408 
-0.00179732 -0.0015856 -0.000610196 0.00239214 0.00249444 0.00229141 0.0024568 0.00244877 0.126068 0.00240397 0.00300703 0.00222218 0.00198981 0.00240854 -0.00181237 -0.00142361 -0.00152083 -0.00232883 -0.00132401 -0.00293091 -0.00187976 -0.00251732 -0.00209109 -0.00229774 -0.0026765 -0.00215005 -0.00232167 -0.00151094 -0.00093627 -0.00148311 -0.000962693 -0.00231508 -0.00204138 -0.00174782 -0.00165022 -0.00158427 -0.0019215 -0.00169862 -0.00188636 -0.000697171 -0.00139069 -0.0020567 -0.00151856 -0.00118493 -0.00158588 -0.00118322 -0.00156031 -0.00195808 -0.00227864 -0.00205655 -0.00124649 -0.00174144 -0.00200162 -0.00210695 -0.00104414 -0.00147254 -0.00153202 -0.00130345 -0.00152434 -0.00137588 -0.00170602 -0.0024911 -0.00208491 -0.00252671 -0.00227956 -0.00170465 -0.00179881 -0.00143913 -0.00166633 -0.00188625 -0.00158473 -0.00122869 -0.0016197 -0.00101133 -0.00146055 -0.000877022 -0.00251235 -0.00103431 -0.00122772 -0.00142165 -0.00164691 -0.00197466 -0.00176002 -0.0016914 -0.0018865 -0.00174886 -0.0015982 -0.00213382 -0.00176421 -0.000692854 -0.00211224 -0.00146844 -0.00205135 -0.00142842 -0.0020508 -0.00128304 -0.00155344 -0.00163107 -0.000861287 -0.00145855 
-0.00131816 -0.00057286 -0.000997184 -0.0011001 0.00234885 0.00300428 0.00203078 0.00242314 0.00240397 0.129397 0.00352236 0.00217036 0.00215381 0.00222163 -0.0019922 -0.00192535 -0.00200922 -0.00209805 -0.00155557 -0.00227709 -0.00222892 -0.00154749 -0.0019168 -0.0023176 -0.00270606 -0.00280692 -0.00219386 -0.00184324 -0.00257866 -0.00221705 -0.001511 -0.00145524 -0.00205223 -0.00154403 -0.0014173 -0.00153387 -0.00203462 -0.00157096 -0.000973192 -0.00139093 -0.00208197 -0.00197963 -0.00252884 -0.00122152 -0.00178159 -0.00174801 -0.00156907 -0.000986829 -0.00195056 -0.00121234 -0.00175981 -0.00137278 -0.00185844 -0.00153996 -0.00149244 -0.00228611 -0.00139389 -0.00151646 -0.00118305 -0.00181165 -0.0020033 -0.00170452 -0.00148597 -0.00164456 -0.00158337 -0.00151142 -0.00212022 -0.00166342 -0.00119131 -0.001628 -0.00203252 -0.00154988 -0.00241408 -0.00166304 -0.000795921 -0.00123443 -0.00124139 -0.00188845 -0.00135105 -0.00109767 -0.000688391 -0.00180194 -0.00197367 -0.00200983 -0.00155354 -0.00115764 -0.00213829 -0.0017721 -0.00156498 -0.00203774 -0.00206951 -0.00159527 -0.0016069 -0.00151345 -0.00183948 -0.00194778 -0.00148706 -0.000860576 -0.00189888 -0.00139346 
-0.00232546 -0.00129958 -0.00168801 -0.000295226 -0.00143687 0.00350259 0.00265976 0.00232386 0.00300703 0.00352236 0.14011 0.00222265 0.00223948 0.00289117 0.00130975 0.00198996 -0.00084512 -0.00217592 -0.00130089 -0.00341556 -0.00192631 -0.00160338 -0.00121958 -0.00280182 -0.00337561 -0.00259191 -0.00316463 -0.00129823 -0.00235934 -0.00179393 -0.00240094 -0.00239249 -0.00258346 -0.00131714 -0.00262271 -0.00191761 -0.00202077 -0.0016619 -0.00143232 -0.00171918 -0.00245599 -0.00175227 -0.00139726 -0.00190527 -0.00201705 -0.00133203 -0.00136082 -0.0017998 -0.00151618 -0.00165939 -0.00187963 -0.00209141 -0.00250288 -0.00219938 -0.00162165 -0.00119074 -0.00210807 -0.00148318 -0.00125303 -0.00186486 -0.00212595 -0.00203643 -0.00214892 -0.00191708 -0.00234507 -0.00160838 -0.00249582 -0.00242752 -0.00131023 -0.00159138 -0.00139192 -0.00174224 -0.00105128 -0.00225554 -0.00171295 -0.00125066 -0.00232181 -0.00186207 -0.0014327 -0.00193428 -0.00170011 -0.00241778 -0.00187337 -0.00205151 -0.00204209 -0.00164531 -0.00241858 -0.00117866 -0.00180436 -0.000959904 -0.00134198 -0.00151234 -0.00209691 -0.00119519 -0.00147972 -0.00236238 -0.00161758 -0.00229347 -0.00185776 -0.00259093 
-0.00206432 -0.00172708 -0.00157316 -0.00145694 -0.00097578 -0.00122377 0.00168748 0.00143766 0.00222218 0.00217036 0.00222265 0.135988 0.00315967 0.00176865 0.00212719 0.00207577 0.00219866 -0.00200385 -0.00219737 -0.00230563 -0.00166789 -0.00252783 -0.00214128 -0.00322111 -0.00231575 -0.00229727 -0.000929935 -0.00146852 -0.00189712 -0.00141067 -0.00202083 -0.00207196 -0.00187348 -0.00192484 -0.000935235 -0.00172524 -0.00194103 -0.00184092 -0.00278147 -0.00183186 -0.00190155 -0.00142633 -0.00231976 -0.0019457 -0.00185479 -0.00219193 -0.00213142 -0.00214822 -0.00205778 -0.001647 -0.00143669 -0.00207447 -0.00208763 -0.00277997 -0.0015469 -0.00115499 -0.00212213 -0.002162 -0.00142 -0.00125796 -0.00184647 -0.00144416 -0.00156946 -0.0015422 -0.00158907 -0.00178636 -0.00204762 -0.00202981 -0.00135492 -0.0015602 -0.0015298 -0.00221964 -0.00155902 -0.00245121 -0.000877406 -0.00052518 -0.000982208 -0.0014912 -0.00135824 -0.00140801 -0.00120329 -0.00199539 -0.00243956 -0.00179049 -0.00133508 -0.000775648 -0.000794037 -0.00211742 -0.000850483 -0.00186745 -0.00205133 -0.00186534 -0.00194862 -0.00191167 -0.00174188 -0.00246227 -0.00102048 -0.00170782 -0.00222448 -0.00176422 
-0.00133881 -0.00208839 -0.00101226 -0.00241501 -0.0014527 -0.000706161 -0.000874551 0.00155115 0.00198981 0.00215381 0.00223948 0.00315967 0.13298 0.00354281 0.00306842 0.00215067 0.00269355 -0.00115972 -0.00261703 -0.00154175 -0.000792004 -0.00305213 -0.00196846 -0.00273424 -0.00120342 -0.00230698 -0.00153285 -0.00195089 -0.00110354 -0.00229279 -0.00151838 -0.00261475 -0.00140888 -0.00172693 -0.00146696 -0.00151735 -0.00243172 -0.00101317 -0.00136075 -0.00237519 -0.00206517 -0.00198977 -0.0020658 -0.00218865 -0.00224332 -0.00181531 -0.00174932 -0.00220705 -0.00255541 -0.00188619 -0.001844 -0.0016675 -0.001215 -0.00161819 -0.00187664 -0.00181673 -0.00201156 -0.00170844 -0.00271717 -0.0017396 -0.00220719 -0.00118574 -0.00153388 -0.00123887 -0.00065624 -0.000935822 -0.001635 -0.0022922 -0.00121982 -0.00136179 -0.00123276 -0.00149582 -0.001586 -0.00241352 -0.00118775 -0.00120834 -0.00166049 -0.00161283 -0.00238823 -0.00168186 -0.00156359 -0.00139921 -0.00145606 -0.0023167 -0.00117976 -0.0019194 -0.00219165 -0.00169786 -0.00166313 -0.00188533 -0.0021837 -0.00114113 -0.00190196 -0.00130218 -0.0020799 -0.00151609 -0.00134563 -0.00145375 -0.00202977 -0.00201015 
-0.00178213 -0.00160886 -0.00102117 -0.00217204 -0.000998297 -0.000981431 -0.00129279 -0.00188348 0.00240854 0.00222163 0.00289117 0.00176865 0.00354281 0.134505 0.00252384 0.00165176 0.0039611 0.00252967 0.00320327 -0.00162151 -0.0016133 -0.00197687 -0.00130525 -0.00273806 -0.00182646 -0.00262725 -0.00194435 -0.00204153 -0.00137417 -0.00168444 -0.00159225 -0.00258157 -0.00196653 -0.00207864 -0.00253393 -0.00208081 -0.0025412 -0.00185368 -0.00165771 -0.00179832 -0.00168805 -0.00225989 -0.00191665 -0.00181517 -0.00191069 -0.0010578 -0.00164054 -0.00117678 -0.00297035 -0.00163449 -0.00255043 -0.00233787 -0.00138578 -0.00203796 -0.00176547 -0.00224004 -0.0021325 -0.00105058 -0.00146806 -0.000664735 -0.001369 -0.001816 -0.002177 -0.00207524 -0.00192129 -0.00165272 -0.00207025 -0.00149001 -0.00181099 -0.00148633 -0.00177828 -0.00177589 -0.00260045 -0.0016309 -0.0013594 -0.00118184 -0.00127893 -0.00142659 -0.00144932 -0.00153301 -0.00147924 -0.00147319 -0.00171591 -0.000845021 -0.00147384 -0.00141756 -0.00263907 -0.00198452 -0.00206477 -0.00164889 -0.00216798 -0.00254762 -0.00212342 -0.00187476 -0.00238162 -0.00213424 -0.0023464 -0.00229996 -0.00239001 -0.00143397 
-0.0012629 -0.0011397 -0.00147639 -0.000907389 -0.00115431 -0.00143514 -0.00176974 -0.00174916 -0.00181237 -0.0019922 0.00130975 0.00212719 0.00306842 0.00252384 0.132227 0.00325475 0.00289099 0.00348314 0.00221719 0.00305161 -0.00143792 -0.00189793 -0.00175416 -0.00177037 -0.00149589 -0.00304103 -0.0016974 -0.00144196 -0.00149104 -0.00208871 -0.00229108 -0.00124456 -0.00198462 -0.00261024 -0.00175101 -0.00180792 -0.00247835 -0.0019819 -0.00222507 -0.00209823 -0.00175523 -0.00168451 -0.00204235 -0.00175014 -0.0018378 -0.00127214 -0.00199126 -0.0022547 -0.00119922 -0.00174898 -0.00149295 -0.00174079 -0.00101365 -0.0024967 -0.00119057 -0.00164625 -0.00278524 -0.00151309 -0.00143573 -0.00219145 -0.00190417 -0.00167165 -0.00222865 -0.00153903 -0.0017607 -0.00202733 -0.000927206 -0.0020032 -0.00182702 -0.00187478 -0.00187417 -0.000959384 -0.000931759 -0.00130628 -0.00152411 -0.00187835 -0.00194222 -0.00227954 -0.00248559 -0.00159896 -0.00200148 -0.00122258 -0.00169818 -0.00133051 -0.00141965 -0.00114934 -0.00209553 -0.00204255 -0.00129272 -0.00213249 -0.00201514 -0.00165238 -0.00143488 -0.00124675 -0.0019675 -0.00210865 -0.00157885 -0.00129582 -0.00174856 -0.00184471 
-0.00129778 -0.000954245 -0.00167975 -0.00166654 -0.00247613 -0.00216199 -0.00159127 -0.00136603 -0.00142361 -0.00192535 0.00198996 0.00207577 0.00215067 0.00165176 0.00325475 0.132095 0.00392767 0.00302978 0.00200991 0.00258209 -0.00133471 -0.000896441 -0.00168224 -0.00170529 -0.00217526 -0.00155597 -0.00124821 -0.00203087 -0.00133095 -0.00250991 -0.00186676 -0.00213064 -0.00176733 -0.00168381 -0.00237085 -0.00179887 -0.00198868 -0.00203854 -0.00227114 -0.00215552 -0.00153583 -0.00159151 -0.00176035 -0.00171406 -0.00171732 -0.00160071 -0.00101834 -0.00215234 -0.0019433 -0.00138464 -0.00200784 -0.00151859 -0.00141988 -0.00146948 -0.00177337 -0.00199477 -0.00143842 -0.00118131 -0.00179497 -0.00234653 -0.00193227 -0.00130395 -0.0019548 -0.00116677 -0.00208834 -0.00158186 -0.00216515 -0.00165713 -0.0016762 -0.00138427 -0.00222696 -0.0020475 -0.00164574 -0.00172673 -0.00113316 -0.00194635 -0.0020507 -0.00169922 -0.00192865 -0.00109933 -0.00162173 -0.00201832 -0.00125265 -0.0021778 -0.00114378 -0.00178745 -0.00233214 -0.00138658 -0.00121133 -0.00105132 -0.00174082 -0.00203694 -0.00133226 -0.00303705 -0.00182157 -0.00267333 -0.000969652 -0.0017183 -0.00149911 -0.00109182 
-0.00164791 -0.00232522 -0.00197968 -0.00295464 -0.00155829 -0.00227189 -0.0026487 -0.00272726 -0.00152083 -0.00200922 -0.00084512 0.00219866 0.00269355 0.0039611 0.00289099 0.00392767 0.15071 0.00287861 0.00359493 0.00242093 0.00225645 0.00250635 -0.00147997 -0.00195819 -0.00198438 -0.00180764 -0.00228168 -0.00141195 -0.00296308 -0.00316802 -0.00265496 -0.00170466 -0.00178913 -0.0028175 -0.00151599 -0.00223394 -0.00282739 -0.00174601 -0.00149747 -0.00241506 -0.00126831 -0.00213294 -0.00206941 -0.00216603 -0.00154356 -0.00198187 -0.00189377 -0.00224901 -0.00281406 -0.0024806 -0.00149107 -0.00179323 -0.00132757 -0.0021888 -0.0018161 -0.00216134 -0.0027797 -0.00125053 -0.00298094 -0.00148659 -0.00198929 -0.00218147 -0.00298011 -0.00219186 -0.00268467 -0.00257884 -0.00232926 -0.00234858 -0.00207193 -0.00217765 -0.00292618 -0.00272113 -0.001404 -0.00195193 -0.00160346 -0.00179975 -0.00159149 -0.00169155 -0.00127795 -0.00188783 -0.00181706 -0.00190645 -0.00215054 -0.00215013 -0.0020452 -0.0027726 -0.00233213 -0.00206542 -0.00149165 -0.00218918 -0.00117969 -0.00125418 -0.0016098 -0.00129692 -0.00167993 -0.0021166 -0.00151932 -0.00196046 -0.0017007 -0.00179062 
-0.00207766 -0.0021036 -0.00202448 -0.0017097 -0.0014387 -0.00323102 -0.0023559 -0.00182884 -0.00232883 -0.00209805 -0.00217592 -0.00200385 -0.00115972 0.00252967 0.00348314 0.00302978 0.00287861 0.146779 0.00479051 0.00219334 0.0022114 0.00361568 0.00285083 -0.00178055 -0.00194865 -0.0016965 -0.00175913 -0.00258138 -0.00316135 -0.00236557 -0.00147857 -0.00191862 -0.00291845 -0.00299513 -0.00212283 -0.0016527 -0.00170401 -0.00112585 -0.0014985 -0.00210144 -0.00162429 -0.0022618 -0.000804114 -0.00170242 -0.00200823 -0.000950478 -0.00199622 -0.00109312 -0.00261717 -0.00220237 -0.00116484 -0.00214743 -0.00201677 -0.00186714 -0.00265444 -0.0017052 -0.00183883 -0.00290724 -0.00123028 -0.00277047 -0.00222575 -0.00192654 -0.0021633 -0.00162457 -0.00198141 -0.0023055 -0.00226427 -0.00205991 -0.00222688 -0.00154511 -0.00228463 -0.00206108 -0.00206817 -0.00207678 -0.00212391 -0.00205981 -0.00202253 -0.00258061 -0.00159544 -0.00235667 -0.00180777 -0.00214939 -0.00180942 -0.00124225 -0.00235609 -0.00182036 -0.00165477 -0.0020865 -0.00204819 -0.00130817 -0.00158109 -0.00197937 -0.00196682 -0.00258992 -0.00170508 -0.00118739 -0.000441638 -0.00178941 -0.00113431 -0.00124256 
-0.00233181 -0.00228439 -0.00219468 -0.00327699 -0.00161055 -0.00227313 -0.0018702 -0.00230864 -0.00132401 -0.00155557 -0.00130089 -0.00219737 -0.00261703 0.00320327 0.00221719 0.00200991 0.00359493 0.00479051 0.147623 0.00278739 0.00359414 0.00258027 0.00363771 -0.00168751 -0.00141536 -0.0019869 -0.00209169 -0.00149695 -0.00199894 -0.00267603 -0.00313011 -0.00266809 -0.000833461 -0.00306694 -0.00158239 -0.00122674 -0.00189304 -0.00213826 -0.00169684 -0.00266992 -0.00164469 -0.00199434 -0.00220889 -0.00145055 -0.00240749 -0.00189668 -0.00229218 -0.00197809 -0.00225272 -0.00182211 -0.00173831 -0.00168205 -0.00221881 -0.00161591 -0.00190433 -0.00246816 -0.00190289 -0.00241814 -0.0016477 -0.00278935 -0.00199353 -0.00182847 -0.00166195 -0.00162412 -0.00189478 -0.00233426 -0.00243864 -0.00205944 -0.00175782 -0.00244193 -0.0022313 -0.00111219 -0.00150817 -0.00133336 -0.00141258 -0.00229101 -0.00210808 -0.00215466 -0.00182697 -0.0018031 -0.00191981 -0.00171098 -0.00139067 -0.00240881 -0.00129408 -0.00162597 -0.00151541 -0.00178334 -0.00216973 -0.00250479 -0.00134079 -0.002163 -0.00159243 -0.00149887 -0.00270055 -0.00188794 -0.00167299 -0.00156699 -0.00133916 -0.00239822 
-0.00275103 -0.00213585 -0.00196047 -0.00198552 -0.00177908 -0.0020735 -0.00235372 -0.00258035 -0.00293091 -0.00227709 -0.00341556 -0.00230563 -0.00154175 -0.00162151 0.00305161 0.00258209 0.00242093 0.00219334 0.00278739 0.15043 0.00330379 0.00247443 0.00415578 0.00264359 0.00234427 -0.00219978 -0.00123057 -0.00213346 -0.00226975 -0.00256965 -0.00203257 -0.00224669 -0.00251233 -0.00191641 -0.00218889 -0.00312974 -0.00123434 -0.00219391 -0.00281124 -0.00216994 -0.00259474 -0.00213153 -0.00114707 -0.00301406 -0.00154565 -0.00197663 -0.00178101 -0.0013528 -0.00147889 -0.00275613 -0.00166831 -0.00206401 -0.00118471 -0.00216297 -0.00231683 -0.00264232 -0.00100915 -0.00171634 -0.0014143 -0.00281473 -0.00196985 -0.00214796 -0.00120441 -0.00148018 -0.00144051 -0.00234863 -0.00281948 -0.00263703 -0.00187889 -0.00197067 -0.00258256 -0.00233127 -0.00179675 -0.00158389 -0.00223981 -0.0019992 -0.00150967 -0.00130455 -0.00141095 -0.00197818 -0.00161925 -0.00206299 -0.00156633 -0.00142079 -0.00231909 -0.0019796 -0.00187918 -0.00149721 -0.00221246 -0.00176008 -0.00181252 -0.00259253 -0.00156751 -0.00189656 -0.00193083 -0.0018149 -0.00159195 -0.00172045 -0.00164632 -0.00153896 
-0.00181265 -0.00216091 -0.00166243 -0.00161489 -0.00242501 -0.00266297 -0.00236276 -0.00110058 -0.00187976 -0.00222892 -0.00192631 -0.00166789 -0.000792004 -0.0016133 -0.00143792 -0.00133471 0.00225645 0.0022114 0.00359414 0.00330379 0.147151 0.00357664 0.00372166 0.00262538 0.00210918 0.00309185 -0.00144165 -0.00183381 -0.00219905 -0.00331489 -0.00201459 -0.00317273 -0.00203538 -0.00181734 -0.00193986 -0.0017716 -0.00208288 -0.00292412 -0.00302024 -0.00273535 -0.00230915 -0.00182052 -0.00217725 -0.00280727 -0.00156792 -0.00149481 -0.00134476 -0.00182905 -0.00188528 -0.00194804 -0.00147705 -0.000558572 -0.00149218 -0.00179206 -0.00244044 -0.00248849 -0.00172391 -0.00174293 -0.00153568 -0.00261317 -0.00242306 -0.00152488 -0.00132082 -0.00108708 -0.00116015 -0.00187625 -0.00158182 -0.00121926 -0.00232768 -0.00206714 -0.00135707 -0.00226497 -0.00121585 -0.00147185 -0.00156834 -0.00197285 -0.00123369 -0.00276204 -0.00315482 -0.00192266 -0.00070452 -0.00152031 -0.00132502 -0.0018272 -0.00379643 -0.00258659 -0.00184668 -0.0019801 -0.00168952 -0.0025869 -0.00194653 -0.00276637 -0.00232436 -0.00242796 -0.00175817 -0.00141798 -0.001424 -0.00179059 -0.00280304 -0.00157182 
-0.00163096 -0.00105639 -0.00208597 -0.0018402 -0.00212252 -0.00164658 -0.00167742 -0.00150254 -0.00251732 -0.00154749 -0.00160338 -0.00252783 -0.00305213 -0.00197687 -0.00189793 -0.000896441 0.00250635 0.00361568 0.00258027 0.00247443 0.00357664 0.142116 0.00271564 0.00326189 0.00234384 0.00390701 -0.0016663 -0.00144993 -0.00313051 -0.00148507 -0.00243058 -0.00226204 -0.00256672 -0.00255414 -0.00228524 -0.00246585 -0.00215945 -0.00236026 -0.00170821 -0.00272572 -0.00202108 -0.00282083 -0.00152084 -0.00220824 -0.00199776 -0.0018924 -0.00144494 -0.00151633 -0.000785126 -0.00235042 -0.0017195 -0.00203436 -0.000763774 -0.00154176 -0.00143257 -0.00126303 -0.0014244 -0.00160883 -0.0023848 -0.00147642 -0.00108528 -0.00167905 -0.00203269 -0.00147505 -0.00134844 -0.00150814 -0.0013673 -0.00228371 -0.00257669 -0.000878897 -0.00162013 -0.00195406 -0.00225141 -0.0015443 -0.00260273 -0.00167061 -0.00211881 -0.00153526 -0.00123642 -0.00260639 -0.00161413 -0.00190385 -0.00196203 -0.00130711 -0.00266231 -0.00201982 -0.00254285 -0.0022542 -0.00156388 -0.00243668 -0.0015093 -0.00218822 -0.00241993 -0.00176423 -0.00104124 -0.00146606 -0.00197888 -0.00188827 -0.00313746 -0.00102219 
-0.00258519 -0.00162453 -0.000894886 -0.00176893 -0.00145717 -0.00187045 -0.00105474 -0.00208641 -0.00209109 -0.0019168 -0.00121958 -0.00214128 -0.00196846 -0.00130525 -0.00175416 -0.00168224 -0.00147997 0.00285083 0.00363771 0.00415578 0.00372166 0.00271564 0.146368 0.00340816 0.00242332 0.00307908 0.00309247 -0.00196708 -0.00195332 -0.00198969 -0.00208552 -0.00243555 -0.00172677 -0.00176287 -0.00221864 -0.00201439 -0.00187817 -0.00234836 -0.00195679 -0.00226999 -0.00195178 -0.00295615 -0.00231093 -0.00199082 -0.00238287 -0.00159188 -0.00170741 -0.00195039 -0.00213942 -0.00207639 -0.00155194 -0.00195273 -0.00183428 -0.00149249 -0.00191892 -0.0027176 -0.00211354 -0.00232717 -0.00161511 -0.00181711 -0.00234621 -0.00198479 -0.00240972 -0.00195404 -0.00234376 -0.00293137 -0.00171425 -0.00169211 -0.00344736 -0.00235082 -0.00157429 -0.00172007 -0.00199143 -0.00147417 -0.00185371 -0.00167992 -0.00135169 -0.00186336 -0.00271337 -0.00222943 -0.00134611 -0.0020305 -0.00199286 -0.00269979 -0.00133303 -0.00155347 -0.00227636 -0.00175163 -0.00206883 -0.0019436 -0.00190768 -0.00175902 -0.00233701 -0.0020939 -0.00168466 -0.00120068 -0.00159999 -0.00284997 -0.00173111 -0.00175883 
-0.00113706 -0.000822414 -0.000859896 -0.00175561 -0.00228397 -0.000773047 -0.00117631 -0.00196657 -0.00229774 -0.0023176 -0.00280182 -0.00322111 -0.00273424 -0.00273806 -0.00177037 -0.00170529 -0.00195819 -0.00178055 -0.00168751 0.00264359 0.00262538 0.00326189 0.00340816 0.144918 0.00336105 0.00435479 0.00211703 0.00206304 -0.00261599 -0.000313292 -0.00120146 -0.00169751 -0.00248299 -0.002254 -0.00195386 -0.00215733 -0.0016169 -0.00254165 -0.00281845 -0.00115086 -0.00146803 -0.000990303 -0.00118389 -0.00233569 -0.00166733 -0.00186473 -0.00276388 -0.0020294 -0.0017501 -0.00125187 -0.00211238 -0.00165619 -0.00289215 -0.00115512 -0.00205165 -0.00239213 -0.00241026 -0.0022741 -0.00227899 -0.00111442 -0.00273265 -0.00212918 -0.00216065 -0.00133025 -0.00178865 -0.00232781 -0.00238408 -0.00172525 -0.00204983 -0.00200364 -0.000981188 -0.00148348 -0.00204988 -0.00127981 -0.00151917 -0.00140602 -0.0017709 -0.00140805 -0.00251606 -0.00195154 -0.00159449 -0.0017297 -0.00237754 -0.00208178 -0.00122947 -0.00206641 -0.00249711 -0.00185181 -0.0018416 -0.00154575 -0.00187422 -0.00121279 -0.00176887 -0.00189077 -0.00267687 -0.000937051 -0.000800777 -0.0020398 -0.00150369 -0.00200043 
-0.00234863 -0.00159209 -0.00215463 -0.00144103 -0.00296047 -0.0026843 -0.00160188 -0.00305156 -0.0026765 -0.00270606 -0.00337561 -0.00231575 -0.00120342 -0.00182646 -0.00149589 -0.00217526 -0.00198438 -0.00194865 -0.00141536 0.00234427 0.00210918 0.00234384 0.00242332 0.00336105 0.147998 0.00347848 0.0021899 0.00255597 0.00136534 0.00156241 -0.00164127 -0.00237947 -0.00206543 -0.00189178 -0.00165408 -0.00159625 -0.00194758 -0.00251691 -0.002301 -0.00205726 -0.00243585 -0.00223574 -0.00143371 -0.00236009 -0.00176584 -0.00124285 -0.0008893 -0.00088647 -0.00161598 -0.00233839 -0.00241857 -0.00125631 -0.00148765 -0.00207569 -0.00162881 -0.00133727 -0.00195659 -0.00245566 -0.00155952 -0.00116229 -0.002225 -0.00135119 -0.00165577 -0.0020701 -0.00143686 -0.00219576 -0.00252904 -0.0023782 -0.00198581 -0.0025021 -0.00317548 -0.00154756 -0.00269435 -0.00142222 -0.000994163 -0.00231805 -0.00231839 -0.002217 -0.00173485 -0.00208988 -0.0013763 -0.0022349 -0.00192753 -0.00217406 -0.00238111 -0.00220349 -0.00177693 -0.00139972 -0.00179668 -0.00130419 -0.00200518 -0.00183035 -0.00146534 -0.00200239 -0.00284413 -0.000910227 -0.0018046 -0.00152549 -0.00107102 -0.00130485 
-0.00201027 -0.00221971 -0.00280378 -0.00193978 -0.00237098 -0.00255464 -0.00189387 -0.00217733 -0.00215005 -0.00280692 -0.00259191 -0.00229727 -0.00230698 -0.00262725 -0.00304103 -0.00155597 -0.00180764 -0.0016965 -0.0019869 -0.00219978 0.00309185 0.00390701 0.00307908 0.00435479 0.00347848 0.151918 0.00339973 0.00351367 0.00245163 0.00202253 0.0022118 -0.00222175 -0.00184024 -0.00254682 -0.00122553 -0.0015175 -0.0026028 -0.00197841 -0.00140771 -0.00146554 -0.00126168 -0.00112762 -0.00238336 -0.00195745 -0.00230656 -0.00263086 -0.00203709 -0.0017387 -0.00224994 -0.0025252 -0.00140373 -0.00216652 -0.00210647 -0.00251062 -0.00193077 -0.00211451 -0.00244502 -0.00219017 -0.00201514 -0.00135106 -0.00222465 -0.00215923 -0.00216066 -0.00102129 -0.00120339 -0.00234556 -0.00203169 -0.001852 -0.00181202 -0.00239163 -0.00238537 -0.00179159 -0.0024533 -0.00214414 -0.00202959 -0.00162411 -0.00234525 -0.0021962 -0.00239279 -0.00304884 -0.00206091 -0.00219233 -0.0034458 -0.00204979 -0.00148484 -0.00218768 -0.00157639 -0.00146969 -0.00181286 -0.00242207 -0.00151079 -0.00227183 -0.00150741 -0.00147152 -0.00233192 -0.00115155 -0.00178617 -0.00188224 -0.00248826 -0.0024137 
-0.00148316 -0.0018113 -0.00192707 -0.0023748 -0.0028597 -0.00238278 -0.00207553 -0.00198032 -0.00232167 -0.00219386 -0.00316463 -0.000929935 -0.00153285 -0.00194435 -0.0016974 -0.00124821 -0.00228168 -0.00175913 -0.00209169 -0.00123057 -0.00144165 -0.0016663 0.00309247 0.00211703 0.0021899 0.00339973 0.131088 0.00236478 0.0020459 0.00290721 0.00256738 0.00298301 -0.000496493 -0.00181379 -0.00105945 -0.00140209 -0.00127976 -0.00201743 -0.00142122 -0.00128874 -0.00232559 -0.00189227 -0.00151479 -0.00194369 -0.00225053 -0.00144303 -0.00167318 -0.00206127 -0.00124651 -0.000905769 -0.00102849 -0.00217585 -0.00215943 -0.00166432 -0.00156814 -0.00231671 -0.00194955 -0.00191933 -0.00190751 -0.001432 -0.0016754 -0.00214644 -0.00166155 -0.0015818 -0.00191995 -0.00182728 -0.00147465 -0.0020836 -0.0012494 -0.00218686 -0.00122689 -0.00177654 -0.00151203 -0.00133613 -0.00102737 -0.00164756 -0.00151509 -0.00195861 -0.00214502 -0.00173123 -0.00127171 -0.00197523 -0.00184892 -0.00221098 -0.0020991 -0.00209737 -0.00181054 -0.00173211 -0.00100256 -0.00154437 -0.00102973 -0.00138755 -0.00161263 -0.00118539 -0.00142557 -0.00113177 -0.00284609 -0.00139438 -0.00173455 -0.00117638 
-0.00149675 -0.00213327 -0.00208388 -0.00196076 -0.00160463 -0.0019272 -0.00174633 -0.0031901 -0.00151094 -0.00184324 -0.00129823 -0.00146852 -0.00195089 -0.00204153 -0.00144196 -0.00203087 -0.00141195 -0.00258138 -0.00149695 -0.00213346 -0.00183381 -0.00144993 -0.00196708 0.00206304 0.00255597 0.00351367 0.00236478 0.137445 0.0029866 0.00193613 0.00228648 0.00268951 0.00283533 -0.00132699 -0.000903439 -0.00230349 -0.00108149 -0.00131597 -0.00104599 -0.00099438 -0.00183097 -0.00164455 -0.00134761 -0.00169506 -0.00163487 -0.0020424 -0.00208553 -0.00213116 -0.00263147 -0.00127394 -0.0022134 -0.00199787 -0.00244765 -0.00152041 -0.00195522 -0.00152126 -0.00265896 -0.00223148 -0.00161566 -0.00145856 -0.00193526 -0.00151697 -0.0016127 -0.00152956 -0.000768492 -0.00204281 -0.00206498 -0.00185199 -0.00116949 -0.00204771 -0.00132567 -0.00230368 -0.00183111 -0.00191433 -0.00169116 -0.00198215 -0.00152719 -0.00176047 -0.00220149 -0.00221678 -0.00215055 -0.0035431 -0.00195653 -0.00176138 -0.00262407 -0.00111513 -0.000527501 -0.00182305 -0.00112736 -0.00128377 -0.00122696 -0.00224195 -0.00181119 -0.00146536 -0.00160935 -0.00134707 -0.00188157 -0.00185841 -0.00256974 -0.00194499 
-0.00178979 -0.00227077 -0.00162292 -0.00170311 -0.00161119 -0.00206144 -0.00283538 -0.00232687 -0.00093627 -0.00257866 -0.00235934 -0.00189712 -0.00110354 -0.00137417 -0.00149104 -0.00133095 -0.00296308 -0.00316135 -0.00199894 -0.00226975 -0.00219905 -0.00313051 -0.00195332 -0.00261599 0.00136534 0.00245163 0.0020459 0.0029866 0.143442 0.00333591 0.00391702 0.00231348 0.0034835 0.00211932 -0.0015713 -0.000879799 -0.0017071 -0.00174773 -0.00261345 -0.00140754 -0.00239254 -0.00259318 -0.00150216 -0.00150444 -0.00257393 -0.00231793 -0.00206311 -0.0019814 -0.0019073 -0.00211068 -0.00175467 -0.00171432 -0.0020303 -0.00209434 -0.00172316 -0.00204447 -0.00239072 -0.00177177 -0.0018153 -0.00195407 -0.00204425 -0.00235184 -0.00228247 -0.00140007 -0.00161835 -0.00106774 -0.00121312 -0.00200258 -0.00178963 -0.0019631 -0.00181339 -0.00289817 -0.00190854 -0.00189853 -0.000918195 -0.0013829 -0.00177087 -0.00216127 -0.00194502 -0.000877145 -0.00100339 -0.00160315 -0.00197373 -0.00284886 -0.00149687 -0.00164641 -0.00112322 -0.00168746 -0.000692741 -0.000397418 -0.00119273 -0.00256621 -0.00186719 -0.00103597 -0.00214067 -0.00165019 -0.00131686 -0.00190389 -0.00172675 -0.0025284 
-0.00113171 -0.00126759 -0.0017952 -0.00132434 -0.00120667 -0.00145884 -0.00133277 -0.0019822 -0.00148311 -0.00221705 -0.00179393 -0.00141067 -0.00229279 -0.00168444 -0.00208871 -0.00250991 -0.00316802 -0.00236557 -0.00267603 -0.00256965 -0.00331489 -0.00148507 -0.00198969 -0.000313292 0.00156241 0.00202253 0.00290721 0.00193613 0.00333591 0.13111 0.0037379 0.00331681 0.00201398 0.00264158 -0.00113997 -0.000570425 -0.00148585 -0.00144165 -0.0017413 -0.00101692 -0.00109603 -0.00179249 -0.00253331 -0.0017995 -0.00149654 -0.00106654 -0.00142498 -0.00185031 -0.00217034 -0.00130188 -0.00185455 -0.00205354 -0.00247106 -0.00207541 -0.00199685 -0.00224985 -0.00212741 -0.00191312 -0.00156558 -0.00127636 -0.00127956 -0.00237496 -0.00209134 -0.000704976 -0.00152294 -0.00184585 -0.000991871 -0.00156954 -0.000673373 -0.00169914 -0.0018755 -0.00141182 -0.00153574 -0.00173199 -0.00130145 -0.000995127 -0.00221528 -0.00174785 -0.0011692 -0.00184225 -0.00160146 -0.00217309 -0.00121815 -0.00196068 -0.0018438 -0.00219965 -0.00164935 -0.00151426 -0.00208699 -0.00136672 -0.00148094 -0.00199233 -0.00180022 -0.00124612 -0.00213158 -0.00121162 -0.00238773 -0.00210468 -0.00158897 -0.00207201 
-0.0017771 -0.00188096 -0.00156569 -0.00191318 -0.00232114 -0.0021618 -0.00160723 -0.00232355 -0.000962693 -0.001511 -0.00240094 -0.00202083 -0.00151838 -0.00159225 -0.00229108 -0.00186676 -0.00265496 -0.00147857 -0.00313011 -0.00203257 -0.00201459 -0.00243058 -0.00208552 -0.00120146 -0.00164127 0.0022118 0.00256738 0.00228648 0.00391702 0.0037379 0.132811 0.0027383 0.00277096 0.00156268 0.00257626 0.00194869 -0.00139157 -0.0013091 -0.000578516 -0.00189502 -0.00191947 -0.00186596 -0.0014839 -0.00159381 -0.00208126 -0.00179881 -0.00192898 -0.00196883 -0.00193917 -0.000875968 -0.00202878 -0.00141618 -0.0021436 -0.00181122 -0.00274195 -0.00156166 -0.00179444 -0.00217385 -0.00158193 -0.00145892 -0.00202094 -0.00163195 -0.000807336 -0.00131829 -0.00123771 -0.00164831 -0.00184986 -0.00246773 -0.00188336 -0.00158851 -0.00090956 -0.00226141 -0.00168997 -0.00269535 -0.00132252 -0.00210566 -0.00201773 -0.00172736 -0.00219811 -0.00180798 -0.00145126 -0.00166876 -0.00213149 -0.00196706 -0.000960833 -0.00112494 -0.0018831 -0.00169419 -0.00173322 -0.00140074 -0.00208512 -0.00128711 -0.0016063 -0.0018007 -0.00184294 -0.0022659 -0.00201697 -0.00156146 -0.00236413 -0.00136564 
-0.00201602 -0.00140648 -0.00184535 -0.00197941 -0.0021582 -0.00288817 -0.0019982 -0.00276909 -0.00231508 -0.00145524 -0.00239249 -0.00207196 -0.00261475 -0.00258157 -0.00124456 -0.00213064 -0.00170466 -0.00191862 -0.00266809 -0.00224669 -0.00317273 -0.00226204 -0.00243555 -0.00169751 -0.00237947 -0.00222175 0.00298301 0.00268951 0.00231348 0.00331681 0.0027383 0.134199 0.0031037 0.00247657 0.0020878 0.0018648 0.00265169 -0.00103693 -0.000875836 -0.0010407 -0.00161588 -0.001814 -0.00178981 -0.00250944 -0.00185548 -0.00246576 -0.00254177 -0.00182702 -0.00171485 -0.0016493 -0.00163633 -0.00161202 -0.0016397 -0.00164878 -0.00178802 -0.00187037 -0.00226666 -0.00225711 -0.00261351 -0.001753 -0.00207707 -0.00162163 -0.0014187 -0.00136229 -0.00166113 -0.00136426 -0.00178116 -0.00137093 -0.00175649 -0.00195397 -0.00121144 -0.00112789 -0.00176184 -0.00141 -0.00155355 -0.00170563 -0.00108003 -0.0013578 -0.00125419 -0.00169617 -0.00105372 -0.00170302 -0.00157321 -0.00129684 -0.00134261 -0.00168671 -0.00171105 -0.00129774 -0.000951787 -0.00167181 -0.000733374 -0.00257749 -0.00181645 -0.00132674 -0.00119256 -0.00235194 -0.00172388 -0.00193464 -0.001533 -0.0020237 
-0.0018775 -0.00157777 -0.00175978 -0.00142347 -0.00149294 -0.00278732 -0.00218271 -0.00196927 -0.00204138 -0.00205223 -0.00258346 -0.00187348 -0.00140888 -0.00196653 -0.00198462 -0.00176733 -0.00178913 -0.00291845 -0.000833461 -0.00251233 -0.00203538 -0.00256672 -0.00172677 -0.00248299 -0.00206543 -0.00184024 -0.000496493 0.00283533 0.0034835 0.00201398 0.00277096 0.0031037 0.129125 0.00244892 0.00178469 0.00169474 0.00273644 0.0028566 -0.00135374 -0.000962095 -0.00137505 -0.00214219 -0.00101996 -0.00204499 -0.00159487 -0.00261614 -0.00207136 -0.00213896 -0.00216795 -0.00171276 -0.001376 -0.00229083 -0.00213639 -0.00120912 -0.00141445 -0.0018213 -0.00177251 -0.00111849 -0.00210133 -0.00225923 -0.00202032 -0.00158382 -0.0014019 -0.00159259 -0.00148919 -0.00141365 -0.00147031 -0.00169029 -0.00263206 -0.00161917 -0.00123471 -0.00201309 -0.00192745 -0.00172658 -0.0016356 -0.000855408 -0.00196819 -0.00177972 -0.00263577 -0.0012989 -0.00175922 -0.00144712 -0.00153506 -0.00225267 -0.00150399 -0.00122093 -0.00134895 -0.00128201 -0.00027672 -0.00125645 -0.000755813 -0.00139044 -0.00179151 -0.00143293 -0.00114745 -0.00203902 -0.00186124 -0.00178234 -0.0019485 -0.00211678 
