0.126778 0.00208964 0.00305649 0.00202412 0.00248687 0.00254716 -0.00135851 -0.000815537 -0.00149626 -0.000541119 -0.00106753 -0.0021267 -0.00132605 -0.00204016 -0.000852926 -0.00200783 -0.00268793 -0.00209119 -0.0020824 -0.00240296 -0.00257669 -0.00290394 -0.0024363 -0.00157644 -0.00251537 -0.00139312 -0.00179012 -0.00169686 -0.00232618 -0.00144671 -0.00235359 -0.00165852 -0.00192879 -0.00179761 -0.00260214 -0.000944977 -0.00145898 -0.00215764 -0.00143984 -0.00240992 -0.00153282 -0.0017947 -0.00200218 -0.000874333 -0.00135605 -0.00145002 -0.00106569 -0.0012132 -0.00170869 -0.00123871 -0.00144979 -0.000800247 -0.0019554 -0.00176036 -0.00143074 -0.00135404 -0.00190248 -0.00144853 -0.00162578 -0.00159804 -0.00151902 -0.00129577 -0.00107947 -0.00200769 -0.00153511 -0.00166247 -0.00196952 -0.00221969 -0.00226829 -0.00166505 -0.00157686 -0.00156139 -0.00129883 -0.00168777 -0.00116546 -0.00133488 -0.000992709 -0.00134615 -0.00195129 -0.00190788 -0.00152093 -0.00145448 -0.00148702 -0.00112549 -0.0018999 -0.00167313 -0.00187951 -0.00129602 -0.00186099 -0.00169279 -0.00152733 -0.0021098 -0.00155794 -0.000868808 -0.00151924 -0.000926011 0.00238034 0.00227256 0.00196065 0.00272176 
0.00208964 0.114742 0.00173443 0.00192148 0.00135829 0.00254629 0.00161221 -0.00141483 -0.00173428 -0.00132041 -0.000906575 -0.00199151 -0.00101861 -0.000637576 -0.00118998 -0.00162587 -0.00109721 -0.00146845 -0.00179849 -0.00182041 -0.00195156 -0.00207296 -0.00179697 -0.00169879 -0.00161564 -0.00193669 -0.00126828 -0.00142259 -0.00200708 -0.00178385 -0.00234365 -0.00176067 -0.00215352 -0.00232703 -0.00218324 -0.0015785 -0.00139406 -0.00110559 -0.0016836 -0.00120231 -0.00128436 -0.00153769 -0.00216568 -0.00186773 -0.00132428 -0.00162499 -0.00149037 -0.0012411 -0.00205678 -0.00101864 -0.000474812 -0.00150498 -0.000850669 -0.00131475 -0.000889294 -0.000699219 -0.000940776 -0.00130261 -0.0014705 -0.000808506 -0.000190834 -0.00192988 -0.00157386 -0.00105197 -0.00192392 -0.00160127 -0.00143427 -0.00195576 -0.00147293 -0.00170389 -0.00104963 -0.000918967 -0.00156547 -0.00108646 -0.00190397 -0.00151207 -0.000456017 -0.0016419 -0.00157775 -0.00120437 -0.0014057 -0.00227532 -0.0017054 -0.0015313 -0.00141357 -0.00160081 -0.00140893 -0.00142225 -0.00134496 -0.00178016 -0.00143895 -0.00144824 -0.00204186 -0.000296441 -0.00161816 -0.0013729 -0.000813839 0.00187344 0.00204395 0.00193086 
0.00305649 0.00173443 0.127125 0.0022183 0.00220441 0.00323151 0.00206213 0.00180098 -0.00212158 -0.00135055 -0.00147881 -0.00162316 -0.00151648 -0.00101177 -0.00173115 -0.00141682 -0.00165081 -0.00141504 -0.00114948 -0.00232947 -0.000484539 -0.00192107 -0.00127183 -0.00223266 -0.00171648 -0.00167384 -0.00205342 -0.00238361 -0.00274888 -0.00145416 -0.00279575 -0.00271367 -0.00204415 -0.0018331 -0.00234792 -0.00181274 -0.00171322 -0.00148047 -0.00149408 -0.00173861 -0.00126343 -0.00226081 -0.0024368 -0.00135573 -0.00226014 -0.00166659 -0.0013133 -0.00144353 -0.00198915 -0.00134084 -0.00126635 -0.00144028 -0.00127419 -0.00182159 -0.000461384 -0.00160432 -0.00214508 -0.000914577 -0.00086987 -0.00183957 -0.00188001 -0.000968445 -0.00150812 -0.00126062 -0.00161024 -0.00200699 -0.00170702 -0.00074609 -0.00186789 -0.000856267 -0.00141192 -0.00178412 -0.00108602 -0.00025315 -0.00165138 -0.00136666 -0.00200752 -0.00236475 -0.00205454 -0.00173073 -0.00128334 -0.0015973 -0.00125354 -0.00197609 -0.00160461 -0.00215865 -0.00145527 -0.00156044 -0.00181044 -0.00196685 -0.00141223 -0.00214113 -0.00148901 -0.00121261 -0.00193998 -0.00217291 -0.00107854 -0.000928165 0.0017001 0.00170757 
0.00202412 0.00192148 0.0022183 0.122512 0.00243394 0.00255981 0.00189686 0.00134215 0.00117187 -0.00128509 -0.00142736 -0.00169251 -0.00194321 -0.0013565 -0.00131033 -0.00152368 -0.00129498 -0.00149553 -0.00169011 -0.00176304 -0.00136537 -0.00213814 -0.00232638 -0.00188923 -0.00107035 -0.00110513 -0.00252333 -0.000810077 -0.00109517 -0.00195555 -0.00170304 -0.00133068 -0.00183168 -0.00148765 -0.00249702 -0.00157343 -0.00219652 -0.00178723 -0.00170509 -0.00143314 -0.00167405 -0.00153485 -0.00225719 -0.00255639 -0.00195561 -0.00157496 -0.00130645 -0.00193171 -0.00171881 -0.00121389 -0.0013455 -0.0018823 -0.000841974 -0.00136268 -0.000385129 -0.00175792 -0.00106221 -0.000614069 -0.000944439 -0.00167475 -0.000955155 -0.000956966 -0.00157184 -0.00176277 -0.00149482 -0.00161409 -0.00204781 -0.00127119 -0.00182387 -0.00178298 -0.00232712 -0.00179758 -0.00131694 -0.0014673 -0.00110683 -0.00169487 -0.00187202 -0.00144081 -0.00143535 -0.00207647 -0.00186262 -0.00147437 -0.00161871 -0.001315 -0.00116608 -0.00221455 -0.00163632 -0.00131709 -0.00157373 -0.00199905 -0.00119393 -0.00178763 -0.00188254 -0.00060391 -0.00156937 -0.00213677 -0.000855473 -0.00119558 -0.00159019 0.0029304 
0.00248687 0.00135829 0.00220441 0.00243394 0.127653 0.00248466 0.00182704 0.00208516 0.00242715 0.00192392 -0.00150426 -0.00137514 -0.00177621 -0.00136423 -0.00112762 -0.00189756 -0.00155921 -0.00175523 -0.00157327 -0.00330407 -0.00140497 -0.00241873 -0.00282271 -0.00125676 -0.00253916 -0.00140742 -0.00191584 -0.00210246 -0.000962119 -0.00179378 -0.00141871 -0.00200254 -0.00283378 -0.00114971 -0.00210287 -0.00135501 -0.00189879 -0.00111093 -0.00213031 -0.00172384 -0.00186027 -0.00157574 -0.0019087 -0.00193819 -0.00130419 -0.00167557 -0.00113751 -0.00159558 -0.00117321 -0.00215174 -0.00244099 -0.00106245 -0.00225289 -0.00146077 -0.00188454 -0.00190309 -0.00174016 -0.0010928 -0.00191692 -0.00197162 -0.00100915 -0.00190972 -0.000751277 -0.00135404 -0.000876369 -0.00133333 -0.00125912 -0.00176838 -0.00187042 -0.00179065 -0.00180845 -0.0019504 -0.000588927 -0.00140596 -0.00116634 -0.00173595 -0.00161251 -0.00167628 -0.00183145 -0.00149827 -0.0010292 -0.00188092 -0.00182302 -0.00115619 -0.00140981 -0.00185988 -0.00179385 -0.00154008 -0.00159738 -0.00120361 -0.00235895 -0.00179127 -0.00190283 -0.00140009 -0.00108507 -0.00202425 -0.000862207 -0.00137074 -0.00106216 -0.000901846 
0.00254716 0.00254629 0.00323151 0.00255981 0.00248466 0.129853 0.00295436 0.0024193 0.00250334 0.00289444 0.00257413 -0.000477644 -0.00114956 -0.00278627 -0.00216405 -0.000714242 -0.00131768 -0.00315881 -0.00199331 -0.00276864 -0.00167042 -0.00203083 -0.00254578 -0.00241515 -0.00233629 -0.00244283 -0.0024491 -0.00195547 -0.00123298 -0.00262113 -0.00198407 -0.0023393 -0.00193199 -0.00152204 -0.00221963 -0.00142015 -0.00238491 -0.000990446 -0.000551476 -0.00153023 -0.00147453 -0.00122105 -0.00299876 -0.00152818 -0.00264867 -0.00239413 -0.000841964 -0.00160643 -0.00193928 -0.00116046 -0.00114387 -0.0016704 -0.00126095 -0.0016061 -0.00127397 -0.0017414 -0.00205319 -0.00194867 -0.000971057 -0.00237469 -0.00228272 -0.000415189 -0.00185414 -0.00110717 -0.00134262 -0.000620367 -0.00206691 -0.0017721 -0.00165876 -0.00243417 -0.00244769 -0.00184889 -0.00197389 -0.00192492 -0.00248292 -0.00113949 -0.00198796 -0.00117705 -0.00163319 -0.00218143 -0.0016075 -0.00163419 -0.00182278 -0.00188294 -0.00218735 -0.00194334 -0.00161575 -0.00160388 -0.00216074 -0.00143282 -0.00210616 -0.00134818 -0.000963806 -0.00142906 -0.00160994 -0.00234727 -0.00168136 -0.00135603 -0.00144402 -0.00107689 
-0.00135851 0.00161221 0.00206213 0.00189686 0.00182704 0.00295436 0.13146 0.00263443 0.00243407 0.00307696 0.00220651 0.00251903 -0.00159177 -0.000913516 -0.00149574 -0.00218519 -0.00271792 -0.00110499 -0.00302404 -0.0020015 -0.00209534 -0.00194776 -0.00223698 -0.00131047 -0.0022906 -0.000975289 -0.00127308 -0.0010501 -0.00215799 -0.00123248 -0.00165694 -0.00247362 -0.00195685 -0.00227495 -0.00278605 -0.00128231 -0.00210657 -0.00133788 -0.00215904 -0.00271649 -0.00121061 -0.00110578 -0.00189339 -0.0022411 -0.00162775 -0.00193526 -0.00056528 -0.00127628 -0.000928054 -0.00122161 -0.00177039 -0.00157082 -0.00227903 -0.00126228 -0.00201782 -0.00180717 -0.000820639 -0.00217762 -0.00232576 -0.00139576 -0.00207146 -0.00169418 -0.00175773 -0.00233031 -0.00216367 -0.00251781 -0.00200424 -0.0017666 -0.00134482 -0.00134863 -0.00143345 -0.00254342 -0.00114783 -0.00152325 -0.0023066 -0.00169145 -0.00229015 -0.00133074 -0.00156654 -0.00151018 -0.00197592 -0.00140627 -0.00190216 -0.00194712 -0.00189375 -0.0015605 -0.00183884 -0.00200616 -0.00138 -0.000842188 -0.00233174 -0.00141619 -0.00226493 -0.0021117 -0.00212722 -0.00112109 -0.0016289 -0.00115486 -0.00131543 -0.000969125 
-0.000815537 -0.00141483 0.00180098 0.00134215 0.00208516 0.0024193 0.00263443 0.12068 0.0034898 0.00182601 0.00122178 0.00178353 0.00243117 -0.000674325 -0.00213299 -0.00136205 -0.00188268 -0.00154142 -0.00273307 -0.00237869 -0.00206212 -0.00210896 -0.00257581 -0.00217197 -0.00247356 -0.00121079 -0.00192228 -0.00157998 -0.00230629 -0.00145049 -0.00283143 -0.00150492 -0.00184863 -0.00153777 -0.00175248 -0.00237745 -0.00205197 -0.00169055 -0.0015605 -0.000999485 -0.00162434 -0.0019876 -0.00168988 -0.00244593 -0.00161009 -0.00102238 -0.00161977 -0.00163474 -0.00148657 -0.00133326 -0.00227733 -0.00186239 -0.00099503 -0.00165528 -0.000970579 -0.00120389 -0.00105211 -0.00135945 -0.00137709 -0.00129637 -0.00143119 -0.00160206 -0.000885563 -0.00105977 -0.00121531 -0.00106771 -0.00090615 -0.00163548 -0.00138465 -0.0018651 -0.00117515 -0.00218533 -0.00194691 -0.00125023 -0.00119625 -0.00108895 -0.00230975 -0.000962697 -0.00164251 -0.00139969 -0.00223209 -0.00158033 -0.0015264 -0.00203243 -0.00112379 -0.00177199 -0.00188572 -0.00113568 -0.0010124 -0.00185866 -0.00176121 -0.00157522 -0.00161488 -0.00110729 -0.001546 -0.00130651 -0.00151086 -0.000935725 -0.00142897 -0.00110064 
-0.00149626 -0.00173428 -0.00212158 0.00117187 0.00242715 0.00250334 0.00243407 0.0034898 0.129373 0.00283936 0.00336995 0.00272661 0.00285935 0.00152736 -0.00115339 -0.00181083 -0.00215109 -0.00137448 -0.00262355 -0.00273632 -0.00211187 -0.00201773 -0.00200612 -0.00193692 -0.00327279 -0.00167841 -0.000858664 -0.00157579 -0.00164968 -0.00128966 -0.00137944 -0.00149517 -0.000666695 -0.00112516 -0.00193874 -0.00160561 -0.00250134 -0.00169672 -0.00179214 -0.0015359 -0.00146448 -0.00147836 -0.00201357 -0.00190335 -0.00162903 -0.00239251 -0.0016821 -0.002152 -0.00180967 -0.00169692 -0.00195647 -0.00219384 -0.00106929 -0.0019885 -0.00186448 -0.00127962 -0.00124454 -0.00164419 -0.00214248 -0.00180574 -0.00175294 -0.00191791 -0.00172874 -0.00231698 -0.00109189 -0.00148563 -0.00182352 -0.00185766 -0.00162157 -0.00168052 -0.00225313 -0.00250426 -0.00123467 -0.00165226 -0.00136282 -0.0013586 -0.00129088 -0.00155232 -0.00239096 -0.0017104 -0.00160352 -0.00156265 -0.00183341 -0.00244453 -0.00174813 -0.0020077 -0.00147402 -0.00171975 -0.00154941 -0.00157307 -0.00120157 -0.00112459 -0.00214971 -0.00120916 -0.00159924 -0.002099 -0.00136661 -0.00160682 -0.00206532 -0.00144862 
-0.000541119 -0.00132041 -0.00135055 -0.00128509 0.00192392 0.00289444 0.00307696 0.00182601 0.00283936 0.127184 0.00305306 0.00236706 0.0024143 0.00264821 -0.000760703 -0.000484144 -0.00208964 -0.0017454 -0.0015302 -0.00268812 -0.00192758 -0.00207028 -0.00230903 -0.00232037 -0.00263233 -0.00211081 -0.00277344 -0.00224754 -0.0016451 -0.00127145 -0.00137831 -0.00129451 -0.00240418 -0.0021577 -0.00142588 -0.00169506 -0.00153666 -0.00206822 -0.00190994 -0.00231242 -0.00123404 -0.00191112 -0.00232384 -0.00204976 -0.00124414 -0.00259681 -0.00232884 -0.00154456 -0.00133356 -0.00176852 -0.00122183 -0.00119711 -0.000791663 -0.00107605 -0.00124157 -0.00199219 -0.00155337 -0.00210913 -0.00158683 -0.00109047 -0.00223855 -0.00126844 -0.00158511 -0.00149958 -0.00153725 -0.00154524 -0.00175664 -0.00228118 -0.0012612 -0.00238688 -0.00187067 -0.00222713 -0.0018147 -0.00165619 -0.0011309 -0.00203979 -0.0018966 -0.00141354 -0.00153443 -0.000696426 -0.0017661 -0.00106542 -0.00100822 -0.00156053 -0.0014197 -0.00176284 -0.00171245 -0.00140189 -0.00184336 -0.00109009 -0.0019633 -0.00206463 -0.00257721 -0.00155404 -0.00146237 -0.00142958 -0.00145141 -0.00163982 -0.00140162 -0.000930233 
-0.00106753 -0.000906575 -0.00147881 -0.00142736 -0.00150426 0.00257413 0.00220651 0.00122178 0.00336995 0.00305306 0.132633 0.00321323 0.0035014 0.00142801 0.00235719 0.00242954 -0.00155371 -0.00218943 -0.00238768 -0.00308673 -0.00149503 -0.00211676 -0.00280469 -0.0017951 -0.00243738 -0.00187003 -0.00153457 -0.00266576 -0.0018996 -0.00161187 -0.00266125 -0.00258797 -0.00255217 -0.00143224 -0.00197824 -0.00151109 -0.00225077 -0.00145669 -0.00134962 -0.00199667 -0.00088138 -0.00199889 -0.0019625 -0.00101891 -0.00205945 -0.00142574 -0.000874415 -0.0011719 -0.00232959 -0.00123534 -0.00228945 -0.00182948 -0.00137162 -0.00188602 -0.00169488 -0.00108683 -0.00161096 -0.00176865 -0.00170172 -0.00169941 -0.00207196 -0.00211972 -0.00136461 -0.00213788 -0.00169917 -0.00132988 -0.00241514 -0.00252496 -0.00180091 -0.00188569 -0.000667455 -0.00166284 -0.00149741 -0.00194989 -0.00164849 -0.00172121 -0.00142304 -0.00193852 -0.00206456 -0.00192059 -0.00208147 -0.00153091 -0.00129264 -0.00188434 -0.00190187 -0.00206871 -0.00119819 -0.00207406 -0.00171184 -0.00167728 -0.00154032 -0.00223255 -0.00272461 -0.00179082 -0.00100589 -0.00154487 -0.0021814 -0.00153179 -0.00146265 -0.0012014 
-0.0021267 -0.00199151 -0.00162316 -0.00169251 -0.00137514 -0.000477644 0.00251903 0.00178353 0.00272661 0.00236706 0.00321323 0.135008 0.00202427 0.00342195 0.00321674 0.00273676 0.00193809 -0.00139353 -0.00135023 -0.00218347 -0.00267616 -0.00235395 -0.0017816 -0.00269272 -0.00191633 -0.00111431 -0.00253536 -0.00172766 -0.00181369 -0.00161738 -0.0026068 -0.00198422 -0.00254483 -0.0025477 -0.00213812 -0.00175514 -0.00141601 -0.00178894 -0.00149463 -0.00126274 -0.0011399 -0.00132011 -0.0017684 -0.00179062 -0.00157759 -0.00165364 -0.0014667 -0.00145971 -0.00159011 -0.00127497 -0.00240015 -0.00169259 -0.00241729 -0.0019782 -0.00172701 -0.00198557 -0.00192131 -0.00123845 -0.00157917 -0.00224013 -0.00152503 -0.0024689 -0.00174609 -0.00177449 -0.00155977 -0.00234833 -0.00222511 -0.00256871 -0.00173656 -0.00216818 -0.00241857 -0.0016619 -0.00154048 -0.0020891 -0.00102242 -0.00183937 -0.00168268 -0.00117991 -0.00216782 -0.00161942 -0.00201136 -0.000978122 -0.00167891 -0.00153506 -0.00193715 -0.00155086 -0.00223991 -0.00281001 -0.00141733 -0.00188912 -0.00174489 -0.0019528 -0.00192186 -0.00185533 -0.000976746 -0.00125115 -0.00183164 -0.0016559 -0.00219339 -0.00197747 
-0.00132605 -0.00101861 -0.00151648 -0.00194321 -0.00177621 -0.00114956 -0.00159177 0.00243117 0.00285935 0.0024143 0.0035014 0.00202427 0.136299 0.00266548 0.0025061 0.00242703 0.00281378 -0.00212399 -0.00141853 -0.0022919 -0.00271956 -0.00282213 -0.00282696 -0.00215244 -0.00288125 -0.00288507 -0.00227125 -0.00234995 -0.00186099 -0.00230339 -0.00212225 -0.00226356 -0.00259205 -0.00138173 -0.00233065 -0.00179148 -0.0016412 -0.00175488 -0.00280519 -0.00231475 -0.00194743 -0.00222745 -0.0011097 -0.0018314 -0.00138803 -0.001534 -0.00166056 -0.00197971 -0.00235745 -0.00186782 -0.00134288 -0.00127071 -0.000781545 -0.00147808 -0.00184199 -0.00140113 -0.00204715 -0.00205597 -0.00161365 -0.00123461 -0.00248837 -0.00292281 -0.00143532 -0.0017335 -0.00221816 -0.00103192 -0.0011703 -0.00195345 -0.00117326 -0.00145093 -0.000950976 -0.00159501 -0.00205498 -0.00144755 -0.00129776 -0.00126887 -0.00163265 -0.00154023 -0.0015457 -0.00125301 -0.000988109 -0.00114271 -0.00158698 -0.00208861 -0.00211652 -0.00178848 -0.00191678 -0.00153481 -0.00186089 -0.00128012 -0.00115592 -0.00161714 -0.00124383 -0.00118269 -0.00232514 -0.00195815 -0.0020186 -0.00135022 -0.00175647 -0.00166681 
-0.00204016 -0.000637576 -0.00101177 -0.0013565 -0.00136423 -0.00278627 -0.000913516 -0.000674325 0.00152736 0.00264821 0.00142801 0.00342195 0.00266548 0.137596 0.00282468 0.00237837 0.00430226 0.00250002 0.00262071 -0.00211661 -0.00238186 -0.00218993 -0.0018132 -0.00279565 -0.00296628 -0.00223018 -0.00251015 -0.00232581 -0.00211332 -0.00207276 -0.00211838 -0.00323212 -0.00174559 -0.00227246 -0.00209289 -0.00202509 -0.00173889 -0.00196951 -0.00189766 -0.00205394 -0.00211118 -0.00161624 -0.00241656 -0.00251475 -0.00142686 -0.00180688 -0.00169856 -0.000951512 -0.000621452 -0.00149237 -0.00169237 -0.00131055 -0.00196267 -0.00213657 -0.00201473 -0.00223419 -0.00139317 -0.00154292 -0.00125304 -0.0011178 -0.0013671 -0.00120497 -0.00180415 -0.00181462 -0.00185966 -0.00123015 -0.00257315 -0.0025925 -0.00210169 -0.00205098 -0.00144921 -0.00272571 -0.00222096 -0.000706206 -0.00168278 -0.00195449 -0.00190237 -0.00216939 -0.00237769 -0.00203148 -0.00143618 -0.00142254 -0.0017784 -0.00189809 -0.00222024 -0.00229658 -0.00242775 -0.00101142 -0.00204583 -0.00159221 -0.00164068 -0.00226915 -0.00207946 -0.00205518 -0.00209056 -0.00139356 -0.0012181 -0.00130056 -0.00218706 -0.000968946 
-0.000852926 -0.00118998 -0.00173115 -0.00131033 -0.00112762 -0.00216405 -0.00149574 -0.00213299 -0.00115339 -0.000760703 0.00235719 0.00321674 0.0025061 0.00282468 0.135971 0.00261516 0.00277 0.00183803 0.00235371 0.0022521 -0.00235403 -0.00219297 -0.0015303 -0.00202397 -0.00290809 -0.00272811 -0.00221857 -0.00169981 -0.00151779 -0.00188345 -0.0027649 -0.00224027 -0.00262573 -0.00206517 -0.00172942 -0.00215719 -0.00248102 -0.0019405 -0.00190009 -0.00211595 -0.00232105 -0.00203355 -0.00112337 -0.00163241 -0.00242655 -0.0018161 -0.00211229 -0.00139767 -0.00086621 -0.00220662 -0.00217052 -0.00232303 -0.00112539 -0.00335881 -0.00240477 -0.00274133 -0.000671125 -0.00139366 -0.00179568 -0.00139326 -0.00170063 -0.00220438 -0.000746351 -0.00129142 -0.00204305 -0.00115819 -0.00169578 -0.00143508 -0.00149169 -0.00158794 -0.000683415 -0.00119309 -0.00118161 -0.00180917 -0.00180933 -0.00154523 -0.0016631 -0.00185579 -0.00196062 -0.00194215 -0.000769939 -0.00133139 -0.00250918 -0.00187456 -0.00209143 -0.00208522 -0.00139998 -0.00207979 -0.00279613 -0.00185454 -0.00219161 -0.0023619 -0.00143865 -0.00142644 -0.00131756 -0.00145486 -0.000787572 -0.00110223 -0.000854539 -0.00167005 
-0.00200783 -0.00162587 -0.00141682 -0.00152368 -0.00189756 -0.000714242 -0.00218519 -0.00136205 -0.00181083 -0.000484144 0.00242954 0.00273676 0.00242703 0.00237837 0.00261516 0.13936 0.00309977 0.0022206 0.00316092 0.00270029 -0.00246994 -0.0016618 -0.00105098 -0.00319273 -0.00266303 -0.00197158 -0.00157932 -0.00205392 -0.00183531 -0.00244212 -0.003049 -0.00181823 -0.00219205 -0.00226815 -0.00335323 -0.00294719 -0.00288722 -0.00267848 -0.00153983 -0.00252873 -0.00202109 -0.00239607 -0.00284086 -0.00225014 -0.00211899 -0.00195464 -0.00228299 -0.00150592 -0.0016517 -0.000696484 -0.00187327 -0.00229609 -0.00216582 -0.00243805 -0.00153782 -0.00176908 -0.00202469 -0.000882389 -0.00107841 -0.00117717 -0.00142451 -0.00148013 -0.00132943 -0.00194 -0.00128157 -0.0018394 -0.00136663 -0.000735231 -0.00193022 -0.00172164 -0.00144599 -0.00144006 -0.00122972 -0.00138871 -0.0017432 -0.00170306 -0.00206899 -0.00139234 -0.00137383 -0.00172846 -0.000642078 -0.00157355 -0.00171932 -0.0018386 -0.00232273 -0.00100346 -0.00139106 -0.00150428 -0.00143455 -0.00187016 -0.00138508 -0.00234947 -0.001728 -0.00156073 -0.00237704 -0.0021716 -0.0014548 -0.00193559 -0.00217745 -0.00195275 
-0.00268793 -0.00109721 -0.00165081 -0.00129498 -0.00155921 -0.00131768 -0.00271792 -0.00188268 -0.00215109 -0.00208964 -0.00155371 0.00193809 0.00281378 0.00430226 0.00277 0.00309977 0.147169 0.00273883 0.00421144 0.00337766 0.00222701 0.00270858 -0.0011876 -0.00165131 -0.00255826 -0.00229622 -0.00189146 -0.00181787 -0.00305122 -0.00222997 -0.00245852 -0.00250382 -0.00170486 -0.00229409 -0.0029465 -0.00235371 -0.00202435 -0.00344121 -0.00266094 -0.00354826 -0.00234815 -0.002192 -0.00221003 -0.00174975 -0.00155656 -0.00214971 -0.00120659 -0.00211235 -0.00197415 -0.00226079 -0.00124859 -0.00241368 -0.0025536 -0.00205294 -0.00193539 -0.00255632 -0.00114764 -0.00224137 -0.0015962 -0.00219602 -0.00248213 -0.00299047 -0.00175949 -0.00237113 -0.00042611 -0.00136797 -0.00204453 -0.00144994 -0.00227369 -0.00194285 -0.00223988 -0.00150415 -0.00208296 -0.00138676 -0.00122896 -0.0012137 -0.00137315 -0.00174351 -0.00311628 -0.00317927 -0.00250314 -0.00125976 -0.00202163 -0.00197651 -0.00221719 -0.00238107 -0.00180429 -0.00126132 -0.00213843 -0.00144266 -0.00212644 -0.00174726 -0.00136597 -0.00156455 -0.00163277 -0.00208453 -0.00133889 -0.00240049 -0.00181006 -0.0017781 
-0.00209119 -0.00146845 -0.00141504 -0.00149553 -0.00175523 -0.00315881 -0.00110499 -0.00154142 -0.00137448 -0.0017454 -0.00218943 -0.00139353 -0.00212399 0.00250002 0.00183803 0.0022206 0.00273883 0.141267 0.00343026 0.00396293 0.00365563 0.00207262 0.00293565 -0.00189676 -0.00114782 -0.00130774 -0.00188468 -0.00215871 -0.00224532 -0.00315053 -0.00156266 -0.00120632 -0.00197298 -0.00271392 -0.00261979 -0.00235882 -0.0027426 -0.0023371 -0.00238975 -0.00243337 -0.00206901 -0.00227176 -0.00159199 -0.00175441 -0.00198067 -0.00140635 -0.00225616 -0.00159133 -0.00209976 -0.000910816 -0.00151031 -0.00160313 -0.00174098 -0.00190598 -0.00138021 -0.00242678 -0.00145483 -0.00173359 -0.00134409 -0.00150108 -0.00218242 -0.00239507 -0.00243982 -0.000612347 -0.00248097 -0.00209798 -0.00190209 -0.00142592 -0.00161187 -0.00206651 -0.00260348 -0.0021901 -0.00144229 -0.0015157 -0.00199056 -0.00125897 -0.00101071 -0.00135328 -0.000778952 -0.00203123 -0.00274796 -0.0020881 -0.00294512 -0.00118911 -0.00159684 -0.00167204 -0.000947264 -0.00152821 -0.00203926 -0.00142331 -0.00194229 -0.00177772 -0.00261625 -0.00202507 -0.00245746 -0.00196123 -0.00144962 -0.00201809 -0.0016048 -0.00168153 
-0.0020824 -0.00179849 -0.00114948 -0.00169011 -0.00157327 -0.00199331 -0.00302404 -0.00273307 -0.00262355 -0.0015302 -0.00238768 -0.00135023 -0.00141853 0.00262071 0.00235371 0.00316092 0.00421144 0.00343026 0.145575 0.00491367 0.00386851 0.00258898 0.00301149 -0.00169388 -0.00133174 -0.00200528 -0.0022595 -0.00117288 -0.00205756 -0.00242416 -0.00297406 -0.00168663 -0.00170847 -0.00282889 -0.00163814 -0.00209561 -0.00211863 -0.00267848 -0.00224464 -0.00222901 -0.00173114 -0.00199218 -0.00205856 -0.00164035 -0.0027042 -0.00170716 -0.00153635 -0.00139593 -0.00165225 -0.00206254 -0.00260206 -0.00218234 -0.00201905 -0.00204998 -0.00121253 -0.00205206 -0.00156166 -0.00269917 -0.00158028 -0.00207558 -0.00184626 -0.00250624 -0.0022182 -0.00230557 -0.00101457 -0.00176697 -0.00176794 -0.000998136 -0.00113852 -0.00203207 -0.00126089 -0.00178049 -0.00183639 -0.00138586 -0.00220784 -0.00251466 -0.00200071 -0.00228566 -0.00213012 -0.00290521 -0.00162413 -0.00256912 -0.00171255 -0.0025048 -0.00299477 -0.00123447 -0.00196165 -0.00269829 -0.00136554 -0.00180801 -0.0024564 -0.00250825 -0.00180869 -0.00202511 -0.00243965 -0.00213816 -0.00158194 -0.00144707 -0.00146294 -0.00047343 
-0.00240296 -0.00182041 -0.00232947 -0.00176304 -0.00330407 -0.00276864 -0.0020015 -0.00237869 -0.00273632 -0.00268812 -0.00308673 -0.00218347 -0.0022919 -0.00211661 0.0022521 0.00270029 0.00337766 0.00396293 0.00491367 0.157085 0.00493007 0.00269597 0.0050972 0.00248366 0.00376386 -0.00117454 -0.000963444 -0.00133064 -0.00220418 -0.00220996 -0.0023026 -0.00136805 -0.00144097 -0.00248901 -0.00185859 -0.00157613 -0.00259962 -0.00225364 -0.0030551 -0.00290438 -0.00187627 -0.00231158 -0.00320024 -0.00220986 -0.00103766 -0.00128669 -0.00180969 -0.0021184 -0.00149049 -0.00261815 -0.00250346 -0.00162077 -0.00364496 -0.00227507 -0.00163252 -0.00294517 -0.0011629 -0.00263255 -0.00317707 -0.00220375 -0.00175216 -0.00367402 -0.00237049 -0.0017408 -0.00229009 -0.00248734 -0.00189774 -0.00195192 -0.00224961 -0.00268498 -0.00286608 -0.00188702 -0.00195462 -0.00188179 -0.00196826 -0.00182545 -0.000814216 -0.00262889 -0.00130215 -0.00266962 -0.001823 -0.0020832 -0.00260261 -0.00292871 -0.00296685 -0.00230678 -0.001945 -0.00222053 -0.00164193 -0.00244318 -0.00340594 -0.00129686 -0.00236888 -0.00174863 -0.00147892 -0.00152755 -0.00274861 -0.00131843 -0.00208398 -0.00206582 
-0.00257669 -0.00195156 -0.000484539 -0.00136537 -0.00140497 -0.00167042 -0.00209534 -0.00206212 -0.00211187 -0.00192758 -0.00149503 -0.00267616 -0.00271956 -0.00238186 -0.00235403 -0.00246994 0.00222701 0.00365563 0.00386851 0.00493007 0.148604 0.00256125 0.00429261 0.0026579 0.00243648 0.00267712 -0.00181002 -0.00132948 -0.00342721 -0.00284488 -0.0023769 -0.00189079 -0.00203049 -0.00181041 -0.00134425 -0.00158293 -0.00251428 -0.00191444 -0.0013723 -0.0024738 -0.00226703 -0.00199965 -0.00275912 -0.00179367 -0.00175677 -0.00188059 -0.00211128 -0.00248003 -0.00182197 -0.00215427 -0.00207274 -0.00218876 -0.00197493 -0.00239835 -0.00247234 -0.00212978 -0.00213401 -0.0027365 -0.00221088 -0.00162453 -0.00208294 -0.00283436 -0.00199798 -0.00141004 -0.00172042 -0.00132019 -0.00131734 -0.00104139 -0.00106588 -0.0020397 -0.00193322 -0.00127294 -0.00174995 -0.00221479 -0.00154408 -0.00230822 -0.00097901 -0.00213359 -0.00236618 -0.00211888 -0.00146327 -0.00226144 -0.00233013 -0.00226626 -0.00205251 -0.00234651 -0.00218521 -0.00144907 -0.00200281 -0.00229099 -0.00242497 -0.00181086 -0.00238929 -0.00283203 -0.00116971 -0.00190181 -0.00114754 -0.00202763 -0.00202686 -0.00064379 
-0.00290394 -0.00207296 -0.00192107 -0.00213814 -0.00241873 -0.00203083 -0.00194776 -0.00210896 -0.00201773 -0.00207028 -0.00211676 -0.00235395 -0.00282213 -0.00218993 -0.00219297 -0.0016618 0.00270858 0.00207262 0.00258898 0.00269597 0.00256125 0.14625 0.00278546 0.00357374 0.00307869 0.00249996 -0.000551893 -0.00117522 -0.00228371 -0.00214753 -0.00265751 -0.00146565 -0.00229373 -0.00221489 -0.00102802 -0.00249954 -0.00203739 -0.00171418 -0.00184696 -0.00176538 -0.00237935 -0.00231666 -0.00199939 -0.00250779 -0.00176805 -0.0013997 -0.00228947 -0.00193547 -0.00207435 -0.00221362 -0.00164558 -0.00147788 -0.00185435 -0.00231791 -0.00191387 -0.0019222 -0.00140358 -0.00223754 -0.00149125 -0.00199177 -0.00225684 -0.00195711 -0.0026018 -0.00158232 -0.00128974 -0.0019484 -0.00218114 -0.0014382 -0.00179397 -0.0015461 -0.00231903 -0.00224133 -0.00206241 -0.00191764 -0.00224159 -0.00176746 -0.000838516 -0.00140751 -0.00115352 -0.00203803 -0.00152856 -0.00180906 -0.00172465 -0.0020404 -0.00141681 -0.00128327 -0.00128403 -0.00202453 -0.000914735 -0.00153589 -0.00185504 -0.00192374 -0.00264661 -0.00247571 -0.00108843 -0.00175175 -0.00219055 -0.00208399 -0.000859068 -0.00200604 
-0.0024363 -0.00179697 -0.00127183 -0.00232638 -0.00282271 -0.00254578 -0.00223698 -0.00257581 -0.00200612 -0.00230903 -0.00280469 -0.0017816 -0.00282696 -0.0018132 -0.0015303 -0.00105098 -0.0011876 0.00293565 0.00301149 0.0050972 0.00429261 0.00278546 0.147516 0.00312942 0.00289941 0.00323515 0.00221332 -0.00135765 -0.00229967 -0.00285312 -0.001326 -0.00162389 -0.00199578 -0.00172792 -0.0021244 -0.00187075 -0.00143553 -0.00168669 -0.0022916 -0.00309323 -0.00210578 -0.00276878 -0.00235307 -0.00247832 -0.00204545 -0.00226412 -0.00192943 -0.00225161 -0.00204773 -0.00181112 -0.000593689 -0.00213665 -0.00200713 -0.00169863 -0.00201741 -0.00120704 -0.00181623 -0.00174356 -0.00197614 -0.00182441 -0.00156447 -0.0012618 -0.00225059 -0.00187051 -0.00209269 -0.00238656 -0.00186125 -0.00141499 -0.00218888 -0.00180862 -0.00204058 -0.00183489 -0.00196142 -0.00230199 -0.00102487 -0.00104055 -0.00165443 -0.00228501 -0.00150739 -0.00164066 -0.00209655 -0.00220139 -0.0021366 -0.00120412 -0.00255685 -0.00234347 -0.00248556 -0.00179499 -0.00227931 -0.00159308 -0.0029367 -0.00171303 -0.00165007 -0.00267311 -0.00185332 -0.0019739 -0.00229812 -0.00152318 -0.0017781 -0.00194623 
-0.00157644 -0.00169879 -0.00223266 -0.00188923 -0.00125676 -0.00241515 -0.00131047 -0.00217197 -0.00193692 -0.00232037 -0.0017951 -0.00269272 -0.00215244 -0.00279565 -0.00202397 -0.00319273 -0.00165131 -0.00189676 -0.00169388 0.00248366 0.0026579 0.00357374 0.00312942 0.145292 0.00391458 0.00294577 0.00206745 0.00284386 -0.00172633 -0.00106889 -0.00196682 -0.00235248 -0.00193817 -0.00236054 -0.00251725 -0.00188125 -0.00258615 -0.00186245 -0.0021659 -0.00181527 -0.00265002 -0.00263171 -0.00204398 -0.00248236 -0.000189282 -0.00157998 -0.00155963 -0.00138477 -0.00112068 -0.00178842 -0.00189109 -0.0019357 -0.00176622 -0.00193211 -0.00248926 -0.00163308 -0.0015027 -0.00204781 -0.00224119 -0.00148159 -0.00146983 -0.0026049 -0.00212934 -0.00113284 -0.0013662 -0.00132381 -0.00237709 -0.00156054 -0.00108817 -0.00199671 -0.00223238 -0.00157289 -0.00130957 -0.00170953 -0.00118338 -0.00238133 -0.000799252 -0.00163992 -0.00110614 -0.00230481 -0.00131652 -0.00274495 -0.00195805 -0.00270665 -0.00192992 -0.00164631 -0.0022968 -0.00135002 -0.000613894 -0.00151023 -0.00199628 -0.00115207 -0.00217239 -0.00172772 -0.00195201 -0.0015927 -0.0020987 -0.00227566 -0.0015725 -0.00171019 
-0.00251537 -0.00161564 -0.00171648 -0.00107035 -0.00253916 -0.00233629 -0.0022906 -0.00247356 -0.00327279 -0.00263233 -0.00243738 -0.00191633 -0.00288125 -0.00296628 -0.00290809 -0.00266303 -0.00255826 -0.00114782 -0.00133174 0.00376386 0.00243648 0.00307869 0.00289941 0.00391458 0.147745 0.00298113 0.00319096 0.00305364 0.00242505 0.0019032 -0.00110799 -0.000800596 -0.00116806 -0.000714448 -0.00247835 -0.00227534 -0.00152603 -0.00176874 -0.00247786 -0.00216846 -0.00156115 -0.00245607 -0.00139538 -0.0023737 -0.00271023 -0.000892916 -0.00191646 -0.00162168 -0.00149581 -0.0020121 -0.00219948 -0.00148441 -0.00177429 -0.00183232 -0.00152765 -0.00218617 -0.00198351 -0.00216281 -0.00233765 -0.00255365 -0.00180916 -0.00224265 -0.00140106 -0.00184626 -0.00138273 -0.002045 -0.00169928 -0.00210643 -0.00174064 -0.00246353 -0.00251446 -0.0015925 -0.00212963 -0.00157707 -0.00215474 -0.00136681 -0.00144889 -0.00174707 -0.00119856 -0.00241371 -0.00202998 -0.0029254 -0.0023317 -0.00258959 -0.00216566 -0.00222823 -0.00189459 -0.000978845 -0.00178041 -0.00111042 -0.00210529 -0.00150652 -0.00251524 -0.00202851 -0.00192579 -0.00262946 -0.00258691 -0.00174727 -0.00224122 -0.00295513 
-0.00139312 -0.00193669 -0.00167384 -0.00110513 -0.00140742 -0.00244283 -0.000975289 -0.00121079 -0.00167841 -0.00211081 -0.00187003 -0.00111431 -0.00288507 -0.00223018 -0.00272811 -0.00197158 -0.00229622 -0.00130774 -0.00200528 -0.00117454 0.00267712 0.00249996 0.00323515 0.00294577 0.00298113 0.14222 0.00170473 0.00297827 0.00191845 0.00144046 0.00228921 -0.00125897 -0.00193523 -0.00139348 -0.00180551 -0.0012317 -0.00238567 -0.0020187 -0.00218337 -0.00181334 -0.0021478 -0.00268769 -0.00186716 -0.00193495 -0.00281366 -0.0017597 -0.00123361 -0.00158975 -0.000770717 -0.00132784 -0.00176712 -0.00171546 -0.00127918 -0.00296955 -0.00244217 -0.00212863 -0.00205018 -0.00258179 -0.00294707 -0.00171729 -0.00209224 -0.00200825 -0.0023454 -0.00126734 -0.00183122 -0.00151007 -0.00286882 -0.00208016 -0.00168226 -0.00242074 -0.0020558 -0.00181428 -0.00193476 -0.00115702 -0.00143742 -0.00128031 -0.0016043 -0.00128507 -0.00244693 -0.00185565 -0.00148773 -0.00179045 -0.00205298 -0.00248709 -0.00223297 -0.00260899 -0.00203458 -0.00233593 -0.00196485 -0.00174681 -0.00146693 -0.00174909 -0.0016879 -0.00195411 -0.00201814 -0.00172144 -0.00178616 -0.00151831 -0.00174726 -0.00224572 
-0.00179012 -0.00126828 -0.00205342 -0.00252333 -0.00191584 -0.0024491 -0.00127308 -0.00192228 -0.000858664 -0.00277344 -0.00153457 -0.00253536 -0.00227125 -0.00251015 -0.00221857 -0.00157932 -0.00189146 -0.00188468 -0.0022595 -0.000963444 -0.00181002 -0.000551893 0.00221332 0.00206745 0.00319096 0.00170473 0.135897 0.00258054 0.00174438 0.00243177 0.00264926 0.0030675 -0.00116459 -0.000494637 -0.00218218 -0.00137106 -0.000904979 -0.00189904 -0.00185538 -0.00213623 -0.00115223 -0.00204111 -0.00226042 -0.002564 -0.00212115 -0.00222025 -0.00123338 -0.00162018 -0.00130771 -0.00220637 -0.000638503 -0.00160542 -0.00121085 -0.00139974 -0.001189 -0.00171727 -0.00173389 -0.00165303 -0.00237591 -0.00180112 -0.00177306 -0.00201962 -0.00203201 -0.00198894 -0.00184219 -0.00154965 -0.0017233 -0.00238356 -0.00166541 -0.00137914 -0.00165972 -0.00134039 -0.00201423 -0.000473653 -0.00171315 -0.000674683 -0.00156637 -0.00185806 -0.00185272 -0.00151558 -0.00147201 -0.00227966 -0.00228963 -0.00141729 -0.00208183 -0.00245813 -0.00196353 -0.0014448 -0.00181059 -0.00219163 -0.00191351 -0.00189174 -0.00185479 -0.00301934 -0.00145538 -0.00180399 -0.00131107 -0.00160968 -0.00168095 -0.00167413 
-0.00169686 -0.00142259 -0.00238361 -0.000810077 -0.00210246 -0.00195547 -0.0010501 -0.00157998 -0.00157579 -0.00224754 -0.00266576 -0.00172766 -0.00234995 -0.00232581 -0.00169981 -0.00205392 -0.00181787 -0.00215871 -0.00117288 -0.00133064 -0.00132948 -0.00117522 -0.00135765 0.00284386 0.00305364 0.00297827 0.00258054 0.133881 0.00271881 0.00147165 0.00245099 0.00221403 0.00212064 -0.00118057 -0.00246958 -0.00135785 -0.00220333 -0.00142667 -0.00216951 -0.00217976 -0.00179946 -0.00238159 -0.00187771 -0.00218621 -0.000904631 -0.00125759 -0.00238723 -0.000618694 -0.00227346 -0.000767754 -0.00119405 -0.00249775 -0.00169663 -0.00192258 -0.000921316 -0.0018708 -0.00224529 -0.00215045 -0.00204121 -0.00154241 -0.00263541 -0.00222253 -0.00126636 -0.00188149 -0.00123622 -0.00122886 -0.00147793 -0.00182751 -0.00164781 -0.00103805 -0.00176951 -0.00158096 -0.00159916 -0.00172394 -0.00177128 -0.00212328 -0.00167474 -0.00134455 -0.00112333 -0.00123161 -0.00133525 -0.00169045 -0.00143655 -0.00128346 -0.00233571 -0.00181123 -0.00207386 -0.0023955 -0.0015083 -0.00240421 -0.00199113 -0.00213283 -0.00236378 -0.00180337 -0.00231473 -0.000949534 -0.00287799 -0.000959046 -0.00175869 -0.000969707 
-0.00232618 -0.00200708 -0.00274888 -0.00109517 -0.000962119 -0.00123298 -0.00215799 -0.00230629 -0.00164968 -0.0016451 -0.0018996 -0.00181369 -0.00186099 -0.00211332 -0.00151779 -0.00183531 -0.00305122 -0.00224532 -0.00205756 -0.00220418 -0.00342721 -0.00228371 -0.00229967 -0.00172633 0.00242505 0.00191845 0.00174438 0.00271881 0.138805 0.00362411 0.00240119 0.00328001 0.00299384 0.00218178 -0.00185001 -0.000727082 -0.00212712 -0.0020262 -0.00117333 -0.00198567 -0.00130706 -0.00257854 -0.00148868 -0.00137039 -0.00202666 -0.00299845 -0.00158705 -0.00178949 -0.00141223 -0.00221116 -0.00156188 -0.00163501 -0.00218914 -0.00119576 -0.00160327 -0.00113485 -0.00122579 -0.00165627 -0.00203521 -0.00150028 -0.0017598 -0.00154582 -0.00150731 -0.00199094 -0.00154226 -0.00164519 -0.00167029 -0.00157734 -0.0015028 -0.00183097 -0.00167438 -0.00169812 -0.0020381 -0.00137398 -0.001336 -0.00175405 -0.00189195 -0.00126338 -0.00171402 -0.0019712 -0.00241344 -0.00155439 -0.00166609 -0.00133434 -0.00185094 -0.00202692 -0.0008981 -0.00148073 -0.0015215 -0.00226058 -0.00202569 -0.00109906 -0.00168987 -0.00227148 -0.00240357 -0.00258288 -0.00235931 -0.00157479 -0.000890442 -0.00203678 
-0.00144671 -0.00178385 -0.00145416 -0.00195555 -0.00179378 -0.00262113 -0.00123248 -0.00145049 -0.00128966 -0.00127145 -0.00161187 -0.00161738 -0.00230339 -0.00207276 -0.00188345 -0.00244212 -0.00222997 -0.00315053 -0.00242416 -0.00220996 -0.00284488 -0.00214753 -0.00285312 -0.00106889 0.0019032 0.00144046 0.00243177 0.00147165 0.00362411 0.133517 0.00311124 0.0026283 0.00148011 0.00233417 -0.00219236 -0.00161245 -0.000882492 -0.00229519 -0.0011702 -0.00207552 -0.00200614 -0.00153959 -0.00195569 -0.00123917 -0.00037212 -0.00199017 -0.000951626 -0.000874104 -0.00157978 -0.0019196 -0.00200823 -0.00170702 -0.00140525 -0.00200253 -0.00133206 -0.00100805 -0.00169223 -0.00214899 -0.0023391 -0.0017742 -0.00145085 -0.00101617 -0.00157669 -0.00193265 -0.00222905 -0.00209797 -0.00151031 -0.00192185 -0.00210932 -0.0024173 -0.00178319 -0.00127894 -0.00209029 -0.00160364 -0.000713222 -0.00156359 -0.00155638 -0.00177661 -0.00156086 -0.00129726 -0.00114665 -0.00138215 -0.0017123 -0.0017416 -0.00229858 -0.00228918 -0.00171069 -0.00193791 -0.00208588 -0.00126717 -0.00159493 -0.00143837 -0.00172061 -0.0015597 -0.00111212 -0.000964449 -0.00118662 -0.00148393 -0.00169469 -0.000894758 
-0.00235359 -0.00234365 -0.00279575 -0.00170304 -0.00141871 -0.00198407 -0.00165694 -0.00283143 -0.00137944 -0.00137831 -0.00266125 -0.0026068 -0.00212225 -0.00211838 -0.0027649 -0.003049 -0.00245852 -0.00156266 -0.00297406 -0.0023026 -0.0023769 -0.00265751 -0.001326 -0.00196682 -0.00110799 0.00228921 0.00264926 0.00245099 0.00240119 0.00311124 0.132168 0.00281896 0.00164215 0.00319553 0.00208822 0.00254643 -0.00167228 -0.00163752 -0.00143087 -0.0016821 -0.00163646 -0.0018927 -0.00124038 -0.00182317 -0.00169934 -0.00206183 -0.0022812 -0.00197801 -0.00171294 -0.00178752 -0.00117656 -0.00175289 -0.00168363 -0.00155843 -0.000775618 -0.00147649 -0.00203398 -0.00152755 -0.00264043 -0.00162593 -0.0018972 -0.00195213 -0.00139134 -0.0025327 -0.0020991 -0.0015712 -0.00184453 -0.00167779 -0.00200549 -0.00125225 -0.00102298 -0.00197046 -0.000794174 -0.00182373 -0.00100623 -0.00182847 -0.00090824 -0.00131867 -0.0021709 -0.000410592 -0.00158598 -0.00195319 -0.00153289 -0.00130083 -0.00143514 -0.0017969 -0.000478751 -0.000932145 -0.00164425 -0.00176355 -0.00170204 -0.00196095 -0.00187048 -0.00247153 -0.00117476 -0.00132719 -0.00133407 -0.0016375 -0.00207675 -0.00121611 
-0.00165852 -0.00176067 -0.00271367 -0.00133068 -0.00200254 -0.0023393 -0.00247362 -0.00150492 -0.00149517 -0.00129451 -0.00258797 -0.00198422 -0.00226356 -0.00323212 -0.00224027 -0.00181823 -0.00250382 -0.00120632 -0.00168663 -0.00136805 -0.00189079 -0.00146565 -0.00162389 -0.00235248 -0.000800596 -0.00125897 0.0030675 0.00221403 0.00328001 0.0026283 0.00281896 0.132216 0.00321319 0.00345771 0.00233781 0.00296013 0.00238211 -0.000514564 -0.00202214 -0.00134742 -0.00127998 -0.000610429 -0.00187063 -0.00194146 -0.00163823 -0.000985161 -0.00254157 -0.00198541 -0.00174358 -0.00214975 -0.00145571 -0.00116178 -0.000785619 -0.00203715 -0.00068201 -0.00132464 -0.00170391 -0.00136926 -0.00273553 -0.00222025 -0.00247486 -0.0014254 -0.00131294 -0.00155323 -0.0019662 -0.002541 -0.00172185 -0.00215688 -0.0016224 -0.0019565 -0.00179554 -0.00183851 -0.00189609 -0.00152972 -0.000622827 -0.0023055 -0.00122105 -0.00206188 -0.00190958 -0.00216281 -0.00208164 -0.00152916 -0.00286477 -0.00195702 -0.00211543 -0.00215638 -0.000745145 -0.00242537 -0.00202179 -0.00183935 -0.00213247 -0.00184733 -0.00167974 -0.00255254 -0.0024769 -0.00203112 -0.00204129 -0.00215786 -0.00132542 -0.00155692 
-0.00192879 -0.00215352 -0.00204415 -0.00183168 -0.00283378 -0.00193199 -0.00195685 -0.00184863 -0.000666695 -0.00240418 -0.00255217 -0.00254483 -0.00259205 -0.00174559 -0.00262573 -0.00219205 -0.00170486 -0.00197298 -0.00170847 -0.00144097 -0.00203049 -0.00229373 -0.00199578 -0.00193817 -0.00116806 -0.00193523 -0.00116459 0.00212064 0.00299384 0.00148011 0.00164215 0.00321319 0.134006 0.0025399 0.0034797 0.00186123 0.00185429 0.00275375 -0.00160221 -0.000381507 -0.00127014 -0.00152203 -0.0014516 -0.00207656 -0.000859537 -0.0028262 -0.00196567 -0.00248911 -0.00167747 -0.00182981 -0.00155659 -0.00229745 -0.00158095 -0.00106405 -0.00127542 -0.00159469 -0.0021321 -0.00236764 -0.00236961 -0.00175704 -0.00160302 -0.00127434 -0.000961157 -0.00149621 -0.00180636 -0.00119806 -0.00173188 -0.000953382 -0.00176822 -0.00164945 -0.00188904 -0.00159003 -0.00144294 -0.000951576 -0.0015981 -0.0017449 -0.00181028 -0.00138509 -0.000982687 -0.00166286 -0.00154717 -0.001511 -0.00174129 -0.00174749 -0.00227258 -0.00248597 -0.00233156 -0.00276157 -0.00174641 -0.0014058 -0.00226896 -0.00149334 -0.00133631 -0.00221472 -0.00108346 -0.00205394 -0.00175691 -0.00192112 -0.00254689 -0.00106493 
