0.12413 0.00255664 0.00238909 0.00197882 0.00176141 0.00171207 -0.00160444 -0.00147012 -0.00166505 -0.00157765 -0.00171538 -0.00180326 -0.00151764 -0.00200709 -0.0024378 -0.00125372 -0.00177711 -0.00208179 -0.0016609 -0.00223589 -0.00211475 -0.000867853 -0.00186381 -0.00247466 -0.00186875 -0.00217163 -0.00252972 -0.00101358 -0.00188976 -0.00117653 -0.0016247 -0.000869607 -0.00181002 -0.00105056 -0.00190987 -0.00123083 -0.00166286 -0.00247154 -0.00123512 -0.00150633 -0.00187362 -0.00183695 -0.0021725 -0.00166849 -0.00206524 -0.000919057 -0.0012137 -0.00127944 -0.00186887 -0.00186542 -0.00147337 -0.00165125 -0.00139837 -0.0015237 -0.00165656 -0.00158919 -0.000956152 -0.00144575 -0.00102852 -0.00143685 -0.00149974 -0.00170544 -0.000838535 -0.00196586 -0.00129393 -0.00129774 -0.00154695 -0.00201511 -0.00165315 -0.00120674 -0.00160523 -0.00224093 -0.00145496 -0.00145106 -0.00101682 -0.00188587 -0.00114564 -0.000733796 -0.00137989 -0.000835697 -0.0023841 -0.00206309 -0.00221774 -0.00167739 -0.00122824 -0.00217721 -0.0024562 -0.000942552 -0.00101593 -0.00121904 -0.00155994 -0.00142757 -0.00144661 -0.00126794 -0.000418171 -0.00210175 0.00184541 0.002388 0.00227505 0.00241345 
0.00255664 0.127584 0.00201002 0.00259018 0.00291834 0.00243458 0.00161298 -0.00122636 -0.00106763 -0.00112943 -0.000555098 -0.000922669 -0.00132388 -0.00131155 -0.000979998 -0.00194329 -0.00220942 -0.00245232 -0.00250004 -0.00234075 -0.00334031 -0.00283116 -0.00343052 -0.00284742 -0.00216441 -0.00233902 -0.00220096 -0.00148195 -0.00222153 -0.00191905 -0.00224801 -0.001567 -0.00131011 -0.00146152 -0.00306506 -0.00143927 -0.00185329 -0.00179893 -0.00137123 -0.0013701 -0.00188472 -0.00162349 -0.00156285 -0.00126866 -0.0019283 -0.00189668 -0.00157574 -0.00209541 -0.00120378 -0.00147816 -0.0016351 -0.00183804 -0.0014166 -0.00229248 -0.00218339 -0.00130553 -0.00131907 -0.0021532 -0.0012749 -0.00112031 -0.0015605 -0.00191493 -0.000890108 -0.00170633 -0.00150574 -0.00173771 -0.00184979 -0.000989729 -0.000538539 -0.000409999 -0.00215246 -0.00146148 -0.00235516 -0.00173732 -0.00113157 -0.00168393 -0.00115811 -0.00126756 -0.00199452 -0.000999379 -0.00204191 -0.00185073 -0.00127376 -0.00129414 -0.00114569 -0.00192698 -0.00170541 -0.00151962 -0.000836985 -0.00140262 -0.00183962 -0.00179311 -0.000962496 -0.00131319 -0.00132055 -0.000620424 -0.0014638 0.00298465 0.00226048 0.0016841 
0.00238909 0.00201002 0.125741 0.00244755 0.00201597 0.00195744 0.00181789 0.00196111 -0.000902057 -0.00101451 -0.00191457 -0.000676739 -0.0018647 -0.00188068 -0.00205585 -0.00185407 -0.00179164 -0.0018319 -0.000939418 -0.0010254 -0.00179457 -0.00161542 -0.00172355 -0.00195833 -0.00135745 -0.00169221 -0.00140977 -0.00167625 -0.00159887 -0.00149403 -0.000952236 -0.00108063 -0.00169349 -0.00175086 -0.000908737 -0.00152343 -0.0017174 -0.00175716 -0.000886401 -0.00157375 -0.00100429 -0.001769 -0.00178111 -0.00134345 -0.00194822 -0.00106467 -0.00124931 -0.00216168 -0.00200196 -0.00193375 -0.00160345 -0.00256913 -0.00157124 -0.00170145 -0.00198397 -0.00128697 -0.00170719 -0.00135189 -0.00113706 -0.00165131 -0.00155237 -0.00170145 -0.00142276 -0.00181839 -0.00190917 -0.00175591 -0.00229993 -0.00164513 -0.00226932 -0.00243227 -0.00127166 -0.00204581 -0.00161274 -0.00147123 -0.00190304 -0.00192674 -0.00114063 -0.00134845 -0.00193241 -0.00131296 -0.00166224 -0.00102773 -0.00173982 -0.00083646 -0.00178746 -0.0022936 -0.00157687 -0.00142641 -0.00171239 -0.00190701 -0.00217164 -0.00235304 -0.00119287 -0.00153468 -0.00122115 -0.00152858 -0.00128431 -0.00118586 0.0016532 0.00195867 
0.00197882 0.00259018 0.00244755 0.124405 0.00239242 0.00278854 0.00277429 0.00220112 0.00239581 -0.00102231 -0.000666434 -0.00128664 -0.00162285 -0.00241463 -0.00284057 -0.00153935 -0.00227065 -0.00261804 -0.00193876 -0.00188435 -0.00182951 -0.00231646 -0.00196651 -0.00219295 -0.00220307 -0.00151447 -0.00155751 -0.00144144 -0.00152085 -0.00123197 -0.00227452 -0.00166187 -0.000824653 -0.00201321 -0.00185353 -0.00204736 -0.00219193 -0.00238519 -0.00116553 -0.001763 -0.00141909 -0.00159821 -0.00210139 -0.00128656 -0.00121171 -0.00149789 -0.00194621 -0.00172486 -0.00247349 -0.00108547 -0.00169705 -0.0015991 -0.000919222 -0.00121942 -0.00153938 -0.00189715 -0.0017257 -0.00162168 -0.000614997 -0.00156583 -0.00150874 -0.00134359 -0.000898815 -0.0014497 -0.00132658 -0.00182621 -0.00207193 -0.00183958 -0.00179165 -0.000878238 -0.00116493 -0.00120254 -0.00144897 -0.00234567 -0.00177911 -0.00114341 -0.00112489 -0.00200566 -0.00241478 -0.000920257 -0.00177567 -0.00148427 -0.000979112 -0.00131399 -0.00146092 -0.00133222 -0.000983944 -0.00194351 -0.00156325 -0.00229657 -0.00200946 -0.00113951 -0.00182413 -0.00167 -0.000802202 -0.00188811 -0.0016735 -0.00171823 -0.00102647 0.00220067 
0.00176141 0.00291834 0.00201597 0.00239242 0.123198 0.00311404 0.00238612 0.00232967 0.00192654 0.0017387 -0.00125116 -0.000432297 -0.00186902 -0.00169566 -0.00177187 -0.0021874 -0.00167229 -0.00286403 -0.00172485 -0.00139033 -0.00207698 -0.00149798 -0.00263364 -0.00266265 -0.00205033 -0.00137752 -0.00250252 -0.00189944 -0.00175512 -0.00130405 -0.00235081 -0.00235584 -0.00205491 -0.00202006 -0.00207811 -0.00107238 -0.0019635 -0.00109836 -0.00181679 -0.00121944 -0.0016707 -0.00115498 -0.00140404 -0.00162882 -0.00163987 -0.00183929 -0.00192768 -0.00161878 -0.00165408 -0.00126946 -0.00115405 -0.00105097 -0.00177082 -0.00121999 -0.00170831 -0.00126791 -0.000719179 -0.00195087 -0.00150467 -0.00156426 -0.00165027 -0.00204198 -0.00181069 -0.00162447 -0.0017859 -0.00211498 -0.00184437 -0.00134423 -0.00166759 -0.00151992 -0.00102819 -0.00135062 -0.000699659 -0.00133225 -0.00178525 -0.00136552 -0.00108202 -0.00179333 -0.0019955 -0.00112505 -0.00221989 -0.00196053 -0.000373448 -0.000861016 -0.00101275 -0.0012493 -0.000935303 -0.000963735 -0.00173839 -0.00101655 -0.00177272 -0.00181902 -0.00231456 -0.00137225 -0.00169232 -0.00157754 -0.00180983 -0.00133894 -0.000965311 -0.00145775 
0.00171207 0.00243458 0.00195744 0.00278854 0.00311404 0.12947 0.00283695 0.00229073 0.00266826 0.00251154 0.0016209 -0.00191958 -0.00201617 -0.00126773 -0.00166765 -0.00088291 -0.00104544 -0.00266878 -0.00151991 -0.00129668 -0.00182302 -0.00225131 -0.00224971 -0.00199763 -0.00261725 -0.00144562 -0.00188005 -0.0020057 -0.00215262 -0.00260731 -0.00267255 -0.00183593 -0.00262542 -0.00298996 -0.00227896 -0.001496 -0.00269318 -0.00152695 -0.00160707 -0.00195998 -0.00218262 -0.00230587 -0.00155994 -0.00178743 -0.00177375 -0.000834169 -0.000880429 -0.0020497 -0.00211429 -0.000955746 -0.00260926 -0.00174901 -0.00132302 -0.00152334 -0.00231951 -0.00206503 -0.00151047 -0.00166559 -0.00192938 -0.00165177 -0.00146413 -0.00195471 -0.000774433 -0.00168597 -0.00206527 -0.00251119 -0.00142385 -0.00195498 -0.0014987 -0.00109372 -0.00186361 -0.00271907 -0.00218945 -0.00152608 -0.00174674 -0.00122854 -0.0011847 -0.00214653 -0.00119031 -0.000814746 -0.00152672 -0.00215382 -0.000970659 -0.00183828 -0.000795996 -0.00109029 -0.00155327 -0.00114264 -0.00166982 -0.00104367 -0.00206911 -0.000999256 -0.00149203 -0.00140786 -0.00144407 -0.00179345 -0.00179732 -0.00116478 -0.00149094 -0.00113249 
-0.00160444 0.00161298 0.00181789 0.00277429 0.00238612 0.00283695 0.126864 0.000949558 0.00317831 0.00241437 0.00226186 0.00285835 -0.00182854 -0.00173767 -0.00185374 -0.00132829 -0.00290711 -0.00283646 -0.00233075 -0.00148553 -0.0018039 -0.00265882 -0.00331486 -0.00247872 -0.00233213 -0.0018353 -0.00137912 -0.00257005 -0.00164102 -0.00148654 -0.00155132 -0.00141282 -0.00179884 -0.00148489 -0.00194624 -0.00130323 -0.00152404 -0.00220075 -0.00161434 -0.00160741 -0.00164529 -0.00152553 -0.00116402 -0.00233199 -0.00156683 -0.00154058 -0.0019282 -0.00260039 -0.00201118 -0.00143125 -0.00200914 -0.00184803 -0.0017506 -0.000992957 -0.00208035 -0.00153452 -0.00187292 -0.00161223 -0.00215508 -0.00137136 -0.00193558 -0.000969362 -0.00225471 -0.00104009 -0.0011268 -0.0015589 -0.00158918 -0.0012685 -0.00170681 -0.00125004 -0.000955381 -0.00116062 -0.00176546 -0.00160224 -0.000906136 -0.00166809 -0.00194008 -0.0010148 -0.00225525 -0.00133504 -0.00244565 -0.00135253 -0.00114376 -0.000870183 -0.00144482 -0.00112523 -0.0011234 -0.00140425 -0.00164248 -0.00180204 -0.00251097 -0.001241 -0.00164698 -0.00147564 -0.00159421 -0.00142642 -0.00141413 -0.00201151 -0.00119209 -0.000955161 
-0.00147012 -0.00122636 0.00196111 0.00220112 0.00232967 0.00229073 0.000949558 0.131951 0.00239508 0.00178505 0.003111 0.00271068 0.00208212 -0.00141958 -0.00160819 -0.00160656 -0.0026346 -0.00193482 -0.00277408 -0.0018626 -0.00176364 -0.0025863 -0.00239952 -0.00182067 -0.00124217 -0.00242552 -0.00198435 -0.00163972 -0.0019133 -0.0012288 -0.00200861 -0.00216419 -0.00296473 -0.00220082 -0.00222704 -0.00137447 -0.00143945 -0.00283476 -0.00119114 -0.00173463 -0.000604475 -0.00162864 -0.00129912 -0.00118977 -0.00173941 -0.00151643 -0.00185137 -0.00164138 -0.00199477 -0.00114996 -0.000977811 -0.00280477 -0.00214795 -0.00156455 -0.00174923 -0.00110594 -0.0016435 -0.00227379 -0.00204442 -0.00193074 -0.00243004 -0.00178231 -0.0013138 -0.00119699 -0.00133446 -0.00233243 -0.00126996 -0.00139774 -0.00198065 -0.00322615 -0.00142303 -0.00241606 -0.00166635 -0.00146911 -0.00223105 -0.00154139 -0.00119767 -0.00133694 -0.0020067 -0.00116334 -0.00136634 -0.00190759 -0.00119801 -0.00164154 -0.00096077 -0.0015499 -0.0017017 -0.0015767 -0.00157307 -0.00128259 -0.00230398 -0.00199623 -0.00225389 -0.00183153 -0.00158258 -0.00110477 -0.00146243 -0.00124988 -0.00118898 -0.000779647 
-0.00166505 -0.00106763 -0.000902057 0.00239581 0.00192654 0.00266826 0.00317831 0.00239508 0.132707 0.0028731 0.00221751 0.00278542 0.00170229 0.0033609 -0.0014516 -0.00151256 -0.00196719 -0.00165752 -0.00163624 -0.00247491 -0.00213088 -0.00211862 -0.0033581 -0.00216561 -0.00231285 -0.00190478 -0.00220064 -0.00146309 -0.0013957 -0.00117218 -0.00216288 -0.00186098 -0.0014317 -0.00150636 -0.00225521 -0.000927615 -0.00197431 -0.00178197 -0.000568246 -0.00170543 -0.00118364 -0.00187777 -0.00157588 -0.00141323 -0.00231757 -0.00256506 -0.00101502 -0.00168757 -0.00270746 -0.00200995 -0.00198035 -0.00214937 -0.00129423 -0.00153371 -0.00179389 -0.00148532 -0.00159631 -0.00178032 -0.00182533 -0.00245892 -0.00209655 -0.00138127 -0.00164139 -0.00218967 -0.00159381 -0.00164992 -0.00232705 -0.000955529 -0.00187918 -0.00185895 -0.00217829 -0.00175904 -0.00194185 -0.00138787 -0.00224124 -0.00059251 -0.00209809 -0.00217715 -0.00195523 -0.00135772 -0.00103642 -0.00162149 -0.00202386 -0.00163872 -0.00238644 -0.00166052 -0.00142624 -0.00132743 -0.00245651 -0.00149751 -0.00279028 -0.00143193 -0.00175912 -0.00190251 -0.00150403 -0.00142825 -0.00133915 -0.00268726 -0.00256888 -0.00147816 
-0.00157765 -0.00112943 -0.00101451 -0.00102231 0.0017387 0.00251154 0.00241437 0.00178505 0.0028731 0.127371 0.00158139 0.00274895 0.00082663 0.0013598 -0.00141357 -0.00183574 -0.00112013 -0.00283614 -0.00193992 -0.00200601 -0.00269034 -0.00106905 -0.00217539 -0.00219488 -0.00289072 -0.00261651 -0.00171303 -0.00167539 -0.00168513 -0.00155304 -0.00226455 -0.00189642 -0.00127753 -0.00172668 -0.00223945 -0.00132633 -0.00109288 -0.00184462 -0.00205778 -0.00196459 -0.00159985 -0.00102089 -0.00109308 -0.00203999 -0.00181042 -0.00129601 -0.00139542 -0.00162765 -0.00200361 -0.00187819 -0.00124007 -0.00203659 -0.00144139 -0.00125644 -0.00174084 -0.00197889 -0.00226371 -0.00229075 -0.00227624 -0.00135168 -0.00109648 -0.00151463 -0.00107953 -0.00102995 -0.00273868 -0.00109445 -0.00140402 -0.00133241 -0.00124316 -0.000659431 -0.000439476 -0.0020931 -0.00118345 -0.00115118 -0.00137454 -0.00106677 -0.00190859 -0.00137851 -0.00174571 -0.00122371 -0.00185571 -0.00136583 -0.0014835 -0.00124085 -0.00156518 -0.0022108 -0.00134995 -0.00157719 -0.00149991 -0.00200769 -0.00217183 -0.00108338 -0.00105367 -0.0018311 -0.00212656 -0.000685364 -0.00152091 -0.00165146 -0.00127194 -0.00140871 
-0.00171538 -0.000555098 -0.00191457 -0.000666434 -0.00125116 0.0016209 0.00226186 0.003111 0.00221751 0.00158139 0.136089 0.00312618 0.00237359 0.00270176 0.00281966 0.0029358 -0.00228352 -0.00258507 -0.00233987 -0.00254597 -0.00315633 -0.00229035 -0.00338141 -0.00236754 -0.002499 -0.00261058 -0.0021376 -0.00222837 -0.00131783 -0.00194866 -0.00157257 -0.00211929 -0.00206472 -0.00165454 -0.00190475 -0.00216271 -0.00174591 -0.00264011 -0.00121105 -0.00181715 -0.00211294 -0.0021441 -0.000932221 -0.00124749 -0.00152887 -0.00172358 -0.00185235 -0.00107049 -0.00225225 -0.00150636 -0.0013222 -0.000933889 -0.00086986 -0.00175638 -0.00157936 -0.00119174 -0.00171644 -0.00216334 -0.00230946 -0.00140042 -0.00166512 -0.00129111 -0.00155442 -0.0016806 -0.00157689 -0.0020679 -0.00226924 -0.00237947 -0.0023169 -0.00143802 -0.0015918 -0.0026774 -0.00153013 -0.000937169 -0.00209109 -0.00218439 -0.00182122 -0.00102052 -0.00137378 -0.00194059 -0.0014991 -0.00167259 -0.00176363 -0.0015073 -0.00168531 -0.00191234 -0.00175498 -0.00180301 -0.00139154 -0.00186757 -0.0019909 -0.00108543 -0.00223339 -0.00228041 -0.00226772 -0.00105067 -0.00132759 -0.00142638 -0.0026705 -0.00193956 
-0.00180326 -0.000922669 -0.000676739 -0.00128664 -0.000432297 -0.00191958 0.00285835 0.00271068 0.00278542 0.00274895 0.00312618 0.148369 0.00308284 0.00322993 0.00118741 0.0007413 0.00255314 -0.00218476 -0.00152512 -0.00382934 -0.00240173 -0.00142813 -0.00257607 -0.00236026 -0.00161108 -0.00227251 -0.00156388 -0.00219696 -0.00253228 -0.00212025 -0.00228047 -0.00228125 -0.00200325 -0.00254398 -0.00271226 -0.0020199 -0.00157466 -0.00155794 -0.00238924 -0.00139724 -0.0014388 -0.00258474 -0.000664934 -0.00167779 -0.00210728 -0.00224502 -0.00207479 -0.00182255 -0.00111556 -0.0027886 -0.00208698 -0.00217057 -0.00137983 -0.00146074 -0.0018814 -0.00178138 -0.00300943 -0.00194559 -0.00082222 -0.00249319 -0.00257171 -0.00251552 -0.00205209 -0.00204049 -0.00237775 -0.00168997 -0.00197505 -0.00121938 -0.00236587 -0.00224538 -0.00209521 -0.00242975 -0.00193727 -0.00175846 -0.00043718 -0.00172689 -0.0025053 -0.00147797 -0.0023689 -0.00230883 -0.0019923 -0.00218542 -0.00172756 -0.00111526 -0.00200874 -0.00179826 -0.00225867 -0.00222823 -0.00159563 -0.00225438 -0.00249255 -0.0021537 -0.00327928 -0.0017691 -0.00253198 -0.0018963 -0.00100609 -0.00080845 -0.00237741 -0.00185964 
-0.00151764 -0.00132388 -0.0018647 -0.00162285 -0.00186902 -0.00201617 -0.00182854 0.00208212 0.00170229 0.00082663 0.00237359 0.00308284 0.133263 0.00305766 0.00125911 0.0028105 0.0017951 -0.00194902 -0.00151618 -0.00137572 -0.0012679 -0.00286976 -0.00270689 -0.00203106 -0.00140044 -0.00173185 -0.00214818 -0.00304785 -0.00171736 -0.00173133 -0.00240704 -0.00214841 -0.00242803 -0.00182665 -0.00157733 -0.00177593 -0.00188604 -0.00208801 -0.0020027 -0.00158992 -0.00125187 -0.00172406 -0.00138965 -0.00176767 -0.00205205 -0.00156055 -0.00201443 -0.000975583 -0.000362572 -0.00170565 -0.0015711 -0.00149001 -0.00189187 -0.00163354 -0.00111435 -0.000976603 -0.000880106 -0.00159 -0.00185386 -0.00154261 -0.00207205 -0.00157508 -0.00151887 -0.00140417 -0.00130229 -0.00249501 -0.00192918 -0.00177696 -0.00115929 -0.00204437 -0.00142274 -0.0020311 -0.00121237 -0.00190847 -0.00160572 -0.00106131 -0.00160855 -0.00209567 -0.00161446 -0.00140216 -0.00146381 -0.00144137 -0.00167655 -0.00163331 -0.00163751 -0.00187302 -0.00215134 -0.00149743 -0.00152194 -0.00170711 -0.00155625 -0.00178773 -0.00170594 -0.00162155 -0.00146856 -0.00150837 -0.00112193 -0.00155519 -0.00229248 -0.0011775 
-0.00200709 -0.00131155 -0.00188068 -0.00241463 -0.00169566 -0.00126773 -0.00173767 -0.00141958 0.0033609 0.0013598 0.00270176 0.00322993 0.00305766 0.141541 0.00220478 0.00286439 0.00303291 0.00257953 0.00136366 -0.00259931 -0.00242005 -0.00216782 -0.00225923 -0.00196271 -0.00211899 -0.00343199 -0.00223492 -0.0021575 -0.00165716 -0.00170281 -0.00207908 -0.00147662 -0.00206875 -0.0016869 -0.00173356 -0.0015981 -0.00271284 -0.00166999 -0.00183198 -0.00262116 -0.00246689 -0.00222736 -0.0015422 -0.00173414 -0.000555786 -0.00237677 -0.000919809 -0.00124937 -0.00132547 -0.00197604 -0.00123022 -0.00192279 -0.00161618 -0.00179108 -0.00142058 -0.00236617 -0.00156117 -0.00234553 -0.00130013 -0.00157547 -0.00142868 -0.00144096 -0.00221984 -0.00198494 -0.00156527 -0.00181856 -0.00215696 -0.00194872 -0.00230321 -0.00179813 -0.00123411 -0.00208414 -0.00205065 -0.00124809 -0.00227355 -0.00171019 -0.0019152 -0.00197997 -0.00240518 -0.00117516 -0.00213564 -0.0010797 -0.00248228 -0.00227466 -0.00150294 -0.00142112 -0.00220917 -0.00235663 -0.00199113 -0.00276184 -0.00180413 -0.00181713 -0.00260642 -0.00205913 -0.0017353 -0.00127166 -0.00111006 -0.00191234 -0.00224489 -0.00234924 
-0.0024378 -0.000979998 -0.00205585 -0.00284057 -0.00177187 -0.00166765 -0.00185374 -0.00160819 -0.0014516 -0.00141357 0.00281966 0.00118741 0.00125911 0.00220478 0.142661 0.00253829 0.00392086 0.00208023 0.00245543 0.00201284 -0.00251023 -0.00261727 -0.00232237 -0.00213162 -0.00248833 -0.0020819 -0.00208327 -0.00253459 -0.00250241 -0.0013715 -0.00204961 -0.00177379 -0.00150458 -0.00159683 -0.00186809 -0.00158782 -0.00166993 -0.00286175 -0.0015226 -0.00218691 -0.00177975 -0.00173963 -0.00249527 -0.00226841 -0.00214888 -0.00172552 -0.00226537 -0.00125259 -0.00228628 -0.00148369 -0.00199509 -0.00213454 -0.00172276 -0.00220648 -0.0023598 -0.00186252 -0.00145576 -0.00112103 -0.00121292 -0.00206924 -0.00153508 -0.000779233 -0.00135231 -0.00112482 -0.00104953 -0.00172119 -0.00162465 -0.00210562 -0.00203547 -0.0014663 -0.000766943 -0.00263906 -0.00156824 -0.00125525 -0.00146642 -0.00175255 -0.00162279 -0.00131219 -0.00095181 -0.00133274 -0.0013686 -0.00190954 -0.00162677 -0.00191021 -0.00247037 -0.0011843 -0.00201328 -0.00212289 -0.00161419 -0.00176379 -0.0026401 -0.00199331 -0.00119144 -0.00180548 -0.00219306 -0.00148121 -0.00201309 -0.00196696 -0.00186202 -0.00161537 
-0.00125372 -0.00194329 -0.00185407 -0.00153935 -0.0021874 -0.00088291 -0.00132829 -0.00160656 -0.00151256 -0.00183574 0.0029358 0.0007413 0.0028105 0.00286439 0.00253829 0.142583 0.00329291 0.00266991 0.00195794 0.00254856 -0.00265871 -0.000883023 -0.00248237 -0.00162951 -0.00274058 -0.00248827 -0.00201686 -0.00181195 -0.00140239 -0.00164832 -0.00243549 -0.00208205 -0.000806999 -0.0019825 -0.00189229 -0.00215098 -0.00227729 -0.0019255 -0.00280978 -0.00194636 -0.00152335 -0.00185834 -0.00261479 -0.00188205 -0.00160724 -0.00203214 -0.00265929 -0.00307193 -0.002208 -0.00211799 -0.00144963 -0.00132252 -0.00147813 -0.00144975 -0.00143632 -0.00135566 -0.00141147 -0.00112936 -0.00135309 -0.000913147 -0.00116843 -0.00221112 -0.00195726 -0.00141375 -0.00200424 -0.00270411 -0.0022733 -0.00190982 -0.00248658 -0.00183912 -0.00165289 -0.00206003 -0.0016011 -0.00164866 -0.001514 -0.00135018 -0.00168755 -0.00211553 -0.00221399 -0.00188393 -0.00254777 -0.00176233 -0.00078476 -0.00188373 -0.00174455 -0.0016953 -0.00239851 -0.00182068 -0.00168536 -0.00157715 -0.00233499 -0.00178212 -0.0021863 -0.00192773 -0.00194777 -0.00249576 -0.00139445 -0.00135999 -0.00204341 -0.000984927 
-0.00177711 -0.00220942 -0.00179164 -0.00227065 -0.00167229 -0.00104544 -0.00290711 -0.0026346 -0.00196719 -0.00112013 -0.00228352 0.00255314 0.0017951 0.00303291 0.00392086 0.00329291 0.149226 0.0041126 0.00286916 0.00250558 0.00216877 0.00267262 -0.000772423 -0.0019975 -0.00188141 -0.00169503 -0.00236312 -0.0020581 -0.00267427 -0.00212567 -0.00282721 -0.00246591 -0.00253874 -0.00295886 -0.00160682 -0.00136335 -0.00221447 -0.00217646 -0.00217094 -0.00243096 -0.00228294 -0.00272421 -0.00225622 -0.00238817 -0.00248 -0.00173983 -0.00206005 -0.00138941 -0.00156456 -0.00105459 -0.00236632 -0.00103707 -0.00130118 -0.00209051 -0.00206144 -0.00200831 -0.00245114 -0.00192529 -0.00107268 -0.00296201 -0.00145957 -0.00219015 -0.00265258 -0.00158605 -0.00158122 -0.00270451 -0.00233337 -0.00226853 -0.00202736 -0.00180741 -0.00143544 -0.00170876 -0.0019784 -0.00209874 -0.00236303 -0.0017844 -0.00216045 -0.00212348 -0.00209455 -0.00188734 -0.00109835 -0.00209214 -0.00223174 -0.000933865 -0.00225195 -0.00120833 -0.00189699 -0.00178009 -0.00196 -0.00267371 -0.00210169 -0.00193409 -0.00195064 -0.00172422 -0.00222675 -0.00224199 -0.00173605 -0.00205576 -0.00225589 -0.00233404 
-0.00208179 -0.00245232 -0.0018319 -0.00261804 -0.00286403 -0.00266878 -0.00283646 -0.00193482 -0.00165752 -0.00283614 -0.00258507 -0.00218476 -0.00194902 0.00257953 0.00208023 0.00266991 0.0041126 0.149508 0.00430356 0.00289187 0.0027747 0.00331111 0.00318608 -0.00205641 -0.00140345 -0.00272293 -0.00204708 -0.00275149 -0.00219026 -0.00220223 -0.00108703 -0.00290327 -0.00185234 -0.00234993 -0.00170631 -0.00140058 -0.00233314 -0.00141267 -0.00175278 -0.00233747 -0.000824085 -0.00247977 -0.00163994 -0.00298613 -0.00152945 -0.00185747 -0.00151331 -0.00244613 -0.00187754 -0.00159777 -0.0017341 -0.00210184 -0.00229181 -0.00139131 -0.00214284 -0.00130358 -0.00271776 -0.00294064 -0.0019727 -0.00247492 -0.00116269 -0.00173919 -0.00202189 -0.00141332 -0.00149685 -0.00153855 -0.00214487 -0.0012162 -0.0022069 -0.00158379 -0.00235812 -0.00115016 -0.00127546 -0.0022094 -0.0010874 -0.00174467 -0.00148824 -0.00267974 -0.00172423 -0.00240668 -0.00204688 -0.00231153 -0.00184938 -0.00191994 -0.00161989 -0.00240669 -0.00198206 -0.00261228 -0.00104204 -0.00211416 -0.00169436 -0.00156233 -0.00207114 -0.000475067 -0.00170177 -0.00160315 -0.00161092 -0.00279643 -0.00229402 -0.00222242 
-0.0016609 -0.00250004 -0.000939418 -0.00193876 -0.00172485 -0.00151991 -0.00233075 -0.00277408 -0.00163624 -0.00193992 -0.00233987 -0.00152512 -0.00151618 0.00136366 0.00245543 0.00195794 0.00286916 0.00430356 0.14145 0.00341548 0.00270673 0.00366 0.00364863 -0.00152935 -0.00115675 -0.00274507 -0.00206028 -0.00269536 -0.00211589 -0.00176819 -0.0015208 -0.00149388 -0.00153014 -0.00187334 -0.00161394 -0.00210795 -0.00191212 -0.00281206 -0.00205927 -0.00253181 -0.00247902 -0.00148821 -0.00237849 -0.00248315 -0.00136491 -0.00189589 -0.00207807 -0.00187616 -0.00177963 -0.00201154 -0.00164021 -0.0013358 -0.00242573 -0.00224722 -0.00179902 -0.0024146 -0.00204473 -0.00214052 -0.00124439 -0.00138441 -0.00150319 -0.00168563 -0.00158707 -0.00201362 -0.00223376 -0.00238712 -0.00303373 -0.00241698 -0.00152536 -0.00200324 -0.00228369 -0.00181883 -0.00192617 -0.000826782 -0.00192968 -0.00146512 -0.00147858 -0.00148026 -0.00123907 -0.00221927 -0.00150417 -0.000815187 -0.00248713 -0.00165445 -0.00201193 -0.00161953 -0.00203307 -0.00155441 -0.00155201 -0.00206286 -0.00223792 -0.00205414 -0.00200374 -0.00089284 -0.00159132 -0.00146773 -0.00164918 -0.00202887 -0.00173774 -0.00143095 
-0.00223589 -0.00234075 -0.0010254 -0.00188435 -0.00139033 -0.00129668 -0.00148553 -0.0018626 -0.00247491 -0.00200601 -0.00254597 -0.00382934 -0.00137572 -0.00259931 0.00201284 0.00254856 0.00250558 0.00289187 0.00341548 0.149682 0.00195955 0.00238789 0.00340961 0.00309785 0.00223221 -0.001392 -0.00140784 -0.00267343 -0.00203558 -0.00269303 -0.00249949 -0.00237384 -0.00291279 -0.00247583 -0.00236713 -0.00192905 -0.0023862 -0.00163148 -0.0019052 -0.00222453 -0.00163123 -0.00253528 -0.0022102 -0.0017117 -0.00225896 -0.00195436 -0.00115863 -0.0025512 -0.00173124 -0.00181593 -0.00196807 -0.00180265 -0.00152029 -0.00166037 -0.0022112 -0.00226785 -0.0019582 -0.00265126 -0.00229335 -0.000935797 -0.00129244 -0.0015386 -0.00219259 -0.00210266 -0.00259768 -0.00328236 -0.00259067 -0.00237618 -0.00255569 -0.00267272 -0.00117441 -0.00142109 -0.00208008 -0.00211467 -0.00206884 -0.00232102 -0.00236958 -0.00139841 -0.00216897 -0.00177198 -0.0026331 -0.00129431 -0.0014387 -0.00230475 -0.00193783 -0.00108763 -0.0022726 -0.00164456 -0.00136976 -0.000956451 -0.0015543 -0.00113899 -0.00179084 -0.00171665 -0.00220014 -0.00144404 -0.00227923 -0.00219379 -0.00173413 -0.00097317 
-0.00211475 -0.00334031 -0.00179457 -0.00182951 -0.00207698 -0.00182302 -0.0018039 -0.00176364 -0.00213088 -0.00269034 -0.00315633 -0.00240173 -0.0012679 -0.00242005 -0.00251023 -0.00265871 0.00216877 0.0027747 0.00270673 0.00195955 0.149399 0.00229928 0.00375633 0.00306805 0.00374693 0.00218562 -0.00204607 -0.00240256 -0.00135364 -0.00164288 -0.00134621 -0.00220009 -0.00281336 -0.00194741 -0.00141922 -0.00262227 -0.00200134 -0.00171687 -0.00230447 -0.00219188 -0.000532658 -0.00106467 -0.00170609 -0.00153812 -0.00238555 -0.00195063 -0.00317761 -0.0017533 -0.00190597 -0.00187432 -0.00230729 -0.00253677 -0.00244572 -0.00200779 -0.00214516 -0.00142774 -0.00200939 -0.00217125 -0.00232534 -0.000979739 -0.0020674 -0.00118062 -0.00154526 -0.00162418 -0.000397346 -0.00202063 -0.00242512 -0.00257204 -0.00193608 -0.0018875 -0.00262401 -0.000727192 -0.00139712 -0.00226174 -0.00212445 -0.0017561 -0.00161583 -0.00194536 -0.00208195 -0.00189516 -0.00201201 -0.00147874 -0.00147064 -0.00106132 -0.00238799 -0.00165572 -0.00259889 -0.00162159 -0.00150388 -0.000985963 -0.00194945 -0.00136816 -0.00197351 -0.00126026 -0.0017588 -0.00156762 -0.00281021 -0.00286374 -0.00220727 -0.00140801 
-0.000867853 -0.00283116 -0.00161542 -0.00231646 -0.00149798 -0.00225131 -0.00265882 -0.0025863 -0.00211862 -0.00106905 -0.00229035 -0.00142813 -0.00286976 -0.00216782 -0.00261727 -0.000883023 0.00267262 0.00331111 0.00366 0.00238789 0.00229928 0.14834 0.00491937 0.00377016 0.00302724 0.00275299 -0.00175833 -0.001596 -0.00209534 -0.00274545 -0.00107184 -0.00152104 -0.00298229 -0.00215722 -0.00114002 -0.00160452 -0.00232337 -0.00144937 -0.0019958 -0.00182836 -0.00201556 -0.00246894 -0.00238694 -0.00216036 -0.00173817 -0.00177159 -0.00180754 -0.00153946 -0.00262338 -0.00197598 -0.00227924 -0.00203598 -0.00147701 -0.00191 -0.00147437 -0.0024185 -0.00228953 -0.00218748 -0.00242336 -0.00231251 -0.00126105 -0.00200406 -0.00154384 -0.00220745 -0.00202842 -0.00201826 -0.00207161 -0.00211833 -0.0021991 -0.00201969 -0.00259303 -0.00233882 -0.00239581 -0.00199965 -0.00309707 -0.00239692 -0.00194676 -0.00188092 -0.0015682 -0.0018877 -0.00128047 -0.0018012 -0.0021997 -0.0022468 -0.00260701 -0.0018444 -0.0020718 -0.00111671 -0.00201867 -0.00131422 -0.00274703 -0.00118237 -0.0019935 -0.00190301 -0.000988102 -0.00140574 -0.00200924 -0.00254494 -0.00114101 -0.00151423 
-0.00186381 -0.00343052 -0.00172355 -0.00196651 -0.00263364 -0.00224971 -0.00331486 -0.00239952 -0.0033581 -0.00217539 -0.00338141 -0.00257607 -0.00270689 -0.00225923 -0.00232237 -0.00248237 -0.000772423 0.00318608 0.00364863 0.00340961 0.00375633 0.00491937 0.148767 0.00265613 0.00442832 0.00276301 0.00232746 -0.00232757 -0.00183596 -0.00204359 -0.00175843 -0.00261692 -0.00253344 -0.00224514 -0.00162497 -0.00124582 -0.00235117 -0.00226467 -0.00223678 -0.00275675 -0.00179822 -0.00191434 -0.00230643 -0.0015784 -0.00150421 -0.00200312 -0.00161191 -0.00230417 -0.00172842 -0.00207334 -0.00187066 -0.00211252 -0.00104333 -0.00238977 -0.00172429 -0.00215293 -0.00228116 -0.00181701 -0.00230042 -0.00234341 -0.0011492 -0.00258904 -0.00153072 -0.00145772 -0.00144737 -0.00252946 -0.00156082 -0.00102024 -0.00180385 -0.000775439 -0.00291461 -0.00177123 -0.00156655 -0.00175876 -0.0015407 -0.00159196 -0.00145827 -0.00204553 -0.00146036 -0.00170471 -0.00171377 -0.00193599 -0.00206757 -0.00167623 -0.00169628 -0.00208996 -0.00217952 -0.00164749 -0.00200831 -0.00217861 -0.00272853 -0.00187459 -0.00202224 -0.00184088 -0.00172199 -0.00141702 -0.00129376 -0.00161108 -0.0013666 -0.0027996 
-0.00247466 -0.00284742 -0.00195833 -0.00219295 -0.00266265 -0.00199763 -0.00247872 -0.00182067 -0.00216561 -0.00219488 -0.00236754 -0.00236026 -0.00203106 -0.00196271 -0.00213162 -0.00162951 -0.0019975 -0.00205641 -0.00152935 0.00309785 0.00306805 0.00377016 0.00265613 0.151115 0.00320775 0.00284471 0.000990016 0.00277006 -0.00153994 -0.0014721 -0.0012328 -0.00196649 -0.00102858 -0.00138307 -0.0021057 -0.00221112 -0.00201555 -0.00143665 -0.00332843 -0.00315159 -0.000968406 -0.00185588 -0.00230274 -0.00183774 -0.0022547 -0.00150916 -0.00176105 -0.00176361 -0.00175351 -0.00263047 -0.00217904 -0.00118817 -0.00228892 -0.00176459 -0.000681792 -0.00245366 -0.00181333 -0.00154287 -0.00203449 -0.00236638 -0.000855335 -0.00147562 -0.00101635 -0.00203884 -0.00154067 -0.00226885 -0.00180073 -0.000965424 -0.00106731 -0.00124033 -0.00190649 -0.00310914 -0.00261151 -0.0020412 -0.000822767 -0.000742387 -0.00181653 -0.00149226 -0.0026372 -0.00238901 -0.00260565 -0.00180355 -0.00174079 -0.00108853 -0.00255949 -0.00212581 -0.00167452 -0.00236542 -0.00184436 -0.00263437 -0.000887541 -0.00235207 -0.00217639 -0.00205814 -0.00253527 -0.00187929 -0.00206424 -0.00178588 -0.00144953 -0.00136903 
-0.00186875 -0.00216441 -0.00135745 -0.00220307 -0.00205033 -0.00261725 -0.00233213 -0.00124217 -0.00231285 -0.00289072 -0.002499 -0.00161108 -0.00140044 -0.00211899 -0.00248833 -0.00274058 -0.00188141 -0.00140345 -0.00115675 0.00223221 0.00374693 0.00302724 0.00442832 0.00320775 0.143056 0.00337436 0.00250568 0.0012052 0.00396264 0.00242483 -0.00127287 -0.00146201 -0.00162126 -0.00214141 -0.00158841 -0.00170847 -0.00317676 -0.00283658 -0.00191324 -0.00177817 -0.00181622 -0.00204831 -0.00129595 -0.00209017 -0.00154948 -0.00298295 -0.00161931 -0.00130218 -0.00243119 -0.00288209 -0.00148255 -0.00148387 -0.00204636 -0.00200726 -0.00159902 -0.00208479 -0.00196727 -0.00181308 -0.000974953 -0.00211751 -0.00201643 -0.00114314 -0.00171269 -0.00200059 -0.00222336 -0.00244892 -0.00131997 -0.00148295 -0.00215917 -0.00175959 -0.00182739 -0.00146386 -0.00187254 -0.00227538 -0.00220989 -0.00242203 -0.00196756 -0.00257419 -0.00268233 -0.00129368 -0.00166608 -0.00247346 -0.00276166 -0.00152948 -0.00241058 -0.00166988 -0.00175491 -0.00215648 -0.00240799 -0.00208261 -0.0017191 -0.0020188 -0.00168885 -0.00181011 -0.00157728 -0.00177278 -0.00125698 -0.00244795 -0.00182531 -0.00185247 
-0.00217163 -0.00233902 -0.00169221 -0.00151447 -0.00137752 -0.00144562 -0.0018353 -0.00242552 -0.00190478 -0.00261651 -0.00261058 -0.00227251 -0.00173185 -0.00343199 -0.0020819 -0.00248827 -0.00169503 -0.00272293 -0.00274507 -0.001392 0.00218562 0.00275299 0.00276301 0.00284471 0.00337436 0.146304 0.00241843 0.00418812 0.00214534 0.00237228 0.00322643 -0.00140375 -0.00191928 -0.00130967 -0.00151908 -0.00235162 -0.00234242 -0.00290244 -0.00227541 -0.00235261 -0.00181191 -0.00231698 -0.00295166 -0.00166514 -0.00189953 -0.00166937 -0.0018494 -0.00207734 -0.00165333 -0.00288768 -0.00237199 -0.00208039 -0.00164029 -0.00177791 -0.00141169 -0.00254255 -0.0015096 -0.00150811 -0.00208654 -0.00182681 -0.00127128 -0.000850632 -0.00152679 -0.00230318 -0.00201783 -0.00228602 -0.00137722 -0.00244792 -0.00126487 -0.00233396 -0.00146387 -0.00135053 -0.00171001 -0.00300471 -0.0015531 -0.00219026 -0.00139498 -0.00153426 -0.00191396 -0.00210169 -0.00135915 -0.00297915 -0.00179658 -0.00202829 -0.00230829 -0.00167736 -0.00168986 -0.00155565 -0.00137175 -0.00153305 -0.00244056 -0.00189933 -0.00258803 -0.00156085 -0.0014088 -0.00181159 -0.00137926 -0.00324584 -0.00261685 -0.00101885 
-0.00252972 -0.00220096 -0.00140977 -0.00155751 -0.00250252 -0.00188005 -0.00137912 -0.00198435 -0.00220064 -0.00171303 -0.0021376 -0.00156388 -0.00214818 -0.00223492 -0.00208327 -0.00201686 -0.00236312 -0.00204708 -0.00206028 -0.00140784 -0.00204607 -0.00175833 0.00232746 0.000990016 0.00250568 0.00241843 0.139463 0.00263986 0.003051 0.00216152 0.00250988 0.00180419 -0.00127178 -0.000927723 -0.00288857 -0.00150818 -0.00189649 -0.00155635 -0.00117216 -0.00161618 -0.00191368 -0.00230211 -0.00158874 -0.00235235 -0.0017021 -0.00185348 -0.00192241 -0.00238522 -0.00185485 -0.00122792 -0.00101806 -0.0014018 -0.0013833 -0.00152008 -0.0017379 -0.00268975 -0.00292648 -0.0014677 -0.00209093 -0.00193481 -0.00153709 -0.00131389 -0.00131673 -0.00205839 -0.00189 -0.00197399 -0.001846 -0.00163613 -0.00117563 -0.00166339 -0.00120056 -0.00203213 -0.0015925 -0.00159407 -0.00187987 -0.00141983 -0.00167865 -0.00145306 -0.00243131 -0.00116964 -0.00190256 -0.00260715 -0.00236151 -0.00199065 -0.00136727 -0.000956493 -0.00211939 -0.00112057 -0.00155715 -0.00194926 -0.00131047 -0.00125978 -0.00152934 -0.00179726 -0.000883367 -0.0015828 -0.00162604 -0.00175987 -0.00213223 -0.00185924 
-0.00101358 -0.00148195 -0.00167625 -0.00144144 -0.00189944 -0.0020057 -0.00257005 -0.00163972 -0.00146309 -0.00167539 -0.00222837 -0.00219696 -0.00304785 -0.0021575 -0.00253459 -0.00181195 -0.0020581 -0.00275149 -0.00269536 -0.00267343 -0.00240256 -0.001596 -0.00232757 0.00277006 0.0012052 0.00418812 0.00263986 0.142061 0.00374078 0.0026147 0.00273815 0.00243653 0.00291617 -0.00131407 -0.00130008 -0.00248174 -0.00216148 -0.00249007 -0.00247026 -0.00243041 -0.00150621 -0.00215523 -0.00204478 -0.00213344 -0.00193066 -0.00129842 -0.00260826 -0.00180147 -0.00171584 -0.00107971 -0.0018585 -0.00226799 -0.001834 -0.00244234 -0.00129743 -0.00202533 -0.00191043 -0.00173302 -0.00178922 -0.00147781 -0.00161464 -0.00123648 -0.00146478 -0.00153109 -0.0017038 -0.00216963 -0.00164392 -0.00281362 -0.00192895 -0.00111267 -0.00210354 -0.00203781 -0.0018943 -0.00174276 -0.00137958 -0.000804572 -0.000808507 -0.00239154 -0.000995911 -0.00214018 -0.00211874 -0.000849157 -0.00230429 -0.00258894 -0.00120837 -0.00131052 -0.0013491 -0.00176268 -0.00206947 -0.00189706 -0.00208965 -0.00208884 -0.00266851 -0.00236289 -0.00175183 -0.00190029 -0.00132151 -0.00097211 -0.00157847 -0.000692854 
-0.00188976 -0.00222153 -0.00159887 -0.00152085 -0.00175512 -0.00215262 -0.00164102 -0.0019133 -0.0013957 -0.00168513 -0.00131783 -0.00253228 -0.00171736 -0.00165716 -0.00250241 -0.00140239 -0.00267427 -0.00219026 -0.00211589 -0.00203558 -0.00135364 -0.00209534 -0.00183596 -0.00153994 0.00396264 0.00214534 0.003051 0.00374078 0.132858 0.0029135 0.00232589 0.00236317 0.00269579 0.00219811 -0.00185101 -0.00088366 -0.00178168 -0.000763028 -0.00120314 -0.0017388 -0.00141267 -0.0023124 -0.00239279 -0.00224852 -0.0010175 -0.00230161 -0.00139831 -0.000845484 -0.00157987 -0.00155302 -0.00250469 -0.00180529 -0.00165428 -0.00234988 -0.00129099 -0.00193018 -0.0021127 -0.000970457 -0.00219052 -0.00164148 -0.0014127 -0.00200505 -0.000974576 -0.00225542 -0.00152669 -0.00138653 -0.00235229 -0.00115025 -0.00139364 -0.00236801 -0.00216381 -0.00223837 -0.00161191 -0.00186715 -0.00215582 -0.00220637 -0.00121682 -0.00191994 -0.00140826 -0.00247274 -0.0016205 -0.00195306 -0.00203241 -0.00246104 -0.0016797 -0.00140377 -0.00122431 -0.00143926 -0.00102977 -0.00212272 -0.00168482 -0.00231251 -0.00119928 -0.00137138 -0.000994985 -0.00181266 -0.00147249 -0.00233093 -0.00225985 -0.00128397 
-0.00117653 -0.00191905 -0.00149403 -0.00123197 -0.00130405 -0.00260731 -0.00148654 -0.0012288 -0.00117218 -0.00155304 -0.00194866 -0.00212025 -0.00173133 -0.00170281 -0.0013715 -0.00164832 -0.00212567 -0.00220223 -0.00176819 -0.00269303 -0.00164288 -0.00274545 -0.00204359 -0.0014721 0.00242483 0.00237228 0.00216152 0.0026147 0.0029135 0.128731 0.00270615 0.00185104 0.00229191 0.0024326 -0.00122419 -0.00152129 -0.00109753 -0.00198 -0.000758609 -0.00171726 -0.00283438 -0.00164862 -0.00143418 -0.00220391 -0.00171217 -0.00238237 -0.00140042 -0.00181114 -0.00156235 -0.00176585 -0.00181487 -0.00179463 -0.0015096 -0.00128712 -0.0011554 -0.00228533 -0.00217331 -0.00132579 -0.00149679 -0.00113181 -0.00142409 -0.00242077 -0.000761756 -0.00141241 -0.00150765 -0.00164644 -0.00135154 -0.00193286 -0.00199347 -0.00211493 -0.00201901 -0.00195258 -0.00119552 -0.00150309 -0.00176849 -0.00208328 -0.00169914 -0.00133389 -0.00198337 -0.00157159 -0.00173153 -0.0016997 -0.00138443 -0.00183552 -0.0017894 -0.000926277 -0.00145274 -0.0013455 -0.00170934 -0.00137746 -0.00199037 -0.00181604 -0.00109376 -0.00191074 -0.00133558 -0.00205576 -0.00124462 -0.000981338 -0.00179863 -0.00192673 
-0.0016247 -0.00224801 -0.000952236 -0.00227452 -0.00235081 -0.00267255 -0.00155132 -0.00200861 -0.00216288 -0.00226455 -0.00157257 -0.00228047 -0.00240704 -0.00207908 -0.00204961 -0.00243549 -0.00282721 -0.00108703 -0.0015208 -0.00249949 -0.00134621 -0.00107184 -0.00175843 -0.0012328 -0.00127287 0.00322643 0.00250988 0.00273815 0.00232589 0.00270615 0.1407 0.00272469 0.0021665 0.00207452 0.00229885 0.00190221 -0.00115064 -0.00225174 -0.00203368 -0.00212038 -0.00184584 -0.00277284 -0.0014141 -0.00182655 -0.00133099 -0.00170899 -0.00257628 -0.00134373 -0.00262638 -0.00213943 -0.00223377 -0.00254522 -0.00197624 -0.00170074 -0.00166233 -0.00171806 -0.00128301 -0.00224741 -0.0022983 -0.00186782 -0.00199168 -0.00125836 -0.00086679 -0.00144494 -0.000875384 -0.00142007 -0.0019471 -0.00211285 -0.00179235 -0.00235486 -0.00184138 -0.00251351 -0.00211598 -0.00189783 -0.00191949 -0.00260634 -0.0014711 -0.00229418 -0.00139654 -0.00132224 -0.00142653 -0.00110112 -0.00227421 -0.00139959 -0.00187295 -0.00211346 -0.00143669 -0.00108681 -0.00180034 -0.0021498 -0.00188417 -0.00235706 -0.00200683 -0.00219087 -0.00197126 -0.00179913 -0.00148643 -0.00206744 -0.00137997 -0.00189974 
-0.000869607 -0.001567 -0.00108063 -0.00166187 -0.00235584 -0.00183593 -0.00141282 -0.00216419 -0.00186098 -0.00189642 -0.00211929 -0.00228125 -0.00214841 -0.00147662 -0.00177379 -0.00208205 -0.00246591 -0.00290327 -0.00149388 -0.00237384 -0.00220009 -0.00152104 -0.00261692 -0.00196649 -0.00146201 -0.00140375 0.00180419 0.00243653 0.00236317 0.00185104 0.00272469 0.128056 0.00242499 0.00199596 0.00220992 0.00282503 0.00193878 -0.000734491 -0.00136905 -0.00143092 -0.00197972 -0.0020885 -0.00128881 -0.00152112 -0.00263109 -0.0023121 -0.00227562 -0.00179654 -0.00140081 -0.00152878 -0.00122925 -0.0014364 -0.00158061 -0.00188895 -0.00256461 -0.00182787 -0.00185752 -0.0018892 -0.00185509 -0.00101213 -0.00205287 -0.00125168 -0.00125449 -0.00109181 -0.00193312 -0.00144842 -0.00276271 -0.00148798 -0.00196907 -0.00206411 -0.00187583 -0.00176216 -0.0016812 -0.000749407 -0.00198307 -0.00160985 -0.000596224 -0.00156567 -0.00158837 -0.0010188 -0.0014995 -0.00119062 -0.00188416 -0.00213386 -0.00165543 -0.0013413 -0.00132109 -0.000897742 -0.00189465 -0.00147789 -0.00200256 -0.00124685 -0.00159397 -0.00145668 -0.00183739 -0.00112522 -0.00108321 -0.00203074 -0.0010621 -0.00165542 
-0.00181002 -0.00131011 -0.00169349 -0.000824653 -0.00205491 -0.00262542 -0.00179884 -0.00296473 -0.0014317 -0.00127753 -0.00206472 -0.00200325 -0.00242803 -0.00206875 -0.00150458 -0.000806999 -0.00253874 -0.00185234 -0.00153014 -0.00291279 -0.00281336 -0.00298229 -0.00253344 -0.00102858 -0.00162126 -0.00191928 -0.00127178 0.00291617 0.00269579 0.00229191 0.0021665 0.00242499 0.128673 0.0026483 0.00193658 0.00201776 0.0026898 0.00193557 -0.0006697 -0.00154635 -0.00209038 -0.00161931 -0.00229524 -0.00173101 -0.00163962 -0.00191877 -0.00154267 -0.00191098 -0.00261132 -0.0011533 -0.00114989 -0.00187286 -0.00197184 -0.00158896 -0.00232961 -0.00186459 -0.00128466 -0.00195273 -0.00202131 -0.00133234 -0.000897128 -0.00110547 -0.00215191 -0.00102891 -0.00229817 -0.0010636 -0.00201273 -0.00162266 -0.0015666 -0.000661497 -0.00279247 -0.00220406 -0.00112911 -0.00155594 -0.00169832 -0.000748007 -0.0014789 -0.00221808 -0.000511468 -0.000677333 -0.00126687 -0.0013876 -0.001859 -0.00165119 -0.000842009 -0.00125435 -0.00201156 -0.00197893 -0.00175859 -0.00140351 -0.00224057 -0.00108247 -0.00188092 -0.00189238 -0.0023016 -0.00185868 -0.00165272 -0.00161381 -0.00161783 -0.00165017 
