0.12918 0.00237682 0.00320792 0.00110422 0.00271714 0.00209659 -0.00165264 -0.00164608 -0.00203321 -0.00138267 -0.00152348 -0.00145377 -0.00198065 -0.00325925 -0.00329353 -0.00229726 -0.00184591 -0.00213598 -0.00142089 -0.00228054 -0.00301834 -0.0026353 -0.00201252 -0.00133932 -0.00265139 -0.00288536 -0.00233681 -0.00185914 -0.00175112 -0.00203464 -0.000834868 -0.00298091 -0.0010351 -0.00124193 -0.0013083 -0.00121033 -0.00159666 -0.00141189 -0.00120695 -0.00191807 -0.00143497 -0.00150607 -0.00233412 -0.00130598 -0.0013754 -0.00197039 -0.00158728 -0.00163048 -0.00164442 -0.00188141 -0.00122055 -0.00133625 -0.00140601 -0.00122203 -0.00137741 -0.000870836 -0.00207907 -0.00209682 -0.00111065 -0.00146808 -0.00167972 -0.00173156 -0.00174406 -0.00126407 -0.00203988 -0.00123774 -0.00160865 -0.00158499 -0.00233501 -0.00147862 -0.00143645 -0.00220927 -0.00175459 -0.00150671 -0.00167733 -0.00175492 -0.00190898 -0.00202603 -0.00122524 -0.00130819 -0.00135258 -0.00174316 -0.00194154 -0.0017951 -0.000874928 -0.00168528 -0.00130698 -0.00052661 -0.00118134 -0.000780154 -0.00106529 -0.00215756 -0.00117224 -0.00124651 -0.00102393 -0.000804451 0.00252925 0.00197412 0.00307548 0.00224081 
0.00237682 0.127754 0.00245432 0.00213935 0.00162683 0.00308178 0.0017443 -0.000890944 -0.00200335 -0.00177879 -0.000650388 -0.00184037 -0.00163312 -0.00182098 -0.00178447 -0.00146157 -0.002 -0.00185335 -0.00220877 -0.0022827 -0.0015132 -0.00211166 -0.00181555 -0.0016851 -0.00148443 -0.00101382 -0.00132634 -0.00172126 -0.00157344 -0.0020517 -0.00177827 -0.00237946 -0.0010752 -0.00177302 -0.00239275 -0.00149879 -0.00284878 -0.0019727 -0.00188497 -0.0017747 -0.00196301 -0.0013605 -0.00158634 -0.00133421 -0.00189692 -0.00182994 -0.00199683 -0.00103801 -0.00149432 -0.00232891 -0.00287164 -0.00114376 -0.00111156 -0.00183987 -0.00139576 -0.00137168 -0.00170354 -0.00180419 -0.00161613 -0.00124053 -0.00181925 -0.00240018 -0.00247594 -0.00171439 -0.00221495 -0.00122313 -0.00136115 -0.00160691 -0.00226255 -0.00130189 -0.00134211 -0.00172759 -0.00151626 -0.00113541 -0.00140838 -0.000798224 -0.00215583 -0.0013535 -0.00153924 -0.00167227 -0.00113077 -0.00173864 -0.0017231 -0.00178938 -0.000524332 -0.00101718 -0.00147945 -0.000627724 -0.00157544 -0.00126215 -0.00223199 -0.00145609 -0.00111725 -0.00121061 -0.00236416 -0.00121014 -0.00119928 0.00194911 0.00199882 0.00237276 
0.00320792 0.00245432 0.132116 0.000960443 0.00171972 0.00253261 0.00201974 0.00320311 -0.00196093 -0.00186777 -0.0013036 -0.00197968 -0.00231786 -0.00196864 -0.00209725 -0.00217777 -0.00126357 -0.00168026 -0.0019117 -0.00200384 -0.00199115 -0.00167534 -0.00221842 -0.000734403 -0.00139943 -0.00227354 -0.00245806 -0.00202618 -0.00184483 -0.00188294 -0.00171279 -0.0017409 -0.00102007 -0.00154435 -0.0015598 -0.00178131 -0.00231657 -0.00212416 -0.00148707 -0.00252617 -0.00159317 -0.00147044 -0.00214238 -0.00182366 -0.00182674 -0.00190353 -0.00126034 -0.00192023 -0.00138827 -0.00230104 -0.00238657 -0.00182205 -0.00174031 -0.00138078 -0.00263201 -0.00111674 -0.000695482 -0.00163057 -0.000979955 -0.00180063 -0.0022108 -0.00123227 -0.00162624 -0.00150716 -0.00227847 -0.00219592 -0.00205002 -0.00142547 -0.00159425 -0.00148681 -0.00227243 -0.00168745 -0.00204156 -0.00152206 -0.00238639 -0.00237103 -0.00125196 -0.00140853 -0.00101516 -0.00107666 -0.00126129 -0.00114513 -0.00132157 -0.000909058 -0.00109819 -0.0014147 -0.000744801 -0.00160605 -0.00145768 -0.00203993 -0.00114267 -0.00134177 -0.00215321 -0.00176939 -0.00150879 -0.0016554 -0.00124249 -0.00106233 0.000792835 0.00317319 
0.00110422 0.00213935 0.000960443 0.119493 0.00218455 0.00220734 0.00249306 0.00156745 0.00190495 -0.00138666 -0.0010171 -0.00178397 -0.0014493 -0.00211328 -0.00102207 -0.00173379 -0.00123388 -0.00169601 -0.00208414 -0.00144174 -0.00236268 -0.00154333 -0.0024147 -0.0024669 -0.00129974 -0.00198967 -0.00220169 -0.00194418 -0.00125346 -0.0017447 -0.00164152 -0.00185801 -0.000885868 -0.0020635 -0.00169761 -0.00103793 -0.00115666 -0.00138705 -0.00139089 -0.00152377 -0.0014669 -0.000758308 -0.00204132 -0.00194694 -0.00168857 -0.00159941 -0.00193568 -0.00163754 -0.00145308 -0.0013815 -0.00171191 -0.00158977 -0.00165456 -0.00117213 -0.00203529 -0.00161093 -0.00113648 -0.00125106 -0.00111242 -0.00177541 -0.000622047 -0.00163327 -0.00155501 -0.00215348 -0.00165704 -0.00116867 -0.00125377 -0.00220078 -0.00134084 -0.00180892 -0.000722899 -0.00184812 -0.00114687 -0.000964714 -0.00160573 -0.00155065 -0.000456907 -0.00137541 -0.000657579 -0.00141568 -0.00166038 -0.00272854 -0.00150041 -0.000970743 -0.0012805 -0.00150994 -0.00214296 -0.00142105 -0.00151284 -0.000856648 -0.001306 -0.00179097 -0.00114637 -0.000763077 -0.00181377 -0.00138993 -0.00161913 -0.00113391 -0.000779372 0.00219507 
0.00271714 0.00162683 0.00171972 0.00218455 0.121149 0.00184231 0.00249057 0.00221876 0.0013243 0.00157981 -0.00205254 -0.00168965 -0.00169404 -0.00152796 -0.00183301 -0.00204136 -0.00122774 -0.00181585 -0.0010814 -0.000945329 -0.00104155 -0.00243837 -0.00188719 -0.00209034 -0.00137353 -0.0021867 -0.00126908 -0.00170906 -0.00202003 -0.00143296 -0.00204576 -0.00239441 -0.00164405 -0.00180395 -0.00303808 -0.00187913 -0.00186326 -0.00188496 -0.00156107 -0.0011925 -0.00142796 -0.000841916 -0.00139716 -0.000860405 -0.00144704 -0.00144508 -0.00180068 -0.00117773 -0.00161445 -0.00157487 -0.00251271 -0.00156607 -0.00134962 -0.00132472 -0.00213479 -0.0017352 -0.00117682 -0.00102149 -0.00145456 -0.00160011 -0.0019577 -0.00110272 -0.00156379 -0.00140659 -0.00237194 -0.00171422 -0.00125618 -0.000844413 -0.00133618 -0.00137816 -0.0011686 -0.00177082 -0.00212714 -0.00191819 -0.00121057 -0.00176394 -0.00199418 -0.00159211 -0.000933639 -0.00115924 -0.00100981 -0.00107532 -0.00115748 -0.00128913 -0.00125084 -0.00115398 -0.00139035 -0.00135976 -0.00122323 -0.00175843 -0.00146691 -0.00171709 -0.00150419 -0.00154726 -0.00139885 -0.00112582 -0.00135687 -0.00186215 -0.00118253 -0.000324553 
0.00209659 0.00308178 0.00253261 0.00220734 0.00184231 0.125031 0.00249621 0.00207528 0.00280296 0.00138098 0.00286843 -0.00118821 -0.00157094 -0.00214774 -0.00121371 -0.00172783 -0.0017151 -0.00172072 -0.00192059 -0.00138368 -0.00273079 -0.00185716 -0.00150014 -0.00252881 -0.00189016 -0.00255373 -0.0016359 -0.00165248 -0.00200163 -0.00268827 -0.00153859 -0.00222071 -0.00105313 -0.0024458 -0.00203821 -0.00151998 -0.0028649 -0.00195967 -0.00179423 -0.00222824 -0.00203428 -0.00166784 -0.00150398 -0.00162391 -0.00169503 -0.00228114 -0.00133374 -0.00153581 -0.00157438 -0.00121082 -0.00231324 -0.00129755 -0.0014904 -0.00161811 -0.00139085 -0.000907679 -0.00138629 -0.00180464 -0.00127747 -0.00174876 -0.00148418 -0.00113487 -0.00219831 -0.00208442 -0.00170679 -0.00222102 -0.0016026 -0.00226067 -0.00168944 -0.00169216 -0.00145006 -0.00129263 -0.00134309 -0.00154332 -0.0017435 -0.00058564 -0.00181991 -0.00203991 -0.00160307 -0.00097192 -0.00239365 -0.00145986 -0.00174756 -0.00207866 -0.000982828 -0.00158108 -0.00202373 -0.00164272 -0.00161227 -0.00150227 -0.00105447 -0.00166865 -0.000750228 -0.00167046 -0.00184282 -0.00095936 -0.000956997 -0.000228724 -0.00152682 -0.00127805 
-0.00165264 0.0017443 0.00201974 0.00249306 0.00249057 0.00249621 0.131783 0.0024669 0.00247015 0.00221652 0.00295985 0.00190567 -0.000982039 -0.00133165 -0.0011272 -0.00179604 -0.00208269 -0.0029848 -0.00175487 -0.00205894 -0.00205273 -0.00205482 -0.00238959 -0.00173415 -0.00171509 -0.00220081 -0.00081385 -0.00234753 -0.00235924 -0.00245663 -0.00234802 -0.00130023 -0.00170543 -0.00203288 -0.00207499 -0.00197474 -0.0015114 -0.00107418 -0.002394 -0.00187692 -0.00186314 -0.000806836 -0.00171863 -0.00154894 -0.00230923 -0.00115391 -0.00193717 -0.00149919 -0.00107706 -0.0021279 -0.00178048 -0.00211475 -0.00197368 -0.00166284 -0.00231728 -0.00197715 -0.00218604 -0.00183495 -0.00179769 -0.00264799 -0.00141639 -0.00167002 -0.00165865 -0.00181509 -0.0017794 -0.00265793 -0.00150134 -0.00153595 -0.00200687 -0.00275577 -0.00147139 -0.00165342 -0.00161212 -0.00178259 -0.00176469 -0.00100272 -0.000604603 -0.00120937 -0.00180015 -0.00150904 -0.00140012 -0.00105988 -0.00207539 -0.00222701 -0.00118456 -0.00203833 -0.00224591 -0.000928198 -0.00119214 -0.00166923 -0.00161994 -0.0016241 -0.000836121 -0.00158801 -0.00201514 -0.00175952 -0.00192818 -0.00125748 -0.00176078 -0.00090572 
-0.00164608 -0.000890944 0.00320311 0.00156745 0.00221876 0.00207528 0.0024669 0.128373 0.00296933 0.00254645 0.00247286 0.00258963 0.00187518 -0.000746612 -0.000662118 -0.00204455 -0.00168119 -0.0021062 -0.00219687 -0.00251605 -0.0017795 -0.00182491 -0.00213956 -0.00181183 -0.00095119 -0.000208516 -0.00179175 -0.0021384 -0.00185675 -0.00297618 -0.00166446 -0.00271123 -0.000657733 -0.00149507 -0.00183054 -0.00195407 -0.0020496 -0.0014615 -0.00176634 -0.00193038 -0.00115249 -0.00214194 -0.00265275 -0.00141786 -0.00214542 -0.0014535 -0.000899098 -0.00139479 -0.00129021 -0.00252089 -0.00203322 -0.00184726 -0.00189658 -0.00168674 -0.00234687 -0.001834 -0.000996147 -0.00224909 -0.00188793 -0.00152501 -0.00193647 -0.00165256 -0.000979801 -0.00187789 -0.00201965 -0.00179316 -0.00102327 -0.00190586 -0.00222901 -0.00157524 -0.00111275 -0.00136443 -0.00120342 -0.00178057 -0.0019986 -0.000731825 -0.00163145 -0.00247612 -0.0018833 -0.00199535 -0.00164739 -0.00110598 -0.00268271 -0.00221396 -0.00169904 -0.00118255 -0.00191166 -0.00196732 -0.00164206 -0.00200912 -0.00131962 -0.00138909 -0.00159335 -0.00183378 -0.00101666 -0.00203548 -0.00169459 -0.00176248 -0.00180912 -0.00180897 
-0.00203321 -0.00200335 -0.00196093 0.00190495 0.0013243 0.00280296 0.00247015 0.00296933 0.128764 0.00148804 0.00168399 0.00230618 0.00203635 0.00180731 -0.00110273 -0.00197115 -0.00150901 -0.00174448 -0.00132988 -0.00167231 -0.0020535 -0.00230652 -0.00136841 -0.00252678 -0.00215255 -0.00238117 -0.00160521 -0.00165406 -0.00193587 -0.00285718 -0.00192012 -0.00156927 -0.00166055 -0.00167327 -0.00126147 -0.0012245 -0.00175408 -0.00144736 -0.00172881 -0.00207303 -0.00255106 -0.00212714 -0.00118148 -0.00121892 -0.00167258 -0.00139569 -0.00172621 -0.000844715 -0.00153448 -0.00117842 -0.00085886 -0.00169154 -0.00179645 -0.00128813 -0.000847236 -0.0023798 -0.00230454 -0.00133056 -0.00120827 -0.00176611 -0.00113718 -0.00215931 -0.00124128 -0.0012027 -0.0023959 -0.00176598 -0.00194192 -0.00170223 -0.00182649 -0.00143292 -0.00138006 -0.00171802 -0.000924235 -0.00199181 -0.00144426 -0.00106241 -0.00204203 -0.00218468 -0.00150199 -0.00147234 -0.00169472 -0.000786116 -0.00227843 -0.00179204 -0.0020663 -0.00178133 -0.00226066 -0.00127678 -0.0018581 -0.00189749 -0.00122916 -0.00162432 -0.00126149 -0.00148283 -0.00151632 -0.00191619 -0.00156123 -0.00240341 -0.00136861 -0.00159091 
-0.00138267 -0.00177879 -0.00186777 -0.00138666 0.00157981 0.00138098 0.00221652 0.00254645 0.00148804 0.124292 0.00236574 0.00223042 0.0023849 0.00277136 -0.00144055 -0.00217528 -0.00209646 -0.000306886 -0.00223357 -0.00212899 -0.00196551 -0.00121352 -0.00136917 -0.00166015 -0.00154295 -0.00136477 -0.00211105 -0.000881756 -0.0013272 -0.0012228 -0.0017412 -0.00177948 -0.00209359 -0.00197715 -0.00209408 -0.00206582 -0.00122431 -0.00181088 -0.00161012 -0.00143991 -0.0013536 -0.00114957 -0.000927031 -0.00109247 -0.00120059 -0.00163795 -0.000836931 -0.000916602 -0.0015768 -0.00204157 -0.00175522 -0.00206805 -0.00135833 -0.00123102 -0.00175136 -0.00199138 -0.00219642 -0.00206434 -0.00156543 -0.00151177 -0.00125522 -0.00243291 -0.000868069 -0.00103902 -0.0014709 -0.00148778 -0.00140098 -0.00138994 -0.00231567 -0.00142008 -0.00114577 -0.00146101 -0.00234122 -0.0015517 -0.00143952 -0.00134689 -0.00144322 -0.00140255 -0.00274138 -0.00171914 -0.00199742 -0.00163755 -0.00114066 -0.0015687 -0.00222283 -0.00177569 -0.00193145 -0.00138419 -0.0022839 -0.000915221 -0.000837777 -0.0018026 -0.00162354 -0.00183028 -0.00190048 -0.00151252 -0.00137022 -0.0013729 -0.00161598 -0.00134035 
-0.00152348 -0.000650388 -0.0013036 -0.0010171 -0.00205254 0.00286843 0.00295985 0.00247286 0.00168399 0.00236574 0.136248 0.00228753 0.00240522 0.00210689 0.00288838 0.00115235 -0.00197503 -0.0017522 -0.0020568 -0.00197195 -0.00164737 -0.00243632 -0.00172887 -0.00102994 -0.00178658 -0.00289075 -0.00198518 -0.00140234 -0.00154349 -0.00115683 -0.00238681 -0.00215486 -0.00180135 -0.00250638 -0.00111688 -0.00200411 -0.00261083 -0.00175751 -0.000757806 -0.00242947 -0.00254508 -0.00179243 -0.00162486 -0.00151313 -0.00223534 -0.00156354 -0.00160166 -0.00146052 -0.00147375 -0.00249828 -0.00229865 -0.00181425 -0.00188778 -0.00219161 -0.00199971 -0.00216058 -0.00123301 -0.00214004 -0.00154183 -0.00177209 -0.000599298 -0.00168882 -0.00149822 -0.00220294 -0.00158296 -0.00177683 -0.000847791 -0.00179317 -0.0022513 -0.00242563 -0.0022068 -0.00145506 -0.00215673 -0.00116265 -0.0021706 -0.00177695 -0.00269471 -0.00270774 -0.00258573 -0.00184745 -0.00258079 -0.00179343 -0.00241105 -0.00249789 -0.00135509 -0.0014545 -0.00136854 -0.00104333 -0.000796445 -0.00157379 -0.00164605 -0.000964119 -0.00151327 -0.00208095 -0.00188023 -0.00203688 -0.00241959 -0.00195887 -0.00100634 -0.000841666 
-0.00145377 -0.00184037 -0.00197968 -0.00178397 -0.00168965 -0.00118821 0.00190567 0.00258963 0.00230618 0.00223042 0.00228753 0.134335 0.00307467 0.00226345 0.00213493 0.00226125 0.00243861 -0.00176669 -0.00228074 -0.00185086 -0.00225056 -0.000609287 -0.00243444 -0.00206316 -0.00185404 -0.00241776 -0.00180956 -0.00140577 -0.00246878 -0.0014874 -0.00209696 -0.000766826 -0.00162298 -0.00131709 -0.00135183 -0.00185582 -0.00164466 -0.00170152 -0.00156885 -0.00158524 -0.00130223 -0.00225459 -0.00170442 -0.00237034 -0.00155153 -0.00135159 -0.00188525 -0.00160216 -0.00101125 -0.00121414 -0.00270313 -0.0017115 -0.00244071 -0.00115485 -0.00237836 -0.00155879 -0.00203652 -0.00143888 -0.00158557 -0.00251592 -0.00151928 -0.00240511 -0.0018073 -0.00204009 -0.00163616 -0.00235144 -0.00186609 -0.00202098 -0.00172246 -0.00203304 -0.00215023 -0.00152612 -0.00204361 -0.0021486 -0.00157139 -0.00170271 -0.00224234 -0.00186962 -0.00271803 -0.00131908 -0.000871624 -0.00183081 -0.00207569 -0.001252 -0.00177135 -0.00200179 -0.00193649 -0.0014189 -0.00164191 -0.00187939 -0.00147481 -0.00213779 -0.00193599 -0.00182303 -0.00188173 -0.000913514 -0.00165498 -0.00139515 -0.00174215 -0.00157607 
-0.00198065 -0.00163312 -0.00231786 -0.0014493 -0.00169404 -0.00157094 -0.000982039 0.00187518 0.00203635 0.0023849 0.00240522 0.00307467 0.142402 0.00344392 0.00327108 0.00275869 0.00304616 -0.00114398 -0.00189729 -0.00161158 -0.000839394 -0.0016698 -0.00282971 -0.00135774 -0.00178015 -0.00244894 -0.00184294 -0.000693585 -0.0021225 -0.00178231 -0.00151405 -0.000188848 -0.00208202 -0.00222282 -0.00186105 -0.00242803 -0.00166829 -0.00222665 -0.00155723 -0.00241434 -0.00169981 -0.00207381 -0.00194776 -0.00275962 -0.00174344 -0.00245221 -0.00135225 -0.00172492 -0.00284318 -0.0020519 -0.00164511 -0.00171749 -0.00155762 -0.00242032 -0.00172611 -0.00220819 -0.00248065 -0.00201584 -0.00256929 -0.00235373 -0.0013711 -0.00246464 -0.00169882 -0.00144576 -0.00214302 -0.000656958 -0.00149741 -0.00124842 -0.00210567 -0.00198119 -0.001705 -0.00179382 -0.00158193 -0.00218182 -0.00212826 -0.00120425 -0.00258818 -0.00123001 -0.00300403 -0.00147571 -0.00123525 -0.00145707 -0.00188478 -0.00278277 -0.00142144 -0.00267701 -0.00136055 -0.0017006 -0.00103891 -0.00173657 -0.00242716 -0.00268026 -0.00152021 -0.0021216 -0.00275269 -0.00244821 -0.00185203 -0.00196295 -0.00146336 -0.00151448 
-0.00325925 -0.00182098 -0.00196864 -0.00211328 -0.00152796 -0.00214774 -0.00133165 -0.000746612 0.00180731 0.00277136 0.00210689 0.00226345 0.00344392 0.146491 0.0024384 0.00444803 0.00351152 0.00274181 0.00246777 -0.00141486 -0.00141454 -0.00169632 -0.00226454 -0.00275987 -0.00290884 -0.00357664 -0.00249491 -0.00265058 -0.00223003 -0.00191197 -0.00281823 -0.00144751 -0.00224312 -0.00217417 -0.00148406 -0.00258356 -0.00140349 -0.00121882 -0.00281367 -0.00286995 -0.00225729 -0.00277616 -0.00264671 -0.0020396 -0.00258779 -0.0024858 -0.00156574 -0.00221654 -0.001323 -0.00222994 -0.00184631 -0.00172355 -0.00220017 -0.00212362 -0.00145049 -0.00134949 -0.00207754 -0.00235519 -0.00177596 -0.0020544 -0.00237683 -0.00225006 -0.000851258 -0.00173353 -0.00160843 -0.00174583 -0.000531039 -0.00096015 -0.00160433 -0.000655598 -0.000686039 -0.00208506 -0.00169926 -0.0024232 -0.00259159 -0.00242743 -0.00212249 -0.0022408 -0.00249621 -0.0011794 -0.00215178 -0.00143584 -0.00220594 -0.00204193 -0.0015961 -0.00188073 -0.00134001 -0.00153989 -0.00166962 -0.00210186 -0.00232175 -0.00234074 -0.00167301 -0.00219513 -0.000937664 -0.00150123 -0.00280619 -0.00206848 -0.00195314 -0.00208047 
-0.00329353 -0.00178447 -0.00209725 -0.00102207 -0.00183301 -0.00121371 -0.0011272 -0.000662118 -0.00110273 -0.00144055 0.00288838 0.00213493 0.00327108 0.0024384 0.136223 0.00288858 0.00249071 0.00312984 0.00193599 0.0034154 -0.00141836 -0.0012292 -0.000591624 -0.000977988 -0.00175812 -0.0032747 -0.00248013 -0.00196468 -0.00224768 -0.00243827 -0.00213762 -0.00242716 -0.00192636 -0.00223384 -0.00252197 -0.00180122 -0.00222054 -0.00260782 -0.00142675 -0.00205266 -0.00213106 -0.00227716 -0.000401427 -0.00136483 -0.00161388 -0.00171796 -0.00244481 -0.00151822 -0.00185616 -0.00247452 -0.00197604 -0.00127827 -0.00197891 -0.00162388 -0.00199617 -0.00159231 -0.00198197 -0.000637948 -0.00223009 -0.00300013 -0.00253782 -0.000775032 -0.00147371 -0.00130868 -0.00158268 -0.00130273 -0.000844404 -0.00159923 -0.00192461 -0.00149263 -0.0022529 -0.00194441 -0.00289197 -0.00238725 -0.00237155 -0.00182542 -0.00234802 -0.00174828 -0.00162356 -0.000555206 -0.0016256 -0.00215939 -0.00156577 -0.00160254 -0.00201205 -0.00215737 -0.000847217 -0.000951662 -0.00151203 -0.000734591 -0.00140604 -0.00173902 -0.00185583 -0.00161573 -0.00224949 -0.00235928 -0.00175453 -0.00163308 -0.00197793 -0.0028581 
-0.00229726 -0.00146157 -0.00217777 -0.00173379 -0.00204136 -0.00172783 -0.00179604 -0.00204455 -0.00197115 -0.00217528 0.00115235 0.00226125 0.00275869 0.00444803 0.00288858 0.141635 0.00397846 0.0023774 0.00316566 0.00415878 -0.00137469 -0.00135247 -0.000688007 -0.0009564 -0.00231301 -0.00239599 -0.00209265 -0.00139117 -0.00178785 -0.00184078 -0.00221733 -0.000756832 -0.00183208 -0.00108933 -0.00182736 -0.00227128 -0.000640949 -0.00194985 -0.00172745 -0.0023146 -0.00172889 -0.00262647 -0.00190028 -0.00220592 -0.00268206 -0.0020628 -0.00250538 -0.000762936 -0.00232344 -0.00253515 -0.00212472 -0.00169964 -0.00185782 -0.00225533 -0.00284393 -0.00219785 -0.00263137 -0.00154505 -0.00203633 -0.00242319 -0.00168235 -0.00145209 -0.00142758 -0.00208895 -0.00081733 -0.00130296 -0.00228364 -0.000878657 -0.00178383 -0.00234669 -0.00190734 -0.00190426 -0.00201515 -0.00200825 -0.00153271 -0.00210553 -0.00190134 -0.00272954 -0.00178617 -0.00229642 -0.00161803 -0.0022968 -0.00151618 -0.00251276 -0.00226342 -0.00225194 -0.00267244 -0.00233897 -0.00147476 -0.0018355 -0.00140532 -0.00142321 -0.000972887 -0.00214143 -0.00157496 -0.00119146 -0.00195233 -0.00127551 -0.0019349 -0.00272486 
-0.00184591 -0.002 -0.00126357 -0.00123388 -0.00122774 -0.0017151 -0.00208269 -0.00168119 -0.00150901 -0.00209646 -0.00197503 0.00243861 0.00304616 0.00351152 0.00249071 0.00397846 0.147461 0.00291876 0.00393409 0.00155442 0.00327542 0.00216701 -0.00147223 -0.00283584 -0.00250058 -0.00363641 -0.00267906 -0.00295574 -0.00304703 -0.00295938 -0.00290114 -0.00150553 -0.00277339 -0.00175663 -0.000588097 -0.00252004 -0.00200036 -0.00173367 -0.00255034 -0.00199531 -0.00232964 -0.00137714 -0.00245824 -0.00262752 -0.00304124 -0.001716 -0.00221796 -0.00322684 -0.00147008 -0.00141506 -0.00211195 -0.00177762 -0.00191558 -0.00132388 -0.00146428 -0.00247997 -0.00213486 -0.00154175 -0.00145196 -0.00107725 -0.00196971 -0.0015889 -0.00110755 -0.00225142 -0.00135522 -0.000453676 -0.00157693 -0.00183487 -0.00211658 -0.00179103 -0.000781887 -0.00188129 -0.00185351 -0.0024239 -0.0019646 -0.00149385 -0.00187231 -0.00220566 -0.00251286 -0.0020196 -0.00207334 -0.00173873 -0.00186719 -0.00271187 -0.00203754 -0.00185405 -0.00233356 -0.00297511 -0.00141602 -0.00150215 -0.0025942 -0.00210483 -0.00152619 -0.00193227 -0.00300186 -0.00218777 -0.00199137 -0.00209594 -0.00212318 -0.00145378 
-0.00213598 -0.00185335 -0.00168026 -0.00169601 -0.00181585 -0.00172072 -0.0029848 -0.0021062 -0.00174448 -0.000306886 -0.0017522 -0.00176669 -0.00114398 0.00274181 0.00312984 0.0023774 0.00291876 0.143739 0.00380918 0.00276526 0.00277471 0.0032756 0.00371973 -0.0016697 -0.00147111 -0.00227954 -0.00201421 -0.00141159 -0.00229689 -0.00202534 -0.00213612 -0.00127729 -0.00190728 -0.00164633 -0.00206916 -0.00167904 -0.00196744 -0.00263037 -0.00142689 -0.0023146 -0.00151766 -0.00219391 -0.00218282 -0.00201562 -0.0021031 -0.00299429 -0.00184839 -0.00156329 -0.00288412 -0.00255543 -0.0018791 -0.00132424 -0.00196564 -0.00172003 -0.00188403 -0.00230858 -0.00350267 -0.00146447 -0.00201271 -0.00224258 -0.00176883 -0.0024651 -0.00121504 -0.00187365 -0.00168618 -0.00210649 -0.000851169 -0.00171061 -0.00211178 -0.00150323 -0.00174729 -0.000412658 -0.00261798 -0.00181712 -0.0018677 -0.0022501 -0.00190689 -0.00224627 -0.00179319 -0.00148568 -0.0027885 -0.00138827 -0.00195943 -0.00244254 -0.00177455 -0.000834962 -0.0020233 -0.00141822 -0.00144048 -0.00232542 -0.00235676 -0.00144638 -0.00282644 -0.00251954 -0.00154341 -0.00173417 -0.00164473 -0.00181672 -0.00210678 -0.00233107 
-0.00142089 -0.00220877 -0.0019117 -0.00208414 -0.0010814 -0.00192059 -0.00175487 -0.00219687 -0.00132988 -0.00223357 -0.0020568 -0.00228074 -0.00189729 0.00246777 0.00193599 0.00316566 0.00393409 0.00380918 0.151544 0.00326403 0.00357489 0.00261095 0.00440375 -0.0022349 -0.00241557 -0.00155117 -0.00207538 -0.00296532 -0.0033547 -0.00275891 -0.00289819 -0.00285551 -0.00215952 -0.00188061 -0.00122035 -0.00176686 -0.00226388 -0.00222332 -0.00197028 -0.00216025 -0.0022832 -0.00198031 -0.00194606 -0.00186511 -0.0019873 -0.00230291 -0.00170004 -0.00189605 -0.00187676 -0.00147 -0.00207629 -0.00271338 -0.00223895 -0.00144454 -0.00199479 -0.00139557 -0.0016125 -0.0016613 -0.00160709 -0.00224864 -0.00307636 -0.00110188 -0.00136906 -0.00298779 -0.00311127 -0.0024367 -0.00226711 -0.0013475 -0.00219565 -0.00218996 -0.002109 -0.00125525 -0.00243592 -0.00200625 -0.00192092 -0.00222709 -0.00189015 -0.00187946 -0.00199471 -0.00144914 -0.00217729 -0.00232309 -0.00183955 -0.00201962 -0.00143859 -0.00165507 -0.0018219 -0.00177033 -0.00173113 -0.00124523 -0.0015928 -0.00168449 -0.00192653 -0.00174049 -0.00212043 -0.00151142 -0.00276471 -0.00264118 -0.00136417 -0.00265782 
-0.00228054 -0.0022827 -0.00200384 -0.00144174 -0.000945329 -0.00138368 -0.00205894 -0.00251605 -0.00167231 -0.00212899 -0.00197195 -0.00185086 -0.00161158 -0.00141486 0.0034154 0.00415878 0.00155442 0.00276526 0.00326403 0.144772 0.00308639 0.00156257 0.00242276 0.00309089 0.00169968 -0.00203894 -0.00129513 -0.00226377 -0.00251671 -0.00215919 -0.0026568 -0.00203737 -0.00226984 -0.00155489 -0.00148812 -0.00220519 -0.00217114 -0.00171736 -0.0026677 -0.00242482 -0.00137706 -0.00241528 -0.000674095 -0.00279038 -0.00192748 -0.00176138 -0.00201569 -0.00155198 -0.00234085 -0.00244327 -0.00161881 -0.00138781 -0.00216776 -0.00131403 -0.00201366 -0.00234347 -0.00241365 -0.00248727 -0.00163827 -0.002718 -0.00211497 -0.00113918 -0.00179446 -0.00302857 -0.00167023 -0.0018648 -0.00219321 -0.00200216 -0.00136832 -0.0022781 -0.00203975 -0.000961721 -0.00187865 -0.00166898 -0.00244555 -0.00200801 -0.00183842 -0.00197986 -0.0021311 -0.00113135 -0.00253542 -0.00192498 -0.0023919 -0.00155847 -0.00267714 -0.00140285 -0.00199704 -0.00198431 -0.00172739 -0.000974194 -0.00115888 -0.00221044 -0.000856386 -0.00126399 -0.0018521 -0.00166532 -0.00257266 -0.00199864 -0.00228963 -0.00278214 
-0.00301834 -0.0015132 -0.00199115 -0.00236268 -0.00104155 -0.00273079 -0.00205273 -0.0017795 -0.0020535 -0.00196551 -0.00164737 -0.00225056 -0.000839394 -0.00141454 -0.00141836 -0.00137469 0.00327542 0.00277471 0.00357489 0.00308639 0.1499 0.00316945 0.00312923 0.00227327 0.00315276 0.00361656 -0.00196166 -0.00168775 -0.00182057 -0.00145621 -0.00173916 -0.0025892 -0.0026155 -0.0019367 -0.00237361 -0.00257287 -0.00227146 -0.000717076 -0.00160518 -0.00238442 -0.00290217 -0.00247336 -0.00190604 -0.00224418 -0.00191709 -0.0024752 -0.00171628 -0.00256783 -0.00233148 -0.00220216 -0.00204803 -0.00169832 -0.00174628 -0.00155046 -0.00217053 -0.00267623 -0.0026986 -0.00233535 -0.00134608 -0.00319802 -0.00243843 -0.00339483 -0.00159526 -0.0021635 -0.00181589 -0.00203914 -0.000787132 -0.0010934 -0.00185023 -0.00190207 -0.00164268 -0.00179368 -0.00215091 -0.00224321 -0.00115075 -0.00223303 -0.00145862 -0.00194795 -0.00202401 -0.00239713 -0.00108048 -0.00160807 -0.001967 -0.00236272 -0.00144046 -0.00253437 -0.00175273 -0.00129702 -0.00188969 -0.00156819 -0.00259269 -0.00183875 -0.00131448 -0.001833 -0.00219162 -0.00268012 -0.00244118 -0.00179544 -0.00160663 -0.002647 
-0.0026353 -0.00211166 -0.00167534 -0.00154333 -0.00243837 -0.00185716 -0.00205482 -0.00182491 -0.00230652 -0.00121352 -0.00243632 -0.000609287 -0.0016698 -0.00169632 -0.0012292 -0.00135247 0.00216701 0.0032756 0.00261095 0.00156257 0.00316945 0.147342 0.00437121 0.00218077 0.00378507 0.00283263 -0.00184898 -0.00214328 -0.0017292 -0.00221043 -0.00195461 -0.00195001 -0.00206182 -0.00181684 -0.00200058 -0.00184571 -0.00293079 -0.00281309 -0.00202465 -0.0012543 -0.00141656 -0.00191448 -0.00212782 -0.00167338 -0.00221108 -0.00116945 -0.00171528 -0.00328261 -0.00202761 -0.00186143 -0.00195559 -0.0018533 -0.0021812 -0.00228781 -0.00278678 -0.00185457 -0.00131176 -0.00142307 -0.00159913 -0.00245847 -0.00147337 -0.00296777 -0.00113251 -0.00167032 -0.00128649 -0.0013708 -0.00246839 -0.00177724 -0.00145525 -0.00289899 -0.00221427 -0.00161768 -0.00222366 -0.00297499 -0.00177995 -0.00213619 -0.00226743 -0.00254337 -0.0023724 -0.00204372 -0.00238449 -0.00183013 -0.00148042 -0.0022524 -0.00129721 -0.00211837 -0.0022286 -0.00180276 -0.00152702 -0.0020221 -0.000808592 -0.00108063 -0.00220228 -0.00190407 -0.00119512 -0.00163277 -0.00179639 -0.00202822 -0.00254752 -0.00213361 
-0.00201252 -0.00181555 -0.00221842 -0.0024147 -0.00188719 -0.00150014 -0.00238959 -0.00213956 -0.00136841 -0.00136917 -0.00172887 -0.00243444 -0.00282971 -0.00226454 -0.000591624 -0.000688007 -0.00147223 0.00371973 0.00440375 0.00242276 0.00312923 0.00437121 0.147456 0.00306329 0.00292032 0.00203515 0.00176782 -0.00158687 -0.00224178 -0.00190564 -0.00186812 -0.00222324 -0.00210517 -0.00242461 -0.0025445 -0.00206031 -0.0010356 -0.00197997 -0.00202921 -0.00127079 -0.00154446 -0.00106629 -0.00183251 -0.00265419 -0.00296793 -0.0020957 -0.00219671 -0.00154731 -0.00183003 -0.00164082 -0.00216781 -0.0022384 -0.00216887 -0.00203147 -0.00172595 -0.00127187 -0.00210653 -0.00217618 -0.0024487 -0.00140685 -0.00201198 -0.00236898 -0.00236559 -0.001859 -0.00221799 -0.00138374 -0.00107618 -0.00142534 -0.00186099 -0.00181056 -0.00219126 -0.001252 -0.00334252 -0.00218136 -0.00204215 -0.00261977 -0.00220218 -0.00222358 -0.00232821 -0.00146449 -0.00174833 -0.00262368 -0.00172147 -0.00143949 -0.00140761 -0.00165076 -0.00293136 -0.00155599 -0.0018226 -0.00240956 -0.0024277 -0.00077261 -0.00205035 -0.00175423 -0.00261247 -0.00175018 -0.00112039 -0.00248636 -0.0019865 -0.00327096 
-0.00133932 -0.0016851 -0.000734403 -0.0024669 -0.00209034 -0.00252881 -0.00173415 -0.00181183 -0.00252678 -0.00166015 -0.00102994 -0.00206316 -0.00135774 -0.00275987 -0.000977988 -0.0009564 -0.00283584 -0.0016697 -0.0022349 0.00309089 0.00227327 0.00218077 0.00306329 0.142841 0.00375216 0.00301205 0.00193614 0.00252662 -0.00178059 -0.00230922 -0.00186866 -0.00221435 -0.00220422 -0.00146655 -0.00283921 -0.0020485 -0.00217864 -0.0016594 -0.0020627 -0.00137176 -0.00248767 -0.00111123 -0.00117871 -0.00218111 -0.00152557 -0.00134227 -0.00185179 -0.00220576 -0.00302024 -0.00151863 -0.00135404 -0.00232654 -0.00197197 -0.00291044 -0.00137369 -0.00238293 -0.0010032 -0.00180152 -0.00260039 -0.00222336 -0.00157359 -0.0018057 -0.00178605 -0.00146235 -0.00204282 -0.00200266 -0.00256121 -0.00120993 -0.00241668 -0.00211716 -0.00189533 -0.00113123 -0.00212968 -0.00155031 -0.00146169 -0.00202723 -0.00164076 -0.00178238 -0.00109696 -0.00217193 -0.00233571 -0.00248529 -0.00208214 -0.00158647 -0.00151136 -0.00142056 -0.00219072 -0.00106954 -0.000888422 -0.00255914 -0.00132934 -0.00141245 -0.000984695 -0.000937507 -0.00163073 -0.00164022 -0.00131093 -0.0013074 -0.00171996 -0.0015693 
-0.00265139 -0.00148443 -0.00139943 -0.00129974 -0.00137353 -0.00189016 -0.00171509 -0.00095119 -0.00215255 -0.00154295 -0.00178658 -0.00185404 -0.00178015 -0.00290884 -0.00175812 -0.00231301 -0.00250058 -0.00147111 -0.00241557 0.00169968 0.00315276 0.00378507 0.00292032 0.00375216 0.151197 0.00370671 0.0027365 0.00332349 0.00351861 0.0031706 -0.00171746 -0.00116765 -0.00160047 -0.00229749 -0.00215588 -0.00258559 -0.00139614 -0.00291456 -0.00158229 -0.00266326 -0.00290198 -0.00248304 -0.00190943 -0.00292896 -0.00242238 -0.000828164 -0.00328444 -0.00228908 -0.0030441 -0.00258902 -0.00141104 -0.00224423 -0.00140415 -0.00290482 -0.00193019 -0.00219893 -0.00240389 -0.00242046 -0.00263901 -0.0019088 -0.00254291 -0.00234854 -0.0019737 -0.00137143 -0.00211142 -0.00211525 -0.00249652 -0.00201089 -0.00229007 -0.0024047 -0.00276949 -0.00254235 -0.00163545 -0.00208122 -0.00170116 -0.00214939 -0.00163054 -0.00200186 -0.00158411 -0.00292914 -0.0021204 -0.00265632 -0.00141279 -0.00165529 -0.00194618 -0.00266439 -0.00138983 -0.00211122 -0.00149827 -0.00252058 -0.00146617 -0.00193917 -0.00125388 -0.00235452 -0.00125003 -0.00176365 -0.00172799 -0.00263606 -0.0023354 -0.00209492 
-0.00288536 -0.00101382 -0.00227354 -0.00198967 -0.0021867 -0.00255373 -0.00220081 -0.000208516 -0.00238117 -0.00136477 -0.00289075 -0.00241776 -0.00244894 -0.00357664 -0.0032747 -0.00239599 -0.00363641 -0.00227954 -0.00155117 -0.00203894 0.00361656 0.00283263 0.00203515 0.00301205 0.00370671 0.147573 0.00263118 0.00288969 0.00257064 0.00202112 0.00144446 -0.00238159 -0.00214097 -0.00228162 -0.00215154 -0.00145636 -0.0019508 -0.00179434 -0.00244039 -0.00264406 -0.00263601 -0.00115712 -0.00183666 -0.00341816 -0.00155618 -0.00137464 -0.00215008 -0.00141031 -0.0018414 -0.00220965 -0.00106378 -0.00147075 -0.00309045 -0.00171162 -0.00254137 -0.00168171 -0.00217757 -0.00153585 -0.00149015 -0.00134334 -0.00160618 -0.00257064 -0.00260484 -0.00177617 -0.00140351 -0.00219817 -0.00126129 -0.00182831 -0.0022727 -0.00224069 -0.00164078 -0.00143523 -0.00189845 -0.00130462 -0.00197386 -0.000195567 -0.0014735 -0.000658328 -0.000914831 -0.00234784 -0.00216565 -0.00183169 -0.00130837 -0.00225948 -0.00218003 -0.00152579 -0.00254688 -0.00224073 -0.00184323 -0.00201681 -0.00131684 -0.000757644 -0.00249843 -0.0016074 -0.00188407 -0.00190312 -0.00239131 -0.00177821 -0.00259949 -0.00156542 
-0.00233681 -0.00132634 -0.00245806 -0.00220169 -0.00126908 -0.0016359 -0.00081385 -0.00179175 -0.00160521 -0.00211105 -0.00198518 -0.00180956 -0.00184294 -0.00249491 -0.00248013 -0.00209265 -0.00267906 -0.00201421 -0.00207538 -0.00129513 -0.00196166 -0.00184898 0.00176782 0.00193614 0.0027365 0.00263118 0.132214 0.00288402 0.0026754 0.00320764 0.00208105 0.00170322 -0.00197921 -0.00135631 -0.00162413 -0.00120207 -0.00111347 -0.00157416 -0.00250904 -0.00200475 -0.00186253 -0.00159867 -0.00165703 -0.00202311 -0.00211461 -0.00242471 -0.00200876 -0.00111838 -0.0024943 -0.00195968 -0.00105562 -0.00194368 -0.00221571 -0.00218235 -0.00148136 -0.00140367 -0.00185292 -0.00163626 -0.00108581 -0.0019365 -0.00152317 -0.00125751 -0.00123474 -0.00202018 -0.00148669 -0.00129385 -0.00180606 -0.00125266 -0.00161588 -0.00170493 -0.00141131 -0.00167516 -0.0015866 -0.0017496 -0.00141861 -0.00119518 -0.00125039 -0.00135982 -0.00158486 -0.00137938 -0.00200268 -0.0015122 -0.00189279 -0.00199708 -0.00157909 -0.00189058 -0.00162959 -0.00161781 -0.00175827 -0.00169135 -0.00146723 -0.00160042 -0.00211815 -0.0011326 -0.00142057 -0.00141971 -0.00101001 -0.000638746 -0.00191954 -0.0021837 
-0.00185914 -0.00172126 -0.00202618 -0.00194418 -0.00170906 -0.00165248 -0.00234753 -0.0021384 -0.00165406 -0.000881756 -0.00140234 -0.00140577 -0.000693585 -0.00265058 -0.00196468 -0.00139117 -0.00295574 -0.00141159 -0.00296532 -0.00226377 -0.00168775 -0.00214328 -0.00158687 0.00252662 0.00332349 0.00288969 0.00288402 0.134087 0.00291251 0.0029086 0.00317815 0.00165447 0.000912165 -0.00188864 -0.00201457 -0.000666937 -0.00224019 -0.00232427 -0.000831307 -0.00220631 -0.003014 -0.0024924 -0.0020934 -0.00287198 -0.0020157 -0.00201046 -0.00211568 -0.00147405 -0.0016997 -0.00290718 -0.00120747 -0.001537 -0.00132096 -0.00236797 -0.00190438 -0.00155551 -0.0013122 -0.00195583 -0.00152089 -0.00212916 -0.00113125 -0.00180272 -0.00190533 -0.00163433 -0.00197335 -0.00259678 -0.00176436 -0.00194887 -0.00186278 -0.00134259 -0.00140048 -0.000617185 -0.00177873 -0.00164954 -0.00163114 -0.000777929 -0.00198346 -0.00123026 -0.00134666 -0.0015824 -0.00178625 -0.00189818 -0.00206133 -0.00177343 -0.00160062 -0.00131666 -0.00154804 -0.000612381 -0.00210829 -0.00161773 -0.00116641 -0.00135474 -0.00192469 -0.00176592 -0.0012991 -0.00176064 -0.00187066 -0.00182761 -0.00104613 -0.000843021 
-0.00175112 -0.00157344 -0.00184483 -0.00125346 -0.00202003 -0.00200163 -0.00235924 -0.00185675 -0.00193587 -0.0013272 -0.00154349 -0.00246878 -0.0021225 -0.00223003 -0.00224768 -0.00178785 -0.00304703 -0.00229689 -0.0033547 -0.00251671 -0.00182057 -0.0017292 -0.00224178 -0.00178059 0.00351861 0.00257064 0.0026754 0.00291251 0.130003 0.00299776 0.00215061 0.00188513 0.0025384 0.00183069 -0.0015057 -0.00173007 -0.00120926 -0.000673276 -0.00155904 -0.00224194 -0.00161748 -0.00188943 -0.00168177 -0.00199184 -0.00131567 -0.00127447 -0.00119431 -0.00195552 -0.00201158 -0.00218839 -0.0017957 -0.00178862 -0.00174386 -0.00212177 -0.000953791 -0.000682091 -0.00113877 -0.00179072 -0.00263452 -0.00202597 -0.00143975 -0.00149096 -0.0018301 -0.0016689 -0.00124652 -0.00142347 -0.000984364 -0.00107424 -0.00147472 -0.00173808 -0.00149002 -0.00114425 -0.00184463 -0.00176088 -0.00155268 -0.000969454 -0.00140826 -0.00155158 -0.00187408 -0.00216692 -0.0014944 -0.00141632 -0.00126207 -0.00128593 -0.00181049 -0.00156936 -0.00193009 -0.00152095 -0.00198858 -0.00167475 -0.00122901 -0.0014229 -0.00192266 -0.00201126 -0.00101873 -0.00150778 -0.00113273 -0.00171853 -0.00168276 -0.00152232 
-0.00203464 -0.0020517 -0.00188294 -0.0017447 -0.00143296 -0.00268827 -0.00245663 -0.00297618 -0.00285718 -0.0012228 -0.00115683 -0.0014874 -0.00178231 -0.00191197 -0.00243827 -0.00184078 -0.00295938 -0.00202534 -0.00275891 -0.00215919 -0.00145621 -0.00221043 -0.00190564 -0.00230922 0.0031706 0.00202112 0.00320764 0.0029086 0.00299776 0.137233 0.00299951 0.00362093 0.00163113 0.00255897 -0.00155677 -0.00114437 -0.00237386 -0.00143186 -0.00215663 -0.00126875 -0.00145055 -0.00183848 -0.0017431 -0.00236675 -0.00262411 -0.00116163 -0.00104052 -0.00209371 -0.00156738 -0.00249241 -0.00225058 -0.00123666 -0.00109957 -0.00199645 -0.00195918 -0.00224952 -0.00149529 -0.00233135 -0.00125183 -0.00131206 -0.0014293 -0.00158914 -0.00216038 -0.00249966 -0.00155828 -0.00171223 -0.00108242 -0.00215131 -0.00167651 -0.00147001 -0.00256029 -0.00174183 -0.00210579 -0.00104348 -0.00132419 -0.00191019 -0.00153915 -0.0013476 -0.00179591 -0.00211608 -0.00240945 -0.00194901 -0.000931501 -0.00273369 -0.00200859 -0.00244625 -0.00152838 -0.00187646 -0.00190347 -0.00127457 -0.00141398 -0.00093065 -0.00148431 -0.00135524 -0.000747273 -0.00155683 -0.000738333 -0.00159026 -0.00182483 -0.00158921 
-0.000834868 -0.00177827 -0.00171279 -0.00164152 -0.00204576 -0.00153859 -0.00234802 -0.00166446 -0.00192012 -0.0017412 -0.00238681 -0.00209696 -0.00151405 -0.00281823 -0.00213762 -0.00221733 -0.00290114 -0.00213612 -0.00289819 -0.0026568 -0.00173916 -0.00195461 -0.00186812 -0.00186866 -0.00171746 0.00144446 0.00208105 0.00317815 0.00215061 0.00299951 0.130168 0.00204375 0.00158436 0.00327142 0.00140431 0.0016916 -0.00146382 -0.00163775 -0.00121784 -0.00172713 -0.00157362 -0.00150899 -0.00196163 -0.00285738 -0.00131777 -0.00208946 -0.00215061 -0.00136888 -0.00177067 -0.00234584 -0.00123353 -0.00159823 -0.00201051 -0.00222602 -0.00221571 -0.00259945 -0.00109364 -0.00155373 -0.00160494 -0.00134873 -0.0012975 -0.00158487 -0.00147157 -0.00139299 -0.001957 -0.000864737 -0.0010254 -0.00182864 -0.000813121 -0.00156728 -0.00139106 -0.00118577 -0.0017033 -0.00120391 -0.00223613 -0.00107627 -0.00103562 -0.00174011 -0.00184295 -0.00191537 -0.00181368 -0.00142169 -0.00181813 -0.00196291 -0.00165628 -0.00205564 -0.00201904 -0.00163085 -0.00202712 -0.0009303 -0.00125136 -0.00132391 -0.00174937 -0.000987237 -0.00108965 -0.000528748 -0.00121668 -0.00188375 -0.00124111 -0.00166291 
-0.00298091 -0.00237946 -0.0017409 -0.00185801 -0.00239441 -0.00222071 -0.00130023 -0.00271123 -0.00156927 -0.00177948 -0.00215486 -0.000766826 -0.000188848 -0.00144751 -0.00242716 -0.000756832 -0.00150553 -0.00127729 -0.00285551 -0.00203737 -0.0025892 -0.00195001 -0.00222324 -0.00221435 -0.00116765 -0.00238159 0.00170322 0.00165447 0.00188513 0.00362093 0.00204375 0.132061 0.00245008 0.0028323 0.00202083 0.00168021 0.00176309 -0.00126031 -0.000922174 -0.00156776 -0.00132065 -0.0018376 -0.001921 -0.00146557 -0.00144882 -0.00114113 -0.00185095 -0.0015544 -0.00219213 -0.00165947 -0.00165003 -0.00146607 -0.00180089 -0.00198131 -0.00167213 -0.00185101 -0.00259461 -0.000841073 -0.00216257 -0.00151274 -0.00138234 -0.00184452 -0.00142877 -0.00185816 -0.00120683 -0.00184948 -0.00213122 -0.00152083 -0.00185655 -0.00139842 -0.00162124 -0.00178562 -0.00142216 -0.00153569 -0.00154897 -0.00162953 -0.0017877 -0.00122738 -0.00189264 -0.00154877 -0.00217423 -0.00161639 -0.00159392 -0.00178257 -0.00232327 -0.00228832 -0.00138872 -0.00190022 -0.00125198 -0.0019172 -0.000828861 -0.00171454 -0.0023183 -0.00136638 -0.00078729 -0.00220253 -0.00169496 -0.002342 -0.00147512 -0.0017183 
-0.0010351 -0.0010752 -0.00102007 -0.000885868 -0.00164405 -0.00105313 -0.00170543 -0.000657733 -0.00166055 -0.00209359 -0.00180135 -0.00162298 -0.00208202 -0.00224312 -0.00192636 -0.00183208 -0.00277339 -0.00190728 -0.00215952 -0.00226984 -0.0026155 -0.00206182 -0.00210517 -0.00220422 -0.00160047 -0.00214097 -0.00197921 0.000912165 0.0025384 0.00163113 0.00158436 0.00245008 0.127942 0.00281383 0.00251336 0.00232101 0.002305 0.0021543 -0.00138511 -0.00134953 -0.000944643 -0.00143629 -0.00176038 -0.00184308 -0.00143094 -0.00251672 -0.0019511 -0.000948647 -0.00129315 -0.00177129 -0.00176904 -0.00180245 -0.00191218 -0.00161087 -0.0021029 -0.00168848 -0.00123626 -0.00144634 -0.00188762 -0.00151205 -0.00228969 -0.00275284 -0.00186493 -0.0020613 -0.0017168 -0.00226051 -0.00147078 -0.00194334 -0.00173072 -0.00181158 -0.00183362 -0.00218934 -0.00173293 -0.00201216 -0.00162848 -0.00132498 -0.0016317 -0.000585532 -0.00139877 -0.000112699 -0.00148042 -0.00134425 -0.000756201 -0.00224455 -0.00118191 -0.00150836 -0.00172286 -0.00175271 -0.00179948 -0.00094309 -0.00181356 -0.00124834 -0.00174836 -0.00180301 -0.00164906 -0.0018348 -0.00198046 -0.00199277 -0.00116785 -0.00108636 
