0.118776 0.00233744 0.00210728 0.00258558 0.00118064 0.0020519 -0.000888456 -0.00125155 -0.00149032 -0.00109827 -0.00178128 -0.00215712 -0.000942568 -0.00115921 -0.00188675 -0.000975741 -0.00192769 -0.00107427 -0.00189588 -0.000855102 -0.00224159 -0.000692571 -0.0015741 -0.00136654 -0.00215464 -0.00130639 -0.00147972 -0.00137575 -0.00128252 -0.00125677 -0.00200402 -0.00127673 -0.00184513 -0.00160538 -0.00218086 -0.00172711 -0.00184083 -0.00258543 -0.00217381 -0.00146216 -0.0015039 -0.00176867 -0.00126494 -0.00152444 -0.00129808 -0.00166931 -0.00174028 -0.00129145 -0.0012946 -0.00144366 -0.000647606 -0.00138745 -0.000652832 -0.00160459 -0.00173427 -0.00160321 -0.00113695 -0.0014408 -0.00148566 -0.0014057 -0.00105643 -0.00132114 -0.00128697 -0.000815425 -0.00141377 -0.00168785 -0.0017761 -0.00235684 -0.00171604 -0.00189092 -0.00177581 -0.00131302 -0.00190942 -0.00189584 -0.00125035 -0.0011751 -0.00101347 -0.00183692 -0.00150398 -0.00154923 -0.00130961 -0.00224838 -0.00163913 -0.0011067 -0.00189384 -0.00215737 -0.00235218 -0.00080653 -0.00114053 -0.00127104 -0.00146813 -0.00136936 -0.000937187 -0.00122556 -0.00155785 -0.00113862 0.00140414 0.00152396 0.00215323 0.000760916 
0.00233744 0.120482 0.00239821 0.00263103 0.00217333 0.00245192 0.00165191 -0.00103631 -0.00148579 -0.00161249 -0.00179988 -0.00247792 -0.00150248 -0.00189284 -0.00187453 -0.00248919 -0.00229791 -0.00132509 -0.0014622 -0.00190275 -0.0014196 -0.00230078 -0.00185159 -0.00187089 -0.00204668 -0.00257883 -0.00193664 -0.00137722 -0.00197188 -0.001993 -0.0019911 -0.00132536 -0.00185262 -0.00202548 -0.00150457 -0.00207408 -0.00138157 -0.00186275 -0.00149345 -0.00166245 -0.00134697 -0.00109745 -0.00171302 -0.00154097 -0.00130959 -0.00153864 -0.00110907 -0.00154586 -0.00213831 -0.00151514 -0.00118566 -0.00116699 -0.00108858 -0.00110303 -0.00112075 -0.00154594 -0.00191501 -0.00124424 -0.0013756 -0.00106806 -0.0015463 -0.00162041 -0.000262629 -0.00167284 -0.00068411 -0.00168978 -0.00168268 -0.00117974 -0.00183735 -0.00154145 -0.00146429 -0.00143391 -0.00166115 -0.00244598 -0.00135225 -0.00120664 -0.00120553 -0.00109121 -0.00156526 -0.000991907 -0.00167568 -0.00144446 -0.00107812 -0.00127601 -0.00169551 -0.0019375 -0.00168072 -0.00113251 -0.000923191 -0.00165916 -0.00156894 -0.00164062 -0.00152635 -0.0020316 -0.0006814 -0.00146939 -0.00117775 0.00156423 0.00191813 0.00247513 
0.00210728 0.00239821 0.122522 0.00171936 0.00217815 0.0023242 0.00196659 0.00244451 -0.000911707 -0.00104525 -0.0020179 -0.00180496 -0.00113929 -0.00144351 -0.00247613 -0.00248281 -0.0015679 -0.00172547 -0.00175461 -0.00164212 -0.00147929 -0.00227299 -0.0022682 -0.00190793 -0.00252671 -0.00111038 -0.00126115 -0.00158422 -0.0012735 -0.00145252 -0.00212287 -0.0012147 -0.00176602 -0.00158935 -0.00149997 -0.00133909 -0.0015478 -0.00139441 -0.000876608 -0.00153076 -0.00139375 -0.0015985 -0.00165248 -0.00223873 -0.00132063 -0.000975943 -0.00217224 -0.000907037 -0.00192177 -0.00146224 -0.00180362 -0.00238822 -0.00202247 -0.00133998 -0.00112481 -0.00150268 -0.0015933 -0.000699599 -0.00145941 -0.00154729 -0.00167936 -0.00188611 -0.00153985 -0.00150976 -0.00147503 -0.00139916 -0.00130483 -0.0016494 -0.00147519 -0.00163545 -0.00144381 -0.00140428 -0.00201308 -0.00183177 -0.00145977 -0.00186759 -0.00111181 -0.00140138 -0.00147846 -0.000895353 -0.00093321 -0.00205612 -0.00147447 -0.00198121 -0.00124956 -0.00133947 -0.00168579 -0.00194146 -0.00186537 -0.00167809 -0.00161961 -0.00192865 -0.00165674 -0.00143128 -0.00150027 -0.00162185 -0.00104926 -0.000785245 0.0018208 0.00193239 
0.00258558 0.00263103 0.00171936 0.129087 0.0023748 0.00233749 0.00141281 0.00179219 0.00177091 -0.00138548 -0.00170312 -0.00180666 -0.000792244 -0.00113055 -0.0022944 -0.0017309 -0.00202303 -0.00189286 -0.00184264 -0.00184944 -0.0013079 -0.00177698 -0.00206249 -0.00154348 -0.00238015 -0.00090069 -0.00133587 -0.00152048 -0.00157282 -0.00257773 -0.00192902 -0.00241201 -0.00263019 -0.003092 -0.00202693 -0.00140493 -0.00257577 -0.00145207 -0.00181174 -0.00183165 -0.00121199 -0.00231936 -0.00169192 -0.00124467 -0.00210856 -0.00194237 -0.00182318 -0.00126865 -0.00174716 -0.00155036 -0.00116723 -0.00155433 -0.000942318 -0.00199827 -0.00151552 -0.00213442 -0.00177206 -0.0013721 -0.00161079 -0.00174155 -0.00159616 -0.00111845 -0.00148332 -0.00177134 -0.00108691 -0.00065197 -0.0014022 -0.00201796 -0.00129333 -0.00143822 -0.00190404 -0.00107677 -0.000871511 -0.00155277 -0.00181253 -0.0011185 -0.00178755 -0.00164201 -0.00214063 -0.00164954 -0.000777295 -0.00123533 -0.000988086 -0.00196905 -0.00161107 -0.00168539 -0.00115234 -0.00166082 -0.000700078 -0.000886545 -0.00202537 -0.000996203 -0.00221178 -0.00172514 -0.00203853 -0.00168767 -0.00192698 -0.00142284 -0.00121201 0.000930591 
0.00118064 0.00217333 0.00217815 0.0023748 0.117527 0.00259395 0.0021032 0.00309173 0.00206948 0.0019475 -0.00103317 -0.00171301 -0.0018515 -0.00177904 -0.00216121 -0.00221682 -0.00155159 -0.00131026 -0.00198391 -0.00202014 -0.00107962 -0.00152864 -0.000752173 -0.00139162 -0.00167879 -0.00149892 -0.00221781 -0.00141756 -0.00227166 -0.00203918 -0.00226279 -0.00116934 -0.00233361 -0.00199677 -0.00237006 -0.00189846 -0.00272322 -0.00204038 -0.00179414 -0.00125793 -0.0011952 -0.00167609 -0.0020717 -0.0014042 -0.00104427 -0.00100974 -0.00192233 -0.00135475 -0.0010975 -0.00104372 -0.00107168 -0.00103032 -0.00171573 -0.000975666 -0.00138823 -0.00169497 -0.00122181 -0.00106191 -0.00204117 -0.00114902 -0.00143063 -0.00108521 -0.000869207 -0.00082241 -0.00154679 -0.00109456 -0.00136603 -0.00146977 -0.00180375 -0.0012349 -0.00149334 -0.000385802 -0.00142971 -0.00158945 -0.00218825 -0.0016463 -0.00177368 -0.00171911 -0.00141509 -0.00204999 -0.00194149 -0.00150874 -0.00204386 -0.00155258 -0.00154365 -0.00179311 -0.00149879 -0.00115649 -0.00124941 -0.000443946 -0.00144581 -0.00128672 -0.0017076 -0.000761015 -0.00148543 -0.00102365 -0.0012639 -0.0020259 -0.00118341 -0.00139741 
0.0020519 0.00245192 0.0023242 0.00233749 0.00259395 0.127938 0.00310938 0.00268319 0.00220913 0.00257497 0.00190026 -0.00178444 -0.00152496 -0.001973 -0.00191192 -0.00232766 -0.00213067 -0.00190829 -0.000619498 -0.00163049 -0.00258758 -0.00294372 -0.00195755 -0.00250041 -0.00275519 -0.00141994 -0.0023615 -0.00224318 -0.0024897 -0.00163843 -0.00214374 -0.00212797 -0.00151802 -0.00167037 -0.0024637 -0.00149593 -0.00193806 -0.00115039 -0.00155798 -0.00144789 -0.000551786 -0.00143692 -0.00202899 -0.00198392 -0.00198857 -0.0010613 -0.0015613 -0.00129509 -0.00146655 -0.00143212 -0.00210349 -0.00189889 -0.00166679 -0.00146222 -0.00191321 -0.00275407 -0.00191628 -0.00156753 -0.00115601 -0.00174883 -0.00198478 -0.00137112 -0.0011509 -0.00114195 -0.00152391 -0.00119662 -0.00146473 -0.00217195 -0.00203455 -0.00197766 -0.00163892 -0.00213021 -0.00106717 -0.0015071 -0.00123891 -0.00168818 -0.00106786 -0.00162549 -0.00170103 -0.00118466 -0.000925072 -0.00210428 -0.000808818 -0.00185344 -0.00130291 -0.00207237 -0.00197609 -0.00215032 -0.00118752 -0.00183589 -0.00149092 -0.00114536 -0.00165021 -0.00234918 -0.00158138 -0.00209404 -0.00190606 -0.000889372 -0.00176477 -0.00100267 
-0.000888456 0.00165191 0.00196659 0.00141281 0.0021032 0.00310938 0.132347 0.00282216 0.00230504 0.00168914 0.00262001 0.00192766 -0.00161453 -0.00134936 -0.00200761 -0.00238134 -0.00131304 -0.00224629 -0.00217711 -0.0018298 -0.00248765 -0.000745221 -0.00193044 -0.00229678 -0.00223476 -0.0017372 -0.00165335 -0.0018079 -0.00193153 -0.00167798 -0.00273461 -0.00092249 -0.00206263 -0.00155312 -0.00182525 -0.00187198 -0.00226602 -0.00132626 -0.00197343 -0.0011316 -0.00140752 -0.00207821 -0.00195194 -0.00175813 -0.00115699 -0.00160159 -0.00150833 -0.00194388 -0.00180496 -0.000644898 -0.00116497 -0.00185888 -0.00197096 -0.001688 -0.00153304 -0.00201148 -0.0016357 -0.00251912 -0.00278477 -0.00222165 -0.00278173 -0.00159822 -0.00195838 -0.00196476 -0.00134765 -0.000890036 -0.00178168 -0.0013604 -0.00177528 -0.00220355 -0.00128979 -0.00209795 -0.00105813 -0.00200653 -0.00177345 -0.00200288 -0.00142532 -0.00152773 -0.00163971 -0.0020282 -0.00114801 -0.00161898 -0.00179228 -0.00256177 -0.00106359 -0.00201851 -0.00193462 -0.00126974 -0.0014175 -0.000871945 -0.00169045 -0.00140921 -0.0019637 -0.00183407 -0.001209 -0.00143194 -0.00128341 -0.00247001 -0.00175923 -0.00147249 
-0.00125155 -0.00103631 0.00244451 0.00179219 0.00309173 0.00268319 0.00282216 0.134584 0.00252479 0.00295376 0.00306498 0.00316007 0.00173102 -0.000986388 -0.00242531 -0.00154513 -0.00233867 -0.00228887 -0.00188398 -0.00148588 -0.00239178 -0.00157061 -0.000882102 -0.0031875 -0.00169389 -0.00173539 -0.00168946 -0.00254923 -0.00272243 -0.00180936 -0.00234077 -0.00252397 -0.00251442 -0.00242754 -0.00224091 -0.00163197 -0.00234463 -0.0012092 -0.00197829 -0.0019109 -0.00146733 -0.00193199 -0.00263112 -0.00205158 -0.00166179 -0.00204551 -0.00175779 -0.00237658 -0.00114846 -0.00223071 -0.00111259 -0.00108448 -0.00108943 -0.00243409 -0.00102362 -0.0016113 -0.00232366 -0.00220283 -0.0025904 -0.0024829 -0.00228191 -0.00198221 -0.00191624 -0.00211525 -0.00216355 -0.00087578 -0.00150263 -0.0020072 -0.00173444 -0.00180013 -0.00115978 -0.00118726 -0.001439 -0.0021006 -0.00126689 -0.00227826 -0.00148675 -0.00216196 -0.00134262 -0.00174227 -0.00132361 -0.00139374 -0.00181713 -0.00141865 -0.00180488 -0.00120879 -0.00181248 -0.00152838 -0.00121759 -0.00173444 -0.00260427 -0.00112212 -0.00163738 -0.00120616 -0.00195934 -0.00236395 -0.00174095 -0.00204095 -0.00085429 -0.00166429 
-0.00149032 -0.00148579 -0.000911707 0.00177091 0.00206948 0.00220913 0.00230504 0.00252479 0.136163 0.00170724 0.00193815 0.00268447 0.00312338 0.00231486 -0.0010708 -0.000981716 -0.00139504 -0.00154298 -0.0034074 -0.00152987 -0.0017662 -0.00215463 -0.00189185 -0.00190018 -0.0018504 -0.00238 -0.000919796 -0.00140761 -0.00236743 -0.00277002 -0.00298227 -0.00253099 -0.00235853 -0.00164831 -0.00127369 -0.0013453 -0.00139098 -0.00119049 -0.00163116 -0.00255599 -0.00181506 -0.00115366 -0.00211962 -0.00187281 -0.00149917 -0.00214759 -0.00211188 -0.00232404 -0.00193495 -0.00211574 -0.00149265 -0.000918748 -0.00266953 -0.00239423 -0.00148658 -0.00205138 -0.000958426 -0.00216658 -0.0016089 -0.00264624 -0.00140372 -0.00165228 -0.00204396 -0.00110616 -0.00101088 -0.00130922 -0.00150305 -0.00172305 -0.00255987 -0.00169636 -0.00224487 -0.000880063 -0.00197353 -0.00192635 -0.00175824 -0.00142883 -0.0019736 -0.00142414 -0.00205618 -0.00117769 -0.00169824 -0.00245069 -0.00178519 -0.00172843 -0.00248173 -0.00183231 -0.00241766 -0.00237028 -0.00189092 -0.000874467 -0.00223558 -0.000916246 -0.00108767 -0.00226921 -0.00146102 -0.00175679 -0.00204607 -0.00181522 -0.00124662 -0.001975 
-0.00109827 -0.00161249 -0.00104525 -0.00138548 0.0019475 0.00257497 0.00168914 0.00295376 0.00170724 0.127864 0.0035477 0.00353629 0.00352711 0.00202867 -0.00220783 -0.000677519 -0.000931475 -0.00263595 -0.00235039 -0.00271285 -0.00174758 -0.00245629 -0.00159335 -0.00222945 -0.00191425 -0.00182711 -0.00148172 -0.00193017 -0.00179594 -0.00131127 -0.00264027 -0.00167991 -0.00164174 -0.00174495 -0.00142996 -0.00119603 -0.00208197 -0.00212655 -0.00163475 -0.00116664 -0.00148465 -0.00210611 -0.00120324 -0.0016237 -0.00120442 -0.00154916 -0.0024512 -0.00177259 -0.00207866 -0.00246891 -0.00170988 -0.00138675 -0.00170677 -0.00171924 -0.00156703 -0.00184304 -0.00142747 -0.00175574 -0.00132561 -0.00247064 -0.0014654 -0.00172981 -0.0017395 -0.000970757 -0.0013248 -0.00200995 -0.00184754 -0.00181939 -0.00159577 -0.00104039 -0.00151997 -0.000638351 -0.00148936 -0.00134997 -0.0012043 -0.00150255 -0.00155355 -0.0021745 -0.00141955 -0.00216446 -0.0021506 -0.00171293 -0.0014383 -0.00102366 -0.00124427 -0.00154372 -0.00185892 -0.00172211 -0.00132648 -0.00180317 -0.00258057 -0.00182255 -0.00108809 -0.00192976 -0.00147019 -0.00194817 -0.00186385 -0.00203065 -0.00155383 -0.00156293 
-0.00178128 -0.00179988 -0.0020179 -0.00170312 -0.00103317 0.00190026 0.00262001 0.00306498 0.00193815 0.0035477 0.136141 0.00276193 0.00366167 0.00267985 0.00221045 0.0028397 -0.00105574 -0.00200105 -0.00268626 -0.00191108 -0.00280175 -0.00184942 -0.00233309 -0.00230647 -0.00255972 -0.00187969 -0.00169188 -0.00242084 -0.00213297 -0.00127193 -0.00199785 -0.00220245 -0.00291011 -0.00208401 -0.00209366 -0.00171165 -0.00238037 -0.001391 -0.00153881 -0.00139001 -0.00239208 -0.00237509 -0.00181719 -0.00261059 -0.00206014 -0.00151183 -0.00183682 -0.00186566 -0.00186831 -0.000952796 -0.00191486 -0.00138309 -0.00211021 -0.00190321 -0.0011658 -0.00231627 -0.00179896 -0.0020678 -0.00208824 -0.00255983 -0.00194168 -0.00144242 -0.00184571 -0.00203501 -0.00150656 -0.00261672 -0.002283 -0.0021459 -0.00232004 -0.00200273 -0.00207989 -0.00184565 -0.00174969 -0.0015422 -0.00156946 -0.000812505 -0.00262044 -0.000962043 -0.000896088 -0.00142646 -0.00184768 -0.0015008 -0.00186529 -0.00172216 -0.00158204 -0.00128476 -0.00161633 -0.00152911 -0.00141291 -0.00157163 -0.00195726 -0.00142968 -0.00125062 -0.00279967 -0.0010187 -0.00180047 -0.000984629 -0.00128081 -0.00249188 -0.00123948 
-0.00215712 -0.00247792 -0.00180496 -0.00180666 -0.00171301 -0.00178444 0.00192766 0.00316007 0.00268447 0.00353629 0.00276193 0.141435 0.00390182 0.0040386 0.00222128 0.00172763 0.00342123 -0.0021846 -0.00229503 -0.0016431 -0.00189738 -0.00156438 -0.00216509 -0.00309016 -0.00188553 -0.00235522 -0.0023542 -0.00214934 -0.00266561 -0.00193544 -0.00346579 -0.00278196 -0.00183092 -0.00233985 -0.00251314 -0.00229443 -0.00168923 -0.002023 -0.00168734 -0.00243796 -0.00181943 -0.00192177 -0.0019287 -0.00115297 -0.00150445 -0.00189784 -0.0025023 -0.000997663 -0.00162397 -0.00143109 -0.00142916 -0.00155726 -0.00148352 -0.00180427 -0.00159532 -0.00176391 -0.00214409 -0.00137798 -0.000973632 -0.00229171 -0.00262941 -0.0017131 -0.00127889 -0.00173348 -0.00183469 -0.0011186 -0.00236983 -0.00188778 -0.00227278 -0.00167909 -0.00199665 -0.00200859 -0.00192227 -0.00136775 -0.0011225 -0.0022259 -0.00197421 -0.00182139 -0.00213351 -0.0017411 -0.00187504 -0.00253003 -0.0023104 -0.00213416 -0.00240496 -0.00143641 -0.00227932 -0.00172684 -0.00196286 -0.00173556 -0.00115463 -0.00176446 -0.00140182 -0.00214189 -0.00164157 -0.00089096 -0.00270749 -0.00127275 -0.00182088 -0.00259888 
-0.000942568 -0.00150248 -0.00113929 -0.000792244 -0.0018515 -0.00152496 -0.00161453 0.00173102 0.00312338 0.00352711 0.00366167 0.00390182 0.138409 0.00369265 0.00235014 0.00321213 0.0025681 -0.00221903 -0.00154914 -0.00142359 -0.00240779 -0.0033249 -0.00248413 -0.00285509 -0.00240664 -0.00103366 -0.00145893 -0.00244424 -0.00173684 -0.00198783 -0.00140069 -0.00213191 -0.00156456 -0.00196671 -0.00148433 -0.00187873 -0.00220584 -0.00230726 -0.00181006 -0.000922486 -0.00188551 -0.00163787 -0.00154456 -0.00236792 -0.00181169 -0.00220216 -0.00176158 -0.00180238 -0.00204173 -0.00202315 -0.00159858 -0.00193052 -0.00222427 -0.00102171 -0.00228867 -0.00160343 -0.00127492 -0.00167643 -0.00117354 -0.00254578 -0.00213087 -0.00217515 -0.00179755 -0.00183074 -0.00205905 -0.00164095 -0.00192433 -0.00176537 -0.00155077 -0.00149878 -0.0020617 -0.00209524 -0.00201479 -0.00114655 -0.00145174 -0.00148249 -0.00197907 -0.00236722 -0.00185341 -0.00190748 -0.00190498 -0.00197314 -0.00126018 -0.00214477 -0.00280716 -0.00116379 -0.00142836 -0.00212068 -0.00172504 -0.00195884 -0.00261693 -0.00200598 -0.00219236 -0.00213709 -0.00128381 -0.00181044 -0.00177274 -0.00227693 -0.00187042 -0.00220142 
-0.00115921 -0.00189284 -0.00144351 -0.00113055 -0.00177904 -0.001973 -0.00134936 -0.000986388 0.00231486 0.00202867 0.00267985 0.0040386 0.00369265 0.140875 0.00153109 0.00357882 0.00396163 0.00177727 0.00215972 -0.00154839 -0.00273566 -0.00244351 -0.0015644 -0.00228631 -0.00283512 -0.00203306 -0.00230816 -0.00215033 -0.00178211 -0.00197361 -0.00152546 -0.00255386 -0.00138775 -0.00177205 -0.00303563 -0.00168079 -0.00244126 -0.00168853 -0.00139831 -0.00234846 -0.00211227 -0.00294018 -0.00194742 -0.00209893 -0.00202606 -0.00154984 -0.00199013 -0.0015237 -0.00232452 -0.00147058 -0.00137971 -0.00231267 -0.00181784 -0.00158347 -0.00173185 -0.0016857 -0.00142351 -0.00130126 -0.00247739 -0.00164403 -0.00178974 -0.00157971 -0.00235388 -0.00178092 -0.0026216 -0.00106099 -0.00182062 -0.00220731 -0.00156401 -0.000880536 -0.00123544 -0.00230629 -0.00235334 -0.00211783 -0.00176106 -0.00200929 -0.00202685 -0.00159951 -0.00211947 -0.00169718 -0.000971111 -0.00220759 -0.00148264 -0.0018992 -0.00294749 -0.0019121 -0.00125394 -0.00153437 -0.0021314 -0.00226016 -0.00204589 -0.00137578 -0.0026728 -0.00206341 -0.00184255 -0.00184264 -0.00264869 -0.00219235 -0.00220974 -0.00171067 
-0.00188675 -0.00187453 -0.00247613 -0.0022944 -0.00216121 -0.00191192 -0.00200761 -0.00242531 -0.0010708 -0.00220783 0.00221045 0.00222128 0.00235014 0.00153109 0.140865 0.00282372 0.00337342 0.00250577 0.00305639 0.00323142 -0.000723426 -0.00110575 -0.00228966 -0.00131857 -0.00231036 -0.0017979 -0.00235639 -0.00201928 -0.00264216 -0.0015297 -0.00158427 -0.0018431 -0.00134112 -0.00183073 -0.00155463 -0.00220776 -0.00232681 -0.00283609 -0.00152824 -0.00136793 -0.00237281 -0.00165464 -0.00199669 -0.0021249 -0.00114982 -0.00269551 -0.00203914 -0.00154097 -0.00186674 -0.00153684 -0.0019825 -0.00181837 -0.00207072 -0.00166494 -0.00166305 -0.00135731 -0.00139986 -0.00147887 -0.00214301 -0.00165298 -0.00317371 -0.00206492 -0.00187925 -0.00123914 -0.00140668 -0.00161012 -0.00168435 -0.00191338 -0.00262237 -0.00180326 -0.00155222 -0.00147079 -0.0014331 -0.00101032 -0.00120627 -0.00207879 -0.00185647 -0.00104393 -0.00240744 -0.00182357 -0.00261253 -0.00126319 -0.00195908 -0.00132737 -0.00167778 -0.00172836 -0.00249378 -0.00176259 -0.00205662 -0.00121066 -0.00183521 -0.00204004 -0.00190707 -0.00197233 -0.00132438 -0.0018002 -0.00165403 -0.00213087 -0.00155673 -0.00153585 
-0.000975741 -0.00248919 -0.00248281 -0.0017309 -0.00221682 -0.00232766 -0.00238134 -0.00154513 -0.000981716 -0.000677519 0.0028397 0.00172763 0.00321213 0.00357882 0.00282372 0.143526 0.00287749 0.00286546 0.00127236 0.00320772 -0.00142254 -0.00129861 -0.00192739 -0.0027341 -0.00288658 -0.00234918 -0.00197973 -0.00241275 -0.000713152 -0.00138714 -0.00190721 -0.00154759 -0.00253589 -0.00200546 -0.00173761 -0.002463 -0.00259388 -0.00172575 -0.00160877 -0.00177658 -0.00141712 -0.00190592 -0.00150973 -0.00162649 -0.00252814 -0.00204207 -0.00253623 -0.00151152 -0.00223335 -0.00203235 -0.00122667 -0.00277041 -0.00145612 -0.0016186 -0.00154406 -0.00212344 -0.00198806 -0.00113709 -0.00190739 -0.00230113 -0.00226352 -0.00189563 -0.00182576 -0.00206057 -0.00192277 -0.00233059 -0.00253463 -0.00191479 -0.00168867 -0.00265535 -0.00233045 -0.00150182 -0.00143957 -0.00183038 -0.00146751 -0.00166812 -0.000620038 -0.00210501 -0.0020239 -0.00145125 -0.00136151 -0.0017293 -0.00273402 -0.00134685 -0.00248862 -0.00154175 -0.00124796 -0.0013488 -0.00154188 -0.00197186 -0.00237597 -0.00173151 -0.00204256 -0.00164418 -0.00176062 -0.00214324 -0.00232887 -0.000929054 -0.002246 -0.00164883 
-0.00192769 -0.00229791 -0.0015679 -0.00202303 -0.00155159 -0.00213067 -0.00131304 -0.00233867 -0.00139504 -0.000931475 -0.00105574 0.00342123 0.0025681 0.00396163 0.00337342 0.00287749 0.150476 0.00333675 0.00188423 0.00298893 0.00356544 0.0026096 -0.00190177 -0.00195114 -0.00348201 -0.00392404 -0.00248079 -0.00238156 -0.00151935 -0.00215093 -0.00213474 -0.00236419 -0.00093136 -0.00197966 -0.00153803 -0.00166612 -0.00302205 -0.00204509 -0.00183527 -0.00131536 -0.00149031 -0.00207927 -0.00106147 -0.00209207 -0.0014498 -0.00228917 -0.00217454 -0.00172572 -0.00151557 -0.00231704 -0.00228464 -0.0028153 -0.00310999 -0.00174273 -0.00164602 -0.00214972 -0.00310174 -0.00187706 -0.00279355 -0.00142386 -0.00172874 -0.00165311 -0.00190887 -0.00174594 -0.00223005 -0.00137844 -0.0027347 -0.00168152 -0.00191014 -0.00242442 -0.00246343 -0.00270732 -0.00172012 -0.00166268 -0.00150457 -0.00221295 -0.00193938 -0.0033193 -0.00180406 -0.00227205 -0.0024857 -0.0031719 -0.00151887 -0.00250279 -0.00248915 -0.00166993 -0.002382 -0.0019641 -0.00185979 -0.00173845 -0.00210306 -0.00194206 -0.00162063 -0.00198638 -0.00223372 -0.00218469 -0.00165748 -0.00201234 -0.0023971 -0.00184547 
-0.00107427 -0.00132509 -0.00172547 -0.00189286 -0.00131026 -0.00190829 -0.00224629 -0.00228887 -0.00154298 -0.00263595 -0.00200105 -0.0021846 -0.00221903 0.00177727 0.00250577 0.00286546 0.00333675 0.140827 0.00214527 0.00376427 0.00377099 0.00267873 0.0020963 -0.00172753 -0.00166657 -0.00264528 -0.00182592 -0.00265379 -0.00152296 -0.00179244 -0.00216258 -0.00252312 -0.0021652 -0.00229965 -0.00327319 -0.00142796 -0.00289312 -0.00217803 -0.00282782 -0.00192022 -0.00284405 -0.00126647 -0.00113565 -0.00175447 -0.00066676 -0.00179901 -0.00188116 -0.000917081 -0.00186665 -0.00104879 -0.00119375 -0.00219574 -0.00141037 -0.00159569 -0.00187099 -0.00163673 -0.000972149 -0.00232735 -0.00142019 -0.00172671 -0.00154814 -0.00251373 -0.00130073 -0.0021805 -0.00236758 -0.00155667 -0.00219563 -0.00232917 -0.00215983 -0.00233962 -0.00276709 -0.00160195 -0.00130978 -0.00172931 -0.00141133 -0.00229059 -0.00175835 -0.00225397 -0.00226755 -0.00185941 -0.00186792 -0.00155039 -0.00190216 -0.00230654 -0.00160955 -0.00150473 -0.00221374 -0.00146447 -0.0011349 -0.00302376 -0.00115111 -0.00194387 -0.00206914 -0.00149467 -0.0011518 -0.00110612 -0.00159686 -0.000587804 -0.000742496 -0.00221495 
-0.00189588 -0.0014622 -0.00175461 -0.00184264 -0.00198391 -0.000619498 -0.00217711 -0.00188398 -0.0034074 -0.00235039 -0.00268626 -0.00229503 -0.00154914 0.00215972 0.00305639 0.00127236 0.00188423 0.00214527 0.152136 0.00345227 0.00336249 0.0044933 0.00235155 -0.00294021 -0.00172277 -0.00133655 -0.00167417 -0.00192951 -0.00188555 -0.00287262 -0.00176914 -0.00207181 -0.002162 -0.00260921 -0.00261039 -0.00217914 -0.00271688 -0.00136438 -0.00213827 -0.00220429 -0.00220394 -0.00130151 -0.00262439 -0.00121984 -0.00116711 -0.00223332 -0.00110999 -0.00157986 -0.000917104 -0.00192066 -0.00191619 -0.00109154 -0.00281782 -0.00218414 -0.00246367 -0.00198155 -0.00228032 -0.00184164 -0.00165354 -0.00231273 -0.00242997 -0.00158101 -0.00172202 -0.00329897 -0.00195007 -0.00163486 -0.00206766 -0.00161034 -0.00308468 -0.00286294 -0.00172392 -0.00209789 -0.00203366 -0.00163089 -0.00245847 -0.00250652 -0.00205379 -0.00127448 -0.00189195 -0.00124092 -0.00146842 -0.00145092 -0.00211946 -0.00101962 -0.00173959 -0.00260016 -0.00168248 -0.0015654 -0.00144871 -0.00215002 -0.00195752 -0.00249076 -0.00228987 -0.00103996 -0.00166096 -0.00165787 -0.00246573 -0.00140547 -0.00238444 -0.00164509 
-0.000855102 -0.00190275 -0.00164212 -0.00184944 -0.00202014 -0.00163049 -0.0018298 -0.00148588 -0.00152987 -0.00271285 -0.00191108 -0.0016431 -0.00142359 -0.00154839 0.00323142 0.00320772 0.00298893 0.00376427 0.00345227 0.1455 0.00435518 0.00292925 0.00338902 0.00226352 0.00256172 -0.0021562 -0.00150848 -0.00163641 -0.00203563 -0.00211624 -0.00261794 -0.00198537 -0.0020002 -0.00265202 -0.00364627 -0.00214298 -0.00191553 -0.00172341 -0.00225723 -0.00250472 -0.00194513 -0.000902748 -0.00260771 -0.00162582 -0.00260284 -0.00245303 -0.00252921 -0.00202315 -0.00212623 -0.00152384 -0.00201311 -0.00216398 -0.00278324 -0.0021843 -0.00201225 -0.00199945 -0.0027069 -0.00214053 -0.00187146 -0.00209059 -0.00236977 -0.00279996 -0.00147686 -0.00230103 -0.00300094 -0.00155093 -0.00261427 -0.00194313 -0.00183756 -0.00084859 -0.00152304 -0.00177817 -0.00175148 -0.0020279 -0.00138858 -0.00167965 -0.00168666 -0.00212263 -0.00166435 -0.00256386 -0.00198298 -0.00279402 -0.00225411 -0.00272105 -0.00105416 -0.00188456 -0.00261531 -0.00194454 -0.00215107 -0.000806359 -0.00193815 -0.00230309 -0.00211184 -0.00222938 -0.00159513 -0.00187289 -0.00256672 -0.000566791 -0.00239198 -0.00174083 
-0.00224159 -0.0014196 -0.00147929 -0.0013079 -0.00107962 -0.00258758 -0.00248765 -0.00239178 -0.0017662 -0.00174758 -0.00280175 -0.00189738 -0.00240779 -0.00273566 -0.000723426 -0.00142254 0.00356544 0.00377099 0.00336249 0.00435518 0.148134 0.00376663 0.00259539 0.00291264 0.00264906 0.00215444 -0.00159598 -0.00208883 -0.00253887 -0.00105787 -0.00246718 -0.00219478 -0.00136839 -0.00249903 -0.00172468 -0.00230652 -0.00136427 -0.00320601 -0.0026692 -0.00208638 -0.00174583 -0.00180864 -0.00291917 -0.00176982 -0.00197416 -0.00234598 -0.00188078 -0.00178059 -0.00149635 -0.00139563 -0.00187497 -0.00107533 -0.00268953 -0.00151768 -0.00219206 -0.00193238 -0.00168112 -0.00223528 -0.00142737 -0.00211541 -0.00233826 -0.00145536 -0.0027906 -0.00122738 -0.00119116 -0.0017133 -0.00243242 -0.00206766 -0.0010789 -0.00171273 -0.00222838 -0.00201673 -0.00194391 -0.00157091 -0.00163608 -0.0021664 -0.00220184 -0.00151513 -0.002239 -0.00263315 -0.00131069 -0.00240631 -0.00158361 -0.00221989 -0.00187582 -0.0014562 -0.0018088 -0.00266711 -0.00304082 -0.00150885 -0.00194747 -0.00210231 -0.00191027 -0.00269813 -0.00205484 -0.00166506 -0.00218463 -0.00327945 -0.00259979 -0.00126309 
-0.000692571 -0.00230078 -0.00227299 -0.00177698 -0.00152864 -0.00294372 -0.000745221 -0.00157061 -0.00215463 -0.00245629 -0.00184942 -0.00156438 -0.0033249 -0.00244351 -0.00110575 -0.00129861 0.0026096 0.00267873 0.0044933 0.00292925 0.00376663 0.146562 0.00334416 0.00265143 0.00370413 0.00247295 -0.00117042 -0.00173796 -0.00212136 -0.00243513 -0.00188782 -0.00207988 -0.00178475 -0.00283837 -0.00179736 -0.0032207 -0.00254528 -0.0021841 -0.00178126 -0.00151495 -0.00259798 -0.000858079 -0.00165549 -0.00241852 -0.0022832 -0.00259598 -0.00314034 -0.00249917 -0.00107317 -0.00143912 -0.00228034 -0.00117161 -0.00227146 -0.00166834 -0.00154403 -0.00158869 -0.00222439 -0.00239752 -0.00151708 -0.00114571 -0.00270983 -0.00168878 -0.00234766 -0.00195029 -0.0016308 -0.00160168 -0.00215228 -0.00172578 -0.00239302 -0.00204336 -0.00207006 -0.00209843 -0.00263555 -0.00194482 -0.00233556 -0.00153913 -0.00155265 -0.00156588 -0.00253401 -0.00254472 -0.00146601 -0.00134077 -0.00241511 -0.00170303 -0.00144847 -0.00157544 -0.00165666 -0.00243725 -0.00224319 -0.00164571 -0.00230503 -0.00265153 -0.00219952 -0.000898087 -0.00117775 -0.0019941 -0.0020302 -0.0018605 -0.00147218 -0.00212885 
-0.0015741 -0.00185159 -0.0022682 -0.00206249 -0.000752173 -0.00195755 -0.00193044 -0.000882102 -0.00189185 -0.00159335 -0.00233309 -0.00216509 -0.00248413 -0.0015644 -0.00228966 -0.00192739 -0.00190177 0.0020963 0.00235155 0.00338902 0.00259539 0.00334416 0.144226 0.00222127 0.00413606 0.00296066 0.00102165 -0.00128704 -0.0021937 -0.00144435 -0.00218679 -0.00243409 -0.00219324 -0.00236625 -0.00295743 -0.00267943 -0.00231808 -0.00266606 -0.00146048 -0.00246149 -0.00176282 -0.00203407 -0.00196679 -0.00222228 -0.00185706 -0.00197204 -0.00209818 -0.00130158 -0.00155394 -0.00135775 -0.00117754 -0.00144217 -0.0027822 -0.00199324 -0.00220372 -0.00192006 -0.00194999 -0.0020084 -0.00217193 -0.00206886 -0.00214416 -0.00144689 -0.0018535 -0.00213619 -0.00184352 -0.00135593 -0.00159905 -0.00152411 -0.00165507 -0.00215254 -0.00257752 -0.00147319 -0.00194268 -0.0018379 -0.00189395 -0.00261356 -0.00143056 -0.00182707 -0.00187382 -0.00158233 -0.00205735 -0.00146838 -0.00285825 -0.000770863 -0.00136553 -0.00245233 -0.00139057 -0.00153425 -0.00214222 -0.00185739 -0.000936258 -0.00209403 -0.00115529 -0.00274124 -0.001399 -0.00178286 -0.00102243 -0.00136607 -0.00167038 -0.0015915 
-0.00136654 -0.00187089 -0.00190793 -0.00154348 -0.00139162 -0.00250041 -0.00229678 -0.0031875 -0.00190018 -0.00222945 -0.00230647 -0.00309016 -0.00285509 -0.00228631 -0.00131857 -0.0027341 -0.00195114 -0.00172753 -0.00294021 0.00226352 0.00291264 0.00265143 0.00222127 0.143539 0.00324987 0.00333822 0.00255137 0.00292028 -0.00223861 -0.000569257 -0.00160035 -0.00117578 -0.00179966 -0.00153397 -0.000827941 -0.00187616 -0.00241212 -0.00231196 -0.00183091 -0.00233677 -0.00252687 -0.00208867 -0.00191116 -0.00145923 -0.00267908 -0.00257371 -0.00125654 -0.0017022 -0.00184993 -0.00182684 -0.00252334 -0.0017426 -0.00101069 -0.00276012 -0.00179608 -0.00132773 -0.00118659 -0.00213159 -0.00181248 -0.00120894 -0.00151565 -0.00138431 -0.00217471 -0.00141271 -0.00132212 -0.00164771 -0.00217831 -0.0017949 -0.00185022 -0.00172842 -0.001035 -0.00207757 -0.000919462 -0.00225441 -0.00119067 -0.00182795 -0.00215328 -0.00165127 -0.00239811 -0.00191232 -0.00175434 -0.00194166 -0.000633239 -0.00292146 -0.0013587 -0.00165317 -0.00167269 -0.00253419 -0.00198509 -0.00138316 -0.000944966 -0.000884579 -0.00145587 -0.00129508 -0.00158907 -0.000746145 -0.00170971 -0.00195909 -0.00185742 -0.00164626 
-0.00215464 -0.00204668 -0.00252671 -0.00238015 -0.00167879 -0.00275519 -0.00223476 -0.00169389 -0.0018504 -0.00191425 -0.00255972 -0.00188553 -0.00240664 -0.00283512 -0.00231036 -0.00288658 -0.00348201 -0.00166657 -0.00172277 0.00256172 0.00264906 0.00370413 0.00413606 0.00324987 0.149422 0.00154661 0.00252562 0.00252013 0.00165112 0.00170794 -0.00257889 -0.00218546 -0.00297127 -0.00133043 -0.00257597 -0.00108574 -0.00201359 -0.00268109 -0.00137062 -0.00177352 -0.00141059 -0.00190146 -0.00240667 -0.0021264 -0.00190002 -0.000829578 -0.00247006 -0.0023533 -0.00263213 -0.0014932 -0.001782 -0.00109707 -0.00226302 -0.00173536 -0.0020113 -0.00238232 -0.0020131 -0.00264878 -0.00117304 -0.00241953 -0.00118715 -0.00130614 -0.000799384 -0.00202927 -0.00177417 -0.00133505 -0.00211267 -0.00210641 -0.00198702 -0.00267115 -0.00216612 -0.00304551 -0.00164766 -0.00162495 -0.00174942 -0.00164449 -0.00155473 -0.0017764 -0.00208319 -0.00221135 -0.0021605 -0.000995759 -0.00218059 -0.00171795 -0.00135961 -0.00202772 -0.00168242 -0.00130324 -0.00145608 -0.00202842 -0.00257093 -0.00271192 -0.00189999 -0.00215419 -0.00116038 -0.00121924 -0.00180944 -0.00175291 -0.00180459 -0.00225969 
-0.00130639 -0.00257883 -0.00111038 -0.00090069 -0.00149892 -0.00141994 -0.0017372 -0.00173539 -0.00238 -0.00182711 -0.00187969 -0.00235522 -0.00103366 -0.00203306 -0.0017979 -0.00234918 -0.00392404 -0.00264528 -0.00133655 -0.0021562 0.00215444 0.00247295 0.00296066 0.00333822 0.00154661 0.147205 0.00139295 0.00263416 0.00222989 0.00222585 0.00225261 -0.00125492 -0.00142452 -0.00163031 -0.00169804 -0.00210828 -0.00254364 -0.00232036 -0.00261175 -0.00274869 -0.001961 -0.00249238 -0.00184577 -0.00220434 -0.00226131 -0.00131 -0.00122762 -0.00175266 -0.00184668 -0.00142497 -0.00206361 -0.0020142 -0.00132903 -0.00281002 -0.00189676 -0.00190895 -0.00240939 -0.00244262 -0.00123634 -0.00202266 -0.00179565 -0.00211975 -0.00183453 -0.00221759 -0.00221431 -0.00150407 -0.00105207 -0.0018571 -0.00217144 -0.00125908 -0.00215704 -0.00192686 -0.00104931 -0.00123513 -0.00136442 -0.00213697 -0.00191867 -0.00219982 -0.00223602 -0.00272641 -0.00179563 -0.00254775 -0.00169062 -0.00157474 -0.00232566 -0.00136593 -0.00196588 -0.00181309 -0.00305996 -0.00211034 -0.00279479 -0.00205442 -0.00251093 -0.00168652 -0.00127387 -0.0011134 -0.0012305 -0.00189169 -0.00235227 -0.00147272 
-0.00147972 -0.00193664 -0.00126115 -0.00133587 -0.00221781 -0.0023615 -0.00165335 -0.00168946 -0.000919796 -0.00148172 -0.00169188 -0.0023542 -0.00145893 -0.00230816 -0.00235639 -0.00197973 -0.00248079 -0.00182592 -0.00167417 -0.00150848 -0.00159598 -0.00117042 0.00102165 0.00255137 0.00252562 0.00139295 0.129021 0.00196899 0.0013153 0.00279045 0.00206596 0.00329198 -0.00140122 -0.00185965 -0.00169469 -0.00113481 -0.00176063 -0.00181018 -0.00179005 -0.000431255 -0.00118328 -0.00177271 -0.0016791 -0.00234419 -0.00119844 -0.00155703 -0.00163707 -0.00174717 -0.0019623 -0.00184397 -0.00135251 -0.00136066 -0.00194835 -0.00103392 -0.00180104 -0.00168921 -0.00153704 -0.0017095 -0.00244804 -0.00203716 -0.00231748 -0.00196291 -0.00126881 -0.00217756 -0.00142476 -0.00105696 -0.00194958 -0.00162696 -0.00185673 -0.00205795 -0.00207305 -0.00204559 -0.00146383 -0.00154846 -0.00196161 -0.00148344 -0.00119375 -0.00175743 -0.00163764 -0.00183723 -0.00230131 -0.00138244 -0.00142363 -0.00191059 -0.00193884 -0.000849044 -0.00188442 -0.00117613 -0.00105958 -0.00184236 -0.00108137 -0.00154047 -0.00123774 -0.00132181 -0.00132609 -0.000783694 -0.00128649 -0.0019437 -0.00137487 -0.00111188 
-0.00137575 -0.00137722 -0.00158422 -0.00152048 -0.00141756 -0.00224318 -0.0018079 -0.00254923 -0.00140761 -0.00193017 -0.00242084 -0.00214934 -0.00244424 -0.00215033 -0.00201928 -0.00241275 -0.00238156 -0.00265379 -0.00192951 -0.00163641 -0.00208883 -0.00173796 -0.00128704 0.00292028 0.00252013 0.00263416 0.00196899 0.133398 0.00203842 0.00275423 0.00182877 0.00219418 0.0016494 -0.00187617 -0.00205189 -0.000742085 -0.001528 -0.00155499 -0.00165199 -0.00177116 -0.0004194 -0.00160493 -0.00191436 -0.00186182 -0.00146354 -0.00178763 -0.00221359 -0.00186743 -0.00189091 -0.00227151 -0.00180182 -0.00108735 -0.00169442 -0.0007104 -0.00100066 -0.00198124 -0.000745064 -0.00158378 -0.00187769 -0.00197739 -0.00223115 -0.00202527 -0.00154157 -0.00146631 -0.00177887 -0.000656662 -0.00123218 -0.00194145 -0.00287497 -0.00180415 -0.00138773 -0.00178731 -0.00164889 -0.00217559 -0.00135344 -0.00120985 -0.00156729 -0.000785556 -0.000986342 -0.00101517 -0.00186674 -0.00197982 -0.00142545 -0.00147176 -0.00208862 -0.00249703 -0.00247021 -0.00174755 -0.00214101 -0.00145476 -0.00206426 -0.00166361 -0.00132693 -0.00124221 -0.00130339 -0.0018629 -0.00136348 -0.00178523 -0.00180622 -0.00141868 
-0.00128252 -0.00197188 -0.0012735 -0.00157282 -0.00227166 -0.0024897 -0.00193153 -0.00272243 -0.00236743 -0.00179594 -0.00213297 -0.00266561 -0.00173684 -0.00178211 -0.00264216 -0.000713152 -0.00151935 -0.00152296 -0.00188555 -0.00203563 -0.00253887 -0.00212136 -0.0021937 -0.00223861 0.00165112 0.00222989 0.0013153 0.00203842 0.139129 0.00300595 0.00314302 0.00245972 0.00235502 0.00212097 -0.00112513 -0.00199663 -0.00280645 -0.00223121 -0.00208615 -0.00177376 -0.00118527 -0.0012285 -0.00207834 -0.00186579 -0.000803958 -0.00126693 -0.00127706 -0.00199143 -0.000849542 -0.00133776 -0.00135206 -0.00219844 -0.00120062 -0.00180213 -0.00233308 -0.00181655 -0.00120487 -0.00153731 -0.00188185 -0.00209614 -0.00246611 -0.00154885 -0.00216949 -0.00172003 -0.00181566 -0.00225875 -0.00134204 -0.00121442 -0.00229472 -0.00100949 -0.00197732 -0.00101649 -0.00153609 -0.00188972 -0.00191458 -0.00183159 -0.00221061 -0.00150403 -0.00208892 -0.00104681 -0.00230833 -0.0018331 -0.0017158 -0.00194223 -0.00228922 -0.00174493 -0.0010268 -0.00111043 -0.00158263 -0.00195867 -0.00155191 -0.00183776 -0.00149087 -0.00147867 -0.00146059 -0.00166878 -0.00141335 -0.00183909 -0.00230577 -0.00129835 
-0.00125677 -0.001993 -0.00145252 -0.00257773 -0.00203918 -0.00163843 -0.00167798 -0.00180936 -0.00277002 -0.00131127 -0.00127193 -0.00193544 -0.00198783 -0.00197361 -0.0015297 -0.00138714 -0.00215093 -0.00179244 -0.00287262 -0.00211624 -0.00105787 -0.00243513 -0.00144435 -0.000569257 0.00170794 0.00222585 0.00279045 0.00275423 0.00300595 0.133633 0.00234471 0.00230731 0.00231629 0.00284062 -0.00124557 -0.000581131 -0.00231507 -0.00114317 -0.000965792 -0.00220808 -0.00167561 -0.00242607 -0.00208088 -0.00168631 -0.00294075 -0.00123192 -0.00139855 -0.00247253 -0.00148233 -0.0013524 -0.00154697 -0.00129595 -0.00167787 -0.00179928 -0.00154701 -0.000620628 -0.00157825 -0.00149547 -0.00147097 -0.00246975 -0.00139239 -0.000851725 -0.001738 -0.00274996 -0.00102245 -0.00218407 -0.00168854 -0.00188066 -0.00146429 -0.00244457 -0.00237725 -0.00212865 -0.00204897 -0.00266526 -0.00240094 -0.00201161 -0.00222425 -0.00206946 -0.00199287 -0.00167436 -0.00220138 -0.001266 -0.00128556 -0.000645662 -0.00172279 -0.00173995 -0.00145942 -0.00140899 -0.00146357 -0.00143235 -0.00195299 -0.00140842 -0.0019287 -0.00152194 -0.00177676 -0.00140862 -0.00212471 -0.00117122 -0.00160257 -0.00163559 
-0.00200402 -0.0019911 -0.00212287 -0.00192902 -0.00226279 -0.00214374 -0.00273461 -0.00234077 -0.00298227 -0.00264027 -0.00199785 -0.00346579 -0.00140069 -0.00152546 -0.00158427 -0.00190721 -0.00213474 -0.00216258 -0.00176914 -0.00261794 -0.00246718 -0.00188782 -0.00218679 -0.00160035 -0.00257889 0.00225261 0.00206596 0.00182877 0.00314302 0.00234471 0.138211 0.00194807 0.00338439 0.00241661 0.00256442 0.00172129 -0.00147742 -0.0015905 -0.00126315 -0.00243307 -0.00234512 -0.00187063 -0.00186765 -0.00174348 -0.00218304 -0.00205374 -0.00229388 -0.00192274 -0.00106599 -0.00196426 -0.00171016 -0.00127734 -0.00149908 -0.0015625 -0.00211289 -0.00143565 -0.00085364 -0.00242518 -0.00117224 -0.00310251 -0.00102092 -0.00121 -0.00133424 -0.00150673 -0.00221713 -0.00132192 -0.00184912 -0.00279353 -0.00142087 -0.00180688 -0.00200581 -0.00123451 -0.00191582 -0.00166319 -0.001286 -0.00105975 -0.00198704 -0.002085 -0.00220124 -0.00084419 -0.00120874 -0.00223955 -0.0022897 -0.00161657 -0.00216956 -0.00144757 -0.00188052 -0.00124299 -0.00196626 -0.000314782 -0.00172479 -0.000879429 -0.00191263 -0.00135142 -0.00179952 -0.000913342 -0.00166861 -0.00195054 -0.00151759 -0.00135859 
-0.00127673 -0.00132536 -0.0012147 -0.00241201 -0.00116934 -0.00212797 -0.00092249 -0.00252397 -0.00253099 -0.00167991 -0.00220245 -0.00278196 -0.00213191 -0.00255386 -0.0018431 -0.00154759 -0.00236419 -0.00252312 -0.00207181 -0.00198537 -0.00219478 -0.00207988 -0.00243409 -0.00117578 -0.00218546 -0.00125492 0.00329198 0.00219418 0.00245972 0.00230731 0.00194807 0.128898 0.00404621 0.00298524 0.00199139 0.00200567 0.00222699 -0.00101312 -0.00117635 -0.00172617 -0.0012933 -0.0012651 -0.00139735 -0.00287988 -0.00199705 -0.0021544 -0.00148621 -0.00180124 -0.00210743 -0.00166698 -0.00172861 -0.00178912 -0.00202756 -0.00170356 -0.00192444 -0.00149246 -0.00145878 -0.00155242 -0.00168023 -0.00138906 -0.00200867 -0.00147061 -0.00125217 -0.00182426 -0.0011178 -0.00124606 -0.0016441 -0.00145824 -0.00203444 -0.00151498 -0.00188255 -0.00196936 -0.00174287 -0.00185292 -0.00198287 -0.00131819 -0.00119576 -0.00182629 -0.00146513 -0.0016521 -0.000529455 -0.00169019 -0.00215209 -0.00194382 -0.00206595 -0.00296115 -0.00185887 -0.00197995 -0.0016806 -0.00171533 -0.00167692 -0.00175964 -0.00217665 -0.000886247 -0.00125122 -0.00165058 -0.00111404 -0.00114963 -0.00155459 -0.000873415 
-0.00184513 -0.00185262 -0.00176602 -0.00263019 -0.00233361 -0.00151802 -0.00206263 -0.00251442 -0.00235853 -0.00164174 -0.00291011 -0.00183092 -0.00156456 -0.00138775 -0.00134112 -0.00253589 -0.00093136 -0.0021652 -0.002162 -0.0020002 -0.00136839 -0.00178475 -0.00219324 -0.00179966 -0.00297127 -0.00142452 -0.00140122 0.0016494 0.00235502 0.00231629 0.00338439 0.00404621 0.13171 0.00259225 0.0030775 0.00253975 0.00210791 0.00173691 -0.00195187 -0.00185854 -0.00148659 -0.00113176 -0.00210527 -0.0016507 -0.00184267 -0.00107802 -0.00171229 -0.00197308 -0.00228836 -0.00189769 -0.00120212 -0.00210015 -0.00187355 -0.000972819 -0.00106506 -0.00110815 -0.00129771 -0.00161284 -0.00185557 -0.00207114 -0.00106529 -0.0020149 -0.00146277 -0.00232858 -0.00201342 -0.00200655 -0.00134418 -0.000253667 -0.000649229 -0.0011808 -0.00172675 -0.00200108 -0.00141779 -0.00137945 -0.0016369 -0.000768315 -0.00217426 -0.00108907 -0.00231251 -0.00242451 -0.0019542 -0.00260853 -0.00154908 -0.00211233 -0.00204743 -0.00202457 -0.00160361 -0.00187663 -0.00219907 -0.00199476 -0.0021557 -0.002424 -0.00165897 -0.00190927 -0.00194071 -0.00152355 -0.00163404 -0.00109891 -0.00155185 -0.00196775 
