0.125696 0.00225607 0.00265105 0.00139274 0.00130821 0.00149242 -0.000678124 -0.00147678 -0.0019536 -0.00189947 -0.00168062 -0.00246383 -0.00207682 -0.0019693 -0.00249761 -0.00155593 -0.00181134 -0.00267634 -0.00207413 -0.00290568 -0.00200684 -0.00188793 -0.00248759 -0.00217738 -0.0022252 -0.00154759 -0.00276759 -0.00153606 -0.0020651 -0.00105644 -0.00193524 -0.00131069 -0.0021462 -0.0011923 -0.00150728 -0.00192786 -0.00174611 -0.00131331 -0.00205115 -0.00178507 -0.00163732 -0.00132905 -0.00199387 -0.00192827 -0.00156643 -0.0020413 -0.00195826 -0.00187512 -0.00134465 -0.00192628 -0.00155122 -0.00186294 -0.00165882 -0.00096103 -0.00104925 -0.00105932 -0.00122115 -0.00117642 -0.00143837 -0.00112463 -0.00056575 -0.00195421 -0.00151888 -0.00170838 -0.00193086 -0.00152511 -0.000767787 -0.00105846 -0.00137872 -0.0012369 -0.00145661 -0.000984495 -0.00143175 -0.00174082 -0.00172118 -0.0014373 -0.000512343 -0.00181777 -0.00112985 -0.00185691 -0.00161822 -0.00108038 -0.00111122 -0.0011586 -0.00191613 -0.00125447 -0.00143452 -0.00110809 -0.00131317 -0.00224496 -0.00206751 -0.000721838 -0.00145745 -0.00113809 -0.0010987 -0.000612946 0.00310206 0.00260999 0.00207245 0.00158559 
0.00225607 0.120139 0.00208606 0.00242016 0.00214012 0.00296015 0.00186677 -0.00153143 -0.0012781 -0.000735592 -0.00164532 -0.000749369 -0.00228684 -0.001578 -0.00207976 -0.00163491 -0.0020801 -0.00231803 -0.00138616 -0.00174989 -0.00130528 -0.00137883 -0.00289383 -0.00103272 -0.00244676 -0.00255406 -0.000604365 -0.00165894 -0.00186812 -0.000683087 -0.000467548 -0.00186511 -0.00210635 -0.00209547 -0.00122693 -0.00135473 -0.00178604 -0.00233433 -0.00159724 -0.00195749 -0.00132289 -0.00166564 -0.00206756 -0.00179631 -0.00240756 -0.00131628 -0.00180657 -0.00141043 -0.00159038 -0.00128248 -0.00181896 -0.00141538 -0.00133862 -0.00187035 -0.00026115 -0.000861816 -0.00210541 -0.00148326 -0.00152816 -0.00105817 -0.00148298 -0.00171734 -0.00143809 -0.00127193 -0.001766 -0.00151016 -0.00106631 -0.00161749 -0.00179542 -0.00170304 -0.00093498 -0.00119976 -0.00162997 -0.00167391 -0.0011111 -0.0018444 -0.00135237 -0.00182602 -0.00115057 -0.00210483 -0.000914512 -0.00162959 -0.0021444 -0.0010352 -0.00180835 -0.00184966 -0.0018199 -0.000995065 -0.00137942 -0.000798943 -0.0013735 -0.00199353 -0.00180474 -0.000991407 -0.00135253 -0.0010537 -0.000922268 0.00117745 0.00227117 0.00142432 
0.00265105 0.00208606 0.123827 0.00181815 0.00187992 0.00182179 0.00266644 0.00218089 -0.0013741 -0.00195328 -0.00155364 -0.00216923 -0.00174359 -0.00199132 -0.00149645 -0.00219443 -0.00196093 -0.00225826 -0.00228673 -0.00186635 -0.00203416 -0.00137045 -0.00220844 -0.00228538 -0.00123939 -0.00138457 -0.00150082 -0.00178876 -0.00177276 -0.0012164 -0.0014141 -0.00153134 -0.00204134 -0.000764355 -0.00198334 -0.00149186 -0.00260765 -0.00111019 -0.00174391 -0.0015381 -0.00227149 -0.00172743 -0.00225882 -0.00200678 -0.00210921 -0.00216525 -0.00183856 -0.00146092 -0.00228999 -0.00162884 -0.00158766 -0.00137124 -0.00221784 -0.00156032 -0.00178964 -0.00147443 -0.00132584 -0.00115247 -0.00105741 -0.00163927 -0.00115313 -0.00140856 -0.00128764 -0.00139918 -0.00176794 -0.00123678 -0.00101074 -0.00109811 -0.00233143 -0.00148258 4.32204e-05 -0.00153232 -0.00161552 -0.00140943 -0.0014346 -0.000774903 -0.00121658 -0.00276005 -0.00164545 -0.00108741 -0.00142448 -0.00102772 -0.00153794 -0.00189156 -0.0011841 -0.00235362 -0.0013748 -0.00147076 -0.0015134 -0.00179439 -0.000864204 -0.00111683 -0.000889843 -0.0010392 -0.00132278 -0.00162187 -0.000441731 -0.00142162 0.00171066 0.00206739 
0.00139274 0.00242016 0.00181815 0.109657 0.00173215 0.00207736 0.00237035 0.00158235 0.00184723 -0.000829628 -0.000969447 -0.00120806 -0.00129963 -0.00159283 -0.00234193 -0.0017882 -0.0016427 -0.00175031 -0.00195663 -0.00266292 -0.00204588 -0.00172796 -0.00125863 -0.00123407 -0.00116956 -0.00129824 -0.00147808 -0.000582773 -0.00183502 -0.00175603 -0.00157868 -0.00221347 -0.00155325 -0.00203392 -0.00152766 -0.00177455 -0.00134668 -0.00117332 -0.00180917 -0.00174094 -0.00115937 -0.00164549 -0.00117949 -0.00120611 -0.00176554 -0.0010857 -0.00150828 -0.00147199 -0.00211162 -0.00239189 -0.00127021 -0.00130075 -0.00133505 -0.000408885 -0.00167409 -0.00153535 -0.00137201 -0.000900036 -0.000758213 -0.00152608 -0.00148181 -0.00118633 -0.000627544 -0.00127587 -0.00142105 -0.000955765 -0.00127741 -0.00148807 -0.0016577 -0.00188062 -0.00146829 -0.00169409 -0.00127011 -0.00153452 -0.00147923 -0.000961007 -0.00117159 -0.000388801 -0.000980094 -0.00120305 -0.000994613 -0.00136759 -0.0014377 -0.00126334 -0.00122867 -0.00148909 -0.00168028 -0.00105147 -0.000851543 -0.00172779 -0.000997265 -0.00124049 -0.00106656 -0.00170581 -0.00123375 -0.00197385 -0.00154814 -0.000954071 -0.00142587 0.00252967 
0.00130821 0.00214012 0.00187992 0.00173215 0.126847 0.00142493 0.00315581 0.00133588 0.00174007 0.00206478 -0.00113352 -0.000987564 -0.00123715 -0.00182931 -0.0020937 -0.00223787 -0.00221241 -0.00140677 -0.00258928 -0.00248937 -0.00235603 -0.00136131 -0.00282516 -0.00211681 -0.00266805 -0.00172923 -0.00215717 -0.001755 -0.00173749 -0.00158068 -0.00210566 -0.00152947 -0.00191575 -0.00166278 -0.000785779 -0.00249376 -0.00160973 -0.00163243 -0.00233603 -0.00116788 -0.00206475 -0.0015222 -0.00161963 -0.000969448 -0.0011334 -0.00184256 -0.00101753 -0.00221543 -0.00182921 -0.00179314 -0.0022236 -0.00176241 -0.00166815 -0.0015036 -0.00114759 -0.00199031 -0.000917278 -0.00108662 -0.0015573 -0.00165525 -0.00195357 -0.00157325 -0.00143605 -0.00142966 -0.00154626 -0.00199263 -0.00119949 -0.0019645 -0.00167999 -0.00128953 -0.00165471 -0.0010696 -0.00175336 -0.00175519 -0.00112545 -0.00163835 -0.000761095 -0.00126591 -0.00130389 -0.00212134 -0.00138608 -0.000398127 -0.00147736 -0.00135015 -0.000972501 -0.0016824 -0.0013333 -0.0019242 -0.000852342 -0.000165715 -0.00164295 -0.000993817 -0.00144 -0.00120076 -0.00172804 -0.00246984 -0.00169055 -0.00110336 -0.00170278 -0.000338546 
0.00149242 0.00296015 0.00182179 0.00207736 0.00142493 0.125695 0.00210748 0.00215129 0.00208632 0.00158852 0.00266018 -0.00122829 -0.00082876 -0.00135089 -0.0023607 -0.00177651 -0.00137206 -0.0018064 -0.00140117 -0.00261713 -0.00147257 -0.00111882 -0.0014074 -0.00131565 -0.00221734 -0.00184819 -0.000923688 -0.00265469 -0.00186769 -0.00199937 -0.0019157 -0.00175258 -0.00189181 -0.00146575 -0.00188649 -0.00233358 -0.00180592 -0.00246343 -0.002211 -0.00250723 -0.00246616 -0.00191668 -0.00122749 -0.00115641 -0.00163662 -0.00210527 -0.00211545 -0.00222548 -0.00189352 -0.00155881 -0.00114717 -0.00124118 -0.00215441 -0.00126241 -0.000732822 -0.00135987 -0.00138743 -0.00164771 -0.000723666 -0.00129763 -0.00115077 -0.000527632 -0.00145915 -0.00184027 -0.00160341 -0.00179843 -0.00212538 -0.00162225 -0.001208 -0.00161584 -0.00167244 -0.00233212 -0.0017038 -0.0016912 -0.00161112 -0.00141967 -0.00147523 -0.00119932 -0.00135772 -0.0016154 -0.0014676 -0.00169346 -0.00175626 -0.00166476 -0.00212267 -0.00232453 -0.00124722 -0.00185312 -0.00191486 -0.00154184 -0.0015147 -0.00148995 -0.00220583 -0.000903178 -0.00171684 -0.00192932 -0.00135079 -0.00125166 -0.00104381 -0.000986744 
-0.000678124 0.00186677 0.00266644 0.00237035 0.00315581 0.00210748 0.131108 0.0022879 0.00288546 0.00113408 0.00237514 0.00217674 -0.00189246 -0.00119743 -0.00132504 -0.00159268 -0.00123248 -0.00206788 -0.0016279 -0.00168045 -0.00298851 -0.00162047 -0.00277011 -0.00156737 -0.00205127 -0.00327097 -0.00175295 -0.00191354 -0.00235391 -0.00220422 -0.00207705 -0.0023061 -0.00196586 -0.00212816 -0.00223176 -0.00259599 -0.00288043 -0.00194624 -0.00306447 -0.00167665 -0.00153357 -0.00215183 -0.0015567 -0.00129987 -0.00100783 -0.000790017 -0.000906794 -0.00207111 -0.00208102 -0.00082239 -0.00125735 -0.00112593 -0.00182496 -0.00175779 -0.0014215 -0.00241572 -0.000924526 -0.00194975 -0.00184118 -0.001781 -0.00104499 -0.00204791 -0.00174165 -0.00109448 -0.00104068 -0.00191826 -0.00173614 -0.00124486 -0.00166269 -0.00165412 -0.00191489 -0.0017002 -0.00184044 -0.00206508 -0.0017635 -0.00163177 -0.00118247 -0.00119192 -0.00154108 -0.0012165 -0.00258463 -0.0016828 -0.00188591 -0.0012632 -0.0016495 -0.00162272 -0.00111281 -0.00157178 -0.00150524 -0.00279637 -0.0017761 -0.00179601 -0.00208609 -0.00177295 -0.00152703 -0.00106305 -0.00170417 -0.00214427 -0.00134559 -0.00082911 
-0.00147678 -0.00153143 0.00218089 0.00158235 0.00133588 0.00215129 0.0022879 0.127619 0.00281623 0.00217591 0.00190136 0.00240114 0.00189836 -0.000459164 -0.00111449 -0.00135486 -0.00279455 -0.00130806 -0.00208064 -0.00222128 -0.00205994 -0.00110407 -0.00153115 -0.00154217 -0.0012319 -0.00188965 -0.00147798 -0.00154831 -0.00206816 -0.00194423 -0.00208482 -0.00115368 -0.00195058 -0.00139893 -0.00137878 -0.00198639 -0.00235107 -0.00218331 -0.00221576 -0.00182455 -0.00242515 -0.00160058 -0.00264124 -0.00177684 -0.00132441 -0.00186144 -0.00172018 -0.00170464 -0.00163028 -0.0017392 -0.00143813 -0.00154392 -0.00218325 -0.00177284 -0.00134828 -0.00224807 -0.00196838 -0.00152222 -0.00193262 -0.00178365 -0.00151865 -0.00142333 -0.00138576 -0.00102405 -0.00147521 -0.00162974 -0.00166209 -0.00191574 -0.00150082 -0.00153541 -0.00126232 -0.00185863 -0.00127441 -0.000735357 -0.00135985 -0.000961034 -0.00231582 -0.00122044 -0.00186075 -0.00204409 -0.00185587 -0.00163444 -0.00194157 -0.00165136 -0.00210895 -0.0020066 -0.00205419 -0.00159505 -0.00194876 -0.00152258 -0.00127515 -0.0015194 -0.0017076 -0.00160563 -0.000674677 -0.00221696 -0.0014134 -0.00207999 -0.00138161 -0.000761355 
-0.0019536 -0.0012781 -0.0013741 0.00184723 0.00174007 0.00208632 0.00288546 0.00281623 0.132898 0.00229794 0.0023223 0.00181562 0.00232746 0.00171775 -0.00205441 0.000287882 -0.00207437 -0.000191005 -0.000970406 -0.0024465 -0.00138167 -0.0011177 -0.00216636 -0.00211599 -0.00283158 -0.00268078 -0.00193386 -0.00215413 -0.00214773 -0.00182353 -0.00209169 -0.00266414 -0.00254076 -0.00280085 -0.00208762 -0.0024176 -0.00223311 -0.0014605 -0.00232033 -0.00195967 -0.00225201 -0.00200221 -0.00179895 -0.00155114 -0.00224617 -0.00230344 -0.00152556 -0.00177679 -0.00265011 -0.00183263 -0.00197903 -0.00154551 -0.00227639 -0.00220783 -0.00166005 -0.00200698 -0.00212796 -0.0019013 -0.00126114 -0.00129791 -0.00166357 -0.0019493 -0.00202687 -0.00192493 -0.00171648 -0.0015719 -0.00121103 -0.00118433 -0.00117111 -0.00192571 -0.00157953 -0.00162152 -0.000919356 -0.00110157 -0.00196107 -0.00150564 -0.00256269 -0.0014565 -0.00155049 -0.00154742 -0.00147569 -0.00121981 -0.00129094 -0.00126112 -0.00217508 -0.00190515 -0.00152925 -0.0010789 -0.00170765 -0.00143025 -0.00171113 -0.00108529 -0.00165538 -0.00147451 -0.00191278 -0.00115152 -0.000832481 -0.00200783 -0.00122726 -0.00128403 
-0.00189947 -0.000735592 -0.00195328 -0.000829628 0.00206478 0.00158852 0.00113408 0.00217591 0.00229794 0.12444 0.0026268 0.00242097 0.00192358 0.00242363 -0.000908069 -0.00114031 -0.00193826 -0.00176663 -0.00148966 -0.00317599 -0.0023265 -0.00142381 -0.001703 -0.00244422 -0.00282542 -0.0024641 -0.00205567 -0.00170709 -0.00218969 -0.00147477 -0.00210442 -0.00150047 -0.00178501 -0.00219424 -0.00160979 -0.00140972 -0.00170912 -0.00188 -0.00159851 -0.00105394 -0.00183109 -0.00156191 -0.00185792 -0.00164553 -0.00196327 -0.00117708 -0.00173536 -0.00132003 -0.00139286 -0.00161868 -0.00201133 -0.00105948 -0.00187144 -0.00128596 -0.0016236 -0.00176963 -0.00135599 -0.00151572 -0.00117732 -0.0014073 -0.00129118 -0.00155292 -0.00202726 -0.00201023 -0.00187237 -0.00225442 -0.00174066 -0.00109044 -0.00141358 -0.00102871 -0.000488281 -0.00221011 -0.00141952 -0.00164788 -0.00121782 -0.00130513 -0.000947078 -0.00123656 -0.00169216 -0.00165568 -0.000288733 -0.00216094 -0.00111316 -0.00172746 -0.0018122 -0.00127288 -0.00201967 -0.00139018 -0.00153633 -0.00174583 -0.00122193 -0.000501556 -0.00133166 -0.00151531 -0.00237713 -0.00148618 -0.00158221 -0.00129794 -0.00130213 -0.000833243 
-0.00168062 -0.00164532 -0.00155364 -0.000969447 -0.00113352 0.00266018 0.00237514 0.00190136 0.0023223 0.0026268 0.129719 0.00191851 0.00322316 0.00256344 0.00235943 0.00241255 -0.00143488 -0.00127264 -0.00133532 -0.0020525 -0.00139954 -0.00156107 -0.00296828 -0.00271205 -0.00244739 -0.00218035 -0.00167289 -0.002396 -0.00150643 -0.00189356 -0.00141944 -0.00182979 -0.00267588 -0.00189254 -0.00133633 -0.00185877 -0.00229095 -0.00142479 -0.00214372 -0.00174029 -0.000876173 -0.00124534 -0.00168799 -0.00251207 -0.00177038 -0.00129435 -0.002104 -0.00119888 -0.00197965 -0.00207399 -0.00157762 -0.00181821 -0.00253139 -0.00160488 -0.00203129 -0.00174217 -0.00269928 -0.00164045 -0.00172042 -0.00205574 -0.00138175 -0.00142143 -0.001822 -0.00130363 -0.00125814 -0.00231755 -0.00179337 -0.00142011 -0.00149961 -0.00164821 -0.00155863 -0.00163715 -0.0019426 -0.00211838 -0.00112028 -0.00146863 -0.00171841 -0.00148501 -0.0011195 -0.00177736 -0.00252064 -0.00172613 -0.00155429 -0.00187023 -0.00127287 -0.00204151 -0.00169425 -0.000958885 -0.00110257 -0.00219133 -0.00225502 -0.00108776 -0.00168703 -0.00248537 -0.00183782 -0.000999888 -0.00174818 -0.0017877 -0.00157413 -0.00128198 
-0.00246383 -0.000749369 -0.00216923 -0.00120806 -0.000987564 -0.00122829 0.00217674 0.00240114 0.00181562 0.00242097 0.00191851 0.126865 0.00266795 0.00315411 0.00287507 0.0026497 0.00266026 -0.00111584 -0.00240703 -0.00144592 -0.00184249 -0.00104279 -0.00214891 -0.00269339 -0.00239401 -0.00289278 -0.00165061 -0.00180154 -0.0020447 -0.00196952 -0.00209685 -0.00116586 -0.00180909 -0.00141733 -0.0015565 -0.00170784 -0.000838606 -0.00232555 -0.00172013 -0.00215488 -0.00227063 -0.0020131 -0.0019946 -0.00170842 -0.00190076 -0.00157587 -0.00173372 -0.00126078 -0.00242376 -0.00169625 -0.0011545 -0.00144711 -0.00119397 -0.00105073 -0.00219427 -0.00179337 -0.00110255 -0.00160019 -0.00206453 -0.0014327 -0.00169191 -0.00181706 -0.00219877 -0.00164534 -0.00195458 -0.00197724 -0.00118083 -0.000525899 -0.00110852 -0.00206417 -0.00131849 -0.000824325 -0.0017158 -0.00158099 -0.0016688 -0.00123262 -0.00145362 -0.00141753 -0.00213759 -0.0016499 -0.00165924 -0.0011325 -0.00208075 -0.00182311 -0.00234112 -0.00157107 -0.00155466 -0.0016332 -0.00108414 -0.00129441 -0.00129825 -0.00152234 -0.00204394 -0.00226538 -0.00241304 -0.00225813 -0.00211368 -0.00166271 -0.00214573 -0.00188319 
-0.00207682 -0.00228684 -0.00174359 -0.00129963 -0.00123715 -0.00082876 -0.00189246 0.00189836 0.00232746 0.00192358 0.00322316 0.00266795 0.131507 0.00233708 0.00404471 0.00438176 0.00197116 -0.00140283 -0.00136235 -0.00126404 -0.0023737 -0.00198885 -0.00244062 -0.00148706 -0.00321226 -0.00186955 -0.00200609 -0.00135367 -0.00247404 -0.00208151 -0.00202491 -0.000968211 -0.00130922 -0.00190003 -0.00180217 -0.00160823 -0.00190431 -0.0018645 -0.00147405 -0.00192271 -0.00164497 -0.00177878 -0.00149594 -0.00269389 -0.00201154 -0.000969593 -0.00159742 -0.00144717 -0.00190565 -0.0020576 -0.00153829 -0.00179881 -0.00237318 -0.00116938 -0.00253018 -0.00205246 -0.00195543 -0.00200738 -0.00145526 -0.00179098 -0.00216362 -0.00195201 -0.00222965 -0.00117183 -0.00280824 -0.00182651 -0.00218649 -0.00145293 -0.00207877 -0.00213875 -0.00146048 -0.00241061 -0.00173932 -0.00177704 -0.00159859 -0.00169368 -0.00171605 -0.00142167 -0.00165452 -0.00177919 -0.00166283 -0.000750145 -0.00205165 -0.00220441 -0.00112689 -0.00160214 -0.00142273 -0.000932694 -0.000845066 -0.00125046 -0.00200642 -0.0016215 -0.00136108 -0.00187029 -0.0023684 -0.00118725 -0.000299123 -0.00182305 -0.00166193 -0.00124057 
-0.0019693 -0.001578 -0.00199132 -0.00159283 -0.00182931 -0.00135089 -0.00119743 -0.000459164 0.00171775 0.00242363 0.00256344 0.00315411 0.00233708 0.138145 0.00242867 0.00344548 0.00150111 0.00367517 0.00110093 -0.00162168 -0.00223822 -0.00152979 -0.00173602 -0.00278699 -0.00226535 -0.00201649 -0.00207262 -0.00186292 -0.00236341 -0.00201792 -0.00283484 -0.001626 -0.0019883 -0.00140156 -0.00162309 -0.00184409 -0.00153181 -0.00131513 -0.00159342 -0.00202315 -0.00227882 -0.00192982 -0.00216156 -0.00184631 -0.00167515 -0.00128976 -0.00155279 -0.00190021 -0.00119851 -0.00101914 -0.000813589 -0.00142209 -0.00191464 -0.00226743 -0.00091134 -0.00217193 -0.00255683 -0.000794809 -0.00212688 -0.00115252 -0.00318252 -0.00190214 -0.00178544 -0.00126477 -0.00191873 -0.00247656 -0.00120145 -0.00109925 -0.00168881 -0.00209166 -0.00118372 -0.00204486 -0.00083866 -0.00174083 -0.000784519 -0.0013057 -0.00190238 -0.00158002 -0.00258735 -0.00208325 -0.00236467 -0.0023427 -0.00267616 -0.0025224 -0.00271039 -0.00273751 -0.00188416 -0.00166552 -0.00173448 -0.00264944 -0.00124401 -0.00218482 -0.00148486 -0.00161949 -0.00194103 -0.00233409 -0.00258901 -0.00202416 -0.00170059 -0.00217541 
-0.00249761 -0.00207976 -0.00149645 -0.00234193 -0.0020937 -0.0023607 -0.00132504 -0.00111449 -0.00205441 -0.000908069 0.00235943 0.00287507 0.00404471 0.00242867 0.143408 0.00224311 0.00184364 0.00273401 0.00200823 0.0016376 -0.00178942 -0.00209365 -0.00219942 -0.00232892 -0.00196978 -0.00126149 -0.00217044 -0.00222169 -0.00109152 -0.00187743 -0.0018449 -0.00204695 -0.00120239 -0.00188064 -0.00119399 -0.00196636 -0.00146273 -0.00205387 -0.00268998 -0.00152918 -0.00199062 -0.00216349 -0.00161298 -0.00256488 -0.00166228 -0.00155949 -0.00145138 -0.00160399 -0.00192977 -0.00146729 -0.00109756 -0.00128564 -0.00162281 -0.00194047 -0.0014129 -0.00214656 -0.00262125 -0.00164109 -0.00207687 -0.00130567 -0.00258924 -0.00171464 -0.00177175 -0.00169537 -0.00170596 -0.00167099 -0.00157888 -0.0012611 -0.00204383 -0.00157642 -0.0019034 -0.00175299 -0.00165021 -0.00199387 -0.00205427 -0.00232996 -0.00215511 -0.00179864 -0.00230888 -0.0012563 -0.00232802 -0.00251794 -0.00240836 -0.00258775 -0.00125966 -0.00260022 -0.001773 -0.00175764 -0.00105359 -0.00180917 -0.00170902 -0.00195677 -0.00105062 -0.0025626 -0.00268324 -0.002288 -0.0015432 -0.000859027 -0.00118806 -0.00253076 
-0.00155593 -0.00163491 -0.00219443 -0.0017882 -0.00223787 -0.00177651 -0.00159268 -0.00135486 0.000287882 -0.00114031 0.00241255 0.0026497 0.00438176 0.00344548 0.00224311 0.137597 0.0027953 0.00363133 0.00225186 0.00186192 -0.00170416 -0.00133067 -0.00168453 -0.00210399 -0.00353269 -0.00225969 -0.00268983 -0.00240128 -0.00292973 -0.00252647 -0.00181272 -0.00118233 -0.00185082 -0.00251707 -0.00230594 -0.0020678 -0.00116198 -0.00242743 -0.00175239 -0.0015049 -0.00201296 -0.00134147 -0.00219633 -0.00120456 -0.0014022 -0.00212998 -0.00152904 -0.00150166 -0.00160836 -0.00205776 -0.00236848 -0.00204945 -0.00155527 -0.00197349 -0.00236842 -0.00209802 -0.00194591 -0.00220643 -0.00221525 -0.00144521 -0.00131387 -0.002096 -0.00196072 -0.00166479 -0.00185813 -0.0015045 -0.00160641 -0.00187425 -0.0022624 -0.00241431 -0.0017588 -0.00190673 -0.00156512 -0.00115292 -0.000759479 -0.00163698 -0.00132306 -0.00220777 -0.00195789 -0.00189091 -0.00174005 -0.00198409 -0.00212849 -0.00246006 -0.00204796 -0.00185126 -0.00168085 -0.00171589 -0.00126381 -0.00223463 -0.00165031 -0.00172684 -0.0014528 -0.00121472 -0.00198729 -0.0022873 -0.000539257 -0.0014231 -0.00117389 -0.00204829 
-0.00181134 -0.0020801 -0.00196093 -0.0016427 -0.00221241 -0.00137206 -0.00123248 -0.00279455 -0.00207437 -0.00193826 -0.00143488 0.00266026 0.00197116 0.00150111 0.00184364 0.0027953 0.141583 0.00283342 0.00190177 0.00153806 0.00195678 0.00122953 -0.00203029 -0.00117271 -0.00146066 -0.00258977 -0.00224092 -0.0016406 -0.00310665 -0.00165786 -0.00201875 -0.00174939 -0.00169931 -0.0014874 -0.00250665 -0.00191238 -0.00197142 -0.00102747 -0.00250896 -0.00108237 -0.00312333 -0.00163325 -0.00156627 -0.0022499 -0.00175636 -0.00107611 -0.0014379 -0.00272682 -0.00157277 -0.00188113 -0.00212343 -0.00151525 -0.00184375 -0.00139811 -0.00217176 -0.000873521 -0.00220115 -0.00181697 -0.0018284 -0.00213716 -0.00221931 -0.00230079 -0.0015265 -0.0010322 -0.00121131 -0.00219182 -0.00230643 -0.00110866 -0.00184896 -0.00134206 -0.00213924 -0.00143851 -0.00192647 -0.00190461 -0.00263876 -0.00151009 -0.00272097 -0.00170643 -0.0017909 -0.00175767 -0.00176714 -0.00180493 -0.00163114 -0.00137024 -0.00117834 -0.00193262 -0.00158954 -0.00182046 -0.00196778 -0.0020962 -0.00162982 -0.00109126 -0.00156001 -0.00201733 -0.00135833 -0.00154578 -0.00162476 -0.00199536 -0.00220249 -0.00165816 
-0.00267634 -0.00231803 -0.00225826 -0.00175031 -0.00140677 -0.0018064 -0.00206788 -0.00130806 -0.000191005 -0.00176663 -0.00127264 -0.00111584 -0.00140283 0.00367517 0.00273401 0.00363133 0.00283342 0.150541 0.0024727 0.00462945 0.00330453 0.00280025 0.00270453 -0.00115522 -0.0020655 -0.00154183 -0.00204357 -0.00224779 -0.00232649 -0.00130769 -0.00288558 -0.00267473 -0.0015398 -0.00155669 -0.00157329 -0.00254188 -0.00260829 -0.00211965 -0.0031949 -0.00198433 -0.00186797 -0.00274681 -0.00180621 -0.00286588 -0.00264242 -0.00283735 -0.00156429 -0.00266423 -0.00239249 -0.0020669 -0.00213206 -0.00193755 -0.00115092 -0.00127653 -0.00193386 -0.00174858 -0.00216376 -0.00201617 -0.00214267 -0.00178039 -0.00263508 -0.00233642 -0.0017806 -0.00128706 -0.00198082 -0.00174092 -0.00186774 -0.00205832 -0.00166071 -0.00201601 -0.00200072 -0.00195966 -0.00300326 -0.00162825 -0.00223279 -0.00217797 -0.00220618 -0.00264954 -0.00194345 -0.00267521 -0.00223553 -0.00204005 -0.00208921 -0.00190907 -0.00267401 -0.00175336 -0.00109808 -0.00224715 -0.00191109 -0.00125941 -0.00170834 -0.00269292 -0.00146158 -0.00147849 -0.0019107 -0.00187031 -0.00262365 -0.0020236 -0.00208364 -0.00197043 
-0.00207413 -0.00138616 -0.00228673 -0.00195663 -0.00258928 -0.00140117 -0.0016279 -0.00208064 -0.000970406 -0.00148966 -0.00133532 -0.00240703 -0.00136235 0.00110093 0.00200823 0.00225186 0.00190177 0.0024727 0.141568 0.00192548 0.00225777 0.00302769 0.0025497 -0.00119006 -0.00150601 -0.0016331 -0.00221204 -0.00159596 -0.0013288 -0.00170159 -0.00224196 -0.00206238 -0.00162459 -0.00221941 -0.000592404 -0.00207352 -0.00198811 -0.00269846 -0.00274692 -0.00189749 -0.00110894 -0.00152671 -0.00267863 -0.00215906 -0.00163677 -0.00226627 -0.00217898 -0.00232838 -0.00141692 -0.00237124 -0.0017448 -0.00184541 -0.00133195 -0.00242148 -0.00180003 -0.00122319 -0.0020124 -0.00138473 -0.00155267 -0.00105497 -0.00196545 -0.0012802 -0.00108416 -0.00102573 -0.00257457 -0.000983041 -0.00152906 -0.00174745 -0.00183008 -0.00183363 -0.00176823 -0.00160381 -0.00189692 -0.000719332 -0.00193871 -0.00156907 -0.00240667 -0.00234435 -0.00193431 -0.00226439 -0.00133976 -0.00183694 -0.00129407 -0.00171331 -0.00151022 -0.00169334 -0.0020662 -0.00188642 -0.00193889 -0.00168079 -0.00188139 -0.00274859 -0.00178267 -0.00165219 -0.00157023 -0.00238741 -0.00215245 -0.00173143 -0.00215328 -0.00142139 
-0.00290568 -0.00174989 -0.00186635 -0.00266292 -0.00248937 -0.00261713 -0.00168045 -0.00222128 -0.0024465 -0.00317599 -0.0020525 -0.00144592 -0.00126404 -0.00162168 0.0016376 0.00186192 0.00153806 0.00462945 0.00192548 0.145972 0.00264924 0.00197801 0.00231062 0.0031091 0.0029777 -0.00123967 -0.00117777 -0.00125301 -0.00217978 -0.00173813 -0.00161393 -0.000680702 -0.00137337 -0.00240664 -0.00152186 -0.00116498 -0.00163195 -0.00146062 -0.00158895 -0.00203133 -0.00262833 -0.00267531 -0.00224579 -0.00241226 -0.00301733 -0.00197246 -0.00164692 -0.00187042 -0.00118034 -0.00107729 -0.00172619 -0.0019931 -0.00116646 -0.00159096 -0.00135071 -0.00168405 -0.00144865 -0.00142614 -0.00234085 -0.00232918 -0.00195545 -0.00202226 -0.00268103 -0.00211732 -0.0019156 -0.00231451 -0.00150085 -0.00206719 -0.00251805 -0.00103672 -0.00262342 -0.00217678 -0.00226662 -0.000934498 -0.00150151 -0.00197767 -0.00249043 -0.00156028 -0.00232494 -0.0014786 -0.00236166 -0.00154185 -0.00190021 -0.0018959 -0.00149629 -0.00234871 -0.00226651 -0.00104074 -0.00226623 -0.00203254 -0.00191795 -0.00250918 -0.00155171 -0.00290643 -0.00146099 -0.00249742 -0.00187372 -0.00217474 -0.00233151 -0.00170628 
-0.00200684 -0.00130528 -0.00203416 -0.00204588 -0.00235603 -0.00147257 -0.00298851 -0.00205994 -0.00138167 -0.0023265 -0.00139954 -0.00184249 -0.0023737 -0.00223822 -0.00178942 -0.00170416 0.00195678 0.00330453 0.00225777 0.00264924 0.146835 0.00391129 0.00258967 0.00377146 0.00318605 0.00226262 -0.00171935 -0.00239738 -0.00199668 -0.00152438 -0.0023807 -0.00156293 -0.001845 -0.00193966 -0.00270097 -0.00135457 -0.00173741 -0.00205829 -0.0020361 -0.00239142 -0.00243349 -0.00210661 -0.0020385 -0.00207781 -0.00216115 -0.00213121 -0.000916104 -0.00193877 -0.00219126 -0.00197403 -0.00148009 -0.00131851 -0.00173258 -0.00201551 -0.00233039 -0.00202505 -0.00135812 -0.00139434 -0.00166608 -0.00189697 -0.00197716 -0.00209221 -0.00102169 -0.00199862 -0.00172509 -0.0014231 -0.00340136 -0.00178974 -0.00186575 -0.00156908 -0.00217882 -0.00174161 -0.00215207 -0.00241685 -0.00198693 -0.0017114 -0.00175971 -0.00222869 -0.00119814 -0.00184901 -0.00121249 -0.00236645 -0.00235655 -0.00139017 -0.00176548 -0.00279029 -0.00167926 -0.00150522 -0.00124929 -0.00243968 -0.0023687 -0.00168389 -0.00187618 -0.00196199 -0.0016443 -0.00238695 -0.00191492 -0.00157218 -0.00215343 -0.00216367 
-0.00188793 -0.00137883 -0.00137045 -0.00172796 -0.00136131 -0.00111882 -0.00162047 -0.00110407 -0.0011177 -0.00142381 -0.00156107 -0.00104279 -0.00198885 -0.00152979 -0.00209365 -0.00133067 0.00122953 0.00280025 0.00302769 0.00197801 0.00391129 0.146052 0.00443073 0.00175656 0.00296111 0.00331442 -0.00116939 -0.00116228 -0.00279065 -0.00131339 -0.00308154 -0.00353249 -0.00298775 -0.00233679 -0.00277375 -0.00121023 -0.00274225 -0.00231079 -0.00217466 -0.00220878 -0.00221831 -0.00202386 -0.00201914 -0.00338126 -0.00201141 -0.00310778 -0.00213059 -0.00237614 -0.00209979 -0.0032081 -0.00149907 -0.0020528 -0.00211356 -0.00256091 -0.00148766 -0.00221901 -0.0019702 -0.00140888 -0.00237843 -0.00197609 -0.00261434 -0.00217185 -0.00204525 -0.00212818 -0.000561938 -0.00225134 -0.00159511 -0.00151406 -0.00116855 -0.00298627 -0.00185729 -0.000964193 -0.001311 -0.00230487 -0.00170052 -0.00205328 -0.00156962 -0.00149006 -0.00152582 -0.00235502 -0.00113358 -0.00173048 -0.00135528 -0.00284635 -0.00241869 -0.00103483 -0.00126251 -0.00168699 -0.00207038 -0.0015757 -0.00158924 -0.00203423 -0.0025011 -0.00201464 -0.00147873 -0.00238085 -0.00164011 -0.00163828 -0.00153148 -0.0016739 
-0.00248759 -0.00289383 -0.00220844 -0.00125863 -0.00282516 -0.0014074 -0.00277011 -0.00153115 -0.00216636 -0.001703 -0.00296828 -0.00214891 -0.00244062 -0.00173602 -0.00219942 -0.00168453 -0.00203029 0.00270453 0.0025497 0.00231062 0.00258967 0.00443073 0.14342 0.0032242 0.00253814 0.00311344 0.00237161 -0.00229847 -0.00202046 -0.00143791 -0.00192613 -0.00237383 -0.00220114 -0.00191504 -0.00176831 -0.00202877 -0.00182532 -0.00153289 -0.00225298 -0.00165923 -0.00172472 -0.00202666 -0.00255702 -0.00202634 -0.00140735 -0.00160205 -0.00227875 -0.000585587 -0.00128365 -0.00194456 -0.00146881 -0.000923949 -0.00176605 -0.00189204 -0.00117662 -0.00204344 -0.00242406 -0.000985162 -0.00186124 -0.00197789 -0.00196602 -0.001341 -0.00104959 -0.00192586 -0.00239645 -0.00214923 -0.00317402 -0.00227113 -0.000814102 -0.00226987 -0.00278275 -0.00279201 -0.00293209 -0.0020583 -0.00194306 -0.00167314 -0.00128409 -0.00182901 -0.00140502 -0.0024682 -0.00108605 -0.00142696 -0.000996268 -0.00171789 -0.00217116 -0.00134373 -0.00180176 -0.000746923 -0.00168852 -0.00216296 -0.00194066 -0.00174417 -0.0013917 -0.00149011 -0.00158613 -0.00220751 -0.00206864 -0.0016833 -0.00230378 -0.00151306 
-0.00217738 -0.00103272 -0.00228538 -0.00123407 -0.00211681 -0.00131565 -0.00156737 -0.00154217 -0.00211599 -0.00244422 -0.00271205 -0.00269339 -0.00148706 -0.00278699 -0.00232892 -0.00210399 -0.00117271 -0.00115522 -0.00119006 0.0031091 0.00377146 0.00175656 0.0032242 0.139922 0.00247248 0.0032067 0.00248756 0.00133919 -0.00189583 -0.00145872 -0.00136871 -0.00230023 -0.00193757 -0.0022564 -0.00218456 -0.00174497 -0.00172565 -0.00160215 -0.00227177 -0.00205505 -0.000771205 -0.00183105 -0.00205379 -0.00165276 -0.00186922 -0.00201342 -0.00193506 -0.00217336 -0.000862479 -0.0026096 -0.00106553 -0.00232912 -0.0020998 -0.00213954 -0.00184257 -0.00222054 -0.000534086 -0.00150519 -0.00139181 -0.00223026 -0.00129557 -0.00182492 -0.000954963 -0.00177479 -0.00122337 -0.00148557 -0.00258231 -0.00181509 -0.00144414 -0.00196501 -0.00231869 -0.00211739 -0.00248124 -0.00182689 -0.00158414 -0.00209835 -0.00204825 -0.00142385 -0.00127514 -0.00180786 -0.00129372 -0.00227289 -0.00174281 -0.00137264 -0.0012474 -0.00201601 -0.00161531 -0.00128744 -0.00285424 -0.00150112 -0.00168771 -0.00143026 -0.00229763 -0.00162179 -0.000847634 -0.000826736 -0.00165639 -0.00205103 -0.00148092 -0.00144425 
-0.0022252 -0.00244676 -0.00123939 -0.00116956 -0.00266805 -0.00221734 -0.00205127 -0.0012319 -0.00283158 -0.00282542 -0.00244739 -0.00239401 -0.00321226 -0.00226535 -0.00196978 -0.00353269 -0.00146066 -0.0020655 -0.00150601 0.0029777 0.00318605 0.00296111 0.00253814 0.00247248 0.148765 0.00433952 0.00244145 0.00190499 0.00314905 0.00343682 -0.00104452 -0.00200414 -0.00231939 -0.00174317 -0.00191612 -0.00185597 -0.00219813 -0.000865833 -0.00181427 -0.00138124 -0.00240038 -0.00111036 -0.00136113 -0.0021229 -0.00204651 -0.00219494 -0.00125451 -0.00191241 -0.00153661 -0.000930069 -0.00205917 -0.00298994 -0.00221641 -0.00281673 -0.00157901 -0.00280418 -0.00251826 -0.00195144 -0.00252669 -0.00129139 -0.00174069 -0.00159892 -0.0011833 -0.00161851 -0.00255193 -0.00164298 -0.00247529 -0.00198172 -0.0021405 -0.00125253 -0.00242331 -0.00242452 -0.00196377 -0.00110773 -0.000924476 -0.00219672 -0.00274043 -0.00202821 -0.00143606 -0.0029485 -0.00213362 -0.00329351 -0.00232275 -0.00199245 -0.00218973 -0.00252083 -0.00168693 -0.00207035 -0.00211105 -0.00200324 -0.00223496 -0.00311631 -0.00144271 -0.00202843 -0.000791119 -0.00190831 -0.00136885 -0.00227766 -0.00198245 -0.00179097 
-0.00154759 -0.00255406 -0.00138457 -0.00129824 -0.00172923 -0.00184819 -0.00327097 -0.00188965 -0.00268078 -0.0024641 -0.00218035 -0.00289278 -0.00186955 -0.00201649 -0.00126149 -0.00225969 -0.00258977 -0.00154183 -0.0016331 -0.00123967 0.00226262 0.00331442 0.00311344 0.0032067 0.00433952 0.13818 0.00249933 0.00296934 0.00276488 0.00246455 0.000943909 -0.00157247 -0.00202543 -0.00170613 -0.00156863 -0.00175734 -0.00146823 -0.00266934 -0.00164713 -0.00176138 -0.00145982 -0.00145619 -0.00215994 -0.0014302 -0.00178367 -0.00173745 -0.00124272 -0.00162271 -0.00173157 -0.00294013 -0.0020669 -0.000558369 -0.00131816 -0.00202379 -0.00177244 -0.00143389 -0.00152899 -0.00153813 -0.00146958 -0.00270451 -0.00127153 -0.00250918 -0.00154472 -0.00276318 -0.00170903 -0.00234742 -0.00181749 -0.00207807 -0.00202677 -0.00211967 -0.00269918 -0.00234315 -0.00231165 -0.00177067 -0.00172602 -0.00198637 -0.00195159 -0.00193549 -0.00137827 -0.00135639 -0.00274536 -0.000757389 -0.001772 -0.00156605 -0.00240872 -0.00172977 -0.00104794 -0.00125538 -0.00149241 -0.00187806 -0.00225863 -0.00191663 -0.00247347 -0.0016326 -0.00228112 -0.00209205 -0.00228763 -0.00112713 -0.00168986 -0.00169365 
-0.00276759 -0.000604365 -0.00150082 -0.00147808 -0.00215717 -0.000923688 -0.00175295 -0.00147798 -0.00193386 -0.00205567 -0.00167289 -0.00165061 -0.00200609 -0.00207262 -0.00217044 -0.00268983 -0.00224092 -0.00204357 -0.00221204 -0.00117777 -0.00171935 -0.00116939 0.00237161 0.00248756 0.00244145 0.00249933 0.135659 0.00243186 0.00313451 0.00145268 0.00285907 0.0011077 -0.00131613 -0.00166075 -0.00188656 -0.000890082 -0.00229945 -0.00256277 -0.00131703 -0.000996556 -0.0019404 -0.00150825 -0.00222223 -0.00251087 -0.00215858 -0.0018431 -0.00192996 -0.00158368 -0.00240681 -0.00195615 -0.00112318 -0.00239731 -0.000929311 -0.00193274 -0.0015894 -0.00125748 -0.00104506 -0.00182858 -0.00198613 -0.00165726 -0.00168373 -0.0005806 -0.00134284 -0.00211386 -0.00223068 -0.000848717 -0.00189135 -0.00198292 -0.00090261 -0.00129528 -0.00153116 -0.00243553 -0.00147688 -0.00196303 -0.00108112 -0.00140101 -0.00187236 -0.00095806 -0.00160693 -0.0019073 -0.00107274 -0.00203455 -0.00183256 -0.00111272 -0.00236344 -0.00151889 -0.00180878 -0.0011746 -0.0021413 -0.00160643 -0.00175514 -0.00234377 -0.0017943 -0.00278283 -0.00239832 -0.00170476 -0.00200199 -0.00201239 -0.00175575 -0.00191019 
-0.00153606 -0.00165894 -0.00178876 -0.000582773 -0.001755 -0.00265469 -0.00191354 -0.00154831 -0.00215413 -0.00170709 -0.002396 -0.00180154 -0.00135367 -0.00186292 -0.00222169 -0.00240128 -0.0016406 -0.00224779 -0.00159596 -0.00125301 -0.00239738 -0.00116228 -0.00229847 0.00133919 0.00190499 0.00296934 0.00243186 0.134639 0.00289558 0.00222204 0.00212947 0.00186612 0.00204261 -0.00109087 -0.00180744 -0.00171266 -0.00204868 -0.0016812 -0.00234447 -0.00176021 -0.00215322 -0.00177318 -0.00242736 -0.00223478 -0.00211216 -0.0029867 -0.00268658 -0.00191015 -0.00183015 -0.0017778 -0.00196351 -0.00141892 -0.00141329 -0.0024355 -0.00158637 -0.00162463 -0.00153378 -0.00118387 -0.00228332 -0.00111979 -0.00231546 -0.00155846 -0.000916624 -0.00117334 -0.00167476 -0.00184526 -0.00168079 -0.00180884 -0.00172374 -0.000834796 -0.00188185 -0.000841567 -0.00159682 -0.00200008 -0.000936192 -0.00146781 -0.00189987 -0.00219331 -0.00106503 -0.00195305 -0.00218789 -0.00207919 -0.00141135 -0.0016337 -0.00123879 -0.00137155 -0.000939129 -0.00223978 -0.000995131 -0.00177309 -0.00118019 -0.00135015 -0.00201574 -0.00167543 -0.00230602 -0.00121681 -0.00108848 -0.00165837 -0.00130584 -0.000573773 
-0.0020651 -0.00186812 -0.00177276 -0.00183502 -0.00173749 -0.00186769 -0.00235391 -0.00206816 -0.00214773 -0.00218969 -0.00150643 -0.0020447 -0.00247404 -0.00236341 -0.00109152 -0.00292973 -0.00310665 -0.00232649 -0.0013288 -0.00217978 -0.00199668 -0.00279065 -0.00202046 -0.00189583 0.00314905 0.00276488 0.00313451 0.00289558 0.13891 0.00364557 0.0018811 0.00292734 0.00205375 0.00179215 -0.00152773 -0.00123766 -0.0018387 -0.000635823 -0.00180059 -0.00171516 -0.00106206 -0.000733811 -0.00184166 -0.00249294 -0.00132345 -0.00100948 -0.0023504 -0.00232235 -0.00250819 -0.0029361 -0.00138843 -0.0024143 -0.0024001 -0.00151019 -0.00162498 -0.00235112 -0.00177994 -0.00212519 -0.00232498 -0.00201667 -0.00208755 -0.00134801 -0.000900429 -0.00170792 -0.00102295 -0.00159915 -0.00237091 -0.00113299 -0.00208695 -0.000982888 -0.00170641 -0.0012633 -0.000310205 -0.00273251 -0.00220081 -0.00138569 -0.00147966 -0.0017246 -0.00111173 -0.00159502 -0.00256041 -0.00275809 -0.0017702 -0.000266164 -0.00193141 -0.00196416 -0.00124164 -0.00155499 -0.00102358 -0.00158521 -0.00125025 -0.00126007 -0.00148346 -0.00187176 -0.0025083 -0.00161347 -0.00195906 -0.00232991 -0.00252759 -0.00171195 
-0.00105644 -0.000683087 -0.0012164 -0.00175603 -0.00158068 -0.00199937 -0.00220422 -0.00194423 -0.00182353 -0.00147477 -0.00189356 -0.00196952 -0.00208151 -0.00201792 -0.00187743 -0.00252647 -0.00165786 -0.00130769 -0.00170159 -0.00173813 -0.00152438 -0.00131339 -0.00143791 -0.00145872 0.00343682 0.00246455 0.00145268 0.00222204 0.00364557 0.136311 0.00203143 0.00232828 0.00224436 0.00220346 -0.00128364 -0.00126654 -0.000971471 -0.00173901 -0.00214648 -0.00148622 -0.00159353 -0.00190675 -0.00211692 -0.001742 -0.00112439 -0.00189117 -0.00219605 -0.00184817 -0.00251783 -0.00200824 -0.00200999 -0.00162103 -0.00146323 -0.00238751 -0.000789235 -0.00170574 -0.00200158 -0.00197938 -0.0027971 -0.00234702 -0.00155083 -0.00193753 -0.000905415 -0.00181106 -0.000832429 -0.00164487 -0.00173638 -0.00196946 -0.00275341 -0.000881859 -0.00129968 -0.00242094 -0.000698289 -0.00191119 -0.00100914 -0.00171983 -0.00153711 -0.00191966 -0.00110335 -0.00178938 -0.00169575 -0.002292 -0.00246925 -0.00219268 -0.00197166 -0.00233194 -0.00142292 -0.0022276 -0.0016445 -0.00211542 -0.00160063 -0.00200729 -0.00209481 -0.00192718 -0.00187333 -0.00201458 -0.00176194 -0.00202017 -0.00207625 -0.00198385 
-0.00193524 -0.000467548 -0.0014141 -0.00157868 -0.00210566 -0.0019157 -0.00207705 -0.00208482 -0.00209169 -0.00210442 -0.00141944 -0.00209685 -0.00202491 -0.00283484 -0.0018449 -0.00181272 -0.00201875 -0.00288558 -0.00224196 -0.00161393 -0.0023807 -0.00308154 -0.00192613 -0.00136871 -0.00104452 0.000943909 0.00285907 0.00212947 0.0018811 0.00203143 0.130493 0.00167801 0.00348335 0.00245569 0.00156501 0.00197812 -0.000914342 -0.00131214 -0.00144377 -0.00129959 -0.00201416 -0.00160731 -0.00181045 -0.00192887 -0.00131952 -0.00163794 -0.000966912 -0.00267333 -0.00171905 -0.00205556 -0.00257364 -0.00177147 -0.00213439 -0.00227078 -0.00114584 -0.000817989 -0.00151362 -0.00121476 -0.00177002 -0.00141104 -0.000965327 -0.000766147 -0.00183126 -0.00182363 -0.00187812 -0.00129595 -0.00176421 -0.000919105 -0.00150944 -0.00110969 -0.00109927 -0.00167047 -0.00128151 -0.00193735 -0.00218151 -0.00198685 -0.000927123 -0.00175692 -0.00137107 -0.00165694 -0.00155473 -0.00174171 -0.00181596 -0.00151518 -0.00147559 -0.00195834 -0.00238933 -0.00200255 -0.001554 -0.002037 -0.0018211 -0.001894 -0.00119971 -0.00183105 -0.00132105 -0.00202626 -0.00139626 -0.00113028 -0.00162015 -0.00178471 
-0.00131069 -0.00186511 -0.00153134 -0.00221347 -0.00152947 -0.00175258 -0.0023061 -0.00115368 -0.00266414 -0.00150047 -0.00182979 -0.00116586 -0.000968211 -0.001626 -0.00204695 -0.00118233 -0.00174939 -0.00267473 -0.00206238 -0.000680702 -0.00156293 -0.00353249 -0.00237383 -0.00230023 -0.00200414 -0.00157247 0.0011077 0.00186612 0.00292734 0.00232828 0.00167801 0.129683 0.00272067 0.00261237 0.00212696 0.00196267 0.00226693 -0.00113868 -0.00117467 -0.00176571 -0.00175073 -0.00119648 -0.00168409 -0.00141291 -0.00175841 -0.00160228 -0.00218705 -0.00195782 -0.00181103 -0.00140345 -0.00224462 -0.000769009 -0.00199853 -0.000984701 -0.00198838 -0.00156111 -0.00211957 -0.0012402 -0.00210297 -0.00172475 -0.00220031 -0.000913506 -0.00180422 -0.00127915 -0.00186197 -0.00145509 -0.00157737 -0.00199642 -0.00177898 -0.00207985 -0.000915321 -0.00193721 -0.00160151 -0.00199669 -0.00114664 -0.000700572 -0.000919464 -0.00120945 -0.00205183 -0.00181054 -0.00193512 -0.00220615 -0.00156905 -0.00174441 -0.00238467 -0.00185975 -0.00211601 -0.00179785 -0.00204404 -0.00168765 -0.00250837 -0.00173975 -0.00203152 -0.00161578 -0.001984 -0.00116797 -0.00098791 -0.0012666 -0.00146035 -0.00120028 
-0.0021462 -0.00210635 -0.00204134 -0.00155325 -0.00191575 -0.00189181 -0.00196586 -0.00195058 -0.00254076 -0.00178501 -0.00267588 -0.00180909 -0.00130922 -0.0019883 -0.00120239 -0.00185082 -0.00169931 -0.0015398 -0.00162459 -0.00137337 -0.001845 -0.00298775 -0.00220114 -0.00193757 -0.00231939 -0.00202543 -0.00131613 0.00204261 0.00205375 0.00224436 0.00348335 0.00272067 0.132218 0.00382609 0.00188358 0.00290834 0.0026549 0.0014235 -0.00164075 -0.00159869 -0.00128884 -0.00143593 -0.000839243 -0.00190381 -0.001336 -0.00136612 -0.00142812 -0.0015936 -0.00271575 -0.00160393 -0.00166841 -0.00169883 -0.00188687 -0.00175565 -0.00208295 -0.00148779 -0.00117266 -0.00199037 -0.00217057 -0.00173507 -0.00128264 -0.00161491 -0.00129571 -0.000628173 -0.00178714 -0.00123407 -0.00199947 -0.00132421 -0.00107111 -0.00156503 -0.00200299 -0.00181754 -0.00102514 -0.00196327 -0.00256598 -0.00147313 -0.000892314 -0.00195479 -0.00157513 -0.00172114 -0.00120802 -0.00223394 -0.00252921 -0.0019974 -0.00210278 -0.00184711 -0.00190611 -0.00198997 -0.00242718 -0.00182602 -0.00167186 -0.00249348 -0.00108389 -0.00169343 -0.0018551 -0.00181462 -0.00179697 -0.00142496 -0.0027427 -0.0020185 
