0.126129 0.00302674 0.0023522 0.00239815 0.00231861 0.00220141 -0.00163924 -0.00203195 -0.00166875 -0.00171681 -0.00196082 -0.00346372 -0.00234384 -0.00160429 -0.00209306 -0.00145711 -0.00120257 -0.00237131 -0.00153101 -0.0022458 -0.00190435 -0.00199498 -0.00242598 -0.00194363 -0.00262505 -0.0023045 -0.00133128 -0.00247031 -0.00280453 -0.00145545 -0.00166932 -0.00147263 -0.00203953 -0.0019567 -0.00202914 -0.00190919 -0.00197396 -0.00185262 -0.00164661 -0.00287825 -0.00165013 -0.000925633 -0.00089644 -0.00178512 -0.00132022 -0.00139677 -0.00155392 -0.000677201 -0.00154549 -0.000828002 -0.00150997 -0.00112221 -0.000905083 -0.00222329 -0.00171784 -0.00140053 -0.00196511 -0.0011811 -0.00196434 -0.0010573 -0.00110208 -0.00128163 -0.00168037 -0.00110127 -0.00117525 -0.00153668 -0.00193951 -0.000561453 -0.00194926 -0.00106689 -0.00148607 -0.00234227 -0.00162963 -0.0013482 -0.00140865 -0.00100683 -0.00135965 -0.000965767 -0.00159343 -0.00128987 -0.00168058 -0.00134215 -0.000682762 -0.00156682 -0.00134088 -0.00167055 -0.0014494 -0.000937051 -0.000704816 -0.00159325 -0.00133525 -0.00150662 -0.00187497 -0.00136928 -0.00133058 -0.00173974 0.00184608 0.00147978 0.00232683 0.00151433 
0.00302674 0.122649 0.00194877 0.00287068 0.00218688 0.00134214 0.00237754 -0.00194638 -0.00159232 -0.00107569 -0.00138021 -0.00108616 -0.000810935 -0.000819121 -0.00100635 -0.000156722 -0.00198367 -0.00184848 -0.00238093 -0.00267422 -0.00116221 -0.00197336 -0.00305814 -0.00216651 -0.00163376 -0.00199332 -0.00156104 -0.00137279 -0.00239487 -0.00176878 -0.00161139 -0.00207807 -0.00214238 -0.00256909 -0.0018125 -0.00172496 -0.00202686 -0.00178569 -0.00151533 -0.00181848 -0.000984437 -0.00153846 -0.00164533 -0.00129556 -0.00119223 -0.00101362 -0.0016516 -0.00110697 -0.00106127 -0.00203005 -0.00218078 -0.00201068 -0.000921277 -0.00157551 -0.000708906 -0.00204497 -0.00165243 -0.00117471 -0.00133486 -0.00174341 -0.00113316 -0.000847096 -0.00220617 -0.00171374 -0.00146043 -0.0015564 -0.00178857 -0.00129383 -0.00143355 -0.00214926 -0.00129778 -0.00194777 -0.0020699 -0.00166247 -0.00132437 -0.00223738 -0.00124277 -0.00131476 -0.00135719 -0.0011974 -0.0013712 -0.000974583 -0.000726476 -0.00107952 -0.00155087 -0.00140752 -0.00175552 -0.00141972 -0.000855767 -0.00197956 -0.00167477 -0.00198406 -0.00134737 -0.0018614 -0.00134102 -0.000902228 -0.00137178 0.000696122 0.000951599 0.00258533 
0.0023522 0.00194877 0.116275 0.00267101 0.00207322 0.00241074 0.00239656 0.00195614 -0.0011118 -0.00213525 -0.00106836 -0.00118512 -0.00177054 -0.00126914 -0.00206758 -0.00155362 -0.00197226 -0.0013862 -0.00153357 -0.00226472 -0.00170549 -0.00161634 -0.00198382 -0.00186836 -0.00162232 -0.000819744 -0.00157249 -0.00210221 -0.00209274 -0.000991193 -0.00142654 -0.00111197 -0.0017262 -0.00116003 -0.00140032 -0.0016467 -0.00134132 -0.002027 -0.00152943 -0.00119571 -0.00121374 -0.00215709 -0.00109849 -0.00135362 -0.00291946 -0.00179427 -0.00139411 -0.00121494 -0.000749771 -0.00135833 -0.00157869 -0.00189109 -0.000801157 -0.001978 -0.00151037 -0.000559107 -0.0013382 -0.00248016 -0.00128853 -0.00181542 -0.000813254 -0.000562688 -0.000575827 -0.00126159 -0.000968169 -0.00104779 -0.00151759 -0.00089316 -0.00193572 -0.0017853 -0.00113354 -0.000980649 -0.00112513 -0.00227117 -0.00119662 -0.00177989 -0.0013588 -0.00172286 -0.00192066 -0.0013792 -0.00127883 -0.00154398 -0.00161107 -0.00153772 -0.00222075 -0.00163017 -0.00185331 -0.00161272 -0.0016332 -0.00170127 -0.00106538 -0.00172395 -0.00176467 -0.00155048 -0.000785413 -0.00118435 -0.00156742 -0.00163897 0.00176327 0.00103862 
0.00239815 0.00287068 0.00267101 0.122335 0.00210502 0.00246646 0.00268742 0.00268713 0.00206075 -0.000771508 -0.00101035 -0.00177349 -0.00167725 -0.00103418 -0.00163459 -0.00122476 -0.00155343 -0.00199542 -0.00162145 -0.00314896 -0.00203153 -0.00192861 -0.00128916 -0.00227756 -0.00260663 -0.00174131 -0.00172628 -0.00136447 -0.00270764 -0.00164601 -0.00184238 -0.00201791 -0.00166331 -0.00191555 -0.00191812 -0.00101704 -0.00153803 -0.00168635 -0.000888263 -0.00166676 -0.00131858 -0.00150459 -0.00127081 -0.00223757 -0.0013574 -0.00278735 -0.00145732 -0.00156967 -0.00198274 -0.00203875 -0.00116417 -0.00110349 -0.00168379 -0.00191576 -0.00123063 -0.00182994 -0.00136875 -0.00140326 -0.00124843 -0.0011441 -0.00192149 -0.000882754 -0.00206051 -0.00146858 -0.0022604 -0.000973991 -0.00182922 -0.00158425 -0.00155094 -0.00181843 -0.0013555 -0.00148627 -0.00129231 -0.00178253 -0.00149717 -0.00246677 -0.00129123 -0.00259483 -0.00153434 -0.00162884 -0.00154285 -0.0017062 -0.00123585 -0.000978827 -0.00144316 -0.00142101 -0.00173253 -0.00221571 -0.00141535 -0.00203925 -0.000991377 -0.00151184 -0.000892475 -0.00190539 -0.000979231 -0.00152673 -0.00115702 -0.000544382 -0.00139804 0.00217155 
0.00231861 0.00218688 0.00207322 0.00210502 0.131094 0.00175722 0.00195514 0.00293449 0.00256154 0.00214783 -0.000984547 -0.00161168 -0.00156414 -0.0014568 -0.000993725 -0.00145026 -0.00165603 -0.00186462 -0.00128184 -0.00296157 -0.000898457 -0.00148031 -0.00237516 -0.00188273 -0.00167903 -0.00166882 -0.00216978 -0.00140979 -0.00169229 -0.002624 -0.00148927 -0.00165154 -0.00284071 -0.00320447 -0.00232241 -0.00162242 -0.00296298 -0.0015801 -0.00229867 -0.00150471 -0.0019852 -0.00167904 -0.00147855 -0.00184754 -0.00199744 -0.00270294 -0.00163973 -0.00211589 -0.00192271 -0.0013991 -0.00199249 -0.00206168 -0.00210168 -0.00168124 -0.00236483 -0.00190347 -0.00153614 -0.00201798 -0.00146782 -0.00134444 -0.000916376 -0.00202913 -0.00130758 -0.00104808 -0.00141116 -0.00160804 -0.00207077 -0.00081791 -0.000757893 -0.00135852 -0.00141653 -0.00120881 -0.0016794 -0.00070394 -0.00189939 -0.00180849 -0.00195722 -0.00159153 -0.00178296 -0.0020041 -0.00186018 -0.00226397 -0.00272908 -0.00168507 -0.00129433 -0.00137822 -0.00207404 -0.00133491 -0.00145187 -0.00083402 -0.00175177 -0.0016959 -0.00105684 -0.000186106 -0.000882103 -0.0015984 -0.000657551 -0.0017051 -0.00188327 -0.00101068 
0.00220141 0.00134214 0.00241074 0.00246646 0.00175722 0.131072 0.00187915 0.00321447 0.00174968 0.00140997 0.00231613 -0.000783628 -0.00159975 -0.00227694 -0.00238768 -0.00235581 -0.00275052 -0.00200041 -0.00140363 -0.00299586 -0.0017808 -0.00225156 -0.00206183 -0.00258432 -0.00209632 -0.00197801 -0.00156309 -0.00151341 -0.00188077 -0.00167782 -0.00263788 -0.002103 -0.00172246 -0.00222909 -0.00124418 -0.00118661 -0.000393455 -0.00149273 -0.00125432 -0.00197818 -0.00123059 -0.0016486 -0.00191278 -0.00177763 -0.00192226 -0.0022061 -0.00188943 -0.00174002 -0.00166346 -0.00186362 -0.00109047 -0.00119742 -0.0012078 -0.00185071 -0.00247325 -0.00142593 -0.00148012 -0.00216089 -0.00235957 -0.0017774 -0.00180961 -0.00240115 -0.00210371 -0.00142077 -0.00118918 -0.00133722 -0.00122538 -0.00150909 -0.00199619 -0.00160707 -0.00127745 -0.0012441 -0.00138848 -0.00145366 -0.00102431 -0.000902548 -0.00167711 -0.00205671 -0.00230596 -0.00133869 -0.0011071 -0.00141267 -0.00240956 -0.00177109 -0.00158891 -0.00118292 -0.0014832 -0.00148173 -0.00173958 -0.00131644 -0.00199363 -0.00166493 -0.00177813 -0.00191979 -0.000431777 -0.00092486 -0.00223206 -0.00190458 -0.00242347 -0.000722233 
-0.00163924 0.00237754 0.00239656 0.00268742 0.00195514 0.00187915 0.132614 0.00247056 0.00182779 0.00204966 0.00244638 0.00167527 -0.000386931 -0.00202494 -0.00216638 -0.00102335 -0.00210466 -0.0018212 -0.0011608 -0.00233204 -0.00181541 -0.00178887 -0.0020045 -0.000972267 -0.00294535 -0.00192057 -0.0019253 -0.00154078 -0.00193881 -0.00219414 -0.000750789 -0.00138409 -0.00157622 -0.000957964 -0.00126604 -0.00160547 -0.00178746 -0.00208315 -0.00165241 -0.0016257 -0.00134415 -0.00147362 -0.00251873 -0.00208174 -0.00177758 -0.00197177 -0.00143186 -0.00151485 -0.00123493 -0.00162102 -0.00208456 -0.0019618 -0.00237804 -0.0014567 -0.00165861 -0.00176167 -0.000914926 -0.00155756 -0.00175506 -0.0021197 -0.00228917 -0.00159053 -0.00231411 -0.00120149 -0.00210539 -0.00130007 -0.00235935 -0.0013088 -0.00237437 -0.00294831 -0.00142651 -0.00103632 -0.00160895 -0.00214825 -0.00163132 -0.00177484 -0.00132984 -0.00206469 -0.00176116 -0.00276094 -0.0016281 -0.00209642 -0.00221227 -0.000882036 -0.00219514 -0.00185744 -0.00135476 -0.00186247 -0.00184492 -0.00222841 -0.00137513 -0.00216502 -0.00168048 -0.00191147 -0.00221445 -0.00136178 -0.00153644 -0.00100726 -0.00162688 -0.000990276 
-0.00203195 -0.00194638 0.00195614 0.00268713 0.00293449 0.00321447 0.00247056 0.137459 0.00285744 0.00360873 0.00281278 0.00253861 0.00266179 -0.00148337 -0.00182598 -0.00153691 -0.00281213 -0.00169389 -0.0013058 -0.002282 -0.00199985 -0.00273093 -0.0024259 -0.00273072 -0.00265604 -0.00314496 -0.00228639 -0.0024289 -0.00185584 -0.00213424 -0.0017549 -0.00261035 -0.00186506 -0.000928377 -0.0020126 -0.00101336 -0.00205021 -0.00146968 -0.0012442 -0.0022826 -0.00204019 -0.00219434 -0.00211869 -0.00192017 -0.00197197 -0.00194168 -0.00181573 -0.0028244 -0.00135514 -0.00174296 -0.00138662 -0.00153369 -0.00297011 -0.00156595 -0.00139803 -0.00227836 -0.000933024 -0.00222547 -0.00195496 -0.00195576 -0.00163906 -0.00159994 -0.00210212 -0.00226734 -0.00140404 -0.00169274 -0.00259687 -0.00185099 -0.00157322 -0.00202745 -0.00161748 -0.00194027 -0.00187015 -0.00153929 -0.00133369 -0.00272162 -0.000298967 -0.00220057 -0.00204376 -0.00176269 -0.00169647 -0.00218054 -0.00180691 -0.00186963 -0.00051687 -0.000929598 -0.00129255 -0.00150143 -0.00212133 -0.00146216 -0.00271301 -0.00167193 -0.0010416 -0.00188218 -0.00144112 -0.00193596 -0.00244676 -0.00196573 -0.00113581 -0.000836462 
-0.00166875 -0.00159232 -0.0011118 0.00206075 0.00256154 0.00174968 0.00182779 0.00285744 0.127734 0.0015064 0.00143569 0.00252654 0.00121352 0.00147 -0.00197645 -0.00134133 -0.00173992 -0.00119916 -0.00124853 -0.0011055 -0.00230403 -0.00160376 -0.0018129 -0.00148359 -0.0025034 -0.00135037 -0.0020469 -0.00189387 -0.00204826 -0.00160469 -0.00143618 -0.00221369 -0.0022578 -0.00220105 -0.00167417 -0.00139093 -0.00178298 -0.00117633 -0.00179117 -0.00170054 -0.00178939 -0.00157485 -0.00175778 -0.00146902 -0.00121681 -0.00195558 -0.00149831 -0.00162323 -0.0014665 -0.00157611 -0.00120435 -0.00135655 -0.00132097 -0.00143886 -0.00185978 -0.00128367 -0.00125765 -0.00122639 -0.00173284 -0.00257561 -0.00176055 -0.0020388 -0.00162642 -0.000699458 -0.00212468 -0.00140637 -0.00145464 -0.00197937 -0.00174923 -0.00148122 -0.00109451 -0.00267862 -0.00106817 -0.00199429 -0.00177956 -0.00171256 -0.00251135 -0.00171039 -0.00169993 -0.00205214 -0.00178592 -0.00130436 -0.00222223 -0.00127239 -0.00164791 -0.000959846 -0.00125027 -0.00134063 -0.00172225 -0.00136773 -0.00211123 -0.00148918 -0.00176488 -0.00174872 -0.00149984 -0.00173877 -0.00168297 -0.00148689 -0.00195336 -0.00152738 
-0.00171681 -0.00107569 -0.00213525 -0.000771508 0.00214783 0.00140997 0.00204966 0.00360873 0.0015064 0.133614 0.0027481 0.00226019 0.00308902 0.00235628 -0.00180809 -0.00236049 -0.00185793 -0.00172364 -0.0023802 -0.00204047 -0.00265906 -0.00187579 -0.00183666 -0.00215489 -0.00237421 -0.00235562 -0.00188765 -0.00130795 -0.00186978 -0.00154156 -0.00177854 -0.00119966 -0.000926522 -0.00213601 -0.0014686 -0.00107609 -0.00181058 -0.00185861 -0.00276286 -0.00182952 -0.00166698 -0.00263714 -0.00176046 -0.00238622 -0.0020753 -0.0013277 -0.00140766 -0.00171558 -0.00102692 -0.00166959 -0.00202901 -0.00131152 -0.0018847 -0.00091148 -0.00143318 -0.00164739 -0.00148869 -0.00221169 -0.00170038 -0.0018564 -0.00118468 -0.00243304 -0.00149864 -0.00267175 -0.00155543 -0.0017037 -0.0018453 -0.00215266 -0.00107998 -0.00132922 -0.00127257 -0.00213626 -0.00174765 -0.00127347 -0.00249798 -0.0013098 -0.00128847 -0.00172759 -0.000848984 -0.00195975 -0.00112666 -0.00166074 -0.00157834 -0.0014547 -0.00167973 -0.00137398 -0.00190462 -0.0014864 -0.001551 -0.00209496 -0.000667724 -0.00120699 -0.00180253 -0.00108372 -0.00218512 -0.00101836 -0.00278773 -0.00220128 -0.00225922 -0.00142147 
-0.00196082 -0.00138021 -0.00106836 -0.00101035 -0.000984547 0.00231613 0.00244638 0.00281278 0.00143569 0.0027481 0.140484 0.00327456 0.0022812 0.00354089 0.0027746 0.00208882 -0.00015263 -0.000582026 -0.002067 -0.00221376 -0.0021252 -0.00163477 -0.00219817 -0.00234619 -0.00235804 -0.00267266 -0.00255881 -0.00146622 -0.00173314 -0.00136338 -0.00162959 -0.00106915 -0.00325979 -0.00172467 -0.0014972 -0.00228108 -0.00211935 -0.00219842 -0.00147091 -0.00174506 -0.00177302 -0.00133041 -0.00188903 -0.00158561 -0.00230539 -0.00193927 -0.00145102 -0.00123593 -0.000420815 -0.00236016 -0.00148101 -0.00235461 -0.0025252 -0.00149542 -0.00219715 -0.00233279 -0.00202069 -0.00190608 -0.00209856 -0.00230367 -0.00140543 -0.00153112 -0.00183738 -0.00179835 -0.00054776 -0.00191259 -0.00219619 -0.00232815 -0.00190525 -0.00178877 -0.00118737 -0.00242841 -0.00201785 -0.0018196 -0.00203412 -0.000728808 -0.00182019 -0.00286939 -0.00217131 -0.00233758 -0.0021807 -0.00280725 -0.00175303 -0.00225158 -0.00168889 -0.00251875 -0.00276899 -0.00186167 -0.00217859 -0.00186557 -0.00207218 -0.00169376 -0.00181975 -0.00180853 -0.00221068 -0.00142045 -0.0021899 -0.00168455 -0.00277283 -0.00211251 
-0.00346372 -0.00108616 -0.00118512 -0.00177349 -0.00161168 -0.000783628 0.00167527 0.00253861 0.00252654 0.00226019 0.00327456 0.140365 0.00221446 0.00172062 0.00304283 0.0029156 0.00262681 -0.00201177 -0.00180896 -0.00154364 -0.00201255 -0.00193869 -0.0020914 -0.00067096 -0.00198661 -0.00256766 -0.00251779 -0.0018019 -0.00300789 -0.00158105 -0.0029328 -0.00328353 -0.00135134 -0.00187462 -0.00219131 -0.00188062 -0.00218371 -0.00151236 -0.00238017 -0.00171776 -0.00100064 -0.00200993 -0.00133847 -0.0018668 -0.00196737 -0.00202363 -0.00168974 -0.00209641 -0.00188885 -0.0020762 -0.00186769 -0.00250132 -0.00221895 -0.0010271 -0.00246157 -0.00101403 -0.00203412 -0.00171626 -0.00200834 -0.00170176 -0.00121559 -0.00203955 -0.0020895 -0.00299444 -0.00187211 -0.00274684 -0.00152221 -0.00199957 -0.00243601 -0.00182775 -0.00138555 -0.00162308 -0.00151933 -0.00138966 -0.00162782 -0.00162691 -0.00122711 -0.00228586 -0.00213028 -0.00139231 -0.00178887 -0.00252187 -0.00198273 -0.00160784 -0.000783167 -0.000822305 -0.00128319 -0.00219938 -0.00157533 -0.00268408 -0.00195934 -0.00100006 -0.00221137 -0.00197108 -0.00194134 -0.000825972 -0.00251757 -0.00170964 -0.00193036 -0.00163158 
-0.00234384 -0.000810935 -0.00177054 -0.00167725 -0.00156414 -0.00159975 -0.000386931 0.00266179 0.00121352 0.00308902 0.0022812 0.00221446 0.132232 0.00311463 0.00293902 0.00376788 0.00213586 -0.00168057 -0.00106914 -0.00189663 -0.00192281 -0.002134 -0.00274823 -0.00244564 -0.00121587 -0.00194486 -0.00251798 -0.000975828 -0.00168406 -0.00157057 -0.000449159 -0.00188137 -0.00177191 -0.000945763 -0.000906361 -0.00137588 -0.00149154 -0.00184432 -0.00154161 -0.00156035 -0.00136893 -0.00208938 -0.00207427 -0.00215755 -0.00221824 -0.00156111 -0.00157425 -0.00173195 -0.00187297 -0.0015701 -0.00114371 -0.00259809 -0.00195719 -0.00144929 -0.00204642 -0.00167753 -0.00208667 -0.001933 -0.00210644 -0.00162104 -0.001681 -0.00208295 -0.00216748 -0.00202352 -0.00178534 -0.00132438 -0.00207735 -0.00173033 -0.00120982 -0.00154915 -0.00217137 -0.00149485 -0.00242663 -0.00119394 -0.00118202 -0.00129069 -0.00122621 -0.00218135 -0.00175659 -0.00138934 -0.0018099 -0.00181357 -0.00177086 -0.00265355 -0.00173303 -0.0019442 -0.00193507 -0.00195455 -0.00179618 -0.00163639 -0.00233163 -0.00185534 -0.00173166 -0.00129936 -0.00145603 -0.00178556 -0.00124528 -0.0021354 -0.0024606 -0.00179126 
-0.00160429 -0.000819121 -0.00126914 -0.00103418 -0.0014568 -0.00227694 -0.00202494 -0.00148337 0.00147 0.00235628 0.00354089 0.00172062 0.00311463 0.13769 0.00264898 0.00256146 0.00259032 0.00113259 0.00397472 -0.00174868 -0.00104189 -0.00270605 -0.00137021 -0.00274061 -0.00256233 -0.00236718 -0.00203285 -0.00165912 -0.00219244 -0.00210965 -0.00254004 -0.00180165 -0.00183522 -0.00187008 -0.00208733 -0.00172735 -0.00257205 -0.00147964 -0.00212557 -0.00153877 -0.00109637 -0.00271976 -0.00131261 -0.00194893 -0.0014996 -0.00179504 -0.0022681 -0.00138041 -0.00196988 -0.00266009 -0.00177857 -0.00179822 -0.00301908 -0.00126379 -0.00214004 -0.00214085 -0.0012251 -0.00242011 -0.00184289 -0.00192236 -0.00218077 -0.00114751 -0.00169844 -0.00239369 -0.00154387 -0.00189645 -0.00158194 -0.00212546 -0.0015574 -0.0015105 -0.000443598 -0.00181425 -0.00191553 -0.00124523 -0.001763 -0.00204173 -0.00154782 -0.00145235 -0.00257078 -0.00156536 -0.00172374 -0.00215457 -0.00218431 -0.00205496 -0.00253438 -0.00175583 -0.00155988 -0.00183021 -0.00187335 -0.00224416 -0.00155196 -0.00134628 -0.00143988 -0.00153858 -0.00138816 -0.00179593 -0.0017705 -0.00177531 -0.00205448 -0.00194923 
-0.00209306 -0.00100635 -0.00206758 -0.00163459 -0.000993725 -0.00238768 -0.00216638 -0.00182598 -0.00197645 -0.00180809 0.0027746 0.00304283 0.00293902 0.00264898 0.139933 0.00255302 0.00337177 0.00226568 0.00177995 0.00263744 -0.00204124 -0.00218748 -0.00102896 -0.00179686 -0.00269932 -0.00272168 -0.00212082 -0.00246728 -0.00235156 -0.00295813 -0.0014806 -0.0028538 -0.00243241 -0.00194605 -0.00171201 -0.00227277 -0.00259396 -0.00171201 -0.00193138 -0.00158368 -0.00199061 -0.00151955 -0.00147664 -0.00114795 -0.00173879 -0.00144184 -0.00243846 -0.00124481 -0.00159355 -0.00182131 -0.00125126 -0.00205233 -0.00185507 -0.0019967 -0.00205742 -0.00205993 -0.00198101 -0.00183131 -0.00142915 -0.000981698 -0.00289394 -0.00139556 -0.00168814 -0.00141414 -0.00205905 -0.00267812 -0.00176438 -0.00190917 -0.00110848 -0.00134983 -0.00162298 -0.00228271 -0.00214035 -0.0023731 -0.00192115 -0.000720952 -0.00214482 -0.00185004 -0.00145166 -0.00144077 -0.00185721 -0.00257747 -0.0014282 -0.00188678 -0.00174378 -0.00164084 -0.00176719 -0.00144881 -0.00140408 -0.00162507 -0.00216947 -0.00103868 -0.00120315 -0.00168226 -0.00156452 -0.00157951 -0.00164974 -0.000984261 -0.00268105 -0.00104391 
-0.00145711 -0.000156722 -0.00155362 -0.00122476 -0.00145026 -0.00235581 -0.00102335 -0.00153691 -0.00134133 -0.00236049 0.00208882 0.0029156 0.00376788 0.00256146 0.00255302 0.13874 0.00305136 0.00288945 0.00311665 0.00343182 -0.00143718 -0.00177847 -0.00187484 -0.00223231 -0.00259602 -0.00327236 -0.00254796 -0.00242802 -0.00187008 -0.00217401 -0.00162311 -0.00159734 -0.001945 -0.00254917 -0.00200759 -0.000950442 -0.00295389 -0.00174809 -0.00122894 -0.00161757 -0.00152625 -0.00165049 -0.00189673 -0.00173156 -0.00148487 -0.000676452 -0.00118035 -0.00144288 -0.002235 -0.00128168 -0.00183978 -0.00128526 -0.00149984 -0.00204945 -0.00203054 -0.00204027 -0.0014027 -0.00161167 -0.00221778 -0.00267863 -0.00217656 -0.00198697 -0.002299 -0.00219974 -0.00179131 -0.00131545 -0.0017679 -0.0016511 -0.00166823 -0.00202656 -0.00110383 -0.00204422 -0.00144617 -0.00169276 -0.00278171 -0.00130371 -0.00166289 -0.00259778 -0.00177982 -0.00250147 -0.0018667 -0.00218266 -0.00192275 -0.00214086 -0.00132767 -0.00129589 -0.00164122 -0.00162666 -0.00174309 -0.00186363 -0.00230843 -0.00294722 -0.00293441 -0.00163459 -0.0017346 -0.00201753 -0.00223624 -0.0024705 -0.00146371 -0.00130605 
-0.00120257 -0.00198367 -0.00197226 -0.00155343 -0.00165603 -0.00275052 -0.00210466 -0.00281213 -0.00173992 -0.00185793 -0.00015263 0.00262681 0.00213586 0.00259032 0.00337177 0.00305136 0.146459 0.00332294 0.00223248 0.0016562 0.00301216 0.00216734 -0.00173536 -0.00215141 -0.00205924 -0.00212463 -0.00305385 -0.0016275 -0.00246637 -0.00281366 -0.00189855 -0.00246594 -0.00250046 -0.00288015 -0.00137853 -0.00150149 -0.00117843 -0.0027343 -0.00213041 -0.00278412 -0.00231328 -0.00222933 -0.00211989 -0.00134089 -0.0019462 -0.0016702 -0.00153729 -0.00180328 -0.00198472 -0.0020128 -0.00131513 -0.00169801 -0.00159091 -0.0019862 -0.00207928 -0.00246749 -0.00149303 -0.002174 -0.00239045 -0.00188137 -0.00203523 -0.00125253 -0.002685 -0.0025776 -0.00117056 -0.00287723 -0.00253714 -0.00169244 -0.000456017 -0.00154563 -0.00151584 -0.00197434 -0.0013934 -0.00193655 -0.00156043 -0.00151587 -0.00223951 -0.00160767 -0.00117269 -0.0023843 -0.00224821 -0.00177392 -0.00224628 -0.00199402 -0.00106666 -0.00141442 -0.00190876 -0.00204314 -0.00149985 -0.00221288 -0.00187751 -0.00141391 -0.00167915 -0.00173518 -0.00259894 -0.00234484 -0.00257434 -0.00256873 -0.00217904 -0.00181212 
-0.00237131 -0.00184848 -0.0013862 -0.00199542 -0.00186462 -0.00200041 -0.0018212 -0.00169389 -0.00119916 -0.00172364 -0.000582026 -0.00201177 -0.00168057 0.00113259 0.00226568 0.00288945 0.00332294 0.150519 0.00277446 0.00441452 0.00242536 0.00212173 0.00273676 -0.00191935 -0.000656406 -0.00240172 -0.00178438 -0.00310705 -0.00187276 -0.00204949 -0.00242368 -0.0015864 -0.00170422 -0.00248878 -0.00134178 -0.00188127 -0.00277931 -0.00156331 -0.00206447 -0.00293551 -0.0015323 -0.00140403 -0.00121503 -0.0020409 -0.00277224 -0.00223074 -0.00198141 -0.0015078 -0.0010631 -0.00223948 -0.00129136 -0.00264574 -0.00205619 -0.00155065 -0.00196535 -0.00279408 -0.00159926 -0.00239259 -0.0010351 -0.00164644 -0.00195664 -0.00241412 -0.00213757 -0.0021507 -0.00136659 -0.00269448 -0.00221824 -0.00269964 -0.00177689 -0.00277973 -0.00145427 -0.00189268 -0.00184979 -0.00162816 -0.00201127 -0.00203702 -0.0021281 -0.0023625 -0.00266929 -0.00245094 -0.00203865 -0.0023434 -0.00154631 -0.00202942 -0.00139424 -0.00221186 -0.00168763 -0.00197582 -0.00126101 -0.00218876 -0.00125569 -0.00204808 -0.00235798 -0.00152882 -0.00130497 -0.00227129 -0.00235906 -0.00196923 -0.00231939 -0.00212966 
-0.00153101 -0.00238093 -0.00153357 -0.00162145 -0.00128184 -0.00140363 -0.0011608 -0.0013058 -0.00124853 -0.0023802 -0.002067 -0.00180896 -0.00106914 0.00397472 0.00177995 0.00311665 0.00223248 0.00277446 0.143143 0.00357559 0.00346889 0.00217812 0.00220539 -0.00182671 -0.00071853 -0.00203321 -0.0023565 -0.0021239 -0.00285104 -0.00193186 -0.00134649 -0.00159853 -0.00235626 -0.00277598 -0.00160219 -0.00164549 -0.00209181 -0.00223687 -0.00225785 -0.00162288 -0.0018298 -0.00262163 -0.00332864 -0.00192725 -0.00279733 -0.00284112 -0.00230849 -0.00214378 -0.00160354 -0.00211647 -0.00148598 -0.00107746 -0.00110973 -0.00184622 -0.00160342 -0.000652654 -0.000780519 -0.00187665 -0.00109076 -0.00222378 -0.0023999 -0.00194958 -0.00232548 -0.00149256 -0.00271034 -0.00265681 -0.00134605 -0.00283281 -0.00215943 -0.00231462 -0.00134801 -0.00185573 -0.00130705 -0.00276602 -0.0015828 -0.00260183 -0.00105958 -0.00148082 -0.00133754 -0.00214843 -0.00164184 -0.00160443 -0.00205348 -0.00280617 -0.00144371 -0.0022107 -0.00206016 -0.00200753 -0.00218424 -0.00182761 -0.00220641 -0.00163969 -0.00229397 -0.00123606 -0.00138506 -0.00121707 -0.00174014 -0.00227088 -0.00195403 -0.00155599 
-0.0022458 -0.00267422 -0.00226472 -0.00314896 -0.00296157 -0.00299586 -0.00233204 -0.002282 -0.0011055 -0.00204047 -0.00221376 -0.00154364 -0.00189663 -0.00174868 0.00263744 0.00343182 0.0016562 0.00441452 0.00357559 0.158469 0.00259836 0.0026875 0.00308593 0.00170874 0.00302841 -0.00238318 -0.00150341 -0.00295718 -0.00164627 -0.00226383 -0.00207865 -0.00296302 -0.00310464 -0.00324542 -0.00163897 -0.00243785 -0.00199967 -0.00192476 -0.00206105 -0.00257922 -0.00145787 -0.00180763 -0.00111163 -0.00270701 -0.00072392 -0.00244148 -0.00221309 -0.00286904 -0.00258748 -0.00211702 -0.00285076 -0.00131131 -0.00147215 -0.00180272 -0.00240361 -0.0018595 -0.00249915 -0.00222358 -0.00142804 -0.00232079 -0.00188715 -0.00283679 -0.0021447 -0.00198765 -0.00251327 -0.00246519 -0.00271861 -0.00247248 -0.00221018 -0.00261405 -0.0028691 -0.00278631 -0.00171139 -0.00195454 -0.00246434 -0.00204052 -0.00161997 -0.00149674 -0.00247255 -0.00200924 -0.00134306 -0.00233074 -0.0026507 -0.00223925 -0.00150976 -0.0022687 -0.0019206 -0.00182759 -0.00189524 -0.00118246 -0.0012565 -0.00201937 -0.0015868 -0.00151914 -0.00200055 -0.00195213 -0.00241105 -0.00106505 -0.00103527 -0.001556 
-0.00190435 -0.00116221 -0.00170549 -0.00203153 -0.000898457 -0.0017808 -0.00181541 -0.00199985 -0.00230403 -0.00265906 -0.0021252 -0.00201255 -0.00192281 -0.00104189 -0.00204124 -0.00143718 0.00301216 0.00242536 0.00346889 0.00259836 0.139658 0.00251177 0.00342303 0.00417695 0.00216561 0.00293772 -0.00134659 -0.00255025 -0.00210119 -0.00248182 -0.00154284 -0.00210468 -0.00180653 -0.00144766 -0.0019289 -0.00153522 -0.00220555 -0.00180481 -0.00198858 -0.00206719 -0.00156299 -0.00181521 -0.00228871 -0.00190391 -0.00179235 -0.00242273 -0.00232047 -0.00171166 -0.00150122 -0.00220706 -0.00273738 -0.0025968 -0.00149326 -0.0020419 -0.00232781 -0.00158371 -0.00129258 -0.00148308 -0.00163804 -0.00137382 -0.00160499 -0.00172199 -0.00151558 -0.00166634 -0.00197034 -0.00176036 -0.00156668 -0.00254182 -0.00143792 -0.0021602 -0.00176589 -0.00204279 -0.00170934 -0.00232162 -0.00205642 -0.00130851 -0.0019575 -0.0020129 -0.00105456 -0.00128124 -0.00185657 -0.00150561 -0.00194449 -0.00190828 -0.00118602 -0.00127205 -0.00208084 -0.00198481 -0.00103851 -0.00214628 -0.00243291 -0.00171273 -0.00216537 -0.00256181 -0.00233155 -0.00265146 -0.00222418 -0.00172309 -0.000904474 -0.00144125 
-0.00199498 -0.00197336 -0.00161634 -0.00192861 -0.00148031 -0.00225156 -0.00178887 -0.00273093 -0.00160376 -0.00187579 -0.00163477 -0.00193869 -0.002134 -0.00270605 -0.00218748 -0.00177847 0.00216734 0.00212173 0.00217812 0.0026875 0.00251177 0.143146 0.00411954 0.0017391 0.00399924 0.00288573 -0.00126076 -0.00196164 -0.00102078 -0.000948093 -0.0020246 -0.00241633 -0.00245 -0.00215695 -0.0019795 -0.00255187 -0.00144179 -0.00160957 -0.00232328 -0.00216795 -0.00173559 -0.00219444 -0.00245051 -0.00264788 -0.00231289 -0.001779 -0.00178407 -0.0018021 -0.00117137 -0.00118132 -0.00182673 -0.00265119 -0.00217675 -0.00171005 -0.00190991 -0.00135326 -0.00199289 -0.00184481 -0.00188742 -0.00247003 -0.00217241 -0.00211872 -0.00187446 -0.00113252 -0.000935501 -0.00100424 -0.00199939 -0.00243327 -0.00226326 -0.00174454 -0.00179754 -0.00124787 -0.00226623 -0.00138377 -0.00196119 -0.00195181 -0.00174171 -0.00193994 -0.00190999 -0.00199356 -0.00238588 -0.00196657 -0.00220891 -0.00225299 -0.00200238 -0.000947418 -0.00189735 -0.00133151 -0.00162773 -0.00140638 -0.00216042 -0.00184571 -0.0014318 -0.00218444 -0.00163166 -0.00135534 -0.00127263 -0.00153324 -0.00199878 -0.00142327 
-0.00242598 -0.00305814 -0.00198382 -0.00128916 -0.00237516 -0.00206183 -0.0020045 -0.0024259 -0.0018129 -0.00183666 -0.00219817 -0.0020914 -0.00274823 -0.00137021 -0.00102896 -0.00187484 -0.00173536 0.00273676 0.00220539 0.00308593 0.00342303 0.00411954 0.145416 0.00270608 0.0046258 0.00157252 0.00240325 -0.00157479 -0.00108355 -0.00196145 -0.00177629 -0.00138689 -0.00147513 -0.00250044 -0.00174838 -0.00181901 -0.00148774 -0.00198248 -0.00164857 -0.00224245 -0.00208253 -0.00180213 -0.00309417 -0.0022843 -0.00197441 -0.00213958 -0.00148736 -0.0011969 -0.00138146 -0.0020554 -0.00130133 -0.00191946 -0.00193533 -0.000965391 -0.00229246 -0.00180041 -0.0020679 -0.00214924 -0.00189022 -0.00207145 -0.00257655 -0.00197521 -0.00167368 -0.00200571 -0.00226836 -0.0018237 -0.00195486 -0.00209465 -0.0010659 -0.0022219 -0.00200475 -0.00214119 -0.00208602 -0.00251194 -0.00222881 -0.00173891 -0.00216942 -0.0016625 -0.00182787 -0.00276176 -0.00179241 -0.00245624 -0.0016651 -0.00163497 -0.00194511 -0.00166314 -0.0015709 -0.0022337 -0.00229713 -0.00216439 -0.00148328 -0.00107461 -0.0015498 -0.00170281 -0.00250224 -0.00228105 -0.0020929 -0.000951614 -0.00199191 -0.0015474 
-0.00194363 -0.00216651 -0.00186836 -0.00227756 -0.00188273 -0.00258432 -0.000972267 -0.00273072 -0.00148359 -0.00215489 -0.00234619 -0.00067096 -0.00244564 -0.00274061 -0.00179686 -0.00223231 -0.00215141 -0.00191935 -0.00182671 0.00170874 0.00417695 0.0017391 0.00270608 0.137208 0.00353848 0.00235659 0.00186922 0.00252032 -0.0014655 -0.00151634 -0.00123546 -0.00113714 -0.0018133 -0.00177907 -0.00183574 -0.00189969 -0.00271649 -0.00206389 -0.00249298 -0.00231579 -0.00217008 -0.00145491 -0.00197713 -0.00134471 -0.00171992 -0.00171254 -0.00223451 -0.00167048 -0.00173618 -0.00160801 -0.00158453 -0.0019803 -0.0018454 -0.00162113 -0.00112024 -0.00185909 -0.00184171 -0.00156817 -0.00235144 -0.00149971 -0.00113567 -0.00219629 6.7782e-05 -0.00152121 -0.00153873 -0.00201069 -0.00148789 -0.00106479 -0.000915331 -0.00165792 -0.00219547 -0.00145999 -0.00118005 -0.00179518 -0.00175137 -0.00221285 -0.00200808 -0.00188254 -0.00143655 -0.00191423 -0.00122748 -0.0019047 -0.00143083 -0.000872961 -0.00169271 -0.00140268 -0.00216009 -0.0013123 -0.00136339 -0.00187116 -0.00163987 -0.00137392 -0.00126142 -0.00231385 -0.00195233 -0.00167408 -0.00147722 -0.00141117 -0.00124473 -0.0015735 
-0.00262505 -0.00163376 -0.00162232 -0.00260663 -0.00167903 -0.00209632 -0.00294535 -0.00265604 -0.0025034 -0.00237421 -0.00235804 -0.00198661 -0.00121587 -0.00256233 -0.00269932 -0.00259602 -0.00205924 -0.000656406 -0.00071853 0.00302841 0.00216561 0.00399924 0.0046258 0.00353848 0.145122 0.00315146 0.00308099 0.00274679 0.00292012 0.002585 -0.00232481 -0.00207182 -0.00271318 -0.00185069 -0.00249015 -0.00221573 -0.00173964 -0.00224937 -0.00332399 -0.00208049 -0.00155682 -0.0023631 -0.00103985 -0.00272962 -0.00193617 -0.00222339 -0.0020156 -0.00293632 -0.00205509 -0.0019419 -0.00121107 -0.00242545 -0.00171673 -0.00149243 -0.00158163 -0.00171583 -0.00179838 -0.00183455 -0.00285528 -0.00149063 -0.00267511 -0.00192403 -0.00194703 -0.00171599 -0.00230785 -0.00144312 -0.00208709 -0.00184261 -0.00180997 -0.00196725 -0.00145146 -0.00284429 -0.0027361 -0.00228639 -0.00173405 -0.00259028 -0.00180941 -0.00213073 -0.00162132 -0.00196741 -0.00153446 -0.00263735 -0.00170928 -0.00169294 -0.00218613 -0.00229683 -0.00139139 -0.00148042 -0.00248428 -0.00117867 -0.00142255 -0.000567507 -0.00189892 -0.0023509 -0.00124561 -0.00137694 -0.0015589 -0.00235295 -0.00143321 -0.00169864 
-0.0023045 -0.00199332 -0.000819744 -0.00174131 -0.00166882 -0.00197801 -0.00192057 -0.00314496 -0.00135037 -0.00235562 -0.00267266 -0.00256766 -0.00194486 -0.00236718 -0.00272168 -0.00327236 -0.00212463 -0.00240172 -0.00203321 -0.00238318 0.00293772 0.00288573 0.00157252 0.00235659 0.00315146 0.147365 0.00339307 0.00288654 0.00370176 0.0028566 0.00223065 -0.00212108 -0.0014352 -0.00206063 -0.00140157 -0.00181023 -0.00271254 -0.00205406 -0.0022181 -0.00223277 -0.00146162 -0.00180314 -0.00228623 -0.00235067 -0.00166568 -0.00281464 -0.00211617 -0.00130788 -0.00132545 -0.00165961 -0.00202053 -0.00266285 -0.00214675 -0.00247581 -0.00150888 -0.00132163 -0.00162415 -0.000812741 -0.00198391 -0.00320532 -0.0024294 -0.00210976 -0.00176912 -0.00130324 -0.00204894 -0.00144137 -0.00207766 -0.00177011 -0.00175203 -0.0018768 -0.00167616 -0.00182649 -0.00263975 -0.00127576 -0.00147425 -0.00172125 -0.00222376 -0.00231979 -0.00145623 -0.00169924 -0.00268702 -0.00192109 -0.00189945 -0.00249301 -0.00228302 -0.00123739 -0.00229564 -0.00224153 -0.00207347 -0.00144155 -0.00179016 -0.00174874 -0.00154952 -0.00165878 -0.00250476 -0.00181038 -0.00215821 -0.00169081 -0.000765429 -0.00183063 
-0.00133128 -0.00156104 -0.00157249 -0.00172628 -0.00216978 -0.00156309 -0.0019253 -0.00228639 -0.0020469 -0.00188765 -0.00255881 -0.00251779 -0.00251798 -0.00203285 -0.00212082 -0.00254796 -0.00305385 -0.00178438 -0.0023565 -0.00150341 -0.00134659 -0.00126076 0.00240325 0.00186922 0.00308099 0.00339307 0.138972 0.00299072 0.00243673 0.00268446 0.00245845 0.00237768 -0.00128162 -0.00106121 -0.00202128 -0.00151817 -0.00197879 -0.00181529 -0.0017754 -0.00126227 -0.00251576 -0.0026741 -0.00235086 -0.00175184 -0.00159359 -0.0011706 -0.00179582 -0.00183373 -0.00201183 -0.00252416 -0.00193718 -0.00154393 -0.00181954 -0.00220591 -0.00111367 -0.0018857 -0.00170168 -0.00222701 -0.00181708 -0.000808298 -0.00230382 -0.0019637 -0.00160723 -0.00145611 -0.00177297 -0.0021288 -0.00217857 -0.00210928 -0.00146933 -0.0013905 -0.0022085 -0.00138523 -0.00118531 -0.00184546 -0.0014756 -0.00106161 -0.00209825 -0.00140712 -0.00176662 -0.00186894 -0.00119392 -0.00107707 -0.00158917 -0.00186341 -0.00182055 -0.00213405 -0.00108025 -0.00180361 -0.00164019 -0.00171285 -0.00225394 -0.0019569 -0.00184102 -0.00226998 -0.00223633 -0.00141793 -0.00220898 -0.00192281 -0.000756234 -0.00153595 
-0.00247031 -0.00137279 -0.00210221 -0.00136447 -0.00140979 -0.00151341 -0.00154078 -0.0024289 -0.00189387 -0.00130795 -0.00146622 -0.0018019 -0.000975828 -0.00165912 -0.00246728 -0.00242802 -0.0016275 -0.00310705 -0.0021239 -0.00295718 -0.00255025 -0.00196164 -0.00157479 0.00252032 0.00274679 0.00288654 0.00299072 0.137237 0.00248493 0.00291918 0.00169017 0.0028143 0.00254265 -0.00114962 -0.0017671 -0.00207058 -0.00171305 -0.00175468 -0.00193254 -0.0012459 -0.00213587 -0.00183572 -0.00167854 -0.00176043 -0.00128316 -0.00265169 -0.00166558 -0.00238808 -0.00284495 -0.00207369 -0.00254777 -0.000559857 -0.00194727 -0.00228234 -0.00165589 -0.000774146 -0.00123919 -0.000967359 -0.00195756 -0.00091244 -0.00219868 -0.00116093 -0.00239312 -0.00142567 -0.00226353 -0.00222272 -0.00165888 -0.00241753 -0.0017248 -0.00216722 -0.00180034 -0.00206466 -0.00249077 -0.00143622 -0.00213614 -0.00175717 -0.00230333 -0.00120221 -0.00149533 -0.00200566 -0.00135083 -0.00147689 -0.00176888 -0.0021587 -0.00191259 -0.00121307 -0.0014762 -0.0021551 -0.0013075 -0.00137542 -0.000891571 -0.00169113 -0.00176104 -0.00228181 -0.00224154 -0.00162977 -0.00119003 -0.00210267 -0.000877962 -0.000744807 
-0.00280453 -0.00239487 -0.00209274 -0.00270764 -0.00169229 -0.00188077 -0.00193881 -0.00185584 -0.00204826 -0.00186978 -0.00173314 -0.00300789 -0.00168406 -0.00219244 -0.00235156 -0.00187008 -0.00246637 -0.00187276 -0.00285104 -0.00164627 -0.00210119 -0.00102078 -0.00108355 -0.0014655 0.00292012 0.00370176 0.00243673 0.00248493 0.13887 0.00303963 0.00327327 0.0027306 0.0021008 0.00254652 -0.00172019 -0.00163894 -0.00211463 -0.00125545 -0.00189352 -0.00218071 -0.00208478 -0.0028055 -0.00168943 -0.0014743 -0.00233759 -0.00218194 -0.00180061 -0.00183299 -0.00170701 -0.00175235 -0.00207467 -0.00136157 -0.00180375 -0.00195689 -0.00153605 -0.00117931 -0.00153291 -0.00173386 -0.000792148 -0.00115835 -0.0013242 -0.00103722 -0.00103524 -0.00234154 -0.00177752 -0.0014605 -0.00145533 -0.0021259 -0.00159066 -0.00178101 -0.00152169 -0.000931558 -0.00260509 -0.00186886 -0.00154343 -0.00130358 -0.00230465 -0.00133374 -0.00206793 -0.00147751 -0.00120659 -0.00196846 -0.00251701 -0.00308854 -0.00191656 -0.00156884 -0.00158658 -0.0014709 -0.00257283 -0.0017215 -0.00185155 -0.00170647 -0.00200544 -0.00225854 -0.00155744 -0.00133257 -0.00182291 -0.00204219 -0.001126 -0.00166449 
-0.00145545 -0.00176878 -0.000991193 -0.00164601 -0.002624 -0.00167782 -0.00219414 -0.00213424 -0.00160469 -0.00154156 -0.00136338 -0.00158105 -0.00157057 -0.00210965 -0.00295813 -0.00217401 -0.00281366 -0.00204949 -0.00193186 -0.00226383 -0.00248182 -0.000948093 -0.00196145 -0.00151634 0.002585 0.0028566 0.00268446 0.00291918 0.00303963 0.131634 0.00224725 0.00292913 0.00177627 0.00267777 -0.00122728 -0.000862789 -0.0018831 -0.00187494 -0.00179647 -0.00167691 -0.00161815 -0.00196402 -0.00219319 -0.00171653 -0.0019628 -0.0023715 -0.00179788 -0.00166279 -0.00173587 -0.00172109 -0.00213305 -0.00187267 -0.00194903 -0.00145439 -0.00129564 -0.00178943 -0.00131941 -0.00140801 -0.00234987 -0.00175704 -0.00164328 -0.00140476 -0.000813804 -0.00110407 -0.00192311 -0.00141516 -0.00145169 -0.00111306 -0.00179609 -0.00120156 -0.00152546 -0.00111849 -0.00112974 -0.000710431 -0.00136275 -0.00217092 -0.0019916 -0.00141002 -0.00234098 -0.00156395 -0.0019847 -0.00144623 -0.00219783 -0.00162461 -0.00155321 -0.00171596 -0.00119422 -0.00143245 -0.00181402 -0.00187135 -0.0022241 -0.00128233 -0.00223661 -0.00186283 -0.00263925 -0.00201754 -0.00128357 -0.00128063 -0.00163758 -0.00210468 
-0.00166932 -0.00161139 -0.00142654 -0.00184238 -0.00148927 -0.00263788 -0.000750789 -0.0017549 -0.00143618 -0.00177854 -0.00162959 -0.0029328 -0.000449159 -0.00254004 -0.0014806 -0.00162311 -0.00189855 -0.00242368 -0.00134649 -0.00207865 -0.00154284 -0.0020246 -0.00177629 -0.00123546 -0.00232481 0.00223065 0.00245845 0.00169017 0.00327327 0.00224725 0.127852 0.00345214 0.00201988 0.00353658 0.00170012 0.00207983 -0.00125095 -0.000446071 -0.00135788 -0.00196165 -0.00173109 -0.00181214 -0.00181198 -0.00207228 -0.00144079 -0.00207935 -0.00196528 -0.000739615 -0.00139564 -0.00151725 -0.00183625 -0.00228067 -0.00173532 -0.00167378 -0.00111843 -0.00157575 -0.00217679 -0.00177437 -0.00145977 -0.00186804 -0.00151811 -0.00162423 -0.00156835 -0.00236874 -0.00205635 -0.00201838 -0.00131232 -0.00205449 -0.00200091 -0.00204944 -0.00210828 -0.0019402 -0.00157834 -0.00260606 -0.00159175 -0.00208639 -0.00167444 -0.00205108 -0.00185506 -0.00123049 -0.00156802 -0.00195932 -0.00184327 -0.00163855 -0.00220034 -0.00150352 -0.00135956 -0.00134207 -0.00239074 -0.00116153 -0.00130194 -0.00123343 -0.00119577 -0.00205708 -0.0020436 -0.0015576 -0.00221284 -0.00140878 -0.000620694 -0.00186289 
-0.00147263 -0.00207807 -0.00111197 -0.00201791 -0.00165154 -0.002103 -0.00138409 -0.00261035 -0.00221369 -0.00119966 -0.00106915 -0.00328353 -0.00188137 -0.00180165 -0.0028538 -0.00159734 -0.00246594 -0.0015864 -0.00159853 -0.00296302 -0.00210468 -0.00241633 -0.00138689 -0.00113714 -0.00207182 -0.00212108 0.00237768 0.0028143 0.0027306 0.00292913 0.00345214 0.135607 0.00269821 0.00164175 0.00165467 0.00210522 0.00248099 -0.00132375 -0.00202203 -0.000151465 -0.00200547 -0.00217621 -0.00251651 -0.00174038 -0.00206916 -0.00194386 -0.00182759 -0.00132335 -0.00209886 -0.000580951 -0.00171807 -0.00137351 -0.00199789 -0.0017174 -0.00127574 -0.000692342 -0.00276996 -0.0022077 -0.00222158 -0.00183056 -0.00139305 -0.00251312 -0.00187599 -0.00187761 -0.00134786 -0.00227496 -0.000987685 -0.00106245 -0.00224006 -0.00124192 -0.00121799 -0.00129068 -0.00172734 -0.00096561 -0.000830613 -0.00201365 -0.00170741 -0.000930047 -0.00222567 -0.000985615 -0.00215873 -0.0020432 -0.0020235 -0.00200614 -0.00224096 -0.00313792 -0.0021517 -0.00210616 -0.00138796 -0.00198838 -0.00165082 -0.00124661 -0.0023657 -0.000863924 -0.00232793 -0.00245408 -0.00198492 -0.0019893 -0.00191059 -0.00197755 
-0.00203953 -0.00214238 -0.0017262 -0.00166331 -0.00284071 -0.00172246 -0.00157622 -0.00186506 -0.0022578 -0.000926522 -0.00325979 -0.00135134 -0.00177191 -0.00183522 -0.00243241 -0.001945 -0.00250046 -0.00170422 -0.00235626 -0.00310464 -0.00180653 -0.00245 -0.00147513 -0.0018133 -0.00271318 -0.0014352 -0.00128162 0.00254265 0.0021008 0.00177627 0.00201988 0.00269821 0.13001 0.00269208 0.00164751 0.00207117 0.00289724 0.00134855 -0.00154098 -0.00126239 -0.00104628 -0.00138869 -0.00136698 -0.00178735 -0.00131692 -0.00165844 -0.000845328 -0.00213486 -0.0018195 -0.00188136 -0.0019933 -0.000903836 -0.00223427 -0.00234789 -0.00239378 -0.00113877 -0.00132309 -0.00158138 -0.00213361 -0.00178699 -0.00122452 -0.00132468 -0.001189 -0.00242955 -0.00199703 -0.00193304 -0.000756354 -0.00131526 -0.00207267 -0.00190498 -0.00186659 -0.00138934 -0.0022325 -0.00234734 -0.00142486 -0.00145671 -0.001445 -0.00209183 -0.00122923 -0.00108994 -0.00160616 -0.00141689 -0.00189362 -0.00118369 -0.00178347 -0.00175297 -0.00278909 -0.00176453 -0.00114052 -0.00138983 -0.00158638 -0.00123155 -0.00167749 -0.00129127 -0.00109997 -0.00154509 -0.00111511 -0.000613937 -0.00126075 -0.00105896 
