0.122571 0.00215193 0.00215044 0.00176372 0.00235966 0.00256118 -0.000983569 -0.000631253 -0.00189058 -0.00116876 -0.0016885 -0.00125904 -0.00188021 -0.00228832 -0.00224428 -0.00116636 -0.00152329 -0.00246264 -0.00287085 -0.00205816 -0.00178914 -0.00215606 -0.00127788 -0.00166572 -0.00149277 -0.00175671 -0.00202396 -0.00216079 -0.00165448 -0.00219066 -0.00205 -0.00177621 -0.00134718 -0.00172226 -0.000789804 -0.00200614 -0.00200076 -0.00150532 -0.00180128 -0.0015687 -0.00164373 -0.00181552 -0.00190041 -0.00181444 -0.0019978 -0.00134247 -0.00124204 -0.00184804 -0.00134828 -0.00157682 -0.00208191 -0.00105429 -0.00143529 -0.00200123 -0.0016776 -0.00136941 -0.00228774 -0.00127918 -0.0020249 -0.00213882 -0.00219841 -0.00117554 -0.00120329 -0.0018693 -0.00155134 -0.00142268 -0.00181741 -0.00110307 -0.000929703 -0.00146679 -0.00194516 -0.000854367 -0.00159587 -0.00215982 -0.00144555 -0.000856185 -0.00121434 -0.00101517 -0.000353806 -0.00109095 -0.000715163 -0.00119363 -0.000821898 -0.00091695 -0.00152002 -0.00196977 -0.00141155 -0.00165672 -0.00100673 -0.00110593 -0.00199278 -0.00142432 -0.00143245 -0.00185921 -0.000943042 -0.00153448 0.000803926 0.00205439 0.00231458 0.00277451 
0.00215193 0.123699 0.00307247 0.00309836 0.00210159 0.00233601 0.00141745 -0.00119024 -0.00146178 -0.000781082 -0.00144625 -0.00227046 -0.00118575 -0.00162826 -0.00114486 -0.00128577 -0.00138742 -0.00111911 -0.00151322 -0.00171361 -0.00227823 -0.00167758 -0.0015584 -0.00227987 -0.00231907 -0.0016832 -0.00157107 -0.00261222 -0.00224344 -0.00171839 -0.00200119 -0.00260506 -0.00210202 -0.0027616 -0.00122541 -0.00218501 -0.0020013 -0.00140869 -0.00157742 -0.00122664 -0.00113092 -0.00157595 -0.00149968 -0.0015643 -0.00134635 -0.00192711 -0.00127269 -0.00130597 -0.00140485 -0.00182456 -0.00189879 -0.00138082 -0.00131076 -0.00211566 -0.00123661 -0.00189729 -0.00193263 -0.00129424 -0.00225871 -0.0017478 -0.00188964 -0.00116422 -0.00267285 -0.000877537 -0.00158015 -0.00161198 -0.0010564 -0.00177653 -0.00195816 -0.00142254 -0.00170859 -0.00161893 -0.000934046 -0.00116481 -0.00171504 -0.00174973 -0.00116538 -0.00124365 -0.00161067 -0.00174482 -0.00141911 -0.00124547 -0.00146695 -0.000976912 -0.0015908 -0.00086504 -0.00202538 -0.00148747 -0.00171919 -0.00164291 -0.00163703 -0.000812719 -0.00160054 -0.00122739 -0.00116292 -0.00187105 -0.000266899 0.00139977 0.00143764 0.00205899 
0.00215044 0.00307247 0.124136 0.00265203 0.00212226 0.00234816 0.00213921 0.00259215 -0.000749799 -0.00185552 -0.0016195 -0.00193731 -0.00176798 -0.00236657 -0.00250644 -0.00139432 -0.00201351 -0.00203049 -0.0013079 -0.00128737 -0.00128762 -0.00114553 -0.00116999 -0.000944799 -0.00153188 -0.00297474 -0.00232686 -0.00113772 -0.00187382 -0.00161134 -0.00197661 -0.001332 -0.00190635 -0.00220857 -0.00178765 -0.00106369 -0.0027969 -0.000841555 -0.00184283 -0.0017907 -0.00135455 -0.00135756 -0.000881012 -0.00206956 -0.00175512 -0.00145989 -0.0016258 -0.00170534 -0.00221165 -0.000827493 -0.000968945 -0.00093033 -0.00155022 -0.00118739 -0.00181055 -0.00184893 -0.000693438 -0.00147239 -0.00156016 -0.00138963 -0.0019408 -0.00175184 -0.00155596 -0.00193947 -0.00122228 -0.00173027 -0.00261359 -0.00197468 -0.000789675 -0.00185217 -0.00121122 -0.00161717 -0.00236264 -0.0011128 -0.00159935 -0.00113862 -0.00114571 -0.00114855 -0.000718702 -0.00178832 -0.00161189 -0.00181038 -0.00142033 -0.00216447 -0.000858433 -0.00165713 -0.00189712 -0.00120966 -0.00158583 -0.00148936 -0.00235164 -0.00137459 -0.00173049 -0.00147783 -0.00180249 -0.00157077 -0.00199373 -0.00146361 0.000477509 0.00204074 
0.00176372 0.00309836 0.00265203 0.128809 0.00259859 0.00228792 0.0023905 0.00295585 0.000909079 -0.00145222 -0.00209342 -0.00109094 -0.00220875 -0.00199969 -0.00206606 -0.00124873 -0.000567137 -0.00164734 -0.000822402 -0.00160807 -0.00251179 -0.0020293 -0.00168124 -0.00128871 -0.00182766 -0.00172709 -0.00228105 -0.00172169 -0.000952749 -0.00217736 -0.00195534 -0.00170206 -0.00169237 -0.00214298 -0.00161795 -0.00223889 -0.00190777 -0.000971877 -0.00177258 -0.000885395 -0.00214489 -0.0015306 -0.00221205 -0.00185871 -0.00164647 -0.0021448 -0.00172607 -0.00177017 -0.00160033 -0.00117864 -0.00186693 -0.00129209 -0.00139291 -0.000667612 -0.00143057 -0.00139597 -0.00150371 -0.00239035 -0.00203259 -0.00128945 -0.000957612 -0.00140188 -0.00130406 -0.00162084 -0.00219769 -0.00155286 -0.00211412 -0.000923449 -0.00174409 -0.00176684 -0.00139628 -0.00190985 -0.0018822 -0.00214744 -0.00191009 -0.00174266 -0.00146368 -0.00228873 -0.00169374 -0.00157395 -0.00131307 -0.000727816 -0.00173778 -0.0017921 -0.00177153 -0.00130645 -0.00137145 -0.00136272 -0.000735472 -0.00147346 -0.00123482 -0.00182973 -0.00214635 -0.00206302 -0.00224992 -0.00224408 -0.00155588 -0.00252788 -0.00140501 0.00194117 
0.00235966 0.00210159 0.00212226 0.00259859 0.130272 0.00326852 0.00227539 0.0028614 0.00237771 0.00282096 -0.00115696 -0.00207253 -0.00209048 -0.00113055 -0.00211861 -0.00215166 -0.00194851 -0.00289009 -0.00279982 -0.00238139 -0.00332168 -0.00206434 -0.00203441 -0.00241167 -0.00182071 -0.00125106 -0.00242056 -0.00184315 -0.00128888 -0.00205658 -0.00198333 -0.00233184 -0.00167381 -0.00140427 0.000124742 -0.00129574 -0.000698093 -0.00124637 -0.001582 -0.00167521 -0.00209634 -0.00177691 -0.00149192 -0.00181535 -0.00184817 -0.00146984 -0.00174543 -0.00199317 -0.00194426 -0.00180012 -0.00260684 -0.00187098 -0.00194242 -0.000845883 -0.00163182 -0.00121972 -0.00152026 -0.00117283 -0.00203561 -0.00257455 -0.00169049 -0.00155324 -0.000474481 -0.000948859 -0.00166849 -0.001475 -0.0021457 -0.00177606 -0.00189997 -0.000838024 -0.0016162 -0.00166017 -0.00183284 -0.00149364 -0.00183023 -0.00214841 -0.00150868 -0.00158718 -0.000643974 -0.00206789 -0.00149638 -0.00109617 -0.00123216 -0.00190932 -0.00178609 -0.00142704 -0.00138407 -0.0014927 -0.0013958 -0.00133387 -0.00186936 -0.00227034 -0.00150021 -0.00162334 -0.00175232 -0.00245684 -0.00119721 -0.00114496 -0.0018782 -0.00153022 
0.00256118 0.00233601 0.00234816 0.00228792 0.00326852 0.131582 0.00310701 0.00302595 0.00177195 0.00205032 0.0013027 -0.000968659 -0.00140687 -0.00156542 -0.000414029 -0.00169122 -0.00179366 -0.00213624 -0.00191598 -0.00200359 -0.00323471 -0.00115087 -0.000791953 -0.00122361 -0.00211263 -0.00262197 -0.00197766 -0.00150114 -0.00192448 -0.00228419 -0.00228735 -0.00288446 -0.00148454 -0.00148768 -0.000917461 -0.00198362 -0.00192261 -0.000894566 -0.000970737 -0.00255805 -0.00181818 -0.00234239 -0.00154635 -0.0018355 -0.00155553 -0.00245865 -0.00228649 -0.00182202 -0.00162532 -0.0017025 -0.00185045 -0.0010673 -0.00167502 -0.00215701 -0.00194215 -0.00121825 -0.00202652 -0.00179907 -0.00164115 -0.00158243 -0.00201654 -0.00131885 -0.00125708 -0.00162279 -0.00216615 -0.00219339 -0.00144057 -0.00104228 -0.00222002 -0.00152608 -0.00107024 -0.00179111 -0.00186559 -0.0011599 -0.00232304 -0.00149888 -0.00214621 -0.00215092 -0.00190762 -0.00241578 -0.00179215 -0.00207969 -0.00182598 -0.00135165 -0.00120155 -0.00143186 -0.0022694 -0.00199264 -0.00131836 -0.00211304 -0.00179588 -0.00141602 -0.00206121 -0.00251675 -0.00198386 -0.00299838 -0.00127498 -0.000214625 -0.00190056 -0.000907403 
-0.000983569 0.00141745 0.00213921 0.0023905 0.00227539 0.00310701 0.126756 0.00321664 0.00292555 0.0025247 0.0021295 0.00201062 -0.00164536 -0.00146288 -0.00145068 -0.00140117 -0.00171673 -0.0030322 -0.00292821 -0.00186595 -0.00235794 -0.00214493 -0.00156508 -0.00193655 -0.00244297 -0.00259103 -0.00309048 -0.00213226 -0.00199614 -0.00218839 -0.00272309 -0.00214475 -0.002089 -0.00163925 -0.00157322 -0.00143562 -0.00186004 -0.000763098 -0.00159973 -0.00193694 -0.00228325 -0.00155439 -0.00112187 -0.0016642 -0.00177851 -0.0014218 -0.00193832 -0.00158258 -0.00182908 -0.00157865 -0.00156462 -0.0016924 -0.00104729 -0.0018273 -0.00170517 -0.00124624 -0.00197979 -0.000583334 -0.00135551 -0.00117313 -0.00194634 -0.000988763 -0.00113466 -0.00130288 -0.00139973 -0.00188806 -0.00211744 -0.00107369 -0.00116838 -0.0017085 -0.00097303 -0.00138573 -0.00154911 -0.00175478 -0.00159157 -0.00201057 -0.0015744 -0.00177575 -0.00228669 -0.00227672 -0.0014436 -0.00156239 -0.00180112 -0.00122134 -0.00166088 -0.0012557 -0.00124031 -0.0018035 -0.00203741 -0.00173274 -0.00145749 -0.00128832 -0.00122857 -0.00204407 -0.00238399 -0.00152434 -0.00189843 -0.000797982 -0.000886546 -0.00209279 
-0.000631253 -0.00119024 0.00259215 0.00295585 0.0028614 0.00302595 0.00321664 0.132729 0.00247387 0.00317106 0.00323945 0.00261552 0.00249624 -0.00145876 -0.00123874 -0.00121485 -0.00214606 -0.00215875 -0.00169759 -0.00172148 -0.00309733 -0.00233743 -0.00191549 -0.00186672 -0.00260937 -0.00284119 -0.00198972 -0.00260037 -0.00285455 -0.00229831 -0.00228342 -0.0013909 -0.0028698 -0.00289093 -0.00128397 -0.00111179 -0.00145638 -0.000823019 -0.000635335 -0.00173544 -0.00242416 -0.00193347 -0.00102143 -0.00195798 -0.00133293 -0.00192137 -0.00207542 -0.00199008 -0.00202062 -0.00171089 -0.00106442 -0.00143105 -0.00136264 -0.00189892 -0.00114893 -0.00189045 -0.00182366 -0.00120033 -0.00123502 -0.00164093 -0.00268012 -0.00138004 -0.00131431 -0.00209572 -0.00168384 -0.00102988 -0.00162196 -0.00179928 -0.00184741 -0.0018489 -0.00197488 -0.00222743 -0.00173745 -0.00214322 -0.00133783 -0.00116208 -0.00118606 -0.00178687 -0.00227565 -0.00137079 -0.00194005 -0.00245085 -0.0018622 -0.00117786 -0.00167499 -0.00268082 -0.00191628 -0.00137976 -0.00245537 -0.00256623 -0.0024396 -0.00176881 -0.00227973 -0.00243588 -0.00195304 -0.00152023 -0.00181317 -0.00141061 -0.00225498 -0.00145948 
-0.00189058 -0.00146178 -0.000749799 0.000909079 0.00237771 0.00177195 0.00292555 0.00247387 0.132682 0.0024829 0.00208383 0.00266863 0.00236584 0.00220313 -0.00191447 -0.00189344 -0.00145019 -0.00265938 -0.00183959 -0.00188244 -0.00189461 -0.00138613 -0.00169277 -0.00195132 -0.0016131 -0.00152198 -0.00169726 -0.0009133 -0.00107398 -0.00168008 -0.00208976 -0.00123126 -0.00221644 -0.00275827 -0.00172614 -0.00135836 -0.00215905 -0.00198828 -0.00265343 -0.00200312 -0.00192781 -0.00113086 -0.00197416 -0.00153085 -0.000824704 -0.00173725 -0.00169279 -0.00160256 -0.000924726 -0.0021167 -0.00203362 -0.00115663 -0.00221734 -0.00173682 -0.00254244 -0.00222299 -0.00140118 -0.00241806 -0.00230513 -0.0018242 -0.00204907 -0.00139166 -0.00250381 -0.00162782 -0.00178935 -0.00197094 -0.00120668 -0.001175 -0.00138961 -0.0012156 -0.000970691 -0.00177312 -0.00184626 -0.000817658 -0.00191513 -0.00215352 -0.000837117 -0.00223141 -0.00193496 -0.00169725 -0.00136956 -0.00241626 -0.00186314 -0.00178507 -0.00190487 -0.00191489 -0.00174169 -0.00177813 -0.0020213 -0.00184391 -0.00204246 -0.00154358 -0.00175729 -0.00123935 -0.00169311 -0.0018909 -0.00165318 -0.00134653 -0.00195182 -0.00201959 
-0.00116876 -0.000781082 -0.00185552 -0.00145222 0.00282096 0.00205032 0.0025247 0.00317106 0.0024829 0.132908 0.00270754 0.00265542 0.00246745 0.00220783 -0.000636023 -0.00173736 -0.000933996 -0.00183559 -0.00220478 -0.00121549 -0.00273061 -0.00300766 -0.00196106 -0.00179314 -0.00251905 -0.00150201 -0.00137863 -0.00169806 -0.00139545 -0.00169655 -0.00216444 -0.00252797 -0.00253282 -0.0022003 -0.001527 -0.00171779 -0.00142213 -0.00218624 -0.00195267 -0.00118118 -0.00135298 -0.00166898 -0.00120777 -0.00143985 -0.00103914 -0.00144214 -0.00116695 -0.00214809 -0.00145398 -0.00134298 -0.00160373 -0.00186071 -0.00206271 -0.00210535 -0.00171987 -0.00187552 -0.00191669 -0.00140333 -0.00164981 -0.0023909 -0.00156963 -0.00219196 -0.000920388 -0.00122567 -0.00157011 -0.00213733 -0.00108706 -0.00223779 -0.00152948 -0.00104233 -0.001594 -0.00242325 -0.00181075 -0.00211032 -0.00199313 -0.00174333 -0.00147677 -0.0014252 -0.00206286 -0.00136445 -0.00221781 -0.00137893 -0.00154655 -0.00149225 -0.00262794 -0.00145372 -0.00184024 -0.0023795 -0.000768849 -0.00177006 -0.00227508 -0.0015421 -0.0015659 -0.00184547 -0.0017395 -0.00268085 -0.00221946 -0.00240257 -0.00119787 -0.00176828 
-0.0016885 -0.00144625 -0.0016195 -0.00209342 -0.00115696 0.0013027 0.0021295 0.00323945 0.00208383 0.00270754 0.133285 0.00233781 0.00304371 0.00286362 0.00242393 0.00229968 -0.000559205 -0.0020379 -0.00100859 -0.00176427 -0.00247674 -0.00261871 -0.00129227 -0.00198128 -0.00241782 -0.000969472 -0.0016032 -0.00203283 -0.00231147 -0.0018418 -0.00183727 -0.00171676 -0.00172782 -0.00118397 -0.00221752 -0.0016518 -0.00195094 -0.00188809 -0.00178464 -0.00248145 -0.00171313 -0.00224376 -0.00211119 -0.00234388 -0.00215907 -0.00184506 -0.0023979 -0.00220396 -0.00169604 -0.00206929 -0.00214808 -0.00126053 -0.00115055 -0.0017539 -0.00144548 -0.00144156 -0.00147864 -0.00118111 -0.00152528 -0.00143267 -0.00138453 -0.00217735 -0.00206747 -0.00184119 -0.00149204 -0.000914545 -0.00153093 -0.00235683 -0.00191753 -0.0016288 -0.00178614 -0.00196463 -0.000877684 -0.00126225 -0.00198323 -0.00171398 -0.00155176 -0.00144067 -0.00237739 -0.00158794 -0.0019518 -0.00210725 -0.0025813 -0.00172463 -0.00193157 -0.00250079 -0.0024465 -0.00156537 -0.00160922 -0.00154268 -0.00149699 -0.00117513 -0.00241655 -0.00191521 -0.0021267 -0.0019809 -0.000975158 -0.00121022 -0.00186002 -0.0017807 
-0.00125904 -0.00227046 -0.00193731 -0.00109094 -0.00207253 -0.000968659 0.00201062 0.00261552 0.00266863 0.00265542 0.00233781 0.137629 0.00359519 0.00319926 0.0026997 0.00274499 0.00226125 -0.00174604 -0.00184205 -0.00165723 -0.00214755 -0.00276181 -0.00247535 -0.0011385 -0.00262352 -0.00213612 -0.00208179 -0.00279153 -0.00166201 -0.00247405 -0.00262996 -0.00190106 -0.00207806 -0.00189808 -0.00154742 -0.00201945 -0.0016727 -0.00193365 -0.00213799 -0.00211177 -0.00110742 -0.00170587 -0.00196038 -0.00142633 -0.00168529 -0.00114514 -0.0016591 -0.00171214 -0.00228074 -0.00163955 -0.00169704 -0.00189471 -0.00156244 -0.00236327 -0.00196592 -0.00272893 -0.0014513 -0.000789259 -0.00214264 -0.00234744 -0.00188561 -0.00159692 -0.00265974 -0.00228281 -0.00178317 -0.00204052 -0.00171161 -0.00214812 -0.0015936 -0.0019031 -0.0020155 -0.00222959 -0.0019173 -0.00127287 -0.00159446 -0.00218437 -0.00211289 -0.00200134 -0.0017314 -0.00201306 -0.00157642 -0.00120823 -0.00182114 -0.00170958 -0.00173536 -0.00195728 -0.00117641 -0.00147347 -0.00200625 -0.00198002 -0.00140938 -0.00186303 -0.000967743 -0.0017266 -0.00269312 -0.00172044 -0.00103935 -0.00153127 -0.0019626 -0.00185039 
-0.00188021 -0.00118575 -0.00176798 -0.00220875 -0.00209048 -0.00140687 -0.00164536 0.00249624 0.00236584 0.00246745 0.00304371 0.00359519 0.135171 0.00243829 0.00211415 0.00389327 0.0010621 -0.00067471 -0.00116289 -0.00142617 -0.00300202 -0.00179138 -0.00226281 -0.00295105 -0.00260049 -0.00200388 -0.0021462 -0.00157641 -0.00240043 -0.00212284 -0.00201336 -0.000521032 -0.00225117 -0.00179852 -0.00201832 -0.00148707 -0.0019197 -0.00157247 -0.00142682 -0.0017233 -0.00181313 -0.0012655 -0.00146275 -0.00204047 -0.00226418 -0.00222628 -0.000693515 -0.00206522 -0.00124833 -0.00212756 -0.001275 -0.00183739 -0.00265862 -0.00259286 -0.00153297 -0.00120896 -0.00186068 -0.00192155 -0.00183698 -0.00152789 -0.00195948 -0.00140235 -0.00196463 -0.00191654 -0.00103086 -0.0016464 -0.00187686 -0.00237128 -0.00225293 -0.00144618 -0.00226077 -0.00183341 -0.00180186 -0.00118846 -0.00186977 -0.00168728 -0.00114088 -0.00188416 -0.00200869 -0.00180189 -0.00172918 -0.00214413 -0.00146028 -0.00135243 -0.0017494 -0.00183717 -0.00237177 -0.00108415 -0.00130829 -0.00223791 -0.00124569 -0.00192376 -0.00114442 -0.0013179 -0.00206866 -0.00131131 -0.00158598 -0.00153421 -0.00180721 -0.00159082 
-0.00228832 -0.00162826 -0.00236657 -0.00199969 -0.00113055 -0.00156542 -0.00146288 -0.00145876 0.00220313 0.00220783 0.00286362 0.00319926 0.00243829 0.136036 0.00378787 0.00318478 0.00252755 0.00319121 0.00283988 -0.00181816 -8.88169e-05 -0.00138567 -0.00133964 -0.00224702 -0.00192551 -0.00158678 -0.00260095 -0.00235273 -0.00146414 -0.00129581 -0.00253822 -0.00292261 -0.00208582 -0.00264951 -0.00191659 -0.00121232 -0.00123853 -0.00152819 -0.00227684 -0.0019832 -0.00195506 -0.00181246 -0.00225822 -0.00164551 -0.00197826 -0.00237869 -0.00170266 -0.00206197 -0.000904627 -0.00211169 -0.00116846 -0.000134705 -0.00172605 -0.00189194 -0.00223461 -0.0014165 -0.00212483 -0.00228378 -0.00211937 -0.00147682 -0.00281879 -0.00132261 -0.00202225 -0.001615 -0.0020371 -0.00210938 -0.00256985 -0.00197088 -0.00204804 -0.00191313 -0.00129832 -0.00131426 -0.00142216 -0.001269 -0.0017636 -0.00195257 -0.00185177 -0.00191652 -0.00239126 -0.00244325 -0.00223247 -0.00134975 -0.00230786 -0.00207763 -0.00246867 -0.0013326 -0.00162021 -0.00153717 -0.00135558 -0.00181276 -0.00146544 -0.00161525 -0.00207533 -0.00177923 -0.00253383 -0.00279409 -0.0014116 -0.0016872 -0.00275053 -0.00247852 
-0.00224428 -0.00114486 -0.00250644 -0.00206606 -0.00211861 -0.000414029 -0.00145068 -0.00123874 -0.00191447 -0.000636023 0.00242393 0.0026997 0.00211415 0.00378787 0.135295 0.00196635 0.00241156 0.00353436 0.00261573 0.00287391 -0.0010026 -0.00171614 -0.000629911 -0.00211757 -0.00226657 -0.0010333 -0.00239554 -0.00228091 -0.00213651 -0.00151443 -0.00156061 -0.00193631 -0.00194419 -0.00111514 -0.00195088 -0.0019246 -0.0017501 -0.00178583 -0.00180726 -0.00121766 -0.00183517 -0.00206766 -0.00196851 -0.00187943 -0.00189711 -0.0015013 -0.00179567 -0.00195734 -0.00187276 -0.00184586 -0.00165609 -0.00157697 -0.000690324 -0.00107885 -0.00201041 -0.00132788 -0.00222624 -0.00116968 -0.0020837 -0.000767 -0.00184397 -0.00209177 -0.00309707 -0.0019511 -0.00176656 -0.00196207 -0.00183653 -0.00127636 -0.00195805 -0.0029374 -0.00158429 -0.0017347 -0.00231724 -0.00191386 -0.00193191 -0.00247631 -0.00226757 -0.000843999 -0.00120106 -0.00167389 -0.0015719 -0.00283317 -0.00208848 -0.00228079 -0.0014958 -0.000855719 -0.00160627 -0.00198442 -0.00124477 -0.00203374 -0.00205134 -0.00210368 -0.00245212 -0.00155179 -0.00266872 -0.00143729 -0.00214591 -0.00122309 -0.00216366 -0.00223565 
-0.00116636 -0.00128577 -0.00139432 -0.00124873 -0.00215166 -0.00169122 -0.00140117 -0.00121485 -0.00189344 -0.00173736 0.00229968 0.00274499 0.00389327 0.00318478 0.00196635 0.140822 0.00305538 0.00244868 0.00265102 0.00244744 -0.000958691 -0.00194547 -0.00190953 -0.00156796 -0.00225207 -0.00134339 -0.00161856 -0.00210314 -0.00269205 -0.00236943 -0.00205997 -0.0022262 -0.00279927 -0.00288319 -0.00171919 -0.000901861 -0.00229799 -0.00183415 -0.00177759 -0.00204453 -0.00108828 -0.00207738 -0.00141164 -0.00231814 -0.00210416 -0.00184729 -0.00139499 -0.00127559 -0.00143603 -0.00225333 -0.00164062 -0.00196851 -0.00176709 -0.00180544 -0.00201639 -0.00122878 -0.0021259 -0.0013834 -0.0021115 -0.0020735 -0.00207304 -0.00212853 -0.00218462 -0.00277834 -0.00162413 -0.00167218 -0.00133496 -0.00220034 -0.00201097 -0.00248632 -0.00206944 -0.0018019 -0.00201244 -0.00169758 -0.0013656 -0.00171232 -0.00210436 -0.00195736 -0.00227791 -0.00121311 -0.00163071 -0.00182317 -0.00275295 -0.0013288 -0.00194928 -0.00127221 -0.00232818 -0.0016786 -0.00218324 -0.00207391 -0.00280706 -0.000934615 -0.00242121 -0.00195612 -0.00188117 -0.00145467 -0.00129118 -0.00222004 -0.00164213 -0.00136154 
-0.00152329 -0.00138742 -0.00201351 -0.000567137 -0.00194851 -0.00179366 -0.00171673 -0.00214606 -0.00145019 -0.000933996 -0.000559205 0.00226125 0.0010621 0.00252755 0.00241156 0.00305538 0.14045 0.00346167 0.00370881 0.00123718 0.00192661 0.00187854 -0.00112226 -0.000693693 -0.00140723 -0.00221358 -0.00203075 -0.00344495 -0.00210053 -0.0024735 -0.00290899 -0.00271839 -0.00203485 -0.00206179 -0.00204315 -0.00326599 -0.000505989 -0.00259183 -0.00215286 -0.00157547 -0.00259212 -0.00219723 -0.00216691 -0.00280175 -0.00159002 -0.00174793 -0.00221573 -0.00188672 -0.00139687 -0.00167998 -0.00169004 -0.00131044 -0.00148518 -0.00194878 -0.00254673 -0.00163698 -0.00207245 -0.00177071 -0.00231728 -0.00241553 -0.00226346 -0.00151601 -0.00189726 -0.00195695 -0.00223616 -0.00189448 -0.001514 -0.00216432 -0.00189219 -0.00183046 -0.00148764 -0.00168896 -0.00184158 -0.00212196 -0.000593457 -0.00149343 -0.00100701 -0.00266278 -0.00101518 -0.00196111 -0.00271266 -0.00131206 -0.00157766 -0.00168435 -0.00102595 -0.00222959 -0.00200243 -0.00102998 -0.0015241 -0.00179082 -0.00207175 -0.0010082 -0.00189814 -0.00187947 -0.00178778 -0.00233916 -0.00226013 -0.00209591 -0.001683 -0.00217431 
-0.00246264 -0.00111911 -0.00203049 -0.00164734 -0.00289009 -0.00213624 -0.0030322 -0.00215875 -0.00265938 -0.00183559 -0.0020379 -0.00174604 -0.00067471 0.00319121 0.00353436 0.00244868 0.00346167 0.146386 0.00379506 0.00353847 0.00279406 0.00300909 0.00293331 -0.00202819 -0.00147484 -0.000686371 -0.00156385 -0.00194549 -0.00129584 -0.0023335 -0.00245999 -0.00272112 -0.00231606 -0.00270791 -0.00277789 -0.00298722 -0.00224061 -0.002292 -0.00160788 -0.00187797 -0.00204675 -0.00150245 -0.00141903 -0.00249687 -0.00235333 -0.00265301 -0.00327412 -0.00184985 -0.00198813 -0.00237246 -0.00185544 -0.00162576 -0.00141184 -0.0017405 -0.0018374 -0.00228731 -0.00206654 -0.00184974 -0.00145712 -0.00240017 -0.00227948 -0.00153567 -0.00182017 -0.00157699 -0.00240733 -0.00190892 -0.00172146 -0.00186909 -0.00258069 -0.00243176 -0.00233665 -0.00198279 -0.00175158 -0.0015557 -0.000834423 -0.00227042 -0.000744607 -0.00176443 -0.00216909 -0.00262568 -0.00181392 -0.00202843 -0.00186138 -0.00120734 -0.00128566 -0.00190019 -0.00237057 -0.00147571 -0.00129932 -0.00132856 -0.00172274 -0.00100867 -0.00126343 -0.002492 -0.00209734 -0.00155929 -0.00193785 -0.00134648 -0.00224169 -0.00244938 
-0.00287085 -0.00151322 -0.0013079 -0.000822402 -0.00279982 -0.00191598 -0.00292821 -0.00169759 -0.00183959 -0.00220478 -0.00100859 -0.00184205 -0.00116289 0.00283988 0.00261573 0.00265102 0.00370881 0.00379506 0.150581 0.00259926 0.0033733 0.0020093 0.0022303 -0.000674745 -0.000677396 -0.00182604 -0.00219142 -0.00203944 -0.00275349 -0.00102117 -0.00265546 -0.00118997 -0.00154653 -0.00272593 -0.00206897 -0.00229277 -0.00159672 -0.0020005 -0.00210662 -0.00241623 -0.00205677 -0.00241972 -0.00163942 -0.00260659 -0.00262634 -0.00198755 -0.00218226 -0.00202299 -0.00217868 -0.00175696 -0.00239476 -0.00185047 -0.00207341 -0.00164862 -0.000929596 -0.00146746 -0.00210993 -0.00193696 -0.00214236 -0.00167875 -0.0018719 -0.00235161 -0.00131232 -0.00145079 -0.00225721 -0.00219418 -0.00243581 -0.00254636 -0.001987 -0.00354835 -0.00238224 -0.00246054 -0.00239272 -0.00118493 -0.00262024 -0.00158776 -0.00170199 -0.00173085 -0.00184813 -0.00191979 -0.00261591 -0.00216422 -0.00223471 -0.00179586 -0.00176 -0.00250854 -0.0014096 -0.00126115 -0.00133686 -0.00154243 -0.00211721 -0.00225322 -0.00253667 -0.00186715 -0.00234834 -0.0019015 -0.00194224 -0.00193678 -0.00220316 -0.00147668 
-0.00205816 -0.00171361 -0.00128737 -0.00160807 -0.00238139 -0.00200359 -0.00186595 -0.00172148 -0.00188244 -0.00121549 -0.00176427 -0.00165723 -0.00142617 -0.00181816 0.00287391 0.00244744 0.00123718 0.00353847 0.00259926 0.142116 0.00279226 0.00239432 0.001214 0.00180473 0.00312785 -0.00104121 -0.00198665 -0.00224683 -0.0016972 -0.00172489 -0.00292508 -0.00188302 -0.00231733 -0.00292613 -0.00242364 -0.00187069 -0.0021314 -0.00222629 -0.00211068 -0.00233904 -0.00116417 -0.00222562 -0.00171537 -0.00151718 -0.00273354 -0.00145896 -0.00102072 -0.00175349 -0.00164783 -0.00227914 -0.00128112 -0.00200845 -0.00116525 -0.00145453 -0.00234342 -0.00153032 -0.0021843 -0.00180319 -0.00248128 -0.00165328 -0.00203466 -0.00115798 -0.00181454 -0.00204805 -0.00221417 -0.00126223 -0.0017373 -0.00203621 -0.00278891 -0.00202968 -0.001944 -0.001554 -0.00165145 -0.00199921 -0.00254429 -0.00139638 -0.00134344 -0.00282154 -0.00226372 -0.000483878 -0.00221659 -0.0025306 -0.00170664 -0.00149495 -0.00133009 -0.00145863 -0.0019619 -0.0018658 -0.00229276 -0.00173337 -0.00262654 -0.00191602 -0.00186677 -0.00145477 -0.00192441 -0.00131094 -0.00220349 -0.00208867 -0.00154665 -0.00181538 
-0.00178914 -0.00227823 -0.00128762 -0.00251179 -0.00332168 -0.00323471 -0.00235794 -0.00309733 -0.00189461 -0.00273061 -0.00247674 -0.00214755 -0.00300202 -8.88169e-05 -0.0010026 -0.000958691 0.00192661 0.00279406 0.0033733 0.00279226 0.149126 0.0034679 0.00252404 0.00252029 0.0037839 0.0033191 -0.00153283 -0.00129672 -0.00228149 -0.00240853 -0.00191786 -0.00250979 -0.00206033 -0.00212475 -0.00224749 -0.00198637 -0.00174964 -0.0017597 -0.00210195 -0.00284924 -0.000955749 -0.00288739 -0.00153988 -0.00313586 -0.00127503 -0.00163461 -0.00202054 -0.00286451 -0.00207566 -0.00184064 -0.00179346 -0.00120113 -0.000809701 -0.00126846 -0.00161147 -0.0014664 -0.00125492 -0.00175434 -0.00179384 -0.00171214 -0.00213047 -0.00197963 -0.00267387 -0.00121416 -0.00252414 -0.00240953 -0.00244448 -0.00229798 -0.00281829 -0.00254662 -0.00248372 -0.00147876 -0.00187423 -0.00191111 -0.00167709 -0.00201108 -0.00133819 -0.00210203 -0.00154105 -0.00112176 -0.00157423 -0.00211127 -0.0014506 -0.00267432 -0.00193743 -0.00241389 -0.00188318 -0.00233636 -0.00139867 -0.00188828 -0.00197942 -0.00149365 -0.00228498 -0.00191423 -0.00193971 -0.00243413 -0.00173411 -0.00070753 -0.00105888 -0.00193236 
-0.00215606 -0.00167758 -0.00114553 -0.0020293 -0.00206434 -0.00115087 -0.00214493 -0.00233743 -0.00138613 -0.00300766 -0.00261871 -0.00276181 -0.00179138 -0.00138567 -0.00171614 -0.00194547 0.00187854 0.00300909 0.0020093 0.00239432 0.0034679 0.140784 0.00355407 0.00212124 0.00300208 0.00178758 -0.00243985 -0.00187351 -0.00203389 -0.00161184 -0.00216482 -0.00152636 -0.00241329 -0.00185543 -0.00104526 -0.00178347 -0.00213621 -0.00273066 -0.00285497 -0.00221018 -0.00181758 -0.00176235 -0.00142253 -0.00170816 -0.00170401 -0.00174282 -0.00211565 -0.00164823 -0.00222352 -0.00185002 -0.000917815 -0.00201969 -0.0021967 -0.00220481 -0.00114145 -0.00158733 -0.00223697 -0.000704471 -0.000943563 -0.000651283 -0.00209777 -0.00270469 -0.00192481 -0.00231486 -0.00221549 -0.00102367 -0.00236069 -0.00184481 -0.0019526 -0.00210588 -0.0015338 -0.00142336 -0.0015053 -0.00242574 -0.0018076 -0.00107893 -0.0017448 -0.0026861 -0.00185489 -0.00125081 -0.00147562 -0.000919846 -0.00126248 -0.00291242 -0.00138369 -0.00142291 -0.00206847 -0.00160075 -0.00148687 -0.00151183 -0.00178453 -0.00166276 -0.00240696 -0.00169064 -0.00143417 -0.00104949 -0.0018989 -0.00175693 -0.00208542 -0.00173912 
-0.00127788 -0.0015584 -0.00116999 -0.00168124 -0.00203441 -0.000791953 -0.00156508 -0.00191549 -0.00169277 -0.00196106 -0.00129227 -0.00247535 -0.00226281 -0.00133964 -0.000629911 -0.00190953 -0.00112226 0.00293331 0.0022303 0.001214 0.00252404 0.00355407 0.137332 0.00167455 0.00261143 0.00194084 0.00158103 -0.00290715 -0.00206125 -0.00215457 -0.0025841 -0.00274166 -0.00172568 -0.00143328 -0.00145866 -0.00174585 -0.00210535 -0.00252964 -0.00118643 -0.000629554 -0.00239064 -0.00157187 -0.000864546 -0.000932007 -0.00122296 -0.00177585 -0.00225494 -0.00249833 -0.00146317 -0.00199704 -0.00184634 -0.00196903 -0.00171317 -0.00155538 -0.0015537 -0.00226418 -0.00179644 -0.00200588 -0.00264529 -0.00181736 -0.00149763 -0.00141628 -0.00237416 -0.00243365 -0.00145818 -0.000897942 -0.0020744 -0.00129354 -0.00223456 -0.0010885 -0.00167755 -0.0027206 -0.00164423 -0.00152508 -0.00147355 -0.00177096 -0.00159988 -0.00207135 -0.00125979 -0.0014127 -0.00178174 -0.0017827 -0.00155882 -0.00299821 -0.00126586 -0.00192798 -0.00169157 -0.0015085 -0.00205791 -0.00189982 -0.00196563 -0.00174766 -0.00267477 -0.00228121 -0.000628696 -0.000751345 -0.00148122 -0.00212418 -0.00195895 -0.00150305 
-0.00166572 -0.00227987 -0.000944799 -0.00128871 -0.00241167 -0.00122361 -0.00193655 -0.00186672 -0.00195132 -0.00179314 -0.00198128 -0.0011385 -0.00295105 -0.00224702 -0.00211757 -0.00156796 -0.000693693 -0.00202819 -0.000674745 0.00180473 0.00252029 0.00212124 0.00167455 0.140854 0.002954 0.00329138 0.00251435 0.00172744 -0.00160234 -0.00213867 -0.00160734 -0.00306034 -0.00207804 -0.00250838 -0.00147427 -0.00210586 -0.00178972 -0.00169812 -0.00213136 -0.00152198 -0.00180682 -0.00207145 -0.00249153 -0.00229293 -0.00197345 -0.00100581 -0.00153228 -0.000805086 -0.0016044 -0.00259527 -0.0019689 -0.00135846 -0.00185655 -0.00150556 -0.00200241 -0.0017746 -0.00206082 -0.00100632 -0.00229864 -0.00183641 -0.0017759 -0.00141833 -0.00161043 -0.00229879 -0.00145708 -0.00179074 -0.0016441 -0.00199561 -0.00156936 -0.0017584 -0.00159252 -0.00088718 -0.00171048 -0.000404749 -0.00124417 -0.000924191 -0.0015463 -0.000908711 -0.00242546 -0.0012196 -0.00139744 -0.00170183 -0.00169432 -0.00200405 -0.00172845 -0.0014605 -0.00180042 -0.00229628 -0.00208155 -0.000608639 -0.00210899 -0.00191216 -0.00173521 -0.00209428 -0.00195367 -0.00231928 -0.00237047 -0.00186461 -0.00201234 -0.00180918 
-0.00149277 -0.00231907 -0.00153188 -0.00182766 -0.00182071 -0.00211263 -0.00244297 -0.00260937 -0.0016131 -0.00251905 -0.00241782 -0.00262352 -0.00260049 -0.00192551 -0.00226657 -0.00225207 -0.00140723 -0.00147484 -0.000677396 0.00312785 0.0037839 0.00300208 0.00261143 0.002954 0.143983 0.00355581 0.00308107 0.00185523 0.00255005 0.00324079 -0.00186924 -0.00297883 -0.00128533 -0.00169035 -0.00205551 -0.00147893 -0.00235197 -0.00131279 -0.00148128 -0.00212336 -0.00225767 -0.0022237 -0.000868875 -0.00161339 -0.00216481 -0.00199814 -0.00198756 -0.0017662 -0.00273987 -0.00181137 -0.00204092 -0.00156542 -0.00164304 -0.00184751 -0.00209893 -0.00193508 -0.00163218 -0.00141053 -0.00246296 -0.00188551 -0.00149638 -0.00103776 -0.0026436 -0.00246404 -0.00145602 -0.0019911 -0.00162249 -0.00204439 -0.00250508 -0.000606843 -0.00255447 -0.0024564 -0.00244248 -0.00217607 -0.0023059 -0.00207484 -0.0022895 -0.00212868 -0.00211619 -0.00154641 -0.00187546 -0.00208062 -0.00239825 -0.00190163 -0.00217981 -0.00142791 -0.00213185 -0.00122463 -0.0023049 -0.00205243 -0.00103585 -0.00172798 -0.0026386 -0.00185723 -0.00124267 -0.00223504 -0.00239818 -0.00226309 -0.00213709 -0.00215757 
-0.00175671 -0.0016832 -0.00297474 -0.00172709 -0.00125106 -0.00262197 -0.00259103 -0.00284119 -0.00152198 -0.00150201 -0.000969472 -0.00213612 -0.00200388 -0.00158678 -0.0010333 -0.00134339 -0.00221358 -0.000686371 -0.00182604 -0.00104121 0.0033191 0.00178758 0.00194084 0.00329138 0.00355581 0.144743 0.00297087 0.00145793 0.00254678 0.00269522 0.00184145 -0.00133982 -0.00172094 -0.00194079 -0.00172888 -0.00160218 -0.00142318 -0.00176723 -0.00169562 -0.00227411 -0.00191431 -0.00208978 -0.00077909 -0.00265702 -0.00174816 -0.00206537 -0.00327065 -0.00197992 -0.00113306 -0.00244561 -0.00219181 -0.00179201 -0.00223162 -0.00229992 -0.00273334 -0.00198433 -0.00193809 -0.0026946 -0.00181611 -0.00145459 -0.00279158 -0.00298091 -0.0024942 -0.00247893 -0.00218338 -0.00253563 -0.0022096 -0.00260698 -0.00214424 -0.00166043 -0.00243914 -0.00197264 -0.00258258 -0.00198626 -0.00139159 -0.00123852 -0.00137757 -0.000791868 -0.00236205 -0.00147176 -0.00173328 -0.00115006 -0.00285215 -0.00162486 -0.00193093 -0.00156028 -0.00165672 -0.0017705 -0.00166463 -0.00151371 -0.00143243 -0.0026056 -0.00141603 -0.00184883 -0.00115765 -0.00231566 -0.00166874 -0.0020221 -0.00276365 -0.00173861 
-0.00202396 -0.00157107 -0.00232686 -0.00228105 -0.00242056 -0.00197766 -0.00309048 -0.00198972 -0.00169726 -0.00137863 -0.0016032 -0.00208179 -0.0021462 -0.00260095 -0.00239554 -0.00161856 -0.00203075 -0.00156385 -0.00219142 -0.00198665 -0.00153283 -0.00243985 0.00158103 0.00251435 0.00308107 0.00297087 0.142133 0.00223101 0.00401459 0.0021174 0.0035703 0.00300368 0.000122207 -0.00186943 -0.0015576 -0.00228185 -0.00110436 -0.00236312 -0.00235242 -0.0014147 -0.00213593 -0.000852719 -0.00212018 -0.00164592 -0.00250435 -0.00163632 -0.00160033 -0.00313979 -0.00263226 -0.00184516 -0.00175867 -0.00148718 -0.000555344 -0.00244055 -0.0021932 -0.00273727 -0.00189009 -0.00257988 -0.00242289 -0.00158185 -0.00225316 -0.00224205 -0.00239203 -0.00204612 -0.00131821 -0.00227824 -0.00113893 -0.00159096 -0.00173089 -0.00174828 -0.00166947 -0.00170258 -0.00156625 -0.00164253 -0.00201616 -0.00180346 -0.00204249 -0.00241256 -0.00216153 -0.000792479 -0.0023854 -0.00239759 -0.00136949 -0.00114721 -0.00253802 -0.00138162 -0.0019653 -0.000310127 -0.00150895 -0.00135189 -0.00166865 -0.00216705 -0.00219888 -0.00168871 -0.00119083 -0.00171575 -0.00132909 -0.00144868 -0.00195222 -0.00142314 
-0.00216079 -0.00261222 -0.00113772 -0.00172169 -0.00184315 -0.00150114 -0.00213226 -0.00260037 -0.0009133 -0.00169806 -0.00203283 -0.00279153 -0.00157641 -0.00235273 -0.00228091 -0.00210314 -0.00344495 -0.00194549 -0.00203944 -0.00224683 -0.00129672 -0.00187351 -0.00290715 0.00172744 0.00185523 0.00145793 0.00223101 0.1316 0.00205742 0.00190903 0.00286083 0.00257744 0.00235095 -0.00119153 -0.00131935 -0.000751668 -0.00161278 -0.00195004 -0.00131095 -0.00248275 -0.00163168 -0.00187663 -0.00203668 -0.00240076 -0.00172445 -0.00268532 -0.00199034 -0.0017621 -0.00219051 -0.00220134 -0.00128081 -0.00177741 -0.00218409 -0.00174972 -0.000886255 -0.00103589 -0.00113528 -0.00109787 -0.00166254 -0.000301987 -7.8317e-05 -0.00153986 -0.00108791 -0.00143076 -0.000924087 -0.00119888 -0.00100069 -0.000613723 -0.0015776 -0.00213796 -0.00169085 -0.00113384 -0.002056 -0.00142407 -0.00168171 -0.00154014 -0.00198045 -0.00151811 -0.00132879 -0.00189975 -0.00108993 -0.00219337 -0.0018052 -0.00139189 -0.00256526 -0.00123821 -0.00109535 -0.00151144 -0.00135605 -0.00115589 -0.00182224 -0.00211638 -0.00210128 -0.000451047 -0.000967806 -0.001739 -0.00102391 -0.00156178 -0.00198591 -0.00216891 
-0.00165448 -0.00224344 -0.00187382 -0.000952749 -0.00128888 -0.00192448 -0.00199614 -0.00285455 -0.00107398 -0.00139545 -0.00231147 -0.00166201 -0.00240043 -0.00146414 -0.00213651 -0.00269205 -0.00210053 -0.00129584 -0.00275349 -0.0016972 -0.00228149 -0.00203389 -0.00206125 -0.00160234 0.00255005 0.00254678 0.00401459 0.00205742 0.138511 0.00310423 0.00229952 0.00288797 0.00291176 0.00211055 -0.00165003 -0.00175132 -0.000634106 -0.0007743 -0.00234533 -0.00157158 -0.00228224 -0.00203192 -0.00147806 -0.00224441 -0.00272113 -0.00172164 -0.00193051 -0.00195207 -0.00239776 -0.00195759 -0.00218305 -0.00207159 -0.00155357 -0.00194959 -0.00222341 -0.00196537 -0.00161911 -0.00188173 -0.00190688 -0.00133164 -0.00173716 -0.00128057 -0.00213496 -0.00188201 -0.00186551 -0.00194791 -0.00232555 -0.00183197 -0.000506494 -0.00221363 -0.00147503 -0.00185386 -0.00170549 -0.00214955 -0.00119127 -0.00118836 -0.00130478 -0.00104991 -0.00179335 -0.00152318 -0.00121664 -0.00196313 -0.00184963 -0.00149679 -0.00297513 -0.00140754 -0.00163857 -0.00150202 -0.00187069 -0.00174931 -0.00148286 -0.00171528 -0.00192906 -0.00236719 -0.00225647 -0.00154136 -0.00151973 -0.00123993 -0.00258956 -0.00184184 
-0.00219066 -0.00171839 -0.00161134 -0.00217736 -0.00205658 -0.00228419 -0.00218839 -0.00229831 -0.00168008 -0.00169655 -0.0018418 -0.00247405 -0.00212284 -0.00129581 -0.00151443 -0.00236943 -0.0024735 -0.0023335 -0.00102117 -0.00172489 -0.00240853 -0.00161184 -0.00215457 -0.00213867 0.00324079 0.00269522 0.0021174 0.00190903 0.00310423 0.128926 0.00230975 0.00257849 0.00225445 0.0033271 -0.00113771 -0.00154222 -0.00157436 -0.000951552 -0.00131461 -0.00160907 -0.00177185 -0.00132639 -0.00141429 -0.00158677 -0.00189877 -0.00232422 -0.00191412 -0.00177122 -0.000390332 -0.00147485 -0.00135188 -0.000732794 -0.00159795 -0.00111207 -0.00227939 -0.00113918 -0.00163443 -0.00158515 -0.00165162 -0.00173088 -0.00126899 -0.00148187 -0.00205678 -0.0015218 -0.00175343 -0.0014091 -0.00151774 -0.00219205 -0.00151495 -0.0017823 -0.00166161 -0.00134214 -0.00177913 -0.00163772 -0.00151947 -0.00127216 -0.00211106 -0.00127346 -0.00173818 -0.00234874 -0.0013127 -0.00181556 -0.00192591 -0.0011915 -0.00222075 -0.0016785 -0.00123193 -0.00117481 -0.00177381 -0.00172852 -0.00196747 -0.00227353 -0.00175793 -0.00142716 -0.00171386 -0.000955077 -0.00174521 -0.0020611 -0.00178144 -0.00133824 
-0.00205 -0.00200119 -0.00197661 -0.00195534 -0.00198333 -0.00228735 -0.00272309 -0.00228342 -0.00208976 -0.00216444 -0.00183727 -0.00262996 -0.00201336 -0.00253822 -0.00156061 -0.00205997 -0.00290899 -0.00245999 -0.00265546 -0.00292508 -0.00191786 -0.00216482 -0.0025841 -0.00160734 -0.00186924 0.00184145 0.0035703 0.00286083 0.00229952 0.00230975 0.135209 0.00295824 0.0031336 0.00270935 0.00162392 0.00252142 -0.00153228 -0.00199623 -0.00138508 -0.000957826 -0.00146786 -0.000961182 -0.00167528 -0.00204647 -0.00110945 -0.00136843 -0.00110879 -0.00123814 -0.00163893 -0.00148015 -0.00231238 -0.00197102 -0.00223591 -0.00171867 -0.0019775 -0.00138869 -0.00119671 -0.00166172 -0.00104759 -0.00152793 -0.00130598 -0.00175397 -0.00203306 -0.00171656 -0.00152666 -0.00168865 -0.001357 -0.00124198 -0.00199591 -0.00266729 -0.000928375 -0.00167647 -0.00191608 -0.00175986 -0.00168439 -0.00194931 -0.00147276 -0.00132122 -0.00132093 -0.00125733 -0.0015961 -0.00222267 -0.00165298 -0.00113957 -0.00265308 -0.00202167 -0.00191083 -0.00175767 -0.00230604 -0.00138324 -0.00149162 -0.00159844 -0.00209796 -0.00150277 -0.00208967 -0.00101877 -0.00204662 -0.00155009 -0.00208283 -0.00209006 
-0.00177621 -0.00260506 -0.001332 -0.00170206 -0.00233184 -0.00288446 -0.00214475 -0.0013909 -0.00123126 -0.00252797 -0.00171676 -0.00190106 -0.000521032 -0.00292261 -0.00193631 -0.0022262 -0.00271839 -0.00272112 -0.00118997 -0.00188302 -0.00250979 -0.00152636 -0.00274166 -0.00306034 -0.00297883 -0.00133982 0.00300368 0.00257744 0.00288797 0.00257849 0.00295824 0.133643 0.00285312 0.00290191 0.00204257 0.00179496 0.00153101 -0.000348687 -0.0013068 -0.00184391 -0.00235671 -0.00152583 -0.00198776 -0.00237362 -0.00138208 -0.00198942 -0.00102159 -0.00193012 -0.00202201 -0.00187174 -0.00162748 -0.00147204 -0.00188185 -0.00211629 -0.00183667 -0.00155757 -0.00291275 -0.00248506 -0.00237073 -0.00100484 -0.00160286 -0.0016837 -0.00145769 -0.00133596 -0.0010602 -0.00209274 -0.00116557 -0.00176242 -0.00184477 -0.00198606 -0.00183508 -0.000894668 -0.001055 -0.0018654 -0.00176582 -0.0020609 -0.00203427 -0.00266198 -0.00148788 -0.00210961 -0.00193579 -0.00158583 -0.00141497 -0.0014534 -0.00244686 -0.00134841 -0.00172868 -0.000942723 -0.000944407 -0.000936072 -0.00085285 -0.00145413 -0.00165925 -0.00114554 -0.0016617 -0.00147179 -0.00121252 -0.00189326 -0.00178081 -0.00209597 
-0.00134718 -0.00210202 -0.00190635 -0.00169237 -0.00167381 -0.00148454 -0.002089 -0.0028698 -0.00221644 -0.00253282 -0.00172782 -0.00207806 -0.00225117 -0.00208582 -0.00194419 -0.00279927 -0.00203485 -0.00231606 -0.00154653 -0.00231733 -0.00206033 -0.00241329 -0.00172568 -0.00207804 -0.00128533 -0.00172094 0.000122207 0.00235095 0.00291176 0.00225445 0.0031336 0.00285312 0.127107 0.00271281 0.00202784 0.00230185 0.00225554 0.00183583 -0.000751748 -0.00168704 -0.0014223 -0.00115397 -0.0023161 -0.00141615 -0.00176136 -0.00173981 -0.00132936 -0.00156204 -0.00169742 -0.00159396 -0.00169804 -0.00212523 -0.00165288 -0.00188456 -0.0023388 -0.00192611 -0.00121384 -0.00108706 -0.00205578 -0.000780335 -0.00137039 -0.000744061 -0.00113038 -0.0021911 -0.00164985 -0.00135179 -0.000816754 -0.00181689 -0.0017298 -0.00191606 -0.0014881 -0.00153196 -0.0015737 -0.00156283 -0.00197031 -0.00167766 -0.00131496 -0.00115976 -0.000990138 -0.00205224 -0.00180342 -0.00180591 -0.00166441 -0.00171439 -0.00162946 -0.00144714 -0.00154478 -0.00165111 -0.00132653 -0.00228418 -0.001577 -0.001949 -0.00111545 -0.00175777 -0.00236169 -0.00189605 -0.00200976 -0.00209042 -0.00147814 -0.001229 
