0.122639 0.00248779 0.00239946 0.00218722 0.000932273 0.00201541 -0.00143049 -0.00148527 -0.00171922 -0.00217902 -0.00217707 -0.0021057 -0.00208325 -0.00184639 -0.00164962 -0.00231593 -0.002073 -0.0029509 -0.00224872 -0.0021226 -0.00252918 -0.00126168 -0.00174041 -0.00155976 -0.00265426 -0.00183434 -0.00187908 -0.00210877 -0.00156755 -0.0012856 -0.00151691 -0.00153405 -0.00154293 -0.00100766 -0.00158071 -0.00193129 -0.00173472 -0.00222006 -0.00160989 -0.00153022 -0.00222287 -0.00110023 -0.00164992 -0.00202073 -0.00121769 -0.00128117 -0.00116909 -0.00163574 -0.00232087 -0.00144362 -0.00155311 -0.00159601 -0.00211557 -0.00129359 -0.00179145 -0.0014343 -0.000830886 -0.00182742 -0.00191074 -0.00117798 -0.00104348 -0.00123839 -0.000852674 -0.000733635 -0.000828589 -0.00180992 -0.00183272 -0.00137275 -0.00228235 -0.0015952 -0.000685922 -0.00130137 -0.00118036 -0.00154217 -0.00119919 -0.00147579 -0.0012975 -0.00197611 -0.000951492 -0.00132348 -0.00205078 -0.0013165 -0.00100708 -0.00126253 -0.00110714 -0.000632251 -0.000576644 -0.00198684 -0.000950268 -0.00138105 -0.00075757 -0.0014332 -0.000696154 -0.00121843 -0.00154486 -0.00128999 0.00134937 0.00229208 0.00232774 0.00171276 
0.00248779 0.125774 0.00211461 0.00206369 0.0022041 0.00178875 0.00167586 -0.00130461 -0.00233448 -0.00147415 -0.00163445 -0.0018272 -0.00140287 -0.00210879 -0.00239907 -0.00216902 -0.00228889 -0.00217068 -0.00218795 -0.00242877 -0.00218359 -0.00214604 -0.00138477 -0.00129987 -0.0020319 -0.0021609 -0.0014526 -0.00172588 -0.00240355 -0.00217575 -0.00246821 -0.00211615 -0.00172052 -0.00141479 -0.00183233 -0.00084078 -0.00194738 -0.0013794 -0.00115016 -0.0021483 -0.00218775 -0.00186433 -0.00166364 -0.00239609 -0.000830167 -0.00147883 -0.00148909 -0.00157389 -0.00178573 -0.000669272 -0.000819293 -0.00151964 -0.0020865 -0.00139598 -0.00140263 -0.00119479 -0.00174715 -0.00128656 -0.000852584 -0.00118847 -0.000927686 -0.00140262 -0.00119212 -0.00105184 -7.39825e-05 -0.00149914 -0.00215877 -0.00130026 -0.00160083 -0.00111767 -0.00167836 -0.0014553 -0.00242192 -0.00154156 -0.00153127 -0.00200974 -0.00163409 -0.00191799 -0.00185546 -0.00123388 -0.00124965 -0.00110684 -0.00169943 -0.00162016 -0.000941072 -0.00153834 -0.00204466 -0.00132454 -0.00140817 -0.00151492 -0.00159868 -0.00122765 -0.0011366 -0.00108332 -0.00209247 -0.00088115 -0.000698234 0.00237078 0.00102934 0.00240719 
0.00239946 0.00211461 0.124575 0.00133895 0.00187598 0.00221073 0.00255575 0.00241687 -0.00141289 -0.000865438 -0.00188177 -0.00202486 -0.00274297 -0.00166131 -0.00141705 -0.00159717 -0.00246779 -0.00177622 -0.00214612 -0.00256059 -0.00216423 -0.00248896 -0.0022592 -0.00143461 -0.00262582 -0.00233434 -0.00202173 -0.00195213 -0.00195396 -0.00280063 -0.00136952 -0.00284149 -0.00185073 -0.00204425 -0.0012363 -0.00103295 -0.00255662 -0.00111795 -0.00138076 -0.0010152 -0.00184879 -0.00115779 -0.00108445 -0.00145307 -0.00164679 -0.00110086 -0.00144827 -0.00141607 -0.00113358 -0.000884802 -0.0013213 -0.00138909 -0.00192757 -0.0014461 -0.00138029 -0.00113551 -0.00143119 -0.00155394 -0.00209793 -0.00110173 -0.00158938 -0.00138894 -0.00064153 -0.00157365 -0.00186144 -0.00237868 -0.00176777 -0.00191252 -0.00198144 -0.00105164 -0.000794415 -0.00147474 -0.00173892 -0.00180971 -0.00177228 -0.00146959 -0.00186876 -0.00173601 -0.000856274 -0.000953034 -0.000929382 -0.00152832 -0.00103352 -0.00163619 -0.00187824 -0.000507457 -0.000591578 -0.00146841 -0.000931272 -0.000685143 -0.00131103 -0.00114543 -0.00197857 -0.0019819 -0.00162709 -0.00210731 -0.000765798 -0.00125061 0.00205382 0.00143188 
0.00218722 0.00206369 0.00133895 0.118426 0.00194948 0.00221082 0.00209957 0.00204316 0.00229176 -0.00123656 -0.00219602 -0.00169681 -0.00178174 -0.0023102 -0.00134057 -0.00176543 -0.00168873 -0.00176211 -0.00143453 -0.00282168 -0.00229353 -0.00256804 -0.00170743 -0.00232418 -0.00224362 -0.00277645 -0.00126007 -0.00210491 -0.00177032 -0.00223514 -0.00157044 -0.00181925 -0.0016914 -0.00136972 -0.00172663 -0.00189307 -0.0015841 -0.00150548 -0.000890138 -0.00130004 -0.00132853 -0.00165794 -0.000304858 -0.00119424 -0.00149549 -0.0014313 -0.00159916 -0.00199364 -0.00166796 -0.00239346 -0.00142845 -0.0010483 -0.00176712 -0.00129736 -0.00164459 -0.00144754 -0.00184624 -0.00186919 -0.00115971 -0.00100949 -0.0016115 -0.00167242 -0.00164027 -0.000847693 -0.00113876 -0.00165628 -0.00152471 -0.000957239 -0.00186863 -0.00127342 -0.000416898 -0.0010884 -0.00157437 -0.00104546 -0.0013555 -0.00185772 -0.0010254 -0.0010518 -0.00126861 -0.00164677 -0.00189006 -0.00158594 -0.00140219 -0.00155717 -0.000717979 -0.00106386 -0.0013822 -0.00152156 -0.00151074 -0.00116377 -0.00186695 -0.000632744 -0.0010068 -0.000988912 -0.00169856 -0.0011414 -0.00126858 -0.00128641 -0.00020225 0.00205231 
0.000932273 0.0022041 0.00187598 0.00194948 0.129996 0.00203092 0.0016604 0.00259691 0.00140669 0.00128017 -0.00218406 -0.00205597 -0.00260065 -0.00309998 -0.00208317 -0.00230589 -0.00131354 -0.00219079 -0.000698152 -0.00215045 -0.000244286 -0.00164326 -0.00166365 -0.00188818 -0.00197204 -0.002271 -0.00225739 -0.00170793 -0.00184627 -0.00261901 -0.00165899 -0.00140442 -0.00237021 -0.00119444 -0.00176194 -0.00177247 -0.00206112 -0.00139715 -0.000996988 -0.00138597 -0.00174935 -0.000971515 -0.00162582 -0.0018121 -0.00125221 -0.0017883 -0.00158106 -0.00208162 -0.00158166 -0.00199494 -0.00180968 -0.00139414 -0.00153676 -0.00142638 -0.00212274 -0.00149651 -0.00164899 -0.00130518 -0.00148226 -0.0019116 -0.0022382 -0.00164154 -0.00172834 -0.000956772 -0.00205252 -0.00149385 -0.00149524 -0.00122554 -0.00110019 -0.000854821 -0.00187827 -0.0013502 -0.00137158 -0.000826679 -0.00138987 -0.00124702 -0.00102228 -0.00114896 -0.00128854 -0.00128569 -0.00158892 -0.00186092 -0.00192266 -0.00204169 -0.00148494 -0.00118835 -0.00132456 -0.00195169 -0.00136037 -0.00103931 -0.00126748 -0.00165224 -0.0022514 -0.00272444 -0.00114992 -0.00194776 -0.00156128 -0.000476811 -0.00162039 -0.000549483 
0.00201541 0.00178875 0.00221073 0.00221082 0.00203092 0.12215 0.00189793 0.00280954 0.00179335 0.00223891 0.00189717 -0.00180272 -0.00159926 -0.00158598 -0.00213944 -0.00207486 -0.00208544 -0.00175662 -0.00259018 -0.00190083 -0.00279054 -0.00210021 -0.00161597 -0.00219807 -0.00158131 -0.00176227 -0.00203204 -0.0022111 -0.00181762 -0.00256687 -0.0015422 -0.00182355 -0.00184251 -0.00197654 -0.00143049 -0.00149918 -0.00136822 -0.00235053 -0.00119022 -0.00173074 -0.00101257 -0.00200192 -0.00215314 -0.00111902 -0.00233163 -0.00112299 -0.00185112 -0.00165001 -0.00226146 -0.00139149 -0.00191674 -0.00133 -0.00194777 -0.00148968 -0.00124581 -0.00145685 -0.00102609 -0.00113096 -0.00164237 -0.00142024 -0.00138864 -0.00126271 -0.000965631 -0.00114191 -0.000793577 -0.000675572 -0.00220133 -0.000944938 -0.00264373 -0.000696526 -0.00106978 -0.0013237 -0.00185192 -0.00127343 -0.00149932 -0.00185931 -0.00127801 -0.00165205 -0.00197417 -0.00157579 -0.00116692 -0.0015201 -0.00178678 -0.00127768 -0.00148565 -0.00121366 -0.000684817 -0.00148738 -0.00180424 -0.00167292 -0.00147303 -0.00194176 -0.00113501 -0.00184107 -0.00192073 -0.00121614 -0.00182222 -0.00160197 -0.00137606 -7.60666e-05 
-0.00143049 0.00167586 0.00255575 0.00209957 0.0016604 0.00189793 0.128854 0.00287761 0.00192291 0.00195964 0.00266733 0.00303753 -0.00124696 -0.00169427 -0.00256226 -0.00233789 -0.001726 -0.00248496 -0.00328275 -0.00111041 -0.00208909 -0.00134409 -0.0021024 -0.00104653 -0.00264379 -0.00114571 -0.00147716 -0.00197162 -0.00293781 -0.00168498 -0.00153858 -0.00198162 -0.00198227 -0.001912 -0.00237472 -0.00214603 -0.00131965 -0.00102103 -0.00168274 -0.00156279 -0.00157748 -0.00188585 -0.00164448 -0.00180401 -0.00120562 -0.00192201 -0.00122845 -0.0020522 -0.00156108 -0.00122579 -0.00178271 -0.00152067 -0.001101 -0.00144322 -0.00237954 -0.00145772 -0.000972404 -0.00137732 -0.0014417 -0.00145107 -0.00154244 -0.00152326 -0.00183088 -0.00238451 -0.00132592 -0.00142753 -0.00217057 -0.00192992 -0.00300784 -0.00213318 -0.00183163 -0.00178227 -0.00159053 -0.00195556 -0.001068 -0.00185362 -0.00223746 -0.00190194 -0.00180969 -0.00175193 -0.00199217 -0.00237645 -0.000839274 -0.00183914 -0.00133339 -0.00107103 -0.0013154 -0.00184735 -0.0011277 -0.00169232 -0.00098006 -0.00206295 -0.0014733 -0.00123278 -0.00200034 -0.000952361 -0.00167686 -0.00228833 -0.000166526 -0.00100758 
-0.00148527 -0.00130461 0.00241687 0.00204316 0.00259691 0.00280954 0.00287761 0.132096 0.00329112 0.00225476 0.00294594 0.00206981 0.00214178 -0.00202173 -0.00190589 -0.00245777 -0.00255494 -0.00275454 -0.00240014 -0.00277401 -0.00240729 -0.001493 -0.00221452 -0.00196824 -0.00186274 -0.00259085 -0.00136305 -0.00243742 -0.00237918 -0.0019259 -0.000785507 -0.00207726 -0.00206964 -0.0030887 -0.00182223 -0.00127309 -0.00172363 -0.00246407 -0.00274332 -0.00192203 -0.00223126 -0.00187297 -0.00150097 -0.00135801 -0.000945988 -0.00210535 -0.00169548 -0.001845 -0.00163381 -0.00139341 -0.000609651 -0.0013194 -0.00229286 -0.00150301 -0.00168789 -0.00121574 -0.00235525 -0.00204837 -0.00122937 -0.00113023 -0.00162448 -0.0016087 -0.000494907 -0.00180177 -0.00201165 -0.00142815 -0.00158645 -0.00188149 -0.00180369 -0.00118864 -0.00149763 -0.00164886 -0.00184557 -0.00101408 -0.00198196 -0.00150908 -0.00137201 -0.00186074 -0.00139432 -0.0019796 -0.00142972 -0.00254675 -0.00147992 -0.00164196 -0.00195325 -0.00238026 -0.00144468 -0.00134564 -0.00177276 -0.00142919 -0.00119561 -0.0015582 -0.00184202 -0.00119255 -0.00201293 -0.00176592 -0.0016627 -0.00119563 -0.00235463 -0.00156075 
-0.00171922 -0.00233448 -0.00141289 0.00229176 0.00140669 0.00179335 0.00192291 0.00329112 0.128917 0.00246899 0.0023973 0.00201736 0.00214621 0.00232187 -0.000770634 -0.00287773 -0.000838039 -0.00236967 -0.00191807 -0.00207129 -0.00258574 -0.00239043 -0.00190919 -0.001824 -0.00310102 -0.00287853 -0.00172629 -0.00178391 -0.00115273 -0.00150569 -0.00206914 -0.00069971 -0.00170929 -0.00215168 -0.00202412 -0.00264479 -0.000633929 -0.00142667 -0.00197593 -0.00158581 -0.00231138 -0.00191011 -0.00185933 -0.00154883 -0.00181646 -0.00193762 -0.00154789 -0.00106928 -0.00138035 -0.00128661 -0.00135719 -0.00089774 -0.00118409 -0.00205496 -0.00179961 -0.00186227 -0.00136258 -0.00115051 -0.000921869 -0.00117124 -0.0023408 -0.00131411 -0.00138221 -0.00199173 -0.00164477 -0.00191335 -0.00248452 -0.00185611 -0.00214869 -0.00150567 -0.00107089 -0.00144004 -0.00134323 -0.00131491 -0.00140265 -0.00180645 -0.0010724 -0.00111473 -0.00241034 -0.00193707 -0.00211203 -0.00170738 -0.0012072 -0.00247614 -0.00142478 -0.00199627 -0.00192654 -0.0010293 -0.00227577 -0.000673827 -0.0012885 -0.00106704 -0.00164994 -0.00171917 -0.000991743 -0.00169829 -0.00182558 -0.00159558 -0.00265347 -0.00164101 
-0.00217902 -0.00147415 -0.000865438 -0.00123656 0.00128017 0.00223891 0.00195964 0.00225476 0.00246899 0.13263 0.00253321 0.00273054 0.00186608 0.00259853 -0.0022666 -0.00248779 -0.00143986 -0.00186278 -0.00209257 -0.00263964 -0.00311477 -0.00249719 -0.0019736 -0.00225108 -0.00227141 -0.00203222 -0.00118782 -0.0026509 -0.00204235 -0.00192459 -0.000976621 -0.0021921 -0.00203073 -0.00109732 -0.00145213 -0.00181065 -0.00169764 -0.00083948 -0.00149052 -0.00187844 -0.000727471 -0.00209294 -0.00199588 -0.000901856 -0.0023747 -0.00126519 -0.00169153 -0.00123796 -0.00263917 -0.00142219 -0.00152307 -0.00168963 -0.00120606 -0.0013613 -0.00116381 -0.00165949 -0.00213001 -0.00177814 -0.00222031 -0.00155312 -0.00176591 -0.00135999 -0.00107195 -0.00193735 -0.00144954 -0.00192113 -0.000836444 -0.00169256 -0.00230966 -0.00174118 -0.000908942 -0.00152568 -0.00130445 -0.00101213 -0.00144366 -0.00140597 -0.00115866 -0.00169304 -0.00206099 -0.00153056 -0.00182429 -0.00260094 -0.00131333 -0.00199985 -0.00118182 -0.00158349 -0.00186016 -0.000954047 -0.00148491 -0.00183996 -0.00163918 -0.00152423 -0.00205181 -0.00163955 -0.00196481 -0.00205654 -0.00157248 -0.00123198 -0.00186158 -0.00165676 
-0.00217707 -0.00163445 -0.00188177 -0.00219602 -0.00218406 0.00189717 0.00266733 0.00294594 0.0023973 0.00253321 0.14463 0.00213155 0.00295229 0.00307169 0.00368127 0.00283063 -0.00194619 -0.00108081 -0.00264507 -0.0017141 -0.00146999 -0.00153224 -0.00285259 -0.00212588 -0.00219679 -0.00171715 -0.00217381 -0.002684 -0.00155461 -0.00174941 -0.0016133 -0.00213066 -0.00169383 -0.0018975 -0.00149374 -0.00224172 -0.00227948 -0.0025334 -0.00291657 -0.00188468 -0.00260006 -0.00264806 -0.00284203 -0.00214691 -0.00146406 -0.00241736 -0.00229368 -0.00193976 -0.00117815 -0.00213762 -0.00097429 -0.00188063 -0.00154945 -0.00231158 -0.00268289 -0.00234892 -0.00169046 -0.00212605 -0.00180119 -0.00286788 -0.00143166 -0.00142185 -0.00164023 -0.00152106 -0.00214907 -0.00148138 -0.00205645 -0.00139231 -0.00268532 -0.00153073 -0.0024411 -0.00248062 -0.00201547 -0.00210063 -0.00214231 -0.00222671 -0.00127246 -0.00165719 -0.00183919 -0.00171318 -0.00246909 -0.00221764 -0.00219269 -0.000694371 -0.00265678 -0.000998546 -0.00222453 -0.00145258 -0.00210412 -0.00113714 -0.00119276 -0.00171257 -0.00193777 -0.00206929 -0.00151736 -0.00146523 -0.00145457 -0.00135218 -0.00200221 -0.00158649 
-0.0021057 -0.0018272 -0.00202486 -0.00169681 -0.00205597 -0.00180272 0.00303753 0.00206981 0.00201736 0.00273054 0.00213155 0.139916 0.00247012 0.00259946 0.00243642 0.00165036 0.002991 -0.00200673 -0.00182611 -0.0027629 -0.00256637 -0.00201576 -0.00275564 -0.00185428 -0.00193654 -0.00186819 -0.00229301 -0.00197873 -0.00220485 -0.00342156 -0.00138549 -0.00277039 -0.000783485 -0.00181151 -0.00110465 -0.00232807 -0.00127313 -0.00214048 -0.00164541 -0.00131981 -0.00163529 -0.00192187 -0.00268469 -0.00167822 -0.00202545 -0.00152226 -0.00220638 -0.0024763 -0.00134892 -0.00143663 -0.00142704 -0.00235364 -0.00156035 -0.00242254 -0.0025937 -0.00187792 -0.00205183 -0.00152632 -0.00136749 -0.00235289 -0.00221636 -0.00244117 -0.00140468 -0.0014274 -0.00113533 -0.0012025 -0.00170654 -0.00116655 -0.00105055 -0.00151747 -0.00177912 -0.00231067 -0.00128467 -0.00256134 -0.00140308 -0.0011173 -0.00201832 -0.00192513 -0.00176937 -0.00207147 -0.00235972 -0.00133946 -0.00154885 -0.00170504 -0.00101026 -0.00132198 -0.00272152 -0.00121881 -0.00156299 -0.00134378 -0.00154329 -0.00181825 -0.00237738 -0.00117136 -0.00127118 -0.00264236 -0.00155651 -0.00237515 -0.00158479 -0.00203207 
-0.00208325 -0.00140287 -0.00274297 -0.00178174 -0.00260065 -0.00159926 -0.00124696 0.00214178 0.00214621 0.00186608 0.00295229 0.00247012 0.134559 0.00217021 0.00255041 0.00203076 0.00167521 -0.00269452 -0.00185161 -0.00215747 -0.00181022 -0.00204093 -0.00185983 -0.00193247 -0.00173934 -0.001461 -0.00204178 -0.000997291 -0.00252971 -0.00213306 -0.00207601 -0.00196793 -0.00115066 -0.00178449 -0.00151852 -0.00199464 -0.0015401 -0.00201779 -0.00171275 -0.00123417 -0.00109665 -0.00195844 -0.00173257 -0.00144535 -0.00145139 -0.000700441 -0.00164317 -0.00192001 -0.00153018 -0.0014861 -0.00160698 -0.000478962 -0.00215969 -0.00106104 -0.00200023 -0.00181866 -0.00177333 -0.00290087 -0.00146347 -0.00154781 -0.00190018 -0.00128764 -0.00158545 -0.00136593 -0.00187564 -0.00170658 -0.00203768 -0.00119168 -0.00150994 -0.00201229 -0.00146678 -0.0018537 -0.00235138 -0.0015084 -0.00216954 -0.00112853 -0.00173837 -0.00159865 -0.00138395 -0.00181147 -0.00142261 -0.00174845 -0.00156384 -0.00095123 -0.00166649 -0.00155311 -0.00220014 -0.00150304 -0.00185757 -0.00205537 -0.00188848 -0.00121342 -0.00123011 -0.00179359 -0.00202937 -0.00237879 -0.00189334 -0.00172656 -0.00147388 -0.00144973 
-0.00184639 -0.00210879 -0.00166131 -0.0023102 -0.00309998 -0.00158598 -0.00169427 -0.00202173 0.00232187 0.00259853 0.00307169 0.00259946 0.00217021 0.142638 0.0029856 0.00266943 0.00194399 0.00330274 0.00227536 -0.00143064 -0.00101694 -0.00185515 -0.00266113 -0.00236966 -0.00173025 -0.00200667 -0.00243848 -0.000938641 -0.00176809 -0.00187067 -0.00227413 -0.00167329 -0.0020575 -0.00240584 -0.00198846 -0.00223084 -0.00295418 -0.00239724 -0.00210634 -0.00233448 -0.00157747 -0.00169104 -0.00191665 -0.00192049 -0.00155697 -0.00118531 -0.00197001 -0.00109747 -0.00223431 -0.00188117 -0.0014244 -0.00199368 -0.00245965 -0.00200984 -0.000381409 -0.00151254 -0.00176063 -0.000781868 -0.00154692 -0.00132664 -0.0019376 -0.0017376 -0.00147913 -0.00197699 -0.0017353 -0.00188074 -0.00207629 -0.00231972 -0.00243976 -0.00229069 -0.00217889 -0.00179729 -0.00154859 -0.00228774 -0.00267408 -0.00212479 -0.00176765 -0.00247924 -0.00141797 -0.00139431 -0.00202456 -0.00173193 -0.00155557 -0.00203604 -0.00179636 -0.0021123 -0.00256468 -0.00209803 -0.0015126 -0.00264862 -0.00159509 -0.00199691 -0.00137506 -0.00164502 -0.00138257 -0.00288993 -0.00166015 -0.0016163 -0.00160183 -0.00212314 
-0.00164962 -0.00239907 -0.00141705 -0.00134057 -0.00208317 -0.00213944 -0.00256226 -0.00190589 -0.000770634 -0.0022666 0.00368127 0.00243642 0.00255041 0.0029856 0.140768 0.00308819 0.00258652 0.00314797 0.00328773 0.00370858 -0.000651447 -0.00125178 -0.0018646 -0.00072871 -0.00221807 -0.00231811 -0.00213778 -0.00220103 -0.00262949 -0.000648369 -0.00140798 -0.00323635 -0.00236397 -0.00234363 -0.00241084 -0.00180256 -0.00337535 -0.0014912 -0.00290607 -0.000770913 -0.00177904 -0.00180632 -0.00172051 -0.00101235 -0.00125446 -0.00173919 -0.00240022 -0.00178736 -0.00245862 -0.00170679 -0.00231996 -0.00208952 -0.00236794 -0.00223333 -0.00205477 -0.00181484 -0.0029905 -0.00231938 -0.00125554 -0.00196307 -0.00162595 -0.0019322 -0.00153422 -0.00253689 -0.00202942 -0.00163175 -0.00122025 -0.00184003 -0.00209451 -0.0010979 -0.00228021 -0.00198845 -0.00190114 -0.00257507 -0.00210056 -0.00268855 -0.00211968 -0.00254647 -0.000990567 -0.00119308 -0.0023705 -0.00169474 -0.00101276 -0.000712896 -0.0017032 -0.000964068 -0.00215836 -0.000897339 -0.00155621 -0.00159252 -0.00170566 -0.00207892 -0.0012394 -0.00211174 -0.00176765 -0.00194229 -0.00164745 -0.00166121 -0.00260362 -0.00252699 
-0.00231593 -0.00216902 -0.00159717 -0.00176543 -0.00230589 -0.00207486 -0.00233789 -0.00245777 -0.00287773 -0.00248779 0.00283063 0.00165036 0.00203076 0.00266943 0.00308819 0.143297 0.00443438 0.0023528 0.00351829 0.00271578 -0.00151378 -0.00103904 -0.00228088 -0.000598491 -0.00166241 -0.00172287 -0.00148287 -0.00141515 -0.00189234 -0.00182923 -0.00219631 -0.00288795 -0.00278612 -0.00158107 -0.00223795 -0.00216266 -0.00198165 -0.00298346 -0.00220282 -0.00102698 -0.00229411 -0.00198964 -0.00226229 -0.00210214 -0.00137419 -0.00201245 -0.00170595 -0.00205457 -0.000821205 -0.00188916 -0.00193137 -0.00202044 -0.00131154 -0.00220154 -0.0020008 -0.000931752 -0.00175721 -0.00251459 -0.00182831 -0.00118807 -0.000815296 -0.00253413 -0.00188253 -0.00208146 -0.00171049 -0.00174744 -0.00225085 -0.00220266 -0.00192704 -0.0025281 -0.00239207 -0.00201066 -0.00150826 -0.00193479 -0.000857037 -0.000874974 -0.001418 -0.00121534 -0.00214718 -0.00169278 -0.0025465 -0.0023887 -0.00217427 -0.00168055 -0.00122399 -0.0015179 -0.00117242 -0.00142247 -0.001303 -0.00109504 -0.00158914 -0.00277264 -0.00210644 -0.00186796 -0.00186533 -0.0023249 -0.0023601 -0.00151354 -0.00165036 -0.00221672 
-0.002073 -0.00228889 -0.00246779 -0.00168873 -0.00131354 -0.00208544 -0.001726 -0.00255494 -0.000838039 -0.00143986 -0.00194619 0.002991 0.00167521 0.00194399 0.00258652 0.00443438 0.142595 0.00320543 0.00301224 0.00195805 0.00315189 0.0021343 -0.00313298 -0.00115946 -0.000813349 -0.00216131 -0.00236948 -0.00218583 -0.00296705 -0.00163419 -0.00275622 -0.00272713 -0.00151102 -0.0024459 -0.00143051 -0.00164117 -0.00252943 -0.00189503 -0.00271992 -0.00240728 -0.002002 -0.0018201 -0.00221954 -0.00305675 -0.00139569 -0.00169514 -0.00259652 -0.00229126 -0.00172854 -0.00205897 -0.00202525 -0.00266417 -0.00214607 -0.00154463 -0.00207534 -0.00183867 -0.00191301 -0.00111471 -0.00160035 -0.00131119 -0.00202529 -0.00284778 -0.00257163 -0.00147089 -0.00234812 -0.00203331 -0.00156991 -0.00241442 -0.000869564 -0.00202794 -0.00172035 -0.000873377 -0.00211174 -0.000758759 -0.00185699 -0.00140977 -0.00167246 -0.0010676 -0.00138014 -0.00169212 -0.00204088 -0.00317481 -0.00161787 -0.00137953 -0.00169681 -0.00146487 -0.00115532 -0.00100763 -0.00197448 -0.00128995 -0.00139064 -0.00223829 -0.0016539 -0.00221481 -0.00211036 -0.00317358 -0.00199638 -0.00187508 -0.00230181 -0.00120128 
-0.0029509 -0.00217068 -0.00177622 -0.00176211 -0.00219079 -0.00175662 -0.00248496 -0.00275454 -0.00236967 -0.00186278 -0.00108081 -0.00200673 -0.00269452 0.00330274 0.00314797 0.0023528 0.00320543 0.148661 0.00333073 0.00406719 0.00242314 0.00311024 0.00308843 -0.00131176 -0.00136506 -0.00140118 -0.00212833 -0.00186652 -0.00176746 -0.00197545 -0.00331344 -0.00130284 -0.00217665 -0.00161806 -0.00167757 -0.0015954 -0.00180817 -0.001312 -0.00223608 -0.00109885 -0.00125928 -0.00193321 -0.000772391 -0.00200884 -0.00186452 -0.00145048 -0.00180381 -0.00175058 -0.00177287 -0.00197602 -0.00133247 -0.00176193 -0.00245249 -0.00150854 -0.00183027 -0.00140293 -0.00228903 -0.00198428 -0.00132536 -0.001723 -0.00242439 -0.00193011 -0.000992987 -0.0017692 -0.00285875 -0.00169289 -0.00319823 -0.0021563 -0.00231744 -0.00223454 -0.00205668 -0.00242013 -0.00258459 -0.00297548 -0.0017319 -0.00209494 -0.00137056 -0.00133276 -0.00226462 -0.00134291 -0.00290439 -0.00217274 -0.00189943 -0.00244766 -0.00242766 -0.00221473 -0.00196107 -0.00241419 -0.0020177 -0.00142174 -0.00346636 -0.00265978 -0.00155197 -0.00249301 -0.00234878 -0.0019671 -0.00118893 -0.00200814 -0.00186591 -0.00149089 
-0.00224872 -0.00218795 -0.00214612 -0.00143453 -0.000698152 -0.00259018 -0.00328275 -0.00240014 -0.00191807 -0.00209257 -0.00264507 -0.00182611 -0.00185161 0.00227536 0.00328773 0.00351829 0.00301224 0.00333073 0.148923 0.00302515 0.00265798 0.00229946 0.00328097 -0.00129965 -0.00241279 -0.00226351 -0.0030388 -0.00243957 -0.00253663 -0.0013071 -0.00236318 -0.00216763 -0.00202515 -0.00247242 -0.00226429 -0.00128233 -0.00251291 -0.00317725 -0.00175333 -0.00147975 -0.00146411 -0.00130131 -0.00229241 -0.00238019 -0.00292904 -0.00223269 -0.00238078 -0.0027216 -0.00220091 -0.00184169 -0.00293667 -0.0015915 -0.00125816 -0.00125974 -0.000423647 -0.0017199 -0.000714503 -0.00122378 -0.00218667 -0.00138384 -0.00151499 -0.00161584 -0.00125259 -0.00155245 -0.00214382 -0.000950307 -0.00221879 -0.00154128 -0.00186707 -0.00126082 -0.00244276 -0.00174193 -0.00281192 -0.0015783 -0.0012322 -0.00278703 -0.000818537 -0.00168918 -0.00256294 -0.0019061 -0.00215637 -0.00243 -0.00177172 -0.00273833 -0.00190196 -0.0024099 -0.00250114 -0.00292204 -0.000874585 -0.00116101 -0.00233743 -0.00180173 -0.000834088 -0.00222125 -0.00191366 -0.00193286 -0.00200264 -0.00175468 -0.00198217 -0.00191272 
-0.0021226 -0.00242877 -0.00256059 -0.00282168 -0.00215045 -0.00190083 -0.00111041 -0.00277401 -0.00207129 -0.00263964 -0.0017141 -0.0027629 -0.00215747 -0.00143064 0.00370858 0.00271578 0.00195805 0.00406719 0.00302515 0.147216 0.00370045 0.00242454 0.00343286 0.00192764 0.00332189 -0.000774785 -0.00216553 -0.00224291 -0.00107874 -0.00171197 -0.00333625 -0.00205908 -0.00278263 -0.00349037 -0.00254984 -0.00274927 -0.00191338 -0.00174894 -0.00221405 -0.00110035 -0.00140519 -0.00213676 -0.00164578 -0.00165406 -0.00211496 -0.00252729 -0.00156188 -0.00192463 -0.00203792 -0.00206887 -0.00260567 -0.00137337 -0.00148121 -0.00253209 -0.00253687 -0.00160694 -0.00149976 -0.00106755 -0.00259776 -0.0019524 -0.00247948 -0.00215637 -0.00160863 -0.00217393 -0.00168373 -0.00168576 -0.00160344 -0.00207418 -0.00176952 -0.00183303 -0.00126523 -0.00208066 -0.00117755 -0.00278317 -0.00159918 -0.00192854 -0.00178416 -0.00227281 -0.000762028 -0.00261841 -0.00200992 -0.00270807 -0.00127221 -0.00150999 -0.00191261 -0.00192539 -0.00310589 -0.00159752 -0.00206501 -0.00135418 -0.00234869 -0.00164523 -0.00110186 -0.00227702 -0.00209577 -0.00193655 -0.00216519 -0.0021248 -0.00251884 -0.0015889 
-0.00252918 -0.00218359 -0.00216423 -0.00229353 -0.000244286 -0.00279054 -0.00208909 -0.00240729 -0.00258574 -0.00311477 -0.00146999 -0.00256637 -0.00181022 -0.00101694 -0.000651447 -0.00151378 0.00315189 0.00242314 0.00265798 0.00370045 0.14938 0.00342515 0.00346443 0.00190834 0.00313354 0.00236348 -0.00216367 -0.00203388 -0.00136852 -0.0027837 -0.00257744 -0.00107069 -0.00252767 -0.00279643 -0.00262408 -0.00251133 -0.00187726 -0.00237979 -0.00156389 -0.00245288 -0.00216257 -0.000995221 -0.00125925 -0.00140216 -0.00193743 -0.00102154 -0.0019476 -0.00223274 -0.000658527 -0.00270538 -0.00270601 -0.00260088 -0.00204719 -0.00224365 -0.00163344 -0.00224505 -0.00182115 -0.00203767 -0.00168275 -0.00244504 -0.00211531 -0.00236381 -0.00185457 -0.000397968 -0.00287016 -0.00116446 -0.00217083 -0.00205318 -0.00165019 -0.0010929 -0.00181501 -0.00100652 -0.00167768 -0.00261301 -0.00174997 -0.00229418 -0.000577344 -0.00102175 -0.00119942 -0.00227146 -0.00235023 -0.00247068 -0.0019661 -0.0010575 -0.00169165 -0.00177359 -0.00127623 -0.00236607 -0.00119756 -0.00193912 -0.00262269 -0.00218726 -0.00142705 -0.00230664 -0.00263432 -0.00292042 -0.00187228 -0.00264635 -0.00214684 -0.00284866 
-0.00126168 -0.00214604 -0.00248896 -0.00256804 -0.00164326 -0.00210021 -0.00134409 -0.001493 -0.00239043 -0.00249719 -0.00153224 -0.00201576 -0.00204093 -0.00185515 -0.00125178 -0.00103904 0.0021343 0.00311024 0.00229946 0.00242454 0.00342515 0.147381 0.0027687 0.0015948 0.00357318 0.00181088 -0.00119711 -0.00341689 -0.000990425 -0.00101974 -0.00147992 -0.00183056 -0.0023237 -0.00262533 -0.00170438 -0.00284077 -0.0027076 -0.00212318 -0.00188012 -0.00112016 -0.00241347 -0.00181015 -0.00110401 -0.00226944 -0.0013368 -0.00143893 -0.00234209 -0.00245031 -0.0022277 -0.00203705 -0.00190422 -0.00217115 -0.00211614 -0.00175118 -0.00243402 -0.00275471 -0.00248941 -0.00199213 -0.00267256 -0.002267 -0.00148688 -0.00260811 -0.00167696 -0.00094725 -0.00213809 -0.00155595 -0.0017146 -0.0013245 -0.00194391 -0.00241804 -0.00156309 -0.00258343 -0.000818411 -0.00241945 -0.00292974 -0.00165162 -0.00130993 -0.00138469 -0.00123149 -0.00171024 -0.00145894 -0.00145283 -0.00191713 -0.0013539 -0.0019472 -0.00178306 -0.00265677 -0.0018749 -0.00109817 -0.00173843 -0.00149701 -0.00208446 -0.00213383 -0.0021307 -0.00243227 -0.00225751 -0.00135021 -0.00163519 -0.001801 -0.00159177 
-0.00174041 -0.00138477 -0.0022592 -0.00170743 -0.00166365 -0.00161597 -0.0021024 -0.00221452 -0.00190919 -0.0019736 -0.00285259 -0.00275564 -0.00185983 -0.00266113 -0.0018646 -0.00228088 -0.00313298 0.00308843 0.00328097 0.00343286 0.00346443 0.0027687 0.147967 0.00371482 0.00385677 0.00147358 0.00202702 -0.00205983 -0.00196741 -0.00184103 -0.00181822 -0.0017649 -0.00225088 -0.00278667 -0.00167766 -0.00161001 -0.00150327 -0.00306886 -0.00221715 -0.00334545 -0.00122912 -0.00177119 -0.00208661 -0.0011253 -0.00176751 -0.00187574 -0.00102611 -0.00177443 -0.00274223 -0.00167941 -0.00261566 -0.00168622 -0.00164604 -0.00210669 -0.00158634 -0.0020153 -0.00236562 -0.00139589 -0.00294691 -0.00233448 -0.00231668 -0.00153422 -0.00188913 -0.00124629 -0.00127805 -0.00260625 -0.00272038 -0.00216826 -0.00209209 -0.00180411 -0.00164981 -0.002708 -0.0024282 -0.00209379 -0.00168952 -0.00126951 -0.00128321 -0.00157173 -0.00125289 -0.000883814 -0.00218678 -0.000594135 -0.00194906 -0.000904139 -0.00177496 -0.00200624 -0.0024889 -0.00223739 -0.00191747 -0.00260751 -0.00224502 -0.000856555 -0.00186276 -0.00160606 -0.00240407 -0.00253251 -0.00221139 -0.0011639 -0.00182052 -0.00155281 
-0.00155976 -0.00129987 -0.00143461 -0.00232418 -0.00188818 -0.00219807 -0.00104653 -0.00196824 -0.001824 -0.00225108 -0.00212588 -0.00185428 -0.00193247 -0.00236966 -0.00072871 -0.000598491 -0.00115946 -0.00131176 -0.00129965 0.00192764 0.00190834 0.0015948 0.00371482 0.140397 0.00288338 0.00223098 0.00125249 0.00200654 -0.000924562 -0.000771722 -0.00200888 -0.00211015 -0.00171852 -0.00168149 -0.00211314 -0.00150066 -0.00170242 -0.000680707 -0.00159316 -0.00227547 -0.000789083 -0.00265529 -0.00188633 -0.0024575 -0.00149097 -0.000989137 -0.00203852 -0.00181265 -0.00343774 -0.00165274 -0.00187135 -0.00111602 -0.00179387 -0.00252237 -0.00112343 -0.00155666 -0.0017445 -0.00220275 -0.00203772 -0.00216199 -0.00185886 -0.0015573 -0.00176783 -0.0014557 -0.00121976 -0.00129665 -0.00208295 -0.00213896 -0.00180397 -0.00232356 -0.00239017 -0.00200038 -0.00168996 -0.0013681 -0.00168634 -0.00186761 -0.00203511 -0.00147245 -0.00156386 -0.00153419 -0.00218711 -0.00215032 -0.00195203 -0.00144311 -0.00214886 -0.00163338 -0.00170804 -0.00121161 -0.00174888 -0.00146442 -0.00142343 -0.00260261 -0.00228682 -0.00153867 -0.00180269 -0.00182155 -0.00155668 -0.00120785 -0.000951765 -0.00236635 
-0.00265426 -0.0020319 -0.00262582 -0.00224362 -0.00197204 -0.00158131 -0.00264379 -0.00186274 -0.00310102 -0.00227141 -0.00219679 -0.00193654 -0.00173934 -0.00173025 -0.00221807 -0.00166241 -0.000813349 -0.00136506 -0.00241279 0.00332189 0.00313354 0.00357318 0.00385677 0.00288338 0.147081 0.00412698 0.00230756 0.00270592 0.00246231 0.00179703 -0.00156242 -0.00244827 -0.000625931 -0.00200445 -0.00144484 -0.0019269 -0.00248375 -0.00236106 -0.00162502 -0.00133305 -0.00270582 -0.00200511 -0.000511902 -0.00244083 -0.00237789 -0.00189037 -0.000690193 -0.00251888 -0.00181066 -0.00203621 -0.00154442 -0.00228074 -0.00232338 -0.00251377 -0.00215566 -0.0017439 -0.00163308 -0.00203534 -0.00210333 -0.00221873 -0.00131648 -0.00103712 -0.00171528 -0.00169266 -0.00244833 -0.00120583 -0.00230637 -0.00266422 -0.00263612 -0.00191464 -0.00236896 -0.00256937 -0.00217117 -0.00344517 -0.00286354 -0.00151457 -0.00185316 -0.00171389 -0.000721642 -0.00205656 -0.00192609 -0.00220181 -0.00211892 -0.00172021 -0.00250125 -0.00192022 -0.00275304 -0.00143209 -0.0022435 -0.00243918 -0.00120765 -0.00120064 -0.00235523 -0.00190187 -0.00252525 -0.00155644 -0.0015642 -0.00238143 -0.00214216 -0.00252461 
-0.00183434 -0.0021609 -0.00233434 -0.00277645 -0.002271 -0.00176227 -0.00114571 -0.00259085 -0.00287853 -0.00203222 -0.00171715 -0.00186819 -0.001461 -0.00200667 -0.00231811 -0.00172287 -0.00216131 -0.00140118 -0.00226351 -0.000774785 0.00236348 0.00181088 0.00147358 0.00223098 0.00412698 0.144058 0.00309521 0.00300063 0.00298196 0.00254975 0.00208756 -0.00171873 -0.00241451 -0.00197425 -0.0012471 -0.00181355 -0.00128781 -0.00221537 -0.00201517 -0.00194829 -0.00145692 -0.00172692 -0.00132991 -0.00150827 -0.00200356 -0.00198526 -0.0027683 -0.00243036 -0.0022268 -0.00256392 -0.00271143 -0.00235004 -0.00147084 -0.00111106 -0.00167117 -0.00258559 -0.00139929 -0.00175786 -0.00216152 -0.00247242 -0.00188892 -0.00165063 -0.00146647 -0.00284224 -0.00126322 -0.00263561 -0.000970996 -0.00242924 -0.00163285 -0.00178469 -0.00206912 -0.00166139 -0.00131147 -0.00232318 -0.00173553 -0.00248727 -0.00162811 -0.00208438 -0.00201125 -0.00215147 -0.00218815 -0.00239722 -0.00223953 -0.00132811 -0.00137396 -0.000773328 -0.00231616 -0.00155863 -0.00193523 -0.00239073 -0.00132781 -0.00273361 -0.00192559 -0.0019495 -0.00160818 -0.00212869 -0.00223426 -0.0010047 -0.000829652 -0.0017005 
-0.00187908 -0.0014526 -0.00202173 -0.00126007 -0.00225739 -0.00203204 -0.00147716 -0.00136305 -0.00172629 -0.00118782 -0.00217381 -0.00229301 -0.00204178 -0.00243848 -0.00213778 -0.00148287 -0.00236948 -0.00212833 -0.0030388 -0.00216553 -0.00216367 -0.00119711 0.00202702 0.00125249 0.00230756 0.00309521 0.140356 0.0036197 0.00325995 0.00247285 0.00226818 0.00179841 -0.000731681 -0.00156833 -0.00246844 -0.00162965 -0.00181081 -0.00309914 -0.00187627 -0.00118572 -0.00219409 -0.00257722 -0.00211214 -0.00278125 -0.00303208 -0.00162697 -0.00112851 -0.00141333 -0.00203465 -0.00213871 -0.00165147 -0.00214297 -0.0016534 -0.00191732 -0.0019225 -0.00191128 -0.00219316 -0.00241106 -0.00153797 -0.00215765 -0.00233907 -0.0018835 -0.00146996 -0.000939464 -0.00124672 -0.00144487 -0.00176022 -0.00179464 -0.000999388 -0.00259049 -0.00179297 -0.00100588 -0.0022738 -0.000639754 -0.00200301 -0.00245095 -0.00159558 -0.00177567 -0.00129188 -0.00215675 -0.000593958 -0.00186079 -0.0022064 -0.00207055 -0.00153092 -0.00196667 -0.00196171 -0.00114715 -0.00121731 -0.00268274 -0.00119231 -0.00137517 -0.00202145 -0.00165401 -0.0014772 -0.00161935 -0.00186611 -0.00155756 -0.00125254 -0.00055306 
-0.00210877 -0.00172588 -0.00195213 -0.00210491 -0.00170793 -0.0022111 -0.00197162 -0.00243742 -0.00178391 -0.0026509 -0.002684 -0.00197873 -0.000997291 -0.000938641 -0.00220103 -0.00141515 -0.00218583 -0.00186652 -0.00243957 -0.00224291 -0.00203388 -0.00341689 -0.00205983 0.00200654 0.00270592 0.00300063 0.0036197 0.14198 0.0032978 0.00349857 0.00289611 0.00294111 0.00246982 -0.00139505 -0.00186116 -0.00250568 -0.00221056 -0.00157944 -0.00246272 -0.00250921 -0.00234322 -0.00154938 -0.00261831 -0.00239952 -0.00268061 -0.00155407 -0.00142352 -0.00107831 -0.00163225 -0.00182321 -0.000885825 -0.0021766 -0.00115747 -0.00227338 -0.00150606 -0.00207282 -0.001666 -0.00254937 -0.00294061 -0.00184654 -0.00185851 -0.00150706 -0.00120449 -0.00168839 -0.00194178 -0.00133514 -0.00180771 -0.00266006 -0.000903678 -0.00186433 -0.00131956 -0.00192912 -0.00206284 -0.00216177 -0.00288245 -0.00159271 -0.00137671 -0.00168076 -0.000958834 -0.00251807 -0.00174598 -0.00169974 -0.00197315 -0.00148202 -0.00103499 -0.00110497 -0.0018476 -0.00144057 -0.00289669 -0.00180327 -0.00152697 -0.00267998 -0.00107207 -0.00160543 -0.00258167 -0.00138107 -0.00161056 -0.000677143 -0.00190714 -0.00127542 
-0.00156755 -0.00240355 -0.00195396 -0.00177032 -0.00184627 -0.00181762 -0.00293781 -0.00237918 -0.00115273 -0.00204235 -0.00155461 -0.00220485 -0.00252971 -0.00176809 -0.00262949 -0.00189234 -0.00296705 -0.00176746 -0.00253663 -0.00107874 -0.00136852 -0.000990425 -0.00196741 -0.000924562 0.00246231 0.00298196 0.00325995 0.0032978 0.14084 0.00352278 0.00370636 0.00302763 0.00282327 0.00120872 -0.00220825 -0.0019747 -0.00172992 -0.00251329 -0.00183607 -0.0012487 -0.00186334 -0.00211519 -0.00143542 -0.00147174 -0.000870101 -0.0014648 -0.00126623 -0.00179465 -0.00248373 -0.00211861 -0.00188385 -0.00188599 -0.00187044 -0.00148721 -0.00165974 -0.00250813 -0.00265138 -0.00251622 -0.00197379 -0.00209634 -0.00214211 -0.00194375 -0.00126323 -0.00223575 -0.00210588 -0.00159184 -0.0011249 -0.0023925 -0.00107035 -0.00194766 -0.00145856 -0.00268402 -0.00145655 -0.00229185 -0.00206398 -0.00174019 -0.00251677 -0.00216343 -0.00214127 -0.00187435 -0.000472771 -0.00171675 -0.00236652 -0.0019681 -0.000888615 -0.0019881 -0.0011031 -0.00122608 -0.0014799 -0.00178484 -0.00204043 -0.00105299 -0.0024578 -0.00212856 -0.0021553 -0.00200347 -0.00160919 -0.000978367 -0.00217441 -0.0023471 
-0.0012856 -0.00217575 -0.00280063 -0.00223514 -0.00261901 -0.00256687 -0.00168498 -0.0019259 -0.00150569 -0.00192459 -0.00174941 -0.00342156 -0.00213306 -0.00187067 -0.000648369 -0.00182923 -0.00163419 -0.00197545 -0.0013071 -0.00171197 -0.0027837 -0.00101974 -0.00184103 -0.000771722 0.00179703 0.00254975 0.00247285 0.00349857 0.00352278 0.138135 0.00339578 0.0027764 0.00245349 0.00296633 -0.00107375 -0.00234918 -0.00138639 -0.00204276 -0.00192832 -0.00138724 -0.0021214 -0.0012989 -0.00245436 -0.00203782 -0.00186226 -0.00190678 -0.00270099 -0.00170461 -0.00179018 -0.00178638 -0.000846705 -0.000962264 -0.00156169 -0.00175655 -0.00149428 -0.00201837 -0.00123457 -0.00256704 -0.0016783 -0.00226363 -0.00192713 -0.00216623 -0.00135658 -0.00201043 -0.00240316 -0.00224387 -0.00182424 -0.00199988 -0.00165937 -0.00237905 -0.0015555 -0.00174569 -0.0020458 -0.00191985 -0.00148409 -0.00224879 -0.00134085 -0.00211986 -0.00231342 -0.00193141 -0.00190337 -0.00206182 -0.00178545 -0.00104493 -0.00171673 -0.00115263 -0.0022132 -0.00134086 -0.00163947 -0.00192402 -0.00173839 -0.00148 -0.00215008 -0.00171451 -0.000982008 -0.00106385 -0.00182865 -0.00114734 -0.00224724 -0.00212219 
-0.00151691 -0.00246821 -0.00136952 -0.00157044 -0.00165899 -0.0015422 -0.00153858 -0.000785507 -0.00206914 -0.000976621 -0.0016133 -0.00138549 -0.00207601 -0.00227413 -0.00140798 -0.00219631 -0.00275622 -0.00331344 -0.00236318 -0.00333625 -0.00257744 -0.00147992 -0.00181822 -0.00200888 -0.00156242 0.00208756 0.00226818 0.00289611 0.00370636 0.00339578 0.136028 0.00212395 0.00283661 0.00235665 0.00289895 0.00204698 -0.000606779 -0.00260967 -0.00181905 -0.00179135 -0.00132256 -0.00186328 -0.00256496 -0.00165805 -0.00334558 -0.00243354 -0.00196026 -0.00170784 -0.00272934 -0.00156384 -0.00184105 -0.00164389 -0.00134707 -0.00102977 -0.000444183 -0.00178319 -0.00230864 -0.00229004 -0.00180404 -0.00186249 -0.00220382 -0.00176587 -0.00191204 -0.00110293 -0.00229117 -0.00179486 -0.00131967 -0.00184394 -0.00181868 -0.00153864 -0.00173204 -0.00216338 -0.00135303 -0.00177034 -0.00138064 -0.00161269 -0.0020901 -0.00267999 -0.00203384 -0.00120463 -0.00202491 -0.00182466 -0.0015495 -0.00196359 -0.00183726 -0.00175379 -0.00256828 -0.00174725 -0.00234461 -0.00119642 -0.00206518 -0.0016756 -0.00129041 -0.00141402 -0.0011428 -0.00140116 -0.000791303 -0.00265987 -0.00139191 -0.00239432 
-0.00153405 -0.00211615 -0.00284149 -0.00181925 -0.00140442 -0.00182355 -0.00198162 -0.00207726 -0.00069971 -0.0021921 -0.00213066 -0.00277039 -0.00196793 -0.00167329 -0.00323635 -0.00288795 -0.00272713 -0.00130284 -0.00216763 -0.00205908 -0.00107069 -0.00183056 -0.0017649 -0.00211015 -0.00244827 -0.00171873 0.00179841 0.00294111 0.00302763 0.0027764 0.00212395 0.13351 0.00270527 0.00289957 0.00208933 0.00267483 0.00218996 -0.000974375 -0.00119993 -0.0019666 -0.00124866 -0.00125728 -0.00215851 -0.00160977 -0.00189368 -0.00230091 -0.00181944 -0.00198102 -0.00168625 -0.00242785 -0.00129804 -0.00143157 -0.00217071 -0.00163777 -0.00199901 -0.00203695 -0.000837161 -0.00143541 -0.00231471 -0.00177161 -0.00188208 -0.00172648 -0.0017527 -0.00153331 -0.00188212 -0.000909316 -0.000953527 -0.00113279 -0.00122994 -0.00219666 -0.00257392 -0.000916771 -0.00153406 -0.0012785 -0.000663017 -0.0018442 -0.00149871 -0.00111352 -0.00130636 -0.00141632 -0.00202636 -0.00129981 -0.00223614 -0.00193588 -0.0021913 -0.00212872 -0.00110309 -0.00174628 -0.00185656 -0.00171907 -0.00252485 -0.00198961 -0.00186884 -0.00239398 -0.00174085 -0.00125174 -0.00230768 -0.00186661 -0.00160248 -0.00178922 
-0.00154293 -0.00172052 -0.00185073 -0.0016914 -0.00237021 -0.00184251 -0.00198227 -0.00206964 -0.00170929 -0.00203073 -0.00169383 -0.000783485 -0.00115066 -0.0020575 -0.00236397 -0.00278612 -0.00151102 -0.00217665 -0.00202515 -0.00278263 -0.00252767 -0.0023237 -0.00225088 -0.00171852 -0.000625931 -0.00241451 -0.000731681 0.00246982 0.00282327 0.00245349 0.00283661 0.00270527 0.130261 0.00222362 0.00227715 0.00222512 0.00269133 0.00159153 -0.00172438 -0.00107069 -0.0014273 -0.00139877 -0.00179145 -0.00206742 -0.00181256 -0.00193948 -0.00204856 -0.00112514 -0.00168415 -0.00194698 -0.00186996 -0.0016568 -0.00205957 -0.00207715 -0.00177653 -0.00132952 -0.00149172 -0.00165148 -0.00135529 -0.00169682 -0.00148107 -0.00167138 -0.00221228 -0.00128609 -0.00283738 -0.00198484 -0.00197436 -0.00188487 -0.00238122 -0.00203659 -0.00127298 -0.00119374 -0.000997479 -0.00152467 -0.00223375 -0.00230506 -0.00171808 -0.00225488 -0.000973986 -0.00170873 -0.00137341 -0.00229015 -0.00181801 -0.00183911 -0.00109102 -0.00105448 -0.00126161 -0.00204394 -0.00195767 -0.0014322 -0.00134984 -0.00186105 -0.00162537 -0.00174628 -0.00195989 -0.00076435 -0.00138762 -0.00150981 -0.00144737 -0.00107568 
