0.121178 0.00190452 0.00231735 0.00187728 0.00193848 0.00128266 -0.00102673 -0.00198025 -0.00200714 -0.00170285 -0.00160798 -0.00101192 -0.0013992 -0.0020894 -0.00147442 -0.00152474 -0.00179801 -0.00135249 -0.00176213 -0.00147247 -0.00180835 -0.00248241 -0.00175695 -0.00124711 -0.00126759 -0.00222504 -0.00145753 -0.000565277 -0.00216309 -0.00164771 -0.00178802 -0.00181282 -0.00100112 -0.00156799 -0.00120117 -0.0019002 -0.000898412 -0.00195777 -0.0019861 -0.00130084 -0.000786668 -0.00129181 -0.00187429 -0.00164269 -0.00165633 -0.00162211 -0.00130802 -0.00160032 -0.00107814 -0.00121254 -0.00102626 -0.00138054 -0.00184023 -0.0014522 -0.000709458 -0.00170993 -0.000794993 -0.00110678 -0.000334654 -0.00109512 -0.00200755 -0.00158306 -0.00169426 -0.00184119 -0.00208346 -0.00189384 -0.00109772 -0.00173413 -0.00189626 -0.00208931 -0.00154818 -0.00125796 -0.00215626 -0.00189803 -0.00119497 -0.00208324 -0.00184403 -0.000952172 -0.00214131 -0.000845506 -0.001881 -0.00138636 -0.000866977 -0.00149023 -0.00187661 -0.00137648 -0.00149147 -0.00127919 -0.00163822 -0.00121076 -0.00146748 -0.00170435 -0.00131038 -0.00159841 -0.00144849 -0.000878119 0.00198284 0.00114989 0.0014789 0.00140515 
0.00190452 0.123229 0.00227461 0.00235823 0.00157227 0.00203509 0.00192768 -0.00134896 -0.000920843 -0.00125705 -0.00178325 -0.00129173 -0.00159352 -0.00155779 -0.00198664 -0.00297857 -0.00242422 -0.00197005 -0.00226111 -0.00273698 -0.00179194 -0.00256831 -0.00166816 -0.00221098 -0.00222106 -0.00150609 -0.00122319 -0.00184225 -0.00174043 -0.00243683 -0.0012881 -0.000875037 -0.00204048 -0.00203086 -0.0013916 -0.00152853 -0.0016395 -0.00119209 -0.00182097 -0.00226107 -0.00143685 -0.00203764 -0.00217746 -0.00176212 -0.00201455 -0.00181472 -0.000952458 -0.00195773 -0.00193297 -0.00180111 -0.00195511 -0.00166272 -0.00143317 -0.00125901 -0.00166855 -0.000934333 -0.000966544 -0.00111097 -0.000754229 -0.00132131 -0.00129925 -0.00113196 -0.00137981 -0.00135395 -0.00229883 -0.000805204 -0.000969327 -0.00215787 -0.00128682 -0.000736982 -0.00155458 -0.00193352 -0.00138321 -0.00161 -0.00188539 -0.00152102 -0.00191042 -0.00108532 -0.00182317 -0.00187073 -0.00161538 -0.00151343 -0.00157185 -0.00082229 -0.000978242 -0.00171157 -0.00143256 -0.00130924 -0.000943405 -0.00140564 -0.00156037 -0.00123428 -0.000805931 -0.00132226 -0.00132238 -0.00127401 -0.000271587 0.0018772 0.00189193 0.00236351 
0.00231735 0.00227461 0.125904 0.00311527 0.00291389 0.00287953 0.00193261 0.00252293 -0.00132356 -0.000568931 -0.00166593 -0.00103954 -0.00146223 -0.00146657 -0.00172321 -0.0020049 -0.00191837 -0.00196652 -0.00232644 -0.00170933 -0.0016003 -0.00192673 -0.0030023 -0.00125011 -0.00174919 -0.00174862 -0.00241607 -0.000711282 -0.00246595 -0.00111911 -0.0018332 -0.00178027 -0.00151783 -0.00105675 -0.00114953 -0.00181689 -0.00129681 -0.00165214 -0.00175833 -0.00155754 -0.000848891 -0.00171376 -0.00132229 -0.0014806 -0.00207474 -0.00209414 -0.00115987 -0.00178947 -0.00254152 -0.00149603 -0.00152798 -0.00229528 -0.00119241 -0.00150924 -0.00110887 -0.00126942 -0.00163483 -0.00198452 -0.00146516 -0.00204871 -0.000934101 -0.00188311 -0.00218852 -0.00175942 -0.00190061 -0.00159951 -0.00163241 -0.00203892 -0.00156724 -0.00193926 -0.00132241 -0.00175579 -0.00171438 -0.00170086 -0.00163168 -0.00196612 -0.00132314 -0.00125362 -0.00136113 -0.00168915 -0.00158767 -0.00148501 -0.00145687 -0.00176893 -0.000826269 -0.00176549 -0.0015065 -0.00164114 -0.00151036 -0.00226484 -0.00219459 -0.00198268 -0.00205045 -0.00129161 -0.00133311 -0.0014363 -0.00104359 -0.00155866 0.00150593 0.00164189 
0.00187728 0.00235823 0.00311527 0.124621 0.00219303 0.00248284 0.00239624 0.001784 0.00292225 -0.00187024 -0.000511096 -0.00120234 -0.00204774 -0.00129618 -0.00180133 -0.00247458 -0.00198287 -0.00163285 -0.00251951 -0.0015886 -0.00169628 -0.00206463 -0.00191013 -0.00208425 -0.00174183 -0.00147594 -0.00156943 -0.00116624 -0.00189094 -0.00246855 -0.00223074 -0.00189107 -0.00213279 -0.0012245 -0.00207016 -0.00171959 -0.00184848 -0.00132915 -0.000956758 -0.00130052 -0.00135986 -0.00241836 -0.00145618 -0.00150113 -0.0021702 -0.00156901 -0.00128471 -0.0019657 -0.00156193 -0.00185295 -0.00102157 -0.00179793 -0.00196838 -0.00101626 -0.00220837 -0.00165047 -0.00182534 -0.00211322 -0.00112865 -0.00132004 -0.00165934 -0.00201319 -0.00153575 -0.00226085 -0.00201879 -0.00118804 -0.00150777 -0.00198736 -0.00128082 -0.00110982 -0.00190133 -0.00133655 -0.0015153 -0.00146945 -0.00129002 -0.00172132 -0.000914187 -0.00235521 -0.00168008 -0.000962164 -0.000819371 -0.00179227 -0.00199774 -0.00108771 -0.0015045 -0.00119562 -0.00150365 -0.00106752 -0.00144815 -0.00100126 -0.00144685 -0.00155767 -0.00167668 -0.00191852 -0.00165761 -0.00202587 -0.00102615 -0.0013822 -0.000951268 0.0019077 
0.00193848 0.00157227 0.00291389 0.00219303 0.123671 0.00271132 0.00161339 0.00234936 0.0027063 0.00216226 -0.00135743 -0.00101497 -0.00152466 -0.0014069 -0.00122247 -0.00133285 -0.00154857 -0.00174938 -0.00192877 -0.00263838 -0.0021694 -0.00197651 -0.0028172 -0.000557335 -0.00212742 -0.00114344 -0.000523678 -0.00154305 -0.000797992 -0.001641 -0.00218569 -0.000824726 -0.00177779 -0.00110778 -0.00177085 -0.0015952 -0.00171652 -0.00208987 -0.00152474 -0.00257688 -0.0013904 -0.00170489 -0.00230399 -0.00188628 -0.00139041 -0.000836029 -0.000747722 -0.00102616 -0.000774773 -0.0016971 -0.00253006 -0.00143308 -0.000718029 -0.00137608 -0.00155952 -0.00166718 -0.0013816 -0.0011114 -0.00190179 -0.00200461 -0.00241413 -0.00205413 -0.00205345 -0.00209612 -0.00207034 -0.00112186 -0.00136088 -0.00148725 -0.00162323 -0.00113279 -0.00145476 -0.00182705 -0.00151275 -0.00171459 -0.00141149 -0.00145191 -0.000878844 -0.00204078 -0.0010242 -0.00182822 -0.00198994 -0.00239939 -0.0010627 -0.0012235 -0.000899991 -0.00199706 -0.00240755 -0.00165939 -0.00195582 -0.0016792 -0.0026891 -0.00145957 -0.00156967 -0.00135655 -0.00170586 -0.00195616 -0.00130169 -0.00100381 -0.00177116 -0.00155191 
0.00128266 0.00203509 0.00287953 0.00248284 0.00271132 0.124943 0.00167304 0.00198976 0.00184393 0.00214454 0.000898444 -0.00113347 -0.00108778 -0.0016114 -0.00194245 -0.00271477 -0.00281964 -0.00215327 -0.00181985 -0.00245764 -0.00166813 -0.00248097 -0.00341895 -0.00207494 -0.00232558 -0.00141317 -0.0012122 -0.00140102 -0.000649485 -0.00169231 -0.00148367 -0.00139921 -0.00187879 -0.00161701 -0.000952133 -0.00146723 -0.00122132 -0.00113534 -0.00110056 -0.00153748 -0.00168029 -0.00204315 -0.00191527 -0.00195675 -0.00141204 -0.00137309 -0.00168779 -0.00079456 -0.000877351 -0.00113742 -0.00253789 -0.00103817 -0.000958248 -0.0020139 -0.00203435 -0.00253287 -0.000874949 -0.00191005 -0.00254698 -0.00164828 -0.00113456 -0.00158182 -0.00160768 -0.00171519 -0.00117464 -0.00156592 -0.00125528 -0.00178019 -0.00217841 -0.00146772 -0.00187406 -0.0016998 -0.00116476 -0.00119504 -0.0012086 -0.0013024 -0.00204151 -0.00161708 -0.000904431 -0.00170309 -0.00161248 -0.0013388 -0.00174539 -0.00175896 -0.00138365 -0.00111358 -0.00144873 -0.00137667 -0.00143333 -0.00201326 -0.00159769 -0.00160483 -0.00176359 -0.00160102 -0.00131247 -0.00177683 -0.00243991 -0.00148761 -0.00125068 -0.00180895 
-0.00102673 0.00192768 0.00193261 0.00239624 0.00161339 0.00167304 0.127638 0.00223092 0.0028769 0.00334858 0.0018535 0.0024014 -0.00159304 -0.0011978 -0.0023941 -0.00130348 -0.00246713 -0.00192751 -0.00188717 -0.00194903 -0.00135209 -0.00246401 -0.00255344 -0.0015432 -0.00218202 -0.00210795 -0.00140984 -0.001535 -0.00210681 -0.00268554 -0.00242018 -0.00166671 -0.00218637 -0.00264493 -0.00163093 -0.00152773 -0.00150749 -0.000804469 -0.00196721 -0.00210015 -0.00168454 -0.00141025 -0.00227642 -0.00117973 -0.00224858 -0.0014486 -0.00157523 -0.00188682 -0.00180859 -0.00145736 -0.00105734 -0.00177796 -0.00203726 -0.00137139 -0.00176025 -0.000494971 -0.00147716 -0.00196823 -0.00132436 -0.00228339 -0.00119469 -0.00187241 -0.00148481 -0.00142368 -0.00147539 -0.00147871 -0.00168961 -0.00165951 -0.00232294 -0.00127222 -0.00214232 -0.00107615 -0.00145837 -0.00105709 -0.00192881 -0.00203719 -0.00192336 -0.00210698 -0.00153846 -0.00126196 -0.00142744 -0.00163765 -0.00171178 -0.00168704 -0.00116808 -0.00155801 -0.00145108 -0.00156712 -0.0015742 -0.00147619 -0.0020425 -0.00153688 -0.00163939 -0.0014589 -0.00121298 -0.00114546 -0.00141051 -0.00180953 -0.00181631 -0.00148596 
-0.00198025 -0.00134896 0.00252293 0.001784 0.00234936 0.00198976 0.00223092 0.126478 0.00182682 0.00222966 0.00243696 0.00186187 0.00197312 -0.000723866 -0.0017441 -0.00203904 -0.00149054 -0.00141929 -0.00198456 -0.00276099 -0.00153102 -0.00241668 -0.00208707 -0.00178786 -0.00180623 -0.00262615 -0.00202568 -0.00112978 -0.002005 -0.00205019 -0.00129526 -0.00142005 -0.00236994 -0.00199808 -0.00153714 -0.00170236 -0.0012687 -0.00149609 -0.000923001 -0.000911785 -0.00125473 -0.00140927 -0.00158699 -0.00216295 -0.00157638 -0.00185749 -0.00145974 -0.00255762 -0.00171027 -0.00173415 -0.00198872 -0.0021102 -0.00112926 -0.0017409 -0.00180032 -0.00158533 -0.00125472 -0.001894 -0.000863482 -0.00133845 -0.00141892 -0.00207638 -0.00155422 -0.0021562 -0.00165063 -0.00186207 -0.00188426 -0.0015272 -0.00142648 -0.00168488 -0.00159128 -0.00127905 -0.00176204 -0.00103523 -0.00186477 -0.00155968 -0.00232787 -0.00201196 -0.000997115 -0.00148193 -0.00129324 -0.0016598 -0.000726447 -0.00159467 -0.00135497 -0.00254247 -0.00208534 -0.00167287 -0.00144887 -0.00142897 -0.000842507 -0.00245544 -0.00199569 -0.00182633 -0.00187076 -0.00129641 -0.000943787 -0.00136556 -0.00126992 -0.00196299 
-0.00200714 -0.000920843 -0.00132356 0.00292225 0.0027063 0.00184393 0.0028769 0.00182682 0.131592 0.0027275 0.0022534 0.00254356 0.001441 0.0028063 -0.00177413 -0.00214882 -0.00193624 -0.00190055 -0.00132472 -0.00263761 -0.00233797 -0.00161447 -0.00197793 -0.00258487 -0.0016748 -0.00167757 -0.00195841 -0.00164351 -0.00173229 -0.00269575 -0.0020387 -0.00205412 -0.000606921 -0.00145858 -0.00158798 -0.00142996 -0.00161473 -0.00181191 -0.00205281 -0.00278943 -0.00130145 -0.00273318 -0.00177218 -0.00236823 -0.00144669 -0.00196966 -0.00221343 -0.00149178 -0.00225503 -0.00170575 -0.00163783 -0.0013784 -0.00188734 -0.00208156 -0.00158386 -0.00184017 -0.00181367 -0.0020326 -0.00175694 -0.0018322 -0.00142071 -0.00294261 -0.00182842 -0.00201683 -0.00138878 -0.00218296 -0.00153558 -0.00138534 -0.00240089 -0.00120952 -0.00211196 -0.00135901 -0.000491612 -0.0012036 -0.00184972 -0.00148174 -0.00211683 -0.00188896 -0.00172695 -0.00242916 -0.00207761 -0.00119378 -0.00208143 -0.000914089 -0.00215176 -0.00105522 -0.00164337 -0.000418873 -0.00145284 -0.00123993 -0.00168921 -0.0008186 -0.00173062 -0.0013277 -0.00165276 -0.00144059 -0.00100498 -0.0013794 -0.0021504 -0.00272709 
-0.00170285 -0.00125705 -0.000568931 -0.00187024 0.00216226 0.00214454 0.00334858 0.00222966 0.0027275 0.129975 0.00264208 0.00371522 0.00211759 0.00237861 -0.00151877 -0.00104775 -0.00253137 -0.00160999 -0.00251061 -0.00202719 -0.00255751 -0.00135903 -0.00129913 -0.000985908 -0.00163936 -0.00120069 -0.00304911 -0.00288442 -0.00163193 -0.00192012 -0.00269276 -0.00190702 -0.00220656 -0.00179719 -0.00260499 -0.00199991 -0.00202388 -0.00221184 -0.00151418 -0.0016422 -0.00161221 -0.000980713 -0.00184215 -0.00133854 -0.00157815 -0.00178965 -0.0019606 -0.0018584 -0.00174796 -0.00167749 -0.00137923 -0.000750573 -0.00188383 -0.00170023 -0.0020283 -0.00128078 -0.000145175 -0.00143846 -0.00136545 -0.00150303 -0.0014212 -0.00165901 -0.00146665 -0.00112284 -0.00166988 -0.00155537 -0.000931852 -0.00119248 -0.00164587 -0.00165741 -0.00145907 -0.00181258 -0.00228574 -0.00131929 -0.00159251 -0.00212825 -0.00218148 -0.00228393 -0.00083101 -0.00167088 -0.00214715 -0.0010327 -0.0015915 -0.00189089 -0.00185626 -0.00145896 -0.00219175 -0.00161928 -0.00170901 -0.00168389 -0.00211704 -0.0019607 -0.00156177 -0.00156731 -0.00154199 -0.00146308 -0.0023326 -0.00206358 -0.00209309 -0.00203785 
-0.00160798 -0.00178325 -0.00166593 -0.000511096 -0.00135743 0.000898444 0.0018535 0.00243696 0.0022534 0.00264208 0.131367 0.0028985 0.0023152 0.00248749 0.00329248 0.00218373 -0.00160612 -0.00199253 -0.00170274 -0.00205963 -0.00289133 -0.00263473 -0.00129148 -0.00207529 -0.00275946 -0.00142321 -0.00181087 -0.00206564 -0.00159514 -0.00181864 -0.00147645 -0.00151337 -0.00158084 -0.0025382 -0.00121026 -0.00159859 -0.00160512 -0.00237071 -0.00170211 -0.00225394 -0.00165283 -0.00152819 -0.00191325 -0.00210516 -0.00212142 -0.00229028 -0.00170384 -0.00150623 -0.0021764 -0.00173259 -0.00123862 -0.00145846 -0.00192726 -0.00158805 -0.00131933 -0.00214766 -0.00152265 -0.0025311 -0.00108659 -0.00210401 -0.00234511 -0.00122927 -0.00190424 -0.00112921 -0.002376 -0.00179831 -0.00185185 -0.00167219 -0.00219938 -0.00123907 -0.00180379 -0.00179385 -0.000866216 -0.00185255 -0.0022761 -0.0011761 -0.00205027 -0.00166365 -0.00143806 -0.00234733 -0.00166402 -0.00170643 -0.00215831 -0.0018683 -0.00190659 -0.00168395 -0.00170595 -0.00153598 -0.00131132 -0.00138995 -0.00158022 -0.00205078 -0.00184803 -0.00213099 -0.00105492 -0.00115054 -0.000999037 -0.00148808 -0.00123689 -0.000989785 
-0.00101192 -0.00129173 -0.00103954 -0.00120234 -0.00101497 -0.00113347 0.0024014 0.00186187 0.00254356 0.00371522 0.0028985 0.140464 0.00259261 0.00291357 0.00238737 0.00312934 0.00313396 -0.00135964 -0.00159607 -0.00265799 -0.00241993 -0.00254266 -0.00251845 -0.0029891 -0.00267391 -0.00227923 -0.00291678 -0.00164278 -0.00166538 -0.00235517 -0.00265351 -0.00190575 -0.0015396 -0.00273185 -0.00223244 -0.00241466 -0.00194288 -0.00165565 -0.00257152 -0.00296686 -0.00201124 -0.00144336 -0.00196064 -0.00239828 -0.00216919 -0.00188026 -0.00176209 -0.00202038 -0.00178325 -0.00221009 -0.00157521 -0.00194164 -0.00180811 -0.00221161 -0.00178926 -0.00256965 -0.00159721 -0.0021614 -0.00207326 -0.00205441 -0.00232476 -0.00193392 -0.000672819 -0.0013567 -0.00181882 -0.00128661 -0.00121043 -0.00130582 -0.00165476 -0.00267824 -0.0019203 -0.00189818 -0.00211376 -0.00184405 -0.00219716 -0.00121042 -0.00166642 -0.00180852 -0.00226456 -0.00156938 -0.00230971 -0.00152502 -0.00186724 -0.00168549 -0.00115706 -0.00201842 -0.00170256 -0.00149294 -0.00097247 -0.00215406 -0.00179631 -0.00158615 -0.00186783 -0.00288989 -0.00166698 -0.0010677 -0.00162882 -0.00214778 -0.00169257 -0.00173086 
-0.0013992 -0.00159352 -0.00146223 -0.00204774 -0.00152466 -0.00108778 -0.00159304 0.00197312 0.001441 0.00211759 0.0023152 0.00259261 0.139304 0.00299105 0.00282058 0.00296041 0.00231573 -0.00158366 -0.00118878 -0.0011462 -0.00123259 -0.00131359 -0.00176075 -0.00137342 -0.00149518 -0.00231759 -0.0021227 -0.00181649 -0.00169112 -0.00164211 -0.00167232 -0.00131824 -0.0016334 -0.00222359 -0.00194356 -0.00178696 -0.00263792 -0.00155926 -0.00175299 -0.00283205 -0.00227515 -0.0019918 -0.00184757 -0.00143855 -0.00277304 -0.00180989 -0.00175265 -0.00257934 -0.00178327 -0.00209653 -0.00142532 -0.00248694 -0.00206363 -0.00200665 -0.0022135 -0.00224859 -0.00130018 -0.00192635 -0.00256274 -0.00118229 -0.00239235 -0.00289714 -0.00167624 -0.00156769 -0.00167913 -0.00186476 -0.00137576 -0.00187864 -0.00238887 -0.00115784 -0.0017397 -0.00205548 -0.00163231 -0.00110928 -0.00135335 -0.000607842 -0.00170546 -0.00195866 -0.000743994 -0.00170466 -0.00156294 -0.00193684 -0.0018272 -0.00164421 -0.00170893 -0.00197477 -0.00147878 -0.00214664 -0.00192884 -0.00151384 -0.00105138 -0.00185842 -0.00215877 -0.0015263 -0.0019068 -0.00171518 -0.00174324 -0.00253614 -0.00226017 -0.00234606 
-0.0020894 -0.00155779 -0.00146657 -0.00129618 -0.0014069 -0.0016114 -0.0011978 -0.000723866 0.0028063 0.00237861 0.00248749 0.00291357 0.00299105 0.138281 0.00291432 0.00235746 0.00148221 0.0029375 0.00221393 -0.00170845 -0.00255787 -0.00230616 -0.00205445 -0.00228221 -0.00197668 -0.00154378 -0.0015054 -0.0033783 -0.0013612 -0.00186798 -0.00270565 -0.00244753 -0.00238621 -0.00227391 -0.00230385 -0.00115949 -0.00160089 -0.00141462 -0.00081466 -0.00152445 -0.00262989 -0.00230197 -0.00144225 -0.00242553 -0.00218448 -0.00154403 -0.00169865 -0.00232786 -0.00215852 -0.00156071 -0.00205647 -0.00162606 -0.00213531 -0.00246649 -0.00227915 -0.00297128 -0.00167308 -0.00237406 -0.00171735 -0.00170036 -0.00151212 -0.00164607 -0.00222288 -0.00200074 -0.0021055 -0.0023162 -0.00210481 -0.0014106 -0.00129053 -0.00169528 -0.00168943 -0.00188104 -0.00194504 -0.00129076 -0.00229165 -0.00136511 -0.00170455 -0.00181688 -0.00163204 -0.00234226 -0.00215759 -0.00129211 -0.00181666 -0.00216689 -0.00159287 -0.00148685 -0.00159376 -0.00119481 -0.00177305 -0.00186682 -0.00147475 -0.00139659 -0.00190685 -0.00202224 -0.00179639 -0.00176312 -0.0016014 -0.00137728 -0.00197659 -0.00144576 
-0.00147442 -0.00198664 -0.00172321 -0.00180133 -0.00122247 -0.00194245 -0.0023941 -0.0017441 -0.00177413 -0.00151877 0.00329248 0.00238737 0.00282058 0.00291432 0.132821 0.0032733 0.00205057 0.00227206 0.00295729 0.00237572 -0.00229522 -0.000163756 -0.00193787 -0.00199726 -0.0023832 -0.00238507 -0.00207076 -0.00201894 -0.00205929 -0.0018534 -0.00247438 -0.00232754 -0.0020235 -0.00226716 -0.00261866 -0.00126277 -0.00202137 -0.00203918 -0.00161343 -0.00178124 -0.00154559 -0.00145259 -0.000451299 -0.0016258 -0.00167288 -0.00203479 -0.00131762 -0.00179168 -0.000927844 -0.00202505 -0.00182034 -0.0013956 -0.00214445 -0.00164195 -0.000831545 -0.00205552 -0.0020162 -0.00172545 -0.00160998 -0.00222021 -0.00230582 -0.00131919 -0.00161632 -0.00203711 -0.00169341 -0.00197031 -0.00174255 -0.00128146 -0.000507886 -0.00198612 -0.00145078 -0.00139554 -0.00153977 -0.00152514 -0.00156314 -0.00174811 -0.00128637 -0.00113178 -0.00277091 -0.00132744 -0.00186017 -0.00190011 -0.00223563 -0.00133077 -0.00202367 -0.00228964 -0.00198685 -0.0012915 -0.00112775 -0.00145722 -0.00101421 -0.00219387 -0.00236802 -0.00184992 -0.00225095 -0.00106227 -0.00222745 -0.00199957 -0.00106365 -0.00195002 
-0.00152474 -0.00297857 -0.0020049 -0.00247458 -0.00133285 -0.00271477 -0.00130348 -0.00203904 -0.00214882 -0.00104775 0.00218373 0.00312934 0.00296041 0.00235746 0.0032733 0.141854 0.00242698 0.0024207 0.00292448 0.00247008 -0.00143257 -0.00110967 -0.00133163 -0.00175319 -0.00290415 -0.00175074 -0.00293732 -0.00194015 -0.00202493 -0.00151077 -0.00188283 -0.0026682 -0.0017812 -0.00212709 -0.00216711 -0.00141798 -0.00233467 -0.00238141 -0.00119763 -0.00235181 -0.00177676 -0.00198388 -0.00215599 -0.00224993 -0.00179891 -0.00206615 -0.00228391 -0.00224007 -0.00231839 -0.00180381 -0.000997739 -0.0012106 -0.00221105 -0.00245133 -0.00243185 -0.00165962 -0.00202102 -0.00214679 -0.00192422 -0.00242116 -0.00163491 -0.00148752 -0.00168126 -0.00126563 -0.00108302 -0.00164231 -0.000885152 -0.00160417 -0.0015092 -0.0025323 -0.00271097 -0.00171392 -0.00170657 -0.00153158 -0.00194037 -0.00208402 -0.00130307 -0.00136723 -0.00132204 -0.00194399 -0.00163238 -0.00218334 -0.00206096 -0.00183921 -0.0017261 -0.00131589 -0.00158393 -0.00136339 -0.00134627 -0.00267049 -0.00213292 -0.0010508 -0.000846645 -0.0021924 -0.00221769 -0.00146572 -0.00129111 -0.00198588 -0.00105705 -0.00236136 
-0.00179801 -0.00242422 -0.00191837 -0.00198287 -0.00154857 -0.00281964 -0.00246713 -0.00149054 -0.00193624 -0.00253137 -0.00160612 0.00313396 0.00231573 0.00148221 0.00205057 0.00242698 0.148547 0.00337911 0.00176896 0.00297179 0.00254954 0.00221276 -0.00143882 -0.00123377 -0.00135205 -0.00206747 -0.00256109 -0.0014814 -0.00212608 -0.00128903 -0.00239738 -0.0021954 -0.0023454 -0.00237391 -0.00261685 -0.00228986 -0.00168523 -0.00258914 -0.00309201 -0.00145589 -0.00244819 -0.00173069 -0.00167499 -0.00192118 -0.00151078 -0.00180522 -0.00116583 -0.00169301 -0.00114233 -0.00238601 -0.00156584 -0.00171444 -0.00211342 -0.00250927 -0.00171187 -0.00227181 -0.00270438 -0.00201379 -0.00196099 -0.00202428 -0.000806711 -0.00136556 -0.00160637 -0.00263156 -0.0015339 -0.00144047 -0.00189662 -0.00188484 -0.00170059 -0.00147441 -0.0019345 -0.00303632 -0.00267723 -0.0013032 -0.00186441 -0.00175944 -0.00291079 -0.00167696 -0.00197127 -0.00220279 -0.00222556 -0.00179732 -0.0015105 -0.00154393 -0.0018683 -0.00093745 -0.00139533 -0.00208647 -0.0020156 -0.00206281 -0.00183955 -0.00234267 -0.00186882 -0.00304892 -0.00206954 -0.00168285 -0.00167243 -0.00168331 -0.00251044 -0.00181655 
-0.00135249 -0.00197005 -0.00196652 -0.00163285 -0.00174938 -0.00215327 -0.00192751 -0.00141929 -0.00190055 -0.00160999 -0.00199253 -0.00135964 -0.00158366 0.0029375 0.00227206 0.0024207 0.00337911 0.142838 0.00355312 0.00262762 0.00306292 0.00309407 0.00273141 -0.00146704 -0.000762898 -0.00124951 -0.00205562 -0.00249924 -0.00120173 -0.00246372 -0.0024974 -0.00292826 -0.00225778 -0.00139573 -0.00307903 -0.00184587 -0.00200305 -0.00161141 -0.00256593 -0.00168099 -0.00065412 -0.00212613 -0.000935438 -0.00170344 -0.00184619 -0.00172951 -0.00184437 -0.000914615 -0.00221345 -0.00207061 -0.00138027 -0.00195312 -0.00262564 -0.00214375 -0.00161214 -0.00210477 -0.00166114 -0.00222223 -0.00162043 -0.00229332 -0.00108794 -0.00266492 -0.00125192 -0.00249724 -0.00142926 -0.00187038 -0.00168671 -0.00203393 -0.0015483 -0.00190284 -0.00219069 -0.0018804 -0.00144949 -0.00143583 -0.00126146 -0.00182145 -0.00259461 -0.00204042 -0.00237818 -0.00223552 -0.00146002 -0.00201676 -0.0026304 -0.00274793 -0.00200183 -0.00250738 -0.00196615 -0.00141873 -0.00289968 -0.00175074 -0.00230409 -0.00135483 -0.001794 -0.00299784 -0.00089709 -0.00166724 -0.00159072 -0.00137462 -0.00245751 -0.00197937 
-0.00176213 -0.00226111 -0.00232644 -0.00251951 -0.00192877 -0.00181985 -0.00188717 -0.00198456 -0.00132472 -0.00251061 -0.00170274 -0.00159607 -0.00118878 0.00221393 0.00295729 0.00292448 0.00176896 0.00355312 0.145264 0.00298815 0.00330578 0.00237386 0.00412548 -0.00162873 -0.000572655 -0.0025585 -0.00234138 -0.00276651 -0.00249739 -0.0027328 -0.00236852 -0.00288138 -0.00287869 -0.00262692 -0.00301614 -0.002447 -0.00199794 -0.00266383 -0.00215395 -0.00195932 -0.00163191 -0.00220298 -0.000946744 -0.00155485 -0.00177995 -0.00223211 -0.00134367 -0.0010911 -0.0018585 -0.0014451 -0.00201793 -0.00148443 -0.00183411 -0.00152961 -0.00196758 -0.00188312 -0.00213129 -0.00181751 -0.00176464 -0.00140615 -0.0029985 -0.00172781 -0.00152805 -0.000704969 -0.00146149 -0.00187855 -0.00159199 -0.00208592 -0.00194646 -0.00172477 -0.00238785 -0.00153525 -0.00262924 -0.00196901 -0.000898646 -0.00188679 -0.00153048 -0.00186198 -0.000673055 -0.0018243 -0.0018452 -0.00222718 -0.00244576 -0.0016602 -0.0011877 -0.00210604 -0.000851554 -0.00178176 -0.00178075 -0.00251963 -0.00143523 -0.00275817 -0.00191069 -0.00241348 -0.0019036 -0.00179532 -0.00150186 -0.00222139 -0.00177638 -0.00168069 
-0.00147247 -0.00273698 -0.00170933 -0.0015886 -0.00263838 -0.00245764 -0.00194903 -0.00276099 -0.00263761 -0.00202719 -0.00205963 -0.00265799 -0.0011462 -0.00170845 0.00237572 0.00247008 0.00297179 0.00262762 0.00298815 0.150859 0.00298407 0.00360472 0.00301178 0.00260535 0.00271849 -0.00246615 -0.0025011 -0.00209399 -0.0021069 -0.00208654 -0.00170009 -0.00198344 -0.00190108 -0.00162657 -0.00189119 -0.00155352 -0.00212913 -0.00283239 -0.00192552 -0.00216719 -0.00204223 -0.00210249 -0.00229928 -0.00304469 -0.000796518 -0.00209643 -0.00243804 -0.0015021 -0.00177002 -0.00136239 -0.00210034 -0.00258801 -0.00219001 -0.000938788 -0.00163843 -0.00124229 -0.0022768 -0.0011609 -0.00229413 -0.00268666 -0.00223154 -0.00274694 -0.00150272 -0.00235899 -0.00252757 -0.00224452 -0.00165372 -0.00253227 -0.00179842 -0.0023675 -0.00199692 -0.00218372 -0.00220966 -0.00265463 -0.00225186 -0.0010323 -0.00217642 -0.00135625 -0.00204957 -0.00123734 -0.00173783 -0.00309791 -0.00167593 -0.00168659 -0.00232502 -0.0026702 -0.000365075 -0.00275088 -0.00289734 -0.00193719 -0.00243464 -0.00231597 -0.00211137 -0.00230211 -0.00132362 -0.00152224 -0.00136233 -0.00119417 -0.00228105 -0.0010262 
-0.00180835 -0.00179194 -0.0016003 -0.00169628 -0.0021694 -0.00166813 -0.00135209 -0.00153102 -0.00233797 -0.00255751 -0.00289133 -0.00241993 -0.00123259 -0.00255787 -0.00229522 -0.00143257 0.00254954 0.00306292 0.00330578 0.00298407 0.147973 0.00253701 0.00304401 0.00195578 0.00434486 0.00263086 -0.00178783 -0.00206329 -0.00207683 -0.00147412 -0.00154434 -0.00286435 -0.00335721 -0.00220466 -0.00294474 -0.00190179 -0.00184998 -0.00129069 -0.00217153 -0.00172373 -0.00133567 -0.0016524 -0.00164173 -0.00256729 -0.00165343 -0.00204722 -0.000997088 -0.00130284 -0.00172911 -0.00139785 -0.00204518 -0.00188406 -0.00211675 -0.00225431 -0.00197128 -0.00244963 -0.00180641 -0.00225497 -0.00187746 -0.00199564 -0.00156745 -0.00271386 -0.00120925 -0.0016749 -0.00203342 -0.00183092 -0.00162671 -0.00272996 -0.00238807 -0.00181383 -0.00206275 -0.00277896 -0.00164732 -0.00156588 -0.00162445 -0.00140471 -0.00197489 -0.00205933 -0.00181826 -0.00185221 -0.00124739 -0.001764 -0.00237114 -0.00188988 -0.00166679 -0.002274 -0.0016342 -0.00228488 -0.00211282 -0.00146681 -0.00223729 -0.00290954 -0.00102734 -0.000995429 -0.00186016 -0.00249633 -0.00186105 -0.00276362 -0.00209197 -0.00147834 
-0.00248241 -0.00256831 -0.00192673 -0.00206463 -0.00197651 -0.00248097 -0.00246401 -0.00241668 -0.00161447 -0.00135903 -0.00263473 -0.00254266 -0.00131359 -0.00230616 -0.000163756 -0.00110967 0.00221276 0.00309407 0.00237386 0.00360472 0.00253701 0.14741 0.00248197 0.00235839 0.0032531 0.0022704 -0.00220003 -0.00212057 -0.00221038 -0.00229377 -0.0023028 -0.00253315 -0.00289182 -0.00226195 -0.00173186 -0.00126471 -0.00250392 -0.00177325 -0.00259464 -0.00120603 -0.00109553 -0.00217298 -0.00187058 -0.00197711 -0.000865926 -0.00043222 -0.00210024 -0.00192772 -0.00205922 -0.00256894 -0.00216732 -0.00252482 -0.00133185 -0.00139816 -0.00206884 -0.00175533 -0.00110832 -0.00158474 -0.00241869 -0.00230553 -0.002144 -0.00233407 -0.00172679 -0.00197505 -0.0015666 -0.00233537 -0.00150956 -0.00152918 -0.00216277 -0.0023849 -0.000881978 -0.00186686 -0.00214325 -0.00151493 -0.00127378 -0.0011274 -0.00112294 -0.00139108 -0.00169438 -0.00157782 -0.0017562 -0.00150115 -0.00288593 -0.00238056 -0.00196919 -0.0019019 -0.00248141 -0.00202851 -0.00158229 -0.00138624 -0.00253376 -0.00171108 -0.00118816 -0.0021587 -0.00130668 -0.00276017 -0.00240257 -0.00248734 -0.00153262 -0.00233195 
-0.00175695 -0.00166816 -0.0030023 -0.00191013 -0.0028172 -0.00341895 -0.00255344 -0.00208707 -0.00197793 -0.00129913 -0.00129148 -0.00251845 -0.00176075 -0.00205445 -0.00193787 -0.00133163 -0.00143882 0.00273141 0.00412548 0.00301178 0.00304401 0.00248197 0.150568 0.00300714 0.00243651 0.00292828 0.00302672 -0.00157027 -0.00081543 -0.00267231 -0.00090469 -0.00221421 -0.00319738 -0.00121286 -0.00143103 -0.00232148 -0.00159487 -0.00190699 -0.00108266 -0.00178368 -0.00181936 -0.00135151 -0.00182527 -0.00221026 -0.00173867 -0.00253148 -0.00260813 -0.00285401 -0.00161216 -0.00191764 -0.00256973 -0.00252005 -0.00198158 -0.0026326 -0.00266875 -0.00312793 -0.00183866 -0.00136875 -0.0012865 -0.00238342 -0.0020392 -0.00205847 -0.00125232 -0.00111383 -0.00203533 -0.00214711 -0.0021702 -0.00212263 -0.00215696 -0.00172953 -0.000602677 -0.0019074 -0.00182898 -0.00185 -0.00214001 -0.00148442 -0.00191539 -0.00126127 -0.00204777 -0.00194565 -0.00203496 -0.00205626 -0.00171695 -0.002229 -0.00197063 -0.00171754 -0.00232673 -0.00226967 -0.00138115 -0.00189792 -0.00250968 -0.00219504 -0.00212048 -0.00195638 -0.0023524 -0.00174196 -0.00227389 -0.00277343 -0.00188095 -0.001768 
-0.00124711 -0.00221098 -0.00125011 -0.00208425 -0.000557335 -0.00207494 -0.0015432 -0.00178786 -0.00258487 -0.000985908 -0.00207529 -0.0029891 -0.00137342 -0.00228221 -0.00199726 -0.00175319 -0.00123377 -0.00146704 -0.00162873 0.00260535 0.00195578 0.00235839 0.00300714 0.139051 0.0034879 0.00196971 0.00259509 0.00147814 -0.00114193 -0.00125388 -0.00175588 -0.00140673 -0.00134101 -0.00163667 -0.00172992 -0.0013562 -0.00176816 -0.00269835 -0.00189749 -0.00235893 -0.00231742 -0.00221239 -0.00192974 -0.00259954 -0.00184711 -0.00212151 -0.00148672 -0.0012925 -0.00180709 -0.00248544 -0.00201823 -0.000813085 -0.00221991 -0.00120878 -0.00165762 -0.00212905 -0.00155789 -0.0011536 -0.00188007 -0.0010772 -0.00154205 -0.00242202 -0.00171083 -0.00178584 -0.00181429 -0.00214 -0.00129874 -0.00106073 -0.00164166 -0.000827799 -0.00130952 -0.00198479 -0.00144485 -0.00212298 -0.00178671 -0.00232916 -0.00188763 -0.0018548 -0.00138668 -0.00219625 -0.00184968 -0.00190512 -0.00281487 -0.00141474 -0.00211498 -0.00137816 -0.00201412 -0.0014732 -0.000548047 -0.00136812 -0.00114246 -0.00205822 -0.00129763 -0.00188687 -0.00203866 -0.00218105 -0.00196572 -0.0023753 -0.00168954 -0.00115805 
-0.00126759 -0.00222106 -0.00174919 -0.00174183 -0.00212742 -0.00232558 -0.00218202 -0.00180623 -0.0016748 -0.00163936 -0.00275946 -0.00267391 -0.00149518 -0.00197668 -0.0023832 -0.00290415 -0.00135205 -0.000762898 -0.000572655 0.00271849 0.00434486 0.0032531 0.00243651 0.0034879 0.145932 0.00201218 0.00191088 0.00221653 0.00215785 0.00110886 -0.00046637 -0.00168551 -0.000947072 -0.00218051 -0.00144195 -0.00151536 -0.00135005 -0.00263253 -0.00234108 -0.00256975 -0.00205518 -0.00145468 -0.00275666 -0.00279154 -0.00255213 -0.00235111 -0.00203439 -0.00194496 -0.00167307 -0.00174725 -0.002112 -0.00230965 -0.00152521 -0.00144271 -0.00175304 -0.00180954 -0.00190996 -0.00173385 -0.00273721 -0.00157736 -0.0020263 -0.00327132 -0.00128893 -0.00248064 -0.00195109 -0.00227129 -0.0014664 -0.00189855 -0.00179144 -0.00127628 -0.00106653 -0.00142926 -0.00197193 -0.00262379 -0.0019632 -0.00162431 -0.0020975 -0.00183452 -0.00175779 -0.00173171 -0.00281576 -0.00221353 -0.00128272 -0.00250816 -0.00271204 -0.00263993 -0.00122503 -0.00234129 -0.00204593 -0.00172456 -0.00221702 -0.00226423 -0.00212186 -0.0023827 -0.00196273 -0.00154638 -0.00192224 -0.00165748 -0.00198659 -0.00116904 
-0.00222504 -0.00150609 -0.00174862 -0.00147594 -0.00114344 -0.00141317 -0.00210795 -0.00262615 -0.00167757 -0.00120069 -0.00142321 -0.00227923 -0.00231759 -0.00154378 -0.00238507 -0.00175074 -0.00206747 -0.00124951 -0.0025585 -0.00246615 0.00263086 0.0022704 0.00292828 0.00196971 0.00201218 0.147885 0.00187891 0.00226231 0.00180751 0.00253663 0.00272758 -0.00168606 -0.00157893 -0.00213423 -0.00318837 -0.00125901 -0.00182322 -0.00302231 -0.00187943 -0.00202874 -0.00190737 -0.00171423 -0.0014396 -0.00132141 -0.00211228 -0.00145962 -0.00155821 -0.00193422 -0.00144072 -0.00252152 -0.00162315 -0.00151667 -0.000958554 -0.00138581 -0.00281982 -0.00204159 -0.00218057 -0.00218336 -0.00176935 -0.00260817 -0.00237794 -0.00147795 -0.00284778 -0.00175353 -0.00168258 -0.00277106 -0.0021374 -0.0014534 -0.00173148 -0.00157992 -0.00193515 -0.00183181 -0.00161608 -0.00206422 -0.00168941 -0.000937152 -0.00230561 -0.00190948 -0.00172559 -0.00146048 -0.00278486 -0.00167651 -0.00190447 -0.001876 -0.00193724 -0.00142494 -0.00175245 -0.0013881 -0.00134227 -0.00245474 -0.00210251 -0.00194965 -0.002607 -0.00105039 -0.00234613 -0.00291863 -0.00332627 -0.00251341 -0.00204796 -0.00195551 
-0.00145753 -0.00122319 -0.00241607 -0.00156943 -0.000523678 -0.0012122 -0.00140984 -0.00202568 -0.00195841 -0.00304911 -0.00181087 -0.00291678 -0.0021227 -0.0015054 -0.00207076 -0.00293732 -0.00256109 -0.00205562 -0.00234138 -0.0025011 -0.00178783 -0.00220003 0.00302672 0.00259509 0.00191088 0.00187891 0.142965 0.00296952 0.00260022 0.002818 0.00270821 0.00223977 -0.00209076 -0.00190578 -0.00118018 -0.00121082 -0.00201978 -0.00124727 -0.000995111 -0.00177578 -0.00137305 -0.00205799 -0.0019153 -0.00182949 -0.001993 -0.00208761 -0.0017944 -0.00137527 -0.00165477 -0.00247193 -0.00234086 -0.00124315 -0.00246758 -0.00156321 -0.00184206 -0.00197936 -0.0022601 -0.00143835 -0.00171058 -0.00186196 -0.00199763 -0.00187469 -0.00149366 -0.00241176 -0.00159787 -0.00217638 -0.00195439 -0.00174422 -0.00205471 -0.00127102 -0.00157269 -0.000459917 -0.000950532 -0.0016153 -0.00101178 -0.00157254 -0.00185639 -0.00158708 -0.00205351 -0.00188556 -0.00214075 -0.00210034 -0.00168534 -0.00156893 -0.00106099 -0.00137696 -0.00207513 -0.00226738 -0.00163778 -0.0015991 -0.00265212 -0.00157437 -0.0023591 -0.00211324 -0.00221469 -0.00209002 -0.00275639 -0.0026026 -0.00212802 -0.00122604 
-0.000565277 -0.00184225 -0.000711282 -0.00116624 -0.00154305 -0.00140102 -0.001535 -0.00112978 -0.00164351 -0.00288442 -0.00206564 -0.00164278 -0.00181649 -0.0033783 -0.00201894 -0.00194015 -0.0014814 -0.00249924 -0.00276651 -0.00209399 -0.00206329 -0.00212057 -0.00157027 0.00147814 0.00221653 0.00226231 0.00296952 0.141041 0.00305863 0.00302614 0.00248822 0.00275874 0.0027248 -0.00123668 -0.00143317 -0.00176791 -0.00110146 -0.00160483 -0.00241144 -0.00139475 -0.00126101 -0.00129566 -0.00180046 -0.00188586 -0.0014778 -0.00247884 -0.00119779 -0.00172427 -0.00218801 -0.0019705 -0.00284233 -0.00186354 -0.00163201 -0.00166436 -0.00186157 -0.00143647 -0.00168476 -0.00205654 -0.00181444 -0.00221657 -0.00199988 -0.00224433 -0.001698 -0.00207172 -0.00139268 -0.00105598 -0.00190879 -0.00240738 -0.00235134 -0.00155432 -0.00229705 -0.00190458 -0.00138062 -0.00166511 -0.00205162 -0.00152087 -0.00255824 -0.00160149 -0.00183771 -0.00266193 -0.00257926 -0.000681319 -0.00163545 -0.00099405 -0.00144105 -0.00192295 -0.0023657 -0.00277951 -0.00222003 -0.00230081 -0.00159791 -0.00154808 -0.00152913 -0.00225768 -0.00182995 -0.0020103 -0.00203913 -0.00214199 -0.00143047 -0.00137305 
-0.00216309 -0.00174043 -0.00246595 -0.00189094 -0.000797992 -0.000649485 -0.00210681 -0.002005 -0.00173229 -0.00163193 -0.00159514 -0.00166538 -0.00169112 -0.0013612 -0.00205929 -0.00202493 -0.00212608 -0.00120173 -0.00249739 -0.0021069 -0.00207683 -0.00221038 -0.00081543 -0.00114193 0.00215785 0.00180751 0.00260022 0.00305863 0.129008 0.00253527 0.00199397 0.00261153 0.0019417 0.00225417 -0.00181063 -0.00135011 -0.00177322 -0.000957842 -0.00168143 -0.00136448 -0.00116023 -0.00153137 -0.00165263 -0.0019412 -0.00172308 -0.00153355 -0.00143525 -0.00171609 -0.00208874 -0.00157099 -0.00255424 -0.00222124 -0.00146216 -0.00176221 -0.00164428 -0.00189157 -0.00168352 -0.00126949 -0.00161965 -0.00107687 -0.00274314 -0.00236962 -0.00181731 -0.00245299 -0.00197004 -0.0017807 -0.00200415 -0.00117367 -0.00193881 -0.000620672 -0.0018334 -0.00204641 -0.000894299 -0.00164573 -0.00187313 -0.00116576 -0.000361639 -0.00254413 -0.00172398 -0.00147077 -0.00110958 -0.00156929 -0.00101561 -0.00149036 -0.00117447 -0.00168235 -8.24973e-05 -0.00234443 -0.00198927 -0.00154746 -0.00167669 -0.00142863 -0.00246957 -0.00256984 -0.00174329 -0.000995647 -0.00178594 -0.000980332 -0.00224726 -0.00140266 
-0.00164771 -0.00243683 -0.00111911 -0.00246855 -0.001641 -0.00169231 -0.00268554 -0.00205019 -0.00269575 -0.00192012 -0.00181864 -0.00235517 -0.00164211 -0.00186798 -0.0018534 -0.00151077 -0.00128903 -0.00246372 -0.0027328 -0.00208654 -0.00147412 -0.00229377 -0.00267231 -0.00125388 0.00110886 0.00253663 0.002818 0.00302614 0.00253527 0.132806 0.00259596 0.00221546 0.00276337 0.00236864 -0.00140316 -0.000701853 -0.00175504 -0.000907778 -0.00140127 -0.00139871 -0.00178733 -0.00156858 -0.00211722 -0.00268393 -0.00190241 -0.00233827 -0.00158082 -0.00182433 -0.00206963 -0.00243221 -0.0020124 -0.00162029 -0.00245515 -0.00161136 -0.00160145 -0.00124262 -0.00161623 -0.00230994 -0.00102698 -0.0015545 -0.00146378 -0.00165896 -0.00152991 -0.00162831 -0.00153818 -0.000571796 -0.00144204 -0.0019592 -0.00167447 -0.00184468 -0.00137448 -0.00148513 -0.00154281 -0.0016419 -0.00109105 -0.00154911 -0.00122093 -0.0015148 -0.00174661 -0.00173383 -0.00169172 -0.00141623 -0.00182323 -0.000963634 -0.00147115 -0.00215147 -0.00204531 -0.00206761 -0.00151582 -0.0016464 -0.00135679 -0.00148481 -0.000874902 -0.0024811 -0.00098768 -0.00109473 -0.00187724 -0.00184194 -0.00120602 -0.00196979 
-0.00178802 -0.0012881 -0.0018332 -0.00223074 -0.00218569 -0.00148367 -0.00242018 -0.00129526 -0.0020387 -0.00269276 -0.00147645 -0.00265351 -0.00167232 -0.00270565 -0.00247438 -0.00188283 -0.00239738 -0.0024974 -0.00236852 -0.00170009 -0.00154434 -0.0023028 -0.00090469 -0.00175588 -0.00046637 0.00272758 0.00270821 0.00248822 0.00199397 0.00259596 0.132341 0.00166273 0.00305556 0.00228104 0.00255739 0.0013838 -0.00176934 -0.00154911 -0.0018846 -0.00098847 -0.00194884 -0.00228344 -0.00221003 -0.00295483 -0.00201725 -0.00108763 -0.00150879 -0.00206824 -0.00223811 -0.00137187 -0.00142326 -0.000658166 -0.00158437 -0.000662136 -0.00189188 -0.00166084 -0.00134537 -0.00241932 -0.0015404 -0.00147994 -0.00252334 -0.00280514 -0.00239916 -0.00158766 -0.000990703 -0.00109608 -0.00215 -0.00151016 -0.00202989 -0.00170315 -0.00216191 -0.00159543 -0.00130496 -0.00142439 -0.00221199 -0.0022082 -0.00201562 -0.00224434 -0.00117225 -0.00210181 -0.00106873 -0.00111326 -0.000640358 -0.00139432 -0.000686652 -0.00208695 -0.0019308 -0.00195183 -0.00133632 -0.00101123 -0.00136675 -0.00211277 -0.00157435 -0.00180522 -0.00218833 -0.00108374 -0.00183917 -0.00120577 -0.00121975 -0.00233751 
-0.00181282 -0.000875037 -0.00178027 -0.00189107 -0.000824726 -0.00139921 -0.00166671 -0.00142005 -0.00205412 -0.00190702 -0.00151337 -0.00190575 -0.00131824 -0.00244753 -0.00232754 -0.0026682 -0.0021954 -0.00292826 -0.00288138 -0.00198344 -0.00286435 -0.00253315 -0.00221421 -0.00140673 -0.00168551 -0.00168606 0.00223977 0.00275874 0.00261153 0.00221546 0.00166273 0.132485 0.00334769 0.00196535 0.00202054 0.00177339 0.00157781 -0.000679141 -0.00171741 -0.00195198 -0.00197416 -0.000522275 -0.0014085 -0.00148409 -0.00117293 -0.00203325 -0.00108064 -0.00120091 -0.00138437 -0.00159882 -0.00190666 -0.00212786 -0.00178741 -0.00239719 -0.00126411 -0.0022798 -0.00190019 -0.00158032 -0.00247573 -0.00116127 -0.00226566 -0.00156651 -0.0016623 -0.00209254 -0.00183475 -0.00174617 -0.00203345 -0.00205355 -0.00228617 -0.00136691 -0.0004453 -0.00167963 -0.00180349 -0.00197969 -0.00178305 -0.00140396 -0.00140384 -0.00192504 -0.00124841 -0.00158838 -0.00246237 -0.00164432 -0.000983058 -0.000786703 -0.00163567 -0.00133428 -0.00205452 -0.00205133 -0.00177173 -0.00118265 -0.00148834 -0.00177264 -0.00158877 -0.00159212 -0.00171405 -0.00241796 -0.00230259 -0.00125937 -0.00188471 -0.00128332 
-0.00100112 -0.00204048 -0.00151783 -0.00213279 -0.00177779 -0.00187879 -0.00218637 -0.00236994 -0.000606921 -0.00220656 -0.00158084 -0.0015396 -0.0016334 -0.00238621 -0.0020235 -0.0017812 -0.0023454 -0.00225778 -0.00287869 -0.00190108 -0.00335721 -0.00289182 -0.00319738 -0.00134101 -0.000947072 -0.00157893 -0.00209076 0.0027248 0.0019417 0.00276337 0.00305556 0.00334769 0.132815 0.00200925 0.00315028 0.00168785 0.00195526 0.00133849 -0.00210884 -0.00181817 -0.000983552 -0.00127769 -0.00267239 -0.00130647 -0.00178047 -0.00217155 -0.0023703 -0.00120718 -0.00247034 -0.00175217 -0.00188428 -0.00161566 -0.00127109 -0.00127125 -0.00152168 -0.0015774 -0.000946439 -0.00167817 -0.00204065 -0.00115379 -0.00197164 -0.00176529 -0.00183309 -0.0013203 -0.00216697 -0.00100558 -0.00136892 -0.00226179 -0.000745129 -0.00195066 -0.000744303 -0.00144035 -0.00208459 -0.00158573 -0.00134555 -0.00205159 -0.00196732 -0.00202526 -0.00129332 -0.00173177 -0.00160671 -0.00196219 -0.00180393 -0.000962075 -0.00249718 -0.00160931 -0.00172859 -0.0014994 -0.00198834 -0.00188595 -0.000696925 -0.00205043 -0.00167179 -0.00246964 -0.0019838 -0.00138547 -0.00134641 -0.000891607 -0.00181481 -0.00194566 
