0.119916 0.0021187 0.0022661 0.002091 0.00196652 0.00194462 -0.00105672 -0.00115363 -0.00105156 -0.00152484 -0.00121575 -0.0018077 -0.00188064 -0.00119794 -0.00222716 -0.000826901 -0.00167157 -0.00171951 -0.00270408 -0.00232199 -0.00224786 -0.00178017 -0.00278741 -0.0014549 -0.00244509 -0.00191824 -0.00152548 -0.00134689 -0.00135246 -0.00228164 -0.00153277 -0.00207395 -0.00210781 -0.00144915 -0.00220871 -0.0011562 -0.00104182 -0.00116885 -0.00142103 -0.00142537 -0.00139864 -0.00177955 -0.0012489 -0.00223858 -0.00172563 -0.00107215 -0.00143122 -0.00215847 -0.00133646 -0.00147047 -0.00114337 -0.00228479 -0.00128645 -0.00115589 -0.0015916 -0.00135661 -0.000907844 -0.00149107 -0.00128373 -0.000656238 -0.00208039 -0.00136608 -0.00212992 -0.000632751 -0.00177193 -0.000670142 -0.00178992 -0.00138899 -0.00117169 -0.0017324 -0.00175201 -0.001326 -0.00183182 -0.0015716 -0.00125257 -0.00137612 -0.00170774 -0.00125416 -0.00176735 -0.00105919 -0.00113744 -0.00212274 -0.00120805 -0.00134099 -0.00149573 -0.00166976 -0.00150349 -0.00169441 -0.00135662 -0.00118684 -0.00177866 -0.00209572 -0.000484267 -0.00127709 -0.00119006 -0.0013206 0.00194808 0.00262356 0.00123007 0.00249435 
0.0021187 0.123543 0.00206988 0.00249395 0.00328409 0.00203698 0.0021485 -0.000839972 -0.00122016 -0.00204064 -0.00271659 -0.0016887 -0.00111581 -0.00204831 -0.00233449 -0.00158005 -0.0016559 -0.00234941 -0.00224383 -0.00125947 -0.00184191 -0.00139443 -0.00187387 -0.00231251 -0.00161554 -0.00262021 -0.0018449 -0.00166112 -0.00168133 -0.00130985 -0.00171261 -0.00249317 -0.00206201 -0.00224317 -0.00178072 -0.00177171 -0.00116651 -0.00338667 -0.00126717 -0.000977277 -0.00185303 -0.00120129 -0.00132255 -0.00112136 -0.00140165 -0.0014359 -0.00173151 -0.00190409 -0.00135105 -0.00143668 -0.00109535 -0.00190874 -0.00104719 -0.0013658 -0.000986361 -0.00147297 -0.00144971 -0.00148289 -0.00155746 -0.00126425 -0.00135 -0.00128177 -0.00195198 -0.0011634 -0.00148639 -0.000869566 -0.00164341 -0.00109843 -0.00196163 -0.0018036 -0.00116395 -0.00106254 -0.00150272 -0.000967255 -0.00170931 -0.00213481 -0.00171626 -0.00209763 -0.00130085 -0.00141935 -0.000936809 -0.000897756 -0.00110541 -0.000968406 -0.00218492 -0.001738 -0.00198525 -0.00241667 -0.00167786 -0.0015834 -0.00211282 -0.00165652 -0.00143498 -0.00145534 -0.00151937 -0.00109089 -0.00116059 0.00283716 0.00150638 0.00207092 
0.0022661 0.00206988 0.121166 0.00184685 0.00222124 0.00290401 0.00217941 0.00167479 -0.00133242 -0.000909697 -0.0013404 -0.00201765 -0.00106428 -0.00212306 -0.00120932 -0.00166831 -0.000900737 -0.00235989 -0.00209002 -0.00246816 -0.00156172 -0.00259478 -0.00189542 -0.00263723 -0.00253009 -0.00257895 -0.0013152 -0.00119965 -0.00151038 -0.00188978 -0.00250779 -0.001366 -0.000937917 -0.00177237 -0.0013423 -0.000440381 -0.00138841 -0.00179768 -0.00197003 -0.00171132 -0.000976653 -0.00118687 -0.00139119 -0.00115242 -0.00149799 -0.00187178 -0.00111591 -0.00102234 -0.00150585 -0.00102651 -0.00145972 -0.00129703 -0.00218305 -0.00202503 -0.00188194 -0.00163163 -0.000600771 -0.00206182 -0.00156754 -0.00149247 -0.00167012 -0.00126217 -0.00168797 -0.00177062 -0.00142288 -0.000609485 -0.0021754 -0.000906686 -0.00108191 -0.00144316 -0.0019253 -0.00177415 -0.00168637 -0.00146374 -0.000951266 -0.00118591 -0.00163506 -0.00168473 -0.00213821 -0.00222248 -0.000992264 -0.00158295 -0.00175781 -0.00108745 -0.00183208 -0.00181176 -0.00161907 -0.00190311 -0.00152092 -0.00100679 -0.0021804 -0.00143652 -0.00153599 -0.00195435 -0.00152435 -0.000832487 -0.000886266 -0.00107996 0.0021174 0.00217618 
0.002091 0.00249395 0.00184685 0.1272 0.00226622 0.00240504 0.00206938 0.00243067 0.0024303 -0.00151815 -0.00201631 -0.00178667 -0.000660081 -0.00173569 -0.00195499 -0.0021564 -0.00187158 -0.00217271 -0.000997034 -0.00131055 -0.00227134 -0.00197868 -0.00164635 -0.00165274 -0.00176663 -0.000900979 -0.00215119 -0.00186626 -0.00221012 -0.00210645 -0.00162201 -0.00243945 -0.00225727 -0.00200074 -0.00158808 -0.00104991 -0.00184243 -0.00231099 -0.00154771 -0.00134267 -0.00189633 -0.00210901 -0.00154313 -0.00198294 -0.00116011 -0.00162522 -0.00195577 -0.00163241 -0.00255832 -0.00224258 -0.00149037 -0.00233535 -0.00163847 -0.0013236 -0.00178522 -0.00176491 -0.00109209 -0.00107463 -0.00113099 -0.00182148 -0.00193883 -0.00227214 -0.00179954 -0.00108952 -0.00184987 -0.000598808 -0.0018798 -0.00174126 -0.00186821 -0.00143828 -0.00111606 -0.0006592 -0.00154902 -0.00180658 -0.00126852 -0.0017337 -0.00201947 -0.0020031 -0.00143823 -0.00180296 -0.00186332 -0.00158126 -0.00175909 -0.00130038 -0.00159747 -0.000978903 -0.00177044 -0.000950821 -0.00126404 -0.000979659 -0.00197638 -0.000814043 -0.00203005 -0.00144074 -0.00163634 -0.00120224 -0.00130515 -0.00138266 -0.000129583 0.00149709 
0.00196652 0.00328409 0.00222124 0.00226622 0.124217 0.00262783 0.00252728 0.00193822 0.00196108 0.00187828 -0.000891159 -0.00181682 -0.00201129 -0.00192579 -0.00210525 -0.00176718 -0.00255361 -0.00223897 -0.0011425 -0.00178504 -0.00198601 -0.00281436 -0.00213537 -0.00235589 -0.00267308 -0.0026472 -0.00188093 -0.0020089 -0.0016726 -0.00181414 -0.00191756 -0.00190002 -0.00177988 -0.00195763 -0.00135137 -0.00164152 -0.00174715 -0.00187101 -0.00150176 -0.00182085 -0.00135779 -0.00187608 -0.00100605 -0.00149455 -0.00191861 -0.00180829 -0.00155794 -0.00158822 -0.00142953 -0.0015393 -0.00124599 -0.00180835 -0.00126789 -0.00137625 -0.00135054 -0.00163917 -0.00137334 -0.00119444 -0.00140956 -0.00168255 -0.00165893 -0.00138176 -0.00185273 -0.00162113 -0.00084455 -0.000991603 -0.00161963 -0.00172567 -0.000296318 -0.00138103 -0.00122146 -0.00113241 -0.00154772 -0.00150902 -0.00102222 -0.00164886 -0.00154775 -0.00169144 -0.00164711 -0.00133926 -0.00167585 -0.00179269 -0.00137782 -0.00208883 -0.00176242 -0.00207044 -0.00214054 -0.00152848 -0.00129748 -0.001316 -0.00147093 -0.000883154 -0.0011221 -0.00153774 -0.0013371 -0.00160288 -0.000959403 -0.00161474 -0.00163304 -0.000355891 
0.00194462 0.00203698 0.00290401 0.00240504 0.00262783 0.130073 0.00245624 0.00280605 0.0024522 0.00205532 0.00234212 -0.000843553 -0.00201471 -0.00295461 -0.00116328 -0.00196301 -0.00226064 -0.00271748 -0.00209505 -0.00143334 -0.00105095 -0.00304038 -0.00178296 -0.00168079 -0.00210392 -0.00243294 -0.00266295 -0.00245755 -0.00216444 -0.00221218 -0.0020993 -0.00218702 -0.00153751 -0.00170175 -0.00144805 -0.00157231 -0.00154613 -0.00134528 -0.00166562 -0.00177421 -0.00134076 -0.00182608 -0.00123262 -0.00144439 -0.00148766 -0.0013788 -0.0016977 -0.00153274 -0.00142042 -0.00169252 -0.00251639 -0.0011352 -0.0018264 -0.0022927 -0.00140635 -0.00210522 -0.00129648 -0.00131085 -0.00130556 -0.00199585 -0.00162483 -0.00195505 -0.00165312 -0.00193693 -0.00179253 -0.00143788 -0.00177332 -0.00208016 -0.00159829 -0.00155508 -0.00126508 -0.00184692 -0.00217087 -0.00158532 -0.00150356 -0.00122076 -0.00142158 -0.00126554 -0.00164132 -0.00120531 -0.00177152 -0.00158603 -0.00116896 -0.00200872 -0.00223905 -0.00231174 -0.00197728 -0.00209021 -0.00181857 -0.00138008 -0.00156766 -0.00132999 -0.00173386 -0.00134256 -0.00201362 -0.00179289 -0.00116032 -0.00107695 -0.00119709 -0.00184647 
-0.00105672 0.0021485 0.00217941 0.00206938 0.00252728 0.00245624 0.125118 0.00235422 0.00208217 0.00185186 0.00123422 0.00158138 -0.00129944 -0.00143613 -0.00220594 -0.00219011 -0.00208165 -0.00291809 -0.00168219 -0.00134139 -0.00231438 -0.00122107 -0.00176559 -0.00279794 -0.00172687 -0.0029254 -0.00208646 -0.00154061 -0.00149602 -0.00298464 -0.00201964 -0.00198614 -0.00191804 -0.00182421 -0.0017844 -0.00134179 -0.00165429 -0.00139932 -0.00196569 -0.00143065 -0.00191844 -0.00105418 -0.00105754 -0.00126353 -0.00155216 -0.00220509 -0.000775402 -0.00185962 -0.00209025 -0.00200781 -0.00210692 -0.00214161 -0.00213583 -0.00193355 -0.00181645 -0.00118498 -0.00135419 -0.00168363 -0.00102247 -0.000849926 -0.00186132 -0.0022618 -0.00169016 -0.00122138 -0.001611 -0.00142069 -0.000897786 -0.00202731 -0.00157213 -0.0020183 -0.00152848 -0.00154194 -0.00190619 -0.000933921 -0.00100461 -0.00110743 -0.00151325 -0.00190898 -0.00217278 -0.000788173 -0.00153595 -0.00169286 -0.00125365 -0.00154992 -0.00148273 -0.0014562 -0.00122811 -0.00186828 -0.00134195 -0.00149961 -0.00204135 -0.00117477 -0.00142713 -0.00141387 -0.00139884 -0.000972263 -0.00118654 -0.000953313 -0.00135814 -0.00137134 
-0.00115363 -0.000839972 0.00167479 0.00243067 0.00193822 0.00280605 0.00235422 0.129793 0.00166469 0.00230515 0.00183479 0.00222342 0.0021756 -0.00236026 -0.00157454 -0.00196414 -0.0022037 -0.00314856 -0.00193936 -0.00227962 -0.00161829 -0.00263463 -0.000758647 -0.00214442 -0.0015143 -0.00215851 -0.00213696 -0.00220623 -0.00231776 -0.00234516 -0.001651 -0.00112515 -0.00218584 -0.00133159 -0.00199537 -0.000861871 -0.00178919 -0.00182118 -0.00210332 -0.00171964 -0.00188075 -0.00213893 -0.00136065 -0.00198646 -0.00163641 -0.00231404 -0.00194572 -0.00200934 -0.0015963 -0.00130061 -0.00237091 -0.00159519 -0.00220831 -0.00146283 -0.00165654 -0.00162659 -0.00177502 -0.00147596 -0.00119764 -0.00124416 -0.00205571 -0.000993724 -0.000569419 -0.00109529 -0.00112617 -0.000920056 -0.000741006 -0.00102977 -0.00169996 -0.00227715 -0.00142375 -0.00229186 -0.00145629 -0.0012123 -0.00114343 -0.001077 -0.00149155 -0.00144853 -0.00156465 -0.0012074 -0.00229872 -0.00148717 -0.000946418 -0.00189007 -0.00109734 -0.00189322 -0.00210846 -0.00215909 -0.00195705 -0.00144318 -0.00145264 -0.00232391 -0.00210967 -0.0017885 -0.00181057 -0.00197139 -0.001755 -0.00164447 -0.00187211 -0.00170092 
-0.00105156 -0.00122016 -0.00133242 0.0024303 0.00196108 0.0024522 0.00208217 0.00166469 0.12928 0.00300483 0.00216658 0.0025011 0.00200009 0.00203401 -0.00172046 -0.00104589 -0.0019491 -0.00137526 -0.00197782 -0.00164793 -0.000868879 -0.00257671 -0.0023958 -0.00243822 -0.00280503 -0.00250799 -0.00210766 -0.0011168 -0.00134505 -0.00176768 -0.00146342 -0.00198769 -0.00132413 -0.00155127 -0.00152623 -0.00220474 -0.0017254 -0.00173733 -0.00237271 -0.000856863 -0.000812803 -0.00202796 -0.00157215 -0.00180429 -0.00117971 -0.00178902 -0.00173739 -0.00156892 -0.00224049 -0.0018526 -0.00160647 -0.00176523 -0.00189964 -0.00208698 -0.00170779 -0.00162229 -0.000684488 -0.00136371 -0.00167425 -0.00138365 -0.00167724 -0.00178887 -0.00172089 -0.00164787 -0.00220937 -0.00247628 -0.0016114 -0.00165804 -0.00114838 -0.0023843 -0.000946225 -0.00141352 -0.00109974 -0.00204305 -0.00136932 -0.00154927 -0.00128462 -0.00183864 -0.00269386 -0.00223817 -0.00170846 -0.00200578 -0.0019211 -0.00188821 -0.00159789 -0.00185568 -0.00216152 -0.00188376 -0.00200497 -0.00169597 -0.00214063 -0.00158754 -0.00212445 -0.00144657 -0.00127453 -0.00152698 -0.00131346 -0.00102878 -0.00164357 -0.00158827 
-0.00152484 -0.00204064 -0.000909697 -0.00151815 0.00187828 0.00205532 0.00185186 0.00230515 0.00300483 0.133022 0.00239304 0.00225705 0.00162447 0.00214137 -0.00114274 -0.00218944 -0.00138449 -0.00249266 -0.00150796 -0.00164069 -0.00185519 -0.00200407 -0.00244267 -0.00182962 -0.00264904 -0.00191532 -0.00293317 -0.0012136 -0.00194634 -0.00202239 -0.0020341 -0.0016414 -0.00211474 -0.00222032 -0.0012149 -0.00194874 -0.00124787 -0.0028072 -0.00179815 -0.00150027 -0.00166502 -0.00147463 -0.0022477 -0.00125646 -0.00140267 -0.00199942 -0.0021172 -0.00141629 -0.00177432 -0.00199469 -0.00171359 -0.00117104 -0.00164811 -0.00077372 0.00021206 -0.00135318 -0.00230496 -0.000765418 -0.00154586 -0.00197336 -0.00155919 -0.00223597 -0.00170608 -0.00114855 -0.00134321 -0.00213588 -0.0025477 -0.000553041 -0.0014819 -0.00150241 -0.00206695 -0.00157565 -0.00122063 -0.001963 -0.00183056 -0.00101472 -0.000530576 -0.00167209 -0.00158679 -0.0017196 -0.000991404 -0.0015399 -0.00252387 -0.00218998 -0.00222612 -0.00245474 -0.00243838 -0.00178178 -0.00168054 -0.000781019 -0.00205286 -0.00203429 -0.00108311 -0.0020492 -0.00123447 -0.00198716 -0.00136484 -0.000860823 -0.00125806 -0.00253035 
-0.00121575 -0.00271659 -0.0013404 -0.00201631 -0.000891159 0.00234212 0.00123422 0.00183479 0.00216658 0.00239304 0.131094 0.00223784 0.00275511 0.00258194 0.00201659 0.00248836 -0.00214963 -0.0020751 -0.00258916 -0.00194257 -0.000697889 -0.00190301 -0.00135994 -0.00192526 -0.000975864 -0.00199779 -0.00195607 -0.00189205 -0.00182268 -0.00287419 -0.00142469 -0.0018532 -0.00236891 -0.00151274 -0.00163707 -0.00150872 -0.00188725 -0.00195179 -0.0014784 -0.0015617 -0.00163685 -0.00273371 -0.00205335 -0.00166454 -0.00222941 -0.00223427 -0.00174775 -0.00181234 -0.00195689 -0.00216968 -0.00189787 -0.00183316 -0.00196188 -0.00202244 -0.00149171 -0.00168504 -0.00224643 -0.00122489 -0.00227225 -0.00143003 -0.00203189 -0.0017823 -0.00172281 -0.000903119 -0.00102043 -0.00149945 -0.00181675 -0.00187555 -0.00206771 -0.00135939 -0.000570838 -0.00199405 -0.00153885 -0.00247196 -0.0021284 -0.00114256 -0.00159786 -0.00166623 -0.00188283 -0.00161953 -0.00112761 -0.0018134 -0.00157659 -0.00148682 -0.00105213 -0.00179297 -0.00143004 -0.000815514 -0.00186494 -0.00108083 -0.00278975 -0.00218691 -0.00224826 -0.000520135 -0.00118231 -0.00133517 -0.00127386 -0.00155717 -0.00139831 -0.00208916 
-0.0018077 -0.0016887 -0.00201765 -0.00178667 -0.00181682 -0.000843553 0.00158138 0.00222342 0.0025011 0.00225705 0.00223784 0.127003 0.00414179 0.00277476 0.00242613 0.0015284 0.00284708 -0.00141293 -0.00134677 -0.00154578 -0.00136162 -0.00229637 -0.00155741 -0.00239124 -0.0022035 -0.00246718 -0.00157668 -0.0013507 -0.0021475 -0.00282139 -0.00180066 -0.00188536 -0.0017037 -0.00180746 -0.00113852 -0.000711817 -0.00115548 -0.00179613 -0.0009472 -0.00198762 -0.00131299 -0.00165139 -0.000949106 -0.0014519 -0.00147353 -0.00272511 -0.00168646 -0.00204053 -0.00217166 -0.00143367 -0.00201396 -0.00194837 -0.00235624 -0.00147166 -0.00172148 -0.00136265 -0.00179041 -0.00117238 -0.0012799 -0.0016654 -0.001131 -0.00180075 -0.00109972 -0.000799557 -0.00153768 -0.0013045 -0.00183413 -0.00195253 -0.00105707 -0.00129106 -0.00172954 -0.00183941 -0.001958 -0.00167711 -0.00182128 -0.00150102 -0.00168316 -0.00214463 -0.00194593 -0.00142907 -0.00157633 -0.00146028 -0.00213262 -0.00147772 -0.00122839 -0.00213623 -0.00192406 -0.00289015 -0.00140057 -0.0022791 -0.00293686 -0.0017892 -0.00221792 -0.00185971 -0.00120966 -0.000941561 -0.00202447 -0.00235804 -0.00118666 -0.00190197 
-0.00188064 -0.00111581 -0.00106428 -0.000660081 -0.00201129 -0.00201471 -0.00129944 0.0021756 0.00200009 0.00162447 0.00275511 0.00414179 0.131349 0.00308407 0.00207383 0.00259096 0.00306358 -0.000419241 -0.00189409 -0.00211964 -0.000347119 -0.00197072 -0.00176351 -0.00244653 -0.00205125 -0.00202553 -0.00141589 -0.0018783 -0.00150043 -0.0015876 -0.00165443 -0.00172529 -0.00234272 -0.00142836 -0.00223122 -0.00191101 -0.00197074 -0.00172243 -0.00188016 -0.00149747 -0.00161232 -0.0024587 -0.00176514 -0.00134806 -0.00174405 -0.00246512 -0.00124972 -0.00165161 -0.00207754 -0.00177547 -0.00166798 -0.00116746 -0.00226051 -0.000853352 -0.00192875 -0.00238252 -0.00192413 -0.00183638 -0.000730103 -0.00164917 -0.00230168 -0.00248408 -0.000438203 -0.0014536 -0.00189628 -0.000925329 -0.00182066 -0.00191675 -0.00161369 -0.00182802 -0.00164233 -0.00193138 -0.00171971 -0.00165037 -0.00195835 -0.00165175 -0.00184691 -0.00265638 -0.000954103 -0.00119903 -0.00173216 -0.00261779 -0.00155888 -0.00169241 -0.00185957 -0.0023279 -0.00128381 -0.0015575 -0.00168722 -0.00246011 -0.00199216 -0.00178511 -0.00140391 -0.00165201 -0.00244813 -0.00125306 -0.00144342 -0.00212863 -0.00186226 -0.00184539 
-0.00119794 -0.00204831 -0.00212306 -0.00173569 -0.00192579 -0.00295461 -0.00143613 -0.00236026 0.00203401 0.00214137 0.00258194 0.00277476 0.00308407 0.139469 0.00373371 0.00287597 0.00259582 0.00396354 0.0030574 -0.00349496 -0.00197224 -0.0018377 -0.00137527 -0.00321531 -0.001401 -0.00286199 -0.00143298 -0.00120088 -0.00201983 -0.00171034 -0.00169991 -0.00136555 -0.00190739 -0.00197046 -0.00156621 -0.00240953 -0.0017385 -0.00170658 -0.00318085 -0.0024839 -0.00225476 -0.00301609 -0.00240352 -0.0025879 -0.00126675 -0.00229704 -0.000773274 -0.000608276 -0.00200407 -0.00270844 -0.00121347 -0.00141376 -0.0029982 -0.00180718 -0.00182177 -0.00150531 -0.00157356 -0.00209853 -0.00148696 -0.00102929 -0.00127859 -0.0015306 -0.00184905 -0.00120676 -0.00156979 -0.00259295 -0.00180976 -0.00266921 -0.00171063 -0.00157047 -0.00182641 -0.00244145 -0.00151847 -0.00248127 -0.00136043 -0.00144666 -0.00263836 -0.00209027 -0.00259441 -0.00153677 -0.000787814 -0.00197895 -0.0020393 -0.0022533 -0.00188727 -0.00142032 -0.00161858 -0.00112218 -0.00162778 -0.00105067 -0.00257749 -0.00143247 -0.00178743 -0.00258155 -0.00181031 -0.00192942 -0.00172503 -0.00173506 -0.00233027 -0.0016924 
-0.00222716 -0.00233449 -0.00120932 -0.00195499 -0.00210525 -0.00116328 -0.00220594 -0.00157454 -0.00172046 -0.00114274 0.00201659 0.00242613 0.00207383 0.00373371 0.139781 0.0027267 0.00235912 0.00290297 0.00253592 0.00283021 -0.00217771 -0.00156213 -0.0029888 -0.00210901 -0.0022382 -0.00204635 -0.00141846 -0.00152841 -0.00270594 -0.00231095 -0.00191363 -0.00125102 -0.00188016 -0.00279515 -0.00203149 -0.00122991 -0.000941277 -0.00228919 -0.00302397 -0.00150703 -0.00199736 -0.00249761 -0.002001 -0.00167232 -0.00163553 -0.00247988 -0.00153042 -0.00162739 -0.00184501 -0.00184707 -0.00185637 -0.00148091 -0.00174645 -0.00158603 -0.0017071 -0.00141203 -0.00166595 -0.00152121 -0.00216594 -0.00179822 -0.00211614 -0.00166108 -0.00174044 -0.0011373 -0.00174605 -0.00197807 -0.00193591 -0.00202152 -0.00208997 -0.0017488 -0.000908313 -0.00129691 -0.00250027 -0.000950407 -0.00111062 -0.00136188 -0.00162563 -0.00116546 -0.00232028 -0.001365 -0.00116762 -0.0018961 -0.00137597 -0.00119532 -0.00165494 -0.00180092 -0.00152372 -0.00157573 -0.00202752 -0.00167418 -0.00154992 -0.00189229 -0.00236387 -0.002394 -0.00284993 -0.00200831 -0.00224137 -0.00250077 -0.00166847 -0.00158423 
-0.000826901 -0.00158005 -0.00166831 -0.0021564 -0.00176718 -0.00196301 -0.00219011 -0.00196414 -0.00104589 -0.00218944 0.00248836 0.0015284 0.00259096 0.00287597 0.0027267 0.140403 0.00271522 0.00273426 0.00237636 0.00185138 -0.00135568 -0.00180724 -0.00161762 -0.00247859 -0.00287939 -0.00238369 -0.0011067 -0.00135967 -0.00158695 -0.00210405 -0.00158612 -0.00182523 -0.00254373 -0.00242855 -0.00233925 -0.00199793 -0.00193883 -0.0026973 -0.0012969 -0.00221397 -0.0020423 -0.0017082 -0.00205455 -0.00224656 -0.0021846 -0.00256774 -0.00273355 -0.00198196 -0.00156368 -0.00186493 -0.00193357 -0.00226511 -0.00210242 -0.00213045 -0.000905784 -0.00123842 -0.00199492 -0.00189918 -0.00143185 -0.00190006 -0.00193693 -0.00179648 -0.00168363 -0.00105282 -0.00167666 -0.00217777 -0.00147478 -0.000666324 -0.00224775 -0.00118691 -0.00234813 -0.00137813 -0.00131417 -0.00201054 -0.00134025 -0.00187296 -0.00156313 -0.00146077 -0.00191471 -0.00190648 -0.00156508 -0.00163626 -0.00114854 -0.00249804 -0.00150716 -0.00150707 -0.000533086 -0.0013953 -0.00161181 -0.00205003 -0.0012779 -0.00230851 -0.0016728 -0.00230049 -0.00157046 -0.00200619 -0.00195962 -0.00186517 -0.0012285 -0.00199052 
-0.00167157 -0.0016559 -0.000900737 -0.00187158 -0.00255361 -0.00226064 -0.00208165 -0.0022037 -0.0019491 -0.00138449 -0.00214963 0.00284708 0.00306358 0.00259582 0.00235912 0.00271522 0.153553 0.00494157 0.00223358 0.00218206 0.0023723 0.00211482 -0.00268107 -0.000681951 -0.00256252 -0.00219553 -0.00216579 -0.00224839 -0.0022738 -0.00313837 -0.0024607 -0.00243472 -0.00223417 -0.00200998 -0.00143877 -0.00233164 -0.00277526 -0.00201748 -0.00167603 -0.00192659 -0.00149751 -0.00252687 -0.00138163 -0.00246982 -0.00248086 -0.00263276 -0.00216739 -0.00258296 -0.00223736 -0.00153815 -0.00168774 -0.00248329 -0.00314429 -0.00139978 -0.00186405 -0.00146309 -0.00212375 -0.00152038 -0.00144548 -0.00180603 -0.0012381 -0.00156175 -0.00192386 -0.00208729 -0.00189994 -0.00292252 -0.000966971 -0.00237808 -0.00323641 -0.0017593 -0.0017906 -0.00213711 -0.00166659 -0.00266927 -0.00234984 -0.00190582 -0.00189133 -0.0018547 -0.00226884 -0.00157638 -0.00165617 -0.00293044 -0.00129167 -0.00283039 -0.00196969 -0.0020682 -0.00199571 -0.00249832 -0.00165941 -0.00190204 -0.00249689 -0.00219311 -0.00152112 -0.00205071 -0.00260176 -0.00258678 -0.00332339 -0.00179559 -0.000771656 -0.000361729 
-0.00171951 -0.00234941 -0.00235989 -0.00217271 -0.00223897 -0.00271748 -0.00291809 -0.00314856 -0.00137526 -0.00249266 -0.0020751 -0.00141293 -0.000419241 0.00396354 0.00290297 0.00273426 0.00494157 0.150663 0.00381119 0.00455163 0.00255869 0.00329818 0.00248472 -0.000621037 -0.0017705 -0.00219998 -0.00265459 -0.00160268 -0.00336938 -0.00136127 -0.00208567 -0.00217558 -0.00221255 -0.00213183 -0.00208207 -0.00169296 -0.00287342 -0.00197697 -0.00199495 -0.00217346 -0.0023311 -0.00263369 -0.00236215 -0.00180232 -0.00216496 -0.00204503 -0.00100971 -0.00196208 -0.0020463 -0.0020418 -0.00180291 -0.00191847 -0.00188483 -0.00241284 -0.0021841 -0.00175434 -0.00142313 -0.00220663 -0.00215333 -0.00239001 -0.00219298 -0.00238946 -0.00272974 -0.00196756 -0.000896102 -0.00241262 -0.00175783 -0.00172782 -0.00189224 -0.00237831 -0.0019253 -0.0026298 -0.00275852 -0.00195743 -0.00152114 -0.00212312 -0.00251021 -0.000569175 -0.00236634 -0.000993636 -0.00164286 -0.0019026 -0.00178938 -0.00249362 -0.00149264 -0.00195143 -0.00236292 -0.0014939 -0.001046 -0.00175105 -0.00273274 -0.00158867 -0.00229381 -0.00126805 -0.00183975 -0.00220105 -0.00261664 -0.00219918 -0.00246674 -0.00216859 
-0.00270408 -0.00224383 -0.00209002 -0.000997034 -0.0011425 -0.00209505 -0.00168219 -0.00193936 -0.00197782 -0.00150796 -0.00258916 -0.00134677 -0.00189409 0.0030574 0.00253592 0.00237636 0.00223358 0.00381119 0.143481 0.00239942 0.00226007 0.0028593 0.00300848 -0.000763569 -0.00195297 -0.00216256 -0.00275784 -0.00158388 -0.00296228 -0.00207791 -0.00217372 -0.00220735 -0.00198531 -0.00128124 -0.000857844 -0.00179686 -0.00101142 -0.00159369 -0.00170532 -0.00187996 -0.00124951 -0.00165494 -0.00193683 -0.00128582 -0.00239572 -0.0028771 -0.00151281 -0.00169139 -0.00201343 -0.00156293 -0.00166709 -0.00239061 -0.0028241 -0.00171389 -0.00154627 -0.00232408 -0.0015869 -0.00253584 -0.0023908 -0.00163936 -0.00240745 -0.00133585 -0.00127008 -0.00135087 -0.00129905 -0.00157128 -0.00200381 -0.00175579 -0.00160829 -0.00131351 -0.00158606 -0.00232842 -0.00222002 -0.001904 -0.000856989 -0.00113658 -0.00177446 -0.00235491 -0.00151272 -0.00180327 -0.0027985 -0.00186411 -0.00139513 -0.00128093 -0.00163909 -0.00211676 -0.00183712 -0.00251771 -0.00267803 -0.00180579 -0.00257326 -0.00152374 -0.00164716 -0.00250755 -0.00244305 -0.00282121 -0.00186564 -0.00176915 -0.00230168 -0.00148048 
-0.00232199 -0.00125947 -0.00246816 -0.00131055 -0.00178504 -0.00143334 -0.00134139 -0.00227962 -0.00164793 -0.00164069 -0.00194257 -0.00154578 -0.00211964 -0.00349496 0.00283021 0.00185138 0.00218206 0.00455163 0.00239942 0.149943 0.00356363 0.00343264 0.00318436 0.0039951 0.00205166 -0.00216525 -0.00108803 -0.00206633 -0.0019929 -0.00199081 -0.00286919 -0.00296978 -0.00272539 -0.0020681 -0.0025416 -0.00206863 -0.00276144 -0.00227272 -0.00191136 -0.00308566 -0.00145991 -0.00251868 -0.00247111 -0.00225589 -0.0021655 -0.00204903 -0.00208536 -0.000820441 -0.00197764 -0.00166299 -0.0028172 -0.00243832 -0.00217165 -0.00204433 -0.00225041 -0.00304933 -0.00224523 -0.00182299 -0.00212922 -0.00208931 -0.00197375 -0.00223091 -0.00104113 -0.000995644 -0.00250928 -0.00221783 -0.00137136 -0.000564642 -0.00176556 -0.00236937 -0.00241681 -0.00162786 -0.000698264 -0.0025939 -0.00170342 -0.000622266 -0.000772676 -0.00292374 -0.00133214 -0.00143389 -0.00131474 -0.00256273 -0.00286312 -0.00162029 -0.00222519 -0.00291996 -0.00194056 -0.00313503 -0.00127791 -0.00201967 -0.00151198 -0.00171038 -0.0030275 -0.00174917 -0.00216057 -0.00177723 -0.00260327 -0.0026076 -0.00148729 -0.00261377 
-0.00224786 -0.00184191 -0.00156172 -0.00227134 -0.00198601 -0.00105095 -0.00231438 -0.00161829 -0.000868879 -0.00185519 -0.000697889 -0.00136162 -0.000347119 -0.00197224 -0.00217771 -0.00135568 0.0023723 0.00255869 0.00226007 0.00356363 0.138229 0.00303519 0.00340061 0.00335376 0.00291323 0.00352666 -0.00186706 -0.00175388 -0.00150229 -0.00154767 -0.00193452 -0.00225743 -0.00176098 -0.002098 -0.00162427 -0.00192958 -0.00264349 -0.00270423 -0.00241052 -0.00205782 -0.00143959 -0.00184457 -0.0023487 -0.00161471 -0.00170809 -0.0022005 -0.00242744 -0.00178071 -0.00231179 -0.00207977 -0.00191741 -0.00177209 -0.00193693 -0.00157097 -0.00146635 -0.00201424 -0.00199227 -0.00168606 -0.00255387 -0.00160658 -0.00267327 -0.00195942 -0.00193163 -0.00238019 -0.00157885 -0.00243918 -0.00217199 -0.00125019 -0.00235828 -0.00176858 -0.00113729 -0.00264276 -0.0017441 -0.00140221 -0.00238228 -0.00143769 -0.00162719 -0.00236243 -0.00227457 -0.00324385 -0.00222314 -0.0024626 -0.00105326 -0.0019799 -0.00187564 -0.000490582 -0.00117458 -0.00229273 -0.00175179 -0.00167636 -0.00197642 -0.00201511 -0.00164474 -0.00156141 -0.0018302 -0.000934739 -0.00141588 -0.00170537 -0.00150341 -0.000986429 
-0.00178017 -0.00139443 -0.00259478 -0.00197868 -0.00281436 -0.00304038 -0.00122107 -0.00263463 -0.00257671 -0.00200407 -0.00190301 -0.00229637 -0.00197072 -0.0018377 -0.00156213 -0.00180724 0.00211482 0.00329818 0.0028593 0.00343264 0.00303519 0.149463 0.00254245 0.00448086 0.00490046 0.00281222 -0.00150843 -0.00180744 -0.00182539 -0.00225748 -0.00264795 -0.00192445 -0.00197256 -0.00129488 -0.00179279 -0.00189962 -0.00230421 -0.00275479 -0.00305094 -0.0026142 -0.00204802 -0.00195516 -0.00190339 -0.0030342 -0.00177944 -0.00187792 -0.00206043 -0.00125702 -0.00126756 -0.00186027 -0.00213914 -0.00164299 -0.00334602 -0.00267185 -0.00224512 -0.00175272 -0.00149152 -0.00204039 -0.00240943 -0.00219829 -0.00199491 -0.00298773 -0.00299992 -0.00088256 -0.00180107 -0.0023805 -0.00265985 -0.00181154 -0.00156027 -0.00173647 -0.00254117 -0.00244355 -0.00259276 -0.00259614 -0.00182323 -0.000565398 -0.0011077 -0.00107084 -0.00105515 -0.000713975 -0.00220815 -0.000525845 -0.00235303 -0.00130979 -0.00110902 -0.00178409 -0.00168004 -0.00250857 -0.00172291 -0.00186506 -0.00126541 -0.00236704 -0.00206869 -0.00203275 -0.00205641 -0.00228721 -0.0031077 -0.00239084 -0.00188913 -0.00103021 
-0.00278741 -0.00187387 -0.00189542 -0.00164635 -0.00213537 -0.00178296 -0.00176559 -0.000758647 -0.0023958 -0.00244267 -0.00135994 -0.00155741 -0.00176351 -0.00137527 -0.0029888 -0.00161762 -0.00268107 0.00248472 0.00300848 0.00318436 0.00340061 0.00254245 0.142415 0.00331817 0.00280023 0.00289415 0.00190251 -0.00261795 -0.00257426 -0.0014412 -0.00132097 -0.0020241 -0.00317325 -0.00257211 -0.00166315 -0.00174146 -0.00202802 -0.00228365 -0.00191742 -0.00151491 -0.00170392 -0.000723527 -0.000924928 -0.00212559 -0.00132109 -0.00234467 -0.00181858 -0.0012319 -0.00193151 -0.00176006 -0.00249864 -0.00256691 -0.00252676 -0.00304241 -0.00199098 -0.00164403 -0.0016348 -0.002104 -0.00143715 -0.00173217 -0.000788701 -0.00200141 -0.00209289 -0.000941351 -0.00162111 -0.00205139 -0.00170871 -0.0021662 -0.0016294 -0.00258222 -0.00140961 -0.00212842 -0.00123693 -0.00162408 -0.002158 -0.00142119 -0.00180667 -0.00172957 -0.000822069 -0.00139359 -0.00121588 -0.00133068 -0.00244536 -0.00216658 -0.00182046 -0.00203927 -0.00152427 -0.0024604 -0.00125108 -0.00135747 -0.00254856 -0.0021585 -0.000852791 -0.00178827 -0.00192208 -0.00242412 -0.00209958 -0.00212943 -0.00232692 -0.00201165 
-0.0014549 -0.00231251 -0.00263723 -0.00165274 -0.00235589 -0.00168079 -0.00279794 -0.00214442 -0.00243822 -0.00182962 -0.00192526 -0.00239124 -0.00244653 -0.00321531 -0.00210901 -0.00247859 -0.000681951 -0.000621037 -0.000763569 0.0039951 0.00335376 0.00448086 0.00331817 0.144139 0.00396788 0.0027212 0.00250671 0.00208959 -0.000440864 -0.00225651 -0.00189926 -0.00235045 -0.00183058 -0.00278131 -0.00243888 -0.00195863 -0.00205072 -0.00274876 -0.00170769 -0.00176034 -0.00230595 -0.00167058 -0.00223631 -0.00292509 -0.00180916 -0.00191205 -0.00131953 -0.00148384 -0.00201705 -0.00132271 -0.00179145 -0.00167148 -0.002185 -0.00254346 -0.00147672 -0.00141044 -0.000712869 -0.00199148 -0.00240805 -0.00154223 -0.00195128 -0.00087941 -0.00162706 -0.00170606 -0.00247611 -0.00134117 -0.00197365 -0.00165278 -0.00236007 -0.00162643 -0.00283568 -0.00207724 -0.00213369 -0.00201903 -0.00226277 -0.0020331 -0.002217 -0.00131576 -0.00179946 -0.00274683 -0.00121492 -0.00158383 -0.00230226 -0.00104007 -0.00233972 -0.00162033 -0.00210337 -0.00136616 -0.00170277 -0.00184088 -0.00153277 -0.00210245 -0.00193127 -0.000739043 -0.00115349 -0.00176487 -0.00190333 -0.0017667 -0.00147571 -0.00115741 
-0.00244509 -0.00161554 -0.00253009 -0.00176663 -0.00267308 -0.00210392 -0.00172687 -0.0015143 -0.00280503 -0.00264904 -0.000975864 -0.0022035 -0.00205125 -0.001401 -0.0022382 -0.00287939 -0.00256252 -0.0017705 -0.00195297 0.00205166 0.00291323 0.00490046 0.00280023 0.00396788 0.144646 0.00304973 0.00312659 0.00244469 0.00199017 0.00181205 -0.00112263 -0.00169296 -0.00196785 -0.00183826 -0.00102618 -0.00252502 -0.00313707 -0.00250115 -0.00302559 -0.00240734 -0.00243928 -0.00184227 -0.00169098 -0.00194182 -0.00216671 -0.00186376 -0.00164223 -0.00256049 -0.0023724 -0.00207086 -0.00174186 -0.0011646 -0.00203079 -0.00239513 -0.00286829 -0.00174362 -0.00121714 -0.00236444 -0.00267972 -0.00194 -0.00254502 -0.00206941 -0.00114601 -0.00219371 -0.00199649 -0.00130527 -0.00168894 -0.00176161 -0.00142432 -0.00158603 -0.0012254 -0.00156641 -0.00217239 -0.00182201 -0.00181966 -0.00223733 -0.00154294 -0.000715332 -0.00126942 -0.00212632 -0.00177789 -0.00209322 -0.00163706 -0.00236841 -0.00168989 -0.00186816 -0.00255679 -0.00216413 -0.00248273 -0.00226072 -0.00254782 -0.00171953 -0.00125638 -0.00134132 -0.00164906 -0.00162202 -0.00225845 -0.001581 -0.00114149 -0.00162733 
-0.00191824 -0.00262021 -0.00257895 -0.000900979 -0.0026472 -0.00243294 -0.0029254 -0.00215851 -0.00250799 -0.00191532 -0.00199779 -0.00246718 -0.00202553 -0.00286199 -0.00204635 -0.00238369 -0.00219553 -0.00219998 -0.00216256 -0.00216525 0.00352666 0.00281222 0.00289415 0.0027212 0.00304973 0.14489 0.00249186 0.00244841 0.00211067 0.00278634 0.00170468 -0.00217882 -0.00137325 -0.00191824 -0.00153265 -0.00190562 -0.00129504 -0.00238739 -0.000747266 -0.0008107 -0.00161799 -0.000863877 -0.00264868 -0.00188107 -0.00269488 -0.00210957 -0.00141064 -0.00263893 -0.00159976 -0.00101188 -0.00283916 -0.00170544 -0.000815547 -0.00143575 -0.00203079 -0.00152517 -0.0014104 -0.00196939 -0.00222364 -0.00246012 -0.00142142 -0.00169404 -0.00166237 -0.0026673 -0.0021139 -0.0019874 -0.00164283 -0.00202719 -0.00190705 -0.00230578 -0.00196694 -0.00297365 -0.00191538 -0.00246688 -0.00223261 -0.000982199 -0.00199318 -0.00231303 -0.00156733 -0.00161044 -0.00211506 -0.000838583 -0.0023671 -0.00103332 -0.0020909 -0.00214974 -0.00191347 -0.00126998 -0.00181715 -0.00216644 -0.00153304 -0.00182096 -0.0012741 -0.0010993 -0.00190876 -0.00212033 -0.00192277 -0.00173658 -0.00234192 -0.0023124 
-0.00152548 -0.0018449 -0.0013152 -0.00215119 -0.00188093 -0.00266295 -0.00208646 -0.00213696 -0.00210766 -0.00293317 -0.00195607 -0.00157668 -0.00141589 -0.00143298 -0.00141846 -0.0011067 -0.00216579 -0.00265459 -0.00275784 -0.00108803 -0.00186706 -0.00150843 0.00190251 0.00250671 0.00312659 0.00249186 0.133784 0.00293305 0.0031984 0.00286359 0.00229769 0.00349182 -0.00167896 -0.00130058 -0.00128419 -0.00135627 -0.00156664 -0.0015216 -0.00218069 -0.00167495 -0.00193723 -0.00186615 -0.00152993 -0.00129329 -0.00139905 -0.00160403 -0.0022616 -0.00227513 -0.00151927 -0.00157362 -0.00212314 -0.00246545 -0.00225887 -0.00171752 -0.00163753 -0.0016929 -0.00102007 -0.0022177 -0.00186572 -0.00108078 -0.0013585 -0.00195158 -0.00201727 -0.00161418 -0.00176446 -0.00149881 -0.0020813 -0.00149534 -0.00109372 -0.00168243 -0.00118123 -0.00154559 -0.00189579 -0.00112768 -0.00143067 -0.00189764 -0.0017183 -0.00175886 -0.00161929 -0.0021458 -0.00147187 -0.00167655 -0.00212575 -0.0020963 -0.00165087 -0.00161288 -0.00169518 -0.00251355 -0.00219042 -0.00193828 -0.00196103 -0.00248995 -0.00188959 -0.00144466 -0.00193954 -0.00161806 -0.00154947 -0.00171891 -0.00168944 -0.000949274 
-0.00134689 -0.00166112 -0.00119965 -0.00186626 -0.0020089 -0.00245755 -0.00154061 -0.00220623 -0.0011168 -0.0012136 -0.00189205 -0.0013507 -0.0018783 -0.00120088 -0.00152841 -0.00135967 -0.00224839 -0.00160268 -0.00158388 -0.00206633 -0.00175388 -0.00180744 -0.00261795 0.00208959 0.00244469 0.00244841 0.00293305 0.137823 0.00234369 0.00279688 0.00223742 0.00305258 0.00215097 -0.0015392 -0.0014025 -0.000867672 0.000491424 -0.00176133 -0.00161447 -0.00108768 -0.00209921 -0.00182562 -0.00170191 -0.00224897 -0.00194425 -0.00191989 -0.0022641 -0.00160464 -0.0025563 -0.001809 -0.00235257 -0.00186561 -0.001483 -0.00184021 -0.00218519 -0.00120589 -0.00217804 -0.00188296 -0.00188979 -0.0030386 -0.00162318 -0.00171761 -0.00153242 -0.00144533 -0.00161076 -0.00159271 -0.00238694 -0.00204765 -0.00159153 -0.00223634 -0.00102083 -0.00238425 -0.00228049 -0.00242776 -0.001652 -0.00161214 -0.00190197 -0.0017761 -0.00119482 -0.00222106 -0.00224408 -0.00094056 -0.00167977 -0.00166306 -0.00167405 -0.002474 -0.00178293 -0.00195487 -0.00197478 -0.00186313 -0.00274956 -0.00254865 -0.000939744 -0.00182907 -0.00240565 -0.00159614 -0.00189796 -0.0015965 -0.0011139 -0.00195071 
-0.00135246 -0.00168133 -0.00151038 -0.00221012 -0.0016726 -0.00216444 -0.00149602 -0.00231776 -0.00134505 -0.00194634 -0.00182268 -0.0021475 -0.00150043 -0.00201983 -0.00270594 -0.00158695 -0.0022738 -0.00336938 -0.00296228 -0.0019929 -0.00150229 -0.00182539 -0.00257426 -0.000440864 0.00199017 0.00211067 0.0031984 0.00234369 0.128122 0.0036192 0.0027395 0.00277841 0.00217233 0.00302839 -0.00127189 -0.000625516 -0.00106842 -0.00178392 -0.00187431 -0.00119004 -0.00157761 -0.00137479 -0.00168905 -0.00125714 -0.00127131 -0.0014764 -0.001318 -0.0015216 -0.00127168 -0.00178652 -0.000810885 -0.00172376 -0.00144492 -0.00134749 -0.00126197 -0.00155106 -0.00189916 -0.00193945 -0.00139317 -0.00137018 -0.00194364 -0.0014345 -0.00177687 -0.00125455 -0.00204538 -0.00163795 -0.00184162 -0.00205971 -0.00134161 -0.00225815 -0.00195126 -0.0018439 -0.00142608 -0.00224615 -0.00199235 -0.0014113 -0.00133627 -0.00205147 -0.00191694 -0.00180157 -0.00132445 -0.00182465 -0.00139531 -0.00146389 -0.00152023 -0.00169273 -0.00146575 -0.00120733 -0.00154066 -0.00211953 -0.00183893 -0.00204498 -0.00182066 -0.00192829 -0.00139478 -0.00156856 -0.00210393 -0.00204208 -0.00192751 -0.000785885 
-0.00228164 -0.00130985 -0.00188978 -0.00210645 -0.00181414 -0.00221218 -0.00298464 -0.00234516 -0.00176768 -0.00202239 -0.00287419 -0.00282139 -0.0015876 -0.00171034 -0.00231095 -0.00210405 -0.00313837 -0.00136127 -0.00207791 -0.00199081 -0.00154767 -0.00225748 -0.0014412 -0.00225651 0.00181205 0.00278634 0.00286359 0.00279688 0.0036192 0.138188 0.00298007 0.00279622 0.00332561 0.00298665 -0.000550776 -0.00141339 -0.00215237 -0.00162372 -0.00134365 -0.00193766 -0.00196076 -0.00206323 -0.00228691 -0.000428675 -0.00158745 -0.00181118 -0.00165089 -0.00162207 -0.00202094 -0.00169134 -0.00178195 -0.00120639 -0.00247614 -0.0023483 -0.0023261 -0.0015892 -0.00175156 -0.00220471 -0.00249629 -0.00184787 -0.00200323 -0.00177927 -0.0017102 -0.00199825 -0.00186257 -0.00112342 -0.00189104 -0.00167297 -0.000859438 -0.00106118 -0.00155325 -0.00153138 -0.00173093 -0.0020642 -0.00159994 -0.00164554 -0.00190467 -0.000940067 -0.00112892 -0.00246338 -0.00196414 -0.00121901 -0.00175418 -0.00162174 -0.00175032 -0.0026015 -0.00237598 -0.0012899 -0.00156676 -0.00188122 -0.00119944 -0.00188513 -0.0019282 -0.0017258 -0.00190756 -0.00169659 -0.00211743 -0.0013721 -0.00159253 -0.00179435 
-0.00153277 -0.00171261 -0.00250779 -0.00162201 -0.00191756 -0.0020993 -0.00201964 -0.001651 -0.00146342 -0.0020341 -0.00142469 -0.00180066 -0.00165443 -0.00169991 -0.00191363 -0.00158612 -0.0024607 -0.00208567 -0.00217372 -0.00286919 -0.00193452 -0.00264795 -0.00132097 -0.00189926 -0.00112263 0.00170468 0.00229769 0.00223742 0.0027395 0.00298007 0.135611 0.00260396 0.00317581 0.00322452 0.00176396 0.00162454 -0.00143172 -0.00137612 -0.0013923 -0.00158047 -0.00197512 -0.00198797 -0.00128054 -0.00221251 -0.00157766 -0.00097489 -0.00140385 -0.00184893 -0.00174397 -0.00264682 -0.00197708 -0.00219473 -0.00173229 -0.0022405 -0.00151566 -0.00203607 -0.00234389 -0.00126716 -0.00123675 -0.00144441 -0.00132871 -0.00210434 -0.00190105 -0.00127451 -0.00217129 -0.00129023 -0.00179104 -0.00187009 -0.0013739 -0.00205656 -0.00149246 -0.00136471 -0.00154124 -0.0016228 -0.00171921 -0.00221343 -0.00179894 -0.00169463 -0.00198072 -0.00193911 -0.00230807 -0.00142595 -0.00175535 -0.00232627 -0.00233034 -0.00224394 -0.00221867 -0.00148157 -0.00146122 -0.00152035 -0.00136875 -0.000924249 -0.00205573 -0.00144174 -0.00195278 -0.00190781 -0.00178281 -0.00229819 -0.00168357 -0.00237099 
-0.00207395 -0.00249317 -0.001366 -0.00243945 -0.00190002 -0.00218702 -0.00198614 -0.00112515 -0.00198769 -0.0016414 -0.0018532 -0.00188536 -0.00172529 -0.00136555 -0.00125102 -0.00182523 -0.00243472 -0.00217558 -0.00220735 -0.00296978 -0.00225743 -0.00192445 -0.0020241 -0.00235045 -0.00169296 -0.00217882 0.00349182 0.00305258 0.00277841 0.00279622 0.00260396 0.133531 0.0023482 0.00205629 0.0022859 0.0023986 0.00227735 -0.000429734 -0.0021575 -0.00109928 -0.00175826 -0.0015221 -0.00228442 -0.00183582 -0.00155639 -0.00265766 -0.00206143 -0.00101186 -0.00156373 -0.000646285 -0.00230581 -0.00223531 -0.0012299 -0.0020193 -0.000862401 -0.00130114 -0.00211184 -0.00138233 -0.00113722 -0.00141235 -0.00194657 -0.00239986 -0.00169743 -0.00158667 -0.00154961 -0.00170299 -0.00134413 -0.00144365 -0.00150224 -0.00262835 -0.00230097 -0.00163907 -0.00310066 -0.00212667 -0.00179332 -0.0012842 -0.00202631 -0.00227224 -0.001093 -0.00174845 -0.00153847 -0.00185879 -0.00139531 -0.00113664 -0.00210932 -0.00249722 -0.00128218 -0.00209468 -0.00202845 -0.00130829 -0.000652967 -0.0017827 -0.00159488 -0.00262618 -0.00186837 -0.00195695 -0.00160314 -0.00184309 -0.00193099 -0.00142162 
-0.00210781 -0.00206201 -0.000937917 -0.00225727 -0.00177988 -0.00153751 -0.00191804 -0.00218584 -0.00132413 -0.00211474 -0.00236891 -0.0017037 -0.00234272 -0.00190739 -0.00188016 -0.00254373 -0.00223417 -0.00221255 -0.00198531 -0.00272539 -0.00176098 -0.00197256 -0.00317325 -0.00183058 -0.00196785 -0.00137325 -0.00167896 0.00215097 0.00217233 0.00332561 0.00317581 0.0023482 0.130574 0.00271089 0.00236592 0.00221561 0.00265978 0.00264384 -0.00127996 -0.00106882 -0.00104614 -0.00171073 -0.00180485 -0.00192805 -0.00208976 -0.00170718 -0.00164424 -0.00193345 -0.0021609 -0.00216903 -0.00128643 -0.0018012 -0.00143118 -0.00172984 -0.00166206 -0.00182277 -0.00230778 -0.00182451 -0.00125924 -0.00144253 -0.00139926 -0.00128163 -0.00100489 -0.00161221 -0.00186824 -0.00115058 -0.00155571 -0.00150281 -0.00153128 -0.00267391 -0.00161121 -0.00182983 -0.00184508 -0.000950745 -0.00208533 -0.0014271 -0.00108859 -0.0019243 -0.0017156 -0.00162645 -0.00147067 -0.00222477 -0.00104989 -0.00155378 -0.0019743 -0.00252447 -0.00125915 -0.00179333 -0.00156623 -0.000981038 -0.00157554 -0.00173817 -0.00238662 -0.0016518 -0.00181243 -0.00153876 -0.0016348 -0.00149242 -0.00190871 -0.00152451 
