0.1272 0.00314545 0.00190434 0.00304826 0.0025127 0.00289061 -0.0016253 -0.00128059 -0.000941805 -0.00126305 -0.00119767 -0.00177527 -0.00200088 -0.00238337 -0.00192639 -0.00192852 -0.00176031 -0.00189698 -0.00222264 -0.00229073 -0.00250147 -0.00277038 -0.00190406 -0.000932801 -0.00212634 -0.00152765 -0.000837934 -0.00215567 -0.00159619 -0.00197277 -0.00161293 -0.00191185 -0.00139678 -0.00242511 -0.00102045 -0.00136718 -0.00256337 -0.00261227 -0.00182897 -0.00116943 -0.00141295 -0.000598725 -0.00185851 -0.00106345 -0.00208449 -0.00162137 -0.00251796 -0.000920997 -0.000979601 -0.0010711 -0.00230859 -0.00140267 -0.00159082 -0.000970787 -0.00124656 -0.00176147 -0.00141399 -0.00128764 -0.000314195 -0.00128628 -0.00123109 -0.00142264 -0.00101808 -0.00178162 -0.00181835 -0.00216854 -0.00199416 -0.00191957 -0.00151471 -0.00150571 -0.00112422 -0.00112447 -0.00226695 -0.00120728 -0.00172256 -0.00179882 -0.00125437 -0.00127879 -0.001875 -0.00148527 -0.00163319 -0.00164327 -0.00208822 -0.00183498 -0.00259982 -0.00195768 -0.00120852 -0.00125118 -0.00181921 -0.00137942 -0.00193935 -0.00158717 -0.00165834 -0.00169913 -0.00162207 -0.00196322 0.00158735 0.00191675 0.00161558 0.00201489 
0.00314545 0.117387 0.00304336 0.00190881 0.00277637 0.00238881 0.00228489 -0.000552552 -0.001541 -0.00078228 -0.00110756 -0.00183678 -0.00171052 -0.00266128 -0.0015714 -0.00119857 -0.00239433 -0.00163969 -0.00146739 -0.0018298 -0.00258894 -0.00191265 -0.00231173 -0.00208981 -0.00267365 -0.00160573 -0.00204492 -0.00279058 -0.0022713 -0.00131115 -0.00232754 -0.00178821 -0.00188225 -0.00121608 -0.00217136 -0.00161248 -0.00179912 -0.00244007 -0.00118083 -0.00128036 -0.00176503 -0.000895716 -0.00129182 -0.000933059 -0.00131204 -0.00162214 -0.00203017 -0.000959466 -0.00196283 -0.00119442 -0.00137032 -0.00162031 -0.00157807 -0.00115493 -0.00123392 -0.000471136 -0.000929613 -0.0013534 -0.00160061 -0.000861257 -0.00156782 -0.0015241 -0.000812555 -0.000955626 -0.00148945 -0.00130049 -0.00153249 -0.00136801 -0.00159068 -0.00133655 -0.00170526 -0.000753798 -0.00141133 -0.00213735 -0.00171524 -0.00169023 -0.001598 -0.00138567 -0.00171661 -0.00127836 -0.000638529 -0.00125122 -0.00204873 -0.000955669 -0.00200463 -0.00147661 -0.00140133 -0.00130532 -0.000842165 -0.000682927 -0.00152318 -0.00174485 -0.00134788 -0.00144484 -0.00152489 -0.00210353 -0.000888757 0.000982009 0.00205762 0.00181234 
0.00190434 0.00304336 0.118374 0.00123697 0.001731 0.00144587 0.00177957 0.00120401 -0.00183438 -0.000868318 -0.00144459 -0.00168876 -0.00189599 -0.00148765 -0.00157843 -0.00194164 -0.0017726 -0.000918163 -0.00145907 -0.00205098 -0.0019416 -0.00123046 -0.00175557 -0.00218139 -0.0017582 -0.00165526 -0.00100449 -0.00185378 -0.00100241 -0.00116905 -0.00116467 -0.00172419 -0.00178193 -0.00160446 -0.00134406 -0.00191676 -0.00179623 -0.00179347 -0.00169713 -0.00198309 -0.000911615 -0.00108246 -0.00182229 -0.00134104 -0.00133431 -0.00151044 -0.000833354 -0.00140547 -0.00166011 -0.00150839 -0.00192882 -0.00171615 -0.00137736 -0.00199601 -0.00138862 -0.00127108 -0.00125797 -0.00106444 -0.00112114 -0.00171496 -0.00140235 -0.00140652 -0.00142357 -0.00125486 -0.00167882 -0.00185421 -0.00192931 -0.00218933 -0.00131361 -0.00129961 -0.00135074 -0.00160425 -0.00147178 -0.00251505 -0.00245776 -0.00119837 -0.00177187 -0.00192011 -0.00166989 -0.00153852 -0.00144179 -0.00154377 -0.00139926 -0.00169676 -0.00168999 -0.00122817 -0.000804158 -0.00105677 -0.00106423 -0.00146186 -0.00120931 -0.00125887 -0.00104138 -0.000655932 -0.00164637 -0.0016464 -0.0012698 -0.000781704 0.00267432 0.00229893 
0.00304826 0.00190881 0.00123697 0.12637 0.00279332 0.00304989 0.00238065 0.00272714 0.00295788 -0.000663525 -0.000368637 -0.000808199 -0.00241281 -0.00274321 -0.00154981 -0.00233916 -0.00269475 -0.00150549 -0.00189842 -0.00238182 -0.00261528 -0.00206397 -0.000779545 -0.00284635 -0.00254978 -0.00206624 -0.00161273 -0.00192449 -0.00179126 -0.00246934 -0.00206486 -0.00111009 -0.0014592 -0.0022152 -0.00169494 -0.00214871 -0.00101156 -0.00130302 -0.0020479 -0.00244238 -0.00191384 -0.00159214 -0.00160261 -0.0015701 -0.00218636 -0.0014944 -0.00188292 -0.000962019 -0.00173001 -0.00166035 -0.00186161 -0.00139555 -0.00211555 -0.00149297 -0.0015862 -0.000456887 -0.00173826 -0.00174949 -0.00183332 -0.00108754 -0.00159503 -0.0013564 -0.00106894 -0.000884454 -0.00170946 -0.00171131 -0.00187219 -0.000951528 -0.00241767 -0.0016328 -0.00213096 -0.00133098 -0.00141777 -0.00210456 -0.00138814 -0.00126184 -0.00162082 -0.000976405 -0.00142778 -0.00105592 -0.00123128 -0.000637681 -0.00166772 -0.00143807 -0.00111085 -0.00163873 -0.00213279 -0.00123561 -0.00129697 -0.00158333 -0.00196829 -0.00136566 -0.00190354 -0.0011084 -0.00203976 -0.00167466 -0.00166348 -0.00147018 -0.00175478 0.00185822 
0.0025127 0.00277637 0.001731 0.00279332 0.125579 0.00234134 0.0029187 0.00261488 0.00240784 0.00147595 -0.000877575 -0.00193948 -0.00198853 -0.0026584 -0.00208109 -0.00176055 -0.00169246 -0.00164062 -0.00208558 -0.00231832 -0.00189617 -0.00203311 -0.00227872 -0.0021555 -0.00186361 -0.00199222 -0.00212971 -0.00250718 -0.00186307 -0.00154634 -0.00159118 -0.00203971 -0.000751561 -0.00139496 -0.00196621 -0.00121951 -0.00175244 -0.00190758 -0.00199891 -0.00182124 -0.00139741 -0.00106277 -0.00104146 -0.00190087 -0.00231902 -0.0014295 -0.00206961 -0.00221394 -0.00171282 -0.00153989 -0.00198568 -0.00170358 -0.00137564 -0.00114131 -0.000910587 -0.00125588 -0.00134409 -0.00137621 -0.00175422 -0.00160472 -0.00128365 -0.00108569 -0.000999343 -0.00129747 -0.00168601 -0.000920345 -0.00125846 -0.00183274 -0.00204311 -0.00170836 -0.00172464 -0.00208021 -0.000895299 -0.00104528 -0.00109284 -0.00143288 -0.00185439 -0.00074165 -0.00204163 -0.00249891 -0.00133929 -0.000560314 -0.00139959 -0.00163022 -0.00199285 -0.00220986 -0.00183169 -0.00192122 -0.00142783 -0.00198055 -0.000747689 -0.00159481 -0.00176475 -0.00202021 -0.00146038 -0.0019121 -0.0010729 -0.00138422 -0.00113298 -0.00135363 
0.00289061 0.00238881 0.00144587 0.00304989 0.00234134 0.130874 0.0021461 0.00132148 0.00221379 0.00203827 0.00138368 -0.00105743 -0.00213095 -0.00254358 -0.00103121 -0.000819159 -0.00135613 -0.00121765 -0.00154737 -0.00163756 -0.00217664 -0.00322381 -0.0024288 -0.00292947 -0.00254722 -0.00246037 -0.00193667 -0.00280003 -0.00168281 -0.00166235 -0.00205509 -0.00162634 -0.00164603 -0.00245371 -0.00149075 -0.00132216 -0.00283398 -0.00128976 -0.00263092 -0.00222714 -0.00163899 -0.00176655 -0.00144383 -0.00143136 -0.0017811 -0.00247659 -0.00175165 -0.00173754 -0.00117825 -0.00207855 -0.00158601 -0.00131786 -0.00240899 -0.00173147 -0.00228403 -0.00121044 -0.00126872 -0.00241473 -0.00163993 -0.00135331 -0.00110058 -0.00155478 -0.0017259 -0.00146245 -0.00152894 -0.00199961 -0.00184635 -0.00212751 -0.00085801 -0.00136277 -0.00193183 -0.00161023 -0.00163535 -0.00106597 -0.00148319 -0.0020035 -0.00171743 -0.00179786 -0.0020844 -0.00160738 -0.000922191 -0.0013288 -0.00197342 -0.00158788 -0.00157401 -0.00170276 -0.00143384 -0.00164316 -0.00110896 -0.00152975 -0.00140078 -0.00149423 -0.00122127 -0.00150232 -0.00198733 -0.00109749 -0.00138968 -0.00126271 -0.00117914 -0.000985365 
-0.0016253 0.00228489 0.00177957 0.00238065 0.0029187 0.0021461 0.131692 0.00308963 0.0027461 0.00250604 0.00307934 0.00327246 -0.00136133 -0.00100768 -0.00126075 -0.00119072 -0.00154962 -0.00153588 -0.0012528 -0.00297341 -0.00311287 -0.00324823 -0.00279372 -0.00316131 -0.0032214 -0.00214014 -0.00199796 -0.0019142 -0.00179726 -0.00238049 -0.00192721 -0.00109298 -0.00245212 -0.00146971 -0.00222044 -0.00155038 -0.00242957 -0.00111505 -0.0022083 -0.00181597 -0.00189943 -0.00204231 -0.00182334 -0.00155362 -0.00176003 -0.00161472 -0.000999414 -0.00245256 -0.00226016 -0.00182602 -0.00207691 -0.00201406 -0.00225215 -0.0021085 -0.00167689 -0.00224495 -0.00127816 -0.00158683 -0.000955723 -0.00115928 -0.00116458 -0.00171649 -0.00185758 -0.00115376 -0.00162086 -0.00160461 -0.00146996 -0.00201153 -0.00209488 -0.00158275 -0.00154748 -0.000759342 -0.00139143 -0.00230424 -0.00233973 -0.00121082 -0.00154659 -0.00173646 -0.00203347 -0.00198378 -0.00113081 -0.00144341 -0.00188499 -0.00180877 -0.00132935 -0.00138263 -0.00111156 -0.00165755 -0.00114843 -0.0011083 -0.00181467 -0.00204258 -0.0013162 -0.00187517 -0.00150292 -0.00241268 -0.0018401 -0.00207121 -0.00153017 -0.000961842 
-0.00128059 -0.000552552 0.00120401 0.00272714 0.00261488 0.00132148 0.00308963 0.139581 0.00168827 0.00257502 0.00303246 0.00360818 0.00268605 -0.00130996 -0.000851083 -0.00104301 -0.0016362 -0.00215047 -0.0035757 -0.00219398 -0.00177801 -0.0016643 -0.00240783 -0.00325134 -0.0023206 -0.00145373 -0.00279842 -0.00234477 -0.000690384 -0.00118186 -0.002449 -0.00193417 -0.00220687 -0.00162444 -0.0020809 -0.00190008 -0.00208244 -0.00205591 -0.00165922 -0.00244425 -0.00158154 -0.00137336 -0.000690611 -0.00189431 -0.00232817 -0.00197591 -0.00253842 -0.00137672 -0.00178687 -0.00146657 -0.00241136 -0.00208833 -0.00173984 -0.00174872 -0.00203712 -0.00266166 -0.00128199 -0.00222715 -0.0012066 -0.00232807 -0.00201154 -0.00178577 -0.000694299 -0.00171437 -0.00246302 -0.00126157 -0.00198548 -0.000937648 -0.0015194 -0.00171751 -0.00194871 -0.00125241 -0.0015287 -0.0022493 -0.00154509 -0.00197165 -0.00130483 -0.00200597 -0.00183938 -0.00174451 -0.00195226 -0.00224619 -0.00191302 -0.00154658 -0.00220883 -0.00124394 -0.0020002 -0.00109551 -0.00157854 -0.00218823 -0.00269889 -0.00163444 -0.00177129 -0.00235222 -0.00237139 -0.00287786 -0.00217404 -0.00169123 -0.00170647 -0.00173073 
-0.000941805 -0.001541 -0.00183438 0.00295788 0.00240784 0.00221379 0.0027461 0.00168827 0.135724 0.00225516 0.00283011 0.0028171 0.00252359 0.0019641 -0.00211385 -0.00161633 -0.000860693 -0.00149587 -0.00164066 -0.00246635 -0.0019598 -0.00223805 -0.00212312 -0.00291431 -0.00174157 -0.00223616 -0.00210186 -0.000944997 -0.00176605 -0.00237825 -0.00280887 -0.00104472 -0.00179513 -0.00224555 -0.00108466 -0.00233194 -0.00122932 -0.00152054 -0.00144114 -0.00168783 -0.00215663 -0.00164048 -0.0031307 -0.00253493 -0.00157335 -0.00269206 -0.00250878 -0.00222741 -0.00212111 -0.0024531 -0.00236562 -0.00130224 -0.00247602 -0.00173929 -0.00178803 -0.0017414 -0.00203642 -0.00155021 -0.00129442 -0.00136958 -0.00150193 -0.00063399 -0.00135507 -0.00142584 -0.00182588 -0.00175865 -0.00178795 -0.00136744 -0.00170615 -0.0014598 -0.00202345 -0.0015876 -0.00159633 -0.00180522 -0.00143914 -0.00202329 -0.00206724 -0.00216156 -0.00188935 -0.00262429 -0.00123243 -0.00226708 -0.00166832 -0.00263092 -0.00234974 -0.00168411 -0.00198257 -0.0011447 -0.00182385 -0.00124462 -0.00183148 -0.00109194 -0.00080151 -0.00154046 -0.00240805 -0.00231986 -0.000757996 -0.00221081 -0.00124017 -0.00105055 
-0.00126305 -0.00078228 -0.000868318 -0.000663525 0.00147595 0.00203827 0.00250604 0.00257502 0.00225516 0.126555 0.00157792 0.00290411 0.00279424 0.00235362 -0.00102149 -0.00145133 -0.00161049 -0.0010202 -0.00208522 -0.00282878 -0.00233649 -0.0018666 -0.00232466 -0.002605 -0.00218826 -0.00139029 -0.00233405 -0.00215706 -0.00169459 -0.00293254 -0.00244477 -0.00140362 -0.00129705 -0.00183156 -0.00186512 -0.0017644 -0.00114104 -0.00199302 -0.00166313 -0.00215352 -0.00185573 -0.00185529 -0.00222354 -0.00234331 -0.0023906 -0.00236303 -0.00174423 -0.00157857 -0.00243392 -0.00043177 -0.00192337 -0.00162814 -0.00147888 -0.00131457 -0.00174045 -0.00240444 -0.00145514 -0.0016585 -0.00200745 -0.000861758 -0.00114621 -0.00180688 -0.000838713 -0.00097155 -0.0017008 -0.00177826 -0.00149805 -0.00139754 -0.0020961 -0.00176428 -0.00187257 -0.00162205 -0.0013082 -0.00188485 -0.00167062 -0.00162073 -0.00167157 -0.00115891 -0.0011374 -0.00123445 -0.00101592 -0.000555806 -0.0014366 -0.00120783 -0.00150732 -0.00180604 -0.00175848 -0.00129426 -0.0019027 -0.00241361 -0.000581845 -0.0014371 -0.00149215 -0.000603152 -0.0018772 -0.000864116 -0.00227842 -0.00128685 -0.00190866 -0.000953489 
-0.00119767 -0.00110756 -0.00144459 -0.000368637 -0.000877575 0.00138368 0.00307934 0.00303246 0.00283011 0.00157792 0.131214 0.00327211 0.00260052 0.00161419 0.00278827 0.00190841 -0.000922672 -0.00108274 -0.000963376 -0.00211211 -0.00197023 -0.00208894 -0.0022202 -0.00223298 -0.00217806 -0.00263162 -0.00206192 -0.00166299 -0.00225555 -0.00273295 -0.00205745 -0.0022267 -0.00162071 -0.00191961 -0.00153311 -0.00190147 -0.0015206 -0.00208376 -0.00134883 -0.00223127 -0.00194198 -0.00269879 -0.00226566 -0.00231762 -0.00222599 -0.00183118 -0.00179909 -0.00139607 -0.00185391 -0.00139002 -0.00151861 -0.0012498 -0.000907927 -0.00106348 -0.00180519 -0.00192842 -0.00153614 -0.00195104 -0.00178069 -0.0021888 -0.00146945 -0.000762702 -0.0014099 -0.00142657 -0.00227442 -0.00158354 -0.00241562 -0.00191804 -0.00243246 -0.00196467 -0.00189133 -0.00167741 -0.00222195 -0.00222218 -0.00236009 -0.00194078 -0.00129205 -0.00189791 -0.00158487 -0.00151831 -0.00119884 -0.00100211 -0.00170819 -0.00129782 -0.00177058 -0.00086007 -0.00231778 -0.00177908 -0.0021851 -0.00249037 -0.00203544 -0.00203746 -0.00165679 -0.00155455 -0.0015507 -0.00119851 -0.00116582 -0.00154928 -0.00189941 -0.0015724 
-0.00177527 -0.00183678 -0.00168876 -0.000808199 -0.00193948 -0.00105743 0.00327246 0.00360818 0.0028171 0.00290411 0.00327211 0.131566 0.00357501 0.00271166 0.00153105 0.0018578 0.00212273 -0.00234981 -0.00218859 -0.00222379 -0.00284923 -0.00334906 -0.00223643 -0.00166785 -0.00243281 -0.0023143 -0.00146354 -0.00146415 -0.0021405 -0.00189238 -0.00258731 -0.000996495 -0.00200452 -0.00102821 -0.00218745 -0.00248415 -0.00149386 -0.00199653 -0.002926 -0.00213231 -0.00154956 -0.00211368 -0.00266438 -0.00183026 -0.00169595 -0.00235066 -0.00213905 -0.00251024 -0.00185919 -0.00222175 -0.002775 -0.00242962 -0.00196475 -0.00203872 -0.00179321 -0.00257246 -0.00122089 -0.00173503 -0.00108846 -0.00188978 -0.00116386 -0.00182517 -0.00153679 -0.00190744 -0.00136319 -0.00131521 -0.00165626 -0.00177744 -0.00104199 -0.00137111 -0.00159649 -0.000865497 -0.00107167 -0.00146568 -0.0016714 -0.00207562 -0.00126213 -0.00219587 -0.00138883 -0.00176281 -0.00169997 -0.00163502 -0.00132502 -0.00150996 -0.000418115 -0.00147308 -0.000542033 -0.00154085 -0.00168079 -0.00150279 -0.00235505 -0.00186886 -0.00157846 -0.00196955 -0.00139849 -0.00237101 -0.00111939 -0.00149202 -0.00153998 -0.00194518 
-0.00200088 -0.00171052 -0.00189599 -0.00241281 -0.00198853 -0.00213095 -0.00136133 0.00268605 0.00252359 0.00279424 0.00260052 0.00357501 0.136623 0.00431981 0.0031958 0.00190033 0.00197449 -0.00179475 -0.00127087 -0.00212215 -0.00166228 -0.0026872 -0.00327198 -0.00214393 -0.00280932 -0.00249894 -0.00202869 -0.00242178 -0.00165286 -0.00206643 -0.00206432 -0.00178358 -0.00145486 -0.00150907 -0.00227288 -0.00259674 -0.00208715 -0.00211562 -0.00210611 -0.000823942 -0.00176135 -0.00266127 -0.00293966 -0.00125505 -0.00189333 -0.00219155 -0.00262594 -0.00160107 -0.00187116 -0.0014927 -0.00240827 -0.00157544 -0.00136246 -0.00217888 -0.00176856 -0.00111681 -0.00206575 -0.00137736 -0.00102765 -0.00208326 -0.00218526 -0.00182059 -0.00141773 -0.00189348 -0.00170761 -0.00123573 -0.00112216 -0.0012527 -0.00150181 -0.0019213 -0.00159581 -0.00118655 -0.000676668 -0.0022037 -0.00159747 -0.0022042 -0.00239169 -0.0012651 -0.00152845 -0.00131813 -0.00087141 -0.00134996 -0.00153754 -0.00078051 -0.00139273 -0.00167188 -0.00168259 -0.000798926 -0.00141637 -0.00189558 -0.00145238 -0.00196137 -0.00187891 -0.00167239 -0.00159868 -0.0022494 -0.0013202 -0.00249282 -0.00148353 -0.00265595 
-0.00238337 -0.00266128 -0.00148765 -0.00274321 -0.0026584 -0.00254358 -0.00100768 -0.00130996 0.0019641 0.00235362 0.00161419 0.00271166 0.00431981 0.138751 0.00213387 0.00329451 0.00262367 0.00188204 0.00153965 -0.00224909 -0.00221448 -0.00212483 -0.00265159 -0.00237046 -0.00216607 -0.0019304 -0.00232497 -0.00251242 -0.0023195 -0.00219343 -0.00158393 -0.00186514 -0.00268589 -0.00226878 -0.00220176 -0.00221928 -0.00198802 -0.00266572 -0.00151448 -0.00146994 -0.00250161 -0.00210052 -0.00188498 -0.00142045 -0.00177312 -0.00215191 -0.00176204 -0.0019459 -0.00110636 -0.00259691 -0.00145828 -0.00257207 -0.00184956 -0.00171534 -0.00181748 -0.00284523 -0.00221855 -0.00186972 -0.00238061 -0.00247248 -0.0024384 -0.00134118 -0.00119975 -0.00183794 -0.00128369 -0.00157549 -0.00189809 -0.00133903 -0.000723875 -0.00225511 -0.00184151 -0.00203336 -0.0017113 -0.00112312 -0.00127046 -0.00131037 -0.00186831 -0.00225102 -0.000864474 -0.00186705 -0.00219482 -0.00124803 -0.000815515 -0.00180594 -0.00103464 -0.000797718 -0.000606753 -0.00131135 -0.00138778 -0.000747421 -0.0015037 -0.00223134 -0.0012036 -0.00182962 -0.00134521 -0.00130368 -0.00151739 -0.00152423 -0.00167153 -0.00231632 
-0.00192639 -0.0015714 -0.00157843 -0.00154981 -0.00208109 -0.00103121 -0.00126075 -0.000851083 -0.00211385 -0.00102149 0.00278827 0.00153105 0.0031958 0.00213387 0.134209 0.00132916 0.00167141 0.00336745 0.00201207 0.00230972 -0.00141531 -0.00129109 -0.000738801 -0.00176962 -0.00249158 -0.00273673 -0.00169381 -0.00223212 -0.00205745 -0.00263273 -0.00205547 -0.00188863 -0.00170676 -0.00190772 -0.00187344 -0.00163039 -0.00239029 -0.00197766 -0.00257297 -0.00193606 -0.00172409 -0.00202785 -0.00224883 -0.00133381 -0.00173435 -0.00173292 -0.00139404 -0.00205742 -0.00151522 -0.00239681 -0.00189189 -0.00172091 -0.00161444 -0.0024179 -0.00102627 -0.00147318 -0.00123529 -0.00209155 -0.00176806 -0.0012826 -0.00167313 -0.00170329 -0.00093698 -0.00112406 -0.00193862 -0.00179176 -0.000700437 -0.00160787 -0.00139091 -0.0024888 -0.00216839 -0.00137367 -0.00149928 -0.00186992 -0.00211812 -0.00116628 -0.00141348 -0.00164461 -0.00152039 -0.00158537 -0.00169758 -0.00145446 -0.00168319 -0.00100659 -0.00136263 -0.0012935 -0.00181799 -0.00118903 -0.00120611 -0.00147411 -0.00155531 -0.0014502 -0.00225235 -0.00254356 -0.00207837 -0.00245569 -0.00170989 -0.00189366 -0.00196481 -0.00207229 
-0.00192852 -0.00119857 -0.00194164 -0.00233916 -0.00176055 -0.000819159 -0.00119072 -0.00104301 -0.00161633 -0.00145133 0.00190841 0.0018578 0.00190033 0.00329451 0.00132916 0.137231 0.00256056 0.00274886 0.00232887 0.00279672 -0.00240839 -0.00113792 -0.00151494 -0.00173481 -0.00169101 -0.0022242 -0.00175418 -0.00190105 -0.0012511 -0.00260565 -0.00202642 -0.00181978 -0.00155512 -0.00190118 -0.00245732 -0.00165948 -0.00247105 -0.00219583 -0.00236993 -0.00121922 -0.00164422 -0.0024509 -0.00172523 -0.00184739 -0.00204449 -0.000881892 -0.00191856 -0.00165167 -0.00153604 -0.00263598 -0.00215845 -0.00162329 -0.00181918 -0.00157311 -0.00146524 -0.00220863 -0.00201739 -0.00158969 -0.00156305 -0.00133154 -0.0018373 -0.0012076 -0.00177819 -0.0023519 -0.00207628 -0.00163723 -0.00119078 -0.00106019 -0.00131396 -0.00246985 -0.00132684 -0.00161635 -0.00160376 -0.0018044 -0.00182337 -0.00141842 -0.00142034 -0.001932 -0.00106166 -0.00213696 -0.00155988 -0.00274592 -0.0011958 -0.00107487 -0.00194716 -0.00193271 -0.00105937 -0.00204767 -0.00160475 -0.00276862 -0.00201891 -0.00133746 -0.00239745 -0.00164148 -0.00240239 -0.00170784 -0.0013802 -0.00174932 -0.00175718 -0.00168616 
-0.00176031 -0.00239433 -0.0017726 -0.00269475 -0.00169246 -0.00135613 -0.00154962 -0.0016362 -0.000860693 -0.00161049 -0.000922672 0.00212273 0.00197449 0.00262367 0.00167141 0.00256056 0.139006 0.00322754 0.00212784 0.00313413 0.00232663 0.00137701 -0.00173698 -0.00178417 -0.00125497 -0.00173812 -0.00231713 -0.00248757 -0.00214813 -0.00221534 -0.0017692 -0.00218313 -0.00149566 -0.00165274 -0.00236193 -0.00203798 -0.002366 -0.00170753 -0.00249075 -0.00206488 -0.00206279 -0.00160571 -0.00150595 -0.0022466 -0.00250492 -0.00263945 -0.00227664 -0.00216898 -0.00251006 -0.00211594 -0.00166798 -0.00143928 -0.00166269 -0.0024781 -0.00113519 -0.00229768 -0.00164925 -0.00202949 -0.00206775 -0.00153718 -0.00256747 -0.00206412 -0.00114071 -0.00196069 -0.00165523 -0.00176096 -0.00143302 -0.00284309 -0.000201504 -0.00167834 -0.00173862 -0.00153806 -0.00189843 -0.000991016 -0.00123444 -0.0025684 -0.00139123 -0.00217462 -0.00132074 -0.00240484 -0.00203008 -0.00160352 -0.00123287 -0.000835232 -0.00188819 -0.00188015 -0.00100657 -0.00132243 -0.00138532 -0.00124192 -0.000992609 -0.00264167 -0.00234802 -0.00221971 -0.00185653 -0.0016027 -0.00260144 -0.0010144 -0.00218418 -0.00203495 
-0.00189698 -0.00163969 -0.000918163 -0.00150549 -0.00164062 -0.00121765 -0.00153588 -0.00215047 -0.00149587 -0.0010202 -0.00108274 -0.00234981 -0.00179475 0.00188204 0.00336745 0.00274886 0.00322754 0.145566 0.00423534 0.00273622 0.00222568 0.00314835 0.00261846 -0.00100712 -0.00130071 -0.00165344 -0.00128041 -0.0018237 -0.00241594 -0.00296893 -0.0025216 -0.00251003 -0.00264046 -0.00223665 -0.000818107 -0.00201349 -0.00126281 -0.00130829 -0.0022432 -0.00239821 -0.00131613 -0.00185183 -0.00233823 -0.00224904 -0.00233472 -0.00252349 -0.00223433 -0.00123649 -0.0024605 -0.00131692 -0.00204267 -0.00174997 -0.00171446 -0.00259902 -0.00147316 -0.00235476 -0.00224124 -0.00214361 -0.00259377 -0.00237778 -0.00203008 -0.00214957 -0.00290129 -0.00195771 -0.00206586 -0.00197797 -0.00297206 -0.00248582 -0.00186595 -0.00160684 -0.002558 -0.00218612 -0.00208048 -0.00148949 -0.00160045 -0.00110055 -0.00253415 -0.00130258 -0.00118222 -0.00178146 -0.00165368 -0.0027465 -0.00281684 -0.00175785 -0.00184831 -0.0016676 -0.00136382 -0.00145991 -0.0020625 -0.00183244 -0.00111272 -0.00172287 -0.00265292 -0.00194626 -0.00232543 -0.00243035 -0.00200024 -0.00151902 -0.00172255 -0.00148227 
-0.00222264 -0.00146739 -0.00145907 -0.00189842 -0.00208558 -0.00154737 -0.0012528 -0.0035757 -0.00164066 -0.00208522 -0.000963376 -0.00218859 -0.00127087 0.00153965 0.00201207 0.00232887 0.00212784 0.00423534 0.144195 0.0034155 0.00178213 0.0031856 0.00166352 -0.00141918 -0.00217748 -0.00232955 -0.00119036 -0.00325894 -0.00201895 -0.00243263 -0.00116841 -0.00210057 -0.00158626 -0.00218448 -0.00219048 -0.00146581 -0.0026352 -0.00159056 -0.00161011 -0.00163624 -0.00239415 -0.00194146 -0.00198419 -0.00297813 -0.00297434 -0.00304157 -0.00184703 -0.00132399 -0.00248767 -0.00194348 -0.00152418 -0.00218755 -0.00163796 -0.00182413 -0.00165744 -0.00169368 -0.00265558 -0.00227137 -0.00220169 -0.00264156 -0.00175517 -0.00104031 -0.00231686 -0.0013793 -0.00165748 -0.00163661 -0.00169454 -0.00132019 -0.00189967 -0.00196978 -0.00197938 -0.0012476 -0.00142686 -0.00248878 -0.00164116 -0.00200531 -0.00274689 -0.001377 -0.00123122 -0.00166693 -0.00168388 -0.00228586 -0.00184353 -0.00231496 -0.00128708 -0.00130665 -0.0003598 -0.000772545 -0.00122205 -0.00120627 -0.00149219 -0.00165797 -0.00170165 -0.00254652 -0.00182714 -0.0019452 -0.00169807 -0.000965916 -0.00141239 -0.00261105 
-0.00229073 -0.0018298 -0.00205098 -0.00238182 -0.00231832 -0.00163756 -0.00297341 -0.00219398 -0.00246635 -0.00282878 -0.00211211 -0.00222379 -0.00212215 -0.00224909 0.00230972 0.00279672 0.00313413 0.00273622 0.0034155 0.14827 0.00223266 0.002439 0.00336024 0.00293673 0.00305289 -0.00098939 -0.0011741 -0.00318998 -0.00237875 -0.00253332 -0.0017967 -0.00180298 -0.00267615 -0.00223284 -0.00135988 -0.00285952 -0.00242086 -0.00180681 -0.00204887 -0.00176446 -0.00186565 -0.00222341 -0.000890232 -0.00199251 -0.00265401 -0.0017766 -0.00148582 -0.0022113 -0.00135126 -0.00129376 -0.00131097 -0.00065157 -0.00102451 -0.00231677 -0.00218233 -0.00195882 -0.001727 -0.00187125 -0.00208209 -0.0031151 -0.00257464 -0.00203825 -0.00199393 -0.00153165 -0.00254856 -0.00224092 -0.00102425 -0.00183393 -0.00180337 -0.00202119 -0.00171194 -0.00265016 -0.00210744 -0.00293336 -0.000821186 -0.00123325 -0.00215101 -0.00158262 -0.0023431 -0.00179118 -0.00192771 -0.00247594 -0.00164383 -0.00333652 -0.00228541 -0.00256805 -0.00144847 -0.00169283 -0.00177707 -0.00243809 -0.00178892 -0.001135 -0.00119044 -0.00178992 -0.00143653 -0.0027376 -0.00276951 -0.00111812 -0.00177358 -0.00171597 
-0.00250147 -0.00258894 -0.0019416 -0.00261528 -0.00189617 -0.00217664 -0.00311287 -0.00177801 -0.0019598 -0.00233649 -0.00197023 -0.00284923 -0.00166228 -0.00221448 -0.00141531 -0.00240839 0.00232663 0.00222568 0.00178213 0.00223266 0.151122 0.00349537 0.00385425 0.0029577 0.00309769 0.00357874 -0.0017856 -0.00196195 -0.00111764 -0.00136951 -0.000885622 -0.00187932 4.18423e-05 -0.00165485 -0.0013999 -0.00243746 -0.00114892 -0.00208039 -0.0012889 -0.00211784 -0.00154583 -0.00104565 -0.00142061 -0.0018381 -0.00174807 -0.00247797 -0.00202765 -0.0016125 -0.00224629 -0.00222334 -0.00136733 -0.00191768 -0.00176645 -0.00137537 -0.00154087 -0.00168054 -0.00295942 -0.00164374 -0.00119036 -0.00243942 -0.00118913 -0.0013398 -0.0022645 -0.00212586 -0.00217107 -0.0023116 -0.00189807 -0.00294336 -0.00148248 -0.0022382 -0.00336941 -0.000994253 -0.00264705 -0.00162816 -0.00148055 -0.00141663 -0.00162815 -0.00153795 -0.00129794 -0.00200586 -0.00142439 -0.00247883 -0.00201187 -0.0022383 -0.00254443 -0.00121096 -0.00228006 -0.00303541 -0.0025789 -0.00207603 -0.00328163 -0.00192597 -0.0022651 -0.00337783 -0.00207104 -0.00295021 -0.00242535 -0.00190953 -0.00200224 -0.00203443 
-0.00277038 -0.00191265 -0.00123046 -0.00206397 -0.00203311 -0.00322381 -0.00324823 -0.0016643 -0.00223805 -0.0018666 -0.00208894 -0.00334906 -0.0026872 -0.00212483 -0.00129109 -0.00113792 0.00137701 0.00314835 0.0031856 0.002439 0.00349537 0.152886 0.00265162 0.00319274 0.00335509 0.00214854 -0.00178842 -0.00170067 -0.001683 -0.0028059 -0.00229057 -0.00325289 -0.00286952 -0.00219888 -0.00187379 -0.00196618 -0.00182504 -0.00152551 -0.00201007 -0.0012464 -0.000821927 -0.00235873 -0.00123851 -0.00226801 -0.0012587 -0.00220971 -0.00215494 -0.00203463 -0.00111939 -0.00152005 -0.00220591 -0.001236 -0.00150418 -0.00135207 -0.00190311 -0.00123848 -0.00174397 -0.0025709 -0.00177513 -0.00215811 -0.00253018 -0.00128914 -0.00315518 -0.00176637 -0.00255398 -0.0022817 -0.00160366 -0.00159006 -0.0019337 -0.00157854 -0.00134863 -0.00139872 -0.00160851 -0.00177339 -0.00190456 -0.000566735 -0.00178699 -0.00252098 -0.00245972 -0.0011013 -0.00246717 -0.00237319 -0.00339061 -0.00267669 -0.00163414 -0.000963361 -0.00228059 -0.00171304 -0.0010034 -0.00266559 -0.00151932 -0.0023176 -0.00211333 -0.00251479 -0.00274591 -0.00218691 -0.00266542 -0.0014813 -0.00173393 -0.00204112 
-0.00190406 -0.00231173 -0.00175557 -0.000779545 -0.00227872 -0.0024288 -0.00279372 -0.00240783 -0.00212312 -0.00232466 -0.0022202 -0.00223643 -0.00327198 -0.00265159 -0.000738801 -0.00151494 -0.00173698 0.00261846 0.00166352 0.00336024 0.00385425 0.00265162 0.148452 0.00413675 0.00338905 0.0021008 0.00199499 -0.00258446 -0.00147508 -0.00199456 -0.00112372 -0.0023176 -0.00138711 -0.00138766 -0.00162265 -0.00124035 -0.00167438 -0.00162542 -0.00206669 -0.00246598 -0.00212175 -0.00260038 -0.00166259 -0.00160839 -0.00229868 -0.00305775 -0.00235668 -0.0022827 -0.00278516 -0.00197808 -0.00238182 -0.00159628 -0.00197372 -0.00134885 -0.00148472 -0.00232964 -0.00181357 -0.00100637 -0.00120307 -0.00222302 -0.00112888 -0.0014996 -0.00133711 -0.00175655 -0.00195546 -0.00215215 -0.00135797 -0.00223099 -0.00241214 -0.00187737 -0.0022593 -0.00216528 -0.00204603 -0.00273844 -0.00211843 -0.00144688 -0.00230602 -0.00191899 -0.00144893 -0.00173097 -0.00291951 -0.00180632 -0.00164507 -0.00243366 -0.00173875 -0.00177657 -0.00211725 -0.00119718 -0.00187477 -0.0027769 -0.0014796 -0.00136502 -0.0022699 -0.00211233 -0.0017457 -0.00162242 -0.00140176 -0.00245372 -0.00139278 -0.00164699 
-0.000932801 -0.00208981 -0.00218139 -0.00284635 -0.0021555 -0.00292947 -0.00316131 -0.00325134 -0.00291431 -0.002605 -0.00223298 -0.00166785 -0.00214393 -0.00237046 -0.00176962 -0.00173481 -0.00178417 -0.00100712 -0.00141918 0.00293673 0.0029577 0.00319274 0.00413675 0.138434 0.00278077 0.00327601 0.00294936 0.00206347 -0.00147663 -0.00159366 -0.00115356 -0.0015369 -0.00272567 -0.00290064 -0.00223774 -0.00174523 -0.00172264 -0.00118798 -0.00119576 -0.00173748 -0.00185486 -0.00193285 -0.00152339 -0.00134818 -0.00199056 -0.00255633 -0.0022832 -0.00131609 -0.00171077 -0.000955231 -0.00154335 -0.00163379 -0.00148015 -0.00135704 -0.00134982 -0.00109662 -0.00164857 -0.00157577 -0.00177953 -0.00177123 -0.000716787 -0.00185637 -0.00197806 -0.00214675 -0.0015912 -0.00208215 -0.0018312 -0.00127181 -0.00104428 -0.00192059 -0.00148132 -0.0021711 -0.00191378 -0.0020685 -0.00205169 -0.00141905 -0.00253743 -0.00108547 -0.00188809 -0.00183577 -0.00192099 -0.00168832 -0.00253496 -0.00212083 -0.00161619 -0.00225024 -0.00114411 -0.00132034 -0.00203394 -0.00155372 -0.00143204 -0.00146532 -0.00151116 -0.00216773 -0.00107583 -0.00131865 -0.00170512 -0.00140163 -0.00117 -0.00128623 
-0.00212634 -0.00267365 -0.0017582 -0.00254978 -0.00186361 -0.00254722 -0.0032214 -0.0023206 -0.00174157 -0.00218826 -0.00217806 -0.00243281 -0.00280932 -0.00216607 -0.00249158 -0.00169101 -0.00125497 -0.00130071 -0.00217748 0.00305289 0.00309769 0.00335509 0.00338905 0.00278077 0.144626 0.00272146 0.00327986 0.003359 0.00371941 0.00278668 -0.000409511 -0.00247269 -0.000945401 -0.00179727 -0.00145141 -0.00163131 -0.00176243 -0.00171126 -0.00199766 -0.00187663 -0.00299722 -0.00215616 -0.00202331 -0.00324268 -0.00138101 -0.00282285 -0.00118583 -0.00212409 -0.00225185 -0.00223717 -0.00150919 -0.00125538 -0.00148893 -0.00198801 -0.001358 -0.00247463 -0.00185764 -0.00172401 -0.00263951 -0.00233145 -0.00227607 -0.00221429 -0.00145045 -0.00209455 -0.00174799 -0.00227895 -0.00170047 -0.00166838 -0.00135385 -0.0011179 -0.00144062 -0.00203719 -0.0018735 -0.00149055 -0.00127775 -0.00174492 -0.00104113 -0.00226941 -0.00161834 -0.00267397 -0.00181969 -0.00230567 -0.00152745 -0.00177206 -0.0020254 -0.00187721 -0.00295615 -0.00244857 -0.00213998 -0.00131214 -0.00268583 -0.00154104 -0.00150584 -0.00178176 -0.00238805 -0.00247982 -0.0026843 -0.00198407 -0.00268675 -0.00227915 
-0.00152765 -0.00160573 -0.00165526 -0.00206624 -0.00199222 -0.00246037 -0.00214014 -0.00145373 -0.00223616 -0.00139029 -0.00263162 -0.0023143 -0.00249894 -0.0019304 -0.00273673 -0.0022242 -0.00173812 -0.00165344 -0.00232955 -0.00098939 0.00357874 0.00214854 0.0021008 0.00327601 0.00272146 0.140343 0.00191539 0.00289306 0.00184139 0.00270641 0.00267711 -0.00131548 -0.00141487 -0.00215885 -0.00212714 -0.00205911 -0.0016847 -0.00151181 -0.00200946 -0.00215234 -0.00177447 -0.00121916 -0.00188495 -0.00235569 -0.00168047 -0.00174611 -0.00132344 -0.00102958 -0.00073967 -0.0012538 -0.00227072 -0.00203312 -0.00206586 -0.00114565 -0.00219983 -0.00153259 -0.00221666 -0.00131346 -0.00174148 -0.00219073 -0.00171155 -0.00151762 -0.00191102 -0.00189551 -0.00199974 -0.00208414 -0.00191222 -0.0018171 -0.00179175 -0.00231691 -0.00285075 -0.00248396 -0.00285184 -0.00165237 -0.00118703 -0.000841967 -0.00184902 -0.00131242 -0.0014464 -0.00208268 -0.00198562 -0.0025108 -0.00178194 -0.00191251 -0.00164758 -0.00194652 -0.00200482 -0.00194178 -0.00170913 -0.00223243 -0.0024516 -0.00167249 -0.0026761 -0.00203462 -0.00212239 -0.00150356 -0.00230427 -0.00156236 -0.00157761 -0.00138172 
-0.000837934 -0.00204492 -0.00100449 -0.00161273 -0.00212971 -0.00193667 -0.00199796 -0.00279842 -0.00210186 -0.00233405 -0.00206192 -0.00146354 -0.00202869 -0.00232497 -0.00169381 -0.00175418 -0.00231713 -0.00128041 -0.00119036 -0.0011741 -0.0017856 -0.00178842 0.00199499 0.00294936 0.00327986 0.00191539 0.135331 0.00242738 0.00292578 0.00226967 0.0014461 0.000575751 -0.00151816 -0.000694075 -0.00128033 -0.00124971 -0.00104969 -0.00136182 -0.00168092 -0.00213208 -0.00200029 -0.00164612 -0.00277447 -0.0015332 -0.00329468 -0.00116362 -0.0014554 -0.00148809 -0.000762088 -0.00143504 -0.0024166 -0.00183304 -0.000808762 -0.00166092 -0.00154886 -0.0018657 -0.00212795 -0.00133619 -0.0021619 -0.0025851 -0.00155561 -0.00144086 -0.00137441 -0.00175915 -0.00148734 -0.00203518 -0.0014769 -0.00226126 -0.00249353 -0.0014493 -0.00197573 -0.00251619 -0.00142384 -0.00178289 -0.000986507 -0.00125551 -0.000518423 -0.002558 -0.00148116 -0.00175954 -0.0015284 -0.00221298 -0.00158706 -0.0013041 -0.00162304 -0.00170255 -0.0022265 -0.000713565 -0.00179235 -0.00183428 -0.00166326 -0.00258355 -0.0021862 -0.00154579 -0.00146293 -0.00219488 -0.0012334 -0.00228787 -0.0013818 -0.00193281 
-0.00215567 -0.00279058 -0.00185378 -0.00192449 -0.00250718 -0.00280003 -0.0019142 -0.00234477 -0.000944997 -0.00215706 -0.00166299 -0.00146415 -0.00242178 -0.00251242 -0.00223212 -0.00190105 -0.00248757 -0.0018237 -0.00325894 -0.00318998 -0.00196195 -0.00170067 -0.00258446 0.00206347 0.003359 0.00289306 0.00242738 0.141097 0.00207275 0.00236014 0.0037715 0.0024814 0.00237938 -0.00183863 -0.00110597 -0.00206284 -0.00179366 -0.00148307 -0.00181749 -0.00186359 -0.00121085 -0.00182151 -0.00214031 -0.00171371 -0.00203945 -0.00171337 -0.000646678 -0.00171846 -0.00131321 -0.00141332 -0.00217584 -0.00200957 -0.00116947 -0.000753554 -0.00158584 -0.00161124 -0.00195569 -0.0017754 -0.00182363 -0.0010056 -0.00151612 -0.00222022 -0.00167347 -0.00132993 -0.000787702 -0.00171663 -0.0018626 -0.00127324 -0.00188267 -0.00145704 -0.00218228 -0.00198811 -0.00238536 -0.00209915 -0.000487909 -0.00153466 -0.00148428 -0.000976678 -0.00166494 -0.0018774 -0.00154906 -0.00136859 -0.0020852 -0.00122578 -0.00148306 -0.00169578 -0.00225776 -0.0017069 -0.00261412 -0.00221198 -0.0024468 -0.00270745 -0.002006 -0.00205394 -0.00182654 -0.00118254 -0.00183794 -0.00228956 -0.00249479 -0.00130461 
-0.00159619 -0.0022713 -0.00100241 -0.00179126 -0.00186307 -0.00168281 -0.00179726 -0.000690384 -0.00176605 -0.00169459 -0.00225555 -0.0021405 -0.00165286 -0.0023195 -0.00205745 -0.0012511 -0.00214813 -0.00241594 -0.00201895 -0.00237875 -0.00111764 -0.001683 -0.00147508 -0.00147663 0.00371941 0.00184139 0.00292578 0.00207275 0.136539 0.00281404 0.00276098 0.00192396 0.00226554 0.00217923 -0.00217105 -0.00175611 -0.000441739 -0.00032413 -0.00164501 -0.00240015 -0.00155523 -0.00210288 -0.00218055 -0.00114579 -0.00152785 -0.00153865 -0.00173457 -0.00197466 -0.00122663 -0.00153238 -0.00218522 -0.00152824 -0.00100153 -0.0011905 -0.00152559 -0.00150646 -0.00211784 -0.0021828 -0.00195137 -0.00205982 -0.00220082 -0.00228779 -0.00183124 -0.0027151 -0.00105937 -0.00210874 -0.00167708 -0.0019171 -0.00275508 -0.00127048 -0.00213398 -0.00190809 -0.000711095 -0.00105238 -0.00156158 -0.00108915 -0.00204703 -0.00173699 -0.00204687 -0.00151889 -0.00238816 -0.00213638 -0.00191768 -0.00204903 -0.00241917 -0.00238054 -0.00161849 -0.00178057 -0.00219167 -0.00170244 -0.00296381 -0.00117725 -0.00230077 -0.000889326 -0.00170212 -0.00175713 -0.00113658 -0.00215748 -0.00182914 -0.00186242 
-0.00197277 -0.00131115 -0.00116905 -0.00246934 -0.00154634 -0.00166235 -0.00238049 -0.00118186 -0.00237825 -0.00293254 -0.00273295 -0.00189238 -0.00206643 -0.00219343 -0.00263273 -0.00260565 -0.00221534 -0.00296893 -0.00243263 -0.00253332 -0.00136951 -0.0028059 -0.00199456 -0.00159366 0.00278668 0.00270641 0.00226967 0.00236014 0.00281404 0.13138 0.00361039 0.00218382 0.00269241 0.00271058 -0.00126581 -0.00126479 -0.00141466 -0.00118662 -0.00109092 -0.00181619 -0.00216992 -0.00152356 -0.00156308 -0.00140336 -0.00130811 -0.0024978 -0.00138643 -0.00130043 -0.00169102 -0.00175137 -0.0013088 -0.00220222 -0.00103472 -0.0020977 -0.000928076 -0.00187039 -0.00184565 -0.00214526 -0.00210716 -0.00197196 -0.0014413 -0.0013905 -0.000949776 -0.00156511 -0.000885256 -0.00177192 -0.00152882 -0.00180324 -0.00274402 -0.00215277 -0.00187523 -0.000859061 -0.00133519 -0.00103045 -0.00161488 -0.000802709 -0.00153405 -0.00163568 -0.00196459 -0.00171715 -0.00182448 -0.00125762 -0.00130874 -0.00174083 -0.00161994 -0.00219054 -0.0018496 -0.000996909 -0.00141064 -0.000391245 -0.00212227 -0.00154555 -0.00138506 -0.00194522 -0.00160306 -0.00219061 -0.0016492 -0.00192298 -0.0017001 -0.0010703 
-0.00161293 -0.00232754 -0.00116467 -0.00206486 -0.00159118 -0.00205509 -0.00192721 -0.002449 -0.00280887 -0.00244477 -0.00205745 -0.00258731 -0.00206432 -0.00158393 -0.00205547 -0.00202642 -0.0017692 -0.0025216 -0.00116841 -0.0017967 -0.000885622 -0.00229057 -0.00112372 -0.00115356 -0.000409511 0.00267711 0.0014461 0.0037715 0.00276098 0.00361039 0.13733 0.00319567 0.000842043 0.00227608 0.00251953 0.00255651 -0.000708209 -0.00137557 -0.00177476 -0.00217387 -0.00163429 -0.00326222 -0.00233738 -0.00272392 -0.00187203 -0.00192429 -0.00167564 -0.00227079 -0.00196051 -0.00104394 -0.00150343 -0.00193859 -0.00211858 -0.00159133 -0.00135535 -0.00180584 -0.00200328 -0.00208804 -0.00155373 -0.00111723 -0.00167522 -0.00226285 -0.00216278 -0.00232242 -0.00116405 -0.00187194 -0.00153356 -0.0020825 -0.00158413 -0.00222997 -0.00200206 -0.00183083 -0.00170046 -0.00280754 -0.00273322 -0.0010578 -0.00149056 -0.00154694 -0.00140442 -0.00196316 -0.00098025 -0.00218988 -0.00153863 -0.00201087 -0.00191651 -0.00137444 -0.00181612 -0.00191346 -0.00235301 -0.00153481 -0.0016853 -0.00162139 -0.00146175 -0.00246368 -0.00159975 -0.00157138 -0.0014791 -0.00182571 -0.00229526 -0.00217493 
-0.00191185 -0.00178821 -0.00172419 -0.00111009 -0.00203971 -0.00162634 -0.00109298 -0.00193417 -0.00104472 -0.00140362 -0.0022267 -0.000996495 -0.00178358 -0.00186514 -0.00188863 -0.00181978 -0.00218313 -0.00251003 -0.00210057 -0.00180298 -0.00187932 -0.00325289 -0.0023176 -0.0015369 -0.00247269 -0.00131548 0.000575751 0.0024814 0.00192396 0.00218382 0.00319567 0.133018 0.00294861 0.00271314 0.00170495 0.00220774 0.00224502 -0.00157861 -0.00134181 -0.00204511 -0.000551033 -0.00170731 -0.00158429 -0.00232428 -0.00192801 -0.00191306 -0.00162758 -0.0018453 -0.00202084 -0.00206924 -0.001648 -0.00223186 -0.00160768 -0.00100012 -0.00136296 -0.0011255 -0.00140878 -0.00108429 -0.00112109 -0.00153984 -0.000765534 -0.00187811 -0.00190851 -0.00126232 -0.00183274 -0.000951809 -0.00190978 -0.00151077 -0.00262803 -0.00143825 -0.00216419 -0.00177589 -0.00130211 -0.00230498 -0.00196689 -0.00240702 -0.00158568 -0.00140288 -0.00200185 -0.0017463 -0.0018468 -0.00157982 -0.00270679 -0.0021485 -0.00155366 -0.00160347 -0.00162488 -0.00184554 -0.00179529 -0.00245172 -0.00249284 -0.00154053 -0.0016719 -0.00249987 -0.00100425 -0.00200773 -0.000738633 -0.0016292 -0.00182344 -0.00159491 
-0.00139678 -0.00188225 -0.00178193 -0.0014592 -0.000751561 -0.00164603 -0.00245212 -0.00220687 -0.00179513 -0.00129705 -0.00162071 -0.00200452 -0.00145486 -0.00268589 -0.00170676 -0.00155512 -0.00149566 -0.00264046 -0.00158626 -0.00267615 4.18423e-05 -0.00286952 -0.00138711 -0.00272567 -0.000945401 -0.00141487 -0.00151816 0.00237938 0.00226554 0.00269241 0.000842043 0.00294861 0.131461 0.00195241 0.00273376 0.00168571 0.00214847 0.00224133 -0.00109734 -0.00129818 -0.00104461 -0.00161071 -0.00173808 -0.00149909 -0.00126971 -0.00214252 -0.000764522 -0.00194893 -0.00209217 -0.00135582 -0.00205817 -0.00103075 -0.00177218 -0.00158458 -0.00198566 -0.00160217 -0.00185114 -0.00141774 -0.00142008 -0.00201613 -0.00132245 -0.00118963 -0.00140858 -0.0007622 -0.00190517 -0.00192199 -0.00168241 -0.00139376 -0.00159306 -0.00131846 -0.00309347 -0.00160955 -0.00117013 -0.00245294 -0.00136881 -0.00226007 -0.00159202 -0.00122972 -0.00114263 -0.00211633 -0.00219888 -0.00211752 -0.00180475 -0.00153277 -0.00179685 -0.00268101 -0.00201079 -0.00144054 -0.00204047 -0.00258342 -0.00204779 -0.00219015 -0.00244667 -0.00089838 -0.00169679 -0.00205247 -0.00139689 -0.0021723 -0.0024893 -0.00170543 
