0.125605 0.00337859 0.00190226 0.00228067 0.00204009 0.00105728 -0.00193249 -0.00135229 -0.00163306 -0.00145962 -0.00244108 -0.00153782 -0.00225344 -0.00280183 -0.00174202 -0.00145319 -0.00301248 -0.00094434 -0.00153586 -0.0015017 -0.00224896 -0.000994019 -0.00266866 -0.001505 -0.00139021 -0.00166412 -0.0024768 -0.00172168 -0.00238806 -0.00145834 -0.00185269 -0.00154827 -0.00219367 -0.00140959 -0.00228823 -0.00292794 -0.00161727 -0.00150922 -0.0018782 -0.00172328 -0.00193379 -0.00197919 -0.00138619 -0.00207785 -0.00147731 -0.0013744 -0.00150159 -0.001281 -0.00159217 -0.00110932 -0.00170068 -0.0013088 -0.00129984 -0.0020703 -0.00182543 -0.0013458 -0.00137221 -0.00129925 -0.0011846 -0.00139176 -0.00197843 -0.00181099 -0.00166044 -0.00240238 -0.0016139 -0.00148537 -0.00175611 -0.00231676 -0.00198032 -0.00242986 -0.00115086 -0.00179887 -0.00165929 -0.000940304 -0.00138542 -0.00166007 -0.000587447 -0.0016704 -0.00200664 -0.00180642 -0.00137304 -0.00148756 -0.00150013 -0.00115392 -0.000865111 -0.00127404 -0.00114987 -0.000992564 -0.000540369 -0.000713765 -0.000881141 -0.00143476 -0.00101265 -0.00141465 -0.00108605 -0.00121989 0.00212432 0.00266381 0.00243138 0.00229294 
0.00337859 0.126205 0.00288263 0.00196732 0.00194809 0.00223735 0.00153364 -0.00129838 -0.0013006 -0.000609299 -0.00156962 -0.00102809 -0.00231879 -0.00218864 -0.00214711 -0.0010539 -0.00168724 -0.0009545 -0.00197655 -0.000967332 -0.00227806 -0.00155747 -0.00276243 -0.00115536 -0.00221026 -0.00243004 -0.00136009 -0.0031713 -0.00204326 -0.00171941 -0.00165078 -0.000588421 -0.00121082 -0.000988894 -0.00183113 -0.001424 -0.00166586 -0.00262323 -0.0024143 -0.00222919 -0.00206025 -0.00125044 -0.0021625 -0.00249927 -0.00154439 -0.0014393 -0.00136569 -0.0018532 -0.00183596 -0.00108814 -0.00159039 -0.00247898 -0.00143781 -0.0015232 -0.0016328 -0.00203446 -0.00120812 -0.00208409 -0.00255693 -0.00170444 -0.00172572 -0.00140951 -0.00137392 -0.00115545 -0.000903839 -0.00109511 -0.00126893 -0.00170648 -0.0019637 -0.0013947 -0.00203842 -0.00160889 -0.00200467 -0.00181311 -0.00190144 -0.00151658 -0.00148349 -0.00219658 -0.00200374 -0.00144499 -0.00217036 -0.000717942 -0.00166435 -0.00195462 -0.00185447 -0.00122263 -0.00206494 -0.00156947 -0.00122488 -0.00106186 -0.00164786 -0.00135175 -0.00111883 -0.000514576 -0.00106992 -0.00139077 -0.000380897 0.002402 0.00225279 0.00194627 
0.00190226 0.00288263 0.128471 0.00240123 0.00254393 0.00196966 0.00187083 0.00329506 -0.00166456 -0.000733806 -0.000945972 -0.00230545 -0.00184947 -0.00198462 -0.00125108 -0.00220793 -0.0015754 -0.00176601 -0.0031057 -0.00228775 -0.00218208 -0.0015862 -0.00154915 -0.00100609 -0.00163109 -0.00197358 -0.00235423 -0.00200096 -0.00180943 -0.00139572 -0.00212587 -0.00228959 -0.00133767 -0.00150246 -0.00168293 -0.0014282 -0.00175073 -0.00189459 -0.00208028 -0.00280038 -0.00228828 -0.00115061 -0.00259837 -0.00231506 -0.00156839 -0.00128088 -0.00150539 -0.00191057 -0.00179623 -0.00240341 -0.00217807 -0.00135956 -0.0017923 -0.00138922 -0.00153536 -0.00179765 -0.00165557 -0.00132771 -0.00187262 -0.00109465 -0.00151109 -0.00104981 -0.00156891 -0.00124076 -0.00143864 -0.00151103 -0.00155748 -0.00157204 -0.00151626 -0.00206232 -0.00217364 -0.00178117 -0.00157109 -0.00105505 -0.000919421 -0.00180411 -0.000746064 -0.0012281 -0.002226 -0.00125214 -0.00128023 -0.00160559 -0.00190507 -0.00130866 -0.000753582 -0.00204039 -0.00148953 -0.00179044 -0.00104718 -0.00210213 -0.00156588 -0.00154867 -0.0015956 -0.0013985 -0.00217751 -0.00105286 -0.000728669 -0.0013506 0.00169818 0.00237075 
0.00228067 0.00196732 0.00240123 0.121046 0.00208583 0.00222183 0.00273561 0.00235635 0.00169242 -0.00137408 -0.00120924 -0.00121417 -0.00192141 -0.00152636 -0.00226377 -0.00247234 -0.00191583 -0.00225778 -0.00210511 -0.00253677 -0.00202543 -0.00296081 -0.00210729 -0.000874075 -0.00186721 -0.00198466 -0.00217331 -0.00139223 -0.00186598 -0.00156731 -0.00232329 -0.00210751 -0.00175433 -0.00209113 -0.00160233 -0.00165339 -0.00198647 -0.00114927 -0.0017822 -0.00137863 -0.00149066 -0.0021842 -0.00134114 -0.00131205 -0.0012536 -0.00194023 -0.00146911 -0.00148487 -0.00173538 -0.00219735 -0.00146258 -0.00211432 -0.00240994 -0.000971045 -0.00166869 -0.00130091 -0.00141685 -0.00194017 -0.00168671 -0.00176145 -0.00125013 -0.00177788 -0.00127718 -0.000755335 -0.00189433 -0.00134865 -0.00174686 -0.00121952 -0.00098453 -0.00143249 -0.00169977 -0.000895872 -0.00194515 -0.00178545 -0.00122483 -0.00156417 -0.000950995 -0.00179535 -0.00143319 -0.00129039 -0.00142701 -0.00081968 -0.00135762 -0.00174726 -0.000665172 -0.00190635 -0.00135017 -0.00123656 -0.00142644 -0.00109071 -0.000359365 -0.00094131 -0.00149689 -0.00147381 -0.00128045 -0.000852403 -0.00127576 -0.00121311 -0.000320407 0.00231057 
0.00204009 0.00194809 0.00254393 0.00208583 0.120025 0.00195432 0.00218944 0.00222577 0.00281798 0.00206015 -0.00113114 -0.00101932 -0.00148799 -0.00157187 -0.00137105 -0.00193065 -0.00193751 -0.00157895 -0.00154358 -0.00119002 -0.00200664 -0.00187797 -0.00227095 -0.000705602 -0.00111292 -0.00166065 -0.00171446 -0.00173244 -0.000769975 -0.000958609 -0.0012929 -0.00167546 -0.0019952 -0.00240288 -0.00184559 -0.00141551 -0.0017184 -0.00148519 -0.00147047 -0.00179525 -0.00171382 -0.00123778 -0.00156413 -0.00183938 -0.00164062 -0.00106787 -0.00175119 -0.00114492 -0.00174701 -0.00172015 -0.00177136 -0.00191004 -0.00170305 -0.0016647 -0.00112157 -0.00176142 -0.00140602 -0.00159976 -0.000827498 -0.00292851 -0.0016239 -0.00108596 -0.00181112 -0.00134683 -0.00166089 -0.00178409 -0.00158436 -0.00158339 -0.0016263 -0.00113905 -0.00194418 -0.000935217 -0.00101862 -0.00107972 -0.00113724 -0.000525804 -0.00160636 -0.00169737 -0.00154997 -0.00173849 -0.00228952 -0.00170421 -0.000905921 -0.00233353 -0.00202352 -0.00197068 -0.0015514 -0.00100902 -0.0012682 -0.00189217 -0.00191564 -0.00208275 -0.00205596 -0.00223979 -0.00172918 -0.00122256 -0.00133655 -0.000547342 -0.00146852 -0.00107507 
0.00105728 0.00223735 0.00196966 0.00222183 0.00195432 0.130323 0.00248349 0.00286099 0.00289487 0.00206815 0.00189832 -0.00146415 -0.00155576 -0.000947372 -0.00222962 -0.00172541 -0.000578082 -0.00183041 -0.00130641 -0.0024729 -0.00166284 -0.00243391 -0.00133871 -0.00173635 -0.00176214 -0.00222169 -0.00218268 -0.00216736 -0.00250112 -0.00240949 -0.00215219 -0.00199707 -0.00250264 -0.00170099 -0.00218933 -0.001795 -0.00184803 -0.00160373 -0.00138613 -0.00220094 -0.00232457 -0.00119153 -0.00168354 -0.00232193 -0.00131547 -0.00132977 -0.00202248 -0.00137703 -0.00205523 -0.00234834 -0.00229167 -0.0014065 -0.00284231 -0.00149061 -0.0014933 -0.00116024 -0.00129595 -0.00125117 -0.00125669 -0.0015887 -0.00133638 -0.00119771 -0.00161533 -0.00178985 -0.00129081 -0.00128965 -0.0014686 -0.00116494 -0.00118964 -0.00185007 -0.00198739 -0.00173895 -0.00153357 -0.000897186 -0.00169186 -0.00146128 -0.00198053 -0.0014531 -0.00142795 -0.00168514 -0.00225275 -0.0017533 -0.0019609 -0.00114981 -0.00178841 -0.00182089 -0.00263155 -0.00136041 -0.00242549 -0.00208823 -0.00222522 -0.00174886 -0.00116319 -0.00101027 -0.000627743 -0.00224795 -0.000978631 -0.00193041 -0.00128353 -0.0015226 
-0.00193249 0.00153364 0.00187083 0.00273561 0.00218944 0.00248349 0.130531 0.00314421 0.00238845 0.00214145 0.00314243 0.00247984 -0.00122908 -0.0022019 -0.00154788 -0.0016665 -0.00216157 -0.00211134 -0.00195004 -0.00193541 -0.00191194 -0.0027796 -0.00242437 -0.00194055 -0.00138696 -0.0022945 -0.00233353 -0.00175942 -0.00175832 -0.00192805 -0.0012275 -0.00198436 -0.00158986 -0.00232886 -0.0015901 -0.00200353 -0.00255411 -0.0018592 -0.00146089 -0.00171258 -0.00154819 -0.00152337 -0.00175889 -0.00150762 -0.00111342 -0.00181239 -0.00150957 -0.00232024 -0.00185562 -0.00151376 -0.00200354 -0.0016821 -0.00219068 -0.00206315 -0.00152939 -0.00147382 -0.00205466 -0.00133564 -0.00231877 -0.00279011 -0.00137569 -0.000836958 -0.00152999 -0.0025034 -0.00128547 -0.0012914 -0.00163448 -0.00150584 -0.00119574 -0.00122531 -0.00274093 -0.00130715 -0.00109366 -0.00168495 -0.00181626 -0.00110321 -0.00141393 -0.00139893 -0.00162893 -0.00149498 -0.00111641 -0.00152537 -0.00174655 -0.00195205 -0.00144771 -0.00182712 -0.00150486 -0.00228857 -0.00131293 -0.00302553 -0.00138339 -0.00132673 -0.00169219 -0.00132916 -0.00130548 -0.00117295 -0.00171774 -0.00236607 -0.00146956 -0.00159315 
-0.00135229 -0.00129838 0.00329506 0.00235635 0.00222577 0.00286099 0.00314421 0.137246 0.00190729 0.00223632 0.00372401 0.00362235 0.0019332 -0.00197852 -0.00192742 -0.00136915 -0.00102192 -0.00174932 -0.00224277 -0.00179859 -0.0016517 -0.00229168 -0.00195993 -0.00188142 -0.000780631 -0.00372208 -0.00229249 -0.00270809 -0.00231768 -0.00217654 -0.00139469 -0.00162847 -0.00102299 -0.00141353 -0.00180476 -0.000982116 -0.00216158 -0.0021037 -0.00156991 -0.00220148 -0.00160012 -0.00189881 -0.00232008 -0.00241515 -0.00115999 -0.00270123 -0.00216046 -0.00199395 -0.00222668 -0.00208635 -0.00217898 -0.00186125 -0.00205974 -0.00146128 -0.0018335 -0.00185897 -0.00205021 -0.00192102 -0.00216582 -0.00158995 -0.00212785 -0.00202554 -0.00210751 -0.00143565 -0.00177936 -0.0020631 -0.000723306 -0.00179891 -0.00156634 -0.00209332 -0.00172325 -0.00189676 -0.00166011 -0.0014425 -0.00123648 -0.00236125 -0.00162758 -0.00155922 -0.00144774 -0.00210776 -0.00112493 -0.00126844 -0.00273019 -0.00209426 -0.0016462 -0.00257669 -0.00179387 -0.0028388 -0.00112605 -0.00252338 -0.00176578 -0.00138569 -0.00134589 -0.00206119 -0.00194205 -0.00116749 -0.00184556 -0.00265792 -0.00155516 -0.00197126 
-0.00163306 -0.0013006 -0.00166456 0.00169242 0.00281798 0.00289487 0.00238845 0.00190729 0.128864 0.00196731 0.0025569 0.00311882 0.00114745 0.00263847 -0.00156618 -0.00191655 -0.00236471 -0.00186016 -0.00175993 -0.00332754 -0.00233893 -0.00197617 -0.00192054 -0.0029112 -0.00080682 -0.00159038 -0.00211087 -0.00198053 -0.00112945 -0.00239234 -0.00120969 -0.00190148 -0.00152745 -0.0027283 -0.00243876 -0.00149112 -0.00321509 -0.00110877 -0.00241738 -0.0021378 -0.00251877 -0.00169952 -0.00129852 -0.00171575 -0.00209234 -0.000451351 -0.00177048 -0.00142255 -0.00168382 -0.00180428 -0.00210118 -0.00180002 -0.00146 -0.0013745 -0.00189733 -0.00175033 -0.00177588 -0.00135749 -0.00176171 -0.00140126 -0.00210164 -0.00174863 -0.00163018 -0.0016784 -0.00173332 -0.00192599 -0.00188375 -0.00188434 -0.00150645 -0.00112219 -0.0015113 -0.00169126 -0.00181846 -0.00137934 -0.0016187 -0.00112355 -0.00101417 -7.11319e-05 -0.00123743 -0.00108484 -0.00139545 -0.00151436 -0.00152042 -0.00126335 -0.00225741 -0.001297 -0.00175304 -0.00126623 -0.00116168 -0.00237213 -0.00188248 -0.00195267 -0.00217634 -0.00160545 -0.00172141 -0.00136992 -0.00149553 -0.00206027 -0.00104639 -0.00125413 
-0.00145962 -0.000609299 -0.000733806 -0.00137408 0.00206015 0.00206815 0.00214145 0.00223632 0.00196731 0.126375 0.00330466 0.00142581 0.00124039 0.00176613 -0.00258124 -0.00105029 -0.00194651 -0.00206365 -0.00264311 -0.00201103 -0.00129705 -0.00201696 -0.00161279 -0.00234432 -0.00150999 -0.00227224 -0.00160729 -0.00247511 -0.0012652 -0.00109006 -0.000184586 -0.00225688 -0.00138335 -0.00163757 -0.00246707 -0.00116709 -0.00196315 -0.00220896 -0.00221736 -0.00180647 -0.00185299 -0.00165214 -0.00152268 -0.00226338 -0.00182428 -0.00178521 -0.00149925 -0.00143326 -0.0026669 -0.00202342 -0.00214173 -0.0022736 -0.00150426 -0.00223487 -0.00158664 -0.000681846 -0.0014268 -0.00169348 -0.00129193 -0.00135426 -0.00205843 -0.00134968 -0.00192518 -0.000980813 -0.00184824 -0.00151821 -0.00185982 -0.00101775 -0.00196505 -0.00151287 -0.00147834 -0.00135908 -0.00242397 -0.0013221 -0.00104345 -0.00147799 -0.00182066 -0.00130986 -0.00114375 -0.00141818 -0.00110886 -0.0015987 -0.00163736 -0.000722777 -0.0015637 -0.0013295 -0.00135077 -0.00108281 -0.00147715 -0.00119848 -0.00146145 -0.000820233 -0.00211119 -0.000987821 -0.00188928 -0.00125676 -0.00119888 -0.00213263 -0.00166547 -0.0011895 
-0.00244108 -0.00156962 -0.000945972 -0.00120924 -0.00113114 0.00189832 0.00314243 0.00372401 0.0025569 0.00330466 0.140702 0.0028246 0.00278119 0.00333258 0.00223813 0.00225173 -0.00189856 -0.00215982 -0.00236104 -0.00233573 -0.00193368 -0.00254959 -0.00161176 -0.0029596 -0.0018502 -0.00257559 -0.00215335 -0.00205287 -0.00220184 -0.00118487 -0.00199868 -0.00304755 -0.00211003 -0.0026494 -0.00234615 -0.00163816 -0.00135709 -0.00234675 -0.00255543 -0.00253657 -0.00293047 -0.00262866 -0.000273806 -0.00207069 -0.00167809 -0.00217862 -0.00130484 -0.00199347 -0.00257164 -0.00186078 -0.0010293 -0.00187216 -0.00144264 -0.00167547 -0.00222965 -0.00174156 -0.00200365 -0.00173476 -0.00154976 -0.00213954 -0.00132996 -0.00139044 -0.00232214 -0.00211393 -0.0019286 -0.00229958 -0.00164871 -0.00254854 -0.000743351 -0.00102028 -0.00188497 -0.00239942 -0.00181727 -0.00103113 -0.00157346 -0.00182946 -0.00203696 -0.00120113 -0.00142883 -0.00181307 -0.00165022 -0.00192096 -0.00206854 -0.0026822 -0.00149047 -0.0024784 -0.00161929 -0.00188077 -0.0012804 -0.00177317 -0.00178131 -0.00214122 -0.0025048 -0.00226873 -0.00182577 -0.00178756 -0.00152771 -0.00225926 -0.00212964 -0.000703654 
-0.00153782 -0.00102809 -0.00230545 -0.00121417 -0.00101932 -0.00146415 0.00247984 0.00362235 0.00311882 0.00142581 0.0028246 0.136669 0.00287824 0.0026056 0.0032663 0.0026216 0.00322392 -0.000750771 -0.000606856 -0.00187066 -0.00192036 -0.00210436 -0.00313872 -0.0014256 -0.00197211 -0.00258831 -0.00210299 -0.00221698 -0.00296503 -0.0018362 -0.00199646 -0.00216455 -0.00151841 -0.00231336 -0.00207735 -0.00247979 -0.0019172 -0.0021951 -0.000637032 -0.00265369 -0.000552462 -0.00216784 -0.00217441 -0.000977719 -0.00172488 -0.00113271 -0.00140788 -0.00128363 -0.0016455 -0.00187187 -0.00271064 -0.00265497 -0.0014377 -0.0020408 -0.00154659 -0.00120461 -0.00120596 -0.00162227 -0.00147315 -0.00170849 -0.0014894 -0.00206338 -0.00155403 -0.00140315 -0.00227282 -0.00242067 -0.00215726 -0.00230521 -0.00189408 -0.00149584 -0.0013884 -0.00220953 -0.00182227 -0.00169455 -0.0024899 -0.00219472 -0.0023479 -0.00215328 -0.00231612 -0.00210347 -0.00135288 -0.00165567 -0.001867 -0.0021852 -0.00227072 -0.00165204 -0.00263781 -0.00155122 -0.00229979 -0.00200348 -0.00151516 -0.00250972 -0.00252217 -0.00183079 -0.00108452 -0.00202063 -0.00211417 -0.00233697 -0.00159007 -0.00139463 
-0.00225344 -0.00231879 -0.00184947 -0.00192141 -0.00148799 -0.00155576 -0.00122908 0.0019332 0.00114745 0.00124039 0.00278119 0.00287824 0.131438 0.00273788 0.00219174 0.0028805 0.00301052 -0.00185965 -0.00125119 -0.00142013 -0.00204272 -0.0022433 -0.0019438 -0.00132761 -0.00198399 -0.00184572 -0.00214899 -0.00186098 -0.00193401 -0.00236066 -0.00158199 -0.00103866 -0.0016307 -0.00101344 -0.00154563 -0.00153048 -0.00222033 -0.00197982 -0.00160912 -0.00163966 -0.00260804 -0.00166486 -0.0014728 -0.00190504 -0.00238539 -0.00194515 -0.00172447 -0.00148951 -0.00204581 -0.00165805 -0.00133349 -0.00127727 -0.00206255 -0.00237892 -0.00233719 -0.00195479 -0.00187357 -0.00183353 -0.00207737 -0.00225575 -0.00172811 -0.000763865 -0.00149158 -8.0318e-05 -0.00159204 -0.00131944 -0.00184811 -0.0018236 -0.0014102 -0.00196015 -0.00161503 -0.00164496 -0.00216631 -0.00173093 -0.00188018 -0.00201247 -0.00152893 -0.00169412 -0.000548653 -0.00166318 -0.00152078 -0.000923175 -0.00220109 -0.0017427 -0.00137109 -0.00165779 -0.00145371 -0.00222373 -0.00170037 -0.00122787 -0.00144626 -0.000960632 -0.00159311 -0.00190561 -0.00073134 -0.00165903 -0.00190713 -0.00121969 -0.00149062 -0.00188914 
-0.00280183 -0.00218864 -0.00198462 -0.00152636 -0.00157187 -0.000947372 -0.0022019 -0.00197852 0.00263847 0.00176613 0.00333258 0.0026056 0.00273788 0.14338 0.00398248 0.00217556 0.00374532 0.00324496 0.00207591 -0.00150557 -0.00138682 -0.000881858 -0.00181226 -0.00297927 -0.00237458 -0.00165143 -0.00295477 -0.00108295 -0.00171214 -0.00230549 -0.00104572 -0.00193726 -0.00170125 -0.00147599 -0.00252161 -0.00133853 -0.00273007 -0.00155434 -0.00165378 -0.00221676 -0.00195857 -0.0013697 -0.00133856 -0.00260783 -0.00165692 -0.00181413 -0.00252144 -0.00225327 -0.00271624 -0.00190011 -0.00202196 -0.00157774 -0.00167513 -0.00220152 -0.00214688 -0.00139969 -0.00127881 -0.00152761 -0.00221306 -0.00277909 -0.00274337 -0.00174234 -0.00208191 -0.0015773 -0.00252807 -0.00132131 -0.00173667 -0.00206872 -0.00202396 -0.00270028 -0.00140978 -0.00186583 -0.00180585 -0.00169777 -0.00179829 -0.00185334 -0.00148676 -0.00270348 -0.00224434 -0.00151921 -0.00227614 -0.00209072 -0.00107716 -0.00253473 -0.0026552 -0.00223662 -0.00249798 -0.00152746 -0.00175838 -0.00189289 -0.00261353 -0.00178493 -0.00244394 -0.00205006 -0.00122605 -0.00180274 -0.00235598 -0.00180873 -0.00120995 -0.00195141 
-0.00174202 -0.00214711 -0.00125108 -0.00226377 -0.00137105 -0.00222962 -0.00154788 -0.00192742 -0.00156618 -0.00258124 0.00223813 0.0032663 0.00219174 0.00398248 0.140068 0.00276136 0.0042423 0.00138011 0.0028724 0.00406498 -0.00206674 -0.00193853 -0.00154598 -0.00114129 -0.00168676 -0.00230459 -0.00160674 -0.0019928 -0.00202069 -0.00225169 -0.00252573 -0.00165574 -0.000999002 -0.00112896 -0.00197894 -0.00109188 -0.0023876 -0.00296154 -0.00211667 -0.00215674 -0.00158633 -0.00230011 -0.00186351 -0.00170218 -0.0012771 -0.00220272 -0.00120886 -0.00166263 -0.00278044 -0.00236938 -0.00189357 -0.00103471 -0.00173756 -0.000818298 -0.00177618 -0.00181998 -0.00135835 -0.00153249 -0.00185586 -0.0025322 -0.00205247 -0.00103718 -0.00239622 -0.00139714 -0.00190499 -0.00119322 -0.00222819 -0.00164495 -0.00172107 -0.00173521 -0.00144739 -0.0021437 -0.00226516 -0.00154083 -0.00197792 -0.00185248 -0.0026137 -0.00148794 -0.00218432 -0.00249085 -0.00128994 -0.0020853 -0.00247147 -0.00173463 -0.00255378 -0.00160331 -0.00255826 -0.00169512 -0.00233717 -0.00165999 -0.00119216 -0.00248094 -0.0022399 -0.00185415 -0.001533 -0.00161309 -0.00123355 -0.00186571 -0.00206132 -0.00219204 
-0.00145319 -0.0010539 -0.00220793 -0.00247234 -0.00193065 -0.00172541 -0.0016665 -0.00136915 -0.00191655 -0.00105029 0.00225173 0.0026216 0.0028805 0.00217556 0.00276136 0.140426 0.00343528 0.00228849 0.00162045 0.00320148 -0.0026289 -0.00219326 -0.00216806 -0.00275562 -0.00185879 -0.00270303 -0.00198072 -0.00160582 -0.00201436 -0.0021345 -0.00180811 -0.00149546 -0.00129623 -0.0014944 -0.00171151 -0.00165784 -0.00223771 -0.00151579 -0.00149665 -0.00166522 -0.00257577 -0.00179958 -0.00109011 -0.00195036 -0.00179242 -0.00215343 -0.00182321 -0.000993396 -0.00178059 -0.00115649 -0.0013639 -0.00162919 -0.00215044 -0.00203735 -0.000955314 -0.00163254 -0.00173894 -0.00160913 -0.000975593 -0.00230984 -0.00225668 -0.00137926 -0.00127351 -0.00201134 -0.00192521 -0.00225302 -0.00198232 -0.00219878 -0.00188637 -0.00185929 -0.00145477 -0.00187368 -0.00243826 -0.00185808 -0.00160344 -0.00171732 -0.00212823 -0.00201875 -0.00111211 -0.00279785 -0.00215912 -0.00148912 -0.00257146 -0.00188668 -0.0020365 -0.000962197 -0.000844249 -0.00203246 -0.00202633 -0.00117632 -0.00197571 -0.00188424 -0.0023328 -0.0023229 -0.00220064 -0.00174223 -0.00208995 -0.00190268 -0.00160592 -0.00160689 
-0.00301248 -0.00168724 -0.0015754 -0.00191583 -0.00193751 -0.000578082 -0.00216157 -0.00102192 -0.00236471 -0.00194651 -0.00189856 0.00322392 0.00301052 0.00374532 0.0042423 0.00343528 0.150152 0.00275067 0.00406659 0.00216684 0.00173698 0.00180719 -0.00194243 -0.00135903 -0.0012154 -0.00181645 -0.00259573 -0.002454 -0.00216316 -0.00208679 -0.00262083 -0.00283703 -0.00192668 -0.00260804 -0.00320303 -0.00210562 -0.00208873 -0.00296326 -0.00243721 -0.00139102 -0.00206038 -0.00204683 -0.000819792 -0.00224774 -0.00187425 -0.00149313 -0.00186758 -0.000553764 -0.00185986 -0.00188317 -0.00218296 -0.00164175 -0.00222189 -0.00199562 -0.00185966 -0.00229443 -0.00207773 -0.00237161 -0.00217846 -0.00224597 -0.00156394 -0.0022799 -0.00199346 -0.00197469 -0.00258876 -0.00193461 -0.0022264 -0.00222671 -0.00219857 -0.00237122 -0.0015988 -0.00193303 -0.00167351 -0.00160384 -0.00266534 -0.00241517 -0.00176484 -0.00296416 -0.00254343 -0.00169752 -0.00263118 -0.00198396 -0.00201683 -0.00214786 -0.00152095 -0.00275537 -0.00232552 -0.00275518 -0.00160159 -0.00106498 -0.00192091 -0.00184809 -0.00209911 -0.00273802 -0.00144042 -0.00222774 -0.00179582 -0.00134575 -0.0020828 -0.00212674 
-0.00094434 -0.0009545 -0.00176601 -0.00225778 -0.00157895 -0.00183041 -0.00211134 -0.00174932 -0.00186016 -0.00206365 -0.00215982 -0.000750771 -0.00185965 0.00324496 0.00138011 0.00228849 0.00275067 0.140725 0.00193377 0.00222687 0.00280778 0.00415423 0.00154062 -0.00167589 -0.00144598 -0.00206276 -0.000922305 -0.00183763 -0.00186505 -0.00208501 -0.00140897 -0.00223114 -0.00258379 -0.00169998 -0.00156445 -0.00142009 -0.00245932 -0.00263693 -0.00189468 -0.00172394 -0.00150123 -0.00188023 -0.00113114 -0.00195228 -0.00107643 -0.00211745 -0.00161285 -0.00148687 -0.000928195 -0.00187138 -0.00219123 -0.00198122 -0.00173773 -0.00160434 -0.00146345 -0.00145802 -0.00124885 -0.00158354 -0.00195717 -0.000824302 -0.00242492 -0.0017111 -0.00246783 -0.00120734 -0.00177539 -0.00230595 -0.00267794 -0.00256258 -0.00236848 -0.00217488 -0.00136781 -0.00154315 -0.00239701 -0.00211387 -0.00149162 -0.00218803 -0.00253908 -0.00164151 -0.00189833 -0.00167133 -0.00146576 -0.00177128 -0.00111847 -0.0017028 -0.00246507 -0.00176961 -0.00226472 -0.00129149 -0.00262001 -0.00194546 -0.00164559 -0.00204485 -0.00219981 -0.00174392 -0.00151005 -0.00234386 -0.00193367 -0.00149102 -0.00153641 -0.00264803 
-0.00153586 -0.00197655 -0.0031057 -0.00210511 -0.00154358 -0.00130641 -0.00195004 -0.00224277 -0.00175993 -0.00264311 -0.00236104 -0.000606856 -0.00125119 0.00207591 0.0028724 0.00162045 0.00406659 0.00193377 0.147571 0.00380712 0.00190145 0.0034939 0.00128414 -0.00184312 -0.0010328 -0.00308967 -0.0017239 -0.00225802 -0.00108643 -0.00219346 -0.00148439 -0.00213028 -0.00219958 -0.00210425 -0.00227877 -0.00154231 -0.00257395 -0.00184491 -0.00188877 -0.00233011 -0.00160387 -0.00257711 -0.00186831 -0.00166676 -0.00113158 -0.00132231 -0.00215357 -0.00233945 -0.00131923 -0.00173071 -0.00241503 -0.00196611 -0.00177689 -0.00260652 -0.00152736 -0.00231363 -0.00193519 -0.00135862 -0.0018774 -0.00167181 -0.00155946 -0.00165678 -0.00265389 -0.0011187 -0.00225238 -0.000631476 -0.00159889 -0.00187777 -0.00252995 -0.00197775 -0.00221677 -0.00238669 -0.00268594 -0.00206745 -0.00196604 -0.00172134 -0.00209104 -0.00213727 -0.00238278 -0.00240142 -0.00263269 -0.00254352 -0.00113854 -0.00162085 -0.00174333 -0.00182641 -0.0026501 -0.00277164 -0.00140664 -0.00127086 -0.00189767 -0.0018707 -0.00116409 -0.00177193 -0.00139866 -0.00154867 -0.00134602 -0.00106068 -0.0027195 -0.00117562 
-0.0015017 -0.000967332 -0.00228775 -0.00253677 -0.00119002 -0.0024729 -0.00193541 -0.00179859 -0.00332754 -0.00201103 -0.00233573 -0.00187066 -0.00142013 -0.00150557 0.00406498 0.00320148 0.00216684 0.00222687 0.00380712 0.152649 0.00309934 0.00249723 0.0026858 0.0023011 0.0037659 -0.00250822 -0.00169147 -0.00181901 -0.00126565 -0.00206715 -0.00262698 -0.00203759 -0.00295312 -0.0020814 -0.00184317 -0.00159476 -0.00160743 -0.00207927 -0.00235159 -0.0027531 -0.00217744 -0.00210726 -0.00208155 -0.002003 -0.00235042 -0.00191846 -0.00280221 -0.00243177 -0.00255099 -0.00172711 -0.00146491 -0.00157818 -0.00198633 -0.00270243 -0.00225191 -0.00302206 -0.00153589 -0.00252857 -0.00195746 -0.00242872 -0.00186316 -0.0016129 -0.00167912 -0.00148489 -0.00204535 -0.00178828 -0.00204401 -0.00225133 -0.00196372 -0.00237397 -0.00197478 -0.00117822 -0.00209123 -0.00280782 -0.0017351 -0.00237029 -0.00187861 -0.00230254 -0.00193525 -0.00252024 -0.00205491 -0.00200372 -0.00107066 -0.00151954 -0.0023519 -0.00132667 -0.00165667 -0.00189836 -0.0015573 -0.00277869 -0.00179407 -0.00252364 -0.0024156 -0.00190038 -0.00288249 -0.00181809 -0.00222529 -0.00234386 -0.00248467 -0.00191099 
-0.00224896 -0.00227806 -0.00218208 -0.00202543 -0.00200664 -0.00166284 -0.00191194 -0.0016517 -0.00233893 -0.00129705 -0.00193368 -0.00192036 -0.00204272 -0.00138682 -0.00206674 -0.0026289 0.00173698 0.00280778 0.00190145 0.00309934 0.144432 0.00252081 0.00261149 0.00228578 0.00162506 0.00359345 -0.0022494 -0.00187997 -0.00223161 -0.00218359 -0.00165664 -0.0028894 -0.00222966 -0.00119264 -0.00204288 -0.0023702 -0.0011924 -0.00103547 -0.00135212 -0.00119082 -0.00170349 -0.0027315 -0.0017135 -0.00179851 -0.00167956 -0.00206846 -0.00157619 -0.00216103 -0.00140267 -0.00218646 -0.00179579 -0.00242404 -0.00242203 -0.00173376 -0.00250573 -0.00260271 -0.00100283 -0.00308508 -0.00170537 -0.00237318 -0.00147984 -0.00214566 -0.00188136 -0.00191182 -0.00220949 -0.00148419 -0.00289302 -0.00129117 -0.00229283 -0.00188655 -0.00146622 -0.001779 -0.00173547 -0.00117203 -0.00195772 -0.00166449 -0.00131655 -0.00200536 -0.00168122 -0.00196065 -0.00144361 -0.00183834 -0.0013671 -0.00159837 -0.00133469 -0.00190018 -0.00122232 -0.00162703 -0.0014346 -0.00131169 -0.00217659 -0.00150671 -0.00251155 -0.00116729 -0.00155729 -0.00188607 -0.00180302 -0.00186955 -0.0015192 -0.00137279 
-0.000994019 -0.00155747 -0.0015862 -0.00296081 -0.00187797 -0.00243391 -0.0027796 -0.00229168 -0.00197617 -0.00201696 -0.00254959 -0.00210436 -0.0022433 -0.000881858 -0.00193853 -0.00219326 0.00180719 0.00415423 0.0034939 0.00249723 0.00252081 0.144735 0.00287946 0.00349355 0.00282343 0.00217482 -0.00129395 -0.00153125 -0.00128809 -0.000934965 -0.00121782 -0.00223127 -0.00265784 -0.00158378 -0.00238501 -0.00203293 -0.00110081 -0.00140077 -0.00183955 -0.00172445 -0.00157708 -0.00220003 -0.00209383 -0.00224531 -0.00189623 -0.00141028 -0.00137588 -0.00159118 -0.00225038 -0.00267917 -0.00147671 -0.00196812 -0.00185749 -0.00182191 -0.00174397 -0.00178059 -0.00166059 -0.00121119 -0.00116965 -0.00192345 -0.00229557 -0.0017121 -0.00199936 -0.00154965 -0.00212697 -0.00207924 -0.00151647 -0.00222495 -0.00262184 -0.00188638 -0.00169069 -0.00239126 -0.00211553 -0.00234902 -0.00263736 -0.00206857 -0.00163578 -0.00156592 -0.00202693 -0.00163359 -0.00221723 -0.00188638 -0.00173118 -0.00172478 -0.00260511 -0.00198321 -0.000961535 -0.00201136 -0.00106529 -0.00223188 -0.00175471 -0.0024375 -0.00211063 -0.00272024 -0.00234677 -0.00199792 -0.00159917 -0.00174628 -0.00231374 -0.00146628 
-0.00266866 -0.00276243 -0.00154915 -0.00210729 -0.00227095 -0.00133871 -0.00242437 -0.00195993 -0.00192054 -0.00161279 -0.00161176 -0.00313872 -0.0019438 -0.00181226 -0.00154598 -0.00216806 -0.00194243 0.00154062 0.00128414 0.0026858 0.00261149 0.00287946 0.145795 0.00121436 0.00361003 0.00282689 0.00231224 -0.00201681 -0.000867641 -0.00175335 -0.00138154 -0.00216377 -0.00213697 -0.00185376 -0.00168517 -0.000834414 -0.00165364 -0.00227206 -0.00219409 -0.00312467 -0.00146056 -0.00172747 -0.00232782 -0.00222295 -0.00180729 -0.00256788 -0.00164587 -0.00227772 -0.000797871 -0.00140833 -0.00175338 -0.00205062 -0.002443 -0.0018889 -0.00147834 -0.00249877 -0.00148861 -0.00169716 -0.00281622 -0.00217561 -0.00138721 -0.00159397 -0.00170249 -0.00116462 -0.00063452 -0.00192382 -0.00140568 -0.00167607 -0.00203524 -0.00157956 -0.0018171 -0.00186025 -0.00146572 -0.00138867 -0.00144575 -0.00140853 -0.00196544 -0.00230552 -0.00214407 -0.00105936 -0.00185991 -0.00245202 -0.00121802 -0.00213048 -0.00140798 -0.00148469 -0.00140188 -0.00190009 -0.00223828 -0.00170414 -0.00193602 -0.00298128 -0.00249181 -0.00199135 -0.00109768 -0.00166239 -0.00143556 -0.00281427 -0.00178384 -0.00155441 
-0.001505 -0.00115536 -0.00100609 -0.000874075 -0.000705602 -0.00173635 -0.00194055 -0.00188142 -0.0029112 -0.00234432 -0.0029596 -0.0014256 -0.00132761 -0.00297927 -0.00114129 -0.00275562 -0.00135903 -0.00167589 -0.00184312 0.0023011 0.00228578 0.00349355 0.00121436 0.145879 0.00148548 0.00287035 0.00174929 0.00341065 -0.00132146 -0.00115517 -0.00219306 -0.0023733 -0.00190923 -0.00305051 -0.00195245 -0.00198484 -0.00177496 -0.0014121 -0.00239575 -0.00168296 -0.00146814 -0.00132206 -0.00169219 -0.00147019 -0.00249713 -0.00199755 -0.00199504 -0.00164848 -0.00134747 -0.0024414 -0.0015692 -0.00155648 -0.00184095 -0.0018733 -0.00163917 -0.00218234 -0.00171958 -0.00252485 -0.00187384 -0.00219016 -0.00136506 -0.00236106 -0.00232031 -0.00100916 -0.00190412 -0.00156797 -0.0015262 -0.00130985 -0.00174402 -0.00168647 -0.00254397 -0.00181134 -0.00236176 -0.0023433 -0.00197461 -0.00150396 -0.00215564 -0.00140746 -0.00221116 -0.00164617 -0.00168607 -0.0019316 -0.00191924 -0.00126371 -0.00181877 -0.000917686 -0.00176701 -0.00117982 -0.00129599 -0.00273801 -0.00162483 -0.00137639 -0.0017598 -0.00174559 -0.00101237 -0.00215893 -0.00258378 -0.00185163 -0.00141909 -0.00230317 
-0.00139021 -0.00221026 -0.00163109 -0.00186721 -0.00111292 -0.00176214 -0.00138696 -0.000780631 -0.00080682 -0.00150999 -0.0018502 -0.00197211 -0.00198399 -0.00237458 -0.00168676 -0.00185879 -0.0012154 -0.00144598 -0.0010328 0.0037659 0.00162506 0.00282343 0.00361003 0.00148548 0.149027 0.00274908 0.00213745 0.0043826 0.00277366 0.00330897 -0.00119416 -0.00170117 -0.00221018 -0.00233328 -0.00108951 -0.00243886 -0.00321435 -0.00194333 -0.00225698 -0.00219699 -0.00164219 -0.00162789 -0.00148373 -0.00222745 -0.00259876 -0.00256606 -0.00206185 -0.00203928 -0.00267112 -0.00237799 -0.00248402 -0.00178545 -0.00270719 -0.00170933 -0.00235047 -0.00273791 -0.00184258 -0.00208187 -0.00256806 -0.00201731 -0.00275059 -0.00266909 -0.00191581 -0.00202629 -0.0016866 -0.00180782 -0.0021042 -0.00243523 -0.00154874 -0.00277588 -0.00204105 -0.00175053 -0.00265978 -0.00207854 -0.00221602 -0.00148387 -0.00206588 -0.00283021 -0.00215242 -0.00206481 -0.00253281 -0.00173743 -0.00148823 -0.00165683 -0.00208556 -0.00118074 -0.00135916 -0.00142736 -0.00141973 -0.00256525 -0.00171567 -0.00256229 -0.00277801 -0.00295215 -0.00274664 -0.00192222 -0.00236627 -0.00158493 -0.0028513 -0.00165504 
-0.00166412 -0.00243004 -0.00197358 -0.00198466 -0.00166065 -0.00222169 -0.0022945 -0.00372208 -0.00159038 -0.00227224 -0.00257559 -0.00258831 -0.00184572 -0.00165143 -0.00230459 -0.00270303 -0.00181645 -0.00206276 -0.00308967 -0.00250822 0.00359345 0.00217482 0.00282689 0.00287035 0.00274908 0.140463 0.00294753 0.00366751 0.00278039 0.00169276 0.00280254 -0.00125558 -0.000979244 -0.00195187 -0.00152161 -0.00179253 -0.00164211 -0.00172584 -0.00107848 -0.00177034 -0.00250315 -0.00180222 -0.00181106 -0.00216759 -0.00201357 -0.00238599 -0.00223524 -0.00217277 -0.00227919 -0.00180753 -0.00201296 -0.00210136 -0.00152989 -0.00178734 -0.00155318 -0.00200114 -0.00222491 -0.00262396 -0.0018661 -0.00235077 -0.00217248 -0.00219699 -0.00100896 -0.00249922 -0.00154157 -0.00177999 -0.00182159 -0.00117915 -0.00180746 -0.00264349 -0.00124925 -0.00220581 -0.00184646 -0.0022847 -0.00194072 -0.00111706 -0.00151607 -0.00240903 -0.000944861 -0.0018403 -0.00203835 -0.00191631 -0.00192157 -0.00190385 -0.00190236 -0.000184241 -0.0025168 -0.00226745 -0.00165463 -0.00138635 -0.00232513 -0.00121349 -0.00124473 -0.00203521 -0.00101623 -0.00199251 -0.00128875 -0.00185545 -0.00121183 -0.000780838 
-0.0024768 -0.00136009 -0.00235423 -0.00217331 -0.00171446 -0.00218268 -0.00233353 -0.00229249 -0.00211087 -0.00160729 -0.00215335 -0.00210299 -0.00214899 -0.00295477 -0.00160674 -0.00198072 -0.00259573 -0.000922305 -0.0017239 -0.00169147 -0.0022494 -0.00129395 0.00231224 0.00174929 0.00213745 0.00294753 0.139997 0.00286499 0.0024785 0.00228415 0.00250278 0.00159749 -0.00130358 -0.002113 -0.00171507 -0.00164711 -0.00287297 -0.00183912 -0.00183529 -0.00195665 -0.00178077 -0.000767074 -0.00258173 -0.00140096 -0.00203155 -0.00164146 -0.00143076 -0.00180205 -0.00138524 -0.00126111 -0.000891005 -0.00160922 -0.0015936 -0.00202225 -0.00129386 -0.00163168 -0.00177453 -0.00109237 -0.0016871 -0.00200112 -0.00142122 -0.00130549 -0.000782057 -0.00245351 -0.00194741 -0.00107212 -0.00202108 -0.00225866 -0.00214892 -0.0023861 -0.00196016 -0.00245664 -0.00239066 -0.00187673 -0.00183906 -0.00158122 -0.00191271 -0.000912792 -0.000789063 -0.000688738 -0.00256862 -0.00096741 -0.00139344 -0.00202748 -0.00144796 -0.00175123 -0.00111274 -0.00233745 -0.0018939 -0.0031932 -0.0012313 -0.00197561 -0.00152451 -0.00252581 -0.00206892 -0.000868774 -0.00161471 -0.0020079 -0.00201199 -0.00115181 
-0.00172168 -0.0031713 -0.00200096 -0.00139223 -0.00173244 -0.00216736 -0.00175942 -0.00270809 -0.00198053 -0.00247511 -0.00205287 -0.00221698 -0.00186098 -0.00108295 -0.0019928 -0.00160582 -0.002454 -0.00183763 -0.00225802 -0.00181901 -0.00187997 -0.00153125 -0.00201681 0.00341065 0.0043826 0.00366751 0.00286499 0.148016 0.00376502 0.00351198 0.00239028 0.0025528 0.00293213 -0.00182095 -0.000962262 -0.00317843 -0.00268132 -0.00190909 -0.0014906 -0.00210653 -0.002539 -0.00240999 -0.00206966 -0.00133059 -0.00275761 -0.00236142 -0.0021512 -0.00213965 -0.00231287 -0.0018123 -0.00254812 -0.0022138 -0.00277731 -0.00261916 -0.0015073 -0.00250126 -0.00136112 -0.00149718 -0.0020438 -0.000831269 -0.00186258 -0.00215449 -0.00133777 -0.0020746 -0.00185954 -0.00244004 -0.00200097 -0.00130136 -0.00182618 -0.0016647 -0.00161767 -0.00228838 -0.00102908 -0.000764956 -0.00213626 -0.00216899 -0.0024863 -0.00173252 -0.00184485 -0.00137791 -0.00219434 -0.00232216 -0.00100845 -0.0017851 -0.00249811 -0.00125891 -0.00234604 -0.0011574 -0.00204983 -0.00178079 -0.00212301 -0.00226907 -0.00266845 -0.00187538 -0.00189321 -0.00212371 -0.00221013 -0.00191139 -0.00232125 -0.00207562 
-0.00238806 -0.00204326 -0.00180943 -0.00186598 -0.000769975 -0.00250112 -0.00175832 -0.00231768 -0.00112945 -0.0012652 -0.00220184 -0.00296503 -0.00193401 -0.00171214 -0.00202069 -0.00201436 -0.00216316 -0.00186505 -0.00108643 -0.00126565 -0.00223161 -0.00128809 -0.000867641 -0.00132146 0.00277366 0.00278039 0.0024785 0.00376502 0.13547 0.00309031 0.00263262 0.00238524 0.00193262 0.00156283 -0.000254955 -0.00180252 -0.00216989 -0.00160219 -0.00126295 -0.00186085 -0.00224091 -0.00169453 -0.00143051 -0.00187202 -0.00105222 -0.00226278 -0.00180429 -0.00186412 -0.00199129 -0.0012217 -0.00174669 -0.00147542 -0.00208815 -0.00176232 -0.0014357 -0.00290692 -0.00221388 -0.00157927 -0.0011516 -0.0019205 -0.0018195 -0.00178208 -0.000964602 -0.00179114 -0.0020911 -0.0023033 -0.00122266 -0.00183368 -0.001963 -0.00151325 -0.0019283 -0.00206785 -0.00221215 -0.00255573 -0.00129567 -0.00176617 -0.00144046 -0.00162115 -0.00147536 -0.00190148 -0.00174608 -0.000919032 -0.00106133 -0.0010165 -0.00168711 -0.00172836 -0.000942193 -0.000690882 -0.00304571 -0.00136926 -0.00201795 -0.00256294 -0.00220579 -0.00207868 -0.00198181 -0.00268122 -0.00174742 -0.00241877 -0.0018882 -0.00207972 
-0.00145834 -0.00171941 -0.00139572 -0.00156731 -0.000958609 -0.00240949 -0.00192805 -0.00217654 -0.00239234 -0.00109006 -0.00118487 -0.0018362 -0.00236066 -0.00230549 -0.00225169 -0.0021345 -0.00208679 -0.00208501 -0.00219346 -0.00206715 -0.00218359 -0.000934965 -0.00175335 -0.00115517 0.00330897 0.00169276 0.00228415 0.00351198 0.00309031 0.134706 0.00222173 0.00223138 0.00187281 0.0026409 -0.00131421 -0.00208378 -0.00105092 -0.00102956 -0.00120444 -0.00194153 -0.00250064 -0.00197317 -0.00219024 -0.00224546 -0.00300829 -0.00277819 -0.00215357 -0.00166398 -0.00196339 -0.00194532 -0.00176229 -0.00169442 -0.000595407 -0.00142031 -0.00159176 -0.00195717 -0.00111892 -0.00166415 -0.00121985 -0.00174616 -0.00111075 -0.00181908 -0.00102724 -0.00211507 -0.00203526 -0.00175456 -0.00239357 -0.00143966 -0.00147631 -0.00234239 -0.00153308 -0.00203005 -0.00165467 -0.00150991 -0.001446 -0.00206711 -0.00163963 -0.00117577 -0.0020476 -0.00109781 -0.00201159 -0.00142354 -0.00248698 -0.0016424 -0.00143536 -0.00205393 -0.0016262 -0.001149 -0.00242405 -0.00158691 -0.00164083 -0.00250624 -0.00131555 -0.00170452 -0.000810007 -0.00234065 -0.00137137 -0.00174079 -0.00210956 -0.0010198 
-0.00185269 -0.00165078 -0.00212587 -0.00232329 -0.0012929 -0.00215219 -0.0012275 -0.00139469 -0.00120969 -0.000184586 -0.00199868 -0.00199646 -0.00158199 -0.00104572 -0.00252573 -0.00180811 -0.00262083 -0.00140897 -0.00148439 -0.00262698 -0.00165664 -0.00121782 -0.00138154 -0.00219306 -0.00119416 0.00280254 0.00250278 0.00239028 0.00263262 0.00222173 0.134082 0.00272414 0.00292171 0.00357094 0.00286585 0.0012961 -0.00202412 -0.000733093 -0.00113226 -0.00123391 -0.00294046 -0.000793563 -0.00184437 -0.00174832 -0.0022868 -0.00208928 -0.00256074 -0.00272019 -0.00248969 -0.00140896 -0.0031554 -0.00222814 -0.00165129 -0.00190511 -0.00113902 -0.00169765 -0.0017978 -0.00202208 -0.00191729 -0.00178703 -0.00216966 -0.00164536 -0.00199504 -0.00142762 -0.00234335 -0.00177944 -0.00115022 -0.00157475 -0.00173944 -0.000518411 -0.00139826 -0.000878638 -0.00150901 -0.00171836 -0.00193807 -0.00156494 -0.00230654 -0.00224304 -0.00225458 -0.0020126 -0.00167031 -0.00147605 -0.00152976 -0.00146829 -0.00182827 -0.00199512 -0.00069938 -0.0022272 -0.00252024 -0.00236787 -0.00165045 -0.00280953 -0.00280213 -0.00168783 -0.00190644 -0.00241735 -0.00237025 -0.00184488 -0.00176708 -0.00134331 
-0.00154827 -0.000588421 -0.00228959 -0.00210751 -0.00167546 -0.00199707 -0.00198436 -0.00162847 -0.00190148 -0.00225688 -0.00304755 -0.00216455 -0.00103866 -0.00193726 -0.00165574 -0.00149546 -0.00283703 -0.00223114 -0.00213028 -0.00203759 -0.0028894 -0.00223127 -0.00216377 -0.0023733 -0.00170117 -0.00125558 0.00159749 0.0025528 0.00238524 0.00223138 0.00272414 0.134592 0.00349139 0.00293412 0.00269511 0.0012333 0.00196961 -0.000622214 -0.000947684 -0.00191766 -0.000786303 -0.00111514 -0.00235775 -0.00149415 -0.00222203 -0.00226114 -0.00181446 -0.00162668 -0.00165473 -0.00227176 -0.00214365 -0.00232867 -0.00147154 -0.00234038 -0.00178947 -0.00156461 -0.00187666 -0.00123165 -0.00175038 -0.00104951 -0.0018444 -0.00153842 -0.00140713 -0.00129635 -0.0014985 -0.000826439 -0.0010782 -0.000286802 -0.00204099 -0.00158611 -0.00201253 -0.00132469 -0.00196653 -0.00211991 -0.00178678 -0.00200142 -0.00160338 -0.00142751 -0.00187019 -0.00251085 -0.00128296 -0.00214166 -0.001603 -0.00195183 -0.00231036 -0.00201269 -0.000922473 -0.00174177 -0.00203799 -0.00215438 -0.00124218 -0.00257519 -0.00245086 -0.00264429 -0.00114721 -0.000975484 -0.00212784 -0.00211642 -0.00144941 -0.00168641 
-0.00219367 -0.00121082 -0.00133767 -0.00175433 -0.0019952 -0.00250264 -0.00158986 -0.00102299 -0.00152745 -0.00138335 -0.00211003 -0.00151841 -0.0016307 -0.00170125 -0.000999002 -0.00129623 -0.00192668 -0.00258379 -0.00219958 -0.00295312 -0.00222966 -0.00265784 -0.00213697 -0.00190923 -0.00221018 -0.000979244 -0.00130358 0.00293213 0.00193262 0.00187281 0.00292171 0.00349139 0.135379 0.00165112 0.00331046 0.00320298 0.00227851 0.00198303 -0.000890549 -0.0014605 -0.00118612 -0.000601761 -0.00140046 -0.00208887 -0.00235457 -0.00193101 -0.00186756 -0.00222332 -0.00215141 -0.00160152 -0.0018893 -0.00103092 -0.000715251 -0.00100053 -0.00153016 -0.00189356 -0.00251321 -0.00276937 -0.00135852 -0.00187765 -0.00158606 -0.00208051 -0.00134699 -0.00253624 -0.00132766 -0.00203598 -0.00167774 -0.00122783 -0.00225276 -0.00205944 -0.00139892 -0.00168976 -0.00183773 -0.00210598 -0.00258382 -0.00254024 -0.00201095 -0.00141315 -0.0018721 -0.00131752 -0.00192832 -0.00128966 -0.00213755 -0.00140751 -0.00196173 -0.00225304 -0.00224588 -0.00195417 -0.00224406 -0.00170495 -0.00168922 -0.00234242 -0.00193935 -0.0024115 -0.00183317 -0.00134498 -0.00233997 -0.0019323 -0.00203211 -0.00186323 
