0.119841 0.00196289 0.00222665 0.00233404 0.00133425 0.00167429 -0.000374122 -0.0007857 -0.00146798 -0.00106662 -0.00215387 -0.0018462 -0.000843357 -0.00194161 -0.00201037 -0.00163216 -0.00152265 -0.00147729 -0.00106338 -0.00176631 -0.00150716 -0.00212823 -0.00169151 -0.00163153 -0.00251789 -0.00226695 -0.00202461 -0.00191748 -0.00119709 -0.00163924 -0.00185171 -0.00210881 -0.00155781 -0.00173377 -0.00212944 -0.00174905 -0.00145007 -0.00184483 -0.00169154 -0.00193491 -0.00175141 -0.00126274 -0.00188823 -0.00124594 -0.00158867 -0.0012544 -0.00121509 -0.000955679 -0.000887948 -0.00182169 -0.00166351 -0.000730053 -0.000952481 -0.00083605 -0.00141024 -0.00176202 -0.00194411 -0.00186675 -0.0016355 -0.00177555 -0.00182458 -0.00173943 -0.00131928 -0.00186782 -0.00171952 -0.00106254 -0.00112177 -0.00191094 -0.00134203 -0.00151034 -0.00158618 -0.00201573 -0.00198994 -0.00199266 -0.000826457 -0.00150446 -0.00143694 -0.00148267 -0.0011814 -0.00123072 -0.00159354 -0.0014363 -0.00142467 -0.00104106 -0.00198109 -0.00171861 -0.00175711 -0.00175922 -0.00137279 -0.00169798 -0.00115929 -0.00130285 -0.00125092 -0.00113505 -0.000891389 -0.00100483 0.00235268 0.00245562 0.00207133 0.00191289 
0.00196289 0.123999 0.00257998 0.00221011 0.00293496 0.00294152 0.00163946 -0.0016118 -0.00109972 -0.00105627 -0.00122716 -0.00164621 -0.00172091 -0.00122089 -0.00108145 -0.00204042 -0.00149711 -0.00242254 -0.00212033 -0.00248876 -0.00239232 -0.00210019 -0.00212809 -0.00151158 -0.00143007 -0.00149283 -0.00189156 -0.00176666 -0.00190319 -0.00154532 -0.00248255 -0.00151868 -0.00131795 -0.00230913 -0.000870256 -0.00109799 -0.00194829 -0.00157673 -0.00109166 -0.00180358 -0.00163934 -0.00174598 -0.00180099 -0.0021557 -0.00155891 -0.00203432 -0.00138152 -0.00154836 -0.00187219 -0.00135861 -0.00177687 -0.00176647 -0.00184425 -0.00130823 -0.00182356 -0.0013304 -0.00166069 -0.0014377 -0.00205266 -0.00122131 -0.00148795 -0.00179386 -0.00127891 -0.0009001 -0.0017576 -0.00176534 -0.00135825 -0.00142921 -0.00204783 -0.00126244 -0.000610664 -0.00233589 -0.00230359 -0.0015503 -0.000979916 -0.0014661 -0.00169642 -0.00125516 -0.00129426 -0.00144409 -0.00188712 -0.00147435 -0.00117727 -0.0015564 -0.00113248 -0.00151855 -0.00225682 -0.00189535 -0.00179078 -0.000509926 -0.00221265 -0.00212115 -0.00129176 -0.00106777 -0.000816511 -0.000527968 -0.00127467 0.00100115 0.00234968 0.00164072 
0.00222665 0.00257998 0.122108 0.00261769 0.00190786 0.00243506 0.0035455 0.00241757 -0.00104218 -0.00197163 -0.00166896 -0.00156003 -0.00219277 -0.00133733 -0.00139411 -0.00207197 -0.00176848 -0.00197946 -0.00201053 -0.00190651 -0.00193071 -0.00212975 -0.0016957 -0.000995977 -0.00200448 -0.0023318 -0.00156541 -0.00218678 -0.00222971 -0.0011604 -0.00158593 -0.00133882 -0.00226381 -0.00154646 -0.00220001 -0.0015831 -0.00202197 -0.00146256 -0.00079436 -0.00199492 -0.00109376 -0.00164523 -0.0013543 -0.00054793 -0.00144439 -0.00150033 -0.00101381 -0.0017009 -0.00170002 -0.00176754 -0.00190744 -0.00105038 -0.00153973 -0.00231079 -0.0018937 -0.00138255 -0.00114614 -0.0017616 -0.00196327 -0.00175374 -0.00150972 -0.0014446 -0.00141281 -0.00196229 -0.0013638 -0.00121631 -0.00169755 -0.00143632 -0.00179324 -0.00103338 -0.00105084 -0.00173148 -0.00247562 -0.00177302 -0.00185219 -0.00184373 -0.00159991 -0.00153912 -0.00175983 -0.00152481 -0.0019589 -0.00207106 -0.00116572 -0.000873219 -0.00201365 -0.00152166 -0.000754992 -0.00169067 -0.0017986 -0.00137128 -0.00185316 -0.00139851 -0.00195352 -0.000849692 -0.000977598 -0.00109678 -0.00161061 -0.000450786 0.00228792 0.00170917 
0.00233404 0.00221011 0.00261769 0.127854 0.00281532 0.00256261 0.00277993 0.00203593 0.00181447 -0.00124366 -0.00186247 -0.0017464 -0.00201362 -0.00167513 -0.00128426 -0.00166875 -0.0022863 -0.00197737 -0.000846529 -0.0017189 -0.00225562 -0.00125927 -0.00227998 -0.00149484 -0.00153871 -0.00210295 -0.00197028 -0.00226932 -0.00115115 -0.00149768 -0.00214803 -0.00165987 -0.00198768 -0.00140421 -0.0015042 -0.0025027 -0.0014029 -0.00161828 -0.00110076 -0.0012637 -0.00171152 -0.00222895 -0.00158292 -0.00201534 -0.00190573 -0.00144175 -0.00172681 -0.00171333 -0.00127419 -0.00127821 -0.00239779 -0.00177442 -0.00197059 -0.00115737 -0.00178811 -0.0016383 -0.00261492 -0.00264009 -0.000934116 -0.00190873 -0.00143524 -0.000906983 -0.00175568 -0.00151606 -0.000814075 -0.000907909 -0.00149361 -0.00147341 -0.00210291 -0.00183266 -0.00156141 -0.00115095 -0.00168741 -0.00210622 -0.00126202 -0.00113972 -0.00154413 -0.00111563 -0.000927196 -0.00130917 -0.00155908 -0.00201833 -0.00146538 -0.00209797 -0.00166613 -0.00232797 -0.00125842 -0.00146677 -0.00129722 -0.00212251 -0.00237692 -0.00158765 -0.00174487 -0.00134489 -0.00192612 -0.00197478 -0.00224471 -0.000634408 -0.00105654 0.00162804 
0.00133425 0.00293496 0.00190786 0.00281532 0.125045 0.00326064 0.00267729 0.0029997 0.00218253 0.00159119 -0.000497903 -0.000509617 -0.0012653 -0.00173502 -0.000919673 -0.00112104 -0.00156719 -0.00162253 -0.00264036 -0.00268566 -0.00221756 -0.00155536 -0.00149616 -0.00146676 -0.00143375 -0.00191187 -0.000997221 -0.00182307 -0.00257597 -0.00206232 -0.00169164 -0.00181237 -0.00195828 -0.00248835 -0.00197992 -0.00105771 -0.00239002 -0.00158159 -0.00153595 -0.00201713 -0.000902413 -0.00152644 -0.00194779 -0.00235103 -0.00177201 -0.00211687 -0.000803094 -0.00152838 -0.00146424 -0.00201338 -0.00199467 -0.0018266 -0.0017535 -0.00186436 -0.00172029 -0.00119421 -0.00167597 -0.00152875 -0.000872089 -0.00163149 -0.00138931 -0.00264068 -0.00108916 -0.00149084 -0.00159327 -0.002028 -0.00102832 -0.00255165 -0.00198726 -0.00180074 -0.000772633 -0.0012116 -0.00175553 -0.00149288 -0.00158268 -0.00195786 -0.00232208 -0.00111304 -0.00172336 -0.00156674 -0.00161184 -0.00140586 -0.00213982 -0.00180378 -0.00230258 -0.00173949 -0.00160759 -0.00117227 -0.000819892 -0.00145183 -0.00255455 -0.00225808 -0.000856992 -0.00171482 -0.0021592 -0.00157882 -0.00119845 -0.000717938 -0.000586737 -0.000865579 
0.00167429 0.00294152 0.00243506 0.00256261 0.00326064 0.122532 0.00214913 0.0024492 0.00191765 0.0015956 0.000984198 -0.000650267 -0.00147932 -0.00261467 -0.00082441 -0.00137911 -0.00123615 -0.00167118 -0.00175764 -0.00263882 -0.00181072 -0.00214596 -0.00284324 -0.00186008 -0.002839 -0.000814362 -0.00130805 -0.00171533 -0.000656733 -0.00180581 -0.00150838 -0.00166963 -0.00143063 -0.00187808 -0.00124652 -0.0023418 -0.00118325 -0.00253192 -0.00135263 -0.00203151 -0.00154529 -0.00204022 -0.00172286 -0.00116671 -0.0018396 -0.00189325 -0.00148966 -0.00125112 -0.00129747 -0.0015207 -0.00163696 -0.00109237 -0.00176977 -0.00136387 -0.0011374 -0.00156413 -0.00197278 -0.00133157 -0.00196642 -0.00178444 -0.00144002 -0.00180581 -0.00202337 -0.00105815 -0.00202542 -0.00188299 -0.00158994 -0.00287944 -0.00165038 -0.00224413 -0.00105057 -0.0012368 -0.00190828 -0.00100099 -0.0010792 -0.00199296 -0.00135994 -0.00213764 -0.00253975 -0.00207929 -0.00192482 -0.00127173 -0.00180571 -0.00217495 -0.00169645 -0.00186672 -0.00176897 -0.0014305 -0.00162612 -0.00159201 -0.000910355 -0.00108227 -0.00185442 -0.00108269 -0.00193031 -0.000982668 -0.00147484 -0.00147167 -0.000325787 -0.000631759 
-0.000374122 0.00163946 0.0035455 0.00277993 0.00267729 0.00214913 0.131726 0.00413713 0.00205208 0.00240473 0.00244327 0.00223407 -0.00136417 -0.00133656 -0.00166494 -0.00188966 -0.00229746 -0.00177757 -0.00309655 -0.00225561 -0.00321467 -0.00214232 -0.00239892 -0.00159607 -0.00147003 -0.00200668 -0.00196391 -0.00164791 -0.00118858 -0.0014344 -0.00155766 -0.00137117 -0.00203747 -0.00132088 -0.00273487 -0.00171301 -0.00223075 -0.00160818 -0.00194955 -0.00211436 -0.00240326 -0.00227792 -0.00239989 -0.00203026 -0.00266676 -0.00166543 -0.0017096 -0.00171946 -0.00207406 -0.00177702 -0.00129735 -0.00106101 -0.00121849 -0.00147197 -0.00169442 -0.00196555 -0.00151611 -0.00159472 -0.00146475 -0.00110243 -0.00134991 -0.00209939 -0.00147308 -0.00143073 -0.00120391 -0.00160392 -0.00161845 -0.00175683 -0.00215011 -0.00199343 -0.00103152 -0.00134829 -0.00293377 -0.00188673 -0.00227523 -0.0022829 -0.00168597 -0.00163142 -0.00243114 -0.00201937 -0.00193677 -0.00147263 -0.00153893 -0.00209585 -0.000988095 -0.00188448 -0.00109774 -0.00223901 -0.00152888 -0.00154922 -0.00187188 -0.00222774 -0.0021739 -0.00167189 -0.001943 -0.0016621 -0.00160664 -0.000512255 -0.00118798 -0.00152465 
-0.0007857 -0.0016118 0.00241757 0.00203593 0.0029997 0.0024492 0.00413713 0.132327 0.00294133 0.00272108 0.00356632 0.0027452 0.0022751 -0.00215631 -0.00148454 -0.00121234 -0.00236468 -0.00318118 -0.00172358 -0.00329025 -0.00302009 -0.00216159 -0.00260032 -0.000909918 -0.00148324 -0.00166648 -0.00135674 -0.00275149 -0.00233596 -0.00240948 -0.00191587 -0.00174515 -0.00181775 -0.00180844 -0.00285683 -0.00171505 -0.00223274 -0.00130626 -0.000986675 -0.00170556 -0.00198787 -0.00186863 -0.00178833 -0.00203701 -0.00170701 -0.00182074 -0.00206027 -0.00178443 -0.00155986 -0.00181287 -0.00151731 -0.00170044 -0.00143287 -0.00191434 -0.00175323 -0.0022203 -0.00116109 -0.000807742 -0.00142752 -0.0017658 -0.00177824 -0.00187195 -0.00195444 -0.00149409 -0.00242037 -0.00174577 -0.00216777 -0.00197287 -0.00174239 -0.00190353 -0.00190471 -0.00209566 -0.0022028 -0.00205193 -0.00204538 -0.00129175 -0.00131081 -0.00181217 -0.00125574 -0.00227942 -0.00182123 -0.00202723 -0.00241204 -0.00106244 -0.00231902 -0.000898604 -0.00220054 -0.00194311 -0.00196346 -0.00134228 -0.00200557 -0.0014815 -0.00166361 -0.00126664 -0.00236513 -0.00141409 -0.00128375 -0.00127581 -0.000613321 -0.00123067 
-0.00146798 -0.00109972 -0.00104218 0.00181447 0.00218253 0.00191765 0.00205208 0.00294133 0.126124 0.00217743 0.00179606 0.00201636 0.0017539 0.00179821 -0.0014459 -0.00207542 -0.00192179 -0.00220945 -0.00157914 -0.00268277 -0.00348674 -0.00155909 -0.00265689 -0.001548 -0.000618368 -0.00194114 -0.000851354 -0.00187045 -0.00141808 -0.00194892 -0.00175345 -0.00205492 -0.00138633 -0.00231184 -0.00180846 -0.00123182 -0.00232375 -0.00154432 -0.000781329 -0.00165544 -0.00176431 -0.00190604 -0.00160134 -0.00181041 -0.00166676 -0.00181632 -0.00217079 -0.00167447 -0.00154247 -0.00182493 -0.00153946 -0.00147231 -0.00217631 -0.00249841 -0.000884303 -0.000960307 -0.00174374 -0.0015328 -0.00175851 -0.000954272 -0.00180436 -0.00227376 -0.00124123 -0.0016181 -0.00184452 -0.00159952 -0.00176085 -0.00240836 -0.00143386 -0.00148645 -0.00145877 -0.00130655 -0.00169346 -0.00145206 -0.00124869 -0.00209819 -0.00094833 -0.00201334 -0.001018 -0.00239774 -0.00176896 -0.00136459 -0.00186005 -0.00166161 -0.00154414 -0.00212985 -0.00188256 -0.00130007 -0.00114117 -0.00213714 -0.00131072 -0.000924758 -0.00136129 -0.00152621 -0.0017122 -0.00120137 -0.00158766 -0.00110876 -0.00101565 -0.00135547 
-0.00106662 -0.00105627 -0.00197163 -0.00124366 0.00159119 0.0015956 0.00240473 0.00272108 0.00217743 0.130471 0.00333322 0.00314113 0.00184416 0.0023908 -0.00140208 -0.00115273 -0.00279965 -0.00147056 -0.00175058 -0.00208623 -0.00261544 -0.00231972 -0.00295276 -0.00174834 -0.00249631 -0.00173248 -0.00128723 -0.00252987 -0.00188064 -0.00245202 -0.0010762 -0.00175602 -0.00248033 -0.00292455 -0.00156243 -0.0016127 -0.00158453 -0.00144487 -0.0019843 -0.00164967 -0.00238131 -0.000965317 -0.00170527 -0.00153473 -0.00158281 -0.000809833 -0.00111583 -0.00224064 -0.00151149 -0.0013287 -0.00115721 -0.00198776 -0.00125605 -0.001201 -0.00077165 -0.00170216 -0.00209088 -0.00256302 -0.00151312 -0.00072891 -0.00203281 -0.00201038 -0.00169266 -0.00243626 -0.00170121 -0.000910707 -0.0022938 -0.00137572 -0.00164608 -0.00178912 -0.000997474 -0.00110375 -0.00211178 -0.00186134 -0.00219447 -0.00133746 -0.000994237 -0.00185568 -0.00175681 -0.00149751 -0.00251648 -0.00123609 -0.00165392 -0.00188879 -0.00221259 -0.00244633 -0.00168214 -0.00118691 -0.00149431 -0.00158097 -0.00137599 -0.00193996 -0.00171324 -0.00132697 -0.00206227 -0.00156395 -0.00101391 -0.000910993 -0.00122191 -0.000805182 
-0.00215387 -0.00122716 -0.00166896 -0.00186247 -0.000497903 0.000984198 0.00244327 0.00356632 0.00179606 0.00333322 0.137654 0.00366942 0.00282274 0.00275536 0.00224435 0.00251081 -0.00178164 -0.00124109 -0.00189083 -0.00203986 -0.00235871 -0.00230445 -0.00284703 -0.00168362 -0.00267706 -0.00235203 -0.0025408 -0.00195345 -0.00201474 -0.00238938 -0.0012864 -0.0020838 -0.00202925 -0.00167113 -0.00185615 -0.00177979 -0.00187021 -0.00207504 -0.00169302 -0.00216332 -0.00116905 -0.00103484 -0.00187425 -0.00129212 -0.00260337 -0.00290153 -0.00162567 -0.00174269 -0.0021743 -0.0022257 -0.0018302 -0.0022241 -0.00178206 -0.00155509 -0.00210018 -0.00230748 -0.00200294 -0.00196082 -0.0023871 -0.00138308 -0.00171904 -0.00241955 -0.00171742 -0.0017096 -0.00176975 -0.0010383 -0.00167691 -0.00175918 -0.00119781 -0.00178882 -0.000533609 -0.00150055 -0.0021268 -0.0026385 -0.00223337 -0.00126569 -0.00218974 -0.00181005 -0.00122124 -0.00201856 -0.00224278 -0.00174858 -0.00207451 -0.00154014 -0.0015304 -0.00165862 -0.0018959 -0.00242116 -0.000916591 -0.0011736 -0.00182449 -0.00172114 -0.00200642 -0.0018489 -0.00137426 -0.00269933 -0.00198156 -0.00199691 -0.000872419 -0.00174778 
-0.0018462 -0.00164621 -0.00156003 -0.0017464 -0.000509617 -0.000650267 0.00223407 0.0027452 0.00201636 0.00314113 0.00366942 0.135093 0.00229766 0.00258655 0.00266165 0.00258104 0.0015139 -0.00152756 -0.000471747 -0.00232242 -0.00175751 -0.00200571 -0.00280771 -0.000990023 -0.00136512 -0.00127044 -0.00121159 -0.00246828 -0.00239575 -0.00274725 -0.00114854 -0.00180916 -0.00230063 -0.00215959 -0.00249638 -0.000894052 -0.00267094 -0.00270865 -0.00188442 -0.00235334 -0.00146383 -0.00201117 -0.00188868 -0.00140354 -0.00169061 -0.00204517 -0.0016666 -0.00172453 -0.00194707 -0.00224696 -0.0019124 -0.00184275 -0.00224398 -0.00185659 -0.0022457 -0.00321869 -0.0020607 -0.00197542 -0.00161159 -0.00106077 -0.00155346 -0.00229853 -0.00155936 -0.00212434 -0.00246616 -0.00237278 -0.00166687 -0.00174752 -0.00188569 -0.00200771 -0.00198571 -0.00183613 -0.00123789 -0.00249903 -0.00154741 -0.00127567 -0.00170196 -0.00246064 -0.00121264 -0.00188921 -0.00107447 -0.00125262 -0.00246725 -0.00173101 -0.00221406 -0.00141833 -0.0017176 -0.00205223 -0.00147555 -0.00212627 -0.00111119 -0.00131505 -0.00176332 -0.00135209 -0.0014338 -0.00141713 -0.00123376 -0.00172305 -0.0032555 -0.00123425 
-0.000843357 -0.00172091 -0.00219277 -0.00201362 -0.0012653 -0.00147932 -0.00136417 0.0022751 0.0017539 0.00184416 0.00282274 0.00229766 0.135911 0.00200605 0.0030102 0.00380506 0.00230352 -0.00146176 -0.000987978 -0.00193036 -0.00215274 -0.00275305 -0.0028128 -0.00133448 -0.00194293 -0.00230351 -0.00202317 -0.00219846 -0.00128665 -0.00129923 -0.00162522 -0.00234455 -0.00133909 -0.00247883 -0.00268313 -0.0018773 -0.00247575 -0.0014611 -0.00185178 -0.00183288 -0.00140957 -0.00249548 -0.00251901 -0.00168925 -0.00263741 -0.00182224 -0.00204881 -0.00219022 -0.00175358 -0.00210562 -0.00273224 -0.0014695 -0.000808356 -0.00135148 -0.00107483 -0.00191086 -0.00180303 -0.00216011 -0.0018034 -0.0020606 -0.00106364 -0.0027101 -0.0014051 -0.00150949 -0.0014202 -0.00145132 -0.00146992 -0.000981351 -0.00154111 -0.00206918 -0.00225081 -0.00214425 -0.00141286 -0.00175943 -0.00156439 -0.00196387 -0.00139241 -0.00276315 -0.00114812 -0.00139041 -0.00128668 -0.00152308 -0.00189179 -0.00213322 -0.0020131 -0.00136227 -0.00232665 -0.000720388 -0.00195155 -0.00211664 -0.00145235 -0.00113378 -0.00219211 -0.00167381 -0.00119383 -0.00162064 -0.000557077 -0.00157005 -0.00101992 -0.00169746 
-0.00194161 -0.00122089 -0.00133733 -0.00167513 -0.00173502 -0.00261467 -0.00133656 -0.00215631 0.00179821 0.0023908 0.00275536 0.00258655 0.00200605 0.142453 0.00227078 0.00191103 0.00283404 0.00207295 0.00268752 -0.00129885 -0.00138549 -0.0013783 -0.001918 -0.00198457 -0.000674416 -0.00225062 -0.00274998 -0.00265916 -0.00262987 -0.00188657 -0.00131927 -0.00274075 -0.00265747 -0.00287605 -0.002113 -0.00114725 -0.00325454 -0.00246186 -0.00110567 -0.00143277 -0.00149851 -0.00171579 -0.000851215 -0.00132148 -0.00218117 -0.00155673 -0.00175501 -0.00188316 -0.00265846 -0.00136876 -0.00100744 -0.00167544 -0.00215239 -0.00116622 -0.00159896 -0.00120786 -0.000854043 -0.00200645 -0.00142909 -0.00191181 -0.0021363 -0.00161802 -0.00203827 -0.00190181 -0.00192684 -0.00195525 -0.000989553 -0.00255058 -0.0015393 -0.0025834 -0.00181559 -0.00269296 -0.00153326 -0.00282164 -0.00232296 -0.00208846 -0.00153509 -0.00202846 -0.00240708 -0.00120249 -0.00215435 -0.00169329 -0.00219499 -0.00266546 -0.00158667 -0.00206185 -0.00245261 -0.00182619 -0.00173035 -0.00245433 -0.00132881 -0.00165772 -0.00151575 -0.00225775 -0.00187131 -0.00124292 -0.00269868 -0.00200398 -0.00118306 -0.00175654 
-0.00201037 -0.00108145 -0.00139411 -0.00128426 -0.000919673 -0.00082441 -0.00166494 -0.00148454 -0.0014459 -0.00140208 0.00224435 0.00266165 0.0030102 0.00227078 0.143933 0.00279537 0.00357409 0.00216474 0.0031861 0.00341549 -0.00196002 -0.00113795 -0.00252203 -0.00185199 -0.00152757 -0.00285533 -0.00252085 -0.00281949 -0.00238721 -0.00252751 -0.00317983 -0.00133106 -0.00247801 -0.00243638 -0.0015577 -0.00214997 -0.00213242 -0.000836817 -0.00175228 -0.00199075 -0.00142002 -0.00167607 -0.00214038 -0.00195699 -0.00152131 -0.00210622 -0.00179344 -0.00221018 -0.00170349 -0.0024937 -0.00200071 -0.00263908 -0.00139632 -0.00122655 -0.00161042 -0.00199919 -0.00288403 -0.00184654 -0.00143411 -0.00158204 -0.00206076 -0.00219167 -0.0020163 -0.00249616 -0.00136082 -0.00161523 -0.000952789 -0.00113982 -0.00227684 -0.00170781 -0.00215899 -0.00209181 -0.00213125 -0.00179065 -0.00169522 -0.00229604 -0.00165728 -0.00159064 -0.00239158 -0.00211523 -0.00230429 -0.00189648 -0.00145793 -0.00223387 -0.00257621 -0.00109151 -0.00282755 -0.00198201 -0.00119421 -0.00183582 -0.00197036 -0.00207346 -0.0021322 -0.00156905 -0.0018213 -0.00165282 -0.00245328 -0.00213083 -0.0011045 -0.00210334 
-0.00163216 -0.00204042 -0.00207197 -0.00166875 -0.00112104 -0.00137911 -0.00188966 -0.00121234 -0.00207542 -0.00115273 0.00251081 0.00258104 0.00380506 0.00191103 0.00279537 0.138392 0.00187503 0.0028326 0.00275304 0.00294179 -0.00232196 -0.00231848 -0.00213643 -0.00190594 -0.00221954 -0.00211365 -0.00183734 -0.00220488 -0.00173115 -0.00276028 -0.00185494 -0.00137556 -0.00138124 -0.0018165 -0.00210132 -0.00157685 -0.00169624 -0.0023797 -0.00172018 -0.00160648 -0.000160957 -0.00190935 -0.0021965 -0.00134837 -0.00201368 -0.00148907 -0.0019235 -0.00225664 -0.00190284 -0.00192537 -0.00147776 -0.0017192 -0.00251955 -0.00122039 -0.00173684 -0.00167567 -0.00185337 -0.00183643 -0.00188814 -0.00170125 -0.00196208 -0.00158004 -0.000926191 -0.00231227 -0.00127417 -0.0022579 -0.00171011 -0.00188099 -0.00209514 -0.00205762 -0.00133026 -0.00201722 -0.00169268 -0.00177955 -0.00190872 -0.000952771 -0.00222993 -0.0020425 -0.00137103 -0.00109127 -0.00219129 -0.00175961 -0.000869366 -0.00256585 -0.00132403 -0.00190577 -0.00207655 -0.00203869 -0.00269313 -0.00232783 -0.00233542 -0.00181588 -0.00277422 -0.00197463 -0.00205292 -0.000840248 -0.0012277 -0.00125346 -0.00189098 -0.00195061 
-0.00152265 -0.00149711 -0.00176848 -0.0022863 -0.00156719 -0.00123615 -0.00229746 -0.00236468 -0.00192179 -0.00279965 -0.00178164 0.0015139 0.00230352 0.00283404 0.00357409 0.00187503 0.15 0.00236515 0.00209514 0.00280535 0.0023835 0.0019927 -0.00194196 -0.00227248 -0.00181854 -0.0017992 -0.00137501 -0.00278311 -0.00233025 -0.00205869 -0.00222955 -0.00160784 -0.00209399 -0.00106573 -0.00223177 -0.00140459 -0.00220651 -0.00203643 -0.00208865 -0.0022865 -0.00156112 -0.00125144 -0.00150962 -0.00183795 -0.00187101 -0.0019859 -0.00187408 -0.00214915 -0.00249366 -0.00239751 -0.00166582 -0.00183775 -0.00125449 -0.00215452 -0.00171285 -0.00226867 -0.00158707 -0.00180939 -0.00205725 -0.00226877 -0.00201498 -0.00311003 -0.00119161 -0.00152513 -0.00178373 -0.00167536 -0.00246551 -0.00105906 -0.00122819 -0.00214883 -0.00230505 -0.00232575 -0.00156462 -0.00213461 -0.00231283 -0.00262809 -0.00208839 -0.00201824 -0.00173735 -0.00204382 -0.00296148 -0.00294505 -0.00197706 -0.00197611 -0.00213305 -0.00102667 -0.00254116 -0.00254537 -0.00188793 -0.00184339 -0.00272082 -0.00173504 -0.00261685 -0.00184804 -0.00167588 -0.00250634 -0.0016045 -0.000858456 -0.00173847 -0.00101749 
-0.00147729 -0.00242254 -0.00197946 -0.00197737 -0.00162253 -0.00167118 -0.00177757 -0.00318118 -0.00220945 -0.00147056 -0.00124109 -0.00152756 -0.00146176 0.00207295 0.00216474 0.0028326 0.00236515 0.140851 0.00397953 0.00259214 0.00327366 0.00247596 0.00259113 -0.00178233 -0.00161385 -0.00098978 -0.00177659 -0.00219587 -0.00207833 -0.00197299 -0.00291328 -0.00187965 -0.0020134 -0.00174981 -0.0015602 -0.00148074 -0.00193019 -0.00220218 -0.00215641 -0.00126952 -0.00241152 -0.00136374 -0.000979249 -0.00172753 -0.00191358 -0.0017927 -0.000931045 -0.00197252 -0.00208039 -0.00214896 -0.00175684 -0.0012544 -0.00203087 -0.00209422 -0.00188785 -0.00246501 -0.00189247 -0.00150186 -0.00181408 -0.0014871 -0.00180175 -0.00241552 -0.00258113 -0.00216791 -0.00196217 -0.00179609 -0.00190127 -0.00157541 -0.00129918 -0.00228836 -0.00247 -0.00187094 -0.00231108 -0.00170036 -0.00171173 -0.00181924 -0.00209856 -0.00219933 -0.0015689 -0.00163622 -0.00228364 -0.0021241 -0.00116935 -0.00254664 -0.00227191 -0.00100204 -0.00220813 -0.00153069 -0.000941495 -0.00150181 -0.00118824 -0.00173928 -0.00157483 -0.00220505 -0.00187556 -0.00203981 -0.00147324 -0.00144046 -0.00233898 -0.00147828 
-0.00106338 -0.00212033 -0.00201053 -0.000846529 -0.00264036 -0.00175764 -0.00309655 -0.00172358 -0.00157914 -0.00175058 -0.00189083 -0.000471747 -0.000987978 0.00268752 0.0031861 0.00275304 0.00209514 0.00397953 0.150476 0.00391871 0.00223786 0.00290386 0.00276838 -0.00124376 -0.00214717 -0.00302916 -0.00173031 -0.0023768 -0.00198964 -0.0027997 -0.00263932 -0.00184905 -0.00178137 -0.000474207 -0.00233469 -0.0019315 -0.00171224 -0.00181409 -0.00232314 -0.00121102 -0.00152569 -0.00237273 -0.00273587 -0.00122553 -0.002441 -0.00136816 -0.00200167 -0.00228873 -0.00224759 -0.00163003 -0.00306884 -0.00147568 -0.00274368 -0.00189668 -0.0017104 -0.00184844 -0.00211288 -0.00230072 -0.00167782 -0.00155498 -0.00128769 -0.00155862 -0.00247639 -0.0017688 -0.00208238 -0.0022495 -0.00199613 -0.00151019 -0.00155291 -0.00288429 -0.00266885 -0.00235317 -0.00163328 -0.00227876 -0.00215341 -0.0019626 -0.00173416 -0.00267119 -0.00266874 -0.00169255 -0.00202323 -0.00198261 -0.00266632 -0.00195624 -0.00168127 -0.00219351 -0.00184931 -0.0018674 -0.00298195 -0.00192984 -0.00178155 -0.00182707 -0.00148451 -0.00148481 -0.00230682 -0.00206349 -0.0025877 -0.00181903 -0.00173502 -0.00204756 
-0.00176631 -0.00248876 -0.00190651 -0.0017189 -0.00268566 -0.00263882 -0.00225561 -0.00329025 -0.00268277 -0.00208623 -0.00203986 -0.00232242 -0.00193036 -0.00129885 0.00341549 0.00294179 0.00280535 0.00259214 0.00391871 0.147912 0.00181905 0.00355887 0.00346035 0.00210203 0.002387 -0.00210019 -0.00274935 -0.00103273 -0.00264091 -0.00242856 -0.00309203 -0.00163426 -0.002194 -0.00125267 -0.00178976 -0.00154948 -0.00307281 -0.000590145 -0.00231027 -0.00132606 -0.00189956 -0.00207405 -0.001861 -0.000669071 -0.00148654 -0.00242173 -0.00137814 -0.00181985 -0.00192243 -0.00217437 -0.00121944 -0.00251511 -0.00141645 -0.00195448 -0.0020358 -0.00312114 -0.00127467 -0.00161504 -0.00108461 -0.00111211 -0.00169347 -0.001665 -0.00164738 -0.00255138 -0.00111205 -0.00215667 -0.00163249 -0.00182149 -0.00129962 -0.00227026 -0.00303979 -0.00199991 -0.00258502 -0.00242652 -0.00262738 -0.00155205 -0.00124277 -0.00205898 -0.00157164 -0.00169242 -0.00145026 -0.00175787 -0.00183862 -0.00197475 -0.00214669 -0.00208705 -0.00258788 -0.00245067 -0.00257667 -0.00194406 -0.00289309 -0.00178554 -0.00271369 -0.00170287 -0.00222478 -0.00188623 -0.00241473 -0.0016967 -0.00272156 -0.00148308 
-0.00150716 -0.00239232 -0.00193071 -0.00225562 -0.00221756 -0.00181072 -0.00321467 -0.00302009 -0.00348674 -0.00261544 -0.00235871 -0.00175751 -0.00215274 -0.00138549 -0.00196002 -0.00232196 0.0023835 0.00327366 0.00223786 0.00181905 0.148353 0.00308076 0.00402923 0.00319509 0.00222496 0.00308311 -0.00164796 -0.00198632 -0.00099935 -0.0022747 -0.00225862 -0.00249806 -0.00236354 -0.00301328 -0.00178318 -0.00200366 -0.000661991 -0.00186698 -0.00236858 -0.000955876 -0.00104605 -0.0021486 -0.00252934 -0.00166495 -0.00220004 -0.00241157 -0.00211485 -0.00175261 -0.00229024 -0.00165743 -0.00245393 -0.0016325 -0.00209647 -0.00175984 -0.00174089 -0.00208007 -0.0020613 -0.00119397 -0.00219869 -0.00249604 -0.00166548 -0.00130724 -0.00251983 -0.00178484 -0.00144486 -0.00170284 -0.00212571 -0.00267716 -0.0018521 -0.0017547 -0.00234022 -0.0018375 -0.0020893 -0.00139763 -0.0024564 -0.00203706 -0.00189443 -0.00166491 -0.00195913 -0.00196418 -0.00242293 -0.00146557 -0.00180646 -0.00191149 -0.00171433 -0.00102108 -0.00122417 -0.00227835 -0.00244898 -0.00227932 -0.00220318 -0.00148591 -0.000735969 -0.00140791 -0.0017343 -0.000863954 -0.000734565 -0.00245494 -0.00145654 -0.000955377 
-0.00212823 -0.00210019 -0.00212975 -0.00125927 -0.00155536 -0.00214596 -0.00214232 -0.00216159 -0.00155909 -0.00231972 -0.00230445 -0.00200571 -0.00275305 -0.0013783 -0.00113795 -0.00231848 0.0019927 0.00247596 0.00290386 0.00355887 0.00308076 0.141227 0.00269684 0.00268282 0.00214524 0.00259199 -0.00161932 -0.00133898 -0.00147647 -0.00143803 -0.00254144 -0.00148115 -0.00120896 -0.00188092 -0.00230368 -0.00232089 -0.00247281 -0.00144569 -0.00167993 -0.00162478 -0.00194068 -0.00147536 -0.00136777 -0.00109742 -0.00184174 -0.00122316 -0.00177153 -0.00160735 -0.00169455 -0.00167236 -0.00143489 -0.00178236 -0.00162484 -0.00181948 -0.00240849 -0.00159394 -0.00193315 -0.00185543 -0.00150364 -0.00223242 -0.00267704 -0.00226462 -0.0022238 -0.0014658 -0.00252259 -0.00185034 -0.00176892 -0.00124665 -0.002364 -0.00264567 -0.00224682 -0.0019484 -0.00277423 -0.00183151 -0.0017429 -0.00113052 -0.00258768 -0.0017643 -0.00201803 -0.00080281 -0.00144951 -0.00168372 -0.00166482 -0.00175817 -0.00157841 -0.00170884 -0.00144068 -0.00176483 -0.00302318 -0.000924382 -0.00252923 -0.00229962 -0.00174275 -0.00132758 -0.00172886 -0.00203327 -0.00218909 -0.00122453 -0.00134588 -0.00194914 
-0.00169151 -0.00212809 -0.0016957 -0.00227998 -0.00149616 -0.00284324 -0.00239892 -0.00260032 -0.00265689 -0.00295276 -0.00284703 -0.00280771 -0.0028128 -0.001918 -0.00252203 -0.00213643 -0.00194196 0.00259113 0.00276838 0.00346035 0.00402923 0.00269684 0.149181 0.00245572 0.00242875 0.00251792 0.00299046 -0.00172593 -0.00110437 -0.00203587 -0.00171509 -0.00147173 -0.00227218 -0.00233605 -0.00207311 -0.00229289 -0.00201173 -0.00222663 -0.00273368 -0.00151874 -0.00190604 -0.00261251 -0.00190263 -0.00159559 -0.00152346 -0.00173164 -0.00131871 -0.00194984 -0.00187545 -0.00107992 -0.00146108 -0.0014701 -0.00120281 -0.00148027 -0.00243059 -0.00245488 -0.00182494 -0.0019072 -0.00148941 -0.00167096 -0.00145495 -0.00142618 -0.00169361 -0.00232332 -0.00124898 -0.00216467 -0.00151965 -0.00230465 -0.00203701 -0.00148061 -0.00163777 -0.0022572 -0.00171081 -0.00267195 -0.00134531 -0.0013144 -0.00155504 -0.00260973 -0.00228188 -0.00245318 -0.00220502 -0.00249713 -0.00211654 -0.00225203 -0.00221572 -0.00139668 -0.00171459 -0.00159102 -0.00159426 -0.00271493 -0.00136163 -0.0023355 -0.00225255 -0.00139827 -0.00206293 -0.00203426 -0.00139 -0.00129058 -0.00139067 -0.00167938 
-0.00163153 -0.00151158 -0.000995977 -0.00149484 -0.00146676 -0.00186008 -0.00159607 -0.000909918 -0.001548 -0.00174834 -0.00168362 -0.000990023 -0.00133448 -0.00198457 -0.00185199 -0.00190594 -0.00227248 -0.00178233 -0.00124376 0.00210203 0.00319509 0.00268282 0.00245572 0.137855 0.00294083 0.00247285 0.00179007 0.00235005 -0.00147628 -0.00102116 -0.00191932 -0.00194522 -0.00128924 -0.00247967 -0.00192552 -0.00112625 -0.00192526 -0.00277724 -0.00239927 -0.00171537 -0.00121716 -0.00232737 -0.00202128 -0.00241921 -0.00213187 -0.00201185 -0.00143254 -0.00220714 -0.00202668 -0.00162067 -0.00248789 -0.00209525 -0.0015554 -0.00113596 -0.00233439 -0.00243415 -0.00145352 -0.00188622 -0.0015558 -0.00196276 -0.00128175 -0.00161062 -0.00203292 -0.0012918 -0.00116426 -0.00179166 -0.00291108 -0.000690834 -0.0019012 -0.00232616 -0.00169665 -0.00157367 -0.00164179 -0.00175192 -0.00207741 -0.00104062 -0.00209301 -0.00197007 -0.00170693 -0.00227516 -0.000948204 -0.00176738 -0.00151821 -0.00184014 -0.00229958 -0.00154159 -0.00216162 -0.00171921 -0.0017131 -0.00207329 -0.00162173 -0.00161726 -0.00213011 -0.00133464 -0.00213711 -0.00167472 -0.00103831 -0.000753838 -0.00143417 -0.00156117 
-0.00251789 -0.00143007 -0.00200448 -0.00153871 -0.00143375 -0.002839 -0.00147003 -0.00148324 -0.000618368 -0.00249631 -0.00267706 -0.00136512 -0.00194293 -0.000674416 -0.00152757 -0.00221954 -0.00181854 -0.00161385 -0.00214717 0.002387 0.00222496 0.00214524 0.00242875 0.00294083 0.136936 0.0021722 0.00293797 0.00213287 0.00233511 0.00294264 -0.00223065 -0.00101732 -0.00148633 -0.00179764 -0.00166126 -0.00203763 -0.0020171 -0.00147797 -0.00205791 -0.00168535 -0.00231145 -0.00194354 -0.00216214 -0.00278895 -0.00176943 -0.00216481 -0.00190301 -0.00201404 -0.00196296 -0.00100583 -0.00163868 -0.00170641 -0.00212993 -0.00181761 -0.00217317 -0.00204901 -0.00221111 -0.00231628 -0.00155495 -0.00140276 -0.000756404 -0.00145705 -0.00131867 -0.00065886 -0.0014772 -0.00226451 -0.00207499 -0.00206472 -0.00186319 -0.00204575 -0.00171798 -0.0013108 -0.00182618 -0.00203951 -0.00122724 -0.00129871 -0.00136955 -0.00172289 -0.00229861 -0.00244021 -0.000882516 -0.00211814 -0.00170993 -0.0019262 -0.00183148 -0.00160009 -0.00234853 -0.00253544 -0.00201384 -0.00137173 -0.00171163 -0.00100647 -0.00270393 -0.0017451 -0.00197555 -0.00123667 -0.00293401 -0.00225305 -0.00195048 -0.00218214 
-0.00226695 -0.00149283 -0.0023318 -0.00210295 -0.00191187 -0.000814362 -0.00200668 -0.00166648 -0.00194114 -0.00173248 -0.00235203 -0.00127044 -0.00230351 -0.00225062 -0.00285533 -0.00211365 -0.0017992 -0.00098978 -0.00302916 -0.00210019 0.00308311 0.00259199 0.00251792 0.00247285 0.0021722 0.140795 0.00240943 0.00340853 0.00294885 0.00273154 0.00123537 -0.00138482 -0.00211076 -0.00143981 -0.00146713 -0.00152768 -0.00196181 -0.0020836 -0.001503 -0.00162016 -0.00158239 -0.0018441 -0.00182496 -0.00246216 -0.00248348 -0.00181948 -0.00267532 -0.00151608 -0.00124685 -0.00113701 -0.00144585 -0.0023619 -0.00159012 -0.00269319 -0.00279323 -0.00125509 -0.00154634 -0.00197976 -0.00180408 -0.00179028 -0.0021475 -0.00227211 -0.0022904 -0.000858147 -0.00180801 -0.00279966 -0.00236167 -0.00251948 -0.00280376 -0.00169704 -0.00194082 -0.0022355 -0.000803139 -0.0021874 -0.0012945 -0.00157413 -0.000982977 -0.00150712 -0.0017529 -0.00160984 -0.00135206 -0.00223869 -0.00144922 -0.00272543 -0.0019838 -0.00174397 -0.00139976 -0.00232534 -0.00169836 -0.00211747 -0.00132433 -0.00229224 -0.00204358 -0.00186683 -0.00242021 -0.00115095 -0.00148611 -0.00172477 -0.00159327 -0.00170201 
-0.00202461 -0.00189156 -0.00156541 -0.00197028 -0.000997221 -0.00130805 -0.00196391 -0.00135674 -0.000851354 -0.00128723 -0.0025408 -0.00121159 -0.00202317 -0.00274998 -0.00252085 -0.00183734 -0.00137501 -0.00177659 -0.00173031 -0.00274935 -0.00164796 -0.00161932 0.00299046 0.00179007 0.00293797 0.00240943 0.142619 0.00239234 0.00286026 0.00263209 0.00298055 0.00239545 -0.00117811 -0.00135744 -0.0016566 -0.00212666 -0.00149761 -0.00202666 -0.00177101 -0.00212743 -0.00171957 -0.00170567 -0.00187797 -0.00187442 -0.00220296 -0.00147744 -0.00172214 -0.00174459 -0.00149153 -0.00177149 -0.00196908 -0.0018531 -0.00203497 -0.00198364 -0.00221641 -0.00173388 -0.00145098 -0.00211194 -0.00174565 -0.00148445 -0.00179804 -0.00138863 -0.00163711 -0.00113146 -0.0018188 -0.00282589 -0.00223562 -0.00263039 -0.00167667 -0.00204134 -0.00253483 -0.00172009 -0.00133483 -0.00160002 -0.00174969 -0.00075713 -0.00172099 -0.000970875 -0.00141223 -0.00199566 -0.00132588 -0.00145116 -0.00151998 -0.00227012 -0.00260704 -0.00219118 -0.00230389 -0.00249274 -0.00278506 -0.00289821 -0.00194162 -0.00278002 -0.00240734 -0.00209093 -0.00242347 -0.000888755 -0.00173776 -0.00247846 -0.002063 -0.0014583 
-0.00191748 -0.00176666 -0.00218678 -0.00226932 -0.00182307 -0.00171533 -0.00164791 -0.00275149 -0.00187045 -0.00252987 -0.00195345 -0.00246828 -0.00219846 -0.00265916 -0.00281949 -0.00220488 -0.00278311 -0.00219587 -0.0023768 -0.00103273 -0.00198632 -0.00133898 -0.00172593 0.00235005 0.00213287 0.00340853 0.00239234 0.144983 0.00382297 0.00307141 0.0041966 0.00215679 0.000926525 -0.00138128 -0.00182567 -0.00128133 -0.00137782 -0.00130941 -0.00228418 -0.00214327 -0.00206867 -0.00154158 -0.00177486 -0.00243731 -0.00193639 -0.00173071 -0.00122951 -0.00216408 -0.00172761 -0.00196209 -0.00184993 -0.0023621 -0.00179109 -0.00167318 -0.00211524 -0.00258703 -0.00201158 -0.00181412 -0.00227952 -0.00209803 -0.00196158 -0.00219063 -0.00125464 -0.00196643 -0.00181602 -0.00170175 -0.000941343 -0.00242971 -0.000924966 -0.00205462 -0.00255891 -0.00192114 -0.00127526 -0.00114451 -0.00195453 -0.00100237 -0.00228081 -0.000953516 -0.0020535 -0.00259094 -0.000985964 -0.00200194 -0.00142581 -0.00208602 -0.00138403 -0.00133967 -0.00237136 -0.00139726 -0.00169672 -0.00184054 -0.00168282 -0.00199061 -0.00167494 -0.00156435 -0.00252504 -0.00115446 -0.00157356 -0.00231395 -0.00223591 -0.00223962 
-0.00119709 -0.00190319 -0.00222971 -0.00115115 -0.00257597 -0.000656733 -0.00118858 -0.00233596 -0.00141808 -0.00188064 -0.00201474 -0.00239575 -0.00128665 -0.00262987 -0.00238721 -0.00173115 -0.00233025 -0.00207833 -0.00198964 -0.00264091 -0.00099935 -0.00147647 -0.00110437 -0.00147628 0.00233511 0.00294885 0.00286026 0.00382297 0.135415 0.00244191 0.00357281 0.00246765 0.00233979 0.0020987 -0.00164 -0.00211922 -0.0009809 -0.00219293 -0.0019618 -0.00238557 -0.00180778 -0.00143919 -0.00157272 -0.0018413 -0.00139843 -0.0025748 -0.0017408 -0.00189641 -0.00206992 -0.00170149 -0.00179906 -0.00196099 -0.00170692 -0.00200915 -0.0011388 -0.00188883 -0.00169764 -0.00235696 -0.0012882 -0.00206132 -0.00165503 -0.00196302 -0.00118398 -0.00167574 -0.00248664 -0.00131112 -0.00114725 -0.00219764 -0.00172413 -0.00236659 -0.00189766 -0.00130914 -0.00166913 -0.00188173 -0.00139541 -0.00141163 -0.00197548 -0.00140559 -0.00134145 -0.00189714 -0.00205636 -0.00187573 -0.00271737 -0.00144322 -0.00201967 -0.00198525 -0.00212458 -0.00165966 -0.0012015 -0.00140896 -0.00157381 -0.00153189 -0.0011135 -0.00136885 -0.00209945 -0.00213935 -0.00150021 -0.00225591 -0.00203721 -0.0019863 
-0.00163924 -0.00154532 -0.0011604 -0.00149768 -0.00206232 -0.00180581 -0.0014344 -0.00240948 -0.00194892 -0.00245202 -0.00238938 -0.00274725 -0.00129923 -0.00188657 -0.00252751 -0.00276028 -0.00205869 -0.00197299 -0.0027997 -0.00242856 -0.0022747 -0.00143803 -0.00203587 -0.00102116 0.00294264 0.00273154 0.00263209 0.00307141 0.00244191 0.13769 0.00302091 0.00245593 0.00260656 0.00312658 -0.00139737 -0.00132445 -0.00191892 -0.00127237 -0.00181436 -0.00198345 -0.00103622 -0.00179008 -0.0024856 -0.00150018 -0.00180052 -0.00157604 -0.00261535 -0.00130959 -0.00165069 -0.0022258 -0.00206898 -0.00133391 -0.00161704 -0.00190668 -0.00206352 -0.00214068 -0.00108302 -0.00170194 -0.00195613 -0.0021208 -0.00172894 -0.0008725 -0.0010345 -0.00141174 -0.00166493 -0.00247574 -0.00231877 -0.00185497 -0.000919708 -0.00142467 -0.00226193 -0.0019456 -0.00215655 -0.00139477 -0.00151958 -0.00213147 -0.00187243 -0.00199941 -0.000831584 -0.00175077 -0.00174144 -0.00204229 -0.00154815 -0.00242036 -0.00174247 -0.00160137 -0.00280973 -0.00118694 -0.00140664 -0.00104868 -0.00107964 -0.002049 -0.0023969 -0.00175257 -0.00145401 -0.00129805 -0.00192848 -0.00277 -0.00175497 -0.00182805 
-0.00185171 -0.00248255 -0.00158593 -0.00214803 -0.00169164 -0.00150838 -0.00155766 -0.00191587 -0.00175345 -0.0010762 -0.0012864 -0.00114854 -0.00162522 -0.00131927 -0.00317983 -0.00185494 -0.00222955 -0.00291328 -0.00263932 -0.00309203 -0.00225862 -0.00254144 -0.00171509 -0.00191932 -0.00223065 0.00123537 0.00298055 0.0041966 0.00357281 0.00302091 0.143875 0.0032847 0.00283528 0.00173266 0.00134004 0.00175084 -0.00165517 -0.00127175 -0.000923296 -0.00123775 -0.001154 -0.00171361 -0.00142651 -0.00214849 -0.00270453 -0.00229367 -0.0018949 -0.00150901 -0.00210088 -0.000849209 -0.00189016 -0.00241744 -0.00230234 -0.0023524 -0.00202638 -0.00289767 -0.00203259 -0.00157386 -0.00215336 -0.00169798 -0.0023423 -0.00141208 -0.00183865 -0.00152616 -0.00154127 -0.00257331 -0.00205064 -0.0022865 -0.00255328 -0.000874041 -0.00245161 -0.00174356 -0.00155931 -0.00218808 -0.00112682 -0.0016002 -0.00279377 -0.00181733 -0.00191731 -0.00214818 -0.00221698 -0.00199305 -0.00177839 -0.00175547 -0.00157403 -0.00182076 -0.000784565 -0.00176046 -0.00150138 -0.00137504 -0.00205292 -0.00213919 -0.00136507 -0.00279711 -0.00172842 -0.00270793 -0.00203761 -0.00292206 -0.00177801 -0.00163981 
-0.00210881 -0.00151868 -0.00133882 -0.00165987 -0.00181237 -0.00166963 -0.00137117 -0.00174515 -0.00205492 -0.00175602 -0.0020838 -0.00180916 -0.00234455 -0.00274075 -0.00133106 -0.00137556 -0.00160784 -0.00187965 -0.00184905 -0.00163426 -0.00249806 -0.00148115 -0.00147173 -0.00194522 -0.00101732 -0.00138482 0.00239545 0.00215679 0.00246765 0.00245593 0.0032847 0.128196 0.00273431 0.00234413 0.00242654 0.0023158 0.00194882 -0.00139221 -0.00139474 -0.00131353 -0.000781577 -0.00131776 -0.00140681 -0.000924708 -0.00163248 -0.00196616 -0.000930742 -0.00145072 -0.00152972 -0.00153485 -0.00171546 -0.00175554 -0.00115534 -0.00151061 -0.00182418 -0.00233192 -0.00211053 -0.00173894 -0.00198051 -0.00138467 -0.00109063 -0.00146413 -0.00151667 -0.00229182 -0.00174401 -0.00139216 -0.00194857 -0.00225281 -0.00141368 -0.00173034 -0.00130251 -0.00129658 -0.00201633 -0.00242864 -0.00225321 -0.00189182 -0.0018488 -0.00182466 -0.00117362 -0.00208692 -0.00198594 -0.00134069 -0.00175466 -0.00130712 -0.00261266 -0.00116861 -0.00100763 -0.00161732 -0.00185115 -0.0021639 -0.00219146 -0.00220545 -0.00125828 -0.00167458 -0.00178357 -0.00208225 -0.00261511 -0.00228605 -0.00233459 -0.00194357 
-0.00155781 -0.00131795 -0.00226381 -0.00198768 -0.00195828 -0.00143063 -0.00203747 -0.00181775 -0.00138633 -0.00248033 -0.00202925 -0.00230063 -0.00133909 -0.00265747 -0.00247801 -0.00138124 -0.00209399 -0.0020134 -0.00178137 -0.002194 -0.00236354 -0.00120896 -0.00227218 -0.00128924 -0.00148633 -0.00211076 -0.00117811 0.000926525 0.00233979 0.00260656 0.00283528 0.00273431 0.132955 0.00202197 0.00299799 0.00248968 0.00266364 0.00226011 -0.000508167 -0.00145474 -0.00117695 -0.00169771 -0.00215511 -0.00214762 -0.00205576 -0.00159395 -0.00150916 -0.00189105 -0.00147498 -0.00120755 -0.00149412 -0.00186947 -0.00218559 -0.00137639 -0.00198773 -0.00147237 -0.00185652 -0.0016958 -0.00196548 -0.00166142 -0.0017054 -0.00152852 -0.00277762 -0.00137055 -0.00238928 -0.00121507 -0.00192717 -0.00218201 -0.00131777 -0.00257408 -0.00212481 -0.0014529 -0.00197174 -0.00123668 -0.00195168 -0.0014123 -0.00205455 -0.00139143 -0.00184682 -0.00219333 -0.00158958 -0.0014687 -0.00118258 -0.00139818 -0.00219324 -0.00174678 -0.00169994 -0.00124981 -0.00222415 -0.00130008 -0.00126439 -0.00128414 -0.00138884 -0.00212136 -0.00176023 -0.00149585 -0.00145863 -0.00270747 -0.00216882 -0.0016512 
