0.116462 0.00183261 0.00151671 0.00165213 0.00129186 0.00174739 -0.00131835 -0.00102486 -0.00106723 -0.000330357 -0.00181029 -0.000934907 -0.00159177 -0.00152114 -0.00145884 -0.00125952 -0.00126197 -0.00156184 -0.00172461 -0.0017525 -0.0011433 -0.00118396 -0.00185047 -0.0015043 -0.00135429 -0.0017035 -0.00150952 -0.00215164 -0.00108241 -0.00163582 -0.00210446 -0.00210467 -0.00176537 -0.00235716 -0.00191178 -0.00197653 -0.00161598 -0.00140769 -0.00141793 -0.00138955 -0.0021248 -0.00183021 -0.00146121 -0.00165651 -0.00125238 -0.00191117 -0.00174912 -0.00192982 -0.000770597 -0.00172079 -0.00112535 -0.00143637 -0.00178911 -0.00167536 -0.00184984 -0.00207389 -0.001258 -0.00186801 -0.00118623 -0.00140996 -0.00095427 -0.000410129 -0.00109257 -0.000748165 -0.00103269 -0.00107263 -0.00140094 -0.00119416 -0.00180916 -0.00204367 -0.00108653 -0.00145499 -0.00166558 -0.00162493 -0.00158087 -0.00159509 -0.00170214 -0.00206955 -0.0019043 -0.000607774 -0.00186815 -0.00206383 -0.000989384 -0.00201434 -0.001366 -0.00180784 -0.00197893 -0.00171781 -0.00114904 -0.00101355 -0.00146616 -0.000976525 -0.000922613 -0.000742343 -0.000926829 -0.000308761 0.00201439 0.00173514 0.00222248 0.00175458 
0.00183261 0.122617 0.00259222 0.00250855 0.00252908 0.00181247 0.00117747 -0.00114938 -0.00102279 -0.00142289 -0.00126561 -0.00180703 -0.0012653 -0.00213664 -0.00169192 -0.00176936 -0.00148712 -0.00140085 -0.0030074 -0.00157277 -0.0018121 -0.00152773 -0.00177037 -0.00172753 -0.00194502 -0.00159429 -0.00182897 -0.00221288 -0.00173208 -0.00170491 -0.00213093 -0.00237158 -0.00209478 -0.00179628 -0.00194771 -0.00191943 -0.00158186 -0.00178233 -0.00200403 -0.00182174 -0.0018596 -0.000733867 -0.0014503 -0.00220974 -0.00153006 -0.00208334 -0.00204845 -0.00180169 -0.000773445 -0.00195398 -0.00121298 -0.0014372 -0.000986538 -0.00126648 -0.00253708 -0.00131336 -0.00155509 -0.000649361 -0.00198892 -0.00137315 -0.00210384 -0.00180439 -0.00176599 -0.00120824 -0.0018606 -0.00115812 -0.00149183 -0.00111904 -0.00147014 -0.00182086 -0.00178442 -0.0011505 -0.000908251 -0.000548928 -0.00112475 -0.000846708 -0.000678993 -0.00114678 -0.00160627 -0.00143207 -0.00179977 -0.00250626 -0.00214879 -0.0015579 -0.00201115 -0.00182558 -0.00193705 -0.00135152 -0.00159892 -0.00176917 -0.00136665 -0.00156615 -0.00115811 -0.000312813 -0.00122495 -0.00080473 -0.000252268 0.0021797 0.00190531 0.00213867 
0.00151671 0.00259222 0.117469 0.0030791 0.00213666 0.00208331 0.00204803 0.00121385 -0.00149278 -0.0021526 -0.000995475 -0.000576704 -0.00125289 -0.00234681 -0.00218811 -0.00135116 -0.00166246 -0.00163893 -0.00163751 -0.000900517 -0.00144985 -0.00218436 -0.00173768 -0.00196349 -0.00264097 -0.00160187 -0.00170799 -0.00183626 -0.00185706 -0.00100885 -0.00166862 -0.00204342 -0.00157997 -0.00123816 -0.00105478 -0.00133883 -0.00200854 -0.00152624 -0.00158898 -0.00217032 -0.00190881 -0.00220416 -0.00212319 -0.00082321 -0.00173534 -0.00178138 -0.00246884 -0.00115527 -0.00102523 -0.00179473 -0.00184301 -0.00150052 -0.0020071 -0.00148998 -0.00156618 -0.0017357 -0.00106511 -0.00111697 -0.00225076 -0.00102071 -0.00170082 -0.0014311 -0.00179972 -0.000721268 -0.00152719 -0.000912606 -0.0012779 -0.000978752 -0.000703473 -0.00115444 -0.00125407 -0.00096982 -0.00160364 -0.00130745 -0.0016257 -0.00189836 -0.000628354 -0.0015807 -0.00105088 -0.00134197 -0.00114823 -0.00157071 -0.0014269 -0.00133287 -0.0018442 -0.00174816 -0.00238852 -0.00116273 -0.00175842 -0.00103623 -0.00107139 -0.00155894 -0.00100751 -0.000573587 -0.00158867 -0.00138979 -0.00131007 -0.000902797 0.00175945 0.00140837 
0.00165213 0.00250855 0.0030791 0.120097 0.00197366 0.0028246 0.0022484 0.00302345 0.00117762 -0.00176738 -0.00152418 -0.00091329 -0.00237684 -0.00190347 -0.00119869 -0.00202364 -0.00209638 -0.00162947 -0.00210491 -0.00166575 -0.00138688 -0.00203878 -0.00150124 -0.00239599 -0.00232118 -0.00272461 -0.00173771 -0.00220483 -0.00147421 -0.00204722 -0.00157379 -0.0022943 -0.00212763 -0.000246339 -0.000847553 -0.0021363 -0.00173825 -0.00211728 -0.00109123 -0.00217441 -0.00190122 -0.00219463 -0.00159749 -0.00152173 -0.00155218 -0.00206584 -0.00231633 -0.00150045 -0.00109212 -0.0015929 -0.00126927 -0.00170464 -0.00162693 -0.00187083 -0.00212228 -0.00171638 -0.00227631 -0.00143324 -0.00118049 -0.00200319 -0.00125918 -0.00143778 -0.00123697 -0.00102913 -0.00108138 -0.00139318 -0.00171137 -0.00147677 -0.00168663 -0.00175117 -0.00140566 -0.00157775 -0.00157288 -0.000950933 -0.00118673 -0.00157663 -0.00128764 -0.00136318 -0.00197503 -0.00159946 -0.00114782 -0.000728364 -0.000872897 -0.00104391 -0.00157802 -0.00114347 -0.000395394 -0.00144433 -0.00112735 -0.000906277 -0.000659456 -0.0014773 -0.00103042 -0.00189717 -0.00143116 -0.00107858 -0.00112176 -0.00124482 -0.00181303 0.00203844 
0.00129186 0.00252908 0.00213666 0.00197366 0.119293 0.00219287 0.0020141 0.00182387 0.00209233 0.00264217 -0.000980147 -0.00134743 -0.00149678 -0.0020051 -0.00225295 -0.00147226 -0.00143495 -0.00201844 -0.00260162 -0.00142038 -0.00222932 -0.00219825 -0.000863003 -0.00216323 -0.00138061 -0.00113974 -0.00116775 -0.0017809 -0.00183141 -0.000999168 -0.00275482 -0.00187328 -0.00209965 -0.0014864 -0.000983979 -0.00192587 -0.00176713 -0.00143349 -0.00106719 -0.00123024 -0.00212195 -0.00147358 -0.00174844 -0.00128179 -0.00120768 -0.00196896 -0.00291646 -0.00157188 -0.0012481 -0.00271836 -0.00171158 -0.00165142 -0.00240833 -0.0020847 -0.00189104 -0.0015028 -0.0015011 -0.00149849 -0.00153367 -0.00127739 -0.0010233 -0.000888174 -0.000977764 -0.00201994 -0.00120438 -0.00122727 -0.00114481 -0.00161902 -0.00156732 -0.00141843 -0.00109923 -0.00126968 -0.00177508 -0.00147561 -0.00135907 -0.00223087 -0.00219497 -0.00188459 -0.00118489 -0.00128086 -0.00119559 -0.000606298 -0.00143416 -0.00107919 -0.000872154 -0.00107961 -0.00149131 -0.000698076 -0.00142911 -0.00186092 -0.0011655 -0.00171486 -0.00153751 -0.000753089 -0.00145274 -0.00110064 -0.00101607 -0.00190411 -0.00111992 -0.000910206 
0.00174739 0.00181247 0.00208331 0.0028246 0.00219287 0.122702 0.0027305 0.00271628 0.00223864 0.00262594 0.00263054 -0.00163356 -0.000920677 -0.00167196 -0.0017341 -0.00151237 -0.00183074 -0.00234837 -0.00146661 -0.000966446 -0.00175284 -0.00236676 -0.00227234 -0.00157093 -0.00137226 -0.00209501 -0.00234156 -0.00148981 -0.00261292 -0.0014579 -0.00253614 -0.00228413 -0.00243327 -0.00174868 -0.00199956 -0.00209748 -0.00154135 -0.00183147 -0.00133148 -0.00223007 -0.000864797 -0.00099667 -0.00143503 -0.00114179 -0.0014686 -0.00155201 -0.00155274 -0.00164904 -0.00150979 -0.00135256 -0.00190902 -0.000951978 -0.0018639 -0.00160529 -0.00157204 -0.00178392 -0.00198464 -0.00159591 -0.00145454 -0.00170036 -0.00123432 -0.00169724 -0.000802381 -0.00147708 -0.00208108 -0.00196598 -0.00198382 -0.00141092 -0.00115671 -0.00109461 -0.0018665 -0.0014238 -0.00154326 -0.000923567 -0.0018809 -0.00127877 -0.00130316 -0.00213947 -0.00149987 -0.000869312 -0.000952586 -0.00210883 -0.00152501 -0.00203037 -0.00170934 -0.0014124 -0.00226909 -0.00126994 -0.00175815 -0.00209743 -0.00143055 -0.00229011 -0.00204848 -0.00103149 -0.00184059 -0.00170109 -0.00163133 -0.00164261 -0.00175653 -0.000770583 
-0.00131835 0.00117747 0.00204803 0.0022484 0.0020141 0.0027305 0.132119 0.00215891 0.00240244 0.00244592 0.00143068 0.00129626 -0.000925374 -0.00140491 -0.00217826 -0.00187882 -0.00177631 -0.00164754 -0.00223259 -0.00215704 -0.00131068 -0.00223018 -0.00156983 -0.00114325 -0.00132301 -0.00194994 -0.0012769 -0.00239234 -0.00222031 -0.00148834 -0.00153837 -0.00195211 -0.00161951 -0.00193151 -0.00147359 -0.00236228 -0.00122684 -0.00179867 -0.00211807 -0.00218539 -0.00145018 -0.00117525 -0.0011851 -0.00111268 -0.000990998 -0.00175686 -0.00169126 -0.00219849 -0.00145481 -0.00185028 -0.00239512 -0.00217411 -0.00131513 -0.00193831 -0.00125673 -0.00147347 -0.00128496 -0.00187482 -0.00216654 -0.00201161 -0.00166831 -0.00218814 -0.00151034 -0.0018412 -0.00156261 -0.000815708 -0.00228874 -0.00193924 -0.00213416 -0.00161353 -0.00188025 -0.00127394 -0.00203378 -0.00252989 -0.00186015 -0.00230738 -0.00175091 -0.00128315 -0.00203179 -0.00178975 -0.00169042 -0.00158026 -0.0022748 -0.00192857 -0.00175561 -0.00136389 -0.00154693 -0.00130101 -0.000776749 -0.00205545 -0.00152914 -0.00216146 -0.00170417 -0.00142121 -0.00171208 -0.0012477 -0.0022616 -0.0013493 -0.00130001 -0.00142109 
-0.00102486 -0.00114938 0.00121385 0.00302345 0.00182387 0.00271628 0.00215891 0.130672 0.00299332 0.00196635 0.00181517 0.000994433 0.00228499 -0.00192977 -0.00187799 -0.00208241 -0.00179113 -0.00202602 -0.00181929 -0.000951601 -0.00288517 -0.00294205 -0.00266694 -0.00252374 -0.00212012 -0.00242364 -0.00194181 -0.00208856 -0.00198884 -0.00241532 -0.0015201 -0.00203217 -0.00210207 -0.000733806 -0.00109047 -0.00110955 -0.000780064 -0.00193242 -0.00146814 -0.00142206 -0.00154148 -0.00179746 -0.00207958 -0.00224037 -0.000924067 -0.00160974 -0.00191203 -0.00263007 -0.0013494 -0.00172312 -0.00177211 -0.00159774 -0.00160077 -0.00168287 -0.000802975 -0.00243799 -0.00206658 -0.001487 -0.00156226 -0.00203937 -0.00144593 -0.00179883 -0.00177573 -0.00113792 -0.00139199 -0.00214545 -0.00158666 -0.00117455 -0.00112791 -0.00139921 -0.00161878 -0.00156914 -0.0016248 -0.0025362 -0.0012005 -0.00133357 -0.00153128 -0.00159938 -0.00134977 -0.00158601 -0.00178071 -0.00146414 -0.00167528 -0.00152775 -0.00224466 -0.001586 -0.00104828 -0.00229867 -0.000741022 -0.0011129 -0.00231125 -0.00140537 -0.00190188 -0.00250554 -0.00145142 -0.00146418 -0.00163168 -0.00176403 -0.00130729 -0.00181001 
-0.00106723 -0.00102279 -0.00149278 0.00117762 0.00209233 0.00223864 0.00240244 0.00299332 0.129368 0.00317775 0.00197657 0.0027428 0.00300854 0.00331255 -0.002365 -0.00157236 -0.00242502 -0.00257358 -0.00160082 -0.00167678 -0.00175298 -0.00326771 -0.00183441 -0.0010913 -0.00268068 -0.00220724 -0.00198297 -0.00256836 -0.00248067 -0.00222573 -0.00151867 -0.00266569 -0.00139897 -0.00186635 -0.00157496 -0.00222673 -0.00214831 -0.000995495 -0.00178108 -0.00155138 -0.00163301 -0.00149931 -0.00166211 -0.00188187 -0.00152269 -0.00242365 -0.00189993 -0.00207258 -0.00146378 -0.00194261 -0.00162364 -0.00165323 -0.00112709 -0.0019567 -0.0023847 -0.00163116 -0.00143099 -0.00176905 -0.00170147 -0.000994475 -0.00108514 -0.0018816 -0.0013086 -0.00176142 -0.00107626 -0.00132489 -0.00201089 -0.00123031 -0.00173302 -0.00191825 -0.00118911 -0.00214288 -0.00162531 -0.00239892 -0.00167238 -0.00143888 -0.00171996 -0.0012361 -0.00237667 -0.00174293 -0.00173471 -0.00133984 -0.00140846 -0.00193486 -0.00179019 -0.000960019 -0.00134711 -0.00177336 -0.00164878 -0.00133733 -0.00191374 -0.00128568 -0.00236565 -0.000844125 -0.00228904 -0.00153821 -0.00181069 -0.0015805 -0.0017043 -0.00112072 
-0.000330357 -0.00142289 -0.0021526 -0.00176738 0.00264217 0.00262594 0.00244592 0.00196635 0.00317775 0.129165 0.00257558 0.00293953 0.00283722 0.00168077 -0.00242131 -0.00105249 -0.00238928 -0.00228285 -0.00209481 -0.00243483 -0.00350096 -0.00213016 -0.00193927 -0.00235462 -0.00215633 -0.00281601 -0.00142691 -0.00177558 -0.00276063 -0.00199202 -0.00204326 -0.00152366 -0.00180339 -0.00141537 -0.00152981 -0.00144932 -0.00116028 -0.00205877 -0.00150615 -0.002008 -0.00210339 -0.00188285 -0.00170981 -0.00148469 -0.000967722 -0.00144505 -0.00275138 -0.00138578 -0.00118834 -0.00160101 -0.00279745 -0.00142732 -0.00178603 -0.00176462 -0.00135311 -0.00175745 -0.00171051 -0.00150685 -0.00125669 -0.00198818 -0.00111217 -0.00178824 -0.00119935 -0.0016884 -0.00138657 -0.00121879 -0.00116127 -0.000559678 -0.00154981 -0.00141905 -0.00137677 -0.000363689 -0.00107755 -0.000990173 -0.00113296 -0.00200815 -0.00227071 -0.0019278 -0.00208438 -0.00160015 -0.00117676 -0.00220305 -0.00128468 -0.00166271 -0.00162337 -0.00132449 -0.001468 -0.00171323 -0.00166961 -0.00148416 -0.00178731 -0.00215999 -0.00224442 -0.000921005 -0.0019433 -0.00159412 -0.00116832 -0.00146088 -0.00171956 -0.00196446 
-0.00181029 -0.00126561 -0.000995475 -0.00152418 -0.000980147 0.00263054 0.00143068 0.00181517 0.00197657 0.00257558 0.129524 0.00231924 0.00211352 0.0031304 0.00263854 0.00189862 -0.001343 -0.00193248 -0.00188707 -0.0016098 -0.00206385 -0.00200469 -0.00224802 -0.00152717 -0.00300578 -0.00119969 -0.00219789 -0.00215667 -0.00180557 -0.00164849 -0.00166455 -0.00223087 -0.00181968 -0.00141205 -0.001874 -0.00219178 -0.00242796 -0.00178706 -0.00242297 -0.00222645 -0.00215359 -0.00174813 -0.00112215 -0.00153443 -0.00195377 -0.00172644 -0.00200599 -0.00228195 -0.000643971 -0.00108249 -0.00290044 -0.001068 -0.00215091 -0.000855368 -0.00204244 -0.00120451 -0.0012331 -0.00144482 -0.00208134 -0.00195372 -0.00140621 -0.00178152 -0.00201228 -0.0014311 -0.00229667 -0.0027853 -0.00153803 -0.00116237 -0.000902755 -0.00167214 -0.00158886 -0.00264941 -0.0018843 -0.00167759 -0.00156626 -0.00161198 -0.00195728 -0.00207876 -0.00245318 -0.00112614 -0.00171282 -0.00145117 -0.00170475 -0.00137604 -0.00175403 -0.001838 -0.000743754 -0.00261763 -0.00151917 -0.000792598 -0.00206887 -0.00147026 -0.00223995 -0.00107669 -0.00138922 -0.000933687 -0.00138914 -0.00129945 -0.00080423 -0.00183896 
-0.000934907 -0.00180703 -0.000576704 -0.00091329 -0.00134743 -0.00163356 0.00129626 0.000994433 0.0027428 0.00293953 0.00231924 0.13643 0.00369178 0.00286924 0.00237229 0.0020905 0.00288414 -0.00129823 -0.000861343 -0.0012689 -0.00312915 -0.00152874 -0.00233194 -0.00256114 -0.00296111 -0.00236238 -0.00268734 -0.00175411 -0.00102449 -0.00184584 -0.00249038 -0.00162371 -0.00217956 -0.000934569 -0.00280275 -0.00206889 -0.00152539 -0.00232806 -0.0025685 -0.00254858 -0.00143264 -0.00255261 -0.00247238 -0.00206865 -0.00138428 -0.00255866 -0.00219074 -0.00151126 -0.00156066 -0.00221811 -0.00199824 -0.00190428 -0.00158142 -0.00155909 -0.00130572 -0.00105573 -0.00109231 -0.00129023 -0.00111742 -0.00237804 -0.00213637 -0.00119808 -0.00155111 -0.00183059 -0.00174253 -0.00171437 -0.00177291 -0.00219913 -0.00153695 -0.00170381 -0.00122986 -0.00102066 -0.0022974 -0.00132288 -0.00170168 -0.00186602 -0.00153499 -0.0024764 -0.00228804 -0.00259562 -0.00174292 -0.00235441 -0.0016161 -0.00208848 -0.00133206 -0.00170512 -0.00152155 -0.00160596 -0.00137567 -0.0018385 -0.00187289 -0.0021686 -0.00208621 -0.000918689 -0.00223255 -0.00232735 -0.00157614 -0.00144072 -0.00189374 -0.00208291 
-0.00159177 -0.0012653 -0.00125289 -0.00237684 -0.00149678 -0.000920677 -0.000925374 0.00228499 0.00300854 0.00283722 0.00211352 0.00369178 0.141158 0.00276313 0.00383727 0.00267045 0.00314269 -0.00174267 -0.000666339 -0.00181189 -0.00191433 -0.00122307 -0.00312741 -0.000975017 -0.00205385 -0.00198168 -0.00305825 -0.00163077 -0.00183316 -0.00231683 -0.00129345 -0.00191741 -0.00123093 -0.00245074 -0.00107325 -0.00232147 -0.00143145 -0.00207213 -0.00227281 -0.00246889 -0.00134655 -0.0015759 -0.0020645 -0.00187501 -0.00198113 -0.00245507 -0.000884701 -0.00157762 -0.001832 -0.00165539 -0.00235797 -0.00234715 -0.00212782 -0.00228777 -0.0014564 -0.00171019 -0.00134558 -0.000900237 -0.00229456 -0.00249227 -0.00236875 -0.000704497 -0.00276708 -0.00119128 -0.00119092 -0.0022933 -0.00193768 -0.00144859 -0.0010694 -0.00142476 -0.001862 -0.00171353 -0.00096158 -0.00166234 -0.00210518 -0.00218437 -0.00279891 -0.00236679 -0.00152621 -0.00197841 -0.00249152 -0.0019819 -0.00284667 -0.00241015 -0.0025929 -0.00164248 -0.0017641 -0.00213133 -0.0022132 -0.00134049 -0.00185238 -0.00219692 -0.00256958 -0.00161625 -0.0017038 -0.00194013 -0.00368275 -0.00117767 -0.00258701 -0.00194505 
-0.00152114 -0.00213664 -0.00234681 -0.00190347 -0.0020051 -0.00167196 -0.00140491 -0.00192977 0.00331255 0.00168077 0.0031304 0.00286924 0.00276313 0.140321 0.00328818 0.00222735 0.00293954 0.00244696 0.00329142 -0.00226596 -0.00242193 -0.00212755 -0.00248175 -0.00257212 -0.00239459 -0.00237841 -0.00312006 -0.00247394 -0.00123492 -0.00113921 -0.00299168 -0.00260183 -0.00301045 -0.00219486 -0.00209232 -0.00226743 -0.00295985 -0.00248038 -0.00206021 -0.00202561 -0.00136301 -0.00139625 -0.00100413 -0.00151098 -0.00177239 -0.00173786 -0.00172315 -0.000901236 -0.000917772 -0.00171818 -0.00262628 -0.00177535 -0.00214262 -0.000313628 -0.00199496 -0.00109145 -0.00187281 -0.00123394 -0.00233246 -0.00275327 -0.00211848 -0.00207303 -0.00161541 -0.00152791 -0.00137603 -0.00193532 -0.00191975 -0.00192459 -0.00277609 -0.001955 -0.00194861 -0.00232171 -0.00174918 -0.00174469 -0.000415559 -0.00222974 -0.00245372 -0.00206283 -0.00159935 -0.00271861 -0.00179605 -0.00166728 -0.00214482 -0.00117379 -0.00139694 -0.00185728 -0.00245916 -0.00220781 -0.00130896 -0.00141763 -0.00197012 -0.00179476 -0.00167569 -0.00153723 -0.00177848 -0.00147567 -0.00120611 -0.00144575 -0.00127899 -0.00181608 
-0.00145884 -0.00169192 -0.00218811 -0.00119869 -0.00225295 -0.0017341 -0.00217826 -0.00187799 -0.002365 -0.00242131 0.00263854 0.00237229 0.00383727 0.00328818 0.15323 0.0042042 0.00364568 0.00233389 0.00284251 0.00218847 -0.00236105 -0.00130573 -0.00251024 -0.00206331 -0.00221666 -0.00219207 -0.00281295 -0.00174768 -0.00281365 -0.00231789 -0.00247778 -0.00201457 -0.00226054 -0.00172757 -0.00230098 -0.00210388 -0.00171842 -0.00234969 -0.0025961 -0.00289503 -0.00238102 -0.00213071 -0.0017917 -0.00230955 -0.00233155 -0.00209973 -0.00144634 -0.00156417 -0.00144446 -0.00133287 -0.00245726 -0.0013395 -0.00225616 -0.00106003 -0.00136554 -0.00205371 -0.00156015 -0.00190651 -0.00267369 -0.00193805 -0.00183156 -0.00203918 -0.00210759 -0.00212897 -0.00137702 -0.00136281 -0.00173267 -0.00298351 -0.00146517 -0.0013947 -0.00209363 -0.00201668 -0.00152254 -0.00213071 -0.0021511 -0.00137209 -0.00148727 -0.0018762 -0.00253967 -0.00212352 -0.00223538 -0.00265452 -0.00125754 -0.0015655 -0.00212799 -0.00161671 -0.00233092 -0.00149143 -0.00216357 -0.00194406 -0.00189393 -0.00243453 -0.00162352 -0.0025748 -0.00202488 -0.00204448 -0.00237035 -0.00239852 -0.00243268 -0.00206389 
-0.00125952 -0.00176936 -0.00135116 -0.00202364 -0.00147226 -0.00151237 -0.00187882 -0.00208241 -0.00157236 -0.00105249 0.00189862 0.0020905 0.00267045 0.00222735 0.0042042 0.142947 0.00336584 0.00301471 0.00192829 0.00352123 -0.00204245 -0.00184843 -0.00232207 -0.00125792 -0.00245667 -0.00306523 -0.00152567 -0.00287845 -0.00202714 -0.00223332 -0.00198734 -0.00228574 -0.00239149 -0.00183775 -0.00220698 -0.00266636 -0.00268688 -0.00110871 -0.00134308 -0.00123476 -0.00204973 -0.00193947 -0.00209117 -0.000817216 -0.00223052 -0.00134832 -0.00212966 -0.00190352 -0.00150881 -0.00232617 -0.00246675 -0.00235362 -0.00203739 -0.00187981 -0.00178904 -0.00218287 -0.00148824 -0.00189733 -0.00189853 -0.00205141 -0.00200052 -0.0012116 -0.00150276 -0.0021323 -0.00142367 -0.0016382 -0.00136212 -0.00234098 -0.000637769 -0.00262741 -0.00165388 -0.00130003 -0.00201331 -0.00181514 -0.00192802 -0.000859499 -0.00171104 -0.00234045 -0.0016018 -0.00206704 -0.00188566 -0.00191196 -0.00215098 -0.00210474 -0.00163168 -0.00200857 -0.00157175 -0.00155096 -0.00124158 -0.00284756 -0.00158069 -0.00236148 -0.00239131 -0.00238824 -0.00221907 -0.00121871 -0.00205806 -0.00197145 -0.00135181 -0.00148386 
-0.00126197 -0.00148712 -0.00166246 -0.00209638 -0.00143495 -0.00183074 -0.00177631 -0.00179113 -0.00242502 -0.00238928 -0.001343 0.00288414 0.00314269 0.00293954 0.00364568 0.00336584 0.151185 0.00282163 0.00345522 0.00421422 0.00305181 0.00270172 -0.00058152 -0.00108794 -0.00107835 -0.00118107 -0.00301974 -0.00192251 -0.000572932 -0.00170215 -0.00236031 -0.00235455 -0.00138017 -0.00263943 -0.00182203 -0.00204093 -0.00145691 -0.00299272 -0.00259943 -0.00215215 -0.00346874 -0.00272047 -0.00281681 -0.00218474 -0.00317758 -0.00274096 -0.00138459 -0.00208097 -0.00137461 -0.0018328 -0.00247601 -0.00235063 -0.00163698 -0.00261182 -0.00162506 -0.00236497 -0.00187372 -0.00214249 -0.00238326 -0.0011085 -0.00278967 -0.00162859 -0.00249344 -0.00147143 -0.00130719 -0.00291788 -0.00199232 -0.00150565 -0.00175087 -0.00185438 -0.00145811 -0.00209276 -0.00196577 -0.00158398 -0.00190886 -0.00135399 -0.00308404 -0.00155594 -0.00215718 -0.00207638 -0.00291019 -0.00280336 -0.00243153 -0.00194399 -0.00249019 -0.00203581 -0.00271865 -0.00300937 -0.00215941 -0.00284137 -0.00160904 -0.00261256 -0.00304837 -0.00202338 -0.00206064 -0.0020715 -0.00259151 -0.00184466 -0.00299117 -0.0014632 
-0.00156184 -0.00140085 -0.00163893 -0.00162947 -0.00201844 -0.00234837 -0.00164754 -0.00202602 -0.00257358 -0.00228285 -0.00193248 -0.00129823 -0.00174267 0.00244696 0.00233389 0.00301471 0.00282163 0.142683 0.0023618 0.00350274 0.00265912 0.00137459 0.0018234 -0.00124468 -0.00119994 -0.0014079 -0.0030184 -0.00197906 -0.00193669 -0.000935487 -0.00103194 -0.00246611 -0.00189957 -0.00227363 -0.00226147 -0.0012078 -0.00195717 -0.00184486 -0.00153064 -0.00233564 -0.00193166 -0.000928457 -0.00158999 -0.00156236 -0.00207388 -0.0020873 -0.0015182 -0.00197449 -0.00219777 -0.00166401 -0.00216709 -0.00220807 -0.0024977 -0.00219644 -0.00149585 -0.00131059 -0.00118049 -0.00184265 -0.00200751 -0.00217414 -0.0019475 -0.0019302 -0.00196261 -0.00198791 -0.00101557 -0.00224443 -0.00213096 -0.00125577 -0.00161575 -0.00156969 -0.00200863 -0.00193957 -0.00196191 -0.00252027 -0.00215408 -0.00200077 -0.00159839 -0.00175706 -0.00223335 -0.00258624 -0.00172115 -0.00228188 -0.00212307 -0.000818351 -0.00242682 -0.00153402 -0.00199059 -0.00191751 -0.00184813 -0.00256079 -0.00177824 -0.00171487 -0.0018627 -0.00110337 -0.00173453 -0.00186895 -0.0016974 -0.00112225 -0.00178581 -0.00147018 
-0.00172461 -0.0030074 -0.00163751 -0.00210491 -0.00260162 -0.00146661 -0.00223259 -0.00181929 -0.00160082 -0.00209481 -0.00188707 -0.000861343 -0.000666339 0.00329142 0.00284251 0.00192829 0.00345522 0.0023618 0.144744 0.00357295 0.00416637 0.0033355 0.00360516 -0.000535487 -0.0012791 -0.00113192 -0.00274232 -0.00226153 -0.00248151 -0.00162398 -0.0024018 -0.00251574 -0.00165713 -0.00245717 -0.00177881 -0.00217792 -0.00186893 -0.00221158 -0.00232444 -0.00192245 -0.00131901 -0.00186243 -0.00190196 -0.00281523 -0.00236761 -0.00242531 -0.00168019 -0.00242885 -0.00216929 -0.00200941 -0.00173735 -0.00239221 -0.00107017 -0.00145081 -0.00148901 -0.00308925 -0.00219473 -0.00213304 -0.00102471 -0.00216232 -0.00242321 -0.00267952 -0.00182231 -0.00190955 -0.00207852 -0.00187874 -0.00207376 -0.0018168 -0.00205239 -0.00158408 -0.00148159 -0.00299075 -0.00218539 -0.00227953 -0.00156569 -0.00117932 -0.0018997 -0.00223718 -0.00186063 -0.0019163 -0.00165506 -0.00120798 -0.00180133 -0.00242596 -0.00109966 -0.00176062 -0.00186626 -0.000939726 -0.00183119 -0.001258 -0.00260711 -0.00242173 -0.00207763 -0.00215723 -0.00232976 -0.00210275 -0.002187 -0.00167558 -0.0020739 -0.00111023 
-0.0017525 -0.00157277 -0.000900517 -0.00166575 -0.00142038 -0.000966446 -0.00215704 -0.000951601 -0.00167678 -0.00243483 -0.0016098 -0.0012689 -0.00181189 -0.00226596 0.00218847 0.00352123 0.00421422 0.00350274 0.00357295 0.152103 0.00445569 0.00310421 0.00313149 0.00364244 0.00320945 -0.00140255 -0.00286369 -0.00187036 -0.0025653 -0.00232265 -0.00225668 -0.00225013 -0.00179473 -0.00242477 -0.00278927 -0.00156807 -0.00251788 -0.0014127 -0.00257402 -0.00146337 -0.00269937 -0.00210394 -0.00167255 -0.00212607 -0.00256486 -0.0023504 -0.00249633 -0.00243964 -0.00271961 -0.00268432 -0.00257607 -0.00266325 -0.00278875 -0.00214677 -0.00189308 -0.00288738 -0.00215121 -0.00214344 -0.00285322 -0.00111383 -0.00246516 -0.00248244 -0.00255057 -0.00188009 -0.00245315 -0.0019706 -0.00182568 -0.00207897 -0.0014904 -0.0023828 -0.0021836 -0.00255664 -0.00204775 -0.00288808 -0.00225558 -0.00193282 -0.00218517 -0.00097865 -0.00164986 -0.00227262 -0.00160802 -0.00218224 -0.00243344 -0.00197611 -0.00223944 -0.00195926 -0.00183227 -0.00163219 -0.00204274 -0.00248821 -0.00147995 -0.00230149 -0.00258844 -0.00228075 -0.00201241 -0.0018309 -0.00301869 -0.00186622 -0.00223618 -0.00250114 
-0.0011433 -0.0018121 -0.00144985 -0.00138688 -0.00222932 -0.00175284 -0.00131068 -0.00288517 -0.00175298 -0.00350096 -0.00206385 -0.00312915 -0.00191433 -0.00242193 -0.00236105 -0.00204245 0.00305181 0.00265912 0.00416637 0.00445569 0.156738 0.00256197 0.00257133 0.00297219 0.00195956 0.0031829 -0.00120551 -0.00178307 -0.00215011 -0.00248054 -0.000928605 -0.00253134 -0.00281793 -0.00228658 -0.00229004 -0.00299488 -0.00108853 -0.00235868 -0.00324252 -0.00153469 -0.00203401 -0.00158232 -0.00353154 -0.00219636 -0.00178792 -0.00295661 -0.00243405 -0.00203168 -0.00145861 -0.00259754 -0.00139251 -0.0017439 -0.00233633 -0.00224425 -0.00235457 -0.002043 -0.001876 -0.000941725 -0.00199414 -0.00125929 -0.00225845 -0.00094778 -0.00231167 -0.00170664 -0.00170613 -0.00156951 -0.00266308 -0.00182634 -0.00140334 -0.00166238 -0.00272392 -0.00199108 -0.00217123 -0.00294908 -0.00160663 -0.00250549 -0.00259589 -0.00156596 -0.00215345 -0.00199383 -0.0024871 -0.00202273 -0.00229757 -0.00228177 -0.00222431 -0.00156709 -0.00223026 -0.00144445 -0.0025671 -0.00199181 -0.00186552 -0.00221097 -0.00103831 -0.00101937 -0.00245988 -0.00190862 -0.00267901 -0.00268123 -0.00184658 -0.00153686 
-0.00118396 -0.00152773 -0.00218436 -0.00203878 -0.00219825 -0.00236676 -0.00223018 -0.00294205 -0.00326771 -0.00213016 -0.00200469 -0.00152874 -0.00122307 -0.00212755 -0.00130573 -0.00184843 0.00270172 0.00137459 0.0033355 0.00310421 0.00256197 0.140943 0.00388216 0.00263488 0.00297909 0.0026651 -0.00206975 -0.00199906 -0.0022721 -0.00123221 -0.00172859 -0.000943307 -0.00169225 -0.00290901 -0.00164247 -0.00182369 -0.00200665 -0.00178028 -0.00277743 -0.000921189 -0.00109078 -0.00182533 -0.00220449 -0.00172706 -0.0020435 -0.0028288 -0.00177466 -0.0012503 -0.00243091 -0.00279865 -0.000971566 -0.00285931 -0.00168729 -0.00150713 -0.00156224 -0.00172027 -0.00201368 -0.00235013 -0.00237163 -0.00175711 -0.000922538 -0.00176642 -0.00216022 -0.00149397 -0.00213542 -0.00173134 -0.00107315 -0.00201181 -0.00175624 -0.000806012 -0.00267262 -0.0019288 -0.00177069 -0.00222757 -0.00114675 -0.00195541 -0.00153754 -0.00189156 -0.00177462 -0.00229899 -0.00213729 -0.00155977 -0.00138859 -0.00175001 -0.00194874 -0.00192027 -0.00237042 -0.00134302 -0.00255173 -0.00130152 -0.000781395 -0.00196759 -0.00194394 -0.0018881 -0.00101629 -0.00171208 -0.00181559 -0.00212402 -0.00151091 -0.00140827 
-0.00185047 -0.00177037 -0.00173768 -0.00150124 -0.000863003 -0.00227234 -0.00156983 -0.00266694 -0.00183441 -0.00193927 -0.00224802 -0.00233194 -0.00312741 -0.00248175 -0.00251024 -0.00232207 -0.00058152 0.0018234 0.00360516 0.00313149 0.00257133 0.00388216 0.148124 0.00349099 0.00219694 0.00156827 0.00161462 -0.0016236 -0.00160163 -0.00215359 -0.00218516 -0.00129807 -0.000949156 -0.00252518 -0.0020429 -0.00151218 -0.00220076 -0.000945054 -0.00302496 -0.00122244 -0.00160592 -0.00162999 -0.00184758 -0.00118938 -0.00193817 -0.00213238 -0.00202219 -0.00166838 -0.00228976 -0.00225619 -0.00223649 -0.00275312 -0.00170649 -0.0021943 -0.00263863 -0.00167142 -0.00175848 -0.00218496 -0.00264139 -0.00212015 -0.00175083 -0.00190331 -0.00190679 -0.00206928 -0.00118065 -0.00221557 -0.00169596 -0.00252062 -0.00186093 -0.00170441 -0.00197854 -0.00122838 -0.00176192 -0.00077632 -0.00200474 -0.00180939 -0.00164696 -0.0017919 -0.00233142 -0.00183925 -0.00141205 -0.00163717 -0.00200754 -0.00144407 -0.00182497 -0.00131845 -0.00164611 -0.00222316 -0.00225438 -0.00161423 -0.00240245 -0.00247581 -0.00203445 -0.00185062 -0.00179057 -0.00343809 -0.00204629 -0.00158311 -0.00140685 -0.00224249 
-0.0015043 -0.00172753 -0.00196349 -0.00239599 -0.00216323 -0.00157093 -0.00114325 -0.00252374 -0.0010913 -0.00235462 -0.00152717 -0.00256114 -0.000975017 -0.00257212 -0.00206331 -0.00125792 -0.00108794 -0.00124468 -0.000535487 0.00364244 0.00297219 0.00263488 0.00349099 0.143082 0.00290392 0.00408709 0.0034254 0.00305662 -0.00135454 -0.00208816 -0.00136308 -0.00203816 -0.00230623 -0.00231042 -0.00242566 -0.00255088 -0.00197603 -0.00172034 -0.00229874 -0.00123135 -0.00149047 -0.00188793 -0.00101575 -0.000620598 -0.00223679 -0.00222201 -0.00212875 -0.000927374 -0.00252624 -0.0024036 -0.00161543 -0.00208965 -0.0021263 -0.00197776 -0.00254386 -0.00195386 -0.00222853 -0.00166959 -0.00181975 -0.00278415 -0.00161654 -0.00192607 -0.00153107 -0.00238838 -0.00225926 -0.00178275 -0.00255024 -0.0025116 -0.00258216 -0.00147545 -0.00216157 -0.00169235 -0.0012993 -0.00195499 -0.00125447 -0.00160763 -0.00263873 -0.00221441 -0.0012937 -0.00114372 -0.00136877 -0.00198318 -0.00146446 -0.00203877 -0.00189704 -0.00193991 -0.00185144 -0.00207551 -0.00198165 -0.00174911 -0.00155217 -0.00202336 -0.00197395 -0.00192531 -0.00101022 -0.00174311 -0.00268235 -0.00161391 -0.00224707 -0.00209425 
-0.00135429 -0.00194502 -0.00264097 -0.00232118 -0.00138061 -0.00137226 -0.00132301 -0.00212012 -0.00268068 -0.00215633 -0.00300578 -0.00296111 -0.00205385 -0.00239459 -0.00221666 -0.00245667 -0.00107835 -0.00119994 -0.0012791 0.00320945 0.00195956 0.00297909 0.00219694 0.00290392 0.144544 0.00395826 0.00227294 0.0027676 0.00251868 0.00194874 -0.00161255 -0.00102103 -0.00199146 -0.00179962 -0.00196953 -0.00168063 -0.00156747 -0.00239581 -0.00177575 -0.00186416 -0.00219974 -0.00117402 -0.00195449 -0.00249657 -0.0025677 -0.00212891 -0.00242851 -0.00186168 -0.00269955 -0.00231193 -0.00141982 -0.00208097 -0.00211362 -0.00214119 -0.00188492 -0.00181753 -0.00238133 -0.00209044 -0.0026445 -0.00164647 -0.00248164 -0.00168846 -0.00238806 -0.00129447 -0.00176038 -0.0017272 -0.00205463 -0.00153988 -0.00220358 -0.00151105 -0.0026777 -0.00209707 -0.00239474 -0.001947 -0.0018271 -0.0012701 -0.00182875 -0.00162392 -0.001345 -0.00196118 -0.00185333 -0.00133304 -0.00186667 -0.000808875 -0.0019939 -0.00199752 -0.001633 -0.000807362 -0.001808 -0.00209394 -0.00193616 -0.00191338 -0.00131279 -0.00295787 -0.00213732 -0.00256208 -0.00207578 -0.00206999 -0.00159749 -0.00121608 
-0.0017035 -0.00159429 -0.00160187 -0.00272461 -0.00113974 -0.00209501 -0.00194994 -0.00242364 -0.00220724 -0.00281601 -0.00119969 -0.00236238 -0.00198168 -0.00237841 -0.00219207 -0.00306523 -0.00118107 -0.0014079 -0.00113192 -0.00140255 0.0031829 0.0026651 0.00156827 0.00408709 0.00395826 0.146694 0.00343256 0.00317598 0.00324802 0.00222869 0.00281156 -0.00196992 -0.00135922 -0.00295442 -0.00147574 -0.00186095 -0.00228411 -0.0024506 -0.00251417 -0.00284 -0.00208453 -0.00251589 -0.00149854 -0.0021578 -0.00231028 -0.00242438 -0.00174355 -0.00208411 -0.00228583 -0.00208602 -0.00238429 -0.00177537 -0.00179322 -0.00154429 -0.00250938 -0.00212667 -0.00168825 -0.00188654 -0.00223794 -0.00194683 -0.00263551 -0.000603742 -0.0013277 -0.00174979 -0.00227376 -0.00188104 -0.00190046 -0.00224546 -0.0022868 -0.0016458 -0.00191989 -0.00166711 -0.00225607 -0.00173219 -0.0013415 -0.00154006 -0.00241956 -0.00267662 -0.00198608 -0.00225489 -0.000993553 -0.00223624 -0.0021451 -0.00226287 -0.00212581 -0.00271664 -0.00246015 -0.00183886 -0.00300509 -0.00263328 -0.00138715 -0.0020302 -0.00210745 -0.00232783 -0.00177108 -0.0012337 -0.0010774 -0.00166863 -0.00159322 -0.00174229 
-0.00150952 -0.00182897 -0.00170799 -0.00173771 -0.00116775 -0.00234156 -0.0012769 -0.00194181 -0.00198297 -0.00142691 -0.00219789 -0.00268734 -0.00305825 -0.00312006 -0.00281295 -0.00152567 -0.00301974 -0.0030184 -0.00274232 -0.00286369 -0.00120551 -0.00206975 0.00161462 0.0034254 0.00227294 0.00343256 0.138011 0.0025526 0.00243915 0.00188993 0.00175554 0.00257576 -0.000859893 -0.00166085 -0.00235014 -0.00244903 -0.00258565 -0.00116511 -0.00171833 -0.00103622 -0.00174517 -0.00138634 -0.00103204 -0.0011671 -0.00174307 -0.0012909 -0.00238419 -0.00124905 -0.00103258 -0.00165208 -0.00156925 -0.00178939 -0.000883635 -0.00141657 -0.00177104 -0.00193362 -0.00242798 -0.000476863 -0.00183469 -0.00151385 -0.00232708 -0.00126099 -0.00135419 -0.00159604 -0.00130385 -0.0015137 -0.00215325 -0.00210336 -0.0021983 -0.00166066 -0.00141866 -0.000933923 -0.00272989 -0.0019905 -0.00227594 -0.00198145 -0.00193609 -0.00163431 -0.00127184 -0.00157155 -0.00172526 -0.00180502 -0.00115087 -0.00165332 -0.00112231 -0.00204574 -0.00173946 -0.00158384 -0.00156558 -0.00120258 -0.00141622 -0.00145419 -0.00177103 -0.0022049 -0.00234463 -0.00181988 -0.00148839 -0.00189396 -0.0019395 -0.00145913 
-0.00215164 -0.00221288 -0.00183626 -0.00220483 -0.0017809 -0.00148981 -0.00239234 -0.00208856 -0.00256836 -0.00177558 -0.00215667 -0.00175411 -0.00163077 -0.00247394 -0.00174768 -0.00287845 -0.00192251 -0.00197906 -0.00226153 -0.00187036 -0.00178307 -0.00199906 -0.0016236 0.00305662 0.0027676 0.00317598 0.0025526 0.137865 0.00277094 0.00256618 0.00290117 0.00235623 0.00250267 -0.00120177 -0.00135148 -0.00132528 -0.00154546 -0.00230603 -0.00204926 -0.00147111 -0.00193432 -0.00151857 -0.00173799 -0.00191738 -0.00211235 -0.0026699 -0.00101074 -0.00165048 -0.00132988 -0.00144326 -0.00175712 -0.00166046 -0.00261917 -0.000684909 -0.00170119 -0.0020845 -0.00219142 -0.00186093 -0.0018187 -0.00101853 -0.00193021 -0.00168359 -0.00176421 -0.00181277 -0.00179584 -0.00197322 -0.00213299 -0.00279086 -0.00240305 -0.00196153 -0.00122466 -0.00293233 -0.00192666 -0.00230979 -0.00149258 -0.00209432 -0.00196156 -0.00176132 -0.00111018 -0.00170313 -0.00122488 -0.00197018 -0.00158242 -0.0021171 -0.00225628 -0.00210706 -0.00174701 -0.00151468 -0.00159834 -0.00130949 -0.000910436 -0.000589613 -0.00190626 -0.00093281 -0.00159483 -0.00165282 -0.00173527 -0.000974322 -0.00165926 -0.00181264 
-0.00108241 -0.00173208 -0.00185706 -0.00147421 -0.00183141 -0.00261292 -0.00222031 -0.00198884 -0.00248067 -0.00276063 -0.00180557 -0.00102449 -0.00183316 -0.00123492 -0.00281365 -0.00202714 -0.000572932 -0.00193669 -0.00248151 -0.0025653 -0.00215011 -0.0022721 -0.00160163 -0.00135454 0.00251868 0.00324802 0.00243915 0.00277094 0.138628 0.00315721 0.00298269 0.00261782 0.00230822 0.00232851 -0.00145847 -0.00134292 -0.00163779 -0.00218277 -0.0018694 -0.00276363 -0.0020012 -0.00243742 -0.00178532 -0.00218167 -0.00205095 -0.00114205 -0.00131173 -0.00183628 -0.00170457 -0.000818387 -0.00181639 -0.00220135 -0.00206498 -0.00192595 -0.0021178 -0.00176893 -0.00298397 -0.00190627 -0.00208477 -0.00260197 -0.000940304 -0.00147398 -0.00247694 -0.00135342 -0.00183961 -0.00169546 -0.00132714 -0.00108437 -0.00128794 -0.00167803 -0.00155838 -0.00225531 -0.00243516 -0.00106641 -0.00141691 -0.00104143 -0.00224857 -0.00148377 -0.00152928 -0.00151019 -0.00154767 -0.00227878 -0.00122833 -0.00152957 -0.00222198 -0.00217791 -0.00184412 -0.0029374 -0.000973972 -0.00215519 -0.00197961 -0.00228325 -0.00134472 -0.000627313 -0.00226206 -0.00204587 -0.00217873 -0.00105247 -0.0017985 -0.00111767 
-0.00163582 -0.00170491 -0.00100885 -0.00204722 -0.000999168 -0.0014579 -0.00148834 -0.00241532 -0.00222573 -0.00199202 -0.00164849 -0.00184584 -0.00231683 -0.00113921 -0.00231789 -0.00223332 -0.00170215 -0.000935487 -0.00162398 -0.00232265 -0.00248054 -0.00123221 -0.00215359 -0.00208816 0.00194874 0.00222869 0.00188993 0.00256618 0.00315721 0.129046 0.00198747 0.00291949 0.00258907 0.00168407 -0.00127597 -0.00151906 -0.00168915 -0.0016703 -0.00114464 -0.00156251 -0.00258756 -0.0015356 -0.0019606 -0.00153838 -0.00168752 -0.00158712 -0.00160577 -0.00145915 -0.00186294 -0.0018245 -0.00143605 -0.00175817 -0.0022444 -0.000876477 -0.00167806 -0.00157532 -0.00152338 -0.00223098 -0.00231027 -0.00189675 -0.00165383 -0.0019356 -0.00173082 -0.00200347 -0.00122428 -0.00130047 -0.00211057 -0.00139986 -0.00231409 -0.00108962 -0.000728041 -0.0018388 -0.0018421 -0.00149027 -0.00157211 -0.00112322 -0.00187529 -0.00118506 -0.00151844 -0.00180899 -0.000497517 -0.000990222 -0.00092883 -0.00165576 -0.00197603 -0.00191882 -0.00163819 -0.00110037 -0.00184902 -0.001683 -0.0015997 -0.00118362 -0.00180415 -0.00154626 -0.00185082 -0.00193702 -0.00201807 -0.00140975 -0.00238524 -0.00124373 
-0.00210446 -0.00213093 -0.00166862 -0.00157379 -0.00275482 -0.00253614 -0.00153837 -0.0015201 -0.00151867 -0.00204326 -0.00166455 -0.00249038 -0.00129345 -0.00299168 -0.00247778 -0.00198734 -0.00236031 -0.00103194 -0.0024018 -0.00225668 -0.000928605 -0.00172859 -0.00218516 -0.00136308 -0.00161255 0.00281156 0.00175554 0.00290117 0.00298269 0.00198747 0.137151 0.00289066 0.00334705 0.00214799 0.00287393 0.00150182 -0.000973185 -0.00178948 -0.000336976 -0.00193023 -0.00116216 -0.0028899 -0.00260283 -0.0014049 -0.00210248 -0.00202311 -0.00145499 -0.00302188 -0.00137455 -0.00199443 -0.00139061 -0.002642 -0.00146167 -0.0020801 -0.00246032 -0.00169224 -0.00190486 -0.0019874 -0.00141918 -0.00200453 -0.00175651 -0.00171786 -0.00177496 -0.00144843 -0.00154439 -0.00180574 -0.00110437 -0.00192824 -0.00165747 -0.00197877 -0.00168986 -0.00202619 -0.00242527 -0.00114942 -0.00153286 -0.00198604 -0.00160791 -0.00221884 -0.00219676 -0.0012316 -0.00169781 -0.00182942 -0.0026664 -0.00196313 -0.0017042 -0.00181936 -0.00120419 -0.00214039 -0.000953608 -0.00181626 -0.00261215 -0.001938 -0.00150392 -0.00193387 -0.00159682 -0.000654106 -0.00185565 -0.00225312 -0.00153427 -0.00162533 
-0.00210467 -0.00237158 -0.00204342 -0.0022943 -0.00187328 -0.00228413 -0.00195211 -0.00203217 -0.00266569 -0.00152366 -0.00223087 -0.00162371 -0.00191741 -0.00260183 -0.00201457 -0.00228574 -0.00235455 -0.00246611 -0.00251574 -0.00225013 -0.00253134 -0.000943307 -0.00129807 -0.00203816 -0.00102103 -0.00196992 0.00257576 0.00235623 0.00261782 0.00291949 0.00289066 0.134361 0.00298973 0.00189187 0.00274092 0.00299667 0.00235285 -0.000982213 -0.00104295 -0.00141997 -0.00194256 -0.00119787 -0.00158702 -0.00158572 -0.00122581 -0.00152858 -0.00170551 -0.00156936 -0.00126266 -0.001656 -0.00216483 -0.00251579 -0.00313511 -0.00222211 -0.00222072 -0.00155507 -0.00219406 -0.00227631 -0.00212064 -0.00170968 -0.00129319 -0.00223095 -0.00207306 -0.00235916 -0.00129771 -0.00118021 -0.00227986 -0.000934682 -0.0010141 -0.00195335 -0.00199437 -0.00137873 -0.00174846 -0.00127986 -0.00166966 -0.0014406 -0.00146301 -0.00134242 -0.00173804 -0.000892917 -0.000969659 -0.00262154 -0.00194154 -0.00195791 -0.00110706 -0.00159194 -0.00239115 -0.00139588 -0.00147612 -0.00151887 -0.00111493 -0.00143314 -0.00138592 -0.0018284 -0.00174533 -0.00178547 -0.00176133 -0.00232827 -0.00192677 -0.00281955 
-0.00176537 -0.00209478 -0.00157997 -0.00212763 -0.00209965 -0.00243327 -0.00161951 -0.00210207 -0.00139897 -0.00180339 -0.00181968 -0.00217956 -0.00123093 -0.00301045 -0.00226054 -0.00239149 -0.00138017 -0.00189957 -0.00165713 -0.00179473 -0.00281793 -0.00169225 -0.000949156 -0.00230623 -0.00199146 -0.00135922 -0.000859893 0.00250267 0.00230822 0.00258907 0.00334705 0.00298973 0.137056 0.00178589 0.00220335 0.00288887 0.00161356 0.00201359 -0.00242769 -0.00168355 -0.00234138 -0.00283105 -0.00244096 -0.00278803 -0.00238126 -0.000805896 -0.00173215 -0.00148985 -0.00160737 -0.00224667 -0.00226379 -0.00136984 -0.00181601 -0.00213997 -0.00211338 -0.00127489 -0.00158251 -0.00141269 -0.0012337 -0.00269784 -0.00163665 -0.00147656 -0.00166496 -0.00148418 -0.00125688 -0.00175107 -0.000608937 -0.00165248 -0.00201384 -0.000359224 -0.00211023 -0.00195348 -0.00236573 -0.00169024 -0.00234181 -0.000965821 -0.00159989 -0.00134228 -0.00198804 -0.00170584 -0.00260332 -0.00197847 -0.00176785 -0.00184261 -0.000936727 -0.00268222 -0.00219069 -0.00222028 -0.000702078 -0.00222873 -0.00191505 -0.00044103 -0.00211169 -0.00192317 -0.0013654 -0.00201907 -0.00177045 -0.00158404 -0.00170631 -0.00203483 
