0.118324 0.00225648 0.0022581 0.00128521 0.002262 0.00242017 -0.00185663 -0.00123313 -0.000640936 -0.00195445 -0.00187146 -0.0020948 -0.00208829 -0.00106666 -0.00206318 -0.00129577 -0.00184876 -0.00232355 -0.00202506 -0.00185189 -0.00154928 -0.00121229 -0.00149195 -0.00164625 -0.00147153 -0.00256809 -0.0012735 -0.00171809 -0.000838613 -0.00164266 -0.00119277 -0.00236986 -0.00173079 -0.0017705 -0.00195446 -0.0014853 -0.00136915 -0.00232911 -0.00197768 -0.000737176 -0.00131953 -0.00102113 -0.00174459 -0.00180575 -0.000113897 -0.00113241 -0.00174773 -0.00128911 -0.00141346 -0.00156076 -0.00153266 -0.00149136 -0.000661904 -0.00208996 -0.00172331 -0.00151166 -0.00153533 -0.00184126 -0.00189768 -0.00120226 -0.00223042 -0.00174521 -0.00177292 -0.00116156 -0.00207914 -0.0019272 -0.00114244 -0.000958372 -0.0011712 -0.000651135 -0.00161588 -0.0011144 -0.00111789 -0.000764148 -0.00134926 -0.00154925 -0.00151687 -0.00131097 -0.00128918 -0.00128574 -0.00110049 -0.00126882 -0.00132213 -0.00158741 -0.00148139 -0.00179971 -0.0017429 -0.00105477 -0.00154198 -0.00210616 -0.00188983 -0.00143258 -0.00134507 -0.00137299 -0.00138093 -0.000998191 0.00260166 0.00174574 0.00184581 0.00135908 
0.00225648 0.124001 0.00224673 0.00283489 0.00189161 0.00259889 0.001854 -0.00127155 -0.000456752 -0.00157887 -0.00178361 -0.00154722 -0.00282408 -0.00154452 -0.00172071 -0.00138326 -0.00225219 -0.00239262 -0.00149727 -0.00163983 -0.00127675 -0.00200578 -0.00185393 -0.00172725 -0.00134772 -0.00216742 -0.00103453 -0.0013105 -0.00190656 -0.00173259 -0.00124564 -0.00211488 -0.00169729 -0.00247987 -0.00202068 -0.000854569 -0.00215501 -0.00274711 -0.00168153 -0.00201588 -0.00200486 -0.00174682 -0.00175718 -0.00138997 -0.00114334 -0.00271227 -0.00206026 -0.00155903 -0.00141284 -0.00177138 -0.00113768 -0.00110988 -0.00198218 -0.00136501 -0.00164782 -0.00196195 -0.0016695 -0.0010065 -0.00225966 -0.00176232 -0.0017729 -0.00142835 -0.00174798 -0.000879451 -0.00103258 -0.00156543 -0.00109354 -0.00196671 -0.00172822 -0.00146677 -0.00207735 -0.00134152 -0.00146655 -0.00193651 -0.00101959 -0.00132681 -0.000874141 -0.00177696 -0.00134545 -0.00184553 -0.00108052 -0.00101341 -0.00139159 -0.00185291 -0.00125308 -0.00119679 -0.00162927 -0.00214634 -0.00175042 -0.00134988 -0.00160932 -0.00148917 -0.00157494 -0.00138401 -0.00128384 -0.000837742 -0.00143937 0.00213601 0.00256456 0.00231932 
0.0022581 0.00224673 0.123698 0.0018962 0.00171337 0.00269233 0.00212698 0.00107245 -0.00177392 -0.00176714 -0.00134566 -0.00133206 -0.00220034 -0.00102352 -0.00153132 -0.00140741 -0.00196218 -0.00214337 -0.00105093 -0.00174233 -0.00213175 -0.00143031 -0.0014565 -0.00166006 -0.00184002 -0.00233171 -0.00195753 -0.000850008 -0.00139814 -0.00118732 -0.0015989 -0.00269496 -0.00244447 -0.00135195 -0.00180456 -0.00155363 -0.00247722 -0.00124484 -0.00136185 -0.0013203 -0.000774854 -0.00195557 -0.00188048 -0.00206355 -0.00119664 -0.00223235 -0.00171639 -0.00178665 -0.00180631 -0.00181778 -0.00107765 -0.00131449 -0.00115839 -0.00183522 -0.00101946 -0.00178906 -0.00215709 -0.00106872 -0.00216779 -0.00212388 -0.00143868 -0.0020946 -0.000730356 -0.00200361 -0.000903981 -0.00187756 -0.000948545 -0.00199748 -0.00109364 -0.00127897 -0.00114077 -0.00122635 -0.0011427 -0.00133162 -0.00162335 -0.00157635 -0.00100462 -0.00093324 -0.0016959 -0.00138385 -0.00116528 -0.00190343 -0.00166463 -0.00135934 -0.00246242 -0.00188668 -0.0012459 -0.00190913 -0.00145583 -0.00116244 -0.00207658 -0.00185413 -0.00158886 -0.000816312 -0.000826592 -0.00205215 -0.000689996 -0.00121146 0.00133241 0.00203951 
0.00128521 0.00283489 0.0018962 0.117407 0.00268031 0.00268689 0.00195994 0.00271885 0.0024247 -0.00158071 -0.00162383 -0.00113326 -0.00159906 -0.000687955 -0.00283923 -0.00270764 -0.00262047 -0.00190298 -0.00265307 -0.00141876 -0.00106541 -0.00214041 -0.00111448 -0.00161675 -0.00222642 -0.00196749 -0.00178611 -0.00176943 -0.00192932 -0.00212034 -0.00185137 -0.00172656 -0.0013251 -0.0018944 -0.00203847 -0.00177187 -0.00156674 -0.00167313 -0.00198245 -0.00175151 -0.00139146 -0.00155661 -0.00221864 -0.00141962 -0.000809054 -0.00150646 -0.00119078 -0.00123434 -0.00052239 -0.000409202 -0.00147973 -0.00110192 -0.00159843 -0.00157135 -0.00117877 -0.00155492 -0.00113886 -0.00194946 -0.00174518 -0.000917833 -0.00112516 -0.00181129 -0.00194944 -0.00124859 -0.00154288 -0.00174795 -0.00115864 -0.00243567 -0.00155023 -0.00050016 -0.00129937 -0.00147217 -0.00153823 -0.00134926 -0.00115527 -0.00129153 -0.00140868 -0.0016801 -0.00113887 -0.00166614 -0.000944267 -0.00152992 -0.00163768 -0.00195499 -0.00119806 -0.00148911 -0.0015912 -0.00159351 -0.0013615 -0.00176289 -0.000616879 -0.00199469 -0.00129905 -0.000804886 -0.00155493 -0.0014224 -0.00135151 -0.000539373 -0.000872617 0.00127468 
0.002262 0.00189161 0.00171337 0.00268031 0.118863 0.00276475 0.0023794 0.00251957 0.00286169 0.00149907 -0.00132827 -0.00117928 -0.00176869 -0.00103707 -0.00219409 -0.00149827 -0.00239314 -0.00219554 -0.0020987 -0.000956111 -0.00206084 -0.0018871 -0.00106216 -0.000658568 -0.00183704 -0.00161562 -0.000806169 -0.00107702 -0.00147454 -0.00145834 -0.00240779 -0.00115145 -0.00180843 -0.00151786 -0.00162382 -0.00197323 -0.00156107 -0.00165201 -0.00229415 -0.00208395 -0.00117878 -0.00205276 -0.0014116 -0.00126545 -0.00181069 -0.00134704 -0.00167516 -0.002003 -0.00134809 -0.00128858 -0.00123935 -0.00162316 -0.00167467 -0.00166597 -0.00108366 -0.00151435 -0.00165728 -0.00168935 -0.00211209 -0.00172535 -0.00112892 -0.00160124 -0.00224769 -0.00156282 -0.00219219 -0.00174679 -0.00101445 -0.00202143 -0.00199475 -0.00134803 -0.00154982 -0.00107466 -0.00156311 -0.00122004 -0.00214527 -0.00125306 -0.00122361 -0.00165242 -0.00140543 -0.00158049 -0.00130155 -0.00199288 -0.00188793 -0.00216864 -0.00147995 -0.00126122 -0.00190713 -0.00224993 -0.00192027 -0.000713052 -0.000788142 -0.00151629 -0.00117841 -0.000669274 -0.00138349 -0.00124296 -0.00164071 -0.000882252 -0.000784624 -0.000913167 
0.00242017 0.00259889 0.00269233 0.00268689 0.00276475 0.136811 0.00219906 0.00202155 0.00319426 0.00264123 0.00196509 -0.00104926 -0.00122224 -0.00171618 -0.00231726 -0.0011541 -0.00273098 -0.00190847 -0.00261521 -0.00208714 -0.00141652 -0.00252292 -0.00145077 -0.00245847 -0.00154693 -0.00228319 -0.00206409 -0.00108246 -0.00175359 -0.00188032 -0.00258922 -0.00167326 -0.00152538 -0.00116248 -0.00221773 -0.00171284 -0.00316359 -0.00218644 -0.00200243 -0.00171345 -0.00193521 -0.00185724 -0.000636333 -0.00280463 -0.00188843 -0.00212295 -0.00193591 -0.00160772 -0.00186031 -0.00115912 -0.00141356 -0.00212358 -0.00206845 -0.0020226 -0.00162585 -0.002429 -0.00175883 -0.00147269 -0.00189889 -0.00245566 -0.00197313 -0.00256412 -0.00238763 -0.0023687 -0.0023102 -0.00211408 -0.00117787 -0.00193988 -0.0021874 -0.00144109 -0.00232079 -0.00182011 -0.001266 -0.00162336 -0.00186355 -0.00157514 -0.00204351 -0.00156928 -0.00151957 -0.00150672 -0.00207324 -0.00174745 -0.00204145 -0.00196953 -0.00205881 -0.00164755 -0.00192534 -0.00181249 -0.00207349 -0.000706181 -0.00186995 -0.001659 -0.00126443 -0.00151149 -0.00193381 -0.000951173 -0.000700643 -0.00192865 -0.00157563 -0.000688722 
-0.00185663 0.001854 0.00212698 0.00195994 0.0023794 0.00219906 0.131188 0.00235741 0.00293761 0.00187642 0.00254589 0.00250262 -0.000952137 -0.00149337 -0.00140645 -0.00131311 -0.00212796 -0.00187031 -0.00230871 -0.00219381 -0.00197939 -0.00144753 -0.00277838 -0.00243964 -0.00260483 -0.00171061 -0.00181086 -0.00115484 -0.0016618 -0.0025779 -0.00238786 -0.00211597 -0.000748597 -0.00238249 -0.00151616 -0.0012925 -0.00198535 -0.00202245 -0.00240396 -0.00229997 -0.00204013 -0.0015931 -0.00181589 -0.0013989 -0.00207258 -0.00187161 -0.00256886 -0.0022107 -0.00132001 -0.00200276 -0.00168197 -0.000909376 -0.00193147 -0.00155699 -0.00127457 -0.00175906 -0.00203253 -0.00195167 -0.00192236 -0.0023597 -0.00243678 -0.00193729 -0.00175361 -0.0013286 -0.000819324 -0.00168526 -0.00229087 -0.0022001 -0.00210207 -0.00144061 -0.00140036 -0.00162727 -0.000845758 -0.00225505 -0.00101703 -0.00187101 -0.00142829 -0.00156126 -0.0011715 -0.00120149 -0.0019952 -0.00119919 -0.000940945 -0.00249653 -0.00204921 -0.00206947 -0.000672261 -0.00165355 -0.00207709 -0.00219489 -0.000634709 -0.00110946 -0.000418653 -0.00144569 -0.00154798 -0.00100558 -0.00240805 -0.00167853 -0.0019158 -0.000923276 
-0.00123313 -0.00127155 0.00107245 0.00271885 0.00251957 0.00202155 0.00235741 0.13073 0.00348627 0.00301802 0.00307918 0.00219923 0.0018193 -0.000806853 -0.00225097 -0.00182961 -0.0020443 -0.00220148 -0.00164917 -0.00195584 -0.00216841 -0.00287175 -0.00186701 -0.00207503 -0.00151837 -0.00175395 -0.00187136 -0.00216733 -0.00252926 -0.00184363 -0.00220758 -0.00246432 -0.00170137 -0.00222778 -0.00220594 -0.0021547 -0.00192353 -0.00144029 -0.00132582 -0.00154203 -0.00130107 -0.00153759 -0.000669665 -0.00136631 -0.00221431 -0.00174026 -0.00221822 -0.00140423 -0.00162642 -0.00165433 -0.00186207 -0.000976261 -0.00131834 -0.00189052 -0.0013542 -0.0011207 -0.00139918 -0.000830183 -0.00261812 -0.0022312 -0.0017667 -0.00218255 -0.00174118 -0.00180037 -0.00182424 -0.00152127 -0.000914074 -0.00140028 -0.00205901 -0.00158015 -0.00164825 -0.00190331 -0.00135776 -0.00119875 -0.00150453 -0.00189003 -0.00196994 -0.00229598 -0.00150614 -0.00201201 -0.00186292 -0.00125045 -0.000576782 -0.00225855 -0.00162587 -0.00163845 -0.00185319 -0.00144173 -0.0018646 -0.00160166 -0.00212534 -0.00206745 -0.0019959 -0.00229954 -0.00185358 -0.000933198 -0.00175447 -0.00191529 -0.00183968 -0.00175134 
-0.000640936 -0.000456752 -0.00177392 0.0024247 0.00286169 0.00319426 0.00293761 0.00348627 0.129538 0.00365148 0.00211905 0.00161261 0.00181173 0.00197295 -0.00261591 -0.0015684 -0.00226477 -0.0023105 -0.00188519 -0.00255633 -0.00238244 -0.00231076 -0.00165889 -0.00237105 -0.00130858 -0.00268378 -0.00156126 -0.00203853 -0.00243882 -0.00137449 -0.00169892 -0.00149173 -0.00156576 -0.00184407 -0.000958074 -0.00175117 -0.00147929 -0.00250859 -0.00143755 -0.00160321 -0.00229781 -0.00191962 -0.0012343 -0.00210677 -0.00193096 -0.00184567 -0.00173823 -0.00178986 -0.00159521 -0.00139869 -0.00176219 -0.00195379 -0.00166669 -0.00142221 -0.0020056 -0.0012737 -0.00177544 -0.00143019 -0.00261079 -0.00181651 -0.00213282 -0.00206887 -0.00137748 -0.00200223 -0.00162741 -0.0015437 -0.00108051 -0.00166675 -0.00177816 -0.00135897 -0.0016481 -0.00145872 -0.00239652 -0.00218994 -0.00154675 -0.00136975 -0.00178894 -0.00213823 -0.000985854 -0.00202081 -0.00136863 -0.00208868 -0.0019472 -0.0017102 -0.00141543 -0.00170114 -0.00112626 -0.0017471 -0.00176371 -0.00216755 -0.000983291 -0.00100903 -0.00148343 -0.00116134 -0.00174481 -0.00164764 -0.00245164 -0.00180422 -0.00222241 -0.00177178 
-0.00195445 -0.00157887 -0.00176714 -0.00158071 0.00149907 0.00264123 0.00187642 0.00301802 0.00365148 0.131765 0.00244218 0.00172762 0.00204313 0.00158431 -0.00226898 -0.00243088 -0.00328099 -0.00193821 -0.00251716 -0.00216301 -0.00170882 -0.00129691 -0.00175772 -0.00213793 -0.00180259 -0.00271146 -0.0018451 -0.00149885 -0.00212874 -0.00135606 -0.00186395 -0.00194223 -0.00214249 -0.00203995 -0.00107163 -0.00177409 -0.00129921 -0.00190699 -0.00181413 -0.00214064 -0.00174925 -0.00218322 -0.00108943 -0.00196027 -0.00202799 -0.00238181 -0.0017515 -0.00161064 -0.00142188 -0.00168152 -0.00164675 -0.00132903 -0.00118935 -0.00209167 -0.00157304 -0.00100187 -0.00100216 -0.00103644 -0.00118651 -0.0011014 -0.00236538 -0.00167657 -0.0019533 -0.00207072 -0.000903896 -0.00249132 -0.00144913 -0.0015153 -0.000709136 -0.00139636 -0.00164933 -0.000601564 -0.000942515 -0.00176796 -0.00136607 -0.00199101 -0.00141863 -0.00124877 -0.00211989 -0.00193241 -0.0019432 -0.00188788 -0.00186701 -0.00241688 -0.00178841 -0.001548 -0.00147605 -0.00162268 -0.00152327 -0.00150112 -0.00156303 -0.00160844 -0.00154641 -0.00157321 -0.00144858 -0.00112746 -0.00140223 -0.00133794 -0.00110173 -0.00165975 
-0.00187146 -0.00178361 -0.00134566 -0.00162383 -0.00132827 0.00196509 0.00254589 0.00307918 0.00211905 0.00244218 0.128017 0.00208647 0.00225568 0.00152668 0.00158018 0.00170188 -0.0018461 -0.00113209 -0.000812097 -0.00219754 -0.00182942 -0.00264763 -0.00251478 -0.00161503 -0.00189872 -0.00307975 -0.00237336 -0.0023311 -0.00134009 -0.00113871 -0.00206675 -0.00151024 -0.00203321 -0.00164213 -0.002422 -0.00306077 -0.00137849 -0.00162199 -0.00201476 -0.00176221 -0.00112747 -0.00170326 -0.00185626 -0.0016003 -0.00169578 -0.0025784 -0.0020297 -0.00188038 -0.00222821 -0.00103024 -0.00177174 -0.00189852 -0.00164494 -0.00106823 -0.00145695 -0.00226773 -0.00183243 -0.00156472 -0.00179125 -0.0015303 -0.00129251 -0.00143695 -0.000974773 -0.0023834 -0.00207628 -0.00157956 -0.00148328 -0.00150608 -0.0009711 -0.0018144 -0.00113152 -0.00112043 -0.00061417 -0.00153771 -0.0017058 -0.00174559 -0.00184813 -0.00199814 -0.00226655 -0.00122637 -0.00174213 -0.00199487 -0.00140761 -0.00150391 -0.000877284 -0.00185034 -0.0016305 -0.000985987 -0.00154963 -0.00167687 -0.00210911 -0.00162822 -0.00144875 -0.000745384 -0.00132104 -0.00140069 -0.00155699 -0.00139304 -0.00123171 -0.0017739 
-0.0020948 -0.00154722 -0.00133206 -0.00113326 -0.00117928 -0.00104926 0.00250262 0.00219923 0.00161261 0.00172762 0.00208647 0.131875 0.00262344 0.00214312 0.00257054 0.00315245 0.00202984 -0.00143405 -0.000836563 -0.0025229 -0.0025798 -0.00170818 -0.00306559 -0.00237398 -0.00204079 -0.00245596 -0.00257478 -0.0022324 -0.00180193 -0.00155002 -0.0021923 -0.0014805 -0.00181416 -0.00256842 -0.0016032 -0.00211634 -0.00167308 -0.00116539 -0.00148755 -0.00158807 -0.00174818 -0.00196903 -0.00114516 -0.00133594 -0.00194005 -0.00194366 -0.00176371 -0.0020685 -0.00219347 -0.00158246 -0.00205266 -0.00194488 -0.00233725 -0.00147053 -0.00139192 -0.00178111 -0.00146354 -0.001499 -0.00168565 -0.0011744 -0.00222311 -0.00213733 -0.00156379 -0.00220776 -0.00125267 -0.00143659 -0.00187945 -0.00101238 -0.000898702 -0.00134068 -0.00133514 -0.000930985 -0.00103178 -0.00203909 -0.00179938 -0.00129203 -0.00170352 -0.00151871 -0.00171499 -0.00219124 -0.00182115 -0.0020587 -0.00203324 -0.00227584 -0.00186792 -0.00183804 -0.00172579 -0.00197543 -0.00162723 -0.00189717 -0.0017274 -0.00173977 -0.00132562 -0.00224741 -0.000730628 -0.00153581 -0.00141174 -0.00179715 -0.00202594 -0.00165872 
-0.00208829 -0.00282408 -0.00220034 -0.00159906 -0.00176869 -0.00122224 -0.000952137 0.0018193 0.00181173 0.00204313 0.00225568 0.00262344 0.136526 0.00281266 0.00217608 0.00180712 0.00270726 -0.00181506 -0.00176581 -0.00173251 -0.00280295 -0.00277295 -0.00228984 -0.00283383 -0.00226751 -0.00250434 -0.00218162 -0.001827 -0.00100431 -0.00100211 -0.00222664 -0.00207949 -0.00219531 -0.00144537 -0.000918646 -0.00305297 -0.00203756 -0.0012198 -0.00190561 -0.00246949 -0.0015456 -0.00157991 -0.00157441 -0.00144543 -0.00188223 -0.00180724 -0.000145269 -0.00155403 -0.00135703 -0.00143698 -0.00132424 -0.0010198 -0.00233214 -0.000771198 -0.00221703 -0.00167401 -0.00116657 -0.00190021 -0.000984098 -0.00241667 -0.00225225 -0.000965424 -0.0011408 -0.00189909 -0.00133833 -0.00104155 -0.00230672 -0.00167414 -0.00147215 -0.0015882 -0.00197453 -0.00108756 -0.00175453 -0.000826669 -0.00118723 -0.000617865 -0.00160254 -0.00114621 -0.00115685 -0.00291589 -0.00259966 -0.00249304 -0.00188848 -0.000915997 -0.00185848 -0.00259273 -0.00142502 -0.00139806 -0.000267644 -0.00235964 -0.00111826 -0.00277355 -0.0014848 -0.00264167 -0.00200845 -0.00123773 -0.00236295 -0.00252753 -0.0020183 -0.00152223 
-0.00106666 -0.00154452 -0.00102352 -0.000687955 -0.00103707 -0.00171618 -0.00149337 -0.000806853 0.00197295 0.00158431 0.00152668 0.00214312 0.00281266 0.144108 0.00241521 0.00200141 0.00184198 0.00287211 0.00225512 -0.00163912 -0.00155374 -0.0014554 -0.00257281 -0.00207065 -0.00244169 -0.00149588 -0.00311655 -0.00248008 -0.00167233 -0.00199638 -0.00120166 -0.001411 -0.00325865 -0.00153677 -0.00199597 -0.00186889 -0.00135658 -0.00265691 -0.00244204 -0.00236185 -0.00175417 -0.00189874 -0.00201039 -0.00173909 -0.001942 -0.00215468 -0.00197736 -0.00100307 -0.00183613 -0.00220744 -0.00208518 -0.00159702 -0.00197999 -0.00216005 -0.0024362 -0.0025844 -0.00160622 -0.00167083 -0.00244144 -0.00212816 -0.00224893 -0.00201109 -0.00223878 -0.00278782 -0.00141 -0.00255363 -0.00181503 -0.00209717 -0.00185858 -0.0014696 -0.00180804 -0.0014559 -0.00152661 -0.00190732 -0.00252466 -0.00200879 -0.0021191 -0.00196225 -0.00123987 -0.0017781 -0.00180793 -0.00149861 -0.00177487 -0.00287411 -0.00230919 -0.00157078 -0.00220254 -0.000592604 -0.00127764 -0.00226461 -0.000510153 -0.00226126 -0.00107941 -0.00232263 -0.00109743 -0.001756 -0.00234923 -0.00229669 -0.00196484 -0.00172807 
-0.00206318 -0.00172071 -0.00153132 -0.00283923 -0.00219409 -0.00231726 -0.00140645 -0.00225097 -0.00261591 -0.00226898 0.00158018 0.00257054 0.00217608 0.00241521 0.145781 0.00342527 0.00297003 0.00276219 0.0041267 0.00180457 -0.00111785 -0.00105829 -0.00176778 -0.00165421 -0.00215552 -0.00282159 -0.00161358 -0.000954281 -0.00234978 -0.00241823 -0.00218165 -0.00129654 -0.00193482 -0.00264454 -0.000944924 -0.00177109 -0.00112933 -0.00171453 -0.00166213 -0.00129126 -0.0022564 -0.00134838 -0.00152972 -0.002255 -0.00249789 -0.00293758 -0.00188499 -0.00178656 -0.0026671 -0.00100748 -0.00248581 -0.00133573 -0.0017477 -0.00157557 -0.002469 -0.00148645 -0.00206827 -0.00211508 -0.00161966 -0.00212168 -0.00208955 -0.0026968 -0.00188287 -0.00166339 -0.00290679 -0.00165448 -0.0025558 -0.00235149 -0.00189042 -0.00151179 -0.00212338 -0.00154226 -0.00178903 -0.00211501 -0.0013887 -0.00225653 -0.00160992 -0.00169557 -0.00247633 -0.00188686 -0.00176545 -0.00122218 -0.00222093 -0.00210147 -0.00233543 -0.0014782 -0.00103829 -0.000690813 -0.00142626 -0.00201633 -0.00221276 -0.00239823 -0.00220129 -0.00151317 -0.000681607 -0.00159983 -0.0013779 -0.00218701 -0.00172919 -0.00244204 
-0.00129577 -0.00138326 -0.00140741 -0.00270764 -0.00149827 -0.0011541 -0.00131311 -0.00182961 -0.0015684 -0.00243088 0.00170188 0.00315245 0.00180712 0.00200141 0.00342527 0.148237 0.00309194 0.0035821 0.00233918 0.00226353 -0.00134615 -0.0015716 -0.00174201 -0.00180659 -0.00199677 -0.000324712 -0.00281012 -0.00242789 -0.00240402 -0.00179322 -0.00303017 -0.00150275 -0.00251971 -0.00228021 -0.00262967 -0.00308861 -0.000546507 -0.00224011 -0.0023619 -0.00269063 -0.00178345 -0.0014647 -0.00247611 -0.00148003 -0.00175266 -0.00234588 -0.00214356 -0.00166065 -0.00224194 -0.00138462 -0.00175286 -0.000935776 -0.00182223 -0.00160884 -0.00171493 -0.00198295 -0.00194165 -0.00187113 -0.00152215 -0.00165501 -0.00254403 -0.00190129 -0.00258118 -0.00179382 -0.0031671 -0.00205799 -0.00202874 -0.00176996 -0.00191147 -0.00145729 -0.00175797 -0.0016346 -0.00173928 -0.0014748 -0.00193092 -0.00144235 -0.000953584 -0.0022973 -0.00176478 -0.00202906 -0.00119171 -0.00196312 -0.00227553 -0.00245107 -0.00158674 -0.00142343 -0.00147003 -0.00211891 -0.00160755 -0.0022229 -0.00167849 -0.00221967 -0.00217997 -0.00285015 -0.00202689 -0.000923629 -0.00274679 -0.0025435 -0.00286023 -0.00178127 
-0.00184876 -0.00225219 -0.00196218 -0.00262047 -0.00239314 -0.00273098 -0.00212796 -0.0020443 -0.00226477 -0.00328099 -0.0018461 0.00202984 0.00270726 0.00184198 0.00297003 0.00309194 0.147997 0.00272468 0.00182332 0.0022586 0.00231077 0.0033886 -0.00226715 -0.00178617 -0.00184566 -0.0032806 -0.00266931 -0.00211243 -0.00224779 -0.00205565 -0.00219451 -0.0022345 -0.00209455 -0.00196846 -0.00144912 -0.00185648 -0.0018707 -0.0024827 -0.00193613 -0.00243287 -0.00193798 -0.00186335 -0.00109061 -0.00135131 -0.00177052 -0.001808 -0.00203484 -0.00170837 -0.00249036 -0.00247994 -0.00184649 -0.00241546 -0.00193019 -0.00140547 -0.0016064 -0.00283844 -0.00277459 -0.00223383 -0.0023852 -0.00313168 -0.00231309 -0.00235078 -0.00191026 -0.00136043 -0.00165114 -0.00211616 -0.00204355 -0.00165633 -0.00200527 -0.00199052 -0.00227083 -0.00207579 -0.00180886 -0.00147023 -0.00148597 -0.00069919 -0.00205114 -0.00124175 -0.0019192 -0.00157559 -0.00172929 -0.00249266 -0.00131585 -0.00114911 -0.00135121 -0.00143679 -0.00220174 -0.000595091 -0.00152525 -0.000876305 -0.00222283 -0.00228734 -0.00132608 -0.000623931 -0.00157289 -0.000944667 -0.00179301 -0.00205418 -0.00188233 -0.0025074 
-0.00232355 -0.00239262 -0.00214337 -0.00190298 -0.00219554 -0.00190847 -0.00187031 -0.00220148 -0.0023105 -0.00193821 -0.00113209 -0.00143405 -0.00181506 0.00287211 0.00276219 0.0035821 0.00272468 0.151221 0.00272612 0.00300636 0.00221586 0.00418483 0.00274132 -0.000459146 -0.00102204 -0.00173782 -0.00256416 -0.00243295 -0.00230003 -0.00256755 -0.00232495 -0.00116803 -0.00135689 -0.00233736 -0.00166933 -0.00242638 -0.00123447 -0.00147058 -0.0015754 -0.00224823 -0.00235107 -0.00119462 -0.00181665 -0.00202171 -0.00164046 -0.00207714 -0.00219781 -0.00153609 -0.0015987 -0.00146974 -0.00215809 -0.00183457 -0.00231421 -0.00286913 -0.00289062 -0.00205187 -0.00271952 -0.003518 -0.00193684 -0.0025626 -0.00212356 -0.00176087 -0.0017922 -0.00184722 -0.00187957 -0.0024477 -0.00250984 -0.00256454 -0.00209723 -0.00158226 -0.00200852 -0.00168276 -0.00182987 -0.00112833 -0.00233026 -0.00177369 -0.00155642 -0.00249107 -0.00143557 -0.00200774 -0.00250221 -0.00208462 -0.00198911 -0.00194253 -0.0017184 -0.00178638 -0.00237002 -0.00156077 -0.00172027 -0.00272703 -0.0026613 -0.00137638 -0.00187316 -0.00249844 -0.00176177 -0.00142526 -0.00166424 -0.00186989 -0.00290099 -0.00153206 
-0.00202506 -0.00149727 -0.00105093 -0.00265307 -0.0020987 -0.00261521 -0.00230871 -0.00164917 -0.00188519 -0.00251716 -0.000812097 -0.000836563 -0.00176581 0.00225512 0.0041267 0.00233918 0.00182332 0.00272612 0.148955 0.00266343 0.00244998 0.00326884 0.00278033 -0.00233718 -0.00230718 -0.000497674 -0.00287122 -0.00218539 -0.000698476 -0.00317944 -0.00202397 -0.0010868 -0.00221503 -0.00264208 -0.00132626 -0.00228367 -0.00176687 -0.00213583 -0.00225806 -0.0011713 -0.00145907 -0.00180592 -0.00272481 -0.00205152 -0.0016823 -0.00211134 -0.00111083 -0.00270789 -0.00175743 -0.0017048 -0.00201332 -0.00257017 -0.00156495 -0.00178568 -0.00192588 -0.00212538 -0.00225756 -0.00116868 -0.00165733 -0.00216501 -0.0014033 -0.00258423 -0.00149749 -0.00159072 -0.00171989 -0.00194681 -0.00163325 -0.00195176 -0.00256037 -0.00196398 -0.00168106 -0.00185036 -0.00240593 -0.00142974 -0.00188811 -0.00229529 -0.00193555 -0.00186622 -0.00229309 -0.00240641 -0.00209445 -0.00151327 -0.00217207 -0.00251408 -0.00253731 -0.00259466 -0.00114842 -0.00171306 -0.00264509 -0.00232498 -0.00169316 -0.00166454 -0.00181659 -0.00231482 -0.00137134 -0.00114967 -0.00141784 -0.00260706 -0.00229519 -0.00184594 
-0.00185189 -0.00163983 -0.00174233 -0.00141876 -0.000956111 -0.00208714 -0.00219381 -0.00195584 -0.00255633 -0.00216301 -0.00219754 -0.0025229 -0.00173251 -0.00163912 0.00180457 0.00226353 0.0022586 0.00300636 0.00266343 0.148985 0.00345469 0.00177724 0.00272825 0.00355502 0.00174667 -0.00128768 -0.00164419 -0.00315908 -0.00138638 -0.00253325 -0.00203643 -0.00235894 -0.00214281 -0.00281178 -0.00252575 -0.00172891 -0.00131074 -0.00228759 -0.00265108 -0.00239107 -0.00230915 -0.00164972 -0.00224921 -0.00171724 -0.00157333 -0.00184782 -0.00165513 -0.00189386 -0.00224736 -0.0022447 -0.00210735 -0.00139444 -0.00231756 -0.00146445 -0.00162945 -0.00153653 -0.00165447 -0.00312055 -0.00118731 -0.00197022 -0.0018295 -0.00158736 -0.00175466 -0.00205274 -0.00140739 -0.0018489 -0.0013019 -0.00141166 -0.00272122 -0.00138455 -0.00175855 -0.00247766 -0.0020463 -0.00281199 -0.00191721 -0.00229151 -0.00208011 -0.00180377 -0.00144139 -0.0018572 -0.00199309 -0.00187145 -0.00204931 -0.00122824 -0.00221584 -0.00201249 -0.00319614 -0.00230829 -0.00182106 -0.00255446 -0.00219652 -0.00125336 -0.00215726 -0.00204133 -0.00197183 -0.00168999 -0.00147668 -0.00188701 -0.00215533 -0.00169558 
-0.00154928 -0.00127675 -0.00213175 -0.00106541 -0.00206084 -0.00141652 -0.00197939 -0.00216841 -0.00238244 -0.00170882 -0.00182942 -0.0025798 -0.00280295 -0.00155374 -0.00111785 -0.00134615 0.00231077 0.00221586 0.00244998 0.00345469 0.143873 0.00283676 0.00394002 0.00192986 0.00325472 0.0026168 -0.000375086 -0.00185587 -0.00183718 -0.0016061 -0.0018277 -0.0017378 -0.00170541 -0.00216056 -0.00164608 -0.00179722 -0.00189494 -0.00236429 -0.00168634 -0.00144146 -0.00167528 -0.00138402 -0.00211883 -0.00123034 -0.001726 -0.00193742 -0.00110178 -0.00142202 -0.00165998 -0.00189588 -0.00219683 -0.00196877 -0.00163908 -0.00187461 -0.00215342 -0.00254868 -0.00312722 -0.00234971 -0.00229313 -0.00231873 -0.00188227 -0.00298596 -0.00174105 -0.00164608 -0.00215176 -0.0014824 -0.00167779 -0.00197154 -0.00249013 -0.0015556 -0.00173187 -0.000992501 -0.00224379 -0.00206028 -0.00201141 -0.00167008 -0.00149655 -0.0026035 -0.00221045 -0.00182446 -0.00179679 -0.00183881 -0.0019945 -0.00188862 -0.00170489 -0.00247078 -0.00285081 -0.00246907 -0.00191968 -0.00201278 -0.00155716 -0.00202822 -0.00133467 -0.00200952 -0.00187308 -0.00146371 -0.00167237 -0.00227886 -0.0016663 -0.00209552 
-0.00121229 -0.00200578 -0.00143031 -0.00214041 -0.0018871 -0.00252292 -0.00144753 -0.00287175 -0.00231076 -0.00129691 -0.00264763 -0.00170818 -0.00277295 -0.0014554 -0.00105829 -0.0015716 0.0033886 0.00418483 0.00326884 0.00177724 0.00283676 0.144504 0.0027953 0.00267783 0.00348439 0.00260327 -0.00151814 -0.0015554 -0.00219754 -0.00177901 -0.00217658 -0.00177148 -0.00262464 -0.00247828 -0.000990435 -0.0013951 -0.001814 -0.00136067 -0.00203936 -0.00241848 -0.00190908 -0.00259139 -0.00264931 -0.00290781 -0.00227682 -0.00116423 -0.00160242 -0.000846468 -0.00152373 -0.00192408 -0.00103535 -0.00214634 -0.00172061 -0.000922062 -0.00230843 -0.00187113 -0.00198794 -0.00238954 -0.00214464 -0.00151604 -0.00145324 -0.00233045 -0.00197689 -0.00142565 -0.00196794 -0.00262536 -0.00303923 -0.00149821 -0.00244262 -0.00179712 -0.0019144 -0.00229477 -0.00164767 -0.000914468 -0.00224932 -0.00167414 -0.00214668 -0.00239106 -0.00261159 -0.00221016 -0.00232225 -0.00157731 -0.00182858 -0.00114684 -0.00187203 -0.00159335 -0.00156112 -0.00172184 -0.00233609 -0.00214402 -0.00138459 -0.00127063 -0.00112062 -0.00221706 -0.0022288 -0.00244391 -0.00197474 -0.00203635 -0.00259367 -0.00164039 
-0.00149195 -0.00185393 -0.0014565 -0.00111448 -0.00106216 -0.00145077 -0.00277838 -0.00186701 -0.00165889 -0.00175772 -0.00251478 -0.00306559 -0.00228984 -0.00257281 -0.00176778 -0.00174201 -0.00226715 0.00274132 0.00278033 0.00272825 0.00394002 0.0027953 0.147117 0.00247816 0.00319516 0.00242116 0.00257442 -0.00210019 -0.00219309 -0.00233429 -0.0016205 -0.00213164 -0.00127513 -0.00122895 -0.00166845 -0.0025319 -0.00200757 -0.00172359 -0.00167349 -0.00176033 -0.00217986 -0.00177357 -0.00286784 -0.00275264 -0.00199618 -0.00127807 -0.000828905 -0.00186232 -0.00126084 -0.0020268 -0.00297312 -0.00152704 -0.00163463 -0.00213304 -0.00159395 -0.00246934 -0.00273687 -0.00305515 -0.00159438 -0.00186714 -0.00189477 -0.0018675 -0.000970376 -0.000791634 -0.0016486 -0.00186313 -0.0023602 -0.00279153 -0.0021669 -0.00164424 -0.001271 -0.00225844 -0.00172245 -0.00205312 -0.00165369 -0.00253522 -0.00203395 -0.00261705 -0.00174746 -0.00173214 -0.00235307 -0.00136513 -0.00221671 -0.00242721 -0.00122866 -0.00190593 -0.00201456 -0.00175463 -0.00185916 -0.00122307 -0.00246133 -0.00184998 -0.00247008 -0.00231226 -0.00214938 -0.00202698 -0.00135787 -0.00183673 -0.00217161 -0.000790413 
-0.00164625 -0.00172725 -0.00166006 -0.00161675 -0.000658568 -0.00245847 -0.00243964 -0.00207503 -0.00237105 -0.00213793 -0.00161503 -0.00237398 -0.00283383 -0.00207065 -0.00165421 -0.00180659 -0.00178617 -0.000459146 -0.00233718 0.00355502 0.00192986 0.00267783 0.00247816 0.142403 0.00372266 0.00222274 0.00305975 0.00221413 -0.00204911 -0.00135593 -0.00148015 -0.00168714 -0.00269868 -0.00256682 -0.00221674 -0.00201661 -0.00256207 -0.00265828 -0.0022315 -0.00198774 -0.0017069 -0.00183705 -0.0022948 -0.00216651 -0.000919157 -0.00232575 -0.00141653 -0.00218182 -0.00257776 -0.00117355 -0.00185026 -0.00124309 -0.00210226 -0.00101586 -0.00174795 -0.00228276 -0.00163029 -0.00227627 -0.00184785 -0.00185048 -0.00119228 -0.00116068 -0.0021906 -0.00195305 -0.00177997 -0.00138828 -0.00146595 -0.00108194 -0.00181281 -0.00104298 -0.00171533 -0.00109822 -0.00145322 -0.00209426 -0.00111606 -0.00123376 -0.00263184 -0.00148037 -0.00159353 -0.00236892 -0.00102582 -0.00165162 -0.00138147 -0.000830741 -0.00169214 -0.00190212 -0.00133976 -0.00144298 -0.00183486 -0.00170687 -0.00221361 -0.00106825 -0.00206527 -0.00206895 -0.00187461 -0.00189898 -0.00111154 -0.00288296 -0.00206927 -0.00266208 
-0.00147153 -0.00134772 -0.00184002 -0.00222642 -0.00183704 -0.00154693 -0.00260483 -0.00151837 -0.00130858 -0.00180259 -0.00189872 -0.00204079 -0.00226751 -0.00244169 -0.00215552 -0.00199677 -0.00184566 -0.00102204 -0.00230718 0.00174667 0.00325472 0.00348439 0.00319516 0.00372266 0.142998 0.00288233 0.0024008 0.00123219 0.00235624 0.00268466 -0.00186411 -0.0018911 -0.000968657 -0.00241724 -0.00246108 -0.00209801 -0.002025 -0.00209718 -0.00221347 -0.00236875 -0.00251258 -0.00180971 -0.00176002 -0.00219282 -0.000880206 -0.00236308 -0.00131035 -0.000960598 -0.00196152 -0.00181433 -0.00243649 -0.0017732 -0.00169512 -0.00334683 -0.00211951 -0.00166118 -0.00181849 -0.0012017 -0.00267284 -0.00234546 -0.00248029 -0.00209134 -0.00243259 -0.000961985 -0.00245218 -0.0019385 -0.00141371 -0.0026183 -0.00223209 -0.00235155 -0.00263931 -0.00162373 -0.0016944 -0.00277919 -0.00190428 -0.00184589 -0.00215291 -0.00132276 -0.00192074 -0.00121414 -0.00164927 -0.00108118 -0.00146118 -0.0014629 -0.0026595 -0.00162498 -0.002368 -0.00171915 -0.00297087 -0.0013279 -0.00199349 -0.00139384 -0.00269277 -0.00193684 -0.0019629 -0.0013052 -0.00142509 -0.00048913 -0.00189077 -0.0019524 
-0.00256809 -0.00216742 -0.00233171 -0.00196749 -0.00161562 -0.00228319 -0.00171061 -0.00175395 -0.00268378 -0.00271146 -0.00307975 -0.00245596 -0.00250434 -0.00149588 -0.00282159 -0.000324712 -0.0032806 -0.00173782 -0.000497674 -0.00128768 0.0026168 0.00260327 0.00242116 0.00222274 0.00288233 0.14311 0.00271484 0.00273477 0.00287435 0.00335513 0.00281749 -0.00158455 -0.00209 -0.00102659 -0.00190823 -0.00244932 -0.00224459 -0.00266684 -0.00202838 -0.0017678 -0.00257209 -0.000595975 -0.0013275 -0.00269505 -0.0014053 -0.00183668 -0.00228154 -0.00247503 -0.00240119 -0.00137612 -0.00255625 -0.00158537 -0.00166111 -0.00231672 -0.00169366 -0.00196671 -0.00197709 -0.00167113 -0.00255197 -0.0018052 -0.00273778 -0.00258467 -0.00178928 -0.00204882 -0.00202461 -0.00135371 -0.00118301 -0.00183793 -0.00156459 -0.000835176 -0.00184707 -0.000730977 -0.000982318 -0.00193252 -0.00179593 -0.00209164 -0.00148724 -0.00195177 -0.00224971 -0.00111856 -0.00189704 -0.00135546 -0.00241049 -0.00291637 -0.00183692 -0.00158849 -0.00152617 -0.0012708 -0.00185846 -0.00244349 -0.00118089 -0.00238592 -0.00220774 -0.00150946 -0.00278164 -0.0012936 -0.00213447 -0.00200714 -0.00198127 -0.00182247 
-0.0012735 -0.00103453 -0.00195753 -0.00178611 -0.000806169 -0.00206409 -0.00181086 -0.00187136 -0.00156126 -0.0018451 -0.00237336 -0.00257478 -0.00218162 -0.00311655 -0.00161358 -0.00281012 -0.00266931 -0.00256416 -0.00287122 -0.00164419 -0.000375086 -0.00151814 0.00257442 0.00305975 0.0024008 0.00271484 0.13653 0.00210443 0.00225671 0.00255281 0.00163561 0.00243687 -0.00101567 -0.00156552 -0.00210474 -0.00217652 -0.00224419 -0.00133936 -0.00139154 -0.00165757 -0.00173676 -0.00108142 -0.00196762 -0.00172152 -0.00184107 -0.00194811 -0.00188559 -0.00151884 -0.00152757 -0.00124544 -0.00131984 -0.00200229 -0.00164391 -0.001909 -0.00224489 -0.00210339 -0.00165469 -0.00196997 -0.00172581 -0.00148833 -0.00139727 -0.00128954 -0.00155413 -0.000921786 -0.0020063 -0.00205368 -0.000901781 -0.00129977 -0.00164327 -0.00120962 -0.00114427 -0.00223646 -0.00198388 -0.00163709 -0.00131826 -0.00172433 -0.00239134 -0.00167721 -0.00196558 -0.0017838 -0.00185506 -0.00283335 -0.00176903 -0.00214523 -0.00157424 -0.00121651 -0.00161806 -0.00165198 -0.00159063 -0.0018042 -0.00191632 -0.00190037 -0.0017654 -0.00127908 -0.0022937 -0.00182059 -0.00179174 -0.00139595 -0.00217474 -0.00137729 
-0.00171809 -0.0013105 -0.000850008 -0.00176943 -0.00107702 -0.00108246 -0.00115484 -0.00216733 -0.00203853 -0.00149885 -0.0023311 -0.0022324 -0.001827 -0.00248008 -0.000954281 -0.00242789 -0.00211243 -0.00243295 -0.00218539 -0.00315908 -0.00185587 -0.0015554 -0.00210019 0.00221413 0.00123219 0.00273477 0.00210443 0.134821 0.00174564 0.00207547 0.00273469 0.00190943 0.00211281 -0.000980715 -0.00138412 -0.00164979 -0.00178044 -0.00137767 -0.00146336 -0.00175414 -0.00285632 -0.00183637 -0.00191685 -0.00251239 -0.00169164 -0.00243358 -0.00175355 -0.00179313 -0.00142633 -0.00179225 -0.00156161 -0.00154212 -0.00176104 -0.00205182 -0.00121444 -0.00155216 -0.00234165 -0.00101448 -0.00155055 -0.00123285 -0.00216816 -0.00198088 -0.00180474 -0.00109413 -0.00231726 -0.00189462 -0.00177612 -0.00176332 -0.0022233 -0.00146496 -0.000861502 -0.00175031 -0.00116873 -0.00143044 -0.00234826 -0.00135816 -0.0019735 -0.00116971 -0.001958 -0.00109824 -0.000701165 -0.00161712 -0.00174972 -0.00181714 -0.00178984 -0.00203412 -0.00173393 -0.00174566 -0.00141118 -0.00189962 -0.00169 -0.00205754 -0.00171291 -0.00152484 -0.00198692 -0.00114629 -0.00120855 -0.00175261 -0.0013955 -0.000558646 
-0.000838613 -0.00190656 -0.00139814 -0.00192932 -0.00147454 -0.00175359 -0.0016618 -0.00252926 -0.00243882 -0.00212874 -0.00134009 -0.00180193 -0.00100431 -0.00167233 -0.00234978 -0.00240402 -0.00224779 -0.00230003 -0.000698476 -0.00138638 -0.00183718 -0.00219754 -0.00219309 -0.00204911 0.00235624 0.00287435 0.00225671 0.00174564 0.136049 0.00246616 0.00274372 0.00183415 0.00317378 0.00196222 -0.00115559 -0.00108368 -0.00139652 -0.0013134 -0.00158959 -0.00124678 -0.00186237 -0.00125516 -0.00106968 -0.00208013 -0.00108328 -0.00181749 -0.00148095 -0.00210106 -0.00189383 -0.00229481 -0.00222135 -0.00213478 -0.00129625 -0.00150111 -0.00114511 -0.00184186 -0.000992473 -0.00136723 -0.00221557 -0.00166169 -0.00236731 -0.00174597 -0.00159179 -0.00201352 -0.00190062 -0.00182062 -0.00160035 -0.00204158 -0.00210737 -0.00146936 -0.00192852 -0.000985044 -0.00140913 -0.00202944 -0.00144109 -0.00248853 -0.00231105 -0.00138685 -0.00135765 -0.00135778 -0.00184129 -0.00147236 -0.00157937 -0.00226502 -0.00190353 -0.00174413 -0.00187611 -0.00136031 -0.00198521 -0.00253051 -0.00218137 -0.00231204 -0.00123468 -0.00153478 -0.00224239 -0.00187964 -0.0018344 -0.00221502 -0.00169121 -0.00178182 
-0.00164266 -0.00173259 -0.00118732 -0.00212034 -0.00145834 -0.00188032 -0.0025779 -0.00184363 -0.00137449 -0.00135606 -0.00113871 -0.00155002 -0.00100211 -0.00199638 -0.00241823 -0.00179322 -0.00205565 -0.00256755 -0.00317944 -0.00253325 -0.0016061 -0.00177901 -0.00233429 -0.00135593 0.00268466 0.00335513 0.00255281 0.00207547 0.00246616 0.127838 0.002445 0.00211317 0.00261815 0.00301019 -0.00111462 -0.00141722 -0.00165167 -0.00119088 -0.00186313 -0.00160037 -0.00244363 -0.00189367 -0.00203231 -0.00309342 -0.00128677 -0.00191155 -0.00207973 -0.00155812 -0.00214095 -0.00113894 -0.00213937 -0.00181179 -0.00148326 -0.00203431 -0.00109246 -0.00134951 -0.00142466 -0.00191219 -0.00206495 -0.0020277 -0.00159111 -0.00205977 -0.00138548 -0.00148008 -0.00210912 -0.00146555 -0.00236949 -0.00130721 -0.00141664 -0.00101578 -0.00155777 -0.00146454 -0.00159223 -0.00160045 -0.00160565 -0.00135868 -0.000846444 -0.00213507 -0.00171252 -0.00143857 -0.00125245 -0.00155835 -0.00165109 -0.00184317 -0.00129812 -0.000918702 -0.00184945 -0.00144528 -0.00086852 -0.00190479 -0.00195187 -0.00124598 -0.00107922 -0.0010564 -0.00157211 -0.00182873 -0.00212672 -0.00131403 -0.00146677 -0.00117362 
-0.00119277 -0.00124564 -0.0015989 -0.00185137 -0.00240779 -0.00258922 -0.00238786 -0.00220758 -0.00169892 -0.00186395 -0.00206675 -0.0021923 -0.00222664 -0.00120166 -0.00218165 -0.00303017 -0.00219451 -0.00232495 -0.00202397 -0.00203643 -0.0018277 -0.00217658 -0.0016205 -0.00148015 -0.00186411 0.00281749 0.00163561 0.00273469 0.00274372 0.002445 0.135844 0.00238474 0.00258569 0.00250238 0.00238041 0.0025446 -0.0018872 -0.00216914 -0.00190086 -0.00231926 -0.00175397 -0.00147333 -0.00193917 -0.00162288 -0.000867122 -0.00180101 -0.00183678 -0.0016671 -0.00197657 -0.00187923 -0.00205772 -0.00269829 -0.00186878 -0.00199904 -0.00153646 -0.00159995 -0.000945858 -0.00166778 -0.00198519 -0.00155189 -0.00119717 -0.00201168 -0.00167189 -0.00102559 -0.00202868 -0.00214115 -0.00133038 -0.000775604 -0.00205313 -0.00186199 -0.00172177 -0.00132127 -0.00163646 -0.0020888 -0.00139631 -0.00144325 -0.00180932 -0.00145828 -0.00161932 -0.00226202 -0.00159034 -0.00141967 -0.00123697 -0.00210381 -0.00162543 -0.00167701 -0.00158066 -0.00154843 -0.00179669 -0.00183992 -0.00184456 -0.00149492 -0.00231247 -0.0022732 -0.00168202 -0.00220961 -0.00136234 -0.00192434 -0.00189623 -0.00184892 
-0.00236986 -0.00211488 -0.00269496 -0.00172656 -0.00115145 -0.00167326 -0.00211597 -0.00246432 -0.00149173 -0.00194223 -0.00151024 -0.0014805 -0.00207949 -0.001411 -0.00129654 -0.00150275 -0.0022345 -0.00116803 -0.0010868 -0.00235894 -0.0017378 -0.00177148 -0.00213164 -0.00168714 -0.0018911 -0.00158455 0.00243687 0.00190943 0.00183415 0.00211317 0.00238474 0.132005 0.00326449 0.00182826 0.0021955 0.00246308 0.0008185 -0.0012774 -0.00154762 -0.00260569 -0.00176527 -0.00189623 -0.00234856 -0.00223883 -0.00188855 -0.00164363 -0.00161684 -0.00140516 -0.0022812 -0.00139728 -0.00128986 -0.00115299 -0.00138966 -0.00127726 -0.00160024 -0.00186806 -0.00183066 -0.000949467 -0.00152029 -0.000829372 -0.00201263 -0.00207637 -0.00174261 -0.00121281 -0.0012298 -0.00117949 -0.00239671 -0.00188305 -0.00186746 -0.00171485 -0.00177514 -0.00224306 -0.00153373 -0.00186784 -0.00118253 -0.00252113 -0.00133619 -0.00226691 -0.00232169 -0.00170075 -0.00111645 -0.00116232 -0.00156059 -0.00174301 -0.00101596 -0.00148197 -0.00138829 -0.00131364 -0.00134048 -0.00156129 -0.00184378 -0.00190464 -0.00196259 -0.00176203 -0.00187091 -0.00185364 -0.0027374 -0.00179354 -0.00159456 -0.00188314 
-0.00173079 -0.00169729 -0.00244447 -0.0013251 -0.00180843 -0.00152538 -0.000748597 -0.00170137 -0.00156576 -0.00214249 -0.00203321 -0.00181416 -0.00219531 -0.00325865 -0.00193482 -0.00251971 -0.00209455 -0.00135689 -0.00221503 -0.00214281 -0.00170541 -0.00262464 -0.00127513 -0.00269868 -0.000968657 -0.00209 -0.00101567 0.00211281 0.00317378 0.00261815 0.00258569 0.00326449 0.13101 0.00344048 0.00231717 0.0026761 0.00184087 0.00174771 -0.00121537 -0.00271648 -0.00158605 -0.00183833 -0.00206227 -0.00186432 -0.00272144 -0.00156298 -0.0013671 -0.00244193 -0.00229239 -0.00227049 -0.00127991 -0.00150697 -0.00135589 -0.00165035 -0.00134093 -0.00159752 -0.000938293 -0.00187804 -0.00224218 -0.00213544 -0.00296603 -0.00129625 -0.00130993 -0.00179017 -0.00118029 -0.0017374 -0.00169222 -0.00202723 -0.00123193 -0.0023974 -0.00197235 -0.00174424 -0.00124259 -0.00136125 -0.00118331 -0.00173724 -0.00102435 -0.000955267 -0.00123286 -0.00186834 -0.000990728 -0.00219471 -0.0019244 -0.00225207 -0.00124366 -0.00176606 -0.00141977 -0.00197487 -0.00195052 -0.00180697 -0.00149462 -0.00211765 -0.00176593 -0.0012864 -0.00120221 -0.00202321 -0.00164119 -0.00198089 -0.001223 -0.00208004 
