0.128131 0.00215054 0.000796783 0.00248408 0.0014423 0.00197474 -0.00159255 -0.00260601 -0.00167897 -0.00104253 -0.00204705 -0.000966088 -0.00120863 -0.00258115 -0.00194512 -0.00268358 -0.00204062 -0.00107509 -0.00120344 -0.00130291 -0.00123122 -0.000595902 -0.00167652 -0.00135618 -0.00304099 -0.0021323 -0.00343953 -0.00193344 -0.00180969 -0.00259623 -0.00188751 -0.000930197 -0.00203437 -0.00226849 -0.00181724 -0.0016654 -0.00136055 -0.00146967 -0.00171719 -0.00156693 -0.0026111 -0.000978936 -0.00189076 -0.00126293 -0.00145844 -0.00208313 -0.00233811 -0.00227026 -0.00134352 -0.00168868 -0.00107266 -0.00201313 -0.00176024 -0.00186694 -0.0018995 -0.00128262 -0.00236832 -0.00178896 -0.00177466 -0.00154638 -0.00149828 -0.0011892 -0.00196971 -0.00142906 -0.000633972 -0.00159503 -0.00189048 -0.00100571 -0.00144408 -0.00132085 -0.00214252 -0.00149863 -0.0015328 -0.00147035 -0.0011876 -0.00125818 -0.00143863 -0.0016279 -0.00133062 -0.00122257 -0.00105794 -0.00214555 -0.00171291 -0.00200058 -0.00116071 -0.00141477 -0.00138738 -0.00163877 -0.00147788 -0.0012246 -0.0015591 -0.00158021 -0.000692037 -0.00198104 -0.000703788 -0.000581556 0.00141504 0.00266701 0.00269124 0.00305509 
0.00215054 0.119203 0.00213647 0.00251846 0.00128997 0.00204313 0.00148806 -0.00202801 -0.00180438 -0.00176512 -0.00196087 -0.00150425 -0.00270708 -0.00189996 -0.00198737 -0.00278454 -0.00152772 -0.00158677 -0.00181226 -0.00201885 -0.00189036 -0.00115154 -0.00164173 -0.00184446 -0.0011622 -0.000725452 -0.00218986 -0.00103299 -0.000533671 -0.00169507 -0.00135912 -0.00155271 -0.00140871 -0.00211495 -0.00217296 -0.00165523 -0.00183088 -0.0024982 -0.0019582 -0.00176204 -0.00172595 -0.0010441 -0.00167262 -0.00182393 -0.000830684 -0.00178793 -0.00158366 -0.000887435 -0.00116541 -0.00145236 -0.00138826 -0.00117542 -0.00172041 -0.00101425 -0.00117083 -0.00152667 -0.00171244 -0.00135963 -0.00122707 -0.00198056 -0.000949548 -0.00178544 -0.00219545 -0.00239994 -0.00181729 -0.00166786 -0.00182648 -0.00130091 -0.00163302 -0.000733371 -0.00141058 -0.00153263 -0.000580766 -0.0018784 -0.00100286 -0.00143371 -0.000926508 -0.000992053 -0.00140216 -0.00180594 -0.00213473 -0.00205438 -0.00182996 -0.00130656 -0.00105278 -0.000794209 -0.00121211 -0.00041382 -0.00115059 -0.00166135 -0.00159215 -0.00187528 -0.00123383 -0.00162671 -0.0005139 -0.00120171 -0.00119483 0.00192844 0.00204861 0.00313446 
0.000796783 0.00213647 0.119668 0.00129163 0.0016462 0.00176573 0.00215599 0.0025604 -0.00142662 -0.00131285 -0.00197145 -0.00145192 -0.00155946 -0.00166822 -0.00169897 -0.00210551 -0.00129857 -0.00170757 -0.0019416 -0.0021995 -0.0026425 -0.00129216 -0.0010157 -0.00224409 -0.00156337 -0.000910765 -0.00252899 -0.0020734 -0.00156648 -0.00206704 -0.00196205 -0.0017602 -0.00171522 -0.001121 -0.001885 -0.00116514 -0.00142283 -0.00174692 -0.00134861 -0.00154209 -0.00150051 -0.0012349 -0.00124771 -0.0012054 -0.00127657 -0.00196943 -0.00225478 -0.00142275 -0.00218403 -0.00178052 -0.00171307 -0.00112968 -0.00189538 -0.00197692 -0.0012556 -0.00177407 -0.00166545 -0.00116195 -0.00111904 -0.0014011 -0.00169479 -0.000520375 -0.00111991 -0.00109858 -0.000890024 -0.00116672 -0.001527 -0.00176203 -0.0013041 -0.00143196 -0.0018042 -0.000813275 -0.00132239 -0.00149411 -0.0018125 -0.00201561 -0.000962269 -0.00155045 -0.00132722 -0.000888398 -0.00158145 -0.00100367 -0.00170772 -0.000785992 -0.00127361 -0.000678104 -0.00184226 -0.000979975 -0.00174579 -0.00165038 -0.00122699 -0.00136215 -0.00167354 -0.000849192 -0.00114359 -0.00160607 -0.00131231 -0.00113133 0.00137662 0.00174733 
0.00248408 0.00251846 0.00129163 0.125859 0.00140637 0.00253619 0.00182852 0.00260021 0.00190754 -0.0010385 -0.000911225 -0.00108459 -0.00160121 -0.00277067 -0.00231316 -0.00249284 -0.00186743 -0.00189538 -0.00198192 -0.00145413 -0.00183789 -0.00197864 -0.00215395 -0.000482983 -0.00254911 -0.00129086 -0.00228163 -0.00225362 -0.00109472 -0.00196602 -0.0011329 -0.00239179 -0.00135685 -0.0019304 -0.0018229 -0.00177134 -0.00263359 -0.0036103 -0.00283777 -0.00222563 -0.00184121 -0.00139331 -0.00182068 -0.00169876 -0.00159882 -0.00219926 -0.0013537 -0.00271259 -0.00128428 -0.00163357 -0.00134792 -0.00136855 -0.00172407 -0.000934383 -0.00150475 -0.00144142 -0.00196244 -0.00140352 -0.00162896 -0.00165073 -0.00141589 -0.00142045 -0.00178088 -0.00167465 -0.00194174 -0.00185084 -0.00158921 -0.00126758 -0.00120059 -0.000957899 -0.00216605 -0.00104 -0.00169618 -0.000941287 -0.000794527 -0.00186718 -0.00180108 -0.00128033 -0.00171688 -0.00215074 -0.000796773 -0.000415632 -0.00160873 -0.00248285 -0.00178669 -0.0016328 -0.000598809 -0.000892291 -0.00131127 -0.00065768 -0.000984115 -0.000660641 -0.00161501 -0.00085858 -0.00127627 -0.000870128 -0.00198807 -0.000751829 -0.00182286 0.00264952 
0.0014423 0.00128997 0.0016462 0.00140637 0.119091 0.00200267 0.00268628 0.00302431 0.00222889 0.00355661 -0.0014307 -0.00138792 -0.00100092 -0.00131915 -0.00156483 -0.00179394 -0.00241486 -0.00166958 -0.00149792 -0.00217924 -0.0011994 -0.00208357 -0.00166963 -0.00263717 -0.00141345 -0.00139197 -0.00115651 -0.00176433 -0.00145206 -0.00227159 -0.00134103 -0.00257384 -0.00118465 -0.00204583 -0.00200859 -0.00161188 -0.00172945 -0.00265995 -0.00162996 -0.00127715 -0.00202536 -0.00167382 -0.00184009 -0.00211604 -0.00203632 -0.00133112 -0.00184202 -0.00119838 -0.00180065 -0.00147819 -0.00158478 -0.00112616 -0.00098575 -0.00179167 -0.00123551 -0.00171526 -0.000963238 -0.00136789 -0.00111371 -0.000948511 -0.0011599 -0.00160928 -0.00120592 -0.00175798 -0.0016359 -0.00142778 -0.0016694 -0.00226623 -0.00130307 -0.00186954 -0.00140663 -0.00160126 -0.00141179 -0.001046 -0.00120615 -0.00115743 -0.00159072 -0.00201008 -0.00142278 -0.00158217 -0.00137397 -0.00155058 -0.000735787 -0.00152327 -0.00177374 -0.00128254 -0.00118913 -0.00142824 -0.00118908 -0.00132392 -0.000804048 -0.00122392 -0.00104653 -0.00173491 -0.00143429 -0.00163239 -0.000875662 -0.00130709 -0.00211484 -0.00095468 
0.00197474 0.00204313 0.00176573 0.00253619 0.00200267 0.127168 0.00265459 0.00267034 0.00113544 0.00305707 0.00212897 -0.00118685 -0.00213046 -0.00154316 -0.0021677 -0.00167636 -0.00213765 -0.00119516 -0.00276959 -0.00252626 -0.00273778 -0.00197499 -0.00113747 -0.00229344 -0.0022851 -0.00190109 -0.00212098 -0.00159669 -0.0017329 -0.00191247 -0.00187727 -0.0014077 -0.00117286 -0.00269129 -0.00171019 -0.00163201 -0.00155572 -0.000953016 -0.00204782 -0.0018271 -0.00183551 -0.00185664 -0.00192538 -0.00119237 -0.001347 -0.00173313 -0.00227901 -0.000983617 -0.00167977 -0.00156573 -0.00150243 -0.00127792 -0.00184322 -0.00180677 -0.00162013 -0.00135275 -0.000674259 -0.00151964 -0.00104153 -0.000962279 -0.00146925 -0.0017788 -0.00169771 -0.00156377 -0.0018394 -0.00136747 -0.00128374 -0.00170576 -0.00117674 -0.00148922 -0.00175249 -0.00137383 -0.00182853 -0.00158214 -0.00152826 -0.00195729 -0.00191363 -0.00158879 -0.00169035 -0.00266721 -0.00234155 -0.00130438 -0.00191521 -0.000929594 -0.00172625 -0.00102596 -0.0014492 -0.002178 -0.0017287 -0.00123094 -0.00160532 -0.00171076 -0.00135846 -0.00192135 -0.0017181 -0.00207551 -0.00150566 -0.00104942 -0.00212772 -0.00107981 
-0.00159255 0.00148806 0.00215599 0.00182852 0.00268628 0.00265459 0.12831 0.00239131 0.00295237 0.0027789 0.00282387 0.0026869 -0.000839179 -0.000688044 -0.00135534 -0.00216516 -0.00214576 -0.00160187 -0.00252815 -0.00240473 -0.00167521 -0.00198614 -0.0012368 -0.00243805 -0.00291085 -0.00182435 -0.00226554 -0.00132099 -0.00121947 -0.00240955 -0.00219451 -0.00168216 -0.00188224 -0.00232799 -0.00207493 -0.00161772 -0.00122339 -0.00181843 -0.00152637 -0.00179804 -0.00196948 -0.00196657 -0.00158753 -0.00204262 -0.00264568 -0.00164649 -0.0020775 -0.00167621 -0.00178794 -0.00167444 -0.00107152 -0.00211114 -0.00134659 -0.00243531 -0.00180764 -0.00135825 -0.00127709 -0.00112036 -0.00221384 -0.00114697 -0.0011774 -0.00206841 -0.00137978 -0.00168558 -0.00101601 -0.00207181 -0.00137426 -0.00128545 -0.00235129 -0.00170211 -0.00176033 -0.00193168 -0.00188287 -0.000869558 -0.00183366 -0.00106871 -0.00185062 -0.00113271 -0.0014337 -0.000806128 -0.00084275 -0.000567832 -0.000534865 -0.00177979 -0.00179855 -0.00145982 -0.00140853 -0.00182645 -0.00226787 -0.00182174 -0.00247111 -0.00133888 -0.00168514 -0.00185145 -0.00198827 -0.00266204 -0.00196238 -0.00223924 -0.00186057 -0.00199033 
-0.00260601 -0.00202801 0.0025604 0.00260021 0.00302431 0.00267034 0.00239131 0.137131 0.00399794 0.00290735 0.00204303 0.00321162 0.00251759 -0.00138998 -0.00229435 -0.00232478 -0.00272015 -0.00274362 -0.00312888 -0.00263266 -0.00242467 -0.00206323 -0.00199777 -0.0022063 -0.00314475 -0.00264072 -0.00172208 -0.00256786 -0.00234126 -0.00205202 -0.00221145 -0.00265158 -0.00179778 -0.00234533 -0.00198536 -0.00144293 -0.00292912 -0.00197611 -0.00244577 -0.00129735 -0.00153953 -0.0024276 -0.000900467 -0.00102941 -0.00285985 -0.00221486 -0.00257854 -0.00218769 -0.00187979 -0.00207268 -0.0019859 -0.00214268 -0.00177746 -0.00197742 -0.00135835 -0.00133195 -0.00142154 -0.00194095 -0.00177739 -0.0019486 -0.000503597 -0.00181305 -0.00177388 -0.00142617 -0.00101501 -0.00124543 -0.00123026 -0.00177437 -0.00132545 -0.00135198 -0.0022237 -0.0019141 -0.00150281 -0.000986399 -0.00110087 -0.00182553 -0.0015028 -0.00221594 -0.00157819 -0.00120471 -0.00129066 -0.00128791 -0.00188302 -0.00122559 -0.00208614 -0.00165131 -0.00203612 -0.00208062 -0.00131264 -0.00117979 -0.00181409 -0.000185016 -0.00142115 -0.0019415 -0.0016048 -0.00199525 -0.00185212 -0.00220586 -0.00185926 -0.00116369 
-0.00167897 -0.00180438 -0.00142662 0.00190754 0.00222889 0.00113544 0.00295237 0.00399794 0.135213 0.00202321 0.00289928 0.00259174 0.00235368 0.00266885 -0.00214068 -0.00203408 -0.00133863 -0.00240712 -0.00219754 -0.00140133 -0.002777 -0.00183562 -0.00231849 -0.00218588 -0.00275268 -0.00305839 -0.00185631 -0.0023725 -0.00245957 -0.0011736 -0.00102738 -0.00185279 -0.00154597 -0.00162236 -0.00236843 -0.000955218 -0.00194285 -0.00189524 -0.00207039 -0.0027325 -0.0016011 -0.00200438 -0.00169721 -0.00204962 -0.00206738 -0.00224529 -0.0023749 -0.00190371 -0.00176897 -0.00193692 -0.00168965 -0.0023073 -0.00143174 -0.00117519 -0.00155233 -0.00126211 -0.00121868 -0.00203695 -0.00161424 -0.00164296 -0.00162639 -0.000912207 -0.00243032 -0.00143267 -0.00155689 -0.00283239 -0.00101721 -0.001218 -0.0019252 -0.00153507 -0.00171156 -0.00140965 -0.00170476 -0.00165164 -0.00236001 -0.00148548 -0.00172992 -0.00199965 -0.00104318 -0.00214291 -0.00130205 -0.00142201 -0.0021663 -0.00158449 -0.0017151 -0.00214038 -0.00106088 -0.00106566 -0.00137177 -0.00164087 -0.00149885 -0.00185627 -0.00182609 -0.00137529 -0.00233672 -0.00232051 -0.00186967 -0.00166637 -0.00131706 -0.00189723 
-0.00104253 -0.00176512 -0.00131285 -0.0010385 0.00355661 0.00305707 0.0027789 0.00290735 0.00202321 0.13444 0.00212941 0.00299701 0.00259807 0.00206885 -0.00169936 -0.0012554 -0.00166616 -0.00199143 -0.00305284 -0.00228864 -0.00206406 -0.00292877 -0.00181847 -0.00230906 -0.00347437 -0.00216915 -0.00229663 -0.00269151 -0.00151521 -0.00240513 -0.00263331 -0.00201115 -0.00239872 -0.00231111 -0.00218555 -0.0024678 -0.00186036 -0.00277819 -0.00109796 -0.00233682 -0.000292265 -0.00190255 -0.00181579 -0.00129017 -0.00182421 -0.00171362 -0.00175251 -0.000646233 -0.00127401 -0.00199636 -0.00175469 -0.00104606 -0.00193577 -0.00248259 -0.00212663 -0.00136271 -0.00199845 -0.00183429 -0.0012557 -0.00160812 -0.00165901 -0.00101549 -0.00186844 -0.00149814 -0.00194744 -0.00199012 -0.00142773 -0.00130208 -0.00137376 -0.00175269 -0.0013666 -0.000925298 -0.000928044 -0.00128845 -0.00160747 -0.00105734 -0.00110806 -0.00123468 -0.00158822 -0.00148924 -0.00138134 -0.0019418 -0.00176469 -0.00195747 -0.00252262 -0.00160127 -0.00162357 -0.00208889 -0.00153437 -0.00120868 -0.0019799 -0.00229521 -0.00122171 -0.0021496 -0.00177434 -0.00216632 -0.00183595 -0.00135801 -0.00100713 -0.00193665 
-0.00204705 -0.00196087 -0.00197145 -0.000911225 -0.0014307 0.00212897 0.00282387 0.00204303 0.00289928 0.00212941 0.138619 0.00267966 0.00394013 0.00291529 0.00191544 0.00266817 -0.00170907 -0.00237147 -0.00148595 -0.00183622 -0.0021084 -0.00212525 -0.00195325 -0.00207267 -0.00180376 -0.00218767 -0.00109298 -0.0015283 -0.00121169 -0.0020896 -0.00254833 -0.00212165 -0.00267115 -0.00186008 -0.001184 -0.00241895 -0.00186496 -0.00178643 -0.00236344 -0.00226144 -0.0018334 -0.00138743 -0.00154657 -0.00207463 -0.00108555 -0.00205022 -0.00100376 -0.00159865 -0.00220069 -0.00179284 -0.000937385 -0.00159768 -0.00177082 -0.00210464 -0.00146044 -0.0021068 -0.00109752 -0.00152072 -0.00182305 -0.00185541 -0.00218973 -0.00162892 -0.00128778 -0.00163944 -0.00232942 -0.000948498 -0.00126306 -0.00129051 -0.00200559 -0.00157743 -0.00131725 -0.001438 -0.00124624 -0.00151608 -0.00141151 -0.000868836 -0.00200186 -0.00159276 -0.00179898 -0.00226139 -0.00196004 -0.00221959 -0.00156129 -0.00217025 -0.00265949 -0.00188508 -0.00208596 -0.00243536 -0.00219868 -0.00178519 -0.00234526 -0.0028074 -0.00205033 -0.00280757 -0.00266028 -0.00196251 -0.0026967 -0.00295988 -0.00189911 -0.00217247 
-0.000966088 -0.00150425 -0.00145192 -0.00108459 -0.00138792 -0.00118685 0.0026869 0.00321162 0.00259174 0.00299701 0.00267966 0.140682 0.0029421 0.0022164 0.00304104 0.00243014 0.0026576 -0.00235896 -0.00128489 -0.0025355 -0.00214195 -0.0018286 -0.00206131 -0.00275898 -0.00292075 -0.00293095 -0.0020521 -0.00170178 -0.0022973 -0.00282568 -0.00124169 -0.00171557 -0.00214018 -0.00282612 -0.00280869 -0.00144675 -0.0022244 -0.00298178 -0.00200171 -0.00170716 -0.00176973 -0.00204692 -0.00273121 -0.00250024 -0.0023659 -0.00262654 -0.00172976 -0.000966735 -0.00157129 -0.00197552 -0.00231224 -0.00162407 -0.00175685 -0.00203112 -0.00216549 -0.00268742 -0.00266555 -0.00203285 -0.00230058 -0.00182928 -0.00157942 -0.0022405 -0.0024303 -0.0018286 -0.00256534 -0.0017565 -0.000715936 -0.00100275 -0.00202139 -0.00183008 -0.00145887 -0.000701227 -0.0013894 -0.0016318 -0.000997658 -0.00173354 -0.0020826 -0.00169341 -0.00177219 -0.00128191 -0.00200322 -0.0023644 -0.00190596 -0.00161572 -0.00217567 -0.00106037 -0.00143063 -0.00228135 -0.00234604 -0.00107172 -0.00259504 -0.00112837 -0.00168659 -0.000957231 -0.00126163 -0.00206283 -0.00198023 -0.00169081 -0.00240083 -0.00134005 
-0.00120863 -0.00270708 -0.00155946 -0.00160121 -0.00100092 -0.00213046 -0.000839179 0.00251759 0.00235368 0.00259807 0.00394013 0.0029421 0.136597 0.00346765 0.0025318 0.00210683 0.00154106 -0.00132703 -0.000386201 -0.000787349 -0.00195668 -0.00174788 -0.00132706 -0.00230477 -0.00263694 -0.00314602 -0.00127213 -0.00185661 -0.0024801 -0.00288163 -0.00204384 -0.0013184 -0.00189899 -0.00270229 -0.0014714 -0.0018411 -0.00252563 -0.00244811 -0.00224287 -0.00282283 -0.00220935 -0.00195021 -0.00194419 -0.00156244 -0.00242601 -0.00170823 -0.00193813 -0.00234601 -0.00137605 -0.00187716 -0.00138415 -0.00207158 -0.00183184 -0.00158247 -0.00138058 -0.00178211 -0.00206918 -0.000660993 -0.00156205 -0.00233053 -0.00198284 -0.00172739 -0.0019073 -0.00195868 -0.0017017 -0.00140126 -0.00200955 -0.000808405 -0.00137607 -0.00151216 -0.00183968 -0.00223144 -0.0013066 -0.00170035 -0.00128443 -0.00120756 -0.00182328 -0.00229768 -0.0020397 -0.00150081 -0.00167404 -0.00154312 -0.001164 -0.0017718 -0.00192376 -0.00200702 -0.00140347 -0.00178865 -0.000917526 -0.00108187 -0.00169971 -0.00188693 -0.00202932 -0.00181464 -0.00189981 -0.00218071 -0.00172796 -0.0029357 -0.00123268 -0.00183031 
-0.00258115 -0.00189996 -0.00166822 -0.00277067 -0.00131915 -0.00154316 -0.000688044 -0.00138998 0.00266885 0.00206885 0.00291529 0.0022164 0.00346765 0.143247 0.00297353 0.00228026 0.00229511 0.00309096 0.0027999 -0.00102133 -0.00155487 -0.00161445 -0.00123461 -0.00248056 -0.00274683 -0.00276177 -0.00257487 -0.00234807 -0.00238895 -0.002142 -0.00126429 -0.00231828 -0.00293137 -0.0022394 -0.0016061 -0.00190735 -0.00271132 -0.0027623 -0.00233688 -0.00186842 -0.00170349 -0.00222436 -0.00239597 -0.00189977 -0.00182533 -0.00265421 -0.00132068 -0.00174576 -0.00196843 -0.00223197 -0.00192691 -0.00184603 -0.00238997 -0.00162336 -0.00198036 -0.00243901 -0.00176027 -0.00178417 -0.000314914 -0.00128515 -0.00176165 -0.00204743 -0.00138214 -0.00120899 -0.0021762 -0.00250367 -0.00215936 -0.00173291 -0.00306366 -0.00194459 -0.00131227 -0.00138433 -0.00212224 -0.00191434 -0.00212082 -0.00207917 -0.000651755 -0.00194427 -0.00171631 -0.00132897 -0.00182426 -0.00210199 -0.00244316 -0.00154049 -0.00229018 -0.00230836 -0.0023832 -0.00165071 -0.00185052 -0.00227574 -0.0017849 -0.00192975 -0.00188241 -0.00207907 -0.00188297 -0.00194636 -0.00199919 -0.00134271 -0.00139331 -0.000565125 
-0.00194512 -0.00198737 -0.00169897 -0.00231316 -0.00156483 -0.0021677 -0.00135534 -0.00229435 -0.00214068 -0.00169936 0.00191544 0.00304104 0.0025318 0.00297353 0.14 0.00385927 0.0029577 0.00160789 0.00232952 0.0035659 -0.00245516 -0.00199715 -0.00201406 -0.00212686 -0.00225951 -0.0030771 -0.00221695 -0.0015298 -0.00192196 -0.0017561 -0.00167153 -0.00203483 -0.00243298 -0.00187297 -0.00111685 -0.00211557 -0.00239824 -0.00222743 -0.00199992 -0.00227374 -0.00281016 -0.00200113 -0.00152186 -0.00233684 -0.00178701 -0.00186131 -0.00138923 -0.00220604 -0.00143758 -0.00152152 -0.00175117 -0.00204641 -0.00205132 -0.00214373 -0.00136718 -0.00223449 -0.00155597 -0.00209814 -0.0020793 -0.00151088 -0.00115887 -0.00211511 -0.000623881 -0.00151408 -0.00229115 -0.00184818 -0.00239754 -0.00226004 -0.00172513 -0.00170025 -0.00173212 -0.00130076 -0.00166116 -0.00127029 -0.00129136 -0.00191719 -0.00109367 -0.00186238 -0.0022566 -0.00119805 -0.00175632 -0.00147862 -0.0020872 -0.00186622 -0.000997997 -0.00192313 -0.000568942 -0.00106533 -0.00182521 -0.00206787 -0.0016552 -0.00240392 -0.00230805 -0.00137366 -0.00229644 -0.00204318 -0.00268001 -0.000969663 -0.000965595 -0.000855174 
-0.00268358 -0.00278454 -0.00210551 -0.00249284 -0.00179394 -0.00167636 -0.00216516 -0.00232478 -0.00203408 -0.0012554 0.00266817 0.00243014 0.00210683 0.00228026 0.00385927 0.141733 0.00388639 0.00166579 0.00255172 0.00303831 -0.00173876 -0.0017236 -0.00173548 -0.00157036 -0.00210019 -0.00198482 -0.00267657 -0.00275523 -0.0011715 -0.00162266 -0.00186074 -0.00184523 -0.00164058 -0.00119274 -0.00141911 -0.00184423 -0.00151796 -0.00190426 -0.00239539 -0.00213479 -0.00194418 -0.00213586 -0.00166629 -0.00179241 -0.00247953 -0.00225783 -0.00160429 -0.00107116 -0.00192125 -0.00202627 -0.00153181 -0.00225138 -0.00246224 -0.00209191 -0.00152128 -0.00180186 -0.0021139 -0.00275361 -0.00202898 -0.00203557 -0.00203674 -0.00190184 -0.00196113 -0.00140652 -0.00220333 -0.00217105 -0.00265858 -0.0014076 -0.00288153 -0.00214077 -0.0013364 -0.00134779 -0.0016247 -0.00174839 -0.00132294 -0.00136442 -0.00182092 -0.00193786 -0.00182049 -0.0015076 -0.00188072 -0.00195304 -0.00163449 -0.00119144 -0.00226858 -0.00175398 -0.00125194 -0.00156053 -0.00188804 -0.000632965 -0.00186296 -0.00184304 -0.00115146 -0.00190825 -0.00110963 -0.00212352 -0.0020727 -0.00161201 -0.00103582 -0.00124218 
-0.00204062 -0.00152772 -0.00129857 -0.00186743 -0.00241486 -0.00213765 -0.00214576 -0.00272015 -0.00133863 -0.00166616 -0.00170907 0.0026576 0.00154106 0.00229511 0.0029577 0.00388639 0.149685 0.00246321 0.00316106 0.00366088 0.00254385 0.00210184 -0.000761316 -0.00109392 -0.00234273 -0.00266112 -0.00302409 -0.00297118 -0.00187326 -0.00300345 -0.00293091 -0.00219784 -0.00277702 -0.00340487 -0.00202499 -0.00221237 -0.00270603 -0.00269301 -0.00212277 -0.00272133 -0.000414215 -0.00171385 -0.00170786 -0.00216013 -0.00166273 -0.00326641 -0.00129184 -0.00184497 -0.00151279 -0.00228834 -0.0013526 -0.00243436 -0.00135366 -0.00158677 -0.00201398 -0.00257231 -0.00187704 -0.00175655 -0.00176579 -0.00149198 -0.00145905 -0.00214131 -0.00152781 -0.000707753 -0.00192063 -0.00223532 -0.000817681 -0.0024288 -0.00223588 -0.00130382 -0.00189639 -0.00266904 -0.00197536 -0.00294113 -0.00108044 -0.00239601 -0.00234696 -0.00140706 -0.00183953 -0.000626989 -0.00213964 -0.00207925 -0.0027632 -0.00170129 -0.00261655 -0.0024361 -0.00194246 -0.00266979 -0.00196684 -0.00151234 -0.00166974 -0.00175459 -0.00155754 -0.00258534 -0.00120453 -0.00288843 -0.00188587 -0.00160682 -0.00182488 -0.00173477 
-0.00107509 -0.00158677 -0.00170757 -0.00189538 -0.00166958 -0.00119516 -0.00160187 -0.00274362 -0.00240712 -0.00199143 -0.00237147 -0.00235896 -0.00132703 0.00309096 0.00160789 0.00166579 0.00246321 0.145877 0.00332848 0.00419248 0.00233323 0.00264903 0.00288989 -0.00140445 -0.00178626 -0.00152859 -0.00303206 -0.00066995 -0.00246939 -0.00109711 -0.00275144 -0.00162913 -0.00125895 -0.00199514 -0.00237302 -0.00140087 -0.00224968 -0.00231413 -0.00188919 -0.0015647 -0.00353217 -0.000739819 -0.00114944 -0.00200911 -0.00218095 -0.00206971 -0.00253239 -0.00179482 -0.00141552 -0.00214535 -0.00151126 -0.00191485 -0.00153003 -0.00186944 -0.00167159 -0.00328886 -0.00252984 -0.00175633 -0.00227598 -0.00140495 -0.00201509 -0.00166661 -0.00225957 -0.001437 -0.00250522 -0.00193657 -0.00153227 -0.00227614 -0.00185847 -0.00273117 -0.00219673 -0.00267893 -0.00220034 -0.00167188 -0.0015237 -0.00161304 -0.00128924 -0.00246152 -0.00202695 -0.00168806 -0.00175554 -0.000948499 -0.00190412 -0.000940091 -0.00195849 -0.00131848 -0.00196358 -0.00208478 -0.00236988 -0.00229714 -0.00242453 -0.00078393 -0.00140343 -0.00134161 -0.00158217 -0.00249333 -0.00161077 -0.00179493 -0.0027409 -0.00214529 
-0.00120344 -0.00181226 -0.0019416 -0.00198192 -0.00149792 -0.00276959 -0.00252815 -0.00312888 -0.00219754 -0.00305284 -0.00148595 -0.00128489 -0.000386201 0.0027999 0.00232952 0.00255172 0.00316106 0.00332848 0.140252 0.00415077 0.00247597 0.0040789 0.00218873 -0.00178955 -0.00219745 -0.00091516 -0.0022231 -0.00186019 -0.00158569 -0.00307789 -0.0025035 -0.00134998 -0.00155244 -0.0022665 -0.00134292 -0.0019565 -0.00139296 -0.00277044 -0.00197612 -0.0026489 -0.00248034 -0.00175202 -0.0022546 -0.00228147 -0.00185859 -0.00222201 -0.00194658 -0.00234975 -0.00157858 -0.00186422 -0.00320125 -0.00125082 -0.0010232 -0.00182122 -0.00159337 -0.0019145 -0.000684541 -0.00154011 -0.00093781 -0.00169152 -0.00201833 -0.00170163 -0.00141563 -0.00215231 -0.00168176 -0.00185781 -0.00112857 -0.00220763 -0.00244242 -0.00165922 -0.0022763 -0.00227387 -0.00165348 -0.0018368 -0.000863026 -0.00167003 -0.00174589 -0.00152969 -0.00230208 -0.00137048 -0.00119942 -0.00237575 -0.00214977 -0.00160274 -0.00200486 -0.00156438 -0.00197303 -0.00213996 -0.00289251 -0.00135128 -0.00136398 -0.0021967 -0.00157152 -0.00215115 -0.00202977 -0.00145984 -0.00193053 -0.00120759 -0.00179856 -0.00163968 
-0.00130291 -0.00201885 -0.0021995 -0.00145413 -0.00217924 -0.00252626 -0.00240473 -0.00263266 -0.00140133 -0.00228864 -0.00183622 -0.0025355 -0.000787349 -0.00102133 0.0035659 0.00303831 0.00366088 0.00419248 0.00415077 0.148112 0.00249438 0.00287119 0.00223722 0.00449511 0.00276431 -0.00252645 -0.00243823 -0.000825823 -0.00178552 -0.0021614 -0.00262792 -0.00159537 -0.00299717 -0.00292249 -0.00200161 -0.00191839 -0.00199943 -0.00302166 -0.00136503 -0.00253505 -0.00130222 -0.00218242 -0.00167266 -0.00268762 -0.00256028 -0.00230022 -0.00230651 -0.00257112 -0.00149853 -0.0028456 -0.00222564 -0.00182281 -0.00220536 -0.000853582 -0.00131089 -0.00180759 -0.00183767 -0.00252258 -0.00215196 -0.0011903 -0.00200119 -0.00174657 -0.00179265 -0.00195122 -0.00208781 -0.00155341 -0.00105188 -0.00219291 -0.00196689 -0.00269982 -0.00210078 -0.00153284 -0.00176856 -0.00222153 -0.00175137 -0.00164704 -0.00269357 -0.00276509 -0.00145459 -0.00181817 -0.00317887 -0.000940436 -0.00329622 -0.00206824 -0.0018756 -0.00177133 -0.00310796 -0.00169636 -0.000985596 -0.00212718 -0.00222612 -0.00195463 -0.00143522 -0.00293676 -0.00264319 -0.00261201 -0.00236998 -0.00255829 -0.00176702 -0.00206812 
-0.00123122 -0.00189036 -0.0026425 -0.00183789 -0.0011994 -0.00273778 -0.00167521 -0.00242467 -0.002777 -0.00206406 -0.0021084 -0.00214195 -0.00195668 -0.00155487 -0.00245516 -0.00173876 0.00254385 0.00233323 0.00247597 0.00249438 0.147354 0.00291159 0.00375394 0.00244282 0.00256204 0.00265065 -0.0012411 -0.00171768 -0.00222537 -0.00154867 -0.00212112 -0.00327469 -0.00261835 -0.00240056 -0.0023546 -0.00232184 -0.00222065 -0.0022972 -0.00198455 -0.00253439 -0.00212976 -0.00180269 -0.0020951 -0.00192183 -0.00235622 -0.00206193 -0.00120936 -0.00216059 -0.001392 -0.00123797 -0.00247373 -0.00183821 -0.00146205 -0.00172276 -0.00139215 -0.00248232 -0.00132075 -0.000326849 -0.00111016 -0.00206474 -0.00163324 -0.0014432 -0.00208416 -0.0010473 -0.00246505 -0.00204114 -0.0018096 -0.00217684 -0.00257604 -0.00117183 -0.00190671 -0.00229711 -0.00169378 -0.00208519 -0.00196785 -0.00226928 -0.00213864 -0.00212098 -0.00219831 -0.0026895 -0.00213124 -0.00202285 -0.00163633 -0.00155857 -0.00204748 -0.00183692 -0.00203252 -0.000970828 -0.00142246 -0.00208821 -0.00084016 -0.00154869 -0.00155673 -0.00121636 -0.00154935 -0.00198241 -0.000696712 -0.00258667 -0.00228864 -0.00183568 
-0.000595902 -0.00115154 -0.00129216 -0.00197864 -0.00208357 -0.00197499 -0.00198614 -0.00206323 -0.00183562 -0.00292877 -0.00212525 -0.0018286 -0.00174788 -0.00161445 -0.00199715 -0.0017236 0.00210184 0.00264903 0.0040789 0.00287119 0.00291159 0.144952 0.00409525 0.00335385 0.00253645 0.00248158 -0.00196288 -0.00161531 -0.00149887 -0.00244672 -0.00214206 -0.00160632 -0.00248478 -0.00197867 -0.00208602 -0.0014528 -0.00194702 -0.00253368 -0.00212095 -0.00283476 -0.00190206 -0.00323433 -0.00166587 -0.00124557 -0.00201135 -0.00291002 -0.00238171 -0.00204331 -0.0018597 -0.00188452 -0.00186104 -0.00157457 -0.00146455 -0.00228633 -0.00225201 -0.00203712 -0.00172106 -0.00177199 -0.00195491 -0.00193857 -0.00138183 -0.00215598 -0.00207769 -0.000981177 -0.00141939 -0.00236874 -0.00214699 -0.00306061 -0.00226897 -0.00305008 -0.00239345 -0.00194655 -0.00160554 -0.00235708 -0.000437458 -0.00140956 -0.00190701 -0.002714 -0.00195764 -0.000959487 -0.00177053 -0.0025736 -0.00171795 -0.00202254 -0.00177306 -0.00143524 -0.00123045 -0.0023556 -0.00204188 -0.00208234 -0.00124792 -0.00159756 -0.00215157 -0.0018287 -0.00104066 -0.00175821 -0.00146774 -0.00217908 -0.00154145 -0.00197789 
-0.00167652 -0.00164173 -0.0010157 -0.00215395 -0.00166963 -0.00113747 -0.0012368 -0.00199777 -0.00231849 -0.00181847 -0.00195325 -0.00206131 -0.00132706 -0.00123461 -0.00201406 -0.00173548 -0.000761316 0.00288989 0.00218873 0.00223722 0.00375394 0.00409525 0.137006 0.00396467 0.00268966 0.00186933 0.00115002 -0.00122743 -0.00157271 -0.00132746 -0.00213689 -0.00112234 -0.00200828 -0.00297588 -0.00224163 -0.00217889 -0.00173983 -0.00117636 -0.00144092 -0.00166039 -0.00210754 -0.00236212 -0.00158946 -0.00112621 -0.00155078 -0.00263719 -0.00144967 -0.00196098 -0.00127252 -0.00152906 -0.00195466 -0.00187487 -0.0016687 -0.00214912 -0.00171906 -0.00139776 -0.00117943 -0.00194207 -0.00136332 -0.00190863 -0.00213354 -0.00165158 -0.00154589 -0.00140243 -0.00168236 -0.00107722 -0.00149355 -0.00207189 -0.0024265 -0.0027785 -0.00214399 -0.0025565 -0.00216247 -0.00251587 -0.00210595 -0.00228907 -0.00170027 -0.00211496 -0.00279955 -0.00123012 -0.00183488 -0.00167077 -0.00205562 -0.000835633 -0.00226019 -0.00214148 -0.00194779 -0.0017094 -0.00145476 -0.00163045 -0.00214194 -0.00139663 -0.00259037 -0.00177188 -0.00187038 -0.002013 -0.00243143 -0.00187574 -0.00182888 -0.00119596 
-0.00135618 -0.00184446 -0.00224409 -0.000482983 -0.00263717 -0.00229344 -0.00243805 -0.0022063 -0.00218588 -0.00230906 -0.00207267 -0.00275898 -0.00230477 -0.00248056 -0.00212686 -0.00157036 -0.00109392 -0.00140445 -0.00178955 0.00449511 0.00244282 0.00335385 0.00396467 0.141786 0.00242873 0.00285383 0.00175481 0.00209756 -0.00180119 -0.00128171 -0.00143968 -0.00181944 -0.00188078 -0.00242409 -0.00116076 -0.00189785 -0.00191097 -0.00179819 -0.00209009 -0.00215533 -0.00240299 -0.00175622 -0.00164851 -0.00269924 -0.00198538 -0.00188316 -0.0022099 -0.00199158 -0.00181094 -0.00208131 -0.00208819 -0.00182089 -0.00158173 -0.00133724 -0.00154618 -0.00185937 -0.000895074 -0.00229815 -0.00147246 -0.00124785 -0.00212305 -0.00194333 -0.00156326 -0.00122081 -0.00177208 -0.00137053 -0.000925515 -0.00187456 -0.0021706 -0.000717108 -0.00268707 -0.00128535 -0.00137364 -0.00137909 -0.00238932 -0.00142833 -0.0015056 -0.00161461 -0.00181659 -0.00188648 -0.00226881 -0.00173916 -0.000960486 -0.00176502 -0.00129285 -0.00167245 -0.00234825 -0.00188994 -0.00118462 -0.00215751 -0.00211488 -0.0014063 -0.00152896 -0.00133293 -0.00225257 -0.00261466 -0.00201029 -0.00213074 -0.00173552 -0.00184858 
-0.00304099 -0.0011622 -0.00156337 -0.00254911 -0.00141345 -0.0022851 -0.00291085 -0.00314475 -0.00275268 -0.00347437 -0.00180376 -0.00292075 -0.00263694 -0.00274683 -0.00225951 -0.00210019 -0.00234273 -0.00178626 -0.00219745 0.00276431 0.00256204 0.00253645 0.00268966 0.00242873 0.148437 0.00201535 0.00353268 0.00195987 0.00251343 0.00253429 -0.0015222 -0.00238729 -0.000418996 -0.00276062 -0.00261646 -0.00270872 -0.00154696 -0.00151812 -0.00150443 -0.00182835 -0.00191754 -0.0022259 -0.00229284 -0.00159906 -0.00177466 -0.00204735 -0.00139077 -0.00111537 -0.00175644 -0.00174631 -0.00205806 -0.00175241 -0.00198923 -0.00197229 -0.00172547 -0.00243116 -0.00153838 -0.00178305 -0.00207317 -0.00142216 -0.00150716 -0.00150368 -0.00142564 -0.000950355 -0.00190153 -0.00183559 -0.00161099 -0.00209496 -0.00224379 -0.00187234 -0.00152593 -0.00166954 -0.00144916 -0.00276982 -0.000970213 -0.00115614 -0.00141432 -0.00173658 -0.00137706 -0.00178294 -0.00189028 -0.00167742 -0.00290647 -0.00186591 -0.00234856 -0.0020703 -0.00195815 -0.00180059 -0.00106786 -0.00230327 -0.00159349 -0.00218489 -0.00266774 -0.00174079 -0.00206684 -0.00204351 -0.00175794 -0.00276595 -0.00176161 -0.00218897 
-0.0021323 -0.000725452 -0.000910765 -0.00129086 -0.00139197 -0.00190109 -0.00182435 -0.00264072 -0.00305839 -0.00216915 -0.00218767 -0.00293095 -0.00314602 -0.00276177 -0.0030771 -0.00198482 -0.00266112 -0.00152859 -0.00091516 -0.00252645 0.00265065 0.00248158 0.00186933 0.00285383 0.00201535 0.145201 0.00234824 0.00221943 0.00268588 0.0031766 0.00223133 -0.00150355 -0.00217219 -0.00106846 -0.00189295 -0.00168741 -0.00261487 -0.00181059 -0.00286438 -0.00236191 -0.00286259 -0.0019277 -0.00159427 -0.00249256 -0.00192682 -0.00267198 -0.00222087 -0.00231855 -0.00170229 -0.00247365 -0.00200627 -0.00182477 -0.0016375 -0.00145757 -0.00168311 -0.00139264 -0.00190514 -0.00189426 -0.00317328 -0.00239758 -0.00233814 -0.00206764 -0.00198478 -0.00156699 -0.00255554 -0.00261224 -0.00154316 -0.00175384 -0.00255403 -0.00138558 -0.00204936 -0.0019713 -0.00193066 -0.00164246 -0.00132333 -0.00140256 -0.00259087 -0.000684219 -0.0014172 -0.00125637 -0.00125984 -0.00156201 -0.00105528 -0.00152428 -0.00205319 -0.00152372 -0.00135331 -0.000865544 -0.00232644 -0.00272117 -0.001998 -0.000979726 -0.00143387 -0.001636 -0.00155964 -0.000702162 -0.00162146 -0.00225478 -0.0016672 -0.0017005 
-0.00343953 -0.00218986 -0.00252899 -0.00228163 -0.00115651 -0.00212098 -0.00226554 -0.00172208 -0.00185631 -0.00229663 -0.00109298 -0.0020521 -0.00127213 -0.00257487 -0.00221695 -0.00267657 -0.00302409 -0.00303206 -0.0022231 -0.00243823 -0.0012411 -0.00196288 0.00115002 0.00175481 0.00353268 0.00234824 0.143182 0.0027208 0.00348582 0.00332762 0.0036382 0.00270266 -0.00112438 -0.00151402 -0.00210127 -0.00177763 -0.00184414 -0.0017069 -0.00301069 -0.0011383 -0.00070376 -0.00240745 -0.00154197 -0.00195616 -0.002187 -0.00118152 -0.000961266 -0.00140859 -0.00152332 -0.00167964 -0.0013712 -0.00166476 -0.00284281 -0.00208133 -0.00210281 -0.00205236 -0.00112455 -0.00179514 -0.0013019 -0.00176652 -0.00139576 -0.00162688 -0.00257368 -0.00119342 -0.00106465 -0.00285445 -0.00217516 -0.00160499 -0.000930062 -0.00155714 -0.00136438 -0.00169305 -0.00115825 -0.00098375 -0.00131783 -0.00159116 -0.00118109 -0.00140385 -0.00207353 -0.00256464 -0.00189882 -0.00177949 -0.00246058 -0.00199576 -0.00288999 -0.00240809 -0.00229476 -0.0023068 -0.00189553 -0.00112641 -0.00128781 -0.00176653 -0.00225388 -0.0021269 -0.00231284 -0.00218108 -0.0017024 -0.00162674 -0.00140315 -0.00228146 
-0.00193344 -0.00103299 -0.0020734 -0.00225362 -0.00176433 -0.00159669 -0.00132099 -0.00256786 -0.0023725 -0.00269151 -0.0015283 -0.00170178 -0.00185661 -0.00234807 -0.0015298 -0.00275523 -0.00297118 -0.00066995 -0.00186019 -0.000825823 -0.00171768 -0.00161531 -0.00122743 0.00209756 0.00195987 0.00221943 0.0027208 0.138098 0.00268712 0.0026027 0.00239385 0.0026509 0.00325049 -0.00155074 -0.0019128 -0.00195892 -0.00191916 -0.00122225 -0.00142837 -0.0015276 -0.000735694 -0.00186734 -0.00215687 -0.00228568 -0.00204928 -0.00256499 -0.00200594 -0.00197183 -0.0014028 -0.00166517 -0.00168796 -0.00179811 -0.00241989 -0.00226773 -0.00179126 -0.00231002 -0.0015568 -0.00168966 -0.00191721 -0.00076833 -0.00186347 -0.00135402 -0.00195784 -0.00135074 -0.00206242 -0.00198577 -0.00158321 -0.0019925 -0.00188878 -0.00146546 -0.00219689 -0.00254565 -0.00128881 -0.00184672 -0.00143355 -0.00260202 -0.00195256 -0.00194191 -0.00185443 -0.00189858 -0.00202539 -0.00167109 -0.000742184 -0.00156957 -0.00144208 -0.00174379 -0.00214768 -0.00135064 -0.00129704 -0.00169474 -0.00151799 -0.00260483 -0.00290267 -0.00142607 -0.00131153 -0.00204527 -0.00113996 -0.00145451 -0.00127068 -0.00161016 
-0.00180969 -0.000533671 -0.00156648 -0.00109472 -0.00145206 -0.0017329 -0.00121947 -0.00234126 -0.00245957 -0.00151521 -0.00121169 -0.0022973 -0.0024801 -0.00238895 -0.00192196 -0.0011715 -0.00187326 -0.00246939 -0.00158569 -0.00178552 -0.00222537 -0.00149887 -0.00157271 -0.00180119 0.00251343 0.00268588 0.00348582 0.00268712 0.13069 0.00164876 0.00279701 0.00203546 0.00339993 0.00229795 -0.00136584 -0.00184696 -0.00133342 -0.00229176 -0.00194015 -0.0023699 -0.00197715 -0.00149161 -0.00206231 -0.0014916 -0.00253258 -0.0024237 -0.00281995 -0.00135012 -0.00113763 -0.00204585 -0.00126657 -0.000465216 -0.00170681 -0.00174937 -0.00183428 -0.00197689 -0.00243898 -0.00194135 -0.00236505 -0.00138523 -0.00196386 -0.00139989 -0.000760721 -0.00191445 -0.00185738 -0.00189071 -0.00274351 -0.00167995 -0.00190423 -0.00234578 -0.00187583 -0.00166746 -0.00119028 -0.00188496 -0.00157542 -0.00139537 -0.00160286 -0.00180376 -0.00157002 -0.00203291 -0.00127125 -0.00166 -0.00146947 -0.00141587 -0.00185105 -0.000647359 -0.00157269 -0.000433833 -0.00181997 -0.00201522 -0.000759965 -0.00139945 -0.00171806 -0.00219951 -0.001247 -0.00107189 -0.0022195 -0.00156276 -0.00147743 -0.00175094 
-0.00259623 -0.00169507 -0.00206704 -0.00196602 -0.00227159 -0.00191247 -0.00240955 -0.00205202 -0.0011736 -0.00240513 -0.0020896 -0.00282568 -0.00288163 -0.002142 -0.0017561 -0.00162266 -0.00300345 -0.00109711 -0.00307789 -0.0021614 -0.00154867 -0.00244672 -0.00132746 -0.00128171 0.00253429 0.0031766 0.00332762 0.0026027 0.00164876 0.130052 0.00297125 0.00175339 0.00265532 0.00211021 -0.00115756 -0.00107816 -0.00199904 -0.00152266 -0.000713794 -0.00119619 -0.00124824 -0.00130065 -0.000955289 -0.00149244 -0.00146767 -0.00223572 -0.00152903 -0.00184466 -0.00134701 -0.00187487 -0.0010993 -0.00108632 -0.00165881 -0.00195954 -0.00160652 -0.000896912 -0.00147008 -0.00171296 -0.00185814 -0.00149186 -0.00206128 -0.00196098 -0.00190619 -0.00120137 -0.00194657 -0.0018852 -0.0017975 -0.00180528 -0.00179263 -0.00162359 -0.00178451 -0.0012696 -0.00177044 -0.00132715 -0.00208016 -0.00165215 -0.00170859 -0.00147444 -0.00218744 -0.00113821 -0.00130998 -0.00182275 -0.00157699 -0.000619391 -0.00201705 -0.00140029 -0.00129821 -0.000963533 -0.000684535 -0.00238075 -0.00246055 -0.00215325 -0.00112425 -0.00144263 -0.00180008 -0.00175337 -0.000970379 -0.00171644 -0.00188155 -0.00146899 
-0.00188751 -0.00135912 -0.00196205 -0.0011329 -0.00134103 -0.00187727 -0.00219451 -0.00221145 -0.00102738 -0.00263331 -0.00254833 -0.00124169 -0.00204384 -0.00126429 -0.00167153 -0.00186074 -0.00293091 -0.00275144 -0.0025035 -0.00262792 -0.00212112 -0.00214206 -0.00213689 -0.00143968 -0.0015222 0.00223133 0.0036382 0.00239385 0.00279701 0.00297125 0.130677 0.00230315 0.00277947 0.00237657 0.00252959 0.00215986 -0.0013841 -0.00147308 -0.0015308 -0.00182617 -0.00231063 -0.00151259 -0.00157773 -0.00255697 -0.00102704 -0.00186911 -0.00143077 -0.001211 -0.00158854 -0.00204663 -0.00215708 -0.000944965 -0.0016368 -0.00116337 -0.0015528 -0.00182608 -0.00291303 -0.00226686 -0.00113855 -0.00161625 -0.00166257 -0.00155268 -0.00110067 -0.00189045 -0.00107207 -0.00223676 -0.00251311 -0.00214109 -0.00182887 -0.00216972 -0.00142419 -0.00218193 -0.00141769 -0.00139972 -0.00152029 -0.00159704 -0.00174054 -0.00163235 -0.000165748 -0.00111612 -0.00177674 -0.00160311 -0.00225756 -0.00160207 -0.00258833 -0.00143282 -0.000986524 -0.00138098 -0.00146073 -0.00197371 -0.00195095 -0.00175268 -0.00183908 -0.00197104 -0.00213522 -0.00160235 -0.00208106 -0.00194562 -0.00130639 -0.00185283 
-0.000930197 -0.00155271 -0.0017602 -0.00239179 -0.00257384 -0.0014077 -0.00168216 -0.00265158 -0.00185279 -0.00201115 -0.00212165 -0.00171557 -0.0013184 -0.00231828 -0.00203483 -0.00184523 -0.00219784 -0.00162913 -0.00134998 -0.00159537 -0.00327469 -0.00160632 -0.00112234 -0.00181944 -0.00238729 -0.00150355 0.00270266 0.0026509 0.00203546 0.00175339 0.00230315 0.136386 0.00312411 0.00234336 0.00245524 0.00156708 0.00255762 -0.000952195 -0.000936433 -0.00149048 -0.00148855 -0.0015454 -0.00190607 -0.00137705 -0.00234532 -0.00206644 -0.00128783 -0.00194904 -0.00123216 -0.00132177 -0.00177059 -0.00142488 -0.00183769 -0.00133157 -0.00131058 -0.00228742 -0.00176316 -0.00213778 -0.00148022 -0.00195844 -0.00178489 -0.00176157 -0.00149773 -0.00209266 -0.00157822 -0.00123798 -0.00178258 -0.00184548 -0.00110918 -0.00152383 -0.00247418 -0.00216789 -0.00187799 -0.00227164 -0.00218316 -0.00211832 -0.00180206 -0.00210158 -0.00160166 -0.00195355 -0.00218752 -0.00195307 -0.00132771 -0.00153013 -0.00210142 -0.00178357 -0.00180824 -0.0030121 -0.00101985 -0.00182456 -0.001788 -0.00163007 -0.00273215 -0.00208318 -0.00102164 -0.00167779 -0.00159866 -0.00214955 -0.00195982 -0.00206881 
-0.00203437 -0.00140871 -0.00171522 -0.00135685 -0.00118465 -0.00117286 -0.00188224 -0.00179778 -0.00154597 -0.00239872 -0.00267115 -0.00214018 -0.00189899 -0.00293137 -0.00243298 -0.00164058 -0.00277702 -0.00125895 -0.00155244 -0.00299717 -0.00261835 -0.00248478 -0.00200828 -0.00188078 -0.000418996 -0.00217219 -0.00112438 0.00325049 0.00339993 0.00265532 0.00277947 0.00312411 0.128774 0.00224089 0.00152023 0.00164508 0.00189906 0.00246301 -0.00146647 -0.00121856 -0.000984483 -0.00145306 -0.00253021 -0.00254581 -0.00178849 -0.00165909 -0.00265286 -0.00145856 -0.00191537 -0.00123739 -0.00196245 -0.000743532 -0.00201666 -0.00139246 -0.00187183 -0.00172575 -0.00155918 -0.00145342 -0.00149918 -0.00138704 -0.00187343 -0.00133784 -0.00159458 -0.00122556 -0.00175241 -0.00150305 -0.00185105 -0.00124469 -0.000938506 -0.00141524 -0.00104953 -0.00143537 -0.00216686 -0.00152719 -0.00112028 -0.00245675 -0.00137193 -0.00208038 -0.00122206 -0.00206621 -0.0015848 -0.00140104 -0.00130686 -0.000943592 -0.00186419 -0.00113839 -0.00152797 -0.0029601 -0.0018478 -0.001672 -0.00204462 -0.00187662 -0.00212912 -0.00153157 -0.0018224 -0.00137283 -0.0020228 -0.00181426 -0.00167816 -0.0019516 
