0.126684 0.00195844 0.00206133 0.00249886 0.00240226 0.0023663 -0.000992846 -0.00184521 -0.00131106 -0.00242545 -0.00166756 -0.00241404 -0.00175596 -0.00137363 -0.00254821 -0.0021473 -0.00183528 -0.001572 -0.00274899 -0.00238641 -0.0018443 -0.0014574 -0.00244688 -0.00196244 -0.00286854 -0.00148941 -0.00137544 -0.00225948 -0.00162071 -0.00212176 -0.00169179 -0.00286461 -0.00253659 -0.00131232 -0.00255372 -0.0020056 -0.00168131 -0.00151902 -0.0012046 -0.00129662 -0.00102426 -0.00183216 -0.00151137 -0.00115648 -0.00179676 -0.00122192 -0.000680761 -0.000818188 -0.0014943 -0.00131814 -0.00241602 -0.00123842 -0.00161307 -0.00180305 -0.00149569 -0.00169532 -0.00233788 -0.00145329 -0.00206782 -0.00130536 -0.00211933 -0.00112562 -0.00129437 -0.00127283 -0.000809592 -0.00164572 -0.00155262 -0.000507183 -0.00111429 -0.000956048 -0.00165596 -0.00125262 -0.00250256 -0.00175335 -0.00134269 -0.00135568 -0.00158359 -0.00126829 -0.00117378 -0.00150752 -0.00157552 -0.00168403 -0.0013809 -0.00130953 -0.00141243 -0.00203432 -0.00181126 -0.00169306 -0.00136547 -0.000995644 -0.00130585 -0.00117384 -0.00127595 -0.000920398 -0.000682363 -0.000688592 0.00197493 0.00147564 0.00103802 0.00205931 
0.00195844 0.124251 0.00190474 0.0022465 0.00276585 0.0014559 0.00187501 -0.00141958 -0.00121944 -0.00167228 -0.00181471 -0.00122255 -0.00193005 -0.00227882 -0.000492704 -0.00188052 -0.00184254 -0.00154896 -0.00188049 -0.00158682 -0.00114202 -0.000955988 -0.00241967 -0.00107764 -0.0017022 -0.00278585 -0.00186836 -0.00160635 -0.00243081 -0.00223282 -0.00169086 -0.00187724 -0.00208711 -0.00210137 -0.00199206 -0.00216046 -0.00132431 -0.00152912 -0.00184898 -0.00225323 -0.00145851 -0.00144211 -0.00175036 -0.00124421 -0.00209208 -0.00118202 -0.00199813 -0.000925007 -0.00143474 -0.00157552 -0.00115354 -0.00145563 -0.00215486 -0.00144855 -0.00106532 -0.00147741 -0.00140763 -0.00196356 -0.00135338 -0.00174196 -0.00193351 -0.00102223 -0.00203003 -0.000759397 -0.00117115 -0.0015832 -0.00219971 -0.00138392 -0.00159941 -0.00185271 -0.0016841 -0.00154088 -0.000857147 -0.00160574 -0.000740126 -0.0015635 -0.0015599 -0.00201149 -0.00188098 -0.00192338 -0.00196466 -0.00151383 -0.00211552 -0.00186221 -0.00161607 -0.00201321 -0.00173828 -0.00139166 -0.00162488 -0.00140938 -0.00163668 -0.0013117 -0.000866218 -0.000527684 -0.000310877 -0.000690039 -0.000763734 0.00216285 0.00175669 0.00208303 
0.00206133 0.00190474 0.121353 0.00216453 0.00294151 0.0023746 0.00179969 0.00261812 -0.000804838 -0.0017195 -0.00113996 -0.00155178 -0.000865311 -0.00171189 -0.00221536 -0.00287635 -0.00101966 -0.00158758 -0.00195684 -0.00226873 -0.0013517 -0.0013533 -0.00185864 -0.00236115 -0.00184774 -0.00196419 -0.00200597 -0.00237859 -0.00217566 -0.00194765 -0.000958975 -0.00188311 -0.00195614 -0.00164844 -0.0012955 -0.00150312 -0.00192477 -0.0017473 -0.00133905 -0.00125711 -0.000652893 -0.00148654 -0.00144171 -0.00171305 -0.00165812 -0.00159028 -0.00184713 -0.00148823 -0.00164009 -0.00210974 -0.0018696 -0.00133313 -0.00180996 -0.00199851 -0.000962963 -0.00132217 -0.00061737 -0.001513 -0.00198108 -0.00123168 -0.00161214 -0.00188211 -0.00110328 -0.00110458 -0.00216331 -0.00164977 -0.00126963 -0.00172973 -0.00170626 -0.00123544 -0.00213203 -0.00156797 -0.00169233 -0.00251443 -0.00179029 -0.00154006 -0.00172576 -0.0016702 -0.00161823 -0.00117284 -0.00102484 -0.00210882 -0.00128919 -0.00147987 -0.000781573 -0.00130606 -0.00166828 -0.00118162 -0.000441771 -0.00142704 -0.00122846 -0.00139104 -0.00129999 -0.00119532 -0.000925613 -0.00143601 -0.00145665 -0.00141799 0.00122906 0.00223736 
0.00249886 0.0022465 0.00216453 0.132039 0.00227574 0.00261826 0.00296534 0.00216226 0.00163049 -0.000823751 -0.0023808 -0.000771603 -0.00175037 -0.00215587 -0.0036643 -0.00287537 -0.00195895 -0.00293821 -0.00172806 -0.0032143 -0.00123926 -0.00164837 -0.00172209 -0.00177251 -0.00174836 -0.00111794 -0.00247998 -0.00296509 -0.0015447 -0.00165272 -0.00176718 -0.00122716 -0.0015305 -0.00177441 -0.00101472 -0.00120067 -0.00197244 -0.00180122 -0.00131828 -0.00141653 -0.00061411 -0.00118632 -0.0011057 -0.000938951 -0.00228638 -0.00125473 -0.00156493 -0.0021769 -0.00204445 -0.0019412 -0.000857208 -0.00168981 -0.00116436 -0.00109633 -0.00107859 -0.0010188 -0.00121644 -0.00192853 -0.00191817 -0.00173878 -0.00188959 -0.00182071 -0.00124535 -0.00178611 -0.00158305 -0.00212671 -0.0021136 -0.00162348 -0.00189173 -0.00204224 -0.00155475 -0.00110643 -0.00162063 -0.00204297 -0.0017555 -0.00171959 -0.00195107 -0.00194532 -0.00147042 -0.00203537 -0.00147144 -0.00119041 -0.00197214 -0.00148201 -0.00225667 -0.00167814 -0.0014165 -0.00135637 -0.00180148 -0.00150579 -0.00141358 -0.00163953 -0.00181605 -0.0012349 -0.0023549 -0.00150474 -0.00099984 -0.00224692 -0.00171111 0.00177268 
0.00240226 0.00276585 0.00294151 0.00227574 0.126072 0.00266816 0.00318589 0.00227689 0.00147142 0.00169553 -0.00127101 -0.000790165 -0.000611479 -0.00146954 -0.00178057 -0.0019934 -0.00269653 -0.00211878 -0.00165981 -0.00221051 -0.00149978 -0.00252774 -0.00157043 -0.00209765 -0.00100451 -0.00220741 -0.00183317 -0.00244485 -0.00207377 -0.00196289 -0.00205274 -0.00195804 -0.00179689 -0.00174423 -0.00220143 -0.00142136 -0.00158844 -0.00127136 -0.00184691 -0.00178913 -0.00203951 -0.00175547 -0.00242126 -0.00159556 -0.00202563 -0.00112654 -0.00122586 -0.0017377 -0.0019573 -0.00196261 -0.00182086 -0.00155445 -0.00244207 -0.00166452 -0.00120513 -0.00267794 -0.00099966 -0.00200258 -0.00164475 -0.00199609 -0.00163734 -0.00120172 -0.00121207 -0.00159719 -0.00137097 -0.00109819 -0.00128015 -0.000498734 -0.000956917 -0.00113343 -0.00107558 -0.0015417 -0.00169468 -0.00155308 -0.00171078 -0.00168247 -0.00127912 -0.00167595 -0.00116671 -0.00104651 -0.00153839 -0.00179794 -0.00229634 -0.00190125 -0.0017563 -0.00154529 -0.00133385 -0.00231478 -0.00171754 -0.00145282 -0.00115128 -0.00149236 -0.0014893 -0.00180269 -0.00180588 -0.00122002 -0.00160697 -0.000942053 -0.00194388 -0.000882839 
0.0023663 0.0014559 0.0023746 0.00261826 0.00266816 0.134715 0.00236694 0.00286023 0.00204547 0.00294927 0.00204963 -0.00200206 -0.00170739 -0.00252705 -0.00135608 -0.00186311 -0.00113012 -0.00210816 -0.00184862 -0.0021651 -0.00221294 -0.00256451 -0.00175501 -0.00120905 -0.00200703 -0.00288369 -0.00182245 -0.00290675 -0.00201257 -0.0026501 -0.00158134 -0.00196674 -0.00102176 -0.00188064 -0.00203269 -0.00152043 -0.00233912 -0.00104822 -0.00183135 -0.00151889 -0.00235772 -0.00169641 -0.00121515 -0.00181725 -0.0015223 -0.00140678 -0.00144488 -0.00178485 -0.00194996 -0.00250071 -0.00168558 -0.00213096 -0.0012106 -0.00238994 -0.00164069 -0.00150626 -0.00213005 -0.00152271 -0.00218609 -0.00192328 -0.00187347 -0.00198589 -0.00152696 -0.00153024 -0.00175486 -0.00184308 -0.00206788 -0.00085937 -0.00173933 -0.00224678 -0.00154128 -0.00167693 -0.00116587 -0.00187896 -0.0015984 -0.00185585 -0.00169171 -0.00131584 -0.00131078 -0.00112177 -0.00119105 -0.00193769 -0.00206976 -0.00168866 -0.00152592 -0.00253382 -0.00173849 -0.00157652 -0.00157308 -0.00138979 -0.00133886 -0.00167107 -0.00240959 -0.00164743 -0.00162328 -0.00224214 -0.0014117 -0.00210038 -0.00125006 -0.00147037 
-0.000992846 0.00187501 0.00179969 0.00296534 0.00318589 0.00236694 0.125673 0.00266274 0.00287098 0.00330499 0.00193105 0.00126002 -0.00175669 -0.0013532 -0.00204812 -0.00113978 -0.00131781 -0.00146911 -0.00229844 -0.00333513 -0.0018137 -0.00239724 -0.00228141 -0.0029402 -0.0026423 -0.00312814 -0.00191591 -0.00137988 -0.0011476 -0.00145627 -0.000905829 -0.00117672 -0.00177628 -0.00192345 -0.00194823 -0.00221042 -0.00174068 -0.000478216 -0.00153471 -0.0014187 -0.00158793 -0.00131025 -0.00169359 -0.00146122 -0.0019225 -0.00179271 -0.0016525 -0.00191058 -0.00171051 -0.00207138 -0.00163155 -0.00164777 -0.00207032 -0.00168097 -0.00158847 -0.000966861 -0.00104818 -0.0016474 -0.00112522 -0.00118251 -0.00210056 -0.00136988 -0.00127231 -0.00156219 -0.00198031 -0.00148902 -0.00145214 -0.001543 -0.001521 -0.00230367 -0.00158904 -0.00148208 -0.00125892 -0.000599329 -0.00206994 -0.00150498 -0.00179721 -0.00160892 -0.00184687 -0.00198233 -0.00173009 -0.00196131 -0.00132357 -0.00178098 -0.00242824 -0.00183113 -0.00189879 -0.000932501 -0.00145272 -0.00186718 -0.00201863 -0.00086383 -0.00194863 -0.00181722 -0.00157153 -0.00191468 -0.00226179 -0.00156356 -0.0012375 -0.00152856 
-0.00184521 -0.00141958 0.00261812 0.00216226 0.00227689 0.00286023 0.00266274 0.128626 0.00271898 0.00287572 0.00263031 0.00232552 0.00118457 -0.00177574 -0.00180796 -0.00139088 -0.00245118 -0.00275524 -0.00202555 -0.00116767 -0.00138273 -0.00252686 -0.00159839 -0.00222903 -0.00196221 -0.00223543 -0.00204185 -0.00229235 -0.00202164 -0.00142085 -0.00122477 -0.0010631 -0.00188388 -0.00145859 -0.00174711 -0.00176815 -0.000858725 -0.00150646 -0.00202966 -0.00145335 -0.00177653 -0.00177241 -0.0014544 -0.00195195 -0.00191397 -0.0015379 -0.00151993 -0.00114698 -0.0015328 -0.00223833 -0.00271038 -0.0011459 -0.00179948 -0.0024511 -0.00157652 -0.0014181 -0.00154984 -0.00165213 -0.00115692 -0.0014575 -0.0013909 -0.00123857 -0.00177733 -0.00129067 -0.00171446 -0.00206498 -0.00175618 -0.00139257 -0.00131855 -0.00153423 -0.00219073 -0.00153801 -0.00232034 -0.00168577 -0.00115036 -0.0019567 -0.00189557 -0.00203264 -0.00170268 -0.00191144 -0.00186263 -0.00170007 -0.00175617 -0.00122938 -0.00165866 -0.00161828 -0.00179226 -0.00176714 -0.00125239 -0.00222572 -0.00130766 -0.00160455 -0.00176418 -0.00153486 -0.00178812 -0.00193693 -0.00237427 -0.00124154 -0.00188146 -0.00167526 
-0.00131106 -0.00121944 -0.000804838 0.00163049 0.00147142 0.00204547 0.00287098 0.00271898 0.133541 0.00341333 0.00273898 0.00304046 0.0019419 0.00391801 -0.0017343 -0.00132916 -0.00178521 -0.00124632 -0.00277693 -0.00316914 -0.0015746 -0.00244792 -0.00233628 -0.00260092 -0.00139785 -0.00189719 -0.00195362 -0.00263688 -0.00171527 -0.00289721 -0.00160331 -0.00166131 -0.0031398 -0.00099565 -0.00157122 -0.00184134 -0.00157636 -0.00267451 -0.00115008 -0.00260508 -0.00188127 -0.000614297 -0.00203995 -0.00186208 -0.00187154 -0.000613078 -0.00143245 -0.00185168 -0.00145926 -0.001529 -0.001677 -0.00174207 -0.00235934 -0.00206637 -0.00181272 -0.00165547 -0.00239095 -0.00219057 -0.00136143 -0.00182929 -0.00139346 -0.00176258 -0.00124461 -0.00167177 -0.00188649 -0.00183864 -0.00118724 -0.00175005 -0.00119505 -0.00203076 -0.00222758 -0.00205254 -0.00208882 -0.00192487 -0.0019094 -0.00211848 -0.00181527 -0.0020563 -0.00100048 -0.00103692 -0.002064 -0.0012624 -0.00230706 -0.00161231 -0.00238291 -0.00217105 -0.000713037 -0.00153226 -0.00157668 -0.00182697 -0.00129622 -0.00129288 -0.00179085 -0.00199058 -0.00120479 -0.0018483 -0.00220272 -0.00152095 -0.00230477 -0.00234608 
-0.00242545 -0.00167228 -0.0017195 -0.000823751 0.00169553 0.00294927 0.00330499 0.00287572 0.00341333 0.137346 0.0024182 0.00320728 0.00327662 0.00364408 -0.00177028 -0.00168626 -0.00243034 -0.00195309 -0.0022122 -0.00180843 -0.00134856 -0.00331654 -0.00250379 -0.00234964 -0.00198896 -0.00208914 -0.00128532 -0.00160585 -0.00151998 -0.00203506 -0.00102765 -0.00213172 -0.00062963 -0.00204 -0.00257425 -0.0017777 -0.00196713 -0.00125918 -0.00133756 -0.00213181 -0.00227982 -0.001278 -0.000953805 -0.00193387 -0.00176335 -0.00126465 -0.00213521 -0.00205715 -0.00169801 -0.00186353 -0.001703 -0.00298421 -0.00236768 -0.00233966 -0.0016744 -0.00152548 -0.00175146 -0.00177507 -0.00189559 -0.00278098 -0.0018516 -0.00137608 -0.00173268 -0.00150599 -0.000660437 -0.00169544 -0.00109187 -0.00155385 -0.0020506 -0.00146916 -0.00214842 -0.00144769 -0.00169235 -0.00190677 -0.00155498 -0.0023716 -0.00177878 -0.00129946 -0.00122174 -0.00159171 -0.00290982 -0.00184897 -0.00202047 -0.000872805 -0.00177449 -0.00214353 -0.00149564 -0.00206845 -0.00217307 -0.00232702 -0.00207856 -0.00201593 -0.00251142 -0.00241979 -0.00131042 -0.00264428 -0.00135801 -0.00171556 -0.0017571 -0.00123829 
-0.00166756 -0.00181471 -0.00113996 -0.0023808 -0.00127101 0.00204963 0.00193105 0.00263031 0.00273898 0.0024182 0.129803 0.00304473 0.00196606 0.00300784 0.00254429 0.00161639 -0.00208666 -0.0019589 -0.00202168 -0.00143276 -0.0027831 -0.00176852 -0.00167051 -0.00162349 -0.0015657 -0.00195768 -0.00239357 -0.00269867 -0.00149148 -0.0020761 -0.00157159 -0.00143592 -0.00181825 -0.00131033 -0.00172984 -0.00129266 -0.00219857 -0.0016295 -0.00145402 -0.00220939 -0.0019665 -0.00200936 -0.00173442 -0.00177353 -0.00125337 -0.00178688 -0.00113991 -0.00108473 -0.00196003 -0.0013466 -0.00136138 -0.00142676 -0.00117431 -0.00213237 -0.0022241 -0.00198514 -0.00194267 -0.00209372 -0.00130963 -0.00189038 -0.00170891 -0.00181895 -0.000889742 -0.00186929 -0.0018481 -0.00134111 -0.00188018 -0.00131442 -0.00178214 -0.00177036 -0.00219064 -0.00188658 -0.00102295 -0.000949166 -0.00193145 -0.0018746 -0.00187208 -0.00170185 -0.00176226 -0.00183339 -0.00196913 -0.00168868 -0.00202727 -0.00198524 -0.00196341 -0.00222913 -0.00193418 -0.00194736 -0.00111516 -0.00181314 -0.00132348 -0.00162063 -0.00129029 -0.00168015 -0.00157474 -0.001719 -0.00132269 -0.00130757 -0.00223246 -0.00170994 
-0.00241404 -0.00122255 -0.00155178 -0.000771603 -0.000790165 -0.00200206 0.00126002 0.00232552 0.00304046 0.00320728 0.00304473 0.132156 0.00358191 0.00390841 0.00258655 0.00298033 0.00317607 -0.00195719 -0.00203027 -0.00156645 -0.00251319 -0.0030616 -0.0026213 -0.001713 -0.00302694 -0.00220379 -0.00191656 -0.00305695 -0.00250348 -0.001336 -0.00237254 -0.00265789 -0.00263573 -0.00265539 -0.00234732 -0.00164775 -0.00121392 -0.00175353 -0.00166486 -0.00163224 -0.00169293 -0.00166222 -0.00204789 -0.00191649 -0.00149208 -0.00135805 -0.00160058 -0.00204938 -0.00212136 -0.00237137 -0.00105715 -0.00203829 -0.00154273 -0.00191402 -0.00146422 -0.00108559 -0.00198236 -0.00180696 -0.00143222 -0.000989768 -0.00220598 -0.0011313 -0.000572733 -0.00193932 -0.00164887 -0.00196984 -0.0020864 -0.00186127 -0.00171922 -0.00164397 -0.00134705 -0.00110374 -0.000896721 -0.00116161 -0.001642 -0.00187202 -0.00177105 -0.00158256 -0.00211693 -0.00152041 -0.00140694 -0.00180126 -0.00143664 -0.00176192 -0.00195946 -0.00245408 -0.00125579 -0.00239181 -0.000929302 -0.001708 -0.00149759 -0.00216343 -0.00133268 -0.00110084 -0.00237292 -0.00274965 -0.00233644 -0.00181896 -0.00226614 -0.00226501 
-0.00175596 -0.00193005 -0.000865311 -0.00175037 -0.000611479 -0.00170739 -0.00175669 0.00118457 0.0019419 0.00327662 0.00196606 0.00358191 0.13353 0.00281297 0.00253131 0.0013878 0.0026046 -0.00251915 -0.00229911 -0.000581242 -0.00213156 -0.0024824 -0.00153843 -0.00181787 -0.00198342 -0.00201634 -0.00328653 -0.00336021 -0.00179774 -0.00202865 -0.00210214 -0.00224731 -0.00248626 -0.00184232 -0.00186263 -0.00187244 -0.00253258 -0.0018396 -0.00150682 -0.00184071 -0.00094985 -0.00190054 -0.00144437 -0.0022296 -0.00160245 -0.00153938 -0.00178578 -0.00123813 -0.00166334 -0.00155706 -0.0010278 -0.00165201 -0.00070505 -0.00150182 -0.00137562 -0.00169489 -0.00150592 -0.00137049 -0.00248405 -0.00187709 -0.00127687 -0.00163009 -0.00154293 -0.00204423 -0.0023185 -0.00156452 -0.00127506 -0.00139631 -0.00214806 -0.00165155 -0.00163591 -0.00180546 -0.00136823 -0.00133038 -0.00143531 -0.00176203 -0.00132219 -0.00139333 -0.00180501 -0.00246919 -0.00146508 -0.00116683 -0.0019792 -0.00144779 -0.00161747 -0.00123557 -0.0017893 -0.000829132 -0.00209972 -0.00184675 -0.00158584 -0.00160377 -0.00193398 -0.00191722 -0.00161413 -0.00130928 -0.00189708 -0.00174597 -0.00190633 -0.00119423 
-0.00137363 -0.00227882 -0.00171189 -0.00215587 -0.00146954 -0.00252705 -0.0013532 -0.00177574 0.00391801 0.00364408 0.00300784 0.00390841 0.00281297 0.143046 0.00180109 0.00343691 0.00387037 0.0032256 0.0025062 -0.00236211 -0.00186518 -0.00227862 -0.00226548 -0.00288948 -0.00242856 -0.00342913 -0.00184456 -0.00263684 -0.000872897 -0.00127168 -0.0021235 -0.00220281 -0.00309073 -0.00138525 -0.00232237 -0.00182201 -0.00177334 -0.00264858 -0.00126442 -0.00281225 -0.00202037 -0.00187342 -0.0019612 -0.00227192 -0.00162059 -0.00179036 -0.00281319 -0.00163076 -0.0015483 -0.00200338 -0.00192183 -0.00197748 -0.000963789 -0.00163657 -0.00175695 -0.00124644 -0.0023945 -0.00207861 -0.00229893 -0.00288554 -0.00198605 -0.00148832 -0.00133956 -0.0018309 -0.00243764 -0.00170292 -0.00159266 -0.00247351 -0.00162657 -0.00204689 -0.00136981 -0.00125456 -0.00177523 -0.00110534 -0.00171502 -0.00123952 -0.00260236 -0.00234877 -0.002168 -0.0017298 -0.00159833 -0.00167138 -0.00258778 -0.00217516 -0.00153233 -0.00163621 -0.00124896 -0.00255097 -0.00216463 -0.00277541 -0.0026864 -0.000822216 -0.00141597 -0.0024565 -0.00258547 -0.00287667 -0.00164818 -0.00252058 -0.00194266 -0.0015189 
-0.00254821 -0.000492704 -0.00221536 -0.0036643 -0.00178057 -0.00135608 -0.00204812 -0.00180796 -0.0017343 -0.00177028 0.00254429 0.00258655 0.00253131 0.00180109 0.142545 0.00329676 0.00393651 0.00261639 0.0034062 0.0032627 -0.00155981 -0.00129886 -0.00263988 -0.00149137 -0.00119779 -0.00333981 -0.0021173 -0.002457 -0.00226646 -0.00220164 -0.00158371 -0.00271166 -0.00301342 -0.00272777 -0.00201543 -0.00194488 -0.00186369 -0.00286868 -0.00167298 -0.00188108 -0.00126826 -0.00172573 -0.0019889 -0.00196702 -0.00169936 -0.00194717 -0.00136374 -0.00192675 -0.00157151 -0.00171479 -0.00131425 -0.00244929 -0.00102415 -0.00189191 -0.00220457 -0.000939195 -0.00267191 -0.00247919 -0.00146546 -0.00144248 -0.00184889 -0.00142671 -0.00158291 -0.00243203 -0.00164062 -0.000877686 -0.00207323 -0.00235085 -0.00191884 -0.0017808 -0.00226782 -0.00182733 -0.00207307 -0.00182307 -0.0021014 -0.00213515 -0.00123517 -0.001539 -0.00187703 -0.00246924 -0.00249239 -0.000787095 -0.00151634 -0.00250212 -0.000981938 -0.00105673 -0.00149148 -0.00145557 -0.00159991 -0.00121028 -0.00116951 -0.00204946 -0.00147649 -0.00159495 -0.00268355 -0.00233966 -0.00181982 -0.00227362 -0.00198782 -0.00143095 
-0.0021473 -0.00188052 -0.00287635 -0.00287537 -0.0019934 -0.00186311 -0.00113978 -0.00139088 -0.00132916 -0.00168626 0.00161639 0.00298033 0.0013878 0.00343691 0.00329676 0.146522 0.00405003 0.00216854 0.00378975 0.00309947 -0.00272468 -0.00226445 -0.00197679 -0.00220365 -0.00225068 -0.00285412 -0.00202757 -0.0029677 -0.00257304 -0.00293022 -0.00189649 -0.00170673 -0.00254017 -0.00267226 -0.000874611 -0.00175152 -0.00145967 -0.00234551 -0.00176328 -0.00221875 -0.00181187 -0.00240957 -0.00204752 -0.00217512 -0.00183249 -0.00183228 -0.00191965 -0.00231696 -0.00216371 -0.00150476 -0.00255563 -0.00228894 -0.00147543 -0.000946667 -0.0016717 -0.00146948 -0.00197718 -0.00189008 -0.00177018 -0.00170794 -0.00199547 -0.00143856 -0.00187807 -0.00167763 -0.00191546 -0.00186851 -0.00125605 -0.00276252 -0.00289701 -0.00152363 -0.00186936 -0.0023013 -0.00186873 -0.000738307 -0.00130246 -0.00121128 -0.00185968 -0.00174295 -0.00181578 -0.00182307 -0.00196582 -0.00115643 -0.00155437 -0.00231211 -0.00164177 -0.0010785 -0.00208585 -0.00238341 -0.00166945 -0.00137059 -0.00185831 -0.00205512 -0.00148131 -0.00185123 -0.00295103 -0.00120063 -0.00172475 -0.00132 -0.00171289 -0.00227776 
-0.00183528 -0.00184254 -0.00101966 -0.00195895 -0.00269653 -0.00113012 -0.00131781 -0.00245118 -0.00178521 -0.00243034 -0.00208666 0.00317607 0.0026046 0.00387037 0.00393651 0.00405003 0.152575 0.00306073 0.00283826 0.00373217 0.0031281 0.00209438 -0.00216154 -0.00191421 -0.00281091 -0.00315268 -0.00234281 -0.0029248 -0.00157151 -0.00164129 -0.00243392 -0.00246016 -0.00307905 -0.00203264 -0.00143108 -0.00120906 -0.00257629 -0.00265102 -0.00280427 -0.00194773 -0.00308529 -0.00210998 -0.00279039 -0.00201756 -0.00188866 -0.00225364 -0.00231111 -0.00195305 -0.00122261 -0.00231045 -0.00117229 -0.00271196 -0.00142141 -0.00197503 -0.00257248 -0.00174725 -0.0017943 -0.00190258 -0.00251936 -0.00197858 -0.00203336 -0.00220474 -0.00195713 -0.0018218 -0.00197284 -0.00142206 -0.00253533 -0.0021026 -0.00234706 -0.00166598 -0.00214322 -0.00263918 -0.0027136 -0.00238708 -0.001693 -0.00200039 -0.00228408 -0.00214111 -0.00222507 -0.00265891 -0.00190194 -0.00218109 -0.0025543 -0.00189333 -0.00187257 -0.00307355 -0.00206978 -0.00184183 -0.00163417 -0.00167223 -0.00232304 -0.00113992 -0.00129926 -0.00197409 -0.00236913 -0.00155328 -0.00188292 -0.00134718 -0.00237953 -0.00171701 
-0.001572 -0.00154896 -0.00158758 -0.00293821 -0.00211878 -0.00210816 -0.00146911 -0.00275524 -0.00124632 -0.00195309 -0.0019589 -0.00195719 -0.00251915 0.0032256 0.00261639 0.00216854 0.00306073 0.148099 0.00359435 0.00328381 0.00362427 0.00266895 0.00257114 -0.00176989 -0.00169166 -0.00160791 -0.00246287 -0.00185693 -0.00189824 -0.00151721 -0.00198891 -0.00175746 -0.00214398 -0.00245866 -0.00201987 -0.00308499 -0.0029601 -0.00232964 -0.00247684 -0.00272985 -0.00266902 -0.00230387 -0.00185075 -0.00172744 -0.00238903 -0.00115372 -0.0019439 -0.00154818 -0.00159546 -0.00149708 -0.00193788 -0.00214474 -0.00204922 -0.00177399 -0.00225611 -0.00116554 -0.00199876 -0.00212958 -0.00203541 -0.00138088 -0.00262828 -0.00220427 -0.0016345 -0.000991595 -0.00221397 -0.00222842 -0.00204503 -0.00117247 -0.00140443 -0.00172438 -0.000856135 -0.00183573 -0.00245798 -0.000840247 -0.00204505 -0.00169855 -0.00150725 -0.00138833 -0.00192847 -0.0023426 -0.00181682 -0.00229958 -0.0018182 -0.00174143 -0.00163191 -0.00228818 -0.00183693 -0.00153033 -0.00256892 -0.00289655 -0.00208221 -0.00201666 -0.00195069 -0.00169447 -0.00235558 -0.00216981 -0.00143056 -0.00218358 -0.00133315 -0.00208103 
-0.00274899 -0.00188049 -0.00195684 -0.00172806 -0.00165981 -0.00184862 -0.00229844 -0.00202555 -0.00277693 -0.0022122 -0.00202168 -0.00203027 -0.00229911 0.0025062 0.0034062 0.00378975 0.00283826 0.00359435 0.148715 0.0031799 0.00274312 0.00218021 0.00277451 -0.000594975 -0.00178083 -0.00155247 -0.00177133 -0.00250616 -0.00266383 -0.00119154 -0.00176425 -0.00213049 -0.00233567 -0.00163849 -0.0018177 -0.00327635 -0.00173594 -0.00269394 -0.00173105 -0.00284221 -0.00202122 -0.00153724 -0.00226797 -0.00250779 -0.00259078 -0.00273283 -0.00233809 -0.00227275 -0.00166426 -0.00179814 -0.0011854 -0.00144277 -0.00153905 -0.00167265 -0.00158575 -0.00152493 -0.00138917 -0.00105823 -0.0014439 -0.00220056 -0.00257496 -0.00227734 -0.0016347 -0.0022369 -0.00276398 -0.00192983 -0.00246096 -0.00113943 -0.00148338 -0.00104021 -0.00280629 -0.000722507 -0.00225051 -0.00141312 -0.00252615 -0.00144064 -0.00232882 -0.00109211 -0.0018063 -0.00219507 -0.00178066 -0.00166304 -0.00147464 -0.00121173 -0.00262365 -0.00221354 -0.0016686 -0.00199056 -0.00282453 -0.000878557 -0.00286278 -0.00215566 -0.00234472 -0.00193873 -0.00208157 -0.00174864 -0.00210907 -0.00171524 -0.00224691 -0.00178404 
-0.00238641 -0.00158682 -0.00226873 -0.0032143 -0.00221051 -0.0021651 -0.00333513 -0.00116767 -0.00316914 -0.00180843 -0.00143276 -0.00156645 -0.000581242 -0.00236211 0.0032627 0.00309947 0.00373217 0.00328381 0.0031799 0.148835 0.00299439 0.00372021 0.00164133 0.00280091 0.00308775 -0.00176383 -0.00158865 -0.00132256 -0.00179952 -0.00197222 -0.00168916 -0.00235804 -0.00118046 -0.00293816 -0.00232147 -0.00231463 -0.00172127 -0.00200441 -0.00346759 -0.00250351 -0.00102205 -0.00200922 -0.00271297 -0.00282193 -0.00196341 -0.00188098 -0.00224347 -0.00147849 -0.000933883 -0.00145877 -0.00160457 -0.00253462 -0.00250515 -0.00180202 -0.00300409 -0.00140487 -0.00186194 -0.00184463 -0.00114655 -0.00216553 -0.0011666 -0.00120488 -0.00238949 -0.00142743 -0.00166164 -0.0016592 -0.00203293 -0.00308785 -0.00189836 -0.00243482 -0.00248965 -0.0033377 -0.00307398 -0.0020023 -0.00167335 -0.00233097 -0.00172973 -0.00250233 -0.00327821 -0.00160191 -0.00196495 -0.00221083 -0.0023935 -0.00208293 -0.00219518 -0.00216493 -0.00163465 -0.00138618 -0.00164484 -0.00161288 -0.00223692 -0.00177387 -0.00223688 -0.00122435 -0.00193764 -0.00219755 -0.0019957 -0.00131867 -0.00162462 -0.00221738 
-0.0018443 -0.00114202 -0.0013517 -0.00123926 -0.00149978 -0.00221294 -0.0018137 -0.00138273 -0.0015746 -0.00134856 -0.0027831 -0.00251319 -0.00213156 -0.00186518 -0.00155981 -0.00272468 0.0031281 0.00362427 0.00274312 0.00299439 0.149196 0.00386558 0.00364313 0.00369335 0.00291537 0.002181 -0.0017949 -0.00243537 -0.00208327 -0.00193564 -0.00246804 -0.00263357 -0.00228099 -0.00170547 -0.00186819 -0.0020721 -0.00101057 -0.00128218 -0.00212783 -0.00167607 -0.00123907 -0.0015645 -0.0027424 -0.00196794 -0.00181109 -0.00186047 -0.0021919 -0.00211109 -0.00154 -0.00186189 -0.00218588 -0.00204063 -0.00224166 -0.00160429 -0.0021895 -0.00208492 -0.00209325 -0.00258102 -0.00250121 -0.00196905 -0.00136543 -0.00144874 -0.0027421 -0.00168171 -0.00209047 -0.0014526 -0.00204184 -0.00226637 -0.00233603 -0.00230542 -0.00170565 -0.00195744 -0.00220072 -0.00278905 -0.0023377 -0.00197702 -0.00234194 -0.0024808 -0.00169918 -0.00289254 -0.00133384 -0.00164738 -0.00193453 -0.00193439 -0.00169308 -0.00318691 -0.00232348 -0.0019977 -0.00229068 -0.00254681 -0.00238063 -0.00273557 -0.00209514 -0.00144055 -0.00205071 -0.00165175 -0.0013023 -0.00206838 -0.00130151 -0.00121283 
-0.0014574 -0.000955988 -0.0013533 -0.00164837 -0.00252774 -0.00256451 -0.00239724 -0.00252686 -0.00244792 -0.00331654 -0.00176852 -0.0030616 -0.0024824 -0.00227862 -0.00129886 -0.00226445 0.00209438 0.00266895 0.00218021 0.00372021 0.00386558 0.145306 0.00353031 0.00393898 0.00257696 0.00273751 -0.0014262 -0.00318468 -0.00160162 -0.00190897 -0.00194588 -0.00223988 -0.0024422 -0.0020311 -0.00119792 -0.00234114 -0.00199655 -0.00195926 -0.00194457 -0.00243331 -0.00130814 -0.00208793 -0.00280473 -0.00117469 -0.0017331 -0.00223875 -0.00205843 -0.00227625 -0.00153249 -0.00178711 -0.00230456 -0.0020046 -0.00193456 -0.00138011 -0.00209572 -0.00178816 -0.00195553 -0.00171306 -0.00185862 -0.00126371 -0.00204141 -0.00113142 -0.00233567 -0.00172828 -0.00124708 -0.00168596 -0.00285054 -0.00114512 -0.00121433 -0.00199975 -0.00262273 -0.00200063 -0.00292625 -0.00151207 -0.00185148 -0.00170308 -0.00161795 -0.00168607 -0.00194123 -0.00123184 -0.00193226 -0.00200002 -0.00172189 -0.00178209 -0.00096009 -0.00165672 -0.00193057 -0.001689 -0.00238598 -0.00204183 -0.00177423 -0.00246395 -0.00119913 -0.00212138 -0.00183456 -0.0013861 -0.00162998 -0.00227405 -0.00174135 -0.00131692 
-0.00244688 -0.00241967 -0.00185864 -0.00172209 -0.00157043 -0.00175501 -0.00228141 -0.00159839 -0.00233628 -0.00250379 -0.00167051 -0.0026213 -0.00153843 -0.00226548 -0.00263988 -0.00197679 -0.00216154 0.00257114 0.00277451 0.00164133 0.00364313 0.00353031 0.141972 0.00246338 0.00299983 0.00319109 0.00278318 -0.0018578 -0.00122945 -0.00159422 -0.00177205 -0.00253342 -0.00205163 -0.00282776 -0.00306612 -0.00213346 -0.00200623 -0.00151991 -0.00241526 -0.00231225 -0.00166328 -0.00163134 -0.00172187 -0.00278188 -0.00174449 -0.00203318 -0.00212869 -0.00206453 -0.00181374 -0.00153584 -0.00167192 -0.00201129 -0.00123019 -0.00083494 -0.00151656 -0.00165969 -0.0013456 -0.00158703 -0.00123889 -0.00166631 -0.00164735 -0.00150359 -0.00136994 -0.00143155 -0.00118952 -0.00177425 -0.00158301 -0.00194681 -0.00128443 -0.00247683 -0.00216335 -0.00170293 -0.00297166 -0.00184308 -0.00227911 -0.00161492 -0.00172307 -0.00145956 -0.00123805 -0.00184587 -0.00139081 -0.00155275 -0.00192481 -0.00240354 -0.00123283 -0.00147123 -0.0021161 -0.000104035 -0.00200815 -0.00179173 -0.00191916 -0.00227757 -0.00201019 -0.00190976 -0.00151834 -0.00205202 -0.00255342 -0.00222909 -0.00149185 -0.00199591 
-0.00196244 -0.00107764 -0.00236115 -0.00177251 -0.00209765 -0.00120905 -0.0029402 -0.00222903 -0.00260092 -0.00234964 -0.00162349 -0.001713 -0.00181787 -0.00288948 -0.00149137 -0.00220365 -0.00191421 -0.00176989 -0.000594975 0.00280091 0.00369335 0.00393898 0.00246338 0.143456 0.00380673 0.00256266 0.00232044 0.00248745 -0.00115658 -0.00188172 -0.00190291 -0.00149398 -0.00221577 -0.00282028 -0.00230883 -0.00200525 -0.00181198 -0.00158799 -0.00142008 -0.0016063 -0.00217605 -0.00239295 -0.00277929 -0.00233945 -0.00145228 -0.00246275 -0.00105148 -0.00264089 -0.00204114 -0.00161839 -0.00196488 -0.00256349 -0.00208119 -0.00164061 -0.00152769 -0.00263627 -0.0019994 -0.0022154 -0.00125977 -0.000966167 -0.00114239 -0.0025388 -0.00167444 -0.000611554 -0.00100782 -0.00142264 -0.00159403 -0.00151265 -0.00201755 -0.00148321 -0.00226231 -0.00154704 -0.00255983 -0.00164758 -0.00129554 -0.00175901 -0.00183478 -0.00136639 -0.00135289 -0.00201193 -0.0021126 -0.00170229 -0.00142173 -0.0023066 -0.00206933 -0.00184531 -0.00183116 -0.00113346 -0.00102312 -0.00239372 -0.00141312 -0.00283288 -0.00194871 -0.00176881 -0.00191954 -0.00195361 -0.00215724 -0.00168641 -0.00165074 -0.00107768 
-0.00286854 -0.0017022 -0.00184774 -0.00174836 -0.00100451 -0.00200703 -0.0026423 -0.00196221 -0.00139785 -0.00198896 -0.0015657 -0.00302694 -0.00198342 -0.00242856 -0.00119779 -0.00225068 -0.00281091 -0.00169166 -0.00178083 0.00308775 0.00291537 0.00257696 0.00299983 0.00380673 0.148204 0.00373133 0.00261196 0.00227732 0.00219073 0.00163836 -0.00133468 -0.00202872 -0.00264022 -0.00246975 -0.00248635 -0.00291885 -0.00165036 -0.0013819 -0.00279681 -0.00191413 -0.00196018 -0.00187694 -0.000994592 -0.00241613 -0.00192025 -0.00191192 -0.00182039 -0.0021828 -0.00257891 -0.0013867 -0.00276753 -0.00162843 -0.0015282 -0.00107443 -0.00117586 -0.00130431 -0.00199944 -0.00188766 -0.00155361 -0.00132018 -0.00232806 -0.00180272 -0.00203382 -0.00223954 -0.00131894 -0.00202506 -0.00169869 -0.00234325 -0.00262012 -0.00222417 -0.00309757 -0.00183419 -0.00307674 -0.00307937 -0.00177149 -0.00271078 -0.00119434 -0.00274722 -0.00174735 -0.00342463 -0.00147572 -0.00237808 -0.0016663 -0.00208378 -0.00120856 -0.00181713 -0.00158567 -0.00268444 -0.00267361 -0.00175699 -0.00154158 -0.00198199 -0.00154679 -0.000772913 -0.00182669 -0.00156605 -0.00136944 -0.00178025 -0.00151603 -0.00267431 
-0.00148941 -0.00278585 -0.00196419 -0.00111794 -0.00220741 -0.00288369 -0.00312814 -0.00223543 -0.00189719 -0.00208914 -0.00195768 -0.00220379 -0.00201634 -0.00342913 -0.00333981 -0.00285412 -0.00315268 -0.00160791 -0.00155247 -0.00176383 0.002181 0.00273751 0.00319109 0.00256266 0.00373133 0.141776 0.00261719 0.00228753 0.00243011 0.00203732 0.00164956 -0.00113278 -0.00138395 -0.000676792 -0.000879383 -0.00157703 -0.00100145 -0.00188737 -0.00179767 -0.00171992 -0.00170593 -0.00211072 -0.00195207 -0.00175663 -0.00228836 -0.00171726 -0.00145324 -0.00234813 -0.00094857 -0.00232159 -0.00211821 -0.00177898 -0.001036 -0.00120603 -0.00228194 -0.00226476 -0.00240214 -0.00223276 -0.00138212 -0.00196943 -0.00264434 -0.00200824 -0.00043371 -0.00161469 -0.00147131 -0.0021853 -0.00107238 -0.00135007 -0.00189534 -0.00106614 -0.00237157 -0.00232821 -0.0027825 -0.00160626 -0.0027222 -0.0023096 -0.00177399 -0.0017168 -0.00261871 -0.00174953 -0.00150697 -0.0015387 -0.00145992 -0.0019386 -0.00179106 -0.00233064 -0.00191756 -0.00141291 -0.00109515 -0.00243849 -0.00137469 -0.00281393 -0.00190251 -0.00142261 -0.00180201 -0.00148169 -0.00187238 -0.00115619 -0.00145249 -0.00176449 
-0.00137544 -0.00186836 -0.00200597 -0.00247998 -0.00183317 -0.00182245 -0.00191591 -0.00204185 -0.00195362 -0.00128532 -0.00239357 -0.00191656 -0.00328653 -0.00184456 -0.0021173 -0.00202757 -0.00234281 -0.00246287 -0.00177133 -0.00158865 -0.0017949 -0.0014262 0.00278318 0.00232044 0.00261196 0.00261719 0.134074 0.00355711 0.00401128 0.00220272 0.00253241 0.00187879 -0.00116983 -0.00203014 -0.00264704 -0.00201708 -0.00176206 -0.0018391 -0.00069187 -0.00241145 -0.00196431 -0.0019519 -0.000314085 -0.00196279 -0.00149127 -0.00262375 -0.000870324 -0.00178382 -0.00166639 -0.00213052 -0.00196071 -0.00174067 -0.00109418 -0.00126009 -0.00120175 -0.00174887 -0.00170182 -0.00119241 -0.000955083 -0.000901633 -0.00222313 -0.00235881 -0.00220329 -0.00174058 -0.00188287 -0.00230014 -0.00171035 -0.00117394 -0.00221752 -0.00217811 -0.00167217 -0.00224282 -0.00106825 -0.00213556 -0.00156613 -0.00176407 -0.00187381 -0.0019109 -0.0016625 -0.00127088 -0.00154206 -0.00122677 -0.00206245 -0.00186111 -0.00193765 -0.00132933 -0.00124803 -0.00149186 -0.00124331 -0.00242644 -0.00201972 -0.00187631 -0.00143624 -0.00179298 -0.000745019 -0.00212216 -0.00144738 -0.00077197 -0.00197731 -0.00223576 
-0.00225948 -0.00160635 -0.00237859 -0.00296509 -0.00244485 -0.00290675 -0.00137988 -0.00229235 -0.00263688 -0.00160585 -0.00269867 -0.00305695 -0.00336021 -0.00263684 -0.002457 -0.0029677 -0.0029248 -0.00185693 -0.00250616 -0.00132256 -0.00243537 -0.00318468 -0.0018578 0.00248745 0.00227732 0.00228753 0.00355711 0.139688 0.00385438 0.00321558 0.00287452 0.00194451 0.00260563 -0.00084189 -0.00204654 -0.00131072 -0.00133116 -0.00143386 -0.00134767 -0.00170079 -0.00185312 -0.00229227 -0.00171585 -0.00129059 -0.00153017 -0.00227807 -0.00070743 -0.0016005 -0.00172934 -0.00269107 -0.00171396 -0.00155705 -0.0012124 -0.00157982 -0.00147703 -0.00185497 -0.00193244 -0.000922695 -0.00108658 -0.00150229 -0.00152361 -0.00160799 -0.00121 -0.00188896 -0.000712842 -0.001677 -0.000511749 -0.00208057 -0.00129392 -0.001355 -0.00255276 -0.00206132 -0.000755615 -0.00244707 -0.00213204 -0.00221397 -0.00129053 -0.0019174 -0.00180615 -0.00256985 -0.00145031 -0.00164157 -0.0023611 -0.00047005 -0.00195391 -0.00236335 -0.00201197 -0.00136248 -0.00184001 -0.00211645 -0.00148108 -0.00103658 -0.00194467 -0.00182856 -0.00102306 -0.00113491 -0.00210256 -0.00198621 -0.00119679 -0.00159568 
-0.00162071 -0.00243081 -0.00217566 -0.0015447 -0.00207377 -0.00201257 -0.0011476 -0.00202164 -0.00171527 -0.00151998 -0.00149148 -0.00250348 -0.00179774 -0.000872897 -0.00226646 -0.00257304 -0.00157151 -0.00189824 -0.00266383 -0.00179952 -0.00208327 -0.00160162 -0.00122945 -0.00115658 0.00219073 0.00243011 0.00401128 0.00385438 0.136918 0.00252374 0.00255459 0.00292408 0.00225645 0.00229082 -0.00177015 -0.000965552 -0.00163123 -0.00231704 -0.00106414 -0.00185274 -0.00138083 -0.0017367 -0.00142864 -0.00146073 -0.00154921 -0.00162632 -0.00129169 -0.000923783 -0.00123355 -0.00101624 -0.00187366 -0.00196447 -0.000981811 -0.000800477 -0.00198114 -0.00216574 -0.0011962 -0.00131838 -0.00133194 -0.00167045 -0.00177524 -0.00225166 -0.00179893 -0.00194644 -0.00137349 -0.00214212 -0.00243202 -0.00272017 -0.00183407 -0.00267493 -0.00314812 -0.00255278 -0.00156781 -0.00246746 -0.00211156 -0.00226925 -0.00140149 -0.00122943 -0.00175033 -0.00212982 -0.0020072 -0.00146499 -0.00287671 -0.00127217 -0.00315492 -0.00208768 -0.00261177 -0.00211101 -0.00165971 -0.00201817 -0.00235775 -0.00144011 -0.00149934 -0.00156194 -0.00178921 -0.00180157 -0.00178392 -0.00181919 -0.00150244 -0.00125239 
-0.00212176 -0.00223282 -0.00194765 -0.00165272 -0.00196289 -0.0026501 -0.00145627 -0.00142085 -0.00289721 -0.00203506 -0.0020761 -0.001336 -0.00202865 -0.00127168 -0.00220164 -0.00293022 -0.00164129 -0.00151721 -0.00119154 -0.00197222 -0.00193564 -0.00190897 -0.00159422 -0.00188172 0.00163836 0.00203732 0.00220272 0.00321558 0.00252374 0.141428 0.00240437 0.00338253 0.00282791 0.000983524 -0.000984216 -0.000812183 -0.00142607 -0.00198252 -0.0018342 -0.00110843 -0.00162701 -0.00210047 -0.000719893 -0.00126767 -0.00190273 -0.00140785 -0.00125182 -0.00214688 -0.00188114 -0.00170771 -0.00227312 -0.00179005 -0.00227409 -0.00170355 -0.00195729 -0.0030387 -0.00215148 -0.00248878 -0.00128213 -0.00196726 -0.00158202 -0.00194579 -0.00221577 -0.00221873 -0.00204674 -0.00196406 -0.001731 -0.00248892 -0.0018818 -0.00176436 -0.00165043 -0.00220297 -0.00236474 -0.00184524 -0.00119337 -0.000547932 -0.00147047 -0.0017512 -0.00199148 -0.00163532 -0.00133057 -0.00171179 -0.00171658 -0.000940627 -0.00226948 -0.00120841 -0.00165393 -0.00152708 -0.00154716 -0.00167588 -0.00241148 -0.00214394 -0.00264106 -0.00262509 -0.00238306 -0.00150399 -0.00196335 -0.00181128 -0.000830483 -0.00130463 
-0.00169179 -0.00169086 -0.000958975 -0.00176718 -0.00205274 -0.00158134 -0.000905829 -0.00122477 -0.00160331 -0.00102765 -0.00157159 -0.00237254 -0.00210214 -0.0021235 -0.00158371 -0.00189649 -0.00243392 -0.00198891 -0.00176425 -0.00168916 -0.00246804 -0.00194588 -0.00177205 -0.00190291 -0.00133468 0.00164956 0.00253241 0.00287452 0.00255459 0.00240437 0.125141 0.00220586 0.00248366 0.00230623 0.0013967 0.0015768 -0.00159541 -0.00126114 -0.00176193 -0.00193646 -0.00159356 -0.00167363 -0.0014285 -0.00215801 -0.00247867 -0.000954526 -0.00180053 -0.00189501 -0.00147237 -0.000921246 -0.000891161 -0.000817068 -0.0019431 -0.000594666 -0.00131208 -0.00263963 -0.00165613 -0.00128915 -0.0018842 -0.00177948 -0.00231825 -0.00256594 -0.00177372 -0.001506 -0.00135081 -0.00144437 -0.00121569 -0.00117577 -0.00150483 -0.00126001 -0.00262311 -0.00136207 -0.00150351 -0.00127526 -0.00214302 -0.00106658 -0.00120022 -0.00213253 -0.0018664 -0.00207048 -0.00206212 -0.00105314 -0.000994869 -0.00146351 -0.00140678 -0.0010136 -0.00145691 -0.00175821 -0.00194428 -0.00181103 -0.00207127 -0.00187351 -0.00128118 -0.0020422 -0.00143064 -0.00223255 -0.00147438 -0.00196124 -0.00153231 -0.00171113 
-0.00286461 -0.00187724 -0.00188311 -0.00122716 -0.00195804 -0.00196674 -0.00117672 -0.0010631 -0.00166131 -0.00213172 -0.00143592 -0.00265789 -0.00224731 -0.00220281 -0.00271166 -0.00170673 -0.00246016 -0.00175746 -0.00213049 -0.00235804 -0.00263357 -0.00223988 -0.00253342 -0.00149398 -0.00202872 -0.00113278 0.00187879 0.00194451 0.00292408 0.00338253 0.00220586 0.128463 0.00261808 0.00255236 0.00210003 0.00260759 0.00166085 -0.0022212 -0.00155833 -0.00150968 -0.00128554 -0.00109389 -0.00204636 -0.00249976 -0.00197732 -0.00116568 -0.00185753 -0.00263315 -0.0013507 -0.00172058 -0.00108589 -0.00118523 -0.00189404 -0.00242464 -0.00153403 -0.0021888 -0.00193173 -0.00188489 -0.00107243 -0.00134392 -0.0013197 -0.0013351 -0.000773955 -0.0018011 -0.00206709 -0.00111662 -0.00108534 -0.00158671 -0.00180341 -0.00141607 -0.00193335 -0.00215391 -0.00146669 -0.00175075 -0.00152888 -0.00113464 -0.00182582 -0.00174973 -0.00176405 -0.00114883 -0.00163677 -0.00117372 -0.00109085 -0.00124012 -0.00122032 -0.00103129 -0.00129048 -0.00199311 -0.00129764 -0.00142275 -0.00158083 -0.00165991 -0.00195879 -0.00130363 -0.00141351 -0.00194151 -0.00205673 -0.00221006 -0.00131428 -0.00173333 
-0.00253659 -0.00208711 -0.00195614 -0.0015305 -0.00179689 -0.00102176 -0.00177628 -0.00188388 -0.0031398 -0.00062963 -0.00181825 -0.00263573 -0.00248626 -0.00309073 -0.00301342 -0.00254017 -0.00307905 -0.00214398 -0.00233567 -0.00118046 -0.00228099 -0.0024422 -0.00205163 -0.00221577 -0.00264022 -0.00138395 -0.00116983 0.00260563 0.00225645 0.00282791 0.00248366 0.00261808 0.13738 0.00308619 0.00264813 0.001874 0.0013359 0.00276608 -0.000848156 -0.00153215 -0.00110922 -0.00184585 -0.00175845 -0.00185118 -0.00137809 -0.00145253 -0.0010864 -0.00174712 -0.000831545 -0.00202369 -0.00201611 -0.00183529 -0.00187096 -0.00220237 -0.00285673 -0.00207861 -0.000851913 -0.00132871 -0.00245278 -0.00200212 -0.00152978 -0.00221082 -0.00163882 -0.00212557 -0.00159707 -0.00170558 -0.00164332 -0.00173718 -0.00164404 -0.000739962 -0.00170216 -0.00210476 -0.00125157 -0.00147798 -0.00175846 -0.00152338 -0.00190538 -0.00106057 -0.00281739 -0.00233347 -0.00190508 -0.00191243 -0.00180525 -0.00262879 -0.00192909 -0.00335819 -0.0015734 -0.0011157 -0.00160319 -0.00213757 -0.00148006 -0.00181139 -0.0014439 -0.00119164 -0.00197502 -0.000372828 -0.00138704 -0.00150438 -0.00100046 -0.00141214 
