0.119167 0.0019733 0.00227081 0.00245436 0.00164084 0.00206153 -0.00102823 -0.00105599 -0.0016033 -0.000978757 -0.00143747 -0.00117552 -0.00153915 -0.00165648 -0.00232324 -0.00164064 -0.00147117 -0.00210057 -0.00199226 -0.0026511 -0.00199965 -0.00163508 -0.00237042 -0.00188599 -0.00170029 -0.00182623 -0.00127249 -0.00262207 -0.00153291 -0.0023497 -0.00130121 -0.0019715 -0.00225015 -0.00168961 -0.00217935 -0.00234886 -0.000507665 -0.00128235 -0.00124616 -0.00145085 -0.00116082 -0.0018783 -0.00115399 -0.00223099 -0.000895546 -0.00168109 -0.0018564 -0.00110447 -0.00114779 -0.00190216 -0.0011693 -0.00115296 -0.000566717 -0.000999607 -0.00146122 -0.000580513 -0.00165132 -0.00130603 -0.00128057 -0.00174954 -0.000727132 -0.00115158 -0.00197491 -0.0010589 -0.0014348 -0.00143845 -0.001982 -0.000827487 -0.00164159 -0.00179834 -0.00160983 -0.00090823 -0.00152282 -0.0016709 -0.00107675 -0.00168271 -0.00151629 -0.00171513 -0.00102964 -0.001555 -0.00231908 -0.00132096 -0.00128079 -0.00159281 -0.00176711 -0.00113438 -0.0015466 -0.00145241 -0.000715978 -0.00131875 -0.0021855 -0.00134591 -0.00130018 -0.0012456 -0.00105634 -0.00121144 0.00170996 0.00216479 0.00110162 0.00157812 
0.0019733 0.127011 0.00180697 0.00203555 0.00317226 0.00239599 0.00187013 -0.000347684 -0.00136832 -0.00129857 -0.00253088 -0.00213325 -0.00149165 -0.0013603 -0.00145756 -0.00209986 -0.00214522 -0.00204259 -0.00134924 -0.00290775 -0.00203566 -0.00161887 -0.00166839 -0.00188148 -0.00254173 -0.00265473 -0.00211049 -0.00147863 -0.00135691 -0.00195023 -0.00199547 -0.00187666 -0.000930072 -0.00137912 -0.00172407 -0.00123515 -0.00135049 -0.00156067 -0.000877138 -0.00178404 -0.00204763 -0.000563297 -0.00162868 -0.002023 -0.000882749 -0.00177611 -0.00145063 -0.00182448 -0.00205773 -0.00161094 -0.00209819 -0.00167875 -0.00109646 -0.00181225 -0.00110845 -0.000507539 -0.00119431 -0.0021988 -0.00193175 -0.00120609 -0.000971299 -0.00178103 -0.00183273 -0.00174832 -0.00142286 -0.00168852 -0.00164628 -0.00137826 -0.000988209 -0.00275706 -0.0024186 -0.00192443 -0.00111879 -0.00198283 -0.00138185 -0.00154633 -0.00209654 -0.00222563 -0.0014861 -0.00176935 -0.00226314 -0.0018316 -0.00152453 -0.00127715 -0.00182677 -0.00170091 -0.00153086 -0.000871794 -0.00169313 -0.00127093 -0.00188483 -0.00143167 -0.00100718 -0.000848509 -0.00104818 -0.00119936 -0.00166191 0.0017382 0.00251068 0.00176361 
0.00227081 0.00180697 0.119107 0.00294811 0.00206341 0.00185289 0.00147173 0.00203649 -0.000929938 -0.000791374 -0.000916796 -0.000947484 -0.000624487 -0.00198174 -0.00184579 -0.00113768 -0.0026171 -0.00135949 -0.00176829 -0.00206838 -0.00224221 -0.00189094 -0.00125039 -0.00122172 -0.00247203 -0.00263767 -0.00156169 -0.0020935 -0.00247249 -0.00104303 -0.00179064 -0.00182275 -0.00167924 -0.00155345 -0.00113628 -0.00107104 -0.00163666 -0.00151498 -0.000881331 -0.00150469 -0.00171117 -0.000618485 -0.00176326 -0.00138313 -0.00178966 -0.00141745 -0.000651708 -0.00154468 -0.00181547 -0.00131347 -0.00124313 -0.00198833 -0.00131875 -0.00134153 -0.00186118 -0.00120883 -0.00102973 -0.00176041 -0.00155499 -0.00147174 -0.00166757 -0.00146567 -0.00180404 -0.00163954 -0.0014131 -0.00168304 -0.00147425 -0.00181372 -0.00156569 -0.00103007 -0.00162063 -0.00122624 -0.00100271 -0.00135635 -0.00212646 -0.00187776 -0.00208594 -0.00198325 -0.00175447 -0.00213017 -0.0014068 -0.00209733 -0.00108231 -0.00148841 -0.00123372 -0.00127199 -0.001716 -0.00149502 -0.0010541 -0.000841898 -0.00094392 -0.0016862 -0.0017564 -0.0007296 -0.00147558 -0.00109251 -0.00173095 -0.00105117 0.00115731 0.0014126 
0.00245436 0.00203555 0.00294811 0.126182 0.0026553 0.00227769 0.00191243 0.00246535 0.00244004 -0.00126773 -0.00200279 -0.00181574 -0.00126184 -0.00106843 -0.00255461 -0.00190091 -0.00170316 -0.00207771 -0.00228151 -0.00236972 -0.00175524 -0.00169551 -0.00212977 -0.00165139 -0.00241435 -0.00163488 -0.00186507 -0.00208519 -0.00203768 -0.00210552 -0.00217467 -0.00208493 -0.00126294 -0.00163691 -0.00142313 -0.000888544 -0.0017153 -0.0020135 -0.00120525 -0.00128694 -0.00281042 -0.00174632 -0.000732297 -0.00140363 -0.0014922 -0.00215359 -0.00102965 -0.0010786 -0.001677 -0.00174041 -0.000689685 -0.00100075 -0.00143128 -0.00186472 -0.000774229 -0.00214238 -0.00147446 -0.00177362 -0.00173139 -0.00101291 -0.00213008 -0.00196406 -0.00197281 -0.0018346 -0.00157629 -0.00156716 -0.00147721 -0.000950614 -0.0013019 -0.00170305 -0.00165832 -0.00176808 -0.00202508 -0.00167378 -0.00191962 -0.00111174 -0.00188974 -0.00131898 -0.00100493 -0.00215597 -0.00216532 -0.00168051 -0.00151422 -0.00190067 -0.00201742 -0.00161862 -0.00109156 -0.0011245 -0.00187867 -0.00162658 -0.00130357 -0.00146258 -0.00134699 -0.00133123 -0.00216979 -0.00124845 -0.00115279 -0.00122947 -0.00110419 0.00173048 
0.00164084 0.00317226 0.00206341 0.0026553 0.1266 0.001358 0.00257888 0.00228627 0.00212596 0.0016566 -0.00203007 -0.00147792 -0.000857035 -0.000840895 -0.00163176 -0.00123307 -0.00243155 -0.00131646 -0.00180207 -0.00226691 -0.00163014 -0.0017208 -0.00247817 -0.00206014 -0.00227881 -0.00172224 -0.00175268 -0.00150545 -0.00201074 -0.00164272 -0.00205704 -0.00227137 -0.00169296 -0.00136232 -0.00147597 -0.00273119 -0.00184842 -0.00169635 -0.00155664 -0.00180786 -0.00131517 -0.00180134 -0.000782141 -0.00185524 -0.000487332 -0.000971886 -0.00153405 -0.00123901 -0.00128357 -0.00204705 -0.00217748 -0.00140392 -0.00113997 -0.00162861 -0.00100347 -0.00116419 -0.00155377 -0.0015287 -0.00169633 -0.00163031 -0.00213266 -0.00234132 -0.00175648 -0.000503539 -0.00255831 -0.00188527 -0.00159047 -0.00145389 -0.00089706 -0.00147476 -0.00170694 -0.00176845 -0.00107281 -0.00154084 -0.00146479 -0.00190254 -0.00163275 -0.00184428 -0.00122915 -0.00110297 -0.0014451 -0.00261806 -0.00186435 -0.00149838 -0.00103265 -0.00161785 -0.0023516 -0.00187104 -0.00159167 -0.00173646 -0.00162049 -0.00139533 -0.00261094 -0.00172002 -0.00141747 -0.000691171 -0.00153783 -0.00138291 -0.00145595 -0.00138564 
0.00206153 0.00239599 0.00185289 0.00227769 0.001358 0.133295 0.00278995 0.00331675 0.00162312 0.00250378 0.00236689 -0.00167508 -0.00110658 -0.00100298 -0.00144812 -0.00208276 -0.00293938 -0.00193242 -0.00143559 -0.00316844 -0.00196736 -0.00176197 -0.00253877 -0.00108166 -0.00132453 -0.00220266 -0.000637211 -0.00186646 -0.00231855 -0.00123838 -0.00302023 -0.00206383 -0.000755482 -0.00273333 -0.00138957 -0.00231526 -0.00163256 -0.00236886 -0.00176574 -0.00135055 -0.00211432 -0.00157306 -0.00102531 -0.00139715 -0.00159379 -0.000876667 -0.00113342 -0.00234145 -0.00153623 -0.00128963 -0.00113396 -0.00211186 -0.00146871 -0.00145234 -0.00185276 -0.00131381 -0.00175254 -0.0018598 -0.00200071 -0.00181724 -0.00213835 -0.00132365 -0.00227293 -0.00150638 -0.00171514 -0.0028822 -0.00127456 -0.0013533 -0.0018211 -0.00184784 -0.00124534 -0.00154518 -0.0020756 -0.0017712 -0.00192919 -0.00139807 -0.00264436 -0.00170166 -0.00105702 -0.00193347 -0.00230926 -0.00268714 -0.0010453 -0.00142631 -0.00139548 -0.00233692 -0.0015346 -0.00182302 -0.00198884 -0.00158346 -0.00130063 -0.00245106 -0.00187858 -0.00209866 -0.00196965 -0.00158074 -0.00201163 -0.00166658 -0.00123505 -0.00131329 
-0.00102823 0.00187013 0.00147173 0.00191243 0.00257888 0.00278995 0.13511 0.00371737 0.00366344 0.00248822 0.00217876 0.00221525 -0.00113221 -0.001736 -0.00233384 -0.00182933 -0.00234088 -0.00265381 -0.00235741 -0.00337316 -0.00157801 -0.00214608 -0.00237734 -0.00107719 -0.00201667 -0.00225183 -0.0017451 -0.000481864 -0.00281128 -0.00121504 -0.000821156 -0.00114289 -0.000577582 -0.00188056 -0.00146849 -0.0011117 -0.00269296 -0.00175316 -0.00178695 -0.00175847 -0.00224225 -0.00154785 -0.00207571 -0.00239392 -0.00118049 -0.00177181 -0.00211424 -0.00172687 -0.00269191 -0.00149331 -0.00104829 -0.00150455 -0.00194621 -0.00195629 -0.00165408 -0.00172992 -0.00170809 -0.00274507 -0.00210282 -0.000999208 -0.00266294 -0.00250025 -0.00144646 -0.00225982 -0.00263146 -0.00182033 -0.00150221 -0.00253637 -0.00163005 -0.00199969 -0.000925886 -0.00184356 -0.00165274 -0.00169268 -0.0017954 -0.00273997 -0.00231052 -0.00183257 -0.000697519 -0.00160795 -0.00196275 -0.0011083 -0.00189209 -0.00150472 -0.00118023 -0.00157613 -0.00137676 -0.00110226 -0.00197301 -0.00173566 -0.00155085 -0.00162097 -0.00171337 -0.00195013 -0.00139321 -0.00179231 -0.00144321 -0.00301296 -0.00193033 -0.00197635 
-0.00105599 -0.000347684 0.00203649 0.00246535 0.00228627 0.00331675 0.00371737 0.129732 0.00329976 0.00231898 0.00352268 0.00190073 0.00261136 -0.00148399 -0.000253548 -0.0013477 -0.00193828 -0.00211537 -0.00267341 -0.00238169 -0.00213244 -0.00210452 -0.00324999 -0.00205052 -0.0017483 -0.00156783 -0.00125884 -0.00176578 -0.00184645 -0.0021187 -0.0017826 -0.00182625 -0.00237774 -0.00149994 -0.00194573 -0.00178791 -0.00243634 -0.00273223 -0.00197824 -0.00240227 -0.00204635 -0.00125203 -0.0021513 -0.00242061 -0.00202677 -0.00106823 -0.00198137 -0.00143155 -0.00138906 -0.00192814 -0.000878395 -0.00171327 -0.00148967 -0.00139421 -0.000682269 -0.0020516 -0.0024617 -0.00210317 -0.00129863 -0.00205783 -0.00227277 -0.00207237 -0.0019996 -0.00133483 -0.00151614 -0.0018094 -0.00147683 -0.00249856 -0.00126838 -0.00163788 -0.000962842 -0.00169476 -0.00232447 -0.00148598 -0.00181982 -0.00135565 -0.00287024 -0.0015478 -0.0023635 -0.00146848 -0.00238383 -0.00259377 -0.00136684 -0.00244928 -0.00109248 -0.00205709 -0.00249597 -0.00133924 -0.00115626 -0.000983732 -0.00140084 -0.00151848 -0.0015486 -0.0016819 -0.00146482 -0.00113498 -0.00169844 -0.0011759 -0.00157359 -0.00227454 
-0.0016033 -0.00136832 -0.000929938 0.00244004 0.00212596 0.00162312 0.00366344 0.00329976 0.129961 0.00224155 0.00104724 0.00232596 0.00204918 0.00298472 -0.00168224 -0.00177462 -0.00153722 -0.00101314 -0.00162776 -0.00246652 -0.0022041 -0.00161309 -0.00230788 -0.00187824 -0.00295345 -0.00202883 -0.00156861 -0.00208333 -0.00179873 -0.00240373 -0.00187548 -0.00201873 -0.00207099 -0.00224855 -0.00162991 -0.00159919 6.20392e-05 -0.00159026 -0.0018427 -0.00222461 -0.00162384 -0.00171241 -0.00110367 -0.00195736 -0.00166398 -0.00147975 -0.00103746 -0.00129725 -0.00168077 -0.00115163 -0.0012745 -0.00114721 -0.00211529 -0.00144135 -0.00135277 -0.00141877 -0.00227618 -0.000856594 -0.00242052 -0.00145346 -0.00213388 -0.00199847 -0.00169505 -0.00141067 -0.00210741 -0.00129358 -0.00169893 -0.00236292 -0.00117898 -0.00137527 -0.0018963 -0.00152918 -0.00201116 -0.00129566 -0.00214348 -0.00191701 -0.00231061 -0.0025203 -0.00221288 -0.00141754 -0.00158404 -0.00149931 -0.00144958 -0.00192176 -0.000806674 -0.00220137 -0.000907086 -0.00191592 -0.00120244 -0.00215864 -0.00191897 -0.00155525 -0.00162134 -0.00147431 -0.00174045 -0.00246762 -0.00246908 -0.00253004 -0.00229633 -0.00118659 
-0.000978757 -0.00129857 -0.000791374 -0.00126773 0.0016566 0.00250378 0.00248822 0.00231898 0.00224155 0.134181 0.00138178 0.0013642 0.00193459 0.00302756 -0.00174257 -0.00192907 -0.00208977 -0.00240709 -0.00169057 -0.00276995 -0.0020176 -0.00240578 -0.0025786 -0.00150412 -0.00232428 -0.00230704 -0.000718655 -0.00103448 -0.00254698 -0.00131371 -0.0017253 -0.00223354 -0.00139901 -0.00174245 -0.00166217 -0.00188146 -0.00134021 -0.00163234 -0.00137299 -0.00157367 -0.000796736 -0.00123707 -0.00180807 -0.00222538 -0.00141986 -0.00135258 -0.00156151 -0.00164531 -0.00197054 -0.00224563 -0.0021367 -0.00139004 -0.0016863 -0.00206593 -0.00195967 -0.0019735 -0.00209395 -0.00172806 -0.0020816 -0.00206771 -0.00211342 -0.00143169 -0.00149134 -0.00151013 -0.00144596 -0.00102784 -0.00157415 -0.00193689 -0.00161039 -0.0018968 -0.00249272 -0.00159014 -0.00186092 -0.0017105 -0.00151692 -0.00188539 -0.00199701 -0.00111351 -0.0010974 -0.00234268 -0.00136672 -0.0017819 -0.0019019 -0.0014358 -0.0012457 -0.00165624 -0.00151479 -0.00202735 -0.001312 -0.000909302 -0.00179097 -0.00133386 -0.00220831 -0.00167465 -0.00176705 -0.00133952 -0.00224688 -0.000824227 -0.00231257 -0.00107707 
-0.00143747 -0.00253088 -0.000916796 -0.00200279 -0.00203007 0.00236689 0.00217876 0.00352268 0.00104724 0.00138178 0.134965 0.00251946 0.00295103 0.00255415 0.00260547 0.00205864 -0.000215419 -0.00180036 -0.00116822 -0.00207792 -0.00137851 -0.00294989 -0.00186883 -0.00322015 -0.00136085 -0.00198748 -0.00235722 -0.0028558 -0.0018125 -0.00181718 -0.00188355 -0.00120891 -0.00236821 -0.00285979 -0.00102096 -0.000845595 -0.00200358 -0.00246498 -0.00258274 -0.00194416 -0.00126278 -0.00151428 -0.00212205 -0.00190322 -0.00144198 -0.00154651 -0.00154979 -0.00173605 -0.00169709 -0.00145957 -0.0018635 -0.00193134 -0.00189908 -0.00188029 -0.00181795 -0.00164449 -0.00150859 -0.00186152 -0.00186406 -0.00238165 -0.00187155 -0.00162107 -0.00165689 -0.001589 -0.00211531 -0.00121487 -0.00164882 -0.00263378 -0.00227799 -0.00187208 -0.00143486 -0.00178004 -0.00128954 -0.00200074 -0.00172329 -0.00210217 -0.00117443 -0.00139295 -0.00199329 -0.00113699 -0.00176847 -0.0016699 -0.00196744 -0.00200822 -0.00227902 -0.00156973 -0.00169653 -0.00156899 -0.00143162 -0.0016708 -0.0012979 -0.00145502 -0.00203528 -0.00151316 -0.00124054 -0.00143765 -0.00113296 -0.00207987 -0.00185171 -0.00209042 
-0.00117552 -0.00213325 -0.000947484 -0.00181574 -0.00147792 -0.00167508 0.00221525 0.00190073 0.00232596 0.0013642 0.00251946 0.135765 0.00198326 0.0020827 0.00269149 0.00291052 0.00197936 -0.00192661 -0.00169687 -0.0017329 -0.00215401 -0.0020111 -0.00197566 -0.00229513 -0.00175261 -0.00182464 -0.00198767 -0.00125942 -0.00165983 -0.00162511 -0.00166796 -0.00217008 -0.00184165 -0.00247657 -0.00249033 -0.00202258 -0.00244586 -0.00176902 -0.00139603 -0.00240143 -0.00165614 -0.00137357 -0.00199881 -0.00163348 -0.00168021 -0.00227109 -0.00224964 -0.00207068 -0.00150532 -0.00171204 -0.00177703 -0.00179557 -0.00209389 -0.0018722 -0.00210635 -0.00153015 -0.00231506 -0.00166576 -0.00182266 -0.0013838 -0.00192829 -0.00153055 -0.00151024 -0.00175141 -0.0016369 -0.00141614 -0.00130306 -0.00205634 -0.00184863 -0.00244608 -0.00120665 -0.00114888 -0.00185202 -0.00124434 -0.00189619 -0.00215728 -0.00167605 -0.00170285 -0.00219652 -0.00173124 -0.00102671 -0.00115238 -0.00188282 -0.00236344 -0.0016368 -0.00170517 -0.0017652 -0.00202699 -0.00182772 -0.00161647 -0.00134054 -0.00144945 -0.00121205 -0.00152396 -0.00111536 -0.00153519 -0.00159491 -0.00265833 -0.00200455 -0.00173853 
-0.00153915 -0.00149165 -0.000624487 -0.00126184 -0.000857035 -0.00110658 -0.00113221 0.00261136 0.00204918 0.00193459 0.00295103 0.00198326 0.129683 0.00200954 0.00203962 0.00144389 0.00186749 -0.0010076 -0.00150032 -0.0021409 -0.00207584 -0.0013463 -0.00235431 -0.00261751 -0.00273488 -0.00250837 -0.00158607 -0.0023012 -0.0026196 -0.0021576 -0.00162893 -0.00164144 -0.00214525 -0.00184325 -0.00114271 -0.00177625 -0.00186485 -0.00242531 -0.00162914 -0.000761989 -0.0014619 -0.00151701 -0.00181272 -0.00144026 -0.0016578 -0.00132813 -0.00138276 -0.00149358 -0.0017342 -0.000918608 -0.00152494 -0.00211025 -0.00118193 -0.00168339 -0.00204333 -0.00142309 -0.00103256 -0.0019355 -0.00215291 -0.00157255 -0.0010271 -0.00155751 -0.00120874 -0.0018017 -0.00149109 -0.0014431 -0.00160174 -0.00157472 -0.00178489 -0.00147832 -0.00126912 -0.00182152 -0.00205265 -0.00133893 -0.00168967 -0.00186194 -0.00125071 -0.00178717 -0.00158986 -0.00207152 -0.00140083 -0.00175477 -0.00213728 -0.00155865 -0.00180828 -0.00132051 -0.00217835 -0.00193688 -0.00199787 -0.000804205 -0.00306698 -0.000952798 -0.0015795 -0.00139617 -0.00192452 -0.00191321 -0.00130823 -0.0017724 -0.00161415 -0.00121514 
-0.00165648 -0.0013603 -0.00198174 -0.00106843 -0.000840895 -0.00100298 -0.001736 -0.00148399 0.00298472 0.00302756 0.00255415 0.0020827 0.00200954 0.138558 0.00220561 0.00237876 0.00323739 0.00273247 0.0030143 -0.00223541 -0.00255858 -0.00270419 -0.00161409 -0.00304985 -0.0022842 -0.00192966 -0.00190578 -0.00231209 -0.00128643 -0.00316455 -0.00194904 -0.00167508 -0.00174301 -0.00120267 -0.00156746 -0.00208066 -0.00167103 -0.00136089 -0.00287761 -0.00177026 -0.00172429 -0.00177205 -0.00168097 -0.00242453 -0.00139165 -0.00200165 -0.00160643 -0.00184815 -0.0010875 -0.00188706 -0.0011363 -0.00166369 -0.00206007 -0.00159387 -0.00237451 -0.000759311 -0.0017455 -0.00250909 -0.00158089 -0.00181704 -0.00190137 -0.00174962 -0.001359 -0.00199347 -0.00192391 -0.00163045 -0.00208511 -0.00163439 -0.0018115 -0.00285033 -0.00212721 -0.00196429 -0.00187616 -0.00275193 -0.00208199 -0.00172895 -0.00240633 -0.00280965 -0.00232606 -0.00241931 -0.00178638 -0.0014174 -0.00189018 -0.00180863 -0.00170665 -0.00208166 -0.00103229 -0.00236024 -0.00127522 -0.00194174 -0.00122176 -0.00173494 -0.00115373 -0.00215785 -0.00144213 -0.00251291 -0.00175031 -0.00161799 -0.00265419 -0.0010696 
-0.00232324 -0.00145756 -0.00184579 -0.00255461 -0.00163176 -0.00144812 -0.00233384 -0.000253548 -0.00168224 -0.00174257 0.00260547 0.00269149 0.00203962 0.00220561 0.145872 0.00292411 0.00308196 0.00227074 0.00364286 0.00136379 -0.00213218 -0.00217082 -0.00227029 -0.00197086 -0.00203583 -0.00186394 -0.00214708 -0.0024536 -0.00153704 -0.00173584 -0.00192492 -0.00310729 -0.00271512 -0.00145319 -0.00232601 -0.00212133 -0.00230856 -0.00238081 -0.00230502 -0.00280329 -0.00314755 -0.00299546 -0.00167207 -0.00237217 -0.00269461 -0.0023954 -0.00239365 -0.00207151 -0.00250253 -0.00164172 -0.00229007 -0.0024083 -0.00107958 -0.00251523 -0.00115009 -0.00125967 -0.00145264 -0.00150901 -0.00173904 -0.00214158 -0.00156548 -0.00181313 -0.0012719 -0.00209588 -0.00179388 -0.00166873 -0.00231401 -0.0022261 -0.0014585 -0.00136346 -0.00129093 -0.000971012 -0.00166881 -0.00159738 -0.0010113 -0.00100294 -0.00185838 -0.00196342 -0.00187245 -0.00142487 -0.00202177 -0.00163484 -0.00208702 -0.0018246 -0.00260172 -0.0017351 -0.00164067 -0.000243501 -0.00192903 -0.00192525 -0.000422119 -0.00137239 -0.000936579 -0.00237779 -0.00190899 -0.00158084 -0.00167155 -0.00199637 -0.00234685 -0.00173943 
-0.00164064 -0.00209986 -0.00113768 -0.00190091 -0.00123307 -0.00208276 -0.00182933 -0.0013477 -0.00177462 -0.00192907 0.00205864 0.00291052 0.00144389 0.00237876 0.00292411 0.145978 0.00192801 0.00285755 0.00265054 0.00235794 -0.000984478 -0.00119928 -0.00202391 -0.00129701 -0.00233395 -0.00199342 -0.00130668 -0.00169455 -0.00110784 -0.00111896 -0.00149798 -0.00293212 -0.00246175 -0.00165154 -0.00141966 -0.00204885 -0.00228152 -0.00219897 -0.00257182 -0.00193128 -0.00253191 -0.00328549 -0.00210566 -0.00168161 -0.00079517 -0.00230954 -0.00128231 -0.00189078 -0.00193306 -0.00133253 -0.00195498 -0.00206478 -0.00233512 -0.00185324 -0.00155645 -0.00174227 -0.00123573 -0.00112024 -0.0014616 -0.00161289 -0.00273072 -0.00208829 -0.00278097 -0.0015786 -0.00271222 -0.00244418 -0.0021606 -0.0025959 -0.00254432 -0.00221894 -0.00208076 -0.00122711 -0.000547889 -0.00186073 -0.00112155 -0.00106531 -0.00174669 -0.00181616 -0.00152977 -0.00265943 -0.00262773 -0.00200933 -0.00227493 -0.00262069 -0.00244517 -0.00204158 -0.00222798 -0.00230198 -0.00243873 -0.00188143 -0.00219616 -0.00138164 -0.00194657 -0.00147882 -0.00132877 -0.00206478 -0.00141464 -0.00129713 -0.00151196 -0.00137148 
-0.00147117 -0.00214522 -0.0026171 -0.00170316 -0.00243155 -0.00293938 -0.00234088 -0.00193828 -0.00153722 -0.00208977 -0.000215419 0.00197936 0.00186749 0.00323739 0.00308196 0.00192801 0.140347 0.00274423 0.00308088 0.00227301 0.00329861 0.00129957 -0.00163911 -0.00179873 -0.00221768 -0.0013652 -0.00253712 -0.00222533 -0.00166637 -0.00168148 -0.00145925 -0.00260189 -0.00215603 -0.00144143 -0.00124764 -0.000891314 -0.00269796 -0.00228971 -0.00249766 -0.00269646 -0.00157092 -0.00240153 -0.00252061 -0.00279235 -0.00192584 -0.00249706 -0.00224408 -0.0017762 -0.00168388 -0.00228878 -0.00267804 -0.00201628 -0.00115359 -0.00197709 -0.00211848 -0.00249981 -0.00239217 -0.00228042 -0.00145043 -0.00164503 -0.00129773 -0.00156676 -0.00181116 -0.00117455 -0.00280063 -0.00108446 -0.00161324 -0.00120807 -0.0024679 -0.00158366 -0.00169931 -0.00135317 -0.00145409 -0.00206284 -0.00161925 -0.001446 -0.00143791 -0.00185912 -0.00200523 -0.00204643 -0.00154713 -0.00144236 -0.000925735 -0.00152844 -0.00211699 -0.00168491 -0.00150297 -0.00103475 -0.0020592 -0.00125477 -0.00189874 -0.00247004 -0.00146339 -0.0014731 -0.00211149 -0.00186169 -0.00117139 -0.00208487 -0.00104131 -0.00242086 
-0.00210057 -0.00204259 -0.00135949 -0.00207771 -0.00131646 -0.00193242 -0.00265381 -0.00211537 -0.00101314 -0.00240709 -0.00180036 -0.00192661 -0.0010076 0.00273247 0.00227074 0.00285755 0.00274423 0.143349 0.0029085 0.00445239 0.00219859 0.00266788 0.00245644 -0.00300859 -0.00212688 -0.00185425 -0.00122294 -0.0019352 -0.00243116 -0.00193659 -0.00158868 -0.00220802 -0.00110022 -0.00144181 -0.00162179 -0.00079075 -0.00163011 -0.00157086 -0.00247761 -0.00163781 -0.0025048 -0.00183704 -0.00196757 -0.00236926 -0.00221354 -0.00158991 -0.00184235 -0.00236711 -0.00144317 -0.00202707 -0.00222192 -0.00240233 -0.00163817 -0.00164341 -0.00221403 -0.00249196 -0.00129076 -0.00189404 -0.00157978 -0.00184918 -0.00189396 -0.00178961 -0.00152797 -0.00238688 -0.00181825 -0.00230355 -0.000877969 -0.00156478 -0.00151301 -0.00255108 -0.00193231 -0.00362057 -0.0012293 -0.00256342 -0.00170154 -0.00145893 -0.00179719 -0.00232547 -0.00191428 -0.00189756 -0.00174987 -0.00176876 -0.0026531 -0.00202949 -0.00195565 -0.00166487 -0.00161885 -0.00178945 -0.00162178 -0.00164828 -0.00139311 -0.00184186 -0.00232543 -0.00209026 -0.00208705 -0.0023576 -0.00162044 -0.00138372 -0.00217114 -0.000475775 
-0.00199226 -0.00134924 -0.00176829 -0.00228151 -0.00180207 -0.00143559 -0.00235741 -0.00267341 -0.00162776 -0.00169057 -0.00116822 -0.00169687 -0.00150032 0.0030143 0.00364286 0.00265054 0.00308088 0.0029085 0.141883 0.00227099 0.00240633 0.0025234 0.00283594 -0.00291606 -0.0018703 -0.00169739 -0.00292668 -0.00199365 -0.00226502 -0.00214094 -0.00126776 -0.00317578 -0.00133772 -0.00231384 -0.0022517 -0.00137479 -0.00284189 -0.00214621 -0.00237453 -0.00210838 -0.00249462 -0.00216043 -0.00156228 -0.00189869 -0.00208236 -0.00118395 -0.00213687 -0.00151093 -0.00182718 -0.00166729 -0.0019106 -0.00213481 -0.00150794 -0.00155276 -0.00195911 -0.00171471 -0.001381 -0.00178013 -0.00186368 -0.00174377 -0.00179598 -0.00171644 -0.00181468 -0.00164235 -0.00271193 -0.00151942 -0.00145444 -0.00183057 -0.00205362 -0.0023134 -0.00194861 -0.00213069 -0.00156141 -0.00266128 -0.00146484 -0.00142611 -0.00136498 -0.00215989 -0.00142528 -0.00125641 -0.00142567 -0.00154303 -0.00150561 -0.00132019 -0.00204435 -0.00248847 -0.00148028 -0.00237286 -0.00104837 -0.00209955 -0.00115039 -0.00206624 -0.00212525 -0.00123624 -0.0020005 -0.00209424 -0.00167288 -0.00135452 -0.00224783 -0.00126842 
-0.0026511 -0.00290775 -0.00206838 -0.00236972 -0.00226691 -0.00316844 -0.00337316 -0.00238169 -0.00246652 -0.00276995 -0.00207792 -0.0017329 -0.0021409 -0.00223541 0.00136379 0.00235794 0.00227301 0.00445239 0.00227099 0.14862 0.00344554 0.00305211 0.00244013 0.00290116 0.00209631 -0.00135066 -0.00114429 -0.00113795 -0.00119042 -0.00190445 -0.0018691 -0.00173839 -0.0023547 -0.00207706 -0.00172088 -0.00155988 -0.00157402 -0.00204813 -0.00273958 -0.00240816 -0.00191487 -0.00267958 -0.00124262 -0.00221822 -0.00286319 -0.00294502 -0.00208096 -0.00219222 -0.00186651 -0.00242986 -0.00246688 -0.0030519 -0.0017832 -0.00240002 -0.0012704 -0.00203018 -0.00185772 -0.00192372 -0.00109399 -0.00184576 -0.000632038 -0.00288937 -0.00157248 -0.00171611 -0.00174539 -0.00113964 -0.002583 -0.00240886 -0.00243145 -0.00226992 -0.00218229 -0.00124322 -0.00126865 -0.00243278 -0.00178991 -0.00126676 -0.00148482 -0.00174453 -0.00247823 -0.00169406 -0.00147046 -0.00103695 -0.00142721 -0.00199013 -0.00199888 -0.00152316 -0.00130615 -0.00188159 -0.000905789 -0.000980579 -0.00178304 -0.00228798 -0.00229824 -0.00245433 -0.00227256 -0.00166856 -0.00221707 -0.00179144 -0.00109554 -0.00232497 
-0.00199965 -0.00203566 -0.00224221 -0.00175524 -0.00163014 -0.00196736 -0.00157801 -0.00213244 -0.0022041 -0.0020176 -0.00137851 -0.00215401 -0.00207584 -0.00255858 -0.00213218 -0.000984478 0.00329861 0.00219859 0.00240633 0.00344554 0.143431 0.00378519 0.00353346 0.00234589 0.00284388 0.00236309 -0.00162253 -0.00264652 -0.00209213 -0.00186315 -0.00130984 -0.00227813 -0.0023248 -0.0027308 -0.00135677 -0.00170385 -0.00151328 -0.00147436 -0.00322975 -0.00297422 -0.00215282 -0.00210937 -0.00178403 -0.0024619 -0.00138041 -0.00263107 -0.00158294 -0.00223955 -0.00264732 -0.00162733 -0.00206617 -0.002636 -0.00175141 -0.00194907 -0.00157738 -0.0022988 -0.00103091 -0.00173211 -0.00218116 -0.00172792 -0.00190209 -0.00256006 -0.00215937 -0.00113655 -0.00167733 -0.00167911 -0.00208194 -0.00206008 -0.00216068 -0.00265985 -0.00121262 -0.00225264 -0.00162142 -0.00211815 -0.00075755 -0.00196516 -0.0014093 -0.00162767 -0.00176142 -0.00227768 -0.00248953 -0.00125385 -0.00184182 -0.0013649 -0.00162063 -0.00201623 -0.00130709 -0.000667644 -0.00122 -0.00278687 -0.00201222 -0.00211523 -0.00168092 -0.00273123 -0.00155405 -0.000844277 -0.00142918 -0.00207913 -0.00074701 -0.00127484 
-0.00163508 -0.00161887 -0.00189094 -0.00169551 -0.0017208 -0.00176197 -0.00214608 -0.00210452 -0.00161309 -0.00240578 -0.00294989 -0.0020111 -0.0013463 -0.00270419 -0.00217082 -0.00119928 0.00129957 0.00266788 0.0025234 0.00305211 0.00378519 0.147567 0.00296821 0.00260875 0.00280009 0.00209034 -0.00210311 -0.00252308 -0.00205969 -0.00262808 -0.00245757 -0.00226616 -0.00265039 -0.00243032 -0.00162368 -0.00268058 -0.00165166 -0.00270719 -0.00225229 -0.00248152 -0.0025921 -0.00192494 -0.00137992 -0.00251115 -0.00173407 -0.00175483 -0.000846853 -0.00130018 -0.00194594 -0.000697478 -0.00177653 -0.00214125 -0.00253665 -0.00171179 -0.00188221 -0.00229113 -0.00203449 -0.00186864 -0.00200681 -0.00141244 -0.00193386 -0.0026845 -0.00190356 -0.00206862 -0.00125861 -0.00131563 -0.00209191 -0.00228762 -0.00182188 -0.00209278 -0.00133976 -0.00118935 -0.00199488 -0.00139363 -0.00120729 -0.00125167 -0.00175798 -0.00244398 -0.0020926 -0.00192038 -0.001157 -0.00147299 -0.0024437 -0.00189314 -0.00111793 -0.00278292 -0.00174517 -0.00206732 -0.00204474 -0.00207768 -0.00139252 -0.00231436 -0.0014767 -0.00151271 -0.00128008 -0.00145747 -0.00230734 -0.00211098 -0.00162785 -0.00119061 
-0.00237042 -0.00166839 -0.00125039 -0.00212977 -0.00247817 -0.00253877 -0.00237734 -0.00324999 -0.00230788 -0.0025786 -0.00186883 -0.00197566 -0.00235431 -0.00161409 -0.00227029 -0.00202391 -0.00163911 0.00245644 0.00283594 0.00244013 0.00353346 0.00296821 0.142989 0.00249713 0.00274887 0.00320746 0.00209918 -0.000409728 -0.00169497 -0.00178497 -0.00161484 -0.00256305 -0.00162263 -0.00198895 -0.00116086 -0.00193152 -0.00299812 -0.00171518 -0.00240309 -0.00314965 -0.00228013 -0.00222477 -0.00238396 -0.0024141 -0.001824 -0.00281243 -0.00067098 -0.0015951 -0.00135084 -0.00222143 -0.00155294 -0.00198732 -0.00189703 -0.00163135 -0.00177588 -0.00166809 -0.00164072 -0.00132485 -0.00136595 -0.000870566 -0.0015724 -0.00183777 -0.00222372 -0.00150121 -0.00118294 -0.00130192 -0.00200012 -0.00107611 -0.00186401 -0.00198887 -0.00176502 -0.00189133 -0.00167046 -0.00117958 -0.00172824 -0.00172999 -0.00146565 -0.00245145 -0.00192513 -0.0015415 -0.00218162 -0.00186232 -0.000957707 -0.0018132 -0.00206047 -0.00143271 -0.00147817 -0.00143832 -0.00121091 -0.00124255 -0.00260521 -0.00168653 -0.0023446 -0.00175825 -0.00252832 -0.00280878 -0.00225519 -0.00178323 -0.00202096 -0.00118308 
-0.00188599 -0.00188148 -0.00122172 -0.00165139 -0.00206014 -0.00108166 -0.00107719 -0.00205052 -0.00187824 -0.00150412 -0.00322015 -0.00229513 -0.00261751 -0.00304985 -0.00197086 -0.00129701 -0.00179873 -0.00300859 -0.00291606 0.00290116 0.00234589 0.00260875 0.00249713 0.142061 0.0030434 0.00270762 0.00228131 0.00345672 -0.00173553 -0.000923718 -0.00218365 -0.00226018 -0.0019153 -0.00158295 -0.00156089 -0.00139723 -0.00218088 -0.00250236 -0.00135511 -0.0022712 -0.00248592 -0.00202619 -0.000167649 -0.00232412 -0.00205905 -0.00317029 -0.000813904 -0.00203831 -0.00180678 -0.00183153 -0.00162968 -0.00131865 -0.00212592 -0.00176149 -0.00163045 -0.00152463 -0.00213393 -0.00171426 -0.00229257 -0.00195817 -0.00209491 -0.0021643 -0.00203626 -0.00214677 -0.0017186 -0.00131859 -0.00152205 -0.00193851 -0.00157972 -0.0019141 -0.00175191 -0.00187584 -0.00249579 -0.00142198 -0.00169467 -0.00182748 -0.000935114 -0.000772702 -0.00219019 -0.00142109 -0.00148469 -0.001632 -0.00181245 -0.00175532 -0.00155514 -0.00132647 -0.00196431 -0.00141895 -0.00153689 -0.00118346 -0.00189895 -0.00153569 -0.00230936 -0.00101177 -0.00150661 -0.00184969 -0.00133721 -0.00228312 -0.000784643 -0.00174729 
-0.00170029 -0.00254173 -0.00247203 -0.00241435 -0.00227881 -0.00132453 -0.00201667 -0.0017483 -0.00295345 -0.00232428 -0.00136085 -0.00175261 -0.00273488 -0.0022842 -0.00203583 -0.00233395 -0.00221768 -0.00212688 -0.0018703 0.00209631 0.00284388 0.00280009 0.00274887 0.0030434 0.146837 0.00398238 0.00315165 0.00256331 0.00261395 0.00184042 -0.00152554 -0.0018507 -0.00251568 -0.00186009 -0.0018464 -0.00199324 -0.00152721 -0.00222945 -0.0024351 -0.00192499 -0.00221318 -0.00274943 -0.00242888 -0.00212579 -0.00204859 -0.00189753 -0.00238195 -0.00251008 -0.00171523 -0.00181142 -0.00159079 -0.00147223 -0.00212523 -0.00202365 -0.0012487 -0.0026411 -0.00195623 -0.00169857 -0.0018452 -0.00177768 -0.00215426 -0.00202545 -0.00108545 -0.00108876 -0.00173169 -0.00189249 -0.000888615 -0.00202832 -0.00270799 -0.00259095 -0.00109924 -0.00170604 -0.00182189 -0.00242743 -0.00272872 -0.00101106 -0.00146966 -0.00154048 -0.00179751 -0.00113106 -0.00148062 -0.00113642 -0.00155622 -0.00157125 -0.00251536 -0.00285491 -0.00175388 -0.00209198 -0.00172775 -0.00237767 -0.00265963 -0.00268564 -0.001669 -0.0024975 -0.00138221 -0.00227746 -0.00244397 -0.00120643 -0.00158301 -0.00166162 
-0.00182623 -0.00265473 -0.00263767 -0.00163488 -0.00172224 -0.00220266 -0.00225183 -0.00156783 -0.00202883 -0.00230704 -0.00198748 -0.00182464 -0.00250837 -0.00192966 -0.00186394 -0.00199342 -0.0013652 -0.00185425 -0.00169739 -0.00135066 0.00236309 0.00209034 0.00320746 0.00270762 0.00398238 0.142199 0.00244413 0.00275471 0.00295431 0.00243467 0.0022651 -0.00151658 -0.00255995 -0.00252682 -0.000866551 -0.00167455 -0.00273851 -0.00240919 -0.00169129 -0.000971862 -0.00127746 -0.00168145 -0.0017057 -0.00140812 -0.00108692 -0.00208304 -0.00187129 -0.0016849 -0.00174325 -0.0013792 -0.00310869 -0.00213179 -0.00177639 -0.00284548 -0.0019141 -0.00204303 -0.00216974 -0.00180481 -0.00206061 -0.00182239 -0.00260332 -0.00171235 -0.00249514 -0.00208682 -0.0019626 -0.00140188 -0.00175141 -0.00214938 -0.00243664 -0.00189172 -0.00197884 -0.00141268 -0.00256951 -0.00201901 -0.00112221 -0.00174108 -0.00162242 -0.00236838 -0.00286081 -0.000807831 -0.00148904 -0.00194804 -0.00237233 -0.00146138 -0.00274268 -0.00244869 -0.00172774 -0.00169856 -0.00158278 -0.00240045 -0.00222275 -0.0023503 -0.00168339 -0.00142849 -0.000921575 -0.00172821 -0.00168082 -0.00141153 -0.00218613 -0.00116135 
-0.00127249 -0.00211049 -0.00156169 -0.00186507 -0.00175268 -0.000637211 -0.0017451 -0.00125884 -0.00156861 -0.000718655 -0.00235722 -0.00198767 -0.00158607 -0.00190578 -0.00214708 -0.00130668 -0.00253712 -0.00122294 -0.00292668 -0.00114429 -0.00162253 -0.00210311 0.00209918 0.00228131 0.00315165 0.00244413 0.134238 0.00290019 0.00209214 0.00244694 0.00203473 0.0015022 -0.000952203 -0.0010824 -0.00166398 -0.0015045 -0.00297804 -0.00196342 -0.00101799 -0.00138419 -0.00168364 -0.00223377 -0.00163877 -0.00276968 -0.00175953 -0.00156148 -0.00116327 -0.0016851 -0.000385134 -0.00203646 -0.00221581 -0.00186004 -0.0020337 -0.00244063 -0.00147403 -0.00106876 -0.002274 -0.00237732 -0.00223498 -0.0011548 -0.00183393 -0.00131484 -0.00185529 -0.00166312 -0.00212602 -0.00232461 -0.00238395 -0.00230434 -0.00199149 -0.00198002 -0.00215117 -0.0014127 -0.00164533 -0.00164508 -0.00162965 -0.00148726 -0.00185382 -0.00214997 -0.00187741 -0.00155359 -0.00201876 -0.00209413 -0.00193717 -0.00104099 -0.00183571 -0.00200311 -0.00114708 -0.00100906 -0.00121078 -0.0024642 -0.00135929 -0.00224544 -0.00276071 -0.00155046 -0.000865845 -0.0015973 -0.00127488 -0.00119395 -0.000622917 -0.00183906 
-0.00262207 -0.00147863 -0.0020935 -0.00208519 -0.00150545 -0.00186646 -0.000481864 -0.00176578 -0.00208333 -0.00103448 -0.0028558 -0.00125942 -0.0023012 -0.00231209 -0.0024536 -0.00169455 -0.00222533 -0.0019352 -0.00199365 -0.00113795 -0.00264652 -0.00252308 -0.000409728 0.00345672 0.00256331 0.00275471 0.00290019 0.13764 0.00295197 0.00312551 0.00311451 0.00267088 0.00235987 -0.00213045 -0.00110087 -0.00159147 -0.00261761 -0.00218544 -0.00115934 -0.00212469 -0.00180004 -0.00272533 -0.00273771 -0.00143076 -0.00297551 -0.00166187 -0.00168871 -0.00286563 -0.00113289 -0.00091022 -0.00164491 -0.00160479 -0.00176755 -0.00254816 -0.00103017 -0.0014884 -0.00126104 -0.00188872 -0.00238209 -0.00241953 -0.00172795 -0.001409 -0.00237636 -0.00232225 -0.00140229 -0.00229387 -0.00119211 -0.00242984 -0.00199743 -0.00164023 -0.00186903 -0.0024648 -0.00171251 -0.00141509 -0.00161836 -0.000968737 -0.00274735 -0.00280129 -0.00158936 -0.00154311 -0.00149835 -0.000685521 -0.000813174 -0.00138632 -0.000930951 -0.00256976 -0.00194176 -0.00124067 -0.00185108 -0.00216078 -0.00174882 -0.00200947 -0.00133658 -0.0013755 -0.00179165 -0.00167038 -0.00120611 -0.0015799 -0.00261582 -0.00196528 
-0.00153291 -0.00135691 -0.00247249 -0.00203768 -0.00201074 -0.00231855 -0.00281128 -0.00184645 -0.00179873 -0.00254698 -0.0018125 -0.00165983 -0.0026196 -0.00128643 -0.00153704 -0.00110784 -0.00166637 -0.00243116 -0.00226502 -0.00119042 -0.00209213 -0.00205969 -0.00169497 -0.00173553 0.00261395 0.00295431 0.00209214 0.00295197 0.138578 0.00264288 0.00315142 0.00216363 0.00274804 0.00241694 -0.00185268 -0.00142884 -0.00154411 -0.00231134 -0.00151424 -0.00106134 -0.000653246 -0.00229019 -0.00247295 -0.00245277 -0.0015299 -0.00218792 -0.00210492 -0.00168883 -0.0024849 -0.00133847 -0.00158849 -0.0010862 -0.00248736 -0.00241299 -0.00148324 -0.00242275 -0.00182506 -0.00203883 -0.00192589 -0.00119224 -0.00210312 -0.00147315 -0.00188011 -0.00192915 -0.00165251 -0.00234998 -0.00195785 -0.00163226 -0.00101997 -0.0016231 -0.00232873 -0.00175182 -0.00179786 -0.00162385 -0.00207669 -0.00157399 -0.00169359 -0.00160734 -0.00180109 -0.00013726 -0.000718899 -0.00134799 -0.00189398 -0.00125981 -0.00146632 -0.00203592 -0.0017337 -0.00241964 -0.00239091 -0.00218017 -0.00254085 -0.00143087 -0.00241343 -0.00219943 -0.00108358 -0.00184617 -0.00177137 -0.00119466 -0.00138563 -0.00171561 
-0.0023497 -0.00195023 -0.00104303 -0.00210552 -0.00164272 -0.00123838 -0.00121504 -0.0021187 -0.00240373 -0.00131371 -0.00181718 -0.00162511 -0.0021576 -0.00316455 -0.00173584 -0.00111896 -0.00168148 -0.00193659 -0.00214094 -0.00190445 -0.00186315 -0.00262808 -0.00178497 -0.000923718 0.00184042 0.00243467 0.00244694 0.00312551 0.00264288 0.130698 0.003651 0.00279075 0.00206592 0.00253892 -0.00142443 -0.00143078 -0.000881521 -0.0023833 -0.0014198 -0.00195273 -0.00183082 -0.00203022 -0.00181992 -0.00199282 -0.00211336 -0.00155382 -0.00243711 -0.00139199 -0.00125236 -0.00105691 -0.00254156 -0.00154197 -0.00129621 -0.00200656 -0.00202627 -0.00212952 -0.0016025 -0.00118175 -0.00223325 -0.00209002 -0.00148089 -0.00161608 -0.00120963 -0.00110126 -0.00213036 -0.00212423 -0.00196066 -0.00124176 -0.00220653 -0.00164742 -0.00160874 -0.00196557 -0.00135613 -0.00136705 -0.0011263 -0.002209 -0.000849135 -0.00184084 -0.00291567 -0.00125124 -0.000731143 -0.00156857 -0.00158254 -0.00115415 -0.00192653 -0.00123373 -0.00220189 -0.00144491 -0.00165494 -0.00181544 -0.00177988 -0.00184422 -0.00125689 -0.00134871 -0.00156893 -0.00232438 -0.00104505 -0.00217371 -0.00137734 -0.00150869 
-0.00130121 -0.00199547 -0.00179064 -0.00217467 -0.00205704 -0.00302023 -0.000821156 -0.0017826 -0.00187548 -0.0017253 -0.00188355 -0.00166796 -0.00162893 -0.00194904 -0.00192492 -0.00149798 -0.00145925 -0.00158868 -0.00126776 -0.0018691 -0.00130984 -0.00245757 -0.00161484 -0.00218365 -0.00152554 0.0022651 0.00203473 0.00311451 0.00315142 0.003651 0.140384 0.00320875 0.00238531 0.00170137 0.00244875 0.00175498 -0.0018634 -0.00210266 -0.00169782 -0.00196921 -0.00210774 -0.00238929 -0.00182239 -0.00153307 -0.00283635 -0.0018282 -0.00188672 -0.00176345 -0.00104967 -0.00111436 -0.00170812 -0.00242211 -0.00253848 -0.00179 -0.00264257 -0.00218175 -0.00192741 -0.00287382 -0.0019495 -0.00180013 -0.00220682 -0.00155438 -0.00149094 -0.00181311 -0.00133493 -0.00217026 -0.00198827 -0.00253386 -0.00196012 -0.00208675 -0.00151793 -0.00152762 -0.00248525 -0.00147166 -0.00194918 -0.00193906 -0.00229098 -0.00261808 -0.00175972 -0.00144998 -0.00185393 -0.00175661 -0.00130816 -0.00172828 -0.00209385 -0.00202018 -0.00167165 -0.0011007 -0.0016285 -0.00260156 -0.00268847 -0.00164315 -0.00212899 -0.00215919 -0.00185717 -0.00190973 -0.00136708 -0.00197054 -0.00112766 -0.00116532 
-0.0019715 -0.00187666 -0.00182275 -0.00208493 -0.00227137 -0.00206383 -0.00114289 -0.00182625 -0.00201873 -0.00223354 -0.00120891 -0.00217008 -0.00164144 -0.00167508 -0.00310729 -0.00293212 -0.00260189 -0.00220802 -0.00317578 -0.00173839 -0.00227813 -0.00226616 -0.00256305 -0.00226018 -0.0018507 -0.00151658 0.0015022 0.00267088 0.00216363 0.00279075 0.00320875 0.134401 0.00397608 0.00272307 0.00283599 0.00254225 0.00198246 -0.000970231 -0.00126187 -0.0010447 -0.000968992 -0.000653433 -0.00311472 -0.000446856 -0.00143279 -0.00109291 -0.00124624 -0.00124069 -0.00206244 -0.00158072 -0.00192443 -0.00213244 -0.00162449 -0.00156554 -0.00190373 -0.00203163 -0.00188382 -0.001836 -0.00209149 -0.00231741 -0.00231725 -0.00150141 -0.00172612 -0.00192602 -0.00068811 -0.0016142 -0.00217839 -0.00160121 -0.0020227 -0.00270237 -0.00243977 -0.00149607 -0.00274705 -0.00147538 -0.00130386 -0.00182799 -0.00176772 -0.0015476 -0.000759189 -0.00152547 -0.00145134 -0.00111467 -0.00125357 -0.00148648 -0.00215353 -0.00185032 -0.00126741 -0.00254271 -0.00204602 -0.00197243 -0.00140881 -0.00172088 -0.00200133 -0.00167327 -0.00152782 -0.00142491 -0.00211323 -0.00126726 -0.00241737 -0.00200185 
-0.00225015 -0.000930072 -0.00167924 -0.00126294 -0.00169296 -0.000755482 -0.000577582 -0.00237774 -0.00207099 -0.00139901 -0.00236821 -0.00184165 -0.00214525 -0.00174301 -0.00271512 -0.00246175 -0.00215603 -0.00110022 -0.00133772 -0.0023547 -0.0023248 -0.00265039 -0.00162263 -0.0019153 -0.00251568 -0.00255995 -0.000952203 0.00235987 0.00274804 0.00206592 0.00238531 0.00397608 0.134359 0.00285433 0.00238816 0.00243945 0.00205387 0.00217501 -0.0013666 -0.000359551 -0.00186431 -0.000236997 -0.00206535 -0.00203453 -0.00199987 -0.00140784 -0.00226637 -0.0017657 -0.00157115 -0.0018569 -0.00194194 -0.00178312 -0.0016034 -0.00175468 -0.00119641 -0.00170595 -0.00187671 -0.0021246 -0.00132353 -0.00188061 -0.00211535 -0.00142394 -0.00265745 -0.00173439 -0.00157905 -0.00126398 -0.00148564 -0.00130958 -0.00159143 -0.00136442 -0.00230769 -0.00195585 -0.0018286 -0.00230388 -0.00203114 -0.00196422 -0.00236337 -0.00161498 -0.000894975 -0.00206236 -0.00154825 -0.00193115 -0.002123 -0.00186028 -0.00176759 -0.00237948 -0.00140878 -0.00195797 -0.00155838 -0.00237262 -0.00133211 -0.00113986 -0.00236801 -0.00184108 -0.0021064 -0.00209013 -0.00223798 -0.00183162 -0.00212745 -0.00222333 
