0.118921 0.00180744 0.00189746 0.00164919 0.00173156 0.00226465 -0.00136338 -0.00107948 -0.00018513 -0.0007328 -0.00155538 -0.00217038 -0.00166229 -0.00152029 -0.00260683 -0.0014616 -0.00163565 -0.00195573 -0.00165317 -0.00261862 -0.0014789 -0.00234259 -0.00167181 -0.00148489 -0.00174457 -0.00202291 -0.00198773 -0.00208279 -0.00184027 -0.00133644 -0.00110006 -0.00209907 -0.0015686 -0.00174134 -0.00146386 -0.00102314 -0.00216266 -0.00108575 -0.00129957 -0.0017781 -0.00161226 -0.0012668 -0.00180733 -0.00106054 -0.000900541 -0.00173286 -0.00140134 -0.00163813 -0.0013149 -0.00123106 -0.00125301 -0.00165583 -0.00134332 -0.00191669 -0.00162804 -0.00144007 -0.0012918 -0.00153389 -0.00162862 -0.00130705 -0.00175774 -0.00168566 -0.00122155 -0.00164463 -0.00225179 -0.00135329 -0.00176605 -0.000945236 -0.00127839 -0.00139036 -0.00143508 -0.00110566 -0.000791946 -0.00196484 -0.000773319 -0.00153819 -0.00129704 -0.000951993 -0.00167731 -0.00185484 -0.00181143 -0.00168874 -0.00120999 -0.00195278 -0.00147904 -0.00194632 -0.000927583 -0.00145155 -0.00114527 -0.00173759 -0.00178217 -0.00106264 -0.00123399 -0.0005855 -0.000959515 -0.000720881 0.00203057 0.00133788 0.0013176 0.00190242 
0.00180744 0.125103 0.00166139 0.00187358 0.0026624 0.0025853 0.00113648 -0.00117613 -0.00151764 -0.00128662 -0.0018588 -0.00173856 -0.00175194 -0.00135534 -0.00188855 -0.00207732 -0.00264638 -0.00217716 -0.0015831 -0.00231929 -0.00227379 -0.00209825 -0.000899221 -0.00142075 -0.00179545 -0.0024085 -0.00207604 -0.00125368 -0.0016827 -0.000588392 -0.00177184 -0.00181875 -0.00192769 -0.00187486 -0.00243683 -0.00169235 -0.0011836 -0.00150177 -0.00170232 -0.00109543 -0.00127365 -0.00105593 -0.00067727 -0.00174694 -0.0018081 -0.000898801 -0.00155513 -0.00219817 -0.00226181 -0.000659583 -0.00146725 -0.00258159 -0.00193131 -0.00146249 -0.00155659 -0.00171607 -0.00159482 -0.00139467 -0.00191633 -0.00119722 -0.00127173 -0.00189913 -0.00153293 -0.00218044 -0.00137741 -0.00164439 -0.00232418 -0.00170772 -0.000983342 -0.00215098 -0.00177286 -0.00170474 -0.00177893 -0.000572827 -0.00134224 -0.0013385 -0.00164121 -0.00122175 -0.000915328 -0.00199105 -0.00167438 -0.00115929 -0.000843246 -0.0015064 -0.00169837 -0.00229013 -0.00175839 -0.000803615 -0.00171528 -0.000936937 -0.00169624 -0.00145917 -0.00145725 -0.0012479 -0.00131257 -0.0012382 -0.00134628 0.00260382 0.00208829 0.00180671 
0.00189746 0.00166139 0.121834 0.00131297 0.00205626 0.00233111 0.00207085 0.00238953 -0.00110769 -0.00119822 -0.000731096 -0.00170918 -0.00210642 -0.00121783 -0.00109508 -0.0024449 -0.00238112 -0.00216199 -0.00181519 -0.00223902 -0.00207489 -0.00189353 -0.0013883 -0.00173735 -0.00150882 -0.00145905 -0.00214511 -0.00133469 -0.0022869 -0.00160118 -0.00177275 -0.00179245 -0.00157584 -0.00128228 -0.00165474 -0.0014617 -0.0015652 -0.00222036 -0.0016946 -0.00183782 -0.00215551 -0.00183794 -0.00231048 -0.00096856 -0.00275864 -0.00204775 -0.0015347 -0.00249929 -0.00169145 -0.00164637 -0.000337858 -0.00092158 -0.00115145 -0.0012588 -0.00207289 -0.000671054 -0.00158488 -0.00215182 -0.00168999 -0.00181391 -0.00132446 -0.0015161 -0.000931576 -0.00190276 -0.00207427 -0.00115876 -0.00187931 -0.00151087 -0.00197666 -0.00179978 -0.00123009 -0.00132883 -0.000990748 -0.00124908 -0.00155666 -0.000845598 3.12601e-06 -0.00153231 -0.000953996 -0.00163219 -0.00165234 -0.00101449 -0.00185719 -0.00113706 -0.00170171 -0.00148787 -0.00222175 -0.00137597 -0.00111709 -0.00199192 -0.0011061 -0.00187351 -0.000958156 -0.00120443 -0.000871525 -0.00119459 -0.000887996 -0.00131278 0.00227873 0.00212495 
0.00164919 0.00187358 0.00131297 0.121947 0.00174167 0.00206758 0.00218419 0.00192834 0.00296473 -0.000884648 -0.00122985 -0.00102126 -0.00159573 -0.00134813 -0.00181921 -0.00151401 -0.00106889 -0.00264233 -0.00260242 -0.0012739 -0.00155954 -0.00205038 -0.00145583 -0.00186321 -0.00190878 -0.00145634 -0.00163139 -0.00165677 -0.00166271 -0.00178187 -0.00124014 -0.00196469 -0.00120279 -0.00129713 -0.00161572 -0.00159099 -0.00213956 -0.00183737 -0.00186542 -0.00190236 -0.00198125 -0.00150023 -0.00212126 -0.00125756 -0.00143236 -0.00244151 -0.00227802 -0.00194426 -0.0017363 -0.00148885 -0.00111715 -0.00181624 -0.00161544 -0.00148079 -0.00133042 -0.00186284 -0.00150414 -0.00128038 -0.00260133 -0.000912503 -0.00111224 -0.00224553 -0.00150245 -0.00178464 -0.00115804 -0.00154172 -0.0010025 -0.00105548 -0.00244819 -0.00187095 -0.00132988 -0.00158706 -0.00147137 -0.00229862 -0.00147548 -0.000875203 -0.00176908 -0.000982678 -0.00133228 -0.00174731 -0.00152899 -0.000944356 -0.000468256 -0.00107699 -0.00229694 -0.001522 -0.00157781 -0.0017744 -0.00135101 -0.000857803 -0.0012222 -0.00110921 -0.00149215 -0.00143675 -0.00168111 -0.000798278 -0.00138352 -0.00064137 -0.00142956 0.00189999 
0.00173156 0.0026624 0.00205626 0.00174167 0.122095 0.00251941 0.00165309 0.00242767 0.00262613 0.00208564 -0.00171117 -0.00177304 -0.00102615 -0.00205814 -0.00185726 -0.00186651 -0.000952676 -0.00217684 -0.00213971 -0.00207878 -0.00122066 -0.00209534 -0.00208651 -0.00134827 -0.00255053 -0.00136767 -0.00230333 -0.00130436 -0.00176962 -0.00102844 -0.00224427 -0.00201046 -0.00185396 -0.00184044 -0.00123793 -0.00141214 -0.00174531 -0.00170763 -0.00153326 -0.00140003 -0.00152713 -0.00213183 -0.00203971 -0.000871519 -0.00157042 -0.00115174 -0.00181845 -0.00169008 -0.00124662 -0.00162357 -0.00139102 -0.00130052 -0.00181458 -0.00143855 -0.00107315 -0.00176582 -0.00238206 -0.00155104 -0.00179357 -0.00104502 -0.00115099 -0.00134202 -0.00162097 -0.0021792 -0.00150015 -0.00113326 -0.00150749 -0.00121549 -0.00181671 -0.00141915 -0.00156221 -0.00142928 -0.00106658 -0.000993072 -0.000847971 -0.00122065 -0.00115701 -0.00145073 -0.00173036 -0.00157522 -0.00166562 -0.00191076 -0.0019111 -0.00158077 -0.00197484 -0.00173032 -0.0015798 -0.00101388 -0.00144531 -0.00154266 -0.00151945 -0.00171157 -0.0014937 -0.00150783 -0.00142137 -0.00176768 -0.00147918 -0.00154401 -0.00136696 -0.00058659 
0.00226465 0.0025853 0.00233111 0.00206758 0.00251941 0.13545 0.00302519 0.00222919 0.00296865 0.00240011 0.00218718 -0.000953789 -0.00137325 -0.00203214 -0.00229712 -0.00178838 -0.000693484 -0.00193646 -0.00239656 -0.00167324 -0.00211188 -0.00192959 -0.0031605 -0.00181774 -0.00208467 -0.00117576 -0.00251814 -0.00222786 -0.00190787 -0.00154239 -0.00242945 -0.00285251 -0.00183313 -0.00268337 -0.00232731 -0.00163299 -0.00285513 -0.00167883 -0.00198266 -0.00197605 -0.0009909 -0.00212461 -0.00155828 -0.00170889 -0.00130314 -0.00177828 -0.00185369 -0.00276006 -0.00265482 -0.00154969 -0.00161916 -0.00135294 -0.00101649 -0.00193305 -0.0021916 -0.00162651 -0.00186534 -0.00188599 -0.00176623 -0.00180651 -0.001899 -0.00157725 -0.00127177 -0.00154204 -0.00282159 -0.000816429 -0.00183812 -0.00240125 -0.00124047 -0.00210392 -0.00165924 -0.00128855 -0.00154562 -0.00227148 -0.00163503 -0.00137087 -0.00170104 -0.00159862 -0.00216349 -0.00111156 -0.00218153 -0.00201308 -0.00132198 -0.00213683 -0.0015615 -0.0012993 -0.0021798 -0.0017232 -0.00168001 -0.0014867 -0.00179601 -0.00194291 -0.00146889 -0.00194541 -0.0012045 -0.0015847 -0.00183997 -0.00087457 -0.00130814 -0.0014036 
-0.00136338 0.00113648 0.00207085 0.00218419 0.00165309 0.00302519 0.132871 0.00218186 0.00234279 0.00264984 0.00152112 0.00188308 -0.00121695 -0.00135968 -0.00215148 -0.00204535 -0.00115332 -0.0022169 -0.00228173 -0.00215128 -0.00265118 -0.00278951 -0.00169569 -0.00126227 -0.00160115 -0.00217424 -0.00243137 -0.00187342 -0.00129057 -0.00143008 -0.00163454 -0.00244857 -0.00180909 -0.00248752 -0.00250704 -0.00235278 -0.00213918 -0.00149649 -0.00150578 -0.00209699 -0.00156135 -0.0023553 -0.00197917 -0.00196382 -0.00190781 -0.00227953 -0.00142728 -0.00175003 -0.00108557 -0.00130517 -0.00223533 -0.00159573 -0.00170438 -0.000747141 -0.00147034 -0.00164489 -0.00175494 -0.00216244 -0.00174117 -0.00161542 -0.00199204 -0.00194511 -0.00175941 -0.00179304 -0.0019406 -0.00108005 -0.001123 -0.00141753 -0.00136637 -0.00152807 -0.00114677 -0.00117739 -0.00164954 -0.00267011 -0.00186932 -0.00152599 -0.00207814 -0.0011948 -0.00139314 -0.00136036 -0.00275384 -0.0019338 -0.00119143 -0.0016122 -0.00198788 -0.00171356 -0.00167435 -0.00142148 -0.00113731 -0.001435 -0.00113047 -0.00106968 -0.00175628 -0.00224498 -0.00127341 -0.0014678 -0.00228804 -0.00139244 -0.00104588 -0.00107423 
-0.00107948 -0.00117613 0.00238953 0.00192834 0.00242767 0.00222919 0.00218186 0.140218 0.0026336 0.0031497 0.00272487 0.00269806 0.00368124 -0.00208148 -0.000966601 -0.00171703 -0.00326758 -0.0022761 -0.00122485 -0.00241632 -0.0025832 -0.00241242 -0.00215796 -0.00244293 -0.00247143 -0.00261497 -0.000912486 -0.00212956 -0.00142749 -0.00247069 -0.00108328 -0.00264842 -0.00178494 -0.00224251 -0.00198751 -0.00231302 -0.0025378 -0.00193631 -0.00247667 -0.00138878 -0.000880073 -0.00201209 -0.00220373 -0.00133603 -0.00191248 -0.00175716 -0.00101572 -0.00179848 -0.00194695 -0.00206458 -0.00156321 -0.00136635 -0.00192854 -0.000770485 -0.0016597 -0.00248748 -0.00162449 -0.00209005 -0.00254138 -0.00174219 -0.00173805 -0.0024953 -0.00129661 -0.0010143 -0.00205227 -0.000925756 -0.00205704 -0.00166741 -0.00166632 -0.00247199 -0.00144614 -0.00176097 -0.00229999 -0.00173608 -0.00189245 -0.00282645 -0.00205221 -0.00239593 -0.00225615 -0.00241461 -0.00224201 -0.00213241 -0.00155805 -0.000827633 -0.00178715 -0.00231474 -0.00114127 -0.00153892 -0.00165265 -0.00153517 -0.00152781 -0.00190298 -0.00174249 -0.0021695 -0.00177017 -0.00142661 -0.00178568 -0.00219111 -0.00174053 -0.0018801 
-0.00018513 -0.00151764 -0.00110769 0.00296473 0.00262613 0.00296865 0.00234279 0.0026336 0.135659 0.00206731 0.00242418 0.00127046 0.00207173 0.00213008 -0.00154485 -0.00125046 -0.00155003 -0.00212905 -0.00226492 -0.00269073 -0.00202265 -0.00258872 -0.00293166 -0.00236832 -0.0023558 -0.00228848 -0.00200334 -0.00130118 -0.00128601 -0.00179403 -0.00224787 -0.00146656 -0.00304353 -0.00205715 -0.00219248 -0.00165069 -0.00278189 -0.00171767 -0.00206644 -0.00246171 -0.000591236 -0.00207263 -0.00229355 -0.00170532 -0.00187252 -0.00247124 -0.00110963 -0.00199463 -0.00187686 -0.00187183 -0.00197043 -0.00284388 -0.00141551 -0.00190993 -0.0010965 -0.00229695 -0.0012327 -0.00166096 -0.00188123 -0.000984216 -0.00159972 -0.00207556 -0.00194807 -0.00191841 -0.00207478 -0.00167866 -0.00234267 -0.00163802 -0.00277442 -0.002006 -0.000830656 -0.001012 -0.00213267 -0.00122969 -0.000588481 -0.00188579 -0.0015657 -0.00146962 -0.00101182 -0.00162022 -0.00213262 -0.00171372 -0.00109621 -0.00196782 -0.00204543 -0.00128329 -0.00104478 -0.00201544 -0.00241995 -0.00218045 -0.00161248 -0.00165616 -0.00176704 -0.00202731 -0.00172657 -0.00112717 -0.00146472 -0.0015544 -0.00143669 -0.00146486 
-0.0007328 -0.00128662 -0.00119822 -0.000884648 0.00208564 0.00240011 0.00264984 0.0031497 0.00206731 0.135167 0.00332769 0.00307467 0.00326768 0.00191376 -0.00112974 -0.00196781 -0.00132376 -0.00124802 -0.00151823 -0.00255132 -0.000962616 -0.00255195 -0.00217786 -0.00208334 -0.00177983 -0.00290811 -0.00241103 -0.00186995 -0.00186816 -0.00203614 -0.00236464 -0.00159803 -0.00156779 -0.00198498 -0.00118737 -0.00108955 -0.002684 -0.00176892 -0.00157478 -0.0015279 -0.00162898 -0.00173064 -0.00209703 -0.00194999 -0.00193511 -0.0014645 -0.00226686 -0.00161957 -0.00276504 -0.00178263 -0.00219239 -0.00258607 -0.00225724 -0.00157909 -0.00198261 -0.00106549 -0.00139406 -0.00228561 -0.00137203 -0.00254188 -0.001364 -0.00203789 -0.00193656 -0.00144303 -0.00137191 -0.0015773 -0.00181999 -0.00211539 -0.0017748 -0.00247976 -0.00224079 -0.00142128 -0.00208883 -0.00221494 -0.00133773 -0.00107133 -0.00175436 -0.00196707 -0.00186019 -0.002142 -0.00196539 -0.00159312 -0.00179091 -0.00209662 -0.00138257 -0.00159424 -0.00110947 -0.00171682 -0.00171677 -0.00227109 -0.00100013 -0.00149949 -0.00119108 -0.00241706 -0.00108132 -0.00115929 -0.00202575 -0.00167547 -0.00155944 -0.00190352 
-0.00155538 -0.0018588 -0.000731096 -0.00122985 -0.00171117 0.00218718 0.00152112 0.00272487 0.00242418 0.00332769 0.135337 0.00176637 0.00292138 0.00199806 0.00253699 0.00216916 -0.00179961 -0.00171445 -0.00310425 -0.00252747 -0.00193023 -0.00135382 -0.0021798 -0.00192231 -0.0023681 -0.00177982 -0.00155006 -0.0019696 -0.00232732 -0.0026905 -0.00196612 -0.00204918 -0.00134015 -0.00239279 -0.00219035 -0.00159642 -0.00203399 -0.00204745 -0.00207844 -0.00156216 -0.00167355 -0.0015784 -0.00227417 -0.00167593 -0.00185656 -0.00146451 -0.000721453 -0.00153529 -0.00238862 -0.0013954 -0.00206094 -0.00138176 -0.000598316 -0.00113076 -0.00130096 -0.00168382 -0.00113996 -0.00122997 -0.00170643 -0.00204885 -0.00225631 -0.00177088 -0.00152597 -0.00176191 -0.00136083 -0.00108006 -0.00116215 -0.00202368 -0.00215759 -0.00208737 -0.00194506 -0.00143972 -0.00191306 -0.00203947 -0.00161989 -0.00206295 -0.00111971 -0.00247984 -0.00223779 -0.000955391 -0.00154926 -0.00108901 -0.00192909 -0.00100309 -0.00212916 -0.00180271 -0.00170648 -0.00220799 -0.00187213 -0.00083955 -0.00225032 -0.0019046 -0.00223268 -0.00230915 -0.00252734 -0.00172864 -0.00225592 -0.00218215 -0.00221896 -0.00177017 
-0.00217038 -0.00173856 -0.00170918 -0.00102126 -0.00177304 -0.000953789 0.00188308 0.00269806 0.00127046 0.00307467 0.00176637 0.142055 0.00292809 0.00284987 0.0026258 0.00362953 0.00291138 -0.00153535 -0.00228971 -0.00180707 -0.00257562 -0.00257127 -0.00230457 -0.00260538 -0.00238411 -0.00246888 -0.00259657 -0.00211454 -0.0018483 -0.00170998 -0.0017388 -0.00239489 -0.00210699 -0.00208804 -0.00253892 -0.00150896 -0.00233312 -0.00170229 -0.00206329 -0.0015437 -0.00249515 -0.00232207 -0.00199425 -0.0021688 -0.0015449 -0.0025821 -0.00194547 -0.00108275 -0.00157204 -0.00217495 -0.00192759 -0.00223001 -0.00207179 -0.0022153 -0.00200193 -0.00089662 -0.00205782 -0.00160193 -0.0019389 -0.0022877 -0.00121646 -0.00230687 -0.00179777 -0.00121044 -0.00240138 -0.00274337 -0.00183564 -0.00205338 -0.00188913 -0.0012494 -0.00164939 -0.00106632 -0.00178736 -0.00213298 -0.00195287 -0.00198769 -0.00220943 -0.00253895 -0.00230672 -0.00257 -0.0021767 -0.00238185 -0.00177653 -0.0012804 -0.00192178 -0.0015508 -0.00151804 -0.000978488 -0.0016559 -0.00145666 -0.00163955 -0.00163574 -0.00140258 -0.0020741 -0.00100347 -0.00193205 -0.00106015 -0.00176485 -0.000888713 -0.00137954 
-0.00166229 -0.00175194 -0.00210642 -0.00159573 -0.00102615 -0.00137325 -0.00121695 0.00368124 0.00207173 0.00326768 0.00292138 0.00292809 0.139696 0.00372928 0.00254451 0.00256141 0.00263238 -0.00116694 -0.002026 -0.00132379 -0.00221407 -0.00285632 -0.00219084 -0.00139451 -0.0027492 -0.00245566 -0.00202505 -0.0015881 -0.00178634 -0.00220987 -0.00208999 -0.0021823 -0.00190985 -0.00170753 -0.00192552 -0.0018379 -0.00306954 -0.00235701 -0.00136147 -0.00157088 -0.00227849 -0.00235953 -0.00215499 -0.00184425 -0.00151408 -0.00216772 -0.00216822 -0.0017804 -0.000831371 -0.00216993 -0.00213138 -0.00169721 -0.00242249 -0.00187652 -0.000704574 -0.00194329 -0.00202275 -0.000530513 -0.00158298 -0.00143815 -0.00150333 -0.00177632 -0.00123542 -0.0021528 -0.00134272 -0.00191973 -0.00192685 -0.00164847 -0.000938599 -0.00199688 -0.00176038 -0.000769484 -0.0019348 -0.00236536 -0.00127202 -0.00189623 -0.00117542 -0.00166235 -0.00196832 -0.00259047 -0.00236614 -0.00191835 -0.00240167 -0.00211337 -0.00223735 -0.00251951 -0.00154443 -0.0015045 -0.00222916 -0.00254958 -0.00206053 -0.00109683 -0.00159343 -0.00224027 -0.00202555 -0.00227226 -0.00179851 -0.00151218 -0.00218353 -0.00167988 
-0.00152029 -0.00135534 -0.00121783 -0.00134813 -0.00205814 -0.00203214 -0.00135968 -0.00208148 0.00213008 0.00191376 0.00199806 0.00284987 0.00372928 0.139985 0.00210208 0.0022693 0.00323432 0.00235903 0.0027334 -0.00116644 -0.00158894 -0.0020971 -0.00215794 -0.00194582 -0.00148536 -0.00373116 -0.00230613 -0.00246431 -0.00239801 -0.00285884 -0.00161467 -0.00284779 -0.00375443 -0.00248691 -0.00181548 -0.00201966 -0.00234686 -0.00255033 -0.00189462 -0.00219276 -0.00199867 -0.00144406 -0.00219071 -0.00147015 -0.0019649 -0.00159523 -0.0015284 -0.00225 -0.00195887 -0.00111968 -0.00188322 -0.00174861 -0.0019901 -0.00118245 -0.00194939 -0.00248573 -0.00107522 -0.0014761 -0.00142334 -0.00174693 -0.00153939 -0.0018458 -0.00136219 -0.00124977 -0.00158999 -0.00227099 -0.00119557 -0.00106681 -0.00154436 -0.00148397 -0.00228388 -0.00137075 -0.00171607 -0.00215222 -0.00211717 -0.00195316 -0.00125714 -0.00262184 -0.00210468 -0.00222783 -0.00156617 -0.00249013 -0.00147561 -0.00139623 -0.00206114 -0.00187168 -0.00192714 -0.00167962 -0.0025579 -0.0015812 -0.00187172 -0.00183541 -0.00187997 -0.00172001 -0.00100685 -0.0012997 -0.00230491 -0.00120483 -0.00170033 -0.00174144 
-0.00260683 -0.00188855 -0.00109508 -0.00181921 -0.00185726 -0.00229712 -0.00215148 -0.000966601 -0.00154485 -0.00112974 0.00253699 0.0026258 0.00254451 0.00210208 0.130551 0.00217575 0.00276722 0.00233411 0.00283496 0.00260197 -0.00150435 -0.00191578 -0.00203303 -0.00201019 -0.00213416 -0.00244428 -0.00169588 -0.00178601 -0.00265629 -0.00221759 -0.00129937 -0.0018916 -0.00169052 -0.00166032 -0.00190854 -0.00140381 -0.00182737 -0.00169915 -0.00133603 -0.00190083 -0.00238391 -0.00126202 -0.00199479 -0.00148256 -0.00158742 -0.00168582 -0.00158795 -0.0014731 -0.00221147 -0.00168637 -0.000929547 -0.00107923 -0.00175263 -0.00200776 -0.000938474 -0.00217562 -0.00138384 -0.00167301 -0.00191764 -0.00144537 -0.00195521 -0.00174077 -0.0024564 -0.00168982 -0.00144632 -0.00156638 -0.00119683 -0.0014134 -0.00187449 -0.00119779 -0.00174305 -0.00136655 -0.00140868 -0.00108837 -0.00193151 -0.00155873 -0.00215015 -0.00229619 -0.00162782 -0.00161699 -0.00257956 -0.00126486 -0.00220171 -0.00154875 -0.00132571 -0.0017775 -0.00173409 -0.0016713 -0.00138749 -0.00147873 -0.00185068 -0.00169537 -0.00119002 -0.00141087 -0.00131052 -0.00180269 -0.000341157 -0.0015653 -0.00283648 -0.00174557 
-0.0014616 -0.00207732 -0.0024449 -0.00151401 -0.00186651 -0.00178838 -0.00204535 -0.00171703 -0.00125046 -0.00196781 0.00216916 0.00362953 0.00256141 0.0022693 0.00217575 0.145845 0.00290203 0.003431 0.00303097 0.00208081 -0.000640781 -0.00122185 -0.00177959 -0.00129341 -0.00330183 -0.00214242 -0.00233446 -0.00258076 -0.00257854 -0.00189918 -0.0020227 -0.00172061 -0.00141421 -0.00307866 -0.00239826 -0.00203523 -0.002747 -0.00291364 -0.0022288 -0.00157833 -0.00255188 -0.00193309 -0.00185812 -0.000905786 -0.00229968 -0.00246492 -0.0013688 -0.00243536 -0.00194081 -0.00158723 -0.00145756 -0.00254531 -0.00274438 -0.00199266 -0.00176986 -0.00142635 -0.00191889 -0.00160945 -0.00167229 -0.00227466 -0.00167952 -0.000890122 -0.00208843 -0.00217128 -0.00181209 -0.00171069 -0.00186688 -0.00213205 -0.00238915 -0.00132239 -0.00196504 -0.00201242 -0.00226863 -0.00205954 -0.00185194 -0.00135036 -0.00166402 -0.00218049 -0.00166028 -0.00223746 -0.00180286 -0.00188546 -0.000978057 -0.00158558 -0.00109513 -0.00166487 -0.00175727 -0.00236797 -0.00223591 -0.00113886 -0.00174701 -0.000981748 -0.00209618 -0.0010719 -0.00220522 -0.00123736 -0.00166072 -0.00250851 -0.00224766 -0.00171349 
-0.00163565 -0.00264638 -0.00238112 -0.00106889 -0.000952676 -0.000693484 -0.00115332 -0.00326758 -0.00155003 -0.00132376 -0.00179961 0.00291138 0.00263238 0.00323432 0.00276722 0.00290203 0.144347 0.00355271 0.00394529 0.00358338 0.00202506 0.00109502 -0.00109579 -0.00221617 -0.00109641 -0.00263025 -0.0025138 -0.00188208 -0.00123572 -0.00219783 -0.00230415 -0.000978343 -0.00300266 -0.00190684 -0.0018213 -0.000829242 -0.00330204 -0.0020692 -0.00227304 -0.00245818 -0.00171354 -0.00214251 -0.00180594 -0.00226798 -0.00200406 -0.00249176 -0.00143716 -0.00122765 -0.00156787 -0.00155441 -0.00182214 -0.00193221 -0.00220079 -0.0025516 -0.00228843 -0.00192714 -0.0015581 -0.0017182 -0.00208041 -0.00186506 -0.00262772 -0.00181399 -0.00229021 -0.00265752 -0.00223233 -0.00101984 -0.00173016 -0.000693909 -0.00257086 -0.00197827 -0.00179742 -0.00281 -0.00158576 -0.00270266 -0.00217813 -0.00201667 -0.00145747 -0.00146239 -0.00166866 -0.00216071 -0.00230805 -0.00231763 -0.00225784 -0.00196926 -0.00220105 -0.00224445 -0.00191001 -0.00189364 -0.00159457 -0.00189659 -0.00168018 -0.0028233 -0.00178474 -0.00238697 -0.0026164 -0.00200896 -0.0019579 -0.00173487 -0.00231516 -0.00119691 
-0.00195573 -0.00217716 -0.00216199 -0.00264233 -0.00217684 -0.00193646 -0.0022169 -0.0022761 -0.00212905 -0.00124802 -0.00171445 -0.00153535 -0.00116694 0.00235903 0.00233411 0.003431 0.00355271 0.143696 0.00435372 0.00314307 0.00200764 0.00365564 0.00199562 -0.00142115 -0.00141735 -0.00165882 -0.0015236 -0.00265487 -0.00162651 -0.00238874 -0.00139056 -0.0022341 -0.00197086 -0.00173929 -0.00208942 -0.0022327 -0.00211604 -0.00164808 -0.00179146 -0.00188378 -0.00206571 -0.00207558 -0.000862392 -0.002007 -0.00196563 -0.00269913 -0.0018088 -0.00223158 -0.00211723 -0.00129236 -0.00248198 -0.00233939 -0.00175548 -0.00242365 -0.00152826 -0.00289831 -0.00240339 -0.00143699 -0.00176492 -0.00200004 -0.0014187 -0.00135051 -0.00169586 -0.00161284 -0.00146031 -0.00255581 -0.00233554 -0.00196517 -0.00241207 -0.00193267 -0.0016268 -0.00181581 -0.0015 -0.00190119 -0.00147645 -0.0016085 -0.00242894 -0.00177858 -0.00234682 -0.00148941 -0.00215675 -0.00135397 -0.00182626 -0.000638099 -0.002597 -0.00235052 -0.00132234 -0.00214803 -0.00191794 -0.00171092 -0.00133031 -0.00179029 -0.00218769 -0.00216804 -0.00122688 -0.001249 -0.00237642 -0.00255596 -0.00271762 -0.000910053 
-0.00165317 -0.0015831 -0.00181519 -0.00260242 -0.00213971 -0.00239656 -0.00228173 -0.00122485 -0.00226492 -0.00151823 -0.00310425 -0.00228971 -0.002026 0.0027334 0.00283496 0.00303097 0.00394529 0.00435372 0.144249 0.00373555 0.00228105 0.00245352 0.00311742 -0.00119087 -0.000282565 -0.00222897 -0.00278523 -0.0028612 -0.00120877 -0.00299618 -0.00269433 -0.00274013 -0.00214513 -0.00186611 -0.00184919 -0.00199307 -0.00314601 -0.00240782 -0.00162343 -0.00140417 -0.00144557 -0.00225618 -0.00221767 -0.00187769 -0.00242279 -0.00208689 -0.00116559 -0.00196144 -0.00148218 -0.00171216 -0.00208291 -0.00290163 -0.00190731 -0.00144573 -0.00113954 -0.00282195 -0.00176837 -0.00185368 -0.00276635 -0.00158221 -0.00166273 -0.00148755 -0.000911587 -0.00135439 -0.00193024 -0.00185034 -0.00194554 -0.0022442 -0.00211247 -0.00192718 -0.00231665 -0.00216058 -0.00184631 -0.00190236 -0.00113974 -0.0013892 -0.00217644 -0.00235675 -0.00217043 -0.0022485 -0.00169353 -0.00244446 -0.00202529 -0.00192422 -0.00138006 -0.0016605 -0.00139541 -0.00207264 -0.000768936 -0.00142735 -0.00089624 -0.00229528 -0.00239509 -0.00154984 -0.00243641 -0.00157184 -0.00162169 -0.00223213 -0.000691537 -0.00189847 
-0.00261862 -0.00231929 -0.00223902 -0.0012739 -0.00207878 -0.00167324 -0.00215128 -0.00241632 -0.00269073 -0.00255132 -0.00252747 -0.00180707 -0.00132379 -0.00116644 0.00260197 0.00208081 0.00358338 0.00314307 0.00373555 0.145952 0.00419399 0.00390131 0.00297313 0.00298717 0.00359803 -0.00192254 -0.00234267 -0.00298171 -0.00152293 -0.0022849 -0.00274394 -0.00301054 -0.0023396 -0.00152961 -0.00245008 -0.002532 -0.00225947 -0.00275627 -0.00221841 -0.00283961 -0.00297668 -0.00221754 -0.00312136 -0.00228505 -0.000517325 -0.00277922 -0.00142549 -0.00193267 -0.00103997 -0.00220047 -0.00172885 -0.00184544 -0.00105484 -0.00239013 -0.00152155 -0.000827275 -0.00196112 -0.00188453 -0.00298655 -0.00245272 -0.00197254 -0.00176267 -0.00162147 -0.00135678 -0.00178672 -0.00145871 -0.00234986 -0.00210367 -0.00225308 -0.00299205 -0.00179814 -0.00270821 -0.00228847 -0.0016218 -0.00242604 -0.0016074 -0.00146259 -0.00202143 -0.00324334 -0.0015738 -0.0017661 -0.00149307 -0.00198392 -0.00181326 -0.0019908 -0.001399 -0.00237111 -0.00175126 -0.00137386 -0.0020929 -0.00182805 -0.00144298 -0.00153777 -0.002236 -0.00207765 -0.00132331 -0.0019673 -0.00144183 -0.00210051 -0.000630853 
-0.0014789 -0.00227379 -0.00207489 -0.00155954 -0.00122066 -0.00211188 -0.00265118 -0.0025832 -0.00202265 -0.000962616 -0.00193023 -0.00257562 -0.00221407 -0.00158894 -0.00150435 -0.000640781 0.00202506 0.00200764 0.00228105 0.00419399 0.141988 0.00314595 0.00306807 0.00336474 0.00258207 0.00256802 -0.000979823 -0.00234707 -0.00164924 -0.0013637 -0.00138889 -0.00172394 -0.00208191 -0.00123865 -0.00176031 -0.00181491 -0.00161853 -0.00157186 -0.00245762 -0.00139235 -0.00212252 -0.00183175 -0.00278556 -0.0024028 -0.00234488 -0.00133953 -0.00209682 -0.00227206 -0.00179642 -0.00235624 -0.00154092 -0.0016149 -0.00239571 -0.00207942 -0.00135585 -0.00220154 -0.00231338 -0.00140132 -0.00189161 -0.0020586 -0.0023816 -0.00245714 -0.00237071 -0.00233552 -0.00214422 -0.000577522 -0.00260528 -0.00175696 -0.0016527 -0.00215474 -0.00114381 -0.00206225 -0.00132824 -0.00214636 -0.00118586 -0.00198902 -0.0017096 -0.00214763 -0.00150667 -0.00267712 -0.00156049 -0.00178309 -0.00223871 -0.00192774 -0.0020774 -0.000864414 -0.00159607 -0.00132116 -0.000780099 -0.00170924 -0.00233338 -0.00282086 -0.00136488 -0.00103114 -0.00296102 -0.0018729 -0.00178437 -0.0019571 -0.00195211 -0.0019715 
-0.00234259 -0.00209825 -0.00189353 -0.00205038 -0.00209534 -0.00192959 -0.00278951 -0.00241242 -0.00258872 -0.00255195 -0.00135382 -0.00257127 -0.00285632 -0.0020971 -0.00191578 -0.00122185 0.00109502 0.00365564 0.00245352 0.00390131 0.00314595 0.150748 0.00334936 0.00243869 0.00334724 0.0038848 -0.00183897 -0.00193909 -0.00101368 -0.000814792 -0.00159229 -0.00293748 -0.00148004 -0.00204539 -0.00216006 -0.00253525 -0.00245779 -0.00182893 -0.00301043 -0.00220558 -0.0021959 -0.00237734 -0.00209924 -0.00237571 -0.00228918 -0.00250265 -0.00189922 -0.00219621 -0.00177312 -0.0019114 -0.00193759 -0.00184008 -0.00181639 -0.00140811 -0.00212651 -0.00239826 -0.00206734 -0.000577595 -0.00190228 -0.00247274 -0.00150217 -0.00202671 -0.000542387 -0.00224119 -0.00152266 -0.00151371 -0.00152386 -0.0016468 -0.00112223 -0.00143066 -0.00145347 -0.00269741 -0.00262351 -0.00169667 -0.00224237 -0.00108932 -0.0015959 -0.00123579 -0.00210031 -0.00236404 -0.00238209 -0.00215315 -0.00238702 -0.00121091 -0.00224346 -0.00231122 -0.00241325 -0.00204424 -0.00205523 -0.00144605 -0.00182209 -0.0022651 -0.00164392 -0.00260107 -0.00282818 -0.00216294 -0.00147106 -0.00331279 -0.00097334 -0.00132605 
-0.00167181 -0.000899221 -0.0013883 -0.00145583 -0.00208651 -0.0031605 -0.00169569 -0.00215796 -0.00293166 -0.00217786 -0.0021798 -0.00230457 -0.00219084 -0.00215794 -0.00203303 -0.00177959 -0.00109579 0.00199562 0.00311742 0.00297313 0.00306807 0.00334936 0.144654 0.00334358 0.00255315 0.00260286 0.00312589 -0.00192277 -0.00149519 -0.00146431 -0.00128752 -0.00143686 -0.00113864 -0.00259747 -0.00158025 -0.00119116 -0.00184624 -0.00195851 -0.00196541 -0.0015701 -0.00100985 -0.00186055 -0.00218881 -0.00168909 -0.00171029 -0.00149105 -0.00238682 -0.00234437 -0.00200915 -0.00112708 -0.0023346 -0.00195082 -0.00216524 -0.00226156 -0.00156255 -0.00249899 -0.00294689 -0.00212464 -0.00236514 -0.00176205 -0.00220607 -0.00185696 -0.00192642 -0.00254843 -0.00253097 -0.001859 -0.00240944 -0.00172816 -0.00212148 -0.0022586 -0.000914466 -0.00213073 -0.00177452 -0.00188766 -0.00205731 -0.00230268 -0.0015236 -0.0016274 -0.00189396 -0.00140294 -0.00205688 -0.0011 -0.00130498 -0.00248165 -0.00177375 -0.00185811 -0.0014451 -0.00214209 -0.00101438 -0.00151666 -0.00275287 -0.00254082 -0.00191242 -0.00124286 -0.00203302 -0.00181509 -0.0026944 -0.00194702 -0.00135854 -0.00222042 
-0.00148489 -0.00142075 -0.00173735 -0.00186321 -0.00134827 -0.00181774 -0.00126227 -0.00244293 -0.00236832 -0.00208334 -0.00192231 -0.00260538 -0.00139451 -0.00194582 -0.00201019 -0.00129341 -0.00221617 -0.00142115 -0.00119087 0.00298717 0.00336474 0.00243869 0.00334358 0.143531 0.00246437 0.00446454 0.00305073 0.00214602 -0.000571471 -0.00128069 -0.00151958 -0.00234927 -0.00196023 -0.00247734 -0.00279403 -0.00265137 -0.00267097 -0.002086 -0.00223032 -0.00279384 -0.00182427 -0.00235638 -0.00241401 -0.00129043 -0.00193766 -0.0017585 -0.00182146 -0.0026538 -0.00261171 -0.00210377 -0.00156405 -0.0023218 -0.0022251 -0.00160519 -0.0017448 -0.00221948 -0.00281538 -0.00217998 -0.000833144 -0.00218749 -0.00200744 -0.0016252 -0.0017547 -0.00191102 -0.000884386 -0.00172825 -0.00269013 -0.00224156 -0.0013559 -0.00157743 -0.00191258 -0.00166734 -0.00192121 -0.00148821 -0.00129504 -0.0017607 -0.00156014 -0.00172883 -0.00199798 -0.00189825 -0.00158854 -0.00151479 -0.00135319 -0.00258059 -0.000785591 -0.00187553 -0.00256969 -0.00156048 -0.00113377 -0.00069955 -0.00195505 -0.00222859 -0.000408276 -0.00115993 -0.00161389 -0.00241082 -0.00171389 -0.00233581 -0.00148325 -0.00213103 
-0.00174457 -0.00179545 -0.00150882 -0.00190878 -0.00255053 -0.00208467 -0.00160115 -0.00247143 -0.0023558 -0.00177983 -0.0023681 -0.00238411 -0.0027492 -0.00148536 -0.00213416 -0.00330183 -0.00109641 -0.00141735 -0.000282565 0.00359803 0.00258207 0.00334724 0.00255315 0.00246437 0.147324 0.00237935 0.00263806 0.00231173 0.00288272 0.00197209 -0.00240819 -0.00241673 -0.00227042 -0.00155715 -0.00200656 -0.000535922 -0.00288923 -0.00161115 -0.001899 -0.00231634 -0.00149513 -0.0017537 -0.00175707 -0.00212959 -0.00237198 -0.00177267 -0.00213319 -0.00249917 -0.00315257 -0.00241474 -0.00256648 -0.00228187 -0.00235891 -0.00206536 -0.00272068 -0.00172827 -0.00293581 -0.00123094 -0.00160652 -0.001784 -0.00197769 -0.000934262 -0.00198715 -0.00167162 -0.00244729 -0.00212526 -0.0027017 -0.00125858 -0.00176091 -0.00171021 -0.00142782 -0.00278659 -0.00208393 -0.00175046 -0.000805168 -0.00195314 -0.002222 -0.00103848 -0.00253437 -0.00186439 -0.00218982 -0.00203803 -0.00200185 -0.00161601 -0.0015963 -0.00217603 -0.00146677 -0.000587986 -0.00230614 -0.00215423 -0.00217002 -0.00250852 -0.00218637 -0.00170724 -0.00204239 -0.00171001 -0.00177298 -0.00243121 -0.00134044 -0.00131961 
-0.00202291 -0.0024085 -0.00145905 -0.00145634 -0.00136767 -0.00117576 -0.00217424 -0.00261497 -0.00228848 -0.00290811 -0.00177982 -0.00246888 -0.00245566 -0.00373116 -0.00244428 -0.00214242 -0.00263025 -0.00165882 -0.00222897 -0.00192254 0.00256802 0.0038848 0.00260286 0.00446454 0.00237935 0.142675 0.00286766 0.00276462 0.00388854 0.00237112 0.00265876 -0.00181721 -0.00233311 -0.00145291 -0.00159605 -0.00101753 -0.00166927 -0.00143043 -0.00148307 -0.00179362 -0.00174855 -0.00158226 -0.00163935 -0.00117511 -0.00211536 -0.00215957 -0.00174573 -0.00233298 -0.000770646 -0.00112336 -0.00186722 -0.00276486 -0.00247846 -0.00107312 -0.00193431 -0.00175876 -0.00184474 -0.00193287 -0.00278903 -0.00245608 -0.0024566 -0.00166695 -0.00176777 -0.00199562 -0.00201956 -0.00132581 -0.00186984 -0.00168029 -0.00229244 -0.0024745 -0.00307039 -0.00192431 -0.00212616 -0.0015965 -0.0022913 -0.00152062 -0.00216432 -0.00164284 -0.00226558 -0.00161482 -0.00247839 -0.000940871 -0.00135575 -0.00158889 -0.00164746 -0.00191943 -0.00201693 -0.00197366 -0.00202383 -0.00137467 -0.00261063 -0.0024481 -0.00166061 -0.00155745 -0.0022915 -0.00227243 -0.00200612 -0.00199648 -0.00166365 -0.00230825 
-0.00198773 -0.00207604 -0.00214511 -0.00163139 -0.00230333 -0.00251814 -0.00243137 -0.000912486 -0.00200334 -0.00241103 -0.00155006 -0.00259657 -0.00202505 -0.00230613 -0.00169588 -0.00233446 -0.0025138 -0.0015236 -0.00278523 -0.00234267 -0.000979823 -0.00183897 0.00312589 0.00305073 0.00263806 0.00286766 0.146223 0.00262118 0.00227234 0.00319856 0.00235676 0.00184691 -0.00299655 -0.00200061 -0.00169096 -0.00205361 -0.00219258 -0.00235259 -0.00217384 -0.00223698 -0.00121404 -0.0017704 -0.00176746 -0.00169539 -0.00197691 -0.00116091 -0.00232137 -0.00194259 -0.00125651 -0.00119903 -0.00206848 -0.00196558 -0.00232645 -0.00230931 -0.000971664 -0.00168311 -0.00202271 -0.00201398 -0.00233771 -0.00151212 -0.00202476 -0.0021625 -0.00156242 -0.00168765 -0.00239093 -0.00202953 -0.0015532 -0.00247905 -0.00253541 -0.00142539 -0.00162056 -0.00201282 -0.00249839 -0.00198112 -0.00248837 -0.00185308 -0.0025369 -0.00183382 -0.00152286 -0.00215338 -0.00158143 -0.00142519 -0.00145728 -0.00217242 -0.00144701 -0.000937596 -0.00183266 -0.00185718 -0.00128447 -0.0020176 -0.00153614 -0.000890132 -0.00111804 -0.00127963 -0.00136359 -0.00267318 -0.0016381 -0.00132187 -0.00209588 -0.00179349 
-0.00208279 -0.00125368 -0.00133469 -0.00165677 -0.00130436 -0.00222786 -0.00187342 -0.00212956 -0.00130118 -0.00186995 -0.0019696 -0.00211454 -0.0015881 -0.00246431 -0.00178601 -0.00258076 -0.00188208 -0.00265487 -0.0028612 -0.00298171 -0.00234707 -0.00193909 -0.00192277 0.00214602 0.00231173 0.00276462 0.00262118 0.133386 0.00209584 0.00198202 0.00268541 0.00325039 0.00277632 -0.000956771 -0.00167203 -0.00126957 -0.00127359 -0.0030289 -0.00101707 -0.0017401 -0.00197725 -0.00124592 -0.00211075 -0.00141907 -0.0011887 -0.00122219 -0.00157105 -0.00143491 -0.00122429 -0.0017875 -0.00170496 -0.00208833 -0.00204604 -0.00103877 -0.00171879 -0.000929536 -0.00210935 -0.00206001 -0.00123863 -0.00140417 -0.00185107 -0.00187142 -0.00258978 -0.00154807 -0.00170235 -0.000296782 -0.00136521 -0.00190671 -0.0019195 -0.00231234 -0.00154304 -0.00160312 -0.00217967 -0.00148526 -0.00184341 -0.00276913 -0.00128138 -0.00171258 -0.000912758 -0.00189008 -0.00233294 -0.0012403 -0.00134516 -0.00200361 -0.00182187 -0.00118833 -0.00126689 -0.00131383 -0.0018596 -0.00089769 -0.00154216 -0.00213555 -0.00157917 -0.00213388 -0.0017088 -0.00235501 -0.00152028 -0.00189479 -0.00102505 -0.00166644 
-0.00184027 -0.0016827 -0.0022869 -0.00166271 -0.00176962 -0.00190787 -0.00129057 -0.00142749 -0.00128601 -0.00186816 -0.00232732 -0.0018483 -0.00178634 -0.00239801 -0.00265629 -0.00257854 -0.00123572 -0.00162651 -0.00120877 -0.00152293 -0.00164924 -0.00101368 -0.00149519 -0.000571471 0.00288272 0.00388854 0.00227234 0.00209584 0.13357 0.00361982 0.00277587 0.00235062 0.00249913 0.00305076 -0.00117235 -0.00121055 -0.00238372 -0.00203878 -0.0013167 -0.00145994 -0.00120971 -0.00181806 -0.00286927 -0.00217135 -0.00232586 -0.00195787 -0.0019964 -0.00173668 -0.00173872 -0.00158432 -0.00162492 -0.00199105 -0.00192329 -0.00143272 -0.00208309 -0.0015868 -0.00184472 -0.00164627 -0.00215949 -0.00179548 -0.00198157 -0.00239733 -0.00252815 -0.00245469 -0.00117622 -0.00132255 -0.00156897 -0.0016008 -0.00106955 -0.00163183 -0.0020731 -0.00205492 -0.00215649 -0.00146201 -0.00221519 -0.0023631 -0.00144558 -0.000928188 -0.00179222 -0.00191378 -0.00120449 -0.00222107 -0.00149506 -0.00124635 -0.00176344 -0.001286 -0.00162072 -0.00113187 -0.00195767 -0.00225586 -0.00203401 -0.00204288 -0.0020778 -0.001743 -0.00170635 -0.00183015 -0.00193164 -0.00207425 -0.00204113 -0.00118676 
-0.00133644 -0.000588392 -0.00160118 -0.00178187 -0.00102844 -0.00154239 -0.00143008 -0.00247069 -0.00179403 -0.00203614 -0.0026905 -0.00170998 -0.00220987 -0.00285884 -0.00221759 -0.00189918 -0.00219783 -0.00238874 -0.00299618 -0.0022849 -0.0013637 -0.000814792 -0.00146431 -0.00128069 0.00197209 0.00237112 0.00319856 0.00198202 0.00361982 0.131759 0.00216814 0.00186471 0.00263838 0.00160429 -0.0017392 -0.000785054 -0.00187919 -0.0017439 -0.00177244 -0.00105697 -0.00196043 -0.0022495 -0.00176658 -0.00225958 -0.00204595 -0.00197544 -0.00168949 -0.00174837 -0.00137115 -0.00136733 -0.00187719 -0.00210792 -0.0013853 -0.00117147 -0.00142804 -0.00213818 -0.00248923 -0.00196471 -0.00234229 -0.00134739 -0.00195232 -0.0018766 -0.00197131 -0.00146548 -0.00165011 -0.00157946 -0.0010475 -0.00129715 -0.00184369 -0.00209983 -0.00214777 -0.00156678 -0.00204294 -0.00130943 -0.0015513 -0.00119609 -0.00149183 -0.00152949 -0.00113599 -0.00165303 -0.00151037 -0.00179648 -0.00141556 -0.00240275 -0.0014656 -0.00152369 -0.00205205 -0.00156194 -0.00118984 -0.00122702 -0.0016847 -0.00101578 -0.00083653 -0.0017643 -0.00216011 -0.00165427 -0.000982007 -0.00209091 -0.00161849 -0.00116853 
-0.00110006 -0.00177184 -0.00177275 -0.00124014 -0.00224427 -0.00242945 -0.00163454 -0.00108328 -0.00224787 -0.00236464 -0.00196612 -0.0017388 -0.00208999 -0.00161467 -0.00129937 -0.0020227 -0.00230415 -0.00139056 -0.00269433 -0.00274394 -0.00138889 -0.00159229 -0.00128752 -0.00151958 -0.00240819 0.00265876 0.00235676 0.00268541 0.00277587 0.00216814 0.130825 0.0036042 0.0022536 0.00277883 0.00285735 0.00157196 -0.000892358 -0.00232483 -0.00188329 -0.00157462 -0.00226243 -0.00234589 -0.00172908 -0.00180373 -0.0018247 -0.00203102 -0.00181247 -0.00131621 -0.001701 -0.00174667 -0.00183095 -0.00245825 -0.0022294 -0.00147172 -0.00137827 -0.00158099 -0.0012732 -0.00160544 -0.00153173 -0.0016623 -0.00163025 -0.00176062 -0.00229381 -0.00149002 -0.00196625 -0.00131566 -0.00179038 -0.00133956 -0.00155152 -0.00167916 -0.00142894 -0.00206643 -0.00198311 -0.00151322 -0.00197801 -0.00159357 -0.00145588 -0.00134542 -0.00194573 -0.00135745 -0.00179499 -0.00195002 -0.00140205 -0.00213698 -0.00198225 -0.00163758 -0.00180209 -0.00278546 -0.00181361 -0.00113031 -0.00145005 -0.00217554 -0.00168445 -0.00156666 -0.00149611 -0.00193525 -0.00126612 -0.00213307 -0.00119562 -0.00149244 
-0.00209907 -0.00181875 -0.00179245 -0.00196469 -0.00201046 -0.00285251 -0.00244857 -0.00264842 -0.00146656 -0.00159803 -0.00204918 -0.00239489 -0.0021823 -0.00284779 -0.0018916 -0.00172061 -0.000978343 -0.0022341 -0.00274013 -0.00301054 -0.00172394 -0.00293748 -0.00143686 -0.00234927 -0.00241673 -0.00181721 0.00184691 0.00325039 0.00235062 0.00186471 0.0036042 0.137997 0.00351022 0.00278185 0.00305414 0.0019208 0.00251731 -0.00226083 -0.000323668 -0.000745819 -0.000290861 -0.00201356 -0.0020272 -0.00246951 -0.0019863 -0.00189503 -0.00201698 -0.00132581 -0.00183708 -0.00244525 -0.00150634 -0.00164846 -0.00290948 -0.00123237 -0.00260424 -0.0021289 -0.001637 -0.0022147 -0.0016345 -0.00126235 -0.00144961 -0.00173023 -0.0025952 -0.00125418 -0.00167384 -0.00231591 -0.00117855 -0.00182832 -0.00153393 -0.00221019 -0.00223484 -0.00125378 -0.00108338 -0.00211863 -0.00180541 -0.00222953 -0.000842225 -0.00139166 -0.000739561 -0.0013957 -0.00238318 -0.00141883 -0.0017328 -0.00234818 -0.00166323 -0.00125207 -0.00131327 -0.00219171 -0.00148247 -0.00129564 -0.00194136 -0.00221055 -0.00180586 -0.00126983 -0.00193034 -0.00186801 -0.00113656 -0.00235654 -0.00222895 -0.00215775 
-0.0015686 -0.00192769 -0.00157584 -0.00120279 -0.00185396 -0.00183313 -0.00180909 -0.00178494 -0.00304353 -0.00156779 -0.00134015 -0.00210699 -0.00190985 -0.00375443 -0.00169052 -0.00141421 -0.00300266 -0.00197086 -0.00214513 -0.0023396 -0.00208191 -0.00148004 -0.00113864 -0.00196023 -0.00227042 -0.00233311 -0.00299655 0.00277632 0.00249913 0.00263838 0.0022536 0.00351022 0.135033 0.00277458 0.00349588 0.00143544 0.00204783 0.00198533 -0.00146334 -0.000722036 -0.00200993 -0.00147547 -0.00232232 -0.00104088 -0.0020126 -0.00137017 -0.0011741 -0.00127927 -0.00226654 -0.000833891 -0.00215341 -0.00213786 -0.00212746 -0.00254551 -0.00132558 -0.00209346 -0.000981828 -0.00154555 -0.00216761 -0.00193833 -0.0020223 -0.00088651 -0.00175756 -0.00173905 -0.00200481 -0.002244 -0.00282107 -0.0015178 -0.00161909 -0.00142748 -0.00207476 -0.00165796 -0.00130385 -0.00155425 -0.00283972 -0.00150258 -0.00192739 -0.00152763 -0.00162031 -0.0022035 -0.00206342 -0.00204227 -0.00204119 -0.00144215 -0.00157049 -0.00173591 -0.00138992 -0.00124022 -0.00242858 -0.00155296 -0.00202093 -0.000807801 -0.00214749 -0.00170607 -0.000834573 -0.00186292 -0.00123808 -0.00231777 -0.00118958 -0.00147583 
