0.122046 0.00224313 0.00131199 0.00326849 0.00260635 0.00208059 -0.00132611 -0.00115611 -0.00178332 -0.00177852 -0.00148629 -0.00144388 -0.00146607 -0.00188426 -0.00189256 -0.00228437 -0.00243315 -0.00244403 -0.00164478 -0.00197701 -0.00256529 -0.00144879 -0.00195736 -0.00116561 -0.00265249 -0.0030581 -0.00161532 -0.0013403 -0.00234982 -0.00110459 -0.00228891 -0.00173365 -0.0023371 -0.00173493 -0.00165012 -0.00120285 -0.00226178 -0.00173789 -0.00187446 -0.00136644 -0.00137013 -0.00175233 -0.00203948 -0.00196644 -0.00103552 -0.00168943 -0.00158896 -0.00140798 -0.00121036 -0.0016926 -0.00165639 -0.000900507 -0.0012299 -0.00144664 -0.00173786 -0.00177797 -0.00167393 -0.00118381 -0.00212167 -0.00154566 -0.0016264 -0.000997328 -0.00125148 -0.000497556 -0.00162122 -0.00169124 -0.00145648 -0.00183136 -0.00153681 -0.00148525 -0.00216148 -0.000873874 -0.0011697 -0.00129432 -0.00064535 -0.00104432 -0.00142548 -0.00168388 -0.00170948 -0.00154872 -0.00142788 -0.00177873 -0.0011804 -0.00182475 -0.00167951 -0.000699784 -0.00132212 -0.00158191 -0.000914319 -0.000143081 -0.0015439 -0.00157498 -0.00151822 -0.000664998 -0.00082874 -0.00180996 0.00187592 0.00189725 0.00143689 0.00275183 
0.00224313 0.128776 0.00295754 0.00235424 0.00148911 0.00291357 0.00208716 -0.00190396 -0.0010528 -0.000909405 -0.00102842 -0.00128389 -0.00202752 -0.00154143 -0.00274043 -0.00313987 -0.00195726 -0.00231602 -0.00191582 -0.00121098 -0.00226122 -0.00173329 -0.00172203 -0.00213718 -0.00215121 -0.00172012 -0.00206251 -0.00225059 -0.00193373 -0.00184789 -0.00171597 -0.00213229 -0.00170928 -0.00149531 -0.00229679 -0.00162356 -0.00107286 -0.00249614 -0.00211063 -0.00140381 -0.00119146 -0.00131715 -0.00253783 -0.00260989 -0.00174319 -0.00155084 -0.00140536 -0.00150418 -0.000979507 -0.00145157 -0.00130216 -0.00101212 -0.00072421 -0.00170005 -0.00100696 -0.00141489 -0.00156802 -0.00122631 -0.00175707 -0.00155536 -0.00139931 -0.00159816 -0.00119007 -0.00124234 -0.00150046 -0.00142468 -0.00201315 -0.00136012 -0.00208729 -0.00181191 -0.00169871 -0.0016855 -0.00208687 -0.00163452 -0.00250106 -0.00136886 -0.00199436 -0.00120606 -0.00119532 -0.00126151 -0.00082292 -0.00180384 -0.00144251 -0.00106211 -0.00123339 -0.00113878 -0.00187122 -0.00110109 -0.00208219 -0.00167163 -0.00244359 -0.0014133 -0.00181846 -0.00258607 -0.00116452 -0.00132133 -0.000451481 0.00159225 0.00210568 0.00163238 
0.00131199 0.00295754 0.125111 0.00202606 0.00364414 0.00278096 0.00293579 0.00204789 -0.00154475 -0.00199113 -0.00129688 -0.00151272 -0.000673951 -0.00116051 -0.00180428 -0.00209376 -0.00174688 -0.00168545 -0.00179302 -0.00215746 -0.00142154 -0.0015052 -0.00219558 -0.0012712 -0.00140045 -0.00267831 -0.00203801 -0.00193257 -0.0017875 -0.0014016 -0.001711 -0.0011976 -0.00126481 -0.00141217 -0.000774996 -0.00180118 -0.00159884 -0.00183047 -0.00107909 -0.00144601 -0.00161107 -0.00313197 -0.0014931 -0.00192311 -0.00214015 -0.00224681 -0.00172292 -0.00128346 -0.00153548 -0.00102523 -0.00172444 -0.00155124 -0.00155609 -0.00136804 -0.00175854 -0.00152464 -0.00137561 -0.00132553 -0.00185372 -0.00048475 -0.00146168 -0.00139915 -0.00179191 -0.00195382 -0.00105339 -0.00248054 -0.00233383 -0.00144765 -0.0020414 -0.00175324 -0.0015889 -0.0018113 -0.00180611 -0.00189473 -0.00228576 -0.00132337 -0.00200693 -0.00196633 -0.0011559 -0.00198944 -0.00146256 -0.00242533 -0.00126025 -0.00139739 -0.00180369 -0.00198576 -0.00140234 -0.00154795 -0.00086775 -0.000520394 -0.00201272 -0.00207556 -0.00140708 -0.00152146 -0.00138428 -0.00173756 -0.0018849 -0.00134795 0.00268027 0.00193935 
0.00326849 0.00235424 0.00202606 0.121096 0.00203062 0.00221018 0.00168656 0.00143224 0.00153244 -0.0009634 -0.00135095 -0.0017079 -0.00184771 -0.00223188 -0.00241842 -0.0014198 -0.0021673 -0.00193438 -0.00247105 -0.00257646 -0.00271268 -0.00141656 -0.00191686 -0.000884655 -0.00210046 -0.00234621 -0.0007374 -0.000911196 -0.00169951 -0.00150261 -0.00247983 -0.00200682 -0.00157764 -0.000969836 -0.00144147 -0.00134436 -0.0010267 -0.00162177 -0.00173336 -0.00151341 -0.00139509 -0.00198846 -0.00108933 -0.00254062 -0.001917 -0.00160258 -0.00150429 -0.00142779 -0.00155735 -0.00188392 -0.00092004 -0.00146615 -0.00143375 -0.00104397 -0.00159608 -0.00171877 -0.000858997 -0.00173071 -0.00103545 -0.00141833 -0.000599548 -0.00161711 -0.00121017 -0.000715389 -0.00179456 -0.00258218 -0.00153432 -0.00167518 -0.00149825 -0.00166716 -0.00150154 -0.00163897 -0.00167353 -0.00094572 -0.00111599 -0.00135167 -0.00182495 -0.00141618 -0.00159508 -0.00129974 -0.00126853 -0.00139469 -0.00140412 -0.00155772 -0.00153068 -0.00189771 -0.00109454 -0.00222335 -0.00139476 -0.00229579 -0.00165092 -0.00104209 -0.00190547 -0.00151729 -0.00126029 -0.00169996 -0.00100914 -0.00108808 3.4335e-05 0.00198217 
0.00260635 0.00148911 0.00364414 0.00203062 0.130959 0.00261656 0.00279859 0.00208786 0.0015972 0.00155668 -0.00257952 -0.000709968 -0.00132994 -0.0015161 -0.0021901 -0.00212658 -0.00181829 -0.00196854 -0.000492337 -0.00130823 -0.00188556 -0.00217966 -0.0021277 -0.00130824 -0.00148883 -0.0029816 -0.00344489 -0.00208804 -0.00248057 -0.00164268 -0.0022495 -0.00140325 -0.00191857 -0.00223646 -0.00170746 -0.00233449 -0.00167648 -0.00238771 -0.0016303 -0.00137801 -0.0016588 -0.00107434 -0.00184794 -0.00194376 -0.00109642 -0.0017097 -0.00165096 -0.00177466 -0.00159591 -0.00165005 -0.00185108 -0.00226465 -0.000917422 -0.00124523 -0.00153759 -0.00164928 -0.00219374 -0.000803109 -0.00183433 -0.00162695 -0.00200147 -0.0023034 -0.00176224 -0.00131802 -0.00185748 -0.00185739 -0.00179251 -0.00233135 -0.00256483 -0.00191048 -0.00128205 -0.00144345 -0.00137237 -0.00128583 -0.00105956 -0.00197494 -0.00142283 -0.00179037 -0.000809752 -0.00204449 -0.000970197 -0.00125525 -0.00162729 -0.00115407 -0.00180258 -0.00188228 -0.00169554 -0.00185071 -0.00148847 -0.00182163 -0.0012012 -0.00120446 -0.00165456 -0.00134207 -0.000826875 -0.00137166 -0.00193015 -0.00124596 -0.000803975 -0.00155674 
0.00208059 0.00291357 0.00278096 0.00221018 0.00261656 0.126931 0.00234678 0.00286645 0.00252512 0.00263416 0.00215763 -0.00185853 -0.000678785 -0.00181151 -0.00285538 -0.0018818 -0.00245134 -0.00259788 -0.0017802 -0.00287217 -0.0026057 -0.00197187 -0.001527 -0.000912513 -0.00164215 -0.0025061 -0.00247202 -0.00224693 -0.00252669 -0.0024585 -0.00219828 -0.00216112 -0.00209014 -0.00142649 -0.00156174 -0.00195664 -0.00187399 -0.00189905 -0.00153804 -0.00189159 -0.00206836 -0.00209281 -0.00169553 -0.00239462 -0.00130195 -0.00165777 -0.00158473 -0.00156356 -0.00121537 -0.00216879 -0.00198404 -0.000812735 -0.000785571 -0.000830598 -0.00112485 -0.000950635 -0.0010673 -0.000887482 -0.00212066 -0.00177766 -0.00208381 -0.000751462 -0.00222585 -0.00175114 -0.0021358 -0.00155266 -0.00145121 -0.00154084 -0.00134768 -0.00154892 -0.00191156 -0.00148848 -0.00160371 -0.000697781 -0.00235738 -0.00137066 -0.00120509 -0.00159002 -0.00193867 -0.0012916 -0.00171116 -0.00159068 -0.00163685 -0.00143517 -0.0018724 -0.00132905 -0.00193402 -0.00114353 -0.00175638 -0.00196476 -0.00151985 -0.00169196 -0.00207986 -0.00176437 -0.00149821 -0.00142398 -0.00158321 -0.00164623 -0.00112455 -0.0011734 
-0.00132611 0.00208716 0.00293579 0.00168656 0.00279859 0.00234678 0.124969 0.0025563 0.00252103 0.00198639 0.00235483 0.00196417 -0.00063185 -0.000995912 -0.00223587 -0.0018009 -0.00247376 -0.0014878 -0.00240759 -0.00185762 -0.00189083 -0.00153756 -0.00236368 -0.00180383 -0.0021426 -0.00199496 -0.00235689 -0.00165945 -0.00272845 -0.00187907 -0.00213838 -0.00134024 -0.0017163 -0.00212343 -0.00138667 -0.00189016 -0.00220577 -0.00176016 -0.00211018 -0.00128357 -0.000754234 -0.00202568 -0.00247215 -0.00277241 -0.00164147 -0.0021167 -0.00110495 -0.00253379 -0.00193581 -0.00184563 -0.0013747 -0.00103611 -0.0012674 -0.00177023 -0.00199533 -0.00162763 -0.00107145 -0.00188137 -0.00168489 -0.00260422 -0.00182689 -0.00192249 -0.000922853 -0.00175413 -0.00161754 -0.00140777 -0.0020314 -0.00109988 -0.00178575 -0.00118228 -0.00154679 -0.00176617 -0.00170709 -0.00155824 -0.00125126 -0.00159332 -0.00203884 -0.00108814 -0.00150365 -0.00127684 -0.0017523 -0.00154233 -0.00171691 -0.00192121 -0.00129099 -0.00126953 -0.00139721 -0.00246774 -0.00164009 -0.00181304 -0.0018818 -0.00151025 -0.000914471 -0.000944672 -0.00135255 -0.00109845 -0.000492762 -0.00124836 -0.000775042 -0.0012495 
-0.00115611 -0.00190396 0.00204789 0.00143224 0.00208786 0.00286645 0.0025563 0.128709 0.00262788 0.00255864 0.00256017 0.00237662 0.00301415 -0.000201535 -0.00228965 -0.000859999 -0.000712332 -0.00133801 -0.00238807 -0.00197967 -0.00223892 -0.00242077 -0.00203064 -0.00167551 -0.00205078 -0.00312646 -0.00201628 -0.00212796 -0.00177744 -0.00235569 -0.00113564 -0.00166664 -0.00216244 -0.00243883 -0.000943473 -0.00149704 -0.0013115 -0.001777 -0.00149657 -0.00224796 -0.000740852 -0.00200608 -0.00257842 -0.00193532 -0.00252396 -0.00164774 -0.00223969 -0.0017358 -0.00156933 -0.00158078 -0.00173555 -0.00149556 -0.000531029 -0.00185819 -0.00045373 -0.000816122 -0.00175961 -0.00183396 -0.00212778 -0.00270219 -0.00164096 -0.00185739 -0.00229926 -0.00190052 -0.00220174 -0.0014339 -0.00167535 -0.00134924 -0.00241669 -0.00221407 -0.00121707 -0.00160803 -0.00174274 -0.000906868 -0.0014843 -0.00208392 -0.00164047 -0.00122433 -0.00124693 -0.00214492 -0.00152481 -0.00221783 -0.0018235 -0.00154554 -0.00214491 -0.0012064 -0.00139635 -0.000744584 -0.00202055 -0.00196468 -0.00160622 -0.00162319 -0.00167715 -0.00137556 -0.00206815 -0.00189795 -0.00113346 -0.00238045 -0.00129115 -0.00170799 
-0.00178332 -0.0010528 -0.00154475 0.00153244 0.0015972 0.00252512 0.00252103 0.00262788 0.131123 0.00308373 0.00299468 0.00228138 0.00212547 0.00233301 -0.00182727 -0.0012011 -0.00201911 -0.00184237 -0.00122702 -0.00241833 -0.0018089 -0.00228878 -0.00259558 -0.00164318 -0.00253138 -0.00148314 -0.00247008 -0.00158492 -0.00219797 -0.00217711 -0.00236597 -0.00137716 -0.00213096 -0.00212212 -0.00176113 -0.00167985 -0.00183973 -0.00128734 -0.00157802 -0.00298851 -0.00162 -0.00271146 -0.00193797 -0.00273863 -0.00243613 -0.000957955 -0.00187887 -0.00135863 -0.00172142 -0.00203165 -0.00164934 -0.00159704 -0.00173031 -0.00142016 -0.0019753 -0.00149487 -0.00167086 -0.00176387 -0.00153472 -0.00135744 -0.00207484 -0.00198538 -0.00148276 -0.00162511 -0.00128331 -0.00248975 -0.0018102 -0.00177907 -0.00203987 -0.0017714 -0.0015349 -0.00164746 -0.00186173 -0.00101571 -0.00150199 -0.00118148 -0.00128549 -0.000892941 -0.00195341 -0.00136812 -0.00132087 -0.00230483 -0.00191431 -0.00156388 -0.00176773 -0.00205983 -0.00176523 -0.00122883 -0.00184816 -0.00209331 -0.00110774 -0.00110222 -0.00130539 -0.00130967 -0.00112716 -0.00203681 -0.00208236 -0.00129458 -0.00180511 -0.00070713 
-0.00177852 -0.000909405 -0.00199113 -0.0009634 0.00155668 0.00263416 0.00198639 0.00255864 0.00308373 0.125472 0.00343456 0.00194511 0.0032669 0.00242418 -0.000739572 -0.00102353 -0.00165242 -0.00145375 -0.00225617 -0.00246452 -0.00202607 -0.0021574 -0.00210648 -0.0022202 -0.00186883 -0.00249144 -0.00225907 -0.00138757 -0.00125287 -0.00156051 -0.00211244 -0.00191616 -0.00196563 -0.00122823 -0.00176186 -0.00111723 -0.00219396 -0.00170159 -0.00129711 -0.00223012 -0.00196304 -0.00171649 -0.00188447 -0.00246298 -0.00127713 -0.001983 -0.00291485 -0.00160237 -0.00189469 -0.00177419 -0.00105992 -0.00173881 -0.000857507 -0.00153947 -0.00155005 -0.00229188 -0.00218166 -0.000879914 -0.00179401 -0.00153818 -0.00198992 -0.00120531 -0.00171654 -0.0015732 -0.0018023 -0.00224307 -0.00212172 -0.00153858 -0.001501 -0.00168664 -0.00178978 -0.00120804 -0.00168688 -0.00142658 -0.0019133 -0.00196764 -0.00112417 -0.00103612 -0.00105016 -0.00103773 -0.00146345 -0.0012835 -0.00197253 -0.00150872 -0.00220091 -0.00141566 -0.000583346 -0.00194891 -0.00165881 -0.001457 -0.00149553 -0.0012313 -0.00147035 -0.00109559 -0.0012413 -0.00208392 -0.00152355 -0.00213981 -0.000820279 -0.00115727 
-0.00148629 -0.00102842 -0.00129688 -0.00135095 -0.00257952 0.00215763 0.00235483 0.00256017 0.00299468 0.00343456 0.133801 0.00280751 0.00266874 0.00343878 0.0030648 0.00310605 -0.00135489 -0.00128479 -0.0013234 -0.00233944 -0.00169457 -0.00194776 -0.0018681 -0.00255712 -0.00204261 -0.00268449 -0.00192467 -0.00147446 -0.00261703 -0.00290986 -0.00169108 -0.00164287 -0.00192683 -0.00211617 -0.00255866 -0.00238192 -0.00188511 -0.00218803 -0.00167342 -0.00249094 -0.00231916 -0.0021115 -0.00115521 -0.00204736 -0.00239508 -0.00201931 -0.0015212 -0.00141988 -0.00210836 -0.00173586 -0.00199661 -0.00114722 -0.00195755 -0.00239591 -0.00177532 -0.00221851 -0.00222036 -0.00178049 -0.00206014 -0.00146115 -0.00208493 -0.00133678 -0.00187918 -0.00161962 -0.00162773 -0.00174832 -0.00181612 -0.00139188 -0.00163615 -0.00114987 -0.00154958 -0.00190235 -0.00189674 -0.00182781 -0.00219858 -0.00186306 -0.00113635 -0.00100714 -0.00202701 -0.001532 -0.00181199 -0.00173474 -0.00196725 -0.00181069 -0.00152227 -0.00126781 -0.00178413 -0.0016821 -0.00115394 -0.00181575 -0.00212041 -0.00206646 -0.00115854 -0.00144247 -0.00176401 -0.00249899 -0.00197463 -0.00178713 -0.00169438 -0.00193332 
-0.00144388 -0.00128389 -0.00151272 -0.0017079 -0.000709968 -0.00185853 0.00196417 0.00237662 0.00228138 0.00194511 0.00280751 0.133572 0.00285025 0.00181801 0.0017902 0.00141058 0.0025677 -0.00137987 -0.0016197 -0.00249973 -0.00140899 -0.00190388 -0.00242575 -0.00161644 -0.00220674 -0.00243969 -0.002267 -0.00207705 -0.00194917 -0.00205925 -0.00254182 -0.00162036 -0.00194153 -0.00131857 -0.00115345 -0.00296423 -0.00209951 -0.00248718 -0.0016129 -0.002695 -0.00124007 -0.00157729 -0.00172281 -0.00242818 -0.001703 -0.0019371 -0.0021219 -0.00181738 -0.002272 -0.00171548 -0.00135422 -0.00179273 -0.00144525 -0.00139298 -0.00211416 -0.00182309 -0.00156521 -0.00156565 -0.00230249 -0.0023257 -0.00219924 -0.00188628 -0.00189142 -0.000874882 -0.0019404 -0.00178779 -0.00121132 -0.00154669 -0.0017909 -0.00157218 -0.00112947 -0.00162043 -0.00133687 -0.00177149 -0.00150369 -0.000632761 -0.00183518 -0.00186002 -0.00170785 -0.00123546 -0.00169147 -0.00129447 -0.0016996 -0.00226711 -0.00168699 -0.00106646 -0.00177107 -0.00185639 -0.00130533 -0.00192987 -0.0017202 -0.00141414 -0.00112706 -0.00118054 -0.00180788 -0.00264673 -0.00191566 -0.00146481 -0.000868901 -0.00231279 
-0.00146607 -0.00202752 -0.000673951 -0.00184771 -0.00132994 -0.000678785 -0.00063185 0.00301415 0.00212547 0.0032669 0.00266874 0.00285025 0.136216 0.00259418 0.00240199 0.00260427 0.00282729 -0.0013896 -0.00211747 -0.00151341 -0.00257139 -0.00197175 -0.0028829 -0.00303705 -0.00227991 -0.00242138 -0.00237486 -0.00155379 -0.00310432 -0.0018367 -0.00259306 -0.00223289 -0.00307261 -0.00230612 -0.00266392 -0.0020293 -0.00110598 -0.00200434 -0.00112731 -0.00229407 -0.00185391 -0.00157058 -0.00237701 -0.00258903 -0.00154442 -0.00184007 -0.00169792 -0.000912488 -0.00199523 -0.00227683 -0.00144049 -0.00170481 -0.00188302 -0.00142636 -0.00183423 -0.00199965 -0.00215976 -0.000745028 -0.00127851 -0.00215473 -0.00185177 -0.0018323 -0.00204653 -0.0020179 -0.00147215 -0.00142928 -0.00147408 -0.00148594 -0.00116573 -0.00199071 -0.00152283 -0.00190563 -0.00168574 -0.0021158 -0.00133313 -0.00128807 -0.00204026 -0.00153573 -0.0019269 -0.00223758 -0.00199279 -0.000874574 -0.00150796 -0.000992015 -0.00181305 -0.00232179 -0.00197357 -0.001477 -0.00180831 -0.00143797 -0.00222031 -0.00127338 -0.00172775 -0.0012451 -0.00107517 -0.00186348 -0.0014875 -0.00148671 -0.00227356 -0.000935179 
-0.00188426 -0.00154143 -0.00116051 -0.00223188 -0.0015161 -0.00181151 -0.000995912 -0.000201535 0.00233301 0.00242418 0.00343878 0.00181801 0.00259418 0.137956 0.00281832 0.00330558 0.00312794 0.00272121 0.0027869 -0.00175631 -0.00231444 -0.00241498 -0.00170092 -0.00246592 -0.00134506 -0.00185883 -0.00216559 -0.00164597 -0.00237744 -0.00265492 -0.00296644 -0.00263562 -0.00249705 -0.00220906 -0.00293408 -0.00218312 -0.00229252 -0.00201764 -0.00149679 -0.00219712 -0.00238751 -0.00241152 -0.00219352 -0.00219292 -0.00217859 -0.00232622 -0.00150188 -0.00149403 -0.00112447 -0.00211927 -0.00138955 -0.00261183 -0.00070517 -0.00149794 -0.00162325 -0.00179598 -0.00112057 -0.00201166 -0.00131528 -0.00121194 -0.00145715 -0.00215812 -0.00156683 -0.00222876 -0.0025491 -0.00154362 -0.00201816 -0.00168206 -0.00141379 -0.00204652 -0.00117314 -0.00172433 -0.00297985 -0.00241871 -0.00173135 -0.00215788 -0.00164121 -0.00186689 -0.00234177 -0.00214885 -0.00193973 -0.00200021 -0.00174148 -0.00166798 -0.00255887 -0.00154058 -0.00150304 -0.00188246 -0.00127673 -0.000910162 -0.00144557 -0.00203147 -0.000972288 -0.00230754 -0.00137541 -0.00149769 -0.00180893 -0.00164867 -0.00175224 -0.00192855 
-0.00189256 -0.00274043 -0.00180428 -0.00241842 -0.0021901 -0.00285538 -0.00223587 -0.00228965 -0.00182727 -0.000739572 0.0030648 0.0017902 0.00240199 0.00281832 0.140395 0.00310665 0.00272671 0.00260252 0.00343546 0.0022019 -0.0011192 -0.00107348 -0.00182463 -0.00246631 -0.00167304 -0.00185112 -0.00245237 -0.00200017 -0.00261474 -0.00210842 -0.00201407 -0.00254609 -0.00210796 -0.00194513 -0.00165757 -0.00118418 -0.00189895 -0.00133793 -0.00203166 -0.00271834 -0.00148215 -0.00145881 -0.00197223 -0.00192157 -0.00161075 -0.00212083 -0.00213974 -0.00133249 -0.00244294 -0.00164065 -0.00171958 -0.00198647 -0.00206286 -0.00149919 -0.00222869 -0.0020204 -0.00163419 -0.00235706 -0.00136125 -0.00145084 -0.00184717 -0.00185939 -0.0014594 -0.00219867 -0.00101265 -0.000968102 -0.00137992 -0.00208603 -0.00167962 -0.000601576 -0.00130803 -0.00145991 -0.00143842 -0.00150465 -0.00199554 -0.00216435 -0.000789561 -0.00187752 -0.00322504 -0.00215566 -0.00121442 -0.00175305 -0.00253129 -0.00137084 -0.00195102 -0.00127078 -0.00172528 -0.00220533 -0.00151549 -0.00247255 -0.00109976 -0.00233521 -0.000801852 -0.00153208 -0.002249 -0.00206128 -0.0022848 -0.00186755 -0.00163951 -0.00158982 
-0.00228437 -0.00313987 -0.00209376 -0.0014198 -0.00212658 -0.0018818 -0.0018009 -0.000859999 -0.0012011 -0.00102353 0.00310605 0.00141058 0.00260427 0.00330558 0.00310665 0.139501 0.00394634 0.00305259 0.00258705 0.00325875 -0.0014771 -0.0026223 -0.00221167 -0.00288407 -0.00182481 -0.00284874 -0.00293729 -0.00225179 -0.00135427 -0.00289059 -0.00203806 -0.00259627 -0.00146962 -0.00136312 -0.00250237 -0.00214316 -0.00162558 -0.00165903 -0.00224483 -0.00189112 -0.00128884 -0.00298576 -0.00107926 -0.00256982 -0.00164272 -0.00163369 -0.00220313 -0.00186917 -0.00124379 -0.0012457 -0.00213807 -0.00199879 -0.00163428 -0.00149264 -0.00152298 -0.00164706 -0.0015633 -0.00182235 -0.00101124 -0.00194635 -0.00193428 -0.00141857 -0.00216655 -0.00217695 -0.00104939 -0.000800734 -0.0016932 -0.00185215 -0.00115173 -0.00160367 -0.00134331 -0.00112403 -0.00201007 -0.00181247 -0.00136513 -0.00120028 -0.00138509 -0.0014417 -0.00192366 -0.00209693 -0.00212794 -0.00245854 -0.00159258 -0.0020924 -0.00233632 -0.00168513 -0.0022033 -0.00154269 -0.00242717 -0.00186092 -0.00135937 -0.00194706 -0.00155116 -0.00143879 -0.00201912 -0.00252202 -0.00165706 -0.00246595 -0.00240532 -0.00142923 
-0.00243315 -0.00195726 -0.00174688 -0.0021673 -0.00181829 -0.00245134 -0.00247376 -0.000712332 -0.00201911 -0.00165242 -0.00135489 0.0025677 0.00282729 0.00312794 0.00272671 0.00394634 0.146148 0.00333701 0.00209185 0.00227528 0.00278881 0.00331312 -0.00211944 -0.00225487 -0.0019462 -0.00232522 -0.00270111 -0.00255537 -0.00206734 -0.00205007 -0.00274582 -0.00213575 -0.00105267 -0.00226988 -0.0017304 -0.00289223 -0.00207462 -0.00288111 -0.00260618 -0.00223708 -0.00215086 -0.00210898 -0.00229858 -0.00205751 -0.00245432 -0.00186708 -0.00251968 -0.00207028 -0.00251256 -0.00179915 -0.00168533 -0.00178659 -0.00256589 -0.00151083 -0.00257073 -0.00253226 -0.00199744 -0.00183669 -0.00152951 -0.00199813 -0.00161746 -0.00148413 -0.00166961 -0.00193178 -0.00097907 -0.00127364 -0.00180336 -0.00247478 -0.00143249 -0.00235374 -0.00105601 -0.0015081 -0.00144179 -0.00130713 -0.00259013 -0.00153034 -0.00180409 -0.00204986 -0.00142023 -0.00223901 -0.00153464 -0.00184215 -0.0018202 -0.00203765 -0.00159636 -0.00230706 -0.00214721 -0.00186708 -0.00188152 -0.00154082 -0.0019919 -0.00204519 -0.00122616 -0.00210959 -0.00232539 -0.00193251 -0.00158976 -0.00237316 -0.00224856 -0.00148143 
-0.00244403 -0.00231602 -0.00168545 -0.00193438 -0.00196854 -0.00259788 -0.0014878 -0.00133801 -0.00184237 -0.00145375 -0.00128479 -0.00137987 -0.0013896 0.00272121 0.00260252 0.00305259 0.00333701 0.146309 0.00455812 0.00285313 0.00335374 0.00259529 0.0034619 -0.0015316 -0.00097729 -0.00169684 -0.00254213 -0.00291745 -0.00201107 -0.00267465 -0.00223504 -0.00314375 -0.00214999 -0.00219872 -0.00227988 -0.00200769 -0.0015991 -0.00109788 -0.00241587 -0.00201577 -0.00174946 -0.00231405 -0.00205092 -0.00185849 -0.00308283 -0.00231133 -0.00259483 -0.00199836 -0.00255156 -0.00263026 -0.00181537 -0.00163279 -0.00185531 -0.000582922 -0.000986136 -0.00265731 -0.00130272 -0.00252427 -0.00109574 -0.0024648 -0.00174648 -0.00219125 -0.00211208 -0.00214254 -0.00120511 -0.00202741 -0.00159756 -0.00167074 -0.000917189 -0.00269979 -0.00158854 -0.00229678 -0.00130581 -0.00245975 -0.00126507 -0.000735997 -0.00140537 -0.00247069 -0.00199492 -0.00195284 -0.00196465 -0.00162266 -0.00142003 -0.00216883 -0.00250959 -0.00204004 -0.00162193 -0.00231488 -0.00178309 -0.00224858 -0.00158507 -0.00170649 -0.0022639 -0.00158967 -0.00195682 -0.00215369 -0.00261036 -0.00246846 -0.00199466 -0.00235827 
-0.00164478 -0.00191582 -0.00179302 -0.00247105 -0.000492337 -0.0017802 -0.00240759 -0.00238807 -0.00122702 -0.00225617 -0.0013234 -0.0016197 -0.00211747 0.0027869 0.00343546 0.00258705 0.00209185 0.00455812 0.142327 0.0024684 0.0022531 0.00233244 0.00363608 -0.00131267 -0.00251336 -0.00220268 -0.00225532 -0.00227599 -0.00254947 -0.00255786 -0.00152192 -0.00219601 -0.00238529 -0.00150803 -0.00252818 -0.00162836 -0.0013602 -0.00151166 -0.00144361 -0.00250335 -0.00159931 -0.00195373 -0.00201622 -0.00262061 -0.00210322 -0.00251332 -0.00288716 -0.00205125 -0.00171185 -0.00204811 -0.00273765 -0.00196325 -0.0019849 -0.00113691 -0.00162687 -0.000978306 -0.00113344 -0.00203518 -0.00160559 -0.00111472 -0.00168436 -0.00181392 -0.00170902 -0.00261748 -0.000745082 -0.000150602 -0.00240007 -0.00160783 -0.00239172 -0.00166889 -0.00279336 -0.00145626 -0.00185514 -0.00222736 -0.00154511 -0.00178526 -0.0013849 -0.00226797 -0.00207449 -0.00166367 -0.00158692 -0.00145411 -0.00227538 -0.00166013 -0.00200984 -0.0019973 -0.00113269 -0.00148124 -0.0022717 -0.00259357 -0.00131045 -0.00196829 -0.0021545 -0.0025454 -0.00180652 -0.00172969 -0.00210371 -0.0011393 -0.00212858 -0.00177282 
-0.00197701 -0.00121098 -0.00215746 -0.00257646 -0.00130823 -0.00287217 -0.00185762 -0.00197967 -0.00241833 -0.00246452 -0.00233944 -0.00249973 -0.00151341 -0.00175631 0.0022019 0.00325875 0.00227528 0.00285313 0.0024684 0.151009 0.00335411 0.0022757 0.00219297 0.00142956 0.00240586 -0.00165265 -0.00300736 -0.00140659 -0.0019802 -0.00276533 -0.00173776 -0.00256905 -0.00271781 -0.00213843 -0.00155618 -0.0018566 -0.00189922 -0.00258152 -0.0024663 -0.00206313 -0.00199761 -0.00304411 -0.00205474 -0.00170944 -0.00250957 -0.000763747 -0.00249988 -0.00171754 -0.00199821 -0.00115147 -0.000952295 -0.00167216 -0.00114047 -0.00207544 -0.00102397 -0.0019907 -0.00197043 -0.00212287 -0.000936025 -0.00145207 -0.000845748 -0.0012771 -0.0014781 -0.00152215 -0.00157308 -0.00103109 -0.00239505 -0.00206575 -0.00147941 -0.00274858 -0.00163398 -0.00239302 -0.00170553 -0.00179307 -0.00229588 -0.00241219 -0.00133156 -0.00256907 -0.00355511 -0.00216072 -0.00176199 -0.00221774 -0.00249777 -0.00199892 -0.00215434 -0.0022175 -0.00198378 -0.00187526 -0.00202497 -0.0032114 -0.00167835 -0.0016899 -0.00159325 -0.00140241 -0.00203255 -0.00290704 -0.00195398 -0.00259688 -0.00219746 -0.00135097 
-0.00256529 -0.00226122 -0.00142154 -0.00271268 -0.00188556 -0.0026057 -0.00189083 -0.00223892 -0.0018089 -0.00202607 -0.00169457 -0.00140899 -0.00257139 -0.00231444 -0.0011192 -0.0014771 0.00278881 0.00335374 0.0022531 0.00335411 0.149429 0.00383417 0.00343154 0.00309103 0.00287535 0.00307145 -0.00175508 -0.00197692 -0.00128959 -0.00149481 -0.00243894 -0.0021593 -0.00179724 -0.00157501 -0.00182276 -0.00164956 -0.00232617 -0.00192317 -0.00151729 -0.00197465 -0.00299386 -0.00138031 -0.00188084 -0.00109794 -0.00306167 -0.00239851 -0.00255667 -0.00224494 -0.0022527 -0.00256517 -0.00234975 -0.00206912 -0.00276378 -0.00172545 -0.00192708 -0.00196308 -0.00183497 -0.00198261 -0.0017361 -0.00208452 -0.000729243 -0.00230576 -0.00154107 -0.00197047 -0.00172302 -0.00141286 -0.00225822 -0.0021833 -0.00128852 -0.00153221 -0.00221131 -0.00240939 -0.00209852 -0.00167263 -0.00186246 -0.00194223 -0.00128078 -0.00256111 -0.0022497 -0.00241026 -0.00215201 -0.00187266 -0.00186584 -0.0019843 -0.00215468 -0.00212376 -0.00185625 -0.00134327 -0.00195363 -0.00133228 -0.00199532 -0.00247736 -0.00177175 -0.0026277 -0.00218544 -0.00208787 -0.00228912 -0.0017345 -0.00182017 -0.00163908 
-0.00144879 -0.00173329 -0.0015052 -0.00141656 -0.00217966 -0.00197187 -0.00153756 -0.00242077 -0.00228878 -0.0021574 -0.00194776 -0.00190388 -0.00197175 -0.00241498 -0.00107348 -0.0026223 0.00331312 0.00259529 0.00233244 0.0022757 0.00383417 0.142157 0.00268636 0.00150262 0.00178579 0.00217973 -0.00156137 -0.00229151 -0.00133798 -0.00221681 -0.00141446 -0.00210197 -0.00215078 -0.00138423 -0.00148691 -0.00284629 -0.00267823 -0.00204062 -0.00302206 -0.00148948 -0.00256038 -0.00147449 -0.0021961 -0.00265412 -0.00205032 -0.00188999 -0.00137467 -0.00173203 -0.0018392 -0.00162196 -0.00278864 -0.00134922 -0.00225166 -0.00142371 -0.00113287 -0.00180493 -0.00145358 -0.00196553 -0.00215316 -0.00248551 -0.00203629 -0.00183436 -0.00054635 -0.00198666 -0.000871821 -0.00142872 -0.00149399 -0.00214171 -0.00263462 -0.00114483 -0.00188564 -0.00193053 -0.00191733 -0.00122329 -0.0015753 -0.00130675 -0.00166686 -0.00152264 -0.00210713 -0.00232855 -0.00155919 -0.00144834 -0.0024121 -0.0026841 -0.00205127 -0.00239033 -0.00202039 -0.00153465 -0.00146458 -0.00102425 -0.0019083 -0.000906232 -0.00215384 -0.00113217 -0.00205797 -0.00130254 -0.00172786 -0.000670113 -0.00236474 -0.00144658 
-0.00195736 -0.00172203 -0.00219558 -0.00191686 -0.0021277 -0.001527 -0.00236368 -0.00203064 -0.00259558 -0.00210648 -0.0018681 -0.00242575 -0.0028829 -0.00170092 -0.00182463 -0.00221167 -0.00211944 0.0034619 0.00363608 0.00219297 0.00343154 0.00268636 0.142103 0.00372934 0.00193792 0.00371828 0.00209195 -0.00143681 -0.00062525 -0.00206611 -0.00126323 -0.0019643 -0.00146987 -0.00106323 -0.00228229 -0.00170095 -0.0014621 -0.00281608 -0.00205054 -0.00163503 -0.000711062 -0.00210454 -0.00211687 -0.00133133 -0.00160138 -0.001433 -0.000744638 -0.00221306 -0.00158239 -0.0013813 -0.00130092 -0.00202775 -0.0015517 -0.00103718 -0.00125194 -0.00179136 -0.00215501 -0.00238696 -0.00182988 -0.00203326 -0.00166258 -0.0020985 -0.00175476 -0.00297922 -0.00222676 -0.00134009 -0.0026513 -0.00178266 -0.000989569 -0.00104711 -0.00257343 -0.00216328 -0.00172593 -0.00149242 -0.00224711 -0.0012741 -0.00134761 -0.00237929 -0.00277922 -0.00187796 -0.0025583 -0.00110978 -0.00240401 -0.00177037 -0.00269359 -0.00212372 -0.0018946 -0.00210584 -0.00203115 -0.0020379 -0.00143907 -0.00212257 -0.00246521 -0.0027004 -0.00174971 -0.00134842 -0.00220913 -0.0018277 -0.00188156 -0.00212603 
-0.00116561 -0.00213718 -0.0012712 -0.000884655 -0.00130824 -0.000912513 -0.00180383 -0.00167551 -0.00164318 -0.0022202 -0.00255712 -0.00161644 -0.00303705 -0.00246592 -0.00246631 -0.00288407 -0.00225487 -0.0015316 -0.00131267 0.00142956 0.00309103 0.00150262 0.00372934 0.141547 0.0028552 0.00308643 0.00151397 0.00268314 -0.000960052 -0.00202862 -0.00246268 -0.00154339 -0.00151667 -0.00210039 -0.00179277 -0.000801374 -0.0016159 -0.0019423 -0.00236028 -0.00158497 -0.00147713 -0.00126413 -0.00221873 -0.00194494 -0.00277202 -0.00162699 -0.00181521 -0.00172988 -0.00291548 -0.00230043 -0.00107702 -0.00140269 -0.00197444 -0.00123263 -0.00269713 -0.0020877 -0.00183406 -0.00123573 -0.00247365 -0.00221281 -0.00270983 -0.0022308 -0.00184229 -0.00164547 -0.00168934 -0.00143024 -0.00222964 -0.00168632 -0.00174036 -0.00195088 -0.00166039 -0.00165467 -0.00198407 -0.00149865 -0.00132268 -0.00181995 -0.00134784 -0.00092081 -0.00171834 -0.00273415 -0.00104863 -0.00189925 -0.00180216 -0.0020234 -0.0023532 -0.00153394 -0.00138052 -0.00085 -0.000539338 -0.00173643 -0.00156567 -0.00104323 -0.00207073 -0.00116033 -0.00208444 -0.00107872 -0.00132736 -0.00184657 -0.00201481 -0.00211203 
-0.00265249 -0.00215121 -0.00140045 -0.00210046 -0.00148883 -0.00164215 -0.0021426 -0.00205078 -0.00253138 -0.00186883 -0.00204261 -0.00220674 -0.00227991 -0.00134506 -0.00167304 -0.00182481 -0.0019462 -0.00097729 -0.00251336 0.00240586 0.00287535 0.00178579 0.00193792 0.0028552 0.139789 0.003796 0.00237015 0.00313337 0.00353018 0.0024798 -0.00237027 -0.00177001 -0.00140758 -0.00145497 -0.00237517 -0.0017953 -0.00144094 -0.00243894 -0.00126228 -0.000945667 -0.002536 -0.00215963 -0.000828276 -0.00194017 -0.00131798 -0.00199543 -0.00130795 -0.00106149 -0.00186751 -0.00241489 -0.00241961 -0.0010963 -0.00167044 -0.00256984 -0.00155021 -0.0014735 -0.00179926 -0.00147905 -0.00219863 -0.00199799 -0.00202018 -0.0018798 -0.00168899 -0.00225545 -0.00196865 -0.00213537 -0.00181844 -0.00206321 -0.00221095 -0.00136588 -0.00211968 -0.002313 -0.00138257 -0.00226331 -0.00108936 -0.00186774 -0.00153293 -0.00238245 -0.00165094 -0.00221039 -0.00203864 -0.00185298 -0.00123026 -0.00245002 -0.00240069 -0.00161839 -0.00202296 -0.00257526 -0.00193118 -0.00240032 -0.00106957 -0.000909163 -0.00178652 -0.00288439 -0.00188953 -0.00252684 -0.00195578 -0.00240944 -0.00118233 -0.00182151 
-0.0030581 -0.00172012 -0.00267831 -0.00234621 -0.0029816 -0.0025061 -0.00199496 -0.00312646 -0.00148314 -0.00249144 -0.00268449 -0.00243969 -0.00242138 -0.00185883 -0.00185112 -0.00284874 -0.00232522 -0.00169684 -0.00220268 -0.00165265 0.00307145 0.00217973 0.00371828 0.00308643 0.003796 0.146484 0.00362313 0.00279665 0.00377627 0.00182632 0.00283662 -0.00119258 -0.000864782 -0.00198304 -0.00221007 -0.000928318 -0.00179661 -0.00224671 -0.00188528 -0.00156197 -0.0024392 -0.00114732 -0.00247052 -0.00130276 -0.00160265 -0.00290341 -0.0018064 -0.0018965 -0.00172652 -0.000820024 -0.0025655 -0.00189629 -0.0014272 -0.00151629 -0.00308409 -0.00225928 -0.00155179 -0.00165645 -0.00165789 -0.00140929 -0.00126627 -0.00170851 -0.00173798 -0.00174478 -0.00233149 -0.00218892 -0.00171598 -0.00256097 -0.00126091 -0.00181005 -0.0027742 -0.00263649 -0.00231077 -0.00263063 -0.00129157 -0.00135968 -0.00144138 -0.00168129 -0.00183773 -0.00105248 -0.00207943 -0.00170294 -0.00245574 -0.00250646 -0.00277918 -0.00289923 -0.00287569 -0.00167578 -0.00202034 -0.00101679 -0.00134019 -0.0024134 -0.00220304 -0.00231671 -0.000925252 -0.00177431 -0.00284832 -0.00200714 -0.00200813 -0.00182748 
-0.00161532 -0.00206251 -0.00203801 -0.0007374 -0.00344489 -0.00247202 -0.00235689 -0.00201628 -0.00247008 -0.00225907 -0.00192467 -0.002267 -0.00237486 -0.00216559 -0.00245237 -0.00293729 -0.00270111 -0.00254213 -0.00225532 -0.00300736 -0.00175508 -0.00156137 0.00209195 0.00151397 0.00237015 0.00362313 0.143625 0.00422271 0.00345656 0.0029045 0.00285233 0.0017202 -0.00140859 -0.00117945 -0.00196683 -0.0022055 -0.00211849 -0.00185586 -0.0022985 -0.00202554 -0.00220888 -0.00249761 -0.00223756 -0.00132173 -0.00214818 -0.00285192 -0.00136633 -0.00134474 -0.00249145 -0.000915734 -0.00156913 -0.00181144 -0.00204816 -0.00228953 -0.00286562 -0.00162301 -0.00215773 -0.00195921 -0.00235866 -0.000786323 -0.00114495 -0.00241913 -0.00102859 -0.000694228 -0.00229944 -0.00152857 -0.00232794 -0.0019866 -0.00213465 -0.00156487 -0.00230622 -0.00120164 -0.00210254 -0.00134006 -0.000901737 -0.00127549 -0.00192417 -0.00177962 -0.00202633 -0.00187876 -0.00165429 -0.00130373 -0.00177742 -0.00154084 -0.000915452 -0.00160407 -0.00180863 -0.00255014 -0.00137831 -0.0024092 -0.00120332 -0.00122848 -0.00173099 -0.00203914 -0.00143376 -0.0008978 -0.00126348 -0.0010309 -0.00236357 -0.00105267 
-0.0013403 -0.00225059 -0.00193257 -0.000911196 -0.00208804 -0.00224693 -0.00165945 -0.00212796 -0.00158492 -0.00138757 -0.00147446 -0.00207705 -0.00155379 -0.00164597 -0.00200017 -0.00225179 -0.00255537 -0.00291745 -0.00227599 -0.00140659 -0.00197692 -0.00229151 -0.00143681 0.00268314 0.00313337 0.00279665 0.00422271 0.13995 0.00396892 0.00281919 0.00388552 0.00164425 0.00287871 -0.00180953 -0.00160178 -0.00103051 -0.000904801 -0.00182029 -0.00148768 -0.00142014 -0.00185845 -0.00149576 -0.00199079 -0.000479388 -0.00209607 -0.0016357 -0.00247101 -0.00104948 -0.000953179 -0.00137245 -0.00154546 -0.00197674 -0.00122566 -0.00187131 -0.0024559 -0.00262531 -0.00348821 -0.0016456 -0.00263833 -0.00195191 -0.00206343 -0.0020906 -0.00129536 -0.00213934 -0.00221966 -0.00274964 -0.00181813 -0.00138904 -0.00163736 -0.0019117 -0.00172943 -0.00129955 -0.00173989 -0.00159142 -0.00122717 -0.0020777 -0.00189641 -0.00213663 -0.00234123 -0.00251333 -0.00198761 -0.00261785 -0.00227499 -0.0026992 -0.0023128 -0.00146238 -0.00172174 -0.00168028 -0.001375 -0.00137047 -0.00210481 -0.00173606 -0.00182919 -0.00225349 -0.00161555 -0.00218775 -0.00225433 -0.00137249 -0.00294871 -0.0020156 
-0.00234982 -0.00193373 -0.0017875 -0.00169951 -0.00248057 -0.00252669 -0.00272845 -0.00177744 -0.00219797 -0.00125287 -0.00261703 -0.00194917 -0.00310432 -0.00237744 -0.00261474 -0.00135427 -0.00206734 -0.00201107 -0.00254947 -0.0019802 -0.00128959 -0.00133798 -0.00062525 -0.000960052 0.00353018 0.00377627 0.00345656 0.00396892 0.136809 0.0020889 0.00286284 0.00373235 0.00334935 0.00108325 -0.00109467 -0.000787337 -0.00156438 -0.00137272 -0.0025686 -0.00190926 -0.00166406 -0.00183352 -0.00150139 -0.00139664 -0.0019608 -0.00195547 -0.00217639 -0.00124628 -0.00136759 -0.00188259 -0.00117293 -0.00249323 -0.00196854 -0.00190438 -0.0028164 -0.0023533 -0.00238119 -0.00176846 -0.00258609 -0.0023196 -0.0014435 -0.0017585 -0.00123659 -0.00163341 -0.00168058 -0.00191874 -0.00200409 -0.00145712 -0.000882781 -0.00173882 -0.00171956 -0.00174566 -0.00149354 -0.00185356 -0.000839519 -0.00192333 -0.00175715 -0.00164149 -0.00195752 -0.00153758 -0.00231846 -0.00193915 -0.00150454 -0.00209097 -0.000927621 -0.00122825 -0.00113408 -0.00248757 -0.000924612 -0.00223108 -0.00219082 -0.00223193 -0.00169692 -0.00197936 -0.00197968 -0.00212049 -0.00265036 -0.00152369 -0.000910582 -0.00274597 
-0.00110459 -0.00184789 -0.0014016 -0.00150261 -0.00164268 -0.0024585 -0.00187907 -0.00235569 -0.00217711 -0.00156051 -0.00290986 -0.00205925 -0.0018367 -0.00265492 -0.00210842 -0.00289059 -0.00205007 -0.00267465 -0.00255786 -0.00276533 -0.00149481 -0.00221681 -0.00206611 -0.00202862 0.0024798 0.00182632 0.0029045 0.00281919 0.0020889 0.142095 0.00244237 0.00175548 0.00157359 0.00175159 -0.001386 -0.0014208 -0.00237413 -0.00175907 -0.00112718 -0.00238889 -0.00193639 -0.00160217 -0.00154785 -0.00202971 -0.00213732 -0.00226132 -0.00181208 -0.00082634 -0.000957215 -0.000788765 -0.00153781 -0.00167369 -0.00181429 -0.00242362 -0.00177229 -0.0021518 -0.00193803 -0.00171786 -0.00138 -0.00127161 -0.00141263 -0.00213397 -0.0012011 -0.00183126 -0.00245971 -0.00152627 -0.00202594 -0.00145892 -0.002021 -0.00244221 -0.00210609 -0.00140276 -0.000866348 -0.00144263 -0.00113898 -0.00175149 -0.000889978 -0.00216355 -0.00168891 -0.00174115 -0.00161179 -0.00155201 -0.00222341 -0.0007089 -0.00108936 -0.0024848 -0.00167973 -0.00155286 -0.0010271 -0.00158354 -0.00159102 -0.00138813 -0.00144073 -0.00136349 -0.00160832 -0.00244905 -0.00237463 -0.00161446 -0.00212035 -0.00228793 
-0.00228891 -0.00171597 -0.001711 -0.00247983 -0.0022495 -0.00219828 -0.00213838 -0.00113564 -0.00236597 -0.00211244 -0.00169108 -0.00254182 -0.00259306 -0.00296644 -0.00201407 -0.00203806 -0.00274582 -0.00223504 -0.00152192 -0.00173776 -0.00243894 -0.00141446 -0.00126323 -0.00246268 -0.00237027 0.00283662 0.00285233 0.00388552 0.00286284 0.00244237 0.13702 0.0034906 0.00240458 0.00300814 0.00271672 0.00241482 -0.00104771 -0.000767242 -0.00144816 -0.00155888 -0.00231633 -0.000989035 -0.00271603 -0.00302498 -0.00096526 -0.00104485 -0.00134781 -0.0021666 -0.00149285 -0.000551999 -0.00178857 -0.00102596 -0.00170567 -0.00201555 -0.00171645 -0.00199553 -0.00230021 -0.00247342 -0.00119355 -0.00219213 -0.00206775 -0.00257783 -0.00172657 -0.00146623 -0.00214721 -0.00164256 -0.00120692 -0.00175504 -0.00180123 -0.00189888 -0.00141859 -0.00221493 -0.00114487 -0.00241599 -0.000352468 -0.00165615 -0.00216584 -0.00189813 -0.00161499 -0.00214548 -0.00211922 -0.00222323 -0.00216619 -0.00160003 -0.00270651 -0.00183489 -0.00164249 -0.00304479 -0.00158504 -0.00156289 -0.00202063 -0.00195051 -0.00195438 -0.00120746 -0.00224586 -0.00154829 -0.00140144 -0.0018543 -0.00168447 -0.00198873 
-0.00173365 -0.00213229 -0.0011976 -0.00200682 -0.00140325 -0.00216112 -0.00134024 -0.00166664 -0.00137716 -0.00191616 -0.00164287 -0.00162036 -0.00223289 -0.00263562 -0.00254609 -0.00259627 -0.00213575 -0.00314375 -0.00219601 -0.00256905 -0.0021593 -0.00210197 -0.0019643 -0.00154339 -0.00177001 -0.00119258 0.0017202 0.00164425 0.00373235 0.00175548 0.0034906 0.132008 0.00272597 0.00293705 0.00261303 0.00238355 0.00173995 -0.00143643 -0.00120153 -0.00121746 -0.00186739 -0.00090981 -0.00215293 -0.00145369 -0.00222494 -0.00198037 -0.0024958 -0.00225204 -0.00101674 -0.0020698 -0.00183481 -0.00135167 -0.000804178 -0.00236345 -0.00253409 -0.00180731 -0.00290193 -0.00141141 -0.00242892 -0.00121829 -0.00189693 -0.00213535 -0.00172305 -0.00145614 -0.00122318 -0.00196575 -0.00138632 -0.00210471 -0.00121385 -0.000910172 -0.00160834 -0.00167857 -0.0010116 -0.000949266 -0.00196612 -0.00234728 -0.00150172 -0.00179529 -0.001612 -0.00183284 -0.00138261 -0.0019626 -0.00221409 -0.00144616 -0.00150828 -0.00215025 -0.00173209 -0.00120347 -0.00156502 -0.00164292 -0.000937362 -0.00159027 -0.00186985 -0.00159019 -0.00150735 -0.00128036 -0.00222103 -0.00144576 -0.00171657 -0.00154555 
-0.0023371 -0.00170928 -0.00126481 -0.00157764 -0.00191857 -0.00209014 -0.0017163 -0.00216244 -0.00213096 -0.00196563 -0.00192683 -0.00194153 -0.00307261 -0.00249705 -0.00210796 -0.00146962 -0.00105267 -0.00214999 -0.00238529 -0.00271781 -0.00179724 -0.00215078 -0.00146987 -0.00151667 -0.00140758 -0.000864782 -0.00140859 0.00287871 0.00334935 0.00157359 0.00240458 0.00272597 0.130696 0.00293621 0.00177104 0.00215141 0.00259255 0.0030846 -0.00125946 -0.000926421 -0.00175506 -0.000875278 -0.00241074 -0.00214254 -0.00188024 -0.00153679 -0.00119604 -0.00174457 -0.00158703 -0.00128977 -0.00086166 -0.00202646 -0.00123897 -0.00160701 -0.0016863 -0.00194874 -0.000950367 -0.00209111 -0.000831481 -0.00187461 -0.00241269 -0.00147546 -0.00193086 -0.00118838 -0.00249626 -0.0019803 -0.00265035 -0.00169139 -0.00152283 -0.00202456 -0.00112116 -0.00210088 -0.00157974 -0.001282 -0.00128151 -0.00128488 -0.0017166 -0.0016586 -0.00169328 -0.0022055 -0.00104916 -0.00121908 -0.0016638 -0.00133032 -0.00257924 -0.00149214 -0.00140486 -0.00184185 -0.00200914 -0.00183672 -0.0022355 -0.00212335 -0.00121676 -0.00154654 -0.00258494 -0.00189262 -0.00248653 -0.00247975 -0.00148837 -0.00185538 
