0.123306 0.00193503 0.00155542 0.00163527 0.00251478 0.00151191 -0.00132519 -0.00117447 -0.00135282 -0.00190853 -0.00200489 -0.00175611 -0.00157988 -0.00138142 -0.00231138 -0.00200669 -0.00181474 -0.00208289 -0.00205188 -0.00201135 -0.00126688 -0.00268144 -0.00156206 -0.0015824 -0.0023526 -0.00118431 -0.00150701 -0.00119457 -0.00151283 -0.00148464 -0.00118299 -0.00137843 -0.00177328 -0.00245013 -0.00210062 -0.000934586 -0.00154814 -0.00162466 -0.00213783 -0.00124946 -0.00117852 -0.00129425 -0.00125211 -0.00152889 -0.00147786 -0.00148334 -0.00175977 -0.00107499 -0.00161845 -0.00186974 -0.00163284 -0.00243809 -0.00176812 -0.00218552 -0.00105272 -0.00163724 -0.00144623 -0.00103006 -0.00121129 -0.00130311 -0.000860576 -0.00138336 -0.00148131 -0.00165913 -0.00199399 -0.00186911 -0.00216246 -0.00176074 -0.00125993 -0.00119272 -0.00205948 -0.0017149 -0.00122067 -0.00221117 -0.00172272 -0.00108667 -0.000844627 -0.00166709 -0.00181036 -0.000915928 -0.00131069 -0.00150684 -0.00160292 -0.00145518 -0.00108322 -0.00106639 -0.00172152 -0.00131171 -0.000663151 -0.00133636 -0.0010099 -0.00167391 -0.00110069 -0.00154703 -0.00112352 -0.00122446 0.00168287 0.00188021 0.00159695 0.00171037 
0.00193503 0.123551 0.00152592 0.00254867 0.00257899 0.00168291 0.00250104 -0.0013281 -0.000655508 -0.001255 -0.00169043 -0.00173984 -0.001437 -0.00165174 -0.00229521 -0.00249371 -0.00213963 -0.00295942 -0.00215441 -0.00269165 -0.00178519 -0.00222729 -0.00198505 -0.00288938 -0.0016824 -0.00156042 -0.00171907 -0.00188338 -0.00116003 -0.000965591 -0.00202401 -0.00167961 -0.0019782 -0.00143427 -0.00201238 -0.00203364 -0.00275346 -0.00182331 -0.00168694 -0.00135151 -0.00201661 -0.00172061 -0.00155174 -0.00185584 -0.00190638 -0.00143176 -0.000892206 -0.00125318 -0.000957487 -0.00139076 -0.00197843 -0.00163336 -0.00153171 -0.00119595 -0.00210553 -0.00243024 -0.00123504 -0.00182024 -0.00186245 -0.00144464 -0.00166505 -0.00235014 -0.000152445 -0.00205206 -0.00153374 -0.00178147 -0.00102974 -0.00150801 -0.00141889 -0.000381437 -0.00120633 -0.00193297 -0.00124132 -0.002017 -0.00219522 -0.00116622 -0.001178 -0.00132281 -0.0015723 -0.00110436 -0.00185931 -0.00137359 -0.000575206 -0.00147422 -0.000636103 -0.000736762 -0.00161367 -0.00115307 -0.00126334 -0.000605057 -0.00136143 -0.000962015 -0.0014107 -0.00129931 -0.00135923 -0.00139652 -0.00148826 0.00268395 0.00126914 0.00244179 
0.00155542 0.00152592 0.122411 0.00220725 0.00209918 0.001709 0.00326694 0.00222977 -0.00081829 -0.0012295 -0.00143253 -0.00178629 -0.00202809 -0.000719516 -0.00120889 -0.00136045 -0.00202327 -0.002019 -0.00152855 -0.00226831 -0.00247882 -0.000576047 -0.0015042 -0.00178883 -0.00311035 -0.00169115 -0.00125395 -0.00204507 -0.00111619 -0.00233992 -0.00252582 -0.00210538 -0.00223194 -0.00100955 -0.00143622 -0.00190664 -0.00172437 -0.00206038 -0.00237853 -0.00149715 -0.00177014 -0.00154158 -0.0023178 -0.00135206 -0.00168773 -0.00201531 -0.00222037 -0.00143899 -0.00195685 -0.00162654 -0.00107434 -0.0011158 -0.00171539 -0.00128972 -0.00168572 -0.0023819 -0.00156887 -0.00159659 -0.00084595 -0.00122557 -0.00191454 -0.00184041 -0.00190182 -0.00184884 -0.00085961 -0.0016837 -0.00188851 -0.00114239 -0.00181919 -0.000809723 -0.00203428 -0.00185868 -0.00056308 -0.00149213 -0.000950267 -0.00194305 -0.00180355 -0.00155435 -0.00154464 -0.00154812 -0.000751744 -0.00185524 -0.00151624 -0.00188914 -0.00133837 -0.00141164 -0.00163166 -0.00155662 -0.00114603 -0.000703201 -0.00118113 -0.000863669 -0.00110361 -0.00156718 -0.00017359 -0.000866433 -0.00100373 -0.00160867 0.00172962 0.00206504 
0.00163527 0.00254867 0.00220725 0.122807 0.00214756 0.00226546 0.00189887 0.00224238 0.00176491 -0.00189952 -0.00116486 -0.000742742 -0.00169851 -0.00188149 -0.00163258 -0.00152193 -0.00201242 -0.00210067 -0.00287179 -0.00207921 -0.00182764 -0.00239898 -0.00183374 -0.00171991 -0.00258424 -0.00220842 -0.00166282 -0.00182321 -0.00205632 -0.000813895 -0.000537004 -0.00139363 -0.002301 -0.00174533 -0.00147181 -0.00124951 -0.00202433 -0.00145873 -0.0013403 -0.00148307 -0.00241316 -0.00143242 -0.00131408 -0.00259523 -0.000948536 -0.00101853 -0.00187705 -0.00157345 -0.000914795 -0.00131213 -0.00153977 -0.00173143 -0.00128815 -0.00102592 -0.000733676 -0.0021025 -0.00148193 -0.00174122 -0.000752115 -0.00151903 -0.00144142 -0.00151932 -0.00223293 -0.00185336 -0.00141672 -0.00164678 -0.0017706 -0.00111987 -0.00138699 -0.000919536 -0.00166215 -0.00189534 -0.00166007 -0.00113377 -0.00158609 -0.0010131 -0.000417726 -0.000887346 -0.00142556 -0.00126102 -0.00146597 -0.00223192 -0.00205179 -0.00200385 -0.00167835 -0.00129177 -0.000954001 -0.00163861 -0.00107215 -0.00117847 -0.00187579 -0.00190137 -0.00161317 -0.00113564 -0.00135992 -0.00174888 -0.00204287 -0.00103203 -0.0016314 0.00149459 
0.00251478 0.00257899 0.00209918 0.00214756 0.122643 0.00143063 0.00253761 0.00156333 0.0016648 0.00132926 -0.00081186 -0.00175595 -0.00184353 -0.00184539 -0.00187672 -0.00232493 -0.00186463 -0.00218713 -0.0014853 -0.00242909 -0.0022572 -0.00201418 -0.0019092 -0.00127541 -0.00142897 -0.00179631 -0.00200556 -0.00222977 -0.00198583 -0.0015268 -0.00203131 -0.00113812 -0.00146163 -0.0015572 -0.00124201 -0.00136708 -0.00200349 -0.00104382 -0.00258834 -0.00158455 -0.00141392 -0.00119139 -0.000874577 -0.00186884 -0.00137663 -0.00193304 -0.00230924 -0.00123666 -0.00181476 -0.00138489 -0.00109475 -0.00196175 -0.00125804 -0.00109065 -0.00112358 -0.00120674 -0.00152381 -0.00155474 -0.00153046 -0.00105473 -0.00165733 -0.0017786 -0.00124594 -0.00120893 -0.00108972 -0.00221155 -0.00107168 -0.000900094 -0.00152057 -0.00111752 -0.00150273 -0.00169268 -0.00206534 -0.00190287 -0.0015932 -0.00112798 -0.00112385 -0.00140048 -0.00175494 -0.00100999 -0.00191471 -0.00143069 -0.00182952 -0.00183824 -0.000836147 -0.000909149 -0.00175434 -0.00205053 -0.00169192 -0.00141629 -0.00164052 -0.00150489 -0.00173008 -0.00162148 -0.00135574 -0.00146108 -0.00133971 -0.00110151 -0.00112573 -0.00130669 
0.00151191 0.00168291 0.001709 0.00226546 0.00143063 0.131223 0.00238967 0.00221573 0.00308148 0.00262521 0.00205269 -0.000972353 -0.0011148 -0.00208244 -0.00154427 -0.00283651 -0.00126194 -0.00261432 -0.00217046 -0.00280364 -0.00316675 -0.00418831 -0.00226642 -0.00216022 -0.00341202 -0.00275761 -0.00247684 -0.00196803 -0.00320818 -0.00217441 -0.00231333 -0.00179897 -0.00228101 -0.00218693 -0.00105965 -0.00144651 -0.00194059 -0.00150499 -0.00159019 -0.00163464 -0.00178211 -0.00104356 -0.00223458 -0.000409156 -0.00244014 -0.00282447 -0.00129008 -0.00170251 -0.00130281 -0.00206314 -0.00152966 -0.00251955 -0.00214721 -0.00174486 -0.00225355 -0.00127805 -0.00191165 -0.00166146 -0.0016903 -0.00162686 -0.0018937 -0.0016646 -0.00134142 -0.00127934 -0.00181197 -0.00148206 -0.00152112 -0.00087207 -0.000452656 -0.000811324 -0.000949077 -0.000965737 -0.00101373 -0.00127061 -0.00101561 -0.000861746 -0.00107524 -0.00100444 -0.000649052 -0.00171447 -0.000991622 -0.000763984 -0.0012636 -0.00163102 -0.00106446 -0.000898396 -0.000913552 -0.00205816 -0.000770572 -0.00201691 -0.00246857 -0.00160696 -0.00177647 -0.00255163 -0.00171283 -0.00191092 -0.0010283 -0.0017297 -0.00130637 -0.00168193 
-0.00132519 0.00250104 0.00326694 0.00189887 0.00253761 0.00238967 0.130382 0.00251633 0.00252315 0.00293946 0.00174021 0.00156271 -0.00104549 -0.0014765 -0.00134174 -0.00194387 -0.00206671 -0.00240801 -0.00237637 -0.00240467 -0.00309118 -0.00238061 -0.00235667 -0.00218553 -0.00279489 -0.00241804 -0.00219651 -0.00196212 -0.00155709 -0.00160135 -0.00143872 -0.00265367 -0.00206004 -0.00226032 -0.002339 -0.00165891 -0.00130158 -0.00192678 -0.00192154 -0.00185124 -0.00244056 -0.00147141 -0.00244344 -0.00190834 -0.00116091 -0.00251779 -0.001681 -0.000930101 -0.00177215 -0.00226339 -0.00221232 -0.00146495 -0.00178255 -0.00165413 -0.00102094 -0.00195565 -0.00166387 -0.00194221 -0.00289116 -0.00121007 -0.00133782 -0.00180132 -0.000673024 -0.00110084 -0.00155625 -0.000827046 -0.00158108 -0.00162395 -0.00163906 -0.00209303 -0.00149795 -0.00135494 -0.00185611 -0.00182145 -0.00172042 -0.0009387 -0.00205142 -0.00194205 -0.00138162 -0.00107078 -0.00170587 -0.00219057 -0.00104272 -0.000782886 -0.00139499 -0.00150379 -0.000836348 -0.0016831 -0.00111847 -0.00196223 -0.00181078 -0.0014896 -0.0019328 -0.00200829 -0.00100752 -0.00177112 -0.000864496 -0.00145903 -0.00146671 -0.00162658 
-0.00117447 -0.0013281 0.00222977 0.00224238 0.00156333 0.00221573 0.00251633 0.135332 0.00205658 0.00256601 0.00196923 0.00257047 0.00229059 -0.00214659 -0.00262711 -0.0020063 -0.00150735 -0.00236139 -0.00300048 -0.00149385 -0.00272553 -0.00239965 -0.00226117 -0.0016983 -0.00199513 -0.00197578 -0.0013264 -0.00217474 -0.00151192 -0.00204149 -0.00137709 -0.00344225 -0.0019131 -0.00182432 -0.00213803 -0.00308115 -0.00212257 -0.000806881 -0.00189713 -0.00184705 -0.0015246 -0.00196842 -0.00285126 -0.00186302 -0.00179336 -0.00149168 -0.00103288 -0.00127595 -0.00194248 -0.00123618 -0.00148126 -0.00201757 -0.00249813 -0.000280002 -0.00133514 -0.00173942 -0.00184172 -0.000737883 -0.00230056 -0.00173243 -0.00202609 -0.00167823 -0.00192982 -0.00134126 -0.00196654 -0.00113103 -0.0026938 -0.0025238 -0.00143198 -0.00259315 -0.00147218 -0.00178776 -0.00137702 -0.00217859 -0.00127465 -0.00181241 -0.00132757 -0.00103266 -0.00159248 -0.00158468 -0.00162277 -0.0017931 -0.00128065 -0.00213531 -0.00151965 -0.00122097 -0.00194362 -0.00117207 -0.00125912 -0.00136704 -0.00128985 -0.00125074 -0.00218584 -0.00118468 -0.00224543 -0.00137013 -0.00132255 -0.00179401 -0.00211592 -0.00157351 
-0.00135282 -0.000655508 -0.00081829 0.00176491 0.0016648 0.00308148 0.00252315 0.00205658 0.128541 0.00207783 0.00313299 0.00196624 0.00218892 0.00243437 -0.00188258 -0.00214146 -0.00189712 -0.00244652 -0.00252291 -0.00311313 -0.00216005 -0.00258495 -0.00137781 -0.00264441 -0.00217192 -0.00213879 -0.0023099 -0.00207594 -0.00167666 -0.00143237 -0.00241099 -0.0023854 -0.00133066 -0.00177332 -0.0013233 -0.00130715 -0.00204794 -0.000847593 -0.00189147 -0.00191827 -0.00151406 -0.00063418 -0.00150366 -0.00158251 -0.0015963 -0.0018958 -0.00174857 -0.00148541 -0.00131311 -0.00174544 -0.00163415 -0.00166014 -0.00188078 -0.00158177 -0.00132467 -0.0018836 -0.00105899 -0.00114515 -0.00201547 -0.00131396 -0.00213007 -0.00135497 -0.00191466 -0.00158775 -0.0014981 -0.00156842 -0.00233756 -0.00179417 -0.00120689 -0.0016667 -0.00150192 -0.00163867 -0.00219619 -0.00228267 -0.00112674 -0.00121429 -0.00124745 -0.00146872 -0.00185338 -0.00204423 -0.00204278 -0.00166325 -0.00128495 -0.00124439 -0.00150276 -0.00141991 -0.00147283 -0.00195045 -0.00188684 -0.00177028 -0.00135113 -0.0017367 -0.00266296 -0.00121806 -0.00150637 -0.00186244 -0.00175096 -0.00157591 -0.00104397 -0.00169479 
-0.00190853 -0.001255 -0.0012295 -0.00189952 0.00132926 0.00262521 0.00293946 0.00256601 0.00207783 0.128206 0.00293462 0.00146888 0.00276328 0.00149078 -0.00162812 -0.00206762 -0.00102437 -0.00113855 -0.00156976 -0.00120455 -0.00161536 -0.00177345 -0.00271978 -0.001823 -0.00241249 -0.00280667 -0.00250465 -0.000971798 -0.00105776 -0.00147313 -0.00166566 -0.00147112 -0.00218059 -0.0012059 -0.00198178 -0.00214833 -0.00143555 -0.00132115 -0.00168029 -0.00143544 -0.00144597 -0.00202946 -0.00167919 -0.00173193 -0.00222155 -0.00226194 -0.00153521 -0.00120464 -0.00200723 -0.00140232 -0.00219166 -0.00140752 -0.00166133 -0.00137192 -0.00221716 -0.00163929 -0.00208729 -0.00176735 -0.00145209 -0.00166419 -0.00218765 -0.00151096 -0.000973598 -0.00134877 -0.0015407 -0.00139041 -0.00192103 -0.00124383 -0.00180181 -0.00211868 -0.00108354 -0.00182197 -0.00133734 -0.00140107 -0.00119294 -0.000960861 -0.00140464 -0.00163897 -0.00102682 -0.000960978 -0.00173784 -0.00193332 -0.00108311 -0.00152156 -0.00179749 -0.00147531 -0.00129788 -0.00202412 -0.00220805 -0.00150536 -0.000837662 -0.00189629 -0.00198736 -0.00139259 -0.0020845 -0.00205686 -0.00126599 -0.00232285 -0.00148519 -0.00203273 
-0.00200489 -0.00169043 -0.00143253 -0.00116486 -0.00081186 0.00205269 0.00174021 0.00196923 0.00313299 0.00293462 0.132421 0.00194384 0.00259693 0.00212194 0.00313222 0.00144468 -0.00190999 -0.0012213 -0.00192107 -0.00198406 -0.00220234 -0.0025149 -0.00220484 -0.00262892 -0.00249711 -0.00289007 -0.00229769 -0.00213236 -0.00256467 -0.00250264 -0.00239604 -0.00183086 -0.00218748 -0.00171281 -0.00147125 -0.00210667 -0.0017233 -0.00065999 -0.00146182 -0.00231619 -0.00169623 -0.00199135 -0.00141171 -0.00175006 -0.00194123 -0.00151058 -0.00116831 -0.00147945 -0.0026952 -0.00127777 -0.00180824 -0.00168906 -0.0022852 -0.00175226 -0.00204098 -0.00211702 -0.001335 -0.00127992 -0.000851395 -0.00203915 -0.00201186 -0.00108657 -0.00151177 -0.00104448 -0.00148247 -0.00195975 -0.00143811 -0.000823545 -0.00154626 -0.00218721 -0.00169149 -0.00264169 -0.00222039 -0.00160781 -0.00137345 -0.00235593 -0.00135746 -0.00190851 -0.0012201 -0.00187952 -0.00232854 -0.00168874 -0.0020672 -0.00128527 -0.00132762 -0.00111483 -0.000636175 -0.00169003 -0.00139274 -0.00140305 -0.0020151 -0.00169767 -0.0017839 -0.00202478 -0.00202673 -0.00163279 -0.001614 -0.00159995 -0.00151641 -0.000733857 
-0.00175611 -0.00173984 -0.00178629 -0.000742742 -0.00175595 -0.000972353 0.00156271 0.00257047 0.00196624 0.00146888 0.00194384 0.136789 0.0026633 0.00249833 0.00287195 0.00269323 0.0025526 -0.00193669 -0.000236679 -0.00173376 -0.00151327 -0.00187476 -0.0010571 -0.00201243 -0.0026928 -0.00173629 -0.00259449 -0.00255174 -0.00127524 -0.00189274 -0.00180098 -0.00306719 -0.00206775 -0.00240041 -0.00263244 -0.00170982 -0.00130755 -0.00212804 -0.0024133 -0.00165355 -0.00221053 -0.0024596 -0.00192809 -0.00229203 -0.00153211 -0.00219757 -0.00154736 -0.000833221 -0.00206296 -0.00235388 -0.000981371 -0.00158303 -0.00149174 -0.00132223 -0.00127609 -0.00146865 -0.00208939 -0.00113496 -0.00216488 -0.00166465 -0.00193894 -0.00189064 -0.00226467 -0.00128255 -0.000940034 -0.00168032 -0.00218272 -0.00254251 -0.00179843 -0.00161366 -0.00205521 -0.0018735 -0.00226926 -0.00198563 -0.00205552 -0.00225009 -0.00150237 -0.00140958 -0.00128235 -0.00163199 -0.00283162 -0.00206984 -0.00141694 -0.000978353 -0.0019841 -0.00182433 -0.00153957 -0.00122849 -0.0018552 -0.00160284 -0.00167215 -0.00136483 -0.00184558 -0.00188608 -0.00158541 -0.00141404 -0.00229267 -0.0022418 -0.00230146 -0.00155834 
-0.00157988 -0.001437 -0.00202809 -0.00169851 -0.00184353 -0.0011148 -0.00104549 0.00229059 0.00218892 0.00276328 0.00259693 0.0026633 0.129181 0.00258625 0.00236465 0.00219903 0.00330491 -0.000990935 -0.00157938 -0.00186111 -0.000755263 -0.00290883 -0.00187743 -0.00260742 -0.00205176 -0.00137075 -0.00195727 -0.00144422 -0.00139173 -0.00222058 -0.00216147 -0.00166782 -0.00230701 -0.0014139 -0.00173916 -0.00211627 -0.00144339 -0.00197907 -0.00203436 -0.00150519 -0.002001 -0.0020921 -0.0010115 -0.00103606 -0.00156308 -0.00223812 -0.00136298 -0.00194361 -0.00211096 -0.0021151 -0.00171798 -0.00169675 -0.001871 -0.00217196 -0.00199179 -0.00130405 -0.00210685 -0.00201097 -0.0011805 -0.00152358 -0.00172355 -0.0018316 -0.0010894 -0.000978015 -0.00164532 -0.000897034 -0.001424 -0.00102781 -0.00106313 -0.0019528 -0.00188411 -0.00178807 -0.000794197 -0.00178522 -0.00113883 -0.00205232 -0.00181581 -0.00205059 -0.00175603 -0.00194249 -0.00150623 -0.00150874 -0.00212856 -0.00241872 -0.00170068 -0.00159943 -0.0019089 -0.00153739 -0.00134809 -0.00171333 -0.000930484 -0.000521487 -0.00232319 -0.00217943 -0.00145406 -0.00149426 -0.00176321 -0.00293159 -0.00254282 -0.000805947 
-0.00138142 -0.00165174 -0.000719516 -0.00188149 -0.00184539 -0.00208244 -0.0014765 -0.00214659 0.00243437 0.00149078 0.00212194 0.00249833 0.00258625 0.142558 0.00291874 0.00285666 0.00204847 0.00398061 0.00350379 -0.001441 -0.00290833 -0.00236355 -0.00152016 -0.00280557 -0.00248327 -0.00250823 -0.00250601 -0.00263697 -0.00183985 -0.00171978 -0.00182578 -0.00215714 -0.00205941 -0.00198153 -0.00129507 -2.16401e-05 -0.00183745 -0.00233357 -0.00194967 -0.00206903 -0.00193385 -0.00165805 -0.00213767 -0.00160284 -0.00166203 -0.00255913 -0.00284795 -0.00245467 -0.00235143 -0.00199003 -0.00264872 -0.00206825 -0.00249696 -0.0014519 -0.00196069 -0.00209398 -0.00119997 -0.00193205 -0.00112624 -0.00201295 -0.00185801 -0.00164112 -0.00170694 -0.00230328 -0.00106766 -0.00236694 -0.00116844 -0.00225416 -0.0011719 -0.00137025 -0.00145884 -0.00211608 -0.00194516 -0.00184679 -0.00201839 -0.00143279 -0.00183914 -0.00181258 -0.00123567 -0.00153359 -0.00202929 -0.00260293 -0.001953 -0.00125801 -0.00272023 -0.00184083 -0.00123044 -0.00169476 -0.00165657 -0.00226989 -0.00122449 -0.00188667 -0.00208252 -0.00210137 -0.00205539 -0.00223546 -0.00227814 -0.00213666 -0.00175944 -0.00219701 
-0.00231138 -0.00229521 -0.00120889 -0.00163258 -0.00187672 -0.00154427 -0.00134174 -0.00262711 -0.00188258 -0.00162812 0.00313222 0.00287195 0.00236465 0.00291874 0.136137 0.00321882 0.00239654 0.00261529 0.00352931 0.00342301 -0.00214161 -0.00185841 -0.00189908 -0.00192159 -0.00259221 -0.00187316 -0.00322727 -0.00246127 -0.00157677 -0.00189658 -0.0017328 -0.00199524 -0.00268604 -0.00161333 -0.000796477 -0.00221509 -0.00227324 -0.00244308 -0.00149486 -0.00123098 -0.00240699 -0.00176409 -0.00197652 -0.00180434 -0.00140184 -0.00224238 -0.00132056 -0.00131849 -0.00189604 -0.00173485 -0.00175202 -0.00124222 -0.00240912 -0.00170337 -0.00109417 -0.00201081 -0.00170117 -0.00214128 -0.00135065 -0.00158046 -0.00137681 -0.00194497 -0.00227776 -0.00189436 -0.00184411 -0.00169785 -0.00139355 -0.00139614 -0.00162324 -0.00170614 -0.00212325 -0.00221122 -0.0027728 -0.00268048 -0.00220214 -0.00150098 -0.00103831 -0.00151415 -0.00134257 -0.00183572 -0.00166145 -0.0010596 -0.00173005 -0.00122479 -0.00206092 -0.00134525 -0.00217944 -0.00127142 -0.00188101 -0.00178175 -0.00231761 -0.00223756 -0.00133718 -0.00206213 -0.00222801 -0.00125539 -0.00176629 -0.00146467 -0.00118031 -0.00105686 
-0.00200669 -0.00249371 -0.00136045 -0.00152193 -0.00232493 -0.00283651 -0.00194387 -0.0020063 -0.00214146 -0.00206762 0.00144468 0.00269323 0.00219903 0.00285666 0.00321882 0.143392 0.00368356 0.00304103 0.00466262 0.0031734 -0.00123549 -0.00183816 -0.0015509 -0.0025452 -0.00384499 -0.00236315 -0.00247389 -0.00183194 -0.00177656 -0.00254228 -0.00184203 -0.00276413 -0.00318481 -0.00210564 -0.00227947 -0.00144343 -0.00109078 -0.00327819 -0.00158707 -0.00115765 -0.00127643 -0.0019366 -0.00163321 -0.00203307 -0.002005 -0.00200381 -0.00189662 -0.00226443 -0.0018146 -0.000752354 -0.00226307 -0.00217841 -0.00197743 -0.00212229 -0.00107836 -0.00204478 -0.00158472 -0.00135337 -0.00145295 -0.000929468 -0.00104898 -0.000972674 -0.00169552 -0.00156036 -0.00158609 -0.00241344 -0.00146324 -0.00166991 -0.00219061 -0.00229861 -0.00200089 -0.00147736 -0.00205825 -0.00273197 -0.00204193 -0.00133438 -0.0012843 -0.00183404 -0.00168353 -0.000925221 -0.00199577 -0.00174833 -0.00187117 -0.00165558 -0.00179803 -0.00249203 -0.00179027 -0.00103844 -0.00171911 -0.00272177 -0.00210587 -0.00181133 -0.0018625 -0.000998186 -0.00227943 -0.00239742 -0.00278861 -0.00219743 -0.00116457 -0.00161796 
-0.00181474 -0.00213963 -0.00202327 -0.00201242 -0.00186463 -0.00126194 -0.00206671 -0.00150735 -0.00189712 -0.00102437 -0.00190999 0.0025526 0.00330491 0.00204847 0.00239654 0.00368356 0.146706 0.00346044 0.00365281 0.00349975 0.00405224 0.00250736 -0.00135368 -0.000817477 -0.00109781 -0.00204872 -0.00285653 -0.00256091 -0.00207772 -0.00175209 -0.00325352 -0.00251348 -0.00163653 -0.00352572 -0.00191387 -0.00228925 -0.00276375 -0.00347873 -0.00294798 -0.00118389 -0.00175229 -0.00195814 -0.00296912 -0.00167615 -0.00173651 -0.00161348 -0.0020203 -0.00137078 -0.0027306 -0.00183051 -0.00193204 -0.00225178 -0.00141033 -0.0021488 -0.00249966 -0.00214584 -0.00145356 -0.00156031 -0.00187825 -0.00169085 -0.00224833 -0.00176712 -0.0021743 -0.0027361 -0.00174744 -0.00225322 -0.00215533 -0.00218078 -0.00169242 -0.00203368 -0.00134912 -0.00169021 -0.00199181 -0.00182162 -0.00196436 -0.00154901 -0.00149757 -0.00166508 -0.00174619 -0.00152567 -0.00228247 -0.00207334 -0.00179469 -0.00156074 -0.00168947 -0.00257065 -0.00236046 -0.00201737 -0.00142737 -0.00280679 -0.00218153 -0.00206679 -0.00193819 -0.00256525 -0.00233113 -0.00176562 -0.00206787 -0.00198933 -0.00236699 -0.00199587 
-0.00208289 -0.00295942 -0.002019 -0.00210067 -0.00218713 -0.00261432 -0.00240801 -0.00236139 -0.00244652 -0.00113855 -0.0012213 -0.00193669 -0.000990935 0.00398061 0.00261529 0.00304103 0.00346044 0.146603 0.00390553 0.00439902 0.00210363 0.00313864 0.00262694 -0.00096643 -0.00183654 -0.00187381 -0.00227396 -0.00209143 -0.00214256 -0.00219784 -0.0018287 -0.00177983 -0.00266203 -0.0031773 -0.0022408 -0.0023404 -0.00212159 -0.00305619 -0.00298158 -0.00222815 -0.00195185 -0.00276339 -0.00228587 -0.00272505 -0.00335976 -0.00200294 -0.00183006 -0.00181036 -0.00160201 -0.00224863 -0.00165524 -0.00199206 -0.00201402 -0.00137701 -0.00156102 -0.0022742 -0.0016784 -0.00135277 -0.00189767 -0.00133372 -0.0015287 -0.00193876 -0.0020833 -0.00199815 -0.00189861 -0.00190015 -0.00181248 -0.00221932 -0.0022482 -0.00154523 -0.00224489 -0.00252 -0.00189987 -0.00166566 -0.00192822 -0.000317802 -0.00150532 -0.00281039 -0.00114764 -0.00140374 -0.000637753 -0.00156996 -0.00280338 -0.00251647 -0.0022889 -0.00219751 -0.00204208 -0.00209127 -0.0023089 -0.00198306 -0.00128988 -0.00148254 -0.00110347 -0.00116244 -0.00176821 -0.00153165 -0.000387005 -0.0029076 -0.00169375 -0.00150979 
-0.00205188 -0.00215441 -0.00152855 -0.00287179 -0.0014853 -0.00217046 -0.00237637 -0.00300048 -0.00252291 -0.00156976 -0.00192107 -0.000236679 -0.00157938 0.00350379 0.00352931 0.00466262 0.00365281 0.00390553 0.148156 0.00405683 0.00236319 0.0030141 0.00334116 -0.00100172 -0.00205442 -0.00187098 -0.00113131 -0.00209233 -0.00118741 -0.00252054 -0.00129699 -0.00234876 -0.00274169 -0.00256244 -0.00224375 -0.00227092 -0.0010069 -0.00265391 -0.00191971 -0.00147805 -0.00181537 -0.0025678 -0.00139419 -0.00225427 -0.00234152 -0.00300052 -0.00207363 -0.00239367 -0.000828487 -0.00222844 -0.0020785 -0.00207185 -0.00278536 -0.00239738 -0.00269169 -0.0032745 -0.00150533 -0.00233488 -0.00223509 -0.00301155 -0.000423787 -0.00127774 -0.00194161 -0.0016079 -0.00191258 -0.00185032 -0.0022139 -0.00199253 -0.00219531 -0.00160732 -0.00153141 -0.0021806 -0.00201405 -0.00187664 -0.00200499 -0.00207547 -0.00167151 -0.00186865 -0.00153616 -0.0012018 -0.00193482 -0.00188979 -0.00247096 -0.00236264 -0.0016549 -0.00187356 -0.00204498 -0.00234003 -0.00125384 -0.0025001 -0.00171926 -0.00230798 -0.00232126 -0.0018672 -0.0016552 -0.00228306 -0.00318459 -0.00240208 -0.00164185 -0.00235854 
-0.00201135 -0.00269165 -0.00226831 -0.00207921 -0.00242909 -0.00280364 -0.00240467 -0.00149385 -0.00311313 -0.00120455 -0.00198406 -0.00173376 -0.00186111 -0.001441 0.00342301 0.0031734 0.00349975 0.00439902 0.00405683 0.152855 0.00272555 0.00257488 0.00168458 0.00293312 0.00256133 -0.00174413 -0.00348786 -0.001627 -0.00204892 -0.00285443 -0.00125279 -0.00187565 -0.00306051 -0.00146666 -0.00198824 -0.00188857 -0.00174742 -0.00206087 -0.00271263 -0.00070177 -0.0025535 -0.0024824 -0.00255979 -0.00176755 -0.00189195 -0.00299112 -0.0029429 -0.00175908 -0.00191477 -0.0016607 -0.00188343 -0.00148773 -0.0021255 -0.00135706 -0.00071036 -0.00257136 -0.00194609 -0.00253742 -0.00201493 -0.00241384 -0.00265176 -0.00237125 -0.00245695 -0.00179966 -0.00149678 -0.00203687 -0.00161007 -0.00270726 -0.00182451 -0.00184811 -0.00236523 -0.00148646 -0.00221419 -0.00148721 -0.00140755 -0.00173668 -0.00215741 -0.0024743 -0.000597333 -0.00271126 -0.00197462 -0.00202722 -0.00249348 -0.00232929 -0.00297384 -0.00205501 -0.00186263 -0.00218394 -0.00116974 -0.00234182 -0.00191392 -0.00118877 -0.00211247 -0.00230594 -0.00239052 -0.0024359 -0.0027388 -0.00210987 -0.00243574 -0.00179325 
-0.00126688 -0.00178519 -0.00247882 -0.00182764 -0.0022572 -0.00316675 -0.00309118 -0.00272553 -0.00216005 -0.00161536 -0.00220234 -0.00151327 -0.000755263 -0.00290833 -0.00214161 -0.00123549 0.00405224 0.00210363 0.00236319 0.00272555 0.146272 0.00434369 0.00408621 0.00284016 0.00252853 0.00275079 -0.00197238 -0.00054487 -0.00180466 -0.00181424 -0.00184136 -0.00184886 -0.00221622 -0.00206791 -0.00225228 -0.000756302 -0.00251862 -0.00246353 -0.0015866 -0.00118657 -0.00142361 -0.00255857 -0.00236946 -0.00193715 -0.00148279 -0.00216799 -0.00185585 -0.00158648 -0.00179566 -0.00153663 -0.00213149 -0.00227441 -0.00218 -0.00161346 -0.00175751 -0.002691 -0.00130501 -0.000472525 -0.00252759 -0.00267817 -0.00200267 -0.00164788 -0.00205658 -0.00234665 -0.00142919 -0.00254082 -0.00264724 -0.0015537 -0.0022932 -0.00176763 -0.00169596 -0.00187174 -0.0026061 -0.0015682 -0.00194668 -0.00165568 -0.00241428 -0.00199815 -0.00124047 -0.00220461 -0.00183026 -0.0017083 -0.00287396 -0.00180932 -0.00221108 -0.00158731 -0.00163582 -0.0012441 -0.00172384 -0.00191381 -0.00126764 -0.00146246 -0.00294813 -0.00164872 -0.00141782 -0.00184477 -0.00229173 -0.00244996 -0.00214327 -0.0022159 
-0.00268144 -0.00222729 -0.000576047 -0.00239898 -0.00201418 -0.00418831 -0.00238061 -0.00239965 -0.00258495 -0.00177345 -0.0025149 -0.00187476 -0.00290883 -0.00236355 -0.00185841 -0.00183816 0.00250736 0.00313864 0.0030141 0.00257488 0.00434369 0.152705 0.00373154 0.00354717 0.00212053 0.00362618 -0.00174872 -0.00288944 -0.00230068 -0.00211673 -0.00236653 -0.00180142 -0.00152582 -0.00169909 -0.00233198 -0.00192761 -0.00165639 -0.00136135 -0.0016115 -0.00209181 -0.00182213 -0.00199697 -0.0024464 -0.00263097 -0.00201783 -0.00165393 -0.00197579 -0.00215961 -0.00170065 -0.00248844 -0.00171816 -0.00209715 -0.00198844 -0.0011935 -0.00199443 -0.00337881 -0.00152094 -0.00166994 -0.00203167 -0.00181068 -0.00234916 -0.00139826 -0.00144805 -0.00144631 -0.00149395 -0.0015496 -0.00146644 -0.00188259 -0.00244956 -0.00165846 -0.00279546 -0.00220892 -0.00243391 -0.0023871 -0.00136691 -0.00208328 -0.00172199 -0.00207551 -0.00155183 -0.00192923 -0.00157322 -0.00186814 -0.00280048 -0.00210897 -0.00221401 -0.00133417 -0.00252147 -0.00117085 -0.00213972 -0.00199133 -0.00144656 -0.00198568 -0.00306614 -0.00184482 -0.00139185 -0.00159259 -0.00154802 -0.00232896 -0.00205077 -0.00232617 
-0.00156206 -0.00198505 -0.0015042 -0.00183374 -0.0019092 -0.00226642 -0.00235667 -0.00226117 -0.00137781 -0.00271978 -0.00220484 -0.0010571 -0.00187743 -0.00152016 -0.00189908 -0.0015509 -0.00135368 0.00262694 0.00334116 0.00168458 0.00408621 0.00373154 0.149026 0.00262446 0.00328102 0.00295036 0.00269239 -0.00137461 -0.00168443 -0.00106175 -0.00218622 -0.00190412 -0.00197775 -0.00254369 -0.00307142 -0.0019444 -0.00226801 -0.00165114 -0.00202196 -0.00234588 -0.0018724 -0.00192357 -0.00172412 -0.00176255 -0.00293617 -0.00249424 -0.00245147 -0.00215864 -0.00271616 -0.00130437 -0.00131732 -0.0022334 -0.00231365 -0.00142743 -0.00161956 -0.00156637 -0.00240357 -0.00236395 -0.00160458 -0.00209961 -0.00254458 -0.00210237 -0.00229568 -0.00216902 -0.00179042 -0.00170109 -0.00261262 -0.0024802 -0.00195753 -0.00131154 -0.00221967 -0.00213803 -0.00214711 -0.00243569 -0.00159263 -0.0016174 -0.00181371 -0.00216489 -0.0023108 -0.000469758 -0.00197666 -0.00238052 -0.00171851 -0.00178508 -0.00227705 -0.0018085 -0.0016791 -0.00168158 -0.00163291 -0.00308717 -0.00176168 -0.00159226 -0.00172194 -0.00203151 -0.00168777 -0.00246532 -0.00171032 -0.00248143 -0.00162032 -0.00150218 
-0.0015824 -0.00288938 -0.00178883 -0.00171991 -0.00127541 -0.00216022 -0.00218553 -0.0016983 -0.00264441 -0.001823 -0.00262892 -0.00201243 -0.00260742 -0.00280557 -0.00192159 -0.0025452 -0.000817477 -0.00096643 -0.00100172 0.00293312 0.00284016 0.00354717 0.00262446 0.136307 0.00279007 0.00295478 0.00172651 0.00245799 -0.00160092 -0.00174969 -0.00172075 -0.00184612 -0.00172529 -0.00191099 -0.00154432 -0.00169903 -0.00234847 -0.00198778 -0.00192184 -0.00176212 -0.00172024 -0.001785 -0.0017306 -0.0010286 -0.00214721 -0.0021717 -0.00160241 -0.00148868 -0.00249939 -0.000624887 -0.00217319 -0.00187448 -0.00150426 -0.00077482 -0.0013008 -0.0020758 -0.00133224 -0.00120633 -0.00175751 -0.00119747 -0.0015893 -0.0019982 -0.00171278 -0.00197838 -0.00156989 -0.00152314 -0.00118279 -0.00182602 -0.00128629 -0.00269454 -0.00167336 -0.00146203 -0.00123653 -0.00129694 -0.00172628 -0.000889872 -0.0016555 -0.0017899 -0.00199903 -0.00187139 -0.00192134 -0.0011516 -0.00150784 -0.00181186 -0.000969841 -0.00240784 -0.00252696 -0.00174101 -0.00151923 -0.000758863 -0.00159869 -0.00169429 -0.00143308 -0.00199506 -0.00127709 -0.00200068 -0.00250821 -0.00161558 -0.00179778 -0.00209481 
-0.0023526 -0.0016824 -0.00311035 -0.00258424 -0.00142897 -0.00341202 -0.00279489 -0.00199513 -0.00217192 -0.00241249 -0.00249711 -0.0026928 -0.00205176 -0.00248327 -0.00259221 -0.00384499 -0.00109781 -0.00183654 -0.00205442 0.00256133 0.00252853 0.00212053 0.00328102 0.00279007 0.149462 0.00335825 0.00277351 0.00265437 0.00236227 0.00202637 -0.00236065 -0.00132918 -0.00181525 -0.000620841 -0.00184974 -0.00170272 -0.00147074 -0.00221507 -0.00243889 -0.00146915 -0.00171684 -0.00078619 -0.00320982 -0.00132896 -0.00158135 -0.00207759 -0.00231582 -0.00227802 -0.00199236 -0.0022653 -0.00184227 -0.00154427 -0.00163261 -0.00066235 -0.00208467 -0.000735379 -0.00142115 -0.0018689 -0.00253146 -0.00237828 -0.00240207 -0.00143326 -0.0016201 -0.00159191 -0.00108678 -0.000522483 -0.00195403 -0.00226978 -0.00151031 -0.00142609 -0.000961773 -0.00251226 -0.00202863 -0.00233476 -0.00226883 -0.00258045 -0.00213683 -0.0017343 -0.00185312 -0.00195869 -0.00123734 -0.00130945 -0.00257984 -0.00209299 -0.00159022 -0.00159945 -0.00190036 -0.0014402 -0.0024361 -0.00218259 -0.00179735 -0.00246884 -0.00278449 -0.00196488 -0.00186199 -0.00259396 -0.00192869 -0.00339122 -0.00203203 -0.00191821 
-0.00118431 -0.00156042 -0.00169115 -0.00220842 -0.00179631 -0.00275761 -0.00241804 -0.00197578 -0.00213879 -0.00280667 -0.00289007 -0.00173629 -0.00137075 -0.00250823 -0.00187316 -0.00236315 -0.00204872 -0.00187381 -0.00187098 -0.00174413 0.00275079 0.00362618 0.00295036 0.00295478 0.00335825 0.143976 0.00318031 0.00270719 0.00234581 0.00182988 0.00175359 -0.001337 -0.000533917 -0.00221967 -0.000953595 -0.00255533 -0.00205131 -0.00217457 -0.00231956 -0.00334968 -0.0023765 -0.00279607 -0.00238385 -0.00211386 -0.0025556 -0.00179975 -0.00168999 -0.0025979 -0.00240794 -0.00187375 -0.00142528 -0.00102029 -0.00171768 -0.00185525 -0.0026717 -0.00257027 -0.00150703 -0.00153214 -0.00198863 -0.00185012 -0.00182251 -0.0018383 -0.00172377 -0.00167474 -0.00192704 -0.000986434 -0.00160554 -0.00178595 -0.00124215 -0.00164381 -0.00147894 -0.00201469 -0.00190958 -0.00252746 -0.00164197 -0.00218096 -0.00177761 -0.00227718 -0.00192139 -0.00186761 -0.0013786 -0.00244661 -0.000908661 -0.00107748 -0.00191778 -0.00236418 -0.00146896 -0.00111071 -0.00236749 -0.00218863 -0.00169198 -0.00174183 -0.00161947 -0.00200642 -0.00184159 -0.00211246 -0.00125176 -0.00269299 -0.00252451 -0.0018281 
-0.00150701 -0.00171907 -0.00125395 -0.00166282 -0.00200556 -0.00247684 -0.00219651 -0.0013264 -0.0023099 -0.00250465 -0.00229769 -0.00259449 -0.00195727 -0.00250601 -0.00322727 -0.00247389 -0.00285653 -0.00227396 -0.00113131 -0.00348786 -0.00197238 -0.00174872 0.00269239 0.00172651 0.00277351 0.00318031 0.138507 0.00260021 0.00187037 0.00267894 0.0018972 0.00282061 -0.00062081 -0.00227887 -0.0006337 -0.00138926 -0.00283898 -0.00126641 -0.00192429 -0.00173043 -0.00208637 -0.00105873 -0.00105575 -0.00173466 -0.00177868 -0.00157403 -0.00240495 -0.0022997 -0.00171178 -0.00154697 -0.00172045 -0.0012731 -0.000570766 -0.00162076 -0.00167925 -0.00109378 -0.0014275 -0.00138547 -0.00130911 -0.00202239 -0.00157256 -0.00217498 -0.00256992 -0.0022746 -0.00143631 -0.00222108 -0.0019895 -0.00171289 -0.00196206 -0.00140954 -0.00184262 -0.00159996 -0.00158673 -0.00154997 -0.00175958 -0.00196936 -0.00129431 -0.00159204 -0.00111842 -0.000939747 -0.0020819 -0.00199323 -0.00149577 -0.00264472 -0.00174856 -0.00174457 -0.00268532 -0.00216695 -0.00094498 -0.00222352 -0.00188376 -0.00103426 -0.00103456 -0.000896754 -0.00103123 -0.00184046 -0.00205393 -0.00237489 -0.00122305 -0.00154106 
-0.00119457 -0.00188338 -0.00204507 -0.00182321 -0.00222977 -0.00196803 -0.00196212 -0.00217474 -0.00207594 -0.000971798 -0.00213236 -0.00255174 -0.00144422 -0.00263697 -0.00246127 -0.00183194 -0.00256091 -0.00209143 -0.00209233 -0.001627 -0.00054487 -0.00288944 -0.00137461 0.00245799 0.00265437 0.00270719 0.00260021 0.131875 0.00182961 0.00175753 0.00200967 0.0032553 0.00123543 -0.000744812 -0.00138428 -0.000885543 -0.00108935 -0.00140603 -0.00235656 -0.00185258 -0.00156628 -0.00176395 -0.00222369 -0.00191756 -0.00203394 -0.00234363 -0.00211773 -0.00136404 -0.00101107 -0.00179214 -0.000447486 -0.000907314 -0.000944466 -0.00158449 -0.00090467 -0.0021111 -0.00142715 -0.00159763 -0.00154549 -0.00119237 -0.00192294 -0.00129083 -0.00224184 -0.00183727 -0.0016619 -0.00228826 -0.00173269 -0.00167385 -0.00163256 -0.00253057 -0.00108686 -0.00100448 -0.00171923 -0.00179597 -0.00182463 -0.00123967 -0.00137993 -0.0025231 -0.00144672 -0.00161207 -0.000780371 -0.000990525 -0.00207957 -0.000955527 -0.00130015 -0.0013105 -0.00204617 -0.00173918 -0.00145845 -0.00211311 -0.00181353 -0.00177953 -0.00169562 -0.00210913 -0.00218659 -0.00169037 -0.00152807 -0.00183358 -0.00166463 -0.0017788 
-0.00151283 -0.00116003 -0.00111619 -0.00205632 -0.00198583 -0.00320818 -0.00155709 -0.00151192 -0.00167666 -0.00105776 -0.00256467 -0.00127524 -0.00139173 -0.00183985 -0.00157677 -0.00177656 -0.00207772 -0.00214256 -0.00118741 -0.00204892 -0.00180466 -0.00230068 -0.00168443 -0.00160092 0.00236227 0.00234581 0.00187037 0.00182961 0.13319 0.00310275 0.00187007 0.00286481 0.00287776 0.00186786 -0.00177525 -0.00224623 -0.000247951 -0.00138774 -0.00247526 -0.00104893 -0.00217063 -0.00297495 -0.000767981 -0.00142829 -0.00150345 -0.00117682 -0.00119383 -0.00137293 -0.00150754 -0.00229577 -0.00216711 -0.00260455 -0.00216451 -0.00176813 -0.0015707 -0.00158598 -0.00228644 -0.00144642 -0.00191369 -0.00107326 -0.00126271 -0.00151033 -0.0014 -0.00158789 -0.00151337 -0.00173772 -0.00127596 -0.00203077 -0.00153639 -0.00178254 -0.00192679 -0.00251216 -0.00122237 -0.00188634 -0.00206453 -0.00188014 -0.00179442 -0.00166557 -0.00187626 -0.00109432 -0.00123172 -0.00148325 -0.00167913 -0.00169879 -0.00205672 -0.0018919 -0.0022455 -0.00149445 -0.00170015 -0.00208 -0.00243464 -0.00167582 -0.0017082 -0.0020265 -0.00190855 -0.00116636 -0.00161976 -0.00142677 -0.000965895 -0.00185745 
-0.00148464 -0.000965591 -0.00233992 -0.000813895 -0.0015268 -0.00217441 -0.00160135 -0.00204149 -0.00143237 -0.00147313 -0.00250264 -0.00189274 -0.00222058 -0.00171978 -0.00189658 -0.00254228 -0.00175209 -0.00219784 -0.00252054 -0.00285443 -0.00181424 -0.00211673 -0.00106175 -0.00174969 0.00202637 0.00182988 0.00267894 0.00175753 0.00310275 0.132025 0.0014854 0.00281282 0.00278707 0.00213101 -0.000660062 -0.000225117 -0.00172213 -0.000741157 -0.00107612 -0.000871275 -0.00143225 -0.00172989 -0.000972013 -0.00229086 -0.00197634 -0.00132918 -0.00143473 -0.00180595 -0.0016671 -0.0010829 -0.00275773 -0.00150393 -0.00202032 -0.00170796 -0.000748594 -0.00102043 -0.00261122 -0.00224048 -0.00145201 -0.00087876 -0.00163981 -0.00172098 -0.00256505 -0.00145064 -0.00144666 -0.00172048 -0.000995161 -0.00199468 -0.00166519 -0.00146589 -0.00150577 -0.00127475 -0.00198042 -0.000715148 -0.00271689 -0.00151592 -0.00103318 -0.00230892 -0.00200938 -0.00123626 -0.00188615 -0.00189214 -0.00134975 -0.00227911 -0.00181847 -0.00227647 -0.00191534 -0.0014613 -0.0017726 -0.00203387 -0.00209526 -0.00182526 -0.00244377 -0.00130661 -0.00198775 -0.00220258 -0.00186658 -0.00169737 -0.00161164 -0.00129949 
-0.00118299 -0.00202401 -0.00252582 -0.000537004 -0.00203131 -0.00231333 -0.00143872 -0.00137709 -0.00241099 -0.00166566 -0.00239604 -0.00180098 -0.00216147 -0.00182578 -0.0017328 -0.00184203 -0.00325352 -0.0018287 -0.00129699 -0.00125279 -0.00184136 -0.00236653 -0.00218622 -0.00172075 -0.00236065 0.00175359 0.0018972 0.00200967 0.00187007 0.0014854 0.132408 0.00253059 0.00227138 0.00324752 0.00216015 0.0028189 -0.00113061 -0.00120643 -0.00139023 -0.00125717 -0.00145831 -0.00191633 -0.00160326 -0.00143648 -0.00192188 -0.0014304 -0.00135687 -0.00152613 -0.00162515 -0.00136161 -0.000765882 -0.00222285 -0.00153676 -0.000588473 -0.00102281 -0.00189796 -0.00127056 -0.00208933 -0.0019684 -0.00144317 -0.00210094 -0.00156712 -0.00216927 -0.00195988 -0.00149952 -0.00195929 -0.00156762 -0.00220248 -0.00228801 -0.00240961 -0.00101302 -0.00220671 -0.00226944 -0.00126344 -0.00241352 -0.00169384 -0.0013799 -0.00135815 -0.00143599 -0.00145171 -0.00258198 -0.00195094 -0.00107927 -0.00164073 -0.00142259 -0.00182337 -0.00184366 -0.00192501 -0.00171568 -0.00173189 -0.00189481 -0.00135945 -0.00187278 -0.00140833 -0.00173877 -0.00169809 -0.0023539 -0.00202575 -0.00125715 -0.00211872 
-0.00137843 -0.00167961 -0.00210538 -0.00139363 -0.00113812 -0.00179897 -0.00265367 -0.00344225 -0.0023854 -0.00147112 -0.00183086 -0.00306719 -0.00166782 -0.00215714 -0.00199524 -0.00276413 -0.00251348 -0.00177983 -0.00234876 -0.00187565 -0.00184886 -0.00180142 -0.00190412 -0.00184612 -0.00132918 -0.001337 0.00282061 0.0032553 0.00286481 0.00281282 0.00253059 0.13374 0.00256462 0.00314401 0.00256423 0.00276676 0.00190391 -0.0016882 -0.00134432 -0.00138691 -0.00176768 -0.00152656 -0.00225083 -0.00169878 -0.00261089 -0.00143 -0.00113236 -0.00177077 -0.0017338 -0.00118373 -0.00189338 -0.00178171 -0.00204859 -0.00170895 -0.001131 -0.00160692 -0.0015019 -0.00155037 -0.0012351 -0.00188736 -0.00176753 -0.00158095 -0.00139451 -0.00151954 -0.0019358 -0.00193939 -0.00172015 -0.0019352 -0.00222972 -0.00207259 -0.0028978 -0.00251641 -0.00195706 -0.0020802 -0.00259636 -0.00216127 -0.00152369 -0.00109129 -0.00208007 -0.00144841 -0.00141379 -0.00181956 -0.00124013 -0.00122086 -0.000759647 -0.00187941 -0.00238416 -0.00135114 -0.00153149 -0.00204215 -0.00187732 -0.00160604 -0.00190437 -0.00102906 -0.00207587 -0.00230714 -0.00197813 -0.00156156 -0.00150917 -0.00164559 
-0.00177328 -0.0019782 -0.00223194 -0.002301 -0.00146163 -0.00228101 -0.00206004 -0.0019131 -0.00133066 -0.00218059 -0.00218748 -0.00206775 -0.00230701 -0.00205941 -0.00268604 -0.00318481 -0.00163653 -0.00266203 -0.00274169 -0.00306051 -0.00221622 -0.00152582 -0.00197775 -0.00172529 -0.00181525 -0.000533917 -0.00062081 0.00123543 0.00287776 0.00278707 0.00227138 0.00256462 0.127737 0.00258968 0.0021509 0.00223108 0.00185424 0.00285469 -0.00100376 -0.000792737 -0.00135038 -0.000887534 -0.000973791 -0.0012423 -0.00246261 -0.00141664 -0.00257218 -0.00153897 -0.00158643 -0.00228526 -0.00238162 -0.00140522 -0.00153194 -0.00157405 -0.00116844 -0.00128096 -0.00182256 -0.00201542 -0.00151243 -0.00120503 -0.00112441 -0.000856622 -0.00138537 -0.00126973 -0.00105423 -0.00105335 -0.00165743 -0.00222814 -0.0020307 -0.00208218 -0.00155549 -0.00135412 -0.00197423 -0.00177328 -0.00186623 -0.00212411 -0.00136289 -0.00175227 -0.00247371 -0.00125549 -0.00160108 -0.000834477 -0.00080317 -0.0014661 -0.00198478 -0.00141128 -0.0015705 -0.00193149 -0.00239348 -0.00160488 -0.00173512 -0.00207961 -0.00106728 -0.00149487 -0.00162396 -0.000907588 -0.00150796 -0.0015683 -0.00109492 -0.00170863 
