0.119613 0.00253041 0.0020665 0.0014434 0.00187706 0.00141592 -0.00083395 -0.00164402 -0.00222776 -0.00241835 -0.00191103 -0.00222689 -0.00196153 -0.00193618 -0.00230559 -0.00113181 -0.00166132 -0.00145746 -0.00211943 -0.00118352 -0.00172932 -0.00279688 -0.00186573 -0.00126442 -0.00219043 -0.0019848 -0.00146944 -0.00158031 -0.00152574 -0.00193297 -0.00192794 -0.0013852 -0.00134086 -0.0026626 -0.00191702 -0.00153805 -0.00177818 -0.00201291 -0.00160599 -0.000937319 -0.000688498 -0.00105491 -0.00142777 -0.00150129 -0.00239367 -0.00134779 -0.00156547 -0.000779998 -0.00135327 -0.00167203 -0.00173683 -0.001177 -0.00133559 -0.00139268 -0.0010225 -0.000454566 -0.001018 -0.0013855 -0.0012344 -0.00128891 -0.00141687 -0.00192863 -0.00169355 -0.00168411 -0.001394 -0.00182479 -0.000404636 -0.001143 -0.00101231 -0.00177371 -0.00160706 -0.00117002 -0.000846135 -0.00166708 -0.000936568 -0.00151305 -0.000780671 -0.00120864 -0.00170933 -0.00170106 -0.0015441 -0.00154131 -0.00160406 -0.00227995 -0.00179481 -0.00141152 -0.00121995 -0.00136154 -0.00126426 -0.00184579 -0.00181049 -0.000974125 -0.000730356 -0.0016306 -0.000506626 -0.00127021 0.00187916 0.00192839 0.00180033 0.00194647 
0.00253041 0.128427 0.00293893 0.00249296 0.00269072 0.00280701 0.0017126 -0.0010848 -0.00125858 -0.00177867 -0.0012701 -0.00216597 -0.00262457 -0.00194645 -0.00250649 -0.00224617 -0.00285155 -0.00164919 -0.00156377 -0.00147855 -0.00139728 -0.0016877 -0.0014541 -0.00222235 -0.000782788 -0.00172569 -0.00143367 -0.00184608 -0.00139743 -0.00229514 -0.00228099 -0.00120648 -0.00174544 -0.00212957 -0.00203792 -0.00155312 -0.00218583 -0.00156233 -0.00173707 -0.00120403 -0.00185942 -0.00180455 -0.00169643 -0.00183506 -0.00188536 -0.0011276 -0.00155252 -0.000953738 -0.00187021 -0.00131992 -0.00204298 -0.00125489 -0.0016694 -0.00251158 -0.0018716 -0.00226161 -0.00160631 -0.00159103 -0.00179435 -0.00174344 -0.00102261 -0.00125753 -0.00170631 -0.00211219 -0.00199535 -0.00158357 -0.00150037 -0.00167927 -0.00109799 -0.000923794 -0.00149186 -0.00178158 -0.00209677 -0.0015423 -0.0020334 -0.00145553 -0.00141139 -0.00188555 -0.00137231 -0.000713343 -0.00182305 -0.00179426 -0.00131936 -0.00230207 -0.00216681 -0.00175208 -0.00155326 -0.0022468 -0.00211858 -0.00192592 -0.001493 -0.0012368 -0.00111661 -0.000909482 -0.000996921 -0.000831353 -0.0010741 0.00217501 0.00219512 0.00191562 
0.0020665 0.00293893 0.121186 0.00167647 0.00225358 0.00275403 0.00236878 0.00236149 -0.000903579 -0.00187135 -0.00152441 -0.000886287 -0.00147193 -0.00163612 -0.00126733 -0.00241251 -0.00224085 -0.00199877 -0.00189914 -0.00195716 -0.00167829 -0.00143156 -0.00277666 -0.00217743 -0.00258341 -0.00257074 -0.00243736 -0.00255519 -0.0022499 -0.0017779 -0.00151894 -0.00119364 -0.00137891 -0.00235661 -0.00170334 -0.00187158 -0.00160277 -0.00128405 -0.00210571 -0.00200547 -0.00148087 -0.00169453 -0.0019677 -0.00131131 -0.00246746 -0.00182949 -0.000801379 -0.0012659 -0.00196435 -0.00171167 -0.000857171 -0.00163919 -0.00149591 -0.000733593 -0.00147377 -0.00157636 -0.00103077 -0.00155304 -0.00190559 -0.00169189 -0.00111372 -0.000946317 -0.0020864 -0.00122387 -0.00232031 -0.00157917 -0.000941899 -0.00195032 -0.00123492 -0.00175227 -0.00127895 -0.00125355 -0.0018915 -0.00164726 -0.001465 -0.00164059 -0.00127814 -0.00159631 -0.000944533 -0.00154358 -0.00139621 -0.00161333 -0.00157039 -0.00108415 -0.00159824 -0.000822425 -0.00141006 -0.000835398 -0.00119313 -0.00140308 -0.000939515 -0.00118929 -0.000852028 -0.00195356 -0.0013293 -0.000505475 -0.00116555 -0.00144395 0.00207522 0.00209384 
0.0014434 0.00249296 0.00167647 0.123003 0.00221798 0.00142468 0.00328485 0.00253079 0.00261014 -0.00126944 -0.00133044 -0.00128394 -0.00152503 -0.00121569 -0.00202166 -0.00134576 -0.00222004 -0.000803451 -0.00176695 -0.00176969 -0.00158259 -0.00237143 -0.00260514 -0.00189097 -0.00137429 -0.00186295 -0.00220599 -0.00197034 -0.00145188 -0.00261293 -0.00262174 -0.00111965 -0.00135686 -0.00191491 -0.00188098 -0.00172033 -0.0015753 -0.00159771 -0.00125653 -0.00208983 -0.00161666 -0.00210602 -0.00212189 -0.00223409 -0.00192206 -0.00205374 -0.00177488 -0.00220655 -0.00167925 -0.00153483 -0.00233265 -0.00122975 -0.00174614 -0.001158 -0.00134112 -0.00194087 -0.0013669 -0.000837658 -0.00117491 -0.0020586 -0.00136572 -0.00177888 -0.00153774 -0.00154488 -0.00155262 -0.00180118 -0.00123903 -0.00213129 -0.00162821 -0.00205427 -0.00171818 -0.00150159 -0.00141758 -0.00171423 -0.00106302 -0.00085179 -0.00146168 -0.00125153 -0.00133313 -0.00188908 -0.00167592 -0.00159496 -0.000964112 -0.00125512 -0.00153645 -0.000746675 -0.00108162 -0.000904459 -0.0017826 -0.000906345 -0.00126627 -0.00097955 -0.00149598 -0.00147155 -0.000737146 -0.00109509 -0.0016355 -0.00175446 -0.00119064 0.00227633 
0.00187706 0.00269072 0.00225358 0.00221798 0.129161 0.00272874 0.00205663 0.00374773 0.00195983 0.00200752 -0.00245575 -0.00153271 -0.00143657 -0.00156946 -0.00142849 -0.00184781 -0.00185387 -0.00191139 -0.00251669 -0.00162747 -0.00271843 -0.00173147 -0.00231459 -0.00135644 -0.00248909 -0.00210659 -0.0022877 -0.00188443 -0.00115568 -0.00256634 -0.00167496 -0.0022121 -0.00138339 -0.00170799 -0.00140395 -0.000862381 -0.00179111 -0.00185641 -0.00157778 -0.00161265 -0.00129367 -0.00193289 -0.00170837 -0.00155839 -0.0014883 -0.00186675 -0.00142628 -0.00137137 -0.000956388 -0.00160197 -0.000854223 -0.00147294 -0.00107731 -0.00170991 -0.00189911 -0.00157981 -0.00114754 -0.00120886 -0.00202941 -0.00148453 -0.00113048 -0.00219003 -0.00114694 -0.00248795 -0.00210729 -0.00217285 -0.00118119 -0.0015766 -0.00142802 -0.00187504 -0.00195335 -0.00129191 -0.00234063 -0.00171558 -0.00227366 -0.00131263 -0.00180762 -0.00159009 -0.00212278 -0.000693577 -0.00123867 -0.000779597 -0.0015755 -0.00186584 -0.00172706 -0.00176145 -0.00149629 -0.002038 -0.00219428 -0.00215788 -0.00180773 -0.00212198 -0.00116275 -0.00158876 -0.00115797 -0.0020366 -0.00191201 -0.00103605 -0.00113545 -0.000966645 
0.00141592 0.00280701 0.00275403 0.00142468 0.00272874 0.127346 0.00298294 0.000974725 0.00204829 0.00172647 0.00187579 -0.00133004 -0.00141338 -0.00130066 -0.0014283 -0.00168519 -0.00168905 -0.000828415 -0.00168116 -0.00153775 -0.00244124 -0.00259023 -0.00210758 -0.00184306 -0.00253839 -0.00206587 -0.00170146 -0.000532502 -0.00181669 -0.00240472 -0.00197103 -0.00110636 -0.00200886 -0.00184209 -0.00149242 -0.0013788 -0.00107634 -0.000209324 -0.00238215 -0.00177395 -0.00149469 -0.00200951 -0.00203475 -0.0020001 -0.00210099 -0.00252175 -0.00135249 -0.00132386 -0.000834744 -0.00183043 -0.00179603 -0.00105715 -0.0016004 -0.00160608 -0.00245323 -0.002132 -0.00156924 -0.00109968 -0.00182477 -0.0013423 -0.0017729 -0.00183978 -0.00224913 -0.00128067 -0.00168948 -0.00106402 -0.00172817 -0.00193581 -0.000771119 -0.000936119 -0.00138034 -0.00202077 -0.00164691 -0.00120688 -0.00102303 -0.00173955 -0.00136342 -0.00168237 -0.00132285 -0.00186784 -0.0012417 -0.00142823 -0.00208482 -0.00179746 -0.0011272 -0.00130865 -0.00231209 -0.00246584 -0.00204171 -0.00243017 -0.00197308 -0.00163944 -0.00223943 -0.00179471 -0.00171504 -0.00175069 -0.00164024 -0.00182444 -0.00121333 -0.00137434 
-0.00083395 0.0017126 0.00236878 0.00328485 0.00205663 0.00298294 0.131904 0.00293376 0.00244212 0.00184507 0.00192261 0.00297142 -0.00130421 -0.0016883 -0.00168837 -0.00253814 -0.00144356 -0.00216261 -0.00193756 -0.00148772 -0.00209036 -0.00212946 -0.000941519 -0.00166189 -0.00185023 -0.00225906 -0.00204877 -0.00185095 -0.00186122 -0.00342643 -0.00271963 -0.00175727 -0.00238392 -0.00248554 -0.00194068 -0.00222904 -0.00118074 -0.00159872 -0.00205232 -0.00180865 -0.00118033 -0.00179826 -0.00192258 -0.00184704 -0.00169685 -0.00180299 -0.00190522 -0.00212517 -0.00197895 -0.00122471 -0.00167414 -0.00190254 -0.00145602 -0.00129733 -0.0015886 -0.00245763 -0.00217316 -0.00128602 -0.0014095 -0.0013102 -0.00159739 -0.00187373 -0.00102263 -0.00196169 -0.00177806 -0.00243362 -0.00151845 -0.00192918 -0.00193425 -0.00119426 -0.0021209 -0.00201986 -0.00152343 -0.0017369 -0.000931674 -0.00087397 -0.00153214 -0.00201039 -0.00148504 -0.00173545 -0.00177453 -0.00151645 -0.00205053 -0.002035 -0.00220201 -0.00134152 -0.00274893 -0.00111444 -0.00107875 -0.00219818 -0.00162895 -0.00162882 -0.0017571 -0.00209104 -0.00164721 -0.00177347 -0.00121698 -0.0012314 -0.00135909 -0.00141939 
-0.00164402 -0.0010848 0.00236149 0.00253079 0.00374773 0.000974725 0.00293376 0.134344 0.00312143 0.0025312 0.00250525 0.00267767 0.00247712 -0.00034876 -0.000973093 -0.00084275 -0.00231864 -0.00214636 -0.00210112 -0.00184408 -0.00179408 -0.00237138 -0.00145671 -0.00244233 -0.00251884 -0.00232006 -0.00231689 -0.00243295 -0.00216633 -0.00186228 -0.00253448 -0.00222316 -0.00181061 -0.00168855 -0.00140343 -0.00193932 -0.00185843 -0.00126764 -0.00233281 -0.00238497 -0.00107145 -0.00117898 -0.00224149 -0.00127588 -0.00236904 -0.00186264 -0.00174572 -0.0017065 -0.00132937 -0.00197935 -0.00113589 -0.00165757 -0.00233979 -0.00177914 -0.00178239 -0.00175646 -0.0020461 -0.00245243 -0.00196699 -0.00172442 -0.00100498 -0.00183935 -0.00152769 -0.000916387 -0.00145071 -0.0021772 -0.00147474 -0.00169504 -0.00127127 -0.00264584 -0.00234092 -0.00173683 -0.00195301 -0.00125105 -0.00123297 -0.00193162 -0.00155271 -0.00222651 -0.00231405 -0.00204205 -0.00163605 -0.00188036 -0.00174822 -0.00143844 -0.00193387 -0.00194272 -0.00157886 -0.00251442 -0.00145503 -0.00191243 -0.00156463 -0.00233171 -0.00160352 -0.00224225 -0.00190763 -0.00127772 -0.00157652 -0.00180166 -0.00190023 -0.00154384 
-0.00222776 -0.00125858 -0.000903579 0.00261014 0.00195983 0.00204829 0.00244212 0.00312143 0.131512 0.00250098 0.00226044 0.00179584 0.00212882 0.00236524 -0.00190476 -0.00125236 -0.00258684 -0.00233125 -0.00279052 -0.00210005 -0.00195291 -0.00202622 -0.00215967 -0.00202654 -0.00213022 -0.00270043 -0.0022024 -0.00209114 -0.00209873 -0.00111042 -0.00209418 -0.00212743 -0.00161412 -0.00194218 -0.00118358 -0.00333022 -0.00204224 -0.00130485 -0.00178726 -0.00161343 -0.00185588 -0.00150682 -0.0019797 -0.00228073 -0.00223353 -0.00170346 -0.00193583 -0.00230864 -0.00172716 -0.00271126 -0.00134386 -0.00179982 -0.00133174 -0.00215365 -0.00186434 -0.00197866 -0.00170919 -0.00133401 -0.00183752 -0.00230363 -0.00156925 -0.00164717 -0.00100711 -0.00195325 -0.00221926 -0.00209598 -0.00214537 -0.00231986 -0.00200527 -0.00182311 -0.00125593 -0.00155762 -0.00130164 -0.00121353 -0.00112641 -0.00117076 -0.00159876 -0.00182081 -0.00100013 -0.00157553 -0.00178233 -0.00146532 -0.000619751 -0.00153459 -0.00182983 -0.000434627 -0.00230342 -0.00108236 -0.00131664 -0.00174637 -0.00129898 -0.00203688 -0.00157118 -0.000692684 -0.00143909 -0.00127292 -0.00082063 -0.00183129 -0.0012191 -0.0012467 
-0.00241835 -0.00177867 -0.00187135 -0.00126944 0.00200752 0.00172647 0.00184507 0.0025312 0.00250098 0.132539 0.00238458 0.00340011 0.003075 0.00226536 -0.00163517 -0.00228233 -0.0015134 -0.00219259 -0.00335259 -0.00154142 -0.00218284 -0.00187193 -0.00150431 -0.00205552 -0.00168708 -0.00256249 -0.00101605 -0.00171532 -0.00179927 -0.00199175 -0.00234362 -0.00235623 -0.00226744 -0.00194748 -0.0013582 -0.00142592 -0.00189429 -0.000632568 -0.00185154 -0.00181712 -0.0019055 -0.00219836 -0.00168377 -0.00113936 -0.00211563 -0.000822641 -0.00246972 -0.00146487 -0.00101029 -0.00168498 -0.00036155 -0.00170402 -0.00111593 -0.00140508 -0.00132072 -0.00123575 -0.000757921 -0.00119202 -0.00126816 -0.00143004 -0.00190857 -0.0029972 -0.00167086 -0.00149241 -0.00117833 -0.0021304 -0.00215796 -0.00233729 -0.00201665 -0.00197254 -0.00195831 -0.00176423 -0.00150875 -0.00158235 -0.0021367 -0.00188693 -0.00266083 -0.00189137 -0.00090949 -0.00174574 -0.00133736 -0.00153184 -0.000914876 -0.000691007 -0.00159884 -0.0011206 -0.00166116 -0.00176404 -0.00166533 -0.00169452 -0.00159429 -0.00167825 -0.00212019 -0.00195749 -0.00167365 -0.00190271 -0.00173567 -0.00206019 -0.00165852 -0.0015854 
-0.00191103 -0.0012701 -0.00152441 -0.00133044 -0.00245575 0.00187579 0.00192261 0.00250525 0.00226044 0.00238458 0.135866 0.00288644 0.00293785 0.00209152 0.00295078 0.00234129 -0.00180825 -0.0017981 -0.00230189 -0.00180262 -0.00254302 -0.00168706 -0.00294449 -0.00169617 -0.0024983 -0.00208832 -0.00246935 -0.00234466 -0.00226357 -0.00105965 -0.00222909 -0.00203637 -0.00262134 -0.00178456 -0.00197364 -0.00155665 -0.00184084 -0.00211644 -0.00197391 -0.00235417 -0.00157696 -0.00223051 -0.00228104 -0.00200346 -0.00130078 -0.00129067 -0.00142596 -0.00114515 -0.00169123 -0.00128797 -0.00226567 -0.00165809 -0.00164106 -0.00188421 -0.00179922 -0.0015472 -0.00113315 -0.00202946 -0.00166749 -0.00116834 -0.00217564 -0.00120416 -0.00132025 -0.00187995 -0.0024875 -0.00269093 -0.00140338 -0.00152992 -0.0014577 -0.00195951 -0.00107471 -0.00171373 -0.00165755 -0.00148889 -0.00109151 -0.00178257 -0.00123718 -0.0014041 -0.00161571 -0.0018192 -0.0021166 -0.00190646 -0.00181621 -0.00169184 -0.00272185 -0.00136551 -0.00127819 -0.00181758 -0.00177307 -0.00211904 -0.00170044 -0.00192358 -0.00218824 -0.00175827 -0.00168166 -0.00222429 -0.00136402 -0.00161198 -0.00109564 -0.0015618 
-0.00222689 -0.00216597 -0.000886287 -0.00128394 -0.00153271 -0.00133004 0.00297142 0.00267767 0.00179584 0.00340011 0.00288644 0.135901 0.00349769 0.00239455 0.00258553 0.000982246 0.00293744 -0.00187142 -0.00292793 -0.00089679 -0.00166635 -0.00247023 -0.00223216 -0.00144476 -0.00164848 -0.00222713 -0.00247649 -0.00266151 -0.00117396 -0.00101927 -0.00184277 -0.00187792 -0.00155427 -0.00153844 -0.00184622 -0.00242682 -0.00173066 -0.00118998 -0.00176654 -0.00152433 -0.00181111 -0.00224064 -0.00251698 -0.00152712 -0.00297363 -0.0017931 -0.00188005 -0.0025764 -0.00203823 -0.00195653 -0.00146974 -0.00266483 -0.00126444 -0.00151074 -0.00156464 -0.00194545 -0.00132546 -0.00170965 -0.00265939 -0.001343 -0.00115973 -0.00151346 -0.00118179 -0.0014484 -0.00209172 -0.00189559 -0.00175797 -0.00189497 -0.00161749 -0.00170046 -0.00279564 -0.00116147 -0.00155779 -0.00212482 -0.00220744 -0.00207345 -0.00189216 -0.00217633 -0.00215458 -0.00221087 -0.00230626 -0.00240152 -0.00211574 -0.00203218 -0.00146077 -0.00172994 -0.00172865 -0.000624449 -0.00104747 -0.00149922 -0.00131393 -0.00180998 -0.00239009 -0.00137228 -0.00172633 -0.00101159 -0.00239066 -0.00226527 -0.00205321 -0.00192305 
-0.00196153 -0.00262457 -0.00147193 -0.00152503 -0.00143657 -0.00141338 -0.00130421 0.00247712 0.00212882 0.003075 0.00293785 0.00349769 0.136947 0.00238451 0.00341599 0.00254297 0.0039689 -0.00151536 -0.00199977 -0.00147572 -0.00162413 -0.00146544 -0.00234235 -0.00230988 -0.00311595 -0.0018765 -0.00243763 -0.00224348 -0.00225719 -0.00162206 -0.00178968 -0.00258363 -0.00160236 -0.0017998 -0.00183584 -0.0013715 -0.00146979 -0.00251568 -0.00206653 -0.00232132 -0.0012214 -0.00146042 -0.0013017 -0.002081 -0.00157587 -0.00138004 -0.00214669 -0.00206017 -0.00199782 -0.00156258 -0.00153303 -0.00235072 -0.00174521 -0.00140285 -0.00195075 -0.000622478 -0.00141699 -0.00200172 -0.00168921 -0.0011903 -0.00109803 -0.00274394 -0.00111548 -0.00183469 -0.00144017 -0.00167847 -0.00202097 -0.00196699 -0.00182935 -0.00242442 -0.00205551 -0.00219283 -0.00278112 -0.00119824 -0.00260679 -0.00110437 -0.00203055 -0.00105166 -0.00164722 -0.00202633 -0.00264219 -0.00175591 -0.00154313 -0.00134225 -0.00117006 -0.00182274 -0.00116396 -0.00259398 -0.00159286 -0.00213742 -0.00144594 -0.00166888 -0.00186338 -0.00130902 -0.00222539 -0.00233899 -0.00194531 -0.00191409 -0.0022168 -0.00176637 
-0.00193618 -0.00194645 -0.00163612 -0.00121569 -0.00156946 -0.00130066 -0.0016883 -0.00034876 0.00236524 0.00226536 0.00209152 0.00239455 0.00238451 0.135039 0.00287757 0.00310107 0.00256554 0.00177823 0.00247594 -0.001507 -0.0017871 -0.00202642 -0.00213052 -0.00201954 -0.00290017 -0.00206113 -0.00117938 -0.00191016 -0.00170147 -0.0010834 -0.00125882 -0.00280053 -0.00102816 -0.00187394 -0.00105402 -0.00147953 -0.00101532 -0.00210936 -0.00283063 -0.00124033 -0.00166328 -0.00222523 -0.00295357 -0.00256508 -0.0025422 -0.00190157 -0.00218307 -0.00181719 -0.00208108 -0.00179387 -0.00190481 -0.00249418 -0.0017 -0.000831873 -0.00189461 -0.00143509 -0.00132113 -0.00160339 -0.0010788 -0.00190493 -0.00153583 -0.00133487 -0.00151413 -0.00198284 -0.00149529 -0.00267729 -0.00200312 -0.00246747 -0.0017202 -0.00233222 -0.00232429 -0.002303 -0.0018306 -0.00180978 -0.00158001 -0.00127721 -0.00222833 -0.00145152 -0.00111194 -0.00197884 -0.00194515 -0.00280937 -0.00116138 -0.0020455 -0.00238847 -0.00162727 -0.00107132 -0.00186969 -0.00191146 -0.00169734 -0.00146766 -0.00123904 -0.00148363 -0.00183918 -0.00170121 -0.00179433 -0.00147384 -0.00250027 -0.00181244 -0.00200728 
-0.00230559 -0.00250649 -0.00126733 -0.00202166 -0.00142849 -0.0014283 -0.00168837 -0.000973093 -0.00190476 -0.00163517 0.00295078 0.00258553 0.00341599 0.00287757 0.143673 0.00311874 0.00394613 0.0047542 0.00278829 0.00181755 -0.00157806 -0.00232853 -0.00133085 -0.00235758 -0.00246377 -0.00196142 -0.00255997 -0.00145143 -0.00269259 -0.00052356 -0.00233642 -0.00274978 -0.00175515 -0.0021911 -0.00232215 -0.00192508 -0.00184294 -0.00246743 -0.00171708 -0.00268756 -0.00157319 -0.00136038 -0.00133822 -0.00157146 -0.000880104 -0.00219883 -0.00202299 -0.002062 -0.00196663 -0.00190488 -0.00145798 -0.00223865 -0.00269143 -0.00268802 -0.00159505 -0.00174989 -0.00130943 -0.00214859 -0.000768363 -0.0022074 -0.00207997 -0.00132289 -0.00158698 -0.00147762 -0.00174446 -0.00253991 -0.00279151 -0.00240141 -0.00171265 -0.00162107 -0.00241337 -0.00193784 -0.00150008 -0.00180301 -0.00219282 -0.00232837 -0.00186933 -0.00189294 -0.00188734 -0.00194805 -0.0013949 -0.00183693 -0.00180194 -0.00229916 -0.00249397 -0.00229658 -0.00213734 -0.00111571 -0.00176665 -0.00175161 -0.00192204 -0.00126232 -0.0024354 -0.00149957 -0.00150164 -0.00236826 -0.00158667 -0.00227566 -0.00278618 -0.00220882 
-0.00113181 -0.00224617 -0.00241251 -0.00134576 -0.00184781 -0.00168519 -0.00253814 -0.00084275 -0.00125236 -0.00228233 0.00234129 0.000982246 0.00254297 0.00310107 0.00311874 0.146441 0.00400631 0.00312748 0.00291485 0.00297436 -0.00125421 -0.000972959 -0.000512329 -0.00208182 -0.00130877 -0.00269422 -0.00220171 -0.00216612 -0.00225019 -0.00165267 -0.00134092 -0.00266227 -0.00235024 -0.00214301 -0.00155271 -0.00229781 -0.00263979 -0.00231162 -0.00167112 -0.00238514 -0.00214816 -0.00119084 -0.00224785 -0.00244491 -0.00227462 -0.00181826 -0.00114994 -0.00197866 -0.0017823 -0.00227135 -0.00167458 -0.00267257 -0.001785 -0.00231266 -0.00245153 -0.00165992 -0.00207277 -0.00159235 -0.00130558 -0.00180926 -0.0011267 -0.00101112 -0.000881315 -0.00178995 -0.00175796 -0.00212742 -0.00123132 -0.00210219 -0.00233413 -0.00304302 -0.00111945 -0.00249204 -0.00140311 -0.00190311 -0.00257419 -0.00174854 -0.00195022 -0.00208346 -0.00196747 -0.00158582 -0.00257499 -0.00122659 -0.00241682 -0.00206231 -0.00245454 -0.00206662 -0.00178605 -0.0020892 -0.00223007 -0.00107627 -0.00150238 -0.000441407 -0.0025359 -0.00241457 -0.00203742 -0.00240677 -0.00201332 -0.00221836 -0.0024464 -0.0026399 
-0.00166132 -0.00285155 -0.00224085 -0.00222004 -0.00185387 -0.00168905 -0.00144356 -0.00231864 -0.00258684 -0.0015134 -0.00180825 0.00293744 0.0039689 0.00256554 0.00394613 0.00400631 0.142851 0.0041368 0.00313866 0.00226567 0.0024424 0.00326738 -0.00134486 -0.00141302 -0.00220485 -0.0028761 -0.0031235 -0.00205459 -0.00269373 -0.00296215 -0.00271327 -0.00195251 -0.00125856 -0.00109865 -0.00210372 -0.00215287 -0.00152053 -0.00198793 -0.00244713 -0.00175508 -0.00130688 -0.00236258 -0.00250085 -0.00214519 -0.00152618 -0.00156844 -0.00202766 -0.00207727 -0.00272277 -0.0020431 -0.00217338 -0.00208455 -0.00228663 -0.00147066 -0.00242628 -0.00139817 -0.00190206 -0.00225019 -0.002396 -0.000959317 -0.00131712 -0.00200933 -0.00114483 -0.00198409 -0.00227315 -0.00178612 -0.00218211 -0.00228103 -0.00191236 -0.00215346 -0.00158762 -0.000848431 -0.0015492 -0.00233002 -0.000825741 -0.00146378 -0.00116498 -0.00252852 -0.0014995 -0.00165775 -0.00214199 -0.00234979 -0.00228325 -0.00192477 -0.00193276 -0.0025417 -0.0018809 -0.0019645 -0.00104812 -0.00221972 -0.00149806 -0.0019657 -0.00257966 -0.00265531 -0.00189346 -0.0010414 -0.00214004 -0.00238232 -0.00299003 -0.00211467 
-0.00145746 -0.00164919 -0.00199877 -0.000803451 -0.00191139 -0.000828415 -0.00216261 -0.00214636 -0.00233125 -0.00219259 -0.0017981 -0.00187142 -0.00151536 0.00177823 0.0047542 0.00312748 0.0041368 0.14315 0.0023214 0.00251541 0.00231808 0.0038016 0.00151962 -0.00186198 -0.00197737 -0.00185261 -0.00176851 -0.00222566 -0.00174934 -0.00154271 -0.00151809 -0.00267924 -0.00202957 -0.00166199 -0.00198737 -0.0020966 -0.00259883 -0.00127774 -0.00214258 -0.00279974 -0.00179048 -0.00189237 -0.00224451 -0.00182749 -0.00173579 -0.00145975 -0.00187234 -0.00228515 -0.0024238 -0.00151386 -0.00166084 -0.0019406 -0.00224597 -0.00164902 -0.00143999 -0.00179683 -0.00218826 -0.00258357 -0.00259851 -0.00183576 -0.00144333 -0.00214342 -0.00231419 -0.00080897 -0.00196965 -0.00190518 -0.00207494 -0.00172763 -0.00108968 -0.00150108 -0.00196614 -0.00155583 -0.00172472 -0.00182664 -0.00148989 -0.00112603 -0.00192128 -0.00206567 -0.00142819 -0.00221292 -0.00236885 -0.00217698 -0.00180152 -0.00168688 -0.00232944 -0.00207008 -0.00144689 -0.00215703 -0.00223852 -0.00238377 -0.00144403 -0.00114965 -0.00308283 -0.0023669 -0.00127502 -0.00206727 -0.00136916 -0.00257595 -0.00165134 -0.00206426 
-0.00211943 -0.00156377 -0.00189914 -0.00176695 -0.00251669 -0.00168116 -0.00193756 -0.00210112 -0.00279052 -0.00335259 -0.00230189 -0.00292793 -0.00199977 0.00247594 0.00278829 0.00291485 0.00313866 0.0023214 0.147775 0.00234909 0.00136131 0.00268289 0.00225451 -0.00139178 -0.00195808 -0.00202091 -0.00278548 -0.0021328 -0.00123366 -0.00193144 -0.00165867 -0.00176252 -0.00146618 -0.00163925 -0.00197226 -0.00262364 -0.00157647 -0.00262649 -0.000839324 -0.00251845 -0.00165514 -0.00172766 -0.0011011 -0.00233407 -0.00172123 -0.00218446 -0.00170718 -0.00109515 -0.00187727 -0.00245153 -0.0024606 -0.00173629 -0.00191124 -0.00221696 -0.00189064 -0.00200441 -0.00196115 -0.00203184 -0.0016209 -0.00245224 -0.00120442 -0.00194685 -0.00217137 -0.000815763 -0.00185955 -0.00332637 -0.00176255 -0.00120395 -0.00167786 -0.00133879 -0.00188724 -0.00241236 -0.00153105 -0.00215475 -0.00155811 -0.00167419 -0.00198714 -0.00127856 -0.00176469 -0.00114894 -0.00162012 -0.0018606 -0.00141553 -0.00203741 -0.00163387 -0.00163139 -0.00209511 -0.00210237 -0.00170972 -0.00181475 -0.000642964 -0.00212705 -0.00230605 -0.00283739 -0.00208349 -0.00131388 -0.00234586 -0.00212674 -0.00151592 -0.000900755 
-0.00118352 -0.00147855 -0.00195716 -0.00176969 -0.00162747 -0.00153775 -0.00148772 -0.00184408 -0.00210005 -0.00154142 -0.00180262 -0.00089679 -0.00147572 -0.001507 0.00181755 0.00297436 0.00226567 0.00251541 0.00234909 0.145503 0.00292063 0.00284408 0.00257611 0.002318 0.00291197 -0.00193653 -0.00160409 -0.00215977 -0.0017175 -0.00274333 -0.00270438 -0.00273611 -0.00162296 -0.0020718 -0.00164018 -0.00209354 -0.00147502 -0.00192596 -0.000685561 -0.00176517 -0.00141498 -0.00234816 -0.00177796 -0.00223865 -0.00221437 -0.00272126 -0.002427 -0.00212176 -0.00203574 -0.00194196 -0.00156307 -0.00175274 -0.000520366 -0.00255955 -0.00128256 -0.00145536 -0.00153213 -0.00132146 -0.00207014 -0.00216385 -0.00201432 -0.00293562 -0.00133871 -0.00309824 -0.0020765 -0.00250519 -0.00227526 -0.0024202 -0.00261221 -0.00216379 -0.00287998 -0.00312268 -0.000813881 -0.00225463 -0.00241814 -0.00201812 -0.00224837 -0.00243137 -0.00127282 -0.001456 -0.00170671 -0.00149401 -0.00195215 -0.00202897 -0.00170637 -0.00244387 -0.000863195 -0.00206942 -0.00225521 -0.00175098 -0.00231479 -0.00174991 -0.00230465 -0.00227576 -0.00167858 -0.00120908 -0.00245287 -0.00223869 -0.00199685 -0.00159331 
-0.00172932 -0.00139728 -0.00167829 -0.00158259 -0.00271843 -0.00244124 -0.00209036 -0.00179408 -0.00195291 -0.00218284 -0.00254302 -0.00166635 -0.00162413 -0.0017871 -0.00157806 -0.00125421 0.0024424 0.00231808 0.00136131 0.00292063 0.136853 0.00295133 0.00353636 0.00263726 0.00287853 0.00170836 -0.00210159 -0.00146515 -0.00142949 -0.00162127 -0.00290985 -0.00207104 -0.00276051 -0.00211626 -0.00212162 -0.00217815 -0.00214535 -0.00175748 -0.00218356 -0.0019357 -0.000655953 -0.00149551 -0.00181504 -0.00113045 -0.00161886 -0.00149857 -0.00237807 -0.0013806 -0.00231684 -0.00230123 -0.00135656 -0.00190131 -0.00133252 -0.0015288 -0.00199899 -0.00129996 -0.00139837 -0.000858684 -0.00119406 -0.00192894 -0.00100098 -0.0016072 -0.00201447 -0.00132037 -0.00149085 -0.00146392 -0.00202671 -0.00293617 -0.00160935 -0.00186951 -0.00199579 -0.00160092 -0.0019472 -0.00125674 -0.00138303 -0.00158602 -0.00173427 -0.00161791 -0.00132564 -0.00161892 -0.00229667 -0.00196407 -0.00165165 -0.00166968 -0.00141509 -0.0024241 -0.00161596 -0.00114272 -0.00129961 -0.0014986 -0.00220253 -0.00187155 -0.00184256 -0.00140808 -0.00249471 -0.00154004 -0.00158161 -0.00215249 -0.00244099 -0.0014825 
-0.00279688 -0.0016877 -0.00143156 -0.00237143 -0.00173147 -0.00259023 -0.00212946 -0.00237138 -0.00202622 -0.00187193 -0.00168706 -0.00247023 -0.00146544 -0.00202642 -0.00232853 -0.000972959 0.00326738 0.0038016 0.00268289 0.00284408 0.00295133 0.147779 0.00409668 0.00243071 0.00252009 0.00342361 -0.00209398 -0.00136665 -0.00231711 -0.00176941 -0.00203841 -0.00151032 -0.00179688 -0.002038 -0.00210643 -0.00161529 -0.00118054 -0.00173483 -0.00209769 -0.00172835 -0.00140406 -0.00144961 -0.00310105 -0.00242884 -0.00158832 -0.00305002 -0.00207959 -0.00204827 -0.00218676 -0.00283099 -0.00212276 -0.00136673 -0.00178465 -0.00184616 -0.00214175 -0.00170284 -0.00177116 -0.00164491 -0.00152441 -0.00224374 -0.00183645 -0.00263863 -0.00271702 -0.00206849 -0.00252315 -0.00185004 -0.0024852 -0.00154054 -0.00180855 -0.002033 -0.00231872 -0.00198349 -0.00213158 -0.0011319 -0.00179555 -0.00100608 -0.00262314 -0.00141563 -0.00159115 -0.00166334 -0.00236175 -0.0025941 -0.00123123 -0.00185935 -0.00121899 -0.0021594 -0.00221637 -0.00145842 -0.00128529 -0.00159003 -0.00209951 -0.00305132 -0.00228973 -0.00150407 -0.00211315 -0.00150539 -0.00233701 -0.00224437 -0.00211115 -0.00173585 
-0.00186573 -0.0014541 -0.00277666 -0.00260514 -0.00231459 -0.00210758 -0.000941519 -0.00145671 -0.00215967 -0.00150431 -0.00294449 -0.00223216 -0.00234235 -0.00213052 -0.00133085 -0.000512329 -0.00134486 0.00151962 0.00225451 0.00257611 0.00353636 0.00409668 0.143247 0.00242866 0.00289304 0.00246209 0.00135139 -0.00192366 -0.00113771 -0.00212553 -0.00187173 -0.00292528 -0.00300282 -0.00249689 -0.00154756 -0.00256004 -0.00196543 -0.00130884 -0.002719 -0.00252821 -0.00153961 -0.00145673 -0.00199692 -0.00204734 -0.00202663 -0.00169393 -0.00256566 -0.000929255 -0.00188152 -0.000732326 -0.00117553 -0.0019154 -0.0021611 -0.00114292 -0.00238694 -0.00260587 -0.00205697 -0.0023334 -0.00215815 -0.00175872 -0.00158319 -0.00224805 -0.00195695 -0.00174428 -0.000143675 -0.00145042 -0.00223959 -0.00110874 -0.00164075 -0.00058856 -0.00235539 -0.00221338 -0.00124753 -0.0016789 -0.00158251 -0.00187963 -0.00193295 -0.00211884 -0.00178985 -0.00154646 -0.00197624 -0.00142416 -0.00166658 -0.00240534 -0.00130523 -0.00177554 -0.00207666 -0.00177017 -0.00178955 -0.00172368 -0.00181277 -0.00187382 -0.00219004 -0.00271395 -0.00202665 -0.00152004 -0.00161027 -0.00173902 -0.00140193 -0.00181263 
-0.00126442 -0.00222235 -0.00217743 -0.00189097 -0.00135644 -0.00184306 -0.00166189 -0.00244233 -0.00202654 -0.00205552 -0.00169617 -0.00144476 -0.00230988 -0.00201954 -0.00235758 -0.00208182 -0.00141302 -0.00186198 -0.00139178 0.002318 0.00263726 0.00243071 0.00242866 0.142386 0.00265533 0.00281079 0.00245213 0.00275431 -0.000450232 -0.0017168 -0.00229413 -0.00177778 -0.00146984 -0.00223683 -0.00126413 -0.00223982 -0.00222851 -0.00273335 -0.00158578 -0.0017928 -0.00212383 -0.00242852 -0.0023953 -0.00219609 -0.00273209 -0.00155473 -0.00230557 -0.00199583 -0.00210564 -0.00171257 -0.00184741 -0.00223906 -0.000656795 -0.00208636 -0.002409 -0.00158874 -0.00174453 -0.00216664 -0.00209402 -0.0014002 -0.00189855 -0.00173925 -0.0012991 -0.00119263 -0.0015495 -0.000934907 -0.00108294 -0.00188899 -0.00250517 -0.00284866 -0.00197408 -0.00260093 -0.00180267 -0.00194084 -0.00195283 -0.00267055 -0.00146891 -0.00196945 -0.00190461 -0.00167481 -0.00181365 -0.00163841 -0.0015074 -0.000612319 -0.00181205 -0.00122607 -0.00209295 -0.000690309 -0.00133472 -0.000883597 -0.00195766 -0.00183474 -0.00224994 -0.00138463 -0.00130813 -0.00148472 -0.00114393 -0.00157799 -0.000978006 -0.0013521 
-0.00219043 -0.000782788 -0.00258341 -0.00137429 -0.00248909 -0.00253839 -0.00185023 -0.00251884 -0.00213022 -0.00168708 -0.0024983 -0.00164848 -0.00311595 -0.00290017 -0.00246377 -0.00130877 -0.00220485 -0.00197737 -0.00195808 0.00291197 0.00287853 0.00252009 0.00289304 0.00265533 0.144388 0.00269025 0.0016811 0.00262883 0.00252116 0.00243562 -0.00144247 -0.00239823 -0.00176817 -0.00207815 -0.0018288 -0.00212308 -0.00162075 -0.00256839 -0.00288501 -0.00242536 -0.00174189 -0.00262482 -0.00171279 -0.00234174 -0.00136198 -0.00173735 -0.00241508 -0.00177196 -0.00148857 -0.00192166 -0.00200376 -0.00207324 -0.00158451 -0.00291055 -0.0015853 -0.00228943 -0.00181652 -0.00170734 -0.00185076 -0.00159668 -0.00201208 -0.00167059 -0.0022214 -0.00207337 -0.00128435 -0.00242724 -0.00161127 -0.00201327 -0.00142234 -0.00186896 -0.00227219 -0.00200012 -0.00177868 -0.00141841 -0.00116427 -0.00187379 -0.00162946 -0.00143273 -0.00141194 -0.0011381 -0.00202079 -0.00265489 -0.00214228 -0.00197887 -0.00126176 -0.00302192 -0.00199366 -0.00118396 -0.0015524 -0.00192747 -0.00205022 -0.00129556 -0.00124891 -0.00165982 -0.00259133 -0.00164746 -0.00138934 -0.00158589 -0.00129269 -0.00108534 
-0.0019848 -0.00172569 -0.00257074 -0.00186295 -0.00210659 -0.00206587 -0.00225906 -0.00232006 -0.00270043 -0.00256249 -0.00208832 -0.00222713 -0.0018765 -0.00206113 -0.00196142 -0.00269422 -0.0028761 -0.00185261 -0.00202091 -0.00193653 0.00170836 0.00342361 0.00246209 0.00281079 0.00269025 0.13941 0.00291838 0.00293679 0.00274741 0.00201967 0.00224745 -0.0010416 -0.00091708 -0.00231519 -0.00114305 -0.00185296 -0.00124591 -0.00168554 -0.00252327 -0.00214506 -0.00177214 -0.00192089 -0.00204114 -0.00150178 -0.00143266 -0.00162512 -0.00228911 -0.00225001 -0.00220761 -0.00148414 -0.00198069 -0.00149408 -0.00142233 -0.00197568 -0.00178342 -0.00191801 -0.00163132 -0.00241973 -0.00145163 -0.00227782 -0.00231707 -0.00233692 -0.00172999 -0.00180083 -0.00118425 -0.00121093 -0.00204406 -0.000804997 -0.00214881 -0.00190841 -0.00204754 -0.00106915 -0.00235806 -0.00140097 -0.00194813 -0.00156126 -0.00209363 -0.00160744 -0.00138081 -0.00203037 -0.00167282 -0.00183701 -0.00184939 -0.00136804 -0.00189169 -0.00120636 -0.00134198 -0.00176371 -0.00202519 -0.00190923 -0.00165894 -0.00185254 -0.0016953 -0.00209672 -0.00246764 -0.00232052 -0.00127387 -0.000964925 -0.00217157 -0.00152076 
-0.00146944 -0.00143367 -0.00243736 -0.00220599 -0.0022877 -0.00170146 -0.00204877 -0.00231689 -0.0022024 -0.00101605 -0.00246935 -0.00247649 -0.00243763 -0.00117938 -0.00255997 -0.00220171 -0.0031235 -0.00176851 -0.00278548 -0.00160409 -0.00210159 -0.00209398 0.00135139 0.00245213 0.0016811 0.00291838 0.136444 0.00229151 0.00218596 0.00389526 0.00273798 0.00198505 -0.000246741 -0.00151122 -0.0016231 -0.000951662 -0.00192523 -0.00252825 -0.00148163 -0.00197575 -0.00153071 -0.00182794 -0.0020923 -0.00135294 -0.00123853 -0.000888466 -0.00178103 -0.00163282 -0.00140713 -0.00153094 -0.00127661 -0.00213299 -0.00174558 -0.00217939 -0.00167502 -0.00190027 -0.00146246 -0.00145271 -0.000327326 -0.00176749 -0.00189469 -0.00201312 -0.00187247 -0.00101564 -0.00202413 -0.00215123 -0.00213372 -0.00076838 -0.00152716 -0.00281552 -0.00231254 -0.00127174 -0.000909138 -0.00196189 -0.00180634 -0.00198804 -0.00163992 -0.00222288 -0.00147443 -0.00180781 -0.00106375 -0.00155085 -0.000845071 -0.0024664 -0.00141864 -0.00209241 -0.00149448 -0.00130781 -0.00236434 -0.00138329 -0.00241654 -0.00195858 -0.00117346 -0.00146253 -0.00199575 -0.00154519 -0.00110689 -0.0015216 -0.00110949 -0.00268727 
-0.00158031 -0.00184608 -0.00255519 -0.00197034 -0.00188443 -0.000532502 -0.00185095 -0.00243295 -0.00209114 -0.00171532 -0.00234466 -0.00266151 -0.00224348 -0.00191016 -0.00145143 -0.00216612 -0.00205459 -0.00222566 -0.0021328 -0.00215977 -0.00146515 -0.00136665 -0.00192366 0.00275431 0.00262883 0.00293679 0.00229151 0.139755 0.00314032 0.00297737 0.0029868 0.00230353 0.00135748 -0.0011553 -0.000960941 -0.00134365 -0.00178331 -0.00197563 -0.0021841 -0.00194854 -0.00147415 -0.00180805 -0.00186021 -0.0021375 -0.00177193 -0.00132614 -0.00191904 -0.00217138 -0.00174872 -0.00194693 -0.00142676 -0.00110192 -0.0020805 -0.00205895 -0.00117623 -0.0018884 -0.00150037 -0.00186227 -0.00161108 -0.00213194 -0.00289495 -0.00234488 -0.0025683 -0.00218191 -0.00239565 -0.00187662 -0.00194155 -0.00139912 -0.00177116 -0.00223897 -0.00229023 -0.00264311 -0.00110592 -0.00136861 -0.00107043 -0.00149538 -0.00220115 -0.000872573 -0.00203754 -0.00220274 -0.00302479 -0.00185733 -0.00198554 -0.00138041 -0.000683243 -0.000696623 -0.00190576 -0.00106346 -0.00218115 -0.00094392 -0.0014752 -0.0020496 -0.00227109 -0.0013138 -0.00206666 -0.00215656 -0.00162006 -0.00154031 -0.000929868 -0.00216721 
-0.00152574 -0.00139743 -0.0022499 -0.00145188 -0.00115568 -0.00181669 -0.00186122 -0.00216633 -0.00209873 -0.00179927 -0.00226357 -0.00117396 -0.00225719 -0.00170147 -0.00269259 -0.00225019 -0.00269373 -0.00174934 -0.00123366 -0.0017175 -0.00142949 -0.00231711 -0.00113771 -0.000450232 0.00252116 0.00274741 0.00218596 0.00314032 0.132075 0.00272891 0.00313836 0.00295449 0.0030067 0.00216377 1.78795e-05 -0.00175474 -0.00120877 -0.00117653 -0.00230123 -0.00182574 -0.0010296 -0.0018073 -0.00209333 -0.00193878 -0.00132326 -0.00155834 -0.00169827 -0.00153861 -0.000958781 -0.00208351 -0.00140689 -0.00139156 -0.00267326 -0.00246536 -0.00139191 -0.00243177 -0.0017474 -0.00205571 -0.00169983 -0.00234742 -0.00232044 -0.00174709 -0.000983867 -0.00170823 -0.00208382 -0.00144232 -0.00182063 -0.00165704 -0.00174044 -0.0018333 -0.00177719 -0.00185837 -0.00145884 -0.00228749 -0.00195332 -0.00169684 -0.00107789 -0.00123961 -0.000889657 -0.00176231 -0.00239721 -0.00149152 -0.00237471 -0.00166391 -0.00175079 -0.0026859 -0.00224643 -0.00172601 -0.00174534 -0.00153779 -0.00147347 -0.00229399 -0.000978921 -0.00214105 -0.00123261 -0.00240152 -0.000957662 -0.00163947 -0.00180307 -0.00230129 
-0.00193297 -0.00229514 -0.0017779 -0.00261293 -0.00256634 -0.00240472 -0.00342643 -0.00186228 -0.00111042 -0.00199175 -0.00105965 -0.00101927 -0.00162206 -0.0010834 -0.00052356 -0.00165267 -0.00296215 -0.00154271 -0.00193144 -0.00274333 -0.00162127 -0.00176941 -0.00212553 -0.0017168 0.00243562 0.00201967 0.00389526 0.00297737 0.00272891 0.141598 0.00251626 0.00263071 0.00274192 0.00135267 -0.00143062 -0.00224262 -0.00193503 -0.00177016 -0.0018259 -0.00257248 -0.0017588 -0.00168504 -0.00195465 -0.00155219 -0.00190799 -0.00142014 -0.00186284 -0.00203643 -0.00170813 -0.0010379 -0.00200235 -0.00213401 -0.00189059 -0.00157027 -0.00234479 -0.00207653 -0.00229305 -0.00185398 -0.00151969 -0.00212874 -0.00263802 -0.00239343 -0.00161306 -0.00199927 -0.00259339 -0.002278 -0.00274658 -0.00204074 -0.00211334 -0.00137427 -0.0013313 -0.00136629 -0.00227698 -0.00199444 -0.00226207 -0.00201679 -0.00181925 -0.00168147 -0.00116282 -0.00192954 -0.00336892 -0.00168331 -0.00173108 -0.00170899 -0.00149618 -0.000684053 -0.00221631 -0.00181168 -0.000954283 -0.00100485 -0.00135331 -0.000973457 -0.000720096 -0.00113052 -0.002025 -0.00201674 -0.001886 -0.000949682 -0.0024324 -0.0012495 
-0.00192794 -0.00228099 -0.00151894 -0.00262174 -0.00167496 -0.00197103 -0.00271963 -0.00253448 -0.00209418 -0.00234362 -0.00222909 -0.00184277 -0.00178968 -0.00125882 -0.00233642 -0.00134092 -0.00271327 -0.00151809 -0.00165867 -0.00270438 -0.00290985 -0.00203841 -0.00187173 -0.00229413 -0.00144247 0.00224745 0.00273798 0.0029868 0.00313836 0.00251626 0.132564 0.00238618 0.00191554 0.0019788 0.00234878 0.00187784 -0.00216189 -0.00182558 -0.000545222 -0.000889068 -0.00239345 -0.00113469 -0.00219948 -0.00197585 -0.00205761 -0.00202681 -0.00141481 -0.00213603 -0.00144823 -0.00152567 -0.00226855 -0.00209308 -0.00204426 -0.00193707 -0.00116422 -0.00145809 -0.00144238 -0.0023556 -0.00177041 -0.000767306 -0.00292161 -0.00162723 -0.00153367 -0.00136681 -0.00117939 -0.000743432 -0.00116212 -0.00231405 -0.00169469 -0.0014106 -0.00100543 -0.000915072 -0.00216156 -0.00133817 -0.00152031 -0.00120565 -0.000781687 -0.0015907 -0.00222788 -0.00190353 -0.00264391 -0.00180572 -0.00162204 -0.00211061 -0.00143431 -0.00152083 -0.00198375 -0.00188885 -0.00133983 -0.0016304 -0.00222926 -0.00184845 -0.00113057 -0.00134452 -0.000962811 -0.00182026 -0.001963 -0.00120082 -0.0010631 -0.00187986 
-0.0013852 -0.00120648 -0.00119364 -0.00111965 -0.0022121 -0.00110636 -0.00175727 -0.00222316 -0.00212743 -0.00235623 -0.00203637 -0.00187792 -0.00258363 -0.00280053 -0.00274978 -0.00266227 -0.00195251 -0.00267924 -0.00176252 -0.00273611 -0.00207104 -0.00151032 -0.00292528 -0.00177778 -0.00239823 -0.0010416 0.00198505 0.00230353 0.00295449 0.00263071 0.00238618 0.133549 0.00250666 0.00326907 0.00266383 0.00219649 0.000767352 -0.0013834 -0.000843321 -0.00161164 -0.00151647 -0.00171739 -0.00262898 -0.00124528 -0.00144814 -0.00198556 -0.00151468 -0.002059 -0.000875641 -0.00210959 -0.00125928 -0.00125626 -0.00212924 -0.00208562 -0.000853435 -0.00210161 -0.00149134 -0.00153756 -0.00147125 -0.00207048 -0.00198659 -0.00181624 -0.00209782 -0.00170366 -0.00183167 -0.000964548 -0.00126013 -0.00171899 -0.00139642 -0.0022472 -0.00230417 -0.00125301 -0.00132204 -0.00113398 -0.00197675 -0.00204595 -0.00184104 -0.00171023 -0.00200318 -0.0023961 -0.00118058 -0.00232233 -0.00143839 -0.0016461 -0.00132971 -0.00164385 3.42173e-05 -0.00145302 -0.00194701 -0.00173266 -0.00179628 -0.00164798 -0.00137741 -0.0021176 -0.00218695 -0.00196113 -0.00142206 -0.002481 -0.00155171 -0.00155311 
-0.00134086 -0.00174544 -0.00137891 -0.00135686 -0.00138339 -0.00200886 -0.00238392 -0.00181061 -0.00161412 -0.00226744 -0.00262134 -0.00155427 -0.00160236 -0.00102816 -0.00175515 -0.00235024 -0.00125856 -0.00202957 -0.00146618 -0.00162296 -0.00276051 -0.00179688 -0.00300282 -0.00146984 -0.00176817 -0.00091708 -0.000246741 0.00135748 0.0030067 0.00274192 0.00191554 0.00250666 0.134495 0.00288325 0.00249901 0.00293596 0.000663529 0.00170696 -0.000691732 -0.00196278 -0.00128979 -0.00143264 -0.000951187 -0.00227873 -0.00180166 -0.00148977 -0.00208681 -0.00141183 -0.00223719 -0.00232016 -0.00207788 -0.00201343 -0.00179669 -0.00112346 -0.00120261 -0.00186615 -0.00204259 -0.00100595 -0.00215962 -0.00192749 -0.0024022 -0.00133744 -0.00172866 -0.00159046 -0.00201343 -0.00158711 -0.00161531 -0.0021389 -0.00177004 -0.00254604 -0.00192769 -0.00146378 -0.00249196 -0.00195016 -0.00131432 -0.00206246 -0.00189937 -0.00141611 -0.00206218 -0.00205362 -0.00223871 -0.00287952 -0.00276311 -0.0012662 -0.00131156 -0.00134212 -0.00190107 -0.00229515 -0.00154875 -0.00234695 -0.00120148 -0.00162211 -0.00115748 -0.00208153 -0.00167069 -0.00156564 -0.00123664 -0.00137762 -0.00224305 -0.00158029 
