0.124286 0.00294703 0.00187237 0.00181817 0.00188082 0.00171104 -0.000726422 -0.00139741 -0.00149014 -0.00113797 -0.00159157 -0.00128882 -0.00225105 -0.00133254 -0.00233815 -0.00185946 -0.0023048 -0.00209332 -0.00246044 -0.00225943 -0.000936718 -0.00153396 -0.00194031 -0.00143799 -0.00193183 -0.000834573 -0.00221975 -0.00111058 -0.00131417 -0.00170865 -0.00245468 -0.00162509 -0.00165145 -0.00135755 -0.00137493 -0.00180388 -0.0019761 -0.00174761 -0.00112405 -0.00191082 -0.00156564 -0.00183309 -0.00161168 -0.00234522 -0.00168026 -0.00168353 -0.00163885 -0.00177422 -0.00106586 -0.00169621 -0.00145795 -0.00175648 -0.00176178 -0.00161253 -0.00128305 -0.0012053 -0.00202364 -0.000715407 -0.00154476 -0.00127135 -0.00170563 -0.00152236 -0.00110573 -0.00177536 -0.00134768 -0.00187831 -0.00206941 -0.00149582 -0.0012089 -0.0016266 -0.0021471 -0.000899141 -0.00186371 -0.00147827 -0.00218911 -0.00189129 -0.00209049 -0.00188791 -0.00210223 -0.0018864 -0.00123954 -0.00116237 -0.00184097 -0.0012126 -0.000802145 -0.00134987 -0.00120949 -0.00151404 -0.00158655 -0.00152903 -0.000645336 -0.00197026 -0.000954633 -0.00157243 -0.000804504 -0.00112311 0.00185351 0.00204632 0.00261621 0.00171017 
0.00294703 0.128739 0.00269664 0.00218218 0.00269664 0.00223148 0.00266381 -0.000540277 -0.000527597 -0.000709127 -0.00104811 -0.00114588 -0.00148793 -0.00185427 -0.00250846 -0.0025083 -0.00133047 -0.00232246 -0.00086908 -0.00187566 -0.00145582 -0.00189065 -0.00157766 -0.000860432 -0.00248248 -0.00154251 -0.00184292 -0.00190932 -0.00209746 -0.0016146 -0.00217285 -0.00206353 -0.00214798 -0.00288231 -0.00158642 -0.00204792 -0.00189939 -0.00236113 -0.00185969 -0.00209555 -0.000796053 -0.00182849 -0.00148424 -0.00131712 -0.00173941 -0.00210084 -0.00213098 -0.00219147 -0.00193694 -0.00164721 -0.00110954 -0.00150503 -0.00185862 -0.000348315 -0.00149989 -0.0023382 -0.00180905 -0.00136156 -0.002062 -0.00151104 -0.00191861 -0.00229608 -0.00187201 -0.00202431 -0.00240036 -0.00190389 -0.00145842 -0.00233685 -0.000857801 -0.00154605 -0.00162191 -0.00153778 -0.00211614 -0.00171621 -0.00182132 -0.00217525 -0.00148336 -0.00163057 -0.00115813 -0.00139106 -0.000930519 -0.00129021 -0.00145028 -0.00182928 -0.00141993 -0.00155777 -0.00117949 -0.000735434 -0.00182081 -0.00189734 -0.00192809 -0.00188099 -0.0015564 -0.00126965 -0.0018762 -0.00136548 -0.00135808 0.00184655 0.00228068 0.00202235 
0.00187237 0.00269664 0.121441 0.00248492 0.00227405 0.0022529 0.00201495 0.00161701 -0.000344033 -0.000743529 -0.00189437 -0.00119132 -0.00131672 -0.00246214 -0.000464391 -0.00225903 -0.00231504 -0.00202555 -0.00274139 -0.00170099 -0.00170751 -0.00149837 -0.00127652 -0.00207447 -0.00147043 -0.00193759 -0.00184892 -0.00157748 -0.00212624 -0.0022617 -0.0016211 -0.0015244 -0.00223872 -0.00156071 -0.002342 -0.00195604 -0.00201642 -0.00177475 -0.00136004 -0.0019603 -0.00197846 -0.000940613 -0.00156246 -0.00156596 -0.0011592 -0.00255952 -0.00147266 -0.00201181 -0.00125811 -0.00137977 -0.00155984 -0.00162802 -0.00100088 -0.00157557 -0.00150119 -0.0018249 -0.000655005 -0.000960074 -0.00146435 -0.00108937 -0.000739444 -0.0012297 -0.00194927 -0.00112455 -0.00108314 -0.0019947 -0.00137353 -0.00150873 -0.00185311 -0.000557487 -0.00202728 -0.00146712 -0.00175632 -0.001642 -0.000867086 -0.00140076 -0.00110439 -0.00141593 -0.00143006 -0.00167548 -0.0017786 -0.00178323 -0.00225868 -0.00223216 -0.00174495 -0.00169218 -0.00181787 -0.00144272 -0.000835586 -0.00112043 -0.00127241 -0.00130072 -0.00119257 -0.00145097 -0.000786939 -0.0015037 -0.00104653 -0.00120821 0.00167666 0.00107777 
0.00181817 0.00218218 0.00248492 0.116992 0.00185206 0.00334018 0.00301517 0.00198001 0.00128354 -0.00110653 -0.00125443 -0.00189522 -0.0011219 -0.00172605 -0.00120575 -0.00195712 -0.00194087 -0.00263059 -0.00226453 -0.00270498 -0.00159384 -0.00185354 -0.00214451 -0.00194302 -0.00286069 -0.00220869 -0.00310532 -0.00143971 -0.001356 -0.00211304 -0.00168919 -0.001339 -0.00187958 -0.00192857 -0.00175024 -0.00112808 -0.00106132 -0.00139348 -0.00160087 -0.00202916 -0.00123623 -0.00164313 -0.00117113 -0.00126133 -0.00109063 -0.00174319 -0.00192485 -0.00159689 -0.00165543 -0.00154929 -0.00183978 -0.00152917 -0.00160956 -0.00156955 -0.00193818 -0.000611164 -0.00101895 -0.00118257 -0.00125785 -0.00151772 -0.0023138 -0.00177758 -0.00138246 -0.00131369 -0.00215462 -0.00130738 -0.000716624 -0.00108191 -0.000935255 -0.00114111 -0.00122625 -0.00108487 -0.00136093 -0.00148791 -0.000609883 -0.00101164 -0.000709161 -0.00156838 -0.00113025 -0.00135826 -0.00157285 -0.00119137 -0.00173503 -0.00143269 -0.00158577 -0.0016103 -0.00132715 -0.00140162 -0.00166007 -0.00140681 -0.00130119 -0.00124218 -0.00183878 -0.00133914 -0.00189482 -0.00118966 -0.00151481 -0.000741601 -0.00055753 0.00243907 
0.00188082 0.00269664 0.00227405 0.00185206 0.126874 0.0022238 0.00274308 0.00248304 0.00223046 0.00185811 -0.0012604 -0.00126074 -0.00123925 -0.00233 -0.00261235 -0.00224436 -0.00134498 -0.00311025 -0.00202549 -0.00151899 -0.00219027 -0.00190978 -0.00204655 -0.00209201 -0.00131509 -0.00180719 -0.00220668 -0.00231884 -0.00130258 -0.00034149 -0.00230189 -0.000944525 -0.00251268 -0.00162917 -0.00142381 -0.00192254 -0.00124994 -0.00197778 -0.0021047 -0.00230807 -0.00194464 -0.000921716 -0.0016037 -0.00211855 -0.000873545 -0.00170656 -0.00145053 -0.00192671 -0.00120046 -0.00153991 -0.00128479 -0.00144553 -0.00223497 -0.0014061 -0.00123465 -0.00179136 -0.00172213 -0.00159474 -0.00142451 -0.000839915 -0.00183035 -0.002758 -0.00196373 -0.00236043 -0.00240337 -0.0010868 -0.00195834 -0.00102775 -0.00197159 -0.0012086 -0.00181908 -0.000948747 -0.0011911 -0.00163258 -0.0011181 -0.00119292 -0.00150664 -0.000947806 -0.00160591 -0.00236643 -0.00228517 -0.00106101 -0.00148505 -0.00132763 -0.00206323 -0.000816554 -0.00205253 -0.00142046 -0.0018056 -0.00194244 -0.0014179 -0.00218027 -0.00112752 -0.00172839 -0.00118877 -0.00187357 -0.00104856 -0.00113255 -0.000383135 -0.000760036 
0.00171104 0.00223148 0.0022529 0.00334018 0.0022238 0.122022 0.00283291 0.0022758 0.0033626 0.00204253 0.00177227 -0.0008864 -0.000794247 -0.0016158 -0.00215279 -0.00223558 -0.00198053 -0.00290619 -0.0029548 -0.00252634 -0.00180276 -0.00159933 -0.00169263 -0.00194261 -0.00297446 -0.00179663 -0.00145576 -0.00134929 -0.00140525 -0.00184904 -0.00170239 -0.00173391 -0.00162497 -0.0021002 -0.00146032 -0.0019222 -0.00119852 -0.00182985 -0.000939461 -0.00127291 -0.00119153 -0.000927817 -0.0015103 -0.00109767 -0.000898972 -0.00193897 -0.00232164 -0.00236547 -0.00211744 -0.00182961 -0.00164968 -0.00156354 -0.00202976 -0.00128295 -0.00118146 -0.00136793 -0.00111387 -0.00105765 -0.00164743 -0.0018749 -0.00150924 -0.00197681 -0.00174887 -0.0021792 -0.00195574 -0.00172355 -0.00177848 -0.00160515 -0.0013271 -0.00174743 -0.000757701 -0.00155721 -0.00166094 -0.00104111 -0.000897149 -0.00163321 -0.00134031 -0.00153378 -0.00150156 -0.00219819 -0.00211906 -0.00136582 -0.00199086 -0.00128128 -0.00171041 -0.00256157 -0.00165263 -0.00160316 -0.00163462 -0.00204017 -0.00156422 -0.00109796 -0.0010371 -0.00111657 -0.00136823 -0.00143584 -0.00204116 -0.0013256 -0.00123345 -0.00154146 
-0.000726422 0.00266381 0.00201495 0.00301517 0.00274308 0.00283291 0.129323 0.00184428 0.00240308 0.00222332 0.00279628 0.00198019 -0.000865034 -0.00117257 -0.00263881 -0.000863677 -0.00189173 -0.00281564 -0.00227243 -0.00188639 -0.000798269 -0.0034288 -0.00131459 -0.00094595 -0.0023493 -0.00220383 -0.00247126 -0.00209319 -0.00214119 -0.00202842 -0.00229737 -0.00220075 -0.00158241 -0.00193049 -0.0011552 -0.00205171 -0.000770182 -0.00201026 -0.00136217 -0.00156492 -0.00166846 -0.00139185 -0.00174544 -0.00236558 -0.00180667 -0.00176405 -0.0019586 -0.00194541 -0.00210918 -0.00167552 -0.00196992 -0.00195518 -0.00177907 -0.00193991 -0.00265783 -0.00161146 -0.0026308 -0.00201803 -0.00144551 -0.00202794 -0.00184715 -0.0025209 -0.00212602 -0.0016436 -0.00118189 -0.00156786 -0.0018898 -0.00135464 -0.000433752 -0.00125252 -0.00116022 -0.00132069 -0.00101891 -0.00121869 -0.00114985 -0.00176319 -0.00250999 -0.00243737 -0.00137762 -0.0019215 -0.00206647 -0.00156945 -0.00174618 -0.00187297 -0.00141028 -0.0014886 -0.00131486 -0.00159518 -0.00156448 -0.00192538 -0.00170702 -0.00211565 -0.00134719 -0.00141883 -0.00160096 -0.00202958 -0.00119746 -0.00209599 -1.20679e-07 -0.00177748 
-0.00139741 -0.000540277 0.00161701 0.00198001 0.00248304 0.0022758 0.00184428 0.13211 0.00288126 0.00248722 0.00159398 0.00290744 0.00200229 -0.00146331 -0.00211445 -0.00151853 -0.00159178 -0.00124716 -0.00228714 -0.00220046 -0.00202878 -0.00174415 -0.00224204 -0.00179914 -0.0015409 -0.00198207 -0.00263972 -0.00268168 -0.00165248 -0.00192639 -0.00103838 -0.00212197 -0.0020722 -0.00255712 -0.00198741 -0.00270107 -0.00172753 -0.00194822 -0.00136935 -0.000928591 -0.00142766 -0.00209837 -0.00162697 -0.00207767 -0.00147247 -0.000988576 -0.00214473 -0.000650233 -0.00196911 -0.00129955 -0.00192471 -0.00169161 -0.00131417 -0.00139584 -0.00179862 -0.00180863 -0.00181369 -0.00163695 -0.00170057 -0.00145 -0.00169928 -0.00204416 -0.00158079 -0.00154055 -0.001534 -0.00165861 -0.000482081 -0.00133368 -0.00217487 -0.00177423 -0.00182173 -0.0019751 -0.00178542 -0.00191576 -0.00159747 -0.00159387 -0.00140605 -0.00188176 -0.00235753 -0.00174205 -0.00226986 -0.000726826 -0.00171148 -0.00226505 -0.00199406 -0.00198908 -0.00196386 -0.00244559 -0.00126467 -0.00143026 -0.00225151 -0.0021688 -0.00176751 -0.00162791 -0.00170969 -0.00162357 -0.00172411 -0.000712164 -0.00119397 -0.00210321 
-0.00149014 -0.000527597 -0.000344033 0.00128354 0.00223046 0.0033626 0.00240308 0.00288126 0.130315 0.00239914 0.00162569 0.00198631 0.00237154 0.00152812 -0.0010705 -0.00141624 -0.00165359 -0.00150238 -0.00236401 -0.00206098 -0.00281172 -0.00208376 -0.00241976 -0.0016851 -0.00245399 -0.0016787 -0.000904798 -0.00221959 -0.00250592 -0.000766418 -0.00112798 -0.00186785 -0.000959566 -0.00190607 -0.00152671 -0.00162089 -0.00183218 -0.00126378 -0.00135574 -0.00104611 -0.00139172 -0.00168386 -0.00211053 -0.00208817 -0.00212907 -0.00236578 -0.0025536 -0.00242176 -0.00210957 -0.000821728 -0.00160477 -0.00211723 -0.0022801 -0.0011069 -0.00191105 -0.00136096 -0.00112334 -0.00120355 -0.00188178 -0.00225201 -0.000782124 -0.00188328 -0.00162501 -0.00210136 -0.00107449 -0.00190999 -0.00166656 -0.00173905 -0.0015661 -0.00240453 -0.00208634 -0.00144316 -0.00178221 -0.00129453 -0.00166268 -0.00179025 -0.00179228 -0.00269272 -0.00130003 -0.00226808 -0.00198402 -0.00196396 -0.00206359 -0.00187714 -0.002068 -0.00193754 -0.00165171 -0.00124952 -0.00154088 -0.00179024 -0.00187564 -0.00173248 -0.00154545 -0.00226006 -0.000685677 -0.00209125 -0.0014348 -0.00172127 -0.0013793 -0.00168629 
-0.00113797 -0.000709127 -0.000743529 -0.00110653 0.00185811 0.00204253 0.00222332 0.00248722 0.00239914 0.125925 0.00205463 0.00200777 0.00245732 0.00213643 -0.00100431 -0.000484322 -0.00177641 -0.00238443 -0.00224662 -0.00175323 -0.00209977 -0.00168317 -0.00264575 -0.00155595 -0.000826388 -0.00217719 -0.00234029 -0.00236801 -0.00162528 -0.00187709 -0.00134225 -0.00199822 -0.00194066 -0.00230605 -0.00152255 -0.00161771 -0.00143755 -0.00106086 -0.00170918 -0.000634229 -0.00241748 -0.00192478 -0.00175129 -0.00156602 -0.00282462 -0.00192405 -0.00151165 -0.00212644 -0.00156142 -0.00138194 -0.00206457 -0.00133461 -0.00260173 -0.00145411 -0.00165493 -0.00102965 -0.00179635 -0.00135936 -0.00227194 -0.00184932 -0.00178373 -0.0019487 -0.00226343 -0.00224753 -0.00112783 -0.00234741 -0.00150167 -0.00154118 -0.00205865 -0.0012804 -0.000829166 -0.00144409 -0.00140999 -0.000971217 -0.000653208 -0.00127968 -0.00151298 -0.00100001 -0.0012444 -0.00143996 -0.00153314 -0.00193907 -0.00140793 -0.00167326 -0.00124926 -0.0022495 -0.00159029 -0.00198097 -0.00148785 -0.0017994 -0.00153262 -0.00118729 -0.00164702 -0.00167783 -0.00173427 -0.00175833 -0.00105257 -0.000866334 -0.00109187 -0.00172697 
-0.00159157 -0.00104811 -0.00189437 -0.00125443 -0.0012604 0.00177227 0.00279628 0.00159398 0.00162569 0.00205463 0.131415 0.00225069 0.00184579 0.00216095 0.00201191 0.00138381 -0.00063934 -0.0016737 -0.00289024 -0.00147926 -0.00119236 -0.00233501 -0.00266802 -0.00233161 -0.00282693 -0.00198029 -0.0026891 -0.00196512 -0.00212801 -0.00240435 -0.00238868 -0.00112013 -0.00166988 -0.0013945 -0.00210272 -0.00210685 -0.00181997 -0.00122067 -0.00201903 -0.00169426 -0.00156746 -0.00263089 -0.00155304 -0.00268743 -0.00243142 -0.00169216 -0.00239412 -0.00216854 -0.00151524 -0.00223555 -0.00235453 -0.00161784 -0.00175372 -0.00216545 -0.00170216 -0.0013658 -0.00119504 -0.00193271 -0.00155209 -0.00100697 -0.00101438 -0.00221605 -0.00132809 -0.000808408 -0.00113467 -0.0012398 -0.00127122 -0.00116654 -0.00169335 -0.00123408 -0.000512435 -0.00123161 -0.00158852 -0.00192843 -0.00152034 -0.00219746 -0.00113291 -0.00171758 -0.00157556 -0.00156095 -0.00226107 -0.00136949 -0.00219067 -0.00178117 -0.00131632 -0.00100169 -0.00171186 -0.00130685 -0.00161706 -0.00184328 -0.000759672 -0.00125558 -0.00205535 -0.00220759 -0.00137959 -0.00234345 -0.0011225 -0.00126436 -0.0016332 -0.0011066 
-0.00128882 -0.00114588 -0.00119132 -0.00189522 -0.00126074 -0.0008864 0.00198019 0.00290744 0.00198631 0.00200777 0.00225069 0.131017 0.00273601 0.0026459 0.00148961 0.00193541 0.00177534 -0.000542971 -0.00194152 -0.00293915 -0.00268981 -0.00250706 -0.00173487 -0.00235767 -0.00250888 -0.00170823 -0.00196037 -0.00325421 -0.0026631 -0.0022683 -0.00132674 -0.00273386 -0.00198713 -0.0023103 -0.00140424 -0.00190376 -0.00231436 -0.00165005 -0.0013191 -0.00159781 -0.00212808 -0.00222877 -0.00149882 -0.00167546 -0.0015892 -0.00212771 -0.00123176 -0.00221761 -0.00137496 -0.00229708 -0.00124084 -0.001547 -0.00134405 -0.00123096 -0.00177191 -0.001467 -0.00190002 -0.00182319 -0.00173413 -0.00186374 -0.001525 -0.0024227 -0.00196049 -0.00141755 -0.00134649 -0.00171557 -0.00134906 -0.00114103 -0.00164812 -0.00201275 -0.00133614 -0.000860131 -0.00196663 -0.0010183 -0.00166897 -0.00166539 -0.00153347 -0.0013855 -0.00140373 -0.00176669 -0.00122976 -0.00155791 -0.00146772 -0.0020787 -0.00144291 -0.00160416 -0.0018051 -0.00176994 -0.00160301 -0.00176537 -0.00182949 -0.00144203 -0.00142783 -0.00184263 -0.00183064 -0.00185526 -0.00108269 -0.00167765 -0.00141916 -0.00127143 
-0.00225105 -0.00148793 -0.00131672 -0.0011219 -0.00123925 -0.000794247 -0.000865034 0.00200229 0.00237154 0.00245732 0.00184579 0.00273601 0.138773 0.00273407 0.0026369 0.00133455 0.000576118 -0.00176127 -0.00172536 -0.00212509 -0.00189873 -0.00070039 -0.00308627 -0.00168384 -0.00289408 -0.00211557 -0.00255149 -0.0017287 -0.00258309 -0.0022967 -0.00219693 -0.00244406 -0.00170872 -0.00162364 -0.00159574 -0.000536264 -0.000977954 -0.00122691 -0.00177187 -0.00194984 -0.000832091 -0.00140413 -0.0011335 -0.00206333 -0.00228208 -0.00130423 -0.00153845 -0.0016766 -0.00186927 -0.00139035 -0.00195681 -0.00213159 -0.0022734 -0.00179172 -0.00103136 -0.00191403 -0.00158578 -0.00140243 -0.00153273 -0.0015681 -0.0018182 -0.00217076 -0.00226069 -0.00177145 -0.00250754 -0.00133105 -0.0017564 -0.00195492 -0.00217369 -0.00185643 -0.0018145 -0.00250091 -0.00230332 -0.00202525 -0.00231794 -0.00136195 -0.00184784 -0.00129116 -0.00135327 -0.00249851 -0.00163377 -0.0017834 -0.00168968 -0.00186957 -0.00180042 -0.00160549 -0.00144739 -0.00245129 -0.000246688 -0.00190488 -0.00179039 -0.000778808 -0.00163388 -0.00181083 -0.00221168 -0.00128149 -0.00127877 -0.00249878 -0.00128104 -0.00261299 
-0.00133254 -0.00185427 -0.00246214 -0.00172605 -0.00233 -0.0016158 -0.00117257 -0.00146331 0.00152812 0.00213643 0.00216095 0.0026459 0.00273407 0.135692 0.00184515 0.00283118 0.00297166 0.00345971 0.00226061 -0.00193026 -0.00241497 -0.0021322 -0.00232234 -0.00212458 -0.00231082 -0.00232479 -0.0028979 -0.00160188 -0.00254102 -0.00221717 -0.00231052 -0.00159752 -0.0015935 -0.00232624 -0.00148112 -0.00141892 -0.000892487 -0.0020074 -0.0022492 -0.00176399 -0.00191587 -0.00242209 -0.00205502 -0.00171091 -0.00201807 -0.00208878 -0.00287296 -0.00177601 -0.00210435 -0.00182527 -0.00167203 -0.00201996 -0.001907 -0.00214003 -0.00136801 -0.00152704 -0.00237999 -0.00222259 -0.00140347 -0.00218824 -0.00151841 -0.00307976 -0.00195423 -0.00191293 -0.00198813 -0.00158764 -0.00112302 -0.00160649 -0.00111351 -0.00245572 -0.0012607 -0.00167597 -0.00118373 -0.00188288 -0.00177968 -0.0015899 -0.0014519 -0.00215645 -0.00189071 -0.00104222 -0.00184864 -0.00204013 -0.000990212 -0.00144777 -0.00104868 -0.00140162 -0.00173618 -0.00123011 -0.00151892 -0.00154032 -0.0014998 -0.00101165 -0.0014823 -0.00145198 -0.00155408 -0.00154308 -0.0015785 -0.00147978 -0.00147918 -0.00209594 
-0.00233815 -0.00250846 -0.000464391 -0.00120575 -0.00261235 -0.00215279 -0.00263881 -0.00211445 -0.0010705 -0.00100431 0.00201191 0.00148961 0.0026369 0.00184515 0.141391 0.0027155 0.00289178 0.00299144 0.0038629 0.00270057 -0.00118813 -0.00109733 -0.00246747 -0.00192678 -0.00134735 -0.00139737 -0.00273611 -0.00186713 -0.00202916 -0.00203049 -0.00196042 -0.00319211 -0.00283675 -0.000873503 -0.00201815 -0.00235954 -0.00190831 -0.00207559 -0.00134503 -0.00152347 -0.00169856 -0.0027517 -0.00137082 -0.00184262 -0.00226815 -0.00188411 -0.00181551 -0.0018409 -0.00251535 -0.00240207 -0.00122582 -0.00203133 -0.00163024 -0.0020917 -0.00110828 -0.0019835 -0.00204475 -0.00159528 -0.00166709 -0.00121496 -0.00140431 -0.00206272 -0.00214717 -0.0020022 -0.00232553 -0.00150255 -0.002722 -0.00168283 -0.00145939 -0.00197428 -0.00104595 -0.00139841 -0.00178934 -0.00207937 -0.00223434 -0.00160098 -0.0023395 -0.00119331 -0.00237006 -0.00151913 -0.00119622 -0.00184342 -0.00182543 -0.00188213 -0.00192718 -0.00219147 -0.00161782 -0.00186048 -0.00181542 -0.00199371 -0.00146044 -0.00165848 -0.00200008 -0.00151922 -0.00207978 -0.00165441 -0.00157393 -0.000322604 -0.00205653 -0.00193192 
-0.00185946 -0.0025083 -0.00225903 -0.00195712 -0.00224436 -0.00223558 -0.000863677 -0.00151853 -0.00141624 -0.000484322 0.00138381 0.00193541 0.00133455 0.00283118 0.0027155 0.139654 0.00217205 0.00317177 0.00268952 0.0034637 -0.00218013 -0.00240853 -0.00183655 -0.00200977 -0.00305503 -0.00115862 -0.00208889 -0.000768963 -0.00141058 -0.00189836 -0.00143966 -0.00253341 -0.00167423 -0.00186196 -0.00083663 -0.00184177 -0.00216896 -0.00202089 -0.00164845 -0.00186245 -0.00178898 -0.00114119 -0.00189569 -0.00155787 -0.00210773 -0.00244246 -0.00193212 -0.00182944 -0.00168456 -0.00167533 -0.00155099 -0.00170351 -0.00153743 -0.00223733 -0.0022165 -0.00189203 -0.00202284 -0.00202419 -0.00107175 -0.0017802 -0.00147759 -0.00178885 -0.00169045 -0.00220945 -0.00168506 -0.00249131 -0.00141881 -0.00117819 -0.00137384 -0.0017461 -0.00176602 -0.00152831 -0.00147242 -0.001418 -0.00240041 -0.00193241 -0.00171981 -0.00252252 -0.00214357 -0.00239709 -0.00180962 -0.00160075 -0.00249581 -0.00172912 -0.00239525 -0.00251802 -0.00199629 -0.00155044 -0.00151228 -0.00124074 -0.00160216 -0.00260613 -0.00181025 -0.00123076 -0.000825832 -0.00187199 -0.00242706 -0.00111652 -0.00141256 -0.00109719 
-0.0023048 -0.00133047 -0.00231504 -0.00194087 -0.00134498 -0.00198053 -0.00189173 -0.00159178 -0.00165359 -0.00177641 -0.00063934 0.00177534 0.000576118 0.00297166 0.00289178 0.00217205 0.146999 0.003897 0.00223173 0.00401207 0.00298461 0.00288994 -0.0013801 -0.00224112 -0.00256021 -0.00196826 -0.00171984 -0.00248259 -0.00149187 -0.0024107 -0.00241054 -0.00172572 -0.00355769 -0.00203859 -0.00237887 -0.00139994 -0.00110593 -0.00228336 -0.00190132 -0.0023337 -0.00217516 -0.00234336 -0.00222465 -0.00257797 -0.00115547 -0.00249164 -0.00175427 -0.00193991 -0.00263124 -0.0014159 -0.00197726 -0.00209239 -0.00285382 -0.00231484 -0.000861987 -0.00108239 -0.0022213 -0.00193098 -0.00206085 -0.00182757 -0.00249698 -0.00198247 -0.00239548 -0.00268907 -0.00197056 -0.00164609 -0.00268196 -0.00240146 -0.00195559 -0.00227739 -0.00204833 -0.0012365 -0.00187193 -0.00177124 -0.00129057 -0.00129681 -0.00194968 -0.00213536 -0.00257624 -0.00123692 -0.00119397 -0.00215807 -0.00129721 -0.00185649 -0.00204081 -0.00189998 -0.0019409 -0.00212966 -0.00202582 -0.00129367 -0.00253739 -0.0016055 -0.00165998 -0.00162319 -0.00257395 -0.00131359 -0.00246677 -0.00171518 -0.00248306 -0.00158271 
-0.00209332 -0.00232246 -0.00202555 -0.00263059 -0.00311025 -0.00290619 -0.00281564 -0.00124716 -0.00150238 -0.00238443 -0.0016737 -0.000542971 -0.00176127 0.00345971 0.00299144 0.00317177 0.003897 0.142602 0.00288125 0.00306239 0.00285083 0.00252787 0.00249155 -0.00170929 -0.00195492 -0.00194501 -0.00225385 -0.00202893 -0.00132515 -0.00214516 -0.00179157 -0.00137359 -0.00263455 -0.00148785 -0.00207734 -0.0012259 -0.00163378 -0.00171381 -0.00175845 -0.00237819 -0.00239142 -0.00206297 -0.00153876 -0.00197963 -0.00117088 -0.00325203 -0.00183463 -0.00142743 -0.0027815 -0.00197771 -0.000862023 -0.0018741 -0.00221415 -0.00181105 -0.00100523 -0.00226915 -0.00212735 -0.00223652 -0.00154043 -0.00145047 -0.00169074 -0.00191712 -0.00181207 -0.00206319 -0.00190906 -0.00183337 -0.00135369 -0.00173922 -0.00249838 -0.0022617 -0.00246974 -0.00229348 -0.00308085 -0.00179184 -0.00238527 -0.00184918 -0.00146275 -0.00103378 -0.00190158 -0.00222463 -0.00215893 -0.00100595 -0.00283219 -0.00221218 -0.00164509 -0.00110851 -0.000976927 -0.00180652 -0.000907241 -0.00187407 -0.00140915 -0.00159717 -0.00198374 -0.000684801 -0.00168121 -0.00229741 -0.00170725 -0.00204501 -0.00178909 -0.00238144 
-0.00246044 -0.00086908 -0.00274139 -0.00226453 -0.00202549 -0.0029548 -0.00227243 -0.00228714 -0.00236401 -0.00224662 -0.00289024 -0.00194152 -0.00172536 0.00226061 0.0038629 0.00268952 0.00223173 0.00288125 0.147611 0.00318313 0.00212211 0.00379608 0.00285362 -0.00171996 -0.000734085 -0.0020758 -0.00240975 -0.00197003 -0.00234247 -0.00156323 -0.00215028 -0.00272907 -0.00157943 -0.00230898 -0.00178488 -0.00151485 -0.00250281 -0.00207951 -0.00121704 -0.00192509 -0.00165349 -0.00257651 -0.0011198 -0.00180052 -0.00162699 -0.00263591 -0.0009605 -0.0017509 -0.00216464 -0.00207039 -0.00234656 -0.00278041 -0.00212354 -0.0023696 -0.00240282 -0.0020844 -0.00280779 -0.00259714 -0.00220733 -0.00175826 -0.00220098 -0.0015806 -0.0027388 -0.00156501 -0.00152207 -0.00172991 -0.00182899 -0.00174097 -0.00119553 -0.00229573 -0.00231195 -0.00121885 -0.000879924 -0.00116293 -0.00248263 -0.000473555 -0.000853187 -0.00207402 -0.00183998 -0.00110934 -0.00115542 -0.00274275 -0.000943068 -0.00210184 -0.00206346 -0.00107127 -0.00169034 -0.00192356 -0.00204826 -0.00226672 -0.00151871 -0.00104801 -0.00217768 -0.00137664 -0.00315846 -0.00195974 -0.00282326 -0.00138799 -0.00132428 -0.00241732 
-0.00225943 -0.00187566 -0.00170099 -0.00270498 -0.00151899 -0.00252634 -0.00188639 -0.00220046 -0.00206098 -0.00175323 -0.00147926 -0.00293915 -0.00212509 -0.00193026 0.00270057 0.0034637 0.00401207 0.00306239 0.00318313 0.153943 0.00337768 0.00314807 0.00212964 0.00220874 0.00384739 -0.00117304 -0.00215488 -0.00134465 -0.00140445 -0.00192618 -0.00242188 -0.00170447 -0.00287206 -0.00235878 -0.0019347 -0.00239299 -0.0015871 -0.00224157 -0.00300279 -0.00291781 -0.00210336 -0.00214282 -0.00264179 -0.00177239 -0.00224182 -0.00339053 -0.00245728 -0.0011148 -0.0028949 -0.0030811 -0.00183253 -0.00153071 -0.00252686 -0.00214715 -0.00190967 -0.00230526 -0.00280885 -0.0018094 -0.00136032 -0.00218722 -0.00230843 -0.00220148 -0.00205296 -0.00214488 -0.00244571 -0.00179189 -0.00205088 -0.00235973 -0.00277771 -0.00212723 -0.00231968 -0.00184118 -0.00192439 -0.00217434 -0.00216246 -0.00102393 -0.00240618 -0.00170988 -0.00248755 -0.00192968 -0.00206301 -0.00263879 -0.00185917 -0.00166382 -0.00184417 -0.00173885 -0.00165292 -0.00144648 -0.00162088 -0.00184108 -0.0013642 -0.00189088 -0.00143737 -0.00177384 -0.00209253 -0.00100631 -0.00179643 -0.00309955 -0.00260502 -0.00274391 
-0.000936718 -0.00145582 -0.00170751 -0.00159384 -0.00219027 -0.00180276 -0.000798269 -0.00202878 -0.00281172 -0.00209977 -0.00119236 -0.00268981 -0.00189873 -0.00241497 -0.00118813 -0.00218013 0.00298461 0.00285083 0.00212211 0.00337768 0.14228 0.00400358 0.00357485 0.00218941 0.00164628 0.00247368 -0.00193632 -0.00158582 -0.00179708 -0.00176895 -0.00179877 -0.00245399 -0.0029993 -0.00123864 -0.00185291 -0.0017166 -0.00147096 -0.00160886 -0.00164802 -0.00289926 -0.00202794 -0.00231148 -0.00170515 -0.00203917 -0.00206199 -0.00224332 -0.00183371 -0.00104099 -0.00166075 -0.00209846 -0.0016253 -0.00149711 -0.00085659 -0.00192213 -0.0023278 -0.00179056 -0.00184426 -0.00156548 -0.00145808 -0.00135316 -0.00108651 -0.0014178 -0.00216479 -0.00170444 -0.00208949 -0.00171342 -0.00160578 -0.00237473 -0.00318 -0.00273555 -0.00253971 -0.00203751 -0.00253888 -0.00195569 -0.00183341 -0.00205642 -0.00230399 -0.00243472 -0.0025134 -0.00156008 -0.00205457 -0.00226407 -0.00202882 -0.00174357 -0.00211026 -0.00136476 -0.00169208 -0.00185183 -0.00171939 -0.00126998 -0.0017194 -0.00160883 -0.00131243 -0.00171743 -0.00180487 -0.00189261 -0.00176586 -0.00156674 -0.00157026 -0.00157091 
-0.00153396 -0.00189065 -0.00149837 -0.00185354 -0.00190978 -0.00159933 -0.0034288 -0.00174415 -0.00208376 -0.00168317 -0.00233501 -0.00250706 -0.00070039 -0.0021322 -0.00109733 -0.00240853 0.00288994 0.00252787 0.00379608 0.00314807 0.00400358 0.143952 0.00224183 0.00190082 0.00324602 0.0018625 -0.00183227 -0.00201153 -0.00148605 -0.00152768 -0.00222805 -0.00145988 -0.00212476 -0.00186302 -0.00228669 -0.00205034 -0.00155203 -0.000837795 -0.00129951 -0.00120982 -0.00229553 -0.00145082 -0.00194061 -0.00165037 -0.00158714 -0.00206451 -0.00157364 -0.00158645 -0.00228601 -0.0020815 -0.00134253 -0.00193056 -0.00194072 -0.00306026 -0.00130318 -0.00186727 -0.001101 -0.00202085 -0.00272525 -0.00172089 -0.0017496 -0.0019603 -0.00254169 -0.00247223 -0.00192008 -0.00194896 -0.0021192 -0.00227638 -0.0031272 -0.00182934 -0.00171547 -0.00148212 -0.00159242 -0.00155127 -0.00213911 -0.00128422 -0.00190945 -0.00201179 -0.001828 -0.00177502 -0.00190445 -0.00301758 -0.00232867 -0.0024983 -0.00117638 -0.00161028 -0.00303162 -0.00158696 -0.00156753 -0.00192184 -0.00150474 -0.00126875 -0.0026933 -0.00244986 -0.00179384 -0.0014579 -0.00162401 -0.0017529 -0.00213417 -0.00130713 
-0.00194031 -0.00157766 -0.00127652 -0.00214451 -0.00204655 -0.00169263 -0.00131459 -0.00224204 -0.00241976 -0.00264575 -0.00266802 -0.00173487 -0.00308627 -0.00232234 -0.00246747 -0.00183655 -0.0013801 0.00249155 0.00285362 0.00212964 0.00357485 0.00224183 0.147526 0.00323734 0.00155654 0.00164382 0.00204351 -0.00222335 -0.00250998 -0.00205574 -0.00296787 -0.00235288 -0.00245982 -0.00218799 -0.00243519 -0.00180364 -0.0020796 -0.00115352 -0.00135455 -0.00201848 -0.00119334 -0.00131983 -0.000913554 -0.000940922 -0.000786519 -0.00220751 -0.00232659 -0.00122178 -0.00184184 -0.00206209 -0.00166345 -0.00231423 -0.00227824 -0.0017577 -0.003035 -0.00197302 -0.00189643 -0.00148826 -0.00219439 -0.00158112 -0.00274093 -0.00185203 -0.000865124 -0.00148635 -0.00167691 -0.00194409 -0.00144911 -0.00295328 -0.00240106 -0.00248882 -0.00182926 -0.00154365 -0.00203029 -0.00126286 -0.00105993 -0.00267984 -0.00195945 -0.00147271 -0.00165838 -0.0026156 -0.00173768 -0.000795886 -0.000379905 -0.00184509 -0.00112273 -0.00165813 -0.0018444 -0.00204189 -0.00181197 -0.000736606 -0.00187257 -0.00177816 -0.00202234 -0.00152741 -0.00209779 -0.00177246 -0.00196667 -0.00217888 -0.00293174 -0.00181194 
-0.00143799 -0.000860432 -0.00207447 -0.00194302 -0.00209201 -0.00194261 -0.00094595 -0.00179914 -0.0016851 -0.00155595 -0.00233161 -0.00235767 -0.00168384 -0.00212458 -0.00192678 -0.00200977 -0.00224112 -0.00170929 -0.00171996 0.00220874 0.00218941 0.00190082 0.00323734 0.137491 0.00289622 0.00340785 0.00356574 0.00232992 -0.00117902 -0.000980008 -0.00228951 -0.00159829 -0.00229274 -0.00217276 -0.00166819 -0.000988138 -0.00169641 -0.00202939 -0.00171588 -0.00252736 -0.00180148 -0.00183139 -0.00206768 -0.00167366 -0.000648728 -0.0025754 -0.00238921 -0.00173182 -0.00121229 -0.00198561 -0.00194442 -0.00185244 -0.00146535 -0.00153616 -0.00203706 -0.00172581 -0.00140953 -0.00125969 -0.00232738 -0.00141266 -0.00094232 -0.00265569 -0.00145239 -0.00110769 -0.00224962 -0.00211053 -0.0019007 -0.00152206 -0.0017707 -0.00133977 -0.0023093 -0.00216419 -0.00245675 -0.00109442 -0.0020159 -0.00152599 -0.000942518 -0.00105623 -0.00185416 -0.00201315 -0.00191006 -0.00114169 -0.00179159 -0.00213525 -0.00147595 -0.00151176 -0.00214627 -0.00234226 -0.00145982 -0.00230215 -0.00114421 -0.00141794 -0.00175082 -0.00193955 -0.00184687 -0.00129808 -0.00211072 -0.00120684 -0.00201686 -0.00132747 
-0.00193183 -0.00248248 -0.00147043 -0.00286069 -0.00131509 -0.00297446 -0.0023493 -0.0015409 -0.00245399 -0.000826388 -0.00282693 -0.00250888 -0.00289408 -0.00231082 -0.00134735 -0.00305503 -0.00256021 -0.00195492 -0.000734085 0.00384739 0.00164628 0.00324602 0.00155654 0.00289622 0.149786 0.00314018 0.00331114 0.00293657 0.00286489 0.00207587 -0.00211635 -0.000972658 -0.00232855 -0.000863572 -0.000665396 -0.00147785 -0.00218675 -0.00170249 -0.00249346 -0.00295684 -0.00245245 -0.00230948 -0.00275792 -0.00162319 -0.00239928 -0.0015611 -0.00188108 -0.00143298 -0.00206705 -0.0025534 -0.00203005 -0.00235108 -0.00245436 -0.00199677 -0.00167746 -0.00349006 -0.00264687 -0.00232584 -0.00222788 -0.00186596 -0.00202633 -0.00248384 -0.00201953 -0.00109593 -0.00213707 -0.0020888 -0.00161219 -0.00177326 -0.00220489 -0.00271859 -0.00194848 -0.00228665 -0.00120915 -0.00223666 -0.00214486 -0.00236373 -0.00193125 -0.00238117 -0.00217684 -0.00162027 -0.00240275 -0.00229785 -0.00199993 -0.0010461 -0.00179988 -0.000988873 -0.00180123 -0.000360052 -0.00131194 -0.00186786 -0.00186672 -0.00157951 -0.00273711 -0.00153121 -0.00214836 -0.00164269 -0.00176954 -0.00212188 -0.00184816 -0.00145963 
-0.000834573 -0.00154251 -0.00193759 -0.00220869 -0.00180719 -0.00179663 -0.00220383 -0.00198207 -0.0016787 -0.00217719 -0.00198029 -0.00170823 -0.00211557 -0.00232479 -0.00139737 -0.00115862 -0.00196826 -0.00194501 -0.0020758 -0.00117304 0.00247368 0.0018625 0.00164382 0.00340785 0.00314018 0.139845 0.00222568 0.00299528 0.00203135 0.00290974 0.00265819 -0.00187513 -0.000629821 -0.00136298 -0.00229558 -0.00167762 -0.00235403 -0.00105963 -0.00174983 -0.00290426 -0.00235536 -0.00250783 -0.00187925 -0.0015527 -0.00186274 -0.00217654 -0.00242929 -0.00170734 -0.00164153 -0.00208998 -0.00219497 -0.00134463 -0.000777885 -0.001925 -0.00163919 -0.00111621 -0.00136534 -0.00224224 -0.00262984 -0.00136618 -0.00164802 -0.00271215 -0.00217622 -0.00215465 -0.00218783 -0.00187325 -0.00214807 -0.00233125 -0.00207012 -0.00237168 -0.00240718 -0.00256558 -0.0018436 -0.00183545 -0.00135043 -0.0022645 -0.00104289 -0.00150754 -0.00123685 -0.00206261 -0.00174207 -0.00252877 -0.00218378 -0.0022386 -0.00184188 -0.001081 -0.00149506 -0.00164537 -0.00130022 -0.00172641 -0.00229952 -0.0017494 -0.00306813 -0.0016174 -0.00160219 -0.00144026 -0.00178286 -0.00205981 -0.0016141 -0.00165764 
-0.00221975 -0.00184292 -0.00184892 -0.00310532 -0.00220668 -0.00145576 -0.00247126 -0.00263972 -0.000904798 -0.00234029 -0.0026891 -0.00196037 -0.00255149 -0.0028979 -0.00273611 -0.00208889 -0.00171984 -0.00225385 -0.00240975 -0.00215488 -0.00193632 -0.00183227 0.00204351 0.00356574 0.00331114 0.00222568 0.146209 0.00388394 0.00286351 0.00421368 0.00311393 0.00229355 -0.00186709 -0.00107843 -0.00254136 -0.00221707 -0.00193364 -0.00228595 -0.00149667 -0.00258904 -0.00290793 -0.00302644 -0.00270441 -0.0021696 -0.00287397 -0.00239201 -0.00198867 -0.00137933 -0.000992083 -0.00120266 -0.00192217 -0.00198574 -0.00196396 -0.00213745 -0.00219026 -0.00123303 -0.00238524 -0.0017267 -0.00232816 -0.00215993 -0.00203904 -0.00142754 -0.00230826 -0.000857563 -0.00146152 -0.00202869 -0.00178455 -0.00141073 -0.00244594 -0.00255105 -0.00292097 -0.0014329 -0.00175698 -0.00248503 -0.00121417 -0.00144713 -0.00215779 -0.00172297 -0.00241185 -0.00139659 -0.00174312 -0.00179304 -0.000966163 -0.001733 -0.00223414 -0.00171431 -0.000394191 -0.0013873 -0.00132649 -0.00146616 -0.00132078 -0.00175509 -0.00133128 -0.000659433 -0.00182754 -0.00190064 -0.00122483 -0.00192654 -0.0019677 -0.00184502 
-0.00111058 -0.00190932 -0.00157748 -0.00143971 -0.00231884 -0.00134929 -0.00209319 -0.00268168 -0.00221959 -0.00236801 -0.00196512 -0.00325421 -0.0017287 -0.00160188 -0.00186713 -0.000768963 -0.00248259 -0.00202893 -0.00197003 -0.00134465 -0.00158582 -0.00201153 -0.00222335 0.00232992 0.00293657 0.00299528 0.00388394 0.137456 0.00200809 0.00286535 0.0032983 0.00322458 0.00220347 -0.00177985 -0.000831221 -0.00135173 -0.00216519 -0.00154763 -0.00174308 -0.00248367 -0.00163051 -0.00190584 -0.00276023 -0.0013378 -0.00223962 -0.0010286 -0.00221315 -0.00187179 -0.00170375 -0.00122584 -0.00212811 -0.00242055 -0.00236254 -0.00209151 -0.00181197 -0.00189734 -0.00221224 -0.00180551 -0.00233539 -0.00240699 -0.00201311 -0.00218828 -0.00209873 -0.00137071 -0.0017064 -0.00216034 -0.000844475 -0.00103445 -0.00118625 -0.00242982 -0.000865603 -0.00175866 -0.0017592 -0.00173355 -0.00142897 -0.00102662 -0.00221633 -0.00214822 -0.00177785 -0.00204834 -0.00198554 -0.00185035 -0.00159206 -0.00188619 -0.00195451 -0.00136918 -0.00220981 -0.00105476 -0.000976844 -0.000866188 -0.0028544 -0.00125965 -0.0015764 -0.00211226 -0.00161002 -0.00190839 -0.00159049 -0.00216698 -0.00172751 -0.00166196 
-0.00131417 -0.00209746 -0.00212624 -0.001356 -0.00130258 -0.00140525 -0.00214119 -0.00165248 -0.00250592 -0.00162528 -0.00212801 -0.0026631 -0.00258309 -0.00254102 -0.00202916 -0.00141058 -0.00149187 -0.00132515 -0.00234247 -0.00140445 -0.00179708 -0.00148605 -0.00250998 -0.00117902 0.00286489 0.00203135 0.00286351 0.00200809 0.137257 0.00192749 0.00278051 0.00207288 0.00270735 0.00179 0.000109946 -0.00117589 -0.00195205 -0.00172156 -0.00240561 -0.00225972 -0.00305687 -0.00187641 -0.00253817 -0.00201405 -0.00306928 -0.00296319 -0.00191338 -0.0013843 -0.00157875 -0.00190245 -0.00230516 -0.00177434 -0.00233856 -0.0019112 -0.00149661 -0.0022228 -0.00196358 -0.00203227 -0.000830921 -0.00176535 -0.00102518 -0.00234666 -0.00109416 -0.00167292 -0.00155928 -0.00134793 -0.00159143 -0.00131639 -0.00220036 -0.00204775 -0.00159611 -0.00194838 -0.000555659 -0.00156973 -0.000927322 -0.00128534 -0.00150659 -0.00151716 -0.00125066 -0.00178252 -0.00224758 -0.00133299 -0.002688 -0.00174505 -0.000977806 -0.00194716 -0.00196748 -0.00177764 -0.0017211 -0.0024037 -0.0022877 -0.00182368 -0.00147999 -0.00126221 -0.000931444 -0.00140674 -0.000731967 -0.00173508 -0.00120668 -0.00172716 
-0.00170865 -0.0016146 -0.0022617 -0.00211304 -0.00034149 -0.00184904 -0.00202842 -0.00192639 -0.000766418 -0.00187709 -0.00240435 -0.0022683 -0.0022967 -0.00221717 -0.00203049 -0.00189836 -0.0024107 -0.00214516 -0.00156323 -0.00192618 -0.00176895 -0.00152768 -0.00205574 -0.000980008 0.00207587 0.00290974 0.00421368 0.00286535 0.00192749 0.137219 0.00265454 0.00286797 0.00285636 0.00231393 -0.00168136 -0.00234817 -0.00168898 -0.00138151 -0.00148685 -0.00226488 -0.00180005 -0.00291599 -0.00191518 -0.00204459 -0.00189416 -0.00174833 -0.00269663 -0.00165665 -0.00133145 -0.00166671 -0.00209482 -0.00107 -0.00103018 -0.00217761 -0.000878067 -0.00242621 -0.00191776 -0.00193261 -0.00112216 -0.00201764 -0.00168226 -0.00157828 -0.00129796 -0.00130483 -0.0011554 -0.001282 -0.00216053 -0.00169973 -0.00170816 -0.00278412 -0.000822482 -0.00176746 -0.00203839 -0.00190452 -0.00171053 -0.00229353 -0.00219096 -0.00203967 -0.001677 -0.00275687 -0.00198888 -0.00195386 -0.00180004 -0.00136075 -0.00211197 -0.00198199 -0.00172136 -0.00188356 -0.00183 -0.00196418 -0.0026289 -0.00176897 -0.00145833 -0.0015976 -0.00152669 -0.00157725 -0.00141116 -0.00184199 -0.00113545 -0.00133824 
-0.00245468 -0.00217285 -0.0016211 -0.00168919 -0.00230189 -0.00170239 -0.00229737 -0.00103838 -0.00112798 -0.00134225 -0.00238868 -0.00132674 -0.00219693 -0.00231052 -0.00196042 -0.00143966 -0.00241054 -0.00179157 -0.00215028 -0.00242188 -0.00179877 -0.00222805 -0.00296787 -0.00228951 -0.00211635 0.00265819 0.00311393 0.0032983 0.00278051 0.00265454 0.136124 0.00330105 0.00187634 0.00168814 0.00232233 0.00204063 -0.00171414 -0.00187253 -0.00269722 -0.00143437 -0.0014858 -0.00163715 -0.0011808 -0.00261678 -0.00167421 -0.00271834 -0.00194393 -0.00122968 -0.00185809 -0.00115199 -0.00188287 -0.0012534 -0.0014497 -0.00226954 -0.00140113 -0.00195862 -0.00160527 -0.00205542 -0.00179957 -0.00160362 -0.00167276 -0.0016 -0.00152734 -0.00110312 -0.00166392 -0.00128542 -0.00163557 -0.00118921 -0.00147368 -0.000875399 -0.00244741 -0.00222838 -0.00123786 -0.00261644 -0.00220241 -0.00184288 -0.00164485 -0.00213532 -0.00176221 -0.00228 -0.00212033 -0.00163813 -0.00186774 -0.00104839 -0.00167096 -0.0011234 -0.00167726 -0.00109675 -0.00148986 -0.00178595 -0.00201609 -0.0021256 -0.00167142 -0.00205887 -0.00161077 -0.00153457 -0.00208116 -0.00201921 -0.00257892 -0.00217827 
-0.00162509 -0.00206353 -0.0015244 -0.001339 -0.000944525 -0.00173391 -0.00220075 -0.00212197 -0.00186785 -0.00199822 -0.00112013 -0.00273386 -0.00244406 -0.00159752 -0.00319211 -0.00253341 -0.00172572 -0.00137359 -0.00272907 -0.00170447 -0.00245399 -0.00145988 -0.00235288 -0.00159829 -0.000972658 -0.00187513 0.00229355 0.00322458 0.00207288 0.00286797 0.00330105 0.13472 0.00201362 0.00297204 0.00246684 0.00240516 0.00221404 -0.00152866 -0.00137322 -0.0021401 -0.00149875 -0.00174935 -0.00241287 -0.00174624 -0.00226783 -0.0024797 -0.00313646 -0.0017242 -0.00222907 -0.00258422 -0.0015724 -0.00195721 -0.00167974 -0.0018228 -0.0017233 -0.00165892 -0.00188188 -0.00136139 -0.00123658 -0.001782 -0.00175311 -0.00201432 -0.00119639 -0.00122526 -0.00208459 -0.00204617 -0.00171895 -0.00180037 -0.00204328 -0.00192584 -0.00208654 -0.00122829 -0.00150611 -0.00187975 -0.00173215 -0.00177413 -0.0013143 -0.00295041 -0.00169189 -0.00147191 -0.00295694 -0.00194803 -0.00172683 -0.00149473 -0.00233629 -0.0017943 -0.00148621 -0.00132596 -0.00189325 -0.00161553 -0.00142035 -0.00137791 -0.0013136 -0.00096899 -0.00196245 -0.000986367 -0.00214019 -0.00179855 -0.000673015 -0.00105538 
-0.00165145 -0.00214798 -0.00223872 -0.00187958 -0.00251268 -0.00162497 -0.00158241 -0.0020722 -0.000959566 -0.00194066 -0.00166988 -0.00198713 -0.00170872 -0.0015935 -0.00283675 -0.00167423 -0.00355769 -0.00263455 -0.00157943 -0.00287206 -0.0029993 -0.00212476 -0.00245982 -0.00229274 -0.00232855 -0.000629821 -0.00186709 0.00220347 0.00270735 0.00285636 0.00187634 0.00201362 0.132473 0.00203878 0.00243017 0.0024833 0.00156863 0.00219797 -0.00194163 -0.00152541 -0.00168064 -0.00133459 -0.00170178 -0.00251811 -0.00201622 -0.00168691 -0.00196368 -0.00168181 -0.0019271 -0.00163086 -0.00099456 -0.00118831 -0.00259887 -0.00175643 -0.00148632 -0.00121653 -0.00165267 -0.00126236 -0.00140933 -0.00226751 -0.00056405 -0.00251339 -0.000793567 -0.0013857 -0.00141475 -0.001018 -0.00151874 -0.00125145 -0.00242624 -0.00199242 -0.00208629 -0.00180643 -0.0014136 -0.0015601 -0.000996448 -0.00205245 -0.000745454 -0.00168653 -0.00116516 -0.000988701 -0.00241043 -0.00207486 -0.00147167 -0.00114786 -0.00133479 -0.00152833 -0.00144702 -0.0015839 -0.000927985 -0.00235237 -0.00148907 -0.00128508 -0.0025334 -0.000785544 -0.00151447 -0.00151548 -0.00149869 -0.00200929 -0.00167327 -0.00201786 
