0.120643 0.00204951 0.00122159 0.00195715 0.00292947 0.00221761 -0.00156868 -0.00131573 -0.001042 -0.00121264 -0.00122155 -0.0011995 -0.00129926 -0.00162828 -0.00119512 -0.00149263 -0.00220361 -0.00238712 -0.00175358 -0.00135943 -0.00176596 -0.00156677 -0.00226824 -0.000799229 -0.00203686 -0.00189726 -0.00204406 -0.0017697 -0.0014874 -0.00133796 -0.00229108 -0.00160208 -0.00209849 -0.00139746 -0.00197706 -0.00208316 -0.00181677 -0.00181348 -0.00195717 -0.00140601 -0.00180424 -0.00171842 -0.00140699 -0.00204028 -0.000808975 -0.00131545 -0.00214036 -0.00174313 -0.00120998 -0.000874275 -0.000988578 -0.00123612 -0.00256119 -0.00115963 -0.00193309 -0.00126769 -0.00092679 -0.00170985 -0.00124572 -0.00148395 -0.00152995 -0.000811081 -0.00154942 -0.00148617 -0.00151504 -0.00150272 -0.00139247 -0.001153 -0.00180598 -0.0011422 -0.00113348 -0.00134405 -0.00130768 -0.00173277 -0.00160135 -0.00188132 -0.00196357 -0.00159173 -0.00146198 -0.00228848 -0.00123853 -0.00134979 -0.00196268 -0.00206234 -0.00185927 -0.00117485 -0.00201505 -0.000731997 -0.0019356 -0.000875074 -0.00128907 -0.00129807 -0.00162547 -0.00107145 -0.00137332 -0.00139068 0.00186 0.00241514 0.00209696 0.00192726 
0.00204951 0.114961 0.00270561 0.00175111 0.0015795 0.00198383 0.00140291 -0.00160784 -0.00207806 -0.00128825 -0.00123377 -0.00209609 -0.00125367 -0.00214905 -0.00153162 -0.00191724 -0.00182523 -0.00183746 -0.00207299 -0.00157821 -0.00186617 -0.00180043 -0.00123358 -0.00132586 -0.00155234 -0.00182266 -0.00161957 -0.00177608 -0.00123766 -0.00127602 -0.00229137 -0.00152562 -0.00168375 -0.00146716 -0.00124892 -0.00069553 -0.00151296 -0.00164685 -0.00152194 -0.000843331 -0.00154119 -0.00165424 -0.00125385 -0.00183678 -0.00155207 -0.00175164 -0.000747277 -0.00144177 -0.00196148 -0.000872281 -0.000674536 -0.00079217 -0.00179415 -0.00105375 -0.0012939 -0.00205097 -0.00200809 -0.000781459 -0.000927118 -0.00137392 -0.000712823 -0.000815857 -0.000899559 -0.0015812 -0.00150329 -0.00144846 -0.00199412 -0.0022962 -0.00081208 -0.000689617 -0.00166683 -0.000853719 -0.0011012 -0.00126668 -0.000940993 -0.00123866 -0.00202409 -0.00140495 -0.00177918 -0.00173386 -0.00132862 -0.00120579 -0.00143114 -0.00129793 -0.0018801 -0.00211381 -0.00144626 -0.00118783 -0.001361 -0.00166653 -0.00165682 -0.00155408 -0.00190606 -0.00198512 -0.0014761 -0.00113192 -0.000777454 0.00238618 0.00153572 0.00159473 
0.00122159 0.00270561 0.118883 0.00178973 0.00274334 0.000932574 0.00252358 0.00170662 -0.00180741 -0.000819033 -0.00140967 -0.00172608 -0.00179666 -0.000735824 -0.00227168 -0.00172217 -0.00120477 -0.00222139 -0.00202214 -0.00165537 -0.00140854 -0.00270877 -0.000866134 -0.0020024 -0.00184257 -0.00154759 -0.00174403 -0.00106747 -0.00140797 -0.00218568 -0.00206607 -0.00186091 -0.00169676 -0.00201696 -0.00123119 -0.00157826 -0.00181219 -0.00178647 -0.00228078 -0.00185659 -0.00201063 -0.00105985 -0.00224596 -0.00232777 -0.00261184 -0.00136697 -0.00103488 -0.000875517 -0.00136267 -0.00152143 -0.000949104 -0.00139197 -0.00179218 -0.00173343 -0.0012357 -0.00221435 -0.00167529 -0.000838553 -0.00180268 -0.00148773 -0.00119038 -0.00128027 -0.00117237 -0.00209741 -0.00183269 -0.00199609 -0.00123868 -0.00107307 -0.00142401 -0.00131481 -0.00186037 -0.0011658 -0.00114826 -0.0012975 -0.00102157 -0.00139206 -0.0016546 -0.00122256 -0.0012378 -0.00211921 -0.00149589 -0.00163841 -0.00124813 -0.00113061 -0.00118929 -0.000309803 -0.00134817 -0.00138896 -0.000544625 -0.00244577 -0.00162363 -0.00120887 -0.00121677 -0.00101003 -0.00137147 -0.000914598 -0.0013049 -0.000843006 0.00198822 0.00237611 
0.00195715 0.00175111 0.00178973 0.12351 0.00207408 0.00200606 0.00230201 0.0033591 0.00179465 -0.00160866 -0.00122018 -0.00110505 -0.00186582 -0.00211332 -0.00173574 -0.00135496 -0.0022628 -0.00247228 -0.00159533 -0.00147294 -0.00193012 -0.001872 -0.00186498 -0.00130606 -0.00176968 -0.00181876 -0.00216046 -0.00138878 -0.00235076 -0.00160972 -0.00236414 -0.00160495 -0.000918135 -0.00252329 -0.00153463 -0.00140558 -0.00140497 -0.000775686 -0.00219636 -0.00119156 -0.0023538 -0.00148561 -0.00210021 -0.00187146 -0.00136218 -0.00151591 -0.00171434 -0.0011638 -0.00153338 -0.00139584 -0.00135554 -0.0017253 -0.00171265 -0.0013681 -0.00125429 -0.00148138 -0.00204687 -0.0019351 -0.00122985 -0.00155894 -0.00155406 -0.00129584 -0.00163395 -0.00136229 -0.00148581 -0.00143146 -0.0022304 -0.00210565 -0.00148208 -0.00120233 -0.00191781 -0.00140674 -0.00220426 -0.0015899 -0.000930561 -0.000976045 -0.00114564 -0.00181213 -0.00192885 -0.00228443 -0.00153925 -0.00175892 -0.00182489 -0.00117704 -0.00116554 -0.00121151 -0.00120828 -0.000539515 -0.00161148 -0.00147869 -0.0016037 -0.000747359 -0.00167594 -0.00245621 -0.00148118 -0.00147315 -0.00104327 -0.000745687 -0.000865359 0.00200531 
0.00292947 0.0015795 0.00274334 0.00207408 0.126235 0.00233396 0.00143852 0.00237577 0.00220606 0.00248837 -0.000692416 -0.00170224 -0.00216469 -0.00155258 -0.00202217 -0.00230099 -0.00184298 -0.00257794 -0.00199657 -0.00235546 -0.00116603 -0.00113329 -0.0025564 -0.000748046 -0.00201616 -0.00238949 -0.00288971 -0.00200352 -0.0014756 -0.00205866 -0.00237236 -0.00253406 -0.00235453 -0.00163888 -0.00197986 -0.00198182 -0.00249828 -0.00139179 -0.00122985 -0.00193331 -0.00148193 -0.00179036 -0.00141255 -0.00149746 -0.00134733 -0.00165967 -0.00179711 -0.00191341 -0.0026702 -0.00123317 -0.00105447 -0.000983621 -0.00197667 -0.00154795 -0.00168807 -0.00158978 -0.000746845 -0.00148546 -0.00156755 -0.00178136 -0.00170287 -0.00129794 -0.00157731 -0.00176683 -0.0016968 -0.00180328 -0.000972202 -0.00114624 -0.00161166 -0.00119828 -0.000986288 -0.00190576 -0.000678686 -0.00107702 -0.00142407 -0.0011771 -0.0020552 -0.00188328 -0.00209396 -0.00166253 -0.00120412 -0.0015786 -0.00195003 -0.0019776 -0.00172168 -0.00179024 -0.00166455 -0.00104754 -0.000980476 -0.0010814 -0.00198856 -0.00108194 -0.00193932 -0.00154931 -0.000541081 -0.00196447 -0.000675181 -0.000521096 -0.00150268 -0.0011419 
0.00221761 0.00198383 0.000932574 0.00200606 0.00233396 0.128045 0.00239363 0.00240867 0.00267814 0.00230128 0.00183841 -0.000451274 -0.00187045 -0.000885545 -0.00144414 -0.0019258 -0.00195006 -0.00204306 -0.00110865 -0.0026682 -0.00181471 -0.0016484 -0.00184466 -0.00238174 -0.00124911 -0.00197137 -0.00266073 -0.00206629 -0.00175159 -0.00166918 -0.00177957 -0.00112682 -0.00176976 -0.00146283 -0.00143175 -0.00208953 -0.00163198 -0.00226438 -0.00113716 -0.00156437 -0.00250807 -0.00179574 -0.00181677 -0.00121598 -0.000913829 -0.00180604 -0.00110918 -0.00155489 -0.00207716 -0.00140312 -0.0021272 -0.00172898 -0.00233738 -0.00180991 -0.00136392 -0.00202067 -0.00233932 -0.00174205 -0.000905405 -0.00153921 -0.00179059 -0.00126276 -0.00144576 -0.00179897 -0.00208997 -0.00195634 -0.00145931 -0.00143418 -0.00225272 -0.00119921 -0.00181952 -0.00156184 -0.00127875 -0.0019858 -0.000883022 -0.00143843 -0.00170081 -0.001414 -0.00224139 -0.000862604 -0.00217255 -0.0014078 -0.00219 -0.00166241 -0.00148155 -0.000724899 -0.00144566 -0.00194813 -0.00108442 -0.00237402 -0.00104461 -0.00125592 -0.00157397 -0.0013532 -0.00199845 -0.00230595 -0.00219927 -0.00141072 -0.0021474 -0.00170436 
-0.00156868 0.00140291 0.00252358 0.00230201 0.00143852 0.00239363 0.127681 0.00214511 0.00206538 0.0021353 0.00201469 0.00199009 -0.000978108 -0.0021502 -0.00183054 -0.00189759 -0.00160109 -0.00261721 -0.00165228 -0.00286383 -0.00306002 -0.00213897 -0.0022013 -0.00192311 -0.00104352 -0.0025005 -0.00196671 -0.00216188 -0.00194051 -0.00153781 -0.00136296 -0.00128121 -0.00175877 -0.0014865 -0.00109639 -0.00116078 -0.00232643 -0.0021345 -0.00217863 -0.00142799 -0.00172052 -0.00189869 -0.00168309 -0.00243211 -0.000765953 -0.00100861 -0.00122184 -0.00100311 -0.00147341 -0.00152097 -0.00152914 -0.00180687 -0.0019907 -0.00148623 -0.00202288 -0.0012207 -0.00148132 -0.00218845 -0.000856855 -0.00181219 -0.00133029 -0.000570647 -0.00103435 -0.00183852 -0.000998017 -0.00158103 -0.00207878 -0.00159503 -0.00156206 -0.00136371 -0.00227526 -0.00183198 -0.00123618 -0.00190042 -0.00123164 -0.0017714 -0.00164979 -0.000746696 -0.00163101 -0.0022188 -0.00164987 -0.00224783 -0.00171526 -0.00156382 -0.00178277 -0.00157802 -0.0020924 -0.00154825 -0.000848461 -0.00183112 -0.00179944 -0.00180971 -0.00220986 -0.0024029 -0.00115561 -0.00211867 -0.00102745 -0.000665591 -0.0016435 -0.000983951 
-0.00131573 -0.00160784 0.00170662 0.0033591 0.00237577 0.00240867 0.00214511 0.125908 0.0037037 0.00190101 0.0020738 0.00278396 0.00199178 -0.0012258 -0.0015264 -0.00141722 -0.000839829 -0.00233047 -0.00193757 -0.00119407 -0.00299407 -0.001499 -0.00303146 -0.00274869 -0.0018867 -0.00230809 -0.00277386 -0.00223913 -0.00205707 -0.00206039 -0.001604 -0.00209205 -0.00170148 -0.00242059 -0.0013714 -0.00173526 -0.00217487 -0.00147773 -0.00205688 -0.00140173 -0.00158903 -0.00160249 -0.00184791 -0.00182274 -0.000803096 -0.00106408 -0.00087614 -0.00121548 -0.00197973 -0.00200397 -0.00151615 -0.00131863 -0.00193524 -0.00122878 -0.00147174 -0.0018213 -0.00206604 -0.00113849 -0.00164023 -0.00154497 -0.00158254 -0.00215358 -0.00157479 -0.00248257 -0.00189841 -0.00223896 -0.00159474 -0.00149127 -0.0023175 -0.00157155 -0.00153685 -0.00174058 -0.00163759 -0.00107454 -0.00102126 -0.0015301 -0.00141876 -0.00161714 -0.00197875 -0.0018225 -0.00188028 -0.00169663 -0.00169481 -0.00137289 -0.00173048 -0.00163737 -0.00153548 -0.00131524 -0.00122686 -0.000791979 -0.00169681 -0.0014169 -0.00174231 -0.00172485 -0.0013292 -0.00210611 -0.00130181 -0.000614946 -0.00197256 -0.00177046 
-0.001042 -0.00207806 -0.00180741 0.00179465 0.00220606 0.00267814 0.00206538 0.0037037 0.134072 0.0023893 0.0029329 0.00270333 0.00291633 0.00165915 -0.00127444 -0.00052084 -0.00174237 -0.00206547 -0.00137317 -0.00307144 -0.00206731 -0.00217013 -0.00268956 -0.00251536 -0.00182254 -0.0028791 -0.00291573 -0.00215989 -0.00267117 -0.00119343 -0.00179434 -0.00217754 -0.00213087 -0.00230428 -0.00194491 -0.00240494 -0.00147575 -0.00171898 -0.00141912 -0.0017063 -0.00130309 -0.00170116 -0.00156772 -0.00159731 -0.00160777 -0.00178558 -0.00149349 -0.000991358 -0.00250853 -0.00123396 -0.0014966 -0.00163097 -0.0017891 -0.00131148 -0.00153736 -0.00121558 -0.00149508 -0.00205705 -0.0012719 -0.00178528 -0.00124846 -0.00192806 -0.00132136 -0.00153245 -0.00151343 -0.00182302 -0.00273563 -0.00131106 -0.00206157 -0.00158327 -0.00169279 -0.00150786 -0.00175739 -0.0015278 -0.00251505 -0.00115869 -0.00116504 -0.00201982 -0.00221964 -0.00231755 -0.00138337 -0.00106856 -0.00211919 -0.0014742 -0.00105083 -0.00169314 -0.00204875 -0.00166259 -0.00225049 -0.00152573 -0.0017596 -0.00202933 -0.00222958 -0.00253432 -0.00211199 -0.00139411 -0.00201516 -0.0017454 -0.0016299 -0.00193775 
-0.00121264 -0.00128825 -0.000819033 -0.00160866 0.00248837 0.00230128 0.0021353 0.00190101 0.0023893 0.124688 0.00250964 0.00296926 0.00188972 0.00173188 -0.00131369 -0.00140084 -0.00217938 -0.00246076 -0.00265402 -0.00206781 -0.00198337 -0.00128866 -0.00192996 -0.00108101 -0.00247045 -0.00154525 -0.00095191 -0.00162777 -0.00128374 -0.00177536 -0.00137183 -0.00191207 -0.00138689 -0.00156498 -0.00170655 -0.00291558 -0.00213317 -0.00202477 -0.00183466 -0.00316202 -0.00137286 -0.00120848 -0.0014749 -0.00160728 -0.0013364 -0.00174574 -0.00165388 -0.00155128 -0.00126245 -0.0012407 -0.00207531 -0.00171668 -0.00192431 -0.00143338 -0.00108969 -0.00136473 -0.00105212 -0.00135559 -0.00160962 -0.00112726 -0.00140504 -0.000777653 -0.00122525 -0.00196337 -0.00142163 -0.00222502 -0.0023266 -0.00187002 -0.00153177 -0.00176445 -0.00116438 -0.00129646 -0.00155348 -0.00146601 -0.00139816 -0.00172922 -0.0017562 -0.00190774 -0.00186438 -0.00174553 -0.0021586 -0.00176347 -0.0011102 -0.00103483 -0.00169431 -0.000950586 -0.0016315 -0.00162153 -0.00161316 -0.00133962 -0.000650643 -0.00118547 -0.00183332 -0.00113911 -0.00193473 -0.00157415 -0.00143986 -0.00178368 -0.00215706 -0.00183816 
-0.00122155 -0.00123377 -0.00140967 -0.00122018 -0.000692416 0.00183841 0.00201469 0.0020738 0.0029329 0.00250964 0.131473 0.00322048 0.00245788 0.0025427 0.00251985 0.00228167 -0.00146893 -0.00180339 -0.00195159 -0.00227778 -0.00293708 -0.00232343 -0.0016237 -0.00245046 -0.00189851 -0.00343368 -0.00183953 -0.00234087 -0.00266372 -0.00255346 -0.00163357 -0.00226504 -0.00239663 -0.00241285 -0.00153488 -0.00141608 -0.00157986 -0.00204873 -0.00150669 -0.00164913 -0.0015115 -0.00117108 -0.00130133 -0.0021695 -0.00168997 -0.00239933 -0.00188637 -0.000839185 -0.0021698 -0.00230054 -0.00115299 -0.0022011 -0.00150682 -0.000829271 -0.00140123 -0.00200514 -0.00274514 -0.00191814 -0.0014461 -0.0018824 -0.00170279 -0.00234752 -0.00137569 -0.00074789 -0.0015055 -0.00109987 -0.0020873 -0.00124665 -0.00222233 -0.0019472 -0.00128543 -0.00166524 -0.00120697 -0.00180136 -0.00147722 -0.00124267 -0.00121208 -0.00197188 -0.00182091 -0.00203692 -0.00188013 -0.00146029 -0.00141068 -0.00207534 -0.00210205 -0.00206713 -0.00246609 -0.000899084 -0.00158345 -0.00213284 -0.00135437 -0.00173616 -0.00184168 -0.00131828 -0.00160404 -0.00182425 -0.00239453 -0.00100297 -0.000657247 -0.00173736 
-0.0011995 -0.00209609 -0.00172608 -0.00110505 -0.00170224 -0.000451274 0.00199009 0.00278396 0.00270333 0.00296926 0.00322048 0.138658 0.00310216 0.00270241 0.00301723 0.00343145 0.00284822 -0.000952321 -0.00178059 -0.00123864 -0.00178168 -0.00124235 -0.00185918 -0.000799393 -0.00168082 -0.00222502 -0.00287246 -0.00302859 -0.00199291 -0.00296455 -0.00188475 -0.00233982 -0.00231057 -0.00223032 -0.00146368 -0.00228116 -0.00223751 -0.00148618 -0.00278295 -0.00236055 -0.000494725 -0.00245715 -0.00205839 -0.00186553 -0.00220158 -0.00242295 -0.00192185 -0.00177264 -0.00191879 -0.00195645 -0.00172966 -0.00104238 -0.00236152 -0.00263438 -0.0013223 -0.00199116 -0.0017806 -0.00229039 -0.00161507 -0.00192966 -0.00155776 -0.0025884 -0.00218139 -0.00186305 -0.00173015 -0.00237102 -0.00204009 -0.00178506 -0.002241 -0.00147767 -0.00188942 -0.00180685 -0.00149248 -0.00130596 -0.00212944 -0.00159431 -0.00151253 -0.00186189 -0.0015267 -0.0016712 -0.00198451 -0.00167262 -0.00215437 -0.00162521 -0.00217701 -0.00190393 -0.00262189 -0.0019707 -0.00157794 -0.00208767 -0.00168472 -0.00240893 -0.0022412 -0.00290093 -0.0015344 -0.00251019 -0.00226976 -0.000732355 -0.00134346 -0.00155488 
-0.00129926 -0.00125367 -0.00179666 -0.00186582 -0.00216469 -0.00187045 -0.000978108 0.00199178 0.00291633 0.00188972 0.00245788 0.00310216 0.130419 0.00290179 0.00221608 0.00234203 0.0039854 -0.00170332 -0.00105024 -0.00141745 -0.00194313 -0.00116844 -0.00201648 -0.00273367 -0.00170006 -0.0024131 -0.00199801 -0.00272086 -0.00178684 -0.00265794 -0.00165207 -0.00110709 -0.00170825 -0.0025905 -0.00188254 -0.00164353 -0.00164209 -0.00190677 -0.00171656 -0.00167268 -0.00145402 -0.00142591 -0.00134869 -0.00204914 -0.000977106 -0.0024551 -0.00131903 -0.00159342 -0.00144108 -0.00151343 -0.00221325 -0.00174432 -0.00228787 -0.00180311 -0.00200548 -0.00132358 -0.00177805 -0.00160591 -0.00202155 -0.00134263 -0.000694963 -0.00122406 -0.00150126 -0.0013119 -0.00108426 -0.00147636 -0.00138461 -0.00169393 -0.00160696 -0.00192063 -0.00127945 -0.00139334 -0.00180988 -0.00225413 -0.00160277 -0.00153595 -0.00212563 -0.00231705 -0.00204019 -0.00231574 -0.00202801 -0.00217281 -0.00182462 -0.00173883 -0.00161526 -0.00292556 -0.00228037 -0.0010695 -0.00104491 -0.00141014 -0.001593 -0.00128686 -0.00159868 -0.00158421 -0.00166342 -0.0023764 -0.00156131 -0.000823637 -0.00149529 -0.0017929 
-0.00162828 -0.00214905 -0.000735824 -0.00211332 -0.00155258 -0.000885545 -0.0021502 -0.0012258 0.00165915 0.00173188 0.0025427 0.00270241 0.00290179 0.140017 0.00289274 0.00334853 0.00266833 0.0025564 0.0021782 -0.00268271 -0.00197976 -0.00187694 -0.00243261 -0.00191454 -0.00202068 -0.00194373 -0.00245588 -0.0023105 -0.00201493 -0.00197203 -0.00110205 -0.00242441 -0.00292818 -0.00169593 -0.00192737 -0.00163835 -0.00232863 -0.00227625 -0.00224405 -0.00161309 -0.00299724 -0.00279841 -0.00254446 -0.00149497 -0.00246044 -0.0017486 -0.0011881 -0.00140994 -0.00212329 -0.00125583 -0.00231805 -0.00113217 -0.00207715 -0.0019047 -0.00122158 -0.00140021 -0.00184771 -0.00199868 -0.00160935 -0.00127364 -0.00204992 -0.00155563 -0.00220853 -0.00191364 -0.00119277 -0.00236311 -0.00257092 -0.0024783 -0.00150972 -0.00131122 -0.00263469 -0.00158168 -0.00143433 -0.0015253 -0.00213386 -0.00149802 -0.00103877 -0.00161712 -0.00177149 -0.00200237 -0.00166577 -0.00148176 -0.00202898 -0.0018103 -0.00236438 -0.0013303 -0.00194166 -0.00241485 -0.00190883 -0.00243308 -0.00184118 -0.00135427 -0.00126981 -0.00151899 -0.00179296 -0.00135637 -0.00148028 -0.00304946 -0.000999117 -0.00173793 
-0.00119512 -0.00153162 -0.00227168 -0.00173574 -0.00202217 -0.00144414 -0.00183054 -0.0015264 -0.00127444 -0.00131369 0.00251985 0.00301723 0.00221608 0.00289274 0.138147 0.00342717 0.00330698 0.00331105 0.00246097 0.00348064 -0.00213806 -0.000806062 -0.0019944 -0.00136624 -0.00285129 -0.00210235 -0.00236698 -0.00234349 -0.00227043 -0.00184422 -0.00339402 -0.00255575 -0.00160575 -0.00271258 -0.00138851 -0.00184787 -0.00267988 -0.00233026 -0.00127717 -0.00217225 -0.00198438 -0.0019658 -0.00215415 -0.00235376 -0.0021285 -0.00163009 -0.00196075 -0.0015698 -0.00110248 -0.00144543 -0.00147386 -0.00152612 -0.00211478 -0.00189107 -0.00197386 -0.00178882 -0.00181348 -0.000656093 -0.00204858 -0.00280018 -0.00180309 -0.00151621 -0.00153256 -0.00150247 -0.00203614 -0.00190774 -0.0027055 -0.00150228 -0.00200842 -0.00131128 -0.00113466 -0.00219121 -0.0020788 -0.00203596 -0.00201718 -0.00111623 -0.00152504 -0.00157567 -0.00125835 -0.00211636 -0.000446219 -0.0018681 -0.00196829 -0.00179043 -0.00142647 -0.0022965 -0.00206231 -0.0014739 -0.00178169 -0.00263357 -0.000756381 -0.0020361 -0.00197896 -0.0017146 -0.00192335 -0.00175627 -0.00228129 -0.00182743 -0.00127647 -0.00203107 
-0.00149263 -0.00191724 -0.00172217 -0.00135496 -0.00230099 -0.0019258 -0.00189759 -0.00141722 -0.00052084 -0.00140084 0.00228167 0.00343145 0.00234203 0.00334853 0.00342717 0.134702 0.00320336 0.00212319 0.00258542 0.00307164 -0.00163611 -0.00216829 -0.00152268 -0.00164892 -0.00160878 -0.00130577 -0.00167853 -0.00117929 -0.00189781 -0.00161278 -0.00197939 -0.00174738 -0.00201235 -0.00231724 -0.00156368 -0.00188005 -0.00291356 -0.00216988 -0.00194623 -0.00152196 -0.001898 -0.00193183 -0.00257201 -0.00290232 -0.00293214 -0.00234319 -0.00154409 -0.00232471 -0.00105811 -0.00196294 -0.00212369 -0.00167516 -0.00211514 -0.00107923 -0.00173526 -0.00203311 -0.00162877 -0.00105903 -0.00197798 -0.00119549 -0.0017376 -0.00150853 -0.00228237 -0.000881374 -0.00201659 -0.0017267 -0.00104486 -0.00155018 -0.00198292 -0.00233682 -0.00256457 -0.00227783 -0.00183936 -0.00270664 -0.00194439 -0.00219036 -0.00179887 -0.00136603 -0.000905866 -0.00125599 -0.00217569 -0.00147904 -0.00129037 -0.00152863 -0.00245007 -0.00145214 -0.00207256 -0.00157814 -0.00167801 -0.00176354 -0.00167478 -0.000772924 -0.00126556 -0.00145494 -0.00210393 -0.00145335 -0.00226063 -0.00186185 -0.00207593 -0.00185349 
-0.00220361 -0.00182523 -0.00120477 -0.0022628 -0.00184298 -0.00195006 -0.00160109 -0.000839829 -0.00174237 -0.00217938 -0.00146893 0.00284822 0.0039854 0.00266833 0.00330698 0.00320336 0.146748 0.00290438 0.00302425 0.00124115 0.0032429 0.00268936 -0.00106931 -0.000919552 -0.001496 -0.0026785 -0.00191813 -0.00190532 -0.00247632 -0.0020337 -0.00126491 -0.00203314 -0.00268196 -0.00290474 -0.00117805 -0.00215215 -0.00237161 -0.00282394 -0.00202895 -0.0028818 -0.001782 -0.00174958 -0.0018116 -0.00243 -0.00256277 -0.00220457 -0.00239931 -0.00216032 -0.00188595 -0.00198429 -0.00282974 -0.00265542 -0.0022539 -0.002065 -0.00228551 -0.00256923 -0.00195761 -0.00119156 -0.00270529 -0.00186553 -0.000662749 -0.00161656 -0.00236617 -0.001671 -0.00158401 -0.00156883 -0.00127991 -0.00214474 -0.00161658 -0.00296696 -0.00189688 -0.00210824 -0.0013865 -0.00172445 -0.001799 -0.00194112 -0.00116215 -0.0018149 -0.00168004 -0.00269369 -0.0021372 -0.00208128 -0.00217303 -0.00235811 -0.00154096 -0.00239875 -0.00280787 -0.00222484 -0.00145109 -0.00129646 -0.00214223 -0.00265928 -0.00113125 -0.00292114 -0.00253847 -0.00170559 -0.00199463 -0.00199563 -0.00194993 -0.00138213 
-0.00238712 -0.00183746 -0.00222139 -0.00247228 -0.00257794 -0.00204306 -0.00261721 -0.00233047 -0.00206547 -0.00246076 -0.00180339 -0.000952321 -0.00170332 0.0025564 0.00331105 0.00212319 0.00290438 0.146569 0.00415967 0.00285641 0.00327922 0.00290397 0.00274609 -0.000977921 -0.00137895 -0.00170472 -0.0017386 -0.00198047 -0.00188619 -0.00159573 -0.002393 -0.00164995 -0.0015454 -0.00222967 -0.0022825 -0.00216423 -0.00226962 -0.00225662 -0.00225847 -0.00252267 -0.0029423 -0.00178261 -0.00291153 -0.00192265 -0.00155133 -0.00161077 -0.00207664 -0.00162592 -0.00235557 -0.00186288 -0.00198073 -0.00123768 -0.000842949 -0.00153303 -0.000947312 -0.00133123 -0.00220649 -0.00170913 -0.00127051 -0.0018055 -0.00154379 -0.00187116 -0.00126365 -0.00228927 -0.00188843 -0.000604864 -0.00183655 -0.00281601 -0.00100347 -0.00164974 -0.00214653 -0.0012987 -0.00157736 -0.00157072 -0.00282977 -0.00153926 -0.00194683 -0.0018276 -0.00185234 -0.00237611 -0.00228331 -0.00257881 -0.00167546 -0.0022602 -0.00195114 -0.00225979 -0.00289928 -0.00168019 -0.000703696 -0.00247676 -0.00175473 -0.00203286 -0.00179783 -0.00243993 -0.0025652 -0.00197805 -0.00277883 -0.00182887 -0.00224962 -0.00166922 
-0.00175358 -0.00207299 -0.00202214 -0.00159533 -0.00199657 -0.00110865 -0.00165228 -0.00193757 -0.00137317 -0.00265402 -0.00195159 -0.00178059 -0.00105024 0.0021782 0.00246097 0.00258542 0.00302425 0.00415967 0.140825 0.00315933 0.00308998 0.00180941 0.00326149 -0.00125612 -0.00119387 -0.00243713 -0.00167494 -0.0010746 -0.00276788 -0.00175733 -0.00136836 -0.00158473 -0.00250462 -0.00237135 -0.00223202 -0.00158861 -0.00161178 -0.00256448 -0.00191077 -0.00211575 -0.00125459 -0.00244745 -0.00207634 -0.00194124 -0.00248911 -0.0022903 -0.00199064 -0.00167941 -0.00181386 -0.00242128 -0.00226157 -0.00154223 -0.00163047 -0.00094853 -0.00155833 -0.00211443 -0.00131781 -0.00134493 -0.00161439 -0.00253083 -0.00201317 -0.00137884 -0.00182701 -0.00155501 -0.00187667 -0.00171336 -0.00211565 -0.0020482 -0.0018868 -0.00129571 -0.00168105 -0.000768638 -0.00205412 -0.00202338 -0.000790406 -0.0018665 -0.00112225 -0.00137519 -0.00232456 -0.00138296 -0.00254885 -0.00257313 -0.00296455 -0.00199503 -0.00177794 -0.00309376 -0.002319 -0.00161959 -0.00188081 -0.00209883 -0.00131253 -0.0019139 -0.00148632 -0.00247424 -0.000890164 -0.00176719 -0.00214469 -0.0018778 -0.00218834 -0.00229696 
-0.00135943 -0.00157821 -0.00165537 -0.00147294 -0.00235546 -0.0026682 -0.00286383 -0.00119407 -0.00307144 -0.00206781 -0.00227778 -0.00123864 -0.00141745 -0.00268271 0.00348064 0.00307164 0.00124115 0.00285641 0.00315933 0.145006 0.00305579 0.00227937 0.00313436 0.00398037 0.00226397 -0.00130223 -0.00163135 -0.000888898 -0.00273684 -0.000887476 -0.00191815 -0.0018201 -0.00164563 -0.00257169 -0.00194163 -0.00197086 -0.00300398 -0.00330566 -0.00227243 -0.00281153 -0.00159996 -0.00172791 -0.00166935 -0.00169958 -0.00116661 -0.00214969 -0.00191189 -0.0015051 -0.00268015 -0.00312004 -0.00188437 -0.00320654 -0.00248731 -0.00211728 -0.00255055 -0.00147258 -0.0021936 -0.00227778 -0.00175724 -0.00262427 -0.00171145 -0.00195527 -0.00135704 -0.000719833 -0.00173592 -0.00137719 -0.00138477 -0.00212779 -0.00280594 -0.00138082 -0.00163339 -0.00207805 -0.00204605 -0.00183861 -0.00166551 -0.00133251 -0.00247369 -0.00171803 -0.00162956 -0.00123514 -0.00222077 -0.00219238 -0.00124861 -0.00234249 -0.00153946 -0.00241653 -0.00252452 -0.00182024 -0.00198044 -0.00220279 -0.0017147 -0.00256597 -0.00238281 -0.00114726 -0.00217942 -0.0012536 -0.00213473 -0.00190092 -0.00230014 -0.00084071 
-0.00176596 -0.00186617 -0.00140854 -0.00193012 -0.00116603 -0.00181471 -0.00306002 -0.00299407 -0.00206731 -0.00198337 -0.00293708 -0.00178168 -0.00194313 -0.00197976 -0.00213806 -0.00163611 0.0032429 0.00327922 0.00308998 0.00305579 0.152323 0.00205315 0.00326842 0.00275404 0.00279706 0.00381463 -0.00161463 -0.00116734 -0.00186236 -0.00159737 -0.00219831 -0.00236739 -0.00264775 -0.00140444 -0.00204436 -0.00213562 -0.00280569 -0.002711 -0.00148242 -0.00277389 -0.00179035 -0.00180213 -0.00257056 -0.00245662 -0.0018612 -0.00286296 -0.00166347 -0.00247522 -0.0021821 -0.00204296 -0.00218902 -0.00248109 -0.00147236 -0.00258345 -0.00175805 -0.00246347 -0.00230503 -0.00294082 -0.0023439 -0.00210599 -0.00194252 -0.00154607 -0.00173671 -0.00115672 -0.00167158 -0.00288893 -0.00027837 -0.0015844 -0.00131153 -0.00180441 -0.00273835 -0.00272054 -0.00154941 -0.00205891 -0.00182945 -0.00189615 -0.00197215 -0.00135197 -0.0021293 -0.00259636 -0.00222753 -0.00201017 -0.000906104 -0.00212683 -0.00159043 -0.0011086 -0.00237144 -0.00243385 -0.00158637 -0.00133646 -0.00143329 -0.00268013 -0.00222982 -0.00190012 -0.0021338 -0.0014536 -0.00179876 -0.00280294 -0.00209989 -0.00104892 
-0.00156677 -0.00180043 -0.00270877 -0.001872 -0.00113329 -0.0016484 -0.00213897 -0.001499 -0.00217013 -0.00128866 -0.00232343 -0.00124235 -0.00116844 -0.00187694 -0.000806062 -0.00216829 0.00268936 0.00290397 0.00180941 0.00227937 0.00205315 0.142079 0.00221174 0.00252194 0.00225087 0.0029251 -0.00116236 -0.00152737 -0.00162107 -0.00271333 -0.00313362 -0.0024127 -0.00183967 -0.0024514 -0.000983059 -0.00169974 -0.00180152 -0.00094437 -0.00268782 -0.00151169 -0.00194856 -0.00159108 -0.00306781 -0.00204417 -0.00225962 -0.00198759 -0.00213966 -0.00219112 -0.00187169 -0.00226181 -0.00260154 -0.00211851 -0.00149525 -0.00137273 -0.0019258 -0.00177069 -0.00229399 -0.00120053 -0.00220266 -0.00190086 -0.0018417 -0.00163259 -0.00189685 -0.00170964 -0.00174244 -0.00153942 -0.0019886 -0.00145698 -0.00134406 -0.00122371 -0.00182264 -0.00199132 -0.00137055 -0.00141065 -0.00159806 -0.00232953 -0.00226735 -0.00194224 -0.00219911 -0.00310662 -0.00111239 -0.00109557 -0.00198528 -0.00213554 -0.00195012 -0.00253479 -0.00150737 -0.00171527 -0.00218726 -0.00147763 -0.00153181 -0.00167695 -0.000967053 -0.00108919 -0.00170163 -0.00201893 -0.00165655 -0.00212862 -0.000985653 -0.00170468 
-0.00226824 -0.00123358 -0.000866134 -0.00186498 -0.0025564 -0.00184466 -0.0022013 -0.00303146 -0.00268956 -0.00192996 -0.0016237 -0.00185918 -0.00201648 -0.00243261 -0.0019944 -0.00152268 -0.00106931 0.00274609 0.00326149 0.00313436 0.00326842 0.00221174 0.150445 0.00268083 0.00340342 0.00232467 0.00290139 -0.00223899 -0.00207236 -0.00207733 -0.00299941 -0.00127966 -0.00209552 -0.00202176 -0.00178064 -0.00267742 -0.00113749 -0.00145675 -0.0021516 -0.00190048 -0.00145315 -0.00168015 -0.00277036 -0.00245507 -0.00230748 -0.000863858 -0.0016983 -0.00138054 -0.00232865 -0.0025239 -0.00188335 -0.00197329 -0.00170652 -0.00219291 -0.0016497 -0.00217625 -0.00151615 -0.00137413 -0.00231509 -0.001919 -0.00217763 -0.00157114 -0.00162823 -0.00235069 -0.00202188 -0.00254713 -0.00132658 -0.00261517 -0.00150564 -0.00239133 -0.00163323 -0.00222128 -0.00215227 -0.00272189 -0.00163228 -0.00164262 -0.00199984 -0.00193911 -0.00189604 -0.00220377 -0.00183949 -0.00191684 -0.00236577 -0.00244204 -0.0021582 -0.00193084 -0.00212751 -0.00200611 -0.00233127 -0.00231454 -0.00174205 -0.00172104 -0.00177795 -0.00123129 -0.00257851 -0.00130568 -0.000950701 -0.00286464 -0.0016914 -0.00184171 
-0.000799229 -0.00132586 -0.0020024 -0.00130606 -0.000748046 -0.00238174 -0.00192311 -0.00274869 -0.00251536 -0.00108101 -0.00245046 -0.000799393 -0.00273367 -0.00191454 -0.00136624 -0.00164892 -0.000919552 -0.000977921 -0.00125612 0.00398037 0.00275404 0.00252194 0.00268083 0.141781 0.00318507 0.00281639 0.00312985 0.00240862 -0.00224299 -0.00121527 -0.00231237 -0.00202223 -0.00200524 -0.00207725 -0.00203505 -0.00259407 -0.00136415 -0.00188244 -0.00287796 -0.00243868 -0.00281372 -0.00221193 -0.00184949 -0.0025485 -0.00150714 -0.00172395 -0.00216889 -0.0019217 -0.00239933 -0.00185441 -0.00195503 -0.00212571 -0.00171646 -0.00237779 -0.00190347 -0.00194621 -0.00182758 -0.00147976 -0.00174022 -0.00188139 -0.00219336 -0.00147431 -0.00167124 -0.00222051 -0.00149762 -0.00167019 -0.000882869 -0.00263517 -0.00149316 -0.00164247 -0.00208128 -0.00166936 -0.00128941 -0.000854924 -0.00125815 -0.00167631 -0.00215469 -0.00210017 -0.00191728 -0.00201431 -0.00114116 -0.0026104 -0.00174983 -0.00183172 -0.00130332 -0.0019807 -0.00146927 -0.00192396 -0.00135626 -0.00201109 -0.00132185 -0.00192571 -0.00144991 -0.00183541 -0.00131848 -0.00183582 -0.00222051 -0.00152033 -0.00263734 -0.00149982 
-0.00203686 -0.00155234 -0.00184257 -0.00176968 -0.00201616 -0.00124911 -0.00104352 -0.0018867 -0.00182254 -0.00247045 -0.00189851 -0.00168082 -0.00170006 -0.00202068 -0.00285129 -0.00160878 -0.001496 -0.00137895 -0.00119387 0.00226397 0.00279706 0.00225087 0.00340342 0.00318507 0.145866 0.00248489 0.00340554 0.00212551 0.00201834 0.00224364 -0.0024517 -0.000852 -0.00145806 -0.000884092 -0.00161717 -0.00264338 -0.00177146 -0.00209824 -0.00184129 -0.00195675 -0.00273254 -0.00167604 -0.00166531 -0.00156358 -0.00170654 -0.00159754 -0.00101333 -0.00208666 -0.00252841 -0.0028988 -0.00209783 -0.00144409 -0.00190673 -0.00308632 -0.00277874 -0.0021168 -0.0019003 -0.00205059 -0.00205521 -0.00210232 -0.00255041 -0.0017669 -0.0013528 -0.00207635 -0.00184062 -0.00278029 -0.00141598 -0.00247631 -0.00256432 -0.00210083 -0.00209053 -0.00247754 -0.0011148 -0.00190036 -0.0017388 -0.00134915 -0.00198956 -0.00209248 -0.00228928 -0.00242511 -0.00220192 -0.00224153 -0.00180483 -0.00249445 -0.00197835 -0.00242487 -0.00195193 -0.00187329 -0.00256617 -0.00157898 -0.00237814 -0.00247518 -0.00254887 -0.00165386 -0.0017425 -0.00143951 -0.00104994 -0.00197586 -0.00163509 -0.00153599 
-0.00189726 -0.00182266 -0.00154759 -0.00181876 -0.00238949 -0.00197137 -0.0025005 -0.00230809 -0.0028791 -0.00154525 -0.00343368 -0.00222502 -0.0024131 -0.00194373 -0.00210235 -0.00130577 -0.0026785 -0.00170472 -0.00243713 -0.00130223 0.00381463 0.0029251 0.00232467 0.00281639 0.00248489 0.141926 0.00223564 0.00356385 0.00226914 0.00211831 0.0027823 -0.00149788 -0.000781395 -0.00230783 -0.00205793 -0.00211981 -0.00216345 -0.00220056 -0.00254292 -0.00184466 -0.002904 -0.00190193 -0.00274811 -0.000769875 -0.00157201 -0.00181586 -0.00207761 -0.00201913 -0.00255743 -0.00175313 -0.00146151 -0.00175689 -0.00205699 -0.00299889 -0.00195942 -0.00119185 -0.000771092 -0.00201812 -0.00195068 -0.00180147 -0.00158361 -0.00138236 -0.00252953 -0.00173739 -0.00204987 -0.0019887 -0.00149337 -0.00158988 -0.00201973 -0.00233228 -0.00291372 -0.00156696 -0.0022369 -0.00220422 -0.000836139 -0.00152287 -0.0022144 -0.00213857 -0.00157873 -0.00166907 -0.0018428 -0.00251705 -0.00198831 -0.0020032 -0.00200014 -0.00138681 -0.00190418 -0.00210786 -0.00164231 -0.00205137 -0.00193293 -0.00185809 -0.00162327 -0.00123353 -0.00121148 -0.000923383 -0.00136493 -0.00176324 -0.00183097 -0.000658249 
-0.00204406 -0.00161957 -0.00174403 -0.00216046 -0.00288971 -0.00266073 -0.00196671 -0.00277386 -0.00291573 -0.00095191 -0.00183953 -0.00287246 -0.00199801 -0.00245588 -0.00236698 -0.00167853 -0.00191813 -0.0017386 -0.00167494 -0.00163135 -0.00161463 -0.00116236 0.00290139 0.00312985 0.00340554 0.00223564 0.141633 0.00331761 0.00281425 0.00287788 0.00240626 0.00275606 -0.000937255 -0.00173987 -0.00156762 -0.0016766 -0.00254958 -0.00197137 -0.00260356 -0.00120906 -0.00176873 -0.0012217 -0.00195895 -0.00251057 -0.0018261 -0.00220923 -0.00204432 -0.001617 -0.00201317 -0.00210275 -0.00177424 -0.0024914 -0.00172476 -0.00233559 -0.00255334 -0.00234113 -0.00190338 -0.0022084 -0.0019508 -0.0016133 -0.00235066 -0.00140216 -0.00150102 -0.0016534 -0.00181317 -0.00248055 -0.00161047 -0.00207082 -0.00134637 -0.00225404 -0.0022582 -0.00144942 -0.00133274 -0.00123379 -0.00141359 -0.000993996 -0.00221487 -0.0027922 -0.00220862 -0.00151611 -0.00233323 -0.00143411 -0.00185871 -0.00161609 -0.00145275 -0.00109807 -0.0015172 -0.001663 -0.00266824 -0.00126253 -0.00125173 -0.0012896 -0.00153453 -0.00193466 -0.00176909 -0.00155067 -0.00168634 -0.00131749 -0.00129551 -0.00194611 
-0.0017697 -0.00177608 -0.00106747 -0.00138878 -0.00200352 -0.00206629 -0.00216188 -0.00223913 -0.00215989 -0.00162777 -0.00234087 -0.00302859 -0.00272086 -0.0023105 -0.00234349 -0.00117929 -0.00190532 -0.00198047 -0.0010746 -0.000888898 -0.00116734 -0.00152737 -0.00223899 0.00240862 0.00212551 0.00356385 0.00331761 0.136004 0.00318095 0.00295459 0.00234301 0.00247726 0.00217843 -0.00084595 -0.00107869 -0.00254887 -0.00161591 -0.00171908 -0.00164477 -0.00139639 -0.00140046 -0.0015886 -0.00183355 -0.00192899 -0.00144146 -0.00183148 -0.00217308 -0.00169269 -0.00123949 -0.00174959 -0.00203848 -0.000699591 -0.00184711 -0.00101125 -0.00210496 -0.00229559 -0.00247663 -0.00192551 -0.00165682 -0.001675 -0.00162583 -0.00172978 -0.00200328 -0.00172064 -0.00263259 -0.00174387 -0.00214848 -0.0019085 -0.00131901 -0.00222554 -0.0015176 -0.00150957 -0.00171779 -0.002254 -0.000991795 -0.00179162 -0.00171984 -0.00264103 -0.00239171 -0.00182978 -0.00165706 -0.00170056 -0.00136456 -0.00198793 -0.00210184 -0.00119058 -0.0027745 -0.00100167 -0.00165772 -0.00219625 -0.00191656 -0.00192559 -0.00193945 -0.00147046 -0.000844487 -0.00107806 -0.0012349 -0.00283641 -0.00180214 -0.00202368 
-0.0014874 -0.00123766 -0.00140797 -0.00235076 -0.0014756 -0.00175159 -0.00194051 -0.00205707 -0.00267117 -0.00128374 -0.00266372 -0.00199291 -0.00178684 -0.00201493 -0.00227043 -0.00189781 -0.00247632 -0.00188619 -0.00276788 -0.00273684 -0.00186236 -0.00162107 -0.00207236 -0.00224299 0.00201834 0.00226914 0.00281425 0.00318095 0.138439 0.00161199 0.00234439 0.00207958 0.0022564 0.00180115 -0.000989211 -0.00104767 -0.00245862 -0.0015583 -0.0012284 -0.001556 -0.00209588 -0.00155038 -0.00222246 -0.00172925 -0.00203545 -0.00223273 -0.00228463 -0.00194461 -0.00231613 -0.00207966 -0.00148173 -0.00183694 -0.00162249 -0.00228156 -0.00207037 -0.00156162 -0.00229211 -0.00164419 -0.00133539 -0.00119426 -0.00124781 -0.00152995 -0.00212555 -0.000790146 -0.00162587 -0.00166076 -0.00251654 -0.00238613 -0.00179173 -0.00191119 -0.0016157 -0.00157273 -0.00111337 -0.00176454 -0.00123193 -0.00130195 -0.000994388 -0.00212838 -0.00202381 -0.00153828 -0.00136864 -0.00145177 -0.00168183 -0.00104235 -0.00137781 -0.00243359 -0.00210766 -0.000819235 -0.00148904 -0.0016862 -0.00165 -0.00164739 -0.0023316 -0.00190838 -0.000519075 -0.000767507 -0.00141251 -0.00210113 -0.00153133 -0.00201164 
-0.00133796 -0.00127602 -0.00218568 -0.00160972 -0.00205866 -0.00166918 -0.00153781 -0.00206039 -0.00119343 -0.00177536 -0.00255346 -0.00296455 -0.00265794 -0.00197203 -0.00184422 -0.00161278 -0.0020337 -0.00159573 -0.00175733 -0.000887476 -0.00159737 -0.00271333 -0.00207733 -0.00121527 0.00224364 0.00211831 0.00287788 0.00295459 0.00161199 0.131225 0.00271488 0.00211413 0.00213342 0.00202591 -0.000352542 -0.000544698 -0.000716309 -0.00102779 -0.00120788 -0.00201186 -0.00171031 -0.0015298 -0.00158236 -0.00218203 -0.00151592 -0.00186636 -0.00157199 -0.00186151 -0.0018268 -0.00175966 -0.00139338 -0.00126714 -0.000961591 -0.00144084 -0.00148018 -0.00129996 -0.001583 -0.00244942 -0.00176483 -0.00128196 -0.00224856 -0.00205315 -0.00129197 -0.00228896 -0.00210137 -0.00152268 -0.00135316 -0.00162448 -0.0013337 -0.00145552 -0.00136043 -0.00150585 -0.00183299 -0.00143559 -0.00118675 -0.00115501 -0.00181369 -0.00188041 -0.00165295 -0.00165883 -0.00231508 -0.00137254 -0.00198893 -0.0022536 -0.00219924 -0.00219319 -0.00149561 -0.00133275 -0.00202172 -0.00201105 -0.00210656 -0.00186735 -0.00190405 -0.00139067 -0.00188168 -0.00192603 -0.00125178 -0.00181949 -0.00137447 -0.00218092 
-0.00229108 -0.00229137 -0.00206607 -0.00236414 -0.00237236 -0.00177957 -0.00136296 -0.001604 -0.00179434 -0.00137183 -0.00163357 -0.00188475 -0.00165207 -0.00110205 -0.00339402 -0.00197939 -0.00126491 -0.002393 -0.00136836 -0.00191815 -0.00219831 -0.00313362 -0.00299941 -0.00231237 -0.0024517 0.0027823 0.00240626 0.00234301 0.00234439 0.00271488 0.137481 0.00165755 0.00159539 0.00287058 0.00254788 0.00290322 -0.000937602 -0.00198542 -0.00140518 -0.00134585 -0.00237709 -0.00246304 -0.00290095 -0.00240875 -0.00153727 -0.00251806 -0.00160289 -0.00134907 -0.00200887 -0.00200624 -0.00188087 -0.00179301 -0.00175729 -0.00174143 -0.00185224 -0.00145071 -0.000869 -0.00203833 -0.00220643 -0.00149839 -0.000745415 -0.00199575 -0.00271458 -0.00183274 -0.00199602 -0.0016584 -0.00095567 -0.00174098 -0.00158664 -0.00184115 -0.00228403 -0.00115076 -0.00126013 -0.00182486 -0.00126889 -0.0016814 -0.0014107 -0.0014992 -0.00146095 -0.001471 -0.00255522 -0.0016147 -0.000831025 -0.00238836 -0.00247389 -0.000673211 -0.0020141 -0.00261411 -0.00154915 -0.00161948 -0.00110738 -0.00125096 -0.00205325 -0.00168816 -0.00134912 -0.00172298 -0.00108717 -0.00189475 -0.00192838 -0.00193468 
-0.00160208 -0.00152562 -0.00186091 -0.00160495 -0.00253406 -0.00112682 -0.00128121 -0.00209205 -0.00217754 -0.00191207 -0.00226504 -0.00233982 -0.00110709 -0.00242441 -0.00255575 -0.00174738 -0.00203314 -0.00164995 -0.00158473 -0.0018201 -0.00236739 -0.0024127 -0.00127966 -0.00202223 -0.000852 -0.00149788 0.00275606 0.00247726 0.00207958 0.00211413 0.00165755 0.126574 0.00276872 0.00192188 0.00289793 0.00343445 0.00205291 -0.00108548 -0.0014626 -0.000991202 -0.00104528 -0.0010751 -0.00238143 -0.00154267 -0.00209315 -0.00196868 -0.0018394 -0.00135785 -0.00227345 -0.000912204 -0.00202543 -0.00234 -0.00159269 -0.00256223 -0.00106868 -0.00155898 -0.00181883 -0.00221137 -0.00159957 -0.00131591 -0.00110413 -0.00201022 -0.00129205 -0.00114667 -0.00184601 -0.0019293 -0.00147489 -0.00125735 -0.00146847 -0.00186908 -0.00123655 -0.0015136 -0.00103061 -0.00134677 -0.00147796 -0.00159783 -0.00168179 -0.00195008 -0.00154644 -0.00123949 -0.00230175 -0.00163884 -0.00177741 -0.0009492 -0.00147554 -0.00123062 -0.0013693 -0.0011062 -0.00179863 -0.00176365 -0.00168708 -0.00126588 -0.0017236 -0.00302718 -0.0023694 -0.00217467 -0.00123864 -0.00120537 -0.002734 -0.00207925 
-0.00209849 -0.00168375 -0.00169676 -0.000918135 -0.00235453 -0.00176976 -0.00175877 -0.00170148 -0.00213087 -0.00138689 -0.00239663 -0.00231057 -0.00170825 -0.00292818 -0.00160575 -0.00201235 -0.00268196 -0.0015454 -0.00250462 -0.00164563 -0.00264775 -0.00183967 -0.00209552 -0.00200524 -0.00145806 -0.000781395 -0.000937255 0.00217843 0.0022564 0.00213342 0.00159539 0.00276872 0.130259 0.00275229 0.0023846 0.00292956 0.00288296 0.00236969 -0.00121302 -0.00152127 -0.00127262 -0.0017069 -0.00143821 -0.00217188 -0.00130147 -0.00106461 -0.00160883 -0.00170963 -0.00145278 -0.00106381 -0.00166142 -0.00136965 -0.00187193 -0.00224366 -0.00167904 -0.00167462 -0.00190524 -0.00230238 -0.00113286 -0.00135658 -0.00119995 -0.00190372 -0.00156829 -0.00170397 -0.00175933 -0.00203681 -0.00158034 -0.00154481 -0.00201468 -0.00120739 -0.00146514 -0.00192527 -0.00210509 -0.00204426 -0.0012458 -0.00197153 -0.00124133 -0.00164123 -0.00186253 -0.0016093 -0.00224827 -0.00190024 -0.0017548 -0.00195348 -0.000881194 -0.00208635 -0.00114807 -0.00193298 -0.00147338 -0.00158628 -0.00185994 -0.000958402 -0.00139122 -0.00210705 -0.00261561 -0.00233574 -0.00185086 -0.00185326 -0.00247559 -0.00114066 
