0.116659 0.00193163 0.00254489 0.00204595 0.00152854 0.00173229 -0.000697937 -0.00140748 -0.00122074 -0.00200959 -0.00104851 -0.00187908 -0.00129046 -0.00148242 -0.0016681 -0.00209838 -0.00124479 -0.00128665 -0.00181255 -0.0024345 -0.00245962 -0.00200987 -0.00208026 -0.00141069 -0.00175539 -0.00168275 -0.00154598 -0.00220203 -0.00216287 -0.00178099 -0.00172735 -0.000144934 -0.00169315 -0.00172112 -0.00160543 -0.000595522 -0.00133152 -0.00136038 -0.00112145 -0.000937984 -0.00172546 -0.00128817 -0.0011781 -0.00154456 -0.00208024 -0.00101001 -0.00150496 -0.00196502 -0.00178559 -0.00136918 -0.00131512 -0.001576 -0.00155288 -0.00131445 -0.00187883 -0.000475562 -0.00105971 -0.00142491 -0.00112141 -0.000855056 -0.000572095 -0.000794512 -0.00200373 -0.00225933 -0.00184291 -0.000973697 -0.0016628 -0.0018724 -0.000932133 -0.00214887 -0.00132797 -0.00199404 -0.000887157 -0.000739674 -0.00183245 -0.00132311 -0.00143902 -0.00159867 -0.00152981 -0.000961583 -0.000862416 -0.00183251 -0.00209612 -0.00106342 -0.00208447 -0.00162148 -0.00175319 -0.00171277 -0.000767151 -0.0014321 -0.00203771 -0.00121178 -0.00129188 -0.00123143 -0.00106492 -0.00145041 0.00206687 0.00158692 0.00148062 0.00156872 
0.00193163 0.117946 0.0021392 0.00215483 0.00235289 0.00211521 0.0022503 -0.000377274 -0.00143803 -0.00108827 -0.001745 -0.00153773 -0.00193232 -0.00141194 -0.00128297 -0.00160884 -0.00245944 -0.00169602 -0.00159293 -0.0015513 -0.00200539 -0.00218843 -0.002107 -0.0011123 -0.00172689 -0.00193808 -0.00253478 -0.00188046 -0.00232607 -0.00146468 -0.00269641 -0.00208858 -0.00161497 -0.00125972 -0.00192403 -0.00196534 -0.00107143 -0.00241971 -0.00174315 -0.00161242 -0.00137196 -0.00158817 -0.00170682 -0.000841534 -0.00115012 -0.00103429 -0.00148686 -0.00171522 -0.00141939 -0.00121902 -0.00171522 -0.000704277 -0.00111586 -0.00198202 -0.00122601 -0.00108187 -0.00166485 -0.00125197 -0.00146776 -0.00124704 -0.00183404 -0.000944263 -0.0014868 -0.00168457 -0.0010154 -0.00168708 -0.00172367 -0.00108287 -0.00118708 -0.00216709 -0.00127554 -0.00184893 -0.00111388 -0.00161844 -0.00133155 -0.00142294 -0.00131992 -0.00178961 -0.00133008 -0.00138501 -0.00129742 -0.00171786 -0.00114707 -0.000812586 -0.00187832 -0.00130869 -0.00105123 -0.00177726 -0.00135815 -0.00201996 -0.00103331 -0.00118138 -0.00128427 -0.00173403 -0.00136796 -0.000947044 -0.00175155 0.00231782 0.00203964 0.00206196 
0.00254489 0.0021392 0.124182 0.00210467 0.00322165 0.00286608 0.0024157 0.00234063 -0.00187862 -0.000708039 -0.000996774 -0.0013541 -0.00229175 -0.000747616 -0.00190109 -0.000475544 -0.00147228 -0.00135992 -0.00100458 -0.00204262 -0.00230873 -0.00150556 -0.00132218 -0.00149252 -0.00131608 -0.0014842 -0.00189631 -0.00102746 -0.00237396 -0.00210797 -0.00230214 -0.00138819 -0.00183129 -0.00162736 -0.00164042 -0.00154169 -0.00168812 -0.00179728 -0.00137538 -0.00170091 -0.00117479 -0.000782301 -0.00142418 -0.00138104 -0.00157806 -0.00127269 -0.00136851 -0.00177392 -0.00216564 -0.00172692 -0.00187611 -0.00179488 -0.00113994 -0.00164805 -0.00186116 -0.00220404 -0.00161544 -0.0018494 -0.00162231 -0.00168179 -0.00177569 -0.00187131 -0.00213007 -0.00178617 -0.00130665 -0.00124515 -0.00153943 -0.00196207 -0.00181988 -0.00198035 -0.00171277 -0.0016966 -0.00183338 -0.0022392 -0.00171737 -0.00140682 -0.0016758 -0.00146671 -0.00159452 -0.000751946 -0.00159607 -0.0018149 -0.0015407 -0.00107946 -0.00163186 -0.00174956 -0.00176541 -0.0016282 -0.00104166 -0.00263949 -0.00147853 -0.00153583 -0.00278271 -0.00226042 -0.00157429 -0.00135156 -0.00105803 -0.00067348 0.00143052 0.00137023 
0.00204595 0.00215483 0.00210467 0.12502 0.00251159 0.00278579 0.00206182 0.00222694 0.0020249 -0.000751005 -0.0018569 -0.00195231 -0.00141195 -0.00202157 -0.00225726 -0.00190979 -0.00216992 -0.00136228 -0.00210726 -0.00252701 -0.00257003 -0.0015599 -0.00260625 -0.00196792 -0.0018075 -0.00280331 -0.00252823 -0.00139591 -0.00176916 -0.00180023 -0.00215553 -0.00219542 -0.0016582 -0.00188664 -0.00118975 -0.0016582 -0.0011864 -0.00190333 -0.00128534 -0.00105952 -0.00123944 -0.0010308 -0.00146454 -0.00214469 -0.00139324 -0.0010987 -0.00136516 -0.00216373 -0.000677018 -0.00164483 -0.00147149 -0.00118461 -0.00124869 -0.00130435 -0.00204503 -0.0007792 -0.00150212 -0.00185724 -0.000505022 -0.00149287 -0.0015012 -0.00200047 -0.00155588 -0.00196567 -0.00190234 -0.00198486 -0.00142481 -0.00195711 -0.00162296 -0.00182126 -0.00123255 -0.00144174 -0.00145794 -0.00186105 -0.00183744 -0.00176238 -0.000969729 -0.000722127 -0.00117308 -0.000837979 -0.00204285 -0.00110145 -0.000808599 -0.0011262 -0.001212 -0.00136497 -0.00131332 -0.00137166 -0.00136248 -0.00230564 -0.00216331 -0.00138538 -0.00201469 -0.00173275 -0.0016755 -0.00180336 -0.00134269 -0.00145045 -0.00120253 0.00180231 
0.00152854 0.00235289 0.00322165 0.00251159 0.130607 0.00336385 0.0020075 0.00168729 0.00234605 0.00322472 -0.00193354 -0.00168779 -0.00174909 -0.00163779 -0.00255723 -0.000980574 -0.00224437 -0.000859286 -0.00151839 -0.0023546 -0.00227922 -0.00167446 -0.00250861 -0.00147493 -0.00166844 -0.000901791 -0.0014624 -0.00137258 -0.00266277 -0.00183548 -0.00123167 -0.00176826 -0.00120019 -0.00179448 -0.00191091 -0.00171826 -0.00203341 -0.00308841 -0.00170449 -0.00113362 -0.00198631 -0.00193101 -0.00143812 -0.00169057 -0.00129835 -0.00114405 -0.00167584 -0.00180295 -0.00211685 -0.00143597 -0.00123369 -0.00209404 -0.00176152 -0.00170557 -0.00168055 -0.00121681 -0.00180435 -0.00131901 -0.00190392 -0.00162544 -0.00205059 -0.00154389 -0.00180899 -0.00194993 -0.00213549 -0.00201167 -0.00218949 -0.00199243 -0.0012479 -0.00199335 -0.00143693 -0.00150392 -0.0013728 -0.00192188 -0.00119183 -0.00175861 -0.00251374 -0.00229565 -0.0016085 -0.00106763 -0.00117733 -0.00164553 -0.00213679 -0.00141611 -0.00116358 -0.00165147 -0.00188898 -0.00231778 -0.00219279 -0.00198632 -0.00205849 -0.00129699 -0.00154174 -0.00163175 -0.00114649 -0.00150885 -0.00185013 -0.000932888 -0.000988576 -0.000910855 
0.00173229 0.00211521 0.00286608 0.00278579 0.00336385 0.131573 0.00248286 0.00253679 0.00238278 0.00275956 0.000985869 -0.00151171 -0.00140376 -0.00105925 -0.0011119 -0.00135789 -0.00244451 -0.00291071 -0.00140117 -0.0024232 -0.00223156 -0.00261025 -0.00295611 -0.00206149 -0.00227182 -0.00280047 -0.00256465 -0.00237046 -0.00127952 -0.00174593 -0.00288805 -0.0018222 -0.00232231 -0.00171655 -0.00226954 -0.00198353 -0.00112627 -0.00227272 -0.0017696 -0.00156981 -0.00202102 -0.00262242 -0.00123689 -0.00218512 -0.00170075 -0.00152182 -0.00158582 -0.00203027 -0.00271295 -0.0017496 -0.001541 -0.00162009 -0.00198531 -0.00174499 -0.00121891 -0.00121949 -0.000942704 -0.00178975 -0.00143644 -0.00179279 -0.00111415 -0.00153766 -0.000899958 -0.00136174 -0.00150659 -0.00117685 -0.0016647 -0.00205028 -0.00170462 -0.0019319 -0.0011003 -0.00211673 -0.00215199 -0.00207656 -0.000984263 -0.000963633 -0.00275964 -0.00216895 -0.00151535 -0.00177772 -0.000683407 -0.00176878 -0.00117138 -0.00168767 -0.00210021 -0.00175788 -0.00198506 -0.00199496 -0.00119761 -0.00195357 -0.00135404 -0.00124545 -0.00114786 -0.00180951 -0.00149702 -0.00221714 -0.000936228 -0.00120209 -0.000648713 -0.00174701 
-0.000697937 0.0022503 0.0024157 0.00206182 0.0020075 0.00248286 0.130516 0.00344042 0.00269629 0.0020013 0.00210137 0.00250289 -0.0015084 -0.00156775 -0.00174671 -0.00124563 -0.00197983 -0.00259879 -0.00224466 -0.00245422 -0.00224177 -0.00237812 -0.00209484 -0.00182965 -0.00198566 -0.00286399 -0.00228382 -0.0020594 -0.00163968 -0.00209734 -0.00282523 -0.00143078 -0.00190833 -0.0015257 -0.0022403 -0.00180836 -0.00170555 -0.00200072 -0.00139813 -0.00159267 -0.00193915 -0.00194118 -0.00203426 -0.00154981 -0.00215792 -0.00202817 -0.00157808 -0.00164915 -0.00133083 -0.00148347 -0.00143505 -0.000802245 -0.00231594 -0.00126995 -0.00121543 -0.00243762 -0.00206866 -0.00154901 -0.00247417 -0.00159043 -0.00119701 -0.00138075 -0.00110377 -0.00123683 -0.00205406 -0.00164949 -0.00187399 -0.00109022 -0.00205265 -0.00177318 -0.0014336 -0.00106156 -0.00168087 -0.00163372 -0.00220149 -0.00139519 -0.00143936 -0.00252485 -0.00194539 -0.00207633 -0.00213444 -0.00161471 -0.00222157 -0.00147095 -0.00137335 -0.00153039 -0.00167372 -0.000978232 -0.00157245 -0.00143459 -0.00279471 -0.00169983 -0.0016742 -0.00123306 -0.000772215 -0.00184651 -0.000696505 -0.000982372 -0.00145851 -0.0017048 
-0.00140748 -0.000377274 0.00234063 0.00222694 0.00168729 0.00253679 0.00344042 0.131629 0.00257361 0.00292771 0.00249287 0.0012634 0.00196109 -0.00169454 -0.000709239 -0.00237508 -0.00243775 -0.00164564 -0.00217211 -0.00169844 -0.00165718 -0.00219071 -0.00135278 -0.00165764 -0.00224908 -0.00260381 -0.0018687 -0.00196005 -0.00246324 -0.00295784 -0.00260609 -0.00207609 -0.00109288 -0.00190707 -0.00214271 -0.00213712 -0.00171238 -0.0012387 -0.00124432 -0.00274992 -0.000838109 -0.00264904 -0.00243579 -0.00258177 -0.00183763 -0.00158427 -0.00209358 -0.00155943 -0.0024529 -0.00176503 -0.00173729 -0.0017558 -0.00165058 -0.00170578 -0.00195702 -0.00175247 -0.0012435 -0.00157045 -0.00177627 -0.00107817 -0.00200263 -0.00143544 -0.00116959 -0.00160672 -0.000297251 -0.0014434 -0.00176386 -0.00141766 -0.00292016 -0.00107526 -0.00214851 -0.00183531 -0.00144887 -0.00176005 -0.001655 -0.001807 -0.00106837 -0.00216802 -0.00146832 -0.00174447 -0.0015741 -0.00211136 -0.00113607 -0.00153318 -0.0018049 -0.00176812 -0.002015 -0.00130728 -0.00118272 -0.00186738 -0.00174339 -0.00158799 -0.00177362 -0.00176914 -0.00115228 -0.00182975 -0.0021224 -0.00104243 -0.00171667 -0.00139523 
-0.00122074 -0.00143803 -0.00187862 0.0020249 0.00234605 0.00238278 0.00269629 0.00257361 0.127944 0.00247201 0.00183306 0.00225483 0.00236084 0.00323754 -0.00141976 -0.000503355 -0.0018502 -0.00149757 -0.00076705 -0.00181418 -0.00106817 -0.00206542 -0.00204052 -0.00189411 -0.00225896 -0.00282792 -0.00263732 -0.00202579 -0.00206088 -0.00273057 -0.00240929 -0.00174746 -0.00178965 -0.00184876 -0.00133094 -0.0015923 -0.00225386 -0.00186226 -0.00175071 -0.00110636 -0.0019886 -0.00178054 -0.00186406 -0.00230616 -0.00239406 -0.00270434 -0.00167615 -0.00117475 -0.00169653 -0.0015227 -0.00154613 -0.0019361 -0.00167941 -0.00161208 -0.00164764 -0.00167974 -0.000793072 -0.00179258 -0.000703922 -0.00235964 -0.0025377 -0.00120375 -0.00141867 -0.00111586 -0.00187043 -0.0015477 -0.00119131 -0.00177024 -0.00129441 -0.0018332 -0.00143834 -0.00192999 -0.00238272 -0.0017465 -0.00134163 -0.00140138 -0.00217306 -0.00115863 -0.00143149 -0.00174235 -0.000662679 -0.0019514 -0.00197228 -0.00132393 -0.00210871 -0.0015495 -0.00185442 -0.00110366 -0.00180702 -0.00177155 -0.00186238 -0.00210159 -0.00179075 -0.00180394 -0.0014013 -0.00169947 -0.00158302 -0.00152625 -0.00173691 -0.00143725 
-0.00200959 -0.00108827 -0.000708039 -0.000751005 0.00322472 0.00275956 0.0020013 0.00292771 0.00247201 0.136146 0.00248563 0.00111699 0.00229172 0.00261517 -0.00148939 -0.00183797 -0.0021196 -0.00177021 -0.00167763 -0.00217804 -0.0024344 -0.00187053 -0.0019162 -0.00230531 -0.00178477 -0.0025848 -0.00314798 -0.00222972 -0.00183922 -0.0024339 -0.00215902 -0.00195434 -0.00187588 -0.00210583 -0.0023531 -0.00230047 -0.00161006 -0.0024914 -0.00180743 -0.00230569 -0.00193292 -0.00205001 -0.00120115 -0.00174803 -0.00133008 -0.00184296 -0.00130209 -0.00115724 -0.00201881 -0.00229169 -0.00222147 -0.00159509 -0.00201469 -0.00145169 -0.00187739 -0.000602806 -0.00142708 -0.00204915 -0.00200065 -0.00222463 -0.000961996 -0.00117666 -0.00184988 -0.00130621 -0.00207468 -0.00144341 -0.0012711 -0.00164452 -0.00135366 -0.00171133 -0.00150465 -0.000719046 -0.00191831 -0.00101497 -0.00185595 -0.00131245 -0.00176598 -0.00168005 -0.00165971 -0.00154633 -0.00127787 -0.00157667 -0.00163073 -0.00228186 -0.00200555 -0.00137426 -0.00215129 -0.00168691 -0.00204994 -0.00220991 -0.00181221 -0.00116214 -0.00184479 -0.00171968 -0.00175616 -0.00216176 -0.0018948 -0.00216861 -0.00160268 -0.000422939 
-0.00104851 -0.001745 -0.000996774 -0.0018569 -0.00193354 0.000985869 0.00210137 0.00249287 0.00183306 0.00248563 0.133311 0.00268356 0.00236345 0.00331037 0.00260651 0.00270875 -0.000628327 -0.0018674 -0.00232809 -0.00223155 -0.00257916 -0.00219179 -0.00205088 -0.00193529 -0.00213504 -0.00188182 -0.00246356 -0.00255451 -0.00104908 -0.00234364 -0.00189904 -0.0024434 -0.00229522 -0.0018553 -0.00206892 -0.00131539 -0.00166713 -0.00120249 -0.00189937 -0.00201288 -0.00207226 -0.000925616 -0.00186821 -0.00243142 -0.00126555 -0.00160746 -0.00220239 -0.00210259 -0.00161499 -0.00157878 -0.000895177 -0.0021553 -0.00163381 -0.0016947 -0.00217337 -0.00200378 -0.00163879 -0.00182205 -0.00115351 -0.0023121 -0.00195406 -0.00179374 -0.00164208 -0.00157696 -0.00124609 -0.00161554 -0.00100539 -0.00128133 -0.00175548 -0.00207663 -0.00126207 -0.00180835 -0.00160889 -0.00111589 -0.00160582 -0.00173967 -0.00197274 -0.00208064 -0.00126494 -0.0017211 -0.00161217 -0.00254168 -0.00174955 -0.00143911 -0.00150905 -0.00158234 -0.00228388 -0.0017981 -0.00132949 -0.00135481 -0.00165341 -0.00170491 -0.00167642 -0.00166494 -0.00255347 -0.00168248 -0.00150662 -0.00185193 -0.00220456 -0.00142442 
-0.00187908 -0.00153773 -0.0013541 -0.00195231 -0.00168779 -0.00151171 0.00250289 0.0012634 0.00225483 0.00111699 0.00268356 0.14117 0.00277118 0.00309342 0.00315279 0.00182964 0.0032421 -0.00274662 -0.00130487 -0.00231116 -0.00183405 -0.00290583 -0.00154238 -0.00186038 -0.00213701 -0.00208335 -0.00192057 -0.00137727 -0.00218554 -0.000955773 -0.00246335 -0.00232751 -0.00097705 -0.00217474 -0.0013424 -0.00196482 -0.00191505 -0.00234126 -0.00202662 -0.0020909 -0.00107983 -0.00129021 -0.00191642 -0.00145967 -0.00195223 -0.00226407 -0.00225991 -0.00218702 -0.00245119 -0.001792 -0.00165815 -0.00194507 -0.00209008 -0.0019842 -0.0015206 -0.00200284 -0.00210632 -0.00244339 -0.00250899 -0.00240104 -0.00168724 -0.00172039 -0.00142797 -0.001435 -0.000591216 -0.00142766 -0.00162884 -0.00137274 -0.00236809 -0.00166405 -0.00267748 -0.00234529 -0.00164142 -0.00155751 -0.00207903 -0.00178536 -0.00200162 -0.00153967 -0.0017353 -0.00227296 -0.00190185 -0.00107749 -0.00215584 -0.00157093 -0.00245128 -0.00165483 -0.00261897 -0.00120049 -0.00214272 -0.000706843 -0.00147117 -0.0016709 -0.00201296 -0.00274791 -0.00135222 -0.00252037 -0.00246369 -0.00194154 -0.00242376 -1.2002e-05 
-0.00129046 -0.00193232 -0.00229175 -0.00141195 -0.00174909 -0.00140376 -0.0015084 0.00196109 0.00236084 0.00229172 0.00236345 0.00277118 0.13392 0.00249709 0.00206475 0.00185291 0.00219741 -0.00137658 -0.0023267 -0.00190151 -0.00140772 -0.000382314 -0.00101183 -0.00272999 -0.00208573 -0.00154465 -0.00167325 -0.00235008 -0.00217256 -0.00231229 -0.00171661 -0.00148042 -0.0013272 -0.00278677 -0.00208379 -0.00114415 -0.00135386 -0.00220143 -0.00164501 -0.00137828 -0.0025971 -0.00156388 -0.00202178 -0.00185188 -0.00145555 -0.00175615 -0.00209205 -0.00121598 -0.00211731 -0.00180691 -0.00128896 -0.00182098 -0.00282 -0.00107356 -0.00221951 -0.00123886 -0.00164793 -0.00165643 -0.00208343 -0.00160232 -0.00170061 -0.00192128 -0.00188779 -0.00194871 -0.0018754 -0.00123724 -0.000732571 -0.00149956 -0.00188355 -0.00106781 -0.00200307 -0.00106357 -0.00149824 -0.00131014 -0.00155569 -0.00181546 -0.00210373 -0.00187037 -0.00182501 -0.00130449 -0.00204943 -0.00120207 -0.000969939 -0.00188353 -0.00136544 -0.00222426 -0.00172052 -0.0012857 -0.00147061 -0.00156965 -0.00211492 -0.00188145 -0.00236756 -0.0010473 -0.00171132 -0.00170245 -0.00211025 -0.00239939 -0.0014903 -0.0016986 
-0.00148242 -0.00141194 -0.000747616 -0.00202157 -0.00163779 -0.00105925 -0.00156775 -0.00169454 0.00323754 0.00261517 0.00331037 0.00309342 0.00249709 0.137405 0.00325924 0.00319 0.0026157 0.0013996 0.00291735 -0.0026799 -0.00195225 -0.001536 -0.00207785 -0.00217236 -0.00254753 -0.00219426 -0.00193978 -0.00266082 -0.00242601 -0.00237422 -0.00287622 -0.00329438 -0.00166431 -0.00152831 -0.00236426 -0.000740197 -0.00251844 -0.00226597 -0.00116775 -0.00141911 -0.00154064 -0.00132427 -0.00187365 -0.00253152 -0.00181602 -0.00235357 -0.00179679 -0.00245981 -0.00181015 -0.00223827 -0.00198296 -0.00238063 -0.00189505 -0.00155978 -0.00143697 -0.00175156 -0.00156364 -0.00121989 -0.00132526 -0.00144173 -0.0023842 -0.00145263 -0.00172409 -0.0016204 -0.00157552 -0.00148702 -0.00198679 -0.00182203 -0.00122275 -0.00195658 -0.00206327 -0.00121339 -0.0019103 -0.000874992 -0.00169963 -0.00228331 -0.00208433 -0.00171405 -0.00165944 -0.00213274 -0.00197537 -0.00207587 -0.00292944 -0.0015577 -0.00203489 -0.00159296 -0.00253105 -0.00105188 -0.00158261 -0.00202893 -0.00200984 -0.00170407 -0.00198754 -0.00180903 -0.00231696 -0.00176533 -0.00235542 -0.00161381 -0.00178683 -0.00163863 
-0.0016681 -0.00128297 -0.00190109 -0.00225726 -0.00255723 -0.0011119 -0.00174671 -0.000709239 -0.00141976 -0.00148939 0.00260651 0.00315279 0.00206475 0.00325924 0.137621 0.00217208 0.00320766 0.00252391 0.00242558 0.00213751 -0.000860353 -0.00145916 -0.00070262 -0.00158147 -0.00310437 -0.00180949 -0.00109812 -0.00228944 -0.00192754 -0.00200565 -0.0021273 -0.00272039 -0.0024328 -0.00185924 -0.00282178 -0.00189846 -0.00202585 -0.00229921 -0.00245395 -0.00213173 -0.00152688 -0.00219885 -0.00190268 -0.00219715 -0.00147821 -0.00153719 -0.0021499 -0.00158135 -0.0021623 -0.00190816 -0.000567417 -0.00165359 -0.00266049 -0.00203909 -0.00249568 -0.0017848 -0.0014261 -0.00158402 -0.00170123 -0.00209891 -0.00196637 -0.00166537 -0.00159727 -0.00152722 -0.00225828 -0.000722624 -0.00151359 -0.00161274 -0.00181309 -0.00144883 -0.00183165 -0.00196902 -0.0016035 -0.00100904 -0.00137507 -0.00139807 -0.00138924 -0.00231567 -0.00167357 -0.00147118 -0.00175567 -0.00161724 -0.00209447 -0.00200414 -0.0017696 -0.00206673 -0.00145981 -0.00210603 -0.00199364 -0.00199443 -0.00213252 -0.00159392 -0.00252175 -0.00156424 -0.00290922 -0.00122287 -0.00206779 -0.00129791 -0.00140014 -0.00103133 
-0.00209838 -0.00160884 -0.000475544 -0.00190979 -0.000980574 -0.00135789 -0.00124563 -0.00237508 -0.000503355 -0.00183797 0.00270875 0.00182964 0.00185291 0.00319 0.00217208 0.138803 0.00437369 0.00199153 0.00251477 0.00252525 -0.0013632 -0.00118782 -0.00170939 -0.000966381 -0.00173515 -0.0021524 -0.00200357 -0.00216074 -0.00229334 -0.00110501 -0.00147326 -0.00201408 -0.00205752 -0.00206146 -0.00249952 -0.00177166 -0.00150598 -0.00223902 -0.00157575 -0.00212933 -0.00204255 -0.00129459 -0.00161098 -0.00248904 -0.00209303 -0.00192176 -0.00191007 -0.00180663 -0.00125427 -0.00147664 -0.002587 -0.00249937 -0.00229783 -0.0019175 -0.00293621 -0.00194273 -0.00175762 -0.00208235 -0.00170782 -0.00229937 -0.00187444 -0.00192545 -0.00189652 -0.00192151 -0.00203362 -0.00174262 -0.00191991 -0.00167147 -0.00227202 -0.00186244 -0.00284117 -0.0019209 -0.00244869 -0.00210114 -0.00148092 -0.00252739 -0.00274694 -0.00159978 -0.00119645 -0.00108401 -0.00181314 -0.00160829 -0.00163077 -0.00159364 -0.00132963 -0.00144436 -0.00169706 -0.00148088 -0.00123558 -0.00149652 -0.00283093 -0.00165167 -0.00146391 -0.00265361 -0.00180506 -0.00066997 -0.00209185 -0.00164489 -0.00152505 -0.000902358 
-0.00124479 -0.00245944 -0.00147228 -0.00216992 -0.00224437 -0.00244451 -0.00197983 -0.00243775 -0.0018502 -0.0021196 -0.000628327 0.0032421 0.00219741 0.0026157 0.00320766 0.00437369 0.140138 0.00255559 0.00335401 0.00286684 0.00288623 0.00277753 -0.00240685 -0.00190621 -0.00234195 -0.00217115 -0.00179048 -0.000823123 -0.00231331 -0.00194652 -0.00154101 -0.001571 -0.00241136 -0.00236138 -0.00163659 -0.00257072 -0.00275351 -0.00246659 -0.00153893 -0.0020345 -0.00122136 -0.00229096 -0.00252812 -0.00146792 -0.00222592 -0.00209059 -0.00245251 -0.00243691 -0.00129855 -0.00226205 -0.00213627 -0.00227439 -0.00123347 -0.00173122 -0.00149148 -0.00204222 -0.0017878 -0.00206836 -0.00124528 -0.00216352 -0.00214556 -0.00179997 -0.00119458 -0.00168848 -0.00182555 -0.00205674 -0.00127322 -0.0016206 -0.00273281 -0.00189649 -0.00185198 -0.00072026 -0.00166025 -0.00245772 -0.00214127 -0.00181663 -0.00137653 -0.0024386 -0.00175208 -0.0025078 -0.00244607 -0.0015597 -0.00201168 -0.00109393 -0.00157962 -0.00190366 -0.00118279 -0.0020721 -0.00222633 -0.00148969 -0.00278087 -0.00144927 -0.0020312 -0.00279603 -0.00143972 -0.00165278 -0.0019382 -0.00177085 -0.00172577 -0.00202207 
-0.00128665 -0.00169602 -0.00135992 -0.00136228 -0.000859286 -0.00291071 -0.00259879 -0.00164564 -0.00149757 -0.00177021 -0.0018674 -0.00274662 -0.00137658 0.0013996 0.00252391 0.00199153 0.00255559 0.141346 0.00345223 0.003046 0.00339495 0.00264207 0.00278796 -0.00194347 -0.00211005 -0.00222011 -0.000864584 -0.00159538 -0.00291589 -0.00118754 -0.00220415 -0.00221046 -0.00149376 -0.00153809 -0.00141448 -0.00228635 -0.00171031 -0.00245526 -0.00187936 -0.00171898 -0.0014939 -0.00181647 -0.00189965 -0.00256591 -0.00181096 -0.00150149 -0.00210216 -0.00160723 -0.00192448 -0.0017479 -0.00176352 -0.00215378 -0.00183831 -0.00220063 -0.00193527 -0.00129792 -0.00170744 -0.0020838 -0.0019737 -0.00140713 -0.00219627 -0.0022066 -0.00151251 -0.00171535 -0.00137095 -0.00209261 -0.00236008 -0.00207027 -0.00155126 -0.00220208 -0.00279361 -0.00145054 -0.0019663 -0.00126521 -0.00126871 -0.0016631 -0.00238036 -0.00257072 -0.00191724 -0.000626271 -0.00211126 -0.00241843 -0.00150217 -0.00133672 -0.00199404 -0.00221131 -0.00159944 -0.00278257 -0.00127994 -0.00166355 -0.00168154 -0.00109884 -0.00289291 -0.00173974 -0.00112764 -0.0013609 -0.00147113 -0.00156073 -0.00211453 -0.00245436 
-0.00181255 -0.00159293 -0.00100458 -0.00210726 -0.00151839 -0.00140117 -0.00224466 -0.00217211 -0.00076705 -0.00167763 -0.00232809 -0.00130487 -0.0023267 0.00291735 0.00242558 0.00251477 0.00335401 0.00345223 0.143985 0.00297618 0.00244459 0.00310093 0.00207317 -0.00182287 -0.00307951 -0.00169872 -0.00189419 -0.00272303 -0.00169836 -0.00184371 -0.0027162 -0.00242341 -0.00166005 -0.00120773 -0.00206872 -0.00108233 -0.000796601 -0.00196389 -0.00189531 -0.000558752 -0.00155657 -0.00155442 -0.00235949 -0.0025173 -0.00245714 -0.00160144 -0.00152156 -0.00194973 -0.00198982 -0.00182564 -0.00246592 -0.00212437 -0.00222185 -0.00165097 -0.00200793 -0.00220388 -0.00158063 -0.00260271 -0.00275826 -0.00200759 -0.00204059 -0.00178631 -0.002042 -0.00137264 -0.00145444 -0.00225711 -0.00154262 -0.00226542 -0.00198568 -0.00180571 -0.00178785 -0.000911194 -0.00237349 -0.00284609 -0.00160393 -0.00287446 -0.00187326 -0.00134288 -0.00172248 -0.00119745 -0.00178596 -0.00203997 -0.00140095 -0.00221895 -0.00166777 -0.00204813 -0.00131581 -0.00186663 -0.00146939 -0.00233919 -0.00258591 -0.0024982 -0.00187321 -0.00254959 -0.00177757 -0.00175289 -0.00201556 -0.00138912 -0.00158066 -0.00163427 
-0.0024345 -0.0015513 -0.00204262 -0.00252701 -0.0023546 -0.0024232 -0.00245422 -0.00169844 -0.00181418 -0.00217804 -0.00223155 -0.00231116 -0.00190151 -0.0026799 0.00213751 0.00252525 0.00286684 0.003046 0.00297618 0.143226 0.00359999 0.0030567 0.0029305 0.00404455 0.00200181 -0.00182951 -0.00241517 -0.00246047 -0.00194776 -0.00132904 -0.00210103 -0.00240955 -0.00215112 -0.0022075 -0.00226113 -0.00233989 -0.00283007 -0.00124122 -0.00175005 -0.00230191 -0.00168718 -0.00188358 -0.00191152 -0.00272567 -0.00157239 -0.00141766 -0.00234212 -0.00176295 -0.00193 -0.00141906 -0.00163306 -0.00242559 -0.00206574 -0.0024382 -0.0012356 -0.00143343 -0.00173222 -0.0017604 -0.00140869 -0.000958249 -0.00214427 -0.00151192 -0.00132189 -0.00128931 -0.00152669 -0.001849 -0.00203862 -0.00191711 -0.00180909 -0.00193732 -0.00197855 -0.00194708 -0.00175799 -0.00201416 -0.00141006 -0.00198981 -0.00163242 -0.00223373 -0.00172952 -0.0018489 -0.00192056 -0.00141931 -0.00160559 -0.00130244 -0.00229573 -0.00221259 -0.00325285 -0.00250255 -0.00219884 -0.00156326 -0.00120835 -0.00171249 -0.00220037 -0.00196935 -0.00176007 -0.0022744 -0.00256587 -0.00132997 -0.0013291 -0.00197964 
-0.00245962 -0.00200539 -0.00230873 -0.00257003 -0.00227922 -0.00223156 -0.00224177 -0.00165718 -0.00106817 -0.0024344 -0.00257916 -0.00183405 -0.00140772 -0.00195225 -0.000860353 -0.0013632 0.00288623 0.00339495 0.00244459 0.00359999 0.147847 0.00350863 0.00282745 0.00286456 0.00209643 0.00193749 -0.000854083 -0.00100877 -0.0025816 -0.0023624 -0.00276949 -0.00180532 -0.00194617 -0.00262055 -0.0016415 -0.00165121 -0.00236311 -0.00155295 -0.00154502 -0.0013912 -0.00201569 -0.00233496 -0.00204726 -0.00157579 -0.00214479 -0.00112297 -0.00254189 -0.00257327 -0.00218601 -0.00153651 -0.00310828 -0.00148273 -0.00199372 -0.00187242 -0.00115062 -0.0016799 -0.00122124 -0.00230814 -0.00124304 -0.00139872 -0.00212237 -0.00200769 -0.00148644 -0.00194645 -0.00300944 -0.00124868 -0.00160571 -0.00136835 -0.0020508 -0.0026289 -0.00228407 -0.00164122 -0.00138804 -0.00119454 -0.00184124 -0.0023777 -0.00121877 -0.00103565 -0.00209664 -0.00242155 -0.00108811 -0.00211437 -0.00178408 -0.00251845 -0.00202357 -0.00235214 -0.00179859 -0.00237057 -0.00164504 -0.00269028 -0.00286799 -0.00160718 -0.0026786 -0.00215397 -0.00193277 -0.00123444 -0.0022159 -0.00191264 -0.002561 -0.0019995 
-0.00200987 -0.00218843 -0.00150556 -0.0015599 -0.00167446 -0.00261025 -0.00237812 -0.00219071 -0.00206542 -0.00187053 -0.00219179 -0.00290583 -0.000382314 -0.001536 -0.00145916 -0.00118782 0.00277753 0.00264207 0.00310093 0.0030567 0.00350863 0.147481 0.00330344 0.00240652 0.00344459 0.00209377 -0.00213027 -0.00157425 -0.00225778 -0.000746703 -0.00249471 -0.00160298 -0.00161734 -0.00151002 -0.00156792 -0.00227121 -0.00226195 -0.00146753 -0.00224337 -0.00240128 -0.00199051 -0.00202092 -0.00274497 -0.00174376 -0.00253329 -0.00165983 -0.00251319 -0.00210702 -0.00134222 -0.00239891 -0.00168772 -0.00259331 -0.0026542 -0.00215208 -0.00145933 -0.00196001 -0.00211305 -0.00268433 -0.00248176 -0.00200223 -0.00200022 -0.00202005 -0.0018446 -0.00206475 -0.00275073 -0.0030427 -0.0013905 -0.00214395 -0.00224961 -0.00185723 -0.00152426 -0.00179785 -0.00157047 -0.00206313 -0.0014616 -0.00128935 -0.00103986 -0.00172279 -0.00237026 -0.00219758 -0.00122881 -0.00144925 -0.00226866 -0.00261673 -0.00128668 -0.00215152 -0.0020033 -0.0020578 -0.0020253 -0.001975 -0.00230599 -0.00196994 -0.00176063 -0.00180094 -0.00141955 -0.00136432 -0.00127721 -0.00201884 -0.00181691 -0.00191007 
-0.00208026 -0.002107 -0.00132218 -0.00260625 -0.00250861 -0.00295611 -0.00209484 -0.00135278 -0.00204052 -0.0019162 -0.00205088 -0.00154238 -0.00101183 -0.00207785 -0.00070262 -0.00170939 -0.00240685 0.00278796 0.00207317 0.0029305 0.00282745 0.00330344 0.141585 0.00242644 0.0029221 0.00364478 0.00276449 -0.00114865 -0.00126701 -0.0015893 -0.0014565 -0.00206738 -0.00147311 -0.00206672 -0.00199426 -0.00124098 -0.00329508 -0.00196722 -0.00196018 -0.00209773 -0.00161101 -0.00139495 -0.00264389 -0.00158313 -0.0018692 -0.00217675 -0.00207649 -0.00138505 -0.00139297 -0.00237961 -0.00263292 -0.00134751 -0.00214557 -0.002407 -0.00204736 -0.0014306 -0.00155559 -0.00175819 -0.00159828 -0.0020266 -0.00176785 -0.00160572 -0.00109488 -0.00175469 -0.00204848 -0.00252348 -0.002097 -0.00183204 -0.00277064 -0.00250235 -0.00161343 -0.00202698 -0.00157827 -0.00163854 -0.000960384 -0.00268942 -0.0015501 -0.00287435 -0.00144155 -0.00151554 -0.00273821 -0.00170509 -0.00154824 -0.00194548 -0.000979514 -0.0020285 -0.00184616 -0.000791714 -0.0023603 -0.00120348 -0.00181225 -0.00282087 -0.00161949 -0.00194795 -0.00178506 -0.000959819 -0.00229109 -0.00160209 -0.00170515 -0.00211572 
-0.00141069 -0.0011123 -0.00149252 -0.00196792 -0.00147493 -0.00206149 -0.00182965 -0.00165764 -0.00189411 -0.00230531 -0.00193529 -0.00186038 -0.00272999 -0.00217236 -0.00158147 -0.000966381 -0.00190621 -0.00194347 -0.00182287 0.00404455 0.00286456 0.00240652 0.00242644 0.140778 0.0040536 0.00296551 0.00268892 0.00227091 -0.00106958 -8.93158e-05 -0.00177089 -0.00182923 -0.00177845 -0.00142709 -0.00233352 -0.00319547 -0.00239219 -0.0031099 -0.00207017 -0.00274902 -0.00260117 -0.00216995 -0.00258271 -0.00224931 -0.00223446 -0.00129932 -0.002106 -0.00129764 -0.00224684 -0.00136127 -0.00138528 -0.00141433 -0.00150908 -0.00213638 -0.00207323 -0.00197582 -0.00137889 -0.00186489 -0.00219712 -0.00172566 -0.00209003 -0.00138921 -0.00116996 -0.00160321 -0.0018801 -0.00206253 -0.00222774 -0.00183618 -0.00165689 -0.00273399 -0.00295883 -0.00194203 -0.00153158 -0.00260478 -0.00184851 -0.00092581 -0.00114412 -0.00267457 -0.000931213 -0.00210692 -0.00144718 -0.00119484 -0.00202786 -0.00150536 -0.00114435 -0.00189247 -0.00175349 -0.00156987 -0.00229171 -0.00140963 -0.00131608 -0.00144428 -0.00111564 -0.00117182 -0.00209948 -0.000676513 -0.00261711 -0.00166955 -0.00122407 -0.00186026 
-0.00175539 -0.00172689 -0.00131608 -0.0018075 -0.00166844 -0.00227182 -0.00198566 -0.00224908 -0.00225896 -0.00178477 -0.00213504 -0.00213701 -0.00208573 -0.00254753 -0.00310437 -0.00173515 -0.00234195 -0.00211005 -0.00307951 0.00200181 0.00209643 0.00344459 0.0029221 0.0040536 0.144645 0.00316544 0.00290388 0.00228203 0.00277878 0.00142131 -0.000972372 -0.00191694 -0.00155412 -0.00162255 -0.00219679 -0.00127481 -0.0024429 -0.00175498 -0.00275522 -0.00281777 -0.00151684 -0.00248088 -0.00260146 -0.0016677 -0.0019244 -0.00254584 -0.00201552 -0.00184575 -0.00262007 -0.00175524 -0.00252757 -0.0018251 -0.00170398 -0.00277924 -0.00212915 -0.00244303 -0.00206888 -0.00130595 -0.00249631 -0.00188224 -0.00196812 -0.00172523 -0.00146261 -0.0010837 -0.00101097 -0.00244122 -0.00134952 -0.00152016 -0.00118489 -0.00282718 -0.00216481 -0.00208037 -0.00135268 -0.00206915 -0.002403 -0.00182694 -0.00100676 -0.00204233 -0.0019503 -0.00185418 -0.00186758 -0.0013231 -0.00164613 -0.00193898 -0.000950932 -0.00243336 -0.0016597 -0.00194824 -0.00180776 -0.000684211 -0.00296521 -0.00235917 -0.00160782 -0.00140932 -0.00174794 -0.00224606 -0.00116251 -0.00166164 -0.00163709 -0.00178917 
-0.00168275 -0.00193808 -0.0014842 -0.00280331 -0.000901791 -0.00280047 -0.00286399 -0.00260381 -0.00282792 -0.0025848 -0.00188182 -0.00208335 -0.00154465 -0.00219426 -0.00180949 -0.0021524 -0.00217115 -0.00222011 -0.00169872 -0.00182951 0.00193749 0.00209377 0.00364478 0.00296551 0.00316544 0.143569 0.0028623 0.00369472 0.00196236 0.0027308 0.00148236 -0.00181206 -0.00160286 -0.00119483 -0.00235455 -0.00264296 -0.00337089 -0.00167056 -0.00225412 -0.00272858 -0.00193306 -0.00203058 -0.0019825 -0.00180561 -0.00188835 -0.00123703 -0.00206623 -0.00127699 -0.00142976 -0.00160746 -0.00124919 -0.000983861 -0.00147103 -0.00176665 -0.00227649 -0.00164778 -0.0016853 -0.00192618 -0.00227667 -0.00135035 -0.00250003 -0.0013919 -0.00134598 -0.000863645 -0.000652439 -0.00164339 -0.00165485 -0.00139242 -0.00214087 -0.00286031 -0.00121586 -0.00165034 -0.00259788 -0.00144063 -0.00160274 -0.00145137 -0.00278421 -0.00178789 -0.00206078 -0.00214632 -0.0014831 -0.00227159 -0.00176697 -0.00198524 -0.00173804 -0.00252032 -0.00203174 -0.00138758 -0.00233305 -0.00214737 -0.00169003 -0.00240557 -0.00196433 -0.00198967 -0.00149186 -0.00263527 -0.0018139 -0.00216796 -0.00183079 -0.00167093 
-0.00154598 -0.00253478 -0.00189631 -0.00252823 -0.0014624 -0.00256465 -0.00228382 -0.0018687 -0.00263732 -0.00314798 -0.00246356 -0.00192057 -0.00167325 -0.00193978 -0.00109812 -0.00200357 -0.00179048 -0.000864584 -0.00189419 -0.00241517 -0.000854083 -0.00213027 0.00276449 0.00268892 0.00290388 0.0028623 0.137176 0.00272149 0.00276264 0.00300908 0.00141775 0.00212959 -0.00123475 -0.000777429 -0.00237211 -0.00163844 -0.00254011 -0.00135594 -0.0022241 -0.00201412 -0.00141548 -0.00199288 -0.00281166 -0.00271944 -0.00134771 -0.00181476 -0.00154319 -0.0011197 -0.00169124 -0.00100477 -0.00200209 -0.00128908 -0.00160309 -0.00144897 -0.00281264 -0.00142843 -0.00170485 -0.00152855 -0.00285488 -0.00190574 -0.00159335 -0.00160867 -0.00162281 -0.0021937 -0.00150602 -0.00123692 -0.00141862 -0.000969401 -0.00172178 -0.00160563 -0.00158934 -0.00236589 -0.00138928 -0.00106793 -0.00141728 -0.00170508 -0.00215436 -0.00250575 -0.00131942 -0.00197395 -0.0018537 -0.00155355 -0.00181424 -0.000644107 -0.0019764 -0.00186511 -0.00079813 -0.0021064 -0.00227436 -0.00150293 -0.00183038 -0.00151 -0.00145893 -0.00115954 -0.00261288 -0.00197152 -0.00162962 -0.00209023 -0.00149139 -0.00161318 
-0.00220203 -0.00188046 -0.00102746 -0.00139591 -0.00137258 -0.00237046 -0.0020594 -0.00196005 -0.00202579 -0.00222972 -0.00255451 -0.00137727 -0.00235008 -0.00266082 -0.00228944 -0.00216074 -0.000823123 -0.00159538 -0.00272303 -0.00246047 -0.00100877 -0.00157425 -0.00114865 0.00227091 0.00228203 0.00369472 0.00272149 0.142601 0.0027228 0.00264104 0.00314873 0.00233909 0.00170228 -0.00084314 -0.00137774 -0.00158048 -0.00223396 -0.00178639 -0.00174183 -0.00219161 -0.00157328 -0.00217266 -0.00220408 -0.0017085 -0.00257424 -0.00216567 -0.00191059 -0.0014226 -0.00117213 -0.00159264 -0.00197977 -0.00146869 -0.00230908 -0.00200674 -0.00284362 -0.00262806 -0.00219212 -0.00240631 -0.0024657 -0.0014762 -0.00195477 -0.00246939 -0.00182598 -0.00155519 -0.00121519 -0.00195134 -0.00127752 -0.00189915 -0.000719977 -0.00161485 -0.0020264 -0.00185578 -0.00227512 -0.00171001 -0.00168757 -0.00137925 -0.00159509 -0.00142494 -0.00207429 -0.00214616 -0.00212999 -0.00117498 -0.000610455 -0.00112221 -0.0021239 -0.00264714 -0.00202049 -0.00267673 -0.00252598 -0.00281209 -0.00185712 -0.000603746 -0.00150648 -0.00135078 -0.00172662 -0.00101598 -0.00204582 -0.00195462 -0.00191293 -0.00236977 
-0.00216287 -0.00232607 -0.00237396 -0.00176916 -0.00266277 -0.00127952 -0.00163968 -0.00246324 -0.00206088 -0.00183922 -0.00104908 -0.00218554 -0.00217256 -0.00242601 -0.00192754 -0.00229334 -0.00231331 -0.00291589 -0.00169836 -0.00194776 -0.0025816 -0.00225778 -0.00126701 -0.00106958 0.00277878 0.00196236 0.00276264 0.0027228 0.13935 0.0027542 0.00311526 0.00205659 0.00216568 0.0024316 -0.00109495 -0.00117005 -0.00120529 -0.000957868 -0.00156468 -0.00218014 -0.00161987 -0.00186914 -0.000466423 -0.00340237 -0.00137982 -0.00193516 -0.00167465 -0.00128588 -0.00159545 -0.00181307 -0.000264586 -0.00110774 -0.00135202 0.000130878 -0.00185903 -0.00205523 -0.00164123 -0.00172171 -0.00161729 -0.0022494 -0.00198162 -0.00211605 -0.00189396 -0.000772458 -0.00176454 -0.00135038 -0.00133733 -0.00148798 -0.00155755 -0.00149915 -0.00138928 -0.0017532 -0.00220262 -0.00134515 -0.0010889 -0.00218385 -0.00216316 -0.00234027 -0.00198502 -0.00224632 -0.00232249 -0.00173546 -0.00269747 -0.00221833 -0.00215071 -0.00172887 -0.00225418 -0.00134709 -0.00161178 -0.00132393 -0.0020973 -0.00242696 -0.00237171 -0.00178563 -0.00155802 -0.00221535 -0.00259056 -0.00166035 -0.00206003 -0.00184993 
-0.00178099 -0.00146468 -0.00210797 -0.00180023 -0.00183548 -0.00174593 -0.00209734 -0.00295784 -0.00273057 -0.0024339 -0.00234364 -0.000955773 -0.00231229 -0.00237422 -0.00200565 -0.00110501 -0.00194652 -0.00118754 -0.00184371 -0.00132904 -0.0023624 -0.000746703 -0.0015893 -8.93158e-05 0.00142131 0.0027308 0.00300908 0.00264104 0.0027542 0.136497 0.00267702 0.00185779 0.00142602 0.00184226 -0.00213604 -0.0018632 -0.00102835 -0.00145387 -0.00177565 -0.00269535 -0.00178207 -0.00164906 -0.00268705 -0.00117347 -0.00207084 -0.00236931 -0.0014815 -0.00144856 -0.0015461 -0.00186633 -0.0017912 -0.00132332 -0.00190691 -0.00157819 -0.00209754 -0.00226284 -0.00179472 -0.00196101 -0.00149406 -0.00134241 -0.00169848 -0.00157107 -0.00133945 -0.00180331 -0.00155605 -0.0020577 -0.000949747 -0.00182453 -0.00185259 -0.00130583 -0.000554552 -0.00167789 -0.00160077 -0.00108466 -0.00185398 -0.000397736 -0.00168128 -0.00159874 -0.00237538 -0.00180466 -0.0014887 -0.00222637 -0.00163461 -0.00165264 -0.00095163 -0.00141952 -0.00171595 -0.00174496 -0.00189552 -0.00129384 -0.00206885 -0.002709 -0.00161406 -0.00197529 -0.00206597 -0.00194546 -0.00195493 -0.00228908 -0.00204137 -0.00185552 
-0.00172735 -0.00269641 -0.00230214 -0.00215553 -0.00123167 -0.00288805 -0.00282523 -0.00260609 -0.00240929 -0.00215902 -0.00189904 -0.00246335 -0.00171661 -0.00287622 -0.0021273 -0.00147326 -0.00154101 -0.00220415 -0.0027162 -0.00210103 -0.00276949 -0.00249471 -0.0014565 -0.00177089 -0.000972372 0.00148236 0.00141775 0.00314873 0.00311526 0.00267702 0.134616 0.00252872 0.00253319 0.00236522 0.00169243 0.00224841 -0.00202735 -0.00158628 -0.00140981 -0.0021299 -0.00219774 -0.00172371 -0.00289225 -0.00196672 -0.00218664 -0.00167365 -0.00203918 -0.00108366 -0.00147153 -0.00111185 -0.00126684 -0.00191646 -0.00139486 -0.00159867 -0.0014855 -0.00127347 -0.00125368 -0.00163486 -0.00195422 -0.00121854 -0.00204244 -0.00182918 -0.00136105 -0.00199738 -0.00120836 -0.00175948 -0.000915601 -0.00108053 -0.00141689 -0.00188075 -0.00145039 -0.00202576 -0.00155083 -0.00137599 -0.00193196 -0.00207088 -0.00151064 -0.0014124 -0.00138534 -0.00102931 -0.00103764 -0.00168185 -0.00157632 -0.001698 -0.00175649 -0.00177501 -0.00151431 -0.00196836 -0.0020678 -0.00187984 -0.00182886 -0.00116077 -0.00132713 -0.00104428 -0.00140352 -0.00185336 -0.00159141 -0.00142613 -0.00166843 -0.0022504 
-0.000144934 -0.00208858 -0.00138819 -0.00219542 -0.00176826 -0.0018222 -0.00143078 -0.00207609 -0.00174746 -0.00195434 -0.0024434 -0.00232751 -0.00148042 -0.00329438 -0.00272039 -0.00201408 -0.001571 -0.00221046 -0.00242341 -0.00240955 -0.00180532 -0.00160298 -0.00206738 -0.00182923 -0.00191694 -0.00181206 0.00212959 0.00233909 0.00205659 0.00185779 0.00252872 0.134773 0.00228351 0.00276759 0.00258758 0.00314093 0.00177028 -0.00132627 -0.0015816 -0.00136255 -0.00167481 -0.00265749 -0.000765117 -0.00178962 -0.00199239 -0.00180724 -0.00130843 -0.00166078 -0.00184217 -0.00155668 -0.00193091 -0.00186544 -0.00172766 -0.00238771 -0.000878383 -0.00198778 -0.00157065 -0.0021303 -0.00200776 -0.00133542 -0.00204136 -0.00267323 -0.00181853 -0.00138337 -0.00197052 -0.0016277 -0.00184 -0.000968044 -0.0021871 -0.00195558 -0.0011855 -0.00168598 -0.0015719 -0.00172809 -0.00200977 -0.0016679 -0.00169325 -0.00204592 -0.00170184 -0.00192778 -0.00186373 -0.00129007 -0.00155398 -0.00227235 -0.00231733 -0.00286277 -0.00053162 -0.00224699 -0.00145139 -0.00144452 -0.00121782 -0.00277358 -0.00119476 -0.000879796 -0.00164558 -0.00165242 -0.00152751 -0.00204174 -0.000829098 -0.00126217 
-0.00169315 -0.00161497 -0.00183129 -0.0016582 -0.00120019 -0.00232231 -0.00190833 -0.00109288 -0.00178965 -0.00187588 -0.00229522 -0.00097705 -0.0013272 -0.00166431 -0.0024328 -0.00205752 -0.00241136 -0.00149376 -0.00166005 -0.00215112 -0.00194617 -0.00161734 -0.00147311 -0.00177845 -0.00155412 -0.00160286 -0.00123475 0.00170228 0.00216568 0.00142602 0.00253319 0.00228351 0.131581 0.00183692 0.0024534 0.00182127 0.00166421 0.00138561 -0.000692145 -0.00156488 -0.000584366 -0.000555894 -0.00180913 -0.00137976 -0.00246855 -0.00177242 -0.00183844 -0.00139409 -0.00164091 -0.00184127 -0.00163118 -0.000635184 -0.00226262 -0.00190098 -0.00161495 -0.00161878 -0.00189997 -0.00214476 -0.00157759 -0.00169108 -0.00191169 -0.00305736 -0.00117157 -0.00271277 -0.00148528 -0.00140405 -0.00254278 -0.0020405 -0.00182531 -0.00133014 -0.00193275 -0.0016523 -0.00137122 -0.00243095 -0.00148653 -0.00122589 -0.00143683 -0.00154903 -0.00146467 -0.0014987 -0.00153984 -0.000959521 -0.00169181 -0.00207304 -0.00111132 -0.00211423 -0.00106519 -0.0020055 -0.00201514 -0.00185106 -0.00198993 -0.0021377 -0.000876961 -0.00118504 -0.00164802 -0.00158663 -0.00205532 -0.00187896 -0.00202885 -0.00232545 
