0.122072 0.00323791 0.00132677 0.00184447 0.00191167 0.00122872 -0.00152066 -0.00130496 -0.00191381 -0.00188758 -0.00185927 -0.00120764 -0.00183269 -0.0022855 -0.00177068 -0.00225679 -0.00235323 -0.00115762 -0.00147634 -0.00205604 -0.00130593 -0.00235012 -0.00127886 -0.00179892 -0.000330699 -0.00140341 -0.00237305 -0.00178795 -0.00153117 -0.00182414 -0.00140616 -0.00193252 -0.00151932 -0.00117115 -0.00137937 -0.00172172 -0.00193304 -0.00110955 -0.00156448 -0.00175692 -0.00101526 -0.00140884 -0.00129227 -0.00182911 -0.000977368 -0.00179285 -0.00131616 -0.0013158 -0.00121101 -0.00152852 -0.00202398 -0.00196077 -0.00184362 -0.0016426 -0.00158793 -0.00143276 -0.00159744 -0.00171838 -0.0019375 -0.00184442 -0.00174019 -0.00188939 -0.000607879 -0.00187268 -0.00104455 -0.00172639 -0.00143667 -0.00159486 -0.00135873 -0.00155352 -0.00164458 -0.00167873 -0.00168562 -0.00123504 -0.00165505 -0.00133714 -0.00108399 -0.0011975 -0.00141629 -0.00199161 -0.00198558 -0.00181826 -0.00136367 -0.00183917 -0.00180485 -0.00135726 -0.00112614 -0.00120581 -0.00198371 -0.0010787 -0.00144457 -0.000963238 -0.00138569 -0.00113386 -0.00171287 -0.000504768 0.00204547 0.00200297 0.00233135 0.0020949 
0.00323791 0.126789 0.00202101 0.00238076 0.00275805 0.00200036 0.00236027 -0.000744678 -0.00101877 -0.000666157 -0.00223599 -0.00170223 -0.00226859 -0.00255662 -0.00116268 -0.00170255 -0.00336682 -0.0011932 -0.00210094 -0.00233349 -0.00298892 -0.00249586 -0.000345362 -0.00191782 -0.00289942 -0.00192357 -0.00170736 -0.00136338 -0.00108408 -0.00117892 -0.00240409 -0.00232607 -0.00168282 -0.00179597 -0.00181098 -0.00144949 -0.00168846 -0.00164768 -0.00161441 -0.00157089 -0.00131236 -0.00142484 -0.00214801 -0.00164564 -0.0018815 -0.00144889 -0.00115475 -0.00206945 -0.0016666 -0.0016426 -0.00129509 -0.00199497 -0.00176579 -0.00112141 -0.000738863 -0.001868 -0.00187602 -0.00191165 -0.00175173 -0.00188159 -0.00110042 -0.00192219 -0.000933433 -0.00110125 -0.00171009 -0.000820903 -0.00123411 -0.00172624 -0.00234149 -0.00165592 -0.00169493 -0.00131371 -0.00135646 -0.00131897 -0.00176818 -0.00144052 -0.00072339 -0.00110039 -0.00226386 -0.00100468 -0.00216497 -0.00185638 -0.00232075 -0.00161597 -0.001826 -0.00106893 -0.000958967 -0.00169066 -0.00123036 -0.00208804 -0.00164 -0.00208743 -0.00184466 -0.00159726 -0.00170289 -0.00108166 -0.000951878 0.00227471 0.00154544 0.00243862 
0.00132677 0.00202101 0.121367 0.00170935 0.00335218 0.00197807 0.00174994 0.00224129 -0.00117333 6.46059e-05 -0.000393056 -0.000676506 -0.00148232 -0.00211142 -0.00167408 -0.00241568 -0.00236572 -0.00209913 -0.0024032 -0.00203508 -0.00157754 -0.00152041 -0.00213267 -0.00227763 -0.00151883 -0.00156874 -0.00207202 -0.00138386 -0.00185521 -0.00196569 -0.00126957 -0.00136947 -0.0015027 -0.00128673 -0.00125015 -0.00178228 -0.0011164 -0.000563801 -0.00149644 -0.00142061 -0.0014333 -0.000897984 -0.00216477 -0.00153696 -0.00146174 -0.00177342 -0.00236291 -0.00175444 -0.000914044 -0.00162006 -0.00166743 -0.0012075 -0.00147961 -0.0010152 -0.00250752 -0.00170872 -0.00132625 -0.00143081 -0.00202231 -0.00123566 -0.00174252 -0.00230057 -0.0019302 -0.00204333 -0.00146823 -0.00189445 -0.0013972 -0.0014461 -0.00158282 -0.00119414 -0.00131752 -0.00177402 -0.00151998 -0.00113095 -0.00191423 -0.0014342 -0.00161677 -0.000969988 -0.00207126 -0.000917557 -0.0012874 -0.0013562 -0.00215518 -0.000854049 -0.00150924 -0.00163017 -0.00187199 -0.00160322 -0.00173225 -0.00189689 -0.00164372 -0.00137419 -0.00139194 -0.00120409 -0.00136728 -0.00101154 -0.00174533 -0.00141547 0.00246958 0.00171688 
0.00184447 0.00238076 0.00170935 0.118164 0.00198071 0.00357596 0.00245718 0.00242421 0.00282295 -0.00098273 -0.00131512 -0.00100389 -0.00128192 -0.00236211 -0.00251191 -0.00230371 -0.00167979 -0.0023149 -0.00172417 -0.000826069 -0.00210552 -0.00178028 -0.00144437 -0.00199904 -0.00158906 -0.00191422 -0.00196245 -0.00164395 -0.00125389 -0.00155653 -0.0021296 -0.00159266 -0.00129601 -0.00147309 -0.00125091 -0.00196656 -0.00120248 -0.0012428 -0.00131979 -0.00129737 -0.00204242 -0.00211206 -0.00151135 -0.00223677 -0.00157754 -0.00151289 -0.00130539 -0.00162159 -0.00189169 -0.00157941 -0.00180978 -0.00112196 -0.00149043 -0.00151239 -0.00161493 -0.00147907 -0.0017998 -0.00100216 -0.00155874 -0.00158109 -0.00131532 -0.0016741 -0.00196646 -0.0018998 -0.00128232 -0.00192493 -0.00182921 -0.00140994 -0.000512181 -0.00147433 -0.00148724 -0.00169808 -0.000623737 -0.00111344 -0.00156563 -0.00093883 -0.00124927 -0.00111235 -0.00175945 -0.00156771 -0.00188503 -0.001315 -0.00184556 -0.00170532 -0.00157848 -0.00174466 -0.00164597 -0.00132302 -0.00180912 -0.00151754 -0.001703 -0.00139462 -0.0011301 -0.00189843 -0.00163276 -0.00159533 -0.000941896 -0.000916526 -0.000777046 0.0020922 
0.00191167 0.00275805 0.00335218 0.00198071 0.130297 0.002565 0.00264681 0.00336974 0.00173109 0.0020692 -0.00101752 -0.00183391 -0.0018758 -0.00162138 -0.0017859 -0.00212545 -0.00287394 -0.00179133 -0.0022023 -0.00158175 -0.00295671 -0.00247364 -0.00263119 -0.00251557 -0.00124592 -0.000632398 -0.00131394 -0.0016857 -0.00178714 -0.00143897 -0.00167024 -0.00197177 -0.00138 -0.000947773 -0.00242209 -0.00208913 -0.0014091 -0.00182158 -0.00139918 -0.00031349 -0.00130074 -0.00197837 -0.00220288 -0.000861181 -0.0020865 -0.00142711 -0.00167271 -0.00157302 -0.000900882 -0.0024698 -0.00215239 -0.00245126 -0.0022699 -0.00198404 -0.00156234 -0.00221354 -0.00148332 -0.00162949 -0.00125934 -0.00209778 -0.00170844 -0.00204917 -0.00110012 -0.00158844 -0.000793477 -0.0010464 -0.0020669 -0.00125503 -0.00191803 -0.00153972 -0.00135937 -0.00168144 -0.00136678 -0.00156956 -0.00129686 -0.00168849 -0.00119004 -0.00106614 -0.00171438 -0.00165551 -0.00266032 -0.00198698 -0.00184253 -0.00161632 -0.00218842 -0.00201231 -0.00118668 -0.00102845 -0.00291464 -0.00153593 -0.00171958 -0.00107406 -0.00217603 -0.0014195 -0.00215762 -0.000778345 -0.00180634 -0.000852685 -0.00239881 -0.00128054 
0.00122872 0.00200036 0.00197807 0.00357596 0.002565 0.132371 0.00278344 0.00280714 0.00304935 0.00300159 0.00243789 -0.00118715 -0.00123004 -0.00107089 -0.00123239 -0.00163795 -0.00249712 -0.00189687 -0.00261886 -0.00164682 -0.00271887 -0.00236771 -0.00130114 -0.00179859 -0.0019665 -0.00140103 -0.00197408 -0.00180709 -0.00224022 -0.00170917 -0.00234933 -0.00152795 -0.00181719 -0.00115407 -0.00155511 -0.00182345 -0.00176044 -0.0018546 -0.00229646 -0.00111407 -0.00174668 -0.00187707 -0.00212941 -0.00220014 -0.00210047 -0.00145699 -0.00127651 -0.00143033 -0.00181458 -0.00187143 -0.00101539 -0.00197999 -0.0022008 -0.00240096 -0.00249577 -0.00160908 -0.00293757 -0.00211392 -0.00160425 -0.00207625 -0.0019137 -0.00286996 -0.00194114 -0.00163391 -0.0023068 -0.00174279 -0.00184848 -0.00142985 -0.00187998 -0.00208798 -0.00150949 -0.00163188 -0.00159644 -0.00223173 -0.00208948 -0.00106345 -0.00240819 -0.00113133 -0.00140779 -0.00262614 -0.00284958 -0.00174527 -0.00187948 -0.00112927 -0.00190858 -0.000661374 -0.000879503 -0.00170058 -0.00109824 -0.00219971 -0.00128252 -0.0017907 -0.00129872 -0.00131611 -0.00120578 -0.00191088 -0.00193431 -0.00101185 -0.00151479 -0.00123769 
-0.00152066 0.00236027 0.00174994 0.00245718 0.00264681 0.00278344 0.131678 0.00246281 0.00232964 0.0028317 0.00264433 0.0017967 -0.00158436 -0.00121326 -0.00166979 -0.0024422 -0.00206524 -0.00225673 -0.0021673 -0.00216894 -0.00185669 -0.00220163 -0.00268858 -0.0026432 -0.00218985 -0.00178413 -0.00187806 -0.00101426 -0.00124868 -0.00179656 -0.00193167 -0.000907699 -0.00236313 -0.00196177 -0.00177502 -0.00172831 -0.0025811 -0.00135841 -0.00215081 -0.0019684 -0.00170617 -0.00256985 -0.00213773 -0.00161207 -0.00276147 -0.00197588 -0.00187262 -0.00162189 -0.00149976 -0.00167971 -0.00101832 -0.00179977 -0.00176206 -0.00212239 -0.00144449 -0.00193775 -0.001995 -0.00252603 -0.00151788 -0.00174526 -0.00167396 -0.00202103 -0.00164542 -0.00197578 -0.00114198 -0.00210934 -0.00127859 -0.00181255 -0.00187851 -0.000938978 -0.00095386 -0.00198051 -0.00183071 -0.00184619 -0.00167659 -0.00135537 -0.00203569 -0.00153802 -0.00136159 -0.00193304 -0.00170496 -0.000961108 -0.00153942 -0.00162322 -0.00154006 -0.00162742 -0.00174197 -0.0012793 -0.00222745 -0.00191242 -0.00135219 -0.00128201 -0.00157917 -0.00184212 -0.00200069 -0.00127581 -0.00119508 -0.000305387 -0.00197293 -0.00136749 
-0.00130496 -0.000744678 0.00224129 0.00242421 0.00336974 0.00280714 0.00246281 0.130816 0.00214181 0.00208594 0.00266603 0.00205211 0.0027187 -0.000876568 -0.00126654 -0.00181728 -0.00182238 -0.00238922 -0.00167305 -0.00189721 -0.00234798 -0.00287785 -0.00210207 -0.00267323 -0.00253343 -0.00204378 -0.00240374 -0.0021366 -0.00243454 -0.00153958 -0.00125651 -0.000964655 -0.00164916 -0.000952277 -0.00220822 -0.00228259 -0.00223304 -0.00298134 -0.00121213 -0.00155399 -0.00180688 -0.00154231 -0.002089 -0.00141758 -0.00210126 -0.00143071 -0.00143492 -0.00125573 -0.00116918 -0.00241516 -0.0019315 -0.00207422 -0.00174131 -0.00185811 -0.00153173 -0.0015381 -0.00178079 -0.000797439 -0.00237307 -0.00076649 -0.00164879 -0.00176215 -0.00182333 -0.00270552 -0.00165054 -0.00168443 -0.00145018 -0.00157475 -0.00171386 -0.0016285 -0.00228389 -0.000972939 -0.00132195 -0.00190033 -0.00094607 -0.00120552 -0.00126402 -0.000914203 -0.00115844 -0.00118557 -0.00138627 -0.00199793 -0.00239203 -0.00155679 -0.00130103 -0.00198405 -0.00247385 -0.00306074 -0.0013809 -0.0016327 -0.00222838 -0.00264849 -0.0027537 -0.00115948 -0.00201434 -0.00119732 -0.00200394 -0.00177957 -0.00169591 -0.00110956 
-0.00191381 -0.00101877 -0.00117333 0.00282295 0.00173109 0.00304935 0.00232964 0.00214181 0.13627 0.00227352 0.00265267 0.00213711 0.0022319 0.00246822 -0.00156107 -0.00278691 -0.00221082 -0.00147229 -0.00166566 -0.00188812 -0.00245562 -0.00261133 -0.0021653 -0.00272492 -0.00123891 -0.00191809 -0.00100803 -0.00135595 -0.0024487 -0.00201611 -0.00208113 -0.00162319 -0.00285374 -0.00195387 -0.00201815 -0.00248435 -0.00265441 -0.00131479 -0.00161043 -0.00172033 -0.00131591 -0.00113118 -0.00123421 -0.00256558 -0.00233318 -0.00189171 -0.00243323 -0.00124697 -0.00181037 -0.00156815 -0.00216006 -0.00181525 -0.00146335 -0.0012233 -0.00141355 -0.00116344 -0.00247436 -0.0022624 -0.00159363 -0.00183872 -0.00153647 -0.00100924 -0.00151988 -0.00265469 -0.00109585 -0.00108621 -0.00145156 -0.00145466 -0.00285812 -0.00157878 -0.0026081 -0.00241578 -0.00171187 -0.00160855 -0.00247777 -0.00173035 -0.0027504 -0.00157302 -0.00125528 -0.00106695 -0.00220134 -0.00175893 -0.00115149 -0.00196223 -0.0020716 -0.00140271 -0.0015161 -0.00177001 -0.00176684 -0.00191366 -0.00168493 -0.00165494 -0.00142185 -0.00163597 -0.00214245 -0.00153504 -0.00149967 -0.00165775 -0.00238577 -0.000645247 
-0.00188758 -0.000666157 6.46059e-05 -0.00098273 0.0020692 0.00300159 0.0028317 0.00208594 0.00227352 0.123561 0.00243464 0.00287261 0.00219736 0.00338526 -0.00115163 -0.000760627 -0.002102 -0.00142296 -0.00191666 -0.00173817 -0.0021105 -0.00230962 -0.00211728 -0.00183901 -0.00243422 -0.00223025 -0.000870065 -0.00122379 -0.00123602 -0.0016503 -0.00157966 -0.000821431 -0.00129973 -0.00131421 -0.00229836 -0.001685 -0.0017654 -0.00169234 -0.0017891 -0.00160975 -0.00152292 -0.00140833 -0.00206847 -0.00179339 -0.00197722 -0.00216066 -0.0024164 -0.00164593 -0.00224819 -0.00161789 -0.00182164 -0.00158882 -0.00178223 -0.0018241 -0.00171678 -0.00150332 -0.00195035 -0.00219632 -0.00149765 -0.00179467 -0.00151036 -0.00131375 -0.00196987 -0.00153233 -0.000203055 -0.000586894 -0.00224205 -0.00163955 -0.00123287 -0.0019929 -0.00168344 -0.00193923 -0.00140932 -0.00183644 -0.00245067 -0.00208626 -0.00151188 -0.0011313 -0.00216387 -0.00196037 -0.00174474 -0.00189978 -0.00127118 -0.00154376 -0.0013688 -0.00141889 -0.00186792 -0.00143845 -0.00124903 -0.00189867 -0.00137463 -0.00195473 -0.00124788 -0.00086093 -0.00167798 -0.000986101 -0.00195966 -0.00157765 -0.00199807 -0.00200282 
-0.00185927 -0.00223599 -0.000393056 -0.00131512 -0.00101752 0.00243789 0.00264433 0.00266603 0.00265267 0.00243464 0.133967 0.00294329 0.0016493 0.00330668 0.00274723 0.00171619 -0.000762446 -0.00218394 -0.00194611 -0.000463895 -0.00263807 -0.00247666 -0.00273197 -0.00244435 -0.00279575 -0.00221031 -0.00175361 -0.00170892 -0.00155683 -0.0018232 -0.0014149 -0.00164377 -0.001425 -0.00155317 -0.000920579 -0.00151225 -0.00182311 -0.00156675 -0.00197253 -0.0019278 -0.00155116 -0.00148227 -0.00215428 -0.0017095 -0.00178694 -0.00144357 -0.00193307 -0.00177089 -0.0017043 -0.00174074 -0.00138202 -0.00140075 -0.00146623 -0.00165567 -0.00195518 -0.00238088 -0.00217778 -0.00253511 -0.00210644 -0.00238263 -0.00243993 -0.00186843 -0.00166594 -0.00105061 -0.00184445 -0.00226026 -0.00232598 -0.00154479 -0.000867895 -0.00106828 -0.00175002 -0.00151457 -0.00141689 -0.00104014 -0.00198621 -0.00203877 -0.00226087 -0.00176999 -0.00175042 -0.00206289 -0.00185285 -0.001686 -0.00195629 -0.00174762 -0.00285853 -0.0021117 -0.00207449 -0.00183055 -0.00233558 -0.00158258 -0.00232376 -0.00125542 -0.00233829 -0.00169492 -0.00195813 -0.00130501 -0.00144023 -0.00221707 -0.00146221 -0.0018102 
-0.00120764 -0.00170223 -0.000676506 -0.00100389 -0.00183391 -0.00118715 0.0017967 0.00205211 0.00213711 0.00287261 0.00294329 0.135437 0.00245357 0.00269672 0.00259787 0.00283128 0.00262415 -0.00147913 -0.00231938 -0.00176132 -0.00278406 -0.00184862 -0.00250874 -0.00178044 -0.00236856 -0.00160144 -0.00285332 -0.00186009 -0.00172668 -0.00187183 -0.00166199 -0.00191511 -0.00174773 -0.00167982 -0.00157033 -0.00122072 -0.00190755 -0.00200247 -0.0012443 -0.00237852 -0.00211516 -0.0015306 -0.00188205 -0.000956218 -0.00162951 -0.00194789 -0.00300012 -0.00165221 -0.00183928 -0.00175661 -0.0019378 -0.00175543 -0.00157773 -0.00172688 -0.00209533 -0.00205673 -0.00232165 -0.00250285 -0.00194997 -0.00139282 -0.00268258 -0.00152181 -0.000879659 -0.00213427 -0.00124256 -0.00220648 -0.00217962 -0.00243602 -0.00155969 -0.00154468 -0.00263924 -0.00254591 -0.00278223 -0.00134471 -0.00184739 -0.000909239 -0.00148129 -0.00164285 -0.00109736 -0.00226527 -0.00133305 -0.00192813 -0.00122582 -0.00104317 -0.00143993 -0.00121873 -0.00195926 -0.00174973 -0.0023396 -0.00143273 -0.00234998 -0.001856 -0.00317051 -0.0015756 -0.00122785 -0.00136908 -0.00177168 -0.0019686 -0.00165498 -0.00155525 
-0.00183269 -0.00226859 -0.00148232 -0.00128192 -0.0018758 -0.00123004 -0.00158436 0.0027187 0.0022319 0.00219736 0.0016493 0.00245357 0.125593 0.00286111 0.00256778 0.00289261 0.0019503 -0.00158734 -0.00167683 -0.00163585 -0.00273038 -0.00207317 -0.00238454 -0.00183564 -0.00197095 -0.00161892 -0.00196025 -0.00163155 -0.00150638 -0.00182272 -0.00234366 -0.00209001 -0.00118961 -0.002464 -0.00180303 -0.00177224 -0.00123644 -0.00210865 -0.0014442 -0.00123086 -0.00180154 -0.0010683 -0.000578279 -0.00168178 -0.00184199 -0.00130185 -0.00213753 -0.00139832 -0.00123435 -0.00175278 -0.00192043 -0.00156725 -0.00152236 -0.000993592 -0.0016736 -0.000944562 -0.00195534 -0.00178936 -0.000941686 -0.00141356 -0.000943411 -0.00161494 -0.000952803 -0.00217942 -0.00113285 -0.00125148 -0.000966605 -0.00102574 -0.00221866 -0.00175801 -0.0014895 -0.00180321 -0.00184086 -0.0017018 -0.00227051 -0.00172441 -0.00261887 -0.0014325 -0.00167498 -0.00226132 -0.00182605 -0.00135906 -0.00216116 -0.00138113 -0.00120048 -0.00073272 -0.00186538 -0.00157446 -0.00128485 -0.00165707 -0.00110662 -0.00159411 -0.00195955 -0.00152519 -0.00213018 -0.00104169 -0.00180777 -0.0017705 -0.00166297 -0.00142165 
-0.0022855 -0.00255662 -0.00211142 -0.00236211 -0.00162138 -0.00107089 -0.00121326 -0.000876568 0.00246822 0.00338526 0.00330668 0.00269672 0.00286111 0.141164 0.0046926 0.00399245 0.00217881 0.00240284 0.00300406 -0.00158237 -0.00231178 -0.00147251 -0.0020172 -0.00247664 -0.0018729 -0.00183638 -0.00222789 -0.00251094 -0.00185398 -0.00182633 -0.00218784 -0.00180106 -0.00203352 -0.00196411 -0.0015379 -0.00231776 -0.00120573 -0.00148927 -0.0013915 -0.00131303 -0.00207118 -0.00174447 -0.00156671 -0.0018164 -0.00192166 -0.00214912 -0.00221032 -0.00174979 -0.0021047 -0.00190855 -0.00262163 -0.00175717 -0.00175252 -0.00216787 -0.00158922 -0.00160829 -0.00211377 -0.000946626 -0.00216363 -0.00172444 -0.00230561 -0.00247822 -0.00229167 -0.00205594 -0.00243768 -0.00220975 -0.00300055 -0.00195689 -0.00199125 -0.00170399 -0.00250159 -0.00208314 -0.00175796 -0.00112972 -0.000808194 -0.00177664 -0.00216534 -0.00182556 -0.00224268 -0.00211483 -0.00212818 -0.00181082 -0.00192101 -0.00255523 -0.00195163 -0.00191004 -0.00248502 -0.00168097 -0.00188541 -0.00239101 -0.00149098 -0.00187656 -0.0016861 -0.00214131 -0.00313867 -0.0013665 -0.00195243 -0.00156065 -0.00226718 -0.00209903 
-0.00177068 -0.00116268 -0.00167408 -0.00251191 -0.0017859 -0.00123239 -0.00166979 -0.00126654 -0.00156107 -0.00115163 0.00274723 0.00259787 0.00256778 0.0046926 0.138842 0.00420972 0.0021891 0.00270718 0.00228549 0.00184277 -0.000500805 -0.00193478 -0.00217533 -0.00138604 -0.00186655 -0.00192028 -0.00193545 -0.0020612 -0.00201164 -0.00183538 -0.00172505 -0.00234438 -0.00236527 -0.00128527 -0.00172526 -0.00231235 -0.00164992 -0.0014218 -0.0014117 -0.00198931 -0.00255599 -0.00191866 -0.00187444 -0.00292031 -0.00240743 -0.00249866 -0.00168812 -0.001775 -0.00216937 -0.00189833 -0.002055 -0.00288272 -0.00191825 -0.00170096 -0.00200912 -0.00156441 -0.00156824 -0.00125584 -0.00261437 -0.00153895 -0.00135819 -0.00102427 -0.00176002 -0.000871552 -0.00182642 -0.0024613 -0.00196429 -0.00113287 -0.00230198 -0.00217813 -0.00165195 -0.00174208 -0.00242982 -0.00176675 -0.00186736 -0.00233465 -0.00118876 -0.00176895 -0.00176978 -0.00139883 -0.000483148 -0.00237896 -0.0014488 -0.00117446 -0.00216504 -0.0015215 -0.00143927 -0.00268899 -0.00166829 -0.00190533 -0.00210221 -0.0017379 -0.00249938 -0.00182917 -0.00253858 -0.00161681 -0.0025862 -0.00160443 -0.00216832 -0.00186796 
-0.00225679 -0.00170255 -0.00241568 -0.00230371 -0.00212545 -0.00163795 -0.0024422 -0.00181728 -0.00278691 -0.000760627 0.00171619 0.00283128 0.00289261 0.00399245 0.00420972 0.145437 0.00330153 0.00322161 0.00244903 0.00227497 -0.00203265 -0.00158545 -0.0025961 -0.00177492 -0.00270499 -0.0024326 -0.00197224 -0.00232472 -0.00312186 -0.00197877 -0.00213592 -0.00310389 -0.00233985 -0.00266486 -0.00184518 -0.00279178 -0.0021798 -0.00175571 -0.00170886 -0.00176536 -0.00188102 -0.00124773 -0.00134057 -0.00140544 -0.00172456 -0.00156648 -0.00257646 -0.00317918 -0.00222729 -0.000850356 -0.00152194 -0.00117809 -0.00239037 -0.00214915 -0.00125582 -0.00195289 -0.00175865 -0.00197169 -0.0016255 -0.00228486 -0.00183843 -0.00188996 -0.00181819 -0.00159259 -0.00141793 -0.000990783 -0.00210839 -0.00227829 -0.00196802 -0.00145629 -0.00250025 -0.00158526 -0.00151352 -0.00231078 -0.00202768 -0.00267433 -0.00152316 -0.00182246 -0.00116253 -0.00167867 -0.00176272 -0.0011683 -0.00238349 -0.00191744 -0.00209157 -0.00124663 -0.002102 -0.00242917 -0.00185355 -0.00217249 -0.00245653 -0.00201888 -0.00204554 -0.00238264 -0.00128799 -0.000791609 -0.00116658 -0.000766055 -0.00136632 -0.00160713 
-0.00235323 -0.00336682 -0.00236572 -0.00167979 -0.00287394 -0.00249712 -0.00206524 -0.00182238 -0.00221082 -0.002102 -0.000762446 0.00262415 0.0019503 0.00217881 0.0021891 0.00330153 0.142625 0.00234722 0.0034198 0.00357457 0.00244825 0.0028699 -0.00092922 -0.00169526 -0.00271858 -0.00159227 -0.00250093 -0.00214772 -0.00254493 -0.00209588 -0.00201497 -0.00196064 -0.00229001 -0.00248131 -0.00245851 -0.00199859 -0.00236917 -0.00146611 -0.00162296 -0.00216427 -0.00146599 -0.00190207 -0.00254181 -0.00129213 -0.00206685 -0.00156784 -0.00180675 -0.00159045 -0.0015091 -0.00198333 -0.00103924 -0.00213786 -0.00168278 -0.00158488 -0.00141585 -0.0013535 -0.00175736 -0.00159508 -0.00156077 -0.00211596 -0.00189168 -0.0013433 -0.00238391 -0.00163785 -0.00170126 -0.00209602 -0.00175685 -0.00153832 -0.00150405 -0.00146406 -0.00147737 -0.0013868 -0.00189319 -0.0014572 -0.00185311 -0.00315184 -0.00158 -0.00226459 -0.00214053 -0.00165186 -0.0016365 -0.00127448 -0.00220378 -0.00180428 -0.00152737 -0.00245881 -0.00176293 -0.00236728 -0.00227315 -0.00141912 -0.00245883 -0.00118123 -0.000883769 -0.00179806 -0.00268973 -0.00257061 -0.00235592 -0.00119625 -0.00183049 -0.00254163 
-0.00115762 -0.0011932 -0.00209913 -0.0023149 -0.00179133 -0.00189687 -0.00225673 -0.00238922 -0.00147229 -0.00142296 -0.00218394 -0.00147913 -0.00158734 0.00240284 0.00270718 0.00322161 0.00234722 0.146985 0.00329458 0.00386246 0.00163658 0.0027689 0.00248999 -0.00164526 -0.00185442 -0.00127004 -0.00264871 -0.00229377 -0.00242836 -0.00124398 -0.00183938 -0.00163248 -0.00315827 -0.00234735 -0.00260179 -0.00271473 -0.00123218 -0.00175177 -0.00130169 -0.00161529 -0.00212896 -0.00131757 -0.00189077 -0.00170154 -0.00187136 -0.00220242 -0.00172658 -0.00186682 -0.0020181 -0.00206009 -0.00176243 -0.00208486 -0.00211613 -0.00150315 -0.00125285 -0.00227182 -0.0013231 -0.0011441 -0.00205912 -0.00163738 -0.00186762 -0.00187176 -0.00107948 -0.00182703 -0.00197301 -0.00159899 -0.00251319 -0.00272871 -0.00224683 -0.00218958 -0.00261943 -0.00182648 -0.00244115 -0.00145629 -0.00129858 -0.00192632 -0.00159491 -0.00363294 -0.00230735 -0.00272455 -0.00129983 -0.00181165 -0.00236923 -0.00224053 -0.00198619 -0.00119114 -0.00154912 -0.00262685 -0.00174348 -0.00167329 -0.00234001 -0.00170484 -0.00248813 -0.00126007 -0.0016531 -0.00185267 -0.00182737 -0.00139636 -0.00186034 -0.00235437 
-0.00147634 -0.00210094 -0.0024032 -0.00172417 -0.0022023 -0.00261886 -0.0021673 -0.00167305 -0.00166566 -0.00191666 -0.00194611 -0.00231938 -0.00167683 0.00300406 0.00228549 0.00244903 0.0034198 0.00329458 0.138995 0.00454582 0.0012525 0.00316 0.00310557 -0.00166953 -0.00146368 -0.00176325 -0.00202341 -0.00146619 -0.00145723 -0.00238005 -0.000818307 -0.00309567 -0.00228844 -0.00181769 -0.00114098 -0.00204565 -0.00150186 -0.00205033 -0.00235407 -0.00186354 -0.00257833 -0.00250745 -0.00150029 -0.00254164 -0.00158553 -0.00121029 -0.00124114 -0.00145444 -0.00155314 -0.00157191 -0.00178302 -0.00188028 -0.00110891 -0.00146804 -0.00187246 -0.00149162 -0.00142072 -0.00131416 -0.00160646 -0.00174796 -0.00156903 -0.00194272 -0.00115863 -0.00208063 -0.00220649 -0.00211563 -0.0014374 -0.00185611 -0.00215826 -0.00205839 -0.00145513 -0.00251579 -0.00165717 -0.00162713 -0.00119207 -0.00180574 -0.00280648 -0.0016793 -0.00183765 -0.00160332 -0.00218799 -0.00133282 -0.00148147 -0.00239698 -0.00199078 -0.00170775 -0.00175042 -0.00289649 -0.00213725 -0.00155609 -0.00167036 -0.0010089 -0.00160712 -0.00158577 -0.00211595 -0.00204962 -0.00249045 -0.0018023 -0.00245003 -0.00200161 
-0.00205604 -0.00233349 -0.00203508 -0.000826069 -0.00158175 -0.00164682 -0.00216894 -0.00189721 -0.00188812 -0.00173817 -0.000463895 -0.00176132 -0.00163585 -0.00158237 0.00184277 0.00227497 0.00357457 0.00386246 0.00454582 0.153818 0.00334173 0.00269117 0.00271285 0.00218521 0.00163157 -0.00141747 -0.00275223 -0.00208037 -0.00306426 -0.00269747 -0.00105627 -0.00295445 -0.00199982 -0.00176444 -0.00252964 -0.00174835 -0.0021334 -0.00149861 -0.00254844 -0.00258773 -0.00126987 -0.00261179 -0.00191047 -0.00219428 -0.00268486 -0.00174954 -0.001855 -0.00235528 -0.00255995 -0.00229413 -0.00111845 -0.00172663 -0.00300613 -0.00186326 -0.00348015 -0.00195086 -0.00205766 -0.0023328 -0.00330841 -0.00199886 -0.00242187 -0.00102191 -0.0027693 -0.0019123 -0.00215292 -0.00173923 -0.00247805 -0.0021997 -0.0026555 -0.00152751 -0.000895494 -0.00129186 -0.00301032 -0.00226056 -0.0022586 -0.00244357 -0.00127498 -0.00230763 -0.00121234 -0.000708689 -0.00210318 -0.0022917 -0.00273922 -0.00184583 -0.00269703 -0.0015125 -0.00212973 -0.00292711 -0.00304181 -0.00147815 -0.00258691 -0.00128778 -0.00140018 -0.00252581 -0.00188967 -0.00207522 -0.00237573 -0.00178023 -0.00294174 -0.0015333 
-0.00130593 -0.00298892 -0.00157754 -0.00210552 -0.00295671 -0.00271887 -0.00185669 -0.00234798 -0.00245562 -0.0021105 -0.00263807 -0.00278406 -0.00273038 -0.00231178 -0.000500805 -0.00203265 0.00244825 0.00163658 0.0012525 0.00334173 0.148811 0.00241762 0.00318217 0.0022671 0.00265699 0.00305676 -0.00117736 -0.00161165 -0.00141317 -0.00182768 -0.00246332 -0.00127936 -0.00132319 -0.00171277 -0.00219556 -0.00109085 -0.00191719 -0.00162336 -0.00312399 -0.00211301 -0.00258443 -0.00221921 -0.00216164 -0.00262324 -0.0021345 -0.00125865 -0.0015668 -0.00137364 -0.0014926 -0.00216594 -0.00137378 -0.00186242 -0.00266846 -0.00210167 -0.00181005 -0.00193486 -0.00176357 -0.00190271 -0.00213644 -0.0016395 -0.00176326 -0.00182708 -0.00127924 -0.00276664 -0.00177067 -0.00133793 -0.00151385 -0.0012341 -0.00212053 -0.00235721 -0.00101396 -0.0016674 -0.00187502 -0.00211139 -0.00204076 -0.00213261 -0.00231308 -0.00259388 -0.00169701 -0.00237469 -0.00150451 -0.00220943 -0.00196232 -0.00154303 -0.00110514 -0.00182028 -0.000988728 -0.00266627 -0.00158825 -0.00188454 -0.00160878 -0.00117124 -0.00120197 -0.000988586 -0.00177399 -0.00211986 -0.00194019 -0.00201175 -0.00220755 -0.00191523 
-0.00235012 -0.00249586 -0.00152041 -0.00178028 -0.00247364 -0.00236771 -0.00220163 -0.00287785 -0.00261133 -0.00230962 -0.00247666 -0.00184862 -0.00207317 -0.00147251 -0.00193478 -0.00158545 0.0028699 0.0027689 0.00316 0.00269117 0.00241762 0.145478 0.0031544 0.00328794 0.00267568 0.00253987 -0.00166839 -0.00144299 -0.00281271 -0.00175769 -0.00162085 -0.00132061 -0.00131895 -0.00167583 -0.0019161 -0.00181689 -0.00236244 -0.000592047 -0.00236673 -0.00245795 -0.00186993 -0.00220018 -0.00243063 -0.00285007 -0.00297897 -0.00245326 -0.00244875 -0.00268462 -0.00234258 -0.00259267 -0.00165283 -0.002329 -0.0026068 -0.00124795 -0.0012014 -0.00125838 -0.00151694 -0.00170369 -0.00250241 -0.0016728 -0.0014483 -0.0015413 -0.00145658 -0.000723127 -0.00176729 -0.00230323 -0.00178077 -0.00193146 -0.00177126 -0.000986784 -0.00135106 -0.00209786 -0.00101958 -0.00200783 -0.00117141 -0.00166738 -0.00156541 -0.00179933 -0.00173116 -0.00227724 -0.00223124 -0.00132817 -0.00257003 -0.00205047 -0.00178534 -0.00253847 -0.00155398 -0.0015777 -0.00121342 -0.00210447 -0.00115707 -0.00205836 -0.00252831 -0.00143521 -0.00140129 -0.00173339 -0.00244686 -0.00105209 -0.00188852 -0.00193678 
-0.00127886 -0.000345362 -0.00213267 -0.00144437 -0.00263119 -0.00130114 -0.00268858 -0.00210207 -0.0021653 -0.00211728 -0.00273197 -0.00250874 -0.00238454 -0.0020172 -0.00217533 -0.0025961 -0.00092922 0.00248999 0.00310557 0.00271285 0.00318217 0.0031544 0.143325 0.00203694 0.00342646 0.00307231 0.00156306 -0.00217236 -0.00172281 -0.00148173 -0.0012177 -0.00158536 -0.00117905 -0.00178184 -0.00123585 -0.00185862 -0.00170973 -0.0012296 -0.00214245 -0.0029512 -0.00216193 -0.00270955 -0.00167746 -0.00230916 -0.000938357 -0.00162106 -0.00201378 -0.00136795 -0.00224381 -0.00153753 -0.00111875 -0.00153552 -0.00267913 -0.00157543 -0.00194246 -0.00103717 -0.00126027 -0.001565 -0.00195206 -0.00180982 -0.00188037 -0.00132963 -0.00207915 -0.00170743 -0.0023434 -0.00214086 -0.0023969 -0.00181443 -0.00200054 -0.00204047 -0.00210398 -0.00165425 -0.00156446 -0.00185982 -0.00181892 -0.00275971 -0.00152616 -0.00201008 -0.00222432 -0.0021475 -0.000993571 -0.00195174 -0.000910843 -0.00188119 -0.00201849 -0.00192137 -0.00205606 -0.0014808 -0.00148848 -0.00241157 -0.00130304 -0.00177311 -0.00213758 -0.00189456 -0.00138678 -0.00253882 -0.0022648 -0.00206618 -0.00249778 -0.00281556 
-0.00179892 -0.00191782 -0.00227763 -0.00199904 -0.00251557 -0.00179859 -0.0026432 -0.00267323 -0.00272492 -0.00183901 -0.00244435 -0.00178044 -0.00183564 -0.00247664 -0.00138604 -0.00177492 -0.00169526 -0.00164526 -0.00166953 0.00218521 0.0022671 0.00328794 0.00203694 0.140294 0.00323831 0.00305046 0.0023707 0.00333143 -0.00154844 -0.00160906 -0.00238277 -0.00148332 -0.00133786 -0.00147761 -0.00303424 -0.00173748 -0.00101276 -0.00165562 -0.00248352 -0.00163966 -0.00102387 -0.00145932 -0.00156397 -0.001917 -0.00193974 -0.00127886 -0.00105535 -0.00158753 -0.00143001 -0.00190182 -0.00217579 -0.00183858 -0.000475407 -0.00205313 -0.00218766 -0.00181789 -0.00133407 -0.00121987 -0.00151002 -0.00148234 -0.00155175 -0.00145934 -0.00222679 -0.00180979 -0.00207718 -0.00195825 -0.00204039 -0.00212097 -0.00196174 -0.00200254 -0.00127132 -0.00180523 -0.00209603 -0.00199083 -0.00272493 -0.00163325 -0.00207232 -0.00135223 -0.00189701 -0.00153734 -0.00140965 -0.00176929 -0.00272376 -0.00183268 -0.000960126 -0.00154476 -0.00169171 -0.00124227 -0.00147229 -0.00209783 -0.00146065 -0.00103414 -0.00152458 -0.00159281 -0.0020915 -0.00164312 -0.00216902 -0.00195475 -0.00165299 -0.0010541 
-0.000330699 -0.00289942 -0.00151883 -0.00158906 -0.00124592 -0.0019665 -0.00218985 -0.00253343 -0.00123891 -0.00243422 -0.00279575 -0.00236856 -0.00197095 -0.0018729 -0.00186655 -0.00270499 -0.00271858 -0.00185442 -0.00146368 0.00163157 0.00265699 0.00267568 0.00342646 0.00323831 0.141754 0.00147979 0.00357153 0.00144213 0.001717 0.00139753 -0.00133634 -0.000527157 -0.00179804 -0.0020464 -0.00224079 -0.0013021 -0.0021875 -0.00109589 -0.00165077 -0.00178881 -0.00123888 -0.00124342 -0.00189187 -0.00242356 -0.00170418 -0.00201543 -0.00214664 -0.00261108 -0.00210948 -0.00191205 -0.0018706 -0.00214644 -0.0015171 -0.00256381 -0.00176327 -0.00247463 -0.0018873 -0.00157008 -0.00201201 -0.00146248 -0.00220741 -0.00149585 -0.00196579 -0.0022033 -0.00272832 -0.00194121 -0.00170443 -0.00164894 -0.00242275 -0.0028693 -0.00112643 -0.00219679 -0.00158461 -0.0020159 -0.00169178 -0.00249754 -0.00106353 -0.00209357 -0.00109298 -0.00204907 -0.00129513 -0.00117936 -0.00217172 -0.00202018 -0.00146794 -0.0012273 -0.00167199 -0.00199422 -0.000868705 -0.00129886 -0.0020575 -0.00167861 -0.00237466 -0.00189581 -0.00264112 -0.00236347 -0.00138976 -0.00139186 -0.00164225 -0.00166008 
-0.00140341 -0.00192357 -0.00156874 -0.00191422 -0.000632398 -0.00140103 -0.00178413 -0.00204378 -0.00191809 -0.00223025 -0.00221031 -0.00160144 -0.00161892 -0.00183638 -0.00192028 -0.0024326 -0.00159227 -0.00127004 -0.00176325 -0.00141747 0.00305676 0.00253987 0.00307231 0.00305046 0.00147979 0.138437 0.0030657 0.00252884 0.00275606 0.00245217 0.00237426 -0.00204186 -0.000882116 -0.00173804 -0.00228958 -0.00121874 -0.00167525 -0.00186629 -0.0024729 -0.00220031 -0.0027835 -0.00162487 -0.00149338 -0.00181309 -0.0028838 -0.00125491 -0.00170945 -0.00242749 -0.00212088 -0.0018268 -0.00244783 -0.002299 -0.00282677 -0.0025569 -0.00292901 -0.00132347 -0.00211443 -0.00200161 -0.00188965 -0.00116897 -0.00249974 -0.00166346 -0.00238304 -0.00147539 -0.00205779 -0.00176907 -0.000722046 -0.000907511 -0.000868766 -0.00166252 -0.00173977 -0.00214173 -0.0014441 -0.00251576 -0.00228196 -0.00188979 -0.00276951 -0.00193491 -0.00155817 -0.00107796 -0.00197532 -0.00131989 -0.00206141 -0.0017123 -0.00187349 -0.00296468 -0.0016462 -0.00128076 -0.00210292 -0.00199334 -0.00214098 -0.00112418 -0.00138991 -0.00187693 -0.00202859 -0.00150831 -0.001971 -0.00272211 -0.00135542 -0.00203861 
-0.00237305 -0.00170736 -0.00207202 -0.00196245 -0.00131394 -0.00197408 -0.00187806 -0.00240374 -0.00100803 -0.000870065 -0.00175361 -0.00285332 -0.00196025 -0.00222789 -0.00193545 -0.00197224 -0.00250093 -0.00264871 -0.00202341 -0.00275223 -0.00117736 -0.00166839 0.00156306 0.0023707 0.00357153 0.0030657 0.137928 0.00244023 0.00224377 0.00147834 0.00204343 0.00281218 -0.000926405 -0.00151557 -0.00160541 -0.00176741 -0.00102747 -0.00127621 -0.00142959 -0.00219514 -0.00214893 -0.00175434 -0.00192963 -0.00268343 -0.00246539 -0.00232642 -0.00140157 -0.00188076 -0.00134639 -0.00126523 -0.00229966 -0.00183926 -0.00242646 -0.00208859 -0.00174971 -0.00223241 -0.0013606 -0.0015621 -0.0015879 -0.0020093 -0.00148331 -0.00126456 -0.00124903 -0.00110246 -0.0012724 -0.00216906 -0.00130159 -0.00162566 -0.00200491 -0.00104855 -0.00184134 -0.000979168 -0.00140309 -0.00209121 -0.00175835 -0.00209617 -0.00168165 -0.00211311 -0.0014853 -0.00277406 -0.00150632 -0.0015935 -0.00209257 -0.00196383 -0.00211471 -0.00231422 -0.00138937 -0.00183345 -0.00188043 -0.00147494 -0.000995227 -0.0019505 -0.00128126 -0.00107401 -0.00149323 -0.00146904 -0.00184289 -0.00202593 -0.00101301 -0.00232586 
-0.00178795 -0.00136338 -0.00138386 -0.00164395 -0.0016857 -0.00180709 -0.00101426 -0.0021366 -0.00135595 -0.00122379 -0.00170892 -0.00186009 -0.00163155 -0.00251094 -0.0020612 -0.00232472 -0.00214772 -0.00229377 -0.00146619 -0.00208037 -0.00161165 -0.00144299 -0.00217236 0.00333143 0.00144213 0.00252884 0.00244023 0.134132 0.00281107 0.00249797 0.00321421 0.00227595 0.0017291 -0.00199919 -0.00102931 -0.0022964 -0.00219535 -0.00244058 -0.00289435 -0.00153417 -0.00200959 -0.00148683 -0.00159078 -0.00237017 -0.00252515 -0.00234233 -0.00142548 -0.00121888 -0.00123707 -0.00200617 -0.000987593 -0.00171679 -0.0013609 -0.00138807 -0.00202533 -0.00161292 -0.00174765 -0.00164891 -0.00204842 -0.00208416 -0.00132629 -0.00184848 -0.00267041 -0.00138371 -0.00117752 -0.00157074 -0.00178619 -0.00149345 -0.00187692 -0.00263622 -0.0016961 -0.00145543 -0.00162447 -0.00159886 -0.00131034 -0.00151975 -0.00247579 -0.00192661 -0.00150913 -0.00138775 -0.00209791 -0.00115812 -0.00135996 -0.0016768 -0.00207397 -0.00213487 -0.00147852 -0.000895907 -0.00156426 -0.00202433 -0.0020115 -0.0012387 -0.000848158 -0.00217826 -0.00181066 -0.00211649 -0.00120954 -0.0010105 -0.00203286 -0.00127006 
-0.00153117 -0.00108408 -0.00185521 -0.00125389 -0.00178714 -0.00224022 -0.00124868 -0.00243454 -0.0024487 -0.00123602 -0.00155683 -0.00172668 -0.00150638 -0.00185398 -0.00201164 -0.00312186 -0.00254493 -0.00242836 -0.00145723 -0.00306426 -0.00141317 -0.00281271 -0.00172281 -0.00154844 0.001717 0.00275606 0.00224377 0.00281107 0.138697 0.00296425 0.00237117 0.00283437 0.00264583 0.00241376 -0.00175999 -0.00157244 -0.00223393 -0.00201705 -0.00165322 -0.00143963 -0.00171785 -0.00170812 -0.00160719 -0.00126273 -0.00178867 -0.00212963 -0.00166085 -0.00166918 -0.00144831 -0.00145547 -0.00133133 -0.00182483 -0.00142731 -0.00227277 -0.00193183 -0.00245325 -0.00205994 -0.00190151 -0.000428184 -0.002253 -0.00191445 -0.00145492 -0.001317 -0.00194011 -0.00162238 -0.00111373 -0.0019174 -0.00176279 -0.00112433 -0.00191847 -0.00155094 -0.0025968 -0.00184778 -0.000865503 -0.0015332 -0.00168113 -0.0017861 -0.00180382 -0.00203726 -0.00204474 -0.00241189 -0.00200982 -0.000909995 -0.00177328 -0.00143443 -0.00252578 -0.00145712 -0.0020601 -0.0014839 -0.00111086 -0.00180239 -0.00250497 -0.00222225 -0.00223086 -0.00115477 -0.00164119 -0.000899456 -0.00251588 -0.00237596 -0.00219975 
-0.00182414 -0.00117892 -0.00196569 -0.00155653 -0.00143897 -0.00170917 -0.00179656 -0.00153958 -0.00201611 -0.0016503 -0.0018232 -0.00187183 -0.00182272 -0.00182633 -0.00183538 -0.00197877 -0.00209588 -0.00124398 -0.00238005 -0.00269747 -0.00182768 -0.00175769 -0.00148173 -0.00160906 0.00139753 0.00245217 0.00147834 0.00249797 0.00296425 0.133558 0.00343515 0.00253759 0.00281509 0.00209524 -0.00213637 -0.00274902 -0.00247718 -0.00146943 -0.00142494 -0.00179318 -0.00197633 -0.000939842 -0.00192689 -0.00102885 -0.00191527 -0.00227072 -0.00176719 -0.00180849 -0.00147626 -0.00176389 -0.00187143 -0.00134348 -0.0017906 -0.00166067 -0.00170345 -0.00105137 -0.000845589 -0.00203222 -0.00182839 -0.00117277 -0.000846622 -0.00143685 -0.00086578 -0.00156278 -0.00245932 -0.00222948 -0.00188747 -0.0015775 -0.00160389 -0.0019264 -0.00141691 -0.00116584 -0.0016153 -0.00183046 -0.00106315 -0.0025856 -0.00148487 -0.00164719 -0.00262694 -0.0017174 -0.00211901 -0.00167796 -0.00145242 -0.00183386 -0.00209069 -0.00247754 -0.000997648 -0.00189221 -0.00174245 -0.00170241 -0.00177302 -0.00190458 -0.00145464 -0.00135537 -0.00169399 -0.00144294 -0.00162963 -0.00178318 -0.00162869 -0.00187781 
-0.00140616 -0.00240409 -0.00126957 -0.0021296 -0.00167024 -0.00234933 -0.00193167 -0.00125651 -0.00208113 -0.00157966 -0.0014149 -0.00166199 -0.00234366 -0.00218784 -0.00172505 -0.00213592 -0.00201497 -0.00183938 -0.000818307 -0.00105627 -0.00246332 -0.00162085 -0.0012177 -0.00238277 -0.00133634 0.00237426 0.00204343 0.00321421 0.00237117 0.00343515 0.132581 0.00281368 0.00209088 0.00264031 0.0016976 0.00239818 -0.000924157 -0.000592661 -0.00120326 -0.000763679 -0.00221068 -0.00140828 -0.00198611 -0.00155907 -0.00188376 -0.00189409 -0.00227852 -0.00254542 -0.00205286 -0.00222849 -0.00214118 -0.00137535 -0.00195502 -0.00244624 -0.00161386 -0.000643361 -0.00167539 -0.00194025 -0.00184713 -0.00187435 -0.00154606 -0.00208625 -0.00206252 -0.00142851 -0.00177844 -0.00181937 -0.00243682 -0.00154898 -0.00245139 -0.00181591 -0.00114618 -0.00196001 -0.00160552 -0.0019102 -0.00172805 -0.00183199 -0.00151406 -0.00138179 -0.00140428 -0.00229896 -0.001537 -0.0018396 -0.00109245 -0.00164039 -0.00103917 -0.00236976 -0.00150139 -0.000996298 -0.00192021 -0.00121647 -0.00192369 -0.00266799 -0.0017197 -0.00248072 -0.00201228 -0.00281404 -0.00169063 -0.00227291 -0.00186962 -0.00195975 
-0.00193252 -0.00232607 -0.00136947 -0.00159266 -0.00197177 -0.00152795 -0.000907699 -0.000964655 -0.00162319 -0.000821431 -0.00164377 -0.00191511 -0.00209001 -0.00180106 -0.00234438 -0.00310389 -0.00196064 -0.00163248 -0.00309567 -0.00295445 -0.00127936 -0.00132061 -0.00158536 -0.00148332 -0.000527157 -0.00204186 0.00281218 0.00227595 0.00283437 0.00253759 0.00281368 0.131494 0.0024366 0.00180455 0.00234943 0.00263603 0.00147419 -0.00120161 -0.0022964 -0.00125323 -0.00157402 -0.00179404 -0.00218029 -0.00238418 -0.00243857 -0.00227503 -0.00201219 -0.00205717 -0.00158954 -0.00213699 -0.00173125 -0.00125286 -0.00216372 -0.00180739 -0.00236644 -0.00200261 -0.00132915 -0.00207078 -0.00149385 -0.00217148 -0.000970992 -0.00136188 -0.00189108 -0.000827207 -0.00140299 -0.00134412 -0.001687 -0.00078053 -0.00129479 -0.000998041 -0.00127657 -0.00158518 -0.00158832 -0.00222084 -0.00174103 -0.00260555 -0.0015717 -0.00188461 -0.00212789 -0.00152476 -0.00149708 -0.000929064 -0.00206069 -0.00188495 -0.00187826 -0.00207479 -0.00193271 -0.00227076 -0.00142358 -0.00175861 -0.00152775 -0.00281941 -0.00221669 -0.00159144 -0.00140149 -0.00225752 -0.0010673 -0.00222166 -0.000627594 -0.00194289 
-0.00151932 -0.00168282 -0.0015027 -0.00129601 -0.00138 -0.00181719 -0.00236313 -0.00164916 -0.00285374 -0.00129973 -0.001425 -0.00174773 -0.00118961 -0.00203352 -0.00236527 -0.00233985 -0.00229001 -0.00315827 -0.00228844 -0.00199982 -0.00132319 -0.00131895 -0.00117905 -0.00133786 -0.00179804 -0.000882116 -0.000926405 0.0017291 0.00264583 0.00281509 0.00209088 0.0024366 0.127592 0.00246408 0.00257634 0.00255291 0.00216152 0.00182399 -0.00108543 -0.00173445 -0.00196916 -0.00160261 -0.00175777 -0.00174855 -0.00119618 -0.00121554 -0.00100121 -0.00222747 -0.00163449 -0.00112246 -0.00160038 -0.00117471 -0.00210376 -0.00139574 -0.00152437 -0.00254616 -0.00153933 -0.00135139 -0.00175201 -0.00121972 -0.0011216 -0.00161288 -0.00194771 -0.001721 -0.00239962 -0.00233946 -0.001667 -0.00186169 -0.00146227 -0.000593773 -0.0022391 -0.0016106 -0.00159611 -0.00100417 -0.00195836 -0.00184657 -0.00190339 -0.00214517 -0.00224948 -0.00222588 -0.00177504 -0.00152073 -0.00191917 -0.00157901 -0.000745305 -0.00205187 -0.00192584 -0.00127157 -0.00212564 -0.00137911 -0.00146738 -0.00236574 -0.00184227 -0.00205 -0.00170376 -0.00214632 -0.00132292 -0.0016305 -0.00136135 -0.00172935 
