0.123125 0.00164265 0.00283081 0.00237717 0.00190752 0.00191168 -0.00196368 -0.000427109 -0.00153046 -0.00217195 -0.00162061 -0.00178563 -0.00234029 -0.000937244 -0.00167261 -0.00146338 -0.000930391 -0.00184224 -0.00154439 -0.00194585 -0.00181305 -0.00228835 -0.00219561 -0.00249781 -0.00184092 -0.00193373 -0.00145503 -0.00138522 -0.00238107 -0.00197572 -0.00189718 -0.00149803 -0.00175742 -0.00158808 -0.00182533 -0.00191208 -0.00151752 -0.00185156 -0.00148232 -0.000829491 -0.00175872 -0.00162419 -0.00186871 -0.00175661 -0.00179418 -0.00146396 -0.00135871 -0.00156814 -0.000937759 -0.00165965 -0.00120504 -0.00121412 -0.00101364 -0.000942569 -0.00146251 -0.00120675 -0.0012209 -0.00206724 -0.000428271 -0.00151207 -0.00209853 -0.00180425 -0.00157721 -0.00122406 -0.00210222 -0.00135079 -0.00158481 -0.00162205 -0.00171587 -0.00170303 -0.00164244 -0.00131045 -0.00183739 -0.000881269 -0.00193446 -0.00108816 -0.0015202 -0.00156922 -0.00120849 -0.00187509 -0.0017385 -0.00191809 -0.00156409 -0.00163238 -0.0016216 -0.00195063 -0.00123151 -0.0016067 -0.00169286 -0.00182179 -0.000477741 -0.0017034 -0.00124798 -0.0016165 -0.00187544 -0.00118311 0.00244603 0.00181389 0.00204903 0.00259325 
0.00164265 0.12118 0.00323002 0.00265253 0.00236465 0.00232576 0.00184978 -0.000901802 -0.00135356 -0.00172982 -0.00211986 -0.00149792 -0.00185073 -0.00184997 -0.00195463 -0.00138247 -0.00206929 -0.00202025 -0.00139303 -0.00195039 -0.00202116 -0.00187869 -0.00205508 -0.002994 -0.00208023 -0.00295335 -0.00134712 -0.00212408 -0.00203388 -0.00187971 -0.00182604 -0.001581 -0.00234574 -0.00230065 -0.00124636 -0.00183963 -0.00156775 -0.000989324 -0.00140671 -0.00110716 -0.0015532 -0.00143622 -0.00233231 -0.00121231 -0.00153711 -0.00161785 -0.00178727 -0.00114725 -0.00114236 -0.00134523 -0.00132346 -0.00192535 -0.00111374 -0.00114524 -0.00225194 -0.00156649 -0.00126697 -0.00140624 -0.0018043 -0.00145834 -0.0016656 -0.000974573 -0.000865929 -0.00119759 -0.00118822 -0.000970217 -0.00145607 -0.00114713 -0.00162355 -0.00128233 -0.000668067 -0.000690458 -0.00153636 -0.00182242 -0.00132546 -0.00211658 -0.00188589 -0.000705565 -0.00150334 -0.00072263 -0.00181302 -0.00148407 -0.00177008 -0.00165095 -0.00107046 -0.00127538 -0.00192629 -0.00221374 -0.00133029 -0.00129123 -0.000810827 -0.00133671 -0.00170359 -0.00156544 -0.00050712 -0.00144429 -0.00233909 0.00147602 0.00142474 0.00275909 
0.00283081 0.00323002 0.121392 0.00303321 0.00226085 0.00218863 0.00204608 0.00213188 -0.00129067 -0.000948112 -0.00164227 -0.00151334 -0.00230434 -0.00153114 -0.00161253 -0.00189129 -0.00162728 -0.00193002 -0.00141967 -0.00152664 -0.00236736 -0.00277046 -0.00216585 -0.00251554 -0.00243465 -0.0021572 -0.00172088 -0.00218259 -0.00257681 -0.00120691 -0.00149368 -0.00158646 -0.00201637 -0.0019492 -0.00101611 -0.00218699 -0.0021165 -0.00193486 -0.0010559 -0.0018409 -0.00162285 -0.00135616 -0.00124101 -0.00185379 -0.00195549 -0.00166093 -0.00165693 -0.00161056 -0.00135867 -0.00202624 -0.00129004 -0.00151457 -0.0018933 -0.0027162 -0.00213191 -0.00148355 -0.00165654 -0.00121009 -0.00124278 -0.00150684 -0.00072166 -0.00141452 -0.0013532 -0.00189858 -0.0012 -0.00176454 -0.00127667 -0.00187889 -0.000724729 -0.00133698 -0.00118335 -0.00132103 -0.00160971 -0.000893312 -0.00150084 -0.00154235 -0.00197477 -0.0017204 -0.00147699 -0.00225095 -0.00149534 -0.00149096 -0.00119979 -0.0015639 -0.00142906 -0.00111355 -0.0012129 -0.00100552 -0.000913636 -0.00118244 -0.00087264 -0.000783725 -0.00260196 -0.00145598 -0.00135234 -0.00146052 -0.000744061 -0.000957129 0.0019935 0.00229307 
0.00237717 0.00265253 0.00303321 0.128832 0.00291309 0.00223957 0.00256625 0.00203408 0.0020075 -0.00115915 -0.00159466 -0.00164853 -0.00302767 -0.00186014 -0.00221642 -0.00219897 -0.00240961 -0.00138814 -0.00230249 -0.000963284 -0.00260334 -0.00159611 -0.00151099 -0.000952836 -0.0023799 -0.00205428 -0.00180583 -0.00155786 -0.000958165 -0.00143806 -0.00148175 -0.00250424 -0.00220577 -0.00216966 -0.000863493 -0.00110512 -0.00230981 -0.000875026 -0.00207982 -0.00143367 -0.00199083 -0.00156048 -0.00256529 -0.00211035 -0.00129598 -0.00266085 -0.00240763 -0.00274051 -0.00200058 -0.00181455 -0.00137052 -0.00188642 -0.00154712 -0.00218524 -0.00218495 -0.00191156 -0.00111952 -0.00204802 -0.00202708 -0.00156114 -0.00161881 -0.00131976 -0.00187486 -0.00175568 -0.00128134 -0.00167084 -0.00124283 -0.00117569 -0.00134438 -0.00117442 -0.00126369 -0.00100959 -0.00133164 -0.00142519 -0.00167336 -0.00149361 -0.00187686 -0.0014251 -0.00165374 -0.00169747 -0.00249446 -0.00189169 -0.00127407 -0.000805623 -0.00124979 -0.00199408 -0.00188597 -0.00211629 -0.00207342 -0.00169032 -0.000740936 -0.00160028 -0.0018245 -0.0016314 -0.00170226 -0.000397462 -0.000872691 -0.00124802 -0.000775805 0.00256562 
0.00190752 0.00236465 0.00226085 0.00291309 0.12528 0.00338372 0.00229841 0.00295986 0.00215243 0.00228864 -0.000679414 -0.00131331 -0.00259633 -0.00234587 -0.00169347 -0.00140997 -0.0024173 -0.00115116 -0.00164303 -0.00243582 -0.00128778 -0.00162441 -0.00126725 -0.00258923 -0.00205628 -0.00201682 -0.00167937 -0.00244453 -0.00234507 -0.00231098 -0.00226674 -0.00142436 -0.00142322 -0.00251316 -0.00194568 -0.00212129 -0.00250324 -0.00167118 -0.00150875 -0.00147468 -0.00146626 -0.00199552 -0.00121751 -0.00184176 -0.00244575 -0.00274464 -0.0015687 -0.00173262 -0.00144178 -0.00158511 -0.001841 -0.000752044 -0.00125108 -0.00166478 -0.00141484 -0.00176567 -0.00161698 -0.00161201 -0.0013341 -0.00163648 -0.0011651 -0.00235911 -0.0017764 -0.00132736 -0.00168262 -0.00200809 -0.00157004 -0.000536267 -0.00162214 -0.00180688 -0.00170126 -0.00185615 -0.00146899 -0.00157489 -0.000718251 -0.00163087 -0.000539509 -0.00183602 -0.000969332 -0.00124795 -0.0016373 -0.00134198 -0.00102106 -0.0016609 -0.00169518 -0.00159064 -0.00104694 -0.00167811 -0.00135729 -0.00116549 -0.00164444 -0.00153422 -0.00201777 -0.00124026 -0.00110962 -0.00225083 -0.00133902 -0.00198416 -0.00134837 -0.000660315 
0.00191168 0.00232576 0.00218863 0.00223957 0.00338372 0.128253 0.00279667 0.00332065 0.00178298 0.00265309 0.00261285 -0.00115248 -0.00253044 -0.00188883 -0.00286891 -0.00102767 -0.0029816 -0.00196528 -0.0025241 -0.00219984 -0.00200171 -0.00329946 -0.00200181 -0.00178709 -0.00224088 -0.00204043 -0.00211239 -0.00273267 -0.00220037 -0.00194237 -0.00162676 -0.00164593 -0.00186305 -0.0022656 -0.00106656 -0.00165542 -0.0017043 -0.000480321 -0.000985202 -0.0013757 -0.00132926 -0.00124027 -0.00126238 -0.00257794 -0.00225405 -0.00179548 -0.00140884 -0.00152964 -0.00203849 -0.000842131 -0.00161258 -0.00195639 -0.0026028 -0.00138663 -0.00105009 -0.00148585 -0.0019833 -0.00160715 -0.00184795 -0.00174607 -0.00156835 -0.00158233 -0.00209142 -0.00168467 -0.00167164 -0.00227494 -0.00147745 -0.00226145 -0.0020286 -0.00140604 -0.00244202 -0.0013831 -0.00141615 -0.00158299 -0.00245094 -0.00165809 -0.00138462 -0.0013708 -0.00218813 -0.00127948 -0.00159582 -0.0014694 -0.00144017 -0.00157957 -0.00106586 -0.00187434 -0.00156346 -0.00178301 -0.00115619 -0.00145228 -0.00145083 -0.00126174 -0.00187422 -0.00210587 -0.00146107 -0.00128941 -0.00123029 -0.00115834 -0.000990484 -0.000738756 
-0.00196368 0.00184978 0.00204608 0.00256625 0.00229841 0.00279667 0.134345 0.00324402 0.0023533 0.00243107 0.00122557 0.00172104 -0.00173724 -0.00092665 -0.00330485 -0.00292921 -0.0012343 -0.00197523 -0.00214349 -0.00176929 -0.00208971 -0.00177259 -0.00160385 -0.00279176 -0.00163391 -0.00187438 -0.00194622 -0.00113182 -0.00147539 -0.00223769 -0.00259363 -0.00176667 -0.00126692 -0.00219911 -0.00252174 -0.00152282 -0.00139252 -0.00235188 -0.00226881 -0.00160502 -0.00204788 -0.00101829 -0.00180451 -0.00257862 -0.00185229 -0.00176369 -0.00147068 -0.00231853 -0.00187893 -0.00140335 -0.001812 -0.00141904 -0.000955642 -0.00219624 -0.00122478 -0.00097026 -0.00213518 -0.00252234 -0.00258195 -0.00190362 -0.00215861 -0.00173525 -0.00183601 -0.00154567 -0.00209323 -0.00214076 -0.00153628 -0.00241189 -0.00136371 -0.00196257 -0.00166086 -0.00151608 -0.00120987 -0.00193068 -0.000935856 -0.00201959 -0.0016655 -0.00157319 -0.00200222 -0.00202952 -0.00133362 -0.00107486 -0.00177433 -0.0016591 -0.00110872 -0.00183274 -0.00185062 -0.00102462 -0.000973205 -0.00155251 -0.00133285 -0.000815197 -0.00175269 -0.00121487 -0.00198433 -0.0012224 -0.00127202 -0.00191955 -0.00187001 -0.00209322 
-0.000427109 -0.000901802 0.00213188 0.00203408 0.00295986 0.00332065 0.00324402 0.129492 0.00238014 0.00259949 0.00253521 0.00142276 0.00179061 -0.000946544 -0.0021724 -0.00157189 -0.00208849 -0.00290051 -0.00232945 -0.00156599 -0.00181001 -0.00167624 -0.000934967 -0.00218097 -0.00187603 -0.00268129 -0.00163876 -0.00224942 -0.00165872 -0.00109802 -0.00221438 -0.00192447 -0.00288738 -0.0022916 -0.00200547 -0.0011496 -0.00175009 -0.00104603 -0.0020294 -0.00139633 -0.00182987 -0.00154238 -0.00178736 -0.00230918 -0.0022172 -0.000825557 -0.00246105 -0.00193906 -0.00208111 -0.00108674 -0.00131017 -0.00171661 -0.00176609 -0.00185412 -0.00124389 -0.00195278 -0.00185069 -0.00135073 -0.00234682 -0.00290872 -0.00186201 -0.00197509 -0.002352 -0.00219458 -0.00102163 -0.00196289 -0.00247804 -0.00182311 -0.00192645 -0.00221416 -0.00137066 -0.00162077 -0.00255724 -0.000898716 -0.00138509 -0.00161938 -0.00109613 -0.00082815 -0.00170985 -0.0012949 -0.00114177 -0.00130395 -0.00218807 -0.0015962 -0.00105131 -0.00205059 -0.00196719 -0.000602301 -0.000908902 -0.00101871 -0.00231332 -0.00160533 -0.00111234 -0.00163513 -0.00159891 -0.00221005 -0.00201569 -0.00262471 -0.00182803 -0.00116432 
-0.00153046 -0.00135356 -0.00129067 0.0020075 0.00215243 0.00178298 0.0023533 0.00238014 0.137677 0.00263479 0.00283779 0.00380373 0.00268305 0.00239715 -0.00244726 -0.00156679 -0.00216368 -0.00224127 -0.0020382 -0.00164921 -0.00277009 -0.00254972 -0.00189232 -0.000908997 -0.00252884 -0.00248992 -0.00281343 -0.00224092 -0.0015906 -0.0012905 -0.0016811 -0.00158468 -0.00114596 -0.00187979 -0.00193976 -0.00171338 -0.00180294 -0.00247631 -0.00245465 -0.00188938 -0.00214586 -0.00205634 -0.0032476 -0.00184837 -0.00257868 -0.00129713 -0.00182427 -0.00230471 -0.00175249 -0.00229285 -0.00184093 -0.00159169 -0.00149756 -0.000524271 -0.00154367 -0.00233273 -0.00147719 -0.00181162 -0.00198582 -0.0022118 -0.00197628 -0.00195932 -0.00237669 -0.00159926 -0.00142679 -0.00234485 -0.00146228 -0.000876366 -0.00250918 -0.00188841 -0.00134649 -0.00136687 -0.00183643 -0.00153047 -0.00163133 -0.00140527 -0.00153577 -0.00180769 -0.00217115 -0.00185893 -0.00227426 -0.00205048 -0.00114633 -0.00209878 -0.00184391 -0.00210563 -0.00219325 -0.00197353 -0.00191858 -0.00117442 -0.00150137 -0.00213687 -0.000858081 -0.00154142 -0.00137252 -0.00206754 -0.00116028 -0.00104668 -0.00133782 -0.00190831 
-0.00217195 -0.00172982 -0.000948112 -0.00115915 0.00228864 0.00265309 0.00243107 0.00259949 0.00263479 0.131247 0.00267578 0.00217755 0.00199088 0.00192068 -0.00170814 -0.00176916 -0.000928366 -0.0021706 -0.00148406 -0.0018339 -0.00192941 -0.00220038 -0.0015111 -0.0021168 -0.00133617 -0.00210329 -0.00145114 -0.0019652 -0.00224729 -0.00187873 -0.00209924 -0.00198466 -0.0019453 -0.00186154 -0.00174645 -0.0013004 -0.00137122 -0.00133985 -0.00194054 -0.00164885 -0.00139886 -0.00219302 -0.00198491 -0.00206765 -0.00238844 -0.000816359 -0.00260452 -0.00223479 -0.0017472 -0.00160973 -0.00169823 -0.00140393 -0.00115286 -0.00155865 -0.00124232 -0.00113046 -0.00184792 -0.00165897 -0.00194547 -0.00163438 -0.00179423 -0.00150963 -0.00200738 -0.00156211 -0.00131583 -0.002267 -0.00148803 -0.00152851 -0.00204972 -0.00186221 -0.00153927 -0.00189356 -0.000998114 -0.00184815 -0.00182021 -0.0014788 -0.0012552 -0.00129042 -0.00197481 -0.0015971 -0.00146112 -0.00212335 -0.00202291 -0.00202763 -0.00144597 -0.00190718 -0.00170413 -0.00205205 -0.000850084 -0.00194686 -0.00157679 -0.00200621 -0.00157145 -0.00160537 -0.00203107 -0.00131283 -0.0017504 -0.00197346 -0.00119291 -0.000777727 
-0.00162061 -0.00211986 -0.00164227 -0.00159466 -0.000679414 0.00261285 0.00122557 0.00253521 0.00283779 0.00267578 0.130034 0.00169536 0.00280071 0.00326418 0.00183165 0.00243982 -0.00147683 -0.00191528 -0.00284888 -0.00150997 -0.00247161 -0.00273121 -0.00218747 -0.00249283 -0.00158237 -0.00276648 -0.00179769 -0.00238634 -0.00190236 -0.00210698 -0.00281363 -0.0017985 -0.00260959 -0.00243669 -0.00109143 -0.00207395 -0.00182263 -0.000635372 -0.00200378 -0.00163091 -0.00158008 -0.00184091 -0.00238937 -0.00126898 -0.00245664 -0.00201065 -0.00176806 -0.0013272 -0.00127274 -0.000710514 -0.000895368 -0.00161059 -0.00146478 -0.00136606 -0.00169641 -0.00174813 -0.0017827 -0.00164498 -0.0025146 -0.00112756 -0.00126836 -0.00154477 -0.00192624 -0.000830717 -0.00234669 -0.00195656 -0.00130207 -0.00133179 -0.00278107 -0.00216695 -0.00232775 -0.0023911 -0.00137689 -0.00203994 -0.0015583 -0.00176907 -0.00163737 -0.0003204 -0.00185198 -0.00173682 -0.00158632 -0.00129875 -0.00208458 -0.00105434 -0.00143812 -0.00177691 -0.00159246 -0.00165786 -0.00143407 -0.00149027 -0.00155265 -0.00116041 -0.00151284 -0.00116226 -0.00171848 -0.00144173 -0.0014276 -0.00143639 -0.00151238 -0.0019242 
-0.00178563 -0.00149792 -0.00151334 -0.00164853 -0.00131331 -0.00115248 0.00172104 0.00142276 0.00380373 0.00217755 0.00169536 0.134162 0.00326479 0.00366368 0.00253958 0.00205633 0.00393219 -0.000872792 -0.00236899 -0.00186351 -0.00267463 -0.00307113 -0.00220899 -0.00201529 -0.00120265 -0.00233945 -0.00253182 -0.00245686 -0.00199321 -0.00130014 -0.00091892 -0.00221386 -0.0019335 -0.0024837 -0.00207881 -0.00264653 -0.00149343 -0.00295437 -0.00222247 -0.00177399 -0.00128682 -0.0020798 -0.00143441 -0.00200346 -0.00182734 -0.00169456 -0.00192575 -0.00197833 -0.000955446 -0.00246622 -0.0023074 -0.00128677 -0.00118138 -0.00129131 -0.00196015 -0.00171888 -0.00196759 -0.00106712 -0.000745219 -0.00169012 -0.0020991 -0.00120858 -0.00162837 -0.00167405 -0.00110472 -0.00131364 -0.00201387 -0.00207438 -0.00123636 -0.00251008 -0.00198805 -0.00152959 -0.00139661 -0.00163704 -0.00140844 -0.00192335 -0.00180048 -0.00167087 -0.00248799 -0.00219412 -0.00158336 -0.00167461 -0.00207793 -0.00126505 -0.00153185 -0.00170123 -0.00245942 -0.00187353 -0.00117606 -0.000957804 -0.00240211 -0.00212594 -0.00200109 -0.00216495 -0.00198573 -0.00251117 -0.000854824 -0.00198566 -0.00186169 -0.00194744 
-0.00234029 -0.00185073 -0.00230434 -0.00302767 -0.00259633 -0.00253044 -0.00173724 0.00179061 0.00268305 0.00199088 0.00280071 0.00326479 0.144399 0.00318643 0.00309685 0.00248026 0.00260766 -0.000877742 -0.00227406 -0.000745431 -0.00166832 -0.00182175 -0.000638177 -0.00144128 -0.00138305 -0.00174813 -0.00229815 -0.00172143 -0.00221362 -0.00120155 -0.0021635 -0.00121379 -0.00148429 -0.00152004 -0.00135602 -0.00133142 -0.00193225 -0.00159759 -0.00145978 -0.0023488 -0.00133072 -0.00186042 -0.00287615 -0.00112199 -0.00207271 -0.00142042 -0.00200605 -0.00164398 -0.00266939 -0.00165768 -0.00143285 -0.00201156 -0.00117766 -0.0015691 -0.00224507 -0.0013948 -0.00212602 -0.00202308 -0.0021192 -0.00152251 -0.00210874 -0.00177437 -0.00181523 -0.00164236 -0.00171992 -0.00277446 -0.00183428 -0.00177469 -0.00315861 -0.00202339 -0.00225321 -0.00237676 -0.00219452 -0.00116177 -0.00185208 -0.00263458 -0.00222621 -0.00153941 -0.00312624 -0.00179842 -0.00200176 -0.00161562 -0.00249481 -0.00180657 -0.00172771 -0.00207939 -0.00211893 -0.000996863 -0.00180064 -0.00139891 -0.0019283 -0.00211668 -0.00209629 -0.00171918 -0.00172384 -0.00171385 -0.00248879 -0.00209593 -0.00225207 -0.00122624 
-0.000937244 -0.00184997 -0.00153114 -0.00186014 -0.00234587 -0.00188883 -0.00092665 -0.000946544 0.00239715 0.00192068 0.00326418 0.00366368 0.00318643 0.142751 0.00232298 0.00213438 0.00300034 0.00317745 0.00272847 -0.00184643 -0.00161324 -0.0014768 -0.0015978 -0.00188466 -0.00177803 -0.00314005 -0.00254134 -0.0016578 -0.00230173 -0.00239542 -0.00166368 -0.00186242 -0.00286739 -0.00332553 -0.00165393 -0.00213306 -0.001082 -0.00221624 -0.00217092 -0.00207542 -0.00205135 -0.00184526 -0.00191887 -0.00141064 -0.0022776 -0.00186442 -0.00181911 -0.00153622 -0.00117892 -0.00194528 -0.000589647 -0.00140612 -0.00189121 -0.00236825 -0.00220494 -0.00259436 -0.00194289 -0.00215369 -0.00156923 -0.0018899 -0.00168303 -0.00181568 -0.00119183 -0.00186923 -0.00222278 -0.00237671 -0.00169301 -0.00190767 -0.00187643 -0.00217022 -0.00179254 -0.00219203 -0.00140029 -0.00253567 -0.00179142 -0.00125464 -0.00203759 -0.00142215 -0.00151421 -0.0020921 -0.00145386 -0.00137783 -0.0018127 -0.00201325 -0.00167324 -0.00165431 -0.00232959 -0.0016391 -0.00214224 -0.00237648 -0.00171813 -0.00282311 -0.00210809 -0.0025777 -0.00285583 -0.00262074 -0.00250103 -0.00218767 -0.00196385 -0.00185012 
-0.00167261 -0.00195463 -0.00161253 -0.00221642 -0.00169347 -0.00286891 -0.00330485 -0.0021724 -0.00244726 -0.00170814 0.00183165 0.00253958 0.00309685 0.00232298 0.139632 0.00347936 0.003055 0.00245665 0.00256544 0.00337732 -0.00148958 -0.00166869 -0.00189572 -0.00203201 -0.00132718 -0.00293063 -0.00281121 -0.00257263 -0.0015664 -0.001989 -0.00176518 -0.00187621 -0.00196089 -0.00207277 -0.00224236 -0.00238571 -0.00179899 -0.0018085 -0.00179577 -0.00147509 -0.00200483 -0.00176608 -0.00169121 -0.00241151 -0.000931255 -0.00167012 -0.0017921 -0.00193258 -0.00246395 -0.000742821 -0.00177228 -0.00186022 -0.00115416 -0.00282774 -0.00202665 -0.00108736 -0.00132726 -0.000739287 -0.00162973 -0.000944747 -0.00198213 -0.00113695 -0.0018999 -0.00175325 -0.00209014 -0.00159075 -0.00150034 -0.00183369 -0.0015797 -0.00286858 -0.00243947 -0.00247619 -0.00146786 -0.00129263 -0.00166187 -0.00105327 -0.00134281 -0.00183433 -0.00148734 -0.00235278 -0.00169098 -0.00149639 -0.00107486 -0.00165625 -0.00122138 -0.00179405 -0.00257679 -0.00205396 -0.0015616 -0.00222195 -0.00171716 -0.0021898 -0.00151083 -0.00206393 -0.00142116 -0.00188615 -0.00185412 -0.000989285 -0.00184664 -0.00199407 
-0.00146338 -0.00138247 -0.00189129 -0.00219897 -0.00140997 -0.00102767 -0.00292921 -0.00157189 -0.00156679 -0.00176916 0.00243982 0.00205633 0.00248026 0.00213438 0.00347936 0.136005 0.00190942 0.0023946 0.00270565 0.00237209 -0.00178902 -0.0020358 -0.00196465 -0.00161914 -0.00255053 -0.00221911 -0.00221602 -0.00282367 -0.00148287 -0.00173565 -0.0020705 -0.00146389 -0.00265376 -0.00251814 -0.00115996 -0.00145288 -0.00235274 -0.00176344 -0.00109719 -0.00172536 -0.00250915 -0.00200237 -0.00285527 -0.00188663 -0.00210313 -0.00135384 -0.00236535 -0.00200487 -0.00122051 -0.00173617 -0.00267441 -0.0019116 -0.00194932 -0.00209613 -0.00143418 -0.00189892 -0.00155331 -0.000722498 -0.00090298 -0.00140204 -0.00166572 -0.00112035 -0.0012633 -0.00182361 -0.00186021 -0.00156287 -0.00177614 -0.00123594 -0.00151328 -0.00279226 -0.00221055 -0.00224751 -0.000347425 -0.00161154 -0.00126091 -0.00160656 -0.00146165 -0.00161076 -0.00216929 -0.00150363 -0.00133815 -0.00155197 -0.00116279 -0.00224216 -0.0016068 -0.00165208 -0.00177175 -0.00155306 -0.00156704 -0.00184379 -0.00141125 -0.00149266 -0.00162903 -0.00204973 -0.00200048 -0.001289 -0.00224997 -0.00140893 -0.00150263 -0.00152268 
-0.000930391 -0.00206929 -0.00162728 -0.00240961 -0.0024173 -0.0029816 -0.0012343 -0.00208849 -0.00216368 -0.000928366 -0.00147683 0.00393219 0.00260766 0.00300034 0.003055 0.00190942 0.149692 0.00271263 0.00350959 0.00246918 0.00401364 0.00355498 -0.00156449 -0.00091284 -0.00179358 -0.00156736 -0.00238184 -0.00279304 -0.00279831 -0.00279959 -0.00238755 -0.00141141 -0.00265359 -0.00212762 -0.00231304 -0.00187882 -0.00266248 -0.00259457 -0.0021687 -0.00224772 -0.00293959 -0.00185717 -0.00329696 -0.00272715 -0.00195726 -0.00238902 -0.00150352 -0.0013209 -0.00212646 -0.00247778 -0.00154053 -0.00231199 -0.00166155 -0.00218937 -0.00222049 -0.00267692 -0.00229896 -0.00275915 -0.00206825 -0.00220732 -0.00187109 -0.00151261 -0.00143715 -0.00134568 -0.0023031 -0.0020286 -0.000591388 -0.00238793 -0.00172532 -0.00186179 -0.00212516 -0.00152119 -0.00193188 -0.00189998 -0.00108337 -0.00189809 -0.0020028 -0.00143882 -0.00215013 -0.00194056 -0.00209141 -0.00260041 -0.00285939 -0.00264481 -0.00190698 -0.00231436 -0.00191615 -0.00233957 -0.00251904 -0.00213805 -0.0020688 -0.00204031 -0.00191383 -0.000868802 -0.00191271 -0.00222649 -0.00129151 -0.00156483 -0.00143292 -0.00283554 
-0.00184224 -0.00202025 -0.00193002 -0.00138814 -0.00115116 -0.00196528 -0.00197523 -0.00290051 -0.00224127 -0.0021706 -0.00191528 -0.000872792 -0.000877742 0.00317745 0.00245665 0.0023946 0.00271263 0.148556 0.00321251 0.00295715 0.0026734 0.00359865 0.00332211 -0.00195715 -0.00141327 -0.00127772 -0.00275666 -0.00166712 -0.00170204 -0.00153906 -0.00160313 -0.00207695 -0.00188056 -0.00113511 -0.00135646 -0.00254682 -0.00270588 -0.00230281 -0.00205822 -0.00102511 -0.00293377 -0.001353 -0.00199193 -0.0010391 -0.00220579 -0.00272668 -0.00230268 -0.00240652 -0.0028429 -0.00226734 -0.0015712 -0.00257583 -0.0029316 -0.00213015 -0.00287279 -0.00246564 -0.00215506 -0.0022272 -0.00210571 -0.0020116 -0.00205583 -0.00182663 -0.00128213 -0.00214104 -0.00178462 -0.00220258 -0.000873425 -0.00167895 -0.00155341 -0.00236207 -0.00210676 -0.00256445 -0.00161125 -0.00160038 -0.00157561 -0.0017107 -0.00251072 -0.00188956 -0.00176795 -0.00208755 -0.00137868 -0.00182736 -0.00160622 -0.00154217 -0.000982018 -0.00154965 -0.00269246 -0.00106495 -0.00160066 -0.00212844 -0.00148806 -0.00235263 -0.00257207 -0.00231422 -0.00222819 -0.00320879 -0.00178486 -0.00181153 -0.00235192 -0.00201973 
-0.00154439 -0.00139303 -0.00141967 -0.00230249 -0.00164303 -0.0025241 -0.00214349 -0.00232945 -0.0020382 -0.00148406 -0.00284888 -0.00236899 -0.00227406 0.00272847 0.00256544 0.00270565 0.00350959 0.00321251 0.146861 0.00287945 0.00297115 0.00252175 0.00270997 -0.00151422 -0.00121853 -0.00195593 -0.00316222 -0.00218186 -0.00112289 -0.00288312 -0.00206462 -0.00112909 -0.00216618 -0.0025617 -0.0018372 -0.00268007 -0.00221864 -0.00216427 -0.00177343 -0.00289404 -0.00229937 -0.00191946 -0.00144911 -0.00146586 -0.00132874 -0.00205 -0.00262625 -0.00259801 -0.0033834 -0.00221327 -0.00147282 -0.00164988 -0.0019911 -0.00151045 -0.00170912 -0.00250954 -0.00182544 -0.00241559 -0.00256944 -0.00190994 -0.00154772 -0.00155528 -0.001817 -0.00191731 -0.00061336 -0.00178402 -0.00131327 -0.0021166 -0.00144824 -0.00205429 -0.00112925 -0.00202465 -0.00177091 -0.00157021 -0.00101712 -0.00175838 -0.00185639 -0.00125909 -0.0024259 -0.00181114 -0.00224177 -0.0019327 -0.00271398 -0.00131397 -0.00172279 -0.00214954 -0.00166385 -0.00102702 -0.00135287 -0.00140352 -0.00170101 -0.0015776 -0.0014687 -0.00199973 -0.00183915 -0.0017878 -0.00287778 -0.00247808 -0.00199589 -0.00188803 
-0.00194585 -0.00195039 -0.00152664 -0.000963284 -0.00243582 -0.00219984 -0.00176929 -0.00156599 -0.00164921 -0.0018339 -0.00150997 -0.00186351 -0.000745431 -0.00184643 0.00337732 0.00237209 0.00246918 0.00295715 0.00287945 0.141863 0.00367274 0.00222263 0.00226561 0.00216159 0.00206733 -0.00176217 -0.0025277 -0.00240011 -0.00252173 -0.00177425 -0.00264082 -0.00136201 -0.00212527 -0.0025668 -0.00230317 -0.00267985 -0.00157775 -0.00165884 -0.00215969 -0.00225156 -0.00275569 -0.00134236 -0.00204084 -0.00274033 -0.00179718 -0.00203333 -0.00130522 -0.00183316 -0.00235529 -0.00194591 -0.0012871 -0.00220035 -0.00198221 -0.0015369 -0.00339718 -0.00253495 -0.00174134 -0.00288134 -0.00167753 -0.00201956 -0.00157152 -0.00207397 -0.00208417 -0.00154604 -0.00271557 -0.00189897 -0.00154624 -0.00103975 -0.00218615 -0.00241138 -0.00138369 -0.00223471 -0.00182249 -0.00228398 -0.00158123 -0.00111526 -0.00259193 -0.00138783 -0.00194217 -0.00212597 -0.00141783 -0.00173941 -0.00203141 -0.000791074 -0.00199161 -0.0017046 -0.00166646 -0.00218993 -0.000757203 -0.00198123 -0.000839227 -0.000964633 -0.00144465 -0.00162836 -0.00144519 -0.00211698 -0.00271797 -0.00266759 -0.00191856 -0.00122568 
-0.00181305 -0.00202116 -0.00236736 -0.00260334 -0.00128778 -0.00200171 -0.00208971 -0.00181001 -0.00277009 -0.00192941 -0.00247161 -0.00267463 -0.00166832 -0.00161324 -0.00148958 -0.00178902 0.00401364 0.0026734 0.00297115 0.00367274 0.151942 0.00262507 0.00421851 0.00332461 0.00346906 0.00242664 -0.00101268 -0.0022067 -0.00176296 -0.00293044 -0.00304548 -0.00178078 -0.00249809 -0.00223524 -0.00223815 -0.00199782 -0.00278521 -0.00260889 -0.00204179 -0.00182059 -0.00257052 -0.00240611 -0.00193632 -0.00139166 -0.00290896 -0.00124958 -0.00199914 -0.00121092 -0.00188122 -0.00224466 -0.00215318 -0.00193781 -0.00195795 -0.00288627 -0.00144302 -0.00182 -0.0029602 -0.00266292 -0.00215611 -0.00175008 -0.00275355 -0.00151613 -0.00194336 -0.0024508 -0.0024364 -0.00110643 -0.000805493 -0.00196409 -0.00188451 -0.00148879 -0.00172909 -0.00204495 -0.00106799 -0.00191559 -0.00125099 -0.00160322 -0.00262366 -0.0018049 -0.00127592 -0.00310602 -0.00269862 -0.00199183 -0.002296 -0.00176195 -0.00265157 -0.00212102 -0.0023695 -0.00127811 -0.00141004 -0.00125235 -0.00225081 -0.00123269 -0.00209471 -0.00213156 -0.00207491 -0.00267942 -0.00178685 -0.00183157 -0.00199016 -0.00176995 
-0.00228835 -0.00187869 -0.00277046 -0.00159611 -0.00162441 -0.00329946 -0.00177259 -0.00167624 -0.00254972 -0.00220038 -0.00273121 -0.00307113 -0.00182175 -0.0014768 -0.00166869 -0.0020358 0.00355498 0.00359865 0.00252175 0.00222263 0.00262507 0.146945 0.00339816 0.00332388 0.00258276 0.00251138 -0.0015877 -0.00146907 -0.00189752 -0.00226218 -0.00238888 -0.00254637 -0.00215711 -0.00328336 -0.0028926 -0.0024915 -0.00240189 -0.00233618 -0.00273334 -0.00236806 -0.0016796 -0.00158024 -0.00196271 -0.00188696 -0.00113285 -0.00130392 -0.00189254 -0.00176645 -0.00178275 -0.00212104 -0.00110253 -0.00126047 -0.0021875 -0.00155329 -0.00219103 -0.00308252 -0.00206048 -0.00251161 -0.00218782 -0.0014748 -0.00188133 -0.00170226 -0.00130623 -0.00221862 -0.00123676 -0.00227722 -0.00276688 -0.00108313 -0.00234737 -0.00138377 -0.00181316 -0.00131001 -0.00144583 -0.00144083 -0.00252339 -0.00164954 -0.0015371 -0.00129363 -0.00147017 -0.00208197 -0.00163823 -0.00189054 -0.00239328 -0.00102927 -0.000931353 -0.000819362 -0.00207632 -0.000825649 -0.00077907 -0.00225157 -0.00171096 -0.00223854 -0.00201575 -0.00141919 -0.0019052 -0.00161666 -0.00247455 -0.00190777 -0.00264582 -0.00194732 
-0.00219561 -0.00205508 -0.00216585 -0.00151099 -0.00126725 -0.00200181 -0.00160385 -0.000934967 -0.00189232 -0.0015111 -0.00218747 -0.00220899 -0.000638177 -0.0015978 -0.00189572 -0.00196465 -0.00156449 0.00332211 0.00270997 0.00226561 0.00421851 0.00339816 0.137634 0.00258875 0.00242421 0.00335138 0.00264014 -0.00213697 -0.00101552 -0.00107354 -0.00199348 -0.00265834 -0.00143489 -0.00187677 -0.00128324 -0.00213465 -0.00180651 -0.00165457 -0.00267755 -0.00248873 -0.00182733 -0.00186692 -0.00194009 -0.00186841 -0.00218144 -0.00127515 -0.00188473 -0.00168619 -0.00192217 -0.00127393 -0.00153979 -0.00171855 -0.00139805 -0.00113985 -0.00236779 -0.00166537 -0.00223438 -0.00263446 -0.00212581 -0.00180589 -0.00192405 -0.00180195 -0.00260703 -0.00151192 -0.00144043 -0.0024802 -0.00204056 -0.00147926 -0.00173235 -0.00176193 -0.00191696 -0.0023931 -0.00206967 -0.00280434 -0.00233961 -0.00272299 -0.00183578 -0.00115714 -0.0013424 -0.000906971 -0.00201202 -0.000832805 -0.00203122 -0.00185198 -0.000796716 -0.00190289 -0.00153974 -0.00123775 -0.00189798 -0.00189923 -0.0023106 -0.00205995 -0.00156057 -0.00266074 -0.00198296 -0.00185002 -0.00164031 -0.00168316 -0.00275633 -0.00199034 
-0.00249781 -0.002994 -0.00251554 -0.000952836 -0.00258923 -0.00178709 -0.00279176 -0.00218097 -0.000908997 -0.0021168 -0.00249283 -0.00201529 -0.00144128 -0.00188466 -0.00203201 -0.00161914 -0.00091284 -0.00195715 -0.00151422 0.00216159 0.00332461 0.00332388 0.00258875 0.141952 0.00289189 0.00400528 0.00272886 0.00286937 -0.00287929 -0.00101913 -0.00177246 -0.00186074 -0.00163778 -0.00187784 -0.0011482 -0.00245264 -0.00160617 -0.00122277 -0.00210868 -0.00176015 -0.00236664 -0.00161057 -0.00249571 -0.00206772 -0.00196805 -0.0011632 -0.00175831 -0.00221467 -0.00183753 -0.00154298 -0.00180569 -0.00275927 -0.00259023 -0.00229343 -0.0019945 -0.00268072 -0.00190931 -0.00161172 -0.00123988 -0.0014753 -0.00107369 -0.00165558 -0.000366647 -0.00137582 -0.000897053 -0.00232939 -0.00208109 -0.000848556 -0.00180088 -0.00180453 -0.0011981 -0.00125509 -0.00205068 -0.0017831 -0.00207024 -0.0021931 -0.002188 -0.00150708 -0.00156744 -0.00231062 -0.00265675 -0.00109181 -0.00155932 -0.00157978 -0.002232 -0.00202896 -0.00183365 -0.00218144 -0.00131266 -0.00130075 -0.00194227 -0.00210728 -0.00164836 -0.00254154 -0.00192624 -0.000707038 -0.00179025 -0.00193296 -0.00225349 -0.000927339 
-0.00184092 -0.00208023 -0.00243465 -0.0023799 -0.00205628 -0.00224088 -0.00163391 -0.00187603 -0.00252884 -0.00133617 -0.00158237 -0.00120265 -0.00138305 -0.00177803 -0.00132718 -0.00255053 -0.00179358 -0.00141327 -0.00121853 0.00206733 0.00346906 0.00258276 0.00242421 0.00289189 0.143221 0.00434133 0.00280782 0.00221333 0.00206629 0.0026828 -0.00162503 -0.000890214 -0.00255874 -0.0019654 -0.00232698 -0.00233855 -0.00179164 -0.00254399 -0.000898887 -0.00224813 -0.00151607 -0.00163303 -0.00190483 -0.00143971 -0.00239307 -0.00229195 -0.00161884 -0.00182429 -0.00142182 -0.00108872 -0.00185338 -0.0022429 -0.00187987 -0.0027802 -0.00174464 -0.00146251 -0.00272787 -0.00173619 -0.00304179 -0.0030386 -0.00182769 -0.00265913 -0.00203487 -0.00254444 -0.00216481 -0.00217017 -0.00143777 -0.00129349 -0.00113351 -0.00144742 -0.00152791 -0.0027059 -0.0018795 -0.00087364 -0.00167883 -0.00167331 -0.00151992 -0.00111067 -0.00158499 -0.00199441 -0.0026531 -0.00153082 -0.00211445 -0.00290283 -0.00193243 -0.00235285 -0.00215733 -0.00209489 -0.00179901 -0.0016889 -0.00289474 -0.00152683 -0.00182279 -0.00282836 -0.00183344 -0.00180554 -0.00237828 -0.00222458 -0.00148384 -0.00199517 
-0.00193373 -0.00295335 -0.0021572 -0.00205428 -0.00201682 -0.00204043 -0.00187438 -0.00268129 -0.00248992 -0.00210329 -0.00276648 -0.00233945 -0.00174813 -0.00314005 -0.00293063 -0.00221911 -0.00156736 -0.00127772 -0.00195593 -0.00176217 0.00242664 0.00251138 0.00335138 0.00400528 0.00434133 0.147888 0.00385344 0.00280187 0.00247403 0.00313282 0.00233983 -0.000895121 -0.00264934 -0.00179886 -0.00291731 -0.00216207 -0.0021609 -0.0022853 -0.00237255 -0.00128678 -0.00183311 -0.00202639 -0.00203511 -0.0019846 -0.00138757 -0.00196649 -0.00218375 -0.00277952 -0.00201122 -0.00243617 -0.00173201 -0.00153466 -0.00249108 -0.00357864 -0.00118898 -0.00199782 -0.00282903 -0.00123433 -0.00206454 -0.00259418 -0.00223422 -0.00206676 -0.00173679 -0.00168223 -0.00184081 -0.00218013 -0.0026792 -0.00217792 -0.00152357 -0.00221983 -0.00193412 -0.00116328 -0.00159088 -0.00172175 -0.00180896 -0.00205259 -0.00187891 -0.000930079 -0.00130477 -0.00085879 -0.00172815 -0.00216818 -0.00170137 -0.00195004 -0.00211445 -0.00177807 -0.00279696 -0.00171716 -0.00217327 -0.00202226 -0.00156504 -0.00184828 -0.00168219 -0.0017602 -0.00185436 -0.00223848 -0.00165386 -0.00256492 -0.0014147 -0.00237929 
-0.00145503 -0.00134712 -0.00172088 -0.00180583 -0.00167937 -0.00211239 -0.00194622 -0.00163876 -0.00281343 -0.00145114 -0.00179769 -0.00253182 -0.00229815 -0.00254134 -0.00281121 -0.00221602 -0.00238184 -0.00275666 -0.00316222 -0.0025277 -0.00101268 -0.0015877 0.00264014 0.00272886 0.00280782 0.00385344 0.140262 0.00315017 0.00286589 0.0021866 0.00143694 0.00215462 -0.000304625 -0.00199867 -0.000863794 -0.00214565 -0.00228429 -0.00171124 -0.00138534 -0.00168948 -0.0015577 -0.00182992 -0.00247091 -0.00214622 -0.00194268 -0.00146333 -0.00258799 -0.00224311 -0.00184602 -0.00255371 -0.00104369 -0.00212195 -0.00194083 -0.00193873 -0.000828979 -0.001405 -0.00207164 -0.00150833 -0.00165923 -0.00119766 -0.00216745 -0.00164446 -0.00105023 -0.00214914 -0.00133196 -0.000782016 -0.0021331 -0.00170462 -0.000654825 -0.00137656 -0.00165647 -0.00126594 -0.00205736 -0.00233288 -0.00178252 -0.00261778 -0.00227878 -0.00209332 -0.00263645 -0.00116007 -0.00182949 -0.00188558 -0.00126424 -0.00148704 -0.00129023 -0.00145928 -0.00189962 -0.00208809 -0.00260198 -0.00219317 -0.00247649 -0.00151073 -0.0016385 -0.00195622 -0.0016981 -0.00111645 -0.00145722 -0.00166682 -0.00125537 -0.00209972 
-0.00138522 -0.00212408 -0.00218259 -0.00155786 -0.00244453 -0.00273267 -0.00113182 -0.00224942 -0.00224092 -0.0019652 -0.00238634 -0.00245686 -0.00172143 -0.0016578 -0.00257263 -0.00282367 -0.00279304 -0.00166712 -0.00218186 -0.00240011 -0.0022067 -0.00146907 -0.00213697 0.00286937 0.00221333 0.00280187 0.00315017 0.141803 0.00305337 0.00345752 0.00215233 0.00228725 0.00230929 -0.00179866 -0.00216778 -0.00158243 -0.00112973 -0.00177748 -0.00232595 -0.00229987 -0.00161528 -0.0018159 -0.00159611 -0.00129517 -0.00189912 -0.00137002 -0.00237085 -0.00139931 -0.000916575 -0.00178687 -0.00250283 -0.00153417 -0.00204211 -0.00162365 -0.00163148 -0.00220109 -0.00246043 -0.00240947 -0.0012887 -0.000639796 -0.00136588 -0.00180741 -0.00195236 -0.000994287 -0.00107026 -0.00168733 -0.00161541 -0.00218079 -0.00217013 -0.00162439 -0.002944 -0.00149117 -0.0016568 -0.00127889 -0.00134037 -0.00142496 -0.00154551 -0.00191292 -0.00164504 -0.00147959 -0.00231514 -0.00233413 -0.000996532 -0.00185441 -0.00123712 -0.00189619 -0.00202167 -0.00189379 -0.00138306 -0.00221714 -0.0021998 -0.00266723 -0.0011385 -0.00129791 -0.00156184 -0.00247224 -0.00225422 -0.00108472 -0.00271645 -0.0013995 
-0.00238107 -0.00203388 -0.00257681 -0.000958165 -0.00234507 -0.00220037 -0.00147539 -0.00165872 -0.0015906 -0.00224729 -0.00190236 -0.00199321 -0.00221362 -0.00230173 -0.0015664 -0.00148287 -0.00279831 -0.00170204 -0.00112289 -0.00252173 -0.00176296 -0.00189752 -0.00101552 -0.00287929 0.00206629 0.00247403 0.00286589 0.00305337 0.133871 0.00227411 0.0025991 0.00311952 0.00169264 0.00190103 -0.00177884 -0.00161444 -0.00234052 -0.00237821 -0.00198975 -0.00225824 -0.00173065 -0.00208213 -0.00137637 -0.00206162 -0.0026158 -0.00251102 -0.00215695 -0.00173718 -0.0015502 -0.00187323 -0.00136258 -0.0014743 -0.00162612 -0.00146544 -0.00158175 -0.000906237 -0.00128031 -0.000767445 -0.0019561 -0.00114196 -0.00127283 -0.0025848 -0.00163015 -0.0020868 -0.00158691 -0.00108064 -0.00221134 -0.00138109 -0.00191216 -0.00163185 -0.000706755 -0.00139912 -0.00185844 -0.00132354 -0.000698655 -0.00142051 -0.00137742 -0.00116829 -0.00172459 -0.00174744 -0.00153957 -0.00158472 -0.00195393 -0.0018243 -0.00080942 -0.00122248 -0.00174752 -0.0014826 -0.0014574 -0.00144959 -0.00232077 -0.00203923 -0.00128618 -0.00127046 -0.00134707 -0.00177113 -0.00201665 -0.00243713 -0.00176091 -0.00154741 
-0.00197572 -0.00187971 -0.00120691 -0.00143806 -0.00231098 -0.00194237 -0.00223769 -0.00109802 -0.0012905 -0.00187873 -0.00210698 -0.00130014 -0.00120155 -0.00239542 -0.001989 -0.00173565 -0.00279959 -0.00153906 -0.00288312 -0.00177425 -0.00293044 -0.00226218 -0.00107354 -0.00101913 0.0026828 0.00313282 0.0021866 0.00345752 0.00227411 0.130689 0.00245862 0.00225873 0.00183704 0.00243236 -0.0015926 -0.00167783 -0.00200443 -0.000476993 -0.00232159 -0.00164319 -0.00141086 -0.00163336 -0.00227397 -0.00160695 -0.00191594 -0.00209626 -0.00245934 -0.000890441 -0.00140049 -0.00142031 -0.00184917 -0.00177554 -0.00142378 -0.00166422 -0.000589538 -0.000949352 -0.00217016 -0.00140982 -0.00163415 -0.00174719 -0.00126254 -0.00227136 -0.00121461 -0.00123687 -0.00159887 -0.0016419 -0.0012092 -0.00184981 -0.00159912 -0.00154855 -0.00194716 -0.00198265 -0.00153771 -0.00196297 -0.00251139 -0.00145583 -0.00174376 -0.00173104 -0.0020692 -0.00218473 -0.00250282 -0.00200431 -0.00176524 -0.00200751 -0.00117908 -0.00161633 -0.00177689 -0.00113764 -0.00159221 -0.00182455 -0.00187105 -0.00175003 -0.00218093 -0.00199839 -0.00164511 -0.000742391 -0.0012103 -0.00131 -0.00133875 -0.00109097 
-0.00189718 -0.00182604 -0.00149368 -0.00148175 -0.00226674 -0.00162676 -0.00259363 -0.00221438 -0.0016811 -0.00209924 -0.00281363 -0.00091892 -0.0021635 -0.00166368 -0.00176518 -0.0020705 -0.00238755 -0.00160313 -0.00206462 -0.00264082 -0.00304548 -0.00238888 -0.00199348 -0.00177246 -0.00162503 0.00233983 0.00143694 0.00215233 0.0025991 0.00245862 0.137455 0.00282515 0.00301401 0.00392414 0.00181593 0.00260622 -0.00118535 -0.0019586 -0.0017393 -0.00135067 -0.0022251 -0.00173374 -0.00179599 -0.00233185 -0.0024054 -0.00341517 -0.00174858 -0.00283251 -0.00240645 -0.00179431 -0.000972236 -0.00142954 -0.00129764 -0.00202499 -0.00151326 -0.00159707 -0.00257883 -0.00171451 -0.00188569 -0.00142634 -0.00111548 -0.00128402 -0.000926438 -0.000961585 -0.00199774 -0.00199318 -0.00190532 -0.00178654 -0.00137487 -0.00225597 -0.00192626 -0.00147459 -0.00168119 -0.00178055 -0.00231739 -0.000640527 -0.00175191 -0.00176051 -0.00151158 -0.00149788 -0.000970826 -0.00127876 -0.00260561 -0.0015431 -0.00167528 -0.00257532 -0.00201778 -0.00173547 -0.00174383 -0.00188524 -0.00131558 -0.00110976 -0.00299987 -0.000554605 -0.00185835 -0.0013102 -0.00193233 -0.00187119 -0.00142115 -0.00281854 
-0.00149803 -0.001581 -0.00158646 -0.00250424 -0.00142436 -0.00164593 -0.00176667 -0.00192447 -0.00158468 -0.00198466 -0.0017985 -0.00221386 -0.00121379 -0.00186242 -0.00187621 -0.00146389 -0.00141141 -0.00207695 -0.00112909 -0.00136201 -0.00178078 -0.00254637 -0.00265834 -0.00186074 -0.000890214 -0.000895121 0.00215462 0.00228725 0.00311952 0.00225873 0.00282515 0.130817 0.00282856 0.00259106 0.00171962 0.00205318 0.00246466 -0.0016373 -0.00142757 -0.00213584 -0.00125794 -0.00168246 -0.00170377 -0.00175398 -0.00176053 -0.00178638 -0.00164127 -0.00224607 -0.00231902 -0.00140565 -0.00155499 -0.00218106 -0.00163425 -0.00152731 -0.00198867 -0.00154342 -0.00152888 -0.00157918 -0.00160907 -0.00199394 -0.00191614 -0.00259279 -0.00182659 -0.00191175 -0.00214617 -0.00156985 -0.00104661 -0.00208172 -0.000982111 -0.00195806 -0.00262362 -0.00102328 -0.00321492 -0.00144902 -0.00151946 -0.00181273 -0.00202873 -0.000882142 -0.00104145 -0.00182534 -0.000983394 -0.00158618 -0.00173349 -0.00219363 -0.000732503 -0.00111426 -0.00136416 -0.00165812 -0.00268993 -0.00211983 -0.00219968 -0.00151956 -0.00215009 -0.0017212 -0.00187832 -0.00111972 -0.00243473 -0.00232072 -0.00185257 -0.00185626 
-0.00175742 -0.00234574 -0.00201637 -0.00220577 -0.00142322 -0.00186305 -0.00126692 -0.00288738 -0.00114596 -0.0019453 -0.00260959 -0.0019335 -0.00148429 -0.00286739 -0.00196089 -0.00265376 -0.00265359 -0.00188056 -0.00216618 -0.00212527 -0.00249809 -0.00215711 -0.00143489 -0.00163778 -0.00255874 -0.00264934 -0.000304625 0.00230929 0.00169264 0.00183704 0.00301401 0.00282856 0.135927 0.00310431 0.00138926 0.00357452 0.00307397 0.00169511 -0.00124292 -0.0017293 -0.00202882 -0.00126409 -0.00210111 -0.00237309 -0.00161659 -0.00193072 -0.00224724 -0.00178772 -0.00151574 -0.0017115 -0.00120691 -0.00241658 -0.00156125 -0.0016938 -0.0022882 -0.00204256 -0.000930994 -0.00216213 -0.00166061 -0.00105313 -0.0010738 -0.00218886 -0.00135422 -0.00135924 -0.00109594 -0.00179969 -0.00203433 -0.0018492 -0.000449567 -0.00212967 -0.00135196 -0.00136175 -0.00175635 -0.00131854 -0.0010078 -0.00122998 -0.00166408 -0.00156496 -0.00183608 -0.00279008 -0.0018636 -0.00187357 -0.00135672 -0.00196973 -0.00109214 -0.00231043 -0.00154134 -0.00194785 -0.00228612 -0.00240476 -0.00262275 -0.00156896 -0.00198634 -0.00190175 -0.00220281 -0.0008035 -0.00138513 -0.00193711 -0.00153966 -0.00163808 
