0.117299 0.00178621 0.00211401 0.00171072 0.00201502 0.00220939 -0.000842965 -0.000888809 -0.00089957 -0.0015492 -0.00119129 -0.00166984 -0.00204594 -0.00141346 -0.00088281 -0.00142366 -0.00169687 -0.00289566 -0.00155697 -0.00206049 -0.00146247 -0.00127474 -0.00215132 -0.0015082 -0.000791809 -0.00183834 -0.00153985 -0.0019352 -0.00215275 -0.00199165 -0.00186478 -0.00111664 -0.00201283 -0.00236226 -0.00213707 -0.00221544 -0.00164784 -0.00137606 -0.00230481 -0.000949993 -0.00164389 -0.00158755 -0.00180817 -0.00137312 -0.00217056 -0.00226739 -0.00138093 -0.00135582 -0.00171045 -0.00102952 -0.00196449 -0.00127156 -0.000914309 -0.00120825 -0.00135017 -0.00192952 -0.00145843 -0.00126844 -0.0015141 -0.00186991 -0.00173738 -0.00134384 -0.00121692 -0.00181686 -0.00152812 -0.00185783 -0.000822321 -0.00164164 -0.00146174 -0.00151349 -0.00159482 -0.00099155 -0.0018332 -0.00175527 -0.00162411 -0.00211178 -0.00101416 -0.0011373 -0.00166955 -0.0013992 -0.00168695 -0.00223414 -0.00180444 -0.00238916 -0.000722036 -0.00105923 -0.00094551 -0.0011498 -0.000911601 -0.00159313 -0.00127376 -0.00113191 -0.00104932 -0.00105996 -0.00137893 -0.00083623 0.00269348 0.00266763 0.00257336 0.00295609 
0.00178621 0.129139 0.00154459 0.00232469 0.00170558 0.00160991 0.00171072 -0.00151506 -0.000616817 -0.00209628 -0.00199726 -0.0018442 -0.0018524 -0.0022076 -0.00191885 -0.00259751 -0.00193604 -0.00272591 -0.00121312 -0.000324793 -0.00255766 -0.000903938 -0.0019744 -0.00159549 -0.00166948 -0.00188646 -0.00135575 -0.00115102 -0.00106159 -0.000996872 -0.00221012 -0.00139683 -0.0018467 -0.00170376 -0.0017818 -0.00163541 -0.00135273 -0.0019116 -0.00232836 -0.00255883 -0.00110629 -0.00191078 -0.00203038 -0.0020161 -0.00117889 -0.0013726 -0.00171049 -0.00208438 -0.0012101 -0.00197809 -0.00160833 -0.00190822 -0.000987082 -0.00160476 -0.000695202 -0.000893203 -0.00192219 -0.000831614 -0.00163725 -0.00150616 -0.00112858 -0.00198001 -0.00235088 -0.00165158 -0.00225562 -0.00203137 -0.00189967 -0.00151257 -0.00166634 -0.00147552 -0.00145666 -0.00130424 -0.000918481 -0.00113049 -0.00145733 -0.000968681 -0.00169295 -0.00213525 -0.00150018 -0.00190651 -0.00168627 -0.00202645 -0.00208892 -0.00155409 -0.00128665 -0.00163259 -0.00198379 -0.00174799 -0.00138255 -0.00180166 -0.00187162 -0.00236024 -0.0016027 -0.00151256 -0.00151185 -0.00025964 -0.000813092 0.00218704 0.00206892 0.00238572 
0.00211401 0.00154459 0.122823 0.00181724 0.00204277 0.00194135 0.00215825 0.00257519 -0.00161686 -0.00151135 -0.000634758 -0.00162202 -0.00255741 -0.002008 -0.00178691 -0.00227618 -0.00156899 -0.00209791 -0.00165513 -0.00255981 -0.00172009 -0.00194453 -0.00230825 -0.00265619 -0.00127541 -0.00189287 -0.00109634 -0.00125211 -0.00185847 -0.00144771 -0.00111214 -0.00185477 -0.00166541 -0.000799617 -0.00145715 -0.00137505 -0.00194501 -0.00170601 -0.00185939 -0.00180178 -0.00198638 -0.00186474 -0.00148506 -0.00164161 -0.00159247 -0.00168867 -0.00101045 -0.00218673 -0.00110808 -0.00176556 -0.00155846 -0.00145739 -0.00105555 -0.000651338 -0.00134952 -0.00133441 -0.00114788 -0.00091461 -0.00156573 -0.00124487 -0.0020458 -0.00198674 -0.00134521 -0.00129732 -0.000794491 -0.00103561 -0.00176627 -0.00147442 -0.00154202 -0.00178532 -0.00195637 -0.00128039 -0.00177167 -0.00205359 -0.00176213 -0.00180876 -0.00121997 -0.00151327 -0.00111267 -0.00151375 -0.00132589 -0.00143564 -0.00150845 -0.00193705 -0.00113215 -0.00172069 -0.00170925 -0.00109697 -0.00126311 -0.00209856 -0.00158471 -0.000993227 -0.00159968 -0.00196186 -0.00207771 -0.000469569 -0.00217965 -0.000760448 0.00208051 0.00235684 
0.00171072 0.00232469 0.00181724 0.121428 0.00216651 0.00209642 0.00218631 0.000896756 0.00172795 -0.00139855 -0.00153921 -0.00189638 -0.000995845 -0.000766426 -0.00162792 -0.00201674 -0.00196528 -0.00132108 -0.00150529 -0.00201394 -0.00242047 -0.00216909 -0.00219412 -0.00199018 -0.00197335 -0.00184309 -0.00170904 -0.00217094 -0.001164 -0.00142969 -0.00191166 -0.0019029 -0.00161886 -0.000439403 -0.00113539 -0.000991294 -0.00168767 -0.00191177 -0.0017869 -0.00147427 -0.0017419 -0.00202644 -0.00152755 -0.00153823 -0.00166082 -0.00176714 -0.00137905 -0.00123926 -0.0016703 -0.00196778 -0.00204667 -0.00133507 -0.00197864 -0.00128906 -0.00185608 -0.000485488 -0.00152247 -0.000780337 -0.00224279 -0.00077078 -0.000919564 -0.00165388 -0.00143992 -0.00145246 -0.00125119 -0.00165833 -0.00118331 -0.000973861 -0.00109584 -0.00210293 -0.00213125 -0.00159866 -0.00128046 -0.00161775 -0.00128159 -0.0019199 -0.0016536 -0.00161127 -0.00226807 -0.0017047 -0.00189499 -0.00106186 -0.00198237 -0.00120017 -0.00114988 -0.0012225 -0.00136889 -0.00154755 -0.00176502 -0.00194745 -0.0016199 -0.00125656 -0.000973253 -0.000923772 -0.000193717 -0.00100792 -0.00189086 -0.00123599 -0.000951634 0.00143447 
0.00201502 0.00170558 0.00204277 0.00216651 0.127979 0.00236861 0.00200933 0.00195025 0.00143674 0.00172905 -0.000902194 -0.00145834 -0.000710881 -0.00238958 -0.00307561 -0.00200106 -0.00129838 -0.00153704 -0.00180925 -0.00234007 -0.00143047 -0.00198171 -0.00234387 -0.00229884 -0.001974 -0.00136075 -0.00227377 -0.00167951 -0.000840165 -0.00192791 -0.00124407 -0.0011005 -0.00156895 -0.00129911 -0.00122022 -0.00136227 -0.00182583 -0.00208815 -0.002091 -0.00140101 -0.00119528 -0.00153642 -0.00220083 -0.00211753 -0.00180617 -0.00157934 -0.00155759 -0.00171981 -0.00158321 -0.00219951 -0.00144382 -0.000947233 -0.00173337 -0.00108373 -0.0014666 -0.000905495 -0.00251964 -0.00160346 -0.00179169 -0.00194301 -0.00170109 -0.00143278 -0.000858978 -0.00186134 -0.000736145 -0.00191568 -0.000807687 -0.00182395 -0.00115377 -0.00138984 -0.000918059 -0.00140774 -0.00133969 -0.00233747 -0.00132731 -0.00138373 -0.00189493 -0.00167779 -0.00194216 -0.000973044 -0.0020371 -0.00144088 -0.00219243 -0.00186421 -0.000409168 -0.00163339 -0.00149503 -0.0014486 -0.00266792 -0.00176533 -0.00215543 -0.00197456 -0.0023981 -0.0017141 -0.000806908 -0.00145563 -0.00185789 -0.00154015 -0.00104201 -0.000853024 
0.00220939 0.00160991 0.00194135 0.00209642 0.00236861 0.124973 0.00254333 0.00208394 0.00264181 0.00162672 0.00158151 -0.00211516 -0.00116878 -0.00225168 -0.00203556 -0.00130064 -0.00261905 -0.00264424 -0.00169712 -0.00283425 -0.00172802 -0.00172901 -0.00288731 -0.00244812 -0.00215701 -0.00279438 -0.00247146 -0.00205857 -0.00223119 -0.00226379 -0.00176837 -0.00198859 -0.00225778 -0.00128847 -0.00309438 -0.0015165 -0.00172018 -0.00228757 -0.00232253 -0.000840395 -0.0012408 -0.00197038 -0.00178535 -0.00153364 -0.00115822 -0.00122707 -0.00119025 -0.0014068 -0.00092938 -0.000621325 -0.00138689 -0.00166292 -0.00117227 -0.00102306 -0.00146647 -0.00184069 -0.00151594 -0.00215141 -0.00158947 -0.00116052 -0.00228896 -0.00184197 -0.00124998 -0.00178936 -0.00154366 -0.00120298 -0.000933437 -0.00246858 -0.00103455 -0.00116895 -0.000530443 -0.00121692 -0.00116356 -0.00126025 -0.00111286 -0.00136285 -0.00119577 -0.00186626 -0.00104538 -0.00232081 -0.00201842 -0.00211836 -0.00114056 -0.00204208 -0.00120218 -0.00153794 -0.00136987 -0.000929884 -0.000960846 -0.00106318 -0.00107766 -0.000765158 -0.00113072 -0.00160324 -0.00207406 -0.00142481 -0.0015619 -0.00165757 -0.00179359 -0.00105336 
-0.000842965 0.00171072 0.00215825 0.00218631 0.00200933 0.00254333 0.12702 0.00275076 0.00203396 0.00187426 0.00135799 0.00182577 -0.00204211 -0.00245601 -0.00130419 -0.00141285 -0.00260561 -0.00189175 -0.00130537 -0.00185641 -0.00117698 -0.00104533 -0.00172035 -0.00265277 -0.0017057 -0.00248154 -0.00187696 -0.00147587 -0.00173365 -0.00111783 -0.00126273 -0.00224652 -0.00144652 -0.00140492 -0.0017488 -0.00146992 -0.00168113 -0.00155396 -0.00147272 -0.00168184 -0.00217637 -0.00205415 -0.00170104 -0.00251853 -0.00114577 -0.00198872 -0.00184847 -0.00210612 -0.00147067 -0.000859373 -0.00130948 -0.00205873 -0.00130575 -0.00132363 -0.00162551 -0.00138559 -0.00260665 -0.00174153 -0.00134431 -0.00155017 -0.00190159 -0.00171745 -0.00192437 -0.00129775 -0.00247628 -0.000942573 -0.00226516 -0.00186727 -0.00164457 -0.00197066 -0.00147412 -0.00165801 -0.00148188 -0.000446236 -0.00190667 -0.00168734 -0.00118217 -0.00149684 -0.00157286 -0.00196773 -0.00204637 -0.00116374 -0.00249712 -0.00187925 -0.00167955 -0.00238243 -0.00174216 -0.00100691 -0.00159547 -0.00123464 -0.00182564 -0.00141479 -0.000922354 -0.00125966 -0.00162011 -0.00133012 -0.00147049 -0.00196221 -0.00149507 -0.0012672 
-0.000888809 -0.00151506 0.00257519 0.000896756 0.00195025 0.00208394 0.00275076 0.131528 0.00178022 0.0022004 0.00204046 0.00209152 0.00252719 -0.00278144 -0.00131916 -0.00153028 -0.00179498 -0.00214482 -0.00236301 -0.00136125 -0.00330585 -0.00120475 -0.00205104 -0.00145145 -0.00162537 -0.002114 -0.0020641 -0.0017912 -0.00181664 -0.00125136 -0.00271723 -0.00158868 -0.0024922 -0.00125087 -0.00109514 -0.00154167 -0.00166504 -0.000988586 -0.00195776 -0.00229378 -0.00176906 -0.00160048 -0.00102961 -0.000915242 -0.00142749 -0.00129255 -0.00220004 -0.00222421 -0.00192048 -0.00182078 -0.00124852 -0.00187039 -0.00123755 -0.00187705 -0.00209691 -0.00172275 -0.00221019 -0.00167016 -0.00226477 -0.0011326 -0.00223046 -0.00174712 -0.00207686 -0.0018066 -0.00141641 -0.00172234 -0.00103455 -0.00164191 -0.00189146 -0.00173495 -0.00235687 -0.00181935 -0.00226988 -0.00135264 -0.00214569 -0.00190721 -0.00142647 -0.00113551 -0.00129129 -0.00132553 -0.00165967 -0.00132473 -0.0020394 -0.00147904 -0.00114843 -0.00229358 -0.0020784 -0.00226917 -0.00144846 -0.00139047 -0.000922706 -0.00173731 -0.00166234 -0.00152877 -0.00159044 -0.00225889 -0.00235476 -0.00194804 -0.00112367 -0.000336861 
-0.00089957 -0.000616817 -0.00161686 0.00172795 0.00143674 0.00264181 0.00203396 0.00178022 0.129348 0.00208938 0.00328513 0.0019044 0.00266012 0.002664 -0.00160108 -0.0014893 -0.00104532 -0.00229184 -0.00204779 -0.00130163 -0.00253388 -0.00137276 -0.00175867 -0.00111438 -0.0023853 -0.00202347 -0.00122492 -0.00111964 -0.00121728 -0.00164271 -0.0012801 -0.00123954 -0.00162946 -0.00260411 -0.00184727 -0.00240991 -0.00143356 -0.00153412 -0.00223794 -0.00170654 -0.00201008 -0.00191593 -0.00205222 -0.00174404 -0.0029791 -0.00153122 -0.00161525 -0.00226742 -0.00207685 -0.0023913 -0.00172836 -0.0028521 -0.00234396 -0.000675409 -0.00217676 -0.00188527 -0.00157186 -0.00171498 -0.00134556 -0.00133606 -0.00242693 -0.00141354 -0.00128126 -0.00146489 -0.00158151 -0.00194831 -0.00227953 -0.0019139 -0.00197021 -0.000927103 -0.00197283 -0.00210712 -0.00199714 -0.00188766 -0.00194303 -0.00182293 -0.00220911 -0.00176382 -0.00103832 -0.00117621 -0.001121 -0.0013571 -0.00187329 -0.00157269 -0.00111557 -0.00146447 -0.00220119 -0.00159867 -0.00124512 -0.00186859 -0.00125129 -0.0006493 -0.0013728 -0.00141986 -0.00139105 -0.0022681 -0.00157587 -0.00182859 -0.00234336 -0.0014891 
-0.0015492 -0.00209628 -0.00151135 -0.00139855 0.00172905 0.00162672 0.00187426 0.0022004 0.00208938 0.132545 0.00284912 0.00278934 0.00167614 0.00157304 -0.00173126 -0.00198184 -0.00144964 -0.00213976 -0.00262856 -0.0010072 -0.00169102 -0.00152938 -0.00232754 -0.00229168 -0.00191482 -0.00127645 -0.00170807 -0.00171179 -0.00161114 -0.000778909 -0.00140947 -0.0015942 -0.00112591 -0.00170397 -0.00129695 -0.001046 -0.00193242 -0.00229271 -0.00345577 -0.0014374 -0.00194011 -0.00170443 -0.00147127 -0.00165298 -0.00162311 -0.000905787 -0.00210405 -0.00170333 -0.00195656 -0.00197446 -0.00181653 -0.00192329 -0.00148424 -0.0013861 -0.00234805 -0.00113946 -0.00214383 -0.00188604 -0.00192938 -0.000881314 -0.00198108 -0.00156391 -0.00105558 -0.00193642 -0.00139924 -0.00178361 -0.00191846 -0.00192194 -0.00107216 -0.00157221 -0.00140604 -0.00103683 -0.000620844 -0.00202324 -0.00195155 -0.00115195 -0.00133796 -0.000545075 -0.00177367 -0.00156864 -0.00202971 -0.00153935 -0.00196932 -0.00136733 -0.00179739 -0.00251831 -0.00166401 -0.00189776 -0.0025205 -0.00117626 -0.00158788 -0.002101 -0.00111027 -0.00144294 -0.0014986 -0.00174455 -0.00188802 -0.00176581 -0.00215777 -0.00195139 
-0.00119129 -0.00199726 -0.000634758 -0.00153921 -0.000902194 0.00158151 0.00135799 0.00204046 0.00328513 0.00284912 0.134419 0.00258942 0.00259224 0.00291439 0.00209237 0.00307537 -0.000784208 -0.00186194 -0.001689 -0.00108743 -0.00161464 -0.0025785 -0.002257 -0.00226132 -0.00278066 -0.00229479 -0.000976095 -0.0015172 -0.00154526 -0.00204407 -0.00165478 -0.00176144 -0.0016603 -0.00216587 -0.00232904 -0.00175607 -0.00212299 -0.00255634 -0.00177015 -0.00148731 -0.00206299 -0.00180872 -0.0012824 -0.00122023 -0.00176626 -0.00136004 -0.00168626 -0.00146591 -0.00199136 -0.00272517 -0.00150608 -0.00119549 -0.00174981 -0.00155686 -0.00180165 -0.00297574 -0.00136041 -0.00203975 -0.00135023 -0.00197971 -0.00252776 -0.00129017 -0.000836522 -0.00237751 -0.00170802 -0.00161699 -0.000950864 -0.00203192 -0.00216893 -0.00174743 -0.00248963 -0.00169775 -0.00210744 -0.00149147 -0.00240215 -0.00179733 -0.00210912 -0.00157539 -0.00139223 -0.0018043 -0.00241137 -0.00188522 -0.00197179 -0.00219029 -0.00097973 -0.00162451 -0.00201905 -0.00131581 -0.00228808 -0.0016034 -0.00215945 -0.00116732 -0.0018391 -0.00213929 -0.00237681 -0.00201638 -0.00173068 -0.00202661 -0.00149042 -0.00173216 
-0.00166984 -0.0018442 -0.00162202 -0.00189638 -0.00145834 -0.00211516 0.00182577 0.00209152 0.0019044 0.00278934 0.00258942 0.13359 0.00319414 0.00267604 0.00300154 0.00262829 0.00309296 -0.00179863 -0.0012041 -0.00182643 -0.00221815 -0.00191598 -0.00234213 -0.00266559 -0.00205502 -0.00187916 -0.00118175 -0.00212894 -0.0019292 -0.00210615 -0.00169833 -0.00180202 -0.00146046 -0.00199392 -0.00193596 -0.00192811 -0.0014695 -0.00102719 -0.00253157 -0.00291343 -0.0017475 -0.00250357 -0.00118892 -0.00205165 -0.00214835 -0.00179865 -0.00226071 -0.00158908 -0.00153556 -0.00105886 -0.00115224 -0.00185013 -0.00139885 -0.000659932 -0.00203412 -0.000929267 -0.00133218 -0.00141978 -0.00157376 -0.00174244 -0.00210382 -0.00218069 -0.00200204 -0.00158399 -0.00168366 -0.0015861 -0.00136838 -0.00190654 -0.00154324 -0.00137085 -0.00125253 -0.00126357 -0.00144293 -0.00202182 -0.00103196 -0.00193373 -0.00174165 -0.00159541 -0.00156453 -0.0020001 -0.0019084 -0.00136734 -0.00180423 -0.0026033 -0.00235439 -0.00233133 -0.001972 -0.00158869 -0.00178399 -0.00180723 -0.00141169 -0.00158638 -0.00168987 -0.00153663 -0.00189312 -0.00221106 -0.00224546 -0.00246799 -0.00226173 -0.00278812 
-0.00204594 -0.0018524 -0.00255741 -0.000995845 -0.000710881 -0.00116878 -0.00204211 0.00252719 0.00266012 0.00167614 0.00259224 0.00319414 0.138406 0.0018267 0.00176546 0.00292648 0.00287759 -0.00140152 -0.0021379 -0.000790353 -0.00183984 -0.00199692 -0.00189362 -0.00133152 -0.00252078 -0.00170468 -0.00135687 -0.00173943 -0.00213843 -0.00122411 -0.00157536 -0.00270673 -0.00152188 -0.00161127 -0.00197889 -0.00146205 -0.00258126 -0.00192399 -0.00265934 -0.0023277 -0.00237638 -0.00169048 -0.00179796 -0.0022787 -0.00165676 -0.00147389 -0.00163451 -0.00222654 -0.00128807 -0.00153752 -0.0024118 -0.00202275 -0.00183638 -0.00176727 -0.0027731 -0.0023706 -0.00142334 -0.00156067 -0.00177732 -0.00168064 -0.00161902 -0.00127438 -0.00178286 -0.000851362 -0.00162909 -0.00178441 -0.00120556 -0.0024696 -0.00292203 -0.00167421 -0.00122382 -0.00115527 -0.00213395 -0.00145912 -0.00154423 -0.000963935 -0.00169209 -0.00209174 -0.0018467 -0.00145926 -0.00196686 -0.00152693 -0.00188797 -0.00199966 -0.0025665 -0.00199561 -0.00176721 -0.00208229 -0.00196833 -0.00194488 -0.0014962 -0.00158483 -0.00178891 -0.00134315 -0.00135773 -0.00188319 -0.00180627 -0.00155294 -0.00151395 -0.00225315 
-0.00141346 -0.0022076 -0.002008 -0.000766426 -0.00238958 -0.00225168 -0.00245601 -0.00278144 0.002664 0.00157304 0.00291439 0.00267604 0.0018267 0.143272 0.00353704 0.00351119 0.00351212 0.00336085 0.00216317 -0.00181454 -0.00184269 -0.000892731 -0.00219084 -0.00247786 -0.00250007 -0.00244596 -0.00275363 -0.00120196 -0.00269747 -0.00240015 -0.0029617 -0.00202668 -0.0025769 -0.0019181 -0.00218236 -0.00171635 -0.00182798 -0.000767701 -0.00273437 -0.00132555 -0.00156071 -0.00161933 -0.00232592 -0.00170725 -0.00234371 -0.00157578 -0.0019907 -0.00146522 -0.00233869 -0.00245363 -0.00115151 -0.00264015 -0.00171256 -0.00117958 -0.00238107 -0.00182233 -0.00187948 -0.00101932 -0.00173488 -0.00182604 -0.00226375 -0.0011912 -0.00145639 -0.00191202 -0.00190508 -0.00199271 -0.00185486 -0.00239151 -0.00101199 -0.00231559 -0.00215771 -0.00113201 -0.00168129 -0.00106303 -0.0023377 -0.00181496 -0.00157542 -0.00228507 -0.00247165 -0.00114778 -0.00136803 -0.00142861 -0.00336075 -0.00226095 -0.00188937 -0.00181014 -0.0021085 -0.0026403 -0.00166216 -0.00239937 -0.00180691 -0.00249201 -0.00179717 -0.00136703 -0.00149693 -0.00156602 -0.00180195 -0.00262566 -0.00128035 -0.00162911 
-0.00088281 -0.00191885 -0.00178691 -0.00162792 -0.00307561 -0.00203556 -0.00130419 -0.00131916 -0.00160108 -0.00173126 0.00209237 0.00300154 0.00176546 0.00353704 0.133965 0.00375818 0.00173738 0.00282618 0.00229383 0.00236543 -0.00115954 -0.00188997 -0.00194986 -0.00136205 -0.00239953 -0.0027216 -0.00202856 -0.00223038 -0.00262676 -0.00240154 -0.00208133 -0.00247728 -0.00196155 -0.00112321 -0.00259491 -0.00157738 -0.00185481 -0.0020937 -0.00161293 -0.00253501 -0.00122434 -0.0022357 -0.00181833 -0.00250673 -0.00152418 -0.00230434 -0.00167257 -0.00157435 -0.00198365 -0.00149929 -0.000839 -0.00207828 -0.00291421 -0.00122147 -0.00152515 -0.00240751 -0.00150985 -0.00237184 -0.00141705 -0.00139132 -0.00221653 -0.00173607 -0.00132873 -0.00144939 -0.00126398 -0.00128973 -0.00145547 -0.00156519 -0.00220245 -0.00138519 -0.0015618 -0.00184785 -0.00136581 -0.00183939 -0.00205081 -0.00141276 -0.00141653 -0.00181131 -0.00183636 -0.00152514 -0.000950604 -0.00182949 -0.00175824 -0.00198821 -0.00195792 -0.00148153 -0.0014397 -0.00134541 -0.000897464 -0.000460022 -0.0015877 -0.00176988 -0.00149462 -0.00139606 -0.00182657 -0.00209112 -0.00173616 -0.00107807 -0.00189748 -0.00181113 
-0.00142366 -0.00259751 -0.00227618 -0.00201674 -0.00200106 -0.00130064 -0.00141285 -0.00153028 -0.0014893 -0.00198184 0.00307537 0.00262829 0.00292648 0.00351119 0.00375818 0.140822 0.00315466 0.00305273 0.00222078 0.00270479 -0.00265292 -0.00290868 -0.00195845 -0.00231751 -0.00176687 -0.00234743 -0.00245909 -0.00248282 -0.00190253 -0.00187257 -0.00188258 -0.00275722 -0.00228732 -0.00316845 -0.00150004 -0.00175143 -0.00263991 -0.00143315 -0.00272049 -0.00164589 -0.00217998 -0.00194613 -0.00212547 -0.00174713 -0.00210125 -0.00204547 -0.00188024 -0.00168356 -0.0013515 -0.00230723 -0.00124454 -0.00256354 -0.00188083 -0.0018139 -0.00133368 -0.00251684 -0.00121003 -0.00168613 -0.00186919 -0.00146744 -0.001992 -0.00102489 -0.00156196 -0.00115497 -0.00166669 -0.00220021 -0.0015031 -0.00212062 -0.00151764 -0.00157515 -0.00176021 -0.00143867 -0.00168488 -0.00250537 -0.00163565 -0.00171271 -0.000763503 -0.00248491 -0.00251569 -0.00227696 -0.00208452 -0.00230906 -0.00131219 -0.00123883 -0.00205538 -0.00220961 -0.00144478 -0.00176171 -0.000883309 -0.00136632 -0.00106914 -0.00167534 -0.00173188 -0.00138881 -0.00221325 -0.0016516 -0.00188675 -0.00165695 -0.00170115 -0.00167877 
-0.00169687 -0.00193604 -0.00156899 -0.00196528 -0.00129838 -0.00261905 -0.00260561 -0.00179498 -0.00104532 -0.00144964 -0.000784208 0.00309296 0.00287759 0.00351212 0.00173738 0.00315466 0.144264 0.00390852 0.00245495 0.00243382 0.00259148 0.00333384 -0.00219284 -0.00250053 -0.00209477 -0.00251281 -0.00130544 -0.0028674 -0.00222996 -0.000117491 -0.00221131 -0.00291503 -0.00140126 -0.00220091 -0.00171956 -0.00182272 -0.00273835 -0.00300129 -0.00275223 -0.00207455 -0.00235876 -0.00152137 -0.00218486 -0.00186546 -0.00186025 -0.00245374 -0.00146405 -0.00174504 -0.00194768 -0.00236162 -0.001356 -0.00214208 -0.00216046 -0.0024492 -0.00231915 -0.00209361 -0.00202862 -0.00207962 -0.00176343 -0.00256605 -0.00199967 -0.00180328 -0.00169239 -0.000906115 -0.00254755 -0.00182956 -0.000854394 -0.0024051 -0.00203111 -0.00124586 -0.00204794 -0.00239208 -0.00127942 -0.00105112 -0.00154512 -0.00206251 -0.00198715 -0.00178571 -0.00210634 -0.00151099 -0.00217793 -0.00167073 -0.00225169 -0.00254718 -0.0025814 -0.00199327 -0.0022701 -0.00334834 -0.00129873 -0.00149844 -0.00226869 -0.00183795 -0.00204013 -0.00145538 -0.00167607 -0.00183169 -0.00173052 -0.0016752 -0.00180653 -0.00217445 
-0.00289566 -0.00272591 -0.00209791 -0.00132108 -0.00153704 -0.00264424 -0.00189175 -0.00214482 -0.00229184 -0.00213976 -0.00186194 -0.00179863 -0.00140152 0.00336085 0.00282618 0.00305273 0.00390852 0.145589 0.00350365 0.00304997 0.00361805 0.00351451 0.00272406 -0.000922689 -0.000669648 -0.00190435 -0.00264901 -0.00217462 -0.00294558 -0.0026076 -0.0027128 -0.00326758 -0.00234756 -0.00201918 -0.00231747 -0.00142898 -0.00269706 -0.00199855 -0.00240148 -0.00128586 -0.00180558 -0.00222352 -0.00306503 -0.00155929 -0.00193188 -0.0022073 -0.00137217 -0.00192185 -0.00206704 -0.0014543 -0.00188964 -0.00162363 -0.00208681 -0.00233922 -0.00241139 -0.00222554 -0.0021507 -0.00129324 -0.00172322 -0.00230055 -0.00266948 -0.00218513 -0.0022514 -0.00178758 -0.00192999 -0.00183422 -0.00201642 -0.00131394 -0.00154721 -0.00135544 -0.0026075 -0.00145075 -0.00109333 -0.00135353 -0.0016684 -0.00176678 -0.00132092 -0.00177917 -0.00193398 -0.00219857 -0.00137892 -0.00190606 -0.000726305 -0.00158928 -0.00181149 -0.00228285 -0.00145008 -0.00266562 -0.00119371 -0.00135617 -0.00196354 -0.00168842 -0.00209561 -0.00217774 -0.00280305 -0.00213127 -0.00130024 -0.00214048 -0.00244511 -0.00122425 
-0.00155697 -0.00121312 -0.00165513 -0.00150529 -0.00180925 -0.00169712 -0.00130537 -0.00236301 -0.00204779 -0.00262856 -0.001689 -0.0012041 -0.0021379 0.00216317 0.00229383 0.00222078 0.00245495 0.00350365 0.148603 0.00468372 0.00455364 0.0028699 0.00192193 -0.00117898 -0.00149566 -0.00194132 -0.00132556 -0.00291284 -0.00330713 -0.0019323 -0.00265798 -0.00268932 -0.00183128 -0.00218288 -0.00250568 -0.0017484 -0.00141567 -0.0019872 -0.00108316 -0.00146745 -0.00198447 -0.0017258 -0.00140607 -0.00242473 -0.00192249 -0.00281957 -0.00217399 -0.00170253 -0.00190961 -0.00234437 -0.00217318 -0.000823015 -0.00232762 -0.00282601 -0.00206483 -0.0023012 -0.00218404 -0.00242082 -0.00228786 -0.0023636 -0.00123135 -0.000739601 -0.00222286 -0.00133893 -0.00271525 -0.00269966 -0.00215093 -0.00193288 -0.00229045 -0.00099142 -0.00226868 -0.00186535 -0.000701632 -0.00174513 -0.00193594 -0.00158236 -0.00104692 -0.00248736 -0.00251646 -0.00173355 -0.00184966 -0.00183319 -0.00164756 -0.00266452 -0.00179835 -0.001945 -0.00233609 -0.00149614 -0.00212388 -0.00147351 -0.00199931 -0.00177896 -0.00286704 -0.00231068 -0.0026424 -0.00199614 -0.00124406 -0.00223184 -0.00239959 -0.00177278 
-0.00206049 -0.000324793 -0.00255981 -0.00201394 -0.00234007 -0.00283425 -0.00185641 -0.00136125 -0.00130163 -0.0010072 -0.00108743 -0.00182643 -0.000790353 -0.00181454 0.00236543 0.00270479 0.00243382 0.00304997 0.00468372 0.15202 0.00294899 0.00288096 0.00402515 0.00269713 0.00246514 -0.00231229 -0.00211556 -0.00210952 -0.00277838 -0.00148322 -0.00179853 -0.00239622 -0.0020898 -0.00217986 -0.0019066 -0.00217486 -0.00157202 -0.00272447 -0.00192048 -0.00175496 -0.00165097 -0.00193495 -0.00236516 -0.00257241 -0.00179017 -0.00270268 -0.00180612 -0.0026229 -0.00117345 -0.0025837 -0.00156431 -0.00189453 -0.00230718 -0.00190196 -0.0018497 -0.00191947 -0.00138596 -0.00280777 -0.00236684 -0.00213709 -0.00281554 -0.00249658 -0.00251198 -0.00223308 -0.00231677 -0.00241141 -0.00245413 -0.0019004 -0.00179619 -0.00185292 -0.00145097 -0.00226883 -0.00226558 -0.00245161 -0.00232 -0.00274641 -0.00144636 -0.0016998 -0.00200372 -0.00218562 -0.00187657 -0.00198845 -0.00212664 -0.00153772 -0.00157846 -0.00202064 -0.00228473 -0.00182452 -0.00215687 -0.00202728 -0.00281942 -0.00270079 -0.00200616 -0.00203228 -0.00230611 -0.00154306 -0.00214237 -0.00311517 -0.00230212 -0.00242469 
-0.00146247 -0.00255766 -0.00172009 -0.00242047 -0.00143047 -0.00172802 -0.00117698 -0.00330585 -0.00253388 -0.00169102 -0.00161464 -0.00221815 -0.00183984 -0.00184269 -0.00115954 -0.00265292 0.00259148 0.00361805 0.00455364 0.00294899 0.151679 0.00417279 0.0024734 0.00422532 0.0019652 0.00316976 -0.00231803 4.00653e-05 -0.002217 -0.00226248 -0.0015173 -0.00127337 -0.0020022 -0.00102848 -0.00221717 -0.00200228 -0.00219056 -0.0030737 -0.00144334 -0.00163589 -0.00256492 -0.00149955 -0.000828081 -0.0023717 -0.00194815 -0.00220701 -0.0014616 -0.00236186 -0.00307801 -0.00243967 -0.00159951 -0.0026436 -0.001981 -0.00244817 -0.00207579 -0.00242702 -0.00243663 -0.00261452 -0.00307849 -0.00309065 -0.00258651 -0.00249452 -0.00200398 -0.00123167 -0.00230548 -0.0022355 -0.00133728 -0.00192307 -0.00156612 -0.00174093 -0.0014959 -0.00229111 -0.00234914 -0.00253766 -0.00239243 -0.00200271 -0.00191134 -0.00270261 -0.00164363 -0.0020263 -0.00128888 -0.00328627 -0.002675 -0.00118519 -0.00194803 -0.00209258 -0.00244432 -0.00239448 -0.00210074 -0.00126486 -0.00148669 -0.00175068 -0.00242122 -0.00104545 -0.00176546 -0.00174175 -0.00141482 -0.00245024 -0.00267041 -0.00154026 
-0.00127474 -0.000903938 -0.00194453 -0.00216909 -0.00198171 -0.00172901 -0.00104533 -0.00120475 -0.00137276 -0.00152938 -0.0025785 -0.00191598 -0.00199692 -0.000892731 -0.00188997 -0.00290868 0.00333384 0.00351451 0.0028699 0.00288096 0.00417279 0.146847 0.00289873 0.00210654 0.00242395 0.00218955 -0.00151952 -0.00185959 -0.00257991 -0.00220249 -0.0023374 -0.00389973 -0.00129679 -0.00213453 -0.00195821 -0.00201124 -0.00243792 -0.00239851 -0.00159921 -0.00238201 -0.00172404 -0.000908617 -0.00212126 -0.00114589 -0.00171569 -0.00271501 -0.00222709 -0.00161493 -0.0022085 -0.00204286 -0.00264053 -0.00190689 -0.00196405 -0.00267386 -0.00230792 -0.00164855 -0.003033 -0.0013143 -0.0024502 -0.00259779 -0.00186361 -0.00270323 -0.00209909 -0.00245255 -0.00335798 -0.002071 -0.00164851 -0.0015389 -0.0013079 -0.00188179 -0.00259347 -0.00253391 -0.00280316 -0.00133773 -0.00210992 -0.00241455 -0.00216328 -0.00170736 -0.00201071 -0.0025694 -0.0010986 -0.00172073 -0.0011003 -0.000659494 -0.00135294 -0.00195724 -0.00146722 -0.00135594 -0.00192982 -0.000846184 -0.00203052 -0.00214941 -0.00180502 -0.00257276 -0.00144102 -0.00189832 -0.00157923 -0.00134942 -0.00209792 -0.000741718 
-0.00215132 -0.0019744 -0.00230825 -0.00219412 -0.00234387 -0.00288731 -0.00172035 -0.00205104 -0.00175867 -0.00232754 -0.002257 -0.00234213 -0.00189362 -0.00219084 -0.00194986 -0.00195845 -0.00219284 0.00272406 0.00192193 0.00402515 0.0024734 0.00289873 0.149092 0.00399457 0.00298592 0.00329391 0.00208853 -0.000965278 -0.00146268 -0.00138875 -0.00139154 -0.00256898 -0.00217748 -0.00142862 -0.0017059 -0.00257429 -0.00229721 -0.00257327 -0.00126397 -0.00182025 -0.0011638 -0.00180592 -0.00196717 -0.00144715 -0.00150255 -0.00184976 -0.00242093 -0.00295551 -0.00296953 -0.00299084 -0.00247293 -0.00168754 -0.00130623 -0.00192659 -0.00229211 -0.00131349 -0.00180971 -0.00223505 -0.00166176 -0.00221368 -0.00151753 -0.00222606 -0.00228599 -0.00174601 -0.00154007 -0.00164263 -0.00180501 -0.001663 -0.00156325 -0.00305275 -0.00205041 -0.00153266 -0.00293412 -0.00179537 -0.000443836 -0.00167129 -0.002296 -0.00214365 -0.00140756 -0.00223686 -0.00191725 -0.00154125 -0.00188754 -0.00142379 -0.00135865 -0.00168568 -0.00177966 -0.00200238 -0.0020225 -0.00270407 -0.00244561 -0.00177592 -0.00216004 -0.00232126 -0.00159088 -0.00226754 -0.0020999 -0.00199403 -0.00193315 -0.000920621 
-0.0015082 -0.00159549 -0.00265619 -0.00199018 -0.00229884 -0.00244812 -0.00265277 -0.00145145 -0.00111438 -0.00229168 -0.00226132 -0.00266559 -0.00133152 -0.00247786 -0.00136205 -0.00231751 -0.00250053 -0.000922689 -0.00117898 0.00269713 0.00422532 0.00210654 0.00399457 0.141113 0.00251228 0.00240373 0.00282078 0.0016733 -0.00108537 -0.00191366 -0.00130502 -0.0013836 -0.00333938 -0.00226889 -0.00222105 -0.00174796 -0.00225655 -0.00169714 -0.00211784 -0.00174761 -0.00199482 -0.000779617 -0.000687607 -0.0024256 -0.0012509 -0.00187677 -0.00255853 -0.00206659 -0.00269973 -0.00244012 -0.00217889 -0.00120938 -0.00195942 -0.00181549 -0.00237892 -0.00116241 -0.00178993 -0.000764705 -0.00164885 -0.00177468 -0.00175975 -0.00138475 -0.00197948 -0.000803246 -0.0020751 -0.00206019 -0.0019381 -0.0014702 -0.00169416 -0.00218268 -0.00170697 -0.00201463 -0.00125441 -0.00163458 -0.00178003 -0.00225986 -0.000962462 -0.00131694 -0.00192757 -0.00235184 -0.00110718 -0.00257637 -0.00170152 -0.0017797 -0.000929798 -0.00160867 -0.00157271 -0.00187136 -0.0014659 -0.00150058 -0.00178506 -0.00199712 -0.00104238 -0.00099831 -0.00216484 -0.00157155 -0.0019136 -0.00184598 -0.00177706 -0.00220765 
-0.000791809 -0.00166948 -0.00127541 -0.00197335 -0.001974 -0.00215701 -0.0017057 -0.00162537 -0.0023853 -0.00191482 -0.00278066 -0.00205502 -0.00252078 -0.00250007 -0.00239953 -0.00176687 -0.00209477 -0.000669648 -0.00149566 0.00246514 0.0019652 0.00242395 0.00298592 0.00251228 0.141356 0.00387137 0.00265311 0.0022293 0.00314477 0.00193449 -0.00148495 -0.00244973 -0.00181344 -0.00229981 -0.00186569 -0.00196441 -0.00232606 -0.00255822 -0.00178566 -0.0012915 -0.00160361 -0.0021635 -0.00164943 -0.00253678 -0.001508 -0.00133769 -0.00219083 -0.00192876 -0.00206255 -0.00290748 -0.00285792 -0.00179581 -0.00264107 -0.00253613 -0.00154121 -0.00174744 -0.00154732 -0.00222195 -0.00181045 -0.00222905 -0.00220602 -0.00127095 -0.00210714 -0.00150402 -0.00155532 -0.00264941 -0.000942495 -0.0023513 -0.00135444 -0.00169522 -0.00233107 -0.00223669 -0.00202646 -0.00115302 -0.00190148 -0.00185675 -0.00131536 -0.00135096 -0.00209363 -0.00187985 -0.00199136 -0.00204298 -0.000989111 -0.000790542 -0.00192681 -0.00269663 -0.00198425 -0.00120752 -0.0017859 -0.00211693 -0.00138258 -0.00183372 -0.00142236 -0.00235922 -0.00198047 -0.00144066 -0.00234543 -0.00174218 -0.00227725 -0.00103233 
-0.00183834 -0.00188646 -0.00189287 -0.00184309 -0.00136075 -0.00279438 -0.00248154 -0.002114 -0.00202347 -0.00127645 -0.00229479 -0.00187916 -0.00170468 -0.00244596 -0.0027216 -0.00234743 -0.00251281 -0.00190435 -0.00194132 -0.00231229 0.00316976 0.00218955 0.00329391 0.00240373 0.00387137 0.141365 0.00316056 0.00241689 0.00248622 0.00172483 0.00182535 -0.000457416 -0.00128876 -0.00212364 -0.0021189 -0.00234251 -0.00118041 -0.00197454 -0.00250453 -0.00178627 -0.00121299 -0.000934424 -0.00267604 -0.00101992 -0.00197144 -0.00163412 -0.00183509 -0.00191645 -0.00193459 -0.00121987 -0.00231292 -0.002299 -0.00136857 -0.00179227 -0.00099688 -0.0014187 -0.00179739 -0.00161095 -0.00185513 -0.00201567 -0.00228055 -0.00166265 -0.00227816 -0.00206757 -0.00166796 -0.00209933 -0.00204734 -0.0029648 -0.00194486 -0.00189262 -0.00160649 -0.00164839 -0.00217976 -0.00212463 -0.00201341 -0.00117896 -0.00158415 -0.00164362 -0.00159264 -0.00130612 -0.00171426 -0.00175952 -0.00220089 -0.00177122 -0.00253683 -0.0029352 -0.00246226 -0.00220151 -0.00166143 -0.00120881 -0.00233843 -0.00202485 -0.00130881 -0.00175531 -0.00161049 -0.00233093 -0.00226754 -0.00150572 -0.000869808 -0.00248385 
-0.00153985 -0.00135575 -0.00109634 -0.00170904 -0.00227377 -0.00247146 -0.00187696 -0.0020641 -0.00122492 -0.00170807 -0.000976095 -0.00118175 -0.00135687 -0.00275363 -0.00202856 -0.00245909 -0.00130544 -0.00264901 -0.00132556 -0.00211556 -0.00231803 -0.00151952 0.00208853 0.00282078 0.00265311 0.00316056 0.137608 0.00307412 0.00375887 0.00249037 0.00277254 0.00167686 -0.000455553 -0.00135711 -0.00204545 -0.00164872 -0.000977727 -0.00329013 -0.0022035 -0.000984592 -0.0016523 -0.00124055 -0.00179932 -0.00169701 -0.00083476 -0.00181035 -0.00259471 -0.00206917 -0.00233589 -0.00233405 -0.0022867 -0.00203393 -0.00189094 -0.0020203 -0.00180349 -0.00223059 -0.00245133 -0.00188273 -0.00175341 -0.00223633 -0.00211133 -0.00148162 -0.00110666 -0.00172599 -0.00120373 -0.00144643 -0.00165466 -0.00265633 -0.00203479 -0.00193666 -0.00189962 -0.00211322 -0.00251294 -0.00143306 -0.00248343 -0.00185829 -0.00121604 -0.00184007 -0.00151566 -0.00162399 -0.00120362 -0.00173081 -0.00179459 -0.00156826 -0.00185172 -0.00118085 -0.00103669 -0.00178736 -0.00199429 -0.00177147 -0.00185975 -0.00247827 -0.00164809 -0.00245789 -0.00137844 -0.00196166 -0.00146812 -0.00162206 -0.00232533 -0.00189975 
-0.0019352 -0.00115102 -0.00125211 -0.00217094 -0.00167951 -0.00205857 -0.00147587 -0.0017912 -0.00111964 -0.00171179 -0.0015172 -0.00212894 -0.00173943 -0.00120196 -0.00223038 -0.00248282 -0.0028674 -0.00217462 -0.00291284 -0.00210952 4.00653e-05 -0.00185959 -0.000965278 0.0016733 0.0022293 0.00241689 0.00307412 0.135157 0.00248293 0.00325142 0.00195753 0.0035897 0.00170013 -0.00125162 -0.00118954 -0.00117813 -0.00176957 -0.00173857 -0.00127182 -0.00131291 -0.00160069 -0.000759919 -0.00169583 -0.000791739 -0.00160686 -0.00148983 -0.00113306 -0.00261366 -0.00290799 -0.0014161 -0.001719 -0.00249235 -0.00157214 -0.0012497 -0.00137106 -0.0020517 -0.00135461 -0.00153599 -0.00166496 -0.00272512 -0.00184776 -0.00250846 -0.00128379 -0.00189513 -0.00128504 -0.0018201 -0.00151494 -0.0016437 -0.00143407 -0.00276613 -0.00230943 -0.00167694 -0.00105747 -0.00138881 -0.00276136 -0.00150287 -0.00166852 -0.00224962 -0.00114715 -0.00201663 -0.00213714 -0.00186111 -0.00205886 -0.00197479 -0.00191029 -0.0019043 -0.000974484 -0.00187354 -0.00165324 -0.0021353 -0.0023466 -0.00209916 -0.00092686 -0.00239687 -0.00193022 -0.00199539 -0.00171844 -0.00173548 -0.00219393 -0.00196814 
-0.00215275 -0.00106159 -0.00185847 -0.001164 -0.000840165 -0.00223119 -0.00173365 -0.00181664 -0.00121728 -0.00161114 -0.00154526 -0.0019292 -0.00213843 -0.00269747 -0.00262676 -0.00190253 -0.00222996 -0.00294558 -0.00330713 -0.00277838 -0.002217 -0.00257991 -0.00146268 -0.00108537 0.00314477 0.00248622 0.00375887 0.00248293 0.133463 0.00256153 0.00234961 0.00254503 0.00122294 0.00170956 -0.00166559 -0.00144985 -0.0012019 -0.0015125 -0.00177181 -0.00184026 -0.00235765 -0.00123125 -0.00163911 -0.00174891 -0.00123829 -0.00085421 -0.00166973 -0.00133803 -0.00103832 -0.00226006 -0.00161422 -0.00118173 -0.00155475 -0.00093262 -0.000961222 -0.0017072 -0.00137603 -0.00141776 -0.000990315 -0.00250546 -0.00247299 -0.00193839 -0.000598526 -0.00124068 -0.00127244 -0.00120714 -0.00174904 -0.00209477 -0.00215233 -0.00238106 -0.00148153 -0.00179066 -0.00242693 -0.00104472 -0.00151253 -0.0019102 -0.00168091 -0.00192522 -0.00220934 -0.00145549 -0.0012535 -0.00202107 -0.0022816 -0.00246577 -0.00185739 -0.00144291 -0.00180227 -0.00171092 -0.00116544 -0.00162498 -0.00106732 -0.00252874 -0.0018785 -0.00239354 -0.00119907 -0.00170265 -0.00202702 -0.00159446 -0.00122209 -0.00174854 
-0.00199165 -0.000996872 -0.00144771 -0.00142969 -0.00192791 -0.00226379 -0.00111783 -0.00125136 -0.00164271 -0.000778909 -0.00204407 -0.00210615 -0.00122411 -0.00240015 -0.00240154 -0.00187257 -0.000117491 -0.0026076 -0.0019323 -0.00148322 -0.00226248 -0.00220249 -0.00138875 -0.00191366 0.00193449 0.00172483 0.00249037 0.00325142 0.00256153 0.134539 0.00259139 0.00214127 0.00220124 0.002139 -0.0011708 -0.00180405 -0.00162722 -0.00134517 -0.00227818 -0.00217919 -0.00223146 -0.0011182 -0.000461871 -0.00239225 -0.00208448 -0.00127777 -0.00143772 -0.00248593 -0.00143749 -0.00151007 -0.00120366 -0.00111662 -0.00118872 -0.00225477 -0.00184461 -0.00172247 -0.00172494 -0.00203873 -0.002422 -0.00180753 -0.00190629 -0.00229294 -0.00251708 -0.00204134 -0.00185037 -0.00180178 -0.00197277 -0.00219369 -0.00155643 -0.00126424 -0.00177812 -0.00132425 -0.00235729 -0.00108878 -0.00182421 -0.00185622 -0.00159309 -0.00162428 -0.00223306 -0.00188873 -0.00174667 -0.00159795 -0.00143271 -0.00138619 -0.00211943 -0.00167952 -0.00156544 -0.00187022 -0.00208989 -0.00236398 -0.00129561 -0.0017927 -0.00247315 -0.00198282 -0.000722208 -0.00143058 -0.00136845 -0.0013634 -0.00106726 -0.00229023 
-0.00186478 -0.00221012 -0.00111214 -0.00191166 -0.00124407 -0.00176837 -0.00126273 -0.00271723 -0.0012801 -0.00140947 -0.00165478 -0.00169833 -0.00157536 -0.0029617 -0.00208133 -0.00188258 -0.00221131 -0.0027128 -0.00265798 -0.00179853 -0.0015173 -0.0023374 -0.00139154 -0.00130502 -0.00148495 0.00182535 0.00277254 0.00195753 0.00234961 0.00259139 0.133956 0.00310002 0.00163602 0.00179381 0.00124784 0.00174496 -0.00134651 -0.0021002 -0.00116783 -0.00205605 -0.0018708 -0.0018759 -0.0014488 -0.00252528 -0.00202713 -0.00220499 -0.00192786 -0.00173818 -0.00177891 -0.00217523 -0.00139048 -0.00118502 -0.00206761 -0.00216434 -0.00149878 -0.0017505 -0.00214638 -0.00125011 -0.00183332 -0.0013861 -0.00146901 -0.00180431 -0.00137967 -0.00152677 -0.00213184 -0.00124861 -0.00181348 -0.000798179 -0.00139749 -0.00164711 -0.00121999 -0.00155109 -0.00232729 -0.00113431 -0.00202099 -0.00254405 -0.00205087 -0.00202148 -0.00166518 -0.00140515 -0.00128152 -0.000856598 -0.00183459 -0.00231744 -0.000948134 -0.00146677 -0.0023487 -0.00109607 -0.00120075 -0.00195735 -0.00226985 -0.00198401 -0.00188217 -0.00180924 -0.00144557 -0.00195554 -0.00219218 -0.000623097 -0.00165075 -0.00172958 
-0.00111664 -0.00139683 -0.00185477 -0.0019029 -0.0011005 -0.00198859 -0.00224652 -0.00158868 -0.00123954 -0.0015942 -0.00176144 -0.00180202 -0.00270673 -0.00202668 -0.00247728 -0.00275722 -0.00291503 -0.00326758 -0.00268932 -0.00239622 -0.00127337 -0.00389973 -0.00256898 -0.0013836 -0.00244973 -0.000457416 0.00167686 0.0035897 0.00254503 0.00214127 0.00310002 0.137187 0.00208058 0.00210818 0.00254098 0.00125025 0.00257556 -0.00165949 -0.00106985 -0.00103731 -0.001447 -0.00225009 -0.00164959 -0.00192605 -0.00171428 -0.00239279 -0.00112589 -0.00138564 -0.00150728 -0.00215762 -0.00138363 -0.00184026 -0.00149964 -0.00176998 -0.00188829 -0.0020698 -0.00197131 -0.00162212 -0.00172265 -0.00233928 -0.00232044 -0.00200051 -0.00123692 -0.00186621 -0.00194973 -0.00143139 -0.00160809 -0.000712234 -0.00211618 -0.00243935 -0.000688229 -0.00146735 -0.00217465 -0.00243623 -0.00187894 -0.00187887 -0.00244038 -0.00192827 -0.00182455 -0.00203483 -0.00155316 -0.00175567 -0.00241791 -0.00165728 -0.0021818 -0.00194604 -0.00169005 -0.00203243 -0.0015518 -0.00182783 -0.00160249 -0.00186728 -0.00100744 -0.00116148 -0.00148797 -0.00201248 -0.000812641 -0.0011664 -0.00132772 -0.00101123 
-0.00201283 -0.0018467 -0.00166541 -0.00161886 -0.00156895 -0.00225778 -0.00144652 -0.0024922 -0.00162946 -0.00112591 -0.0016603 -0.00146046 -0.00152188 -0.0025769 -0.00196155 -0.00228732 -0.00140126 -0.00234756 -0.00183128 -0.0020898 -0.0020022 -0.00129679 -0.00217748 -0.00333938 -0.00181344 -0.00128876 -0.000455553 0.00170013 0.00122294 0.00220124 0.00163602 0.00208058 0.12858 0.00259359 0.00227439 0.00193607 0.00189576 0.00167328 -0.00183913 -0.00136402 -0.00113306 -0.00128148 -0.00220598 -0.00217736 -0.00122732 -0.00198579 -0.00188411 -0.00167813 -0.00130155 -0.00138549 -0.00073323 -0.00169027 -0.00223893 -0.00182861 -0.00196867 -0.00131343 -0.00280768 -0.00142228 -0.00140397 -0.00101763 -0.00160901 -0.00107759 -0.00195909 -0.0024486 -0.00186373 -0.00146498 -0.00155024 -0.00174204 -0.000298502 -0.00110571 -0.00100051 -0.0013594 -0.00236654 -0.000892526 -0.00220621 -0.00233533 -0.00142354 -0.00176557 -0.00202886 -0.00138178 -0.00193686 -0.0012378 -0.00192876 -0.00217816 -0.00172976 -0.000829377 -0.00169409 -0.00150412 -0.00132074 -0.00142675 -0.00155298 -0.00107997 -0.0016493 -0.0018965 -0.000945135 -0.000846731 -0.00209493 -0.001312 -0.0015678 -0.00211731 
