0.114888 0.00184312 0.00228849 0.00218432 0.00179014 0.00229373 -0.00106715 -0.00161357 -0.0012421 -0.00152492 -0.00206544 -0.00153928 -0.00124132 -0.00216195 -0.00190645 -0.00198262 -0.00197559 -0.0017353 -0.00133913 -0.00147731 -0.00224815 -0.00218818 -0.00198745 -0.00170848 -0.00242828 -0.00114655 -0.00157756 -0.00203213 -0.00218867 -0.00132591 -0.00137303 -0.00243253 -0.00148612 -0.00129798 -0.00161693 -0.000617301 -0.00265415 -0.00167365 -0.00107994 -0.00159794 -0.00138684 -0.00239845 -0.0021092 -0.00169119 -0.00130055 -0.00136879 -0.00218171 -0.00100497 -0.000948156 -0.0027482 -0.00134029 -0.00121178 -0.000758995 -0.00129824 -0.00140828 -0.00165 -0.000943815 -0.000636499 -0.0015938 -0.00153754 -0.00159082 -0.000708532 -0.00112165 -0.00146662 -0.00136274 -0.0015697 -0.00105771 -0.00183682 -0.00117273 -0.00118879 -0.00074792 -0.00136495 -0.00104036 -0.00188184 -0.00131461 -0.00133547 -0.000967619 -0.00141932 -0.00105595 -0.00190875 -0.00125913 -0.0012694 -0.00176918 -0.00144991 -0.000635994 -0.00160859 -0.000308119 -0.00136145 -0.0015124 -0.00117231 -0.00102473 -0.00151022 -0.00122505 -0.0011556 -0.00105714 -0.000801746 0.00142403 0.00155453 0.00172372 0.0022945 
0.00184312 0.117695 0.00246553 0.00230002 0.00238872 0.00241243 0.00193799 -0.000678426 -0.000561545 -0.000784615 -0.000760946 -0.00158382 -0.001686 -0.00173235 -0.000967525 -0.00140752 -0.00206351 -0.00163227 -0.00161292 -0.00165493 -0.00195832 -0.00106532 -0.002601 -0.00189604 -0.00198211 -0.0019116 -0.00182707 -0.00171374 -0.00178648 -0.0019255 -0.00279208 -0.00251049 -0.00162077 -0.00154125 -0.00150752 -0.00130041 -0.00204629 -0.0018575 -0.00169902 -0.00158598 -0.00201911 -0.00123672 -0.00186782 -0.000939946 -0.00115171 -0.00137319 -0.00109506 -0.00144021 -0.0010927 -0.000996246 -0.000830039 -0.00191666 -0.00174096 -0.00136256 -0.00184807 -0.00228251 -0.00120137 -0.00152477 -0.00220001 -0.00162969 -0.00169753 -0.00121831 -0.0010177 -0.00171178 -0.000809654 -0.00102645 -0.00150213 -0.00107069 -0.000161194 -0.00165983 -0.00122176 -0.00136817 -0.00148878 -0.000978334 -0.00241602 -0.00127916 -0.000789507 -0.00202659 -0.0016646 -0.0021941 -0.0016263 -0.00209079 -0.00161544 -0.00183755 -0.00132048 -0.00127083 -0.00222423 -0.00126998 -0.000294763 -0.00152486 -0.00170386 -0.00138153 -0.00183819 -0.00118743 -0.00121973 -0.00132613 -0.00174512 0.00199413 0.0023646 0.00138211 
0.00228849 0.00246553 0.123075 0.00297905 0.00269753 0.00223489 0.00169242 0.00248046 -0.000677058 -0.00146388 -0.00129325 -0.00123268 -0.00117843 -0.00261064 -0.00168139 -0.00171666 -0.00190323 -0.00199005 -0.00229132 -0.00232653 -0.00219382 -0.0016205 -0.00157001 -0.00156001 -0.00137975 -0.00186194 -0.00184787 -0.00130988 -0.00181126 -0.00146671 -0.00194029 -0.00211902 -0.00171194 -0.00202508 -0.00124064 -0.00153636 -0.00143635 -0.00162388 -0.00146184 -0.00162622 -0.00184648 -0.0021524 -0.00136814 -0.00159879 -0.00127224 -0.000974958 -0.0012343 -0.00135081 -0.0018543 -0.00170063 -0.00069967 -0.00142496 -0.000616244 -0.00127416 -0.0020696 -0.00202115 -0.000863194 -0.00197465 -0.000916834 -0.00159809 -0.00180035 -0.00202042 -0.00159761 -0.0017667 -0.00122782 -0.00151696 -0.00105067 -0.00147399 -0.000611398 -0.00137592 -0.00169255 -0.00176905 -0.00143722 -0.00184554 -0.00142405 -0.00118247 -0.00141185 -0.00189855 -0.000990789 -0.00223993 -0.0020636 -0.00213478 -0.00211582 -0.00155 -0.00138795 -0.00192993 -0.0013123 -0.00145383 -0.00195245 -0.00175163 -0.00202152 -0.0018831 -0.00194472 -0.00114998 -0.00175395 -0.00169272 -0.00116478 -0.00140415 0.00158463 0.00202303 
0.00218432 0.00230002 0.00297905 0.124784 0.00374692 0.00281652 0.00251112 0.00279399 0.00202156 -0.001345 -0.00155363 -0.000583421 -0.00207359 -0.00161622 -0.00158594 -0.00182322 -0.00274268 -0.0023481 -0.00171761 -0.00260847 -0.00267811 -0.00265918 -0.00228634 -0.00234308 -0.00243581 -0.00151647 -0.00162925 -0.000678213 -0.00169924 -0.00227677 -0.00113963 -0.00233268 -0.00171738 -0.000945067 -0.00134802 -0.002055 -0.00213116 -0.00176632 -0.00206364 -0.00118308 -0.00211512 -0.00169892 -0.00107168 -0.00130261 -0.00166384 -0.00157688 -0.00188164 -0.000755348 -0.0015891 -0.00142675 -0.0010279 -0.0010943 -0.00156978 -0.00104863 -0.00153736 -0.00135879 -0.00138914 -0.00123451 -0.00243944 -0.00172257 -0.00167876 -0.00119306 -0.0015983 -0.00113713 -0.0013361 -0.00199563 -0.00147333 -0.00178764 -0.000855553 -0.00156091 -0.000836628 -0.00134069 -0.0016404 -0.00193237 -0.0016813 -0.00159039 -0.00195734 -0.00183466 -0.00166805 -0.00127468 -0.00216892 -0.00178187 -0.00173196 -0.00217951 -0.00192885 -0.00164271 -0.00201534 -0.00111233 -0.00169844 -0.00142764 -0.00109698 -0.00065892 -0.00196425 -0.00226218 -0.0017158 -0.00133574 -0.00151897 -0.00145995 -0.00166923 0.00199167 
0.00179014 0.00238872 0.00269753 0.00374692 0.125373 0.00217671 0.00214421 0.00226907 0.00225214 0.00228534 -0.00164917 -0.00109242 -0.00181981 -0.00229813 -0.00196055 -0.00215627 -0.00254279 -0.0010371 -0.00171992 -0.00188708 -0.0017714 -0.0019872 -0.00183711 -0.00199338 -0.00172527 -0.00177371 -0.00174981 -0.00258743 -0.00205346 -0.00243588 -0.00217469 -0.00198547 -0.00181452 -0.00107498 -0.00239605 -0.00159325 -0.0015167 -0.00121209 -0.00168796 -0.00226271 -0.00197295 -0.00219533 -0.00127622 -0.00183088 -0.00212429 -0.00229284 -0.00194805 -0.00117501 -0.00227903 -0.00106408 -0.00233376 -0.00101357 -0.00124937 -0.00134865 -0.00245531 -0.00102079 -0.00125653 -0.00200459 -0.00101816 -0.00131464 -0.000971738 -0.0016 -0.0013074 -0.00184271 -0.00125452 -0.00121904 -0.00128216 -0.00202005 -0.00212037 -0.00151722 -0.00219645 -0.00195078 -0.0010142 -0.001569 -0.00215545 -0.0018004 -0.000998807 -0.0022254 -0.00106434 -0.00178273 -0.00133091 -0.00131826 -0.00203564 -0.00135124 -0.00111864 -0.00231882 -0.00102772 -0.00103178 -0.00151065 -0.00101979 -0.00114878 -0.000862624 -0.00136684 -0.00177343 -0.00126667 -0.00145913 -0.00098785 -0.000909017 -0.00160678 -0.000816056 
0.00229373 0.00241243 0.00223489 0.00281652 0.00217671 0.124839 0.0022674 0.00138628 0.00287213 0.00198926 0.00232173 -0.00190056 -0.00137858 -0.00134364 -0.00153644 -0.00245613 -0.00150894 -0.00211346 -0.00235341 -0.00218341 -0.00286315 -0.00241942 -0.00170856 -0.0021988 -0.00211187 -0.00177624 -0.00134274 -0.00197164 -0.00192965 -0.00243424 -0.00166429 -0.00247139 -0.00137158 -0.000956955 -0.00164543 -0.00136531 -0.000670608 -0.00203975 -0.0016746 -0.00245793 -0.00157486 -0.00167993 -0.00208821 -0.00228621 -0.000994713 -0.00109906 -0.00229505 -0.000971915 -0.00187053 -0.000940468 -0.00196551 -0.00124798 -0.00234143 -0.00111698 -0.00134376 -0.0011458 -0.00105174 -0.00212423 -0.0015014 -0.00190189 -0.00166666 -0.000800102 -0.00150635 -0.00171288 -0.00188719 -0.00158911 -0.00128206 -0.00154555 -0.00163533 -0.00203249 -0.00202522 -0.00144491 -0.00116282 -0.0015441 -0.00191312 -0.00225835 -0.00237742 -0.00143696 -0.00161081 -0.00161195 -0.00201482 -0.00167636 -0.00137285 -0.0024449 -0.000939248 -0.00157476 -0.00151078 -0.00136006 -0.00152825 -0.00192579 -0.00137564 -0.00132496 -0.00138097 -0.000837163 -0.00138788 -0.00144429 -0.0014389 -0.00128618 -0.00102186 -0.00133066 
-0.00106715 0.00193799 0.00169242 0.00251112 0.00214421 0.0022674 0.127956 0.00174235 0.00237323 0.00229701 0.00197094 0.00333359 -0.00149781 -0.00230453 -0.00129947 -0.00156293 -0.0026856 -0.00239942 -0.00200246 -0.00183108 -0.0026471 -0.00159594 -0.00173053 -0.00180123 -0.00228044 -0.00188579 -0.00177195 -0.00178292 -0.00216164 -0.0016238 -0.0017674 -0.00157194 -0.00126134 -0.00103081 -0.00139393 -0.00147986 -0.00171751 -0.00229613 -0.00171294 -0.00236467 -0.00159268 -0.00277407 -0.00275328 -0.00162581 -0.00129684 -0.00208939 -0.00172001 -0.000920633 -0.00108985 -0.00206585 -0.0017385 -0.00218298 -0.00183307 -0.00207135 -0.00197893 -0.00139419 -0.0016978 -0.00191795 -0.00218234 -0.0015485 -0.00142878 -0.0015033 -0.00177515 -0.00189627 -0.00144524 -0.00192257 -0.00100733 -0.00173401 -0.00163613 -0.00128281 -0.00134468 -0.00180111 -0.00173227 -0.000208018 -0.0018785 -0.00167997 -0.00124752 -0.00128171 -0.00215801 -0.00179585 -0.00200188 -0.00107329 -0.00119154 -0.00159689 -0.00146883 -0.00164397 -0.00167029 -0.00165286 -0.00134995 -0.00163178 -0.00157374 -0.0018145 -0.00139499 -0.000903759 -0.000480545 -0.00169814 -0.00174585 -0.00187115 -0.00275352 -0.00094683 
-0.00161357 -0.000678426 0.00248046 0.00279399 0.00226907 0.00138628 0.00174235 0.128793 0.00177153 0.0023741 0.00288338 0.00275872 0.00316274 -0.00149645 -0.00151548 -0.00207276 -0.00162473 -0.00225874 -0.00183672 -0.00214923 -0.00317061 -0.00180142 -0.00291724 -0.00172929 -0.00182222 -0.00105994 -0.0018501 -0.00131847 -0.000778886 -0.00191978 -0.00054767 -0.00193138 -0.00203061 -0.0016677 -0.00227777 -0.00184045 -0.00226401 -0.00205749 -0.0019876 -0.00268824 -0.0018259 -0.001428 -0.00240045 -0.00143004 -0.00196283 -0.00155472 -0.00150431 -0.00202016 -0.00218587 -0.00274502 -0.0016025 -0.00138967 -0.00216922 -0.00144994 -0.000838434 -0.00194103 -0.00129331 -0.00202974 -0.00143575 -0.00156087 -0.00109858 -0.0023291 -0.00188979 -0.00141301 -0.00195028 -0.000591694 -0.0018523 -0.00176129 -0.00146644 -0.00103136 -0.00173434 -0.00149554 -0.00166253 -0.00207083 -0.00257046 -0.00161482 -0.00121788 -0.0015577 -0.00201453 -0.00119773 -0.00209493 -0.000660578 -0.00143356 -0.000970284 -0.00242107 -0.000898757 -0.00236849 -0.00162811 -0.00156338 -0.0011208 -0.00198059 -0.00257081 -0.001829 -0.00163469 -0.0018496 -0.00131178 -0.00225776 -0.00140421 -0.00191997 -0.00030229 
-0.0012421 -0.000561545 -0.000677058 0.00202156 0.00225214 0.00287213 0.00237323 0.00177153 0.126993 0.00290904 0.00217817 0.00181815 0.00198194 0.00130321 -0.00135732 -0.00122607 -0.00150194 -0.00141253 -0.0018065 -0.00180693 -0.00243532 -0.00227213 -0.00219568 -0.00174374 -0.00247032 -0.00215824 -0.00130963 -0.00149962 -0.00146511 -0.000794173 -0.00171534 -0.00304723 -0.00148742 -0.00198913 -0.00141705 -0.00182588 -0.00215881 -0.00235111 -0.0011611 -0.00265127 -0.00150285 -0.00181021 -0.00192414 -0.00201704 -0.00193472 -0.0016845 -0.00166056 -0.00158374 -0.00142286 -0.0012297 -0.00200432 -0.00186887 -0.00188501 -0.00170103 -0.00116342 -0.00202296 -0.000965533 -0.00225558 -0.00219654 -0.0021519 -0.00140605 -0.000967262 -0.00147613 -0.00223148 -0.000919078 -0.0012972 -0.00195793 -0.00160112 -0.00152503 -0.000991818 -0.00135566 -0.00123668 -0.00108065 -0.00170054 -0.00164885 -0.00101831 -0.00181709 -0.00190558 -0.0025548 -0.00184576 -0.00170526 -0.00175312 -0.00198884 -0.00154676 -0.00192659 -0.00194816 -0.00239991 -0.00111663 -0.00186533 -0.00162492 -0.00172525 -0.00120672 -0.00161775 -0.00213899 -0.00123697 -0.00136316 -0.00165818 -0.000974223 -0.00198082 -0.00143383 
-0.00152492 -0.000784615 -0.00146388 -0.001345 0.00228534 0.00198926 0.00229701 0.0023741 0.00290904 0.13121 0.0024582 0.00224598 0.00193791 0.0023917 -0.00159095 -0.000844545 -0.00107922 -0.00146491 -0.00211677 -0.00189506 -0.00207422 -0.000939345 -0.00235942 -0.00190309 -0.00215115 -0.00161754 -0.00255684 -0.00195168 -0.00204892 -0.00273642 -0.00250056 -0.00160543 -0.00236145 -0.0022387 -0.00125212 -0.00129054 -0.00185505 -0.00198812 -0.00200994 -0.00224251 -0.00267058 -0.0018933 -0.00203873 -0.00211858 -0.00168681 -0.00162457 -0.00116597 -0.00185895 -0.00122761 -0.000975899 -0.00170718 -0.00156584 -0.00178596 -0.00200023 -0.0019779 -0.0013478 -0.0011637 -0.0012368 -0.00119422 -0.00181359 -0.000803348 -0.000986556 -0.00116927 -0.00157743 -0.00198304 -0.00191544 -0.0014498 -0.0022837 -0.00202449 -0.00105014 -0.00186153 -0.00255567 -0.00177488 -0.00261508 -0.00193352 -0.00145736 -0.00135742 -0.00146848 -0.00122076 -0.00136412 -0.00127674 -0.00119774 -0.00145411 -0.0008294 -0.00177974 -0.00122694 -0.00169439 -0.00170693 -0.00203056 -0.00267834 -0.00123276 -0.00199431 -0.00150533 -0.00201867 -0.00138523 -0.00202302 -0.00189897 -0.00114327 -0.0020674 -0.00125555 
-0.00206544 -0.000760946 -0.00129325 -0.00155363 -0.00164917 0.00232173 0.00197094 0.00288338 0.00217817 0.0024582 0.132772 0.00218193 0.00222658 0.00323141 0.00211707 0.00223379 -0.000674713 -0.00198192 -0.00232833 -0.00144259 -0.00283757 -0.00148646 -0.00254369 -0.00211313 -0.00236911 -0.00154111 -0.00239313 -0.0020981 -0.00297227 -0.00192808 -0.00128953 -0.00239554 -0.0017292 -0.00191891 -0.00155851 -0.00192581 -0.00188008 -0.00163633 -0.00115735 -0.00173936 -0.00216624 -0.00197938 -0.0012504 -0.00168599 -0.0019168 -0.00113834 -0.0020843 -0.00202038 -0.000861643 -0.000605927 -0.00141718 -0.00156759 -0.00175771 -0.00133975 -0.00145405 -0.00202932 -0.00158606 -0.00246643 -0.00125387 -0.00232352 -0.00213575 -0.00144158 -0.00166529 -0.00205407 -0.00207667 -0.000912236 -0.00118218 -0.00156203 -0.00202259 -0.00189865 -0.00187061 -0.00208435 -0.00239902 -0.00179885 -0.00214359 -0.00179715 -0.00209191 -0.00126356 -0.00184833 -0.00100262 -0.00176227 -0.00133014 -0.00226665 -0.00191917 -0.00177549 -0.00227323 -0.0019358 -0.00131462 -0.00221847 -0.00193541 -0.0017035 -0.0023228 -0.00176495 -0.00161851 -0.000944012 -0.00177657 -0.00199278 -0.00179855 -0.0013584 -0.0011449 
-0.00153928 -0.00158382 -0.00123268 -0.000583421 -0.00109242 -0.00190056 0.00333359 0.00275872 0.00181815 0.00224598 0.00218193 0.134331 0.00193553 0.00316201 0.00188065 0.0025231 0.00262814 -0.00175807 4.08456e-05 -0.00218129 -0.00177511 -0.00180893 -0.002447 -0.00212971 -0.00203537 -0.00263503 -0.00199279 -0.00260794 -0.00195468 -0.00170368 -0.00227373 -0.00240362 -0.00229933 -0.00231873 -0.00177457 -0.00179899 -0.00136597 -0.00236258 -0.00208049 -0.00232294 -0.00137816 -0.00146586 -0.00126292 -0.00199632 -0.00156916 -0.00205153 -0.00120993 -0.00160608 -0.000876305 -0.00245957 -0.00066861 -0.00224252 -0.00280396 -0.00183146 -0.00146449 -0.00264884 -0.00204853 -0.00131973 -0.00115203 -0.00161073 -0.00136512 -0.00133048 -0.00152325 -0.00189481 -0.00204843 -0.00151542 -0.00182604 -0.00201273 -0.00191549 -0.00169035 -0.00154441 -0.00266284 -0.00188268 -0.00192308 -0.00150682 -0.00197977 -0.00119501 -0.00198436 -0.002329 -0.00211552 -0.00107139 -0.00204408 -0.00184994 -0.00188804 -0.00266743 -0.00130443 -0.00108102 -0.00167353 -0.00234734 -0.00174643 -0.001202 -0.00167653 -0.00192885 -0.00158689 -0.0019465 -0.00135419 -0.00184902 -0.00190716 -0.00276048 -0.00107908 
-0.00124132 -0.001686 -0.00117843 -0.00207359 -0.00181981 -0.00137858 -0.00149781 0.00316274 0.00198194 0.00193791 0.00222658 0.00193553 0.140732 0.00325367 0.00242726 0.00332947 0.00307381 -0.00122233 -0.00124495 -0.00152748 -0.00198738 -0.00415448 -0.00261705 -0.00206989 -0.00215344 -0.00265566 -0.00353237 -0.00216237 -0.0014422 -0.00229653 -0.00190196 -0.00275243 -0.00201092 -0.00237138 -0.00182239 -0.0016977 -0.00213413 -0.00164606 -0.00170978 -0.00244052 -0.00182899 -0.00202215 -0.00191105 -0.00271806 -0.00115128 -0.00124828 -0.00123899 -0.00131904 -0.0020325 -0.00151466 -0.00159441 -0.00155875 -0.00230103 -0.00136495 -0.00114491 -0.00305827 -0.0023544 -0.000936663 -0.00138383 -0.00207451 -0.00139132 -0.00137841 -0.00205228 -0.00134646 -0.00160642 -0.00150635 -0.00193394 -0.00178755 -0.00292472 -0.00233255 -0.00185811 -0.0017235 -0.00186489 -0.00238904 -0.00161948 -0.00240753 -0.00193904 -0.00278703 -0.00166029 -0.000945329 -0.00117926 -0.00167884 -0.00147957 -0.00148605 -0.00246144 -0.00129336 -0.00119766 -0.00121464 -0.00171075 -0.001631 -0.00152965 -0.0014306 -0.00139687 -0.00147573 -0.0013426 -0.00191968 -0.00161844 -0.00113438 -0.00150011 -0.00274065 
-0.00216195 -0.00173235 -0.00261064 -0.00161622 -0.00229813 -0.00134364 -0.00230453 -0.00149645 0.00130321 0.0023917 0.00323141 0.00316201 0.00325367 0.139979 0.00298479 0.00357542 0.00244282 0.00291943 0.00249105 -0.00208714 -0.00276565 -0.00101486 -0.00164488 -0.00149637 -0.00153413 -0.00222975 -0.00257417 -0.00184574 -0.0021565 -0.00134057 -0.00214432 -0.00241846 -0.00194193 -0.00190485 -0.00187001 -0.00200955 -0.00253579 -0.00192963 -0.00264061 -0.00245539 -0.0028625 -0.00141565 -0.00228924 -0.0023689 -0.00156868 -0.00227691 -0.00233377 -0.00201461 -0.00197907 -0.00190305 -0.00151025 -0.00143952 -0.00204651 -0.00133842 -0.00262171 -0.0020917 -0.0022485 -0.00134524 -0.00153015 -0.00133911 -0.0018846 -0.00118696 -0.00185551 -0.00112117 -0.000874637 -0.0017231 -0.00154934 -0.00218337 -0.00135197 -0.00186352 -0.00179231 -0.00240588 -0.00210046 -0.00145161 -0.00124693 -0.00187242 -0.00185418 -0.0018508 -0.00202893 -0.00199777 -0.00121827 -0.00217179 -0.00204776 -0.00147172 -0.001351 -0.000401104 -0.00189225 -0.00242919 -0.00142499 -0.00252761 -0.00129817 -0.00267005 -0.00268863 -0.00201449 -0.00155293 -0.00227128 -0.00129546 -0.00203251 -0.00237208 -0.00177975 
-0.00190645 -0.000967525 -0.00168139 -0.00158594 -0.00196055 -0.00153644 -0.00129947 -0.00151548 -0.00135732 -0.00159095 0.00211707 0.00188065 0.00242726 0.00298479 0.141582 0.00232648 0.00333207 0.00347658 0.00238548 0.00407738 -0.00135711 -0.00140125 -0.00162045 -0.00109977 -0.00137389 -0.00174782 -0.00264754 -0.00207836 -0.00244994 -0.00235378 -0.00218916 -0.00203388 -0.0025716 -0.00237574 -0.00165431 -0.00187182 -0.001745 -0.00156914 -0.00123315 -0.00186841 -0.0018581 -0.00173404 -0.00173307 -0.00246026 -0.0020709 -0.00106945 -0.00153857 -0.00167934 -0.00169309 -0.00139191 -0.00184579 -0.00192538 -0.00286334 -0.00202387 -0.00182833 -0.00163517 -0.00222837 -0.00244953 -0.00158376 -0.00228354 -0.00189277 -0.00169389 -0.00132605 -0.000960651 -0.00133461 -0.00196901 -0.00201251 -0.00132799 -0.0015877 -0.00197571 -0.00208111 -0.00165196 -0.00177565 -0.00153063 -0.00295866 -0.0021371 -0.00155414 -0.00171713 -0.00230976 -0.00178539 -0.00167037 -0.00222045 -0.00240097 -0.00155439 -0.00209028 -0.0015768 -0.00219588 -0.00162626 -0.00219005 -0.00239985 -0.00203112 -0.0019916 -0.00173213 -0.00248916 -0.001485 -0.0019848 -0.00249994 -0.00201765 -0.00243569 -0.00187594 
-0.00198262 -0.00140752 -0.00171666 -0.00182322 -0.00215627 -0.00245613 -0.00156293 -0.00207276 -0.00122607 -0.000844545 0.00223379 0.0025231 0.00332947 0.00357542 0.00232648 0.142424 0.00313655 0.00326983 0.00380897 0.00176392 -0.0021675 -0.00245746 -0.00228482 -0.00188049 -0.00237693 -0.00160422 -0.00260231 -0.00170431 -0.00216231 -0.00230566 -0.00184748 -0.00231546 -0.00241871 -0.00198999 -0.00211564 -0.00259963 -0.00180796 -0.00129314 -0.00117768 -0.00216625 -0.00262713 -0.00136828 -0.00206217 -0.0019633 -0.00122711 -0.00120323 -0.00221961 -0.00254277 -0.00180595 -0.00164167 -0.00153934 -0.00125107 -0.00210688 -0.00107022 -0.00226569 -0.00245691 -0.00143623 -0.00138062 -0.00150418 -0.0026262 -0.00130195 -0.00150326 -0.0017471 -0.00217262 -0.00200142 -0.00231923 -0.0014978 -0.00203725 -0.00175576 -0.00273198 -0.00150078 -0.00211761 -0.00250995 -0.00226807 -0.00123199 -0.00207523 -0.00194992 -0.00227513 -0.00221266 -0.0016176 -0.000697337 -0.00185612 -0.00267182 -0.00173198 -0.00201599 -0.00165274 -0.00141298 -0.00179961 -0.00110206 -0.00167178 -0.00198484 -0.00195894 -0.00213762 -0.00227679 -0.00144106 -0.00135355 -0.00213216 -0.00187194 -0.00196589 -0.00100411 
-0.00197559 -0.00206351 -0.00190323 -0.00274268 -0.00254279 -0.00150894 -0.0026856 -0.00162473 -0.00150194 -0.00107922 -0.000674713 0.00262814 0.00307381 0.00244282 0.00333207 0.00313655 0.139857 0.00340453 0.00296034 0.00454205 0.00398393 0.00238073 -0.00290106 -0.000209094 -0.00176256 -0.00214754 -0.00182741 -0.00286189 -0.00244577 -0.00167519 -0.00235613 -0.00201835 -0.00114369 -0.00136662 -0.0021948 -0.00127361 -0.00155932 -0.0019576 -0.0026526 -0.00286619 -0.00242915 -0.00188986 -0.00158854 -0.00276875 -0.0019552 -0.00128227 -0.00215675 -0.00188397 -0.0019134 -0.0015623 -0.00188353 -0.00276659 -0.00247692 -0.00232599 -0.00221445 -0.0028461 -0.00133311 -0.00144139 -0.00108024 -0.00197756 -0.00291687 -0.00148382 -0.00107081 -0.00163608 -0.00116904 -0.00260997 -0.00238108 -0.00203609 -0.00167987 -0.00258539 -0.00160382 -0.00237865 -0.00230614 -0.00126885 -0.00195839 -0.00175288 -0.00160211 -0.00225549 -0.00216843 -0.00267235 -0.00147353 -0.00144197 -0.00219793 -0.00194896 -0.000608292 -0.00236832 -0.00248435 -0.00231919 -0.00228371 -0.00207048 -0.00204353 -0.00219296 -0.00272489 -0.00189809 -0.00143541 -0.00131737 -0.00116399 -0.00163941 -0.00168774 -0.0016073 
-0.0017353 -0.00163227 -0.00199005 -0.0023481 -0.0010371 -0.00211346 -0.00239942 -0.00225874 -0.00141253 -0.00146491 -0.00198192 -0.00175807 -0.00122233 0.00291943 0.00347658 0.00326983 0.00340453 0.144664 0.00321378 0.00281833 0.00398057 0.00275922 0.00126877 -0.00068177 -0.00199654 -0.00241669 -0.0026187 -0.00255705 -0.00218627 -0.00255979 -0.00164115 -0.00237102 -0.00283381 -0.00182096 -0.00181546 -0.00137426 -0.00214467 -0.00258149 -0.00201463 -0.00193305 -0.00218916 -0.00168197 -0.00305524 -0.00250308 -0.00148284 -0.00172558 -0.00106899 -0.00297883 -0.00316664 -0.00193748 -0.0022516 -0.00139151 -0.00143475 -0.000868374 -0.00186202 -0.00207703 -0.00217755 -0.00191257 -0.00113308 -0.00286222 -0.00198112 -0.00157663 -0.0017564 -0.00168238 -0.00143214 -0.000822988 -0.00139812 -0.00192901 -0.00143446 -0.00211974 -0.00129067 -0.0019857 -0.00225257 -0.00105366 -0.00185944 -0.00107335 -0.000896091 -0.00281122 -0.00196245 -0.00239231 -0.00157585 -0.00164642 -0.0021035 -0.00248333 -0.00103718 -0.00200772 -0.00239394 -0.003141 -0.0014907 -0.00080542 -0.0020157 -0.00191089 -0.00178385 -0.00276327 -0.00251449 -0.0013105 -0.00275147 -0.00214942 -0.00161484 -0.00190305 
-0.00133913 -0.00161292 -0.00229132 -0.00171761 -0.00171992 -0.00235341 -0.00200246 -0.00183672 -0.0018065 -0.00211677 -0.00232833 4.08456e-05 -0.00124495 0.00249105 0.00238548 0.00380897 0.00296034 0.00321378 0.148864 0.00375149 0.00209815 0.00275027 0.00486142 -0.0013621 -0.00158713 -0.00221066 -0.00175402 -0.00266011 -0.0021847 -0.00175109 -0.00235559 -0.00168292 -0.00190914 -0.00206595 -0.00193312 -0.00239236 -0.00264873 -0.00221996 -0.00282794 -0.00249593 -0.00240454 -0.00297195 -0.0026629 -0.0023634 -0.00221056 -0.00250871 -0.00225161 -0.00222319 -0.00307081 -0.00108889 -0.00222542 -0.00164684 -0.00146631 -0.000471298 -0.00261772 -0.00124922 -0.00144176 -0.00226024 -0.00185316 -0.00234897 -0.000676817 -0.00223713 -0.00198122 -0.00184201 -0.00190209 -0.00183605 -0.00101779 -0.00182676 -0.00214445 -0.0028022 -0.00258076 -0.00249504 -0.00194752 -0.000890932 -0.00195549 -0.00241671 -0.00196896 -0.00260091 -0.0026166 -0.00219825 -0.00127238 -0.00167896 -0.00179997 -0.00161552 -0.00186061 -0.00171056 -0.00169591 -0.00235014 -0.00209982 -0.0022333 -0.00197641 -0.00157349 -0.00257812 -0.00271216 -0.00170299 -0.00176634 -0.00162714 -0.00214643 -0.00164976 -0.00148953 
-0.00147731 -0.00165493 -0.00232653 -0.00260847 -0.00188708 -0.00218341 -0.00183108 -0.00214923 -0.00180693 -0.00189506 -0.00144259 -0.00218129 -0.00152748 -0.00208714 0.00407738 0.00176392 0.00454205 0.00281833 0.00375149 0.14899 0.00338376 0.00226423 0.00391335 0.00233436 0.00295868 -0.00166568 -0.00175944 -0.00319848 -0.00231257 -0.00146775 -0.00114712 -0.00216153 -0.0024471 -0.00213236 -0.0016051 -0.00197105 -0.00298844 -0.00217534 -0.00175837 -0.00243659 -0.00189637 -0.00200005 -0.00216853 -0.00231157 -0.00275891 -0.00164974 -0.00260846 -0.00244096 -0.00224627 -0.00282883 -0.00249455 -0.0022734 -0.0010078 -0.00186147 -0.00247008 -0.00203465 -0.00228561 -0.00233598 -0.00263624 -0.00239392 -0.00227431 -0.00122346 -0.00272098 -0.0020126 -0.00155517 -0.00206087 -0.00145067 -0.00122336 -0.00191777 -0.00176236 -0.00233 -0.00125361 -0.0016356 -0.00182409 -0.00222803 -0.00158748 -0.0023417 -0.00170014 -0.00227765 -0.00150038 -0.00205414 -0.00204494 -0.00166802 -0.0017904 -0.00221906 -0.00305816 -0.00190236 -0.00168333 -0.00221461 -0.00205117 -0.00181799 -0.00153541 -0.00224982 -0.00191338 -0.00197147 -0.00242083 -0.00195669 -0.00193854 -0.00214908 -0.00228949 
-0.00224815 -0.00195832 -0.00219382 -0.00267811 -0.0017714 -0.00286315 -0.0026471 -0.00317061 -0.00243532 -0.00207422 -0.00283757 -0.00177511 -0.00198738 -0.00276565 -0.00135711 -0.0021675 0.00398393 0.00398057 0.00209815 0.00338376 0.145628 0.00317581 0.00375081 0.00255355 0.00203952 0.00331366 -0.00176409 -0.00257653 -0.00216665 -0.0026408 -0.00186475 -0.00151348 -0.00183905 -0.00306854 -0.0026432 -0.00171185 -0.0019437 -0.00317378 -0.00127057 -0.00164803 -0.00200543 -0.00211174 -0.0011254 -0.0022047 -0.00137369 -0.00223478 -0.00165085 -0.00207795 -0.00130231 -0.00145242 -0.00230485 -0.00154602 -0.00101312 -0.000951352 -0.00107774 -0.000962099 -0.00160996 -0.00175115 -0.00198135 -0.00150454 -0.00155273 -0.00210438 -0.00205648 -0.00207363 -0.00159268 -0.00298746 -0.00162537 -0.00219624 -0.00188905 -0.00170894 -0.00138777 -0.00197521 -0.00279134 -0.00156359 -0.00146284 -0.00176926 -0.00229629 -0.0015737 -0.00221296 -0.00176986 -0.0022816 -0.00142389 -0.00201766 -0.00175841 -0.00184073 -0.0020421 -0.00161693 -0.000859093 -0.000944735 -0.00209578 -0.00138047 -0.00212921 -0.00188532 -0.00193594 -0.00249838 -0.00210295 -0.0016063 -0.00155814 -0.00235476 -0.00198818 
-0.00218818 -0.00106532 -0.0016205 -0.00265918 -0.0019872 -0.00241942 -0.00159594 -0.00180142 -0.00227213 -0.000939345 -0.00148646 -0.00180893 -0.00415448 -0.00101486 -0.00140125 -0.00245746 0.00238073 0.00275922 0.00275027 0.00226423 0.00317581 0.141003 0.00306652 0.00298686 0.00280799 0.00292761 -0.00153933 -0.000769414 -0.00137212 -0.00102403 -0.00154148 -0.00129559 -0.00176889 -0.00200164 -0.00138107 -0.00218415 -0.00239983 -0.00211028 -0.00272216 -0.00132171 -0.00172454 -0.00165347 -0.00170219 -0.00199045 -0.00157604 -0.00172957 -0.00180399 -0.00219615 -0.00180451 -0.00192345 -0.00172875 -0.00219738 -0.00164879 -0.00161159 -0.00163163 -0.00142482 -0.00216049 -0.00205783 -0.00278599 -0.00206164 -0.00229467 -0.00145236 -0.00213418 -0.00160717 -0.0020007 -0.00244399 -0.00157359 -0.00177768 -0.00211924 -0.0017416 -0.0018625 -0.0011393 -0.00177912 -0.0020927 -0.00274309 -0.00148546 -0.0019311 -0.0021601 -0.00198583 -0.00149805 -0.00172409 -0.0010081 -0.00227389 -0.00150343 -0.00236702 -0.00218539 -0.0020735 -0.00136339 -0.00156645 -0.0018465 -0.00107428 -0.00201224 -0.00270209 -0.00184536 -0.00218572 -0.00158218 -0.00197694 -0.0018901 -0.00206293 -0.00133926 
-0.00198745 -0.002601 -0.00157001 -0.00228634 -0.00183711 -0.00170856 -0.00173053 -0.00291724 -0.00219568 -0.00235942 -0.00254369 -0.002447 -0.00261705 -0.00164488 -0.00162045 -0.00228482 -0.00290106 0.00126877 0.00486142 0.00391335 0.00375081 0.00306652 0.156856 0.00303485 0.00443589 0.00411319 0.00170593 -0.00205232 -0.00165596 -0.00138508 -0.00324368 -0.00174946 -0.00218069 -0.0016272 -0.00358632 -0.00286348 -0.00193281 -0.0023822 -0.00134312 -0.00155567 -0.00209413 -0.0024996 -0.00100681 -0.000764792 -0.00164825 -0.00201903 -0.00270311 -0.00303376 -0.0025004 -0.00181145 -0.00289913 -0.00154548 -0.00181281 -0.00116086 -0.00183437 -0.00147111 -0.00318076 -0.00237366 -0.00242394 -0.00280456 -0.0027088 -0.00185099 -0.00213273 -0.0020724 -0.00214804 -0.00183938 -0.00140725 -0.00163207 -0.00252689 -0.0020573 -0.00198646 -0.00249206 -0.0019508 -0.00330816 -0.00200398 -0.00146968 -0.00266682 -0.00192557 -0.00159998 -0.00140837 -0.0023771 -0.00204464 -0.00221072 -0.00144465 -0.00185762 -0.000797952 -0.000787379 -0.0014923 -0.00183278 -0.00261423 -0.00147202 -0.00218607 -0.00206412 -0.00207258 -0.00261119 -0.00242305 -0.00279481 -0.00193501 -0.00163024 -0.00277278 
-0.00170848 -0.00189604 -0.00156001 -0.00234308 -0.00199338 -0.0021988 -0.00180123 -0.00172929 -0.00174374 -0.00190309 -0.00211313 -0.00212971 -0.00206989 -0.00149637 -0.00109977 -0.00188049 -0.000209094 -0.00068177 -0.0013621 0.00233436 0.00255355 0.00298686 0.00303485 0.134995 0.00306587 0.00344532 0.00167126 0.0027055 6.62398e-07 -0.00116113 -0.00206188 -0.00106568 -0.00149244 -0.00210006 -0.00287791 -0.00222063 -0.00210577 -0.00164046 -0.00237754 -0.00091373 -0.000882659 -0.00207168 -0.00185573 -0.00213003 -0.00257651 -0.000954774 -0.00120025 -0.00155637 -0.00162755 -0.0024486 -0.00236611 -0.00228754 -0.00144395 -0.00184864 -0.00130813 -0.00130825 -0.00200471 -0.00121602 -0.00123209 -0.00237147 -0.00178453 -0.00171123 -0.0017603 -0.0013175 -0.00108601 -0.00128772 -0.00187063 -0.00122055 -0.0018441 -0.00266929 -0.000804687 -0.00153885 -0.00132232 -0.00187702 -0.00248043 -0.00114918 -0.00168239 -0.0017003 -0.00119579 -0.00126618 -0.00156811 -0.0023172 -0.00243091 -0.00183079 -0.00265047 -0.00156275 -0.00284418 -0.00124652 -0.00209414 -0.00146173 -0.00198433 -0.00186014 -0.00231343 -0.0017481 -0.00143799 -0.00196151 -0.00179961 -0.00227133 -0.00209781 -0.00111592 
-0.00242828 -0.00198211 -0.00137975 -0.00243581 -0.00172527 -0.00211187 -0.00228044 -0.00182222 -0.00247032 -0.00215115 -0.00236911 -0.00203537 -0.00215344 -0.00153413 -0.00137389 -0.00237693 -0.00176256 -0.00199654 -0.00158713 0.00295868 0.00203952 0.00280799 0.00443589 0.00306587 0.143145 0.00392934 0.00270912 0.00237662 0.00284352 0.00183573 -0.00164971 -0.00201516 -0.000444165 -0.002285 -0.00220472 -0.00237657 -0.00203237 -0.00149582 -0.00264826 -0.00154371 -0.00260653 -0.00170823 -0.00214058 -0.00175265 -0.00140119 -0.00202603 -0.00125831 -0.00185348 -0.00313243 -0.00256479 -0.00228238 -0.00244172 -0.00243795 -0.00164148 -0.00217875 -0.00173563 -0.00241456 -0.00191887 -0.0015192 -0.00177165 -0.00245421 -0.00103421 -0.00215486 -0.00116735 -0.0017317 -0.00217848 -0.00104546 -0.00224244 -0.00148076 -0.00223463 -0.00219104 -0.00125649 -0.00171323 -0.00245218 -0.002042 -0.00172994 -0.00243468 -0.00264665 -0.00151391 -0.00214134 -0.00164097 -0.00247695 -0.00186175 -0.00221997 -0.00183153 -0.00143279 -0.00236419 -0.00163159 -0.000350405 -0.0019054 -0.00144668 -0.00178165 -0.0025113 -0.00203235 -0.00297501 -0.00195114 -0.00137236 -0.00151025 -0.00179526 -0.0017522 
-0.00114655 -0.0019116 -0.00186194 -0.00151647 -0.00177371 -0.00177624 -0.00188579 -0.00105994 -0.00215824 -0.00161754 -0.00154111 -0.00263503 -0.00265566 -0.00222975 -0.00174782 -0.00160422 -0.00214754 -0.00241669 -0.00221066 -0.00166568 0.00331366 0.00292761 0.00411319 0.00344532 0.00392934 0.149078 0.00216604 0.00313361 0.00214504 0.00288838 0.00228185 -0.00149226 -0.00242798 -0.00110446 -0.00261886 -0.00183976 -0.00219596 -0.00134311 -0.00217034 -0.00186188 -0.00221402 -0.00166854 -0.00194082 -0.00180068 -0.00209329 -0.0019698 -0.00148602 -0.0020461 -0.00153237 -0.00246027 -0.00249894 -0.00233703 -0.00180639 -0.00230262 -0.00246541 -0.00148958 -0.00256936 -0.00322707 -0.00266575 -0.00331255 -0.00201243 -0.00317877 -0.00219086 -0.00261106 -0.00250362 -0.00237004 -0.00149136 -0.00269479 -0.00148581 -0.00237809 -0.00234546 -0.00209538 -0.0024411 -0.00132506 -0.00139867 -0.00131909 -0.00217019 -0.00181482 -0.00115531 -0.00187978 -0.00266734 -0.00140752 -0.0024401 -0.00226726 -0.00190305 -0.00138546 -0.00240077 -0.00158154 -0.00173944 -0.00132249 -0.0012226 -0.00233866 -0.00298453 -0.00177922 -0.00295601 -0.00218396 -0.00162723 -0.00258009 -0.00211118 -0.00115867 
-0.00157756 -0.00182707 -0.00184787 -0.00162925 -0.00174981 -0.00134274 -0.00177195 -0.0018501 -0.00130963 -0.00255684 -0.00239313 -0.00199279 -0.00353237 -0.00257417 -0.00264754 -0.00260231 -0.00182741 -0.0026187 -0.00175402 -0.00175944 -0.00176409 -0.00153933 0.00170593 0.00167126 0.00270912 0.00216604 0.139444 0.00138623 0.0024141 0.00156342 0.00241025 0.00279747 -0.00193801 -0.00112793 -0.00281808 -0.00293705 -0.00228073 -0.00132338 -0.00206148 -0.00224942 -0.00140212 -0.0020978 -0.00159798 -0.00192517 -0.00145762 -0.00187771 -0.00171397 -0.00112427 -0.00170872 -0.00156729 -0.0016958 -0.00205175 -0.00227036 -0.0011657 -0.00166947 -0.00167839 -0.00174435 -0.00118887 -0.0018889 -0.00119575 -0.00122867 -0.00162943 -0.00209838 -0.00196329 -0.00180056 -0.000803469 -0.00190369 -0.00177388 -0.00150326 -0.00231259 -0.00191429 -0.00162742 -0.00134059 -0.00171208 -0.00211867 -0.00170592 -0.00166783 -0.00193684 -0.00178719 -0.00051137 -0.00238307 -0.00072565 -0.001631 -0.000387576 -0.00164783 -0.00187004 -0.00129193 -0.00134947 -0.0013936 -0.00163149 -0.00200288 -0.000556719 -0.0025179 -0.00214255 -0.00154196 -0.00143811 -0.00146948 -0.0017988 -0.00108603 -0.001836 
-0.00203213 -0.00171374 -0.00130988 -0.000678213 -0.00258743 -0.00197164 -0.00178292 -0.00131847 -0.00149962 -0.00195168 -0.0020981 -0.00260794 -0.00216237 -0.00184574 -0.00207836 -0.00170431 -0.00286189 -0.00255705 -0.00266011 -0.00319848 -0.00257653 -0.000769414 -0.00205232 0.0027055 0.00237662 0.00313361 0.00138623 0.143103 0.00236867 0.00405177 0.00248813 0.00409628 0.00300229 -0.00113022 -0.00247353 -0.00180205 -0.000896939 -0.000957405 -0.00259689 -0.0014629 -0.000950642 -0.0018578 -0.0019066 -0.00205146 -0.00210255 -0.00236224 -0.00153963 -0.00269915 -0.001432 -0.000706173 -0.00108502 -0.00249386 -0.00207283 -0.00188397 -0.00198432 -0.00175209 -0.00154763 -0.00212887 -0.00157762 -0.00173121 -0.0014406 -0.0020217 -0.00221477 -0.0013465 -0.00203152 -0.00195008 -0.00174032 -0.00130681 -0.00149966 -0.00236323 -0.00196138 -0.0016603 -0.0014816 -0.00191623 -0.00211682 -0.000858272 -0.00264673 -0.00255388 -0.00202533 -0.00240321 -0.00157696 -0.00200503 -0.00170694 -0.00189566 -0.00249084 -0.00202194 -0.00155126 -0.00155816 -0.00167101 -0.00214455 -0.00188462 -0.00174519 -0.00174606 -0.00291888 -0.00218517 -0.00232328 -0.00246453 -0.00130569 -0.00105645 -0.00171678 
-0.00218867 -0.00178648 -0.00181126 -0.00169924 -0.00205346 -0.00192965 -0.00216164 -0.000778886 -0.00146511 -0.00204892 -0.00297227 -0.00195468 -0.0014422 -0.0021565 -0.00244994 -0.00216231 -0.00244577 -0.00218627 -0.0021847 -0.00231257 -0.00216665 -0.00137212 -0.00165596 6.62398e-07 0.00284352 0.00214504 0.0024141 0.00236867 0.131415 0.00224762 0.00255082 0.00343442 0.00312437 0.00290889 -0.00123883 -0.00126503 -0.00173894 -0.00120248 -0.00151494 -0.00229815 -0.00198269 -0.00156826 -0.00200562 -0.00174047 -0.00154802 -0.00175152 -0.00176595 -0.00183112 -0.00224692 -0.00120092 -0.0020412 -0.00131422 -0.00189886 -0.00163967 -0.00165621 -0.00154797 -0.00174923 -0.00135864 -0.00124928 -0.00240637 -0.00144648 -0.00152462 -0.000849441 -0.00150795 -0.00192964 -0.00251698 -0.00205688 -0.00208629 -0.00124937 -0.00144641 -0.00116006 -0.00143231 -0.00182857 -0.00173876 -0.00153234 -0.00208866 -0.0016643 -0.000614199 -0.00204114 -0.0014374 -0.00180863 -0.00212938 -0.00152949 -0.0013898 -0.00151726 -0.00164969 -0.00094876 -0.00125833 -0.00146518 -0.00163686 -0.00183319 -0.00226658 -0.00207726 -0.00185599 -0.00231962 -0.00180634 -0.0013081 -0.00188121 -0.00188929 -0.00158356 
-0.00132591 -0.0019255 -0.00146671 -0.00227677 -0.00243588 -0.00243424 -0.0016238 -0.00191978 -0.000794173 -0.00273642 -0.00192808 -0.00170368 -0.00229653 -0.00134057 -0.00235378 -0.00230566 -0.00167519 -0.00255979 -0.00175109 -0.00146775 -0.0026408 -0.00102403 -0.00138508 -0.00116113 0.00183573 0.00288838 0.00156342 0.00405177 0.00224762 0.135748 0.00323398 0.00281898 0.00165674 0.00200784 -0.00122087 -0.000664958 -0.00145188 -0.00200615 -0.00138539 -0.00210419 -0.00148998 -0.00117563 -0.00247079 -0.00157427 -0.00166932 -0.00195144 -0.00177291 -0.00174124 -0.00243441 -0.00183303 -0.00166317 -0.00179575 -0.00165873 -0.00156858 -0.0011103 -0.000992039 -0.00233428 -0.00190868 -0.00151289 -0.00106726 -0.00203446 -0.00141614 -0.00225349 -0.00140695 -0.00116623 -0.00228774 -0.00137832 -0.00111515 -0.00110935 -0.00244755 -0.00193198 -0.00230935 -0.00160585 -0.00179709 -0.00144807 -0.00143092 -0.00185962 -0.00228243 -0.00236426 -0.00177556 -0.00202326 -0.00108499 -0.00198177 -0.00189504 -0.00189921 -0.00172023 -0.00209201 -0.0010063 -0.00132284 -0.00122402 -0.00119234 -0.00171022 -0.00109074 -0.00249318 -0.00210097 -0.00147982 -0.0022394 -0.00254205 -0.00288476 -0.00155883 
-0.00137303 -0.00279208 -0.00194029 -0.00113963 -0.00217469 -0.00166429 -0.0017674 -0.00054767 -0.00171534 -0.00250056 -0.00128953 -0.00227373 -0.00190196 -0.00214432 -0.00218916 -0.00184748 -0.00235613 -0.00164115 -0.00235559 -0.00114712 -0.00186475 -0.00154148 -0.00324368 -0.00206188 -0.00164971 0.00228185 0.00241025 0.00248813 0.00255082 0.00323398 0.14072 0.00273792 0.0025793 0.00344695 0.00223509 0.00225785 -0.00230218 -0.00218037 -0.00244813 -0.00247285 -0.00126706 -0.00172021 -0.00277872 -0.00222715 -0.00196925 -0.00202437 -0.001436 -0.00159024 -0.00254016 -0.00164379 -0.000820517 -0.00130827 -0.00188481 -0.00101435 -0.00183598 -0.00190007 -0.00246988 -0.00215965 -0.00100951 -0.00170527 -0.00207218 -0.002413 -0.00221664 -0.00152395 -0.00275805 -0.00241686 -0.00142888 -0.00211681 -0.00254514 -0.00171142 -0.00215715 -0.00167097 -0.0024725 -0.00213005 -0.00211927 -0.00114762 -0.00110613 -0.00186078 -0.00242426 -0.0019583 -0.00249096 -0.00179738 -0.00190918 -0.00159053 -0.00157884 -0.00225939 -0.00154466 -0.00138913 -0.00187356 -0.00210175 -0.00211306 -0.00170956 -0.00148371 -0.00180255 -0.00221626 -0.000630295 -0.00185173 -0.00173758 -0.00164518 -0.00113499 
-0.00243253 -0.00251049 -0.00211902 -0.00233268 -0.00198547 -0.00247139 -0.00157194 -0.00193138 -0.00304723 -0.00160543 -0.00239554 -0.00240362 -0.00275243 -0.00241846 -0.00203388 -0.00231546 -0.00201835 -0.00237102 -0.00168292 -0.00216153 -0.00151348 -0.00129559 -0.00174946 -0.00106568 -0.00201516 -0.00149226 0.00279747 0.00409628 0.00343442 0.00281898 0.00273792 0.13788 0.00226377 0.00320795 0.00180117 0.00308309 0.00315077 -0.00158368 -0.00184326 -0.00220494 -0.00153733 -0.00145197 -0.00109608 -0.00177694 -0.0019389 -0.00185995 -0.00219718 -0.00214025 -0.00236082 -0.00110912 -0.00133111 -0.00214489 -0.00225769 -0.00197549 -0.00180596 -0.00209528 -0.00156849 -0.00178086 -0.00147065 -0.00135207 -0.00115232 -0.00110868 -0.000836328 -0.00210369 -0.00164571 -0.00269132 -0.00157005 -0.00223684 -0.00282321 -0.00228433 -0.0018873 -0.00284589 -0.00227437 -0.00213592 -0.00135506 -0.00184568 -0.00119901 -0.00158419 -0.00111916 -0.00161142 -0.00205991 -0.00156534 -0.0017831 -0.00201116 -0.00235512 -0.0019838 -0.00101332 -0.00119269 -0.00218469 -0.00181781 -0.00191906 -0.0016336 -0.00138741 -0.00215502 -0.00188252 -0.00147051 -0.00247111 -0.00225945 -0.00157263 -0.00166775 
-0.00148612 -0.00162077 -0.00171194 -0.00171738 -0.00181452 -0.00137158 -0.00126134 -0.00203061 -0.00148742 -0.00236145 -0.0017292 -0.00229933 -0.00201092 -0.00194193 -0.0025716 -0.00241871 -0.00114369 -0.00283381 -0.00190914 -0.0024471 -0.00183905 -0.00176889 -0.00218069 -0.00149244 -0.000444165 -0.00242798 -0.00193801 0.00300229 0.00312437 0.00165674 0.0025793 0.00226377 0.127791 0.00224991 0.00248596 0.00227891 0.00170235 0.00186688 -0.00145306 -0.00175205 -0.00144888 -0.00164592 -0.00130628 -0.0015269 -0.00202089 -0.00153137 -0.00195904 -0.00167766 -0.00209854 -0.00144762 -0.00193617 -0.00129092 -0.00130495 -0.00187062 -0.00178213 -0.00118838 -0.00256724 -0.00203565 -0.00116961 -0.00142286 -0.00212437 -0.00206813 -0.00103574 -0.00159103 -0.00139845 -0.00222204 -0.00225131 -0.00145886 -0.00157582 -0.00190981 -0.00175573 -0.00145211 -0.00181399 -0.00176221 -0.00157455 -0.00113204 -0.000725429 -0.0016957 -0.00178151 -0.00110716 -0.000793329 -0.00170327 -0.00157841 -0.00129486 -0.00146884 -0.00193544 -0.00161068 -0.00173951 -0.00165949 -0.00158662 -0.00168545 -0.00167427 -0.00202466 -0.00189808 -0.00149065 -0.00141149 -0.0020589 -0.00148584 -0.00177126 -0.000997589 
