0.125306 0.00229602 0.00322247 0.00226688 0.0026026 0.00322347 -0.000983912 -0.00149119 -0.00144139 -0.000918732 -0.00173258 -0.00153492 -0.000755977 -0.00165028 -0.00216485 -0.00200221 -0.00213406 -0.00114777 -0.00266999 -0.00284125 -0.00210213 -0.00195706 -0.00249756 -0.00268696 -0.00172882 -0.00187046 -0.00183106 -0.00246725 -0.00134663 -0.00168844 -0.000891236 -0.00191823 -0.00149228 -0.00157453 -0.0016232 -0.000860166 -0.00194454 -0.00189508 -0.00163896 -0.000587472 -0.00203531 -0.00100939 -0.00114975 -0.00155613 -0.0013335 -0.00150435 -0.00154813 -0.00174616 -0.00213313 -0.00126547 -0.0015022 -0.00141028 -0.00136377 -0.00133259 -0.00129744 -0.00132263 -0.00146881 -0.00265795 -0.00168126 -0.00109657 -0.00144564 -0.00163354 -0.00150748 -0.0013467 -0.00228261 -0.00247551 -0.00182717 -0.001662 -0.00160509 -0.00132878 -0.00169552 -0.0016575 -0.00177944 -0.00165155 -0.00137583 -0.00198782 -0.00147092 -0.00114303 -0.00190562 -0.00225175 -0.0021062 -0.00217081 -0.00114823 -0.00114302 -0.00188738 -0.00118541 -0.0017068 -0.00140264 -0.00146315 -0.00214959 -0.00175568 -0.00195672 -0.00115245 -0.000685039 -0.00158658 -0.000772611 0.00183487 0.00193414 0.00243124 0.00167432 
0.00229602 0.127775 0.00216326 0.00316374 0.00236923 0.00301905 0.00266503 -0.00155593 -0.00155727 -0.00177246 -0.00190557 -0.00182873 -0.00210815 -0.00198334 -0.00247864 -0.00220268 -0.00151856 -0.000563935 -0.00302854 -0.00200448 -0.00138983 -0.00197238 -0.00290131 -0.00260334 -0.00280006 -0.00181389 -0.00160214 -0.00173825 -0.0025388 -0.00185337 -0.00176939 -0.00131829 -0.00214214 -0.00111427 -0.00128731 -0.00208718 -0.00119507 -0.00142347 -0.00172725 -0.00169406 -0.00159117 -0.00176373 -0.00189048 -0.00154544 -0.00119324 -0.00134737 -0.00209427 -0.00190094 -0.00174568 -0.00216707 -0.00148306 -0.00149864 -0.00142734 -0.000729569 -0.00133649 -0.0018462 -0.0024978 -0.00158105 -0.00120445 -0.00172084 -0.00208982 -0.00255357 -0.00154237 -0.0023761 -0.00193749 -0.00200742 -0.00178221 -0.0018192 -0.00120719 -0.00203718 -0.00171229 -0.00146053 -0.00179539 -0.000311649 -0.00117323 -0.00183485 -0.00226938 -0.00175026 -0.00149711 -0.00115826 -0.00103428 -0.00164585 -0.00138696 -0.00119367 -0.0014493 -0.00144129 -0.00155545 -0.00156091 -0.00112762 -0.00112273 -0.00145939 -0.00155895 -0.00233552 -0.000982617 -0.00169712 -0.000210753 -0.000674183 0.00146468 0.00265281 0.00322837 
0.00322247 0.00216326 0.124155 0.00326827 0.00161998 0.00315187 0.00202471 0.00148686 -0.00165253 -0.00169631 -0.00220433 -0.00127655 -0.00159831 -0.000755723 -0.00206467 -0.00204681 -0.00259504 -0.00261751 -0.00214947 -0.00228097 -0.0015227 -0.00212704 -0.00174231 -0.0027495 -0.00167182 -0.00226539 -0.00199941 -0.00151247 -0.00169743 -0.00212705 -0.00128686 -0.00133634 -0.000952273 -0.00200488 -0.000861432 -0.00110077 -0.00182778 -0.00142339 -0.00104618 -0.00191816 -0.00175 -0.00221321 -0.00178002 -0.00127096 -0.00080699 -0.000976831 -0.00070169 -0.00170232 -0.00203776 -0.00134219 -0.0015464 -0.00173201 -0.00150928 -0.00072469 -0.00109983 -0.00201629 -0.00121706 -0.00192102 -0.00161825 -0.00171979 -0.00113279 -0.00182074 -0.00195615 -0.00209802 -0.00025167 -0.00225241 -0.0018553 -0.00188983 -0.00237675 -0.00121553 -0.00214964 -0.00224179 -0.00188933 -0.00221056 -0.00193279 -0.00126745 -0.00197142 -0.000812754 -0.00162644 -0.00123837 -0.0019112 -0.000876976 -0.000925472 -0.00162415 -0.00205353 -0.00113963 -0.00119429 -0.00139991 -0.000935819 -0.00129478 -0.00153647 -0.00149023 -0.00204663 -0.00179235 -0.00185637 -0.00122843 -0.00125157 -0.00130344 0.00267413 0.00208221 
0.00226688 0.00316374 0.00326827 0.126515 0.00280974 0.00292258 0.00242337 0.00127492 0.00220877 -0.00134043 -0.00153867 -0.0013653 -0.00151225 -0.00129777 -0.00190924 -0.000836781 -0.00189672 -0.00201863 -0.0013894 -0.0020427 -0.00210154 -0.00237877 -0.00223575 -0.00183485 -0.00235012 -0.0016499 -0.00184865 -0.000861661 -0.00250671 -0.00247145 -0.00108772 -0.000696895 -0.000369156 -0.00139045 -0.00192823 -0.00184154 -0.00156796 -0.00268934 -0.00134302 -0.0020322 -0.00131798 -0.00108572 -0.0017858 -0.000900405 -0.00177632 -0.00246521 -0.0022732 -0.000880464 -0.00175711 -0.00163109 -0.001645 -0.00160463 -0.00178517 -0.0018437 -0.00194636 -0.00224252 -0.00283093 -0.00160547 -0.00145265 -0.00162616 -0.00136652 -0.00137633 -0.0020432 -0.00154241 -0.0022047 -0.00156238 -0.00203373 -0.00159462 -0.00231782 -0.00203001 -0.00180213 -0.00179415 -0.00083929 -0.0012474 -0.00171607 -0.00160305 -0.00124852 -0.00135852 -0.00200063 -0.00251811 -0.00107215 -0.00144157 -0.00200471 -0.00178275 -0.00171273 -0.00113078 -0.00184173 -0.00151691 -0.00196433 -0.00184676 -0.000776426 -0.00158577 -0.00193775 -0.00114265 -0.00210123 -0.00166411 -0.000858114 -0.00120164 -0.000919357 0.00263786 
0.0026026 0.00236923 0.00161998 0.00280974 0.129211 0.00308149 0.00305053 0.00241006 0.00196025 0.00220459 -0.00122616 -0.000899407 -0.00129595 -0.00122915 -0.0019581 -0.00153667 -0.0017281 -0.00180969 -0.00285478 -0.00164567 -0.00273259 -0.0018194 -0.00220416 -0.00236513 -0.00218539 -0.00236909 -0.00136266 -0.0023088 -0.00169527 -0.0014079 -0.00176229 -0.00166293 -0.0017127 -0.00215543 -0.00220607 -0.00119193 -0.00231739 -0.00264692 -0.00146535 -0.00181293 -0.00174387 -0.00221357 -0.00219791 -0.00140733 -0.00216903 -0.00193198 -0.00190407 -0.00246677 -0.00156748 -0.000611612 -0.00243188 -0.00203082 -0.00145282 -0.00135116 -0.00150605 -0.00140774 -0.00219189 -0.00153524 -0.00163822 -0.00113767 -0.00144895 -0.00187232 -0.00175605 -0.00150741 -0.0012205 -0.00126144 -0.00102297 -0.00149281 -0.00117035 -0.00138109 -0.00151249 -0.00212474 -0.00159161 -0.00100391 -0.00122004 -0.00133045 -0.00142635 -0.00234204 -0.00161904 -0.00159848 -0.00139059 -0.00159964 -0.00179261 -0.00135888 -0.00157766 -0.00151371 -0.00178584 -0.00124809 -0.00182651 -0.00181752 -0.00204875 -0.00182756 -0.00215624 -0.0016274 -0.00134451 -0.00183791 -0.000976956 -0.000459709 -0.00118751 -0.00157428 
0.00322347 0.00301905 0.00315187 0.00292258 0.00308149 0.128422 0.0031497 0.00171134 0.00203518 0.0024826 0.00282186 -0.00129047 -0.00110627 -0.00152894 -0.00194916 -0.00157076 -0.00117002 -0.00206192 -0.00230059 -0.00265298 -0.00232276 -0.00161569 -0.00210114 -0.0019489 -0.00179063 -0.00199543 -0.00134239 -0.00245564 -0.0021868 -0.00273389 -0.00218826 -0.0018168 -0.00158059 -0.00167529 -0.00186128 -0.00154632 -0.00205414 -0.00186858 -0.00193122 -0.00222829 -0.00287247 -0.00138644 -0.00184084 -0.00216893 -0.00199811 -0.002013 -0.00106048 -0.00201767 -0.00271143 -0.00238794 -0.00193205 -0.00170755 -0.00125452 -0.00100127 -0.00188933 -0.00168645 -0.00211125 -0.00141468 -0.00148039 -0.000895778 -0.00162547 -0.00178777 -0.00136104 -0.00198334 -0.00181823 -0.0026171 -0.00174276 -0.00281323 -0.00153991 -0.00109515 -0.0017985 -0.00215812 -0.00147363 -0.00185367 -0.00100063 -0.00210323 -0.00176685 -0.00148707 -0.00136814 -0.00176746 -0.00111026 -0.00155965 -0.00158191 -0.00145643 -0.00145313 -0.00116241 -0.00179585 -0.00155181 -0.000724533 -0.00135856 -0.0015437 -0.00118795 -0.00140013 -0.00194756 -0.00214098 -0.00160776 -0.00240478 -0.0021479 -0.00069673 -0.00132213 
-0.000983912 0.00266503 0.00202471 0.00242337 0.00305053 0.0031497 0.126361 0.00194023 0.00165161 0.00142769 0.00183085 0.00150899 -0.00231617 -0.00172378 -0.00127458 -0.00168101 -0.00109876 -0.00215587 -0.00229561 -0.0028012 -0.00226265 -0.00215902 -0.00227909 -0.00266588 -0.0020181 -0.00184762 -0.00229357 -0.00217065 -0.00229307 -0.00220977 -0.00229068 -0.000846339 -0.00251071 -0.00149212 -0.00176062 -0.00167117 -0.0021071 -0.0023542 -0.00193377 -0.00188023 -0.00115081 -0.00169238 -0.0019689 -0.0013835 -0.000710363 -0.00183425 -0.00104543 -0.00120169 -0.00116569 -0.00191902 -0.00105718 -0.00152648 -0.00126476 -0.00147879 -0.00185118 -0.00179704 -0.00199637 -0.000773746 -0.00109837 -0.0021267 -0.00190999 -0.00138057 -0.0019689 -0.00149123 -0.0013029 -0.00188677 -0.00183246 -0.0029168 -0.00211191 -0.00209149 -0.00172669 -0.00191593 -0.00136148 -0.00084062 -0.0012893 -0.00129888 -0.00132257 -0.00156924 -0.00207903 -0.00124504 -0.00140806 -0.000908943 -0.00106601 -0.00115229 -0.0012806 -0.00180382 -0.00143096 -0.00115124 -0.000590795 -0.00117382 -0.00203002 -0.00126954 -0.00190687 -0.00154359 -0.00221393 -0.00127393 -0.00150861 -0.00173233 -0.00128658 -0.00133979 
-0.00149119 -0.00155593 0.00148686 0.00127492 0.00241006 0.00171134 0.00194023 0.124541 0.0017428 0.00189487 0.00200913 0.00224317 0.00179437 -0.00169314 -0.0024433 -0.000912074 -0.00220042 -0.00222936 -0.00129882 -0.00232959 -0.00260568 -0.00152197 -0.000533913 -0.00178065 -0.00116012 -0.00166467 -0.00238407 -0.00217858 -0.00107885 -0.00136253 -0.00260329 -0.00174162 -0.00169294 -0.00133501 -0.00203337 -0.00130152 -0.00169141 -0.00170805 -0.00205838 -0.00249118 -0.00202615 -0.00137621 -0.00211017 -0.00109536 -0.00105322 -0.00183606 -0.00106485 -0.00110548 -0.00205648 -0.00215992 -0.00217665 -0.00119317 -0.00160904 -0.00206073 -0.00124637 -0.00175462 -0.00108809 -0.00192501 -0.000892503 -0.00109197 -0.00186741 -0.00197123 -0.00174219 -0.00176057 -0.00214969 -0.00216709 -0.00186344 -0.00208485 -0.00125332 -0.002589 -0.00190679 -0.00219442 -0.00141167 -0.00140165 -0.00129894 -0.00113398 -0.000997497 -0.00139536 -0.00152851 -0.000982717 -0.00216349 -0.00200697 -0.000756475 -0.00176523 -0.00116956 -0.000820034 -0.000740134 -0.000774097 -0.00142392 -0.00163048 -0.00101295 -0.0007967 -0.000836443 -0.00123508 -0.001916 -0.00178584 -0.0019404 -0.00163502 -0.000983339 -0.00195286 
-0.00144139 -0.00155727 -0.00165253 0.00220877 0.00196025 0.00203518 0.00165161 0.0017428 0.129015 0.00249479 0.000859233 0.0023623 0.0023162 0.00199186 -0.00164606 -0.00197464 -0.00111 -0.00173786 -0.0017663 -0.00237177 -0.00209298 -0.00185713 -0.0027688 -0.00165796 -0.00215454 -0.00246327 -0.00218364 -0.00210749 -0.00165741 -0.00177883 -0.0016086 -0.00159657 -0.000946928 -0.00160629 -0.00124378 -0.00110654 -0.00220666 -0.00243324 -0.0023036 -0.00214859 -0.000645716 -0.00268652 -0.00141521 -0.00136652 -0.00154277 -0.00197703 -0.0018981 -0.00129548 -0.00120338 -0.00137147 -0.00218555 -0.00180954 -0.00223926 -0.00184341 -0.00188037 -0.00187062 -0.00189936 -0.00237569 -0.0011337 -0.00239827 -0.00174863 -0.000957852 -0.00193104 -0.00176015 -0.00142723 -0.00131882 -0.00127189 -0.00259132 -0.0022188 -0.00128455 -0.00129992 -0.00168959 -0.00158551 -0.000628265 -0.00186841 -0.00182049 -0.00160234 -0.00108639 -0.00123514 -0.00162561 -0.00141575 -0.000799066 -0.00155909 -0.00228775 -0.00152868 -0.0016584 -0.00153129 -0.00160994 -0.00138534 -0.00133687 -0.00174299 -0.00120862 -0.00145637 -0.00167672 -0.000964701 -0.00167403 -0.00175139 -0.00096211 -0.00159213 -0.00132622 
-0.000918732 -0.00177246 -0.00169631 -0.00134043 0.00220459 0.0024826 0.00142769 0.00189487 0.00249479 0.121833 0.00408922 0.0029101 0.00207625 0.00207605 -0.00152461 -0.00185518 -0.00179446 -0.0015307 -0.001245 -0.00102576 -0.00231646 -0.00150511 -0.00306742 -0.00206348 -0.00184825 -0.00222239 -0.00214226 -0.00154205 -0.00143179 -0.00232772 -0.00236005 -0.00171902 -0.000969599 -0.00171379 -0.00231614 -0.00172602 -0.00020655 -0.00147902 -0.00159583 -0.00149033 -0.00155368 -0.00221221 -0.00109008 -0.000907991 -0.00176412 -0.0019906 -0.00132071 -0.00142523 -0.00155527 -0.00189298 -0.00120305 -0.000936593 -0.00163692 -0.00176717 -0.00238689 -0.00111165 -0.00280791 -0.00161619 -0.00186978 -0.00198624 -0.00157249 -0.00150228 -0.00180166 -0.00192361 -0.0010597 -0.00103689 -0.00104012 -0.00100277 -0.00143296 -0.00123625 -0.000361512 -0.00200732 -0.000923566 -0.000777265 -0.00137568 -0.00225358 -0.0015118 -0.00191935 -0.00132939 -0.000858519 -0.00199783 -0.00158597 -0.001683 -0.00175619 -0.00109542 -0.00120046 -0.00203738 -0.00169987 -0.00156502 -0.0022995 -0.00172569 -0.00137971 -0.00175036 -0.00169721 -0.00151896 -0.00152355 -0.00150838 -0.00131456 -0.00146121 -0.00198047 
-0.00173258 -0.00190557 -0.00220433 -0.00153867 -0.00122616 0.00282186 0.00183085 0.00200913 0.000859233 0.00408922 0.136923 0.00281594 0.00220341 0.00296496 0.00281102 0.00365334 -0.000628271 -0.00147142 -0.00124781 -0.00196908 -0.00152944 -0.00173654 -0.00243806 -0.00268744 -0.00210073 -0.00340098 -0.00219929 -0.00159711 -0.0023717 -0.00212343 -0.00205837 -0.00156332 -0.00223815 -0.00176103 -0.00230623 -0.00209707 -0.00237133 -0.00335974 -0.00167146 -0.00290618 -0.00145136 -0.00186769 -0.00193108 -0.00171516 -0.0014041 -0.00118165 -0.00186355 -0.00228425 -0.002318 -0.0013215 -0.00222668 -0.00176175 -0.00146407 -0.00222846 -0.00130923 -0.00150911 -0.00164749 -0.00169594 -0.00141886 -0.00227327 -0.00201574 -0.00164253 -0.00142676 -0.00223345 -0.00184264 -0.00137089 -0.00175656 -0.00131652 -0.000924249 -0.00168755 -0.00129872 -0.00230534 -0.00112177 -0.00172628 -0.00144324 -0.00175623 -0.000797406 -0.00208964 -0.00114274 -0.00131911 -0.00190218 -0.00142512 -0.00199737 -0.00232494 -0.00213079 -0.00108914 -0.00191582 -0.00206407 -0.00138923 -0.00233554 -0.00138043 -0.00165501 -0.00189979 -0.00211432 -0.00257783 -0.00216715 -0.00210325 -0.00236741 -0.00190997 -0.00170065 
-0.00153492 -0.00182873 -0.00127655 -0.0013653 -0.000899407 -0.00129047 0.00150899 0.00224317 0.0023623 0.0029101 0.00281594 0.133623 0.00216771 0.00197079 0.00230617 0.00256812 0.00165985 -0.00245374 -0.00226237 -0.00227412 -0.0020299 -0.00348366 -0.00254609 -0.00236655 -0.0030819 -0.00292318 -0.00245275 -0.00079235 -0.00214826 -0.00272128 -0.00199024 -0.00196153 -0.00201043 -0.00214894 -0.00157872 -0.00163605 -0.00148388 -0.00218693 -0.00149793 -0.00220102 -0.00181328 -0.00185007 -0.00254964 -0.00123679 -0.00159765 -0.001871 -0.0022538 -0.000726049 -0.00216323 -0.00120944 -0.00249893 -0.00203805 -0.00163537 -0.00132775 -0.00148998 -0.00141033 -0.00124269 -0.00182655 -0.00168053 -0.00166436 -0.00123031 -0.0021786 -0.00115262 -0.00256661 -0.00178326 -0.000988137 -0.00230943 -0.00220726 -0.00147226 -0.00158633 -0.00141332 -0.0017655 -0.00184412 -0.00178847 -0.00169759 -0.00181176 -0.00122305 -0.0018765 -0.00202378 -0.00112436 -0.000612295 -0.0015059 -0.00152309 -0.00199439 -0.0014206 -0.00113992 -0.00114909 -0.00118612 -0.00198073 -0.00130673 -0.00137302 -0.000729963 -0.000954788 -0.00133686 -0.00227333 -0.00191047 -0.00200691 -0.00153706 -0.00157038 -0.00206892 
-0.000755977 -0.00210815 -0.00159831 -0.00151225 -0.00129595 -0.00110627 -0.00231617 0.00179437 0.0023162 0.00207625 0.00220341 0.00216771 0.13041 0.00279266 0.00292041 0.00212851 0.00165362 -0.00244151 -0.00115587 -0.00159976 -0.00165404 -0.00248631 -0.00229835 -0.00106311 -0.00266971 -0.00195982 -0.00223867 -0.0020948 -0.0013039 -0.00173871 -0.00172132 -0.00190615 -0.00203435 -0.00231681 -0.0031208 -0.00242866 -0.00123139 -0.000934785 -0.00153742 -0.0020563 -0.00168184 -0.00176359 -0.0020803 -0.000977271 -0.00222146 -0.000938516 -0.00119616 -0.00128801 -0.00133712 -0.00136517 -0.00219509 -0.00241511 -0.00132484 -0.00216445 -0.00179676 -0.00177987 -0.00116284 -0.0018052 -0.00103327 -0.00186716 -0.00113741 -0.0012482 -0.000934993 -0.00121551 -0.00121629 -0.00101353 -0.00131649 -0.00205339 -0.00176505 -0.00114997 -0.00166053 -0.00163456 -0.00173416 -0.00214915 -0.00108357 -0.00279372 -0.0022459 -0.00209405 -0.00105865 -0.00123451 -0.00171511 -0.00175663 -0.00188099 -0.00128078 -0.00163384 -0.00148104 -0.00203816 -0.00111643 -0.00257474 -0.00225279 -0.00210673 0.000122451 -0.00139253 -0.00156686 -0.00185297 -0.0019185 -0.00155359 -0.0016902 -0.00144573 -0.00150884 
-0.00165028 -0.00198334 -0.000755723 -0.00129777 -0.00122915 -0.00152894 -0.00172378 -0.00169314 0.00199186 0.00207605 0.00296496 0.00197079 0.00279266 0.142078 0.00343143 0.00258118 0.00203384 0.00231649 0.00375017 -0.000604023 -0.00163475 -0.0018509 -0.00133167 -0.00235985 -0.00247551 -0.00208857 -0.00191615 -0.00223831 -0.0015802 -0.00205005 -0.00143041 -0.00202656 -0.00211052 -0.00220875 -0.00214133 -0.00149691 -0.00144623 -0.00193034 -0.00229942 -0.00187399 -0.00211117 -0.00243933 -0.00361512 -0.00187426 -0.00270868 -0.00198184 -0.00210793 -0.00221726 -0.00244448 -0.00157025 -0.00194853 -0.00212277 -0.00129193 -0.00183137 -0.00138938 -0.00189731 -0.00219986 -0.00260565 -0.00179401 -0.00195881 -0.00250926 -0.00177304 -0.0019815 -0.0020277 -0.00154154 -0.00215134 -0.00227796 -0.00216521 -0.00238703 -0.00145192 -0.00125975 -0.00120286 -0.00164425 -0.00185818 -0.00179858 -0.00110886 -0.00210853 -0.00186255 -0.00149356 -0.00219373 -0.00180767 -0.00210409 -0.00172917 -0.00183259 -0.00209875 -0.00277504 -0.00172358 -0.00184309 -0.00228284 -0.00251052 -0.00207737 -0.00137371 -0.00255137 -0.00185036 -0.00147046 -0.00150271 -0.00205467 -0.00171166 -0.00119561 -0.0016287 
-0.00216485 -0.00247864 -0.00206467 -0.00190924 -0.0019581 -0.00194916 -0.00127458 -0.0024433 -0.00164606 -0.00152461 0.00281102 0.00230617 0.00292041 0.00343143 0.134654 0.00316638 0.00278351 0.00184894 0.00373317 0.00209273 -0.00126788 -0.00192049 -0.00246906 -0.0018161 -0.0021176 -0.00198602 -0.00159771 -0.00122789 -0.00231927 -0.00155914 -0.0015403 -0.00159037 -0.00233776 -0.00166699 -0.00224863 -0.00231107 -0.0030088 -0.00205306 -0.00197254 -0.0023308 -0.00185682 -0.00182604 -0.00218836 -0.00129921 -0.00156181 -0.00210397 -0.00150868 -0.00201905 -0.00187773 -0.00152209 -0.00196383 -0.00170565 -0.00164152 -0.00219895 -0.00152532 -0.00212775 -0.00155084 -0.0017505 -0.00132825 -0.00144175 -0.00130082 -0.00172207 -0.00153643 -0.00151094 -0.00189261 -0.00130172 -0.00144071 -0.00173853 -0.000951779 -0.000916294 -0.0014647 -0.00226165 -0.00114074 -0.0018534 -0.00192063 -0.00121049 -0.00207826 -0.00186629 -0.00142587 -0.000839665 -0.00151622 -0.00117034 -0.00150984 -0.00209875 -0.00234545 -0.00267132 -0.00136647 -0.00196958 -0.00156311 -0.00164168 -0.00155473 -0.000663813 -0.00224254 -0.00161997 -0.00213632 -0.00139227 -0.00109359 -0.00232949 -0.00247549 -0.00226011 
-0.00200221 -0.00220268 -0.00204681 -0.000836781 -0.00153667 -0.00157076 -0.00168101 -0.000912074 -0.00197464 -0.00185518 0.00365334 0.00256812 0.00212851 0.00258118 0.00316638 0.143082 0.00295213 0.00250596 0.00299473 0.00239328 -0.00166225 -0.00132402 -0.00131297 -0.00124862 -0.00144815 -0.00202759 -0.00154427 -0.000859333 -0.00257179 -0.00189885 -0.00313674 -0.0023487 -0.00266302 -0.00236778 -0.0027461 -0.00272953 -0.00244032 -0.00269497 -0.00185454 -0.0022975 -0.00175759 -0.00119404 -0.0028808 -0.0019941 -0.00226499 -0.00231123 -0.00269694 -0.00159718 -0.00196994 -0.00202765 -0.00285426 -0.00177012 -0.00142331 -0.00194772 -0.00252623 -0.00202049 -0.00104056 -0.00177632 -0.000505618 -0.0016186 -0.00295945 -0.00156122 -0.00163835 -0.00118369 -0.00277076 -0.00113984 -0.00255441 -0.00279237 -0.00158712 -0.00205942 -0.00215742 -0.00167547 -0.00122357 -0.00245772 -0.00151441 -0.00196597 -0.00215456 -0.00143876 -0.000920107 -0.00251781 -0.00253388 -0.00105278 -0.0019356 -0.00196399 -0.00245371 -0.00157745 -0.0012841 -0.00106878 -0.000921926 -0.000940809 -0.00203369 -0.00106846 -0.00183147 -0.00137141 -0.00261726 -0.00180707 -0.00187822 -0.00174504 -0.00181311 -0.00188137 
-0.00213406 -0.00151856 -0.00259504 -0.00189672 -0.0017281 -0.00117002 -0.00109876 -0.00220042 -0.00111 -0.00179446 -0.000628271 0.00165985 0.00165362 0.00203384 0.00278351 0.00295213 0.143411 0.00293995 0.00261366 0.00291826 0.00311306 0.00200698 -0.00167436 -0.00183323 -0.00205339 -0.00185316 -0.00158091 -0.0021996 -0.00277717 -0.00203602 -0.00121104 -0.00236836 -0.00293611 -0.00213979 -0.0025642 -0.00185272 -0.00193766 -0.00160006 -0.00258517 -0.00220562 -0.00129089 -0.0016502 -0.00204224 -0.00102072 -0.00211358 -0.00281107 -0.00201839 -0.00230398 -0.000907483 -0.00216399 -0.00186442 -0.0014 -0.00155591 -0.00121536 -0.00183588 -0.00210217 -0.00246567 -0.00164359 -0.00234498 -0.00227551 -0.00199375 -0.00214752 -0.0016909 -0.00190553 -0.0021535 -0.00244189 -0.00212693 -0.00241235 -0.00135434 -0.00215003 -0.00205187 -0.00240901 -0.0016318 -0.00186799 -0.00137118 -0.00171407 -0.00118993 -0.00170406 -0.00342892 -0.00199021 -0.00217651 -0.00129193 -0.00119849 -0.00192937 -0.00148455 -0.00184027 -0.0022918 -0.00239229 -0.0020819 -0.00214333 -0.00131646 -0.0025398 -0.00229947 -0.00221487 -0.00174293 -0.00199649 -0.000827431 -0.000981939 -0.00187843 -0.00141291 
-0.00114777 -0.000563935 -0.00261751 -0.00201863 -0.00180969 -0.00206192 -0.00215587 -0.00222936 -0.00173786 -0.0015307 -0.00147142 -0.00245374 -0.00244151 0.00231649 0.00184894 0.00250596 0.00293995 0.144318 0.00285768 0.00298328 0.00248959 0.0025453 0.00283625 -0.00198536 -0.00203892 -0.00239846 -0.00207686 -0.00324127 -0.00162069 -0.0023701 -0.00174501 -0.00233985 -0.00143356 -0.0031911 -0.00222289 -0.00200425 -0.00166226 -0.00226363 -0.00167608 -0.00252072 -0.00216005 -0.00195535 -0.00163194 -0.00228782 -0.00180282 -0.00292227 -0.00154565 -0.0023274 -0.00189507 -0.00236394 -0.00184252 -0.00120673 -0.00087201 -0.00137075 -0.00156672 -0.0024054 -0.00270004 -0.00241642 -0.00151453 -0.00144173 -0.0013347 -0.00176334 -0.00173316 -0.00212868 -0.000627986 -0.000716566 -0.00186062 -0.00156514 -0.00105499 -0.00217696 -0.00179383 -0.00173443 -0.00240986 -0.00201475 -0.000797845 -0.00193934 -0.00132478 -0.00148309 -0.00233168 -0.0022924 -0.00197234 -0.00155094 -0.00356882 -0.00149586 -0.00203206 -0.000957538 -0.00156092 -0.000709901 -0.00165968 -0.00228641 -0.00250349 -0.00102299 -0.00224761 -0.00218501 -0.00178322 -0.00165985 -0.00134441 -0.0015246 -0.0014315 -0.00180033 
-0.00266999 -0.00302854 -0.00214947 -0.0013894 -0.00285478 -0.00230059 -0.00229561 -0.00129882 -0.0017663 -0.001245 -0.00124781 -0.00226237 -0.00115587 0.00375017 0.00373317 0.00299473 0.00261366 0.00285768 0.148353 0.00342555 0.00262592 0.0016528 0.00354727 -0.00111975 -0.000665436 -0.00261262 -0.0012237 -0.0028146 -0.0026015 -0.00162487 -0.00134521 -0.00231101 -0.00163808 -0.00262944 -0.00208175 -0.00250836 -0.00262999 -0.00192491 -0.00215549 -0.00306405 -0.00191131 -0.00306236 -0.00341889 -0.00198626 -0.00246562 -0.0024909 -0.00175103 -0.00252083 -0.00205486 -0.00250562 -0.00120837 -0.000760672 -0.00220936 -0.000903536 -0.00284441 -0.00222796 -0.00225487 -0.00220503 -0.00202483 -0.00269171 -0.0012585 -0.00126599 -0.00110442 -0.00240025 -0.00170534 -0.00123507 -0.00132383 -0.00182596 -0.00152151 -0.00117009 -0.00206373 -0.00122674 -0.00153475 -0.00152108 -0.00119715 -0.00111983 -0.00155429 -0.00119434 -0.00157408 -0.00198321 -0.00183178 -0.00155572 -0.00264586 -0.00234914 -0.00213053 -0.00174526 -0.00270017 -0.00132114 -0.0023499 -0.00213598 -0.00152746 -0.00232562 -0.00305636 -0.00135412 -0.00204515 -0.00286203 -0.00147455 -0.00282666 -0.00144075 -0.00198176 
-0.00284125 -0.00200448 -0.00228097 -0.0020427 -0.00164567 -0.00265298 -0.0028012 -0.00232959 -0.00237177 -0.00102576 -0.00196908 -0.00227412 -0.00159976 -0.000604023 0.00209273 0.00239328 0.00291826 0.00298328 0.00342555 0.149699 0.0034283 0.00364304 0.0030173 0.00337906 0.00260762 -0.00228843 -0.00248965 -0.00305836 -0.00182299 -0.00261897 -0.00274274 -0.00255647 -0.00201352 -0.0021565 -0.0018236 -0.00186103 -0.00239651 -0.00199197 -0.00210172 -0.00242993 -0.00226928 -0.00164422 -0.00199495 -0.00169083 -0.00290954 -0.00211328 -0.00226317 -0.00316737 -0.00216879 -0.00216961 -0.00242855 -0.00131235 -0.00140634 -0.00135012 -0.00231786 -0.00208847 -0.00178846 -0.00158353 -0.00180026 -0.00197344 -0.00208477 -0.00157942 -0.00199493 -0.00214157 -0.00177229 -0.00185487 -0.0017689 -0.00185611 -0.00174375 -0.00170919 -0.00206681 -0.0022021 -0.00193586 -0.00177397 -0.00178913 -0.00159286 -0.00169673 -0.00268373 -0.0021095 -0.00181959 -0.00307929 -0.00158747 -0.00164787 -0.00258282 -0.00229493 -0.00135204 -0.00164063 -0.00186963 -0.00170056 -0.00238728 -0.00220594 -0.00149229 -0.00139747 -0.00272629 -0.00184317 -0.00116122 -0.00179278 -0.00194242 -0.00150288 -0.0019687 
-0.00210213 -0.00138983 -0.0015227 -0.00210154 -0.00273259 -0.00232276 -0.00226265 -0.00260568 -0.00209298 -0.00231646 -0.00152944 -0.0020299 -0.00165404 -0.00163475 -0.00126788 -0.00166225 0.00311306 0.00248959 0.00262592 0.0034283 0.142514 0.0030931 0.00296303 0.0033975 0.00255023 0.0022946 -0.00111777 -0.00243894 -0.00100678 -0.000898122 -0.00234131 -0.00231017 -0.00255724 -0.001845 -0.0017557 -0.00201984 -0.00307847 -0.00271875 -0.00218715 -0.00250052 -0.00222304 -0.00289468 -0.00258874 -0.00161594 -0.0017349 -0.00263513 -0.0024383 -0.00190399 -0.00155533 -0.00159148 -0.00105246 -0.00170594 -0.00154095 -0.00190149 -0.00136264 -0.0021959 -0.00221072 -0.00212104 -0.00172747 -0.00296369 -0.00159084 -0.00151847 -0.00231289 -0.00259007 -0.00156577 -0.00217955 -0.00194074 -0.00194898 -0.0010044 -0.00128124 -0.00199286 -0.00134175 -0.00258052 -0.00238501 -0.00194739 -0.00113257 -0.00122607 -0.00162344 -0.0017313 -0.000947171 -0.00236892 -0.00167075 -0.00144407 -0.00155754 -0.00143497 -0.00163236 -0.00112849 -0.00167766 -0.00161531 -0.00179642 -0.00185955 -0.00156037 -0.00195268 -0.0012927 -0.00121022 -0.00162888 -0.00173976 -0.00243022 -0.00103064 -0.00262958 
-0.00195706 -0.00197238 -0.00212704 -0.00237877 -0.0018194 -0.00161569 -0.00215902 -0.00152197 -0.00185713 -0.00150511 -0.00173654 -0.00348366 -0.00248631 -0.0018509 -0.00192049 -0.00132402 0.00200698 0.0025453 0.0016528 0.00364304 0.0030931 0.15235 0.00353686 0.00332806 0.00344915 0.00256834 -0.000832704 -0.00191277 -0.00169777 -0.00233697 -0.00265838 -0.00198865 -0.00214307 -0.0013061 -0.00229044 -0.0021266 -0.0024198 -0.00159643 -0.00235973 -0.00252397 -0.00200942 -0.00257963 -0.0031584 -0.00193689 -0.0030173 -0.00286973 -0.00297005 -0.00185367 -0.00177624 -0.00148675 -0.00137989 -0.00137684 -0.00194953 -0.00243949 -0.00168866 -0.00246033 -0.00322172 -0.00256718 -0.0017362 -0.00116937 -0.00142509 -0.00279837 -0.00162597 -0.00208882 -0.00239704 -0.00214038 -0.00205437 -0.00290548 -0.00102685 -0.00195889 -0.00219524 -0.00268881 -0.00215386 -0.0022621 -0.00261129 -0.00124202 -0.00240749 -0.00171698 -0.00239748 -0.00157699 -0.00139293 -0.00181902 -0.00206287 -0.0023833 -0.00142065 -0.000923351 -0.0023016 -0.000899232 -0.00121191 -0.00176106 -0.00164683 -0.00161426 -0.00244688 -0.00106108 -0.00103087 -0.00265435 -0.000280647 -0.00199295 -0.00228915 -0.00175092 
-0.00249756 -0.00290131 -0.00174231 -0.00223575 -0.00220416 -0.00210114 -0.00227909 -0.000533913 -0.0027688 -0.00306742 -0.00243806 -0.00254609 -0.00229835 -0.00133167 -0.00246906 -0.00131297 -0.00167436 0.00283625 0.00354727 0.0030173 0.00296303 0.00353686 0.150546 0.00375332 0.00255668 0.00256676 0.00302358 -0.00188623 -0.000622912 -0.00220101 -0.00176781 -0.00161232 -0.00226567 -0.00215006 -0.00281297 -0.00219266 -0.00282487 -0.00272217 -0.00194381 -0.00194809 -0.00139517 -0.00142336 -0.00261253 -0.00136476 -0.00199398 -0.0016131 -0.00235585 -0.00225878 -0.0031178 -0.00262756 -0.00207702 -0.0021158 -0.00206812 -0.00199537 -0.00219007 -0.00164808 -0.00180173 -0.00163805 -0.00138496 -0.00258177 -0.00170359 -0.00239755 -0.00148343 -0.00207862 -0.00284746 -0.0017067 -0.00230699 -0.00180169 -0.00264489 -0.00304874 -0.00213433 -0.00148808 -0.00165385 -0.00143597 -0.00145809 -0.00160676 -0.00131276 -0.00139441 -0.00273645 -0.0021398 -0.00260778 -0.00177688 -0.00192984 -0.00190918 -0.00187357 -0.00134994 -0.00176215 -0.00187629 -0.00146596 -0.00235052 -0.00224143 -0.0015104 -0.001675 -0.00192144 -0.00114203 -0.00190631 -0.00147065 -0.00162618 -0.000776978 -0.0021775 
-0.00268696 -0.00260334 -0.0027495 -0.00183485 -0.00236513 -0.0019489 -0.00266588 -0.00178065 -0.00165796 -0.00206348 -0.00268744 -0.00236655 -0.00106311 -0.00235985 -0.0018161 -0.00124862 -0.00183323 -0.00198536 -0.00111975 0.00337906 0.0033975 0.00332806 0.00375332 0.141214 0.00422592 0.00330408 0.00260719 0.0022871 -0.000741149 -0.00178364 -0.00139441 -0.00135875 -0.0027207 -0.00287478 -0.00214753 -0.00205432 -0.00262531 -0.00231839 -0.00166574 -0.00226326 -0.00196083 -0.00218481 -0.00189043 -0.00243443 -0.00337756 -0.0021142 -0.00283204 -0.00163034 -0.00103375 -0.00183938 -0.00228243 -0.000940754 -0.00237595 -0.00176103 -0.000661257 -0.00182903 -0.00194109 -0.0024111 -0.00199334 -0.00176339 -0.00211873 -0.00214312 -0.00105267 -0.00118709 -0.00273503 -0.00217183 -0.00165568 -0.00106254 -0.00201827 -0.000793916 -0.0013998 -0.0028272 -0.00138686 -0.00216791 -0.00243859 -0.00159537 -0.00173264 -0.00260793 -0.00140088 -0.00191663 -0.00180954 -0.00170879 -0.000380678 -0.00184048 -0.000755932 -0.00166082 -0.00157378 -0.000960009 -0.000756927 -0.00117294 -0.000894344 -0.00116002 -0.00209611 -0.00115193 -0.00107414 -0.0017235 -0.00199896 -0.00214947 -0.00217044 -0.00200334 
-0.00172882 -0.00280006 -0.00167182 -0.00235012 -0.00218539 -0.00179063 -0.0020181 -0.00116012 -0.00215454 -0.00184825 -0.00210073 -0.0030819 -0.00266971 -0.00247551 -0.0021176 -0.00144815 -0.00205339 -0.00203892 -0.000665436 0.00260762 0.00255023 0.00344915 0.00255668 0.00422592 0.146776 0.0038305 0.00200137 0.0015258 0.00244617 0.00183911 -0.00256812 -0.00223884 -0.00183978 -0.001965 -0.00236109 -0.00252482 -0.00317388 -0.00251703 -0.00173229 -0.000693704 -0.00156114 -0.00291849 -0.00262947 -0.0016158 -0.00172308 -0.00266712 -0.00183379 -0.00192183 -0.00272639 -0.00134138 -0.00183255 -0.00242116 -0.00201189 -0.00250733 -0.00147351 -0.00200742 -0.00163081 -0.00268682 -0.00195223 -0.00203901 -0.00193094 -0.00128988 -0.00279706 -0.00208288 -0.00266 -0.00143749 -0.00140182 -0.00123357 -0.00214514 -0.00156237 -0.00114342 -0.00210002 -0.00176048 -0.00226178 -0.00159647 -0.00183504 -0.00152558 -0.00217751 -0.00116583 -0.00191648 -0.00116724 -0.0013714 -0.00211041 -0.00260996 -0.00172757 -0.00217113 -0.00261588 -0.00212038 -0.00199991 -0.00264694 -0.00214989 -0.0010782 -0.0012409 -0.00152429 -0.00156585 -0.00209793 -0.00217128 -0.000806945 -0.000920505 -0.00221328 
-0.00187046 -0.00181389 -0.00226539 -0.0016499 -0.00236909 -0.00199543 -0.00184762 -0.00166467 -0.00246327 -0.00222239 -0.00340098 -0.00292318 -0.00195982 -0.00208857 -0.00198602 -0.00202759 -0.00185316 -0.00239846 -0.00261262 -0.00228843 0.0022946 0.00256834 0.00256676 0.00330408 0.0038305 0.149219 0.00258965 0.00275814 0.00157197 0.00216994 0.00236587 -0.00200652 -0.00196968 -0.00236382 -0.00204917 -0.0024621 -0.002184 -0.00179153 -0.000889441 -0.00162612 -0.00214438 -0.00207546 -0.00274151 -0.00151406 -0.00306802 -0.00257837 -0.00157654 -0.00117411 -0.00121065 -0.00206816 -0.0017213 -0.00120469 -0.0019314 -0.00217305 -0.00157304 -0.002579 -0.00189138 -0.0016569 -0.00220011 -0.0019401 -0.001761 -0.00162226 -0.0028365 -0.00175922 -0.00269746 -0.0028599 -0.00173613 -0.00115834 -0.00196783 -0.00304144 -0.00179256 -0.000938121 -0.000581019 -0.00289711 -0.0016642 -0.00155523 -0.00223851 -0.00169041 -0.00179963 -0.00148842 -0.00164842 -0.00237878 -0.00102965 -0.0018458 -0.00226214 -0.00232443 -0.00153548 -0.00205041 -0.00201217 -0.00136758 -0.00235414 -0.000900146 -0.00204296 -0.00152652 -0.00226763 -0.00117607 -0.00224178 -0.00176996 -0.00243282 -0.00192081 
-0.00183106 -0.00160214 -0.00199941 -0.00184865 -0.00136266 -0.00134239 -0.00229357 -0.00238407 -0.00218364 -0.00214226 -0.00219929 -0.00245275 -0.00223867 -0.00191615 -0.00159771 -0.00154427 -0.00158091 -0.00207686 -0.0012237 -0.00248965 -0.00111777 -0.000832704 0.00302358 0.00260719 0.00200137 0.00258965 0.136209 0.00243262 0.00207151 0.0028397 0.00252928 0.00151119 -0.000984714 -0.00137234 -0.00138029 -0.00143263 -0.00168886 -0.00168231 -0.00191565 -0.00169631 -0.0021138 -0.00173785 -0.00208835 -0.00164798 -0.00218269 -0.00190879 -0.00186937 -0.00191846 -0.00250472 -0.00154747 -0.0020498 -0.00171786 -0.00156034 -0.00174811 -0.00162648 -0.00202931 -0.00157528 -0.00128742 -0.00139264 -0.00125617 -0.00126915 -0.00234073 -0.00201567 -0.00224701 -0.00183108 -0.00117888 -0.00110501 -0.00168982 -0.00237035 -0.00114048 -0.00118943 -0.00167789 -0.00215616 -0.00159812 -0.00105837 -0.00143488 -0.00203056 -0.00279628 -0.00178468 -0.00227465 -0.00108662 -0.00185037 -0.00146221 -0.00204503 -0.00191492 -0.00213155 -0.00244767 -0.00119091 -0.00176754 -0.00158005 -0.00188532 -0.00151998 -0.00174482 -0.00167919 -0.00117365 -0.00228106 -0.00171058 -0.00187343 -0.00130749 -0.0017975 
-0.00246725 -0.00173825 -0.00151247 -0.000861661 -0.0023088 -0.00245564 -0.00217065 -0.00217858 -0.00210749 -0.00154205 -0.00159711 -0.00079235 -0.0020948 -0.00223831 -0.00122789 -0.000859333 -0.0021996 -0.00324127 -0.0028146 -0.00305836 -0.00243894 -0.00191277 -0.00188623 0.0022871 0.0015258 0.00275814 0.00243262 0.136962 0.00224288 0.0024137 0.00189102 0.00302657 0.00201336 -0.00205768 -0.00148817 -0.000988955 -0.00195309 -0.00217031 -0.00175634 -0.00210533 -0.00163334 -0.00173931 -0.0012941 -0.00178514 -0.00248985 -0.0017434 -0.00209076 -0.00131733 -0.00209822 -0.00125773 -0.00171919 -0.00223411 -0.00129415 -0.0015295 -0.00256462 -0.00190207 -0.000943714 -0.00154741 -0.00122932 -0.00239615 -0.000815362 -0.00100393 -0.00153012 -0.00207553 -0.00208312 -0.00075079 -0.00141879 -0.00166884 -0.00180001 -0.00228121 -0.00209352 -0.00154647 -0.00132031 -0.00158229 -0.00240576 -0.00119829 -0.0016036 -0.0012464 -0.00089242 -0.00154548 -0.00166306 -0.00119634 -0.00142719 -0.00263439 -0.00201102 -0.00150892 -0.00205709 -0.00175708 -0.0017568 -0.00155921 -0.00182496 -0.00175356 -0.00271063 -0.00247774 -0.00104095 -0.00122913 -0.00151279 -0.00119481 -0.00113805 -0.00120329 
-0.00134663 -0.0025388 -0.00169743 -0.00250671 -0.00169527 -0.0021868 -0.00229307 -0.00107885 -0.00165741 -0.00143179 -0.0023717 -0.00214826 -0.0013039 -0.0015802 -0.00231927 -0.00257179 -0.00277717 -0.00162069 -0.0026015 -0.00182299 -0.00100678 -0.00169777 -0.000622912 -0.000741149 0.00244617 0.00157197 0.00207151 0.00224288 0.136433 0.00265753 0.0030139 0.00207621 0.0018891 0.00231368 -0.00171672 -0.00143559 -0.000734597 -0.00177546 -0.00091611 -0.00225387 -0.00218252 -0.00216083 -0.00228087 -0.00269752 -0.00239105 -0.00211423 -0.00196268 -0.00154137 -0.00166934 -0.00193111 -0.000889423 -0.000312964 -0.000862041 -0.000611896 -0.00123774 -0.00154917 -0.000657673 -0.00145126 -0.00166187 -0.00157466 -0.0017994 -0.00151326 -0.0018628 -0.00207799 -0.00159508 -0.00190496 -0.00186792 -0.000767234 -0.00135714 -0.00218593 -0.00206872 -0.00166883 -0.00155852 -0.00260151 -0.00151554 -0.0019382 -0.00173993 -0.00196739 -0.00165779 -0.00182739 -0.0012511 -0.00225978 -0.00209769 -0.00203987 -0.00163807 -0.00199768 -0.00190828 -0.00182653 -0.00221034 -0.00160925 -0.00124748 -0.00218705 -0.00148153 -0.00136378 -0.00177735 -0.00261894 -0.00206019 -0.00125764 -0.00180785 -0.00240828 
-0.00168844 -0.00185337 -0.00212705 -0.00247145 -0.0014079 -0.00273389 -0.00220977 -0.00136253 -0.00177883 -0.00232772 -0.00212343 -0.00272128 -0.00173871 -0.00205005 -0.00155914 -0.00189885 -0.00203602 -0.0023701 -0.00162487 -0.00261897 -0.000898122 -0.00233697 -0.00220101 -0.00178364 0.00183911 0.00216994 0.0028397 0.0024137 0.00265753 0.134126 0.0026243 0.0022599 0.0031851 0.00193692 -0.00105525 -0.000783196 -0.0013456 -0.00137718 -0.00170062 -0.00222011 -0.00142333 -0.00170272 -0.00194369 -0.00222479 -0.0016424 -0.00224782 -0.00126646 -0.00208614 -0.00131099 -0.0021445 -0.00217596 -0.0018172 -0.000808865 -0.00193993 -0.00189985 -0.00182357 -0.00167541 -0.00237881 -0.0021944 -0.00253696 -0.00112034 -0.00143861 -0.0010605 -0.00219378 -0.000909685 -0.00109061 -0.00214772 -0.00172634 -0.00190933 -0.00200688 -0.00151257 -0.00138244 -0.00137849 -0.00238638 -0.00149844 -0.0017634 -0.000731142 -0.00275313 -0.00115153 -0.00191535 -0.00163384 -0.00192236 -0.00110164 -0.00162775 -0.00125674 -0.00147983 -0.00206968 -0.00135769 -0.00138681 -0.00163134 -0.00242243 -0.000743229 -0.00160729 -0.00137901 -0.00157772 -0.00174497 -0.000506496 -0.00175248 -0.00180105 -0.00132574 
-0.000891236 -0.00176939 -0.00128686 -0.00108772 -0.00176229 -0.00218826 -0.00229068 -0.00260329 -0.0016086 -0.00236005 -0.00205837 -0.00199024 -0.00172132 -0.00143041 -0.0015403 -0.00313674 -0.00121104 -0.00174501 -0.00134521 -0.00274274 -0.00234131 -0.00265838 -0.00176781 -0.00139441 -0.00256812 0.00236587 0.00252928 0.00189102 0.0030139 0.0026243 0.132887 0.00237054 0.00249019 0.00280045 0.0033838 0.00200781 -0.00101334 -0.000568094 -0.000875367 -0.00200986 -0.00162488 -0.00203986 -0.0018735 -0.00243251 -0.00258983 -0.00175708 -0.0015264 -0.00107299 -0.00141491 -0.00118999 -0.00199414 -0.00153776 -0.00100136 -0.001522 -0.002235 -0.00141998 -0.00260684 -0.000814262 -0.00171671 -0.00134305 -0.00168678 -0.00174531 -0.00211207 -0.00138522 -0.00124119 -0.00151905 -0.00207988 -0.00188927 -0.00162626 -0.00174547 -0.00217203 -0.00198095 -0.00189011 -0.00270706 -0.00160357 -0.0020293 -0.00179112 -0.00263487 -0.00202053 -0.00195551 -0.00178781 -0.00243771 -0.000720294 -0.00192337 -0.00226356 -0.0020421 -0.00121303 -0.00205479 -0.0014353 -0.0022436 -0.00242961 -0.00138 -0.00237994 -0.00167398 -0.00112345 -0.00201949 -0.0015331 -0.0017498 -0.000467848 -0.00199033 
-0.00191823 -0.00131829 -0.00133634 -0.000696895 -0.00166293 -0.0018168 -0.000846339 -0.00174162 -0.00159657 -0.00171902 -0.00156332 -0.00196153 -0.00190615 -0.00202656 -0.00159037 -0.0023487 -0.00236836 -0.00233985 -0.00231101 -0.00255647 -0.00231017 -0.00198865 -0.00161232 -0.00135875 -0.00223884 -0.00200652 0.00151119 0.00302657 0.00207621 0.0022599 0.00237054 0.122104 0.00235076 0.00222404 0.00174377 0.00225487 0.00204237 -0.001111 -0.00135031 -0.000695489 -0.0012064 -0.00175753 -0.00143201 -0.00252122 -0.00156124 -0.0016989 -0.00118037 -0.000776122 -0.00131144 -0.00127494 -0.00154062 -0.00154776 -0.000952153 -0.00191709 -0.00153755 -0.00214052 -0.00154934 -0.00157445 -0.00174402 -0.00129438 -0.0011201 -0.00106434 -0.00201436 -0.00200879 -0.0019466 -0.00198451 -0.00158671 -0.00165474 -0.00182123 -0.00257256 -0.00200059 -0.00235212 -0.00140499 -0.00137491 -0.00199966 -0.00157 -0.000702472 -0.00128139 -0.000910401 -0.00139433 -0.00093274 -0.00139897 -0.00194298 -0.00129455 -0.00144867 -0.00135891 -0.00144404 -0.00136255 -0.00209042 -0.00160661 -0.00086875 -0.00162265 -0.00167624 -0.00114696 -0.00154029 -0.00255382 -0.00160663 -0.00095254 -0.00203855 -0.00149703 
-0.00149228 -0.00214214 -0.000952273 -0.000369156 -0.0017127 -0.00158059 -0.00251071 -0.00169294 -0.000946928 -0.000969599 -0.00223815 -0.00201043 -0.00203435 -0.00211052 -0.00233776 -0.00266302 -0.00293611 -0.00143356 -0.00163808 -0.00201352 -0.00255724 -0.00214307 -0.00226567 -0.0027207 -0.00183978 -0.00196968 -0.000984714 0.00201336 0.0018891 0.0031851 0.00249019 0.00235076 0.134327 0.00361589 0.00216168 0.00234255 0.00206579 0.00246926 -0.000868518 -0.00159137 -0.00164058 -0.00218311 -0.00148943 -0.00264229 -0.00138292 -0.00212598 -0.00195017 -0.00158569 -0.00244112 -0.00220804 -0.00165733 -0.00228873 -0.0011782 -0.0014083 -0.00177453 -0.0014248 -0.0022249 -0.00277285 -0.00111268 -0.0016199 -0.0011121 -0.00161176 -0.00168631 -0.00173893 -0.00199988 -0.00165352 -0.0014562 -0.00206334 -0.00192424 -0.00143386 -0.00106361 -0.00123505 -0.00137541 -0.00122533 -0.00187586 -0.00165804 -0.0013919 -0.00218517 -0.00198053 -0.00157733 -0.00125808 -0.00217727 -0.00188086 -0.00146845 -0.00202585 -0.00153127 -0.00273777 -0.00131942 -0.00222623 -0.0024431 -0.0023698 -0.00210566 -0.00271083 -0.00186383 -0.00197996 -0.0011812 -0.00109579 -0.00124087 -0.00226883 -0.000940012 
