0.119966 0.00275758 0.00126394 0.0027141 0.00220569 0.00183641 -0.00124918 -0.00147328 -0.00146644 -0.00138657 -0.0015687 -0.00189871 -0.00191356 -0.00214787 -0.00207761 -0.00153002 -0.00165182 -0.00140737 -0.00194576 -0.000760994 -0.00120155 -0.00211087 -0.00186815 -0.00246544 -0.0013417 -0.00351757 -0.00203589 -0.00226204 -0.00139736 -0.00221854 -0.00131629 -0.0015812 -0.0019002 -0.000802071 -0.00184261 -0.00166445 -0.00148711 -0.00122936 -0.00164136 -0.00199381 -0.00118818 -0.00158508 -0.00105034 -0.0013477 -0.00200193 -0.00137078 -0.00189027 -0.00141477 -0.00155261 -0.00125914 -0.0010792 -0.00171063 -0.0017616 -0.00162285 -0.00165661 -0.00111357 -0.00132215 -0.00136237 -0.00248242 -0.000882807 -0.00150361 -0.00162862 -0.000774912 -0.00227238 -0.000805155 -0.00155383 -0.00153879 -0.00146198 -0.000767688 -0.00208 -0.00166615 -0.00178018 -0.00143206 -0.00162797 -0.00158024 -0.000980969 -0.00214785 -0.00167204 -0.00171496 -0.00104828 -0.000786889 -0.00165382 -0.00143376 -0.00198421 -0.00162503 -0.00146278 -0.00122039 -0.00080726 -0.00162978 -0.00149497 -0.000596653 -0.00098501 -0.00171261 -0.00159524 -0.00072317 -0.00127862 0.00149488 0.00222232 0.00218645 0.00239081 
0.00275758 0.127499 0.00292319 0.00211145 0.0018785 0.00249947 0.00185387 -0.00122378 -0.00135323 -0.00179561 -0.0010321 -0.00177937 -0.00225604 -0.0019129 -0.00182819 -0.00113071 -0.00226153 -0.00265373 -0.00150773 -0.00238909 -0.00238553 -0.00270353 -0.00243537 -0.00191956 -0.00224085 -0.00234397 -0.00195163 -0.00204755 -0.00168575 -0.00265792 -0.00256936 -0.00127985 -0.00146756 -0.00124239 -0.000441565 -0.0012834 -0.0013591 -0.00171107 -0.00102866 -0.00203236 -0.00141189 -0.00135297 -0.00192777 -0.00105724 -0.00191557 -0.00192896 -0.0013044 -0.00164815 -0.00163131 -0.00137386 -0.00122494 -0.00234396 -0.00123007 -0.00159891 -0.00210658 -0.00189662 -0.00167116 -0.00202776 -0.00140759 -0.000418609 -0.00102039 -0.00148408 -0.00190093 -0.00151157 -0.00103589 -0.00106641 -0.00189414 -0.00181656 -0.00124768 -0.002145 -0.00148515 -0.00178882 -0.00149664 -0.00216264 -0.00149017 -0.00125639 -0.00191159 -0.00188574 -0.00142081 -0.000890425 -0.00173654 -0.00315973 -0.0013299 -0.00128571 -0.00174498 -0.00159077 -0.00176665 -0.000286197 -0.00168388 -0.000758814 -0.00169492 -0.00169483 -0.00193665 -0.000746165 -0.00148287 -0.00122652 -0.000227935 0.00199672 0.00142878 0.00170443 
0.00126394 0.00292319 0.128447 0.0029738 0.00257416 0.00214074 0.00183112 0.00291372 -0.00120688 -0.0016809 -0.00111106 -0.00151853 -0.00197241 -0.00238998 -0.00120302 -0.00182653 -0.00229389 -0.00257728 -0.00175982 -0.0021723 -0.00283085 -0.00297239 -0.00276333 -0.00302581 -0.00226117 -0.00198099 -0.00168277 -0.000894133 -0.00194288 -0.00189265 -0.00106777 -0.00203731 -0.00147535 -0.00164022 -0.00175789 -0.00124068 -0.00172694 -0.00149 -0.00142526 -0.00230964 -0.00203137 -0.00138259 -0.000980028 -0.00101444 -0.00110164 -0.00153642 -0.00221481 -0.00187013 -0.000865863 -0.00191915 -0.0015312 -0.00114046 -0.000899426 -0.00108448 -0.00139604 -0.00174673 -0.00190125 -0.00126026 -0.00183201 -0.00170358 -0.00100798 -0.00182816 -0.00219601 -0.00215959 -0.00216354 -0.00198217 -0.002105 -0.00154018 -0.00124101 -0.00224354 -0.00204806 -0.00183842 -0.00202492 -0.00191488 -0.00179391 -0.00155478 -0.00197383 -0.0015124 -0.00101607 -0.00133964 -0.00185388 -0.00209831 -0.00110131 -0.00123807 -0.000650476 -0.00165216 -0.00182642 -0.00110798 -0.00154782 -0.00181309 -0.00190954 -0.000736093 -0.00143288 -0.00131074 -0.0010799 -0.000996753 -0.00137297 -0.000604955 0.00256463 0.0017275 
0.0027141 0.00211145 0.0029738 0.129046 0.00241738 0.00212304 0.00172652 0.0032194 0.00241818 -0.00152918 -0.00182823 -0.00195732 -0.00157643 -0.00161175 -0.00148934 -0.00115454 -0.00277599 -0.00245114 -0.00246343 -0.00196037 -0.00238352 -0.00227149 -0.00186566 -0.00249986 -0.0021663 -0.00273077 -0.00110725 -0.00209373 -0.00210722 -0.00159735 -0.00241599 -0.00145064 -0.00123404 -0.000637806 -0.00126647 -0.00261341 -0.0016403 -0.00163421 -0.0016984 -0.00183583 -0.00250905 -0.00190726 -0.00107916 -0.00217378 -0.00112271 -0.0011618 -0.00151662 -0.00191965 -0.00177109 -0.00176161 -0.00170675 -0.00226551 -0.00128706 -0.00110307 -0.00142891 -0.00126029 -0.00109239 -0.00211301 -0.00181785 -0.00152461 -0.00119947 -0.00181091 -0.00109752 -0.00188481 -0.00163045 -0.00113933 -0.00214272 -0.00181524 -0.00123726 -0.00146441 -0.00192496 -0.00179189 -0.0011209 -0.00135119 -0.00134177 -0.00153058 -0.000990452 -0.00204399 -0.00150804 -0.000645668 -0.00149211 -0.00210895 -0.00149597 -0.00196215 -0.0025163 -0.00179228 -0.0015061 -0.00182881 -0.00151778 -0.00199617 -0.00204576 -0.00152727 -0.00115037 -0.00138699 -0.00137646 -0.00135418 -0.00117149 -0.00145896 -0.00099558 0.0021756 
0.00220569 0.0018785 0.00257416 0.00241738 0.122133 0.00207683 0.00273697 0.00347849 0.00127912 0.00255086 -0.00143053 -0.00178937 -0.00227776 -0.00197019 -0.0012421 -0.0020838 -0.00240732 -0.00172681 -0.00253364 -0.0015377 -0.00210673 -0.00158379 -0.00252244 -0.00116032 -0.00129136 -0.00189819 -0.00209197 -0.00190417 -0.00217731 -0.00180177 -0.00236246 -0.00281953 -0.00152714 -0.00202899 -0.00165388 -0.00147958 -0.00109331 -0.00159545 -0.00154034 -0.00180262 -0.00128175 -0.00153394 -0.00192316 -0.00127715 -0.00136307 -0.00226001 -0.00157292 -0.00189188 -0.00191228 -0.000877896 -0.00115412 -0.00152705 -0.00144777 -0.00179335 -0.00185685 -0.00127761 -0.00106497 -0.00163579 -0.00178519 -0.00124861 -0.000531955 -0.0011579 -0.00129703 -0.0014267 -0.00168013 -0.000487232 -0.00183242 -0.00190126 -0.00156044 -0.00138108 -0.00121341 -0.001286 -0.00120428 -0.00187844 -0.00134665 -0.00132905 -0.000915696 -0.00157286 -0.00129826 -0.00154959 -0.00142762 -0.00232767 -0.00145473 -0.00149742 -0.00074879 -0.00162676 -0.00172811 -0.000503305 -0.00117253 -0.00147761 -0.0022523 -0.00207935 -0.00193003 -0.00217876 -0.00153953 -0.00189537 -0.00144176 -0.000445389 -0.00134181 -0.00128587 
0.00183641 0.00249947 0.00214074 0.00212304 0.00207683 0.131967 0.00303203 0.00244446 0.00263305 0.00153936 0.00203575 -0.000623371 -0.000944223 -0.00187561 -0.00233635 -0.00239962 -0.00145868 -0.00256578 -0.00291001 -0.001572 -0.00168674 -0.00123374 -0.00151204 -0.00323125 -0.00170512 -0.00197765 -0.00252273 -0.00134698 -0.00115569 -0.00151736 -0.00193269 -0.00217447 -0.00252863 -0.00184714 -0.00159117 -0.00193768 -0.00181527 -0.00233912 -0.00131927 -0.00170074 -0.00164079 -0.00102925 -0.00119756 -0.00195347 -0.00186218 -0.00178502 -0.00184568 -0.00165111 -0.00173877 -0.0023111 -0.00273803 -0.00200515 -0.00199144 -0.00199735 -0.0019129 -0.00178368 -0.00208457 -0.00110645 -0.00226854 -0.00163839 -0.00140282 -0.00207182 -0.00215187 -0.00185217 -0.00119551 -0.00103752 -0.00116374 -0.0011754 -0.00179018 -0.00177439 -0.000984836 -0.00225489 -0.00183104 -0.00253829 -0.00127185 -0.00103406 -0.00128947 -0.00186978 -0.00168239 -0.00166821 -0.00149068 -0.00123252 -0.00164589 -0.0022698 -0.00136243 -0.00184031 -0.00143802 -0.00143798 -0.00156417 -0.0019857 -0.00197085 -0.00180328 -0.00146059 -0.0024405 -0.00136472 -0.00175484 -0.00139068 -0.00155154 -0.00134874 -0.000631981 
-0.00124918 0.00185387 0.00183112 0.00172652 0.00273697 0.00303203 0.126016 0.00266878 0.00208199 0.0027647 0.00281508 0.00219138 -0.00114892 -0.00159297 -0.00123358 -0.00176798 -0.001654 -0.00253556 -0.00149213 -0.00200958 -0.00230614 -0.00237169 -0.00218249 -0.0025189 -0.00246415 -0.00223806 -0.00171322 -0.00138285 -0.00141184 -0.0020176 -0.00229541 -0.00214147 -0.00156985 -0.00184605 -0.00217432 -0.00254136 -0.00177703 -0.00191193 -0.00185937 -0.00185641 -0.00138372 -0.00141877 -0.00203695 -0.00173452 -0.000655419 -0.00160436 -0.00107443 -0.0019728 -0.00124033 -0.00142545 -0.0014705 -0.0015499 -0.00184227 -0.0025223 -0.00162667 -0.00203041 -0.00150353 -0.00172167 -0.00128796 -0.00188179 -0.00187922 -0.00118069 -0.00219542 -0.00206964 -0.00175832 -0.00277696 -0.00177427 -0.00197876 -0.00183997 -0.00188666 -0.00197394 -0.00143597 -0.00147986 -0.00171921 -0.00111397 -0.00120019 -0.00143158 -0.000347061 -0.00151271 -0.00135636 -0.00160847 -0.00173678 -0.000902822 -0.0027782 -0.0015578 -0.00134325 -0.00190943 -0.00174291 -0.00112859 -0.00185222 -0.0017621 -0.00109574 -0.001603 -0.000688995 -0.00240514 -0.00146001 -0.00130343 -0.00113007 -0.00125007 -0.0003007 
-0.00147328 -0.00122378 0.00291372 0.0032194 0.00347849 0.00244446 0.00266878 0.136446 0.00185067 0.00226076 0.00351718 0.00258147 0.0026569 -0.00156585 -0.000938547 -0.00161904 -0.00289262 -0.00156829 -0.00217631 -0.00163541 -0.00214073 -0.00179792 -0.00270264 -0.00171139 -0.00230785 -0.00327892 -0.00168282 -0.00227263 -0.00153533 -0.00282465 -0.00350725 -0.00252029 -0.00154499 -0.00136892 -0.00217418 -0.00253272 -0.00136141 -0.00243219 -0.000556204 -0.0014874 -0.00217242 -0.00139581 -0.00128794 -0.00172677 -0.00177604 -0.00173456 -0.00185939 -0.00161181 -0.00142554 -0.0023144 -0.00151696 -0.0021008 -0.00178879 -0.00153079 -0.000855638 -0.00123284 -0.00185943 -0.00235429 -0.00174897 -0.00141279 -0.00173609 -0.00109044 -0.00265615 -0.0025483 -0.00157947 -0.0021245 -0.00218973 -0.00181343 -0.00127953 -0.00142695 -0.00234093 -0.00239664 -0.00194397 -0.00225524 -0.000999809 -0.00222642 -0.00142881 -0.00155575 -0.00127285 -0.00149109 -0.00171236 -0.00147236 -0.0017457 -0.00186606 -0.00219804 -0.00211465 -0.00160637 -0.00204205 -0.00175173 -0.00178196 -0.00206596 -0.00239898 -0.00176602 -0.00227393 -0.00180448 -0.00181092 -0.00156842 -0.00255514 -0.00114389 -0.00146338 
-0.00146644 -0.00135323 -0.00120688 0.00241818 0.00127912 0.00263305 0.00208199 0.00185067 0.132767 0.00259558 0.00271312 0.00303096 0.00116747 0.00167458 -0.00108046 -0.00126462 -0.00255987 -0.00208251 -0.00233837 -0.00153445 -0.00196834 -0.00248519 -0.00204341 -0.00175737 -0.00218383 -0.00231466 -0.00134795 -0.000785865 -0.00140392 -0.00237736 -0.00217652 -0.00185215 -0.00283592 -0.00207449 -0.0021203 -0.00177667 -0.0016206 -0.00165511 -0.00193198 -0.00181374 -0.00175312 -0.00176784 -0.00130409 -0.00188922 -0.0015893 -0.00177162 -0.000870056 -0.00225431 -0.0016596 -0.00135423 -0.00178066 -0.00180346 -0.0014149 -0.00229707 -0.00188702 -0.00148035 -0.00140446 -0.0014452 -0.00182016 -0.00146516 -0.00174131 -0.00150434 -0.00221113 -0.00139176 -0.00209778 -0.00130127 -0.00180948 -0.00141028 -0.00143382 -0.0019457 -0.00117887 -0.00223537 -0.00182696 -0.00181372 -0.001388 -0.000964568 -0.00156136 -0.0022999 -0.00229103 -0.00185287 -0.00250005 -0.00194522 -0.00233722 -0.00176547 -0.00230465 -0.00160743 -0.00169179 -0.00143015 -0.00105301 -0.00115028 -0.00136116 -0.00223053 -0.000615199 -0.00173731 -0.00138683 -0.00226489 -0.00218885 -0.00143696 -0.00160562 -0.0009153 
-0.00138657 -0.00179561 -0.0016809 -0.00152918 0.00255086 0.00153936 0.0027647 0.00226076 0.00259558 0.128123 0.00315024 0.00234501 0.00314196 0.00248052 -0.00124973 -0.00180063 -0.00191745 -0.00127826 -0.0023761 -0.0018134 -0.00152351 -0.00314521 -0.00241024 -0.00211224 -0.00181273 -0.00217217 -0.0015712 -0.00179775 -0.00199879 -0.00231844 -0.00100156 -0.00201294 -0.00235255 -0.00159074 -0.00196599 -0.00181176 -0.00184922 -0.0013367 -0.00201549 -0.00140035 -0.00131169 -0.00178572 -0.00100317 -0.00101747 -0.000865317 -0.00158356 -0.0014802 -0.00112036 -0.00148841 -0.00132097 -0.00116339 -0.00175083 -0.00102543 -0.00204376 -0.00258378 -0.00194559 -0.0014333 -0.00208361 -0.0013271 -0.00186056 -0.00179339 -0.00205297 -0.00180369 -0.00187429 -0.00160742 -0.00172218 -0.0010365 -0.00191698 -0.00183188 -0.00222007 -0.00123133 -0.00181739 -0.0012121 -0.0023709 -0.00140005 -0.00147949 -0.00218746 -0.00213169 -0.00137864 -0.00124358 -0.0019359 -0.00102721 -0.00186566 -0.00152824 -0.00177346 -0.0024187 -0.00173038 -0.000892916 -0.0019211 -0.0013704 -0.00147725 -0.00131026 -0.000899741 -0.00211237 -0.00242383 -0.000730262 -0.00156106 -0.00186243 -0.00113815 -0.00143942 
-0.0015687 -0.0010321 -0.00111106 -0.00182823 -0.00143053 0.00203575 0.00281508 0.00351718 0.00271312 0.00315024 0.129403 0.00302018 0.00239002 0.00264058 0.00293245 0.00186538 -0.00107961 -0.00116451 -0.00133847 -0.00213985 -0.00205137 -0.00163494 -0.00232947 -0.00221759 -0.00227351 -0.00313111 -0.00283849 -0.00239317 -0.00299404 -0.00274618 -0.001741 -0.0018712 -0.00225935 -0.00219174 -0.00154884 -0.00158125 -0.00183831 -0.00126404 -0.00151211 -0.00127626 -0.00159272 -0.00133166 -0.0010199 -0.0024642 -0.00123772 -0.00108147 -0.00166961 -0.00280545 -0.00120596 -0.00190838 -0.00220068 -0.00144008 -0.0022904 -0.00170633 -0.00171243 -0.00177403 -0.00203167 -0.00155677 -0.000849917 -0.00112389 -0.00145618 -0.00192839 -0.00176422 -0.00195732 -0.00175874 -0.00171845 -0.00135807 -0.00163013 -0.00225231 -0.00167045 -0.00220731 -0.00184925 -0.00244553 -0.00176365 -0.00180681 -0.00185028 -0.00212767 -0.0017752 -0.000916404 -0.00186582 -0.000908338 -0.00097416 -0.000918885 -0.00234943 -0.00155153 -0.00152025 -0.00158007 -0.00164881 -0.0016044 -0.00193014 -0.00209922 -0.00213578 -0.00184883 -0.0017415 -0.00197297 -0.00213869 -0.00153031 -0.0021648 -0.0006284 -0.00174409 
-0.00189871 -0.00177937 -0.00151853 -0.00195732 -0.00178937 -0.000623371 0.00219138 0.00258147 0.00303096 0.00234501 0.00302018 0.133219 0.00247491 0.00261556 0.00240758 0.00279706 0.0029237 -7.15082e-06 -0.0018621 -0.00228663 -0.00140913 -0.00122179 -0.00172169 -0.00194552 -0.00194332 -0.00322783 -0.00220988 -0.00221565 -0.0027051 -0.00231688 -0.00239026 -0.00150243 -0.00248043 -0.0017704 -0.00177438 -0.00193498 -0.00181501 -0.00215086 -0.00194149 -0.00170467 -0.00118669 -0.00272867 -0.0012294 -0.00259075 -0.00177749 -0.00190068 -0.00140607 -0.00156221 -0.0017609 -0.00161531 -0.00284975 -0.00208184 -0.00199757 -0.00208079 -0.00108487 -0.000712454 -0.00239857 -0.00146885 -0.00154302 -0.00225008 -0.00229499 -0.00110146 -0.00196394 -0.00199831 -0.00222052 -0.00229577 -0.000753552 -0.001893 -0.00162123 -0.00203674 -0.0011991 -0.00126849 -0.00130846 -0.0026632 -0.00260448 -0.0012615 -0.0014536 -0.00201001 -0.00207872 -0.00145465 -0.00190491 -0.00191665 -0.00127622 -0.00284769 -0.0014392 -0.00174136 -0.00200472 -0.0014566 -0.00133107 -0.00101599 -0.00156462 -0.00158814 -0.0014298 -0.00174038 -0.00198215 -0.00207303 -0.00126812 -0.00146593 -0.00180064 -0.00194736 
-0.00191356 -0.00225604 -0.00197241 -0.00157643 -0.00227776 -0.000944223 -0.00114892 0.0026569 0.00116747 0.00314196 0.00239002 0.00247491 0.134689 0.00251571 0.00312745 0.00186024 0.00265056 -0.00173455 -0.00115747 -0.00219497 -0.00219195 -0.00311432 -0.00197639 -0.00252762 -0.00272663 -0.00250069 -0.00300117 -0.0013334 -0.00113096 -0.00217808 -0.00244161 -0.00271185 -0.00235738 -0.000683629 -0.00116149 -0.00141503 -0.0016494 -0.00155453 -0.00108501 -0.0018242 -0.000886006 -0.00170292 -0.0019803 -0.00226401 -0.00179764 -0.00194247 -0.00185228 -0.00183803 -0.00155462 -0.00136748 -0.00171605 -0.00171797 -0.00159192 -0.00169757 -0.00174275 -0.00201896 -0.00125206 -0.00107903 -0.00190629 -0.00229126 -0.0013347 -0.00135003 -0.00208874 -0.0013416 -0.00224421 -0.0016791 -0.00102854 -0.001312 -0.0021476 -0.00254695 -0.00217192 -0.0013067 -0.0015561 -0.00202129 -0.00149691 -0.00155794 -0.00132574 -0.00200423 -0.00107464 -0.00175038 -0.00123968 -0.00116096 -0.00158052 -0.0023015 -0.00136254 -0.00206781 -0.00127049 -0.0013226 -0.00161698 -0.00177589 -0.00161759 -0.00194366 -0.00158319 -0.00114745 -0.0018657 -0.00128505 -0.0013393 -0.00183019 -0.00212066 -0.00196176 
-0.00214787 -0.0019129 -0.00238998 -0.00161175 -0.00197019 -0.00187561 -0.00159297 -0.00156585 0.00167458 0.00248052 0.00264058 0.00261556 0.00251571 0.136482 0.0029495 0.00274852 0.00336865 0.00293672 0.00170041 -0.00211187 -0.00191444 -0.00140285 -0.00145794 -0.00191272 -0.00235032 -0.0023208 -0.00268985 -0.00198089 -0.00224096 -0.00142855 -0.00209205 -0.000834836 -0.00280532 -0.00180686 -0.0025993 -0.00287281 -0.00277879 -0.00178512 -0.00218172 -0.0022895 -0.00196409 -0.00204964 -0.0016749 -0.00146922 -0.00229353 -0.00203666 -0.00147486 -0.00214738 -0.00241679 -0.00170063 -0.00138673 -0.00211346 -0.00175291 -0.00161811 -0.00131057 -0.00103039 -0.002461 -0.00147595 -0.00111922 -0.00165859 -0.00104839 -0.00204321 -0.00154561 -0.00116912 -0.00175946 -0.0022647 -0.00168918 -0.00193921 -0.00118171 -0.00266205 -0.00210551 -0.00198683 -0.00124349 -0.00168418 -0.00178645 -0.00163075 -0.00202362 -0.00127238 -0.000905829 -0.00207031 -0.00129054 -0.0019248 -0.00125155 -0.00150248 -0.00171514 -0.00118155 -0.00165237 -0.0019204 -0.00134027 -0.00228763 -0.00157621 -0.00185812 -0.00205203 -0.00184377 -0.00174585 -0.00256923 -0.00126839 -0.00195609 -0.00171233 -0.00137286 
-0.00207761 -0.00182819 -0.00120302 -0.00148934 -0.0012421 -0.00233635 -0.00123358 -0.000938547 -0.00108046 -0.00124973 0.00293245 0.00240758 0.00312745 0.0029495 0.134586 0.00273312 0.00215923 0.00295662 0.00222464 0.00190365 -0.00277095 -0.00102577 -0.00202465 -0.00163433 -0.00155275 -0.00186766 -0.00256752 -0.0014633 -0.0017376 -0.00165858 -0.00172075 -0.00141084 -0.0020279 -0.00219089 -0.00191149 -0.00190929 -0.0020388 -0.00186608 -0.00173822 -0.00191484 -0.00177297 -0.00201423 -0.00227901 -0.000910024 -0.00191925 -0.00238198 -0.0020173 -0.00208606 -0.00156437 -0.00135904 -0.00182884 -0.00201075 -0.00106705 -0.0018945 -0.001424 -0.00226555 -0.00177799 -0.00311845 -0.00128276 -0.00120545 -0.0017991 -0.00119089 -0.00200042 -0.00129823 -0.00143393 -0.00140551 -0.00219605 -0.00115545 -0.0023209 -0.00202678 -0.00225945 -0.00170403 -0.00184062 -0.00174412 -0.00055773 -0.00177843 -0.00159141 -0.00210243 -0.00144689 -0.00202953 -0.00195744 -0.00181772 -0.00193209 -0.00235213 -0.00147858 -0.00150841 -0.00109651 -0.00113537 -0.00168017 -0.00198186 -0.00226606 -0.00150763 -0.00150114 -0.00199274 -0.00212304 -0.00268968 -0.00212466 -0.00250552 -0.00103806 -0.00151832 
-0.00153002 -0.00113071 -0.00182653 -0.00115454 -0.0020838 -0.00239962 -0.00176798 -0.00161904 -0.00126462 -0.00180063 0.00186538 0.00279706 0.00186024 0.00274852 0.00273312 0.134065 0.00302164 0.00314602 0.00350789 0.00139362 -0.000728756 -0.00236047 -0.00134414 -0.00201244 -0.00252852 -0.00288752 -0.00254236 -0.00195756 -0.00199799 -0.00240863 -0.00199974 -0.00173076 -0.00208477 -0.00168081 -0.00190109 -0.00192605 -0.00263626 -0.00130638 -0.00190646 -0.00261984 -0.00251596 -0.0021363 -0.00139713 -0.00150519 -0.00216482 -0.00128857 -0.000936284 -0.0019368 -0.00180627 -0.00132662 -0.000675448 -0.00213551 -0.0013247 -0.00107295 -0.00205943 -0.00176197 -0.0015328 -0.00296924 -0.000938967 -0.00124269 -0.00129731 -0.00195061 -0.000359276 -0.00215444 -0.00143105 -0.000858615 -0.00121569 -0.00200421 -0.00204571 -0.00169278 -0.00157575 -0.00131113 -0.00109346 -0.00297794 -0.00165103 -0.00202738 -0.00197346 -0.00220788 -0.00161175 -0.00178613 -0.00231691 -0.00167423 -0.000778771 -0.00211456 -0.00185797 -0.00146588 -0.00230408 -0.00151289 -0.00135375 -0.00194214 -0.00165468 -0.000836865 -0.00221637 -0.00137706 -0.00158195 -0.00197496 -0.0017415 -0.00203292 -0.00183748 -0.0014726 
-0.00165182 -0.00226153 -0.00229389 -0.00277599 -0.00240732 -0.00145868 -0.001654 -0.00289262 -0.00255987 -0.00191745 -0.00107961 0.0029237 0.00265056 0.00336865 0.00215923 0.00302164 0.148108 0.0039098 0.00311388 0.00338814 0.00263252 0.00345265 -0.00194068 -0.00290417 -0.00173889 -0.00152431 -0.00204259 -0.00264703 -0.00119885 -0.00204667 -0.00293652 -0.00244531 -0.00207402 -0.00228562 -0.00151539 -0.002241 -0.00156552 -0.00125791 -0.00182916 -0.00221842 -0.00202349 -0.00169105 -0.00141375 -0.00212983 -0.00244444 -0.00280885 -0.00164201 -0.00177257 -0.00199346 -0.00256217 -0.00225982 -0.00251376 -0.00140849 -0.00191485 -0.00222805 -0.00219229 -0.00265348 -0.00258682 -0.00226477 -0.00273552 -0.0022404 -0.00161207 -0.00216564 -0.00159546 -0.00170602 -0.00190908 -0.00131308 -0.00128775 -0.00276958 -0.00149619 -0.00213502 -0.0017644 -0.0023248 -0.00245367 -0.00142096 -0.00211716 -0.00131258 -0.00183789 -0.00189039 -0.00245681 -0.00273551 -0.000902145 -0.00182225 -0.00172946 -0.00130599 -0.00172226 -0.00198302 -0.0020246 -0.00180106 -0.00234038 -0.00256805 -0.0017354 -0.00233238 -0.00222073 -0.00268483 -0.00171613 -0.00216905 -0.00190992 -0.00123246 -0.00138036 
-0.00140737 -0.00265373 -0.00257728 -0.00245114 -0.00172681 -0.00256578 -0.00253556 -0.00156829 -0.00208251 -0.00127826 -0.00116451 -7.15082e-06 -0.00173455 0.00293672 0.00295662 0.00314602 0.0039098 0.142238 0.00337571 0.00312923 0.00217107 0.0026532 0.00244949 -0.00246517 -0.00209754 -0.00175105 -0.00199789 -0.00274875 -0.00181393 -0.00202583 -0.00151943 -0.00175073 -0.00212788 -0.00221206 -0.00213645 -0.00237743 -0.00148337 -0.00148318 -0.0012801 -0.00176023 -0.00217222 -0.00204159 -0.00147687 -0.00146369 -0.00203205 -0.00255801 -0.00174084 -0.00130671 -0.00245702 -0.00193276 -0.00263675 -0.00203259 -0.00159765 -0.00126463 -0.00253803 -0.00215172 -0.00238433 -0.00185081 -0.00182931 -0.00166365 -0.00149238 -0.00292358 -0.0011378 -0.00196927 -0.00175906 -0.0022456 -0.00177546 -0.00123029 -0.000807378 -0.00177409 -0.00192876 -0.00118719 -0.000658438 -0.00273898 -0.00103314 -0.00312245 -0.0014995 -0.00219738 -0.00204189 -0.00198231 -0.00189471 -0.0019668 -0.00189304 -0.00172965 -0.00167272 -0.0013854 -0.00226348 -0.00184918 -0.00184625 -0.00191385 -0.00144069 -0.00277208 -0.00184869 -0.00226089 -0.00104835 -0.00281995 -0.0017743 -0.00164599 -0.00130782 -0.00221209 
-0.00194576 -0.00150773 -0.00175982 -0.00246343 -0.00253364 -0.00291001 -0.00149213 -0.00217631 -0.00233837 -0.0023761 -0.00133847 -0.0018621 -0.00115747 0.00170041 0.00222464 0.00350789 0.00311388 0.00337571 0.143554 0.00159818 0.00345538 0.00360406 0.00245732 -0.00170748 -0.00211819 -0.00285531 -0.00214113 -0.00313042 -0.00284376 -0.00246847 -0.00128585 -0.00147864 -0.00197572 -0.00100505 -0.00199454 -0.00218451 -0.00201435 -0.0013945 -0.000594618 -0.00207293 -0.0023351 -0.00183548 -0.00217592 -0.0011624 -0.00189273 -0.00233396 -0.00219889 -0.00095774 -0.00177215 -0.00148415 -0.00225652 -0.00197297 -0.00171974 -0.00187431 -0.00316973 -0.00245183 -0.00158211 -0.00224694 -0.00175424 -0.00204137 -0.0021961 -0.00250056 -0.000592398 -0.0026027 -0.0023769 -0.00196189 -0.00251176 -0.00136135 -0.00165967 -0.00042995 -0.00269783 -0.00199747 -0.00177424 -0.00257784 -0.00190577 -0.0012323 -0.00128832 -0.00160736 -0.00218608 -0.00126223 -0.0017079 -0.00143394 -0.00187365 -0.00160709 -0.00181894 -0.00204572 -0.0026803 -0.0013986 -0.00227524 -0.00172753 -0.00144483 -0.000859314 -0.0016029 -0.00243559 -0.00147137 -0.00197925 -0.000831393 -0.00178694 -0.00109126 -0.00145227 
-0.000760994 -0.00238909 -0.0021723 -0.00196037 -0.0015377 -0.001572 -0.00200958 -0.00163541 -0.00153445 -0.0018134 -0.00213985 -0.00228663 -0.00219497 -0.00211187 0.00190365 0.00139362 0.00338814 0.00312923 0.00159818 0.146657 0.00293753 0.00320398 0.00387397 0.00264616 0.00294436 -0.00223419 -0.00231613 -0.00202899 -0.00281704 -0.00171396 -0.0033023 -0.00219814 -0.00306599 -0.00215182 -0.00169669 -0.0022933 -0.00158559 -0.00203348 -0.00238715 -0.00189511 -0.00141847 -0.00109559 -0.00179713 -0.00176191 -0.00269324 -0.00183614 -0.00149499 -0.00107275 -0.00256635 -0.00208553 -0.00163737 -0.0016468 -0.00173467 -0.00238012 -0.00209164 -0.00270944 -0.00269051 -0.00281443 -0.00278351 -0.00177086 -0.00174525 -0.00183854 -0.00168794 -0.00261725 -0.00229019 -0.0021625 -0.00149833 -0.000876133 -0.00182361 -0.00141788 -0.00226426 -0.00129953 -0.00287534 -0.00173316 -0.00101529 -0.000725266 -0.00189395 -0.0016273 -0.0016384 -0.0022834 -0.00198654 -0.00104198 -0.00206391 -0.00234935 -0.00203033 -0.00110025 -0.00218334 -0.00222548 -0.00180754 -0.00137126 -0.00234772 -0.00238485 -0.00169551 -0.00229412 -0.0019461 -0.00219881 -0.00182326 -0.00178853 -0.00165566 -0.00214764 
-0.00120155 -0.00238553 -0.00283085 -0.00238352 -0.00210673 -0.00168674 -0.00230614 -0.00214073 -0.00196834 -0.00152351 -0.00205137 -0.00140913 -0.00219195 -0.00191444 -0.00277095 -0.000728756 0.00263252 0.00217107 0.00345538 0.00293753 0.145416 0.00294783 0.00279482 0.00314196 0.00163126 0.00358037 -0.00165982 -0.00211633 -0.00233427 -0.00199531 -0.00237188 -0.00149083 -0.00315522 -0.00253102 -0.00210933 -0.00271468 -0.00364872 -0.00210825 -0.00204395 -0.0015086 -0.00227319 -0.00242583 -0.00176989 -0.00207472 -0.00117004 -0.000910404 -0.00184051 -0.00146291 -0.00223153 -0.00158778 -0.00248094 -0.00202917 -0.00203014 -0.00128902 -0.00244256 -0.00175938 -0.00133438 -0.000995889 -0.00186086 -0.00130833 -0.00192531 -0.0015751 -0.00117093 -0.00281646 -0.00180341 -0.00144342 -0.00262351 -0.00120894 -0.00221154 -0.00211816 -0.00179861 -0.00202705 -0.00112274 -0.00238244 -0.0022027 -0.00252453 -0.00146951 -0.00150629 -0.00177322 -0.00196864 -0.00148954 -0.00186085 -0.00169589 -0.0017042 -0.00154529 -0.00226805 -0.00165965 -0.00206655 -0.00102839 -0.00201832 -0.00193031 -0.00224549 -0.00166818 -0.00106943 -0.00167941 -0.00132861 -0.00150067 -0.00165703 -0.00212538 -0.00182882 
-0.00211087 -0.00270353 -0.00297239 -0.00227149 -0.00158379 -0.00123374 -0.00237169 -0.00179792 -0.00248519 -0.00314521 -0.00163494 -0.00122179 -0.00311432 -0.00140285 -0.00102577 -0.00236047 0.00345265 0.0026532 0.00360406 0.00320398 0.00294783 0.147823 0.00231544 0.00328209 0.00250504 0.00310806 -0.00185696 -0.00242514 -0.00267223 -0.00209855 -0.00284642 -0.00178919 -0.00180338 -0.00141395 -0.0022669 -0.00307682 -0.00144481 -0.00106454 -0.00268402 -0.00286291 -0.00319934 -0.00210987 -0.00260506 -0.00221284 -0.00162962 -0.00215778 -0.00177534 -0.00158647 -0.00189764 -0.00199659 -0.00230802 -0.000904443 -0.00211891 -0.00227837 -0.00215925 -0.00225566 -0.00125422 -0.00110263 -0.0023532 -0.00231967 -0.0016535 -0.00246116 -0.0016654 -0.00255734 -0.00167004 -0.00294256 -0.00169706 -0.00236483 -0.00130016 -0.00174126 -0.00197281 -0.00132182 -0.00193019 -0.00167037 -0.0012701 -0.00165498 -0.00111203 -0.00097351 -0.00209379 -0.00181015 -0.00173371 -0.00202653 -0.00193624 -0.00173634 -0.00143868 -0.00191904 -0.00189312 -0.001432 -0.000925954 -0.00151689 -0.00184739 -0.00203865 -0.000980423 -0.0019901 -0.001063 -0.00161536 -0.00221827 -0.00182997 -0.00294483 -0.0019794 
-0.00186815 -0.00243537 -0.00276333 -0.00186566 -0.00252244 -0.00151204 -0.00218249 -0.00270264 -0.00204341 -0.00241024 -0.00232947 -0.00172169 -0.00197639 -0.00145794 -0.00202465 -0.00134414 -0.00194068 0.00244949 0.00245732 0.00387397 0.00279482 0.00231544 0.138474 0.00248736 0.00222327 0.002329 0.00283566 -0.00119202 -0.00213078 -0.00218514 -0.00190307 -0.00166932 -0.00208793 -0.0023565 -0.0015333 -0.00161734 -0.00169011 -0.00150108 -0.00188702 -0.00189028 -0.00205626 -0.00131945 -0.00139925 -0.00122122 -0.00262025 -0.00149002 -0.00196302 -0.00158738 -0.00258072 -0.00209441 -0.00174758 -0.00199315 -0.00198396 -0.00253837 -0.00245066 -0.00227308 -0.00133093 -0.00152639 -0.00115915 -0.00128946 -0.00121419 -0.00163561 -0.00167194 -0.000769516 -0.00193623 -0.00218871 -0.00112583 -0.0019435 -0.00157218 -0.00202275 -0.00139556 -0.00162827 -0.00156417 -0.00188076 -0.000998528 -0.00109853 -0.00140416 -0.00164511 -0.00187483 -0.00183778 -0.00174999 -0.00188136 -0.00225516 -0.00146655 -0.00176903 -0.00189476 -0.00191198 -0.00198604 -0.00118981 -0.00213157 -0.00100411 -0.00184132 -0.00135029 -0.00169405 -0.0019049 -0.00191817 -0.0021597 -0.0017119 -0.00231864 -0.00132316 
-0.00246544 -0.00191956 -0.00302581 -0.00249986 -0.00116032 -0.00323125 -0.0025189 -0.00171139 -0.00175737 -0.00211224 -0.00221759 -0.00194552 -0.00252762 -0.00191272 -0.00163433 -0.00201244 -0.00290417 -0.00246517 -0.00170748 0.00264616 0.00314196 0.00328209 0.00248736 0.145133 0.00319939 0.00421287 0.00327911 0.00259932 -0.00104281 -0.00143286 -0.00169975 -0.00120121 -0.00165493 -0.00236421 -0.00188154 -0.00176821 -0.00261422 -0.00183161 -0.00278728 -0.00128226 -0.00131449 -0.00102776 -0.00154902 -0.00174235 -0.00163239 -0.00120948 -0.00159377 -0.0012144 -0.00146928 -0.00121722 -0.00130339 -0.00194664 -0.00202254 -0.0018331 -0.00167892 -0.00255489 -0.00182129 -0.00170375 -0.00269028 -0.00160441 -0.000998443 -0.00205227 -0.00197671 -0.00129804 -0.00115445 -0.00250045 -0.00259671 -0.00158239 -0.00118457 -0.00123317 -0.00164295 -0.00203378 -0.00119421 -0.0014078 -0.00139494 -0.00161508 -0.00228457 -0.0028204 -0.00136736 -0.00178698 -0.00103998 -0.00207368 -0.00112134 -0.00238972 -0.00222051 -0.00234882 -0.00255187 -0.00182803 -0.00238374 -0.00182617 -0.00168116 -0.0021486 -0.0023538 -0.00199806 -0.0028942 -0.00098682 -0.00188573 -0.00100619 -0.00267817 -0.00201982 
-0.0013417 -0.00224085 -0.00226117 -0.0021663 -0.00129136 -0.00170512 -0.00246415 -0.00230785 -0.00218383 -0.00181273 -0.00227351 -0.00194332 -0.00272663 -0.00235032 -0.00155275 -0.00252852 -0.00173889 -0.00209754 -0.00211819 0.00294436 0.00163126 0.00250504 0.00222327 0.00319939 0.142609 0.00283673 0.00351729 0.00225016 0.00318473 0.0022857 -0.0021219 -0.00126648 -0.0019824 -0.00241069 -0.00164163 -0.00196427 -0.00132508 -0.00124702 -0.00238194 -0.00287703 -0.00211514 -0.00253914 -0.00257927 -0.00230546 -0.00241372 -0.00223069 -0.00176325 -0.00190642 -0.00225522 -0.00190079 -0.00158834 -0.00166759 -0.00177457 -0.00274285 -0.00117369 -0.00151425 -0.00169242 -0.00129458 -0.00132684 -0.00190598 -0.000983392 -0.00120079 -0.00204874 -0.00179027 -0.00244813 -0.00113346 -0.00174676 -0.00102917 -0.00192638 -0.0019964 -0.00220142 -0.00151867 -0.00150075 -0.00140143 -0.00139231 -0.00164167 -0.00141076 -0.0022756 -0.00190148 -0.00290125 -0.00251192 -0.0024746 -0.00222583 -0.0019287 -0.00148357 -0.00184899 -0.00225942 -0.00227863 -0.00156843 -0.00158955 -0.00130633 -0.00144122 -0.00178486 -0.00159454 -0.0019667 -0.00132679 -0.00148509 -0.00220349 -0.00277353 -0.00167295 
-0.00351757 -0.00234397 -0.00198099 -0.00273077 -0.00189819 -0.00197765 -0.00223806 -0.00327892 -0.00231466 -0.00217217 -0.00313111 -0.00322783 -0.00250069 -0.0023208 -0.00186766 -0.00288752 -0.00152431 -0.00175105 -0.00285531 -0.00223419 0.00358037 0.00310806 0.002329 0.00421287 0.00283673 0.148742 0.00244598 0.00358375 0.00159684 0.00362361 0.00254146 -0.0018486 -0.00119626 -0.00113969 -0.0012106 -0.00225951 -0.00262532 -0.0018589 -0.00198084 -0.0017851 -0.00279303 -0.0015062 -0.00301644 -0.00242972 -0.00148356 -0.00210953 -0.00214883 -0.00113847 -0.00182938 -0.00208761 -0.0016559 -0.00131626 -0.00209913 -0.0016838 -0.00129183 -0.00175589 -0.0014274 -0.00255105 -0.0010421 -0.0021531 -0.00213637 -0.00198697 -0.00214055 -0.00178813 -0.00211817 -0.00193613 -0.0027004 -0.00172733 -0.00230575 -0.00204545 -0.0018399 -0.00167183 -0.00160957 -0.00166085 -0.00194052 -0.00157364 -0.00118114 -0.00291138 -0.00142299 -0.00238767 -0.00244873 -0.0015611 -0.00162965 -0.00236555 -0.00125783 -0.00171492 -0.00140719 -0.00225424 -0.00191995 -0.000716342 -0.00226862 -0.00238065 -0.00105625 -0.00202689 -0.00247576 -0.00240812 -0.00155563 -0.00234898 -0.00233159 -0.00121074 
-0.00203589 -0.00195163 -0.00168277 -0.00110725 -0.00209197 -0.00252273 -0.00171322 -0.00168282 -0.00134795 -0.0015712 -0.00283849 -0.00220988 -0.00300117 -0.00268985 -0.00256752 -0.00254236 -0.00204259 -0.00199789 -0.00214113 -0.00231613 -0.00165982 -0.00185696 0.00283566 0.00327911 0.00351729 0.00244598 0.14178 0.00288904 0.00290912 0.00228925 0.00176702 0.00206321 -0.00126106 -0.00228841 -0.00188359 -0.00247899 -0.001858 -0.00150626 -0.0015265 -0.00291371 -0.0011816 -0.00181365 -0.00149523 -0.00138853 -0.00150364 -0.00181089 -0.00188045 -0.00155269 -0.00194409 -0.00173473 -0.00150075 -0.00120112 -0.00137696 -0.00126436 -0.000887384 -0.00168782 -0.0017794 -0.00182341 -0.000940815 -0.00269454 -0.00211098 -0.00225627 -0.00164051 -0.000619602 -0.00281806 -0.00213125 -0.00101566 -0.00159877 -0.00273064 -0.0014291 -0.00175857 -0.00197793 -0.00148431 -0.00165585 -0.00137224 -0.00152762 -0.00160941 -0.00186541 -0.00186572 -0.0019986 -0.00180961 -0.00162504 -0.00140858 -0.00192029 -0.00172134 -0.00147746 -0.00114414 -0.00143557 -0.00138768 -0.00195338 -0.00196215 -0.00228807 -0.00173131 -0.00161477 -0.00197215 -0.00260442 -0.00256052 -0.00259614 -0.00185546 -0.00249105 
-0.00226204 -0.00204755 -0.000894133 -0.00209373 -0.00190417 -0.00134698 -0.00138285 -0.00227263 -0.000785865 -0.00179775 -0.00239317 -0.00221565 -0.0013334 -0.00198089 -0.0014633 -0.00195756 -0.00264703 -0.00274875 -0.00313042 -0.00202899 -0.00211633 -0.00242514 -0.00119202 0.00259932 0.00225016 0.00358375 0.00288904 0.13101 0.0030169 0.00240337 0.00165985 0.00236261 0.00204875 -0.00156128 -0.00121489 -0.00122103 -0.00184804 -0.00131518 -0.00149065 -0.00115912 -0.00160321 -0.00100409 -0.00185771 -0.00126726 -0.00235601 -0.00149494 -0.00143622 -0.00144171 -0.00118773 -0.00216473 -0.00154195 -0.00160647 -0.00106894 -0.00265989 -0.00132969 -0.00139473 -0.00161881 -0.0018099 -0.00171231 -0.002328 -0.00106396 -0.00134064 -0.00192544 -0.00117585 -0.00125084 -0.00109272 -0.00229344 -0.00268792 -0.00215211 -0.0015729 -0.00164892 -0.00249454 -0.00188833 -0.00175279 -0.00256167 -0.00185937 -0.00226691 -0.0018963 -0.00189502 -0.000526281 -0.00120893 -0.00100467 -0.00202072 -0.00195679 -0.00163834 -0.00172756 -0.00130049 -0.00202856 -0.00176296 -0.00136634 -0.000849299 -0.000915151 -0.00145257 -0.0020851 -0.00158029 -0.000696306 -0.00197755 -0.00245549 -0.00211847 -0.00121698 
-0.00139736 -0.00168575 -0.00194288 -0.00210722 -0.00217731 -0.00115569 -0.00141184 -0.00153533 -0.00140392 -0.00199879 -0.00299404 -0.0027051 -0.00113096 -0.00224096 -0.0017376 -0.00199799 -0.00119885 -0.00181393 -0.00284376 -0.00281704 -0.00233427 -0.00267223 -0.00213078 -0.00104281 0.00318473 0.00159684 0.00290912 0.0030169 0.133454 0.00209124 0.00167602 0.00245959 0.00272255 0.00227764 -0.00110119 -0.00122517 -0.000829079 -0.00133712 -0.000501292 -0.00261175 -0.00157589 -0.00133429 -0.00113651 -0.00301087 -0.00193397 -0.00162862 -0.0012879 -0.0008475 -0.00130452 -0.00126817 -0.0011483 -0.000586234 -0.0020072 -0.00179665 -0.00165778 -0.00160525 -0.00160325 -0.00164243 -0.0012294 -0.00172472 -0.0018097 -0.00261951 -0.000934863 -0.00176666 -0.00231445 -0.00181231 -0.00228154 -0.000810088 -0.00242471 -0.00229209 -0.00151023 -0.00245335 -0.00104093 -0.00213946 -0.00193974 -0.00163906 -0.00100296 -0.00182234 -0.00123144 -0.00163882 -0.00161389 -0.00179187 -0.00104644 -0.0013054 -0.00229928 -0.00166618 -0.00184063 -0.00135648 -0.00227768 -0.00170561 -0.00200014 -0.00123693 -0.000920561 -0.00182246 -0.00210006 -0.00164921 -0.00224436 -0.00233703 -0.00208084 -0.00219807 
-0.00221854 -0.00265792 -0.00189265 -0.00159735 -0.00180177 -0.00151736 -0.0020176 -0.00282465 -0.00237736 -0.00231844 -0.00274618 -0.00231688 -0.00217808 -0.00142855 -0.00165858 -0.00240863 -0.00204667 -0.00202583 -0.00246847 -0.00171396 -0.00199531 -0.00209855 -0.00218514 -0.00143286 0.0022857 0.00362361 0.00228925 0.00240337 0.00209124 0.133984 0.0028589 0.00246054 0.00270731 0.00247297 -0.000745373 -0.00141763 -0.00173062 -0.000909897 -0.00125712 -0.00196495 -0.00159831 -0.00141738 -0.00239024 -0.00194558 -0.00114106 -0.00150397 -0.00159007 -0.0010445 -0.00208516 -0.00157891 -0.00202916 -0.00145532 -0.00137703 -0.00183763 -0.00135441 -0.00224322 -0.00189435 -0.00150857 -0.00190553 -0.00167374 -0.00149632 -0.00239632 -0.00125466 -0.00117932 -0.00195426 -0.00150855 -0.00143507 -0.0016182 -0.00246692 -0.000863794 -0.00151402 -0.0023069 -0.00105341 -0.00226611 -0.00191712 -0.00208667 -0.00196172 -0.00140995 -0.00144138 -0.00210881 -0.00201657 -0.00162386 -0.00122759 -0.00178308 -0.00189468 -0.00151407 -0.00222762 -0.00161887 -0.00156693 -0.00121403 -0.00104167 -0.00124753 -0.00126195 -0.00200308 -0.00147344 -0.00141324 -0.00158418 -0.00137949 -0.00150921 -0.00180877 
-0.00131629 -0.00256936 -0.00106777 -0.00241599 -0.00236246 -0.00193269 -0.00229541 -0.00350725 -0.00217652 -0.00100156 -0.001741 -0.00239026 -0.00244161 -0.00209205 -0.00172075 -0.00199974 -0.00293652 -0.00151943 -0.00128585 -0.0033023 -0.00237188 -0.00284642 -0.00190307 -0.00169975 -0.0021219 0.00254146 0.00176702 0.00165985 0.00167602 0.0028589 0.134558 0.00235487 0.00370505 0.00287171 0.00279775 0.00210821 -0.00166992 -0.0013356 -0.0016135 -0.00105774 -0.000839074 -0.00222814 -0.00233646 -0.00236266 -0.00194752 -0.00109883 -0.0021678 -0.00108044 -0.00197842 -0.00131162 -0.00191766 -0.00166271 -0.00161276 -0.00174381 -0.0013435 -0.00164961 -0.00106293 -0.00188374 -0.00171671 -0.00220987 -0.00160136 -0.00201339 -0.0018757 -0.00182038 -0.0017304 -0.00178931 -0.00132708 -0.00184327 -0.00173857 -0.00165759 -0.00103623 -0.00209005 -0.00137193 -0.0012341 -0.000930982 -0.00144412 -0.00122953 -0.00198442 -0.00124252 -0.00130608 -0.00153996 -0.00153025 -0.00164198 -0.0015124 -0.00190005 -0.00160437 -0.0018751 -0.00173684 -0.00194979 -0.00162893 -0.00167036 -0.0022016 -0.00122833 -0.00159469 -0.00188976 -0.00142144 -0.00242818 -0.00195961 -0.00183346 -0.00163546 
-0.0015812 -0.00127985 -0.00203731 -0.00145064 -0.00281953 -0.00217447 -0.00214147 -0.00252029 -0.00185215 -0.00201294 -0.0018712 -0.00150243 -0.00271185 -0.000834836 -0.00141084 -0.00173076 -0.00244531 -0.00175073 -0.00147864 -0.00219814 -0.00149083 -0.00178919 -0.00166932 -0.00120121 -0.00126648 -0.0018486 0.00206321 0.00236261 0.00245959 0.00246054 0.00235487 0.132668 0.00272609 0.00156503 0.00099859 0.00202903 0.00236618 -0.00119177 -0.00054772 -0.0016082 -0.00200365 -0.00195836 -0.00125049 -0.00170978 -0.00170117 -0.00104061 -0.0026792 -0.0021396 -0.00153151 -0.00188079 -0.00126649 -0.00166205 -0.00104214 -0.00185821 -0.00229116 -0.00206544 -0.00143429 -0.00247357 -0.00152755 -0.00169016 -0.00191702 -0.00224286 -0.0021477 -0.00209878 -0.00162789 -0.00173928 -0.00181427 -0.00190864 -0.00164926 -0.00182261 -0.00126023 -0.00208691 -0.00150817 -0.00160587 -0.0015782 -0.00143447 -0.00178061 -0.00171363 -0.00197035 -0.00146853 -0.00203829 -0.00190437 -0.00155736 -0.000876813 -0.00178397 -0.00188323 -0.00147033 -0.00155159 -0.0011577 -0.00164927 -0.00124262 -0.00159138 -0.000733411 -0.00174349 -0.00199769 -0.00156838 -0.00188487 -0.00223385 -0.00231607 -0.00187001 
-0.0019002 -0.00146756 -0.00147535 -0.00123404 -0.00152714 -0.00252863 -0.00156985 -0.00154499 -0.00283592 -0.00235255 -0.00225935 -0.00248043 -0.00235738 -0.00280532 -0.0020279 -0.00208477 -0.00207402 -0.00212788 -0.00197572 -0.00306599 -0.00315522 -0.00180338 -0.00208793 -0.00165493 -0.0019824 -0.00119626 -0.00126106 0.00204875 0.00272255 0.00270731 0.00370505 0.00272609 0.140116 0.00294873 0.00112853 0.00244993 0.0015017 0.00218841 -0.00116698 -0.000677216 -0.00118332 -0.00188231 -0.00159771 -0.00224836 -0.00226296 -0.002096 -0.00155969 -0.000962564 -0.00095264 -0.00103967 -0.00172076 -0.00187101 -0.00151727 -0.00213742 -0.00185513 -0.00221987 -0.00113778 -0.00248916 -0.00218279 -0.00139928 -0.00166408 -0.00224949 -0.00178537 -0.00202241 -0.00155451 -0.00116629 -0.00154904 -0.001595 -0.00145987 -0.00227882 -0.00166534 -0.00252886 -0.00149012 -0.0019798 -0.00208176 -0.00223721 -0.00174219 -0.00182641 -0.00101104 -0.00141204 -0.00185586 -0.00219886 -0.00207986 -0.00240152 -0.00243844 -0.00121178 -0.00197385 -0.000773356 -0.00174809 -0.0017424 -0.00168418 -0.00145407 -0.00150137 -0.00224355 -0.00264089 -0.00148905 -0.00248229 -0.00181831 -0.00266481 -0.0015443 
