0.126211 0.00238298 0.00195102 0.00147066 0.00174329 0.00193615 -0.00107973 -1.2641e-05 -0.00116454 -0.000663836 -0.00218241 -0.00253058 -0.00124217 -0.00195287 -0.00150305 -0.00168852 -0.00166289 -0.00225577 -0.00167548 -0.00248388 -0.00209841 -0.0021183 -0.00230067 -0.00157167 -0.00226507 -0.00189739 -0.00161084 -0.00220887 -0.00126586 -0.00236396 -0.00188273 -0.001693 -0.00157814 -0.00159097 -0.0017416 -0.00157735 -0.0020968 -0.00173308 -0.00115829 -0.00166412 -0.00212538 -0.000962766 -0.00192331 -0.00128406 -0.000989463 -0.0017947 -0.00155116 -0.00156877 -0.000551387 -0.00103193 -0.00116406 -0.00203556 -0.00165375 -0.00154883 -0.00153132 -0.00121258 -0.00139758 -0.00160372 -0.00208344 -0.00144957 -0.00176748 -0.00131563 -0.000879106 -0.0016689 -0.00217948 -0.00155508 -0.00117914 -0.00182335 -0.00103754 -0.00154019 -0.00126284 -0.00105476 -0.00136173 -0.00158474 -0.00192358 -0.00170611 -0.00150116 -0.00111924 -0.00164477 -0.00167431 -0.00143058 -0.00183815 -0.00138246 -0.00153908 -0.00183853 -0.00205345 -0.0013586 -0.0013503 -0.0014168 -0.00144413 -0.00298735 -0.00157586 -0.0013142 -0.00123805 -0.00126726 -0.00194272 0.00161811 0.00199764 0.00244363 0.00198102 
0.00238298 0.123312 0.00274292 0.0021138 0.00318197 0.00302712 0.00235271 -0.00113618 -0.00149789 -0.00143725 -0.00132592 -0.00158609 -0.00123907 -0.00197509 -0.00187307 -0.00115167 -0.00199538 -0.00179478 -0.002169 -0.00272496 -0.00222724 -0.00190824 -0.00191325 -0.00184272 -0.00224477 -0.00182469 -0.00136602 -0.00158756 -0.00123261 -0.00196972 -0.00205088 -0.00164745 -0.000983203 -0.00127889 -0.000751575 -0.00190458 -0.0013486 -0.00173174 -0.00188798 -0.00189704 -0.00188963 -0.00110819 -0.00171151 -0.00178077 -0.00128915 -0.00172176 -0.00151598 -0.00143328 -0.00186841 -0.00124392 -0.00139214 -0.00135255 -0.000866421 -0.0019469 -0.00105616 -0.00166795 -0.000972423 -0.00123897 -0.00101456 -0.0021107 -0.001813 -0.00131805 -0.000917704 -0.00197108 -0.00163484 -0.0014642 -0.00165264 -0.00172057 -0.00144795 -0.00179686 -0.00171114 -0.00148508 -0.00175122 -0.00172856 -0.000538965 -0.00185451 -0.00196994 -0.00185675 -0.00110281 -0.00198673 -0.00200531 -0.00194764 -0.00107811 -0.00118942 -0.00212034 -0.00118509 -0.00143928 -0.00164188 -0.00143314 -0.00198881 -0.00129514 -0.00173439 -0.00207343 -0.00146517 -0.00146176 -0.00208438 -0.00177937 0.00150386 0.00109769 0.00261642 
0.00195102 0.00274292 0.120783 0.00127198 0.00291585 0.0021664 0.00231896 0.00211754 -0.00122869 -0.00112894 -0.00170893 -0.00174961 -0.00121347 -0.0020697 -0.00170329 -0.00168077 -0.00213999 -0.00192318 -0.00230688 -0.00143752 -0.00233339 -0.00169825 -0.0024755 -0.00207236 -0.00157764 -0.00266485 -0.00261466 -0.00244116 -0.000802906 -0.00210818 -0.000763562 -0.000861275 -0.000905688 -0.00152325 -0.00125021 -0.00145698 -0.0013886 -0.00164117 -0.00100166 -0.00108097 -0.00190555 -0.00126619 -0.00192896 -0.00106889 -0.00193087 -0.00145558 -0.00123681 -0.00198886 -0.0011325 -0.000943335 -0.00210454 -0.0021757 -0.0015494 -0.00166012 -0.00143007 -0.00116501 -0.00106787 -0.00192267 -0.00164631 -0.00111199 -0.00156554 -0.00204551 -0.00140826 -0.00138819 -0.00186704 -0.00210741 -0.000963882 -0.00234461 -0.00202207 -0.00181821 -0.00188298 -0.0012282 -0.00145749 -0.00101654 -0.00159291 -0.00120608 -0.00186 -0.000916376 -0.00116132 -0.000795453 -0.00167019 -0.000809237 -0.00194833 -0.0015456 -0.00123582 -0.00122405 -0.00165958 -0.0016686 -0.00155967 -0.00124931 -0.00125585 -0.00129089 -0.00160559 -0.00189528 -0.00124194 -0.00180129 -0.00105518 -0.00115706 0.00141723 0.00248116 
0.00147066 0.0021138 0.00127198 0.134733 0.00251384 0.00309153 0.00198148 0.00238492 0.00277816 -0.00102433 -0.00180483 -0.00194414 -0.00247962 -0.00348695 -0.00186482 -0.00197758 -0.00262797 -0.00246986 -0.00135207 -0.00227739 -0.00163062 -0.00249249 -0.00203529 -0.00192256 -0.00221795 -0.00159911 -0.00142669 -0.00264149 -0.000842347 -0.00156012 -0.00144885 -0.00245321 -0.00244832 -0.00211222 -0.00039472 -0.00103657 -0.00163673 -0.00109553 -0.00188244 -0.0022092 -0.00179703 -0.00114819 -0.00198651 -0.00145768 -0.000680112 -0.00163843 -0.00110033 -0.00210964 -0.00147448 -0.00216246 -0.00185311 -0.00151704 -0.0011196 -0.000783306 -0.00125628 -0.00199422 -0.00251867 -0.00105751 -0.00205443 -0.00157829 -0.00143204 -0.00192707 -0.00165364 -0.0016041 -0.00177188 -0.00261646 -0.00176438 -0.00150232 -0.00181466 -0.00161536 -0.00188918 -0.00149114 -0.00151744 -0.00254541 -0.00189721 -0.000491841 -0.00116981 -0.000777485 -0.00122354 -0.00142794 -0.00175875 -0.00167245 -0.00128363 -0.00159215 -0.00215609 -0.00119906 -0.00225356 -0.00160592 -0.00165658 -0.00237936 -0.00154829 -0.00153883 -0.00255589 -0.0020422 -0.00182813 -0.00143013 -0.00149459 -0.00113624 -0.00168454 0.00229304 
0.00174329 0.00318197 0.00291585 0.00251384 0.120081 0.00245409 0.00259641 0.00224433 0.00201017 0.00252216 -0.00107039 -0.00178234 -0.00127985 -0.0020583 -0.00108954 -0.00106905 -0.00228568 -0.00202113 -0.00154082 -0.0020468 -0.00221653 -0.00282793 -0.00186865 -0.00191896 -0.00208371 -0.00202187 -0.00206582 -0.0020924 -0.00190333 -0.00152701 -0.00254834 -0.00117404 -0.00179198 -0.00169039 -0.00180815 -0.00154225 -0.000953622 -0.00129346 -0.00126837 -0.00121437 -0.00222715 -0.00134044 -0.00205323 -0.00174578 -0.0018304 -0.000979363 -0.00161146 -0.00166135 -0.00130087 -0.00167755 -0.00113158 -0.00100185 -0.00184453 -0.00157354 -0.00143775 -0.000818394 -0.00217796 -0.00147866 -0.00156688 -0.00210208 -0.00125793 -0.00188877 -0.00106806 -0.00141926 -0.00192945 -0.00170762 -0.00171688 -0.00154368 -0.00229663 -0.00225086 -0.00135786 -0.00133038 -0.000733924 -0.00106052 -0.000926315 -0.000981197 -0.00150088 -0.00168027 -0.00171925 -0.00156133 -0.0012606 -0.00151859 -0.00144018 -0.00155987 -0.00178846 -0.00114768 -0.000982737 -0.0014025 -0.00246136 -0.00217724 -0.00135465 -0.00154439 -0.00150507 -0.00101405 -0.00180677 -0.00135756 -0.00160329 -0.000986915 -0.00129954 -0.000504955 
0.00193615 0.00302712 0.0021664 0.00309153 0.00245409 0.121835 0.00288112 0.00191479 0.000807857 0.00118047 0.00147967 -0.00135897 -0.000717101 -0.00139977 -0.00188629 -0.00198498 -0.0017795 -0.00230316 -0.00247181 -0.00222308 -0.00248498 -0.00178979 -0.00239512 -0.00230905 -0.00242457 -0.00209783 -0.00160356 -0.0021417 -0.00158242 -0.00201241 -0.00205134 -0.00203879 -0.00127001 -0.00168471 -0.00123271 -0.00122743 -0.00136846 -0.00222277 -0.001159 -0.00155326 -0.00120619 -0.00167565 -0.00149661 -0.00148945 -0.00208092 -0.000527591 -0.0018313 -0.00191997 -0.00134743 -0.00195244 -0.00108151 -0.00174106 -0.00121906 -0.00144692 -0.0012912 -0.00139726 -0.00102205 -0.00183985 -0.00179172 -0.000596924 -0.000823655 -0.000886399 -0.00155501 -0.00187741 -0.00122836 -0.0016849 -0.00190197 -0.00144139 -0.0014017 -0.00234957 -0.00218948 -0.00109625 -0.00200654 -0.00225588 -0.0015793 -0.00135674 -0.000944537 -0.00134793 -0.000897079 -0.00192412 -0.00117662 -0.00217636 -0.00135142 -0.00115058 -0.00173623 -0.001683 -0.00142959 -0.00169938 -0.00138166 -0.00174551 -0.00166288 -0.00112068 -0.00141318 -0.00202706 -0.00148575 -0.00226408 -0.00102428 -0.00155242 -0.00111165 -0.0011044 
-0.00107973 0.00235271 0.00231896 0.00198148 0.00259641 0.00288112 0.134169 0.00220654 0.0032172 0.00278983 0.00370118 0.00204081 -0.00145728 -0.00150776 -0.00198603 -0.00131855 -0.00187385 -0.000946668 -0.00278269 -0.00195735 -0.00224663 -0.00232236 -0.00265609 -0.00218189 -0.00232379 -0.00171859 -0.00270902 -0.00130513 -0.00237388 -0.00286329 -0.00278072 -0.00277018 -0.00210224 -0.00163455 -0.00156971 -0.00197189 -0.00176677 -0.00190073 -0.00146974 -0.00222448 -0.00182695 -0.00210555 -0.00150322 -0.00124425 -0.00133857 -0.0014242 -0.00161416 -0.00194086 -0.00191354 -0.00194106 -0.00192515 -0.00125027 -0.00156521 -0.00127712 -0.00184873 -0.001354 -0.00186312 -0.0012394 -0.0012915 -0.00205221 -0.00134998 -0.00146986 -0.00113492 -0.00188386 -0.00140185 -0.0021839 -0.00195718 -0.00216585 -0.0011665 -0.00148652 -0.00190094 -0.00190913 -0.00228017 -0.00222267 -0.00202467 -0.00175374 -0.0015767 -0.00175884 -0.0020931 -0.00241661 -0.00199835 -0.00247477 -0.00151409 -0.00183205 -0.00193631 -0.00142253 -0.00137636 -0.00141271 -0.00172557 -0.00177901 -0.00241121 -0.000616016 -0.00219264 -0.00155957 -0.00188415 -0.00212334 -0.000923799 -0.00144105 -0.00105231 -0.0021217 
-1.2641e-05 -0.00113618 0.00211754 0.00238492 0.00224433 0.00191479 0.00220654 0.133767 0.00252621 0.00283946 0.00191074 0.00181367 0.00317108 -0.00176656 -0.00162985 -0.00196024 -0.00144216 -0.00290502 -0.00268646 -0.00179569 -0.00204178 -0.00254768 -0.00270375 -0.00160775 -0.00243044 -0.00167429 -0.00158642 -0.00201604 -0.00185095 -0.00198654 -0.00264589 -0.00211376 -0.0024172 -0.00273309 -0.00146731 -0.00193895 -0.00106593 -0.00198552 -0.00185532 -0.00141561 -0.00196107 -0.00105825 -0.00153435 -0.00193504 -0.00178143 -0.000896463 -0.00185363 -0.00184912 -0.00181486 -0.00120093 -0.00205118 -0.00187908 -0.0023997 -0.00161401 -0.00224277 -0.00170695 -0.00229459 -0.00179443 -0.00248173 -0.00195372 -0.0013338 -0.0015978 -0.00125495 -0.00193706 -0.00166006 -0.00136791 -0.00153473 -0.00141917 -0.00225692 -0.00144538 -0.00179416 -0.00154373 -0.0017908 -0.00197634 -0.00246424 -0.000934954 -0.00216368 -0.00209162 -0.00175781 -0.00151886 -0.00147452 -0.00196908 -0.00177282 -0.00193776 -0.00199931 -0.000919741 -0.0020813 -0.00202434 -0.0012298 -0.00194756 -0.00139549 -0.00213733 -0.00159169 -0.00177454 -0.000736665 -0.000859102 -0.00126476 -0.00127991 -0.00136523 -0.00156865 
-0.00116454 -0.00149789 -0.00122869 0.00277816 0.00201017 0.000807857 0.0032172 0.00252621 0.130113 0.00308461 0.00219662 0.00237627 0.00221071 0.00188487 -0.000853201 -0.00162354 -0.00149896 -0.00239047 -0.00115258 -0.00284642 -0.00260324 -0.00170955 -0.00225826 -0.0025153 -0.00228616 -0.00277317 -0.000682932 -0.00207725 -0.00182969 -0.00166404 -0.00157492 -0.00190746 -0.00263455 -0.00116015 -0.00159402 -0.0019599 -0.00107025 -0.00134753 -0.00169252 -0.000761392 -0.00140163 -0.00214434 -0.00212011 -0.00181654 -0.0016136 -0.0023953 -0.00190573 -0.00169618 -0.00174897 -0.00129363 -0.00116337 -0.00167526 -0.00151166 -0.00207971 -0.00157449 -0.0021074 -0.00125938 -0.00228096 -0.00219248 -0.00266872 -0.0021047 -0.0018379 -0.00121729 -0.00266533 -0.0013898 -0.00162793 -0.00188457 -0.00205206 -0.00162361 -0.00196242 -0.00237527 -0.00143008 -0.00210901 -0.00220459 -0.00215385 -0.00221814 -0.00144597 -0.00195189 -0.00125325 -0.00182699 -0.000368741 -0.00191197 -0.00212059 -0.000937252 -0.00128875 -0.00170272 -0.00126443 -0.0010311 -0.00135881 -0.000974462 -0.00168471 -0.00209384 -0.00180776 -0.00135117 -0.00181703 -0.00102805 -0.00165527 -0.000848772 -0.00201281 -0.00160479 
-0.000663836 -0.00143725 -0.00112894 -0.00102433 0.00252216 0.00118047 0.00278983 0.00283946 0.00308461 0.134343 0.00304128 0.0020776 0.00286263 0.00297332 -0.00210486 -0.00203539 -0.00177993 -0.00265509 -0.00102002 -0.00166286 -0.00246559 -0.00240405 -0.0024142 -0.00136193 -0.00108039 -0.00145799 -0.00182216 -0.00231126 -0.00195814 -0.00155934 -0.000998017 -0.00196797 -0.00211752 -0.00196472 -0.00165387 -0.0016527 -0.00240744 -0.00114157 -0.00191127 -0.00139444 -0.00154349 -0.00108768 -0.00212718 -0.00210362 -0.00189385 -0.00231494 -0.000901511 -0.00143189 -0.000937453 -0.00125642 -0.00155543 -0.00198539 -0.00175567 -0.000893091 -0.00169365 -0.0016867 -0.00177559 -0.00193357 -0.00181596 -0.00259551 -0.00190151 -0.00240334 -0.00166479 -0.00120477 -0.00196297 -0.00219149 -0.00200605 -0.00186234 -0.00145765 -0.00148352 -0.00297827 -0.00261488 -0.00241238 -0.00221359 -0.00262247 -0.0017528 -0.00151013 -0.000398078 -0.00176456 -0.00225078 -0.00188903 -0.00121198 -0.00178555 -0.00186752 -0.00204032 -0.00173551 -0.00131596 -0.00186823 -0.00160552 -0.00159976 -0.000975098 -0.00217657 -0.00187941 -0.00107304 -0.00168965 -0.00255421 -0.00198823 -0.000959296 -0.0022432 -0.00175412 
-0.00218241 -0.00132592 -0.00170893 -0.00180483 -0.00107039 0.00147967 0.00370118 0.00191074 0.00219662 0.00304128 0.134225 0.00263995 0.00355484 0.00247038 0.00293733 0.00199454 -0.00261199 -0.00165008 -0.0022683 -0.00142116 -0.00181975 -0.00242665 -0.00243314 -0.00241828 -0.00269388 -0.00172429 -0.00123759 -0.00212035 -0.00204372 -0.00124821 -0.0021703 -0.0019433 -0.00173066 -0.00189578 -0.00247416 -0.00129962 -0.00251159 -0.00182378 -0.00138931 -0.00188777 -0.00157518 -0.00148442 -0.00237593 -0.00191029 -0.0021669 -0.00149224 -0.00161709 -0.00137698 -0.00209003 -0.0017962 -0.00243919 -0.000806242 -0.00215342 -0.00208818 -0.00127541 -0.00228038 -0.00139757 -0.000944816 -0.00280913 -0.00219566 -0.00181697 -0.00199446 -0.00187588 -0.00206204 -0.00210104 -0.00202589 -0.0010753 -0.00223615 -0.00134068 -0.00173457 -0.00210822 -0.00199881 -0.00200162 -0.00180921 -0.00185812 -0.00157169 -0.000697791 -0.00151996 -0.00107906 -0.0017407 -0.00203963 -0.00198123 -0.00132857 -0.000829878 -0.00201528 -0.00138279 -0.00157024 -0.00175558 -0.0018585 -0.00170259 -0.00247933 -0.00223349 -0.00133286 -0.00153932 -0.00117532 -0.00184134 -0.00182092 -0.00155108 -0.00160874 -0.00184505 
-0.00253058 -0.00158609 -0.00174961 -0.00194414 -0.00178234 -0.00135897 0.00204081 0.00181367 0.00237627 0.0020776 0.00263995 0.138305 0.00362255 0.00228263 0.00216425 0.00263883 0.00229064 -0.000501057 -0.00200319 -0.000916365 -0.00269932 -0.00239097 -0.00315253 -0.0022489 -0.00265347 -0.00246061 -0.00167493 -0.00223196 -0.00157308 -0.00133924 -0.00135904 -0.00159842 -0.00192431 -0.00196868 -0.00175851 -0.00172869 -0.0017065 -0.00177904 -0.00152875 -0.00149977 -0.00163609 -0.00188435 -0.00112707 -0.00217543 -0.000967654 -0.00307817 -0.00217678 -0.00201814 -0.00182967 -0.000615238 -0.00196513 -0.00135581 -0.00108596 -0.00144354 -0.000352048 -0.0019273 -0.00186384 -0.00186015 -0.00179701 -0.00163743 -0.00174324 -0.00196518 -0.00146415 -0.00172294 -0.00173176 -0.00165149 -0.00278653 -0.00197294 -0.00166422 -0.00208211 -0.00191721 -0.00176584 -0.0014469 -0.00216292 -0.00169651 -0.00183712 -0.00246466 -0.00228538 -0.00135794 -0.00239237 -0.00189161 -0.00265127 -0.00213569 -0.00103288 -0.00205125 -0.00207808 -0.00180565 -0.00145073 -0.00151671 -0.00205045 -0.00178614 -0.00190979 -0.00117095 -0.00108419 -0.00164508 -0.00220478 -0.00219717 -0.00242263 -0.00248417 -0.00212532 
-0.00124217 -0.00123907 -0.00121347 -0.00247962 -0.00127985 -0.000717101 -0.00145728 0.00317108 0.00221071 0.00286263 0.00355484 0.00362255 0.133986 0.00263913 0.00262173 0.00309208 0.0019031 -0.00223937 -0.00122539 -0.00193867 -0.00220287 -0.00197049 -0.00253767 -0.00250236 -0.00218964 -0.00201983 -0.00226569 -0.00158035 -0.00317374 -0.00203432 -0.00217423 -0.00138148 -0.00210421 -0.00240191 -0.00177542 -0.00215725 -0.00286238 -0.00254495 -0.00192699 -0.00204022 -0.00090431 -0.000891126 -0.0014332 -0.00175423 -0.00185396 -0.00151823 -0.00160624 -0.0017477 -0.00206944 -0.00174713 -0.00111082 -0.0014279 -0.00145483 -0.0014892 -0.00183306 -0.00148665 -0.00216345 -0.00198468 -0.0015764 -0.00212666 -0.00247435 -0.00192211 -0.000509354 -0.00122164 -0.00175368 -0.0015311 -0.00115363 -0.00165685 -0.00236619 -0.00177741 -0.00213642 -0.00169618 -0.00179481 -0.00246924 -0.00234597 -0.00195924 -0.000665581 -0.00150238 -0.00182947 -0.00152886 -0.00140215 -0.00150515 -0.00169204 -0.00146287 -0.00206817 -0.00186149 -0.00170943 -0.00193664 -0.00132294 -0.000759887 -0.00133631 -0.00224241 -0.00250441 -0.00146008 -0.00162437 -0.00210765 -0.00163997 -0.00148868 -0.00212105 -0.00206643 
-0.00195287 -0.00197509 -0.0020697 -0.00348695 -0.0020583 -0.00139977 -0.00150776 -0.00176656 0.00188487 0.00297332 0.00247038 0.00228263 0.00263913 0.145114 0.00350581 0.00295356 0.00385531 0.00282248 0.00356314 -0.00193004 -0.00138601 -0.000630285 -0.00144922 -0.00265532 -0.00216731 -0.00225193 -0.00220889 -0.00227214 -0.00216552 -0.00181795 -0.00229252 -0.0030808 -0.00161527 -0.00250966 -0.00171562 -0.00220509 -0.00211668 -0.00161752 -0.0011287 -0.00148972 -0.00234795 -0.00155707 -0.00148428 -0.00169157 -0.00180588 -0.0024095 -0.00220524 -0.00129361 -0.00250621 -0.00117869 -0.00167466 -0.00249355 -0.0021001 -0.00209351 -0.00267618 -0.00250017 -0.00349871 -0.00254281 -0.00276162 -0.00197939 -0.00223187 -0.00196679 -0.0013402 -0.00217035 -0.00153007 -0.00294639 -0.00204925 -0.00221925 -0.00205756 -0.00132147 -0.00198038 -0.00140282 -0.00139983 -0.0022027 -0.00241828 -0.00174709 -0.00262968 -0.00130176 -0.00157926 -0.00203365 -0.00139433 -0.00174582 -0.00182763 -0.00170127 -0.00241194 -0.00282453 -0.00183536 -0.00222429 -0.000933112 -0.00132059 -0.00175098 -0.00126498 -0.00189245 -0.00109597 -0.00214333 -0.00147829 -0.00222563 -0.00176906 -0.00189404 -0.00207884 
-0.00150305 -0.00187307 -0.00170329 -0.00186482 -0.00108954 -0.00188629 -0.00198603 -0.00162985 -0.000853201 -0.00210486 0.00293733 0.00216425 0.00262173 0.00350581 0.141001 0.00289891 0.00253822 0.00288008 0.00199715 0.00351258 -0.00276965 -0.00106748 -0.00196312 -0.00180087 -0.0015684 -0.00256664 -0.00167944 -0.00240673 -0.00254997 -0.00141352 -0.00240192 -0.00225591 -0.0029707 -0.00201834 -0.00199422 -0.00234651 -0.00204662 -0.00125957 -0.0022809 -0.00248596 -0.00115916 -0.00220171 -0.00220776 -0.00162867 -0.0022803 -0.00115831 -0.00168986 -0.00206494 -0.00209635 -0.00185483 -0.00284925 -0.00226072 -0.00180381 -0.00188963 -0.00198328 -0.0017348 -0.00245659 -0.0011909 -0.00187365 -0.00248718 -0.00249754 -0.00177428 -0.00164206 -0.00159496 -0.00158828 -0.00159493 -0.0021033 -0.00208512 -0.00226951 -0.00174849 -0.00177995 -0.00116536 -0.00132331 -0.00229934 -0.00188031 -0.00308914 -0.00162784 -0.00118998 -0.00207453 -0.000987304 -0.00208995 -0.0017064 -0.00171608 -0.00134651 -0.00115017 -0.000926388 -0.00172532 -0.00187746 -0.00134853 -0.00148322 -0.00143836 -0.00158265 -0.00132629 -0.00165359 -0.00248818 -0.0020829 -0.00136215 -0.00182652 -0.0014357 -0.00196314 
-0.00168852 -0.00115167 -0.00168077 -0.00197758 -0.00106905 -0.00198498 -0.00131855 -0.00196024 -0.00162354 -0.00203539 0.00199454 0.00263883 0.00309208 0.00295356 0.00289891 0.146236 0.00264301 0.00199824 0.00392378 0.00309457 -0.00192589 -0.00107424 -0.00145483 -0.00186553 -0.00126621 -0.00335413 -0.00259187 -0.00221917 -0.00230361 -0.00235425 -0.00249285 -0.00250789 -0.00304917 -0.00244108 -0.00239267 -0.00189875 -0.00246683 -0.00214357 -0.00168402 -0.00194386 -0.00270189 -0.00159025 -0.00202314 -0.00194393 -0.0023318 -0.00174107 -0.00156113 -0.00142071 -0.00204007 -0.00166536 -0.00224897 -0.0017848 -0.00204008 -0.00281369 -0.00159181 -0.0024991 -0.0015331 -0.0013723 -0.0017319 -0.00141964 -0.00224092 -0.00137869 -0.00224368 -0.00209559 -0.00228648 -0.00194105 -0.00140835 -0.00190092 -0.00244631 -0.0018198 -0.00164467 -0.00192894 -0.00200238 -0.00230301 -0.00147811 -0.00121759 -0.00150571 -0.00146339 -0.00151435 -0.000984477 -0.00200103 -0.00176711 -0.00192729 -0.00195336 -0.00145373 -0.00181724 -0.00185359 -0.00165073 -0.00197316 -0.00147885 -0.00258652 -0.00170382 -0.00205169 -0.00189707 -0.00201143 -0.00235786 -0.00162194 -0.00220906 -0.0018935 -0.00148459 
-0.00166289 -0.00199538 -0.00213999 -0.00262797 -0.00228568 -0.0017795 -0.00187385 -0.00144216 -0.00149896 -0.00177993 -0.00261199 0.00229064 0.0019031 0.00385531 0.00253822 0.00264301 0.14264 0.00289592 0.0046142 0.00328168 0.00216849 0.00394831 -0.000939431 -0.00223474 -0.0025532 -0.00211604 -0.00241025 -0.00213632 -0.00268473 -0.00174951 -0.00208431 -0.00143265 -0.00216604 -0.00214506 -0.00293775 -0.00137777 -0.00251776 -0.00267718 -0.00297157 -0.00152701 -0.00213412 -0.00232303 -0.00147247 -0.00244866 -0.00150657 -0.00270588 -0.00277509 -0.00189654 -0.00225559 -0.00122106 -0.00204041 -0.00216281 -0.00145708 -0.00240467 -0.00155486 -0.0017838 -0.00190437 -0.00138879 -0.000935573 -0.00243083 -0.0011583 -0.00164401 -0.00197647 -0.00131007 -0.00174212 -0.00166359 -0.00196853 -0.00195917 -0.00160205 -0.00158559 -0.00231476 -0.00121575 -0.00264821 -0.00250984 -0.00199831 -0.00201454 -0.00177208 -0.00211742 -0.00277271 -0.00188565 -0.00225115 -0.00157152 -0.00167729 -0.00192241 -0.00221434 -0.0016219 -0.00269911 -0.00148792 -0.000764359 -0.00062926 -0.0015646 -0.00183801 -0.00124949 -0.00169751 -0.00223098 -0.00180077 -0.00153306 -0.00191166 -0.00275911 -0.00233381 
-0.00225577 -0.00179478 -0.00192318 -0.00246986 -0.00202113 -0.00230316 -0.000946668 -0.00290502 -0.00239047 -0.00265509 -0.00165008 -0.000501057 -0.00223937 0.00282248 0.00288008 0.00199824 0.00289592 0.149063 0.00318747 0.00213009 0.00384883 0.00467322 0.00299603 -0.0014951 -0.00254453 -0.00139783 -0.00173958 -0.00189492 -0.001747 -0.00244334 -0.00154216 -0.00132562 -0.00254699 -0.00210402 -0.00246409 -0.0008687 -0.00286364 -0.00262715 -0.002236 -0.00233587 -0.00292475 -0.0016763 -0.00224733 -0.00267663 -0.0023566 -0.00201677 -0.00200685 -0.00285649 -0.00205869 -0.000609635 -0.00253385 -0.00222071 -0.00200456 -0.00263336 -0.00159086 -0.00137531 -0.00107512 -0.00149657 -0.00129564 -0.0013136 -0.00181068 -0.00221123 -0.000996466 -0.00162384 -0.00134811 -0.00185613 -0.0021646 -0.00171448 -0.002284 -0.00249916 -0.00241003 -0.00215777 -0.00167022 -0.00203771 -0.00145572 -0.00244195 -0.0019123 -0.00252992 -0.00105207 -0.00204642 -0.00170226 -0.00255294 -0.00201911 -0.0018673 -0.00171065 -0.0014639 -0.00218666 -0.00145412 -0.00237113 -0.00268773 -0.000802767 -0.00215416 -0.00224809 -0.00221291 -0.00283429 -0.00274378 -0.00183261 -0.00120537 -0.00120775 -0.00181359 
-0.00167548 -0.002169 -0.00230688 -0.00135207 -0.00154082 -0.00247181 -0.00278269 -0.00268646 -0.00115258 -0.00102002 -0.0022683 -0.00200319 -0.00122539 0.00356314 0.00199715 0.00392378 0.0046142 0.00318747 0.147031 0.0030302 0.00282774 0.00400338 0.00217309 -0.00186625 -0.0017251 -0.00201652 -0.00195384 -0.00228831 -0.00267459 -0.00215693 -0.00286279 -0.00296896 -0.00229832 -0.00250821 -0.00167689 -0.00174164 -0.00238673 -0.00346731 -0.00226507 -0.0021368 -0.00210273 -0.0017597 -0.00202636 -0.00133307 -0.00233943 -0.00156153 -0.00135629 -0.00165708 -0.00205386 -0.00132563 -0.00152497 -0.00222341 -0.00165216 -0.0015243 -0.00232869 -0.00231602 -0.00194614 -0.00184001 -0.00159042 -0.00267751 -0.00157446 -0.00162537 -0.0025111 -0.00127204 -0.00267485 -0.00176625 -0.00278885 -0.0023982 -0.00174602 -0.00156816 -0.0018264 -0.00236238 -0.00232569 -0.00259029 -0.00104542 -0.00162052 -0.00225845 -0.00220023 -0.00155166 -0.00205176 -0.00181463 -0.00215795 -0.00177288 -0.00241646 -0.00167509 -0.0021432 -0.00249277 -0.00191104 -0.00139065 -0.00151513 -0.00175798 -0.00166338 -0.00175167 -0.00240575 -0.00181415 -0.00128945 -0.00155075 -0.0011956 -0.00104896 -0.00203727 
-0.00248388 -0.00272496 -0.00143752 -0.00227739 -0.0020468 -0.00222308 -0.00195735 -0.00179569 -0.00284642 -0.00166286 -0.00142116 -0.000916365 -0.00193867 -0.00193004 0.00351258 0.00309457 0.00328168 0.00213009 0.0030302 0.143652 0.00333197 0.00338822 0.00246922 0.0025896 0.0027479 -0.00250206 -0.0025263 -0.00197248 -0.00198246 -0.00148136 -0.00264315 -0.00248541 -0.00169433 -0.00243588 -0.00244781 -0.00320897 -0.00256252 -0.0014418 -0.00180566 -0.00146054 -0.00107311 -0.002242 -0.00246466 -0.00125454 -0.00197458 -0.00276354 -0.00204155 -0.00177575 -0.00180082 -0.00151808 -0.00260978 -0.0025103 -0.00156668 -0.00226078 -0.00204692 -0.00182974 -0.00200388 -0.00185217 -0.00243469 -0.00246512 -0.00179125 -0.00208488 -0.00229465 -0.00169637 -0.00159951 -0.0017721 -0.00223686 -0.00142693 -0.00137072 -0.00177292 -0.00159564 -0.00207954 -0.00149041 -0.00163676 -0.00201398 -0.00198499 -0.00199476 -0.0022427 -0.00156037 -0.00188939 -0.00136803 -0.00316558 -0.00159233 -0.0018827 -0.00172574 -0.00159865 -0.000941934 -0.00179264 -0.00220485 -0.000919775 -0.00190562 -0.00137709 -0.00201499 -0.00236409 -0.00165658 -0.00144488 -0.00189415 -0.00196789 -0.00213808 -0.00193598 
-0.00209841 -0.00222724 -0.00233339 -0.00163062 -0.00221653 -0.00248498 -0.00224663 -0.00204178 -0.00260324 -0.00246559 -0.00181975 -0.00269932 -0.00220287 -0.00138601 -0.00276965 -0.00192589 0.00216849 0.00384883 0.00282774 0.00333197 0.151 0.0040593 0.00339875 0.00281732 0.00327743 0.00213303 -0.00204769 -0.00132166 -0.00139577 -0.00110763 -0.00212539 -0.00232626 -0.00165273 -0.00257715 -0.000917914 -0.00171277 -0.00158681 -0.00145765 -0.00236129 -0.00253424 -0.00171148 -0.00116984 -0.00225576 -0.00246753 -0.00261177 -0.00198385 -0.0019432 -0.00217284 -0.00136845 -0.00278777 -0.0018793 -0.00242146 -0.00236223 -0.00221953 -0.00298904 -0.00266658 -0.0018658 -0.00117074 -0.000724909 -0.00180961 -0.00193403 -0.00171266 -0.00252944 -0.000980745 -0.00185251 -0.00280096 -0.00210204 -0.00220728 -0.00158109 -0.00183487 -0.00237448 -0.00261437 -0.00153627 -0.00219454 -0.00134624 -0.00221173 -0.00171428 -0.00119955 -0.00231265 -0.00247631 -0.00172886 -0.00232979 -0.00186929 -0.00220284 -0.00233696 -0.00241234 -0.00227353 -0.00211647 -0.00135798 -0.00196101 -0.00274483 -0.00177257 -0.00138185 -0.0017148 -0.00145659 -0.00156178 -0.00245262 -0.00156268 -0.00117405 -0.00207718 
-0.0021183 -0.00190824 -0.00169825 -0.00249249 -0.00282793 -0.00178979 -0.00232236 -0.00254768 -0.00170955 -0.00240405 -0.00242665 -0.00239097 -0.00197049 -0.000630285 -0.00106748 -0.00107424 0.00394831 0.00467322 0.00400338 0.00338822 0.0040593 0.150304 0.004594 0.00191312 0.00357533 0.00163905 -0.0025216 -0.00184241 -0.0023034 -0.00212831 -0.0016278 -0.00204353 -0.00143966 -0.00231158 -0.00191276 -0.0024505 -0.00229552 -0.00304989 -0.00211708 -0.0027576 -0.00184972 -0.00192367 -0.00275435 -0.00214953 -0.00330304 -0.00157936 -0.00230044 -0.00293414 -0.00234738 -0.0012635 -0.00124216 -0.00257937 -0.0022451 -0.00243546 -0.00226921 -0.00180353 -0.0027554 -0.00249908 -0.00164222 -0.00135778 -0.00274549 -0.00210801 -0.0018709 -0.00172539 -0.00267641 -0.00127341 -0.00206122 -0.00204591 -0.00152259 -0.00172332 -0.00170751 -0.00116258 -0.00164987 -0.000604496 -0.00161416 -0.00242105 -0.00154288 -0.00171035 -0.00154147 -0.00165352 -0.00122861 -0.00184598 -0.0011524 -0.0017877 -0.00252821 -0.00213287 -0.00257218 -0.00177313 -0.0017706 -0.00186588 -0.00224741 -0.00233044 -0.00197091 -0.00195645 -0.00208043 -0.00274913 -0.00274796 -0.00244087 -0.00276525 -0.00137607 
-0.00230067 -0.00191325 -0.0024755 -0.00203529 -0.00186865 -0.00239512 -0.00265609 -0.00270375 -0.00225826 -0.0024142 -0.00243314 -0.00315253 -0.00253767 -0.00144922 -0.00196312 -0.00145483 -0.000939431 0.00299603 0.00217309 0.00246922 0.00339875 0.004594 0.145656 0.00338984 0.00319577 0.0028375 0.00339615 -0.000580808 -0.000559816 -0.00161035 -0.00296979 -0.00252449 -0.00196068 -0.00128128 -0.00222707 -0.00317944 -0.00246008 -0.0031043 -0.0019777 -0.00167948 -0.00200349 -0.00193973 -0.00230128 -0.00279511 -0.00264023 -0.00189405 -0.00183142 -0.00258403 -0.00229467 -0.00211423 -0.000755735 -0.00188227 -0.00237498 -0.00251276 -0.000876444 -0.00234712 -0.00228965 -0.00144329 -0.00205944 -0.00104715 -0.00209254 -0.00194921 -0.00251755 -0.00147497 -0.00164706 -0.00220452 -0.00178226 -0.00194545 -0.00234476 -0.00230182 -0.00278243 -0.00240929 -0.000634737 -0.00229051 -0.00153225 -0.00298533 -0.00158641 -0.00169806 -0.000851666 -0.00195999 -0.00197071 -0.0021544 -0.00158912 -0.00164056 -0.00174093 -0.00255907 -0.00213282 -0.000757287 -0.00146548 -0.00170259 -0.00178854 -0.00138842 -0.0011823 -0.0017794 -0.000836934 -0.00231593 -0.000938897 -0.000882387 -0.00174323 -0.0014936 
-0.00157167 -0.00184272 -0.00207236 -0.00192256 -0.00191896 -0.00230905 -0.00218189 -0.00160775 -0.0025153 -0.00136193 -0.00241828 -0.0022489 -0.00250236 -0.00265532 -0.00180087 -0.00186553 -0.00223474 -0.0014951 -0.00186625 0.0025896 0.00281732 0.00191312 0.00338984 0.142416 0.00287112 0.00157888 0.00292527 0.00228946 -0.000955585 -0.000492559 -0.00108127 -0.00186779 -0.00260418 -0.00141408 -0.0012884 -0.00225457 -0.00151207 -0.00203168 -0.00138665 -0.00153551 -0.00161626 -0.00127413 -0.00143364 -0.00285058 -0.00136713 -0.00122001 -0.00151812 -0.00137115 -0.00209848 -0.00175089 -0.00219744 -0.00163217 -0.00158844 -0.00197122 -0.00181519 -0.00187919 -0.00190941 -0.00175198 -0.00201193 -0.0017311 -0.00195456 -0.001905 -0.0016281 -0.00175766 -0.00201356 -0.00101091 -0.00175733 -0.00144388 -0.00200711 -0.00169109 -0.0013122 -0.00227412 -0.00138054 -0.00111749 -0.00201064 -0.00271465 -0.00183069 -0.00205218 -0.000713755 -0.00126798 -0.00134273 -0.00204404 -0.0019307 -0.00195884 -0.00179165 -0.00184429 -0.00192284 -0.00203875 -0.00142533 -0.00159858 -0.00196974 -0.00220699 -0.00206953 -0.00127125 -0.00115323 -0.00253974 -0.00151291 -0.00272523 -0.00151903 -0.00227735 
-0.00226507 -0.00224477 -0.00157764 -0.00221795 -0.00208371 -0.00242457 -0.00232379 -0.00243044 -0.00228616 -0.00108039 -0.00269388 -0.00265347 -0.00218964 -0.00216731 -0.0015684 -0.00126621 -0.0025532 -0.00254453 -0.0017251 0.0027479 0.00327743 0.00357533 0.00319577 0.00287112 0.148621 0.0036404 0.00188159 0.00347436 0.00243218 0.00277018 -0.00212207 -0.00161179 -0.00154952 -0.0016014 -0.00192542 -0.00202167 -0.00143612 -0.00200122 -0.00150841 -0.00157128 -0.00201255 -0.00250656 -0.0024269 -0.00170862 -0.00232165 -0.00249482 -0.00202333 -0.00177073 -0.00217297 -0.00280439 -0.00159812 -0.00214728 -0.00193388 -0.00238495 -0.00114867 -0.00300363 -0.00206575 -0.00190895 -0.00126071 -0.00175236 -0.00209906 -0.00156282 -0.00218578 -0.00101378 -0.00124012 -0.00239644 -0.00138334 -0.00131218 -0.00151473 -0.00137387 -0.00198374 -0.00300893 -0.00186581 -0.00280219 -0.00264965 -0.00186466 -0.00191863 -0.00116472 -0.00151874 -0.00203827 -0.00193503 -0.00205808 -0.00299259 -0.0024612 -0.00191377 -0.00215037 -0.00277049 -0.00169078 -0.00254084 -0.00201771 -0.00179391 -0.00241976 -0.0024542 -0.00233557 -0.00120782 -0.00238191 -0.00204112 -0.00233061 -0.00145767 -0.00154445 
-0.00189739 -0.00182469 -0.00266485 -0.00159911 -0.00202187 -0.00209783 -0.00171859 -0.00167429 -0.00277317 -0.00145799 -0.00172429 -0.00246061 -0.00201983 -0.00225193 -0.00256664 -0.00335413 -0.00211604 -0.00139783 -0.00201652 -0.00250206 0.00213303 0.00163905 0.0028375 0.00157888 0.0036404 0.144694 0.00284244 0.00300751 0.00198248 0.00255592 0.00191715 -0.00236447 -0.00195946 -0.00118293 -0.00254409 -0.00219282 -0.00212494 -0.00259761 -0.00243327 -0.00240245 -0.00146506 -0.00130053 -0.00218857 -0.00123784 -0.00225837 -0.00131123 -0.00182922 -0.00264053 -0.000946276 -0.00300472 -0.00227 -0.0026069 -0.00159597 -0.00186196 -0.00161999 -0.00193954 -0.00178004 -0.00191406 -0.00130421 -0.00137453 -0.00192008 -0.00181138 -0.00139124 -0.00213648 -0.00161407 -0.00279412 -0.00200364 -0.00240115 -0.00139835 -0.00112824 -0.000895765 -0.00233145 -0.00293857 -0.00179471 -0.00201179 -0.0014963 -0.00193752 -0.00085421 -0.00201076 -0.00225136 -0.00165818 -0.00129564 -0.00209085 -0.00158298 -0.0012799 -0.00192386 -0.0023063 -0.00195911 -0.00201389 -0.00122238 -0.00211479 -0.00166604 -0.00233043 -0.00155134 -0.00234513 -0.000745963 -0.0010726 -0.00143194 -0.0013773 -0.0013474 
-0.00161084 -0.00136602 -0.00261466 -0.00142669 -0.00206582 -0.00160356 -0.00270902 -0.00158642 -0.000682932 -0.00182216 -0.00123759 -0.00167493 -0.00226569 -0.00220889 -0.00167944 -0.00259187 -0.00241025 -0.00173958 -0.00195384 -0.0025263 -0.00204769 -0.0025216 0.00339615 0.00292527 0.00188159 0.00284244 0.143611 0.00228181 0.00326124 0.00304189 0.00204067 0.00270944 -0.00141133 -0.00127998 -0.00203843 -0.00172013 -0.00252463 -0.00264689 -0.00260679 -0.00191477 -0.0013192 -0.00113878 -0.00196288 -0.00220507 -0.00153641 -0.00223623 -0.00147567 -0.00147057 -0.00201181 -0.00171695 -0.000943405 -0.00243384 -0.00178029 -0.00184765 -0.00145212 -0.00119199 -0.00207469 -0.000679641 -0.00242468 -0.00206442 -0.00143295 -0.0014981 -0.00172944 -0.00137482 -0.00180295 -0.00155284 -0.00200621 -0.00237457 -0.00231485 -0.0020027 -0.00202472 -0.00216529 -0.00171025 -0.00170734 -0.00228531 -0.00191738 -0.00216041 -0.00163314 -0.0017516 -0.00160939 -0.00218472 -0.00222207 -0.00121924 -0.0013031 -0.00183747 -0.00315668 -0.00132361 -0.00187402 -0.00116619 -0.00210861 -0.00207449 -0.00193215 -0.0023477 -0.00122379 -0.00246449 -0.00120002 -0.00227824 -0.00223578 -0.00186653 -0.0024632 
-0.00220887 -0.00158756 -0.00244116 -0.00264149 -0.0020924 -0.0021417 -0.00130513 -0.00201604 -0.00207725 -0.00231126 -0.00212035 -0.00223196 -0.00158035 -0.00227214 -0.00240673 -0.00221917 -0.00213632 -0.00189492 -0.00228831 -0.00197248 -0.00132166 -0.00184241 -0.000580808 0.00228946 0.00347436 0.00300751 0.00228181 0.138784 0.00300839 0.00239638 0.00320638 0.00157591 0.0018448 -0.00103821 -0.0020003 -0.00176585 -0.00179347 -0.000905974 -0.00194469 -0.00107492 -0.00165102 -0.00209343 -0.00238006 -0.0021953 -0.00252779 -0.00207035 -0.00183186 -0.00177582 -0.00073652 -0.00199343 -0.000761676 -0.00168873 -0.00198424 -0.00229879 -0.0021474 -0.00172173 -0.00153682 -0.00204489 -0.00187551 -0.00186783 -0.00222501 -0.00172462 -0.00187474 -0.00169617 -0.00188478 -0.00199046 -0.00142128 -0.00124111 -0.00133864 -0.00157924 -0.00125784 -0.00253207 -0.00241769 -0.0011911 -0.00079768 -0.00167682 -0.00168143 -0.00113138 -0.00153398 -0.00224293 -0.00162646 -0.00201987 -0.00179119 -0.00193857 -0.00219729 -0.00169377 -0.00268036 -0.00201587 -0.0023097 -0.00176565 -0.00140163 -0.00139183 -0.00233688 -0.00143338 -0.00180473 -0.00111588 -0.00141018 -0.00146758 -0.00143017 -0.00120238 
-0.00126586 -0.00123261 -0.000802906 -0.000842347 -0.00190333 -0.00158242 -0.00237388 -0.00185095 -0.00182969 -0.00195814 -0.00204372 -0.00157308 -0.00317374 -0.00216552 -0.00254997 -0.00230361 -0.00268473 -0.001747 -0.00267459 -0.00198246 -0.00139577 -0.0023034 -0.000559816 -0.000955585 0.00243218 0.00198248 0.00326124 0.00300839 0.135605 0.00219512 0.0023651 0.0025734 0.00231177 0.00231161 -0.000918842 -0.000482303 -0.002189 -0.000765415 -0.00138895 -0.00173704 -0.00221314 -0.00113282 -0.00142209 -0.00269749 -0.00163388 -0.00170767 -0.0015717 -0.00203427 -0.000873458 -0.00212945 -0.00129329 -0.00204747 -0.00141119 -0.00167011 -0.00200288 -0.00238233 -0.00186424 -0.00209112 -0.0016289 -0.00179445 -0.00115226 -0.00170924 -0.00124084 -0.00170778 -0.00236924 -0.00206435 -0.00196975 -0.00220739 -0.00183171 -0.00218021 -0.00182786 -0.00197058 -0.00159152 -0.00192437 -0.00137307 -0.00180478 -0.00206961 -0.00131977 -0.00146552 -0.00171903 -0.00206982 -0.00221386 -0.00117157 -0.00113646 -0.00131426 -0.00176858 -0.00190361 -0.00159528 -0.00242197 -0.00261512 -0.000823522 -0.0022323 -0.00225309 -0.00122921 -0.0024897 -0.00133875 -0.00171559 -0.00145123 -0.00223001 -0.00173522 
-0.00236396 -0.00196972 -0.00210818 -0.00156012 -0.00152701 -0.00201241 -0.00286329 -0.00198654 -0.00166404 -0.00155934 -0.00124821 -0.00133924 -0.00203432 -0.00181795 -0.00141352 -0.00235425 -0.00174951 -0.00244334 -0.00215693 -0.00148136 -0.00110763 -0.00212831 -0.00161035 -0.000492559 0.00277018 0.00255592 0.00304189 0.00239638 0.00219512 0.135917 0.00166173 0.00259552 0.00244216 0.00243437 -0.00156329 -0.00145039 -0.00219633 -0.00143762 -0.00200912 -0.00205813 -0.00196624 -0.00188891 -0.00149205 -0.00305455 -0.0016847 -0.00178243 -0.00163588 -0.00112483 -0.00111701 -0.00155077 -0.00267994 -0.00251217 -0.0022254 -0.00144327 -0.00175359 -0.00099725 -0.00232041 -0.00187402 -0.00151242 -0.00168226 -0.00200297 -0.00175786 -0.000677423 -0.00149718 -0.000987749 -0.00177889 -0.00121548 -0.00110016 -0.00158075 -0.00182136 -0.00200482 -0.00220831 -0.00134092 -0.00218679 -0.00194189 -0.00231379 -0.00168603 -0.00135572 -0.00114372 -0.00235621 -0.000864734 -0.00269174 -0.00180873 -0.00153655 -0.00170026 -0.00198578 -0.00262317 -0.00059292 -0.00100861 -0.00263144 -0.00244493 -0.00215515 -0.00168998 -0.00108812 -0.00204886 -0.00186743 -0.000854474 -0.00174074 -0.00172598 -0.00198769 
-0.00188273 -0.00205088 -0.000763562 -0.00144885 -0.00254834 -0.00205134 -0.00278072 -0.00264589 -0.00157492 -0.000998017 -0.0021703 -0.00135904 -0.00217423 -0.00229252 -0.00240192 -0.00249285 -0.00208431 -0.00154216 -0.00286279 -0.00264315 -0.00212539 -0.0016278 -0.00296979 -0.00108127 -0.00212207 0.00191715 0.00204067 0.00320638 0.0023651 0.00166173 0.136794 0.00180028 0.00240284 0.00172707 0.0015254 0.00274669 -0.00163882 -0.00121538 -0.00124169 -0.00125305 -0.0024936 -0.00178838 -0.00150796 -0.00226391 -0.00163654 -0.00176972 -0.00227043 -0.00184988 -0.00150594 -0.00193729 -0.000996579 -0.00144055 -0.0019742 -0.00185866 -0.00113729 -0.00159849 -0.00159404 -0.00098148 -0.00135764 -0.00183342 -0.000843951 -0.00255062 -0.00160645 -0.00140875 -0.00210068 -0.00180456 -0.00148545 -0.00207952 -0.0013883 -0.00156345 -0.000920364 -0.0019901 -0.00291235 -0.00112402 -0.00150791 -0.00253164 -0.00266844 -0.00100648 -0.00093707 -0.00156104 -0.0016735 -0.0025873 -0.00135826 -0.00172626 -0.00159873 -0.0018164 -0.00195863 -0.00157768 -0.00138111 -0.00101608 -0.00150931 -0.00252333 -0.00211609 -0.00129918 -0.00186757 -0.00204239 -0.00178812 -0.00137906 -0.00173398 -0.00140304 
-0.001693 -0.00164745 -0.000861275 -0.00245321 -0.00117404 -0.00203879 -0.00277018 -0.00211376 -0.00190746 -0.00196797 -0.0019433 -0.00159842 -0.00138148 -0.0030808 -0.00225591 -0.00250789 -0.00143265 -0.00132562 -0.00296896 -0.00248541 -0.00232626 -0.00204353 -0.00252449 -0.00186779 -0.00161179 -0.00236447 0.00270944 0.00157591 0.0025734 0.00259552 0.00180028 0.133733 0.00297161 0.00239549 0.00210139 0.00350452 0.00124955 -0.00138524 -0.000839447 -0.00126989 -0.00184937 -0.00199842 -0.00236529 -0.00177527 -0.00215375 -0.00203068 -0.00111507 -0.00156875 -0.00142247 -0.00161304 -0.000818379 -0.00213928 -0.00173284 -0.00166809 -0.00194721 -0.00205114 -0.0024598 -0.00216823 -0.00238654 -0.00179823 -0.00110415 -0.00168695 -0.00193797 -0.00123886 -0.0013519 -0.00121873 -0.00148727 -0.00136547 -0.00106653 -0.00208499 -0.00103617 -0.0020752 -0.00114298 -0.00159275 -0.00172737 -0.00208997 -0.00185362 -0.00153415 -0.00127799 -0.00166761 -0.00113292 -0.00167709 -0.000777939 -0.00174598 -0.0015504 -0.00152291 -0.00163171 -0.00132966 -0.00148171 -0.00182711 -0.00184528 -0.00236874 -0.00185585 -0.00185023 -0.00202475 -0.0019445 -0.00217601 -0.0013438 -0.00228099 -0.00139923 
-0.00157814 -0.000983203 -0.000905688 -0.00244832 -0.00179198 -0.00127001 -0.00210224 -0.0024172 -0.00263455 -0.00211752 -0.00173066 -0.00192431 -0.00210421 -0.00161527 -0.0029707 -0.00304917 -0.00216604 -0.00254699 -0.00229832 -0.00169433 -0.00165273 -0.00143966 -0.00196068 -0.00260418 -0.00154952 -0.00195946 -0.00141133 0.0018448 0.00231177 0.00244216 0.00240284 0.00297161 0.136079 0.00206672 0.00218683 0.00261473 0.00180148 0.00248401 -0.00109974 -0.000971606 -0.000370463 -0.00211368 -0.00176739 -0.00201626 -0.00202794 -0.00134384 -0.0011259 -0.00110526 -0.00153781 -0.00099031 -0.00107331 -0.00122099 -0.00178665 -0.00147297 -0.00182221 -0.0025473 -0.00132576 -0.0015046 -0.00174246 -0.00199229 -0.00259578 -0.00159271 -0.00188417 -0.00135583 -0.00260176 -0.00189123 -0.0017525 -0.000810778 -0.00265066 -0.00182538 -0.00228173 -0.00226935 -0.00253752 -0.000926949 -0.0012288 -0.0010623 -0.00158951 -0.00077631 -0.00148556 -0.00222709 -0.00191528 -0.00208328 -0.0020679 -0.00138365 -0.00187585 -0.00203824 -0.00154192 -0.00210189 -0.00264144 -0.00190402 -0.00153152 -0.00197711 -0.00126936 -0.00208404 -0.00169341 -0.00208703 -0.0021913 -0.00175788 -0.00172222 -0.00210777 
