0.117426 0.00286733 0.00170865 0.00180498 0.00211605 0.00196193 -0.00155946 -0.00231814 -0.00114034 -0.00196192 -0.000870404 -0.00235424 -0.00192468 -0.0020436 -0.0014103 -0.00193365 -0.00194162 -0.00291622 -0.00161996 -0.00252944 -0.00263831 -0.00140059 -0.00283611 -0.00216032 -0.00184969 -0.0017178 -0.00162104 -0.00190739 -0.00147854 -0.00148336 -0.000952661 -0.00166792 -0.00149491 -0.00141559 -0.00174747 -0.00209656 -0.001116 -0.00149479 -0.00163884 -0.0016864 -0.00136957 -0.00163655 -0.0015466 -0.00128772 -0.00134144 -0.00146871 -0.00149879 -0.00160517 -0.000997122 -0.000671449 -0.00138675 -0.00105798 -0.00149828 -0.00121635 -0.00106604 -0.00133039 -0.00141097 -0.00127064 -0.001582 -0.000908469 -0.00186197 -0.00187739 -0.00237218 -0.000919921 -0.00166493 -0.00145121 -0.00172782 -0.00154124 -0.00125864 -0.00110017 -0.000468962 -0.00146811 -0.00170047 -0.00124995 -0.00145721 -0.00111706 -0.00160886 -0.000853413 -0.00134053 -0.000763489 -0.00217929 -0.0018406 -0.00173743 -0.00143882 -0.000691514 -0.00153357 -0.0013712 -0.000614512 -0.00189602 -0.00165406 -0.00092119 -0.00142012 -0.00064153 -0.000834748 -0.00148238 -0.000863152 0.00195845 0.00238579 0.00180453 0.0019692 
0.00286733 0.128641 0.00162305 0.00161893 0.00310484 0.00240303 0.00227724 -0.00181038 -0.0011324 -0.00132945 -0.00124877 -0.00200499 -0.00180939 -0.000687899 -0.00291798 -0.00200324 -0.00369045 -0.00262784 -0.00191786 -0.00281666 -0.00189874 -0.0028931 -0.00267344 -0.00208238 -0.00273925 -0.00193778 -0.00210579 -0.0014974 -0.00165112 -0.00254024 -0.00202672 -0.00223316 -0.00107231 -0.00139213 -0.00139989 -0.00146205 -0.00230211 -0.000824659 -0.00108007 -0.0012838 -0.00222836 -0.00199545 -0.00247539 -0.00158981 -0.00172295 -0.00133065 -0.00131313 -0.00171693 -0.00184554 -0.00192412 -0.00200361 -0.00172413 -0.00189583 -0.00134352 -0.00209325 -0.00121125 -0.0019936 -0.00167937 -0.00123789 -0.00117995 -0.0019959 -0.00206189 -0.00195568 -0.000537109 -0.0018305 -0.00144015 -0.00156326 -0.000781098 -0.00118779 -0.000872815 -0.000727069 -0.00115278 -0.00140967 -0.00201125 -0.00168937 -0.00208797 -0.00151884 -0.00191632 -0.00120277 -0.00104646 -0.0021468 -0.0019028 -0.00133775 -0.000672559 -0.00147584 -0.00116843 -0.000897829 -0.00146181 -0.0019374 -0.00110759 -0.00125634 -0.00231396 -0.000999061 -0.0011743 -0.00146574 -0.000973003 -0.000403684 0.00253425 0.00215946 0.00205262 
0.00170865 0.00162305 0.127645 0.00224258 0.00208331 0.00246749 0.00245247 0.00223227 -0.00158489 -0.00148394 -0.00158186 -0.00146054 -0.00151781 -0.0017974 -0.00191658 -0.00232674 -0.00203971 -0.00161551 -0.00246443 -0.00124956 -0.0020721 -0.00187361 -0.00200811 -0.00195091 -0.00196523 -0.00294464 -0.00234424 -0.00173048 -0.00211098 -0.00202764 -0.00162522 -0.00185282 -0.00155918 -0.00131646 -0.00148647 -0.001704 -0.00160192 -0.0012293 -0.00159394 -0.00173506 -0.00156703 -0.0014132 -0.00207246 -0.00252244 -0.000663531 -0.00124737 -0.000874685 -0.00144548 -0.00153391 -0.00222787 -0.00134904 -0.00156663 -0.00115997 -0.00190575 -0.00131485 -0.00169512 -0.00134473 -0.00127899 -0.00144927 -0.00134847 -0.00261698 -0.00120524 -0.00131471 -0.00151322 -0.00149684 -0.00168329 -0.00116054 -0.00149254 -0.00113891 -0.00209415 -0.00169834 -0.00144895 -0.00130142 -0.00176406 -0.00140651 -0.00141543 -0.00113077 -0.00166254 -0.00128662 -0.000905699 -0.00193966 -0.00165732 -0.00125253 -0.00242849 -0.00124624 -0.00155416 -0.00197903 -0.000958299 -0.00180435 -0.00149959 -0.00163471 -0.00074338 -0.00144974 -0.00165167 -0.0014352 -0.000980964 -0.00157137 -0.00177537 0.00181611 0.000779866 
0.00180498 0.00161893 0.00224258 0.117512 0.00186644 0.00268732 0.00154166 0.00212792 0.00149234 -0.00182487 -0.00168398 -0.00176377 -0.00146075 -0.0023009 -0.0022371 -0.00216418 -0.00183583 -0.0019774 -0.00188709 -0.00173484 -0.00170704 -0.00186706 -0.00154417 -0.001805 -0.00142962 -0.000902437 -0.00149702 -0.0014263 -0.000349259 -0.000748527 -0.00165728 -0.00140886 -0.000689394 -0.000934053 -0.00131114 -0.0014668 -0.00136802 -0.00167025 -0.00216681 -0.000923667 -0.00169438 -0.00126726 -0.00214854 -0.00146312 -0.00198557 -0.00144292 -0.00171772 -0.00229906 -0.00190931 -0.00124593 -0.00154027 -0.00146269 -0.00145519 -0.0017845 -0.0016358 -0.0012361 -0.00116258 -0.00133549 -0.00213347 -0.001252 -0.00102771 -0.00138146 -0.00135199 -0.00102234 -0.0014361 -0.00187663 -0.00112859 -0.00155942 -0.00142841 -0.000978475 -0.00194002 -0.00256874 -0.00156725 -0.00221763 -0.00195567 -0.00142297 -0.00201398 -0.00142704 -0.00170058 -0.00113298 -0.00113148 -0.00111553 -0.00126165 -0.00166289 -0.000771728 -0.00126738 -0.00148671 -0.00123668 -0.00105424 -0.00181664 -0.00154191 -0.0014118 -0.00145036 -0.000657164 -0.00134007 -0.000925701 -0.00144565 -0.000781241 -0.00174518 0.00226308 
0.00211605 0.00310484 0.00208331 0.00186644 0.121465 0.00259254 0.00244811 0.00192543 0.0027383 0.00198842 -0.000730455 -0.0009437 -0.00130996 -0.00161438 -0.00162835 -0.0023348 -0.00194368 -0.00221184 -0.00244972 -0.00267711 -0.00227072 -0.00117072 -0.00191266 -0.00138657 -0.00236288 -0.00214726 -0.0021972 -0.00125971 -0.00148594 -0.00131383 -0.00144282 -0.000710431 -0.00214389 -0.00165107 -0.00151385 -0.00137158 -0.00227078 -0.0019693 -0.00134392 -0.00142484 -0.00234335 -0.00132371 -0.00196866 -0.0017116 -0.00224574 -0.00234948 -0.00233429 -0.00195719 -0.00124165 -0.000821382 -0.00159149 -0.00160914 -0.00188212 -0.00178642 -0.00136152 -0.00200132 -0.00144352 -0.00133057 -0.00150131 -0.000935533 -0.00142497 -0.0013436 -0.00184788 -0.00236157 -0.00253756 -0.00210632 -0.000670841 -0.000911987 -0.000679727 -0.00153876 -0.00237932 -0.00140031 -0.00212151 -0.000849213 -0.00138784 -0.00187958 -0.00122906 -0.00137539 -0.00202062 -0.00105079 -0.00172872 -0.00215413 -0.00136249 -0.00101743 -0.00164249 -0.00146538 -0.00170027 -0.00165668 -0.00107282 -0.00188843 -0.000639099 -0.00175588 -0.00114534 -0.00120938 -0.000855124 -0.000967233 -0.00119457 -0.000608606 -0.00103662 -0.00117704 
0.00196193 0.00240303 0.00246749 0.00268732 0.00259254 0.126969 0.00259649 0.00222663 0.00201973 0.00167003 0.00283949 -0.00145954 -0.00166824 -0.00134142 -0.00139644 -0.00233219 -0.00194622 -0.00177651 -0.00246271 -0.00224273 -0.00202215 -0.00180678 -0.00284516 -0.00219696 -0.00282693 -0.00187353 -0.00255295 -0.000578359 -0.00298594 -0.0014332 -0.00158547 -0.00110317 -0.00226067 -0.0021254 -0.00120419 -0.00158729 -0.00131185 -0.00177518 -0.00227235 -0.00123266 -0.000890719 -0.00169099 -0.00164783 -0.00108906 -0.000842051 -0.00207062 -0.00160386 0.000135398 -0.00141448 -0.000662859 -0.00179486 -0.00200143 -0.00190099 -0.00209887 -0.00153973 -0.000543045 -0.00164278 -0.00195477 -0.00236048 -0.00199885 -0.00180879 -0.00150928 -0.00103964 -0.00131641 -0.00286236 -0.00205159 -0.00203385 -0.00164327 -0.0022417 -0.00176916 -0.0015744 -0.00221388 -0.0016239 -0.00156665 -0.00192782 -0.00131477 -0.00150392 -0.00139087 -0.00204684 -0.000941603 -0.00114971 -0.0020647 -0.0017452 -0.00163072 -0.0017696 -0.00105769 -0.00150865 -0.00062312 -0.00161712 -0.00208816 -0.00179538 -0.00161465 -0.0018325 -0.00183021 -0.00115841 -0.000861182 -0.0024498 -0.00197146 -0.00213132 -0.00133451 
-0.00155946 0.00227724 0.00245247 0.00154166 0.00244811 0.00259649 0.127295 0.00152106 0.00229163 0.00200848 0.00261301 0.00133265 -0.00131609 -0.00224992 -0.00135358 -0.00157941 -0.00172253 -0.00184376 -0.00268859 -0.00343911 -0.00170976 -0.00197273 -0.00200638 -0.00177226 -0.00213733 -0.00216184 -0.00181652 -0.0025371 -0.0012822 -0.00195835 -0.00149636 -0.000973158 -0.00192071 -0.00157551 -0.00265498 -0.00195783 -0.0023294 -0.00184499 -0.00238771 -0.00196699 -0.00271505 -0.00259419 -0.00179026 -0.00188372 -0.0013347 -0.0021703 -0.00110471 -0.00109053 -0.000885471 -0.00113621 -0.00174494 -0.000950824 -0.00147117 -0.00193683 -0.00186978 -0.00116141 -0.00155127 -0.00145387 -0.00155503 -0.0014931 -0.00156647 -0.00182187 -0.00125769 -0.000789634 -0.00260368 -0.00273553 -0.0015248 -0.00127221 -0.00148752 -0.00108587 -0.00117684 -0.00152267 -0.00144794 -0.00133702 -0.0015372 -0.0014791 -0.00147873 -0.00204587 -0.00233921 -0.0012303 -0.0021554 -0.00207717 -0.00117925 -0.0012433 -0.00173426 -0.00158928 -0.00105266 -0.00110497 -0.00156478 -0.0020157 -0.00118812 -0.00171428 -0.00160843 -0.000851243 -0.0016702 -0.000990505 -0.00118132 -0.00096034 -0.00152684 -0.00112152 
-0.00231814 -0.00181038 0.00223227 0.00212792 0.00192543 0.00222663 0.00152106 0.131584 0.00260741 0.00308233 0.00190363 0.00193746 0.00249782 -0.000781054 -0.00185374 -0.00180963 -0.00141624 -0.00226496 -0.00233694 -0.00242315 -0.00237738 -0.00223172 -0.00281734 -0.00187894 -0.00194471 -0.00191007 -0.00172602 -0.00193223 -0.00177444 -0.00223104 -0.00286599 -0.00204442 -0.00218165 -0.00212498 -0.00282105 -0.00189642 -0.00201389 -0.000697337 -0.00195688 -0.00173331 -0.00174125 -0.00191962 -0.00180742 -0.00259646 -0.00147587 -0.00170852 -0.00194224 -0.00173661 -0.000456855 -0.00191447 -0.00173303 -0.00182954 -0.00158145 -0.00164494 -0.00172078 -0.000916245 -0.00147776 -0.000967194 -0.00174765 -0.00170302 -0.00197541 -0.00160944 -0.0012049 -0.000944879 -0.00286843 -0.00133427 -0.00182651 -0.00262081 -0.0020594 -0.00203026 -0.00156869 -0.00118745 -0.00145711 -0.00211486 -0.00216349 -0.000994042 -0.00232762 -0.00152093 -0.00217055 -0.00164372 -0.00123246 -0.00213727 -0.000990856 -0.000912409 -0.00139066 -0.000516877 -0.00239204 -0.0013745 -0.000628522 -0.00149342 -0.00142946 -0.00139057 -0.00149342 -0.00173066 -0.00126125 -0.00111667 -0.00193972 -0.00140075 -0.00135815 -0.00103818 
-0.00114034 -0.0011324 -0.00158489 0.00149234 0.0027383 0.00201973 0.00229163 0.00260741 0.128385 0.00252133 0.00225395 0.00325892 0.00200739 0.00213783 -0.00109635 -0.00145483 -0.00193387 -0.00210538 -0.00184101 -0.00226916 -0.00250201 -0.00234147 -0.00165833 -0.00156785 -0.00309946 -0.00231357 -0.00173723 -0.000931122 -0.00256638 -0.00143075 -0.0012799 -0.00241482 -0.0021302 -0.00245184 -0.00226276 -0.00111147 -0.00245143 -0.00138961 -0.00186084 -0.00093476 -0.00159058 -0.00182594 -0.00201889 -0.00192387 -0.00110526 -0.00163612 -0.0018771 -0.00156879 -0.00191937 -0.000895154 -0.00189838 -0.00190356 -0.00142627 -0.00182455 -0.00140143 -0.00203614 -0.00185042 -0.00194797 -0.00232633 -0.00181255 -0.00176778 -0.00214426 -0.00172831 -0.00216527 -0.00187735 -0.00149653 -0.00147503 -0.00171912 -0.00160746 -0.00161626 -0.00115267 -0.00199931 -0.00189472 -0.00186578 -0.00162692 -0.00223853 -0.001669 -0.00209305 -0.00121428 -0.00102998 -0.00172569 -0.00121724 -0.00148876 -0.00100363 -0.00169419 -0.00155147 -0.00112238 -0.0010045 -0.00129803 -0.00184991 -0.00127317 -0.00164683 -0.00126781 -0.00161677 -0.00163588 -0.00207789 -0.00157336 -0.00134512 -0.00113956 -0.0020171 
-0.00196192 -0.00132945 -0.00148394 -0.00182487 0.00198842 0.00167003 0.00200848 0.00308233 0.00252133 0.134317 0.0031234 0.0026255 0.00262053 0.00261492 -0.00172481 -0.000972851 -0.00241769 -0.00165201 -0.00214366 -0.00207982 -0.00188266 -0.00325075 -0.00271461 -0.000613396 -0.00230224 -0.0012168 -0.0024495 -0.00208469 -0.00222978 -0.00175968 -0.00131022 -0.00188384 -0.00205183 -0.00216246 -0.00212826 -0.00218259 -0.00204673 -0.00121767 -0.00137291 -0.00188196 -0.00208697 -0.0014993 -0.00219739 -0.00142408 -0.00193777 -0.00185749 -0.00161155 -0.00124152 -0.00131671 -0.000950766 -0.00126976 -0.00166727 -0.00121678 -0.00205299 -0.00169357 -0.00191465 -0.00165974 -0.0017547 -0.00172908 -0.00104321 -0.00153784 -0.00102159 -0.00115503 -0.00120729 -0.00205033 -0.00196021 -0.000941544 -0.00158924 -0.00191579 -0.00190492 -0.00220919 -0.000728363 -0.00131443 -0.00190754 -0.0023236 -0.000756732 -0.001176 -0.00217308 -0.00229534 -0.00204457 -0.00172036 -0.00226857 -0.00175578 -0.00186053 -0.00281173 -0.00235774 -0.00178152 -0.00126958 -0.00123172 -0.00111354 -0.00201053 -0.00217001 -0.00122639 -0.00153445 -0.00149505 -0.00147575 -0.00221955 -0.00198548 -0.00178231 -0.0018303 
-0.000870404 -0.00124877 -0.00158186 -0.00168398 -0.000730455 0.00283949 0.00261301 0.00190363 0.00225395 0.0031234 0.129746 0.00228507 0.00266727 0.00267644 0.00183379 0.00147348 -0.00174054 -0.00224264 -0.00253537 -0.00170072 -0.00235254 -0.00231773 -0.00144982 -0.0018009 -0.00258408 -0.00136789 -0.00236027 -0.00266447 -0.00197171 -0.00201838 -0.00167335 -0.00140238 -0.00226181 -0.00198475 -0.00156704 -0.00184484 -0.00219456 -0.00198138 -0.00238353 -0.0021415 -0.00174295 -0.0024544 -0.00151032 -0.00200161 -0.00209743 -0.00177634 -0.00189546 -0.00115023 -0.00122622 -0.00222185 -0.00207197 -0.00150338 -0.00100939 -0.0018261 -0.000611771 -0.00176678 -0.00202749 -0.00124797 -0.00195893 -0.00242169 -0.00149378 -0.00222677 -0.0013354 -0.00190623 -0.00174107 -0.00147436 -0.00149578 -0.00173662 -0.00152423 -0.00114466 -0.00120355 -0.00112581 -0.00215108 -0.00195249 -0.00180775 -0.00140202 -0.00188611 -0.00202065 -0.00154043 -0.00217973 -0.00119952 -0.00205505 -0.00141468 -0.00139673 -0.00158441 -0.00181871 -0.00117581 -0.00092038 -0.00201256 -0.00125889 -0.00146388 -0.00122861 -0.00208029 -0.00122179 -0.00199343 -0.000950651 -0.00188583 -0.00167323 -0.00132251 -0.00223 
-0.00235424 -0.00200499 -0.00146054 -0.00176377 -0.0009437 -0.00145954 0.00133265 0.00193746 0.00325892 0.0026255 0.00228507 0.137758 0.00215893 0.00283197 0.00166283 0.0036906 0.00209457 -0.000539979 -0.00132201 -0.00243597 -0.00228269 -0.00220546 -0.00187826 -0.00123323 -0.00136297 -0.0028377 -0.00277474 -0.00160957 -0.00201112 -0.00314345 -0.00243735 -0.00259338 -0.00244255 -0.0024038 -0.00155587 -0.0022887 -0.00205904 -0.00182512 -0.00229326 -0.00184545 -0.00212237 -0.00284031 -0.00147526 -0.00214598 -0.00206735 -0.00249881 -0.00144711 -0.00170283 -0.00218513 -0.00132859 -0.00142116 -0.00134062 -0.000948608 -0.00120452 -0.00147921 -0.0019174 -0.0014395 -0.000948342 -0.00141355 -0.0019373 -0.0010358 -0.00139246 -0.00147885 -0.00108304 -0.00125092 -0.00225358 -0.00145919 -0.0016876 -0.00255884 -0.00226559 -0.0016566 -0.00195395 -0.00132811 -0.00188383 -0.00211068 -0.00132112 -0.00168453 -0.00183249 -0.00186275 -0.00124649 -0.00193339 -0.00105593 -0.00174926 -0.00135114 -0.00206757 -0.00208184 -0.00137951 -0.00166637 -0.00145254 -0.00173945 -0.00173138 -0.00178113 -0.00212571 -0.00268572 -0.00203984 -0.002272 -0.00183023 -0.00207572 -0.00247227 -0.00156671 
-0.00192468 -0.00180939 -0.00151781 -0.00146075 -0.00130996 -0.00166824 -0.00131609 0.00249782 0.00200739 0.00262053 0.00266727 0.00215893 0.13477 0.00254606 0.00224097 0.00313251 0.00219892 -0.001867 -0.00218931 -0.00217076 -0.001871 -0.00194404 -0.00202331 -0.0025888 -0.00222552 -0.00228569 -0.00213518 -0.00208392 -0.0013801 -0.00139677 -0.00220776 -0.0015875 -0.00205559 -0.00213734 -0.00260453 -0.00178611 -0.00146828 -0.00140831 -0.000699243 -0.00169891 -0.00236707 -0.0018538 -0.0017865 -0.00121326 -0.0017149 -0.0021576 -0.00166951 -0.00134374 -0.00120404 -0.00214979 -0.00158359 -0.00176002 -0.00177457 -0.00229672 -0.00139946 -0.000830307 -0.00186475 -0.00112869 -0.00185141 -0.00166326 -0.00190108 -0.00299021 -0.00126358 -0.00157772 -0.00177403 -0.00228758 -0.00185154 -0.00244125 -0.00143864 -0.00285141 -0.00142458 -0.00149538 -0.00150837 -0.00179573 -0.00189032 -0.000891958 -0.00201135 -0.00128131 -0.00205017 -0.00218743 -0.00203324 -0.00204804 -0.00197698 -0.00122238 -0.0020868 -0.00103313 -0.00189305 -0.00185507 -0.00184554 -0.0019858 -0.00132435 -0.00193939 -0.00188637 -0.00141653 -0.00178581 -0.000304205 -0.00186487 -0.00158062 -0.000342977 -0.00106694 
-0.0020436 -0.000687899 -0.0017974 -0.0023009 -0.00161438 -0.00134142 -0.00224992 -0.000781054 0.00213783 0.00261492 0.00267644 0.00283197 0.00254606 0.139365 0.0027849 0.00259761 0.00229645 0.00222936 0.00260273 -0.002226 -0.00134927 -0.00241683 -0.00282975 -0.00237749 -0.00216321 -0.00287139 -0.00226073 -0.00231347 -0.00314008 -0.00262688 -0.00340868 -0.00235497 -0.00266334 -0.00188119 -0.00188398 -0.00190937 -0.00310399 -0.00232976 -0.00187288 -0.00186908 -0.00111324 -0.00214833 -0.0015936 -0.00219652 -0.00216984 -0.0019685 -0.00137857 -0.00181354 -0.00182582 -0.0028835 -0.00129955 -0.00138583 -0.000517283 -0.00132277 -0.00205077 -0.0020103 -0.00198218 -0.00230235 -0.00142151 -0.00157127 -0.00133071 -0.00191589 -0.00136785 -0.00150434 -0.00169747 -0.00153514 -0.00168133 -0.00153083 -0.00151094 -0.00225945 -0.00169363 -0.000951735 -0.00174905 -0.00120973 -0.00111575 -0.00198231 -0.00147919 -0.00220773 -0.00190748 -0.00224836 -0.00196559 -0.00144262 -0.00189235 -0.00214794 -0.00193278 -0.00124653 -0.00112439 -0.00159247 -0.00140336 -0.00233232 -0.00186892 -0.00268899 -0.00123262 -0.00191216 -0.00155243 -0.00141509 -0.00135433 -0.00196407 -0.0010645 -0.0020468 
-0.0014103 -0.00291798 -0.00191658 -0.0022371 -0.00162835 -0.00139644 -0.00135358 -0.00185374 -0.00109635 -0.00172481 0.00183379 0.00166283 0.00224097 0.0027849 0.135531 0.00227281 0.00277941 0.00237372 0.00246989 0.00254796 -0.00188684 -0.00168181 -0.00175312 -0.00167128 -0.00133938 -0.00308396 -0.00199012 -0.00186295 -0.00211954 -0.00329816 -0.0027549 -0.0021592 -0.00211111 -0.00163766 -0.00162014 -0.00105362 -0.00219921 -0.00164552 -0.00173966 -0.00140797 -0.00146326 -0.00190404 -0.00117489 -0.00173749 -0.00105255 -0.00176674 -0.00166163 -0.00201762 -0.00196345 -0.00214295 -0.00129617 -0.00178171 -0.00196035 -0.00143729 -0.00204884 -0.00156261 -0.000688766 -0.00124829 -0.00121889 -0.00177565 -0.00148948 -0.00128414 -0.00127407 -0.00203105 -0.00173241 -0.00278078 -0.00150808 -0.00210794 -0.00169748 -0.000843889 -0.0019415 -0.00151808 -0.00178851 -0.00150261 -0.00206609 -0.00103477 -0.00167369 -0.0026568 -0.00160971 -0.00162957 -0.00190232 -0.00132743 -0.000903182 -0.00214938 -0.00242834 -0.00143686 -0.00148185 -0.00173074 -0.00187658 -0.00224918 -0.00166412 -0.00197527 -0.00183749 -0.0017241 -0.00066207 -0.000858528 -0.00105214 -0.00198293 -0.00189223 -0.00273762 
-0.00193365 -0.00200324 -0.00232674 -0.00216418 -0.0023348 -0.00233219 -0.00157941 -0.00180963 -0.00145483 -0.000972851 0.00147348 0.0036906 0.00313251 0.00259761 0.00227281 0.136979 0.00361818 0.00315011 0.00237234 0.00278325 -0.000761391 -0.00120078 -0.00138431 -0.00202508 -0.00190182 -0.00216979 -0.00209331 -0.00170773 -0.00183365 -0.00188885 -0.0022522 -0.00257883 -0.00282394 -0.00194969 -0.00228235 -0.00236382 -0.00131942 -0.00141188 -0.00258811 -0.0016074 -0.000983242 -0.00210746 -0.00125135 -0.000981748 -0.00207371 -0.00243188 -0.00192421 -0.0016457 -0.0013472 -0.00193345 -0.00202019 -0.00245832 -0.00245808 -0.000976386 -0.00165218 -0.00139636 -0.00146913 -0.00124377 -0.00138255 -0.00175246 -0.00197161 -0.00231681 -0.00174037 -0.00203368 -0.00171551 -0.00195101 -0.00252376 -0.00126542 -0.00260018 -0.00203291 -0.00171097 -0.00159138 -0.00185433 -0.00279251 -0.00130659 -0.000832148 -0.000918041 -0.00231674 -0.00167607 -0.00170241 -0.00226089 -0.00204773 -0.00217695 -0.00210945 -0.00202244 -0.00197764 -0.00108534 -0.00126689 -0.00140915 -0.00152017 -0.00150526 -0.00187671 -0.00225137 -0.00175997 -0.00172565 -0.00116024 -0.00127059 -0.00204568 -0.00124953 -0.0019509 
-0.00194162 -0.00369045 -0.00203971 -0.00183583 -0.00194368 -0.00194622 -0.00172253 -0.00141624 -0.00193387 -0.00241769 -0.00174054 0.00209457 0.00219892 0.00229645 0.00277941 0.00361818 0.14417 0.00341831 0.00307395 0.00356355 0.00396545 0.00229225 -0.00162938 -0.00205177 -0.00133627 -0.00195597 -0.00142573 -0.00195783 -0.00134921 -0.00228766 -0.00319981 -0.00256468 -0.00146748 -0.00198356 -0.00227105 -0.00317578 -0.00150586 -0.00194725 -0.00264731 -0.00259442 -0.00219241 -0.00289377 -0.00206485 -0.00288915 -0.00188444 -0.00218059 -0.00211034 -0.0018614 -0.00222053 -0.00225911 -0.00244097 -0.00201439 -0.0022163 -0.00156572 -0.000821113 -0.0021721 -0.00241793 -0.00245184 -0.0022189 -0.00249757 -0.00236088 -0.00256275 -0.00148121 -0.00200924 -0.000898088 -0.00168574 -0.00119339 -0.000960504 -0.00135564 -0.00190136 -0.00165373 -0.000506347 -0.00111356 -0.00144868 -0.00172336 -0.00202715 -0.00238932 -0.00254254 -0.0010119 -0.000889197 -0.00239475 -0.00164814 -0.001945 -0.0017567 -0.00120865 -0.00239441 -0.00189222 -0.00152123 -0.00198363 -0.00200604 -0.00240888 -0.00254329 -0.00321833 -0.00231308 -0.00186008 -0.00156685 -0.00196148 -0.00192365 -0.00102002 -0.000836981 
-0.00291622 -0.00262784 -0.00161551 -0.0019774 -0.00221184 -0.00177651 -0.00184376 -0.00226496 -0.00210538 -0.00165201 -0.00224264 -0.000539979 -0.001867 0.00222936 0.00237372 0.00315011 0.00341831 0.141498 0.00324998 0.00353901 0.00379536 0.00402828 0.00218387 -0.00194281 -0.00133271 -0.00134214 -0.00221263 -0.00219512 -0.00186079 -0.00158731 -0.0023232 -0.00173653 -0.00173433 -0.00202071 -0.00119519 -0.00186503 -0.00187977 -0.00245462 -0.00211709 -0.00160276 -0.00212878 -0.00222428 -0.00221752 -0.00209683 -0.0020883 -0.00182598 -0.00129629 -0.000699727 -0.00166839 -0.0013409 -0.00121579 -0.00163328 -0.00123455 -0.00123989 -0.00135197 -0.00236721 -0.00139414 -0.00258457 -0.00213812 -0.00261593 -0.00173199 -0.00141417 -0.00162195 -0.00212711 -0.00136841 -0.00117741 -0.00279293 -0.00200763 -0.00205705 -0.00210316 -0.00233866 -0.00216072 -0.00270823 -0.00177733 -0.00190816 -0.0026555 -0.00202459 -0.00222788 -0.00256291 -0.000553426 -0.00258577 -0.00184641 -0.00216058 -0.00273832 -0.00206563 -0.00178878 -0.00130184 -0.00194041 -0.00223164 -0.00120858 -0.0011539 -0.00232938 -0.00230811 -0.00137279 -0.000944233 -0.00135817 -0.00239422 -0.0024019 -0.00182875 -0.00178135 
-0.00161996 -0.00191786 -0.00246443 -0.00188709 -0.00244972 -0.00246271 -0.00268859 -0.00233694 -0.00184101 -0.00214366 -0.00253537 -0.00132201 -0.00218931 0.00260273 0.00246989 0.00237234 0.00307395 0.00324998 0.147794 0.00327631 0.00406455 0.00326652 0.00438829 -0.00171157 -0.00192236 -0.00128274 -0.00170847 -0.00225157 -0.00168203 -0.00320239 -0.00283633 -0.00230265 -0.00260708 -0.00162008 -0.00208967 -0.00175191 -0.00172378 -0.00223164 -0.000814391 -0.00126408 -0.00272236 -0.00157865 -0.00214355 -0.00277694 -0.00217163 -0.00189017 -0.00223041 -0.0021213 -0.00198815 -0.00243849 -0.00258604 -0.00126592 -0.00266186 -0.00169064 -0.0021896 -0.00202785 -0.00174593 -0.00142575 -0.00185888 -0.00180884 -0.00207269 -0.00207828 -0.00102282 -0.00205859 -0.00101787 -0.00166137 -0.000737778 -0.00139764 -0.00146147 -0.00157671 -0.00170525 -0.00136148 -0.00170433 -0.00172859 -0.00130315 -0.00196316 -0.00179325 -0.00215824 -0.00144717 -0.00175035 -0.00305058 -0.00267594 -0.00172866 -0.00224096 -0.00212839 -0.00241173 -0.00163115 -0.00163645 -0.00249772 -0.00189917 -0.0026434 -0.00250138 -0.0010732 -0.00254559 -0.00150034 -0.00275261 -0.00265144 -0.0018872 -0.00114257 -0.00177548 
-0.00252944 -0.00281666 -0.00124956 -0.00173484 -0.00267711 -0.00224273 -0.00343911 -0.00242315 -0.00226916 -0.00207982 -0.00170072 -0.00243597 -0.00217076 -0.002226 0.00254796 0.00278325 0.00356355 0.00353901 0.00327631 0.147656 0.00307261 0.00351983 0.00317267 0.00367178 0.0025437 -0.00105264 -0.00206579 -0.00200967 -0.00259036 -0.00203508 -0.00268781 -0.00215992 -0.0017012 -0.00133167 -0.0012635 -0.00185693 -0.000949653 -0.00063932 -0.00262236 -0.0022973 -0.00149531 -0.00195941 -0.0022468 -0.00256529 -0.00228219 -0.00211842 -0.00210342 -0.00216741 -0.00212554 -0.00187453 -0.00293997 -0.00173969 -0.00271989 -0.00054178 -0.00240381 -0.00227806 -0.00145989 -0.00122193 -0.00201227 -0.0023443 -0.00227335 -0.00209479 -0.00158199 -0.00144007 -0.00217874 -0.00203615 -0.00135158 -0.0023879 -0.00184062 -0.00221968 -0.00247605 -0.00163713 -0.000380939 -0.00125055 -0.00262143 -0.00224424 -0.00181065 -0.000996745 -0.00187906 -0.00208509 -0.00174129 -0.00265723 -0.00172467 -0.00267703 -0.00258772 -0.00182408 -0.00272278 -0.00275826 -0.00189376 -0.00173396 -0.00252803 -0.00178601 -0.00248328 -0.00204401 -0.00148404 -0.00234124 -0.00201161 -0.00188699 -0.00138901 -0.00242695 
-0.00263831 -0.00189874 -0.0020721 -0.00170704 -0.00227072 -0.00202215 -0.00170976 -0.00237738 -0.00250201 -0.00188266 -0.00235254 -0.00228269 -0.001871 -0.00134927 -0.00188684 -0.000761391 0.00396545 0.00379536 0.00406455 0.00307261 0.147259 0.00355125 0.00432061 0.00305147 0.00277933 0.00318829 -0.000634243 -0.00197041 -0.00223391 -0.00189373 -0.00343948 -0.00259436 -0.00265382 -0.00226734 -0.00210616 -0.00182191 -0.00193199 -0.00114821 -0.00208649 -0.00145635 -0.00216111 -0.00204448 -0.00237649 -0.00218564 -0.00278224 -0.00250049 -0.00158428 -0.00129268 -0.00121647 -0.00200305 -0.00203921 -0.00132127 -0.00168515 -0.0024735 -0.00171637 -0.00228371 -0.00217516 -0.00241535 -0.00203086 -0.00198666 -0.00196831 -0.00143133 -0.00149743 -0.00192661 -0.0022898 -0.00191115 -0.00229143 -0.00100735 -0.00222277 -0.00197809 -0.00135952 -0.00236828 -0.00189037 -0.00161466 -0.00175496 -0.00237974 -0.00202795 -0.00214674 -0.00145871 -0.00255064 -0.00155682 -0.00166274 -0.00152981 -0.00216026 -0.00193267 -0.00223977 -0.00104045 -0.00244395 -0.0018062 -0.00240887 -0.00133199 -0.00269661 -0.00192465 -0.00268216 -0.00181734 -0.00282658 -0.00222671 -0.00204666 -0.00254492 -0.00199545 
-0.00140059 -0.0028931 -0.00187361 -0.00186706 -0.00117072 -0.00180678 -0.00197273 -0.00223172 -0.00234147 -0.00325075 -0.00231773 -0.00220546 -0.00194404 -0.00241683 -0.00168181 -0.00120078 0.00229225 0.00402828 0.00326652 0.00351983 0.00355125 0.152624 0.00399564 0.00201666 0.00315356 0.00268593 -0.00142111 -0.0031031 -0.00176379 -0.0019986 -0.00263214 -0.00303427 -0.00286299 -0.00226175 -0.00221929 -0.00240827 -0.00209433 -0.002688 -0.00300041 -0.000768307 -0.00165967 -0.00222093 -0.000948486 -0.00173603 -0.00208254 -0.00206765 -0.00223699 -0.00161135 -0.0006798 -0.0021665 -0.00245621 -0.000808034 -0.00190552 -0.00179767 -0.00234916 -0.00144092 -0.00099284 -0.00101177 -0.00272345 -0.00125232 -0.00197016 -0.00112982 -0.00164397 -0.0021484 -0.00165382 -0.00176321 -0.0017265 -0.00216802 -0.0019059 -0.00190888 -0.00222154 -0.00223747 -0.00160229 -0.00173325 -0.00255036 -0.00274918 -0.0019437 -0.00167048 -0.00249778 -0.00197496 -0.00128928 -0.00196106 -0.00208628 -0.00205909 -0.00179742 -0.00196172 -0.00244704 -0.00168168 -0.00231795 -0.00224286 -0.00193356 -0.00258078 -0.00251212 -0.00284457 -0.00228508 -0.00218506 -0.00186459 -0.00242996 -0.00232756 -0.00214715 
-0.00283611 -0.00267344 -0.00200811 -0.00154417 -0.00191266 -0.00284516 -0.00200638 -0.00281734 -0.00165833 -0.00271461 -0.00144982 -0.00187826 -0.00202331 -0.00282975 -0.00175312 -0.00138431 -0.00162938 0.00218387 0.00438829 0.00317267 0.00432061 0.00399564 0.148488 0.00446868 0.00256994 0.00314561 0.00221669 -0.00199557 -0.00130903 -0.00181321 -0.00146468 -0.00118786 -0.00295971 -0.0023613 -0.00117972 -0.00199595 -0.00143588 -0.00234502 -0.00136425 -0.0020572 -0.00104824 -0.00161209 -0.00166673 -0.00276117 -0.0018479 -0.00253926 -0.00139434 -0.00293675 -0.00194345 -0.00289718 -0.00245628 -0.00146141 -0.00219951 -0.00212036 -0.00211341 -0.00279832 -0.00158956 -0.00153755 -0.00188559 -0.00188072 -0.00147719 -0.00173025 -0.00124415 -0.00136559 -0.00225054 -0.00157066 -0.00171776 -0.00215239 -0.00213939 -0.00290624 -0.00187741 -0.00176737 -0.00223391 -0.00169419 -0.00219675 -0.00153276 -0.00185206 -0.00190673 -0.00183672 -0.00120474 -0.0018918 -0.00235136 -0.00156734 -0.00175339 -0.0019081 -0.00171168 -0.00235198 -0.00130359 -0.00209513 -0.00175175 -0.00151425 -0.00137117 -0.00246772 -0.00254879 -0.00293725 -0.00252161 -0.00267036 -0.00316641 -0.00205343 -0.00223246 
-0.00216032 -0.00208238 -0.00195091 -0.001805 -0.00138657 -0.00219696 -0.00177226 -0.00187894 -0.00156785 -0.000613396 -0.0018009 -0.00123323 -0.0025888 -0.00237749 -0.00167128 -0.00202508 -0.00205177 -0.00194281 -0.00171157 0.00367178 0.00305147 0.00201666 0.00446868 0.139908 0.00313572 0.00294353 0.00183571 0.00197005 -0.00148834 -0.00206519 -0.0014185 -0.00117919 -0.00183823 -0.00170257 -0.00111965 -0.00140092 -0.00194288 -0.00183275 -0.00165313 -0.00150818 -0.00118867 -0.00204364 -0.00206506 -0.00234892 -0.00236477 -0.00239488 -0.00181678 -0.00181318 -0.00185728 -0.00266564 -0.00228742 -0.0021254 -0.00190791 -0.0021717 -0.00167505 -0.00167577 -0.00212669 -0.00159753 -0.00156935 -0.00249792 -0.00222379 -0.00214255 -0.00164112 -0.00127237 -0.00282588 -0.00191009 -0.0018454 -0.00121652 -0.0017046 -0.0016834 -0.00196872 -0.00162415 -0.00154689 -0.0011486 -0.00112916 -0.00190324 -0.00163169 -0.00128398 -0.00217578 -0.00115524 -0.00168696 -0.00130316 -0.00186764 -0.00317481 -0.00197687 -0.00126085 -0.00188211 -0.000957912 -0.00200494 -0.00213371 -0.00122325 -0.00118597 -0.00131258 -0.00206825 -0.00235348 -0.00206258 -0.00157923 -0.00118578 -0.00190378 -0.00168408 
-0.00184969 -0.00273925 -0.00196523 -0.00142962 -0.00236288 -0.00282693 -0.00213733 -0.00194471 -0.00309946 -0.00230224 -0.00258408 -0.00136297 -0.00222552 -0.00216321 -0.00133938 -0.00190182 -0.00133627 -0.00133271 -0.00192236 0.0025437 0.00277933 0.00315356 0.00256994 0.00313572 0.143125 0.00286362 0.00206673 0.00127659 0.0026141 0.00262892 -0.00175933 -0.00152445 -0.00210331 -0.00189165 -0.00180484 -0.00205732 -0.00117952 -0.002332 -0.00186191 -0.00156657 -0.0024763 -0.00208259 -0.00222526 -0.00210769 -0.00240865 -0.00142598 -0.00204369 -0.000978905 -0.00187425 -0.001577 -0.000251443 -0.00197746 -0.00170038 -0.00228564 -0.00181739 -0.00243911 -0.00276573 -0.00247705 -0.00182408 -0.00184625 -0.00191059 -0.00171138 -0.00189446 -0.00149116 -0.00165149 -0.00101465 -0.00229927 -0.00195703 -0.00301673 -0.00187391 -0.00144725 -0.00174614 -0.00254038 -0.00166351 -0.00241074 -0.00169152 -0.00130576 -0.00153994 -0.00267159 -0.00158308 -0.00125616 -0.00155711 -0.00219106 -0.00211526 -0.00158633 -0.00107251 -0.00242569 -0.00226563 -0.00234331 -0.00244079 -0.00188234 -0.00163815 -0.00179103 -0.00210224 -0.00204793 -0.00251554 -0.000743296 -0.00187279 -0.00123725 -0.000760962 
-0.0017178 -0.00193778 -0.00294464 -0.000902437 -0.00214726 -0.00187353 -0.00216184 -0.00191007 -0.00231357 -0.0012168 -0.00136789 -0.0028377 -0.00228569 -0.00287139 -0.00308396 -0.00216979 -0.00195597 -0.00134214 -0.00128274 -0.00105264 0.00318829 0.00268593 0.00314561 0.00294353 0.00286362 0.145404 0.00255207 0.00273599 0.00316901 0.00221588 0.00271698 -0.00178889 -0.00230941 -0.00179409 -0.00140049 -0.00204154 -0.00110488 -0.00131635 -0.00180557 -0.00242092 -0.00155706 -0.00206879 -0.0031132 -0.00217738 -0.00243835 -0.00194469 -0.00193475 -0.00270012 -0.00139845 -0.00116139 -0.00190327 -0.00222025 -0.00148584 -0.00243824 -0.00194193 -0.00224465 -0.00163531 -0.00194881 -0.00218109 -0.0015887 -0.00333471 -0.00157058 -0.00130687 -0.00189923 -0.00187805 -0.00217826 -0.00247412 -0.00168876 -0.0023349 -0.00162724 -0.00187421 -0.002055 -0.00148562 -0.00164008 -0.00229445 -0.0020369 -0.00148334 -0.00170626 -0.00221708 -0.00181954 -0.00201293 -0.00215943 -0.00168499 -0.00131414 -0.00267216 -0.00267428 -0.00216357 -0.00158333 -0.00217442 -0.0019667 -0.000921617 -0.00217212 -0.00207093 -0.00152414 -0.00265324 -0.00211824 -0.00170271 -0.00207443 -0.00191329 -0.00171863 
-0.00162104 -0.00210579 -0.00234424 -0.00149702 -0.0021972 -0.00255295 -0.00181652 -0.00172602 -0.00173723 -0.0024495 -0.00236027 -0.00277474 -0.00213518 -0.00226073 -0.00199012 -0.00209331 -0.00142573 -0.00221263 -0.00170847 -0.00206579 -0.000634243 -0.00142111 0.00221669 0.00183571 0.00206673 0.00255207 0.133333 0.000803057 0.0027385 0.00223162 0.00202516 0.00226899 -0.00156083 -0.00145349 -0.000707706 -0.00164851 -0.000988841 -0.00254134 -0.00136819 -0.00194867 -0.00100653 -0.00147637 -0.0014695 -0.000857448 -0.00202521 -0.00152584 -0.00194748 -0.00133563 -0.00196539 -0.00227544 -0.00127378 -0.00211296 -0.00148936 -0.0018881 -0.00225368 -0.0014472 -0.00101869 -0.0012022 -0.00187437 -0.00111827 -0.00214527 -0.00120508 -0.00150839 -0.00202794 -0.00210676 -0.00112126 -0.00237061 -0.00166776 -0.00172676 -0.00140141 -0.00151001 -0.00130971 -0.00192002 -0.00200603 -0.00147427 -0.00142327 -0.00200468 -0.00234732 -0.000865297 -0.00179623 -0.00132116 -0.00197804 -0.00109305 -0.00188772 -0.0018074 -0.00211659 -0.00121063 -0.00161327 -0.00218899 -0.00167785 -0.00112641 -0.00208672 -0.00141383 -0.00181133 -0.00180993 -0.000686737 -0.00183082 -0.00114536 -0.00153915 -0.000877666 
-0.00190739 -0.0014974 -0.00173048 -0.0014263 -0.00125971 -0.000578359 -0.0025371 -0.00193223 -0.000931122 -0.00208469 -0.00266447 -0.00160957 -0.00208392 -0.00231347 -0.00186295 -0.00170773 -0.00195783 -0.00219512 -0.00225157 -0.00200967 -0.00197041 -0.0031031 -0.00199557 0.00197005 0.00127659 0.00273599 0.000803057 0.132572 0.00160289 0.00247258 0.00307567 0.00208866 0.00223375 -0.00179167 -0.000704185 -0.00178421 -0.00233525 -0.00225586 -0.00119841 -0.00207702 -0.0025244 -0.00181982 -0.00125914 -0.0016988 -0.00234229 -0.00197578 -0.00159751 -0.00114042 -0.00130342 -0.00199419 -0.00125262 -0.00200054 -0.00103952 -0.001299 -0.00225888 -0.00197986 -0.00130169 -0.00141708 -0.00136266 -0.00124149 -0.00198344 -0.00112488 -0.00112718 -0.00114602 -0.00232934 -0.000939632 -0.00179504 -0.00154203 -0.00164448 -0.000475178 -0.00140586 -0.00210928 -0.00176098 -0.00116029 -0.00143551 -0.00149916 -0.000910956 -0.00136022 -0.0020992 -0.00177007 -0.00126375 -0.00127097 -0.00209218 -0.000745956 -0.00140634 -0.00207265 -0.00121298 -0.00170674 -0.00214226 -0.00064279 -0.00137364 -0.00231911 -0.0021458 -0.00142028 -0.00186337 -0.00197034 -0.00212888 -0.00140637 -0.00194774 -0.00151412 
-0.00147854 -0.00165112 -0.00211098 -0.000349259 -0.00148594 -0.00298594 -0.0012822 -0.00177444 -0.00256638 -0.00222978 -0.00197171 -0.00201112 -0.0013801 -0.00314008 -0.00211954 -0.00183365 -0.00134921 -0.00186079 -0.00168203 -0.00259036 -0.00223391 -0.00176379 -0.00130903 -0.00148834 0.0026141 0.00316901 0.0027385 0.00160289 0.132101 0.00238495 0.00179761 0.00301387 0.00251256 0.00198704 -0.00108278 -0.00150853 -0.00081511 -0.00126074 -0.00102502 -0.0019911 -0.00158574 -0.00248726 -0.00176547 -0.00138172 -0.00223499 -0.00188425 -0.00165556 -0.0010326 -0.00185093 -0.00159147 -0.00245974 -0.00119493 -0.00166336 -0.00193303 -0.00151424 -0.00197726 -0.00326229 -0.00251258 -0.0015519 -0.000916834 -0.00156088 -0.00217904 -0.000704673 -0.00229433 -0.00206265 -0.00165805 -0.0015778 -0.00190327 -0.00192754 -0.00241687 -0.0017971 -0.00144238 -0.00164577 -0.00191555 -0.00217627 -0.00161475 -0.00151036 -0.000954567 -0.00101777 -0.00201118 -0.000922591 -0.0014114 -0.00177159 -0.00120178 -0.000945729 -0.00144415 -0.00175378 -0.00152885 -0.000760318 -0.00185597 -0.00200526 -0.00181276 -0.00156436 -0.00160745 -0.00241863 -0.00193446 -0.0017063 -0.00140786 -0.0011059 -0.00160375 
-0.00148336 -0.00254024 -0.00202764 -0.000748527 -0.00131383 -0.0014332 -0.00195835 -0.00223104 -0.00143075 -0.00175968 -0.00201838 -0.00314345 -0.00139677 -0.00262688 -0.00329816 -0.00188885 -0.00228766 -0.00158731 -0.00320239 -0.00203508 -0.00189373 -0.0019986 -0.00181321 -0.00206519 0.00262892 0.00221588 0.00223162 0.00247258 0.00238495 0.132818 0.00373955 0.00148881 0.0024468 0.00306901 -0.00156864 -0.00112972 -0.00120635 -0.00147393 -0.0022147 -0.00118237 -0.00142942 -0.00183311 -0.0019684 -0.00220034 -0.000914995 -0.00215691 -0.00154908 -0.00118171 -0.00125742 -0.00157073 -0.00222036 -0.00121186 -0.000830835 -0.00167574 -0.00147211 -0.00278548 -0.00246547 -0.00110014 -0.00135148 -0.00102194 -0.00103161 -0.00189734 -0.00187895 -0.0014191 -0.00140907 -0.00157088 -0.00179978 -0.00240106 -0.00186681 -0.00152123 -0.00153348 -0.00199852 -0.00183547 -0.00144147 -0.00181759 -0.000966728 -0.00116251 -0.00168765 -0.00139352 -0.00127878 -0.00187966 -0.00130348 -0.00188282 -0.00159646 -0.00226587 -0.00158969 -0.00222469 -0.0019697 -0.00151639 -0.000887975 -0.0020156 -0.00135035 -0.00146157 -0.00199608 -0.00208229 -0.00155507 -0.00216265 -0.00217941 -0.00142773 -0.00108154 
-0.000952661 -0.00202672 -0.00162522 -0.00165728 -0.00144282 -0.00158547 -0.00149636 -0.00286599 -0.0012799 -0.00131022 -0.00167335 -0.00243735 -0.00220776 -0.00340868 -0.0027549 -0.0022522 -0.00319981 -0.0023232 -0.00283633 -0.00268781 -0.00343948 -0.00263214 -0.00146468 -0.0014185 -0.00175933 0.00271698 0.00202516 0.00307567 0.00179761 0.00373955 0.142632 0.00226372 0.00257078 0.00202814 0.00174366 0.00316473 -0.00204463 -0.00123737 -0.00117086 -0.00152767 -0.00205589 -0.00168653 -0.00238015 -0.0026241 -0.00166009 -0.00193655 -0.0021148 -0.00164106 -0.00161388 -0.00112458 -0.00178434 -0.00235154 -0.000446161 -0.00208114 -0.00135383 -2.05407e-05 -0.00177511 -0.00258856 -0.00171358 -0.00111387 -0.00178321 -0.00148907 -0.00122845 -0.0016306 -0.00138274 -0.000738959 -0.00145697 -0.00262926 -0.00217543 -0.00261179 -0.00168279 -0.00201508 -0.00204847 -0.00183002 -0.0021923 -0.001678 -0.00125916 -0.0030493 -0.00143981 -0.00175961 -0.00206734 -0.00160627 -0.00162743 -0.00111669 -0.00187885 -0.00174478 -0.00177259 -0.00185266 -0.0028404 -0.00265644 -0.00154275 -0.00238354 -0.00204031 -0.00173398 -0.00250738 -0.00243957 -0.00107495 -0.00215241 -0.00170072 -0.00215284 
-0.00166792 -0.00223316 -0.00185282 -0.00140886 -0.000710431 -0.00110317 -0.000973158 -0.00204442 -0.00241482 -0.00188384 -0.00140238 -0.00259338 -0.0015875 -0.00235497 -0.0021592 -0.00257883 -0.00256468 -0.00173653 -0.00230265 -0.00215992 -0.00259436 -0.00303427 -0.00118786 -0.00117919 -0.00152445 -0.00178889 0.00226899 0.00208866 0.00301387 0.00148881 0.00226372 0.133143 0.00228435 0.00181058 0.00205818 0.00261317 0.00222077 -0.000104332 -0.00184679 -0.00181747 -0.00219581 -0.00213449 -0.00060751 -0.00294438 -0.00159152 -0.00190557 -0.00212184 -0.00210368 -0.00166802 -0.00235251 -0.0015809 -0.00214862 -0.00191571 -0.00103567 -0.00209427 -0.00116339 -0.00206134 -0.0014134 -0.00169112 -0.00182394 -0.00200036 -0.00145927 -0.00188848 -0.00171146 -0.00130615 -0.00141987 -0.00127343 -0.00203663 -0.0011057 -0.00161014 -0.00214646 -0.00241399 -0.0023845 -0.00174995 -0.00121447 -0.0013 -0.00224537 -0.00145189 -0.00168218 -0.00228894 -0.00148947 -0.00211023 -0.00171128 -0.00130233 -0.00105169 -0.00108786 -0.00176086 -0.00149419 -0.00149236 -0.00200243 -0.00153145 -0.00201248 -0.00194275 -0.00146052 -0.00223514 -0.000761928 -0.00135318 -0.0015064 -0.00162469 -0.00127019 
-0.00149491 -0.00107231 -0.00155918 -0.000689394 -0.00214389 -0.00226067 -0.00192071 -0.00218165 -0.0021302 -0.00205183 -0.00226181 -0.00244255 -0.00205559 -0.00266334 -0.00211111 -0.00282394 -0.00146748 -0.00173433 -0.00260708 -0.0017012 -0.00265382 -0.00286299 -0.00295971 -0.00183823 -0.00210331 -0.00230941 -0.00156083 0.00223375 0.00251256 0.0024468 0.00257078 0.00228435 0.129182 0.00246642 0.00199966 0.00278532 0.00254083 0.00202561 -0.000653586 -0.00163685 -0.00162422 -0.00176066 -0.00189252 -0.00231578 -0.00176012 -0.000947261 -0.0010326 -0.00194613 -0.00092646 -0.00185077 -0.00270391 -0.00122622 -0.00164604 -0.00116802 -0.00145995 -0.00179161 -0.000729137 -0.00181094 -0.00138573 -0.00166378 -0.00145195 -0.00137767 -0.00118528 -0.00143186 -0.00225752 -0.00192058 -0.00116561 -0.00215922 -0.00157305 -0.00264412 -0.000927702 -0.00173475 -0.00185281 -0.000532054 -0.0015157 -0.00139471 -0.00143067 -0.00115587 -0.00156328 -0.00149943 -0.00248924 -0.00144903 -0.00169036 -0.00111216 -0.00170677 -0.00124843 -0.00271869 -0.00202545 -0.00135981 -0.0019961 -0.00128208 -0.00157505 -0.00192077 -0.00177487 -0.00180979 -0.00132911 -0.000490794 -0.00154819 -0.00125261 -0.00190102 
