0.121017 0.00216861 0.00186312 0.00122749 0.0011111 0.00203883 -0.00135703 -0.000874269 -0.00195516 -0.0018156 -0.00204306 -0.00135756 -0.00128533 -0.00108458 -0.00185891 -0.00212177 -0.00231912 -0.00150793 -0.00213637 -0.00179784 -0.00227054 -0.00272152 -0.00167012 -0.0014183 -0.00220716 -0.00238795 -0.00147872 -0.0017687 -0.00206431 -0.0016882 -0.00280823 -0.00174222 -0.00153062 -0.00170811 -0.000771406 -0.00234672 -0.00154467 -0.00167056 -0.00124441 -0.00123341 -0.00196883 -0.00174279 -0.00205374 -0.00130291 -0.00223609 -0.00178412 -0.00137561 -0.00093676 -0.00144061 -0.00190804 -0.00194313 -0.000893979 -0.00149756 -0.00169571 -0.00146198 -0.00114751 -0.00108575 -0.00157141 -0.00210081 -0.000727382 -0.00201361 -0.00121511 -0.00108506 -0.00162806 -0.00166637 -0.00195667 -0.000789498 -0.00168497 -0.000877469 -0.00142756 -0.000840967 -0.00139529 -0.00138299 -0.00154789 -0.00189596 -0.000758642 -0.000945971 -0.00104404 -0.00170495 -0.00140553 -0.00129993 -0.00123261 -0.000856085 -0.00118726 -0.000906492 -0.00101608 -0.00148883 -0.00142508 -0.00124681 -0.0010484 -0.00153486 -0.00135421 -0.00134628 -0.000719847 -0.00123064 -0.000998669 0.000985071 0.00239242 0.0024057 0.00161422 
0.00216861 0.122648 0.0027865 0.00203712 0.00202633 0.00298989 0.00157996 -0.000880565 -0.000558612 -0.00167901 -0.00211115 -0.0021466 -0.00158687 -0.00179693 -0.00169138 -0.00152843 -0.00217133 -0.00164463 -0.00140983 -0.00275418 -0.00191584 -0.00265031 -0.00153545 -0.00149437 -0.00226586 -0.00183853 -0.00116384 -0.0020013 -0.00135664 -0.00192135 -0.00134359 -0.00163883 -0.00169759 -0.00168167 -0.00174094 -0.00158592 -0.00175033 -0.00208187 -0.00123104 -0.00182192 -0.00132381 -0.00147531 -0.0015688 -0.00155593 -0.00215973 -0.0014124 -0.00199672 -0.00142552 -0.00115945 -0.00151578 -0.00187869 -0.00161016 -0.0014466 -0.00133866 -0.00178828 -0.0019334 -0.00122149 -0.0014474 -0.00118275 -0.0017174 -0.00159621 -0.0011688 -0.00125487 -0.00122676 -0.0010953 -0.00142019 -0.00148301 -0.00119453 -0.00121418 -0.00157353 -0.00176354 -0.00139646 -0.001349 -0.0019805 -0.00196962 -0.00129132 -0.00151631 -0.00215975 -0.00156146 -0.00141355 -0.00187174 -0.00154363 -0.00141192 -0.00139628 -0.00128105 -0.00129383 -0.00157913 -0.00122775 -0.00215713 -0.000992644 -0.00146861 -0.00144964 -0.00239248 -0.00127364 -4.99187e-05 -0.00143231 -0.00107756 0.0016064 0.00178623 0.0017342 
0.00186312 0.0027865 0.125816 0.00222762 0.00175578 0.0028502 0.00168252 0.00253447 -0.00176454 -0.00179881 -0.00189779 -0.00150605 -0.00136694 -0.00184631 -0.00219473 -0.00140416 -0.000940479 -0.0016627 -0.00161258 -0.0017397 -0.00166292 -0.00223509 -0.00225403 -0.00169732 -0.00198377 -0.00241181 -0.00244576 -0.00170897 -0.00245272 -0.00198574 -0.00128531 -0.00247477 -0.00264046 -0.0016708 -0.00110421 -0.00281774 -0.00183276 -0.00166507 -0.00186377 -0.00114985 -0.00151292 -0.00174114 -0.00149977 -0.00149748 -0.00206845 -0.000953414 -0.00158045 -0.00202394 -0.00121539 -0.00159286 -0.0021786 -0.0023367 -0.00166698 -0.001263 -0.00118713 -0.00149789 -0.00222527 -0.00110297 -0.000515797 -0.00194659 -0.00199899 -0.000177794 -0.000752118 -0.00140734 -0.00111564 -0.00214953 -0.00175498 -0.00156199 -0.00219518 -0.00177578 -0.00219444 -0.00122064 -0.000975322 -0.00203131 -0.00156924 -0.000835398 -0.00153627 -0.00110772 -0.00136345 -0.000989492 -0.00170443 -0.000620219 -0.00228579 -0.00131297 -0.00155657 -0.00107976 -0.00149471 -0.00170142 -0.00116762 -0.00105718 -0.00136533 -0.00103754 -0.00109638 -0.00152565 -0.00179105 -0.000791247 -0.00151116 -0.00125356 0.00129145 0.000941751 
0.00122749 0.00203712 0.00222762 0.126888 0.00269385 0.00177557 0.00195478 0.00232375 0.00202704 -0.000861578 -0.00180498 -0.00167555 -0.00177489 -0.00135932 -0.00138775 -0.00163872 -0.00185293 -0.00127731 -0.00199909 -0.00181387 -0.00206985 -0.00246863 -0.00182411 -0.00126652 -0.00160791 -0.00213018 -0.00248624 -0.00165044 -0.00187577 -0.00159665 -0.0018434 -0.00199442 -0.00186993 -0.00200997 -0.00155697 -0.0013348 -0.00161701 -0.000914404 -0.00181485 -0.00213616 -0.00152221 -0.000830134 -0.00159505 -0.00125122 -0.00189041 -0.00168928 -0.00181724 -0.00119894 -0.00127579 -0.00147685 -0.00180831 -0.0017042 -0.00166595 -0.00151095 -0.00126128 -0.00161358 -0.00180799 -0.00139959 -0.00151398 -0.00179285 -0.00167281 -0.00165587 -0.00144905 -0.00172791 -0.0017897 -0.00137156 -0.00119309 -0.00159633 -0.00146758 -0.0021403 -0.00220749 -0.0022166 -0.00107058 -0.00115147 -0.00144761 -0.00104625 -0.00193662 -0.00135772 -0.00157084 -0.00135267 -0.00148959 -0.00156342 -0.00229249 -0.000996316 -0.00161307 -0.00225635 -0.00121465 -0.00232924 -0.00157045 -0.00235735 -0.00156801 -0.00144414 -0.00161418 -0.0025896 -0.00133396 -0.00116322 -0.00159835 -0.000723358 -0.000377506 0.00250226 
0.0011111 0.00202633 0.00175578 0.00269385 0.125676 0.00187042 0.00237831 0.00189845 0.002893 0.00261623 -0.0010598 -0.00177525 -0.000949581 -0.00154582 -0.00124882 -0.00162515 -0.00216478 -0.00178271 -0.00215341 -0.00199152 -0.00216123 -0.00200331 -0.00259516 -0.00184154 -0.00170374 -0.00184123 -0.00162415 -0.00122642 -0.00219439 -0.00260253 -0.00208123 -0.00247319 -0.00195739 -0.000733046 -0.0020839 -0.0022438 -0.00147394 -0.00203541 -0.00177794 -0.00187649 -0.00153057 -0.00192362 -0.000942094 -0.00123409 -0.00244826 -0.000985778 -0.00171123 -0.00139582 -0.00183509 -0.00125188 -0.0014801 -0.00215804 -0.00112403 -0.0016142 -0.00129196 -0.00173239 -0.00141912 -0.00113677 -0.00172003 -0.00200404 -0.00195446 -0.00121844 -0.00229142 -0.000558865 -0.0016105 -0.00150707 -0.000978031 -0.00143632 -0.00189432 -0.000870985 -0.00182522 -0.00168505 -0.00165619 -0.00196565 -0.00130489 -0.00115788 -0.00167278 -0.00212334 -0.00173937 -0.00142722 -0.00183129 -0.00135854 -0.00233204 -0.000691203 -0.00136782 -0.000953038 -0.00137236 -0.00144452 -0.00118098 -0.0010669 -0.00142434 -0.000847851 -0.00137932 -0.00154531 -0.00187953 -0.00124466 -0.00163342 -0.00171341 -0.00162039 -0.00138887 
0.00203883 0.00298989 0.0028502 0.00177557 0.00187042 0.134383 0.00188275 0.00269309 0.00234999 0.00287698 0.00308873 -0.00141157 -0.00118325 -0.00169417 -0.00216669 -0.00166109 -0.000948102 -0.00147762 -0.00256509 -0.00168957 -0.00263472 -0.00205846 -0.00213385 -0.00198914 -0.00272238 -0.00246047 -0.00237024 -0.00192292 -0.0019698 -0.00251625 -0.00136826 -0.00123583 -0.00234391 -0.00212428 -0.00148118 -0.00230456 -0.00174255 -0.00236762 -0.00169849 -0.00241842 -0.0027965 -0.00246015 -0.00273876 -0.000918412 -0.00133003 -0.00182756 -0.00175506 -0.00142937 -0.000115528 -0.00180729 -0.00154014 -0.00196599 -0.00202468 -0.00108714 -0.0015566 -0.00133515 -0.00274888 -0.00141291 -0.00202918 -0.00207358 -0.00230914 -0.00168136 -0.00187772 -0.00203536 -0.00125351 -0.00202333 -0.00166821 -0.00191699 -0.00169609 -0.00149495 -0.00135245 -0.00171381 -0.00154615 -0.00149686 -0.000984541 -0.00123313 -0.000964325 -0.0012115 -0.00232844 -0.00224623 -0.00185148 -0.0021485 -0.00214396 -0.00136733 -0.00219882 -0.0021826 -0.00172688 -0.00171509 -0.00204114 -0.0018481 -0.00141842 -0.00164134 -0.00153169 -0.00154321 -0.00210181 -0.000332499 -0.00107022 -0.00202463 -0.00179024 -0.0014735 
-0.00135703 0.00157996 0.00168252 0.00195478 0.00237831 0.00188275 0.123978 0.0020564 0.00297745 0.0028044 0.00295222 0.0012108 -0.00156614 -0.0021403 -0.00179451 -0.00151744 -0.00219382 -0.00197689 -0.00178129 -0.0023997 -0.00164072 -0.0024923 -0.0017898 -0.00157653 -0.00161468 -0.00162766 -0.00178003 -0.00265269 -0.00257972 -0.00186216 -0.0023862 -0.00250355 -0.00205396 -0.00110399 -0.00149677 -0.0019083 -0.00147075 -0.001543 -0.00181196 -0.00151903 -0.00194482 -0.00201382 -0.0010545 -0.00188713 -0.000915067 -0.00109067 -0.00155696 -0.00141738 -0.00122335 -0.000605931 -0.00199985 -0.000931922 -0.00151847 -0.00152145 -0.000273642 -0.00172983 -0.00197246 -0.000920883 -0.00124277 -0.00182509 -0.00166546 -0.00119359 -0.00160583 -0.0014305 -0.00126173 -0.00135961 -0.00174981 -0.000920554 -0.00142551 -0.00124266 -0.00118036 -0.00189692 -0.00214577 -0.00220141 -0.00176942 -0.00102667 -0.00129567 -0.0015272 -0.00138412 -0.0016956 -0.00285903 -0.00136035 -0.00209561 -0.00234063 -0.0016907 -0.0014243 -0.00115263 -0.00162192 -0.00154727 -0.00156209 -0.000550385 -0.00142072 -0.00188622 -0.00225529 -0.00157007 -0.00178607 -0.00171299 -0.00175761 -0.001912 -0.00118619 
-0.000874269 -0.000880565 0.00253447 0.00232375 0.00189845 0.00269309 0.0020564 0.130406 0.00242238 0.00256852 0.00195638 0.00172221 0.00233059 -0.00116501 -0.00131223 -0.00180385 -0.00128694 -0.00211279 -0.000978627 -0.00246522 -0.00306238 -0.00133675 -0.00130384 -0.00233974 -0.00152351 -0.00240901 -0.0017304 -0.00202272 -0.00153718 -0.00229107 -0.00176525 -0.00169717 -0.00195024 -0.00129362 -0.00247742 -0.00196107 -0.00157828 -0.00211501 -0.00269083 -0.00141001 -0.00151919 -0.00152406 -0.00134749 -0.00161943 -0.00197713 -0.00178192 -0.00214637 -0.00169849 -0.000956892 -0.00147618 -0.00167268 -0.00162047 -0.00129793 -0.00110388 -0.00157544 -0.00116075 -0.0022087 -0.000819426 -0.00183707 -0.00178166 -0.00158474 -0.00260963 -0.00185478 -0.00128986 -0.0026145 -0.00168683 -0.000889312 -0.00161865 -0.00120029 -0.00171684 -0.0020352 -0.00113402 -0.00195006 -0.0015249 -0.00183841 -0.00177264 -0.00174123 -0.00135833 -0.00193463 -0.00159467 -0.001827 -0.00201614 -0.00210018 -0.0021291 -0.00202891 -0.00133588 -0.00121945 -0.0015879 -0.00257616 -0.00189396 -0.00154593 -0.00138924 -0.00185307 -0.00152739 -0.00231614 -0.00188226 -0.00192628 -0.00167653 -0.00155361 -0.00207788 
-0.00195516 -0.000558612 -0.00176454 0.00202704 0.002893 0.00234999 0.00297745 0.00242238 0.140951 0.00385785 0.00261387 0.00251236 0.00254471 0.0016965 -0.00162661 -0.00235552 -0.000517332 -0.00193473 -0.00318832 -0.00202804 -0.00160232 -0.00192662 -0.00168628 -0.00195954 -0.00118524 -0.00197406 -0.00237755 -0.00164649 -0.00232901 -0.00295745 -0.00291932 -0.00214902 -0.0019696 -0.00166941 -0.0017874 -0.00123622 -0.00182269 -0.00248664 -0.00249689 -0.00212056 -0.00247446 -0.00171051 -0.00174641 -0.00194199 -0.00119392 -0.00172623 -0.00128888 -0.00155127 -0.00269999 -0.00155835 -0.00134699 -0.00131988 -0.0012923 -0.0015948 -0.00223879 -0.00227667 -0.00131496 -0.00183396 -0.00200753 -0.00315386 -0.000911444 -0.00129504 -0.00187076 -0.00174514 -0.00167732 -0.002124 -0.00139447 -0.00144287 -0.00245886 -0.00138346 -0.00219624 -0.0023182 -0.00139148 -0.00220077 -0.00215797 -0.000917479 -0.00158375 -0.00207544 -0.00225469 -0.00188357 -0.00207682 -0.00119489 -0.00252757 -0.00258768 -0.00231415 -0.00142111 -0.00183158 -0.002248 -0.00200487 -0.00293321 -0.00165734 -0.00203268 -0.00277342 -0.00124433 -0.00151449 -0.00153217 -0.00202842 -0.00243921 -0.00151188 -0.00118657 
-0.0018156 -0.00167901 -0.00179881 -0.000861578 0.00261623 0.00287698 0.0028044 0.00256852 0.00385785 0.132478 0.00291219 0.00293311 0.00291193 0.00130966 -0.00122394 -0.00107823 -0.00219406 -0.00238284 -0.00346665 -0.00262855 -0.00147472 -0.00142667 -0.00179287 -0.00252432 -0.00194775 -0.00237645 -0.00192855 -0.00179408 -0.00114728 -0.00269825 -0.00215538 -0.00171321 -0.00175816 -0.00139698 -0.00173899 -0.00168965 -0.00215008 -0.00101196 -0.0014532 -0.00220481 -0.0018063 -0.00161204 -0.00168953 -0.00173953 -0.00194829 -0.00231807 -0.00142946 -0.00108516 -0.00168729 -0.0016655 -0.0018771 -0.00188894 -0.00141084 -0.000912605 -0.00205654 -0.00220932 -0.00219458 -0.00171234 -0.00188246 -0.00222553 -0.00221632 -0.00206947 -0.00195855 -0.000486486 -0.00109218 -0.00272177 -0.00172549 -0.00141197 -0.00199285 -0.000650169 -0.00221341 -0.00133482 -0.00232915 -0.0015709 -0.00184424 -0.00171243 -0.00127319 -0.000948329 -0.00168505 -0.00168169 -0.00118232 -0.000435235 -0.00197782 -0.00206492 -0.0022287 -0.00129218 -0.00196556 -0.0022557 -0.00181526 -0.00166156 -0.00215165 -0.00192922 -0.00192059 -0.00133671 -0.0012664 -0.00191893 -0.00174638 -0.00117165 -0.00170784 -0.00145797 
-0.00204306 -0.00211115 -0.00189779 -0.00180498 -0.0010598 0.00308873 0.00295222 0.00195638 0.00261387 0.00291219 0.138795 0.00362247 0.00308993 0.00293263 0.00161785 0.00322748 -0.000651182 -0.00178003 -0.00121342 -0.00140026 -0.00285478 -0.0020262 -0.00171315 -0.00219988 -0.00208731 -0.00191239 -0.00281832 -0.00128995 -0.00192277 -0.00295205 -0.001713 -0.0017087 -0.00283178 -0.00194074 -0.0021513 -0.00205028 -0.0021852 -0.00194545 -0.00262111 -0.00135046 -0.0022027 -0.00194667 -0.00227779 -0.00144749 -0.00227627 -0.00216793 -0.00211348 -0.00189287 -0.00146075 -0.00205771 -0.00143678 -0.00176135 -0.00167461 -0.00161025 -0.00145633 -0.00196868 -0.00256766 -0.00202279 -0.00275659 -0.00208709 -0.00183097 -0.00262744 -0.00159434 -0.0017644 -0.00167325 -0.00241264 -0.00123611 -0.000717182 -0.00107963 -0.00184311 -0.00191385 -0.0017743 -0.00215672 -0.00182071 -0.00166065 -0.00137678 -0.00112866 -0.0015092 -0.00165053 -0.00203337 -0.00130859 -0.00234407 -0.00162999 -0.00178641 -0.00229657 -0.00168623 -0.00176176 -0.00215724 -0.00120615 -0.00144709 -0.00159206 -0.00219476 -0.00184401 -0.0021187 -0.00174334 -0.00238042 -0.00258162 -0.00197907 -0.00199579 -0.00152895 
-0.00135756 -0.0021466 -0.00150605 -0.00167555 -0.00177525 -0.00141157 0.0012108 0.00172221 0.00251236 0.00293311 0.00362247 0.133967 0.00277294 0.00261807 0.00178373 0.00174494 0.00215269 -0.00163742 -0.00134059 -0.00169765 -0.00179092 -0.00152658 -0.00119238 -0.0023924 -0.00088363 -0.00263538 -0.00169927 -0.0021307 -0.00191187 -0.00144906 -0.00206171 -0.00221505 -0.00175057 -0.00222563 -0.00209279 -0.00243564 -0.00163368 -0.00186644 -0.00156811 -0.00118271 -0.0017582 -0.00189735 -0.0016064 -0.00125619 -0.0020876 -0.00268387 -0.00251613 -0.00236205 -0.00155031 -0.00178113 -0.00230162 -0.00174932 -0.00178716 -0.00208301 -0.00211 -0.00262236 -0.00206835 -0.00199518 -0.00243682 -0.00227206 -0.0009609 -0.00166617 -0.0015211 -0.000897383 -0.00171976 -0.00119016 -0.00161892 -0.00222514 -0.00217544 -0.00182031 -0.00148521 -0.00228165 -0.00230945 -0.0026797 -0.00146832 -0.00105377 -0.000489013 -0.00118215 -0.00120344 -0.000749203 -0.00119937 -0.00119586 -0.00122283 -0.00213666 -0.00182191 -0.00135969 -0.00184903 -0.00165487 -0.00245865 -0.00125957 -0.00172551 -0.00237472 -0.00186647 -0.00149632 -0.00184338 -0.00141933 -0.00206679 -0.00198772 -0.00173331 -0.00155295 
-0.00128533 -0.00158687 -0.00136694 -0.00177489 -0.000949581 -0.00118325 -0.00156614 0.00233059 0.00254471 0.00291193 0.00308993 0.00277294 0.133595 0.00141015 0.0019432 0.00180675 0.00226774 -0.00153852 -0.00158245 -0.00237451 -0.0023641 -0.00196168 -0.00290368 -0.00282739 -0.0021842 -0.00260127 -0.00176878 -0.00162145 -0.00163412 -0.00134681 -0.00186299 -0.00151294 -0.00172226 -0.00195458 -0.00210524 -0.00104104 -0.00208415 -0.00125699 -0.00147401 -0.00233527 -0.00156119 -0.00108184 -0.00163077 -0.00184079 -0.00187399 -0.00172666 -0.0011848 -0.00140373 -0.00212415 -0.00201028 -0.00183753 -0.00153421 -0.00212412 -0.00209732 -0.00137038 -0.00191313 -0.00167954 -0.00198213 -0.00163306 -0.00204986 -0.000892275 -0.00159671 -0.000943466 -0.00170807 -0.00211974 -0.00227064 -0.00156887 -0.00122401 -0.00250276 -0.00216845 -0.00182143 -0.000822437 -0.00133695 -0.00189878 -0.00149353 -0.00073287 -0.00112566 -0.00188821 -0.00119087 -0.00179534 -0.00133135 -0.00110826 -0.00244005 -0.00214652 -0.00222462 -0.00143604 -0.00157591 -0.00204924 -0.00223171 -0.0015855 -0.000906791 -0.00211926 -0.00196267 -0.00183752 -0.0020807 -0.0015138 -0.00151949 -0.00214685 -0.00135884 -0.00156568 
-0.00108458 -0.00179693 -0.00184631 -0.00135932 -0.00154582 -0.00169417 -0.0021403 -0.00116501 0.0016965 0.00130966 0.00293263 0.00261807 0.00141015 0.139768 0.00191537 0.00272632 0.0026306 0.0028711 0.00239681 -0.00154985 -0.000972036 -0.00221075 -0.00147056 -0.00213167 -0.00169942 -0.00129179 -0.00180313 -0.00228274 -0.0019802 -0.0017972 -0.00219398 -0.00139588 -0.0027969 -0.00226975 -0.00195754 -0.00158612 -0.00244908 -0.00200307 -0.0010028 -0.00126318 -0.0019509 -0.00238273 -0.00251693 -0.00152257 -0.0027163 -0.00207977 -0.00162221 -0.00136669 -0.00187999 -0.00157366 -0.00223922 -0.00186483 -0.00127157 -0.00178801 -0.00129707 -0.00193006 -0.00173644 -0.00279101 -0.00193723 -0.00222533 -0.0018418 -0.00178575 -0.00196123 -0.00206888 -0.00191143 -0.00176095 -0.00229745 -0.00104046 -0.00200274 -0.00268805 -0.00156248 -0.00170806 -0.00214769 -0.00248096 -0.00273145 -0.00216328 -0.00176084 -0.00236631 -0.00263253 -0.0022633 -0.00127219 -0.00163407 -0.001058 -0.00267766 -0.00158682 -0.00240301 -0.00259598 -0.00160565 -0.000480764 -0.00182027 -0.00179777 -0.000610937 -0.00128809 -0.00145871 -0.00169028 -0.00156438 -0.00171246 -0.00141646 -0.00160914 -0.00138446 
-0.00185891 -0.00169138 -0.00219473 -0.00138775 -0.00124882 -0.00216669 -0.00179451 -0.00131223 -0.00162661 -0.00122394 0.00161785 0.00178373 0.0019432 0.00191537 0.130913 0.00295921 0.00246905 0.00188524 0.00357795 0.00346336 -0.000733534 -0.00203515 -0.00199819 -0.00183558 -0.0019324 -0.0020174 -0.00157695 -0.00143747 -0.0013994 -0.0017548 -0.00242121 -0.00178426 -0.00216951 -0.00272982 -0.00209765 -0.00208218 -0.00272918 -0.00219693 -0.00142867 -0.00192989 -0.0020726 -0.00310716 -0.00185385 -0.0022907 -0.00272349 -0.00244692 -0.00230981 -0.00221235 -0.00184548 -0.00238891 -0.000390133 -0.00183137 -0.0013996 -0.0017483 -0.00137893 -0.00163374 -0.0014404 -0.00155864 -0.00178903 -0.00119716 -0.00165829 -0.00139091 -0.00100881 -0.00147667 -0.00134151 -0.00193913 -0.00175779 -0.00115298 -0.00178999 -0.00188675 -0.00152111 -0.00114373 -0.000942853 -0.00128466 -0.00154199 -0.000987823 -0.00138704 -0.00182997 -0.00159661 -0.00151923 -0.00142046 -0.00200863 -0.00178706 -0.00178679 -0.00038059 -0.00131644 -0.00152333 -0.00165104 -0.00132351 -0.000262681 -0.00185447 -0.00177995 -0.0015125 -0.00194328 -0.00146077 -0.00186002 -0.00204599 -0.00135915 -0.00271354 -0.000965999 
-0.00212177 -0.00152843 -0.00140416 -0.00163872 -0.00162515 -0.00166109 -0.00151744 -0.00180385 -0.00235552 -0.00107823 0.00322748 0.00174494 0.00180675 0.00272632 0.00295921 0.138924 0.00172305 0.00277508 0.00241607 0.00283823 -0.00248763 -0.00215647 -0.00230943 -0.00198299 -0.00098592 -0.0021203 -0.0021779 -0.00245697 -0.001342 -0.00278443 -0.00264929 -0.00228987 -0.00194086 -0.00256192 -0.00148982 -0.000869316 -0.00237843 -0.00158217 -0.00144262 -0.00153215 -0.00055216 -0.00111665 -0.00170424 -0.00135276 -0.00219468 -0.00289512 -0.00184795 -0.00132879 -0.00226131 -0.00234885 -0.00187289 -0.00154638 -0.00185623 -0.000861192 -0.000995624 -0.00205715 -0.00178346 -0.0013894 -0.00181796 -0.00161069 -0.00145412 -0.00148689 -0.000809706 -0.00121555 -0.00207683 -0.00244387 -0.00181059 -0.00211539 -0.00150566 -0.00189254 -0.00218453 -0.00170577 -0.00172887 -0.00122976 -0.00181162 -0.00178318 -0.00236096 -0.00123864 -0.00230173 -0.0015432 -0.0020483 -0.0021426 -0.00192018 -0.00161101 -0.00125593 -0.00152106 -0.00205704 -0.00173397 -0.0023235 -0.00149928 -0.00200422 -0.0017747 -0.00214933 -0.00210134 -0.00221304 -0.0021773 -0.00203808 -0.00204012 -0.000937663 -0.00122474 
-0.00231912 -0.00217133 -0.000940479 -0.00185293 -0.00216478 -0.000948102 -0.00219382 -0.00128694 -0.000517332 -0.00219406 -0.000651182 0.00215269 0.00226774 0.0026306 0.00246905 0.00172305 0.144396 0.00273647 0.00319714 0.00222339 0.00189489 0.00267465 -0.00134989 -0.00238928 -0.00115669 -0.00207695 -0.00276601 -0.0024059 -0.00192831 -0.00177075 -0.00230258 -0.00288622 -0.00230389 -0.00219185 -0.00102346 -0.00231355 -0.00199082 -0.00192599 -0.00188893 -0.00179699 -0.00240998 -0.00233104 -0.00219992 -0.00200811 -0.0022594 -0.00266964 -0.00252136 -0.0028858 -0.00249589 -0.00114549 -0.0025067 -0.00142824 -0.0020235 -0.00193096 -0.00220057 -0.00166563 -0.0022889 -0.0021133 -0.00187434 -0.00219986 -0.00137033 -0.00172838 -0.00138512 -0.00232692 -0.00202349 -0.00122671 -0.00168405 -0.00168354 -0.00161275 -0.00258382 -0.00182176 -0.00215806 -0.00150471 -0.00129379 -0.00207062 -0.00160833 -0.00113267 -0.00231168 -0.00205169 -0.00196486 -0.00247477 -0.00292749 -0.00244258 -0.0019707 -0.0015727 -0.00182818 -0.00248065 -0.00164228 -0.00139859 -0.00177411 -0.00174249 -0.00174672 -0.00153609 -0.00113525 -0.00223719 -0.00179574 -0.0015777 -0.00181066 -0.000953524 -0.000907775 
-0.00150793 -0.00164463 -0.0016627 -0.00127731 -0.00178271 -0.00147762 -0.00197689 -0.00211279 -0.00193473 -0.00238284 -0.00178003 -0.00163742 -0.00153852 0.0028711 0.00188524 0.00277508 0.00273647 0.142089 0.00362215 0.00252253 0.00278449 0.00161884 0.00266523 -0.00182677 -0.00131956 -0.0015863 -0.00164243 -0.00200012 -0.00177925 -0.00150851 -0.00200229 -0.00243308 -0.00166213 -0.00136574 -0.00228493 -0.00183265 -0.00287423 -0.00216668 -0.00171696 -0.00184831 -0.00209344 -0.00179446 -0.00200369 -0.00139036 -0.00259474 -0.00239475 -0.00144874 -0.00196172 -0.00271748 -0.00189114 -0.00182763 -0.00257949 -0.00172158 -0.0018177 -0.00200627 -0.00153496 -0.00253459 -0.000987164 -0.00183156 -0.00164989 -0.00206876 -0.00192801 -0.00140121 -0.00261171 -0.00153666 -0.0015476 -0.00236913 -0.00100831 -0.00223325 -0.00220337 -0.0020987 -0.00213333 -0.0015706 -0.00232835 -0.00169577 -0.00120867 -0.00200357 -0.0016811 -0.00172489 -0.00209678 -0.00243713 -0.00144547 -0.00284205 -0.0015845 -0.00150843 -0.00211468 -0.00136297 -0.00205442 -0.0017016 -0.00182434 -0.00182378 -0.00120545 -0.00119655 -0.00152452 -0.00139684 -0.0016583 -0.00194544 -0.00163538 -0.00164167 -0.00186982 
-0.00213637 -0.00140983 -0.00161258 -0.00199909 -0.00215341 -0.00256509 -0.00178129 -0.000978627 -0.00318832 -0.00346665 -0.00121342 -0.00134059 -0.00158245 0.00239681 0.00357795 0.00241607 0.00319714 0.00362215 0.146953 0.00236651 0.00348451 0.00316958 0.00224378 -0.00185967 -0.00245157 -0.00155082 -0.00278824 -0.00218293 -0.00205089 -0.00139531 -0.00275405 -0.00103011 -0.00240472 -0.00234726 -0.00229225 -0.00147635 -0.0015246 -0.00233964 -0.00186443 -0.00232019 -0.00174983 -0.00233031 -0.00159528 -0.00254733 -0.00179689 -0.00212344 -0.00181236 -0.00238675 -0.00139016 -0.00204405 -0.00170021 -0.0010459 -0.0013892 -0.00225876 -0.00230001 -0.00167807 -0.00132496 -0.0013678 -0.00183238 -0.00198972 -0.00160139 -0.00158745 -0.00170158 -0.00186269 -0.0021172 -0.00072195 -0.00208863 -0.00185003 -0.0020561 -0.00318485 -0.00193971 -0.00197046 -0.00232628 -0.00241829 -0.00196659 -0.0015723 -0.00248106 -0.00170616 -0.00141233 -0.0022759 -0.00192853 -0.00223829 -0.00114832 -0.00135668 -0.00253586 -0.00169003 -0.00192611 -0.00207843 -0.00173882 -0.0015645 -0.00241938 -0.0013231 -0.00247168 -0.00210982 -0.00191585 -0.00264504 -0.00189364 -0.00120955 -0.00198762 -0.00168101 
-0.00179784 -0.00275418 -0.0017397 -0.00181387 -0.00199152 -0.00168957 -0.0023997 -0.00246522 -0.00202804 -0.00262855 -0.00140026 -0.00169765 -0.00237451 -0.00154985 0.00346336 0.00283823 0.00222339 0.00252253 0.00236651 0.144717 0.00322075 0.00215607 0.00302623 0.00300339 0.00303984 -0.00220696 -0.00121723 -0.00186693 -0.00133727 -0.00170909 -0.00228886 -0.00232737 -0.00226414 -0.00231972 -0.00217602 -0.00291942 -0.00268165 -0.00179475 -0.00206903 -0.00157798 -0.00207029 -0.0012837 -0.00261688 -0.00187974 -0.0017491 -0.00158251 -0.00160819 -0.00189886 -0.00233656 -0.0021097 -0.002313 -0.0020434 -0.00131589 -0.00176718 -0.00150914 -0.00190897 -0.0015967 -0.00166786 -0.00197311 -0.00118295 -0.00237441 -0.00188715 -0.00219641 -0.00167307 -0.00214986 -0.00124397 -0.0022516 -0.0025048 -0.000777352 -0.00222743 -0.00169038 -0.00156115 -0.00270272 -0.00190219 -0.00224771 -0.00174707 -0.00206201 -0.00265905 -0.00138486 -0.002506 -0.00311913 -0.0021031 -0.00196138 -0.00148987 -0.0026214 -0.000696892 -0.00195173 -0.00212052 -0.00213072 -0.00104372 -0.00179163 -0.0018026 -0.00234544 -0.00212153 -0.00204657 -0.00142468 -0.00238008 -0.00100507 -0.00241125 -0.000759914 
-0.00227054 -0.00191584 -0.00166292 -0.00206985 -0.00216123 -0.00263472 -0.00164072 -0.00306238 -0.00160232 -0.00147472 -0.00285478 -0.00179092 -0.0023641 -0.000972036 -0.000733534 -0.00248763 0.00189489 0.00278449 0.00348451 0.00322075 0.146103 0.00255181 0.00182205 0.00353243 0.00287656 0.00268478 -0.00229837 -0.000506936 -0.00141153 -0.00220435 -0.00272569 -0.00193821 -0.0017326 -0.00204497 -0.00189796 -0.00123236 -0.00173971 -0.00186219 -0.00184433 -0.00188083 -0.00144627 -0.00295446 -0.0027366 -0.00226066 -0.00252871 -0.00144369 -0.00131683 -0.00202316 -0.00277883 -0.00128419 -0.00252402 -0.00226576 -0.00186373 -0.0019482 -0.00171115 -0.00167904 -0.00252692 -0.00164846 -0.00151045 -0.00104415 -0.00211623 -0.00177409 -0.00181678 -0.00157648 -0.000959537 -0.00202281 -0.00139762 -0.0016303 -0.00189629 -0.00172718 -0.00254986 -0.00143129 -0.00159535 -0.00233375 -0.00176265 -0.00264376 -0.00203524 -0.00143937 -0.00177223 -0.00233677 -0.00227313 -0.00149015 -0.00192679 -0.00139552 -0.00241681 -0.00194978 -0.00242236 -0.00171214 -0.00215248 -0.00288355 -0.00204325 -0.00166512 -0.00123516 -0.00209384 -0.00170229 -0.00226844 -0.00230328 -0.00153514 -0.00181479 -0.000340599 
-0.00272152 -0.00265031 -0.00223509 -0.00246863 -0.00200331 -0.00205846 -0.0024923 -0.00133675 -0.00192662 -0.00142667 -0.0020262 -0.00152658 -0.00196168 -0.00221075 -0.00203515 -0.00215647 0.00267465 0.00161884 0.00316958 0.00215607 0.00255181 0.15175 0.00370664 0.00282609 0.00360419 0.00254586 -0.00187382 -0.00149266 -0.00132506 -0.00172812 -0.00225063 -0.00194721 -0.00229706 -0.00202599 -0.00254619 -0.00211579 -0.00116402 -0.00232096 -0.00163079 -0.00177668 -0.00242198 -0.00178447 -0.00234074 -0.00247233 -0.00184614 -0.00193157 -0.00206518 -0.00298337 -0.00214372 -0.00221891 -0.00181182 -0.00156258 -0.00142299 -0.00143958 -0.00217376 -0.0010454 -0.00169313 -0.00237864 -0.00190996 -0.00222304 -0.00137854 -0.00188896 -0.00197422 -0.00169695 -0.00231756 -0.00168367 -0.00203494 -0.00205903 -0.00207196 -0.00251089 -0.00356096 -0.00198813 -0.00287668 -0.00229156 -0.00204253 -0.00137622 -0.00199167 -0.00114056 -0.00210486 -0.00252288 -0.00155887 -0.000997524 -0.00199327 -0.00245226 -0.00207923 -0.00163439 -0.00142149 -0.0013308 -0.00126091 -0.00174679 -0.00103515 -0.00178858 -0.00217499 -0.00279751 -0.00292009 -0.00211799 -0.00134818 -0.00146813 -0.00146522 -0.00189917 
-0.00167012 -0.00153545 -0.00225403 -0.00182411 -0.00259516 -0.00213385 -0.0017898 -0.00130384 -0.00168628 -0.00179287 -0.00171315 -0.00119238 -0.00290368 -0.00147056 -0.00199819 -0.00230943 -0.00134989 0.00266523 0.00224378 0.00302623 0.00182205 0.00370664 0.145879 0.00240235 0.00204804 0.00323655 0.00213154 -0.00056364 -0.00278618 -0.00189877 -0.00184253 -0.0016908 -0.00141128 -0.00203618 -0.00223609 -0.00203821 -0.00276982 -0.00203383 -0.00240308 -0.00142029 -0.00136615 -0.00186773 -0.00294 -0.00242417 -0.00122287 -0.0017071 -0.00108943 -0.00284938 -0.0019406 -0.00146784 -0.00138868 -0.00160461 -0.0018513 -0.00247687 -0.0022224 -0.00181611 -0.00230009 -0.000715536 -0.00267465 -0.0018101 -0.00168371 -0.00144087 -0.00343889 -0.00190949 -0.00188942 -0.00229944 -0.00234116 -0.00181776 -0.00221777 -0.0022798 -0.00259868 -0.00220805 -0.00195289 -0.00311131 -0.0019235 -0.00247609 -0.00207686 -0.00208827 -0.00209116 -0.00207181 -0.00156981 -0.00208638 -0.00171927 -0.00200176 -0.0014484 -0.00211485 -0.00177388 -0.00110108 -0.00178544 -0.00166662 -0.00173451 -0.0017227 -0.00072726 -0.00166266 -0.00166725 -0.0015741 -0.0013162 -0.00138363 -0.000716148 -0.00108298 
-0.0014183 -0.00149437 -0.00169732 -0.00126652 -0.00184154 -0.00198914 -0.00157653 -0.00233974 -0.00195954 -0.00252432 -0.00219988 -0.0023924 -0.00282739 -0.00213167 -0.00183558 -0.00198299 -0.00238928 -0.00182677 -0.00185967 0.00300339 0.00353243 0.00282609 0.00240235 0.143732 0.00265051 0.00342057 0.00238756 0.00321576 -0.00182014 -0.0010689 -0.00274893 -0.00197461 -0.00153475 -0.00250322 -0.00242671 -0.00143421 -0.00223025 -0.00228211 -0.00166849 -0.0012205 -0.00157968 -0.00170005 -0.00204152 -0.00191393 -0.00213928 -0.00176704 -0.00171696 -0.00139003 -0.00167486 -0.00169254 -0.00150657 -0.00258328 -0.00223049 -0.00173744 -0.000782801 -0.000986961 -0.00154506 -0.0013753 -0.00119736 -0.00157006 -0.0020771 -0.0017946 -0.00180987 -0.00217458 -0.00169719 -0.00134667 -0.00116023 -0.0011345 -0.00189968 -0.00182765 -0.00230052 -0.00223934 -0.00243771 -0.00257836 -0.0015182 -0.00165196 -0.00129069 -0.00121418 -0.0017916 -0.00193268 -0.00344287 -0.0018142 -0.00185212 -0.00138906 -0.00152443 -0.00139574 -0.0020541 -0.0016114 -0.00152778 -0.00148956 -0.00237464 -0.00150452 -0.00203111 -0.00180925 -0.00234187 -0.00164933 -0.00239147 -0.00191381 -0.0019368 -0.0016423 
-0.00220716 -0.00226586 -0.00198377 -0.00160791 -0.00170374 -0.00272238 -0.00161468 -0.00152351 -0.00118524 -0.00194775 -0.00208731 -0.00088363 -0.0021842 -0.00169942 -0.0019324 -0.00098592 -0.00115669 -0.00131956 -0.00245157 0.00303984 0.00287656 0.00360419 0.00204804 0.00265051 0.144904 0.00340416 0.00209655 0.00211942 0.00285266 0.00215855 -0.000741517 -0.00142895 -0.0015038 -0.00138912 -0.00187508 -0.0013943 -0.00187969 -0.00206774 -0.00152143 -0.00252451 -0.00155474 -0.00261499 -0.00209202 -0.00191818 -0.00221743 -0.00189213 -0.00227543 -0.00283106 -0.0023248 -0.00210248 -0.00183312 -0.00229423 -0.00311356 -0.00165502 -0.00283783 -0.00186878 -0.00300724 -0.00195204 -0.00142257 -0.00225106 -0.00263376 -0.0015909 -0.00147744 -0.00268985 -0.00241838 -0.000874338 -0.00210419 -0.00240115 -0.00222009 -0.00187424 -0.00154765 -0.00177853 -0.0019652 -0.00240284 -0.00195535 -0.00222745 -0.00170307 -0.00148382 -0.00137099 -0.00184277 -0.00256718 -0.00149384 -0.00124317 -0.00101229 -0.00139546 -0.00166217 -0.00199412 -0.00253244 -0.00132437 -0.00258404 -0.00251784 -0.00234369 -0.00205302 -0.00262599 -0.00277621 -0.0016125 -0.00198864 -0.00181009 -0.00214021 -0.00166799 
-0.00238795 -0.00183853 -0.00241181 -0.00213018 -0.00184123 -0.00246047 -0.00162766 -0.00240901 -0.00197406 -0.00237645 -0.00191239 -0.00263538 -0.00260127 -0.00129179 -0.0020174 -0.0021203 -0.00207695 -0.0015863 -0.00155082 -0.00220696 0.00268478 0.00254586 0.00323655 0.00342057 0.00340416 0.143675 0.00272694 0.00245053 0.00173757 0.00238376 0.00188622 -0.000846806 -0.00208932 -0.00197632 -0.00213599 -0.00156305 -0.00254736 -0.00230466 -0.00185979 -0.00162035 -0.00238596 -0.00124869 -0.00244974 -0.00171832 -0.0022227 -0.00190038 -0.00155075 -0.00187873 -0.0023949 -0.00215674 -0.00223306 -0.00232817 -0.00271235 -0.00167731 -0.00104262 -0.0014435 -0.0018722 -0.00167555 -0.0012225 -0.000764666 -0.00242096 -0.00186591 -0.0023349 -0.00174801 -0.00113386 -0.00191631 -0.0010036 -0.00172907 -0.00184297 -0.00139721 -0.00146765 -0.00243425 -0.00248226 -0.00207842 -0.00186993 -0.00197532 -0.00164776 -0.00206929 -0.00196926 -0.00263893 -0.00137179 -0.00141904 -0.00249828 -0.00222582 -0.00208957 -0.00193262 -0.00180214 -0.00290065 -0.00162999 -0.00172518 -0.00190478 -0.00251356 -0.000486935 -0.00170234 -0.0026233 -0.00156968 -0.00127725 -0.00156639 -0.00109645 -0.00251124 
-0.00147872 -0.00116384 -0.00244576 -0.00248624 -0.00162415 -0.00237024 -0.00178003 -0.0017304 -0.00237755 -0.00192855 -0.00281832 -0.00169927 -0.00176878 -0.00180313 -0.00157695 -0.0021779 -0.00276601 -0.00164243 -0.00278824 -0.00121723 -0.00229837 -0.00187382 0.00213154 0.00238756 0.00209655 0.00272694 0.133135 0.00228335 0.00178569 0.00169736 0.0020676 0.00220034 -0.00194515 -0.00131254 -0.00174048 -0.00153787 -0.00114851 -0.00124237 -0.0023345 -0.00162679 -0.00184935 -0.00138646 -0.00100833 -0.00225512 -0.00149848 -0.00147639 -0.00205766 -0.00184109 -0.00206382 -0.00171964 -0.00213388 -0.00252813 -0.00169254 -0.00154317 -0.00150284 -0.00154698 -0.00178531 -0.00119449 -0.00170611 -0.0015473 -0.00187421 -0.00154423 -0.0022351 -0.00176003 -0.00131775 -0.00127628 -0.00150236 -0.00140538 -0.00106044 -0.00151716 -0.0015448 -0.0023828 -0.00147325 -0.00159139 -0.00117636 -0.0014245 -0.00130253 -0.00199536 -0.00165052 -0.00176859 -0.00115521 -0.00136742 -0.00111656 -0.00154891 -0.000785128 -0.00188344 -0.000827444 -0.000823174 -0.0020131 -0.00186768 -0.00173665 -0.00134316 -0.00101488 -0.00206281 -0.00151095 -0.00202292 -0.00125974 -0.00175024 -0.00199329 -0.00158504 
-0.0017687 -0.0020013 -0.00170897 -0.00165044 -0.00122642 -0.00192292 -0.00265269 -0.00202272 -0.00164649 -0.00179408 -0.00128995 -0.0021307 -0.00162145 -0.00228274 -0.00143747 -0.00245697 -0.0024059 -0.00200012 -0.00218293 -0.00186693 -0.000506936 -0.00149266 -0.00056364 0.00321576 0.00211942 0.00245053 0.00228335 0.136415 0.00372415 0.00285404 0.00266657 0.0029029 0.00101388 -0.00147718 -0.00179265 -0.00239545 -0.00165321 -0.00164534 -0.00211608 -0.00152994 -0.00250179 -0.00134484 -0.00189968 -0.00124825 -0.00229879 -0.00172891 -0.00141322 -0.00178153 -0.00182909 -0.00250241 -0.00128385 -0.00223169 -0.00200799 -0.00124116 -0.00156209 -0.00240088 -0.00186123 -0.00230107 -0.00193864 -0.0022475 -0.00191729 -0.00182786 -0.00227123 -0.00199167 -0.00148518 -0.00224566 -0.00146001 -0.00231987 -0.00183512 -0.00240347 -0.00172217 -0.00149585 -0.00222732 -0.00261082 -0.00217555 -0.00155428 -0.00121997 -0.00169949 -0.00132994 -0.00165093 -0.00187862 -0.0014345 -0.0014983 -0.00178666 -0.00180905 -0.0014763 -0.00160176 -0.00135033 -0.00176059 -0.00165005 -0.0018701 -0.00121862 -0.000139225 -0.00173918 -0.00165914 -0.000736511 -0.00190545 -0.00163331 -0.00173236 -0.00245388 
-0.00206431 -0.00135664 -0.00245272 -0.00187577 -0.00219439 -0.0019698 -0.00257972 -0.00153718 -0.00232901 -0.00114728 -0.00192277 -0.00191187 -0.00163412 -0.0019802 -0.0013994 -0.001342 -0.00192831 -0.00177925 -0.00205089 -0.00133727 -0.00141153 -0.00132506 -0.00278618 -0.00182014 0.00285266 0.00173757 0.00178569 0.00372415 0.135386 0.00301856 0.00377875 0.00227081 0.00297863 0.00315097 -0.000271908 -0.00190501 -0.00110636 -0.00146888 -0.0019126 -0.00098984 -0.0018304 -0.00151441 -0.00222918 -0.00181291 -0.0023617 -0.00195605 -0.00174829 -0.00210263 -0.00203504 -0.00208342 -0.00119575 -0.00172354 -0.00164852 -0.00158658 -0.00205718 -0.00200939 -0.00246745 -0.00183876 -0.00203392 -0.00251085 -0.00172847 -0.00108558 -0.00163411 -0.00256181 -0.00259376 -0.00155443 -0.00194731 -0.00195739 -0.00170878 -0.00175707 -0.00164239 -0.0018666 -0.00231444 -0.00192096 -0.00139605 -0.00246407 -0.00131908 -0.0017073 -0.00140765 -0.00207631 -0.00122038 -0.002222 -0.00153731 -0.00192013 -0.00188972 -0.00130389 -0.0010568 -0.0008818 -0.00208847 -0.00188073 -0.00169643 -0.00141547 -0.0022982 -0.00182817 -0.00182263 -0.00238259 -0.00144112 -0.00104582 -0.00143714 -0.00213475 
-0.0016882 -0.00192135 -0.00198574 -0.00159665 -0.00260253 -0.00251625 -0.00186216 -0.00229107 -0.00295745 -0.00269825 -0.00295205 -0.00144906 -0.00134681 -0.0017972 -0.0017548 -0.00278443 -0.00177075 -0.00150851 -0.00139531 -0.00170909 -0.00220435 -0.00172812 -0.00189877 -0.0010689 0.00215855 0.00238376 0.00169736 0.00285404 0.00301856 0.139167 0.00244959 0.00253772 0.00141033 0.00145975 -0.0013692 -0.00182715 -0.000509991 -0.00161852 -0.00196935 -0.00170171 -0.00179641 -0.00175634 -0.00255133 -0.00127129 -0.0023784 -0.00158366 -0.00212631 3.30582e-05 -0.00210076 -0.00195353 -0.00140762 -0.00182623 -0.00239315 -0.0011088 -0.00204666 -0.00149035 -0.00208614 -0.00180859 -0.00128549 -0.000699754 -0.000770083 -0.00134514 -0.00136996 -0.00210435 -0.00121208 -0.00209667 -0.000966592 -0.000969515 -0.00180896 -0.00161835 -0.00154394 -0.00143315 -0.00229738 -0.00207894 -0.00250669 -0.00158247 -0.00176492 -0.00180856 -0.00101833 -0.00173638 -0.0012013 -0.0014822 -0.0021294 -0.00254468 -0.00196632 -0.00252772 -0.00130349 -0.00169585 -0.00121668 -0.00283841 -0.00129282 -0.00221865 -0.00235278 -0.00182278 -0.0016717 -0.00107424 -0.00143166 -0.00233158 -0.0016924 -0.00218833 
-0.00280823 -0.00134359 -0.00128531 -0.0018434 -0.00208123 -0.00136826 -0.0023862 -0.00176525 -0.00291932 -0.00215538 -0.001713 -0.00206171 -0.00186299 -0.00219398 -0.00242121 -0.00264929 -0.00230258 -0.00200229 -0.00275405 -0.00228886 -0.00272569 -0.00225063 -0.00184253 -0.00274893 -0.000741517 0.00188622 0.0020676 0.00266657 0.00377875 0.00244959 0.133378 0.00256694 0.00179553 0.00337796 0.00222847 0.00144944 -0.00118569 -0.00127766 -0.00182716 -0.00206627 -0.00224758 -0.00201826 -0.00168061 -0.00222368 -0.0022131 -0.00191565 -0.00221568 -0.00113446 -0.00140186 -0.00166642 -0.00244553 -0.00174223 -0.00270922 -0.00143828 -0.00148087 -0.00205219 -0.00180131 -0.00135052 -0.00195523 -0.00100548 -0.00197548 -0.00124145 -0.00141687 -0.000494264 -0.00206113 -0.00139836 -0.000931583 -0.00144434 -0.00152823 -0.0017179 -0.00144882 -0.00130755 -0.00138899 -0.00126499 -0.00167084 -0.00149461 -0.00136616 -0.00173683 -0.00104782 -0.00164528 -0.000985985 -0.00243853 -0.00145726 -0.00204075 -0.00178295 -0.00139005 -0.00214233 -0.00130192 -0.00119688 -0.000527438 -0.00186272 -0.00201013 -0.00135409 -0.00201535 -0.00155135 -0.00241228 -0.00174482 -0.00145852 -0.00188706 -0.00193277 
-0.00174222 -0.00163883 -0.00247477 -0.00199442 -0.00247319 -0.00123583 -0.00250355 -0.00169717 -0.00214902 -0.00171321 -0.0017087 -0.00221505 -0.00151294 -0.00139588 -0.00178426 -0.00228987 -0.00288622 -0.00243308 -0.00103011 -0.00232737 -0.00193821 -0.00194721 -0.0016908 -0.00197461 -0.00142895 -0.000846806 0.00220034 0.0029029 0.00227081 0.00253772 0.00256694 0.126576 0.00221224 0.00266039 0.00170731 0.00258032 0.0020377 -0.0010313 -0.00132361 -0.00103525 -0.00187397 -0.00149037 -0.00112029 -0.00170373 -0.00187925 -0.0018925 -0.00154774 -0.0015835 -0.00110662 -0.00084012 -0.00139417 -0.00127613 -0.0014365 -0.00146757 -0.00145929 -0.00114293 -0.00149423 -0.00198236 -0.00250091 -0.00140444 -0.00130493 -0.00178522 -0.00134727 -0.00203527 -0.00163272 -0.00174301 -0.00214187 -0.0020821 -0.00149268 -0.00205381 -0.00135782 -0.000894684 -0.00217134 -0.000905408 -0.00145179 -0.00215932 -0.000710543 -0.00111846 -0.0013993 -0.00177445 -0.00116389 -0.00197298 -0.00172546 -0.00180801 -0.00138195 -0.00172855 -0.00183632 -0.00169095 -0.00128479 -0.00173563 -0.00168032 -0.00207915 -0.00213605 -0.00241037 -0.00245053 -0.00174171 -0.00193736 -0.00189669 -0.00191509 -0.00109591 
-0.00153062 -0.00169759 -0.00264046 -0.00186993 -0.00195739 -0.00234391 -0.00205396 -0.00195024 -0.0019696 -0.00175816 -0.00283178 -0.00175057 -0.00172226 -0.0027969 -0.00216951 -0.00194086 -0.00230389 -0.00166213 -0.00240472 -0.00226414 -0.0017326 -0.00229706 -0.00141128 -0.00153475 -0.0015038 -0.00208932 -0.00194515 0.00101388 0.00297863 0.00141033 0.00179553 0.00221224 0.13125 0.00234749 0.00266627 0.00176919 0.00186398 0.0035609 -0.000828455 -0.0012787 -0.000815683 -0.00166565 -0.00191265 -0.00148459 -0.00140985 -0.00138619 -0.00141798 -0.00138832 -0.00181239 -0.00169821 -0.00113553 -0.000903223 -0.00173351 -0.00178212 -0.00138158 -0.000647546 -0.00187609 -0.0027528 -0.00202956 -0.00145257 -0.00178801 -0.000968756 -0.000427438 -0.00155703 -0.00181897 -0.000764963 -0.00275976 -0.00156798 -0.00157644 -0.0021508 -0.00168922 -0.00175489 -0.00225159 -0.00184459 -0.00183843 -0.00197207 -0.00164973 -0.00156888 -0.00105849 -0.00159895 -0.00184093 -0.00191122 -0.00159017 -0.00154174 -0.00194372 -0.00228289 -0.00236813 -0.00103835 -0.0019359 -0.00229943 -0.00223389 -0.00158154 -0.00212154 -0.00040693 -0.00131421 -0.00179852 -0.000944616 -0.00102017 -0.00151891 -0.00164317 
