0.121692 0.00320614 0.0022355 0.00237765 0.00176256 0.00137015 -0.00117367 -0.00166844 -0.00103931 -0.00142762 -0.0014657 -0.000884897 -0.00140376 -0.00134408 -0.00156025 -0.00191055 -0.00203681 -0.00223563 -0.00189912 -0.00180298 -0.00235074 -0.00189869 -0.00236478 -0.00147124 -0.00270957 -0.00187555 -0.00226037 -0.00161022 -0.00181628 -0.00207946 -0.0013039 -0.00207874 -0.00221353 -0.00141116 -0.00159056 -0.00214083 -0.00144303 -0.00179848 -0.00189616 -0.00174947 -0.00167379 -0.00190572 -0.00152791 -0.00124224 -0.00164235 -0.00122115 -0.00177266 -0.00146946 -0.00141354 -0.00188841 -0.00101195 -0.000987295 -0.00130115 -0.00149536 -0.000937962 -0.00118381 -0.001322 -0.000653075 -0.00134994 -0.00187145 -0.00185773 -0.00147506 -0.00161683 -0.000883349 -0.00155929 -0.00105783 -0.00223288 -0.00185329 -0.00134841 -0.00172667 -0.00124808 -0.00120711 -0.000362472 -0.000610004 -0.0011592 -0.000707413 -0.00111046 -0.00107109 -0.00125292 -0.00130642 -0.00239578 -0.00137767 -0.00251704 -0.00181238 -0.00203505 -0.00181038 -0.00147808 -0.00180709 -0.00182092 -0.0012778 -0.00171868 -0.00151495 -0.0012762 -0.000997161 -0.00139982 -0.00150997 0.00187581 0.001792 0.00191987 0.001951 
0.00320614 0.124927 0.00244004 0.00215595 0.00230449 0.00205687 0.0014974 -0.00108499 -0.00148051 -0.000999211 -0.00116256 -0.00222426 -0.00195719 -0.000960138 -0.00157485 -0.00170144 -0.00200789 -0.00197329 -0.0029768 -0.00264107 -0.00265518 -0.00180222 -0.00152454 -0.00111807 -0.00131154 -0.00199058 -0.00176301 -0.00141297 -0.00214751 -0.00215858 -0.00176311 -0.00111796 -0.00205225 -0.00153443 -0.00202269 -0.00186827 -0.00180943 -0.00126877 -0.00148951 -0.00174099 -0.00129526 -0.00211004 -0.000964623 -0.00227542 -0.00152263 -0.00170993 -0.00125263 -0.00165429 -0.00274479 -0.00197318 -0.00117644 -0.00211028 -0.00118941 -0.00234953 -0.00111427 -0.00131193 -0.00166385 -0.00126636 -0.00125228 -0.00189313 -0.00110701 -0.00164688 -0.00146471 -0.00186659 -0.000634897 -0.00152119 -0.00148449 -0.00163453 -0.00221329 -0.00171924 -0.00165955 -0.00101852 -0.00094534 -0.00207497 -0.00165492 -0.00133203 -0.00113897 -0.00118017 -0.00164448 -0.00194702 -0.000788019 -0.0013186 -0.00183239 -0.0014262 -0.00109532 -0.0021818 -0.000475681 -0.00194989 -0.00124587 -0.00116128 -0.00123222 -0.00196402 -0.00109749 -0.00131446 -0.0016463 -0.00119823 -0.00128481 0.00105958 0.00168354 0.00189607 
0.0022355 0.00244004 0.129402 0.00313197 0.00241522 0.00248666 0.00160851 0.00163069 -0.000856182 -0.000984985 -0.00191526 -0.00218012 -0.00177792 -0.00129844 -0.00117437 -0.00205928 -0.00196711 -0.00202723 -0.00319482 -0.00302059 -0.00169113 -0.00221164 -0.0017828 -0.00157065 -0.00167567 -0.00160659 -0.000775031 -0.00165752 -0.00147016 -0.00127329 -0.00224518 -0.00132839 -0.0014721 -0.00206319 -0.00217987 -0.00153943 -0.00146722 -0.0018508 -0.00204861 -0.00135421 -0.00115045 -0.00210124 -0.00219463 -0.00214968 -0.00145982 -0.000933977 -0.00174697 -0.00208756 -0.000987916 -0.00198978 -0.00128473 -0.00222967 -0.00148947 -0.0018995 -0.0013469 -0.00147288 -0.00120485 -0.00189421 -0.000948102 -0.00116648 -0.00185077 -0.00118462 -0.00230772 -0.00158423 -0.0014598 -0.00234124 -0.00201009 -0.00101311 -0.00160939 -0.00122046 -0.000969818 -0.00161291 -0.00145292 -0.000816081 -0.00188144 -0.00169289 -0.00147366 -0.00171628 -0.00198199 -0.00156045 -0.00171009 -0.00177156 -0.00182994 -0.00240198 -0.00202292 -0.0016245 -0.00170059 -0.00160149 -0.00166339 -0.0015896 -0.00167783 -0.00180342 -0.00199572 -0.000465549 -0.00140209 -0.00236572 -0.00132523 -0.000991213 0.00180972 0.00198082 
0.00237765 0.00215595 0.00313197 0.123384 0.00202309 0.00279895 0.00263879 0.00209919 0.00199453 -0.0014873 -0.00163674 -0.000756931 -0.00105917 -0.00139854 -0.00119695 -0.00155443 -0.00234251 -0.00125844 -0.0018608 -0.00178776 -0.0016665 -0.00212709 -0.00239085 -0.00181654 -0.0025746 -0.00232736 -0.00151364 -0.00196567 -0.0015727 -0.00219596 -0.00174904 -0.00196213 -0.00170373 -0.0026794 -0.00104205 -0.00109574 -0.00191307 -0.00194401 -0.00197922 -0.00184405 -0.00111552 -0.00186988 -0.00111356 -0.00139842 -0.00155363 -0.00140648 -0.00103498 -0.00209979 -0.00155237 -0.0016629 -0.00237005 -0.0022066 -0.000907077 -0.00127641 -0.00210315 -0.00156224 -0.00182105 -0.00129618 -0.00145146 -0.00124834 -0.00170629 -0.00153562 -0.00078496 -0.00178909 -0.00151817 -0.000890986 -0.00108037 -0.00186117 -0.0015997 -0.00216544 -0.00112816 -0.00168797 -0.00121167 -0.00206752 -0.00203965 -0.00152725 -0.00165105 -0.00212977 -0.00178804 -0.00171319 -0.00190546 -0.00102346 -0.00168531 -0.00154094 -0.00217133 -0.00175978 -0.00101152 -0.00200495 -0.00159783 -0.0015918 -0.00156965 -0.00142211 -0.0021811 -0.00045048 -0.00139749 -0.00138782 -0.00141993 -0.000844569 -0.0003175 0.00200829 
0.00176256 0.00230449 0.00241522 0.00202309 0.128398 0.00189667 0.00278075 0.00145457 0.00284703 0.0020952 -0.000113263 -0.00193057 -0.000913327 -0.00125185 -0.00162009 -0.002401 -0.00224117 -0.00107767 -0.00244691 -0.00245835 -0.00231023 -0.00165699 -0.00190326 -0.00169815 -0.000805395 -0.00292457 -0.00278984 -0.00196785 -0.00209131 -0.00190296 -0.00196144 -0.00137387 -0.0025698 -0.00217872 -0.00196672 -0.000865082 -0.00203329 -0.00164974 -0.00209336 -0.00232006 -0.00160328 -0.00149427 -0.00202319 -0.0015101 -0.00110752 -0.00119665 -0.000524659 -0.00150831 -0.00199189 -0.00185059 -0.00103979 -0.00176608 -0.0012427 -0.00153298 -0.00121654 -0.00239109 -0.00169946 -0.00119693 -0.00135416 -0.00135929 -0.00161574 -0.0013453 -0.000633912 -0.00162027 -0.00091466 -0.00117365 -0.00144674 -0.00164413 -0.00120862 -0.00125402 -0.00255188 -0.00238361 -0.00113674 -0.00249732 -0.0013789 -0.00199747 -0.00167752 -0.00131965 -0.00143339 -0.00173031 -0.00160587 -0.00138543 -0.00154093 -0.00168141 -0.00144157 -0.00146674 -0.00187015 -0.00188795 -0.00202585 -0.00154109 -0.00128405 -0.00153245 -0.00161771 -0.00211193 -0.00144547 -0.00196355 -0.00191377 -0.000950345 -0.00155398 -0.00106721 
0.00137015 0.00205687 0.00248666 0.00279895 0.00189667 0.121781 0.0017601 0.00172788 0.00150349 0.00152707 0.00116528 -0.000901782 -0.00179906 -0.00176644 -0.00171254 -0.000883349 -0.00198922 -0.00185595 -0.00152556 -0.00166884 -0.00219055 -0.00161388 -0.00252274 -0.00219914 -0.00228201 -0.00235765 -0.00161036 -0.00185832 -0.00152671 -0.00234028 -0.00226792 -0.00181801 -0.00172076 -0.0014984 -0.00116734 -0.00188332 -0.00197493 -0.00126306 -0.00201476 -0.00205994 -0.00166893 -0.00125804 -0.00185795 -0.00155041 -0.0014472 -0.000940094 -0.00127336 -0.00165283 -0.00201718 -0.00173391 -0.00124752 -0.00106267 -0.00175743 -0.0006908 -0.00135278 -0.00132341 -0.00166924 -0.000868345 -0.00195618 -0.00147426 -0.00165142 -0.00125454 -0.0013771 -0.00100384 -0.00141784 -0.00132567 -0.00172374 -0.00150752 -0.00128531 -0.00156888 -0.00179869 -0.00152856 -0.0018136 -0.00174704 -0.000661754 -0.00152702 -0.00104163 -0.00123385 -0.00125358 -0.00155971 -0.000978925 -0.00194375 -0.00205497 -0.000879269 -0.000944536 -0.00179407 -0.00180511 -0.00135109 -0.00184079 -0.00164876 -0.00122287 -0.00117924 -0.00175659 -0.00123123 -0.00192485 -0.00191367 -0.00168792 -0.00187267 -0.000920615 -0.00176613 
-0.00117367 0.0014974 0.00160851 0.00263879 0.00278075 0.0017601 0.124253 0.00194945 0.00241054 0.0031606 0.00253886 0.00239991 -0.00107766 -0.00188039 -0.00143143 -0.00180431 -0.00200007 -0.00100694 -0.00262881 -0.00231383 -0.000981223 -0.00232386 -0.00183197 -0.00107441 -0.00175069 -0.00186782 -0.00139024 -0.00193854 -0.00167282 -0.00213347 -0.00240965 -0.00169923 -0.00234698 -0.00197915 -0.00173669 -0.00181108 -0.00190321 -0.00145681 -0.00248851 -0.00216927 -0.00182448 -0.00238082 -0.00188997 -0.0020656 -0.00124549 -0.00180799 -0.00146928 -0.00172954 -0.000775732 -0.00176326 -0.00138264 -0.00174723 -0.00147956 -0.0021011 -0.00171599 -0.000951719 -0.00137217 -0.00194168 -0.00191979 -0.00115588 -0.00169069 -0.00121834 -0.000864171 -0.00202614 -0.000989617 -0.00188527 -0.00177465 -0.00113946 -0.00134238 -0.00101674 -0.00265738 -0.00183026 -0.00124705 -0.00121599 -0.00201709 -0.00128744 -0.00137335 -0.00169033 -0.00173548 -0.00125026 -0.00265396 -0.00162797 -0.000770807 -0.00219547 -0.00233049 -0.00179173 -0.0016097 -0.00142189 -0.00123473 -0.000742986 -0.00147109 -0.000696354 -0.00112288 -0.00121972 -0.00164808 -0.00163579 -0.00202095 -0.00195361 -0.00174692 -0.00184784 
-0.00166844 -0.00108499 0.00163069 0.00209919 0.00145457 0.00172788 0.00194945 0.1258 0.00204474 0.00216899 0.00283802 0.00290193 0.0023017 -0.00109856 -0.00167238 -0.00195867 -0.00136272 -0.00206352 -0.00161068 -0.0014558 -0.00237778 -0.00277044 -0.0026608 -0.00223572 -0.00238741 -0.00261043 -0.00134551 -0.0011747 -0.00194115 -0.000897938 -0.00191381 -0.00219668 -0.00215935 -0.00210919 -0.00182466 -0.00185782 -0.00179312 -0.00174594 -0.00193579 -0.00163207 -0.00199375 -0.00111806 -0.00133556 -0.00177085 -0.000587276 -0.00138912 -0.00137401 -0.00112715 -0.000766841 -0.00124554 -0.000410396 -0.00123089 -0.00111773 -0.00165902 -0.00188307 -0.00229752 -0.0017341 -0.00185363 -0.00115628 -0.00186555 -0.00189417 -0.000995536 -0.00190525 -0.00209054 -0.00172034 -0.00166826 -0.0017693 -0.00172252 -0.0012758 -0.00200209 -0.00160322 -0.00189831 -0.00131675 -0.00162079 -0.00183301 -0.00237558 -0.00129986 -0.00193195 -0.00181204 -0.00103938 -0.00114076 -0.00181776 -0.00115451 -0.00200504 -0.001476 -0.00057714 -0.00172727 -0.00136976 -0.00155666 -0.00215012 -0.00192726 -0.00181953 -0.00178724 -0.000926625 -0.00180358 -0.00214884 -0.00133611 -0.0021656 -0.0014391 -0.00135078 
-0.00103931 -0.00148051 -0.000856182 0.00199453 0.00284703 0.00150349 0.00241054 0.00204474 0.132596 0.00305655 0.00269499 0.00304359 0.0012047 0.000917812 -0.000892457 -0.00120425 -0.00177919 -0.0010969 -0.00255972 -0.00246096 -0.00244838 -0.00252846 -0.00203015 -0.00231806 -0.00244964 -0.00274597 -0.00201629 -0.00130661 -0.00166151 -0.00235713 -0.00225067 -0.0022048 -0.00223982 -0.00213503 -0.00136311 -0.00182665 -0.00222815 -0.00191888 -0.00261433 -0.00189749 -0.00191038 -0.00214977 -0.0013536 -0.00166074 -0.000817553 -0.00156873 -0.0016445 -0.00190996 -0.00115241 -0.00173315 -0.00212999 -0.00132313 -0.00149827 -0.00151883 -0.000656225 -0.0011919 -0.00206379 -0.00154832 -0.00170089 -0.0014074 -0.0013887 -0.00104654 -0.00159937 -0.00275341 -0.00252748 -0.000896346 -0.00135115 -0.00179808 -0.0014567 -0.00211251 -0.00161252 -0.00136216 -0.002307 -0.00136042 -0.00192673 -0.00187095 -0.00217641 -0.0019433 -0.0012384 -0.00094111 -0.00256007 -0.00159734 -0.00100855 -0.00166566 -0.00136654 -0.00125993 -0.00212199 -0.00138936 -0.00209848 -0.00212235 -0.000631352 -0.0013518 -0.00255755 -0.00114444 -0.00191624 -0.00253284 -0.0014289 -0.00141719 -0.00153069 -0.00209345 
-0.00142762 -0.000999211 -0.000984985 -0.0014873 0.0020952 0.00152707 0.0031606 0.00216899 0.00305655 0.128672 0.00149888 0.00225039 0.00178258 0.00207742 -0.0018603 -0.0013545 -0.00227776 -0.00140093 -0.00277174 -0.0017936 -0.00148006 -0.00133893 -0.00245337 -0.00228141 -0.00169703 -0.00191692 -0.00226255 -0.00127057 -0.00166453 -0.00130006 -0.00271529 -0.00127418 -0.00158792 -0.00169635 -0.00202959 -0.00125483 -0.00230559 -0.00140991 -0.00252876 -0.0016708 -0.00236392 -0.00200083 -0.0022634 -0.00202975 -0.00145935 -0.00166022 -0.000867842 -0.00109315 -0.00210761 -0.00156595 -0.0015323 -0.00157691 -0.00238272 -0.00196461 -0.0013241 -0.00140829 -0.00115777 -0.00117553 -0.000755867 -0.00101852 -0.000925703 -0.00164243 -0.00167625 -0.00174906 -0.00164641 -0.00149423 -0.00110452 -0.00142668 -0.00252112 -0.001923 -0.000898054 -0.00174671 -0.000933208 -0.00129211 -0.00153622 -0.00193704 -0.00183837 -0.00199384 -0.00142221 -0.00153983 -0.00141476 -0.00162475 -0.00165956 -0.00174341 -0.00186589 -0.00156964 -0.00216933 -0.00191215 -0.00132712 -0.002054 -0.00179134 -0.0012762 -0.00145952 -0.00175332 -0.00126348 -0.00161396 -0.00206138 -0.000760292 -0.00215438 -0.00136266 
-0.0014657 -0.00116256 -0.00191526 -0.00163674 -0.000113263 0.00116528 0.00253886 0.00283802 0.00269499 0.00149888 0.133534 0.00307483 0.0021366 0.00206217 0.00212235 0.00181065 -0.00171913 -0.00132723 -0.00105457 -0.00141275 -0.00154948 -0.00258017 -0.00105384 -0.00147556 -0.0024855 -0.00248411 -0.0022928 -0.00161461 -0.00144908 -0.0016411 -0.00144869 -0.00186292 -0.00180804 -0.000992384 -0.00189294 -0.00134428 -0.00213067 -0.0019582 -0.00188027 -0.0017632 -0.00161435 -0.00181399 -0.00242989 -0.00294217 -0.0021111 -0.00211479 -0.00149344 -0.00214359 -0.00206771 -0.00103272 -0.00199751 -0.00153171 -0.00142229 -0.00205958 -0.00226897 -0.00207488 -0.00161336 -0.00147314 -0.00182148 -0.00213447 -0.00169941 -0.00214105 -0.00161338 -0.00119323 -0.00179675 -0.00176447 -0.00183215 -0.00214223 -0.00180921 -0.00172738 -0.00118245 -0.00287129 -0.00190177 -0.00123557 -0.00196285 -0.00107297 -0.00211553 -0.00173126 -0.00199856 -0.000874895 -0.00150359 -0.00219138 -0.00267052 -0.00103092 -0.00119398 -0.00219868 -0.00192116 -0.00112589 -0.00114336 -0.0016477 -0.00282053 -0.00214445 -0.00139269 -0.00107184 -0.00156282 -0.0012455 -0.0022492 -0.0018683 -0.00205962 -0.00209245 
-0.000884897 -0.00222426 -0.00218012 -0.000756931 -0.00193057 -0.000901782 0.00239991 0.00290193 0.00304359 0.00225039 0.00307483 0.133364 0.00268066 0.00281663 0.00214984 0.00237783 0.000941083 -0.00192448 -0.00213105 -0.00104377 -0.0020777 -0.00259875 -0.00304174 -0.00232453 -0.00266573 -0.00190056 -0.00126373 -0.00101727 -0.00250058 -0.00273041 -0.00192868 -0.00228852 -0.00244152 -0.00264094 -0.00129842 -0.00200093 -0.00182347 -0.00179388 -0.0021334 -0.00256938 -0.00186514 -0.00115639 -0.00167258 -0.0021799 -0.00137051 -0.0017154 -0.00174018 -0.00197127 -0.00202816 -0.00137823 -0.00160504 -0.00218857 -0.00148964 -0.00184647 -0.00159785 -0.00201658 -0.00174159 -0.00184307 -0.00204449 -0.00163998 -0.00170704 -0.00132871 -0.00100952 -0.00154414 -0.00181562 -0.00205965 -0.00173042 -0.00302658 -0.00289814 -0.00173947 -0.00174917 -0.00181851 -0.00128324 -0.000880997 -0.00157148 -0.00176187 -0.00152275 -0.00104733 -0.000541592 -0.000834523 -0.00178501 -0.00158818 -0.00125369 -0.00225913 -0.00120918 -0.00184003 -0.00226692 -0.00101769 -0.00106825 -0.00250449 -0.00222936 -0.00103972 -0.0014488 -0.00161977 -0.00202992 -0.00157854 -0.00191239 -0.00174588 -0.00188736 -0.00173667 
-0.00140376 -0.00195719 -0.00177792 -0.00105917 -0.000913327 -0.00179906 -0.00107766 0.0023017 0.0012047 0.00178258 0.0021366 0.00268066 0.133508 0.00249631 0.00207398 0.00252848 0.0028781 -0.00131869 -0.000310918 -0.00127144 -0.00157295 -0.00146402 -0.0025984 -0.00209309 -0.00263933 -0.00233371 -0.00240634 -0.00222349 -0.00244587 -0.00189193 -0.00148748 -0.00200596 -0.00245092 -0.00126163 -0.00158542 -0.0016861 -0.0020716 -0.00187955 -0.00164255 -0.00162197 -0.00194062 -0.00153677 -0.00216668 -0.000942682 -0.00211921 -0.00135058 -0.00234708 -0.00227628 -0.00165553 -0.00151518 -0.00251873 -0.00126989 -0.0012913 -0.00089894 -0.00115371 -0.000650428 -0.0014534 -0.00172127 -0.00190853 -0.00203271 -0.000940116 -0.00180915 -0.00225345 -0.00169475 -0.00148326 -0.00251639 -0.00187002 -0.00209298 -0.00202875 -0.000851793 -0.00143011 -0.00200477 -0.0014048 -0.00207798 -0.00167713 -0.00187086 -0.00139744 -0.00158632 -0.00175195 -0.00165422 -0.00105743 -0.00228076 -0.00220085 -0.00237978 -0.00114535 -0.0017729 -0.00213711 -0.00180388 -0.00200591 -0.00210419 -0.00107164 -0.00156525 -0.00198842 -0.000949927 -0.00205364 -0.00139931 -0.00150637 -0.00164623 -0.00172725 -0.00139816 
-0.00134408 -0.000960138 -0.00129844 -0.00139854 -0.00125185 -0.00176644 -0.00188039 -0.00109856 0.000917812 0.00207742 0.00206217 0.00281663 0.00249631 0.138289 0.00301662 0.00311951 0.00342444 0.00202565 0.00316959 -0.000917067 -0.00224427 -0.00158486 -0.00126987 -0.00148061 -0.0024913 -0.00237849 -0.00242809 -0.00332932 -0.00236761 -0.00177541 -0.00185511 -0.00167212 -0.00307889 -0.00228521 -0.0022739 -0.00191233 -0.00222649 -0.00193752 -0.00237319 -0.00186788 -0.00151968 -0.00309248 -0.00162133 -0.00213352 -0.00202921 -0.00197649 -0.00129731 -0.00174317 -0.00124421 -0.00191837 -0.00238705 -0.00187586 -0.00186387 -0.0015963 -0.00108327 -0.00209406 -0.00148104 -0.00154587 -0.00217224 -0.0012753 -0.00240584 -0.00174268 -0.00249484 -0.00261968 -0.00245852 -0.00249127 -0.0023569 -0.00254578 -0.00200512 -0.000854431 -0.0017838 -0.00138177 -0.00212152 -0.00193656 -0.00187793 -0.00200274 -0.00168961 -0.00139026 -0.00184287 -0.00182414 -0.00192452 -0.00141197 -0.00171941 -0.00285553 -0.000772775 -0.000870529 -0.0018413 -0.00207029 -0.00172311 -0.00178816 -0.00161556 -0.00133721 -0.000801044 -0.00110964 -0.00199058 -0.00161778 -0.00211823 -0.0011607 -0.00221586 -0.0019459 
-0.00156025 -0.00157485 -0.00117437 -0.00119695 -0.00162009 -0.00171254 -0.00143143 -0.00167238 -0.000892457 -0.0018603 0.00212235 0.00214984 0.00207398 0.00301662 0.145863 0.00369476 0.0025188 0.00350399 0.00342706 0.00281363 -0.00097641 -0.00166673 -0.00246883 -0.00172134 -0.00235487 -0.00119661 -0.00192917 -0.00204261 -0.00242818 -0.00229395 -0.0018431 -0.00285613 -0.00178391 -0.00347153 -0.00220174 -0.00298303 -0.00227686 -0.000750949 -0.00160738 -0.00231106 -0.00148261 -0.000871135 -0.0022897 -0.00223974 -0.0030572 -0.00269564 -0.00204832 -0.00210116 -0.00162829 -0.00153453 -0.00132186 -0.00150211 -0.00227304 -0.00196293 -0.0024111 -0.00121238 -0.00181402 -0.00182913 -0.00183415 -0.00197248 -0.00152557 -0.00239898 -0.00183846 -0.00223469 -0.00161571 -0.00130751 -0.00308312 -0.00251476 -0.000535394 -0.00248356 -0.00228369 -0.0017902 -0.00128506 -0.00216511 -0.0020485 -0.00164931 -0.00199186 -0.00219143 -0.000976206 -0.00173266 -0.00197991 -0.00276362 -0.00208742 -0.00105794 -0.00134237 -0.00167396 -0.00225747 -0.00142616 -0.00264534 -0.00230628 -0.00232667 -0.0017693 -0.00208242 -0.00190592 -0.00183601 -0.00186142 -0.00203789 -0.00160002 -0.00227914 -0.00235169 
-0.00191055 -0.00170144 -0.00205928 -0.00155443 -0.002401 -0.000883349 -0.00180431 -0.00195867 -0.00120425 -0.0013545 0.00181065 0.00237783 0.00252848 0.00311951 0.00369476 0.137761 0.00284581 0.00198994 0.00316426 0.003142 -0.00219873 -0.00150682 -0.000731388 -0.00213065 -0.00234578 -0.0022232 -0.00130481 -0.00140555 -0.00195351 -0.00243226 -0.00214998 -0.00245844 -0.00273 -0.00111514 -0.00199435 -0.0023266 -0.00184007 -0.00226027 -0.0018824 -0.00165432 -0.00141327 -0.00291451 -0.00170551 -0.00214217 -0.00175743 -0.00299013 -0.00145054 -0.00236879 -0.0019397 -0.0028913 -0.00202332 -0.00155489 -0.00221739 -0.00175799 -0.00177103 -0.00144717 -0.00137083 -0.0022387 -0.00164702 -0.00229621 -0.00132551 -0.00161541 -0.00146162 -0.00100145 -0.0020675 -0.0017485 -0.00122757 -0.00118007 -0.00184392 -0.0010683 -0.00164718 -0.00102096 -0.00142304 -0.00236777 -0.00173361 -0.00167586 -0.000892562 -0.00172903 -0.0018278 -0.00207199 -0.00265251 -0.00116257 -0.00289581 -0.00218249 -0.000846428 -0.00147984 -0.00221001 -0.00129515 -0.00177587 -0.00215683 -0.00164905 -0.001767 -0.00101044 -0.00225587 -0.00148741 -0.00121788 -0.00226457 -0.00212713 -0.00243673 -0.00125743 
-0.00203681 -0.00200789 -0.00196711 -0.00234251 -0.00224117 -0.00198922 -0.00200007 -0.00136272 -0.00177919 -0.00227776 -0.00171913 0.000941083 0.0028781 0.00342444 0.0025188 0.00284581 0.145882 0.00302044 0.00323652 0.00351182 0.00195554 0.00244019 -0.00130949 -0.00183967 -0.00132787 -0.00167405 -0.00118176 -0.00186953 -0.00223844 -0.00303841 -0.00192091 -0.00250484 -0.00258655 -0.00238191 -0.00164763 -0.00160317 -0.00214685 -0.00237072 -0.00287275 -0.00280917 -0.00208414 -0.00326006 -0.00261197 -0.00246538 -0.0025517 -0.00271935 -0.00137166 -0.00226569 -0.00170322 -0.00185195 -0.00266642 -0.00187814 -0.00211703 -0.00278885 -0.00185584 -0.00179024 -0.00092629 -0.00119724 -0.00194346 -0.00234904 -0.0015367 -0.00160216 -0.00194773 -0.00190296 -0.0023373 -0.000927594 -0.00196814 -0.00206501 -0.00221256 -0.00105246 -0.00194877 -0.00208244 -0.00229313 -0.00165435 -0.00198717 -0.00137193 -0.00140188 -0.00163513 -0.00174222 -0.00112435 -0.00198569 -0.00100481 -0.00142745 -0.00216695 -0.00157217 -0.00191568 -0.00107554 -0.00178366 -0.00257781 -0.00175074 -0.00305836 -0.0031223 -0.00215487 -0.00145974 -0.00162261 -0.00125033 -0.00180014 -0.00122831 -0.00173357 -0.0017252 
-0.00223563 -0.00197329 -0.00202723 -0.00125844 -0.00107767 -0.00185595 -0.00100694 -0.00206352 -0.0010969 -0.00140093 -0.00132723 -0.00192448 -0.00131869 0.00202565 0.00350399 0.00198994 0.00302044 0.143748 0.00218976 0.00236858 0.00198543 0.00293083 0.00252727 -0.00123427 -0.00134124 -0.00199786 -0.00168629 -0.00174067 -0.0027617 -0.00194525 -0.00336316 -0.00283349 -0.00204879 -0.00199281 -0.00180034 -0.00227138 -0.00156132 -0.00198625 -0.00287185 -0.00233483 -0.00187819 -0.00243127 -0.0021403 -0.0025893 -0.00228824 -0.00230894 -0.00180545 -0.00242063 -0.00115234 -0.00219843 -0.00134274 -0.00204565 -0.00148375 -0.00180288 -0.00174733 -0.00133348 -0.0013555 -0.00117205 -0.00184509 -0.00137054 -0.00199349 -0.00147835 -0.00230898 -0.00188825 -0.00150968 -0.00159086 -0.00256732 -0.0014069 -0.00179488 -0.00254163 -0.00187992 -0.00230762 -0.00194167 -0.00170842 -0.00097887 -0.00172427 -0.00207687 -0.00219159 -0.00218227 -0.00298504 -0.00162518 -0.00213 -0.00127029 -0.00173002 -0.0013347 -0.00123112 -0.00165559 -0.00237863 -0.00200561 -0.00155155 -0.00204656 -0.00105543 -0.00160171 -0.00194478 -0.00178025 -0.00165924 -0.00204819 -0.00182784 -0.00205969 -0.00124571 
-0.00189912 -0.0029768 -0.00319482 -0.0018608 -0.00244691 -0.00152556 -0.00262881 -0.00161068 -0.00255972 -0.00277174 -0.00105457 -0.00213105 -0.000310918 0.00316959 0.00342706 0.00316426 0.00323652 0.00218976 0.154303 0.00317355 0.00306458 0.00337638 0.00241888 -0.000482313 -0.00227457 -0.000729684 -0.00203643 -0.00186301 -0.00229596 -0.00171363 -0.00108265 -0.00152983 -0.00172038 -0.00136333 -0.00117478 -0.00236608 -0.00158428 -0.00365303 -0.00108647 -0.00310053 -0.00212689 -0.00272416 -0.00176097 -0.00189001 -0.00176768 -0.0028251 -0.00181792 -0.00275757 -0.00176714 -0.00167335 -0.00300566 -0.00267042 -0.00216174 -0.00203262 -0.00242977 -0.00203994 -0.00233746 -0.00219688 -0.00198962 -0.00226615 -0.00232235 -0.00192831 -0.00263352 -0.00258774 -0.00258881 -0.00219447 -0.00218399 -0.00308195 -0.00222265 -0.00235227 -0.00246442 -0.00243746 -0.00262199 -0.00245614 -0.00119194 -0.00238998 -0.00168105 -0.00173155 -0.00139722 -0.0020317 -0.00145923 -0.00190296 -0.00194246 -0.00142548 -0.00210634 -0.000980545 -0.00142232 -0.00167317 -0.00178397 -0.00124191 -0.00184883 -0.00204623 -0.00181454 -0.00195398 -0.0018532 -0.00186055 -0.00109571 -0.00314247 -0.00230779 -0.00189293 
-0.00180298 -0.00264107 -0.00302059 -0.00178776 -0.00245835 -0.00166884 -0.00231383 -0.0014558 -0.00246096 -0.0017936 -0.00141275 -0.00104377 -0.00127144 -0.000917067 0.00281363 0.003142 0.00351182 0.00236858 0.00317355 0.154201 0.00285325 0.00254977 0.00321115 0.00304274 0.00264962 -0.00136843 -0.0025226 -0.0017334 -0.00247482 -0.00335117 -0.0021239 -0.00333229 -0.00240863 -0.00250806 -0.00153169 -0.00257964 -0.00252971 -0.00309349 -0.00238009 -0.00134823 -0.00174624 -0.00243103 -0.00197098 -0.00334375 -0.00185025 -0.00277641 -0.00210385 -0.00193326 -0.00199605 -0.00213983 -0.00223567 -0.00200912 -0.00190326 -0.00234482 -0.00185133 -0.00121227 -0.00253422 -0.00133535 -0.00165335 -0.00131577 -0.00147592 -0.000878406 -0.00214797 -0.00260592 -0.00179725 -0.00279915 -0.00135663 -0.00239432 -0.00220915 -0.00212154 -0.00215425 -0.00219065 -0.00153473 -0.00327943 -0.00183771 -0.00227798 -0.00161457 -0.00151656 -0.00162997 -0.00146208 -0.00222599 -0.00218498 -0.00173861 -0.00246513 -0.00250807 -0.00213184 -0.00165413 -0.00156994 -0.00261065 -0.00295408 -0.00264965 -0.00173157 -0.00238939 -0.00230581 -0.00135006 -0.00168592 -0.00167486 -0.002163 -0.00249256 -0.00172515 
-0.00235074 -0.00265518 -0.00169113 -0.0016665 -0.00231023 -0.00219055 -0.000981223 -0.00237778 -0.00244838 -0.00148006 -0.00154948 -0.0020777 -0.00157295 -0.00224427 -0.00097641 -0.00219873 0.00195554 0.00198543 0.00306458 0.00285325 0.139408 0.00229463 0.00348481 0.0023416 0.00181458 0.00304069 -0.00229398 -0.00193298 -0.00265837 -0.00163568 -0.00126009 -0.0025398 -0.00251091 -0.00224675 -0.00159753 -0.0024289 -0.00184957 -0.00288438 -0.00208719 -0.00179712 -0.00170143 -0.00139312 -0.00155607 -0.00145024 -0.00214731 -0.0020714 -0.00116976 -0.0016125 -0.00186846 -0.00202454 -0.00169553 -0.00197782 -0.0014395 -0.0013305 -0.00205302 -0.00186638 -0.00174447 -0.000828767 -0.00167792 -0.00145396 -0.00189914 -0.0017437 -0.00227104 -0.00184335 -0.00228017 -0.00233757 -0.00193925 -0.0020481 -0.00195632 -0.00207001 -0.00230723 -0.00276868 -0.00229388 -0.0019771 -0.00158274 -0.00132227 -0.000843423 -0.00160285 -0.00138551 -0.00188005 -0.00173267 -0.00211827 -0.00193451 -0.0018628 -0.00157265 -0.00100357 -0.00109343 -0.00173755 -0.000970296 -0.000964641 -0.00201174 -0.00158517 -0.00150723 -0.00163305 -0.00131332 -0.00188281 -0.000713117 -0.00239116 -0.00126234 -0.00104282 
-0.00189869 -0.00180222 -0.00221164 -0.00212709 -0.00165699 -0.00161388 -0.00232386 -0.00277044 -0.00252846 -0.00133893 -0.00258017 -0.00259875 -0.00146402 -0.00158486 -0.00166673 -0.00150682 0.00244019 0.00293083 0.00337638 0.00254977 0.00229463 0.145896 0.00344478 0.00236983 0.00229472 0.00313914 -0.00134768 -0.00188327 -0.00270133 -0.002683 -0.00170746 -0.00171887 -0.00253365 -0.00262732 -0.0020061 -0.00246355 -0.00140511 -0.00169041 -0.00177353 -0.00191402 -0.00112998 -0.00225978 -0.00168225 -0.00200815 -0.00239093 -0.00192035 -0.00192874 -0.00159538 -0.00169664 -0.00149316 -0.00199614 -0.00236645 -0.0019368 -0.00169158 -0.00160773 -0.000557925 -0.00233425 -0.00118405 -0.00151627 -0.00165477 -0.00149141 -0.00180289 -0.00246049 -0.00135853 -0.00184793 -0.00158679 -0.00157541 -0.00184541 -0.00120932 -0.00159945 -0.00204623 -0.00235456 -0.00277241 -0.00275505 -0.00168427 -0.00167612 -0.0020691 -0.00165243 -0.00146953 -0.00105339 -0.0021323 -0.00253998 -0.00226733 -0.00229876 -0.00121068 -0.00285647 -0.00237256 -0.00197151 -0.00148158 -0.00113654 -0.00166768 -0.00227854 -0.00220277 -0.00219973 -0.0020995 -0.00145359 -0.00202934 -0.00178546 -0.00193589 -0.00142494 
-0.00236478 -0.00152454 -0.0017828 -0.00239085 -0.00190326 -0.00252274 -0.00183197 -0.0026608 -0.00203015 -0.00245337 -0.00105384 -0.00304174 -0.0025984 -0.00126987 -0.00246883 -0.000731388 -0.00130949 0.00252727 0.00241888 0.00321115 0.00348481 0.00344478 0.142821 0.00253735 0.00238862 0.00239383 0.00255976 -0.00205137 -0.00167769 -0.00180705 -0.00241184 -0.00235496 -0.00243362 -0.00220964 -0.00146016 -0.00191781 -0.00186119 -0.00169688 -0.00274147 -0.00132642 -0.00247641 -0.00177044 -0.00251261 -0.00218207 -0.00271935 -0.00242059 -0.00189811 -0.00186008 -0.00117477 -0.00217658 -0.00326757 -0.00136011 -0.00224124 -0.00179802 -0.00195665 -0.00180303 -0.0021887 -0.00133222 -0.00158196 -0.00139857 -0.00180084 -0.00227593 -0.00208979 -0.00189731 -0.00203775 -0.000900533 -0.00158941 -0.0017959 -0.00183661 -0.00288993 -0.00172307 -0.00224977 -0.0024033 -0.00194202 -0.00196744 -0.00313189 -0.00111099 -0.00156905 -0.00218384 -0.00118113 -0.00114591 -0.00203872 -0.00152302 -0.000897165 -0.0012606 -0.0026611 -0.00140789 -0.000897659 -0.00121878 -0.00197261 -0.00207722 -0.00171526 -0.00154228 -0.00134766 -0.000798394 -0.00123625 -0.00150674 -0.00162096 -0.00155129 -0.000783454 
-0.00147124 -0.00111807 -0.00157065 -0.00181654 -0.00169815 -0.00219914 -0.00107441 -0.00223572 -0.00231806 -0.00228141 -0.00147556 -0.00232453 -0.00209309 -0.00148061 -0.00172134 -0.00213065 -0.00183967 -0.00123427 -0.000482313 0.00304274 0.0023416 0.00236983 0.00253735 0.132017 0.00310293 0.0029536 0.00260036 0.00180975 -0.00196561 -0.00137768 -0.00181017 -0.00131746 -0.00256219 -0.00244105 -0.00179916 -0.00132548 -0.00159282 -0.00174049 -0.00166365 -0.00239553 -0.00199024 -0.00211453 -0.00143125 -0.00180705 -0.00158969 -0.00152041 -0.00119749 -0.00121506 -0.00118722 -0.00222987 -0.00252933 -0.00175835 -0.00207293 -0.00164461 -0.00127942 -0.0017938 -0.00148509 -0.00145935 -0.00134288 -0.00164439 -0.00154625 -0.0018665 -0.00190219 -0.001991 -0.00273459 -0.00190389 -0.00100205 -0.00168211 -0.00128097 -0.00204652 -0.00132268 -0.00131941 -0.00197255 -0.00252824 -0.0017079 -0.00096412 -0.00135821 -0.00199544 -0.00102552 -0.00117529 -0.00118823 -0.00181179 -0.00235678 -0.0014032 -0.00216311 -0.00181661 -0.00166737 -0.00170968 -0.00159919 -0.00172289 -0.00162488 -0.00186897 -0.00182438 -0.00178723 -0.00152366 -0.00109879 -0.000611539 -0.00180334 -0.00109196 -0.000926772 
-0.00270957 -0.00131154 -0.00167567 -0.0025746 -0.000805395 -0.00228201 -0.00175069 -0.00238741 -0.00244964 -0.00169703 -0.0024855 -0.00266573 -0.00263933 -0.0024913 -0.00235487 -0.00234578 -0.00132787 -0.00134124 -0.00227457 0.00264962 0.00181458 0.00229472 0.00238862 0.00310293 0.145338 0.00322024 0.00411881 0.00400634 0.00303891 0.00349673 -0.00093719 -0.000964625 -0.00131461 -0.00214817 -0.00187843 -0.00285316 -0.0026471 -0.0018282 -0.00221616 -0.00200014 -0.00153702 -0.00144581 -0.00256999 -0.00282557 -0.0020004 -0.00165933 -0.00210434 -0.00216525 -0.00196062 -0.00192051 -0.00210098 -0.00189981 -0.00173919 -0.00113673 -0.00186596 -0.0024645 -0.00196233 -0.000831465 -0.000902678 -0.00245066 -0.00234851 -0.0020533 -0.00208995 -0.00169296 -0.00339595 -0.00177848 -0.00215909 -0.00228065 -0.00231161 -0.00186887 -0.00267696 -0.00185961 -0.00225007 -0.0018101 -0.00146707 -0.00158152 -0.00138625 -0.00289649 -0.00115778 -0.00162105 -0.00214959 -0.0017963 -0.00205024 -0.0020717 -0.0022925 -0.00216296 -0.00135244 -0.00191979 -0.00202408 -0.0024554 -0.00221881 -0.00246729 -0.00179704 -0.00143407 -0.00113151 -0.0021758 -0.00150032 -0.00272964 -0.00219792 -0.000955118 
-0.00187555 -0.00199058 -0.00160659 -0.00232736 -0.00292457 -0.00235765 -0.00186782 -0.00261043 -0.00274597 -0.00191692 -0.00248411 -0.00190056 -0.00233371 -0.00237849 -0.00119661 -0.0022232 -0.00167405 -0.00199786 -0.000729684 -0.00136843 0.00304069 0.00313914 0.00239383 0.0029536 0.00322024 0.146851 0.00283565 0.00246884 0.00112886 0.00249899 0.00281719 -0.00180057 -0.00319354 -0.00129502 -0.00233836 -0.00195439 -0.00141015 -0.00220419 -0.00125182 -0.00170815 -0.00248432 -0.00129122 -0.00182669 -0.00248158 -0.001777 -0.00231146 -0.00246241 -0.00203249 -0.00211424 -0.00167137 -0.00290362 -0.00152392 -0.00181217 -0.00176751 -0.00244194 -0.00219987 -0.00204768 -0.00138672 -0.00171682 -0.00277726 -0.00140752 -0.00162104 -0.00167027 -0.00163296 -0.00233284 -0.00200988 -0.0018126 -0.00159588 -0.00198193 -0.00159153 -0.00200998 -0.0020187 -0.00189939 -0.00213818 -0.000919401 -0.00220283 -0.00264968 -0.00183628 -0.00177419 -0.00259026 -0.00211545 -0.00225823 -0.000984055 -0.000797605 -0.00259978 -0.000853915 -0.00284563 -0.0017618 -0.00159223 -0.00137264 -0.00246737 -0.00211183 -0.00174735 -0.00305856 -0.00134802 -0.000977282 -0.00173995 -0.00240834 -0.00202381 -0.00189205 
-0.00226037 -0.00176301 -0.000775031 -0.00151364 -0.00278984 -0.00161036 -0.00139024 -0.00134551 -0.00201629 -0.00226255 -0.0022928 -0.00126373 -0.00240634 -0.00242809 -0.00192917 -0.00130481 -0.00118176 -0.00168629 -0.00203643 -0.0025226 -0.00229398 -0.00134768 0.00255976 0.00260036 0.00411881 0.00283565 0.142474 0.00379733 0.0027272 0.00382044 0.00279726 0.00243701 -2.90652e-05 -0.00156932 -0.00304925 -0.00237111 -0.0015604 -0.0012901 -0.00241808 -0.00257089 -0.00146311 -0.00160883 -0.00205287 -0.00140547 -0.0020757 -0.00183103 -0.00213529 -0.00227795 -0.00114452 -0.00214561 -0.00213046 -0.00224431 -0.00223414 -0.00272908 -0.00231826 -0.00160251 -0.0022642 -0.0016245 -0.00173737 -0.0018157 -0.00103345 -0.00210117 -0.00129997 -0.00196522 -0.0021838 -0.0022323 -0.00186081 -0.0024204 -0.00126251 -0.00141708 -0.00215616 -0.00168328 -0.00184413 -0.00168721 -0.00221411 -0.00194633 -0.00245953 -0.00167584 -0.00189896 -0.00221182 -0.00108123 -0.0013573 -0.00198256 -0.000742508 -0.0013413 -0.00220541 -0.00189601 -0.00213108 -0.00207728 -0.00221236 -0.00274989 -0.00199257 -0.00245691 -0.00238283 -0.00239323 -0.00220462 -0.00161536 -0.0025565 -0.00216173 -0.000953007 
-0.00161022 -0.00141297 -0.00165752 -0.00196567 -0.00196785 -0.00185832 -0.00193854 -0.0011747 -0.00130661 -0.00127057 -0.00161461 -0.00101727 -0.00222349 -0.00332932 -0.00204261 -0.00140555 -0.00186953 -0.00174067 -0.00186301 -0.0017334 -0.00193298 -0.00188327 -0.00205137 0.00180975 0.00400634 0.00246884 0.00379733 0.13697 0.00207983 0.00265449 0.00268946 0.00172215 0.00210054 -0.00215702 -0.00130831 -0.00219926 -0.0020652 -0.00199868 -0.001917 -0.00194983 -0.00152115 -0.00152501 -0.00168881 -0.00196141 -0.00133882 -0.00244517 -0.00209326 -0.00163348 -0.00234403 -0.00135117 -0.00177701 -0.00117219 -0.000507799 -0.00201088 -0.00100534 -0.00161502 -0.00188024 -0.00190061 -0.00185976 -0.00159995 -0.00209254 -0.00255449 -0.00173919 -0.00126666 -0.0013807 -0.00251634 -0.00154131 -0.00212721 -0.00181078 -0.00131498 -0.00236134 -0.00180723 -0.0027309 -0.00210953 -0.00126978 -0.00192274 -0.00223281 -0.00259517 -0.00108104 -0.00135534 -0.0021269 -0.00143732 -0.00130222 -0.00188114 -0.00178278 -0.00151704 -0.00163974 -0.00214215 -0.00137285 -0.00103448 -0.00117542 -0.00157974 -0.001386 -0.0023696 -0.00248531 -0.00170157 -0.00204757 -0.0014295 -0.00213198 -0.00224914 
-0.00181628 -0.00214751 -0.00147016 -0.0015727 -0.00209131 -0.00152671 -0.00167282 -0.00194115 -0.00166151 -0.00166453 -0.00144908 -0.00250058 -0.00244587 -0.00236761 -0.00242818 -0.00195351 -0.00223844 -0.0027617 -0.00229596 -0.00247482 -0.00265837 -0.00270133 -0.00167769 -0.00196561 0.00303891 0.00112886 0.0027272 0.00207983 0.141718 0.00270248 0.00266108 0.00209862 0.00288353 0.00232959 -0.00067094 -0.000656278 -0.00124653 -0.000790301 -0.0016959 -0.00179173 -0.00234668 -0.001218 -0.00271686 -0.00184945 -0.00239161 -0.00252728 -0.00146548 -0.00182337 -0.00176918 -0.0011778 -0.00121659 -0.00141076 -0.0015483 -0.00151436 -0.00193355 -0.00209696 -0.00223145 -0.00146053 -0.00137045 -0.00210839 -0.0019386 -0.00177947 -0.00120437 -0.00149097 -0.00128003 -0.00269172 -0.00171619 -0.00159836 -0.00182126 -0.0018643 -0.00138428 -0.00165602 -0.000689248 -0.000902841 -0.0017824 -0.000824851 -0.00197831 -0.00186173 -0.00248812 -0.00147976 -0.0026897 -0.00214862 -0.00146463 -0.00142895 -0.00225207 -0.00116362 -0.00158756 -0.00255707 -0.0019162 -0.00203766 -0.00182423 -0.00141077 -0.00143072 -0.00231729 -0.00285295 -0.00185102 -0.0020551 -0.00196488 -0.00203151 -0.0014389 
-0.00207946 -0.00215858 -0.00127329 -0.00219596 -0.00190296 -0.00234028 -0.00213347 -0.000897938 -0.00235713 -0.00130006 -0.0016411 -0.00273041 -0.00189193 -0.00177541 -0.00229395 -0.00243226 -0.00303841 -0.00194525 -0.00171363 -0.00335117 -0.00163568 -0.002683 -0.00180705 -0.00137768 0.00349673 0.00249899 0.00382044 0.00265449 0.00270248 0.140664 0.00318102 0.00302806 0.00245899 0.00330696 -0.00207795 -0.00175311 -0.0014616 -0.0012887 -0.00237752 -0.00279182 -0.00242306 -0.00188226 -0.00165109 -0.00207949 -0.00154539 -0.000906866 -0.00154169 -0.00171507 -0.00197364 -0.00119313 -0.00273382 -0.00277429 -0.00210828 -0.0024476 -0.00179261 -0.00187438 -0.0010397 -0.00216781 -0.00208095 -0.00177884 -0.0018752 -0.0021072 -0.00164429 -0.00143586 -0.00264696 -0.00205983 -0.00250611 -0.00206448 -0.00192321 -0.00138489 -0.00158298 -0.00166998 -0.00222642 -0.00186632 -0.00140497 -0.00176588 -0.00189423 -0.00112328 -0.00171182 -0.00165872 -0.00203016 -0.00162987 -0.0017898 -0.000474021 -0.00165028 -0.00169697 -0.00156782 -0.00114741 -0.00129174 -0.00165125 -0.0013306 -0.00129398 -0.0022199 -0.00251224 -0.00176411 -0.00147319 -0.00234372 -0.00185515 -0.00101996 -0.00210088 
-0.0013039 -0.00176311 -0.00224518 -0.00174904 -0.00196144 -0.00226792 -0.00240965 -0.00191381 -0.00225067 -0.00271529 -0.00144869 -0.00192868 -0.00148748 -0.00185511 -0.0018431 -0.00214998 -0.00192091 -0.00336316 -0.00108265 -0.0021239 -0.00126009 -0.00170746 -0.00241184 -0.00181017 -0.00093719 0.00281719 0.00279726 0.00268946 0.00266108 0.00318102 0.140378 0.00297336 0.00296693 0.0026095 0.00165125 0.00235598 -0.000808026 -0.0014641 -0.00236511 -0.00180817 -0.00250844 -0.00278374 -0.0017055 -0.00187404 -0.00143838 -0.00166149 -0.00187244 -0.00211767 -0.00223381 -0.00157618 -0.00173331 -0.00208947 -0.00115273 -0.00170502 -0.0021116 -0.00122742 -0.00127819 -0.00142658 -0.00185316 -0.00263204 -0.0012896 -0.00162993 -0.00300717 -0.00177612 -0.00199787 -0.00210068 -0.00200121 -0.00148688 -0.0020248 -0.00220493 -0.00119869 -0.00214991 -0.00137734 -0.00152461 -0.00161192 -0.00226535 -0.00195439 -0.00152173 -0.00197549 -0.00281437 -0.00144106 -0.0021926 -0.0012298 -0.00166571 -0.00225941 -0.00160447 -0.00230766 -0.00134944 -0.00100588 -0.00186463 -0.00191079 -0.00230303 -0.0018747 -0.00252783 -0.00232954 -0.00126183 -0.00153183 -0.0023333 -0.00252806 -0.00230989 
-0.00207874 -0.00111796 -0.00132839 -0.00196213 -0.00137387 -0.00181801 -0.00169923 -0.00219668 -0.0022048 -0.00127418 -0.00186292 -0.00228852 -0.00200596 -0.00167212 -0.00285613 -0.00245844 -0.00250484 -0.00283349 -0.00152983 -0.00333229 -0.0025398 -0.00171887 -0.00235496 -0.00131746 -0.000964625 -0.00180057 0.00243701 0.00172215 0.00209862 0.00302806 0.00297336 0.126978 0.00268959 0.00182963 0.00175507 0.00249434 0.00269153 -0.000571217 -0.000647095 -0.00142776 -0.0012175 -0.00141652 -0.00118022 -0.00220186 -0.00135107 -0.00217603 -0.00148328 -0.000848411 -0.00118971 -0.00136459 -0.00177027 -0.00106979 -0.00161027 -0.00175966 -0.00163609 -0.00216974 -0.00116726 -0.00169634 -0.00174974 -0.00159016 -0.00142094 -0.00237866 -0.00127147 -0.00206786 -0.0021458 -0.00149989 -0.00104311 -0.00163188 -0.00228707 -0.00212433 -0.00183627 -0.00114863 -0.00149512 -0.00156813 -0.00108695 -0.00178077 -0.00102694 -0.00210644 -0.00211937 -0.00201316 -0.0013555 -0.00234857 -0.00215075 -0.00170779 -0.00131394 -0.00203931 -0.00204992 -0.00274935 -0.00167752 -0.00144515 -0.00161948 -0.00182288 -0.000969856 -0.0017423 -0.000992003 -0.00109276 -0.0015141 -0.00209495 -0.000901982 -0.000666902 
-0.00221353 -0.00205225 -0.0014721 -0.00170373 -0.0025698 -0.00172076 -0.00234698 -0.00215935 -0.00223982 -0.00158792 -0.00180804 -0.00244152 -0.00245092 -0.00307889 -0.00178391 -0.00273 -0.00258655 -0.00204879 -0.00172038 -0.00240863 -0.00251091 -0.00253365 -0.00243362 -0.00256219 -0.00131461 -0.00319354 -2.90652e-05 0.00210054 0.00288353 0.00245899 0.00296693 0.00268959 0.140436 0.00173838 0.00298555 0.00239208 0.002539 0.00220069 -0.00132408 -0.000625627 -0.00156045 -0.00185138 -0.00160255 -0.00138956 -0.00186492 -0.00220254 -0.000925461 -0.001856 -0.00146462 -0.0016203 -0.00121364 -0.0014591 -0.00213712 -0.00201486 -0.00174159 -0.00220635 -0.00184837 -0.00185394 -0.00199598 -0.00144285 -0.00174934 -0.00246956 -0.0017759 -0.00083217 -0.00141675 -0.00243598 -0.00212143 -0.00155989 -0.00217901 -0.00147857 -0.0018778 -0.00151032 -0.00211861 -0.00235474 -0.00171443 -0.00208481 -0.00164391 -0.00156749 -0.00218166 -0.00130417 -0.00097919 -0.00178687 -0.00141382 -0.00149934 -0.00100354 -0.00152655 -0.00217944 -0.00142503 -0.000954856 -0.00239668 -0.00179601 -0.00176023 -0.00179884 -0.00282655 -0.00240834 -0.00219315 -0.00174486 -0.00201179 -0.00169321 -0.00171319 
