0.123994 0.00307914 0.0017187 0.00234206 0.00205512 0.00246475 -0.000959983 9.81619e-05 -0.00179737 -0.00166481 -0.00152039 -0.00193441 -0.000917059 -0.00178756 -0.00174519 -0.00130147 -0.00166022 -0.00217057 -0.00150091 -0.00181099 -0.00218266 -0.00203267 -0.0015915 -0.00178146 -0.00225318 -0.00165906 -0.000673902 -0.00193411 -0.00157385 -0.00162431 -0.00201961 -0.00146588 -0.00231481 -0.0013748 -0.0010556 -0.00152045 -0.000985193 -0.0021329 -0.0015962 -0.0016294 -0.00131495 -0.000465042 -0.00162116 -0.00168496 -0.00194375 -0.00157291 -0.00140356 -0.00116939 -0.0017153 -0.000539226 -0.00219813 -0.00201382 -0.00184181 -0.00189831 -0.00131228 -0.00175313 -0.0016154 -0.00200704 -0.00155645 -0.00125924 -0.00183806 -0.00216737 -0.00179483 -0.00168681 -0.00155669 -0.00181283 -0.00187924 -0.0017254 -0.00195717 -0.00159405 -0.00229154 -0.0011116 -0.00195886 -0.00149375 -0.00163317 -0.00153936 -0.00199961 -0.00147793 -0.00119182 -0.00203343 -0.00102509 -0.00197803 -0.00135564 -0.00129867 -0.00140478 -0.0015899 -0.0020281 -0.00104924 -0.00163674 -0.00150161 -0.0014434 -0.00138514 -0.000960749 -0.00190064 -0.00151726 -0.00158046 0.00111367 0.00157229 0.00277566 0.00224383 
0.00307914 0.123638 0.00219132 0.00218429 0.00220325 0.00221335 0.00175962 -0.00103628 -0.00109204 -0.000908706 -0.00227497 -0.00237025 -0.00110504 -0.00314693 -0.00260182 -0.00283369 -0.00219303 -0.00244803 -0.00185824 -0.00141818 -0.00238583 -0.00229201 -0.00102207 -0.00226398 -0.00197485 -0.00170259 -0.00285318 -0.0016782 -0.00101382 -0.00166089 -0.00139518 -0.00254237 -0.0013144 -0.00145435 -0.00149254 -0.00102512 -0.00207598 -0.00148749 -0.000388189 -0.0014355 -0.00166657 -0.00113489 -0.00117598 -0.00157483 -0.00174638 -0.00107485 -0.00168996 -0.00118181 -0.00222173 -0.00148661 -0.00165068 -0.00145791 -0.00108715 -0.00195015 -0.000967866 -0.00173949 -0.00103033 -0.00149305 -0.00140751 -0.00141673 -0.00131046 -0.00187752 -0.00124891 -0.00167717 -0.00157715 -0.000640707 -0.0014436 -0.00186647 -0.00125442 -0.00150011 -0.00245495 -0.00189089 -0.00190586 -0.00146024 -0.00116014 -0.00137453 -0.000589995 -0.00114683 -0.00174587 -0.00164178 -0.0015823 -0.00136373 -0.000882406 -0.000955479 -0.00117675 -0.00192826 -0.000916466 -0.00136088 -0.00178215 -0.00247414 -0.00190952 -0.00108903 -0.00102455 -0.00123327 -0.00210815 -0.00128899 -0.00159203 0.00122381 0.00226794 0.00157561 
0.0017187 0.00219132 0.120619 0.0027315 0.00285287 0.00159258 0.00170695 0.00118036 -0.00131026 -0.00191722 -0.00210515 -0.00163449 -0.00166928 -0.00201742 -0.00250124 -0.0016467 -0.00133816 -0.00121458 -0.00220691 -0.00212312 -0.00137981 -0.00256595 -0.00187995 -0.00190268 -0.00153055 -0.00152489 -0.00188035 -0.00143666 -0.00156135 -0.00199273 -0.00174073 -0.00221479 -0.00185605 -0.000850486 -0.00188788 -0.000987482 -0.00126059 -0.00134391 -0.00151354 -0.00140775 -0.00197082 -0.00171532 -0.0017998 -0.00139199 -0.00247243 -0.00204313 -0.00156716 -0.00184873 -0.000518342 -0.00159745 -0.00211479 -0.00164872 -0.00209457 -0.00162349 -0.00179091 -0.001869 -0.00151624 -0.00127781 -0.00191463 -0.000802085 -0.00207396 -0.00105094 -0.000861723 -0.00135486 -0.00153924 -0.00135632 -0.000693499 -0.0010205 -0.00126866 -0.00145507 -0.00125192 -0.00147918 -0.000955893 -0.000823082 -0.00114479 -0.000753545 -0.00143357 -0.0020901 -0.00152525 -0.00202204 -0.00204011 -0.00141679 -0.00087568 -0.00159764 -0.00177616 -0.00126122 -0.00117888 -0.00169762 -0.00136246 -0.00170769 -0.00139196 -0.00119668 -0.000959267 -0.00148664 -0.00156118 -0.000989997 -0.00086124 -0.000997256 0.00179776 0.00210148 
0.00234206 0.00218429 0.0027315 0.125324 0.00318232 0.0035533 0.00228514 0.00241867 0.0025198 -0.00149165 -0.00168601 -0.00135446 -0.00149465 -0.00172443 -0.00230374 -0.00164032 -0.00225234 -0.0014689 -0.0022383 -0.000586335 -0.00145951 -0.00136595 -0.00111764 -0.00185049 -0.00210658 -0.00170988 -0.00156968 -0.00172566 -0.00180131 -0.00161822 -0.00168111 -0.00227188 -0.00131846 -0.00119286 -0.001604 -0.0017933 -0.0017998 -0.00147783 -0.00111655 -0.000922289 -0.00163028 -0.000677957 -0.00155368 -0.00111161 -0.00171466 -0.00161918 -0.00158775 -0.0013016 -0.00237611 -0.00105141 -0.00215593 -0.00223974 -0.00215367 -0.00198659 -0.00153194 -0.00215142 -0.00145752 -0.00209796 -0.00216204 -0.000846214 -0.00222733 -0.00118408 -0.00143681 -0.00196396 -0.000847245 -0.0012089 -0.00179976 -0.00143508 -0.00157089 -0.00217588 -0.00208174 -0.00151588 -0.00157113 -0.00171224 -0.00162499 -0.00230983 -0.00138764 -0.00158637 -0.00237114 -0.00166371 -0.0017736 -0.00113225 -0.00138624 -0.00192887 -0.00114738 -0.00194639 -0.0015154 -0.00133768 -0.0016217 -0.00179749 -0.0020599 -0.00212664 -0.00108501 -0.00184951 -0.00237478 -0.00172447 -0.00144768 -0.00168173 -0.00145426 0.0016763 
0.00205512 0.00220325 0.00285287 0.00318232 0.122991 0.00251736 0.00298317 0.0027366 0.00107156 0.002216 -0.00160621 -0.00170171 -0.00195164 -0.00255779 -0.00281741 -0.00226833 -0.00245173 -0.00211305 -0.00102192 -0.00154902 -0.00228313 -0.00277332 -0.00166 -0.00176157 -0.00242127 -0.00144071 -0.000648339 -0.00182772 -0.00128747 -0.00150098 -0.00176118 -0.00197598 -0.00117941 -0.00173092 -0.000907228 -0.00190876 -0.00194597 -0.00216697 -0.00174695 -0.00160375 -0.00174501 -0.00158942 -0.00227426 -0.00134113 -0.00204449 -0.00157616 -0.00187082 -0.00163474 -0.00198248 -0.00145558 -0.00155807 -0.00163476 -0.00209992 -0.00159166 -0.00123278 -0.00233043 -0.000464193 -0.00156667 -0.0018347 -0.00113726 -0.0021321 -0.00134088 -0.000689135 -0.00163592 -0.00188758 -0.00106222 -0.00100347 -0.00142513 -0.00138649 -0.00133816 -0.00133379 -0.0014243 -0.00150059 -0.0018704 -0.00110065 -0.00127153 -0.000789687 -0.00157187 -0.00191538 -0.00143709 -0.00146793 -0.00173009 -0.000882809 -0.0014288 -0.00180473 -0.000740125 -0.00135959 -0.00191514 -0.0011051 -0.00210329 -0.00188295 -0.00148455 -0.00146593 -0.00076396 -0.00186201 -0.00156004 -0.00150066 -0.00197778 -0.00130042 -0.00082164 
0.00246475 0.00221335 0.00159258 0.0035533 0.00251736 0.127939 0.00164229 0.00233893 0.00213379 0.00156881 0.00143345 -0.00140674 -0.00129255 -0.00181997 -0.00239144 -0.00145922 -0.00197258 -0.00204218 -0.00148341 -0.00115039 -0.00225816 -0.00158551 -0.00212234 -0.00176078 -0.00237689 -0.00145559 -0.00208994 -0.000881297 -0.00193156 -0.00269599 -0.00134552 -0.00230398 -0.00171766 -0.00216635 -0.000980868 -0.00130817 -0.00179208 -0.00150542 -0.00218739 -0.000509157 -0.00199894 -0.00172608 -0.00210047 -0.0017508 -0.001882 -0.00215399 -0.00109396 -0.00182199 -0.00258538 -0.00170892 -0.00188245 -0.00153695 -0.00174403 -0.00148901 -0.00145101 -0.00217117 -0.001417 -0.00169704 -0.0022541 -0.00174869 -4.37734e-05 -0.00129069 -0.00166948 -0.0023729 -0.0017993 -0.00181613 -0.00229528 -0.00169682 -0.00228139 -0.00139973 -0.00224388 -0.00236477 -0.00148622 -0.00152732 -0.0010986 -0.00244198 -0.00142672 -0.00103967 -0.000979999 -0.000751065 -0.00180004 -0.00210727 -0.0023016 -0.00147428 -0.00148383 -0.00152597 -0.00183797 -0.00167935 -0.00150219 -0.00181934 -0.00150686 -0.00173138 -0.000961867 -0.00192805 -0.00117722 -0.000849291 -0.00103728 -0.00186226 -0.00105626 -0.00152241 
-0.000959983 0.00175962 0.00170695 0.00228514 0.00298317 0.00164229 0.123975 0.00201642 0.00122916 0.00151831 0.00209596 0.00107734 -0.000965947 -0.00167895 -0.00186289 -0.00119506 -0.00131651 -0.00243623 -0.00196687 -0.00148732 -0.00287284 -0.00198935 -0.00127624 -0.00121543 -0.000992091 -0.00155241 -0.00208749 -0.00241733 -0.00169062 -0.00123899 -0.00118891 -0.00144492 -0.00209818 -0.0017397 -0.00202989 -0.00177795 -0.00182288 -0.00206903 -0.00161487 -0.00152739 -0.00206589 -0.00227976 -0.00134704 -0.00159445 -0.00174221 -0.0018419 -0.00163105 -0.00203537 -0.00112109 -0.00187577 -0.00146924 -0.00156118 -0.00160865 -0.00225964 -0.00107395 -0.00152681 -0.000919331 -0.00178883 -0.0015314 -0.00123744 -0.000636288 -0.000609277 -0.00153721 -0.00134773 -0.00146975 -0.00161313 -0.00188478 -0.00180368 -0.00202602 -0.00145617 -0.00118489 -0.00167135 -0.00081098 -0.00151432 -0.00138886 -0.00117284 -0.00131494 -0.0014667 -0.00185179 -0.00239998 -0.00204142 -0.00185019 -0.00116062 -0.00138334 -0.00175814 -0.00162707 -0.00144806 -0.00170624 -0.00197698 -0.00181232 -0.00171839 -0.0021686 -0.00130583 -0.00121185 -0.00188377 -0.00171749 -0.00157367 -0.000516057 -0.0018209 -0.00142004 
9.81619e-05 -0.00103628 0.00118036 0.00241867 0.0027366 0.00233893 0.00201642 0.1312 0.00239509 0.00278194 0.00210417 0.000847375 0.00215981 -0.00163591 -0.0015626 -0.00141209 -0.00218584 -0.00165622 -0.00155629 -0.00236706 -0.00292402 -0.00225839 -0.00144523 -0.00195844 -0.00127236 -0.00145409 -0.00136001 -0.00174363 -0.00141168 -0.00191832 -0.00159125 -0.00193445 -0.00138915 -0.0017419 -0.00120691 -0.00280793 -0.000654716 -0.00147764 -0.00162738 -0.00169015 -0.00106707 -0.00190107 -0.00180135 -0.00197876 -0.00110334 -0.00203272 -0.00130472 -0.00178222 -0.00140381 -0.00207137 -0.00223228 -0.00228923 -0.00142752 -0.00178634 -0.00214183 -0.00259235 -0.00226132 -0.00130978 -0.00139984 -0.00201465 -0.00157042 -0.00158734 -0.00121522 -0.00158709 -0.00146194 -0.0022189 -0.001672 -0.00155377 -0.000859386 -0.0016576 -0.00215612 -0.00144339 -0.00162834 -0.00160124 -0.00219018 -0.00138067 -0.00236958 -0.00225265 -0.00167289 -0.00313008 -0.00144173 -0.00156533 -0.00116679 -0.00166055 -0.00192124 -0.00230929 -0.000894873 -0.00193732 -0.00214221 -0.00137587 -0.00215834 -0.00132229 -0.00125216 -0.00142333 -0.00225147 -0.0017937 -0.00201809 -0.00243957 -0.0017766 -0.00103684 
-0.00179737 -0.00109204 -0.00131026 0.0025198 0.00107156 0.00213379 0.00122916 0.00239509 0.130513 0.00295501 0.00223259 0.00243966 0.0027098 0.00189276 -0.00103435 -0.00234896 -0.00193041 -0.0016358 -0.00169548 -0.00157335 -0.00141759 -0.00202214 -0.00182894 -0.00203511 -0.00132197 -0.000746374 -0.00188923 -0.00123431 -0.00058722 -0.001366 -0.0018794 -0.00270944 -0.00230296 -0.00233102 -0.00243097 -0.00184865 -0.00184872 -0.00143611 -0.00183833 -0.00259361 -0.00191278 -0.00167501 -0.00104852 -0.00143933 -0.00179281 -0.00187805 -0.00128927 -0.00221154 -0.000665465 -0.00156715 -0.00239331 -0.00149049 -0.00226381 -0.00161764 -0.00101567 -0.00291648 -0.00157069 -0.0020975 -0.00170866 -0.00228233 -0.00178518 -0.00216114 -0.00141193 -0.00149817 -0.00248419 -0.00148903 -0.00187864 -0.00216513 -0.00215359 -0.00170354 -0.00165186 -0.00138913 -0.00115393 -0.00176687 -0.00194483 -0.00102452 -0.0011629 -0.00103987 -0.001343 -0.000976621 -0.000943507 -0.00242041 -0.00239218 -0.00174664 -0.00106228 -0.00198508 -0.00145253 -0.00236427 -0.00218206 -0.00179245 -0.00102757 -0.00161056 -0.00157153 -0.00136052 -0.00192199 -0.00191267 -0.00219026 -0.00218696 -0.000673842 -0.00218863 
-0.00166481 -0.000908706 -0.00191722 -0.00149165 0.002216 0.00156881 0.00151831 0.00278194 0.00295501 0.13054 0.00251224 0.00188905 0.0015859 0.00209236 -0.000742469 -0.00155884 -0.00222262 -0.00144051 -0.00133787 -0.00210304 -0.00250741 -0.00247335 -0.00194114 -0.00171917 -0.00220867 -0.00139113 -0.00180197 -0.00236106 -0.00234176 -0.00199788 -0.000569393 -0.0012653 -0.00167705 -0.0017608 -0.0021338 -0.00248422 -0.00195635 -0.00216422 -0.00148135 -0.00216047 -0.00188727 -0.00210503 -0.00260016 -0.00240727 -0.00138503 -0.00167197 -0.00174479 -0.00217283 -0.0022657 -0.00162929 -0.00106134 -0.00166917 -0.00161564 -0.0012672 -0.00240233 -0.00132058 -0.00225335 -0.000783323 -0.00133372 -0.00185602 -0.00169469 -0.00121426 -0.000929832 -0.00127653 -0.00160603 -0.000976701 -0.00119438 -0.0011393 -0.00106663 -0.00198022 -0.00142891 -0.000994207 -0.00176277 -0.00137623 -0.00162892 -0.00107721 -0.00192808 -0.00193917 -0.00197524 -0.00130694 -0.0019293 -0.00117504 -0.00209905 -0.00203257 -0.00162812 -0.00200299 -0.000805652 -0.0023135 -0.00143882 -0.00127238 -0.00243017 -0.00199742 -0.00115167 -0.00150999 -0.0012406 -0.00102253 -0.0019415 -0.0014399 -0.00143764 -0.00107855 
-0.00152039 -0.00227497 -0.00210515 -0.00168601 -0.00160621 0.00143345 0.00209596 0.00210417 0.00223259 0.00251224 0.133833 0.00334576 0.00277318 0.00235121 0.00289988 0.00291082 -0.0013503 -0.00184385 -0.00125936 -0.00183237 -0.00277782 -0.0024031 -0.00212322 -0.0016777 -0.00162292 -0.000986484 -0.00158799 -0.00155569 -0.00206089 -0.00239234 -0.00196004 -0.0012853 -0.00167693 -0.00173048 -0.00179518 -0.0020167 -0.00174046 -0.00237555 -0.0026631 -0.00233648 -0.00143926 -0.00230089 -0.00131547 -0.00249024 -0.0016393 -0.00159247 -0.00177341 -0.00252994 -0.0021183 -0.00218209 -0.00173088 -0.000885254 -0.000515866 -0.00156284 -0.00219882 -0.00191514 -0.00155646 -0.00209669 -0.000981541 -0.00143872 -0.00139502 -0.00198915 -0.00128721 -0.0019829 -0.00131504 -0.00180881 -0.00194563 -0.00143674 -0.00240711 -0.00112687 -0.00174809 -0.00206557 -0.00253119 -0.00084544 -0.00228987 -0.00116743 -0.00195648 -0.00134354 -0.0023861 -0.00170303 -0.00149148 -0.00125175 -0.00233597 -0.00175301 -0.00212318 -0.00185597 -0.00125485 -0.00185335 -0.00192124 -0.00185119 -0.00188373 -0.00151116 -0.00126461 -0.00112434 -0.00228313 -0.00130486 -0.00253533 -0.00204838 -0.00152927 -0.0020736 
-0.00193441 -0.00237025 -0.00163449 -0.00135446 -0.00170171 -0.00140674 0.00107734 0.000847375 0.00243966 0.00188905 0.00334576 0.136622 0.00306129 0.00143343 0.00312099 0.00215527 0.00309457 -0.00177178 -0.0010524 -0.00210769 -0.00195465 -0.00156267 -0.00207792 -0.00157128 -0.00148124 -0.00120484 -0.001915 -0.00216736 -0.0018647 -0.00111707 -0.00139294 -0.00156238 -0.00183111 -0.00236351 -0.00193433 -0.00253411 -0.00248831 -0.00188424 -0.00226801 -0.00256582 -0.00154785 -0.00199943 -0.00168232 -0.00223621 -0.00179645 -0.0022811 -0.00112028 -0.00198133 -0.000960428 -0.00206575 -0.00157816 -0.00134916 -0.00140597 -0.00208065 -0.0017162 -0.00154814 -0.00173895 -0.00125539 -0.00157823 -0.00208895 -0.00157274 -0.00132391 -0.00182449 -0.00259615 -0.00201421 -0.00138656 -0.00234927 -0.00165989 -0.00232631 -0.00175214 -0.00190779 -0.00130182 -0.00210295 -0.00189666 -0.00222771 -0.00199623 -0.0013418 -0.00219287 -0.00227037 -0.00205527 -0.00141486 -0.00116148 -0.00163081 -0.0018621 -0.00116532 -0.00197664 -0.00181026 -0.00166995 -0.00165413 -0.00179849 -0.00166119 -0.00197397 -0.00162798 -0.00122356 -0.00213843 -0.00174087 -0.00242092 -0.00162406 -0.00199856 -0.00134758 
-0.000917059 -0.00110504 -0.00166928 -0.00149465 -0.00195164 -0.00129255 -0.000965947 0.00215981 0.0027098 0.0015859 0.00277318 0.00306129 0.13737 0.00365055 0.00294143 0.00208047 0.00273867 -0.00133319 -0.00128554 -0.00266864 -0.00172191 -0.0019598 -0.00271359 -0.00143713 -0.00123231 -0.00175572 -0.00226811 -0.00105987 -0.00183174 -0.00156034 -0.00285556 -0.0012353 -0.0020838 -0.00264455 -0.00130227 -0.00166064 -0.00127018 -0.00229274 -0.00227838 -0.00291921 -0.00223915 -0.00172684 -0.00196668 -0.00135736 -0.00127277 -0.00260728 -0.0012242 -0.0019799 -0.00176001 -0.00158806 -0.00170069 -0.00253302 -0.00233983 -0.00268185 -0.00196242 -0.0011447 -0.00156401 -0.0017688 -0.00118454 -0.00241449 -0.00210823 -0.00273646 -0.00171209 -0.00164352 -0.00192331 -0.00233862 -0.00177654 -0.00178977 -0.00218789 -0.00142375 -0.00194083 -0.00135544 -0.00157481 -0.00246559 -0.000959704 -0.00141171 -0.00127229 -0.00185229 -0.00215023 -0.00178234 -0.00205473 -0.00145732 -0.00156277 -0.00152632 -0.00181422 -0.00231142 -0.000844961 -0.00140344 -0.00187933 -0.00155031 -0.0015756 -0.00175714 -0.00201016 -0.00168442 -0.00170023 -0.00238515 -0.00206443 -0.0013519 -0.00164462 -0.00230436 
-0.00178756 -0.00314693 -0.00201742 -0.00172443 -0.00255779 -0.00181997 -0.00167895 -0.00163591 0.00189276 0.00209236 0.00235121 0.00143343 0.00365055 0.136152 0.00302588 0.00256716 0.00182422 0.00319718 0.0029007 -0.00143212 -0.00121329 -0.00189164 -0.00166687 -0.000665398 -0.00116256 -0.00246818 -0.00224362 -0.0017542 -0.00180053 -0.00246911 -0.00249797 -0.00132444 -0.00212963 -0.00160478 -0.0033468 -0.0018044 -0.00225013 -0.00148291 -0.00162563 -0.00296258 -0.00199028 -0.00122036 -0.0017347 -0.00155099 -0.00183601 -0.0027803 -0.00223442 -0.000930477 -0.00205052 -0.00215037 -0.00119859 -0.0019484 -0.00139575 -0.0020641 -0.00173517 -0.00141876 -0.00192013 -0.00136645 -0.00228439 -0.00254659 -0.00108896 -0.00183917 -0.00119337 -0.00148575 -0.00153166 -0.00144236 -0.00246683 -0.0025918 -0.000817686 -0.00256693 -0.000939213 -0.00177156 -0.00157913 -0.0021791 -0.00107646 -0.0017255 -0.00179856 -0.00241687 -0.000984446 -0.00111952 -0.00175279 -0.00165204 -0.002409 -0.00121772 -0.00191277 -0.00195829 -0.00170854 -0.00203902 -0.00111056 -0.00198226 -0.00089415 -0.00166953 -0.0010894 -0.00198221 -0.00201115 -0.00229443 -0.00262687 -0.00152265 -0.0018443 -0.00227209 
-0.00174519 -0.00260182 -0.00250124 -0.00230374 -0.00281741 -0.00239144 -0.00186289 -0.0015626 -0.00103435 -0.000742469 0.00289988 0.00312099 0.00294143 0.00302588 0.141799 0.0034729 0.00296573 0.00423763 0.00409532 0.00193429 -0.000578828 -0.00184331 -0.00132831 -0.00164172 -0.00210556 -0.00224719 -0.00252148 -0.00240263 -0.00236775 -0.00183329 -0.00161917 -0.00260284 -0.00193814 -0.00164346 -0.00160338 -0.00217625 -0.00222297 -0.00185978 -0.00220284 -0.00203247 -0.00244166 -0.00197651 -0.00213819 -0.0019069 -0.00177234 -0.00187462 -0.00154252 -0.00209834 -0.00219355 -0.00160795 -0.00175446 -0.00153092 -0.00214543 -0.00202232 -0.00284116 -0.00201827 -0.00241831 -0.00146907 -0.00149185 -0.00233348 -0.00141314 -0.00211785 -0.00214263 -0.00189511 -0.00245861 -0.00154837 -0.00203897 -0.00133681 -0.0026746 -0.00146406 -0.00195886 -0.00210031 -0.0020658 -0.00216474 -0.00248171 -0.00194424 -0.00243431 -0.00129703 -0.00200266 -0.00189427 -0.0017813 -0.00216193 -0.00112686 -0.00187428 -0.00188942 -0.00130614 -0.00169631 -0.00136729 -0.00121913 -0.00169629 -0.00236218 -0.00186845 -0.00174883 -0.00133393 -0.000411207 -0.00125317 -0.00234968 -0.00138534 -0.00183294 -0.00248173 
-0.00130147 -0.00283369 -0.0016467 -0.00164032 -0.00226833 -0.00145922 -0.00119506 -0.00141209 -0.00234896 -0.00155884 0.00291082 0.00215527 0.00208047 0.00256716 0.0034729 0.140414 0.00304911 0.00366384 0.00421616 0.00296058 -0.00155076 -0.00188885 -0.0026851 -0.00149367 -0.00267929 -0.0035178 -0.00216225 -0.00239842 -0.00318172 -0.00232618 -0.00245651 -0.00190143 -0.00290367 -0.00109269 -0.00206592 -0.00177483 -0.00223015 -0.00182006 -0.00169707 -0.00149426 -0.00220202 -0.00231245 -0.00249795 -0.00190554 -0.0019507 -0.00216476 -0.00146569 -0.0020493 -0.00109905 -0.00208171 -0.00122841 -0.00206233 -0.00178523 -0.00193029 -0.0015519 -0.00314035 -0.00171286 -0.00200419 -0.00135315 -0.0015567 -0.00174977 -0.00200468 -0.00132414 -0.00201619 -0.00169206 -0.00183977 -0.00123391 -0.00174376 -0.00150909 -0.00152561 -0.000909192 -0.00200834 -0.0015458 -0.00134778 -0.000921931 -0.00243092 -0.00149275 -0.00163768 -0.00189368 -0.00176625 -0.00202631 -0.000817072 -0.00193792 -0.00110937 -0.00205949 -0.00191099 -0.00213504 -0.00269446 -0.00106105 -0.00115469 -0.00188122 -0.00230475 -0.000469986 -0.00188134 -0.00178955 -0.00214201 -0.00234305 -0.00163793 -0.00255589 -0.00194482 
-0.00166022 -0.00219303 -0.00133816 -0.00225234 -0.00245173 -0.00197258 -0.00131651 -0.00218584 -0.00193041 -0.00222262 -0.0013503 0.00309457 0.00273867 0.00182422 0.00296573 0.00304911 0.144057 0.00531195 0.00292851 0.00184022 0.00263994 0.00203985 -0.00193485 -0.00187062 -0.00164296 -0.00237784 -0.00243859 -0.00159598 -0.00218705 -0.00148451 -0.00173301 -0.00154677 -0.00174729 -0.00116908 -0.00249708 -0.00117614 -0.0013123 -0.00209795 -0.00187761 -0.00286396 -0.00199174 -0.00199557 -0.00211023 -0.00231968 -0.00263881 -0.00179195 -0.000892297 -0.00245282 -0.00172617 -0.00194487 -0.00226258 -0.00232611 -0.00200078 -0.00178448 -0.00290669 -0.0018939 -0.00159579 -0.00235098 -0.000903269 -0.00224199 -0.0012761 -0.00168898 -0.00190083 -0.00164 -0.00137677 -0.00178049 -0.00238502 -0.00201703 -0.0011497 -0.00220486 -0.00224998 -0.00175023 -0.00141569 -0.00203544 -0.00215908 -0.00203229 -0.00226444 -0.00263712 -0.00241764 -0.00078445 -0.0019057 -0.0021032 -0.00203903 -0.00265573 -0.00234674 -0.00143274 -0.00301639 -0.00230272 -0.00206884 -0.00236351 -0.000846122 -0.0028636 -0.00131038 -0.0022572 -0.00123703 -0.0019279 -0.00211164 -0.00210222 -0.00132583 -0.00254902 
-0.00217057 -0.00244803 -0.00121458 -0.0014689 -0.00211305 -0.00204218 -0.00243623 -0.00165622 -0.0016358 -0.00144051 -0.00184385 -0.00177178 -0.00133319 0.00319718 0.00423763 0.00366384 0.00531195 0.147789 0.0026283 0.00188222 0.00209696 0.00259409 0.000892896 -0.00174631 -0.00172791 -0.00272367 -0.00186676 -0.00168412 -0.0024936 -0.00177514 -0.00246926 -0.00157129 -0.00227423 -0.00176125 -0.00239842 -0.00173592 -0.00266505 -0.00125082 -0.00154423 -0.00145759 -0.00189897 -0.00136585 -0.00229539 -0.00145547 -0.00331875 -0.00180058 -0.00248716 -0.002584 -0.0012456 -0.00232063 -0.00201631 -0.00246165 -0.00139813 -0.00156399 -0.00257575 -0.00215792 -0.00208723 -0.00212603 -0.00138229 -0.00190664 -0.00135594 -0.0013488 -0.00137208 -0.00139998 -0.00245473 -0.00137537 -0.00164271 -0.00142442 -0.00146657 -0.00148106 -0.00286766 -0.00231344 -0.00166409 -0.00201111 -0.00187109 -0.0021975 -0.00250691 -0.00147858 -0.00226732 -0.00200251 -0.00205296 -0.00165373 -0.00229051 -0.00202294 -0.00261143 -0.00159156 -0.0027323 -0.00209424 -0.00190334 -0.00217332 -0.00173572 -0.00177063 -0.00201645 -0.00160664 -0.00246796 -0.00148754 -0.0021964 -0.00240042 -0.00257359 -0.00124205 
-0.00150091 -0.00185824 -0.00220691 -0.0022383 -0.00102192 -0.00148341 -0.00196687 -0.00155629 -0.00169548 -0.00133787 -0.00125936 -0.0010524 -0.00128554 0.0029007 0.00409532 0.00421616 0.00292851 0.0026283 0.145345 0.00170121 0.00327496 0.00271074 0.00247317 -0.0023584 -0.00254762 -0.00161236 -0.00136061 -0.002934 -0.00165448 -0.00103526 -0.00146147 -0.00179935 -0.00291319 -0.000852398 -0.00221996 -0.00228452 -0.00202861 -0.00189231 -0.00300155 -0.0027714 -0.00230264 -0.00178483 -0.00243034 -0.00246481 -0.00238764 -0.00240107 -0.00237596 -0.00275552 -0.000664719 -0.00159078 -0.00192364 -0.00201104 -0.00188901 -0.00136615 -0.00202613 -0.00229921 -0.00218063 -0.0011035 -0.00177817 -0.00201732 -0.00187081 -0.00160048 -0.00149169 -0.00248999 -0.00157618 -0.00201758 -0.00207802 -0.00152543 -0.00216044 -0.000952773 -0.00191153 -0.00181099 -0.00171237 -0.00170762 -0.00165555 -0.00148299 -0.00205833 -0.0010648 -0.00210305 -0.00228338 -0.00274744 -0.00292762 -0.00226334 -0.00149845 -0.00202233 -0.00173929 -0.00179792 -0.00209455 -0.000950682 -0.0019605 -0.00279191 -0.00210687 -0.00156102 -0.0020466 -0.00250925 -0.00240252 -0.00188148 -0.00231936 -0.00264812 -0.00150632 
-0.00181099 -0.00141818 -0.00212312 -0.000586335 -0.00154902 -0.00115039 -0.00148732 -0.00236706 -0.00157335 -0.00210304 -0.00183237 -0.00210769 -0.00266864 -0.00143212 0.00193429 0.00296058 0.00184022 0.00188222 0.00170121 0.14895 0.00241126 0.00267845 0.00333108 0.00175673 0.00221974 -0.00241702 -0.00219517 -0.00291454 -0.0021015 -0.0010827 -0.00179312 -0.00233308 -0.00193883 -0.00223348 -0.00175892 -0.00169846 -0.00255962 -0.00225378 -0.00104195 -0.00209768 -0.00190593 -0.00145833 -0.00231244 -0.00100772 -0.00215146 -0.00191099 -0.00148064 -0.00232117 -0.0010144 -0.00189644 -0.0026103 -0.00195176 -0.0018311 -0.00146424 -0.00268678 -0.00132061 -0.00266499 -0.00134993 -0.0018258 -0.00192057 -0.00180108 -0.00183844 -0.00205488 -0.00196167 -0.00193195 -0.00242001 -0.00263165 -0.00197262 -0.001329 -0.00217455 -0.00194029 -0.00184508 -0.00186759 -0.0021099 -0.00154354 -0.00234187 -0.00240494 -0.00153989 -0.00144279 -0.00263843 -0.00329614 -0.00194353 -0.00196424 -0.00276507 -0.0027389 -0.00180166 -0.00242344 -0.0022267 -0.0017655 -0.00125734 -0.00212578 -0.000954393 -0.00138896 -0.00198751 -0.00212124 -0.00136585 -0.00232318 -0.00206388 -0.00176109 -0.00188607 
-0.00218266 -0.00238583 -0.00137981 -0.00145951 -0.00228313 -0.00225816 -0.00287284 -0.00292402 -0.00141759 -0.00250741 -0.00277782 -0.00195465 -0.00172191 -0.00121329 -0.000578828 -0.00155076 0.00263994 0.00209696 0.00327496 0.00241126 0.141426 0.00210373 0.00380459 0.00253936 0.00150013 0.00137556 -0.00198259 -0.00204181 -0.00230483 -0.00174499 -0.00244189 -0.00239396 -0.00170654 -0.00230285 -0.00183346 -0.0015027 -0.00266064 -0.00201439 -0.00199758 -0.00267785 -0.00140636 -0.00213968 -0.00104924 -0.00168991 -0.00146467 -0.00124566 -0.00220816 -0.00236006 -0.00212189 -0.00202145 -0.00221293 -0.00203651 -0.00214316 -0.00223818 -0.00199 -0.00139129 -0.0017552 -0.00211205 -0.00166694 -0.00228705 -0.00144953 -0.00211016 -0.00162997 -0.00126574 -0.0014792 -0.00189578 -0.00147912 -0.00246129 -0.00143586 -0.00128361 -0.00168908 -0.001168 -0.00153267 -0.00173325 -0.00151149 -0.00155506 -0.00186336 -0.00228276 -0.00157543 -0.00066319 -0.00156644 -0.00275942 -0.0019113 -0.00100119 -0.00202363 -0.00211706 -0.001326 -0.000734435 -0.00197577 -0.00183215 -0.000606943 -0.00158715 -0.00174382 -0.00154046 -0.00167913 -0.0017475 -0.000605144 -0.00222224 -0.00219671 -0.00131648 
-0.00203267 -0.00229201 -0.00256595 -0.00136595 -0.00277332 -0.00158551 -0.00198935 -0.00225839 -0.00202214 -0.00247335 -0.0024031 -0.00156267 -0.0019598 -0.00189164 -0.00184331 -0.00188885 0.00203985 0.00259409 0.00271074 0.00267845 0.00210373 0.14472 0.00376542 0.00221489 0.00151412 0.00255014 -0.00188366 -0.00268078 -0.00143691 -0.00146618 -0.00145449 -0.00201791 -0.00124544 -0.00214678 -0.00207667 -0.00231703 -0.00130528 -0.00180395 -0.00218237 -0.00159918 -0.00117589 -0.0011163 -0.00163577 -0.00178983 -0.0020269 -0.00234198 -0.00211672 -0.00206086 -0.00194159 -0.00182551 -0.00124993 -0.00163416 -0.00222622 -0.00165597 -0.00142897 -0.000756291 -0.0021799 -0.00204795 -0.00218512 -0.00214061 -0.00192328 -0.0016171 -0.00178449 -0.00258297 -0.00232771 -0.00198153 -0.00145044 -0.00200062 -0.00123853 -0.00173235 -0.00184669 -0.00171025 -0.00134535 -0.00273329 -0.00149083 -0.00205984 -0.00158631 -0.00186741 -0.00136526 -0.0016771 -0.00177279 -0.00169428 -0.00151907 -0.00176124 -0.00206682 -0.00206447 -0.00222543 -0.00156289 -0.00123386 -0.00156655 -0.00126492 -0.00146503 -0.00215672 -0.00141326 -0.0021568 -0.00204906 -0.00196436 -0.0024863 -0.00167518 -0.00240945 
-0.0015915 -0.00102207 -0.00187995 -0.00111764 -0.00166 -0.00212234 -0.00127624 -0.00144523 -0.00182894 -0.00194114 -0.00212322 -0.00207792 -0.00271359 -0.00166687 -0.00132831 -0.0026851 -0.00193485 0.000892896 0.00247317 0.00333108 0.00380459 0.00376542 0.143708 0.00262184 0.0041228 0.00304901 0.00201277 -0.00163474 -0.00159293 -0.00152125 -0.00307376 -0.00183835 -0.00179843 -0.00176791 -0.00176369 -0.00181389 -0.00244562 -0.00155857 -0.00246415 -0.00192348 -0.00166299 -0.00150194 -0.00156133 -0.00191705 -0.00199972 -0.00237454 -0.00176866 -0.00169901 -0.00141221 -0.00200855 -0.000429361 -0.00174197 -0.00122299 -0.00169025 -0.00221606 -0.00280527 -0.00147397 -0.0016921 -0.00225956 -0.00232126 -0.0011753 -0.00204297 -0.00215142 -0.0015223 -0.00261632 -0.00193546 -0.00190187 -0.00125251 -0.0021348 -0.00181802 -0.00194877 -0.00210637 -0.00256322 -0.00215435 -0.00135341 -0.000885666 -0.00205166 -0.0025079 -0.00161157 -0.00186666 -0.00281527 -0.00227283 -0.00207478 -0.00228408 -0.00136555 -0.00305751 -0.00218403 -0.00157748 -0.00163484 -0.00175706 -0.00192421 -0.0022101 -0.00157657 -0.00205879 -0.00232909 -0.00232951 -0.000893664 -0.00164326 -0.00314654 -0.00167535 
-0.00178146 -0.00226398 -0.00190268 -0.00185049 -0.00176157 -0.00176078 -0.00121543 -0.00195844 -0.00203511 -0.00171917 -0.0016777 -0.00157128 -0.00143713 -0.000665398 -0.00164172 -0.00149367 -0.00187062 -0.00174631 -0.0023584 0.00175673 0.00253936 0.00221489 0.00262184 0.138088 0.00309856 0.00388507 0.0029058 0.00313323 -0.000547169 -0.00139596 -0.00178539 -0.000431488 -0.00208441 -0.00184108 -0.00202564 -0.00135148 -0.00283009 -0.00300406 -0.00229082 -0.00216097 -0.00194866 -0.00144797 -0.00209296 -0.00161759 -0.000942199 -0.00160903 -0.000761823 -0.00229171 -0.00213955 -0.00175268 -0.00167026 -0.00213163 -0.00180296 -0.00129164 -0.00180399 -0.00156779 -0.00225784 -0.00235322 -0.00214603 -0.00251365 -0.00220206 -0.00142972 -0.0023298 -0.00170928 -0.000945119 -0.00107189 -0.00103025 -0.00172428 -0.000595552 -0.00186546 -0.000624625 -0.00173825 -0.0019896 -0.00175468 -0.00131527 -0.00259562 -0.00105862 -0.00208168 -0.0016095 -0.00260625 -0.00253014 -0.00239563 -0.00213972 -0.00222611 -0.0022345 -0.0011053 -0.00163819 -0.00170217 -0.00143304 -0.001228 -0.00133603 -0.00207449 -0.00134252 -0.00124865 -0.00226723 -0.00199681 -0.00172291 -0.00203593 -0.00273365 -0.00197177 
-0.00225318 -0.00197485 -0.00153055 -0.00210658 -0.00242127 -0.00237689 -0.000992091 -0.00127236 -0.00132197 -0.00220867 -0.00162292 -0.00148124 -0.00123231 -0.00116256 -0.00210556 -0.00267929 -0.00164296 -0.00172791 -0.00254762 0.00221974 0.00150013 0.00151412 0.0041228 0.00309856 0.143804 0.00265656 0.00288414 0.000916216 0.00221753 0.00238353 -0.00306298 -0.00104562 -0.00179569 -0.0024243 -0.00180111 -0.00232891 -0.00162151 -0.00118987 -0.00178971 -0.0020597 -0.00163613 -0.00185426 -0.00250508 -0.00177046 -0.00173214 -0.0016287 -0.00122184 -0.00223865 -0.00245867 -0.00237268 -0.00146579 -0.00144912 -0.00231236 -0.00232749 -0.0018502 -0.000853877 -0.00185731 -0.00155628 -0.00217412 -0.00178148 -0.00113634 -0.000815938 -0.00260003 -0.00174268 -0.00239101 -0.00246369 -0.00162534 -0.00191778 -0.00174088 -0.000936023 -0.00220819 -0.00134416 -0.00134126 -0.00260499 -0.00232541 -0.00203849 -0.00187893 -0.00144601 -0.00271301 -0.00330302 -0.00252507 -0.00237412 -0.00260675 -0.00223076 -0.00200976 -0.00190937 -0.00206664 -0.00259365 -0.0013561 -0.00168465 -0.00176712 -0.00212936 -0.00178291 -0.00196707 -0.00205693 -0.000813405 -0.00150423 -0.00195123 -0.00108671 -0.00150125 
-0.00165906 -0.00170259 -0.00152489 -0.00170988 -0.00144071 -0.00145559 -0.00155241 -0.00145409 -0.000746374 -0.00139113 -0.000986484 -0.00120484 -0.00175572 -0.00246818 -0.00224719 -0.0035178 -0.00237784 -0.00272367 -0.00161236 -0.00241702 0.00137556 0.00255014 0.00304901 0.00388507 0.00265656 0.137907 0.00251995 0.00345075 0.00326029 0.00181992 0.00075181 -0.000730823 -0.00157644 -0.00246812 -0.00186324 -0.00180341 -0.00158759 -0.00185369 -0.00218401 -0.00196575 -0.00214968 -0.00189045 -0.00244967 -0.00242648 -0.0013989 -0.00239522 -0.00153413 -0.00133908 -0.00128494 -0.00189604 -0.0013912 -0.00118771 -0.00148587 -0.00138247 -0.00214969 -0.00213113 -0.00161109 -0.00151751 -0.00225918 -0.00213406 -0.0022163 -0.00102565 -0.00206323 -0.00184698 -0.0022623 -0.00178704 -0.00163986 -0.000990591 -0.00216281 -0.00216107 -0.00257212 -0.00190512 -0.0022417 -0.00207631 -0.00220386 -0.00186302 -0.00163781 -0.00228242 -0.0014877 -0.00184755 -0.00244672 -0.00220813 -0.00236997 -0.00222765 -0.00164774 -0.00195321 -0.00262677 -0.00176777 -0.00178686 -0.00181989 -0.00197728 -0.00156558 -0.00156834 -0.00161889 -0.00164193 -0.00188322 -0.00105262 -0.00163959 -0.00178363 -0.00137162 
-0.000673902 -0.00285318 -0.00188035 -0.00156968 -0.000648339 -0.00208994 -0.00208749 -0.00136001 -0.00188923 -0.00180197 -0.00158799 -0.001915 -0.00226811 -0.00224362 -0.00252148 -0.00216225 -0.00243859 -0.00186676 -0.00136061 -0.00219517 -0.00198259 -0.00188366 0.00201277 0.0029058 0.00288414 0.00251995 0.141732 0.00218182 0.00223566 0.0033647 0.00178577 0.00305669 -0.0012004 -0.00139855 -0.00149541 -0.00193025 -0.00188565 -0.00202938 -0.00210927 -0.00277634 -0.00143822 -0.0015385 -0.00105982 -0.00298747 -0.00138128 -0.00217402 -0.00158756 -0.00150968 -0.00213659 -0.000871019 -0.00185274 -0.00146767 -0.00190678 -0.00221346 -0.0019392 -0.00235394 -0.00156922 -0.00254638 -0.00130275 -0.00246747 -0.00254423 -0.00112304 -0.00139508 -0.0019337 -0.00209816 -0.00190514 -0.00148759 -0.00224642 -0.00243841 -0.00259763 -0.00200232 -0.00126973 -0.00211045 -0.00174906 -0.00122052 -0.00130524 -0.00126049 -0.00214603 -0.0014707 -0.00245569 -0.00338353 -0.0021007 -0.00192615 -0.00243458 -0.00177356 -0.00181784 -0.00165316 -0.00146243 -0.00152238 -0.00184288 -0.00163138 -0.00169885 -0.00196803 -0.00145534 -0.000236684 -0.000984142 -0.00167018 -0.00199691 -0.00188477 -0.00206721 
-0.00193411 -0.0016782 -0.00143666 -0.00172566 -0.00182772 -0.000881297 -0.00241733 -0.00174363 -0.00123431 -0.00236106 -0.00155569 -0.00216736 -0.00105987 -0.0017542 -0.00240263 -0.00239842 -0.00159598 -0.00168412 -0.002934 -0.00291454 -0.00204181 -0.00268078 -0.00163474 0.00313323 0.000916216 0.00345075 0.00218182 0.130454 0.00305658 0.00253803 0.00256002 0.00214938 0.00279501 -0.00114823 -0.00058634 -0.00141918 -0.00168902 -0.00159869 -0.00221229 -0.00128219 -0.000845412 -0.000791686 -0.00151497 -0.00125805 -0.00173648 -0.00185274 -0.00117267 -0.00205978 -0.00179724 -0.00188975 -0.00200363 -0.000929083 -0.00141492 -0.00169326 -0.00161511 -0.00140526 -0.00104798 -0.00174468 -0.00199463 -0.00139486 -0.00225662 -0.00113757 -0.00219902 -0.00148625 -0.00163438 -0.00145052 -0.00159245 -0.0017608 -0.000494826 -0.00193587 -0.00202636 -0.00146914 -0.00187608 -0.00137774 -0.00173036 -0.00124981 -0.00175569 -0.00177236 -0.00246062 -0.00258424 -0.00239191 -0.00199305 -0.00174486 -0.00140334 -0.00210433 -0.00155596 -0.00237299 -0.00187818 -0.0008569 -0.00114228 -0.00136382 -0.00183304 -0.00209414 -0.00171793 -0.00171712 -0.00164971 -0.00197228 -0.00229447 -0.00184285 -0.000892552 
-0.00157385 -0.00101382 -0.00156135 -0.00180131 -0.00128747 -0.00193156 -0.00169062 -0.00141168 -0.00058722 -0.00234176 -0.00206089 -0.0018647 -0.00183174 -0.00180053 -0.00236775 -0.00318172 -0.00218705 -0.0024936 -0.00165448 -0.0021015 -0.00230483 -0.00143691 -0.00159293 -0.000547169 0.00221753 0.00326029 0.00223566 0.00305658 0.136126 0.00249036 0.00260049 0.00250335 0.00261734 0.00123074 -0.00173731 -0.00147864 -0.00155361 -0.00221719 -0.00218904 -0.00206163 -0.00167933 -0.00171578 -0.00136013 -0.00223441 -0.00246791 -0.00159771 -0.00165452 -0.002065 -0.00218084 -0.0014918 -0.00177798 -0.00221724 -0.00226836 -0.00179837 -0.00132795 -0.00118246 -0.000994247 -0.00235337 -0.00113532 -0.0013479 -0.00147812 -0.00124089 -0.00122893 -0.00126845 -0.0016955 -0.00150916 -0.00147079 -0.00242517 -0.0013765 -0.002018 -0.00199667 -0.00176401 -0.00181521 -0.00143499 -0.00139709 -0.000823129 -0.00152192 -0.00158461 -0.00123759 -0.00246499 -0.00271213 -0.00137592 -0.00168917 -0.0026141 -0.00117958 -0.00248103 -0.00134969 -0.00152241 -0.00196852 -0.0019454 -0.00140288 -0.00164668 -0.00186929 -0.00182825 -0.0020148 -0.00161987 -0.00182886 -0.00260618 -0.00222343 -0.00199425 
-0.00162431 -0.00166089 -0.00199273 -0.00161822 -0.00150098 -0.00269599 -0.00123899 -0.00191832 -0.001366 -0.00199788 -0.00239234 -0.00111707 -0.00156034 -0.00246911 -0.00183329 -0.00232618 -0.00148451 -0.00177514 -0.00103526 -0.0010827 -0.00174499 -0.00146618 -0.00152125 -0.00139596 0.00238353 0.00181992 0.0033647 0.00253803 0.00249036 0.136077 0.00349206 0.00280557 0.0024315 0.00141196 -0.00146542 -0.00189109 -0.00111976 -0.00188501 -0.0021832 -0.00139366 -0.000425553 -0.00150542 -0.00132358 -0.00202577 -0.00142728 -0.00216489 -0.00179816 -0.00149962 -0.00154829 -0.00134318 -0.00133155 -0.00173236 -0.00185401 -0.00180482 -0.00218719 -0.00195888 -0.00206214 -0.00186192 -0.00181742 -0.00084893 -0.00238162 -0.00227977 -0.00244125 -0.00210328 -0.00207284 -0.00179299 -0.00189082 -0.00161562 -0.00178624 -0.00173348 -0.00136209 -0.00115229 -0.00155681 -0.00236953 -0.00124311 -0.00109688 -0.00149468 -0.000821116 -0.00159981 -0.00229862 -0.00195659 -0.00153208 -0.00158601 -0.00242367 -0.00116795 -0.00290344 -0.00201246 -0.00190513 -0.00192112 -0.00307975 -0.00189684 -0.00244364 -0.00217284 -0.00268169 -0.00213575 -0.00180122 -0.00162913 -0.00206931 -0.00181092 -0.00131409 
-0.00201961 -0.00139518 -0.00174073 -0.00168111 -0.00176118 -0.00134552 -0.00118891 -0.00159125 -0.0018794 -0.000569393 -0.00196004 -0.00139294 -0.00285556 -0.00249797 -0.00161917 -0.00245651 -0.00173301 -0.00246926 -0.00146147 -0.00179312 -0.00244189 -0.00145449 -0.00307376 -0.00178539 -0.00306298 0.00075181 0.00178577 0.00256002 0.00260049 0.00349206 0.136189 0.0022627 0.0016965 0.00300932 0.00257491 0.00126291 -0.00209263 -0.00101088 -0.00171723 -0.000861137 -0.00203011 -0.001542 -0.00135059 -0.00265185 -0.00176109 -0.00104502 -0.00165948 -0.0026758 -0.00230515 -0.00146773 -0.00149693 -0.00163778 -0.00204855 -0.000933078 -0.00201905 -0.00222247 -0.00130085 -0.00175497 -0.00184848 -0.00173923 -0.00141574 -0.00260139 -0.00160374 -0.00123061 -0.00128812 -0.00138126 -0.00162942 -0.0018162 -0.00127643 -0.00274167 -0.00158685 -0.00154029 -0.00145119 -0.00202494 -0.00136338 -0.00201496 -0.00144541 -0.00164958 -0.00167801 -0.00213589 -0.00133483 -0.0021316 -0.0017682 -0.00185747 -0.00278171 -0.00164757 -0.00196369 -0.000720337 -0.00224811 -0.00156979 -0.00188297 -0.0018079 -0.00206146 -0.00231418 -0.00259541 -0.00165917 -0.000912933 -0.0018685 -0.00152985 -0.00125292 
-0.00146588 -0.00254237 -0.00221479 -0.00227188 -0.00197598 -0.00230398 -0.00144492 -0.00193445 -0.00270944 -0.0012653 -0.0012853 -0.00156238 -0.0012353 -0.00132444 -0.00260284 -0.00190143 -0.00154677 -0.00157129 -0.00179935 -0.00233308 -0.00239396 -0.00201791 -0.00183835 -0.000431488 -0.00104562 -0.000730823 0.00305669 0.00214938 0.00250335 0.00280557 0.0022627 0.12812 0.00145096 0.00168774 0.002228 0.00152607 0.00232134 -0.00117712 -0.00159596 -0.00195117 -0.00113845 -0.00127344 -0.00121162 -0.00154446 -0.00220458 -0.00150719 -0.00149692 -0.000988095 -0.00208277 -0.00190034 -0.000816884 -0.00171252 -0.00122985 -0.00118753 -0.00161929 -0.00192123 -0.00155759 -0.00193088 -0.00196715 -0.00222604 -0.00150798 -0.00241754 -0.00254687 -0.00240478 -0.00164184 -0.00218638 -0.00176329 -0.00133226 -0.0021772 -0.00223134 -0.000986338 -0.00187732 -0.00119533 -0.00184368 -0.00221507 -0.000741355 -0.00178211 -0.00105756 -0.00175598 -0.00151093 -0.00237433 -0.00168303 -0.0012448 -0.0022652 -0.00190042 -0.00242431 -0.00179336 -0.000249091 -0.00138148 -0.00144699 -0.00110777 -0.00137612 -0.0016158 -0.00159406 -0.00159564 -0.00122127 -0.00207022 -0.00150182 -0.00237424 -0.00172617 
-0.00231481 -0.0013144 -0.00185605 -0.00131846 -0.00117941 -0.00171766 -0.00209818 -0.00138915 -0.00230296 -0.00167705 -0.00167693 -0.00183111 -0.0020838 -0.00212963 -0.00193814 -0.00290367 -0.00174729 -0.00227423 -0.00291319 -0.00193883 -0.00170654 -0.00124544 -0.00179843 -0.00208441 -0.00179569 -0.00157644 -0.0012004 0.00279501 0.00261734 0.0024315 0.0016965 0.00145096 0.133922 0.0015199 0.00159852 0.001349 0.00160296 0.0020962 -0.00194217 -0.00155878 -0.00145433 -0.00100397 -0.000671764 -0.0014426 -0.00161475 -0.00240982 -0.00173306 -0.000846724 -0.000615834 -0.00145611 -0.0016099 -0.00085966 -0.00183399 -0.00176893 -0.00186297 -0.00191733 -0.00191195 -0.00156426 -0.00252761 -0.00125572 -0.00170636 -0.00211196 -0.00184121 -0.00121763 -0.00205043 -0.00178058 -0.00106379 -0.00179918 -0.00214851 -0.00161055 -0.00195028 -0.00125543 -0.000460181 -0.00142898 -0.0017173 -0.0019 -0.00183695 -0.00165072 -0.00217925 -0.00170539 -0.00248823 -0.00142338 -0.00206185 -0.00176835 -0.00235013 -0.00153336 -0.00166024 -0.000925735 -0.00162889 -0.00100259 -0.00216635 -0.00196785 -0.00171125 -0.00165213 -0.00130478 -0.00181213 -0.00173035 -0.00250504 -0.00230093 -0.00179724 
