0.127088 0.00213189 0.00207858 0.00239878 0.002639 0.0023951 -0.0011402 -0.0012714 -0.000871878 -0.00126895 -0.00154836 -0.00158016 -0.00178733 -0.00169773 -0.00257366 -0.00129601 -0.00221895 -0.00211166 -0.00180081 -0.00296384 -0.00243898 -0.00200386 -0.00287343 -0.00142136 -0.00250326 -0.00146307 -0.00168864 -0.00129067 -0.00221314 -0.00243911 -0.00165129 -0.00154905 -0.00171928 -0.00149539 -0.00116444 -0.00198088 -0.00146937 -0.00173785 -0.00194827 -0.0022743 -0.00140492 -0.00187624 -0.00126544 -0.00267946 -0.00117058 -0.00224194 -0.00188916 -0.0011039 -0.000884837 -0.00129337 -0.00144448 -0.00136128 -0.00165207 -0.00229783 -0.00152065 -0.00166474 -0.0007562 -0.00149094 -0.00137413 -0.00141651 -0.00156866 -0.00172168 -0.00150962 -0.00188416 -0.00154779 -0.00183404 -0.00123697 -0.00106948 -0.0013653 -0.00152545 -0.000994913 -0.00214196 -0.00110845 -0.00154892 -0.00152273 -0.000332391 -0.00132252 -0.00165017 -0.00150824 -0.00180152 -0.00101579 -0.00196179 -0.00238605 -0.00134898 -0.00119816 -0.000815471 -0.00223309 -0.00139488 -0.00150793 -0.00193822 -0.0018984 -0.000887706 -0.00139978 -0.00149546 -0.00207242 -0.00164244 0.00131263 0.0019433 0.00148934 0.00316032 
0.00213189 0.123225 0.00254143 0.00239297 0.00201059 0.00216011 0.00115578 -0.000785797 -0.00129005 0.000428126 -0.000762224 -0.00178656 -0.0010543 -0.00104453 -0.00192491 -0.00227324 -0.00214822 -0.00186075 -0.00133874 -0.00195845 -0.00192625 -0.00205416 -0.00243054 -0.00202275 -0.00224388 -0.00255509 -0.00156074 -0.00191057 -0.00172812 -0.00143978 -0.00239345 -0.00194381 -0.00118445 -0.001909 -0.001439 -0.00137606 -0.00163081 -0.00136513 -0.00163488 -0.00222356 -0.00108148 -0.00107689 -0.00179362 -0.00223032 -0.00137087 -0.00129623 -0.00156252 -0.00201746 -0.00115177 -0.00163264 -0.00159238 -0.00163665 -0.00194017 -0.00222041 -0.00142293 -0.00206467 -0.000969002 -0.00190023 -0.000812772 -0.00185544 -0.00112027 -0.00169513 -0.00112906 -0.00152975 -0.00140945 -0.00174031 -0.00141915 -0.00135165 -0.00119109 -0.00121298 -0.00142942 -0.0017208 -0.00133247 -0.00129206 -0.000784875 -0.000591552 -0.00127867 -0.00174621 -0.00233199 -0.00143791 -0.00194958 -0.00143703 -0.00179381 -0.00121429 -0.00203113 -0.00190972 -0.00156611 -0.00215712 -0.00185893 -0.00110921 -0.00141044 -0.00131382 -0.00226406 -0.00101849 -0.00182916 -0.00102818 -0.00147624 0.00186059 0.00166661 0.00236743 
0.00207858 0.00254143 0.127813 0.0021154 0.00179819 0.00281476 0.00198961 0.00203195 -0.000951691 -0.000598711 -0.00138076 -0.00135338 -0.00119242 -0.00156295 -0.00274778 -0.00167517 -0.00119821 -0.00211596 -0.00149675 -0.00220056 -0.00204157 -0.00180123 -0.00147787 -0.00183732 -0.00194165 -0.00194776 -0.00251039 -0.0015923 -0.00236217 -0.00183166 -0.00228076 -0.00229313 -0.00131763 -0.00192111 -0.00177006 -0.00266302 -0.00194874 -0.000798547 -0.00253315 -0.00225509 -0.00142861 -0.00190547 -0.00136786 -0.00113548 -0.00183369 -0.00220698 -0.00183543 -0.00202335 -0.00142994 -0.00134953 -0.00173869 -0.00268762 -0.00141007 -0.00139069 -0.00101587 -0.00161231 -0.00168316 -0.00134291 -0.00171428 -0.00186328 -0.00203506 -0.00148627 -0.00104777 -0.00163997 -0.00101473 -0.00164983 -0.00148494 -0.00145606 -0.00204804 -0.00106701 -0.00115662 -0.00148485 -0.00214071 -0.00145171 -0.001174 -0.00179555 -0.00232839 -0.00160748 -0.00133323 -0.00119621 -0.00078555 -0.00176764 -0.00127065 -0.00179447 -0.00123265 -0.00120786 -0.00145159 -0.00193013 -0.00115793 -0.00143798 -0.00122056 -0.00128647 -0.00174867 -0.00141652 -0.00186144 -0.00235481 -0.00130216 -0.0012782 0.00210712 0.00238858 
0.00239878 0.00239297 0.0021154 0.119585 0.00200787 0.00157859 0.00117024 0.00141736 0.00123629 -0.000863986 -0.000911145 -0.00166598 -0.00155873 -0.00142905 -0.00142375 -0.00236853 -0.0024912 -0.00125179 -0.00203386 -0.00166047 -0.00178225 -0.00229179 -0.00170655 -0.00161016 -0.00184528 -0.00191634 -0.00181911 -0.00173677 -0.00239014 -0.00197982 -0.00137907 -0.00112117 -0.00183945 -0.00224943 -0.00122723 -0.00183488 -0.0020808 -0.00188974 -0.00217908 -0.0023008 -0.00151505 -0.00144363 -0.00169363 -0.00130606 -0.00180911 -0.00185392 -0.00160382 -0.00122861 -0.00109753 -0.00152141 -0.00131372 -0.00227417 -0.00132646 -0.00224175 -0.00181897 -0.00165461 -0.00072584 -0.00147204 -0.000763578 -0.00136981 -0.00121628 -0.000387855 -0.000825898 -0.00159492 -0.00154994 -0.00159195 -0.00114165 -0.00151469 -0.00162461 -0.00148022 -0.00105516 -0.00130282 -0.00169479 -0.00134539 -0.00191494 -0.00170666 -0.00155863 -0.00128212 -0.00115933 -0.000808382 -0.000992669 -0.00150653 -0.00124887 -0.00152576 -0.00100854 -0.00159513 -0.00102453 -0.00168489 -0.00199171 -0.00109326 -0.00132141 -0.000896862 -0.00175017 -0.00180323 -0.00167143 -0.00155761 -0.0013839 -0.000328695 -0.00057017 0.00268162 
0.002639 0.00201059 0.00179819 0.00200787 0.119671 0.00254173 0.00277972 0.00192534 0.00164656 0.00205173 -0.00136795 -0.00194861 -0.00190411 -0.00114577 -0.00183 -0.00144059 -0.00126967 -0.00170303 -0.00128734 -0.00166018 -0.00249841 -0.00203598 -0.00145473 -0.00135977 -0.0015207 -0.00268415 -0.002099 -0.00139818 -0.00161138 -0.00179615 -0.00166705 -0.00185042 -0.00146892 -0.00176459 -0.0020729 -0.00237966 -0.00122053 -0.0011932 -0.00109483 -0.00133751 -0.0021711 -0.00192074 -0.00178033 -0.00157479 -0.0010897 -0.00151341 -0.0013619 -0.0018767 -0.00197047 -0.00127623 -0.00121184 -0.00192645 -0.0010124 -0.00212849 -0.00204605 -0.00175063 -0.00110199 -0.00151548 -0.00161389 -0.00129662 -0.00104416 -0.00105108 -0.00174988 -0.00114905 -0.0017485 -0.000828411 -0.000972527 -0.00180304 -0.00152555 -0.0014643 -0.00219446 -0.001612 -0.000820619 -0.00187173 -0.00189856 -0.00135502 -0.00119944 -0.00141376 -0.00146995 -0.00150219 -0.00128478 -0.00109993 -0.001486 -0.00100848 -0.000982099 -0.00234668 -0.0012043 -0.000990756 -0.00150262 -0.00208204 -0.00135408 -0.00121179 -0.00210835 -0.00209903 -0.0014085 -0.00141849 -0.00119653 -0.00146326 -0.000873933 -0.00107151 
0.0023951 0.00216011 0.00281476 0.00157859 0.00254173 0.129555 0.00149959 0.0026804 0.00146618 0.0033504 0.00216994 -0.00145198 -0.000606575 -0.0012758 -0.00161071 -0.00213898 -0.00193006 -0.00201167 -0.00253013 -0.00128799 -0.00222338 -0.00243451 -0.00319878 -0.00281893 -0.00211371 -0.00163443 -0.00243864 -0.00241445 -0.00148988 -0.00264937 -0.00211949 -0.0013953 -0.00201275 -0.00152153 -0.00168408 -0.00146264 -0.00188917 -0.00155601 -0.00158686 -0.00216662 -0.00093072 -0.00192774 -0.000717074 -0.00224243 -0.00182719 -0.00141598 -0.00232187 -0.00167128 -0.00223817 -0.00260419 -0.00169947 -0.00131471 -0.00106277 -0.00162412 -0.00140502 -0.00124333 -0.00190609 -0.00212907 -0.00244668 -0.00180193 -0.00152811 -0.00202269 -0.00153886 -0.00155559 -0.00157931 -0.00126823 -0.00165813 -0.00199729 -0.00106341 -0.00130451 -0.00167393 -0.00155008 -0.000647165 -0.00158406 -0.00148412 -0.00132299 -0.00143978 -0.000771413 -0.00224594 -0.00235397 -0.00141419 -0.00123969 -0.000927134 -0.00142256 -0.00251815 -0.00179494 -0.00166548 -0.00148199 -0.0023224 -0.00227116 -0.00084706 -0.0011299 -0.0018241 -0.00182337 -0.00168869 -0.00225464 -0.00147435 -0.00121321 -0.00124129 -0.000883889 
-0.0011402 0.00115578 0.00198961 0.00117024 0.00277972 0.00149959 0.125532 0.00209585 0.00223978 0.00341794 0.00174696 0.00186463 -0.000727514 -0.00130826 -0.00163761 -0.00197145 -0.00217468 -0.00201388 -0.00178561 -0.00272069 -0.00284888 -0.00180491 -0.00160225 -0.00169708 -0.0022061 -0.0014251 -0.00248895 -0.00146639 -0.002202 -0.00158107 -0.00173041 -0.00215666 -0.000969248 -0.00188797 -0.00139741 -0.00146483 -0.00193067 -0.00185158 -0.00250135 -0.00282772 -0.00155275 -0.00219437 -0.0028692 -0.00180305 -0.00210925 -0.00256895 -0.00175798 -0.00152908 -0.00136955 -0.00170364 -0.00127617 -0.00157882 -0.000942755 -0.00141097 -0.0015091 -0.00118474 -0.00134419 -0.00185449 -0.000778305 -0.00139879 -0.00170394 -0.0013933 -0.00180109 -0.00133586 -0.000850387 -0.00160428 -0.0016724 -0.000853304 -0.00190588 -0.0011934 -0.00144337 -0.00235892 -0.00175214 -0.00170147 -0.00157112 -0.00158054 -0.00150007 -0.000926214 -0.00153331 -0.00108663 -0.00203593 -0.00244645 -0.00205703 -0.00132753 -0.00168206 -0.00164139 -0.00140186 -0.0016382 -0.00152108 -0.00157653 -0.00154277 -0.00136802 -0.00128556 -0.000917297 -0.00104646 -0.00167702 -0.000838445 -0.00109723 -0.00138694 -0.000979614 
-0.0012714 -0.000785797 0.00203195 0.00141736 0.00192534 0.0026804 0.00209585 0.132036 0.00251752 0.00204162 0.00198712 0.00324664 0.00124513 -0.00132833 -0.0029377 -0.0021594 -0.0016137 -0.00209639 -0.00224491 -0.00252462 -0.00247016 -0.00244288 -0.00231133 -0.0010152 -0.00206625 -0.00127174 -0.00186917 -0.00217118 -0.00214242 -0.00172195 -0.00203015 -0.00287921 -0.00234998 -0.00267811 -0.00237542 -0.00168633 -0.00227757 -0.00166075 -0.00256433 -0.00212438 -0.00159799 -0.00157854 -0.00231025 -0.00108317 -0.00224127 -0.0019891 -0.00207286 -0.00194671 -0.00129521 -0.00135809 -0.00162003 -0.00131653 -0.00081914 -0.000756155 -0.00119303 -0.00209677 -0.00111835 -0.00171619 -0.00194407 -0.00182664 -0.00161062 -0.00163864 -0.0021356 -0.00157358 -0.000992203 -0.00184406 -0.00159751 -0.00139904 -0.00137696 -0.00160548 -0.0012032 -0.00116277 -0.00143695 -0.00195998 -0.00154059 -0.00178568 -0.00148207 -0.00101089 -0.00144648 -0.00145808 -0.0020503 -0.00215056 -0.000977414 -0.00144737 -0.00180257 -0.00143471 -0.00155432 -0.00207613 -0.00179302 -0.00132399 -0.00102686 -0.0017207 -0.00180591 -0.0015966 -0.0013812 -0.00200215 -0.00170175 -0.00157585 -0.00110811 -0.00148446 
-0.000871878 -0.00129005 -0.000951691 0.00123629 0.00164656 0.00146618 0.00223978 0.00251752 0.132535 0.00313956 0.00150657 0.00288184 0.00245508 0.00222808 -0.00238935 -0.00147478 -0.00137053 -0.00300759 -0.00211659 -0.00319131 -0.00229734 -0.00162251 -0.00269289 -0.0023125 -0.00320624 -0.00201417 -0.00206255 -0.00217521 -0.00160918 -0.00153255 -0.00174887 -0.00208625 -0.00105912 -0.00238772 -0.00165799 -0.00202619 -0.00142503 -0.00123213 -0.00147202 -0.0020256 -0.00117461 -0.00124826 -0.00214985 -0.00185089 -0.00187244 -0.00209989 -0.00256798 -0.000960512 -0.00122385 -0.00147215 -0.000882154 -0.00167262 -0.00190165 -0.00126408 -0.00102402 -0.00180469 -0.00122234 -0.00152361 -0.00242957 -0.00102386 -0.00177698 -0.00144034 -0.00116616 -0.00185358 -0.00161189 -0.00101556 -0.00206503 -0.00202223 -0.00133048 -0.00285641 -0.00207052 -0.00225593 -0.00170267 -0.00137991 -0.00129588 -0.00208048 -0.00218723 -0.00253117 -0.00216731 -0.00118845 -0.0017733 -0.00113334 -0.00111046 -0.00191718 -0.00103415 -0.00129159 -0.00175483 -0.00168659 -0.00242239 -0.00142094 -0.00165525 -0.00148316 -0.00145812 -0.00226548 -0.00141166 -0.00227385 -0.00142484 -0.000839143 -0.00169455 -0.00112456 
-0.00126895 0.000428126 -0.000598711 -0.000863986 0.00205173 0.0033504 0.00341794 0.00204162 0.00313956 0.12667 0.00208234 0.00252142 0.00196838 0.00184672 -0.00189369 -0.000416929 -0.00200178 -0.00218182 -0.00175652 -0.00260712 -0.00222209 -0.00262341 -0.00158358 -0.000925194 -0.00294957 -0.00250568 -0.00243211 -0.00205941 -0.00177467 -0.00217431 -0.00207021 -0.00160148 -0.00090158 -0.0026607 -0.00159305 -0.00230151 -0.0015349 -0.00221308 -0.00160778 -0.00266853 -0.00142312 -0.00176936 -0.000693172 -0.00109669 -0.00195986 -0.00222211 -0.00160878 -0.00105 -0.00143456 -0.00125934 -0.00178515 -0.00168185 -0.00107883 -0.00197884 -0.00129439 -0.000808077 -0.000641429 -0.00119689 -0.00131037 -0.00202958 -0.00196269 -0.00181688 -0.00187952 -0.00142374 -0.00143158 -0.00174489 -0.00154348 -0.00171638 -0.00152914 -0.00158693 -0.00135868 -0.00139651 -0.00079146 -0.00133102 -0.000265091 -0.00163818 -0.00214786 -0.00199069 -0.00179147 -0.00196804 -0.00153992 -0.00201088 -0.00226082 -0.00176426 -0.00264364 -0.00199341 -0.00206169 -0.00182453 -0.00202279 -0.00174707 -0.00107461 -0.00195153 -0.000883644 -0.00212865 -0.00247275 -0.00232895 -0.00130555 -0.00187502 -0.00118157 -0.000818375 
-0.00154836 -0.000762224 -0.00138076 -0.000911145 -0.00136795 0.00216994 0.00174696 0.00198712 0.00150657 0.00208234 0.132951 0.00310799 0.00322748 0.00277002 0.00244985 0.00180794 -0.00108186 -0.00208914 -0.00204451 -0.00244439 -0.00159557 -0.00204252 -0.00172373 -0.00248974 -0.00214729 -0.000876384 -0.00249767 -0.0016517 -0.00210163 -0.00192631 -0.00186918 -0.00162638 -0.00157305 -0.00246737 -0.00172065 -0.0014905 -0.00194463 -0.00184311 -0.00230742 -0.0021564 -0.00204928 -0.00233152 -0.00191108 -0.00185022 -0.00297359 -0.00260092 -0.000914188 -0.00204291 -0.00236057 -0.0012948 -0.00154678 -0.0015124 -0.00228198 -0.00105872 -0.00175645 -0.00133854 -0.0020259 -0.00107251 -0.000540392 -0.00255749 -0.00204862 -0.00204597 -0.000767979 -0.00105904 -0.00164084 -0.00152619 -0.00092684 -0.00150232 -0.00172778 -0.00147032 -0.00115816 -0.00083259 -0.00166796 -0.00165356 -0.00156784 -0.00182526 -0.00144278 -0.00139001 -0.00166906 -0.00228632 -0.00204682 -0.00283294 -0.00295289 -0.00156951 -0.00252497 -0.00189109 -0.00297451 -0.00221217 -0.00156085 -0.00150473 -0.00186795 -0.00145066 -0.00161731 -0.00180211 -0.000996099 -0.00223141 -0.00110987 -0.00143909 -0.00167307 -0.00163768 
-0.00158016 -0.00178656 -0.00135338 -0.00166598 -0.00194861 -0.00145198 0.00186463 0.00324664 0.00288184 0.00252142 0.00310799 0.142079 0.00414896 0.00220073 0.000857201 0.0031529 0.00312089 -0.00191479 -0.0023315 -0.00304867 -0.00137846 -0.00258597 -0.00170221 -0.00136015 -0.00271589 -0.00153529 -0.00340297 -0.00215061 -0.00263038 -0.00259647 -0.00222366 -0.0027168 -0.00183925 -0.00142435 -0.0018609 -0.00205283 -0.00286378 -0.00179207 -0.00136522 -0.00190131 -0.00248214 -0.00174766 -0.00216423 -0.00159405 -0.00221612 -0.00218761 -0.00172424 -0.00202921 -0.00184875 -0.00232095 -0.00227172 -0.00198706 -0.00181568 -0.00158695 -0.00152096 -0.00171155 -0.00239743 -0.00165417 -0.00147688 -0.0014668 -0.00220238 -0.00171732 -0.00186565 -0.00155568 -0.00103301 -0.00229061 -0.00136703 -0.00200639 -0.00175289 -0.00131351 -0.00147332 -0.00268103 -0.00226851 -0.00207162 -0.00155741 -0.00185227 -0.00134796 -0.00175121 -0.00172898 -0.00181624 -0.00141407 -0.00121647 -0.00171497 -0.00152156 -0.00172094 -0.00218878 -0.00149926 -0.00221751 -0.00143845 -0.00215373 -0.00266464 -0.00150575 -0.00107787 -0.00195807 -0.00222758 -0.00195293 -0.00193434 -0.00158806 -0.0017574 -0.00239192 
-0.00178733 -0.0010543 -0.00119242 -0.00155873 -0.00190411 -0.000606575 -0.000727514 0.00124513 0.00245508 0.00196838 0.00322748 0.00414896 0.135379 0.00352573 0.000966588 0.00194615 0.00233703 -0.00211802 -0.00127431 -0.00223233 -0.00257743 -0.00130096 -0.00233773 -0.00289301 -0.00190666 -0.00135771 -0.00281974 -0.00210566 -0.00146669 -0.00133792 -0.00184509 -0.00208641 -0.00219499 -0.00129958 -0.00149563 -0.00195803 -0.00221794 -0.00210971 -0.00282055 -0.00336815 -0.00255177 -0.00164431 -0.00202043 -0.001773 -0.0014639 -0.00196293 -0.00154712 -0.000939812 -0.00131902 -0.00201625 -0.00251299 -0.00149774 -0.00190397 -0.000799819 -0.00184002 -0.000521748 -0.00149331 -0.000249937 -0.00142018 -0.00141196 -0.0025522 -0.00157153 -0.00117372 -0.00173079 -0.00226483 -0.00121208 -0.00120767 -0.00207784 -0.00188589 -0.00235176 -0.00125598 -0.00159736 -0.00191704 -0.00137974 -0.00117934 -0.00182915 -0.00216129 -0.000922919 -0.00263571 -0.00167792 -0.00210457 -0.00163571 -0.00268083 -0.00196267 -0.00194168 -0.0016492 -0.00273274 -0.00225836 -0.00190521 -0.00190497 -0.0019119 -0.00111149 -0.00179064 -0.00121076 -0.00133095 -0.00142075 -0.00172027 -0.00189099 -0.00158917 -0.00101671 
-0.00169773 -0.00104453 -0.00156295 -0.00142905 -0.00114577 -0.0012758 -0.00130826 -0.00132833 0.00222808 0.00184672 0.00277002 0.00220073 0.00352573 0.147497 0.00183437 0.0030887 0.00270499 0.00144741 0.00217019 -0.00205281 -0.00178375 -0.00179002 -0.00199229 -0.00220961 -0.00233237 -0.00187455 -0.00279082 -0.00113862 -0.00208718 -0.00109386 -0.00241637 -0.00181657 -0.0028058 -0.00205469 -0.0021875 -0.00210434 -0.00288165 -0.00235107 -0.00250286 -0.00256154 -0.0021338 -0.00212978 -0.00206489 -0.00266648 -0.0028908 -0.00221485 -0.00275266 -0.00252321 -0.00161087 -0.00105685 -0.00196829 -0.00215292 -0.00153251 -0.00119648 -0.00123335 -0.001499 -0.00208837 -0.00121065 -0.00209473 -0.0022395 -0.0017986 -0.00123753 -0.00213979 -0.00251908 -0.00273696 -0.00209157 -0.00170671 -0.00219515 -0.00134502 -0.00220534 -0.00117918 -0.00208256 -0.00130486 -0.00171515 -0.000500496 -0.00202575 -0.00123958 -0.00246578 -0.0017041 -0.00227326 -0.00200801 -0.00156255 -0.00274198 -0.00168517 -0.00280898 -0.00173504 -0.00134129 -0.00272197 -0.00256306 -0.0017943 -0.00267663 -0.00135047 -0.00103117 -0.00156095 -0.00309817 -0.00126192 -0.00201537 -0.00215037 -0.00226796 -0.00159147 
-0.00257366 -0.00192491 -0.00274778 -0.00142375 -0.00183 -0.00161071 -0.00163761 -0.0029377 -0.00238935 -0.00189369 0.00244985 0.000857201 0.000966588 0.00183437 0.139262 0.00369233 0.00312781 0.00239431 0.00342415 0.00393461 -0.000982636 -0.00146114 -0.00102973 -0.000848407 -0.00259051 -0.00154513 -0.00202268 -0.00170023 -0.00204959 -0.00183779 -0.00268155 -0.00145408 -0.00185403 -0.00198058 -0.00227682 -0.00288419 -0.00197592 -0.00241232 -0.00300343 -0.00256181 -0.00179942 -0.00164794 -0.00173997 -0.00170427 -0.00134738 -0.00131599 -0.00182042 -0.00217836 -0.00150105 -0.00197502 -0.00170423 -0.00137995 -0.00167041 -0.00121592 -0.00189095 -0.000581364 -0.00129524 -0.00188045 -0.0016956 -0.00168839 -0.00136322 -0.00125228 -0.00227816 -0.00213778 -0.00170509 -0.00185913 -0.00253231 -0.00184949 -0.00135973 -0.00123635 -0.00169043 -0.00158363 -0.00112168 -0.00182149 -0.00182088 -0.00172353 -0.00152324 -0.00316553 -0.00235224 -0.00196825 -0.0021683 -0.00234038 -0.00123826 -0.000857025 -0.0011657 -0.00238956 -0.00205365 -0.00206535 -0.00156593 -0.00171049 -0.00201623 -0.00202345 -0.00117486 -0.00130751 -0.00113518 -0.00117433 -0.00133036 -0.00197746 -0.00281421 -0.0009364 
-0.00129601 -0.00227324 -0.00167517 -0.00236853 -0.00144059 -0.00213898 -0.00197145 -0.0021594 -0.00147478 -0.000416929 0.00180794 0.0031529 0.00194615 0.0030887 0.00369233 0.145456 0.00244148 0.00203856 0.00316948 0.00202634 -0.00110814 -0.00169112 -0.00228368 -0.00140164 -0.00255029 -0.00294143 -0.000901603 -0.00149899 -0.00218481 -0.00202183 -0.00263983 -0.00114926 -0.00159168 -0.00208281 -0.0019101 -0.00121528 -0.00246716 -0.00226483 -0.00201562 -0.00235373 -0.00198359 -0.00222099 -0.00209644 -0.00088024 -0.00140058 -0.00284906 -0.00224349 -0.00260039 -0.00220651 -0.00189404 -0.00191352 -0.00146191 -0.00253297 -0.00207786 -0.00166972 -0.00142765 -0.00255821 -0.000957742 -0.00109432 -0.00223762 -0.000964415 -0.0020818 -0.00270536 -0.00151956 -0.00201598 -0.00116973 -0.00226215 -0.00196565 -0.00138415 -0.00249728 -0.00112637 -0.00174759 -0.00109807 -0.00106199 -0.00148202 -0.0022328 -0.00121308 -0.00238765 -0.00193226 -0.00216771 -0.00156302 -0.00288437 -0.0019063 -0.00141853 -0.00209038 -0.00203265 -0.00236402 -0.00212768 -0.00198148 -0.00392102 -0.00202554 -0.00196568 -0.00162339 -0.00171358 -0.00226885 -0.00173906 -0.00283361 -0.00126397 -0.000924526 -0.00136097 
-0.00221895 -0.00214822 -0.00119821 -0.0024912 -0.00126967 -0.00193006 -0.00217468 -0.0016137 -0.00137053 -0.00200178 -0.00108186 0.00312089 0.00233703 0.00270499 0.00312781 0.00244148 0.143272 0.00271801 0.00313294 0.00350666 0.00280105 0.00290395 -0.000740278 -0.00244585 -0.00132446 -0.00233733 -0.00225326 -0.00228262 -0.00194467 -0.00312967 -0.00186822 -0.00129444 -0.00237345 -0.00254542 -0.00213581 -0.000866102 -0.00212128 -0.00219975 -0.00349364 -0.00175055 -0.00249178 -0.00184233 -0.00145698 -0.00175945 -0.000961094 -0.00227668 -0.00226087 -0.00119747 -0.00058054 -0.00234118 -0.00172203 -0.00109348 -0.00167757 -0.00177386 -0.00205572 -0.00136656 -0.00229317 -0.0015762 -0.00215936 -0.0025553 -0.00215325 -0.00166713 -0.00185437 -0.00180629 -0.00228627 -0.00189169 -0.00192912 -0.000683206 -0.00174376 -0.00145251 -0.00304002 -0.00252725 -0.00183142 -0.0013464 -0.00169855 -0.00227825 -0.0020365 -0.00253795 -0.00254097 -0.00250276 -0.00156717 -0.00295368 -0.00188418 -0.00215735 -0.00207281 -0.00180922 -0.00170973 -0.00242631 -0.00171912 -0.00232421 -0.00214364 -0.00254124 -0.00169529 -0.00251963 -0.00231172 -0.00227446 -0.00168584 -0.00181846 -0.00164834 -0.000949436 
-0.00211166 -0.00186075 -0.00211596 -0.00125179 -0.00170303 -0.00201167 -0.00201388 -0.00209639 -0.00300759 -0.00218182 -0.00208914 -0.00191479 -0.00211802 0.00144741 0.00239431 0.00203856 0.00271801 0.134906 0.00271637 0.00293556 0.00269205 0.00251738 0.00189645 -0.00109073 -0.00186835 -0.00283147 -0.00190413 -0.00156655 -0.00245903 -0.00204125 -0.00165617 -0.00236088 -0.00205579 -0.0017764 -0.0012068 -0.0017668 -0.00181593 -0.00194062 -0.00212718 -0.00133114 -0.00201958 -0.00125528 -0.00175652 -0.00145929 -0.00170523 -0.00104304 -0.00161459 -0.000837311 -0.00122322 -0.000907192 -0.00154554 -0.000955922 -0.00179538 -0.0014983 -0.00137663 -0.00125031 -0.000806434 -0.00149249 -0.00149173 -0.00147866 -0.00141657 -0.00239085 -0.00158493 -0.00168441 -0.00218266 -0.00139848 -0.0018868 -0.00251853 -0.00109348 -0.00172997 -0.00269524 -0.00187334 -0.00167279 -0.0014289 -0.00186893 -0.00156963 -0.00185054 -0.00145789 -0.00168092 -0.00208059 -0.00110078 -0.00169558 -0.00174432 -0.00159773 -0.00144113 -0.00194 -0.00114895 -0.00170674 -0.00221153 -0.00199114 -0.00127709 -0.00211265 -0.00189092 -0.00158368 -0.00170876 -0.00161988 -0.00249639 -0.00159356 -0.00179738 -0.00174987 
-0.00180081 -0.00133874 -0.00149675 -0.00203386 -0.00128734 -0.00253013 -0.00178561 -0.00224491 -0.00211659 -0.00175652 -0.00204451 -0.0023315 -0.00127431 0.00217019 0.00342415 0.00316948 0.00313294 0.00271637 0.151201 0.00412516 0.00284064 0.00258463 0.00294218 -0.000938786 -0.00141695 -0.00167298 -0.00222751 -0.00291582 -0.00356248 -0.00240929 -0.00133608 -0.00193825 -0.00195246 -0.00268028 -0.00134786 -0.00191452 -0.00222169 -0.00142672 -0.00244202 -0.0023355 -0.00262023 -0.00269966 -0.00329165 -0.00204293 -0.00238761 -0.00216256 -0.0016325 -0.00144642 -0.00122348 -0.00171627 -0.00163986 -0.00224678 -0.00171801 -0.0019284 -0.00206903 -0.00203034 -0.00192402 -0.00161535 -0.00171043 -0.00283558 -0.00128321 -0.00132688 -0.00225295 -0.00175688 -0.00204784 -0.00173204 -0.00187148 -0.00132091 -0.00166925 -0.00167313 -0.00251994 -0.00285343 -0.00201583 -0.00166419 -0.00163447 -0.00122603 -0.00230628 -0.00173909 -0.00280286 -0.00189506 -0.00183046 -0.00271129 -0.00151931 -0.00129058 -0.0016709 -0.00168651 -0.00217287 -0.00238172 -0.00150356 -0.00305194 -0.00267061 -0.00302816 -0.00108685 -0.00248509 -0.00127603 -0.00205315 -0.00211717 -0.00184674 -0.00217334 -0.00243724 
-0.00296384 -0.00195845 -0.00220056 -0.00166047 -0.00166018 -0.00128799 -0.00272069 -0.00252462 -0.00319131 -0.00260712 -0.00244439 -0.00304867 -0.00223233 -0.00205281 0.00393461 0.00202634 0.00350666 0.00293556 0.00412516 0.144061 0.00280163 0.0025324 0.00284024 0.00257835 0.0026685 -0.00140658 -0.00219481 -0.00198232 -0.00274352 -0.00274284 -0.00112945 -0.00139967 -0.00255409 -0.00267522 -0.00104718 -0.00229134 -0.0016269 -0.00180366 -0.00224939 -0.00160718 -0.00287267 -0.00163323 -0.00166149 -0.00187707 -0.0019578 -0.00240803 -0.00177675 -0.0021333 -0.00113721 -0.00261 -0.00286855 -0.00150901 -0.00176983 -0.0011562 -0.001536 -0.00130113 -0.00119285 -0.00213829 -0.00150258 -0.00196723 -0.00104058 -0.00153858 -0.00175405 -0.00109123 -0.00169697 -0.00208922 -0.00206793 -0.00180281 -0.0017575 -0.00173163 -0.00206442 -0.00223411 -0.00204196 -0.00156626 -0.0015696 -0.00205336 -0.00305655 -0.000951877 -0.00294315 -0.00300794 -0.00258931 -0.00233826 -0.00230715 -0.00205351 -0.00218896 -0.00207821 -0.00189985 -0.00203045 -0.00170433 -0.00215146 -0.00167179 -0.00162179 -0.00153767 -0.00188094 -0.0016909 -0.000996708 -0.0015817 -0.00139154 -0.002022 -0.00119706 
-0.00243898 -0.00192625 -0.00204157 -0.00178225 -0.00249841 -0.00222338 -0.00284888 -0.00247016 -0.00229734 -0.00222209 -0.00159557 -0.00137846 -0.00257743 -0.00178375 -0.000982636 -0.00110814 0.00280105 0.00269205 0.00284064 0.00280163 0.149406 0.00454516 0.00514305 0.00244896 0.00330844 0.00391895 -0.00187932 -0.00224413 -0.00170168 -0.00223835 -0.00155778 -0.00205777 -0.00192733 -0.00230424 -0.000866999 -0.0020686 -0.00244588 -0.000858646 -0.00134526 -0.000722822 -0.00262786 -0.00141016 -0.0026952 -0.00301878 -0.00184681 -0.00222917 -0.00141189 -0.00212046 -0.00137648 -0.0017284 -0.00260829 -0.00128946 -0.00082341 -0.00170225 -0.00218918 -0.0023228 -0.00155554 -0.00240676 -0.00285091 -0.0025583 -0.00155403 -0.00238618 -0.00191887 -0.00196057 -0.00247976 -0.00296411 -0.00193318 -0.00263269 -0.00263388 -0.00201976 -0.00234662 -0.00256691 -0.00258417 -0.00212149 -0.00234022 -0.00137115 -0.00215329 -0.00197806 -0.00183715 -0.00299904 -0.00224953 -0.00174585 -0.0017996 -0.00171005 -0.00229477 -0.00181805 -0.00205165 -0.000947525 -0.00153356 -0.0019632 -0.00172572 -0.00218285 -0.00127466 -0.00141223 -0.00182937 -0.0026422 -0.00126615 -0.00319195 -0.00195722 -0.00236276 
-0.00200386 -0.00205416 -0.00180123 -0.00229179 -0.00203598 -0.00243451 -0.00180491 -0.00244288 -0.00162251 -0.00262341 -0.00204252 -0.00258597 -0.00130096 -0.00179002 -0.00146114 -0.00169112 0.00290395 0.00251738 0.00258463 0.0025324 0.00454516 0.146266 0.00365797 0.00268619 0.00254695 0.0024816 -0.00250556 -0.000763606 -0.00182204 -0.00305395 -0.00243097 -0.00204995 -0.001343 -0.00286746 -0.00205928 -0.00157607 -0.0010366 -0.00157065 -0.00230155 -0.00164728 -0.00114525 -0.00182121 -0.00241551 -0.00294223 -0.00173711 -0.00149161 -0.00232369 -0.00181378 -0.0016482 -0.00193679 -0.00250992 -0.00139588 -0.00175444 -0.00165484 -0.00192187 -0.00133051 -0.00215316 -0.00237857 -0.00187294 -0.00191909 -0.00209974 -0.00225213 -0.00217509 -0.0021402 -0.00232467 -0.00173372 -0.00220289 -0.00234175 -0.00184642 -0.00188883 -0.00287769 -0.00114419 -0.00151466 -0.00203731 -0.0022522 -0.00190147 -0.00183975 -0.00156748 -0.00155694 -0.00214302 -0.00176609 -0.00160112 -0.00219745 -0.00148156 -0.00165509 -0.00175122 -0.00186473 -0.0016846 -0.00163739 -0.00152033 -0.00220948 -0.00219066 -0.00132346 -0.0017389 -0.00238151 -0.0021481 -0.00166677 -0.00132435 -0.00225129 -0.00130659 
-0.00287343 -0.00243054 -0.00147787 -0.00170655 -0.00145473 -0.00319878 -0.00160225 -0.00231133 -0.00269289 -0.00158358 -0.00172373 -0.00170221 -0.00233773 -0.00199229 -0.00102973 -0.00228368 -0.000740278 0.00189645 0.00294218 0.00284024 0.00514305 0.00365797 0.144387 0.0035962 0.00345492 0.00297012 0.00364711 -0.00159048 -0.00209009 -0.00206859 -0.00193662 -0.00291351 -0.00194305 -0.00287721 -0.00212543 -0.00203334 -0.0019593 -0.00158761 -0.00285155 -0.000821609 -0.00219114 -0.00120688 -0.00189761 -0.00178816 -0.00184911 -0.00160846 -0.00230748 -0.00195894 -0.00157411 -0.00263787 -0.00243076 -0.0021682 -0.00168931 -0.00107394 -0.00220893 -0.00267747 -0.000902571 -0.00185743 -0.00209202 -0.00161752 -0.00185414 -0.00153413 -0.00228608 -0.00224169 -0.00232725 -0.00207078 -0.00142997 -0.0020514 -0.00257207 -0.00226512 -0.00265442 -0.00189436 -0.00121223 -0.0020875 -0.00221344 -0.00313129 -0.00131151 -0.00203866 -0.00173585 -0.00209583 -0.00148334 -0.00235827 -0.00202655 -0.00174816 -0.00130242 -0.00176376 -0.00156139 -0.000297837 -0.000476961 -0.00281111 -0.00244788 -0.00218879 -0.00203623 -0.0010175 -0.00222403 -0.00212639 -0.0015693 -0.00181232 -0.00234216 -0.00225527 
-0.00142136 -0.00202275 -0.00183732 -0.00161016 -0.00135977 -0.00281893 -0.00169708 -0.0010152 -0.0023125 -0.000925194 -0.00248974 -0.00136015 -0.00289301 -0.00220961 -0.000848407 -0.00140164 -0.00244585 -0.00109073 -0.000938786 0.00257835 0.00244896 0.00268619 0.0035962 0.141833 0.00258807 0.00301174 0.00186031 0.00175444 -0.00116513 -0.00170476 -0.00245639 -0.00247677 -0.00216123 -0.00304997 -0.00178464 -0.0015604 -0.00157829 -0.000509467 -0.00144785 -0.00167572 -0.00177463 -0.00176968 -0.00166166 -0.00227552 -0.00163633 -0.00235767 -0.00284225 -0.00242155 -0.00179192 -0.00218324 -0.00327496 -0.0018329 -0.00184508 -0.00106434 -0.00175633 -0.00136947 -0.00146298 -0.00215211 -0.00221853 -0.0017079 -0.00162675 -0.00196663 -0.00182263 -0.00201426 -0.00148354 -0.00149754 -0.00124852 -0.000916623 -0.00132958 -0.00158069 -0.00136276 -0.00159337 -0.00196479 -0.00171722 -0.00248473 -0.00127603 -0.00256051 -0.00139193 -0.00124658 -0.00234786 -0.000789749 -0.00186839 -0.00154188 -0.00205781 -0.00245676 -0.00248666 -0.00191324 -0.000899485 -0.00122912 -0.00215775 -0.00248295 -0.00160155 -0.000854473 -0.00175726 -0.00177204 -0.00192644 -0.00158078 -0.00218105 -0.00165768 -0.00204205 
-0.00250326 -0.00224388 -0.00194165 -0.00184528 -0.0015207 -0.00211371 -0.0022061 -0.00206625 -0.00320624 -0.00294957 -0.00214729 -0.00271589 -0.00190666 -0.00233237 -0.00259051 -0.00255029 -0.00132446 -0.00186835 -0.00141695 0.0026685 0.00330844 0.00254695 0.00345492 0.00258807 0.143129 0.00345403 0.00283725 0.00244957 0.0034102 0.00278923 -0.00106013 -0.00154087 -0.00132723 -0.00256851 -0.002583 -0.00140399 -0.00159665 -0.002833 -0.00169745 -0.00177437 -0.00277522 -0.00168703 -0.0019361 -0.00237539 -0.00229483 -0.00211107 -0.00358702 -0.00221828 -0.00179008 -0.00103947 -0.00255482 -0.000936605 -0.00198517 -0.00206347 -0.00235988 -0.00175102 -0.00189886 -0.00158885 -0.00219928 -0.00212334 -0.00134906 -0.00239399 -0.00201516 -0.00268511 -0.00203894 -0.00159329 -0.00161403 -0.001249 -0.00151752 -0.000936064 -0.00151488 -0.00142281 -0.00159039 -0.00210607 -0.00266648 -0.00183833 -0.00133248 -0.00190501 -0.00147991 -0.0020736 -0.00190317 -0.00136561 -0.00238105 -0.00196231 -0.00233472 -0.00208456 -0.0017007 -0.00112848 -0.00108584 -0.00179791 -0.00221651 -0.00211835 -0.00211389 -0.0018232 -0.00153588 -0.00160665 -0.00246952 -0.00180041 -0.00120624 -0.00156847 
-0.00146307 -0.00255509 -0.00194776 -0.00191634 -0.00268415 -0.00163443 -0.0014251 -0.00127174 -0.00201417 -0.00250568 -0.000876384 -0.00153529 -0.00135771 -0.00187455 -0.00154513 -0.00294143 -0.00233733 -0.00283147 -0.00167298 -0.00140658 0.00391895 0.0024816 0.00297012 0.00301174 0.00345403 0.140432 0.00361739 0.00263241 0.00317196 0.00199147 0.00208656 -0.00246517 -0.00145962 -0.00244069 -0.00259017 -0.0022348 -0.00149939 -0.00169278 -0.00202995 -0.00210425 -0.00164728 -0.00173122 -0.00119387 -0.00212256 -0.00244994 -0.00186068 -0.00221424 -0.000979236 -0.00206883 -0.00204918 -0.00258885 -0.00138675 -0.00324589 -0.00216097 -0.00245864 -0.00161357 -0.00211775 -0.00213788 -0.00230681 -0.00187151 -0.00186307 -0.00155664 -0.00281908 -0.00187196 -0.00119035 -0.00249443 -0.00244422 -0.00140391 -0.00170525 -0.00135784 -0.00131284 -0.000993369 -0.00300895 -0.00187824 -0.00199555 -0.00209478 -0.0018628 -0.00110571 -0.00150459 -0.00202726 -0.00115523 -0.00146529 -0.00134869 -0.00190483 -0.00237813 -0.00245248 -0.00196558 -0.0013615 -0.001752 -0.00204154 -0.00211034 -0.00276224 -0.00234625 -0.00115254 -0.0016998 -0.0010583 -0.00156657 -0.00180855 -0.00197133 -0.00245713 
-0.00168864 -0.00156074 -0.00251039 -0.00181911 -0.002099 -0.00243864 -0.00248895 -0.00186917 -0.00206255 -0.00243211 -0.00249767 -0.00340297 -0.00281974 -0.00279082 -0.00202268 -0.000901603 -0.00225326 -0.00190413 -0.00222751 -0.00219481 -0.00187932 -0.00250556 0.00364711 0.00186031 0.00283725 0.00361739 0.144708 0.00255754 0.00276846 0.00316369 0.00273475 0.00215057 -0.00165976 -0.00142534 -0.00220714 -0.00174078 -0.0021706 -0.00127836 -0.00202706 -0.00120896 -0.00143418 -0.00114975 -0.00140685 -0.00141319 -0.00268983 -0.00202175 -0.00196668 -0.00213236 -0.00136098 -0.0025545 -0.00250744 -0.00181326 -0.00172176 -0.0020526 -0.00192222 -0.00297174 -0.00156155 -0.00221538 -0.0024778 -0.00188546 -0.00178916 -0.0016081 -0.00157893 -0.00179387 -0.00176957 -0.00118167 -0.00144513 -0.00119015 -0.00178066 -0.0021508 -0.00126468 -0.00197869 -0.000882041 -0.00145737 -0.00200626 -0.00170668 -0.00287425 -0.00258531 -0.00143257 -0.00177452 -0.00195387 -0.00162967 -0.00189412 -0.00133362 -0.00226083 -0.00119895 -0.00187266 -0.000785998 -0.00108401 -0.0018211 -0.00137327 -0.00255339 -0.0016786 -0.00137029 -0.00193703 -0.00161641 -0.00191467 -0.00170193 -0.00253837 -0.00192944 
-0.00129067 -0.00191057 -0.0015923 -0.00173677 -0.00139818 -0.00241445 -0.00146639 -0.00217118 -0.00217521 -0.00205941 -0.0016517 -0.00215061 -0.00210566 -0.00113862 -0.00170023 -0.00149899 -0.00228262 -0.00156655 -0.00291582 -0.00198232 -0.00224413 -0.000763606 -0.00159048 0.00175444 0.00244957 0.00263241 0.00255754 0.130259 0.00238653 0.00230002 0.00188331 0.00214067 0.00260367 -0.00140644 -0.00188479 -0.00138965 -0.00158409 -0.00132852 -0.00201559 -0.00151635 -0.00272369 -0.00173176 -0.00159605 -0.00163263 -0.00155035 -0.00156881 -0.0020762 -0.00179614 -0.00237965 -0.00137273 -0.00207479 -0.00206209 -0.00207557 -0.0013543 -0.00185141 -0.00175965 -0.00214486 -0.0012433 -0.0017459 -0.000942526 -0.00171529 -0.00140235 -0.00141419 -0.00211137 -0.00214355 -0.00198379 -0.00153917 -0.00128304 -0.00178091 -0.0015708 -0.00122643 -0.00123463 -0.00152063 -0.000921314 -0.00212017 -0.0016867 -0.00156066 -0.00266589 -0.000916672 -0.000852533 -0.00164178 -0.00151877 -0.00158482 -0.0014861 -0.00173194 -0.00233556 -0.00211157 -0.00191117 -0.00179834 0.000353164 -0.00136797 -0.00191898 -0.00221274 -0.000862886 -0.00122087 -0.00115737 -0.00112436 -0.00148039 -0.00182368 -0.00176684 
-0.00221314 -0.00172812 -0.00236217 -0.00239014 -0.00161138 -0.00148988 -0.002202 -0.00214242 -0.00160918 -0.00177467 -0.00210163 -0.00263038 -0.00146669 -0.00208718 -0.00204959 -0.00218481 -0.00194467 -0.00245903 -0.00356248 -0.00274352 -0.00170168 -0.00182204 -0.00209009 -0.00116513 0.0034102 0.00317196 0.00276846 0.00238653 0.139761 0.00251944 0.00319125 0.00208549 0.00253654 0.00197548 -0.00180988 -0.000518584 -0.00163765 -0.000249514 -0.000747319 -0.00259719 -0.00068619 -0.00201238 -0.00192566 -0.00205957 -0.00179284 -0.00134182 -0.00140343 -0.00260352 -0.00233493 -0.00167244 -0.00210359 -0.00136329 -0.00209272 -0.00120397 -0.00194151 -0.00253299 -0.00235318 -0.00158319 -0.00159302 -0.00200905 -0.00209904 -0.00189865 -0.00142601 -0.00182538 -0.00144711 -0.00209478 -0.00197163 -0.000948875 -0.00134754 -0.00110469 -0.00157743 -0.00171455 -0.00261649 -0.00205475 -0.00171584 -0.00136077 -0.00124924 -0.00197089 -0.00179143 -0.00126906 -0.00186879 -0.00133275 -0.00239441 -0.0018799 -0.000916892 -0.00183638 -0.00163393 -0.00214163 -0.0014528 -0.00215343 -0.00161176 -0.00117284 -0.00168015 -0.00215983 -0.00202983 -0.00199506 -0.00191667 -0.00224878 -0.0017639 -0.00243141 
-0.00243911 -0.00143978 -0.00183166 -0.00197982 -0.00179615 -0.00264937 -0.00158107 -0.00172195 -0.00153255 -0.00217431 -0.00192631 -0.00259647 -0.00133792 -0.00109386 -0.00183779 -0.00202183 -0.00312967 -0.00204125 -0.00240929 -0.00274284 -0.00223835 -0.00305395 -0.00206859 -0.00170476 0.00278923 0.00199147 0.00316369 0.00230002 0.00251944 0.134395 0.00180938 0.00240853 0.00198647 0.00338141 -0.00168049 -0.00113298 -0.00168748 -0.00202683 -0.00180869 -0.000742517 -0.00170304 -0.0013937 -0.00160238 -0.00261867 -0.00121676 -0.00240386 -0.00179075 -0.00145523 -0.00216478 -0.00182556 -0.00248262 -0.00144007 -0.00206604 -0.00178316 -0.00190288 -0.00214486 -0.000850669 -0.00141969 -0.00101329 -0.00214623 -0.00253545 -0.00160778 -0.000775479 -0.00197775 -0.00227737 -0.00165482 -0.00209108 -0.00108319 -0.00133867 -0.00190811 -0.00106915 -0.00208353 -0.00207424 -0.00190382 -0.0018544 -0.0015181 -0.00138951 -0.0024978 -0.00122319 -0.0015603 -0.00136868 -0.00131327 -0.0013545 -0.00106751 -0.000949794 -0.000993324 -0.00201613 -0.00157945 -0.00113838 -0.00189008 -0.000863391 -0.00207687 -0.0022097 -0.0013571 -0.0012594 -0.00141533 -0.00132726 -0.00156324 -0.000870245 -0.00185529 
-0.00165129 -0.00239345 -0.00228076 -0.00137907 -0.00166705 -0.00211949 -0.00173041 -0.00203015 -0.00174887 -0.00207021 -0.00186918 -0.00222366 -0.00184509 -0.00241637 -0.00268155 -0.00263983 -0.00186822 -0.00165617 -0.00133608 -0.00112945 -0.00155778 -0.00243097 -0.00193662 -0.00245639 -0.00106013 0.00208656 0.00273475 0.00188331 0.00319125 0.00180938 0.136288 0.00321329 0.00252608 0.00287783 0.00256437 0.00171067 -0.00122079 -0.000614374 -0.000572261 -0.00119864 -0.00206616 -0.00196991 -0.00131048 -0.00156698 -0.00181578 -0.00153738 -0.00184823 -0.00136333 -0.00184054 -0.00208098 -0.00159201 -0.0018024 -0.00304623 -0.00260361 -0.00211932 -0.00196374 -0.00211331 -0.00139447 -0.00179409 -0.00158436 -0.00143811 -0.00193074 -0.00257954 -0.00175548 -0.00189645 -0.00164521 -0.00183294 -0.00214019 -0.00167394 -0.0010186 -0.00120841 -0.00113921 -0.00175256 -0.00202657 -0.00197756 -0.0023226 -0.00247424 -0.00235008 -0.0013882 -0.00248297 -0.00162908 -0.00156383 -0.00274006 -0.00111585 -0.00117169 -0.00174046 -0.00233386 -0.00145726 -0.00170808 -0.00162794 -0.00146756 -0.00224702 -0.00255912 -0.00127712 -0.00215956 -0.00187335 -0.00211548 -0.000983601 -0.000846126 -0.00203669 
-0.00154905 -0.00194381 -0.00229313 -0.00112117 -0.00185042 -0.0013953 -0.00215666 -0.00287921 -0.00208625 -0.00160148 -0.00162638 -0.0027168 -0.00208641 -0.00181657 -0.00145408 -0.00114926 -0.00129444 -0.00236088 -0.00193825 -0.00139967 -0.00205777 -0.00204995 -0.00291351 -0.00247677 -0.00154087 -0.00246517 0.00215057 0.00214067 0.00208549 0.00240853 0.00321329 0.130965 0.00248625 0.00334725 0.00204663 0.00290825 0.00174243 -0.00129272 -0.00106656 -0.00220882 -0.00153018 -0.0010074 -0.00149157 -0.00227768 -0.00154615 -0.00179763 -0.001267 -0.00160952 -0.00212222 -0.0014534 -0.00135997 -0.00152852 -0.00163972 -0.00182906 -0.00163685 -0.00109549 -0.00138513 -0.00179575 -0.00223623 -0.00106472 -0.00159196 -0.00138213 -0.0014002 -0.00154258 -0.00238043 -0.00163114 -0.00146759 -0.00228466 -0.00120228 -0.00145621 -0.00246495 -0.00219957 -0.00201966 -0.00236179 -0.00220002 -0.000741581 -0.0016542 -0.000551523 -0.00216501 -0.00206776 -0.00226322 -0.00132457 -0.0011859 -0.00153862 -0.00184558 -0.00136983 -0.00212665 -0.00123289 -0.00172149 -0.00174931 -0.00192098 -0.0013874 -0.00177882 -0.00144955 -0.00161251 -0.00187681 -0.00248116 -0.00194353 -0.00136766 -0.00208703 
-0.00171928 -0.00118445 -0.00131763 -0.00183945 -0.00146892 -0.00201275 -0.000969248 -0.00234998 -0.00105912 -0.00090158 -0.00157305 -0.00183925 -0.00219499 -0.0028058 -0.00185403 -0.00159168 -0.00237345 -0.00205579 -0.00195246 -0.00255409 -0.00192733 -0.001343 -0.00194305 -0.00216123 -0.00132723 -0.00145962 -0.00165976 0.00260367 0.00253654 0.00198647 0.00252608 0.00248625 0.127398 0.00184402 0.00146144 0.0024896 0.00111493 0.00195014 -0.00202206 -0.00106956 -0.000631098 -0.0016409 -0.00170327 -0.0012123 -0.00162648 -0.0021149 -0.00149881 -0.00168694 -0.00137321 -0.00175919 -0.00132592 -0.0019178 -0.00198177 -0.000912411 -0.00140911 -0.00234485 -0.0021305 -0.00171528 -0.00162578 -0.00222717 -0.00205043 -0.00158615 -0.00130767 -0.00133241 -0.00161065 -0.00243674 -0.0025762 -0.00163829 -0.00164523 -0.0012434 -0.000743576 -0.00229466 -0.00189405 -0.00216701 -0.0019679 -0.00183889 -0.0017422 -0.000735496 -0.00136512 -0.00174462 -0.00139694 -0.00131337 -0.0018778 -0.0019837 -0.00136499 -0.00152279 -0.00233069 -0.00162511 -0.00139798 -0.00235649 -0.00146037 -0.00106641 -0.00209545 -0.00142167 -0.00117171 -0.000626358 -0.00155856 -0.00152934 -0.00152671 -0.00148214 
