0.125121 0.00192485 0.00327112 0.00233512 0.00229123 0.00134324 -0.00130623 -0.00203413 -0.00129074 -0.00141553 -0.00143295 -0.00206706 -0.00162092 -0.0022976 -0.0018544 -0.00212061 -0.00154284 -0.00212181 -0.00247852 -0.00253124 -0.00145057 -0.00233116 -0.00155438 -0.00124786 -0.00270019 -0.00122504 -0.00160596 -0.00216754 -0.00168493 -0.00189732 -0.00166854 -0.0023895 -0.00180802 -0.0017679 -0.00207683 -0.00102128 -0.00273701 -0.00208562 -0.00183182 -0.00193514 -0.00136228 -0.00109638 -0.00140444 -0.00231047 -0.00147075 -0.00185173 -0.00116773 -0.00145905 -0.00154017 -0.00118022 -0.00166588 -0.00151264 -0.00134472 -0.00193941 -0.00162888 -0.0013463 -0.00222098 -0.00166766 -0.000909823 -0.0012657 -0.00171709 -0.00157619 -0.00159835 -0.0014849 -0.00188474 -0.00186508 -0.00171007 -0.00233373 -0.00188394 -0.00135871 -0.00180259 -0.000902952 -0.00130893 -0.00155132 -0.000726436 -0.00183003 -0.000932393 -0.00222291 -0.00122985 -0.00157449 -0.00207212 -0.00135414 -0.00164388 -0.00141779 -0.00194306 -0.00105543 -0.0013717 -0.00172143 -0.000524181 -0.000711814 -0.00125003 -0.00102406 -0.00133122 0.000447319 -0.00103907 -0.00157395 0.0022743 0.00185929 0.00217232 0.00213508 
0.00192485 0.127082 0.00176293 0.00184451 0.00230735 0.00203736 0.00269226 -0.000618646 -0.000804664 -0.00178854 -0.00125557 -0.0022208 -0.00205892 -0.0018706 -0.00179829 -0.00140976 -0.00182225 -0.00206248 -0.00117081 -0.00275964 -0.00202885 -0.00204562 -0.00193523 -0.00189994 -0.00288122 -0.00185148 -0.00297517 -0.00260801 -0.00196625 -0.00212507 -0.00161634 -0.00210169 -0.000873798 -0.00162612 -0.00147611 -0.00207439 -0.00121787 -0.000621806 -0.00186338 -0.0023481 -0.00193157 -0.00134219 -0.00232859 -0.00150198 -0.00148865 -0.00134041 -0.00170975 -0.00121912 -0.00164963 -0.00191948 -0.00120569 -0.00152222 -0.00147638 -0.00109257 -0.00178223 -0.00137569 -0.00170277 -0.00110381 -0.00131912 -0.00155722 -0.00156898 -0.00135112 -0.00117166 -0.00116074 -0.00121111 -0.00193242 -0.00108553 -0.0017228 -0.00201357 -0.00140983 -0.00140482 -0.00235385 -0.00193027 -0.00176054 -0.000387392 -0.0010114 -0.00129015 -0.00183265 -0.00126342 -0.00222198 -0.001615 -0.00118434 -0.00160634 -0.00125269 -0.00168184 -0.00197543 -0.000483921 -0.00174037 -0.00124514 -0.00138225 -0.00147776 -0.00193136 -0.00220044 -0.00111092 -0.00141304 -0.00128051 -0.000935136 0.00219351 0.00208164 0.00102075 
0.00327112 0.00176293 0.12071 0.00222944 0.00231447 0.00284362 0.00249205 0.0019967 -0.00052011 -0.00114349 -0.00173033 -0.00274378 -0.00223701 -0.00223096 -0.00164966 -0.00197504 -0.00167272 -0.00153151 -0.00192508 -0.00155296 -0.00188976 -0.00137502 -0.00145931 -0.00169328 -0.00196297 -0.00161593 -0.00117253 -0.00160437 -0.00113975 -0.00257844 -0.000922966 -0.00113006 -0.00165902 -0.00219999 -0.00206959 -0.000751885 -0.00194542 -0.00159133 -0.00199295 -0.00231524 -0.00107292 -0.00149953 -0.00234847 -0.00246296 -0.00198487 -0.00131104 -0.000938312 -0.00233202 -0.00131068 -0.00138541 -0.00155606 -0.00185567 -0.00149207 -0.00134082 -0.00137127 -0.00129963 -0.00195957 -0.000980901 -0.00160437 -0.00177382 -0.00194781 -0.0022632 -0.00154313 -0.00117538 -0.00127392 -0.00176913 -0.00138129 -0.000724061 -0.00164028 -0.00152287 -0.00127138 -0.000801052 -0.00106152 -0.00151627 -0.00129454 -0.00116671 -0.00165797 -0.00155795 -0.00149641 -0.00152323 -0.00127886 -0.00212558 -0.00143323 -0.00176014 -0.00167197 -0.00072889 -0.00168057 -0.00121895 -0.00151834 -0.000883052 -0.00147534 -0.00129907 -0.00167181 -0.00133173 -0.00131898 -0.00193385 -0.00216781 -0.0012213 0.00179761 0.00175207 
0.00233512 0.00184451 0.00222944 0.121646 0.002177 0.0027202 0.00198921 0.00222817 0.00104444 -0.00128324 -0.00172117 -0.00195917 -0.00144768 -0.00176957 -0.00125562 -0.0014313 -0.00210881 -0.00239521 -0.00198207 -0.002075 -0.00231556 -0.00245072 -0.00235149 -0.00169754 -0.00155173 -0.000987527 -0.00149636 -0.00179092 -0.00155867 -0.00224102 -0.00184331 -0.00172814 -0.00143863 -0.00116687 -0.00152331 -0.00116551 -0.00175525 -0.00141507 -0.00125505 -0.00173431 -0.00136663 -0.000707976 -0.00144836 -0.00168746 -0.00136593 -0.00100378 -0.00106688 -0.00136394 -0.00158766 -0.00127191 -0.0019569 -0.00130998 -0.00163327 -0.000846583 -0.00124651 -0.00206557 -0.00183847 -0.00187003 -0.00212848 -0.000947742 -0.00138507 -0.0019899 -0.000443419 -0.00193103 -0.00151308 -0.00191174 -0.00166591 -0.00241496 -0.00188883 -0.00159581 -0.00211926 -0.000903741 -0.000624101 -0.00107919 -0.00150614 -0.00060683 -0.00110126 -0.00139895 -0.00122914 -0.0010344 -0.00256947 -0.00187573 -0.000835696 -0.00136319 -0.00192689 -0.00190376 -0.0015963 -0.00120911 -0.0014828 -0.00190593 -0.000945793 -0.0025487 -0.00132656 -0.0014427 -0.00143229 -0.00151183 -0.0014858 -0.00133412 -0.00142455 0.00186003 
0.00229123 0.00230735 0.00231447 0.002177 0.123544 0.00207396 0.00144449 0.00146523 0.00192228 0.00197856 -0.00122847 -0.00202129 -0.00106187 -0.00158274 -0.00155738 -0.00151488 -0.00149056 -0.0011478 -0.00207726 -0.00212167 -0.00177166 -0.00248778 -0.00240689 -0.00212575 -0.0022798 -0.00221484 -0.00197765 -0.00115391 -0.00133944 -0.00191665 -0.00139735 -0.00196961 -0.000492699 -0.000841841 -0.00120725 -0.00160039 -0.00197222 -0.00143128 -0.00163672 -0.0020664 -0.00238 -0.00135294 -0.00122262 -0.00132903 -0.00213348 -0.00190428 -0.00150652 -0.00212126 -0.00183876 -0.00105629 -0.00148376 -0.00190565 -0.00200027 -0.00173667 -0.00157872 -0.00136171 -0.00201547 -0.00130537 -0.0012922 -0.00176126 -0.000818086 -0.00194492 -0.00168941 -0.000692141 -0.00131206 -0.000711477 -0.000961751 -0.00157403 -0.000566665 -0.00103184 -0.00224973 -0.00110293 -0.00198231 -0.00148244 -0.00175232 -0.00129611 -0.000833696 -0.00170569 -0.00179801 -0.00154204 -0.00155951 -0.00111336 -0.00163758 -0.00187288 -0.00120071 -0.00114687 -0.00195669 -0.00102376 -0.00169347 -0.00175055 -0.00202152 -0.00153798 -0.00112816 -0.0018038 -0.00178112 -0.00114742 -0.00160709 -0.00208825 -0.00169795 -0.00132178 
0.00134324 0.00203736 0.00284362 0.0027202 0.00207396 0.13167 0.00410473 0.0027745 0.00134271 0.00248029 0.00103363 -0.00139705 -0.00122109 -0.00139907 -0.00209128 -0.0016865 -0.0013044 -0.00189322 -0.00241931 -0.00202647 -0.00201389 -0.00269294 -0.0019256 -0.00201686 -0.00170413 -0.00145154 -0.00132815 -0.00136642 -0.00139159 -0.00249969 -0.00180829 -0.00191983 -0.00215025 -0.00216079 -0.00143785 -0.00109534 -0.0016795 -0.00266446 -0.00135759 -0.00223381 -0.0013114 -0.000936612 -0.00162237 -0.00153 -0.00196226 -0.00161394 -0.00158517 -0.0016876 -0.00204752 -0.00123382 -0.00107649 -0.00186338 -0.0017609 -0.00137017 -0.00168752 -0.00120232 -0.00197202 -0.00216246 -0.00156428 -0.00248015 -0.00224831 -0.00272345 -0.00162641 -0.00146109 -0.00160522 -0.00140926 -0.00235583 -0.00195547 -0.00196433 -0.00294799 -0.00185016 -0.00173683 -0.00124638 -0.00172275 -0.00201497 -0.00215066 -0.0013818 -0.00180242 -0.00168719 -0.00213823 -0.00119059 -0.00084477 -0.00239848 -0.00118331 -0.00184461 -0.00128702 -0.00134566 -0.00148111 -0.00194744 -0.00189861 -0.00170323 -0.00134683 -0.00207618 -0.0020484 -0.00231161 -0.0019886 -0.00114904 -0.00154122 -0.00104868 -0.000752947 
-0.00130623 0.00269226 0.00249205 0.00198921 0.00144449 0.00410473 0.131724 0.00283346 0.00231188 0.00187659 0.00253372 0.00199987 -0.00161364 -0.00129035 -0.00137283 -0.00128504 -0.00139212 -0.0022457 -0.00118323 -0.00200072 -0.000999504 -0.00175285 -0.00108442 -0.00199514 -0.00217427 -0.00100405 -0.00163763 -0.00180408 -0.00182144 -0.00206857 -0.00208964 -0.00222115 -0.00236741 -0.00208682 -0.00181163 -0.00230619 -0.00183256 -0.00223363 -0.00202502 -0.00181276 -0.00178693 -0.00197734 -0.00259275 -0.00108998 -0.00176063 -0.00191048 -0.000821908 -0.00119691 -0.00222859 -0.00235612 -0.0014413 -0.0025267 -0.00154532 -0.0023489 -0.00172964 -0.00153671 -0.00215402 -0.00169443 -0.00148762 -0.0020556 -0.00129507 -0.00246574 -0.00158719 -0.00219451 -0.00166818 -0.00142355 -0.00156824 -0.00182004 -0.00145758 -0.0020251 -0.00170931 -0.0017934 -0.000684269 -0.00225891 -0.000884788 -0.00173628 -0.00175768 -0.00183608 -0.00100003 -0.0019657 -0.00205047 -0.00199612 -0.00085591 -0.0019367 -0.00146036 -0.00183687 -0.0015423 -0.00230495 -0.00183364 -0.00190853 -0.00223352 -0.0025592 -0.00196841 -0.00207616 -0.00109989 -0.00152596 -0.00201929 -0.00161286 -0.001401 -0.00158796 
-0.00203413 -0.000618646 0.0019967 0.00222817 0.00146523 0.0027745 0.00283346 0.133349 0.00257604 0.00314953 0.0022302 0.00302733 0.0028988 -0.000755104 -0.00139288 -0.00155729 -0.00227277 -0.00205732 -0.00165015 -0.00237309 -0.00177497 -0.0016336 -0.00239679 -0.00137549 -0.00147281 -0.00225943 -0.00154166 -0.00150725 -0.00152821 -0.00309097 -0.000984016 -0.00231636 -0.00221964 -0.00327103 -0.00123637 -0.00211792 -0.00126761 -0.00226504 -0.00188972 -0.000864673 -0.0016076 -0.00085278 -0.00302207 -0.00171263 -0.00239895 -0.00105983 -0.00197321 -0.00245955 -0.00145843 -0.00251928 -0.00158171 -0.00184593 -0.00225637 -0.0018262 -0.00185499 -0.00104986 -0.0017844 -0.00161457 -0.00172675 -0.00205619 -0.00205283 -0.00238432 -0.00158824 -0.00164906 -0.00132749 -0.00171684 -0.00200727 -0.00209928 -0.00191591 -0.0018094 -0.00203319 -0.00171639 -0.00188073 -0.00145399 -0.00153164 -0.00203897 -0.0018275 -0.00187869 -0.00159761 -0.00254391 -0.00237771 -0.00111259 -0.0012265 -0.00186842 -0.00197994 -0.0017554 -0.00206152 -0.00155604 -0.00169703 -0.00188253 -0.00215857 -0.0017502 -0.00224159 -0.00154157 -0.00168824 -0.000763761 -0.00136266 -0.00174335 -0.00123854 -0.00108313 
-0.00129074 -0.000804664 -0.00052011 0.00104444 0.00192228 0.00134271 0.00231188 0.00257604 0.128435 0.00244312 0.00221106 0.00252353 0.00174904 0.00269171 -0.00234751 -0.00133086 -0.00171026 -0.00266362 -0.00133879 -0.00144778 -0.00212397 -0.00181045 -0.00252979 -0.00180036 -0.00143681 -0.00264701 -0.00180626 -0.00254835 -0.0016055 -0.00183451 -0.00191725 -0.00195416 -0.00181702 -0.00240102 -0.00166258 -0.00127061 -0.00193764 -0.00206108 -0.000967686 -0.00173573 -0.000808819 -0.00106541 -0.00191535 -0.00133241 -0.00164855 -0.00172253 -0.00205441 -0.00158009 -0.00160995 -0.00206159 -0.00135202 -0.00169199 -0.00134592 -0.000800837 -0.00132836 -0.00116214 -0.00147294 -0.0015377 -0.0008095 -0.00178708 -0.0023138 -0.00133902 -0.00153984 -0.00210367 -0.00123682 -0.00120793 -0.00108721 -0.00194139 -0.00175121 -0.00270279 -0.00141453 -0.00114746 -0.00119325 -0.00113552 -0.00177213 -0.00180988 -0.00120521 -0.00219873 -0.00216248 -0.00190974 -0.00232793 -0.00138284 -0.00151286 -0.00167944 -0.00167103 -0.00129475 -0.00275174 -0.00181209 -0.00163751 -0.00164131 -0.00191102 -0.00163991 -0.00144808 -0.00267784 -0.00196357 -0.00156202 -0.00205695 -0.00190793 -0.00135301 -0.00143668 
-0.00141553 -0.00178854 -0.00114349 -0.00128324 0.00197856 0.00248029 0.00187659 0.00314953 0.00244312 0.128267 0.00256487 0.00280715 0.00269045 0.0018266 -0.00175819 -0.00019516 -0.00206795 -0.00247377 -0.0020783 -0.00108622 -0.00248393 -0.00176559 -0.00227947 -0.00246478 -0.00253132 -0.00216322 -0.00240682 -0.00133612 -0.00278006 -0.00236647 -0.00240128 -0.00172097 -0.00194637 -0.00237234 -0.00108156 -0.00166241 -0.0013289 -0.00149539 -0.00187881 -0.000986351 -0.00164757 -0.00188227 -0.00158748 -0.00113451 -0.00157506 -0.00168042 -0.00175734 -0.00117993 -0.00211877 -0.00191898 -0.00147131 -0.00152654 -0.00162722 -0.00138351 -0.00147885 -0.00126341 -0.00135951 -0.00150703 -0.000929882 -0.00171893 -0.000944073 -0.00139897 -0.00165066 -0.0015266 -0.0011517 -0.00150145 -0.00218737 -0.00150684 -0.00134875 -0.0017683 -0.0013711 -0.00148987 -0.000604829 -0.00167864 -0.000962469 -0.00106926 -0.000785541 -0.00157391 -0.00164281 -0.00169469 -0.0022808 -0.00152217 -0.00190371 -0.00233185 -0.00214321 -0.0017733 -0.00171913 -0.00164737 -0.00155714 -0.00175935 -0.00197025 -0.00233089 -0.00229452 -0.00189993 -0.00174397 -0.00152973 -0.00173337 -0.00154769 -0.00134798 -0.00169869 
-0.00143295 -0.00125557 -0.00173033 -0.00172117 -0.00122847 0.00103363 0.00253372 0.0022302 0.00221106 0.00256487 0.137071 0.00373363 0.0024224 0.00260899 0.00263825 0.00197644 -0.00169314 -0.00128858 -0.000847457 -0.00189281 -0.00176983 -0.00229615 -0.0021819 -0.00168058 -0.00261094 -0.00239529 -0.00243754 -0.00248655 -0.00266567 -0.00202066 -0.00219323 -0.00178478 -0.00216695 -0.00203553 -0.00113549 -0.00210951 -0.00240249 -0.00155964 -0.00133361 -0.00178741 -0.00151046 -0.00263791 -0.00231264 -0.00206402 -0.00277755 -0.00250568 -0.00256 -0.00225618 -0.000927395 -0.00165959 -0.00194855 -0.0017507 -0.00134542 -0.00172028 -0.00148114 -0.00126072 -0.00232867 -0.00116254 -0.00143487 -0.00151313 -0.00194112 -0.00175883 -0.000917644 -0.00188139 -0.00188658 -0.00149622 -0.002529 -0.00154967 -0.00202228 -0.00199241 -0.00216799 -0.00185421 -0.00110256 -0.00226053 -0.00201641 -0.00203622 -0.00122164 -0.00143606 -0.00145354 -0.00159452 -0.00215416 -0.000754938 -0.00122156 -0.00172809 -0.00209228 -0.00135941 -0.00289609 -0.0020623 -0.00175071 -0.00148654 -0.00217141 -0.00159104 -0.00186311 -0.00237915 -0.0014576 -0.00153983 -0.0014858 -0.0017255 -0.00216262 -0.000721384 
-0.00206706 -0.0022208 -0.00274378 -0.00195917 -0.00202129 -0.00139705 0.00199987 0.00302733 0.00252353 0.00280715 0.00373363 0.139386 0.00263521 0.00341387 0.0032466 0.0023229 0.00215168 -0.00059154 -0.00165233 -0.00221243 -0.00130159 -0.00247176 -0.00214694 -0.00228194 -0.00169358 -0.00326514 -0.0014984 -0.00217572 -0.00197866 -0.00178639 -0.00248052 -0.00263141 -0.00298368 -0.00263267 -0.00118448 -0.0031787 -0.00199438 -0.00169083 -0.00317562 -0.00169381 -0.00244645 -0.00179939 -0.0020969 -0.00158947 -0.00194856 -0.00135485 -0.00169835 -0.00109076 -0.00247767 -0.00149331 -0.00142483 -0.00193494 -0.00137702 -0.00154602 -0.00147208 -0.00131498 -0.00125666 -0.00217216 -0.00180253 -0.00155438 -0.00130414 -0.00147406 -0.00115408 -0.00263155 -0.00135187 -0.00204051 -0.00144499 -0.00138905 -0.00196521 -0.0012909 -0.00216442 -0.00158966 -0.00153615 -0.00119863 -0.00202049 -0.00168751 -0.0022927 -0.00179811 -0.00177878 -0.00124299 -0.00155969 -0.00203558 -0.00193376 -0.00201173 -0.00269986 -0.00197498 -0.00203833 -0.00142856 -0.00135991 -0.00139125 -0.00221597 -0.00208395 -0.00258809 -0.0021497 -0.0023494 -0.00212101 -0.00215393 -0.00143413 -0.00154848 -0.00185031 
-0.00162092 -0.00205892 -0.00223701 -0.00144768 -0.00106187 -0.00122109 -0.00161364 0.0028988 0.00174904 0.00269045 0.0024224 0.00263521 0.131734 0.0015695 0.0016197 0.00265917 0.00184384 -0.0014471 -0.00226973 -0.00108965 -0.00182458 -0.00145657 -0.00250906 -0.0015302 -0.00286571 -0.00176205 -0.00222168 -0.00172506 -0.00244076 -0.00179869 -0.00196633 -0.00247322 -0.00127592 -0.00187659 -0.00134473 -0.00121666 -0.00198389 -0.00221186 -0.00190155 -0.00142565 -0.00142263 -0.00222279 -0.00157688 -0.00104446 -0.00171125 -0.00204519 -0.000722925 -0.000972968 -0.000945885 -0.00173356 -0.00169897 -0.00270066 -0.00146007 -0.00124713 -0.00110765 -0.00163328 -0.00118924 -0.000944288 -0.0017376 -0.00166308 -0.00185092 -0.00181704 -0.00191527 -0.00216356 -0.00108958 -0.000956358 -0.00198624 -0.00152236 -0.00142694 -0.00195622 -0.00186114 -0.002053 -0.00178722 -0.00191624 -0.00194682 -0.00186545 -0.00108856 -0.0012871 -0.00242735 -0.00183895 -0.00149505 -0.00216788 -0.000950759 -0.00197745 -0.00165063 -0.0020017 -0.00175743 -0.00117762 -0.00138367 -0.00161018 -0.00158119 -0.00198739 -0.00262231 -0.00141328 -0.000967991 -0.00108641 -0.00170534 -0.00139084 -0.00245781 -0.00202189 
-0.0022976 -0.0018706 -0.00223096 -0.00176957 -0.00158274 -0.00139907 -0.00129035 -0.000755104 0.00269171 0.0018266 0.00260899 0.00341387 0.0015695 0.137434 0.00289814 0.00106445 0.00246745 0.00216587 0.00328915 -0.00155267 -0.00209941 -0.00264574 -0.00271563 -0.00308537 -0.00318187 -0.00251437 -0.0017235 -0.00129491 -0.00212807 -0.00143591 -0.00234911 -0.00222726 -0.00233301 -0.00245263 -0.00187433 -0.00172915 -0.00261527 -0.00248117 -0.00152845 -0.00216486 -0.00137292 -0.00140268 -0.00145974 -0.00144264 -0.00187595 -0.00106762 -0.00197898 -0.00173728 -0.00253991 -0.00134773 -0.00139877 -0.00147125 -0.00140358 -0.00165321 -0.00195208 -0.00131398 -0.00185322 -0.0014319 -0.00126563 -0.00175844 -0.00118816 -0.00130301 -0.00149131 -0.00141177 -0.0014064 -0.000575863 -0.00237102 -0.00160266 -0.00161919 -0.00161213 -0.00227007 -0.00236033 -0.00207686 -0.00168173 -0.00150672 -0.00274465 -0.00153038 -0.00162054 -0.00215882 -0.00120774 -0.000966375 -0.00117773 -0.00104945 -0.00252738 -0.00202392 -0.00199419 -0.00154242 -0.0018483 -0.00166195 -0.00235162 -0.00219668 -0.00178999 -0.00167493 -0.0022582 -0.00181263 -0.00168495 -0.00211053 -0.00182214 -0.00177917 -0.00236141 
-0.0018544 -0.00179829 -0.00164966 -0.00125562 -0.00155738 -0.00209128 -0.00137283 -0.00139288 -0.00234751 -0.00175819 0.00263825 0.0032466 0.0016197 0.00289814 0.142538 0.00282536 0.00352315 0.00235257 0.00321525 0.00304377 -0.00168068 -0.00242505 -0.00223491 -0.00155366 -0.00212091 -0.00203975 -0.0016542 -0.00205014 -0.00296921 -0.00291171 -0.00244382 -0.00295547 -0.00194175 -0.00150885 -0.00262205 -0.00206134 -0.00260369 -0.001629 -0.00159449 -0.00209327 -0.00249458 -0.00235651 -0.00177298 -0.00183028 -0.00162629 -0.00187224 -0.000930466 -0.00138784 -0.0022683 -0.00225407 -0.00139211 -0.000689949 -0.000798499 -0.00118928 -0.00127221 -0.00158914 -0.00141165 -0.00124321 -0.0016201 -0.00124321 -0.001602 -0.00200685 -0.00123147 -0.00110424 -0.0015429 -0.00206544 -0.00231582 -0.00236453 -0.00235378 -0.00300694 -0.00169403 -0.00211729 -0.00240462 -0.00193426 -0.00166739 -0.00220806 -0.00131218 -0.00200919 -0.00209883 -0.000975109 -0.0014441 -0.00162831 -0.00170232 -0.00195429 -0.00193764 -0.0014534 -0.00193943 -0.00103382 -0.00243096 -0.0013405 -0.00271746 -0.00238977 -0.0021422 -0.00224814 -0.00276088 -0.00199074 -0.00204832 -0.00210034 -0.00198799 -0.00122003 
-0.00212061 -0.00140976 -0.00197504 -0.0014313 -0.00151488 -0.0016865 -0.00128504 -0.00155729 -0.00133086 -0.00019516 0.00197644 0.0023229 0.00265917 0.00106445 0.00282536 0.143641 0.00228024 0.00265041 0.00223139 0.00245346 -0.00207697 -0.00251713 -0.0025551 -0.00213229 -0.00313109 -0.00291836 -0.0027365 -0.00250584 -0.00250607 -0.00143308 -0.00188742 -0.00115048 -0.00262416 -0.00152457 -0.00162732 -0.00215029 -0.00232002 -0.00291897 -0.00215005 -0.001285 -0.00184939 -0.00200357 -0.00186491 -0.0026217 -0.00246877 -0.00218161 -0.00191844 -0.0022093 -0.00208895 -0.00238851 -0.0020265 -0.00174185 -0.00170151 -0.000993691 -0.00118393 -0.00184703 -0.00136854 -0.00160598 -0.00200469 -0.0010608 -0.00106475 -0.000876513 -0.00125932 -0.00230971 -0.00177055 -0.00213171 -0.00167894 -0.00220322 -0.00250489 -0.00254766 -0.00190635 -0.00139569 -0.00198646 -0.00190341 -0.000954651 -0.00133057 -0.00196925 -0.00184469 -0.00275229 -0.0021945 -0.000717373 -0.00227754 -0.00131973 -0.00163005 -0.00136251 -0.00108207 -0.00138698 -0.0014519 -0.00200622 -0.00171043 -0.00230953 -0.00142888 -0.000932673 -0.00172413 -0.00194364 -0.00123913 -0.00174217 -0.00195085 -0.00175475 -0.00176204 
-0.00154284 -0.00182225 -0.00167272 -0.00210881 -0.00149056 -0.0013044 -0.00139212 -0.00227277 -0.00171026 -0.00206795 -0.00169314 0.00215168 0.00184384 0.00246745 0.00352315 0.00228024 0.14377 0.00397866 0.00272654 0.00357991 0.00244745 0.00293025 -0.00109915 -0.00139324 -0.00241139 -0.00302449 -0.00280881 -0.00204882 -0.0028128 -0.00156612 -0.00224062 -0.00186796 -0.0020554 -0.00204695 -0.00249157 -0.00208342 -0.000998974 -0.00339537 -0.00230446 -0.000483866 -0.00187114 -0.00147874 -0.00243949 -0.00252542 -0.00189783 -0.00168703 -0.00220191 -0.00251945 -0.00152136 -0.00131071 -0.00216845 -0.00183169 -0.00199616 -0.00205323 -0.00184023 -0.00246069 -0.00147846 -0.00201793 -0.00208532 -0.00189817 -0.00187457 -0.00114411 -0.00215929 -0.00182104 -0.0022073 -0.00181036 -0.00221825 -0.00201435 -0.00205041 -0.0016185 -0.00245007 -0.00213297 -0.00205755 -0.00165787 -0.00201733 -0.00203396 -0.00148588 -0.00263944 -0.00207572 -0.00213376 -0.00163546 -0.00195782 -0.00164302 -0.0021912 -0.001447 -0.00205302 -0.00146861 -0.00220627 -0.00125612 -0.00151842 -0.00228423 -0.00138055 -0.00233093 -0.00328305 -0.00209073 -0.00163896 -0.00160693 -0.00183064 -0.00103422 -0.00174459 
-0.00212181 -0.00206248 -0.00153151 -0.00239521 -0.0011478 -0.00189322 -0.0022457 -0.00205732 -0.00266362 -0.00247377 -0.00128858 -0.00059154 -0.0014471 0.00216587 0.00235257 0.00265041 0.00397866 0.144719 0.00385705 0.00331206 0.00245676 0.0036269 0.00409863 -0.00199407 -0.00256185 -0.00254074 -0.00249976 -0.00251988 -0.00203186 -0.00218785 -0.00234257 -0.0025937 -0.000755741 -0.00334834 -0.00210639 -0.00168617 -0.00154015 -0.0026187 -0.00252741 -0.00163873 -0.000807881 -0.0019409 -0.00158985 -0.00181705 -0.00260438 -0.00233923 -0.00156644 -0.00228054 -0.00214011 -0.00226816 -0.00171652 -0.000864741 -0.00224765 -0.00208699 -0.00223161 -0.00216757 -0.00177206 -0.00233214 -0.00172332 -0.00154793 -0.00201872 -0.00164587 -0.00122705 -0.0019027 -0.00184496 -0.00191046 -0.00176903 -0.00181873 -0.00180526 -0.00151292 -0.002203 -0.0016377 -0.0020118 -0.001476 -0.00237865 -0.00111429 -0.00240494 -0.0025248 -0.00172543 -0.00123258 -0.000479011 -0.00198998 -0.0018601 -0.00138754 -0.00191642 -0.00119799 -0.0022991 -0.00167082 -0.00146793 -0.00165207 -0.00273948 -0.00165291 -0.00151635 -0.00312866 -0.00184757 -0.00263129 -0.00228538 -0.00145749 -0.00246755 -0.00194645 
-0.00247852 -0.00117081 -0.00192508 -0.00198207 -0.00207726 -0.00241931 -0.00118323 -0.00165015 -0.00133879 -0.0020783 -0.000847457 -0.00165233 -0.00226973 0.00328915 0.00321525 0.00223139 0.00272654 0.00385705 0.146599 0.0035585 0.00143923 0.00286502 0.00166493 -0.00129223 -0.00158449 -0.00244169 -0.00204134 -0.00169352 -0.00249673 -0.00203876 -0.00148538 -0.00146824 -0.00239258 -0.00165605 -0.00310173 -0.00200857 -0.00160451 -0.00219615 -0.00169161 -0.00141532 -0.00172847 -0.00169996 -0.00231539 -0.00243568 -0.00162225 -0.00156504 -0.00212002 -0.00219596 -0.0022651 -0.00151327 -0.00162296 -0.00204608 -0.00226967 -0.00164049 -0.00282134 -0.00253214 -0.00221609 -0.00204371 -0.00158466 -0.00181058 -0.00192213 -0.00241646 -0.00226115 -0.00151654 -0.00200282 -0.0019451 -0.00197868 -0.00248048 -0.0022927 -0.00202069 -0.00260851 -0.00195229 -0.00252273 -0.00259806 -0.00176352 -0.00235975 -0.00162246 -0.00175038 -0.00220887 -0.00183235 -0.00181044 -0.00257683 -0.00224698 -0.0014382 -0.0016881 -0.00141663 -0.00129696 -0.00139251 -0.00210214 -0.00114462 -0.00123712 -0.00251897 -0.000881445 -0.00223244 -0.00151553 -0.000826648 -0.00135554 -0.00147523 -0.00242116 -0.00208169 
-0.00253124 -0.00275964 -0.00155296 -0.002075 -0.00212167 -0.00202647 -0.00200072 -0.00237309 -0.00144778 -0.00108622 -0.00189281 -0.00221243 -0.00108965 -0.00155267 0.00304377 0.00245346 0.00357991 0.00331206 0.0035585 0.143837 0.00302282 0.00181187 0.0028324 0.00224499 0.00287594 -0.00266613 -0.0014862 -0.00170162 -0.00236415 -0.00209331 -0.0020055 -0.00162952 -0.00152525 -0.0016064 -0.00214243 -0.0021551 -0.00203093 -0.00260645 -0.0017682 -0.000995705 -0.00168948 -0.00179797 -0.00276125 -0.00288808 -0.000912633 -0.002676 -0.00201722 -0.00163277 -0.00241024 -0.00162707 -0.00209563 -0.00243981 -0.00140499 -0.00191457 -0.00182004 -0.0012552 -0.00161063 -0.000901974 -0.00127247 -0.00177475 -0.000783593 -0.00225755 -0.00194444 -0.00137793 -0.00222292 -0.00246774 -0.00245561 -0.00228832 -0.00252843 -0.00174471 -0.00276648 -0.00182895 -0.00246179 -0.00222435 -0.00228227 -0.0012552 -0.00129182 -0.00170263 -0.00240543 -0.00207359 -0.00151677 -0.00136568 -0.00208194 -0.00258005 -0.000599646 -0.00215346 -0.00114409 -0.00177985 -0.0019903 -0.00177807 -0.00263725 -0.00233845 -0.00189364 -0.00231382 -0.00296356 -0.00247915 -0.00237534 -0.001741 -0.00180139 -0.00227305 
-0.00145057 -0.00202885 -0.00188976 -0.00231556 -0.00177166 -0.00201389 -0.000999504 -0.00177497 -0.00212397 -0.00248393 -0.00176983 -0.00130159 -0.00182458 -0.00209941 -0.00168068 -0.00207697 0.00244745 0.00245676 0.00143923 0.00302282 0.138686 0.00316396 0.00353609 0.00265704 0.00327579 0.00241951 -0.00103399 -0.00074153 -0.00130461 -0.000813656 -0.0017877 -0.00174086 -0.00206482 -0.00210496 -0.00187845 -0.00170939 -0.00139626 -0.00299086 -0.00277733 -0.00149505 -0.00228962 -0.00154732 -0.00260175 -0.00214946 -0.00220081 -0.00270803 -0.00125479 -0.00179397 -0.0017662 -0.00185877 -0.000970648 -0.00187702 -0.0019035 -0.00224991 -0.00142882 -0.00163279 -0.00222412 -0.00194928 -0.00223203 -0.00170725 -0.00175744 -0.00241213 -0.00172874 -0.00170452 -0.00198526 -0.00105159 -0.00174235 -0.00145881 -0.00253767 -0.000994298 -0.00156994 -0.00135816 -0.00189598 -0.00162761 -0.00285718 -0.00211112 -0.00139635 -0.0013783 -0.00260792 -0.00192494 -0.00209161 -0.00179909 -0.00169051 -0.00171584 -0.00148974 -0.00122102 -0.00173605 -0.00225119 -0.00134422 -0.00223233 -0.00149466 -0.00161823 -0.0017893 -0.00194071 -0.00202321 -0.00165902 -0.00245469 -0.00161083 -0.00137407 -0.00167635 
-0.00233116 -0.00204562 -0.00137502 -0.00245072 -0.00248778 -0.00269294 -0.00175285 -0.0016336 -0.00181045 -0.00176559 -0.00229615 -0.00247176 -0.00145657 -0.00264574 -0.00242505 -0.00251713 0.00293025 0.0036269 0.00286502 0.00181187 0.00316396 0.149857 0.00457814 0.00242243 0.00295353 0.00220162 -0.00192078 -0.00198222 -0.00233852 -0.00265803 -0.00215443 -0.00371862 -0.00136061 -0.00159676 -0.00155884 -0.00137062 -0.00253486 -0.00178167 -0.00215298 -0.00213217 -0.00248284 -0.0017733 -0.00272053 -0.0023497 -0.000824042 -0.00230868 -0.00145828 -0.00194363 -0.00197198 -0.00171728 -0.00133529 -0.00159341 -0.0015911 -0.00233504 -0.00269833 -0.00123799 -0.00172339 -0.00184355 -0.0016277 -0.00224962 -0.00279675 -0.001959 -0.00201441 -0.00164255 -0.00196443 -0.00129816 -0.00250636 -0.00235591 -0.00186888 -0.00146987 -0.00187777 -0.00196837 -0.00190073 -0.00163348 -0.00241845 -0.00192935 -0.00214848 -0.00161054 -0.00100837 -0.00118518 -0.00180736 -0.00182564 -0.00247571 -0.00196195 -0.00207967 -0.00170474 -0.00137957 -0.00252986 -0.00231741 -0.0012808 -0.00240925 -0.00163997 -0.00167165 -0.00146611 -0.00108065 -0.00168215 -0.00153852 -0.00263869 -0.00212051 -0.00203837 
-0.00155438 -0.00193523 -0.00145931 -0.00235149 -0.00240689 -0.0019256 -0.00108442 -0.00239679 -0.00252979 -0.00227947 -0.0021819 -0.00214694 -0.00250906 -0.00271563 -0.00223491 -0.0025551 -0.00109915 0.00409863 0.00166493 0.0028324 0.00353609 0.00457814 0.144947 0.0029932 0.00344956 0.0033966 0.00300403 -0.00245177 -0.00177002 -0.002146 -0.00229523 -0.0021503 -0.00310927 -0.00181463 -0.00245695 -0.00261864 -0.00211996 -0.0022113 -0.00278083 -0.00223619 -0.00138606 -0.00258196 -0.00252419 -0.00306229 -0.00124638 -0.00248476 -0.00187177 -0.00225313 -0.00166732 -0.00204712 -0.00171626 -0.00192447 -0.00220642 -0.00175279 -0.0010481 -0.00169993 -0.00162371 -0.00215544 -0.00242698 -0.00240726 -0.00280868 -0.00172114 -0.0020739 -0.00187365 -0.00149456 -0.00150499 -0.00165745 -0.00168777 -0.00171732 -0.00181619 -0.00210032 -0.0019235 -0.00171757 -0.0013285 -0.00272888 -0.000821405 -0.000909826 -0.00111725 -0.0007545 -0.00174908 -0.00159723 -0.00188089 -0.0018095 -0.00189265 -0.00111594 -0.00171365 -0.00214743 -0.0011432 -0.0019088 -0.0021208 -0.00194526 -0.00201 -0.00195659 -0.00189026 -0.00237481 -0.0017851 -0.000935909 -0.00164563 -0.00111688 -0.00238975 
-0.00124786 -0.00189994 -0.00169328 -0.00169754 -0.00212575 -0.00201686 -0.00199514 -0.00137549 -0.00180036 -0.00246478 -0.00168058 -0.00228194 -0.0015302 -0.00308537 -0.00155366 -0.00213229 -0.00139324 -0.00199407 -0.00129223 0.00224499 0.00265704 0.00242243 0.0029932 0.138336 0.00288606 0.00204112 0.00201943 0.00285335 -0.00217752 -0.000529963 -0.00199603 -0.00134365 -0.00232782 -0.00204979 -0.00222888 -0.00258425 -0.00170784 -0.00199408 -0.00208836 -0.00285467 -0.00182359 -0.00212578 -0.00219208 -0.00114351 -0.000693286 -0.00163752 -0.000628711 -0.000149393 -0.00161954 -0.00161983 -0.00127313 -0.00171125 -0.00218499 -0.00240591 -0.00188671 -0.00174203 -0.00229949 -0.000977842 -0.00261419 -0.00184581 -0.00222744 -0.00183103 -0.0015823 -0.00189706 -0.00257069 -0.0014433 -0.000801771 -0.00121618 -0.00158714 -0.00218162 -0.00201061 -0.00193729 -0.00193777 -0.00194686 -0.00182144 -0.00158449 -0.00137467 -0.00173093 -0.0013923 -0.00172364 -0.00211259 -0.00182631 -0.00256701 -0.00130374 -0.00140214 -0.00213166 -0.00150735 -0.00154507 -0.00125709 -0.000480152 -0.00157387 -0.00193535 -0.00160955 -0.00209483 -0.00215572 -0.00158052 -0.00121036 -0.000714404 -0.00162534 -0.0013038 
-0.00270019 -0.00288122 -0.00196297 -0.00155173 -0.0022798 -0.00170413 -0.00217427 -0.00147281 -0.00143681 -0.00253132 -0.00261094 -0.00169358 -0.00286571 -0.00318187 -0.00212091 -0.00313109 -0.00241139 -0.00256185 -0.00158449 0.00287594 0.00327579 0.00295353 0.00344956 0.00288606 0.14797 0.00373445 0.00298448 0.00369076 0.00309388 0.00306727 -0.00158536 -0.00099016 -0.00175226 -0.00201937 -0.00200412 -0.00249634 -0.00238802 -0.00225618 -0.00304574 -0.00255586 -0.00156961 -0.00193176 -0.00117173 -0.00253367 -0.00218991 -0.0016791 -0.00211587 -0.00202832 -0.00134915 -0.0011497 -0.00232594 -0.00240979 -0.00193305 -0.00124992 -0.00186072 -0.00128765 -0.000980671 -0.00182339 -0.00175306 -0.00208009 -0.00262034 -0.00242146 -0.00157677 -0.00311108 -0.00161881 -0.00157216 -0.00221033 -0.00277079 -0.00198779 -0.00247254 -0.0018625 -0.00272649 -0.00200869 -0.00196506 -0.00241279 -0.00121631 -0.00193279 -0.00303105 -0.00203219 -0.00155284 -0.00201126 -0.00202059 -0.00280951 -0.00180985 -0.000618764 -0.00210224 -0.00227849 -0.00146588 -0.00216992 -0.00147891 -0.00218942 -0.00209508 -0.00171883 -0.00228392 -0.00203202 -0.00227779 -0.00251016 -0.00123423 -0.00123384 -0.00116483 
-0.00122504 -0.00185148 -0.00161593 -0.000987527 -0.00221484 -0.00145154 -0.00100405 -0.00225943 -0.00264701 -0.00216322 -0.00239529 -0.00326514 -0.00176205 -0.00251437 -0.00203975 -0.00291836 -0.00302449 -0.00254074 -0.00244169 -0.00266613 0.00241951 0.00220162 0.0033966 0.00204112 0.00373445 0.142322 0.00223884 0.00240346 0.00234366 0.00143285 0.00283291 -0.00263417 -0.00182156 -0.00228308 -0.00102516 -0.00239683 -0.00176838 -0.00159413 -0.00352401 -0.00221184 -0.00155943 -0.00142272 -0.00174967 -0.00218221 -0.00125107 -0.00207723 -0.00186011 -0.00159017 -0.00219659 -0.00182607 -0.000977848 -0.00211026 -0.00165841 -0.00171924 -0.00119379 -0.00119043 -0.00235753 -0.00187214 -0.00150863 -0.00228067 -0.00247723 -0.00230114 -0.00196462 -0.00226353 -0.00209943 -0.00140202 -0.00219788 -0.000848252 -0.00190685 -0.00252803 -0.00112831 -0.00191727 -0.00132607 -0.00159891 -0.0016119 -0.00136373 -0.00190699 -0.0019947 -0.00151465 -0.00210702 -0.000999947 -0.00232169 -0.00249181 -0.00177023 -0.00221151 -0.00184619 -0.00160363 -0.00161732 -0.00150572 -0.00259327 -0.000178175 -0.0016371 -0.00136629 -0.00212007 -0.000606166 -0.00116215 -0.00236587 -0.00183011 -0.00192986 -0.00192008 
-0.00160596 -0.00297517 -0.00117253 -0.00149636 -0.00197765 -0.00132815 -0.00163763 -0.00154166 -0.00180626 -0.00240682 -0.00243754 -0.0014984 -0.00222168 -0.0017235 -0.0016542 -0.0027365 -0.00280881 -0.00249976 -0.00204134 -0.0014862 -0.00103399 -0.00192078 0.00300403 0.00201943 0.00298448 0.00223884 0.142713 0.00268975 0.00372465 0.00307028 0.00280889 0.00160666 -0.00182852 -0.00281518 -0.00167133 -0.0014446 -0.00201795 -0.00207747 -0.0017247 -0.00257213 -0.00257008 -0.00199565 -0.00252359 -0.00182497 -0.00140906 -0.00151338 -0.000860428 -0.00129711 -0.0013858 -0.00179916 -0.00149227 -0.00120964 -0.00147586 -0.00160083 -0.00125072 -0.00132703 -0.0021053 -0.00174219 -0.00218882 -0.00138242 -0.0029952 -0.00192428 -0.00152723 -0.00110485 -0.00213991 -0.00175022 -0.00110753 -0.00136612 -0.00172417 -0.0010235 -0.00151287 -0.00223983 -0.00184122 -0.00201981 -0.00192245 -0.00139948 -0.00218855 -0.00162698 -0.00255532 -0.00197092 -0.0012581 -0.00259133 -0.00258198 -0.00173137 -0.00214597 -0.00233181 -0.00111105 -0.00181984 -0.00115843 -0.00244773 -0.00102335 -0.00201587 -0.00251375 -0.00204295 -0.00212906 -0.00249213 -0.00216428 -0.00195886 -0.00198592 -0.00229874 
-0.00216754 -0.00260801 -0.00160437 -0.00179092 -0.00115391 -0.00136642 -0.00180408 -0.00150725 -0.00254835 -0.00133612 -0.00248655 -0.00217572 -0.00172506 -0.00129491 -0.00205014 -0.00250584 -0.00204882 -0.00251988 -0.00169352 -0.00170162 -0.00074153 -0.00198222 -0.00245177 0.00285335 0.00369076 0.00240346 0.00268975 0.142877 0.00226671 0.00251482 0.00293423 0.00314625 0.00228424 -0.000967875 -0.00145305 -0.00125542 -0.00264101 -0.0023404 -0.00181639 -0.00146412 -0.00280708 -0.00133424 -0.00223778 -0.00150748 -0.0016682 -0.00179608 -0.0015099 -0.00121823 -0.000958591 -0.000923187 -0.0016085 -0.00229418 -0.00155659 -0.00220038 -0.00187472 -0.00164118 -0.00282946 -0.00226419 -0.000975225 -0.0023302 -0.00198068 -0.00192889 -0.00204464 -0.00138021 -0.00237632 -0.00264665 -0.00190691 -0.00181022 -0.00189156 -0.002659 -0.00228545 -0.00100309 -0.00107517 -0.00246023 -0.00232632 -0.00138237 -0.00298036 -0.00169256 -0.00190564 -0.00176214 -0.00121632 -0.00192474 -0.00162117 -0.00177333 -0.00224345 -0.0016805 -0.00123445 -0.00095119 -0.00255445 -0.00192168 -0.00248325 -0.00229067 -0.0017557 -0.00191918 -0.00226614 -0.00193333 -0.00168737 -0.00196859 -0.00194391 -0.00205478 
-0.00168493 -0.00196625 -0.00113975 -0.00155867 -0.00133944 -0.00139159 -0.00182144 -0.00152821 -0.0016055 -0.00278006 -0.00266567 -0.00197866 -0.00244076 -0.00212807 -0.00296921 -0.00250607 -0.0028128 -0.00203186 -0.00249673 -0.00236415 -0.00130461 -0.00233852 -0.00177002 -0.00217752 0.00309388 0.00234366 0.00372465 0.00226671 0.139083 0.00320895 0.0023011 0.00263882 0.00282826 0.00229074 -0.00200657 -0.00158082 -0.00210719 -0.00213677 -0.00116711 -0.0023059 -0.00268117 -0.00210357 -0.00156879 -0.00223227 -0.00163264 -0.00163488 -0.001825 -0.00155121 -0.0017922 -0.00178079 -0.00209277 -0.00262444 -0.001475 -0.000342575 -0.00110701 -0.00121018 -0.0015761 -0.00114165 -0.00179165 -0.00268139 -0.00141784 -0.00159687 -0.00167478 -0.00132677 -0.00235837 -0.00151122 -0.00150163 -0.00111709 -0.00167351 -0.00204724 -0.00152916 -0.00151336 -0.0019633 -0.000948408 -0.00236716 -0.00231749 -0.00230957 -0.00170056 -0.0013778 -0.00188463 -0.00183996 -0.000988653 -0.00201151 -0.00145269 -0.00184304 -0.00166489 -0.00128532 -0.001998 -0.00113761 -0.00255498 -0.00113451 -0.0016143 -0.00126189 -0.00237985 -0.00199992 -0.00234785 -0.00214932 -0.00205094 -0.00105158 -0.00192572 
-0.00189732 -0.00212507 -0.00257844 -0.00224102 -0.00191665 -0.00249969 -0.00206857 -0.00309097 -0.00183451 -0.00236647 -0.00202066 -0.00178639 -0.00179869 -0.00143591 -0.00291171 -0.00143308 -0.00156612 -0.00218785 -0.00203876 -0.00209331 -0.000813656 -0.00265803 -0.002146 -0.000529963 0.00306727 0.00143285 0.00307028 0.00251482 0.00320895 0.139946 0.00320429 0.00203986 0.00153921 0.00242162 -0.000880436 -0.00184717 -0.000927129 -0.00144512 -0.00128582 -0.00204493 -0.00123513 -0.00191287 -0.00143948 -0.00173923 -0.00157217 -0.00243777 -0.00249509 -0.00252824 -0.00234501 -0.0013475 -0.00162432 -0.00191959 -0.00114786 -0.0009835 -0.00166855 -0.00195231 -0.00171993 -0.00175482 -0.00199729 -0.00195844 -0.00160385 -0.00230105 -0.00175137 -0.00184258 -0.00159684 -0.00172599 -0.00159961 -0.00168516 -0.00129523 -0.00249406 -0.00202208 -0.00226973 -0.00159274 -0.00233738 -0.0019519 -0.00139893 -0.00165313 -0.00186356 -0.00189379 -0.00182926 -0.00149215 -0.0030997 -0.00111088 -0.000946724 -0.00213448 -0.00163625 -0.00112668 -0.00185124 -0.000874443 -0.00147283 -0.00176752 -0.00142098 -0.00162456 -0.00224666 -0.00140276 -0.00198308 -0.00136761 -0.00231084 -0.00193427 -0.00168442 
-0.00166854 -0.00161634 -0.000922966 -0.00184331 -0.00139735 -0.00180829 -0.00208964 -0.000984016 -0.00191725 -0.00240128 -0.00219323 -0.00248052 -0.00196633 -0.00234911 -0.00244382 -0.00188742 -0.00224062 -0.00234257 -0.00148538 -0.0020055 -0.0017877 -0.00215443 -0.00229523 -0.00199603 -0.00158536 0.00283291 0.00280889 0.00293423 0.0023011 0.00320429 0.134737 0.00259971 0.00201555 0.00201987 0.00240889 0.00234572 -0.00197172 -0.000512937 -0.00219672 -0.00200511 -0.000689102 -0.00151961 -0.00213096 -0.0013137 -0.00162514 -0.00190763 -0.00148418 -0.00153305 -0.00173844 -0.00223812 -0.000998311 -0.00156575 -0.00199685 -0.00135171 -0.00149665 -0.00219377 -0.00228879 -0.00122137 -0.00174654 -0.00194092 -0.00154998 -0.00199232 -0.0010829 -0.000560891 -0.00254612 -0.00161542 -0.0016669 -0.0017366 -0.0022838 -0.00172212 -0.00191364 -0.00150436 -0.00179644 -0.00210808 -0.00192649 -0.00145235 -0.00135007 -0.00188904 -0.00212362 -0.00170806 -0.00179726 -0.00233251 -0.00269548 -0.00163691 -0.00252986 -0.00204549 -0.00127544 -0.0015137 -0.00203993 -0.001738 -0.00111303 -0.00174713 -0.00182204 -0.00227228 -0.00227683 -0.00184107 -0.00237212 -0.00165415 -0.00184723 -0.00159958 
-0.0023895 -0.00210169 -0.00113006 -0.00172814 -0.00196961 -0.00191983 -0.00222115 -0.00231636 -0.00195416 -0.00172097 -0.00178478 -0.00263141 -0.00247322 -0.00222726 -0.00295547 -0.00115048 -0.00186796 -0.0025937 -0.00146824 -0.00162952 -0.00174086 -0.00371862 -0.0021503 -0.00134365 -0.00099016 -0.00263417 0.00160666 0.00314625 0.00263882 0.00203986 0.00259971 0.135156 0.00288396 0.00371301 0.00228339 0.00185814 0.00245917 -0.00107238 -0.00036142 -0.00161637 -0.00197083 -0.00170118 -0.00284916 -0.00156455 -0.00171798 -0.0009049 -0.00206475 -0.00199853 -0.00205912 -0.00167772 -0.00142035 -0.00189712 -0.00197298 -0.00158955 -0.00274866 -0.00126856 -0.00218259 -0.00136983 -0.00229693 -0.00193485 -0.00148624 -0.00130757 -0.00188203 -0.00130656 -0.00158893 -0.00144374 -0.00138551 -0.00161974 -0.00248829 -0.0021879 -0.00190907 -0.00233678 -0.00162989 -0.00108357 -0.00172482 -0.00130731 -0.000664618 -0.00107952 -0.00236452 -0.00229403 -0.0015709 -0.00134348 -0.00172488 -0.00125935 -0.00242497 -0.00188712 -0.00177924 -0.0018269 -0.00234478 -0.00184938 -0.00161639 -0.00104843 -0.00208331 -0.00196885 -0.00191727 -0.00133896 -0.0017591 -0.000894113 -0.00249559 -0.0011096 
-0.00180802 -0.000873798 -0.00165902 -0.00143863 -0.000492699 -0.00215025 -0.00236741 -0.00221964 -0.00181702 -0.00194637 -0.00216695 -0.00298368 -0.00127592 -0.00233301 -0.00194175 -0.00262416 -0.0020554 -0.000755741 -0.00239258 -0.00152525 -0.00206482 -0.00136061 -0.00310927 -0.00232782 -0.00175226 -0.00182156 -0.00182852 0.00228424 0.00282826 0.00153921 0.00201555 0.00288396 0.131753 0.002917 0.00205137 0.00187872 0.00167424 0.00194235 -0.00137426 -0.0012123 -0.000982053 -0.00134051 -0.00197221 -0.00147492 -0.00177634 -0.00120833 -0.00194265 -0.00170219 -0.00137112 -0.00179679 -0.00216479 -0.00199699 -0.00221595 -0.00203245 -0.00206215 -0.00146529 -0.00104732 -0.00150791 -0.00194645 -0.00208065 -0.00274967 -0.00129397 -0.00167169 -0.00161172 -0.00197322 -0.00226331 -0.00162169 -0.00189326 -0.00110275 -0.00192642 -0.0017172 -0.0020169 -0.00124248 -0.00161164 -0.00121199 -0.0008728 -0.00188265 -0.0014251 -0.00177772 -0.00116931 -0.0011815 -0.00177003 -0.00126237 -0.000691916 -0.00114933 -0.00207897 -0.00124686 -0.00151388 -0.00157235 -0.00227732 -0.00160286 -0.00184602 -0.00184579 -0.00229169 -0.00151711 -0.00174095 -0.00197346 -0.00143491 -0.00177394 -0.00219524 
