0.121673 0.0025853 0.00273475 0.00233863 0.00160694 0.00147083 -0.00142508 -0.000487417 -0.00115086 -0.00169668 -0.00183782 -0.0020979 -0.00174359 -0.00241405 -0.00197149 -0.00130629 -0.00207222 -0.00262319 -0.00147842 -0.00228065 -0.00211295 -0.00191425 -0.00246674 -0.00148708 -0.00169425 -0.00195932 -0.00169839 -0.00147409 -0.00221152 -0.00222156 -0.00149392 -0.00144543 -0.00179176 -0.00110459 -0.0015573 -0.00135426 -0.00157349 -0.001463 -0.00127359 -0.00101147 -0.00123685 -0.00224305 -0.00203905 -0.00114566 -0.00238466 -0.0016308 -0.0018139 -0.00183833 -0.00126868 -0.00150566 -0.00186902 -0.00121129 -0.00064568 -0.00140562 -0.00112843 -0.00123975 -0.00116286 -0.000994354 -0.00188933 -0.00203229 -0.00112165 -0.00118568 -0.0014342 -0.00129278 -0.00228681 -0.00134562 -0.00126897 -0.00192487 -0.00180026 -0.002478 -0.00159428 -0.00147048 -0.00145003 -0.000963805 -0.00202637 -0.00122454 -0.001255 -0.00125082 -0.00117807 -0.00154829 -0.00139091 -0.000826232 -0.0013875 -0.00151676 -0.00199152 -0.000927179 -0.00235573 -0.00229065 -0.0010851 -0.00122277 -0.00193314 -0.00189891 -0.00138041 -0.00162282 -0.000783873 -0.000896704 0.00281061 0.00265211 0.00203967 0.0022786 
0.0025853 0.123593 0.00168218 0.00234162 0.00161632 0.00269451 0.00265149 -0.000860306 -0.00154772 -0.00143472 -0.00262787 -0.000918641 -0.00236714 -0.00303056 -0.00211 -0.00194035 -0.00278576 -0.00234628 -0.00197344 -0.00178951 -0.00207147 -0.00170437 -0.00172553 -0.00111697 -0.00191358 -0.0026244 -0.00142918 -0.00201762 -0.000751057 -0.00200588 -0.00214469 -0.00135502 -0.0014049 -0.00125752 -0.00147658 -0.000829582 -0.00182045 -0.000950317 -0.00197025 -0.00159113 -0.0019239 -0.000810615 -0.00135277 -0.00173289 -0.00192946 -0.00119614 -0.00171444 -0.00142499 -0.000748401 -0.00220112 -0.00148652 -0.00188365 -0.00152927 -0.00165663 -0.00148677 -0.0021138 -0.00104282 -0.00181279 -0.0019408 -0.00162378 -0.00136611 -0.00138405 -0.000968137 -0.0013048 -0.00143606 -0.00131547 -0.00133831 -0.00211502 -0.000604684 -0.00150927 -0.00159899 -0.00154979 -0.00202698 -0.0012442 -0.00132916 -0.0003123 -0.00145632 -0.00144279 -0.00185939 -0.00114876 -0.00112381 -0.00189459 -0.00119877 -0.00132438 -0.00189427 -0.00148032 -0.00212437 -0.00146262 -0.00178273 -0.00144878 -0.00162959 -0.00187341 -0.00134643 -0.00095464 -0.00119119 -0.00149181 -0.00148867 0.00190972 0.00125852 0.00219265 
0.00273475 0.00168218 0.128675 0.00258979 0.00249836 0.00172341 0.00218669 0.00198908 -0.000930662 -0.000883696 -0.00133416 -0.00213243 -0.00195404 -0.00210753 -0.00123186 -0.00190188 -0.00267848 -0.00151373 -0.00269754 -0.00150309 -0.00183617 -0.00236599 -0.00181911 -0.00174503 -0.00235265 -0.0016951 -0.00174384 -0.00228933 -0.00188828 -0.0024106 -0.00305344 -0.00215586 -0.00168687 -0.00148732 -0.00236562 -0.00196206 -0.00139974 -0.000968099 -0.00162757 -0.0022692 -0.00137577 -0.00148482 -0.00131971 -0.00212356 -0.00110891 -0.00179922 -0.00111891 -0.00201554 -0.00186329 -0.00129853 -0.00147717 -0.00120451 -0.00126608 -0.00196517 -0.00117584 -0.00131893 -0.00124472 -0.00207605 -0.00133754 -0.00124964 -0.00218192 -0.00147761 -0.00236107 -0.00157811 -0.00118923 -0.00195662 -0.00255921 -0.00160885 -0.00159275 -0.00137731 -0.00166716 -0.00164724 -0.00242655 -0.000814586 -0.0010353 -0.000734325 -0.00197251 -0.000479065 -0.00168956 -0.00209682 -0.000818575 -0.00196789 -0.0013641 -0.000617684 -0.00053411 -0.00162162 -0.00253332 -0.00153311 -0.002638 -0.00176743 -0.00190946 -0.000229046 -0.00170863 -0.00196266 -0.0018531 -0.0011705 -0.000344863 -0.00111305 0.00202914 0.00183941 
0.00233863 0.00234162 0.00258979 0.128353 0.00221548 0.00209835 0.00294066 0.00188229 0.00260834 -0.000635539 -0.000632893 -0.000705527 -0.00137994 -0.00177737 -0.00166249 -0.00153983 -0.00230166 -0.0019106 -0.00267315 -0.00186786 -0.00135931 -0.00146682 -0.00215056 -0.00304739 -0.00187462 -0.00268986 -0.00245922 -0.00153194 -0.001871 -0.0013476 -0.00310485 -0.00207364 -0.00165486 -0.00115731 -0.0014663 -0.00123936 -0.00206835 -0.00170164 -0.00119261 -0.0012669 -0.00103886 -0.00152768 -0.00153283 -0.00162047 -0.00165632 -0.00204141 -0.00182363 -0.00209338 -0.0026052 -0.00199719 -0.00140184 -0.00194127 -0.00202793 -0.00208509 -0.00098783 -0.00116205 -0.00105923 -0.00153359 -0.00201202 -0.00108605 -0.00130596 -0.00173031 -0.00145394 -0.000743324 -0.00179668 -0.00188989 -0.00160828 -0.00197726 -0.00125555 -0.00241269 -0.00230659 -0.000760708 -0.00149424 -0.00151053 -0.000640951 -0.0016049 -0.00176188 -0.00161812 -0.00129681 -0.0012458 -0.000969882 -0.00165084 -0.00195172 -0.00148447 -0.00170426 -0.00107723 -0.00181975 -0.00176474 -0.00113041 -0.00157738 -0.00239511 -0.00195172 -0.00187012 -0.00164522 -0.00185944 -0.00157054 -0.00171656 -0.00195679 -0.000735148 0.000922796 
0.00160694 0.00161632 0.00249836 0.00221548 0.122938 0.00205663 0.00149674 0.00271026 0.00242453 0.00224497 -0.000870388 -0.00121938 -0.00142603 -0.00169971 -0.00150441 -0.00183231 -0.00215704 -0.00145519 -0.00144633 -0.00171286 -0.00116438 -0.00188844 -0.00148499 -0.000716227 -0.0033631 -0.00143437 -0.00169545 -0.00150016 -0.00199965 -0.00219584 -0.00210607 -0.0022848 -0.00197846 -0.00177089 -0.00110081 -0.00173094 -0.00133084 -0.00208052 -0.001275 -0.0016592 -0.00155105 -0.00152314 -0.00179385 -0.00152114 -0.000949805 -0.00194255 -0.0013584 -0.00129148 -0.00187032 -0.000874397 -0.00159013 -0.00134132 -0.00197933 -0.0015681 -0.00182982 -0.00114248 -0.00186665 -0.00255054 -0.000981232 -0.00216355 -0.00214608 -0.00137755 -0.00121675 -0.000984054 -0.00183095 -0.00131747 -0.0013618 -0.00124428 -0.0018207 -0.00151253 -0.00157243 -0.00100007 -0.00223484 -0.00106023 -0.00189805 -0.00205219 -0.00268433 -0.00126302 -0.00187315 -0.00219191 -0.000587637 -0.00160943 -0.00127756 -0.00106504 -0.00151591 -0.00134028 -0.00165165 -0.00152838 -0.00208945 -0.00152411 -0.00149842 -0.00171731 -0.00155865 -0.00101236 -0.000785724 -0.00165314 -0.000913662 -0.00111736 -0.00184123 -0.00110585 
0.00147083 0.00269451 0.00172341 0.00209835 0.00205663 0.132985 0.00251562 0.00238999 0.00243515 0.00229551 0.00200366 -0.00130464 -0.000992269 -0.00179309 -0.000759077 -0.00246984 -0.00243683 -0.00236747 -0.00165801 -0.00204136 -0.00279752 -0.00187798 -0.00185369 -0.000896715 -0.00170045 -0.00112252 -0.00286525 -0.00166016 -0.00116063 -0.0019383 -0.00255037 -0.0019911 -0.00257842 -0.00195189 -0.00168432 -0.00144614 -0.00151242 -0.00149303 -0.000967237 -0.00177441 -0.00113743 -0.00109406 -0.00244203 -0.00178367 -0.00151448 -0.00120656 -0.0022739 -0.00153567 -0.00130085 -0.00175664 -0.00140268 -0.00245351 -0.00104501 -0.0011017 -0.00180971 -0.00179193 -0.00186323 -0.00184009 -0.00185686 -0.00185377 -0.001974 -0.00156948 -0.00179007 -0.00216118 -0.00117116 -0.00101171 -0.00233447 -0.00224155 -0.00183339 -0.00190962 -0.00162649 -0.00193768 -0.00187034 -0.00194975 -0.00125947 -0.00234312 -0.00155103 -0.00227605 -0.00170436 -0.00174955 -0.00207591 -0.00153997 -0.00206528 -0.00130028 -0.00231008 -0.00203439 -0.00174642 -0.00100298 -0.000936781 -0.00100533 -0.00122911 -0.00145191 -0.00203764 -0.00276306 -0.00190908 -0.00190428 -0.0019396 -0.00192394 -0.00170337 -0.00081618 
-0.00142508 0.00265149 0.00218669 0.00294066 0.00149674 0.00251562 0.128876 0.00206303 0.00227627 0.00193103 0.0028194 0.00266082 -0.00112581 -0.0020008 -0.00154174 -0.00237858 -0.00210235 -0.00208025 -0.00292959 -0.00182987 -0.00239343 -0.00187466 -0.00184183 -0.0020996 -0.00280966 -0.00207981 -0.00178055 -0.00243055 -0.00162969 -0.00135266 -0.00215383 -0.00123114 -0.00152415 -0.00206332 -0.00139703 -0.00117865 -0.00214728 -0.00116386 -0.00195783 -0.00214983 -0.00125508 -0.0020385 -0.00222192 -0.00186161 -0.00162609 -0.00126732 -0.00133859 -0.00245637 -0.00125564 -0.0023744 -0.00143322 -0.000959445 -0.00099985 -0.00165086 -0.00204775 -0.001484 -0.00184779 -0.00164906 -0.00143808 -0.00136556 -0.00191912 -0.00158031 -0.00123083 -0.00087067 -0.00189093 -0.00113517 -0.00116477 -0.00114384 -0.00168678 -0.0022964 -0.00186703 -0.00176848 -0.00153464 -0.00166113 -0.0013586 -0.00183635 -0.00189918 -0.00161113 -0.00227528 -0.00115624 -0.00139234 -0.00251507 -0.00175533 -0.00158126 -0.00135915 -0.00158057 -0.00129947 -0.00215503 -0.00205518 -0.00118702 -0.00141165 -0.00210488 -0.00226677 -0.00101165 -0.00234391 -0.00091656 -0.00145268 -0.00134162 -0.00172301 -0.00183352 
-0.000487417 -0.000860306 0.00198908 0.00188229 0.00271026 0.00238999 0.00206303 0.130641 0.00285781 0.00305655 0.00291079 0.00251745 0.00374011 -0.00188361 -0.00169714 -0.00217651 -0.00121382 -0.0013573 -0.00150114 -0.00171028 -0.00199773 -0.0020118 -0.00221088 -0.00158167 -0.00220298 -0.00204501 -0.00201559 -0.00179866 -0.00213032 -0.00241444 -0.00126593 -0.00203932 -0.00187667 -0.00243569 -0.00236704 -0.00135771 -0.00196144 -0.00219229 -0.00173857 -0.00265108 -0.00162877 -0.000769325 -0.00155956 -0.00198105 -0.00306675 -0.00247302 -0.00154324 -0.00157152 -0.00118354 -0.00156342 -0.00195617 -0.00183837 -0.00178317 -0.00105165 -0.00158302 -0.00261886 -0.00177911 -0.00239865 -0.0014708 -0.00156948 -0.00186081 -0.00175463 -0.00150446 -0.000787713 -0.00171583 -0.00189497 -0.00186661 -0.00154945 -0.00219551 -0.00215581 -0.000910554 -0.00117638 -0.00136391 -0.00186508 -0.00218404 -0.00189955 -0.00188914 -0.0023535 -0.00127671 -0.00149306 -0.00151197 -0.00143273 -0.00134577 -0.00150866 -0.00117874 -0.00138047 -0.00154274 -0.00133473 -0.00200729 -0.00205438 -0.00179135 -0.00197562 -0.00204944 -0.00259575 -0.00144639 -0.00199767 -0.0024519 -0.00173463 -0.0013717 -0.00177727 
-0.00115086 -0.00154772 -0.000930662 0.00260834 0.00242453 0.00243515 0.00227627 0.00285781 0.136315 0.00286819 0.00201728 0.00237607 0.00269322 0.00230919 -0.00115493 -0.00125146 -0.00242288 -0.00169904 -0.00285847 -0.00161984 -0.00109176 -0.00140099 -0.00178301 -0.00167892 -0.00177509 -0.00210741 -0.00248479 -0.00208615 -0.00217359 -0.00249734 -0.00267267 -0.00265496 -0.00207589 -0.00228651 -0.00108533 -0.00246233 -0.00125421 -0.00255945 -0.00100328 -0.00213664 -0.00210628 -0.00119448 -0.00297983 -0.00220392 -0.00186883 -0.00146927 -0.00125287 -0.00190425 -0.00258495 -0.00168434 -0.00291871 -0.00198726 -0.00165542 -0.00149435 -0.00172938 -0.00178522 -0.00163168 -0.00268236 -0.00209117 -0.00167192 -0.00164616 -0.00120939 -0.000942496 -0.00137106 -0.00210108 -0.00101121 -0.000969064 -0.00104639 -0.00109223 -0.00137278 -0.000959925 -0.00138983 -0.00160496 -0.00160381 -0.00173923 -0.00155588 -0.00199159 -0.00219074 -0.00147844 -0.00247328 -0.00179568 -0.00147906 -0.00164776 -0.0014242 -0.00138519 -0.00171549 -0.0017112 -0.00197234 -0.0023315 -0.00213389 -0.00207862 -0.00186513 -0.00168525 -0.00240995 -0.00320485 -0.00158353 -0.00209712 -0.0023791 -0.00253522 -0.0011941 
-0.00169668 -0.00143472 -0.000883696 -0.000635539 0.00224497 0.00229551 0.00193103 0.00305655 0.00286819 0.127768 0.00250693 0.00251159 0.00230162 0.00191268 -0.00205138 -0.00231345 -0.00197224 -0.0014426 -0.0031436 -0.00155552 -0.00193428 -0.0027498 -0.00209431 -0.00182121 -0.00157005 -0.00234931 -0.00145597 -0.0018674 -0.00186818 -0.000696871 -0.00211639 -0.00158958 -0.00210762 -0.000986401 -0.00116696 -0.00199263 -0.00134169 -0.00178602 -0.00229094 -0.0013909 -0.00183487 -0.00133182 -0.00161382 -0.00163645 -0.002012 -0.00166299 -0.00145967 -0.0014659 -0.00160773 -0.0023282 -0.00119342 -0.0019812 -0.00174405 -0.00169617 -0.00136024 -0.00123818 -0.00159037 -0.00128487 -0.00151078 -0.00122088 -0.0020132 -0.00161427 -0.00131893 -0.000982551 -0.000943274 -0.00126177 -0.00231976 -0.00201859 -0.00157244 -0.0021276 -0.000707742 -0.00257993 -0.00167011 -0.00154198 -0.00255576 -0.00210828 -0.00170061 -0.00151341 -0.00175868 -0.00225921 -0.00235068 -0.00127625 -0.00130146 -0.00220916 -0.00202382 -0.00193637 -0.000953752 -0.00173772 -0.00159488 -0.00186766 -0.00143968 -0.000862572 -0.00139393 -0.00126234 -0.00218676 -0.00147171 -0.00120635 -0.00165618 -0.000925272 -0.00109268 
-0.00183782 -0.00262787 -0.00133416 -0.000632893 -0.000870388 0.00200366 0.0028194 0.00291079 0.00201728 0.00250693 0.143444 0.00223913 0.00328687 0.00392411 0.00276942 0.00400244 -0.000667939 -0.00251729 -0.00149532 -0.00255015 -0.00246413 -0.0033968 -0.0017717 -0.00282247 -0.00245417 -0.00248589 -0.00162113 -0.00312536 -0.00244693 -0.00205138 -0.00152864 -0.00225373 -0.00243347 -0.00251695 -0.00246134 -0.00218315 -0.00171102 -0.00192627 -0.00202835 -0.00247659 -0.00138379 -0.00147117 -0.00180476 -0.00239775 -0.00200762 -0.00205221 -0.00186197 -0.00126616 -0.00199393 -0.00228118 -0.00203588 -0.00129964 -0.000961807 -0.00228318 -0.00187124 -0.00208826 -0.00189957 -0.0018253 -0.00198332 -0.002662 -0.00187917 -0.00188588 -0.00145386 -0.00185704 -0.00230885 -0.00142723 -0.0022768 -0.00228846 -0.00181033 -0.00245631 -0.00150529 -0.00142172 -0.00203981 -0.00247603 -0.00227225 -0.00119358 -0.00184707 -0.00201038 -0.00244743 -0.00189643 -0.00112883 -0.00212731 -0.00171399 -0.00149956 -0.00125093 -0.00131859 -0.00191253 -0.00106126 -0.00199922 -0.00181118 -0.00275083 -0.00233926 -0.00266102 -0.00140199 -0.00150024 -0.00178751 -0.0016864 -0.00108939 -0.0019653 -0.00204053 
-0.0020979 -0.000918641 -0.00213243 -0.000705527 -0.00121938 -0.00130464 0.00266082 0.00251745 0.00237607 0.00251159 0.00223913 0.141386 0.00301335 0.00271687 0.00208579 0.00336935 0.00274977 -0.00201343 -0.00255146 -0.00103885 -0.00141689 -0.00104403 -0.00215464 -0.00170797 -0.00250802 -0.00178761 -0.00221131 -0.00169142 -0.00327004 -0.00243958 -0.00237737 -0.00253045 -0.00264314 -0.00237168 -0.00241055 -0.00176503 -0.00160427 -0.00276794 -0.00170288 -0.0023514 -0.0025226 -0.00285985 -0.00165112 -0.00193665 -0.00129315 -0.00167088 -0.00156135 -0.00167298 -0.00149045 -0.00210257 -0.0018482 -0.00181523 -0.00180718 -0.00175152 -0.00305478 -0.00216548 -0.00174638 -0.00223995 -0.00271446 -0.00179765 -0.00232898 -0.00191681 -0.00229019 -0.0015038 -0.00242101 -0.0012832 -0.00191096 -0.00144485 -0.00132774 -0.00179774 -0.00195332 -0.00163435 -0.00149033 -0.00187088 -0.00140422 -0.00166489 -0.0013943 -0.00162601 -0.0016607 -0.00170838 -0.00175288 -0.0014583 -0.00142385 -0.00201283 -0.00252283 -0.00162673 -0.00225248 -0.00227973 -0.00157806 -0.00163137 -0.00176765 -0.00241277 -0.00253069 -0.0018141 -0.00214692 -0.00114778 -0.00163372 -0.00159729 -0.00130694 -0.00165534 
-0.00174359 -0.00236714 -0.00195404 -0.00137994 -0.00142603 -0.000992269 -0.00112581 0.00374011 0.00269322 0.00230162 0.00328687 0.00301335 0.134845 0.00238979 0.00163363 0.00168163 0.0029216 -0.00210697 -0.0017232 -0.0019541 -0.0017846 -0.00224682 -0.0011704 -0.00137288 -0.00254132 -0.0013511 -0.00167316 -0.00172247 -0.00212755 -0.00153787 -0.00259657 -0.000774877 -0.00186728 -0.00200699 -0.00149029 -0.00098711 -0.00233305 -0.00234024 -0.00128972 -0.00167324 -0.00147443 -0.0013609 -0.00216555 -0.00207085 -0.00148722 -0.00225162 -0.00202663 -0.00199472 -0.00157449 -0.00205172 -0.0019068 -0.00241943 -0.00223349 -0.00175026 -0.00259611 -0.00247557 -0.00254955 -0.0025104 -0.00224645 -0.00178067 -0.00189649 -0.00137955 -0.00120285 -0.001627 -0.00149805 -0.00161977 -0.00102733 -0.0017431 -0.00146607 -0.00140578 -0.00124025 -0.00216346 -0.00234377 -0.00126942 -0.00201009 -0.00157266 -0.0017213 -0.00146218 -0.00189095 -0.00208051 -0.00223938 -0.00157844 -0.00153786 -0.00224706 -0.00174979 -0.00167425 -0.00106648 -0.00126401 -0.00175717 -0.00275853 -0.00131588 -0.00125714 -0.00208353 -0.00200156 -0.00246051 -0.000944911 -0.00121517 -0.00142244 -0.00136631 -0.00135808 
-0.00241405 -0.00303056 -0.00210753 -0.00177737 -0.00169971 -0.00179309 -0.0020008 -0.00188361 0.00230919 0.00191268 0.00392411 0.00271687 0.00238979 0.147684 0.00387158 0.00325934 0.00290427 0.00313499 0.00290022 -0.00221505 -0.00200807 -0.00239464 -0.00289574 -0.00153808 -0.00287381 -0.00173544 -0.00242533 -0.0013938 -0.00249301 -0.00264853 -0.00250572 -0.00202383 -0.00216244 -0.00174184 -0.00156196 -0.00177387 -0.00200203 -0.00246199 -0.00244487 -0.00210467 -0.00100297 -0.00158022 -0.00224761 -0.0028078 -0.00182432 -0.00155408 -0.00310326 -0.00225069 -0.00151098 -0.00294901 -0.00191399 -0.00207223 -0.00287711 -0.0017742 -0.00131625 -0.00219978 -0.00117043 -0.00211099 -0.0019471 -0.00218189 -0.00219439 -0.0021192 -0.00158721 -0.00107182 -0.00157356 -0.00242716 -0.00134342 -0.00163775 -0.00145736 -0.00199709 -0.00160393 -0.00172281 -0.0025711 -0.001935 -0.00154711 -0.000919245 -0.00142233 -0.00257105 -0.00256142 -0.00314615 -0.00263543 -0.00145408 -0.00210706 -0.00120835 -0.0013431 -0.000552766 -0.00198792 -0.0012908 -0.00178361 -0.00227858 -0.00226797 -0.00151533 -0.00133481 -0.00233034 -0.00254319 -0.00206467 -0.00265236 -0.00268213 -0.00179483 -0.00126411 
-0.00197149 -0.00211 -0.00123186 -0.00166249 -0.00150441 -0.000759077 -0.00154174 -0.00169714 -0.00115493 -0.00205138 0.00276942 0.00208579 0.00163363 0.00387158 0.138143 0.00342879 0.00264579 0.00247618 0.00352545 0.0030816 -0.00100799 -0.00222228 -0.00131784 -0.00184074 -0.00302616 -0.0026035 -0.00184799 -0.0026915 -0.00229656 -0.00243766 -0.00177069 -0.0020278 -0.00217094 -0.00241213 -0.00248272 -0.00188189 -0.00209849 -0.00193678 -0.00174205 -0.00121349 -0.00239282 -0.000841716 -0.00190752 -0.0020447 -0.00284926 -0.00140246 -0.00131448 -0.00144548 -0.00140869 -0.00111517 -0.00238596 -0.00126202 -0.00121224 -0.00149402 -0.00182839 -0.00210905 -0.00164688 -0.00214519 -0.00203151 -0.00192672 -0.00158304 -0.00176996 -0.00134947 -0.00239406 -0.00219718 -0.00220082 -0.00109789 -0.00232713 -0.00156268 -0.00203644 -0.00190303 -0.00182832 -0.00254335 -0.00170901 -0.00155142 -0.00054909 -0.00160803 -0.00163537 -0.000884969 -0.00165233 -0.00101794 -0.00194291 -0.00159338 -0.00194342 -0.00140179 -0.00110347 -0.00229463 -0.00267833 -0.00218343 -0.00192912 -0.00213854 -0.00270074 -0.00239334 -0.00171182 -0.00217084 -0.0015687 -0.00227665 -0.00171588 -0.00163229 -0.00140226 
-0.00130629 -0.00194035 -0.00190188 -0.00153983 -0.00183231 -0.00246984 -0.00237858 -0.00217651 -0.00125146 -0.00231345 0.00400244 0.00336935 0.00168163 0.00325934 0.00342879 0.13686 0.00380946 0.0027293 0.00363239 0.00219461 -0.00182257 -0.00263685 -0.00185036 -0.00259467 -0.00271379 -0.00199212 -0.00209101 -0.0020758 -0.00222079 -0.0015397 -0.00160343 -0.00191579 -0.00176462 -0.00163355 -0.00206536 -0.00160799 -0.00222063 -0.00235308 -0.00157564 -0.00111459 -0.00168541 -0.00124459 -0.00163591 -0.00177986 -0.00154591 -0.00189441 -0.00201136 -0.00194011 -0.00169123 -0.00107337 -0.000860154 -0.00171567 -0.00166714 -0.00253686 -0.00184963 -0.00134566 -0.00208041 -0.00176188 -0.00259608 -0.00157484 -0.0022289 -0.00179854 -0.00200618 -0.00204302 -0.00176853 -0.00159614 -0.00140394 -0.00152886 -0.00184841 -0.00138618 -0.00246781 -0.00174883 -0.0024357 -0.00286916 -0.00190205 -0.00155143 -0.00191221 -0.00165485 -0.00253814 -0.00149191 -0.00205819 -0.00150948 -0.00182038 -0.00177912 -0.00218587 -0.00113922 -0.00184359 -0.000923944 -0.00134182 -0.00236666 -0.00183366 -0.00174526 -0.00132698 -0.00250537 -0.00185869 -0.000933213 -0.00113672 -0.00185001 -0.00151902 -0.00211641 
-0.00207222 -0.00278576 -0.00267848 -0.00230166 -0.00215704 -0.00243683 -0.00210235 -0.00121382 -0.00242288 -0.00197224 -0.000667939 0.00274977 0.0029216 0.00290427 0.00264579 0.00380946 0.150171 0.00283836 0.00406481 0.00344236 0.00349495 0.00252008 -0.000850797 -0.000942023 -0.00220051 -0.00174547 -0.00184111 -0.00195292 -0.00196629 -0.00170776 -0.0024008 -0.00127312 -0.00265511 -0.00248612 -0.00207713 -0.00219279 -0.00278834 -0.00165144 -0.00237663 -0.00289637 -0.00281505 -0.00198899 -0.00305499 -0.00275666 -0.00217332 -0.00201793 -0.00180919 -0.0012934 -0.00172912 -0.00283151 -0.00164409 -0.00222637 -0.00210767 -0.00222439 -0.000575325 -0.00244089 -0.00179879 -0.00183334 -0.00229879 -0.00167046 -0.00243206 -0.00142099 -0.00240028 -0.00157913 -0.0022385 -0.00243385 -0.00202168 -0.00200792 -0.00223404 -0.000992077 -0.0031411 -0.00233208 -0.00298006 -0.00216607 -0.00210309 -0.00149591 -0.00232615 -0.00196949 -0.00198777 -0.00147865 -0.00219213 -0.00136523 -0.00269112 -0.00174989 -0.00184 -0.0022465 -0.00239174 -0.00245591 -0.00220269 -0.00173782 -0.00210485 -0.00213062 -0.0020924 -0.00217054 -0.00226872 -0.00130169 -0.00276036 -0.000931355 -0.00123674 -0.00184473 
-0.00262319 -0.00234628 -0.00151373 -0.0019106 -0.00145519 -0.00236747 -0.00208025 -0.0013573 -0.00169904 -0.0014426 -0.00251729 -0.00201343 -0.00210697 0.00313499 0.00247618 0.0027293 0.00283836 0.138602 0.00552177 0.00298931 0.00248868 0.00225671 0.00368883 -0.000445995 -0.00269148 -0.00165634 -0.00169228 -0.00268183 -0.00258148 -0.00220946 -0.0020356 -0.00201152 -0.00218859 -0.00193308 -0.000985688 -0.00203746 -0.00183393 -0.00145692 -0.00160143 -0.00194864 -0.00178894 -0.00228617 -0.00186132 -0.00220833 -0.00247118 -0.00234588 -0.00236962 -0.00309332 -0.0025109 -0.0020813 -0.00144357 -0.0017756 -0.00178347 -0.00136223 -0.00170754 -0.00145734 -0.00178834 -0.00218474 -0.00168304 -0.00172951 -0.00156163 -0.00189354 -0.00147597 -0.00220364 -0.00144696 -0.0016015 -0.00224614 -0.00229652 -0.00142005 -0.00138213 -0.00134624 -0.00250278 -0.00150932 -0.00181927 -0.000860631 -0.0018942 -0.0021656 -0.0020692 -0.00115023 -0.0018087 -0.00222217 -0.00161963 -0.00240389 -0.0019481 -0.00244635 -0.00159327 -0.00118952 -0.00180787 -0.00190133 -0.00139383 -0.00184446 -0.000685022 -0.00189524 -0.0019843 -0.00173873 -0.00201542 -0.00245917 -0.000993203 -0.0010852 -0.00148798 
-0.00147842 -0.00197344 -0.00269754 -0.00267315 -0.00144633 -0.00165801 -0.00292959 -0.00150114 -0.00285847 -0.0031436 -0.00149532 -0.00255146 -0.0017232 0.00290022 0.00352545 0.00363239 0.00406481 0.00552177 0.148533 0.00214414 0.00311667 0.0038651 0.00238805 -0.000798846 -0.00195002 -0.00258458 -0.00150609 -0.00249665 -0.00259547 -0.00269071 -0.00285434 -0.00195273 -0.00252201 -0.00182334 -0.00195337 -0.00283913 -0.00188661 -0.00130171 -0.00193824 -0.00165689 -0.00166173 -0.0015703 -0.00188528 -0.00259609 -0.00143124 -0.00197717 -0.00248545 -0.00189506 -0.00126295 -0.00241241 -0.000955544 -0.00261779 -0.0018263 -0.00164895 -0.00235331 -0.00218756 -0.00238343 -0.00189062 -0.00185852 -0.00204448 -0.00208247 -0.00250941 -0.00138432 -0.00216543 -0.00134037 -0.00238338 -0.00218716 -0.00319344 -0.00189503 -0.002284 -0.00184185 -0.00190168 -0.00197383 -0.00230066 -0.00153263 -0.00125302 -0.00198051 -0.0018412 -0.00220231 -0.002189 -0.00238314 -0.00176205 -0.0016177 -0.00197239 -0.00172949 -0.00066783 -0.00194306 -0.00205104 -0.00219975 -0.00210077 -0.0014324 -0.00137954 -0.00240451 -0.00158493 -0.00176093 -0.00223787 -0.00172808 -0.00170686 -0.00213681 -0.00202647 
-0.00228065 -0.00178951 -0.00150309 -0.00186786 -0.00171286 -0.00204136 -0.00182987 -0.00171028 -0.00161984 -0.00155552 -0.00255015 -0.00103885 -0.0019541 -0.00221505 0.0030816 0.00219461 0.00344236 0.00298931 0.00214414 0.151733 0.00387207 0.00290335 0.00251366 0.00308288 0.00333173 -0.00226245 -0.00182562 -0.00225947 -0.00226694 -0.00248373 -0.00189899 -0.00272611 -0.00278811 -0.00280116 -0.00231388 -0.00223054 -0.00207445 -0.00234304 -0.00228392 -0.00151684 -0.00227571 -0.00233887 -0.00305576 -0.00145622 -0.00138804 -0.00245839 -0.000916215 -0.00198344 -0.00171962 -0.00208219 -0.00141258 -0.00175034 -0.00261379 -0.00157259 -0.00153347 -0.00181805 -0.00159747 -0.0016214 -0.0018212 -0.00200152 -0.00241746 -0.0014803 -0.00215128 -0.00226906 -0.00207577 -0.00158845 -0.00189615 -0.00293465 -0.00150843 -0.0018336 -0.00240453 -0.00204513 -0.00139201 -0.00264871 -0.00170169 -0.0016921 -0.00185622 -0.00163509 -0.00171353 -0.00203765 -0.00167784 -0.00179555 -0.00281467 -0.00362937 -0.00207964 -0.00162326 -0.00246457 -0.00235037 -0.00199598 -0.00256284 -0.0023606 -0.00231624 -0.00246482 -0.00201238 -0.00285009 -0.00133711 -0.00203929 -0.00236491 -0.00191984 -0.00218649 
-0.00211295 -0.00207147 -0.00183617 -0.00135931 -0.00116438 -0.00279752 -0.00239343 -0.00199773 -0.00109176 -0.00193428 -0.00246413 -0.00141689 -0.0017846 -0.00200807 -0.00100799 -0.00182257 0.00349495 0.00248868 0.00311667 0.00387207 0.153543 0.00401698 0.0027204 0.00268688 0.00289096 0.00249204 -0.00202891 -0.00130061 -0.00217782 -0.00138716 -0.00209279 -0.00146714 -0.00192296 -0.00213393 -0.000639339 -0.00182591 -0.00134221 -0.00205692 -0.00192384 -0.00220207 -0.00279324 -0.00191866 -0.00295675 -0.00318428 -0.00125745 -0.00204605 -0.00177862 -0.00229636 -0.00253824 -0.00195539 -0.00140358 -0.00152176 -0.00245086 -0.00173078 -0.00156785 -0.0024437 -0.00204401 -0.0017453 -0.00280151 -0.00154069 -0.0013746 -0.00169624 -0.00170899 -0.00272146 -0.00250698 -0.00244548 -0.00191887 -0.00194453 -0.00193624 -0.00236756 -0.0021506 -0.00211322 -0.00241728 -0.00217229 -0.00175382 -0.00144113 -0.00134338 -0.000884972 -0.00231618 -0.00246971 -0.00258416 -0.00240436 -0.00211037 -0.00244568 -0.00224083 -0.00269444 -0.00261797 -0.00124566 -0.0021009 -0.00182509 -0.00180833 -0.00257729 -0.00159613 -0.00329131 -0.00269954 -0.00250118 -0.00271436 -0.0021015 -0.00273496 -0.00160477 
-0.00191425 -0.00170437 -0.00236599 -0.00146682 -0.00188844 -0.00187798 -0.00187466 -0.0020118 -0.00140099 -0.0027498 -0.0033968 -0.00104403 -0.00224682 -0.00239464 -0.00222228 -0.00263685 0.00252008 0.00225671 0.0038651 0.00290335 0.00401698 0.149148 0.00250337 0.00268766 0.00265882 0.00219492 -0.000766294 -0.00101676 -0.00166176 -0.00171646 -0.00168383 -0.00138861 -0.00286698 -0.00267931 -0.00176819 -0.00196157 -0.00171425 -0.00257558 -0.00183134 -0.0015685 -0.00265256 -0.00183115 -0.00202369 -0.00238889 -0.00231575 -0.00150065 -0.00210912 -0.00238219 -0.00223476 -0.00150547 -0.00148767 -0.00157043 -0.00288441 -0.00140613 -0.00276947 -0.00223165 -0.00211383 -0.00163184 -0.00158577 -0.00158568 -0.00246546 -0.00219664 -0.00227708 -0.00234265 -0.00272765 -0.00212967 -0.00185468 -0.00257916 -0.00143686 -0.00206833 -0.000744753 -0.00115674 -0.00185072 -0.0018314 -0.00196913 -0.00195465 -0.00170216 -0.00223956 -0.00341312 -0.00249589 -0.00163432 -0.0021872 -0.00216538 -0.000716633 -0.00155654 -0.00176773 -0.00108855 -0.00161833 -0.00170211 -0.00144133 -0.00126651 -0.00213747 -0.00202459 -0.00193217 -0.00201384 -0.00160695 -0.00242051 -0.00151924 -0.00183568 -0.00207705 
-0.00246674 -0.00172553 -0.00181911 -0.00215056 -0.00148499 -0.00185369 -0.00184183 -0.00221088 -0.00178301 -0.00209431 -0.0017717 -0.00215464 -0.0011704 -0.00289574 -0.00131784 -0.00185036 -0.000850797 0.00368883 0.00238805 0.00251366 0.0027204 0.00250337 0.144496 0.00331624 0.00174736 0.000981976 0.00203475 -0.00143421 -0.00152773 -0.00246962 -0.0025359 -0.00242019 -0.00197826 -0.0025358 -0.00188277 -0.00126784 -0.00164623 -0.0023814 -0.00192949 -0.00220701 -0.00169779 -0.000687277 -0.00184306 -0.00164486 -0.00205233 -0.00171552 -0.00234009 -0.00210376 -0.00174373 -0.00218052 -0.00216107 -0.00156187 -0.00174872 -0.00168036 -0.00245619 -0.00299114 -0.00226423 -0.00213882 -0.00184942 -0.00104852 -0.00232939 -0.00147858 -0.00209726 -0.00225962 -0.00316477 -0.00203102 -0.00248638 -0.00220659 -0.00142756 -0.00185171 -0.00222579 -0.00142141 -0.00171875 -0.00126643 -0.00196146 -0.00202781 -0.00186561 -0.0017715 -0.00191877 -0.00253635 -0.00143545 -0.00202121 -0.00161187 -0.0021369 -0.00196744 -0.0019086 -0.000932174 -0.00028658 -0.00133395 -0.0021533 -0.00206 -0.00122462 -0.0014779 -0.00185278 -0.00167419 -0.000899937 -0.0016358 -0.00130787 -0.00149887 -0.00135649 
-0.00148708 -0.00111697 -0.00174503 -0.00304739 -0.000716227 -0.000896715 -0.0020996 -0.00158167 -0.00167892 -0.00182121 -0.00282247 -0.00170797 -0.00137288 -0.00153808 -0.00184074 -0.00259467 -0.000942023 -0.000445995 -0.000798846 0.00308288 0.00268688 0.00268766 0.00331624 0.146263 0.00332819 0.00218444 0.00261015 0.00347556 -0.00175175 -0.0013415 -0.00217309 -0.00186971 -0.00265472 -0.00233018 -0.00119896 -0.00123818 -0.00147903 -0.00232779 -0.00140323 -0.00179996 -0.00302189 -0.00251522 -0.00241279 -0.00181341 -0.00217097 -0.00183801 -0.00218622 -0.00179825 -0.00144264 -0.00176799 -0.00162595 -0.00174977 -0.00201102 -0.00188959 -0.00242257 -0.00180876 -0.00221863 -0.0011998 -0.00189885 -0.0015689 -0.000626566 -0.00207625 -0.00159974 -0.00213949 -0.00195661 -0.00255811 -0.00240929 -0.00253411 -0.00152079 -0.002066 -0.0020433 -0.00159478 -0.00180831 -0.00291517 -0.00106835 -0.00147577 -0.00274484 -0.00158451 -0.0022722 -0.00176553 -0.00214514 -0.00232041 -0.00134168 -0.00240633 -0.0019204 -0.00169681 -0.00173109 -0.000453441 -0.00163926 -0.00240801 -0.00159339 -0.00174474 -0.00215116 -0.0018856 -0.00302042 -0.00177968 -0.00254522 -0.00253276 -0.00204962 -0.00232628 
-0.00169425 -0.00191358 -0.00235265 -0.00187462 -0.0033631 -0.00170045 -0.00280966 -0.00220298 -0.00177509 -0.00157005 -0.00245417 -0.00250802 -0.00254132 -0.00287381 -0.00302616 -0.00271379 -0.00220051 -0.00269148 -0.00195002 0.00333173 0.00289096 0.00265882 0.00174736 0.00332819 0.148834 0.00285627 0.00266838 0.00196714 0.00210269 0.00273856 -0.002184 -0.00202237 -0.00274274 -0.00156291 -0.00180577 -0.00221527 -0.00249793 -0.00191391 -0.0016357 -0.00204839 -0.00226551 -0.00268637 -0.0017591 -0.00230562 -0.00170749 -0.00258599 -0.00136863 -0.0018834 -0.00140598 -0.0013299 -0.00159035 -0.000944046 -0.00211083 -0.00233322 -0.0025604 -0.00134171 -0.00199268 -0.00233613 -0.00246476 -0.00204349 -0.00187179 -0.00178983 -0.00116393 -0.00178117 -0.00223515 -0.00165861 -0.00205434 -0.00174732 -0.00130415 -0.00208275 -0.0020786 -0.00175429 -0.00193629 -0.00131212 -0.00115984 -0.00224938 -0.00202768 -0.000278617 -0.00108032 -0.00225745 -0.00191819 -0.00114903 -0.00226451 -0.00130392 -0.0023102 -0.0021629 -0.00158378 -0.00205033 -0.0019549 -0.00185268 -0.00277686 -0.00201066 -0.00223886 -0.00146674 -0.00210254 -0.0022605 -0.00135886 -0.00174921 -0.00147801 -0.00144701 
-0.00195932 -0.0026244 -0.0016951 -0.00268986 -0.00143437 -0.00112252 -0.00207981 -0.00204501 -0.00210741 -0.00234931 -0.00248589 -0.00178761 -0.0013511 -0.00173544 -0.0026035 -0.00199212 -0.00174547 -0.00165634 -0.00258458 -0.00226245 0.00249204 0.00219492 0.000981976 0.00218444 0.00285627 0.143734 0.00284088 0.00201831 0.00170065 0.00224593 0.00315121 -0.00206952 -0.00225333 -0.00238192 -0.00177597 -0.00225087 -0.00202571 -0.00238411 -0.00176004 -0.0021248 -0.00150146 -0.00179837 -0.00150163 -0.001166 -0.00144335 -0.00215393 -0.00165688 -0.0018666 -0.000829553 -0.00133102 -0.00215088 -0.00281211 -0.00213231 -0.0015812 -0.00176258 -0.00117093 -0.00143499 -0.00243462 -0.00140018 -0.00189802 -0.00177805 -0.0024942 -0.001828 -0.00215001 -0.00151765 -0.00145688 -0.00227103 -0.00147012 -0.00152159 -0.00224431 -0.00191564 -0.00167938 -0.00164333 -0.000982258 -0.00116642 -0.00178637 -0.00145952 -0.00240938 -0.00175861 -0.00171423 -0.00174108 -0.00222839 -0.00297043 -0.000824474 -0.00162753 -0.00194463 -0.00184726 -0.00136658 -0.00214539 -0.00171036 -0.00156794 -0.00204814 -0.00227136 -0.00139503 -0.00214446 -0.00210491 -0.00228995 -0.00138191 -0.00200391 -0.00217554 
-0.00169839 -0.00142918 -0.00174384 -0.00245922 -0.00169545 -0.00286525 -0.00178055 -0.00201559 -0.00248479 -0.00145597 -0.00162113 -0.00221131 -0.00167316 -0.00242533 -0.00184799 -0.00209101 -0.00184111 -0.00169228 -0.00150609 -0.00182562 -0.00202891 -0.000766294 0.00203475 0.00261015 0.00266838 0.00284088 0.136883 0.00285807 0.00254549 0.00320896 0.00314979 0.00157714 -0.00117792 -0.000430934 -0.00185948 -0.00132003 -0.00185815 -0.00145023 -0.00193867 -0.00246314 -0.00217286 -0.00243888 -0.00160512 -0.00168741 -0.00123805 -0.00227678 -0.00144783 -0.00167097 -0.00158501 -0.0013787 -0.00124542 -0.00212196 -0.00203328 -0.00177733 -0.00127214 -0.00186374 -0.00127277 -0.00134413 -0.00202423 -0.00188775 -0.00205721 -0.0021033 -0.00150636 -0.00113393 -0.00138992 -0.00147102 -0.00184662 -0.00157633 -0.00178772 -0.00198059 -0.000838775 -0.00239315 -0.00174147 -0.00154056 -0.00152095 -0.00176414 -0.00171224 -0.000787503 -0.00187174 -0.00244421 -0.00192402 -0.00162395 -0.00178423 -0.00266935 -0.00158866 -0.00259041 -0.00172566 -0.0019005 -0.00177291 -0.0016987 -0.00167035 -0.00158393 -0.00188212 -0.00232538 -0.00181292 -0.00197585 -0.00259011 -0.00154627 -0.00216355 -0.00207875 
-0.00147409 -0.00201762 -0.00228933 -0.00153194 -0.00150016 -0.00166016 -0.00243055 -0.00179866 -0.00208615 -0.0018674 -0.00312536 -0.00169142 -0.00172247 -0.0013938 -0.0026915 -0.0020758 -0.00195292 -0.00268183 -0.00249665 -0.00225947 -0.00130061 -0.00101676 -0.00143421 0.00347556 0.00196714 0.00201831 0.00285807 0.138841 0.00418544 0.00268948 0.00266802 0.00280483 0.00117131 -0.00112579 -0.00199023 -0.00205741 -0.0015014 -0.00129047 -0.00215134 -0.00139837 -0.00139919 -0.000892374 -0.00155503 -0.0014268 -0.00126436 -0.00130519 -0.0021217 -0.00210708 -0.00128667 -0.0021368 -0.00169797 -0.00220249 -0.0025796 -0.00195533 -0.000844572 -0.00149486 -0.00203307 -0.00193885 -0.00215092 -0.00186889 -0.00191123 -0.0021894 -0.00203385 -0.00112354 -0.001555 -0.00200632 -0.00231524 -0.0021479 -0.00141351 -0.00230443 -0.00179214 -0.00158933 -0.00182 -0.00102697 -0.00153042 -0.00141481 -0.00140831 -0.00186244 -0.00117997 -0.00248243 -0.0018279 -0.00252429 -0.0020755 -0.00202678 -0.00204764 -0.00257159 -0.00236233 -0.00190876 -0.000747074 -0.00177406 -0.00140017 -0.000838463 -0.0014383 -0.00196315 -0.00248283 -0.00132476 -0.00189321 -0.00147516 -0.00254892 -0.00206518 
-0.00221152 -0.000751057 -0.00188828 -0.001871 -0.00199965 -0.00116063 -0.00162969 -0.00213032 -0.00217359 -0.00186818 -0.00244693 -0.00327004 -0.00212755 -0.00249301 -0.00229656 -0.00222079 -0.00196629 -0.00258148 -0.00259547 -0.00226694 -0.00217782 -0.00166176 -0.00152773 -0.00175175 0.00210269 0.00170065 0.00254549 0.00418544 0.135486 0.00223325 0.00289983 0.00210489 0.00298653 0.00121689 -0.00164732 -0.00164826 -0.00131378 -0.000823015 -0.00177376 -0.0019221 -0.00217097 -0.000961751 -0.00234402 -0.00178264 -0.00132919 -0.00213315 -0.000557102 -0.00203742 -0.0015119 -0.00236129 -0.00243073 -0.00129822 -0.00162057 -0.00223236 -0.00159228 -0.00166582 -0.00189949 -0.00117342 -0.00158192 -0.00234945 -0.00150468 -0.00159813 -0.00113775 -0.00105803 -0.00191051 -0.00206683 -0.00181765 -0.000632753 -0.00133701 -0.00140208 -0.00132752 -0.00143988 -0.00245666 -0.00165564 -0.00120522 -0.00135202 -0.00177422 -0.00240632 -0.00153461 -0.00145348 -0.00175836 -0.00251944 -0.00175143 -0.00184398 -0.00153595 -0.00166824 -0.00158381 -0.0010696 -0.00186571 -0.000706197 -0.00103672 -0.00265057 -0.00163021 -0.00188155 -0.00109569 -0.00120592 -0.00132482 -0.00202434 -0.00198408 -0.00202361 
-0.00222156 -0.00200588 -0.0024106 -0.0013476 -0.00219584 -0.0019383 -0.00135266 -0.00241444 -0.00249734 -0.000696871 -0.00205138 -0.00243958 -0.00153787 -0.00264853 -0.00243766 -0.0015397 -0.00170776 -0.00220946 -0.00269071 -0.00248373 -0.00138716 -0.00171646 -0.00246962 -0.0013415 0.00273856 0.00224593 0.00320896 0.00268948 0.00223325 0.134181 0.0035661 0.00168352 0.00244627 0.00280207 -0.00118212 -0.00148548 -0.000967376 -0.00102003 -0.00217987 -0.00155741 -0.00159916 -0.00209221 -0.00231399 -0.00192086 -0.00112045 -0.000824151 -0.00160149 -0.00218423 -0.0017274 -0.00130197 -0.00126717 -0.00156543 -0.00229125 -0.00202877 -0.00157738 -0.00145328 -0.0016342 -0.00130562 -0.00104539 -0.00179666 -0.00203987 -0.0017719 -0.000951227 -0.000783556 -0.00140605 -0.00236678 -0.00139445 -0.00246483 -0.00174465 -0.00161162 -0.00176221 -0.00171974 -0.00144611 -0.00132377 -0.00146282 -0.00206818 -0.00167125 -0.00155255 -0.00212362 -0.00140665 -0.00162622 -0.00213456 -0.00252136 -0.00225964 -0.00166251 -0.00151301 -0.00144164 -0.0012237 -0.00154789 -0.00170944 -0.00185172 -0.00191202 -0.000720329 -0.0015747 -0.00199754 -0.00269332 -0.00184469 -0.00163499 -0.00158438 -0.00248367 
-0.00149392 -0.00214469 -0.00305344 -0.00310485 -0.00210607 -0.00255037 -0.00215383 -0.00126593 -0.00267267 -0.00211639 -0.00152864 -0.00237737 -0.00259657 -0.00250572 -0.00177069 -0.00160343 -0.0024008 -0.0020356 -0.00285434 -0.00189899 -0.00209279 -0.00168383 -0.0025359 -0.00217309 -0.002184 0.00315121 0.00314979 0.00266802 0.00289983 0.0035661 0.144333 0.00252432 0.003192 0.00262156 0.00161101 0.0015091 -0.00109552 -0.00184148 -0.00203183 -0.00168472 -0.0023345 -0.00132478 -0.0021044 -0.00139525 -0.00116654 -0.00203683 -0.00147099 -0.0016141 -0.00191087 -0.00249312 -0.00283806 -0.00212955 -0.0023168 -0.000872378 -0.00161143 -0.00132309 -0.00142534 -0.00186296 -0.00227452 -0.00257337 -0.00148084 -0.00183859 -0.000999229 -0.00165576 -0.00198401 -0.00207632 -0.0017082 -0.00119103 -0.0011237 -0.00138141 -0.00181072 -0.00188089 -0.00245135 -0.00207887 -0.0024576 -0.00175067 -0.00229894 -0.00200627 -0.00166151 -0.00182718 -0.00212742 -0.00112303 -0.00243117 -0.0019243 -0.00146165 -0.00159263 -0.00237295 -0.00198179 -0.00135382 -0.0012702 -0.00278627 -0.00191786 -0.00237598 -0.00179209 -0.00239939 -0.00200462 -0.00211296 -0.000768636 -0.000922961 -0.00220666 
-0.00144543 -0.00135502 -0.00215586 -0.00207364 -0.0022848 -0.0019911 -0.00123114 -0.00203932 -0.00265496 -0.00158958 -0.00225373 -0.00253045 -0.000774877 -0.00202383 -0.0020278 -0.00191579 -0.00127312 -0.00201152 -0.00195273 -0.00272611 -0.00146714 -0.00138861 -0.00242019 -0.00186971 -0.00202237 -0.00206952 0.00157714 0.00280483 0.00210489 0.00168352 0.00252432 0.125338 0.00296142 0.00277281 0.00266699 0.0020809 0.00200102 -0.000801488 -0.00186372 -0.00160859 -0.000676725 -0.00151415 -0.000939025 -0.00142013 -0.00183727 -0.00152833 -0.00161177 -0.00148376 -0.00200223 -0.000608025 -0.00258878 -0.00163401 -0.00206286 -0.000999039 -0.00172717 -0.00150688 -0.00142209 -0.00109008 -0.00167141 -0.00224646 -0.00181887 -0.00169574 -0.00150084 -0.00101591 -0.001408 -0.00209976 -0.00249894 -0.000993592 -0.00170088 -0.00101718 -0.00160599 -0.00131677 -0.00168128 -0.00173893 -0.00131253 -0.00106022 -0.00124774 -0.00192674 -0.00162543 -0.00129401 -0.001986 -0.00143786 -0.0011973 -0.00170879 -0.00209859 -0.00193354 -0.00168636 -0.000944152 -0.00143866 -0.00204403 -0.00108279 -0.00187182 -0.00157121 -0.00139032 -0.00226006 -0.00212139 -0.00202387 -0.00145701 -0.00122945 -0.00208083 
-0.00179176 -0.0014049 -0.00168687 -0.00165486 -0.00197846 -0.00257842 -0.00152415 -0.00187667 -0.00207589 -0.00210762 -0.00243347 -0.00264314 -0.00186728 -0.00216244 -0.00217094 -0.00176462 -0.00265511 -0.00218859 -0.00252201 -0.00278811 -0.00192296 -0.00286698 -0.00197826 -0.00265472 -0.00274274 -0.00225333 -0.00117792 0.00117131 0.00298653 0.00244627 0.003192 0.00296142 0.132719 0.00370039 0.0019464 0.00231855 0.00173567 0.00242662 -0.00206589 -0.00109242 -0.00133598 -0.00185517 -0.00231201 -0.00102158 -0.00172731 -0.00163966 -0.000480544 -0.00148245 -0.00190044 -0.00179798 -0.00228685 -0.00144869 -0.00135873 -0.00138617 -0.000872969 -0.00147048 -0.000836485 -0.000648799 -0.00123928 -0.00156009 -0.00131628 -0.0017965 -0.00107699 -0.00092775 -0.00176813 -0.00172671 -0.00151219 -0.00182496 -0.0020788 -0.00138488 -0.00230859 -0.000723813 -0.00160618 -0.00237619 -0.00102218 -0.00138864 -0.00200163 -0.00269619 -0.00144606 -0.00145655 -0.00132081 -0.00136759 -0.00111029 -0.00189891 -0.00183092 -0.00206214 -0.0021342 -0.0020334 -0.002175 -0.00143908 -0.00228872 -0.00165415 -0.00186014 -0.00119003 -0.00243344 -0.00160414 -0.00136092 -0.0020159 -0.00228694 -0.0018064 
