0.123714 0.00273046 0.00156822 0.0016229 0.00210406 0.00183735 -0.0015624 -0.00180607 -0.00107961 -0.00117019 -0.00129916 -0.00183013 -0.00184469 -0.00119018 -0.00243701 -0.00205296 -0.00177325 -0.00113384 -0.00152941 -0.00143202 -0.00122406 -0.00215501 -0.00104982 -0.00220757 -0.000885605 -0.00204856 -0.00189379 -0.0015932 -0.00106539 -0.00177994 -0.00140418 -0.00164419 -0.00146332 -0.0020421 -0.00228483 -0.000920023 -0.00141436 -0.00166947 -0.00209488 -0.00201987 -0.00180307 -0.00121127 -0.00210357 -0.00168813 -0.00128879 -0.00203947 -0.00149608 -0.00260541 -0.0014856 -0.00184156 -0.00146368 -0.00107444 -0.00117829 -0.000894925 -0.00129943 -0.00165031 -0.00225789 -0.00204115 -0.001545 -0.0014318 -0.00111368 -0.00215152 -0.0013584 -0.00124965 -0.00199247 -0.00127976 -0.00171563 -0.00124859 -0.00133999 -0.00191617 -0.0015063 -0.00105805 -0.00151551 -0.00140049 -0.0020413 -0.00152764 -0.00170777 -0.0015859 -0.0019748 -0.00118313 -0.00156114 -0.00203434 -0.00139037 -0.00156075 -0.00118949 -0.00107034 -0.00104378 -0.000740616 -0.00182017 -0.00131092 -0.00144697 -0.000956829 -0.00176136 -0.000962262 -0.00140632 -0.00148908 0.00147281 0.00125788 0.00200047 0.00170476 
0.00273046 0.131786 0.00264447 0.00144106 0.00246951 0.00163092 0.00134728 -0.00164438 -0.00140509 -0.00118401 -0.00111996 -0.00208157 -0.00202391 -0.00228976 -0.00300151 -0.00271673 -0.00207769 -0.00145177 -0.00171737 -0.000929115 -0.0013229 -0.00160785 -0.00152245 -0.00187558 -0.00200586 -0.00167382 -0.00221614 -0.0019167 -0.00264675 -0.00228179 -0.00184536 -0.00217731 -0.00216496 -0.00191497 -0.00135676 -0.0015285 -0.00135949 -0.00169977 -0.000996221 -0.000759486 -0.00183438 -0.00128459 -0.00240455 -0.00134637 -0.00181253 -0.0017326 -0.00191656 -0.00185404 -0.00137286 -0.00165959 -0.00170215 -0.00153899 -0.00188569 -0.00233189 -0.000619936 -0.00126351 -0.00154729 -0.00207708 -0.00222603 -0.00234156 -0.00210756 -0.00187143 -0.00130333 -0.00152468 -0.00215238 -0.00169995 -0.00158102 -0.00161 -0.00215853 -0.00107063 -0.00120561 -0.00227026 -0.00169316 -0.00198561 -0.00101823 -0.0014547 -0.00127601 -0.00163461 -0.00171394 -0.00150402 -0.00093803 -0.00193173 -0.00179647 -0.00131192 -0.00195741 -0.0012182 -0.00183817 -0.000835162 -0.00117564 -0.00132159 -0.00193132 -0.00123954 -0.00186027 -0.00127218 -0.00100811 -0.00117395 -0.00148331 0.00176551 0.00243687 0.002144 
0.00156822 0.00264447 0.121116 0.00226003 0.00216277 0.00260004 0.00236953 0.00136271 -0.00125323 -0.000726727 -0.00154359 -0.000858212 -0.0011094 -0.00231428 -0.00230145 -0.00136653 -0.00182419 -0.00235445 -0.00191166 -0.00235582 -0.00235106 -0.00204808 -0.00171947 -0.00181696 -0.00205066 -0.00181723 -0.00136634 -0.00171216 -0.00166585 -0.00142601 -0.00172139 -0.00157884 -0.00159264 -0.00194786 -0.00219639 -0.00135824 -0.00194776 -0.00204208 -0.00207875 -0.00188319 -0.00150763 -0.0013398 -0.00129355 -0.00147735 -0.00175422 -0.00182896 -0.00129373 -0.00139036 -0.000782036 -0.00194782 -0.00200086 -0.00135978 -0.00198072 -0.000590342 -0.000803409 -0.00122191 -0.00164687 -0.0011474 -0.0013211 -0.00162557 -0.00164437 -0.00125239 -0.00187394 -0.00188797 -0.0014437 -0.00163183 -0.0013155 -0.00169532 -0.00186218 -0.00103094 -0.00111983 -0.00104957 -0.00125144 -0.00155257 -0.000468001 -0.00186567 -0.00186413 -0.00182148 -0.00180446 -0.00260741 -0.00174074 -0.000709128 -0.00173475 -0.00130965 -0.00123331 -0.000944494 -0.00165594 -0.00119723 -0.000944622 -0.00182756 -0.0012275 -0.00126804 -0.000817707 -0.00148149 -0.00157046 -0.00185422 -0.00130817 -0.00105085 0.00143742 0.00195113 
0.0016229 0.00144106 0.00226003 0.123123 0.00274566 0.0020668 0.00240526 0.00207695 0.00247956 -0.000738435 -0.00153929 -0.00155549 -0.00147186 -0.00142184 -0.00209107 -0.00137931 -0.00176729 -0.00157518 -0.00166637 -0.00167767 -0.00224817 -0.00201644 -0.00264917 -0.00256202 -0.00230326 -0.00246484 -0.00150591 -0.00231551 -0.00189698 -0.00190355 -0.00278816 -0.000985711 -0.00117269 -0.00100636 -0.00173304 -0.00066118 -0.00134116 -0.00152549 -0.00162631 -0.00148412 -0.000842855 -0.000506779 -0.00220712 -0.00182647 -0.00107922 -0.00215333 -0.000998048 -0.0018697 -0.000980325 -0.00152313 -0.0016443 -0.00218035 -0.00133632 -0.00182752 -0.00246001 -0.00247347 -0.002142 -0.00172454 -0.00197051 -0.00188284 -0.00193361 -0.0023828 -0.00104763 -0.000819217 -0.00154903 -0.000829328 -0.00122252 -0.000575266 -0.00149748 -0.000839492 -0.000741244 -0.00110962 -0.00176392 -0.00168086 -0.00180187 -0.000941667 -0.00151713 -0.00131489 -0.00146839 -0.00194435 -0.00179117 -0.00140103 -0.00149406 -0.00194376 -0.0019499 -0.00125209 -0.00240694 -0.00172489 -0.00127851 -0.00156816 -0.00112341 -0.00137542 -0.00129627 -0.00163396 -0.000813719 -0.00112777 -0.00176038 -0.00137977 -0.00142156 0.00220445 
0.00210406 0.00246951 0.00216277 0.00274566 0.128798 0.00279448 0.00234918 0.00271056 0.00223724 0.00202608 -0.00121777 -0.000846583 -0.00211319 -0.00194992 -0.00241322 -0.00177141 -0.0030782 -0.00180813 -0.00158484 -0.00273217 -0.00231968 -0.00271585 -0.00145219 -0.00164702 -0.00162109 -0.00245811 -0.00317062 -0.00234976 -0.00138656 -0.00199275 -0.00149694 -0.00163392 -0.00199353 -0.00109275 -0.00208713 -0.0012243 -0.00165195 -0.00218877 -0.00118115 -0.0022806 -0.00197743 -0.00168697 -0.00177168 -0.00119388 -0.00165853 -0.0017785 -0.00156471 -0.000855451 -0.00233091 -0.00145306 -0.00130002 -0.00121394 -0.00135094 -0.00144446 -0.00208123 -0.0016486 -0.00182648 -0.00208124 -0.00215929 -0.00242982 -0.00171236 -0.00185669 -0.00176145 -0.00144864 -0.00175494 -0.000979133 -0.00126036 -0.000762784 -0.00118235 -0.000947925 -0.00109471 -0.00181702 -0.00160608 -0.00126119 -0.001667 -0.00143102 -0.00144903 -0.00162141 -0.00150836 -0.00142346 -0.00100312 -0.00159108 -0.00191235 -0.00157258 -0.00226188 -0.00141193 -0.00126802 -0.000888627 -0.0017979 -0.00211647 -0.00150635 -0.000943203 -0.00182382 -0.00110581 -0.0019154 -0.00142547 -0.00227377 -0.00140133 -0.00127381 -0.00109163 
0.00183735 0.00163092 0.00260004 0.0020668 0.00279448 0.131864 0.00286828 0.00246847 0.00318237 0.00172098 0.00177227 -0.00205894 -0.0014164 -0.000977999 -0.00207967 -0.00222036 -0.00214685 -0.00209226 -0.00132247 -0.00191535 -0.00071594 -0.00253767 -0.00127854 -0.00174684 -0.00215235 -0.00313235 -0.00181248 -0.00148672 -0.0024117 -0.000869239 -0.0027954 -0.00207121 -0.0021649 -0.0024285 -0.00127877 -0.00142064 -0.00173757 -0.00201016 -0.0024987 -0.00145808 -0.00246916 -0.00160095 -0.00263524 -0.0016616 -0.00228057 -0.00203123 -0.00142198 -0.00173141 -0.00124675 -0.00200829 -0.00194349 -0.00189773 -0.00177427 -0.00176401 -0.0026173 -0.00136497 -0.00238343 -0.00179417 -0.00186552 -0.00124954 -0.00190377 -0.0020846 -0.0013111 -0.00120189 -0.00201306 -0.0018261 -0.00257611 -0.00112849 -0.00156132 -0.000935735 -0.000754615 -0.0019193 -0.00211273 -0.0018997 -0.00103764 -0.00206142 -0.00184876 -0.00192739 -0.00200046 -0.00135182 -0.00160937 -0.00114325 -0.00134047 -0.00160353 -0.000824578 -0.00157356 -0.00100658 -0.00103551 -0.00212057 -0.00240673 -0.00149225 -0.00187492 -0.00174282 -0.00210679 -0.00196325 -0.000738424 -0.00146956 -0.0013572 -0.00149325 -0.000467379 
-0.0015624 0.00134728 0.00236953 0.00240526 0.00234918 0.00286828 0.128788 0.00211724 0.00223731 0.0023789 0.00232643 0.00243502 -0.000641064 -0.0015828 -0.00190852 -0.00178887 -0.00209211 -0.00181249 -0.00169401 -0.00280007 -0.00166694 -0.00144331 -0.00259798 -0.00280576 -0.00235847 -0.0017476 -0.00196217 -0.00226836 -0.00202618 -0.002565 -0.00265772 -0.00188225 -0.00167025 -0.00196995 -0.00173076 -0.00223892 -0.00177754 -0.0015501 -0.00212845 -0.00229575 -0.00151684 -0.00185136 -0.00150607 -0.00149119 -0.00178279 -0.00106172 -0.00173754 -0.00128693 -0.00149941 -0.00160376 -0.00235155 -0.00167456 -0.00211834 -0.0016781 -0.00203328 -0.00181635 -0.00176746 -0.00127138 -0.00140919 -0.00185233 -0.00203847 -0.00166323 -0.00176347 -0.000940328 -0.00177224 -0.00124942 -0.00111933 -0.00107256 -0.0017453 -0.00170918 -0.000983046 -0.00136522 -0.000814352 -0.0017107 -0.00177753 -0.00148011 -0.00121591 -0.00190304 -0.0017693 -0.00222041 -0.00119719 -0.00143876 -0.000824535 -0.00134599 -0.00164011 -0.000813535 -0.00160049 -0.00205098 -0.00173656 -0.00220115 -0.00100447 -0.00153476 -0.00184141 -0.00134223 -0.00121429 -0.00147973 -0.00183521 -0.00166046 -0.00227564 -0.00173538 
-0.00180607 -0.00164438 0.00136271 0.00207695 0.00271056 0.00246847 0.00211724 0.131788 0.00189681 0.00186133 0.00335718 0.00231958 0.00208849 -0.00170259 -0.00144215 -0.00226819 -0.00197171 -0.00236211 -0.00156517 -0.00180685 -0.00199949 -0.00185343 -0.00143048 -0.00233233 -0.00179667 -0.00322155 -0.00309514 -0.00177307 -0.000283512 -0.000825626 -0.00210508 -0.00194256 -0.00214237 -0.0020781 -0.00165322 -0.00200621 -0.00103486 -0.00218223 -0.00130022 -0.00190858 -0.00159666 -0.00230059 -0.00131655 -0.00282323 -0.00171416 -0.00159026 -0.00195566 -0.00187678 -0.00162482 -0.00170001 -0.000897484 -0.00233028 -0.00145765 -0.00123318 -0.00224914 -0.00166302 -0.00089523 -0.00203105 -0.00212485 -0.00225342 -0.000883659 -0.00166225 -0.00124693 -0.00148058 -0.00186116 -0.00215069 -0.00198266 -0.00206461 -0.00155282 -0.00171324 -0.00168892 -0.00198287 -0.000692702 -0.00191409 -0.00170505 -0.00124103 -0.00166994 -0.000879972 -0.00163133 -0.00145466 -0.0017799 -0.00275687 -0.00103215 -0.00167158 -0.00176755 -0.00164724 -0.00203941 -0.00231965 -0.00246064 -0.000965412 -0.00176889 -0.0014981 -0.00188389 -0.00121746 -0.00130384 -0.000912708 -0.00173695 -0.00207291 -0.00161355 -0.000971116 
-0.00107961 -0.00140509 -0.00125323 0.00247956 0.00223724 0.00318237 0.00223731 0.00189681 0.131227 0.00237433 0.00182378 0.00218502 0.00211566 0.002276 -0.00114982 -0.00181123 -0.0017039 -0.00370917 -0.00210995 -0.00279925 -0.00208425 -0.0015998 -0.00198448 -0.00296444 -0.00294279 -0.00310562 -0.00269377 -0.00313653 -0.0021298 -0.0031537 -0.00135821 -0.00218126 -0.0021248 -0.00171348 -0.00198536 -0.00226147 -0.0016978 -0.00204571 -0.00134045 -0.00150121 -0.00142323 -0.000954651 -0.00154363 -0.00156013 -0.00235863 -0.00155101 -0.00134783 -0.00125091 -0.00162548 -0.00125451 -0.00127088 -0.00146895 -0.00185948 -0.00283211 -0.00219406 -0.000901902 -0.0019848 -0.00146044 -0.00236435 -0.00212175 -0.00163874 -0.00229877 -0.00140257 -0.00145507 -0.00151808 -0.00159426 -0.000986327 -0.000904918 -0.00151441 -0.000963972 -0.00115622 -0.00109161 -0.0019309 -0.00108009 -0.00121735 -0.00112966 -0.00146859 -0.00163604 -0.00161346 -0.00181228 -0.00145536 -0.00209301 -0.00121333 -0.00233683 -0.00144332 -0.00126912 -0.00137922 -0.00164529 -0.00139703 -0.00258621 -0.00150644 -0.00159809 -0.00150789 -0.000673217 -0.00179835 -0.00141472 -0.00151707 -0.000982329 -0.00189224 -0.00155788 
-0.00117019 -0.00118401 -0.000726727 -0.000738435 0.00202608 0.00172098 0.0023789 0.00186133 0.00237433 0.128914 0.00226761 0.00250656 0.00351121 0.0020824 -0.00124337 -0.00176852 -0.001789 -0.00192125 -0.00192316 -0.00257049 -0.00240874 -0.00206271 -0.0017132 -0.00232957 -0.00254985 -0.00155602 -0.0019078 -0.00185026 -0.00126001 -0.00175965 -0.00206926 -0.000812827 -0.00163501 -0.00177726 -0.00184123 -0.00177324 -0.00171649 -0.00144194 -0.00230403 -0.00233779 -0.00105588 -0.00146796 -0.00119342 -0.00135684 -0.00161728 -0.00161541 -0.00105597 -0.00202423 -0.00197033 -0.00211572 -0.0024271 -0.002212 -0.00139073 -0.00134277 -0.00173897 -0.00195527 -0.00235475 -0.000689777 -0.000971168 -0.000989704 -0.00157523 -0.00199633 -0.00119511 -0.00124822 -0.00151398 -0.00181006 -0.00140551 -0.00137705 -0.00193768 -0.00128458 -0.00198164 -0.00124352 -0.00220778 -0.00216078 -0.00180825 -0.000828216 -0.00180185 -0.00248399 -0.00175338 -0.00162668 -0.00151731 -0.00181096 -0.00112261 -0.00182998 -0.00211416 -0.00159647 -0.00207651 -0.00192141 -0.00213497 -0.0011197 -0.0019943 -0.00214271 -0.0014101 -0.00118058 -0.00127118 -0.00215101 -0.0021248 -0.00105832 -0.00129957 -0.00083917 
-0.00129916 -0.00111996 -0.00154359 -0.00153929 -0.00121777 0.00177227 0.00232643 0.00335718 0.00182378 0.00226761 0.13719 0.00208796 0.0029633 0.00200892 0.00242585 0.00190339 -0.00215904 -0.00237592 -0.00231076 -0.0026947 -0.00224244 -0.00178569 -0.00338042 -0.00316441 -0.00279107 -0.0027597 -0.00189604 -0.00241336 -0.00257823 -0.00181521 -0.00171921 -0.00208604 -0.00150722 -0.000988775 -0.00128914 -0.00182624 -0.0012262 -0.00073002 -0.00135244 -0.000661007 -0.00169277 -0.00156089 -0.00185199 -0.00119735 -0.00110192 -0.00175637 -0.00238766 -0.00159141 -0.00124175 -0.001747 -0.00206786 -0.00186464 -0.00302489 -0.00193587 -0.00242144 -0.00163857 -0.00140981 -0.00180637 -0.00182414 -0.00165542 -0.00159577 -0.00167104 -0.0018851 -0.00140601 -0.00165917 -0.00250522 -0.00323415 -0.00183322 -0.00124734 -0.00228362 -0.00149027 -0.00198786 -0.00184239 -0.00134955 -0.00153277 -0.00225825 -0.0018943 -0.00141545 -0.0014531 -0.00149559 -0.00257659 -0.00254486 -0.00113731 -0.00127874 -0.00215157 -0.00139623 -0.00176212 -0.00170507 -0.00145401 -0.00193524 -0.00188574 -0.00195601 -0.00203558 -0.00132049 -0.00181037 -0.00123593 -0.000934877 -0.00105247 -0.00131394 -0.00234797 
-0.00183013 -0.00208157 -0.000858212 -0.00155549 -0.000846583 -0.00205894 0.00243502 0.00231958 0.00218502 0.00250656 0.00208796 0.133711 0.00334098 0.00252545 0.00235949 0.00162355 0.00219068 -0.00176274 -0.00152025 -0.00296329 -0.00234395 -0.00160655 -0.00172438 -0.00379872 -0.00182991 -0.00218121 -0.00260531 -0.00237545 -0.00243224 -0.00197244 -0.00187638 -0.00143977 -0.00248485 -0.00187197 -0.00190338 -0.00192458 -0.00226078 -0.00127245 -0.0014633 -0.00232463 -0.00170735 -0.00190137 -0.00166241 -0.00188913 -0.00110581 -0.0017642 -0.000474676 -0.00145599 -0.00127998 -0.00133005 -0.00225323 -0.00185751 -0.0016177 -0.00164597 -0.00158029 -0.00160122 -0.000828511 -0.00113158 -0.00187623 -0.00122784 -0.00189816 -0.00108514 -0.00196455 -0.00172126 -0.00152311 -0.00148343 -0.00215325 -0.00155629 -0.00207964 -0.00246625 -0.000573896 -0.00125384 -0.00186682 -0.0016965 -0.00126881 -0.00177872 -0.00155337 -0.00224279 -0.000872764 -0.00205592 -0.00210634 -0.00144719 -0.00213809 -0.00201663 -0.00247783 -0.00171913 -0.00272493 -0.00170876 -0.00221292 -0.00150628 -0.0011737 -0.00227463 -0.00156972 -0.00209826 -0.00163003 -0.00169648 -0.00171974 -0.00216293 -0.00123641 -0.00120993 
-0.00184469 -0.00202391 -0.0011094 -0.00147186 -0.00211319 -0.0014164 -0.000641064 0.00208849 0.00211566 0.00351121 0.0029633 0.00334098 0.134639 0.00250981 0.00259053 0.00259618 0.00260705 -0.00289635 -0.00245558 -0.0022456 -0.00281799 -0.00181598 -0.0019258 -0.001665 -0.00212078 -0.00296408 -0.00204317 -0.00270899 -0.00189414 -0.00185085 -0.00192578 -0.00263313 -0.00197101 -0.00179165 -0.00145048 -0.00191316 -0.00189049 -0.00212506 -0.000710684 -0.00153192 -0.00172362 -0.00185331 -0.00153251 -0.000896246 -0.00122657 -0.00146316 -0.00163286 -0.00221074 -0.00175763 -0.00150402 -0.00136116 -0.00189961 -0.00198043 -0.00240465 -0.00201721 -0.00160938 -0.0017585 -0.00163842 -0.00178056 -0.00132824 -0.00249349 -0.00184147 -0.00161273 -0.00132395 -0.00137424 -0.00229616 -0.00154137 -0.00193218 -0.00223792 -0.00155414 -0.00152039 -0.00183817 -0.00147198 -0.00227122 -0.00165946 -0.00196337 -0.00210634 -0.00185079 -0.00162432 -0.00140282 -0.00249736 -0.0016174 -0.00157901 -0.000917821 -0.00161815 -0.00141734 -0.00208467 -0.00149832 -0.00118569 -0.00216184 -0.00180105 -0.00114268 -0.0015271 -0.0018248 -0.00124796 -0.00192096 -0.000935125 -0.00151191 -0.0011481 -0.00186189 
-0.00119018 -0.00228976 -0.00231428 -0.00142184 -0.00194992 -0.000977999 -0.0015828 -0.00170259 0.002276 0.0020824 0.00200892 0.00252545 0.00250981 0.140589 0.00249759 0.00294971 0.00291598 0.00224847 0.00220389 -0.00176592 -0.00261626 -0.00185666 -0.00210111 -0.00246062 -0.00276654 -0.00281271 -0.00243183 -0.00306847 -0.00181646 -0.00227649 -0.00143791 -0.00239181 -0.00110117 -0.00118269 -0.00219805 -0.00176187 -0.00219847 -0.00138441 -0.00135044 -0.00149916 -0.00202645 -0.00219334 -0.000538218 -0.00103128 -0.00161231 -0.00163434 -0.00123899 -0.00163099 -0.00263701 -0.00206247 -0.000893383 -0.00161458 -0.00149984 -0.00213922 -0.00213949 -0.00121593 -0.0023482 -0.0017612 -0.00157892 -0.00208421 -0.0017066 -0.00258591 -0.00147333 -0.00168952 -0.00213291 -0.00156968 -0.00263916 -0.00211718 -0.00165323 -0.00252527 -0.00156647 -0.00161911 -0.00252636 -0.00184589 -0.00228572 -0.00173596 -0.000991183 -0.00137607 -0.000619918 -0.00176772 -0.00107731 -0.00129109 -0.00164006 -0.00187798 -0.00127051 -0.00149271 -0.0018278 -0.00218952 -0.00179518 -0.00179519 -0.00257862 -0.00191141 -0.0017377 -0.00223833 -0.00186654 -0.00205239 -0.00259969 -0.0017531 -0.00241732 -0.00317839 
-0.00243701 -0.00300151 -0.00230145 -0.00209107 -0.00241322 -0.00207967 -0.00190852 -0.00144215 -0.00114982 -0.00124337 0.00242585 0.00235949 0.00259053 0.00249759 0.141947 0.00248337 0.00346645 0.00272183 0.0032272 0.00225888 -0.000408069 -0.000861833 -0.00211468 -0.00117087 -0.00145591 -0.00217126 -0.00161664 -0.00294248 -0.0023575 -0.0019259 -0.00274501 -0.00223647 -0.00260115 -0.00199299 -0.00130261 -0.00167683 -0.00206978 -0.00171474 -0.00198744 -0.00193332 -0.00197685 -0.00110255 -0.00176034 -0.00178286 -0.00235965 -0.0013418 -0.00132361 -0.00244467 -0.00213718 -0.00163949 -0.00145367 -0.0013203 -0.00204893 -0.00130587 -0.0021171 -0.00116153 -0.000994664 -0.00208481 -0.00183993 -0.00191017 -0.00215297 -0.00226869 -0.00162206 -0.0019546 -0.0018843 -0.00279065 -0.00197369 -0.00201673 -0.00212899 -0.00175417 -0.00180628 -0.00186596 -0.0013887 -0.00185094 -0.000907172 -0.00179614 -0.00247458 -0.00128597 -0.0016418 -0.00137041 -0.00135896 -0.001578 -0.00159521 -0.00168773 -0.00245013 -0.00312498 -0.00312682 -0.00228944 -0.00155057 -0.00176398 -0.00123857 -0.00100064 -0.00134076 -0.00168185 -0.00172068 -0.0018398 -0.00184386 -0.00265356 -0.00250294 -0.00123552 
-0.00205296 -0.00271673 -0.00136653 -0.00137931 -0.00177141 -0.00222036 -0.00178887 -0.00226819 -0.00181123 -0.00176852 0.00190339 0.00162355 0.00259618 0.00294971 0.00248337 0.14249 0.00300572 0.00200284 0.0027507 0.0029355 -0.00100531 -0.000985096 -0.00243158 -0.0023952 -0.00154946 -0.00116037 -0.00226596 -0.00271134 -0.0017735 -0.00133583 -0.00138718 -0.0015445 -0.00184558 -0.00124221 -0.00160568 -0.00177097 -0.00188483 -0.00164517 -0.00159992 -0.00196847 -0.00178032 -0.00161624 -0.00192679 -0.00214753 -0.00231419 -0.002376 -0.00255737 -0.00202753 -0.0024535 -0.00269736 -0.00189515 -0.00166355 -0.00286097 -0.00148544 -0.0024548 -0.00109144 -0.00209497 -0.00235539 -0.00187202 -0.00203609 -0.00107615 -0.00239018 -0.00212824 -0.00237422 -0.00112659 -0.00284295 -0.00236055 -0.00193955 -0.00162648 -0.00128638 -0.00126431 -0.00136762 -0.00157258 -0.00197747 -0.00201789 -0.000963255 -0.00188834 -0.00169692 -0.00102755 -0.00146607 -0.00158642 -0.00300877 -0.00224304 -0.00180873 -0.00115665 -0.00199683 -0.00142351 -0.00206433 -0.00130422 -0.00183366 -0.00180097 -0.000809216 -0.00203823 -0.00166788 -0.00174646 -0.00205868 -0.00149579 -0.00208914 -0.0026496 -0.000606971 
-0.00177325 -0.00207769 -0.00182419 -0.00176729 -0.0030782 -0.00214685 -0.00209211 -0.00197171 -0.0017039 -0.001789 -0.00215904 0.00219068 0.00260705 0.00291598 0.00346645 0.00300572 0.151525 0.00311537 0.00290785 0.00300024 0.00256287 0.0020537 -0.00225604 -0.0022004 -0.00226125 -0.0013072 -0.0024906 -0.00188631 -0.00158666 -0.00142319 -0.00233374 -0.00243759 -0.00149731 -0.00193578 -0.000871322 -0.00278459 -0.00189116 -0.00270494 -0.00311665 -0.00234301 -0.00225107 -0.00263102 -0.00208509 -0.00237774 -0.00225936 -0.00156212 -0.00238747 -0.00172181 -0.00179717 -0.00315325 -0.00166734 -0.00132059 -0.00122332 -0.0016667 -0.00176304 -0.00209241 -0.00174791 -0.00241504 -0.00174312 -0.00230216 -0.00216549 -0.00185094 -0.00110974 -0.00191889 -0.00203777 -0.00228592 -0.00189631 -0.00217887 -0.00185367 -0.00197254 -0.00182899 -0.0028525 -0.00253416 -0.00239021 -0.00193216 -0.0014702 -0.00209844 -0.00142144 -0.00131896 -0.00181115 -0.00153106 -0.00204448 -0.00248732 -0.00189531 -0.00214926 -0.00328454 -0.00255688 -0.00190609 -0.0017092 -0.00232531 -0.00186351 -0.00176132 -0.0016673 -0.00159624 -0.0023435 -0.00172392 -0.00194037 -0.00152757 -0.00158476 -0.00264597 
-0.00113384 -0.00145177 -0.00235445 -0.00157518 -0.00180813 -0.00209226 -0.00181249 -0.00236211 -0.00370917 -0.00192125 -0.00237592 -0.00176274 -0.00289635 0.00224847 0.00272183 0.00200284 0.00311537 0.14573 0.00362563 0.00306357 0.00358572 0.00331773 0.00181178 -0.0023592 -0.00237596 -0.00213174 -0.0025091 -0.00247223 -0.00242576 -0.00259357 -0.00211122 -0.00227831 -0.00195516 -0.00204713 -0.00223325 -0.00180833 -0.00265227 -0.0028486 -0.00196116 -0.00184396 -0.00165161 -0.00276324 -0.00200014 -0.0019274 -0.00221775 -0.00163056 -0.000599202 -0.00109408 -0.000864469 -0.00120406 -0.00110192 -0.000963687 -0.000682028 -0.00100029 -0.00169452 -0.00179945 -0.00083259 -0.00202547 -0.00266722 -0.00165361 -0.00207559 -0.0016516 -0.00134111 -0.00154746 -0.00231967 -0.00225632 -0.00192584 -0.00148018 -0.00217963 -0.00168813 -0.00138032 -0.00170725 -0.00205859 -0.00242881 -0.00134396 -0.00212255 -0.00226769 -0.00165614 -0.00204898 -0.00152127 -0.00162164 -0.00152826 -0.00205554 -0.00221521 -0.00213528 -0.0022082 -0.00169674 -0.002571 -0.00113183 -0.00152654 -0.00204721 -0.00179536 -0.00141043 -0.00201784 -0.00179647 -0.00225867 -0.00200809 -0.00191384 -0.0020546 -0.00199357 
-0.00152941 -0.00171737 -0.00191166 -0.00166637 -0.00158484 -0.00132247 -0.00169401 -0.00156517 -0.00210995 -0.00192316 -0.00231076 -0.00152025 -0.00245558 0.00220389 0.0032272 0.0027507 0.00290785 0.00362563 0.138289 0.00372253 0.00230821 0.00237854 0.00257853 -0.000443046 -0.00114796 -0.00177739 -0.00183528 -0.00240405 -0.00212264 -0.00157397 -0.00204756 -0.00233562 -0.0018117 -0.0018448 -0.00209633 -0.00262632 -0.00224475 -0.00197022 -0.00166831 -0.00255484 -0.00223698 -0.002152 -0.00116062 -0.00176083 -0.0012498 -0.00241022 -0.000756972 -0.0016121 -0.00247866 -0.00168123 -0.00140095 -0.00134365 -0.00138501 -0.00229375 -0.00175715 -0.00222168 -0.0016631 -0.00182158 -0.00201511 -0.00160162 -0.00170233 -0.00182472 -0.00125963 -0.00186674 -0.00145134 -0.00205993 -0.00132271 -0.00241007 -0.00258821 -0.00159962 -0.00152549 -0.00195778 -0.00176648 -0.00233287 -0.00148583 -0.00241694 -0.00099628 -0.00121485 -0.00184054 -0.00196304 -0.0021815 -0.00225528 -0.00285438 -0.00174045 -0.00205904 -0.00207313 -0.00168997 -0.00154847 -0.00181756 -0.00203241 -0.00282743 -0.000999371 -0.00200242 -0.00148833 -0.00156302 -0.00155287 -0.00170796 -0.00182272 -0.0015579 -0.00181401 
-0.00143202 -0.000929115 -0.00235582 -0.00167767 -0.00273217 -0.00191535 -0.00280007 -0.00180685 -0.00279925 -0.00257049 -0.0026947 -0.00296329 -0.0022456 -0.00176592 0.00225888 0.0029355 0.00300024 0.00306357 0.00372253 0.160236 0.00343815 0.00360236 0.0031673 0.0039677 0.00301265 -0.00166954 -0.00201406 -0.00212803 -0.00220674 -0.00260371 -0.00264589 -0.00192698 -0.00256235 -0.00210391 -0.00206907 -0.00280433 -0.00141651 -0.00258344 -0.00287923 -0.00192976 -0.00270398 -0.00223555 -0.00240584 -0.00155861 -0.00125172 -0.00308828 -0.0020081 -0.00266434 -0.00307141 -0.00221081 -0.00244808 -0.00180794 -0.0023109 -0.00235458 -0.00179432 -0.00226481 -0.00200134 -0.00116378 -0.00339998 -0.0025658 -0.00165138 -0.00232673 -0.00197956 -0.00145224 -0.00182517 -0.00179862 -0.00119905 -0.00227476 -0.00162392 -0.00326808 -0.00242029 -0.0025876 -0.00284501 -0.00247243 -0.00305503 -0.00178522 -0.00279581 -0.00223699 -0.00259803 -0.00276108 -0.00282182 -0.0021436 -0.0012309 -0.00191678 -0.00222591 -0.0025131 -0.00251588 -0.00185924 -0.00155929 -0.00197132 -0.00219738 -0.00189012 -0.000862536 -0.00205419 -0.00141579 -0.00194327 -0.00159774 -0.00108746 -0.00198332 -0.002116 
-0.00122406 -0.0013229 -0.00235106 -0.00224817 -0.00231968 -0.00071594 -0.00166694 -0.00199949 -0.00208425 -0.00240874 -0.00224244 -0.00234395 -0.00281799 -0.00261626 -0.000408069 -0.00100531 0.00256287 0.00358572 0.00230821 0.00343815 0.149057 0.00401251 0.00339691 0.00294755 0.00270803 0.00286119 -0.000745613 -0.002258 -0.00176448 -0.00315733 -0.00355926 -0.00309057 -0.00263533 -0.00266161 -0.00250967 -0.00160764 -0.00250159 -0.00289705 -0.00186474 -0.00283344 -0.00127375 -0.00180288 -0.00182924 -0.00179685 -0.00159423 -0.00234635 -0.00194641 -0.00172515 -0.00116712 -0.00211525 -0.00128266 -0.00199914 -0.00136343 -0.00216763 -0.00173458 -0.00160053 -0.00176919 -0.000567483 -0.00192748 -0.00185872 -0.00181402 -0.00221148 -0.00139733 -0.00175041 -0.00284968 -0.00186397 -0.00298663 -0.00200768 -0.00291181 -0.00239532 -0.000831538 -0.00190873 -0.0028351 -0.00227828 -0.00206365 -0.00234077 -0.00132703 -0.00115522 -0.00160725 -0.00200258 -0.00139211 -0.00104159 -0.00218336 -0.000712779 -0.00147226 -0.00195342 -0.00178427 -0.00193728 -0.00247571 -0.00156693 -0.00175443 -0.00246724 -0.00202981 -0.00288297 -0.00213571 -0.00286437 -0.00303666 -0.00173397 -0.00156168 -0.00162374 
-0.00215501 -0.00160785 -0.00204808 -0.00201644 -0.00271585 -0.00253767 -0.00144331 -0.00185343 -0.0015998 -0.00206271 -0.00178569 -0.00160655 -0.00181598 -0.00185666 -0.000861833 -0.000985096 0.0020537 0.00331773 0.00237854 0.00360236 0.00401251 0.141503 0.00292261 0.00256014 0.00214321 0.00315862 -0.000693008 -0.00100486 -0.000807319 -0.00219634 -0.00168694 -0.00137 -0.00255153 -0.0026047 -0.00177794 -0.00239186 -0.00175669 -0.00193456 -0.00277237 -0.00262325 -0.00180955 -0.00247391 -0.0031199 -0.00241876 -0.00176911 -0.00255484 -0.00263718 -0.00162106 -0.00169899 -0.00198217 -0.00244771 -0.00208124 -0.00218891 -0.002323 -0.00150793 -0.00114194 -0.00138524 -0.000664355 -0.00194375 -0.00173467 -0.0011717 -0.00193483 -0.00126738 -0.00260603 -0.00249435 -0.00112169 -0.00145986 -0.00156135 -0.00212887 -0.00249561 -0.00218422 -0.00197624 -0.00215814 -0.00225256 -0.00183394 -0.00133799 -0.00190178 -0.00281427 -0.00269921 -0.00212992 -0.00190025 -0.00275454 -0.00175894 -0.00199995 -0.00122953 -0.00131193 -0.00217792 -0.00200615 -0.000751485 -0.00242793 -0.00155439 -0.00192396 -0.00115383 -0.00168029 -0.00153354 -0.00183682 -0.000794733 -0.000986143 -0.00264442 -0.00106799 
-0.00104982 -0.00152245 -0.00171947 -0.00264917 -0.00145219 -0.00127854 -0.00259798 -0.00143048 -0.00198448 -0.0017132 -0.00338042 -0.00172438 -0.0019258 -0.00210111 -0.00211468 -0.00243158 -0.00225604 0.00181178 0.00257853 0.0031673 0.00339691 0.00292261 0.144242 0.0026418 0.00156149 0.00311196 0.00251467 -0.00139832 -0.00144856 -0.00156205 -0.00190039 -0.00252639 -0.00159908 -0.00247748 -0.00249798 -0.0022397 -0.00170601 -0.00272043 -0.0026786 -0.00211468 -0.00277621 -0.00170367 -0.00243425 -0.00171967 -0.00185081 -0.00254915 -0.00215427 -0.00144086 -0.00176802 -0.00181025 -0.00187744 -0.00106855 -0.000975445 -0.00207835 -0.000892086 -0.00190032 -0.000844239 -0.00166148 -0.00183593 -0.00195384 -0.00195149 -0.000425051 -0.00173796 -0.00127435 -0.00127173 -0.00195804 -0.00200462 -0.00183258 -0.00124919 -0.00135946 -0.00264506 -0.00201691 -0.00209093 -0.00285944 -0.00246613 -0.00240802 -0.00190402 -0.00209553 -0.00168381 -0.00229385 -0.00124214 -0.00164567 -0.00158858 -0.00150497 -0.00158305 -0.00159687 -0.00211669 -0.00199324 -0.00141681 -0.00130462 -0.00267097 -0.00249614 -0.00171286 -0.00168646 -0.00174172 -0.0016447 -0.00137339 -0.00191082 -0.00231113 -0.00138412 
-0.00220757 -0.00187558 -0.00181696 -0.00256202 -0.00164702 -0.00174684 -0.00280576 -0.00233233 -0.00296444 -0.00232957 -0.00316441 -0.00379872 -0.001665 -0.00246062 -0.00117087 -0.0023952 -0.0022004 -0.0023592 -0.000443046 0.0039677 0.00294755 0.00256014 0.0026418 0.146831 0.00321261 0.00263154 0.00395858 0.00246284 -0.00255624 -0.0012624 -0.00211943 -0.00185957 -0.00247708 -0.0015577 -0.00225322 -0.00183459 -0.00225389 -0.000969834 -0.00286472 -0.00170089 -0.00244475 -0.00191083 -0.0014895 -0.00223795 -0.00189616 -0.00245491 -0.00180735 -0.00190192 -0.00212673 -0.00151164 -0.00156964 -0.0012851 -0.00120003 -0.00164887 -0.00103819 -0.00134678 -0.00189103 -0.00199892 -0.000706889 -0.00159465 -0.00112529 -0.00128814 -0.00170521 -0.00199083 -0.00146504 -0.00130371 -0.00213562 -0.00236864 -0.00144314 -0.00153994 -0.00198108 -0.00187105 -0.00184815 -0.00210736 -0.0021839 -0.00125044 -0.00186652 -0.00135646 -0.00249838 -0.0018436 -0.00199302 -0.00144925 -0.00116609 -0.00157721 -0.00262235 -0.00179533 -0.00170487 -0.00065742 -0.0018314 -0.00205574 -0.00141052 -0.00211345 -0.00199871 -0.00202836 -0.0027244 -0.00247925 -0.0018358 -0.00176317 -0.00203356 -0.00108409 
-0.000885605 -0.00200586 -0.00205066 -0.00230326 -0.00162109 -0.00215235 -0.00235847 -0.00179667 -0.00294279 -0.00254985 -0.00279107 -0.00182991 -0.00212078 -0.00276654 -0.00145591 -0.00154946 -0.00226125 -0.00237596 -0.00114796 0.00301265 0.00270803 0.00214321 0.00156149 0.00321261 0.14649 0.00359517 0.0040506 0.00252379 0.00215881 0.00226192 -0.00101948 -0.00142789 -0.00186478 -0.00179863 -0.00175592 -0.00158579 -0.00113504 -0.00119309 -0.0020457 -0.00199783 -0.00103706 -0.00277523 -0.00264199 -0.00196754 -0.00241612 -0.00285223 -0.00216632 -0.00212214 -0.00142946 -0.00236551 -0.0021314 -0.00183415 -0.00303206 -0.00216104 -0.000482378 -0.00222677 -0.00256759 -0.00218662 -0.00185893 -0.000700155 -0.00174646 -0.00153846 -0.00130315 -0.00185257 -0.00113042 -0.0018454 -0.00154181 -0.00282729 -0.00163418 -0.00234469 -0.00173675 -0.00186238 -0.00119844 -0.00200554 -0.00198149 -0.00159174 -0.00181157 -0.00198422 -0.00246809 -0.00211577 -0.0021529 -0.000936458 -0.00206886 -0.00164491 -0.00137268 -0.00168477 -0.00268722 -0.00241585 -0.00247552 -0.00275902 -0.00242846 -0.00219708 -0.00183086 -0.00229141 -0.00139227 -0.00259681 -0.00205271 -0.00190356 -0.00191286 -0.00264916 
-0.00204856 -0.00167382 -0.00181723 -0.00246484 -0.00245811 -0.00313235 -0.0017476 -0.00322155 -0.00310562 -0.00155602 -0.0027597 -0.00218121 -0.00296408 -0.00281271 -0.00217126 -0.00116037 -0.0013072 -0.00213174 -0.00177739 -0.00166954 0.00286119 0.00315862 0.00311196 0.00263154 0.00359517 0.147983 0.00333018 0.00241582 0.00106231 0.00231796 0.00228852 -0.00220209 -0.00114905 -0.00287871 -0.00207602 -0.00238077 -0.00248735 -0.00166851 -0.00214901 -0.00182182 -0.00137236 -0.00170591 -0.00223615 -0.00292098 -0.00200166 -0.00213371 -0.00225642 -0.00155806 -0.00238859 -0.0020579 -0.00121291 -0.00138382 -0.00225136 -0.00220321 -0.00125778 -0.00223378 -0.000944597 -0.00117126 -0.00121255 -0.00140874 -0.0016173 -0.000941269 -0.00146066 -0.00187479 -0.00239624 -0.00146565 -0.00159132 -0.00111477 -0.0020438 -0.00174683 -0.00204661 -0.00254942 -0.0024776 -0.00295137 -0.00260341 -0.00203187 -0.00135942 -0.00187831 -0.00158492 -0.00121964 -0.00151591 -0.00167059 -0.00259341 -0.000878784 -0.00273899 -0.00134629 -0.00212595 -0.00175141 -0.00153208 -0.00213386 -0.00120301 -0.00224918 -0.00218954 -0.00279621 -0.00187165 -0.00229753 -0.00179208 -0.00164151 -0.00180556 -0.00278166 
-0.00189379 -0.00221614 -0.00136634 -0.00150591 -0.00317062 -0.00181248 -0.00196217 -0.00309514 -0.00269377 -0.0019078 -0.00189604 -0.00260531 -0.00204317 -0.00243183 -0.00161664 -0.00226596 -0.0024906 -0.0025091 -0.00183528 -0.00201406 -0.000745613 -0.000693008 0.00251467 0.00395858 0.0040506 0.00333018 0.14322 0.0027483 0.00227042 0.00171195 0.00213137 0.00195809 -0.00168869 -0.00111079 -0.00116937 -0.00124002 -0.00168897 -0.00191489 -0.00229777 -0.00169259 -0.0021453 -0.00234089 -0.00210716 -0.000851511 -0.00173326 -0.00241431 -0.00186656 -0.00247649 -0.00184893 -0.0015099 -0.00210417 -0.00128197 -0.00209488 -0.00271512 -0.00183185 -0.00194495 -0.00182192 -0.0022105 -0.000330093 -0.00211389 -0.00164192 -0.00118317 -0.00139642 -0.00134195 -0.00189258 -0.00168698 -0.00153796 -0.0013904 -0.00180763 -0.00169896 -0.00174196 -0.00101366 -0.00219171 -0.00276371 -0.000949792 -0.00170398 -0.00109414 -0.00177706 -0.00183515 -0.00160614 -0.00170612 -0.0016647 -0.002095 -0.00170115 -0.00170542 -0.00225641 -0.00196495 -0.0026194 -0.00144956 -0.00212995 -0.00234875 -0.00190048 -0.00183508 -0.00201507 -0.00168679 -0.00246915 -0.00174167 -0.00246322 -0.00269034 -0.00187781 
-0.0015932 -0.0019167 -0.00171216 -0.00231551 -0.00234976 -0.00148672 -0.00226836 -0.00177307 -0.00313653 -0.00185026 -0.00241336 -0.00237545 -0.00270899 -0.00306847 -0.00294248 -0.00271134 -0.00188631 -0.00247223 -0.00240405 -0.00212803 -0.002258 -0.00100486 -0.00139832 0.00246284 0.00252379 0.00241582 0.0027483 0.138464 0.00280204 0.00277249 0.00293493 0.00261489 0.00115931 -0.0011938 -0.00142907 -0.00141963 -0.00144625 -0.00105413 -0.00262631 -0.00112451 -0.00195751 -0.00192613 -0.00149883 -0.00174736 -0.00193675 -0.00251095 -0.00125533 -0.00142327 -0.00152096 -0.0010271 -0.00140566 -0.00244914 -0.000314947 -0.00115822 -0.00113261 -0.00118364 -0.00131316 -0.0011367 -0.00157911 -0.00187462 -0.00215541 -0.00142606 -0.00123647 -0.00160312 -0.00107219 -0.00171161 -0.00190606 -0.00139079 -0.000867451 -0.00206825 -0.00182382 -0.00307295 -0.00236274 -0.00117214 -0.00203391 -0.0023298 -0.00113515 -0.00140209 -0.00238222 -0.00208014 -0.00282518 -0.00201186 -0.00219003 -0.00179327 -0.00124883 -0.000825527 -0.00125927 -0.00177562 -0.0019005 -0.00121576 -0.00139722 -0.00205791 -0.00162221 -0.00205939 -0.00201284 -0.00250544 -0.0015307 -0.0014369 -0.00142266 -0.00175533 
-0.00106539 -0.00264675 -0.00166585 -0.00189698 -0.00138656 -0.0024117 -0.00202618 -0.000283512 -0.0021298 -0.00126001 -0.00257823 -0.00243224 -0.00189414 -0.00181646 -0.0023575 -0.0017735 -0.00158666 -0.00242576 -0.00212264 -0.00220674 -0.00176448 -0.000807319 -0.00144856 -0.00255624 0.00215881 0.00106231 0.00227042 0.00280204 0.138035 0.00271928 0.00196608 0.00223147 0.00384534 0.00198304 -0.00161207 -0.000687788 -0.00151895 -0.000785521 -0.00206434 -0.00116636 -0.00115628 -0.00151725 -0.00154254 -0.00210353 -0.00188302 -0.00285336 -0.00268244 -0.00175774 -0.00235249 -0.001573 -0.0019312 -0.00270544 -0.00202643 -0.00161249 -0.00170341 -0.00160109 -0.00179481 -0.00217153 -0.00191564 -0.00178027 -0.00158936 -0.00184256 -0.00186321 -0.000969789 -0.00193597 -0.00131238 -0.000624911 -0.00203422 -0.00068969 -0.00162503 -0.00173392 -0.00164432 -0.000987413 -0.000611893 -0.00160336 -0.00134483 -0.00207109 -0.00161588 -0.00233072 -0.00238271 -0.00154948 -0.00129551 -0.000836485 -0.0019141 -0.00188328 -0.00251714 -0.00275764 -0.00187924 -0.00179724 -0.00239907 -0.00185106 -0.00206581 -0.00148594 -0.00218349 -0.00145777 -0.00232226 -0.00146534 -0.00194852 -0.00175146 -0.00185786 
-0.00177994 -0.00228179 -0.00142601 -0.00190355 -0.00199275 -0.000869239 -0.002565 -0.000825626 -0.0031537 -0.00175965 -0.00181521 -0.00197244 -0.00185085 -0.00227649 -0.0019259 -0.00133583 -0.00142319 -0.00259357 -0.00157397 -0.00260371 -0.00315733 -0.00219634 -0.00156205 -0.0012624 0.00226192 0.00231796 0.00171195 0.00277249 0.00271928 0.135142 0.00329025 0.00256649 0.00277101 0.0015808 -0.00134079 -0.00143831 -0.00168091 -0.00169406 -0.00143137 -0.00163828 -0.00105018 -0.00166132 -0.00229647 -0.00129286 -0.00244537 -0.00210598 -0.00128875 -0.0011205 -0.00246299 -0.00175355 -0.00161458 -0.00182134 -0.00216289 -0.000986404 -0.00105293 -0.00187615 -0.00180803 -0.00216037 -0.00160584 -0.00167892 -0.00154232 -0.00209866 -0.00194247 -0.00134865 -0.00144806 -0.00161554 -0.00204909 -0.00128645 -0.00160039 -0.0015033 -0.00201694 -0.00235419 -0.00198329 -0.00183994 -0.00106996 -0.0018268 -0.00210367 -0.00194119 -0.00238763 -0.00167366 -0.00234692 -0.00211553 -0.00083139 -0.00126422 -0.00211854 -0.00157256 -0.000992815 -0.00103654 -0.0015597 -0.000973519 -0.000628268 -0.00209048 -0.00121256 -0.00185402 -0.00213036 -0.00189926 -0.00238617 -0.00147341 -0.00165387 -0.00178583 
-0.00140418 -0.00184536 -0.00172139 -0.00278816 -0.00149694 -0.0027954 -0.00265772 -0.00210508 -0.00135821 -0.00206926 -0.00171921 -0.00187638 -0.00192578 -0.00143791 -0.00274501 -0.00138718 -0.00233374 -0.00211122 -0.00204756 -0.00264589 -0.00355926 -0.00168694 -0.00190039 -0.00211943 -0.00101948 0.00228852 0.00213137 0.00293493 0.00196608 0.00329025 0.136268 0.00255655 0.00252178 0.00213197 0.00190868 0.00166487 -0.00189635 -0.00156988 -0.000692043 -0.0025005 -0.00218681 -0.0018043 -0.00253121 -0.00211485 -0.00150185 -0.00159086 -0.00190212 -0.00140739 -0.00161241 -0.0020066 -0.000619182 -0.00219218 -0.00203103 -0.000487973 -0.000562126 -0.00116333 -0.000919954 -0.00165543 -0.0012889 -0.00171445 -0.000716234 -0.00150746 -0.000407632 -0.00181161 -0.00191433 -0.00102035 -0.00201999 -0.00214088 -0.00165432 -0.00172355 -0.00105225 -0.00191632 -0.0018269 -0.00100292 -0.00197927 -0.00155185 -0.00150427 -0.00227937 -0.00212338 -0.00157964 -0.00170373 -0.00271093 -0.00177871 -0.00193769 -0.0030274 -0.0018805 -0.000966157 -0.00190144 -0.00209285 -0.0026465 -0.00165288 -0.00206373 -0.00244749 -0.00165545 -0.00207303 -0.0014201 -0.00127875 -0.00183817 -0.00211225 -0.00203431 
-0.00164419 -0.00217731 -0.00157884 -0.000985711 -0.00163392 -0.00207121 -0.00188225 -0.00194256 -0.00218126 -0.000812827 -0.00208604 -0.00143977 -0.00263313 -0.00239181 -0.00223647 -0.0015445 -0.00243759 -0.00227831 -0.00233562 -0.00192698 -0.00309057 -0.00137 -0.00252639 -0.00185957 -0.00142789 -0.00220209 0.00195809 0.00261489 0.00223147 0.00256649 0.00255655 0.126612 0.00163314 0.00255844 0.00225459 0.00236957 0.00199706 -0.00175635 -0.00125368 -0.00185298 -0.00178132 -0.00228055 -0.00194497 -0.00216347 -0.00193725 -0.00187507 -0.000902017 -0.000925926 -0.00195531 -0.00201395 -0.00102356 -0.00184313 -0.00239965 -0.00103365 -0.00145942 -0.00154562 -0.0018132 -0.0015021 -0.000801857 -0.00138628 -0.00149391 -0.00184388 -0.00127051 -0.00185197 -0.00107525 -0.00151106 -0.00103117 -0.00153792 -0.0013122 -0.00202041 -0.00133648 -0.0014804 -0.00151767 -0.00150705 -0.00143506 -0.00194147 -0.00129431 -0.00126107 -0.00118808 -0.0016415 -0.00100132 -0.00236215 -0.00165483 -0.00114075 -0.00145813 -0.00191635 -0.00136727 -0.00144758 -0.00177526 -0.00185185 -0.00131605 -0.00181281 -0.00120254 -0.00245196 -0.00178241 -0.0012732 -0.0015602 -0.000668847 -0.00194389 -0.00166529 
-0.00146332 -0.00216496 -0.00159264 -0.00117269 -0.00199353 -0.0021649 -0.00167025 -0.00214237 -0.0021248 -0.00163501 -0.00150722 -0.00248485 -0.00197101 -0.00110117 -0.00260115 -0.00184558 -0.00149731 -0.00195516 -0.0018117 -0.00256235 -0.00263533 -0.00255153 -0.00159908 -0.00247708 -0.00186478 -0.00114905 -0.00168869 0.00115931 0.00384534 0.00277101 0.00252178 0.00163314 0.129916 0.00203931 0.00183269 0.00198636 0.00222324 0.00145881 -0.00161233 -0.00173624 -0.00170766 -0.00159496 -0.00115072 -0.00144339 -0.00156103 -0.00185292 -0.00193557 -0.00213752 -0.00184153 -0.00172535 -0.00142938 -0.00188905 -0.00156646 -0.00114435 -0.00258437 -0.00157237 -0.00214393 -0.00134997 -0.00199766 -0.000879229 -0.00181186 -0.00145485 -0.00146887 -0.00152697 -0.00130197 -0.00187184 -0.00154921 -0.00114924 -0.000671076 -0.00178906 -0.00199323 -0.00185491 -0.00211655 -0.00201553 -0.00165576 -0.00090322 -0.00122974 -0.00147544 -0.00222862 -0.00141407 -0.00123496 -0.00114331 -0.00230976 -0.000783813 -0.00145989 -0.00188257 -0.00168227 -0.00187766 -0.00232533 -0.00158772 -0.000995929 -0.000780655 -0.00214665 -0.00181153 -0.00131232 -0.00203911 -0.0015052 -0.0013357 -0.00177817 -0.00162918 
