0.122576 0.00164277 0.00253426 0.00167304 0.00225437 0.00124749 -0.0015124 -0.0008501 -0.0016559 -0.00127655 -0.0014684 -0.00165412 -0.00149436 -0.000514923 -0.00172684 -0.00113171 -0.00120019 -0.00196169 -0.00172262 -0.00291714 -0.00264184 -0.00188867 -0.00194207 -0.0020999 -0.0014279 -0.0023756 -0.00183727 -0.0021069 -0.00109037 -0.00157168 -0.00150485 -0.00245713 -0.00173559 -0.00165621 -0.000839691 -0.00116033 -0.00126265 -0.00164998 -0.00127856 -0.00200696 -0.000999694 -0.00172821 -0.00160185 -0.00157016 -0.00199782 -0.00216399 -0.00201912 -0.00188297 -0.00109168 -0.0019265 -0.00114127 -0.00193974 -0.00136024 -0.00167251 -0.00174732 -0.00169722 -0.00118292 -0.00149348 -0.0020468 -0.00157909 -0.00151757 -0.00136053 -0.00148715 -0.00110135 -0.00119593 -0.00124146 -0.00112271 -0.00172112 -0.00237739 -0.00131126 -0.00191331 -0.00189712 -0.00204265 -0.00125682 -0.0011358 -0.00149967 -0.000816159 -0.00124628 -0.00138341 -0.00155784 -0.000946021 -0.00128605 -0.0021489 -0.00115322 -0.000903714 -0.00131093 -0.00127275 -0.00129261 -0.000759194 -0.00177162 -0.00167286 -0.00222786 -0.00117321 -0.00213316 -0.00108845 -0.000930361 0.00162457 0.00243542 0.00198345 0.0017483 
0.00164277 0.12584 0.00160091 0.00253664 0.00154236 0.00272588 0.00112759 -0.000758829 -0.00170017 -0.00134184 -0.00184882 -0.00211117 -0.00208083 -0.00180124 -0.00191705 -0.00156519 -0.00118316 -0.00169065 -0.00193135 -0.00255649 -0.0019559 -0.000975269 -0.00239766 -0.00112801 -0.000901362 -0.00246412 -0.00157355 -0.00135117 -0.00135845 -0.00127027 -0.00207743 -0.0020263 -0.0020647 -0.00140469 -0.00184247 -0.00217751 -0.00130414 -0.00145691 -0.0024996 -0.00216064 -0.00109125 -0.00197531 -0.0015821 -0.00161366 -0.00150452 -0.00127338 -0.00139719 -0.00185403 -0.000946866 -0.00125838 -0.00141118 -0.000817553 -0.00141933 -0.000110096 -0.000908238 -0.00185503 -0.00140505 -0.00123163 -0.00088603 -0.00221968 -0.00172245 -0.000820844 -0.00163609 -0.00195065 -0.0022388 -0.00122462 -0.00244705 -0.00222999 -0.00181337 -0.00154911 -0.00133091 -0.00135271 -0.00210874 -0.00125038 -0.0013826 -0.00154154 -0.00176881 -0.00172255 -0.00142474 -0.0020097 -0.0019274 -0.00101738 -0.00158525 -0.00147912 -0.00178755 -0.0017792 -0.00162178 -0.00134083 -0.00176032 -0.00126317 -0.00121641 -0.00209699 -0.00133409 -0.00169275 -0.00150423 -0.00122159 -0.00123785 0.00255707 0.0014867 0.00196934 
0.00253426 0.00160091 0.125468 0.00332997 0.00239681 0.00261217 0.00150062 0.00204518 -0.00155645 -0.00171945 -0.00206805 -0.00264902 -0.00281007 -0.00116401 -0.00248384 -0.00231742 -0.00267503 -0.001837 -0.00201007 -0.00158818 -0.00195147 -0.00242989 -0.00165738 -0.00114995 -0.00154637 -0.00309536 -0.00155076 -0.00240085 -0.0010387 -0.00212161 -0.00257357 -0.0018252 -0.00167201 -0.00145044 -0.00153349 -0.00206705 -0.00163964 -0.00164075 -0.0015078 -0.00164535 -0.00121308 -0.0018721 -0.0018527 -0.00152164 -0.000725556 -0.00120712 -0.00107832 -0.00191534 -0.00181321 -0.00128143 -0.00163276 -0.00204667 -0.000761703 -0.000272708 -0.00104298 -0.00148482 -0.00147393 -0.00165517 -0.000812313 -0.00100494 -0.00150649 -0.00214915 -0.00184691 -0.00119503 -0.00140942 -0.00128713 -0.00206961 -0.00100681 -0.00131608 -0.00143198 -0.000871427 -0.000785609 -0.00123671 -0.00144644 -0.00146963 -0.00141651 -0.00207535 -0.00172505 -0.0013903 -0.00148636 -0.00154018 -0.00119414 -0.00128042 -0.00130185 -0.00183356 -0.00137926 -0.00120901 -0.0014733 -0.00136583 -0.00204846 -0.00089643 -0.00135311 -0.00145382 -0.00196581 -0.00137105 -0.00187212 -0.00204519 -0.00115809 0.000579407 0.00184096 
0.00167304 0.00253664 0.00332997 0.122814 0.001691 0.00244877 0.0025399 0.00184146 0.00206519 -0.00124701 -0.00193996 -0.00225697 -0.00147649 -0.000997837 -0.00211176 -0.00132269 -0.00159817 -0.00208519 -0.00159055 -0.00137357 -0.00166637 -0.00179176 -0.00218495 -0.00210039 -0.00168919 -0.00232832 -0.00271295 -0.00194045 -0.00211207 -0.0023953 -0.00229493 -0.0015241 -0.00223792 -0.00171449 -0.00140738 -0.00168564 -0.00127525 -0.00177915 -0.00123218 -0.00172034 -0.00177991 -0.00141604 -0.00160501 -0.00105145 -0.00245795 -0.00153704 -0.001911 -0.00133248 -0.00126614 -0.000770285 -0.00249818 -0.00194758 -0.001593 -0.00217777 -0.000656259 -0.00147467 -0.00120881 -0.000832134 -0.00151125 -0.00156578 -0.00176424 -0.000774095 -0.00106946 -0.00106083 -0.00118298 -0.000854034 -0.00150042 -0.00194287 -0.00154488 -0.00168123 -0.00192536 -0.00152647 -0.000759781 -0.00167105 -0.00150135 -0.00174442 -0.0022612 -0.00141317 -0.00242317 -0.00128888 -0.00156254 -0.00137557 -9.40542e-05 -0.00123602 -0.00127531 -0.00130464 -0.00134378 -0.00123679 -0.00128541 -0.0010356 -0.00129902 -0.00187828 -0.00250364 -0.00216451 -0.00146498 -0.00133561 -0.00161943 -0.00185567 -0.0010826 0.00228996 
0.00225437 0.00154236 0.00239681 0.001691 0.124136 0.00164891 0.00233269 0.00263098 0.00219474 0.00252633 -0.00153145 -0.00133531 -0.000817928 -0.000827459 -0.00168906 -0.00177135 -0.00226015 -0.00218834 -0.00155399 -0.00263539 -0.00165326 -0.00197487 -0.00288718 -0.00175576 -0.00231782 -0.00161452 -0.00155759 -0.00183102 -0.00115241 -0.00173167 -0.000865785 -0.00256852 -0.0012619 -0.00123932 -0.00203265 -0.00192553 -0.00116051 -0.00149434 -0.00123494 -0.000732155 -0.00121113 -0.00162956 -0.00247705 -0.00259332 -0.00189412 -0.00311078 -0.000811068 -0.00161018 -0.00182268 -0.00129307 -0.00186913 -0.00227484 -0.00152238 -0.00216647 -0.00212994 -0.00180962 -0.00142929 -0.00166808 -0.00117709 -0.00204747 -0.00155546 -0.000931649 -0.00156922 -0.000938035 -0.00157551 -0.00167377 -0.00153726 -0.000928315 -0.000937055 -0.00229438 -0.00200026 -0.00129765 -0.00174634 -0.00113391 -0.00109737 -0.00130031 -0.00144793 -0.00171985 -0.00050611 -0.00114166 -0.00176879 -0.00139731 -0.0024569 -0.00108809 -0.00174225 -0.00164832 -0.00149964 -0.00105404 -0.00147486 -0.00150276 -0.00159539 -0.00111951 -0.00208061 -0.00196449 -0.00148887 -0.00153665 -0.000743239 -0.000791131 -0.000978438 -0.00194129 
0.00124749 0.00272588 0.00261217 0.00244877 0.00164891 0.128171 0.00209917 0.00288429 0.00330894 0.0020374 0.00276146 -0.00211955 -0.00167428 -0.00073634 -0.00201331 -0.00176357 -0.00116317 -0.00200932 -0.00227299 -0.00110578 -0.00276071 -0.00209712 -0.00110006 -0.00142742 -0.00246839 -0.00244813 -0.00247212 -0.00224833 -0.00182319 -0.00191262 -0.00175222 -0.00200088 -0.00258063 -0.00171827 -0.00211695 -0.00198673 -0.00205109 -0.0018463 -0.00152181 -0.00161259 -0.00135243 -0.00172521 -0.00140346 -0.0024813 -0.00171357 -0.00207993 -0.00141209 -0.00154772 -0.00148859 -0.000951105 -0.0019859 -0.00109664 -0.0017528 -0.0019831 -0.00187795 -0.00227411 -0.00226811 -0.00180488 -0.00217871 -0.00146659 -0.00150117 -0.0021482 -0.00150246 -0.00127401 -0.00194442 -0.00103468 -0.00267274 -0.00194367 -0.00196916 -0.00148296 -0.00155605 -0.00152093 -0.00181781 -0.000709785 -0.000449099 -0.00216638 -0.00118948 -0.00184857 -0.00178045 -0.000980176 -0.00213771 -0.00182979 -0.00187869 -0.00154431 -0.00174456 -0.00151713 -0.0012215 -0.00127295 -0.0013689 -0.00231663 -0.00113885 -0.00154808 -0.00188914 -0.000631358 -0.0018849 -0.00203344 -0.000717647 -0.00121313 -0.00152946 -0.00138734 
-0.0015124 0.00112759 0.00150062 0.0025399 0.00233269 0.00209917 0.122112 0.00297642 0.00193735 0.00140969 0.00219972 0.00248706 -0.00132285 -0.00115542 -0.00103626 -0.000642564 -0.0013154 -0.0016761 -0.00129086 -0.00196685 -0.00134024 -0.00165052 -0.00167116 -0.00263364 -0.00143818 -0.00193949 -0.00216695 -0.00160043 -0.00181827 -0.00249606 -0.00178064 -0.00190446 -0.00201775 -0.00201809 -0.000764951 -0.00139262 -0.00172051 -0.00107172 -0.00192993 -0.00224726 -0.0020096 -0.0016748 -0.00145472 -0.00150004 -0.00226896 -0.00115692 -0.0020245 -0.00209183 -0.00150971 -0.00168844 -0.0017589 -0.00173544 -0.00230792 -0.00203878 -0.00135105 -0.0013997 -0.00170137 -0.00131307 -0.00236821 -0.00149413 -0.00144143 -0.00158063 -0.00189211 -0.00138426 -0.00182587 -0.00125199 -0.00222919 -0.00107889 -0.00131378 -0.00084348 -0.00159163 -0.000578789 -0.000922364 -0.00129032 -0.000661613 -0.00167465 -0.00163008 -0.00137534 -0.00157334 -0.00142329 -0.00145639 -0.00171549 -0.00122059 -0.00133743 -0.00198332 -0.00187777 -0.00148347 -0.00116434 -0.00120911 -0.00124514 -0.00231435 -0.00208435 -0.00167669 -0.00182454 -0.00174804 -0.00215572 -0.00164964 -0.00112341 -0.00145833 -0.0020611 
-0.0008501 -0.000758829 0.00204518 0.00184146 0.00263098 0.00288429 0.00297642 0.134079 0.00265626 0.00312735 0.00142149 0.00255359 0.00397334 -0.00118434 -0.00105514 -0.00150846 -0.00188418 -0.00212453 -0.00168087 -0.00261644 -0.00238527 -0.00199052 -0.00223393 -0.00273359 -0.00249744 -0.00258739 -0.00244782 -0.00174619 -0.00245669 -0.00215655 -0.00226655 -0.00177992 -0.00196755 -0.00181638 -0.00253307 -0.00220518 -0.00159811 -0.00158294 -0.00229427 -0.00273979 -0.00185353 -0.0013115 -0.00168793 -0.00259404 -0.00193101 -0.00149766 -0.00178599 -0.00272348 -0.00178488 -0.00141601 -0.00171752 -0.00240213 -0.00138989 -0.00235445 -0.00235198 -0.00160326 -0.00191512 -0.00141892 -0.00147896 -0.00102674 -0.00171202 -0.00141156 -0.000776417 -0.000941978 -0.0015034 -0.00200717 -0.00177812 -0.00139307 -0.0013239 -0.00160659 -0.00128696 -0.0013561 -5.31917e-05 -0.00202871 -0.00125926 -0.00160699 -0.00268366 -0.00217073 -0.00190165 -0.00222197 -0.00163346 -0.00149936 -0.00197381 -0.00161861 -0.00144322 -0.00255686 -0.0014204 -0.0021961 -0.00129503 -0.00125486 -0.002077 -0.0014031 -0.00216309 -0.00219617 -0.00281509 -0.00143196 -0.00182907 -0.00133516 -0.0017595 -0.00133687 
-0.0016559 -0.00170017 -0.00155645 0.00206519 0.00219474 0.00330894 0.00193735 0.00265626 0.131633 0.00233789 0.0026502 0.00180552 0.00337879 0.00285773 -0.00205088 -0.00157724 -0.0021858 -0.00184685 -0.00157257 -0.00144168 -0.00251636 -0.00253754 -0.00151394 -0.00174127 -0.00184544 -0.00252367 -0.00249982 -0.00163182 -0.00273409 -0.00262319 -0.00166301 -0.00106938 -0.00189406 -0.00180274 -0.00197095 -0.00214645 -0.00251207 -0.0017438 -0.00226937 -0.00327981 -0.0017936 -0.00174502 -0.00241255 -0.00177399 -0.0021772 -0.00107842 -0.0016894 -0.001911 -0.00203211 -0.000817051 -0.00167082 -0.00167787 -0.00153642 -0.00136195 -0.00187709 -0.00117806 -0.00150895 -0.00148484 -0.00122714 -0.000892417 -0.00186138 -0.00221806 -0.00145271 -0.00148475 -0.00208108 -0.00111 -0.00166785 -0.00112632 -0.00191337 -0.0027289 -0.00217256 -0.00100596 -0.00209139 -0.0011722 -0.00165381 -0.001441 -0.00150696 -0.0015586 -0.00174297 -0.00144783 -0.00204155 -0.000782443 -0.000983173 -0.00104507 -0.00167278 -0.00183568 -0.0017057 -0.00150364 -0.00202206 -0.00214907 -0.0018354 -0.00220237 -0.00299376 -0.00146492 -0.00123876 -0.00166995 -0.00092857 -0.00211952 -0.00172776 -0.00151384 
-0.00127655 -0.00134184 -0.00171945 -0.00124701 0.00252633 0.0020374 0.00140969 0.00312735 0.00233789 0.129989 0.00192836 0.00307608 0.00311509 0.00224225 -0.00103981 -0.00120973 -0.00165651 -0.00252058 -0.00171755 -0.00263122 -0.00162569 -0.00197263 -0.00216208 -0.000944783 -0.00267174 -0.00238825 -0.00218874 -0.00173124 -0.00224332 -0.00237153 -0.00222775 -0.00201241 -0.00160226 -0.00258549 -0.00286124 -0.00189756 -0.00201267 -0.000673761 -0.00230021 -0.00163417 -0.00173767 -0.000530063 -0.00174556 -0.00194489 -0.00157296 -0.00219258 -0.00168367 -0.00196258 -0.000991352 -0.00162421 -0.00192318 -0.00254842 -0.0020153 -0.00162946 -0.00144257 -0.00112003 -0.0016387 -0.00109652 -0.00131253 -0.00227906 -0.00145478 -0.00174849 -0.00172032 -0.001856 -0.00167083 -0.00188739 -0.00169021 -0.00150631 -0.00194934 -0.00153165 -0.00172662 -0.00163832 -0.00131173 -0.00180969 -0.00124717 -0.00133152 -0.00208092 -0.00144751 -0.0016502 -0.00154058 -0.00161203 -0.00117012 -0.000623979 -0.00168444 -0.00113521 -0.000832784 -0.000524755 -0.00150655 -0.00109881 -0.00215789 -0.00268632 -0.00151529 -0.00207141 -0.00206102 -0.00243284 -0.00105852 -0.00130602 -0.00136805 -0.00129895 -0.00138617 
-0.0014684 -0.00184882 -0.00206805 -0.00193996 -0.00153145 0.00276146 0.00219972 0.00142149 0.0026502 0.00192836 0.13202 0.00320268 0.00210275 0.00299079 0.00330255 0.00168047 -0.00251643 -0.00232673 -0.00185465 -0.00197022 -0.00255747 -0.00220734 -0.00181223 -0.00241632 -0.00196119 -0.00174363 -0.00186798 -0.00250635 -0.00134231 -0.00212632 -0.00127581 -0.00205632 -0.00162035 -0.00193755 -0.00125362 -0.000896911 -0.00159592 -0.00149903 -0.00196341 -0.00156919 -0.00215594 -0.00216791 -0.00127929 -0.0022233 -0.00190363 -0.00156317 -0.00114175 -0.00216452 -0.00197273 -0.00172523 -0.00142488 -0.00150731 -0.00156039 -0.00158284 -0.00204616 -0.00196611 -0.00200672 -0.00195948 -0.00138916 -0.00150144 -0.00159011 -0.0016698 -0.00225626 -0.00286162 -0.000935925 -0.00136314 -0.00191469 -0.00193873 -0.00159684 -0.00156399 -0.00168936 -0.00195619 -0.00180204 -0.00218495 -0.00134408 -0.00187623 -0.00161451 -0.00207943 -0.000750218 -0.00208233 -0.00152964 -0.00183141 -0.00131423 -0.00125171 -0.00147907 -0.00215288 -0.00134401 -0.00160201 -0.00148639 -0.00218761 -0.00100235 -0.00153384 -0.00204153 -0.000757386 -0.00156439 -0.00164106 -0.001127 -0.00199945 -0.0019658 -0.00240247 
-0.00165412 -0.00211117 -0.00264902 -0.00225697 -0.00133531 -0.00211955 0.00248706 0.00255359 0.00180552 0.00307608 0.00320268 0.139016 0.00311894 0.00347522 0.00395837 0.00373292 0.00289639 -0.00102648 -0.00112488 -0.00111207 -0.0024536 -0.00209241 -0.00322708 -0.00112399 -0.00185656 -0.00288386 -0.00206193 -0.00207368 -0.00102936 -0.00291555 -0.00202888 -0.00208939 -0.00199959 -0.00155508 -0.00113316 -0.00193555 -0.00157016 -0.00191647 -0.00290398 -0.00173051 -0.00205466 -0.0020648 -0.00221481 -0.00204526 -0.00257716 -0.00244179 -0.00131115 -0.00208271 -0.00251177 -0.00192538 -0.000934101 -0.00203014 -0.00210336 -0.00246535 -0.00236344 -0.00192833 -0.00207257 -0.00110007 -0.00267058 -0.00173863 -0.00190641 -0.00175466 -0.00196296 -0.0010861 -0.00207014 -0.00102559 -0.00205037 -0.00201555 -0.00192164 -0.0020622 -0.00151331 -0.00178739 -0.002773 -0.00177297 -0.00156273 -0.00165793 -0.00200567 -0.0021384 -0.00171552 -0.00166351 -0.00197749 -0.0025305 -0.00245638 -0.00177488 -0.00120698 -0.00265115 -0.00159912 5.23928e-05 -0.00219122 -0.00233147 -0.00332101 -0.00169683 -0.0017488 -0.00145372 -0.00234261 -0.00131911 -0.00154098 -0.00101714 -0.0017215 -0.00144183 
-0.00149436 -0.00208083 -0.00281007 -0.00147649 -0.000817928 -0.00167428 -0.00132285 0.00397334 0.00337879 0.00311509 0.00210275 0.00311894 0.139286 0.00318556 0.0026522 0.0019456 0.00202223 -0.00312564 -0.00244275 -0.00210432 -0.00252917 -0.00243135 -0.00316115 -0.0029076 -0.00245297 -0.00339051 -0.00230228 -0.00168725 -0.00179615 -0.00283436 -0.00284563 -0.00268099 -0.00191112 -0.00162835 -0.00132501 -0.00157546 -0.0024474 -0.00204697 -0.00240905 -0.00198174 -0.00147482 -0.00150668 -0.00205415 -0.00202154 -0.00222371 -0.00137873 -0.00198757 -0.00173437 -0.00267065 -0.00222119 -0.0015114 -0.00273289 -0.0011239 -0.00195145 -0.00139255 -0.00179028 -0.00174956 -0.00192001 -0.00157667 -0.00182713 -0.00229508 -0.00206492 -0.00134227 -0.00194817 -0.00157012 -0.000456355 -0.00160554 -0.00187086 -0.00176687 -0.00136657 -0.000732014 -0.0015438 -0.000687085 -0.00181059 -0.00179474 -0.00125169 -0.00158699 -0.00217558 -0.00130122 -0.00155899 -0.00200993 -0.0017117 -0.00188329 -0.00129364 -0.00145548 -0.00134928 -0.000565812 -0.0013785 -0.00121181 -0.00195061 -0.0020443 -0.000792288 -0.00168667 -0.00119009 -0.00177458 -0.00184488 -0.00150025 -0.0016057 -0.00199825 -0.00226119 
-0.000514923 -0.00180124 -0.00116401 -0.000997837 -0.000827459 -0.00073634 -0.00115542 -0.00118434 0.00285773 0.00224225 0.00299079 0.00347522 0.00318556 0.133021 0.00295245 0.00309186 0.00299175 0.00301351 0.00195079 -0.0013064 -0.00192074 -0.00143646 -0.00215414 -0.00236389 -0.00165067 -0.00197673 -0.00235672 -0.00177968 -0.00277467 -0.00221151 -0.00268091 -0.00214209 -0.00228627 -0.00159943 -0.00161381 -0.00215334 -0.00165363 -0.00182515 -0.00165949 -0.00245536 -0.00211404 -0.0015894 -0.00210109 -0.00153831 -0.00211775 -0.0024871 -0.00109438 -0.00234555 -0.0017476 -0.00156572 -0.000985528 -0.00200988 -0.00111639 -0.00203633 -0.00257353 -0.00231195 -0.00197073 -0.00171481 -0.00292924 -0.00168636 -0.00170397 -0.00170644 -0.00171281 -0.00280369 -0.00142426 -0.00209249 -0.00202462 -0.00122342 -0.000834815 -0.00241124 -0.001535 -0.00144756 -0.00140487 -0.00202142 -0.00174205 -0.00257278 -0.00206121 -0.00171589 -0.00112972 -0.00151509 -0.00266533 -0.00196821 -0.00175647 -0.00208763 -0.00195135 -0.00228705 -0.00137509 -0.00105022 -0.00208985 -0.00215894 -0.00222501 -0.00097031 -0.00254137 -0.00177508 -0.00275157 -0.00165035 -0.00101253 -0.00184413 -0.00191341 -0.00219701 
-0.00172684 -0.00191705 -0.00248384 -0.00211176 -0.00168906 -0.00201331 -0.00103626 -0.00105514 -0.00205088 -0.00103981 0.00330255 0.00395837 0.0026522 0.00295245 0.141073 0.00276526 0.0033519 0.00323001 0.00267585 0.00274878 -0.00213775 -0.00215535 -0.00141099 -0.0026184 -0.00226827 -0.00352994 -0.00248425 -0.00116603 -0.00184924 -0.00224138 -0.00196991 -0.00248084 -0.00246461 -0.00182232 -0.00215733 -0.00251654 -0.00175554 -0.0013259 -0.0017909 -0.00139943 -0.00173828 -0.00140632 -0.00200191 -0.00210958 -0.00163656 -0.00247582 -0.00178925 -0.00125008 -0.00115674 -0.00180192 -0.001184 -0.00135461 -0.00163985 -0.00207216 -0.00130025 -0.00185855 -0.00118243 -0.0015227 -0.00131276 -0.00212171 -0.00111839 -0.00152685 -0.00159995 -0.00126226 -0.00174 -0.00162041 -0.00204297 -0.0019877 -0.00177117 -0.00192615 -0.0023925 -0.00152658 -0.00225236 -0.00253286 -0.00191786 -0.00228091 -0.0018019 -0.00213839 -0.00223578 -0.00280944 -0.0017873 -0.00186992 -0.00197768 -0.00191949 -0.00158502 -0.00191562 -0.00150792 -0.00128928 -0.00194249 -0.00222156 -0.00284591 -0.00213445 -0.00168036 -0.0018899 -0.00298554 -0.00222798 -0.00182939 -0.00131161 -0.00163247 -0.00208803 
-0.00113171 -0.00156519 -0.00231742 -0.00132269 -0.00177135 -0.00176357 -0.000642564 -0.00150846 -0.00157724 -0.00120973 0.00168047 0.00373292 0.0019456 0.00309186 0.00276526 0.136056 0.00227671 0.00334957 0.00288052 0.00279125 -0.00202086 -0.00185594 -0.00140867 -0.00229436 -0.00168891 -0.00245656 -0.00212076 -0.00214677 -0.00150746 -0.00214029 -0.00147329 -0.000638792 -0.0014499 -0.00144413 -0.00261223 -0.0022588 -0.00174825 -0.00253007 -0.00188695 -0.00180451 -0.00193269 -0.00160396 -0.00160239 -0.00156846 -0.00213811 -0.00188873 -0.0010255 -0.00151759 -0.00176472 -0.001935 -0.000974895 -0.00172128 -0.00143495 -0.00204255 -0.00179425 -0.00169039 -0.00182619 -0.0010225 -0.00190821 -0.00126002 -0.00138313 -0.00148025 -0.00203787 -0.00176201 -0.00252556 -0.00261176 -0.00212032 -0.00207845 -0.00168535 -0.00258909 -0.00178468 -0.00169461 -0.00191869 -0.00221031 -0.00172355 -0.00226899 -0.00173745 -0.00287964 -0.00231947 -0.00169196 -0.00148994 -0.00119174 -0.00270239 -0.00176225 -0.0015458 -0.00187787 -0.00159744 -0.00166868 -0.00117059 -0.00191091 -0.00184663 -0.00203235 -0.00154605 -0.0016754 -0.00203652 -0.00261301 -0.00161799 -0.00180257 -0.0021071 -0.000921718 
-0.00120019 -0.00118316 -0.00267503 -0.00159817 -0.00226015 -0.00116317 -0.0013154 -0.00188418 -0.0021858 -0.00165651 -0.00251643 0.00289639 0.00202223 0.00299175 0.0033519 0.00227671 0.148386 0.00382789 0.00230791 0.00177779 0.00236508 0.00271497 -0.000924285 -0.00179295 -0.00128739 -0.00203702 -0.0028473 -0.00171467 -0.00197342 -0.00320445 -0.00284896 -0.00289378 -0.00219356 -0.00125647 -0.00278742 -0.00212987 -0.00370418 -0.00349538 -0.00189303 -0.00191906 -0.00216043 -0.00211925 -0.00221526 -0.00104567 -0.0015509 -0.00158813 -0.00126444 -0.00139322 -0.00107278 -0.00221215 -0.00191547 -0.00169993 -0.00173999 -0.00230969 -0.0011393 -0.00238906 -0.00145073 -0.00181103 -0.0016096 -0.00148013 -0.001166 -0.00241103 -0.000316201 -0.00105604 -0.00236321 -0.00101177 -0.00225378 -0.00218091 -0.00207968 -0.00224718 -0.00215535 -0.00153734 -0.00255824 -0.0021135 -0.00286741 -0.00246307 -0.00229411 -0.00168922 -0.00235352 -0.00286981 -0.00153399 -0.00288001 -0.00162453 -0.00284459 -0.00226803 -0.00221108 -0.00206116 -0.00141541 -0.00206142 -0.00219236 -0.002295 -0.00239827 -0.00206092 -0.00113546 -0.00263745 -0.00199736 -0.00174345 -0.00142179 -0.00238884 -0.00105172 
-0.00196169 -0.00169065 -0.001837 -0.00208519 -0.00218834 -0.00200932 -0.0016761 -0.00212453 -0.00184685 -0.00252058 -0.00232673 -0.00102648 -0.00312564 0.00301351 0.00323001 0.00334957 0.00382789 0.147765 0.00226603 0.00398857 0.00295523 0.00196089 0.00425511 -0.00281585 -0.00195729 -0.00255332 -0.00224495 -0.00093025 -0.00180843 -0.00165928 -0.00194764 -0.00190531 -0.00143811 -0.00165955 -0.00191798 -0.00243475 -0.00231912 -0.00283371 -0.00204695 -0.00157729 -0.00218445 -0.00177354 -0.00262565 -0.00165443 -0.00195724 -0.00174376 -0.00197201 -0.00274567 -0.00171296 -0.000949894 -0.00169541 -0.00217238 -0.00168874 -0.0017823 -0.00183728 -0.00210634 -0.00197019 -0.00248946 -0.00238035 -0.00131651 -0.0017785 -0.0018934 -0.00137469 -0.00173297 -0.00198541 -0.00135008 -0.00230341 -0.00158191 -0.00141047 -0.00239747 -0.0017474 -0.00214886 -0.000998146 -0.00207935 -0.00211716 -0.00225995 -0.00135932 -0.0018077 -0.00246271 -0.00188754 -0.00204307 -0.00165231 -0.00255514 -0.00216734 -0.00199575 -0.0020979 -0.0019471 -0.00221835 -0.00188532 -0.00206156 -0.00170037 -0.00218563 -0.0028531 -0.00158669 -0.00210051 -0.00223627 -0.0014074 -0.00168462 -0.00241978 -0.00190952 
-0.00172262 -0.00193135 -0.00201007 -0.00159055 -0.00155399 -0.00227299 -0.00129086 -0.00168087 -0.00157257 -0.00171755 -0.00185465 -0.00112488 -0.00244275 0.00195079 0.00267585 0.00288052 0.00230791 0.00226603 0.141257 0.00235568 0.00207655 0.00246547 0.00212279 -0.00306877 -0.00214434 -0.00164277 -0.00191139 -0.00123794 -0.00159562 -0.00233658 -0.00219143 -0.0017174 -0.00204455 -0.00205173 -0.00198851 -0.00101329 -0.00197987 -0.00200676 -0.00197016 -0.00147138 -0.00195527 -0.00137177 -0.00106723 -0.00160939 -0.00177837 -0.00239628 -0.00151476 -0.00247888 -0.00202443 -0.0018056 -0.000975914 -0.00284906 -0.002049 -0.00187888 -0.00199677 -0.0018245 -0.00198618 -0.00153183 -0.00200187 -0.00212461 -0.00199824 -0.00182906 -0.00121533 -0.00240164 -0.00199498 -0.00188779 -0.00123454 -0.00210307 -0.00217097 -0.00069395 -0.00150297 -0.00186321 -0.00199526 -0.00161034 -0.00173861 -0.00199876 -0.00203672 -0.00219679 -0.00187209 -0.00179541 -0.00100362 -0.00137353 -0.0018944 -0.00148751 -0.00197313 -0.00249355 -0.0016928 -0.00156573 -0.00211257 -0.00167209 -0.00175358 -0.00167566 -0.00186679 -0.00190148 -0.0014981 -0.00194191 -0.00131813 -0.00117028 -0.00189269 -0.00157275 
-0.00291714 -0.00255649 -0.00158818 -0.00137357 -0.00263539 -0.00110578 -0.00196685 -0.00261644 -0.00144168 -0.00263122 -0.00197022 -0.00111207 -0.00210432 -0.0013064 0.00274878 0.00279125 0.00177779 0.00398857 0.00235568 0.151407 0.00197938 0.0039001 0.00354164 0.00374253 0.00284741 -0.00196218 -0.00159056 -0.00145289 -0.00187502 -0.000804898 -0.00260428 -0.00304153 -0.00292836 -0.00215656 -0.00256469 -0.00152747 -0.00208339 -0.00316918 -0.00238133 -0.00187497 -0.0028409 -0.00193073 -0.00195126 -0.00170797 -0.00253355 -0.00112666 -0.00238834 -0.0021875 -0.00182564 -0.000731131 -0.00167292 -0.0027113 -0.00157092 -0.00288877 -0.0013257 -0.00173287 -0.00118656 -0.0019623 -0.00141053 -0.00190768 -0.00156943 -0.00241227 -0.000915484 -0.00172176 -0.00169457 -0.00209001 -0.00220283 -0.00186279 -0.00179188 -0.00180652 -0.00225094 -0.00241415 -0.00235787 -0.00243382 -0.00230729 -0.0016828 -0.00229504 -0.00248385 -0.00236684 -0.00129164 -0.00192456 -0.00215025 -0.00260617 -0.00198802 -0.00172938 -0.0014175 -0.00146676 -0.00263712 -0.00221982 -0.00227648 -0.00271074 -0.00181523 -0.00262391 -0.00120974 -0.00332375 -0.00320452 -0.00237604 -0.00275326 -0.00171626 -0.00204283 
-0.00264184 -0.0019559 -0.00195147 -0.00166637 -0.00165326 -0.00276071 -0.00134024 -0.00238527 -0.00251636 -0.00162569 -0.00255747 -0.0024536 -0.00252917 -0.00192074 -0.00213775 -0.00202086 0.00236508 0.00295523 0.00207655 0.00197938 0.14528 0.00377527 0.0040671 0.00300948 0.00288806 0.00301393 -0.00147842 -0.0026964 -0.00161738 -0.00125214 -0.00210719 -0.00160434 -0.00114319 -0.00196918 -0.00158156 -0.00182375 -0.0013473 -0.00275808 -0.00142128 -0.0019781 -0.00208369 -0.00238765 -0.00277071 -0.00191835 -0.00269765 -0.00150796 -0.00235867 -0.00198952 -0.00133013 -0.00158929 -0.00193487 -0.00246738 -0.00195628 -0.00186632 -0.0023212 -0.00163658 -0.00255505 -0.00243259 -0.00135379 -0.00227764 -0.00147728 -0.00266619 -0.00198685 -0.00189009 -0.00129894 -0.00177828 -0.000443734 -0.00118608 -0.00115302 -0.00110347 -0.00184102 -0.00229599 -0.00140763 -0.00122668 -0.00166093 -0.00180271 -0.00127628 -0.00226298 -0.00228504 -0.0021237 -0.00234819 -0.00121598 -0.00181857 -0.00196863 -0.00105087 -0.00232486 -0.0027277 -0.00197951 -0.00291867 -0.00227707 -0.00214419 -0.00212745 -0.00165471 -0.00068778 -0.00110477 -0.00256008 -0.00161935 -0.00181142 -0.00182791 -0.00174467 
-0.00188867 -0.000975269 -0.00242989 -0.00179176 -0.00197487 -0.00209712 -0.00165052 -0.00199052 -0.00253754 -0.00197263 -0.00220734 -0.00209241 -0.00243135 -0.00143646 -0.00215535 -0.00185594 0.00271497 0.00196089 0.00246547 0.0039001 0.00377527 0.146438 0.00371754 0.00264452 0.00292276 0.00292009 -0.00215771 -0.00267457 -0.00177359 -0.00161512 -0.00230161 -0.00241328 -0.0021945 -0.00180124 -0.00194376 -0.00147928 -0.00269931 -0.00212197 -0.00230125 -0.00206577 -0.00204409 -0.00238012 -0.00185788 -0.00193109 -0.00279314 -0.00212277 -0.00247426 -0.00221841 -0.00128877 -0.00128059 -0.00075501 -0.00118598 -0.00208488 -0.00168682 -0.00207064 -0.00175093 -0.00173737 -0.00140644 -0.00232919 -0.00245126 -0.0018768 -0.00146027 -0.00164773 -0.00257931 -0.00116165 -0.0017729 -0.00163282 -0.00165562 -0.00203034 -0.00144659 -0.00253415 -0.00127635 -0.00243962 -0.00108849 -0.00160456 -0.00217742 -0.00139524 -0.00194847 -0.000931834 -0.00198 -0.00161634 -0.00147731 -0.00236799 -0.00205679 -0.00233572 -0.00146206 -0.00220588 -0.00194224 -0.00194686 -0.00255082 -0.00189398 -0.00243782 -0.00212064 -0.00189397 -0.00174429 -0.00208606 -0.00231318 -0.00218814 -0.000875835 -0.00242293 
-0.00194207 -0.00239766 -0.00165738 -0.00218495 -0.00288718 -0.00110006 -0.00167116 -0.00223393 -0.00151394 -0.00216208 -0.00181223 -0.00322708 -0.00316115 -0.00215414 -0.00141099 -0.00140867 -0.000924285 0.00425511 0.00212279 0.00354164 0.0040671 0.00371754 0.152194 0.00313283 0.00380499 0.00365624 0.00331806 -0.00145993 -0.00158114 -0.00207575 -0.00173506 -0.00227055 -0.00168413 -0.0022895 -0.00257175 -0.0027158 -0.00163975 -0.00184946 -0.00193932 -0.0014055 -0.00201708 -0.0028797 -0.00234861 -0.0019147 -0.00272596 -0.00227819 -0.00282227 -0.00268898 -0.00225756 -0.00122131 -0.00144309 -0.00106062 -0.0020321 -0.00221937 -0.002359 -0.00273118 -0.00205743 -0.00194352 -0.00285141 -0.00194872 -0.00249719 -0.00251934 -0.0016334 -0.00197746 -0.00226606 -0.00241231 -0.00250781 -0.00231754 -0.00226354 -0.00311867 -0.00295262 -0.00221057 -0.00120887 -0.00144871 -0.00206506 -0.00248168 -0.00235221 -0.00146292 -0.00175436 -0.00184213 -0.00182679 -0.00249313 -0.00257182 -0.00197418 -0.00146319 -0.00270636 -0.00190861 -0.00240007 -0.00252435 -0.00266757 -0.00153148 -0.00126608 -0.00150892 -0.000769144 -0.00165205 -0.00209046 -0.000678665 -0.00227339 -0.00187339 -0.00147035 
-0.0020999 -0.00112801 -0.00114995 -0.00210039 -0.00175576 -0.00142742 -0.00263364 -0.00273359 -0.00174127 -0.000944783 -0.00241632 -0.00112399 -0.0029076 -0.00236389 -0.0026184 -0.00229436 -0.00179295 -0.00281585 -0.00306877 0.00374253 0.00300948 0.00264452 0.00313283 0.146073 0.00302179 0.00285256 0.00324129 0.00256375 -0.00192483 -0.00224226 -0.00130419 -0.00165514 -0.00228314 -0.00225577 -0.00168447 -0.0020157 -0.00168142 -0.00208747 -0.00138566 -0.00182233 -0.00163302 -0.00166309 -0.00172179 -0.00146892 -0.00209817 -0.00188334 -0.00140098 -0.00219903 -0.00141438 -0.00176929 -0.00111489 -0.000801453 -0.00120515 -0.000700482 -0.000751995 -0.00161207 -0.00139024 -0.00236995 -0.00130897 -0.00185016 -0.0023966 -0.00187969 -0.00168455 -0.00172921 -0.00234066 -0.00240585 -0.00158281 -0.0019703 -0.00300924 -0.00242183 -0.00266641 -0.000833285 -0.00238183 -0.000910029 -0.000918438 -0.00167685 -0.001148 -0.00191856 -0.00271218 -0.00103769 -0.00198687 -0.00190243 -0.00193739 -0.0013204 -0.00218659 -0.00203838 -0.00264313 -0.00182421 -0.002151 -0.00318961 -0.00253144 -0.00143523 -0.0021866 -0.00234371 -0.00162276 -0.00267754 -0.00130879 -0.00238311 -0.00177824 -0.00139411 
-0.0014279 -0.000901362 -0.00154637 -0.00168919 -0.00231782 -0.00246839 -0.00143818 -0.00249744 -0.00184544 -0.00267174 -0.00196119 -0.00185656 -0.00245297 -0.00165067 -0.00226827 -0.00168891 -0.00128739 -0.00195729 -0.00214434 0.00284741 0.00288806 0.00292276 0.00380499 0.00302179 0.146451 0.00425158 0.00278367 0.00316809 0.00263293 0.00384945 -0.00127831 -0.00198098 -0.00176327 -0.00203073 -0.00247412 -0.00258073 -0.0026189 -0.00253501 -0.00250175 -0.00234993 -0.00221654 -0.00253845 -0.00174 -0.00234415 -0.00294425 -0.0023463 -0.00126366 -0.00235452 -0.00176677 -0.0019493 -0.00255008 -0.00170223 -0.00212137 -0.00126563 -0.00182133 -0.00194 -0.00188326 -0.00261802 -0.0014352 -0.00148529 -0.00175518 -0.00159151 -0.00204844 -0.00122121 -0.00226787 -0.00242846 -0.00245695 -0.00239066 -0.0023204 -0.00222395 -0.00169883 -0.00218472 -0.00280647 -0.00230588 -0.00194741 -0.00226712 -0.00201538 -0.00236591 -0.00280272 -0.00286722 -0.00126526 -0.00112496 -0.00197832 -0.00214046 -0.00174104 -0.00148761 -0.00190841 -0.00215593 -0.00190961 -0.00172155 -0.00147647 -0.00182201 -0.00209346 -0.0025792 -0.00165269 -0.00239062 -0.00161573 -0.00197288 -0.00210425 -0.00104389 
-0.0023756 -0.00246412 -0.00309536 -0.00232832 -0.00161452 -0.00244813 -0.00193949 -0.00258739 -0.00252367 -0.00238825 -0.00174363 -0.00288386 -0.00339051 -0.00197673 -0.00352994 -0.00245656 -0.00203702 -0.00255332 -0.00164277 -0.00196218 0.00301393 0.00292009 0.00365624 0.00285256 0.00425158 0.152364 0.00431283 0.00231343 0.00252653 0.00233745 0.00321339 -0.000788325 -0.00144936 -0.00180259 -0.0017786 -0.00202559 -0.00169565 -0.00199762 -0.00216277 -0.00304482 -0.00301315 -0.00235705 -0.00207763 -0.0028115 -0.00305883 -0.00166712 -0.00226724 -0.0023018 -0.00188624 -0.00218877 -0.00177927 -0.00154295 -0.00286305 -0.00310672 -0.00272464 -0.00272852 -0.00216353 -0.000533745 -0.00257805 -0.00242984 -0.00117312 -0.00105492 -0.00286422 -0.0015135 -0.00181143 -0.00184883 -0.00237686 -0.00152022 -0.00157079 -0.00233309 -0.00144267 -0.00141206 -0.000803731 -0.0019058 -0.00198783 -0.00249373 -0.00137805 -0.00142831 -0.00167183 -0.00220494 -0.00210047 -0.00166998 -0.00116721 -0.00154475 -0.0015843 -0.00141975 -0.00258581 -0.00164759 -0.00211592 -0.00139138 -0.00164616 -0.00233998 -0.00271218 -0.00205012 -0.0012507 -0.00208862 -0.00187112 -0.00279258 -0.00229462 -0.00192687 
-0.00183727 -0.00157355 -0.00155076 -0.00271295 -0.00155759 -0.00247212 -0.00216695 -0.00244782 -0.00249982 -0.00218874 -0.00186798 -0.00206193 -0.00230228 -0.00235672 -0.00248425 -0.00212076 -0.0028473 -0.00224495 -0.00191139 -0.00159056 -0.00147842 -0.00215771 0.00331806 0.00324129 0.00278367 0.00431283 0.139431 0.00204381 0.00340024 0.00233104 0.00232742 0.00327248 -0.000564422 -0.00180623 -0.000893333 -0.000957685 -0.00249271 -0.00135079 -0.00147278 -0.00226008 -0.00191135 -0.00245868 -0.00116871 -0.00157289 -0.00194293 -0.00196885 -0.00237111 -0.00184149 -0.00169887 -0.0019723 -0.00229269 -0.00167804 -0.0014304 -0.00134687 -0.00130458 -0.00193926 -0.00235739 -0.0022281 -0.00269459 -0.00167785 -0.00154845 -0.000902602 -0.00156109 -0.000850693 -0.00161891 -0.00202219 -0.00227955 -0.00246588 -0.00151844 -0.001956 -0.00170813 -0.00208982 -0.00243557 -0.00159975 -0.00232397 -0.00194466 -0.00202759 -0.00168414 -0.00143305 -0.00210176 -0.00153865 -0.00174271 -0.00129282 -0.000772734 -0.00144118 -0.00152192 -0.00205133 -0.00215457 -0.00148307 -0.00215459 -0.00177416 -0.000930327 -0.00190779 -0.00299951 -0.00174829 -0.00145254 -0.00234099 -0.00259085 -0.000992401 -0.00141195 
-0.0021069 -0.00135117 -0.00240085 -0.00194045 -0.00183102 -0.00224833 -0.00160043 -0.00174619 -0.00163182 -0.00173124 -0.00250635 -0.00207368 -0.00168725 -0.00177968 -0.00116603 -0.00214677 -0.00171467 -0.00093025 -0.00123794 -0.00145289 -0.0026964 -0.00267457 -0.00145993 0.00256375 0.00316809 0.00231343 0.00204381 0.140073 0.00228642 0.00313642 0.00219202 0.00155727 0.00211173 -0.000898475 -0.00142079 -0.00237111 -0.00165724 -0.00211212 -0.00250783 -0.00238088 -0.00231355 -0.00193205 -0.00224122 -0.00288705 -0.00177575 -0.00226482 -0.0015166 -0.00135882 -0.00272742 -0.00251611 -0.00102718 -0.0017725 -0.00164515 -0.00128282 -0.00234933 -0.00168802 -0.0019219 -0.00187808 -0.00139159 -0.00165298 -0.0018341 -0.00134195 -0.00147812 -0.00129299 -0.00184571 -0.00206242 -0.00231139 -0.00166603 -0.00254102 -0.0015687 -0.00150782 -0.00181602 -0.000590904 -0.00136044 -0.00105385 -0.00268418 -0.00075925 -0.00200528 -0.00233101 -0.000519822 -0.00198884 -0.00118043 -0.00192492 -0.00198816 -0.00179823 -0.00188066 -0.00194157 -0.00227665 -0.00147566 -0.00202447 -0.000804162 -0.00102517 -0.00216897 -0.00239232 -0.00164165 -0.00177148 -0.00231714 -0.00154731 -0.00180658 -0.00131449 
-0.00109037 -0.00135845 -0.0010387 -0.00211207 -0.00115241 -0.00182319 -0.00181827 -0.00245669 -0.00273409 -0.00224332 -0.00134231 -0.00102936 -0.00179615 -0.00277467 -0.00184924 -0.00150746 -0.00197342 -0.00180843 -0.00159562 -0.00187502 -0.00161738 -0.00177359 -0.00158114 -0.00192483 0.00263293 0.00252653 0.00340024 0.00228642 0.135795 0.00353027 0.00330236 0.00320802 0.00304087 0.00213787 -0.000846213 -0.00196561 -0.00155888 -0.00207107 -0.0016835 -0.00285611 -0.00241432 -0.00165079 -0.00164344 -0.00355734 -0.00173393 -0.00184501 -0.00195818 -0.00170198 -0.00237807 -0.00226498 -0.00175352 -0.00225883 -0.00139987 -0.00192133 -0.00193462 -0.00150659 -0.00204324 -0.00187664 -0.00060933 -0.00212408 -0.0015459 -0.00180223 -0.00161793 -0.00163988 -0.00156459 -0.00279435 -0.00233276 -0.00168254 -0.00164644 -0.00186775 -0.00162632 -0.00173542 -0.00169831 -0.00236295 -0.00139652 -0.00183745 -0.00169938 -0.00147499 -0.00152915 -0.00245125 -0.0010777 -0.00189693 -0.00173166 -0.00159744 -0.00244873 -0.00136246 -0.00210247 -0.00210079 -0.00158617 -0.00145967 -0.00220907 -0.000707527 -0.00215822 -0.00194916 -0.00195096 -0.0010848 -0.0016293 -0.00152535 -0.00122338 -0.00191892 
-0.00157168 -0.00127027 -0.00212161 -0.0023953 -0.00173167 -0.00191262 -0.00249606 -0.00215655 -0.00262319 -0.00237153 -0.00212632 -0.00291555 -0.00283436 -0.00221151 -0.00224138 -0.00214029 -0.00320445 -0.00165928 -0.00233658 -0.000804898 -0.00125214 -0.00161512 -0.00207575 -0.00224226 0.00384945 0.00233745 0.00233104 0.00313642 0.00353027 0.13699 0.00224861 0.00308939 0.00192522 0.00198917 -0.0010336 -0.001006 -0.00192885 -0.00113028 -0.00191061 -0.0015674 -0.00235019 -0.00158851 -0.00170145 -0.00322264 -0.00130297 -0.00173212 -0.00207264 -0.00144917 -0.00173287 -0.00211924 -0.0015275 -0.00115316 -0.00204918 -0.000596856 -0.00111385 -0.00208476 -0.00136152 -0.00173521 -0.00151408 -0.00210972 -0.000807648 -0.00163693 -0.00220851 -0.00174137 -0.00174487 -0.00231488 -0.00218721 -0.00130529 -0.00109385 -0.00265184 -0.00244958 -0.00211542 -0.00114384 -0.000798783 -0.00253714 -0.000924755 -0.00198937 -0.00165461 -0.00164147 -0.00110978 -0.00243316 -0.00229709 -0.00221706 -0.00188925 -0.00107915 -0.00139799 -0.00267725 -0.00194986 -0.00205417 -0.0018353 -0.00170836 -0.000553114 -0.00208355 -0.00205714 -0.00109895 -0.00224863 -0.00125678 -0.00168444 -0.00114107 -0.000303122 
-0.00150485 -0.00207743 -0.00257357 -0.00229493 -0.000865785 -0.00175222 -0.00178064 -0.00226655 -0.00166301 -0.00222775 -0.00127581 -0.00202888 -0.00284563 -0.00268091 -0.00196991 -0.00147329 -0.00284896 -0.00194764 -0.00219143 -0.00260428 -0.00210719 -0.00230161 -0.00173506 -0.00130419 -0.00127831 0.00321339 0.00232742 0.00219202 0.00330236 0.00224861 0.13796 0.00400119 0.00244255 0.00197535 0.00245074 0.0020353 -0.00110549 -0.000854488 -0.00180929 -0.00256878 -0.00221256 -0.00208475 -0.0017994 -0.00175089 -0.00164838 -0.00177925 -0.00212348 -0.00175093 -0.00147589 -0.00227106 -0.00165844 -0.00225561 -0.00172332 -0.00160867 -0.00176706 -0.00194445 -0.000736802 -0.00225802 -0.00214919 -0.00193475 -0.00142364 -0.00214847 -0.00200876 -0.00165601 -0.00186361 -0.00158231 -0.00195829 -0.00154976 -0.00159802 -0.00137128 -0.00127009 -0.00234771 -0.00175089 -0.00171402 -0.00159576 -0.00137406 -0.00193524 -0.00137865 -0.00186027 -0.0016713 -0.0018207 -0.00111846 -0.00204675 -0.00171778 -0.00237825 -0.00172886 -0.00176959 -0.00201985 -0.0025363 -0.00145968 -0.00175399 -0.00162525 -0.00205655 -0.00247343 -0.00208434 -0.00170832 -0.00141911 -0.0021914 -0.00206095 -0.00125086 
-0.00245713 -0.0020263 -0.0018252 -0.0015241 -0.00256852 -0.00200088 -0.00190446 -0.00177992 -0.00106938 -0.00201241 -0.00205632 -0.00208939 -0.00268099 -0.00214209 -0.00248084 -0.000638792 -0.00289378 -0.00190531 -0.0017174 -0.00304153 -0.00160434 -0.00241328 -0.00227055 -0.00165514 -0.00198098 -0.000788325 0.00327248 0.00155727 0.00320802 0.00308939 0.00400119 0.136084 0.00264677 0.00275125 0.00161291 0.00207666 0.00265868 -0.000481096 -0.00103497 -0.00187359 -0.0028404 -0.00158199 -0.00186381 -0.00269567 -0.00191976 -0.00184475 -0.00218324 -0.00223634 -0.00171626 -0.0016311 -0.00166433 -0.00212488 -0.00237883 -0.00173141 -0.00124312 -0.00207827 -0.00205337 -0.00238431 -0.00228865 -0.00181353 -0.0011262 -0.000974542 -0.00162374 -0.00125318 -0.00184175 -0.00270246 -0.00217691 -0.00164734 -0.00187636 -0.00128311 -0.00106719 -0.00173844 -0.00147523 -0.00147765 -0.00209744 -0.00199426 -0.000645512 -0.00155242 -0.00251512 -0.00172935 -0.00166523 -0.00211891 -0.00114445 -0.00143656 -0.00127078 -0.00120687 -0.00155809 -0.00168612 -0.00216594 -0.00186815 -0.00203863 -0.00178163 -0.00198813 -0.00215766 -0.00148439 -0.00249471 -0.00156498 -0.00239564 -0.00198172 -0.000961034 
-0.00173559 -0.0020647 -0.00167201 -0.00223792 -0.0012619 -0.00258063 -0.00201775 -0.00196755 -0.00189406 -0.00160226 -0.00162035 -0.00199959 -0.00191112 -0.00228627 -0.00246461 -0.0014499 -0.00219356 -0.00143811 -0.00204455 -0.00292836 -0.00114319 -0.0021945 -0.00168413 -0.00228314 -0.00176327 -0.00144936 -0.000564422 0.00211173 0.00304087 0.00192522 0.00244255 0.00264677 0.128144 0.00205068 0.00235876 0.00194364 0.00240542 0.00203788 -0.00096007 -0.00131062 -0.000904391 -0.00154703 -0.00222673 -0.00179306 -0.00168578 -0.00190854 -0.0019756 -0.00157238 -0.0016462 -0.00206028 -0.00212004 -0.00179783 -0.00179634 -0.00144624 -0.00183981 -0.00206163 -0.00104437 -0.00163949 -0.00204015 -0.00232308 -0.00150835 -0.00157279 -0.00205989 -0.00138775 -0.00181493 -0.00149114 -0.00183113 -0.00238391 -0.00115049 -0.00138079 -0.00184062 -0.0022456 -0.00221695 -0.00163792 -0.00126529 -0.00135754 -0.00130282 -0.00206409 -0.00252286 -0.00158807 -0.00169553 -0.00160494 -0.00211919 -0.0012814 -0.001774 -0.00160959 -0.00164033 -0.00108971 -0.00152015 -0.000776149 -0.00145524 -0.00145776 -0.00125163 -0.00158288 -0.00183993 -0.00156103 -0.000242055 -0.00144788 -0.00097394 -0.00140883 
