0.115075 0.00236005 0.00173935 0.00157762 0.00185846 0.00119862 -0.00115157 -0.00135261 -0.00132574 -0.00193513 -0.00160583 -0.00111045 -0.00187218 -0.00140548 -0.00126734 -0.00111482 -0.00169714 -0.00119599 -0.0011038 -0.001724 -0.00203548 -0.00192389 -0.00255348 -0.00218205 -0.00114209 -0.00207857 -0.00187909 -0.00143851 -0.00116714 -0.00188884 -0.00226273 -0.00153984 -0.00149966 -0.000828447 -0.00124418 -0.000975394 -0.000899547 -0.00157835 -0.00165143 -0.00136959 -0.00134106 -0.00120266 -0.00109428 -0.00150297 -0.00150478 -0.0017307 -0.00169535 -0.00117654 -0.00183168 -0.00121103 -0.00130095 -0.00217387 -0.00241855 -0.00165161 -0.00240709 -0.00141425 -0.00133938 -0.00158791 -0.00140532 -0.000573225 -0.00172952 -0.000914272 -0.00086014 -0.00143012 -0.00134619 -0.00163022 -0.00187343 -0.000390333 -0.000745636 -0.00118413 -0.000775281 -0.00189824 -0.00161121 -0.00222681 -0.00158322 -0.00191253 -0.00128388 -0.00226019 -0.00196146 -0.00111995 -0.00172304 -0.00195773 -0.00218969 -0.00151373 -0.00213557 -0.00114613 -0.00208913 -0.00104922 -0.00121691 -0.000867116 -0.00126773 -0.000454134 -0.00109703 -0.000739592 -0.00126546 -0.000742211 0.00156306 0.00205574 0.00266624 0.00266065 
0.00236005 0.122463 0.00193048 0.00206674 0.000942511 0.00289817 0.00189944 -0.00162945 -0.00162255 -0.00147049 -0.00202738 -0.00275083 -0.0014031 -0.00209506 -0.00167539 -0.00151202 -0.00245826 -0.00157169 -0.00218725 -0.00215458 -0.0012904 -0.00188855 -0.00212108 -0.0016925 -0.00225973 -0.0021395 -0.0026022 -0.00109344 -0.00167644 -0.00184559 -0.0024054 -0.00132889 -0.00221279 -0.00171524 -0.00170079 -0.00203631 -0.00174571 -0.000862057 -0.00146899 -0.000907123 -0.000677861 -0.00150649 -0.000912995 -0.00233658 -0.00183395 -0.00188476 -0.00251135 -0.00103288 -0.00169656 -0.00193133 -0.00228174 -0.00111939 -0.00106095 -0.00136654 -0.000529695 -0.00203905 -0.00161823 -0.00172537 -0.0017505 -0.00127993 -0.00136238 -0.00155272 -0.00188771 -0.00162433 -0.0015684 -0.00247189 -0.00159438 -0.00114247 -0.00121352 -0.00160641 -0.00173734 -0.00123435 -0.000922452 -0.000887809 -0.00164144 -0.00126863 -0.0014582 -0.00139417 -0.00217956 -0.000661326 -0.00170465 -0.00176631 -0.00209584 -0.0019333 -0.000841049 -0.0015719 -0.00201247 -0.000902552 -0.000689245 -0.0023382 -0.000929178 -0.00104658 -0.00104938 -0.000832408 -0.000736095 -0.000267074 -0.00065216 0.00214849 0.00254699 0.00216889 
0.00173935 0.00193048 0.123789 0.00127803 0.00233532 0.00257622 0.00189945 0.0019934 -0.000457366 -0.00128788 -0.00188068 -0.00125167 -0.00179141 -0.0016153 -0.00212076 -0.00167393 -0.00240894 -0.00239777 -0.00214616 -0.00254737 -0.00174198 -0.00170863 -0.00208272 -0.00125247 -0.00231139 -0.00190852 -0.00117216 -0.00159154 -0.00254266 -0.000896952 -0.00225748 -0.00119403 -0.00177707 -0.00178634 -0.00186365 -0.00123147 -0.00102685 -0.000448722 -0.000921197 -0.00141581 -0.00150498 -0.00104106 -0.000977505 -0.00184883 -0.00126098 -0.00192392 -0.00268223 -0.00154791 -0.00170032 -0.00101327 -0.00119546 -0.00160426 -0.00158063 -0.000951989 -0.00149117 -0.00180007 -0.00067862 -0.00152684 -0.00152217 -0.00132314 -0.00243292 -0.00124683 -0.00123967 -0.00154957 -0.00163634 -0.00165404 -0.00117796 -0.00216455 -0.00199056 -0.000888976 -0.00223522 -0.00201084 -0.0017193 -0.00232387 -0.00219514 -0.0015409 -0.00160101 -0.00160597 -0.00200971 -0.00130645 -0.00125616 -0.001896 -0.00136426 -0.00256779 -0.00068808 -0.00178815 -0.00126596 -0.00155549 -0.000979578 -0.00118923 -0.00132036 -0.00193062 -0.00124945 -0.00143333 -0.00130712 -0.000920653 -0.00111109 -0.000878837 0.00160751 0.00196909 
0.00157762 0.00206674 0.00127803 0.124484 0.00194633 0.00132996 0.00199905 0.00141387 0.00152621 -0.00186331 -0.00125137 -0.00113469 -0.00145383 -0.00174921 -0.00208824 -0.00254366 -0.00236233 -0.00145552 -0.0021381 -0.00148322 -0.00140066 -0.0013759 -0.00325657 -0.00151455 -0.00201539 -0.00133739 -0.00116371 -0.000942619 -0.0019154 -0.00102691 -0.00170156 -0.00112982 -0.00250743 -0.00234116 -0.00154836 -0.0016166 -0.0020025 -0.00181238 -0.00185402 -0.00220324 -0.00143286 -0.0018955 -0.00222749 -0.00204139 -0.00217743 -0.00108187 -0.00134244 -0.00126021 -0.00159545 -0.0015611 -0.00193114 -0.000527369 -0.00181261 -0.00112234 -0.000942266 -0.00110994 -0.000804918 -0.00132768 -0.00131304 -0.00102184 -0.00249086 -0.00179335 -0.00196358 -0.00183331 -0.00180951 -0.00117932 -0.00205855 -0.00212796 -0.00218584 -0.00133186 -0.00110122 -0.00150329 -0.00136934 -0.0003363 -0.00135347 -0.00113406 -0.00133122 -0.00129968 -0.00216233 -0.0012391 -0.000988999 -0.0014854 -0.00215186 -0.000915275 -0.00167609 -0.00180231 -0.00151828 -0.00155884 -0.00106383 -0.00113308 -0.000944063 -0.000746541 -0.00128329 -0.00106637 -0.00104841 -0.00157501 -0.00114158 -0.00136269 -0.00167392 0.00183677 
0.00185846 0.000942511 0.00233532 0.00194633 0.121004 0.00299468 0.00181731 0.00237669 0.00198226 0.00202627 -0.00131919 -0.00157763 -0.00213252 -0.00159564 -0.00260285 -0.00271763 -0.00268981 -0.00237215 -0.00183559 -0.00233059 -0.00135809 -0.00167396 -0.0017894 -0.00198911 -0.0023113 -0.00206031 -0.00239882 -0.00144909 -0.000789511 -0.00189988 -0.00195991 -0.0017945 -0.00107998 -0.0018561 -0.00154043 -0.000578741 -0.0021662 -0.000932174 -0.00208833 -0.00110238 -0.00134933 -0.00134533 -0.00122963 -0.000856154 -0.00158123 -0.000886346 -0.00215147 -0.00112727 -0.00178487 -0.00155042 -0.00151134 -0.00140076 -0.00096369 -0.0014855 -0.00158914 -0.00129985 -0.000866813 -0.00102157 -0.000940273 -0.00167662 -0.0015317 -0.00127861 -0.00117482 -0.00147217 -0.000327302 -0.00140868 -0.00205171 -0.00175041 -0.00184472 -0.00140871 -0.00119047 -0.00163278 -0.00234941 -0.000871426 -0.00141448 -0.00170617 -0.0014087 -0.000774162 -0.00217139 -0.00151434 -0.00203533 -0.000905929 -0.00154019 -0.00136179 -0.00227292 -0.000994655 -0.000997446 -0.00170034 -0.00180707 -0.000941411 -0.00194766 -0.00175705 -0.00151466 -0.00060301 -0.00146568 -0.0021918 -0.00148486 -0.00191335 -0.000945384 -0.00101156 
0.00119862 0.00289817 0.00257622 0.00132996 0.00299468 0.125778 0.00244923 0.00321127 0.00147453 0.00246864 0.00138256 -0.00151809 -0.000935277 -0.00197152 -0.00202401 -0.00189982 -0.00273061 -0.00132479 -0.00244213 -0.00271721 -0.00177815 -0.00102875 -0.00206131 -0.00219727 -0.00202174 -0.00217584 -0.00268644 -0.00274401 -0.0012474 -0.00123073 -0.00261219 -0.00126037 -0.00157679 -0.00152692 -0.00151013 -0.00212126 -0.00154304 -0.00158031 -0.00140579 -0.000974205 -0.00179816 -0.0013285 -0.00209149 -0.00113467 -0.00209326 -0.00217642 -0.0023907 -0.00173957 -0.00170079 -0.00133755 -0.0011438 -0.00156747 -0.00182567 -0.00167459 -0.00209967 -0.00143103 -0.00150957 -0.00210369 -0.00122592 -0.00146846 -0.00212782 -0.00139065 -0.0012883 -0.001609 -0.00177635 -0.000925197 -0.00128815 -0.00107874 -0.00170521 -0.00147544 -0.00218112 -0.00162291 -0.002252 -0.00173727 -0.00174472 -0.0011476 -0.00161779 -0.00154666 -0.0020969 -0.0021416 -0.00203232 -0.00169842 -0.00169739 -0.00148866 -0.00157032 -0.00163566 -0.0015749 -0.00201848 -0.00169251 -0.00149327 -0.000464517 -0.00162264 -0.00102564 -0.00166445 -0.0015121 -0.00143964 -0.00124752 -0.00073667 -0.000872299 -0.000833772 
-0.00115157 0.00189944 0.00189945 0.00199905 0.00181731 0.00244923 0.130371 0.00245629 0.00189238 0.00249099 0.00188676 0.00203164 -0.000938262 -0.00157177 -0.00177892 -0.00220452 -0.00126435 -0.00118295 -0.00241628 -0.0022705 -0.00140294 -0.00145866 -0.00221413 -0.00146205 -0.0021606 -0.00180309 -0.00198461 -0.00161565 -0.00221589 -0.00188479 -0.00210037 -0.00183111 -0.00170457 -0.00198653 -0.00130856 -0.00232992 -0.00208252 -0.00170876 -0.00183558 -0.00208965 -0.00145403 -0.0024732 -0.00204928 -0.00188472 -0.0019287 -0.00176864 -0.00206476 -0.00177619 -0.00103086 -0.00181474 -0.0017813 -0.00212598 -0.00156011 -0.00152689 -0.00207699 -0.00248128 -0.00129188 -0.00199337 -0.000571299 -0.00167497 -0.00143929 -0.00185238 -0.00105884 -0.00141763 -0.0014169 -0.00165909 -0.00127797 -0.00214161 -0.00175711 -0.00204671 -0.00180157 -0.00243407 -0.00189619 -0.0016081 -0.000819911 -0.00160518 -0.0017333 -0.00160058 -0.00163144 -0.00159366 -0.00121828 -0.00148998 -0.00172031 -0.00179469 -0.00182383 -0.00138309 -0.00132146 -0.00145135 -0.0010166 -0.00210857 -0.0022688 -0.00199411 -0.0018084 -0.000814124 -0.00157777 -0.000921681 -0.00179638 -0.00185895 -0.00098759 -0.00175808 
-0.00135261 -0.00162945 0.0019934 0.00141387 0.00237669 0.00321127 0.00245629 0.130515 0.00296211 0.00272356 0.00235475 0.00252306 0.00311105 -0.00131046 -0.00128521 -0.000918314 -0.00158541 -0.00180858 -0.00189079 -0.00260055 -0.00260992 -0.00226406 -0.00209173 -0.00225611 -0.00114884 -0.00213579 -0.00232483 -0.00156267 -0.00180138 -0.00146541 -0.00201733 -0.00126553 -0.00175833 -0.000803112 -0.00185684 -0.00125727 -0.00113461 -0.00165644 -0.00225911 -0.0018315 -0.00220095 -0.00179325 -0.00163494 -0.00186148 -0.00154146 -0.0014806 -0.00134887 -0.00159601 -0.00167129 -0.00229443 -0.00125642 -0.00147451 -0.00140829 -0.00188312 -0.00171563 -0.00205461 -0.00196882 -0.0022295 -0.00142008 -0.00152435 -0.00178997 -0.00175916 -0.00235956 -0.00239362 -0.00241871 -0.00225304 -0.00177547 -0.0020829 -0.00198533 -0.00188699 -0.00176863 -0.00118412 -0.00228302 -0.00111782 -0.00138114 -0.00167295 -0.00224681 -0.000843784 -0.00122838 -0.00195876 -0.0021742 -0.00148594 -0.00165371 -0.00112309 -0.00117103 -0.00169378 -0.00153732 -0.00228493 -0.00169034 -0.00235786 -0.00104863 -0.00212238 -0.00204342 -0.00195666 -0.0011467 -0.00167189 -0.00205866 -0.00189434 -0.00213142 -0.00176406 
-0.00132574 -0.00162255 -0.000457366 0.00152621 0.00198226 0.00147453 0.00189238 0.00296211 0.124166 0.00281755 0.00253846 0.00254069 0.00271755 0.00199498 -0.00277809 -0.00120357 -0.00226881 -0.00237037 -0.0017374 -0.00147161 -0.00202993 -0.00209238 -0.00144924 -0.00167281 -0.00203485 -0.0019826 -0.00162972 -0.00143441 -0.000866184 -0.00109996 -0.00160213 -0.00225573 -0.00184709 -0.00226469 -0.00169156 -0.0012351 -0.00162221 -0.000953557 -0.0021724 -0.00231864 -0.00111318 -0.00231947 -0.00185669 -0.00107094 -0.00163822 -0.000989134 -0.00201708 -0.00101263 -0.00212926 -0.0020841 -0.00105093 -0.00216775 -0.00126901 -0.00134275 -0.00121416 -0.00130547 -0.00127273 -0.00183722 -0.00194288 -0.00140153 -0.00199358 -0.0017202 -0.0019508 -0.000679256 -0.00195949 -0.0015211 -0.00105369 -0.00248931 -0.00156824 -0.00141559 -0.0013929 -0.0017584 -0.00148759 -0.00155176 -0.0010643 -0.000798926 -0.0013897 -0.0013881 -0.00120437 -0.00202147 -0.00206625 -0.00166103 -0.00104471 -0.00114999 -0.00174961 -0.0019725 -0.00164588 -0.00124983 -0.00213993 -0.00215744 -0.0019828 -0.0018363 -0.00224148 -0.0014948 -0.00173178 -0.00192344 -0.002204 -0.00180365 -0.00175488 -0.00186821 
-0.00193513 -0.00147049 -0.00128788 -0.00186331 0.00202627 0.00246864 0.00249099 0.00272356 0.00281755 0.124691 0.00249329 0.00299745 0.00233535 0.001315 -0.00189094 -0.00117147 -0.00177973 -0.00146265 -0.00183943 -0.00200778 -0.00152571 -0.00165694 -0.00156645 -0.00287116 -0.00137323 -0.00203047 -0.00190754 -0.00119022 -0.00234143 -0.00121218 -0.0016203 -0.0022776 -0.00226584 -0.00112046 -0.00215655 -0.0014526 -0.00170945 -0.00122519 -0.00107755 -0.00161619 -0.00198204 -0.0018897 -0.00198239 -0.000817547 -0.00149168 -0.00158963 -0.00144094 -0.00182601 -0.00155485 -0.00240538 -0.00123279 -0.00131324 -0.00132372 -0.00181643 -0.00181349 -0.000970161 -0.00151375 -0.00137902 -0.00104673 -0.00187362 -0.00135483 -0.00181787 -0.0012387 -0.00192592 -0.00163898 -0.00206786 -0.00123555 -0.00162944 -0.00183077 -0.00118105 -0.00159245 -0.00212709 -0.00153573 -0.00163253 -0.00110188 -0.00111456 -0.00147909 -0.00138516 -0.00151883 -0.00174598 -0.00134729 -0.0012548 -0.00159233 -0.00129071 -0.00136491 -0.00250076 -0.00177183 -0.00169353 -0.00189703 -0.001943 -0.00175075 -0.00169016 -0.00188431 -0.00176432 -0.00118921 -0.00136245 -0.000978713 -0.00162994 -0.00172346 -0.00240647 
-0.00160583 -0.00202738 -0.00188068 -0.00125137 -0.00131919 0.00138256 0.00188676 0.00235475 0.00253846 0.00249329 0.135404 0.00266935 0.0030283 0.00344115 0.00239078 0.00216949 -0.000938896 -0.000558974 -0.00185915 -0.00178368 -0.0023041 -0.00299181 -0.00213313 -0.00115658 -0.00325788 -0.00199631 -0.00189347 -0.00164416 -0.00241732 -0.00189215 -0.00167992 -0.00211477 -0.00149937 -0.001938 -0.00180042 -0.0016642 -0.00170425 -0.00169185 -0.00203966 -0.00180787 -0.00156777 -0.00247713 -0.00176166 -0.00178114 -0.00149574 -0.00135249 -0.00158183 -0.00117909 -0.00199563 -0.00177727 -0.0011496 -0.00164406 -0.00216532 -0.00204771 -0.00180887 -0.00240494 -0.00185045 -0.00195437 -0.00223161 -0.00168622 -0.00185517 -0.00194429 -0.00131869 -0.00205456 -0.00215844 -0.00180062 -0.00196163 -0.00200264 -0.00128708 -0.00141952 -0.00148931 -0.000807958 -0.00219679 -0.00124035 -0.00200986 -0.00154377 -0.00148387 -0.00211816 -0.00168676 -0.00167418 -0.00228133 -0.00195681 -0.00150842 -0.00165886 -0.00296925 -0.00170389 -0.00195389 -0.00133904 -0.00181059 -0.0015179 -0.0019827 -0.00137251 -0.0027921 -0.00206555 -0.00196673 -0.000911961 -0.00199128 -0.00163367 -0.00203063 -0.0014925 
-0.00111045 -0.00275083 -0.00125167 -0.00113469 -0.00157763 -0.00151809 0.00203164 0.00252306 0.00254069 0.00299745 0.00266935 0.135163 0.00302794 0.00326704 0.00160828 0.00315457 0.00267519 -0.00164809 -0.00191399 -0.00109531 -0.00147607 -0.00211763 -0.00214085 -0.00123153 -0.00159692 -0.00175669 -0.0020325 -0.00169003 -0.00205095 -0.00225923 -0.00188094 -0.00233126 -0.00253958 -0.00181388 -0.00265066 -0.00140338 -0.00202196 -0.00182578 -0.00234567 -0.00144059 -0.00186828 -0.00131138 -0.00202607 -0.00191337 -0.00152007 -0.00146843 -0.00200883 -0.00230308 -0.00187234 -0.00249214 -0.00200507 -0.00166248 -0.0026762 -0.0015607 -0.00185884 -0.00191459 -0.00125103 -0.00152206 -0.00138462 -0.00142545 -0.00178898 -0.00109541 -0.00146698 -0.00104881 -0.00179698 -0.00120354 -0.00102135 -0.00191125 -0.0015205 -0.00198778 -0.00203777 -0.002183 -0.0022356 -0.00231848 -0.00277463 -0.00160195 -0.0018664 -0.00255759 -0.0013808 -0.00253987 -0.00256312 -0.00159057 -0.0015834 -0.00321945 -0.00123683 -0.00240398 -0.00147024 -0.00144954 -0.00203124 -0.00233803 -0.00270571 -0.00188736 -0.00217729 -0.00238613 -0.00140655 -0.000904169 -0.00162006 -0.0009213 -0.00133216 -0.00144106 
-0.00187218 -0.0014031 -0.00179141 -0.00145383 -0.00213252 -0.000935277 -0.000938262 0.00311105 0.00271755 0.00233535 0.0030283 0.00302794 0.135786 0.00224498 0.00205958 0.00217553 0.00284832 -0.00129138 -0.00265235 -0.0006166 -0.00256146 -0.00294401 -0.0020654 -0.00200897 -0.0019453 -0.00232962 -0.00218815 -0.00219999 -0.00216072 -0.0021642 -0.00233156 -0.00261595 -0.00255135 -0.00161124 -0.00169004 -0.0014614 -0.00159387 -0.00175243 -0.00199421 -0.00219908 -0.002118 -0.00222595 -0.0017928 -0.00151781 -0.00209488 -0.00265572 -0.00160834 -0.00219323 -0.00226337 -0.00172804 -0.00101864 -0.00166745 -0.00193188 -0.00259266 -0.00156302 -0.00165576 -0.00179994 -0.00150422 -0.0019959 -0.00154057 -0.00193155 -0.00143219 -0.00148134 -0.00169048 -0.0013269 -0.00220691 -0.00174154 -0.00139831 -0.00144682 -0.00178403 -0.00211621 -0.00202533 -0.00171334 -0.00192132 -0.00164668 -0.000832775 -0.00149454 -0.0012769 -0.00131149 -0.00201421 -0.00178521 -0.0010982 -0.00186167 -0.00116898 -0.00136348 -0.00219031 -0.00150411 -0.00136175 -0.000933943 -0.00201427 -0.00138695 -0.00163158 -0.00199254 -0.00164161 -0.0019858 -0.000883355 -0.00128475 -0.00222008 -0.00165392 -0.00165552 
-0.00140548 -0.00209506 -0.0016153 -0.00174921 -0.00159564 -0.00197152 -0.00157177 -0.00131046 0.00199498 0.001315 0.00344115 0.00326704 0.00224498 0.144985 0.00361316 0.00405279 0.00389084 0.00290546 0.00248496 -0.000662879 -0.00108493 -0.00285627 -0.00253778 -0.00234544 -0.00240551 -0.00303666 -0.00176496 -0.00225968 -0.00235397 -0.00204954 -0.00260275 -0.00282589 -0.00244618 -0.00186395 -0.00218716 -0.00147192 -0.00174405 -0.00194778 -0.00270506 -0.00150717 -0.00192205 -0.00172266 -0.00213742 -0.00139639 -0.00182424 -0.000510596 -0.00197294 -0.00163778 -0.00164105 -0.00287804 -0.000829023 -0.00220959 -0.00184056 -0.00211576 -0.002162 -0.00190143 -0.00159326 -0.00265913 -0.00190227 -0.00224956 -0.00223058 -0.00210038 -0.00202938 -0.00181387 -0.00168197 -0.00115259 -0.00175612 -0.00138594 -0.00119397 -0.00185216 -0.0015279 -0.00210999 -0.00229306 -0.00238022 -0.00245179 -0.00184602 -0.00251339 -0.00182238 -0.00185874 -0.00259962 -0.00123994 -0.00228143 -0.0015547 -0.00221259 -0.00166737 -0.00131638 -0.0030234 -0.00203153 -0.00163085 -0.00237262 -0.00182693 -0.00166145 -0.00188107 -0.00168954 -0.00229233 -0.00178352 -0.00185629 -0.00252202 -0.00239097 -0.00328019 
-0.00126734 -0.00167539 -0.00212076 -0.00208824 -0.00260285 -0.00202401 -0.00177892 -0.00128521 -0.00277809 -0.00189094 0.00239078 0.00160828 0.00205958 0.00361316 0.139479 0.00327332 0.00234064 0.00281398 0.00245244 0.00273297 -0.00141807 -0.00224164 -0.00149158 -0.00187524 -0.00129619 -0.00156845 -0.00142608 -0.00119011 -0.00194921 -0.00144361 -0.00162764 -0.00184778 -0.0025766 -0.00153121 -0.00280581 -0.00212963 -0.00142187 -0.00121076 -0.000954255 -0.00159629 -0.00198112 -0.00144305 -0.00161597 -0.00200464 -0.00220165 -0.00229333 -0.00213576 -0.00184465 -0.0026843 -0.00212941 -0.00209226 -0.00231553 -0.00207306 -0.00174624 -0.00154933 -0.00244475 -0.00240361 -0.000892802 -0.00222071 -0.00223785 -0.00123998 -0.00194595 -0.0017754 -0.00134129 -0.0016772 -0.00176209 -0.00222757 -0.00195539 -0.000752309 -0.00161794 -0.00186771 -0.00217451 -0.00150888 -0.00139467 -0.00171923 -0.00145661 -0.00180066 -0.00170435 -0.00176986 -0.00180946 -0.00251956 -0.00114003 -0.00225477 -0.00124493 -0.000453157 -0.00216519 -0.002298 -0.0020847 -0.00174296 -0.00224068 -0.00218477 -0.00173578 -0.00206636 -0.00151815 -0.00135399 -0.00189423 -0.000702214 -0.00132964 -0.00254623 -0.00236438 
-0.00111482 -0.00151202 -0.00167393 -0.00254366 -0.00271763 -0.00189982 -0.00220452 -0.000918314 -0.00120357 -0.00117147 0.00216949 0.00315457 0.00217553 0.00405279 0.00327332 0.14007 0.00296243 0.00287364 0.00284346 0.00187995 -0.00158915 -0.00193871 -0.00122822 -0.00234053 -0.00152556 -0.0021287 -0.00142145 -0.00234242 -0.00258921 -0.00136312 -0.00235621 -0.00263711 -0.00185687 -0.00118827 -0.00200335 -0.00249059 -0.00201478 -0.00257415 -0.00148181 -0.00200661 -0.00156708 -0.00165708 -0.00140227 -0.00177568 -0.00246071 -0.000785652 -0.00121598 -0.00128814 -0.00115815 -0.0013744 -0.00149951 -0.0013725 -0.002205 -0.00205003 -0.00120012 -0.00217245 -0.00140205 -0.00236783 -0.00190039 -0.000875822 -0.00212767 -0.00201917 -0.00122672 -0.00171611 -0.00188681 -0.00209646 -0.00245927 -0.00175506 -0.00227191 -0.00216732 -0.00204974 -0.00215695 -0.00216621 -0.00235036 -0.00271154 -0.00238525 -0.00177702 -0.00223823 -0.00124593 -0.00185412 -0.00147459 -0.0018487 -0.00176691 -0.00212152 -0.00170761 -0.0025889 -0.00162073 -0.0010645 -0.000975375 -0.00185892 -0.00222029 -0.00180839 -0.00228503 -0.00237436 -0.0020987 -0.00293539 -0.0014132 -0.00147475 -0.00155245 -0.00183547 
-0.00169714 -0.00245826 -0.00240894 -0.00236233 -0.00268981 -0.00273061 -0.00126435 -0.00158541 -0.00226881 -0.00177973 -0.000938896 0.00267519 0.00284832 0.00389084 0.00234064 0.00296243 0.140939 0.00209384 0.003272 0.00179404 0.00199107 0.00251059 -0.0017294 -0.00213046 -0.00206146 -0.00153999 -0.00263145 -0.00255838 -0.00161508 -0.00183275 -0.00159847 -0.00246562 -0.00181747 -0.00169672 -0.00222642 -0.00231504 -0.00174393 -0.00226305 -0.0013467 -0.00143971 -0.00170341 -0.00204389 -0.00259448 -0.00134014 -0.0023149 -0.0023378 -0.00254301 -0.00151267 -0.00121211 -0.00122335 -0.00177659 -0.00133609 -0.000775677 -0.00226301 -0.00133092 -0.0010612 -0.00120931 -0.00201045 -0.0020527 -0.000658554 -0.00134966 -0.00185954 -0.00174205 -0.00178949 -0.00161344 -0.000889342 -0.00128953 -0.00194966 -0.00188878 -0.00201327 -0.0012171 -0.0022249 -0.00255637 -0.00220444 -0.00200589 -0.00216326 -0.00249037 -0.0013674 -0.00191729 -0.00222652 -0.00193051 -0.00204194 -0.00176014 -0.00207842 -0.00115151 -0.00157618 -0.00199985 -0.00193364 -0.00244523 -0.0022319 -0.00223279 -0.00180518 -0.00209558 -0.00165274 -0.00210161 -0.00181223 -0.00180025 -0.00238668 -0.00248908 -0.00253703 
-0.00119599 -0.00157169 -0.00239777 -0.00145552 -0.00237215 -0.00132479 -0.00118295 -0.00180858 -0.00237037 -0.00146265 -0.000558974 -0.00164809 -0.00129138 0.00290546 0.00281398 0.00287364 0.00209384 0.139314 0.00336754 0.00310967 0.00164002 0.00175081 0.00218089 -0.000666409 -0.00204717 -0.0015942 -0.00267235 -0.00230846 -0.00293395 -0.00194052 -0.00231224 -0.00271396 -0.00201861 -0.00250724 -0.00185498 -0.00204292 -0.00294888 -0.00205678 -0.00166628 -0.00174917 -0.00242754 -0.00197295 -0.00234872 -0.00126555 -0.00276423 -0.00115794 -0.00133421 -0.00113714 -0.00132204 -0.00186634 -0.00223491 -0.00156772 -0.00156637 -0.00123358 -0.00229726 -0.00115233 -0.00168785 -0.00192766 -0.00181525 -0.00180793 -0.00190609 -0.00159079 -0.00114517 -0.000860646 -0.00206169 -0.00149912 -0.00140574 -0.00149738 -0.00200652 -0.00184777 -0.00239919 -0.00266015 -0.00172826 -0.00289988 -0.00200576 -0.00154897 -0.00121675 -0.00157123 -0.0019129 -0.00191469 -0.00224886 -0.00171674 -0.00143493 -0.00147131 -0.00166997 -0.0015635 -0.00188868 -0.00125662 -0.00242228 -0.00252921 -0.00146447 -0.00165552 -0.00123675 -0.00143246 -0.00224272 -0.00211492 -0.00179526 -0.00144025 -0.0011793 -0.00204514 
-0.0011038 -0.00218725 -0.00214616 -0.0021381 -0.00183559 -0.00244213 -0.00241628 -0.00189079 -0.0017374 -0.00183943 -0.00185915 -0.00191399 -0.00265235 0.00248496 0.00245244 0.00284346 0.003272 0.00336754 0.144921 0.00236272 0.00330125 0.0028568 0.00435169 -0.000648391 -0.00142109 -0.00300742 -0.00241851 -0.00136644 -0.00259124 -0.00257568 -0.00229037 -0.0022113 -0.00215559 -0.00225544 -0.00146752 -0.00197139 -0.00194635 -0.00173815 -0.00177042 -0.00188481 -0.00108754 -0.0010363 -0.00164752 -0.000839903 -0.00185309 -0.00121609 -0.00218563 -0.00297077 -0.0022065 -0.00248901 -0.00221466 -0.00296675 -0.00270064 -0.00101837 -0.00204777 -0.00154265 -0.00202553 -0.00222495 -0.00177903 -0.00190762 -0.0017958 -0.00137471 -0.00140197 -0.001493 -0.00147911 -0.00111167 -0.00158142 -0.00143639 -0.00147786 -0.00175916 -0.00160387 -0.0017848 -0.0024942 -0.00149472 -0.00172509 -0.00180719 -0.00141772 -0.00249591 -0.00170995 -0.00188342 -0.00211901 -0.00278952 -0.00204834 -0.00170018 -0.00106792 -0.00233066 -0.00215826 -0.00177921 -0.00194674 -0.00206299 -0.00231808 -0.00210964 -0.00263433 -0.00136834 -0.00245581 -0.00187467 -0.00225215 -0.00209414 -0.00158275 -0.00235017 
-0.001724 -0.00215458 -0.00254737 -0.00148322 -0.00233059 -0.00271721 -0.0022705 -0.00260055 -0.00147161 -0.00200778 -0.00178368 -0.00109531 -0.0006166 -0.000662879 0.00273297 0.00187995 0.00179404 0.00310967 0.00236272 0.143253 0.00206911 0.00316347 0.00220718 0.00349273 0.00266714 -0.00167104 -0.00232941 -0.00140461 -0.00164791 -0.00194765 -0.00248318 -0.00252603 -0.00193155 -0.00286602 -0.00166844 -0.00169882 -0.00247308 -0.00244634 -0.00179001 -0.00168558 -0.00197395 -0.000951565 -0.00251141 -0.00160264 -0.00184 -0.00183376 -0.00151686 -0.00238962 -0.000945997 -0.00235229 -0.00258452 -0.00256904 -0.0014598 -0.00204261 -0.00188669 -0.00164082 -0.00185831 -0.00169432 -0.0022748 -0.00106642 -0.00141067 -0.0010013 -0.00226371 -0.00206605 -0.00173436 -0.00195731 -0.00193964 -0.00240408 -0.00265934 -0.00199049 -0.00286595 -0.000883625 -0.00188298 -0.00191906 -0.00160615 -0.000547219 -0.00213727 -0.00149064 -0.0016996 -0.00162873 -0.00268876 -0.00184625 -0.00136339 -0.00198609 -0.00180462 -0.00192189 -0.00216672 -0.00205752 -0.00221779 -0.00270047 -0.00178527 -0.00181381 -0.00159725 -0.00138123 -0.00294933 -0.00202456 -0.00189498 -0.00188897 -0.0019966 -0.00152731 
-0.00203548 -0.0012904 -0.00174198 -0.00140066 -0.00135809 -0.00177815 -0.00140294 -0.00260992 -0.00202993 -0.00152571 -0.0023041 -0.00147607 -0.00256146 -0.00108493 -0.00141807 -0.00158915 0.00199107 0.00164002 0.00330125 0.00206911 0.146287 0.00348409 0.00332365 0.00321595 0.00356972 0.00281657 -0.00102508 -0.00239521 -0.00113234 -0.00160844 -0.00274121 -0.00214622 -0.00224023 -0.00247692 -0.00265271 -0.00272776 -0.00273432 -0.00203531 -0.00257987 -0.00204314 -0.00162369 -0.00223053 -0.00267106 -0.00194154 -0.00243184 -0.00216799 -0.00178369 -0.00141292 -0.00158415 -0.00200301 -0.0016738 -0.00175111 -0.00247839 -0.00082849 -0.00145542 -0.00156073 -0.00188502 -0.00230169 -0.00237755 -0.00176575 -0.00245301 -0.00112777 -0.0020624 -0.00209463 -0.00161404 -0.00264222 -0.0012995 -0.00202259 -0.00301444 -0.0012713 -0.00201175 -0.00177434 -0.00106588 -0.00148421 -0.00237771 -0.000997037 -0.00138065 -0.00187408 -0.00281762 -0.00203781 -0.00267612 -0.00237212 -0.00333675 -0.00244838 -0.00199892 -0.00153764 -0.00197964 -0.00246841 -0.00191052 -0.000538655 -0.00184254 -0.00133939 -0.0026194 -0.00128012 -0.00131487 -0.000857352 -0.00183763 -0.00182405 -0.00242344 -0.00159498 
-0.00192389 -0.00188855 -0.00170863 -0.0013759 -0.00167396 -0.00102875 -0.00145866 -0.00226406 -0.00209238 -0.00165694 -0.00299181 -0.00211763 -0.00294401 -0.00285627 -0.00224164 -0.00193871 0.00251059 0.00175081 0.0028568 0.00316347 0.00348409 0.149014 0.00326411 0.00323497 0.00174654 0.00267245 -0.00145297 -0.00271529 -0.00238496 -0.00106326 -0.00310401 -0.00223223 -0.00152001 -0.00214452 -0.00210187 -0.00187284 -0.00270153 -0.00264114 -0.00137245 -0.00175253 -0.00225717 -0.000679463 -0.00222706 -0.00200922 -0.00203733 -0.00190942 -0.00122685 -0.00207581 -0.00169269 -0.00246196 -0.000894229 -0.0018891 -0.00185399 -0.00246863 -0.00248537 -0.00179041 -0.0028372 -0.00192586 -0.00207759 -0.00122483 -0.00202832 -0.00275156 -0.00131164 -0.00169041 -0.00215374 -0.00254179 -0.00128914 -0.00202704 -0.00265455 -0.00198557 -0.00202628 -0.00192598 -0.00144097 -0.00239595 -0.00159169 -0.00137161 -0.00115932 -0.00159359 -0.00229923 -0.00232503 -0.0015498 -0.00193039 -0.00202125 -0.00121534 -0.00269278 -0.000545852 -0.00133219 -0.00199114 -0.00252493 -0.00233429 -0.00172502 -0.00189925 -0.00172816 -0.00131574 -0.00176625 -0.00164203 -0.00171994 -0.00264202 -0.00192217 -0.00139066 
-0.00255348 -0.00212108 -0.00208272 -0.00325657 -0.0017894 -0.00206131 -0.00221413 -0.00209173 -0.00144924 -0.00156645 -0.00213313 -0.00214085 -0.0020654 -0.00253778 -0.00149158 -0.00122822 -0.0017294 0.00218089 0.00435169 0.00220718 0.00332365 0.00326411 0.143919 0.00251184 0.0022426 0.00119663 0.00168958 -0.00187997 -0.00183834 -0.00166968 -0.00198718 -0.00202269 -0.00149714 -0.00203352 -0.00243281 -0.00184963 -0.00301885 -0.00241387 -0.00187043 -0.00188864 -0.00215031 -0.00228755 -0.00232314 -0.00262797 -0.00223596 -0.00103324 -0.00175802 -0.00178648 -0.0024797 -0.00162548 -0.00200105 -0.00203465 -0.00103485 -0.00108157 -0.000786175 -0.00238419 -0.000720436 -0.00146688 -0.00251514 -0.00152731 -0.00175495 -0.00217123 -0.00120026 -0.0014373 -0.0027802 -0.00164382 -0.000975451 -0.00212604 -0.0018174 -0.00127988 -0.00187291 -0.00161536 -0.00158491 -0.000889677 -0.00166969 -0.00089714 -0.00212424 -0.00205929 -0.0025678 -0.00276944 -0.00149289 -0.00167852 -0.00173364 -0.00247474 -0.00189813 -0.00112825 -0.000850182 -0.00160052 -0.00218898 -0.00131516 -0.0017582 -0.00208567 -0.00152938 -0.00178087 -0.00130517 -0.00244764 -0.00260511 -0.00217473 -0.00121661 -0.00161088 
-0.00218205 -0.0016925 -0.00125247 -0.00151455 -0.00198911 -0.00219727 -0.00146205 -0.00225611 -0.00167281 -0.00287116 -0.00115658 -0.00123153 -0.00200897 -0.00234544 -0.00187524 -0.00234053 -0.00213046 -0.000666409 -0.000648391 0.00349273 0.00321595 0.00323497 0.00251184 0.14332 0.00313273 0.00277715 0.00231415 0.00299428 -0.00177121 -0.00118324 -0.00147489 -0.00139399 -0.00120863 -0.00204089 -0.00189506 -0.00257481 -0.00183034 -0.00241711 -0.00171129 -0.00137266 -0.00146259 -0.00192134 -0.00183863 -0.00252031 -0.00135305 -0.00206655 -0.00163634 -0.00175185 -0.00139074 -0.00183989 -0.00207144 -0.00183259 -0.00148434 -0.00143972 -0.00226522 -0.00149217 -0.0010881 -0.00194703 -0.00247148 -0.00107553 -0.00136541 -0.00134632 -0.000895612 -0.00206527 -0.00177438 -0.00257861 -0.00233432 -0.00227327 -0.00268107 -0.00126815 -0.00195199 -0.0020057 -0.00235813 -0.00267737 -0.00323929 -0.00205827 -0.00178764 -0.00247154 -0.00283921 -0.00119274 -0.00102998 -0.00177811 -0.00208577 -0.00193368 -0.00237595 -0.0013923 -0.00212493 -0.00249855 -0.00169662 -0.00164858 -0.00158418 -0.00226163 -0.00201536 -0.00191799 -0.00162454 -0.00141329 -0.00147617 -0.00118115 -0.00229431 -0.00218 
-0.00114209 -0.00225973 -0.00231139 -0.00201539 -0.0023113 -0.00202174 -0.0021606 -0.00114884 -0.00203485 -0.00137323 -0.00325788 -0.00159692 -0.0019453 -0.00240551 -0.00129619 -0.00152556 -0.00206146 -0.00204717 -0.00142109 0.00266714 0.00356972 0.00174654 0.0022426 0.00313273 0.143793 0.00351958 0.00244054 0.00211507 0.00264974 0.00192851 -0.0014297 -0.00187634 -0.000869349 -0.000700754 -0.00247842 -0.00131795 -0.00286938 -0.002142 -0.00181567 -0.00230459 -0.00119292 -0.00199093 -0.00277754 -0.00251795 -0.00257446 -0.00220806 -0.00225824 -0.00235666 -0.00259308 -0.00147215 -0.00168347 -0.00261286 -0.00183044 -0.00197319 -0.0020663 -0.0022018 -0.00152038 -0.00199 -0.00204586 -0.00220716 -0.00191276 -0.00168197 -0.00171259 -0.0023935 -0.0020334 -0.00181133 -0.00201393 -0.00184736 -0.00184636 -0.00191383 -0.00169631 -0.00279799 -0.00118321 -0.000216957 -0.00189473 -0.0015377 -0.00164233 -0.00204178 -0.00178094 -0.00177956 -0.0024275 -0.00159656 -0.00148289 -0.00106696 -0.00177736 -0.00226806 -0.00225359 -0.00248076 -0.00246088 -0.00152497 -0.000715849 -0.00200893 -0.00211746 -0.00275204 -0.00161832 -0.00159554 -0.00219285 -0.00175102 -0.00196019 -0.00180081 
-0.00207857 -0.0021395 -0.00190852 -0.00133739 -0.00206031 -0.00217584 -0.00180309 -0.00213579 -0.0019826 -0.00203047 -0.00199631 -0.00175669 -0.00232962 -0.00303666 -0.00156845 -0.0021287 -0.00153999 -0.0015942 -0.00300742 -0.00167104 0.00281657 0.00267245 0.00119663 0.00277715 0.00351958 0.140758 0.00188764 0.00351951 0.00298971 0.00240631 0.00222744 -0.00169929 -0.00118431 -0.00188245 -0.00223288 -0.00203474 -0.00150266 -0.0022191 -0.00138398 -0.0018273 -0.00142322 -0.00172927 -0.00215913 -0.00221554 -0.0021107 -0.00166612 -0.00278802 -0.00158809 -0.00136426 -0.00231378 -0.00225481 -0.00244192 -0.00181753 -0.00190618 -0.00118899 -0.000813683 -0.00197429 -0.00140502 -0.00223029 -0.00150031 -0.00136497 -0.0020913 -0.00127114 -0.00182951 -0.00233649 -0.00173207 -0.00181147 -0.0018819 -0.00214587 -0.00170289 -0.00160583 -0.00170726 -0.00250196 -0.00145441 -0.00185582 -0.00236663 -0.0022781 -0.00224089 -0.00199667 -0.00174649 -0.00174004 -0.00159148 -0.00170548 -0.00221137 -0.00129498 -0.00137862 -0.00225236 -0.00130785 -0.00149878 -0.00231639 -0.00281123 -0.00108719 -0.0017451 -0.00246203 -0.00114673 -0.00166312 -0.00147716 -0.00203878 -0.00249702 -0.00148472 
-0.00187909 -0.0026022 -0.00117216 -0.00116371 -0.00239882 -0.00268644 -0.00198461 -0.00232483 -0.00162972 -0.00190754 -0.00189347 -0.0020325 -0.00218815 -0.00176496 -0.00142608 -0.00142145 -0.00263145 -0.00267235 -0.00241851 -0.00232941 -0.00102508 -0.00145297 0.00168958 0.00231415 0.00244054 0.00188764 0.13518 0.0024905 0.00245366 0.00334647 0.00420728 0.00175883 -0.000956286 -0.00114911 -0.00177137 -0.00170417 -0.00187117 -0.000898375 -0.00141937 -0.00172616 -0.000860832 -0.00159504 -0.00154126 -0.00235091 -0.00175244 -0.00131919 -0.00222451 -0.00213501 -0.00255538 -0.00151982 -0.00188289 -0.000921713 -0.00180457 -0.00265975 -0.00139646 -0.00184136 -0.00204549 -0.000932345 -0.00194841 -0.00225155 -0.00145922 -0.00153991 -0.00202521 -0.00251853 -0.00214866 -0.000893088 -0.00139198 -0.00164127 -0.000509136 -0.00221544 -0.0010841 -0.00131995 -0.00192251 -0.00201036 -0.00192967 -0.00183504 -0.00183747 -0.00137787 -0.00165841 -0.00202417 -0.00159461 -0.00187908 -0.000608984 -0.00154234 -0.00221438 -0.000865468 -0.00165206 -0.00196187 -0.002155 -0.00167089 -0.00191527 -0.00203757 -0.00160514 -0.0020125 -0.00146212 -0.00224786 -0.00181891 -0.00139644 -0.00163185 -0.00211397 
-0.00143851 -0.00109344 -0.00159154 -0.000942619 -0.00144909 -0.00274401 -0.00161565 -0.00156267 -0.00143441 -0.00119022 -0.00164416 -0.00169003 -0.00219999 -0.00225968 -0.00119011 -0.00234242 -0.00255838 -0.00230846 -0.00136644 -0.00140461 -0.00239521 -0.00271529 -0.00187997 0.00299428 0.00211507 0.00351951 0.0024905 0.133505 0.00258529 0.00234292 0.00263767 0.00209571 0.00261716 -0.00156983 -0.00198102 -0.000999253 -0.00140191 -0.00166844 -0.00154598 -0.00144399 -0.00186104 -0.00152918 -0.00203281 -0.00241801 -0.00153866 -0.0024636 -0.00146815 -0.00155619 -0.00182919 -0.00129541 -0.00277184 -0.00179408 -0.00114643 -0.00197037 -0.00151128 -0.0017652 -0.00166683 -0.0016925 -0.00143039 -0.00204187 -0.00110597 -0.00151423 -0.00101549 -0.0018969 -0.00152022 -0.00227034 -0.00179428 -0.00151661 -0.00174777 -0.00229386 -0.00112449 -0.00172283 -0.00160655 -0.00195215 -0.00177202 -0.00175468 -0.00123374 -0.00176792 -0.00228754 -0.00180569 -0.00231762 -0.00114137 -0.00233766 -0.0016146 -0.00147339 -0.00135358 -0.00213522 -0.00183316 -0.00190445 -0.00186401 -0.00177824 -0.0017998 -0.00260672 -0.0017645 -0.0016988 -0.00139092 -0.00170096 -0.00216401 -0.00134542 -0.0015651 
-0.00116714 -0.00167644 -0.00254266 -0.0019154 -0.000789511 -0.0012474 -0.00221589 -0.00180138 -0.000866184 -0.00234143 -0.00241732 -0.00205095 -0.00216072 -0.00235397 -0.00194921 -0.00258921 -0.00161508 -0.00293395 -0.00259124 -0.00164791 -0.00113234 -0.00238496 -0.00183834 -0.00177121 0.00264974 0.00298971 0.00245366 0.00258529 0.136488 0.00219329 0.00320461 0.00259886 0.00182188 0.00204227 -0.0017905 -0.000978172 -0.00134574 -0.0014108 -0.00180324 -0.00179522 -0.00209894 -0.00153561 -0.00278773 -0.0017489 -0.00203501 -0.00181873 -0.00257935 -0.000907254 -0.00113093 -0.00203999 -0.001791 -0.000950554 -0.0020626 -0.00127947 -0.000652847 -0.00144843 -0.00149812 -0.00132681 -0.00229559 -0.000589237 -0.00129936 -0.00180111 -0.00144121 -0.00202116 -0.00139172 -0.00218849 -0.00227714 -0.00163682 -0.00126823 -0.00196084 -0.00174569 -0.0023193 -0.00204296 -0.00184073 -0.00154746 -0.00197477 -0.00195005 -0.00186257 -0.00168737 -0.00197616 -0.00247791 -0.00127877 -0.00164838 -0.00193449 -0.00138891 -0.00154337 -0.00184046 -0.00130828 -0.002391 -0.00168469 -0.00221979 -0.00165663 -0.00217059 -0.00199453 -0.0016376 -0.00162191 -0.00131337 -0.00213024 -0.00153527 -0.00131762 
-0.00188884 -0.00184559 -0.000896952 -0.00102691 -0.00189988 -0.00123073 -0.00188479 -0.00146541 -0.00109996 -0.00121218 -0.00189215 -0.00225923 -0.0021642 -0.00204954 -0.00144361 -0.00136312 -0.00183275 -0.00194052 -0.00257568 -0.00194765 -0.00160844 -0.00106326 -0.00166968 -0.00118324 0.00192851 0.00240631 0.00334647 0.00234292 0.00219329 0.128789 0.00226987 0.00140444 0.00206367 0.00110975 -0.00170216 -0.000431645 -0.00114703 -0.00171751 -0.00211432 -0.0011144 -0.0014532 -0.00144957 -0.00128909 -0.0014383 -0.0015183 -0.00147372 -0.000906848 -0.000822918 -0.00258965 -0.00152316 -0.00147649 -0.00134012 -0.00216357 -0.00260041 -0.00212848 -0.00276308 -0.00153065 -0.00187865 -0.0016714 -0.00153218 -0.00172269 -0.00142685 -0.00218389 -0.00139358 -0.00176191 -0.00179366 -0.00134937 -0.00193209 -0.00127049 -0.00148137 -0.00100673 -0.00148296 -0.00141386 -0.00140766 -0.00159339 -0.0013695 -0.0020834 -0.00151603 -0.00195032 -0.00249808 -0.000921338 -0.00221548 -0.00174117 -0.0011034 -0.00156086 -0.00208956 -0.00151484 -0.00162645 -0.00162857 -0.00223718 -0.00200544 -0.00128059 -0.00168397 -0.00227716 -0.00108986 -0.00119207 -0.00147061 -0.00263474 -0.00179306 -0.00192902 
-0.00226273 -0.0024054 -0.00225748 -0.00170156 -0.00195991 -0.00261219 -0.00210037 -0.00201733 -0.00160213 -0.0016203 -0.00167992 -0.00188094 -0.00233156 -0.00260275 -0.00162764 -0.00235621 -0.00159847 -0.00231224 -0.00229037 -0.00248318 -0.00274121 -0.00310401 -0.00198718 -0.00147489 -0.0014297 0.00222744 0.00420728 0.00263767 0.00320461 0.00226987 0.134388 0.00215647 0.00308602 0.00251542 0.00229423 0.00261917 4.42528e-05 -0.00115442 -0.00147822 -0.00164141 -0.00159783 -0.0016046 -0.00105993 -0.00190648 -0.00150973 -0.00125865 -0.00192442 -0.00142731 -0.000822582 -0.00241077 -0.00147585 -0.00102517 -0.00191116 -0.00186305 -0.00159729 -0.00217116 -0.00113087 -0.00205306 -0.0021116 -0.00144666 -0.00200066 -0.00200501 -0.00140925 -0.00103255 -0.00161241 -0.00248565 -0.00259146 -0.00170395 -0.0008071 -0.00185538 -0.00186525 -0.00210086 -0.00156684 -0.000584504 -0.0012083 -0.00200655 -0.00176042 -0.00269456 -0.0015794 -0.00232398 -0.00157831 -0.00207965 -0.00257746 -0.0017401 -0.00160881 -0.00201652 -0.00170852 -0.00139972 -0.00225399 -0.00197522 -0.00137278 -0.00181038 -0.00190944 -0.00224848 -0.00154458 -0.00207776 -0.00199196 -0.00160337 -0.0023924 -0.00154517 
-0.00153984 -0.00132889 -0.00119403 -0.00112982 -0.0017945 -0.00126037 -0.00183111 -0.00126553 -0.00225573 -0.0022776 -0.00211477 -0.00233126 -0.00261595 -0.00282589 -0.00184778 -0.00263711 -0.00246562 -0.00271396 -0.0022113 -0.00252603 -0.00214622 -0.00223223 -0.00202269 -0.00139399 -0.00187634 -0.00169929 0.00175883 0.00209571 0.00259886 0.00140444 0.00215647 0.130401 0.00294161 0.00181091 0.00250323 0.00162652 0.0027529 -0.00164938 -0.00187537 -0.00155111 -0.0014562 -0.00148886 -0.00195143 -0.00175979 -0.00146284 -0.00193287 -0.00105656 -0.00194368 -0.00147335 -0.00222353 -0.00092731 -0.000779675 -0.00195918 -0.00168248 -0.00202751 -0.00269256 -0.00174369 -0.00263464 -0.00141164 -0.00139569 -0.00147572 -0.000499398 -0.00175841 -0.00120662 -0.00133174 -0.00204737 -0.00175695 -0.00208981 -0.00142866 -0.00148167 -0.00196228 -0.00200293 -0.00164934 -0.0018348 -0.00184242 -0.00210855 -0.00162181 -0.00178715 -0.00110389 -0.00170962 -0.00133563 -0.00149856 -0.00130571 -0.00148508 -0.00122209 -0.00135181 -0.00120579 -0.00158908 -0.00144288 -0.000812835 -0.00148782 -0.00235873 -0.00158112 -0.00197391 -0.00174813 -0.00138772 -0.00193678 -0.00117087 -0.00105808 -0.000781897 
-0.00149966 -0.00221279 -0.00177707 -0.00250743 -0.00107998 -0.00157679 -0.00170457 -0.00175833 -0.00184709 -0.00226584 -0.00149937 -0.00253958 -0.00255135 -0.00244618 -0.0025766 -0.00185687 -0.00181747 -0.00201861 -0.00215559 -0.00193155 -0.00224023 -0.00152001 -0.00149714 -0.00120863 -0.000869349 -0.00118431 -0.000956286 0.00261716 0.00182188 0.00206367 0.00308602 0.00294161 0.132231 0.00265553 0.0021873 0.00253126 0.00144268 0.00205797 -0.00108439 -0.000927369 -0.00132789 -0.000894335 -0.00108167 -0.00167127 -0.00221339 -0.00137876 -0.00191386 -0.0017083 -0.0021957 -0.00146596 -0.00156077 -0.000991629 -0.00121497 -0.00219511 -0.00201118 -0.00246303 -0.00207548 -0.00194698 -0.000819987 -0.00182865 -0.00161614 -0.00160918 -0.00134242 -0.00195148 -0.00222499 -0.00118537 -0.00185563 -0.00179568 -0.00111591 -0.00197581 -0.00292502 -0.00150069 -0.00173805 -0.00139258 -0.00266559 -0.00255826 -0.00200766 -0.00189049 -0.00165078 -0.00236877 -0.00185628 -0.0024637 -0.00110877 -0.00220843 -0.00248988 -0.00197808 -0.00199429 -0.0013028 -0.00158707 -0.001435 -0.000860503 -0.00191548 -0.00161016 -0.00181774 -0.00105206 -0.00121153 -0.00200051 -0.00149525 -0.00165869 -0.00214997 
