0.123796 0.00151222 0.00234929 0.00179392 0.00191268 0.002233 -0.00143145 -0.00167613 -0.00146175 -0.0011274 -0.00279047 -0.00152839 -0.00188593 -0.00248962 -0.00222329 -0.00207348 -0.00175049 -0.00251248 -0.00156943 -0.0019441 -0.0021528 -0.00194838 -0.00190107 -0.00248147 -0.00212944 -0.00244181 -0.00249594 -0.00205559 -0.00198727 -0.0020866 -0.00160947 -0.00183835 -0.00191694 -0.00158858 -0.00137345 -0.00171432 -0.00192698 -0.00156223 -0.00184257 -0.00142991 -0.00145103 -0.00143619 -0.00135052 -0.00198064 -0.000999553 -0.000793561 -0.00164731 -0.00165588 -0.0010173 -0.000734611 -0.00162122 -0.00127801 -0.00126303 -0.00153175 -0.00195729 -0.00156414 -0.00167952 -0.00161155 -0.00106038 -0.00146572 -0.00126886 -0.000949929 -0.00137422 -0.00141431 -0.0015105 -0.00194917 -0.00140089 -0.00194857 -0.000893048 -0.000977667 -0.000937438 -0.0013626 -0.00110236 -0.00163184 -0.00147585 -0.00149619 -0.00125733 -0.00100051 -0.000951428 -0.00133139 -0.00156272 -0.00174259 -0.000877265 -0.00126014 -0.00155619 -0.000981502 -0.00150181 -0.000865706 -0.00185779 -0.00109053 -0.000813227 -0.00137203 -0.0015882 -0.0012187 -0.00183058 -0.00122676 0.00108176 0.00166542 0.00219261 0.00208933 
0.00151222 0.124439 0.00178781 0.00249168 0.000957095 0.00190455 0.00104559 -0.00170059 -0.00190959 -0.00056876 -0.00154917 -0.000871752 -0.0015767 -0.00180968 -0.00190848 -0.00151767 -0.0022212 -0.00241014 -0.0010132 -0.00115116 -0.00135644 -0.00220451 -0.00289001 -0.000561991 -0.000700152 -0.00136881 -0.00179859 -0.00237696 -0.00251213 -0.00186485 -0.00197302 -0.00248319 -0.00190599 -0.00204206 -0.00123926 -0.00173751 -0.00139625 -0.00188845 -0.00112582 -0.0024471 -0.00134621 -0.00103088 -0.00189002 -0.00189395 -0.00108993 -0.000680554 -0.00129237 -0.00127621 -0.00167697 -0.00160712 -0.00158937 -0.00197798 -0.00175278 -0.00170177 -0.00141554 -0.000527584 -0.00223266 -0.00177076 -0.0017505 -0.00153452 -0.00229245 -0.00193425 -0.00164792 -0.000930566 -0.00196991 -0.00122628 -0.00124605 -0.00181251 -0.000956577 -0.00211907 -0.00178542 -0.000933296 -0.00130771 -0.00211542 -0.00180906 -0.00183073 -0.00198848 -0.0012551 -0.00141448 -0.00135003 -0.00150521 -0.00118113 -0.00207518 -0.00190857 -0.000688448 -0.000703492 -0.00143304 -0.00164746 -0.000659202 -0.00175641 -0.00179144 -0.00120594 -0.00107571 -0.00074057 -0.00120482 -0.00139396 -0.000795104 0.00182878 0.00113975 0.00270292 
0.00234929 0.00178781 0.133072 0.00174001 0.00263834 0.00181163 0.00209064 0.0017481 -0.00151709 -0.00142175 -0.00193591 -0.00195667 -0.000968274 -0.00205181 -0.00174741 -0.00157473 -0.00198771 -0.00143439 -0.00213133 -0.00222414 -0.00225526 -0.00221829 -0.000291992 -0.00213319 -0.0016586 -0.0011954 -0.00222582 -0.0027891 -0.00155237 -0.00234714 -0.000631804 -0.00235254 -0.00238455 -0.00163764 -0.00185281 -0.00137805 -0.00154868 -0.00108211 -0.00226663 -0.00112877 -0.00117472 -0.00145993 -0.000956289 -0.00173865 -0.00121371 -0.00245327 -0.00194121 -0.000989173 -0.00193167 -0.00107347 -0.0018154 -0.00185254 -0.00187238 -0.00157728 -0.00217054 -0.00244438 -0.0015557 -0.00233327 -0.00175567 -0.00132731 -0.00208941 -0.00232686 -0.00128669 -0.00119101 -0.00158505 -0.00188088 -0.00125128 -0.00054339 -0.000784852 -0.0021738 -0.00177248 -0.000530481 -0.00155533 -0.00148733 -0.00161102 -0.00218484 -0.00198538 -0.00148713 -0.00209864 -0.00125222 -0.00221392 -0.00157651 -0.0021522 -0.00159604 -0.00202952 -0.0015713 -0.00185611 -0.00187337 -0.0017758 -0.00116916 -0.00128707 -0.00223026 -0.0018317 -0.00127848 -0.00173613 -0.00125497 -0.00193544 -0.00151986 0.00186515 0.00238153 
0.00179392 0.00249168 0.00174001 0.118103 0.00191599 0.00222384 0.00191765 0.00216527 0.00236723 -0.0011259 -0.00160519 -0.00147603 -0.00228087 -0.00157348 -0.00138847 -0.00226799 -0.00166153 -0.00107255 -0.00169537 -0.00172572 -0.00196959 -0.00150146 -0.00184293 -0.00206324 -0.00215283 -0.00207359 -0.00160143 -0.00068969 -0.00143238 -0.00180429 -0.00157074 -0.00126736 -0.00178804 -0.00177523 -0.00184433 -0.00182181 -0.00183924 -0.00197741 -0.00132195 -0.00172263 -0.000636716 -0.00180558 -0.00149413 -0.00154096 -0.00223738 -0.00120185 -0.00148744 -0.00147361 -0.00132506 -0.00170339 -0.0013031 -0.0010344 -0.00168204 -0.00124548 -0.00176003 -0.000892727 -0.0018344 -0.00140245 -0.0015636 -0.000680834 -0.00120186 -0.00188423 -0.00118365 -0.000795444 -0.000937745 -0.0013399 -0.00136276 -0.0016434 -0.00151397 -0.00145251 -0.00139383 -0.00172912 -0.00144014 -0.00109264 -0.000442621 -0.00126017 -0.00156222 -0.00119759 -0.00103621 -0.0013106 -0.00194609 -0.00179641 -0.00210059 -0.00153292 -0.001126 -0.00117572 -0.00222908 -0.00191147 -0.000757224 -0.00189727 -0.00213742 -0.00121865 -0.00194688 -0.00106472 -0.00173986 -0.00144915 -0.00128735 -0.000933464 -0.00170202 0.00125308 
0.00191268 0.000957095 0.00263834 0.00191599 0.121383 0.00205973 0.00219808 0.00320055 0.00252236 0.00216281 -0.00136327 -0.00140622 -0.00135388 -0.000520882 -0.00111528 -0.00192659 -0.00205572 -0.00176468 -0.00156177 -0.00149993 -0.00172699 -0.00124914 -0.00206867 -0.00232003 -0.00165542 -0.00235258 -0.00191376 -0.00182037 -0.00242992 -0.00296487 -0.000763291 -0.00181025 -0.00210474 -0.00245083 -0.00244478 -0.000811201 -0.00255278 -0.0023503 -0.00251586 -0.00176844 -0.00150788 -0.0015501 -0.000999962 -0.0020258 -0.0016322 -0.00131208 -0.00188768 -0.000357474 -0.00128524 -0.00107863 -0.00186831 -0.00120406 -0.0018133 -0.0018037 -0.00159015 -0.00182959 -0.00200974 -0.000761473 -0.00168442 -0.000681521 -0.00231884 -0.00131498 -0.00126245 -0.00168649 -0.00125325 -0.00139165 -0.00149416 -0.00196049 -0.00121724 -0.00126724 -0.00142311 -0.00152061 -0.00194824 -0.00158355 -0.00129559 -0.00143903 -0.00148694 -0.00111019 -0.00146096 -0.00198959 -0.00190163 -0.00129405 -0.00189445 -0.00103349 -0.00120118 -0.00122745 -0.000756126 -0.00225773 -0.0014528 -0.00152734 -0.00102526 -0.00117322 -0.00172037 -0.00130311 -0.00117212 -0.000753195 -0.00167875 -0.00195716 -0.000753628 -0.000917445 
0.002233 0.00190455 0.00181163 0.00222384 0.00205973 0.128941 0.00220728 0.00155148 0.00169972 0.00259885 0.00260173 -0.0021659 -0.00190064 -0.00188827 -0.00136718 -0.00120834 -0.00170112 -0.00135493 -0.00166141 -0.00196779 -0.00146169 -0.00198596 -0.00157904 -0.00217157 -0.0027197 -0.00228981 -0.00284911 -0.00285263 -0.00202998 -0.00246898 -0.00175102 -0.00149042 -0.00147253 -0.00155491 -0.00116359 -0.00166675 -0.00135308 -0.00208362 -0.0018841 -0.00170948 -0.00202199 -0.00241421 -0.0022795 -0.00268782 -0.00139885 -0.00188513 -0.00220191 -0.00149337 -0.00219599 -0.000393127 -0.00120028 -0.00146744 -0.00194628 -0.00139164 -0.00151252 -0.0018933 -0.00178551 -0.00148979 -0.00117941 -0.00179961 -0.00183318 -0.00192337 -0.00047821 -0.00113649 -0.00167801 -0.00141986 -0.00139699 -0.0020274 -0.00117434 -0.00177193 -0.00134149 -0.00122075 -0.000856346 -0.00169107 -0.00149444 -0.00100944 -0.00188105 -0.00121077 -0.00203686 -0.00108275 -0.00259458 -0.00166853 -0.00233169 -0.00200115 -0.00160297 -0.00186116 -0.00165489 -0.00070625 -0.000553522 -0.00216349 -0.00118679 -0.000869165 -0.00188835 -0.00219078 -0.00147597 -0.00172377 -0.00175247 -0.00120484 -0.00169739 -0.00164902 
-0.00143145 0.00104559 0.00209064 0.00191765 0.00219808 0.00220728 0.123005 0.00271059 0.00185688 0.00264518 0.00178968 0.00178682 -0.000973524 -0.00113077 -0.00161534 -0.00187315 -0.00179771 -0.00135377 -0.00228176 -0.00153725 -0.00113588 -0.00190271 -0.00238589 -0.00145291 -0.00234616 -0.00264271 -0.00299286 -0.00239714 -0.00206042 -0.00172829 -0.00238681 -0.00177434 -0.00140323 -0.00207587 -0.0020085 -0.00173958 -0.00171941 -0.00223514 -0.00234217 -0.00103069 -0.00124558 -0.00206334 -0.00167252 -0.00199845 -0.00153877 -0.00113104 -0.00165545 -0.00121894 -0.0013062 -0.00148327 -0.00092178 -0.00164629 -0.0025011 -0.00151702 -0.00057395 -0.00128488 -0.00177327 -0.00199008 -0.00145407 -0.000879239 -0.00149989 -0.00160892 -0.00171289 -0.00138675 -0.0012844 -0.00184923 -0.00209147 -0.0011317 -0.00141673 -0.00125398 -0.00171732 -0.00118838 -0.000389946 -0.0014523 -0.000956321 -0.00185696 -0.00112946 -0.00153091 -0.00167588 -0.00191412 -0.00175027 -0.00177663 -0.00100899 -0.0017287 -0.00100321 -0.00165597 -0.00146203 -0.000530338 -0.00159079 -0.00118586 -0.00140022 -0.00169753 -0.000745832 -0.00178342 -0.00230499 -0.00200167 -0.00167971 -0.00131744 -0.00209254 -0.00187941 
-0.00167613 -0.00170059 0.0017481 0.00216527 0.00320055 0.00155148 0.00271059 0.133789 0.00264029 0.00216827 0.00261514 0.00400946 0.00267457 -0.00237938 -0.00111586 -0.00140186 -0.00145022 -0.00258601 -0.00221883 -0.000956606 -0.00106487 -0.00165036 -0.00297813 -0.00249205 -0.00272681 -0.00276558 -0.00205709 -0.00213899 -0.00140248 -0.00165762 -0.00232437 -0.00221175 -0.00227481 -0.00148266 -0.00144662 -0.002262 -0.00140325 -0.00210389 -0.0018393 -0.00188916 -0.00160861 -0.00123894 -0.00139505 -0.00203312 -0.00133746 -0.00155365 -0.00164469 -0.00151978 -0.00144573 -0.0017754 -0.00226208 -0.00183364 -0.00182117 -0.00149971 -0.00163079 -0.00229136 -0.00125999 -0.00189317 -0.00173251 -0.00130434 -0.00186422 -0.00237016 -0.000757245 -0.00118952 -0.0011175 -0.00110918 -0.000947749 -0.0022716 -0.00179266 -0.00195093 -0.00220621 -0.00213498 -0.00194996 -0.00207796 -0.00143909 -0.00168418 -0.00190474 -0.00219228 -0.00191075 -0.0026096 -0.00248255 -0.00159902 -0.0016232 -0.00215751 -0.0016274 -0.00143713 -0.0011594 -0.00279714 -0.00149457 -0.00191706 -0.00245667 -0.00175453 -0.00225332 -0.0013162 -0.00206463 -0.00145359 -0.000854441 -0.00141996 -0.0014561 -0.00172925 
-0.00146175 -0.00190959 -0.00151709 0.00236723 0.00252236 0.00169972 0.00185688 0.00264029 0.1328 0.00270862 0.00232397 0.00178247 0.00204708 0.00317164 -0.00166846 -0.00104526 -0.00149569 -0.000836489 -0.00187592 -0.00241607 -0.00210284 -0.00221816 -0.00192845 -0.00262909 -0.00259661 -0.00210179 -0.00317816 -0.0021735 -0.0015588 -0.0027701 -0.00200707 -0.00162604 -0.0022144 -0.00174105 -0.00124752 -0.00154312 -0.00153423 -0.00239086 -0.00286514 -0.00164529 -0.00182249 -0.00226607 -0.0021026 -0.00124926 -0.00177315 -0.00159347 -0.00228765 -0.00164326 -0.00198967 -0.000990693 -0.00236738 -0.000829055 -0.0021435 -0.00226903 -0.00120323 -0.00176179 -0.00151144 -0.00144514 -0.00135707 -0.00192553 -0.00197284 -0.000597769 -0.00194543 -0.000732388 -0.000813626 -0.00211384 -0.00179545 -0.00159071 -0.00171843 -0.00118074 -0.00155796 -0.00192257 -0.00167541 -0.00199999 -0.00134766 -0.00159716 -0.0018892 -0.00183343 -0.001415 -0.00124724 -0.00272463 -0.00153068 -0.00137648 -0.00197194 -0.00140278 -0.00234164 -0.00177689 -0.00139784 -0.00149617 -0.00116667 -0.00222244 -0.00108229 -0.00132135 -0.00163849 -0.00211434 -0.00152931 -0.00221722 -0.00184601 -0.00151139 -0.00147467 
-0.0011274 -0.00056876 -0.00142175 -0.0011259 0.00216281 0.00259885 0.00264518 0.00216827 0.00270862 0.131811 0.00309728 0.00301116 0.00222054 0.00252051 -0.00163957 -0.00181321 -0.00182094 -0.00131674 -0.00129806 -0.00216194 -0.00183509 -0.00293336 -0.00242922 -0.00185927 -0.00236445 -0.00166811 -0.00198718 -0.00254638 -0.0026972 -0.00168534 -0.00268855 -0.00240182 -0.00176975 -0.00137906 -0.0014142 -0.002605 -0.00161886 -0.00227638 -0.00203828 -0.000959962 -0.00131851 -0.00127377 -0.00186351 -0.0017054 -0.00227839 -0.00181948 -0.00186676 -0.00150829 -0.00217554 -0.00183731 -0.00109282 -0.00163306 -0.000879568 -0.0012258 -0.000925676 -0.00230893 -0.00150532 -0.00193297 -0.00185438 -0.00185702 -0.00137958 -0.002079 -0.00184569 -0.000886775 -0.0013786 -0.00163098 -0.00133915 -0.00263271 -0.00152742 -0.0021994 -0.00212952 -0.00103855 -0.00162759 -0.00107174 -0.00169445 -0.00174479 -0.000952719 -0.000207677 -0.00269572 -0.00241046 -0.00127984 -0.00199619 -0.00113759 -0.00215363 -0.00191554 -0.00189189 -0.00176785 -0.00177345 -0.0017731 -0.00138464 -0.0018136 -0.00150329 -0.00194887 -0.00110478 -0.00216022 -0.00174017 -0.00153347 -0.00207241 -0.00172639 -0.0014804 
-0.00279047 -0.00154917 -0.00193591 -0.00160519 -0.00136327 0.00260173 0.00178968 0.00261514 0.00232397 0.00309728 0.133415 0.00276134 0.00377231 0.00220789 0.00288113 0.00209391 -0.000947815 -0.00168358 -0.0015626 -0.00116607 -0.00148295 -0.00207251 -0.00230453 -0.00269316 -0.00289364 -0.00236267 -0.00149607 -0.00202214 -0.00234307 -0.00233533 -0.00162963 -0.00174077 -0.00176603 -0.00178443 -0.000941884 -0.0020097 -0.0022554 -0.00172494 -0.00192275 -0.0023486 -0.00201495 -0.00170677 -0.00249752 -0.00173793 -0.00172857 -0.00123581 -0.00154155 -0.000787863 -0.00259436 -0.000959722 -0.00194933 -0.00118138 -0.00185677 -0.00171286 -0.00127492 -0.00134807 -0.00192789 -0.00166489 -0.00153564 -0.00123836 -0.00105415 -0.0018093 -0.00198065 -0.00185493 -0.00221141 -0.0016573 -0.00201444 -0.00176694 -0.00168294 -0.00156175 -0.00230219 -0.00108468 -0.00087486 -0.00187228 -0.00138091 -0.00185745 -0.00211655 -0.00214054 -0.00183273 -0.00153367 -0.00227384 -0.00201784 -0.00170855 -0.00152594 -0.00193694 -0.00153166 -0.00168372 -0.0026542 -0.00144892 -0.00161214 -0.00173528 -0.00170504 -0.00109455 -0.00233549 -0.00218187 -0.00316665 -0.00154337 -0.00181732 -0.00194042 -0.00182608 
-0.00152839 -0.000871752 -0.00195667 -0.00147603 -0.00140622 -0.0021659 0.00178682 0.00400946 0.00178247 0.00301116 0.00276134 0.138935 0.00283522 0.00275522 0.00308853 0.00339488 0.00147179 -0.00184471 -0.00182762 -0.00231673 -0.0014517 -0.00262653 -0.00297505 -0.00169027 -0.00293306 -0.0021803 -0.00208084 -0.00220975 -0.00198251 -0.00233452 -0.00265417 -0.00248895 -0.00174327 -0.0019175 -0.00247973 -0.00174251 -0.00168604 -0.0015403 -0.00213573 -0.00208874 -0.00171739 -0.00205219 -0.00172236 -0.00213169 -0.00110302 -0.00203074 -0.00165191 -0.00173704 -0.00131654 -0.00191568 -0.00159844 -0.00166395 -0.00205922 -0.00268863 -0.00139092 -0.00180352 -0.00181044 -0.00235334 -0.00142115 -0.00128397 -0.00143376 -0.00106757 -0.000906463 -0.00159711 -0.00164951 -0.00227776 -0.00159287 -0.00252496 -0.0018003 -0.00215081 -0.0017765 -0.00156966 -0.00201713 -0.00230534 -0.00200139 -0.00143111 -0.0017271 -0.0023903 -0.00156471 -0.00185995 -0.00199223 -0.00110885 -0.00137205 -0.0023108 -0.00150984 -0.00100258 -0.00126361 -0.00196279 -0.00134873 -0.00203431 -0.00263691 -0.00240197 -0.00178443 -0.002405 -0.00134999 -0.00225445 -0.00159401 -0.00234289 -0.00194801 -0.00177654 
-0.00188593 -0.0015767 -0.000968274 -0.00228087 -0.00135388 -0.00190064 -0.000973524 0.00267457 0.00204708 0.00222054 0.00377231 0.00283522 0.136889 0.00165574 0.00272447 0.00343855 0.00315287 -0.00240126 -0.000944311 -0.00120056 -0.00192019 -0.00114931 -0.00125179 -0.00146939 -0.00304477 -0.000994263 -0.00181073 -0.00253984 -0.00185475 -0.000895621 -0.00209917 -0.00250775 -0.00179591 -0.0020825 -0.00204626 -0.00174969 -0.00153416 -0.00261882 -0.00116887 -0.00138251 -0.00190393 -0.0020005 -0.00219449 -0.001936 -0.00206635 -0.00261571 -0.00154381 -0.00200056 -0.00282461 -0.00251892 -0.00202306 -0.00216727 -0.00208498 -0.00153038 -0.00232231 -0.0015424 -0.00215664 -0.00179844 -0.00203561 -0.00225506 -0.00229896 -0.0015065 -0.00167506 -0.00242464 -0.0014644 -0.00129531 -0.00180747 -0.00136726 -0.00129183 -0.0016369 -0.00164818 -0.00158839 -0.002308 -0.00196247 -0.00175958 -0.00185877 -0.00159762 -0.00128975 -0.00149806 -0.00163346 -0.00105003 -0.00111313 -0.00189166 -0.00171754 -0.00215273 -0.0018869 -0.0018638 -0.00149828 -0.00104297 -0.00104523 -0.00170046 -0.00192103 -0.00148699 -0.00218847 -0.00297601 -0.00188577 -0.00207229 -0.00209326 -0.001575 -0.0014129 
-0.00248962 -0.00180968 -0.00205181 -0.00157348 -0.000520882 -0.00188827 -0.00113077 -0.00237938 0.00317164 0.00252051 0.00220789 0.00275522 0.00165574 0.141365 0.00309776 0.00309187 0.00226442 0.00133622 0.00284322 -0.00162205 -0.00173541 -0.0015755 -0.00274156 -0.00221846 -0.00153944 -0.00278543 -0.00193564 -0.00113476 -0.00176796 -0.00242893 -0.00126538 -0.00193428 -0.00218307 -0.00241597 -0.00200554 -0.00112371 -0.0029682 -0.00181227 -0.00133862 -0.00316697 -0.00130329 -0.00172859 -0.00163255 -0.000547398 -0.00252537 -0.00198254 -0.00225581 -0.00197054 -0.00238368 -0.00211423 -0.00236634 -0.00188153 -0.00172848 -0.00206993 -0.00156416 -0.00237172 -0.00234358 -0.00160858 -0.000858722 -0.00206948 -0.000895914 -0.0022529 -0.00283785 -0.00193818 -0.00166448 -0.00112814 -0.00193861 -0.00221206 -0.00195144 -0.00224856 -0.00296355 -0.00228976 -0.00111044 -0.00205632 -0.00223029 -0.0020688 -0.00225641 -0.0017487 -0.00176072 -0.0023416 -0.00245326 -0.00174321 -0.00101337 -0.00104948 -0.000935668 -0.00164366 -0.00201206 -0.00167659 -0.00196914 -0.00210088 -0.00195 -0.0014825 -0.00161279 -0.00195858 -0.00181317 -0.00217555 -0.00134428 -0.00134934 -0.00150197 -0.00177943 
-0.00222329 -0.00190848 -0.00174741 -0.00138847 -0.00111528 -0.00136718 -0.00161534 -0.00111586 -0.00166846 -0.00163957 0.00288113 0.00308853 0.00272447 0.00309776 0.144005 0.00281152 0.00283513 0.00304403 0.00348545 0.00307855 -0.000456121 -0.001042 -0.00115188 -0.00196631 -0.00169221 -0.00222289 -0.00199061 -0.00267687 -0.00130967 -0.00177372 -0.00201758 -0.00131366 -0.00147997 -0.00175433 -0.000956672 -0.00113704 -0.00223173 -0.00188917 -0.00157356 -0.00202634 -0.00139455 -0.00270138 -0.00206319 -0.00204497 -0.00203588 -0.00285728 -0.000932433 -0.00210709 -0.00141872 -0.00180254 -0.0019982 -0.00129868 -0.00153759 -0.00193374 -0.00172964 -0.00265922 -0.00223275 -0.00311151 -0.00228474 -0.00319719 -0.00236382 -0.00168296 -0.00155076 -0.00204137 -0.00198548 -0.00262878 -0.00278266 -0.00234685 -0.00292393 -0.00256787 -0.00223306 -0.00230108 -0.0024112 -0.00200884 -0.00166208 -0.000886271 -0.00177686 -0.00247117 -0.00179598 -0.00165821 -0.00171261 -0.0015963 -0.00161374 -0.00181638 -0.00195913 -0.00190554 -0.00195268 -0.0020972 -0.00151472 -0.00255772 -0.00236499 -0.00155297 -0.00142462 -0.00203713 -0.00277841 -0.00206865 -0.00185534 -0.00132783 -0.00254825 -0.00249544 
-0.00207348 -0.00151767 -0.00157473 -0.00226799 -0.00192659 -0.00120834 -0.00187315 -0.00140186 -0.00104526 -0.00181321 0.00209391 0.00339488 0.00343855 0.00309187 0.00281152 0.142432 0.00185938 0.00120321 0.00256293 0.00177747 -0.00193368 -0.0022211 -0.00263748 -0.00222962 -0.00208906 -0.00291102 -0.00213947 -0.00296817 -0.00221821 -0.0016236 -0.00203164 -0.00285595 -0.00205239 -0.00103349 -0.00195365 -0.00226396 -0.00221766 -0.00118281 -0.00196925 -0.00215615 -0.00160807 -0.00169127 -0.00215574 -0.00185302 -0.00142324 -0.00235586 -0.00146257 -0.0014702 -0.00157088 -0.00193369 -0.00181909 -0.00195331 -0.00167116 -0.00179894 -0.00167051 -0.00218575 -0.00253724 -0.00266015 -0.000703621 -0.00197158 -0.0015794 -0.00190577 -0.00177733 -0.00119751 -0.00186799 -0.00179127 -0.00180656 -0.00214995 -0.00146033 -0.00174042 -0.00255621 -0.00159989 -0.00162405 -0.00207328 -0.00189945 -0.00221545 -0.00214459 -0.000440318 -0.00227989 -0.00214986 -0.00228058 -0.00109413 -0.00231552 -0.00207415 -0.00166112 -0.00246019 -0.00109053 -0.00133217 -0.00109154 -0.00102734 -0.00118331 -0.00250636 -0.00146183 -0.00269946 -0.000741494 -0.0016045 -0.00195514 -0.00135943 -0.00129319 -0.00128797 
-0.00175049 -0.0022212 -0.00198771 -0.00166153 -0.00205572 -0.00170112 -0.00179771 -0.00145022 -0.00149569 -0.00182094 -0.000947815 0.00147179 0.00315287 0.00226442 0.00283513 0.00185938 0.149396 0.00332739 0.0020654 0.00260107 0.00220059 0.00233003 -0.00272761 -0.0014331 -0.00264858 -0.000957865 -0.0018156 -0.00177925 -0.00241012 -0.000480435 -0.0020465 -0.00296987 -0.00386025 -0.00157974 -0.00254179 -0.00247389 -0.00259773 -0.00231374 -0.00165856 -0.0023701 -0.00163235 -0.00177491 -0.000784772 -0.0014604 -0.00202703 -0.00269747 -0.00133068 -0.00199094 -0.00310147 -0.00237916 -0.00160152 -0.00108576 -0.00260158 -0.00181939 -0.0022513 -0.00251524 -0.0015761 -0.00153944 -0.00179567 -0.00140468 -0.00160662 -0.00193186 -0.00164907 -0.00176668 -0.00156684 -0.00205228 -0.00273098 -0.00176034 -0.00195825 -0.00157419 -0.002 -0.00262621 -0.00217625 -0.00221612 -0.00121881 -0.00181991 -0.00196809 -0.00205254 -0.00165122 -0.00225633 -0.00212923 -0.00185595 -0.00152687 -0.0013677 -0.00239378 -0.00208263 -0.00182027 -0.000777961 -0.00232657 -0.00240926 -0.00172801 -0.0017362 -0.0025429 -0.00279994 -0.0027078 -0.00131614 -0.00271906 -0.00181413 -0.00160406 -0.00233869 
-0.00251248 -0.00241014 -0.00143439 -0.00107255 -0.00176468 -0.00135493 -0.00135377 -0.00258601 -0.000836489 -0.00131674 -0.00168358 -0.00184471 -0.00240126 0.00133622 0.00304403 0.00120321 0.00332739 0.143506 0.00431054 0.0036436 0.00199305 0.00279426 0.0020217 -0.0019575 -0.00208167 -0.00211032 -0.00168195 -0.00197185 -0.00190005 -0.00216959 -0.00273265 -0.00193281 -0.000718084 -0.00161512 -0.000804674 -0.00169356 -0.00182412 -0.00113365 -0.00262524 -0.00142279 -0.00170189 -0.00181869 -0.00164423 -0.00190975 -0.00179292 -0.00145453 -0.00192819 -0.00137849 -0.00177986 -0.00196535 -0.00204544 -0.00216962 -0.00200719 -0.00119772 -0.00254742 -0.00253186 -0.00227334 -0.00139627 -0.00217106 -0.00234848 -0.00177676 -0.00103648 -0.00185483 -0.00232012 -0.00244598 -0.00158574 -0.00141997 -0.00134185 -0.00256372 -0.00255294 -0.00155838 -0.00245581 -0.00208451 -0.00151009 -0.00204604 -0.0015419 -0.00159648 -0.00264633 -0.00232984 -0.00142422 -0.00236153 -0.0015165 -0.00121845 -0.00175543 -0.00214595 -0.00193967 -0.00179947 -0.00147664 -0.00201735 -0.00213392 -0.00057953 -0.00258117 -0.00155176 -0.0029167 -0.00237212 -0.001113 -0.00192728 -0.00259686 -0.00204376 -0.00203119 
-0.00156943 -0.0010132 -0.00213133 -0.00169537 -0.00156177 -0.00166141 -0.00228176 -0.00221883 -0.00187592 -0.00129806 -0.0015626 -0.00182762 -0.000944311 0.00284322 0.00348545 0.00256293 0.0020654 0.00431054 0.143609 0.00266417 0.0028964 0.00270445 0.00246917 -0.00121502 -0.00194445 -0.00230577 -0.00173254 -0.00221449 -0.00212055 -0.0018433 -0.00222715 -0.00226397 -0.00156414 -0.00166358 -0.00212307 -0.00122081 -0.00195941 -0.00128408 -0.00225551 -0.00163904 -0.00142289 -0.00153965 -0.00182956 -0.00218664 -0.0020668 -0.00211972 -0.00252547 -0.00188601 -0.0019819 -0.00194461 -0.00159441 -0.00270392 -0.00182458 -0.00194949 -0.00294092 -0.00221539 -0.00194461 -0.00226477 -0.00272259 -0.00173788 -0.00131039 -0.0019091 -0.00170904 -0.00180115 -0.00177396 -0.00151684 -0.00145234 -0.00249895 -0.00241055 -0.00153587 -0.00118973 -0.00134961 -0.00277564 -0.00283227 -0.00261116 -0.00224591 -0.00119921 -0.00166309 -0.00206261 -0.00360272 -0.00129763 -0.00252709 -0.00154547 -0.00224588 -0.00223994 -0.00250118 -0.00226179 -0.00181855 -0.00172298 -0.000999597 -0.00102178 -0.00160145 -0.00183363 -0.00181936 -0.00177413 -0.00183687 -0.00213047 -0.00120737 -0.00122606 -0.00192894 
-0.0019441 -0.00115116 -0.00222414 -0.00172572 -0.00149993 -0.00196779 -0.00153725 -0.000956606 -0.00241607 -0.00216194 -0.00116607 -0.00231673 -0.00120056 -0.00162205 0.00307855 0.00177747 0.00260107 0.0036436 0.00266417 0.150348 0.00293646 0.00345782 0.00376566 0.0020386 0.00312588 -0.00217313 -0.00223593 -0.00186057 -0.0023687 -0.00215038 -0.00207951 -0.00296267 -0.00200595 -0.00236839 -0.00268837 -0.00169918 -0.00216513 -0.00295316 -0.0018547 -0.00229747 -0.00198065 -0.00221118 -0.00247377 -0.00227857 -0.00202479 -0.00230038 -0.00147818 -0.00245829 -0.00199491 -0.00183855 -0.00268387 -0.0018961 -0.00273362 -0.0027484 -0.00244393 -0.00295047 -0.00174126 -0.00179637 -0.00240116 -0.00305641 -0.00113827 -0.00267701 -0.00207886 -0.00206495 -0.00296512 -0.00133146 -0.00267622 -0.0019637 -0.00190753 -0.0016314 -0.00175943 -0.00290675 -0.00191485 -0.0016141 -0.00131326 -0.00119537 -0.00132492 -0.00165929 -0.00252284 -0.00237249 -0.000729479 -0.00131877 -0.00250402 -0.00168315 -0.00201243 -0.00337443 -0.00110089 -0.0011072 -0.00227499 -0.00188275 -0.00158283 -0.00199297 -0.00233039 -0.00229231 -0.00221959 -0.00135687 -0.00122849 -0.00194589 -0.00182036 -0.00241698 
-0.0021528 -0.00135644 -0.00225526 -0.00196959 -0.00172699 -0.00146169 -0.00113588 -0.00106487 -0.00210284 -0.00183509 -0.00148295 -0.0014517 -0.00192019 -0.00173541 -0.000456121 -0.00193368 0.00220059 0.00199305 0.0028964 0.00293646 0.145855 0.0029512 0.00215571 0.00361274 0.00192939 0.00247671 -0.00237608 -0.0016065 -0.001815 -0.00186232 -0.00290813 -0.00277347 -0.00316397 -0.00153679 -0.00258236 -0.00241867 -0.00266451 -0.00112732 -0.00156154 -0.00210393 -0.00191289 -0.00178889 -0.00197922 -0.0018509 -0.0012765 -0.00198439 -0.00198331 -0.00205654 -0.00170401 -0.0018119 -0.00154281 -0.00220907 -0.00212533 -0.00181775 -0.00236129 -0.0011921 -0.00150697 -0.00188776 -0.00241357 -0.0024532 -0.00217389 -0.00200883 -0.00130994 -0.00276639 -0.00160862 -0.00166378 -0.00227891 -0.0022293 -0.00203536 -0.00152974 -0.00223255 -0.00189036 -0.00211822 -0.00241736 -0.0014002 -0.00141922 -0.00204616 -0.00164406 -0.00216077 -0.00271653 -0.00113659 -0.00175757 -0.00137308 -0.00149095 -0.00141314 -0.00209344 -0.00073704 -0.00164096 -0.00275123 -0.00213055 -0.00147425 -0.00208996 -0.00226466 -0.0017744 -0.0028903 -0.00128888 -0.00148023 -0.00227252 -0.00147696 -0.00142027 
-0.00194838 -0.00220451 -0.00221829 -0.00150146 -0.00124914 -0.00198596 -0.00190271 -0.00165036 -0.00221816 -0.00293336 -0.00207251 -0.00262653 -0.00114931 -0.0015755 -0.001042 -0.0022211 0.00233003 0.00279426 0.00270445 0.00345782 0.0029512 0.139715 0.00208883 0.00244629 0.00222541 0.00259497 -0.000988809 -0.00109838 -0.00182565 -0.00212037 -0.00131075 -0.00107834 -0.00246421 -0.00130998 -0.00170833 -0.00140411 -0.00216333 -0.00124291 -0.00230306 -0.000937052 -0.00184288 -0.00308618 -0.00181367 -0.00181307 -0.00108446 -0.00250733 -0.00251544 -0.00228264 -0.00244343 -0.00205785 -0.00186713 -0.00158242 -0.00241565 -0.00156924 -0.00202226 -0.00248092 -0.00197449 -0.00210948 -0.00171624 -0.00191243 -0.000946586 -0.00113758 -0.00164709 -0.00222941 -0.00229431 -0.00208148 -0.00105569 -0.00179044 -0.00180485 -0.00225938 -0.00139826 -0.00117508 -0.0014957 -0.00192625 -0.00216951 -0.00198579 -0.00182678 -0.00193041 -0.000570569 -0.00163354 -0.00123189 -0.00196017 -0.00182265 -0.00203566 -0.00139479 -0.00220778 -0.00181052 -0.00266318 -0.00195721 -0.00172755 -0.0020979 -0.00126253 -0.00239588 -0.00137315 -0.00176996 -0.00146386 -0.00137518 -0.00192827 -0.00181985 -0.00209979 
-0.00190107 -0.00289001 -0.000291992 -0.00184293 -0.00206867 -0.00157904 -0.00238589 -0.00297813 -0.00192845 -0.00242922 -0.00230453 -0.00297505 -0.00125179 -0.00274156 -0.00115188 -0.00263748 -0.00272761 0.0020217 0.00246917 0.00376566 0.00215571 0.00208883 0.146521 0.00223897 0.00340228 0.00331945 0.00275517 -0.0019128 -0.00178425 -0.00175903 -0.00155287 -0.00239174 -0.00164794 -0.00231234 -0.00169686 -0.00159515 -0.00188935 -0.00257997 -0.00177393 -0.00140172 -0.00218374 -0.0016336 -0.00125942 -0.0015885 -0.0012816 -0.00134046 -0.00189766 -0.00224692 -0.00235481 -0.00200711 -0.00169704 -0.00237508 -0.0023775 -0.000620148 -0.00167734 -0.0024166 -0.00107917 -0.00151252 -0.00149203 -0.00176949 -0.00214196 -0.00126981 -0.00228508 -0.00154954 -0.00248614 -0.000963401 -0.00165302 -0.00228953 -0.00203313 -0.00180033 -0.00172357 -0.0020807 -0.002023 -0.00214129 -0.00202529 -0.00154369 -0.00201337 -0.00166975 -0.00175044 -0.00212902 -0.00230931 -0.00117194 -0.00186027 -0.00210649 -0.00179128 -0.0030383 -0.00212565 -0.00201308 -0.00248079 -0.000916072 -0.00247769 -0.0016554 -0.00146429 -0.00165005 -0.00148217 -0.00115827 -0.00187327 -0.00192151 -0.00299968 -0.00147675 
-0.00248147 -0.000561991 -0.00213319 -0.00206324 -0.00232003 -0.00217157 -0.00145291 -0.00249205 -0.00262909 -0.00185927 -0.00269316 -0.00169027 -0.00146939 -0.00221846 -0.00196631 -0.00222962 -0.0014331 -0.0019575 -0.00121502 0.0020386 0.00361274 0.00244629 0.00223897 0.134346 0.00360697 0.00259511 0.00259337 0.00229434 -0.00133327 -0.00173915 -0.00208153 -0.00126974 -0.00264864 -0.00212253 -0.0019774 -0.00251345 -0.00258846 -0.00220352 -0.00189154 -0.00200374 -0.00195001 -0.00227006 -0.00215406 -0.00326359 -0.00222331 -0.00243105 -0.00123183 -0.00140829 -0.00162617 -0.00251359 -0.000700212 -0.00139851 -0.001913 -0.00145977 -0.00144908 -0.00100199 -0.00125974 -0.00179802 -0.00253098 -0.00168533 -0.00101842 -0.00259926 -0.00167001 -0.00199508 -0.00133565 -0.00160789 -0.0011175 -0.00140224 -0.00113481 -0.00140211 -0.00140071 -0.00126707 -0.00143324 -0.00143462 -0.00163908 -0.00163544 -0.00178102 -0.00155262 -0.000626584 -0.0022814 -0.00188984 -0.00151856 -0.000877066 -0.00171675 -0.00135509 -0.00145233 -0.000987796 -0.00127245 -0.00133472 -0.00117092 -0.00122305 -0.00105957 -0.00155074 -0.00136829 -0.000706372 -0.00112454 -0.0016691 -0.00197635 -0.00147668 -0.00202847 
-0.00212944 -0.000700152 -0.0016586 -0.00215283 -0.00165542 -0.0027197 -0.00234616 -0.00272681 -0.00259661 -0.00236445 -0.00289364 -0.00293306 -0.00304477 -0.00153944 -0.00169221 -0.00208906 -0.00264858 -0.00208167 -0.00194445 0.00312588 0.00192939 0.00222541 0.00340228 0.00360697 0.144804 0.003149 0.00327551 0.0029822 0.00170091 0.00268501 -0.00164502 -0.00193189 -0.00141587 -0.0025297 -0.00227529 -0.00160715 -0.00215434 -0.00189212 -0.00145814 -0.00135955 -0.00173894 -0.00213068 -0.00125592 -0.00395618 -0.003024 -0.00150274 -0.00164758 -0.00282903 -0.00252985 -0.00212046 -0.00200659 -0.00116576 -0.00251544 -0.00228524 -0.00160001 -0.00151413 -0.00203522 -0.00160435 -0.00178442 -0.00201163 -0.00215899 -0.00183977 -0.00151333 -0.0021892 -0.00202974 -0.00271996 -0.00184989 -0.00227023 -0.0017451 -0.00255787 -0.00172706 -0.00180081 -0.00210486 -0.00223659 -0.00145248 -0.00113939 -0.00130461 -0.00181617 -0.0018483 -0.00174606 -0.000998456 -0.00233311 -0.0026681 -0.00131933 -0.00158634 -0.000841041 -0.00223355 -0.00176647 -0.00177457 -0.00229651 -0.00174975 -0.00124749 -0.00142193 -0.0016357 -0.00124938 -0.00221205 -0.00150692 -0.00130572 -0.00142553 -0.00182022 
-0.00244181 -0.00136881 -0.0011954 -0.00207359 -0.00235258 -0.00228981 -0.00264271 -0.00276558 -0.00210179 -0.00166811 -0.00236267 -0.0021803 -0.000994263 -0.00278543 -0.00222289 -0.00291102 -0.000957865 -0.00211032 -0.00230577 -0.00217313 0.00247671 0.00259497 0.00331945 0.00259511 0.003149 0.144088 0.00295412 0.00241136 0.0029377 0.00291868 0.000972989 -0.00136506 -0.00133404 -0.00245542 -0.00239288 -0.00117787 -0.00225016 -0.00204221 -0.00109339 -0.00226329 -0.00259154 -0.00202487 -0.00158845 -0.002219 -0.00184716 -0.00253406 -0.00207775 -0.00196821 -0.00200601 -0.00209377 -0.0023821 -0.00164567 -0.00136399 -0.00159186 -0.000915438 -0.00144713 -0.00216738 -0.00135743 -0.00144324 -0.00211266 -0.00240966 -0.00259114 -0.00207623 -0.00302115 -0.00232134 -0.00141979 -0.00176869 -0.00208709 -0.00178683 -0.00173796 -0.0013968 -0.00129524 -0.00182385 -0.00210496 -0.00163449 -0.00174384 -0.00180039 -0.00302684 -0.00212278 -0.0022692 -0.00151025 -0.00237595 -0.00248337 -0.00235772 -0.00222339 -0.00167418 -0.000775552 -0.00175339 -0.00184445 -0.000483334 -0.00265562 -0.00190065 -0.00163626 -0.00160801 -0.00165054 -0.00196925 -0.00151441 -0.00132557 -0.00139158 -0.00119021 
-0.00249594 -0.00179859 -0.00222582 -0.00160143 -0.00191376 -0.00284911 -0.00299286 -0.00205709 -0.00317816 -0.00198718 -0.00149607 -0.00208084 -0.00181073 -0.00193564 -0.00199061 -0.00213947 -0.0018156 -0.00168195 -0.00173254 -0.00223593 -0.00237608 -0.000988809 0.00275517 0.00259337 0.00327551 0.00295412 0.141637 0.00340212 0.00359914 0.00260014 0.00285849 0.0019563 -0.00147303 -0.00102886 -0.00182907 -0.00215811 -0.00279594 -0.00218525 -0.00109803 -0.00135034 -0.00132079 -0.00164845 -0.000756396 -0.00196453 -0.0029645 -0.00115307 -0.000732191 -0.00141856 -0.00199321 -0.00215323 -0.0013335 -0.00123198 -0.00260021 -0.00123206 -0.000842617 -0.00168819 -0.00206046 -0.00217457 -0.00268556 -0.00250309 -0.00163116 -0.00236403 -0.00107614 -0.00197554 -0.00207144 -0.00213558 -0.000964246 -0.00170337 -0.00256077 -0.00246454 -0.00224178 -0.00289622 -0.00297881 -0.00124297 -0.00193413 -0.00139136 -0.00195654 -0.00181762 -0.00160873 -0.00233507 -0.00150041 -0.00140163 -0.00177581 -0.00225096 -0.00163965 -0.001822 -0.00216831 -0.00183064 -0.00208961 -0.00164008 -0.00256816 -0.00142624 -0.0013117 -0.00132657 -0.00134611 -0.00187849 -0.00170112 -0.00178226 -0.0014347 -0.00162709 
-0.00205559 -0.00237696 -0.0027891 -0.00068969 -0.00182037 -0.00285263 -0.00239714 -0.00213899 -0.0021735 -0.00254638 -0.00202214 -0.00220975 -0.00253984 -0.00113476 -0.00267687 -0.00296817 -0.00177925 -0.00197185 -0.00221449 -0.00186057 -0.0016065 -0.00109838 -0.0019128 0.00229434 0.0029822 0.00241136 0.00340212 0.136293 0.00245117 0.00204994 0.00266181 0.00341253 0.00178012 -0.0013148 -0.000944971 -0.00165841 -0.00231065 -0.000590953 -0.00156034 -0.0018538 -0.00126268 -0.00119577 -0.00164272 -0.00230122 -0.00268445 -0.00122341 -0.00253999 -0.00263051 -0.00163738 -0.00188178 -0.00195422 -0.00188186 -0.0024605 -0.00151607 -0.00184815 -0.00184108 -0.00136248 -0.00186534 -0.00159204 -0.00127826 -0.00158792 -0.0011463 -0.00173744 -0.00106788 -0.00190962 -0.00193203 -0.00149396 -0.00163596 -0.00248458 -0.00232038 -0.00197855 -0.00138257 -0.0028868 -0.000630189 -0.000726923 -0.00159663 -0.00192734 -0.00152894 -0.00207399 -0.00191771 -0.00189217 -0.00181478 -0.00196309 -0.00206097 -0.00223889 -0.00136333 -0.00171803 -0.00143935 -0.0015258 -0.00163476 -0.00129515 -0.00148133 -0.0013494 -0.000967178 -0.00203077 -0.000598423 -0.00170335 -0.00116316 -0.00156956 -0.0012936 
-0.00198727 -0.00251213 -0.00155237 -0.00143238 -0.00242992 -0.00202998 -0.00206042 -0.00140248 -0.0015588 -0.0026972 -0.00234307 -0.00198251 -0.00185475 -0.00176796 -0.00130967 -0.00221821 -0.00241012 -0.00190005 -0.00212055 -0.0023687 -0.001815 -0.00182565 -0.00178425 -0.00133327 0.00170091 0.0029377 0.00359914 0.00245117 0.132318 0.00298336 0.002445 0.00310512 0.00235806 0.00234357 -0.00182169 -0.00160355 -0.00186744 -0.00178499 -0.00183636 -0.00159428 -0.0016782 -0.00237038 -0.00189356 -0.00244004 -0.00117827 -0.000970955 -0.00158038 -0.00175758 -0.00158024 -0.00109692 -0.00127996 -0.00181595 -0.00161749 -0.00170084 -0.00205304 -0.00106411 -0.00179037 -0.00172477 -0.00209929 -0.00233526 -0.00262907 -0.00176417 -0.0016086 -0.00115714 -0.00125097 -0.00107499 -0.00144673 -0.00212289 -0.000642952 -0.00198327 -0.0025812 -0.00178025 -0.00195961 -0.00164049 -0.00123046 -0.00173199 -0.00198788 -0.0017891 -0.00127932 -0.0021415 -0.00243484 -0.00146502 -0.00124067 -0.00208435 -0.00171996 -0.00106697 -0.00231428 -0.00178539 -0.00205993 -0.00136585 -0.00156298 -0.00192506 -0.00125384 -0.00157812 -0.000576874 -0.00129582 -0.00153575 -0.0010739 -0.00135188 -0.00151514 
-0.0020866 -0.00186485 -0.00234714 -0.00180429 -0.00296487 -0.00246898 -0.00172829 -0.00165762 -0.0027701 -0.00168534 -0.00233533 -0.00233452 -0.000895621 -0.00242893 -0.00177372 -0.0016236 -0.000480435 -0.00216959 -0.0018433 -0.00215038 -0.00186232 -0.00212037 -0.00175903 -0.00173915 0.00268501 0.00291868 0.00260014 0.00204994 0.00298336 0.134228 0.00259331 0.00317165 0.00240406 0.00277157 -0.00134596 -0.000342229 -0.000725236 -0.000835639 -0.00181365 9.44222e-05 -0.00221221 -0.00277362 -0.00154821 -0.00260798 -0.00239219 -0.00148118 -0.0017914 -0.00245941 -0.00275802 -0.00204167 -0.00180058 -0.0010326 -0.00256145 -0.00218278 -0.00169772 -0.0012381 -0.00149018 -0.00111584 -0.00142274 -0.00190292 -0.00137172 -0.00134726 -0.00114956 -0.00181774 -0.00218758 -0.000905223 -0.00146689 -0.00182243 -0.00197705 -0.00225484 -0.00232537 -0.00208565 -0.00234153 -0.00173802 -0.00177238 -0.00165551 -0.00213254 -0.00185618 -0.00182529 -0.00145749 -0.000527172 -0.0013908 -0.00269346 -0.00116978 -0.00183317 -0.000910734 -0.00202114 -0.00181595 -0.00128141 -0.00142068 -0.00201326 -0.00270238 -0.00188014 -0.00147454 -0.00121296 -0.00162108 -0.00202148 -0.00107106 -0.00176061 -0.00172014 
-0.00160947 -0.00197302 -0.000631804 -0.00157074 -0.000763291 -0.00175102 -0.00238681 -0.00232437 -0.00200707 -0.00268855 -0.00162963 -0.00265417 -0.00209917 -0.00126538 -0.00201758 -0.00203164 -0.0020465 -0.00273265 -0.00222715 -0.00207951 -0.00290813 -0.00131075 -0.00155287 -0.00208153 -0.00164502 0.000972989 0.00285849 0.00266181 0.002445 0.00259331 0.131816 0.00315768 0.0019913 0.00262719 0.00189364 0.00230628 -0.00174235 -0.00170133 -0.0023557 -0.00258858 -0.00198189 -0.00193796 -0.00170143 -0.00155773 -0.00194584 -0.00201503 -0.00173104 -0.00209595 -0.00188512 -0.00167908 -0.000823379 -0.0020339 -0.00225686 -0.0016468 -0.00122143 -0.00174169 -0.0023029 -0.00124114 -0.00106517 -0.00184533 -0.00189286 -0.00136546 -0.00214125 -0.00149078 -0.00176869 -0.00172634 -0.00162164 -0.00138586 -0.00157654 -0.00160338 -0.00133729 -0.00120538 -0.00183821 -0.0015195 -0.00132419 -0.00110836 -0.00194052 -0.00230377 -0.00143706 -0.00101923 -0.00220119 -0.00128037 -0.00180728 -0.00144837 -0.00180474 -0.00183254 -0.00202757 -0.00203373 -0.000597749 -0.00176972 -0.00149538 -0.00245339 -0.00153044 -0.00191511 -0.000858397 -0.00125957 -0.00273318 -0.000759704 -0.00164953 -0.00117376 
-0.00183835 -0.00248319 -0.00235254 -0.00126736 -0.00181025 -0.00149042 -0.00177434 -0.00221175 -0.00162604 -0.00240182 -0.00174077 -0.00248895 -0.00250775 -0.00193428 -0.00131366 -0.00285595 -0.00296987 -0.00193281 -0.00226397 -0.00296267 -0.00277347 -0.00107834 -0.00239174 -0.00126974 -0.00193189 -0.00136506 0.0019563 0.00341253 0.00310512 0.00317165 0.00315768 0.133633 0.00245772 0.00247525 0.00327328 0.00172902 0.00153678 -0.00100487 -0.00160082 -0.00174346 -0.00185866 -0.00142331 -0.00187528 -0.00322964 -0.00214891 -0.000892484 -0.0022398 -0.0017452 -0.00134461 -0.00160833 -0.00139247 -0.00146542 -0.00127553 -0.00151044 -0.00159038 -0.00217591 -0.00128066 -0.00151145 -0.00145093 -0.00207233 -0.00165851 -0.00165143 -0.00178036 -0.00204943 -0.00259841 -0.0019704 -0.00103839 -0.00248881 -0.000905967 -0.00148719 -0.00199951 -0.00234582 -0.00150776 -0.00186939 -0.00124235 -0.00108832 -0.00228142 -0.00208872 -0.00157421 -0.00222288 -0.00200921 -0.00183227 -0.00153309 -0.00109668 -0.00215912 -0.0016298 -0.00107721 -0.00117467 -0.00109554 -0.00188388 -0.00153402 -0.00166476 -0.00109169 -0.00157244 -0.00170053 -0.00250231 -0.0024573 -0.00106362 -0.00177932 -0.00172376 
-0.00191694 -0.00190599 -0.00238455 -0.00178804 -0.00210474 -0.00147253 -0.00140323 -0.00227481 -0.0022144 -0.00176975 -0.00176603 -0.00174327 -0.00179591 -0.00218307 -0.00147997 -0.00205239 -0.00386025 -0.000718084 -0.00156414 -0.00200595 -0.00316397 -0.00246421 -0.00164794 -0.00264864 -0.00141587 -0.00133404 -0.00147303 0.00178012 0.00235806 0.00240406 0.0019913 0.00245772 0.131128 0.00322335 0.00212179 0.00263837 0.00240313 0.00219097 -0.00141362 -0.00142683 -0.0018347 -0.00215836 -0.00181663 -0.00215929 -0.00187839 -0.00164439 -0.0018242 -0.0017606 -0.00114095 -0.00211568 -0.000633615 -0.00200318 -0.00141019 -0.00227125 -0.00175429 -0.00172788 -0.00135912 -0.00122573 -0.00147656 -0.00271727 -0.00138388 -0.00149985 -0.00106004 -0.00110225 -0.0011863 -0.00156125 -0.00174534 -0.00148418 -0.0011104 -0.00200296 -0.0011503 -0.0015879 -0.00256066 -0.00181075 -0.00170017 -0.00232826 -0.00170866 -0.00172071 -0.00149105 -0.00140513 -0.00235741 -0.00220215 -0.00078682 -0.00201843 -0.00187898 -0.00201088 -0.00185869 -0.00158453 -0.00159319 -0.00232229 -0.0016468 -0.00204908 -0.00149001 -0.00119183 -0.00219057 -0.001142 -0.00183149 -0.00105361 -0.000465007 -0.00111854 
