0.125775 0.00263525 0.00232794 0.00311226 0.00189333 0.00288446 -0.000369412 -0.00188176 -0.00194854 -0.00145163 -0.00187574 -0.00168534 -0.00174693 -0.00237827 -0.00199954 -0.00190784 -0.000918112 -0.00217621 -0.00181097 -0.00323294 -0.00194077 -0.00164339 -0.00188625 -0.00146671 -0.00209567 -0.0021647 -0.00127822 -0.00183946 -0.00147125 -0.00142802 -0.00259272 -0.00182582 -0.00257323 -0.00176962 -0.00108645 -0.00265512 -0.00191104 -0.00172583 -0.00159985 -0.00221759 -0.00152165 -0.0010817 -0.00139666 -0.00156044 -0.0017567 -0.00145014 -0.00132154 -0.00127679 -0.00165175 -0.0013994 -0.00122959 -0.00166725 -0.00151807 -0.00162958 -0.0013413 -0.00196164 -0.00174958 -0.0018915 -0.00114305 -0.0019966 -0.00140632 -0.00171637 -0.00147764 -0.0008447 -0.00146136 -0.00135192 -0.00100696 -0.00132143 -0.00147238 -0.0014762 -0.0013688 -0.00176104 -0.00199157 -0.0024096 -0.00189353 -0.00178335 -0.00236127 -0.00178588 -0.00214502 -0.00113127 -0.00145448 -0.00151416 -0.00172302 -0.000964236 -0.00113811 -0.00164557 -0.00169702 -0.00120739 -0.0012157 -0.00174618 -0.00188346 -0.0015467 -0.0014979 -0.00168116 -0.00154064 -0.00143451 0.00250347 0.00237124 0.00287459 0.00277875 
0.00263525 0.123526 0.00281884 0.00173877 0.00289031 0.00203193 0.00194245 -0.00121158 -0.00158193 -0.00124043 -0.00262883 -0.00177414 -0.00220224 -0.00240547 -0.00219957 -0.00172582 -0.00188455 -0.00168284 -0.00245732 -0.0024837 -0.00195723 -0.00180811 -0.00127249 -0.00167222 -0.00232184 -0.00244876 -0.00167419 -0.00132732 -0.00141643 -0.00235289 -0.00176786 -0.00123108 -0.00162818 -0.00143485 -0.00211502 -0.00155898 -0.00107378 -0.00136349 -0.00164766 -0.00166392 -0.00172111 -0.00192759 -0.00171583 -0.00172262 -0.00161677 -0.00143776 -0.00154518 -0.00147217 -0.0013341 -0.002102 -0.00129694 -0.00134794 -0.00166699 -0.00188813 -0.00249121 -0.00172399 -0.00148823 -0.00170023 -0.0015229 -0.000682672 -0.00219932 -0.00216164 -0.00154487 -0.00172001 -0.000942184 -0.00157907 -0.00196543 -0.0015773 -0.00137882 -0.000971432 -0.00123522 -0.00194918 -0.00197732 -0.00154144 -0.0012607 -0.00161862 -0.00106086 -0.000955998 -0.000841604 -0.000988106 -0.00124299 -0.00183541 -0.00138003 -0.00157708 -0.00152017 -0.00163525 -0.00156575 -0.000994477 -0.00116688 -0.00191576 -0.00179397 -0.00170939 -0.0012385 -0.00122924 -0.00177674 -0.00072613 -0.00104138 0.0022723 0.00245002 0.00313153 
0.00232794 0.00281884 0.127287 0.00215629 0.00230432 0.00246991 0.00139419 0.00191636 -0.00141095 -0.00129784 -0.00229521 -0.00130088 -0.00112179 -0.00121989 -0.00138849 -0.00154233 -0.00189215 -0.00158783 -0.00273321 -0.00106766 -0.00262294 -0.00124897 -0.00182081 -0.000184806 -0.00162002 -0.00196724 -0.000851956 -0.00145169 -0.00186187 -0.00170333 -0.00236934 -0.00227378 -0.00196344 -0.00206304 -0.00122589 -0.00164669 -0.00200257 -0.00144987 -0.00188864 -0.00138621 -0.00188484 -0.0010077 -0.00194444 -0.00176748 -0.00204559 -0.00121403 -0.00142025 -0.00193248 -0.00146325 -0.001429 -0.00131428 -0.00194839 -0.00183644 -0.00138789 -0.00178581 -0.00124872 -0.00237048 -0.00123535 -0.00194913 -0.00192256 -0.00178889 -0.000643981 -0.00107879 -0.00137045 -0.00210705 -0.00222372 -0.000761109 -0.00150374 -0.00179649 -0.000773048 -0.00184502 -0.00167866 -0.0018338 -0.0016234 -0.0015035 -0.00166967 -0.000844294 -0.00149798 -0.00178053 -0.00133856 -0.00125649 -0.00201189 -0.00224583 -0.00189573 -0.00148669 -0.00163633 -0.00169845 -0.00240763 -0.00143991 -0.0022987 -0.00128812 -0.00228414 -0.00175572 -0.00187205 -0.0016224 -0.00188509 -0.00170048 -0.00108737 0.00227013 0.00216036 
0.00311226 0.00173877 0.00215629 0.127194 0.00229979 0.00193196 0.00233741 0.0023244 0.0025346 -0.00125748 -0.00150618 -0.00153698 -0.00110476 -0.001823 -0.00222488 -0.00134655 -0.00235942 -0.002902 -0.00266524 -0.00249999 -0.00249344 -0.00289826 -0.00167814 -0.000606694 -0.00255765 -0.00205527 -0.00144461 -0.0019263 -0.00165502 -0.00181261 -0.000948999 -0.00149747 -0.000920289 -0.00154026 -0.0011404 -0.00232946 -0.00131297 -0.00181051 -0.0016376 -0.00105535 -0.00143775 -0.00132365 -0.00171385 -0.00191554 -0.00194859 -0.00179418 -0.00145645 -0.00130234 -0.0013733 -0.00124105 -0.00134918 -0.00109224 -0.00121133 -0.00283271 -0.0012392 -0.00152986 -0.00175365 -0.00214449 -0.00201758 -0.00131591 -0.00200766 -0.00226121 -0.00124573 -0.00129428 -0.0025252 -0.00149504 -0.0013131 -0.00107503 -0.00175999 -0.000739897 -0.00134611 -0.00168115 -0.00184402 -0.00114588 -0.00210599 -0.00260057 -0.00114254 -0.00153147 -0.00177116 -0.000961547 -0.00146786 -0.00234373 -0.000864712 -0.00134939 -0.00170004 -0.0012404 -0.00115784 -0.00149182 -0.00164956 -0.00132981 -0.00207952 -0.00215906 -0.00140409 -0.000797802 -0.00244892 -0.00116632 -0.00103104 -0.00159016 -0.00184947 0.00188025 
0.00189333 0.00289031 0.00230432 0.00229979 0.125926 0.00164171 0.00283368 0.00149437 0.00179832 0.00233171 -0.00148668 -0.000854078 -0.00147045 -0.000858042 -0.00228136 -0.00163128 -0.00205902 -0.00183441 -0.00242359 -0.00184473 -0.00186579 -0.00244406 -0.00107087 -0.00175887 -0.00238685 -0.00160429 -0.00106104 -0.00172604 -0.00171507 -0.00136032 -0.00123822 -0.00186788 -0.00200521 -0.00121533 -0.00129209 -0.00165478 -0.00123725 -0.00232161 -0.000837632 -0.00146412 -0.00158679 -0.000749897 -0.000638771 -0.00216864 -0.00236451 -0.00167037 -0.00110391 -0.00172527 -0.00139992 -0.0016836 -0.00175434 -0.00162333 -0.00179462 -0.00248682 -0.00190574 -0.00175642 -0.00218173 -0.00194418 -0.00198587 -0.00164206 -0.00151733 -0.00177446 -0.00157763 -0.00126062 -0.00182552 -0.00169647 -0.00205398 -0.00169098 -0.00144299 -0.00164007 -0.00218621 -0.00141587 -0.00125133 -0.00136145 -0.00208098 -0.00169252 -0.00177766 -0.00191094 -0.00102222 -0.00212267 -0.00156896 -0.000686799 -0.00139863 -0.00185426 -0.0018684 -0.00204019 -0.000626742 -0.00163095 -0.00128612 -0.00213731 -0.00146903 -0.00260377 -0.00152445 -0.000780406 -0.00187176 -0.00132318 -0.00115058 -0.000470235 -0.0014859 -0.00129651 
0.00288446 0.00203193 0.00246991 0.00193196 0.00164171 0.128683 0.0021187 0.00223943 0.00100661 0.00129721 0.00303139 -0.00156928 -0.001101 -0.00171921 -0.00154344 -0.00154584 -0.00254568 -0.001462 -0.00261853 -0.00186791 -0.00251496 -0.00273898 -0.00192756 -0.00133191 -0.00246365 -0.00268695 -0.00194703 -0.00212126 -0.00172447 -0.00150275 -0.0019238 -0.00169959 -0.0011861 -0.00122107 -0.00126669 -0.00160294 -0.00112929 -0.00188959 -0.000987788 -0.00186788 -0.00100659 -0.00226956 -0.00237616 -0.00195927 -0.00264125 -0.00190177 -0.00106539 -0.00201979 -0.0023048 -0.000733792 -0.00130733 -0.00166116 -0.00207074 -0.00181164 -0.00149298 -0.00181333 -0.00280668 -0.00175005 -0.0019208 -0.00241535 -0.00175951 -0.00122627 -0.00157233 -0.00228051 -0.00180539 -0.00146177 -0.00175542 -0.000851392 -0.00187013 -0.00184219 -0.000991414 -0.00143142 -0.00194511 -0.00177913 -0.00211311 -0.0020468 -0.0022701 -0.00176127 -0.00206686 -0.00134362 -0.00208904 -0.00227137 -0.00210813 -0.00169178 -0.0018589 -0.00208346 -0.000969672 -0.000788651 -0.00109512 -0.0014017 -0.00135694 -0.000752802 -0.000677634 -0.00045324 -0.00172763 -0.00106771 -0.00056026 -0.00154416 -0.000838077 -0.000790834 
-0.000369412 0.00194245 0.00139419 0.00233741 0.00283368 0.0021187 0.131581 0.00334831 0.00294223 0.00196405 0.00233473 0.00365692 -0.000209135 -0.00189235 -0.00139512 -0.00204737 -0.00114683 -0.0023425 -0.00265029 -0.00252313 -0.00181393 -0.00359649 -0.00241247 -0.0017602 -0.00235753 -0.00163554 -0.00216758 -0.00171429 -0.00207153 -0.00209385 -0.00184886 -0.00166355 -0.00125839 -0.00273559 -0.00140322 -0.0019702 -0.00147524 -0.00115893 -0.00209301 -0.00188188 -0.00152869 -0.00215204 -0.00152963 -0.0018369 -0.00203231 -0.00189251 -0.00245688 -0.0023091 -0.00125422 -0.000522362 -0.00190075 -0.00190835 -0.00133676 -0.00261994 -0.00135915 -0.001757 -0.00124765 -0.00261938 -0.0013347 -0.00200738 -0.00156603 -0.00161584 -0.00203764 -0.00114819 -0.00270563 -0.00250221 -0.00216157 -0.00236601 -0.00246616 -0.00120457 -0.00168314 -0.00188914 -0.00191123 -0.00133506 -0.00143383 -0.00127278 -0.0013978 -0.00226986 -0.00193768 -0.00230272 -0.00126132 -0.00131307 -0.00140795 -0.00191244 -0.00179078 -0.00163817 -0.00200794 -0.00142163 -0.0013295 -0.0014516 -0.0024256 -0.00177087 -0.00103037 -0.00151452 -0.00199969 -0.00185251 -0.00130593 -0.00109167 -0.000863013 -0.000564337 
-0.00188176 -0.00121158 0.00191636 0.0023244 0.00149437 0.00223943 0.00334831 0.131472 0.00244476 0.00243798 0.00222422 0.00151249 0.00272618 -0.00207707 -0.00183193 -0.00255088 -0.00310276 -0.00141541 -0.00219453 -0.00223805 -0.00221278 -0.00239186 -0.0012277 -0.00216711 -0.00206138 -0.00239954 -0.00164235 -0.00188331 -0.00235289 -0.00218609 -0.00220609 -0.00220498 -0.00189955 -0.00292719 -0.0017808 -0.00212883 -0.00238428 -0.00210495 -0.00220095 -0.00155458 -0.0023791 -0.00139939 -0.00186608 -0.00221706 -0.00220192 -0.00177689 -0.000583115 -0.00161557 -0.00186674 -0.00181038 -0.00172474 -0.000659875 -0.00145022 -0.00158209 -0.00147926 -0.000921823 -0.00127172 -0.00143623 -0.00105857 -0.00129505 -0.00215475 -0.00205499 -0.00111763 -0.00125219 -0.00235404 -0.00195957 -0.00200386 -0.0019501 -0.00190266 -0.00180057 -0.00166083 -0.0015452 -0.00102752 -0.00143342 -0.00108876 -0.001154 -0.00166686 -0.00148155 -0.00196308 -0.00140577 -0.00185157 -0.00159527 -0.00158072 -0.00113936 -0.00104919 -0.00166944 -0.00139472 -0.00146911 -0.00135863 -0.00127968 -0.00139843 -0.00163095 -0.00206842 -0.00148864 -0.00123613 -0.00143637 -0.00144924 -0.00266007 -0.00116249 -0.00122776 
-0.00194854 -0.00158193 -0.00141095 0.0025346 0.00179832 0.00100661 0.00294223 0.00244476 0.131637 0.00313654 0.00266967 0.00188348 0.00292477 0.00199656 -0.0019235 -0.00254513 -0.00101802 -0.00194329 -0.00240077 -0.00125631 -0.00187128 -0.00235304 -0.00205047 -0.00255931 -0.00238217 -0.00209366 -0.000750385 -0.00173577 -0.00152604 -0.00226149 -0.00181232 -0.00204317 -0.00132552 -0.00148099 -0.0012805 -0.00127086 -0.00169124 -0.00200045 -0.00238413 -0.00121821 -0.00145228 -0.00116486 -0.00220415 -0.00180914 -0.00293648 -0.00192261 -0.00180343 -0.00183151 -0.00213321 -0.00189124 -0.00188896 -0.00200144 -0.00178564 -0.00229014 -0.0015547 -0.00229781 -0.00131502 -0.00191629 -0.00158209 -0.00208632 -0.00135203 -0.00190266 -0.00170518 -0.00166268 -0.00165898 -0.00149278 -0.00193271 -0.00102392 -0.00187553 -0.00127311 -0.00132296 -0.00158016 -0.0017019 -0.000460933 -0.00149515 -0.0016206 -0.001595 -0.00198105 -0.0013687 -0.00127895 -0.00237545 -0.00126621 -0.00194825 -0.00188104 -0.00236901 -0.0015543 -0.00119417 -0.00176262 -0.00125186 -0.00195363 -0.00101882 -0.00292117 -0.00246499 -0.00188116 -0.00189632 -0.00110569 -0.00124907 -0.00168418 -0.00182687 -0.00109803 
-0.00145163 -0.00124043 -0.00129784 -0.00125748 0.00233171 0.00129721 0.00196405 0.00243798 0.00313654 0.136757 0.00248911 0.00152523 0.00311176 0.00274162 -0.00147987 -0.00232697 -0.00236113 -0.0020248 -0.00304786 -0.00101208 -0.00291161 -0.00138018 -0.00210192 -0.00217595 -0.00294527 -0.00221477 -0.00153466 -0.00226297 -0.00198296 -0.00157345 -0.00253664 -0.00120382 -0.00192237 -0.000924347 -0.00158673 -0.0020014 -0.0025069 -0.00131341 -0.00186542 -0.0022523 -0.00156474 -0.00158254 -0.00270714 -0.00281216 -0.000877951 -0.00190896 -0.00263966 -0.00254642 -0.00178401 -0.00112731 -0.00157037 -0.00207979 -0.0016021 -0.00174301 -0.00200876 -0.00174962 -0.000895188 -0.00163294 -0.00202446 -0.00188255 -0.00155637 -0.0016374 -0.00197519 -0.00149788 -0.00158407 -0.000788645 -0.00166336 -0.00120486 -0.00217603 -0.00227082 -0.00191204 -0.00175777 -0.00124866 -0.00194479 -0.00160448 -0.000960665 -0.00226106 -0.00129469 -0.00183124 -0.00138863 -0.00130323 -0.00122675 -0.00209984 -0.00158645 -0.00191663 -0.00134624 -0.00137099 -0.00168335 -0.00190254 -0.00154984 -0.0014753 -0.00133719 -0.00176624 -0.00169718 -0.000492677 -0.00193879 -0.00161423 -0.00194835 -0.00146576 -0.00207525 
-0.00187574 -0.00262883 -0.00229521 -0.00150618 -0.00148668 0.00303139 0.00233473 0.00222422 0.00266967 0.00248911 0.145581 0.0023823 0.00237491 0.00221728 0.00256227 0.00310078 -0.000949949 -0.00292955 -0.001991 -0.00245045 -0.00169361 -0.00322215 -0.00218034 -0.0031513 -0.0026597 -0.00238319 -0.00297124 -0.00246091 -0.00197938 -0.00247598 -0.00309539 -0.00159181 -0.00235112 -0.00224798 -0.00192463 -0.00207719 -0.00258309 -0.00211257 -0.0018006 -0.00176792 -0.00201796 -0.000931284 -0.00142495 -0.00163395 -0.00196893 -0.00201977 -0.0017066 -0.00179195 -0.00209921 -0.00215422 -0.00169556 -0.00127648 -0.000960535 -0.00216848 -0.00177794 -0.00197276 -0.000541146 -0.00160948 -0.0013391 -0.00255273 -0.00142087 -0.00175484 -0.00185497 -0.00175924 -0.00144192 -0.00156253 -0.00227576 -0.00202709 -0.00215023 -0.000755598 -0.00230175 -0.00177027 -0.00205605 -0.00133153 -0.00192747 -0.00228602 -0.00254122 -0.00204993 -0.00152794 -0.00211968 -0.00201487 -0.00221271 -0.00209737 -0.00244845 -0.00173958 -0.00235129 -0.00134242 -0.00125487 -0.00193432 -0.00205005 -0.00124479 -0.00170979 -0.00202404 -0.0014886 -0.00129482 -0.00128151 -0.00131058 -0.00209861 -0.00160394 -0.00206318 
-0.00168534 -0.00177414 -0.00130088 -0.00153698 -0.000854078 -0.00156928 0.00365692 0.00151249 0.00188348 0.00152523 0.0023823 0.136312 0.00306359 0.00339679 0.00123598 0.00303377 0.00327194 -0.00299638 -0.00201318 -0.00183418 -0.00277013 -0.000995074 -0.00274616 -0.00169757 -0.0011974 -0.00250139 -0.0025975 -0.00225218 -0.00245382 -0.00137631 -0.00304799 -0.00284429 -0.00227762 -0.00200365 -0.00123076 -0.00208864 -0.00202322 -0.00154446 -0.00184676 -0.00112946 -0.00245861 -0.00099976 -0.00216583 -0.000923456 -0.00225491 -0.00229202 -0.000656758 -0.00136562 -0.00178029 -0.00148798 -0.0021889 -0.00160517 -0.00183201 -0.00183909 -0.00225559 -0.00256168 -0.00234588 -0.000947103 -0.000938033 -0.00147365 -0.00147299 -0.0016099 -0.00220436 -0.00197286 -0.00205949 -0.00109871 -0.00172455 -0.00201361 -0.00179608 -0.00106367 -0.00196407 -0.00168254 -0.00239228 -0.00172043 -0.00152332 -0.0011313 -0.00182207 -0.00184766 -0.00188501 -0.00180504 -0.00188312 -0.00169153 -0.00234499 -0.00178092 -0.00178755 -0.00222432 -0.0020955 -0.00114875 -0.0014112 -0.00155783 -0.00235434 -0.00172073 -0.00227355 -0.00156194 -0.00140971 -0.00202488 -0.00243544 -0.000697332 -0.00181683 -0.00170258 
-0.00174693 -0.00220224 -0.00112179 -0.00110476 -0.00147045 -0.001101 -0.000209135 0.00272618 0.00292477 0.00311176 0.00237491 0.00306359 0.132393 0.00303285 0.00115089 0.0024704 0.00164837 -0.00174884 -0.00131916 -0.00264542 -0.00266398 -0.0025389 -0.00184144 -0.00213777 -0.00259951 -0.00309561 -0.00191639 -0.00125113 -0.00334557 -0.00136937 -0.0017051 -0.0015395 -0.00196972 -0.000788152 -0.00190956 -0.00173735 -0.00197306 -0.00116031 -0.00187558 -0.00245102 -0.00166466 -0.00189029 -0.00242143 -0.00169369 -0.00155433 -0.00239689 -0.00130338 -0.00211383 -0.0010917 -0.00164877 -0.0011998 -0.0014359 -0.001752 -0.00117798 -0.00106507 -0.000720453 -0.00116715 -0.00201713 -0.00190006 -0.00132334 -0.00174001 -0.00194446 -0.000984864 -0.00175631 -0.00188248 -0.00229149 -0.00146205 -0.00168369 -0.00195995 -0.00220991 -0.00200696 -0.00194029 -0.0017119 -0.0015901 -0.00112017 -0.0013739 -0.00238578 -0.00180331 -0.00184576 -0.00136695 -0.00241873 -0.00231768 -0.00123084 -0.00192067 -0.00114305 -0.00111236 -0.000966932 -0.00160853 -0.000998546 -0.00188079 -0.00116827 -0.00222022 -0.00195151 -0.00162308 -0.00162718 -0.00236226 -0.00149018 -0.0012079 -0.00261637 -0.00189513 
-0.00237827 -0.00240547 -0.00121989 -0.001823 -0.000858042 -0.00171921 -0.00189235 -0.00207707 0.00199656 0.00274162 0.00221728 0.00339679 0.00303285 0.141602 0.00334895 0.00392222 0.00361967 0.00213174 0.00262642 -0.00154164 -0.00263135 -0.00225577 -0.00275647 -0.00254734 -0.00335838 -0.00311617 -0.00189843 -0.0025175 -0.00193371 -0.00223704 -0.0015543 -0.00192484 -0.00243943 -0.00206102 -0.00114334 -0.0020861 -0.0019778 -0.00164387 -0.00176454 -0.00142624 -0.00200393 -0.00174706 -0.00251576 -0.00209916 -0.00251244 -0.00249553 -0.0019165 -0.00181409 -0.00222616 -0.00257973 -0.00212347 -0.00213734 -0.00165701 -0.00115106 -0.00177766 -0.00168494 -0.00140414 -0.00140466 -0.00156857 -0.0017843 -0.00245341 -0.00157376 -0.001821 -0.00157483 -0.00102336 -0.00219434 -0.00222809 -0.00222882 -0.00216051 -0.00211311 -0.00143454 -0.00221018 -0.00177807 -0.00147708 -0.00184588 -0.00114114 -0.00156982 -0.00153219 -0.0019462 -0.00128035 -0.0011325 -0.00160798 -0.00173983 -0.00183184 -0.00244027 -0.00214334 -0.0014581 -0.00181818 -0.00164037 -0.00146305 -0.00146609 -0.00250442 -0.00127739 -0.00260911 -0.00204156 -0.00188729 -0.00200419 -0.00247407 -0.00171913 -0.0019983 
-0.00199954 -0.00219957 -0.00138849 -0.00222488 -0.00228136 -0.00154344 -0.00139512 -0.00183193 -0.0019235 -0.00147987 0.00256227 0.00123598 0.00115089 0.00334895 0.138421 0.00310324 0.00324917 0.00268189 0.00259959 0.00252548 -0.00197079 -0.000539594 -0.00184091 -0.00171997 -0.00228441 -0.00178795 -0.00196982 -0.00186197 -0.00197762 -0.00142189 -0.00200253 -0.000966005 -0.000940054 -0.00254908 -0.00139456 -0.0010792 -0.00179464 -0.00155074 -0.00168564 -0.00116412 -0.00121467 -0.0014634 -0.00276643 -0.00211948 -0.00246781 -0.00237257 -0.00215956 -0.00240406 -0.00251522 -0.00157428 -0.00168147 -0.00160532 -0.00128287 -0.00121622 -0.00162838 -0.00210156 -0.001404 -0.00143537 -0.000811678 -0.00186555 -0.00262173 -0.00199261 -0.00135064 -0.0018693 -0.00206592 -0.00234672 -0.00197655 -0.00193804 -0.00194755 -0.00214728 -0.00171156 -0.00233669 -0.00222251 -0.00222811 -0.000886304 -0.00148303 -0.00136609 -0.00235809 -0.00129067 -0.00129738 -0.00195133 -0.00140287 -0.00191975 -0.00217458 -0.00096264 -0.00213191 -0.0021543 -0.00123435 -0.00191276 -0.00170998 -0.00156931 -0.00253942 -0.00176953 -0.00211609 -0.00180906 -0.0014983 -0.00199016 -0.00199103 -0.00210043 -0.00164485 
-0.00190784 -0.00172582 -0.00154233 -0.00134655 -0.00163128 -0.00154584 -0.00204737 -0.00255088 -0.00254513 -0.00232697 0.00310078 0.00303377 0.0024704 0.00392222 0.00310324 0.149847 0.00202838 0.00225981 0.00283667 0.0020084 -0.0013605 -0.00195645 -0.00227945 -0.00211415 -0.00243614 -0.00205825 -0.00284971 -0.00257333 -0.00188636 -0.00226169 -0.00173322 -0.00123756 -0.00250355 -0.00143747 -0.00206908 -0.0020697 -0.000763248 -0.0024824 -0.0021509 -0.000951272 -0.00198871 -0.00183947 -0.00188652 -0.00238913 -0.00133927 -0.00217123 -0.00212888 -0.00239278 -0.00261168 -0.00255433 -0.00208208 -0.00198115 -0.0017377 -0.00177104 -0.00223639 -0.00153331 -0.00221502 -0.00147639 -0.0014107 -0.00172166 -0.00208219 -0.00123986 -0.00227153 -0.00197763 -0.00172333 -0.00175344 -0.0015941 -0.0019022 -0.00264804 -0.00163108 -0.00118857 -0.00239833 -0.00152026 -0.0019682 -0.00266314 -0.000817041 -0.00178115 -0.00270154 -0.0017912 -0.00202576 -0.00155376 -0.00168137 -0.00264014 -0.00167098 -0.00240007 -0.00128251 -0.001177 -0.00191863 -0.00136111 -0.00206756 -0.00199668 -0.00237421 -0.00178531 -0.00214597 -0.00265246 -0.00225918 -0.00249569 -0.00131051 -0.0025698 -0.00177676 
-0.000918112 -0.00188455 -0.00189215 -0.00235942 -0.00205902 -0.00254568 -0.00114683 -0.00310276 -0.00101802 -0.00236113 -0.000949949 0.00327194 0.00164837 0.00361967 0.00324917 0.00202838 0.147928 0.00259827 0.00333199 0.00287523 0.00271918 0.00293831 -0.00197298 -0.00253961 -0.00215825 -0.00227472 -0.00273026 -0.0014952 -0.00194142 -0.00238267 -0.00217227 -0.00283988 -0.00203535 -0.00183812 -0.00163647 -0.00231788 -0.00262497 -0.00155833 -0.000975104 -0.00221997 -0.00234116 -0.0017369 -0.00251611 -0.0018871 -0.00297776 -0.00218747 -0.00197182 -0.00206453 -0.00171173 -0.00206585 -0.00253526 -0.00223319 -0.0018277 -0.00197763 -0.00169035 -0.00272108 -0.00267059 -0.00118543 -0.00286966 -0.00143719 -0.00149324 -0.00133761 -0.00216521 -0.00195506 -0.00154464 -0.00177824 -0.00176949 -0.000729719 -0.00180144 -0.00198118 -0.00202153 -0.00206106 -0.00193264 -0.00172551 -0.00224079 -0.0019366 -0.00198002 -0.00164922 -0.00120974 -0.00227445 -0.00232601 -0.00212746 -0.00193801 -0.00307859 -0.00111679 -0.00255152 -0.00256774 -0.0020936 -0.00163747 -0.00168782 -0.00189213 -0.00185331 -0.00146078 -0.00137822 -0.00223166 -0.00239029 -0.00275448 -0.0014081 -0.00166731 -0.0018998 
-0.00217621 -0.00168284 -0.00158783 -0.002902 -0.00183441 -0.001462 -0.0023425 -0.00141541 -0.00194329 -0.0020248 -0.00292955 -0.00299638 -0.00174884 0.00213174 0.00268189 0.00225981 0.00259827 0.145116 0.00481361 0.00259011 0.00295983 0.00365842 0.00226864 -0.0024533 -0.00243796 -0.00240688 -0.00196429 -0.00222362 -0.0018371 -0.0018479 -0.00249413 -0.00239203 -0.00201386 -0.00206824 -0.00233649 -0.00223909 -0.00146895 -0.00239006 -0.00175729 -0.00231293 -0.00186207 -0.00161627 -0.00204544 -0.00217605 -0.00194261 -0.00150026 -0.00228562 -0.00121145 -0.00253128 -0.00189197 -0.00196518 -0.00234788 -0.00165473 -0.0014697 -0.00200158 -0.00193542 -0.00252737 -0.00195544 -0.00188257 -0.0013911 -0.00176505 -0.00155539 -0.00204549 -0.00168842 -0.00133614 -0.00224823 -0.00144876 -0.00152023 -0.00182255 -0.00204928 -0.00227915 -0.00113564 -0.00156616 -0.00172512 -0.00158943 -0.00220908 -0.00154062 -0.00145295 -0.00158046 -0.00200641 -0.00205429 -0.00144635 -0.000557325 -0.00158795 -0.00171713 -0.00184745 -0.00260366 -0.00151218 -0.00203996 -0.00223781 -0.00201759 -0.00152123 -0.00150076 -0.00198903 -0.00138936 -0.00173804 -0.00141799 -0.000909816 -0.00236104 -0.00218081 
-0.00181097 -0.00245732 -0.00273321 -0.00266524 -0.00242359 -0.00261853 -0.00265029 -0.00219453 -0.00240077 -0.00304786 -0.001991 -0.00201318 -0.00131916 0.00262642 0.00259959 0.00283667 0.00333199 0.00481361 0.147855 0.00275247 0.00192811 0.00310022 0.00311388 -0.00269227 -0.00204886 -0.00180874 -0.0026347 -0.0024104 -0.00154863 -0.00188701 -0.00224581 -0.00201902 -0.00204151 -0.00255993 -0.00249868 -0.00136926 -0.00123291 -0.00291343 -0.00243378 -0.0016133 -0.00113162 -0.00280769 -0.00163358 -0.00127603 -0.0025703 -0.00244271 -0.00117804 -0.0016079 -0.00146081 -0.00223168 -0.00130205 -0.00189604 -0.00203542 -0.000902951 -0.00170689 -0.00245658 -0.00211518 -0.00168187 -0.00208886 -0.00171382 -0.00187867 -0.00171863 -0.00188151 -0.00193951 -0.000765523 -0.00181684 -0.00202026 -0.00253627 -0.0021954 -0.00163616 -0.00147007 -0.00108955 -0.00164698 -0.00183997 -0.00191492 -0.00130468 -0.00215835 -0.00158391 -0.00207766 -0.00154915 -0.00241695 -0.00144385 -0.00108152 -0.00122778 -0.00177616 -0.0022317 -0.00140824 -0.00183166 -0.00150358 -0.00125246 -0.00214339 -0.00247989 -0.00194756 -0.00217486 -0.0021534 -0.00225172 -0.00135941 -0.0022139 -0.00202149 -0.00249034 
-0.00323294 -0.0024837 -0.00106766 -0.00249999 -0.00184473 -0.00186791 -0.00252313 -0.00223805 -0.00125631 -0.00101208 -0.00245045 -0.00183418 -0.00264542 -0.00154164 0.00252548 0.0020084 0.00287523 0.00259011 0.00275247 0.150355 0.00226539 0.00362465 0.00318199 0.00149916 0.00285522 -0.00256533 -0.00130947 -0.00168352 -0.00259249 -0.002084 -0.00200992 -0.0018748 -0.0026233 -0.00185964 -0.00080832 -0.00164295 -0.00183894 -0.00207547 -0.00144937 -0.00144138 -0.00243415 -0.00104833 -0.00289804 -0.00217572 -0.00157744 -0.00240247 -0.00186188 -0.00168283 -0.00183083 -0.00255243 -0.00233205 -0.00256258 -0.00109339 -0.0014013 -0.00231504 -0.00195376 -0.00175114 -0.00109009 -0.00161085 -0.00209158 -0.00221176 -0.00185659 -0.00227196 -0.00146757 -0.00122221 -0.00222908 -0.00206098 -0.000568413 -0.0014362 -0.00273254 -0.00231056 -0.00174633 -0.00134003 -0.00147757 -0.00274108 -0.0022982 -0.00241631 -0.00131592 -0.00138027 -0.00184285 -0.00158934 -0.00132952 -0.00160713 -0.001674 -0.00182998 -0.00301879 -0.00173513 -0.00191697 -0.00214729 -0.00190867 -0.00253878 -0.00284536 -0.00217803 -0.0027954 -0.0027823 -0.00337609 -0.00233571 -0.00242358 -0.00172322 -0.00282871 
-0.00194077 -0.00195723 -0.00262294 -0.00249344 -0.00186579 -0.00251496 -0.00181393 -0.00221278 -0.00187128 -0.00291161 -0.00169361 -0.00277013 -0.00266398 -0.00263135 -0.00197079 -0.0013605 0.00271918 0.00295983 0.00192811 0.00226539 0.145795 0.00245153 0.00292347 0.00296593 0.00307462 0.00344161 -0.000924404 -0.00216217 -0.000635444 -0.0020609 -0.00122808 -0.00151971 -0.00283783 -0.00225769 -0.00179614 -0.0019723 -0.00162233 -0.00216366 -0.00155653 -0.00175011 -0.00162991 -0.002252 -0.0012755 -0.00188207 -0.00183157 -0.000906801 -0.00208023 -0.00135887 -0.00112373 -0.00156116 -0.0026923 -0.0028337 -0.00166263 -0.00191827 -0.0020356 -0.00236814 -0.00236914 -0.00170361 -0.00206936 -0.00122054 -0.00187948 -0.00226452 -0.00165525 -0.00187812 -0.00178318 -0.00215974 -0.00226067 -0.00135389 -0.00164626 -0.00139442 -0.00188195 -0.000999572 -0.00159733 -0.00174806 -0.0018565 -0.00110408 -0.00123058 -0.00153759 -0.00190805 -0.00272189 -0.00221429 -0.00235707 -0.0024058 -0.00242341 -0.00218011 -0.00190898 -0.00260867 -0.00154219 -0.00237846 -0.00100328 -0.00174153 -0.00152047 -0.00134627 -0.00237119 -0.0019543 -0.00177076 -0.00221046 -0.00178584 -0.00112096 -0.00226194 
-0.00164339 -0.00180811 -0.00124897 -0.00289826 -0.00244406 -0.00273898 -0.00359649 -0.00239186 -0.00235304 -0.00138018 -0.00322215 -0.000995074 -0.0025389 -0.00225577 -0.000539594 -0.00195645 0.00293831 0.00365842 0.00310022 0.00362465 0.00245153 0.154709 0.00371703 0.0015737 0.00216967 0.00285904 -0.00228107 -0.00157285 -0.00209812 -0.00295528 -0.00269169 -0.00237771 -0.00172519 -0.00149794 -0.00208175 -0.00213076 -0.00195995 -0.00168371 -0.00213413 -0.00142723 -0.00166031 -0.00264754 -0.00137621 -0.00164503 -0.00223159 -0.00257624 -0.00167217 -0.00174486 -0.00279127 -0.00259057 -0.00181116 -0.0018958 -0.00259169 -0.00115646 -0.0023121 -0.00228382 -0.00231422 -0.00128422 -0.00177199 -0.0017123 -0.00246956 -0.00157864 -0.00283572 -0.00204031 -0.00162292 -0.00143817 -0.00173272 -0.0011964 -0.00145062 -0.00141802 -0.00158929 -0.00171819 -0.00306201 -0.00219654 -0.00209712 -0.00229615 -0.00173424 -0.0017479 -0.00269733 -0.00255542 -0.00132417 -0.00107869 -0.0021657 -0.0012547 -0.00243355 -0.00156363 -0.0025956 -0.00179007 -0.00217556 -0.00193558 -0.0022464 -0.00223862 -0.00238827 -0.00225546 -0.00190111 -0.00150236 -0.00223045 -0.00239862 -0.00137485 -0.00177261 
-0.00188625 -0.00127249 -0.00182081 -0.00167814 -0.00107087 -0.00192756 -0.00241247 -0.0012277 -0.00205047 -0.00210192 -0.00218034 -0.00274616 -0.00184144 -0.00275647 -0.00184091 -0.00227945 -0.00197298 0.00226864 0.00311388 0.00318199 0.00292347 0.00371703 0.139549 0.00235912 0.00282957 0.00243572 0.00233194 -0.00185178 -0.00192806 -0.0020666 -0.00127675 -0.00185879 -0.00200476 -0.00185237 -0.00162539 -0.00139576 -0.00185006 -0.00137158 -0.00190194 -0.00118568 -0.00162257 -0.00300901 -0.00123919 -0.00227825 -0.00213579 -0.00196923 -0.00199739 -0.00167971 -0.00130987 -0.00188652 -0.00178208 -0.00168408 -0.00167866 -0.00136646 -0.00165644 -0.00139881 -0.00228939 -0.00198972 -0.00135996 -0.00213711 -0.00221613 -0.00286795 -0.00188513 -0.00205522 -0.00123827 -0.00177503 -0.00125112 -0.0020979 -0.00165822 -0.00141167 -0.00229233 -0.00140475 -0.00177776 -0.00201977 -0.000424844 -0.00140545 -0.00136831 -0.00133145 -0.00163113 -0.0014099 -0.00238354 -0.0011106 -0.00189666 -0.00245991 -0.00213006 -0.00233749 -0.00180024 -0.0019777 -0.00190032 -0.00244045 -0.00291755 -0.002739 -0.00110517 -0.00193591 -0.00192903 -0.00142344 -0.00166837 -0.00169209 -0.00189408 -0.00173992 
-0.00146671 -0.00167222 -0.000184806 -0.000606694 -0.00175887 -0.00133191 -0.0017602 -0.00216711 -0.00255931 -0.00217595 -0.0031513 -0.00169757 -0.00213777 -0.00254734 -0.00171997 -0.00211415 -0.00253961 -0.0024533 -0.00269227 0.00149916 0.00296593 0.0015737 0.00235912 0.141624 0.00280263 0.0025842 0.00224935 0.00279356 -0.00140103 -0.00155883 -0.000746923 -0.0008056 -0.00128359 -0.00139284 -0.000897283 -0.0011456 -0.00113578 -0.00134612 -0.00166061 -0.00179672 -0.00179558 -0.00250485 -0.00186321 -0.0019522 -0.00207778 -0.00177625 -0.00214258 -0.00121767 -0.00122512 -0.00161236 -0.00194652 -0.00183154 -0.00189407 -0.00230191 -0.00125081 -0.00189521 -0.00179412 -0.0018139 -0.00181008 -0.00197656 -0.00222045 -0.00183818 -0.00156211 -0.00141209 -0.00224048 -0.00149852 -0.00229599 -0.00176075 -0.0022707 -0.00204332 -0.00177973 -0.0024581 -0.00203651 -0.00193306 -0.00238227 -0.00114348 -0.00120331 -0.0021153 -0.00262532 -0.00193797 -0.00143144 -0.00203388 -0.00219387 -0.00200526 -0.0022421 -0.00227137 -0.00169328 -0.00218522 -0.00106131 -0.00251844 -0.00210465 -0.00169293 -0.000920242 -0.00173436 -0.00194898 -0.0014126 -0.00146126 -0.00127564 -0.00023551 -0.000681313 
-0.00209567 -0.00232184 -0.00162002 -0.00255765 -0.00238685 -0.00246365 -0.00235753 -0.00206138 -0.00238217 -0.00294527 -0.0026597 -0.0011974 -0.00259951 -0.00335838 -0.00228441 -0.00243614 -0.00215825 -0.00243796 -0.00204886 0.00285522 0.00307462 0.00216967 0.00282957 0.00280263 0.14264 0.00408499 0.00236568 0.00266864 0.00212075 0.00113144 -0.00163106 -0.00143171 -0.00228775 -0.000820013 -0.00111024 -0.00124739 -0.00140236 -0.0024151 -0.00156753 -0.00136258 -0.00180311 -0.00200006 -0.00234776 -0.00198791 -0.000985158 -0.00210901 -0.00133884 -0.0020522 -0.000574665 -0.00159095 -0.00156229 -0.00180001 -0.00218266 -0.0022991 -0.00160186 -0.00217243 -0.00219028 -0.00223139 -0.00224813 -0.00234903 -0.00246223 -0.00225877 -0.000971632 -0.000855235 -0.00206513 -0.000410455 -0.00157264 -0.00188427 -0.00143456 -0.00110917 -0.00193756 -0.00183819 -0.00219798 -0.00171539 -0.00142117 -0.00129257 -0.00177519 -0.00145875 -0.00278649 -0.00225992 -0.00208285 -0.00207101 -0.00227448 -0.00135204 -0.00235981 -0.00298109 -0.00180302 -0.00148627 -0.00206708 -0.00193633 -0.00191554 -0.00182059 -0.0020941 -0.00206871 -0.0019004 -0.000788596 -0.00164989 -0.00202062 -0.00105004 -0.00223837 
-0.0021647 -0.00244876 -0.00196724 -0.00205527 -0.00160429 -0.00268695 -0.00163554 -0.00239954 -0.00209366 -0.00221477 -0.00238319 -0.00250139 -0.00309561 -0.00311617 -0.00178795 -0.00205825 -0.00227472 -0.00240688 -0.00180874 -0.00256533 0.00344161 0.00285904 0.00243572 0.0025842 0.00408499 0.154058 0.00393194 0.00229368 0.00242647 0.00295883 0.00231123 -0.000492357 -0.000955752 -0.00204043 -0.00126567 -0.00174283 -0.00268091 -0.0018952 -0.00186099 -0.000542233 -0.00111125 -0.00287867 -0.00251993 -0.00215173 -0.00271013 -0.00148735 -0.00275322 -0.00210595 -0.00178483 -0.00204054 -0.00234411 -0.00240024 -0.00268946 -0.00210131 -0.00232497 -0.00140924 -0.00276998 -0.00292646 -0.00127171 -0.00239345 -0.00186201 -0.0021301 -0.000770795 -0.00185942 -0.00139828 -0.00107577 -0.00179144 -0.00253357 -0.00174751 -0.00143104 -0.00123964 -0.00149507 -0.00151233 -0.00165829 -0.00130795 -0.00224452 -0.00235173 -0.00255822 -0.00256837 -0.00235305 -0.00187249 -0.00217946 -0.00263155 -0.00331655 -0.00171748 -0.00211184 -0.00222012 -0.00207915 -0.00123244 -0.00284314 -0.00134296 -0.00233812 -0.00231796 -0.00305211 -0.00228158 -0.0015684 -0.00234091 -0.00279085 -0.00223391 -0.00210597 
-0.00127822 -0.00167419 -0.000851956 -0.00144461 -0.00106104 -0.00194703 -0.00216758 -0.00164235 -0.000750385 -0.00153466 -0.00297124 -0.0025975 -0.00191639 -0.00189843 -0.00196982 -0.00284971 -0.00273026 -0.00196429 -0.0026347 -0.00130947 -0.000924404 -0.00228107 0.00233194 0.00224935 0.00236568 0.00393194 0.13987 0.00198463 0.00222917 0.00146234 0.00280674 0.00195787 -0.00111733 -0.00176794 -0.00112877 -0.00140477 -0.00181472 -0.0013443 -0.00159324 -0.00146537 -0.00235171 -0.00168197 -0.00166399 -0.00121894 -0.00189025 -0.00133841 -0.00213002 -0.00151791 -0.000847746 -0.00200552 -0.00202169 -0.00102769 -0.00173569 -0.00141201 -0.00190929 -0.00148591 -0.00157906 -0.00148793 -0.00217401 -0.00248998 -0.00126715 -0.0025458 -0.00088678 -0.00110722 -0.000703496 -0.001547 -0.00134185 -0.0014984 -0.00215822 -0.00226791 -0.00122278 -0.0017608 -0.00234042 -0.00177292 -0.00262216 -0.00296647 -0.00195982 -0.00148991 -0.00168304 -0.00187909 -0.00178238 -0.00181449 -0.00207879 -0.00134256 -0.001167 -0.00252255 -0.00175194 -0.00159817 -0.00190211 -0.00234564 -0.00139269 -0.00177971 -0.00223738 -0.00256239 -0.00251971 -0.00140992 -0.00240187 -0.00280097 -0.00267549 -0.00207749 
-0.00183946 -0.00132732 -0.00145169 -0.0019263 -0.00172604 -0.00212126 -0.00171429 -0.00188331 -0.00173577 -0.00226297 -0.00246091 -0.00225218 -0.00125113 -0.0025175 -0.00186197 -0.00257333 -0.0014952 -0.00222362 -0.0024104 -0.00168352 -0.00216217 -0.00157285 -0.00185178 0.00279356 0.00266864 0.00229368 0.00198463 0.130745 0.00257768 0.00208776 0.00215936 0.0014564 0.00253368 -0.000889448 -0.00163667 -0.00153795 -0.00189402 -0.00129883 -0.000536846 -0.0021028 -0.00240141 -0.00165351 -0.00164565 -0.00244137 -0.0024032 -0.00100653 -0.00176381 -0.00214857 -0.0024946 -0.00180115 -0.00110812 -0.00184373 -0.00152379 -0.00137945 -0.00158642 -0.00176924 -0.0018506 -0.00151465 -0.00212919 -0.00205223 -0.00172573 -0.00224965 -0.00189776 -0.0015619 -0.00160371 -0.00186605 -0.0019452 -0.00159402 -0.000993471 -0.00176676 -0.00157816 -0.00126979 -0.00211444 -0.00206701 -0.00180097 -0.00193251 -0.00159333 -0.0016747 -0.00108958 -0.00198946 -0.00111122 -0.00109624 -0.00201215 -0.00117612 -0.00134302 -0.00233877 -0.00223097 -0.00167558 -0.00102364 -0.00141649 -0.00158067 -0.000829183 -0.00101762 -3.43971e-05 -0.00183197 -0.000750521 -0.00127557 -0.00112473 -0.00153144 -0.000866954 
-0.00147125 -0.00141643 -0.00186187 -0.00165502 -0.00171507 -0.00172447 -0.00207153 -0.00235289 -0.00152604 -0.00198296 -0.00197938 -0.00245382 -0.00334557 -0.00193371 -0.00197762 -0.00188636 -0.00194142 -0.0018371 -0.00154863 -0.00259249 -0.000635444 -0.00209812 -0.00192806 -0.00140103 0.00212075 0.00242647 0.00222917 0.00257768 0.132162 0.00308351 0.00294492 0.00190221 0.00130719 0.00176038 -0.00106621 -0.00145797 -0.00107375 -0.00175137 -0.00108887 -0.00116072 -0.00165697 -0.00201246 -0.000342247 -0.00110916 -0.0021051 -0.00126265 -0.00206847 -0.000345304 -0.00215199 -0.000603316 -0.00187213 -0.00180816 -0.00173306 -0.00178926 -0.0013105 -0.00199068 -0.00168113 -0.00146708 -0.0021205 -0.00192506 -0.00213974 -0.00190885 -0.00205616 -0.00160633 -0.00220606 -0.00154171 -0.00182493 -0.00185042 -0.00143436 -0.00144557 -0.00190124 -0.00156423 -0.00154946 -0.00136145 -0.00257106 -0.00158649 -0.00245961 -0.00221946 -0.00183435 -0.00165133 -0.00171668 -0.00151908 -0.00133731 -0.00170169 -0.00170535 -0.00121446 -0.00152176 -0.0017033 -0.00199134 -0.00179624 -0.00231607 -0.00156264 -0.00231982 -0.00160087 -0.000183171 -0.00173609 -0.00198821 -0.00125107 -0.00140827 -0.000938053 
-0.00142802 -0.00235289 -0.00170333 -0.00181261 -0.00136032 -0.00150275 -0.00209385 -0.00218609 -0.00226149 -0.00157345 -0.00247598 -0.00137631 -0.00136937 -0.00223704 -0.00142189 -0.00226169 -0.00238267 -0.0018479 -0.00188701 -0.002084 -0.0020609 -0.00295528 -0.0020666 -0.00155883 0.00113144 0.00295883 0.00146234 0.00208776 0.00308351 0.130755 0.00210257 0.00319677 0.00263542 0.00267408 -0.000886496 -0.00182682 -0.00117008 -0.0018046 -0.00181717 -0.00156088 -0.00127515 -0.000971918 -0.00228075 -0.00210741 -0.00162647 -0.00169701 -0.00159189 -0.000719916 -0.00191875 -0.00132498 -0.00140379 -0.00130875 -0.00165975 -0.00102523 -0.000921872 -0.00208057 -0.00138788 -0.00206276 -0.00203942 -0.00201783 -0.00167606 -0.00145443 -0.00185908 -0.00156128 -0.00116895 -0.00175372 -0.0023601 -0.00151442 -0.0013453 -0.00103171 -0.0019094 -0.00135468 -0.000554849 -0.0015014 -0.00230927 -0.00169691 -0.00183503 -0.0014311 -0.00173414 -0.00220773 -0.00199304 -0.00230588 -0.00260989 -0.00152749 -0.000832401 -0.00219884 -0.00165357 -0.00161706 -0.00206989 -0.00128517 -0.000978906 -0.00122498 -0.00134387 -0.00135878 -0.00183199 -0.00142854 -0.0013456 -0.00150117 -0.00213297 -0.00183978 
-0.00259272 -0.00176786 -0.00236934 -0.000948999 -0.00123822 -0.0019238 -0.00184886 -0.00220609 -0.00181232 -0.00253664 -0.00309539 -0.00304799 -0.0017051 -0.0015543 -0.00200253 -0.00173322 -0.00217227 -0.00249413 -0.00224581 -0.00200992 -0.00122808 -0.00269169 -0.00127675 -0.000746923 -0.00163106 0.00231123 0.00280674 0.00215936 0.00294492 0.00210257 0.12953 0.00213093 0.00249379 0.00267066 0.00129446 0.00249359 -0.00191109 -0.00122709 -0.00151895 -0.000991849 -0.00102174 -0.00200144 -0.00178014 -0.00113783 -0.00216763 -0.0015893 -0.0021492 -0.00176306 -0.00144177 -0.000956602 -0.00211703 -0.00172538 -0.00163683 -0.00205591 -0.00189847 -0.00226412 -0.00195378 -0.00236389 -0.00198647 -0.00292633 -0.00224553 -0.00156951 -0.00106796 -0.000693952 -0.00133197 -0.00162545 -0.00180294 -0.00161513 -0.00108716 -0.00223424 -0.00202529 -0.00194385 -0.00238646 -0.00213149 -0.00192424 -0.00176537 -0.00102049 -0.00139203 -0.0010473 -0.00188393 -0.00169371 -0.00255646 -0.00154786 -0.00150017 -0.00098746 -0.00169088 -0.00126246 -0.00142424 -0.000933867 -0.000517575 -0.00113009 -0.00105321 -0.00142372 -0.00109805 -0.00206981 -0.0013872 -0.00167379 -0.0015578 -0.00155507 -0.00161501 
-0.00182582 -0.00123108 -0.00227378 -0.00149747 -0.00186788 -0.00169959 -0.00166355 -0.00220498 -0.00204317 -0.00120382 -0.00159181 -0.00284429 -0.0015395 -0.00192484 -0.000966005 -0.00123756 -0.00283988 -0.00239203 -0.00201902 -0.0018748 -0.00151971 -0.00237771 -0.00185879 -0.0008056 -0.00143171 -0.000492357 0.00195787 0.0014564 0.00190221 0.00319677 0.00213093 0.126014 0.00193144 0.00209661 0.00234133 0.00183339 0.00132025 -0.00127026 -0.00181322 -0.00149249 -0.00147006 -0.00222282 -0.00243826 -0.00139515 -0.000906921 -0.00109983 -0.000878364 -0.000544913 -0.00180341 -0.00156924 -0.0019922 -0.00168095 -0.00121991 -0.00159843 -0.00117667 -0.00207464 -0.00173314 -0.00159658 -0.00221167 -0.00204576 -0.00185754 -0.00142674 -0.00210364 -0.00102499 -0.00157173 -0.00179935 -0.00220378 -0.00154199 -0.000868658 -0.00234233 -0.0014206 -0.00209905 -0.00174907 -0.00180392 -0.0022336 -0.00165306 -0.00131693 -0.00172084 -0.0011719 -0.00165148 -0.00152485 -0.00192638 -0.00147689 -0.00104986 -0.00125699 -0.00130718 -0.00157855 -0.00072107 -0.00193088 -0.00106119 -0.00165717 -0.002025 -0.00177299 -0.00118613 -0.00119606 -0.00236817 -0.00163679 -0.00191228 -0.00198654 -0.00158327 
-0.00257323 -0.00162818 -0.00196344 -0.000920289 -0.00200521 -0.0011861 -0.00125839 -0.00189955 -0.00132552 -0.00192237 -0.00235112 -0.00227762 -0.00196972 -0.00243943 -0.000940054 -0.00250355 -0.00203535 -0.00201386 -0.00204151 -0.0026233 -0.00283783 -0.00172519 -0.00200476 -0.00128359 -0.00228775 -0.000955752 -0.00111733 0.00253368 0.00130719 0.00263542 0.00249379 0.00193144 0.125996 0.00250078 0.00213964 0.00235196 0.00180692 0.00248087 -0.00142117 -0.00164141 -0.00188886 -0.00250541 -0.00167665 -0.0022943 -0.00221317 -0.00180565 -0.00180915 -0.00139279 -0.00204638 -0.00196741 -0.00155263 -0.00146288 -0.00157937 -0.00183184 -0.00171001 -0.00198228 -0.00145097 -0.00125368 -0.00177802 -0.0012336 -0.00109621 -0.00164032 -0.00173949 -0.00126212 -0.00102943 -0.00138426 -0.001821 -0.00115397 -0.00112945 -0.00103479 -0.00137201 -0.00141458 -0.0025302 -0.00167416 -0.00162234 -0.00190023 -0.00133665 -0.00174704 -0.00149674 -0.0018676 -0.0018786 -0.00162672 -0.000894111 -0.00160809 -0.00165073 -0.00170046 -0.00176592 -0.00131078 -0.00151205 -0.00119767 -0.00190223 -0.00129031 -0.00137975 -0.000279268 -0.00135905 -0.00102138 -0.00137582 -0.0022046 -0.00181588 -0.00156454 
