0.125842 0.00204607 0.00218592 0.00236879 0.00161609 0.00258431 -0.000996454 -0.00133 -0.0018981 -0.00164679 -0.00132047 -0.00276266 -0.0020756 -0.00187084 -0.00191764 -0.00212681 -0.00224334 -0.00166202 -0.00207898 -0.00186994 -0.0016811 -0.00129732 -0.00223852 -0.00139416 -0.00132054 -0.00144276 -0.00205773 -0.000852515 -0.00185473 -0.00132528 -0.0014579 -0.00178407 -0.000434162 -0.00182192 -0.00146865 -0.00116611 -0.00253059 -0.00138582 -0.00210592 -0.00177112 -0.00181628 -0.00101448 -0.00131196 -0.0022268 -0.00147765 -0.00217673 -0.00168509 -0.00211114 -0.00211343 -0.00176573 -0.00127914 -0.00213136 -0.00100043 -0.00190201 -0.00152962 -0.0018771 -0.00146897 -0.00214202 -0.0013739 -0.00238851 -0.00115066 -0.00145685 -0.00196259 -0.00113716 -0.00197628 -0.00195317 -0.000926965 -0.00179034 -0.00126218 -0.00198552 -0.00163045 -0.0014552 -0.000921779 -0.00144512 -0.000892442 -0.00187092 -0.00109652 -0.00136517 -0.00141416 -0.00155329 -0.00192657 -0.00187626 -0.00206238 -0.0016603 -0.000779307 -0.000858016 -0.00123869 -0.00146133 -0.00130631 -0.000833117 -0.000596675 -0.00203573 -0.00142361 -0.001612 -0.000957881 -0.00108408 0.00147578 0.00175176 0.00221499 0.000856536 
0.00204607 0.127975 0.00373134 0.00190609 0.00239753 0.00203425 0.00183495 -0.00160546 -0.00209336 -0.00158226 -0.0028739 -0.00245939 -0.00199699 -0.00251677 -0.00265464 -0.002028 -0.00212501 -0.00194237 -0.00196276 -0.000602173 -0.00144873 -0.00146077 -0.001394 -0.00256573 -0.0012165 -0.00145158 -0.00196772 -0.00138158 -0.00204387 -0.00138371 -0.00142569 -0.00172256 -0.00150037 -0.00230569 -0.00135661 -0.00167799 -0.00239248 -0.00191573 -0.00115213 -0.00152216 -0.00173314 -0.00148216 -0.00132087 -0.00230602 -0.00108051 -0.00185658 -0.00144805 -0.00157577 -0.00164382 -0.00134458 -0.00176114 -0.00130075 -0.00161611 -0.00133009 -0.00118902 -0.00235808 -0.00174124 -0.00107455 -0.00163241 -0.00203375 -0.00157111 -0.00178752 -0.00238701 -0.000987991 -0.00199468 -0.00222074 -0.00164916 -0.00160716 -0.00153426 -0.00134853 -0.00100467 -0.00085756 -0.00118032 -0.00175672 -0.00077284 -0.00134469 -0.00104757 -0.00111585 -0.00250532 -0.00201998 -0.00193583 -0.00198377 -0.00160329 -0.00152836 -0.00154421 -0.00204646 -0.00111574 -0.0015227 -0.0018095 -0.000907028 -0.00211287 -0.00124492 -0.00151522 -0.00128771 -0.00058454 -0.00161771 -0.00165678 0.00217963 0.00196962 0.00219318 
0.00218592 0.00373134 0.122186 0.00232853 0.00190396 0.00191713 0.00175929 0.00200993 -0.00112018 -0.00181816 -0.000571924 -0.0012063 -0.00207413 -0.00201312 -0.00195533 -0.00158399 -0.00274624 -0.0011308 -0.00177505 -0.00185795 -0.0015293 -0.00173618 -0.00169034 -0.00144002 -0.00129151 -0.00117771 -0.00176599 -0.00194185 -0.0018474 -0.00168214 -0.00174427 -0.0023463 -0.00179633 -0.00107383 -0.00165623 -0.00129246 -0.00159215 -0.00127776 -0.00168736 -0.0011617 -0.0016583 -0.00154864 -0.00205698 -0.00162943 -0.00188381 -0.00181979 -0.00200735 -0.00172391 -0.00140448 -0.00123935 -0.00151716 -0.00119523 -0.0015744 -0.00145615 -0.00134817 -0.00220314 -0.00165268 -0.00131516 -0.00119509 -0.00199123 -0.00188827 -0.00146867 -0.00165552 -0.00172257 -0.00250851 -0.00188648 -0.0018414 -0.00137411 -0.0021291 -0.00140274 -0.00132378 -0.00133344 -0.0017733 -0.0017852 -0.0010775 -0.000907054 -0.000818464 -0.00222047 -0.00191704 -0.00179468 -0.00182685 -0.00250324 -0.00108796 -0.00178213 -0.00143602 -0.00138351 -0.00145298 -0.00114172 -0.0010495 -0.00116704 -0.000999643 -0.0015765 -0.00162791 -0.00111617 -0.00142733 -0.00145744 -0.00157043 -0.000580855 0.00189582 0.00210235 
0.00236879 0.00190609 0.00232853 0.121574 0.0023437 0.00167561 0.00157953 0.00202334 0.00146937 -0.00149763 -0.0015324 -0.00103537 -0.00170782 -0.00132844 -0.00176131 -0.00151644 -0.00193259 -0.00143979 -0.00145413 -0.00341558 -0.00151335 -0.00218136 -0.00112439 -0.00131669 -0.00235427 -0.00204755 -0.00183677 -0.0016781 -0.00177551 -0.000927994 -0.000834961 -0.00146412 -0.00119489 -0.000806094 -0.00159752 -0.00160177 -0.00105281 -0.00141603 -0.00203647 -0.00220648 -0.00161153 -0.00122685 -0.00219533 -0.00103584 -0.00174317 -0.00114667 -0.00166753 -0.00132998 -0.00130777 -0.000739903 -0.00112717 -0.00127102 -0.00216654 -0.00170291 -0.00248423 -0.00122759 -0.00137369 -0.00212838 -0.00144795 -0.00173568 -0.000297043 -0.00122924 -0.00157259 -0.00173815 -0.00163937 -0.00148727 -0.00109288 -0.000983942 -0.00209305 -0.00207963 -0.000724592 -0.000955218 -0.0015053 -0.00170802 -0.00122685 -0.00108298 -0.00142707 -0.00174217 -0.00118442 -0.00133021 -0.00145341 -0.00239645 -0.0017336 -0.00209778 -0.0015419 -0.0016552 -0.00105039 -0.00173425 -0.00177944 -0.00155373 -0.00134414 -0.00191496 -0.00186274 -0.00202225 -0.00144668 -0.00171918 -0.00133839 -0.0013029 -0.00132873 0.00136508 
0.00161609 0.00239753 0.00190396 0.0023437 0.122665 0.00370035 0.00182437 0.00169977 0.00170434 0.00236476 -0.00203991 -0.00148859 -0.00271877 -0.00223642 -0.00108776 -0.00196022 -0.00168871 -0.000946222 -0.00180481 -0.00180361 -0.000898275 -0.00256441 -0.000954444 -0.00163455 -0.00200752 -0.00218709 -0.00247397 -0.0019702 -0.0022206 -0.00119134 -0.00159555 -0.00137839 -0.00114063 -0.00123817 -0.00173034 -0.00199874 -0.00192166 -0.00180003 -0.00189807 -0.000636279 -0.00179262 -0.00154349 -0.00217095 -0.00143709 -0.000788414 -0.00121962 -0.0017654 -0.00205745 -0.00223696 -0.00133539 -0.00123343 -0.000525364 -0.0019466 -0.00130754 -0.00117183 -0.00118146 -0.00118756 -0.00134439 -0.00103507 -0.00136717 -0.0013907 -0.00237007 -0.00149085 -0.00141597 -0.00189083 -0.00149318 -0.00116959 -0.00122234 -0.000919552 -0.0021797 -0.00152578 -0.00102357 -0.00155053 -0.00199922 -0.00114198 -0.00181946 -0.00158602 -0.0016228 -0.001408 -0.00136879 -0.00135665 -0.00107939 -0.00129782 -0.00152497 -0.0010996 -0.00192782 -0.00270885 -0.00131311 -0.0021694 -0.000867465 -0.00137103 -0.0018295 -0.00206394 -0.00133551 -0.00138409 -0.00158936 -0.00174538 -0.00178282 -0.00190784 -0.00141299 
0.00258431 0.00203425 0.00191713 0.00167561 0.00370035 0.126591 0.00233735 0.00164996 0.0021834 0.00214875 0.0017996 -0.00163655 -0.00121781 -0.0015921 -0.00144932 -0.00103354 -0.00111625 -0.00216868 -0.00162224 -0.00150716 -0.00226319 -0.00259458 -0.0015312 -0.00171798 -0.0018951 -0.00245169 -0.00243227 -0.00249307 -0.00261831 -0.00175558 -0.00264317 -0.00131053 -0.00211253 -0.00190033 -0.00110725 -0.0011367 -0.00156511 -0.00164667 -0.0014318 -0.00158622 -0.0015617 -0.00142342 -0.0018239 -0.00198787 -0.0011533 -0.00220217 -0.00200819 -0.0023854 -0.00234281 -0.00150761 -0.00193886 -0.00199869 -0.00232617 -0.0015691 -0.00150434 -0.00181075 -0.0018656 -0.00171731 -0.00193406 -0.00161121 -0.000624804 -0.00192721 -0.00210066 -0.00159469 -0.00146899 -0.002023 -0.000949587 -0.00168024 -0.00162027 -0.00103992 -0.00144442 -0.00146741 -0.00138085 -0.00184364 -0.00154204 -0.00101124 -0.000827717 -0.00130607 -0.00120785 -0.00192788 -0.00192072 -0.00136851 -0.00124308 -0.00204138 -0.00161821 -0.00216343 -0.00131069 -0.00179594 -0.00115342 -0.00142239 -0.00159235 -0.00138737 -0.00266349 -0.00145799 -0.00144225 -0.00170596 -0.000941614 -0.0014404 -0.00138986 -0.00136445 
-0.000996454 0.00183495 0.00175929 0.00157953 0.00182437 0.00233735 0.127091 0.00299145 0.0028104 0.00247563 0.00273101 0.00228522 -0.000853935 -0.00182596 -0.00171645 -0.00162917 -0.00243564 -0.00120903 -0.00261872 -0.00257704 -0.00138949 -0.00146545 -0.00231957 -0.00148103 -0.00227167 -0.00209012 -0.00145043 -0.00172051 -0.00198851 -0.00224222 -0.00169314 -0.00194117 -0.00216774 -0.00168502 -0.00130973 -0.00175022 -0.00161015 -0.00186753 -0.00286913 -0.00176156 -0.00109062 -0.0016018 -0.00187646 -0.00164086 -0.000747506 -0.0024849 -0.00199256 -0.00192796 -0.00294584 -0.00204689 -0.00176614 -0.00145453 -0.00231184 -0.00140189 -0.00164033 -0.00142073 -0.00123221 -0.00129521 -0.00162335 -0.00121432 -0.00183439 -0.00141849 -0.00146182 -0.0011415 -0.00206822 -0.00143664 -0.00111149 -0.00164349 -0.00100802 -0.00188407 -0.00118447 -0.00201594 -0.00164537 -0.0013806 -0.001779 -0.00233684 -0.00166488 -0.00100181 -0.00177718 -0.00149822 -0.00169897 -0.00158258 -0.000889591 -0.00193615 -0.00202888 -0.00164708 -0.00188529 -0.00126354 -0.00192894 -0.00152735 -0.00160709 -0.00143101 -0.00232686 -0.00154849 -0.00102577 -0.00150213 -0.00167161 -0.000908276 -0.00191331 -0.00145253 
-0.00133 -0.00160546 0.00200993 0.00202334 0.00169977 0.00164996 0.00299145 0.132941 0.0023279 0.00250513 0.00285119 0.00214325 0.00198045 -0.00162655 -0.00203037 -0.00171389 -0.00225332 -0.00108618 -0.0024003 -0.00217203 -0.0016445 -0.00181335 -0.00251493 -0.00122266 -0.0019896 -0.00213631 -0.00114965 -0.00214273 -0.00200809 -0.00229834 -0.00136617 -0.00234677 -0.00196727 -0.00223771 -0.00224392 -0.00216091 -0.0024577 -0.00107946 -0.00161161 -0.00144903 -0.00134642 -0.0021379 -0.00129989 -0.00126269 -0.00180373 -0.00207152 -0.00174165 -0.00235656 -0.0016859 -0.00153101 -0.00147561 -0.00215098 -0.00179667 -0.00183691 -0.00111292 -0.00188221 -0.00192034 -0.00109271 -0.00197002 -0.00214892 -0.00176898 -0.00200984 -0.000999058 -0.00122351 -0.000889 -0.000947759 -0.0014032 -0.000377347 -0.00139575 -0.00193964 -0.00139067 -0.00172832 -0.00186125 -0.00172968 -0.00140202 -0.00158724 -0.00224687 -0.00201766 -0.00170022 -0.00214712 -0.00279581 -0.00254752 -0.00161934 -0.00219446 -0.00267298 -0.00176819 -0.00233116 -0.00182524 -0.00180387 -0.00141168 -0.00124114 -0.00150942 -0.00197824 -0.000476368 -0.00139249 -0.001212 -0.00201655 -0.00189913 -0.00174524 -0.00123383 
-0.0018981 -0.00209336 -0.00112018 0.00146937 0.00170434 0.0021834 0.0028104 0.0023279 0.131321 0.00131912 0.00251967 0.00198835 0.0030656 0.00295541 -0.000822968 -0.00136694 -0.0020911 -0.00145888 -0.00151093 -0.0026026 -0.00209916 -0.0025476 -0.0029202 -0.00202215 -0.00297625 -0.00242549 -0.00156835 -0.00196038 -0.0022779 -0.00284458 -0.00140277 -0.000744574 -0.00181771 -0.00177302 -0.00168544 -0.00135805 -0.00159988 -0.00166212 -0.00197189 -0.00151266 -0.00143203 -0.0025984 -0.00190549 -0.00201792 -0.00150991 -0.00216471 -0.00153854 -0.00171307 -0.00126402 -0.00108863 -0.00191342 -0.00190463 -0.00214765 -0.00242585 -0.00162461 -0.000642847 -0.00138696 -0.00189918 -0.0016266 -0.00077007 -0.00126584 -0.00208968 -0.000847213 -0.00134631 -0.00143411 -0.00165038 -0.00147493 -0.0020853 -0.00150342 -0.00138149 -0.00135085 -0.00152296 -0.00247237 -0.0026785 -0.00165294 -0.00155462 -0.00145253 -0.00232878 -0.00156106 -0.00196425 -0.0020041 -0.00233609 -0.00119953 -0.00131277 -0.0016326 -0.00234817 -0.0016749 -0.00152784 -0.00188858 -0.00145144 -0.00219246 -0.0013695 -0.00144013 -0.00106094 -0.00185584 -0.00151168 -0.00109806 -0.00140864 -0.00148348 -0.00154025 
-0.00164679 -0.00158226 -0.00181816 -0.00149763 0.00236476 0.00214875 0.00247563 0.00250513 0.00131912 0.13181 0.00235608 0.00284402 0.00290699 0.00270422 -0.00110579 -0.000590903 -0.00215423 -0.00265101 -0.00170968 -0.00237649 -0.00176809 -0.0025142 -0.00247194 -0.00166957 -0.00201197 -0.00134525 -0.00184733 -0.00225226 -0.00187082 -0.00197286 -0.00234395 -0.00153072 -0.00131653 -0.000704523 -0.00161531 -0.00194485 -0.00154891 -0.00178419 -0.00232534 -0.00202369 -0.00153775 -0.0015699 -0.00173005 -0.00257364 -0.00106453 -0.00174575 -0.00173236 -0.00267782 -0.00162981 -0.00166063 -0.00107441 -0.00199467 -0.0011668 -0.0017404 -0.00163976 -0.00200089 -0.00171089 -0.00208489 -0.00146192 -0.00164044 -0.00207928 -0.00180967 -0.000896564 -0.00157852 -0.00107914 -0.00116783 -0.00155338 -0.000602526 -0.00185756 -0.00161675 -0.00186065 -0.00138398 -0.00181656 -0.00240731 -0.00093185 -0.0014008 -0.00129767 -0.00122082 -0.0021819 -0.00123837 -0.00209152 -0.00203275 -0.00154105 -0.00157034 -0.00174256 -0.00164415 -0.00161655 -0.00197004 -0.00140456 -0.00144475 -0.00215465 -0.00175946 -0.00114486 -0.00182961 -0.00237765 -0.00223747 -0.00173434 -0.00099469 -0.00157713 -0.00215298 
-0.00132047 -0.0028739 -0.000571924 -0.0015324 -0.00203991 0.0017996 0.00273101 0.00285119 0.00251967 0.00235608 0.139981 0.00360263 0.00139816 0.00201872 0.00126687 0.00202764 -0.0010855 -0.00220331 -0.00313133 -0.00320338 -0.00108609 -0.00167875 -0.00181728 -0.00285561 -0.00147101 -0.00274274 -0.002373 -0.00238957 -0.00162316 -0.00202094 -0.00213819 -0.00206003 -0.00179568 -0.00269593 -0.00202095 -0.0025468 -0.00160732 -0.00143373 -0.00139112 -0.00170341 -0.00138254 -0.00193019 -0.000870057 -0.00197219 -0.00211559 -0.00205463 -0.00181095 -0.00182377 -0.00186848 -0.00209041 -0.00177565 -0.0020485 -0.00163716 -0.0022143 -0.00255525 -0.00207728 -0.00156004 -0.00198921 -0.00149806 -0.00189358 -0.00216221 -0.00182242 -0.00140179 -0.00184658 -0.00161387 -0.00188849 -0.00150086 -0.00186747 -0.00263898 -0.00257233 -0.000911851 -0.00130659 -0.00198932 -0.00156689 -0.0014551 -0.00180253 -0.000972061 -0.000777443 -0.00209259 -0.00149422 -0.00184392 -0.00131332 -0.0020759 -0.00275697 -0.00131822 -0.00158073 -0.00177761 -0.00116469 -0.00199688 -0.00205437 -0.00154326 -0.00236223 -0.000917659 -0.00156464 -0.00237987 -0.00149272 -0.00154908 -0.00150029 -0.00180889 -0.00128623 
-0.00276266 -0.00245939 -0.0012063 -0.00103537 -0.00148859 -0.00163655 0.00228522 0.00214325 0.00198835 0.00284402 0.00360263 0.141276 0.00443473 0.00235366 0.00262211 0.00233735 0.00224288 -0.00173314 -0.00205127 -0.00301122 -0.00270367 -0.00159711 -0.00278863 -0.00182396 -0.00222544 -0.00203139 -0.0028552 -0.00294562 -0.00266415 -0.00295397 -0.00273223 -0.00260219 -0.00222818 -0.00274396 -0.00191499 -0.00186745 -0.00146209 -0.0016063 -0.00254632 -0.00203622 -0.00139758 -0.00202672 -0.001064 -0.00152329 -0.00177278 -0.00176466 -0.00133799 -0.00105651 -0.0015081 -0.00267014 -0.00177192 -0.00139847 -0.0019165 -0.00197915 -0.001808 -0.000883072 -0.000749686 -0.00183554 -0.00212417 -0.00173316 -0.00178921 -0.00294494 -0.0023094 -0.00117825 -0.00176258 -0.00148363 -0.00165464 -0.00170534 -0.00250732 -0.00202403 -0.00140185 -0.00251652 -0.00216956 -0.00230929 -0.00138296 -0.00119393 -0.00197698 -0.000976807 -0.00107008 -0.000859599 -0.00197365 -0.00192979 -0.00152192 -0.00170932 -0.00213418 -0.00249 -0.0023642 -0.0016818 -0.00243172 -0.00115307 -0.00247977 -0.00152846 -0.00170648 -0.00141987 -0.00153277 -0.00133422 -0.00218065 -0.00166043 -0.00203948 -0.00160616 
-0.0020756 -0.00199699 -0.00207413 -0.00170782 -0.00271877 -0.00121781 -0.000853935 0.00198045 0.0030656 0.00290699 0.00139816 0.00443473 0.14171 0.00282131 0.00203836 0.00348306 0.00286832 -0.00182635 -0.00102303 -0.00205633 -0.00209312 -0.00281343 -0.00198419 -0.000950496 -0.00259388 -0.00109889 -0.0011863 -0.00195099 -0.00262968 -0.00254813 -0.00335566 -0.00264598 -0.00253099 -0.00223779 -0.00227511 -0.00290294 -0.00169521 -0.00193343 -0.00176544 -0.0018488 -0.00205298 -0.00260484 -0.00172141 -0.0019539 -0.0024655 -0.0019614 -0.00126421 -0.00155937 -0.00137217 -0.00178562 -0.0017325 -0.00183939 -0.00119596 -0.00272483 -0.00191334 -0.000744698 -0.00204489 -0.00257618 -0.000812579 -0.00127343 -0.00222499 -0.00217255 -0.00246979 -0.00191752 -0.00154763 -0.00218735 -0.00218049 -0.00180469 -0.00201351 -0.00151357 -0.0019647 -0.00172856 -0.00177951 -0.00200425 -0.00187954 -0.00267383 -0.00166558 -0.00167519 -0.00109589 -0.00163927 -0.00241415 -0.00173356 -0.00180786 -0.0012624 -0.00123901 -0.00249693 -0.0019838 -0.00185872 -0.0023088 -0.000415543 -0.00104222 -0.00119337 -0.00236972 -0.000746741 -0.00121145 -0.00138665 -0.00228622 -0.00131621 -0.00157617 -0.00172887 
-0.00187084 -0.00251677 -0.00201312 -0.00132844 -0.00223642 -0.0015921 -0.00182596 -0.00162655 0.00295541 0.00270422 0.00201872 0.00235366 0.00282131 0.142826 0.00320485 0.00325467 0.0025563 0.00201255 0.00249397 -0.0017574 -0.00219985 -0.00206464 -0.00132748 -0.00177893 -0.00243693 -0.00233348 -0.00156562 -0.00272133 -0.00171257 -0.00165645 -0.00177348 -0.00132887 -0.00159583 -0.00335835 -0.00204149 -0.0017026 -0.00186064 -0.00242404 -0.00232561 -0.00208323 -0.00132202 -0.00136044 -0.00209559 -0.00236745 -0.00228103 -0.001588 -0.00174165 -0.00259932 -0.00203075 -0.00233364 -0.00188316 -0.00173703 -0.00187802 -0.00184236 -0.00161892 -0.0018468 -0.00109181 -0.00224469 -0.00146708 -0.0018253 -0.00263704 -0.00190326 -0.00156751 -0.00173185 -0.00170948 -0.00164007 -0.000990465 -0.00237515 -0.00260757 -0.00220197 -0.00160202 -0.00204434 -0.000820386 -0.00227899 -0.00154899 -0.00190614 -0.00193742 -0.00204082 -0.00251332 -0.0017578 -0.00213567 -0.00260302 -0.00151247 -0.00140377 -0.00175792 -0.0018115 -0.00233885 -0.00127818 -0.00243934 -0.00199516 -0.00173602 -0.00138439 -0.00216698 -0.00143429 -0.001358 -0.00213969 -0.00175715 -0.0016192 -0.00234664 -0.00195453 
-0.00191764 -0.00265464 -0.00195533 -0.00176131 -0.00108776 -0.00144932 -0.00171645 -0.00203037 -0.000822968 -0.00110579 0.00126687 0.00262211 0.00203836 0.00320485 0.137943 0.00226083 0.00327782 0.00290773 0.00257008 0.00269915 -0.00102702 -0.00214944 -0.00149787 -0.00200961 -0.00201768 -0.00208259 -0.00187619 -0.00209239 -0.00188417 -0.0023945 -0.00305665 -0.00264423 -0.0024614 -0.00153942 -0.00145879 -0.00130766 -0.000367453 -0.00180112 -0.00143892 -0.00216808 -0.00212442 -0.00165465 -0.00209728 -0.00228672 -0.00190747 -0.00181984 -0.0026056 -0.000701319 -0.00176016 -0.00202294 -0.00252612 -0.00175609 -0.00171698 -0.0016048 -0.00162885 -0.000481461 -0.00155778 -0.00214395 -0.00201268 -0.00186636 -0.00141694 -0.00193953 -0.000940417 -0.00143052 -0.00181003 -0.00125116 -0.000974652 -0.00233434 -0.00138224 -0.00177464 -0.00115069 -0.00186067 -0.00155521 -0.00193672 -0.00162454 -0.00216468 -0.00182287 -0.00250305 -0.00191913 -0.00258125 -0.00143293 -0.00207935 -0.00174096 -0.00218548 -0.00115437 -0.00140873 -0.00217905 -0.00155763 -0.00281396 -0.00194997 -0.00174247 -0.00188692 -0.00163722 -0.00179615 -0.00202906 -0.00185058 -0.00143173 -0.0015553 -0.00187262 -0.00206046 
-0.00212681 -0.002028 -0.00158399 -0.00151644 -0.00196022 -0.00103354 -0.00162917 -0.00171389 -0.00136694 -0.000590903 0.00202764 0.00233735 0.00348306 0.00325467 0.00226083 0.136574 0.00192719 0.00223094 0.00220453 0.00314693 -0.00167256 -0.00192317 -0.00125764 -0.00105914 -0.001593 -0.00254304 -0.00218631 -0.00252982 -0.00309829 -0.00221302 -0.00193074 -0.00281596 -0.00200599 -0.00268813 -0.0019026 -0.00150292 -0.00216557 -0.00277268 -0.00179587 -0.00224798 -0.00159329 -0.00171995 -0.00236085 -0.00122654 -0.00274411 -0.00151242 -0.00121339 -0.00160286 -0.00108077 -0.00221868 -0.00133688 -0.00194185 -0.00169328 -0.00171634 -0.00220836 -0.00140688 -0.00153861 -0.00225383 -0.00107368 -0.00225447 -0.00161932 -0.00176886 -0.00165038 -0.00173626 -0.00171929 -0.00209208 -0.00186264 -0.00121084 -0.00170043 -0.00150043 -0.00210872 -0.000678875 -0.00125239 -0.00170357 -0.00175224 -0.00222365 -0.00107214 -0.00225488 -0.00153588 -0.00152468 -0.0019751 -0.00149955 -0.00182026 -0.00198829 -0.00164451 -0.00135454 -0.00215601 -0.00124484 -0.00178818 -0.00116388 -0.00168402 -0.0021823 -0.00215111 -0.00119578 -0.00222205 -0.00162331 -0.00132207 -0.0017726 -0.00210608 -0.00143387 
-0.00224334 -0.00212501 -0.00274624 -0.00193259 -0.00168871 -0.00111625 -0.00243564 -0.00225332 -0.0020911 -0.00215423 -0.0010855 0.00224288 0.00286832 0.0025563 0.00327782 0.00192719 0.146808 0.00286585 0.00341265 0.00105513 0.00191742 0.00273055 -0.00159036 -0.00149315 -0.00288533 -0.00224966 -0.0020369 -0.00266329 -0.00162158 -0.00210815 -0.00207606 -0.00196528 -0.00220622 -0.00237784 -0.00237968 -0.00185953 -0.00136599 -0.00123792 -0.00189353 -0.00226568 -0.00238183 -0.00241736 -0.00204711 -0.00261185 -0.00307741 -0.00221025 -0.00123472 -0.00214586 -0.00217768 -0.0018655 -0.00161051 -0.00198404 -0.00179856 -0.0011693 -0.00213914 -0.00188964 -0.00184247 -0.00266495 -0.00132043 -0.00163516 -0.00160906 -0.00202749 -0.00208138 -0.00243829 -0.00211257 -0.00197316 -0.00149449 -0.00213274 -0.00166996 -0.00145782 -0.00198102 -0.00128377 -0.00156675 -0.0019823 -0.00185567 -0.0010771 -0.00207624 -0.00152879 -0.00257595 -0.00104489 -0.00208461 -0.00195273 -0.00195567 -0.00121695 -0.00285759 -0.00216269 -0.00144245 -0.00246334 -0.00202346 -0.00183297 -0.00168531 -0.00167522 -0.00166821 -0.00121804 -0.00212148 -0.00136147 -0.00151368 -0.00226233 -0.0024139 -0.00140892 
-0.00166202 -0.00194237 -0.0011308 -0.00143979 -0.000946222 -0.00216868 -0.00120903 -0.00108618 -0.00145888 -0.00265101 -0.00220331 -0.00173314 -0.00182635 0.00201255 0.00290773 0.00223094 0.00286585 0.141868 0.00199136 0.00264796 0.00226999 0.00206743 0.00332598 -0.00148536 -0.00168947 -0.00169361 -0.00214552 -0.00296263 -0.000787955 -0.00228188 -0.00148421 -0.00143656 -0.00180876 -0.0018025 -0.00167796 -0.00165495 -0.00198671 -0.00225231 -0.00241467 -0.00151932 -0.00176311 -0.00172335 -0.00176285 -0.00162947 -0.00197976 -0.00279824 -0.00180077 -0.00260175 -0.0017867 -0.00291538 -0.00105236 -0.00244879 -0.00147202 -0.00200053 -0.00255 -0.00136686 -0.00184394 -0.00197762 -0.0015879 -0.00210933 -0.00133875 -0.00163415 -0.00163065 -0.0022528 -0.000936422 -0.00231207 -0.00176439 -0.00180315 -0.00162713 -0.00198123 -0.00121289 -0.00175703 -0.00170798 -0.00189701 -0.00173714 -0.00176411 -0.00116878 -0.00143184 -0.00202646 -0.00242067 -0.0029476 -0.0027221 -0.00148153 -0.00198201 -0.00150713 -0.00181036 -0.00135916 -0.00192005 -0.00201128 -0.00247923 -0.00232905 -0.001979 -0.00164559 -0.00210964 -0.00128034 -0.00202552 -0.00149627 -0.0020041 -0.00125234 -0.00172754 
-0.00207898 -0.00196276 -0.00177505 -0.00145413 -0.00180481 -0.00162224 -0.00261872 -0.0024003 -0.00151093 -0.00170968 -0.00313133 -0.00205127 -0.00102303 0.00249397 0.00257008 0.00220453 0.00341265 0.00199136 0.14607 0.00338542 0.00178013 0.00380831 0.000982276 -0.00126342 -0.00240711 -0.00150594 -0.00151732 -0.00328021 -0.00164498 -0.00261356 -0.00127034 -0.00216347 -0.00248367 -0.00279654 -0.0017541 -0.00250226 -0.00208613 -0.00238238 -0.00213652 -0.00147491 -0.00124368 -0.0021154 -0.00184873 -0.00103122 -0.00251656 -0.00137999 -0.00105927 -0.00268991 -0.00246441 -0.00188373 -0.000946108 -0.00114249 -0.0010087 -0.0015773 -0.00197302 -0.0021464 -0.00080867 -0.00190113 -0.00137644 -0.00148947 -0.00150548 -0.00170939 -0.00261362 -0.00202317 -0.00182256 -0.00161138 -0.00231788 -0.00208589 -0.00160321 -0.00204667 -0.00114237 -0.00122923 -0.00131031 -0.00224014 -0.00212683 -0.00128437 -0.0020559 -0.00148331 -0.00177608 -0.00191038 -0.00246008 -0.00230572 -0.0012105 -0.00104882 -0.00229859 -0.00230905 -0.00239838 -0.00172616 -0.00199029 -0.00209288 -0.00135561 -0.00186054 -0.00191646 -0.00160407 -0.00181391 -0.00214532 -0.00177825 -0.0021913 -0.00294256 -0.00232326 
-0.00186994 -0.000602173 -0.00185795 -0.00341558 -0.00180361 -0.00150716 -0.00257704 -0.00217203 -0.0026026 -0.00237649 -0.00320338 -0.00301122 -0.00205633 -0.0017574 0.00269915 0.00314693 0.00105513 0.00264796 0.00338542 0.147476 0.00203658 0.00294814 0.00321972 0.00380818 0.0025671 -0.00119429 -0.00135154 -0.0018208 -0.00232252 -0.00202702 -0.00133046 -0.0023253 -0.00213102 -0.00250978 -0.00243538 -0.000966219 -0.00203099 -0.00298822 -0.00220902 -0.00250715 -0.00195272 -0.00167569 -0.00284501 -0.00242866 -0.00252191 -0.0019691 -0.00237026 -0.00184212 -0.00100299 -0.00182868 -0.000252242 -0.00216344 -0.00106708 -0.001942 -0.00156262 -0.00256133 -0.00227002 -0.00143788 -0.00224751 -0.00194428 -0.00143837 -0.00204593 -0.00237025 -0.00173182 -0.00214528 -0.00150518 -0.00152605 -0.000820938 -0.00282747 -0.00187524 -0.00154829 -0.0018873 -0.00195685 -0.0025358 -0.00200004 -0.00177529 -0.00231535 -0.00105132 -0.00190691 -0.00121499 -0.00232379 -0.00145962 -0.00289662 -0.00268964 -0.00136335 -0.00259708 -0.00210643 -0.00215804 -0.00213949 -0.00115756 -0.00138946 -0.00216758 -0.00144342 -0.00249711 -0.00171337 -0.00167917 -0.00196448 -0.00158746 -0.00211013 -0.00222005 
-0.0016811 -0.00144873 -0.0015293 -0.00151335 -0.000898275 -0.00226319 -0.00138949 -0.0016445 -0.00209916 -0.00176809 -0.00108609 -0.00270367 -0.00209312 -0.00219985 -0.00102702 -0.00167256 0.00191742 0.00226999 0.00178013 0.00203658 0.147355 0.0033685 0.00337147 0.00314458 0.00247487 0.0031547 -0.00139771 -0.00245326 -0.00164145 -0.00306092 -0.0025721 -0.00110062 -0.00300913 -0.0025945 -0.000843051 -0.00162599 -0.00241441 -0.00137991 -0.00271353 -0.00227501 -0.00111394 -0.00231662 -0.00165895 -0.00150296 -0.00140061 -0.0018123 -0.00210696 -0.0021121 -0.00202042 -0.00225858 -0.00147782 -0.00213748 -0.00169099 -0.00207344 -0.00227513 -0.00203822 -0.00141029 -0.00156691 -0.00245775 -0.00184076 -0.00214451 -0.00109557 -0.0022165 -0.00196813 -0.00280747 -0.0015093 -0.00141596 -0.00189078 -0.0018402 -0.00201189 -0.00126526 -0.00166537 -0.00235776 -0.00205172 -0.00161116 -0.00160127 -0.0013758 -0.00189753 -0.00146766 -0.00189405 -0.00212815 -0.00163788 -0.00154728 -0.00214545 -0.00161433 -0.00261915 -0.00183973 -0.00212123 -0.00199115 -0.00289941 -0.00211392 -0.00154982 -0.00192471 -0.00224883 -0.00123699 -0.00212976 -0.00244005 -0.00269993 -0.00256803 -0.0019586 
-0.00129732 -0.00146077 -0.00173618 -0.00218136 -0.00256441 -0.00259458 -0.00146545 -0.00181335 -0.0025476 -0.0025142 -0.00167875 -0.00159711 -0.00281343 -0.00206464 -0.00214944 -0.00192317 0.00273055 0.00206743 0.00380831 0.00294814 0.0033685 0.146431 0.00239913 0.00262075 0.00226391 0.00300422 -0.001692 -0.00125486 -0.00213058 -0.00283467 -0.00113128 -0.00177174 -0.00172068 -0.00176417 -0.00216407 -0.00234486 -0.00161239 -0.00254457 -0.00215222 -0.00203091 -0.00148311 -0.00106158 -0.00170353 -0.00186081 -0.00180256 -0.00132324 -0.00167461 -0.0018494 -0.00204429 -0.00212809 -0.00224292 -0.00161273 -0.00188756 -0.0023163 -0.00232332 -0.00192327 -0.00158404 -0.00230507 -0.00270695 -0.00188573 -0.0020403 -0.00151229 -0.00202775 -0.00136382 -0.00205196 -0.00176461 -0.000974207 -0.00186663 -0.00117982 -0.00249977 -0.00179563 -0.00169866 -0.00162697 -0.00236665 -0.00157917 -0.00101975 -0.00192907 -0.00238255 -0.00236948 -0.00194558 -0.00249628 -0.00228359 -0.00194566 -0.0026494 -0.00181163 -0.00106429 -0.00214806 -0.00129503 -0.00067767 -0.00150863 -0.0019026 -0.00216922 -0.00198567 -0.00212721 -0.00179465 -0.00200048 -0.00211318 -0.00210162 -0.00226478 -0.00203765 
-0.00223852 -0.001394 -0.00169034 -0.00112439 -0.000954444 -0.0015312 -0.00231957 -0.00251493 -0.0029202 -0.00247194 -0.00181728 -0.00278863 -0.00198419 -0.00132748 -0.00149787 -0.00125764 -0.00159036 0.00332598 0.000982276 0.00321972 0.00337147 0.00239913 0.144462 0.00268056 0.00282757 0.00305525 0.00225815 -0.00232242 -0.00113392 -0.00190864 -0.0021188 -0.00285798 -0.00249167 -0.0022733 -0.00155787 -0.00157488 -0.00181182 -0.00202436 -0.00205697 -0.00208779 -0.00206806 -0.0020774 -0.00159243 -0.0021262 -0.00231715 -0.00166083 -0.00206956 -0.0016601 -0.00234325 -0.00271082 -0.00124825 -0.00121963 -0.00197158 -0.00158484 -0.00287147 -0.00175968 -0.00250374 -0.00245686 -0.00232792 -0.00218009 -0.00156032 -0.00186056 -0.00108841 -0.0014579 -0.00129458 -0.00213987 -0.00180183 -0.00169496 -0.00239689 -0.000935612 -0.00202996 -0.00134784 -0.00127215 -0.00171139 -0.00173828 -0.00162961 -0.00198702 -0.00232341 -0.00237533 -0.00151526 -0.00291898 -0.00201903 -0.00150265 -0.00145361 -0.00175214 -0.00198616 -0.00199048 -0.00154222 -0.00201951 -0.00284429 -0.00196691 -0.00196186 -0.0012447 -0.00108414 -0.000702207 -0.00238528 -0.00132672 -0.0025407 -0.00120135 -0.00158504 
-0.00139416 -0.00256573 -0.00144002 -0.00131669 -0.00163455 -0.00171798 -0.00148103 -0.00122266 -0.00202215 -0.00166957 -0.00285561 -0.00182396 -0.000950496 -0.00177893 -0.00200961 -0.00105914 -0.00149315 -0.00148536 -0.00126342 0.00380818 0.00314458 0.00262075 0.00268056 0.132689 0.00326688 0.00273603 0.00342093 0.00382139 -0.00148621 -0.00215076 -0.00136171 -0.00140461 -0.000880187 -0.00164304 -0.00180431 -0.00207072 -0.00179103 -0.00166384 -0.00147982 -0.00203036 -0.00226236 -0.00143669 -0.00172676 -0.00155483 -0.002287 -0.00220076 -0.000884761 -0.00107467 -0.00155207 -0.0025082 -0.000961612 -0.00122755 -0.000737385 -0.00248911 -0.002202 -0.00148161 -0.00231173 -0.0011574 -0.00136607 -0.00246804 -0.00197284 -0.0015114 -0.00215738 -0.00172369 -0.0015835 -0.00252835 -0.00160594 -0.00143907 -0.00203956 -0.00234903 -0.00247093 -0.00161767 -0.00206987 -0.00226264 -0.00198457 -0.00195801 -0.00194418 -0.00168019 -0.00195511 -0.00224127 -0.0023107 -0.00156363 -0.00150514 -0.00151628 -0.00119015 -0.0023789 -0.00176515 -0.00180384 -0.00183815 -0.00166079 -0.00129935 -0.00204178 -0.00127304 -0.00218088 -0.0010924 -0.0018323 -0.00108446 -0.0017113 -0.00170192 -0.00250117 
-0.00132054 -0.0012165 -0.00129151 -0.00235427 -0.00200752 -0.0018951 -0.00227167 -0.0019896 -0.00297625 -0.00201197 -0.00147101 -0.00222544 -0.00259388 -0.00243693 -0.00201768 -0.001593 -0.00288533 -0.00168947 -0.00240711 0.0025671 0.00247487 0.00226391 0.00282757 0.00326688 0.144932 0.00340533 0.0022799 0.0027984 0.00232533 0.00234751 -0.00163876 -0.00125336 -0.00165802 -0.00184234 -0.00155775 -0.00213869 -0.00249544 -0.00129079 -0.0017286 -0.0017535 -0.00251997 -0.00190514 -0.00232645 -0.001741 -0.00206652 -0.00239822 -0.00280798 -0.00236095 -0.00192752 -0.0019709 -0.00206056 -0.00190397 -0.00136701 -0.00121598 -0.00181766 -0.00162407 -0.00174643 -0.00181083 -0.0016334 -0.00175514 -0.00165217 -0.0019192 -0.00191166 -0.00144865 -0.00205231 -0.00118066 -0.00183537 -0.0019085 -0.00194677 -0.00239335 -0.0019775 -0.00182996 -0.0012274 -0.00220854 -0.00296551 -0.00200853 -0.00202489 -0.00112912 -0.00179091 -0.00216711 -0.00148799 -0.00154601 -0.00132822 -0.00266311 -0.00144327 -0.00196264 -0.00129887 -0.00188204 -0.00185548 -0.00228635 -0.00172755 -0.00256746 -0.0018877 -0.00247639 -0.00199941 -0.00224897 -0.00221897 -0.00147805 -0.00279326 -0.00178742 
-0.00144276 -0.00145158 -0.00117771 -0.00204755 -0.00218709 -0.00245169 -0.00209012 -0.00213631 -0.00242549 -0.00134525 -0.00274274 -0.00203139 -0.00109889 -0.00233348 -0.00208259 -0.00254304 -0.00224966 -0.00169361 -0.00150594 -0.00119429 0.0031547 0.00300422 0.00305525 0.00273603 0.00340533 0.145172 0.00284662 0.00308807 0.00325033 0.00201866 0.00150405 -0.00152264 -0.00148365 -0.00207964 -0.0017077 -0.00155432 -0.00187203 -0.00347465 -0.00318669 -0.00292238 -0.00270653 -0.00181735 -0.00325002 -0.00309866 -0.00225652 -0.00269628 -0.00242111 -0.00222829 -0.00155169 -0.00185356 -0.00216366 -0.00214769 -0.00172888 -0.00270215 -0.00158256 -0.00270257 -0.000242792 -0.00221836 -0.00231539 -0.0012291 -0.00176563 -0.0020859 -0.0017056 -0.00199745 -0.00196903 -0.00151915 -0.00207852 -0.00192761 -0.00168687 -0.00196622 -0.000884329 -0.00137413 -0.00178323 -0.00117996 -0.00168896 -0.00200614 -0.00138166 -0.00233157 -0.0010942 -0.00179719 -0.00168567 -0.00136295 -0.00191966 -0.00164722 -0.00142848 -0.00157706 -0.00178604 -0.0013586 -0.00227637 -0.00134042 -0.00156427 -0.00274464 -0.00275171 -0.00267298 -0.00203242 -0.0018685 -0.00190427 -0.00248906 -0.00179308 -0.00186072 
-0.00205773 -0.00196772 -0.00176599 -0.00183677 -0.00247397 -0.00243227 -0.00145043 -0.00114965 -0.00156835 -0.00184733 -0.002373 -0.0028552 -0.0011863 -0.00156562 -0.00187619 -0.00218631 -0.0020369 -0.00214552 -0.00151732 -0.00135154 -0.00139771 -0.001692 0.00225815 0.00342093 0.0022799 0.00284662 0.136841 0.00311895 0.00207155 0.00324527 0.00147896 0.00217341 -0.00213231 -0.00187349 -0.0016236 -0.00171546 -0.00155722 -0.00192974 -0.00197774 -0.00225215 -0.00246725 -0.0010397 -0.00189298 -0.00178879 -0.00167318 -0.00234243 -0.00171982 -0.00153764 -0.0016111 -0.00240909 -0.00141628 -0.00148116 -0.00025877 -0.00128361 -0.00119355 -0.00205879 -0.00137144 -0.00238277 -0.00208255 -0.00196258 -0.00237041 -0.00212908 -0.00233448 -0.0012662 -0.00235801 -0.00179394 -0.00167445 -0.0014294 -0.00128767 -0.000922145 -0.00175022 -0.00213062 -0.00198381 -0.00258937 -0.00144584 -0.00139616 -0.00134932 -0.0017763 -0.00121171 -0.00152639 -0.00137365 -0.00260276 -0.00229854 -0.00224002 -0.00210484 -0.00148978 -0.00149898 -0.00133848 -0.0018634 -0.00142384 -0.001434 -0.00223058 -0.00159774 -0.00169104 -0.00188031 -0.00208177 -0.00141516 -0.001886 -0.00169022 -0.00109917 
-0.000852515 -0.00138158 -0.00194185 -0.0016781 -0.0019702 -0.00249307 -0.00172051 -0.00214273 -0.00196038 -0.00225226 -0.00238957 -0.00294562 -0.00195099 -0.00272133 -0.00209239 -0.00252982 -0.00266329 -0.00296263 -0.00328021 -0.0018208 -0.00245326 -0.00125486 -0.00232242 0.00382139 0.0027984 0.00308807 0.00311895 0.140219 0.00294542 0.00404626 0.00245217 0.00257583 0.00337142 -0.000973118 -0.0011071 -0.00111118 -0.00109108 -0.00150312 -0.00205608 -0.00207574 -0.00212241 -0.00211225 -0.000999217 -0.00254589 -0.00202426 -0.00180882 -0.00199973 -0.00137116 -0.00171114 -0.00146576 -0.00143165 -0.00167835 -0.00139547 -0.00147599 -0.00109547 -0.00138274 -0.0017368 -0.00180111 -0.00155586 -0.00167916 -0.00324229 -0.00132763 -0.0021367 -0.00210141 -0.00221223 -0.00177325 -0.00192994 -0.000997158 -0.00156158 -0.00159807 -0.00176283 -0.00109105 -0.00184562 -0.00247071 -0.00215427 -0.00175298 -0.00184245 -0.00206432 -0.00164693 -0.00207211 -0.0016244 -0.00159736 -0.00158653 -0.00146878 -0.00262741 -0.00151787 -0.00161253 -0.00152581 -0.00137024 -0.00166808 -0.00312267 -0.00255973 -0.00127678 -0.00231264 -0.00177938 -0.00237514 -0.00178268 -0.00226269 -0.00172257 -0.00196948 
-0.00185473 -0.00204387 -0.0018474 -0.00177551 -0.0022206 -0.00261831 -0.00198851 -0.00200809 -0.0022779 -0.00187082 -0.00162316 -0.00266415 -0.00262968 -0.00171257 -0.00188417 -0.00309829 -0.00162158 -0.000787955 -0.00164498 -0.00232252 -0.00164145 -0.00213058 -0.00113392 -0.00148621 0.00232533 0.00325033 0.00207155 0.00294542 0.134116 0.00206805 0.00395888 0.00294111 0.00279706 0.00301045 -0.00132278 -0.00124374 -0.00114426 -0.00191065 -0.00180359 -0.00130506 -0.00154238 -0.00183804 -0.00218635 -0.00276576 -0.00166889 -0.00189489 -0.00247737 -0.00190751 -0.00140604 -0.0013037 -0.00123878 -0.0018588 -0.00140309 -0.00192114 -0.00156056 -0.00220975 -0.00162509 -0.00199227 -0.00219994 -0.0017608 -0.00277024 -0.00240837 -0.00168891 -0.00180276 -0.000859195 -0.0019354 -0.00201315 -0.00190604 -0.000420335 -0.00157156 -0.00196425 -0.00173682 -0.00232997 -0.000656113 -0.00161329 -0.000870207 -0.00141779 -0.00204751 -0.001153 -0.00205541 -0.00203805 -0.00135966 -0.00247295 -0.00236141 -0.00224284 -0.00268998 -0.00168513 -0.0010136 -0.00204461 -0.00131874 -0.00146733 -0.00135862 -0.00111056 -0.00165809 -0.00242004 -0.00230373 -0.00124626 -0.00097074 -0.000638892 -0.00148439 
-0.00132528 -0.00138371 -0.00168214 -0.000927994 -0.00119134 -0.00175558 -0.00224222 -0.00229834 -0.00284458 -0.00197286 -0.00202094 -0.00295397 -0.00254813 -0.00165645 -0.0023945 -0.00221302 -0.00210815 -0.00228188 -0.00261356 -0.00202702 -0.00306092 -0.00283467 -0.00190864 -0.00215076 0.00234751 0.00201866 0.00324527 0.00404626 0.00206805 0.136246 0.00112353 0.00221436 0.00305773 0.00264101 -0.000971272 -0.000414062 -0.00169266 -0.00184538 -0.0020814 -0.0015987 -0.00152574 -0.00137897 -0.00221115 -0.00210041 -0.00198232 -0.00194409 -0.0019167 -0.00206546 -0.00204526 -0.000898563 -0.00119247 -0.00179124 -0.0020053 -0.00148641 -0.00121035 -0.00153675 -0.0018419 -0.00170276 -0.000701635 -0.00152745 -0.00162964 -0.00223952 -0.00161556 -0.00129828 -0.00156954 -0.0015406 -0.00175776 -0.00213458 -0.00158775 -0.00122217 -0.00189286 -0.0018553 -0.0021933 -0.00147066 -0.00254926 -0.00169656 -0.00182638 -0.00165074 -0.00188101 -0.00150702 -0.000895175 -0.000795541 -0.00222787 -0.00149835 -0.000739147 -0.00153332 -0.00133043 -0.00145678 -0.0016938 -0.00139074 -0.00108534 -0.00170568 -0.00239962 -0.00183401 -0.00157114 -0.0025322 -0.00245272 -0.00230039 -0.00096161 -0.00142056 
-0.0014579 -0.00142569 -0.00174427 -0.000834961 -0.00159555 -0.00264317 -0.00169314 -0.00136617 -0.00140277 -0.00234395 -0.00213819 -0.00273223 -0.00335566 -0.00177348 -0.00305665 -0.00193074 -0.00207606 -0.00148421 -0.00127034 -0.00133046 -0.0025721 -0.00113128 -0.0021188 -0.00136171 -0.00163876 0.00150405 0.00147896 0.00245217 0.00395888 0.00112353 0.136003 0.00273232 0.00203993 0.0019486 0.00222947 0.00199463 -0.00139644 -0.00171899 -0.00167941 -0.00103127 -0.0019414 -0.00179153 -0.00204792 -0.00153181 -0.00168542 -0.00206207 -0.00148794 -0.00174988 -0.00247106 -0.00135967 -0.00098105 -0.00128045 -0.000844432 -0.00155846 -0.00126234 -0.00161613 -0.00131205 -0.00177665 -0.00186934 -0.0018277 -0.00207693 -0.00151846 -0.00156807 -0.00308411 -0.00162845 -0.00155337 -0.002279 -0.00196723 -0.00177718 -0.00130563 -0.00192217 -0.00105168 -0.00149227 -0.00116584 -0.00155631 -0.00112599 -0.00106129 -0.0021573 -0.00116371 -0.00205436 -0.00207806 -0.00185982 -0.00203727 -0.0014941 -0.00214619 -0.00232023 -0.00230925 -0.00146442 -0.00120098 -0.00227385 -0.00124475 -0.00149905 -0.00242184 -0.00221626 -0.00168909 -0.00204429 -0.00126506 -0.00311654 -0.00238075 -0.00213286 
-0.00178407 -0.00172256 -0.0023463 -0.00146412 -0.00137839 -0.00131053 -0.00194117 -0.00234677 -0.000744574 -0.00153072 -0.00206003 -0.00260219 -0.00264598 -0.00132887 -0.00264423 -0.00281596 -0.00196528 -0.00143656 -0.00216347 -0.0023253 -0.00110062 -0.00177174 -0.00285798 -0.00140461 -0.00125336 -0.00152264 0.00217341 0.00257583 0.00294111 0.00221436 0.00273232 0.132425 0.00300638 0.0030204 0.00167325 0.00231711 0.00139882 -0.000344076 -0.00221156 -0.000977957 -0.00131878 -0.00173081 -0.00168601 -0.00222041 -0.00190503 -0.00248655 -0.00197653 -0.00242954 -0.00143112 -0.00189056 -0.00156866 -0.00186441 -0.00182182 -0.00223339 -0.00148542 -0.00168489 -0.00122821 -0.00187866 -0.00150008 -0.00174579 -0.00141807 -0.00238628 -0.00211533 -0.00158531 -0.0010957 -0.00131225 -0.00194703 -0.00136085 -0.00085426 -0.00143888 -0.00153457 -0.000707339 -0.0013548 -0.00208296 -0.00166754 -0.00132486 -0.00153027 -0.000986666 -0.00233471 -0.00126411 -0.0014632 -0.00199092 -0.00205435 -0.0017323 -0.00281819 -0.00207193 -0.00157741 -0.000879506 -0.00198696 -0.00101551 -0.00171823 -0.00196915 -0.00215338 -0.0021295 -0.00168167 -0.00264781 -0.00154574 -0.00175863 -0.00253769 -0.00235593 
-0.000434162 -0.00150037 -0.00179633 -0.00119489 -0.00114063 -0.00211253 -0.00216774 -0.00196727 -0.00181771 -0.00131653 -0.00179568 -0.00222818 -0.00253099 -0.00159583 -0.0024614 -0.00200599 -0.00220622 -0.00180876 -0.00248367 -0.00213102 -0.00300913 -0.00172068 -0.00249167 -0.000880187 -0.00165802 -0.00148365 -0.00213231 0.00337142 0.00279706 0.00305773 0.00203993 0.00300638 0.130512 0.00169667 0.00167896 0.001528 0.00202121 0.00124955 -0.00157622 -0.00178101 -0.00122311 -0.00159254 -0.00137138 -0.000781042 -0.00217858 -0.00114498 -0.0019647 -0.000493942 -0.00190029 -0.00194161 -0.00158992 -0.00201673 -0.00145516 -0.00149682 -0.00158552 -0.00245278 -0.00153142 -0.00136162 -0.00145392 -0.00212322 -0.00236841 -0.00203212 -0.00148121 -0.00181691 -0.00065206 -0.00176385 -0.00119164 -0.00183166 -0.00169435 -0.00142198 -0.00155754 -0.0015418 -0.00236477 -0.00130174 -0.00155349 -0.0019146 -0.00139081 -0.00229786 -0.00259452 -0.00219933 -0.00131937 -0.0012787 -0.00276378 -0.00170217 -0.00152097 -0.00149852 -0.00156018 -0.000631519 -0.00250925 -0.0020003 -0.000853397 -0.00199134 -0.00160436 -0.00206124 -0.00156385 -0.00174107 -0.00143887 -0.00162538 -0.00129419 -0.00194221 
