0.126594 0.000814127 0.00279285 0.00213824 0.0022292 0.00156461 -0.00112475 -0.00189417 -0.00147889 -0.00154553 -0.00154127 -0.00149087 -0.00148673 -0.0024021 -0.00209139 -0.00203715 -0.00274522 -0.0018066 -0.00179512 -0.00296479 -0.00231718 -0.00108621 -0.00232761 -0.00192953 -0.00217028 -0.00233121 -0.00183662 -0.00180679 -0.00119076 -0.00185997 -0.00267331 -0.00180467 -0.00168061 -0.00197915 -0.00178931 -0.00134305 -0.00142695 -0.00207865 -0.00124863 -0.00183947 -0.00110765 -0.00208609 -0.00211537 -0.00183777 -0.00173594 -0.00107578 -0.00178804 -0.000642765 -0.00113814 -0.000809383 -0.00211378 -0.00106993 -0.000905973 -0.00137447 -0.00102726 -0.00183245 -0.00140834 -0.00131031 -0.00175857 -0.00138318 -0.00128203 -0.00122371 -0.00170514 -0.000586997 -0.00210543 -0.00171652 -0.000767356 -0.000989074 -0.00245265 -0.00092297 -0.00233422 -0.00174819 -0.00116288 -0.00106869 -0.00117192 -0.00075157 -0.000593836 -0.00105369 -0.0014276 -0.0017544 -0.00155196 -0.00152556 -0.00142178 -0.00204502 -0.00221687 -0.00157294 -0.00181168 -0.00239254 -0.00138357 -0.00196192 -0.00189537 -0.00145255 -0.00154746 -0.00197358 -0.00146998 -9.75816e-05 0.00191943 0.00221235 0.00244759 0.00207217 
0.000814127 0.117954 0.00216495 0.00226573 0.00234812 0.0018304 0.00167957 -0.00139541 -0.00134963 -0.00127553 -0.00162301 -0.00243343 -0.00177047 -0.00165098 -0.00168411 -0.00207985 -0.00235464 -0.00165044 -0.00180898 -0.00232705 -0.00182745 -0.00177143 -0.00225627 -0.00229534 -0.00209654 -0.00172966 -0.00197747 -0.00144174 -0.00179953 -0.00148513 -0.00152605 -0.00174863 -0.00204096 -0.00108041 -0.00110215 -0.000810087 -0.00124495 -0.000720697 -0.00172665 -0.00190192 -0.00168723 -0.00128154 -0.00186415 -0.00159929 -0.000992896 -0.00173332 -0.00127 -0.00162962 -0.00183537 -0.00106797 -0.000763859 -0.00137767 -0.00121956 -0.00137586 -0.00107518 -0.000973736 -0.000608939 -0.00132267 -0.00169409 -0.000602169 -0.00182774 -0.001945 -0.00148367 -0.00202102 -0.00156762 -0.000940802 -0.00155991 -0.00125318 -0.00179134 -0.0011059 -0.00208192 -0.00131335 -0.00181909 -0.00134152 -0.00180526 -0.000786611 -0.00172669 -0.0010282 -0.00129392 -0.00159291 -0.00173916 -0.00180672 -0.000855714 -0.00167598 -0.0019493 -0.000948744 -0.00146375 -0.00107906 -0.00106124 -0.00116469 -0.00138749 -0.00130195 -0.00148616 -0.00160656 -0.000763413 -0.000408895 -0.00131565 0.00192114 0.00168407 0.00159941 
0.00279285 0.00216495 0.125361 0.00261328 0.00155413 0.00190691 0.00142048 0.00140574 -0.00191143 -0.000988117 -0.00192834 -0.00230712 -0.001579 -0.00213694 -0.00108364 -0.00114352 -0.0018651 -0.00202541 -0.00161172 -0.00107901 -0.00227621 -0.00283088 -0.000636181 -0.00297329 -0.00173464 -0.00196045 -0.00158068 -0.00195697 -0.00160976 -0.00211423 -0.00159888 -0.00145363 -0.00169435 -0.00232025 -0.00184705 -0.00177234 -0.00111277 -0.00188214 -0.00210703 -0.0017763 -0.00169524 -0.00193453 -0.00167809 -0.0012556 -0.00177145 -0.00160066 -0.00142197 -0.00169822 -0.00185368 -0.00125475 -0.00119396 -0.00193132 -0.00204547 -0.0019222 -0.00118202 -0.0015615 -0.00147698 -0.00179866 -0.00193905 -0.0016467 -0.00149365 -0.00164894 -0.00104819 -0.00164362 -0.00194862 -0.00148842 -0.00079894 -0.00163447 -0.00133236 -0.00167047 -0.00149889 -0.00169161 -0.000751636 -0.00129698 -0.000795515 -0.00167251 -0.00134612 -0.0014781 -0.00125465 -0.00086073 -0.00199066 -0.0014851 -0.00221735 -0.00243351 -0.0020874 -0.00185672 -0.0015994 -0.00127341 -0.00179179 -0.00109814 -0.00166948 -0.00150266 -0.00111748 -0.00142821 -0.000749035 -7.00211e-05 -0.00126872 -0.000998286 0.00202758 0.00250471 
0.00213824 0.00226573 0.00261328 0.129509 0.00293059 0.0020783 0.0025416 0.00297909 0.00228746 -0.00178222 -0.001081 -0.00195141 -0.00115061 -0.00184785 -0.00191306 -0.0019721 -0.00221753 -0.00250548 -0.00198508 -0.000594505 -0.00219481 -0.00362671 -0.00217414 -0.00315154 -0.00229698 -0.00207684 -0.0014996 -0.00199877 -0.00132275 -0.00210418 -0.00108371 -0.00101096 -0.00115191 -0.00140017 -0.0014607 -0.00144358 -0.00133545 -0.00111179 -0.00137449 -0.00116447 -0.00158979 -0.00154781 -0.00251037 -0.00216297 -0.00223541 -0.00215734 -0.00153154 -0.00175891 -0.00153756 -0.00210577 -0.00173053 -0.00171144 -0.00181051 -0.00107946 -0.00097095 -0.00217557 -0.00172936 -0.00166943 -0.00134982 -0.00164552 -0.00188036 -0.000842068 -0.00134298 -0.00251975 -0.0027731 -0.00233873 -0.00139091 -0.00130025 -0.00149786 -0.00168414 -0.00141129 -0.00175151 -0.0017456 -0.00189188 -0.00201748 -0.00131628 -0.00136932 -0.0010753 -0.00136255 -0.00166228 -0.00212466 -0.00198543 -0.00135062 -0.00131276 -0.00178241 -0.00212982 -0.00183675 -0.00180971 -0.000930699 -0.0013149 -0.00170327 -0.00133822 -0.000966426 -0.00198457 -0.00132971 -0.00122743 -0.00185739 -0.00119659 -0.000958808 0.00196543 
0.0022292 0.00234812 0.00155413 0.00293059 0.126827 0.00249694 0.00342038 0.00220454 0.00210105 0.00125711 -0.0020036 -0.00122695 -0.0014626 -0.00184298 -0.00220233 -0.00220923 -0.00181948 -0.00224493 -0.00238286 -0.00153057 -0.00247567 -0.00196129 -0.00247145 -0.00211877 -0.00201909 -0.00171141 -0.00255225 -0.00130131 -0.00161222 -0.00161605 -0.00313088 -0.00135507 -0.00174601 -0.00254562 -0.00244937 -0.0014671 -0.00110862 -0.00230966 -0.00158731 -0.0011699 -0.00140394 -0.00150704 -0.00255734 -0.00141435 -0.000823084 -0.00164302 -0.00208666 -0.00198772 -0.00142075 -0.00110318 -0.00235176 -0.000665617 -0.00174579 -0.00122067 -0.00112379 -0.000955972 -0.000857296 -0.00178491 -0.00194357 -0.00152264 -0.00201021 -0.0020329 -0.00218397 -0.00226205 -0.00146667 -0.00151256 -0.00130876 -0.00117589 -0.00177991 -0.00135058 -0.00190537 -0.00126088 -0.00116619 -0.00135305 -0.00188387 -0.000986857 -0.00174865 -0.00232628 -0.00126465 -0.000748147 -0.00124641 -0.00216122 -0.000849532 -0.00149293 -0.00101306 -0.00168956 -0.00196564 -0.0016127 -0.00135814 -0.00145259 -0.00208494 -0.000973099 -0.00119135 -0.00194089 -0.00134664 -0.00116254 -0.000920181 -0.00109714 -0.0011652 -0.00116368 
0.00156461 0.0018304 0.00190691 0.0020783 0.00249694 0.121137 0.00283047 0.00186508 0.00236993 0.0023015 0.00170048 -0.000924944 -0.00173611 -0.0012938 -0.00198448 -0.00171293 -0.00177969 -0.00195243 -0.00213327 -0.00354565 -0.00203477 -0.00346671 -0.00139865 -0.00145244 -0.00173338 -0.00214666 -0.00166147 -0.00118012 -0.00172728 -0.00148008 -0.00247949 -0.00188764 -0.00175929 -0.00163433 -0.00194109 -0.000705627 -0.0013189 -0.00177614 -0.00110929 -0.00166812 -0.0012474 -0.00131606 -0.00179129 -0.000900908 -0.00199036 -0.00117344 -0.00138635 -0.00129356 -0.00210127 -0.00157058 -0.00110286 -0.00170561 -0.00167268 -0.00237675 -0.00126776 -0.00226794 -0.00189833 -0.000863267 -0.00071025 -0.00142806 -0.00110084 -0.00132174 -0.00161747 -0.00186842 -0.00274309 -0.000992889 -0.00178862 -0.00073137 -0.0020433 -0.00104451 -0.00142175 -0.00192087 -0.00133621 -0.00128153 -0.00155711 -0.00122962 -0.00141347 -0.00174237 -0.00203227 -0.00226288 -0.00150717 -0.00158372 -0.000923965 -0.00162114 -0.00187701 -0.000926947 -0.00152838 -0.00149122 -0.00169134 -0.00162101 -0.00151602 -0.00133743 -0.0015937 -0.0017424 -0.00226684 -0.000905031 -0.00123913 -0.00162568 -0.0013855 -0.00055816 
-0.00112475 0.00167957 0.00142048 0.0025416 0.00342038 0.00283047 0.128911 0.00183492 0.00233331 0.00170185 0.00117068 0.00174275 -0.00098618 -0.00212951 -0.00225624 -0.00171732 -0.00155317 -0.00287145 -0.00243886 -0.00365175 -0.00125975 -0.0024818 -0.00184865 -0.00211948 -0.00152967 -0.00219234 -0.00192826 -0.00094368 -0.0012485 -0.00104857 -0.00153723 -0.00192189 -0.00113101 -0.00151683 -0.0014509 -0.00122672 -0.00232092 -0.00251411 -0.00157359 -0.00179529 -0.00242512 -0.00306342 -0.000842944 -0.001114 -0.00182769 -0.0019854 -0.000965332 -0.00104285 -0.00114882 -0.00204217 -0.00180828 -0.00154468 -0.00211595 -0.00144782 -0.00181226 -0.00128725 -0.00168371 -0.00196696 -0.00213239 -0.00204479 -0.00170902 -0.00178521 -0.00155293 -0.0012567 -0.00240122 -0.00158589 -0.00159582 -0.000859518 -0.00183858 -0.00167977 -0.00160693 -0.00194538 -0.00135274 -0.00211639 -0.00193836 -0.00175349 -0.00239097 -0.0020019 -0.00171832 -0.0015382 -0.000872022 -0.00242139 -0.00204451 -0.000645901 -0.000922191 -0.00168673 -0.00179687 -0.000935416 -0.00081061 -0.000605804 -0.00283907 -0.00149458 -0.0012664 -0.00209798 -0.00203857 -0.00123709 -0.0015237 -0.00110303 -0.000259204 -0.00173881 
-0.00189417 -0.00139541 0.00140574 0.00297909 0.00220454 0.00186508 0.00183492 0.12979 0.00253399 0.00248959 0.00169497 0.00263064 0.00237116 -0.00111398 -0.000731696 -0.000726417 -0.000865719 -0.00163992 -0.000901054 -0.00255804 -0.00197171 -0.00193749 -0.0020243 -0.00215737 -0.00264409 -0.00156204 -0.00141959 -0.00169868 -0.000336444 -0.00132258 -0.00177511 -0.00182206 -0.00187617 -0.000712019 -0.00144234 -0.00180607 -0.00155968 -0.00237285 -0.00173047 -0.00153697 -0.00241685 -0.00189444 -0.00205741 -0.00242447 -0.000574085 -0.000946016 -0.00160437 -0.00169675 -0.00136237 -0.00202908 -0.00219091 -0.00230899 -0.00179469 -0.00181784 -0.00162445 -0.00256744 -0.00213769 -0.00221281 -0.00185126 -0.00246012 -0.00249118 -0.00225186 -0.0018539 -0.00159571 -0.00179002 -0.00152423 -0.00185845 -0.00115898 -0.00134405 -0.00169325 -0.00245409 -0.00149777 -0.00162589 -0.00180244 -0.00117295 -0.0016106 -0.0019104 -0.00213957 -0.00217837 -0.00111484 -0.00122173 -0.00260565 -0.00163352 -0.00133791 -0.00167709 -0.00122274 -0.00182246 -0.00139352 -0.00118109 -0.00118783 -0.00134754 -0.00239466 -0.00206845 -0.00271153 -0.00161071 -0.00143903 -0.0019487 -0.00174925 -0.000853556 -0.00181766 
-0.00147889 -0.00134963 -0.00191143 0.00228746 0.00210105 0.00236993 0.00233331 0.00253399 0.127948 0.00280228 0.00266876 0.00152917 0.0025531 0.00217683 -0.00182599 -0.000289437 -0.00213289 -0.00235911 -0.00207617 -0.00186731 -0.00223659 -0.00269482 -0.00278007 -0.00276029 -0.00211411 -0.00167899 -0.0013324 -0.0022347 -0.00183272 -0.0020891 -0.00233133 -0.00273907 -0.0013208 -0.0024154 -0.00191633 -0.00139125 -0.00154136 -0.00178354 -0.00182093 -0.00134024 -0.00115004 -0.00136512 -0.0015421 -0.00189705 -0.00185942 -0.00223751 -0.00153926 -0.00192159 -0.00175364 -0.00160603 -0.00220002 -0.00173734 -0.00146264 -0.00194888 -0.00157179 -0.00132015 -0.000926338 -0.00217899 -0.00182288 -0.00119401 -0.00129742 -0.00122856 -0.00152932 -0.00180393 -0.000785946 -0.00107175 -0.00201544 -0.00147413 -0.00167374 -0.00152149 -0.00194191 -0.00152651 -0.00164803 -0.00187086 -0.00235583 -0.00164022 -0.00296742 -0.00179686 -0.000770344 -0.00157723 -0.00161121 -0.00124531 -0.00147415 -0.00189241 -0.00214264 -0.000984856 -0.00228605 -0.00183668 -0.00156914 -0.00174016 -0.00124411 -0.00127887 -0.00139728 -0.000693085 -0.00191031 -0.000598937 -0.00156533 -0.00223455 -0.00152902 -0.000693228 
-0.00154553 -0.00127553 -0.000988117 -0.00178222 0.00125711 0.0023015 0.00170185 0.00248959 0.00280228 0.130594 0.00297778 0.00329285 0.00279632 0.00343248 -0.00164342 -0.000373975 -0.00120849 -0.00183592 -0.00173932 -0.00281905 -0.00213098 -0.00133717 -0.00184744 -0.00126403 -0.00150166 -0.0025894 -0.00263369 -0.00216272 -0.00175265 -0.00158482 -0.00205543 -0.00167298 -0.00269243 -0.00182794 -0.00290317 -0.00188174 -0.0015893 -0.00193362 -0.00213791 -0.00154935 -0.00127863 -0.00194422 -0.00175077 -0.00203018 -0.00125283 -0.0018595 -0.00119864 -0.0019178 -0.00156068 -0.000989023 -0.00189843 -0.00177286 -0.00218179 -0.00197514 -0.00183096 -0.00258498 -0.00110077 -0.00188973 -0.00189883 -0.002103 -0.00154412 -0.00165453 -0.00128708 -0.00141109 -0.00119926 -0.0017264 -0.00192175 -0.00142405 -0.00136419 -0.00121682 -0.00112187 -0.00126456 -0.00153284 -0.00137246 -0.0020719 -0.00162136 -0.00101419 -0.00162371 -0.00147152 -0.0022513 -0.00170194 -0.0020257 -0.00149014 -0.00205724 -0.00168768 -0.00198623 -0.0015587 -0.00134544 -0.00158373 -0.00162657 -0.00154615 -0.00157653 -0.00134213 -0.00212106 -0.0020921 -0.00201354 -0.00156031 -0.00165751 -0.00156721 -0.00173198 
-0.00154127 -0.00162301 -0.00192834 -0.001081 -0.0020036 0.00170048 0.00117068 0.00169497 0.00266876 0.00297778 0.13461 0.00266536 0.00361489 0.00270841 0.00185453 0.00240833 -0.00228648 -0.00216521 -0.00201792 -0.00161361 -0.00223772 -0.00292974 -0.00151565 -0.00142956 -0.00229592 -0.00212952 -0.00165489 -0.00249969 -0.0018658 -0.00145974 -0.00256554 -0.00217165 -0.00251885 -0.00252669 -0.00218 -0.00257451 -0.00206971 -0.00175613 -0.00141192 -0.00172177 -0.00217944 -0.00216345 -0.00250164 -0.00193829 -0.000744527 -0.00160321 -0.00232749 -0.0010315 -0.00158724 -0.00118798 -0.00182276 -0.00100719 -0.0020765 -0.00113658 -0.002023 -0.000712416 -0.00213568 -0.00125276 -0.00229662 -0.00153434 -0.00157531 -0.00146743 -0.00143149 -0.00164477 -0.00205009 -0.0020072 -0.00155731 -0.00166108 -0.00240028 -0.00130628 -0.00169864 -0.00211441 -0.00234582 -0.00229916 -0.00216022 -0.00069918 -0.00166777 -0.00210381 -0.00168724 -0.00176712 -0.00121725 -0.00130092 -0.00108469 -0.00189141 -0.00184229 -0.00118397 -0.00179397 -0.00130504 -0.000924876 -0.0014627 -0.00152942 -0.00186916 -0.00212114 -0.000921416 -0.00244936 -0.00155635 -0.00197093 -0.00159045 -0.00171862 -0.00165766 
-0.00149087 -0.00243343 -0.00230712 -0.00195141 -0.00122695 -0.000924944 0.00174275 0.00263064 0.00152917 0.00329285 0.00266536 0.139291 0.00332608 0.00217442 0.00244065 0.00275356 0.00109114 -0.00143929 -0.000441348 -0.00171772 -0.00209352 -0.00256304 -0.00178297 -0.00213025 -0.00230654 -0.00254297 -0.00198745 -0.00108013 -0.0023015 -0.00256046 -0.00156076 -0.00189313 -0.0015472 -0.00198088 -0.00177532 -0.00202543 -0.000768138 -0.00272048 -0.00159639 -0.00275115 -0.00152532 -0.00214309 -0.00216672 -0.0016643 -0.00139701 -0.00231231 -0.000760779 -0.00118626 -0.00230734 -0.00213223 -0.00172329 -0.00104971 -0.00189547 -0.00201493 -0.00159752 -0.00161154 -0.0024556 -0.0014111 -0.00232371 -0.00258834 -0.00153551 -0.00158387 -0.00174067 -0.00277616 -0.00238733 -0.00199981 -0.00166158 -0.0020877 -0.00204634 -0.00163226 -0.00226532 -0.00210355 -0.00172532 -0.00228138 -0.00214137 -0.00196008 -0.00236318 -0.00264409 -0.000849136 -0.00145034 -0.00152603 -0.00216659 -0.00156329 -0.00170691 -0.00213555 -0.00127505 -0.00124931 -0.000774798 -0.00196513 -0.00222728 -0.000984279 -0.00148827 -0.00205302 -0.00234686 -0.00136723 -0.00193223 -0.00205555 -0.0018807 -0.00115437 -0.00168285 
-0.00148673 -0.00177047 -0.001579 -0.00115061 -0.0014626 -0.00173611 -0.00098618 0.00237116 0.0025531 0.00279632 0.00361489 0.00332608 0.13653 0.00339785 0.00123417 0.00240886 0.00188589 -0.00139574 -0.00136043 -0.00187797 -0.00204518 -0.00171485 -0.00163819 -0.00167806 -0.00188867 -0.00279925 -0.00183791 -0.00139203 -0.00224314 -0.00203642 -0.00208453 -0.0025592 -0.00161095 -0.00167318 -0.00204474 -0.0014146 -0.00195973 -0.00158181 -0.00178232 -0.00176967 -0.00214567 -0.000627438 -0.00236102 -0.00169114 -0.00156072 -0.00201106 -0.00230989 -0.000828455 -0.00185532 -0.00103246 -0.00184292 -0.00191445 -0.00261062 -0.00260615 -0.00170985 -0.00169538 -0.00231983 -0.00203269 -0.00142862 -0.00193968 -0.00183454 -0.00186351 -0.00208811 -0.00161459 -0.00130957 -0.000553256 -0.0012949 -0.00193265 -0.00179671 -0.00145543 -0.00182291 -0.00218972 -0.00185758 -0.00110104 -0.00191465 -0.00201805 -0.000798921 -0.00123343 -0.00149987 -0.00203125 -0.00160656 -0.00191316 -0.0017146 -0.00235442 -0.00128473 -0.00178327 -0.00263278 -0.00145609 -0.00160152 -0.00185946 -0.00193746 -0.00188339 -0.00224689 -0.00195394 -0.00211317 -0.00183493 -0.00238718 -0.00201048 -0.00245492 -0.00179495 
-0.0024021 -0.00165098 -0.00213694 -0.00184785 -0.00184298 -0.0012938 -0.00212951 -0.00111398 0.00217683 0.00343248 0.00270841 0.00217442 0.00339785 0.139641 0.00238016 0.00204262 0.00209308 0.00278997 0.00350453 -0.0016975 -0.00168803 -0.00191208 -0.00164832 -0.00200056 -0.00284822 -0.0018726 -0.00196336 -0.00160418 -0.00113933 -0.00182357 -0.00223007 -0.00223843 -0.00310338 -0.00210859 -0.00244151 -0.00243488 -0.00186171 -0.000616403 -0.00200285 -0.000964059 -0.00140588 -0.00199532 -0.00262961 -0.0021481 -0.00156426 -0.00222937 -0.00160936 -0.00154648 -0.00155872 -0.00203112 -0.00111753 -0.00119989 -0.00207221 -0.00172699 -0.00136252 -0.00212229 -0.00220222 -0.00165232 -0.00179166 -0.00203192 -0.00263306 -0.00331818 -0.0017652 -0.00164145 -0.00263995 -0.00142804 -0.00145149 -0.0016475 -0.000973519 -0.00228882 -0.00184033 -0.00242325 -0.00225212 -0.00178485 -0.0017494 -0.00222767 -0.00189098 -0.00170307 -0.00151093 -0.00189809 -0.00258172 -0.00240052 -0.000925837 -0.00231188 -0.00182557 -0.00104005 -0.00162695 -0.001514 -0.00143635 -0.00240059 -0.00173256 -0.0013461 -0.0027852 -0.00198947 -0.00176189 -0.0017104 -0.00129361 -0.00255657 -0.00134925 -0.00206974 
-0.00209139 -0.00168411 -0.00108364 -0.00191306 -0.00220233 -0.00198448 -0.00225624 -0.000731696 -0.00182599 -0.00164342 0.00185453 0.00244065 0.00123417 0.00238016 0.135102 0.00359051 0.0020053 0.00224617 0.00298014 0.00238019 -0.00166443 -0.00254728 -0.00177399 -0.00118363 -0.00229504 -0.0012518 -0.00195802 -0.00283532 -0.00227626 -0.00241768 -0.00237653 -0.00126547 -0.00187517 -0.00225965 -0.00183484 -0.0020733 -0.00211627 -0.00169508 -0.00105192 -0.00148863 -0.00123981 -0.002114 -0.0022314 -0.00137165 -0.000686083 -0.00157448 -0.00204793 -0.00222673 -0.00171376 -0.00112603 -0.0013879 -0.00216868 -0.0019046 -0.00112803 -0.00107834 -0.00145163 -0.00233758 -0.00149269 -0.00237442 -0.00135104 -0.00100969 -0.0024321 -0.00169456 -0.00179457 -0.00222317 -0.00195239 -0.00174835 -0.00210219 -0.001859 -0.00258447 -0.00197745 -0.00203335 -0.00164794 -0.00106306 -0.00207152 -0.001495 -0.00106225 -0.00137282 -0.00170329 -0.00206871 -0.0016927 -0.0019387 -0.00157812 -0.00216456 -0.00117739 -0.00113042 -0.00149159 -0.00143214 -0.00147894 -0.00174627 -0.00205827 -0.0019592 -0.00174716 -0.00179226 -0.000481967 -0.00203838 -0.00128293 -0.00197602 -0.000819312 -0.00166793 
-0.00203715 -0.00207985 -0.00114352 -0.0019721 -0.00220923 -0.00171293 -0.00171732 -0.000726417 -0.000289437 -0.000373975 0.00240833 0.00275356 0.00240886 0.00204262 0.00359051 0.141551 0.00257777 0.00288724 0.00228031 0.00374236 -0.00152799 -0.00189413 -0.00187519 -0.00147928 -0.00185503 -0.00193166 -0.00239629 -0.00229892 -0.00184405 -0.00192362 -0.000859182 -0.00180919 -0.00122639 -0.00286508 -0.0020441 -0.0017674 -0.00219261 -0.00198633 -0.000664254 -0.00165849 -0.00235644 -0.00246009 -0.00125288 -0.00235969 -0.0020253 -0.00199893 -0.00180418 -0.00177115 -0.0022934 -0.00222438 -0.00124536 -0.00159112 -0.00176115 -0.00200147 -0.00195912 -0.00121155 -0.00235714 -0.00211619 -0.00221962 -0.00220764 -0.00135962 -0.00205456 -0.00234087 -0.0021425 -0.00217394 -0.00211884 -0.00186927 -0.00204243 -0.00242208 -0.00231829 -0.00163603 -0.00154548 -0.00233404 -0.0023275 -0.0014633 -0.00273969 -0.00171747 -0.00278065 -0.00160259 -0.00153848 -0.000587654 -0.00123391 -0.00174985 -0.00193246 -0.00240735 -0.00149666 -0.00276636 -0.00172484 -0.00138838 -0.00183383 -0.00214133 -0.00111248 -0.00215689 -0.00210361 -0.000903268 -0.00145051 -0.00264302 -0.00276302 -0.00204917 -0.00169232 
-0.00274522 -0.00235464 -0.0018651 -0.00221753 -0.00181948 -0.00177969 -0.00155317 -0.000865719 -0.00213289 -0.00120849 -0.00228648 0.00109114 0.00188589 0.00209308 0.0020053 0.00257777 0.142449 0.0025656 0.00293304 0.00246602 0.0036517 0.00201157 -0.00169064 -0.00207069 -0.00168055 -0.00233935 -0.00155401 -0.0022396 -0.00146244 -0.00138201 -0.00179698 -0.00175505 -0.00127516 -0.00165794 -0.00186243 -0.00168421 -0.00193588 -0.00250499 -0.00235688 -0.00210809 -0.00190702 -0.00215897 -0.00230058 -0.0022781 -0.00225885 -0.00200892 -0.00315842 -0.00167828 -0.0021922 -0.00209864 -0.00166392 -0.00217421 -0.00178165 -0.00200925 -0.00109027 -0.00226228 -0.00249326 -0.00177518 -0.00129307 -0.00133103 -0.001609 -0.00225611 -0.00224491 -0.00165327 -0.00164951 -0.00181671 -0.00204414 -0.00212861 -0.00204472 -0.00129879 -0.0016347 -0.0010798 -0.0013238 -0.00175209 -0.00149064 -0.00140177 -0.00164259 -0.00157888 -0.00201856 -0.00175739 -0.00193521 -0.00240585 -0.00200868 -0.00234486 -0.00134988 -0.00221707 -0.00169173 -0.000694856 -0.0012875 -0.00111512 -0.00184821 -0.00256068 -0.00253194 -0.00166029 -0.00201667 -0.00163688 -0.00190677 -0.00120317 -0.00280045 -0.00198887 
-0.0018066 -0.00165044 -0.00202541 -0.00250548 -0.00224493 -0.00195243 -0.00287145 -0.00163992 -0.00235911 -0.00183592 -0.00216521 -0.00143929 -0.00139574 0.00278997 0.00224617 0.00288724 0.0025656 0.145663 0.00366539 0.00340575 0.0035033 0.00318721 0.00334954 -0.000938326 -0.00148764 -0.00227215 -0.00248106 -0.00154777 -0.00248815 -0.00211039 -0.00260618 -0.00184264 -0.00168951 -0.0018156 -0.00135311 -0.00191529 -0.00247459 -0.00199057 -0.00171681 -0.00240976 -0.00191848 -0.00185845 -0.00291422 -0.002512 -0.00207586 -0.00120929 -0.00259498 -0.00255261 -0.00102637 -0.00170924 -0.00197034 -0.00264818 -0.00234223 -0.00263713 -0.00138231 -0.00254953 -0.00212975 -0.00216627 -0.00200163 -0.000859198 -0.00219785 -0.0025409 -0.000928164 -0.00124091 -0.00192362 -0.00206847 -0.00183832 -0.00179583 -0.00216922 -0.00251123 -0.00183299 -0.00227882 -0.00189534 -0.00241114 -0.00122683 -0.00282412 -0.00219783 -0.00170747 -0.00162243 -0.00139316 -0.00246455 -0.00137578 -0.00162007 -0.00173332 -0.00228882 -0.00114481 -0.00200661 -0.000887645 -0.00225334 -0.0025011 -0.00178395 -0.00136237 -0.00213635 -0.000863809 -0.00135695 -0.00179804 -0.00179928 -0.00206649 -0.00195172 -0.00117442 
-0.00179512 -0.00180898 -0.00161172 -0.00198508 -0.00238286 -0.00213327 -0.00243886 -0.000901054 -0.00207617 -0.00173932 -0.00201792 -0.000441348 -0.00136043 0.00350453 0.00298014 0.00228031 0.00293304 0.00366539 0.140709 0.00353846 0.00197879 0.00226238 0.00253693 -0.00169541 -0.00203067 -0.00144723 -0.00190411 -0.00200377 -0.00229842 -0.00170922 -0.00182229 -0.00170882 -0.00221612 -0.00132655 -0.00247011 -0.00154594 -0.00204088 -0.00246361 -0.00205364 -0.00293769 -0.00235892 -0.00225237 -0.00255398 -0.00281674 -0.00209915 -0.00156928 -0.00148574 -0.00167602 -0.0018954 -0.0014367 -0.0019715 -0.00119774 -0.00221873 -0.00168131 -0.00181199 -0.00181048 -0.00122699 -0.00145908 -0.00214375 -0.00256374 -0.00190724 -0.00175045 -0.00194117 -0.00103862 -0.00144254 -0.00173087 -0.00179839 -0.0017108 -0.00194992 -0.00161333 -0.00241407 -0.00164111 -0.00147743 -0.00240662 -0.000707638 -0.00195926 -0.00171097 -0.00131051 -0.00190199 -0.000990815 -0.00268758 -0.000996929 -0.00157793 -0.00194088 -0.00209859 -0.00178931 -0.00188201 -0.00196998 -0.00140031 -0.0017483 -0.00228754 -0.00215334 -0.00214936 -0.00229228 -0.00252958 -0.00154469 -0.00216483 -0.00198237 -0.00150924 -0.00168396 
-0.00296479 -0.00232705 -0.00107901 -0.000594505 -0.00153057 -0.00354565 -0.00365175 -0.00255804 -0.00186731 -0.00281905 -0.00161361 -0.00171772 -0.00187797 -0.0016975 0.00238019 0.00374236 0.00246602 0.00340575 0.00353846 0.152131 0.00344956 0.0039963 0.00194926 0.00304328 0.00208772 -0.00175696 -0.000923857 -0.00243791 -0.0025572 -0.00216681 -0.00199238 -0.0022907 -0.00254591 -0.0019302 -0.00271111 -0.00230926 -0.00222891 -0.00290199 -0.00160499 -0.00235992 -0.00180544 -0.00216484 -0.00324079 -0.00192528 -0.00128312 -0.00116557 -0.00174999 -0.0013545 -0.00177484 -0.00201775 -0.00165957 -0.00218789 -0.0010602 -0.00238818 -0.00125708 -0.00159762 -0.00267712 -0.0022547 -0.00143212 -0.00190358 -0.00288805 -0.00208564 -0.000942453 -0.00263584 -0.00219729 -0.0023805 -0.00229892 -0.00218271 -0.002583 -0.00173984 -0.00167755 -0.00201604 -0.00239389 -0.00235647 -0.00152889 -0.00229713 -0.0022978 -0.00246193 -0.00109489 -0.0027472 -0.00240231 -0.0018309 -0.00156787 -0.00203162 -0.00175117 -0.00194309 -0.00186454 -0.00172745 -0.00164301 -0.00179693 -0.0029343 -0.0015564 -0.0025452 -0.00237615 -0.00175983 -0.00230938 -0.00125981 -0.00277563 -0.00175837 -0.00208667 
-0.00231718 -0.00182745 -0.00227621 -0.00219481 -0.00247567 -0.00203477 -0.00125975 -0.00197171 -0.00223659 -0.00213098 -0.00223772 -0.00209352 -0.00204518 -0.00168803 -0.00166443 -0.00152799 0.0036517 0.0035033 0.00197879 0.00344956 0.146221 0.00381432 0.00261471 0.0026507 0.00241981 0.00240694 -0.00163102 -0.00209097 -0.00222106 -0.00132261 -0.00214309 -0.00226385 -0.00172092 -0.00266867 -0.00218206 -0.00227032 -0.00197617 -0.00161221 -0.0015173 -0.00215008 -0.00216185 -0.00196319 -0.0030406 -0.00126169 -0.00201089 -0.00274364 -0.00254928 -0.00182435 -0.00194857 -0.00199614 -0.00182315 -0.00207264 -0.00114705 -0.00198982 -0.0016797 -0.00142882 -0.00162014 -0.00199233 -0.00159874 -0.00245236 -0.00186253 -0.00206226 -0.00198664 -0.00168151 -0.00207599 -0.0019062 -0.00213496 -0.00194325 -0.00176585 -0.000674574 -0.0019193 -0.000604534 -0.00118478 -0.00178344 -0.00196416 -0.00206623 -0.000831143 -0.00153868 -0.00257148 -0.00138048 -0.00187506 -0.00133368 -0.00217352 -0.00210306 -0.00176609 -0.00131533 -0.00207432 -0.00220865 -0.00161216 -0.0024587 -0.00258357 -0.0017365 -0.0021989 -0.0020186 -0.0019994 -0.00153228 -0.00181033 -0.00253437 -0.00249611 -0.00188541 
-0.00108621 -0.00177143 -0.00283088 -0.00362671 -0.00196129 -0.00346671 -0.0024818 -0.00193749 -0.00269482 -0.00133717 -0.00292974 -0.00256304 -0.00171485 -0.00191208 -0.00254728 -0.00189413 0.00201157 0.00318721 0.00226238 0.0039963 0.00381432 0.153483 0.0027795 0.0044528 0.00199892 0.00304492 -0.000691426 -0.00178875 -0.00154926 -0.000891357 -0.00162566 -0.00289533 -0.00159333 -0.00166063 -0.00189893 -0.00271461 -0.00183067 -0.00205208 -0.00290185 -0.00178826 -0.00171074 -0.00229581 -0.0020517 -0.00220698 -0.0020855 -0.00175855 -0.00201137 -0.00168302 -0.00282656 -0.00163349 -0.00127355 -0.00255354 -0.000872135 -0.00266979 -0.00265042 -0.00100336 -0.00248101 -0.00198952 -0.00215788 -0.00204735 -0.00175481 -0.00252241 -0.00214384 -0.00237112 -0.00156841 -0.00193262 -0.00275014 -0.00137781 -0.00153012 -0.00224256 -0.00133995 -0.00174174 -0.00177611 -0.0021496 -0.00196454 -0.00244761 -0.00208809 -0.00188674 -0.00298994 -0.00143122 -0.00191762 -0.00162939 -0.00177236 -0.00260408 -0.00247946 -0.00206825 -0.000884085 -0.00250704 -0.00148444 -0.001675 -0.00136418 -0.00170652 -0.000597024 -0.00251618 -0.00205372 -0.00188315 -0.00174846 -0.00284175 -0.0028882 -0.0018005 
-0.00232761 -0.00225627 -0.000636181 -0.00217414 -0.00247145 -0.00139865 -0.00184865 -0.0020243 -0.00278007 -0.00184744 -0.00151565 -0.00178297 -0.00163819 -0.00164832 -0.00177399 -0.00187519 -0.00169064 0.00334954 0.00253693 0.00194926 0.00261471 0.0027795 0.151658 0.00259875 0.00354294 0.0027837 0.00199965 -0.00296161 -0.00197585 -0.00136804 -0.0022273 -0.00194875 -0.00238288 -0.00185169 -0.00182094 -0.00202907 -0.00203254 -0.002138 -0.00175395 -0.00310147 -0.00164104 -0.00226414 -0.00268112 -0.00170146 -0.0023306 -0.00238239 -0.00206759 -0.00247334 -0.00163057 -0.00210437 -0.00239273 -0.00184727 -0.0011018 -0.00246372 -0.00130374 -0.00180459 -0.0012623 -0.00174628 -0.00111134 -0.00172847 -0.00222871 -0.00270942 -0.00111088 -0.00219287 -0.00202417 -0.0020382 -0.00190057 -0.00230561 -0.00159689 -0.00256618 -0.00250914 -0.000838938 -0.00208245 -0.00228284 -0.00160584 -0.00159994 -0.00260932 -0.00190404 -0.00257772 -0.000325842 -0.00172834 -0.00185658 -0.00260275 -0.00159271 -0.00129297 -0.00216073 -0.0016336 -0.00292006 -0.00136444 -0.00252168 -0.00201097 -0.00205234 -0.00280931 -0.00170741 -0.00112591 -0.00137036 -0.00248856 -0.00208922 -0.00210462 -0.00205052 
-0.00192953 -0.00229534 -0.00297329 -0.00315154 -0.00211877 -0.00145244 -0.00211948 -0.00215737 -0.00276029 -0.00126403 -0.00142956 -0.00213025 -0.00167806 -0.00200056 -0.00118363 -0.00147928 -0.00207069 -0.000938326 -0.00169541 0.00304328 0.0026507 0.0044528 0.00259875 0.141063 0.00366386 0.00213523 0.00269968 0.00204511 -0.00210697 -0.00153321 -0.0010227 -0.00115507 -0.00178452 -0.00152153 -0.00144271 -0.00182345 -0.00154858 -0.00239656 -0.00233038 -0.00155358 -0.00192812 -0.00310918 -0.00124308 -0.00210369 -0.00206054 -0.00222243 -0.00168951 -0.00209667 -0.0017384 -0.00230563 -0.00222621 -0.00153986 -0.00265735 -0.00140926 -0.00187791 -0.00106498 -0.00203546 -0.00156681 -0.00171923 -0.00171659 -0.00210762 -0.00156918 -0.00221445 -0.0019566 -0.000961653 -0.00172737 -0.00162257 -0.00258784 -0.00111902 -0.00120463 -0.00122638 -0.0015651 -0.0020443 -0.00178836 -0.00158459 -0.00192888 -0.00228819 -0.00172539 -0.00191167 -0.00163764 -0.00207818 -0.00169039 -0.00127608 -0.00143524 -0.00106918 -0.00206827 -0.00119284 -0.000772549 -0.00165528 -0.00171999 -0.00168488 -0.00127532 -0.00223751 -0.00178698 -0.00148836 -0.00267897 -0.00189529 -0.00198661 -0.00202975 -0.00220111 
-0.00217028 -0.00209654 -0.00173464 -0.00229698 -0.00201909 -0.00173338 -0.00152967 -0.00264409 -0.00211411 -0.00150166 -0.00229592 -0.00230654 -0.00188867 -0.00284822 -0.00229504 -0.00185503 -0.00168055 -0.00148764 -0.00203067 0.00208772 0.00241981 0.00199892 0.00354294 0.00366386 0.143323 0.00208014 0.00287844 0.00183964 0.00204318 0.00243672 -0.00202318 -0.00155137 -0.00170134 -0.00136749 -0.00134336 -0.00213723 -0.00230486 -0.0022074 -0.00226559 -0.00267546 -0.00183907 -0.00170907 -0.00173818 -0.0016178 -0.00300053 -0.00219794 -0.0015475 -0.00180096 -0.00210631 -0.00211325 -0.00171412 -0.00169308 -0.00232106 -0.00166589 -0.00124556 -0.00117841 -0.00147078 -0.00163081 -0.000941703 -0.00230794 -0.00284913 -0.0017464 -0.00196127 -0.00152487 -0.0018855 -0.00149931 -0.00204648 -0.00232608 -0.00208408 -0.00187191 -0.00136753 -0.0012836 -0.00197208 -0.000850067 -0.00199026 -0.00165209 -0.00279738 -0.00162368 -0.00231242 -0.00151368 -0.00195067 -0.00229868 -0.00219209 -0.0015536 -0.00118506 -0.00198647 -0.00110124 -0.00107243 -0.00220549 -0.00194183 -0.00233455 -0.00143261 -0.00194046 -0.00169989 -0.00171023 -0.00218226 -0.0021558 -0.0020078 -0.00217574 -0.00208333 
-0.00233121 -0.00172966 -0.00196045 -0.00207684 -0.00171141 -0.00214666 -0.00219234 -0.00156204 -0.00167899 -0.0025894 -0.00212952 -0.00254297 -0.00279925 -0.0018726 -0.0012518 -0.00193166 -0.00233935 -0.00227215 -0.00144723 -0.00175696 0.00240694 0.00304492 0.0027837 0.00213523 0.00208014 0.14642 0.00217445 0.00141681 0.00317165 0.00246939 0.00288098 -0.00138397 -0.00230974 -0.00225101 -0.0010571 -0.00117196 -0.00275828 -0.0022394 -0.00226899 -0.00249659 -0.00212496 -0.00240162 -0.00210332 -0.00228728 -0.00142206 -0.00224976 -0.00137211 -0.0028221 -0.00149348 -0.00216958 -0.00267149 -0.00172043 -0.00134669 -0.00205647 -0.00112281 -0.00228351 -0.00141974 -0.00239553 -0.0017753 -0.00251798 -0.00102325 -0.00139023 -0.00247301 -0.00227354 -0.00111232 -0.00173263 -0.00162166 -0.000614659 -0.00154749 -0.00239742 -0.00102785 -0.00176118 -0.00233352 -0.00275533 -0.00250881 -0.00213406 -0.0020787 -0.0012169 -0.00183234 -0.00282837 -0.00181102 -0.00227492 -0.00215873 -0.00172956 -0.00189987 -0.00235326 -0.00183836 -0.00136887 -0.00148735 -0.00154415 -0.00193434 -0.00113099 -0.00195409 -0.00242087 -0.00114601 -0.0015208 -0.00149309 -0.00177657 -0.00249422 -0.00196805 
-0.00183662 -0.00197747 -0.00158068 -0.0014996 -0.00255225 -0.00166147 -0.00192826 -0.00141959 -0.0013324 -0.00263369 -0.00165489 -0.00198745 -0.00183791 -0.00196336 -0.00195802 -0.00239629 -0.00155401 -0.00248106 -0.00190411 -0.000923857 -0.00163102 -0.000691426 0.00199965 0.00269968 0.00287844 0.00217445 0.134539 0.00193526 0.00253975 0.00180074 0.00155659 0.00196366 -0.00153713 -0.00175857 -0.00152161 -0.00202591 -0.00193978 -0.0026346 -0.00253942 -0.0021776 -0.00111131 -0.00171228 -0.00184273 -0.00118097 -0.00173115 -0.00198373 -0.00166085 -0.00174803 -0.00163575 -0.00152228 -0.00198533 -0.00131094 -0.00182204 -0.00233801 -0.00111569 -0.0018433 -0.00167491 -0.00132168 -0.00210301 -0.00267007 -0.00114162 -0.00140375 -0.00187856 -0.00162861 -0.00168515 -0.00112239 -0.00140149 -0.00140867 -0.00147583 -0.00133591 -0.00156022 -0.00084132 -0.00195545 -0.00122549 -0.00172249 -0.00194294 -0.00184734 -0.00135065 -0.00263358 -0.00148485 -0.00174617 -0.00200171 -0.0011405 -0.00198597 -0.00158219 -0.00164717 -0.00145592 -0.00165322 -0.0011329 -0.000714179 -0.00187715 -0.00143144 -0.00132013 -0.00246891 -0.00178038 -0.00180441 -0.00101259 -0.00247754 -0.00195158 -0.00200288 
-0.00180679 -0.00144174 -0.00195697 -0.00199877 -0.00130131 -0.00118012 -0.00094368 -0.00169868 -0.0022347 -0.00216272 -0.00249969 -0.00108013 -0.00139203 -0.00160418 -0.00283532 -0.00229892 -0.0022396 -0.00154777 -0.00200377 -0.00243791 -0.00209097 -0.00178875 -0.00296161 0.00204511 0.00183964 0.00141681 0.00193526 0.133009 0.00288523 0.00281063 0.00234089 0.00212612 0.00213918 -0.00198989 -0.00138102 -0.00190512 -0.000860254 -0.00225321 -0.0020803 -0.00142679 -0.00258745 -0.00193574 -0.00191669 -0.0019917 -0.00271742 -0.00141424 -0.00206294 -0.00249958 -0.0018292 -0.00116054 -0.00183003 -0.0013373 -0.00203987 -0.00165973 -0.00154778 -0.00149503 -0.00138908 -0.00163172 -0.00194819 -0.000975875 -0.00136482 -0.00173919 -0.00170404 -0.00132633 -0.000821756 -0.00148163 -0.00146902 -0.00169595 -0.00205436 -0.00171111 -0.00190619 -0.000912265 -0.0027651 -0.00167492 -0.00153636 -0.00222695 -0.00174239 -0.00182479 -0.00108784 -0.00219702 -0.00152337 -0.00105589 -0.00164585 -0.000679441 -0.00150571 -0.00165477 -0.00135652 -0.00243176 -0.000692656 -0.00130252 -0.00111639 -0.00230062 -0.00135476 -0.00191118 -0.000872468 -0.00230799 -0.00140538 -0.00033358 -0.00097149 -0.00151111 
-0.00119076 -0.00179953 -0.00160976 -0.00132275 -0.00161222 -0.00172728 -0.0012485 -0.000336444 -0.00183272 -0.00175265 -0.0018658 -0.0023015 -0.00224314 -0.00113933 -0.00227626 -0.00184405 -0.00146244 -0.00248815 -0.00229842 -0.0025572 -0.00222106 -0.00154926 -0.00197585 -0.00210697 0.00204318 0.00317165 0.00253975 0.00288523 0.134104 0.00232882 0.00320736 0.00219746 0.002437 0.00203989 -0.000506279 -0.00114695 -0.00180596 -0.00151074 -0.00183561 -0.00167804 -0.00178141 -0.00167474 -0.00224465 -0.00176812 -0.00131796 -0.00203405 -0.00202039 -0.00134304 -0.0021888 -0.00103391 -0.00243873 -0.00177359 -0.00170168 -0.00124595 -0.00155939 -0.00251498 -0.0019231 -0.00127461 -0.00240022 -0.00143987 -0.00282476 -0.00162215 -0.00170497 -0.000672681 -0.00211262 -0.00162326 -0.00206948 -0.00127978 -0.000938309 -0.000919996 -0.00190329 -0.00175045 -0.00189472 -0.000768456 -0.00201369 -0.00214329 -0.00186643 -0.00155265 -0.00164524 -0.00129511 -0.0024167 -0.00125528 -0.00147123 -0.00190354 -0.00210327 -0.00177645 -0.00191599 -0.00145923 -0.00137748 -0.00185432 -0.00204982 -0.00179113 -0.00150003 -0.00225406 -0.00196582 -0.00203155 -0.00260345 -0.00221691 -0.00200355 -0.00147833 
-0.00185997 -0.00148513 -0.00211423 -0.00210418 -0.00161605 -0.00148008 -0.00104857 -0.00132258 -0.0020891 -0.00158482 -0.00145974 -0.00256046 -0.00203642 -0.00182357 -0.00241768 -0.00192362 -0.00138201 -0.00211039 -0.00170922 -0.00216681 -0.00132261 -0.000891357 -0.00136804 -0.00153321 0.00243672 0.00246939 0.00180074 0.00281063 0.00232882 0.129996 0.00194672 0.0024857 0.00221342 0.00183645 -0.00170227 -0.00148529 -0.0018688 -0.00160176 -0.00194146 -0.0030048 -0.00230908 -0.00185497 -0.00275072 -0.00199729 -0.00237018 -0.0021248 -0.00222243 -0.00123276 -0.00124134 -0.00112938 -0.00161673 -0.000806061 -0.00159349 -0.00151191 -0.00087457 -0.000973627 -0.00207349 -0.00188796 -0.00138075 -0.00205156 -0.00189897 -0.0011363 -0.000901018 -0.00110757 -0.00216535 -0.00187705 -0.00128514 -0.00171954 -0.00176312 -0.00207429 -0.00158543 -0.00247171 -0.00191806 -0.00116028 -0.00126689 -0.00111452 -0.00135153 -0.00160755 -0.00168576 -0.00212478 -0.00165404 -0.00196581 -0.00220397 -0.00157894 -0.00142616 -0.000790535 -0.0021529 -0.00122233 -0.00169127 -0.000968903 -0.00155706 -0.00183032 -0.00129291 -0.00124693 -0.00144508 -0.00181885 -0.000903164 -0.00191323 -0.00149789 -0.00193217 
-0.00267331 -0.00152605 -0.00159888 -0.00108371 -0.00313088 -0.00247949 -0.00153723 -0.00177511 -0.00233133 -0.00205543 -0.00256554 -0.00156076 -0.00208453 -0.00223007 -0.00237653 -0.000859182 -0.00179698 -0.00260618 -0.00182229 -0.00199238 -0.00214309 -0.00162566 -0.0022273 -0.0010227 -0.00202318 0.00288098 0.00155659 0.00234089 0.00320736 0.00194672 0.134794 0.00218698 0.00271651 0.00113402 0.00322951 0.00193583 -0.00157897 -0.00114565 -0.0017369 -0.0023362 -0.00154443 -0.00246586 -0.00095927 -0.00250548 -0.00241537 -0.00122366 -0.000443851 -0.00106936 -0.00218584 -0.00247641 -0.00153364 -0.00252858 -0.00153272 -0.00189127 -0.00122455 -0.00122504 -0.00205775 -0.00201719 -0.00205001 -0.00169905 -0.00124745 -0.00195547 -0.00196325 -0.00151759 -0.00181098 -0.00183828 -0.00199404 -0.00255556 -0.00244812 -0.00169385 -0.00181496 -0.00261514 -0.00225777 -0.00154374 -0.00210053 -0.00211636 -0.00204416 -0.00129385 -0.00159862 -0.00218244 -0.00160884 -0.00184161 -0.00166517 -0.00162238 -0.000387957 -0.00173488 -0.000920921 -0.001461 -0.000447263 -0.00172869 -0.000714008 -0.00121458 -0.00162816 -0.00143306 -0.00114508 -0.00181165 -0.00166222 -0.00151524 -0.00154732 -0.00227246 
-0.00180467 -0.00174863 -0.00145363 -0.00101096 -0.00135507 -0.00188764 -0.00192189 -0.00182206 -0.00273907 -0.00167298 -0.00217165 -0.00189313 -0.0025592 -0.00223843 -0.00126547 -0.00180919 -0.00175505 -0.00184264 -0.00170882 -0.0022907 -0.00226385 -0.00289533 -0.00194875 -0.00115507 -0.00155137 -0.00138397 0.00196366 0.00212612 0.00219746 0.0024857 0.00218698 0.130871 0.00231172 0.00261445 0.00209997 0.00203554 0.00247013 -0.00130176 -0.00185321 -0.00218863 -0.00164969 -0.00158134 -0.00191356 -0.00215162 -0.00210052 -0.00256816 -0.00193887 -0.00167349 -0.00184722 -0.00158345 -0.00132211 -0.00212623 -0.00183582 -0.00114418 -0.00110536 -0.00254783 -0.00218617 -0.00149685 -0.00128025 -0.00168202 -0.0016197 -0.00159622 -0.00157165 -0.00168148 -0.00172181 -0.00118155 -0.00171886 -0.00183736 -0.00138294 -0.00184835 -0.00150379 -0.00159122 -0.00269958 -0.00127748 -0.0022876 -0.00223394 -0.00208283 -0.00195818 -0.00199284 -0.0012925 -0.0016399 -0.00144717 -0.00127739 -0.000948899 -0.000846399 -0.000960297 -0.00134002 -0.0017989 -0.00117939 -0.00123442 -0.0015531 -0.00154114 -0.00164518 -0.00138979 -0.00167053 -0.00215289 -0.00157085 -0.0021755 -0.000837862 -0.00184531 
-0.00168061 -0.00204096 -0.00169435 -0.00115191 -0.00174601 -0.00175929 -0.00113101 -0.00187617 -0.0013208 -0.00269243 -0.00251885 -0.0015472 -0.00161095 -0.00310338 -0.00187517 -0.00122639 -0.00127516 -0.00168951 -0.00221612 -0.00254591 -0.00172092 -0.00159333 -0.00238288 -0.00178452 -0.00170134 -0.00230974 -0.00153713 0.00213918 0.002437 0.00221342 0.00271651 0.00231172 0.135778 0.00313969 0.00343268 0.00225361 0.00193268 0.00286225 -0.0016094 -0.00203631 -0.00210899 -0.00120647 -0.0019456 -0.00132173 -0.00255393 -0.00206121 -0.00167916 -0.00178539 -0.0023002 -0.00180934 -0.00184211 -0.00229255 -0.0018255 -0.00126854 -0.00180564 -0.00199065 -0.00113738 -0.00115905 -0.00173761 -0.00156416 -0.00173896 -0.00186222 -0.00241056 -0.00169411 -0.00147675 -0.00126403 -0.00158195 -0.00264388 -0.000987866 -0.00145169 -0.00130445 -0.00144178 -0.00146547 -0.00116493 -0.00204185 -0.00273427 -0.00177113 -0.00191482 -0.00204032 -0.00191385 -0.00233636 -0.00165858 -0.000767636 -0.0023114 -0.00216793 -0.00184271 -0.00212413 -0.00222868 -0.00145549 -0.0016512 -0.00180309 -0.00243853 -0.0018648 -0.00218509 -0.00176203 -0.00168098 -0.00180381 -0.00210951 -0.00146221 -0.00188479 
