0.110976 0.00178556 0.00110672 0.001805 0.00223524 0.00142492 -0.00130585 -0.00118653 -0.00105565 -0.000833354 -0.00141398 -0.00181093 -0.00155924 -0.00135036 -0.00185274 -0.00153127 -0.0013779 -0.0017892 -0.0017972 -0.00198966 -0.00173987 -0.00221825 -0.00154259 -0.000562093 -0.00176664 -0.00233783 -0.000950736 -0.00189283 -0.00155001 -0.00135126 -0.00177887 -0.00156953 -0.00160679 -0.00124786 -0.0021993 -0.0015413 -0.000742593 -0.00115419 -0.0017824 -0.00121959 -0.00218765 -0.000875172 -0.00142203 -0.00192766 -0.00233499 -0.00134597 -0.00165365 -0.00108824 -0.00141846 -0.00165747 -0.00174066 -0.00220313 -0.00142491 -0.00108816 -0.00171049 -0.00115679 -0.00101115 -0.00135327 -0.00130633 -0.00157656 -0.00173048 -0.00126527 -0.00114056 -0.00125312 -0.00203217 -0.00137664 -0.00110218 -0.000660333 -0.00202316 -0.00193112 -0.000585247 -0.000949408 -0.000537597 -0.000988224 -0.00143078 -0.00123924 -0.0014182 -0.000915443 -0.00218257 -0.00149985 -0.00145516 -0.000793202 -0.00124146 -0.000913425 -0.00147176 -0.00114212 -0.00151892 -0.00140236 -0.00170869 -0.00130585 -0.00192698 -0.00100678 -0.00117299 -0.000477393 -0.000558905 -0.000323778 0.00184387 0.00126263 0.00187701 0.00245594 
0.00178556 0.124243 0.0013318 0.00214991 0.00159336 0.00193729 0.00169241 -0.0010711 -0.00177435 -0.00102112 -0.00173061 -0.00202454 -0.00218024 -0.00219779 -0.00180685 -0.00299639 -0.00300699 -0.00179802 -0.00123795 -0.00228276 -0.0023028 -0.00257436 -0.0017197 -0.00140584 -0.00203621 -0.00163063 -0.00242647 -0.00250858 -0.00210811 -0.00227005 -0.00205942 -0.0024303 -0.0020394 -0.00161982 -0.00133408 -0.00153947 -0.00156031 -0.00216779 -0.000487179 -0.000637221 -0.00138156 -0.00205614 -0.00165806 -0.00110369 -0.00218613 -0.00129555 -0.0016175 -0.0014698 -0.000720258 -0.000932607 -0.00194073 -0.00134536 -0.00146278 -0.00151056 -0.00149772 -0.00204354 -0.00182213 -0.00162858 -0.00151262 -0.00162195 -0.00184735 -0.00183998 -0.00132155 -0.00108754 -0.00140449 -0.00136596 -0.00119 -0.000595572 -0.000740175 -0.00143962 -0.00072151 -0.00129085 -0.0013058 -0.000966089 -0.00134517 -0.000420051 -0.00101865 -0.000735532 -0.00185182 -0.00218585 -0.000581488 -0.0010292 -0.00121445 -0.00150831 -0.00184262 -0.00104132 -0.00132367 -0.000866722 -0.00207199 -0.00132882 -0.00100627 -0.000425814 -0.00132673 -0.00189666 -0.00124455 -0.00116931 -0.00197469 0.00183006 0.00151895 0.00123754 
0.00110672 0.0013318 0.115597 0.00260131 0.00221703 0.00193257 0.0017243 0.00201397 -0.001389 -0.000947217 -0.00133612 -0.00156942 -0.00191272 -0.00134004 -0.00125296 -0.00205687 -0.00202986 -0.0022165 -0.00145887 -0.00170017 -0.00270377 -0.0020827 -0.00253991 -0.00182438 -0.00215929 -0.00203383 -0.00211763 -0.00201702 -0.00164895 -0.00133088 -0.00162544 -0.00124127 -0.0012819 -0.00117628 -0.00160598 -0.00101523 -0.000891311 -0.00169811 -0.00191091 -0.00122061 -0.0016067 -0.00109157 -0.0013268 -0.00132588 -0.00147281 -0.00120546 -0.00154573 -0.00213224 -0.0012356 -0.000851055 -0.00185515 -0.00114268 -0.00148112 -0.000925851 -0.00159642 -0.00089927 -0.00135104 -0.000821441 -0.00166916 -0.00159373 -0.00130396 -0.00156708 -0.00150878 -0.00149649 -0.0010962 -0.0011645 -0.00121073 -0.000732781 -0.00156417 -0.000717254 -0.00158388 -0.00103243 -0.00131878 -0.00192259 -0.00116649 -0.000673173 -0.000718192 -0.00114869 -0.000942955 -0.00163726 -0.00142793 -0.00124149 -0.00126235 -0.00172609 -0.00208744 -0.00211084 -0.000922362 -0.00189623 -0.0016101 -0.00123277 -0.00180405 -0.00138191 -0.00173189 -0.00208547 -0.00116772 -0.000626714 -0.00142631 -0.0010382 0.00158923 0.00163678 
0.001805 0.00214991 0.00260131 0.121339 0.00257225 0.00208682 0.00268334 0.00189616 0.00309278 -0.00141541 -0.00107027 -0.00182644 -0.00100777 -0.00197359 -0.00147426 -0.00206944 -0.00122989 -0.00201354 -0.00252115 -0.00250628 -0.00225727 -0.00167524 -0.00179099 -0.00162259 -0.00278155 -0.00235982 -0.00183721 -0.00211432 -0.00268563 -0.00197786 -0.00243763 -0.00193251 -0.00145131 -0.00178015 -0.00178074 -0.00185196 -0.00228945 -0.00224798 -0.000952057 -0.00177688 -0.00131876 -0.00136051 -0.00203327 -0.00181829 -0.00135873 -0.00143689 -0.00114851 -0.00171907 -0.000958605 -0.00154813 -0.00112382 -0.00149452 -0.0010222 -0.00121775 -0.000767658 -0.000999845 -0.00196081 -0.0012291 -0.00212445 -0.00196982 -0.00168372 -0.00114595 -0.00139529 -0.00189917 -0.00186137 -0.000988804 -0.00183544 -0.00193707 -0.00171933 -0.000628126 -0.00130901 -0.00209642 -0.000528008 -0.00245837 -0.000401801 -0.00171487 -0.00144244 -0.0010713 -0.000620123 -0.00114238 -0.00118307 -0.00184508 -0.000883164 -0.000946357 -0.00131461 -0.00201633 -0.00190523 -0.00174152 -0.00170402 -0.00184616 -0.000994489 -0.00134083 -0.00146483 -0.00171099 -0.00114147 -0.00103897 -0.000837724 -0.000928779 -0.0015019 0.00132003 
0.00223524 0.00159336 0.00221703 0.00257225 0.122467 0.00175724 0.00162507 0.00257464 0.00183847 0.00240165 -0.00176299 -0.00135038 -0.00155558 -0.0020418 -0.00180243 -0.00236708 -0.00174493 -0.00198452 -0.00145916 -0.00286349 -0.00188932 -0.00233923 -0.00152473 -0.0016024 -0.00266148 -0.0020308 -0.0017435 -0.000663634 -0.00147109 -0.00206709 -0.00235108 -0.00178212 -0.0010997 -0.00127408 -0.00130958 -0.00176256 -0.00222368 -0.00138774 -0.00115696 -0.00168019 -0.00144042 -0.00164784 -0.00179633 -0.00253372 -0.00205827 -0.0015349 -0.00121287 -0.00143851 -0.000781588 -0.00113869 -0.00184874 -0.00168185 -0.00179386 -0.00157609 -0.00138231 -0.00168023 -0.00197096 -0.00140287 -0.00124251 -0.00130138 -0.00201284 -0.00148285 -0.00132371 -0.0010496 -0.00191791 -0.00146782 -0.000842211 -0.00186689 -0.00126664 -0.00152144 -0.00172698 -0.00192432 -0.00101313 -0.00145028 -0.00155922 -0.00123545 -0.0009431 -0.00184293 -0.00135344 -0.00217469 -0.00148925 -0.00156443 -0.0019827 -0.00153148 -0.00144899 -0.00131863 -0.000527898 -0.000901934 -0.00122309 -0.00225871 -0.000571184 -0.00131522 -0.00116979 -0.00151588 -0.00156294 -0.000720815 -0.00169588 -0.00184214 -0.000880016 -0.00136785 
0.00142492 0.00193729 0.00193257 0.00208682 0.00175724 0.130616 0.0024415 0.00238586 0.00173113 0.00234961 0.00324754 -0.00077863 -0.00112243 -0.0025869 -0.00236977 -0.00192893 -0.00204968 -0.00271682 -0.00169312 -0.00237905 -0.00224099 -0.00165855 -0.00183921 -0.00178137 -0.00165163 -0.00191754 -0.00245634 -0.00184096 -0.00215577 -0.00237874 -0.00193326 -0.00256384 -0.00211835 -0.00178833 -0.00134331 -0.00236488 -0.00215439 -0.00168904 -0.00214661 -0.00178668 -0.00189001 -0.00155653 -0.00240086 -0.00206919 -0.000609103 -0.00202673 -0.00137165 -0.00177566 -0.000614883 -0.00166559 -0.00195279 -0.0011652 -0.00167402 -0.00208053 -0.00139297 -0.0011437 -0.00207227 -0.00202507 -0.00233602 -0.00120937 -0.00216843 -0.00167446 -0.00137739 -0.00141911 -0.000621117 -0.00147716 -0.00249125 -0.0011548 -0.00139667 -0.00139016 -0.00128911 -0.00168368 -0.0016598 -0.00150745 -0.00180862 -0.00186618 -0.0010833 -0.00163265 -0.00197324 -0.00169311 -0.00199056 -0.000819216 -0.0010861 -0.00149484 -0.00121335 -0.00156701 -0.00146054 -0.00183481 -0.00165982 -0.00128563 -0.0011373 -0.00240331 -0.00132278 -0.001049 -0.00101681 -0.000798094 -0.00204232 -0.00190129 -0.00207619 -0.0019163 
-0.00130585 0.00169241 0.0017243 0.00268334 0.00162507 0.0024415 0.127623 0.00195131 0.00208421 0.00186631 0.00145299 0.00171169 -0.00184699 -0.00216621 -0.00172739 -0.00173086 -0.00334301 -0.00292309 -0.00217747 -0.0018204 -0.00191737 -0.000933005 -0.00218276 -0.00191268 -0.00160915 -0.00167132 -0.00233941 -0.00193783 -0.00171442 -0.00175769 -0.00153718 -0.00176007 -0.000512307 -0.00231962 -0.00150572 -0.00191663 -0.00197237 -0.00121817 -0.00180362 -0.00277182 -0.00147227 -0.00126064 -0.00159509 -0.00182659 -0.00201017 -0.00131841 -0.00204539 -0.00103156 -0.00181292 -0.00137422 -0.00207845 -0.00187454 -0.00110304 -0.00155791 -0.00160814 -0.00219139 -0.00186121 -0.00195661 -0.00162926 -0.00139631 -0.00147314 -0.0015603 -0.00226146 -0.00164739 -0.00108864 -0.00117391 -0.00199369 -0.00196675 -0.00119935 -0.00103056 -0.00168625 -0.00133387 -0.00171474 -0.00150595 -0.00187426 -0.00154712 -0.00152916 -0.000771466 -0.000965485 -0.00163562 -0.000850035 -0.00119328 -0.00183418 -0.00179013 -0.00179988 -0.00121705 -0.00173599 -0.00180875 -0.0016549 -0.00164085 -0.00115171 -0.00141181 -0.00147968 -0.00223244 -0.00172259 -0.00155478 -0.00146642 -0.000911831 -0.00133688 -0.000765251 
-0.00118653 -0.0010711 0.00201397 0.00189616 0.00257464 0.00238586 0.00195131 0.135394 0.00248669 0.00209944 0.00291836 0.00339983 0.00286349 -0.0020238 -0.00192568 -0.000853713 -0.0024623 -0.00259772 -0.00201618 -0.00281201 -0.0029008 -0.00171578 -0.00201964 -0.00120175 -0.00232374 -0.00240048 -0.00241978 -0.00142163 -0.00263709 -0.00191256 -0.00234143 -0.00236885 -0.00104719 -0.00259877 -0.00183866 -0.00114171 -0.00241042 -0.00265247 -0.00218382 -0.00269896 -0.00209432 -0.00218567 -0.00202923 -0.00315171 -0.00145893 -0.000760159 -0.0014771 -0.00249564 -0.000828485 -0.00167844 -0.00166443 -0.00151451 -0.00138575 -0.00160106 -0.001529 -0.0013644 -0.00175377 -0.00227945 -0.00156644 -0.00145668 -0.00145925 -0.0019453 -0.0011033 -0.00137528 -0.00106038 -0.00121926 -0.00171694 -0.00195149 -0.00111934 -0.00185121 -0.00175733 -0.00256192 -0.00197309 -0.00180945 -0.00214879 -0.00195871 -0.00129069 -0.00179797 -0.00207936 -0.00185807 -0.00167554 -0.00241401 -0.0019363 -0.00226223 -0.00106873 -0.00167751 -0.000977276 -0.00162777 -0.00176535 -0.00171305 -0.00163945 -0.0021426 -0.000513517 -0.00161449 -0.00165438 -0.00104882 -0.0019232 -0.00134164 -0.0014773 -0.00201369 
-0.00105565 -0.00177435 -0.001389 0.00309278 0.00183847 0.00173113 0.00208421 0.00248669 0.132334 0.00236695 0.00255589 0.00206767 0.00257951 0.00116691 -0.00194384 -0.00207532 -0.0018366 -0.00237387 -0.00293092 -0.00196075 -0.00224113 -0.00131518 -0.0022665 -0.00163618 -0.00148551 -0.00250667 -0.00224396 -0.000922627 -0.00221429 -0.00175797 -0.00140218 -0.00258442 -0.00207804 -0.0022751 -0.00197909 -0.00122189 -0.00215922 -0.00218484 -0.00265251 -0.0013728 -0.00252642 -0.00169396 -0.00216664 -0.00200656 -0.00229422 -0.00139691 -0.00171069 -0.00119026 -0.00210862 -0.00125363 -0.00217947 -0.00130984 -0.00153587 -0.00117847 -0.00165353 -0.000931633 -0.00224576 -0.00156711 -0.00135644 -0.00149164 -0.00108329 -0.000999198 -0.00126222 -0.00174768 -0.00172436 -0.00177258 -0.00177089 -0.00170696 -0.00136155 -0.00140588 -0.00299787 -0.000723067 -0.00161265 -0.00155593 -0.00202679 -0.00171219 -0.00247015 -0.00145923 -0.00133098 -0.00103113 -0.000483073 -0.00244363 -0.00172644 -0.00156276 -0.0012403 -0.0013626 -0.000901851 -0.00197136 -0.00203505 -0.00255187 -0.00214514 -0.00181094 -0.00181876 -0.00146341 -0.00128216 -0.00140573 -0.0017022 -0.00178234 -0.00141637 -0.00180547 
-0.000833354 -0.00102112 -0.000947217 -0.00141541 0.00240165 0.00234961 0.00186631 0.00209944 0.00236695 0.128149 0.00275076 0.0021164 0.00301747 0.00193035 -0.0020705 -0.00170905 -0.00161446 -0.00130659 -0.00172533 -0.00244153 -0.00205641 -0.00141592 -0.00291723 -0.00197967 -0.00194114 -0.00200326 -0.00221144 -0.00246239 -0.00193348 -0.00186174 -0.00230252 -0.00239099 -0.00210454 -0.00160693 -0.00173918 -0.00129441 -0.00205118 -0.00150667 -0.00152606 -0.00113144 -0.00091007 -0.00107493 -0.00121661 -0.00218493 -0.00145572 -0.00109738 -0.00138857 -0.00107004 -0.00204409 -0.00107158 -0.00196844 -0.00214823 -0.00202664 -0.0016261 -0.00227262 -0.00200603 -0.00178033 -0.00180763 -0.00220107 -0.00273683 -0.00146595 -0.00183197 -0.00166602 -0.00174728 -0.00170372 -0.00229919 -0.00193278 -0.00171673 -0.00138551 -0.00106992 -0.00135292 -0.00165849 -0.00123465 -0.00171303 -0.00137414 -0.00108439 -0.00157106 -0.00177316 -0.00205761 -0.00153352 -0.00101173 -0.0021281 -0.0012471 -0.000845221 -0.00118111 -0.00132207 -0.00158845 -0.00140633 -0.0015861 -0.00167666 -0.00213604 -0.00165257 -0.000749131 -0.00153409 -0.00214216 -0.0012473 -0.00178865 -0.00104756 -0.00157878 -0.001398 
-0.00141398 -0.00173061 -0.00133612 -0.00107027 -0.00176299 0.00324754 0.00145299 0.00291836 0.00255589 0.00275076 0.13395 0.0020859 0.00219744 0.00291575 0.00232217 0.00305842 -0.00123358 -0.00238035 -0.000755056 -0.00261073 -0.00174195 -0.00201759 -0.00259162 -0.00347243 -0.00199102 -0.00124803 -0.00248802 -0.00182073 -0.00199806 -0.00232316 -0.000907843 -0.00102174 -0.00202457 -0.00243032 -0.00258735 -0.0015045 -0.00255154 -0.00100622 -0.00243911 -0.0023006 -0.00226115 -0.00224026 -0.00225069 -0.0015121 -0.000918942 -0.00250821 -0.00238339 -0.000611 -0.00178066 -0.00200578 -0.00253259 -0.00181861 -0.00178365 -0.00166208 -0.002227 -0.00193793 -0.00239986 -0.00233512 -0.00197547 -0.00203074 -0.00186127 -0.00206792 -0.00184616 -0.00129609 -0.000856922 -0.00184689 -0.00109923 -0.00111647 -0.00196347 -0.0013195 -0.00147167 -0.00137018 -0.000676624 -0.00202946 -0.00141716 -0.00120547 -0.000993894 -0.00153977 -0.00136356 -0.00154642 -0.00116246 -0.00224931 -0.00201871 -0.00175948 -0.00203636 -0.00210232 -0.00223989 -0.00160578 -0.00147306 -0.0016588 -0.00164618 -0.00249636 -0.00238755 -0.00192522 -0.000900566 -0.00229652 -0.00186525 -0.00182195 -0.00210612 -0.000879658 
-0.00181093 -0.00202454 -0.00156942 -0.00182644 -0.00135038 -0.00077863 0.00171169 0.00339983 0.00206767 0.0021164 0.0020859 0.136048 0.00275904 0.00259235 0.00248969 0.00257363 0.00286238 -0.00136913 -0.00199114 -0.00131641 -0.00217519 -0.00124976 -0.00205357 -0.00201407 -0.0026874 -0.00266079 -0.00182544 -0.00211401 -0.00186244 -0.00127437 -0.00272817 -0.00230097 -0.00151647 -0.0014021 -0.00169865 -0.00141062 -0.00197123 -0.00129205 -0.0015684 -0.00159427 -0.00187752 -0.00254775 -0.00216368 -0.00167704 -0.00186759 -0.00146162 -0.00125621 -0.00187211 -0.00177672 -0.00174918 -0.00184736 -0.00175604 -0.00161621 -0.00207763 -0.00174334 -0.00191272 -0.00181087 -0.00180351 -0.00202676 -0.00189057 -0.00145754 -0.00178714 -0.00163321 -0.0016033 -0.00208711 -0.00139433 -0.00206347 -0.00231975 -0.00219842 -0.00178788 -0.00245261 -0.00215349 -0.00180197 -0.00247818 -0.00169421 -0.00171403 -0.00144823 -0.00207928 -0.003129 -0.00135838 -0.000542234 -0.00257366 -0.000515549 -0.000918351 -0.00237342 -0.00226755 -0.00157953 -0.00154486 -0.0017367 -0.00173306 -0.000493124 -0.00188433 -0.00188654 -0.00168298 -0.0014742 -0.00234353 -0.00174902 -0.00266145 -0.00206096 -0.00187298 
-0.00155924 -0.00218024 -0.00191272 -0.00100777 -0.00155558 -0.00112243 -0.00184699 0.00286349 0.00257951 0.00301747 0.00219744 0.00275904 0.137955 0.00280892 0.00335651 0.00291909 0.00171883 -0.00157041 -0.00270321 -0.000708778 -0.00263029 -0.00152006 -0.00227064 -0.00196747 -0.00193214 -0.00209392 -0.00213473 -0.00287346 -0.00234128 -0.00246343 -0.00295102 -0.00312363 -0.0018695 -0.00195387 -0.00216896 -0.00123577 -0.0012745 -0.00230235 -0.00144919 -0.00194697 -0.00197992 -0.00202138 -0.00236388 -0.00252384 -0.00174383 -0.00208597 -0.00128476 -0.00182797 -0.00273694 -0.00155397 -0.00195877 -0.00190876 -0.00148286 -0.000866015 -0.00164739 -0.00220668 -0.0020484 -0.00214704 -0.00212642 -0.001698 -0.00153655 -0.00140746 -0.00127784 -0.00167933 -0.000210287 -0.00135187 -0.00123832 -0.00143936 -0.00192304 -0.00086491 -0.0017462 -0.00239241 -0.00100452 -0.00133219 -0.00176909 -0.0015659 -0.0014878 -0.00128981 -0.00204137 -0.0012628 -0.00116773 -0.00254114 -0.00148568 -0.00207692 -0.00243141 -0.0020166 -0.00142483 -0.0016324 -0.00175298 -0.00216773 -0.00111946 -0.00167294 -0.00203883 -0.00161498 -0.00241757 -0.00196304 -0.00186025 -0.00159405 -0.00152288 -0.00197002 
-0.00135036 -0.00219779 -0.00134004 -0.00197359 -0.0020418 -0.0025869 -0.00216621 -0.0020238 0.00116691 0.00193035 0.00291575 0.00259235 0.00280892 0.137669 0.0045481 0.0018536 0.00302759 0.00250175 0.00368536 -0.00245228 -0.00157724 -0.00146124 -0.00227457 -0.00106947 -0.00237035 -0.00257869 -0.00222926 -0.00297277 -0.00212384 -0.00217097 -0.00343898 -0.00296293 -0.00192244 -0.00162587 -0.00195373 -0.00136107 -0.00144327 -0.00169993 -0.00153532 -0.00213384 -0.00180829 -0.00142583 -0.00200671 -0.00181276 -0.00208677 -0.00162057 -0.00261395 -0.00150723 -0.00184934 -0.00154769 -0.00260627 -0.000515155 -0.00181334 -0.0017815 -0.00233927 -0.00206973 -0.0015226 -0.00222184 -0.00174659 -0.00140662 -0.00165621 -0.00264495 -0.000656371 -0.00185381 -0.00228793 -0.00149758 -0.00190788 -0.00117909 -0.00162971 -0.00242536 -0.0018603 -0.00207916 -0.00144241 -0.00167628 -0.00145424 -0.000882045 -0.00136308 -0.00165186 -0.00174365 -0.00116447 -0.00216498 -0.00306073 -0.00115893 -0.0025835 -0.00178697 -0.00224683 -0.00236804 -0.000844461 -0.00161416 -0.00196769 -0.00181763 -0.00216901 -0.0014533 -0.00231177 -0.0018779 -0.00150713 -0.00156325 -0.00131066 -0.00119059 -0.00130523 
-0.00185274 -0.00180685 -0.00125296 -0.00147426 -0.00180243 -0.00236977 -0.00172739 -0.00192568 -0.00194384 -0.0020705 0.00232217 0.00248969 0.00335651 0.0045481 0.138105 0.00265663 0.00309082 0.00184261 0.00195382 0.00236254 -0.00131352 -0.00220688 -0.00171615 -0.00161126 -0.00143758 -0.00228168 -0.00233747 -0.00264405 -0.00250371 -0.00160962 -0.00227043 -0.00243335 -0.00163949 -0.00190352 -0.0023061 -0.00217622 -0.00281596 -0.00207169 -0.00116443 -0.00203378 -0.00177117 -0.00165971 -0.00240019 -0.0016044 -0.00135782 -0.00245499 -0.00192108 -0.00171327 -0.00183793 -0.00138305 -0.00200054 -0.00199005 -0.00191146 -0.00225107 -0.00225736 -0.000975509 -0.00171616 -0.00158437 -0.00209824 -0.00108549 -0.00179455 -0.00126558 -0.00141998 -0.00124214 -0.00175632 -0.00157822 -0.000952006 -0.00238373 -0.00107005 -0.00112219 -0.00132827 -0.00241999 -0.00191084 -0.00186972 -0.00174971 -0.00181272 -0.00148959 -0.00188311 -0.000692979 -0.000929218 -0.00236138 -0.00211182 -0.00149612 -0.00237285 -0.00202498 -0.00233602 -0.00185866 -0.00121836 -0.00112902 -0.00252257 -0.00139345 -0.000943194 -0.00173131 -0.00156319 -0.00212639 -0.00185182 -0.00255942 -0.00235143 -0.00233373 -0.00109397 
-0.00153127 -0.00299639 -0.00205687 -0.00206944 -0.00236708 -0.00192893 -0.00173086 -0.000853713 -0.00207532 -0.00170905 0.00305842 0.00257363 0.00291909 0.0018536 0.00265663 0.143539 0.00246063 0.00206275 0.00240896 0.00274908 -0.00217146 -0.00194656 -0.00261468 -0.00203993 -0.000929702 -0.00223978 -0.00171386 -0.00200533 -0.00119365 -0.00128017 -0.00238812 -0.00165039 -0.0012508 -0.00226787 -0.00187563 -0.00104776 -0.00199017 -0.00216951 -0.00254471 -0.00337425 -0.00222129 -0.00273567 -0.0028929 -0.0022399 -0.00269854 -0.00212906 -0.00128591 -0.00229717 -0.00188689 -0.00242408 -0.00164205 -0.00167127 -0.00153431 -0.00216738 -0.00187834 -0.00189009 -0.00140312 -0.00161555 -0.00192047 -0.00208939 -0.00178043 -0.0014167 -0.00174344 -0.00168882 -0.00169742 -0.00119574 -0.00177963 -0.00166742 -0.00170716 -0.00140412 -0.00124486 -0.00207586 -0.00189145 -0.000411701 -0.00149244 -0.00117166 -0.00156104 -0.0012216 -0.00141936 -0.00112858 -0.0019735 -0.0020323 -0.00220274 -0.00145693 -0.00132252 -0.0018363 -0.00206963 -0.000988961 -0.00190815 -0.00116908 -0.00109796 -0.00186372 -0.00164858 -0.00133046 -0.00275654 -0.00359802 -0.00234768 -0.00189918 -0.00252797 -0.00191544 
-0.0013779 -0.00300699 -0.00202986 -0.00122989 -0.00174493 -0.00204968 -0.00334301 -0.0024623 -0.0018366 -0.00161446 -0.00123358 0.00286238 0.00171883 0.00302759 0.00309082 0.00246063 0.146809 0.00349935 0.00203959 0.00346982 0.00300735 0.00299673 -0.00167192 -0.00236326 -0.000776083 -0.00302074 -0.00176689 -0.00270236 -0.00160287 -0.00219647 -0.00135048 -0.00241025 -0.00266809 -0.00168071 -0.000664959 -0.00248349 -0.00162346 -0.00149162 -0.00232652 -0.00163898 -0.00235933 -0.00181786 -0.00178129 -0.00216271 -0.00293503 -0.00241991 -0.00265664 -0.0021689 -0.00207854 -0.00289904 -0.00147684 -0.002984 -0.00107502 -0.00190639 -0.00284203 -0.00216318 -0.00267479 -0.00211123 -0.00169392 -0.00218328 -0.00145504 -0.00182013 -0.00174503 -0.00112949 -0.00139731 -0.00175214 -0.0015077 -0.00230662 -0.00141126 -0.0016616 -0.00177897 -0.00183016 -0.00287349 -0.00218783 -0.0021933 -0.00159226 -0.00170796 -0.00203234 -0.00210262 -0.00182272 -0.00168084 -0.00198756 -0.00233016 -0.00233837 -0.00195942 -0.00308184 -0.00231935 -0.00141984 -0.00211298 -0.00154975 -0.00154428 -0.00117408 -0.0025179 -0.00172221 -0.00209398 -0.00180443 -0.0016705 -0.00185316 -0.00153226 -0.00122322 
-0.0017892 -0.00179802 -0.0022165 -0.00201354 -0.00198452 -0.00271682 -0.00292309 -0.00259772 -0.00237387 -0.00130659 -0.00238035 -0.00136913 -0.00157041 0.00250175 0.00184261 0.00206275 0.00349935 0.149767 0.00335279 0.00380146 0.002766 0.00318594 0.00339805 -0.00147089 -0.00118471 -0.00226339 -0.00145298 -0.00287108 -0.00258979 -0.00103163 -0.00160041 -0.00173007 -0.00191511 -0.00102706 -0.00223537 -0.00151584 -0.0018247 -0.00180251 -0.00129638 -0.00229355 -0.00237924 -0.00257777 -0.00193948 -0.00254645 -0.00235597 -0.00252152 -0.00211945 -0.00166199 -0.00189337 -0.0012026 -0.00207817 -0.0023232 -0.0022626 -0.00287515 -0.00127283 -0.00203685 -0.00263704 -0.00140187 -0.00266954 -0.00142551 -0.00223739 -0.00164554 -0.0021965 -0.00226587 -0.00154354 -0.00178383 -0.00198761 -0.0021235 -0.00258964 -0.00203516 -0.00147015 -0.00283695 -0.00177411 -0.00123028 -0.00180089 -0.00162929 -0.000671207 -0.00161776 -0.00227489 -0.00192731 -0.00171153 -0.00239103 -0.00207269 -0.00193119 -0.00113347 -0.00169373 -0.00209065 -0.00169316 -0.0016364 -0.00217469 -0.00253718 -0.00229817 -0.00130744 -0.00179043 -0.00229381 -0.00217384 -0.00239422 -0.00241885 -0.00201749 -0.00145045 
-0.0017972 -0.00123795 -0.00145887 -0.00252115 -0.00145916 -0.00169312 -0.00217747 -0.00201618 -0.00293092 -0.00172533 -0.000755056 -0.00199114 -0.00270321 0.00368536 0.00195382 0.00240896 0.00203959 0.00335279 0.148316 0.00351307 0.00202758 0.00274854 0.00292424 -0.00263336 -0.00241409 -0.00239216 -0.00184886 -0.00235248 -0.00291295 -0.00156645 -0.00228753 -0.00189137 -0.00105558 -0.00264665 -0.00278477 -0.00133501 -0.00240173 -0.00230227 -0.00163511 -0.00221018 -0.00246016 -0.00119346 -0.00225421 -0.00193148 -0.00196927 -0.0018022 -0.00190199 -0.00185159 -0.00216771 -0.00281712 -0.00154789 -0.00116118 -0.000425063 -0.00131935 -0.00234678 -0.000875382 -0.00172075 -0.00152579 -0.0014876 -0.0011166 -0.00175143 -0.00218667 -0.00106317 -0.00213586 -0.00181813 -0.00231913 -0.0017373 -0.00135565 -0.00239888 -0.00273329 -0.00276697 -0.00106586 -0.00175916 -0.00338058 -0.00140025 -0.00151384 -0.00143849 -0.00139955 -0.00112653 -0.00252263 -0.0018878 -0.00193012 -0.00139314 -0.00236413 -0.00207824 -0.00264928 -0.00171995 -0.00219781 -0.00290586 -0.00160388 -0.0020665 -0.00230015 -0.00163228 -0.00154525 -0.00228867 -0.00203618 -0.00235772 -0.00132987 -0.00201827 -0.00177869 
-0.00198966 -0.00228276 -0.00170017 -0.00250628 -0.00286349 -0.00237905 -0.0018204 -0.00281201 -0.00196075 -0.00244153 -0.00261073 -0.00131641 -0.000708778 -0.00245228 0.00236254 0.00274908 0.00346982 0.00380146 0.00351307 0.151065 0.00334368 0.00370332 0.00361384 0.00334414 0.00319454 -0.00159726 -0.00204187 -0.00199533 -0.00174289 -0.00182348 -0.00214259 -0.00180124 -0.0015536 -0.00163119 -0.00218785 -0.00197437 -0.00297312 -0.00101339 -0.00145505 -0.00208547 -0.00192549 -0.00216635 -0.00286199 -0.00162419 -0.00195482 -0.001744 -0.00269707 -0.00230216 -0.00278052 -0.00187781 -0.00233274 -0.00237925 -0.00228845 -0.00187661 -0.0020498 -0.00312991 -0.0016102 -0.00222837 -0.00202305 -0.00132215 -0.00233412 -0.00159947 -0.00137369 -0.00180286 -0.00181479 -0.00162541 -0.00105593 -0.00228749 -0.00204568 -0.0013759 -0.00206342 -0.00132189 -0.00169612 -0.00252023 -0.00198217 -0.00207389 -0.00263822 -0.00272668 -0.00221542 -0.00206396 -0.00211291 -0.00261204 -0.00242899 -0.00232704 -0.00255121 -0.00287594 -0.00131736 -0.00123504 -0.00168021 -0.00258937 -0.00245138 -0.00176012 -0.00194324 -0.00255703 -0.00288777 -0.00262196 -0.00215346 -0.00225814 -0.00208271 -0.00205897 
-0.00173987 -0.0023028 -0.00270377 -0.00225727 -0.00188932 -0.00224099 -0.00191737 -0.0029008 -0.00224113 -0.00205641 -0.00174195 -0.00217519 -0.00263029 -0.00157724 -0.00131352 -0.00217146 0.00300735 0.002766 0.00202758 0.00334368 0.146483 0.00462752 0.00298135 0.003008 0.00384322 0.00214182 -0.00192166 -0.00205022 -0.00260732 -0.00207866 -0.00132262 -0.00136625 -0.00285949 -0.00200441 -0.00188057 -0.00148904 -0.0027608 -0.00230966 -0.00245224 -0.00208454 -0.00235958 -0.00142841 -0.00206115 -0.00200617 -0.0025927 -0.00178478 -0.00183843 -0.00221285 -0.00228651 -0.00190467 -0.00139042 -0.00142141 -0.00185791 -0.00222131 -0.00186792 -0.00136098 -0.00270877 -0.00140449 -0.00255402 -0.00116703 -0.00243745 -0.00227018 -0.00144205 -0.00225952 -0.00198521 -0.00192506 -0.00151756 -0.00258236 -0.00123266 -0.00204477 -0.00155339 -0.00185887 -0.0023229 -0.00164725 -0.0012353 -0.00164215 -0.00161033 -0.00176988 -0.000761825 -0.00139802 -0.00141739 -0.00205649 -0.000483351 -0.00304286 -0.0014168 -0.00158544 -0.00115945 -0.00192396 -0.00092357 -0.00231353 -0.00220786 -0.00101728 -0.00248712 -0.00216115 -0.00254776 -0.00256278 -0.00160519 -0.00312349 -0.00169353 -0.00152723 
-0.00221825 -0.00257436 -0.0020827 -0.00167524 -0.00233923 -0.00165855 -0.000933005 -0.00171578 -0.00131518 -0.00141592 -0.00201759 -0.00124976 -0.00152006 -0.00146124 -0.00220688 -0.00194656 0.00299673 0.00318594 0.00274854 0.00370332 0.00462752 0.149622 0.00363636 0.00167574 0.00237134 0.00284105 -0.00188184 -0.00189283 -0.00272079 -0.001262 -0.00226953 -0.00240916 -0.00174876 -0.00200468 -0.00197147 -0.00216529 -0.00248342 -0.00220635 -0.00270515 -0.00196351 -0.00135441 -0.00260313 -0.00283711 -0.00158617 -0.00287859 -0.00136523 -0.00157696 -0.00345956 -0.00208487 -0.00221517 -0.00178397 -0.00214346 -0.00156186 -0.00193678 -0.00227835 -0.0026635 -0.00189373 -0.00149356 -0.00237877 -0.00271116 -0.00251427 -0.00228776 -0.00279898 -0.00195713 -0.00208372 -0.00181081 -0.00226386 -0.00142324 -0.001663 -0.00238566 -0.00164172 -0.00161846 -0.00182468 -0.0020596 -0.0017782 -0.0021918 -0.00112789 -0.00145213 -0.00136122 -0.00273061 -0.00218775 -0.00270768 -0.000720553 -0.00255071 -0.00210222 -0.00216696 -0.00246135 -0.00151113 -0.00255527 -0.00190909 -0.00176526 -0.00172028 -0.00180308 -0.00140765 -0.00160041 -0.00166933 -0.00254963 -0.00153909 -0.000797228 -0.00188823 
-0.00154259 -0.0017197 -0.00253991 -0.00179099 -0.00152473 -0.00183921 -0.00218276 -0.00201964 -0.0022665 -0.00291723 -0.00259162 -0.00205357 -0.00227064 -0.00227457 -0.00171615 -0.00261468 -0.00167192 0.00339805 0.00292424 0.00361384 0.00298135 0.00363636 0.147653 0.00280757 0.00211552 0.00311697 0.00192 -0.001547 -0.00164204 -0.00156835 -0.00176084 -0.000673739 -0.00271867 -0.00143259 -0.00128533 -0.0025418 -0.00147699 -0.00179806 -0.00229681 -0.00144588 -0.0016191 -0.00187647 -0.00151802 -0.00264125 -0.00154071 -0.00176616 -0.00245485 -0.00199332 -0.00214945 -0.00188108 -0.00206778 -0.0019044 -0.00164194 -0.0015707 -0.00200663 -0.00196258 -0.00184744 -0.00127211 -0.0019184 -0.00205207 -0.00254356 -0.00215889 -0.00204155 -0.0010386 -0.00278841 -0.00148952 -0.00203995 -0.00218265 -0.00162681 -0.00161041 -0.00133495 -0.00202656 -0.00223639 -0.00289488 -0.00118825 -0.00245861 -0.00195312 -0.00126129 -0.00243864 -0.0018906 -0.00141022 -0.0012872 -0.00219618 -0.00198524 -0.00205166 -0.0021283 -0.00216208 -0.00155958 -0.00290931 -0.00276239 -0.00175121 -0.00238175 -0.00240104 -0.0019323 -0.001626 -0.00240259 -0.00232154 -0.00139904 -0.00194548 -0.000941084 
-0.000562093 -0.00140584 -0.00182438 -0.00162259 -0.0016024 -0.00178137 -0.00191268 -0.00120175 -0.00163618 -0.00197967 -0.00347243 -0.00201407 -0.00196747 -0.00106947 -0.00161126 -0.00203993 -0.00236326 -0.00147089 -0.00263336 0.00334414 0.003008 0.00167574 0.00280757 0.145329 0.00276943 0.00294142 0.00373626 0.00319761 -0.00173608 -0.000812376 -0.00144152 -0.0020059 -0.00223234 -0.00177454 -0.00183866 -0.00217909 -0.000589962 -0.00240852 -0.00206177 -0.00213826 -0.00126029 -0.00173209 -0.00151177 -0.00257027 -0.00244013 -0.00220633 -0.00190493 -0.00163508 -0.00153193 -0.00205064 -0.001817 -0.00183909 -0.00111275 -0.00133006 -0.00211216 -0.00212017 -0.00255519 -0.00111684 -0.00242785 -0.00147852 -0.00176345 -0.00151558 -0.00199926 -0.00169318 -0.00106406 -0.00199718 -0.00114003 -0.00226822 -0.00294422 -0.000877788 -0.00243171 -0.00151356 -0.00188801 -0.00128562 -0.00214313 -0.00246616 -0.00225213 -0.00241285 -0.0022702 -0.00276869 -0.0022058 -0.00226597 -0.00174768 -0.0019516 -0.00243032 -0.00219997 -0.00150874 -0.00152484 -0.00150135 -0.00132483 -0.00238036 -0.00303949 -0.0012602 -0.00202117 -0.00105865 -0.0023053 -0.00214747 -0.00128664 -0.00195271 -0.00185829 
-0.00176664 -0.00203621 -0.00215929 -0.00278155 -0.00266148 -0.00165163 -0.00160915 -0.00232374 -0.00148551 -0.00194114 -0.00199102 -0.0026874 -0.00193214 -0.00237035 -0.00143758 -0.000929702 -0.000776083 -0.00118471 -0.00241409 0.00319454 0.00384322 0.00237134 0.00211552 0.00276943 0.152138 0.00310422 0.00264006 0.00147459 0.00275459 0.00256248 -0.0013695 -0.00126908 -0.00304452 -0.00259378 -0.00201243 -0.0025806 -0.00183339 -0.00108107 -0.00184613 -0.00133805 -0.00173087 -0.00235809 -0.00239229 -0.00206273 -0.00178327 -0.00315018 -0.00192376 -0.00136216 -0.00239796 -0.00232551 -0.00149124 -0.00204975 -0.00222331 -0.00221687 -0.00113341 -0.0023659 -0.00192811 -0.00108966 -0.00201597 -0.00161204 -0.00262481 -0.00187043 -0.00278513 -0.00171898 -0.00195596 -0.00313853 -0.00186113 -0.00249122 -0.00187196 -0.00227446 -0.0023227 -0.00219208 -0.00189153 -0.0018403 -0.00161813 -0.0017247 -0.00245395 -0.00222751 -0.00178645 -0.00205679 -0.00148637 -0.00348408 -0.00174686 -0.0020327 -0.00178055 -0.00255326 -0.00212345 -0.00244434 -0.00250622 -0.00193199 -0.00271284 -0.00236508 -0.0021114 -0.000678185 -0.00142043 -0.00160115 -0.00325191 -0.00187129 -0.00122586 -0.00221172 
-0.00233783 -0.00163063 -0.00203383 -0.00235982 -0.0020308 -0.00191754 -0.00167132 -0.00240048 -0.00250667 -0.00200326 -0.00124803 -0.00266079 -0.00209392 -0.00257869 -0.00228168 -0.00223978 -0.00302074 -0.00226339 -0.00239216 -0.00159726 0.00214182 0.00284105 0.00311697 0.00294142 0.00310422 0.141931 0.00248744 0.00424417 0.00250733 0.00328522 0.00259416 -0.000307326 -0.00164642 -0.00240753 -0.00288229 -0.00208861 -0.00151069 -0.00230181 -0.00202779 -0.00203263 -0.00211537 -0.00163581 -0.00191416 -0.00168306 -0.00225546 -0.00131558 -0.00226905 -0.00134416 -0.00210966 -0.00173549 -0.00181834 -0.00216095 -0.00161309 -0.0025765 -0.00144629 -0.0016776 -0.000882481 -0.00135814 -0.00191761 -0.0024223 -0.00174834 -0.00128939 -0.00241877 -0.00163078 -0.00203322 -0.00174109 -0.0023541 -0.00219913 -0.00249166 -0.00187884 -0.00210983 -0.00190486 -0.00113056 -0.00110238 -0.00216148 -0.00189033 -0.00158408 -0.00136399 -0.00208214 -0.00194887 -0.0012054 -0.0015307 -0.0025605 -0.00193364 -0.00219183 -0.00143385 -0.00223591 -0.00167899 -0.00190232 -0.00129644 -0.00206379 -0.00268914 -0.00139359 -0.00129436 -0.00180628 -0.00280139 -0.00180217 -0.00166976 -0.00185728 -0.00205877 
-0.000950736 -0.00242647 -0.00211763 -0.00183721 -0.0017435 -0.00245634 -0.00233941 -0.00241978 -0.00224396 -0.00221144 -0.00248802 -0.00182544 -0.00213473 -0.00222926 -0.00233747 -0.00171386 -0.00176689 -0.00145298 -0.00184886 -0.00204187 -0.00192166 -0.00188184 0.00192 0.00373626 0.00264006 0.00248744 0.144021 0.0016982 0.00278791 0.00377142 0.00385168 0.00368228 -0.00209609 -0.00168534 -0.00266611 -0.00150262 -0.0029689 -0.00225238 -0.00124903 -0.00205575 -0.00164931 -0.00247711 -0.00178751 -0.00169714 -0.00199397 -0.00177155 -0.00160074 -0.000900734 -0.00235905 -0.00174577 -0.00122236 -0.00225784 -0.00262222 -0.00253885 -0.00254757 -0.00183795 -0.00158508 -0.00232418 -0.00146708 -0.00237696 -0.00148791 -0.00176527 -0.00240578 -0.00202897 -0.00200769 -0.00128974 -0.00230191 -0.00173218 -0.00152049 -0.00237161 -0.00104161 -0.00135432 -0.001828 -0.000987668 -0.00147209 -0.0023907 -0.00105527 -0.00141758 -0.00111174 -0.00234805 -0.00089444 -0.00127753 -0.00236843 -0.00188013 -0.00197984 -0.00132217 -0.00254119 -0.00229072 -0.00215881 -0.00182313 -0.00198371 -0.00197571 -0.00222499 -0.00237301 -0.00185941 -0.00125503 -0.00175364 -0.00214714 -0.00110719 -0.00183271 
-0.00189283 -0.00250858 -0.00201702 -0.00211432 -0.000663634 -0.00184096 -0.00193783 -0.00142163 -0.000922627 -0.00246239 -0.00182073 -0.00211401 -0.00287346 -0.00297277 -0.00264405 -0.00200533 -0.00270236 -0.00287108 -0.00235248 -0.00199533 -0.00205022 -0.00189283 -0.001547 0.00319761 0.00147459 0.00424417 0.0016982 0.135739 0.00306828 0.00265542 0.00309752 0.0033872 0.00234854 -0.00185705 -0.00127251 -0.00116836 -0.00124273 -0.000898829 -0.00163869 -0.00214405 -0.00244902 -0.00104754 -0.00195386 -0.00216228 -0.00269809 -0.00194533 -0.00136579 -0.00146492 -0.00272059 -0.00135338 -0.00122207 -0.0023204 -0.00210738 -0.00134306 -0.00242715 -0.00158176 -0.000795308 -0.00136871 -0.00209753 -0.0020059 -0.00154622 -0.00146288 -0.00179515 -0.00120517 -0.00184636 -0.00225704 -0.0020568 -0.00212238 -0.00165835 -0.00182517 -0.00130339 -0.00238486 -0.00180514 -0.000862139 -0.0015931 -0.00153333 -0.00187838 -0.00145787 -0.00180144 -0.00264174 -0.00159987 -0.00138232 -0.00210685 -0.00197911 -0.00115581 -0.0017877 -0.00234477 -0.00234297 -0.00156199 -0.00143476 -0.0011361 -0.00121658 -0.00158793 -0.00140058 -0.00135732 -0.00155564 -0.00130924 -0.00131895 -0.00119327 -0.00182625 
-0.00155001 -0.00210811 -0.00164895 -0.00268563 -0.00147109 -0.00215577 -0.00171442 -0.00263709 -0.00221429 -0.00193348 -0.00199806 -0.00186244 -0.00234128 -0.00212384 -0.00250371 -0.00119365 -0.00160287 -0.00258979 -0.00291295 -0.00174289 -0.00260732 -0.00272079 -0.00164204 -0.00173608 0.00275459 0.00250733 0.00278791 0.00306828 0.134046 0.0027363 0.00233244 0.00206825 0.0010973 0.00219558 -0.00193278 -0.00203919 -0.00166645 -0.00125235 -0.00131366 -0.00213005 -0.00153748 -0.00152447 -0.00193375 -0.00150597 -0.000986259 -0.00241037 -0.00137526 -0.00107929 -0.00182541 -0.00144246 -0.00128017 -0.000532929 -0.00147195 -0.00117452 -0.00248703 -0.00134376 -0.00126435 -0.0016338 -0.00129376 -0.00214936 -0.00220168 -0.00145945 -0.00132845 -0.00128225 -0.00157481 -0.00162715 -0.00237092 -0.00244578 -0.00224859 -0.0023725 -0.0012684 -0.00195233 -0.00170153 -0.00122197 -0.00225972 -0.00217972 -0.00172081 -0.00191541 -0.00240634 -0.00166055 -0.000925808 -0.00156645 -0.00190239 -0.000668185 -0.000898201 -0.00131715 -0.00149182 -0.000816464 -0.00170095 -0.00198281 -0.000962967 -0.00187066 -0.00130357 -0.00174342 -0.00139975 -0.00133557 -0.0013654 -0.00126525 -0.00151304 -0.00208201 
-0.00135126 -0.00227005 -0.00133088 -0.00197786 -0.00206709 -0.00237874 -0.00175769 -0.00191256 -0.00175797 -0.00186174 -0.00232316 -0.00127437 -0.00246343 -0.00217097 -0.00160962 -0.00128017 -0.00219647 -0.00103163 -0.00156645 -0.00182348 -0.00207866 -0.001262 -0.00156835 -0.000812376 0.00256248 0.00328522 0.00377142 0.00265542 0.0027363 0.137487 0.00276997 0.00263913 0.00160336 0.00152401 -0.00179779 -0.00109905 -0.0016825 -0.00244962 -0.00215059 -0.000823949 -0.00136182 -0.00234649 -0.00108967 -0.00146529 -0.00166871 -0.00171872 -0.00178781 -0.00204838 -0.00280542 -0.00159563 -0.00150853 -0.00226557 -0.00135126 -0.00136263 -0.00164835 -0.00222998 -0.00158838 -0.00188521 -0.00150141 -0.00191168 -0.00189358 -0.00239411 -0.00150236 -0.00196073 -0.00100089 -0.00157311 -0.00201731 -0.00250766 -0.00193197 -0.00232909 -0.00103715 -0.00155936 -0.00178998 -0.00170645 -0.00195771 -0.00222397 -0.00153635 -0.00205739 -0.00150247 -0.0026778 -0.00163495 -0.00158196 -0.00100407 -0.00198322 -0.000817216 -0.00224461 -0.00163387 -0.00175732 -0.00157025 -0.00229254 -0.00209862 -0.00174016 -0.0019201 -0.00152453 -0.00246004 -0.00160639 -0.00203954 -0.00200645 -0.00264632 -0.00204144 
-0.00177887 -0.00205942 -0.00162544 -0.00243763 -0.00235108 -0.00193326 -0.00153718 -0.00234143 -0.00140218 -0.00230252 -0.000907843 -0.00272817 -0.00295102 -0.00343898 -0.00227043 -0.00238812 -0.00135048 -0.00160041 -0.00228753 -0.00214259 -0.00132262 -0.00226953 -0.00176084 -0.00144152 -0.0013695 0.00259416 0.00385168 0.00309752 0.00233244 0.00276997 0.138249 0.00399255 0.00343591 0.00204806 0.00287241 0.00193859 -0.00149752 -0.000955346 -0.00211906 -0.00168515 -0.00157754 -0.00131507 -0.00154597 -0.00192421 -0.00230858 -0.000859771 -0.00171033 -0.0019391 -0.00190031 -0.00206816 -0.00105543 -0.0017596 -0.00192969 -0.00213139 -0.00179844 -0.00176369 -0.00160474 -0.00177487 -0.00272739 -0.00184032 -0.00209873 -0.00210499 -0.00238237 -0.00198031 -0.00231431 -0.00232355 -0.00212516 -0.0020541 -0.0023534 -0.00245882 -0.00117294 -0.0021459 -0.00211065 -0.00193327 -0.00101769 -0.00159315 -0.00164026 -0.000785027 -0.00246287 -0.00179149 -0.00148587 -0.000889876 -0.0025041 -0.00288834 -0.00213925 -0.00139345 -0.00204604 -0.00122039 -0.00137542 -0.00248093 -0.00232086 -0.0022364 -0.00183709 -0.00187594 -0.00220726 -0.00173181 -0.00166764 -0.00143204 -0.00156204 -0.00124834 
-0.00156953 -0.0024303 -0.00124127 -0.00193251 -0.00178212 -0.00256384 -0.00176007 -0.00236885 -0.00258442 -0.00239099 -0.00102174 -0.00230097 -0.00312363 -0.00296293 -0.00243335 -0.00165039 -0.00241025 -0.00173007 -0.00189137 -0.00180124 -0.00136625 -0.00240916 -0.000673739 -0.0020059 -0.00126908 -0.000307326 0.00368228 0.0033872 0.00206825 0.00263913 0.00399255 0.132725 0.00218615 0.00214182 0.00191711 0.00242906 0.00165337 -0.00109649 -0.00157254 -0.00187244 -0.0014161 -0.00175353 -0.00199511 -0.00225408 -0.00187478 -0.00224659 -0.00192882 -0.00214319 -0.00203281 -0.00199524 -0.00135766 -0.00236179 -0.00266701 -0.00138653 -0.00243231 -0.00143683 -0.00147796 -0.00136262 -0.00183579 -0.00217303 -0.00229521 -0.00110453 -0.00214368 -0.00121731 -0.00185541 -0.00184697 -0.00193146 -0.00155339 -0.00190971 -0.00201555 -0.0011612 -0.00188445 -0.00213998 -0.00116545 -0.00175802 -0.000875143 -0.00171248 -0.00145358 -0.00173451 -0.00147894 -0.00163619 -0.00116851 -0.00267511 -0.00129536 -0.00220548 -0.00123886 -0.00132546 -0.00265499 -0.000636065 -0.000945457 -0.000627589 -0.00224983 -0.00138826 -0.0022 -0.00165671 -0.00207316 -0.00205592 -0.00162976 -0.00198055 -0.00128691 
-0.00160679 -0.0020394 -0.0012819 -0.00145131 -0.0010997 -0.00211835 -0.000512307 -0.00104719 -0.00207804 -0.00210454 -0.00202457 -0.00151647 -0.0018695 -0.00192244 -0.00163949 -0.0012508 -0.00266809 -0.00191511 -0.00105558 -0.0015536 -0.00285949 -0.00174876 -0.00271867 -0.00223234 -0.00304452 -0.00164642 -0.00209609 0.00234854 0.0010973 0.00160336 0.00343591 0.00218615 0.124707 0.00162782 0.00174767 0.00183873 0.00209482 0.00197957 -0.00136329 -0.00176487 -0.00212648 -0.00165419 -0.00194431 -0.00193953 -0.00148456 -0.00137244 -0.00163538 -0.00157383 -0.00136463 -0.00165603 -0.00176267 -0.00116329 -0.00175743 -0.00111018 -0.00172439 -0.00143625 -0.000897279 -0.00172128 -0.00207987 -0.00132176 -0.00158373 -0.000766334 -0.00164398 -0.000835545 -0.00152858 -0.00137727 -0.00215476 -0.00164327 -0.00198665 -0.00118973 -0.00147766 -0.00200966 -0.00161254 -0.000563711 -0.00223213 -0.00140484 -0.00142984 -0.00131416 -0.00178492 -0.00150301 -0.00171039 -0.00170689 -0.00238498 -0.00137129 -0.0012143 -0.00192127 -0.00120538 -0.00145637 -0.000604516 -0.0017445 -0.00148512 -0.001799 -0.00110359 -0.00149378 -0.00156474 -0.00224777 -0.000833203 -0.00127542 -0.00204368 -0.00150336 
