0.125169 0.00336118 0.00130535 0.00252165 0.000870053 0.00168361 -0.000830635 -0.00138458 -0.00176064 -0.00166177 -0.00142693 -0.0017334 -0.00102629 -0.00186078 -0.0016338 -0.00141401 -0.00120614 -0.00246781 -0.00236864 -0.00236694 -0.00236158 -0.00138399 -0.000845552 -0.00167477 -0.00143448 -0.00208221 -0.00115253 -0.00208339 -0.00160668 -0.00169999 -0.00261324 -0.00126881 -0.00134603 -0.00159467 -0.00142901 -0.00121467 -0.0015686 -0.00218889 -0.00210206 -0.0013787 -0.00123879 -0.0016068 -0.00168551 -0.00176787 -0.00221906 -0.0020736 -0.00215329 -0.00181593 -0.000818943 -0.000859244 -0.00107106 -0.00177083 -0.00163384 -0.00140603 -0.00133592 -0.0017117 -0.0021484 -0.00165881 -0.001723 -0.0015427 -0.00187076 -0.00156055 -0.00122511 -0.00189157 -0.00218923 -0.00102635 -0.00177901 -0.00226055 -0.00219179 -0.00165849 -0.00152261 -0.00156677 -0.00150602 -0.00206826 -0.00110684 -0.00173952 -0.00169089 -0.00169357 -0.00130683 -0.00151558 -0.000643431 -0.00181662 -0.00169469 -0.00159822 -0.00156257 -0.00176553 -0.00188009 -0.000892682 -0.00159106 -0.00104223 -0.00137736 -0.00210882 -0.0016942 -0.00151466 -0.000945192 -0.000972159 0.0026091 0.00244479 0.00223078 0.00268827 
0.00336118 0.129089 0.00192914 0.0031863 0.00183609 0.00234849 0.00137241 -0.00113881 -0.00172392 -0.00126498 -0.000245392 -0.00132384 -0.00207326 -0.00252137 -0.00245107 -0.00230298 -0.00245521 -0.00209076 -0.0013502 -0.00244356 -0.00122745 -0.00212872 -0.00271761 -0.0014841 -0.00142618 -0.00201668 -0.0026259 -0.00124997 -0.00196553 -0.00135933 -0.00144517 -0.00253658 -0.00118722 -0.00147453 -0.000853064 -0.00107545 -0.001734 -0.00162013 -0.00177924 -0.00168908 -0.00197893 -0.00183336 -0.00231832 -0.0016746 -0.00141182 -0.00122753 -0.00192585 -0.00109901 -0.00102079 -0.00169884 -0.00149883 -0.000765136 -0.00179312 -0.00144938 -0.00174455 -0.00123829 -0.00142429 -0.00184172 -0.00178349 -0.0014548 -0.002287 -0.0020186 -0.00212007 -0.00191927 -0.00198056 -0.00228722 -0.00142628 -0.00238659 -0.0013794 -0.00139454 -0.00170031 -0.00166814 -0.00150828 -0.00174295 -0.00215346 -0.00230907 -0.00151783 -0.00225665 -0.00161572 -0.00199752 -0.0018315 -0.00153446 -0.00132644 -0.00177903 -0.00176888 -0.00176725 -0.001011 -0.00171729 -0.00147096 -0.000806462 -0.000726012 -0.00152992 -0.000832848 -0.00110672 -0.00190577 -0.00110567 -0.000896347 0.00157059 0.00192439 0.00233216 
0.00130535 0.00192914 0.126773 0.00259548 0.0023433 0.00181215 0.00155986 0.0020936 -0.00136959 -0.00179243 -0.00130943 -0.00280794 -0.000780089 -0.00229231 -0.00266236 -0.00201719 -0.00152882 -0.00233347 -0.00187667 -0.00174671 -0.00179714 -0.00191001 -0.00192144 -0.00193149 -0.00183032 -0.0022742 -0.00100647 -0.00154314 -0.00162182 -0.00173489 -0.00211823 -0.00183968 -0.00170785 -0.00256572 -0.00140753 -0.00140192 -0.0026004 -0.00146245 -0.00206571 -0.00177621 -0.000996158 -0.0010292 -0.00273946 -0.00109076 -0.00114139 -0.00169212 -0.00132353 -0.00127728 -0.00142918 -0.00212312 -0.00154432 -0.00226519 -0.00129274 -0.00249656 -0.00169169 -0.00102158 -0.00144833 -0.00188649 -0.00148128 -0.00168444 -0.0016066 -0.00143952 -0.0019137 -0.00126104 -0.00168746 -0.00116123 -0.00239344 -0.00147209 -0.00118632 -0.00123255 -0.00150972 -0.00236518 -0.00119991 -0.00169378 -0.00154489 -0.00160768 -0.00113078 -0.00110985 -0.00131095 -0.00106707 -0.00132361 -0.00151605 -0.00125613 -0.00109276 -0.00153271 -0.000944091 -0.000926203 -0.00132219 -0.00078283 -0.000872934 -0.00131292 -0.00164538 -0.00240755 -0.00104186 -0.0015748 -0.00155805 -0.00197753 -0.00184304 0.00286002 0.00224115 
0.00252165 0.0031863 0.00259548 0.124683 0.00180844 0.00173243 0.00235166 0.00241542 0.00132765 -0.00129475 -0.000915951 -0.00172877 -0.00198526 -0.000986924 -0.00145031 -0.00140176 -0.00124366 -0.00231466 -0.00190148 -0.00203638 -0.0016821 -0.00166586 -0.00171242 -0.00199074 -0.00229832 -0.00162685 -0.00211685 -0.000948732 -0.00175006 -0.00234735 -0.00152575 -0.00185317 -0.00137741 -0.00256456 -0.00155832 -0.00197206 -0.0016652 -0.00130689 -0.00177791 -0.00158273 -0.00137825 -0.00106641 -0.00143941 -0.00155601 -0.00116016 -0.00134682 -0.00200665 -0.00201824 -0.000862803 -0.00164238 -0.00214494 -0.000998393 -0.00155609 -0.00184948 -0.00160855 -0.00162066 -0.00149429 -0.0014832 -0.00121326 -0.00112759 -0.00215572 -0.00132091 -0.00147636 -0.00141183 -0.00185427 -0.000783104 -0.00224637 -0.00207136 -0.00159443 -0.00114774 -0.00138785 -0.000969368 -0.00094898 -0.00193294 -0.00146007 -0.00210302 -0.00285998 -0.00181477 -0.00156288 -0.00154633 -0.00135555 -0.000642489 -0.00105423 -0.00171455 -0.00175071 -0.00221939 -0.0012708 -0.00197061 -0.00158591 -0.00176549 -0.00151625 -0.00193707 -0.00173283 -0.00266486 -0.00130546 -0.000640518 -0.002047 -0.00110788 -0.00120477 0.001669 
0.000870053 0.00183609 0.0023433 0.00180844 0.128551 0.00244085 0.00281387 0.00293645 0.000982937 0.00151714 -0.00108613 -0.00164406 -0.000803702 -0.00253481 -0.002013 -0.00154965 -0.00177206 -0.00229666 -0.00165819 -0.000879361 -0.00109118 -0.00277035 -0.000876835 -0.00239506 -0.00196781 -0.00242812 -0.00187993 -0.00180019 -0.00183539 -0.0022105 -0.00234555 -0.00238435 -0.0021808 -0.00169604 -0.00190522 -0.00181034 -0.00132132 -0.00187584 -0.00173147 -0.00145528 -0.00124544 -0.000895916 -0.00218401 -0.00181033 -0.00181943 -0.0019355 -0.00178572 -0.00186381 -0.00114845 -0.000697432 -0.000838585 -0.00126076 -0.00150217 -0.00153349 -0.00137266 -0.00172535 -0.00173121 -0.0015202 -0.000980524 -0.00135684 -0.00155115 -0.00236047 -0.00142499 -0.00194498 -0.00155986 -0.00138596 -0.00145793 -0.00213844 -0.00172309 -0.00112636 -0.00117138 -0.00126034 -0.00156377 -0.00166779 -0.00140756 -0.000993545 -0.00190968 -0.00195702 -0.00171004 -0.00164523 -0.00124703 -0.00171105 -0.000879779 -0.00123572 -0.00150827 -0.00180353 -0.00235317 -0.00142015 -0.00200969 -0.00133978 -0.00168536 -0.00173074 -0.00151251 -0.00215498 -0.00138847 -0.00119581 -0.00188965 -0.00123153 -0.00123049 -0.00120601 
0.00168361 0.00234849 0.00181215 0.00173243 0.00244085 0.128351 0.00281054 0.00279083 0.00201624 0.00216592 0.00311947 -0.00207857 -0.00118904 -0.00283782 -0.000175019 -0.00106877 -0.00243272 -0.0022601 -0.0016242 -0.00209793 -0.00168615 -0.001606 -0.00219375 -0.0014187 -0.00246504 -0.00264376 -0.00285289 -0.0018476 -0.00108996 -0.00184662 -0.00185388 -0.00128969 -0.00195029 -0.00218817 -0.0020953 -0.00173784 -0.00172321 -0.000739871 -0.00160148 -0.00151357 -0.00180967 -0.000799491 -0.00189506 -0.00159661 -0.00161065 -0.00130892 -0.000896013 -0.0017449 -0.001385 -0.00178481 -0.000992281 -0.00144229 -0.00161664 -0.00214233 -0.00203558 -0.00157756 -0.00217137 -0.00179175 -0.00188439 -0.00222511 -0.00232374 -0.0018701 -0.00229645 -0.00114734 -0.00113694 -0.00131324 -0.00236499 -0.00178036 -0.00189165 -0.00113715 -0.00146858 -0.00194234 -0.00169903 -0.00236242 -0.00117817 -0.000941545 -0.00151734 -0.00284838 -0.00140896 -0.000984135 -0.00161947 -0.00170909 -0.000582171 -0.00170544 -0.00184912 -0.00174303 -0.00195228 -0.00178026 -0.0017337 -0.00175636 -0.00134041 -0.00140663 -0.00130699 -0.00167395 -0.00189138 -0.00160735 -0.00208888 -0.00141694 -0.00150935 -0.00216795 
-0.000830635 0.00137241 0.00155986 0.00235166 0.00281387 0.00281054 0.122477 0.00258566 0.00204395 0.00189218 0.00169047 0.00208314 -0.000954148 -0.00187182 -0.00153868 -0.000853175 -0.00168142 -0.00301356 -0.00237461 -0.00124414 -0.00136005 -0.00246203 -0.00142077 -0.00131489 -0.00242782 -0.00184299 -0.00154725 -0.000956932 -0.00241066 -0.00124544 -0.00158187 -0.00213925 -0.00185083 -0.0012143 -0.00170193 -0.00120536 -0.000657956 -0.001066 -0.0016471 -0.00152654 -0.00117131 -0.00136194 -0.00147624 -0.00194177 -0.00221908 -0.00169393 -0.00179053 -0.00195034 -0.00104901 -0.00244648 -0.00193577 -0.00204373 -0.00154631 -0.00161761 -0.00163476 -0.00189466 -0.00185096 -0.00166446 -0.00175659 -0.00116701 -0.00204138 -0.00152006 -0.0015818 -0.00145225 -0.00124743 -0.000862124 -0.00164157 -0.00152747 -0.00115028 -0.0015081 -0.00174515 -0.00168559 -0.00140557 -0.00225004 -0.00188487 -0.00174091 -0.00234809 -0.00212817 -0.00142363 -0.00182574 -0.00119741 -0.0016806 -0.00215349 -0.00182113 -0.00145685 -0.00153935 -0.00197552 -0.00118836 -0.000731543 -0.00197549 -0.00216724 -0.00182869 -0.0012853 -0.00214326 -0.00160329 -0.00129859 -0.00120488 -0.000954822 -0.00165037 -0.00069921 
-0.00138458 -0.00113881 0.0020936 0.00241542 0.00293645 0.00279083 0.00258566 0.126625 0.00228142 0.00222969 0.00207339 0.00278821 0.00257082 -0.00158473 -0.00166064 -0.00212658 -0.00158304 -0.00245492 -0.0022111 -0.00237974 -0.00218814 -0.00149147 -0.00200949 -0.00275479 -0.00237003 -0.00256382 -0.00179917 -0.00267933 -0.00153434 -0.00204224 -0.00163153 -0.00153933 -0.00171387 -0.00243895 -0.00157881 -0.00086532 -0.00117596 -0.00183523 -0.00167787 -0.00151535 -0.00197479 -0.00194546 -0.00183456 -0.00141014 -0.00139928 -0.0018207 -0.000605418 -0.00143049 -0.000833816 -0.00154792 -0.00208444 -0.00120074 -0.00141925 -0.00177344 -0.0019033 -0.0021793 -0.00177099 -0.00155264 -0.00246154 -0.000806541 -0.00231033 -0.00186123 -0.00147696 -0.00199793 -0.00217861 -0.00115165 -0.00119431 -0.00204534 -0.000880856 -0.001042 -0.00169499 -0.0018294 -0.000894175 -0.00209284 -0.00196803 -0.00157378 -0.00193308 -0.00194731 -0.00163176 -0.00145035 -0.00162648 -0.00175438 -0.00184713 -0.00216727 -0.00197641 -0.00191244 -0.00157125 -0.000645142 -0.00138093 -0.00179432 -0.000858616 -0.00193522 -0.00186822 -0.00149633 -0.00127078 -0.00154765 -0.00132139 -0.0017245 -0.00123181 -0.00242111 
-0.00176064 -0.00172392 -0.00136959 0.00132765 0.000982937 0.00201624 0.00204395 0.00228142 0.125999 0.00195479 0.00264993 0.00242093 0.00244537 0.00194397 -0.00147765 -0.000522568 -0.00136984 -0.00248189 -0.00149971 -0.00162958 -0.00193217 -0.000887025 -0.00240334 -0.00175822 -0.00312199 -0.00250422 -0.00141721 -0.00130889 -0.00167559 -0.00165254 -0.00282062 -0.00130874 -0.00172073 -0.00168361 -0.0018972 -0.00212165 -0.00202425 -0.00166247 -0.00192271 -0.00191396 -0.00179958 -0.002193 -0.00297697 -0.00144914 -0.00117769 -0.00187822 -0.00123136 -0.00147163 -0.00168191 -0.00198799 -0.00145924 -0.00189773 -0.00177643 -0.00184045 -0.00220053 -0.00203622 -0.00185976 -0.00160183 -0.00150202 -0.000937639 -0.00149368 -0.00108808 -0.00198538 -0.00177248 -0.00139812 -0.0013352 -0.00152456 -0.00166068 -0.00118654 -0.000730296 -0.00113603 -0.00194639 -0.000465396 -0.001844 -0.00126666 -0.00150465 -0.00258079 -0.00200408 -0.00201894 -0.0014294 -0.0015901 -0.00122935 -0.00185922 -0.00145133 -0.00137828 -0.00114145 -0.00110942 -0.00147545 -0.00166445 -0.00156385 -0.00124491 -0.00126025 -0.00224325 -0.00143793 -0.00181759 -0.00158961 -0.00127545 -0.00142081 -0.00101008 -0.00139982 
-0.00166177 -0.00126498 -0.00179243 -0.00129475 0.00151714 0.00216592 0.00189218 0.00222969 0.00195479 0.126515 0.00282366 0.00271707 0.00173555 0.00274908 -0.00133536 -0.0012186 -0.00188327 -0.00186 -0.00203141 -0.0016533 -0.00108954 -0.00158699 -0.00170484 -0.00145983 -0.00177857 -0.00219754 -0.00194709 -0.00145438 -0.00253939 -0.000860789 -0.00222056 -0.00140319 -0.0024505 -0.00161014 -0.00217602 -0.00194411 -0.00138414 -0.00145242 -0.00151243 -0.00172128 -0.00134889 -0.00185556 -0.00234739 -0.00279901 -0.00195608 -0.00149881 -0.00225033 -0.00104975 -0.00133468 -0.00201887 -0.00172711 -0.00191084 -0.00164891 -0.000812715 -0.00129139 -0.0015028 -0.0014139 -0.000966249 -0.000776193 -0.00211457 -0.00115799 -0.00111831 -0.000746086 -0.000690458 -0.00192441 -0.00167557 -0.00170456 -0.00200218 -0.000589898 -0.0013317 -0.00119011 -0.00164142 -0.00122905 -0.00148478 -0.0017123 -0.00132604 -0.0014971 -0.00120653 -0.0015914 -0.00137005 -0.00149733 -0.00304089 -0.00182828 -0.00198433 -0.00197457 -0.00173986 -0.00252023 -0.00187494 -0.00222629 -0.00187894 -0.00149762 -0.00182137 -0.00191713 -0.00206403 -0.00143329 -0.00185547 -0.0013749 -0.00100521 -0.000956301 -0.00150575 
-0.00142693 -0.000245392 -0.00130943 -0.000915951 -0.00108613 0.00311947 0.00169047 0.00207339 0.00264993 0.00282366 0.136518 0.00191688 0.00283388 0.00261385 0.00391896 0.00331019 -0.00132758 -0.00104089 -0.00129256 -0.00151024 -0.0016951 -0.00218585 -0.00202228 -0.00226513 -0.00196766 -0.00216977 -0.00197992 -0.0025364 -0.00174353 -0.000638209 -0.00246476 -0.00151031 -0.00117323 -0.00150616 -0.00250622 -0.00167351 -0.00187167 -0.00251016 -0.00163303 -0.00154791 -0.00268631 -0.00242132 -0.00196756 -0.00191298 -0.00261209 -0.00217517 -0.00217933 -0.00265627 -0.000735146 -0.00247703 -0.0020598 -0.00176312 -0.00124059 -0.00261488 -0.00158589 -0.00205298 -0.00155679 -0.00152973 -0.00278536 -0.00193559 -0.00277375 -0.00205165 -0.00147549 -0.00171971 -0.0015317 -0.00224278 -0.0021015 -0.00246467 -0.00160377 -0.00155985 -0.00266975 -0.00241327 -0.0019318 -0.00228306 -0.00099082 -0.00207571 -0.00212469 -0.00165116 -0.00160153 -0.00127129 -0.00213559 -0.00246404 -0.000823719 -0.00176938 -0.00199369 -0.00286734 -0.00202993 -0.00126139 -0.00198801 -0.00152469 -0.00183303 -0.00255591 -0.000837974 -0.00146174 -0.00209959 -0.0016043 -0.00170773 -0.00184902 -0.0011349 -0.00228536 
-0.0017334 -0.00132384 -0.00280794 -0.00172877 -0.00164406 -0.00207857 0.00208314 0.00278821 0.00242093 0.00271707 0.00191688 0.128714 0.00245487 0.00213018 0.00289551 0.00233021 0.00242904 -0.000553192 -0.000636101 -0.000893707 -0.00193183 -0.00216573 -0.00198804 -0.00243196 -0.00174389 -0.00195444 -0.0020017 -0.00227295 -0.00195219 -0.00240578 -0.00171431 -0.00242358 -0.00242463 -0.00207082 -0.00199033 -0.00177423 -0.00235004 -0.0023416 -0.00136714 -0.00148518 -0.00162686 -0.00261526 -0.00123286 -0.00184252 -0.00204301 -0.00165886 -0.0018898 -0.00151386 -0.00154944 -0.00123799 -0.00155974 -0.00212378 -0.00137818 -0.00164128 -0.00132999 -0.00154946 -0.00133521 -0.00185049 -0.000865497 -0.00145497 -0.00250382 -0.00158552 -0.00199818 -0.00206009 -0.00145613 -0.000896055 -0.00113441 -0.00167663 -0.00140227 -0.00215154 -0.00175677 -0.00176983 -0.00140808 -0.00154674 -0.00144176 -0.00164684 -0.00226759 -0.00149652 -0.00186847 -0.00203045 -0.000797325 -0.00217495 -0.00252042 -0.00144458 -0.00149288 -0.00115972 -0.00173617 -0.00148028 -0.0018597 -0.00128367 -0.00136897 -0.00101549 -0.00181152 -0.00176972 -0.00135787 -0.00186564 -0.00144329 -0.00229354 -0.00160174 -0.00181606 
-0.00102629 -0.00207326 -0.000780089 -0.00198526 -0.000803702 -0.00118904 -0.000954148 0.00257082 0.00244537 0.00173555 0.00283388 0.00245487 0.137729 0.00293941 0.00166621 0.00320559 0.00241526 -0.00149389 -0.00177447 -0.00159776 -0.00184594 -0.00220581 -0.0025268 -0.00201043 -0.00194499 -0.00131381 -0.00217453 -0.00164167 -0.00172727 -0.00188144 -0.00167216 -0.00213473 -0.00179422 -0.00204139 -0.00221418 -0.00188365 -0.00197082 -0.00139839 -0.00182728 -0.0026676 -0.000899297 -0.0020628 -0.00233154 -0.00148644 -0.00186103 -0.00264196 -0.00227853 -0.00226769 -0.00199845 -0.00260559 -0.00166965 -0.00283019 -0.00156597 -0.00173885 -0.00117351 -0.00118908 -0.00136508 -0.00137197 -0.00165594 -0.00166356 -0.00152666 -0.00150472 -0.00206106 -0.00221009 -0.00227475 -0.00135742 -0.0011229 -0.00206838 -0.00158627 -0.00128857 -0.00210609 -0.00210597 -0.00152597 -0.00176188 -0.00138302 -0.00170877 -0.00159288 -0.00178403 -0.00154489 -0.00180056 -0.000988882 -0.00159374 -0.00207692 -0.00199019 -0.00189763 -0.00179646 -0.00211308 -0.00168776 -0.00227013 -0.00158646 -0.00181778 -0.00171292 -0.00245712 -0.00142865 -0.00150487 -0.0012102 -0.00147645 -0.00256093 -0.00214788 -0.00215098 
-0.00186078 -0.00252137 -0.00229231 -0.000986924 -0.00253481 -0.00283782 -0.00187182 -0.00158473 0.00194397 0.00274908 0.00261385 0.00213018 0.00293941 0.139998 0.00232334 0.00225977 0.00283314 0.0037133 0.00197896 -0.00153941 -0.00178086 -0.000997929 -0.00233236 -0.00152734 -0.00174703 -0.00229467 -0.00276013 -0.00291343 -0.00261855 -0.00196396 -0.00209048 -0.00238225 -0.00234364 -0.00212565 -0.00235591 -0.00140853 -0.0021142 -0.00258179 -0.00193937 -0.001763 -0.00270146 -0.00248046 -0.00242382 -0.00181623 -0.00268487 -0.00225669 -0.00185082 -0.00228141 -0.00059598 -0.00197197 -0.0019333 -0.00119861 -0.00127818 -0.00109302 -0.00143103 -0.00168803 -0.0018548 -0.00197778 -0.00137005 -0.000968334 -0.00146254 -0.00223545 -0.00220134 -0.00308216 -0.00161593 -0.00207734 -0.0017021 -0.00233008 -0.00177008 -0.00119169 -0.00133842 -0.000850014 -0.000981167 -0.00144905 -0.00187849 -0.00251684 -0.00126509 -0.000943529 -0.00194278 -0.00123577 -0.00220064 -0.00204771 -0.00248009 -0.00215548 -0.00165228 -0.00126832 -0.0018266 -0.00179032 -0.000819301 -0.00260447 -0.0026566 -0.00132681 -0.00132853 -0.00217894 -0.00185549 -0.00162296 -0.00139033 -0.00165535 -0.000756133 -0.00186842 
-0.0016338 -0.00245107 -0.00266236 -0.00145031 -0.002013 -0.000175019 -0.00153868 -0.00166064 -0.00147765 -0.00133536 0.00391896 0.00289551 0.00166621 0.00232334 0.141981 0.00345863 0.0033385 0.00341211 0.00273748 0.00353024 -0.00160542 -0.00187153 -0.00169995 -0.00165144 -0.00213385 -0.00277324 -0.00178335 -0.00264559 -0.003177 -0.0022289 -0.00238384 -0.00165449 -0.00255833 -0.00215721 -0.00190373 -0.00200994 -0.00253367 -0.00266515 -0.00242674 -0.0019175 -0.00304814 -0.00240838 -0.00202933 -0.00160147 -0.00278965 -0.00199491 -0.00225126 -0.0017718 -0.00170567 -0.00166551 -0.000833397 -0.00197292 -0.00144017 -0.00181228 -0.00174787 -0.000947022 -0.00185882 -0.000403814 -0.00157783 -0.00117785 -0.00181654 -0.00220431 -0.00125272 -0.0015473 -0.00295249 -0.00184374 -0.00118416 -0.00181846 -0.00102894 -0.0020075 -0.00161138 -0.00226646 -0.00197399 -0.00232908 -0.00179637 -0.00236659 -0.00187397 -0.00217281 -0.00194094 -0.00247256 -0.00141968 -0.00198365 -0.00244256 -0.0022941 -0.00194091 -0.00115853 -0.00233684 -0.00154649 -0.00156937 -0.00228382 -0.00113157 -0.00186597 -0.00159238 -0.00151732 -0.00165611 -0.00166269 -0.00153534 -0.00120196 -0.00111231 -0.00333319 
-0.00141401 -0.00230298 -0.00201719 -0.00140176 -0.00154965 -0.00106877 -0.000853175 -0.00212658 -0.000522568 -0.0012186 0.00331019 0.00233021 0.00320559 0.00225977 0.00345863 0.144404 0.00312915 0.00396291 0.00223279 0.00170255 -0.00222547 -0.00198951 -0.00280965 -0.0029553 -0.00278885 -0.00268609 -0.00241111 -0.00253244 -0.00208089 -0.00201043 -0.00262836 -0.00260725 -0.00235745 -0.00231438 -0.00164387 -0.00207949 -0.00239662 -0.0031879 -0.00241743 -0.00253934 -0.00138857 -0.00294514 -0.00249253 -0.00153082 -0.00152115 -0.00127659 -0.0015617 -0.00256662 -0.00164949 -0.00178781 -0.0021739 -0.00249925 -0.00110802 -0.00158177 -0.000959303 -0.00157195 -0.000915464 -0.00141151 -0.00156881 -0.00180845 -0.00168992 -0.00156503 -0.00170669 -0.00180092 -0.00128593 -0.00177025 -0.00147915 -0.00153508 -0.00200567 -0.00160014 -0.00176176 -0.00207561 -0.000843163 -0.00219138 -0.00162656 -0.00196546 -0.00163683 -0.00230783 -0.00197331 -0.00196774 -0.00161424 -0.00204872 -0.00232185 -0.00168987 -0.00195313 -0.00252251 -0.00188909 -0.00128603 -0.00229546 -0.00217672 -0.00159574 -0.00142673 -0.00282048 -0.00171198 -0.00190754 -0.00182527 -0.0016582 -0.00163527 -0.00115196 -0.00222044 
-0.00120614 -0.00245521 -0.00152882 -0.00124366 -0.00177206 -0.00243272 -0.00168142 -0.00158304 -0.00136984 -0.00188327 -0.00132758 0.00242904 0.00241526 0.00283314 0.0033385 0.00312915 0.145746 0.00277391 0.00272811 0.00234776 0.00222231 0.00278216 -0.00162611 -0.00305713 -0.00117704 -0.00242415 -0.0025453 -0.00258109 -0.00209765 -0.00246771 -0.00146392 -0.00348216 -0.00169629 -0.00241362 -0.0026127 -0.00307247 -0.00242558 -0.00192543 -0.00176053 -0.00146712 -0.00116612 -0.00142364 -0.00294093 -0.00217585 -0.00233518 -0.00248733 -0.00166322 -0.00244218 -0.00275786 -0.00142234 -0.00214383 -0.00139274 -0.00239196 -0.00141339 -0.00221802 -0.00171496 -0.00249598 -0.00181683 -0.00209957 -0.00230172 -0.00208255 -0.00195719 -0.00109783 -0.00194191 -0.0022613 -0.00200289 -0.00214332 -0.00165216 -0.0011914 -0.00169859 -0.00108918 -0.00207914 -0.00209113 -0.00119714 -0.000972868 -0.00133538 -0.00174027 -0.00188146 -0.00199514 -0.00235295 -0.00210028 -0.00178895 -0.00235937 -0.00211689 -0.00161424 -0.00218683 -0.00228079 -0.00149593 -0.0021867 -0.00234879 -0.00150736 -0.0020918 -0.002188 -0.00147488 -0.00233054 -0.00161979 -0.00209596 -0.00179319 -0.00184312 -0.000974639 
-0.00246781 -0.00209076 -0.00233347 -0.00231466 -0.00229666 -0.0022601 -0.00301356 -0.00245492 -0.00248189 -0.00186 -0.00104089 -0.000553192 -0.00149389 0.0037133 0.00341211 0.00396291 0.00277391 0.144636 0.00292194 0.00330023 0.00269547 0.00220912 0.00178283 -0.00106412 -0.00160711 -0.00197984 -0.00216328 -0.00217361 -0.00181452 -0.00226112 -0.00222331 -0.00301419 -0.00267073 -0.00186905 -0.00164363 -0.00228052 -0.00158381 -0.00233763 -0.00222888 -0.00179258 -0.00194607 -0.00133461 -0.0019297 -0.00171099 -0.00214022 -0.00185593 -0.00193282 -0.00222832 -0.00200167 -0.00179743 -0.00250001 -0.00183257 -0.00147868 -0.00253882 -0.00140383 -0.00249253 -0.00236636 -0.00205775 -0.000982443 -0.00140594 -0.00209546 -0.0028632 -0.00220038 -0.00233459 -0.00205481 -0.0017374 -0.00166571 -0.00281143 -0.00182001 -0.00166922 -0.00227966 -0.00270283 -0.00202542 -0.00237956 -0.00117909 -0.00120387 -0.00203209 -0.00222261 -0.0012518 -0.00155442 -0.00195113 -0.00216603 -0.00122232 -0.00273774 -0.000617272 -0.00152556 -0.00117257 -0.000545945 -0.00154108 -0.00156525 -0.00169992 -0.00176124 -0.00223475 -0.00232457 -0.000836898 -0.00199576 -0.00116389 -0.00189017 -0.00154583 -0.00152014 
-0.00236864 -0.0013502 -0.00187667 -0.00190148 -0.00165819 -0.0016242 -0.00237461 -0.0022111 -0.00149971 -0.00203141 -0.00129256 -0.000636101 -0.00177447 0.00197896 0.00273748 0.00223279 0.00272811 0.00292194 0.144029 0.00364159 0.00302005 0.00243777 0.00320104 -0.00128947 -0.000732534 -0.0024079 -0.00272053 -0.0032466 -0.00282741 -0.00242231 -0.00239734 -0.00273999 -0.00347629 -0.00215086 -0.00242839 -0.00245672 -0.00266207 -0.001829 -0.00153989 -0.00163916 -0.00178404 -0.00190737 -0.00255684 -0.00188312 -0.00208819 -0.00132682 -0.00149354 -0.000531415 -0.00205568 -0.00201426 -0.00134638 -0.000765528 -0.00151092 -0.00286991 -0.00160895 -0.00193641 -0.00207952 -0.00176866 -0.00090728 -0.00126438 -0.00166899 -0.00120511 -0.00175239 -0.00162214 -0.00214465 -0.00180167 -0.00226258 -0.00106918 -0.00201297 -0.00189206 -0.00216863 -0.00201993 -0.0021021 -0.00174647 -0.00101419 -0.001499 -0.000937695 -0.00171904 -0.00209345 -0.00186918 -0.00216178 -0.00267754 -0.00181419 -0.00250532 -0.00102885 -0.00156543 -0.00132542 -0.0021821 -0.00145924 -0.00204288 -0.0014781 -0.00216027 -0.00189296 -0.00231654 -0.0021235 -0.00305859 -0.00205021 -0.00181964 -0.00184262 -0.00155756 
-0.00236694 -0.00244356 -0.00174671 -0.00203638 -0.000879361 -0.00209793 -0.00124414 -0.00237974 -0.00162958 -0.0016533 -0.00151024 -0.000893707 -0.00159776 -0.00153941 0.00353024 0.00170255 0.00234776 0.00330023 0.00364159 0.149302 0.00323495 0.00319998 0.00298604 0.0028414 0.00242803 -0.00159165 -0.00280776 -0.00169578 -0.00283004 -0.00223288 -0.00271517 -0.00255315 -0.00171254 -0.00304444 -0.00288602 -0.00231947 -0.00321481 -0.0022694 -0.00283607 -0.00228428 -0.00205584 -0.00225015 -0.00220889 -0.00215931 -0.00242561 -0.0014441 -0.00273589 -0.00208506 -0.00182581 -0.00210972 -0.00229075 -0.00198929 -0.00168902 -0.00166326 -0.00135093 -0.00219827 -0.00200992 -0.00183703 -0.00204216 -0.00121744 -0.00153788 -0.00244126 -0.00238548 -0.00180177 -0.00247838 -0.00162232 -0.000890476 -0.0024409 -0.00244728 -0.00187839 -0.00172605 -0.00141396 -0.00222793 -0.00197492 -0.00201193 -0.00207651 -0.00207998 -0.00233417 -0.00219699 -0.00119142 -0.00126817 -0.00113548 -0.000809851 -0.00156052 -0.00177545 -0.00203702 -0.00216471 -0.00173664 -0.0014854 -0.00161178 -0.00235111 -0.00278542 -0.00281038 -0.00152858 -0.0031565 -0.00217756 -0.00232924 -0.0022923 -0.00165088 -0.00208896 
-0.00236158 -0.00122745 -0.00179714 -0.0016821 -0.00109118 -0.00168615 -0.00136005 -0.00218814 -0.00193217 -0.00108954 -0.0016951 -0.00193183 -0.00184594 -0.00178086 -0.00160542 -0.00222547 0.00222231 0.00269547 0.00302005 0.00323495 0.142558 0.00337927 0.00313831 0.00324362 0.00422337 0.00227689 -0.00194823 -0.000702104 -0.00160874 -0.0015442 -0.00240335 -0.00316125 -0.00141201 -0.00267067 -0.00196675 -0.00320838 -0.00281224 -0.00232617 -0.00232925 -0.00260969 -0.00192667 -0.00290654 -0.00286171 -0.00268112 -0.0016433 -0.00180231 -0.00277286 -0.000970824 -0.00215419 -0.00149484 -0.00241128 -0.0015504 -0.00134532 -0.00183616 -0.00270948 -0.00127023 -0.00144495 -0.00186135 -0.0019375 -0.00212412 -6.62026e-05 -0.00183111 -0.00117418 -0.00184594 -0.00185756 -0.00160942 -0.0019607 -0.00178753 -0.00220159 -0.00157465 -0.00152604 -0.00176186 -0.00287134 -0.00198957 -0.00195148 -0.00189337 -0.00120198 -0.00173464 -0.0018512 -0.00179764 -0.00189092 -0.00173841 -0.00219493 -0.00181805 -0.00181924 -0.00192476 -0.00265803 -0.00130971 -0.00159735 -0.0016956 -0.00194399 -0.00143579 -0.00271298 -0.00137938 -0.00128988 -0.00165417 -0.00219993 -0.0025856 -0.00155513 -0.0021921 
-0.00138399 -0.00212872 -0.00191001 -0.00166586 -0.00277035 -0.001606 -0.00246203 -0.00149147 -0.000887025 -0.00158699 -0.00218585 -0.00216573 -0.00220581 -0.000997929 -0.00187153 -0.00198951 0.00278216 0.00220912 0.00243777 0.00319998 0.00337927 0.14509 0.00283432 0.00377453 0.00344006 0.00251575 -0.00175399 -0.00192027 -0.00248874 -0.00181272 -0.0023402 -0.00274336 -0.00197295 -0.00126525 -0.00185774 -0.00160823 -0.0014768 -0.00123508 -0.00220501 -0.00184348 -0.00231106 -0.00185933 -0.00247083 -0.00142159 -0.00079472 -0.00202492 -0.00277051 -0.00132098 -0.00171067 -0.00199725 -0.00255974 -0.00178284 -0.00176083 -0.00173609 -0.0020247 -0.00241708 -0.00121805 -0.00179966 -0.00256558 -0.00180354 -0.00151639 -0.00202254 -0.00217385 -0.00133022 -0.00094588 -0.0023829 -0.00229929 -0.00238214 -0.00158546 -0.00216535 -0.00245243 -0.00288316 -0.00130382 -0.00199378 -0.00206938 -0.00199085 -0.00241455 -0.00204917 -0.00223062 -0.00206448 -0.00270616 -0.00203896 -0.00221701 -0.00158564 -0.0023433 -1.26091e-05 -0.00142565 -0.00302392 -0.0011179 -0.00195812 -0.00182928 -0.00167684 -0.00178573 -0.00226544 -0.00178725 -0.00151347 -0.00207219 -0.00225311 -0.00176226 -0.0018491 
-0.000845552 -0.00271761 -0.00192144 -0.00171242 -0.000876835 -0.00219375 -0.00142077 -0.00200949 -0.00240334 -0.00170484 -0.00202228 -0.00198804 -0.0025268 -0.00233236 -0.00169995 -0.00280965 -0.00162611 0.00178283 0.00320104 0.00298604 0.00313831 0.00283432 0.145793 0.00402804 0.00378006 0.0043957 0.00215788 -0.000670904 -0.00195737 -0.00253541 -0.00176436 -0.00287753 -0.00223372 -0.00184289 -0.00204666 -0.00209229 -0.000836555 -0.00137875 -0.00190414 -0.00242038 -0.00124819 -0.00241018 -0.0017101 -0.00238186 -0.00165208 -0.00232384 -0.00235369 -0.00190139 -0.00151402 -0.00115193 -0.00183861 -0.00133382 -0.00157206 -0.00171024 -0.00219746 -0.00236382 -0.0020624 -0.00176801 -0.00095338 -0.00180438 -0.00249709 -0.00235791 -0.00226449 -0.00265346 -0.00221362 -0.00187575 -0.00275737 -0.00201853 -0.00201512 -0.00195251 -0.00193088 -0.00107868 -0.0018822 -0.00123269 -0.0022193 -0.00180542 -0.00201157 -0.00190299 -0.00173993 -0.00255656 -0.00193769 -0.00158129 -0.00205049 -0.00248043 -0.00151644 -0.00234911 -0.00251988 -0.00190303 -0.00155359 -0.00167883 -0.00213244 -0.00151699 -0.00299783 -0.00211875 -0.00229486 -0.00182963 -0.00106718 -0.00216299 -0.00178721 -0.00202863 
-0.00167477 -0.0014841 -0.00193149 -0.00199074 -0.00239506 -0.0014187 -0.00131489 -0.00275479 -0.00175822 -0.00145983 -0.00226513 -0.00243196 -0.00201043 -0.00152734 -0.00165144 -0.0029553 -0.00305713 -0.00106412 -0.00128947 0.0028414 0.00324362 0.00377453 0.00402804 0.145779 0.00288851 0.00264405 0.0024554 0.00232123 -0.00175118 -0.00141675 -0.00164918 -0.00305757 -0.00241353 -0.00178232 -0.00164135 -0.00175534 -0.00251968 -0.00195908 -0.00250545 -0.00292045 -0.00187129 -0.00226157 -0.00200687 -0.00322424 -0.00208774 -0.00174515 -0.00283166 -0.00187602 -0.00237681 -0.00127113 -0.00110157 -0.00214106 -0.00201702 -0.00175303 -0.00158002 -0.00142904 -0.00133998 -0.00246069 -0.00163396 -0.00113655 -0.00172301 -0.00185547 -0.00154493 -0.00192127 -0.00124176 -0.00130212 -0.00131068 -0.00225471 -0.00239833 -0.00175975 -0.00161395 -0.0021296 -0.00183816 -0.00189073 -0.00180429 -0.00158456 -0.00143778 -0.00173218 -0.00205421 -0.00160945 -0.00192908 -0.00166588 -0.00156667 -0.00269132 -0.00162672 -0.00239235 -0.00287366 -0.00229043 -0.0011081 -0.00176719 -0.00151307 -0.00110812 -0.00139569 -0.00176353 -0.00186445 -0.00150611 -0.00173067 -0.00158473 -0.00113324 -0.00150621 
-0.00143448 -0.00142618 -0.00183032 -0.00229832 -0.00196781 -0.00246504 -0.00242782 -0.00237003 -0.00312199 -0.00177857 -0.00196766 -0.00174389 -0.00194499 -0.00174703 -0.00213385 -0.00278885 -0.00117704 -0.00160711 -0.000732534 0.00242803 0.00422337 0.00344006 0.00378006 0.00288851 0.145372 0.00437356 0.0028952 0.00233473 0.00282829 0.00228735 -0.00112861 -0.00164352 -0.00127234 -0.00121747 -0.0021498 -0.00132269 -0.00244491 -0.00109623 -0.00206967 -0.002126 -0.00139129 -0.00182788 -0.00254097 -0.00225351 -0.00240692 -0.00198862 -0.00307913 -0.00194492 -0.00207137 -0.00198371 -0.0025865 -0.00175225 -0.00217212 -0.00164812 -0.00300507 -0.0018897 -0.00156619 -0.00257752 -0.00196709 -0.00205394 -0.00209655 -0.00231023 -0.00190476 -0.0016217 -0.00230888 -0.00198026 -0.00225414 -0.00257528 -0.00132991 -0.00257717 -0.00167176 -0.0016546 -0.00171398 -0.00167548 -0.00200118 -0.0021034 -0.0018918 -0.00250481 -0.00147895 -0.00277195 -0.00246184 -0.00264539 -0.00237496 -0.00175467 -0.00142397 -0.00197755 -0.00218887 -0.0013314 -0.00128123 -0.00203479 -0.00269193 -0.00225827 -0.00269994 -0.00209933 -0.00178825 -0.00237803 -0.00158537 -0.00135298 -0.00231963 -0.00163397 
-0.00208221 -0.00201668 -0.0022742 -0.00162685 -0.00242812 -0.00264376 -0.00184299 -0.00256382 -0.00250422 -0.00219754 -0.00216977 -0.00195444 -0.00131381 -0.00229467 -0.00277324 -0.00268609 -0.00242415 -0.00197984 -0.0024079 -0.00159165 0.00227689 0.00251575 0.0043957 0.00264405 0.00437356 0.142842 0.00328023 0.00352427 0.00275646 0.00264272 0.00165507 -0.000733095 -0.00214166 -0.000725403 -0.00116884 -0.00190404 -0.0017521 -0.00216422 -0.00128924 -0.00176467 -0.0015476 -0.00232599 -0.00139018 -0.00292156 -0.00146494 -0.00196761 -0.00201803 -0.00144715 -0.0016436 -0.00128801 -0.0016633 -0.00180714 -0.00198974 -0.00129205 -0.00202345 -0.00191385 -0.00178994 -0.0021757 -0.00175956 -0.00239862 -0.00204168 -0.00219045 -0.00126646 -0.00173114 -0.00179336 -0.00165564 -0.0025374 -0.0018767 -0.00216778 -0.0023568 -0.00102519 -0.00188022 -0.00102637 -0.00225372 -0.00249383 -0.00136113 -0.00191295 -0.0030682 -0.00215306 -0.00134429 -0.00215299 -0.00206015 -0.0018289 -0.00255824 -0.00175954 -0.00165548 -0.00188027 -0.00200719 -0.00186948 -0.00248137 -0.00285736 -0.00174686 -0.00155629 -0.00268459 -0.00157538 -0.00160647 -0.00260813 -0.00238169 -0.00174779 -0.00150468 
-0.00115253 -0.0026259 -0.00100647 -0.00211685 -0.00187993 -0.00285289 -0.00154725 -0.00179917 -0.00141721 -0.00194709 -0.00197992 -0.0020017 -0.00217453 -0.00276013 -0.00178335 -0.00241111 -0.0025453 -0.00216328 -0.00272053 -0.00280776 -0.00194823 -0.00175399 0.00215788 0.0024554 0.0028952 0.00328023 0.143738 0.0035946 0.00311566 0.00346652 0.00186615 0.00293897 -0.00166633 -0.0021037 -0.00150941 -0.00173805 -0.000546987 -0.00154008 -0.00154493 -0.00172598 -0.00188944 -0.00186204 -0.00159474 -0.00168906 -0.0015155 -0.00217958 -0.00196604 -0.001819 -0.00190364 -0.0020942 -0.00247538 -0.00275865 -0.00251427 -0.00109802 -0.00172207 -0.00122429 -0.00173764 -0.00189541 -0.00193312 -0.00224651 -0.00221724 -0.0023997 -0.00143401 -0.00186395 -0.00173433 -0.00169748 -0.00240675 -0.00186148 -0.00144735 -0.00253519 -0.00135164 -0.00148562 -0.00171708 -0.0020983 -0.00159551 -0.000885362 -0.00227777 -0.00198191 -0.00214186 -0.0018387 -0.00192799 -0.0017417 -0.00250687 -0.00196152 -0.00245153 -0.00275298 -0.00231003 -0.00172415 -0.0018825 -0.00187811 -0.000689469 -0.00204262 -0.00138453 -0.00147311 -0.00175833 -0.00112019 -0.00144722 -0.00168845 -0.0017082 -0.00219915 
-0.00208339 -0.00124997 -0.00154314 -0.000948732 -0.00180019 -0.0018476 -0.000956932 -0.00267933 -0.00130889 -0.00145438 -0.0025364 -0.00227295 -0.00164167 -0.00291343 -0.00264559 -0.00253244 -0.00258109 -0.00217361 -0.0032466 -0.00169578 -0.000702104 -0.00192027 -0.000670904 0.00232123 0.00233473 0.00352427 0.0035946 0.136935 0.00273339 0.00195627 0.002147 0.00227902 0.00185488 -0.00077753 -0.00136936 -0.00152817 -0.000859599 -0.00130191 -0.00166345 -0.00182357 -0.00158322 -0.00140228 -0.00170927 -0.00208434 -0.00246175 -0.00195545 -0.00147346 -0.00151283 -0.00250595 -0.00187076 -0.00218618 -0.0023651 -0.00147364 -0.00169491 -0.00214528 -0.00172788 -0.0023167 -0.00255108 -0.00159452 -0.00190722 -0.0022903 -0.00133052 -0.000717184 -0.00192028 -0.000933432 -0.00229954 -0.00212328 -0.00110908 -0.00123717 -0.0020506 -0.00219609 -0.00127954 -0.00160445 -0.00145718 -0.00177985 -0.00168785 -0.00242771 -0.00153367 -0.00152416 -0.00106595 -0.00179088 -0.00192486 -0.00225002 -0.00149894 -0.00144262 -0.00220443 -0.00194538 -0.00157525 -0.00119454 -0.00184789 -0.00204395 -0.00261761 -0.00199156 -0.00124167 -0.00149163 -0.00292535 -0.00172553 -0.00094455 -0.00206486 -0.00114064 
-0.00160668 -0.00196553 -0.00162182 -0.00175006 -0.00183539 -0.00108996 -0.00241066 -0.00153434 -0.00167559 -0.00253939 -0.00174353 -0.00195219 -0.00172727 -0.00261855 -0.003177 -0.00208089 -0.00209765 -0.00181452 -0.00282741 -0.00283004 -0.00160874 -0.00248874 -0.00195737 -0.00175118 0.00282829 0.00275646 0.00311566 0.00273339 0.132215 0.00357103 0.0037799 0.0028438 0.00155494 0.00156014 -0.00135471 -0.00169295 -0.0017321 -0.00171188 -0.00213492 -0.00212183 -0.00146445 -0.00175419 -0.00241912 -0.00145647 -0.00167778 -0.00227808 -0.00163398 -0.00240494 -0.00180941 -0.00180642 -0.000881129 -0.00190495 -0.0019311 -0.00159 -0.00228685 -0.00138249 -0.00195848 -0.0012826 -0.00239905 -0.00205247 -0.00245827 -0.0017612 -0.00161677 -0.00123094 -0.00231019 -0.00178906 -0.00149677 -0.00105734 -0.00163358 -0.00192399 -0.000791414 -0.00105293 -0.00164179 -0.00150226 -0.00204384 -0.00164773 -0.00126473 -0.00180748 -0.00235817 -0.00177181 -0.00156638 -0.00103641 -0.00165723 -0.00210561 -0.00195774 -0.00190482 -0.00199758 -0.00152319 -0.000833256 -0.0013182 -0.00186465 -0.00172707 -0.000985102 -0.00140062 -0.000966298 -0.00110388 -0.000725922 -0.0010877 -0.000578605 -0.00163078 
-0.00169999 -0.00135933 -0.00173489 -0.00234735 -0.0022105 -0.00184662 -0.00124544 -0.00204224 -0.00165254 -0.000860789 -0.000638209 -0.00240578 -0.00188144 -0.00196396 -0.0022289 -0.00201043 -0.00246771 -0.00226112 -0.00242231 -0.00223288 -0.0015442 -0.00181272 -0.00253541 -0.00141675 0.00228735 0.00264272 0.00346652 0.00195627 0.00357103 0.13918 0.0026639 0.00224304 0.00252846 0.00167576 -0.000977852 -0.00173567 -0.00162312 -0.00144719 -0.00149319 -0.00130422 -0.00264299 -0.00208919 -0.0024465 -0.00190592 -0.00169744 -0.00243664 -0.00125936 -0.00161345 -0.00189227 -0.00245039 -0.00178648 -0.00195794 -0.00175306 -0.00200877 -0.00164163 -0.00135796 -0.00331034 -0.00140793 -0.00171478 -0.00113706 -0.00160183 -0.00199297 -0.00128288 -0.00181255 -0.00251496 -0.00101048 -0.0021235 -0.00152004 -0.00126454 -0.00160685 -0.000720603 -0.00219373 -0.00177288 -0.00314753 -0.00193179 -0.000958913 -0.00103734 -0.00205496 -0.00162975 -0.00150947 -0.00241968 -0.00228607 -0.00198932 -0.00215447 -0.00190005 -0.00271159 -0.00230165 -0.00123502 -0.00163761 -0.00190282 -0.00112132 -0.0017223 -0.00203498 -0.00227185 -0.00100116 -0.000928707 -0.00157793 -0.00132366 -0.00240627 -0.00168779 
-0.00261324 -0.00144517 -0.00211823 -0.00152575 -0.00234555 -0.00185388 -0.00158187 -0.00163153 -0.00282062 -0.00222056 -0.00246476 -0.00171431 -0.00167216 -0.00209048 -0.00238384 -0.00262836 -0.00146392 -0.00222331 -0.00239734 -0.00271517 -0.00240335 -0.0023402 -0.00176436 -0.00164918 -0.00112861 0.00165507 0.00186615 0.002147 0.0037799 0.0026639 0.136402 0.00314627 0.00217324 0.00291616 0.00230728 0.00177311 -0.00162872 -0.00169793 -0.00193887 -0.00226754 -0.00188168 -0.00147093 -0.00136608 -0.00201237 -0.00221572 -0.00212906 -0.00167192 -0.00265059 -0.00212618 -0.0010056 -0.00118032 -0.0018045 -0.00181021 -0.00105083 -0.0014974 -0.00153674 -0.00173477 -0.00126112 -0.00141666 -0.00161149 -0.00158008 -0.0018164 -0.0013498 -0.0016866 -0.00172437 -0.00141877 -0.00132066 -0.0017237 -0.00178451 -0.00212477 -0.00121725 -0.001595 -0.00214905 -0.00147604 -0.00182077 -0.00214025 -0.00178816 -0.00185821 -0.00192662 -0.00226253 -0.00167352 -0.00111196 -0.0017908 -0.00243386 -0.0019559 -0.00221302 -0.001961 -0.00174522 -0.000973352 -0.00130326 -0.00177283 -0.00221199 -0.00182066 -0.00168797 -0.000924588 -0.000912489 -0.00210313 -0.00188236 -0.00178427 -0.00164103 
-0.00126881 -0.00253658 -0.00183968 -0.00185317 -0.00238435 -0.00128969 -0.00213925 -0.00153933 -0.00130874 -0.00140319 -0.00151031 -0.00242358 -0.00213473 -0.00238225 -0.00165449 -0.00260725 -0.00348216 -0.00301419 -0.00273999 -0.00255315 -0.00316125 -0.00274336 -0.00287753 -0.00305757 -0.00164352 -0.000733095 0.00293897 0.00227902 0.0028438 0.00224304 0.00314627 0.142065 0.00314166 0.00273874 0.00312485 0.00264065 0.00334387 -0.00109224 -0.00136295 -0.00102639 -0.00172182 -0.00146632 -0.00136235 -0.00159533 -0.00233475 -0.00205341 -0.00157449 -0.00217114 -0.00207323 -0.00321157 -0.00171604 -0.00191723 -0.00191149 -0.0012213 -0.00180102 -0.00160558 -0.00156363 -0.00101497 -0.00224781 -0.00142469 -0.00216528 -0.00211016 -0.00194002 -0.00190254 -0.00216769 -0.00185643 -0.00283025 -0.00133916 -0.0019665 -0.0021241 -0.00109662 -0.00231245 -0.00172972 -0.00204203 -0.00173837 -0.00189794 -0.00117803 -0.00245766 -0.00145072 -0.00182359 -0.00170973 -0.00277286 -0.0021764 -0.00174627 -0.00243233 -0.00103967 -0.00238689 -0.00225057 -0.00216189 -0.00176811 -0.00172798 -0.00140886 -0.00193466 -0.00197622 -0.00141192 -0.00109566 -0.00139189 -0.00157281 -0.00155206 -0.00210915 
-0.00134603 -0.00118722 -0.00170785 -0.00137741 -0.0021808 -0.00195029 -0.00185083 -0.00171387 -0.00172073 -0.0024505 -0.00117323 -0.00242463 -0.00179422 -0.00234364 -0.00255833 -0.00235745 -0.00169629 -0.00267073 -0.00347629 -0.00171254 -0.00141201 -0.00197295 -0.00223372 -0.00241353 -0.00127234 -0.00214166 -0.00166633 0.00185488 0.00155494 0.00252846 0.00217324 0.00314166 0.129236 0.00336302 0.00266054 0.00243837 0.0021286 0.00193636 -0.0017786 -0.000819691 -0.00168318 -0.00169818 -0.00206883 -0.00179413 -0.00213159 -0.00201688 -0.00148405 -0.00199419 -0.00182169 -0.00221122 -0.00146489 -0.00207402 -0.00181993 -0.00227989 -0.00113106 -0.00108835 -0.00191468 -0.0024384 -0.00158318 -0.00158169 -0.00195346 -0.00213448 -0.00152991 -0.00158476 -0.000924649 -0.00106851 -0.00135115 -0.001761 -0.0012364 -0.000936479 -0.00164331 -0.000940144 -0.00226163 -0.000852785 -0.00161404 -0.00141908 -0.00071592 -0.00158721 -0.00200019 -0.00120188 -0.00183603 -0.00198472 -0.00235646 -0.00196895 -0.00179388 -0.00149977 -0.00178815 -0.00192497 -0.00154888 -0.00153049 -0.00210697 -0.00143009 -0.00181253 -0.00150711 -0.00153043 -0.00114353 -0.000694521 -0.00122207 -0.00158941 -0.00134644 
