0.122578 0.00209898 0.00158316 0.00212906 0.00186819 0.00283807 -0.00114853 -0.00125031 -0.000556505 -0.0016809 -0.00226805 -0.00107492 -0.000714183 -0.00215984 -0.00193062 -0.000933696 -0.00209579 -0.00262888 -0.00159341 -0.00227211 -0.00159151 -0.00209623 -0.00236508 -0.00222811 -0.00169908 -0.00188606 -0.00177943 -0.00177794 -0.0015968 -0.00221914 -0.00273494 -0.00178039 -0.00135179 -0.00160661 -0.00157142 -0.000884575 -0.00157275 -0.00259676 -0.0016885 -0.00258016 -0.00148165 -0.0014992 -0.00143566 -0.00242947 -0.00181798 -0.00165898 -0.00167741 -0.00138892 -0.00179234 -0.0016988 -0.00121631 -0.00170904 -0.00170436 -0.00104226 -0.00187136 -0.0013125 -0.00136116 -0.0013586 -0.0012639 -0.00139012 -0.00142439 -0.00185487 -0.000961137 -0.001689 -0.00113842 -0.00151549 -0.00163256 -0.00201231 -0.000954633 -0.00112615 -0.00116473 -0.00227563 -0.00101141 -0.00072495 -0.00213509 -0.0016141 -0.000709216 -0.00199922 -0.00144882 -0.00228338 -0.00164213 -0.00172157 -0.000775386 -0.00164362 -0.00202223 -0.00143218 -0.00120327 -0.00174397 -0.00110342 -0.00130931 -0.00210524 -0.00178655 -0.00105446 -0.000307327 -0.00153751 -0.000905906 0.00190831 0.00288666 0.00256458 0.00254008 
0.00209898 0.12345 0.00214055 0.00228833 0.00219735 0.00243524 0.00234352 -0.000302832 -0.000561958 -0.00149228 -0.00181247 -0.00233196 -0.00143447 -0.00199476 -0.00212077 -0.000820911 -0.00197271 -0.00166854 -0.00235952 -0.000928336 -0.00161364 -0.00119989 -0.00207991 -0.00177667 -0.00179152 -0.0024902 -0.00178515 -0.00232496 -0.00233518 -0.00217624 -0.00151152 -0.00152971 -0.00169881 -0.0018281 -0.000928854 -0.00162862 -0.00144912 -0.001579 -0.00264923 -0.00197163 -0.00213039 -0.00168903 -0.00196651 -0.00168248 -0.00140694 -0.00162379 -0.00116031 -0.00136912 -0.00142918 -0.00138762 -0.00137778 -0.00150411 -0.00171585 -0.00175696 -0.00172866 -0.00222239 -0.00179062 -0.0010125 -0.00108787 -0.00169118 -0.00169101 -0.00200714 -0.00135403 -0.00176147 -0.0012135 -0.00142667 -0.00135636 -0.00134798 -0.000961412 -0.00151324 -0.00179842 -0.00202675 -0.00174399 -0.00210624 -0.00167714 -0.0013525 -0.00102804 -0.00179927 -0.00170165 -0.00154272 -0.0015104 -0.00203546 -0.00153808 -0.00141069 -0.0013575 -0.00157184 -0.00143641 -0.00111412 -0.00107657 -0.00174845 -0.00148828 -0.00068891 -0.000966073 -0.00146482 -0.00135353 -0.00111973 -0.00127266 0.00175147 0.00250157 0.00123883 
0.00158316 0.00214055 0.127299 0.00243665 0.00218257 0.0014535 0.0034436 0.00205955 -0.00145362 -0.00154361 -0.00219839 -0.00205632 -0.0020402 -0.00211885 -0.00149059 -0.00193703 -0.00171771 -0.00169316 -0.00141373 -0.0012835 -0.00179022 -0.00138183 -0.00117279 -0.00211566 -0.00188799 -0.00202709 -0.00273832 -0.00219276 -0.0022095 -0.00112444 -0.0026473 -0.00286068 -0.00250689 -0.00232344 -0.00121584 -0.00170661 -0.00121172 -0.00204186 -0.00133669 -0.00118828 -0.00146401 -0.00169404 -0.00266237 -0.00159402 -0.00200522 -0.00126624 -0.000714561 -0.00150789 -0.00139213 -0.00167082 -0.00169166 -0.00102835 -0.00182838 -0.00165334 -0.00129362 -0.00138044 -0.001639 -0.0014515 -0.00135215 -0.00119864 -0.00165382 -0.00192591 -0.0017983 -0.00226528 -0.00119797 -0.0014541 -0.00129166 -0.00111543 -0.00154862 -0.0011241 -0.00161565 -0.00135841 -0.00249205 -0.00157514 -0.00130167 -0.000904659 -0.00108797 -0.00189988 -0.00139849 -0.00218646 -0.0015139 -0.00136469 -0.00176349 -0.00152518 -0.0018285 -0.00229538 -0.00184439 -0.00194805 -0.00116227 -0.00173359 -0.00124179 -0.00111203 -0.000813352 -0.00147375 -0.0013812 -0.0014222 -0.0011331 -0.000773191 0.0017346 0.00230712 
0.00212906 0.00228833 0.00243665 0.119456 0.00212697 0.00199584 0.00142432 0.00113535 0.00152509 -0.00187296 -0.00151631 -0.00158344 -0.00158462 -0.00203342 -0.001979 -0.00192474 -0.00117682 -0.00205415 -0.00127192 -0.00210817 -0.002213 -0.00235894 -0.0022649 -0.00204936 -0.00264292 -0.00155251 -0.00173704 -0.00146195 -0.000792888 -0.00147991 -0.00148662 -0.00185381 -0.00201592 -0.00152924 -0.00213441 -0.00173943 -0.00293917 -0.00107595 -0.0017851 -0.00102936 -0.00127262 -0.00164941 -0.00149922 -0.00112721 -0.00127378 -0.00146071 -0.00166885 -0.00185936 -0.00148543 -0.00212819 -0.00192848 -0.000811181 -0.00187453 -0.00189446 -0.00227094 -0.00141032 -0.00146208 -0.00226432 -0.0014897 -0.00159243 -0.00143028 -0.00102684 -0.000601495 -0.00116531 -0.00158454 -0.000992335 -0.0016044 -0.00050744 -0.00106859 -0.000699514 -0.00174356 -0.0016012 -0.00092309 -0.0016454 -0.0014387 -0.00166476 -0.00163152 -0.0011115 -0.00196731 -0.00172615 -0.000898124 -0.00119419 -0.00150411 -0.00152899 -0.00105367 -0.000623882 -0.00138022 -0.00129116 -0.00191838 -0.000720637 -0.00128813 -0.0014718 -0.00122064 -0.00108115 -0.00187228 -0.00148775 -0.00109393 -0.000606132 -0.00100116 0.00252347 
0.00186819 0.00219735 0.00218257 0.00212697 0.125361 0.00215992 0.00256412 0.00224441 0.00284088 0.00257667 -0.00104773 -0.000862042 -0.000687423 -0.00190495 -0.00139088 -0.00134189 -0.00179574 -0.00175487 -0.00140027 -0.00226841 -0.00218452 -0.00167686 -0.00252078 -0.00231958 -0.00242148 -0.00161968 -0.00158744 -0.00136689 -0.00161563 -0.0019851 -0.00214986 -0.00225882 -0.00275511 -0.00185197 -0.00120127 -0.00120258 -0.00173189 -0.00289301 -0.002185 -0.00174664 -0.00178352 -0.0018128 -0.001583 -0.00125061 -0.00163307 -0.00163317 -0.000901239 -0.00179002 -0.00155417 -0.000921816 -0.00180318 -0.00120505 -0.00121775 -0.00138525 -0.00190945 -0.00151533 -0.00158071 -0.00154909 -0.0014366 -0.00125657 -0.00145642 -0.00167932 -0.00186477 -0.00116997 -0.00149419 -0.00184252 -0.00114133 -0.00135214 -0.00186414 -0.00114059 -0.00159129 -0.00110156 -0.00137901 -0.00185578 -0.00124327 -0.000495811 -0.00186305 -0.00162129 -0.00144068 -0.0011783 -0.00202817 -0.00161992 -0.0010698 -0.00249331 -0.00224624 -0.00121645 -0.00207684 -0.00203308 -0.0019591 -0.00219488 -0.00225547 -0.00198163 -0.00152349 -0.00181676 -0.00157554 -0.000887182 -0.00121437 -0.00178889 -0.00132098 -0.000594031 
0.00283807 0.00243524 0.0014535 0.00199584 0.00215992 0.131064 0.00241035 0.00262396 0.00211644 0.00142242 0.00240247 -0.00146462 -0.00108658 -0.00265805 -0.00124158 -0.00237843 -0.0026695 -0.000948859 -0.00151979 -0.00243316 -0.00195688 -0.00189452 -0.00194834 -0.00190166 -0.00147175 -0.00145883 -0.00188041 -0.00134942 -0.00164121 -0.0017397 -0.00250741 -0.00215378 -0.00158414 -0.00150807 -0.00113358 -0.00252484 -0.00186167 -0.00188866 -0.00176648 -0.0022817 -0.00167916 -0.00190415 -0.00245063 -0.000833955 -0.00129986 -0.00150263 -0.00162259 -0.00197338 -0.00136777 -0.00197648 -0.001999 -0.00162139 -0.00163608 -0.000753355 -0.0021002 -0.00184514 -0.00243412 -0.00200801 -0.00138964 -0.00215059 -0.00102159 -0.00133559 -0.00190541 -0.00179847 -0.0015674 -0.0019299 -0.0019929 -0.00167552 -0.00120168 -0.00149916 -0.00161633 -0.00189889 -0.00188952 -0.00177339 -0.00184191 -0.00155661 -0.00146518 -0.00157872 -0.00324422 -0.00178222 -0.00211392 -0.00207787 -0.00175161 -0.00191263 -0.00242283 -0.00180003 -0.00119042 -0.00120889 -0.00114215 -0.00150827 -0.000781491 -0.00157515 -0.00166156 -0.00174767 -0.00161443 -0.00132434 -0.00116006 -0.00114179 -0.00176976 -0.00104059 
-0.00114853 0.00234352 0.0034436 0.00142432 0.00256412 0.00241035 0.130904 0.00216913 0.00304342 0.00221713 0.00226242 0.00206224 -0.00147148 -0.00202598 -0.00213747 -0.00147919 -0.00101409 -0.00143857 -0.00174136 -0.00151751 -0.00140012 -0.000790279 -0.00196428 -0.00226495 -0.00134515 -0.0024355 -0.00186504 -0.00168578 -0.00190362 -0.00165682 -0.00211185 -0.00192629 -0.00156186 -0.0025791 -0.00173254 -0.00271031 -0.00204315 -0.00233926 -0.0021497 -0.0012537 -0.00175937 -0.00238218 -0.00166275 -0.00239817 -0.00124328 -0.00163104 -0.00158595 -0.00211347 -0.00265857 -0.00158355 -0.00167342 -0.00201139 -0.00140532 -0.00229935 -0.00108362 -0.00207285 -0.00241364 -0.00173994 -0.000436039 -0.00174522 -0.00176423 -0.00117068 -0.00138186 -0.00201844 -0.00213561 -0.00180983 -0.00260586 -0.00167576 -0.00206586 -0.001212 -0.00194511 -0.00154885 -0.00161545 -0.00168679 -0.000255756 -0.00122819 -0.00115499 -0.0015694 -0.00143167 -0.00173495 -0.00172082 -0.00191261 -0.00193558 -0.00240756 -0.00181168 -0.00204177 -0.00120124 -0.00151928 -0.00140568 -0.00228211 -0.00151767 -0.00225309 -0.00143929 -0.00228674 -0.00131926 -0.00189853 -0.00130469 -0.00189229 -0.00149993 -0.00159036 
-0.00125031 -0.000302832 0.00205955 0.00113535 0.00224441 0.00262396 0.00216913 0.130817 0.00310624 0.00339988 0.00282445 0.00110267 0.00168894 -0.000542844 -0.0025364 -0.00185833 -0.00152366 -0.00286239 -0.00124538 -0.00249504 -0.00185113 -0.00237323 -0.00195331 -0.00255877 -0.00147164 -0.00263553 -0.00310932 -0.0021484 -0.00205606 -0.000905653 -0.00219219 -0.00275685 -0.00135753 -0.00223234 -0.00146172 -0.00134166 -0.00146235 -0.00204932 -0.00225698 -0.00165932 -0.000807399 -0.00225637 -0.00148997 -0.00160509 -0.00212975 -0.00142113 -0.000883881 -0.00168004 -0.00169388 -0.00149889 -0.00191516 -0.00171525 -0.000867882 -0.00159688 -0.00230016 -0.00165886 -0.00211967 -0.00187334 -0.00173973 -0.00220393 -0.00147999 -0.00205149 -0.00156466 -0.00136752 -0.00164802 -0.00170402 -0.00180953 -0.0010762 -0.00250212 -0.00118855 -0.00185354 -0.00100407 -0.00194822 -0.00186005 -0.0017918 -0.00149366 -0.00234537 -0.000973705 -0.00224187 -0.00255275 -0.0018377 -0.000453556 -0.00183506 -0.00150802 -0.00206572 -0.00234562 -0.00215101 -0.00194905 -0.001676 -0.00153331 -0.00247146 -0.00156914 -0.00133394 -0.00149099 -0.00108878 -0.00144557 -0.000735624 -0.0018025 -0.000774471 -0.000738695 
-0.000556505 -0.000561958 -0.00145362 0.00152509 0.00284088 0.00211644 0.00304342 0.00310624 0.127812 0.00284527 0.00301424 0.00210768 0.00242285 0.00192246 -0.00180037 -0.000556667 -0.00233851 -0.00227487 -0.00162035 -0.0020976 -0.00117696 -0.0031548 -0.00142786 -0.00216528 -0.00134452 -0.00116398 -0.00264663 -0.00204326 -0.00220163 -0.00218379 -0.0031093 -0.00234384 -0.00233868 -0.00202768 -0.0026163 -0.00209131 -0.00206622 -0.00210256 -0.00142587 -0.00134486 -0.00179538 -0.00161121 -0.00180349 -0.00133344 -0.000925341 -0.00217929 -0.00103851 -0.00148273 -0.00155553 -0.00177029 -0.00179897 -0.00157599 -0.00198838 -0.00136797 -0.00215832 -0.00131049 -0.00124291 -0.00153361 -0.00194797 -0.00210761 -0.00143601 -0.00116201 -0.00189625 -0.00147451 -0.00176068 -0.0014075 -0.00192117 -0.00152062 -0.00102378 -0.000863064 -0.00186074 -0.00195135 -0.00302105 -0.00177327 -0.00179282 -0.00146936 -0.00201199 -0.00191695 -0.00152694 -0.00219073 -0.00162641 -0.00221949 -0.00184931 -0.00165687 -0.00248447 -0.00183989 -0.000979619 -0.00182562 -0.00148898 -0.00115441 -0.00257769 -0.00129477 -0.00149513 -0.00113031 -0.00176203 -0.00131658 -0.00117161 -0.00129761 -0.00111682 -0.00172448 
-0.0016809 -0.00149228 -0.00154361 -0.00187296 0.00257667 0.00142242 0.00221713 0.00339988 0.00284527 0.134395 0.00322055 0.00159603 0.00312674 0.00237014 -0.000503188 -0.00107583 -0.00136021 -0.00178503 -0.00264257 -0.00204521 -0.00181233 -0.00201033 -0.00284077 -0.00198364 -0.00166807 -0.00250211 -0.00234555 -0.00157772 -0.00249127 -0.00243147 -0.00222912 -0.00199194 -0.00276213 -0.00230097 -0.0015422 -0.000862645 -0.00132289 -0.00227429 -0.00137267 -0.00208862 -0.00208316 -0.00233866 -0.00178647 -0.00189819 -0.00155055 -0.00109302 -0.00200662 -0.00203667 -0.00161304 -0.00150802 -0.00169587 -0.00123014 -0.00170379 -0.00172714 -0.00175917 -0.00164768 -0.00131531 -0.00213312 -0.00215651 -0.00130715 -0.00210131 -0.00230223 -0.00180708 -0.00182704 -0.00161617 -0.00247678 -0.00150636 -0.00136033 -0.00119773 -0.000412057 -0.00183932 -0.00163911 -0.00137543 -0.00138038 -0.00226184 -0.00178638 -0.0027129 -0.00176046 -0.00158112 -0.00242886 -0.00229219 -0.00150903 -0.00124614 -0.00164476 -0.00184702 -0.0015849 -0.00195262 -0.00128461 -0.0018589 -0.00140486 -0.00132653 -0.00154825 -0.00191297 -0.00167514 -0.00158611 -0.00124457 -0.00133585 -0.000586142 -0.00134976 -0.00160421 
-0.00226805 -0.00181247 -0.00219839 -0.00151631 -0.00104773 0.00240247 0.00226242 0.00282445 0.00301424 0.00322055 0.137097 0.00265625 0.00361202 0.00330287 0.0029147 0.00231255 -0.00202859 -0.0021555 -0.00175594 -0.00230704 -0.00136598 -0.00174612 -0.00238166 -0.00192963 -0.00184809 -0.00163321 -0.00250698 -0.00280978 -0.00132479 -0.00171991 -0.00258546 -0.00209849 -0.00286409 -0.00189917 -0.00268671 -0.00228226 -0.00186822 -0.00231352 -0.00226356 -0.00143455 -0.00123549 -0.00090131 -0.00152231 -0.00119268 -0.00202687 -0.00174612 -0.00213561 -0.00217624 -0.00124469 -0.0025111 -0.00172393 -0.00278565 -0.00199851 -0.00148727 -0.00171982 -0.00176294 -0.00157477 -0.00192266 -0.00135989 -0.00151601 -0.00195777 -0.00204248 -0.00147812 -0.00167398 -0.00183551 -0.00212428 -0.00234234 -0.0023491 -0.00165988 -0.0013453 -0.000940629 -0.000899766 -0.0022909 -0.00169975 -0.00161576 -0.00245571 -0.00197878 -0.00262419 -0.00126192 -0.000553287 -0.00172227 -0.00168874 -0.00165004 -0.00204821 -0.00133256 -0.00214656 -0.00195744 -0.00156146 -0.00145605 -0.00226054 -0.00128576 -0.00130625 -0.00267618 -0.00256577 -0.00185538 -0.00224518 -0.00234047 -0.00146971 -0.0018918 -0.00183375 
-0.00107492 -0.00233196 -0.00205632 -0.00158344 -0.000862042 -0.00146462 0.00206224 0.00110267 0.00210768 0.00159603 0.00265625 0.130589 0.00247159 0.00242246 0.00287838 0.00197806 0.00164468 -0.00178514 -0.00104592 -0.00191576 -0.00118674 -0.00236574 -0.00140252 -0.00197834 -0.00239149 -0.0020427 -0.00138276 -0.00301961 -0.00178158 -0.00197921 -0.00250213 -0.0018442 -0.00116483 -0.00271483 -0.0016162 -0.00212502 -0.00222339 -0.00252655 -0.00228539 -0.00125346 -0.00232259 -0.00169298 -0.00190213 -0.00188415 -0.00120752 -0.00221666 -0.00255525 -0.00145204 -0.00139161 -0.001677 -0.00192553 -0.0015588 -0.00153912 -0.00211947 -0.00210066 -0.00112715 -0.00146185 -0.00217478 -0.00141407 -0.00245177 -0.0013987 -0.00110053 -0.00122109 -0.00159823 -0.00167105 -0.00156995 -0.000898246 -0.00167631 -0.00114352 -0.00122018 -0.0011321 -0.00120138 -0.00148999 -0.000705552 -0.00153276 -0.00193993 -0.00191701 -0.00150864 -0.00183062 -0.00191177 -0.0015941 -0.00239723 -0.00153604 -0.00216136 -0.00202943 -0.00194675 -0.00220066 -0.00166925 -0.0023013 -0.00182253 -0.000607506 -0.00169359 -0.0020989 -0.00159971 -0.000943506 -0.00119442 -0.00112221 -0.00161264 -0.000143607 -0.00208467 
-0.000714183 -0.00143447 -0.0020402 -0.00158462 -0.000687423 -0.00108658 -0.00147148 0.00168894 0.00242285 0.00312674 0.00361202 0.00247159 0.136979 0.00286005 0.00296842 0.00250856 0.00359807 -0.000705799 -0.00195916 -0.00190884 -0.00226522 -0.00177544 -0.00169207 -0.00162767 -0.0021447 -0.00311296 -0.00212799 -0.00182969 -0.00170713 -0.0026005 -0.001984 -0.00202661 -0.00245545 -0.00176661 -0.0021126 -0.00166256 -0.00217753 -0.00285487 -0.00180877 -0.00198738 -0.00215005 -0.00185018 -0.00255689 -0.0023711 -0.00195689 -0.00127915 -0.00266492 -0.00199922 -0.00182325 -0.00208613 -0.00162119 -0.00236313 -0.00171764 -0.00148063 -0.00191832 -0.00126177 -0.00180916 -0.00146639 -0.00178889 -0.00180626 -0.00171168 -0.0018596 -0.00152763 -0.00145031 -0.00159472 -0.00190807 -0.00228002 -0.00237463 -0.00122357 -0.0017946 -0.00147242 -0.00136947 -0.00154148 -0.00189461 -0.00185648 -0.00118105 -0.00170695 -0.00180291 -0.00148775 -0.00119724 -0.000801059 -0.0020486 -0.00192218 -0.00100573 -0.0011745 -0.00193982 -0.00216314 -0.0015583 -0.00194155 -0.00152044 -0.00168297 -0.00202548 -0.00218764 -0.00126565 -0.00253591 -0.00108815 -0.00210064 -0.00248323 -0.00249334 -0.00177942 
-0.00215984 -0.00199476 -0.00211885 -0.00203342 -0.00190495 -0.00265805 -0.00202598 -0.000542844 0.00192246 0.00237014 0.00330287 0.00242246 0.00286005 0.140286 0.00235729 0.00294761 0.0022256 0.00335796 0.00153331 -0.0028323 -0.00152239 -0.00181019 -0.00219156 -0.00259668 -0.00223375 -0.00235066 -0.00231678 -0.00282346 -0.00231104 -0.00226252 -0.00305785 -0.00211321 -0.002056 -0.00247195 -0.00285374 -0.00194735 -0.00121621 -0.00128577 -0.00255693 -0.00161183 -0.00256038 -0.00227287 -0.00156304 -0.00182163 -0.00203988 -0.00169898 -0.00145141 -0.00190114 -0.00196392 -0.00199036 -0.00122636 -0.00196634 -0.00163558 -0.00085148 -0.00266113 -0.00133327 -0.00234479 -0.00275749 -0.00198408 -0.00225126 -0.00168988 -0.00250987 -0.00146564 -0.00260231 -0.00125816 -0.00189483 -0.00172297 -0.00252558 -0.000982775 -0.00183012 -0.00156628 -0.00127356 -0.00196913 -0.0013845 -0.00187283 -0.00186026 -0.00183643 -0.00185174 -0.00144514 -0.000906444 -0.00133148 -0.00118314 -0.00193882 -0.00231738 -0.00192524 -0.00282394 -0.00193728 -0.00133753 -0.00167548 -0.00143704 -0.00166624 -0.00183633 -0.00167689 -0.000895233 -0.000845084 -0.00153712 -0.00102556 -0.00130719 -0.000924395 -0.00137938 
-0.00193062 -0.00212077 -0.00149059 -0.001979 -0.00139088 -0.00124158 -0.00213747 -0.0025364 -0.00180037 -0.000503188 0.0029147 0.00287838 0.00296842 0.00235729 0.137303 0.0029589 0.00270651 0.00228911 0.00095189 0.00192427 -0.00131379 -0.00126636 -0.0015593 -0.00179953 -0.00240337 -0.00174956 -0.0011596 -0.00173193 -0.00206327 -0.00330685 -0.00225887 -0.00262259 -0.00232423 -0.00253601 -0.00175604 -0.00204532 -0.00207658 -0.00190999 -0.00159581 -0.00200646 -0.00194919 -0.00174848 -0.00155252 -0.00217821 -0.00232893 -0.00147613 -0.00258375 -0.00212936 -0.00121591 -0.00170357 -0.000696771 -0.00161018 -0.00202277 -0.00137462 -0.00257523 -0.00194223 -0.00121017 -0.00232666 -0.0022064 -0.000963968 -0.00163932 -0.00212691 -0.00199228 -0.00168636 -0.00150531 -0.0013718 -0.00171106 -0.00241487 -0.00169067 -0.00144487 -0.00215428 -0.000973741 -0.00180997 -0.000551599 -0.00177968 -0.0018736 -0.00165663 -0.00184377 -0.00129479 -0.00144379 -0.00151072 -0.00175779 -0.00196771 -0.00168689 -0.00130582 -0.00181236 -0.00181257 -0.00131354 -0.00177828 -0.00159245 -0.00122244 -0.00242578 -0.00178593 -0.00178026 -0.0013721 -0.001978 -0.00177178 -0.00126026 -0.00152595 -0.00221547 
-0.000933696 -0.000820911 -0.00193703 -0.00192474 -0.00134189 -0.00237843 -0.00147919 -0.00185833 -0.000556667 -0.00107583 0.00231255 0.00197806 0.00250856 0.00294761 0.0029589 0.141162 0.00160262 0.00178485 0.00329214 0.00189575 -0.0021921 -0.00195168 -0.00199429 -0.00114493 -0.00328667 -0.00216617 -0.00207286 -0.0016178 -0.00244857 -0.00200514 -0.00187433 -0.00330303 -0.00220773 -0.00272048 -0.00120647 -0.0019204 -0.00140394 -0.00109027 -0.00190245 -0.00233333 -0.00294928 -0.00244227 -0.00191616 -0.00141517 -0.00172037 -0.00119679 -0.0019165 -0.00156159 -0.000849198 -0.000926585 -0.0022614 -0.00167602 -0.00232331 -0.00173035 -0.0020721 -0.00275741 -0.00263568 -0.00247621 -0.00139681 -0.00245838 -0.00214065 -0.00163557 -0.00174661 -0.00170948 -0.00201105 -0.00125077 -0.00138315 -0.00124182 -0.00144738 -0.00150701 -0.00107221 -0.00192778 -0.00136236 -0.00157617 -0.0014936 -0.00238974 -0.00139117 -0.0014174 -0.00187605 -0.0012096 -0.00162723 -0.00210051 -0.000456901 -0.00183641 -0.00188093 -0.00234756 -0.00180383 -0.00200142 -0.00190789 -0.00125809 -0.00227708 -0.00151352 -0.00202783 -0.00141027 -0.00202049 -0.00177768 -0.00225938 -0.00183181 -0.00235725 -0.00212605 
-0.00209579 -0.00197271 -0.00171771 -0.00117682 -0.00179574 -0.0026695 -0.00101409 -0.00152366 -0.00233851 -0.00136021 -0.00202859 0.00164468 0.00359807 0.0022256 0.00270651 0.00160262 0.143528 0.003321 0.00132137 0.00182815 0.00308532 0.00245022 -0.000658867 -0.00119759 -0.0023203 -0.00250132 -0.00265132 -0.00178585 -0.00130188 -0.0023135 -0.00276675 -0.00218519 -0.00238425 -0.00221165 -0.00206324 -0.00240597 -0.00155317 -0.000966701 -0.00185525 -0.00259061 -0.00233236 -0.00243136 -0.00171796 -0.00226812 -0.00218436 -0.00231359 -0.00203766 -0.00160275 -0.00224011 -0.00186312 -0.00192549 -0.00197681 -0.00243194 -0.00211198 -0.00221905 -0.00178635 -0.00197964 -0.00200781 -0.00251227 -0.0028404 -0.00225612 -0.00156333 -0.00213383 -0.00178484 -0.000724609 -0.00127599 -0.0017554 -0.00167651 -0.00179232 -0.00197701 -0.00299421 -0.00206075 -0.00186638 -0.00142104 -0.00160891 -0.000513971 -0.00194195 -0.00122171 -0.000741259 -0.000810393 -0.00155318 -0.00134085 -0.00179711 -0.0027445 -0.0022226 -0.00139919 -0.00161631 -0.00196131 -0.00196839 -0.00224691 -0.00142866 -0.00222811 -0.00294355 -0.00149817 -0.0007658 -0.00176375 -0.00233585 -0.00243871 -0.00103388 -0.00171391 
-0.00262888 -0.00166854 -0.00169316 -0.00205415 -0.00175487 -0.000948859 -0.00143857 -0.00286239 -0.00227487 -0.00178503 -0.0021555 -0.00178514 -0.000705799 0.00335796 0.00228911 0.00178485 0.003321 0.143307 0.00413746 0.00272168 0.00283509 0.00395276 0.00368393 -0.00148238 -0.00101299 -0.00146332 -0.00261685 -0.00219449 -0.00257569 -0.00198736 -0.00165187 -0.00271273 -0.00321527 -0.00279212 -0.00152263 -0.00274535 -0.00226257 -0.00190076 -0.00250336 -0.00108364 -0.00230232 -0.00277478 -0.00229381 -0.00226603 -0.00224444 -0.00203464 -0.00241892 -0.00207143 -0.00206145 -0.00191577 -0.00207889 -0.002198 -0.00186711 -0.00168812 -0.00215078 -0.00212053 -0.00190852 -0.00228742 -0.00155794 -0.00201215 -0.00156047 -0.00297575 -0.00120743 -0.00126862 -0.0016658 -0.00166865 -0.00247581 -0.00156968 -0.00235599 -0.00121839 -0.00269941 -0.00140097 -0.00186502 -0.00123612 -0.00168981 -0.00190113 -0.00136844 -0.00158211 -0.000958094 -0.00133739 -0.00186722 -0.00173273 -0.00146111 -0.0018649 -0.00188046 -0.00182239 -0.0021055 -0.0010639 -0.00263926 -0.00145767 -0.00188953 -0.00197505 -0.00223474 -0.00156095 -0.00143935 -0.00255685 -0.000954152 -0.00224645 -0.0015183 -0.00138345 
-0.00159341 -0.00235952 -0.00141373 -0.00127192 -0.00140027 -0.00151979 -0.00174136 -0.00124538 -0.00162035 -0.00264257 -0.00175594 -0.00104592 -0.00195916 0.00153331 0.00095189 0.00329214 0.00132137 0.00413746 0.140897 0.00307588 0.00287312 0.00199965 0.00285838 -0.00132675 -0.000368937 -0.00234901 -0.00276516 -0.00227002 -0.00204069 -0.00323482 -0.00164878 -0.00304036 -0.00253305 -0.00217117 -0.00131305 -0.00189608 -0.00179934 -0.00131913 -0.0026157 -0.0018587 -0.00283673 -0.00232157 -0.00294162 -0.00199348 -0.00152146 -0.000932276 -0.00193275 -0.00200939 -0.0019776 -0.0030069 -0.00219656 -0.00182085 -0.00186811 -0.00230681 -0.00212188 -0.00261839 -0.00205097 -0.00177236 -0.00120879 -0.00201777 -0.00112992 -0.00261366 -0.00207702 -0.00165536 -0.00155769 -0.00229056 -0.0017116 -0.00201905 -0.000888138 -0.00120736 -0.00133533 -0.00144718 -0.0017586 -0.00134205 -0.00145012 -0.00166284 -0.00261028 -0.00220265 -0.00166005 -0.00172736 -0.0012562 -0.00276129 -0.00147637 -0.00183604 -0.00101951 -0.00247013 -0.00154838 -0.00126076 -0.00195479 -0.0009858 -0.000822898 -0.00199494 -0.00166398 -0.00121795 -0.00134723 -0.00161975 -0.00159505 -0.00247551 -0.00160786 -0.000102228 
-0.00227211 -0.000928336 -0.0012835 -0.00210817 -0.00226841 -0.00243316 -0.00151751 -0.00249504 -0.0020976 -0.00204521 -0.00230704 -0.00191576 -0.00190884 -0.0028323 0.00192427 0.00189575 0.00182815 0.00272168 0.00307588 0.149424 0.00270054 0.00329375 0.00354101 0.00276179 0.00418708 -0.00310938 -0.00257318 -0.00189757 -0.0020923 -0.00182105 -0.00194634 -0.00220354 -0.00286147 -0.00223057 -0.00123289 -0.000887317 -0.00125416 -0.00119132 -0.00217468 -0.00156547 -0.00093854 -0.0018525 -0.00172077 -0.00310128 -0.00194158 -0.00196905 -0.00198056 -0.00124461 -0.00188608 -0.00248114 -0.00274269 -0.0016655 -0.00234535 -0.0017875 -0.00150316 -0.00234534 -0.00102661 -0.00192754 -0.00205025 -0.00280097 -0.00202784 -0.00207867 -0.00187392 -0.00197116 -0.000778317 -0.00209431 -0.00199542 -0.00221737 -0.00200468 -0.00178954 -0.00263906 -0.0018254 -0.00244451 -0.0015387 -0.00133172 -0.0020569 -0.00256051 -0.00182532 -0.0020463 -0.00204993 -0.00233965 -0.00212143 -0.00246264 -0.00268802 -0.00210883 -0.00234874 -0.0015615 -0.00263736 -0.00178656 -0.00179031 -0.00221914 -0.00225696 -0.00199274 -0.00206183 -0.00166343 -0.00169714 -0.00207403 -0.00257574 -0.00173999 -0.00131294 
-0.00159151 -0.00161364 -0.00179022 -0.002213 -0.00218452 -0.00195688 -0.00140012 -0.00185113 -0.00117696 -0.00181233 -0.00136598 -0.00118674 -0.00226522 -0.00152239 -0.00131379 -0.0021921 0.00308532 0.00283509 0.00287312 0.00270054 0.14704 0.00315332 0.00393733 0.00274808 0.00318526 0.00221385 -0.00149538 -0.00240034 -0.00153689 -0.00367586 -0.00183789 -0.00115482 -0.0023233 -0.0013462 -0.00215951 -0.00191952 -0.0017287 -0.00218994 -0.00165044 -0.0030811 -0.00214761 -0.00250945 -0.00194244 -0.00188101 -0.00193654 -0.00162032 -0.00167373 -0.00276421 -0.00221373 -0.00241362 -0.002208 -0.00208717 -0.00141439 -0.00188644 -0.00184764 -0.00174082 -0.00134942 -0.00203617 -0.0020321 -0.00247995 -0.00176583 -0.00225907 -0.00243994 -0.00185222 -0.00195849 -0.00131241 -0.0016292 -0.00215183 -0.00145396 -0.00236737 -0.00126279 -0.00148385 -0.00212052 -0.00202848 -0.00163827 -0.00177286 -0.00134374 -0.00178296 -0.000269003 -0.00168595 -0.00128836 -0.0033592 -0.00124261 -0.00200603 -0.00277674 -0.00195706 -0.00172316 -0.00201427 -0.00206657 -0.00241737 -0.00237482 -0.00196809 -0.00220667 -0.00207303 -0.00143574 -0.00212779 -0.00351315 -0.00218611 -0.00193511 -0.00239997 
-0.00209623 -0.00119989 -0.00138183 -0.00235894 -0.00167686 -0.00189452 -0.000790279 -0.00237323 -0.0031548 -0.00201033 -0.00174612 -0.00236574 -0.00177544 -0.00181019 -0.00126636 -0.00195168 0.00245022 0.00395276 0.00199965 0.00329375 0.00315332 0.149411 0.00346462 0.00377639 0.00302611 0.00345818 -0.00127762 -0.0003461 -0.00155618 -0.00227648 -0.00159649 -0.0021136 -0.00182915 -0.0015974 -0.00197727 -0.0020894 -0.00266614 -0.00187119 -0.00213978 -0.00176099 -0.00232971 -0.00282293 -0.0029577 -0.00145252 -0.00173918 -0.00213765 -0.00146947 -0.00305246 -0.00162543 -0.0021136 -0.00233316 -0.00276017 -0.00209071 -0.00191834 -0.0021955 -0.00160819 -0.00172398 -0.000789898 -0.00176275 -0.0024346 -0.00271976 -0.00130771 -0.00182154 -0.00221112 -0.00128067 -0.00228671 -0.00228195 -0.0015084 -0.00250171 -0.00257031 -0.00286868 -0.00203441 -0.00267206 -0.00227615 -0.00256697 -0.002791 -0.00208671 -0.00192509 -0.00118445 -0.00158573 -0.00207335 -0.00142083 -0.00170714 -0.0027072 -0.000821691 -0.00220843 -0.00230104 -0.00167242 -0.00139136 -0.0011227 -0.00160482 -0.00169878 -0.00268495 -0.00247176 -0.0015063 -0.00276107 -0.00235207 -0.00197555 -0.00251102 -0.0022441 
-0.00236508 -0.00207991 -0.00117279 -0.0022649 -0.00252078 -0.00194834 -0.00196428 -0.00195331 -0.00142786 -0.00284077 -0.00238166 -0.00140252 -0.00169207 -0.00219156 -0.0015593 -0.00199429 -0.000658867 0.00368393 0.00285838 0.00354101 0.00393733 0.00346462 0.154106 0.00435404 0.0021568 0.002848 0.00272249 -0.00275708 -0.00181887 -0.0015928 -0.00237584 -0.00269061 -0.00202036 -0.00296891 -0.00239996 -0.00270716 -0.00248032 -0.00303963 -0.00374392 -0.00219767 -0.00248296 -0.00225341 -0.00135849 -0.00273217 -0.00220604 -0.00256836 -0.00245141 -0.00162464 -0.00137412 -0.00192812 -0.0021706 -0.00261842 -0.00249591 -0.00198474 -0.00125524 -0.00205003 -0.00311216 -0.00200292 -0.00200983 -0.0019994 -0.00208242 -0.00142858 -0.00250908 -0.00196662 -0.00181556 -0.000434245 -0.00193468 -0.00173382 -0.00160217 -0.000946058 -0.002079 -0.0021899 -0.00331537 -0.00127401 -0.00148962 -0.00218056 -0.00118285 -0.00195578 -0.00173999 -0.00126844 -0.0018547 -0.0015913 -0.00195455 -0.00232944 -0.00185726 -0.00219314 -0.00239233 -0.00274396 -0.00186434 -0.00117782 -0.0027244 -0.00163375 -0.00200227 -0.00212666 -0.00266745 -0.00293875 -0.0021174 -0.00198027 -0.000647754 -0.00185595 
-0.00222811 -0.00177667 -0.00211566 -0.00204936 -0.00231958 -0.00190166 -0.00226495 -0.00255877 -0.00216528 -0.00198364 -0.00192963 -0.00197834 -0.00162767 -0.00259668 -0.00179953 -0.00114493 -0.00119759 -0.00148238 -0.00132675 0.00276179 0.00274808 0.00377639 0.00435404 0.141998 0.00368375 0.00377016 0.00293077 0.00271171 -0.00171677 -0.00143314 -0.00145515 -0.00229293 -0.00181253 -0.00249286 -0.00210406 -0.00221537 -0.00222357 -0.00159424 -0.0011057 -0.00204343 -0.00139935 -0.00111272 -0.00135943 -0.001625 -0.00186495 -0.00188276 -0.00165332 -0.00198968 -0.00260183 -0.00235888 -0.00193756 -0.00139511 -0.002955 -0.00195496 -0.00128025 -0.00175081 -0.00201711 -0.00225314 -0.00201579 -0.00166561 -0.00163435 -0.00187529 -0.00107708 -0.0016663 -0.00139042 -0.00202955 -0.0019883 -0.00222151 -0.00260677 -0.00130276 -0.00197989 -0.00208539 -0.00206672 -0.00190715 -0.00185412 -0.00267698 -0.00241063 -0.00240086 -0.00182267 -0.00156707 -0.00115842 -0.00173635 -0.0016627 -0.00218655 -0.00231387 -0.000847141 -0.00246776 -0.00150797 -0.00167335 -0.00103189 -0.00259826 -0.00201915 -0.00137362 -0.00216479 -0.00126605 -0.00222635 -0.00162385 -0.00138921 -0.000671395 -0.00224154 
-0.00169908 -0.00179152 -0.00188799 -0.00264292 -0.00242148 -0.00147175 -0.00134515 -0.00147164 -0.00134452 -0.00166807 -0.00184809 -0.00239149 -0.0021447 -0.00223375 -0.00240337 -0.00328667 -0.0023203 -0.00101299 -0.000368937 0.00418708 0.00318526 0.00302611 0.0021568 0.00368375 0.145486 0.00388442 0.00255982 0.00243102 0.00273298 0.00269086 -0.00268448 -0.00255836 -0.00238665 -0.00103859 -0.00196342 -0.00190598 -0.0019167 -0.00227975 -0.00124324 -0.00241719 -0.00140575 -0.00216815 -0.00125343 -0.00262075 -0.00225172 -0.00178214 -0.00203061 -0.00195712 -0.00208214 -0.00233981 -0.000727584 -0.00141844 -0.00252099 -0.00149955 -0.00210128 -0.00271332 -0.00194095 -0.00226274 -0.00322519 -0.0023118 -0.00143067 -0.00241781 -0.00211029 -0.00192656 -0.00239904 -0.00187881 -0.00269295 -0.0020152 -0.00226134 -0.00227553 -0.00267338 -0.00152506 -0.00214843 -0.00218716 -0.00276889 -0.00193183 -0.00189953 -0.00209199 -0.00158914 -0.00261567 -0.00174755 -0.00193876 -0.00243022 -0.00216384 -0.00192181 -0.00194529 -0.000838099 -0.00103379 -0.00132455 -0.00173458 -0.00174956 -0.00248215 -0.00146657 -0.00190981 -0.000924519 -0.0017814 -0.00181041 -0.00202405 -0.00297349 -0.00222243 
-0.00188606 -0.0024902 -0.00202709 -0.00155251 -0.00161968 -0.00145883 -0.0024355 -0.00263553 -0.00116398 -0.00250211 -0.00163321 -0.0020427 -0.00311296 -0.00235066 -0.00174956 -0.00216617 -0.00250132 -0.00146332 -0.00234901 -0.00310938 0.00221385 0.00345818 0.002848 0.00377016 0.00388442 0.151665 0.00357195 0.00340079 0.00305006 0.00395675 0.00235649 -0.00181468 -0.00159091 -0.00136986 -0.00156534 -0.00107623 -0.00217205 -0.00216789 -0.00178948 -0.00262108 -0.00267496 -0.00247475 -0.00190759 -0.00266018 -0.00148788 -0.00149286 -0.00278502 -0.00138712 -0.00236624 -0.00168224 -0.0026528 -0.00196419 -0.00328128 -0.00165368 -0.00278271 -0.00218474 -0.00142122 -0.0022503 -0.00184614 -0.00209883 -0.00233047 -0.00286989 -0.00234771 -0.00154909 -0.00153929 -0.00129345 -0.00195515 -0.00250774 -0.00207562 -0.00220736 -0.00268755 -0.00208077 -0.00140358 -0.0023027 -0.00305911 -0.00244023 -0.00229109 -0.00212331 -0.00209059 -0.00199485 -0.00206595 -0.00162697 -0.00268829 -0.00136627 -0.00222188 -0.0017778 -0.00269747 -0.00147774 -0.000956501 -0.00250186 -0.00260038 -0.00205733 -0.00179772 -0.00111769 -0.0023003 -0.00217624 -0.00181145 -0.00130833 -0.00262758 -0.00237597 
-0.00177943 -0.00178515 -0.00273832 -0.00173704 -0.00158744 -0.00188041 -0.00186504 -0.00310932 -0.00264663 -0.00234555 -0.00250698 -0.00138276 -0.00212799 -0.00231678 -0.0011596 -0.00207286 -0.00265132 -0.00261685 -0.00276516 -0.00257318 -0.00149538 -0.00127762 0.00272249 0.00293077 0.00255982 0.00357195 0.136575 0.00416225 0.00311343 0.0021221 0.00176269 0.00212168 -0.00130692 -0.0019192 -0.0015114 -0.00195267 -0.00148946 -0.00257396 -0.00204712 -0.00168617 -0.0019778 -0.00136192 -0.00230851 -0.00226962 -0.0014791 -0.00140155 -0.00180526 -0.00109752 -0.00256373 -0.0018566 -0.00144408 -0.00188829 -0.00203201 -0.00134487 -0.00240219 -0.00119677 -0.00132735 -0.00133587 -0.0016221 -0.00178317 -0.00141278 -0.00112138 -0.00184876 -0.00176061 -0.00230649 -0.00190718 -0.00110507 -0.00176726 -0.00144927 -0.00190076 -0.00174035 -0.001071 -0.00160085 -0.00224074 -0.00215321 -0.00234461 -0.00173766 -0.00121741 -0.0016891 -0.00158316 -0.00167281 -0.00161374 -0.00155693 -0.0010731 -0.00133863 -0.00209762 -0.00161956 -0.000138376 -0.000766056 -0.00196024 -0.0019676 -0.00127431 -0.00153612 -0.00185041 -0.00170231 -0.00258356 -0.0017573 -0.00153344 -0.00171936 -0.00251741 
-0.00177794 -0.00232496 -0.00219276 -0.00146195 -0.00136689 -0.00134942 -0.00168578 -0.0021484 -0.00204326 -0.00157772 -0.00280978 -0.00301961 -0.00182969 -0.00282346 -0.00173193 -0.0016178 -0.00178585 -0.00219449 -0.00227002 -0.00189757 -0.00240034 -0.0003461 -0.00275708 0.00271171 0.00243102 0.00340079 0.00416225 0.141908 0.00297442 0.00175053 0.00230052 0.00206813 0.00279812 -0.00149502 -0.00182541 -0.00231081 -0.00179512 -0.00185729 -0.00161939 -0.00170503 -0.00140823 -0.000633749 -0.00239338 -0.00222079 -0.00247085 -0.00223717 -0.00210434 -0.00261406 -0.00215213 -0.00273192 -0.00166586 -0.00126556 -0.00146377 -0.00226295 -0.00239799 -0.00130066 -0.00198851 -0.00199222 -0.00223312 -0.00164806 -0.0019945 -0.00194272 -0.000998912 -0.00141081 -0.00220727 -0.00225869 -0.00187395 -0.00167802 -0.00220384 -0.00176635 -0.00120828 -0.00155129 -0.00104247 -0.00207885 -0.00240791 -0.00175232 -0.00211546 -0.000971104 -0.00190654 -0.00239988 -0.00201346 -0.00172653 -0.00215647 -0.0023634 -0.00186887 -0.00228934 -0.00180355 -0.00150315 -0.000960514 -0.0017138 -0.00213246 -0.00147274 -0.00157832 -0.00147034 -0.00232187 -0.000957122 -0.000902425 -0.000920924 -0.00166637 -0.00170808 
-0.0015968 -0.00233518 -0.0022095 -0.000792888 -0.00161563 -0.00164121 -0.00190362 -0.00205606 -0.00220163 -0.00249127 -0.00132479 -0.00178158 -0.00170713 -0.00231104 -0.00206327 -0.00244857 -0.00130188 -0.00257569 -0.00204069 -0.0020923 -0.00153689 -0.00155618 -0.00181887 -0.00171677 0.00273298 0.00305006 0.00311343 0.00297442 0.137084 0.002887 0.00292682 0.00249798 0.00253479 0.0020386 -0.00157029 -0.00193063 -0.00202035 -0.00104642 -0.00120355 -0.00238864 -0.00174032 -0.00162534 -0.00176716 -0.0021602 -0.0019901 -0.000986621 -0.00180049 -0.000799567 -0.00296885 -0.00175058 -0.00237233 -0.00181628 -0.00221106 -0.0020182 -0.00186074 -0.00121361 -0.0021315 -0.00204525 -0.0018108 -0.00134628 -0.00223591 -0.000782048 -0.00201622 -0.00169886 -0.000911592 -0.00176465 -0.00157791 -0.00148263 -0.00153184 -0.00259307 -0.00177342 -0.00100068 -0.0013466 -0.00152517 -0.00202017 -0.0013118 -0.00129667 -0.00129594 -0.0017301 -0.00240055 -0.00193172 -0.00117634 -0.00207158 -0.00185958 -0.00168824 -0.00272671 -0.00130837 -0.00217711 -0.00147914 -0.00184173 -0.00246995 -0.00211419 -0.00173719 -0.0019617 -0.00213469 -0.00142782 -0.00168433 -0.00173438 -0.0030032 -0.00132195 
-0.00221914 -0.00217624 -0.00112444 -0.00147991 -0.0019851 -0.0017397 -0.00165682 -0.000905653 -0.00218379 -0.00243147 -0.00171991 -0.00197921 -0.0026005 -0.00226252 -0.00330685 -0.00200514 -0.0023135 -0.00198736 -0.00323482 -0.00182105 -0.00367586 -0.00227648 -0.0015928 -0.00143314 0.00269086 0.00395675 0.0021221 0.00175053 0.002887 0.13693 0.00262894 0.00170831 0.00269688 0.00265307 -0.00189439 -0.0011933 -0.000831181 -0.00202541 -0.00217994 -0.00104438 -0.00183266 -0.00179321 -0.00155892 -0.002493 -0.00175952 -0.00170175 -0.00186196 -0.00200059 -0.00151825 -0.00296522 -0.00162459 -0.00121815 -0.0019582 -0.000906539 -0.00201747 -0.00129408 -0.00160527 -0.00125353 -0.00240484 -0.00213005 -0.00245246 -0.00162698 -0.00184444 -0.00149771 -0.00202167 -0.00198079 -0.00118615 -0.00192833 -0.00234704 -0.00161487 -0.00173002 -0.0020783 -0.0020901 -0.00146007 -0.00118776 -0.00151079 -0.00151949 -0.0020508 -0.00147875 -0.00205357 -0.00223754 -0.00113772 -0.00143923 -0.0014748 -0.00190267 -0.00227761 -0.00145731 -0.00147844 -0.00130778 -0.00106523 -0.0013416 -0.00130753 -0.00149915 -0.0010179 -0.00108179 -0.00156739 -0.0015932 -0.00134549 -0.000697543 -0.00195627 
-0.00273494 -0.00151152 -0.0026473 -0.00148662 -0.00214986 -0.00250741 -0.00211185 -0.00219219 -0.0031093 -0.00222912 -0.00258546 -0.00250213 -0.001984 -0.00305785 -0.00225887 -0.00187433 -0.00276675 -0.00165187 -0.00164878 -0.00194634 -0.00183789 -0.00159649 -0.00237584 -0.00145515 -0.00268448 0.00235649 0.00176269 0.00230052 0.00292682 0.00262894 0.136394 0.0032948 0.00245386 0.0031063 0.00196366 0.00200474 -0.00141143 -0.00108009 -0.00154218 -0.00257491 -0.00190351 -0.00209313 -0.00127245 -0.00232929 -0.00142534 -0.00188893 -0.0016481 -0.00159118 -0.00214578 -0.0018545 -0.00179246 -0.0018393 -0.00179991 -0.00198608 -0.00181766 -0.00181483 -0.00177328 -0.00130166 -0.0013942 -0.00194344 -0.00185847 -0.00119069 -0.00117827 -0.0016627 -0.00157409 -0.00144922 -0.00118288 -0.00119318 -0.00196697 -0.00176525 -0.00213813 -0.0014402 -0.00139336 -0.000433878 -0.00205192 -0.00165004 -0.00136596 -0.000789135 -0.00205539 -0.00141564 -0.00260986 -0.00169587 -0.00237849 -0.00184839 -0.00241266 -0.00213358 -0.00197494 -0.00178471 -0.00117527 -0.00103283 -0.00116639 -0.00136547 -0.00141788 -0.00132085 -0.00207262 -0.00225507 -0.00163382 -0.00134404 -0.00187461 -0.000809794 
-0.00178039 -0.00152971 -0.00286068 -0.00185381 -0.00225882 -0.00215378 -0.00192629 -0.00275685 -0.00234384 -0.00199194 -0.00209849 -0.0018442 -0.00202661 -0.00211321 -0.00262259 -0.00330303 -0.00218519 -0.00271273 -0.00304036 -0.00220354 -0.00115482 -0.0021136 -0.00269061 -0.00229293 -0.00255836 -0.00181468 0.00212168 0.00206813 0.00249798 0.00170831 0.0032948 0.141361 0.0035307 0.0032854 0.00173909 0.00266363 0.00321547 -0.00133797 -0.00089114 -0.000978522 -0.00187195 -0.000369173 -0.00176834 -0.00272514 -0.00214646 -0.000749667 -0.00184255 -0.00141298 -0.00182895 -0.00213647 -0.0013393 -0.0017975 -0.00109193 -0.00211833 -0.00171808 -0.00128284 -0.00181375 -0.00193929 -0.0017174 -0.0015078 -0.00235985 -0.00200183 -0.00140662 -0.00252563 -0.00200191 -0.00293902 -0.00264422 -0.00223703 -0.00175417 -0.00193194 -0.00134025 -0.000916755 -0.00185855 -0.00198483 -0.00149403 -0.00163591 -0.00170129 -0.00147416 -0.00128089 -0.00147469 -0.00162476 -0.00153685 -0.00144812 -0.00202474 -0.00234266 -0.00206224 -0.00159703 -0.0021972 -0.00181532 -0.0018158 -0.00203156 -0.00235383 -0.00241183 -0.00115217 -0.000940544 -0.0021562 -0.000875667 -0.00189784 -0.00255004 -0.00107164 
-0.00135179 -0.00169881 -0.00250689 -0.00201592 -0.00275511 -0.00158414 -0.00156186 -0.00135753 -0.00233868 -0.00276213 -0.00286409 -0.00116483 -0.00245545 -0.002056 -0.00232423 -0.00220773 -0.00238425 -0.00321527 -0.00253305 -0.00286147 -0.0023233 -0.00182915 -0.00202036 -0.00181253 -0.00238665 -0.00159091 -0.00130692 0.00279812 0.00253479 0.00269688 0.00245386 0.0035307 0.134468 0.00283299 0.00214406 0.00158118 0.00213525 0.00202912 -0.00132472 -0.0012269 -0.0022108 -0.00141203 -0.001842 -0.00155691 -0.00263931 -0.00154261 -0.00236656 -0.00156073 -0.00225723 -0.00163704 -0.00193385 -0.0016451 -0.00162393 -0.00163592 -0.000450303 -0.00164729 -0.00168826 -0.00231289 -0.00118749 -0.00141352 -0.0011327 -0.00135878 -0.00110061 -0.00207342 -0.00141321 -0.00247127 -0.00128755 -0.00221563 -0.0019882 -0.00195715 -0.000680804 -0.00190517 -0.00122517 -0.00197446 -0.001511 -0.00159082 -0.00150041 -0.0016172 -0.00194679 -0.00164257 -0.00243334 -0.00189277 -0.00120966 -0.0013407 -0.00199416 -0.00237187 -0.00164919 -0.00182985 -0.00100191 -0.00117035 -0.00122965 -0.00190946 -0.0012375 -0.00170742 -0.00195244 -0.00195762 -0.00208633 -0.000581966 -0.00151883 -0.00115215 
