0.120971 0.00271673 0.00253581 0.00197253 0.00193218 0.00198743 -0.00136444 -0.000691318 -0.00197309 -0.00104302 -0.0011789 -0.00172793 -0.00109323 -0.0018979 -0.00170609 -0.00213847 -0.00145729 -0.00154254 -0.00166264 -0.00225448 -0.00135544 -0.0015349 -0.00233364 -0.00213704 -0.00219005 -0.00113867 -0.0015943 -0.00147668 -0.00097618 -0.0013211 -0.00200126 -0.00133016 -0.00174925 -0.00113939 -0.00169332 -0.00185139 -0.00149933 -0.00172705 -0.001624 -0.00105959 -0.00161918 -0.00118598 -0.00253419 -0.0011572 -0.00161699 -0.00187227 -0.00146142 -0.00157203 -0.00122987 -0.00133465 -0.0015402 -0.00122195 -0.00178749 -0.00173962 -0.000965343 -0.00168532 -0.00118354 -0.00126991 -0.00184018 -0.00206972 -0.00220049 -0.000876662 -0.00191614 -0.00115853 -0.00232545 -0.00210305 -0.00202539 -0.00153878 -0.00125622 -0.00160022 -0.0013432 -0.0019176 -0.00199656 -0.00100333 -0.00152017 -0.000867856 -0.00177633 -0.00140785 -0.00223259 -0.00105366 -0.000981973 -0.00204295 -0.00206884 -0.000943244 -0.00122802 -0.00144831 -0.00126945 -0.00234939 -0.00161053 -0.0014768 -0.00171124 -0.00172715 -0.00170131 -0.00104697 -0.00120514 -0.000752757 0.00153767 0.00213093 0.00176597 0.00248513 
0.00271673 0.122945 0.00193521 0.00218011 0.00171825 0.00263203 0.00260667 -0.000661344 -0.00140672 -0.00169973 -0.00080255 -0.00164571 -0.00216702 -0.0010046 -0.0016676 -0.00134384 -0.00218452 -0.00171636 -0.00237526 -0.00254643 -0.00186093 -0.00160125 -0.00205592 -0.00154523 -0.00161534 -0.00212563 -0.00197108 -0.00170935 -0.00115426 -0.00108337 -0.00250186 -0.00144453 -0.00145071 -0.00194412 -0.00123524 -0.00148662 -0.00144363 -0.00155929 -0.00163575 -0.00240416 -0.00167124 -0.00134666 -0.00187362 -0.00158218 -0.00150069 -0.00167091 -0.000675715 -0.00100734 -0.00188438 -0.00190089 -0.00205567 -0.00108748 -0.00256892 -0.00165719 -0.00140672 -0.00103401 -0.00082985 -0.00128289 -0.00204708 -0.00154282 -0.00172847 -0.00190131 -0.00120482 -0.00236203 -0.00228836 -0.002023 -0.00157547 -0.00157951 -0.00149671 -0.00112346 -0.00156957 -0.00166559 -0.00122558 -0.00158676 -0.00130026 -0.00108339 -0.00150999 -0.00142113 -0.00153819 -0.00174239 -0.00212825 -0.00197027 -0.000779053 -0.00127714 -0.00116125 -0.00162431 -0.00159705 -0.0025067 -0.00234878 -0.00164107 -0.00194353 -0.000698912 -0.000989225 -0.0010392 -0.000839002 -0.00141208 -0.000567228 0.00164727 0.00222314 0.00152075 
0.00253581 0.00193521 0.127649 0.00285458 0.00276017 0.00179365 0.00207013 0.00169503 -0.00147863 -0.00108812 -0.00161406 -0.000962247 -0.00184395 -0.00151631 -0.00181118 -0.00279453 -0.00171604 -0.00223894 -0.00165465 -0.0021925 -0.00231397 -0.0016754 -0.00267016 -0.00168222 -0.00201666 -0.00300191 -0.00213401 -0.00160175 -0.00163493 -0.00119581 -0.00266226 -0.00204579 -0.00181293 -0.00177757 -0.00195182 -0.00090051 -0.00111468 -0.00116023 -0.00204364 -0.00188019 -0.000961069 -0.00189568 -0.00155266 -0.00162959 -0.00143476 -0.00161277 -0.0012668 -0.001545 -0.00106268 -0.00138487 -0.00101317 -0.00140077 -0.00198726 -0.00212826 -0.00201962 -0.00185379 -0.00134663 -0.000924754 -0.00199251 -0.00168693 -0.00142714 -0.0013503 -0.00228869 -0.000800204 -0.00246903 -0.00161645 -0.0019872 -0.00147863 -0.0016772 -0.00197339 -0.00148764 -0.0015508 -0.00166294 -0.00138773 -0.00170176 -0.00138236 -0.000914358 -0.00121233 -0.00191506 -0.00147749 -0.00121177 -0.00190216 -0.00146225 -0.00130635 -0.00201636 -0.00100936 -0.0014463 -0.00133399 -0.00155059 -0.00151432 -0.00134707 -0.00229771 -0.0019145 -0.00190687 -0.00117434 -0.00062593 -0.000464476 -0.00177294 0.00184716 0.00176402 
0.00197253 0.00218011 0.00285458 0.126986 0.00193453 0.00207231 0.00213036 0.00257911 0.00177396 -0.00126539 -0.000985312 -0.00129971 -0.00148459 -0.00132996 -0.00085836 -0.00234178 -0.00242884 -0.00166707 -0.00222008 -0.00228 -0.00178442 -0.00181003 -0.00132698 -0.00170409 -0.00243997 -0.00164568 -0.00190641 -0.00144717 -0.00101383 -0.00179 -0.00216178 -0.00211965 -0.00151248 -0.00211129 -0.00200803 -0.00197219 -0.0019998 -0.00145245 -0.00155605 -0.00239258 -0.00110708 -0.00153834 -0.00208117 -0.00192983 -0.00165509 -0.00106882 -0.00135253 -0.00202765 -0.000865869 -0.0019905 -0.000689122 -0.00154597 -0.00136989 -0.00182315 -0.00213764 -0.00162614 -0.000826675 -0.00157897 -0.00158407 -0.00146705 -0.00191738 -0.00103453 -0.000989844 -0.00147055 -0.00197257 -0.0018565 -0.00111301 -0.00227482 -0.00179321 -0.00195717 -0.00216498 -0.00152757 -0.00180527 -0.00159781 -0.00224303 -0.00146237 -0.00189258 -0.00121016 -0.00147365 -0.00152062 -0.00109124 -0.0018047 -0.00173759 -0.00185477 -0.00187308 -0.00141164 -0.00122745 -0.00134323 -0.00139111 -0.0010375 -0.000732466 -0.0012639 -0.00187205 -0.0015646 -0.00235975 -0.0011118 -0.00102533 -0.0017236 -0.00148226 0.0012835 
0.00193218 0.00171825 0.00276017 0.00193453 0.127636 0.00231765 0.00197452 0.00207823 0.00207978 0.00242766 -0.00149777 -0.000780618 -0.000892988 -0.000316752 -0.00227904 -0.00179509 -0.00152035 -0.000425625 -0.00196089 -0.0024331 -0.00306734 -0.0023003 -0.00235163 -0.00224362 -0.00244008 -0.00280874 -0.00216224 -0.00142112 -0.00164136 -0.00145566 -0.00115894 -0.00130214 -0.00124175 -0.00173996 -0.0024637 -0.00155511 -0.00151662 -0.00154156 -0.000933109 -0.00180852 -0.00100028 -0.000481081 -0.00161965 -0.00212729 -0.00157047 -0.00183509 -0.00131564 -0.00161621 -0.00158594 -0.00152914 -0.00165338 -0.00173337 -0.00205475 -0.00154724 -0.00172887 -0.0016898 -0.00169414 -0.00228079 -0.00238307 -0.00185557 -0.00133617 -0.00191717 -0.0015236 -0.00158292 -0.00173267 -0.00124561 -0.00099253 -0.00143192 -0.00152726 -0.00196003 -0.00232516 -0.00226198 -0.00166341 -0.00159106 -0.00174928 -0.00176108 -0.00106115 -0.00186413 -0.00200833 -0.00216937 -0.00206508 -0.00198033 -0.00157721 -0.00193262 -0.00154602 -0.00152858 -0.00167856 -0.00175311 -0.00100079 -0.00160094 -0.0015186 -0.000997183 -0.00136134 -0.00214105 -0.00135797 -0.0010763 -0.000900955 -0.00131989 -0.000474399 -0.000985564 
0.00198743 0.00263203 0.00179365 0.00207231 0.00231765 0.123936 0.00192898 0.00285626 0.00215643 0.00270114 0.00240057 -0.0010487 -0.00160491 -0.00107146 -0.00130133 -0.00206263 -0.00157934 -0.00145912 -0.00220323 -0.00158151 -0.00210116 -0.00195126 -0.00158616 -0.00195884 -0.0029467 -0.00217832 -0.00188567 -0.00280291 -0.00119454 -0.00236968 -0.00332577 -0.00156154 -0.00160586 -0.00175591 -0.00202949 -0.00252102 -0.00182214 -0.00212356 -0.00162916 -0.00107279 -0.00172468 -0.0020199 -0.00212748 -0.00216798 -0.00186737 -0.00135218 -0.00145758 -0.0018898 -0.00126186 -0.00195779 -0.00192214 -0.000861946 -0.00198957 -0.00172409 -0.00114486 -0.00122721 -0.00197695 -0.000833817 -0.00220692 -0.00111035 -0.00145599 -0.00191858 -0.000849271 -0.00161205 -0.000924815 -0.00137373 -0.00146817 -0.00189485 -0.00205957 -0.00171634 -0.00205263 -0.00233796 -0.00222017 -0.00189493 -0.000783061 -0.00239893 -0.00146736 -0.00128216 -0.000701533 -0.00211644 -0.00139344 -0.00155002 -0.00161763 -0.00124822 -0.00138822 -0.00191083 -0.00142294 -0.000472811 -0.00165455 -0.00205733 -0.000807276 -0.00168475 -0.00198945 -0.00151083 -0.0013063 -0.000850928 -0.000973294 -0.00163112 -0.000685557 -0.000939575 
-0.00136444 0.00260667 0.00207013 0.00213036 0.00197452 0.00192898 0.12819 0.00330873 0.00342441 0.00306244 0.00153747 0.00248007 -0.000789847 -0.00121832 -0.00200713 -0.00141886 -0.00153418 -0.00237775 -0.00225465 -0.00243092 -0.00326683 -0.00206662 -0.00176734 -0.00232526 -0.00164106 -0.00145105 -0.00235679 -0.00195542 -0.00160974 -0.00178241 -0.00155932 -0.00159703 -0.00124934 -0.00172291 -0.0020139 -0.0015057 -0.00172399 -0.00180385 -0.00154218 -0.00194678 -0.00202094 -0.0017931 -0.00127058 -0.00153462 -0.00204767 -0.00119613 -0.00118595 -0.00160316 -0.00117839 -0.00208035 -0.000839363 -0.00110173 -0.00215038 -0.00205045 -0.00150447 -0.00152728 -0.00159289 -0.00186483 -0.00274101 -0.0018171 -0.00258032 -0.000885966 -0.00136505 -0.00167846 -0.0022566 -0.000984898 -0.00165816 -0.00170506 -0.00137301 -0.00190603 -0.00218627 -0.0010521 -0.00200629 -0.00127335 -0.00101169 -0.00129198 -0.00214848 -0.00208016 -0.00202815 -0.00135834 -0.00183504 -0.00231932 -0.00174145 -0.00151896 -0.00161083 -0.000840561 -0.00214723 -0.00109755 -0.00183164 -0.00155045 -0.0013635 -0.00175347 -0.00192723 -0.00201941 -0.00204734 -0.00150158 -0.00172316 -0.00214763 -0.00157373 -0.00194907 
-0.000691318 -0.000661344 0.00169503 0.00257911 0.00207823 0.00285626 0.00330873 0.128908 0.00280643 0.00318732 0.00303908 0.00304487 0.00143628 -0.00182033 -0.00107042 -0.00138578 -0.00122854 -0.00153711 -0.00272154 -0.000926031 -0.00182055 -0.00192131 -0.00236984 -0.00194327 -0.00178324 -0.00215115 -0.00180294 -0.00193865 -0.00150775 -0.00124601 -0.00249411 -0.0017298 -0.00257868 -0.00119181 -0.0025728 -0.000764432 -0.00256834 -0.00144843 -0.00194204 -0.00216336 -0.00136732 -0.00109065 -0.00145065 -0.00204895 -0.00165576 -0.00259935 -0.00230472 -0.00146784 -0.00259022 -0.00120003 -0.00225286 -0.002229 -0.0024884 -0.00209704 -0.00199068 -0.00186061 -0.00235133 -0.00188655 -0.00246086 -0.00160944 -0.0015395 -0.0018883 -0.00103818 -0.00124643 -0.00103294 -0.00114327 -0.00152686 -0.00128215 -0.00177573 -0.00118563 -0.00164313 -0.00181461 -0.00272396 -0.00136652 -0.00145951 -0.00166063 -0.00217437 -0.00140842 -0.00183482 -0.00172959 -0.00123503 -0.0012176 -0.00225198 -0.00144192 -0.00140642 -0.00133578 -0.00150728 -0.00205848 -0.00183512 -0.00179992 -0.00114419 -0.00233563 -0.00113006 -0.00244111 -0.00194266 -0.0020596 -0.00163999 -0.00166551 -0.00214748 -0.0018862 
-0.00197309 -0.00140672 -0.00147863 0.00177396 0.00207978 0.00215643 0.00342441 0.00280643 0.13348 0.00291176 0.00272944 0.00195526 0.00202922 0.00265576 -0.00141309 -0.00113177 -0.00174883 -0.00210677 -0.00147331 -0.0025269 -0.00177167 -0.00110611 -0.00190213 -0.00227669 -0.00208697 -0.00186715 -0.00195568 -0.00112069 -0.00192895 -0.00121363 -0.00113582 -0.00124671 -0.00128141 -0.00198316 -0.0011547 -0.00206701 -0.00210807 -0.00177051 -0.00182435 -0.00196054 -0.00208025 -0.00221605 -0.00194516 -0.00173921 -0.00182435 -0.00198361 -0.00203469 -0.00122564 -0.00124063 -0.00239013 -0.00158554 -0.00114803 -0.00184174 -0.00246414 -0.00271356 -0.0012704 -0.00171913 -0.00245824 -0.00209488 -0.0013025 -0.00233647 -0.00228324 -0.00186997 -0.00204661 -0.00133812 -0.00200409 -0.00180901 -0.00156199 -0.00196584 -0.00172491 -0.00178363 -0.0013631 -0.00192172 -0.00187828 -0.00126441 -0.00119814 -0.00143133 -0.0020284 -0.00240503 -0.00130716 -0.00171923 -0.0019955 -0.00193594 -0.00187154 -0.00183124 -0.00166098 -0.00215249 -0.00151068 -0.00220179 -0.00119887 -0.00172833 -0.00148834 -0.001908 -0.00183976 -0.00169729 -0.00148065 -0.00194574 -0.00225354 -0.00146882 -0.0022931 
-0.00104302 -0.00169973 -0.00108812 -0.00126539 0.00242766 0.00270114 0.00306244 0.00318732 0.00291176 0.13365 0.00276457 0.00283223 0.00234847 0.00227768 -0.00176512 -0.00198145 -0.00104793 -0.00110222 -0.00150494 -0.0014184 -0.00101354 -0.00220064 -0.00170699 -0.00192239 -0.00213519 -0.00292182 -0.00192237 -0.00338708 -0.00149582 -0.00212039 -0.00160821 -0.00145014 -0.00220335 -0.00165559 -0.00228714 -0.0017164 -0.00124592 -0.00195572 -0.00332517 -0.00212756 -0.00152379 -0.00207283 -0.00180103 -0.00186632 -0.00176335 -0.00192705 -0.00241108 -0.0019352 -0.00164186 -0.00236369 -0.00119039 -0.00191359 -0.00201134 -0.00226112 -0.00183724 -0.00223677 -0.00244716 -0.00144293 -0.00225694 -0.00253751 -0.00170031 -0.00218855 -0.00117836 -0.00146746 -0.00159388 -0.00181863 -0.000802628 -0.00138644 -0.00137562 -0.00158827 -0.00103707 -0.00147342 -0.00166435 -0.00118682 -0.00157843 -0.00209391 -0.00212757 -0.00139409 -0.00147459 -0.00123295 -0.0017691 -0.00163169 -0.00231145 -0.00118492 -0.00161778 -0.00161762 -0.00200163 -0.00130763 -0.00224217 -0.00157969 -0.0017459 -0.00122738 -0.00170173 -0.00193645 -0.00108226 -0.00130204 -0.00240318 -0.00161047 -0.00184196 -0.00192625 
-0.0011789 -0.00080255 -0.00161406 -0.000985312 -0.00149777 0.00240057 0.00153747 0.00303908 0.00272944 0.00276457 0.13933 0.00332881 0.00293954 0.00252042 0.00142874 0.00344777 -0.0017805 -0.00122058 -0.00314419 -0.00195475 -0.00262152 -0.00238967 -0.00221773 -0.00256863 -0.00342292 -0.00242682 -0.0024178 -0.00347409 -0.0010797 -0.0019592 -0.00233079 -0.000881368 -0.00215343 -0.00137992 -0.00158361 -0.00161373 -0.00194951 -0.00255782 -0.00185868 -0.00209734 -0.00171937 -0.00120634 -0.00105049 -0.000998171 -0.0015735 -0.00238608 -0.00197263 -0.00114623 -0.00159024 -0.00173727 -0.00110841 -0.00229548 -0.00158152 -0.00222305 -0.00173549 -0.00219809 -0.00272669 -0.00206201 -0.00152962 -0.00172826 -0.00170602 -0.00180031 -0.00138056 -0.00145058 -0.00266116 -0.00238408 -0.00174756 -0.00177834 -0.00204002 -0.0018348 -0.00216158 -0.00127519 -0.00218491 -0.00213279 -0.00219885 -0.00162983 -0.00260076 -0.00135117 -0.00189713 -0.0018109 -0.00221961 -0.00139632 -0.00160736 -0.00175819 -0.00181809 -0.00169563 -0.00191586 -0.00147138 -0.00236265 -0.00199353 -0.00102721 -0.00108063 -0.0022755 -0.00223553 -0.00195534 -0.00112632 -0.00180568 -0.00199142 -0.00214502 -0.00182689 
-0.00172793 -0.00164571 -0.000962247 -0.00129971 -0.000780618 -0.0010487 0.00248007 0.00304487 0.00195526 0.00283223 0.00332881 0.138303 0.00229265 0.00276009 0.00338931 0.00244387 0.00153817 -0.001604 -0.00181692 -0.0032108 -0.00173433 -0.00172871 -0.00177262 -0.00218367 -0.00213202 -0.0029302 -0.00267042 -0.00245176 -0.00234631 -0.00280859 -0.00194242 -0.00214264 -0.00220371 -0.00186927 -0.00123906 -0.00194788 -0.00202789 -0.00204464 -0.00177036 -0.00225791 -0.00226477 -0.00196107 -0.00153523 -0.00156773 -0.00229326 -0.00191203 -0.00139197 -0.000396051 -0.00209647 -0.00201249 -0.00143067 -0.00211707 -0.0025166 -0.00221869 -0.0021226 -0.00176514 -0.0015618 -0.00169782 -0.00233108 -0.00126173 -0.00152323 -0.00163003 -0.000931713 -0.00138416 -0.00271777 -0.00122137 -0.002067 -0.0018651 -0.0015129 -0.0014003 -0.00123972 -0.00221533 -0.00197028 -0.001656 -0.00245011 -0.00165619 -0.00175741 -0.00198287 -0.00206232 -0.00168203 -0.00196045 -0.00263904 -0.00197534 -0.00231842 -0.00178656 -0.00175906 -0.00185767 -0.00220245 -0.00250421 -0.00235273 -0.000419621 -0.00219538 -0.00160072 -0.00119584 -0.0016306 -0.00170604 -0.00178745 -0.00175676 -0.00197196 -0.00106675 
-0.00109323 -0.00216702 -0.00184395 -0.00148459 -0.000892988 -0.00160491 -0.000789847 0.00143628 0.00202922 0.00234847 0.00293954 0.00229265 0.137497 0.00274541 0.0027504 0.00289889 0.00225244 -0.00130431 -0.00158813 -0.00193602 -0.00109712 -0.00134497 -0.0017438 -0.00234604 -0.00274101 -0.00315914 -0.00149809 -0.00227678 -0.0023538 -0.0020375 -0.00255098 -0.00185732 -0.00214515 -0.00205173 -0.00210571 -0.00200011 -0.00216409 -0.00148087 -0.00217895 -0.00271402 -0.00213325 -0.00162206 -0.00173956 -0.00133628 -0.00175631 -0.00175748 -0.00166932 -0.00189642 -0.00133215 -0.00177932 -0.00162669 -0.00139062 -0.00148605 -0.00148407 -0.00179235 -0.00174629 -0.00113021 -0.00194351 -0.000868408 -0.00211592 -0.00224986 -0.00118508 -0.00156048 -0.00179262 -0.00164079 -0.00143469 -0.00227487 -0.00161007 -0.00198626 -0.00242818 -0.00121091 -0.00178686 -0.00104578 -0.00157635 -0.00151522 -0.00076784 -0.00171805 -0.0020941 -0.00211264 -0.0015931 -0.00228943 -0.00228782 -0.00195807 -0.00206307 -0.00165893 -0.000806724 -0.00203402 -0.00160605 -0.0014865 -0.00159752 -0.00118235 -0.00130837 -0.00122437 -0.00282206 -0.00196664 -0.00152167 -0.00158035 -0.00267034 -0.00217972 -0.00220393 
-0.0018979 -0.0010046 -0.00151631 -0.00132996 -0.000316752 -0.00107146 -0.00121832 -0.00182033 0.00265576 0.00227768 0.00252042 0.00276009 0.00274541 0.140877 0.00234016 0.00150894 0.00240885 0.00186044 0.00137926 -0.00234657 -0.000494987 -0.00210275 -0.00242263 -0.00137092 -0.00227168 -0.00230661 -0.00246051 -0.00208293 -0.00203786 -0.00234522 -0.00275047 -0.00275158 -0.00203909 -0.00166909 -0.00222665 -0.00137785 -0.00185499 -0.00104243 -0.00173991 -0.00155209 -0.00162753 -0.00141395 -0.00146573 -0.00253092 -0.00193575 -0.00183459 -0.00147547 -0.00185608 -0.00182371 -0.0023092 -0.00211541 -0.00200132 -0.00245368 -0.00209031 -0.00212944 -0.0020345 -0.00139196 -0.00224694 -0.00193449 -0.00109175 -0.00205017 -0.00236442 -0.00230289 -0.00162278 -0.0024855 -0.00198327 -0.0020541 -0.00132052 -0.0016242 -0.00217866 -0.00181446 -0.00200996 -0.00204426 -0.00146068 -0.00171704 -0.00174358 -0.000782652 -0.00148188 -0.00189476 -0.00150363 -0.0019684 -0.00192434 -0.00171496 -0.00156127 -0.00245117 -0.00195852 -0.00188159 -0.00176348 -0.00228012 -0.0012544 -0.0019922 -0.00159541 -0.00194122 -0.00212419 -0.00187403 -0.00166811 -0.00172966 -0.00252323 -0.00208067 -0.00142283 
-0.00170609 -0.0016676 -0.00181118 -0.00085836 -0.00227904 -0.00130133 -0.00200713 -0.00107042 -0.00141309 -0.00176512 0.00142874 0.00338931 0.0027504 0.00234016 0.137038 0.00300054 0.00320371 0.0027966 0.00256856 0.00234886 -0.0012939 -0.00147972 -0.00192847 -0.00190293 -0.00269352 -0.00247854 -0.00208614 -0.00151058 -0.00176477 -0.00231308 -0.00131357 -0.00236664 -0.00228634 -0.00172416 -0.0023501 -0.00138042 -0.002625 -0.0017084 -0.00299538 -0.00147313 -0.00244257 -0.00235297 -0.00172044 -0.00180394 -0.00216704 -0.00238973 1.61293e-05 -0.00160318 -0.00243487 -0.00169793 -0.00269966 -0.00155849 -0.00153572 -0.00292338 -0.00181774 -0.00226846 -0.00084857 -0.00170332 -0.00197075 -0.00164588 -0.00179744 -0.00262778 -0.00106079 -0.00157878 -0.00137206 -0.000864248 -0.00134365 -0.00167089 -0.00142225 -0.00206768 -0.00180847 -0.00179512 -0.00109932 -0.00171652 -0.00159677 -0.00204272 -0.00145986 -0.00183086 -0.00204196 -0.0017385 -0.00212025 -0.00120481 -0.00173374 -0.00169493 -0.00145747 -0.0017966 -0.00192667 -0.00168228 -0.00201544 -0.00186023 -0.00206519 -0.00202579 -0.00184209 -0.00151718 -0.0017625 -0.002126 -0.00175737 -0.00109922 -0.00108884 -0.00202988 
-0.00213847 -0.00134384 -0.00279453 -0.00234178 -0.00179509 -0.00206263 -0.00141886 -0.00138578 -0.00113177 -0.00198145 0.00344777 0.00244387 0.00289889 0.00150894 0.00300054 0.140556 0.00292771 0.00298076 0.00230029 0.00247021 -0.00150495 -0.00185379 -0.00302334 -0.00184002 -0.00224698 -0.00208294 -0.0015186 -0.00156554 -0.00175134 -0.00275703 -0.00137468 -0.00258011 -0.00215027 -0.00110373 -0.00219733 -0.00139162 -0.00244046 -0.00191724 -0.00137167 -0.000891879 -0.00189148 -0.00175052 -0.00110661 -0.00153898 -0.00241836 -0.00182134 -0.00220071 -0.00131973 -0.00246322 -0.00143318 -0.00181058 -0.00154995 -0.00210415 -0.00144314 -0.00156703 -0.00212278 -0.00144904 -0.00203128 -0.00102636 -0.00192048 -0.00197367 -0.00186655 -0.00194811 -0.00165115 -0.00175111 -0.00200772 -0.00245612 -0.00119913 -0.00253104 -0.00257139 -0.00213368 -0.00314934 -0.00279932 -0.00173361 -0.00155455 -0.00141761 -0.00163146 -0.00189093 -0.00104904 -0.00134676 -0.00184024 -0.00189885 -0.00121789 -0.0015706 -0.00123409 -0.00224779 -0.00177185 -0.00191572 -0.00252342 -0.00214842 -0.00172737 -0.00188801 -0.00153344 -0.002104 -0.000711315 -0.00169922 -0.00137264 -0.00108513 -0.00195525 -0.00250057 
-0.00145729 -0.00218452 -0.00171604 -0.00242884 -0.00152035 -0.00157934 -0.00153418 -0.00122854 -0.00174883 -0.00104793 -0.0017805 0.00153817 0.00225244 0.00240885 0.00320371 0.00292771 0.146808 0.00249122 0.00287547 0.00255231 0.00283317 0.00204527 -0.00215477 -0.00249967 -0.0026524 -0.00244199 -0.00234628 -0.00241057 -0.00198235 -0.0024428 -0.00238791 -0.00201944 -0.00303679 -0.00154319 -0.00166531 -0.00171877 -0.00231885 -0.00275201 -0.00217058 -0.00250417 -0.00227693 -0.00229448 -0.00277533 -0.00199626 -0.00156578 -0.00172979 -0.00157033 -0.000877031 -0.00113848 -0.00159436 -0.00257106 -0.00156022 -0.00246211 -0.00224511 -0.00173336 -0.00206033 -0.0018701 -0.00226406 -0.00239547 -0.00208076 -0.00151774 -0.00238206 -0.00167473 -0.0012307 -0.00139663 -0.00234979 -0.00122658 -0.00219492 -0.00277689 -0.00160415 -0.00233959 -0.00144984 -0.00245466 -0.00147666 -0.00230961 -0.00225813 -0.00185552 -0.00138861 -0.00097281 -0.00178889 -0.0015372 -0.00245508 -0.00232399 -0.00296159 -0.00149547 -0.00157071 -0.00303477 -0.0019989 -0.00206272 -0.00201679 -0.00167325 -0.0012201 -0.00170953 -0.00181061 -0.0026071 -0.000743262 -0.00207448 -0.00139296 -0.000760448 -0.00150367 
-0.00154254 -0.00171636 -0.00223894 -0.00166707 -0.000425625 -0.00145912 -0.00237775 -0.00153711 -0.00210677 -0.00110222 -0.00122058 -0.001604 -0.00130431 0.00186044 0.0027966 0.00298076 0.00249122 0.140645 0.00293519 0.00320186 0.00339669 0.00207992 0.00248889 -0.00176326 -0.00092313 -0.00196814 -0.00192652 -0.00275065 -0.00139472 -0.00171631 -0.00109305 -0.00184962 -0.00270724 -0.00170027 -0.00249721 -0.0021215 -0.00333343 -0.00165316 -0.00306428 -0.00276515 -0.0020781 -0.0022093 -0.00208941 -0.00143633 -0.00203579 -0.00266953 -0.00156886 -0.00143485 -0.00195882 -0.00144507 -0.00153353 -0.0023016 -0.00204653 -0.00164435 -0.00162219 -0.0019227 -0.00225794 -0.00304881 -0.00166356 -0.00151194 -0.00178249 -0.00141422 -0.00187257 -0.0019841 -0.00142447 -0.00160974 -0.00167337 -0.00204594 -0.00163188 -0.0016342 -0.00177504 -0.00160658 -0.00213505 -0.0023564 -0.00197919 -0.00226597 -0.00166719 -0.00136423 -0.00199418 -0.00212466 -0.00235882 -0.00265193 -0.00185912 -0.00265235 -0.000823505 -0.00175269 -0.00153276 -0.000813961 -0.00155387 -0.0017973 -0.00187181 -0.00164702 -0.0010643 -0.00141075 -0.00217317 -0.0017153 -0.00162758 -0.00184835 -0.00222503 -0.00114614 
-0.00166264 -0.00237526 -0.00165465 -0.00222008 -0.00196089 -0.00220323 -0.00225465 -0.00272154 -0.00147331 -0.00150494 -0.00314419 -0.00181692 -0.00158813 0.00137926 0.00256856 0.00230029 0.00287547 0.00293519 0.147388 0.00346355 0.00380012 0.00244512 0.00346985 -0.0019077 -0.00154669 -0.00192263 -0.00172083 -0.00223488 -0.00129126 -0.0028224 -0.00247446 -0.00292331 -0.00178434 -0.00176121 -0.00136027 -0.00131756 -0.00180683 -0.000585546 -0.00243901 -0.00229479 -0.00216185 -0.00187488 -0.00144821 -0.00165829 -0.0021057 -0.00157084 -0.00192449 -0.00173525 -0.00197347 -0.00199257 -0.00220739 -0.00147999 -0.00179959 -0.00246267 -0.00190211 -0.00110124 -0.00112658 -0.0028175 -0.00170217 -0.00238849 -0.00214368 -0.00134859 -0.00176455 -0.00282215 -0.00153943 -0.00195134 -0.00252144 -0.0017343 -0.00127485 -0.00170425 -0.00134019 -0.00176203 -0.00154149 -0.00218957 -0.00144234 -0.00262409 -0.00269811 -0.00141375 -0.0021012 -0.00197974 -0.00209593 -0.00223897 -0.00264352 -0.00181159 -0.00160431 -0.00266129 -0.00176845 -0.00117933 -0.00159172 -0.00164025 -0.00227146 -0.00217416 -0.00160443 -0.00312958 -0.00147086 -0.00131976 -0.00194238 -0.00213303 -0.00164896 -0.00159089 
-0.00225448 -0.00254643 -0.0021925 -0.00228 -0.0024331 -0.00158151 -0.00243092 -0.000926031 -0.0025269 -0.0014184 -0.00195475 -0.0032108 -0.00193602 -0.00234657 0.00234886 0.00247021 0.00255231 0.00320186 0.00346355 0.145906 0.00354273 0.00311556 0.00378844 0.0017784 0.0037497 -0.00177424 -0.00310922 -0.00308072 -0.003028 -0.00190687 -0.0026006 -0.00302677 -0.00264304 -0.00178067 -0.00153142 -0.00254517 -0.00200346 -0.00214806 -0.00275589 -0.00219321 -0.00296716 -0.00123432 -0.0026021 -0.00162108 -0.00319161 -0.00228419 -0.00171805 -0.00278798 -0.00177831 -0.00146633 -0.00165768 -0.00132463 -0.00181755 -0.00183881 -0.00166881 -0.00221883 -0.0016317 -0.00161204 -0.000859201 -0.00140727 -0.00170997 -0.00172586 -0.00175741 -0.00190457 -0.00196453 -0.000763568 -0.00258997 -0.00226611 -0.00231046 -0.00243367 -0.0017186 -0.00156906 -0.00239785 -0.00122146 -0.00161628 -0.00180847 -0.00267061 -0.00209393 -0.00240067 -0.00140551 -0.00203865 -0.00115626 -0.0021362 -0.00182022 -0.00140967 -0.00143251 -0.000844788 -0.00125604 -0.00170008 -0.0018323 -0.00153863 -0.00228924 -0.00205783 -0.00149144 -0.00139226 -0.00141812 -0.00181824 -0.00244669 -0.00231474 -0.00134218 
-0.00135544 -0.00186093 -0.00231397 -0.00178442 -0.00306734 -0.00210116 -0.00326683 -0.00182055 -0.00177167 -0.00101354 -0.00262152 -0.00173433 -0.00109712 -0.000494987 -0.0012939 -0.00150495 0.00283317 0.00339669 0.00380012 0.00354273 0.144988 0.00239526 0.00340799 0.00227461 0.00241536 0.00291096 -0.00174401 -0.00234359 -0.0013864 -0.00114253 -0.0013843 -0.00301334 -0.00157345 -0.00207775 -0.00253782 -0.00158651 -0.00295392 -0.00268591 -0.00161875 -0.00243381 -0.00198868 -0.00189235 -0.0025851 -0.00231325 -0.00121247 -0.00182465 -0.00172443 -0.00205564 -0.0017223 -0.00126761 -0.000956878 -0.00196142 -0.002044 -0.000897758 -0.00284226 -0.00231241 -0.00137822 -0.00178461 -0.00198762 -0.00190389 -0.00224137 -0.00122825 -0.00166145 -0.0024522 -0.001904 -0.00248905 -0.00247939 -0.00263023 -0.00208955 -0.0010987 -0.00228262 -0.00257747 -0.00153044 -0.00260966 -0.00156451 -0.00242772 -0.00194642 -0.00170744 -0.00146592 -0.00185344 -0.00153831 -0.00229025 -0.00211483 -0.00141394 -0.00159261 -0.00248427 -0.00178498 -0.00249986 -0.00191704 -0.00252096 -0.00145871 -0.00240072 -0.00151689 -0.00172795 -0.00160217 -0.00140403 -0.00282795 -0.0017245 -0.00159306 -0.0010717 
-0.0015349 -0.00160125 -0.0016754 -0.00181003 -0.0023003 -0.00195126 -0.00206662 -0.00192131 -0.00110611 -0.00220064 -0.00238967 -0.00172871 -0.00134497 -0.00210275 -0.00147972 -0.00185379 0.00204527 0.00207992 0.00244512 0.00311556 0.00239526 0.141498 0.00284754 0.00251575 0.00299312 0.00316901 -0.0025582 -0.00205926 -0.0017299 -0.00128498 -0.00235423 -0.00191766 -0.00225253 -0.00215175 -0.0024483 -0.0012522 -0.00260957 -0.00142091 -0.00207642 -0.0021413 -0.00181944 -0.000960903 -0.00221825 -0.00144338 -0.00203914 -0.00149438 -0.00202145 -0.00141025 -0.00127489 -0.00174585 -0.00207467 -0.00179015 -0.00118359 -0.00198587 -0.00223044 -0.00205709 -0.000590397 -0.00180964 -0.00171314 -0.00247541 -0.00142401 -0.00165564 -0.00136357 -0.00216619 -0.00188103 -0.0021373 -0.00165277 -0.00272898 -0.0026577 -0.00193165 -0.00138639 -0.00260998 -0.00161589 -0.00211097 -0.00155667 -0.00142499 -0.0018321 -0.00127108 -0.00217802 -0.00149034 -0.00245064 -0.00142038 -0.00190055 -0.00184591 -0.0016682 -0.0016434 -0.00202411 -0.00172271 -0.002104 -0.0018406 -0.00171889 -0.0021668 -0.00192078 -0.00151614 -0.00131976 -0.00238006 -0.00196001 -0.00172726 -0.00146872 -0.00156687 
-0.00233364 -0.00205592 -0.00267016 -0.00132698 -0.00235163 -0.00158616 -0.00176734 -0.00236984 -0.00190213 -0.00170699 -0.00221773 -0.00177262 -0.0017438 -0.00242263 -0.00192847 -0.00302334 -0.00215477 0.00248889 0.00346985 0.00378844 0.00340799 0.00284754 0.146555 0.00351551 0.00319419 0.00216575 0.00188436 -0.00304616 -0.0021099 -0.00154437 -0.0017149 -0.0010617 -0.00174465 -0.00207962 -0.000322548 -0.00304218 -0.00188525 -0.00199143 -0.00202517 -0.00171273 -0.00225225 -0.00180892 -0.00139876 -0.00139215 -0.00174084 -0.0019758 -0.00180544 -0.00236486 -0.00115561 -0.00117809 -0.00147452 -0.00212341 -0.00135377 -0.000954327 -0.00151759 -0.00159305 -0.00244298 -0.00215791 -0.00120847 -0.00166936 -0.00218098 -0.0023731 -0.00191647 -0.00259991 -0.00270079 -0.00216948 -0.00186997 -0.00184133 -0.00218433 -0.00112801 -0.00180933 -0.00205171 -0.00186731 -0.00117525 -0.00279199 -0.00258972 -0.00245722 -0.00225216 -0.00178532 -0.00153617 -0.00276954 -0.00209865 -0.00244284 -0.000808064 -0.00201656 -0.00264093 -0.0018514 -0.00194727 -0.00178324 -0.00251616 -0.00163459 -0.00217915 -0.00199019 -0.00142222 -0.00129475 -0.00144885 -0.00231674 -0.00239205 -0.00164823 -0.0016524 
-0.00213704 -0.00154523 -0.00168222 -0.00170409 -0.00224362 -0.00195884 -0.00232526 -0.00194327 -0.00227669 -0.00192239 -0.00256863 -0.00218367 -0.00234604 -0.00137092 -0.00190293 -0.00184002 -0.00249967 -0.00176326 -0.0019077 0.0017784 0.00227461 0.00251575 0.00351551 0.13979 0.00406112 0.00276919 0.00292319 0.00273566 -0.00167826 -0.00180863 -0.00175479 -0.00178589 -0.00229176 -0.00211905 -0.00173031 -0.00198945 -0.00246337 -0.00148133 -0.0020866 -0.0014015 -0.00168892 -0.00117056 -0.00182383 -0.00108531 -0.00191139 -0.00238915 -0.00224733 -0.0017876 -0.00232204 -0.00171418 -0.00150539 -0.00202351 -0.00112639 -0.00136231 -0.00214162 -0.00215058 -0.00182274 -0.00174329 -0.00156834 -0.00206027 -0.00206585 -0.000976161 -0.00150572 -0.00115433 -0.00142303 -0.00172917 -0.000876167 -0.00187247 -0.00132428 -0.00236381 -0.00178694 -0.00150011 -0.00182369 -0.00127712 -0.00132121 -0.00170696 -0.00248145 -0.00208588 -0.0022067 -0.00108817 -0.00162156 -0.00142681 -0.00094097 -0.00120611 -0.000508242 -0.00167061 -0.00143253 -0.00180755 -0.00198234 -0.00221501 -0.00173354 -0.00160789 -0.00192722 -0.0019196 -0.00168729 -0.00232551 -0.002733 -0.00135297 -0.0013056 -0.00203256 
-0.00219005 -0.00161534 -0.00201666 -0.00243997 -0.00244008 -0.0029467 -0.00164106 -0.00178324 -0.00208697 -0.00213519 -0.00342292 -0.00213202 -0.00274101 -0.00227168 -0.00269352 -0.00224698 -0.0026524 -0.00092313 -0.00154669 0.0037497 0.00241536 0.00299312 0.00319419 0.00406112 0.149257 0.00345771 0.00288587 0.00233167 0.00178835 0.00251799 -0.00202348 -0.00077767 -0.00206658 -0.00213418 -0.00288118 -0.00222379 -0.00222783 -0.00177667 -0.00194631 -0.00257493 -0.00180415 -0.00145972 -0.00192794 -0.00200103 -0.00301017 -0.00185638 -0.00199488 -0.00151289 -0.00178083 -0.00243621 -0.00206635 -0.00202232 -0.0023892 -0.00195102 -0.00174447 -0.00259939 -0.00151493 -0.0026294 -0.00165858 -0.00216981 -0.00192083 -0.00137003 -0.00247779 -0.00151262 -0.00170254 -0.0016928 -0.00221999 -0.00236221 -0.00220173 -0.00202454 -0.00243299 -0.00167389 -0.00240305 -0.00204036 -0.00216652 -0.00228112 -0.00151833 -0.00168216 -0.00183947 -0.0017758 -0.00138686 -0.00181261 -0.00256752 -0.00154566 -0.0025828 -0.00226769 -0.00222158 -0.00138951 -0.00145942 -0.00150027 -0.00170095 -0.00179627 -0.00183572 -0.00156941 -0.00204555 -0.00190158 -0.00161235 -0.00136825 -0.00219632 -0.00150525 
-0.00113867 -0.00212563 -0.00300191 -0.00164568 -0.00280874 -0.00217832 -0.00145105 -0.00215115 -0.00186715 -0.00292182 -0.00242682 -0.0029302 -0.00315914 -0.00230661 -0.00247854 -0.00208294 -0.00244199 -0.00196814 -0.00192263 -0.00177424 0.00291096 0.00316901 0.00216575 0.00276919 0.00345771 0.149799 0.00389623 0.00229648 0.00271649 0.00281276 0.00292746 -0.00117348 -0.00198707 -0.00124757 -0.00269739 -0.00192062 -0.00242883 -0.00163567 -0.00194763 -0.00178699 -0.0016978 -0.00226861 -0.00251538 -0.00157528 -0.00217489 -0.00198863 -0.00243535 -0.00193108 -0.00248478 -0.00230916 -0.00081066 -0.00182165 -0.000931272 -0.00183181 -0.00133284 -0.0014502 -0.00161081 -0.00156461 -0.0008964 -0.00184406 -0.00263175 -0.00239644 -0.00242752 -0.00133685 -0.00244634 -0.00169427 -0.00207193 -0.00202579 -0.00219849 -0.00167345 -0.0018259 -0.00246167 -0.00112793 -0.00272284 -0.0020534 -0.00198955 -0.00148 -0.00221001 -0.00312373 -0.00269442 -0.00153263 -0.00137845 -0.00180132 -0.00193429 -0.00157056 -0.00269218 -0.0017806 -0.00170685 -0.00116695 -0.00272685 -0.00247199 -0.00164354 -0.0032444 -0.00152975 -0.00313893 -0.00245786 -0.00215969 -0.00116373 -0.00139504 -0.00175137 
-0.0015943 -0.00197108 -0.00213401 -0.00190641 -0.00216224 -0.00188567 -0.00235679 -0.00180294 -0.00195568 -0.00192237 -0.0024178 -0.00267042 -0.00149809 -0.00246051 -0.00208614 -0.0015186 -0.00234628 -0.00192652 -0.00172083 -0.00310922 -0.00174401 -0.0025582 0.00188436 0.00292319 0.00288587 0.00389623 0.146485 0.00303867 0.00229421 0.00270554 0.00208117 0.00330041 -0.00169456 -0.00114567 -0.00148222 -0.00215543 -0.00207046 -0.00282301 -0.00286469 -0.00136468 -0.00154944 -0.00189642 -0.000712007 -0.0012787 -0.00190612 -0.00226121 -0.00234645 -0.00188121 -0.00203546 -0.00220873 -0.00166422 -0.00204211 -0.00171939 -0.00124714 -0.00164397 -0.000499925 -0.0023321 -0.00178027 -0.00106181 -0.00166074 -0.00151245 -0.00103879 -0.00140088 -0.00219139 -0.00204456 -0.00134681 -0.00147189 -0.00153408 -0.00191041 -0.0022276 -0.00156488 -0.00202938 -0.00276504 -0.00245172 -0.00157213 -0.00219989 -0.00195612 -0.0015531 -0.00200897 -0.00229818 -0.00166856 -0.00179807 -0.0018322 -0.00211808 -0.00228154 -0.00129147 -0.00244985 -0.00163906 -0.00190546 -0.00202894 -0.00220527 -0.0015379 -0.00164136 -0.00249276 -0.00221934 -0.00226732 -0.00312751 -0.00141871 -0.00209326 -0.00132335 
-0.00147668 -0.00170935 -0.00160175 -0.00144717 -0.00142112 -0.00280291 -0.00195542 -0.00193865 -0.00112069 -0.00338708 -0.00347409 -0.00245176 -0.00227678 -0.00208293 -0.00151058 -0.00156554 -0.00241057 -0.00275065 -0.00223488 -0.00308072 -0.00234359 -0.00205926 -0.00304616 0.00273566 0.00233167 0.00229648 0.00303867 0.141622 0.00316884 0.00304586 0.00255039 0.00307973 0.002892 -0.00095822 -0.00129562 -0.00171317 -0.00207 -0.00157263 -0.00211011 -0.00175638 -0.0018943 -0.00220699 -0.00131578 -0.00158016 -0.0024587 -0.0019414 -0.00138258 -0.00195425 -0.00205495 -0.00143678 -0.00204459 -0.0017631 -0.00239824 -0.00239311 -0.00200825 -0.00129236 -0.00100641 -0.00165588 -0.00111159 -0.00195112 -0.00270626 -0.0010038 -0.00113143 -0.000939622 -0.00206242 -0.0012577 -0.00191323 -0.00247963 -0.00133268 -0.00178455 -0.00242678 -0.0018238 -0.00160194 -0.00237403 -0.00217264 -0.00154322 -0.00200712 -0.00212186 -0.00186413 -0.0015811 -0.00166304 -0.00103872 -0.00121682 -0.00199285 -0.00153313 -0.00181213 -0.00185455 -0.00205431 -0.00148613 -0.0013656 -0.00216217 -0.00171928 -0.00139246 -0.00240491 -0.00144017 -0.00143984 -0.00168148 -0.00153585 -0.00225413 -0.00111034 
-0.00097618 -0.00115426 -0.00163493 -0.00101383 -0.00164136 -0.00119454 -0.00160974 -0.00150775 -0.00192895 -0.00149582 -0.0010797 -0.00234631 -0.0023538 -0.00203786 -0.00176477 -0.00175134 -0.00198235 -0.00139472 -0.00129126 -0.003028 -0.0013864 -0.0017299 -0.0021099 -0.00167826 0.00178835 0.00271649 0.00229421 0.00316884 0.131485 0.00263407 0.00336094 0.00239714 0.00281029 0.00228389 -0.00174073 -0.00120724 -0.00130391 -0.0020082 -0.00144707 -0.00195906 -0.00128383 -0.00129141 -0.00184756 -0.00139402 -0.00184776 -0.00202394 -0.00172916 -0.00195455 -0.00168814 -0.0023033 -0.00241058 -0.000646702 -0.00203473 -0.00165554 -0.0023776 -0.00188585 -0.000920188 -0.0010954 -0.0014856 -0.000856702 -0.00189681 -0.000794015 -0.00177129 -0.00132659 -0.00211249 -0.0014505 -0.00140579 -0.00168214 -0.00170855 -0.00180273 -0.00145312 -0.00203073 -0.00228161 -0.00172733 -0.00091052 -0.00140611 -0.00125573 -0.00183992 -0.00185075 -0.00230093 -0.00194337 -0.0018421 -0.0015124 -0.00259441 -0.00266307 -0.00173919 -0.000803583 -0.00236332 -0.00209983 -0.0013877 -0.00223261 -0.00245384 -0.00212147 -0.00279831 -0.00226129 -0.00144779 -0.00146192 -0.00256763 -0.00164856 -0.0014986 
-0.0013211 -0.00108337 -0.00119581 -0.00179 -0.00145566 -0.00236968 -0.00178241 -0.00124601 -0.00121363 -0.00212039 -0.0019592 -0.00280859 -0.0020375 -0.00234522 -0.00231308 -0.00275703 -0.0024428 -0.00171631 -0.0028224 -0.00190687 -0.00114253 -0.00128498 -0.00154437 -0.00180863 0.00251799 0.00281276 0.00270554 0.00304586 0.00263407 0.134375 0.00289535 0.00208066 0.0018703 0.00242042 -0.00153151 -0.00242456 -0.00230146 -0.00191632 -0.0025201 -0.00246521 -0.00233189 -0.00112367 -0.00185248 -0.000852438 -0.00211048 -0.00115377 -0.0014137 -0.00160084 -0.00167897 -0.00174422 -0.00132135 -0.00185423 -0.0013572 -0.0013956 -0.00194621 -0.002148 -0.00238281 -0.00132429 -0.00251869 -0.00101364 -0.00176142 -0.00180964 -0.00208553 -0.000966147 -0.00134036 -0.00158968 -0.000926311 -0.00158195 -0.00190835 -0.00166309 -0.00153671 -0.00175935 -0.00161979 -0.00179974 -0.00127728 -0.00220533 -0.00196348 -0.00103688 -0.00213731 -0.0023189 -7.61484e-05 -0.00246491 -0.00131375 -0.00175025 -0.00159223 -0.00184594 -0.00148062 -0.00140455 -0.00230508 -0.00225425 -0.00203093 -0.00199877 -0.00159404 -0.00197406 -0.00133466 -0.00194549 -0.00113651 -0.0012822 -0.00161063 -0.00192497 
-0.00200126 -0.00250186 -0.00266226 -0.00216178 -0.00115894 -0.00332577 -0.00155932 -0.00249411 -0.00113582 -0.00160821 -0.00233079 -0.00194242 -0.00255098 -0.00275047 -0.00131357 -0.00137468 -0.00238791 -0.00109305 -0.00247446 -0.0026006 -0.0013843 -0.00235423 -0.0017149 -0.00175479 -0.00202348 0.00292746 0.00208117 0.00255039 0.00336094 0.00289535 0.141129 0.0021072 0.00202838 0.00243142 0.00130854 0.00188899 -0.00203208 -0.00176078 -0.00280561 -0.00172066 -0.00204759 -0.0014278 -0.0016846 -0.0020169 -0.00191333 -0.00181332 -0.0018565 -0.00153234 -0.00140304 -0.00251278 -0.00170602 -0.0021234 -0.00164401 -0.000706206 -0.00138539 -0.000573454 -0.00180876 -0.00148696 -0.00222853 -0.0015067 -0.00083286 -0.00162905 -0.00162705 -0.00125694 -0.00159732 -0.000581 -0.00152639 -0.0011586 -0.00148277 -0.00207766 -0.00161209 -0.00256976 -0.00238527 -0.00150749 -0.00168289 -0.0021656 -0.00161896 -0.00280674 -0.00156642 -0.0017511 -0.00196236 -0.00185165 -0.00215659 -0.00218566 -0.0020203 -0.00101476 -0.00259191 -0.00214922 -0.00171801 -0.00229111 -0.00328544 -0.00203262 -0.00203194 -0.0012344 -0.00172566 -0.00140652 -0.0016598 -0.00150443 -0.00206101 -0.0020329 
-0.00133016 -0.00144453 -0.00204579 -0.00211965 -0.00130214 -0.00156154 -0.00159703 -0.0017298 -0.00124671 -0.00145014 -0.000881368 -0.00214264 -0.00185732 -0.00275158 -0.00236664 -0.00258011 -0.00201944 -0.00184962 -0.00292331 -0.00302677 -0.00301334 -0.00191766 -0.0010617 -0.00178589 -0.00077767 -0.00117348 0.00330041 0.00307973 0.00239714 0.00208066 0.0021072 0.134573 0.00171689 0.00281872 0.00314642 0.00140739 0.00178121 -0.00207776 -0.00154591 -0.00134573 -0.00153648 -0.00272441 -0.00176529 -0.00278991 -0.00186037 -0.00196738 -0.00201095 -0.00241473 -0.00192117 -0.0020165 -0.00268666 -0.00189474 -0.00148963 -0.00134389 -0.00153437 -0.00128754 -0.00186524 -0.00103234 -0.00071092 -0.00136242 -0.0014966 -0.00131886 -0.00213475 -0.001855 -0.00209828 -0.00121118 -0.00177183 -0.0018911 -0.00174802 -0.00201471 -0.0017778 -0.00192124 -0.00162418 -0.00226592 -0.00220077 -0.00117644 -0.00126538 -0.00188947 -0.000985446 -0.00179721 -0.00164045 -0.00216869 -0.00196129 -0.00113687 -0.0016486 -0.00143048 -0.00190922 -0.00195183 -0.00235236 -0.001511 -0.00196967 -0.00194102 -0.00151242 -0.00261218 -0.00161274 -0.00169522 -0.00126572 -0.00143573 -0.00144177 -0.00162664 
-0.00174925 -0.00145071 -0.00181293 -0.00151248 -0.00124175 -0.00160586 -0.00124934 -0.00257868 -0.00128141 -0.00220335 -0.00215343 -0.00220371 -0.00214515 -0.00203909 -0.00228634 -0.00215027 -0.00303679 -0.00270724 -0.00178434 -0.00264304 -0.00157345 -0.00225253 -0.00174465 -0.00229176 -0.00206658 -0.00198707 -0.00169456 0.002892 0.00281029 0.0018703 0.00202838 0.00171689 0.130762 0.00336182 0.00226568 0.0027994 0.00243151 0.0025901 -0.00148779 -0.000651084 -0.00139055 -0.00161893 -0.00170527 -0.00205534 -0.00180805 -0.00186177 -0.00196428 -0.00157445 -0.00199887 -0.00221121 -0.00151139 -0.000700989 -0.00100568 -0.000986445 -0.00251965 -0.00166208 -0.00141122 -0.00164861 -0.00226234 -0.00219008 -0.00232898 -0.00113529 -0.000946453 -0.00186778 -0.00146711 -0.00128304 -0.00108858 -0.00168396 -0.00178454 -0.00111996 -0.000801673 -0.000734268 -0.000962619 -0.0023375 -0.000961903 -0.00159118 -0.00193192 -0.00148429 -0.000749436 -0.00169781 -0.00220896 -0.00205088 -0.00234603 -0.00194442 -0.00241404 -0.00130876 -0.00144989 -0.00211708 -0.00112682 -0.00227569 -0.00138322 -0.00154816 -0.000848411 -0.00284219 -0.00197141 -0.00167535 -0.00229265 -0.00225496 -0.00167269 -0.00216683 
