0.127009 0.00195278 0.0019441 0.00221776 0.00301417 0.00302979 -0.00166188 -0.00104703 -0.00111508 -0.00173566 -0.00102977 -0.0019255 -0.00149679 -0.00174188 -0.00104631 -0.00204197 -0.0020927 -0.00255176 -0.00171533 -0.00287904 -0.00185028 -0.00260474 -0.00187852 -0.00246337 -0.00229444 -0.00194617 -0.00164272 -0.00153175 -0.00272925 -0.00168629 -0.00160162 -0.000814479 -0.00201937 -0.00214955 -0.000996245 -0.00199075 -0.00200985 -0.00155612 -0.00118185 -0.00174219 -0.00153138 -0.00179406 -0.0025094 -0.00185576 -0.000980757 -0.00176074 -0.00222795 -0.00143365 -0.00118124 -0.00157313 -0.00130389 -0.00161385 -0.00147886 -0.002076 -0.00153262 -0.00175831 -0.00189608 -0.00221415 -0.00227745 -0.00234367 -0.00125357 -0.00151542 -0.00119374 -0.00127568 -0.00156888 -0.00114648 -0.0014594 -0.000911404 -0.00129316 -0.00155773 -0.00137096 -0.000918147 -0.00158999 -0.00158799 -0.001475 -0.00128929 -0.00178705 -0.00164831 -0.00129073 -0.0018874 -0.00181524 -0.00167413 -0.00076736 -0.00227908 -0.0017751 -0.000732079 -0.00110798 -0.00169633 -0.0021448 -0.0010994 -0.00150949 -0.00207119 -0.00188406 -0.00132743 -0.0013691 -0.000416211 0.00246569 0.00196092 0.00151576 0.00269293 
0.00195278 0.125269 0.00256594 0.00286808 0.00238331 0.00279093 0.00246986 -0.000658873 -0.000823385 -0.0011172 -0.00144274 -0.00111445 -0.00183393 -0.00189926 -0.00201551 -0.00193356 -0.00128722 -0.0022838 -0.00329509 -0.00259724 -0.00229244 -0.00193909 -0.00208713 -0.00160894 -0.00123935 -0.00258195 -0.00179685 -0.00249155 -0.00216779 -0.00260627 -0.000740551 -0.0020346 -0.00187193 -0.000712288 -0.00154545 -0.000922523 -0.00176727 -0.00178356 -0.00139354 -0.00232116 -0.00145599 -0.000786879 -0.00233419 -0.00187254 -0.000768014 -0.00167441 -0.00220632 -0.00111804 -0.00115271 -0.00102063 -0.00141053 -0.00184203 -0.00183325 -0.00136187 -0.00134292 -0.00164231 -0.0015482 -0.00111535 -0.00135622 -0.00176311 -0.00225514 -0.00175902 -0.00174891 -0.0017846 -0.00146842 -0.00154269 -0.00253196 -0.00154258 -0.00164797 -0.00222312 -0.00153856 -0.00143251 -0.00216653 -0.00218553 -0.00149557 -0.0011835 -0.00107956 -0.00154541 -0.00190159 -0.000380985 -0.000944525 -0.00171661 -0.00108927 -0.00229742 -0.00184083 -0.00109447 -0.0014682 -0.00119444 -0.00186173 -0.00210005 -0.000826671 -0.00285508 -0.00163321 -0.000817809 -0.00165661 -0.00139925 -0.000796779 0.000998195 0.00244018 0.00308114 
0.0019441 0.00256594 0.113356 0.00184458 0.0018117 0.00173231 0.00113314 0.0020732 -0.00116874 -0.00106406 -0.00162454 -0.00116405 -0.00120202 -0.00172583 -0.00160559 -0.00168101 -0.00200737 -0.00133996 -0.00166234 -0.00167842 -0.00209205 -0.00222751 -0.00144887 -0.00201595 -0.00130412 -0.00218538 -0.00155521 -0.00121449 -0.00233964 -0.000984238 -0.00136837 -0.00182203 -0.0022167 -0.00157161 -0.00133779 -0.0017236 -0.00150612 -0.000369116 -0.00102008 -0.00126583 -0.00165915 -0.00165767 -0.00160756 -0.00131318 -0.00137172 -0.00176112 -0.00111648 -0.000960544 -0.0014798 -0.00103523 -0.00147904 -0.000246636 -0.00179994 -0.00136836 -0.00199676 -0.00201463 -0.00188267 -0.00202918 -0.00170517 -0.00157213 -0.0016716 -0.00156631 -0.00124364 -0.00141133 -0.0012057 -0.00138251 -0.0016553 -0.00145036 -0.00138912 -0.0014563 -0.00176002 -0.00100996 -0.000975643 -0.00140709 -0.000772985 -0.00177208 -0.0018417 -0.00220376 -0.00179261 -0.00152312 -0.00130543 -0.00108373 -0.00130904 -0.00153586 -0.00129886 -0.000831574 -0.00197208 -0.000968908 -0.000867829 -0.000922573 -0.000963425 -0.00109199 -0.00167802 -0.00102808 -0.000521092 -0.00123042 -0.00106454 -0.0015471 0.00151746 0.00228318 
0.00221776 0.00286808 0.00184458 0.128868 0.00234564 0.00226565 0.00217754 0.0017772 0.00265427 -0.00133816 -0.00154247 -0.00133371 -0.00148184 -0.00142842 -0.00195769 -0.00166499 -0.00220567 -0.00185569 -0.0024291 -0.00179825 -0.0015414 -0.00140472 -0.0027038 -0.00176589 -0.00198328 -0.0022325 -0.00199148 -0.0022264 -0.00251626 -0.00220152 -0.00099035 -0.00125389 -0.00201361 -0.00214142 -0.00106482 -0.0011665 -0.00188235 -0.00179522 -0.00165025 -0.00110287 -0.00119419 -0.00192996 -0.00162177 -0.00153179 -0.00153186 -0.00103853 -0.00202549 -0.00115177 -0.00124582 -0.00161491 -0.00149399 -0.00166952 -0.0011629 -0.00153859 -0.00108849 -0.00135122 -0.000904363 -0.00156598 -0.00187667 -0.00149168 -0.0014236 -0.00187243 -0.00159895 -0.00206744 -0.00181986 -0.00197301 -0.00167914 -0.00090829 -0.00180758 -0.00189558 -0.00150037 -0.00164031 -0.00222533 -0.00190581 -0.00197801 -0.00147011 -0.00178338 -0.00121206 -0.00143708 -0.00133105 -0.001452 -0.00177662 -0.00101599 -0.00214703 -0.00148955 -0.00177528 -0.00168138 -0.00208174 -0.00194993 -0.00125368 -0.00149298 -0.0017424 -0.00163111 -0.000956664 -0.00205937 -0.00206931 -0.00208026 -0.00123395 -0.00127924 0.00137349 
0.00301417 0.00238331 0.0018117 0.00234564 0.126089 0.00189542 0.002858 0.00364786 0.00198462 0.00136119 -0.00104879 -0.000973355 -0.000851984 -0.00057425 -0.00144177 -0.00159286 -0.00228684 -0.00117071 -0.00155901 -0.00212898 -0.00174848 -0.00203391 -0.0021946 -0.00204988 -0.00164755 -0.00155381 -0.00181347 -0.0016132 -0.0018098 -0.00182193 -0.00246957 -0.000565871 -0.00187384 -0.00190481 -0.0015868 -0.00118113 -0.00115018 -0.0022923 -0.00211635 -0.00221067 -0.00182839 -0.00122579 -0.00190821 -0.00213003 -0.00198452 -0.00192759 -0.0010718 -0.00197566 -0.00197 -0.00221054 -0.00184015 -0.00143278 -0.00114825 -0.00131961 -0.00151724 -0.0015371 -0.00184876 -0.00198307 -0.00144313 -0.0017053 -0.00142744 -0.00246963 -0.00155148 -0.00149985 -0.0014034 -0.00148048 -0.00210129 -0.00136659 -0.00169975 -0.00153578 -0.00230622 -0.00049411 -0.00166912 -0.00213371 -0.00125131 -0.00150381 -0.00158537 -0.00212121 -0.00141689 -0.00131865 -0.00171671 -0.00185371 -0.0011166 -0.00186212 -0.00223087 -0.00158399 -0.00134258 -0.00191625 -0.00145021 -0.00195135 -0.00161035 -0.00181173 -0.00128315 -0.000453954 -0.00166534 -0.00167977 -0.00180749 -0.00175136 -0.0018133 -0.000878843 
0.00302979 0.00279093 0.00173231 0.00226565 0.00189542 0.125813 0.00227861 0.0015908 0.00231298 0.00161412 0.00234124 -0.00119071 -0.000464723 -0.00151031 -0.00147066 -0.00100599 -0.00254999 -0.0025989 -0.00286447 -0.0022174 -0.00172698 -0.00260028 -0.00243689 -0.001291 -0.00197283 -0.0027836 -0.00167043 -0.00113724 -0.00200347 -0.00154502 -0.00115132 -0.00106778 -0.00220828 -0.00132215 -0.00193905 -0.00210952 -0.00134677 -0.0020259 -0.00064763 -0.00271394 -0.00239111 -0.00201417 -0.00150109 -0.00303131 -0.00180249 -0.00218751 -0.00151824 -0.00137618 -0.00150059 -0.002008 -0.00115901 -0.00166073 -0.00213892 -0.00160456 -0.00174107 -0.00195669 -0.00142875 -0.00158348 -0.00148485 -0.00191813 -0.00103645 -0.00191294 -0.00147717 -0.00171139 -0.00100158 -0.00122881 -0.00161965 -0.00203661 -0.00136748 -0.0011859 -0.00170191 -0.00152522 -0.00168038 -0.00132173 -0.00103797 -0.000749827 -0.00089716 -0.00158579 -0.00155216 -0.00166066 -0.0018404 -0.00178436 -0.00162302 -0.00186323 -0.0015672 -0.00185224 -0.00204062 -0.00181925 -0.0016897 -0.00201245 -0.0016117 -0.00258526 -0.00127322 -0.0014736 -0.00105983 -0.00120214 -0.00140143 -0.00087262 -0.000800529 -0.00142084 
-0.00166188 0.00246986 0.00113314 0.00217754 0.002858 0.00227861 0.133253 0.0023734 0.00247597 0.00211293 0.00284623 0.00202496 -0.00185672 -0.00190451 -0.00221702 -0.00139028 -0.00254965 -0.00251113 -0.00278487 -0.00276138 -0.00230083 -0.00229395 -0.00208568 -0.00169687 -0.00129842 -0.00141799 -0.0021562 -0.00145796 -0.00244274 -0.00133528 -0.00173411 -0.00163898 -0.00195666 -0.00275365 -0.00222817 -0.00085363 -0.0018053 -0.000892306 -0.00165391 -0.0018325 -0.00216022 -0.00170913 -0.00208226 -0.00232479 -0.00182835 -0.00155443 -0.000887587 -0.00215109 -0.00192009 -0.0024596 -0.00147106 -0.00201745 -0.0015397 -0.000774669 -0.00132694 -0.00125961 -0.00191522 -0.00149408 -0.00254636 -0.00148069 -0.0019946 -0.00237273 -0.00161013 -0.00164574 -0.00168102 -0.00136127 -0.00192843 -0.00163883 -0.00199689 -0.00124215 -0.0014955 -0.00224706 -0.00197393 -0.00135926 -0.00219222 -0.00149297 -0.00161629 -0.00106908 -0.00212931 -0.00169155 -0.00160077 -0.00205954 -0.0015106 -0.00236804 -0.00224003 -0.00164742 -0.00208705 -0.00116809 -0.00160175 -0.00121961 -0.00117678 -0.00101251 -0.00149425 -0.00173477 -0.0018273 -0.00075092 -0.00112984 -0.0019269 -0.00132983 -0.00100331 
-0.00104703 -0.000658873 0.0020732 0.0017772 0.00364786 0.0015908 0.0023734 0.130995 0.00196364 0.0021879 0.00260343 0.00290132 0.00244442 -0.00111347 -0.00125944 -0.00232088 -0.00267986 -0.00238941 -0.00233021 -0.00214967 -0.00265022 -0.00236716 -0.0038923 -0.00231592 -0.00112442 -0.00230359 -0.00176484 -0.00229315 -0.00125417 -0.00216829 -0.00170585 -0.00212143 -0.00179543 -0.00255212 -0.00140304 -0.00116687 -0.00166882 -0.0016213 -0.00193877 -0.00214158 -0.00244943 -0.0017547 -0.00166267 -0.00125784 -0.00186648 -0.0016161 -0.0014349 -0.00115927 -0.00206089 -0.00193069 -0.000775755 -0.00226932 -0.0010344 -0.00123277 -0.0013926 -0.00199058 -0.00159859 -0.0015237 -0.00281627 -0.00154292 -0.00150591 -0.00204818 -0.00221055 -0.00113295 -0.00192983 -0.0019186 -0.00131763 -0.00158767 -0.00226143 -0.00141062 -0.00149596 -0.00189425 -0.00152313 -0.00152188 -0.000740963 -0.00120287 -0.00158496 -0.00155225 -0.00239403 -0.00136405 -0.00200182 -0.00242261 -0.00168826 -0.00146599 -0.00180718 -0.00191644 -0.00168101 -0.00137922 -0.00123726 -0.00142352 -0.000780826 -0.00181685 -0.00212325 -0.00177549 -0.00207433 -0.000490127 -0.00164859 -0.00218246 -0.00126199 -0.00121506 
-0.00111508 -0.000823385 -0.00116874 0.00265427 0.00198462 0.00231298 0.00247597 0.00196364 0.130477 0.00208735 0.00287866 0.00183768 0.00271427 0.00186311 -0.00218839 -0.00173148 -0.00173922 -0.00210008 -0.00223794 -0.00273791 -0.00170494 -0.00243607 -0.0023701 -0.00288575 -0.00186329 -0.00100217 -0.00143168 -0.00210999 -0.00173006 -0.00229299 -0.00211525 -0.00215187 -0.00207339 -0.00214141 -0.00182085 -0.0021783 -0.00150898 -0.00119676 -0.00216801 -0.00131746 -0.000980337 -0.000880714 -0.00166665 -0.00164098 -0.00136401 -0.00141265 -0.00132727 -0.00147632 -0.00168414 -0.000875114 -0.00188672 -0.0015569 -0.00164882 -0.00197479 -0.00158324 -0.00163496 -0.00184651 -0.00131011 -0.00233174 -0.00138861 -0.0022623 -0.00171154 -0.00219339 -0.00171859 -0.00192255 -0.000976466 -0.00220539 -0.00190385 -0.000979392 -0.000970514 -0.00182703 -0.00130178 -0.0020032 -0.00213348 -0.00100285 -0.00162928 -0.00206113 -0.00158509 -0.00170075 -0.00184352 -0.00130932 -0.00169041 -0.00125354 -0.00158385 -0.00156115 -0.00194273 -0.00164185 -0.00251026 -0.00346567 -0.00224493 -0.00139617 -0.00152516 -0.00197957 -0.00145705 -0.00177646 -0.00107046 -0.00233634 -0.00188594 -0.00127643 -0.000597942 
-0.00173566 -0.0011172 -0.00106406 -0.00133816 0.00136119 0.00161412 0.00211293 0.0021879 0.00208735 0.130348 0.00203517 0.00194582 0.00215198 0.00249884 -0.000925814 -0.00103391 -0.00193421 -0.00241814 -0.00125306 -0.00255188 -0.00218482 -0.00222239 -0.00215377 -0.00156706 -0.00226444 -0.00229771 -0.00187954 -0.00272347 -0.00273763 -0.00147523 -0.00174407 -0.0030654 -0.00208092 -0.00204114 -0.00145968 -0.00162422 -0.00071463 -0.0018922 -0.00160377 -0.000551654 -0.00143385 -0.00129637 -0.00163358 -0.00217508 -0.00225137 -0.0018408 -0.00179014 -0.00166176 -0.00175324 -0.00218352 -0.00146292 -0.00154173 -0.0017566 -0.000698596 -0.00161352 -0.00123919 -0.000955791 -0.00182447 -0.00150011 -0.00082642 -0.00193981 -0.00204216 -0.00196817 -0.00217529 -0.00131611 -0.00193067 -0.00182219 -0.00159645 -0.00131042 -0.000668369 -0.00218244 -0.00149917 -0.00187245 -0.00137861 -0.00119746 -0.00210232 -0.00270345 -0.00226309 -0.00245037 -0.00159312 -0.00137049 -0.0010704 -0.00242161 -0.00164795 -0.000867739 -0.000769866 -0.00122963 -0.00147852 -0.00129201 -0.00205772 -0.000969717 -0.00145422 -0.00134507 -0.000834243 -0.0010847 -0.00109178 -0.00150914 -0.00118491 -0.0016394 -0.00191709 
-0.00102977 -0.00144274 -0.00162454 -0.00154247 -0.00104879 0.00234124 0.00284623 0.00260343 0.00287866 0.00203517 0.135438 0.0023694 0.0031103 0.00258402 0.00213062 0.000827319 -0.00186536 -0.00101836 -0.0011812 -0.00219777 -0.00212703 -0.00320684 -0.00292657 -0.00250015 -0.00149065 -0.00217595 -0.00164342 -0.00167793 -0.0017268 -0.000853835 -0.00236311 -0.00205161 -0.0013066 -0.00197671 -0.00236458 -0.00232708 -0.0020271 -0.000668983 -0.00184033 -0.00204 -0.00130573 -0.00105801 -0.00133664 -0.00176162 -0.00229518 -0.00205496 -0.00157816 -0.00144703 -0.00198715 -0.00216938 -0.00202919 -0.0017774 -0.001168 -0.00158702 -0.0024066 -0.00205954 -0.000951096 -0.00173668 -0.00215011 -0.000988212 -0.00303687 -0.00190855 -0.00174121 -0.00130963 -0.00214997 -0.00161492 -0.00081634 -0.00154907 -0.00190092 -0.00109166 -0.00215082 -0.00170733 -0.00183935 -0.00231581 -0.00170654 -0.00102383 -0.00195986 -0.00119953 -0.0020136 -0.0022291 -0.00225712 -0.00240806 -0.0017812 -0.00170414 -0.00252474 -0.002075 -0.00189163 -0.000686236 -0.00242989 -0.00173505 -0.00178451 -0.00160882 -0.00261978 -0.00193609 -0.00136203 -0.00227921 -0.00148331 -0.00121147 -0.00205291 -0.00197433 
-0.0019255 -0.00111445 -0.00116405 -0.00133371 -0.000973355 -0.00119071 0.00202496 0.00290132 0.00183768 0.00194582 0.0023694 0.127741 0.0020129 0.00230299 0.00155351 0.00231364 0.00187697 -0.00226221 -0.000653992 -0.00161476 -0.00199446 -0.00195026 -0.00181178 -0.00304039 -0.00199226 -0.00166976 -0.00149032 -0.00180979 -0.0012986 -0.00226192 -0.00104376 -0.00241898 -0.00151695 -0.00172964 -0.00067002 -0.00224761 -0.00117401 -0.00146602 -0.00145145 -0.00184787 -0.00163683 -0.00188257 -0.00212131 -0.00183467 -0.00224773 -0.00206016 -0.00120698 -0.00107389 -0.00112484 -0.00173913 -0.00165696 -0.00146123 -0.00128447 -0.00105202 -0.00133313 -0.00169491 -0.00184943 -0.00181914 -0.00224606 -0.00115693 -0.00173433 -0.00152793 -0.00204701 -0.00184939 -0.0016083 -0.00129752 -0.00211059 -0.00218687 -0.00156339 -0.00143469 -0.00192499 -0.001248 -0.00160986 -0.00108774 -0.00152675 -0.00190156 -0.00140203 -0.00130955 -0.000966272 -0.00218584 -0.00108412 -0.00168582 -0.00203934 -0.00248229 -0.00157389 -0.00135275 -0.00215588 -0.00216303 -0.00233026 -0.00194262 -0.00129562 -0.00189623 -0.00190419 -0.00210316 -0.00216326 -0.00197 -0.00160674 -0.00176437 -0.00196522 -0.00127743 
-0.00149679 -0.00183393 -0.00120202 -0.00148184 -0.000851984 -0.000464723 -0.00185672 0.00244442 0.00271427 0.00215198 0.0031103 0.0020129 0.130486 0.00301455 0.00227867 0.00228073 0.00253573 -0.00109 -0.00162264 -0.00171029 -0.00204953 -0.00255851 -0.00307324 -0.00173348 -0.00270976 -0.00218882 -0.00292487 -0.00230364 -0.00279689 -0.00146951 -0.00203683 -0.00231181 -0.00229009 -0.00187709 -0.00136222 -0.00156754 -0.00192209 -0.00150299 -0.00205151 -0.00185469 -0.00121667 -0.00176518 -0.00256481 -0.00214966 -0.00123862 -0.00184745 -0.00122233 -0.0019353 -0.0012718 -0.00201237 -0.0012934 -0.00205636 -0.00161474 -0.00140167 -0.00147669 -0.00126462 -0.0016648 -0.00172298 -0.00179255 -0.00163291 -0.00226428 -0.00166249 -0.00153137 -0.00153654 -0.00159883 -0.000996491 -0.00221309 -0.000823286 -0.00195795 -0.0013096 -0.00239625 -0.000630354 -0.00122931 -0.00122848 -0.00146203 -0.00120134 -0.00149464 -0.00182982 -0.00104331 -0.00186764 -0.00157736 -0.00128168 -0.00140925 -0.00195671 -0.0011508 -0.00154576 -0.00176402 -0.00140735 -0.00136633 -0.00209153 -0.00167932 -0.00134292 -0.00186986 -0.00214677 -0.00199636 -0.00235835 -0.000752671 -0.00191293 -0.00213132 -0.00167069 
-0.00174188 -0.00189926 -0.00172583 -0.00142842 -0.00057425 -0.00151031 -0.00190451 -0.00111347 0.00186311 0.00249884 0.00258402 0.00230299 0.00301455 0.140025 0.00233214 0.00351016 0.00308069 0.00275021 0.00238277 -0.00116133 -0.00212113 -0.00192259 -0.00197579 -0.00244677 -0.00223887 -0.00216778 -0.00106095 -0.00214504 -0.00151701 -0.00221469 -0.00185135 -0.00210131 -0.00165221 -0.00184744 -0.00186052 -0.0023676 -0.00237196 -0.00279531 -0.00194607 -0.00236213 -0.00157214 -0.00161296 -0.00184476 -0.00243608 -0.00177895 -0.00108682 -0.00161846 -0.00221639 -0.00162107 -0.0018345 -0.00154369 -0.00176147 -0.0019671 -0.00108819 -0.00238553 -0.00175356 -0.000971297 -0.002854 -0.00251511 -0.00154546 -0.00207334 -0.00219509 -0.00183488 -0.00215349 -0.00170931 -0.00175922 -0.000641049 -0.00166924 -0.00174885 -0.00205382 -0.00142899 -0.00193131 -0.00204503 -0.00213527 -0.00172369 -0.00164963 -0.00229232 -0.00251213 -0.00255108 -0.00284503 -0.00204607 -0.00231612 -0.00176313 -0.00283715 -0.0008838 -0.00207544 -0.00172997 -0.00094451 -0.00163534 -0.002787 -0.00147664 -0.00148559 -0.00190582 -0.000785727 -0.00204609 -0.00227615 -0.00254195 -0.00173352 -0.00291359 -0.00117527 
-0.00104631 -0.00201551 -0.00160559 -0.00195769 -0.00144177 -0.00147066 -0.00221702 -0.00125944 -0.00218839 -0.000925814 0.00213062 0.00155351 0.00227867 0.00233214 0.132727 0.00259147 0.00247902 0.00189566 0.00273639 0.00348788 -0.00100387 -0.000987373 -0.00202502 -0.00231166 -0.00237191 -0.00181593 -0.0014658 -0.00184662 -0.00172944 -0.00118646 -0.00128913 -0.00161734 -0.00163952 -0.00179812 -0.00160573 -0.00217217 -0.00100049 -0.00170181 -0.00144553 -0.00193895 -0.00174784 -0.00168994 -0.00235084 -0.00227987 -0.0016677 -0.0017933 -0.00164664 -0.00162134 -0.00172728 -0.00163755 -0.00228246 -0.00164166 -0.00107269 -0.00132466 -0.00189741 -0.00184621 -0.00106212 -0.00145368 -0.00114738 -0.00180763 -0.00141913 -0.00139696 -0.00264045 -0.00181058 -0.00248561 -0.00161021 -0.00233816 -0.00265797 -0.00188026 -0.00162272 -0.00192218 -0.00135404 -0.00188576 -0.0021343 -0.00149032 -0.0016578 -0.000892696 -0.00137928 -0.00179804 -0.00146474 -0.00192597 -0.00234686 -0.00166814 -0.00184593 -0.00170472 -0.00189034 -0.00127251 -0.000987324 -0.00159365 -0.00244727 -0.00283281 -0.00127424 -0.00190544 -0.00171427 -0.0020763 -0.00191181 -0.00105963 -0.00147942 -0.00178648 -0.00186892 
-0.00204197 -0.00193356 -0.00168101 -0.00166499 -0.00159286 -0.00100599 -0.00139028 -0.00232088 -0.00173148 -0.00103391 0.000827319 0.00231364 0.00228073 0.00351016 0.00259147 0.136021 0.00292527 0.00343793 0.00314712 0.00265531 -0.0016294 -0.000609317 -0.00134435 -0.00242674 -0.00215069 -0.00222532 -0.00233406 -0.00253324 -0.00240822 -0.00176666 -0.00277297 -0.00169335 -0.00187078 -0.00191741 -0.0012216 -0.00217074 -0.00118688 -0.00214645 -0.000942908 -0.00255831 -0.00128724 -0.000564144 -0.00193294 -0.0021642 -0.00173294 -0.00137031 -0.0015724 -0.00173445 -0.00173924 -0.00166153 -0.001193 -0.00276094 -0.00200474 -0.00191965 -0.001921 -0.00156887 -0.00215342 -0.002034 -0.00174298 -0.00126916 -0.00236825 -0.00179746 -0.00233592 -0.00121913 -0.00265776 -0.00152391 -0.00203887 -0.00180964 -0.00161141 -0.00182405 -0.00197599 -0.000850976 -0.0013866 -0.00149963 -0.00109545 -0.00183355 -0.000315556 -0.00208985 -0.00141112 -0.00199019 -0.00198022 -0.00129073 -0.00138951 -0.00172494 -0.00101184 -0.00230357 -0.00188557 -0.00218159 -0.00217348 -0.00151026 -0.00227005 -0.00171783 -0.00259 -0.0020452 -0.00259758 -0.00307363 -0.00133184 -0.00171315 -0.00156239 -0.00108795 
-0.0020927 -0.00128722 -0.00200737 -0.00220567 -0.00228684 -0.00254999 -0.00254965 -0.00267986 -0.00173922 -0.00193421 -0.00186536 0.00187697 0.00253573 0.00308069 0.00247902 0.00292527 0.149139 0.00284963 0.00336172 0.00322364 0.00161749 0.00145727 -0.00200011 -0.00110921 -0.00224117 -0.00209553 -0.00215268 -0.0014645 -0.00193112 -0.00296978 -0.00118022 -0.00285285 -0.00243694 -0.00189559 -0.00315426 -0.00280218 -0.00231216 -0.0021652 -0.00197251 -0.00256027 -0.00265095 -0.00281009 -0.00213717 -0.00218651 -0.00198421 -0.00109206 -0.00196403 -0.00143708 -0.00177844 -0.00263686 -0.00203013 -0.00143322 -0.00099436 -0.000727395 -0.00163279 -0.0015407 -0.00128357 -0.00138175 -0.00211783 -0.00172204 -0.0011197 -0.00202563 -0.00243942 -0.00127088 -0.00202345 -0.00261102 -0.00270753 -0.00242622 -0.00240097 -0.00247015 -0.00151913 -0.00211793 -0.0011251 -0.00146913 -0.00147661 -0.0022142 -0.00199921 -0.00175859 -0.00292359 -0.0019066 -0.00135124 -0.00161844 -0.00119806 -0.00159529 -0.0011985 -0.00284099 -0.00291193 -0.00249625 -0.00290915 -0.00151782 -0.00158012 -0.0011855 -0.00204275 -0.00198565 -0.0014505 -0.000976539 -0.00152333 -0.00198154 -0.00266321 -0.00147948 
-0.00255176 -0.0022838 -0.00133996 -0.00185569 -0.00117071 -0.0025989 -0.00251113 -0.00238941 -0.00210008 -0.00241814 -0.00101836 -0.00226221 -0.00109 0.00275021 0.00189566 0.00343793 0.00284963 0.145302 0.00277749 0.0035248 0.00248067 0.00206717 0.00263483 -0.0010796 -0.000762125 -0.00161699 -0.00159596 -0.0012975 -0.00243838 -0.00110254 -0.00234097 -0.00268706 -0.00241326 -0.00274875 -0.00248135 -0.00221024 -0.00205431 -0.00261932 -0.00265997 -0.00194394 -0.0020201 -0.0022672 -0.00281402 -0.00211846 -0.00136722 -0.00176683 -0.0021969 -0.00192596 -0.00214247 -0.00195582 -0.00200876 -0.00137595 -0.00198181 -0.00237288 -0.00152218 -0.0021115 -0.00117154 -0.00168233 -0.00163686 -0.00198618 -0.00194691 -0.00137262 -0.00195538 -0.00140078 -0.00133198 -0.00231955 -0.0019466 -0.00145182 -0.00170682 -0.00201778 -0.00167574 -0.00154689 -0.00143868 -0.00212864 -0.000743886 -0.00172534 -0.000508692 -0.00157919 -0.00130169 -0.00164352 -0.00154876 -0.00267385 -0.000996914 -0.00212689 -0.00258271 -0.00168129 -0.00166582 -0.00214285 -0.00206053 -0.00195075 -0.00158048 -0.00283347 -0.00208488 -0.00162776 -0.00225093 -0.00226729 -0.00110582 -0.00302845 -0.00194656 -0.00175469 
-0.00171533 -0.00329509 -0.00166234 -0.0024291 -0.00155901 -0.00286447 -0.00278487 -0.00233021 -0.00223794 -0.00125306 -0.0011812 -0.000653992 -0.00162264 0.00238277 0.00273639 0.00314712 0.00336172 0.00277749 0.147191 0.00340246 0.00109361 0.0036427 0.00446429 -0.00115583 -0.00222562 -0.00109639 -0.00205104 -0.00269712 -0.00201678 -0.00189829 -0.00316735 -0.00205203 -0.00252248 -0.00257113 -0.00190767 -0.00316996 -0.00170434 -0.0018227 -0.00177318 -0.00272725 -0.000651717 -0.00198655 -0.00331692 -0.00249382 -0.00201818 -0.00195473 -0.00259109 -0.0027524 -0.0015815 -0.00229703 -0.00109548 -0.00193799 -0.00174918 -0.00183037 -0.00212417 -0.00224167 -0.000878292 -0.00186605 -0.00260989 -0.00189036 -0.00163042 -0.000708993 -0.00202103 -0.00225976 -0.00240626 -0.00161833 -0.00289332 -0.00166291 -0.00219124 -0.00216329 -0.00197238 -0.00145362 -0.00116983 -0.00211173 -0.00230644 -0.00210394 -0.0020705 -0.00148482 -0.00170822 -0.00205036 -0.0018581 -0.00189586 -0.000766774 -0.00139661 -0.00152864 -0.00199183 -0.00140266 -0.00163581 -0.00152141 -0.00184865 -0.00232312 -0.00134061 -0.00154251 -0.00242726 -0.0022454 -0.00214613 -0.00130585 -0.00122192 -0.00161308 -0.00218454 
-0.00287904 -0.00259724 -0.00167842 -0.00179825 -0.00212898 -0.0022174 -0.00276138 -0.00214967 -0.00273791 -0.00255188 -0.00219777 -0.00161476 -0.00171029 -0.00116133 0.00348788 0.00265531 0.00322364 0.0035248 0.00340246 0.155331 0.00408859 0.00371605 0.00329065 0.00360929 0.00168956 -0.000430223 -0.00155813 -0.00187333 -0.00237405 -0.00189291 -0.00172732 -0.0015239 -0.00141549 -0.00287956 -0.00191519 -0.00274892 -0.0018599 -0.00226402 -0.00270924 -0.00241106 -0.00317624 -0.00251152 -0.00235769 -0.00248952 -0.0024136 -0.00263831 -0.00213198 -0.00225484 -0.00154447 -0.00290755 -0.00223561 -0.00167294 -0.00128436 -0.00237932 -0.0018357 -0.00258937 -0.00113634 -0.00230621 -0.00152985 -0.0019347 -0.00121232 -0.00261533 -0.00304978 -0.00209407 -0.00224648 -0.00190906 -0.00175156 -0.00257481 -0.00205499 -0.00209395 -0.00201937 -0.00234678 -0.00177133 -0.00219917 -0.00118753 -0.00172615 -0.00159002 -0.00184641 -0.00201558 -0.00202291 -0.00162262 -0.00281675 -0.00139926 -0.00204024 -0.0020991 -0.00299983 -0.00275688 -0.00240401 -0.00333623 -0.00188027 -0.00127538 -0.00203918 -0.00257403 -0.00252416 -0.00192531 -0.00291373 -0.00191971 -0.00175774 -0.00202841 -0.00228093 
-0.00185028 -0.00229244 -0.00209205 -0.0015414 -0.00174848 -0.00172698 -0.00230083 -0.00265022 -0.00170494 -0.00218482 -0.00212703 -0.00199446 -0.00204953 -0.00212113 -0.00100387 -0.0016294 0.00161749 0.00248067 0.00109361 0.00408859 0.141481 0.00432876 0.0037164 0.00315945 0.00275961 0.00297752 -0.00167594 -0.0010512 -0.00259601 -0.00171161 -0.00234068 -0.00184611 -0.000936445 -0.00150111 -0.00181125 -0.00234072 -0.00159436 -0.00200706 -0.0021852 -0.00330524 -0.00208873 -0.00238628 -0.00248463 -0.00280376 -0.00237206 -0.00195828 -0.00128936 -0.00147109 -0.00137825 -0.00168569 -0.00143689 -0.00183657 -0.00176148 -0.00183813 -0.00127333 -0.00141066 -0.00119699 -0.00161957 -0.00179103 -0.00131441 -0.00249368 -0.00259545 -0.00256193 -0.00161796 -0.00212933 -0.00130567 -0.00180538 -0.00177527 -0.00216553 -0.00154505 -0.00195862 -0.00127658 -0.00141754 -0.000796858 -0.00191172 -0.0023126 -0.00156652 -0.00172828 -0.00189725 -0.00188971 -0.00159765 -0.00115003 -0.00180238 -0.00214429 -0.00201401 -0.00225101 -0.00116387 -0.00207767 -0.00224465 -0.00135531 -0.00228726 -0.00196274 -0.00254296 -0.00193189 -0.00192816 -0.00167299 -0.00178192 -0.00245847 -0.0017286 -0.00153811 
-0.00260474 -0.00193909 -0.00222751 -0.00140472 -0.00203391 -0.00260028 -0.00229395 -0.00236716 -0.00243607 -0.00222239 -0.00320684 -0.00195026 -0.00255851 -0.00192259 -0.000987373 -0.000609317 0.00145727 0.00206717 0.0036427 0.00371605 0.00432876 0.146655 0.00382649 0.00372248 0.00291588 0.00330277 -0.000264029 -0.0011496 -0.00233833 -0.00181285 -0.00196011 -0.00205825 -0.00220273 -0.000666362 -0.00229412 -0.00205579 -0.00255315 -0.00114011 -0.00240386 -0.00139382 -0.00218017 -0.00232295 -0.00153208 -0.00383307 -0.0016727 -0.00171384 -0.00205353 -0.00268625 -0.00134944 -0.00196905 -0.00165453 -0.0020417 -0.00161068 -0.00235924 -0.00237691 -0.000741067 -0.00223002 -0.00118316 -0.00211375 -0.00147312 -0.00109503 -0.0017455 -0.0030259 -0.00209508 -0.00213158 -0.00142546 -0.00283133 -0.00151571 -0.00205174 -0.00267677 -0.00216143 -0.00221578 -0.00233607 -0.00167692 -0.00197935 -0.00240244 -0.00251332 -0.00137817 -0.00226906 -0.00174303 -0.00180912 -0.00150401 -0.00264196 -0.00262452 -0.00230801 -0.00213896 -0.00278461 -0.00142922 -0.00251443 -0.00255975 -0.00169315 -0.000958385 -0.00179669 -0.00134687 -0.00183877 -0.00177509 -0.00183063 -0.00128128 -0.00140733 -0.00136718 
-0.00187852 -0.00208713 -0.00144887 -0.0027038 -0.0021946 -0.00243689 -0.00208568 -0.0038923 -0.0023701 -0.00215377 -0.00292657 -0.00181178 -0.00307324 -0.00197579 -0.00202502 -0.00134435 -0.00200011 0.00263483 0.00446429 0.00329065 0.0037164 0.00382649 0.149681 0.00446047 0.00376754 0.00191001 0.00121213 -0.0018527 -0.00201808 -0.00176609 -0.00321326 -0.00241111 -0.00164351 -0.00289614 -0.00274993 -0.00262209 -0.00221639 -0.00167631 -0.00203056 -0.000682365 -0.00217681 -0.00227007 -0.00217945 -0.00190766 -0.00156089 -0.00149926 -0.00184292 -0.00231393 -0.00187431 -0.00224645 -0.00166308 -0.0024697 -0.00184536 -0.00185779 -0.00183188 -0.00126905 -0.000946234 -0.00184408 -0.0017979 -0.00150945 -0.00138794 -0.00220246 -0.00142106 -0.00214587 -0.00236143 -0.00224265 -0.00182882 -0.00229598 -0.00264731 -0.00192849 -0.00113157 -0.00230478 -0.00136161 -0.00112662 -0.0013012 -0.00166381 -0.00232781 -0.00162897 -0.00168826 -0.00226865 -0.000894219 -0.00231866 -0.00247502 -0.00254336 -0.00318848 -0.00187512 -0.00217044 -0.00174493 -0.00246265 -0.00165031 -0.00131869 -0.00226834 -0.00152502 -0.00180976 -0.00277268 -0.00176171 -0.00209954 -0.00115822 -0.00142272 -0.0011455 
-0.00246337 -0.00160894 -0.00201595 -0.00176589 -0.00204988 -0.001291 -0.00169687 -0.00231592 -0.00288575 -0.00156706 -0.00250015 -0.00304039 -0.00173348 -0.00244677 -0.00231166 -0.00242674 -0.00110921 -0.0010796 -0.00115583 0.00360929 0.00315945 0.00372248 0.00446047 0.144708 0.0036001 0.00304861 0.00379321 0.002194 -0.00133777 -0.00160933 -0.00239618 -0.00160008 -0.00222149 -0.00145769 -0.00220701 -0.000812863 -0.00145974 -0.00236327 -0.00199073 -0.00135576 -0.00346532 -0.0020076 -0.0018006 -0.00180141 -0.002838 -0.00135951 -0.00128154 -0.00170494 -0.00148995 -0.00162535 -0.00164515 -0.00238362 -0.00176568 -0.00149587 -0.00260461 -0.00212904 -0.00151979 -0.00215413 -0.00133831 -0.00219164 -0.00147217 -0.00191142 -0.00247241 -0.00177248 -0.0020855 -0.00145259 -0.00200564 -0.00161482 -0.00308036 -0.00148756 -0.00205685 -0.00154772 -0.0016379 -0.00172539 -0.00207465 -0.00312605 -0.00188746 -0.00119775 -0.00266487 -0.00160471 -0.00176218 -0.00102904 -0.00201805 -0.00148215 -0.00122564 -0.00210192 -0.0023043 -0.00190489 -0.00203019 -0.00211112 -0.00151062 -0.00218459 -0.00243922 -0.00162029 -0.00127113 -0.0020064 -0.00181741 -0.00165941 -0.00197339 -0.00208719 
-0.00229444 -0.00123935 -0.00130412 -0.00198328 -0.00164755 -0.00197283 -0.00129842 -0.00112442 -0.00186329 -0.00226444 -0.00149065 -0.00199226 -0.00270976 -0.00223887 -0.00237191 -0.00215069 -0.00224117 -0.000762125 -0.00222562 0.00168956 0.00275961 0.00291588 0.00376754 0.0036001 0.139713 0.00390901 0.00374334 0.00280708 0.00350308 0.00275364 -0.00148732 -0.00146909 -0.00152715 -0.00180396 -0.00208088 -0.00224921 -0.00169558 -0.00235974 -0.00232637 -0.00270236 -0.00224113 -0.00232618 -0.00215353 -0.00219854 -0.0015979 -0.000888178 -0.00149239 -0.00113264 -0.00247912 -0.00273179 -0.00301125 -0.00174997 -0.00113702 -0.0014946 -0.00253717 -0.00180101 -0.00227565 -0.0025351 -0.00276473 -0.00265798 -0.00178717 -0.00146676 -0.001917 -0.00234397 -0.00213738 -0.00204353 -0.00157438 -0.00164043 -0.00178686 -0.00116513 -0.00208508 -0.00152584 -0.00228034 -0.0015292 -0.00141719 -0.00189558 -0.00138446 -0.00246297 -0.0018655 -0.00191587 -0.00173609 -0.00121557 -0.00284631 -0.00246914 -0.00254869 -0.00199062 -0.00156178 -0.00214123 -0.00175844 -0.00273007 -0.00216817 -0.00193029 -0.00159391 -0.0017424 -0.0020606 -0.00206415 -0.0022764 -0.00175934 -0.00152474 -0.000736949 
-0.00194617 -0.00258195 -0.00218538 -0.0022325 -0.00155381 -0.0027836 -0.00141799 -0.00230359 -0.00100217 -0.00229771 -0.00217595 -0.00166976 -0.00218882 -0.00216778 -0.00181593 -0.00222532 -0.00209553 -0.00161699 -0.00109639 -0.000430223 0.00297752 0.00330277 0.00191001 0.00304861 0.00390901 0.144177 0.0031222 0.00207719 0.0033486 0.00268299 0.00256263 -0.00163312 -0.00145908 -0.00155342 -0.0015418 -0.00154421 -0.00241354 -0.00207633 -0.00212107 -0.000928801 -0.0029099 -0.00233996 -0.00184559 -0.00170221 -0.0031931 -0.00183698 -0.00205514 -0.00204486 -0.00199298 -0.00118524 -0.0021307 -0.00197849 -0.00211623 -0.00235119 -0.00183828 -0.00281936 -0.0027423 -0.00162157 -0.00239199 -0.00253672 -0.00161985 -0.00127016 -0.00265143 -0.0020447 -0.00220367 -0.00156607 -0.00140127 -0.00201045 -0.00107658 -0.00316209 -0.00189263 -0.00150552 -0.00209608 -0.00108978 -0.00240534 -0.00175459 -0.00190438 -0.00156772 -0.00139859 -0.00209666 -0.00166295 -0.0023369 -0.00351716 -0.00189686 -0.0017605 -0.00140149 -0.000947714 -0.00229946 -0.00222643 -0.00147372 -0.00194681 -0.00243711 -0.00138701 -0.00135767 -0.00253217 -0.002182 -0.00236775 -0.00137889 -0.00233763 -0.00225902 
-0.00164272 -0.00179685 -0.00155521 -0.00199148 -0.00181347 -0.00167043 -0.0021562 -0.00176484 -0.00143168 -0.00187954 -0.00164342 -0.00149032 -0.00292487 -0.00106095 -0.0014658 -0.00233406 -0.00215268 -0.00159596 -0.00205104 -0.00155813 -0.00167594 -0.000264029 0.00121213 0.00379321 0.00374334 0.0031222 0.142282 0.00193399 0.00360672 0.00311425 0.00236544 0.00193194 -0.000498928 -0.00131807 -0.00149831 -0.00126831 -0.00194709 -0.00135623 -0.00232658 -0.00232272 -0.00197178 -0.00201919 -0.00152208 -0.00189841 -0.00210368 -0.00164763 -0.00154905 -0.0016102 -0.00209308 -0.00211069 -0.00226792 -0.00158032 -0.00240141 -0.00172163 -0.00163842 -0.00214627 -0.00173099 -0.0015012 -0.00227187 -0.00164744 -0.00175286 -0.00174547 -0.00191206 -0.00214461 -0.00234199 -0.00217377 -0.00107136 -0.00181825 -0.00215743 -0.00210819 -0.00133693 -0.00142494 -0.00256559 -0.0012787 -0.00207053 -0.00246986 -0.00249324 -0.00170485 -0.00199409 -0.00102112 -0.00219873 -0.00204167 -0.00224488 -0.00160425 -0.00231106 -0.00165982 -0.00199429 -0.0026229 -0.00220536 -0.00200136 -0.00139797 -0.00200215 -0.00238666 -0.00209911 -0.0023733 -0.00241919 -0.00131376 -0.00231404 -0.00249454 -0.00194526 
-0.00153175 -0.00249155 -0.00121449 -0.0022264 -0.0016132 -0.00113724 -0.00145796 -0.00229315 -0.00210999 -0.00272347 -0.00167793 -0.00180979 -0.00230364 -0.00214504 -0.00184662 -0.00253324 -0.0014645 -0.0012975 -0.00269712 -0.00187333 -0.0010512 -0.0011496 -0.0018527 0.002194 0.00280708 0.00207719 0.00193399 0.138406 0.00295041 0.0017218 0.00281563 0.00231951 0.00187306 -0.00148419 -0.00172822 -0.0016437 -0.00130224 -0.00216863 -0.00249705 -0.0020519 -0.00207179 -0.00190263 -0.000584251 -0.00258917 -0.00185042 -0.00132198 -0.00184609 -0.00174247 -0.00181248 -0.00167324 -0.00215756 -0.000917952 -0.00151001 -0.00131253 -0.00228053 -0.0020169 -0.00134277 -0.00150397 -0.0020837 -0.00245392 -0.00237939 -0.00182138 -0.00248304 -0.00144095 -0.00183772 -0.00129672 -0.000953721 -0.00200909 -0.00195684 -0.00203783 -0.00172501 -0.0018909 -0.00192727 -0.00115532 -0.00275855 -0.0021361 -0.00151997 -0.00234426 -0.00138725 -0.00145387 -0.000312118 -0.00127238 -0.00184356 -0.00140532 -0.00199067 -0.00129871 -0.00267627 -0.00141758 -0.00153943 -0.00243315 -0.00156836 -0.00183937 -0.00122784 -0.00134261 -0.00171462 -0.00218846 -0.00191245 -0.00167286 -0.00141831 -0.00115802 
-0.00272925 -0.00216779 -0.00233964 -0.00251626 -0.0018098 -0.00200347 -0.00244274 -0.00125417 -0.00173006 -0.00273763 -0.0017268 -0.0012986 -0.00279689 -0.00151701 -0.00172944 -0.00240822 -0.00193112 -0.00243838 -0.00201678 -0.00237405 -0.00259601 -0.00233833 -0.00201808 -0.00133777 0.00350308 0.0033486 0.00360672 0.00295041 0.145652 0.0020711 0.00261415 0.00224697 0.00301221 0.00294679 -0.00261417 -0.00117506 -0.00144185 -0.00196444 -0.00222693 -0.00161451 -0.00103285 -0.00178926 -0.00099497 -0.00134501 -0.0018008 -0.00166365 -0.00185096 -0.001572 -0.00115399 -0.00125651 -0.00189059 -0.00216798 -0.00195187 -0.00255253 -0.00219067 -0.00179401 -0.0024148 -0.00190976 -0.001474 -0.00149277 -0.000971885 -0.000600063 -0.0015536 -0.00311091 -0.00173787 -0.00144365 -0.00164944 -0.00254376 -0.00153257 -0.00292967 -0.00160505 -0.00224317 -0.0029954 -0.0014624 -0.00236466 -0.00168081 -0.00213255 -0.00185034 -0.00228119 -0.00155228 -0.00197319 -0.00229154 -0.00238282 -0.00296813 -0.00213039 -0.00210206 -0.00190471 -0.00150057 -0.000817396 -0.000860449 -0.00286811 -0.0015744 -0.00236397 -0.00149383 -0.00130671 -0.00200125 -0.00252171 -0.00122065 -0.00201171 -0.0018225 
-0.00168629 -0.00260627 -0.000984238 -0.00220152 -0.00182193 -0.00154502 -0.00133528 -0.00216829 -0.00229299 -0.00147523 -0.000853835 -0.00226192 -0.00146951 -0.00221469 -0.00118646 -0.00176666 -0.00296978 -0.00110254 -0.00189829 -0.00189291 -0.00171161 -0.00181285 -0.00176609 -0.00160933 0.00275364 0.00268299 0.00311425 0.0017218 0.0020711 0.130894 0.00211797 0.00264596 0.00218433 0.00229096 -0.000804179 -0.00105738 -0.00107029 -0.0016531 -0.00151151 -0.00192032 -0.00193395 -0.00157415 -0.0012175 -0.00220493 -0.00187965 -0.000938935 -0.000948606 -0.00122301 -0.00164811 -0.00242761 -0.00199335 -0.00077152 -0.00114693 -0.00162636 -0.00159671 -0.0020012 -0.00210339 -0.00144279 -0.00194194 -0.00176852 -0.00199586 -0.00186146 -0.00135083 -0.00250463 -0.00160828 -0.00164653 -0.00137545 -0.00130288 -0.00147259 -0.00198932 -0.00123714 -0.00144691 -0.00179808 -0.00143601 -0.0018496 -0.00227113 -0.00248217 -0.00181774 -0.000980294 -0.00147894 -0.00188919 -0.00190196 -0.00185421 -0.00152144 -0.00174992 -0.00141633 -0.00170438 -0.00199237 -0.00151844 -0.000997013 -0.00275205 -0.00121149 -0.00154155 -0.00194041 -0.00265425 -0.00197825 -0.00208658 -0.00164589 -0.00197654 -0.00119948 
-0.00160162 -0.000740551 -0.00136837 -0.00099035 -0.00246957 -0.00115132 -0.00173411 -0.00170585 -0.00211525 -0.00174407 -0.00236311 -0.00104376 -0.00203683 -0.00185135 -0.00128913 -0.00277297 -0.00118022 -0.00234097 -0.00316735 -0.00172732 -0.00234068 -0.00196011 -0.00321326 -0.00239618 -0.00148732 0.00256263 0.00236544 0.00281563 0.00261415 0.00211797 0.133292 0.00216046 0.00325825 0.00185489 0.00172064 0.00215473 -0.00213843 -0.00142762 -0.00126219 -0.0018364 -0.00146947 -0.0021071 -0.00214023 -0.00166013 -0.00187571 -0.00140766 -0.00188008 -0.00105153 -0.00155571 -0.00136438 -0.0014386 -0.00176088 -0.00206021 -0.00148476 -0.00129278 -0.00255121 -0.000963857 -0.00193372 -0.00163904 -0.00160052 -0.00123632 -0.0018259 -0.00201602 -0.00225239 -0.00178943 -0.0017758 -0.0017423 -0.00164065 -0.00230814 -0.00251592 -0.00180494 -0.00138201 -0.00283885 -0.0017312 -0.00145457 -0.0013681 -0.00162602 -0.00168651 -0.00175834 -0.00113422 -0.00118823 -0.00135904 -0.00222485 -0.00144024 -0.00187764 -0.00162522 -0.00154356 -0.00175467 -0.00126442 -0.00228685 -0.00215126 -0.0017566 -0.00158495 -0.00103214 -0.00291845 -0.00224063 -0.00148699 -0.00110501 -0.00136078 -0.00213428 
-0.000814479 -0.0020346 -0.00182203 -0.00125389 -0.000565871 -0.00106778 -0.00163898 -0.00212143 -0.00215187 -0.0030654 -0.00205161 -0.00241898 -0.00231181 -0.00210131 -0.00161734 -0.00169335 -0.00285285 -0.00268706 -0.00205203 -0.0015239 -0.00184611 -0.00205825 -0.00241111 -0.00160008 -0.00146909 -0.00163312 0.00193194 0.00231951 0.00224697 0.00264596 0.00216046 0.137277 0.00199827 0.00186882 0.00169817 0.00254163 0.00149496 -0.000904249 -0.00124345 -0.00238047 -0.00207721 -0.00124977 -0.00193374 -0.0020069 -0.00205715 -0.00289796 -0.00227113 -0.00217832 -0.00129654 -0.00136099 -0.00212294 -0.00187894 -0.00133926 -0.00196641 -0.000814822 -0.00232792 -0.00253611 -0.00148729 -0.00205824 -0.00156698 -0.00105336 -0.00181984 -0.00162181 -0.00176357 -0.00159679 -0.00141433 -0.00204444 -0.00168978 -0.00102381 -0.0020968 -0.00203189 -0.00170344 -0.00196399 -0.00197857 -0.00218539 -0.0020619 -0.00181488 -0.00177086 -0.0019147 -0.00189738 -0.00228073 -0.00182251 -0.00199529 -0.00206242 -0.00166911 -0.00197213 -0.00148849 -0.00183913 -0.00123909 -0.000825258 -0.00144146 -0.00190093 -0.000900276 -0.00118163 -0.0023705 -0.00184404 -0.00117955 -0.000789562 -0.00176584 -0.0013474 
-0.00201937 -0.00187193 -0.0022167 -0.00201361 -0.00187384 -0.00220828 -0.00195666 -0.00179543 -0.00207339 -0.00208092 -0.0013066 -0.00151695 -0.00229009 -0.00165221 -0.00163952 -0.00187078 -0.00243694 -0.00241326 -0.00252248 -0.00141549 -0.000936445 -0.00220273 -0.00164351 -0.00222149 -0.00152715 -0.00145908 -0.000498928 0.00187306 0.00301221 0.00218433 0.00325825 0.00199827 0.133139 0.00293781 0.00149152 0.00248372 0.00175346 0.00214144 -0.00153801 -0.00104671 -0.00186208 -0.00261925 -0.00220769 -0.000881631 -0.00168642 -0.00203408 -0.00199425 -0.00212308 -0.00104968 -0.00198033 -0.00212448 -0.00126168 -0.0017011 -0.00257518 -0.00157383 -0.00140542 -0.00150219 -0.00215711 -0.00130692 -0.00164742 -0.00134313 -0.00114702 -0.00166938 -0.00161283 -0.00137236 -0.00170794 -0.00224339 -0.00146954 -0.00217455 -0.00343789 -0.002193 -0.00116092 -0.00143107 -0.0019281 -0.00156758 -0.00143952 -0.0015746 -0.00153257 -0.00176262 -0.00144926 -0.0023944 -0.00170317 -0.00210143 -0.00177759 -0.00171603 -0.00106458 -0.0013171 -0.00188503 -0.00141412 -0.0011697 -0.00166745 -0.00111574 -0.000598913 -0.00174313 -0.00157691 -0.00200796 -0.00206568 -0.00242433 -0.00254026 -0.00182951 
