0.120507 0.00203775 0.00216661 0.00223675 0.00224712 0.00218268 -0.00150749 -0.000650345 -0.00109451 -0.00118098 -0.00238921 -0.00135889 -0.00154091 -0.000729884 -0.00152552 -0.00248359 -0.00161587 -0.00165142 -0.00177602 -0.00151438 -0.00134644 -0.00160046 -0.00164046 -0.00289067 -0.0019265 -0.00225567 -0.00076825 -0.00188146 -0.00206606 -0.0015511 -0.000804129 -0.00196462 -0.0018759 -0.00168329 -0.001058 -0.00173271 -0.00181858 -0.00218121 -0.00186864 -0.0013388 -0.00166431 -0.00150636 -0.000582759 -0.00199677 -0.0015243 -0.00207082 -0.00141612 -0.00117577 -0.00120761 -0.00187993 -0.00166117 -0.00169006 -0.00197179 -0.00216097 -0.00180274 -0.00166479 -0.00165305 -0.00126663 -0.0012688 -0.00117997 -0.00209516 -0.00178547 -0.00093629 -0.00136142 -0.00238518 -0.00160484 -0.00160662 -0.00141445 -0.00200516 -0.000999991 -0.00115329 -0.00172317 -0.00160643 -0.00149275 -0.0016525 -0.00116597 -0.00114636 -0.00194571 -0.00157888 -0.00100489 -0.00120106 -0.00116316 -0.00132767 -0.00158591 -0.00207822 -0.000644005 -0.00135941 -0.00180353 -0.00177986 -0.00160925 -0.00190297 -0.00118029 -0.00141706 -0.00151839 -0.000901766 -0.00160009 0.00229603 0.0016361 0.00265745 0.00238609 
0.00203775 0.128298 0.00217176 0.00367962 0.00138966 0.00154944 0.00167897 -0.000915957 -0.00178868 -0.000362356 -0.00203605 -0.00181777 -0.00168046 -0.00127024 -0.00251832 -0.00211191 -0.00147536 -0.00151978 -0.00197752 -0.00255338 -0.00198601 -0.0015116 -0.000647734 -0.0016747 -0.00266473 -0.00176146 -0.0015851 -0.00202425 -0.00166235 -0.00183163 -0.000956878 -0.00131178 -0.00202268 -0.00213122 -0.000654551 -0.00181936 -0.00180118 -0.00183954 -0.00174475 -0.00144555 -0.000983897 -0.00176764 -0.00171441 -0.00162725 -0.00230352 -0.00159913 -0.00172888 -0.000915782 -0.00208984 -0.00142709 -0.0016991 -0.0014248 -0.00160311 -0.00138962 -0.00165869 -0.00209842 -0.00137608 -0.000973933 -0.0023374 -0.00158261 -0.00257061 -0.001969 -0.00136736 -0.000984082 -0.00159839 -0.00228013 -0.00224137 -0.00147544 -0.00234518 -0.00159625 -0.00186923 -0.00173985 -0.00168293 -0.00144723 -0.00119926 -0.00156914 -0.00181847 -0.00203094 -4.37335e-05 -0.00123994 -0.00097289 -0.00162945 -0.00145516 -0.00136722 -0.00192274 -0.001435 -0.0016897 -0.00205454 -0.0020796 -0.00154465 -0.00138196 -0.00176388 -0.00150042 -0.00134345 -0.00147235 -0.0014971 -0.00147641 0.00157135 0.00267837 0.00200625 
0.00216661 0.00217176 0.124878 0.00256212 0.00200385 0.00218045 0.0018668 0.00213066 -0.00139576 -0.00162243 -0.00183161 -0.00286781 -0.000852031 -0.00228446 -0.00166583 -0.00230212 -0.00214621 -0.00119138 -0.00289572 -0.00168072 -0.00129617 -0.0012684 -0.00106451 -0.00248706 -0.00153405 -0.0022251 -0.00195408 -0.00155215 -0.00132064 -0.00103473 -0.00230104 -0.00112943 -0.00168956 -0.00123708 -0.000785559 -0.00175544 -0.00161595 -0.00143526 -0.00213891 -0.00121693 -0.00103661 -0.00254102 -0.00165594 -0.00150627 -0.00219959 -0.00174433 -0.00201598 -0.0017311 -0.00163341 -0.00124551 -0.000979063 -0.00163621 -0.00118881 -0.00144625 -0.00135794 -0.00110261 -0.00171501 -0.00161805 -0.00234479 -0.00162973 -0.00179389 -0.00138064 -0.00187538 -0.00124309 -0.000928329 -0.00215994 -0.00167588 -0.00111392 -0.00218358 -0.00144267 -0.00134088 -0.00132829 -0.00145146 -0.00156206 -0.00234896 -0.00177507 -0.00183597 -0.00148502 -0.00232351 -0.00134244 -0.0010982 -0.000975722 -0.00136313 -0.000864249 -0.00179292 -5.43214e-05 -0.00176862 -0.00239373 -0.000812827 -0.00234403 -0.00191236 -0.00197375 -0.00159158 -0.00164924 -0.00171021 -0.00152738 -0.00110827 -0.000913044 0.00241895 0.00217178 
0.00223675 0.00367962 0.00256212 0.127454 0.00231925 0.00220249 0.00272162 0.00138043 0.00182582 -0.00117494 -0.00195953 -0.00113342 -0.00217997 -0.00201206 -0.00237025 -0.00114534 -0.00210401 -0.00164476 -0.00250876 -0.00145246 -0.00214145 -0.00187028 -0.00212145 -0.00268903 -0.00231266 -0.00212386 -0.00213084 -0.00186112 -0.00175209 -0.00152866 -0.00195081 -0.00205123 -0.00141449 -0.00104824 -0.00156069 -0.0018442 -0.00153445 -0.00113548 -0.00121028 -0.00149323 -0.00129825 -0.00121721 -0.00221628 -0.00188536 -0.0012314 -0.00145932 -0.00105709 -0.000739927 -0.00133015 -0.00117985 -0.00186851 -0.00167889 -0.00153313 -0.00224746 -0.00141182 -0.00155901 -0.00160965 -0.000790651 -0.00183539 -0.00100575 -0.00152333 -0.000845105 -0.00195652 -0.00138889 -0.000598328 -0.0024947 -0.00274267 -0.00186396 -0.00202876 -0.00168847 -0.00198317 -0.00216731 -0.00120432 -0.00149516 -0.00105801 -0.00128427 -0.00186006 -0.00126352 -0.000742835 -0.00241557 -0.00173378 -0.00133915 -0.00159127 -0.00123538 -0.00159505 -0.00145136 -0.00170209 -0.00209727 -0.0024183 -0.00191447 -0.00194162 -0.0015536 -0.00153479 -0.00181077 -0.0014321 -0.0011061 -0.0011492 -0.00119781 -0.00220121 0.00184377 
0.00224712 0.00138966 0.00200385 0.00231925 0.123047 0.00201037 0.00229071 0.00257286 0.00126768 0.00244831 -0.00139329 -0.00107587 -0.00181261 -0.00139594 -0.00161663 -0.00311884 -0.00245384 -0.00191089 -0.00193663 -0.00123404 -0.0016779 -0.00229467 -0.00258885 -0.00132326 -0.00184887 -0.00158999 -0.00101231 -0.00130499 -0.00248958 -0.00102693 -0.00169372 -0.00210425 -0.0013571 -0.00192088 -0.00133388 -0.00237384 -0.00165759 -0.00171914 -0.0015047 -0.00200345 -0.00173995 -0.00214741 -0.0017458 -0.00182987 -0.00192381 -0.000609516 -0.00163862 -0.00115005 -0.00081801 -0.00134284 -0.00127404 -0.00183254 -0.00229139 -0.00125925 -0.00145963 -0.00126 -0.000474268 -0.00175005 -0.0017325 -0.00150456 -0.00183165 -0.00154052 -0.00216647 -0.00109559 -0.00154996 -0.00218909 -0.00144545 -0.00168326 -0.00170411 -0.00142713 -0.00152725 -0.001688 -0.00164127 -0.00113884 -0.00152515 -0.00166897 -0.00220905 -0.00175791 -0.000918311 -0.00166519 -0.00122413 -0.00188564 -0.00174524 -0.00129887 -0.00203915 -0.00143336 -0.0017462 -0.00117293 -0.00104714 -0.000815184 -0.0011869 -0.00115308 -0.000978347 -0.00152204 -0.00170813 -0.0012917 -0.000997625 -0.00105669 -0.00128337 -0.00107921 
0.00218268 0.00154944 0.00218045 0.00220249 0.00201037 0.129377 0.0028072 0.00295828 0.00224147 0.00136587 0.00258763 -0.00101953 -0.00123657 -0.00253565 -0.00256061 -0.0025595 -0.00170008 -0.00161624 -0.00140308 -0.0025074 -0.00295139 -0.0018664 -0.00205264 -0.000538071 -0.00295654 -0.00136714 -0.00224802 -0.00164026 -0.00221854 -0.00211 -0.00185822 -0.00185579 -0.00179289 -0.00288741 -0.00190472 -0.00149776 -0.00151953 -0.000730429 -0.00186918 -0.00180373 -0.00195711 -0.00170756 -0.00128262 -0.00207634 -0.00121777 -0.00181287 -0.00153028 -0.00108313 -0.00132451 -0.0016931 -0.00192954 -0.00162337 -0.00197682 -0.00189797 -0.00190893 -0.00168622 -0.00162472 -0.00191891 -0.00178251 -0.00212983 -0.00179391 -0.0021765 -0.00101019 -0.00150974 -0.00135664 -0.00160234 -0.00152767 -0.0010101 -0.00180689 -0.00116465 -0.00110419 -0.00107174 -0.00175165 -0.00134026 -0.00189676 -0.000803628 -0.00187498 -0.00146949 -0.00180388 -0.00167142 -0.00206563 -0.00178337 -0.00125149 -0.00214934 -0.0016904 -0.00121433 -0.00219907 -0.00154481 -0.00187936 -0.00201761 -0.00278651 -0.0015911 -0.00131452 -0.000976041 -0.00124634 -0.00180435 -0.0017291 -0.00137247 -0.00144719 -0.000681496 
-0.00150749 0.00167897 0.0018668 0.00272162 0.00229071 0.0028072 0.132772 0.00218512 0.00214588 0.00276331 0.0011022 0.00225672 -0.00172375 -0.000816868 -0.00226562 -0.00206112 -0.00207821 -0.00283132 -0.000897365 -0.00231842 -0.00254567 -0.00227326 -0.00211942 -0.00176521 -0.00263212 -0.00173876 -0.00259207 -0.0018468 -0.00228649 -0.00206136 -0.00204105 -0.00210718 -0.00189132 -0.00251428 -0.00154914 -0.00164566 -0.000849147 -0.00135508 -0.00145979 -0.00134775 -0.00132134 -0.00174253 -0.00212643 -0.00220124 -0.00181059 -0.0014611 -0.00139122 -0.00198432 -0.00164304 -0.000976432 -0.00135424 -0.00164339 -0.001536 -0.00159673 -0.00126248 -0.00195545 -0.00150961 -0.00140198 -0.0013741 -0.00233444 -0.0018497 -0.00187398 -0.00241875 -0.00173688 -0.00216309 -0.00154191 -0.00193921 -0.0010344 -0.00212189 -0.00168411 -0.000901959 -0.00171018 -0.00169438 -0.00175856 -0.000795496 -0.000849491 -0.00153154 -0.00147638 -0.000488725 -0.00164157 -0.00208054 -0.00116105 -0.00203588 -0.00157465 -0.00250022 -0.00136612 -0.00146661 -0.00235309 -0.00248825 -0.00202198 -0.00116687 -0.00199029 -0.00126517 -0.00149556 -0.00175199 -0.0014307 -0.00197753 -0.00184853 -0.0021296 -0.0015256 
-0.000650345 -0.000915957 0.00213066 0.00138043 0.00257286 0.00295828 0.00218512 0.126296 0.00233865 0.00218948 0.00227748 0.00228351 0.0016387 -0.00216121 -0.00167004 -0.00184811 -0.0016374 -0.00234331 -0.00250476 -0.0014638 -0.00153152 -0.00217151 -0.00189784 -0.00107696 -0.00205907 -0.0018772 -0.00246008 -0.00210386 -0.00155048 -0.000864473 -0.00259493 -0.00227538 -0.00232462 -0.00118769 -0.00162686 -0.00150545 -0.00148423 -0.00171168 -0.00107158 -0.00194963 -0.0020458 -0.0019029 -0.00153362 -0.00137526 -0.00202632 -0.00169087 -0.00209303 -0.0019215 -0.0011615 -0.00110346 -0.00153465 -0.00181643 -0.00183517 -0.00149914 -0.0013203 -0.00183348 -0.000891279 -0.00168214 -0.00219222 -0.00166335 -0.00212861 -0.0020198 -0.00186868 -0.00206012 -0.00120581 -0.00127929 -0.000856932 -0.00145282 -0.001428 -0.00123522 -0.00191464 -0.00113797 -0.00106178 -0.00202878 -0.00163825 -0.00191666 -0.00128793 -0.00180321 -0.0014942 -0.00189599 -0.00184673 -0.00200947 -0.00150379 -0.00154611 -0.00127335 -0.000467278 -0.00165662 -0.00118758 -0.00162369 -0.00180563 -0.00224114 -0.00250343 -0.00170466 -0.00216845 -0.00131953 -0.0022825 -0.00108912 -0.00155376 -0.00209163 -0.00101939 
-0.00109451 -0.00178868 -0.00139576 0.00182582 0.00126768 0.00224147 0.00214588 0.00233865 0.130861 0.0026155 0.00283376 0.00199631 0.00151649 0.00188175 -0.000872791 -0.000761249 -0.00122186 -0.0017115 -0.00171251 -0.00391756 -0.00273832 -0.0025278 -0.0016643 -0.00166259 -0.00155714 -0.00239717 -0.00183665 -0.00186202 -0.00194634 -0.0019296 -0.0017328 -0.00261704 -0.00219073 -0.00204317 -0.00117455 -0.00216787 -0.00144883 -0.00164593 -0.00193816 -0.000892198 -0.00119802 -0.00229985 -0.000734571 -0.00129965 -0.00174671 -0.0020445 -0.000867278 -0.00186998 -0.00121964 -0.00219703 -0.00198945 -0.00163032 -0.00219785 -0.00222981 -0.00174787 -0.000963552 -0.00154007 -0.00127326 -0.00172233 -0.00148123 -0.000839537 -0.00133792 -0.00163038 -0.00164995 -0.000349291 -0.0016844 -0.00148014 -0.00111898 -0.0021187 -0.00171638 -0.00243032 -0.00258151 -0.00304095 -0.00138866 -0.00183824 -0.00166008 -0.00187205 -0.00172705 -0.00212039 -0.00245453 -0.00155 -0.00114203 -0.00180815 -0.00166008 -0.0026258 -0.0015157 -0.000508969 -0.00162377 -0.00112235 -0.000958154 -0.00110528 -0.00108421 -0.00166692 -0.00118298 -0.00154689 -0.0022391 -0.00212267 -0.00257928 -0.00244838 -0.00129175 
-0.00118098 -0.000362356 -0.00162243 -0.00117494 0.00244831 0.00136587 0.00276331 0.00218948 0.0026155 0.129001 0.00261697 0.00221022 0.00199105 0.0027102 -0.00187051 -0.00199827 -0.000987857 -0.00261147 -0.00130192 -0.00246485 -0.00327368 -0.00120258 -0.00170581 -0.00167189 -0.00135983 -0.0015674 -0.00195052 -0.00128428 -0.00150143 -0.000965817 -0.00162532 -0.00265559 -0.00231136 -0.00209627 -0.00187807 -0.00140919 -0.00124183 -0.0014463 -0.000886684 -0.0021922 -0.00162676 -0.00183183 -0.00182906 -0.00203849 -0.00167602 -0.0017915 -0.00136278 -0.00166998 -0.00106425 -0.00185606 -0.00194117 -0.00108587 -0.00102889 -0.00159677 -0.001197 -0.00186534 -0.00152536 -0.00205564 -0.00183518 -0.00142564 -0.0020788 -0.00204713 -0.00216245 -0.00231917 -0.00170042 -0.00151254 -0.00140941 -0.00156876 -0.00115629 -0.00126566 -0.00161887 -0.00254793 -0.00180637 -0.0019377 -0.00193146 -0.00219478 -0.00146295 -0.00139761 -0.00167123 -0.0024385 -0.00176027 -0.00198477 -0.00174673 -0.00152519 -0.00204126 -0.00235682 -0.000500267 -0.00183824 -0.00176884 -0.00193243 -0.00123314 -0.001006 -0.00111975 -0.00118855 -0.00178534 -0.00132477 -0.0016427 -0.0014679 -0.00169888 -0.00165669 
-0.00238921 -0.00203605 -0.00183161 -0.00195953 -0.00139329 0.00258763 0.0011022 0.00227748 0.00283376 0.00261697 0.136067 0.00243613 0.0033037 0.00353615 0.00147808 0.00202913 -0.000569194 -0.00217268 -0.00189966 -0.0025742 -0.0018197 -0.00291923 -0.00220996 -0.00205747 -0.00249862 -0.00161347 -0.0020553 -0.00238636 -0.0027178 -0.00292183 -0.00175782 -0.00124115 -0.00240313 -0.00199017 -0.00136642 -0.00201067 -0.00160748 -0.00139239 -0.0022011 -0.00209307 -0.00156331 -0.00208624 -0.00209299 -0.00188484 -0.00161861 -0.00271558 -0.00183082 -0.00120857 -0.000961064 -0.00217328 -0.00208137 -0.00178742 -0.00190733 -0.00105654 -0.0012368 -0.00127822 -0.00219068 -0.00190234 -0.00246215 -0.00170507 -0.00197901 -0.00258461 -0.00197267 -0.00185411 -0.00179564 -0.0016892 -0.00203726 -0.00110094 -0.00163451 -0.00153334 -0.00195333 -0.00160657 -0.00202306 -0.00104996 -0.00148334 -0.0011234 -0.000892051 -0.00169232 -0.00198959 -0.00230722 4.24135e-05 -0.000965738 -0.00148284 -0.00173645 -0.00160058 -0.00181398 -0.00166087 -0.00191873 -0.00233005 -0.00235988 -0.00192096 -0.000802181 -0.00209103 -0.00141439 -0.000414283 -0.00169586 -0.00133276 -0.0024618 -0.00192421 -0.00225017 
-0.00135889 -0.00181777 -0.00286781 -0.00113342 -0.00107587 -0.00101953 0.00225672 0.00228351 0.00199631 0.00221022 0.00243613 0.135055 0.00346519 0.00223818 0.00244233 0.001551 0.00278464 -0.00128246 -0.00197299 -0.00128194 -0.00179578 -0.00103212 -0.00211003 -0.00277946 -0.00232578 -0.00209086 -0.00235364 -0.00280602 -0.00216996 -0.00185279 -0.00242091 -0.00150222 -0.00214334 -0.00169794 -0.0020869 -0.0020984 -0.000871059 -0.00212414 -0.00193922 -0.0022697 -0.000910566 -0.0017366 -0.00256199 -0.00261055 -0.00216831 -0.00255061 -0.00180747 -0.00133199 -0.000896084 -0.00151667 -0.00166333 -0.00180295 -0.0019246 -0.00197383 -0.00179908 -0.00244833 -0.000818237 -0.00215986 -0.00120991 -0.00202088 -0.00166505 -0.0019092 -0.00163619 -0.00201541 -0.00210523 -0.00222442 -0.00189826 -0.00259308 -0.00116998 -0.00133816 -0.00120096 -0.00139699 -0.00125804 -0.0019905 -0.000522083 -0.00126309 -0.00165142 -0.0018557 -0.001474 -0.00208864 -0.00249917 -0.00200068 -0.00204721 -0.00184205 -0.00183196 -0.00180497 -0.00147356 -0.00213216 -0.00102717 -0.00125557 -0.00185998 -0.00151853 -0.00149269 -0.00237993 -0.00185139 -0.00197762 -0.00121076 -0.00189107 -0.00158479 -0.00158884 
-0.00154091 -0.00168046 -0.000852031 -0.00217997 -0.00181261 -0.00123657 -0.00172375 0.0016387 0.00151649 0.00199105 0.0033037 0.00346519 0.137723 0.00351192 0.00263302 0.0034031 0.00277068 -0.00164126 -0.00254577 -0.00227939 -0.002166 -0.00215124 -0.00168781 -0.00275633 -0.00182423 -0.00246159 -0.00249988 -0.00200271 -0.00225705 -0.00180128 -0.00175872 -0.0014577 -0.00153639 -0.00222995 -0.0025462 -0.00210422 -0.00195528 -0.00151 -0.0021838 -0.00182603 -0.00272887 -0.00245531 -0.00171359 -0.00238186 -0.00127048 -0.000939343 -0.00267177 -0.00100382 -0.000816187 -0.00161536 -0.00111223 -0.00239323 -0.00144181 -0.00202835 -0.00178811 -0.00176826 -0.000996044 -0.00140638 -0.00215476 -0.00173955 -0.00154005 -0.00193112 -0.00223566 -0.00124753 -0.00214548 -0.00170867 -0.00049224 -0.00243584 -0.00157218 -0.00156372 -0.001448 -0.00221792 -0.00133336 -0.00103166 -0.00138208 -0.00203096 -0.00174643 -0.00237482 -0.00135691 -0.00247291 -0.00154576 -0.00223354 -0.00174153 -0.00170799 -0.00160511 -0.00152792 -0.00145409 -0.00122083 -0.000961286 -0.00273808 -0.00258256 -0.00211762 -0.00175261 -0.0020198 -0.00157418 -0.00193517 -0.00124388 -0.00167888 -0.00137907 -0.00203453 
-0.000729884 -0.00127024 -0.00228446 -0.00201206 -0.00139594 -0.00253565 -0.000816868 -0.00216121 0.00188175 0.0027102 0.00353615 0.00223818 0.00351192 0.144599 0.00284354 0.00305568 0.00411764 0.00178094 0.00192614 -0.00109168 -0.00267064 -0.00171873 -0.00218221 -0.00253366 -0.00312218 -0.002969 -0.00251785 -0.00228388 -0.0014681 -0.00224238 -0.00216736 -0.00289281 -0.00197076 -0.00153912 -0.00322254 -0.00256873 -0.00146171 -0.0022286 -0.00209015 -0.00247531 -0.00233987 -0.00141442 -0.00233036 -0.00271109 -0.00174518 -0.00215427 -0.00209994 -0.00170357 -0.00175809 -0.00190729 -0.0010443 -0.00211102 -0.00218661 -0.00140373 -0.00223235 -0.00183006 -0.00178792 -0.00243825 -0.00196418 -0.00196483 -0.000785855 -0.00199157 -0.00224555 -0.00165902 -0.00230038 -0.00171406 -0.00140934 -0.00138681 -0.00234591 -0.00104542 -0.00225751 -0.00185038 -0.00219336 -0.00232221 -0.0020804 -0.00143415 -0.00220404 -0.00185015 -0.00210592 -0.00186653 -0.00237543 -0.000538817 -0.00218644 -0.00154786 -0.00199522 -0.00237545 -0.00142203 -0.00219991 -0.00153759 -0.00160725 -0.00156162 -0.00199689 -0.00134011 -0.0013847 -0.00176078 -0.00207645 -0.00181401 -0.00129824 -0.00294832 -0.00143453 
-0.00152552 -0.00251832 -0.00166583 -0.00237025 -0.00161663 -0.00256061 -0.00226562 -0.00167004 -0.000872791 -0.00187051 0.00147808 0.00244233 0.00263302 0.00284354 0.140801 0.00273942 0.00374751 0.0024423 0.0026856 0.00323508 -0.00199246 -0.00136123 -0.00255941 -0.00122604 -0.00164728 -0.00231233 -0.00287842 -0.00214406 -0.00121525 -0.00224908 -0.00203226 -0.00189648 -0.00239828 -0.00275356 -0.00219893 -0.00211147 -0.00203983 -0.00208557 -0.00169002 -0.00212068 -0.0015182 -0.00123236 -0.00233346 -0.0026732 -0.00176175 -0.00195399 -0.00225957 -0.00142401 -0.00145096 -0.00167506 -0.00157753 -0.00230891 -0.00146927 -0.00157787 -0.00212036 -0.0015668 -0.000671032 -0.00178939 -0.00141276 -0.00137237 -0.00180267 -0.00122004 -0.00204368 -0.00263954 -0.00208594 -0.0023312 -0.00118458 -0.00193683 -0.00136792 -0.0018695 -0.0018127 -0.00192268 -0.0019146 -0.00169525 -0.00209769 -0.00125265 -0.00187435 -0.00198555 -0.00230607 -0.00181469 -0.00249706 -0.00126053 -0.00205741 -0.00195924 -0.00217325 -0.00255123 -0.0019463 -0.00169793 -0.000995509 -0.00147934 -0.00186452 -0.00193738 -0.000645811 -0.00174869 -0.000817694 -0.00229041 -0.00160773 -0.00148702 -0.00173902 -0.00113598 
-0.00248359 -0.00211191 -0.00230212 -0.00114534 -0.00311884 -0.0025595 -0.00206112 -0.00184811 -0.000761249 -0.00199827 0.00202913 0.001551 0.0034031 0.00305568 0.00273942 0.143175 0.00263556 0.00413267 0.0022416 0.00358223 -0.00210867 -0.00254742 -0.00178076 -0.0011463 -0.00228231 -0.00178788 -0.00128146 -0.000805658 -0.001185 -0.00193234 -0.00144838 -0.00236555 -0.00123941 -0.00183816 -0.00242651 -0.0021413 -0.00118087 -0.00238212 -0.00196441 -0.00230155 -0.00178759 -0.0025277 -0.00311642 -0.00172161 -0.000972123 -0.00222031 -0.00277469 -0.00108616 -0.00202314 -0.0023421 -0.000818046 -0.0016075 -0.00217229 -0.00172218 -0.00318063 -0.00244768 -0.00178964 -0.00210282 -0.0026599 -0.00195542 -0.00160834 -0.00249857 -0.00156089 -0.00186411 -0.00193619 -0.00192385 -0.00212095 -0.00251911 -0.00122436 -0.00235957 -0.00177982 -0.00271003 -0.00187156 -0.00117742 -0.00166637 -0.000925562 -0.0012511 -0.00121541 -0.00107034 -0.00120808 -0.00177664 -0.00168228 -0.00155673 -0.00212748 -0.00164493 -0.0024257 -0.0022086 -0.00161851 -0.00164563 -0.00212915 -0.00236079 -0.00165003 -0.00175931 -0.00173368 -0.000916366 -0.00096271 -0.00193286 -0.00212597 -0.00261174 -0.00162054 
-0.00161587 -0.00147536 -0.00214621 -0.00210401 -0.00245384 -0.00170008 -0.00207821 -0.0016374 -0.00122186 -0.000987857 -0.000569194 0.00278464 0.00277068 0.00411764 0.00374751 0.00263556 0.146906 0.00393098 0.0029526 0.00354063 0.00202539 0.00278584 -0.00276931 -0.00214858 -0.00256115 -0.00231238 -0.00304296 -0.00325134 -0.00304857 -0.00307306 -0.00271704 -0.00269315 -0.00222857 -0.00307253 -0.00224466 -0.00226741 -0.00161771 -0.00306295 -0.00216105 -0.00279969 -0.00175088 -0.00159372 -0.00162174 -0.00182884 -0.00196648 -0.00307609 -0.00129465 -0.00168437 -0.00124125 -0.00203356 -0.00257908 -0.0014576 -0.00169018 -0.00214904 -0.00238511 -0.00227316 -0.00220783 -0.00243873 -0.00312286 -0.00213467 -0.00189964 -0.0020103 -0.00193671 -0.00250784 -0.00251209 -0.00277311 -0.000867581 -0.00257976 -0.0019522 -0.00065179 -0.00241677 -0.000960779 -0.00151469 -0.000797565 -0.00168201 -0.000726647 -0.00112986 -0.00207013 -0.00128026 -0.00154771 -0.002439 -0.000896171 -0.00191397 -0.00169638 -0.00118183 -0.0024564 -0.00209337 -0.00176077 -0.00122067 -0.000658834 -0.00282319 -0.0020161 -0.00247882 -0.00171949 -0.0028064 -0.0027719 -0.00170799 -0.00222559 -0.00147061 -0.0024508 
-0.00165142 -0.00151978 -0.00119138 -0.00164476 -0.00191089 -0.00161624 -0.00283132 -0.00234331 -0.0017115 -0.00261147 -0.00217268 -0.00128246 -0.00164126 0.00178094 0.0024423 0.00413267 0.00393098 0.141376 0.00283322 0.00337751 0.00365974 0.0029395 0.00210518 -0.0019194 -0.00260446 -0.00200751 -0.00230913 -0.00241573 -0.00163909 -0.00166889 -0.00195962 -0.00205424 -0.00222177 -0.00310526 -0.00222965 -0.00222857 -0.00192138 -0.00195486 -0.00205584 -0.00193332 -0.00145594 -0.00134267 -0.00216501 -0.00228126 -0.00215224 -0.00260832 -0.0011859 -0.00191012 -0.00112972 -0.00229237 -0.00132695 -0.0012974 -0.00189799 -0.00142697 -0.00267817 -0.00278365 -0.00215546 -0.00248806 -0.00251093 -0.000599399 -0.00231951 -0.00135397 -0.00133083 -0.00198735 -0.00119663 -0.00185694 -0.00149939 -0.00205321 -0.00184083 -0.00159104 -0.00138711 -0.00137884 -0.00133403 -0.00172252 -0.00164969 -0.00150645 -0.00247056 -0.00162391 -0.00178011 -0.0018038 -0.00132526 -0.0026455 -0.00177851 -0.00209248 -0.00191737 -0.00191951 -0.002436 -0.000741686 -0.00169287 -0.00130328 -0.00171945 -0.00222047 -0.00211544 -0.00123699 -0.00261498 -0.00248228 -0.00131006 -0.00204052 -0.00178587 -0.00146745 
-0.00177602 -0.00197752 -0.00289572 -0.00250876 -0.00193663 -0.00140308 -0.000897365 -0.00250476 -0.00171251 -0.00130192 -0.00189966 -0.00197299 -0.00254577 0.00192614 0.0026856 0.0022416 0.0029526 0.00283322 0.153494 0.00408621 0.0034747 0.00380556 0.00273179 -0.00103556 -0.00187304 -0.00245035 -0.00255239 -0.0020261 -0.00197589 -0.00205974 -0.00209199 -0.00175496 -0.0022992 -0.00242806 -0.00205847 -0.00220118 -0.00115041 -0.0018848 -0.00151505 -0.00162132 -0.00214113 -0.00178086 -0.00225569 -0.00175421 -0.00213093 -0.00131667 -0.000825188 -0.00195559 -0.00223938 -0.00171345 -0.00133517 -0.00222343 -0.00181316 -0.0011411 -0.00302479 -0.00243335 -0.00200301 -0.00174607 -0.00164163 -0.00188376 -0.00161208 -0.00178826 -0.00155426 -0.00148196 -0.00196567 -0.00178982 -0.00226457 -0.00210626 -0.00160059 -0.00180882 -0.00304833 -0.00204431 -0.00231657 -0.00232048 -0.00228556 -0.00149688 -0.00220328 -0.00258065 -0.00287275 -0.0017248 -0.00248363 -0.00141744 -0.00240804 -0.00245305 -0.00171914 -0.00189718 -0.00267285 -0.0022025 -0.00201847 -0.0028203 -0.00301956 -0.0019608 -0.00225226 -0.00186414 -0.00242849 -0.00215386 -0.00143215 -0.00207815 -0.00211003 -0.00230321 
-0.00151438 -0.00255338 -0.00168072 -0.00145246 -0.00123404 -0.0025074 -0.00231842 -0.0014638 -0.00391756 -0.00246485 -0.0025742 -0.00128194 -0.00227939 -0.00109168 0.00323508 0.00358223 0.00354063 0.00337751 0.00408621 0.15442 0.00289188 0.00334394 0.00215862 0.0026823 0.00310508 -0.00143498 -0.00191934 -0.00232957 -0.00203135 -0.0029851 -0.00211393 -0.00182408 -0.00269933 -0.001727 -0.00243158 -0.0025844 -0.00184144 -0.00204045 -0.00105308 -0.00296723 -0.00140451 -0.00261522 -0.00186853 -0.00241898 -0.00223775 -0.00269141 -0.00209978 -0.00161007 -0.00214796 -0.00303637 -0.00169682 -0.00246267 -0.000803258 -0.00209956 -0.00225429 -0.00245605 -0.00188552 -0.00221331 -0.00235177 -0.00113604 -0.00217051 -0.00230474 -0.00279283 -0.0016439 -0.00252045 -0.00281572 -0.00173165 -0.00228397 -0.0022938 -0.00201282 -0.00248328 -0.00158375 -0.00253863 -0.00216478 -0.00205482 -0.0020674 -0.00252781 -0.00248065 -0.0024073 -0.00242682 -0.00230884 -0.00177363 -0.00263267 -0.00205283 -0.00138602 -0.000712521 -0.00277959 -0.00208246 -0.00136054 -0.00200252 -0.00178121 -0.00259544 -0.00308614 -0.00246464 -0.00211353 -0.00195356 -0.00172802 -0.00154594 -0.0013928 -0.00155839 
-0.00134644 -0.00198601 -0.00129617 -0.00214145 -0.0016779 -0.00295139 -0.00254567 -0.00153152 -0.00273832 -0.00327368 -0.0018197 -0.00179578 -0.002166 -0.00267064 -0.00199246 -0.00210867 0.00202539 0.00365974 0.0034747 0.00289188 0.157439 0.00357893 0.00372707 0.00238652 0.00300874 0.00203849 -0.00199845 -0.00261081 -0.00199599 -0.00174459 -0.00251244 -0.0025296 -0.00246993 -0.00240403 -0.00157658 -0.00293831 -0.00173224 -0.00293422 -0.00228687 -0.0021208 -0.00213694 -0.00208187 -0.00178373 -0.00224334 -0.00141329 -0.00255321 -0.00228213 -0.00206606 -0.00156648 -0.00144771 -0.00206132 -0.0022788 -0.00207333 -0.00192343 -0.00263625 -0.00235841 -0.0022078 -0.00235758 -0.00194927 -0.00194622 -0.00236368 -0.00193244 -0.00202836 -0.00197363 -0.0022052 -0.00233028 -0.00258559 -0.00167346 -0.00259993 -0.00164959 -0.00240747 -0.00118467 -0.00141689 -0.0021482 -0.001403 -0.00181807 -0.00178808 -0.000855445 -0.0016194 -0.00175024 -0.00200299 -0.00152429 -0.00204677 -0.00180407 -0.00220969 -0.00273065 -0.00257925 -0.00156538 -0.00164037 -0.00155781 -0.00201668 -0.00193967 -0.00277047 -0.00190133 -0.00315167 -0.00169593 -0.000746619 -0.00200777 -0.00217994 -0.00116197 
-0.00160046 -0.0015116 -0.0012684 -0.00187028 -0.00229467 -0.0018664 -0.00227326 -0.00217151 -0.0025278 -0.00120258 -0.00291923 -0.00103212 -0.00215124 -0.00171873 -0.00136123 -0.00254742 0.00278584 0.0029395 0.00380556 0.00334394 0.00357893 0.148699 0.00354977 0.00280906 0.00386038 0.00346554 -0.000813052 -0.00127461 -0.000923188 -0.00138536 -0.00213211 -0.00225126 -0.00304547 -0.00313144 -0.00270341 -0.00244907 -0.00220531 -0.00217133 -0.00126068 -0.00263637 -0.00205774 -0.00112597 -0.00219359 -0.00182143 -0.00179779 -0.00225467 -0.000745053 -0.00238616 -0.00179294 -0.00268512 -0.00128251 -0.00254777 -0.00230974 -0.00231988 -0.00284778 -0.00226915 -0.00235704 -0.00217583 -0.00126141 -0.00178243 -0.00232751 -0.00274226 -0.00115216 -0.00199215 -0.000786102 -0.00288886 -0.00217612 -0.00175791 -0.00239391 -0.00191653 -0.00149916 -0.00165862 -0.0023039 -0.00150721 -0.00271664 -0.00244687 -0.00269067 -0.00333445 -0.00241633 -0.0018376 -0.00200317 -0.00293223 -0.00248718 -0.00227075 -0.00182868 -0.00170053 -0.00131805 -0.00137522 -0.00192926 -0.00103868 -0.00157863 -0.00174718 -0.00275867 -0.00187403 -0.00212951 -0.0017269 -0.0015567 -0.00219782 -0.00181256 -0.00131373 
-0.00164046 -0.000647734 -0.00106451 -0.00212145 -0.00258885 -0.00205264 -0.00211942 -0.00189784 -0.0016643 -0.00170581 -0.00220996 -0.00211003 -0.00168781 -0.00218221 -0.00255941 -0.00178076 -0.00276931 0.00210518 0.00273179 0.00215862 0.00372707 0.00354977 0.14557 0.00301934 0.00241921 0.00308834 0.00211247 -0.00233643 -0.00175851 -0.000996428 -0.00141795 -0.00209468 -0.00239245 -0.00152108 -0.00207254 -0.00183562 -0.00170997 -0.00236601 -0.00202013 -0.00196064 -0.00111169 -0.00180884 -0.00213269 -0.00195571 -0.00147985 -0.00177465 -0.000930709 -0.00114855 -0.00177357 -0.00262336 -0.00227552 -0.00215261 -0.00155382 -0.00189927 -0.00261128 -0.00252557 -0.00290467 -0.00101532 -0.00191725 -0.000872814 -0.00284151 -0.00204967 -0.0012999 -0.00181293 -0.00240325 -0.00181953 -0.00256668 -0.00210467 -0.00263755 -0.00238306 -0.00256069 -0.00173496 -0.00138297 -0.00139561 -0.00175967 -0.00187435 -0.00126984 -0.00213595 -0.00117133 -0.00203135 -0.00211186 -0.00147217 -0.002154 -0.00200086 -0.00219349 -0.00230742 -0.00224982 -0.00197536 -0.00149506 -0.00214122 -0.00194079 -0.0016597 -0.00166863 -0.00192868 -0.00252543 -0.00108314 -0.00108603 -0.00185384 -0.0021517 -0.00149417 
-0.00289067 -0.0016747 -0.00248706 -0.00268903 -0.00132326 -0.000538071 -0.00176521 -0.00107696 -0.00166259 -0.00167189 -0.00205747 -0.00277946 -0.00275633 -0.00253366 -0.00122604 -0.0011463 -0.00214858 -0.0019194 -0.00103556 0.0026823 0.00238652 0.00280906 0.00301934 0.141081 0.00305407 0.00271068 0.00290074 0.00238654 -0.00237989 -0.00266586 -0.00176556 -0.0013649 -0.00170252 -0.0023902 -0.00203458 -0.00145949 -0.0021695 -0.00199468 -0.00196424 -0.00264914 -0.00192298 -0.00234704 -0.00208649 -0.00172611 -0.00235575 -0.00222116 -0.0014912 -0.00235778 -0.00138898 -0.00197128 -0.00197697 -0.00170813 -0.00211935 -0.00157677 -0.00103259 -0.00169317 -0.00140873 -0.00216877 -0.00119864 -0.00167781 -0.0020994 -0.000336157 -0.00147652 -0.00120779 -0.00164678 -0.00159945 -0.00140321 -0.00224519 -0.00148452 -0.00183412 -0.0018461 -0.00194202 -0.00210218 -0.00153564 -0.00127215 -0.00128549 -0.00113501 -0.00150989 -0.00199402 -0.00215716 -0.00175275 -0.00190108 -0.00178643 -0.00173479 -0.00239628 -0.00179851 -0.00265111 -0.00169231 -0.00241257 -0.00151773 -0.00164019 -0.00161439 -0.00194744 -0.00137632 -0.00143527 -0.00159756 -0.00143297 -0.000580208 -0.00160837 -0.00168907 
-0.0019265 -0.00266473 -0.00153405 -0.00231266 -0.00184887 -0.00295654 -0.00263212 -0.00205907 -0.00155714 -0.00135983 -0.00249862 -0.00232578 -0.00182423 -0.00312218 -0.00164728 -0.00228231 -0.00256115 -0.00260446 -0.00187304 0.00310508 0.00300874 0.00386038 0.00241921 0.00305407 0.148587 0.00312067 0.0031886 0.00283872 0.00173909 0.00271531 -0.000670325 -0.00146399 -0.00210454 -0.00253682 -0.0023086 -0.00182967 -0.00213022 -0.00223337 -0.00282819 -0.00275782 -0.00254612 -0.00209448 -0.000995661 -0.00288114 -0.00110336 -0.00190279 -0.00166692 -0.00119614 -0.00133956 -0.000516541 -0.00163562 -0.00213685 -0.00180937 -0.00277172 -0.00168211 -0.00187996 -0.00149194 -0.00249897 -0.00176308 -0.000855836 -0.00168334 -0.0022676 -0.00201433 -0.00153508 -0.00147675 -0.00223211 -0.00185386 -0.00211556 -0.0030936 -0.00261962 -0.0014169 -0.00182608 -0.00232768 -0.00154863 -0.00220033 -0.0022591 -0.00244049 -0.00203933 -0.00263669 -0.00221736 -0.00219691 -0.0027457 -0.00176548 -0.00114203 -0.00181854 -0.00263565 -0.00204543 -0.00138657 -0.00191544 -0.00196849 -0.00143066 -0.00195635 -0.0018194 -0.00235668 -0.0015698 -0.00196925 -0.0019676 -0.00202213 -0.00210307 -0.00179473 
-0.00225567 -0.00176146 -0.0022251 -0.00212386 -0.00158999 -0.00136714 -0.00173876 -0.0018772 -0.00239717 -0.0015674 -0.00161347 -0.00209086 -0.00246159 -0.002969 -0.00231233 -0.00178788 -0.00231238 -0.00200751 -0.00245035 -0.00143498 0.00203849 0.00346554 0.00308834 0.00271068 0.00312067 0.141247 0.00321553 0.0034175 0.00277522 0.00261527 0.00268749 -0.00104157 -0.00169006 -0.00131226 -0.00181369 -0.0025488 -0.00177849 -0.00173662 -0.00186153 -0.00188635 -0.00244793 -0.00217684 -0.00220474 -0.00252391 -0.0020434 -0.00230022 -0.00195488 -0.00152617 -0.00150144 -0.00177926 -0.00208156 -0.00223053 -0.00201567 -0.00265294 -0.00180185 -0.00171157 -0.00231116 -0.00117839 -0.00218276 -0.00177087 -0.00171509 -0.00172208 -0.00215604 -0.00121574 -0.00220775 -0.00234315 -0.00193906 -0.00218843 -0.00249438 -0.00282958 -0.00271477 -0.00155218 -0.00205362 -0.00145736 -0.001096 -0.00119543 -0.00145797 -0.00146206 -0.00147729 -0.00186113 -0.00239734 -0.00196579 -0.000710475 -0.00189099 -0.00247353 -0.00249634 -0.00170884 -0.00161799 -0.00129463 -0.00230229 -0.00137015 -0.00177355 -0.00201571 -0.00144805 -0.0016356 -0.00195744 -0.00255805 -0.00141418 -0.00212842 -0.00167353 
-0.00076825 -0.0015851 -0.00195408 -0.00213084 -0.00101231 -0.00224802 -0.00259207 -0.00246008 -0.00183665 -0.00195052 -0.0020553 -0.00235364 -0.00249988 -0.00251785 -0.00287842 -0.00128146 -0.00304296 -0.00230913 -0.00255239 -0.00191934 -0.00199845 -0.000813052 0.00211247 0.00290074 0.0031886 0.00321553 0.143653 0.00300124 0.00364534 0.00234954 0.00253975 0.00262279 -0.00110323 -0.00146324 -0.00218138 -0.00075505 -0.00253165 -0.00280901 -0.00206452 -0.00231818 -0.00294268 -0.00230572 -0.00198519 -0.00242155 -0.00227765 -0.0019683 -0.00161329 -0.00230709 -0.0011702 -0.00272435 -0.00150687 -0.000932558 -0.0027515 -0.00149903 -0.00170659 -0.00222305 -0.0012025 -0.00210408 -0.00165905 -0.00208881 -0.000489293 -0.00178894 -0.00157906 -0.00163221 -0.000930452 -0.00232522 -0.00180213 -0.00218666 -0.00231937 -0.00232556 -0.00155632 -0.00146376 -0.00272377 -0.000979837 -0.00214353 -0.00109848 -0.00192444 -0.00172905 -0.00234788 -0.00293719 -0.00159649 -0.00250737 -0.00139057 -0.00174858 -0.00140432 -0.00206504 -0.00276388 -0.00124798 -0.00154106 -0.000520501 -0.00140586 -0.00198642 -0.000922462 -0.00211978 -0.00166769 -0.0022249 -0.00142122 -0.00136855 -0.00226741 -0.00139915 
-0.00188146 -0.00202425 -0.00155215 -0.00186112 -0.00130499 -0.00164026 -0.0018468 -0.00210386 -0.00186202 -0.00128428 -0.00238636 -0.00280602 -0.00200271 -0.00228388 -0.00214406 -0.000805658 -0.00325134 -0.00241573 -0.0020261 -0.00232957 -0.00261081 -0.00127461 -0.00233643 0.00238654 0.00283872 0.0034175 0.00300124 0.136679 0.00249726 0.00249953 0.00344132 0.00276696 0.00250686 -0.00096287 -0.0018616 -0.00151453 -0.00162732 -0.00282197 -0.00237933 -0.0017989 -0.00216164 -0.00204985 -0.0024064 -0.00230208 -0.00261505 -0.00188124 -0.00163102 -0.00209405 -0.0018012 -0.0013467 -0.00149015 -0.00178975 -0.00200876 -0.00212991 -0.00155257 -0.000811571 -0.00236581 -0.00207498 -0.00216259 -0.00181079 -0.00205068 -0.00159861 -0.00193245 -0.001837 -0.00170913 -0.00206979 -0.00164314 -0.00281258 -0.00276561 -0.00189228 -0.000506409 -0.00113682 -0.00143663 -0.00138556 -0.00135014 -0.00105887 -0.00075901 -0.00151686 -0.00204179 -0.00171767 -0.000753867 -0.00214051 -0.00131464 -0.00110919 -0.00194115 -0.000979232 -0.00117534 -0.00120672 -0.00185157 -0.00186396 -0.00130316 -0.00191427 -0.00120297 -0.00231427 -0.00148274 -0.00233048 -0.00209766 -0.0018844 -0.00107517 -0.00138593 
-0.00206606 -0.00166235 -0.00132064 -0.00175209 -0.00248958 -0.00221854 -0.00228649 -0.00155048 -0.00194634 -0.00150143 -0.0027178 -0.00216996 -0.00225705 -0.0014681 -0.00121525 -0.001185 -0.00304857 -0.00163909 -0.00197589 -0.00203135 -0.00199599 -0.000923188 -0.00175851 -0.00237989 0.00173909 0.00277522 0.00364534 0.00249726 0.135153 0.0032873 0.00331976 0.00221319 0.00203853 0.00272505 -0.00220791 -0.000805876 -0.00158947 -0.002159 -0.000791787 -0.00269367 -0.00190392 -0.0015346 -0.00123682 -0.00174705 -0.00177094 -0.00276557 -0.00191416 -0.00190814 -0.00215853 -0.00224394 -0.00192363 -0.00177486 -0.00182106 -0.00129301 -0.00169162 -0.00140426 -0.00180963 -0.0025737 -0.00101028 -0.00123509 -0.00127303 -0.00141191 -0.00134165 -0.000997317 -0.00130425 -0.00122414 -0.00153565 -0.00156103 -0.00190325 -0.00153294 -0.00160739 -0.00193098 -0.00156262 -0.00178487 -0.0016725 -0.00251951 -0.00251203 -0.00145313 -0.00206271 -0.0013914 -0.00184778 -0.00232483 -0.00178027 -0.00183041 -0.00238119 -0.00200437 -0.00122603 -0.00102825 -0.00172609 -0.00177741 -0.00132331 -0.00128097 -0.00203035 -0.00211512 -0.00120545 -0.00226982 -0.00187403 -0.00181454 -0.00190982 -0.00153359 
-0.0015511 -0.00183163 -0.00103473 -0.00152866 -0.00102693 -0.00211 -0.00206136 -0.000864473 -0.0019296 -0.000965817 -0.00292183 -0.00185279 -0.00180128 -0.00224238 -0.00224908 -0.00193234 -0.00307306 -0.00166889 -0.00205974 -0.0029851 -0.00174459 -0.00138536 -0.000996428 -0.00266586 0.00271531 0.00261527 0.00234954 0.00249953 0.0032873 0.135035 0.00386802 0.00168901 0.00272836 0.00230242 -0.00207182 -0.00163924 -0.00203479 -0.00159756 -0.00126114 -0.00166449 -0.00172519 -0.00217338 -0.0014459 -0.00225466 -0.0022189 -0.0011487 -0.000913907 -0.00133313 -0.00185784 -0.00179328 -0.00168915 -0.00203714 -0.00213822 -0.00146133 -0.00172665 -0.00259468 -0.00174326 -0.00147007 -0.00164908 -0.00143657 -0.00215975 -0.00193205 -0.00148543 -0.00169083 -0.00122847 -0.00178279 -0.00104796 -0.000798381 -0.00153526 -0.00237269 -0.00173479 -0.00214191 -0.00189834 -0.00187212 -0.00136206 -0.00222081 -0.00138605 -0.00219304 -0.00165905 -0.00216889 -0.00192797 -0.0028214 -0.00153101 -0.00141659 -0.00179606 -0.00181078 -0.00209411 -0.00160716 -0.00146176 -0.00215749 -0.00153136 -0.00192509 -0.00123419 -0.00216421 -0.0011981 -0.00204667 -0.00212328 -0.00138952 -0.00118366 -0.00143549 
-0.000804129 -0.000956878 -0.00230104 -0.00195081 -0.00169372 -0.00185822 -0.00204105 -0.00259493 -0.0017328 -0.00162532 -0.00175782 -0.00242091 -0.00175872 -0.00216736 -0.00203226 -0.00144838 -0.00271704 -0.00195962 -0.00209199 -0.00211393 -0.00251244 -0.00213211 -0.00141795 -0.00176556 -0.000670325 0.00268749 0.00253975 0.00344132 0.00331976 0.00386802 0.134547 0.00268466 0.00225763 0.00336611 0.00226262 0.00224459 -0.00199023 -0.00205474 -0.00163944 -0.00144204 -0.00185772 -0.00187382 -0.00199754 -0.00180176 -0.00161536 -0.00211226 -0.00214212 -0.00111454 -0.00239213 -0.00139052 -0.00268999 -0.002462 -0.00261837 -0.00115086 -0.00111665 -0.00209947 -0.00123275 -0.00173483 -0.00230189 -0.00144995 -0.00259171 -0.00220351 -0.00149915 -0.0023014 -0.00162101 -0.00170074 -0.00233919 -0.0019465 -0.00134286 -0.00108681 -0.00142255 -0.00187004 -0.00196563 -0.00112617 -0.00196953 -0.00315106 -0.00263949 -0.00158641 -0.00247454 -0.00198863 -0.00176677 -0.00228694 -0.00113017 -0.00161282 -0.00226606 -0.00203612 -0.00202747 -0.00175531 -0.00181456 -0.00176627 -0.00155507 -0.00134686 -0.00103089 -0.00221945 -0.00122048 -0.00130836 -0.00130804 -0.00161299 -0.00183004 -0.00169115 
-0.00196462 -0.00131178 -0.00112943 -0.00205123 -0.00210425 -0.00185579 -0.00210718 -0.00227538 -0.00261704 -0.00265559 -0.00124115 -0.00150222 -0.0014577 -0.00289281 -0.00189648 -0.00236555 -0.00269315 -0.00205424 -0.00175496 -0.00182408 -0.0025296 -0.00225126 -0.00209468 -0.0013649 -0.00146399 -0.00104157 0.00262279 0.00276696 0.00221319 0.00168901 0.00268466 0.134465 0.00304267 0.00257565 0.00221715 0.00212475 0.00146805 -0.0013511 -0.00197231 -0.00155298 -0.00137404 -0.00177723 -0.00186788 -0.00158932 -0.00133259 -0.000483114 -0.00123193 -0.00143111 -0.00150067 -0.00162439 -0.00158749 -0.00140784 -0.00209865 -0.0015674 -0.00200488 -0.00187419 -0.00165942 -0.00129479 -0.00199172 -0.00153461 -0.00130066 -0.00185017 -0.00173703 -0.00190398 -0.00179426 -0.00166888 -0.00197162 -0.00101882 -0.00154969 -0.00228026 -0.00143296 -0.000867523 -0.00184472 -0.00121741 -0.0015397 -0.00231116 -0.00144966 -0.00116447 -0.00221363 -0.00227325 -0.00182442 -0.00144825 -0.00127648 -0.00236752 -0.00243802 -0.002603 -0.00141068 -0.00151526 -0.00221551 -0.00283963 -0.00156778 -0.00268106 -0.00227684 -0.00206236 -0.0014497 -0.00143366 -0.00147232 -0.00135799 -0.00128203 -0.00234739 
-0.0018759 -0.00202268 -0.00168956 -0.00141449 -0.0013571 -0.00179289 -0.00189132 -0.00232462 -0.00219073 -0.00231136 -0.00240313 -0.00214334 -0.00153639 -0.00197076 -0.00239828 -0.00123941 -0.00222857 -0.00222177 -0.0022992 -0.00269933 -0.00246993 -0.00304547 -0.00239245 -0.00170252 -0.00210454 -0.00169006 -0.00110323 0.00250686 0.00203853 0.00272836 0.00225763 0.00304267 0.132013 0.00281303 0.00249697 0.0030345 0.0017447 0.00251197 -0.00154696 -0.000979592 -0.00138005 -0.000865543 -0.00144888 -0.000585141 -0.00248545 -0.00148773 -0.00191603 -0.00153337 -0.00205306 -0.00206604 -0.00143773 -0.00168137 -0.00167852 -0.00188706 -0.00206398 -0.00216935 -0.00160151 -0.00151099 -0.00182897 -0.00185778 -0.0012595 -0.00139173 -0.000750679 -0.00177002 -0.00162114 -0.0024462 -0.00115781 -0.00230134 -0.0010936 -0.00135602 -0.00211608 -0.00158152 -0.00223771 -0.00197929 -0.00155668 -0.00160533 -0.00200309 -0.00172701 -0.00192311 -0.0019842 -0.000948783 -0.00150747 -0.00183006 -0.00152267 -0.00185768 -0.00146121 -0.00152223 -0.000617372 -0.00194304 -0.00223991 -0.00148167 -0.00116607 -0.00168602 -0.00206688 -0.000953496 -0.0023426 -0.00263426 -0.00111715 -0.00203476 -0.00180848 
