0.126285 0.0025633 0.00228658 0.00221148 0.00153171 0.00172999 -0.00145501 -0.00134668 -0.00225656 -0.00103323 -0.00174409 -0.00141313 -0.00263977 -0.00206212 -0.000868835 -0.00240409 -0.00183202 -0.00208777 -0.00212467 -0.00329481 -0.00162447 -0.00286802 -0.00327766 -0.0020043 -0.0013778 -0.00158051 -0.00199212 -0.0018081 -0.00133351 -0.00208582 -0.00096216 -0.00202502 -0.00203424 -0.00141168 -0.00148065 -0.00222577 -0.00188413 -0.00153623 -0.00184793 -0.00119304 -0.000834649 -0.00134934 -0.00062011 -0.00197719 -0.001542 -0.00206157 -0.00180327 -0.00143207 -0.00142495 -0.00145502 -0.0014863 -0.00111029 -0.00133019 -0.00150769 -0.00232593 -0.00153094 -0.00197647 -0.0010413 -0.00147207 -0.00140707 -0.00148542 -0.00131004 -0.00170074 -0.00133221 -0.00121056 -0.00127723 -0.00178991 -0.00117854 -0.00132257 -0.000908982 -0.00180766 -0.000952497 -0.00186385 -0.00145851 -0.00153193 -0.0018285 -0.00165002 -0.00120757 -0.00184901 -0.00154849 -0.00155552 -0.0021159 -0.000604407 -0.00198953 -0.00182216 -0.00165844 -0.00163598 -0.00109857 -0.00196959 -0.00139998 -0.00138576 -0.000995404 -0.00142815 -0.00191227 -0.00081355 -0.00093149 0.00123663 0.00258347 0.00262717 0.00228011 
0.0025633 0.123221 0.00186842 0.0026432 0.00194169 0.00187771 0.00186067 -0.00142213 -0.00144021 -0.00177047 -0.00140948 -0.00174123 -0.00170931 -0.00284379 -0.00145061 -0.0013716 -0.00248424 -0.00182051 -0.00178489 -0.00170576 -0.00171275 -0.00214123 -0.00235542 -0.000694504 -0.00155159 -0.00228128 -0.000984054 -0.00133223 -0.00163772 -0.00194616 -0.00236327 -0.00125036 -0.00108478 -0.00185001 -0.00171592 -0.00158643 -0.00118556 -0.00119544 -0.00230946 -0.00156158 -0.00138047 -0.00101244 -0.00176 -0.00146767 -0.000978057 -0.00170999 -0.00152046 -0.00143503 -0.00162809 -0.00128074 -0.00163806 -0.0011628 -0.00162174 -0.00151172 -0.00176271 -0.00124777 -0.00229746 -0.000748568 -0.00127535 -0.00182969 -0.00147835 -0.00206314 -0.00151723 -0.00132403 -0.00153519 -0.00162684 -0.00106243 -0.0017814 -0.00123976 -0.00264731 -0.00186328 -0.000770052 -0.00160733 -0.00203627 -0.000587611 -0.00107596 -0.00159308 -0.00128658 -0.00179219 -0.000789662 -0.000900003 -0.00197422 -0.00157323 -0.00163195 -0.00147177 -0.00146289 -0.00194231 -0.00176957 -0.00204364 -0.00212726 -0.00109258 -0.00196923 -0.00154173 -0.00120481 -0.00131491 -0.00209782 -0.000806864 0.00175651 0.00200779 0.00182533 
0.00228658 0.00186842 0.120222 0.00193715 0.00202211 0.00250774 0.0022251 0.00181847 -0.00111083 -0.0017685 -0.000698872 -0.00206053 -0.00179985 -0.00134144 -0.00152988 -0.00265056 -0.0023225 -0.0022429 -0.00193199 -0.0023603 -0.00220696 -0.00214201 -0.00162257 -0.00126941 -0.00157654 -0.00263718 -0.00178722 -0.00206261 -0.00161855 -0.0010048 -0.00157094 -0.00119399 -0.000735009 -0.00182286 -0.00125085 -0.00055848 -0.0012759 -0.00131729 -0.00175648 -0.0013701 -0.00106711 -0.00128352 -0.00226012 -0.00111845 -0.00143963 -0.00130418 -0.00108326 -0.00131675 -0.00165726 -0.00178413 -0.0016873 -0.00154197 -0.00149899 -0.00148532 -0.000859386 -0.000715405 -0.00235119 -0.000999438 -0.000963251 -0.00146336 -0.00109507 -0.0021045 -0.00119206 -0.00140202 -0.00144313 -0.00187789 -0.0017115 -0.000881276 -0.00211723 -0.00148726 -0.00147414 -0.000882054 -0.00153005 -0.00116752 -0.00193524 -0.00239902 -0.00110392 -0.00151316 -0.00221211 -0.00128438 -0.00157833 -0.00133025 -0.00161379 -0.001721 -0.00156915 -0.00134234 -0.00147428 -0.00148298 -0.00214099 -0.00195002 -0.00174591 -0.00114734 -0.00168656 -0.00180072 -0.00127704 -0.00134764 -0.00103116 -0.00126667 0.00189931 0.00201077 
0.00221148 0.0026432 0.00193715 0.122082 0.002044 0.00162923 0.00219675 0.00149417 0.00196986 -0.000758256 -0.00171955 -0.000804154 -0.00226366 -0.00190504 -0.00181749 -0.00201901 -0.0021591 -0.00178666 -0.00226654 -0.00196071 -0.00218242 -0.00192223 -0.0017462 -0.0021309 -0.00153992 -0.00179924 -0.00162949 -0.00184142 -0.00221372 -0.00227933 -0.00159798 -0.000659612 -0.00153394 -0.00234907 -0.00177525 -0.00151739 -0.00132274 -0.00131292 -0.00129994 -0.000906127 -0.00139427 -0.000979274 -0.00182943 -0.0017996 -0.0021179 -0.00102726 -0.00202158 -0.00148989 -0.000892921 -0.00138221 -0.00113833 -0.000860578 -0.00188798 -0.00220059 -0.00191971 -0.00164717 -0.00171749 -0.0012875 -0.00214521 -0.00159422 -0.000675325 -0.00090378 -0.00115718 -0.0019021 -0.00134045 -0.00165027 -0.00176734 -0.00151529 -0.00181776 -0.00157378 -0.0018083 -0.00113573 -0.00238518 -0.00104184 -0.000999241 -0.00155409 -0.00177161 -0.0011781 -0.00181058 -0.00143466 -0.00164549 -0.00111624 -0.00162242 -0.00163332 -0.00136099 -0.00123663 -0.00171566 -0.00123916 -0.0024 -0.00122808 -0.00120045 -0.00149098 -0.00108918 -0.0016144 -0.00126837 -0.00132335 -0.00159256 -0.00124736 -0.000302972 0.00189581 
0.00153171 0.00194169 0.00202211 0.002044 0.12996 0.00253893 0.0024838 0.00195568 0.00144148 0.00235258 -0.00111119 -0.00150787 -0.00159976 -0.00145506 -0.00152615 -0.00152464 -0.00252107 -0.00144343 -0.0024834 -0.00262258 -0.00183306 -0.00249246 -0.00171711 -0.00206999 -0.000892531 -0.00210865 -0.000769279 -0.00213745 -0.00271485 -0.00178056 -0.00217861 -0.00201388 -0.00245912 -0.00227759 -0.002167 -0.00167619 -0.00178366 -0.00123789 -0.00211291 -0.00222991 -0.0019091 -0.0021829 -0.00237609 -0.00136467 -0.00188157 -0.000628862 -0.00152953 -0.00141362 -0.0014905 -0.000997665 -0.00175802 -0.0013558 -0.00189341 -0.000477603 -0.00213684 -0.00137619 -0.00202618 -0.00186249 -0.00144275 -0.00117739 -0.000761999 -0.00163575 -0.00158788 -0.00244944 -0.00122662 -0.00166935 -0.00192444 -0.00217174 -0.00101415 -0.00203845 -0.00148678 -0.00171643 -0.00176215 -0.0013932 -0.000664277 -0.00224007 -0.00169792 -0.00136711 -0.00163904 -0.00146969 -0.00154352 -0.00207021 -0.00153566 -0.00167051 -0.00118378 -0.00139599 -0.00113808 -0.00120751 -0.00202322 -0.000994044 -0.00107747 -0.00120621 -0.00134309 -0.00211333 -0.00101254 -0.00133772 -0.00175868 -0.00145007 -0.00144211 -0.00112318 
0.00172999 0.00187771 0.00250774 0.00162923 0.00253893 0.128184 0.00171954 0.00210369 0.00212355 0.00263659 0.00197736 -0.00118114 -0.00109024 -0.00151346 -0.00138619 -0.00173675 -0.00186825 -0.00123193 -0.0017281 -0.001375 -0.00230424 -0.00232862 -0.00262733 -0.0017916 -0.00166587 -0.00300341 -0.00110751 -0.0029441 -0.00211307 -0.0025503 -0.000899318 -0.00160284 -0.0014277 -0.00207723 -0.00179991 -0.00183251 -0.00118347 -0.00224871 -0.00166784 -0.0013482 -0.00133273 -0.00206336 -0.00188347 -0.00163987 -0.00262248 -0.00137718 -0.00153556 -0.00150165 -0.00167803 -0.0020961 -0.0017076 -0.00289744 -0.00131663 -0.0022323 -0.00201317 -0.00128103 -0.00148322 -0.00109933 -0.00136665 -0.0020291 -0.00180188 -0.00160795 -0.00113723 -0.00116945 -0.00185113 -0.00131558 -0.00176706 -0.00130123 -0.00111015 -0.00198364 -0.00122429 -0.00104274 -0.00196679 -0.00227001 -0.00129064 -0.00162856 -0.00204377 -0.00186565 -0.00133244 -0.00210943 -0.00181114 -0.00195468 -0.0018161 -0.00168421 -0.00244754 -0.00152659 -0.00200053 -0.00167002 -0.00215978 -0.00147359 -0.00119774 -0.000853328 -0.00096962 -0.00132144 -0.00104674 -0.00140308 -0.00157617 -0.00100758 -0.000782702 -0.00171462 
-0.00145501 0.00186067 0.0022251 0.00219675 0.0024838 0.00171954 0.13187 0.00276066 0.00286781 0.00280423 0.00178913 0.00278948 -0.00164797 -0.000355017 -0.00181059 -0.0016482 -0.00260579 -0.00193534 -0.00208554 -0.0024522 -0.00204202 -0.00233021 -0.00279737 -0.0020377 -0.00275422 -0.00254764 -0.00212792 -0.00183347 -0.00281969 -0.0022953 -0.002721 -0.000993711 -0.000918525 -0.00258253 -0.00139445 -0.00212025 -0.00185516 -0.00151594 -0.0015227 -0.0017583 -0.00209937 -0.00205187 -0.00233463 -0.00179463 -0.00169495 -0.000828172 -0.00199097 -0.00158149 -0.00105803 -0.00123924 -0.00078508 -0.00162157 -0.00133354 -0.00113908 -0.00116176 -0.00158516 -0.00142499 -0.00137115 -0.0017398 -0.00209004 -0.00212484 -0.00110122 -0.00162596 -0.00164744 -0.00171083 -0.00208445 -0.00152851 -0.00139259 -0.00248477 -0.00239509 -0.00238474 -0.0024051 -0.00141461 -0.00194418 -0.00231792 -0.00131981 -0.00170394 -0.00165008 -0.00185052 -0.000340422 -0.00215588 -0.000913718 -0.00198159 -0.00103816 -0.00148847 -0.00179214 -0.00210475 -0.00158666 -0.00183383 -0.00102068 -0.00133239 -0.00208209 -0.00120897 -0.00227125 -0.000873454 -0.00168257 -0.00194168 -0.00105692 -0.0014099 -0.00227603 
-0.00134668 -0.00142213 0.00181847 0.00149417 0.00195568 0.00210369 0.00276066 0.128186 0.00311581 0.00208533 0.001279 0.00284804 0.00147348 -0.00103186 -0.0021503 -0.00235154 -0.0017377 -0.00148317 -0.00157131 -0.00241494 -0.00161209 -0.00146616 -0.0015437 -0.00247918 -0.002093 -0.00198362 -0.00172081 -0.00190816 -0.00133254 -0.00204077 -0.00166285 -0.00194565 -0.00152887 -0.00238482 -0.00162119 -0.00193882 -0.00171624 -0.00218217 -0.00192698 -0.00180009 -0.00209847 -0.002379 -0.00171245 -0.00133155 -0.0017661 -0.00234251 -0.00185728 -0.00137212 -0.00152175 -0.00214962 -0.0019546 -0.00170652 -0.00157373 -0.00198067 -0.00130357 -0.00172368 -0.00199993 -0.00153448 -0.00136147 -0.00108045 -0.00217667 -0.00163038 -0.000744326 -0.00112637 -0.00254949 -0.00135883 -0.00133102 -0.00130178 -0.0013896 -0.00151641 -0.0021163 -0.00143283 -0.000928726 -0.00189915 -0.00152803 -0.00181197 -0.00156303 -0.00133768 -0.00120482 -0.00101505 -0.00157296 -0.00233686 -0.00134294 -0.00157437 -0.00136598 -0.00107032 -0.00149218 -0.00126423 -0.00176499 -0.00151719 -0.00196678 -0.00208206 -0.00160457 -0.00164729 -0.0013255 -0.00132597 -0.00104536 -0.00195906 -0.00197209 -0.00177952 
-0.00225656 -0.00144021 -0.00111083 0.00196986 0.00144148 0.00212355 0.00286781 0.00311581 0.129229 0.00232359 0.00196744 0.00296724 0.0027666 0.00230741 -0.00190804 -0.00131265 -0.00226132 -0.00211896 -0.00229273 -0.00254959 -0.00290059 -0.00106081 -0.00220375 -0.00202973 -0.00242924 -0.00259015 -0.00214062 -0.0020589 -0.00233657 -0.00149434 -0.00240356 -0.00247504 -0.00150232 -0.00174562 -0.00176422 -0.001827 -0.00135754 -0.00225562 -0.00150482 -0.00121918 -0.00165229 -0.00110477 -0.00130908 -0.00174409 -0.00174258 -0.00101009 -0.00162923 -0.00191403 -0.00140342 -0.00196167 -0.000462103 -0.00218339 -0.000573625 -0.000999743 -0.00195077 -0.00239458 -0.00245189 -0.00130656 -0.00208243 -0.00148789 -0.00184213 -0.000910066 -0.00126239 -0.00152553 -0.00134771 -0.00240144 -0.00149331 -0.00170799 -0.00137585 -0.00247472 -0.00195178 -0.00130852 -0.00186011 -0.0015789 -0.00176146 -0.00173443 -0.00171231 -0.00166939 -0.0015321 -0.00190372 -0.00176297 -0.00147384 -0.00139664 -0.00147931 -0.00194651 -0.00220809 -0.00184395 -0.00203015 -0.000619844 -0.00131621 -0.00157481 -0.00173362 -0.00100006 -0.00221278 -0.00143363 -0.000941873 -0.00127762 -0.00166231 -0.00184756 -0.00204974 
-0.00103323 -0.00177047 -0.0017685 -0.000758256 0.00235258 0.00263659 0.00280423 0.00208533 0.00232359 0.13078 0.00293757 0.00261198 0.00219212 0.00231214 -0.00133996 -0.00196821 -0.00167077 -0.00162542 -0.00198971 -0.00175921 -0.00108222 -0.00201061 -0.00270222 -0.00156743 -0.00236014 -0.00198697 -0.00223304 -0.00199274 -0.00231637 -0.00144245 -0.00272346 -0.00271816 -0.00147493 -0.00236296 -0.00196974 -0.00165558 -0.00218465 -0.00131604 -0.00136671 -0.0017645 -0.00109284 -0.00198601 -0.00136227 -0.00188596 -0.00175755 -0.00179543 -0.00133647 -0.00151285 -0.0014031 -0.00164876 -0.00112385 -0.00180652 -0.00145223 -0.00191275 -0.00138279 -0.00143137 -0.00186682 -0.00190259 -0.00244519 -0.00138915 -0.00248465 -0.000932637 -0.00151398 -0.00149878 -0.00209093 -0.00165244 -0.00182832 -0.00211982 -0.0022997 -0.00222116 -0.00173564 -0.0016267 -0.00146232 -0.00119536 -0.00198024 -0.00107956 -0.00228276 -0.00109913 -0.00172005 -0.00169704 -0.00103819 -0.000478032 -0.000872741 -0.00190497 -0.00121354 -0.000338692 -0.00192821 -0.0014273 -0.00182912 -0.00143034 -0.00144863 -0.00281938 -0.000930343 -0.00214299 -0.00170083 -0.00150112 -0.00223672 -0.00297524 -0.00210648 -0.000783399 
-0.00174409 -0.00140948 -0.000698872 -0.00171955 -0.00111119 0.00197736 0.00178913 0.001279 0.00196744 0.00293757 0.136694 0.00261289 0.00276262 0.00171298 0.00141938 0.00181966 -0.00204241 -0.00212533 -0.00215484 -0.00307442 -0.00142622 -0.00166582 -0.00166415 -0.00097485 -0.0022262 -0.00112048 -0.00194591 -0.00251955 -0.00187988 -0.00197704 -0.00230468 -0.00226327 -0.00203771 -0.0018826 -0.00148965 -0.00239516 -0.00226063 -0.00222653 -0.00251222 -0.00174626 -0.00135664 -0.0024856 -0.00207229 -0.00176894 -0.001784 -0.0015476 -0.0017258 -0.00109949 -0.00150963 -0.00177559 -0.00139122 -0.00193882 -0.00126037 -0.00216843 -0.00153645 -0.0015506 -0.0019303 -0.00146395 -0.00164826 -0.00109323 -0.00136494 -0.00191522 -0.00311833 -0.00103005 -0.00254384 -0.00210594 -0.00224669 -0.00213991 -0.00199773 -0.0019305 -0.00170201 -0.00129628 -0.00204902 -0.0014758 -0.00186324 -0.00157786 -0.00160065 -0.00181394 -0.00176916 -0.00164613 -0.00140977 -0.00133024 -0.00161622 -0.00171884 -0.00197273 -0.000296086 -0.00206047 -0.00221644 -0.00152337 -0.00179853 -0.00132287 -0.00195088 -0.00186406 -0.00225181 -0.00195003 -0.00186413 -0.00110592 -0.000503188 -0.00219876 -0.00112422 
-0.00141313 -0.00174123 -0.00206053 -0.000804154 -0.00150787 -0.00118114 0.00278948 0.00284804 0.00296724 0.00261198 0.00261289 0.139244 0.00245427 0.00259106 0.00131107 0.0021791 0.00194761 -0.00260065 -0.00124997 -0.00296772 -0.00200388 -0.00263314 -0.00266026 -0.00244958 -0.0027375 -0.00222473 -0.00204005 -0.0019711 -0.00327456 -0.00138306 -0.00293741 -0.0025972 -0.00150739 -0.00274905 -0.00198398 -0.00218386 -0.00174491 -0.00159722 -0.00163627 -0.00226588 -0.00174649 -0.00145808 -0.00190504 -0.00225715 -0.00140333 -0.000471557 -0.00142853 -0.001245 -0.0023404 -0.00184263 -0.00196488 -0.00182827 -0.00194012 -0.00217741 -0.00147595 -0.00176037 -0.000914071 -0.00124805 -0.00154368 -0.00196987 -0.00226348 -0.00174133 -0.000805214 -0.00163839 -0.00153923 -0.00291178 -0.00175695 -0.00246726 -0.00156631 -0.00205398 -0.00134395 -0.00165014 -0.00163512 -0.00214382 -0.000817946 -0.00130694 -0.00145866 -0.00132424 -0.00225876 -0.00215598 -0.00175319 -0.00164472 -0.00196564 -0.000672776 -0.00184838 -0.00174223 -0.00181662 -0.00149868 -0.00222666 -0.00189598 -0.00233845 -0.00216554 -0.00178049 -0.00137221 -0.00122401 -0.00211413 -0.00161919 -0.0020844 -0.00223985 -0.00168587 
-0.00263977 -0.00170931 -0.00179985 -0.00226366 -0.00159976 -0.00109024 -0.00164797 0.00147348 0.0027666 0.00219212 0.00276262 0.00245427 0.128781 0.0017761 0.00234713 0.00141823 0.0033064 -0.00171456 -0.00160872 -0.00150384 -0.00109213 -0.00138294 -0.0026871 -0.00295523 -0.00312663 -0.00298267 -0.00228029 -0.00172051 -0.00240732 -0.00181331 -0.00214586 -0.00213334 -0.00222744 -0.00155099 -0.000961932 -0.00249252 -0.0023113 -0.00204363 -0.00165748 -0.00151675 -0.00172364 -0.00279853 -0.00108839 -0.00114814 -0.00156037 -0.0014721 -0.00103276 -0.00163712 -0.00163264 -0.00190832 -0.00207383 -0.00234579 -0.00150193 -0.00208314 -0.00123579 -0.0021967 -0.00203376 -0.00229629 -0.00215836 -0.00122792 -0.00121652 -0.00169092 -0.00111476 -0.0010558 -0.00163378 -0.00159661 -0.0003803 -0.0010035 -0.000893672 -0.00152736 -0.00144356 -0.00160281 -0.00144254 -0.00140827 -0.00179038 -0.00116152 -0.00119265 -0.00100385 -0.00257389 -0.000661574 -0.000923169 -0.00124105 -0.00118821 -0.00146923 -0.00108574 -0.000569438 -0.00153555 -0.000752095 -0.00100798 -0.00105094 -0.00102966 -0.00174297 -0.00155941 -0.00102814 -0.000996698 -0.00217335 -0.00184145 -0.00219929 -0.0025726 -0.00269435 
-0.00206212 -0.00284379 -0.00134144 -0.00190504 -0.00145506 -0.00151346 -0.000355017 -0.00103186 0.00230741 0.00231214 0.00171298 0.00259106 0.0017761 0.139498 0.00235645 0.00205505 0.00217373 0.00325454 0.00217414 -0.00221525 -0.00149567 -0.00119126 -0.0024167 -0.00330533 -0.00225718 -0.00200089 -0.00198501 -0.00263729 -0.00163131 -0.00101928 -0.00197861 -0.0017833 -0.00169398 -0.00117608 -0.0015764 -0.00204855 -0.00172698 -0.00237451 -0.00280883 -0.00170854 -0.00185536 -0.00172057 -0.00223612 -0.00212987 -0.00133611 -0.00150158 -0.00165489 -0.00129122 -0.001636 -0.00191846 -0.00166347 -0.00262031 -0.00157334 -0.00150288 -0.00222201 -0.00187895 -0.00196522 -0.000814676 -0.00165863 -0.00104087 -0.00194052 -0.00253483 -0.00168261 -0.00237768 -0.00235191 -0.00194174 -0.00161616 -0.00225487 -0.00213831 -0.00151311 -0.000865379 -0.00263151 -0.00244137 -0.00232433 -0.00198843 -0.00135887 -0.00114247 -0.00146041 -0.00267542 -0.00192046 -0.00169704 -0.00170825 -0.00192923 -0.00170053 -0.000902016 -0.0016437 -0.00252012 -0.00188705 -0.00170415 -0.00222536 -0.00212788 -0.00176648 -0.00156054 -0.00158925 -0.000913366 -0.00171092 -0.00235851 -0.00210926 -0.00141192 -0.00182662 
-0.000868835 -0.00145061 -0.00152988 -0.00181749 -0.00152615 -0.00138619 -0.00181059 -0.0021503 -0.00190804 -0.00133996 0.00141938 0.00131107 0.00234713 0.00235645 0.143807 0.00306387 0.00323686 0.00442613 0.00304133 0.00213692 -0.00132469 -0.000579904 -0.0012821 -0.00254215 -0.00204353 -0.00258107 -0.00182312 -0.00238536 -0.00165533 -0.00235395 -0.00308366 -0.00248294 -0.00161406 -0.00153423 -0.000477273 -0.00183585 -0.00212397 -0.00205214 -0.00205956 -0.00190723 -0.00184163 -0.00160761 -0.00153575 -0.00293465 -0.00129213 -0.00182886 -0.00170212 -0.00239503 -0.00200827 -0.00164718 -0.00214174 -0.00228584 -0.00148843 -0.00100405 -0.00230556 -0.00199347 -0.00231798 -0.00217658 -0.00137039 -0.00150392 -0.00263713 -0.00215289 -0.00232508 -0.00146427 -0.00208408 -0.00348949 -0.00223349 -0.00248351 -0.000663768 -0.00262674 -0.00223061 -0.00206657 -0.00226443 -0.0026919 -0.00208643 -0.0027634 -0.00124162 -0.00180873 -0.00262091 -0.00167623 -0.0013543 -0.00155243 -0.00185268 -0.00132032 -0.00203031 -0.00106936 -0.00149566 -0.00128738 -0.00162264 -0.00182224 -0.00148409 -0.00144872 -0.00180844 -0.00154515 -0.00179537 -0.00236066 -0.00235788 -0.00144625 -0.0016058 -0.00136412 
-0.00240409 -0.0013716 -0.00265056 -0.00201901 -0.00152464 -0.00173675 -0.0016482 -0.00235154 -0.00131265 -0.00196821 0.00181966 0.0021791 0.00141823 0.00205505 0.00306387 0.137074 0.00311478 0.00325686 0.00169039 0.00173849 -0.00221123 -0.0015844 -0.00200535 -0.00227835 -0.00248982 -0.0026907 -0.00167309 -0.00211566 -0.00151391 -0.00307714 -0.00191257 -0.00266838 -0.0011563 -0.00233113 -0.00163604 -0.00196256 -0.00163081 -0.00268031 -0.00138351 -0.00116493 -0.00225579 -0.00137143 -0.00191029 -0.00120893 -0.00160703 -0.00134855 -0.000755038 -0.0014582 -0.00148028 -0.00198333 -0.00133815 -0.00136082 -0.00188389 -0.00188565 -0.00197284 -0.00159773 -0.00155295 -0.00222537 -0.0017977 -0.00222935 -0.00168992 -0.00174601 -0.000898759 -0.00176651 -0.00186584 -0.00210019 -0.000864803 -0.00248769 -0.00147833 -0.00284969 -0.00177826 -0.0013788 -0.00165209 -0.00148524 -0.000839899 -0.00194897 -0.00126928 -0.00247998 -0.00106002 -0.00171296 -0.00150001 -0.00129077 -0.00154173 -0.00190272 -0.00111887 -0.00186427 -0.00201045 -0.00135658 -0.00117326 -0.00143616 -0.00176688 -0.00183828 -0.00222421 -0.000491865 -0.00172699 -0.0018706 -0.000831722 -0.0015702 -0.00171903 -0.00244556 
-0.00183202 -0.00248424 -0.0023225 -0.0021591 -0.00252107 -0.00186825 -0.00260579 -0.0017377 -0.00226132 -0.00167077 -0.00204241 0.00194761 0.0033064 0.00217373 0.00323686 0.00311478 0.145764 0.00367614 0.00456577 0.00348936 0.00240864 0.002881 -0.00142452 -0.00258955 -0.00148017 -0.0027016 -0.00332889 -0.0021451 -0.00270933 -0.00227794 -0.0021035 -0.00163044 -0.00258518 -0.00155671 -0.00144705 -0.00140843 -0.00300201 -0.00113496 -0.00267267 -0.00178298 -0.002475 -0.00200045 -0.00148425 -0.00275549 -0.00176784 -0.00240298 -0.000833563 -0.00152284 -0.00279137 -0.00215049 -0.00217866 -0.00195022 -0.0022348 -0.00201568 -0.00207678 -0.00148183 -0.00258717 -0.00135362 -0.00235602 -0.00242289 -0.00195659 -0.00215885 -0.00182817 -0.00218425 -0.00195704 -0.00230804 -0.00128981 -0.00186085 -0.00206866 -0.00216329 -0.00193699 -0.00287612 -0.00112082 -0.00235272 -0.00112154 -0.00194831 -0.00201688 -0.00124206 -0.00137539 -0.00228526 -0.00139995 -0.00229735 -0.000759643 -0.00193027 -0.00206394 -0.00239427 -0.00151361 -0.00259586 -0.00154056 -0.00183194 -0.00187537 -0.00148145 -0.000788858 -0.0019088 -0.00115373 -0.00221083 -0.00215501 -0.00135964 -0.00190183 -0.00302161 
-0.00208777 -0.00182051 -0.0022429 -0.00178666 -0.00144343 -0.00123193 -0.00193534 -0.00148317 -0.00211896 -0.00162542 -0.00212533 -0.00260065 -0.00171456 0.00325454 0.00442613 0.00325686 0.00367614 0.145731 0.0030046 0.00273642 0.00185145 0.00203366 0.00318825 -0.00138253 -0.00264188 -0.0010297 -0.00243676 -0.00329346 -0.00145829 -0.00196511 -0.00148404 -0.00147889 -0.00255663 -0.00309672 -0.00126318 -0.00213946 -0.000762926 -0.00238159 -0.00185832 -0.0025932 -0.00230512 -0.00223781 -0.00310448 -0.00161079 -0.000782467 -0.00178131 -0.00192997 -0.0023029 -0.00239875 -0.00238013 -0.0020494 -0.00177882 -0.00164103 -0.00075278 -0.0015863 -0.00215623 -0.00224619 -0.00200353 -0.00306818 -0.00250931 -0.00233913 -0.00174363 -0.000966168 -0.00135777 -0.00187941 -0.00192449 -0.0022731 -0.00286885 -0.00185004 -0.00181896 -0.00161054 -0.00206027 -0.00235987 -0.00173209 -0.0022387 -0.000985373 -0.00143896 -0.00174249 -0.000982233 -0.00175139 -0.0020899 -0.00259439 -0.00224351 -0.00144228 -0.0018794 -0.00179207 -0.00233249 -0.00127834 -0.00170319 -0.00188895 -0.00226985 -0.00225801 -0.00166992 -0.00164121 -0.00170048 -0.00121286 -0.00198665 -0.00231666 -0.0017002 -0.00257078 
-0.00212467 -0.00178489 -0.00193199 -0.00226654 -0.0024834 -0.0017281 -0.00208554 -0.00157131 -0.00229273 -0.00198971 -0.00215484 -0.00124997 -0.00160872 0.00217414 0.00304133 0.00169039 0.00456577 0.0030046 0.147516 0.00265988 0.00332344 0.00218615 0.00354872 -0.00216777 -0.000821229 -0.00326276 -0.00251225 -0.00250291 -0.00356521 -0.00230946 -0.00278173 -0.00301312 -0.00240376 -0.00244692 -0.00179501 -0.000962061 -0.00178814 -0.0016554 -0.00169481 -0.000831459 -0.00315925 -0.00150324 -0.00348421 -0.00200273 -0.00180069 -0.00200741 -0.00145345 -0.00197596 -0.00153584 -0.00176374 -0.0022464 -0.00177334 -0.00308647 -0.00242949 -0.00149997 -0.0023179 -0.00119643 -0.00186565 -0.00219861 -0.00252693 -0.00131854 -0.0016642 -0.00163106 -0.00199383 -0.000959282 -0.00135419 -0.00162327 -0.00225118 -0.0031545 -0.00166378 -0.00194455 -0.00275713 -0.00268826 -0.000957916 -0.00155229 -0.00261809 -0.00259256 -0.000786471 -0.00135857 -0.000723234 -0.00192709 -0.000714796 -0.00120695 -0.00208813 -0.00247799 -0.00199025 -0.00216372 -0.000794782 -0.00208832 -0.000687927 -0.00160701 -0.00130435 -0.0021662 -0.00261736 -0.00202749 -0.00175675 -0.00197137 -0.0016953 -0.00129531 -0.00192252 
-0.00329481 -0.00170576 -0.0023603 -0.00196071 -0.00262258 -0.001375 -0.0024522 -0.00241494 -0.00254959 -0.00175921 -0.00307442 -0.00296772 -0.00150384 -0.00221525 0.00213692 0.00173849 0.00348936 0.00273642 0.00265988 0.148722 0.00343373 0.00293515 0.00310843 0.00318061 0.00321372 -0.00179524 -0.00280915 -0.00283955 -0.00196887 -0.00252402 -0.00244047 -0.0027803 -0.00219435 -0.00139957 -0.00171685 -0.001906 -0.00273105 -0.00128105 -0.00187586 -0.0022747 -0.00266436 -0.00168399 -0.00226686 -0.00258996 -0.0027754 -0.00227825 -0.00174741 -0.00186057 -0.00316021 -0.00194391 -0.00228291 -0.00266913 -0.00229487 -0.00191107 -0.0012781 -0.00150949 -0.00245081 -0.00138466 -0.00111909 -0.00146476 -0.00180205 -0.00208806 -0.00210847 -0.00162717 -0.00219002 -0.0011665 -0.00177512 -0.00113936 -0.00176179 -0.00194209 -0.00215984 -0.00212085 -0.00260767 -0.0012451 -0.00213171 -0.00116628 -0.00123593 -0.00147988 -0.00226783 -0.0015155 -0.00208692 -0.0019796 -0.00214102 -0.00209107 -0.00183979 -0.00173974 -0.00148882 -0.00129218 -0.000940923 -0.00302243 -0.00124514 -0.00192043 -0.00158503 -0.00216389 -0.00138502 -0.00111935 -0.00139053 -0.00183694 -0.00247631 -0.00194876 
-0.00162447 -0.00171275 -0.00220696 -0.00218242 -0.00183306 -0.00230424 -0.00204202 -0.00161209 -0.00290059 -0.00108222 -0.00142622 -0.00200388 -0.00109213 -0.00149567 -0.00132469 -0.00221123 0.00240864 0.00185145 0.00332344 0.00343373 0.14476 0.00264246 0.00378869 0.0025554 0.00215876 0.00267346 -0.00163477 -0.0023656 -0.0017387 -0.00220413 -0.00166098 -0.0019257 -0.00282847 -0.00210021 -0.00147037 -0.00163633 -0.00130669 -0.00199696 -0.00209612 -0.00199577 -0.00160153 -0.00108358 -0.00128501 -0.00109648 -0.0013142 -0.00162919 -0.00204115 -0.001947 -0.00218413 -0.00273412 -0.00194366 -0.00189873 -0.00197482 -0.001242 -0.00227899 -0.00245154 -0.00273045 -0.00158656 -0.00163179 -0.00112239 -0.00201494 -0.000874108 -0.00174128 -0.00220405 -0.00213993 -0.0012201 -0.00161 -0.00141374 -0.00209291 -0.00128721 -0.00183413 -0.0016956 -0.00233531 -0.00231463 -0.00152298 -0.00213768 -0.00223411 -0.00170153 -0.00198033 -0.00276206 -0.000810632 -0.001528 -0.00142704 -0.00215119 -0.00151451 -0.00178322 -0.002751 -0.00138902 -0.0023051 -0.00196461 -0.00234572 -0.00255996 -0.00191524 -0.0026297 -0.00224978 -0.00191077 -0.00252011 -0.00163286 -0.00299217 -0.0023058 
-0.00286802 -0.00214123 -0.00214201 -0.00192223 -0.00249246 -0.00232862 -0.00233021 -0.00146616 -0.00106081 -0.00201061 -0.00166582 -0.00263314 -0.00138294 -0.00119126 -0.000579904 -0.0015844 0.002881 0.00203366 0.00218615 0.00293515 0.00264246 0.140152 0.00268181 0.00356826 0.00267854 0.00308372 -0.00156451 -0.00183351 -0.00201575 -0.0016118 -0.00156893 -0.00200138 -0.00232196 -0.00296193 -0.00113582 -0.00234175 -0.00193001 -0.0021554 -0.00188982 -0.00194984 -0.0018239 -0.00140877 -0.00149725 -0.000736044 -0.00129283 -0.00171625 -0.001181 -0.00259075 -0.00162807 -0.00194909 -0.00164644 -0.00179931 -0.0021572 -0.00146876 -0.00176439 -0.00252072 -0.00177911 -0.00234214 -0.0019996 -0.00136532 -0.00161145 -0.00224532 -0.000835389 -0.00185753 -0.00190272 -0.00205781 -0.00244607 -0.00226588 -0.00199787 -0.00156081 -0.00109253 -0.00187909 -0.00171131 -0.00156521 -0.00205877 -0.00147431 -0.0016563 -0.00172232 -0.00120809 -0.00178401 -0.00124753 -0.00151213 -0.00167761 -0.00225801 -0.00271713 -0.0013951 -0.001857 -0.00227173 -0.00140801 -0.00120711 -0.00093672 -0.00234587 -0.00254568 -0.00165848 -0.00125481 -0.00234417 -0.00245084 -0.00164342 -0.00238023 -0.00304869 
-0.00327766 -0.00235542 -0.00162257 -0.0017462 -0.00171711 -0.00262733 -0.00279737 -0.0015437 -0.00220375 -0.00270222 -0.00166415 -0.00266026 -0.0026871 -0.0024167 -0.0012821 -0.00200535 -0.00142452 0.00318825 0.00354872 0.00310843 0.00378869 0.00268181 0.150038 0.00231067 0.00303922 0.00227743 0.00244558 -0.00225316 -0.00229972 -0.00192689 -0.00285372 -0.00218209 -0.00182126 -0.00265825 -0.00258253 -0.0018132 -0.00170543 -0.00161934 -0.00153671 -0.00216134 -0.00125443 -0.00154492 -0.00256149 -0.00228687 -0.00175215 -0.00239568 -0.00182527 -0.00268072 -0.00130563 -0.00151585 -0.00222248 -0.00173819 -0.00179405 -0.00127454 -0.00247766 -0.00253742 -0.00143161 -0.00177879 -0.00129323 -0.00136929 -0.00171058 -0.00115629 -0.00139692 -0.00186883 -0.00130042 -0.00181372 -0.00328936 -0.00289061 -0.00239032 -0.00122528 -0.00185492 -0.00235609 -0.000794612 -0.00126212 -0.00217539 -0.00169268 -0.00214553 -0.00118839 -0.00272832 -0.00208515 -0.00199865 -0.00225216 -0.00146058 -0.00185593 -0.00217933 -0.00199735 -0.00248368 -0.00218267 -0.00221198 -0.00217254 -0.000739605 -0.00190326 -0.00188721 -0.00289 -0.00105022 -0.00268508 -0.00213997 -0.00101072 -0.00208612 -0.000727093 
-0.0020043 -0.000694504 -0.00126941 -0.0021309 -0.00206999 -0.0017916 -0.0020377 -0.00247918 -0.00202973 -0.00156743 -0.00097485 -0.00244958 -0.00295523 -0.00330533 -0.00254215 -0.00227835 -0.00258955 -0.00138253 -0.00216777 0.00318061 0.0025554 0.00356826 0.00231067 0.139966 0.00217977 0.00220091 0.00186232 0.0024951 -0.00127998 -0.00183999 -0.00229998 -0.00142586 -0.00205003 -0.0019856 -0.00175265 -0.00239167 -0.00224513 -0.00144236 -0.00204661 -0.00181827 -0.00194018 -0.000897115 -0.000673583 -0.00179956 -0.00089247 -0.0016002 -0.00152201 -0.00150804 -0.00158958 -0.00136638 -0.00112846 -0.00165443 -0.00211018 -0.000851056 -0.0020419 -0.00251953 -0.00189311 -0.00228781 -0.00160224 -0.00181982 -0.000956946 -0.00226663 -0.00172441 -0.00144269 -0.0022415 -0.00159381 -0.00132155 -0.00158213 -0.00285233 -0.00143687 -0.000783333 -0.00200193 -0.00205074 -0.00203818 -0.00101492 -0.00167632 -0.00130584 -0.000656617 -0.00142644 -0.00113855 -0.00226533 -0.00198143 -0.00144279 -0.00136426 -0.00186653 -0.00180016 -0.00202577 -0.00154115 -0.000465794 -0.00211344 -0.00235549 -0.0020631 -0.00175848 -0.00255732 -0.00122385 -0.00233202 -0.00122205 -0.00207923 -0.00146267 -0.0018908 
-0.0013778 -0.00155159 -0.00157654 -0.00153992 -0.000892531 -0.00166587 -0.00275422 -0.002093 -0.00242924 -0.00236014 -0.0022262 -0.0027375 -0.00312663 -0.00225718 -0.00204353 -0.00248982 -0.00148017 -0.00264188 -0.000821229 0.00321372 0.00215876 0.00267854 0.00303922 0.00217977 0.147211 0.00243004 0.00240614 0.00249162 0.00300613 0.00213532 -0.00129444 -0.0017092 -0.0025087 -0.00203044 -0.00183348 -0.00238195 -0.00146565 -0.00265566 -0.00158263 -0.00263516 -0.00278541 -0.00186604 -0.00281825 -0.00234267 -0.00145656 -0.00213975 -0.00176627 -0.00214231 -0.00181265 -0.00265865 -0.000574857 -0.00232291 -0.00236811 -0.00169853 -0.00203698 -0.00266397 -0.00186002 -0.00177828 -0.00073949 -0.00238417 -0.00114659 -0.00207376 -0.00206904 -0.00224847 -0.00178419 -0.00236099 -0.00137553 -0.00197269 -0.00186208 -0.00237264 -0.00108998 -0.00238486 -0.0027655 -0.00259257 -0.00199671 -0.00146522 -0.00121078 -0.0014695 -0.00253086 -0.00187418 -0.000953956 -0.00136204 -0.00157088 -0.0014511 -0.00143488 -0.00185946 -0.00203978 -0.00106699 -0.00139438 -0.00201517 -0.00224782 -0.00133436 -0.00247419 -0.00301366 -0.00227121 -0.00150965 -0.00145589 -0.00202907 -0.00289558 -0.00154632 
-0.00158051 -0.00228128 -0.00263718 -0.00179924 -0.00210865 -0.00300341 -0.00254764 -0.00198362 -0.00259015 -0.00198697 -0.00112048 -0.00222473 -0.00298267 -0.00200089 -0.00258107 -0.0026907 -0.0027016 -0.0010297 -0.00326276 -0.00179524 0.00267346 0.00308372 0.00227743 0.00220091 0.00243004 0.144073 0.00346505 0.00259685 0.00420976 0.00285271 0.00290929 -0.000541033 -0.00164421 -0.000776835 -0.00244122 -0.0027259 -0.00134876 -0.0015911 -0.00172564 -0.0023842 -0.00214179 -0.00202156 -0.00156664 -0.00187096 -0.00166249 -0.0017507 -0.00193204 -0.00152156 -0.00220393 -0.00206089 -0.00116678 -0.00198101 -0.00277987 -0.00154376 -0.00166222 -0.00178401 -0.00146175 -0.00166413 -0.00188285 -0.00188273 -0.00223734 -0.00138069 -0.00205976 -0.00211871 -0.00169445 -0.00239608 -0.00308221 -0.000731897 -0.00231626 -0.00263472 -0.00232696 -0.00131357 -0.00203819 -0.00206111 -0.00155634 -0.00196861 -0.00207702 -0.00158781 -0.00183851 -0.00212805 -0.00224566 -0.00207387 -0.00202605 -0.00158818 -0.002248 -0.00193645 -0.00216064 -0.00118093 -0.00198657 -0.00212134 -0.00130868 -0.000651957 -0.00171011 -0.00219325 -0.00216564 -0.00241049 -0.0010664 -0.00147118 -0.00224906 -0.00180009 
-0.00199212 -0.000984054 -0.00178722 -0.00162949 -0.000769279 -0.00110751 -0.00212792 -0.00172081 -0.00214062 -0.00223304 -0.00194591 -0.00204005 -0.00228029 -0.00198501 -0.00182312 -0.00167309 -0.00332889 -0.00243676 -0.00251225 -0.00280915 -0.00163477 -0.00156451 0.00244558 0.00186232 0.00240614 0.00346505 0.140068 0.0028015 0.00241682 0.00247458 0.0025346 0.00201242 -0.00176369 -0.0023826 -0.00192444 -0.00174338 -0.00251541 -0.00156543 -0.00168202 -0.00153696 -0.002345 -0.00148764 -0.00178488 -0.00121549 -0.00276596 -0.00209257 -0.00136082 -0.00160622 -0.00160284 -0.00183224 -0.00177223 -0.00166351 -0.00164986 -0.00208957 -0.00190975 -0.00131406 -0.00161644 -0.00210697 -0.0016489 -0.00152624 -0.000835872 -0.00184419 -0.00166209 -0.00162125 -0.0014838 -0.00254428 -0.0021382 -0.00157673 -0.0017608 -0.0025577 -0.000588518 -0.000651921 -0.00236714 -0.00254638 -0.0018391 -0.00235618 -0.00156714 -0.000808179 -0.0023047 -0.00277955 -0.00175295 -0.00211391 -0.00220486 -0.0023499 -0.00159587 -0.00266042 -0.00222301 -0.00202617 -0.00100941 -0.00188464 -0.00142353 -0.00188157 -0.000812617 -0.00232139 -0.00166589 -0.00162267 -0.000263303 -0.000847446 -0.00177639 -0.00118618 
-0.0018081 -0.00133223 -0.00206261 -0.00184142 -0.00213745 -0.0029441 -0.00183347 -0.00190816 -0.0020589 -0.00199274 -0.00251955 -0.0019711 -0.00172051 -0.00263729 -0.00238536 -0.00211566 -0.0021451 -0.00329346 -0.00250291 -0.00283955 -0.0023656 -0.00183351 -0.00225316 0.0024951 0.00249162 0.00259685 0.0028015 0.13991 0.00291351 0.00299105 0.00334462 0.0023466 0.00146808 -0.00237875 -0.00133746 -0.00116545 -0.002254 -0.00152931 -0.00190095 -0.00207492 -0.00228382 -0.0019234 -0.00243727 -0.00230884 -0.00117011 -0.00128096 -0.00155234 -0.00184026 -0.00185501 -0.00140061 -0.00135848 -0.00188762 -0.00198476 -0.00114068 -0.001827 -0.00138979 -0.00077721 -0.00144041 -0.00153819 -0.0017808 -0.00143539 -0.00138781 -0.00172829 -0.0019464 -0.00136152 -0.00158805 -0.00244072 -0.00217993 -0.00115727 -0.00142974 -0.00118937 -0.00138708 -0.00148474 -0.00137072 -0.00206385 -0.00189283 -0.00155027 -0.00213649 -0.00139334 -0.00174737 -0.00175193 -0.000270044 -0.00187322 -0.00155912 -0.000962822 -0.00190794 -0.00106509 -0.00129078 -0.00243169 -0.00260095 -0.0019058 -0.00193794 -0.00153211 -0.00208706 -0.00188168 -0.00154298 -0.00138805 -0.00173281 -0.00258812 -0.00185723 
-0.00133351 -0.00163772 -0.00161855 -0.00221372 -0.00271485 -0.00211307 -0.00281969 -0.00133254 -0.00233657 -0.00231637 -0.00187988 -0.00327456 -0.00240732 -0.00163131 -0.00165533 -0.00151391 -0.00270933 -0.00145829 -0.00356521 -0.00196887 -0.0017387 -0.00201575 -0.00229972 -0.00127998 0.00300613 0.00420976 0.00241682 0.00291351 0.138204 0.00232017 0.00302644 0.0027357 0.00251622 0.00234606 -0.00138698 -0.00221848 -0.0014491 -0.00200184 -0.0010183 -0.0024721 -0.00207758 -0.0011847 -0.00205237 -0.00220296 -0.00250786 -0.00183287 -0.00202056 -0.0018659 -0.00188718 -0.00128191 -0.00160686 -0.00186715 -0.00155251 -0.00196301 -0.00212147 -0.00169784 -0.000218579 -0.0018415 -0.00189369 -0.00181596 -0.00134413 -0.0016909 -0.00306941 -0.00192968 -0.00159621 -0.000839457 -0.00220887 -0.00159624 -0.002121 -0.00241049 -0.00198047 -0.00208217 -0.00190778 -0.00245658 -0.00173222 -0.00170818 -0.0012572 -0.00223469 -0.00117971 -0.00144708 -0.000951925 -0.00127181 -0.00109995 -0.00148998 -0.00182775 -0.00103417 -0.00167763 -0.00168021 -0.00129035 -0.00194687 -0.00147467 -0.00174381 -0.00130976 -0.00146084 -0.00195026 -0.00186674 -0.00147682 -0.00169437 -0.00170521 -0.00207559 
-0.00208582 -0.00194616 -0.0010048 -0.00227933 -0.00178056 -0.0025503 -0.0022953 -0.00204077 -0.00149434 -0.00144245 -0.00197704 -0.00138306 -0.00181331 -0.00101928 -0.00235395 -0.00307714 -0.00227794 -0.00196511 -0.00230946 -0.00252402 -0.00220413 -0.0016118 -0.00192689 -0.00183999 0.00213532 0.00285271 0.00247458 0.00299105 0.00232017 0.134258 0.0034671 0.00233635 0.00192822 0.00301598 -0.000873953 -0.000914962 -0.00204735 -0.000775684 -0.0012178 -0.00122742 -0.0017826 -0.00120295 -0.0019837 -0.00180576 -0.00177391 -0.00092494 -0.00165674 -0.00235191 -0.00213391 -0.00156105 -0.00223648 -0.00118208 -0.00191887 -0.00194032 -0.0019485 -0.00260265 -0.00170076 -0.00170365 -0.00212887 -0.00186921 -0.00201519 -0.00123404 -0.0012494 -0.00182683 -0.00156046 -0.00196997 -0.00175107 -0.0020218 -0.00128098 -0.00163671 -0.00214021 -0.0015078 -0.00196932 -0.0022221 -0.00204427 -0.00111056 -0.00167959 -0.00133914 -0.00191359 -0.000820119 -0.00153774 -0.00168047 -0.00181941 -0.00168671 -0.00143317 -0.00102325 -0.00130033 -0.00205607 -0.000991916 -0.00202843 -0.00237812 -0.00186655 -0.00123806 -0.00126157 -0.00187358 -0.00207627 -0.00176377 -0.00137415 -0.00234631 -0.00208131 
-0.00096216 -0.00236327 -0.00157094 -0.00159798 -0.00217861 -0.000899318 -0.002721 -0.00166285 -0.00240356 -0.00272346 -0.00230468 -0.00293741 -0.00214586 -0.00197861 -0.00308366 -0.00191257 -0.0021035 -0.00148404 -0.00278173 -0.00244047 -0.00166098 -0.00156893 -0.00285372 -0.00229998 -0.00129444 0.00290929 0.0025346 0.00334462 0.00302644 0.0034671 0.136533 0.0031561 0.00248943 0.00302081 0.00256657 0.00222024 -0.00102817 -0.00109023 -0.00230032 -0.00109752 -0.0022695 -0.00201766 -0.00208878 -0.00167182 -0.00198268 -0.000614575 -0.00174602 -0.00123287 -0.00267537 -0.00179541 -0.00199478 -0.00227423 -0.00212798 -0.00241828 -0.00256228 -0.00137538 -0.000986298 -0.00168651 -0.00195404 -0.00161104 -0.00152234 -0.00246158 -0.00188296 -0.00199162 -0.00305424 -0.00174065 -0.00224006 -0.00204426 -0.00144587 -0.00251484 -0.00166069 -0.00138899 -0.00111185 -0.00261778 -0.00121196 -0.00183869 -0.00204894 -0.00247034 -0.00147912 -0.00205997 -0.00172759 -0.00184891 -0.00150258 -0.00168935 -0.00240802 -0.00138492 -0.0022594 -0.00192657 -0.000896865 -0.00147477 -0.00135398 -0.000943918 -0.00120292 -0.00153182 -0.00149239 -0.00142634 -0.00109352 -0.00225768 -0.00177702 -0.00174755 
-0.00202502 -0.00125036 -0.00119399 -0.000659612 -0.00201388 -0.00160284 -0.000993711 -0.00194565 -0.00247504 -0.00271816 -0.00226327 -0.0025972 -0.00213334 -0.0017833 -0.00248294 -0.00266838 -0.00163044 -0.00147889 -0.00301312 -0.0027803 -0.0019257 -0.00200138 -0.00218209 -0.00142586 -0.0017092 -0.000541033 0.00201242 0.0023466 0.0027357 0.00233635 0.0031561 0.137943 0.00308498 0.00325899 0.00294334 0.00201689 0.00189855 -0.000510449 -0.00158644 -0.00107883 -0.00173097 -0.00178446 -0.00243601 -0.00226819 -0.00175412 -0.00192737 -0.00206021 -0.00240718 -0.00203669 -0.00119014 -0.00194243 -0.00224597 -0.00190723 -0.00196509 -0.0015162 -0.00127449 -0.00158287 -0.00196608 -0.00294257 -0.00188197 -0.00221675 -0.00143229 -0.00180213 -0.00105176 -0.00150039 -0.00157883 -0.00202588 -0.00170243 -0.00151978 -0.00208791 -0.00122135 -0.00233484 -0.0022338 -0.00140222 -0.00170133 -0.00132018 -0.00230275 -0.00254366 -0.000815103 -0.00220105 -0.00271309 -0.00148267 -0.00206615 -0.0014245 -0.00141525 -0.00192831 -0.00261171 -0.00198269 -0.00207695 -0.00165709 -0.00103534 -0.00207148 -0.00185146 -0.00161963 -0.00205732 -0.00168318 -0.00115809 -0.00255761 -0.00194489 -0.00191065 
-0.00203424 -0.00108478 -0.000735009 -0.00153394 -0.00245912 -0.0014277 -0.000918525 -0.00152887 -0.00150232 -0.00147493 -0.00203771 -0.00150739 -0.00222744 -0.00169398 -0.00161406 -0.0011563 -0.00258518 -0.00255663 -0.00240376 -0.00219435 -0.00282847 -0.00232196 -0.00182126 -0.00205003 -0.0025087 -0.00164421 -0.00176369 0.00146808 0.00251622 0.00192822 0.00248943 0.00308498 0.125833 0.0019622 0.00188049 0.00222425 0.00242424 0.0020603 -0.00134606 -0.00131618 -0.00140398 -0.00176457 -0.00191371 -0.00171514 -0.00125171 -0.00187507 -0.00104965 -0.00154506 -0.0013538 -0.00125916 -0.00188614 -0.00145011 -0.00175775 -0.00165372 -0.0016267 -0.00114989 -0.00170412 -0.00109458 -0.00179554 -0.0020136 -0.00216081 -0.00193168 -0.00188736 -0.00123946 -0.00176876 -0.0029239 -0.00207509 -0.00155238 -0.00219183 -0.00127843 -0.00194284 -0.00137712 -0.00200782 -0.00134277 -0.00188554 -0.00146311 -0.00141878 -0.00133064 -0.000846694 -0.00194536 -0.00181342 -0.00133698 -0.00158032 -0.0010735 -0.00188951 -0.00126102 -0.00144946 -0.00101272 -0.00156221 -0.000665913 -0.00171192 -0.00165951 -0.00118651 -0.00127195 -0.00215432 -0.00201626 -0.00170274 -0.00132753 -0.000986842 -0.00209793 
