0.121504 0.00203001 0.00224884 0.00208478 0.00188769 0.00251009 -0.00130569 -0.000864788 -0.0013765 -0.00073846 -0.00203432 -0.00181266 -0.00256143 -0.00156789 -0.00199821 -0.00186133 -0.00236255 -0.00237923 -0.00261568 -0.00191867 -0.00180718 -0.0022383 -0.00173244 -0.00155803 -0.0014521 -0.00248871 -0.00149258 -0.000911262 -0.0018197 -0.00174467 -0.00184931 -0.00187729 -0.00120945 -0.00145702 -0.00123367 -0.00156067 -0.00117628 -0.00119708 -0.00158561 -0.00146019 -0.00125937 -0.00233578 -0.0018155 -0.00178435 -0.00180545 -0.00187017 -0.00103584 -0.00184888 -0.00178058 -0.00227899 -0.00201819 -0.00154948 -0.000960528 -0.00147061 -0.00165744 -0.00180665 -0.00171074 -0.00209862 -0.00123633 -0.00176851 -0.00224008 -0.00144159 -0.00158176 -0.00110003 -0.00231287 -0.00100711 -0.00142929 -0.00132578 -0.000571458 -0.00123286 -0.00170672 -0.00169635 -0.00201873 -0.00105713 -0.0013113 -0.00104855 -0.000811624 -0.00134324 -0.00113176 -0.00173702 -0.00129064 -0.000600667 -0.00115644 -0.00117982 -0.00139976 -0.00201284 -0.00144638 -0.00145049 -0.00130196 -0.0015569 -0.00114486 -0.00230688 -0.00128531 -0.000878104 -0.00107732 -0.000429939 0.00227823 0.00188297 0.00181957 0.00171847 
0.00203001 0.125127 0.00215161 0.00267861 0.00261566 0.00340408 0.00223792 -0.000618594 -0.00187167 -0.000962124 -0.00130378 -0.00157422 -0.00217637 -0.00180593 -0.00177298 -0.00199327 -0.00194352 -0.00195799 -0.00187253 -0.00169169 -0.00202389 -0.00253117 -0.00149346 -0.0013131 -0.0018769 -0.00195204 -0.00171925 -0.00171601 -0.00180806 -0.00165642 -0.00217945 -0.00172334 -0.00199408 -0.00176472 -0.00149726 -0.00136094 -0.00138294 -0.00113893 -0.00229871 -0.00217166 -0.00238182 -0.00176949 -0.00234758 -0.00193399 -0.00190542 -0.00172694 -0.00150332 -0.00252106 -0.00124974 -0.00152524 -0.00177977 -0.00172105 -0.00133995 -0.00155733 -0.00179643 -0.00177388 -0.000964461 -0.00137674 -0.00115465 -0.00104894 -0.00160302 -0.00130339 -0.00122677 -0.00131163 -0.00118518 -0.00151648 -0.00163708 -0.00180536 -0.00179332 -0.00122712 -0.00175241 -0.0010227 -0.00145399 -0.00189434 -0.00220571 -0.00107591 -0.00224989 -0.00163211 -0.00124407 -0.00127766 -0.00219651 -0.00177804 -0.00164853 -0.00168831 -0.00115099 -0.0006602 -0.00190754 -0.00125412 -0.00121976 -0.000778367 -0.00214369 -0.0013308 -0.000795652 -0.0018745 -0.00154395 -0.00163906 -0.000782969 0.00171874 0.00192866 0.00144387 
0.00224884 0.00215161 0.127235 0.00279368 0.0023502 0.00190573 0.00281427 0.00176863 -0.001572 -0.0018431 -0.0017192 -0.0020178 -0.00185108 -0.00146038 -0.00249833 -0.00128303 -0.00198185 -0.00146352 -0.00240663 -0.00205398 -0.00140452 -0.00194201 -0.00201122 -0.00150342 -0.00202055 -0.00155935 -0.00131189 -0.00152782 -0.00159162 -0.000920352 -0.0016261 -0.00209273 -0.00141967 -0.00217353 -0.00197055 -0.00125887 -0.00102037 -0.00222403 -0.0014375 -0.00106474 -0.00190873 -0.000495667 -0.00213713 -0.00227357 -0.00117149 -0.00179461 -0.00128454 -0.00122877 -0.00172208 -0.00154146 -0.00145681 -0.00167592 -0.00174979 -0.00088028 -0.000891342 -0.0020896 -0.00171908 -0.00200778 -0.00201554 -0.00127661 -0.00172424 -0.00236835 -0.0014762 -0.00173638 -0.00138514 -0.00123683 -0.00105302 -0.00120844 -0.00128791 -0.00166229 -0.0019423 -0.00222627 -0.00220938 -0.00174163 -0.00152839 -0.00216433 -0.00161189 -0.00147529 -0.00142012 -0.00139922 -0.00237745 -0.00135457 -0.00149168 -0.00150893 -0.00232216 -0.00172371 -0.00159995 -0.00197502 -0.00208756 -0.00157109 -0.00106247 -0.00137229 -0.00132942 -0.000871079 -0.00161771 -0.00169298 -0.00115602 -0.00121919 0.00174668 0.00172905 
0.00208478 0.00267861 0.00279368 0.121726 0.00221899 0.00243092 0.00188188 0.00284056 0.00241774 -0.00140046 -0.00138132 -0.000996377 -0.00148615 -0.00133897 -0.00185691 -0.00113813 -0.0019027 -0.00246619 -0.00217409 -0.00116826 -0.00277927 -0.00266417 -0.00138936 -0.00263983 -0.00196205 -0.00200676 -0.00181441 -0.00180467 -0.00175291 -0.00237327 -0.00152382 -0.00140968 -0.00117456 -0.00171551 -0.00114802 -0.00164887 -0.00158438 -0.00133527 -0.000784006 -0.00168971 -0.00128684 -0.00153531 -0.00118118 -0.00152135 -0.00160863 -0.00171825 -0.00182837 -0.00151807 -0.0023181 -0.00158597 -0.0017942 -0.00104465 -0.00185959 -0.000666384 -0.00156813 -0.00158759 -0.00213499 -0.00200215 -0.000952298 -0.00135477 -0.00151375 -0.00189895 -0.00127546 -0.0013187 -0.00188561 -0.000933885 -0.00154444 -0.000202882 -0.00160381 -0.000851275 -0.00210354 -0.00153903 -0.00219078 -0.0022578 -0.00170972 -0.00111284 -0.00159102 -0.00160589 -0.0015418 -0.00239436 -0.001298 -0.00173588 -0.00187867 -0.00109774 -0.00118384 -0.00164181 -0.00156752 -0.00133471 -0.00165397 -0.001254 -0.00111189 -0.00131019 -0.00140295 -0.00182835 -0.00124737 -0.00173057 -0.00128512 -0.00107258 -0.00203793 0.00125198 
0.00188769 0.00261566 0.0023502 0.00221899 0.123449 0.00304133 0.00264027 0.00236898 0.00195801 0.00249953 -0.00128853 -0.00188451 -0.00147662 -0.00121107 -0.00227194 -0.00223927 -0.00144635 -0.00201211 -0.00283743 -0.00234013 -0.00263833 -0.00185644 -0.00209109 -0.00176252 -0.00217573 -0.00192694 -0.00158012 -0.00237045 -0.00258889 -0.00239476 -0.00233775 -0.00157526 -0.0012497 -0.00207874 -0.0020794 -0.0015569 -0.00114894 -0.00162797 -0.00195622 -0.0020281 -0.00177003 -0.00182535 -0.00176805 -0.0016391 -0.00159224 -0.00113586 -0.00090915 -0.00157912 -0.00153778 -0.000860915 -0.00123495 -0.00091456 -0.00183797 -0.00125126 -0.00160266 -0.00150061 -0.00169116 -0.00161568 -0.000900703 -0.00112675 -0.00131024 -0.000556556 -0.00108714 -0.00194711 -0.00213518 -0.00138832 -0.00152997 -0.00186641 -0.00102049 -0.00171635 -0.00180535 -0.00172089 -0.000956249 -0.00161193 -0.00142233 -0.00131212 -0.00123023 -0.00155077 -0.0014512 -0.00149516 -0.00128267 -0.00183364 -0.00167005 -0.00151247 -0.00210144 -0.00130411 -0.00150637 -0.000929447 -0.00100742 -0.00148206 -0.00142144 -0.00102261 -0.000789869 -0.00171078 -0.00268534 -0.000808067 -0.00189731 -0.001094 -0.00181196 -0.00171834 
0.00251009 0.00340408 0.00190573 0.00243092 0.00304133 0.134792 0.00299347 0.00264218 0.00219542 0.00230273 0.00302103 -0.000408419 -0.00146528 -0.00195485 -0.00151617 -0.00295087 -0.00251413 -0.00219751 -0.00197897 -0.00211916 -0.00263129 -0.00224641 -0.00161499 -0.00209631 -0.00161964 -0.0023715 -0.00321307 -0.00249097 -0.0022841 -0.00206303 -0.00285851 -0.00247364 -0.00232328 -0.00168642 -0.00131798 -0.00159014 -0.00109192 -0.00156935 -0.00126588 -0.00166268 -0.00172316 -0.00215851 -0.00247605 -0.00145975 -0.00216967 -0.00190891 -0.00233538 -0.00217746 -0.00187404 -0.00153981 -0.00149018 -0.00176528 -0.00160791 -0.00135925 -0.00129962 -0.00198274 -0.00195192 -0.00207703 -0.00251235 -0.00120025 -0.00237684 -0.00184957 -0.00175424 -0.00108977 -0.0013314 -0.00167584 -0.00122892 -0.00198295 -0.00170177 -0.00145272 -0.00207041 -0.00215371 -0.00170484 -0.00169485 -0.00231089 -0.00129853 -0.00127323 -0.00141134 -0.00197062 -0.0013627 -0.00191191 -0.00158921 -0.00173589 -0.00166561 -0.000880541 -0.00144053 -0.00131503 -0.00215891 -0.00198764 -0.00159713 -0.0013716 -0.0022346 -0.00148977 -0.00130924 -0.0019813 -0.00159736 -0.00147028 -0.00203662 -0.00177299 -0.0013521 
-0.00130569 0.00223792 0.00281427 0.00188188 0.00264027 0.00299347 0.135337 0.00240781 0.00327497 0.00169748 0.00274037 0.0032339 -0.00143377 -0.00224568 -0.00246963 -0.00188486 -0.00194468 -0.00236368 -0.00122004 -0.00266138 -0.00238369 -0.00221809 -0.0028895 -0.00121837 -0.00193284 -0.00259999 -0.00191445 -0.00218251 -0.00186124 -0.00121754 -0.00188554 -0.00158309 -0.000825254 -0.000271594 -0.00122249 -0.00103048 -0.00166342 -0.00207856 -0.000854459 -0.00198707 -0.00233338 -0.00187321 -0.00180692 -0.00209733 -0.00225696 -0.00181827 -0.00236475 -0.0022842 -0.00201311 -0.00251868 -0.0016718 -0.0015451 -0.00119302 -0.00153391 -0.00242464 -0.00197521 -0.00103103 -0.00231239 -0.00185282 -0.00150973 -0.00171578 -0.00243408 -0.0024871 -0.00244968 -0.00221714 -0.00167269 -0.00145285 -0.00207399 -0.00231016 -0.00188193 -0.00244336 -0.0016221 -0.00180963 -0.00122217 -0.00169071 -0.00118737 -0.00118326 -0.0016242 -0.0011227 -0.00252957 -0.00208559 -0.0023005 -0.00177094 -0.00170858 -0.00202538 -0.0012543 -0.00201576 -0.00185488 -0.00168005 -0.00196472 -0.00111998 -0.0011531 -0.000675506 -0.002115 -0.00257349 -0.00139868 -0.00229567 -0.00165346 -0.00140168 -0.00131561 
-0.000864788 -0.000618594 0.00176863 0.00284056 0.00236898 0.00264218 0.00240781 0.127115 0.00344572 0.00135063 0.00304424 0.00165468 0.00110041 -0.00106061 -0.00177678 -0.0018162 -0.00201532 -0.00221682 -0.00138977 -0.00224409 -0.00193431 -0.000625621 -0.00164698 -0.00178332 -0.00240442 -0.00180401 -0.00289247 -0.00277789 -0.00247254 -0.00181222 -0.00248026 -0.00187758 -0.00167862 -0.00146188 -0.00226828 -0.00169317 -0.00219552 -0.00159704 -0.00167661 -0.00173018 -0.00196383 -0.00174542 -0.00217534 -0.00169281 -0.0025612 -0.00192286 -0.00221529 -0.00289651 -0.00170869 -0.00226092 -0.00211789 -0.00201804 -0.00195435 -0.00157067 -0.00129075 -0.00189181 -0.00206424 -0.00192749 -0.000619068 -0.00089739 -0.001375 -0.00125868 -0.00153869 -0.00134459 -0.000727692 -0.00112285 -0.00119695 -0.000766493 -0.00156775 -0.0018806 -0.000701639 -0.00125427 -0.00156169 -0.00146698 -0.00176899 -0.00087104 -0.000753674 -0.00130542 -0.00141942 -0.00149522 -0.0019662 -0.001474 -0.00102644 -0.00209792 -0.00194197 -0.00151191 -0.000672211 -0.00231908 -0.00148092 -0.00206993 -0.00131871 -0.00169058 -0.00226554 -0.00177718 -0.00173141 -0.000977773 -0.00141672 -0.00202121 -0.00219147 -0.0020994 
-0.0013765 -0.00187167 -0.001572 0.00241774 0.00195801 0.00219542 0.00327497 0.00344572 0.12987 0.00276556 0.00148642 0.00302223 0.00272358 0.0019781 -0.000811617 -0.00143965 -0.00180994 -0.00165946 -0.00232086 -0.00193934 -0.00117835 -0.00160481 -0.00234627 -0.00234338 -0.00220361 -0.00208638 -0.00219659 -0.00207625 -0.00160104 -0.00182787 -0.00135071 -0.0019677 -0.00230157 -0.00180703 -0.00168182 -0.00200883 -0.00170156 -0.00180161 -0.00187835 -0.00181374 -0.00169787 -0.00234598 -0.00144473 -0.00182461 -0.00242464 -0.0022797 -0.00164506 -0.00226294 -0.00273024 -0.00218126 -0.00167093 -0.00127468 -0.00203946 -0.00153409 -0.00213967 -0.00258469 -0.00212277 -0.00280729 -0.00176309 -0.00107195 -0.00131558 -0.00149081 -0.00246417 -0.00147279 -0.00162983 -0.00209537 -0.00170184 -0.000305682 -0.00147782 -0.00191871 -0.0011626 -0.00165424 -0.00145515 -0.00187834 -0.00141157 -0.00137292 -0.00139682 -0.00152715 -0.00173202 -0.00203267 -0.000900729 -0.00130177 -0.00175329 -0.00146717 -0.00184416 -0.0010993 -0.00218304 -0.00169692 -0.000821321 -0.00117507 -0.00158234 -0.00169338 -0.00168566 -0.00173449 -0.00172 -0.00163577 -0.00189341 -0.00170241 -0.00162373 -0.00170375 
-0.00073846 -0.000962124 -0.0018431 -0.00140046 0.00249953 0.00230273 0.00169748 0.00135063 0.00276556 0.126563 0.00233876 0.002045 0.00253603 0.00303525 -0.000820736 -0.00167634 -0.001674 -0.00256569 -0.00207861 -0.00238715 -0.00148112 -0.00220953 -0.00198924 -0.00077039 -0.00155604 -0.00138166 -0.0013825 -0.000725076 -0.00232891 -0.00245717 -0.00176916 -0.00156579 -0.00216863 -0.00161888 -0.00242383 -0.00248296 -0.00222474 -0.00192635 -0.00146127 -0.00207568 -0.00188852 -0.00162253 -0.00165675 -0.00187049 -0.00214135 -0.00158203 -0.00154898 -0.00234142 -0.00176032 -0.00220311 -0.0016355 -0.0015408 -0.00248279 -0.00148608 -0.00167544 -0.00176657 -0.00213153 -0.00225768 -0.00218358 -0.00127234 -0.00184964 -0.0019014 -0.00170297 -0.00172224 -0.000798642 -0.00105932 -0.00159073 -0.00148606 -0.0014179 -0.00171915 -0.00168979 -0.00159448 -0.00132894 -0.00192303 -0.00149945 -0.00109083 -0.00151772 -0.00124676 -0.000975773 -0.00136872 -0.00153443 -0.00142636 -0.00112647 -0.00109668 -0.00208742 -0.00132003 -0.00184937 -0.00177547 -0.000639656 -0.00104678 -0.00149038 -0.00199977 -0.00120991 -0.00124803 -0.000619394 -0.00104556 -0.00154254 -0.00176101 -0.00220429 -0.0014339 
-0.00203432 -0.00130378 -0.0017192 -0.00138132 -0.00128853 0.00302103 0.00274037 0.00304424 0.00148642 0.00233876 0.137779 0.00185913 0.00334352 0.0031575 0.00241882 0.00253417 -0.00159314 -0.00244276 -0.000554638 -0.00181544 -0.00279791 -0.0027763 -0.00196833 -0.00244756 -0.00237087 -0.002218 -0.00156996 -0.00167179 -0.0012469 -0.00230414 -0.00245915 -0.000773931 -0.00272573 -0.00197742 -0.00197157 -0.00204113 -0.0023173 -0.00202757 -0.00209672 -0.00232491 -0.00220881 -0.00223541 -0.00244154 -0.00189172 -0.00219663 -0.00197724 -0.00187808 -0.00133472 -0.00236798 -0.00192672 -0.00173666 -0.00161975 -0.00248644 -0.00143928 -0.00242614 -0.00106677 -0.00153122 -0.00238798 -0.00123067 -0.00283281 -0.00163846 -0.00105471 -0.00271783 -0.00224141 -0.00211944 -0.0012396 -0.00125676 -0.00158802 -0.00197837 -0.00148595 -0.00237431 -0.00163363 -0.00167017 -0.00169111 -0.000907473 -0.0013707 -0.00165288 -0.00161115 -0.00227816 -0.00154532 -0.00177111 -0.00172851 -0.00190662 -0.00160831 -0.00201802 -0.00159323 -0.00165115 -0.00116612 -0.00151287 -0.00221001 -0.00123143 -0.00222663 -0.0014107 -0.000951154 -0.00200129 -0.00225517 -0.00145879 -0.000978457 -0.00205121 -0.00249997 
-0.00181266 -0.00157422 -0.0020178 -0.000996377 -0.00188451 -0.000408419 0.0032339 0.00165468 0.00302223 0.002045 0.00185913 0.134399 0.00260067 0.00257985 0.00291109 0.00319486 0.00268098 -0.00251439 -0.000683664 -0.00222048 -0.00105561 -0.00222072 -0.00366561 -0.00184749 -0.00244731 -0.00285304 -0.00241635 -0.00191068 -0.00326326 -0.00186773 -0.00154942 -0.00227653 -0.00210427 -0.00174978 -0.00173728 -0.0020424 -0.00191258 -0.00226891 -0.00154507 -0.00145416 -0.00195944 -0.00189278 -0.00192897 -0.00164296 -0.00153843 -0.00186187 -0.00114759 -0.00152112 -0.00207723 -0.00234923 -0.00223925 -0.00162959 -0.0015106 -0.00158831 -0.00203629 -0.0020159 -0.00118622 -0.00122418 -0.00152494 -0.00165725 -0.00219807 -0.0011576 -0.000586254 -0.00187469 -0.00172304 -0.00105067 -0.000779812 -0.001384 -0.00201433 -0.00210069 -0.00159051 -0.00155352 -0.00153988 -0.00158082 -0.000912331 -0.00193277 -0.00175671 -0.00179664 -0.00181452 -0.00156315 -0.0020829 -0.00174526 -0.00209554 -0.00297572 -0.00170236 -0.00203104 -0.00195522 -0.00191988 -0.00190961 -0.00165588 -0.00165128 -0.00150208 -0.00185114 -0.00173409 -0.00120512 -0.0023238 -0.00202445 -0.00182793 -0.0026091 -0.00163655 
-0.00256143 -0.00217637 -0.00185108 -0.00148615 -0.00147662 -0.00146528 -0.00143377 0.00110041 0.00272358 0.00253603 0.00334352 0.00260067 0.13391 0.00320954 0.00328798 0.00238733 0.00158405 -0.00193079 -0.0022896 -0.00174879 -0.0030884 -0.00149246 -0.00242646 -0.00256494 -0.00143005 -0.00236956 -0.00128812 -0.00222182 -0.00212921 -0.00187828 -0.00201138 -0.00258112 -0.00190626 -0.00212329 -0.00165572 -0.00240885 -0.00235926 -0.00269951 -0.00167408 -0.00198848 -0.00248531 -0.002337 -0.00221451 -0.0016681 -0.00232476 -0.0017823 -0.000984596 -0.00189971 -0.00156544 -0.00218729 -0.00176891 -0.00124379 -0.000763655 -0.000817191 -0.00190368 -0.00154828 -0.00127898 -0.00180566 -0.00156008 -0.00249164 -0.00191477 -0.00121583 -0.00161361 -0.00124936 -0.00122834 -0.00121292 -0.00106051 -0.00158956 -0.00233103 -0.00146067 -0.00137183 -0.00147784 -0.000979436 -0.00187463 -0.00083539 -0.00137297 -0.00194825 -0.00171736 -0.00190817 -0.00204661 -0.00178577 -0.00125979 -0.00137465 -0.00117679 -0.00234751 -0.00159422 -0.00208436 -0.00100469 -0.00157361 -0.0010252 -0.00182185 -0.0023009 -0.00137972 -0.00128778 -0.00104244 -0.00137492 -0.00211145 -0.00109391 -0.001491 -0.00179499 
-0.00156789 -0.00180593 -0.00146038 -0.00133897 -0.00121107 -0.00195485 -0.00224568 -0.00106061 0.0019781 0.00303525 0.0031575 0.00257985 0.00320954 0.138111 0.00303594 0.00242754 0.00298761 0.00191895 0.00249686 -0.00128223 -0.00100855 -0.00129144 -0.00286376 -0.00197477 -0.001691 -0.00225459 -0.00183376 -0.00225872 -0.00163345 -0.00293214 -0.00211676 -0.0019786 -0.00239763 -0.00160824 -0.00236755 -0.00117079 -0.00191115 -0.00192841 -0.00187415 -0.00171015 -0.00220437 -0.00159866 -0.00200277 -0.00174103 -0.00187443 -0.00193792 -0.00209183 -0.00224015 -0.00150269 -0.0029287 -0.00201444 -0.00221964 -0.00173257 -0.00199216 -0.00201298 -0.00154716 -0.0013918 -0.00187773 -0.00153689 -0.00235898 -0.00226207 -0.00153429 -0.00258015 -0.00159787 -0.00145496 -0.000754023 -0.00165337 -0.00161871 -0.0024609 -0.00241217 -0.00219858 -0.00158256 -0.00130158 -0.00216565 -0.00138794 -0.00193625 -0.00181728 -0.00196039 -0.00194775 -0.00244979 -0.00180954 -0.00175267 -0.00214855 -0.00165868 -0.00220327 -0.00177657 -0.00217194 -0.00183715 -0.00137838 -0.00183535 -0.00203489 -0.00175589 -0.00268598 -0.00203752 -0.00136613 -0.00120944 -0.00308407 -0.00162608 -0.000825887 -0.00112348 
-0.00199821 -0.00177298 -0.00249833 -0.00185691 -0.00227194 -0.00151617 -0.00246963 -0.00177678 -0.000811617 -0.000820736 0.00241882 0.00291109 0.00328798 0.00303594 0.137586 0.0043322 0.00219135 0.00163193 0.00177116 0.00191514 -0.00155979 -0.00122424 -0.00185518 -0.00139417 -0.00109254 -0.00152414 -0.00277495 -0.00123554 -0.00234433 -0.00155372 -0.00200167 -0.00197387 -0.00179864 -0.00320968 -0.00188163 -0.00156179 -0.0023962 -0.0017958 -0.00190461 -0.00148388 -0.00152601 -0.0018155 -0.0012452 -0.00113803 -0.001799 -0.00166839 -0.0016251 -0.00127282 -0.00103758 -0.00164995 -0.00190165 -0.00182691 -0.00232203 -0.00217096 -0.00224888 -0.0017676 -0.001606 -0.00213665 -0.00172144 -0.0028059 -0.00172911 -0.000696294 -0.00278814 -0.00170617 -0.00129827 -0.00149477 -0.00132395 -0.000987208 -0.0016767 -0.00151534 -0.00235659 -0.00233764 -0.0011754 -0.00126917 -0.00133714 -0.0022451 -0.00193128 -0.00185607 -0.0016764 -0.00200012 -0.0025307 -0.00186487 -0.00259345 -0.00133984 -0.00227993 -0.00193745 -0.00159313 -0.00127583 -0.00153397 -0.001898 -0.00127475 -0.00138572 -0.00228486 -0.00207859 -0.00247143 -0.00218876 -0.00222874 -0.00182015 -0.0011246 -0.00233029 
-0.00186133 -0.00199327 -0.00128303 -0.00113813 -0.00223927 -0.00295087 -0.00188486 -0.0018162 -0.00143965 -0.00167634 0.00253417 0.00319486 0.00238733 0.00242754 0.0043322 0.141062 0.00355515 0.0034766 0.0019594 0.00285879 -0.00197699 -0.00123547 -0.00102425 -0.00178233 -0.00130648 -0.00206996 -0.00218917 -0.00190445 -0.00247513 -0.00186988 -0.00223866 -0.00195665 -0.00250764 -0.0017064 -0.00188047 -0.00184101 -0.00219859 -0.00236251 -0.0020664 -0.00186586 -0.00303053 -0.00209252 -0.00193504 -0.00231753 -0.00147243 -0.00228109 -0.0018557 -0.00170389 -0.0020718 -0.00233078 -0.00225636 -0.00207713 -0.00233603 -0.00229121 -0.0022784 -0.000889469 -0.00177351 -0.00153077 -0.00135339 -0.0017788 -0.0024253 -0.00138812 -0.00127085 -0.00231463 -0.00201509 -0.00153365 -0.00180829 -0.00218555 -0.00185536 -0.00227891 -0.00140013 -0.00166896 -0.00162361 -0.0014861 -0.00159795 -0.00139896 -0.00213843 -0.00164243 -0.00141358 -0.00169698 -0.00215366 -0.00218897 -0.0017067 -0.00192175 -0.00199547 -0.00216526 -0.00125439 -0.00120418 -0.00199395 -0.00128202 -0.000789023 -0.00218883 -0.00233898 -0.00170955 -0.00123432 -0.00204543 -0.00203624 -0.00243122 -0.00176465 -0.0018426 
-0.00236255 -0.00194352 -0.00198185 -0.0019027 -0.00144635 -0.00251413 -0.00194468 -0.00201532 -0.00180994 -0.001674 -0.00159314 0.00268098 0.00158405 0.00298761 0.00219135 0.00355515 0.143837 0.00351893 0.00271243 0.00316398 0.00199004 0.00330656 -0.0017203 -0.00105055 -0.00137771 -0.00215182 -0.00211659 -0.00205324 -0.00212846 -0.00216316 -0.00199189 -0.00176117 -0.00252387 -0.00261824 -0.00206126 -0.00202547 -0.00263244 -0.00295755 -0.00162717 -0.00193558 -0.00213696 -0.00102593 -0.00212284 -0.00143728 -0.00187564 -0.00220941 -0.0018251 -0.00096076 -0.00125948 -0.00249311 -0.00154827 -0.00143009 -0.00227907 -0.00222007 -0.0019525 -0.00216788 -0.00136835 -0.00247343 -0.00147376 -0.00312836 -0.00190731 -0.00191074 -0.00172062 -0.00196289 -0.00289161 -0.00129289 -0.00176002 -0.00177622 -0.00227915 -0.00253364 -0.00257688 -0.00239117 -0.00185418 -0.00117061 -0.00202962 -0.00182868 -0.00196629 -0.00194455 -0.00220732 -0.00194168 -0.00147485 -0.00192206 -0.00151312 -0.00219748 -0.00150671 -0.00191826 -0.00199459 -0.00135848 -0.001842 -0.00164493 -0.00276901 -0.001527 -0.00209117 -0.00150214 -0.0022786 -0.00272963 -0.00149943 -0.00093747 -0.00215945 -0.00124264 
-0.00237923 -0.00195799 -0.00146352 -0.00246619 -0.00201211 -0.00219751 -0.00236368 -0.00221682 -0.00165946 -0.00256569 -0.00244276 -0.00251439 -0.00193079 0.00191895 0.00163193 0.0034766 0.00351893 0.145011 0.00327015 0.00168298 0.00243351 0.00396814 0.00224351 -0.00188726 -0.00245691 -0.00134072 -0.00221532 -0.00182155 -0.0021744 -0.00195694 -0.00181604 -0.00235119 -0.00201757 -0.00204624 -0.00205663 -0.00181089 -0.0015893 -0.00160164 -0.00233966 -0.00119219 -0.00258267 -0.0018299 -0.00118236 -0.00155458 -0.00169908 -0.00224236 -0.00156098 -0.00101511 -0.00207559 -0.00244817 -0.00244457 -0.00231593 -0.00242835 -0.0019786 -0.00178461 -0.00245849 -0.00111167 -0.00088262 -0.00123733 -0.00172043 -0.00258225 -0.00261393 -0.00173176 -0.00152572 -0.00208013 -0.00135286 -0.00191491 -0.00164452 -0.0015378 -0.0013685 -0.00231897 -0.00211635 -0.00184648 -0.00111003 -0.00211705 -0.00171534 -0.00140112 -0.00217204 -0.00210244 -0.0024462 -0.00246373 -0.00200817 -0.00212578 -0.0019737 -0.00164877 -0.0016161 -0.00170383 -0.00207422 -0.00121031 -0.00156901 -0.00136109 -0.00241667 -0.00148353 -0.00216449 -0.00145531 -0.00190042 -0.00135068 -0.00182423 -0.00106927 -0.000640007 
-0.00261568 -0.00187253 -0.00240663 -0.00217409 -0.00283743 -0.00197897 -0.00122004 -0.00138977 -0.00232086 -0.00207861 -0.000554638 -0.000683664 -0.0022896 0.00249686 0.00177116 0.0019594 0.00271243 0.00327015 0.147251 0.00360409 0.00304223 0.00380967 0.00311122 -0.00143444 -0.00133508 -0.00176203 -0.00235114 -0.00128826 -0.00230213 -0.0018042 -0.00286456 -0.001417 -0.00302421 -0.0013777 -0.00290124 -0.0024036 -0.00271773 -0.00179714 -0.0016055 -0.00244535 -0.00144985 -0.00152141 -0.00207174 -0.00125579 -0.00166402 -0.00237396 -0.00148317 -0.00220665 -0.00220156 -0.0032544 -0.0025647 -0.00199417 -0.00259912 -0.00224356 -0.00162961 -0.00214074 -0.00114806 -0.00209095 -0.00170275 -0.00233714 -0.00189788 -0.00318193 -0.00304402 -0.00256202 -0.00131343 -0.00227661 -0.00121585 -0.00151352 -0.00193958 -0.0017455 -0.00221349 -0.00203767 -0.00150531 -0.00227564 -0.00172793 -0.00162993 -0.00153367 -0.000781374 -0.00215848 -0.00133734 -0.00201438 -0.000940858 -0.00190028 -0.00221003 -0.00232802 -0.00231635 -0.00169485 -0.00127797 -0.00195632 -0.00174161 -0.00128734 -0.00197168 -0.00186332 -0.00180849 -0.001689 -0.00148682 -0.0020627 -0.00238712 -0.00124911 -0.00176388 
-0.00191867 -0.00169169 -0.00205398 -0.00116826 -0.00234013 -0.00211916 -0.00266138 -0.00224409 -0.00193934 -0.00238715 -0.00181544 -0.00222048 -0.00174879 -0.00128223 0.00191514 0.00285879 0.00316398 0.00168298 0.00360409 0.147942 0.00393009 0.00328383 0.00273546 0.00376325 0.00225498 -0.0020713 -0.00212801 -0.00153546 -0.00177928 -0.00200122 -0.00303652 -0.00148606 -0.00106639 -0.00162337 -0.00259286 -0.00151293 -0.00180813 -0.00228724 -0.0015733 -0.00148189 -0.00117337 -0.00203453 -0.000730161 -0.00198662 -0.00106212 -0.00239994 -0.0018913 -0.00243406 -0.00151865 -0.003314 -0.00221956 -0.00166346 -0.00233963 -0.00264888 -0.0022938 -0.0014099 -0.0018032 -0.00252432 -0.00240621 -0.00232892 -0.00177801 -0.00106869 -0.00251669 -0.0017173 -0.00185635 -0.0016216 -0.00217045 -0.00132836 -0.00240267 -0.00205359 -0.00227098 -0.00226729 -0.002423 -0.00145758 -0.002172 -0.00248127 -0.00188649 -0.00307761 -0.00273641 -0.00199744 -0.00291336 -0.00169277 -0.00187825 -0.00181823 -0.00174599 -0.00320735 -0.00171787 -0.00264283 -0.00207573 -0.00242424 -0.00216469 -0.000924676 -0.00110261 -0.00188895 -0.00223934 -0.00245847 -0.00166246 -0.00222434 -0.00135379 -0.00195717 
-0.00180718 -0.00202389 -0.00140452 -0.00277927 -0.00263833 -0.00263129 -0.00238369 -0.00193431 -0.00117835 -0.00148112 -0.00279791 -0.00105561 -0.0030884 -0.00100855 -0.00155979 -0.00197699 0.00199004 0.00243351 0.00304223 0.00393009 0.141592 0.00262528 0.00245093 0.00229723 0.00224744 0.00234247 -0.00290417 -0.00136651 -0.00119472 -0.00254135 -0.0023196 -0.00248229 -0.00203297 -0.00220153 -0.00239067 -0.00199371 -0.00255574 -0.00228728 -0.00254178 -0.00223351 -0.00131946 -0.00166625 -0.0012762 -0.00185078 -0.00234998 -0.00213761 -0.00216387 -0.00180011 -0.00158288 -0.00184932 -0.00254792 -0.00207222 -0.00230737 -0.00228512 -0.00238192 -0.000692678 -0.00147225 -0.00137892 -0.00170676 -0.00159403 -0.00260068 -0.00172303 -0.00194689 -0.00148704 -0.00193012 -0.00230326 -0.00186432 -0.00211214 -0.00177244 -0.00186865 -0.00217879 -0.00172422 -0.00143577 -0.00124846 -0.00149173 -0.000848625 -0.00101932 -0.00143725 -0.00190958 -0.00158116 -0.00217193 -0.00141568 -0.00243756 -0.00171574 -0.00150428 -0.000963546 -0.00122668 -0.00183426 -0.00170989 -0.00152029 -0.00060332 -0.00195166 -0.00132309 -0.00204641 -0.00179286 -0.00149103 -0.000928029 -0.00199006 -0.00139908 -0.0012118 
-0.0022383 -0.00253117 -0.00194201 -0.00266417 -0.00185644 -0.00224641 -0.00221809 -0.000625621 -0.00160481 -0.00220953 -0.0027763 -0.00222072 -0.00149246 -0.00129144 -0.00122424 -0.00123547 0.00330656 0.00396814 0.00380967 0.00328383 0.00262528 0.145188 0.00287103 0.00347435 0.00207731 0.00294417 -0.00150955 -0.00112615 -0.00104481 -0.00233531 -0.00168652 -0.00190501 -0.0022542 -0.000522728 -0.00201654 -0.00179372 -0.0026361 -0.00166304 -0.0024856 -0.00278641 -0.00292306 -0.00107901 -0.0020634 -0.00236452 -0.00236319 -0.00254419 -0.0025358 -0.00201382 -0.00283297 -0.00287276 -0.00186031 -0.0022074 -0.00295999 -0.00168046 -0.00264227 -0.00203871 -0.00234872 -0.00112964 -0.00188225 -0.00223413 -0.00219931 -0.00176659 -0.00227323 -0.00217412 -0.00140656 -0.00148264 -0.00222579 -0.00164087 -0.00174482 -0.0019117 -0.00119344 -0.0015778 -0.00115762 -0.0023779 -0.00206481 -0.00156744 -0.00147586 -0.00285042 -0.00202692 -0.00230822 -0.00212656 -0.00179785 -0.00143331 -0.00222922 -0.00224678 -0.00260218 -0.00141 -0.00142357 -0.00197495 -0.00114409 -0.00183194 -0.00190961 -0.0016614 -0.00221734 -0.00187393 -0.00212274 -0.00173036 -0.0015922 -0.00135118 -0.000723205 
-0.00173244 -0.00149346 -0.00201122 -0.00138936 -0.00209109 -0.00161499 -0.0028895 -0.00164698 -0.00234627 -0.00198924 -0.00196833 -0.00366561 -0.00242646 -0.00286376 -0.00185518 -0.00102425 -0.0017203 0.00224351 0.00311122 0.00273546 0.00245093 0.00287103 0.14908 0.003526 0.0023988 0.00203053 0.00160222 -0.00176359 -0.00196882 -0.000525053 -0.00210531 -0.0017632 -0.00133602 -0.0023669 -0.00195204 -0.00201415 -0.00237932 -0.00109721 -0.00161259 -0.00209343 -0.0016303 -0.00225051 -0.00199443 -0.001162 -0.00199811 -0.00215082 -0.00168957 -0.00200918 -0.00183719 -0.00147316 -0.00286975 -0.00193448 -0.0021404 -0.00131428 -0.00133764 -0.0021621 -0.00203057 -0.00278364 -0.00130788 -0.00290632 -0.0019968 -0.00337244 -0.00193158 -0.00132796 -0.00145934 -0.002099 -0.00200645 -0.0016791 -0.00145411 -0.00162184 -0.00187796 -0.00219288 -0.00191208 -0.00237988 -0.00138437 -0.00218361 -0.00177206 -0.00264737 -0.00229927 -0.00210617 -0.00154528 -0.00175832 -0.00185335 -0.00209715 -0.00196969 -0.00204226 -0.00274479 -0.00189327 -0.00143956 -0.00191776 -0.00174089 -0.00229225 -0.0014853 -0.00158092 -0.00116088 -0.00269177 -0.00147948 -0.00195001 -0.00124721 -0.000767012 
-0.00155803 -0.0013131 -0.00150342 -0.00263983 -0.00176252 -0.00209631 -0.00121837 -0.00178332 -0.00234338 -0.00077039 -0.00244756 -0.00184749 -0.00256494 -0.00197477 -0.00139417 -0.00178233 -0.00105055 -0.00188726 -0.00143444 0.00376325 0.00229723 0.00347435 0.003526 0.142843 0.00212768 0.00312502 0.00236021 0.00175042 -0.00236958 -0.00218997 -0.00223068 -0.00282232 -0.00172127 -0.00253341 -0.00178912 -0.00220879 -0.00224294 -0.00112211 -0.00180413 -0.00217496 -0.000975107 -0.0019212 -0.00110752 -0.00141735 -0.00221905 -0.00218034 -0.00220115 -0.00233458 -0.00108275 -0.00186107 -0.00209955 -0.00154854 -0.00235999 -0.00172972 -0.00167553 -0.000932585 -0.00198568 -0.00151655 -0.00129105 -0.00147621 -0.00158863 -0.00313957 -0.00154047 -0.00120669 -0.0022894 -0.0019324 -0.00242062 -0.00219354 -0.00222299 -0.00184676 -0.00235074 -0.00208743 -0.00230353 -0.00130129 -0.00130349 -0.00112711 -0.00188012 -0.00131216 -0.00147806 -0.0019665 -0.00139688 -0.00147227 -0.00194916 -0.00199127 -0.000780235 -0.00158099 -0.001606 -0.00149082 -0.00195024 -0.0022241 -0.00190715 -0.00195663 -0.00216379 -0.00266518 -0.00107125 -0.00230887 -0.00181687 -0.00200283 -0.00233991 -0.000604619 
-0.0014521 -0.0018769 -0.00202055 -0.00196205 -0.00217573 -0.00161964 -0.00193284 -0.00240442 -0.00220361 -0.00155604 -0.00237087 -0.00244731 -0.00143005 -0.001691 -0.00109254 -0.00130648 -0.00137771 -0.00245691 -0.00133508 0.00225498 0.00224744 0.00207731 0.0023988 0.00212768 0.145208 0.00317305 0.00249476 0.00332367 0.00365623 0.00123933 -0.00155872 -0.00272332 -0.000996402 -0.00171991 -0.00168334 -0.00247769 -0.00208563 -0.00221955 -0.0022041 -0.00268358 -0.00285111 -0.00256891 -0.00185022 -0.00241579 -0.00273144 -0.00216291 -0.00231318 -0.00196068 -0.0019978 -0.00211628 -0.00171912 -0.00220778 -0.0019521 -0.00117084 -0.0017548 -0.0016277 -0.00153846 -0.00123925 -0.00210965 -0.00156431 -0.00125858 -0.00195812 -0.00185284 -0.00157734 -0.00157309 -0.00209806 -0.00188156 -0.00145565 -0.00226528 -0.00254828 -0.002067 -0.00135474 -0.00157228 -0.00134733 -0.000473939 -0.00260339 -0.00153427 -0.00163535 -0.00175519 -0.00200281 -0.00244436 -0.00212965 -0.00243482 -0.00202177 -0.00205636 -0.0018875 -0.00148765 -0.00185896 -0.00209347 -0.00236091 -0.00176674 -0.00134124 -0.00199425 -0.0017085 -0.00169306 -0.00274571 -0.00229707 -0.00216 -0.00216598 -0.00182159 
-0.00248871 -0.00195204 -0.00155935 -0.00200676 -0.00192694 -0.0023715 -0.00259999 -0.00180401 -0.00208638 -0.00138166 -0.002218 -0.00285304 -0.00236956 -0.00225459 -0.00152414 -0.00206996 -0.00215182 -0.00134072 -0.00176203 -0.0020713 0.00234247 0.00294417 0.00203053 0.00312502 0.00317305 0.145326 0.00364149 0.00278761 0.00335115 0.00394481 0.00276673 -0.00167143 -0.00208618 -0.00179184 -0.000992377 -0.00255667 -0.00183417 -0.00221247 -0.0019264 -0.00166938 -0.00196818 -0.00167886 -0.00248115 -0.00262463 -0.00291393 -0.00231978 -0.00161021 -0.0019019 -0.00183496 -0.00134098 -0.00145813 -0.00216794 -0.00237503 -0.00118967 -0.00220302 -0.000982327 -0.00198442 -0.00283732 -0.00185213 -0.00250572 -0.00128499 -0.0026764 -0.000631717 -0.00171294 -0.00128755 -0.00212284 -0.00239359 -0.00275978 -0.00250426 -0.00160712 -0.0021778 -0.0017168 -0.00216475 -0.00184429 -0.00198569 -0.00228423 -0.00212273 -0.00159601 -0.00183962 -0.00138813 -0.00179482 -0.00197783 -0.00206083 -0.0014677 -0.00185973 -0.00121668 -0.00262968 -0.00222145 -0.00208897 -0.00208746 -0.00232879 -0.00237697 -0.00158956 -0.00259739 -0.00202602 -0.00171077 -0.00219592 -0.00251206 -0.00130185 -0.00152365 
-0.00149258 -0.00171925 -0.00131189 -0.00181441 -0.00158012 -0.00321307 -0.00191445 -0.00289247 -0.00219659 -0.0013825 -0.00156996 -0.00241635 -0.00128812 -0.00183376 -0.00277495 -0.00218917 -0.00211659 -0.00221532 -0.00235114 -0.00212801 -0.00290417 -0.00150955 0.00160222 0.00236021 0.00249476 0.00364149 0.141606 0.00261108 0.0037898 0.00299618 0.00243399 0.00264444 -0.00162393 -0.0015059 -0.00226574 -0.00173914 -0.00194179 -0.00113225 -0.00265796 -0.00138063 -0.00230326 -0.00276694 -0.00193985 -0.00160653 -0.00225499 -0.00234123 -0.00223468 -0.00155864 -0.000849755 -0.00164775 -0.00175809 -0.00174494 -0.00136798 -0.0013668 -0.000855074 -0.00147369 -0.000911311 -0.0015932 -0.00187738 -0.00217041 -0.00116237 -0.00198507 -0.00125941 -0.00157914 -0.00226672 -0.00121131 -0.00154685 -0.00172234 -0.00141499 -0.00165738 -0.00132762 -0.00143894 -0.0014515 -0.00226681 -0.0026111 -0.0014284 -0.00238436 -0.00190617 -0.00113109 -0.00227078 -0.00326941 -0.00174283 -0.00149047 -0.00167696 -0.00243299 -0.00151426 -0.00168101 -0.00164657 -0.00117819 -0.00212567 -0.00194605 -0.00254575 -0.00202507 -0.00208416 -0.00096441 -0.00277193 -0.00192412 -0.00151553 -0.00154996 -0.00238872 
-0.000911262 -0.00171601 -0.00152782 -0.00180467 -0.00237045 -0.00249097 -0.00218251 -0.00277789 -0.00207625 -0.000725076 -0.00167179 -0.00191068 -0.00222182 -0.00225872 -0.00123554 -0.00190445 -0.00205324 -0.00182155 -0.00128826 -0.00153546 -0.00136651 -0.00112615 -0.00176359 0.00175042 0.00332367 0.00278761 0.00261108 0.142365 0.00280026 0.00273016 0.00331491 0.00219902 0.000633622 -0.00194159 -0.00254698 -0.00148746 -0.00282597 -0.00103746 -0.00225332 -0.00195657 -0.00255144 -0.00232073 -0.00196621 -0.0021717 -0.00210748 -0.0023264 -0.00236832 -0.00181891 -0.00250195 -0.00182404 -0.000805332 -0.00121203 -0.00165293 -0.00140205 -0.00139596 -0.00114578 -0.00128132 -0.00177361 -0.0017137 -0.0015197 -0.00198677 -0.00257147 -0.00195917 -0.00148516 -0.00195703 -0.00193495 -0.00177159 -0.00207814 -0.00218695 -0.00211236 -0.00199287 -0.00241677 -0.00181404 -0.00215285 -0.00127764 -0.00172608 -0.00150041 -0.00271147 -0.00185279 -0.000489334 -0.00118057 -0.0011111 -0.00120295 -0.00147837 -0.00191074 -0.00174277 -0.00170991 -0.00208744 -0.00151498 -0.00135304 -0.0019139 -0.00204803 -0.00234376 -0.00210081 -0.00198222 -0.00274982 -0.00164325 -0.00162089 -0.00211087 -0.00208284 
-0.0018197 -0.00180806 -0.00159162 -0.00175291 -0.00258889 -0.0022841 -0.00186124 -0.00247254 -0.00160104 -0.00232891 -0.0012469 -0.00326326 -0.00212921 -0.00163345 -0.00234433 -0.00247513 -0.00212846 -0.0021744 -0.00230213 -0.00177928 -0.00119472 -0.00104481 -0.00196882 -0.00236958 0.00365623 0.00335115 0.0037898 0.00280026 0.141989 0.0029189 0.00295792 0.00271422 0.00301235 0.0030455 -0.000489382 -0.00113259 -0.00226013 -0.000882567 -0.00162738 -0.00130332 -0.00157652 -0.00254176 -0.00243735 -0.00182678 -0.00225474 -0.0027053 -0.00143268 -0.00132579 -0.00254418 -0.00237296 -0.00106045 -0.00175438 -0.00211488 -0.00150846 -0.0018372 -0.00246494 -0.00178677 -0.00265478 -0.00223712 -0.00174352 -0.00190357 -0.00137099 -0.00215639 -0.00113916 -0.00263599 -0.00252741 -0.00178886 -0.00137546 -0.00180301 -0.00163738 -0.0021549 -0.00194005 -0.00202765 -0.00178519 -0.00229739 -0.00280558 -0.0020766 -0.00174841 -0.00185052 -0.00219112 -0.00195019 -0.00214732 -0.00239164 -0.0012155 -0.00192475 -0.00232418 -0.00203224 -0.00207727 -0.0019991 -0.00127199 -0.00169407 -0.000891073 -0.00230372 -0.00196608 -0.00142336 -0.00159413 -0.000855908 -0.00216209 -0.00110647 -0.00164907 
-0.00174467 -0.00165642 -0.000920352 -0.00237327 -0.00239476 -0.00206303 -0.00121754 -0.00181222 -0.00182787 -0.00245717 -0.00230414 -0.00186773 -0.00187828 -0.00293214 -0.00155372 -0.00186988 -0.00216316 -0.00195694 -0.0018042 -0.00200122 -0.00254135 -0.00233531 -0.000525053 -0.00218997 0.00123933 0.00394481 0.00299618 0.00273016 0.0029189 0.130881 0.00236564 0.0028716 0.00225466 0.00159508 -0.00108753 -0.00132268 -0.000891209 -0.000827777 -0.0010391 -0.000942926 -0.00140801 -0.000944663 -0.000959363 -0.00135419 -0.00163302 -0.00136377 -0.0021207 -0.00217272 -0.00182174 -0.00222808 -0.00170538 -0.00186002 -0.00168861 -0.00197054 -0.00243994 -0.00177746 -0.00202368 -0.00212083 -0.0022435 -0.00181577 -0.00176763 -0.00274595 -0.00111477 -0.00133165 -0.00117696 -0.0013623 -0.00177447 -0.0014492 -0.00167975 -0.00158186 -0.001692 -0.00156951 -0.00164102 -0.00133529 -0.00200221 -0.00187616 -0.00144136 -0.00191056 -0.0013696 -0.0018238 -0.00217005 -0.00210292 -0.00170012 -0.00197436 -0.00175494 -0.00124563 -0.00180201 -0.00211084 -0.00184441 -0.00152133 -0.00104957 -0.00147219 -0.00116403 -0.00124999 -0.00124999 -0.00222598 -0.00132646 -0.00208829 -0.00210308 -0.0008419 
-0.00184931 -0.00217945 -0.0016261 -0.00152382 -0.00233775 -0.00285851 -0.00188554 -0.00248026 -0.00135071 -0.00176916 -0.00245915 -0.00154942 -0.00201138 -0.00211676 -0.00200167 -0.00223866 -0.00199189 -0.00181604 -0.00286456 -0.00303652 -0.0023196 -0.00168652 -0.00210531 -0.00223068 -0.00155872 0.00276673 0.00243399 0.00331491 0.00295792 0.00236564 0.140454 0.00276259 0.0022503 0.00289729 0.00264947 0.00222847 -0.00192887 -0.00112454 -0.00110075 -0.00195362 -0.00103885 -0.00206315 -0.00162871 -0.00223396 -0.00186239 -0.00197653 -0.00262606 -0.00176989 -0.00134962 -0.00181808 -0.00138692 -0.00250668 -0.00157685 -0.00177615 -0.00154644 -0.00261983 -0.00201664 -0.00224058 -0.00221601 -0.0020091 -0.00269524 -0.00109335 -0.00144687 -0.0014177 -0.00211892 -0.00160721 -0.0020468 -0.00250058 -0.0015756 -0.00138318 -0.00264041 -0.00218391 -0.00217859 -0.00185842 -0.00191444 -0.00195436 -0.0016744 -0.00194242 -0.00132979 -0.00132341 -0.00103652 -0.00199775 -0.000447614 -0.00108917 -0.00186951 -0.00142901 -0.00199593 -0.00227851 -0.00149651 -0.00119477 -0.00245106 -0.001204 -0.00167772 -0.00229355 -0.00168799 -0.00184106 -0.00206994 -0.00238918 -0.00163402 -0.0018937 
-0.00187729 -0.00172334 -0.00209273 -0.00140968 -0.00157526 -0.00247364 -0.00158309 -0.00187758 -0.0019677 -0.00156579 -0.000773931 -0.00227653 -0.00258112 -0.0019786 -0.00197387 -0.00195665 -0.00176117 -0.00235119 -0.001417 -0.00148606 -0.00248229 -0.00190501 -0.0017632 -0.00282232 -0.00272332 -0.00167143 0.00264444 0.00219902 0.00271422 0.0028716 0.00276259 0.138134 0.00312389 0.00305099 0.00366456 0.00310097 0.00202445 -0.00191379 -0.00163453 -0.00188627 -0.000970812 -0.00217766 -0.00142416 -0.00202867 -0.00142953 -0.00208713 -0.0025246 -0.00255691 -0.00148845 -0.00289549 -0.0019144 -0.00183214 -0.00212581 -0.00159797 -0.00231811 -0.00244134 -0.00101951 -0.00121829 -0.00192331 -0.00133993 -0.0012444 -0.00184195 -0.00162812 -0.00192551 -0.00229207 -0.00254433 -0.00141211 -0.00249744 -0.00109962 -0.00241534 -0.00194107 -0.00170339 -0.00198965 -0.00251971 -0.00246959 -0.00151633 -0.00225017 -0.00260928 -0.00173209 -0.00161978 -0.00159564 -0.00208964 -0.00132811 -0.0014211 -0.00166841 -0.00100269 -0.000520394 -0.00224761 -0.00161393 -0.00208955 -0.00099506 -0.00173768 -0.00205789 -0.00180762 -0.00197263 -0.00187579 -0.00248601 -0.00199896 -0.00192644 -0.00178474 
-0.00120945 -0.00199408 -0.00141967 -0.00117456 -0.0012497 -0.00232328 -0.000825254 -0.00167862 -0.00230157 -0.00216863 -0.00272573 -0.00210427 -0.00190626 -0.00239763 -0.00179864 -0.00250764 -0.00252387 -0.00201757 -0.00302421 -0.00106639 -0.00203297 -0.0022542 -0.00133602 -0.00172127 -0.000996402 -0.00208618 -0.00162393 0.000633622 0.00301235 0.00225466 0.0022503 0.00312389 0.132039 0.00236508 0.00263271 0.00207938 0.00154321 0.00146161 -0.000793236 -0.0017245 -0.00105696 -0.002438 -0.00258063 -0.00147779 -0.00180713 -0.0014097 -0.00129672 -0.000488915 -0.00112452 -0.00152323 -0.00203443 -0.00162926 -0.00214547 -0.00194227 -0.00219893 -0.00271262 -0.000922089 -0.00192452 -0.00248117 -0.00153991 -0.0015536 -0.00183076 -0.0019937 -0.00111074 -0.00258979 -0.00141505 -0.00111793 -0.00265395 -0.00132099 -0.00100025 -0.00186225 -0.00224181 -0.0016163 -0.00188918 -0.00109505 -0.00228889 -0.00179623 -0.000777288 -0.00159029 -0.00221356 -0.0018148 -0.00126057 -0.00174473 -0.00184278 -0.00166967 -0.00204663 -0.00110495 -0.00164939 -0.00121892 -0.00165865 -0.00153086 -0.00176872 -0.00110532 -0.00117708 -0.00147641 -0.00175282 -0.0018801 -0.00165895 -0.00136394 -0.00199242 
