0.119366 0.00201325 0.00211788 0.00185642 0.00283358 0.00199172 -0.000860036 -0.00110396 -0.00168503 -0.00134137 -0.00186803 -0.00170497 -0.00225129 -0.00252169 -0.00138069 -0.00277375 -0.00125486 -0.00197141 -0.00146312 -0.00222193 -0.00100675 -0.00204361 -0.00270807 -0.00167365 -0.00180945 -0.000802718 -0.00132794 -0.00130272 -0.00143705 -0.0018214 -0.00106964 -0.00101702 -0.00110899 -0.00124831 -0.00157709 -0.00121278 -0.00149923 -0.00208397 -0.00172069 -0.00144441 -0.00167848 -0.00122023 -0.0017969 -0.00190611 -0.0021246 -0.00166447 -0.00159771 -0.00108774 -0.00173854 -0.00130949 -0.000665355 -0.00120128 -0.00132711 -0.00133555 -0.00180862 -0.00181304 -0.00121327 -0.0014534 -0.00152815 -0.00115087 -0.00112291 -0.00180343 -0.000931798 -0.0014187 -0.00178103 -0.00197557 -0.00128101 -0.00158774 -0.00179981 -0.00138408 -0.00127018 -0.00130403 -0.00167055 -0.00125168 -0.00184706 -0.00133185 -0.0012827 -0.00152567 -0.00158498 -0.00102119 -0.000934147 -0.00114265 -0.0013259 -0.00203111 -0.00153865 -0.00181232 -0.00163361 -0.00121199 -0.00146936 -0.00132388 -0.00202607 -0.00159403 -0.00127385 -0.00142224 -0.00158143 -0.00171633 0.00151867 0.00155122 0.0019751 0.00192774 
0.00201325 0.125127 0.0025943 0.00255777 0.00275337 0.00254396 0.00253858 -0.00122073 -0.00109376 -0.000474399 -0.00174234 -0.00158092 -0.00189753 -0.0019535 -0.00178968 -0.00208795 -0.0019351 -0.00126457 -0.00137604 -0.00292699 -0.00198668 -0.0019486 -0.00243125 -0.0019112 -0.00228452 -0.000773115 -0.00190528 -0.000520909 -0.00206321 -0.00161297 -0.0011672 -0.00185235 -0.00202074 -0.00234102 -0.00113063 -0.00213611 -0.00149642 -0.00167607 -0.00137034 -0.00197347 -0.00135491 -0.00217772 -0.00200545 -0.00157063 -0.00137905 -0.00092323 -0.00151251 -0.0014558 -0.00190623 -0.00122964 -0.0016112 -0.00181515 -0.00161473 -0.00159871 -0.00188699 -0.00133839 -0.00165174 -0.00193985 -0.00168679 -0.00169222 -0.00169184 -0.000760718 -0.00151525 -0.0018506 -0.00126606 -0.000532445 -0.00179082 -0.00166097 -0.00143799 -0.00180499 -0.00151853 -0.00153635 -0.00161584 -0.00187621 -0.00103962 -0.000868275 -0.00227807 -0.00150635 -0.00202059 -0.002514 -0.00148464 -0.00230984 -0.00243003 -0.00164869 -0.00114669 -0.00269103 -0.000969672 -0.000811951 -0.000831909 -0.00141507 -0.00127149 -0.00166599 -0.00128605 -0.00192952 -0.00180434 -0.0012531 -0.00172108 0.00184322 0.00145587 0.00262538 
0.00211788 0.0025943 0.126323 0.00297287 0.00229062 0.00264172 0.00175858 0.0019583 -0.00115592 -0.00105314 -0.00133652 -0.00249894 -0.00266059 -0.00217914 -0.00216977 -0.00119703 -0.0018032 -0.00158863 -0.00141048 -0.00253959 -0.00248848 -0.00194941 -0.00262449 -0.00170921 -0.00191097 -0.00129987 -0.000735824 -0.0012109 -0.000873767 -0.00051695 -0.00239748 -0.00239667 -0.000989823 -0.0015501 -0.00195245 -0.00186621 -0.00246059 -0.0018192 -0.00113157 -0.0012328 -0.00200037 -0.00170274 -0.00219437 -0.00185178 -0.00173616 -0.00149214 -0.000982967 -0.00209629 -0.00126135 -0.00191474 -0.00113585 -0.00212459 -0.000106449 -0.00165847 -0.00110811 -0.0016678 -0.00139342 -0.00153002 -0.00249035 -0.00105535 -0.00156517 -0.00128828 -0.00137019 -0.00176734 -0.00177481 -0.00209684 -0.00146769 -0.00245215 -0.00192302 -0.00149578 -0.00113695 -0.00206736 -0.000761503 -0.00147798 -0.00161969 -0.00198338 -0.00164267 -0.0015287 -0.00163886 -0.00154093 -0.00196096 -0.00111817 -0.002166 -0.00107556 -0.00134398 -0.00163781 -0.00218598 -0.00103368 -0.000903213 -0.00130087 -0.000688111 -0.0015797 -0.00121286 -0.00159608 -0.00191972 -0.00195685 -0.00207503 -0.00148343 0.00192061 0.00147275 
0.00185642 0.00255777 0.00297287 0.123331 0.0017992 0.00304615 0.00271694 0.00201157 0.0023269 -0.000572718 -0.00106938 -0.00171671 -0.00171107 -0.00199148 -0.00195235 -0.0020675 -0.00210084 -0.000854522 -0.0012586 -0.00170071 -0.00243251 -0.00182251 -0.00170906 -0.00177991 -0.00171336 -0.00143573 -0.00246294 -0.00135349 -0.00168942 -0.00213414 -0.00179737 -0.00159604 -0.00117126 -0.00212307 -0.00141169 -0.00171214 -0.00202728 -0.00224027 -0.00181998 -0.00134638 -0.00157182 -0.0015234 -0.00165139 -0.00207691 -0.00193709 -0.000864824 -0.00117676 -0.00211685 -0.00112767 -0.00163847 -0.00097996 -0.00161106 -0.00232627 -0.00123492 -0.00134584 -0.00141912 -0.00110905 -0.00200872 -0.00134124 -0.000964792 -0.00155483 -0.000964701 -0.000961945 -0.00136468 -0.00144345 -0.00119951 -0.00182148 -0.00115642 -0.00138371 -0.00123582 -0.000934272 -0.00212566 -0.00153085 -0.00231148 -0.00247772 -0.00136865 -0.00206847 -0.00224246 -0.00130591 -0.00123411 -0.00193805 -0.0013575 -0.00182296 -0.0011958 -0.00105088 -0.0018388 -0.00167309 -0.00106439 -0.00139046 -0.00206093 -0.00151772 -0.00180039 -0.00167573 -0.00179476 -0.00141826 -0.00187522 -0.00182871 -0.00127316 -0.00249463 0.00193963 
0.00283358 0.00275337 0.00229062 0.0017992 0.123265 0.00177298 0.00287311 0.00170718 0.00234519 0.00199055 -0.00117172 -0.00132434 -0.000856216 -0.00135669 -0.0017067 -0.00129497 -0.00199854 -0.00204408 -0.000964951 -0.00252762 -0.00117351 -0.00179132 -0.00263999 -0.00151259 -0.00120794 -0.00216801 -0.000755449 -0.00131362 -0.00246063 -0.0013516 -0.00183899 -0.00124023 -0.00198572 -0.00118862 -0.00176974 -0.00173293 -0.000934494 -0.00185143 -0.00153525 -0.00169697 -0.00146206 -0.00100028 -0.00220844 -0.00157715 -0.00184678 -0.00175627 -0.00172417 -0.00147843 -0.00163762 -0.00141225 -0.00144539 -0.0010681 -0.000698028 -0.00158662 -0.0017903 -0.00199761 -0.00169072 -0.00169032 -0.00196216 -0.00182651 -0.00162202 -0.00148775 -0.00148723 -0.00178841 -0.00157515 -0.00228344 -0.00151461 -0.00171779 -0.00156733 -0.00160292 -0.000983848 -0.00144441 -0.00172934 -0.000871851 -0.00159746 -0.00168791 -0.00207195 -0.000966153 -0.00195284 -0.00168556 -0.00215011 -0.00132653 -0.00165549 -0.0012024 -0.00169286 -0.00233222 -0.00156801 -0.0016694 -0.00166789 -0.00156624 -0.00162635 -0.00169909 -0.00161584 -0.00180045 -0.00126303 -0.00168994 -0.00218427 -0.00128121 -0.00162264 -0.00112481 
0.00199172 0.00254396 0.00264172 0.00304615 0.00177298 0.133675 0.00221435 0.00227017 0.00218658 0.00237954 0.00135769 -0.00141955 -0.00165383 -0.00231206 -0.00168073 -0.00115237 -0.00221129 -0.000639071 -0.000866897 -0.00216342 -0.00272202 -0.00179737 -0.00285279 -0.00211366 -0.00208674 -0.00261683 -0.00257955 -0.00121139 -0.00226354 -0.00204637 -0.00199866 -0.00191556 -0.00111769 -0.00195864 -0.000602577 -0.00177492 -0.00262001 -0.00201812 -0.00126222 -0.00217507 -0.0017466 -0.00132165 -0.00116383 -0.0021243 -0.0028177 -0.00157551 -0.00153873 -0.00216979 -0.00173136 -0.00242307 -0.00125046 -0.00191212 -0.00162653 -0.0012692 -0.00212253 -0.00199992 -0.00151427 -0.00168043 -0.00110433 -0.00213335 -0.00112342 -0.00119853 -0.00226688 -0.00139195 -0.00123589 -0.00156942 -0.00154727 -0.000374415 -0.00103652 -0.00137068 -0.00207965 -0.00123433 -0.00156937 -0.00165258 -0.00196587 -0.00104933 -0.00145445 -0.00154739 -0.00181518 -0.00189691 -0.00231505 -0.00125863 -0.00209431 -0.00163986 -0.00150358 -0.00197045 -0.00260484 -0.00191602 -0.00190283 -0.00206869 -0.00179624 -0.00219578 -0.00197533 -0.00190012 -0.00242152 -0.00236579 -0.00136504 -0.00183171 -0.00106797 -0.00144794 
-0.000860036 0.00253858 0.00175858 0.00271694 0.00287311 0.00221435 0.131861 0.00257696 0.00253259 0.00279496 0.00253887 0.00314247 -0.00192435 -0.00284527 -0.00208278 -0.00203004 -0.00211025 -0.00213841 -0.00217076 -0.00224579 -0.00166513 -0.0025472 -0.00279522 -0.00150546 -0.00218673 -0.00323062 -0.00182718 -0.00145793 -0.00145744 -0.00206779 -0.00210919 -0.0024635 -0.00178575 -0.00139297 -0.00138247 -0.00197175 -0.0024243 -0.00280684 -0.0015582 -0.00173442 -0.00165856 -0.00169158 -0.00212184 -0.00198948 -0.00165845 -0.00181871 -0.00245993 -0.00240289 -0.00188582 -0.00184646 -0.0010862 -0.00167001 -0.00205031 -0.00231311 -0.00125388 -0.00170081 -0.00206246 -0.00110078 -0.0011357 -0.00068429 -0.00152835 -0.0019574 -0.00145005 -0.00153793 -0.00272264 -0.00172859 -0.00160874 -0.00196078 -0.00220492 -0.00198462 -0.00098159 -0.00210539 -0.00179921 -0.00110466 -0.00163235 -0.000968203 -0.00173714 -0.00175503 -0.00194492 -0.00228086 -0.00189901 -0.00174339 -0.00216971 -0.00183434 -0.00164815 -0.00184538 -0.0015112 -0.000714771 -0.000992765 -0.00149118 -0.00153962 -0.00117425 -0.00164629 -0.00162951 -0.00151466 -0.00148946 -0.00102082 -0.00183571 -0.000944456 -0.000541124 
-0.00110396 -0.00122073 0.0019583 0.00201157 0.00170718 0.00227017 0.00257696 0.130585 0.00296592 0.00243889 0.00204572 0.00287886 0.00269114 -0.000767619 -0.00209348 -0.0021286 -0.00141427 -0.00141857 -0.00230127 -0.0018385 -0.00158777 -0.00243606 -0.00265139 -0.00235336 -0.00202811 -0.00252041 -0.0013379 -0.00160394 -0.0022292 -0.00221001 -0.00275619 -0.00103809 -0.00100352 -0.00183898 -0.00165268 -0.00299043 -0.00242358 -0.00140363 -0.00249594 -0.00133235 -0.00216248 -0.00247642 -0.00182995 -0.00192709 -0.00209769 -0.00300176 -0.00129198 -0.00127552 -0.00109993 -0.00220086 -0.00186122 -0.00129016 -0.00139581 -0.00238574 -0.00176142 -0.00193611 -0.00139439 -0.00159059 -0.00141346 -0.00184428 -0.00144271 -0.00150164 -0.00152848 -0.000983434 -0.0026179 -0.000732525 -0.00154208 -0.00194356 -0.00142151 -0.000944622 -0.00153291 -0.0019402 -0.00225781 -0.001338 -0.00192583 -0.0017544 -0.00152048 -0.00172397 -0.0016005 -0.00187529 -0.0020814 -0.00189043 -0.00176289 -0.00158646 -0.00129345 -0.00090511 -0.00143876 -0.00124878 -0.00163582 -0.00104941 -0.00126674 -0.00217265 -0.00181585 -0.00162718 -0.00227441 -0.00170874 -0.00125956 -0.0019716 -0.00137205 -0.00122365 
-0.00168503 -0.00109376 -0.00115592 0.0023269 0.00234519 0.00218658 0.00253259 0.00296592 0.125493 0.0028901 0.00240639 0.0020165 0.0012979 0.00191517 -0.00153411 -0.000163093 -0.00107611 -0.00201281 -0.00131888 -0.00281595 -0.00299486 -0.00185407 -0.00269229 -0.00177963 -0.00308348 -0.00318834 -0.00282373 -0.00218653 -0.00221607 -0.00234935 -0.00251634 -0.00193324 -0.00153785 -0.00225519 -0.00156558 -0.00170969 -0.00166441 -0.00187334 -0.00201905 -0.00107761 -0.00236383 -0.00140236 -0.0013272 -0.00173226 -0.00236897 -0.00155263 -0.00150722 -0.00102847 -0.00162114 -0.00208666 -0.00146145 -0.00158741 -0.00192182 -0.00148168 -0.00195779 -0.00160487 -0.00137641 -0.00142421 -0.00190178 -0.00131172 -0.00165202 -0.00147577 -0.000355657 -0.0015663 -0.00198686 -0.000989873 -0.00240406 -0.000978047 -0.00144662 -0.00204061 -0.00116737 -0.00254426 -0.00094158 -0.00108526 -0.00115171 -0.00149334 -0.000650297 -0.00199809 -0.00132572 -0.00179598 -0.00179499 -0.000906422 -0.0022981 -0.00124231 -0.000859147 -0.00116806 -0.00211705 -0.0012902 -0.00141732 -0.00183451 -0.0011107 -0.00200568 -0.00172637 -0.0018828 -0.0014138 -0.00112326 -0.00175871 -0.000852066 -0.00179456 -0.00153463 
-0.00134137 -0.000474399 -0.00105314 -0.000572718 0.00199055 0.00237954 0.00279496 0.00243889 0.0028901 0.139621 0.00296766 0.00296227 0.00272217 0.00301305 -0.00145804 -0.000264364 -0.00190264 -0.00259567 -0.00200989 -0.00306348 -0.00209111 -0.00248893 -0.00207711 -0.00163054 -0.00258263 -0.00191871 -0.00142857 -0.00299032 -0.00163586 -0.00223141 -0.00203068 -0.0017867 -0.00201791 -0.00246824 -0.00227528 -0.00187554 -0.00212832 -0.00254218 -0.00196961 -0.0020215 -0.00163957 -0.00215103 -0.00281523 -0.00245508 -0.00266641 -0.00198456 -0.00108576 -0.00144352 -0.00212627 -0.00292594 -0.00188032 -0.00163688 -0.0025043 -0.00184042 -0.00205248 -0.00149974 -0.00148921 -0.00140307 -0.00174052 -0.00147103 -0.00130567 -0.000891743 -0.00207705 -0.0010572 -0.00187369 -0.00201323 -0.00227553 -0.00278803 -0.00219671 -0.0021369 -0.00190002 -0.00173931 -0.00249912 -0.00192019 -0.0017377 -0.002342 -0.00170064 -0.00111804 -0.00183039 -0.00230568 -0.00163267 -0.000879819 -0.00147826 -0.00210204 -0.00174485 -0.000646228 -0.00229058 -0.00176399 -0.000991308 -0.000843821 -0.00126427 -0.00147428 -0.00200108 -0.000686627 -0.00152177 -0.00214351 -0.0012601 -0.00154056 -0.00176653 -0.00230084 
-0.00186803 -0.00174234 -0.00133652 -0.00106938 -0.00117172 0.00135769 0.00253887 0.00204572 0.00240639 0.00296766 0.137199 0.0033876 0.00304513 0.0026743 0.00185143 0.00313129 -0.00154591 -0.00158308 -0.00118028 -0.00109659 -0.00140517 -0.00164703 -0.00187788 -0.0019016 -0.00261502 -0.00231383 -0.00153611 -0.00228118 -0.0017717 -0.00258038 -0.00339307 -0.00196225 -0.00262613 -0.00274282 -0.00165463 -0.00282131 -0.00171265 -0.0018301 -0.00208383 -0.0019016 -0.00185394 -0.00212078 -0.0020053 -0.00272906 -0.00215779 -0.00193208 -0.00186455 -0.00210345 -0.00281648 -0.00147991 -0.00237266 -0.00151587 -0.00166593 -0.00207051 -0.00137805 -0.0015247 -0.00197652 -0.00188496 -0.00189057 -0.00149613 -0.00170443 -0.0015002 -0.00148573 -0.00214901 -0.00180862 -0.00165108 -0.00221907 -0.00199661 -0.00151857 -0.00210443 -0.00133831 -0.00154562 -0.00184278 -0.00152822 -0.00202512 -0.00204164 -0.00142959 -0.00200097 -0.00192798 -0.0020678 -0.00181423 -0.00156901 -0.00158668 -0.00224058 -0.00254384 -0.00184651 -0.00214198 -0.00154064 -0.00234553 -0.00190584 -0.000870067 -0.00135691 -0.0019721 -0.00144811 -0.00143215 -0.00114028 -0.00164661 -0.000489592 -0.00151871 -0.00121879 
-0.00170497 -0.00158092 -0.00249894 -0.00171671 -0.00132434 -0.00141955 0.00314247 0.00287886 0.0020165 0.00296227 0.0033876 0.143989 0.00224296 0.00280928 0.00278335 0.00193825 0.0022113 -0.00119436 -0.00193617 -0.00277452 -0.00210213 -0.00208747 -0.00259961 -0.00247718 -0.00130577 -0.0016224 -0.00269285 -0.00217755 -0.00297469 -0.00227211 -0.00134801 -0.00142907 -0.00224731 -0.00300374 -0.00237903 -0.00222416 -0.00223886 -0.00240716 -0.00155242 -0.00252224 -0.00270812 -0.00140348 -0.0022977 -0.00237868 -0.00209634 -0.00227759 -0.00149282 -0.00208681 -0.00218311 -0.0023916 -0.00244171 -0.00172322 -0.00198019 -0.00185049 -0.00108104 -0.00195294 -0.00162828 -0.00169645 -0.00178892 -0.00158466 -0.00246692 -0.00263165 -0.0019063 -0.0014685 -0.00144479 -0.00112305 -0.00272733 -0.00165922 -0.00215871 -0.00165712 -0.00248543 -0.000220215 -0.00119174 -0.00189798 -0.00145135 -0.00214797 -0.00280788 -0.00229391 -0.00173139 -0.00239984 -0.00255672 -0.00194484 -0.00154421 -0.00210199 -0.00166791 -0.00163376 -0.00122158 -0.0012298 -0.00140047 -0.0014076 -0.00168429 -0.00179697 -0.00118178 -0.00148135 -0.0014271 -0.00317581 -0.00152699 -0.00207769 -0.00163613 -0.000934756 
-0.00225129 -0.00189753 -0.00266059 -0.00171107 -0.000856216 -0.00165383 -0.00192435 0.00269114 0.0012979 0.00272217 0.00304513 0.00224296 0.139377 0.00312232 0.00341479 0.00346904 0.0022286 -0.00213768 -0.00143032 -0.00154241 -0.0031512 -0.00169712 -0.00230661 -0.00130201 -0.00169648 -0.0033293 -0.00118634 -0.00316843 -0.00147832 -0.00177446 -0.00189302 -0.00258159 -0.00191746 -0.00226223 -0.00219528 -0.00305707 -0.00231862 -0.00198115 -0.00251131 -0.00153161 -0.00152947 -0.00189489 -0.00157702 -0.00250777 -0.0015456 -0.0017247 -0.00179867 -0.00240648 -0.0019201 -0.00154483 -0.00149452 -0.00146986 -0.000605524 -0.00149418 -0.00168434 -0.00117477 -0.000935903 -0.00227802 -0.00191993 -0.00181188 -0.00165834 -0.0017784 -0.001157 -0.00137837 -0.000851676 -0.00190157 -0.00238252 -0.00204891 -0.00193806 -0.00193268 -0.00204147 -0.0019836 -0.00194614 -0.00126933 -0.00193453 -0.00120914 -0.00148379 -0.00156341 -0.0018514 -0.00177435 -0.0012972 -0.00299992 -0.00151255 -0.00144957 -0.00156985 -0.00173159 -0.00167368 -0.00124645 -0.00217626 -0.00154894 -0.001748 -0.00182071 -0.00200275 -0.00143219 -0.00160741 -0.00240604 -0.00185942 -0.000687829 -0.00215172 -0.00188122 
-0.00252169 -0.0019535 -0.00217914 -0.00199148 -0.00135669 -0.00231206 -0.00284527 -0.000767619 0.00191517 0.00301305 0.0026743 0.00280928 0.00312232 0.145756 0.00363132 0.00288815 0.00222235 0.00351057 0.00370809 -0.00253752 -0.0020632 -0.00323304 -0.00220461 -0.0019041 -0.00196553 -0.00225695 -0.00110622 -0.0013891 -0.0018759 -0.00200423 -0.00318436 -0.00182187 -0.0016322 -0.00213271 -0.00153395 -0.0010521 -0.00262691 -0.00201473 -0.00222003 -0.00244037 -0.00242505 -0.00174973 -0.00122576 -0.00218427 -0.00175403 -0.00148743 -0.00153114 -0.00285077 -0.00222666 -0.00232423 -0.00191218 -0.00114303 -0.00250649 -0.00241486 -0.000495607 -0.00216418 -0.00229467 -0.00171374 -0.00271061 -0.00151104 -0.00172261 -0.00200457 -0.00177491 -0.00102186 -0.00152289 -0.00239051 -0.00272548 -0.00207818 -0.00141688 -0.0022327 -0.00232538 -0.00124576 -0.00221741 -0.00197107 -0.00129441 -0.00211134 -0.00128057 -0.0021868 -0.00164824 -0.00170649 -0.00168329 -0.00241374 -0.00165754 -0.00183885 -0.00117042 -0.00205687 -0.00308696 -0.000982963 -0.00251019 -0.0029271 -0.00171452 -0.00219995 -0.00137256 -0.00162297 -0.00244301 -0.0026339 -0.00295591 -0.00184875 -0.00177848 -0.00172181 
-0.00138069 -0.00178968 -0.00216977 -0.00195235 -0.0017067 -0.00168073 -0.00208278 -0.00209348 -0.00153411 -0.00145804 0.00185143 0.00278335 0.00341479 0.00363132 0.148274 0.00256378 0.00306573 0.00353372 0.00327616 0.0023186 -0.00181572 -0.00214613 -0.00171211 -0.00131748 -0.00163296 -0.00256301 -0.00198222 -0.00232965 -0.00234123 -0.00247638 -0.00289359 -0.00257142 -0.00230664 -0.00208845 -0.0014951 -0.00183364 -0.00181191 -0.00206423 -0.00217044 -0.00173465 -0.00186269 -0.00219396 -0.0023881 -0.00248888 -0.00158586 -0.00275413 -0.00235518 -0.00274034 -0.00164912 -0.0016147 -0.00305692 -0.00121791 -0.00106278 -0.00261062 -0.00155075 -0.00170751 -0.00114154 -0.00144319 -0.00204584 -0.00264195 -0.000748096 -0.00267085 -0.00258837 -0.00217004 -0.00175039 -0.00205648 -0.00242402 -0.00188635 -0.00153714 -0.00205485 -0.00241522 -0.00192982 -0.00171878 -0.00283487 -0.00194783 -0.00252003 -0.0019988 -0.00246352 -0.00212683 -0.00173623 -0.00116998 -0.00159713 -0.00128573 -0.00200644 -0.00175574 -0.00101689 -0.0023848 -0.00128373 -0.00236865 -0.00188295 -0.000679587 -0.00199411 -0.00104907 -0.000906743 -0.00154793 -0.00176722 -0.00209447 -0.00285151 -0.00276435 -0.0014803 
-0.00277375 -0.00208795 -0.00119703 -0.0020675 -0.00129497 -0.00115237 -0.00203004 -0.0021286 -0.000163093 -0.000264364 0.00313129 0.00193825 0.00346904 0.00288815 0.00256378 0.138345 0.00255591 0.0029163 0.00260405 0.00239008 -0.0029563 -0.00108563 -0.000827612 -0.00228737 -0.00172261 -0.00215365 -0.00155149 -0.00188181 -0.00233732 -0.00230652 -0.0018214 -0.00231709 -0.00271792 -0.00144569 -0.00126419 -0.00194528 -0.00277597 -0.00148263 -0.000974798 -0.00215294 -0.00154534 -0.00162466 -0.00238077 -0.00165613 -0.00171998 -0.001788 -0.00182783 -0.00251478 -0.00290501 -0.00194586 -0.00167534 -0.00191484 -0.0019716 -0.00137507 -0.00159292 -0.00182027 -0.00201986 -0.00278502 -0.00157222 -0.00213727 -0.000763732 -0.00156418 -0.00162655 -0.0020677 -0.0017434 -0.0017234 -0.00240672 -0.0019547 -0.00119144 -0.00217522 -0.00268255 -0.0019284 -0.00147987 -0.00192077 -0.00143903 -0.00255964 -0.00273807 -0.00216194 -0.00162922 -0.00180474 -0.00195495 -0.00230214 -0.000702194 -0.00190125 -0.00164632 -0.00136216 -0.00220344 -0.00087468 -0.00127901 -0.00216095 -0.00151885 -0.00148926 -0.00146329 -0.00196062 -0.00196696 -0.00124044 -0.0019175 -0.00200723 -0.00155238 -0.0017968 
-0.00125486 -0.0019351 -0.0018032 -0.00210084 -0.00199854 -0.00221129 -0.00211025 -0.00141427 -0.00107611 -0.00190264 -0.00154591 0.0022113 0.0022286 0.00222235 0.00306573 0.00255591 0.14528 0.00234086 0.00260879 0.00429975 0.00300812 0.00210551 -0.00153192 -0.00161483 -0.00209062 -0.00260915 -0.00300536 -0.00128901 -0.00307378 -0.00337658 -0.00303711 -0.00286041 -0.00128795 -0.00309596 -0.00151428 -0.00246556 -0.0016489 -0.00262012 -0.0023297 -0.00244018 -0.00203175 -0.00238227 -0.00168049 -0.00178308 -0.00197634 -0.00197714 -0.00158215 -0.00287665 -0.00197407 -0.00258061 -0.0015416 -0.00179898 -0.00138354 -0.00176167 -0.00292914 -0.002332 -0.00210394 -0.00233193 -0.00193489 -0.00150179 -0.00255297 -0.00238766 -0.00171539 -0.0019227 -0.00100583 -0.00186279 -0.00175844 -0.00158737 -0.00188621 -0.00110098 -0.00156615 -0.000829513 -0.00117079 -0.00144034 -0.00199317 -0.00146849 -0.000749046 -0.00172427 -0.00188808 -0.00210134 -0.00171853 -0.00243811 -0.0017595 -0.00138114 -0.00165989 -0.00165599 -0.00245999 -0.00137803 -0.00227566 -0.00175086 -0.00180183 -0.00237755 -0.00208611 -0.00239735 -0.00158861 -0.00180782 -0.00177621 -0.0013893 -0.00220947 -0.00159506 
-0.00197141 -0.00126457 -0.00158863 -0.000854522 -0.00204408 -0.000639071 -0.00213841 -0.00141857 -0.00201281 -0.00259567 -0.00158308 -0.00119436 -0.00213768 0.00351057 0.00353372 0.0029163 0.00234086 0.142185 0.00343072 0.00272722 0.00280318 0.0023104 0.00261747 -0.00118449 -0.000341899 -0.0016861 -0.00204891 -0.00140702 -0.00266308 -0.00302391 -0.00205236 -0.00207788 -0.00212605 -0.00263877 -0.00152343 -0.00120983 -0.00196519 -0.00279421 -0.00277708 -0.00148746 -0.00187175 -0.00246665 -0.00202656 -0.00298198 -0.00233289 -0.00246256 -0.0024841 -0.00270692 -0.00263392 -0.00173608 -0.00214757 -0.00184664 -0.00239788 -0.00176031 -0.0020776 -0.0021735 -0.00250019 -0.00234592 -0.00129726 -0.00166913 -0.00113593 -0.00158349 -0.000736472 -0.00196739 -0.00206473 -0.00209814 -0.00124958 -0.00218747 -0.00215716 -0.00205824 -0.00269935 -0.00139056 -0.00183105 -0.00208845 -0.00185716 -0.00160874 -0.00134776 -0.000391443 -0.00202562 -0.00110086 -0.0012121 -0.00206742 -0.00100634 -0.00193137 -0.00220401 -0.00145752 -0.00152751 -0.00168168 -0.00173839 -0.00181998 -0.0022652 -0.00195858 -0.00167327 -0.00176188 -0.00198395 -0.00210762 -0.00204482 -0.00247345 -0.00230253 -0.00120802 
-0.00146312 -0.00137604 -0.00141048 -0.0012586 -0.000964951 -0.000866897 -0.00217076 -0.00230127 -0.00131888 -0.00200989 -0.00118028 -0.00193617 -0.00143032 0.00370809 0.00327616 0.00260405 0.00260879 0.00343072 0.154388 0.00432062 0.00117882 0.00289824 0.00225449 -0.000827614 -0.00202399 -0.0027713 -0.00240533 -0.00213942 -0.00260947 -0.00200347 -0.00200524 -0.00120838 -0.00250161 -0.00204572 -0.00228462 -0.00235615 -0.00356314 -0.00269337 -0.00255296 -0.0011818 -0.00140488 -0.00209511 -0.00231329 -0.00224251 -0.000987536 -0.00237759 -0.00315627 -0.00254738 -0.00354883 -0.00213024 -0.0021082 -0.00151662 -0.00224579 -0.002101 -0.00112001 -0.00181519 -0.00171115 -0.00260387 -0.00165385 -0.00175519 -0.00220573 -0.00125946 -0.00221157 -0.00231188 -0.00308094 -0.0017403 -0.00137701 -0.00107658 -0.00189024 -0.00286156 -0.0016992 -0.00229131 -0.00212212 -0.00224336 -0.00230982 -0.00319627 -0.00228259 -0.00215373 -0.00227846 -0.00256638 -0.00156566 -0.00303712 -0.00180614 -0.00196815 -0.00162554 -0.00276571 -0.00258914 -0.000969297 -0.00131731 -0.00238295 -0.00222789 -0.00123523 -0.00203933 -0.00199811 -0.00238504 -0.00269393 -0.00152752 -0.00181035 -0.00153545 -0.00173355 
-0.00222193 -0.00292699 -0.00253959 -0.00170071 -0.00252762 -0.00216342 -0.00224579 -0.0018385 -0.00281595 -0.00306348 -0.00109659 -0.00277452 -0.00154241 -0.00253752 0.0023186 0.00239008 0.00429975 0.00272722 0.00432062 0.149174 0.00316857 0.0032658 0.00302504 0.00267548 0.00278772 -0.00179527 -0.00313671 -0.00123848 -0.00204101 -0.00222545 -0.00273337 -0.00183114 -0.00223588 -0.00315894 -0.0028494 -0.00208448 -0.00224701 -0.00175378 -0.00288394 -0.00144055 -0.00153816 -0.00219546 -0.00224793 -0.00175451 -0.00150524 -0.00212562 -0.00172652 -0.00219046 -0.00222209 -0.00170154 -0.00187271 -0.00192323 -0.00137401 -0.000971264 -0.00270319 -0.00160363 -0.0015681 -0.00172675 -0.00194396 -0.00138614 -0.00272691 -0.00162236 -0.00169181 -0.000865878 -0.0016562 -0.0028905 -0.00296101 -0.00193874 -0.00273351 -0.0020669 -0.00271792 -0.00296668 -0.00156293 -0.00237993 -0.00126701 -0.00243229 -0.00242082 -0.00229073 -0.00231407 -0.00124395 -0.0017456 -0.00234744 -0.00185601 -0.00176252 -0.00206268 -0.00102181 -0.00189012 -0.00160248 -0.00126651 -0.00215687 -0.00208698 -0.00129536 -0.00167647 -0.0022507 -0.00210544 -0.00201369 -0.00148595 -0.0015454 -0.00174884 -0.00155088 
-0.00100675 -0.00198668 -0.00248848 -0.00243251 -0.00117351 -0.00272202 -0.00166513 -0.00158777 -0.00299486 -0.00209111 -0.00140517 -0.00210213 -0.0031512 -0.0020632 -0.00181572 -0.0029563 0.00300812 0.00280318 0.00117882 0.00316857 0.141515 0.0035079 0.00233655 0.00167778 0.0025809 0.00169772 -0.00147223 -0.00132033 -0.00169525 -0.00141856 -0.00223498 -0.00124528 -0.00113707 -0.0015742 -0.00225616 -0.00180347 -0.00135656 -0.000972621 -0.00256282 -0.00162114 -0.00216363 -0.000932159 -0.0023809 -0.00257118 -0.00257711 -0.00191678 -0.00139518 -0.00185323 -0.00207374 -0.00159627 -0.00279978 -0.00139493 -0.00259966 -0.00259519 -0.00102673 -0.00141674 -0.00128597 -0.00189941 -0.000905406 -0.00159703 -0.00164483 -0.00177619 -0.00150855 -0.00240619 -0.00220907 -0.0018578 -0.0020218 -0.00163909 -0.00145865 -0.0014345 -0.00218738 -0.00188562 -0.00208606 -0.00144713 -0.000133106 -0.0027448 -0.0011856 -0.0020203 -0.00218357 -0.0016224 -0.00158419 -0.00111463 -0.00213414 -0.00160759 -0.0016996 -0.00220582 -0.00203059 -0.00218181 -0.00208988 -0.00186878 -0.00157705 -0.00161606 -0.00159135 -0.000881351 -0.00105604 -0.00205893 -0.00217803 -0.00151945 -0.00184516 -0.00188744 
-0.00204361 -0.0019486 -0.00194941 -0.00182251 -0.00179132 -0.00179737 -0.0025472 -0.00243606 -0.00185407 -0.00248893 -0.00164703 -0.00208747 -0.00169712 -0.00323304 -0.00214613 -0.00108563 0.00210551 0.0023104 0.00289824 0.0032658 0.0035079 0.139043 0.0025728 0.00211945 0.00248542 0.00277566 -0.00178934 -0.00189346 -0.00263828 -0.00190288 -0.00151286 -0.00216934 -0.00212774 -0.0020825 -0.00195042 -0.00206602 -0.00202152 -0.00173208 -0.00160914 -0.00240615 -0.00271049 -0.00147163 -0.00279297 -0.000780551 -0.00145475 -0.00220807 -0.00286883 -0.00198029 -0.00251423 -0.00194498 -0.00196053 -0.00111783 -0.00131088 -0.00197626 -0.00122403 -0.00163861 -0.00167315 -0.00177408 -0.00152476 -0.00136908 -0.00195868 -0.00168757 -0.00213034 -0.00156215 -0.00139305 -0.00214545 -0.00153598 -0.00201533 -0.00161202 -0.00171626 -0.00123837 -0.00177647 -0.00117208 -0.00220016 -0.000738109 -0.0014179 -0.000521612 -0.00168254 -0.00208358 -0.000780023 -0.00185709 -0.00171735 -0.00172986 -0.00205106 -0.00117102 -0.000634021 -0.00157601 -0.002075 -0.00208889 -0.001514 -0.00225998 -0.00164579 -0.00108456 -0.00159943 -0.00156425 -0.00193124 -0.00171491 -0.00164154 -0.00245796 -0.00262981 
-0.00270807 -0.00243125 -0.00262449 -0.00170906 -0.00263999 -0.00285279 -0.00279522 -0.00265139 -0.00269229 -0.00207711 -0.00187788 -0.00259961 -0.00230661 -0.00220461 -0.00171211 -0.000827612 -0.00153192 0.00261747 0.00225449 0.00302504 0.00233655 0.0025728 0.148628 0.00215551 0.00398754 0.00280751 0.00284887 -0.000930855 -0.000334501 -0.000929279 -0.00135667 -0.00159054 -0.00140204 -0.00161378 -0.00130885 -0.00231892 -0.00194142 -0.00285218 -0.00184826 -0.00105608 -0.00210388 -0.00223061 -0.00202591 -0.00063877 -0.00212411 -0.0024693 -0.00251539 -0.00231409 -0.00191988 -0.00159221 -0.00293051 -0.00264551 -0.00122552 -0.00128746 -0.00178225 -0.00211993 -0.00186107 -0.00118367 -0.00186758 -0.00205361 -0.0019008 -0.00223482 -0.0017126 -0.00229477 -0.00285656 -0.00157272 -0.000993448 -0.00195529 -0.00196735 -0.00267796 -0.00247142 -0.00236051 -0.00159347 -0.00260201 -0.00180814 -0.00137372 -0.00195438 -0.00187626 -0.00189384 -0.00148701 -0.00194779 -0.000656512 -0.00186948 -0.00115658 -0.00207798 -0.00225233 -0.00189291 -0.00149458 -0.00184107 -0.00241509 -0.00186295 -0.00140274 -0.00151471 -0.00194068 -0.00311603 -0.00134466 -0.00190832 -0.00215802 -0.00217708 -0.00200087 
-0.00167365 -0.0019112 -0.00170921 -0.00177991 -0.00151259 -0.00211366 -0.00150546 -0.00235336 -0.00177963 -0.00163054 -0.0019016 -0.00247718 -0.00130201 -0.0019041 -0.00131748 -0.00228737 -0.00161483 -0.00118449 -0.000827614 0.00267548 0.00167778 0.00211945 0.00215551 0.134229 0.00166141 0.00264249 0.00262406 0.00261183 -0.00102685 -0.000730851 -0.001461 -0.00136537 -0.00138872 -0.0013324 -0.00164699 -0.00215868 -0.00220031 -0.00117523 -0.00178126 -0.00118686 -0.00244721 -0.00243521 -0.00170052 -0.00174023 -0.00178918 -0.00230423 -0.0016231 -0.00168611 -0.00214137 -0.00193847 -0.00203123 -0.00195349 -0.0015716 -0.00160213 -0.00152821 -0.0022049 -0.00218622 -0.0017417 -0.00165821 -0.00185492 -0.00187209 -0.00132848 -0.00156235 -0.00111965 -0.00252648 -0.00166575 -0.00221663 -0.0014925 -0.00220923 -0.00111653 -0.00083162 -0.00280183 -0.00212128 -0.00231954 -0.000536058 -0.00117204 -0.00046644 -0.0017369 -0.00189636 -0.00141815 -0.00119879 -0.00171656 -0.00180939 -0.00250296 -0.00180579 -0.00201346 -0.00122307 -0.00182564 -0.00156259 -0.00111365 -0.000536225 -0.00130443 -0.00116093 -0.00167018 -0.00143199 -0.00165139 -0.00123503 -0.00172137 -0.00215448 -0.00197026 
-0.00180945 -0.00228452 -0.00191097 -0.00171336 -0.00120794 -0.00208674 -0.00218673 -0.00202811 -0.00308348 -0.00258263 -0.00261502 -0.00130577 -0.00169648 -0.00196553 -0.00163296 -0.00172261 -0.00209062 -0.000341899 -0.00202399 0.00278772 0.0025809 0.00248542 0.00398754 0.00166141 0.143277 0.00275253 0.00329827 0.0031541 0.00227968 0.0029277 -0.00166188 -0.00265811 -0.00234932 -0.0015707 -0.00177586 -0.00315606 -0.00188724 -0.000964984 -0.00159013 -0.00139278 -0.00188739 -0.00168954 -0.00236327 -0.00128518 -0.00241865 -0.0012787 -0.00247776 -0.00153117 -0.00222246 -0.00200957 -0.00241382 -0.00261779 -0.00189731 -0.0020219 -0.00244331 -0.00213444 -0.00199709 -0.00191736 -0.00208339 -0.00224423 -0.00191182 -0.00200396 -0.00170102 -0.00154502 -0.00189425 -0.00222133 -0.00248394 -0.00133639 -0.00290392 -0.00217435 -0.00203132 -0.00166959 -0.00187082 -0.0018423 -0.00134254 -0.00202809 -0.00172367 -0.00194944 -0.00169312 -0.00155359 -0.00172161 -0.00126423 -0.00178853 -0.00286851 -0.00129372 -0.00177636 -0.00213691 -0.00150549 -0.00215136 -0.00218241 -0.00185747 -0.00185384 -0.00137509 -0.00210155 -0.00187083 -0.00115421 -0.00223555 -0.0017272 -0.00222817 -0.00198894 
-0.000802718 -0.000773115 -0.00129987 -0.00143573 -0.00216801 -0.00261683 -0.00323062 -0.00252041 -0.00318834 -0.00191871 -0.00231383 -0.0016224 -0.0033293 -0.00225695 -0.00256301 -0.00215365 -0.00260915 -0.0016861 -0.0027713 -0.00179527 0.00169772 0.00277566 0.00280751 0.00264249 0.00275253 0.143805 0.002286 0.00330069 0.00186433 0.00205361 0.00255461 -0.00196221 -0.0010466 -0.00154014 -0.00144931 -0.00138276 -0.00205071 -0.00177485 -0.00108561 -0.00280015 -0.000745408 -0.00166624 -0.00318308 -0.00177549 -0.00164539 -0.000708578 -0.00186864 -0.00220641 -0.00142534 -0.000927838 -0.0019473 -0.00155669 -0.00227756 -0.00204956 -0.00176819 -0.00237658 -0.00135587 -0.00183565 -0.00213284 -0.00211849 -0.000991527 -0.00160358 -0.00273823 -0.00134412 -0.00264079 -0.00148804 -0.00194481 -0.00179672 -0.0018856 -0.00152399 -0.00223489 -0.00180912 -0.001919 -0.00252137 -0.00180947 -0.00157493 -0.0021316 -0.0013901 -0.000813748 -0.00194877 -0.0020065 -0.00184044 -0.00162076 -0.00207809 -0.00234957 -0.00110422 -0.00157103 -0.00200549 -0.00176428 -0.00233151 -0.00170305 -0.00242907 -0.00169043 -0.00280783 -0.00300877 -0.00133214 -0.00152693 -0.00223172 -0.00187091 -0.00143771 
-0.00132794 -0.00190528 -0.000735824 -0.00246294 -0.000755449 -0.00257955 -0.00182718 -0.0013379 -0.00282373 -0.00142857 -0.00153611 -0.00269285 -0.00118634 -0.00110622 -0.00198222 -0.00155149 -0.00300536 -0.00204891 -0.00240533 -0.00313671 -0.00147223 -0.00178934 0.00284887 0.00262406 0.00329827 0.002286 0.138901 0.00248208 0.00281996 0.00284843 0.00169475 0.00177947 -0.00184967 -0.00102691 -0.00171616 -0.00111115 -0.00203343 -0.000902274 -0.00170886 -0.00181656 -0.00138765 -0.00163708 -0.00190581 -0.00146603 -0.00177823 -0.00249384 -0.00286379 -0.00198347 -0.00210616 -0.00138726 -0.00249165 -0.00226916 -0.00184703 -0.00179207 -0.00188207 -0.000999546 -0.0019088 -0.00198756 -0.00243727 -0.0019546 -0.00169806 -0.00214702 -0.00151032 -0.00222779 -0.00187047 -0.00168862 -0.00211235 -0.00173634 -0.00166048 -0.000891999 -0.00171088 -0.00123692 -0.00127994 -0.00184738 -0.00117185 -0.00185949 -0.0021388 -0.00101696 -0.00191338 -0.00183126 -0.0015932 -0.00184888 -0.00136464 -0.00183995 -0.00197778 -0.00184103 -0.00249711 -0.00142621 -0.00232161 -0.00269976 -0.000818283 -0.000760735 -0.0020584 -0.00151283 -0.00200678 -0.00194587 -0.00197786 -0.00124114 -0.00215737 -0.00230122 
-0.00130272 -0.000520909 -0.0012109 -0.00135349 -0.00131362 -0.00121139 -0.00145793 -0.00160394 -0.00218653 -0.00299032 -0.00228118 -0.00217755 -0.00316843 -0.0013891 -0.00232965 -0.00188181 -0.00128901 -0.00140702 -0.00213942 -0.00123848 -0.00132033 -0.00189346 -0.000930855 0.00261183 0.0031541 0.00330069 0.00248208 0.139774 0.00288563 0.00206177 0.00288946 0.00282264 0.00193262 -0.00165767 -0.00111376 -0.00176837 -0.000479237 -0.00141482 -0.00181401 -0.00159703 -0.00215058 -0.00205191 -0.00281481 -0.00275229 -0.00149044 -0.00200144 -0.00187841 -0.00216057 -0.00146979 -0.0021609 -0.00158483 -0.00177597 -0.00165779 -0.00190553 -0.00171975 -0.00214459 -0.00158288 -0.000984888 -0.00137226 -0.00166609 -0.00132156 -0.00159001 -0.00129598 -0.00135335 -0.00147826 -0.00161724 -0.00105275 -0.00140651 -0.00240117 -0.00223209 -0.00181344 -0.0017207 -0.00190324 -0.00275737 -0.00227478 -0.00147295 -0.0019541 -0.00162299 -0.00289584 -0.00193263 -0.00193882 -0.00292934 -0.00197409 -0.00240328 -0.00172537 -0.00179064 -0.0019899 -0.00233499 -0.00140938 -0.00273997 -0.00218867 -0.00178036 -0.00223881 -0.0021079 -0.0030172 -0.000729915 -0.00146412 -0.00317624 -0.00246493 -0.00164505 
-0.00143705 -0.00206321 -0.000873767 -0.00168942 -0.00246063 -0.00226354 -0.00145744 -0.0022292 -0.00221607 -0.00163586 -0.0017717 -0.00297469 -0.00147832 -0.0018759 -0.00234123 -0.00233732 -0.00307378 -0.00266308 -0.00260947 -0.00204101 -0.00169525 -0.00263828 -0.000334501 -0.00102685 0.00227968 0.00186433 0.00281996 0.00288563 0.135054 0.00309994 0.00274294 0.00173077 0.00211671 0.00255248 -0.00165917 -0.00126227 -0.00193214 -0.00196021 -0.00114679 -0.00171343 -0.00152634 -0.00163112 -0.00249388 -0.00163742 -0.00243455 -0.00200554 -0.00222257 -0.00127806 -0.00133572 -0.00170774 -0.00119745 -0.00174003 -0.00170331 -0.0017367 -0.00247556 -0.00195198 -0.0019186 -0.000939572 -0.00202239 -0.00167813 -0.00123983 -0.00115591 -0.00195702 -0.00187581 -0.00151346 -0.00201467 -0.00181799 -0.000902543 -0.00116629 -0.00133296 -0.00122948 -0.00198039 -0.00178689 -0.00163054 -0.00141715 -0.00120373 -0.00201988 -0.00172089 -0.00230909 -0.00161997 -0.00138992 -0.00212919 -0.0017705 -0.00102723 -0.00193405 -0.00032767 -0.00216052 -0.0019574 -0.00104552 -0.00195613 -0.00141503 -0.00168409 -0.00160861 -0.0012847 -0.0024003 -0.00116336 -0.00162044 -0.00267001 -0.00162473 -0.0015847 
-0.0018214 -0.00161297 -0.00051695 -0.00213414 -0.0013516 -0.00204637 -0.00206779 -0.00221001 -0.00234935 -0.00223141 -0.00258038 -0.00227211 -0.00177446 -0.00200423 -0.00247638 -0.00230652 -0.00337658 -0.00302391 -0.00200347 -0.00222545 -0.00141856 -0.00190288 -0.000929279 -0.000730851 0.0029277 0.00205361 0.00284843 0.00206177 0.00309994 0.135391 0.00298508 0.00234208 0.00195402 0.00258663 -0.00188221 -0.00173826 -0.000878124 -0.00127806 -0.0020134 -0.00134178 -0.00199415 -0.00117336 -0.00188804 -0.00118839 -0.0012913 -0.00114215 -0.00156264 -0.00188861 -0.000603676 -0.00200727 -0.00219873 -0.00157677 -0.00203171 -0.000974678 -0.00184064 -0.00136796 -0.00199207 -0.00228885 -0.00139813 -0.00131673 -0.0013334 -0.00201477 -0.00171785 -0.00180539 -0.00186728 -0.00182332 -0.00190935 -0.00153527 -0.00251421 -0.00148122 -0.00217905 -0.00208458 -0.00170898 -0.0026473 -0.001113 -0.0013798 -0.00168724 -0.00164892 -0.0013931 -0.00155396 -0.00250941 -0.00107696 -0.00226169 -0.0012951 -0.0017424 -0.00155458 -0.00189905 -0.00241449 -0.00150322 -0.00185651 -0.000965617 -0.00231737 -0.00072228 -0.0018078 -0.00169959 -0.00167741 -0.00192982 -0.00194115 -0.00196524 -0.00148742 
-0.00106964 -0.0011672 -0.00239748 -0.00179737 -0.00183899 -0.00199866 -0.00210919 -0.00275619 -0.00251634 -0.00203068 -0.00339307 -0.00134801 -0.00189302 -0.00318436 -0.00289359 -0.0018214 -0.00303711 -0.00205236 -0.00200524 -0.00273337 -0.00223498 -0.00151286 -0.00135667 -0.001461 -0.00166188 0.00255461 0.00169475 0.00288946 0.00274294 0.00298508 0.137809 0.00311472 0.00208696 0.0023707 0.00276065 0.00183805 -0.00110951 -0.00153332 -0.00173578 -0.00182403 -0.00112263 -0.00143334 -0.0025793 -0.00136945 -0.00137451 -0.00155379 -0.00171559 -0.00116816 -0.00187995 -0.00160689 -0.00195957 -0.00144168 -0.00132355 -0.0017068 -0.00144899 -0.00175204 -0.00122985 -0.00135237 -0.0013731 -0.00176487 -0.000939618 -0.00195381 -0.00256336 -0.00112498 -0.00176363 -0.00189559 -0.00230337 -0.00129277 -0.00146594 -0.00160619 -0.00201382 -0.00157239 -0.00177891 -0.00308898 -0.000949589 -0.00139673 -0.00274185 -0.00106303 -0.00222372 -0.00167921 -0.00137605 -0.00208694 -0.00213417 -0.00181432 -0.0016077 -0.00248028 -0.00163669 -0.00195867 -0.00163357 -0.0021103 -0.00172025 -0.00154944 -0.00263865 -0.00192423 -0.00222693 -0.00173314 -0.001586 -0.00235543 -0.00093924 -0.00228769 
-0.00101702 -0.00185235 -0.00239667 -0.00159604 -0.00124023 -0.00191556 -0.0024635 -0.00103809 -0.00193324 -0.0017867 -0.00196225 -0.00142907 -0.00258159 -0.00182187 -0.00257142 -0.00231709 -0.00286041 -0.00207788 -0.00120838 -0.00183114 -0.00124528 -0.00216934 -0.00159054 -0.00136537 -0.00265811 -0.00196221 0.00177947 0.00282264 0.00173077 0.00234208 0.00311472 0.133294 0.00249277 0.00104895 0.00172415 0.00197174 0.00195546 -0.00172142 -0.00122196 -0.00219801 -0.0018808 -0.000913648 -0.00215505 -0.00268514 -0.00125101 -0.000708259 -0.00185068 -0.00142342 -0.00159192 -0.00178189 -0.00194499 -0.00222269 -0.0024589 -0.00141639 -0.00192913 -0.00160646 -0.00152737 -0.000630797 -0.00110932 -0.00205722 -0.000855693 -0.00129016 -0.00258438 -0.00220994 -0.00182258 -0.00206348 -0.00163396 -0.00132321 -0.00194422 -0.00193839 -0.001282 -0.00161781 -0.00162676 -0.00158215 -0.0013561 -0.00195609 -0.00187369 -0.00166314 -0.00165871 -0.000933564 -0.00119307 -0.00119387 -0.00229486 -0.00140291 -0.00180845 -0.00163037 -0.0016847 -0.00162965 -0.00185771 -0.00223067 -0.00255042 -0.00159235 -0.00135595 -0.00198501 -0.000933766 -0.0011459 -0.00137217 -0.00188868 -0.00213135 -0.00200103 
-0.00110899 -0.00202074 -0.000989823 -0.00117126 -0.00198572 -0.00111769 -0.00178575 -0.00100352 -0.00153785 -0.00201791 -0.00262613 -0.00224731 -0.00191746 -0.0016322 -0.00230664 -0.00271792 -0.00128795 -0.00212605 -0.00250161 -0.00223588 -0.00113707 -0.00212774 -0.00140204 -0.00138872 -0.00234932 -0.0010466 -0.00184967 0.00193262 0.00211671 0.00195402 0.00208696 0.00249277 0.126693 0.00211941 0.00180459 0.0025866 0.00259169 0.00228114 -0.00125892 -0.000520429 -0.00140701 -0.00113422 -0.00192684 -0.00170904 -0.0015865 -0.00161028 -0.00228012 -0.000717731 -0.00159851 -0.00143606 -0.00178286 -0.00113546 -0.00134281 -0.00118362 -0.00234931 -0.0010236 -0.00154527 -0.0017663 -0.00109699 -0.0022225 -0.00149604 -0.00230933 -0.00174792 -0.00128631 -0.00177381 -0.00141923 -0.00165132 -0.00188611 -0.00162504 -0.00187899 -0.00159071 -0.0021197 -0.0029459 -0.00243543 -0.00152604 -0.00232026 -0.00143158 -0.0018978 -0.00159044 -0.00127089 -0.00174518 -0.00196676 -0.00263733 -0.00152278 -0.00116399 -0.00166275 -0.0022022 -0.0019284 -0.00116526 -0.000718636 -0.00140511 -0.00103723 -0.0019177 -0.00138315 -0.00142896 -0.00143088 -0.00163877 -0.00207269 -0.00130492 -0.00185053 
