0.122114 0.00227329 0.00232576 0.00294826 0.00265634 0.00240394 -0.00178233 -0.00111397 -0.00131724 -0.00223324 -0.00180873 -0.00178345 -0.00139235 -0.0023753 -0.00173796 -0.00183545 -0.0026473 -0.00145402 -0.00153232 -0.00236788 -0.00188164 -0.00231086 -0.00202456 -0.0018258 -0.00157603 -0.00265162 -0.000357124 -0.00232026 -0.00162393 -0.00180275 -0.00162731 -0.00131161 -0.00187153 -0.0013702 -0.000704966 -0.00260651 -0.00171558 -0.00169175 -0.00179098 -0.00130697 -0.00174727 -0.00181065 -0.00145786 -0.00176057 -0.00139961 -0.00266553 -0.0012774 -0.00181036 -0.00214218 -0.00124457 -0.00159792 -0.00147438 -0.000961076 -0.000963966 -0.0010512 -0.00124773 -0.00158573 -0.00184747 -0.000849484 -0.00118465 -0.00131492 -0.00121537 -0.00192809 -0.000815929 -0.00101246 -0.00125245 -0.00162069 -0.00165249 -0.00169728 -0.00194263 -0.00176871 -0.00187211 -0.000675211 -0.00157262 -0.00179393 -0.00124028 -0.00182926 -0.00176857 -0.00268015 -0.00114585 -0.00158873 -0.00202606 -0.00119516 -0.00190792 -0.00227325 -0.00147721 -0.00136546 -0.00129173 -0.0012638 -0.00145266 -0.000940333 -0.000715941 -0.000925937 -0.000889744 -0.00146914 -0.00148486 0.00148916 0.00236696 0.00216879 0.00215399 
0.00227329 0.121477 0.00183141 0.00271533 0.0020873 0.00276713 0.00282418 -0.00119223 -0.000691818 -0.00171803 -0.000490782 -0.00155066 -0.00112358 -0.00178472 -0.00143621 -0.00190903 -0.000714852 -0.00223732 -0.001908 -0.00225189 -0.00287974 -0.00210068 -0.00152741 -0.0018712 -0.00105188 -0.00178289 -0.0016816 -0.00191302 -0.00178863 -0.00154129 -0.00114732 -0.00148143 -0.0016129 -0.00191333 -0.00118688 -0.00119043 -0.00147348 -0.00215842 -0.00133856 -0.00188585 -0.00186951 -0.00151893 -0.0018613 -0.00150385 -0.00144177 -0.00208177 -0.00169001 -0.000870887 -0.00211774 -0.00217377 -0.00131038 -0.00131975 -0.00172776 -0.00209773 -0.00137066 -0.00233819 -0.000929691 -0.00142183 -0.00138206 -0.00173139 -0.001682 -0.000994179 -0.0014915 -0.00117767 -0.00082978 -0.00150404 -0.0013498 -0.00144481 -0.00113468 -0.00226846 -0.00147704 -0.00172109 -0.00153274 -0.00212032 -0.00102201 -0.00199846 -0.00169144 -0.000695656 -0.00197419 -0.00130175 -0.000925178 -0.00109516 -0.00138942 -0.0015856 -0.00217392 -0.00208445 -0.000993189 -0.00209076 -0.00139687 -0.00168242 -0.00135545 -0.00175511 -0.00122563 -0.00195309 -0.00160198 -0.00163359 -0.000919046 0.00111408 0.00207125 0.00140624 
0.00232576 0.00183141 0.125911 0.00209209 0.00278912 0.00212189 0.00254687 0.00227553 -0.00170241 -0.00186929 -3.84368e-06 -0.00205025 -0.00222455 -0.00260191 -0.00177032 -0.00217168 -0.00207548 -0.00193753 -0.00204685 -0.00171302 -0.0025781 -0.00279006 -0.00201769 -0.00101531 -0.00188584 -0.00180292 -0.00168653 -0.000682673 -0.00117079 -0.00134914 -0.00165359 -0.00218277 -0.00065561 -0.00169411 -0.00203487 -0.00126687 -0.00155111 -0.00155445 -0.00192477 -0.0014213 -0.00121847 -0.00122924 -0.00162076 -0.00162067 -0.00187535 -0.00195661 -0.000964549 -0.00120892 -0.00195498 -0.00122873 -0.00231866 -0.0017644 -0.00180208 -0.00179854 -0.00122512 -0.00191015 -0.00155583 -0.00131622 -0.000993592 -0.00250433 -0.00180238 -0.00177851 -0.00213311 -0.00140646 -0.00104098 -0.00114903 -0.00125026 -0.00143601 -0.0020066 -0.00165587 -0.00175548 -0.00102763 -0.00145148 -0.00170088 -0.00107925 -0.00113153 -0.00235827 -0.00155361 -0.00207995 -0.00137872 -0.00122894 -0.00196307 -0.00179145 -0.00181785 -0.00110908 -0.00222593 -0.000958781 -0.00139619 -0.00129804 -0.00184703 -0.00139386 -0.00191067 -0.00156945 -0.00140947 -0.00123288 -0.00122735 -0.00135923 -0.00056485 0.0010578 0.00168129 
0.00294826 0.00271533 0.00209209 0.126076 0.00185327 0.00181074 0.0024539 0.00213359 0.00271778 -0.00186583 -0.000190124 -0.00135758 -0.000373024 -0.00198889 -0.00266413 -0.00169471 -0.00346247 -0.00250081 -0.00198029 -0.00258972 -0.00199961 -0.00174472 -0.00215472 -0.00228721 -0.000545985 -0.00194418 -0.00153985 -0.00210951 -0.00140729 -0.00194093 -0.00207005 -0.00201807 -0.00174453 -0.002215 -0.00196362 -0.0015822 -0.00173224 -0.00167187 -0.00167202 -0.00232267 -0.00265451 -0.00130962 -0.00107191 -0.00137885 -0.00179753 -0.00235253 -0.00136296 -0.00115282 -0.00167969 -0.000949391 -0.00105645 -0.000973339 -0.00169431 -0.00166086 -0.00118494 -0.00127621 -0.00113963 -0.0011099 -0.00185882 -0.0019462 -0.00140866 -0.00168976 -0.00133865 -0.000949243 -0.00235123 -0.00124121 -0.00158005 -0.00164676 -0.00218056 -0.00207628 -0.00162377 -0.00166474 -0.0015523 -0.00185969 -0.0011198 -0.00182033 -0.00135877 -0.00180661 -0.00151744 -0.00144266 -0.00025122 -0.00115505 -0.00135487 -0.00176268 -0.00144665 -0.000921047 -0.00102033 -0.00122327 -0.00168191 -0.00165421 -0.00161748 -0.00178786 -0.00203705 -0.0019719 -0.00166449 -0.00219415 -0.00113595 -0.00115879 -0.0011806 0.00159094 
0.00265634 0.0020873 0.00278912 0.00185327 0.125224 0.00230885 0.00243567 0.00315418 0.00231701 0.00159606 -0.00105024 -0.00131727 -0.00157034 -0.00201983 -0.00208306 -0.00224422 -0.00128186 -0.00201916 -0.00219074 -0.00246971 -0.00236256 -0.00208768 -0.00156644 -0.00152438 -0.00156138 -0.00254336 -0.00199979 -0.00190737 -0.00214509 -0.00169944 -0.00157739 -0.00203604 -0.000637848 -0.00169123 -0.00189101 -0.00254267 -0.00219415 -0.00205381 -0.00222741 -0.00130287 -0.00136741 -0.00255701 -0.00177475 -0.00143518 -0.00166322 -0.0011061 -0.00185291 -0.000861248 -0.00135217 -0.00217985 -0.00115392 -0.00285192 -0.00157479 -0.00192108 -0.00137178 -0.00235595 -0.00128455 -0.00165658 -0.00167415 -0.00193368 -0.00134936 -0.00176058 -0.000910725 -0.00171396 -0.0024168 -0.00216213 -0.00114244 -0.00112107 -0.00190005 -0.00141375 -0.00170876 -0.00196471 -0.00135406 -0.00166124 -0.00136557 -0.001958 -0.00139192 -0.00176241 -0.0012277 -0.00110649 -0.00176033 -0.00224944 -0.00174406 -0.0017493 -0.00184865 -0.00122393 -0.000889297 -0.000876427 -0.00139038 -0.00151513 -0.000171566 -0.00210041 -0.000519333 -0.000804548 -0.000446585 -0.00100341 -0.00115236 -0.00146219 -0.00079519 -0.00160048 
0.00240394 0.00276713 0.00212189 0.00181074 0.00230885 0.134092 0.00275504 0.00264568 0.00186709 0.00194954 0.0036256 -0.00115196 -0.000355571 -0.00118195 -0.00120393 -0.00163237 -0.00180454 -0.00175644 -0.00154496 -0.00174757 -0.00203198 -0.00236905 -0.00253745 -0.00121499 -0.00251975 -0.00222093 -0.0020991 -0.00137849 -0.00169644 -0.00195986 -0.0016029 -0.00287514 -0.00186482 -0.00205122 -0.00224129 -0.00182293 -0.00157641 -0.00208595 -0.00135724 -0.00237497 -0.00205373 -0.00241023 -0.00161161 -0.0024781 -0.00199735 -0.00190159 -0.0022125 -0.00155794 -0.00218879 -0.00239637 -0.00129585 -0.00230499 -0.00130482 -0.00136069 -0.00126865 -0.00153308 -0.00193354 -0.00139703 -0.00191655 -0.00198061 -0.00169244 -0.00181483 -0.00216377 -0.00190454 -0.00227181 -0.002804 -0.00187773 -0.0013103 -0.00174092 -0.00201886 -0.002249 -0.00149784 -0.00163163 -0.000575318 -0.00102647 -0.00207526 -0.00183203 -0.00186904 -0.00169927 -0.00225403 -0.00114286 -0.00199342 -0.00199651 -0.00234743 -0.00236605 -0.00176258 -0.00175782 -0.00164153 -0.00192936 -0.00262171 -0.000980377 -0.000982597 -0.00165471 -0.00138923 -0.00207284 -0.00142523 -0.00085336 -0.00145817 -0.00115397 -0.00114463 
-0.00178233 0.00282418 0.00254687 0.0024539 0.00243567 0.00275504 0.124135 0.00189616 0.00282058 0.00232362 0.00209224 0.00203523 -0.000630664 -0.00105464 -0.00135809 -0.00164498 -0.00257751 -0.00176797 -0.00112737 -0.00115174 -0.00232986 -0.00154116 -0.00159101 -0.00232299 -0.00272282 -0.00176913 -0.00142684 -0.00213238 -0.00209963 -0.00164019 -0.00201406 -0.00135936 -0.0016277 -0.00187807 -0.00281429 -0.00136144 -0.00170935 -0.00185042 -0.0016663 -0.00292807 -0.0024176 -0.00118018 -0.00146721 -0.00191218 -0.00156244 -0.00128225 -0.00150107 -0.00164511 -0.00124681 -0.000608528 -0.00131477 -0.00138123 -0.00165845 -0.00227654 -0.00116898 -0.00247292 -0.00162274 -0.00150185 -0.00158479 -0.00168199 -0.00149218 -0.00136967 -0.00208308 -0.00129661 -0.00126158 -0.00179105 -0.00112054 -0.00149394 -0.00210548 -0.00181775 -0.00193327 -0.00153612 -0.00147215 -0.00136337 -0.0015075 -0.0017415 -0.00183338 -0.00196779 -0.0020836 -0.00163723 -0.000997503 -0.0014173 -0.00184355 -0.00169579 -0.00215077 -0.00149489 -0.00162614 -0.00198367 -0.00222239 -0.00169479 -0.00161015 -0.00229592 -0.00114342 -0.00123315 -0.00128721 -0.00142505 -0.00112578 -0.00166678 -0.00158191 -0.00154697 
-0.00111397 -0.00119223 0.00227553 0.00213359 0.00315418 0.00264568 0.00189616 0.129669 0.00249814 0.00266689 0.00155131 0.00154598 0.00228258 -0.00210273 -0.00256348 -0.0014283 -0.00203546 -0.00260735 -0.00184168 -0.00240301 -0.00194186 -0.00110322 -0.00150302 -0.00287177 -0.00180005 -0.0016816 -0.00236896 -0.0012468 -0.00191905 -0.000925475 -0.00169983 -0.00183261 -0.001257 -0.00149451 -0.000995966 -0.000999566 -0.00168183 -0.00192103 -0.00255912 -0.00119361 -0.000902389 -0.00133019 -0.00183675 -0.0020403 -0.00206897 -0.0014317 -0.00217814 -0.00121439 -0.00221507 -0.00214812 -0.00214564 -0.00177132 -0.0018835 -0.00144332 -0.00098078 -0.00168559 -0.000585729 -0.00194924 -0.00100454 -0.00109029 -0.00150726 -0.00189356 -0.00145886 -0.000613656 -0.00221926 -0.00164251 -0.00212384 -0.00159903 -0.00223987 -0.00183956 -0.00143077 -0.00182326 -0.00174909 -0.00128102 -0.000968635 -0.00133774 -0.00180111 -0.00240778 -0.00234405 -0.000827053 -0.00241571 -0.002064 -0.00112223 -0.0021758 -0.0019149 -0.000955606 -0.00174559 -0.0022341 -0.00276628 -0.00235292 -0.00164924 -0.00240607 -0.00144666 -0.00160207 -0.00185439 -0.00157606 -0.00165029 -0.00151568 -0.00134034 -0.00223192 
-0.00131724 -0.000691818 -0.00170241 0.00271778 0.00231701 0.00186709 0.00282058 0.00249814 0.130033 0.00212729 0.00201854 0.00134378 0.00264754 0.000734679 -0.00222156 -0.00126699 -0.00183811 -0.00153705 -0.00143452 -0.0028889 -0.00173833 -0.00168636 -0.00166087 -0.00224153 -0.00245595 -0.00196328 -0.00257453 -0.00258387 -0.00225449 -0.0016869 -0.00129085 -0.0013579 -0.00202654 -0.00130341 -0.00140592 -0.0017973 -0.00123405 -0.0022992 -0.00220621 -0.000906811 -0.00186904 -0.00173396 -0.00209662 -0.00149156 -0.00275179 -0.00163593 -0.00171865 -0.00187547 -0.00174625 -0.0012717 -0.000918239 -0.0017562 -0.0014049 -0.00175797 -0.00140931 -0.00172264 -0.00137015 -0.00180666 -0.00117523 -0.000579194 -0.00158252 -0.00130898 -0.000717358 -0.000736126 -0.00170233 -0.00201809 -0.000992424 -0.00157259 -0.00232393 -0.00152899 -0.00145577 -0.00169871 -0.00151675 -0.00166162 -0.00154757 -0.00153787 -0.00169347 -0.00189178 -0.00164455 -0.00200798 -0.00175727 -0.00161018 -0.00178245 -0.00259597 -0.00124012 -0.00137037 -0.00129687 -0.00210688 -0.00185467 -0.00254796 -0.0013417 -0.00211432 -0.00156077 -0.00182233 -0.00153869 -0.00180773 -0.00161032 -0.0021862 -0.00229041 -0.00188692 
-0.00223324 -0.00171803 -0.00186929 -0.00186583 0.00159606 0.00194954 0.00232362 0.00266689 0.00212729 0.129478 0.0025631 0.00189278 0.0023299 0.00192766 -0.000856631 -0.000526711 -0.00187201 -0.00122296 -0.0012826 -0.00179973 -0.00153051 -0.00142696 -0.0015838 -0.00150454 -0.00235085 -0.00204188 -0.00131265 -0.00131991 -0.00185888 -0.00165226 -0.00226311 -0.00175087 -0.000778107 -0.00169104 -0.00165904 -0.00150421 -0.0015852 -0.00115867 -0.00192863 -0.00262748 -0.00151366 -0.00129908 -0.00214292 -0.00168428 -0.00168251 -0.00160284 -0.00208036 -0.001421 -0.00191054 -0.00164146 -0.0017666 -0.000612932 -0.00128591 -0.00176905 -0.00126647 -0.0013212 -0.00165003 -0.00058034 -0.00196062 -0.00158135 -0.0012612 -0.00127502 -0.00176392 -0.00173275 -0.00189931 -0.0013001 -0.00219057 -0.00193849 -0.00133458 -0.00137741 -0.00148044 -0.00174993 -0.00157444 -0.00117068 -0.00223632 -0.00244776 -0.00165633 -0.00165115 -0.00248947 -0.000921831 -0.00169211 -0.00241113 -0.00169107 -0.00201897 -0.00159984 -0.00192499 -0.0023511 -0.00130748 -0.00188468 -0.00218247 -0.00127686 -0.00209809 -0.00158712 -0.00201202 -0.000853605 -0.00141854 -0.00146267 -0.00221601 -0.00206875 -0.0017968 
-0.00180873 -0.000490782 -3.84368e-06 -0.000190124 -0.00105024 0.0036256 0.00209224 0.00155131 0.00201854 0.0025631 0.133562 0.00276459 0.00341698 0.00191892 0.00208791 0.00173833 -0.00312166 -0.0013746 -0.00166424 -0.00284464 -0.00317894 -0.00163819 -0.00226899 -0.000871147 -0.00277189 -0.00186096 -0.00227273 -0.00141566 -0.00220823 -0.00293631 -0.00195637 -0.00176946 -0.00127751 -0.00211248 -0.00211186 -0.00129644 -0.00208634 -0.00156731 -0.00201773 -0.0018208 -0.00168521 -0.00174755 -0.00227405 -0.00124385 -0.00163394 -0.00166577 -0.00138834 -0.00159131 -0.00188992 -0.00186947 -0.00144296 -0.00201055 -0.00248236 -0.001622 -0.0012578 -0.00246694 -0.00198904 -0.00207053 -0.00101778 -0.00200965 -0.00172858 -0.00174711 -0.00197688 -0.00221322 -0.00229078 -0.00166792 -0.00175956 -0.00186256 -0.00198983 -0.00174654 -0.00200162 -0.00194741 -0.00159312 -0.00123831 -0.000662711 -0.00138898 -0.00160855 -0.00205176 -0.00189747 -0.0016406 -0.00108641 -0.00183703 -0.00194864 -0.00217352 -0.00182912 -0.00126462 -0.00257047 -0.00153436 -0.00135543 -0.00156186 -0.00131898 -0.00209319 -0.00140963 -0.00160078 -0.00250488 -0.00146365 -0.00150424 -0.0016598 -0.0018563 -0.00240544 
-0.00178345 -0.00155066 -0.00205025 -0.00135758 -0.00131727 -0.00115196 0.00203523 0.00154598 0.00134378 0.00189278 0.00276459 0.134805 0.00314319 0.00246843 0.00290898 0.00189717 0.00134792 -0.00177936 -0.00185214 -0.00306344 -0.00153958 -0.00028188 -0.00289346 -0.00177096 -0.00159095 -0.00257304 -0.000909237 -0.00175151 -0.0024169 -0.00210101 -0.00196113 -0.00208052 -0.00248251 -0.00187056 -0.00217903 -0.0015999 -0.00244495 -0.00169441 -0.00265599 -0.00215369 -0.00165992 -0.00189917 -0.00160971 -0.00295098 -0.001275 -0.00227046 -0.00214992 -0.00110799 -0.00210647 -0.00112679 -0.00275915 -0.00154838 -0.00188212 -0.00148497 -0.00209832 -0.00155548 -0.00178798 -0.00143633 -0.00139237 -0.00185283 -0.00114052 -0.000747559 -0.00167941 -0.00204055 -0.00235843 -0.000455351 -0.00187644 -0.00146957 -0.00193419 -0.00141226 -0.000865618 -0.00105629 -0.00180257 -0.00180155 -0.00146616 -0.00185305 -0.00253271 -0.00151667 -0.00180234 -0.00192916 -0.00203106 -0.00175742 -0.00116555 -0.00183376 -0.00181572 -0.00157504 -0.00248366 -0.00189064 -0.00136206 -0.00221574 -0.00169968 -0.00228479 -0.00105674 -0.00187481 -0.00136088 -0.00153694 -0.00149039 -0.00125526 -0.00135613 -0.00155469 
-0.00139235 -0.00112358 -0.00222455 -0.000373024 -0.00157034 -0.000355571 -0.000630664 0.00228258 0.00264754 0.0023299 0.00341698 0.00314319 0.129867 0.00302829 0.00112206 0.00256347 0.00143305 -0.00215275 -0.000433929 -0.00224353 -0.00267897 -0.00137543 -0.00280904 -0.00134111 -0.00173297 -0.00147889 -0.0020119 -0.001251 -0.002467 -0.00274022 -0.00207533 -0.00180996 -0.00204917 -0.00188438 -0.00225761 -0.00281762 -0.00190556 -0.0024721 -0.00241436 -0.00220333 -0.00191667 -0.00128493 -0.00210262 -0.00171533 -0.00219082 -0.00149321 -0.00188641 -0.0013864 -0.00199118 -0.00186504 -0.00145026 -0.00162934 -0.00168655 -0.00151513 -0.00101238 -0.00215638 -0.00169618 -0.00121648 -0.00103668 -0.00122979 -0.00166194 -0.00225485 -0.000765222 -0.00159654 -0.00214611 -0.000954775 -0.00219459 -0.00150885 -0.0023685 -0.00229108 -0.00167409 -0.00212547 -0.00146273 -0.00204608 -0.00227398 -0.00132898 -0.00190866 -0.00148037 -0.00170834 -0.00114543 -0.00181078 -0.000878519 -0.00131488 -0.00181838 -0.00148939 -0.0012029 -0.00187702 -0.00211092 -0.000778717 -0.00129228 -0.0010757 -0.00157384 -0.00140428 -0.00107559 -0.00143266 -0.00212072 -0.00107311 -0.00191015 -0.00209636 -0.00186324 
-0.0023753 -0.00178472 -0.00260191 -0.00198889 -0.00201983 -0.00118195 -0.00105464 -0.00210273 0.000734679 0.00192766 0.00191892 0.00246843 0.00302829 0.138327 0.00350034 0.00273808 0.00247993 0.00272841 0.00222398 -0.00161304 -0.00186665 -0.000632456 -0.00141824 -0.00228882 -0.00169686 -0.00256172 -0.00222315 -0.00288652 -0.00200495 -0.00163137 -0.00175447 -0.00244078 -0.00277663 -0.0019548 -0.00173523 -0.00161879 -0.00218988 -0.00225951 -0.00136037 -0.00260243 -0.0022438 -0.00192139 -0.00197795 -0.00124153 -0.00245516 -0.00172004 -0.00142085 -0.000375126 -0.00135238 -0.00193527 -0.00212317 -0.00259106 -0.00130331 -0.00154055 -0.00191809 -0.00183429 -0.00168271 -0.00197238 -0.00201082 -0.00304253 -0.00177323 -0.00110339 -0.00118272 -0.00200708 -0.00208913 -0.00111178 -0.00190797 -0.000974589 -0.000881195 -0.00184945 -0.00228511 -0.00208881 -0.001789 -0.00132597 -0.00310032 -0.00126784 -0.00149494 -0.00217239 -0.00264125 -0.00155778 -0.00219014 -0.000950625 -0.00112338 -0.00197988 -0.00232494 -0.00193902 -0.00170461 -0.00215822 -0.00234811 -0.00119649 -0.00140864 -0.00182478 -0.000653863 -0.000982591 -0.00182222 -0.00141149 -0.00213315 -0.00247264 -0.001784 -0.00177419 
-0.00173796 -0.00143621 -0.00177032 -0.00266413 -0.00208306 -0.00120393 -0.00135809 -0.00256348 -0.00222156 -0.000856631 0.00208791 0.00290898 0.00112206 0.00350034 0.141788 0.0036051 0.00322842 0.00400737 0.0017638 0.00222361 -0.00160265 -0.00222002 -0.00152443 -0.00211273 -0.0010875 -0.0027589 -0.000882314 -0.00249358 -0.00241599 -0.00280427 -0.00226094 -0.00190098 -0.00161252 -0.00234711 -0.00219557 -0.00163662 -0.0019504 -0.00358635 -0.00276396 -0.00299034 -0.00239258 -0.00250948 -0.00280954 -0.00258423 -0.0015826 -0.00264708 -0.00150688 -0.00111422 -0.00208214 -0.00262245 -0.00181411 -0.00109326 -0.00139862 -0.00178184 -0.001409 -0.0015134 -0.00125931 -0.000878136 -0.00145301 -0.00144285 -0.00231921 -0.00148661 -0.00178938 -0.00103409 -0.00260905 -0.00112857 -0.00125067 -0.0010825 -0.00155498 -0.00185662 -0.000980158 -0.00187572 -0.00116988 -0.00105925 -0.000577005 -0.00173494 -0.00126269 -0.00127752 -0.00193771 -0.00239311 -0.00199217 -0.00197983 -0.00191448 -0.00225995 -0.00181295 -0.00155521 -0.00260409 -0.00220727 -0.00217744 -0.00233477 -0.00206495 -0.00119307 -0.00101233 -0.00298252 -0.0024337 -0.00134095 -0.00110559 -0.00245325 -0.00118118 -0.00231274 
-0.00183545 -0.00190903 -0.00217168 -0.00169471 -0.00224422 -0.00163237 -0.00164498 -0.0014283 -0.00126699 -0.000526711 0.00173833 0.00189717 0.00256347 0.00273808 0.0036051 0.141843 0.00278599 0.00427198 0.00236349 0.00176214 -0.00188627 -0.00154538 -0.00156657 -0.00128416 -0.0019852 -0.00205066 -0.00186392 -0.00189658 -0.00260313 -0.00306455 -0.00267518 -0.00281289 -0.00208019 -0.00155439 -0.00275634 -0.00151609 -0.00154278 -0.00161865 -0.00307892 -0.0025462 -0.00236795 -0.00164933 -0.00139541 -0.00171269 -0.0018374 -0.00195628 -0.00194627 -0.00155799 -0.00273108 -0.00170159 -0.0018788 -0.00214071 -0.00172337 -0.00229628 -0.00170583 -0.00185457 -0.00251275 -0.00277419 -0.00127408 -0.000903018 -0.00159173 -0.00139716 -0.00112079 -0.00137187 -0.00262223 -0.00166331 -0.0025551 -0.00224221 -0.00139074 -0.00108312 -0.00231306 -0.00240759 -0.00192811 -0.00136049 -0.000752308 -0.00153115 -0.00118384 -0.00143593 -0.00236573 -0.00294362 -0.00212976 -0.0018613 -0.00238262 -0.0019266 -0.00173064 -0.00117092 -0.0011171 -0.00140142 -0.00219385 -0.00245714 -0.00153838 -0.00180905 -0.00160334 -0.00162727 -0.00164104 -0.00212613 -0.00212704 -0.00121545 -0.0016439 -0.000403401 
-0.0026473 -0.000714852 -0.00207548 -0.00346247 -0.00128186 -0.00180454 -0.00257751 -0.00203546 -0.00183811 -0.00187201 -0.00312166 0.00134792 0.00143305 0.00247993 0.00322842 0.00278599 0.150902 0.00332112 0.00195979 0.00288323 0.0024252 0.00229274 -0.000710198 -0.00137286 -0.00131407 -0.0022369 -0.0027604 -0.00279711 -0.00215259 -0.000564021 -0.00157091 -0.00264831 -0.00243423 -0.00149968 -0.00219966 -0.000767114 -0.00175385 -0.00230096 -0.00355575 -0.00211769 -0.00138441 -0.0022637 -0.00187017 -0.0016339 -0.00179373 -0.00172951 -0.00230137 -0.00208071 -0.00252633 -0.0025037 -0.00224027 -0.000864997 -0.00133932 -0.00243465 -0.00214298 -0.00180533 -0.0011761 -0.00173011 -0.00261937 -0.0020027 -0.00157691 -0.00196557 -0.00202004 -0.00201155 -0.0012529 -0.00263428 -0.00154771 -0.00222426 -0.00217525 -0.00221528 -0.00194041 -0.00178046 -0.00175074 -0.00267364 -0.00198233 -0.00186156 -0.00153906 -0.00188667 -0.00128728 -0.00197882 -0.00253976 -0.0018913 -0.00197374 -0.00168517 -0.00244473 -0.00234325 -0.00260804 -0.00181878 -0.00186493 -0.00132946 -0.00164047 -0.00169091 -0.00152521 -0.00173976 -0.00172641 -0.00189389 -0.00253784 -0.0021562 -0.00190803 -0.00280539 
-0.00145402 -0.00223732 -0.00193753 -0.00250081 -0.00201916 -0.00175644 -0.00176797 -0.00260735 -0.00153705 -0.00122296 -0.0013746 -0.00177936 -0.00215275 0.00272841 0.00400737 0.00427198 0.00332112 0.142842 0.00236321 0.00245819 0.00320399 0.00255718 0.00209286 -0.00190431 -0.00101054 -0.00269377 -0.00241491 -0.00189117 -0.00218053 -0.00286934 -0.00223286 -0.00248099 -0.00192399 -0.00150252 -0.00303218 -0.00171437 -0.0030368 -0.00197254 -0.00173596 -0.00192943 -0.00243101 -0.00193317 -0.00230144 -0.00191742 -0.00237043 -0.00115707 -0.00201258 -0.00165331 -0.00187998 -0.00178828 -0.00200992 -0.00182798 -0.00188771 -0.00208041 -0.00216138 -0.00198347 -0.00188514 -0.00195908 -0.00233133 -0.00177087 -0.00211959 -0.00191359 -0.00152618 -0.00145643 -0.00211885 -0.00218559 -0.00125817 -0.00141284 -0.00220023 -0.00171753 -0.00121047 -0.00216716 -0.00211684 -0.00282324 -0.0010548 -0.00142377 -0.00166179 -0.00178772 -0.00160274 -0.00184838 -0.00231132 -0.00226065 -0.00143377 -0.00161837 -0.0018256 -0.00175546 -0.00249546 -0.00115272 -0.000990207 -0.00145967 -0.00255355 -0.00155395 -0.00142957 -0.00190193 -0.000791533 -0.000892022 -0.00103115 -0.00228058 -0.0021128 -0.00217507 
-0.00153232 -0.001908 -0.00204685 -0.00198029 -0.00219074 -0.00154496 -0.00112737 -0.00184168 -0.00143452 -0.0012826 -0.00166424 -0.00185214 -0.000433929 0.00222398 0.0017638 0.00236349 0.00195979 0.00236321 0.139007 0.00173163 0.00343681 0.00150884 0.00261579 -0.00132569 -0.00193517 -0.00200503 -0.00208171 -0.00138038 -0.00212036 -0.00239609 -0.00121088 -0.00123977 -0.00271667 -0.0021936 -0.00287367 -0.00162469 -0.00247617 -0.00212006 -0.00121863 -0.00187611 -0.00124994 -0.00137328 -0.00151451 -0.00172819 -0.0021918 -0.00167877 -0.00173767 -0.00281712 -0.00182737 -0.00224797 -0.0017557 -0.00158145 -0.000933771 -0.0020754 -0.00187532 -0.00194254 -0.00173959 -0.0011936 -0.00204323 -0.00208878 -0.00231229 -0.000600076 -0.00139937 -0.00116827 -0.00193242 -0.00239261 -0.00223303 -0.00221102 -0.00198232 -0.00145066 -0.0021154 -0.00197462 -0.00142095 -0.000998428 -0.00117472 -0.00179335 -0.00201138 -0.000666552 -0.00212034 -0.00151871 -0.00155125 -0.0020582 -0.00211309 -0.00140699 -0.0017624 -0.00187804 -0.00172969 -0.00188889 -0.00222888 -0.00140485 -0.0027461 -0.00120708 -0.00187711 -0.00152926 -0.00190112 -0.00236959 -0.00187632 -0.00116393 -0.00211348 -0.00146112 
-0.00236788 -0.00225189 -0.00171302 -0.00258972 -0.00246971 -0.00174757 -0.00115174 -0.00240301 -0.0028889 -0.00179973 -0.00284464 -0.00306344 -0.00224353 -0.00161304 0.00222361 0.00176214 0.00288323 0.00245819 0.00173163 0.149461 0.00348046 0.00312582 0.00196813 0.00251587 0.00211068 -0.0011131 -0.00307988 -0.00243567 -0.00249798 -0.00184095 -0.00240175 -0.00245022 -0.00276767 -0.00243543 -0.00159755 -0.00215204 -0.0021762 -0.00214637 -0.00264308 -0.00163284 -0.00206314 -0.00143382 -0.0013843 -0.00137265 -0.00170328 -0.00182946 -0.00126147 -0.00143533 -0.00173246 -0.00195748 -0.000884537 -0.00126405 -0.00217777 -0.00209589 -0.00171442 -0.00154853 -0.00168979 -0.00208723 -0.00179281 -0.00171925 -0.00163297 -0.00193521 -0.00161223 -0.00231695 -0.00198776 -0.00239149 -0.00153803 -0.00245738 -0.00106793 -0.00185444 -0.00152698 -0.00172713 -0.00122652 -0.00180192 -0.00136593 -0.00184698 -0.000973351 -0.00192128 -0.00164422 -0.00109603 -0.0019927 -0.00209524 -0.00224637 -0.00133377 -0.00194694 -0.00202076 -0.00168703 -0.00202266 -0.00225586 -0.00209829 -0.00171252 -0.00265023 -0.00259365 -0.00286407 -0.0016371 -0.0026199 -0.0021477 -0.00244205 -0.00197672 -0.00178596 
-0.00188164 -0.00287974 -0.0025781 -0.00199961 -0.00236256 -0.00203198 -0.00232986 -0.00194186 -0.00173833 -0.00153051 -0.00317894 -0.00153958 -0.00267897 -0.00186665 -0.00160265 -0.00188627 0.0024252 0.00320399 0.00343681 0.00348046 0.145327 0.00286456 0.00345119 0.00113167 0.00310624 0.0024794 -0.00192303 -0.00173664 -0.00143745 -0.00205825 -0.00111561 -0.00238914 -0.00252112 -0.00123194 -0.00162574 -0.00130845 -0.00171734 -0.00232592 -0.00277778 -0.0025656 -0.0019382 -0.00126177 -0.00130017 -0.00167586 -0.00225203 -0.00208775 -0.00111492 -0.00116085 -0.00230209 -0.00263928 -0.00201411 -0.00200305 -0.00197536 -0.0016583 -0.00226863 -0.0019505 -0.00170425 -0.00149414 -0.00225405 -0.00250407 -0.000863239 -0.0016819 -0.00189697 -0.000922524 -0.00158605 -0.00231717 -0.0014731 -0.00225794 -0.00183413 -0.00188969 -0.00147385 -0.00166341 -0.00259873 -0.00304133 -0.000994403 -0.0019298 -0.00152744 -0.00213727 -0.00156765 -0.00190915 -0.00144307 -0.00192143 -0.00210867 -0.00164672 -0.00247881 -0.00296786 -0.00192947 -0.00162835 -0.00195858 -0.00146962 -0.00116749 -0.0020101 -0.00096873 -0.00209974 -0.00189803 -0.00165613 -0.00220395 -0.00196992 -0.00175557 -0.0017377 
-0.00231086 -0.00210068 -0.00279006 -0.00174472 -0.00208768 -0.00236905 -0.00154116 -0.00110322 -0.00168636 -0.00142696 -0.00163819 -0.00028188 -0.00137543 -0.000632456 -0.00222002 -0.00154538 0.00229274 0.00255718 0.00150884 0.00312582 0.00286456 0.145566 0.0022663 0.00341736 0.00265787 0.00196343 -0.00293109 -0.00181991 -0.000977254 -0.00220778 -0.00204924 -0.00183896 -0.00230312 -0.00218105 -0.00252489 -0.00179217 -0.00144786 -0.00160409 -0.0011563 -0.000839258 -0.00184997 -0.00129624 -0.00208476 -0.00241293 -0.00196377 -0.00310996 -0.00169692 -0.00186651 -0.00210723 -0.00198976 -0.00226531 -0.00146436 -0.00182746 -0.00143157 -0.00219622 -0.00186396 -0.0022059 -0.00173882 -0.00228724 -0.00293313 -0.00161574 -0.00247863 -0.00120839 -0.00112702 -0.00155077 -0.001619 -0.00150598 -0.00145686 -0.00168826 -0.00113852 -0.00169717 -0.00175132 -0.000750794 -0.0016604 -0.00277817 -0.00169798 -0.00207175 -0.00249012 -0.00245219 -0.00169246 -0.0026233 -0.00196098 -0.000785497 -0.00169835 -0.00185634 -0.00232923 -0.0014289 -0.00157387 -0.00103481 -0.0018054 -0.00223779 -0.00265831 -0.00233867 -0.00231902 -0.00197781 -0.00213522 -0.00269316 -0.00242087 -0.00284673 -0.00194478 
-0.00202456 -0.00152741 -0.00201769 -0.00215472 -0.00156644 -0.00253745 -0.00159101 -0.00150302 -0.00166087 -0.0015838 -0.00226899 -0.00289346 -0.00280904 -0.00141824 -0.00152443 -0.00156657 -0.000710198 0.00209286 0.00261579 0.00196813 0.00345119 0.0022663 0.145133 0.00245172 0.00285787 0.00390094 0.00215838 -0.00161142 -0.00154349 -0.00215895 -0.00194506 -0.00173561 -0.0028833 -0.00216117 -0.00247342 -0.0021379 -0.00178421 -0.001736 -0.00204323 -0.00188618 -0.0020843 -0.0024558 -0.00113652 -0.00224661 -0.00298003 -0.00131491 -0.00207594 -0.00204139 -0.00118185 -0.00200844 -0.00100134 -0.00169741 -0.00171636 -0.00132352 -0.00157497 -0.00205297 -0.0018423 -0.00232837 -0.00255875 -0.00156743 -0.002063 -0.00232348 -0.00274714 -0.00131799 -0.00184663 -0.00131278 -0.00179051 -0.00215855 -0.00127155 -0.00148333 -0.00189727 -0.00216964 -0.00124398 -0.00155498 -0.00229556 -0.00139937 -0.00224329 -0.00135346 -0.0015477 -0.00176783 -0.0016546 -0.00166 -0.00117795 -0.00148693 -0.00161756 -0.00240982 -0.00227477 -0.00169619 -0.00155418 -0.00168299 -0.00183997 -0.00274536 -0.00245589 -0.00151953 -0.00190463 -0.0025699 -0.00146893 -0.00288616 -0.00186093 -0.00199469 
-0.0018258 -0.0018712 -0.00101531 -0.00228721 -0.00152438 -0.00121499 -0.00232299 -0.00287177 -0.00224153 -0.00150454 -0.000871147 -0.00177096 -0.00134111 -0.00228882 -0.00211273 -0.00128416 -0.00137286 -0.00190431 -0.00132569 0.00251587 0.00113167 0.00341736 0.00245172 0.139595 0.00211644 0.00271027 0.00123399 0.00269271 -0.00114266 -0.0015704 -0.00161502 -0.00195454 -0.00248378 -0.00200936 -0.00121547 -0.00255278 -0.00213312 -0.00188537 -0.00144039 -0.00135965 -0.00252247 -0.00132161 -0.00150052 -0.00260917 -0.0017343 -0.00166239 -0.00260497 -0.000511024 -0.00209597 -0.0014484 -0.00178064 -0.00110254 -0.00125814 -0.00201811 -0.00161311 -0.00143239 -0.00242412 -0.00187855 -0.00204351 -0.00140641 -0.001761 -0.00222704 -0.00177922 -0.00181335 -0.00121496 -0.00191178 -0.00123021 -0.00148936 -0.00124395 -0.00187386 -0.00172921 -0.00155973 -0.00164172 -0.00219328 -0.00147466 -0.00139332 -0.0014282 -0.00210508 -0.00161576 -0.00172283 -0.00207987 -0.00130227 -0.00193408 -0.00123407 -0.00188915 -0.00210274 -0.00167137 -0.00120944 -0.00115719 -0.00195028 -0.00168619 -0.00111051 -0.000868464 -0.00241819 -0.00166914 -0.00286654 -0.0019677 -0.00214204 -0.00216058 -0.00175411 
-0.00157603 -0.00105188 -0.00188584 -0.000545985 -0.00156138 -0.00251975 -0.00272282 -0.00180005 -0.00245595 -0.00235085 -0.00277189 -0.00159095 -0.00173297 -0.00169686 -0.0010875 -0.0019852 -0.00131407 -0.00101054 -0.00193517 0.00211068 0.00310624 0.00265787 0.00285787 0.00211644 0.15063 0.00233016 0.00249706 0.00289596 0.00267551 0.00236422 -0.00206285 -0.00202318 -0.00252533 -0.000687371 -0.000970367 -0.00277946 -0.00195679 -0.00214157 -0.00248552 -0.00239806 -0.00213879 -0.00165069 -0.00237896 -0.0012091 -0.00213859 -0.00224041 -0.00189697 -0.0015223 -0.00271933 -0.00158877 -0.00292065 -0.00143858 -0.00271022 -0.00179879 -0.00201352 -0.00233095 -0.00268072 -0.00307587 -0.00203254 -0.00268501 -0.00209663 -0.00175974 -0.00176393 -0.0017934 -0.00235448 -0.00188057 -0.00121269 -0.00276071 -0.00194794 -0.00292317 -0.00274377 -0.00111015 -0.00210434 -0.00243575 -0.00226036 -0.0021331 -0.00159873 -0.00170358 -0.00153838 -0.00257036 -0.00205124 -0.00108609 -0.00216172 -0.00149393 -0.00212067 -0.00141205 -0.0020876 -0.00225515 -0.00177007 -0.00191079 -0.00208546 -0.00200003 -0.00159896 -0.00204816 -0.00274754 -0.00221919 -0.00165309 -0.00227582 -0.0021316 -0.00164402 
-0.00265162 -0.00178289 -0.00180292 -0.00194418 -0.00254336 -0.00222093 -0.00176913 -0.0016816 -0.00196328 -0.00204188 -0.00186096 -0.00257304 -0.00147889 -0.00256172 -0.0027589 -0.00205066 -0.0022369 -0.00269377 -0.00200503 -0.0011131 0.0024794 0.00196343 0.00390094 0.00271027 0.00233016 0.145472 0.00250366 0.00425127 0.0029125 0.00203161 0.00173429 -0.00201123 -0.0021606 -0.00185497 -0.00261121 -0.00205985 -0.00114493 -0.00231657 -0.00232339 -0.00200986 -0.00176468 -0.00202293 -0.00198264 -0.00247461 -0.00254851 -0.000861523 -0.00182964 -0.00151885 -0.00182699 -0.00160582 -0.0010433 -0.00175378 -0.00263246 -0.000441778 -0.00150163 -0.00221805 -0.002312 -0.001617 -0.00183875 -0.00167027 -0.00194342 -0.00173497 -0.00147441 -0.000856731 -0.00182212 -0.0015482 -0.00204845 -0.00306588 -0.00168458 -0.00169692 -0.00247112 -0.00297893 -0.00182017 -0.0029347 -0.00248662 -0.00122157 -0.000766342 -0.00188401 -0.00232457 -0.00222002 -0.00153225 -0.00168047 -0.00112313 -0.00123764 -0.00300633 -0.0022184 -0.00194932 -0.00149205 -0.00168227 -0.00190694 -0.00261859 -0.00188521 -0.00251183 -0.00171662 -0.00118272 -0.00141341 -0.00186168 -0.00270353 -0.00161961 -0.00227167 
-0.000357124 -0.0016816 -0.00168653 -0.00153985 -0.00199979 -0.0020991 -0.00142684 -0.00236896 -0.00257453 -0.00131265 -0.00227273 -0.000909237 -0.0020119 -0.00222315 -0.000882314 -0.00186392 -0.0027604 -0.00241491 -0.00208171 -0.00307988 -0.00192303 -0.00293109 0.00215838 0.00123399 0.00249706 0.00250366 0.1414 0.00275922 0.00270493 0.00243206 0.00293713 0.00264117 -0.0024529 -0.00174246 -0.00130617 -0.00176994 -0.00120736 -0.00187898 -0.00271734 -0.00180741 -0.0028409 -0.00191198 -0.00251171 -0.00169956 -0.00116611 -0.000783621 -0.00231729 -0.00177452 -0.00192873 -0.00204455 -0.0013669 -0.0017514 -0.00148853 -0.00225406 -0.00194119 -0.00153772 -0.00233855 -0.00140927 -0.0015975 -0.00158004 -0.00147967 -0.000945977 -0.001378 -0.00249744 -0.00133493 -0.00195938 -0.00223567 -0.00150194 -0.00248308 -0.00276505 -0.00225869 -0.00283636 -0.0018873 -0.00165579 -0.00183556 -0.00211355 -0.00149516 -0.000952858 -0.00194631 -0.0016918 -0.00223249 -0.00102688 -0.00185703 -0.00181867 -0.00185497 -0.00202766 -0.00124022 -0.00133341 -0.00142753 -0.00202325 -0.00239317 -0.00150512 -0.00125257 -0.00171323 -0.00188066 -0.00167959 -0.00134707 -0.00187476 -0.00111264 -0.000883784 
-0.00232026 -0.00191302 -0.000682673 -0.00210951 -0.00190737 -0.00137849 -0.00213238 -0.0012468 -0.00258387 -0.00131991 -0.00141566 -0.00175151 -0.001251 -0.00288652 -0.00249358 -0.00189658 -0.00279711 -0.00189117 -0.00138038 -0.00243567 -0.00173664 -0.00181991 -0.00161142 0.00269271 0.00289596 0.00425127 0.00275922 0.138214 0.00215728 0.0027638 0.00278856 0.00186105 0.00267306 -0.0017991 -0.00124559 -0.000964928 -0.00194219 -0.00154106 -0.0014064 -0.00144552 -0.00291289 -0.00135972 -0.00213104 -0.00255075 -0.00169768 -0.00218587 -0.00264724 -0.00222016 -0.00231631 -0.00204617 -0.00234673 -0.00115538 -0.000996555 -0.00156426 -0.00186352 -0.00152933 -0.00153113 -0.00162731 -0.00217228 -0.00251751 -0.00150384 -0.00188312 -0.0020571 -0.00217584 -0.00290897 -0.00227394 -0.00214888 -0.00191271 -0.00198638 -0.00134346 -0.00219314 -0.00113354 -0.00199243 -0.00176429 -0.00151543 -0.00101739 -0.00189693 -0.0011217 -0.00111802 -0.00148181 -0.0017379 -0.00169457 -0.00197875 -0.00127046 -0.00203296 -0.00125845 -0.00138203 -0.00157627 -0.00153867 -0.00204335 -0.00209388 -0.00221341 -0.0012039 -0.0010909 -0.00137256 -0.00225894 -0.00178529 -0.0022538 -0.00294902 -0.00121519 
-0.00162393 -0.00178863 -0.00117079 -0.00140729 -0.00214509 -0.00169644 -0.00209963 -0.00191905 -0.00225449 -0.00185888 -0.00220823 -0.0024169 -0.002467 -0.00200495 -0.00241599 -0.00260313 -0.00215259 -0.00218053 -0.00212036 -0.00249798 -0.00143745 -0.000977254 -0.00154349 -0.00114266 0.00267551 0.0029125 0.00270493 0.00215728 0.134881 0.003906 0.00307746 0.00265768 0.00246836 0.00249426 -0.00207228 -0.000942643 -0.00198633 -0.001725 -0.00133694 -0.00195956 -0.00159675 -0.00205131 -0.000865836 -0.00169732 -0.0022336 -0.00163677 -0.00219994 -0.00144824 -0.00138392 -0.00195601 -0.000365678 -0.00202753 -0.00229436 -0.000953234 -0.00195063 -0.00223738 -0.0014009 -0.00179021 -0.00156081 -0.00153992 -0.00192816 -0.00141019 -0.00210242 -0.00145969 -0.00239785 -0.00105615 -0.00162352 -0.00188728 -0.00186518 -0.00196296 -0.00151593 -0.00134855 -0.00153087 -0.00230842 -0.00283516 -0.0016371 -0.00158267 -0.00214629 -0.00190961 -0.00191526 -0.00193298 -0.00113952 -0.00158007 -0.00197981 -0.00134704 -0.00148333 -0.00143385 -0.00157387 -0.00150171 -0.00157693 -0.00207751 -0.000874976 -0.00193357 -0.00182564 -0.00220189 -0.00174257 -0.00174271 -0.00201945 -0.00184547 -0.00235312 
-0.00180275 -0.00154129 -0.00134914 -0.00194093 -0.00169944 -0.00195986 -0.00164019 -0.000925475 -0.0016869 -0.00165226 -0.00293631 -0.00210101 -0.00274022 -0.00163137 -0.00280427 -0.00306455 -0.000564021 -0.00286934 -0.00239609 -0.00184095 -0.00205825 -0.00220778 -0.00215895 -0.0015704 0.00236422 0.00203161 0.00243206 0.0027638 0.003906 0.13353 0.00270504 0.00303638 0.00322317 0.00198909 -0.00013072 -0.00133387 -0.000320924 -0.00217937 -0.0017727 -0.00202779 -0.00226556 -0.00219439 -0.00188012 -0.00213203 -0.00238354 -0.00175925 -0.00171861 -0.00194749 -0.00158278 -0.00181867 -0.00125928 -0.00111213 -0.00115414 -0.00198802 -0.00151656 -0.00133805 -0.00174746 -0.00234056 -0.00178867 -0.00120139 -0.00234869 -0.00148229 -0.00182032 -0.00245815 -0.00217333 -0.00210327 -0.00219733 -0.00168556 -0.00201793 -0.00191852 -0.00175473 -0.0016022 -0.00150948 -0.00237785 -0.00169773 -0.00128299 -0.00182194 -0.002177 -0.00146781 -0.00142728 -0.00278525 -0.00139767 -0.00147836 -0.00128813 -0.00114947 -0.00100236 -0.000457424 -0.00130732 -0.00146518 -0.00165976 -0.00144992 -0.00197471 -0.00176681 -0.00150184 -0.00187429 -0.00145119 -0.00163341 -0.00168687 -0.00216469 -0.00112607 
-0.00162731 -0.00114732 -0.00165359 -0.00207005 -0.00157739 -0.0016029 -0.00201406 -0.00169983 -0.00129085 -0.00226311 -0.00195637 -0.00196113 -0.00207533 -0.00175447 -0.00226094 -0.00267518 -0.00157091 -0.00223286 -0.00121088 -0.00240175 -0.00111561 -0.00204924 -0.00194506 -0.00161502 -0.00206285 0.00173429 0.00293713 0.00278856 0.00307746 0.00270504 0.137039 0.00200309 0.00216857 0.00170354 0.000621153 0.00198012 -0.00173805 -0.00159714 -0.00248589 -0.00282704 -0.0019788 -0.000699653 -0.00148774 -0.00248457 -0.00157456 -0.00176523 -0.00148055 -0.00192027 -0.000729989 -0.00137353 -0.000680393 -0.00156125 -0.00219876 -0.0014561 -0.00162396 -0.00231113 -0.00198196 -0.00225955 -0.00159594 -0.00229173 -0.00196052 -0.00110122 -0.00156832 -0.00157594 -0.00151144 -0.00194474 -0.0021985 -0.00128541 -0.00226763 -0.00146263 -0.00224556 -0.00196424 -0.00205644 -0.00178766 -0.00232048 -0.00199664 -0.00135593 -0.00209669 -0.00186875 -0.00171033 -0.00159699 -0.000902764 -0.0006971 -0.00132965 -0.0010999 -0.00141571 -0.000722589 -0.00141756 -0.00164013 -0.00160131 -0.00235372 -0.00321307 -0.0018461 -0.00114726 -0.0024875 -0.00237321 -0.00204753 -0.00219451 -0.00221373 -0.00224042 
-0.00131161 -0.00148143 -0.00218277 -0.00201807 -0.00203604 -0.00287514 -0.00135936 -0.00183261 -0.0013579 -0.00175087 -0.00176946 -0.00208052 -0.00180996 -0.00244078 -0.00190098 -0.00281289 -0.00264831 -0.00248099 -0.00123977 -0.00245022 -0.00238914 -0.00183896 -0.00173561 -0.00195454 -0.00202318 -0.00201123 0.00264117 0.00186105 0.00265768 0.00303638 0.00200309 0.132647 0.00313545 0.00166902 0.00257767 0.00239346 0.00170686 -0.00186767 -0.00224129 -0.00246991 -0.00190089 -0.00157531 -0.00159691 -0.00156819 -0.00149103 -0.00206684 -0.00141696 -0.00211339 -0.00110087 -0.00104647 -0.00199671 -0.00223338 -0.00183376 -0.00122776 -0.00213753 -0.00169864 -0.0018643 -0.00184003 -0.00241534 -0.00181445 -0.00250743 -0.00195272 -0.00133502 -0.00188592 -0.00208821 -0.000973795 -0.00200951 -0.00116679 -0.00130586 -0.00157304 -0.00159446 -0.00183804 -0.00156333 -0.00211028 -0.00132999 -0.000808944 -0.00110475 -0.00155215 -0.00110417 -0.00231788 -0.00134516 -0.00173471 -0.00177523 -0.00145019 -0.00226194 -0.00248778 -0.00162923 -0.00117846 -0.000733573 -0.00100983 -0.00140465 -0.00173951 -0.00221854 -0.0013942 -0.00115667 -0.00121365 -0.00162013 -0.00117333 -0.00188223 -0.00148764 
-0.00187153 -0.0016129 -0.00065561 -0.00174453 -0.000637848 -0.00186482 -0.0016277 -0.001257 -0.00202654 -0.000778107 -0.00127751 -0.00248251 -0.00204917 -0.00277663 -0.00161252 -0.00208019 -0.00243423 -0.00192399 -0.00271667 -0.00276767 -0.00252112 -0.00230312 -0.0028833 -0.00248378 -0.00252533 -0.0021606 -0.0024529 0.00267306 0.00246836 0.00322317 0.00216857 0.00313545 0.132021 0.00134161 0.00285702 0.00410341 0.00224642 0.00143782 -0.00166788 -0.00128405 -0.00146667 -0.00181896 -0.00266076 -0.00211671 -0.00219187 -0.00177981 -0.00170177 -0.00144057 -0.000842027 -0.00172383 -0.00212041 -0.00223619 -0.00131154 -0.00149692 -0.00112153 -0.00175503 -0.00173463 -0.000588932 -0.00153566 -0.00164096 -0.00147332 -0.00114694 -0.00138209 -0.00179524 -0.00106889 -0.0012144 -0.00152633 -0.00128789 -0.00195973 -0.00144363 -0.00117781 -0.00175127 -0.00258538 -0.00198266 -0.00174514 -0.00137703 -0.00211845 -0.00139674 -0.00131471 -0.00219182 -0.00180602 -0.00174104 -0.00198018 -0.00139055 -0.00137841 -0.00189673 -0.00178768 -0.00153586 -0.00171419 -0.00104001 -0.00196249 -0.00211872 -0.00183601 -0.0017445 -0.00163013 -0.00174546 -0.00212448 -0.00171588 -0.00234164 -0.0024814 
