0.122304 0.00282858 0.0029329 0.00242885 0.00183971 0.00276893 -0.00103863 -0.00179645 -0.0014862 -0.00140343 -0.00145409 -0.00151124 -0.00124964 -0.00164 -0.00223376 -0.00185483 -0.00183494 -0.00207513 -0.00257211 -0.00265195 -0.00201981 -0.0020684 -0.00255573 -0.00139821 -0.00199902 -0.00260242 -0.00114111 -0.0011383 -0.00210281 -0.00160174 -0.00291076 -0.000936857 -0.00228396 -0.0012481 -0.00199437 -0.0015827 -0.00220655 -0.00145002 -0.000867745 -0.00145939 -0.00167877 -0.001948 -0.00161327 -0.00186143 -0.00173598 -0.0012348 -0.00161818 -0.00225016 -0.000942407 -0.00105891 -0.00155478 -0.0013692 -0.00222159 -0.00184737 -0.0016486 -0.00113114 -0.00136954 -0.00143328 -0.0010072 -0.00158997 -0.00235369 -0.00191709 -0.00108559 -0.00180272 -0.00156426 -0.000834041 -0.00111879 -0.00165026 -0.00130565 -0.00131182 -0.0016646 -0.00186621 -0.000571699 -0.00151432 -0.00133302 -0.00144933 -0.000907366 -0.00205945 -0.000587732 -0.00184301 -0.00163907 -0.00211363 -0.00155202 -0.00147216 -0.00144486 -0.000878045 -0.00148236 -0.0013687 -0.0021305 -0.00140913 -0.00163158 -0.00141149 -0.00180502 -0.000875108 -0.00130064 -0.00148856 0.00255003 0.0021964 0.00265582 0.001723 
0.00282858 0.120836 0.00226658 0.00179724 0.0022249 0.00183043 0.00157936 -0.00144455 -0.00140154 -0.00139781 -0.00203972 -0.00159527 -0.0015195 -0.00191778 -0.00171184 -0.00126503 -0.00151179 -0.00115739 -0.00188938 -0.00243716 -0.00100475 -0.0016616 -0.00196934 -0.00185188 -0.00173193 -0.00199664 -0.00175331 -0.00177231 -0.000779891 -0.00211149 -0.00207434 -0.00187036 -0.00115149 -0.000745238 -0.00131372 -0.00156322 -0.00183925 -0.00170429 -0.00124336 -0.00184689 -0.00257117 -0.00139632 -0.000909749 -0.00126507 -0.00176291 -0.00153172 -0.00142742 -0.000902607 -0.0017344 -0.00148651 -0.000893763 -0.00129618 -0.000922346 -0.00174725 -0.00158725 -0.00157438 -0.000928709 -0.00182959 -0.00111622 -0.000995947 -0.00181372 -0.00169171 -0.00136465 -0.00200737 -0.00132604 -0.000877909 -0.00156067 -0.00117248 -0.00086569 -0.00145287 -0.00142145 -0.000963825 -0.00183001 -0.00107109 -0.00123054 -0.00126407 -0.00116958 -0.00173323 -0.00194069 -0.00220982 -0.00208608 -0.00165547 -0.00196227 -0.00301513 -0.00163298 -0.00190661 -0.00205647 -0.00140927 -0.0015995 -0.000982302 -0.00151408 -0.00118054 -0.00170322 -0.00129545 -0.00133757 -0.00121316 -0.00106036 0.00138925 0.00160088 0.00137868 
0.0029329 0.00226658 0.12755 0.00231885 0.00160723 0.00268456 0.0015626 0.00176975 -0.00124098 -0.00137273 -0.00134888 -0.00193789 -0.00147705 -0.0013774 -0.00156652 -0.00133391 -0.00216389 -0.000957087 -0.0012074 -0.0017974 -0.00116233 -0.00279615 -0.00130428 -0.00224019 -0.00222678 -0.00229353 -0.00240641 -0.0013554 -0.0014807 -0.00273715 -0.00249543 -0.00157622 -0.00123859 -0.00242974 -0.00201673 -0.00157419 -0.00211864 -0.00155539 -0.00196893 -0.00212384 -0.00171879 -0.00210327 -0.000857388 -0.00110556 -0.000958688 -0.000476302 -0.00249013 -0.00110555 -0.00085088 -0.00172655 -0.00201726 -0.00130995 -0.00110183 -0.00196414 -0.00144465 -0.00134953 -0.00176854 -0.000796024 -0.00199678 -0.0014189 -0.00176548 -0.00161643 -0.00129028 -0.00168682 -0.00115268 -0.00128757 -0.0015682 -0.00211639 -0.00116734 -0.00260244 -0.00205795 -0.00280532 -0.00256741 -0.0016715 -0.00108135 -0.00100955 -0.00177654 -0.00191245 -0.00215626 -0.00117097 -0.00132069 -0.0019676 -0.00209099 -0.00142172 -0.000869724 -0.000665399 -0.00206636 -0.00134355 -0.00128993 -0.00168942 -0.00234085 -0.00150273 -0.00154054 -0.00200853 -0.00118617 -0.0016645 -0.00102811 -0.00108054 0.00186584 0.0024245 
0.00242885 0.00179724 0.00231885 0.127637 0.00179507 0.00117883 0.00205479 0.001613 0.00260083 -0.00142025 -0.0014258 -0.00191337 -0.00256356 -0.0017709 -0.00164722 -0.00163933 -0.00218637 -0.00121154 -0.00241927 -0.00179891 -0.00210029 -0.00177866 -0.00234073 -0.00181082 -0.00102936 -0.00198931 -0.00224692 -0.00155506 -0.00161349 -0.00240035 -0.0010847 -0.00140802 -0.001387 -0.00146708 -0.00115223 -0.00168277 -0.00167977 -0.00207877 -0.00150004 -0.00203125 -0.00109886 -0.00181438 -0.00192083 -0.00160113 -0.000508809 -0.00158378 -0.00119644 -0.001997 -0.00157633 -0.000981639 -0.00179247 -0.00163788 -0.00140642 -0.000953239 -0.00192896 -0.00144752 -0.00169448 -0.00121127 -0.00100678 -0.00174506 -0.00136655 -0.00223949 -0.00199826 -0.000731963 -0.0024563 -0.00143557 -0.00132994 -0.0023301 -0.00151507 -0.00185249 -0.00153391 -0.00197473 -0.00126132 -0.00161868 -0.000829746 -0.00152534 -0.00197915 -0.00124654 -0.00120019 -0.00159031 -0.00184625 -0.002198 -0.00106465 -0.00215463 -0.00172621 -0.00199828 -0.00208038 -0.00200445 -0.00183272 -0.00108956 -0.000535476 -0.00183084 -0.00170694 -0.00126311 -0.00152611 -0.00146059 -0.000912084 -0.00102866 -0.0018562 0.00214278 
0.00183971 0.0022249 0.00160723 0.00179507 0.124062 0.00252525 0.00258429 0.00250022 0.00214093 0.00200334 -0.00112548 -0.00177028 -0.00133161 -0.00126264 -0.00261853 -0.00194399 -0.00228769 -0.00142048 -0.00168101 -0.00174064 -0.00154676 -0.00217526 -0.0019679 -0.00211108 -0.000859644 -0.000988453 -0.0016333 -0.00175281 -0.00128553 -0.00125112 -0.00208179 -0.00144881 -0.00207015 -0.00183842 -0.00162217 -0.00138887 -0.000945861 -0.00160929 -0.00173734 -0.00182239 -0.00187581 -0.00191562 -0.000486463 -0.00134584 -0.000779605 -0.00185148 -0.00145394 -0.00214381 -0.00240515 -0.00118286 -0.000910289 -0.00124115 -0.00169762 -0.000874244 -0.00151093 -0.000917645 -0.00119311 -0.00152898 -0.00174415 -0.00167046 -0.00169014 -0.00124379 -0.00228486 -0.00129247 -0.00101606 -0.00148384 -0.00232724 -0.00182768 -0.00160413 -0.00140526 -0.00198382 -0.00127136 -0.00085548 -0.00158425 -0.00161841 -0.0011718 -0.00152426 -0.00136635 -0.00166989 -0.00120643 -0.00117695 -0.00201334 -0.00170446 -0.00197629 -0.00217481 -0.00161131 -0.00105547 -0.00214183 -0.00184492 -0.00172684 -0.00240625 -0.00185152 -0.00140868 -0.00207445 -0.00214542 -0.00160171 -0.00166788 -0.00192747 -0.00120821 -0.00108938 
0.00276893 0.00183043 0.00268456 0.00117883 0.00252525 0.127368 0.00349252 0.00234898 0.00266829 0.00170086 0.00211976 -0.00193531 -0.000784922 -0.00122892 -0.00141738 -0.000863673 -0.0014188 -0.0023862 -0.00120974 -0.00191907 -0.00317145 -0.00233811 -0.00287872 -0.00217538 -0.0024001 -0.0018998 -0.00244144 -0.00144268 -0.00139225 -0.00232837 -0.00159185 -0.00187571 -0.00126244 -0.00219799 -0.00187352 -0.00173607 -0.00235636 -0.00162906 -0.00194776 -0.00178954 -0.00177079 -0.00157646 -0.00189398 -0.00112147 -0.00181762 -0.00177526 -0.00181137 -0.00166677 -0.0013618 -0.0017161 -0.00124017 -0.00187202 -0.00163996 -0.00306373 -0.00194742 -0.00238129 -0.00105981 -0.00202247 -0.00260094 -0.00229839 -0.00163278 -0.0018974 -0.000867565 -0.00238179 -0.00138682 -0.00143065 -0.00177814 -0.00220276 -0.00134908 -0.00148935 -0.00163242 -0.00119436 -0.00235428 -0.000498102 -0.000441713 -0.00181082 -0.00160803 -0.000869407 -0.000402095 -0.001941 -0.00166293 -0.00134793 -0.00228778 -0.00219835 -0.00193608 -0.00273189 -0.00177451 -0.00155797 -0.00115375 -0.00214143 -0.00120141 -0.00131365 -0.00110937 -0.00083879 -0.00159361 -0.00153769 -0.00138585 -0.00107492 -0.00122806 -0.000911797 
-0.00103863 0.00157936 0.0015626 0.00205479 0.00258429 0.00349252 0.136247 0.00353956 0.00343503 0.0019023 0.00264809 0.0023017 -0.00178225 -0.001781 -0.00127492 -0.00259046 -0.0017703 -0.00282279 -0.00144271 -0.00319676 -0.00247072 -0.00291939 -0.00194211 -0.0030986 -0.00152548 -0.00182538 -0.00180071 -0.00198635 -0.00251474 -0.00189357 -0.00202678 -0.00173165 -0.0021665 -0.00126761 -0.00150965 -0.00106336 -0.00164593 -0.00151881 -0.00142315 -0.00183383 -0.00182094 -0.00211083 -0.00177943 -0.0013761 -0.0021049 -0.00172349 -0.00105935 -0.00268722 -0.00185541 -0.00167798 -0.00215894 -0.00189096 -0.00158124 -0.00220892 -0.00212736 -0.00229915 -0.00146347 -0.00219436 -0.00208029 -0.00197746 -0.00211066 -0.00151636 -0.00182871 -0.00191193 -0.00147702 -0.00145822 -0.000927089 -0.00144456 -0.00131768 -0.00204333 -0.00152163 -0.00195153 -0.00188169 -0.00119129 -0.00154222 -0.00253297 -0.00158823 -0.00156499 -0.00187662 -0.00123712 -0.00214142 -0.00179713 -0.00157964 -0.00206609 -0.00148606 -0.00192893 -0.002357 -0.00199394 -0.00133988 -0.00179209 -0.00173693 -0.00169088 -0.00158418 -0.00151555 -0.00196087 -0.00163786 -0.000988623 -0.00132802 -0.00214204 -0.00131447 
-0.00179645 -0.00144455 0.00176975 0.001613 0.00250022 0.00234898 0.00353956 0.131346 0.00268638 0.00208827 0.00224534 0.00202795 0.00207568 -0.00164473 -0.00157118 -0.00144913 -0.00154657 -0.00224102 -0.00189292 -0.00216442 -0.00140289 -0.00177033 -0.00151018 -0.00164802 -0.00122564 -0.00182881 -0.00138775 -0.00305544 -0.00239109 -0.00282165 -0.0012207 -0.00164869 -0.0022643 -0.00214107 -0.00168771 -0.00111829 -0.00178633 -0.00199263 -0.00134584 -0.00164685 -0.00119757 -0.00136829 -0.0015798 -0.00190265 -0.00190356 -0.00206548 -0.00180879 -0.00237232 -0.00180972 -0.00191845 -0.00209364 -0.00219569 -0.0016698 -0.0011441 -0.0013719 -0.00162645 -0.00203306 -0.00152413 -0.00203236 -0.00126728 -0.00150471 -0.00210932 -0.00231658 -0.00157401 -0.00112562 -0.00210567 -0.00191519 -0.00200372 -0.00157791 -0.00171462 -0.00220025 -0.00174194 -0.00216914 -0.00128438 -0.0016807 -0.00140503 -0.00116808 -0.00111146 -0.00127377 -0.0019459 -0.00156118 -0.00197469 -0.00125169 -0.00159613 -0.00194696 -0.00210065 -0.000844863 -0.000791462 -0.00108308 -0.00196184 -0.00167643 -0.00214825 -0.00216522 -0.00215499 -0.00177776 -0.00221789 -0.00116896 -0.00169565 -0.00190187 -0.00176349 
-0.0014862 -0.00140154 -0.00124098 0.00260083 0.00214093 0.00266829 0.00343503 0.00268638 0.137615 0.00293312 0.00258609 0.00316311 0.00251728 0.00250767 -0.00160804 -0.00233651 -0.00075854 -0.00205569 -0.00236448 -0.00183588 -0.00187233 -0.00229396 -0.00129446 -0.00122194 -0.00114774 -0.00143494 -0.00199157 -0.0012604 -0.00169764 -0.00230384 -0.00144736 -0.00153926 -0.000750779 -0.00208119 -0.00269357 -0.000788251 -0.00211948 -0.00179093 -0.00239851 -0.00260013 -0.00240346 -0.00157466 -0.00143356 -0.00253396 -0.00176532 -0.00210398 -0.00092821 -0.00149441 -0.00258095 -0.00124657 -0.00145713 -0.00163689 -0.00290525 -0.00226651 -0.000700151 -0.00167766 -0.00252553 -0.00215459 -0.00142574 -0.00264716 -0.00190472 -0.00174036 -0.00247148 -0.00179391 -0.0021233 -0.00141909 -0.00197655 -0.00240039 -0.00193257 -0.0022012 -0.00235845 -0.00231379 -0.00124142 -0.00162595 -0.00155632 -0.00168722 -0.00176057 -0.00123578 -0.00234409 -0.001807 -0.00174201 -0.00208914 -0.00209932 -0.00257317 -0.00109773 -0.00175011 -0.00103767 -0.00253291 -0.00178565 -0.0018544 -0.00193128 -0.00225769 -0.0022357 -0.00165954 -0.00193185 -0.00189461 -0.00204541 -0.00282399 -0.00272868 -0.0016112 
-0.00140343 -0.00139781 -0.00137273 -0.00142025 0.00200334 0.00170086 0.0019023 0.00208827 0.00293312 0.131212 0.00209207 0.00279626 0.00306056 0.00191428 -0.00141786 -0.00101322 -0.00206578 -0.00219553 -0.0022422 -0.00256708 -0.0021363 -0.0020163 -0.00192876 -0.00260846 -0.0020409 -0.00173507 -0.00253542 -0.00208327 -0.0017739 -0.00207757 -0.00160971 -0.00245315 -0.00194867 -0.00209445 -0.00224685 -0.00160852 -0.00238923 -0.00265137 -0.00284493 -0.00207799 -0.000871585 -0.000979221 -0.00153256 -0.00189719 -0.00064786 -0.00245552 -0.00131676 -0.00212615 -0.00169475 -0.00135091 -0.0011388 -0.00240809 -0.00148252 -0.00118206 -0.00146391 -0.00147165 -0.00200958 -0.00118864 -0.000929913 -0.00183011 -0.00190772 -0.0018979 -0.00186927 -0.000644645 -0.00150477 -0.00170951 -0.0015233 -0.00118692 -0.00180331 -0.0022481 -0.00128909 -0.000955255 -0.00199755 -0.00163111 -0.00154961 -0.00118965 -0.00169681 -0.0013719 -0.00163379 -0.00204982 -0.00149792 -0.000814121 -0.0018695 -0.00149287 -0.00150722 -0.00179132 -0.000854433 -0.00184234 -0.00154301 -0.00198746 -0.00140904 -0.00201036 -0.00174474 -0.00156213 -0.00149657 -0.000961838 -0.00120285 -0.0012446 -0.00159969 -0.00167688 
-0.00145409 -0.00203972 -0.00134888 -0.0014258 -0.00112548 0.00211976 0.00264809 0.00224534 0.00258609 0.00209207 0.134081 0.0023983 0.00278372 0.00322401 0.00166455 0.00200305 -0.00179614 -0.00152527 -0.00193349 -0.00193954 -0.00253114 -0.00285133 -0.00358131 -0.0030208 -0.00296733 -0.0021341 -0.00154224 -0.00193003 -0.00256486 -0.00266281 -0.00125951 -0.00201889 -0.00273316 -0.002053 -0.00167517 -0.00132749 -0.00227379 -0.00222408 -0.00235903 -0.00137469 -0.00115548 -0.00180434 -0.00280291 -0.00153248 -0.00231953 -0.00191522 -0.00128706 -0.00246878 -0.00191773 -0.00185821 -0.00189394 -0.00195236 -0.00183921 -0.00152129 -0.00196688 -0.00245883 -0.00188638 -0.00202544 -0.0015782 -0.00134258 -0.00245932 -0.00128166 -0.00143657 -0.00152953 -0.00112557 -0.0022234 -0.00144209 -0.00154505 -0.0017635 -0.00147718 -0.00192464 -0.00172203 -0.00140059 -0.00136948 -0.00145866 -0.00156212 -0.0005727 -0.00204701 -0.00165061 -0.00193065 -0.00167399 -0.00132165 -0.00144892 -0.00136388 -0.00250662 -0.00133064 -0.0016628 -0.00127073 -0.00156915 -0.00104849 -0.0011271 -0.000371795 -0.00144792 -0.00250851 -0.00186648 -0.00136161 -0.00110418 -0.000984377 -0.00105032 -0.00170436 
-0.00151124 -0.00159527 -0.00193789 -0.00191337 -0.00177028 -0.00193531 0.0023017 0.00202795 0.00316311 0.00279626 0.0023983 0.135774 0.00325092 0.00346947 0.00229405 0.00166529 0.00292453 -0.00200646 -0.00119919 -0.00313326 -0.00138231 -0.00234495 -0.00214366 -0.00177264 -0.00223573 -0.0028676 -0.001974 -0.00179537 -0.00156178 -0.001419 -0.00243029 -0.00231206 -0.00243907 -0.00200843 -0.00203785 -0.00253519 -0.00253342 -0.00120802 -0.00174577 -0.00106753 -0.00221077 -0.00170938 -0.00191757 -0.00137414 -0.00232339 -0.0016807 -0.000645292 -0.00174105 -0.00170713 -0.00177607 -0.00143412 -0.00179938 -0.0015038 -0.00191504 -0.00214314 -0.00100726 -0.00246187 -0.00145148 -0.00146608 -0.00129474 -0.00204468 -0.00118834 -0.00264034 -0.00133545 -0.00170903 -0.00186877 -0.00302374 -0.00187384 -0.00175411 -0.00134886 -0.00158849 -0.00265233 -0.00149126 -0.00112882 -0.00168494 -0.00182263 -0.000537025 -0.00219911 -0.00234649 -0.000932591 -0.00217022 -0.00123755 -0.00161314 -0.00258501 -0.00145133 -0.00161351 -0.00209297 -0.0021331 -0.00171821 -0.0013633 -0.00260567 -0.00141666 -0.00156747 -0.00153818 -0.00178451 -0.00153112 -0.00178461 -0.00170686 -0.00205796 -0.00254422 
-0.00124964 -0.0015195 -0.00147705 -0.00256356 -0.00133161 -0.000784922 -0.00178225 0.00207568 0.00251728 0.00306056 0.00278372 0.00325092 0.135612 0.00211615 0.00261943 0.0021824 0.00300449 -0.00208706 -0.000739682 -0.00194287 -0.00109348 -0.00239604 -0.00247687 -0.00157601 -0.00233542 -0.00246789 -0.00110028 -0.0015525 -0.00164402 -0.0014032 -0.00156063 -0.00131645 -0.00209926 -0.00194727 -0.0015376 -0.00215405 -0.00154094 -0.00157676 -0.00180287 -0.00207626 -0.00153139 -0.0018073 -0.0019148 -0.00191896 -0.00213268 -0.00163372 -0.00191828 -0.00208365 -0.0014215 -0.00173562 -0.00163745 -0.00211068 -0.00224701 -0.00174251 -0.00184996 -0.00123497 -0.0020432 -0.00127693 -0.00215214 -0.00126798 -0.00144182 -0.00171438 -0.00198938 -0.00117005 -0.00117011 -0.00276398 -0.00205484 -0.00065271 -0.0026669 -0.00197925 -0.00140636 -0.00225092 -0.00191695 -0.00104125 -0.00220769 -0.00217259 -0.00217159 -0.00176035 -0.00230393 -0.00200453 -0.00166406 -0.00166406 -0.00200246 -0.00223579 -0.00188546 -0.00192239 -0.00252451 -0.00208787 -0.00175554 -0.00140873 -0.00181267 -0.0019044 -0.00217144 -0.00151227 -0.0015251 -0.00142487 -0.00204671 -0.00136052 -0.000966568 -0.00171082 
-0.00164 -0.00191778 -0.0013774 -0.0017709 -0.00126264 -0.00122892 -0.001781 -0.00164473 0.00250767 0.00191428 0.00322401 0.00346947 0.00211615 0.139152 0.00204885 0.00286852 0.00244471 0.00221305 0.00306596 -0.00239149 -0.00156345 -0.00234624 -0.00171173 -0.00210686 -0.00141689 -0.00261174 -0.0019877 -0.00286428 -0.00181911 -0.00184206 -0.0024408 -0.00245093 -0.00202561 -0.00156122 -0.00264719 -0.00267507 -0.00195209 -0.00170666 -0.00141776 -0.00210936 -0.00243435 -0.00128226 -0.00227349 -0.00110331 -0.0017536 -0.00174615 -0.00273628 -0.00203017 -0.00221954 -0.00110398 -0.00160514 -0.00210842 -0.00177922 -0.00253502 -0.00193925 -0.00166605 -0.00166647 -0.00176685 -0.00263347 -0.00207808 -0.00182023 -0.00158302 -0.00235795 -0.00185995 -0.0018174 -0.00220992 -0.00278746 -0.00173377 -0.00147001 -0.00131776 -0.00201077 -0.00246561 -0.00154154 -0.00160103 -0.00196901 -0.00127594 -0.000577231 -0.00138319 -0.00139582 -0.00161719 -0.00163523 -0.0023223 -0.00207622 -0.00157949 -0.00187449 -0.00167823 -0.00152438 -0.0011054 -0.00117653 -0.00206145 -0.00173112 -0.00173216 -0.00198559 -0.00238533 -0.00142745 -0.0023386 -0.00149607 -0.00175492 -0.00171295 -0.00189905 
-0.00223376 -0.00171184 -0.00156652 -0.00164722 -0.00261853 -0.00141738 -0.00127492 -0.00157118 -0.00160804 -0.00141786 0.00166455 0.00229405 0.00261943 0.00204885 0.135636 0.00368725 0.0030035 0.00301476 0.00232133 0.00335143 -0.00212165 -0.000698635 -0.000278503 -0.00249502 -0.00246314 -0.00138095 -0.00167098 -0.00179187 -0.00114368 -0.00262764 -0.00232619 -0.00196322 -0.00209932 -0.00167307 -0.00183307 -0.00177502 -0.00165896 -0.00194086 -0.00229023 -0.00128634 -0.0023186 -0.00174752 -0.00238453 -0.00138094 -0.00177397 -0.00243739 -0.00121495 -0.000970615 -0.00172078 -0.0025912 -0.00182802 -0.001249 -0.002497 -0.00228401 -0.0021376 -0.00160806 -0.00190022 -0.00163623 -0.00205734 -0.00167238 -0.00120595 -0.00119873 -0.00131854 -0.00131765 -0.000814777 -0.00166617 -0.00163425 -0.00194797 -0.00151058 -0.0017554 -0.00219509 -0.00204995 -0.00160545 -0.0020944 -0.00218147 -0.00164052 -0.000944138 -0.00289074 -0.00144597 -0.00107458 -0.00177265 -0.00201095 -0.00209675 -0.00215605 -0.00211523 -0.00210158 -0.00191244 -0.00163274 -0.00110243 -0.00244127 -0.00137743 -0.00185381 -0.00194263 -0.00102856 -0.00123019 -0.00241505 -0.00187271 -0.00161615 -0.00241563 -0.00205852 
-0.00185483 -0.00126503 -0.00133391 -0.00163933 -0.00194399 -0.000863673 -0.00259046 -0.00144913 -0.00233651 -0.00101322 0.00200305 0.00166529 0.0021824 0.00286852 0.00368725 0.133509 0.00240862 0.00282284 0.00345626 0.00303344 -0.00216581 -0.00127455 -0.00178979 -0.00246463 -0.00197142 -0.00208699 -0.00224769 -0.00254808 -0.00160583 -0.00106884 -0.00171984 -0.00173138 -0.00213032 -0.00230987 -0.00221081 -0.00186072 -0.0014457 -0.00165611 -0.00173856 -0.00129412 -0.00155866 -0.00104061 -0.0014281 -0.00127083 -0.00216951 -0.00136456 -0.00129985 -0.00159086 -0.00150808 -0.00211037 -0.00129555 -0.00157404 -0.00197735 -0.00213672 -0.00134264 -0.00228383 -0.00208971 -0.00192564 -0.00204157 -0.00161198 -0.00203904 -0.00118493 -0.00148795 -0.00138076 -0.000994419 -0.00190629 -0.00307081 -0.00232941 -0.00232625 -0.00102951 -0.00143235 -0.00199324 -0.00170509 -0.000778268 -0.00184279 -0.000873883 -0.00176339 -0.00216737 -0.001753 -0.000887931 -0.0016515 -0.00157971 -0.00211092 -0.00154637 -0.00187098 -0.00203109 -0.0026315 -0.000695843 -0.00169693 -0.00152374 -0.00203906 -0.00167791 -0.0017053 -0.00156566 -0.00194894 -0.00241337 -0.0017149 -0.0022636 -0.00299438 -0.00179695 
-0.00183494 -0.00151179 -0.00216389 -0.00218637 -0.00228769 -0.0014188 -0.0017703 -0.00154657 -0.00075854 -0.00206578 -0.00179614 0.00292453 0.00300449 0.00244471 0.0030035 0.00240862 0.146105 0.00241639 0.00276659 0.0030361 0.003296 0.00301033 -0.00168856 -0.00312039 -0.0032272 -0.00276201 -0.00258818 -0.00255435 -0.00255688 -0.00203797 -0.00269487 -0.00243696 -0.00152638 -0.00148905 -0.00222416 -0.00223255 -0.00129984 -0.0016847 -0.00326979 -0.00239023 -0.00215536 -0.00199034 -0.00230389 -0.00182587 -0.00162218 -0.00195544 -0.0021076 -0.00112327 -0.00168043 -0.00256976 -0.00198602 -0.00207754 -0.00175424 -0.00266916 -0.00262459 -0.00112409 -0.00185996 -0.00202236 -0.00261055 -0.00216851 -0.00153771 -0.00159442 -0.00225184 -0.00135944 -0.00272987 -0.00224615 -0.00133808 -0.00186512 -0.00222607 -0.00233569 -0.00223105 -0.0013102 -0.00129472 -0.000944442 -0.00175133 -0.0020877 -0.000662005 -0.00228475 -0.00150515 -0.00143401 -0.00103968 -0.00171269 -0.00258294 -0.00290491 -0.00230967 -0.00129435 -0.00168084 -0.00298802 -0.00142733 -0.00165199 -0.00190698 -0.00224627 -0.00198691 -0.00189958 -0.00181024 -0.00130289 -0.00138722 -0.00169557 -0.00273702 -0.00150541 
-0.00207513 -0.00115739 -0.000957087 -0.00121154 -0.00142048 -0.0023862 -0.00282279 -0.00224102 -0.00205569 -0.00219553 -0.00152527 -0.00200646 -0.00208706 0.00221305 0.00301476 0.00282284 0.00241639 0.144928 0.00363363 0.00324761 0.00350231 0.00368277 0.00216605 -0.00136003 -0.00200017 -0.00178132 -0.00200877 -0.00111597 -0.0013206 -0.00215434 -0.00219424 -0.00186313 -0.00218783 -0.00237831 -0.00189196 -0.00183074 -0.00194767 -0.00179315 -0.00201339 -0.00199229 -0.00160355 -0.000810181 -0.00216246 -0.00164192 -0.00208373 -0.00157554 -0.00193137 -0.00116562 -0.000403584 -0.00242576 -0.00291057 -0.0009831 -0.00277355 -0.00221916 -0.00101289 -0.00119148 -0.00267307 -0.00215248 -0.0010721 -0.00166816 -0.0025778 -0.00230696 -0.00182665 -0.00170445 -0.00207199 -0.00144844 -0.0024697 -0.0022146 -0.0018692 -0.00219631 -0.00157384 -0.00223832 -0.00213696 -0.00214517 -0.00239925 -0.00183082 -0.00221235 -0.00263658 -0.00222723 -0.00166123 -0.00185084 -0.00212657 -0.00198715 -0.00155889 -0.00272607 -0.00224155 -0.00229265 -0.00228404 -0.00152805 -0.00134504 -0.00248465 -0.0027127 -0.00225869 -0.00203414 -0.00193988 -0.0018589 -0.00105718 -0.00150913 -0.00156731 -0.00208015 
-0.00257211 -0.00188938 -0.0012074 -0.00241927 -0.00168101 -0.00120974 -0.00144271 -0.00189292 -0.00236448 -0.0022422 -0.00193349 -0.00119919 -0.000739682 0.00306596 0.00232133 0.00345626 0.00276659 0.00363363 0.150078 0.00252816 0.00277551 0.00373616 0.00294365 -0.00153243 -0.00249885 -0.00219564 -0.00220662 -0.00131939 -0.00202995 -0.000927836 -0.00175191 -0.00182983 -0.0020368 -0.00218123 -0.00265608 -0.00169514 -0.00244308 -0.00134511 -0.00223216 -0.00216942 -0.0020482 -0.00167013 -0.00233117 -0.00218333 -0.00157803 -0.000826899 -0.00249633 -0.00219077 -0.00120109 -0.00155446 -0.00108384 -0.00209162 -0.00174525 -0.00248939 -0.00166572 -0.00318522 -0.00215272 -0.00170253 -0.00240183 -0.00260119 -0.00190062 -0.00288353 -0.00228729 -0.00184212 -0.00262278 -0.00166103 -0.0018946 -0.00239153 -0.00216662 -0.00229003 -0.00204759 -0.00148591 -0.00173679 -0.000743763 -0.00191864 -0.00201157 -0.00202277 -0.00334937 -0.00217353 -0.00155043 -0.00262827 -0.00248927 -0.00285732 -0.00205273 -0.0022274 -0.00170692 -0.00195646 -0.00148381 -0.00109946 -0.000941175 -0.00174442 -0.00161892 -0.00242742 -0.00219166 -0.00202508 -0.0028148 -0.00207369 -0.00255179 -0.00175053 -0.0026384 
-0.00265195 -0.00243716 -0.0017974 -0.00179891 -0.00174064 -0.00191907 -0.00319676 -0.00216442 -0.00183588 -0.00256708 -0.00193954 -0.00313326 -0.00194287 -0.00239149 0.00335143 0.00303344 0.0030361 0.00324761 0.00252816 0.153597 0.00436245 0.00275066 0.00333892 0.00243052 0.00340066 -0.00158525 -0.00169264 -0.00339277 -0.00147425 -0.000971862 -0.00234875 -0.00159986 -0.0025013 -0.00218138 -0.00207179 -0.00187736 -0.00341848 -0.00185676 -0.00184753 -0.0015899 -0.00135271 -0.00235274 -0.00239109 -0.00155925 -0.00214198 -0.00185182 -0.000943694 -0.000755091 -0.00189805 -0.00152206 -0.00228551 -0.00167537 -0.00199886 -0.00187379 -0.00261323 -0.00216037 -0.00302295 -0.00232551 -0.00148138 -0.00246081 -0.00260716 -0.00156309 -0.00201111 -0.00224402 -0.00297479 -0.00121035 -0.00182379 -0.00195396 -0.00271853 -0.00231769 -0.00217192 -0.00186083 -0.00223137 -0.00226848 -0.00224956 -0.00255572 -0.00178915 -0.00181531 -0.00290759 -0.00150758 -0.00255608 -0.00250819 -0.00278458 -0.00226999 -0.00234961 -0.00254985 -0.00199936 -0.0013568 -0.0015783 -0.00231886 -0.00141999 -0.00224963 -0.00195399 -0.0022572 -0.00193896 -0.00200942 -0.00190528 -0.00210261 -0.00237051 -0.00122294 
-0.00201981 -0.00100475 -0.00116233 -0.00210029 -0.00154676 -0.00317145 -0.00247072 -0.00140289 -0.00187233 -0.0021363 -0.00253114 -0.00138231 -0.00109348 -0.00156345 -0.00212165 -0.00216581 0.003296 0.00350231 0.00277551 0.00436245 0.140332 0.00287646 0.00244641 0.00221388 0.0013096 0.00303508 -0.00228636 -0.00187862 -0.00127849 -0.0013246 -0.00212525 -0.00167 -0.00234798 -0.00164391 -0.0023688 -0.00112154 -0.00241973 -0.00214781 -0.00104952 -0.00109593 -0.00129231 -0.00203743 -0.00159903 -0.00237724 -0.00168239 -0.00199325 -0.00170406 -0.00207508 -0.00227404 -0.000941582 -0.00274121 -0.00179801 -0.00115488 -0.00123497 -0.00178239 -0.00145443 -0.00194352 -0.0012816 -0.00111602 -0.00229906 -0.0010509 -0.00164893 -0.00171475 -0.00145756 -0.00217806 -0.00143959 -0.00230552 -0.00128616 -0.00272257 -0.00278372 -0.000939156 -0.00209908 -0.00160882 -0.00202992 -0.00173533 -0.00158232 -0.00118582 -0.00180545 -0.00118096 -0.00269514 -0.0019309 -0.00142452 -0.00222444 -0.00309037 -0.0017364 -0.00186194 -0.00220283 -0.00346576 -0.0025614 -0.00205527 -0.0022617 -0.00200091 -0.00177415 -0.00149966 -0.00152544 -0.00163383 -0.00235718 -0.00209267 -0.00196359 -0.00175038 
-0.0020684 -0.0016616 -0.00279615 -0.00177866 -0.00217526 -0.00233811 -0.00291939 -0.00177033 -0.00229396 -0.0020163 -0.00285133 -0.00234495 -0.00239604 -0.00234624 -0.000698635 -0.00127455 0.00301033 0.00368277 0.00373616 0.00275066 0.00287646 0.150599 0.00356635 0.00289886 0.00214787 0.00327887 -0.00204198 -0.00192993 -0.00136364 -0.00212506 -0.0022996 -0.00275982 -0.00173526 -0.00178866 -0.00175033 -0.00223231 -0.00316159 -0.00285349 -0.00139096 -0.00172083 -0.00229701 -0.00251167 -0.00245036 -0.00145722 -0.00144741 -0.00162195 -0.00221842 -0.00100582 -0.00155343 -0.0022567 -0.00301952 -0.00178723 -0.00149548 -0.00180781 -0.00195733 -0.00151532 -0.00240215 -0.00103258 -0.000756046 -0.00207 -0.00272983 -0.00129393 -0.0025223 -0.00167459 -0.00171594 -0.00226706 -0.00215662 -0.00180188 -0.00173893 -0.00187771 -0.00183216 -0.0019959 -0.00141467 -0.00246749 -0.00180888 -0.00194843 -0.0024226 -0.00263515 -0.0020452 -0.0029479 -0.00162967 -0.00225201 -0.00262559 -0.0020508 -0.00223116 -0.00320898 -0.00130609 -0.00273571 -0.000878749 -0.00220712 -0.00171764 -0.00154634 -0.00174297 -0.00103866 -0.00205519 -0.00130929 -0.00210664 -0.00148345 -0.00145221 -0.00212538 
-0.00255573 -0.00196934 -0.00130428 -0.00234073 -0.0019679 -0.00287872 -0.00194211 -0.00151018 -0.00129446 -0.00192876 -0.00358131 -0.00214366 -0.00247687 -0.00171173 -0.000278503 -0.00178979 -0.00168856 0.00216605 0.00294365 0.00333892 0.00244641 0.00356635 0.140701 0.00391428 0.00244006 0.00251465 0.00316944 -0.0003922 -0.00198155 -0.00110406 -0.00136384 -0.00133915 -0.00231604 -0.00259845 -0.00189813 -0.00166992 -0.00206759 -0.00198294 -0.00200689 -0.00190754 -0.00103171 -0.00186866 -0.00194012 -0.00182058 -0.00147283 -0.00195204 -0.00167501 -0.00218424 -0.00163981 -0.00187782 -0.0017499 -0.00203431 -0.00146562 -0.00124095 -0.00172706 -0.0026769 -0.00177685 -0.00205553 -0.00135761 -0.00153821 -0.00221838 -0.00209781 -0.00254322 -0.00146695 -0.00248857 -0.00158182 -0.00227945 -0.0021831 -0.00200157 -0.00182845 -0.00196916 -0.00160015 -0.00217395 -0.00122649 -0.00144925 -0.00142527 -0.00222777 -0.00148143 -0.00168487 -0.00184221 -0.00274985 -0.00235178 -0.00148901 -0.0023047 -0.00105209 -0.00262376 -0.00109047 -0.00177286 -0.00120735 -0.0013247 -0.00262653 -0.00174154 -0.00204789 -0.00220325 -0.00258342 -0.00193472 -0.00128822 -0.00213161 -0.00258747 -0.00124322 
-0.00139821 -0.00185188 -0.00224019 -0.00181082 -0.00211108 -0.00217538 -0.0030986 -0.00164802 -0.00122194 -0.00260846 -0.0030208 -0.00177264 -0.00157601 -0.00210686 -0.00249502 -0.00246463 -0.00312039 -0.00136003 -0.00153243 0.00243052 0.00221388 0.00289886 0.00391428 0.138624 0.00240393 0.00359914 0.00265999 0.00181443 -0.00213528 -0.00180203 -0.00168693 -0.00209589 -0.00212773 -0.00229128 -0.000744078 -0.00116298 -0.00198722 -0.002344 -0.00174394 -0.00206762 -0.0012545 -0.00171093 -0.00206747 -0.00139177 -0.000604804 -0.00214292 -0.00206676 -0.0026005 -0.00209133 -0.00207301 -0.00271721 -0.00157849 -0.000957768 -0.00179112 -0.00168991 -0.00150935 -0.00240839 -0.00196493 -0.00178006 -0.00210306 -0.00116756 -0.0021184 -0.00144955 -0.00140329 -0.00121258 -0.00207458 -0.00125397 -0.000384263 -0.00217954 -0.00150462 -0.00239453 -0.00181175 -0.00133926 -0.00196228 -0.00164078 -0.00161238 -0.00201774 -0.00186372 -0.000696001 -0.00168741 -0.00140613 -0.00130003 -0.00205045 -0.00166244 -0.00141099 -0.00118572 -0.000482139 -0.00157017 -0.00112397 -0.00138815 -0.00188736 -0.0019886 -0.00217768 -0.00134799 -0.00152927 -0.00177573 -0.00204097 -0.00157646 -0.00114034 -0.00143329 
-0.00199902 -0.00173193 -0.00222678 -0.00102936 -0.000859644 -0.0024001 -0.00152548 -0.00122564 -0.00114774 -0.0020409 -0.00296733 -0.00223573 -0.00233542 -0.00141689 -0.00246314 -0.00197142 -0.0032272 -0.00200017 -0.00249885 0.00340066 0.0013096 0.00214787 0.00244006 0.00240393 0.145823 0.00341914 0.00316215 0.00255606 0.00312038 0.00319101 -0.000677504 -0.00183286 -0.00143273 -0.0021437 -0.00274782 -0.00207514 -0.00210831 -0.00238207 -0.00256936 -0.00230409 -0.00183394 -0.00276839 -0.00150072 -0.00232983 -0.00228379 -0.00201774 -0.0021933 -0.0024447 -0.00194719 -0.00216772 -0.00247215 -0.00191795 -0.00106088 -0.00119639 -0.00159685 -0.00135582 -0.00258274 -0.00147658 -0.00211898 -0.00173062 -0.00149881 -0.0011708 -0.00187601 -0.00143339 -0.00269977 -0.00153396 -0.00261206 -0.00233896 -0.00222196 -0.00237764 -0.00166434 -0.00216566 -0.00190489 -0.00275586 -0.00159893 -0.00244209 -0.00129378 -0.00169626 -0.00072049 -0.00260796 -0.00192745 -0.00239251 -0.00165189 -0.00159685 -0.0018631 -0.00249173 -0.00167663 -0.00191109 -0.00280134 -0.00167401 -0.00254706 -0.00130385 -0.00140523 -0.000746211 -0.00157533 -0.00186652 -0.00218938 -0.00188248 -0.00207545 -0.00220936 
-0.00260242 -0.00199664 -0.00229353 -0.00198931 -0.000988453 -0.0018998 -0.00182538 -0.00182881 -0.00143494 -0.00173507 -0.0021341 -0.0028676 -0.00246789 -0.00261174 -0.00138095 -0.00208699 -0.00276201 -0.00178132 -0.00219564 -0.00158525 0.00303508 0.00327887 0.00251465 0.00359914 0.00341914 0.141842 0.00335283 0.00377734 0.00303426 0.00274171 0.00201309 -0.00137628 -0.00184262 -0.0017239 -0.00273129 -0.00217783 -0.00218583 -0.0016827 -0.00182686 -0.00196809 -0.00199669 -0.00224701 -0.0012411 -0.0018868 -0.00247747 -0.00223331 -0.00181247 -0.0027462 -0.00211279 -0.00179631 -0.00190407 -0.00160126 -0.0016217 -0.00110828 -0.00168969 -0.00229309 -0.00167336 -0.00161114 -0.0016859 -0.00214164 -0.00220621 -0.00282396 -0.00137454 -0.000847663 -0.00144395 -0.0016995 -0.00142585 -0.00120514 -0.00262639 -0.0017111 -0.0020441 -0.00227403 -0.00175715 -0.00174148 -0.00285917 -0.00200481 -0.00210853 -0.0015546 -0.00153829 -0.00252588 -0.00252358 -0.00248323 -0.0021585 -0.00266015 -0.00177519 -0.00210231 -0.00194459 -0.0018617 -0.00168701 -0.00157289 -0.00136998 -0.00155385 -0.00174275 -0.00134335 -0.001805 -0.0013919 -0.00325046 -0.00211339 -0.00227868 -0.00135343 
-0.00114111 -0.00175331 -0.00240641 -0.00224692 -0.0016333 -0.00244144 -0.00180071 -0.00138775 -0.00199157 -0.00253542 -0.00154224 -0.001974 -0.00110028 -0.0019877 -0.00167098 -0.00224769 -0.00258818 -0.00200877 -0.00220662 -0.00169264 -0.00228636 -0.00204198 0.00316944 0.00265999 0.00316215 0.00335283 0.139527 0.00303443 0.00227067 0.00246957 0.00292025 0.00205902 -0.00216361 -0.00168722 -0.00260085 -0.00224479 -0.00148519 -0.00266123 -0.0014455 -0.00232372 -0.00231493 -0.0017903 -0.00150454 -0.00155843 -0.00293759 -0.00222292 -0.00175615 -0.0024905 -0.00160495 -0.00238092 -0.00191908 -0.00165437 -0.00165758 -0.00268328 -0.00235217 -0.00209586 -0.0018606 -0.00203457 -0.00188255 -0.000950606 -0.0017929 -0.00217275 -0.00171917 -0.00208138 -0.00122695 -0.00102685 -0.00128264 -0.00172788 -0.00186801 -0.0018791 -0.00223718 -0.00141348 -0.00191683 -0.0017758 -0.00136917 -0.00198115 -0.000992715 -0.00103793 -0.00167214 -0.00191373 -0.00191426 -0.00216581 -0.0012064 -0.00153037 -0.0010314 -0.00119026 -0.00173107 -0.00154178 -0.000882966 -0.00154007 -0.00087081 -0.00179302 -0.00168543 -0.00214259 -0.00122674 -0.00125126 -0.00222844 -0.00218659 -0.00255558 -0.0019132 
-0.0011383 -0.00177231 -0.0013554 -0.00155506 -0.00175281 -0.00144268 -0.00198635 -0.00305544 -0.0012604 -0.00208327 -0.00193003 -0.00179537 -0.0015525 -0.00286428 -0.00179187 -0.00254808 -0.00255435 -0.00111597 -0.00131939 -0.00339277 -0.00187862 -0.00192993 -0.0003922 0.00181443 0.00255606 0.00377734 0.00303443 0.135097 0.00369308 0.00222407 0.00185721 0.00278593 0.00234159 -0.00115903 -0.00165245 -0.00242411 -0.00125167 -0.00191934 -0.00236081 -0.00212191 -0.00169963 -0.00180479 -0.00128961 -0.00137168 -0.000949253 -0.0012112 -0.00179115 -0.00199354 -0.0014102 -0.00202704 -0.00170881 -0.00184608 -0.00187155 -0.00171852 -0.00228406 -0.00136681 -0.00206391 -0.00106193 -0.00101786 -0.00152553 -0.00100144 -0.00157404 -0.00169341 -0.00132324 -0.00215156 -0.00152702 -0.00225908 -0.00136314 -0.00158382 -0.00192649 -0.00164616 -0.00134378 -0.0016822 -0.001994 -0.00191017 -0.00151765 -0.0016557 -0.00200479 -0.00144859 -0.0022325 -0.0014142 -0.00215549 -0.00182073 -0.002448 -0.00216168 -0.00143315 -0.00180039 -0.00227551 -0.000961482 -0.00145641 -0.0015288 -0.00219728 -0.00226454 -0.00175843 -0.00231146 -0.00224962 -0.00205367 -0.00213263 -0.00245782 -0.00109096 
-0.00210281 -0.000779891 -0.0014807 -0.00161349 -0.00128553 -0.00139225 -0.00251474 -0.00239109 -0.00169764 -0.0017739 -0.00256486 -0.00156178 -0.00164402 -0.00181911 -0.00114368 -0.00160583 -0.00255688 -0.0013206 -0.00202995 -0.00147425 -0.00127849 -0.00136364 -0.00198155 -0.00213528 0.00312038 0.00303426 0.00227067 0.00369308 0.133069 0.00246337 0.0030413 0.0019321 0.00267545 0.00161988 -0.00160937 -0.00164887 -0.000602256 -0.00104844 -0.00176087 -0.00187578 -0.00203256 -0.00104404 -0.00177268 -0.00143266 -0.00173414 -0.00238755 -0.00158328 -0.00175824 -0.00166909 -0.00217031 -0.00184209 -0.00191408 -0.00136915 -0.00228524 -0.0018891 -0.00178963 -0.00195893 -0.00182654 -0.00200261 -0.00131594 -0.0016681 -0.00204201 -0.00164023 -0.00151562 -0.00235242 -0.00174222 -0.00252389 -0.00276348 -0.00210213 -0.00161356 -0.00173303 -0.00152061 -0.00235409 -0.00164561 -0.00128085 -0.00260379 -0.00129346 -0.0020133 -0.00106269 -0.00192662 -0.00170284 -0.00175591 -0.00197437 -0.001271 -0.00169032 -0.00225338 -0.00132274 -0.00123917 -0.000637876 -0.00136296 -0.00251232 -0.00131316 -0.00149599 -0.00151355 -0.0018618 -0.0026491 -0.00174807 -0.00165762 -0.00200134 -0.00172296 
-0.00160174 -0.00211149 -0.00273715 -0.00240035 -0.00125112 -0.00232837 -0.00189357 -0.00282165 -0.00230384 -0.00207757 -0.00266281 -0.001419 -0.0014032 -0.00184206 -0.00262764 -0.00106884 -0.00203797 -0.00215434 -0.000927836 -0.000971862 -0.0013246 -0.00212506 -0.00110406 -0.00180203 0.00319101 0.00274171 0.00246957 0.00222407 0.00246337 0.131747 0.00291188 0.00201977 0.00137291 0.00166182 -0.00118943 -0.00183887 -0.000864919 -0.00128498 -0.00125772 -0.00156857 -0.000936285 -0.00139384 -0.00166877 -0.00207512 -0.00102424 -0.00197581 -0.00156502 -0.0023378 -0.00136402 -0.000906224 -0.0018166 -0.0017154 -0.00207427 -0.00170524 -0.00107598 -0.00204348 -0.00203877 -0.00151142 -0.00126231 -0.00206835 -0.00189481 -0.00126121 -0.00177797 -0.00130083 -0.00150784 -0.00174303 -0.00198819 -0.0011282 -0.00239553 -0.00148226 -0.00179515 -0.00198793 -0.00246816 -0.00209826 -0.001695 -0.0015365 -0.0020682 -0.00148341 -0.00205856 -0.00179205 -0.0017531 -0.00104997 -0.00157438 -0.00185051 -0.00145119 -0.000620859 -0.00198887 -0.00148605 -0.00158082 -0.00192504 -0.00107987 -0.00110692 -0.0015844 -0.00130615 -0.00176821 -0.00137449 -0.00150159 -0.00192974 -0.00286906 -0.00197679 
-0.00291076 -0.00207434 -0.00249543 -0.0010847 -0.00208179 -0.00159185 -0.00202678 -0.0012207 -0.00144736 -0.00160971 -0.00125951 -0.00243029 -0.00156063 -0.0024408 -0.00232619 -0.00171984 -0.00269487 -0.00219424 -0.00175191 -0.00234875 -0.00212525 -0.0022996 -0.00136384 -0.00168693 -0.000677504 0.00201309 0.00292025 0.00185721 0.0030413 0.00291188 0.132863 0.00276141 0.00234914 0.00220303 0.00186825 0.00218671 -0.00120553 -0.00191146 -0.00172278 -0.00195714 -0.0017966 -0.00196557 -0.00235459 -0.00198142 -0.0015889 -0.00163589 -0.00101519 -0.0017232 -0.00178948 -0.00161148 -0.00188406 -0.000993549 -0.00201775 -0.00101322 -0.00149342 -0.00173559 -0.00156443 -0.00237195 -0.00120484 -0.00164374 -0.00210663 -0.00208667 -0.00127783 -0.00106218 -0.00251306 -0.00228492 -0.00126277 -0.00264712 -0.00165137 -0.00176185 -0.00142144 -0.00196473 -0.00170552 -0.00119287 -0.00144044 -0.00208809 -0.00172766 -0.00171224 -0.0018891 -0.00183543 -0.00163993 -0.00123292 -0.00215887 -0.000899666 -0.00219941 -0.0014183 -0.00201351 -0.000795242 -0.00209671 -0.00214434 -0.00110399 -0.0014157 -0.0017597 -0.00216644 -0.00218246 -0.00150569 -0.00134385 -0.00188428 -0.00181121 -0.00196558 
-0.000936857 -0.00187036 -0.00157622 -0.00140802 -0.00144881 -0.00187571 -0.00173165 -0.00164869 -0.00153926 -0.00245315 -0.00201889 -0.00231206 -0.00131645 -0.00245093 -0.00196322 -0.00173138 -0.00243696 -0.00186313 -0.00182983 -0.00159986 -0.00167 -0.00275982 -0.00133915 -0.00209589 -0.00183286 -0.00137628 0.00205902 0.00278593 0.0019321 0.00201977 0.00276141 0.137696 0.00270381 0.00189116 0.00114369 0.00148931 0.00264465 -0.00174778 -0.00256497 -0.00235674 -0.00204458 -0.00171956 -0.00183735 -0.00090677 -0.00236102 -0.00190852 -0.00189341 -0.00241087 -0.000841514 -0.00166973 -0.00203525 -0.00119521 -0.0024223 -0.00183242 -0.0013935 -0.00230679 -0.00205932 -0.000898769 -0.00147657 -0.00193091 -0.00176586 -0.00190157 -0.00146634 -0.00125067 -0.00216723 -0.00060208 -0.00199765 -0.00210628 -0.00231911 -0.00218297 -0.00244931 -0.00104794 -0.00220316 -0.001819 -0.000917364 -0.00121526 -0.00172493 -0.00135726 -0.00137784 -0.00191129 -0.000858079 -0.000637407 -0.00251082 -0.00165196 -0.0018846 -0.0021351 -0.00258726 -0.00209803 -0.00181035 -0.00186101 -0.00179637 -0.00179132 -0.00156082 -0.00143976 -0.00192944 -0.00244424 -0.00157119 -0.00217537 -0.00212832 -0.00157295 
-0.00228396 -0.00115149 -0.00123859 -0.001387 -0.00207015 -0.00126244 -0.0021665 -0.0022643 -0.000750779 -0.00194867 -0.00273316 -0.00243907 -0.00209926 -0.00202561 -0.00209932 -0.00213032 -0.00152638 -0.00218783 -0.0020368 -0.0025013 -0.00234798 -0.00173526 -0.00231604 -0.00212773 -0.00143273 -0.00184262 -0.00216361 0.00234159 0.00267545 0.00137291 0.00234914 0.00270381 0.129313 0.00162845 0.00185175 0.00211458 0.0022265 0.00179417 -0.00118931 -0.00137529 -0.00148517 -0.00224282 -0.00130278 -0.00152699 -0.00255654 -0.00171801 -0.000792737 -0.00136069 -0.00184869 -0.00207087 -0.0005436 -0.00177185 -0.00176444 -0.00147659 -0.00188879 -0.00152852 -0.00166495 -0.00220577 -0.00215384 -0.00184626 -0.0017129 -0.00164847 -0.00125448 -0.00148321 -0.00136708 -0.00112059 -0.00178179 -0.00201859 -0.0017081 -0.00201982 -0.00114846 -0.000929089 -0.00119507 -0.00144687 -0.0012879 -0.000806547 -0.00149903 -0.00147672 -0.00179553 -0.00205036 -0.0012984 -0.00160344 -0.00200201 -0.00152851 -0.001678 -0.00124452 -0.00200347 -0.00194681 -0.0019008 -0.00106998 -0.00213369 -0.00138146 -0.00150633 -0.00214042 -0.00142858 -0.00161244 -0.00130403 -0.00146913 -0.00140256 -0.00138264 
