0.12514 0.00147012 0.0021356 0.0015329 0.00276313 0.00156537 -0.00206348 -0.0014225 -0.00219325 -0.0016955 -0.00236781 -0.00229718 -0.00147744 -0.00292754 -0.0018313 -0.000909194 -0.00132084 -0.00172296 -0.00159708 -0.00309583 -0.00203745 -0.00154012 -0.00195239 -0.00206453 -0.00179408 -0.0018209 -0.00170963 -0.00180188 -0.00122912 -0.00198136 -0.00159461 -0.0021465 -0.00169362 -0.00144302 -0.0019526 -0.00102481 -0.00124513 -0.00126618 -0.00145945 -0.000837316 -0.00170545 -0.00194368 -0.00182681 -0.00136691 -0.00185941 -0.00205838 -0.00168426 -0.00188287 -0.00221601 -0.00189255 -0.00109519 -0.00161839 -0.00122709 -0.0013859 -0.000942122 -0.00150461 -0.00141886 -0.00169232 -0.00140799 -0.00173972 -0.00149345 -0.000649902 -0.00163867 -0.00136021 -0.00166313 -0.00239902 -0.00136681 -0.000898143 -0.00105104 -0.00151256 -0.00173232 -0.000913975 -0.00134623 -0.00163573 -0.00126992 -0.0010795 -0.00114609 -0.000463193 -0.00153896 -0.000676746 -0.00220975 -0.00229668 -0.00153677 -0.00195139 -0.000898612 -0.00159665 -0.00176341 -0.00137063 -0.00133723 -0.00174214 -0.00161781 -0.00161278 -0.00139821 -0.00141422 -0.00171937 -0.00100066 0.00177031 0.00113539 0.00268081 0.00309359 
0.00147012 0.127886 0.0021542 0.00240374 0.00145476 0.00223263 0.00211924 -0.00192908 -0.00127434 -0.00156871 -0.001557 -0.000670252 -0.00153528 -0.00134629 -0.00172742 -0.00233684 -0.00286177 -0.0021447 -0.0025956 -0.00190975 -0.00167251 -0.00190586 -0.00182459 -0.0018558 -0.00201929 -0.0020231 -0.00151067 -0.00218078 -0.0020604 -0.00155993 -0.00188967 -0.00138252 -0.00219437 -0.00170518 -0.00235011 -0.000703811 -0.00123163 -0.0010292 -0.00207261 -0.00206464 -0.00221164 -0.00193797 -0.00103746 -0.00103906 -0.00102996 -0.00170838 -0.000465733 -0.00202771 -0.00140185 -0.00145738 -0.00168463 -0.00140061 -0.00149072 -0.000972956 -0.00159114 -0.00207374 -0.0012305 -0.00132177 -0.0011424 -0.00257018 -0.00179034 -0.00203567 -0.0014197 -0.00127638 -0.00119685 -0.00122229 -0.00210196 -0.00169969 -0.00170664 -0.00125649 -0.00160581 -0.00160436 -0.00140221 -0.001189 -0.00124661 -0.00187149 -0.00125163 -0.00193738 -0.00251878 -0.00239713 -0.00145383 -0.00106521 -0.00157574 -0.00192658 -0.0020416 -0.00114006 -0.00188993 -0.000830235 -0.00167178 -0.00138336 -0.0013875 -0.00103917 -0.00148161 -0.00136207 -0.000977677 -0.00123465 -0.00189712 0.00202797 0.00158849 0.00224078 
0.0021356 0.0021542 0.128713 0.00281713 0.00304939 0.00302622 0.00281271 0.00182363 -0.000235242 -0.000230623 -0.00143503 -0.000494015 -0.00212779 -0.00140905 -0.00276124 -0.00233472 -0.00166839 -0.00203405 -0.00143727 -0.00222706 -0.00118922 -0.00196517 -0.00180209 -0.00232712 -0.00179054 -0.00199105 -0.00171 -0.00129917 -0.00205593 -0.00166633 -0.00265413 -0.00249338 -0.00206014 -0.00176901 -0.0015644 -0.00164615 -0.00171946 -0.000782548 -0.00176027 -0.00161892 -0.00162045 -0.00192044 -0.00169863 -0.00159267 -0.00146594 -0.0018782 -0.00277959 -0.00163994 -0.000617624 -0.00184304 -0.00169036 -0.00116472 -0.0016077 -0.00138946 -0.00217085 -0.0021812 -0.00153964 -0.00132639 -0.00150268 -0.00158887 -0.00153012 -0.00143836 -0.00191002 -0.00167701 -0.00176712 -0.00116197 -0.00205772 -0.00182652 -0.000996229 -0.00186061 -0.00120835 -0.00214684 -0.00170767 -0.00158814 -0.00138706 -0.00141816 -0.00171385 -0.00154766 -0.00157219 -0.00189943 -0.00233431 -0.00182567 -0.00152308 -0.00130212 -0.00138897 -0.00154708 -0.00213697 -0.00224337 -0.00213669 -0.00217445 -0.00175899 -0.00174615 -0.00175233 -0.000921544 -0.00143213 -0.00129433 -0.00127843 -0.000929013 0.00168131 0.00140587 
0.0015329 0.00240374 0.00281713 0.127272 0.00250116 0.00175892 0.00277112 0.00325785 0.002756 -0.00109604 -0.00110094 0.000362254 -0.00113265 -0.00135809 -0.00168456 -0.00217405 -0.00267251 -0.00141468 -0.00162378 -0.002196 -0.00137575 -0.00162858 -0.00183518 -0.00181759 -0.00181518 -0.00218651 -0.00252228 -0.00179535 -0.00230849 -0.00208907 -0.00211231 -0.00142767 -0.00249622 -0.00123454 -0.00145063 -0.00096155 -0.00103865 -0.00105608 -0.00153668 -0.00182754 -0.0024913 -0.00161928 -0.00112402 -0.00205959 -0.00290065 -0.00170658 -0.00144434 -0.00166473 -0.00209249 -0.00136054 -0.00103439 -0.00203153 -0.00110113 -0.00181348 -0.00222476 -0.00217589 -0.00137972 -0.00168761 -0.000616236 -0.000262271 -0.00220519 -0.0015664 -0.00178654 -0.000986619 -0.0020269 -0.00189657 -0.00187925 -0.00186956 -0.00164381 -0.00140151 -0.00233749 -0.0014603 -0.00156569 -0.00196448 -0.00138346 -0.00171422 -0.00217279 -0.00148884 -0.00216826 -0.00199859 -0.00213004 -0.00195273 -0.0011935 -0.00234716 -0.00141295 -0.000938516 -0.000898212 -0.00119511 -0.00172645 -0.00168404 -0.00240969 -0.00179416 -0.00203005 -0.00137995 -0.00157712 -0.00158307 -0.00223275 -0.000897074 -0.00126058 0.00248582 
0.00276313 0.00145476 0.00304939 0.00250116 0.130588 0.00193272 0.0029843 0.00263099 0.00193776 0.00155109 -0.00138284 -0.00194535 -0.00156231 -0.00215765 -0.0019266 -0.00115713 -0.00228173 -0.00121515 -0.00182748 -0.000861378 -0.00215505 -0.00194066 -0.0027563 -0.00216268 -0.00164165 -0.0019445 -0.00200869 -0.00242527 -0.00186631 -0.00266539 -0.00212871 -0.00213709 -0.0012458 -0.00165251 -0.00172733 -0.00111667 -0.00217573 -0.00155229 -0.0016166 -0.00165792 -0.00102533 -0.00145147 -0.00134998 -0.00224489 -0.00138637 -0.00209945 -0.00151925 -0.00162731 -0.00136607 -0.00185996 -0.00154768 -0.00126413 -0.0010995 -0.00176565 -0.00137209 -0.00195076 -0.0011364 -0.000779251 -0.00155519 -0.00171324 -0.0012712 -0.00155719 -0.00196904 -0.00178933 -0.0023306 -0.00203857 -0.00230678 -0.00168932 -0.00210393 -0.000936164 -0.00209924 -0.00166318 -0.00200764 -0.00131447 -0.00153522 -0.0011794 -0.00193433 -0.00066506 -0.00239819 -0.0018646 -0.00136373 -0.00127322 -0.00151719 -0.00141761 -0.00167976 -0.00166108 -0.00257946 -0.00122297 -0.00133766 -0.00202796 -0.00149177 -0.00151208 -0.00227852 -0.0012318 -0.00140765 -0.00199338 -0.00110133 -0.00194198 -0.0017358 -0.000955696 
0.00156537 0.00223263 0.00302622 0.00175892 0.00193272 0.130816 0.00243586 0.00251262 0.00110879 0.00221307 0.00218813 -0.00206376 -0.00205975 -0.00237513 -0.00113992 -0.00212713 -0.00213956 -0.00240925 -0.00207484 -0.00296289 -0.00142944 -0.00155052 -0.00186084 -0.0017976 -0.00176518 -0.00246469 -0.00201707 -0.00257494 -0.00220253 -0.00232926 -0.00303442 -0.00175001 -0.00240688 -0.00185244 -0.00143419 -0.0020378 -0.00152054 -0.000928856 -0.00221402 -0.00211262 -0.00107747 -0.00185341 -0.00155601 -0.000782286 -0.00251717 -0.00167311 -0.00222257 -0.00150372 -0.00130583 -0.000944847 -0.00100695 -0.000643885 -0.00165146 -0.0015838 -0.00120369 -0.00281868 -0.00232102 -0.00218615 -0.00194762 -0.00132309 -0.00158788 -0.00216032 -0.00112074 -0.00126808 -0.00143903 -0.00184626 -0.00180052 -0.00182 -0.00166479 -0.00153606 -0.0014712 -0.00186338 -0.00140345 -0.00220985 -0.00136401 -0.00177923 -0.00122606 -0.000934895 -0.00137869 -0.00192373 -0.00133753 -0.00162917 -0.000978487 -0.0011231 -0.00114652 -0.00142347 -0.00174001 -0.000799674 -0.00187207 -0.00213361 -0.00149133 -0.00240541 -0.000975482 -0.00142881 -0.00176841 -0.0016 -0.00189189 -0.000452946 -0.00124971 -0.00178564 
-0.00206348 0.00211924 0.00281271 0.00277112 0.0029843 0.00243586 0.134502 0.0026021 0.00278944 0.00318955 0.00233156 0.0037434 -0.00178142 -0.00130853 -0.00196948 -0.00127869 -0.00185826 -0.000533753 -0.0025227 -0.00175139 -0.00150122 -0.0023643 -0.00224957 -0.00179465 -0.00209607 -0.00180466 -0.00186097 -0.00226595 -0.0016862 -0.00222961 -0.00174089 -0.00160763 -0.00222348 -0.00218928 -0.00134656 -0.00276784 -0.00205792 -0.00219727 -0.00289225 -0.0019573 -0.00153277 -0.00245935 -0.00130131 -0.00288585 -0.00244102 -0.00162424 -0.00100446 -0.00077588 -0.00203816 -0.00117781 -0.00164033 -0.00174725 -0.00182298 -0.00161097 -0.0020612 -0.00249583 -0.00192144 -0.0015745 -0.00187826 -0.00210173 -0.00170914 -0.00222119 -0.00152082 -0.00186736 -0.00251451 -0.00178857 -0.00243853 -0.0027345 -0.00244767 -0.00150502 -0.00137042 -0.000885538 -0.00157946 -0.00168297 -0.00189173 -0.00196907 -0.00175576 -0.00183035 -0.000872438 -0.00186208 -0.00112406 -0.00150198 -0.000772657 -0.00199263 -0.00265452 -0.00104291 -0.00113105 -0.00137107 -0.00140643 -0.00178217 -0.00171519 -0.00209418 -0.00218862 -0.00205644 -0.00266011 -0.00200532 -0.0022973 -0.00097792 -0.00185406 -0.00120931 
-0.0014225 -0.00192908 0.00182363 0.00325785 0.00263099 0.00251262 0.0026021 0.131864 0.00176089 0.00277872 0.00300708 0.0027331 0.00209439 -0.00129938 -0.00186205 -0.000658463 -0.00157842 -0.00107719 -0.00167442 -0.00246699 -0.00180699 -0.00216595 -0.00233157 -0.00248211 -0.00228083 -0.00206617 -0.000784822 -0.00191034 -0.00273909 -0.00193088 -0.00238766 -0.00204594 -0.00184018 -0.00154225 -0.00140305 -0.00190878 -0.00214174 -0.0011061 -0.00147457 -0.00208275 -0.00161185 -0.00131259 -0.00129473 -0.00185277 -0.00219552 -0.00203605 -0.00195251 -0.0014811 -0.000851297 -0.00137922 -0.0012081 -0.00158265 -0.00184904 -0.00218339 -0.00188247 -0.00220001 -0.00169988 -0.00169888 -0.00157776 -0.00206026 -0.00168088 -0.00229563 -0.00204554 -0.00238633 -0.00195513 -0.00241623 -0.00174011 -0.00137174 -0.00234171 -0.00124146 -0.00172947 -0.00197007 -0.00135611 -0.00162475 -0.000907289 -0.00155992 -0.00185533 -0.00121152 -0.0019726 -0.00236649 -0.00152443 -0.00150564 -0.00236661 -0.00218038 -0.00146298 -0.000910754 -0.00171498 -0.000992088 -0.0021665 -0.00189104 -0.0026494 -0.00202483 -0.00120686 -0.00115407 -0.00190415 -0.00216061 -0.00139242 -0.00184598 -0.0017126 -0.00196001 
-0.00219325 -0.00127434 -0.000235242 0.002756 0.00193776 0.00110879 0.00278944 0.00176089 0.133688 0.00213466 0.0020125 0.00316008 0.0015577 0.00192626 -0.00142875 -0.00203477 -0.000961277 -0.00217545 -0.00194259 -0.00248284 -0.0022733 -0.00151771 -0.00179608 -0.00161441 -0.0027255 -0.00155446 -0.00197723 -0.00142462 -0.00166248 -0.00316526 -0.00176945 -0.00194766 -0.00223109 -0.00155684 -0.00196586 -0.0020992 -0.00325626 -0.00132338 -0.00302784 -0.00201394 -0.00194493 -0.00131719 -0.00191478 -0.00142305 -0.00141941 -0.00160992 -0.00199314 -0.00173063 -0.00167531 -0.00216537 -0.00209516 -0.00240489 -0.00166577 -0.00139024 -0.00244588 -0.00194832 -0.000700503 -0.0019743 -0.0022173 -0.00169785 -0.00141524 -0.00150201 -0.00222784 -0.000851036 -0.00220867 -0.00116961 -0.00181565 -0.000604417 -0.00165548 -0.00175047 -0.00211716 -0.00122101 -0.00157534 -0.00151408 -0.00174296 -0.00187879 -0.00176784 -0.00136512 -0.00175796 -0.00177358 -0.0015914 -0.000982519 -0.00106182 -0.00194758 -0.00101292 -0.000492486 -0.00143904 -0.000525406 -0.000766524 -0.00172343 -0.00181926 -0.0014214 -0.00182382 -0.00158841 -0.0018118 -0.00237963 -0.00269888 -0.00184924 -0.00254141 -0.00207569 
-0.0016955 -0.00156871 -0.000230623 -0.00109604 0.00155109 0.00221307 0.00318955 0.00277872 0.00213466 0.12863 0.00258578 0.00341288 0.00236111 0.00218802 -0.00150956 -0.00109015 -0.00197568 -0.00196547 -0.00162853 -0.0027277 -0.00217264 -0.00290818 -0.00238202 -0.00173284 -0.00220304 -0.00163235 -0.0022976 -0.00190249 -0.0018503 -0.00167585 -0.00155387 -0.00238232 -0.00138718 -0.00210971 -0.00126605 -0.00118802 -0.00188872 -0.00137783 -0.00270882 -0.00125618 -0.00192212 -0.00198422 -0.00176543 -0.0015356 -0.00163541 -0.00218745 -0.00218927 -0.00198908 -0.00114042 -0.00248033 -0.00183797 -0.00148218 -0.00170857 -0.00176418 -0.00198437 -0.00259035 -0.000752067 -0.00125178 -0.00164755 -0.00179441 -0.0011283 -0.00196543 -0.00138134 -0.000776839 -0.00146755 -0.00186118 -0.00232008 -0.00145781 -0.00246234 -0.000799743 -0.00152212 -0.00172326 -0.00124059 -0.00193319 -0.00206383 -0.00132961 -0.00205047 -0.00141713 -0.00168072 -0.00151876 -0.00153054 -0.00141826 -0.00223518 -0.000856215 -0.00204451 -0.00144518 -0.00187994 -0.00143627 -0.00112113 -0.00100515 -0.00213057 -0.000726931 -0.00101352 -0.00145151 -0.00182724 -0.00141151 -0.00180209 -0.00191076 -0.00144878 -0.00124205 
-0.00236781 -0.001557 -0.00143503 -0.00110094 -0.00138284 0.00218813 0.00233156 0.00300708 0.0020125 0.00258578 0.133358 0.00203963 0.00278466 0.00264774 0.00181557 0.00313675 -0.00209349 -0.000934853 -0.00206223 -0.00163847 -0.00127594 -0.00159871 -0.00227231 -0.0017953 -0.00206438 -0.00185033 -0.00310519 -0.00195028 -0.00213952 -0.00236586 -0.00253572 -0.00260311 -0.00277534 -0.00149869 -0.00180186 -0.00234413 -0.00258974 -0.00190361 -0.00198811 -0.00127882 -0.00187084 -0.00162566 -0.00205377 -0.00150329 -0.00232911 -0.00169511 -0.00155498 -0.00143248 -0.0020809 -0.000962706 -0.000823429 -0.00135872 -0.00237573 -0.00111141 -0.00140472 -0.00200171 -0.00151831 -0.00150827 -0.00196399 -0.00186178 -0.00196872 -0.001798 -0.00132657 -0.00189554 -0.00148687 -0.00169829 -0.00181848 -0.00181057 -0.00211881 -0.00197631 -0.00252393 -0.00166926 -0.00229196 -0.00182012 -0.00127369 -0.00196096 -0.00211753 -0.00121487 -0.00192932 -0.00156587 -0.00154866 -0.00163132 -0.0019338 -0.00180379 -0.000342346 -0.00163825 -0.0020601 -0.00166427 -0.00148757 -0.00241768 -0.00266646 -0.00110773 -0.00208634 -0.00195984 -0.00243048 -0.00158426 -0.000880761 -0.00122614 -0.000265746 -0.0015592 
-0.00229718 -0.000670252 -0.000494015 0.000362254 -0.00194535 -0.00206376 0.0037434 0.0027331 0.00316008 0.00341288 0.00203963 0.140724 0.00323909 0.00372025 0.00239449 0.0019535 0.00210861 -0.00185969 -0.00267235 -0.0020373 -0.00282126 -0.00249715 -0.00274501 -0.00269755 -0.00309195 -0.00237222 -0.00284408 -0.00203548 -0.00258114 -0.00214589 -0.00232335 -0.0034175 -0.00241296 -0.00239563 -0.00195563 -0.00184935 -0.00251478 -0.00161113 -0.00230707 -0.00153476 -0.00152046 -0.00172235 -0.00198028 -0.00112581 -0.00131891 -0.00168901 -0.00190174 -0.0020423 -0.00187743 -0.00165853 -0.00239162 -0.00190823 -0.00281454 -0.00197354 -0.00233504 -0.00124349 -0.00208027 -0.000949209 -0.00204293 -0.00133798 -0.00197319 -0.00163309 -0.00103663 -0.000863608 -0.00166685 -0.00275929 -0.00245057 -0.00161252 -0.00199092 -0.00204826 -0.00167667 -0.00088578 -0.00136927 -0.00190812 -0.00143181 -0.00105062 -0.00237529 -0.00242948 -0.0020224 -0.00198414 -0.00183711 -0.00216325 -0.00140454 -0.00163819 -0.00235679 -0.00189668 -0.00153959 -0.00162302 -0.00142537 -0.00205136 -0.00162686 -0.00203089 -0.00205731 -0.00194092 -0.00240294 -0.00188106 -0.00173309 -0.00192204 -0.00148019 -0.00130422 
-0.00147744 -0.00153528 -0.00212779 -0.00113265 -0.00156231 -0.00205975 -0.00178142 0.00209439 0.0015577 0.00236111 0.00278466 0.00323909 0.136864 0.0024637 0.00241946 0.00345415 0.00309643 -0.00114718 -0.000781295 -0.00163011 -0.00151267 -0.00201711 -0.00173535 -0.0018576 -0.00299584 -0.00191347 -0.00205573 -0.0030007 -0.00149273 -0.00224382 -0.00274 -0.00183758 -0.00225693 -0.00142299 -0.00238549 -0.0016124 -0.0027132 -0.00229713 -0.00210345 -0.00225669 -0.00152282 -0.001532 -0.00207188 -0.00252047 -0.0015495 -0.00211796 -0.00123528 -0.00124451 -0.00111735 -0.00138449 -0.000721621 -0.00154804 -0.00181977 -0.00141193 -0.00191239 -0.00237448 -0.00254713 -0.00176414 -0.00157012 -0.00101955 -0.00213597 -0.00142103 -0.00165195 -0.00163409 -0.00179868 -0.00261173 -0.00208044 -0.00205581 -0.00162983 -0.00225517 -0.00198721 -0.00202967 -0.00109709 -0.00178908 -0.00110852 -0.000847831 -0.00224056 -0.00228337 -0.00230065 -0.00077586 -0.0011225 -0.000487152 -0.00161509 -0.00222479 -0.00189774 -0.00206478 -0.00117127 -0.00227673 -0.00197768 -0.0014387 -0.00130674 -0.00120097 -0.0019729 -0.00233091 -0.00114395 -0.00199159 -0.00200191 -0.00200874 -0.00172385 -0.00197028 
-0.00292754 -0.00134629 -0.00140905 -0.00135809 -0.00215765 -0.00237513 -0.00130853 -0.00129938 0.00192626 0.00218802 0.00264774 0.00372025 0.0024637 0.142532 0.00262886 0.00348206 0.0021462 0.00214443 0.0026785 -0.00275538 -0.00143412 -0.00232649 -0.00219598 -0.000922043 -0.00194261 -0.00211451 -0.002614 -0.00203763 -0.00189731 -0.00226143 -0.00215805 -0.00253091 -0.00169459 -0.00157182 -0.00219902 -0.00202478 -0.00105249 -0.00151914 -0.00235199 -0.00198181 -0.00134822 -0.00235491 -0.00284183 -0.00261164 -0.00133214 -0.00162121 -0.00224271 -0.00179849 -0.00196512 -0.00149957 -0.00223448 -0.00184487 -0.00190351 -0.00160948 -0.00201656 -0.00182964 -0.00209043 -0.00204145 -0.000665852 -0.00154302 -0.00148135 -0.00246729 -0.0018889 -0.000976893 -0.00282887 -0.00205077 -0.00132257 -0.00222063 -0.00186059 -0.0011985 -0.00144603 -0.00122246 -0.00156979 -0.0014039 -0.00164233 -0.00257577 -0.00192961 -0.00175887 -0.00118363 -0.00246714 -0.0011995 -0.00281651 -0.00248327 -0.00154884 -0.00212118 -0.00186418 -0.00177237 -0.00154315 -0.00141505 -0.00192547 -0.00239593 -0.00237147 -0.00182308 -0.00188928 -0.00256929 -0.00240616 -0.00303531 -0.000781653 -0.00179185 -0.00214583 
-0.0018313 -0.00172742 -0.00276124 -0.00168456 -0.0019266 -0.00113992 -0.00196948 -0.00186205 -0.00142875 -0.00150956 0.00181557 0.00239449 0.00241946 0.00262886 0.13684 0.00249155 0.00178824 0.00258244 0.0024724 0.00238274 -0.00222428 -0.0012861 -0.00199764 -0.00219038 -0.00206545 -0.00238179 -0.001261 -0.00304587 -0.00110256 -0.00199972 -0.00211343 -0.00239047 -0.00188359 -0.00211389 -0.00145715 -0.00165944 -0.00210005 -0.00132013 -0.00180176 -0.00212306 -0.00216642 -0.00234452 -0.00205299 -0.000580323 -0.00148874 -0.00137186 -0.00135164 -0.00154145 -0.00122976 -0.00144734 -0.00231101 -0.00170608 -0.00151978 -0.000832835 -0.00155397 -0.00103024 -0.00125603 -0.00161408 -0.00196315 -0.00160841 -0.0017792 -0.00191538 -0.00169331 -0.00212545 -0.00184137 -0.00233566 -0.00235433 -0.00165221 -0.00229531 -0.00106816 -0.00307104 -0.00159343 -0.00182429 -0.00113075 -0.0020411 -0.00158316 -0.00146847 -0.00160258 -0.00221004 -0.00160118 -0.00233322 -0.00154808 -0.00144514 -0.00138962 -0.00181618 -0.00141618 -0.00182202 -0.000842278 -0.00112682 -0.0018465 -0.00173353 -0.00148409 -0.00178021 -0.00229561 -0.00190712 -0.00199463 -0.00131533 -0.00146135 -0.00201416 -0.00172809 
-0.000909194 -0.00233684 -0.00233472 -0.00217405 -0.00115713 -0.00212713 -0.00127869 -0.000658463 -0.00203477 -0.00109015 0.00313675 0.0019535 0.00345415 0.00348206 0.00249155 0.141405 0.00137723 0.00206185 0.00211481 0.00253605 -0.00164291 -0.00257992 -0.00172004 -0.00185179 -0.00311589 -0.00190028 -0.00134997 -0.00190759 -0.00165642 -0.00156452 -0.00189985 -0.00263082 -0.00163132 -0.00183137 -0.0016844 -0.00239072 -0.00291287 -0.00240102 -0.00281128 -0.00168923 -0.00175796 -0.00156573 -0.00249593 -0.0016758 -0.00169786 -0.00167576 -0.00126915 -0.000974782 -0.00185138 -0.00222387 -0.00109204 -0.00206423 -0.00175723 -0.0019365 -0.001836 -0.00150537 -0.00207676 -0.00186223 -0.00217243 -0.00187578 -0.00138547 -0.00193338 -0.000716191 -0.00218466 -0.00281595 -0.00241157 -0.00133987 -0.00138867 -0.00177103 -0.00183964 -0.00237574 -0.00172522 -0.00153145 -0.0018227 -0.0024435 -0.00143509 -0.00136399 -0.00180589 -0.00149563 -0.00212081 -0.00114443 -0.00156165 -0.000596845 -0.00289946 -0.00133642 -0.00197734 -0.00118038 -0.00137181 -0.00259626 -0.00183617 -0.00252955 -0.0012559 -0.00216961 -0.0019864 -0.00198946 -0.0025519 -0.0024643 -0.00110449 -0.0017455 -0.00116818 
-0.00132084 -0.00286177 -0.00166839 -0.00267251 -0.00228173 -0.00213956 -0.00185826 -0.00157842 -0.000961277 -0.00197568 -0.00209349 0.00210861 0.00309643 0.0021462 0.00178824 0.00137723 0.143304 0.00244043 0.00168711 0.00177222 0.00244276 0.00322444 -0.00167837 -0.00201472 -0.00229567 -0.0019703 -0.00273441 -0.00102507 -0.00200359 -0.00107405 -0.00138605 -0.00184119 -0.00205487 -0.00282359 -0.00135874 -0.00209994 -0.00187621 -0.00225393 -0.00185301 -0.00193829 -0.00100719 -0.00197007 -0.00240569 -0.00173072 -0.00220868 -0.00129031 -0.00199255 -0.00151052 -0.00173468 -0.00246582 -0.00130302 -0.00142921 -0.00262846 -0.00140949 -0.00256503 -0.0021355 -0.00207978 -0.000449994 -0.00231138 -0.00147794 -0.00200937 -0.00140397 -0.00172166 -0.00185152 -0.00161133 -0.0017474 -0.00221223 -0.00122072 -0.002295 -0.00213553 -0.0021373 -0.00177421 -0.00158277 -0.00249886 -0.0018655 -0.00194101 -0.0021097 -0.002288 -0.00202559 -0.00129756 -0.00166398 -0.00174178 -0.00178628 -0.00210285 -0.00224348 -0.00205147 -0.00188687 -0.00146608 -0.00237781 -0.00134114 -0.00180045 -0.0018174 -0.00137038 -0.00184374 -0.00157626 -0.00200142 -0.002274 -0.00147889 -0.00154693 -0.00148769 
-0.00172296 -0.0021447 -0.00203405 -0.00141468 -0.00121515 -0.00240925 -0.000533753 -0.00107719 -0.00217545 -0.00196547 -0.000934853 -0.00185969 -0.00114718 0.00214443 0.00258244 0.00206185 0.00244043 0.142611 0.00302411 0.00189393 0.00219912 0.00245698 0.00239479 -0.00171266 -0.00259157 -0.00157502 -0.0022927 -0.00192345 -0.00147783 -0.00199434 -0.00157248 -0.00132202 -0.001637 -0.0019096 -0.00176949 -0.00178431 -0.00282479 -0.00283813 -0.00192667 -0.00257538 -0.00156814 -0.00114371 -0.00149887 -0.00134516 -0.00221218 -0.00159759 -0.00203967 -0.00176774 -0.00212494 -0.00163002 -0.00235883 -0.00231944 -0.00169194 -0.00149987 -0.00259129 -0.0017881 -0.00200278 -0.00231931 -0.00218975 -0.00198261 -0.00165085 -0.00107498 -0.00152573 -0.00176659 -0.00198924 -0.00176638 -0.000888132 -0.00127234 -0.00216792 -0.00156511 -0.00184428 -0.00210114 -0.00155587 -0.00173891 -0.0028024 -0.00194649 -0.0017012 -0.00163347 -0.00124957 -0.00279416 -0.00186157 -0.00121105 -0.00293343 -0.00215831 -0.00320189 -0.00241799 -0.00216672 -0.00169656 -0.00186494 -0.00128078 -0.00102505 -0.00117782 -0.00166809 -0.0018612 -0.00176741 -0.000766924 -0.00230736 -0.00193811 -0.00149249 -0.00194327 
-0.00159708 -0.0025956 -0.00143727 -0.00162378 -0.00182748 -0.00207484 -0.0025227 -0.00167442 -0.00194259 -0.00162853 -0.00206223 -0.00267235 -0.000781295 0.0026785 0.0024724 0.00211481 0.00168711 0.00302411 0.143084 0.00264296 0.00328846 0.00188162 0.0022078 -0.00106638 -0.00142612 -0.00207842 -0.0015177 -0.00264758 -0.00160081 -0.00133921 -0.000620988 -0.00188778 -0.00203363 -0.00190392 -0.00176098 -0.001701 -0.00182799 -0.00217409 -0.00266845 -0.00109412 -0.00235201 -0.00166345 -0.00194196 -0.00164128 -0.0023445 -0.00139906 -0.00128997 -0.00215463 -0.00165904 -0.00285097 -0.000782003 -0.00225897 -0.0021535 -0.00174189 -0.00275122 -0.0013299 -0.00191188 -0.00187854 -0.00117561 -0.00249356 -0.00192133 -0.00147566 -0.00101779 -0.000757353 -0.00210151 -0.00165316 -0.00175248 -0.00183858 -0.00218061 -0.00234702 -0.00235174 -0.00278512 -0.00157613 -0.00130577 -0.00121657 -0.00180959 -0.00141675 -0.00168453 -0.00114597 -0.00161791 -0.00161943 -0.00243078 -0.00158915 -0.00184188 -0.00146478 -0.00216669 -0.00243379 -0.00244147 -0.00259644 -0.00139407 -0.00283325 -0.00222409 -0.00189118 -0.00202039 -0.0020139 -0.0019393 -0.00187374 -0.00131288 -0.00224365 -0.00123238 
-0.00309583 -0.00190975 -0.00222706 -0.002196 -0.000861378 -0.00296289 -0.00175139 -0.00246699 -0.00248284 -0.0027277 -0.00163847 -0.0020373 -0.00163011 -0.00275538 0.00238274 0.00253605 0.00177222 0.00189393 0.00264296 0.155676 0.00263582 0.00341749 0.00263784 0.00209814 0.00316058 -0.00191282 -0.00233363 -0.00226012 -0.0030354 -0.00128361 -0.00303102 -0.00123393 -0.002464 -0.00118913 -0.00268278 -0.0027081 -0.00254241 -0.00240047 -0.00154118 -0.00166609 -0.00129475 -0.00167777 -0.00164194 -0.00168389 -0.001956 -0.00163181 -0.00229518 -0.00184012 -0.00225251 -0.00208064 -0.00158978 -0.00219393 -0.00145177 -0.00220834 -0.002228 -0.00224985 -0.00205906 -0.00310658 -0.00198748 -0.00202324 -0.00170329 -0.00222569 -0.00172141 -0.00246335 -0.00257277 -0.00229917 -0.00223857 -0.00153763 -0.00177991 -0.00249613 -0.00113419 -0.00248039 -0.00148657 -0.00169587 -0.0020324 -0.00149078 -0.00248935 -0.00228438 -0.000761071 -0.00178647 -0.00226403 -0.00235881 -0.00130074 -0.00145556 -0.0031564 -0.00272796 -0.00261811 -0.00142957 -0.00180393 -0.00172818 -0.00142827 -0.00230746 -0.0014253 -0.00232998 -0.00131219 -0.00142838 -0.0028443 -0.00192493 -0.00190224 -0.00194793 
-0.00203745 -0.00167251 -0.00118922 -0.00137575 -0.00215505 -0.00142944 -0.00150122 -0.00180699 -0.0022733 -0.00217264 -0.00127594 -0.00282126 -0.00151267 -0.00143412 -0.00222428 -0.00164291 0.00244276 0.00219912 0.00328846 0.00263582 0.137538 0.00338133 0.00307244 0.00195616 0.00158709 0.00163568 -0.00147737 -0.00141049 -0.00182035 -0.0026576 -0.0017896 -0.00173798 -0.00222597 -0.00217202 -0.00201353 -0.00233741 -0.00123484 -0.00256446 -0.00145299 -0.00172672 -0.00185892 -0.00170161 -0.00195283 -0.0015158 -0.00216899 -0.00229785 -0.00195149 -0.00154187 -0.00125424 -0.00145031 -0.0017429 -0.00142165 -0.00121515 -0.00150276 -0.00175794 -0.00259749 -0.00208026 -0.00177257 -0.00128914 -0.00222302 -0.00178365 -0.00206327 -0.00159219 -0.00159055 -0.00165361 -0.00220225 -0.0013284 -0.00231035 -0.0019368 -0.00200193 -0.00124736 -0.0022 -0.00182536 -0.00175034 -0.00114915 -0.00243067 -0.00102295 -0.00167624 -0.00148874 -0.00204569 -0.00208321 -0.0017117 -0.00214124 -0.00164834 -0.000992651 -0.0021317 -0.00175778 -0.00134657 -0.00168377 -0.00184605 -0.00238075 -0.00111327 -0.00173962 -0.00143408 -0.00224155 -0.00174807 -0.001295 -0.00209712 -0.00157344 -0.00102899 
-0.00154012 -0.00190586 -0.00196517 -0.00162858 -0.00194066 -0.00155052 -0.0023643 -0.00216595 -0.00151771 -0.00290818 -0.00159871 -0.00249715 -0.00201711 -0.00232649 -0.0012861 -0.00257992 0.00322444 0.00245698 0.00188162 0.00341749 0.00338133 0.149809 0.00356435 0.00290107 0.00200264 0.00311349 -0.00269847 -0.00106447 -0.00125139 -0.00201886 -0.00231326 -0.00193621 -0.0024214 -0.00189743 -0.00184874 -0.00244301 -0.0025324 -0.00145141 -0.00230524 -0.00230438 -0.00245702 -0.00257742 -0.00256714 -0.00206276 -0.0021361 -0.00197534 -0.00165261 -0.00215504 -0.00184608 -0.00165751 -0.00183826 -0.00121746 -0.00192399 -0.00307835 -0.000942262 -0.00259533 -0.00282875 -0.0024486 -0.001919 -0.0015219 -0.00233965 -0.00204366 -0.00204767 -0.00209205 -0.0010887 -0.0017642 -0.00192196 -0.00155389 -0.00156458 -0.00101309 -0.00105793 -0.000869632 -0.00197143 -0.00231316 -0.00279307 -0.000911214 -0.00162193 -0.00187425 -0.00208507 -0.00186289 -0.00142333 -0.00174106 -0.00247082 -0.00284928 -0.00195563 -0.00291201 -0.00259634 -0.00184972 -0.00212 -0.00124736 -0.00270379 -0.00245759 -0.000702761 -0.0024201 -0.00172724 -0.00169532 -0.00185958 -0.00139469 -0.00118455 -0.00197106 
-0.00195239 -0.00182459 -0.00180209 -0.00183518 -0.0027563 -0.00186084 -0.00224957 -0.00233157 -0.00179608 -0.00238202 -0.00227231 -0.00274501 -0.00173535 -0.00219598 -0.00199764 -0.00172004 -0.00167837 0.00239479 0.0022078 0.00263784 0.00307244 0.00356435 0.14507 0.00306774 0.00226871 0.0036027 0.00272266 -0.000936315 -0.00159248 -0.00118832 -0.00104593 -0.00219203 -0.00337763 -0.00154288 -0.0019428 -0.00147566 -0.00290342 -0.00179451 -0.00167734 -0.0023758 -0.00207567 -0.00105121 -0.00219588 -0.00189752 -0.00192009 -0.00150489 -0.00144723 -0.00213875 -0.00163653 -0.000941087 -0.00077338 -0.00286403 -0.0022421 -0.00212508 -0.00236443 -0.00258092 -0.00222228 -0.00175082 -0.00255001 -0.00207803 -0.00132555 -0.00122028 -0.00160217 -0.0021162 -0.0010971 -0.00135779 -0.00207289 -0.00175082 -0.00122554 -0.00178746 -0.00209119 -0.0019692 -0.00157979 -0.00205814 -0.0026876 -0.00155545 -0.00226636 -0.0022457 -0.00136412 -0.0014523 -0.00269577 -0.00145311 -0.00127272 -0.00162683 -0.00208162 -0.00188192 -0.00223038 -0.00179933 -0.00134475 -0.00210054 -0.00218574 -0.00195054 -0.0012629 -0.00250579 -0.00145954 -0.0028231 -0.00166156 -0.00145704 -0.00209105 -0.00235888 
-0.00206453 -0.0018558 -0.00232712 -0.00181759 -0.00216268 -0.0017976 -0.00179465 -0.00248211 -0.00161441 -0.00173284 -0.0017953 -0.00269755 -0.0018576 -0.000922043 -0.00219038 -0.00185179 -0.00201472 -0.00171266 -0.00106638 0.00209814 0.00195616 0.00290107 0.00306774 0.139752 0.00393093 0.00276365 0.00217727 0.00206158 -0.0016707 -0.000633462 -0.000996598 -0.00177115 -0.00204537 -0.00126882 -0.00151186 -0.00175643 -0.00269631 -0.00203138 -0.00201671 -0.00188707 -0.00192829 -0.00184476 -0.00185041 -0.00199154 -0.00169739 -0.00209475 -0.00134147 -0.00280022 -0.00168969 -0.00126599 -0.00213961 -0.00145934 -0.00194409 -0.00165592 -0.00171871 -0.00228931 -0.00197052 -0.00188827 -0.00199949 -0.00223702 -0.00143114 -0.00181821 -0.00150068 -0.00118635 -0.00109808 -0.00144258 -0.0014268 -0.00147465 -0.00152991 -0.00118469 -0.00119115 -0.00193925 -0.00222786 -0.00175495 -0.00152256 -0.0020649 -0.00180426 -0.00202206 -0.00169532 -0.00199291 -0.00193875 -0.00139426 -0.00108762 -0.00175336 -0.00121915 -0.00176262 -0.00183183 -0.00150413 -0.00104597 -0.00190718 -0.00188112 -0.00166284 -0.00194752 -0.00205202 -0.00209269 -0.00185368 -0.00187175 -0.00194734 -0.00218432 -0.00161166 
-0.00179408 -0.00201929 -0.00179054 -0.00181518 -0.00164165 -0.00176518 -0.00209607 -0.00228083 -0.0027255 -0.00220304 -0.00206438 -0.00309195 -0.00299584 -0.00194261 -0.00206545 -0.00311589 -0.00229567 -0.00259157 -0.00142612 0.00316058 0.00158709 0.00200264 0.00226871 0.00393093 0.144314 0.0027304 0.00263678 0.0026502 0.00340883 0.00358499 -0.000830342 -0.000515992 -0.00101464 -0.00171462 -0.00179058 -0.00207526 -0.00229934 -0.00238682 -0.00222933 -0.00225071 -0.00146393 -0.00197241 -0.0024212 -0.00226987 -0.00282689 -0.00193941 -0.00246617 -0.00164888 -0.00216424 -0.00207926 -0.00247102 -0.00255701 -0.00131069 -0.00130335 -0.00207515 -0.00285595 -0.002084 -0.00210543 -0.00168229 -0.001606 -0.0016877 -0.000657996 -0.00270817 -0.00178206 -0.00197531 -0.00181907 -0.00162112 -0.00254045 -0.00205915 -0.00221538 -0.00159497 -0.00136826 -0.00115952 -0.00147692 -0.00095813 -0.00190005 -0.00189782 -0.00209004 -0.00211964 -0.00220045 -0.00125055 -0.0018712 -0.00143021 -0.00203697 -0.00212511 -0.00241558 -0.00251769 -0.00168193 -0.00151074 -0.00284008 -0.00197743 -0.0018235 -0.00160587 -0.00138439 -0.00222804 -0.00208641 -0.000848879 -0.00140941 -0.00149635 -0.00177083 
-0.0018209 -0.0020231 -0.00199105 -0.00218651 -0.0019445 -0.00246469 -0.00180466 -0.00206617 -0.00155446 -0.00163235 -0.00185033 -0.00237222 -0.00191347 -0.00211451 -0.00238179 -0.00190028 -0.0019703 -0.00157502 -0.00207842 -0.00191282 0.00163568 0.00311349 0.0036027 0.00276365 0.0027304 0.146048 0.00329482 0.00231846 0.00269413 0.00253341 0.00300331 -0.00237709 -0.00183167 -0.00190412 -0.00152954 -0.00174714 -0.00218568 -0.0023242 -0.00181088 -0.00258247 -0.00213411 -0.00217603 -0.00258021 -0.00169975 -0.00220549 -0.00225994 -0.00220064 -0.00144995 -0.00156721 -0.00163159 -0.00120951 -0.00200839 -0.000935186 -0.00207429 -0.00255609 -0.00173724 -0.00193658 -0.00262737 -0.00204586 -0.00166175 -0.00163526 -0.00188536 -0.00174186 -0.00209902 -0.00247763 -0.00230874 -0.00270416 -0.00123334 -0.00201597 -0.00238488 -0.00156737 -0.00175048 -0.00214456 -0.00227849 -0.0019409 -0.0025939 -0.00170753 -0.00177695 -0.00193899 -0.00138996 -0.00152237 -0.00264957 -0.00266009 -0.0013798 -0.00194527 -0.0023203 -0.000944619 -0.00227821 -0.00256044 -0.00210567 -0.00170707 -0.0014681 -0.0015937 -0.00151755 -0.000849932 -0.00189542 -0.00218651 -0.00143687 -0.00268599 -0.00190767 
-0.00170963 -0.00151067 -0.00171 -0.00252228 -0.00200869 -0.00201707 -0.00186097 -0.000784822 -0.00197723 -0.0022976 -0.00310519 -0.00284408 -0.00205573 -0.002614 -0.001261 -0.00134997 -0.00273441 -0.0022927 -0.0015177 -0.00233363 -0.00147737 -0.00269847 0.00272266 0.00217727 0.00263678 0.00329482 0.140462 0.00236867 0.00267762 0.00152227 0.00231439 0.00258693 -0.00139286 -0.000832084 -0.00113961 -0.00062432 -0.00183572 -0.00081554 -0.00122541 -0.00209763 -0.00245683 -0.00180507 -0.00180946 -0.00163406 -0.00225095 -0.00225061 -0.00207395 -0.00222475 -0.00182697 -0.00172437 -0.00186712 -0.00243024 -0.00190088 -0.00190521 -0.00116819 -0.00205735 -0.00127491 -0.00266725 -0.00210586 -0.002195 -0.00150799 -0.00164897 -0.00259728 -0.00128272 -0.00224446 -0.00180664 -0.00194739 -0.00165211 -0.00143264 -0.00224713 -0.000851825 -0.00123198 -0.00143705 -0.00264604 -0.000937521 -0.000757714 -0.00163578 -0.00177629 -0.00182983 -0.00166352 -0.00218796 -0.00145982 -0.00134946 -0.00136537 -0.00159671 -0.00207429 -0.00165832 -0.00181526 -0.00183124 -0.000915832 -0.00143918 -0.0017334 -0.00262661 -0.00173931 -0.00210577 -0.00192231 -0.00249505 -0.000739146 -0.00238334 -0.00191473 
-0.00180188 -0.00218078 -0.00129917 -0.00179535 -0.00242527 -0.00257494 -0.00226595 -0.00191034 -0.00142462 -0.00190249 -0.00195028 -0.00203548 -0.0030007 -0.00203763 -0.00304587 -0.00190759 -0.00102507 -0.00192345 -0.00264758 -0.00226012 -0.00141049 -0.00106447 -0.000936315 0.00206158 0.0026502 0.00231846 0.00236867 0.13643 0.00239136 0.00314593 0.00321151 0.00287202 0.00224382 -0.000910855 -0.00124036 -0.00143355 -0.00181375 -0.0019774 -0.00118013 -0.00173816 -0.00217535 -0.00142138 -0.00161053 -0.00262249 -0.00258018 -0.00247475 -0.00172799 -0.00207962 -0.00191705 -0.00161446 -0.00188339 -0.00241645 -0.00176301 -0.00188172 -0.00128301 -0.00259693 -0.00103806 -0.00184476 -0.00138938 -0.00122189 -0.00224548 -0.00203726 -0.00190636 -0.00267493 -0.00173071 -0.00230288 -0.00177387 -0.00173948 -0.00180562 -0.00160088 -0.00121649 -0.00190101 -0.00131341 -0.00235905 -0.00149633 -0.00114873 -0.00118119 -0.00186708 -0.0013197 -0.00178467 -0.00100892 -0.001667 -0.00192962 -0.0017682 -0.00170378 -0.00206935 -0.0022079 -0.00156229 -0.00146788 -0.00176634 -0.00111084 -0.00151698 -0.00214651 -0.00108236 -0.00144266 -0.000535518 -0.00167711 -0.00132316 -0.00153228 -0.00210712 
-0.00122912 -0.0020604 -0.00205593 -0.00230849 -0.00186631 -0.00220253 -0.0016862 -0.00273909 -0.00166248 -0.0018503 -0.00213952 -0.00258114 -0.00149273 -0.00189731 -0.00110256 -0.00165642 -0.00200359 -0.00147783 -0.00160081 -0.0030354 -0.00182035 -0.00125139 -0.00159248 -0.0016707 0.00340883 0.00269413 0.00267762 0.00239136 0.143148 0.00350359 0.0043577 0.00335257 0.00217584 0.00216195 -0.00130893 -0.00151257 -0.00240291 -0.00262121 -0.00195601 -0.00169835 -0.00135787 -0.00149225 -0.00218815 -0.00218381 -0.00168632 -0.00192414 -0.00123745 -0.00180398 -0.00190728 -0.00238429 -0.00298658 -0.00168331 -0.00183431 -0.000890344 -0.00227581 -0.00181652 -0.00228488 -0.00210456 -0.00251185 -0.00167373 -0.00229126 -0.0027037 -0.00237668 -0.00144822 -0.00171239 -0.00271699 -0.00264708 -0.00213776 -0.0013175 -0.00217498 -0.00136434 -0.00125906 -0.00256782 -0.00197838 -0.00115838 -0.0018761 -0.00193191 -0.0024342 -0.000984719 -0.00230603 -0.00218417 -0.00173582 -0.00160977 -0.00175304 -0.00122538 -0.0020858 -0.00124181 -0.00180139 -0.00214379 -0.00183236 -0.0013073 -0.0013532 -0.00220524 -0.00204422 -0.00207346 -0.00121841 -0.0026979 -0.00128339 -0.00261139 -0.0013657 
-0.00198136 -0.00155993 -0.00166633 -0.00208907 -0.00266539 -0.00232926 -0.00222961 -0.00193088 -0.00316526 -0.00167585 -0.00236586 -0.00214589 -0.00224382 -0.00226143 -0.00199972 -0.00156452 -0.00107405 -0.00199434 -0.00133921 -0.00128361 -0.0026576 -0.00201886 -0.00118832 -0.000633462 0.00358499 0.00253341 0.00152227 0.00314593 0.00350359 0.137397 0.00387425 0.00285623 0.00169202 0.00306639 -0.00118771 -0.00152386 -0.00207595 -0.00198357 -0.00135781 -0.00258488 -0.00168247 -0.00121493 -0.00232471 -0.00153185 -0.0021481 -0.00177849 -0.00198315 -0.00168358 -0.00168038 -0.00265061 -0.0024127 -0.00152903 -0.00219608 -0.00238021 -0.0022563 -0.00171735 -0.00186835 -0.00230057 -0.00194413 -0.00218745 -0.0012935 -0.00104478 -0.00148284 -0.00113182 -0.00150293 -0.00141086 -0.00098857 -0.0020266 -0.000969158 -0.00147925 -0.00126693 -0.00134932 -0.00212913 -0.00100201 -0.001504 -0.001817 -0.00157044 -0.00137667 -0.00153503 -0.0013732 -0.0014494 -0.00169968 -0.00178142 -0.00179728 -0.00160459 -0.0024507 -0.00141641 -0.00282773 -0.00210999 -0.00213838 -0.00214623 -0.00205425 -0.00198191 -0.000943771 -0.00297255 -0.0015147 -0.00217134 -0.00169734 -0.00200858 -0.00190791 
-0.00159461 -0.00188967 -0.00265413 -0.00211231 -0.00212871 -0.00303442 -0.00174089 -0.00238766 -0.00176945 -0.00155387 -0.00253572 -0.00232335 -0.00274 -0.00215805 -0.00211343 -0.00189985 -0.00138605 -0.00157248 -0.000620988 -0.00303102 -0.0017896 -0.00231326 -0.00104593 -0.000996598 -0.000830342 0.00300331 0.00231439 0.00321151 0.0043577 0.00387425 0.131452 0.00238539 0.00251548 0.00194129 0.0022083 0.00134973 -0.00149232 -0.00161796 -0.00147214 -0.0012924 -0.0020544 -0.00201278 -0.00263146 -0.00213456 -0.00160894 -0.00197575 -0.000812635 -0.00174082 -0.00222094 -0.00214398 -0.00224949 -0.00194971 -0.0023042 -0.00159793 -0.00164178 -0.00119772 -0.00167647 -0.00196231 -0.000981202 -0.00138692 -0.00163972 -0.00162385 -0.00209124 -0.00117456 -0.00166118 -0.00197185 -0.00179483 -0.00175962 -0.00205806 -0.00131084 -0.00192313 -0.00179071 -0.00213572 -0.00112089 -0.00123578 -0.0015745 -0.00162847 -0.00219033 -0.000980013 -0.00166256 -0.00207081 -0.00166035 -0.00221322 -0.00143319 -0.00119302 -0.00167343 -0.00165278 -0.00184424 -0.0015399 -0.00159093 -0.00201365 -0.00188779 -0.00196941 -0.00155385 -0.00211748 -0.00232112 -0.00217378 -0.000805494 -0.00183778 -0.00135191 
-0.0021465 -0.00138252 -0.00249338 -0.00142767 -0.00213709 -0.00175001 -0.00160763 -0.00204594 -0.00194766 -0.00238232 -0.00260311 -0.0034175 -0.00183758 -0.00253091 -0.00239047 -0.00263082 -0.00184119 -0.00132202 -0.00188778 -0.00123393 -0.00173798 -0.00193621 -0.00219203 -0.00177115 -0.000515992 -0.00237709 0.00258693 0.00287202 0.00335257 0.00285623 0.00238539 0.130321 0.00311131 0.00158179 0.00138613 0.0019036 0.00240873 -0.00124251 -0.000940182 -0.0016217 -0.00166638 -0.00138199 -0.00167006 -0.00203662 -0.00119394 -0.00222627 -0.00206722 -0.00138336 -0.00160943 -0.00227829 -0.00215587 -0.00147758 -0.00210589 -0.00183577 -0.00158271 -0.00191568 -0.0018435 -0.00195911 -0.00121183 -0.00181132 -0.00205616 -0.00174288 -0.00222865 -0.00117092 -0.00201567 -0.00165334 -0.000957491 -0.0016901 -0.000983895 -0.00150363 -0.00168915 -0.00195684 -0.00117742 -0.00121416 -0.00131682 -0.00175488 -0.00179673 -0.00112666 -0.000772801 -0.00228572 -0.00159049 -0.00177824 -0.00122004 -0.00238821 -0.00188433 -0.00195861 -0.0011603 -0.00165386 -0.00182955 -0.00164782 -0.00143249 -0.00151805 -0.00130489 -0.00136337 -0.00206461 -0.000966115 -0.00204293 -0.00204429 -0.00192642 -0.00113378 
-0.00169362 -0.00219437 -0.00206014 -0.00249622 -0.0012458 -0.00240688 -0.00222348 -0.00184018 -0.00223109 -0.00138718 -0.00277534 -0.00241296 -0.00225693 -0.00169459 -0.00188359 -0.00163132 -0.00205487 -0.001637 -0.00203363 -0.002464 -0.00222597 -0.0024214 -0.00337763 -0.00204537 -0.00101464 -0.00183167 -0.00139286 0.00224382 0.00217584 0.00169202 0.00251548 0.00311131 0.130852 0.00272219 0.00161517 0.00240348 0.00338531 0.00135766 -0.00127546 -0.00189537 -0.00150287 -0.00188362 -0.00191348 -0.00153005 -0.00172119 -0.00206137 -0.0016728 -0.002037 -0.0028067 -0.0020385 -0.00147652 -0.001605 -0.00113451 -0.00135428 -0.00210376 -0.00172683 -0.000721621 -0.000606921 -0.00166556 -0.00151971 -0.00114491 -0.00132381 -0.00191707 -0.00186668 -0.00179998 -0.00252345 -0.00157062 -0.00190897 -0.00198831 -0.00176184 -0.00206299 -0.00238151 -0.00253755 -0.000798144 -0.00125236 -0.00155333 -0.00123229 -0.00118604 -0.00197934 -0.00182402 -0.000811552 -0.0014886 -0.0013554 -0.00240357 -0.00160215 -0.00130124 -0.0015082 -0.00096058 -0.00117016 -0.00119398 -0.0011585 -0.00163736 -0.00179738 -0.00135187 -0.000903813 -0.000699222 -0.00162739 -0.00222974 -0.00130154 -0.00177298 
