0.115668 0.00316749 0.00238014 0.00148418 0.00120732 0.0020946 -0.00119425 -0.00114433 -0.00140799 -0.000870466 -0.00141253 -0.00195597 -0.00123791 -0.00193253 -0.00207037 -0.00190851 -0.00257454 -0.00204632 -0.0016929 -0.00260514 -0.0014979 -0.00185653 -0.00252803 -0.00217891 -0.00297932 -0.00188346 -0.00245867 -0.00143212 -0.00174908 -0.00137183 -0.00174809 -0.00115034 -0.00160606 -0.0021481 -0.00115695 -0.00118731 -0.00185879 -0.0014833 -0.00165124 -0.00118716 -0.00139427 -0.00175604 -0.00152531 -0.00199946 -0.00164988 -0.0013844 -0.00107527 -0.00209612 -0.000752503 -0.00118214 -0.0015684 -0.000595205 -0.000882478 -0.00115534 -0.000791218 -0.00139902 -0.00132928 -0.00152177 -0.00104204 -0.00112097 -0.000936003 -0.00155001 -0.00142085 -0.00153039 -0.00136267 -0.00150089 -0.00202047 -0.00196723 -0.00127898 -0.000864167 -0.00188692 -0.00162208 -0.00140212 -0.000994897 -0.00136214 -0.00198753 -0.00150571 -0.0014887 -0.0014155 -0.00136395 -0.000781783 -0.00171959 -0.000568222 -0.00123219 -0.00119466 -0.00150938 -0.000992449 -0.000998893 -0.00138992 -0.00143426 -0.000875226 -0.000858259 -0.00168894 -0.000980491 -0.00134137 -0.00122955 0.00137694 0.00178385 0.00204748 0.00243421 
0.00316749 0.131472 0.00231701 0.00278274 0.00250516 0.00441192 0.00214928 -0.0011888 -0.00107709 -0.000497569 -0.00197794 -0.00163058 -0.0016273 -0.00205144 -0.00300384 -0.00200946 -0.00209687 -0.00210636 -0.00261207 -0.00240438 -0.00154542 -0.00193779 -0.00238269 -0.00237666 -0.00243051 -0.00263088 -0.0018797 -0.00212712 -0.00192142 -0.00255959 -0.00139622 -0.00256103 -0.00198571 -0.00215053 -0.00208796 -0.00151096 -0.00195974 -0.00199085 -0.00182042 -0.00134217 -0.00151962 -0.00173974 -0.00124712 -0.00206579 -0.00178575 -0.00162052 -0.000788752 -0.000928008 -0.000958508 -0.001376 -0.00162318 -0.00139455 -0.001317 -0.00129062 -0.000917001 -0.00113091 -0.00101554 -0.000998384 -0.00183449 -0.00174901 -0.00171348 -0.0022119 -0.000688664 -0.00131047 -0.00205336 -0.00195556 -0.00173437 -0.00254686 -0.00210976 -0.00222386 -0.00093911 -0.0020518 -0.0010291 -0.000840109 -0.00130989 -0.00122839 -0.00171425 -0.00138731 -0.00158046 -0.00199782 -0.00167323 -0.00173276 -0.00211976 -0.0017056 -0.00176091 -0.000998927 -0.00229661 -0.00193433 -0.00222392 -0.00129795 -0.00217079 -0.00200746 -0.00124849 -0.000855751 -0.00180363 -0.00212952 -0.00146694 0.00233906 0.00146164 0.00162857 
0.00238014 0.00231701 0.126133 0.00247871 0.00223649 0.00308515 0.00191306 0.00225428 -0.00191438 -0.00192295 -0.00166195 -0.00164326 -0.00159561 -0.00291311 -0.00217187 -0.00171587 -0.0021979 -0.00255534 -0.00154036 -0.00226169 -0.00201238 -0.0014841 -0.00164779 -0.00224683 -0.00214096 -0.00220245 -0.00191533 -0.0014234 -0.00160437 -0.00171551 -0.00147539 -0.00195628 -0.00156233 -0.0014992 -0.00199212 -0.00171177 -0.0020692 -0.00153067 -0.000940707 -0.00116843 -0.00210418 -0.00207591 -0.00150613 -0.0025371 -0.0022337 -0.00144772 -0.00134391 -0.00254093 -0.00156091 -0.00195949 -0.00208654 -0.0006019 -0.00127966 -0.00213239 -0.00134505 -0.00167046 -0.00192273 -0.00104181 -0.00174905 -0.00138722 -0.00197117 -0.0020854 -0.00052196 -0.00164897 -0.000911013 -0.00237666 -0.00144232 -0.00135981 -0.000793667 -0.00133146 -0.000947221 -0.00182391 -0.00172285 -0.00112598 -0.0014737 -0.00154703 -0.000679484 -0.00179796 -0.00188275 -0.00192806 -0.000870359 -0.00139617 -0.00144336 -0.00173793 -0.00127632 -0.00208676 -0.00163964 -0.000961236 -0.00194056 -0.0015628 -0.00156601 -0.00148473 -0.00104521 -0.00139317 -0.00118811 -0.00103666 -0.00152426 -0.000799111 0.00194465 0.0025013 
0.00148418 0.00278274 0.00247871 0.129432 0.00333145 0.00329014 0.00299561 0.00278488 0.00303858 -0.0011773 -0.00185709 -0.000762308 -0.00195743 -0.00255192 -0.00233263 -0.000729709 -0.0027522 -0.0021871 -0.00130337 -0.00319156 -0.00220623 -0.00269783 -0.00253876 -0.00198094 -0.00162886 -0.00248678 -0.00222409 -0.00171836 -0.00228923 -0.00130971 -0.0022135 -0.00194183 -0.0018963 -0.00292792 -0.00234377 -0.00170021 -0.00187911 -0.0014853 -0.00168992 -0.00131044 -0.00147303 -0.00176025 -0.00135389 -0.00209185 -0.00086953 -0.00138317 -0.00175924 -0.00154879 -0.00163946 -0.00163137 -0.00152508 -0.00229688 -0.00155191 -0.00131188 -0.00155285 -0.00177137 -0.00121866 -0.0016097 -0.00153486 -0.00144192 -0.000792159 -0.000736784 -0.00150468 -0.00132247 -0.00179016 -0.00133103 -0.0016063 -0.00209244 -0.00223049 -0.00164585 -0.00182695 -0.00259282 -0.00201604 -0.00198985 -0.00178282 -0.000737713 -0.00190888 -0.00211623 -0.00180335 -0.00130787 -0.00128257 -0.00151091 -0.0012121 -0.00211818 -0.000955001 -0.00195191 -0.0023312 -0.00128327 -0.00171107 -0.00156734 -0.000924386 -0.00087611 -0.00130179 -0.00158286 -0.00211571 -0.00105339 -0.0012351 -0.00100149 -0.000851336 0.000979885 
0.00120732 0.00250516 0.00223649 0.00333145 0.127586 0.00208056 0.00186929 0.00234459 0.00250364 0.00229489 -0.000964549 -0.00105795 -0.000897415 -0.00188069 -0.00165106 -0.00197556 -0.00237863 -0.0022784 -0.00226328 -0.00195097 -0.00196474 -0.0028826 -0.0023643 -0.00181884 -0.0013138 -0.00213724 -0.000999997 -0.00153782 -0.00255588 -0.00120084 -0.001757 -0.00228102 -0.00142665 -0.00187757 -0.00175401 -0.00216653 -0.00154915 -0.0017531 -0.00200094 -0.00187061 -0.00170936 -0.00156595 -0.00198892 -0.00214395 -0.00182177 -0.00189193 -0.00195544 -0.0015591 -0.0015555 -0.00130091 -0.000634583 -0.0019411 -0.00153259 -0.00131762 -0.00150406 -0.0013678 -0.00236722 -0.00139691 -0.00163849 -0.00195021 -0.0012871 -0.00171672 -0.00186231 -0.00124348 -0.00122706 -0.00101039 -0.00155477 -0.00170113 -0.00130876 -0.00125206 -0.00198345 -0.00192196 -0.00133244 -0.0018316 -0.00119522 -0.000738168 -0.00184405 -0.00148503 -0.00178983 -0.00179265 -0.00158092 -0.000517152 -0.00213078 -0.00102864 -0.00151096 -0.00151103 -0.00178653 -0.00159841 -0.00163274 -0.00198564 -0.0021296 -0.00115496 -0.001593 -0.00133918 -0.00177425 -0.00183728 -0.00156018 -0.000935311 -0.00117104 -0.00144948 
0.0020946 0.00441192 0.00308515 0.00329014 0.00208056 0.13273 0.00297284 0.00211462 0.00236962 0.00253211 0.00263291 -0.00134721 -0.00111985 -0.00154896 -0.00149962 -0.00254221 -0.00175698 -0.00165059 -0.00135262 -0.00199086 -0.00285266 -0.00257395 -0.00222763 -0.00157322 -0.00226608 -0.0022901 -0.00192686 -0.00247138 -0.00151854 -0.00251832 -0.00180687 -0.00202463 -0.00268317 -0.00246043 -0.00194287 -0.00223812 -0.00269718 -0.00165374 -0.00249736 -0.00141104 -0.00167591 -0.00181201 -0.00159463 -0.00128487 -0.00237174 -0.00140571 -0.00212373 -0.00214123 -0.00170461 -0.00185801 -0.00246759 -0.00202654 -0.00193173 -0.00203989 -0.00144089 -0.00215108 -0.00175922 -0.00176587 -0.00186655 -0.00207715 -0.0025353 -0.00176547 -0.00117238 -0.00216092 -0.000975716 -0.00151451 -0.00133094 -0.00192165 -0.00201442 -0.00170124 -0.00161313 -0.00142038 -0.00265695 -0.00131359 -0.00160091 -0.000914962 -0.0023369 -0.00165365 -0.00166914 -0.00197154 -0.00218733 -0.00115631 -0.00127492 -0.00153214 -0.00124988 -0.00200166 -0.00179419 -0.00162271 -0.00263754 -0.0014059 -0.00159137 -0.00125396 -0.00134191 -0.00076035 -0.00166131 -0.00193495 -0.00114652 -0.0017394 -0.000909814 -0.000927079 
-0.00119425 0.00214928 0.00191306 0.00299561 0.00186929 0.00297284 0.126887 0.00288329 0.00290473 0.00141801 0.00274254 0.00213398 -0.0010616 -0.00161358 -0.000967953 -0.00175709 -0.00207449 -0.00198067 -0.00179061 -0.00194366 -0.00170589 -0.00253289 -0.00191543 -0.00195709 -0.0025296 -0.0021688 -0.00185439 -0.00158019 -0.00209187 -0.00218449 -0.00241947 -0.00142401 -0.0018199 -0.00218167 -0.00160045 -0.001872 -0.00136665 -0.00190252 -0.00185275 -0.00180388 -0.0016728 -0.00181009 -0.00166164 -0.00153581 -0.00189992 -0.00134437 -0.00220444 -0.00204163 -0.00187008 -0.00158631 -0.00127915 -0.00231494 -0.00162519 -0.00131001 -0.00223324 -0.00155821 -0.00179873 -0.00155415 -0.00239548 -0.00193416 -0.00192729 -0.00161982 -0.00133653 -0.00227204 -0.000827424 -0.000862274 -0.00150987 -0.00163003 -0.00167648 -0.000871652 -0.00165784 -0.00219267 -0.00217011 -0.00189154 -0.00131565 -0.00175987 -0.00119766 -0.00167393 -0.00176114 -0.00196382 -0.0019602 -0.00136101 -0.00183296 -0.00157342 -0.00141887 -0.0015512 -0.00161407 -0.00105174 -0.00210577 -0.00178044 -0.000528328 -0.00107838 -0.00188047 -0.00153107 -0.00153338 -0.00175209 -0.000759334 -0.00205718 -0.0012348 -0.00136951 
-0.00114433 -0.0011888 0.00225428 0.00278488 0.00234459 0.00211462 0.00288329 0.121406 0.00248933 0.00280725 0.00326103 0.00152111 0.00251689 -0.00156319 -0.00104263 -0.00135231 -0.00228438 -0.00233786 -0.00128522 -0.00120756 -0.00216633 -0.00178993 -0.00227517 -0.00225989 -0.00207018 -0.00263802 -0.00247373 -0.00162554 -0.00200743 -0.00322074 -0.00236237 -0.00125846 -0.00148215 -0.00227856 -0.00168836 -0.0014889 -0.00170095 -0.00148534 -0.00172512 -0.00138906 -0.00139052 -0.00133412 -0.000880479 -0.00144996 -0.00138486 -0.00182216 -0.0013169 -0.00149723 -0.00148944 -0.00109991 -0.00144275 -0.00133444 -0.000992125 -0.00190937 -0.00143063 -0.00223063 -0.00215586 -0.00160544 -0.00139902 -0.00181449 -0.00130425 -0.00199368 -0.00113593 -0.00155195 -0.00180688 -0.00147928 -0.000754586 -0.00184098 -0.00144571 -0.00113323 -0.00163698 -0.00143104 -0.00197749 -0.00164152 -0.00144774 -0.00118412 -0.0016174 -0.00185497 -0.00118348 -0.00104448 -0.00202248 -0.0016727 -0.00128593 -0.00131897 -0.00107393 -0.00122031 -0.00176986 -0.00124861 -0.0015285 -0.00230449 -0.00185503 -0.00173613 -0.00156781 -0.00173598 -0.00231269 -0.00227424 -0.00221116 -0.00218906 -0.00183517 -0.000981367 
-0.00140799 -0.00107709 -0.00191438 0.00303858 0.00250364 0.00236962 0.00290473 0.00248933 0.135383 0.00308322 0.00325358 0.00235704 0.00195543 0.00263005 -0.00156887 -0.00191511 -0.00248305 -0.00212307 -0.00153512 -0.00232278 -0.00222237 -0.00278331 -0.00209013 -0.00207422 -0.00216679 -0.00304192 -0.00237487 -0.0024562 -0.00260345 -0.00249839 -0.00322832 -0.00144954 -0.00258387 -0.00238988 -0.00216601 -0.00222296 -0.00196129 -0.00141858 -0.00145078 -0.00109914 -0.000641835 -0.00108003 -0.00207459 -0.0016013 -0.00192847 -0.0017669 -0.00155169 -0.001893 -0.00208074 -0.00233554 -0.00200111 -0.00168557 -0.00174232 -0.00140151 -0.00131246 -0.0019519 -0.00249837 -0.00143534 -0.00101509 -0.00240195 -0.00109458 -0.00202098 -0.00139067 -0.00157318 -0.00107816 -0.0018333 -0.00169636 -0.00208021 -0.00185977 -0.00112262 -0.0020232 -0.00184935 -0.00238398 -0.0015263 -0.00222459 -0.00211177 -0.00232004 -0.00157859 -0.00170006 -0.0017493 -0.00172026 -0.0012027 -0.00192348 -0.00136466 -0.00123339 -0.00179578 -0.00208288 -0.00176393 -0.00216069 -0.0017073 -0.00180376 -0.00175932 -0.00149653 -0.00263454 -0.00146567 -0.00101143 -0.00087852 -0.00121668 -0.000918229 -0.00158192 
-0.000870466 -0.000497569 -0.00192295 -0.0011773 0.00229489 0.00253211 0.00141801 0.00280725 0.00308322 0.128321 0.00314915 0.00163413 0.00249983 0.0027702 -0.00135567 -0.00222785 -0.0026948 -0.00201963 -0.00148275 -0.0022605 -0.00273832 -0.00173198 -0.00152824 -0.00134227 -0.00172577 -0.00160096 -0.000733234 -0.00254952 -0.00219102 -0.00187243 -0.0026224 -0.00224239 -0.00114893 -0.00201139 -0.00208723 -0.00247004 -0.00240602 -0.00162604 -0.00155072 -0.00250249 -0.00185324 -0.00155418 -0.00157806 -0.00205857 -0.00158426 -0.00240049 -0.00126828 -0.00179277 -0.0017988 -0.00103879 -0.00227947 -0.00160016 -0.00153109 -0.000830255 -0.00124478 -0.00124075 -0.00160911 -0.00165375 -0.00172403 -0.00227643 -0.0023893 -0.00207944 -0.00145531 -0.0014078 -0.00136651 -0.00138959 -0.00167155 -0.00157137 -0.00084948 -0.00178887 -0.00216686 -0.000875759 -0.0013792 -0.0010899 -0.00114922 -0.00112221 -0.00206821 -0.000710117 -0.00128396 -0.00144789 -0.00207282 -0.00132118 -0.00174189 -0.00191067 -0.00168818 -0.00201606 -0.00155455 -0.00157392 -0.00135486 -0.00169967 -0.00194486 -0.00117492 -0.00168187 -0.00223908 -0.00231519 -0.00153116 -0.00115403 -0.00098316 -0.00141987 -0.00176103 
-0.00141253 -0.00197794 -0.00166195 -0.00185709 -0.000964549 0.00263291 0.00274254 0.00326103 0.00325358 0.00314915 0.13453 0.0021959 0.00262026 0.00170543 0.00235888 0.000699611 -0.00206833 -0.00329019 -0.00175343 -0.000748117 -0.00238133 -0.00166297 -0.00238385 -0.00176292 0.000186754 -0.00215493 -0.00273017 -0.00277606 -0.00228937 -0.00153744 -0.00253738 -0.00193086 -0.00265437 -0.00155997 -0.00228239 -0.0011608 -0.00167008 -0.00230022 -0.0017393 -0.00173877 -0.00179496 -0.0015877 -0.00202075 -0.00139175 -0.00194916 -0.00130941 -0.00218853 -0.00248843 -0.00157051 -0.00184162 -0.00116064 -0.00157808 -0.00198915 -0.00205904 -0.00197829 -0.00207842 -0.000698993 -0.00170233 -0.00175264 -0.00176522 -0.00132046 -0.00155938 -0.00168894 -0.00126017 -0.00239252 -0.00241543 -0.00205217 -0.00143204 -0.00147489 -0.00248984 -0.000597422 -0.00202665 -0.00241537 -0.00209866 -0.00142022 -0.00203269 -0.00201495 -0.00159413 -0.00123167 -0.00129544 -0.00118599 -0.00111487 -0.00156635 -0.00155692 -0.00165983 -0.00190769 -0.00204843 -0.00161134 -0.00213147 -0.00219773 -0.00181484 -0.00131688 -0.00171271 -0.0011664 -0.00147927 -0.00252728 -0.00208117 -0.00146612 -0.00181338 -0.00227152 
-0.00195597 -0.00163058 -0.00164326 -0.000762308 -0.00105795 -0.00134721 0.00213398 0.00152111 0.00235704 0.00163413 0.0021959 0.135195 0.00259917 0.00244966 0.0031153 0.00274592 0.00241153 -0.00226474 -0.0020236 -0.00257603 -0.00244338 -0.00206742 -0.00227427 -0.00257993 -0.00123568 -0.00271495 -0.00185113 -0.00340053 -0.00306829 -0.00154686 -0.0023647 -0.00144078 -0.00134906 -0.00160471 -0.00211408 -0.00236812 -0.00158834 -0.00159584 -0.00216668 -0.00207994 -0.00160099 -0.00148336 -0.00161317 -0.00134437 -0.00110886 -0.00187006 -0.00223953 -0.000876265 -0.00167246 -0.00191734 -0.00121292 -0.00209568 -0.00171457 -0.00162957 -0.00133901 -0.00152246 -0.00141782 -0.00166149 -0.000931244 -0.00172888 -0.00145392 -0.00270275 -0.00187655 -0.00107425 -0.00227261 -0.00150683 -0.00291365 -0.00214242 -0.00178289 -0.0026274 -0.00201808 -0.00200642 -0.00208622 -0.00170891 -0.00204265 -0.00193049 -0.00207066 -0.00138121 -0.00180422 -0.00130124 -0.0016926 -0.00143403 -0.00147583 -0.00114299 -0.000869585 -0.00207088 -0.00168928 -0.000972408 -0.00164503 -0.00147683 -0.00143838 -0.000975617 -0.00170351 -0.00137259 -0.00223043 -0.00119017 -0.00160619 -0.00245845 -0.00157575 -0.00253821 
-0.00123791 -0.0016273 -0.00159561 -0.00195743 -0.000897415 -0.00111985 -0.0010616 0.00251689 0.00195543 0.00249983 0.00262026 0.00259917 0.12838 0.00291539 0.00325337 0.0028485 0.00257673 -0.00198037 -0.00107675 -0.00213694 -0.00195503 -0.0025753 -0.00219112 -0.00227653 -0.00280651 -0.00321671 -0.00230653 -0.00272909 -0.00184796 -0.00187135 -0.00265041 -0.00210702 -0.0012624 -0.001565 -0.00146372 -0.00177543 -0.0020562 -0.00160768 -0.00136506 -0.00102018 -0.00207525 -0.00139352 -0.00103087 -0.00154508 -0.00165815 -0.00183948 -0.00143924 -0.0009522 -0.00184363 -0.00138142 -0.00128975 -0.0015302 -0.00136755 -0.00233368 -0.00152119 -0.00161837 -0.00176169 -0.00205062 -0.00119106 -0.00138508 -0.00138311 -0.00149455 -0.00204734 -0.000980467 -0.00153783 -0.0014228 -0.00190786 -0.00180419 -0.0019548 -0.00224512 -0.00146893 -0.00183744 -0.00162398 -0.00128364 -0.00196474 -0.00132461 -0.000821186 -0.00212446 -0.00100838 -0.00124842 -0.00252297 -0.00177579 -0.0013586 -0.00165419 -0.00196411 -0.00236106 -0.00144713 -0.00182582 -0.000735254 -0.00212013 -0.00141676 -0.0015424 -0.00184438 -0.00148999 -0.00176 -0.00225479 -0.00187896 -0.00128199 -0.00103499 -0.00186348 
-0.00193253 -0.00205144 -0.00291311 -0.00255192 -0.00188069 -0.00154896 -0.00161358 -0.00156319 0.00263005 0.0027702 0.00170543 0.00244966 0.00291539 0.143737 0.00417864 0.00266797 0.00376397 0.00246826 0.00364624 -0.00171485 -0.000915817 -0.00148532 -0.00158361 -0.00315105 -0.00276866 -0.00262156 -0.00249434 -0.00229868 -0.00247495 -0.00151892 -0.00149285 -0.00244696 -0.00128175 -0.00256499 -0.00216702 -0.00202711 -0.00298155 -0.00177946 -0.00328182 -0.00324076 -0.00111802 -0.00235172 -0.00182 -0.00231 -0.00181557 -0.00255845 -0.00190725 -0.00208881 -0.00262693 -0.00143466 -0.00222264 -0.00139364 -0.00117036 -0.00181628 -0.00155018 -0.00150806 -0.00198507 -0.00289485 -0.00147208 -0.00227723 -0.00101867 -0.00177922 -0.00177215 -0.00299191 -0.00126429 -0.00165644 -0.00245903 -0.00142619 -0.00132185 -0.00280413 -0.00125969 -0.00256418 -0.00151095 -0.00186594 -0.00187909 -0.00188264 -0.000652639 -0.00167316 -0.00196658 -0.00141093 -0.00243873 -0.00213745 -0.00196389 -0.00208811 -0.00102867 -0.0012039 -0.00243331 -0.000397412 -0.00175916 -0.00214842 -0.00182048 -0.00146859 -0.00349436 -0.00186958 -0.00140268 -0.00213765 -0.00246547 -0.00145853 -0.00161708 -0.00177012 
-0.00207037 -0.00300384 -0.00217187 -0.00233263 -0.00165106 -0.00149962 -0.000967953 -0.00104263 -0.00156887 -0.00135567 0.00235888 0.0031153 0.00325337 0.00417864 0.142206 0.00319454 0.00258282 0.00281982 0.0030898 0.00262192 -0.00214935 -0.00176405 -0.000765807 -0.00140662 -0.00181072 -0.000799523 -0.00236727 -0.00247911 -0.0021785 -0.00160459 -0.00228458 -0.00209553 -0.00233331 -0.0013473 -0.0027064 -0.00262271 -0.00186192 -0.000939689 -0.00172534 -0.00157306 -0.00215213 -0.0018147 -0.00127607 -0.00211917 -0.00208836 -0.00190845 -0.00121441 -0.00202854 -0.00235786 -0.00145207 -0.00155333 -0.00178886 -0.00222182 -0.00200504 -0.000795553 -0.00201645 -0.00182282 -0.00194821 -0.00140084 -0.00138041 -0.00167653 -0.00178023 -0.00174904 -0.00127406 -0.00163919 -0.00178246 -0.00190448 -0.00179852 -0.00196441 -0.00255064 -0.00216034 -0.00152054 -0.00146861 -0.00223998 -0.00280824 -0.00223622 -0.0017155 -0.00215867 -0.00203999 -0.00258126 -0.00143991 -0.00242705 -0.00126455 -0.00259538 -0.00149118 -0.00157646 -0.00165356 -0.00150953 -0.00254512 -0.00282453 -0.00253961 -0.00151407 -0.00272191 -0.00216869 -0.0020562 -0.00141414 -0.00297975 -0.00187966 -0.00231445 -0.00163158 
-0.00190851 -0.00200946 -0.00171587 -0.000729709 -0.00197556 -0.00254221 -0.00175709 -0.00135231 -0.00191511 -0.00222785 0.000699611 0.00274592 0.0028485 0.00266797 0.00319454 0.137096 0.00341677 0.00299667 0.00267005 0.00231483 -0.00132689 -0.000744588 -0.000685992 -0.00182534 -0.00139656 -0.00194755 -0.00273554 -0.00195773 -0.00181762 -0.00260273 -0.0017769 -0.00146597 -0.00225077 -0.00169276 -0.00156703 -0.00251674 -0.00217943 -0.00163541 -0.00215788 -0.00280483 -0.00245944 -0.00176053 -0.00233219 -0.00202694 -0.00236666 -0.00226141 -0.00139969 -0.00153931 -0.00186578 -0.00190614 -0.00146881 -0.000172334 -0.000918805 -0.00141516 -0.00190585 -0.00192247 -0.0019457 -0.00173665 -0.00184118 -0.00141485 -0.00182981 -0.00115472 -0.00146005 -0.00154661 -0.00146322 -0.00154183 -0.00122213 -0.00134749 -0.00160523 -0.00227471 -0.000962295 -0.00215098 -0.000851225 -0.00267326 -0.00317961 -0.00263736 -0.000805024 -0.00217311 -0.00185067 -0.00155563 -0.00131535 -0.00232064 -0.00170428 -0.00162673 -0.00188854 -0.00177827 -0.00129397 -0.00200453 -0.00214612 -0.00247613 -0.00181675 -0.0022053 -0.00205498 -0.000930032 -0.00112631 -0.00185776 -0.0027316 -0.00160633 -0.00185952 -0.0017409 
-0.00257454 -0.00209687 -0.0021979 -0.0027522 -0.00237863 -0.00175698 -0.00207449 -0.00228438 -0.00248305 -0.0026948 -0.00206833 0.00241153 0.00257673 0.00376397 0.00258282 0.00341677 0.146181 0.0025488 0.00265663 0.00291407 0.00281645 0.00407166 -0.00188634 -0.00199101 -0.00107663 -0.00272174 -0.00137294 -0.00189126 -0.00243674 -0.00165362 -0.00242629 -0.00173167 -0.00244676 -0.0021357 -0.00109825 -0.00123142 -0.00262461 -0.00199942 -0.0020718 -0.0023922 -0.00104351 -0.0014907 -0.00183932 -0.00133552 -0.00116846 -0.00226707 -0.00205326 -0.00238304 -0.00277267 -0.00150989 -0.0020769 -0.00201008 -0.00194223 -0.000657086 -0.00156074 -0.00144973 -0.0020812 -0.00148779 -0.00200192 -0.00129292 -0.0017916 -0.00129899 -0.00155486 -0.00191578 -0.00237809 -0.00144309 -0.00123743 -0.00174388 -0.00151474 -0.00208194 -0.00248846 -0.00169797 -0.00226874 -0.00115372 -0.00197367 -0.0021878 -0.000945344 -0.00172608 -0.00267111 -0.00203336 -0.00159551 -0.00216862 -0.00211944 -0.00189429 -0.00265267 -0.00283811 -0.00186344 -0.00169863 -0.00285402 -0.00205631 -0.00202888 -0.00222896 -0.0027784 -0.00242349 -0.00177994 -0.00182151 -0.00282244 -0.0028264 -0.00227392 -0.00213428 
-0.00204632 -0.00210636 -0.00255534 -0.0021871 -0.0022784 -0.00165059 -0.00198067 -0.00233786 -0.00212307 -0.00201963 -0.00329019 -0.00226474 -0.00198037 0.00246826 0.00281982 0.00299667 0.0025488 0.144838 0.00354023 0.00412919 0.00307076 0.00328238 0.0024693 -0.00130362 -0.00236624 -0.00179251 -0.00284108 -0.00287171 -0.00148299 -0.00246632 -0.00310467 -0.00275704 -0.00289977 -0.000903542 -0.00183264 -0.0023543 -0.00254698 -0.00182654 -0.00203382 -0.00187857 -0.00179655 -0.00133495 -0.00181804 -0.000944594 -0.00155927 -0.00216086 -0.00120873 -0.00184467 -0.00204295 -0.00294959 -0.00130954 -0.00263341 -0.00225721 -0.00219566 -0.000911242 -0.00186681 -0.00219304 -0.00230135 -0.00236613 -0.00191742 -0.00175531 -0.00208489 -0.00245895 -0.00156247 -0.00125816 -0.00155651 -0.00134719 -0.00119891 -0.00170629 -0.00209224 -0.0014411 -0.00136688 -0.00196424 -0.00154255 -0.00203958 -0.000911818 -0.00146976 -0.00175203 -0.00228578 -0.00239278 -0.00216733 -0.00179207 -0.00206081 -0.00190337 -0.00203388 -0.00128252 -0.00096961 -0.0012264 -0.0018927 -0.00135073 -0.00243949 -0.0017923 -0.00215953 -0.000939862 -0.00186061 -0.000776756 -0.00214941 -0.00179672 -0.00261539 -0.00107112 
-0.0016929 -0.00261207 -0.00154036 -0.00130337 -0.00226328 -0.00135262 -0.00179061 -0.00128522 -0.00153512 -0.00148275 -0.00175343 -0.0020236 -0.00107675 0.00364624 0.0030898 0.00267005 0.00265663 0.00354023 0.15116 0.00313449 0.00359901 0.00398645 0.00218523 -0.00246086 -0.00251596 -0.00318624 -0.00200687 -0.00263368 -0.00187952 -0.00324026 -0.00280222 -0.00287623 -0.00251856 -0.00242938 -0.00216914 -0.00270795 -0.00342621 -0.00136879 -0.0013591 -0.00292607 -0.00109813 -0.00210502 -0.00104753 -0.00243976 -0.00202982 -0.00283525 -0.0016269 -0.00288453 -0.00171258 -0.00145413 -0.00164051 -0.00191964 -0.00148487 -0.00177173 -0.00195498 -0.00196446 -0.0019774 -0.00181221 -0.00235317 -0.0015254 -0.00194005 -0.00201372 -0.00221151 -0.00201264 -0.00103461 -0.00195441 -0.00173591 -0.00204861 -0.00202287 -0.00159617 -0.00158798 -0.00163586 -0.00177458 -0.0021927 -0.00252303 -0.00183965 -0.00166695 -0.00129515 -0.0018261 -0.00261781 -0.00276328 -0.0008622 -0.00242482 -0.00276879 -0.00205548 -0.00139033 -0.001435 -0.00223018 -0.00180861 -0.00217029 -0.00204174 -0.00192393 -0.00169743 -0.00318621 -0.00152514 -0.00207219 -0.00257045 -0.00235582 -0.00179296 -0.00120628 
-0.00260514 -0.00240438 -0.00226169 -0.00319156 -0.00195097 -0.00199086 -0.00194366 -0.00120756 -0.00232278 -0.0022605 -0.000748117 -0.00257603 -0.00213694 -0.00171485 0.00262192 0.00231483 0.00291407 0.00412919 0.00313449 0.15209 0.004199 0.00377702 0.00422531 0.00400727 0.00356955 -0.00107088 -0.00205086 -0.00180763 -0.00265034 -0.00142646 -0.00357898 -0.00188674 -0.0026785 -0.00274097 -0.00151799 -0.00209207 -0.00270718 -0.00284679 -0.00188063 -0.00266445 -0.00207561 -0.00140055 -0.00136235 -0.00156043 -0.00263312 -0.00219725 -0.0011192 -0.00237783 -0.00177338 -0.00204561 -0.00219512 -0.00228488 -0.00265849 -0.0018449 -0.001973 -0.00214493 -0.00166919 -0.00217474 -0.00349628 -0.00198831 -0.00225275 -0.00288612 -0.00259332 -0.00186019 -0.00246682 -0.00196055 -0.00215561 -0.00209744 -0.00139479 -0.00109417 -0.00266996 -0.00096824 -0.000841409 -0.00207725 -0.00223895 -0.00157243 -0.00172893 -0.00257033 -0.00213256 -0.00263228 -0.0021109 -0.00189101 -0.00239155 -0.00235529 -0.00217452 -0.00184517 -0.0026659 -0.00268466 -0.00211197 -0.00263203 -0.00197336 -0.00164998 -0.00239106 -0.00160165 -0.00228347 -0.00199368 -0.00147634 -0.00205506 -0.0027093 -0.00190096 
-0.0014979 -0.00154542 -0.00201238 -0.00220623 -0.00196474 -0.00285266 -0.00170589 -0.00216633 -0.00222237 -0.00273832 -0.00238133 -0.00244338 -0.00195503 -0.000915817 -0.00214935 -0.00132689 0.00281645 0.00307076 0.00359901 0.004199 0.143136 0.00361922 0.00334084 0.00276679 0.0023849 0.00285298 -0.00141645 -0.00197874 -0.000502846 -0.00113978 -0.00205514 -0.00167932 -0.00249176 -0.00181684 -0.0014289 -0.00148891 -0.00222328 -0.00227543 -0.00275539 -0.00279441 -0.00242769 -0.00244007 -0.00201908 -0.00114588 -0.00245079 -0.00167222 -0.00189225 -0.00247831 -0.00177604 -0.00258873 -0.00164827 -0.00196405 -0.00189522 -0.00165387 -0.00225362 -0.00211345 -0.00196611 -0.00169754 -0.00195608 -0.00136624 -0.00182866 -0.00188936 -0.00288031 -0.00155943 -0.00138237 -0.00175201 -0.00226852 -0.00258685 -0.00241071 -0.00236728 -0.00253027 -0.00180898 -0.00290016 -0.00183561 -0.00178598 -0.00192383 -0.00143257 -0.00156539 -0.00209192 -0.00156799 -0.00227135 -0.00113152 -0.0014353 -0.00209102 -0.00139587 -0.00125473 -0.00126761 -0.00212777 -0.00212212 -0.00232184 -0.00175981 -0.00158595 -0.00205645 -0.00141009 -0.00114723 -0.00166866 -0.00239674 -0.00182434 -0.00103601 -0.00157637 
-0.00185653 -0.00193779 -0.0014841 -0.00269783 -0.0028826 -0.00257395 -0.00253289 -0.00178993 -0.00278331 -0.00173198 -0.00166297 -0.00206742 -0.0025753 -0.00148532 -0.00176405 -0.000744588 0.00407166 0.00328238 0.00398645 0.00377702 0.00361922 0.147607 0.0027998 0.00283238 0.00293329 0.00315303 -0.00172292 -0.00113744 -0.00108792 -0.0013143 -0.0023957 -0.00299447 -0.00233587 -0.00222629 -0.00242494 -0.00120812 -0.00237953 -0.00222665 -0.00289594 -0.00237509 -0.00232007 -0.0025027 -0.00267848 -0.00303072 -0.00224736 -0.00283613 -0.0010747 -0.0018009 -0.00183992 -0.00220921 -0.00185135 -0.00174808 -0.00101342 -0.00175061 -0.00254936 -0.00177326 -0.00153115 -0.000898343 -0.0015999 -0.00151289 -0.00157964 -0.00226925 -0.00235496 -0.00167448 -0.00202756 -0.00215138 -0.00237613 -0.00128242 -0.00251164 -0.00229072 -0.00123721 -0.001863 -0.00215063 -0.00203319 -0.00196031 -0.00126411 -0.00180379 -0.00264381 -0.00163855 -0.00180109 -0.00278923 -0.00271378 -0.00254712 -0.00143857 -0.00141947 -0.00193605 -0.0012538 -0.00185466 -0.00138224 -0.00155094 -0.00163171 -0.00233968 -0.00194876 -0.00214694 -0.00172444 -0.00157954 -0.00259385 -0.00199075 -0.00261976 -0.00162313 
-0.00252803 -0.00238269 -0.00164779 -0.00253876 -0.0023643 -0.00222763 -0.00191543 -0.00227517 -0.00209013 -0.00152824 -0.00238385 -0.00227427 -0.00219112 -0.00158361 -0.000765807 -0.000685992 -0.00188634 0.0024693 0.00218523 0.00422531 0.00334084 0.0027998 0.146816 0.00169638 0.00260642 0.00144791 0.00264777 -0.00147975 -0.000992524 -0.00174207 -0.0020073 -0.00119337 -0.00259241 -0.00223437 -0.00183296 -0.00182136 -0.00246698 -0.0029545 -0.00192644 -0.00312382 -0.00185765 -0.0020604 -0.00141499 -0.0022299 -0.00273934 -0.00202745 -0.00104409 -0.00194985 -0.00185592 -0.00172152 -0.00080565 -0.00231133 -0.00215268 -0.00165303 -0.00146983 -0.00169403 -0.00114956 -0.00148928 -0.00188801 -0.00247274 -0.00127797 -0.00165591 -0.00175005 -0.00234687 -0.00189148 -0.00200928 -0.00137014 -0.000737195 -0.00168957 -0.00163542 -0.00238685 -0.00083597 -0.00205729 -0.00170168 -0.00153699 -0.00242975 -0.00194269 -0.00174556 -0.00245291 -0.00166832 -0.00187755 -0.00233588 -0.00245131 -0.00213086 -0.00228107 -0.00190582 -0.00200725 -0.0022251 -0.000969696 -0.00201917 -0.00136509 -0.00236214 -0.00205005 -0.00127428 -0.00209303 -0.00131843 -0.00224483 -0.00172888 -0.00226067 -0.00258767 
-0.00217891 -0.00237666 -0.00224683 -0.00198094 -0.00181884 -0.00157322 -0.00195709 -0.00225989 -0.00207422 -0.00134227 -0.00176292 -0.00257993 -0.00227653 -0.00315105 -0.00140662 -0.00182534 -0.00199101 -0.00130362 -0.00246086 0.00400727 0.00276679 0.00283238 0.00169638 0.142557 0.00427086 0.00361996 0.00224788 0.00301462 -0.00112418 -0.00153513 -0.00112754 -0.00285 -0.00192681 -0.00211654 -0.00136348 -0.00213826 -0.00102249 -0.00208898 -0.00191818 -0.00217748 -0.00190627 -0.00157149 -0.00187956 -0.00221552 -0.00086565 -0.0016561 -0.00244335 -0.00173825 -0.0018874 -0.00170099 -0.00231617 -0.00192347 -0.00136266 -0.0020289 -0.00131129 -0.00200741 -0.00133977 -0.00138298 -0.0026707 -0.00208899 -0.00240748 -0.00219829 -0.00194485 -0.000881813 -0.0025268 -0.00215373 -0.00137657 -0.00198507 -0.00165766 -0.00138369 -0.00100178 -0.0015999 -0.00206989 -0.00141493 -0.00168134 -0.00126294 -0.0012816 -0.00133739 -0.00217702 -0.00227103 -0.00205999 -0.00120762 -0.00140565 -0.00226319 -0.0018424 -0.00165895 -0.00167361 -0.00156571 -0.00197703 -0.00126928 -0.00128999 -0.00218446 -0.00221153 -0.00244819 -0.00211935 -0.00161207 -0.00144375 -0.00260357 -0.00154043 -0.00177033 
-0.00297932 -0.00243051 -0.00214096 -0.00162886 -0.0013138 -0.00226608 -0.0025296 -0.00207018 -0.00216679 -0.00172577 0.000186754 -0.00123568 -0.00280651 -0.00276866 -0.00181072 -0.00139656 -0.00107663 -0.00236624 -0.00251596 0.00356955 0.0023849 0.00293329 0.00260642 0.00427086 0.143861 0.00267303 0.00252634 0.00129585 0.00209188 0.00265972 -0.000316098 -0.00237617 -0.00173421 -0.00254056 -0.0020788 -0.00286556 -0.00138896 -0.00210094 -0.00176629 -0.00241383 -0.00262119 -0.0023728 -0.00246818 -0.00206717 -0.00260818 -0.00248123 -0.00200919 -0.00167253 -0.00210492 -0.00227385 -0.00156101 -0.00214701 -0.00182731 -0.00154503 -0.00185675 -0.00210646 -0.00143525 -0.00195295 -0.000255943 -0.00234963 -0.00269839 -0.00162069 -0.00188104 -0.00153288 -0.00225248 -0.00222235 -0.00201418 -0.00149979 -0.00240782 -0.00167652 -0.00144534 -0.000950259 -0.0022015 -0.00286059 -0.00200209 -0.00130957 -0.00132001 -0.00191709 -0.00237744 -0.00229008 -0.00131125 -0.00202355 -0.00101314 -0.00180163 -0.00165307 -0.00168945 -0.00124126 -0.00164256 -0.00220178 -0.00197512 -0.00109298 -0.00158292 -0.00253791 -0.00179056 -0.00233412 -0.00123894 -0.00225014 -0.00188068 -0.00183861 -0.00295285 
-0.00188346 -0.00263088 -0.00220245 -0.00248678 -0.00213724 -0.0022901 -0.0021688 -0.00263802 -0.00304192 -0.00160096 -0.00215493 -0.00271495 -0.00321671 -0.00262156 -0.000799523 -0.00194755 -0.00272174 -0.00179251 -0.00318624 -0.00107088 0.00285298 0.00315303 0.00144791 0.00361996 0.00267303 0.144341 0.00197395 0.00332274 0.0024408 0.0019523 0.00254432 -0.00129917 -0.00195867 -0.00153452 -0.00205936 -0.00182889 -0.00120099 -0.00175653 -0.00120517 -0.00261415 -0.00216812 -0.00178713 -0.00214456 -0.00252519 -0.00263243 -0.00201482 -0.00122039 -0.00243863 -0.00193119 -0.00184092 -0.0015178 -0.00219387 -0.00117642 -0.00258752 -0.00253147 -0.00304439 -0.00142742 -0.00187171 -0.00198821 -0.00226147 -0.00180985 -0.00175281 -0.00238652 -0.0027204 -0.0021228 -0.00155372 -0.00281823 -0.00194872 -0.00158421 -0.0021224 -0.000952225 -0.00228137 -0.0023044 -0.00255955 -0.00179441 -0.00204413 -0.00120485 -0.00113084 -0.00176299 -0.00125589 -0.00136419 -0.00107698 -0.00202707 -0.00191178 -0.00149154 -0.00205499 -0.00146605 -0.00203001 -0.000759843 -0.000625782 -0.000294823 -0.00186984 -0.00121583 -0.00156165 -0.00169 -0.00160335 -0.00152519 -0.00132198 -0.00211213 -0.00214077 
-0.00245867 -0.0018797 -0.00191533 -0.00222409 -0.000999997 -0.00192686 -0.00185439 -0.00247373 -0.00237487 -0.000733234 -0.00273017 -0.00185113 -0.00230653 -0.00249434 -0.00236727 -0.00273554 -0.00137294 -0.00284108 -0.00200687 -0.00205086 -0.00141645 -0.00172292 0.00264777 0.00224788 0.00252634 0.00197395 0.139174 0.00262528 0.00250385 0.002446 0.00349417 0.00164109 -0.000876145 -0.00111799 -0.00170923 -0.00186354 -0.00142259 -0.0019512 -0.00196984 -0.00194243 -0.00157836 -0.00212653 -0.00208177 -0.000896737 -0.00224069 -0.000598178 -0.00112966 -0.00135714 -0.00113591 -0.00106192 -0.00198037 -0.00170364 -0.00182772 -0.00147247 -0.00110346 -0.00144849 -0.00113336 -0.00227515 -0.00226219 -0.00127013 -0.00125683 -0.00115556 -0.00294084 -0.000927836 -0.0018442 -0.00130383 -0.00125934 -0.00176743 -0.00238901 -0.00196063 -0.0022473 -0.00146723 -0.00212582 -0.00185182 -0.000356255 -0.00221252 -0.00248385 -0.002227 -0.00143671 -0.00207525 -0.00116938 -0.00166807 -0.00199625 -0.00240498 -0.00187174 -0.00160646 -0.00219852 -0.00186845 -0.00153917 -0.00294899 -0.0022057 -0.00146378 -0.00216004 -0.00166347 -0.00212961 -0.00122517 -0.00231409 -0.00207639 -0.00128779 -0.0019195 
-0.00143212 -0.00212712 -0.0014234 -0.00171836 -0.00153782 -0.00247138 -0.00158019 -0.00162554 -0.0024562 -0.00254952 -0.00277606 -0.00340053 -0.00272909 -0.00229868 -0.00247911 -0.00195773 -0.00189126 -0.00287171 -0.00263368 -0.00180763 -0.00197874 -0.00113744 -0.00147975 0.00301462 0.00129585 0.00332274 0.00262528 0.138411 0.00255883 0.0024366 0.00309195 0.00253502 0.00241608 -0.000710954 -0.00144364 -0.00127086 -0.00171133 -0.00136226 -0.00124101 -0.00133213 -0.00196293 -0.00182213 -0.0018928 -0.00195366 -0.00213586 -0.0025979 -0.00300938 -0.00191798 -0.0021446 -0.00158828 -0.00105942 -0.00185041 -0.000611031 -0.00168056 -0.00156112 -0.0017371 -0.00155868 -0.00160575 -0.00217706 -0.00149216 -0.00177095 -0.00179212 -0.00243978 -0.0023007 -0.00231119 -0.00162621 -0.00202448 -0.00197876 -0.00246576 -0.00144784 -0.00178586 -0.0014576 -0.00078168 -0.00181263 -0.00161911 -0.00115661 -0.00136549 -0.00201907 -0.00167929 -0.00147444 -0.00154388 -0.00167627 -0.00122672 -0.00187824 -0.0019464 -0.0011958 -0.000591031 -0.00190032 -0.00225398 -0.00220663 -0.00122777 -0.000512107 -0.00126504 -0.00218323 -0.00231609 -0.00128792 -0.00208312 -0.00196149 -0.00167441 -0.0016735 
-0.00174908 -0.00192142 -0.00160437 -0.00228923 -0.00255588 -0.00151854 -0.00209187 -0.00200743 -0.00260345 -0.00219102 -0.00228937 -0.00306829 -0.00184796 -0.00247495 -0.0021785 -0.00181762 -0.00243674 -0.00148299 -0.00187952 -0.00265034 -0.000502846 -0.00108792 -0.000992524 -0.00112418 0.00209188 0.0024408 0.00250385 0.00255883 0.132384 0.00214209 0.00239842 0.00192776 0.00264418 0.00239623 -0.00103588 -0.000925781 -0.00159666 -0.00245345 -0.00174258 -0.00115877 -0.00171148 -0.00188932 -0.00247952 -0.00104328 -0.00124877 -0.0018349 -0.00164009 -0.0021749 -0.00241577 -0.00238708 -0.0021391 -0.00157274 -0.000644518 -0.00168444 -0.00191199 -0.00175693 -0.00159059 -0.00253808 -0.00148856 -0.00210846 -0.00214728 -0.00231079 -0.00150133 -0.00161428 -0.00186178 -0.00169565 -0.00137659 -0.00127135 -0.00164606 -0.00103828 -0.00120643 -0.00144599 -0.00117976 -0.00234501 -0.00165916 -0.0010435 -0.00146181 -0.000937659 -0.00116879 -0.00179819 -0.00146661 -0.00155158 -0.00126879 -0.00161414 -0.00178364 -0.00115159 -0.00143953 -0.00157704 -0.000144375 -0.00201019 -0.00173367 -0.0012996 -0.00145556 -0.00186045 -0.00202853 -0.00238249 -0.00195606 -0.00211262 -0.00167411 -0.000728456 
-0.00137183 -0.00255959 -0.00171551 -0.00130971 -0.00120084 -0.00251832 -0.00218449 -0.00322074 -0.00249839 -0.00187243 -0.00153744 -0.00154686 -0.00187135 -0.00151892 -0.00160459 -0.00260273 -0.00165362 -0.00246632 -0.00324026 -0.00142646 -0.00113978 -0.0013143 -0.00174207 -0.00153513 0.00265972 0.0019523 0.002446 0.0024366 0.00214209 0.133774 0.00195318 0.00300055 0.00253416 0.0025218 -0.00133976 -0.0013985 -0.0015657 -0.00126746 -0.00233753 -0.00220028 -0.00155198 -0.00219291 -0.00137164 -0.00178738 -0.00142212 -0.00188039 -0.0017452 -0.00112147 -0.00143664 -0.00189354 -0.00181377 -0.00207511 -0.00195307 -0.00193014 -0.0023536 -0.00152713 -0.00158469 -0.00130836 -0.000611078 -0.00156111 -0.0021577 -0.0019485 -0.00197334 -0.00150231 -0.00111455 -0.00202781 -0.00150175 -0.00138954 -0.00156583 -0.00129364 -0.00167197 -0.00165005 -0.00117376 -0.00199836 -0.00153525 -0.00191661 -0.00142603 -0.00237539 -0.00110557 -0.00187565 -0.00207795 -0.00121912 -0.00215923 -0.00182515 -0.00116975 -0.000905081 -0.00133804 -0.000979108 -0.00139021 -0.00190654 -0.00107756 -0.00162568 -0.00300637 -0.00161299 -0.00201378 -0.00205137 -0.00235436 -0.00140235 -0.00152836 -0.0016916 
-0.00174809 -0.00139622 -0.00147539 -0.0022135 -0.001757 -0.00180687 -0.00241947 -0.00236237 -0.00322832 -0.0026224 -0.00253738 -0.0023647 -0.00265041 -0.00149285 -0.00228458 -0.0017769 -0.00242629 -0.00310467 -0.00280222 -0.00357898 -0.00205514 -0.0023957 -0.0020073 -0.00112754 -0.000316098 0.00254432 0.00349417 0.00309195 0.00239842 0.00195318 0.137834 0.00364344 0.00342397 0.00228241 0.0022845 0.00298919 -0.00188906 -0.00143108 -0.00143392 -0.00240814 -0.00215017 -0.00269173 -0.00224413 -0.00192635 -0.00249349 -0.00208581 -0.0021292 -0.000725692 -0.00224062 -0.00191989 -0.00219501 -0.00194769 -0.000990171 -0.00110257 -0.00203245 -0.00172022 -0.0022086 -0.00129135 -0.00193173 -0.00179369 -0.00197025 -0.00131193 -0.00173713 -0.00145475 -0.00161237 -0.00267924 -0.002134 -0.00185262 -0.000987758 -0.00262069 -0.00180598 -0.00203903 -0.00106614 -0.00204929 -0.00175753 -0.00189375 -0.00132568 -0.00083919 -0.00177601 -0.00187336 -0.00197523 -0.00243508 -0.000774886 -0.00237991 -0.00127206 -0.00169359 -0.000469053 -0.00122393 -0.00128683 -0.000923645 -0.00152564 -0.0011859 -0.00142859 -0.00176245 -0.0021333 -0.0020105 -0.00240269 -0.00155067 -0.00171091 -0.00207456 
-0.00115034 -0.00256103 -0.00195628 -0.00194183 -0.00228102 -0.00202463 -0.00142401 -0.00125846 -0.00144954 -0.00224239 -0.00193086 -0.00144078 -0.00210702 -0.00244696 -0.00209553 -0.00146597 -0.00173167 -0.00275704 -0.00287623 -0.00188674 -0.00167932 -0.00299447 -0.00119337 -0.00285 -0.00237617 -0.00129917 0.00164109 0.00253502 0.00192776 0.00300055 0.00364344 0.134155 0.00225697 0.00190324 0.00279298 0.00268266 0.00239894 -0.00172257 -0.00176239 -0.00110804 -0.0020627 -0.00180335 -0.00120955 -0.00158352 -0.00232413 -0.00174841 -0.00180117 -0.00164906 -0.000814483 -0.00170921 -0.0013501 -0.00292874 -0.00136618 -0.00212171 -0.00179098 -0.00151538 -0.00162138 -0.00120874 -0.00159151 -0.00116558 -0.000869521 -0.000799359 -0.00153698 -0.00231693 -0.00221975 -0.00199248 -0.00159994 -0.00244654 -0.00140062 -0.00231868 -0.00184033 -0.00177877 -0.00142729 -0.0021027 -0.0015743 -0.00230101 -0.00206333 -0.000963102 -0.0013433 -0.00159325 -0.00128808 -0.00216704 -0.00128589 -0.00228117 -0.00134032 -0.00211664 -0.00144 -0.00123073 -0.00197496 -0.00161933 -0.00157797 -0.00301464 -0.00150751 -0.00160515 -0.00176496 -0.00190656 -0.00219284 -0.000667187 -0.00231955 -0.00176895 
-0.00160606 -0.00198571 -0.00156233 -0.0018963 -0.00142665 -0.00268317 -0.0018199 -0.00148215 -0.00258387 -0.00114893 -0.00265437 -0.00134906 -0.0012624 -0.00128175 -0.00233331 -0.00225077 -0.00244676 -0.00289977 -0.00251856 -0.0026785 -0.00249176 -0.00233587 -0.00259241 -0.00192681 -0.00173421 -0.00195867 -0.000876145 0.00241608 0.00264418 0.00253416 0.00342397 0.00225697 0.130267 0.00283089 0.00198896 0.00282809 0.00199847 0.00258591 -0.0018403 -0.00131582 -0.00118295 -0.00165937 -0.00179981 -0.00192399 -0.00164992 -0.00138427 -0.00165539 -0.00171069 -0.00199185 -0.00177175 -0.00219425 -0.00155064 -0.00214162 -0.00192947 -0.00145312 -0.0015382 -0.00218454 -0.00184057 -0.00199053 -0.00109898 -0.0022152 -0.00184056 -0.00151497 -0.00172546 -0.0014646 -0.000759949 -0.00141814 -0.00133016 -0.00187922 -0.00177431 -0.00184085 -0.00137154 -0.00140742 -0.00194529 -0.00116179 -0.00156762 -0.00224666 -0.00216394 -0.00111198 -0.00137972 -0.00153765 -0.00151724 -0.000964866 -0.00172853 -0.00179526 -0.00164966 -0.00092912 -0.0019786 -0.00181475 -0.00235478 -0.00136884 -0.00155876 -0.000746479 -0.00190535 -0.00127618 -0.0015659 -0.00241859 -0.00119096 -0.00219206 -0.00156728 
