0.118319 0.00273957 0.00186983 0.00120462 0.00188061 0.00189485 -0.000902728 -0.00129212 -0.00110845 -0.00184201 -0.00149914 -0.00197776 -0.0017678 -0.00166195 -0.00198312 -0.00177695 -0.00180806 -0.00205014 -0.00197439 -0.00273377 -0.00211226 -0.0022246 -0.00176023 -0.00227031 -0.0024859 -0.00124629 -0.00186593 -0.00200318 -0.00158309 -0.00182998 -0.00118405 -0.000864534 -0.00202192 -0.0011487 -0.00134094 -0.000501669 -0.00163804 -0.00161376 -0.00151499 -0.00216369 -0.0014944 -0.00167631 -0.00114129 -0.00106968 -0.00186912 -0.00114441 -0.00127312 -0.00152531 -0.00172234 -0.00168842 -0.00112737 -0.000914267 -0.00182306 -0.00197464 -0.00151509 -0.00132701 -0.00143786 -0.00172464 -0.00126253 -0.00104073 -0.00181553 -0.00224778 -0.00100725 -0.00145128 -0.00137297 -0.000554384 -0.000515943 -0.000972217 -0.00146781 -0.00164219 -0.000935063 -0.00247415 -0.00203262 -0.00126491 -0.00165579 -0.00145233 -0.000587489 -0.000963599 -0.00140752 -0.00197596 -0.00104059 -0.00170822 -0.0012046 -0.00134695 -0.00149116 -0.00140251 -0.00100976 -0.00120703 -0.0014382 -0.00108575 -0.0011991 -0.00105255 -0.00125709 -0.00156018 -0.0011999 -0.0015497 0.00137321 0.00106569 0.00208424 0.0026225 
0.00273957 0.122763 0.00194863 0.00180572 0.0012399 0.00113679 0.00183099 -0.00143493 -0.00172669 -0.00244212 -0.00172304 -0.00292391 -0.00139268 -0.00162438 -0.00113242 -0.00181228 -0.00158965 -0.0020285 -0.00237192 -0.00206546 -0.0022779 -0.0017266 -0.00101383 -0.00196741 -0.00181543 -0.00237671 -0.00165181 -0.000680612 -0.00111415 -0.00165089 -0.00232843 -0.00142172 -0.00208753 -0.00161819 -0.00225652 -0.00172401 -0.00182331 -0.00180299 -0.00136811 -0.00139285 -0.00169859 -0.00149667 -0.00216513 -0.00147506 -0.0022424 -0.00143524 -0.00147057 -0.00185207 -0.00139913 -0.00178753 -0.00155438 -0.0017396 -0.00247505 -0.000654168 -0.00140745 -0.00141526 -0.00173772 -0.00149832 -0.00112912 -0.00130512 -0.00198238 -0.00129781 -0.000907208 -0.00189189 -0.00168475 -0.00129205 -0.00123926 -0.00127084 -0.000765433 -0.00141266 -0.00147438 -0.00198966 -0.00121188 -0.000907585 -0.00117892 -0.00134718 -0.000775996 -0.00124705 -0.00101945 -0.00176644 -0.00197029 -0.00135212 -0.00105792 -0.0013651 -0.00107282 -0.00144282 -0.00117746 -0.00126989 -0.00104659 -0.00147694 -0.0012522 -0.00137911 -0.00113502 -0.00211398 -0.00133575 -0.00110985 -0.0015856 0.00261625 0.00245094 0.00158015 
0.00186983 0.00194863 0.12349 0.0017298 0.00154674 0.00193937 0.0012528 0.00199001 -0.00231864 -0.000752529 -0.00106352 -0.00198333 -0.00127322 -0.00192688 -0.00196393 -0.00233936 -0.00296664 -0.00155382 -0.00220498 -0.00363483 -0.00161646 -0.00177239 -0.00231568 -0.00228102 -0.00155796 -0.00219104 -0.0015724 -0.000784382 -0.00162014 -0.00173984 -0.00239782 -0.000891269 -0.00167955 -0.00171731 -0.00181356 -0.00129275 -0.00156138 -0.00173288 -0.00129998 -0.00135065 -0.000975646 -0.00127125 -0.00178569 -0.000888222 -0.00208469 -0.00227214 -0.0016439 -0.00100442 -0.00112449 -0.00139873 -0.00159223 -0.00152355 -0.00172181 -0.00133897 -0.00149385 -0.00110268 -0.000906923 -0.00131896 -0.00133018 -0.00149016 -0.00223462 -0.00186163 -0.000331032 -0.00150628 -0.00209765 -0.000681195 -0.00122525 -0.00104817 -0.00123465 -0.00127085 -0.000999652 -0.00121647 -0.00153578 -0.0016351 -0.00140254 -0.00146573 -0.000943842 -0.0024367 -0.00139534 -0.00163654 -0.00127951 -0.00129763 -0.00146977 -0.00133464 -0.00157519 -0.00158534 -0.00159531 -0.00204617 -0.00139752 -0.00136057 -0.00147965 -0.00217121 -0.0012386 -0.00186692 -0.00176747 -0.00131775 -0.000654931 -0.00146865 0.00186745 0.00287017 
0.00120462 0.00180572 0.0017298 0.125484 0.00185908 0.00181857 0.0015167 0.00169905 0.00250256 -0.00222126 -0.00191616 -0.00150284 -0.00204082 -0.00229669 -0.0010687 -0.00183367 -0.00221525 -0.00177349 -0.00228331 -0.00196265 -0.00114681 -0.0012944 -0.00102791 -0.00163209 -0.00134532 -0.00203176 -0.00180431 -0.00113775 -0.00154545 -0.000538314 -0.00122885 -0.00167512 -0.00228453 -0.00154285 -0.00162784 -0.00192062 -0.00134474 -0.00134744 -0.00145233 -0.00192568 -0.000982329 -0.0016355 -0.00148382 -0.0013575 -0.00134084 -0.00183496 -0.00194982 -0.0014406 -0.00122472 -0.00231385 -0.00190864 -0.00125956 -0.0011256 -0.0018878 -0.00201134 -0.00152115 -0.00081671 -0.00118655 -0.00162191 -0.00167927 -0.00164616 -0.0011825 -0.00119419 -0.00143045 -0.00223422 -0.000657248 -0.00297367 -0.00205716 -0.00161161 -0.00186589 -0.00139343 -0.00143784 -0.00187124 -0.00177912 -0.00152571 -0.0013561 -0.00142827 -0.00147933 -0.00163179 -0.00130158 -0.00152877 -0.00128802 -0.00143942 -0.00223451 -0.00174742 -0.00178773 -0.00184526 -0.00130775 -0.00129242 -0.00123619 -0.0018807 -0.0014342 -0.00178686 -0.000923263 -0.00137553 -0.00124838 -0.00077647 -0.00120126 -0.00147146 0.00179403 
0.00188061 0.0012399 0.00154674 0.00185908 0.126013 0.00181174 0.00158599 0.00219159 0.00195502 0.00172284 -0.00135169 -0.00246308 -0.00174511 -0.00211227 -0.00174855 -0.00272917 -0.00191238 -0.00145741 -0.00267437 -0.00131883 -0.00189291 -0.00241484 -0.00164098 -0.00194791 -0.00230181 -0.00160601 -0.00224457 -0.00153516 -0.00173301 -0.0018204 -0.00209982 -0.00180998 -0.0017713 -0.00156268 -0.00174895 -0.00171653 -0.0025571 -0.00191456 -0.00168126 -0.00117941 -0.00194507 -0.00240934 -0.0011482 -0.000608899 -0.00163842 -0.00157779 -0.000578831 -0.00126113 -0.00145948 -0.000994042 -0.00183052 -0.00113984 -0.00103985 -0.00230988 -0.00230203 -0.00111717 -0.00158278 -0.00190487 -0.00229825 -0.00100758 -0.0021503 -0.00205848 -0.00155618 -0.00190841 -0.00111022 -0.00124026 -0.00125214 -0.000907014 -0.00128232 -0.00139997 -0.00157009 -0.00140427 -0.000900453 -0.00146804 -0.000945478 -0.00088509 -0.00102316 -0.00146406 -0.00159141 -0.000562786 -0.00114602 -0.00164588 -0.000510198 -0.00157989 -0.00190135 -0.00112485 -0.00187034 -0.000678404 -0.00134801 -0.00158339 -0.00211081 -0.000584605 -0.00144694 -0.00130025 -0.00170555 -0.00121022 -0.00177344 -0.00229326 -0.0010376 -0.00142944 
0.00189485 0.00113679 0.00193937 0.00181857 0.00181174 0.12382 0.00173114 0.00215018 0.00220963 0.00169628 0.00101456 -0.00123755 -0.000815205 -0.00124062 -0.00161823 -0.00103282 -0.00109398 -0.00136729 -0.000947178 -0.00190431 -0.00123614 -0.00146929 -0.00135568 -0.00205293 -0.00246642 -0.00207017 -0.00233482 -0.00228806 -0.00147523 -0.000837534 -0.00214208 -0.00235778 -0.00239235 -0.00175643 -0.00281218 -0.00208164 -0.00242742 -0.001858 -0.00149863 -0.00157997 -0.00156564 -0.00246038 -0.00188532 -0.00126776 -0.00120992 -0.00176546 -0.00149964 -0.0011978 -0.00145682 -0.00161587 -0.00181618 -0.00170778 -0.00172905 -0.00117574 -0.0024274 -0.00173507 -0.00172299 -0.00198642 -0.00164059 -0.00197989 -0.00159205 -0.00171411 -0.00136162 -0.00142761 -0.00238919 -0.00109239 -0.00103464 -0.00116722 -0.00166785 -0.00159314 -0.000856892 -0.000424042 -0.00151835 -0.0017167 -0.00130808 -0.00125628 -0.0014787 -0.00154192 -0.00143156 -0.0017592 -0.0014628 -0.00164555 -0.00147987 -0.00151449 -0.00190695 -0.00157719 -0.00205313 -0.00165581 -0.00131144 -0.000881199 -0.00128078 -0.0009431 -0.000750763 -0.00183942 -0.00106417 -0.00192963 -0.00121709 -0.00190975 -0.00160931 -0.00126355 
-0.000902728 0.00183099 0.0012528 0.0015167 0.00158599 0.00173114 0.124835 0.00290758 0.00205218 0.00273075 0.00303874 0.00142998 -0.00189338 -0.00164609 -0.00197414 -0.00182496 -0.00115636 -0.00236181 -0.00252221 -0.00177973 -0.00121236 -0.00186412 -0.00142523 -0.00144678 -0.00277904 -0.00197133 -0.00219568 -0.00228202 -0.00179116 -0.00184146 -0.00159531 -0.0021708 -0.00230504 -0.00143422 -0.00159138 -0.00183844 -0.00265358 -0.00160222 -0.00201376 -0.00148984 -0.00158853 -0.00157243 -0.00204925 -0.00164918 -0.00131505 -0.00150803 -0.00178263 -0.00127955 -0.00178126 -0.00153463 -0.00131722 -0.000826581 -0.00154543 -0.00186243 -0.00169658 -0.0017648 -0.00246251 -0.00223008 -0.00123607 -0.00191791 -0.00156293 -0.00118249 -0.00165401 -0.00126113 -0.00152376 -0.0016393 -0.0020915 -0.00173141 -0.002311 -0.00147376 -0.00121826 -0.00141295 -0.00149694 -0.00142672 -0.000862302 -0.00152318 -0.00210354 -0.00155637 -0.00178922 -0.00114019 -0.00155592 -0.00141375 -0.000787855 -0.00120346 -0.000717449 -0.00194106 -0.00109529 -0.00173306 -0.00169632 -0.00145254 -0.00137596 -0.00158356 -0.00163537 -0.00118745 -0.00155324 -0.0012588 -0.00146167 -0.00140093 -0.000983656 -0.00142868 
-0.00129212 -0.00143493 0.00199001 0.00169905 0.00219159 0.00215018 0.00290758 0.122723 0.00169661 0.00251142 0.00273708 0.00253737 0.00152875 -0.00175355 -0.00142267 -0.00155081 -0.00168435 -0.00214653 -0.00279723 -0.00203949 -0.00135923 -0.00248386 -0.0024748 -0.00236825 -0.00224479 -0.00203669 -0.00163543 -0.00140144 -0.00202433 -0.00210935 -0.00158324 -0.00140237 -0.00229774 -0.00158522 -0.0019436 -0.00199732 -0.00182528 -0.00226298 -0.00152025 -0.00208156 -0.00217109 -0.00117977 -0.00126885 -0.00145277 -0.00191703 -0.00105057 -0.000969322 -0.00193743 -0.00204538 -0.00199215 -0.00207436 -0.00192807 -0.00157442 -0.00155724 -0.00188919 -0.00178028 -0.00127053 -0.000902657 -0.00107569 -0.00213462 -0.00121596 -0.00127086 -0.00201667 -0.00231118 -0.00199074 -0.0016756 -0.00123579 -0.00152307 -0.000881346 -0.00181286 -0.000808955 -0.00102806 -0.00135952 -0.00182916 -0.00117038 -0.00159458 -0.00118827 -0.00130169 -0.00125558 -0.00125987 -0.00177215 -0.00171287 -0.00146447 -0.00164356 -0.00126748 -0.0017663 -0.00149975 -0.00171509 -0.00142434 -0.00135199 -0.00126462 -0.000640699 -0.0013959 -0.00163707 -0.00120413 -0.00127536 -0.00137239 -0.00156972 -0.00152921 -0.00150446 
-0.00110845 -0.00172669 -0.00231864 0.00250256 0.00195502 0.00220963 0.00205218 0.00169661 0.128747 0.00179589 0.00296012 0.00169278 0.00113487 0.00255739 -0.000919868 -0.00121214 -0.00283286 -0.000542947 -0.000754834 -0.00115311 -0.0028516 -0.000841229 -0.00192814 -0.00122423 -0.00213021 -0.00279436 -0.00226333 -0.00254774 -0.00174143 -0.0016599 -0.000940672 -0.00195655 -0.00148038 -0.00173727 -0.00232373 -0.00106978 -0.00159793 -0.00157111 -0.00272682 -0.00133376 -0.00129874 -0.00200811 -0.00155004 -0.00244488 -0.00229756 -0.00256577 -0.00116327 -0.00138018 -0.00144275 -0.00170636 -0.00260843 -0.000574586 -0.00207013 -0.00166362 -0.00158415 -0.000942642 -0.00176026 -0.00176856 -0.00159504 -0.00246216 -0.00144054 -0.00206846 -0.00158813 -0.00130279 -0.00207061 -0.00116669 -0.00141303 -0.000951788 -0.00179111 -0.00153886 -0.00126783 -0.00154393 -0.00182182 -0.00220396 -0.00174706 -0.00152754 -0.00182937 -0.00188341 -0.00264041 -0.00166103 -0.0015267 -0.00205098 -0.00152672 -0.00216317 -0.000948437 -0.00184529 -0.000588617 -0.00101552 -0.00147043 -0.00155832 -0.000741221 -0.00128484 -0.00206677 -0.00148106 -0.00200291 -0.0025396 -0.00214183 -0.00178532 -0.00200973 -0.000921729 
-0.00184201 -0.00244212 -0.000752529 -0.00222126 0.00172284 0.00169628 0.00273075 0.00251142 0.00179589 0.130129 0.00195693 0.00333376 0.00238634 0.00158519 -0.00148759 -0.00169808 -0.00163944 -0.00130965 -0.00131851 -0.00256966 -0.00189172 -0.00289188 -0.00196264 -0.00127302 -0.0018831 -0.00175016 -0.00183487 -0.00153044 -0.0017243 -0.00187769 -0.0015611 -0.00183202 -0.00224074 -0.00184967 -0.00176904 -0.000551853 -0.00252191 -0.00147123 -0.00209466 -0.000864466 -0.00169723 -0.00204161 -0.00168426 -0.00189978 -0.0025869 -0.00218852 -0.00153858 -0.00171658 -0.00141545 -0.00189903 -0.0017967 -0.000604079 -0.00208489 -0.00149478 -0.000904242 -0.0017532 -0.0011633 -0.00134916 -0.00146514 -0.00200404 -0.00111853 -0.00145537 -0.00103608 -0.0013049 -0.00229339 -0.00189284 -0.00164883 -0.00104654 -0.00133377 -0.00163364 -0.00178948 -0.00158941 -0.00122858 -0.000945159 -0.00168142 -0.00138356 -0.00110876 -0.00205215 -0.00166363 -0.00202748 -0.00180973 -0.00194655 -0.00143877 -0.00210529 -0.00142248 -0.00165462 -0.000933241 0.000306611 -0.00150636 -0.000900037 -0.00233887 -0.0018979 -0.00211864 -0.00105853 -0.00203422 -0.00129878 -0.00254 -0.00208831 -0.00211343 -0.00277106 
-0.00149914 -0.00172304 -0.00106352 -0.00191616 -0.00135169 0.00101456 0.00303874 0.00273708 0.00296012 0.00195693 0.138104 0.00345478 0.00322727 0.002485 0.00224744 0.00238855 -0.0015889 -0.0012578 -0.0016208 -0.00161549 -0.00196019 -0.00200012 -0.00227284 -0.00162265 -0.00260492 -0.00213061 -0.00238167 -0.00224864 -0.00229627 -0.00274158 -0.00232413 -0.00240284 -0.00239993 -0.00285086 -0.0018365 -0.000858594 -0.00144655 -0.00169701 -0.00142194 -0.00232167 -0.00166415 -0.00132975 -0.00267478 -0.00289237 -0.00180161 -0.00284942 -0.002032 -0.00160751 -0.00240692 -0.0010379 -0.00119189 -0.00177078 -0.00148775 -0.00148296 -0.00227225 -0.00174027 -0.00116452 -0.00223146 -0.00125888 -0.00192299 -0.00178898 -0.00139762 -0.00136042 -0.00200194 -0.00186706 -0.000959739 -0.00230919 -0.00148743 -0.00208426 -0.00115189 -0.00204392 -0.0022923 -0.00134326 -0.00132039 -0.00138918 -0.00137605 -0.00142087 -0.0022095 -0.00201516 -0.00211025 -0.00214843 -0.00263995 -0.000821783 -0.00246672 -0.00239029 -0.00154656 -0.0019405 -0.00228854 -0.001645 -0.000991243 -0.00110456 -0.00188557 -0.00155429 -0.00186589 -0.00203288 -0.00109003 -0.00244065 -0.00267592 -0.00202108 -0.0018588 
-0.00197776 -0.00292391 -0.00198333 -0.00150284 -0.00246308 -0.00123755 0.00142998 0.00253737 0.00169278 0.00333376 0.00345478 0.139151 0.00351716 0.00333422 0.00263713 0.00268637 0.00303549 -0.000960448 -0.00174676 -0.00266211 -0.00139043 -0.0019609 -0.00192405 -0.00205079 -0.00209499 -0.00215631 -0.00241235 -0.00187441 -0.00199765 -0.00194245 -0.00269089 -0.00277736 -0.00229199 -0.00181948 -0.00157429 -0.00123398 -0.00169256 -8.82492e-05 -0.00197145 -0.00205128 -0.00194739 -0.00113227 -0.00155754 -0.00190639 -0.00241852 -0.00189225 -0.00267549 -0.00199989 -0.00148733 -0.00263207 -0.00156508 -0.0012116 -0.00236059 -0.00191732 -0.00185654 -0.00155742 -0.0016422 -0.00167071 -0.00188032 -0.00216432 -0.00166356 -0.00181433 -0.00141075 -0.00248943 -0.00227384 -0.0010616 -0.00151115 -0.00142064 -0.00163154 -0.00204651 -0.0018874 -0.00180139 -0.00187367 -0.00217164 -0.00188906 -0.0020499 -0.00137275 -0.00216462 -0.00150636 -0.00237776 -0.00164893 -0.00242427 -0.000958232 -0.00183897 -0.00192868 -0.00169547 -0.00187855 -0.00203527 -0.00140828 -0.0018329 -0.00205107 -0.00179077 -0.00154774 -0.00146654 -0.0026474 -0.00195757 -0.00230154 -0.00224921 -0.00218361 -0.0016182 
-0.0017678 -0.00139268 -0.00127322 -0.00204082 -0.00174511 -0.000815205 -0.00189338 0.00152875 0.00113487 0.00238634 0.00322727 0.00351716 0.131817 0.00263344 0.00169214 0.00248127 0.00208992 -0.000706434 -0.00215883 -0.0018713 -0.00118243 -0.00320427 -0.00235501 -0.00203132 -0.00239525 -0.00208844 -0.00141961 -0.00161636 -0.00214049 -0.00282397 -0.00226178 -0.00135118 -0.00148105 -0.00208995 -0.00223034 -0.00161529 -0.0015525 -0.00160825 -0.00220207 -0.00210451 -0.000765012 -0.00123945 -0.00192304 -0.0020265 -0.00221466 -0.00176128 -0.00214538 -0.00165809 -0.00154192 -0.00150434 -0.000719911 -0.00108278 -0.00213682 -0.00189422 -0.00206722 -0.00170842 -0.0019058 -0.0013946 -0.0013749 -0.00189922 -0.00176508 -0.00122929 -0.00115442 -0.0016864 -0.00188175 -0.00210525 -0.00123448 -0.00136444 -0.00151809 -0.00147978 -0.0013271 -0.00195035 -0.00116656 -0.00133467 -0.00120895 -0.00156491 -0.00117525 -0.00191173 -0.0023762 -0.0017485 -0.00133947 -0.00143265 -0.000783254 -0.0024137 -0.00183974 -0.00225953 -0.00221285 -0.00230035 -0.00142263 -0.00183067 -0.00174068 -0.00153713 -0.00212854 -0.00188694 -0.00104256 -0.000716291 -0.00169845 -0.00177821 -0.00110514 -0.00147347 
-0.00166195 -0.00162438 -0.00192688 -0.00229669 -0.00211227 -0.00124062 -0.00164609 -0.00175355 0.00255739 0.00158519 0.002485 0.00333422 0.00263344 0.13963 0.00407012 0.00148981 0.00340199 0.00166355 0.00224458 -0.00163129 -0.00162873 -0.00122902 -0.00233464 -0.00175027 -0.00190822 -0.0021459 -0.0021561 -0.00183031 -0.00293812 -0.00165497 -0.00140613 -0.00297655 -0.0021975 -0.0019926 -0.00281481 -0.00186581 -0.0024376 -0.00175575 -0.0025963 -0.00144019 -0.00149942 -0.00152662 -0.00216293 -0.001739 -0.00119747 -0.00139033 -0.00155717 -0.00186705 -0.00127527 -0.00167096 -0.00125799 -0.00201269 -0.00121182 -0.00211473 -0.00147454 -0.00170709 -0.00228875 -0.00248669 -0.0017649 -0.00216752 -0.00121544 -0.00178223 -0.00179935 -0.00185502 -0.00257783 -0.00133542 -0.0015787 -0.00236864 -0.00190186 -0.00178698 -0.00201869 -0.00145247 -0.00308477 -0.00174864 -0.00188543 -0.00117886 -0.0019016 -0.00174161 -0.00181425 -0.00201672 -0.0016925 -0.00139714 -0.00188412 -0.00156692 -0.00134021 -0.00142038 -0.00143932 -0.00161081 -0.00240227 -0.00170137 -0.00127211 -0.0022453 -0.00325118 -0.00206488 -0.00227013 -0.0016589 -0.00190814 -0.00225271 -0.00169988 -0.00164611 
-0.00198312 -0.00113242 -0.00196393 -0.0010687 -0.00174855 -0.00161823 -0.00197414 -0.00142267 -0.000919868 -0.00148759 0.00224744 0.00263713 0.00169214 0.00407012 0.137813 0.00241455 0.0029622 0.00263932 0.00291402 0.0024092 -0.001634 -0.00223519 -0.00243458 -0.0015431 -0.00238373 -0.00334417 -0.00257812 -0.00128073 -0.00286969 -0.00202922 -0.00278236 -0.00260499 -0.001723 -0.00214493 -0.00197971 -0.00186141 -0.00130032 -0.00209591 -0.00234163 -0.00138919 -0.00150277 -0.00220593 -0.00201676 -0.00225447 -0.0028135 -0.00203959 -0.00254795 -0.00200669 -0.0021504 -0.00209355 -0.00101708 -0.00236593 -0.00188835 -0.00136263 -0.00175567 -0.0022475 -0.00123941 -0.000992857 -0.00118995 -0.00185466 -0.00198365 -0.00182341 -0.00183402 -0.00100507 -0.00151285 -0.00162754 -0.00104902 -0.00227756 -0.00145479 -0.00183858 -0.00211819 -0.0014254 -0.00276346 -0.000643131 -0.002686 -0.00163569 -0.00108317 -0.00229225 -0.000792914 -0.00138859 -0.00181542 -0.00180606 -0.0013143 -0.00102453 -0.00233007 -0.00188929 -0.00193051 -0.00117973 -0.00205555 -0.00162857 -0.000725048 -0.00149782 -0.00226575 -0.00147033 -0.00186612 -0.0015069 -0.00156906 -0.00194842 -0.0016883 -0.00163119 
-0.00177695 -0.00181228 -0.00233936 -0.00183367 -0.00272917 -0.00103282 -0.00182496 -0.00155081 -0.00121214 -0.00169808 0.00238855 0.00268637 0.00248127 0.00148981 0.00241455 0.136584 0.0031015 0.00343514 0.00256212 0.00256497 -0.00158227 -0.00186347 -0.00194176 -0.000392479 -0.00204576 -0.00222151 -0.00229624 -0.00206711 -0.00161105 -0.00195087 -0.0027288 -0.00158383 -0.00223194 -0.00206986 -0.00215328 -0.00167911 -0.0025619 -0.0019146 -0.00142445 -0.00171853 -0.0015052 -0.00156271 -0.00236682 -0.00254507 -0.00156574 -0.0019535 -0.00255188 -0.00144621 -0.00179183 -0.00108773 -0.0015888 -0.00160672 -0.00199759 -0.00251542 -0.00181991 -0.00211283 -0.00226503 -0.00200167 -0.000495332 -0.00137724 -0.00165077 -0.00184015 -0.00108814 -0.00189037 -0.00186173 -0.0016104 -0.00208072 -0.001773 -0.00105961 -0.00117386 -0.0017662 -0.00107534 -0.00166272 -0.000716803 -0.00184392 -0.00145529 -0.00196034 -0.0015595 -0.0018155 -0.00178209 -0.00225084 -0.0021354 -0.00147853 -0.00144942 -0.00214647 -0.00155882 -0.000999237 -0.00170152 -0.00228227 -0.00195963 -0.00165529 -0.00155972 -0.00205986 -0.00248675 -0.00200913 -0.00107347 -0.0021271 -0.00235019 -0.00111272 -0.00163887 
-0.00180806 -0.00158965 -0.00296664 -0.00221525 -0.00191238 -0.00109398 -0.00115636 -0.00168435 -0.00283286 -0.00163944 -0.0015889 0.00303549 0.00208992 0.00340199 0.0029622 0.0031015 0.147223 0.00299782 0.00417489 0.00376512 0.00322213 0.00329209 -0.00113789 -0.00193319 -0.00192934 -0.00118229 -0.0024016 -0.00221505 -0.0023634 -0.0024044 -0.00210694 -0.00099898 -0.00254405 -0.00215567 -0.00259947 -0.00225398 -0.00197263 -0.00231955 -0.00223051 -0.00202514 -0.00176754 -0.0026657 -0.00143866 -0.00272012 -0.00238389 -0.00242939 -0.00213534 -0.00221609 -0.00209571 -0.00209549 -0.00189818 -0.00190724 -0.00185975 -0.00195345 -0.00175335 -0.00186777 -0.002331 -0.00225178 -0.00198975 -0.00296167 -0.00147909 -0.00314662 -0.00174331 -0.00234146 -0.00218623 -0.00189645 -0.00189753 -0.00249077 -0.0017332 -0.00196806 -0.0015599 -0.0023813 -0.00206357 -0.00271683 -0.00175477 -0.00131048 -0.00147141 -0.00248803 -0.000952513 -0.00241034 -0.00270098 -0.00227124 -0.00216204 -0.00167871 -0.00093977 -0.00172325 -0.00161219 -0.00233733 -0.00208782 -0.00209033 -0.00270142 -0.00151296 -0.00191213 -0.00207049 -0.00211671 -0.00205215 -0.00135553 -0.00234283 -0.00215503 -0.00146796 
-0.00205014 -0.0020285 -0.00155382 -0.00177349 -0.00145741 -0.00136729 -0.00236181 -0.00214653 -0.000542947 -0.00130965 -0.0012578 -0.000960448 -0.000706434 0.00166355 0.00263932 0.00343514 0.00299782 0.14535 0.00361078 0.00368414 0.00249477 0.0027104 0.00350871 -0.000904353 -0.00136732 -0.001308 -0.0016832 -0.00206867 -0.00309531 -0.00250814 -0.0024984 -0.00256075 -0.00235764 -0.00146452 -0.00188954 -0.00176583 -0.0021065 -0.0021325 -0.00219845 -0.00268416 -0.000489638 -0.00167679 -0.0018832 -0.0025166 -0.00218006 -0.00300014 -0.00232571 -0.00153664 -0.00212676 -0.00126047 -0.00187858 -0.00265788 -0.00274097 -0.00139283 -0.00236988 -0.00259663 -0.00227663 -0.00238097 -0.00217548 -0.00182995 -0.00193058 -0.0016479 -0.00184457 -0.00197732 -0.00245363 -0.00141375 -0.00209837 -0.000977245 -0.00247152 -0.00123184 -0.00113569 -0.0015842 -0.00230383 -0.00190744 -0.00192622 -0.000636107 -0.00193911 -0.00135907 -0.0022347 -0.00233298 -0.00231971 -0.00271692 -0.00150448 -0.00181707 -0.000783636 -0.00264761 -0.00234819 -0.00133775 -0.00149175 -0.000940753 -0.00118394 -0.00217241 -0.00203815 -0.00264363 -0.00295642 -0.00259772 -0.00265973 -0.00330129 -0.00197945 -0.00184286 
-0.00197439 -0.00237192 -0.00220498 -0.00228331 -0.00267437 -0.000947178 -0.00252221 -0.00279723 -0.000754834 -0.00131851 -0.0016208 -0.00174676 -0.00215883 0.00224458 0.00291402 0.00256212 0.00417489 0.00361078 0.153092 0.00398508 0.00342068 0.00191547 0.00209684 -0.000223257 -0.00105464 -0.00258209 -0.00274135 -0.00282072 -0.00228867 -0.00235979 -0.00305851 -0.0018959 -0.00223063 -0.00245863 -0.00228401 -0.000407954 -0.0024729 -0.00210538 -0.00219484 -0.00152093 -0.00145726 -0.00195956 -0.00269469 -0.00281102 -0.00221006 -0.00202519 -0.00150187 -0.00219008 -0.00272085 -0.00216439 -0.0015618 -0.00124463 -0.00311235 -0.00137373 -0.00124325 -0.00205514 -0.00303185 -0.00229272 -0.00189487 -0.00174786 -0.00168335 -0.00169713 -0.00173766 -0.00153122 -0.000934534 -0.00193833 -0.00214436 -0.00146874 -0.00170816 -0.000978859 -0.00211291 -0.000987984 -0.00115531 -0.00155876 -0.00190168 -0.00211831 -0.0017524 -0.00219927 -0.0018986 -0.00275744 -0.00228204 -0.00251593 -0.00383941 -0.00184899 -0.00281284 -0.00268998 -0.00226295 -0.00175442 -0.00149428 -0.00181565 -0.00249204 -0.00224536 -0.00231868 -0.00231154 -0.00227069 -0.00262693 -0.001873 -0.00180154 -0.00216258 -0.000963528 
-0.00273377 -0.00206546 -0.00363483 -0.00196265 -0.00131883 -0.00190431 -0.00177973 -0.00203949 -0.00115311 -0.00256966 -0.00161549 -0.00266211 -0.0018713 -0.00163129 0.0024092 0.00256497 0.00376512 0.00368414 0.00398508 0.150471 0.00284808 0.00391065 0.00303463 0.0032201 0.00248502 -0.00223045 -0.00142126 -0.00157469 -0.00234222 -0.00145416 -0.00119289 -0.00142364 -0.00243735 -0.00153863 -0.00188446 -0.00276382 -0.00173608 -0.00306646 -0.00281075 -0.00183396 -0.00130316 -0.00243639 -0.00278041 -0.00300824 -0.00256276 -0.00182593 -0.00183752 -0.00182079 -0.00245 -0.00197361 -0.00222717 -0.00154453 -0.00171495 -0.00180592 -0.000890521 -0.00173689 -0.00207999 -0.00145154 -0.00166838 -0.00111376 -0.00258565 -0.00224369 -0.0019748 -0.00205037 -0.0016301 -0.00285415 -0.0019064 -0.00268148 -0.00160631 -0.00170115 -0.00232973 -0.00129431 -0.00273152 -0.00145433 -0.0020032 -0.0019254 -0.0019652 -0.00231595 -0.00218144 -0.00186799 -0.003358 -0.00268617 -0.00203583 -0.00176059 -0.00288772 -0.00288198 -0.00213586 -0.0029275 -0.00209889 -0.00206785 -0.00141324 -0.00203673 -0.00127381 -0.00234496 -0.00201676 -0.00235557 -0.00190436 -0.00190826 -0.00150976 -0.00258569 
-0.00211226 -0.0022779 -0.00161646 -0.00114681 -0.00189291 -0.00123614 -0.00121236 -0.00135923 -0.0028516 -0.00189172 -0.00196019 -0.00139043 -0.00118243 -0.00162873 -0.001634 -0.00158227 0.00322213 0.00249477 0.00342068 0.00284808 0.142191 0.00339528 0.00243744 0.00243904 0.00295091 0.00292651 -0.00136518 -0.00180873 -0.00112558 -0.00158771 -0.00223007 -0.00290205 -0.00341909 -0.00221554 -0.00232547 -0.0013813 -0.00288427 -0.00226991 -0.00166038 -0.00289314 -0.00145348 -0.00151091 -0.00234623 -0.00292938 -0.001107 -0.00258872 -0.0020504 -0.00249061 -0.00222017 -0.00105878 -0.0012427 -0.00206167 -0.00150672 -0.00198878 -0.00199775 -0.00197512 -0.00198059 -0.00163385 -0.00199202 -0.00178345 -0.00206411 -0.00297599 -0.0019452 -0.00181257 -0.0021994 -0.00181688 -0.00203509 -0.00163591 -0.00177262 -0.00147257 -0.00177397 -0.00189415 -0.00168688 -0.00148564 -0.00203497 -0.00102905 -0.00171331 -0.00202033 -0.00195063 -0.00233475 -0.00233287 -0.00180325 -0.00155598 -0.00122638 -0.00120483 -0.00184387 -0.00182504 -0.00129248 -0.00221169 -0.00130793 -0.00232162 -0.00124839 -0.00163933 -0.00198193 -0.00252829 -0.0025082 -0.00156074 -0.00170282 -0.00198147 -0.00163215 
-0.0022246 -0.0017266 -0.00177239 -0.0012944 -0.00241484 -0.00146929 -0.00186412 -0.00248386 -0.000841229 -0.00289188 -0.00200012 -0.0019609 -0.00320427 -0.00122902 -0.00223519 -0.00186347 0.00329209 0.0027104 0.00191547 0.00391065 0.00339528 0.149054 0.00172468 0.00297717 0.00295937 0.00285964 -0.00271195 -0.00313836 -0.00155795 -0.00066898 -0.00113373 -0.00179768 -0.00319357 -0.00232224 -0.00181425 -0.00224922 -0.00156266 -0.00217154 -0.00159781 -0.00155304 -0.00135956 -0.000844242 -0.00170912 -0.00155544 -0.00190256 -0.00167851 -0.00204853 -0.00191826 -0.00295599 -0.00241491 -0.00161221 -0.0023287 -0.00179075 -0.00192033 -0.00229807 -2.19248e-05 -0.00251991 -0.00129774 -0.00133995 -0.00138374 -0.00240538 -0.00240076 -0.00174298 -0.00267049 -0.00136957 -0.00171994 -0.00273903 -0.00217159 -0.00172681 -0.00208804 -0.00201212 -0.00224854 -0.00177886 -0.00190869 -0.00174554 -0.00226965 -0.002604 -0.00192547 -0.00276085 -0.00223594 -0.00316706 -0.0022424 -0.00161462 -0.00191117 -0.00124011 -0.00143645 -0.00188676 -0.00202992 -0.00198609 -0.00127444 -0.00190277 -0.0011885 -0.00101412 -0.00287778 -0.00227608 -0.00319213 -0.00173613 -0.00217561 -0.00202133 -0.00125158 
-0.00176023 -0.00101383 -0.00231568 -0.00102791 -0.00164098 -0.00135568 -0.00142523 -0.0024748 -0.00192814 -0.00196264 -0.00227284 -0.00192405 -0.00235501 -0.00233464 -0.00243458 -0.00194176 -0.00113789 0.00350871 0.00209684 0.00303463 0.00243744 0.00172468 0.148132 0.00321914 0.00314972 0.00260917 0.00263564 -0.00289261 -0.00271247 -0.00178557 -0.00250738 -0.00191434 -0.00337386 -0.0025216 -0.00242792 -0.00322534 -0.00223629 -0.00245097 -0.00132225 -0.00139156 -0.00212577 -0.00147253 -0.00127044 -0.00201395 -0.00169551 -0.00150879 -0.00128393 -0.0015031 -0.0017994 -0.00160715 -0.00113027 -0.00179231 -0.00166156 -0.00172657 -0.00226428 -0.00151019 -0.00209005 -0.00138867 -0.00200822 -0.00177584 -0.00179044 -0.00166717 -0.00205785 -0.00101634 -0.00249061 -0.00203868 -0.00151288 -0.00283474 -0.00224237 -0.00160126 -0.0022811 -0.00214885 -0.00171996 -0.00187616 -0.00174379 -0.00172099 -0.00255602 -0.00248708 -0.00187272 -0.00205183 -0.00223422 -0.00267544 -0.00245457 -0.0016473 -0.00171773 -0.00133217 -0.00164119 -0.00143912 -0.00117944 -0.00163342 -0.0022067 -0.00189567 -0.00170136 -0.00229811 -0.00256998 -0.00246403 -0.00165416 -0.00176354 -0.000802277 -0.00182971 
-0.00227031 -0.00196741 -0.00228102 -0.00163209 -0.00194791 -0.00205293 -0.00144678 -0.00236825 -0.00122423 -0.00127302 -0.00162265 -0.00205079 -0.00203132 -0.00175027 -0.0015431 -0.000392479 -0.00193319 -0.000904353 -0.000223257 0.0032201 0.00243904 0.00297717 0.00321914 0.141008 0.00304623 0.00212752 0.00250437 0.00234543 -0.000660798 -0.00175935 -0.00207783 -0.00149981 -0.00218342 -0.00161554 -0.00173359 -0.00217788 -0.00159949 -0.00251405 -0.00233818 -0.00237297 -0.00178568 -0.00180692 -0.00184425 -0.00192693 -0.00206487 -0.00156736 -0.00217526 -0.00266081 -0.00212313 -0.00155246 -0.00181359 -0.00130295 -0.00220492 -0.00169373 -0.00100977 -0.00224201 -0.00235999 -0.00176275 -0.00203161 -0.00124441 -0.00225275 -0.00222815 -0.00159676 -0.00109752 -0.00185499 -0.00224536 -0.00232701 -0.0010208 -0.00177307 -0.00167616 -0.00165323 -0.00207858 -0.00174802 -0.00147648 -0.00251593 -0.00155535 -0.00207764 -0.00192041 -0.00128574 -0.00115389 -0.00213552 -0.00146018 -0.0016421 -0.00182683 -0.00173218 -0.00209243 -0.00174565 -0.00126976 -0.00229851 -0.00205973 -0.00232744 -0.0019707 -0.00265473 -0.00213318 -0.00103815 -0.00176744 -0.00198377 -0.00127944 -0.00242108 -0.000888244 
-0.0024859 -0.00181543 -0.00155796 -0.00134532 -0.00230181 -0.00246642 -0.00277904 -0.00224479 -0.00213021 -0.0018831 -0.00260492 -0.00209499 -0.00239525 -0.00190822 -0.00238373 -0.00204576 -0.00192934 -0.00136732 -0.00105464 0.00248502 0.00295091 0.00295937 0.00314972 0.00304623 0.151294 0.00330033 0.00266273 0.00328888 0.00342021 0.00199521 -0.00146556 -0.00127846 -0.00214594 -0.002358 -0.00175758 -0.00135875 -0.00191411 -0.00213124 -0.00221733 -0.0020248 -0.0030622 -0.00158493 -0.00223101 -0.0021817 -0.00234584 -0.0030643 -0.00251851 -0.00257982 -0.00142122 -0.00219311 -0.00277955 -0.00220573 -0.00123036 -0.00268973 -0.00200784 -0.00136914 -0.00164591 -0.00225059 -0.00265616 -0.00192213 -0.0022609 -0.00163142 -0.00212058 -0.00228663 -0.00292666 -0.00194434 -0.00295932 -0.0027823 -0.00206981 -0.00196856 -0.00198212 -0.00188907 -0.00101739 -0.0014721 -0.00150012 -0.00154941 -0.00137516 -0.00113012 -0.00152802 -0.00176935 -0.00169849 -0.00202206 -0.00290721 -0.00209438 -0.00258512 -0.00284421 -0.00196391 -0.00209538 -0.00177749 -0.00155161 -0.00248865 -0.00160588 -0.00149703 -0.00227139 -0.00163781 -0.00177927 -0.00225083 -0.00155159 -0.00185691 -0.00252442 
-0.00124629 -0.00237671 -0.00219104 -0.00203176 -0.00160601 -0.00207017 -0.00197133 -0.00203669 -0.00279436 -0.00175016 -0.00213061 -0.00215631 -0.00208844 -0.0021459 -0.00334417 -0.00222151 -0.00118229 -0.001308 -0.00258209 -0.00223045 0.00292651 0.00285964 0.00260917 0.00212752 0.00330033 0.146725 0.00298339 0.00303983 0.00285615 0.00415851 0.00217323 -0.000699833 -0.0018884 -0.00138492 -0.0022698 -0.00133704 -0.00223577 -0.00209442 -0.00203421 -0.00256822 -0.00260838 -0.00191341 -0.00176903 -0.00224204 -0.00254735 -0.00220787 -0.00218255 -0.00180535 -0.00233483 -0.00235492 -0.00210847 -0.00301022 -0.00269204 -0.00293801 -0.00253929 -0.00114064 -0.00177417 -0.00154317 -0.00224227 -0.00114334 -0.00198618 -0.00122239 -0.00302415 -0.00235275 -0.00172749 -0.0012952 -0.00158842 -0.00199545 -0.00147258 -0.00241511 -0.00278031 -0.00253905 -0.00256873 -0.00207851 -0.00141378 -0.00153473 -0.00176731 -0.0017297 -0.00233861 -0.00106944 -0.00196549 -0.00190895 -0.00195242 -0.00199553 -0.00130745 -0.00161079 -0.00146733 -0.00118202 -0.00222423 -0.00096459 -0.00196774 -0.00117818 -0.00192789 -0.00236569 -0.00232367 -0.00176814 -0.00284382 -0.0015739 -0.00140309 -0.00185459 
-0.00186593 -0.00165181 -0.0015724 -0.00180431 -0.00224457 -0.00233482 -0.00219568 -0.00163543 -0.00226333 -0.00183487 -0.00238167 -0.00241235 -0.00141961 -0.0021561 -0.00257812 -0.00229624 -0.0024016 -0.0016832 -0.00274135 -0.00142126 -0.00136518 -0.00271195 0.00263564 0.00250437 0.00266273 0.00298339 0.140932 0.00299286 0.003434 0.0028365 0.00377649 0.00323258 -0.00095357 -0.00173653 -0.0012197 -0.00213036 -0.00184049 -0.00234819 -0.000796177 -0.00280022 -0.00194784 -0.00230429 -0.0022883 -0.00222034 -0.00206401 -0.00149203 -0.00129701 -0.00151809 -0.000564174 -0.00159054 -0.00123192 -0.00230916 -0.00253812 -0.00142712 -0.00172439 -0.00176394 -0.0019314 -0.00140218 -0.00149678 -0.00186941 -0.00136403 -0.00146852 -0.0021096 -0.00151833 -0.00225556 -0.00242334 -0.00204505 -0.0022425 -0.00235414 -0.00191766 -0.00175505 -0.00112807 -0.00158128 -0.00174148 -0.00187373 -0.00191578 -0.00159061 -0.00173268 -0.00164717 -0.00173067 -0.00108056 -0.00262207 -0.0025765 -0.00186999 -0.00208918 -0.00173787 -0.0014534 -0.00178032 -0.00112995 -0.00226774 -0.00248293 -0.00137958 -0.00144565 -0.00210824 -0.00199005 -0.00235452 -0.00230694 -0.00198367 -0.00156911 -0.00158895 
-0.00200318 -0.000680612 -0.000784382 -0.00113775 -0.00153516 -0.00228806 -0.00228202 -0.00140144 -0.00254774 -0.00153044 -0.00224864 -0.00187441 -0.00161636 -0.00183031 -0.00128073 -0.00206711 -0.00221505 -0.00206867 -0.00282072 -0.00157469 -0.00180873 -0.00313836 -0.00289261 0.00234543 0.00328888 0.00303983 0.00299286 0.143729 0.00331368 0.00307893 0.00207436 0.00274778 0.0033884 -0.00134005 -0.000751816 -0.00219435 -0.00170878 -0.00255362 -0.00220996 -0.00138226 -0.00145021 -0.00232171 -0.00116508 -0.00237619 -0.00213727 -0.00163008 -0.00179157 -0.00251691 -0.00190152 -0.0017761 -0.00314597 -0.00233513 -0.00178295 -0.00134136 -0.001482 -0.00223534 -0.0020335 -0.000869531 -0.00202854 -0.00167854 -0.00137181 -0.00142808 -0.00178972 -0.00217366 -0.00234355 -0.00148646 -0.00166577 -0.00161564 -0.00159085 -0.00183066 -0.00249214 -0.00231179 -0.00144485 -0.00211773 -0.00144082 -0.00255958 -0.000587677 -0.00223301 -0.00149004 -0.00148775 -0.00212285 -0.00215294 -0.00180186 -0.00217012 -0.00157128 -0.0022148 -0.00190916 -0.00244384 -0.00140857 -0.00190911 -0.00285114 -0.00204693 -0.00209399 -0.00237167 -0.0019357 -0.00180646 -0.00183252 -0.000956914 -0.00197089 -0.00319901 
-0.00158309 -0.00111415 -0.00162014 -0.00154545 -0.00173301 -0.00147523 -0.00179116 -0.00202433 -0.00174143 -0.0017243 -0.00229627 -0.00199765 -0.00214049 -0.00293812 -0.00286969 -0.00161105 -0.0023634 -0.00309531 -0.00228867 -0.00234222 -0.00112558 -0.00155795 -0.00271247 -0.000660798 0.00342021 0.00285615 0.003434 0.00331368 0.137447 0.00329396 0.00309982 0.00300488 0.00295157 0.00153065 -0.00173584 -0.00139204 -0.00237944 -0.00269891 -0.00192396 -0.00294424 -0.00206758 -0.00200571 -0.00164441 -0.00263059 -0.00235019 -0.00135988 -0.00195944 -0.00188822 -0.000970227 -0.00111209 -0.00136249 -0.00188373 -0.00180736 -0.00157911 -0.00198501 -0.00152214 -0.00266837 -0.00141182 -0.00183487 -0.00112864 -0.0012792 -0.000994187 -0.00196401 -0.00197515 -0.00135263 -0.00078943 -0.00210269 -0.00159523 -0.00190396 -0.00150318 -0.00134769 -0.00179551 -0.00116305 -0.000885332 -0.00117807 -0.00161202 -0.00214447 -0.00203535 -0.00201667 -0.00165215 -0.00147774 -0.00159349 -0.00167848 -0.00147602 -0.0032044 -0.00255527 -0.00216669 -0.00185981 -0.00206071 -0.00205226 -0.0024778 -0.00116098 -0.00186271 -0.00197284 -0.00192992 -0.000773195 -0.00208766 -0.00239866 -0.00218484 -0.00149044 
-0.00182998 -0.00165089 -0.00173984 -0.000538314 -0.0018204 -0.000837534 -0.00184146 -0.00210935 -0.0016599 -0.00187769 -0.00274158 -0.00194245 -0.00282397 -0.00165497 -0.00202922 -0.00195087 -0.0024044 -0.00250814 -0.00235979 -0.00145416 -0.00158771 -0.00066898 -0.00178557 -0.00175935 0.00199521 0.00415851 0.0028365 0.00307893 0.00329396 0.135999 0.0022598 0.00218814 0.00191734 0.00163502 -0.00131154 -0.00129988 -0.00243567 -0.00168668 -0.00123966 -0.00184416 -0.00149841 -0.00107421 -0.00182368 -0.00178054 -0.00147241 -0.00146696 -0.00196923 -0.00183985 -0.00239638 -0.00213838 -0.0018282 -0.00228536 -0.00140057 -0.00138546 -0.00197523 -0.00190421 -0.00113697 -0.00170283 -0.00196895 -0.00132105 -0.00250016 -0.00100937 -0.00128912 -0.00201021 -0.000932955 -0.00160804 -0.00241099 -0.0026939 -0.00196914 -0.0011881 -0.00194422 -0.00256559 -0.00224234 -0.0019668 -0.00152294 -0.00178008 -0.00172429 -0.00154585 -0.00210436 -0.00204589 -0.00130697 -0.00258854 -0.00208522 -0.00232956 -0.0025968 -0.00155574 -0.00227346 -0.00131439 -0.00172105 -0.0013919 -0.00150424 -0.00177185 -0.00149219 -0.00182903 -0.00109363 -0.00100478 -0.00170955 -0.00129211 -0.00186613 -0.00181838 
-0.00118405 -0.00232843 -0.00239782 -0.00122885 -0.00209982 -0.00214208 -0.00159531 -0.00158324 -0.000940672 -0.0015611 -0.00232413 -0.00269089 -0.00226178 -0.00140613 -0.00278236 -0.0027288 -0.00210694 -0.0024984 -0.00305851 -0.00119289 -0.00223007 -0.00113373 -0.00250738 -0.00207783 -0.00146556 0.00217323 0.00377649 0.00207436 0.00309982 0.0022598 0.131674 0.00244621 0.00247558 0.00202506 0.00229069 0.00244128 -0.00130422 -0.000928631 -0.000985801 -0.0019295 -0.000961489 -0.00143848 -0.00151099 -0.00163317 -0.00214211 -0.00127297 -0.000483088 -0.00166922 -0.00147366 -0.00203909 -0.00198432 -0.00190947 -0.00214556 -0.00173434 -0.00222554 -0.000907831 -0.0015312 -0.00176317 -0.00163951 -0.00239456 -0.00182486 -0.00153832 -0.00167761 -0.00198727 -0.00180112 -0.00111121 -0.00255145 -0.00235981 -0.00124518 -0.00180678 -0.00194701 -0.00183768 -0.00229445 -0.00175088 -0.00137126 -0.00141527 -0.00145264 -0.002424 -0.0012565 -0.00191258 -0.00135267 -0.00200096 -0.00221991 -0.00228155 -0.00134868 -0.00232892 -0.00231978 -0.00191918 -0.000841563 -0.00206486 -0.00118386 -0.00125029 -0.00132742 -0.00172388 -0.00113884 -0.00171393 -0.0013419 -0.00184642 -0.00148536 -0.00194599 
-0.000864534 -0.00142172 -0.000891269 -0.00167512 -0.00180998 -0.00235778 -0.0021708 -0.00140237 -0.00195655 -0.00183202 -0.00240284 -0.00277736 -0.00135118 -0.00297655 -0.00260499 -0.00158383 -0.00099898 -0.00256075 -0.0018959 -0.00142364 -0.00290205 -0.00179768 -0.00191434 -0.00149981 -0.00127846 -0.000699833 0.00323258 0.00274778 0.00300488 0.00218814 0.00244621 0.131472 0.0040817 0.00202798 0.00263694 0.00152764 0.00241415 -0.00183434 -0.000534179 -0.00137256 -0.00161613 -0.00220592 -0.0018322 -0.00285452 -0.00226115 -0.00228268 -0.00263228 -0.00167909 -0.00227832 -0.00201795 -0.00147685 -0.00230386 -0.00185846 -0.00187967 -0.00124321 -0.00222862 -0.00205404 -0.00197487 -0.00156542 -0.00144146 -0.00116376 -0.000948561 -0.00144188 -0.00180591 -0.00193664 -0.00175825 -0.0011948 -0.00250378 -0.00165825 -0.00233973 -0.00100092 -0.00189732 -0.00176384 -0.00112641 -0.0010277 -0.000859622 -0.00134797 -0.00185012 -0.00173979 -0.00133369 -0.00135786 -0.00249066 -0.00213588 -0.00103853 -0.00240823 -0.000922839 -0.00169586 -0.00204059 -0.00223336 -0.00324174 -0.00177249 -0.00219777 -0.00193656 -0.00205001 -0.00259643 -0.000923377 -0.000988058 -0.00153209 -0.0014594 -0.00158149 
-0.00202192 -0.00208753 -0.00167955 -0.00228453 -0.0017713 -0.00239235 -0.00230504 -0.00229774 -0.00148038 -0.00224074 -0.00239993 -0.00229199 -0.00148105 -0.0021975 -0.001723 -0.00223194 -0.00254405 -0.00235764 -0.00223063 -0.00243735 -0.00341909 -0.00319357 -0.00337386 -0.00218342 -0.00214594 -0.0018884 -0.00095357 0.0033884 0.00295157 0.00191734 0.00247558 0.0040817 0.135911 0.00333193 0.00229316 0.00196421 0.00351086 0.00273471 -0.00183265 -0.00194585 -0.00155378 -0.00153995 -0.00203702 -0.0017102 -0.00286271 -0.00160227 -0.00194151 -0.00141401 -0.0013593 -0.00119877 -0.00293927 -0.00169711 -0.000929252 -0.0019583 -0.00140188 -0.0010803 -0.0017185 -0.00185617 -0.00236818 -0.00124135 -0.000546089 -0.00136309 -0.00216852 -0.00190792 -0.00178546 -0.000647101 -0.00214242 -0.00237262 -0.00154258 -0.00159191 -0.00181048 -0.00204536 -0.000821441 -0.00130605 -0.00116967 -0.00118544 3.64347e-05 -0.00182393 -0.00249725 -0.00181985 -0.00156147 -0.00118429 -0.00236099 -0.00165717 -0.00175665 -0.00189468 -0.00235434 -0.00215838 -0.00215636 -0.00262685 -0.00244177 -0.00189813 -0.00225166 -0.00151576 -0.00192846 -0.00104901 -0.00164977 -0.0012393 -0.000998138 -0.00156393 
