0.221881 -0.00111845 -0.0123486 -0.0100528 -0.000404252 -0.0138564 -0.00691486 -0.00490911 0.00122923 0.00535953 0.000994514 0.0277133 0.0249206 -0.0465888 -0.00654899 -0.00927736 0.00561818 -0.00566803 0.0236723 -0.0401727 -0.0346043 0.00911452 0.00240856 0.00103285 -0.05526 -0.0400223 -0.01935 -0.00076223 -0.0300656 -0.0051491 0.00824088 0.0278369 -0.0193684 0.0135851 0.00051876 -0.00940361 -0.00163342 -0.00172132 -0.0400228 -0.00103568 -0.00385749 0.00553329 -0.0341548 0.0101885 0.00176153 -0.00139395 0.00720289 0.000284852 0.0515426 -0.0049414 -0.0006333 0.0242188 -0.0264389 3.54359e-05 0.0436122 -0.00942106 0.018064 -0.0111575 0.0124142 -0.0015369 0.0273215 -0.00597633 -0.00760093 0.0212583 -0.0194605 -0.000103885 -0.00825488 0.00231812 -0.0150274 0.0185089 -0.000758527 -0.00354124 -0.00047194 -0.0015978 -0.00278756 -0.00253168 0.00579764 0.000939099 -0.000712865 0.0475865 -0.0169314 -0.0077209 -0.00046406 0.000756221 -0.00225176 -0.0166807 -0.000589998 -0.00164918 -0.0132421 -0.00481073 0.00538094 -0.0214495 -0.00264528 -0.00452531 -0.00224119 0.00026167 -0.00127897 -0.0016163 -0.00107645 -0.00131955 
-0.00111845 0.00442113 -0.000414338 -0.000530567 5.45172e-05 -0.00137991 -3.38056e-05 -0.000144549 0.000132463 0.00066519 -3.11764e-05 -0.00154181 -0.00251473 -0.00177042 -0.00173473 0.000425171 0.000588003 0.00281192 -0.000813154 0.000376108 -0.000576827 -0.00197286 -0.00113952 -0.00247697 0.00240168 0.0017982 -0.000139343 -0.00189495 -0.000551585 -3.43585e-05 -0.000630855 -0.00112157 0.000731725 -0.00012668 -0.000118632 0.00215679 -0.000121239 0.000176054 -0.000724599 0.00024883 -4.66615e-05 0.000146704 -0.000822637 9.45184e-05 0.000102132 -1.63259e-06 4.39504e-05 -2.17515e-05 -0.00118678 0.000245824 3.5243e-06 -0.000338552 0.00259364 2.57999e-05 -3.02823e-05 0.000839086 -0.00138189 0.000444663 -0.000459168 3.89896e-06 -0.000383481 0.000263111 0.0024575 -0.00239736 0.000723831 -0.000121876 -0.000916269 -1.12239e-05 -0.000257477 -1.21778e-05 0.000126587 0.000601123 5.50674e-05 -9.28015e-05 7.12614e-05 0.000156295 0.00067317 -4.62457e-05 -0.000757642 -5.8831e-05 -0.000768423 0.000193298 0.000266367 5.44687e-05 -0.000845843 0.0023956 -4.22044e-05 2.50117e-05 0.00120039 0.000104168 -0.000109729 0.000454419 0.00256015 -6.3302e-05 0.000887107 -1.17584e-05 -2.15756e-05 -0.000165804 3.29089e-06 0.000227288 
-0.0123486 -0.000414338 0.167325 -0.00641643 5.50377e-05 -0.0119045 -0.00538263 -0.0143034 -0.000482431 -0.00405282 -0.00350751 0.0253525 -0.00304774 0.0136129 -0.0273088 -0.0122223 -0.00218551 -0.00117377 -0.0287484 -0.00894778 -0.0403219 -0.0279048 -0.016456 -0.00636022 -0.00667674 -0.0111498 0.00371738 0.0379389 0.0403977 0.00051642 -0.024992 0.00821655 0.0101018 -0.00304053 -0.00113995 -0.00389893 0.00669739 -0.00353944 0.0427267 -0.000480749 -0.00110357 0.00179397 -0.00931449 0.0104262 -0.000686019 -0.000314335 -0.00434642 -0.00374285 -0.00693334 0.00102448 -0.000599577 0.00282179 -0.00294214 -5.6062e-05 0.0208504 0.00261462 0.0264926 0.0258286 -0.0141644 0.000133761 -0.00727234 -0.00441735 -0.00505093 0.00756508 -0.0392614 0.00285815 -0.035174 -0.000546495 -0.0120864 0.000840932 0.00182674 -0.00311781 -4.54596e-05 -0.00596077 0.00321245 -0.000194168 -0.0130752 -0.00300439 -0.0112089 -0.0168589 0.00829916 -0.0027123 0.00524284 -0.000194704 -0.00434327 -0.000742352 -0.000401724 0.00145764 0.00141037 0.00383291 -0.00406707 0.024088 -0.00422829 -0.00293363 0.00036132 0.000541089 0.00223823 -0.001567 -0.000264729 -0.00107913 
-0.0100528 -0.000530567 -0.00641643 0.115473 -0.000278241 -0.0206263 -0.00266529 0.00480278 -0.00040728 -0.00246761 0.000581452 -0.0419288 -0.0360039 0.00748119 -0.0118296 0.00126092 -0.00604283 -0.00583937 -0.00825289 0.0387436 0.030168 0.00865751 0.000475381 0.0171878 0.0317738 0.0108539 -0.0124362 0.0131199 -0.0212883 0.0100938 -0.0148798 -0.0219829 0.00672315 -0.000196666 0.0119969 0.00324887 -0.000278054 0.00287801 -0.0301914 -0.000346871 -0.00181893 -0.0034415 0.0362429 -0.00255819 -0.000696773 -0.00051812 -0.00552358 0.00138383 0.00094661 0.00191162 -0.000263842 -0.00851522 0.0122093 3.80851e-05 -0.011849 -0.00293041 -0.00760004 0.00356678 -0.00969794 0.000415362 0.0141528 -0.000182257 -0.00201877 -0.0447952 0.0137983 -0.000561942 -0.00543482 -0.00105147 0.00461693 -0.00345692 -4.11267e-06 -0.00208719 -5.38179e-07 -0.00086114 -0.00105713 -0.000777071 -0.00383172 -0.00307265 0.0211574 -0.0160385 -0.00363161 -0.00296809 -0.00293451 -8.32903e-05 -0.0122563 0.0017144 7.92066e-05 0.000307698 -0.00142389 -0.00038977 0.00100328 -0.00736069 -0.00327865 -0.000257685 0.000687184 -0.000555374 0.000178953 0.00109608 -0.000485335 0.000185927 
-0.000404252 5.45172e-05 5.50377e-05 -0.000278241 0.00377087 0.000248495 1.49223e-05 -2.11362e-06 -1.05521e-05 -1.61181e-05 -5.54269e-05 0.000133889 0.000257923 -0.000168732 -0.000664797 0.000232123 0.000223702 0.000854316 -0.000640115 0.000753899 -0.000681213 -0.000517556 -0.000738897 -0.000518463 0.000252216 0.000106232 0.000697412 -0.00102805 0.000441073 -6.13844e-05 -0.000465929 -0.000553114 -3.77782e-05 1.61073e-05 9.97282e-06 8.39179e-05 0.000161333 5.58768e-06 0.000694374 1.3021e-05 5.81128e-05 7.37616e-05 -0.000583846 0.000391715 3.50074e-05 1.01261e-05 -9.57293e-05 2.73123e-05 -0.000370914 2.08698e-05 -1.73169e-05 -0.000160881 8.77202e-05 4.32993e-07 -0.000270876 6.58578e-05 -2.71068e-05 0.000306641 -0.000175814 -7.22855e-06 4.07918e-05 6.00686e-05 4.80948e-05 -0.000430525 -0.000409295 -6.59655e-05 -0.000382361 9.28026e-05 -1.13903e-05 -6.68747e-05 -2.6746e-05 4.70568e-05 6.90111e-06 -7.40455e-05 7.1584e-05 3.1098e-06 0.000800723 5.03907e-05 -0.000499221 -0.000522345 -0.000793986 -8.80697e-05 9.99855e-05 1.26858e-05 -0.000451718 -1.21457e-05 5.78891e-05 2.17456e-05 0.000449593 0.00024414 -0.000121201 9.39138e-05 9.65016e-06 3.28161e-05 4.28214e-05 -8.36422e-06 8.62583e-05 -7.66327e-05 1.9166e-05 4.26525e-05 
-0.0138564 -0.00137991 -0.0119045 -0.0206263 0.000248495 0.222113 -0.00511974 -0.0104887 -0.00211388 0.00173908 0.00193559 0.0817639 0.068829 -0.030414 0.0160402 -0.00715721 -0.0125729 -0.0101493 0.0149237 -0.00238358 -0.0508555 0.00338764 0.0435191 -0.00213419 -0.0642888 -0.0374354 0.0234256 -0.0290242 0.0313369 -0.00708067 -0.0141941 0.0290137 -0.0197548 -0.0070785 -0.00722244 -0.00880478 -0.00860478 -0.00425469 0.0610532 -0.00123503 0.000693943 -0.0106552 -0.0537439 -0.00546114 0.000111901 0.00160719 0.0176708 -0.00598102 -0.00748713 -0.00559605 -2.99401e-05 -0.00534273 -0.0285419 -0.000233109 0.00991398 -0.00772149 0.0505376 -0.0154636 0.0311724 -0.00186205 -0.0107136 -0.0154763 -0.0123757 0.0464308 -0.0418357 0.00609801 -0.00855218 -0.00144222 -0.0178429 -0.00617678 -0.00417141 -0.00398919 -0.000190306 -0.000214048 -0.00343174 0.00146775 0.0125413 -0.00623893 -0.0461132 0.0108437 -0.0501227 -0.000169859 -0.00854658 -0.00111458 0.0468577 -0.0180369 -0.000689476 -0.000658096 -0.00963921 0.00141216 -0.00433322 -0.0118134 -0.00902136 0.00386224 -0.00190544 0.000880985 -0.00441022 -0.00201759 -0.000220162 -0.00171471 
-0.00691486 -3.38056e-05 -0.00538263 -0.00266529 1.49223e-05 -0.00511974 0.0326103 0.000849367 -8.00001e-05 0.00049174 -0.000595988 -0.00722393 -0.0130551 0.00112535 0.00926056 0.00028151 -0.00205806 0.00488876 -0.00389329 -0.00278408 0.011163 0.000471902 -0.00810028 0.000894323 0.0028453 0.00552149 -0.00218324 -0.00662217 -0.00489112 -0.00020508 -0.00588829 -0.00612912 -0.00170118 0.00211442 -0.000830365 0.00090888 -0.000596219 0.000167461 -0.00688989 0.0003069 -8.00287e-05 0.00167211 0.00655877 0.00383274 0.000391758 -0.000136971 -0.00172833 0.00203699 -0.00374718 0.000702385 -3.06969e-05 -0.00107411 0.00189755 2.78543e-05 -0.00216007 0.00179392 -0.00685229 0.00192909 -0.00235931 -0.000206572 -0.00278282 0.00581083 0.00310135 -0.00661677 0.00458718 -0.00109472 0.0111154 -0.0001654 0.00114504 -0.00128628 0.000136622 0.000265284 -2.06214e-05 -3.76484e-05 9.36633e-05 -4.73325e-05 -0.00104682 -0.00124207 -0.00168957 0.00228371 0.0063883 0.0031796 -0.000552948 2.72384e-05 -0.00363045 -0.000549251 0.000210099 -0.000140726 0.00328186 0.000180665 -0.00103941 -0.00361611 7.09019e-05 0.00222595 -0.000136461 0.00012605 -5.55829e-06 -0.000966179 -6.63505e-05 -3.63465e-05 
-0.00490911 -0.000144549 -0.0143034 0.00480278 -2.11362e-06 -0.0104887 0.000849367 0.0712908 0.000590697 -0.000809651 -0.000485575 -0.0271121 -0.00405646 -0.00352693 0.0123275 0.00235884 0.0057129 -0.000956734 -0.00649294 0.00432054 -0.000944258 0.00170529 -0.00681396 0.00063764 0.00791847 0.00675614 -0.00656608 -0.0136744 -0.00761403 0.00121629 -0.00528648 -0.00330132 0.00480794 0.00415733 -0.00208304 0.00141915 0.00344122 -2.52643e-05 -0.0128146 0.000826376 0.00108673 0.00161746 -0.00550319 0.000356362 -0.000453425 -0.000178777 -0.00377589 7.6735e-05 0.0138977 -0.00091309 0.000327939 -0.00168368 -0.000326429 -1.20894e-05 -0.0116832 0.00127318 -0.00281137 -0.00321366 0.000501419 -0.000180414 -0.00146624 -0.00155967 -0.00184528 -0.00453491 0.0238925 0.000740291 0.00816807 -0.000220963 0.00829086 0.00193082 -0.000895241 0.00148154 -0.000256847 0.0015962 -0.000731962 0.000671743 0.000504141 -0.00102945 -0.00365538 -0.00816075 -0.0103696 -0.00155672 0.00369426 0.000147433 -0.0118696 -0.0025762 0.00302034 -0.000313741 0.000563941 -0.000935069 -0.00047314 0.00210591 0.00185693 0.000928382 0.000405174 -0.000485037 -0.000650795 0.00124484 1.89234e-05 0.00119421 
0.00122923 0.000132463 -0.000482431 -0.00040728 -1.05521e-05 -0.00211388 -8.00001e-05 0.000590697 0.00699418 0.000826721 0.000484951 -0.00341636 -0.00174755 -0.00135338 -0.00189686 -0.000261923 0.00282725 0.000168163 -5.2502e-06 -0.000341925 -4.73366e-05 -0.00148994 0.000285799 -0.000752611 -0.000428156 0.000388407 -0.000643854 -0.00164607 -0.000658551 0.000481801 -0.00029307 -0.000940561 0.000140247 0.000251283 -6.48571e-05 0.000610797 0.000245729 -7.82102e-06 -0.00209224 0.00060723 4.33445e-05 0.000110665 -0.000800778 -0.000284415 0.000291616 -3.37852e-05 3.87733e-05 0.000176943 -0.000447897 0.000430407 6.52275e-05 0.000955114 1.29491e-05 5.28283e-05 -0.000594857 0.000519275 -0.00172994 -0.000187733 3.17978e-05 5.20857e-05 -3.8654e-05 -0.000252755 0.000153558 -0.00258358 0.00105042 0.000681313 0.000754605 0.000111991 4.1246e-05 0.000900843 9.09504e-05 -1.04789e-05 9.15801e-05 0.000436697 3.49088e-05 0.00144603 0.000127451 -0.000133675 -0.000696381 -1.27769e-05 -0.00112183 -0.000141134 0.00056588 8.05011e-05 -0.000642274 0.000201785 0.000258897 0.000239015 0.000295866 -6.75213e-05 0.000513193 0.00118905 0.000427305 0.000530136 0.00027883 -3.94465e-05 0.000365099 0.000177892 0.000136757 0.000774592 
0.00535953 0.00066519 -0.00405282 -0.00246761 -1.61181e-05 0.00173908 0.00049174 -0.000809651 0.000826721 0.0272025 0.00204941 0.0016915 -0.00305872 -0.00899328 -0.00321224 -0.000932897 -0.000159192 0.00306528 -0.00167407 -0.00216172 -0.00440039 -0.0032892 0.000603535 -0.0017497 -0.0026993 -0.00159522 4.47978e-05 -0.00578133 -0.0013665 -0.000330232 0.000427691 9.26258e-05 -0.000594288 -0.000208966 -0.000421886 0.000484104 -0.000621312 -0.000390414 -0.00646371 0.00035498 0.00030873 -6.70644e-05 -0.00492135 -0.000672433 0.000401616 -9.67784e-05 0.00392619 -2.13194e-05 0.000522184 -9.27031e-05 0.000542294 -8.63375e-05 -0.000616925 1.02673e-05 -0.000623787 0.0020127 -0.00130474 -0.00012849 0.00369265 1.53599e-05 0.00207996 -0.000422453 0.00177092 -0.00139352 -0.00103372 -0.000448295 7.84692e-06 0.000396396 -0.00184992 -0.000298274 -0.000212655 0.000404684 0.000274449 0.00146901 -0.0003443 0.00124107 -0.000519262 0.000216162 -0.00129919 0.00682704 -0.00350157 -0.000342776 -0.000691513 0.000167693 0.00527102 -0.000277192 0.000277734 2.55876e-05 0.000760589 -0.000180459 0.00027289 -0.00260391 0.00105972 0.00158319 0.000226663 -0.000134621 -3.55813e-05 0.000229019 -2.9626e-05 0.000609173 
0.000994514 -3.11764e-05 -0.00350751 0.000581452 -5.54269e-05 0.00193559 -0.000595988 -0.000485575 0.000484951 0.00204941 0.0271266 -0.00428292 0.00163215 -0.00932546 -0.00294097 -0.0012552 0.000284218 -0.00107948 0.00346341 -0.00229177 -0.00311319 -0.00112902 -0.00500525 -0.00245744 -0.000698473 -0.000814605 0.00118174 -0.00951865 -0.00344219 -0.0006384 -0.00451016 0.00685909 0.000704991 -0.000840402 -0.000297908 -0.000169515 -0.000631124 0.000167942 -0.00212711 4.8735e-05 -0.000160458 -0.000479732 -0.00389452 -0.00167106 0.000370222 -0.000121874 0.00649204 2.52959e-05 -0.00121515 0.000789512 9.78416e-05 -0.00107014 0.000401612 9.46918e-05 0.000908954 0.00163314 0.00167409 0.000696293 0.00680257 -1.47594e-05 0.000535407 -0.000136845 0.000377646 0.000530043 0.00181314 -0.000669339 -0.0030738 0.000348361 -0.00135266 -0.00086978 -0.000170645 -9.86114e-05 -2.3203e-05 0.00119718 -9.49926e-05 0.000860952 0.00114919 0.000543523 -0.00166282 0.00480829 -0.00308068 -5.71362e-05 -0.000309507 0.000129555 0.00492501 0.000154015 0.000235888 -9.17925e-05 -0.00183803 -0.000202612 0.00200637 -0.00181766 -0.000228571 -0.000732573 0.000141722 -0.000140364 -0.000305746 -0.000675014 -3.91517e-05 0.000286833 
0.0277133 -0.00154181 0.0253525 -0.0419288 0.000133889 0.0817639 -0.00722393 -0.0271121 -0.00341636 0.0016915 -0.00428292 0.230813 0.0403177 -0.0190644 -0.0116666 -0.0179852 -0.0125001 -0.0158239 -0.0115572 -0.040323 -0.109238 0.00485128 0.027587 -0.00507166 -0.0644695 -0.0527597 0.0347825 0.0403878 0.0369144 -0.00847298 0.00238159 0.0264878 -0.0254363 0.00253766 -0.003355 -0.0178802 -0.00854307 -0.0025096 0.0835123 -0.00179261 -0.00354511 0.00020678 -0.0770542 0.00535415 0.000555834 0.00101549 0.00553845 -0.00896641 -0.0111582 -0.00223924 -0.00178048 -0.012189 -0.0469848 -0.000300946 0.0415942 -0.00454175 0.0651891 -0.00367223 0.0162398 -0.000950957 0.0212369 -0.00394766 -0.0118702 0.0782767 -0.0989288 -0.000675982 -0.0408521 -0.000118532 -0.0282257 0.00634846 -0.0030822 -0.00479896 0.000249332 -0.00975615 -0.00495099 -0.00288062 -0.00476287 -0.0030597 0.002674 0.0222173 -0.00199831 -0.00964617 0.00554198 -0.000161695 0.0461231 -0.0255753 -0.00388698 0.00120532 -0.00763877 -0.00198705 -0.0072721 -0.00409897 -0.0136607 -0.00231256 -0.00204814 0.000705566 -0.00188106 0.00312465 -0.00031786 -0.0028912 
0.0249206 -0.00251473 -0.00304774 -0.0360039 0.000257923 0.068829 -0.0130551 -0.00405646 -0.00174755 -0.00305872 0.00163215 0.0403177 0.231151 -0.0205055 0.0153639 -0.00684185 0.00311105 -0.023303 0.050025 -0.0297532 -0.0572593 0.00195052 0.046402 0.00782041 -0.0948614 -0.0646518 0.0148388 0.00560601 0.0180887 -0.0101328 0.00277914 0.080225 -0.0283878 -0.00231978 -0.0109819 -0.0161794 -0.00768376 -0.00657054 0.0208811 -0.00205095 -0.0010837 0.00270847 -0.0547657 -0.0121181 -0.00333891 -0.0012846 0.0122659 -0.00476305 0.0462156 -0.0097189 8.84878e-05 0.0142566 -0.0421384 -0.00014484 -0.00228057 -0.00991479 0.0508508 -0.0260563 0.0218718 -0.00383963 -0.0139023 -0.0354195 -0.0154833 0.0748345 -0.00731075 0.0106563 0.00877651 0.00118547 -0.0220379 -0.0110796 -0.00600795 -0.00487795 -0.00155932 0.000514326 -0.000247145 -0.000690709 0.00991811 0.0036796 -0.0547735 -0.01985 -0.0179787 -0.00663076 -0.00783412 -0.00198086 0.0410845 -0.0269206 0.0020385 -0.00124071 -0.0211983 -0.00365041 0.0116284 -0.0189011 -0.0149599 -0.00911112 -0.00293599 0.000902439 -0.00403352 0.0029362 -0.000665731 -0.00291658 
-0.0465888 -0.00177042 0.0136129 0.00748119 -0.000168732 -0.030414 0.00112535 -0.00352693 -0.00135338 -0.00899328 -0.00932546 -0.0190644 -0.0205055 0.199303 -0.0195569 -0.00222372 -0.0235935 -0.0113233 -0.0577598 0.0221433 0.0343518 0.00771304 0.0241093 0.0289789 0.0417598 0.0226363 0.00171115 0.0704277 0.0201118 -2.66509e-05 0.0421331 -0.0826908 0.012059 -0.0105864 0.00753225 -8.58917e-05 -0.00402667 -0.00345256 0.0289714 -0.00101975 -0.00184262 0.00336698 0.0512347 -0.0126354 -0.00341425 -0.000219782 -0.0394536 -0.00735376 -0.0841029 -0.00220759 -0.00233176 0.00688915 0.0119305 -0.000191933 -0.0328228 -0.0038508 -0.0795846 0.00838257 -0.0683544 0.00178501 3.35483e-05 -0.00139849 -0.00208358 -0.000340935 0.0147983 -0.0044112 0.00867218 -0.00362109 0.00614675 -0.00429273 0.000408518 -0.00367144 6.08783e-05 -0.0127508 0.00325496 -0.00330894 -0.0201588 0.00323806 0.0465109 -0.04696 0.0605486 0.000710223 0.0038661 -0.00127197 -0.0272295 0.00165102 -0.00464987 0.00118864 0.00383168 -0.000146792 -0.0115593 0.02091 -0.0050492 0.00115136 0.000699589 0.000126503 0.000694511 0.00263454 0.000408189 -0.00196757 
-0.00654899 -0.00173473 -0.0273088 -0.0118296 -0.000664797 0.0160402 0.00926056 0.0123275 -0.00189686 -0.00321224 -0.00294097 -0.0116666 0.0153639 -0.0195569 0.248454 0.0114937 -0.0243029 0.00373652 0.0558035 -0.0433003 0.0335143 0.00600982 -0.0215091 -0.00593565 -0.0147624 -0.00167069 -0.017445 -0.0476005 -0.0150344 -0.00616811 -0.0214881 0.0548235 -0.0136307 0.00312368 -0.0108415 -0.013105 0.00711993 0.00218653 0.00273197 -0.00120306 -0.00107814 -0.00877088 -0.0122571 0.0202569 0.00172351 -0.00141239 0.00862468 5.72385e-05 0.0191221 -0.00272317 -0.000969566 -0.00519108 -0.0108706 -4.56704e-05 0.0209913 -0.00877818 0.0448158 -0.00965474 0.0141848 -0.00121193 -0.0351182 -0.00023788 -0.0104698 -0.00685957 0.0351456 -0.00983924 0.0274883 -0.00265481 0.014153 -0.0243696 -0.00515664 -0.00167269 -0.001699 -0.00589979 -0.00704536 -0.00391021 -0.0057918 -0.00956914 -0.0393341 0.00805746 -0.0275578 0.00617805 -0.0103882 -0.0019463 0.0255846 -0.018019 0.00208292 -0.00357391 -0.0175016 0.000205875 -0.00343913 -0.0414331 -0.00708155 -0.0018889 -0.00253787 0.000692026 -0.00618075 -0.00901979 -0.00058816 -0.00224906 
-0.00927736 0.000425171 -0.0122223 0.00126092 0.000232123 -0.00715721 0.00028151 0.00235884 -0.000261923 -0.000932897 -0.0012552 -0.0179852 -0.00684185 -0.00222372 0.0114937 0.0645702 0.00102898 0.00533251 -0.00446176 -0.000159912 0.0044728 -0.0045312 -0.00631105 -0.00654308 0.0151264 0.0153256 -0.00521057 -0.0138744 -0.000726875 -0.00187109 -0.00208985 -0.00905902 -0.0016227 0.0011061 -1.78773e-05 0.00226813 -0.000760292 0.00378291 -0.00227755 -7.18866e-05 -0.00104095 0.000109579 0.00117125 -0.000147169 0.000535199 -0.000182978 -0.00124786 0.00316658 -0.00623657 0.00176924 -0.000132219 0.000628807 0.011811 3.78344e-05 -0.00671338 0.00125478 -0.0101585 -0.00460573 -0.00632673 0.000107788 -0.00329277 0.00104114 0.00406722 -0.00820406 0.0171535 0.00049452 -0.000802054 0.000288174 0.00770607 -0.00271743 -0.000352405 0.00983804 -2.40116e-05 -0.00183338 1.70392e-05 -0.000429143 0.00545732 -0.00208281 -0.00688914 -0.00711302 -0.00168657 0.00124598 -0.00194678 9.27919e-05 -0.0116061 0.00371897 -0.000245586 -0.00011307 0.00739626 -0.000701257 -0.000983199 -0.00377497 0.00311527 -0.000799148 0.000142125 -0.000115435 -0.000812857 -0.00142883 0.000715178 0.000345228 
0.00561818 0.000588003 -0.00218551 -0.00604283 0.000223702 -0.0125729 -0.00205806 0.0057129 0.00282725 -0.000159192 0.000284218 -0.0125001 0.00311105 -0.0235935 -0.0243029 0.00102898 0.117814 0.00723419 0.00222794 -0.00168297 -0.00526423 3.93588e-05 -0.0125218 -0.00373775 -0.00879983 0.00387608 -0.00599145 -0.0364978 -0.00143606 0.00150591 -0.019365 0.00216957 0.00769452 0.00136047 -0.00213521 0.00520601 0.00315681 -0.00230616 -0.0126493 0.00208656 0.000148521 -0.000428752 -0.0190603 -0.00103587 0.000613879 -0.000615939 -0.00505564 0.0016094 0.0335283 -0.00163779 0.000440941 -0.00120906 0.00373579 5.67806e-05 0.00898165 0.00933804 0.0151466 -0.00513949 6.03884e-05 0.000148843 0.00943219 -0.00584919 -0.00138892 -0.00436979 0.00369918 0.00352346 -0.00111715 2.77691e-05 -0.00467444 0.00703976 -0.000719973 0.000508474 0.00013069 0.00170269 -0.000630585 0.00148099 0.00396818 -0.00281055 -0.0278025 -0.00255186 -0.021003 -0.00247305 -0.00105842 0.000594944 -0.00788067 0.00333014 -0.000925627 0.000142029 0.00394968 -0.000943153 0.00427081 0.0159059 0.00608195 0.000868097 0.000778308 -0.000724051 0.00135316 -0.00142182 0.000301884 0.00166501 
-0.00566803 0.00281192 -0.00117377 -0.00583937 0.000854316 -0.0101493 0.00488876 -0.000956734 0.000168163 0.00306528 -0.00107948 -0.0158239 -0.023303 -0.0113233 0.00373652 0.00533251 0.00723419 0.0605189 0.0032363 0.0107155 -0.00205125 -0.00858001 -0.0169102 -0.0287684 0.016669 0.0150062 -0.00154738 -0.0308193 -0.00405928 -0.000985222 -0.00571759 -0.00289038 0.00727531 0.000209636 -0.00176269 0.00894868 0.00250255 0.00133175 -0.00200944 0.00101826 -0.000673719 -0.0013624 -0.00649921 0.014858 0.00171894 -6.59294e-05 0.00477404 0.000960045 -0.00615549 0.000552519 0.000717388 -0.00389059 0.0147876 5.64782e-05 0.0051612 0.00437425 -0.00615312 0.00984866 -0.0041679 0.000556768 -0.00495068 0.00233235 0.00953429 -0.0273343 0.00662932 -0.000940578 -0.00557476 0.000203802 -0.00208548 -0.00269296 0.00032179 0.00502751 -8.0931e-05 -0.0011433 -0.00017764 -0.000362112 0.0102493 -0.00069916 -0.0119193 0.00212182 -0.0122575 0.00224708 -0.000260407 0.000352157 -0.0103902 0.012895 -0.000131161 -0.000469933 0.00353183 0.000578743 -0.00166496 0.00677271 0.014001 0.00279717 0.00176419 -0.000137325 -0.000553424 -0.00259741 0.000620118 0.000939984 
0.0236723 -0.000813154 -0.0287484 -0.00825289 -0.000640115 0.0149237 -0.00389329 -0.00649294 -5.2502e-06 -0.00167407 0.00346341 -0.0115572 0.050025 -0.0577598 0.0558035 -0.00446176 0.00222794 0.0032363 0.19499 -0.0258309 0.0100157 0.000751194 -0.00390335 -0.00700003 -0.0462898 -0.0280943 -0.0120244 -0.0575909 -0.0395368 -0.00233653 -0.0216935 0.0831309 -0.0140728 -0.00207238 -0.00564175 -0.0075171 -0.00175733 -0.0022188 -0.0451582 -0.00102172 0.000116524 -0.00863406 -0.0316508 0.00199346 -0.000105384 0.000796102 0.0313557 0.00199003 0.0468234 -0.00122498 -3.16735e-05 -0.00923566 -0.0163052 -6.37608e-05 0.0328348 -0.00549657 0.0514515 -0.0180376 0.0381569 -0.00133328 -0.0153255 -0.0105141 -0.0078698 -0.00440741 0.0147135 0.00236709 0.0123184 -0.00101219 -0.00535607 -0.0129316 -0.00354981 -0.00371218 -0.00101168 0.00535915 -0.00344638 -0.00042611 0.0132339 0.00274066 -0.0412181 0.0133387 -0.0301847 -0.00177463 -0.00681386 -0.00148444 0.031761 -0.00916227 0.00228909 -0.0015139 -0.0140332 -0.000247069 0.0156138 -0.0247697 -0.0037887 -0.00369425 -0.00187848 0.0010111 -0.00393105 -0.00634688 -0.000742168 -0.00118021 
-0.0401727 0.000376108 -0.00894778 0.0387436 0.000753899 -0.00238358 -0.00278408 0.00432054 -0.000341925 -0.00216172 -0.00229177 -0.040323 -0.0297532 0.0221433 -0.0433003 -0.000159912 -0.00168297 0.0107155 -0.0258309 0.173819 0.0218531 0.0115513 0.0174596 0.00103213 0.0399281 0.0159732 0.00440872 -0.0157289 -0.000445906 0.00961687 0.0191791 -0.0518036 0.0144329 -0.00435551 0.00503159 0.0145787 -0.00201599 -0.0024723 -0.0118936 0.000570012 -0.00147109 -0.00396112 0.0349744 -0.0107631 -0.00153665 -0.000507091 -0.0104303 -0.000531075 -0.0192784 0.00014589 0.000584828 -0.00476584 0.0232033 -0.000120817 -0.0365771 -0.00174166 -0.0316154 0.00111698 -0.0208188 0.000428132 -0.00064411 -0.00065497 0.00538894 -0.0379199 0.00652638 -0.000504487 0.00466854 -0.00135817 0.000774853 -0.00591804 -2.93236e-05 -0.00134338 0.000265843 -0.00264799 0.00084326 0.000320548 0.016121 -0.0061873 0.00592201 -0.0251334 -0.0154309 -0.0047701 -0.000914481 -0.000616414 -0.0335024 0.0098334 -0.00166525 0.000891204 -0.00124782 0.00190457 -0.00610046 0.0362294 0.00768538 0.00207049 0.000992394 -0.00130387 -0.00114799 -0.00526521 6.27479e-05 -0.00016763 
-0.0346043 -0.000576827 -0.0403219 0.030168 -0.000681213 -0.0508555 0.011163 -0.000944258 -4.73366e-05 -0.00440039 -0.00311319 -0.109238 -0.0572593 0.0343518 0.0335143 0.0044728 -0.00526423 -0.00205125 0.0100157 0.0218531 0.246046 0.0111678 -0.00834278 0.0492997 0.0321267 0.0426085 -0.0434039 -0.0287524 -0.0481362 0.00224257 -0.00512698 -0.0397599 0.00723328 -0.00573539 0.00652377 0.00741493 -0.00091712 -0.00266785 -0.0773903 -0.000108419 0.00281806 -0.00364811 0.0994072 -0.00227039 -0.00111438 -0.00188004 -0.018641 0.00786097 0.013536 0.00113135 0.000671845 -0.00227361 0.0238775 0.000190364 -0.0402029 -0.00384852 -0.0560297 -0.00381017 -0.0198496 -0.00105856 -0.0233519 0.010843 0.0021052 -0.0637619 0.0393522 -0.00688573 0.0996617 -0.00234184 0.0250052 -0.0188978 0.00117421 -0.00563306 -0.000406615 0.00484285 0.00258109 -0.00252472 -0.000571517 -0.00765867 -0.0299862 -0.00460962 0.0457913 0.0139411 -0.0110506 -0.00149959 -0.0419436 0.0084264 -0.000809439 -0.00141494 0.0205589 0.000973379 -0.0060504 -0.0229303 -0.000201521 0.00967461 -0.00133642 -0.00152442 0.0021763 -0.00660302 -0.000986658 0.000504397 
0.00911452 -0.00197286 -0.0279048 0.00865751 -0.000517556 0.00338764 0.000471902 0.00170529 -0.00148994 -0.0032892 -0.00112902 0.00485128 0.00195052 0.00771304 0.00600982 -0.0045312 3.93588e-05 -0.00858001 0.000751194 0.0115513 0.0111678 0.0991774 0.0133648 0.0127755 -0.00837802 -0.0139279 -0.00808436 -0.00163853 -0.00106305 0.00153696 0.00909412 -0.00874228 -0.0095076 0.00190032 -0.000360523 -0.00411714 -0.00335087 -0.000258317 -0.00812511 -0.000910616 -0.00179883 -0.00921045 0.0102411 -0.00496971 -0.00159468 -0.000801477 -0.00944465 -0.000684493 0.0123166 -0.00327823 -0.000252031 -0.00743731 -0.00777815 -0.000101999 -0.0173659 -0.00417145 -0.00748277 -0.00559812 -0.00404505 -6.99758e-05 0.00339462 -9.27387e-05 -0.00162275 0.0132988 0.00532655 -0.00409454 0.0157069 -0.00371755 -0.000448242 0.000435863 -0.00243014 -0.00618262 -0.00114907 -0.00230497 -0.000289201 -0.00180356 0.00246719 -0.000867204 0.0219988 0.00713871 -0.0103631 -0.00297692 -0.00342602 -0.00195423 -0.00352507 -0.00378689 -0.00201467 -0.00249187 -0.0125258 -0.00246901 -0.00343556 -0.00281475 -0.00469774 -0.00172683 -0.00218462 -0.0010832 -8.82597e-05 -0.0045397 -0.000474058 -0.00200043 
0.00240856 -0.00113952 -0.016456 0.000475381 -0.000738897 0.0435191 -0.00810028 -0.00681396 0.000285799 0.000603535 -0.00500525 0.027587 0.046402 0.0241093 -0.0215091 -0.00631105 -0.0125218 -0.0169102 -0.00390335 0.0174596 -0.00834278 0.0133648 0.231903 0.0246659 -0.0604695 -0.0455312 -0.00657862 0.0112914 -0.00850914 0.00324915 0.0729249 -0.0549228 -0.0192818 -0.000878277 0.00446183 -0.00941378 -0.00813003 -0.00387408 0.00277749 -0.000746606 0.00500365 -0.00705899 0.0155342 -0.0104384 -0.00177384 0.00203676 0.00242218 -0.00702845 -0.013827 -0.00505992 0.000140083 0.00941237 -0.0317133 -0.000208665 -0.0501843 -0.0112187 -0.0156529 -0.0262307 0.00756268 -0.00196551 0.00260744 -0.0170518 -0.00642114 0.0107018 -0.00835285 0.0112602 0.0422793 -0.001824 -0.0126079 0.00180506 -0.0037568 -0.00133471 0.000746206 -0.00166967 -0.00270004 0.00329548 -0.0136535 0.00460792 -0.0271165 0.00254115 0.0028212 -0.00670262 -0.000737119 -0.00106118 -0.00412757 -0.0223787 -9.68253e-05 -0.000229833 -0.00461386 -0.00184366 -0.00528863 -0.00210534 -0.00976717 0.00873218 -0.0014557 0.00182578 0.0016701 0.00140686 0.000598665 -0.00115458 
0.00103285 -0.00247697 -0.00636022 0.0171878 -0.000518463 -0.00213419 0.000894323 0.00063764 -0.000752611 -0.0017497 -0.00245744 -0.00507166 0.00782041 0.0289789 -0.00593565 -0.00654308 -0.00373775 -0.0287684 -0.00700003 0.00103213 0.0492997 0.0127755 0.0246659 0.162714 -0.0135905 -0.0121018 -0.0184173 0.0393713 -0.0422035 0.00309726 0.00369842 -0.0278911 -0.0185847 0.00168308 0.00498358 -0.00645079 -0.000273866 -0.00532188 -0.0330963 -0.000740607 -0.000450956 0.00446979 0.0374268 -0.012025 -0.00419979 -0.00070937 -0.0160395 0.00082025 0.00764749 -0.00188659 -0.00086841 -0.000273932 -0.0110563 -9.24285e-05 -0.0234807 -0.0078346 -0.031182 -0.0115486 -0.00473859 -0.00240758 0.010275 -0.00730367 -0.00285267 0.0116104 -0.00164201 0.000234017 0.0278905 -0.000591871 0.0108347 0.00146021 0.000180218 -0.00882991 0.000472063 0.00124262 0.000431002 0.00013402 -0.00665043 -0.00221816 -0.00724421 -0.00490604 0.0170656 -0.00145988 -0.00127294 -0.000385011 -0.00479316 -0.0182209 -0.0019663 5.80906e-06 0.00457894 -0.00423769 -0.000541514 -0.0226482 -0.0131587 0.0032975 -0.00305521 -0.000760756 0.00112748 -0.00205121 -0.00223585 -0.00107819 
-0.05526 0.00240168 -0.00667674 0.0317738 0.000252216 -0.0642888 0.0028453 0.00791847 -0.000428156 -0.0026993 -0.000698473 -0.0644695 -0.0948614 0.0417598 -0.0147624 0.0151264 -0.00879983 0.016669 -0.0462898 0.0399281 0.0321267 -0.00837802 -0.0604695 -0.0135905 0.180671 0.0746191 -0.00262564 0.0205045 -0.015648 0.00482267 -0.0136712 -0.0590159 0.0319419 -0.00428653 0.00502206 0.0194116 0.00448218 0.00600048 -0.0179931 0.00120854 -0.00383463 0.00177446 0.0458954 -0.00777086 -0.000823552 -0.000927533 -0.0143422 0.00119083 -0.0523704 0.0053281 -0.000427144 -0.00892939 0.0571044 3.96122e-06 -0.0179688 0.00903595 -0.0559437 0.0218772 -0.0300314 0.00345307 0.00520672 0.0172765 0.0156867 -0.0521192 0.0355885 -0.00719013 -0.0364403 -0.000989616 0.0246551 -0.00700408 0.0021464 0.00798249 -0.000111606 -0.00549333 0.00106314 -0.00138082 -0.00427593 -0.00625307 0.0610957 -0.0284145 0.0112056 0.00473942 -0.000706064 0.00114464 -0.0380735 0.03267 -0.00216976 0.00113318 0.00759726 0.00214589 -0.00643447 0.0179019 0.00980128 -0.00421305 0.00336946 -0.00131398 -0.00177867 0.00332426 3.05955e-05 0.00173093 
-0.0400223 0.0017982 -0.0111498 0.0108539 0.000106232 -0.0374354 0.00552149 0.00675614 0.000388407 -0.00159522 -0.000814605 -0.0527597 -0.0646518 0.0226363 -0.00167069 0.0153256 0.00387608 0.0150062 -0.0280943 0.0159732 0.0426085 -0.0139279 -0.0455312 -0.0121018 0.0746191 0.115943 -0.0093239 -0.0113649 -0.0109355 0.000320259 -0.0177503 -0.0382116 0.0251156 -0.003205 -0.000490647 0.0195207 -0.00171944 0.00487954 -0.0178113 0.00173656 -0.00105899 0.00263484 0.0347545 -0.00368945 0.000725414 -0.000768382 -0.00791224 0.00422633 -0.0343389 0.0011914 -0.000568882 -0.00643694 0.0424012 9.87848e-05 -0.00381739 0.0122059 -0.0364134 0.00837819 -0.017831 0.00290859 -0.00910539 0.0121931 0.0135986 -0.0485013 0.0300479 -0.00396467 -0.00963056 -0.00107117 0.0209011 -0.00691645 0.00196813 0.00684353 3.19596e-05 -0.00181458 0.00127674 -0.000456972 -0.00180963 -0.00394956 0.0088994 -0.0179404 0.00787626 0.00566051 -0.00238273 0.00129744 -0.0277053 0.0262154 -0.00096897 -0.000927962 0.0193144 0.00197248 -0.00414044 0.00815501 0.0122677 -0.00270002 0.00330068 -0.000785587 0.00133896 -0.000837191 0.000345245 0.00299776 
-0.01935 -0.000139343 0.00371738 -0.0124362 0.000697412 0.0234256 -0.00218324 -0.00656608 -0.000643854 4.47978e-05 0.00118174 0.0347825 0.0148388 0.00171115 -0.017445 -0.00521057 -0.00599145 -0.00154738 -0.0120244 0.00440872 -0.0434039 -0.00808436 -0.00657862 -0.0184173 -0.00262564 -0.0093239 0.116339 0.00811826 0.028104 -0.0030371 0.00526752 0.00258504 -0.00571081 -0.000790183 -0.00223498 -0.00348054 -0.000915133 0.00100821 0.031397 -2.66415e-05 -0.0014504 -0.000675113 -0.023097 -0.00623252 0.000658906 -7.68418e-05 -0.00486809 -0.00202767 -0.00712835 0.00174527 -0.000784806 -0.00228936 -0.0114368 -3.27174e-05 -0.00515399 0.00188066 0.00035783 -0.00622952 0.000895471 0.00038307 -0.00363561 0.000276306 -0.00317174 0.0254925 -0.0214671 0.000214186 -0.0217946 0.00189488 -0.00701281 -0.00147389 0.000148484 0.000623175 2.66546e-05 -0.00189769 -0.0011671 -0.00012235 0.00784641 0.00330173 0.0162039 -0.00797313 -0.0110183 -0.00199097 -0.00252427 0.000862763 0.0169509 -0.00640361 -0.000907921 0.000877929 0.000499245 -0.00150006 -0.00396419 0.00284203 -0.0029011 -0.00247572 -0.000349953 -0.000620451 -0.00117159 0.00333645 0.000582373 -0.000334187 
-0.00076223 -0.00189495 0.0379389 0.0131199 -0.00102805 -0.0290242 -0.00662217 -0.0136744 -0.00164607 -0.00578133 -0.00951865 0.0403878 0.00560601 0.0704277 -0.0476005 -0.0138744 -0.0364978 -0.0308193 -0.0575909 -0.0157289 -0.0287524 -0.00163853 0.0112914 0.0393713 0.0205045 -0.0113649 0.00811826 0.240621 0.0235453 0.00486311 0.0307793 -0.034127 -0.0116182 -0.00350649 0.00923861 -0.0101916 0.00247593 -0.000220702 0.0200433 -0.00195037 -0.0037686 0.0118357 0.0251222 -0.0138031 -0.00525035 0.000724537 -0.0312574 -0.00835038 -0.051896 -0.000299436 -0.00285832 0.0103477 -0.0171386 -0.000217841 -0.0210525 -0.00597168 -0.0389502 -0.00794761 -0.051432 -0.000453824 0.0249698 -0.000208982 -0.00175193 0.0348908 -0.0276771 -0.00110545 -0.0484959 -0.000657629 -0.00369093 0.0113446 0.00244676 -0.00288657 0.000935147 -0.00955539 0.00228528 -0.00405076 -0.0292214 0.00768621 0.0865548 -0.0540598 0.076271 -0.00685504 0.00765369 4.08222e-05 -0.00320097 -0.0217674 -0.00324328 0.00219252 0.00316847 -0.00703509 -0.00796304 -0.00315287 -0.0165509 -0.00733746 -0.000831827 0.00112125 0.00182194 0.0102312 -0.00107324 -0.00152232 
-0.0300656 -0.000551585 0.0403977 -0.0212883 0.000441073 0.0313369 -0.00489112 -0.00761403 -0.000658551 -0.0013665 -0.00344219 0.0369144 0.0180887 0.0201118 -0.0150344 -0.000726875 -0.00143606 -0.00405928 -0.0395368 -0.000445906 -0.0481362 -0.00106305 -0.00850914 -0.0422035 -0.015648 -0.0109355 0.028104 0.0235453 0.156016 -0.00470626 -0.00215829 -0.00288866 0.00470876 -0.00503854 -0.00563123 -0.00542548 0.000379329 0.000535716 0.0716387 -0.000662889 0.000383578 -0.00200517 -0.0326787 -0.00381733 0.000206152 0.000322087 -0.00919527 -0.00382591 -0.0293243 0.00069736 0.000477809 0.00803733 -0.0140582 -7.24729e-05 -0.0170693 0.00580804 0.0152149 -0.0017084 -0.0188256 0.00151006 -0.008788 -0.00179384 -0.00755677 0.0335201 -0.0324475 0.00260073 -0.028541 1.94959e-05 -0.0131876 0.00384886 0.000927628 -0.000701049 -0.000372006 -0.00392785 0.00101696 -0.00165528 -0.000521927 -0.00363576 0.0203074 -0.0192926 0.00433298 -0.00393483 -0.00102327 -0.000270121 0.0145487 -0.00560721 -0.0012227 0.000168941 -0.00498886 -0.000325335 -0.00809802 0.0184103 -0.0041199 -0.0033544 -0.000401935 -0.000587867 0.00171537 0.00627506 0.00148294 -0.000990736 
-0.0051491 -3.43585e-05 0.00051642 0.0100938 -6.13844e-05 -0.00708067 -0.00020508 0.00121629 0.000481801 -0.000330232 -0.0006384 -0.00847298 -0.0101328 -2.66509e-05 -0.00616811 -0.00187109 0.00150591 -0.000985222 -0.00233653 0.00961687 0.00224257 0.00153696 0.00324915 0.00309726 0.00482267 0.000320259 -0.0030371 0.00486311 -0.00470626 0.0322587 0.000516909 -0.00845386 -0.00011684 -0.000585495 0.000948671 0.000763748 0.000481723 0.00127633 -0.00479362 0.000173815 0.000333318 -0.000503068 0.00927456 0.00111117 -0.000186972 0.000132536 -0.00115949 -0.000395135 -0.00360509 0.00121849 -0.000149899 4.81083e-05 0.00069512 -1.41891e-05 -0.00403314 -0.000762076 -0.00286568 0.00071526 -0.00145988 -0.000175333 0.00269576 0.00124773 0.000136274 -0.0116506 -0.00255055 0.00051357 -0.000607145 -7.78753e-05 -0.00081636 0.0011103 1.83972e-06 -0.00043156 0.000156469 0.000946028 -0.000300121 0.00144789 -0.00133111 8.84856e-05 0.00392481 -0.00428129 0.000284401 -0.000919233 0.00106869 0.00024058 -0.00692874 8.0439e-05 0.000424235 0.000835931 -0.00122126 0.000153759 -0.000666692 0.00199416 -0.000272993 0.000361893 0.00011445 -0.000120992 0.000814596 0.000166232 -2.29433e-05 0.000375125 
0.00824088 -0.000630855 -0.024992 -0.0148798 -0.000465929 -0.0141941 -0.00588829 -0.00528648 -0.00029307 0.000427691 -0.00451016 0.00238159 0.00277914 0.0421331 -0.0214881 -0.00208985 -0.019365 -0.00571759 -0.0216935 0.0191791 -0.00512698 0.00909412 0.0729249 0.00369842 -0.0136712 -0.0177503 0.00526752 0.0307793 -0.00215829 0.000516909 0.193881 -0.0591834 -0.00742287 -0.0027918 0.00222971 -0.00504729 -0.00231928 -0.00338706 -0.0179524 -0.000576219 -0.00110949 -0.00303884 0.037699 -0.0162833 -0.00174189 0.00108523 -0.0150772 -0.00525556 -0.0378391 0.00122413 -0.000359252 0.0172568 -0.0155667 -9.28069e-05 -0.0351076 -0.00631722 -0.0684888 -0.0218914 -0.0260567 -0.000842979 -0.00554687 0.00111664 -0.00573817 0.0199489 0.0105276 0.00291991 0.00597071 -0.000128161 -0.00236251 0.00633432 0.000208534 0.00172767 0.00038814 -0.00553744 -0.00304766 -0.00152235 0.00169305 0.00929126 0.0433895 -0.00413535 0.0440905 -0.0051367 0.00645589 -0.00048881 -0.0321031 -0.0116511 -0.00236199 -7.52401e-05 0.0015495 -0.00374877 -0.00806668 0.0147181 -0.00148933 0.00807836 -0.000938277 -0.000337208 -2.4236e-05 -0.000980159 0.00146807 -0.00130422 
0.0278369 -0.00112157 0.00821655 -0.0219829 -0.000553114 0.0290137 -0.00612912 -0.00330132 -0.000940561 9.26258e-05 0.00685909 0.0264878 0.080225 -0.0826908 0.0548235 -0.00905902 0.00216957 -0.00289038 0.0831309 -0.0518036 -0.0397599 -0.00874228 -0.0549228 -0.0278911 -0.0590159 -0.0382116 0.00258504 -0.034127 -0.00288866 -0.00845386 -0.0591834 0.234763 -0.0151867 -0.000836394 -0.0100754 -0.00961315 -0.00200493 -0.00277381 -0.0103911 -0.00132577 0.000985617 -0.0114181 -0.0754021 0.0124769 0.000770706 -0.000407661 0.0324071 0.00195486 0.0710704 -0.00458969 0.000508551 -0.0149469 -0.0192226 -7.53218e-05 0.0553171 -0.000634964 0.106336 -0.00276041 0.0428408 -0.00253541 -0.0185723 -0.0179546 -0.0116272 0.0288908 -0.00296602 -0.001379 -0.0101357 0.00148933 -0.0167476 -0.00872494 -0.00271683 -0.00707141 -0.00128821 0.00745144 -0.00524298 -0.00126771 0.00966723 -0.00266595 -0.053311 0.0124462 -0.050063 -0.00519949 -0.00635806 -0.00202517 0.0616003 -0.00621702 0.0037628 -0.00257631 -0.0245751 -0.00276384 0.017633 -0.0317832 -0.00497101 -0.0101007 -0.0024795 -0.000122131 -0.00322512 -0.00901607 -0.00104989 -0.00174639 
-0.0193684 0.000731725 0.0101018 0.00672315 -3.77782e-05 -0.0197548 -0.00170118 0.00480794 0.000140247 -0.000594288 0.000704991 -0.0254363 -0.0283878 0.012059 -0.0136307 -0.0016227 0.00769452 0.00727531 -0.0140728 0.0144329 0.00723328 -0.0095076 -0.0192818 -0.0185847 0.0319419 0.0251156 -0.00571081 -0.0116182 0.00470876 -0.00011684 -0.00742287 -0.0151867 0.0656043 -0.00204774 -7.66795e-05 0.0111768 0.0033723 0.00111133 -0.00158057 0.000849294 0.000112163 -0.00254095 0.00539242 -0.00440633 -0.000499953 -0.000315578 -0.00402914 -0.000665031 -0.00912152 0.000416158 0.000437638 -0.00289858 0.0269225 -3.73548e-06 0.000285561 0.00740743 -0.00606866 0.0147233 -0.00857807 0.00165748 -0.00336159 0.000634196 -0.00163217 -0.0174728 0.00622693 -0.00109433 -0.0136068 -0.000539461 0.00214348 -0.000295658 -2.62249e-05 0.00142805 -0.0001738 -2.92262e-05 -0.000354981 -0.000488995 -0.00364045 -0.0025199 -0.0011732 -0.00936329 -0.00643765 0.00199592 0.000114379 0.000195718 -0.0158295 0.0167328 -0.00043778 3.95678e-05 -0.000112624 0.00333531 -0.0019939 0.0214999 0.00733631 -0.0012728 0.0018037 -0.00029358 0.00110813 -0.00181935 0.000459935 0.000644686 
0.0135851 -0.00012668 -0.00304053 -0.000196666 1.61073e-05 -0.0070785 0.00211442 0.00415733 0.000251283 -0.000208966 -0.000840402 0.00253766 -0.00231978 -0.0105864 0.00312368 0.0011061 0.00136047 0.000209636 -0.00207238 -0.00435551 -0.00573539 0.00190032 -0.000878277 0.00168308 -0.00428653 -0.003205 -0.000790183 -0.00350649 -0.00503854 -0.000585495 -0.0027918 -0.000836394 -0.00204774 0.0355104 -0.000942261 -0.00110181 0.00109486 0.000854763 -0.00665559 0.000118726 -0.000639609 0.00359539 -0.00296506 0.00762221 -0.000199074 -9.27208e-05 -0.00189319 0.000559094 0.0114325 -0.000446513 -5.8514e-05 -1.84661e-06 -0.00309155 9.7675e-05 0.00141748 -0.000704077 0.00112188 0.00044224 -0.00380696 -0.000164194 0.00105475 0.00130417 -0.0011154 0.00164634 -0.00243335 -0.000457936 0.00385669 0.000298146 0.000840329 0.00421559 -0.000311253 -0.000356837 -0.000108322 -0.000819369 -0.000358088 0.000348936 0.000233459 -0.00123267 -0.00172607 0.00313798 -0.00656138 -0.000860794 -0.000432112 0.000294168 -0.00770656 -0.00146754 0.000628132 -0.00022548 -0.000949448 -0.000558496 -0.000692035 -0.00261241 -1.71347e-05 0.00107493 -0.000234714 -0.00010225 -5.59629e-06 -9.94807e-06 -0.000106708 -9.3479e-05 
