0.0384349 0.00206205 -0.00020477 0.00529308 -0.00189121 -0.00210912 -0.0114871 0.00378094 0.00502313 0.000621983 0.00323996 -0.00768619 -0.0131993 0.0143707 -0.00362646 0.00933687 -0.0139505 0.00679336 -0.0192438 0.00402198 -0.0194052 -0.00116689 -0.00507887 -0.00176857 0.00943269 0.0124415 0.0118358 0.00531012 0.00370239 0.0103073 0.00282052 -0.000210464 -0.000711192 -0.00517079 -0.000449253 0.00132776 -0.00461827 -0.00552162 0.00269289 -0.000789371 0.00235579 0.00295778 -8.8185e-05 -0.000930791 -0.000169323 -0.0120031 0.000772835 0.000876319 0.00116431 0.000124667 0.00198568 -0.000394565 0.000323315 -0.000123706 -0.0160599 0.00660626 0.00168901 0.00586087 -0.0130426 0.00628203 0.00992271 -0.00634223 -0.0043657 0.00564307 -0.0013912 0.000707872 0.00815212 0.00129053 0.00323734 0.00156766 0.00235094 0.000922133 -0.00418491 -0.000792542 4.96058e-06 -0.00111604 -0.0190429 0.00211531 -9.53713e-05 0.00139081 0.00230591 0.000982774 0.000207985 0.00166875 -0.00026929 -0.000624852 -0.0161927 -0.00246918 -6.55262e-05 -0.000276076 -0.000869373 0.000581562 -0.0138068 -0.00190636 -0.000373621 0.00393255 -0.00153435 0.00269321 0.00263013 0.000663058 
0.00206205 0.00982117 2.87585e-06 0.00025774 -0.00152421 -0.000145897 -0.000656469 0.00108608 0.000316681 -8.3847e-05 5.80016e-05 -0.000990805 -0.00269774 9.65722e-05 -0.000844498 0.00188071 -0.00329 0.00129743 -0.00416823 5.52708e-06 -0.00578546 0.00222018 -0.00199614 0.00208671 0.000432963 0.00276583 -0.00049239 0.000488944 0.000645792 1.51839e-05 0.00107241 -8.25169e-05 0.00162265 0.00231857 -5.6623e-05 0.000105557 -0.000657859 -0.0014566 0.00143096 -0.000108582 0.00106116 0.000435667 -2.87159e-05 0.000141647 -0.000238235 -0.000912477 0.000105013 9.73081e-05 -9.1887e-05 -0.000109779 0.00046753 -3.50271e-05 0.000118985 -0.000322009 -0.00318623 -0.000494582 0.000502148 -0.000455108 -0.00407039 0.000827739 -6.83353e-05 -0.00305968 -0.000945793 0.000522372 -0.000336117 0.000464343 0.00137956 0.00116811 0.00376503 -4.95865e-05 0.000135093 0.000242083 -0.000976494 0.00107771 3.04352e-05 0.00045139 -0.00376341 0.000794718 -0.00112799 -0.000381117 -0.000262654 0.000237159 -3.44923e-05 0.000715595 0.000192985 0.00210929 -0.00293362 -0.000240208 -0.000128871 -0.000143159 1.89504e-05 0.000194615 -0.00257139 -0.00152661 -0.000290034 0.00298297 -0.000605426 0.00289334 0.000597852 -0.00139408 
-0.00020477 2.87585e-06 0.0101632 -0.000221671 0.00200103 0.00207348 0.000472891 -4.44362e-05 0.00026824 -8.01982e-05 0.00136858 0.00200678 -0.00158153 0.000311338 0.000245724 0.000403001 -0.00258613 3.77409e-05 -0.000312805 0.000543542 -0.000205933 0.00124037 0.00109794 -0.0013209 0.000404781 0.000396973 0.0001387 0.000199964 -0.000285501 -0.000283923 -0.000257355 0.000277809 -0.000372873 -0.0012506 -0.000699373 -0.000190561 -0.000799233 -0.000146303 -0.000985725 0.000795037 0.000560821 0.000262947 0.000203811 -9.4995e-05 0.000358953 -0.00117699 -4.61502e-05 0.00021188 -4.54939e-05 0.000312548 -0.000159822 5.57587e-05 5.18206e-05 0.000995723 -0.00187992 -0.000270452 0.000347696 -0.000117684 -0.00267801 0.000245634 -0.000275399 4.27201e-05 -0.000935542 -0.00129638 -0.000336207 -1.55999e-05 -0.000422187 -0.000717989 -0.000779334 -7.2084e-05 1.7486e-05 -0.000195723 -0.000212028 -0.00152974 3.52715e-05 0.000264367 7.49285e-05 -3.19623e-05 0.000836736 -0.000268691 -0.000593767 0.00014935 -0.0002856 -0.000422325 -0.000127083 -0.000487425 -0.000173959 0.000843793 -7.27197e-05 -8.90791e-05 7.54846e-05 3.04971e-05 0.000105411 -0.00112752 1.9101e-05 -0.000173322 -0.000426146 -0.000258009 0.000538439 -0.00146605 
0.00529308 0.00025774 -0.000221671 0.0794416 -0.00849712 -0.00465335 -0.0138506 0.00213265 0.00500385 -0.000462829 0.00779638 -0.0160183 -0.0250979 -0.000489956 -0.00217751 -0.00170661 -0.017543 0.0132265 -0.0358176 -0.0173827 -0.0240777 0.0153127 -0.00653646 0.0251576 -0.00131106 0.0331456 0.0321188 0.0121658 -0.0014756 0.00830012 0.0145351 -0.000290535 -0.00020046 -0.001263 0.0104236 -0.000363505 -0.0076557 -0.0124197 0.0198126 -0.00448552 0.00206966 0.0034691 0.00146006 0.00320513 -0.00105303 -0.00734282 0.0011826 -0.00421326 0.0018259 -0.000734356 -0.00085861 -0.000635424 -0.000119947 -0.00320213 -0.0348988 -0.00240721 0.00593222 0.0127393 -0.0259635 0.0206017 0.0106995 -0.0130438 -0.00847733 0.0212179 -0.00063985 5.52645e-05 0.00373658 0.00505201 0.00897659 0.00264614 -0.000340553 -0.00022677 0.00253023 0.00692234 4.85754e-05 -0.0020628 -0.0301289 0.000390436 0.00468415 -0.000473229 -0.00510596 -4.76915e-05 -0.00527113 0.00648779 0.000341727 0.00644301 -0.017903 -0.0033374 0.000841772 0.000442858 -0.00290595 3.98382e-05 -0.0265915 -0.0213286 0.00204477 0.000704406 -0.000150475 0.00510942 -0.00225894 -0.000303675 
-0.00189121 -0.00152421 0.00200103 -0.00849712 0.149208 0.00458411 -0.0374603 -0.00251952 -0.00105443 -0.000656229 -0.00215332 -0.0172298 0.0270879 -0.0306859 0.00935868 -0.0150643 0.0384836 -0.00511979 0.0372139 0.0161103 0.0115677 -0.0281632 0.0300142 -0.0325068 0.0160391 -0.0263095 -0.000965754 -0.00368266 0.00181037 0.00136833 -0.00379036 -0.000131077 -0.00232668 -0.00826151 -0.0150269 0.000751187 -0.00795402 0.0270983 -0.0237483 0.0300791 -0.00599705 -0.00803969 0.000510123 -0.0025348 -0.0022764 -0.0127312 -0.00137738 0.00329723 0.00214459 0.00295266 -0.00333625 -0.000387884 0.000441978 0.00844241 -0.00629935 -0.0114672 -0.00184477 -0.00646413 -0.00857234 -0.00649461 -0.00904881 0.0178462 0.0418727 -0.0193369 -0.00315327 -0.000395812 -0.0203319 -0.0133625 -0.0371921 -0.00581354 0.00361096 0.00173942 0.000367704 -0.0348225 -0.000180189 -0.00532741 0.00663336 -0.00681354 0.0208369 0.00424057 -0.0118208 -0.00122139 0.00842226 -0.00540437 -0.00160213 -0.00678737 0.00999691 -0.00587544 -0.000944995 -0.000872522 -0.00181915 0.000170354 0.0128342 -0.0107469 0.000872727 -0.00604335 -0.00935208 -0.0111368 0.00251223 0.0314302 
-0.00210912 -0.000145897 0.00207348 -0.00465335 0.00458411 0.0909058 0.0358001 -0.00131145 -0.0113173 8.12165e-05 0.00810036 0.0326817 0.00138243 -0.0148725 -0.0010675 -0.0199672 0.0109648 -0.00559518 0.00501928 -0.0182063 0.0091972 0.0330682 -0.0113766 -0.0169488 -0.00303295 -0.0186795 -0.0229777 -0.0064781 0.000384047 -0.00733462 -0.00208847 0.00220799 -0.00403404 -0.0182905 0.00430353 0.000669459 -0.00657104 -0.00779977 -0.0109356 -0.0039966 -0.00288067 0.0190188 0.000872614 -0.00102904 0.00229139 -0.0150073 0.00204078 -0.00427793 -0.00153766 0.00162678 -0.000221392 0.00332353 -0.000344856 0.00450771 0.0253272 -0.00862418 -0.0010006 -0.00652085 -0.0196027 0.00936959 -0.00547614 0.0167405 -0.00738035 -0.00932413 -0.000660028 -0.000114972 -0.0140846 -0.00815383 -0.0115353 0.00120431 -0.00176588 -0.00104885 -0.00132166 -0.0156993 0.000163096 0.00729675 0.0329966 -0.00140573 0.0206022 -0.00446412 -0.000202095 0.000371982 -0.00673951 -0.0036211 -0.000188352 -0.00787922 0.021254 0.000537023 -0.000304104 -0.000921973 0.00158377 -0.000244041 0.0129419 -0.00394522 -0.00238835 -0.00446285 -0.00429752 -0.010215 -0.00242088 -0.0143916 
-0.0114871 -0.000656469 0.000472891 -0.0138506 -0.0374603 0.0358001 0.227533 -0.00755264 -0.0303885 -0.0013887 0.00191071 0.0764376 0.0493229 -0.032327 0.0148844 -0.0637826 0.0488803 -0.0159007 0.0321151 -0.0482455 0.0394872 0.0464261 -0.036423 -0.0228345 -0.0370882 -0.0733821 -0.103224 -0.0323646 -0.00592131 -0.0236908 -0.0121456 0.00166718 -0.0102638 -0.0136672 0.00352142 0.000912851 0.00251268 -0.0161142 -0.0331527 -0.0112848 -0.00465854 0.0143133 -0.000236072 -0.00219875 -0.00669907 0.00815425 -0.00322994 -0.0146828 -0.00548079 0.000831397 -0.00320065 0.00446396 -0.0012124 -0.00433258 0.100314 -0.014024 -0.00434036 -0.0235055 0.0308694 -0.00385144 -0.0121312 0.0533734 -0.018039 -0.0355274 0.0100378 -0.00044801 -0.0340525 -0.0288864 -0.00814097 -0.00363877 -0.00804294 -0.0015507 0.0169283 -0.0046935 -0.000345162 0.0184812 0.0979493 0.000717382 -0.0144211 -0.0163885 -0.00341359 0.00346962 -0.00498999 -0.0128436 -0.000537184 -0.0251323 0.0896547 0.00697862 0.00132051 -0.00121959 0.00197294 -0.00080122 0.0573069 -0.00451653 -0.00711949 -0.0110999 0.0157601 -0.0307378 -0.00992464 -0.0298903 
0.00378094 0.00108608 -4.44362e-05 0.00213265 -0.00251952 -0.00131145 -0.00755264 0.0294961 0.00206805 -0.000193834 0.0022206 -0.00629607 -0.0132808 0.00170909 -0.00289217 0.00534546 -0.0123783 0.00612544 -0.0144079 -0.00376589 -0.0109248 -0.000919198 -0.00233696 0.0106035 0.00140763 0.0150872 0.0138926 0.00281171 0.000544602 0.00201921 0.0100834 -0.000168714 0.00185639 -0.00282295 0.00477925 -4.78584e-05 -0.00409343 -0.00352945 0.00520673 -0.000688886 0.00455513 -0.00165276 0.000115441 -0.000493679 0.00212103 -0.00776106 -2.8385e-05 -0.00164229 0.00121712 -0.000388586 -0.000616635 -0.000327302 1.69212e-05 0.000188239 -0.0149055 -0.00193122 0.00113971 0.00456349 -0.0122153 5.38459e-05 0.00785198 -0.0103734 -0.00428131 0.000630355 -0.000938972 -3.43942e-05 0.00978697 0.0109456 0.0123546 -0.000209345 0.00129489 0.0014266 -0.00324854 0.00835833 4.77814e-06 -0.000914055 -0.0139282 0.00299061 -0.00187208 0.000822916 -0.00167212 -4.68371e-05 -0.000698186 4.82045e-05 0.000839832 0.000773143 -0.0121476 -0.00208991 -0.00029267 0.00215685 -0.000420909 3.46805e-05 -0.0107063 -0.00578416 2.35137e-05 -0.000755872 -0.00127145 0.00800923 0.00286335 -0.00361969 
0.00502313 0.000316681 0.00026824 0.00500385 -0.00105443 -0.0113173 -0.0303885 0.00206805 0.12394 -0.000575376 0.000339886 -0.0212615 -0.0239423 -0.0037291 -0.00760498 0.0418495 -0.0399676 0.0119766 -0.00588728 0.00338892 -0.0223685 0.00624028 0.00579658 0.0312438 0.011085 0.0195657 0.0440219 0.0193096 0.00218259 -0.0105757 0.00208905 -0.000286562 0.0125158 0.0220651 -0.000300163 -0.00116859 -0.0168585 -0.00595445 0.0122033 0.0117126 0.00922645 -0.00695299 0.000433872 0.00486652 -4.75334e-05 -0.0106027 0.0017992 -0.00226156 0.00532772 0.000250555 -0.00176561 -0.000567781 0.000425556 0.0034919 -0.0414118 0.022425 0.00426294 0.0131483 -0.0435251 -0.0037252 -0.00437743 -0.0370545 -0.0122619 0.00299715 -0.00271455 0.000617622 -0.00717067 0.00773558 0.00792392 -0.00524689 0.00990369 0.00199716 -0.00770948 0.0144217 0.000903916 -0.00303014 -0.0432539 0.00135082 -0.0164581 0.000613656 -0.00356577 -0.00103031 0.00722776 0.000896005 -0.00159448 0.0196415 -0.0349034 -5.56901e-05 0.00329769 -0.00125273 0.00153282 -4.7803e-06 -0.0396028 -0.0132442 -0.00104319 0.00709585 -0.00516618 0.0128246 0.0031098 -0.00911301 
0.000621983 -8.3847e-05 -8.01982e-05 -0.000462829 -0.000656229 8.12165e-05 -0.0013887 -0.000193834 -0.000575376 0.0104333 -0.000123003 -0.000852472 -0.0022892 0.00283426 -0.000716205 0.000231015 0.000788018 2.10412e-05 -0.00231777 0.000134063 -0.000727024 -0.00183133 3.63741e-05 -0.00228206 -0.000217712 -0.000761251 0.00101852 -0.00013538 0.000832995 0.00154879 -0.000491874 0.000684097 -0.000397991 -0.00214705 0.000235224 -3.36127e-05 0.00131308 -0.000826895 -0.00178003 -0.000657438 -8.47772e-05 0.000630173 -1.34553e-05 -0.000177019 0.000755337 -0.00069536 0.000194413 0.000213925 0.000249463 0.000285124 0.000375456 -4.17742e-05 5.03495e-07 0.000382686 -7.59253e-05 0.00158762 0.000144711 0.000848347 0.000667475 1.73083e-05 0.000321525 0.00139521 -0.00108071 0.000200641 -0.000335517 3.30394e-05 0.00293595 -0.000928649 -0.00188464 0.00117149 -2.14864e-05 0.00158459 -0.000922823 -0.00209354 -2.98326e-07 -0.000337171 -0.0018242 0.000342266 -0.000116747 -2.68907e-05 0.00102368 -5.39868e-05 0.000469153 -0.000204077 1.0503e-06 -0.000718263 -0.00364611 -0.000811659 8.47042e-05 -0.000141371 -1.28415e-05 6.75505e-05 -0.00347436 0.0042041 0.000863518 -0.000160843 0.00124911 -0.000545696 0.000743002 -0.00139762 
0.00323996 5.80016e-05 0.00136858 0.00779638 -0.00215332 0.00810036 0.00191071 0.0022206 0.000339886 -0.000123003 0.0603198 0.000896511 -0.00812374 0.00960599 -0.00303896 -0.0132274 -0.0184442 0.000632114 -0.00865429 -0.00802665 0.00186757 0.0109465 -0.0101869 -0.00484922 0.00671151 0.00628576 0.00428763 0.00641875 -0.00244833 0.00492177 0.00166454 0.000944532 -0.000627704 -0.0110827 0.00111702 -0.000562764 -0.000971521 -0.00198641 0.00168984 0.00061711 0.0110296 0.00701538 0.00104836 -0.00116842 -0.00183179 -0.0186676 0.000603413 -0.00275333 -0.00104857 -0.000611743 -0.000493696 0.000872811 -0.000198659 -0.000854945 -0.0129643 0.00822562 0.000737446 -0.0044245 -0.0211515 0.0101038 0.0143648 -0.000832051 -0.00751434 -0.00183516 0.000178162 0.000167167 -0.00760385 -0.00305763 -8.51299e-05 0.000676015 -0.00104162 0.000259789 -0.00376931 -0.00260847 7.39723e-05 0.00272653 0.00259614 -0.00177177 0.0176356 -0.00120412 -0.00360427 0.000699599 -0.0023643 -0.0019233 -0.000354791 -0.00410248 -0.00431013 0.0135737 0.000478779 0.000970701 -0.00103941 7.02799e-05 0.00311424 -0.0144747 0.00149119 -0.00159586 -0.003441 -0.00532763 -0.00126424 -0.00687274 
-0.00768619 -0.000990805 0.00200678 -0.0160183 -0.0172298 0.0326817 0.0764376 -0.00629607 -0.0212615 -0.000852472 0.000896511 0.190524 0.00337047 -0.00689955 0.00600566 -0.0323926 0.0169931 -0.0145554 0.0344713 -0.0174472 0.033982 0.0292216 -0.00477746 -0.0327046 -0.0124425 -0.054269 -0.0771227 -0.0230509 -0.000264703 -0.0192121 -0.0135393 -0.00164405 -0.00687618 -0.027509 -0.0196646 0.000453972 0.00582112 -0.0130093 -0.025055 -0.0080807 -0.00676098 0.00791181 -3.39426e-05 -0.00524646 -0.00880633 0.0127329 -0.00315879 -0.00172618 -0.00524061 -0.00373608 -0.00417844 0.00399915 -0.000579361 0.00630943 0.0838667 -0.00296227 -0.00271791 -0.020577 0.0218205 -0.00956482 -0.0137324 0.0117564 -0.0091986 -0.0285681 -0.00710956 -0.00053592 -0.0282412 -0.0221197 -0.0158714 -0.00640979 -0.00565377 -0.00433895 -0.00575687 -0.0139929 -0.000288698 0.0112867 0.0773843 -0.00628092 -0.0124888 -0.0123947 -0.0121235 -2.02717e-05 -0.0131686 -0.0112437 0.000572755 -0.0148101 0.0684429 0.00970578 -0.00209882 -0.00157444 0.00743027 -0.000705273 0.0774358 0.0389285 -0.00400908 -0.0106165 -0.00530045 -0.0261329 -0.00433909 -0.0171832 
-0.0131993 -0.00269774 -0.00158153 -0.0250979 0.0270879 0.00138243 0.0493229 -0.0132808 -0.0239423 -0.0022892 -0.00812374 0.00337047 0.249348 -0.0353054 6.4708e-05 -0.0778057 0.0785428 -0.023813 0.0976935 -0.00601537 0.0555717 -0.0372848 0.0165424 -0.0850305 0.00980258 -0.101181 -0.0912857 -0.0326901 -0.00505236 0.00243433 -0.0235891 5.08482e-05 -0.0116277 -0.03629 -0.0115401 0.0025226 0.0276824 0.0366013 -0.0577467 -0.0049793 -0.0101854 -0.00484814 -0.00049252 -0.000113841 -0.00510264 0.0069248 -0.00117324 -0.0148124 -0.000272243 0.000451985 -0.00218663 -0.00206526 -0.00136798 -0.00375101 0.0904755 -0.00457132 -0.00421631 -0.0220172 0.0851853 -0.0237398 -0.0201592 0.10226 0.0445546 -0.0574064 0.0131284 4.83169e-05 -0.0400532 -0.0408666 -0.0751429 -0.00515771 -0.00911424 0.00106682 0.0263913 -0.0709699 -0.000783115 -0.00306632 0.0957147 -0.0121351 0.0187402 -0.015312 0.00654056 0.000280951 0.00999977 -0.0106026 -0.00294817 -0.0399679 0.0788273 -0.0123794 -0.00125199 -0.00505297 -0.00099941 -0.00108293 0.0769606 -0.0311563 -0.000639614 -0.0160984 0.0127107 -0.0491392 -0.00864966 0.0342185 
0.0143707 9.65722e-05 0.000311338 -0.000489956 -0.0306859 -0.0148725 -0.032327 0.00170909 -0.0037291 0.00283426 0.00960599 -0.00689955 -0.0353054 0.226372 -0.00385548 0.0102063 -0.0278403 -0.00316414 -0.021505 0.0315135 -0.00219177 -0.0122574 0.00986756 -0.0336539 0.0270709 0.0218272 0.0242279 0.00830043 0.00498503 0.00713584 -0.00728782 -0.00129018 -0.0142166 -0.0471099 -0.0243938 0.00165715 0.0252039 -0.0445135 -0.00482556 -0.0102718 -0.00331285 -0.00221438 -0.000477536 -0.00947852 0.0031757 -0.0286875 0.00150337 0.00809363 -0.000793505 -0.00158667 0.00842493 -0.00359272 0.00125909 0.00457573 -0.0259948 0.0572059 -0.000722146 0.00177386 0.0281734 -0.00428198 0.0140025 -0.0341803 -0.028062 -0.0129951 -0.00855305 0.000729328 0.0523906 -0.021348 -0.0325403 -0.000352807 -0.000124315 -0.00342941 -0.0128351 -0.0408582 -0.000582267 -0.00597335 -0.0170124 0.0011226 0.00142732 0.00735262 0.017742 0.000293976 -0.00175733 -0.00313126 -0.00297441 -0.0235787 -0.0151465 0.0299021 0.000571581 -0.0035414 -0.00011866 0.000923204 0.00607951 0.0622199 0.000248735 0.00725918 -0.00598147 -0.0130892 0.00865282 -0.000404541 
-0.00362646 -0.000844498 0.000245724 -0.00217751 0.00935868 -0.0010675 0.0148844 -0.00289217 -0.00760498 -0.000716205 -0.00303896 0.00600566 6.4708e-05 -0.00385548 0.0925478 -0.0223084 0.0171125 -0.00630218 0.0223571 -0.00858197 0.0134491 -0.0124866 -0.000284 -0.0110808 -0.00953684 -0.0218765 -0.0255089 -0.00788449 -0.00151878 -0.0112812 -0.00376298 -0.000696731 -0.00393085 -0.0123879 -0.00130413 -0.000864027 -0.0088084 0.00270122 -0.0149513 0.00301922 -0.00151721 0.00205413 -0.000114665 -0.00230648 -0.00276563 0.0102441 -0.00125161 0.00680434 -0.00138882 -0.000905459 0.00117592 -0.000779691 -0.000201672 -0.00193082 0.0164078 -0.00312996 -0.00136598 -0.00749318 0.0188031 -0.00387048 -0.00513632 0.00141199 0.0181118 -0.013815 0.00186097 -0.000117893 -0.0157215 -0.00914082 -0.0116744 -0.00339872 -0.0021931 -0.0014752 0.0227463 -0.0165545 -0.000271216 0.00136229 0.0302107 -0.00163153 -0.0093155 -0.00375937 -0.00635558 -0.000748296 -0.00138284 -0.00365388 -0.0013894 -0.00898597 0.0216178 0.0233189 -0.00077765 -0.000742456 -0.00101662 8.72903e-05 0.016536 -0.00381544 -0.00127425 -0.00313568 -0.00457168 -0.00889315 -0.00247717 0.00912802 
0.00933687 0.00188071 0.000403001 -0.00170661 -0.0150643 -0.0199672 -0.0637826 0.00534546 0.0418495 0.000231015 -0.0132274 -0.0323926 -0.0778057 0.0102063 -0.0223084 0.198849 -0.0901709 0.00740869 -0.0757571 0.0250305 -0.0546621 0.0228141 -0.00582822 0.0678993 0.000769116 0.0720632 0.0827699 0.0125904 0.0155287 -0.00615315 -0.00415354 -0.00149412 0.0168448 0.0620969 -0.0169876 0.000243458 -0.0148701 -0.0235537 0.0658648 0.00435028 0.00261119 -0.0156691 -0.000444281 0.0056379 0.00977767 0.00583081 -0.000568429 0.0015198 0.00472667 -0.00282258 -0.00132669 -0.00197247 0.00167851 0.00308808 -0.0812882 0.00291953 -6.26275e-05 0.0281173 -0.0535583 0.00369859 0.00757869 -0.0667968 -0.030451 0.0459612 -0.00690929 -0.000152141 0.038049 0.0448795 0.0547463 -0.00356444 0.013777 0.00373153 -0.0319169 0.0571671 0.00106225 -0.00607183 -0.118334 0.000143824 -0.0380579 -0.00368664 0.00899046 -0.00190402 -0.00119784 0.0150823 0.00503033 0.0538287 -0.096048 -0.0226155 0.000652101 -0.00077926 0.00199608 7.33292e-05 -0.0825892 0.00871865 0.000522619 0.0265007 -0.0109467 0.0518509 0.0133488 -0.0280542 
-0.0139505 -0.00329 -0.00258613 -0.017543 0.0384836 0.0109648 0.0488803 -0.0123783 -0.0399676 0.000788018 -0.0184442 0.0169931 0.0785428 -0.0278403 0.0171125 -0.0901709 0.248978 -0.0139984 0.0826421 -0.000710818 0.048509 -0.0490991 0.0149016 -0.100545 -0.017004 -0.080517 -0.0812335 -0.0268369 -0.0107187 0.00717847 -0.0128187 0.00228316 -0.0142805 -0.0652071 -0.0111822 0.000243241 0.014882 0.0218668 -0.0672779 0.000801841 -0.0159229 0.00960771 -0.00136593 -0.0035463 -0.00789378 -0.0131485 -0.00210488 0.00381759 -0.00630578 0.00316621 0.00539888 0.00114797 -0.00144241 -0.00805864 0.090433 -0.0156968 -0.00470863 -0.0271483 0.0784401 -0.00750379 -0.0176119 0.0942525 0.0582875 -0.0479276 -0.00122402 -0.00105272 -0.0269527 -0.0401597 -0.07542 -0.00429211 -0.00749446 -0.000601959 0.0161547 -0.0869908 -0.000646805 -0.00597173 0.0874661 -0.00724366 0.0292136 0.0065612 0.00136914 -0.001019 0.00248821 -0.0128134 -0.00452376 -0.041312 0.0869346 -0.00673567 0.00227354 -0.00564121 -0.00406161 -0.000358516 0.0660983 0.0114065 0.00384986 -0.0165662 -0.00465607 -0.0419046 -0.00700682 0.0502183 
0.00679336 0.00129743 3.77409e-05 0.0132265 -0.00511979 -0.00559518 -0.0159007 0.00612544 0.0119766 2.10412e-05 0.000632114 -0.0145554 -0.023813 -0.00316414 -0.00630218 0.00740869 -0.0139984 0.0628631 -0.0332995 -0.00771786 -0.0404804 -0.0105614 -0.00198908 0.0168912 0.00277605 0.0290073 0.0288137 0.0182822 -0.00209455 0.0138685 0.0248283 0.000469189 -0.00155063 -0.00384438 0.0195428 0.000464239 -0.00924599 -0.00583915 -0.00790621 -7.45837e-05 0.00673111 0.00129057 0.000981369 -0.000606652 0.000268313 -0.0206408 0.00180274 -0.00274305 0.00413454 -0.000298524 0.000688858 -0.000735233 0.000129033 -0.00100812 -0.0322194 -0.00505642 0.00579757 0.0238119 -0.0284127 0.012745 0.00252766 -0.0126317 -0.00732257 0.00442693 -0.00232995 0.000267103 0.0221684 0.00933911 0.01641 0.00784496 0.00555566 0.00299558 -0.00656035 0.00804269 0.000171213 -0.00239976 -0.0369118 0.0123236 0.00367972 0.00654388 -0.00168542 0.000805768 -0.000652202 0.000761309 0.000409745 0.00621846 -0.0272854 -0.00666748 0.000699307 -0.000515831 -0.000997138 0.000214907 -0.0298832 -0.00881646 -0.000208134 0.000155322 0.00363706 0.0198117 0.000139384 -0.00921535 
-0.0192438 -0.00416823 -0.000312805 -0.0358176 0.0372139 0.00501928 0.0321151 -0.0144079 -0.00588728 -0.00231777 -0.00865429 0.0344713 0.0976935 -0.021505 0.0223571 -0.0757571 0.0826421 -0.0332995 0.225029 0.00603858 0.0803784 -0.0319908 0.0129989 -0.0722351 0.000529347 -0.0899896 -0.0748329 -0.0198736 -0.00919562 -0.0284847 -0.0273219 -0.00200469 -0.0143507 -0.0106542 -0.0169761 0.000722929 0.019668 0.0405296 -0.0428392 0.00844738 -0.00844754 -0.00566957 -0.00183887 0.00210308 -0.0139335 0.00958047 -0.00380689 0.00597328 -0.008118 -0.00208379 -0.0073741 -0.00138275 -0.00116333 0.00545522 0.0933689 0.0170366 -0.00550793 -0.0456609 0.0685838 -0.0327848 -0.0271286 0.0469594 0.0325846 -0.0539857 -0.000951307 -0.000860972 -0.0716752 -0.0375333 -0.08166 -0.0125476 -0.00638903 -0.00206158 0.0107629 -0.0629331 -0.0010856 0.00119811 0.111246 -0.0144201 0.00428994 -0.00787609 -0.0117912 -0.00234324 0.0043992 -0.019122 -0.00474975 -0.026854 0.0830448 0.0117414 -0.00365262 -0.00427734 0.00838415 -0.000999279 0.0849787 0.0129376 -0.00668153 -0.0288547 -0.00635125 -0.0436242 -0.0109531 0.0307715 
0.00402198 5.52708e-06 0.000543542 -0.0173827 0.0161103 -0.0182063 -0.0482455 -0.00376589 0.00338892 0.000134063 -0.00802665 -0.0174472 -0.00601537 0.0315135 -0.00858197 0.0250305 -0.000710818 -0.00771786 0.00603858 0.187303 0.0054947 -0.0440363 0.0192236 -0.0431559 0.00515014 -0.00747651 -0.0228423 -0.00545841 0.0121846 0.00197992 -0.00784311 -0.0009975 -0.00269525 -0.0246583 -0.020794 -0.00418306 0.0148869 0.00984568 -0.0242318 0.0093838 -0.00666708 -0.0120628 -0.000971433 0.0016222 0.0103243 0.0182464 -0.00171458 0.0314278 0.00330805 -0.000404989 -0.00129718 0.00140881 0.00171916 0.00933755 0.000180233 0.00353763 0.0005841 0.0018135 0.048465 -0.0152552 -0.00553641 -0.00649113 -0.00485223 -0.0344816 -0.00374507 -3.62307e-06 0.0331953 -0.0155225 -0.0252854 -0.00357076 0.00245905 0.0039069 -0.00789683 -0.0289741 -0.000116287 -0.00826772 -0.028882 0.00168821 -0.0233082 0.0103282 0.00337575 -0.00123117 0.00703523 -0.00652788 -0.00180659 -0.0136993 -0.0227959 -0.001863 -0.000736536 -0.00237405 0.00113312 0.000579153 0.0228109 0.0400701 0.00843604 0.00364316 -0.00887798 -0.00882681 0.0112676 0.0143764 
-0.0194052 -0.00578546 -0.000205933 -0.0240777 0.0115677 0.0091972 0.0394872 -0.0109248 -0.0223685 -0.000727024 0.00186757 0.033982 0.0555717 -0.00219177 0.0134491 -0.0546621 0.048509 -0.0404804 0.0803784 0.0054947 0.131918 -0.0119326 0.000537036 -0.0389692 -0.0108598 -0.0530698 -0.0589042 -0.0175116 -0.00740273 -0.0200129 -0.0244891 -0.00127231 -0.0118611 -0.0152862 -0.0185514 -0.00185547 0.0166576 0.0234012 -0.0224794 -0.000282503 -0.00778241 -0.00115681 -0.0012219 -0.000954331 -0.00810828 0.0158248 -0.00558423 0.00143192 -0.00862163 -0.00168227 -0.00415053 0.00115274 -0.00159073 0.0023547 0.075515 0.0100205 -0.00641432 -0.0498868 0.057876 -0.0284059 -0.0119496 0.0344493 0.0182277 -0.0316946 0.00444326 -0.00094621 -0.0338426 -0.0276437 -0.0356366 -0.011079 -0.013715 -0.00612152 0.0148342 -0.0274922 -0.000954332 0.00368381 0.0815802 -0.0116847 5.29955e-05 -0.00371427 -0.0057878 -0.00130598 0.00266055 -0.0169223 -0.00650783 -0.0265648 0.0595291 0.0135355 -0.000888924 -3.02768e-05 0.000582797 -0.000834918 0.0628338 0.0092943 -0.000826712 -0.0234406 -6.16435e-06 -0.0334484 -0.0104101 0.0226766 
-0.00116689 0.00222018 0.00124037 0.0153127 -0.0281632 0.0330682 0.0464261 -0.000919198 0.00624028 -0.00183133 0.0109465 0.0292216 -0.0372848 -0.0122574 -0.0124866 0.0228141 -0.0490991 -0.0105614 -0.0319908 -0.0440363 -0.0119326 0.215609 -0.044852 0.0565203 -0.0253976 0.0139196 0.00424245 -0.0156491 -0.000154128 -0.0312842 -0.0068467 -0.00221166 0.0145668 0.0284503 -0.00952056 -0.00165811 -0.00562884 -0.0352228 0.0509377 -0.0129973 0.00636562 0.0106118 0.000303601 -2.1457e-05 -0.00338573 0.0108224 -0.000213578 -0.0103489 -0.00227062 -0.00163576 -0.00433278 0.000414776 -0.000398039 0.00073002 -0.0137294 0.00081498 -0.000973509 -0.0046631 -0.0733974 0.0152217 0.00269277 -0.0334746 -0.0367186 0.0235854 -0.00520818 0.00014632 -0.0174846 0.00971376 0.0444076 -0.00895815 -0.00135785 -0.00216253 -0.0112703 0.0446032 0.000747412 0.0214344 -0.0109496 -0.00177988 -0.00393532 -0.0134928 -0.00820685 0.00200558 -0.0191589 0.00684298 0.000725436 0.0322766 -0.00803324 0.00620413 -0.00210499 0.000520893 0.00634892 -0.000522213 -0.0190106 -0.0225571 -0.00545854 0.0127313 -0.00672422 0.0199561 -0.00522973 -0.0396419 
-0.00507887 -0.00199614 0.00109794 -0.00653646 0.0300142 -0.0113766 -0.036423 -0.00233696 0.00579658 3.63741e-05 -0.0101869 -0.00477746 0.0165424 0.00986756 -0.000284 -0.00582822 0.0149016 -0.00198908 0.0129989 0.0192236 0.000537036 -0.044852 0.226176 -0.0301348 0.011731 -0.032969 0.00834878 -0.00433081 -0.00156496 0.00127933 -0.0112485 -0.00179911 -0.00267132 -0.0241821 -0.0112548 -0.00196492 0.0286184 -0.0157111 -0.0381857 0.00885748 -0.00379182 -0.0187784 0.000554106 -0.0037502 0.00782367 0.0135441 0.000278899 0.000682422 0.00580606 0.00238861 -0.00172363 0.00118612 0.000653159 0.00319076 -0.0264666 -0.00980374 -0.0026009 0.0153838 0.0385646 -0.0210242 -0.0144351 0.00323692 0.0188011 -0.0364038 -0.00677182 -0.000340093 0.00842252 -0.0179067 -0.0453428 -0.00204626 0.00350082 -0.00130725 -0.00881535 -0.0271481 -0.000339311 -0.0113252 0.00130321 -0.00267507 0.00660854 0.00133039 -0.00682638 -0.00306112 0.00532981 -0.00837416 -0.0019079 -0.0141645 0.00773663 0.00263823 0.000335988 -0.00470611 -0.00266136 -1.89559e-05 0.0342183 0.0227418 0.00770102 -0.00475053 -0.00366887 -0.0111755 0.00657331 0.0152325 
-0.00176857 0.00208671 -0.0013209 0.0251576 -0.0325068 -0.0169488 -0.0228345 0.0106035 0.0312438 -0.00228206 -0.00484922 -0.0327046 -0.0850305 -0.0336539 -0.0110808 0.0678993 -0.100545 0.0168912 -0.0722351 -0.0431559 -0.0389692 0.0565203 -0.0301348 0.193565 -0.0232629 0.0938201 0.0878652 0.0205939 -0.00557858 -0.0240037 0.0247476 -0.00195057 0.0172405 0.0793051 0.0313469 -0.00321643 -0.0338462 -0.0233505 0.0818757 -0.00638582 0.00688085 -0.0143714 0.000665675 0.00612528 0.00136478 0.011208 -0.00210808 -0.0119344 0.00083786 -0.00343297 -0.00648365 -0.0015717 -0.000466416 -0.00721036 -0.0874273 -0.0147282 0.00219639 0.0177509 -0.08769 0.0116505 0.0133562 -0.0807377 -0.033104 0.0531721 -0.000234681 -0.000225706 0.00798821 0.0501582 0.103654 -0.00290103 0.00378835 -0.00394886 -0.0149956 0.110183 0.000183235 0.00455213 -0.0825157 0.0121165 -0.0312113 0.00398027 -0.0158355 -0.000633404 -0.013303 0.01338 0.0015892 0.0541388 -0.0624104 -0.0136149 -9.20262e-05 0.00702019 -0.000345266 -0.000366974 -0.0842969 -0.0488333 -0.00683365 0.0126798 0.00183589 0.06522 -0.00309434 -0.0298638 
0.00943269 0.000432963 0.000404781 -0.00131106 0.0160391 -0.00303295 -0.0370882 0.00140763 0.011085 -0.000217712 0.00671151 -0.0124425 0.00980258 0.0270709 -0.00953684 0.000769116 -0.017004 0.00277605 0.000529347 0.00515014 -0.0108598 -0.0253976 0.011731 -0.0232629 0.109222 0.00398127 0.0172046 0.0102244 0.000574283 0.0147608 -0.00247953 -0.000563506 -0.00415503 -0.016355 -0.00517551 0.0026121 0.00128406 0.00956984 -0.00900034 0.00345185 -0.00191684 0.00709509 0.00019165 -0.00214888 0.00120164 -0.0167812 0.000634177 -0.00452087 0.00032378 -0.00107368 -0.00121954 -0.00128908 0.00044102 8.18177e-05 -0.00810694 0.0147022 0.00139275 0.0140531 0.00431397 -0.0012579 -8.76218e-05 -0.00653478 -0.00334062 -0.00464249 -0.002071 0.000292662 0.00276892 -0.0063129 -0.0219877 0.002436 0.00455949 -0.000163217 -0.00805754 -0.023814 -7.66145e-05 -0.00239745 0.00117458 -0.00168698 0.0200261 -0.00288483 -0.0022648 -0.00090039 0.000100038 -0.0024186 -0.00177132 -0.010634 -0.0226396 0.000986247 -0.00154708 -0.00120749 -0.00266612 -0.000160967 -0.00360136 0.0178059 5.40781e-05 0.000574058 -0.00380142 -0.0118286 0.00307944 -0.00881922 
0.0124415 0.00276583 0.000396973 0.0331456 -0.0263095 -0.0186795 -0.0733821 0.0150872 0.0195657 -0.000761251 0.00628576 -0.054269 -0.101181 0.0218272 -0.0218765 0.0720632 -0.080517 0.0290073 -0.0899896 -0.00747651 -0.0530698 0.0139196 -0.032969 0.0938201 0.00398127 0.18585 0.120563 0.0429548 0.000727229 0.00849619 0.0307101 -0.00114835 0.00745938 0.0449195 0.0180784 -0.00163139 -0.025253 -0.0185785 0.0749036 -0.00657506 0.0101494 -0.00660509 -0.000191249 0.00259196 0.00170733 -0.0272438 0.000797709 -0.0103593 0.00185737 -0.00240082 -0.00230411 -0.00294661 0.000877463 -0.00335769 -0.111474 -0.00651751 0.00770781 0.0267618 -0.0795451 0.0308507 0.0330498 -0.0729748 -0.0331974 0.0601549 -0.00695908 -0.00019234 0.0414205 0.0486153 0.0714544 0.00371716 0.0104861 -0.00109214 -0.0267495 0.0609548 0.000349448 -0.00786985 -0.122169 0.00941142 -0.0081191 0.0167575 -0.0137615 -0.000990013 -0.0104181 0.0118387 0.00229412 0.0396063 -0.0864653 -0.0200131 0.00104638 0.00648613 -0.00204894 0.000945213 -0.098133 -0.0268561 0.00305832 0.0102951 -0.0126578 0.0577961 0.00102854 -0.0157581 
0.0118358 -0.00049239 0.0001387 0.0321188 -0.000965754 -0.0229777 -0.103224 0.0138926 0.0440219 0.00101852 0.00428763 -0.0771227 -0.0912857 0.0242279 -0.0255089 0.0827699 -0.0812335 0.0288137 -0.0748329 -0.0228423 -0.0589042 0.00424245 0.00834878 0.0878652 0.0172046 0.120563 0.230459 0.0488101 -0.00169541 0.0141336 0.0281585 -0.000489496 0.00731957 0.0381722 0.0129374 0.00139262 -0.0176849 -0.00874006 0.064566 -0.000181473 0.00784909 -0.0170156 0.00107083 0.0049787 0.00600735 -0.034207 0.00492553 -0.0144219 0.00676568 -0.00144992 0.000574166 -0.00430104 0.000674607 -0.00125742 -0.139533 0.0149089 0.00489377 0.0390154 -0.0907354 0.0218563 0.0213011 -0.0709974 -0.0297138 0.0588823 -0.00827011 -0.000116362 0.0366866 0.0461717 0.0479899 0.0066025 0.0116332 -4.22024e-06 -0.0369985 0.0512006 0.000424841 -0.00961966 -0.12714 0.00837134 0.00554628 0.0156637 -0.00499482 -0.000578658 -0.0124238 0.0189838 5.63733e-05 0.0359434 -0.114282 -0.0227777 0.00217338 0.00369659 -0.00237119 0.000444063 -0.116583 -0.0193061 0.00518258 0.00975117 -0.00924736 0.0528372 0.00371335 -0.00754856 
0.00531012 0.000488944 0.000199964 0.0121658 -0.00368266 -0.0064781 -0.0323646 0.00281171 0.0193096 -0.00013538 0.00641875 -0.0230509 -0.0326901 0.00830043 -0.00788449 0.0125904 -0.0268369 0.0182822 -0.0198736 -0.00545841 -0.0175116 -0.0156491 -0.00433081 0.0205939 0.0102244 0.0429548 0.0488101 0.0908805 -0.00154985 0.00619335 0.0117961 0.000334907 -0.00148352 0.0113122 0.0117238 -0.000814039 -0.0103287 -0.00244207 0.0125028 -7.70359e-05 0.00929176 -0.00515539 0.000484552 0.000599194 0.00361607 -0.0265509 0.00407472 -0.00318354 -0.00023645 0.0033822 0.00112229 -0.00123341 -0.000159765 -0.00184555 -0.0397795 0.0162244 0.00528497 0.0162655 -0.0282765 0.00440501 0.00206599 -0.0199417 -0.00916657 0.0180416 -0.00255755 0.000482321 0.0115169 0.0101849 0.00524142 0.0110622 0.000638164 0.000800221 -0.0107993 0.0089032 0.000261655 -0.00369697 -0.0439579 0.00164658 0.00406015 0.00436993 0.00233643 0.000169083 0.00175996 -0.00130471 -3.94702e-05 0.00406605 -0.0345373 -0.00619937 0.000838835 0.00235694 -0.00185284 0.000230832 -0.0421399 -0.0109237 0.000865434 0.000241565 -0.000952624 0.00608378 -0.00025236 -0.00879467 
0.00370239 0.000645792 -0.000285501 -0.0014756 0.00181037 0.000384047 -0.00592131 0.000544602 0.00218259 0.000832995 -0.00244833 -0.000264703 -0.00505236 0.00498503 -0.00151878 0.0155287 -0.0107187 -0.00209455 -0.00919562 0.0121846 -0.00740273 -0.000154128 -0.00156496 -0.00557858 0.000574283 0.000727229 -0.00169541 -0.00154985 0.0391579 -0.00153147 -0.00124229 0.000304077 0.0023728 -0.0022115 -0.00374589 0.00106101 -0.00219563 -0.00265927 -6.06211e-05 0.000771195 -0.000637982 -0.000253677 -0.000120472 0.000170764 0.00434265 0.00138655 0.000213469 0.00342032 0.00303637 -0.000431082 0.00127257 0.000378157 0.000477913 0.000153736 -0.00371537 0.00184262 0.000164554 0.00234683 -0.000659739 -0.00135371 -0.000874606 -0.00970816 -0.00119674 0.00010295 -0.000582857 0.000499303 0.00693288 -0.00048292 -0.00417527 -0.00021567 0.00136574 0.00246517 -0.00244282 -0.00456819 0.000388273 -0.000207937 -0.010984 -0.000210225 -0.00338144 -0.000686275 0.00494631 0.000477094 0.00107736 0.00237114 -0.000220836 0.00059257 -0.0115647 -0.00317264 -0.000141203 0.000290247 0.000766322 6.21141e-05 -0.00674736 0.00759348 -3.16932e-05 0.00460294 -0.00244073 -0.00120065 0.00400062 -0.00253392 
0.0103073 1.51839e-05 -0.000283923 0.00830012 0.00136833 -0.00733462 -0.0236908 0.00201921 -0.0105757 0.00154879 0.00492177 -0.0192121 0.00243433 0.00713584 -0.0112812 -0.00615315 0.00717847 0.0138685 -0.0284847 0.00197992 -0.0200129 -0.0312842 0.00127933 -0.0240037 0.0147608 0.00849619 0.0141336 0.00619335 -0.00153147 0.110028 0.00230276 0.00220002 -0.00551296 -0.016939 0.00864951 0.000370593 -0.00533069 0.0131228 -0.0101915 -0.00160501 0.000259401 0.00686427 0.000198357 -0.00199196 0.00113699 -0.0298083 0.00463634 -0.00709792 -0.000648285 0.000147395 0.00760945 -0.000999755 0.000238158 -0.000887804 -0.0173993 -0.010279 0.00118677 0.0103488 -0.00272911 0.00685504 0.00843158 0.0151891 0.00203595 0.0194045 0.0019872 0.000166095 0.0179653 -0.00261131 -0.0164981 0.0127941 0.00246211 0.00143893 -0.00317856 -0.0210418 -0.00016854 -0.00443427 -0.0251016 -0.00210568 0.0221788 0.00122494 0.0168083 -0.000365806 0.0113784 0.00329359 0.000993825 -0.00895108 -0.0137967 -0.0113005 -0.000759843 -0.000896698 -0.00307396 0.000144896 -0.0188137 -0.0108506 0.0034479 0.000861397 0.011294 -0.00883055 0.00434468 0.00810717 
0.00282052 0.00107241 -0.000257355 0.0145351 -0.00379036 -0.00208847 -0.0121456 0.0100834 0.00208905 -0.000491874 0.00166454 -0.0135393 -0.0235891 -0.00728782 -0.00376298 -0.00415354 -0.0128187 0.0248283 -0.0273219 -0.00784311 -0.0244891 -0.0068467 -0.0112485 0.0247476 -0.00247953 0.0307101 0.0281585 0.0117961 -0.00124229 0.00230276 0.0563123 0.000368322 -0.00051494 -0.00635482 0.0270352 3.55957e-05 -0.00795813 -0.00187297 -0.00211845 -0.00175397 0.00698222 0.00151106 0.00100684 0.00216036 0.00119253 -0.016387 0.00172678 -0.00246879 0.00294162 0.000426999 -0.000226193 -0.000256218 -7.61326e-05 -0.00188798 -0.0265365 -0.00667382 0.00348721 0.0126746 -0.026446 0.00852959 0.00354385 -0.0117645 -0.006358 0.00320254 -0.00109586 0.000221882 0.0128959 0.00990349 0.0239619 0.00334825 0.000919683 0.000780152 -0.00362919 0.0111705 -2.6285e-05 -0.00134366 -0.0248755 0.00982299 0.00594988 0.00764181 -0.00291743 0.00105653 -0.00343635 0.00331436 -0.000438012 -0.000695911 -0.0208149 -0.0052248 0.000674384 0.00292583 -0.00172341 0.000187184 -0.0239531 -0.0159152 -0.001056 -0.00247283 -0.000894289 0.0178761 -0.00111634 -0.00391727 
-0.000210464 -8.25169e-05 0.000277809 -0.000290535 -0.000131077 0.00220799 0.00166718 -0.000168714 -0.000286562 0.000684097 0.000944532 -0.00164405 5.08482e-05 -0.00129018 -0.000696731 -0.00149412 0.00228316 0.000469189 -0.00200469 -0.0009975 -0.00127231 -0.00221166 -0.00179911 -0.00195057 -0.000563506 -0.00114835 -0.000489496 0.000334907 0.000304077 0.00220002 0.000368322 0.0108611 -0.000322834 -0.00141701 0.00259766 0.000239595 -0.000747602 -0.000664536 -0.00104271 -0.000126496 -3.23453e-05 0.00212058 9.89996e-05 0.000135632 7.27032e-05 -0.00290226 0.000622294 -0.000397148 0.000174039 0.00117006 0.000755493 -9.44968e-05 -3.62629e-06 -0.000137981 -0.00130656 -0.000371532 -2.63852e-05 -0.000648773 -0.0018599 0.000861891 -0.000297158 0.00216744 -0.000349309 0.000506412 0.000371722 3.7734e-05 -0.000910302 -0.000575602 -0.00172664 0.00253273 0.000511618 0.000205647 0.000685695 -0.0020473 6.89223e-05 0.000234259 0.000348339 -0.000189991 0.001949 -0.000574607 0.0022099 -3.86803e-05 -7.96356e-05 -1.6104e-05 -0.000155182 -0.000733403 -0.000956169 -0.000328061 0.000765162 -2.76151e-05 -0.000263119 2.98084e-05 -0.00278846 -0.00155303 1.41446e-05 -3.1756e-05 0.000164421 -0.000389994 6.71892e-06 0.000554595 
-0.000711192 0.00162265 -0.000372873 -0.00020046 -0.00232668 -0.00403404 -0.0102638 0.00185639 0.0125158 -0.000397991 -0.000627704 -0.00687618 -0.0116277 -0.0142166 -0.00393085 0.0168448 -0.0142805 -0.00155063 -0.0143507 -0.00269525 -0.0118611 0.0145668 -0.00267132 0.0172405 -0.00415503 0.00745938 0.00731957 -0.00148352 0.0023728 -0.00551296 -0.00051494 -0.000322834 0.0453193 0.0173688 -0.00288008 -0.000855088 -0.00472085 -0.00367549 0.0157213 0.00279654 0.00140275 -0.00276463 0.000168411 0.000316853 0.000572978 0.00607628 0.000112858 0.00135963 0.000706679 -0.000135796 -0.00115227 0.000800134 6.42049e-05 -0.00139746 -0.0187727 -0.00357843 4.55418e-05 0.00146031 -0.0177853 -0.00137138 -0.000880203 -0.0122497 -0.000782146 0.0105798 -0.00104071 2.98372e-05 -0.0020919 0.0125428 0.0173519 -0.00138635 -0.000266487 0.00114277 -0.00438605 0.0144232 0.000682808 -0.000660479 -0.0181508 -0.000610826 -0.00291009 -0.00213367 -0.00234251 -0.000124136 0.000813704 0.00154541 0.00154701 0.014554 -0.0116799 -0.00312985 -0.000458899 0.000302122 9.40463e-05 -2.88028e-05 -0.0136855 -0.0106882 0.00146687 0.00627242 -0.0015752 0.00975173 0.000355378 -0.0042105 
-0.00517079 0.00231857 -0.0012506 -0.001263 -0.00826151 -0.0182905 -0.0136672 -0.00282295 0.0220651 -0.00214705 -0.0110827 -0.027509 -0.03629 -0.0471099 -0.0123879 0.0620969 -0.0652071 -0.00384438 -0.0106542 -0.0246583 -0.0152862 0.0284503 -0.0241821 0.0793051 -0.016355 0.0449195 0.0381722 0.0113122 -0.0022115 -0.016939 -0.00635482 -0.00141701 0.0173688 0.189388 0.00370977 -0.000102378 -0.0366866 0.00429457 0.0735021 0.0138859 0.00407869 -0.012876 -0.000952533 0.00583405 -0.00918613 0.00698853 -0.0017089 -0.0109023 -0.00503684 0.00333588 -0.00468498 -0.00257935 -0.000360645 -0.000252708 -0.0469243 -0.0207647 -0.00223037 -0.000934909 -0.0729003 0.000741368 -0.000798751 -0.0442684 -0.0136709 0.0630771 0.004626 -0.000156307 -0.0299008 0.0386551 0.0600207 0.00451231 0.00495775 -0.00248666 -0.0114513 0.0823788 0.000138221 -0.00418141 -0.0669352 -0.00289859 -0.0299432 -0.00938268 -0.00752455 -0.00289665 0.00895082 0.0121161 0.00101044 0.0571764 -0.0196019 -0.0140111 -0.00327391 0.00375684 0.00551814 -0.000313121 -0.0693106 -0.0421754 -0.00715821 0.0103816 0.00533465 0.0410835 -0.00512507 -0.0245503 
-0.000449253 -5.6623e-05 -0.000699373 0.0104236 -0.0150269 0.00430353 0.00352142 0.00477925 -0.000300163 0.000235224 0.00111702 -0.0196646 -0.0115401 -0.0243938 -0.00130413 -0.0169876 -0.0111822 0.0195428 -0.0169761 -0.020794 -0.0185514 -0.00952056 -0.0112548 0.0313469 -0.00517551 0.0180784 0.0129374 0.0117238 -0.00374589 0.00864951 0.0270352 0.00259766 -0.00288008 0.00370977 0.12334 -0.000353296 -0.0167457 -0.00286971 -0.00647345 -0.00587998 0.00566562 0.00542602 0.000620157 0.00468201 -0.00224753 -0.0171765 0.00227658 -0.00708717 0.0018385 0.00346255 3.18487e-05 -0.000967332 -0.000486595 -0.00343835 -0.0123943 -0.0119889 0.00203353 0.0125774 -0.0150936 0.00567627 0.00099002 0.00847295 -0.00558386 0.00983064 0.00028862 0.000333222 0.00599211 0.00656032 0.00719535 0.00904018 -0.00150167 0.000540646 0.00359124 -0.000843449 -0.000250845 0.000191732 -0.0205253 0.0103955 0.0128191 -0.000503501 0.00379331 0.00127059 -0.000792177 0.00174403 -0.000743562 0.00116497 -0.0186254 -0.00517203 0.000728593 0.00133104 -0.00225765 -4.48493e-05 -0.0327863 -0.0251874 -0.00145975 -0.00489642 0.0037774 0.0117475 -0.00387373 -0.0106777 
