0.0169226 9.32213e-05 -7.56926e-05 0.0016695 -0.00122509 0.000457373 0.000419643 -4.96356e-05 0.00073571 0.00146537 9.6911e-05 -0.000432306 3.87784e-05 -0.00953553 0.000322697 -0.00091098 -0.00147225 -0.00578944 0.000187685 0.00361995 0.00174654 -0.00989211 -0.00244769 0.00112856 0.00331446 0.00514103 0.00208466 0.00288685 0.00529597 -0.000280315 -0.000193877 -0.000280254 -0.000474755 0.000377829 -0.00342234 -0.00380082 -0.00154625 0.000131658 -0.000151077 8.2732e-05 5.00264e-05 -0.000386652 -7.97921e-06 0.000345143 0.000175183 0.000266438 -0.000679649 -7.03757e-05 -0.000836582 0.000434381 0.00329825 8.26402e-05 0.000419307 0.00507709 -0.000164979 2.93533e-05 -0.00681088 6.08536e-05 0.00044469 0.000280502 -0.00115504 3.20502e-05 1.52982e-05 -0.0108971 9.05547e-05 -0.00098586 0.00942906 6.17717e-05 -4.10366e-05 -0.00205554 -3.42936e-05 0.000317618 0.000739553 3.97223e-06 0.00143074 -0.000262632 0.00119774 0.0010626 0.000388161 0.00225884 -0.00657582 -0.000551264 0.000355124 0.000101526 0.000496589 2.88849e-05 7.29844e-05 1.38854e-06 -0.00581905 0.000733151 0.000145692 -0.000278158 0.000428155 0.000367734 0.000637684 1.44825e-05 2.98913e-05 0.00023356 -8.1397e-05 -0.000183649 
9.32213e-05 0.0169722 0.00216206 -3.87975e-05 0.000558678 0.000592469 0.000362207 -8.99815e-05 0.000388173 -0.00286961 0.000315894 0.0043236 0.00473902 -0.00365298 -0.00138504 0.000754255 -0.000155458 -0.00105043 -0.00447262 -0.0042913 -0.00211849 -0.000286663 -0.00142929 2.49597e-05 -0.000484362 -0.00338721 0.000692105 -0.000190925 -0.000857383 -0.000845392 2.80764e-05 -0.00722202 0.000157958 0.000102823 -0.00383983 0.0050316 0.000880063 6.4141e-05 -0.000255309 3.96665e-05 2.23041e-05 -0.000457464 -3.63162e-05 8.96326e-05 0.000335779 -2.5538e-05 -0.000702637 -9.10046e-05 -0.000680076 1.29419e-05 0.00317877 2.29825e-05 3.5395e-05 -0.000420472 -0.00161782 1.46725e-05 -0.00331386 1.2111e-05 -0.000158014 4.32275e-05 0.00546968 1.6529e-05 0.000676828 -0.00180205 -6.98278e-06 -0.00281275 -0.0041412 0.00194881 0.00024665 -0.00234176 -0.000500872 0.00405211 -0.000155073 5.55529e-06 -0.000262121 0.001875 -7.32087e-05 0.000510265 -8.46075e-05 1.92977e-05 -0.00546178 0.000351187 -0.000274825 -0.000454259 0.000579093 -3.18946e-06 2.60397e-05 -1.04771e-05 0.00427225 0.00197723 -1.1127e-05 0.000944831 0.000352707 0.000375082 -0.000288668 1.83661e-05 -0.000161073 0.000201213 -0.000225067 -0.000472369 
-7.56926e-05 0.00216206 0.0320724 -0.00111683 -0.000995742 -0.000267085 -0.000293803 -0.000156929 0.00016856 -0.0167558 9.9451e-05 0.00644912 -9.56477e-05 -0.00657995 0.00395156 0.000693114 -6.78443e-05 -0.000689134 5.62274e-05 -0.004592 0.00172083 -0.00087549 0.000329157 -0.00012713 -0.000916142 -0.000700744 -0.0004243 -0.00049245 -0.0025798 -0.00136962 -0.000396106 -0.0106123 -2.73093e-05 2.46918e-05 -0.00707044 -0.00106824 -0.00716543 -6.03171e-05 -0.000695806 -6.77862e-05 -2.82583e-05 -0.000848859 -1.9612e-05 0.000789547 -0.000283202 2.78762e-05 -0.00110689 3.55881e-05 0.00087411 -2.22064e-05 0.00600471 -5.38834e-06 0.000948936 0.000116633 -0.0121938 -1.01923e-05 -0.00284219 4.05984e-06 -0.00100213 0.000403513 0.00936344 0.000172584 0.000180404 -0.00401458 -2.36087e-05 0.0027119 0.00086504 0.00130337 -0.000372936 -0.00225433 -0.000944033 0.011217 -0.000534689 -3.77496e-06 0.00136071 0.00430974 -0.000135503 -0.000375946 -0.000129376 1.27336e-05 0.000735461 0.000637159 -0.000502362 8.46653e-05 0.000814384 -7.32657e-06 -1.2427e-05 5.33557e-06 0.00272593 0.00106825 -0.000157299 -0.000435587 -0.000106761 0.000297588 -0.000606413 0.000128171 -0.00020797 0.000307097 0.000391937 -0.000101597 
0.0016695 -3.87975e-05 -0.00111683 0.062677 -0.00252727 -0.0002328 -0.000682339 -4.76414e-05 9.66855e-06 -0.0150896 7.06635e-05 -0.00137542 -0.00410828 0.000544062 0.000350605 -0.00305214 -0.00224084 -0.000325592 0.00339334 -0.000268056 -0.00950317 -0.00726961 0.00030447 0.00412791 0.00388872 0.00388259 -0.00218462 0.00382183 0.00327024 0.000643503 0.00057986 -0.0115622 -0.0017526 -0.000169203 -0.0131396 -0.000539098 -0.00887741 2.95962e-05 0.00386096 -0.000698124 -2.20077e-05 0.000286013 0.000442328 -0.000938731 -1.62949e-05 -2.58119e-05 -0.00127069 -0.000478792 0.00532972 0.00036371 -0.00130405 0.000308876 -0.000328911 0.00463743 -0.00837397 -3.75588e-05 0.00384601 -0.000144422 0.00137943 -1.23385e-05 -0.00133085 0.000207047 0.000220819 -0.00298374 0.000943197 0.00372649 0.00511487 0.00123162 -0.000564818 -0.00255349 0.00388059 0.000178184 -0.000502875 -1.46256e-05 -0.00113712 -0.00213837 0.00026918 0.000842637 -0.000428522 -0.000694043 -0.00556906 -0.00163893 0.0017236 0.00396758 -0.000708929 -3.57126e-07 9.04165e-05 0.000158299 -0.00990373 -0.000601509 -0.000262017 -0.000754717 -3.70499e-05 -0.000213204 -0.000663782 -4.40167e-05 -0.000175135 -0.000140086 -0.000175413 0.00071865 
-0.00122509 0.000558678 -0.000995742 -0.00252727 0.0748117 -7.77479e-05 0.000532024 0.000379555 -0.000510817 0.00372545 5.87767e-05 0.00101875 0.00416737 0.00249623 -0.00358921 0.0119773 -0.00113545 0.00199562 -0.00701514 -0.0132702 -0.00734989 -0.00732911 -0.00967603 -9.92366e-05 0.00728827 -0.00812731 0.00140938 -0.00240085 -0.00730253 -0.00126985 0.00138765 0.00136963 0.00278913 -0.000269722 -0.00520525 0.0176136 -0.0103147 -0.000166066 0.0025614 0.000760766 -0.000159993 -0.00162237 0.000328504 0.000229864 -0.00054958 -0.000274557 -0.00352539 -7.0211e-05 0.0123774 -9.09313e-05 -0.00110239 -5.66291e-05 -0.000288601 -0.00234638 -0.00907048 -9.3225e-05 0.00304114 -0.000133162 -0.00327212 -3.32422e-05 0.00389322 -1.98494e-05 -1.77033e-05 0.00389634 -7.98589e-05 -0.00202117 -0.0159445 5.88885e-05 0.000598577 -0.00600536 0.00227843 -0.00246311 -0.000366732 -1.70687e-05 -8.96089e-05 -0.00193407 -0.000575677 -0.00232254 -0.000291215 -0.00138493 -0.019126 0.00389284 -0.00158006 -0.00108444 0.00113821 -2.1789e-05 5.37443e-05 -3.93652e-05 0.00160533 0.000165449 0.000202942 0.000334885 -1.68162e-05 0.000708623 -0.00133397 3.17305e-05 -0.000696976 -0.000292847 -0.00225423 0.000788985 
0.000457373 0.000592469 -0.000267085 -0.0002328 -7.77479e-05 0.0142651 -9.54303e-06 6.42615e-05 0.000150597 -0.00143832 3.58923e-05 0.000450151 -0.000109405 -0.00568508 -0.00109361 -0.00101672 -0.000302082 -0.00178067 -0.000945519 -0.000421839 -0.000920193 0.00025251 -0.000631471 -0.000351015 0.000101991 -0.0019129 0.000180624 0.000811101 0.00243182 0.000824752 -9.38619e-05 -0.00192349 0.000956939 0.00047249 -0.00162364 -0.000443845 -0.00103391 -2.33109e-05 -0.000302215 4.05681e-05 1.16466e-05 -0.000424826 7.13445e-05 0.0003293 -6.36918e-06 -3.89629e-05 0.00126304 5.49262e-05 -0.000765152 0.000200173 0.000722711 3.8852e-05 0.000382089 0.00112861 0.00282664 -1.61271e-05 -0.00240468 6.07647e-06 -0.000315473 -1.43116e-05 -0.000708489 -3.5618e-06 3.09815e-05 -0.00533263 -7.77488e-06 -0.000267452 0.00358301 0.000212974 -0.000109637 -0.000465167 -0.000183178 0.000596713 0.00100178 -1.36282e-06 7.88567e-05 0.000376414 0.000421431 -0.000518488 0.000161627 -0.000127638 -0.00237323 0.00110988 -3.7229e-05 0.000749059 0.000631155 2.44245e-05 -3.14816e-06 9.05392e-05 -0.00196377 0.000496659 0.000206476 -0.000215413 0.000437309 0.000113868 -0.000207741 2.99227e-05 7.06923e-05 -2.99442e-05 -0.000142682 -0.000223128 
0.000419643 0.000362207 -0.000293803 -0.000682339 0.000532024 -9.54303e-06 0.021684 5.39704e-05 0.00033921 0.00636251 -1.07597e-05 0.000834567 0.00137427 -0.0002809 -0.00134759 0.000387489 0.0002196 -0.000861015 -0.00475958 -0.00430354 0.00201446 -0.00292369 -0.00806408 -0.00053615 -0.00081642 -0.00533205 9.42857e-05 -0.000388778 -0.00134959 -0.00115565 -0.000105269 -0.00114485 2.54495e-05 -0.000167008 0.00308362 0.00247226 0.000799858 -7.51603e-07 -0.000172979 0.000106908 3.28565e-05 -0.000643138 -7.18563e-05 -0.000229221 0.00017829 -6.58479e-05 -0.000927713 -0.000188059 -0.0015449 -3.13015e-05 0.000761201 -2.98757e-05 -9.76741e-05 0.000228744 0.00302409 7.31871e-05 -0.00306672 -2.44702e-05 -0.00111733 4.93712e-05 0.00109088 3.7021e-06 -2.09806e-05 0.00242258 0.000175421 -0.00207155 -0.00494679 -4.06974e-05 -0.00044447 -0.00233272 -0.000737631 -0.000788641 -9.85839e-05 6.50117e-06 -0.000733619 -0.00077804 -9.93588e-05 -0.000429129 -4.12377e-05 -0.000389677 -0.00505 -0.000955018 0.0011535 -0.000530751 -5.19827e-06 -3.27648e-06 -8.8607e-06 -5.08756e-05 0.00434648 0.000676468 -2.26016e-05 0.00530877 0.000122122 -4.67318e-05 0.00187061 1.85825e-05 -0.000167502 0.000132596 0.00026458 0.000431513 
-4.96356e-05 -8.99815e-05 -0.000156929 -4.76414e-05 0.000379555 6.42615e-05 5.39704e-05 0.0103197 -6.02382e-05 -0.00342293 -1.32112e-05 0.000238733 0.000690078 -0.000851509 0.000507134 0.000768291 -4.69487e-05 -0.000253695 0.00146091 -0.000193325 -0.00126328 -0.0030977 -0.00133078 0.000628614 0.000279034 -9.92904e-05 -0.000626512 0.00136604 0.00119089 0.000144993 -9.08066e-05 -3.26573e-05 -0.000236781 0.000340273 -0.00292958 -0.00155746 -0.000406784 -2.06809e-05 0.000127832 0.000156861 0.000132678 9.08145e-06 3.8831e-05 -2.09147e-05 0.000180661 0.000171329 -0.000298628 -7.03669e-05 0.000129367 1.74507e-05 0.000289096 3.34785e-05 8.31995e-05 0.000133454 -0.000556636 3.4198e-05 -0.00166038 3.52101e-05 -6.21417e-05 4.16289e-05 0.000420546 8.03407e-06 0.000165951 -0.00122138 5.1485e-05 0.000276689 0.000726964 0.00022579 0.00024041 -0.000831304 0.000527812 -0.000145642 5.54147e-05 -1.94865e-06 0.000562847 0.000682006 -3.82985e-05 -0.000300079 3.32905e-05 -4.64524e-05 -0.0023805 -0.000469812 0.000209861 0.00130617 -6.91993e-05 1.97664e-05 1.58493e-06 1.35086e-05 -0.00169103 1.68957e-05 -5.95062e-05 -0.000139118 0.000206877 8.06423e-06 0.000118981 -5.68604e-06 2.53218e-06 0.000116519 0.000160396 0.000742137 
0.00073571 0.000388173 0.00016856 9.66855e-06 -0.000510817 0.000150597 0.00033921 -6.02382e-05 0.0126829 -0.00291623 2.72153e-05 -0.000155874 0.000760848 -0.00112315 0.00135118 0.00226122 -0.000535148 -0.000573336 -0.000352818 -0.00228359 0.000658801 -0.00150483 -0.00107889 0.000687454 -6.18753e-05 0.000399837 0.000300541 0.000430767 0.000571711 0.000350706 0.000104205 -0.00504548 -0.000390168 3.57759e-05 -0.00102386 -0.000993671 -0.00158906 -1.83946e-05 -0.000107937 0.000182023 0.000120995 -0.000200163 -3.06205e-05 4.28256e-05 -0.000271161 0.000132253 0.000847283 0.000119986 -0.000779506 9.65887e-05 -0.000135903 -1.12096e-05 -2.15543e-05 -3.43305e-05 -0.0015061 1.1544e-07 -0.00232479 3.66346e-05 0.000803405 0.00012422 0.000303773 1.43677e-05 0.000565111 -0.0017175 4.9494e-05 0.00088956 0.000742073 0.000520066 0.000348891 0.00134584 7.37281e-05 -4.56357e-05 -0.000167119 2.85202e-05 0.000472185 0.000408194 7.6595e-05 -0.000314843 -3.06947e-05 -0.000210655 -0.0040705 0.00034386 -0.000212374 -0.000533716 -0.000146034 1.04729e-05 -2.43979e-06 4.43881e-05 0.00148741 6.66032e-06 0.000263386 -0.000188949 2.57562e-05 0.0001785 0.000116983 1.12224e-05 0.000124612 8.54607e-05 -0.000164552 -1.27896e-05 
0.00146537 -0.00286961 -0.0167558 -0.0150896 0.00372545 -0.00143832 0.00636251 -0.00342293 -0.00291623 0.248093 -0.000622014 -0.0119675 0.000477016 0.0192662 -0.0296853 0.000132001 0.00556698 0.00105765 -0.0499126 -0.0482233 0.027484 0.0423029 -0.00622771 -0.0150341 -0.0100438 -0.0301858 0.011705 -0.0141379 -0.0245231 -0.016351 -0.00286903 0.0370009 0.00384654 -0.00560399 0.0667849 0.00415366 0.0419734 0.000791195 -0.00709803 -0.000724234 -0.000721464 -0.000745546 -0.00142664 -0.00122094 0.00191024 -0.00160305 -0.00880335 -0.00321129 -0.0241352 -0.00131948 -0.0109597 -0.000600711 -0.00262103 -0.00654821 0.0152633 -0.000177966 -0.0105552 -0.000968321 -0.000673831 -0.00100984 -0.0118562 -0.000311791 -0.00198402 0.0192813 -0.000781034 -0.0669106 -0.0287597 -0.00733515 0.00250803 0.00675112 -0.0170829 -0.020646 -0.00402769 -0.0001426 -0.0111508 -0.0167278 -0.00301452 -0.0106921 -0.00190796 -0.00427424 0.0110357 -0.0194279 -0.00917007 -0.0197358 0.000287354 -0.000109477 7.23361e-05 -0.00102886 0.0809337 -0.00521523 0.00129031 0.00801332 -0.00167042 0.000189898 -0.00136006 -0.000251718 -0.00186845 -0.00278308 -0.00292325 -0.00357244 
9.6911e-05 0.000315894 9.9451e-05 7.06635e-05 5.87767e-05 3.58923e-05 -1.07597e-05 -1.32112e-05 2.72153e-05 -0.000622014 0.00400815 0.000636833 0.001146 -0.000520268 -0.000307221 0.000210798 -0.000220461 -0.000304589 -0.000112571 -0.000118378 -0.00106793 -0.000619107 -0.000764308 -3.75223e-05 0.000169472 -0.000287675 -0.000239121 0.000216498 1.53036e-05 -0.000135312 0.000361393 -0.000508239 7.67434e-05 1.6669e-05 -0.00115501 5.37726e-05 0.000756837 1.75096e-06 0.000188574 0.000107492 7.12619e-05 -0.000112479 2.59746e-05 -2.86248e-05 -5.71069e-05 -1.22169e-05 -0.000176927 0.000115028 0.000214434 4.15759e-06 0.000184987 9.58355e-06 -1.25036e-05 0.000253483 0.000161052 1.50017e-06 -0.000649386 -4.54545e-06 -8.09201e-05 -3.80989e-07 0.000152225 1.03064e-05 0.000201996 -0.00041034 2.3486e-05 -0.0004406 -0.000287204 -1.03047e-05 9.03254e-05 -0.00067908 -5.88722e-05 0.000145285 3.34608e-05 2.26358e-07 -0.000110024 1.36051e-05 -1.45117e-05 0.000209301 0.000113125 -1.44373e-05 -0.00117359 0.000179629 -1.155e-05 -8.15036e-05 -3.89701e-05 1.27513e-05 -6.24115e-07 9.52343e-06 6.90492e-05 0.000190923 -9.18884e-06 0.000355343 8.99785e-06 -1.20373e-05 5.37323e-05 3.8473e-06 1.65772e-06 -8.23696e-06 2.54007e-05 -7.6898e-05 
-0.000432306 0.0043236 0.00644912 -0.00137542 0.00101875 0.000450151 0.000834567 0.000238733 -0.000155874 -0.0119675 0.000636833 0.0380744 0.00472626 -0.00661484 -0.000161752 0.0061097 0.000149674 1.1343e-05 -0.00745351 -0.00936802 -0.0095133 -0.00219024 -0.00319166 -0.00088372 -0.00122872 -0.00829531 0.00504373 -0.000882874 -0.0022695 -0.000966672 0.000666163 -0.0112574 0.000451361 0.000545278 -0.0097702 0.0122113 -0.00500095 -6.58125e-05 -0.000845406 -0.000190348 0.000118308 -8.98981e-05 9.82419e-05 0.000793805 0.000211104 9.82124e-05 -0.000240654 0.000237508 -0.000925216 -7.22277e-05 0.0134974 0.000133839 0.000152333 0.000121956 -0.00422407 5.74637e-06 -0.00398389 0.000100334 -0.00200885 8.30847e-05 0.00673538 0.000145534 0.000261356 -0.000706888 0.000368105 -0.00117286 -0.00586375 0.00534284 -0.000366754 -0.00309242 -0.000651831 0.00751735 -0.000133914 -2.4395e-06 3.20338e-06 0.0025499 -0.000355476 -0.00113256 0.000229777 -4.73032e-05 -0.00518955 0.00175429 0.000547862 -0.000285197 -8.47029e-05 3.51267e-05 -8.62496e-06 -1.65411e-05 -0.00426105 0.00446056 0.000446337 0.000512414 0.000526887 0.000363427 0.000611396 8.44852e-06 -0.000335549 0.000228381 -0.000944103 3.61706e-05 
3.87784e-05 0.00473902 -9.56477e-05 -0.00410828 0.00416737 -0.000109405 0.00137427 0.000690078 0.000760848 0.000477016 0.001146 0.00472626 0.0873095 -0.00498966 -0.00660392 0.00336181 0.000256588 -0.00053453 -0.00704395 -0.00593906 -0.007378 -0.0149941 -0.0112056 0.00159516 -0.00180139 -0.00781592 -0.00512192 -0.00158671 -0.00153303 -0.0018053 0.00133595 -0.00621533 0.00575073 -0.000803023 -0.00671246 0.00790418 0.00749275 6.24138e-05 0.00387058 0.00125616 0.000245219 -0.00340279 -0.00018492 -0.000407771 -0.001445 -0.000234056 -0.00464756 0.000896598 -0.00421914 -0.000150531 0.00314661 -4.62371e-05 -0.000208928 -5.98749e-05 0.00717383 -0.000107507 -0.0246421 -0.000124901 -0.00316379 9.62822e-05 0.013207 4.68218e-05 0.000613149 0.00540098 4.32407e-05 -0.0126115 -0.0135389 0.00435499 0.000169177 -0.0128106 -0.00179818 0.00103959 -0.000110575 3.69406e-05 -0.00168327 -0.00101466 -0.000538831 0.00117453 0.000107456 -0.000516915 -0.02038 -0.00313457 0.00204032 0.000790462 -0.000155816 -1.37158e-05 0.000121897 -0.000139502 0.0209001 0.00443337 0.000143402 0.0051191 -0.000152989 -5.30283e-06 -0.00015101 0.000108574 -0.000551799 -0.000231871 -0.00101558 0.000272737 
-0.00953553 -0.00365298 -0.00657995 0.000544062 0.00249623 -0.00568508 -0.0002809 -0.000851509 -0.00112315 0.0192662 -0.000520268 -0.00661484 -0.00498966 0.144333 -0.00876554 -0.00709479 0.00651565 0.00982386 0.00345094 -0.0100726 -0.00664494 0.0310825 0.0094938 -0.00573487 -0.019129 -0.0415905 -0.00817828 -0.00583585 -0.0132123 -0.00283822 0.00232054 0.00959653 -0.00534756 -0.00483604 -0.000143431 0.00740797 0.0150601 -0.000316682 0.00153086 -0.00219225 -0.000724388 0.00546191 0.00024178 -0.00192341 0.00303958 -0.000289454 -0.00252356 -0.00229955 0.00307896 -0.00185343 -0.0157503 -0.000383248 -0.00424229 -0.010321 0.00748771 -0.000371124 0.0542258 -0.000927364 -0.00364352 -0.00193422 0.0050802 -0.000164975 -0.000961924 0.0624098 -8.58117e-05 -0.0102375 -0.0579526 -0.00389361 -0.000259962 0.00588972 -0.00854202 -0.0219131 -0.0020802 -0.000126854 -0.0174522 -0.0228432 -0.0024978 -0.00643372 -0.00201957 -0.0126464 0.0201726 -0.00539489 -0.0127256 -0.00931163 -0.00428009 -0.000331516 -0.000316231 -0.000527826 0.0133214 -0.00775758 -0.000104491 0.00113519 -0.00391083 -0.00382744 0.000129453 -6.01954e-05 -0.00231968 0.000624165 0.00275073 0.00196214 
0.000322697 -0.00138504 0.00395156 0.000350605 -0.00358921 -0.00109361 -0.00134759 0.000507134 0.00135118 -0.0296853 -0.000307221 -0.000161752 -0.00660392 -0.00876554 0.0829917 0.00940363 -9.62057e-05 -0.00436941 0.0260396 0.00898034 0.00592553 -0.0288428 0.00271565 0.0091258 -0.00206956 0.0296711 -0.00230522 0.00326409 0.000289644 0.000397569 -0.00126487 -0.0136961 -0.00225672 -0.000372463 -0.0184054 -0.0128102 -0.0238564 -0.000125579 -0.00222875 0.000351677 -0.000169792 -0.000606925 0.000155084 -0.000498578 0.000526611 0.000213784 0.000126211 0.000916422 0.00258594 -6.47656e-05 -0.000489605 4.05716e-05 0.00161533 -0.000581169 -0.0362616 -6.22867e-05 -0.005678 0.000583533 -0.0018581 0.00135558 -0.00108919 5.93959e-05 0.000432204 -0.0125543 0.000151706 0.0330951 -0.00117558 0.0053939 -0.000546244 -0.00426034 -0.00128465 0.00613281 -0.00163658 3.49407e-05 0.0199269 0.00669459 0.00225913 -0.00333151 0.00159089 0.00422019 -0.00699389 -0.00291551 -0.000941237 -0.00346006 -5.65894e-05 -5.03267e-05 0.000124596 5.21874e-05 -0.0245253 0.000957677 -0.000288853 -0.00349771 -0.000456592 0.000851462 0.000393734 4.14421e-06 0.00130794 0.000220451 0.00308718 0.000224421 
-0.00091098 0.000754255 0.000693114 -0.00305214 0.0119773 -0.00101672 0.000387489 0.000768291 0.00226122 0.000132001 0.000210798 0.0061097 0.00336181 -0.00709479 0.00940363 0.107436 0.000896046 -0.00151133 -0.00128695 -0.0345111 -0.00438409 -0.0146231 -0.0070455 0.00502219 -0.000133833 0.0208041 0.00471544 -0.00212892 -0.0051769 -0.00517826 -0.000392011 -0.0149533 0.000408245 -0.000682619 0.000340072 0.00980411 -0.0198012 -0.000172 -0.00268463 0.000372318 -0.000133868 -0.00132116 -0.00035447 0.000731216 -0.00145857 -0.000227463 -0.0048655 0.000752493 -0.00645932 2.89017e-05 0.00417275 -3.46735e-06 0.00136301 -0.00220989 -0.0398172 -9.75779e-05 -0.00066437 0.000114128 -0.0050365 0.00174907 -0.00533269 0.000114467 0.00201908 -0.0030162 0.000360378 -0.0024188 -0.019906 0.011455 -0.000462 -0.0132302 0.00130869 0.00625111 -0.00221161 1.65924e-05 0.0107053 0.0140904 -0.000726074 -0.00447106 -0.000648174 0.00321518 -0.0139078 -0.00484548 -0.000495031 -0.00156562 0.000452222 -3.35397e-05 0.0001722 -1.87871e-05 0.00778995 0.00382352 6.928e-05 -0.000676536 0.000474772 5.54523e-05 0.0038682 1.68183e-06 0.000210142 -0.00058584 0.00112713 0.00159074 
-0.00147225 -0.000155458 -6.78443e-05 -0.00224084 -0.00113545 -0.000302082 0.0002196 -4.69487e-05 -0.000535148 0.00556698 -0.000220461 0.000149674 0.000256588 0.00651565 -9.62057e-05 0.000896046 0.0139251 0.00275307 -0.00107973 -0.00450341 -0.000517681 0.00283961 0.0012192 -0.00171879 -0.00343025 -0.000772453 -0.000444186 -0.00203143 -0.00238256 -0.000426495 -0.000161088 0.00374147 -0.000614146 -0.00179812 0.00329866 0.00157728 0.000816194 -7.00334e-05 -0.00126491 -0.000761324 -0.000383092 2.95142e-05 -0.000125281 -2.73497e-05 0.000279018 -0.000275121 -0.00020221 -0.000503294 -0.00179082 -0.00115055 0.000194625 -0.000140792 -0.000502244 -0.00243875 0.0012015 -0.000212518 0.00534955 -9.69036e-05 -0.00215644 -0.000177129 0.000291806 -2.75382e-05 -0.000239227 0.00538292 -0.00020522 -0.00267582 -0.00429286 7.28989e-05 -4.69751e-05 0.000831744 -0.00332355 -0.000667103 -0.00202057 -5.86493e-05 -0.00162251 -0.000779608 -0.000894419 -0.00234302 -0.000447824 -0.00134134 0.00627566 -0.00196524 -0.00156273 -0.00211243 -0.000263303 -6.46024e-05 -6.45897e-05 -0.000271894 0.00463311 -0.000287753 -0.000140028 0.000132521 -0.000653335 -0.00028647 9.44109e-05 -0.000119335 -0.000570402 -0.000601888 -5.97464e-06 -0.000156384 
-0.00578944 -0.00105043 -0.000689134 -0.000325592 0.00199562 -0.00178067 -0.000861015 -0.000253695 -0.000573336 0.00105765 -0.000304589 1.1343e-05 -0.00053453 0.00982386 -0.00436941 -0.00151133 0.00275307 0.0379624 -0.00442571 -0.0140982 0.00218195 0.0101536 0.00122061 -0.00133731 -0.00173424 -0.00170392 -0.00459008 -0.0067899 -0.00918179 -0.000146214 -0.000877721 0.00408661 -0.000332123 -0.00066566 0.00385343 0.00857721 -0.00300678 -0.000234514 -4.15356e-05 -0.000838113 -0.00100604 -0.00192543 -0.000283785 -0.000656878 -0.000402679 -0.000608606 0.000918463 -0.00101116 0.000263676 -0.000981538 -0.000957683 -0.000144426 -0.0028002 -0.00400577 0.0046191 -0.000217168 0.00830906 -0.000750707 -0.00396181 -0.00108695 0.00192087 -3.50466e-05 -0.000229727 0.0159482 -0.0002669 -0.00123246 -0.00714719 -0.00154126 -0.000347358 0.00329362 -0.00190393 -0.00181466 -0.00313979 -5.1084e-05 -0.00456739 -0.00379643 -0.00351465 -0.00396345 -0.001253 -0.00394023 0.0123743 0.000427385 -0.00169486 -0.00111507 -0.00227239 -3.55168e-05 -0.000116024 -0.000237832 0.0100523 8.19953e-06 -0.000647365 8.23768e-05 -0.00118516 -0.00167985 -0.00164995 -0.000181592 -0.000513535 -0.000898808 -0.00042355 -0.001651 
0.000187685 -0.00447262 5.62274e-05 0.00339334 -0.00701514 -0.000945519 -0.00475958 0.00146091 -0.000352818 -0.0499126 -0.000112571 -0.00745351 -0.00704395 0.00345094 0.0260396 -0.00128695 -0.00107973 -0.00442571 0.214105 0.0394058 -0.0252831 -0.0550149 0.00391282 0.0147293 0.016692 0.0871526 -0.0116392 0.010077 0.0159089 0.0121055 -0.00296762 -0.00336262 -0.00882582 -0.0034139 -0.07092 -0.0261684 -0.0253898 -0.000480139 0.00548881 -0.000885508 0.000198382 0.00397155 0.000333133 -0.00311434 -0.00363113 0.00129231 -0.00302982 0.00117984 0.00345907 7.3659e-05 -0.00934159 -6.12665e-05 0.000530413 -0.00204266 -0.0256144 4.69112e-05 -0.00444427 0.00067768 0.00487369 0.00122385 -0.00492349 -2.43031e-05 0.000365575 -0.0245772 5.8798e-05 0.030512 0.0309942 0.00261478 -0.00312568 -0.0369816 0.008291 -0.00255474 -0.00229769 9.18634e-05 0.0122368 0.00371287 0.002865 -0.0141425 0.00217453 0.00261417 -0.0299026 0.00260055 0.00499099 0.015089 -0.00153038 -0.000102192 8.99402e-06 -0.00013704 -0.090116 -0.00245793 -0.00143755 -0.00864708 -0.00131021 -0.000703309 -0.00419831 -0.000420194 0.00192263 -0.000351721 -0.00246459 0.0137264 
0.00361995 -0.0042913 -0.004592 -0.000268056 -0.0132702 -0.000421839 -0.00430354 -0.000193325 -0.00228359 -0.0482233 -0.000118378 -0.00936802 -0.00593906 -0.0100726 0.00898034 -0.0345111 -0.00450341 -0.0140982 0.0394058 0.239549 -0.0169912 -0.0246757 0.0146324 0.00611255 0.000693912 0.015976 -0.0145888 0.0065549 0.0167418 -0.0017917 4.05244e-06 0.00715291 -0.00847281 -0.00117399 -0.0322386 -0.0648555 0.0298303 -0.000667456 0.00614112 0.000321369 0.000982527 -0.00241744 0.000888838 -0.00408629 0.00354944 0.00136206 -0.00968949 -0.000234489 0.00600712 0.000277062 -0.00299639 -0.000288715 -0.000243253 0.00304438 0.0595186 1.12322e-05 -0.0381864 0.000557259 0.00844278 0.000319726 -0.0208467 -1.81809e-05 -0.000841413 -0.0259939 7.52311e-05 0.0214746 0.0313757 -0.00880465 -0.00564204 -0.00955775 0.00944181 -0.00196476 0.00754283 5.4164e-05 0.000713805 -0.0100175 0.00449003 0.0251303 0.00170469 0.00432841 -0.0140547 0.00584759 0.00802133 -0.00227101 -0.00328857 -3.32121e-05 -0.00016295 0.000330046 -0.0915338 -0.00280997 -0.00140603 -0.011784 -0.000904676 -0.000718408 -0.00453136 -0.000404951 -0.000238554 0.000575559 -0.00408876 0.000190501 
0.00174654 -0.00211849 0.00172083 -0.00950317 -0.00734989 -0.000920193 0.00201446 -0.00126328 0.000658801 0.027484 -0.00106793 -0.0095133 -0.007378 -0.00664494 0.00592553 -0.00438409 -0.000517681 0.00218195 -0.0252831 -0.0169912 0.214565 0.0219999 0.00393853 -0.00163331 -0.0187807 0.0115022 0.00042116 0.00269937 0.00624003 -0.017373 -0.00585553 0.00935638 -0.000380271 -0.000628155 0.00829251 -0.0134029 -0.00870502 5.92703e-05 -0.00803627 0.000932781 -0.000489475 -0.0013319 -0.000596493 -0.00120512 -0.0102774 0.00030921 -0.0091456 -4.80485e-05 -0.0183832 -0.000109806 -0.0012959 -0.000227455 0.000677508 -0.000313158 -0.029715 -0.000160543 -0.0526335 0.000195304 -0.000105485 -0.000738408 0.00651408 -0.000209316 -0.000553773 -0.013466 -0.000490109 0.0165127 0.0248318 -0.00497389 -0.000853603 0.00270482 -0.010348 -0.0002916 -0.00285108 6.66451e-06 0.00697482 -0.00256837 0.00172149 -0.0120309 -3.56019e-05 0.00180659 -0.0117669 -0.0124218 -0.0130493 -0.013388 0.0017124 -0.000280303 0.000140854 -0.000896186 0.0238944 -0.00148576 -0.00038122 0.000268594 -0.00431623 -0.00165037 -0.00362415 9.42045e-05 0.00101042 -3.31452e-05 0.00266128 -0.00730343 
-0.00989211 -0.000286663 -0.00087549 -0.00726961 -0.00732911 0.00025251 -0.00292369 -0.0030977 -0.00150483 0.0423029 -0.000619107 -0.00219024 -0.0149941 0.0310825 -0.0288428 -0.0146231 0.00283961 0.0101536 -0.0550149 -0.0246757 0.0219999 0.170623 0.0183609 -0.0149448 -0.0252923 -0.0393959 -0.000267259 -0.0122488 -0.0235623 -0.00594395 -0.00165941 0.0106325 0.00346992 0.000450197 0.0506062 0.00338035 0.037711 1.07792e-05 -0.00804408 -0.00175119 -0.000170951 0.000327298 9.04343e-05 -0.000439782 -0.00255962 -0.00129517 0.000492678 -0.0046694 -0.011068 -0.00158718 -0.011419 -0.000459688 -0.00353802 -0.0104276 0.00979741 3.19137e-05 0.0254044 -0.00105125 0.00900834 -0.00166319 0.000326055 -0.000358518 -0.00170327 0.0314437 -0.000855282 -0.0293506 -0.0365126 -0.0104494 -0.00335377 0.0242064 -0.0176149 -0.00649375 0.00105547 -8.57315e-05 -0.0212294 -0.00938379 -0.00448005 0.000897296 -0.0027625 -0.00837274 0.0376467 -0.00240829 -0.0211934 -0.0204118 -0.00143983 -0.000125389 -0.000222442 -0.000861863 0.0548819 -0.00758885 0.000276654 -0.00566111 -0.00256042 -0.00138643 -0.00635184 -0.000300406 -0.00274105 -0.00145111 -0.00263136 -0.0118225 
-0.00244769 -0.00142929 0.000329157 0.00030447 -0.00967603 -0.000631471 -0.00806408 -0.00133078 -0.00107889 -0.00622771 -0.000764308 -0.00319166 -0.0112056 0.0094938 0.00271565 -0.0070455 0.0012192 0.00122061 0.00391282 0.0146324 0.00393853 0.0183609 0.0582958 -0.00130316 -0.00722476 0.00742602 -0.00829705 -0.00243011 0.0015138 -4.89577e-05 -0.00185165 -0.000252509 -0.00550684 -0.000782587 -0.0028169 -0.00488987 0.00817528 -0.000147396 -0.00328561 -0.00133882 -0.00013908 0.00146758 -0.000155559 -0.000795994 -0.000396085 0.000114978 0.000238044 -0.000630705 -0.00288608 -0.000608747 -0.0027335 -0.00014343 -0.00068594 -0.00367801 -0.00701617 -5.06139e-05 0.0166254 -0.000101018 0.00299513 -0.000421415 -0.0124185 -0.000149994 -0.0010418 0.000730539 -0.00043229 0.00675128 0.00229436 -0.00113227 -0.000820245 0.00339986 -7.02682e-05 0.000134965 -8.22975e-05 -3.88337e-05 -0.00056934 -0.00110553 5.52266e-05 0.000902868 -0.000122142 0.000250061 0.0152063 -0.00197116 -0.00336011 -0.00282826 -0.000232025 -0.000120323 -4.9734e-05 -0.000124984 -0.00746076 -0.00336516 -0.000434041 -0.0192768 -0.00166461 -0.00054497 -0.00560242 -0.000197142 -5.01005e-05 0.000187113 -0.00143243 -0.00248202 
0.00112856 2.49597e-05 -0.00012713 0.00412791 -9.92366e-05 -0.000351015 -0.00053615 0.000628614 0.000687454 -0.0150341 -3.75223e-05 -0.00088372 0.00159516 -0.00573487 0.0091258 0.00502219 -0.00171879 -0.00133731 0.0147293 0.00611255 -0.00163331 -0.0149448 -0.00130316 0.0363203 0.00100406 0.0141262 0.000614443 0.00331333 0.00286302 0.0015464 -0.000391665 -0.00882921 -0.0012668 -0.000272193 -0.0101559 -0.00887473 -0.00797937 -4.01426e-05 -0.000288018 -7.14825e-06 0.000336128 -0.00109402 0.000106453 0.000359557 0.000421267 0.000581175 -0.00101778 0.000733459 0.0014983 0.000193975 0.000269623 2.16855e-05 0.00027141 9.12539e-05 -0.00909286 -2.18949e-06 0.00296627 0.000272503 -0.000136747 0.00114207 -0.00203492 1.69186e-05 0.00133605 -0.00920952 4.4285e-05 0.000638104 0.00161025 0.00246778 0.000146671 -0.00680165 -0.000454322 0.00228511 5.85188e-05 3.29908e-05 0.0047339 0.00215102 0.00125435 -0.000714458 5.25416e-05 0.000684802 -0.0085226 -0.00146541 0.00133962 -0.000974018 -0.00034122 2.89475e-05 2.1349e-05 0.000156658 -0.0134328 0.000266242 -0.000126876 -0.000389752 0.000166069 0.000145678 9.42286e-05 1.5519e-05 0.000173838 0.000462249 0.00462307 0.000415217 
0.00331446 -0.000484362 -0.000916142 0.00388872 0.00728827 0.000101991 -0.00081642 0.000279034 -6.18753e-05 -0.0100438 0.000169472 -0.00122872 -0.00180139 -0.019129 -0.00206956 -0.000133833 -0.00343025 -0.00173424 0.016692 0.000693912 -0.0187807 -0.0252923 -0.00722476 0.00100406 0.0597362 0.0053828 0.00321626 0.000856327 -0.00230969 -1.53005e-05 0.000303326 -0.000190165 -0.000123335 0.000752892 -0.0107759 0.0112755 -0.0107088 0.000140394 0.00280667 0.00137878 3.66625e-05 -0.000783935 -5.41164e-06 -0.000702013 -0.0012866 -0.000175863 -0.00132793 0.0015683 0.00861244 0.00122648 0.00278796 0.000258433 0.000520197 0.00619743 -0.0064813 -1.92895e-05 -0.0103793 2.342e-05 -0.0011136 0.000198526 -0.00186702 0.000107593 0.0002481 -0.00868617 9.75404e-05 0.00875378 0.00668825 -0.00101933 -0.00118835 -0.00854612 0.0122225 0.000691096 -0.000967919 4.4497e-05 0.0032405 -0.000130688 7.62897e-05 0.00133258 9.41715e-05 0.00120081 -0.0196239 0.00283823 0.00626006 0.0135711 0.00010542 3.14386e-05 3.31042e-06 -4.59646e-06 -0.0195909 0.00125021 -0.000151031 -0.000468029 0.000714292 0.00168731 -7.29661e-05 -5.51357e-05 -0.000176278 5.21911e-05 -0.00176363 0.00183562 
0.00514103 -0.00338721 -0.000700744 0.00388259 -0.00812731 -0.0019129 -0.00533205 -9.92904e-05 0.000399837 -0.0301858 -0.000287675 -0.00829531 -0.00781592 -0.0415905 0.0296711 0.0208041 -0.000772453 -0.00170392 0.0871526 0.015976 0.0115022 -0.0393959 0.00742602 0.0141262 0.0053828 0.220751 -0.00784199 0.00376007 0.0143682 0.000421472 -0.00407232 -0.00558532 -0.00761233 -0.00277202 -0.0239985 -0.0555354 -0.0452121 0.000173158 -0.00609896 0.00153402 -0.000392714 -0.00174105 -0.000572168 -0.00274582 -0.00649802 0.00129542 -0.00600328 0.000153613 -0.0103047 0.000460204 0.00150067 -3.05738e-05 0.00210108 0.000147251 -0.0674621 -0.000220496 -0.0276204 0.00124188 0.00612442 0.00203304 -0.0188393 2.92551e-05 0.000971046 -0.0657052 8.17938e-05 0.0195352 0.0621941 0.00594942 -0.00191085 -0.0204377 0.0031701 0.00997455 -0.00433631 6.77773e-05 0.01796 0.0178502 0.00304663 -0.0114466 0.00106421 0.0104122 -0.000474428 -0.00531739 0.00582631 -0.00173298 -0.00196896 -6.98725e-05 0.000147582 -4.35647e-05 -0.0445513 0.00241918 -0.00118395 -0.00966299 -0.000283434 -4.64325e-05 -0.00450626 -0.000400464 0.00228793 -0.00185146 0.00230719 0.00387161 
0.00208466 0.000692105 -0.0004243 -0.00218462 0.00140938 0.000180624 9.42857e-05 -0.000626512 0.000300541 0.011705 -0.000239121 0.00504373 -0.00512192 -0.00817828 -0.00230522 0.00471544 -0.000444186 -0.00459008 -0.0116392 -0.0145888 0.00042116 -0.000267259 -0.00829705 0.000614443 0.00321626 -0.00784199 0.0754286 -0.000512871 -0.00102655 -0.00180485 -0.000740185 -0.00617298 0.00412118 0.000796814 0.00786415 0.008665 -0.00796747 5.69872e-05 -0.00112644 -0.000244153 3.89476e-05 -0.00128168 -0.000135683 0.0054322 0.00100057 -0.000140302 0.000801423 9.30563e-05 -0.0028269 -8.34041e-05 0.0096416 -6.43339e-05 0.0005203 -0.000416833 -9.92026e-05 -9.47773e-05 -0.000766427 -3.96869e-05 -0.0020769 0.000304342 -8.65236e-05 -6.35176e-06 -0.000260938 -0.00808148 -0.000126316 -0.00901955 -0.0109088 0.00185086 0.00145702 -0.00399407 -0.00236599 6.38868e-05 -0.000849794 -2.77859e-06 -0.000565842 7.92088e-05 0.000187153 -0.00253036 -0.000245254 0.00134285 -0.00453669 0.00019568 -0.00139414 -0.00394793 0.000233715 -1.1141e-06 -4.67739e-05 1.33124e-05 -0.0109908 0.00116322 0.00198171 0.000332393 0.00224853 0.00148808 -0.000723511 0.000145908 -0.000326414 -0.000209025 -0.000626621 -0.00180913 
0.00288685 -0.000190925 -0.00049245 0.00382183 -0.00240085 0.000811101 -0.000388778 0.00136604 0.000430767 -0.0141379 0.000216498 -0.000882874 -0.00158671 -0.00583585 0.00326409 -0.00212892 -0.00203143 -0.0067899 0.010077 0.0065549 0.00269937 -0.0122488 -0.00243011 0.00331333 0.000856327 0.00376007 -0.000512871 0.0348268 0.00898457 0.00355476 -0.000224622 -0.0019938 -0.00117581 0.00133869 -0.0117837 -0.00929157 -0.00426421 -5.88255e-05 0.000953064 -0.000515987 0.000377569 -0.000678216 0.000271842 -3.73946e-05 0.000234218 0.000612112 0.000734755 0.000135545 0.0011001 0.000746303 -0.000759117 9.36515e-05 0.000323655 0.00428901 -0.000781463 7.24683e-05 0.000645775 0.000219699 0.00309643 5.86737e-05 -0.00155937 3.44959e-05 0.000510241 -0.0121493 0.000142027 0.00337985 0.01201 -0.000753687 -0.000722689 -0.00476323 0.00139371 -0.000596559 0.00219528 2.55559e-05 0.00149921 0.000585967 0.00106678 0.000542405 0.000341233 0.000652858 -0.0140158 -0.000498489 0.000995406 0.00239219 0.000310231 1.74974e-05 6.80452e-05 1.15345e-05 -0.0157368 -0.000303977 -0.000114167 -0.000191865 -5.13055e-05 -9.7791e-05 0.000665026 -2.31006e-05 0.000538342 0.000692617 0.00137199 0.00103096 
0.00529597 -0.000857383 -0.0025798 0.00327024 -0.00730253 0.00243182 -0.00134959 0.00119089 0.000571711 -0.0245231 1.53036e-05 -0.0022695 -0.00153303 -0.0132123 0.000289644 -0.0051769 -0.00238256 -0.00918179 0.0159089 0.0167418 0.00624003 -0.0235623 0.0015138 0.00286302 -0.00230969 0.0143682 -0.00102655 0.00898457 0.0887082 0.0117471 -0.000473758 -0.0053293 -0.00261145 0.00101578 -0.0305664 -0.0163661 -0.00704578 4.37412e-05 -0.00259134 -0.000503661 0.00058519 -0.00160856 -0.000313201 -0.000535 0.000117601 0.000674411 0.00108733 7.30433e-05 -0.00107759 0.000126292 0.00138593 9.33908e-05 -8.7608e-05 0.00196058 0.00508789 4.93184e-05 -0.00922454 0.000601655 0.00277444 0.000274987 -0.00860106 -4.43503e-05 0.000117969 -0.0313979 6.99503e-05 0.0139325 0.0354076 0.00171331 0.00395639 -0.00959844 0.00299195 0.00262495 0.00326094 1.6001e-05 -0.000669259 -0.00113729 0.00215429 -0.0023462 0.00181048 0.0030389 -0.0156802 -0.00282619 0.00523739 -0.000531169 -0.000851127 0.000140266 -3.55148e-06 0.000660917 -0.0243384 0.00137902 -0.000347742 -0.00300853 0.000238763 -0.0003751 -0.00163218 -9.87472e-06 0.0023655 0.00130328 0.00139667 -0.000909749 
-0.000280315 -0.000845392 -0.00136962 0.000643503 -0.00126985 0.000824752 -0.00115565 0.000144993 0.000350706 -0.016351 -0.000135312 -0.000966672 -0.0018053 -0.00283822 0.000397569 -0.00517826 -0.000426495 -0.000146214 0.0121055 -0.0017917 -0.017373 -0.00594395 -4.89577e-05 0.0015464 -1.53005e-05 0.000421472 -0.00180485 0.00355476 0.0117471 0.0565155 -0.000607369 -0.00693138 -0.00164173 -0.000207747 -0.0155514 -0.0112547 -0.00364173 -8.24254e-05 0.000669239 -0.000704154 5.7287e-05 0.00040102 0.000116616 -0.000652771 -0.000498239 -0.00018961 0.0120874 -0.000155329 -0.00136161 -7.74628e-05 -0.00150577 3.14979e-06 -0.000292062 -0.00199262 0.0014494 -2.98541e-05 0.0118255 -4.02697e-05 0.00228435 -0.000221817 -0.00463324 -1.48917e-05 -1.47231e-05 -0.00682441 -7.95276e-05 -0.000899997 0.00514306 -0.000767791 0.0022139 0.00337518 0.000555524 -0.00177993 0.000724134 1.26125e-05 -0.00145549 -0.000524849 -0.000199659 -0.00240134 0.000695692 -0.00110292 -6.16556e-05 0.00325645 0.00159605 0.00123334 -8.85925e-05 0.000178714 -8.74815e-06 0.000226817 -0.00528317 -0.000424284 -0.000223224 -0.00229475 2.33942e-05 0.000332477 -0.000871854 -8.68388e-05 0.000654217 -0.000350969 -0.00103178 0.00144313 
-0.000193877 2.80764e-05 -0.000396106 0.00057986 0.00138765 -9.38619e-05 -0.000105269 -9.08066e-05 0.000104205 -0.00286903 0.000361393 0.000666163 0.00133595 0.00232054 -0.00126487 -0.000392011 -0.000161088 -0.000877721 -0.00296762 4.05244e-06 -0.00585553 -0.00165941 -0.00185165 -0.000391665 0.000303326 -0.00407232 -0.000740185 -0.000224622 -0.000473758 -0.000607369 0.0193956 0.00117506 0.000370636 0.000236347 -0.00522497 0.00324051 0.00115372 -2.27874e-05 0.000196594 7.89844e-05 0.000147014 -9.23945e-05 8.11942e-05 -9.77377e-05 0.000810169 5.66872e-05 -0.000166391 -1.46147e-05 0.00115961 2.77136e-05 1.92369e-05 4.83124e-05 -8.56161e-05 0.00142515 0.00239602 -1.93683e-05 -2.74668e-05 -4.18256e-05 -0.00114739 -6.14354e-05 0.000665258 2.50918e-05 0.000170613 0.00243523 3.47039e-05 -0.00209812 -0.00415304 -0.000595566 8.38192e-05 -0.00146788 8.78729e-05 -0.000414528 0.00049284 -5.71216e-07 -0.000601216 -0.000700719 -9.33533e-05 0.00216387 -4.04588e-05 -0.000387692 -0.00161285 0.000728935 5.88252e-05 -0.000172432 -0.000191982 2.02151e-05 -5.67284e-06 5.79212e-06 -0.00105872 0.000100358 1.74851e-05 0.000107567 5.73408e-05 -0.000117856 -7.66468e-05 -2.71923e-06 -2.95421e-05 -8.04873e-06 -8.70197e-05 -0.000158226 
-0.000280254 -0.00722202 -0.0106123 -0.0115622 0.00136963 -0.00192349 -0.00114485 -3.26573e-05 -0.00504548 0.0370009 -0.000508239 -0.0112574 -0.00621533 0.00959653 -0.0136961 -0.0149533 0.00374147 0.00408661 -0.00336262 0.00715291 0.00935638 0.0106325 -0.000252509 -0.00882921 -0.000190165 -0.00558532 -0.00617298 -0.0019938 -0.0053293 -0.00693138 0.00117506 0.13473 -7.44329e-05 -0.00156898 0.0130982 -0.00946468 0.00925185 0.000152402 -0.00112017 -0.00100222 -0.000297759 0.0017548 -0.000981829 -0.00257893 -0.00264129 -0.0012377 -0.00507369 -0.00131999 0.00149837 -0.000907745 -0.0131224 -0.000237312 -0.00151904 0.000527613 0.0230563 -0.000379719 -0.000915972 -0.000672963 -0.00301019 -0.00104521 -0.0164523 -0.000575124 -0.0025018 -0.000303872 -0.000564826 -0.0160452 0.00975365 -0.0257821 -0.00445144 0.000882173 -0.00605026 -0.0110044 -0.00109128 -0.000152159 -0.00704017 -0.00900774 -0.00113992 0.000714866 0.000441431 -6.31759e-05 0.0192716 -0.00804942 -0.00169827 -0.000273559 -0.00115924 -9.38163e-05 -0.000131323 -1.22844e-05 -0.00344319 -0.00598424 -0.000448096 -0.000515065 -0.00146726 -0.00139433 0.00270186 -0.000276911 0.000603532 -0.00233195 -0.00134253 0.000569827 
-0.000474755 0.000157958 -2.73093e-05 -0.0017526 0.00278913 0.000956939 2.54495e-05 -0.000236781 -0.000390168 0.00384654 7.67434e-05 0.000451361 0.00575073 -0.00534756 -0.00225672 0.000408245 -0.000614146 -0.000332123 -0.00882582 -0.00847281 -0.000380271 0.00346992 -0.00550684 -0.0012668 -0.000123335 -0.00761233 0.00412118 -0.00117581 -0.00261145 -0.00164173 0.000370636 -7.44329e-05 0.0361635 0.000543739 0.00892233 0.0040714 -0.00147106 -2.16858e-05 0.00124004 0.000159437 2.78226e-05 -0.000746407 -0.000120067 -2.19728e-05 -0.000124529 -0.000113892 -0.00123942 0.000474237 -0.000702719 0.000173054 0.000457879 -1.74635e-06 0.000511134 -0.00133325 -0.00108868 -3.11368e-05 -0.0105556 -5.09403e-05 -0.00124451 7.55637e-06 0.00178468 -1.26745e-05 -8.35041e-05 -0.000720964 -4.73117e-05 -0.00406993 -0.0070961 -0.00116236 8.63425e-05 -0.0008024 -0.00123149 0.000842335 0.00030832 1.43667e-05 -4.10507e-05 0.00053623 -0.00021377 -0.000379067 -1.62907e-05 0.000129963 -0.00117737 0.000421996 -0.000980968 -0.000124949 0.000248658 -1.25469e-05 3.52598e-05 -6.7105e-05 0.00516191 -0.000149617 0.000493566 0.00173561 1.58263e-05 0.000329629 0.000207032 0.000175656 -0.000321844 -0.000276578 -0.000666882 -5.82184e-05 
