0.0172407 -1.19098e-05 2.42533e-07 0.00106953 -0.00277714 0.0024772 -0.00144179 -0.000411622 9.99587e-05 0.000609947 1.5772e-05 -0.00326026 -2.39941e-05 -0.00433327 -0.000364792 -0.00767137 -0.00380203 0.00351249 0.00333507 4.87858e-05 -0.00191432 0.000401845 -0.000138888 0.00636131 0.00362166 -0.00716626 0.00235024 -0.0023346 -0.000481624 -0.0032456 -7.45683e-05 0.00124177 0.000371208 0.0019431 9.4873e-05 -0.00418874 -0.00234522 0.00245049 -0.000186959 -8.69949e-05 0.000904028 -1.48648e-05 5.29042e-05 3.57347e-05 0.00022767 0.00237321 -1.09931e-05 0.000656823 0.000328197 0.000287195 -0.000547782 -0.000141805 -0.00458919 2.18584e-05 2.75256e-05 4.53819e-05 1.33271e-05 -0.000558678 -0.000538918 7.15351e-06 0.00016029 -0.000236482 0.00148269 4.87826e-05 0.00145759 -0.00272294 -0.000307316 3.50401e-05 0.000223407 1.18516e-05 -0.00160151 0.000456327 0.000493139 -5.2566e-05 0.00137863 -0.00178402 -0.000992445 -0.000233529 0.00161036 2.16778e-05 0.000290848 3.32464e-06 -8.78335e-05 4.53583e-05 0.000362052 0.000306384 2.16171e-05 -2.97699e-06 3.06384e-05 -0.00369734 0.00236945 9.09582e-05 -0.000105918 4.57901e-05 2.1069e-05 0.000401448 0.000150608 0.000281648 -0.00256838 0.00302918 
-1.19098e-05 0.00764117 5.88578e-06 0.000261675 -0.00132773 0.000434375 0.000482897 0.000299842 -8.5987e-06 0.000114504 2.19752e-06 -0.00246916 0.000236874 0.00139288 0.000110496 -0.00109281 -0.00132628 -0.000122694 -0.000213768 7.68e-05 -0.000827987 -0.00282377 -0.000477341 -0.000146593 0.000828477 -0.0018932 0.000115049 0.000212259 0.000612247 -0.00208689 -0.000158064 8.30965e-05 -0.000313093 -0.000108916 -5.61215e-07 -0.0021965 0.000838625 0.000772944 0.000108934 -3.06582e-05 -0.000505899 -9.25968e-06 2.14245e-06 1.70612e-05 2.21721e-05 -2.1251e-05 -9.21327e-05 0.00056717 -1.11296e-05 -8.2377e-05 0.000216278 -7.66026e-05 0.000441368 5.93224e-05 -1.32232e-05 0.000108846 -1.3443e-05 -4.48093e-05 0.00120713 4.60852e-06 -0.000341042 0.001364 8.16647e-05 9.40883e-06 -2.94743e-05 -0.00137777 2.41971e-05 7.79634e-06 0.000333915 -8.85831e-08 0.00020784 -6.78353e-05 7.42594e-05 0.000153025 -0.000163004 -0.00161433 0.000336499 0.000274136 1.07735e-07 8.45291e-06 0.000150805 5.55456e-06 -3.84836e-05 5.87401e-06 4.78931e-05 0.00111917 3.05498e-05 0.000141558 0.000117135 -0.000248483 0.00011312 8.08595e-05 -4.81723e-05 -1.29205e-05 6.17783e-05 8.67478e-05 4.60635e-05 -0.000235665 -0.000208371 0.000732556 
2.42533e-07 5.88578e-06 0.000768741 4.35964e-05 -0.000418719 -1.83531e-05 -4.67053e-05 -2.60343e-05 -1.14052e-06 2.47756e-05 -5.05775e-07 -0.000205798 -4.34689e-06 -0.000104732 3.84976e-05 -0.000253905 -0.00012529 0.000224198 8.30748e-05 2.03643e-05 1.20482e-05 -8.47902e-05 -0.000185628 -4.84275e-05 3.03421e-05 -1.36758e-05 3.89181e-06 0.00013836 4.81231e-05 -9.66469e-05 1.13252e-05 2.40461e-05 5.02481e-05 -1.69929e-07 -5.70358e-07 -0.000274254 -0.000140507 0.000134294 -1.74043e-05 2.36639e-06 3.34125e-05 5.15223e-06 3.19565e-05 -1.55707e-06 8.63142e-07 2.82339e-05 9.83511e-06 4.72707e-06 3.08321e-06 1.47205e-05 -1.52607e-05 -1.248e-05 -1.21062e-05 1.583e-05 1.85405e-05 -1.48644e-06 -7.56819e-07 7.77741e-05 -1.6733e-06 6.62721e-08 -2.30891e-05 7.5918e-06 2.5302e-06 2.00966e-06 3.27395e-05 -0.000197229 2.61199e-05 -1.73684e-07 1.22013e-05 7.97255e-08 9.0321e-06 4.18207e-05 3.02188e-06 3.78067e-05 4.08302e-05 -0.000153441 3.51804e-05 -2.51374e-06 9.50045e-05 -9.89291e-08 1.70499e-05 1.36154e-07 -1.0984e-05 9.74156e-06 3.98107e-06 1.32165e-05 1.99973e-05 3.71285e-07 6.56202e-07 -1.98225e-05 -1.77031e-05 2.29251e-07 1.48819e-05 2.77528e-08 1.76921e-06 3.67255e-05 1.7642e-06 3.60415e-05 -7.12156e-05 0.000198022 
0.00106953 0.000261675 4.35964e-05 0.0105495 -0.00147496 0.000461294 0.000401665 -0.000450256 0.000131186 3.16264e-05 -1.4135e-05 -0.00417178 -1.49955e-05 -0.00279099 0.000148147 -0.00241342 -0.00217908 0.00275585 0.00181189 0.000122194 -0.00093102 -0.00348668 -0.00134853 0.00138072 0.00192459 -0.00329218 0.00222827 0.0009995 -0.000317261 -0.00311417 0.000201787 0.000285277 -0.000582496 9.74153e-05 6.35536e-05 -0.00148834 -0.00138866 0.000813808 7.59478e-05 2.62002e-05 -0.000983842 3.89129e-05 4.30948e-05 -8.94284e-06 7.1496e-06 0.00124687 -0.000119232 0.000772914 6.37251e-05 0.000735717 -0.000287535 0.000360403 -0.000402535 0.000144292 9.37459e-05 -2.30874e-06 -6.94599e-06 0.000549353 0.000230029 -6.31778e-05 -0.000384724 -0.000101203 0.00102328 -1.8807e-05 0.000613278 -0.00189796 7.46887e-05 1.01644e-05 6.75969e-05 4.86339e-05 0.000116913 6.39079e-05 0.00010008 -1.1563e-05 0.00136825 -0.00153668 -0.000499453 1.04245e-05 0.00154719 2.63454e-05 4.98274e-05 5.20756e-06 1.30013e-05 -2.51853e-05 0.000119675 0.000123489 2.56743e-05 0.000229165 4.04564e-06 -0.00303911 0.00111433 9.84446e-05 0.000204291 -1.11563e-05 8.19753e-06 0.000107206 5.17572e-05 -6.00864e-06 -0.000909127 0.00237794 
-0.00277714 -0.00132773 -0.000418719 -0.00147496 0.222838 -0.0017006 0.0225122 0.00634729 0.000567603 -0.000855922 0.000155493 -0.0215305 0.00026038 -0.0266404 -0.0107569 0.0152796 0.0177565 -0.0580109 -0.0302163 -0.00200214 -0.00189812 -0.000249257 0.00664121 0.00403555 -0.0203582 -0.0509722 -0.00205014 -0.0246103 0.000778722 0.0133964 0.00467719 -0.00164974 0.0115705 0.00144771 -0.000536599 0.0412599 0.0274857 -0.0379224 0.000755348 -0.000424405 -0.011788 0.000147072 -0.000275865 -6.2018e-05 -0.0013046 -0.0057806 -0.00049688 -0.00481175 -0.000923299 -0.00468216 -0.00642945 -0.00139181 -0.00227257 -0.000160683 -0.00452648 -1.25911e-05 3.55881e-05 -0.00499007 -0.00851263 -0.00280165 0.0126231 -0.00411912 -0.00211909 0.000351621 -0.00279354 0.0310809 -0.00235582 -8.30868e-05 -0.00363895 -4.82903e-05 0.0338031 -0.000546036 0.000148121 -0.0026356 -0.00503136 0.0174301 0.0110132 2.91012e-05 -0.00553254 -1.39246e-05 -0.00189915 -1.78304e-05 0.00246686 0.000636829 -0.00156947 -0.00227856 -0.00125135 -0.00177403 3.50522e-05 -0.0586325 -0.000981656 -0.00208936 -0.00471467 -0.00157269 -0.000193037 -0.0159559 -0.000545919 -0.00788036 0.0149642 -0.0326502 
0.0024772 0.000434375 -1.83531e-05 0.000461294 -0.0017006 0.0433609 -0.000318323 -0.000977478 -0.000228654 0.00027249 -2.54816e-05 0.000152839 -0.000131176 -0.00804019 4.92948e-05 -0.0117173 -0.00593972 -0.000648569 -0.00116208 6.0466e-05 0.000816486 0.0087838 0.000821183 0.00298316 0.00385356 -0.0145321 -0.000587705 -0.0129033 -0.000152044 -0.00539595 -0.00136734 0.000861087 -0.00141698 0.00244693 3.15905e-05 -0.00348496 -0.0066205 0.00895464 -0.000352091 -0.000117408 0.0022493 -3.30954e-05 6.62615e-05 6.81731e-06 0.000262584 0.0023205 -0.000184796 0.00098876 0.000384409 0.000584499 -0.00147054 -0.00147303 -0.0113125 -2.38891e-05 0.000476401 0.000267434 6.37856e-05 -0.00121098 -0.00112029 -4.1695e-05 0.00191406 -0.000293888 0.000659646 -5.00038e-05 0.00101839 0.000728679 -0.000245266 0.000154503 0.000499636 5.43533e-06 0.005581 0.000374406 3.62216e-05 -3.10273e-05 -0.00135686 -0.00181502 0.000493778 -0.000469377 0.000552823 2.90784e-06 9.32197e-05 2.38163e-06 -0.000412584 -4.66112e-05 0.000246495 7.38613e-05 4.99177e-05 0.000493468 4.89662e-05 -0.00302562 0.000965954 1.47473e-05 0.000350132 0.000175048 4.71313e-05 0.00179318 2.28278e-05 -0.000436011 -0.00341046 0.00541093 
-0.00144179 0.000482897 -4.67053e-05 0.000401665 0.0225122 -0.000318323 0.125968 0.00764154 -0.000618598 -0.00119565 -0.000134863 -0.0543584 -3.54607e-05 -0.0167234 0.00599458 0.00523904 0.00476468 -0.0183163 -0.00375123 -0.000361266 -0.00222211 -0.0392325 -0.00765151 -0.0189691 -0.00155415 -0.0456711 0.00646891 0.00143001 -0.00422564 0.00091169 -0.00074983 0.000429317 0.00838374 0.00197146 -0.00016395 0.00451123 0.00385185 -0.0120854 0.00716893 -0.0006286 -0.0142564 0.000409756 -0.000197138 4.07874e-05 -0.000239566 -0.00226769 -0.00228203 -0.00105013 -0.000345116 -0.000364699 -0.0029931 0.00403691 0.026512 -0.000922541 -0.00149356 -0.000451275 -0.000264561 -0.00466152 0.000786915 -0.000990297 0.00603508 -0.00262196 -0.000409528 -3.80248e-05 -0.0011739 0.0212869 0.0017307 0.000230737 -0.000242698 -4.23902e-05 0.0453054 -0.0012555 0.00125491 -0.00150368 -0.0027794 -0.0315685 0.0182107 -0.00024475 -0.00144611 4.48197e-06 -0.000252431 -4.13638e-06 0.00319203 0.000633553 -0.000254668 -0.00110246 -0.000399134 -0.000908485 0.00011967 -0.0191065 -0.00230927 -9.2388e-05 -0.00109657 -0.000231324 -0.000232871 -0.0128642 -9.78939e-05 -0.00589464 0.0199724 -0.00648629 
-0.000411622 0.000299842 -2.60343e-05 -0.000450256 0.00634729 -0.000977478 0.00764154 0.0909148 -0.000102087 0.000244811 0.000117136 -0.0340416 -0.000542029 -0.00334899 -0.00455661 0.0025142 -0.00350908 -0.00885971 0.00557312 -8.15867e-05 -0.000478157 -0.0255787 0.00110368 -0.00973913 0.00439733 -0.0167295 0.00175772 0.00490025 -0.00133329 0.0031104 -0.000995429 -0.000304885 0.0157534 -0.00166392 -7.20456e-06 0.000250165 0.0168226 -0.00450552 0.00115931 -0.000432632 -0.000852432 0.000215467 -0.000133285 -2.06038e-05 -0.000143474 -0.00154716 -0.00091567 0.00069115 -0.000107654 -0.00125191 -0.000585639 0.00231333 0.0189226 -0.000236637 -0.000778941 -0.000283057 -0.000124504 -0.000964825 0.000228916 -4.82182e-05 0.0105028 0.00488269 2.1853e-05 -9.01477e-05 -0.000275778 -0.0130154 0.000606263 1.90698e-05 -0.000377589 1.43734e-05 -0.00244834 -0.00135264 -0.000129577 -0.000908241 -0.00273458 -0.0183692 0.00565747 0.00134032 -0.000824393 2.56627e-05 0.000225543 -1.83971e-06 -0.000477895 4.42869e-05 -3.36085e-05 0.0003614 -0.00016613 -0.000786025 -9.64066e-05 -0.018565 -0.00110352 -0.000147767 3.76586e-05 -0.000183719 -4.05625e-06 -0.00615568 -8.11191e-05 0.000951989 -0.0115652 -0.00340707 
9.99587e-05 -8.5987e-06 -1.14052e-06 0.000131186 0.000567603 -0.000228654 -0.000618598 -0.000102087 0.0101978 -5.21678e-05 2.41332e-05 -0.00294486 1.84098e-05 -0.00338596 0.000471312 -0.00355689 -0.00024901 -0.00133026 0.00204901 7.04977e-05 -0.0023252 -0.00136167 -0.000455807 0.00145725 0.00102103 0.000479826 0.000545382 0.00202674 -0.000155433 -0.000953894 0.000453994 -1.81344e-05 0.00129444 0.000286486 1.99971e-06 0.000482057 -0.000306934 -0.000919575 -2.94654e-05 0.000257634 -0.0012004 -9.41837e-06 4.66117e-05 -5.53385e-06 -2.62416e-05 -0.000175166 0.000150207 -4.8684e-05 -1.51275e-05 0.000246126 -0.000477882 -0.000287817 0.00013023 0.000138879 -7.68407e-05 -1.42367e-05 8.84996e-05 -8.6093e-05 -0.000396916 -5.62884e-05 -3.28738e-05 -0.000276778 3.69422e-05 4.56581e-05 1.51921e-05 0.000767111 -1.71694e-05 4.6538e-06 -2.32776e-05 3.67401e-05 -0.00227437 -6.62301e-05 6.29281e-05 -2.10183e-05 0.00128354 0.00249869 -1.24001e-05 -0.00013124 8.94796e-05 1.22392e-05 3.14189e-05 7.40027e-07 7.20508e-06 1.52731e-05 -1.78543e-05 -4.08954e-05 -1.53928e-05 -3.43706e-05 -1.217e-05 -0.00221934 0.00105674 0.000148276 -4.8109e-05 -3.23154e-07 3.35643e-06 -0.000653512 -8.97359e-06 0.00112673 -0.00174722 -0.000445708 
0.000609947 0.000114504 2.47756e-05 3.16264e-05 -0.000855922 0.00027249 -0.00119565 0.000244811 -5.21678e-05 0.0135686 -8.00353e-06 -0.000479554 -4.50076e-05 0.000526271 -0.000472171 -0.00118784 -0.00236581 -0.000485373 -0.00222811 4.59379e-05 -0.00102657 0.0013504 0.000344267 -0.00055021 0.00209133 -0.000588958 0.000349888 -0.00258793 2.12938e-05 -0.00141961 -7.06392e-05 -5.06446e-05 0.000470508 -4.66165e-05 2.58422e-05 -0.00201858 -0.00374053 0.000136704 -0.000328637 -6.638e-05 0.00104832 3.15116e-05 0.000119486 -1.08352e-05 3.19707e-05 0.000115723 0.000586849 0.000224375 5.1809e-05 -0.000202536 0.00039469 -0.000118439 8.90681e-05 -7.46312e-05 6.92994e-05 -9.04493e-06 -4.29732e-06 0.000683874 8.95593e-05 -2.32171e-05 -0.000207702 0.000132732 5.39624e-05 5.0235e-05 0.000145247 -0.0030781 -0.000278938 -1.28549e-06 -1.62868e-05 5.50671e-06 -0.00264924 -9.40195e-05 -8.0279e-05 -2.61102e-05 -1.87998e-06 0.00123421 4.01246e-05 0.000161595 -8.06072e-05 5.77693e-06 0.000203236 4.68077e-07 -0.000110089 2.1355e-06 8.31097e-05 0.000343612 0.000149528 -4.194e-05 3.68138e-07 0.00311777 -8.52348e-05 1.15688e-05 -0.000211815 3.1728e-05 -2.49402e-05 0.000128451 3.84166e-05 -0.000700437 -0.000278598 0.000575867 
1.5772e-05 2.19752e-06 -5.05775e-07 -1.4135e-05 0.000155493 -2.54816e-05 -0.000134863 0.000117136 2.41332e-05 -8.00353e-06 0.00299243 -0.000448994 5.82589e-05 0.000579701 -8.84842e-05 9.60032e-05 -2.70362e-05 -0.000149817 -0.000142583 3.27985e-06 -4.99871e-05 -8.68414e-05 -0.000812277 -1.62727e-05 -7.7271e-05 -0.000840411 2.83584e-06 -0.000662045 0.000235791 -0.000154547 6.76006e-06 5.43033e-06 9.19122e-05 -3.55857e-05 7.15534e-06 8.94209e-05 0.000458731 -0.000226613 3.10335e-05 3.44012e-06 2.40709e-06 1.63865e-05 2.62497e-06 1.47478e-05 7.35831e-06 -3.19066e-05 -1.71719e-05 1.9961e-06 -3.4523e-06 3.51293e-05 0.000190523 9.04356e-05 -0.000493562 0.000251174 -5.08488e-07 5.96065e-07 -1.67457e-06 0.000100233 0.0001166 2.76039e-05 8.78041e-05 0.00010969 2.05122e-07 4.53108e-06 -1.03005e-05 -0.000241145 1.6114e-05 -1.67542e-07 -2.87455e-05 1.03223e-06 -0.000438142 0.000191948 2.82428e-05 -2.26367e-05 5.98954e-05 -0.000376647 -7.68184e-05 1.1172e-05 -1.67704e-05 -2.96989e-07 4.97118e-07 1.08462e-06 0.000185681 5.21063e-06 -9.34037e-06 1.60445e-05 3.13003e-06 -1.74001e-05 1.2657e-05 -0.000724026 0.000138312 2.37365e-06 3.15765e-05 -6.38303e-06 2.84568e-05 0.000123378 -1.48918e-06 3.50129e-05 -0.000294919 -0.000113522 
-0.00326026 -0.00246916 -0.000205798 -0.00417178 -0.0215305 0.000152839 -0.0543584 -0.0340416 -0.00294486 -0.000479554 -0.000448994 0.233674 -0.00188809 0.0439449 -0.014791 0.0370445 -0.0013237 0.00189747 -0.0632506 -0.000398574 0.00350683 0.0672158 0.023392 0.0341393 -0.0119492 0.0599085 -0.0166545 -0.0458457 0.000755146 -0.00192289 -0.00680168 -0.00426963 -0.0451067 -0.00451727 -0.000284846 -0.00479705 -0.0408001 0.0276383 -0.00898167 0.000392949 0.0374981 -0.00108855 2.2366e-05 -0.000167675 -7.7237e-05 -0.00209475 0.0019722 -0.00106834 -0.000177689 -0.00301406 -0.0011345 -0.0196508 -0.0796382 -0.00622912 0.000817901 0.000966912 0.000472489 -0.000310709 -0.00881489 -0.00173876 -0.0169535 -0.0115189 -0.00167825 -0.000454151 -0.00411208 0.00948877 -0.000516679 -0.000234418 -0.00442474 -0.000162847 -0.0561706 0.000104177 -0.00333149 -0.000434554 -0.00778561 0.0495064 -0.0278678 -0.00509863 -0.00361621 -3.87726e-05 -0.000875029 -2.07246e-05 -0.00175451 -0.00111032 -0.000498068 -0.000116538 0.000737801 0.00194902 -5.84702e-05 0.0572923 -0.00668747 -0.00105279 -0.00305142 0.000507594 0.000235345 0.0208057 2.33348e-05 -0.00598892 -0.0394525 0.0117027 
-2.39941e-05 0.000236874 -4.34689e-06 -1.49955e-05 0.00026038 -0.000131176 -3.54607e-05 -0.000542029 1.84098e-05 -4.50076e-05 5.82589e-05 -0.00188809 0.00883333 3.26626e-05 0.000466862 -0.000938627 -0.000790742 0.000847091 0.00146492 6.53327e-05 -0.00166745 -0.00179763 -0.00200468 -5.56326e-05 -6.05896e-05 -0.00262549 0.000848604 -0.00105711 -1.72394e-05 -0.00222222 0.000495012 7.72066e-05 -0.000534845 -8.48087e-05 5.75022e-06 -0.000625206 0.000375175 -9.48982e-05 3.676e-05 3.25007e-05 -0.000281256 2.55873e-06 -1.34338e-07 7.65825e-05 -1.53682e-05 3.74666e-05 -0.000142734 1.42769e-05 1.21436e-05 7.14766e-05 0.000272654 0.00160279 -0.000342863 0.000620883 -2.1389e-05 0.000124826 2.59721e-05 -0.000218178 0.00110223 -2.7111e-05 -0.000104314 -7.81312e-05 0.000106003 8.42805e-06 -1.12111e-05 -0.000891899 1.92527e-05 5.43224e-06 -7.70037e-06 7.38886e-06 -0.000427187 0.000402754 0.000342882 0.000136974 9.11765e-05 -2.67344e-05 0.000108678 0.000285407 0.000196126 3.51692e-06 -1.49575e-05 6.0579e-06 -2.52999e-06 -1.65282e-05 7.9501e-05 0.000168284 4.04614e-05 3.37065e-05 2.83796e-05 -0.00147646 0.00016495 1.75694e-05 7.7651e-05 -5.97226e-06 0.000306623 -4.59661e-05 7.4685e-06 0.000778142 -0.000401964 0.00028106 
-0.00433327 0.00139288 -0.000104732 -0.00279099 -0.0266404 -0.00804019 -0.0167234 -0.00334899 -0.00338596 0.000526271 0.000579701 0.0439449 3.26626e-05 0.230011 -0.00845449 0.0314608 -0.006693 0.0296466 -0.0489304 -2.3509e-05 0.000255823 -0.0288705 0.00506152 -0.00632232 -0.014208 0.0382912 -0.0073426 -0.0388988 0.00483165 0.00565055 -0.00418037 -0.00287892 -0.0275158 -0.0056426 5.69484e-05 -0.0147686 -0.0155032 0.000954279 -0.00175929 -0.00131602 0.00136599 -0.000438307 -0.000392048 0.000303368 0.000721813 -0.00173657 -0.00133526 0.000378843 -0.000558049 -0.00397616 0.0094697 -0.00562837 -0.0131708 -0.00334208 0.000796349 0.00178062 -0.000161937 0.00210707 0.0198092 0.000582208 -0.0129982 0.00957638 -0.00119341 -0.000588849 -0.00245333 -0.0720618 0.00400563 -0.000142982 -0.0029098 -0.000103676 -0.0530022 -0.00123237 7.57201e-05 -0.000850623 -0.00418154 -0.0356382 -0.00028237 0.00525167 -0.00206615 -2.44247e-05 -0.000740344 -4.02674e-06 -0.00215785 -0.000880027 -0.0002839 0.00195034 0.000558915 -0.000892066 0.000110785 0.0636637 -0.00911999 0.000609511 -0.00155382 -0.000406705 -0.000166378 0.0157719 -0.000106526 -0.00553468 0.00638854 0.00301751 
-0.000364792 0.000110496 3.84976e-05 0.000148147 -0.0107569 4.92948e-05 0.00599458 -0.00455661 0.000471312 -0.000472171 -8.84842e-05 -0.014791 0.000466862 -0.00845449 0.055066 -0.00532174 0.000377713 0.000848811 0.00580304 -4.36893e-06 -0.00478067 0.00109064 -0.00532576 -0.00677417 0.00127029 0.00354999 0.00267446 0.0033684 -0.00017032 -0.00253099 -0.000419895 0.000266774 0.002896 -0.000650687 6.46028e-05 -0.00488455 0.00293434 -0.00348657 0.000152058 0.000144247 -0.000258262 -0.000160277 4.7726e-05 -0.000114545 -0.000104853 -0.000763884 -0.000451817 -0.00032339 8.8018e-05 -0.00111837 0.000487685 0.00138655 0.000547352 -0.000254434 -0.000459686 0.000414567 7.8577e-06 -0.00144035 -0.00125988 3.60324e-05 -0.00171816 -0.00148524 -0.000110981 2.74943e-05 -0.000360354 0.0135738 -0.00111911 0.000147688 0.000987454 -9.49362e-06 0.0095105 -0.000529214 -0.00031316 0.000153774 0.000519837 -0.00775557 0.00137518 -0.000560285 -0.000162006 7.15196e-06 6.05574e-05 1.86698e-06 -0.000195106 0.0001446 9.7119e-05 -9.42376e-05 8.80704e-05 0.000680294 -7.07309e-05 -0.00519316 -0.00167051 -3.08863e-05 0.000158654 -7.24275e-05 2.35822e-05 -0.0026742 3.53287e-05 -0.0015871 -0.00869677 -0.00344261 
-0.00767137 -0.00109281 -0.000253905 -0.00241342 0.0152796 -0.0117173 0.00523904 0.0025142 -0.00355689 -0.00118784 9.60032e-05 0.0370445 -0.000938627 0.0314608 -0.00532174 0.12104 0.00870326 -0.00146399 -0.038079 -0.000640959 0.00167235 -0.00452439 0.0044043 -0.0105591 -0.0119163 0.00889337 -0.00873985 -0.0110419 0.000972496 0.00483803 -0.00489074 -0.00579219 -0.0240742 -0.00626766 -0.000382684 0.00483452 0.0169134 0.000328666 0.00199912 -0.000604037 0.0147708 -0.000255037 -9.30283e-05 0.000145994 -0.000155725 -0.00378135 -0.00186579 -0.00321669 -0.00110552 -0.00463256 0.00431831 0.000472035 -0.0134403 -0.00126745 0.00064259 1.69842e-06 0.000135207 -0.00429141 0.0034597 -0.000208497 -0.00718364 0.000299324 -0.00218822 -0.00062549 -0.00224243 0.0177715 0.00249469 -0.000241226 -0.004119 -0.000141291 -0.0122328 -0.000789634 -0.00276556 -0.00279245 -0.00393518 -0.0130895 -0.0073353 0.0017826 -0.00462804 -6.24364e-05 -0.00107803 -2.15118e-05 0.00104106 -8.52758e-06 -0.00108547 -0.000438985 -0.000426426 -0.000115026 -0.000152404 0.000561432 -0.00525511 -0.000477849 -0.00476481 -0.000237972 -0.000211288 -0.0152123 -0.000141877 -0.00941994 -0.00142312 -0.0118434 
-0.00380203 -0.00132628 -0.00012529 -0.00217908 0.0177565 -0.00593972 0.00476468 -0.00350908 -0.00024901 -0.00236581 -2.70362e-05 -0.0013237 -0.000790742 -0.006693 0.000377713 0.00870326 0.0500651 -0.00772068 -0.00763419 -0.000757159 0.00141709 -0.00281375 0.00222985 -0.00851872 -0.00700395 0.00204862 -0.00255873 0.0126723 -0.0014156 0.0113944 0.000544644 -0.00195082 -0.000102744 -0.00181706 -0.000448281 0.0128919 0.0133164 -0.00796198 -0.000224304 -0.000589341 -0.00721126 -0.000257018 -0.000512666 -0.000255129 -0.00120707 -0.00418362 -0.000387768 -0.00525494 -0.000708421 -0.00333414 -0.000850277 0.000505875 0.0158235 -0.00152591 -0.00175363 -0.000481318 -2.62136e-05 -0.00345523 -0.00540778 -0.0022993 -0.000892966 -0.00347544 -0.00275154 -0.000131423 -0.00162904 0.01554 -0.00300269 -0.000139193 -0.0017137 -0.0001149 0.00531842 -0.00116415 -0.00101411 -0.000852266 -0.0049756 0.00490388 0.00362548 -0.00214904 -0.00323341 -3.03129e-05 -0.000934929 -2.32512e-05 0.00020833 8.97072e-05 -0.00136992 -0.00393813 -0.000870549 -0.00028117 -0.00033048 -0.00280808 -0.00330339 -0.000981469 -0.00282552 -3.61961e-05 -0.000396746 -0.00719539 -0.000196182 -0.00616686 0.0064909 -0.0128009 
0.00351249 -0.000122694 0.000224198 0.00275585 -0.0580109 -0.000648569 -0.0183163 -0.00885971 -0.00133026 -0.000485373 -0.000149817 0.00189747 0.000847091 0.0296466 0.000848811 -0.00146399 -0.00772068 0.177883 0.0201774 5.24849e-05 -0.00102441 -0.0195193 -0.00016134 0.0226214 0.00907093 -0.014365 -0.000623286 -0.0250476 0.00571689 -0.0138665 -0.000375859 0.000605013 -0.0123985 -0.00189372 0.000340049 -0.0253717 -0.011531 0.0202734 -7.42205e-05 -0.000277603 0.0180925 6.27596e-05 0.000244221 -0.000136634 0.00180246 0.0060445 -0.00086614 0.00281123 0.00128612 0.00538424 -0.00047336 0.00852861 -0.0363446 0.000134966 0.00235938 0.000575197 -0.000403518 -0.000682827 0.00825932 0.000707702 -0.00598007 -0.000206824 0.00133765 -0.00039018 0.00589766 -0.0617928 0.00205144 -5.46958e-05 0.00137124 0.000108841 -0.0401 0.0052622 -0.000139772 0.00295055 0.00816092 -0.0312382 -0.0138388 0.00245946 0.00887938 -3.25942e-06 0.00025442 2.13942e-05 -0.00178731 -0.000329418 0.000625794 0.000608078 0.0014052 8.65745e-05 -7.65601e-05 -0.00310269 0.000828112 0.00169418 0.0035383 0.000356058 0.000266759 0.0218992 0.000114886 0.00586635 -0.0296768 0.0224515 
0.00333507 -0.000213768 8.30748e-05 0.00181189 -0.0302163 -0.00116208 -0.00375123 0.00557312 0.00204901 -0.00222811 -0.000142583 -0.0632506 0.00146492 -0.0489304 0.00580304 -0.038079 -0.00763419 0.0201774 0.223136 1.84715e-05 -0.00930493 -0.0251829 -0.0146676 -0.0125624 0.00129061 -0.0197152 0.0106995 0.039582 -0.00608033 -0.0154926 0.00107072 0.00303705 0.0135881 -0.000282643 0.000198818 0.0122708 0.0293192 -0.0215054 0.000224438 0.000541546 -0.0396644 -3.00989e-05 -0.000314699 -0.000209207 -0.000794212 0.00235463 0.0016986 -1.14682e-06 0.000371078 0.0053774 -0.00167578 0.00791771 0.034847 0.00662434 -0.00120855 -0.00071532 -0.000192566 -0.00293996 0.00105577 0.000251129 0.00282877 -0.00195123 0.00191372 0.000335121 0.00541398 -0.0256793 -0.00535466 0.000111029 -0.00143413 0.000100862 0.02547 -0.000170977 0.000887052 0.0016157 0.0148235 -0.015579 -0.00489155 -7.20216e-05 0.00439376 3.31405e-05 0.000141892 1.31872e-05 -0.00141502 -0.000476544 0.000624113 -3.04989e-05 -0.000104019 -0.00143854 -0.000324925 -0.0599412 0.000100451 -0.00020227 0.00626235 -0.000649612 6.88295e-05 -0.0161967 -9.77837e-05 0.0138101 -0.00413106 -0.00643111 
4.87858e-05 7.68e-05 2.03643e-05 0.000122194 -0.00200214 6.0466e-05 -0.000361266 -8.15867e-05 7.04977e-05 4.59379e-05 3.27985e-06 -0.000398574 6.53327e-05 -2.3509e-05 -4.36893e-06 -0.000640959 -0.000757159 5.24849e-05 1.84715e-05 0.00362507 -0.000328027 -0.000270308 -6.76504e-06 -0.0002584 0.000650917 1.2223e-05 0.000187156 0.000111502 -1.90986e-05 -0.000276328 -0.000105148 1.24733e-05 -0.000110685 -3.22938e-05 -2.45359e-08 -0.000657214 -0.000755672 0.00030843 -7.77703e-05 6.40829e-06 0.000352178 1.60376e-05 6.12708e-06 2.21604e-05 3.39341e-06 4.39872e-05 9.38928e-06 7.78903e-05 9.34392e-06 0.000402094 8.76087e-05 -0.000154113 -0.000724176 1.79401e-05 2.62412e-05 2.64372e-06 -4.76836e-06 0.000340964 0.000266259 0.000166925 -7.5348e-05 5.59238e-05 5.34566e-05 -5.53251e-06 -3.04375e-05 -0.000760256 -3.26122e-05 -1.27631e-06 4.15897e-05 8.90183e-06 -0.00115408 -2.55779e-05 4.96118e-05 2.30891e-05 0.000248609 -0.000146536 -0.000151097 4.08859e-05 0.00042101 9.55134e-07 4.25929e-05 1.09327e-06 -1.14289e-05 -1.28899e-06 2.74989e-05 1.79947e-05 -5.63519e-08 -4.26439e-06 3.12232e-06 0.000679461 0.000677695 7.93974e-07 4.43001e-05 2.72831e-05 -9.51916e-07 -2.00025e-05 1.67699e-05 0.000225025 5.19747e-05 0.000361485 
-0.00191432 -0.000827987 1.20482e-05 -0.00093102 -0.00189812 0.000816486 -0.00222211 -0.000478157 -0.0023252 -0.00102657 -4.99871e-05 0.00350683 -0.00166745 0.000255823 -0.00478067 0.00167235 0.00141709 -0.00102441 -0.00930493 -0.000328027 0.0356545 0.00510727 0.00114918 -0.00126137 -0.00234966 0.00244773 -0.00535102 -0.00118048 -0.000833855 0.00723225 -0.00273969 -0.000667806 0.00174685 0.000564583 -0.000121526 0.00152252 -0.00732794 0.00209615 -0.000184888 -0.000280688 0.0030362 -2.22998e-05 -0.0002183 -0.00010319 -0.000175983 6.60801e-05 -0.000458774 -0.000215909 -8.72682e-06 -0.00142765 -5.4635e-05 -0.00157668 -0.00727421 0.000127978 1.11224e-05 -0.000657059 -0.000320075 0.000355857 -0.00200896 -7.91851e-05 0.00112235 0.000238309 -0.000803689 -0.000318704 -0.000256632 -0.00666291 0.000411095 -9.06988e-05 -0.000367219 -5.41926e-05 0.00639514 -0.000575536 -0.000116949 -0.00025649 -0.00236019 -0.00139381 0.0015604 -0.00124915 -0.00134849 -6.22059e-05 -4.25184e-05 -6.7878e-06 -0.000695445 -4.48253e-05 -0.000353416 -0.000595107 -0.000135796 -7.45718e-05 -0.000205034 0.00747779 -0.00261462 -0.000486974 -0.000767313 3.19416e-05 -0.000175404 0.00156924 -0.000106919 -0.00296505 0.00285402 0.00040696 
0.000401845 -0.00282377 -8.47902e-05 -0.00348668 -0.000249257 0.0087838 -0.0392325 -0.0255787 -0.00136167 0.0013504 -8.68414e-05 0.0672158 -0.00179763 -0.0288705 0.00109064 -0.00452439 -0.00281375 -0.0195193 -0.0251829 -0.000270308 0.00510727 0.205889 0.0151454 0.00612552 -0.00055326 0.0271605 -0.0129341 -0.0369849 0.00500398 0.00508769 -0.00820095 -0.000892979 -0.00861473 -0.00117731 -0.000171905 0.00166791 -0.031083 0.00447208 -0.00967101 9.59776e-05 0.022851 -0.000915339 0.000325239 -0.000328145 0.000359161 -0.000382761 0.00126083 -0.000197045 0.0002858 0.000646343 -0.0101136 -0.0165081 -0.0528675 -0.00387527 0.00112919 7.81731e-05 -0.000348041 0.00245024 -0.0192783 0.00016421 -0.0050645 -0.0132102 -0.00117044 0.00014507 -0.000163009 0.030975 -0.00407785 -3.56331e-05 -0.000178665 -4.0466e-05 -0.0209074 0.00187999 -0.00269515 0.000406448 -0.000725851 0.0386007 -0.0123068 -0.00499007 -0.000754237 -5.7834e-05 -0.000194489 -1.28098e-05 -0.000627547 -0.000419977 -0.000166409 -0.00153868 0.000240682 0.00141056 -0.000370678 0.0180337 0.00140904 -0.00103202 -0.000418811 0.000119896 0.00034777 -0.00775725 -2.33855e-05 0.00205215 -0.0289749 -0.000872699 
-0.000138888 -0.000477341 -0.000185628 -0.00134853 0.00664121 0.000821183 -0.00765151 0.00110368 -0.000455807 0.000344267 -0.000812277 0.023392 -0.00200468 0.00506152 -0.00532576 0.0044043 0.00222985 -0.00016134 -0.0146676 -6.76504e-06 0.00114918 0.0151454 0.0746706 -0.000880255 -0.00111574 0.00537054 -0.00304439 -0.0160493 0.0021616 0.000321531 -0.00281791 -0.000848091 -0.0131497 0.000237284 -0.000172762 -0.0022997 -0.0149055 0.00640039 -0.0032997 -0.000664401 0.00775593 -0.000594066 -0.000452933 -0.000391 0.000164137 0.000184131 0.000745137 0.000315572 9.82826e-05 -0.000470874 -0.00651231 -0.0110687 -0.00552723 -0.00705492 -0.00234639 4.54075e-05 -0.000278017 -0.00280188 0.00255419 7.19735e-05 -0.000930187 0.000376559 -0.000249177 -0.000119144 -0.000102604 0.00524602 -0.000594246 -0.000105713 -0.000591195 -0.000102563 -0.0123185 -0.000880058 -0.00179366 -0.00151424 -0.00605571 0.0112616 -0.0123358 -0.00101247 -0.00163985 -7.00217e-07 -0.000544927 -1.29144e-05 -0.00205388 -0.000988008 7.38696e-05 7.91184e-05 -2.39228e-05 0.000258266 -9.83408e-05 0.0106732 0.000697488 -0.000542895 -0.00265834 -0.00016917 -5.32005e-05 -0.00124875 -2.62182e-05 -0.00793236 -0.00374721 0.000372648 
0.00636131 -0.000146593 -4.84275e-05 0.00138072 0.00403555 0.00298316 -0.0189691 -0.00973913 0.00145725 -0.00055021 -1.62727e-05 0.0341393 -5.56326e-05 -0.00632232 -0.00677417 -0.0105591 -0.00851872 0.0226214 -0.0125624 -0.0002584 -0.00126137 0.00612552 -0.000880255 0.129672 0.00182934 -0.0158271 -0.000228206 -0.0257223 -0.00302381 -0.0105092 -4.2569e-05 0.000448557 -0.00801763 0.00156391 6.54296e-06 -0.00443965 -0.0199711 0.0106136 0.000155648 0.000606203 0.00421983 -0.000208584 0.000285808 -1.65591e-05 0.000646717 0.00233367 0.00335269 0.000933827 0.000376853 0.00274298 -0.000883166 -0.00466627 -0.0637097 -0.000261348 -0.00017767 0.00110239 -5.54187e-06 0.00139674 -0.007134 -0.000450401 -0.00231936 -0.00397464 0.00129613 0.000237872 0.00230547 -0.0160629 0.00349616 -1.1889e-05 -0.000468206 0.000130332 -0.021741 0.00243633 0.00146881 1.50767e-05 0.00163013 0.0172782 -0.0100682 -0.00180494 0.00282751 6.45343e-06 -0.000118013 2.63904e-07 -0.00113165 -0.000285464 0.000345832 0.000479286 0.00107475 -1.47628e-05 0.00025415 -0.00147553 0.00273077 6.05344e-05 0.00137924 -0.000192439 0.000337626 0.0185242 3.76604e-05 0.00999532 -0.0258092 0.0176955 
0.00362166 0.000828477 3.03421e-05 0.00192459 -0.0203582 0.00385356 -0.00155415 0.00439733 0.00102103 0.00209133 -7.7271e-05 -0.0119492 -6.05896e-05 -0.014208 0.00127029 -0.0119163 -0.00700395 0.00907093 0.00129061 0.000650917 -0.00234966 -0.00055326 -0.00111574 0.00182934 0.0636042 -0.00286011 0.00289732 -0.00287313 0.00137344 -0.00891879 -0.000536807 -1.31273e-06 0.00305001 -0.000215314 8.32358e-05 -0.00969197 -0.0195158 0.00833755 -0.00142739 -0.00025477 0.00809313 0.000195962 0.00029425 0.000120795 0.000678773 0.00208026 -0.000609028 0.00188115 0.000113026 0.00139923 -0.00306863 0.00268963 -0.0119405 0.000739048 0.00190283 -7.02628e-05 4.77773e-05 0.000520439 -0.00083047 6.19736e-05 0.000921632 0.000561311 0.00172968 -6.04992e-05 0.00163443 -0.0159987 -0.000416887 1.33833e-05 0.000750993 0.000101368 -0.0152153 -0.000165708 -0.00044681 0.000474287 0.00264433 -0.000578355 -0.00236743 0.000524364 0.00123832 1.16648e-05 0.000395315 5.19016e-06 3.90062e-05 -0.000229849 0.000918676 0.000751796 0.000503802 0.000369183 1.44905e-05 0.012984 0.00753366 0.00181009 -0.000435842 0.000589628 -4.34246e-05 -0.00191517 0.000259021 -0.000957676 -0.00571621 0.00968445 
-0.00716626 -0.0018932 -1.36758e-05 -0.00329218 -0.0509722 -0.0145321 -0.0456711 -0.0167295 0.000479826 -0.000588958 -0.000840411 0.0599085 -0.00262549 0.0382912 0.00354999 0.00889337 0.00204862 -0.014365 -0.0197152 1.2223e-05 0.00244773 0.0271605 0.00537054 -0.0158271 -0.00286011 0.247655 -0.0105935 0.0135008 -0.00199941 0.00839733 -0.00270315 -0.00390159 -0.0153175 -0.00997467 -0.000337135 -0.015137 -0.0223842 -0.00719807 -0.00844065 0.000977377 -0.00818796 -0.00085305 -0.000163649 -0.000195677 -0.00106816 -0.00544395 0.00144801 0.000381733 -0.00053514 -0.00477042 -0.000707452 -0.00673616 -0.00441869 -0.00439693 -0.00109802 -0.000261731 -2.53331e-05 0.00887254 -0.00698034 -0.00331007 -0.022072 -0.00227462 -0.00181437 -0.000638199 -0.00426489 -0.00940357 -0.00431543 -0.000110053 0.000749579 -9.97342e-05 -0.0657357 -0.00328814 -0.00287565 -0.00269442 -0.00196248 0.0348402 -0.00369669 -0.000799576 -0.00588556 -3.28892e-05 -0.000412703 -1.78438e-05 -0.00487711 -0.000863832 -0.00028449 0.000170218 0.00016831 -0.00124455 -0.000395694 0.0854501 -0.00840465 -0.00215975 -0.00590334 0.000146507 -0.00104578 -0.00255844 9.53266e-05 -0.0197819 -0.0107919 -0.0160774 
0.00235024 0.000115049 3.89181e-06 0.00222827 -0.00205014 -0.000587705 0.00646891 0.00175772 0.000545382 0.000349888 2.83584e-06 -0.0166545 0.000848604 -0.0073426 0.00267446 -0.00873985 -0.00255873 -0.000623286 0.0106995 0.000187156 -0.00535102 -0.0129341 -0.00304439 -0.000228206 0.00289732 -0.0105935 0.0275924 0.00391904 -0.00086104 -0.00340082 0.00200262 0.00221489 -0.000635638 0.000140115 0.000149642 -0.000316185 -0.00267523 -0.00177572 -0.000211661 -0.000106698 -0.00368901 4.35744e-05 0.00011192 1.98471e-05 0.00014479 0.000281389 -0.000291367 0.00027107 9.7496e-05 0.00114369 -0.000614902 0.00314245 0.00591283 0.000354944 -0.000129974 -4.87268e-05 2.92331e-05 0.000114932 0.00200627 -0.000158465 0.000428529 -0.000319668 0.00121987 3.3683e-05 0.000785016 -0.000451138 -0.000337752 9.05129e-05 -3.04931e-05 4.90699e-05 0.00340904 4.27166e-05 0.000113622 -7.56188e-05 0.00155248 -0.00344113 0.00250672 1.78312e-05 0.0018832 5.79102e-05 9.71198e-05 1.33731e-06 -8.76912e-06 -5.49952e-05 0.000320403 9.35385e-05 -1.59102e-05 -0.00023783 4.84544e-05 -0.0082443 0.0039421 -1.0989e-05 -7.82201e-05 -6.24531e-05 4.81193e-05 0.000425077 3.30159e-06 0.000917644 -0.00179048 0.00187361 
-0.0023346 0.000212259 0.00013836 0.0009995 -0.0246103 -0.0129033 0.00143001 0.00490025 0.00202674 -0.00258793 -0.000662045 -0.0458457 -0.00105711 -0.0388988 0.0033684 -0.0110419 0.0126723 -0.0250476 0.039582 0.000111502 -0.00118048 -0.0369849 -0.0160493 -0.0257223 -0.00287313 0.0135008 0.00391904 0.222372 -0.00715171 0.00383425 0.00170502 0.00156491 0.000263424 -0.00168862 -0.000155758 0.015558 0.0658267 -0.0289866 -0.000232116 -7.54685e-05 -0.0635613 -0.000547549 -0.000124557 -0.000579755 -0.00221611 -0.00203514 -0.00085643 -0.0037643 -0.00228601 0.00341863 -0.00165416 0.00651325 0.0799838 0.00228444 -0.00281008 -0.00234985 -0.000381549 0.00152745 -0.0136075 -0.00208516 -0.0177104 -0.00761831 -0.000964215 -0.000225945 -0.00197942 0.00337537 -0.00650378 -0.000161558 -0.000513183 -2.87956e-05 0.0239875 -0.0059955 2.69722e-05 0.000891847 -3.75348e-05 -0.0132027 0.000327289 -0.000428677 -0.000890867 -1.0352e-05 -6.66736e-05 -6.21247e-06 0.000798343 0.000152163 -0.000864937 -0.00235779 -0.00114174 -0.00205777 -0.000602485 -0.0381121 0.000408665 4.68314e-05 0.00184988 -0.000814799 -0.00135397 -0.0160849 -0.000117263 0.00515957 -0.00930606 -0.0106302 
-0.000481624 0.000612247 4.81231e-05 -0.000317261 0.000778722 -0.000152044 -0.00422564 -0.00133329 -0.000155433 2.12938e-05 0.000235791 0.000755146 -1.72394e-05 0.00483165 -0.00017032 0.000972496 -0.0014156 0.00571689 -0.00608033 -1.90986e-05 -0.000833855 0.00500398 0.0021616 -0.00302381 0.00137344 -0.00199941 -0.00086104 -0.00715171 0.036118 3.9782e-05 -0.000670612 -0.00020226 -0.00166839 -0.000482893 -3.58677e-05 -0.001122 0.00313122 -0.00111009 -0.000758183 -0.000176737 0.00336026 6.99607e-05 5.01237e-05 4.22878e-05 -1.07319e-05 -0.000205599 0.000158298 0.000226763 -3.50656e-06 -0.000303527 -0.00143591 -0.000180254 -0.00455755 -0.000267282 0.000503365 0.000207681 -5.22964e-05 -0.000454328 0.00123045 6.91444e-05 -0.00061446 0.000407528 -9.8591e-05 -1.21337e-05 -0.000350486 -0.00418125 -0.000345275 -1.13967e-05 0.000318795 8.53332e-06 -0.00736008 -0.000114348 -0.000182981 -7.70224e-05 -0.000628738 -0.00126549 -0.00219625 0.000772756 -0.000259066 3.65633e-06 3.04867e-06 5.01576e-06 0.000909597 -7.26818e-06 -6.24978e-05 0.00140755 5.83604e-05 -0.000186786 3.39701e-05 -0.00163415 0.000683346 0.000133115 -0.000153873 -4.02148e-05 -1.57911e-05 -0.00229463 3.2507e-05 -0.0011323 -0.00591096 -0.00142477 
-0.0032456 -0.00208689 -9.66469e-05 -0.00311417 0.0133964 -0.00539595 0.00091169 0.0031104 -0.000953894 -0.00141961 -0.000154547 -0.00192289 -0.00222222 0.00565055 -0.00253099 0.00483803 0.0113944 -0.0138665 -0.0154926 -0.000276328 0.00723225 0.00508769 0.000321531 -0.0105092 -0.00891879 0.00839733 -0.00340082 0.00383425 3.9782e-05 0.0675471 0.000266807 -0.00121771 0.00324971 -0.00292719 -0.000308079 0.0109112 0.0144212 -0.0155838 0.000181275 -0.00111567 0.000914163 -0.00037523 -0.000495606 -0.00025857 -0.000503702 -0.00598253 0.00029484 -0.00341643 -0.000764395 -0.00466234 -0.000386225 -0.00273036 0.0137928 -0.00216226 -0.00133562 -0.000865282 -0.0003477 -0.00129814 -0.0037742 -6.73603e-05 0.000848862 -0.00122025 -0.00275236 -4.50499e-06 -0.00337681 0.00591816 -0.00198318 -0.000137114 -0.000657178 -6.4822e-05 0.0011042 -0.00219713 -0.00103432 -0.00150129 -0.00478022 -0.00362412 0.00473003 -0.00325767 -0.00309624 -5.84152e-05 -0.000815472 -2.15482e-05 -3.76325e-05 0.000100486 -0.00161226 -0.00228145 -0.00149794 -0.00111121 -0.000161362 0.00742367 -0.00250051 -0.000969992 -0.00194247 -0.000194302 -0.000481728 -0.00507814 -0.000312033 -0.00289085 -0.000105694 -0.0179726 
-7.45683e-05 -0.000158064 1.13252e-05 0.000201787 0.00467719 -0.00136734 -0.00074983 -0.000995429 0.000453994 -7.06392e-05 6.76006e-06 -0.00680168 0.000495012 -0.00418037 -0.000419895 -0.00489074 0.000544644 -0.000375859 0.00107072 -0.000105148 -0.00273969 -0.00820095 -0.00281791 -4.2569e-05 -0.000536807 -0.00270315 0.00200262 0.00170502 -0.000670612 0.000266807 0.036416 0.000311009 0.00216517 0.00028081 4.02932e-05 0.00126877 -0.00460447 -0.00295667 -0.000147898 0.000178171 -0.00451729 -5.33838e-05 4.84212e-05 -1.51771e-05 -0.000118665 -0.000507923 0.000113331 -0.000275923 -3.34635e-05 -0.000128371 0.000239331 0.0011627 0.00667724 0.00020448 -0.000164955 -0.000125683 -3.01946e-05 0.000208582 0.00141478 0.000241502 -0.00107777 0.000534354 -7.82198e-05 4.73734e-05 -0.000211086 -0.00666528 -0.000381472 -3.60123e-06 0.000361499 3.08068e-05 0.000377053 -7.0811e-05 0.000580694 -0.000238945 -0.000246282 0.0038711 0.000917643 -0.000212356 -0.00033257 2.99179e-06 -8.06646e-05 -7.58414e-07 -0.000283103 -2.6793e-05 -0.000101779 -0.000143628 -9.60998e-06 -5.93041e-05 2.63205e-05 -0.00195177 0.000619448 0.000105878 -0.000341404 -7.16632e-05 -1.73638e-06 -0.0025764 -6.03462e-06 -0.00105595 -0.000856657 -0.00121462 
0.00124177 8.30965e-05 2.40461e-05 0.000285277 -0.00164974 0.000861087 0.000429317 -0.000304885 -1.81344e-05 -5.06446e-05 5.43033e-06 -0.00426963 7.72066e-05 -0.00287892 0.000266774 -0.00579219 -0.00195082 0.000605013 0.00303705 1.24733e-05 -0.000667806 -0.000892979 -0.000848091 0.000448557 -1.31273e-06 -0.00390159 0.00221489 0.00156491 -0.00020226 -0.00121771 0.000311009 0.00947162 8.34881e-05 0.00132696 0.00013635 -0.000796486 -0.00125975 0.000494588 -6.9912e-05 8.78947e-06 -0.000725229 5.1755e-05 5.35985e-06 3.77377e-05 0.000167468 0.000187902 -0.000115309 0.000204158 6.9783e-05 0.000225101 -0.000408598 0.000490165 0.000265968 4.56924e-05 -1.91145e-05 -1.89487e-05 -1.57625e-05 -7.88833e-05 0.000515557 -2.9764e-05 0.000194873 -6.21503e-05 5.14363e-05 1.62428e-06 0.00027619 -0.000668302 -0.000195515 8.49302e-05 0.000134782 7.5004e-06 0.00198249 0.000144899 0.000734069 -1.84346e-05 0.000191867 -0.00102012 -0.000475452 -9.21773e-05 0.000124041 5.9769e-06 7.55675e-05 2.22929e-06 -8.45136e-05 -2.90412e-05 7.20438e-06 0.000108034 1.42584e-05 -5.6683e-05 1.40584e-05 -0.00262319 0.00138814 -2.79644e-05 0.000220265 -6.79931e-06 -2.78768e-06 0.00144988 5.00782e-05 0.00070524 -0.000534814 0.000856431 
0.000371208 -0.000313093 5.02481e-05 -0.000582496 0.0115705 -0.00141698 0.00838374 0.0157534 0.00129444 0.000470508 9.19122e-05 -0.0451067 -0.000534845 -0.0275158 0.002896 -0.0240742 -0.000102744 -0.0123985 0.0135881 -0.000110685 0.00174685 -0.00861473 -0.0131497 -0.00801763 0.00305001 -0.0153175 -0.000635638 0.000263424 -0.00166839 0.00324971 0.00216517 8.34881e-05 0.0806313 0.000199173 7.2696e-05 0.00474746 0.0019076 -0.00619012 0.0003429 -0.000182808 -0.00951184 0.000397581 -3.9588e-05 -1.87653e-05 -0.000215356 -0.000983281 0.000131325 -0.000673695 0.000765472 -0.000925192 -0.00133012 -0.000450291 0.0209515 0.00379417 0.000614068 -0.000269715 -0.000138579 -0.00145149 -0.00470789 0.000232372 0.0185936 -0.000570692 -0.000148473 0.000414005 -0.000608611 -0.0136512 -0.000768606 2.6915e-05 0.000629474 2.3698e-05 0.0209538 -0.000490772 0.000789452 -0.000125484 -0.00141418 -0.0129164 0.00866825 -0.00102821 -0.000709874 8.28262e-06 0.000325152 -2.04146e-06 0.000730668 0.000524603 -0.000171857 -0.000571702 -0.00023053 -0.000579652 -3.9264e-05 -0.00924474 -7.09331e-05 -0.000335181 0.000252487 -7.69274e-05 -0.000226312 -0.0055813 -6.00456e-05 0.000443655 0.00872869 -0.00465752 
