0.0540995 -0.00688725 -0.00247029 0.00304322 -0.000455303 0.00389521 -0.000880699 0.00731426 0.000331783 0.00178517 0.00149166 -0.00226602 0.0036778 0.00351412 0.00492426 4.09118e-05 -0.0048141 -0.00177333 0.00305142 -0.00116683 0.00245997 0.00358503 -0.0013812 -0.0075583 0.00978461 -0.000107149 -0.000346685 0.000206107 0.00489966 -0.0096812 -0.00585349 -0.00516219 -0.00474263 -0.0102943 -0.00219878 -0.00287585 0.000402268 -0.000634398 0.00298853 -0.000517643 -0.000404917 2.74949e-05 -9.9276e-05 -0.000281829 -0.000387529 0.000594569 -0.000909789 -0.00263428 -0.000653682 0.000939319 -0.00333634 -0.000833188 -0.00193483 0.0014788 -0.000191132 -0.000522061 -0.00638294 -0.00180368 -0.00094161 -0.000188933 -0.00504849 -2.3125e-05 -0.00159555 0.00123142 -0.00233872 -0.000497961 0.00106473 0.00593652 0.000372255 -0.000176618 0.000423237 0.00500865 -0.00351024 -0.000530852 0.000648401 -0.00437501 0.000161976 0.000906508 -0.000792114 -0.00175946 -0.00205383 0.0045756 -0.00435234 -0.00906795 -0.00368648 -0.000505333 -0.0038714 -0.00178193 -0.000154543 -0.000215379 -0.000406869 -9.54011e-05 0.000500621 0.00852375 -0.000464292 0.000733024 -0.00269136 -0.00106794 -0.00250315 0.00251768 
-0.00688725 0.205308 -0.00603263 0.016711 0.001432 0.0272675 -0.00381889 0.00707295 -0.00089294 -0.00540566 -0.0405478 0.0225302 -0.0132348 -0.0253017 -0.018982 -0.000338863 0.0183907 -0.00992311 0.0245191 -0.012306 -0.00539325 -0.0305806 0.0385471 -0.0128404 -0.00736039 0.0285191 0.00468601 -0.0309987 -0.00500132 -0.0612913 -0.0341345 0.035213 0.0165134 -0.0362444 0.0103845 -0.0199641 0.00186405 0.00422444 0.00348776 0.00262209 -0.0035144 -0.000805681 0.000552354 0.000597934 -0.000481842 -0.00180182 -0.00682399 -0.00380855 -0.0017612 -9.19275e-05 -0.0121264 -0.00466711 -0.00141139 -0.00105503 -0.00522432 -0.00244995 -0.0440938 0.00799005 0.0100237 0.00211848 -0.0047167 7.26684e-05 -0.0087491 -0.00116964 0.000945606 -0.00103765 0.00514046 0.00759945 0.00149828 -0.000853972 -0.00597823 0.0114073 0.0209622 -0.00147091 -0.00333075 -0.0128316 -0.00472174 0.000944566 0.0190309 -0.000152294 0.0212024 -0.00391778 -0.00634098 0.0331203 0.0121544 0.00125024 0.00896147 0.013571 0.00200709 -0.0311099 -0.00306368 0.000157812 0.00362316 -0.0473631 0.00108741 0.00011656 -0.0155656 -0.00451238 -0.00993173 -0.0110136 
-0.00247029 -0.00603263 0.0668078 -0.00348146 0.000125117 -0.00300624 -0.000570121 -0.00194355 -0.000176088 0.000368543 0.00268445 -0.00217394 -0.000814373 -0.00412219 0.0178685 -1.95716e-05 -0.00347608 -0.0109164 -0.0088098 -0.00137462 -0.00335848 0.00619116 -0.0033504 -0.00122721 -0.0060987 -0.00258144 -0.0027642 0.0057466 3.75129e-05 0.0108872 -0.0154248 -0.00440361 -0.00197925 0.00123361 -0.00293434 -0.00747285 -0.000674812 -0.000331358 -0.0101961 -0.000279719 0.000432847 -9.53291e-05 -5.43626e-05 0.000809496 -0.000715031 4.91078e-05 -0.000674248 0.000717284 -0.000329824 -0.000726506 0.00285529 0.00130995 0.00136164 -0.00121368 -0.00146065 -0.000148134 0.00756359 -0.000386461 -0.00106074 -0.000563675 0.00173374 -3.01259e-05 0.000109179 0.000217458 -0.00133035 9.28215e-05 -0.00257156 -0.00215215 -0.000504963 -6.36943e-05 0.0178985 -0.0183565 0.00235229 -0.000911267 -0.000910929 0.00338158 -0.000990873 -0.000427947 0.000612206 -0.00451641 -0.000147247 -0.00139132 -0.00212718 -0.00139405 -0.00402127 -0.00109702 -0.00415367 -0.00207301 -0.000120116 0.0082756 0.000125565 -7.96528e-05 -0.00235441 0.0088333 -0.000124775 0.00037598 -0.00408975 -0.000403775 -0.00321312 0.00839253 
0.00304322 0.016711 -0.00348146 0.0725911 -0.000685512 -0.00435828 -0.000760992 0.00462825 0.000746329 0.0037548 -0.0402667 0.0147654 -0.00665819 -0.0116069 -0.0169723 0.000591513 0.00409408 -0.0131796 0.0188192 -0.00980442 -0.00698352 -0.0342267 0.0397774 -0.0137941 0.0141948 0.0357649 0.0121979 -0.0155917 0.00467799 -0.0273045 -0.031843 0.0399727 0.00902238 -0.030132 -0.00596427 -0.0107247 0.00046686 -0.00086941 -0.033782 6.28269e-05 0.00319503 0.000124807 -8.12829e-06 0.000205399 -0.000601617 3.54257e-05 -0.000515112 0.00257975 0.000286219 0.00193459 -0.00435307 -0.00136265 -0.00357444 0.000912736 -0.000140144 -0.000534142 -0.0387395 0.00710641 0.00895201 0.00289828 0.00533695 8.81222e-05 -0.00253499 0.000281223 -0.000158097 -4.21477e-05 -0.000229272 0.0246746 0.00263699 5.35382e-05 -0.00580421 0.0297856 0.007009 0.000976941 0.00188743 -0.0354069 0.0009913 0.000240484 0.00552475 -0.00597364 0.00471078 -0.00622271 -0.00904362 0.0184813 0.0138703 0.00218656 0.00304921 0.00126902 0.000354281 -0.00951779 -0.00043961 0.00158206 0.00541102 -0.0139242 0.000407218 -6.9403e-05 -0.0047563 0.000802103 -0.00454067 0.0117584 
-0.000455303 0.001432 0.000125117 -0.000685512 0.0184381 0.00492899 -2.7344e-05 0.00182628 -7.00772e-05 -0.000360528 -0.00352426 -0.000141761 0.00183766 -0.00216567 -0.000107251 -5.10761e-05 -0.000353678 -0.00103788 0.00415373 -0.000585319 0.000123257 -0.000605154 0.000316492 -0.00159526 0.00104633 0.000749941 -0.000342664 -0.00374776 -6.40961e-05 -0.0035046 -0.0030146 -0.000581298 0.000534007 -0.0029649 0.000248425 9.00811e-05 0.000363358 3.82989e-05 -0.00255483 -0.000202288 0.000698394 4.59353e-05 5.46787e-05 0.000155722 8.58935e-05 -3.59109e-05 -0.000148915 0.0023831 -0.000299886 0.000128177 0.000553045 0.000152611 -0.000842593 0.000251496 0.000898803 4.41298e-05 -0.00594292 -0.000241871 -0.000103498 0.000613241 0.00121142 3.2507e-06 -0.000406789 0.000322126 -0.000424097 3.36105e-05 -0.000642596 -0.00227078 0.000170803 8.23244e-05 -0.000380192 -0.00249665 0.00113234 0.000218205 0.000779861 -0.00587195 -0.000216941 -0.000107512 0.000629161 0.000893428 -0.00020421 -0.00215742 0.00243339 0.000177592 0.00167268 0.000312129 -0.000524214 0.000212439 0.000682278 2.34095e-06 0.000176484 0.000106202 -0.000226368 -0.000644099 0.000774808 0.000927718 -0.000701618 -0.000447064 -0.000861044 -0.00032962 
0.00389521 0.0272675 -0.00300624 -0.00435828 0.00492899 0.173352 -0.00151122 0.000947878 -0.00102021 -0.00329643 -0.0021126 -0.0146317 0.0244841 0.0168554 0.0240237 0.000355931 -0.016408 -0.00554141 0.0268392 0.00630724 -0.00822363 0.0136164 -0.00450566 -0.0375077 0.000691472 -0.0127315 -0.00676305 -0.00448978 -0.00022846 -0.00830916 -0.0294722 -0.0103369 0.00443191 -0.00748399 -0.00122364 -0.0191447 0.00621938 -0.000432384 0.0230891 -0.00283338 0.00451343 -0.000475001 -0.000228599 -0.00244268 -0.00101449 -0.000283132 -0.00289563 0.00931384 8.0978e-05 5.62469e-05 -0.00953047 0.000303407 -0.00587174 -0.00056717 -0.00222924 -0.000873843 -0.0151233 -0.00574714 -0.00363483 -0.00288037 0.00454053 -0.0001429 0.00599214 0.000952983 -0.00832538 5.66304e-05 0.00885335 -0.0228312 -5.38973e-05 -0.000613182 0.00287356 -0.0015985 -0.0148874 -0.00172201 0.000487779 0.00489742 -0.00590358 -0.000588897 -0.00573334 -0.0118214 -0.00699077 0.00294246 0.00121 -0.0313503 -0.00250248 -0.000579484 -0.0068542 -0.0077278 -0.000224817 -0.00107053 0.000137409 0.000723193 -0.00276568 -0.0131421 0.00157606 0.000769719 -0.00770767 0.00151751 -0.0104349 0.0158385 
-0.000880699 -0.00381889 -0.000570121 -0.000760992 -2.7344e-05 -0.00151122 0.0246198 0.000585663 -6.87655e-05 -0.000424106 0.00293565 8.13396e-05 0.000256311 -0.0137793 0.00530222 -3.2596e-05 -0.00170144 0.00971358 -0.00547108 0.000499032 -0.000760647 0.00175755 -0.00214772 0.00990803 -0.0044157 -0.000710303 -0.000958928 -0.00612857 -0.000372065 0.00456326 -0.000443861 -0.00274458 0.000780411 0.0029121 -0.000808965 -0.00139172 -2.32339e-05 0.000460506 -0.00890422 -0.000219649 -0.000397433 -5.13805e-05 1.74644e-05 -0.00049231 -0.000103573 -0.00013552 0.00353853 -0.000870221 7.96442e-05 -0.000347922 -0.000959882 0.000700292 -0.000842834 -0.000895124 -0.000780125 0.000196559 -0.00289428 -0.000777238 7.27289e-05 0.000340923 -0.00225009 4.26087e-05 0.00288005 0.000145933 -0.00110529 0.000590483 0.000729181 -0.00114438 7.20438e-05 0.000185191 -0.000777746 -0.00534628 0.000391184 -0.000175202 0.000146675 -0.00386817 -0.000569014 0.00049314 -9.30675e-05 0.00309071 -0.000739907 -0.00245548 0.00292337 -0.00522824 -0.00117633 0.00114315 -0.00100725 -0.000694396 0.000460079 0.014415 -0.000232407 -8.41471e-05 -0.000503323 0.00966587 0.000423132 0.000119192 -0.00232727 6.70769e-05 -0.000901419 -0.00800175 
0.00731426 0.00707295 -0.00194355 0.00462825 0.00182628 0.000947878 0.000585663 0.0977081 -0.000856108 0.000854015 -0.0305948 0.01849 -0.00285193 -0.0275617 -0.00864881 0.000769792 0.0176207 0.00645263 0.0189883 0.0023957 -0.0118657 -0.030639 0.0363498 -0.00586739 -0.011042 0.0364618 0.00304527 -0.0206933 -6.22774e-05 -0.0164723 -0.021275 0.0164188 0.0162937 -0.0144035 -0.00721708 -0.00869287 0.00302344 -0.000551061 -0.0390602 0.00286104 -0.00192161 -0.000138684 0.000336545 0.00272282 -9.89101e-05 -0.000130321 -0.00103053 0.00277934 0.000125636 -0.000375151 -0.0100554 -0.00102956 -0.00626221 -0.00262975 -0.000617044 -0.00114038 -0.036728 0.00648791 0.0087868 0.0028532 -0.00116946 5.79326e-05 -0.00174866 0.000830746 -0.00305777 -0.000182898 0.000585519 0.0204119 9.87042e-05 -0.000346376 -0.00992695 0.015028 -0.00286538 -0.00117329 0.00629909 -0.0461604 -0.00149592 0.00152303 0.0103609 -0.00333216 -0.0056735 -0.00326523 0.00330181 0.0144193 0.0102643 0.000685162 0.00169786 0.0125313 -0.000118622 0.00874472 -0.0011212 -0.000154027 -0.00321811 0.00123677 0.00154022 -0.00137969 -0.00928458 0.000333853 -0.0052046 -0.0108173 
0.000331783 -0.00089294 -0.000176088 0.000746329 -7.00772e-05 -0.00102021 -6.87655e-05 -0.000856108 0.00982916 -0.000163005 0.000342437 -3.80839e-05 -0.000330727 -0.00111211 -0.00173064 4.18436e-06 -0.000830247 0.00183809 -0.00190781 -0.000135028 -0.00044974 0.001098 -0.000516598 0.00173705 -0.00128755 -0.00058575 -0.000348666 -0.00177079 -7.69582e-06 0.00209568 0.00141882 -0.000251296 0.000141313 0.00110291 0.000225759 -0.000326521 -5.75157e-05 6.26208e-05 -0.00169319 7.33678e-05 -0.000163124 2.09988e-06 -4.30442e-06 -0.000133684 -8.02457e-05 0.000483087 -3.58668e-05 -0.000169229 -1.28877e-06 9.3611e-06 -0.000383563 4.94379e-05 0.000226738 4.31848e-05 7.60597e-06 -7.91649e-07 -0.00040173 -0.000254816 -4.85209e-05 -2.98429e-05 -0.000214121 1.17514e-05 0.000205673 0.000121531 0.000228026 -7.01372e-05 0.000137653 -0.000761717 0.000198873 6.3674e-05 -0.000386437 -0.001773 -0.00032961 2.42603e-05 2.46715e-05 0.000718876 -0.000120086 -4.99476e-05 -0.000285338 -0.000113983 0.000111006 -0.000806932 0.00168389 -0.00186474 -0.000759285 0.000119126 -0.000425054 -0.000151376 -4.73796e-05 -0.000163587 -2.69049e-05 3.49259e-05 -0.000316674 0.000105079 -3.92565e-05 -8.64256e-05 -0.000169333 0.000155987 0.00134012 0.000141363 
0.00178517 -0.00540566 0.000368543 0.0037548 -0.000360528 -0.00329643 -0.000424106 0.000854015 -0.000163005 0.0260282 -0.00594507 0.0013146 -0.000567263 0.0040824 -0.00654499 0.000348655 -0.00164328 -0.00433327 0.00555234 -0.00436713 -0.000321627 -0.00512693 0.00323375 0.000459 0.00744738 0.00225556 0.00147179 0.00183855 0.00420588 -0.00598169 -0.00161785 0.00134019 0.000104025 -0.00342574 -0.00258095 1.15278e-05 -0.000190627 0.000112439 -0.00650311 -0.000161554 0.00159428 -7.73487e-06 -4.53803e-05 -0.00018366 0.00173001 0.00045701 0.00137805 -0.000124823 -0.000209136 0.000558252 0.000932525 0.000315241 -0.00122239 0.00258034 0.0014802 4.18765e-05 -0.00242698 0.000194222 1.86978e-05 -5.04952e-05 -0.000520232 -1.6988e-05 -0.000543059 5.23775e-05 -0.0014737 -9.05207e-05 -0.000997807 0.00819537 0.000724898 2.48979e-05 -0.00153192 0.00434647 -0.00139494 0.00194152 -0.000193792 -0.00683739 -0.00011072 0.000318436 -0.000729608 -0.000961338 -0.00171219 -0.00165148 -0.00259599 0.00236663 -0.000904606 -0.000313511 0.000362503 -0.000434698 -0.000173143 -0.00335785 0.00057492 0.00049623 0.000222059 -0.003097 -4.59178e-05 -0.000121779 -0.0014529 -0.000567541 -0.000789248 -0.00162458 
0.00149166 -0.0405478 0.00268445 -0.0402667 -0.00352426 -0.0021126 0.00293565 -0.0305948 0.000342437 -0.00594507 0.182747 -0.051513 0.0195016 0.0370678 0.0606501 -0.00220183 -0.060363 0.0586313 -0.0874427 0.0366253 0.0146863 0.127651 -0.125863 0.0497313 -0.0547455 -0.0982315 -0.0298811 0.0318803 -0.00926169 0.0830104 0.0984334 -0.108296 -0.0713178 0.1114 0.0103982 0.0266675 -0.00252884 -0.00675728 0.10983 -0.00498129 -0.0153145 -3.00758e-05 -0.00126114 -0.0076827 -0.00914001 0.00043862 0.00240576 -0.0287441 -0.000255125 -0.00524422 -0.00227266 0.00122612 0.0097752 -0.0129261 -0.0123093 0.00143069 0.135655 -0.0285087 -0.0202403 -0.00974053 -0.0114625 -0.000138457 -0.00497832 -0.000326603 -0.00118233 0.000275256 -0.00308896 -0.0704735 -0.00450008 -0.000623166 0.0162412 -0.0733423 -0.0173282 -0.0086749 -0.00290332 0.115041 -0.0203102 -0.0035384 -0.0257014 0.00740124 -0.0101173 0.014545 0.0207796 -0.0763962 -0.0640299 -0.000895882 -0.0115538 -0.0287844 -0.00116691 0.0255036 -0.00582478 -0.00294719 -0.0138099 0.0386773 -0.00470548 -0.00137509 0.00788222 -0.0109843 0.0143482 -0.00678224 
-0.00226602 0.0225302 -0.00217394 0.0147654 -0.000141761 -0.0146317 8.13396e-05 0.01849 -3.80839e-05 0.0013146 -0.051513 0.0743497 -0.00858922 -0.0327848 -0.0257305 0.000346574 0.0355301 -0.0172183 0.00968289 -0.0168673 -0.00778015 -0.0551399 0.0533791 -0.0160899 -0.00637753 0.0532663 0.00683901 -0.0241665 0.00252835 -0.0352322 -0.0398564 0.0493708 0.0225081 -0.0353366 0.000964569 -0.0122545 -0.000917545 -0.000276914 -0.0411225 0.00495955 -1.22495e-05 -0.0001491 0.000968261 0.00551163 0.00327407 -0.000730675 0.00235371 -0.00049094 -0.000604562 -0.000562617 0.00569182 -0.00129343 0.00107864 -0.00245017 -0.00166193 -0.00104968 -0.0469095 0.0192406 0.0152164 0.0038956 -0.0047636 0.000259477 -0.00260834 -0.000542111 0.00793288 -0.000131276 0.000345389 0.03275 0.000127596 6.80769e-05 -0.00703966 0.00781259 0.0117994 -0.000433715 0.000604239 -0.0426297 0.00754957 0.00186218 0.0223348 -0.00556148 0.00391248 -0.00363091 -0.00956794 0.045291 0.0221551 0.000556018 0.016754 0.01943 -0.000314399 -0.0102177 0.000196762 0.000374566 0.00242886 -0.0148689 0.000550556 -0.000887055 -0.00722757 0.000393135 -0.00485371 -0.015928 
0.0036778 -0.0132348 -0.000814373 -0.00665819 0.00183766 0.0244841 0.000256311 -0.00285193 -0.000330727 -0.000567263 0.0195016 -0.00858922 0.102129 0.00503694 0.0144064 -4.37137e-05 -0.0109263 0.0239016 -0.0169512 0.00661654 -0.00939598 0.0191702 -0.0153073 -0.00788574 -0.00854779 -0.0143024 -0.00373505 -0.0193229 0.000121399 0.0244486 -0.0167163 -0.013751 -0.00634035 -0.000692805 -0.000574036 0.0156931 0.00151371 -0.000559164 0.00921885 -0.00169234 -0.00220563 -0.000106109 -0.000174922 -0.00271978 -0.00101713 -0.000638607 0.00276081 -0.00388564 -0.00226471 -0.00153172 -0.00823894 0.00103374 -0.00469359 -0.0011965 -0.00335835 0.00144611 0.0176787 -0.0041543 -0.00302963 -0.00161437 0.00245601 1.37024e-05 -0.000204031 0.000233734 -0.00265763 -0.000962255 -0.00174099 -0.0162322 -0.000658083 0.000117922 -0.00906792 -0.0263876 -0.00388709 -0.00111092 0.00213712 0.0203299 -0.00426803 -0.000709602 -0.00420946 -0.00216865 -0.00721978 0.000746954 0.00288787 -0.0145762 -0.00427919 -0.000721602 -0.00768162 -0.00546808 -0.000125137 0.00903772 -0.00158586 -0.000380587 -0.00192765 0.0106856 -0.000566549 -0.00115316 -0.000163752 -0.00248676 0.00545645 -0.00581482 
0.00351412 -0.0253017 -0.00412219 -0.0116069 -0.00216567 0.0168554 -0.0137793 -0.0275617 -0.00111211 0.0040824 0.0370678 -0.0327848 0.00503694 0.173101 -0.00374056 -0.000575814 -0.020912 -0.0363148 0.00913744 0.0121703 0.00847869 0.0344113 -0.0360844 -0.0386907 0.0157713 -0.0397769 -0.00248841 0.0442839 -0.00190472 0.00509478 0.016555 -0.0288376 -0.0197016 0.0191344 0.000702443 0.00862526 0.000576094 -0.000244716 0.0741483 -0.0044872 -0.00199475 -0.000326896 -0.000768738 -0.00362201 0.000767911 0.000886759 0.000607174 -0.0036485 -0.000221028 -0.000439275 0.00542994 -0.00340932 0.00950528 0.00220536 0.00470124 -0.000496611 0.0496703 -0.0125991 -0.0143857 -0.00826594 0.0130393 -0.000338452 -0.000721191 -0.00176491 -0.00843634 -0.00452325 -0.0162402 -0.00871246 -0.00179702 -0.00242492 0.00305885 0.00351359 -0.0349012 0.00049473 -0.00261872 0.0572638 -0.00288713 -0.00337114 -0.0232775 -0.0013968 -0.0146577 0.013555 -0.00377672 -0.00416877 -0.0112117 -0.00153446 0.00119087 -0.0101605 -0.0038053 -0.0559869 0.00207775 -0.000232677 -0.00680615 -0.0366923 -0.00556425 0.000364467 0.0118059 -0.007621 -0.00509037 0.0142077 
0.00492426 -0.018982 0.0178685 -0.0169723 -0.000107251 0.0240237 0.00530222 -0.00864881 -0.00173064 -0.00654499 0.0606501 -0.0257305 0.0144064 -0.00374056 0.239691 -0.00048818 -0.0280403 0.000498118 -0.0526655 0.0125341 0.0273222 0.0601047 -0.0566938 0.0262605 -0.0319301 -0.0440625 -0.0157399 0.0310036 -0.00529542 0.0033249 -0.031823 -0.0600695 -0.0476693 0.0432091 0.00607582 -0.0172582 -0.00291218 0.00313686 0.0209869 -0.00376288 -0.00331316 -4.23995e-05 -0.000635114 -0.00452893 -0.00376906 -0.00243291 0.00521936 -0.00862307 2.98646e-05 -0.00158731 0.013781 -0.000437282 0.00568973 -0.00975143 -0.00863689 -0.00328551 0.0330337 -0.0142423 -0.00925825 -0.00408759 -0.0168265 -5.84308e-05 -0.00128197 -0.00011237 -0.00126137 0.00274094 -0.0054146 -0.0383205 -0.00210105 -0.000312687 0.0505615 -0.0608608 -0.00735717 -0.00519105 -0.00152193 0.0578362 -0.00817723 -0.00200022 -0.00937695 -0.00719277 0.00181974 0.0431353 -0.0104178 -0.0597354 -0.0347673 -0.00119149 -0.00123982 -0.0169431 0.00113321 0.0522135 -0.00533661 -0.00148362 -0.00288373 0.0555212 -0.00188354 0.00347058 -0.0099919 -0.00245848 -0.0105628 -0.0457466 
4.09118e-05 -0.000338863 -1.95716e-05 0.000591513 -5.10761e-05 0.000355931 -3.2596e-05 0.000769792 4.18436e-06 0.000348655 -0.00220183 0.000346574 -4.37137e-05 -0.000575814 -0.00048818 0.00505314 0.000875395 -0.000281986 0.000966521 -0.000925058 -0.000258583 -0.00198305 0.00123945 -0.000309734 0.000879623 0.00141755 0.000504593 -0.00104503 0.0001089 -0.00136968 -0.00150619 0.00113858 0.000432397 -0.00128669 -0.000343503 -0.000435715 1.82154e-06 3.98077e-05 -0.0021405 -6.88246e-05 0.000151883 -6.93158e-06 4.05404e-06 0.000141846 0.000188814 -2.52836e-05 9.66323e-05 4.93139e-05 -1.03525e-05 0.000142772 -3.51466e-05 0.000115676 -0.000296716 -1.82331e-05 -0.000132236 -4.31564e-05 -0.00176043 7.03523e-05 0.000645064 0.00033836 0.00022284 2.8853e-06 3.3947e-06 4.41656e-05 -0.00021899 8.81449e-05 -4.22792e-05 0.00170294 0.000116006 0.000169864 -8.95998e-05 0.000852443 -1.05597e-05 -2.78817e-05 8.03033e-05 -0.00211367 0.000469523 8.66791e-06 -6.47511e-05 7.0111e-05 -0.000262004 5.34065e-05 -0.000195576 0.000317565 0.000769348 -5.40537e-05 -0.000110996 0.000420729 1.44269e-05 -0.000157526 -4.30233e-05 9.14178e-05 0.000337808 -0.000708451 0.00012766 -1.38132e-05 -0.000403281 0.000190585 -0.000284253 -0.00037896 
-0.0048141 0.0183907 -0.00347608 0.00409408 -0.000353678 -0.016408 -0.00170144 0.0176207 -0.000830247 -0.00164328 -0.060363 0.0355301 -0.0109263 -0.020912 -0.0280403 0.000875395 0.098239 -0.0310718 0.0254298 -0.011548 -0.00984211 -0.0681229 0.0609301 -0.0202819 0.00148374 0.0521543 0.00876732 -0.0111355 -5.01789e-05 -0.0444107 -0.0495954 0.0501638 0.0260875 -0.0459167 -0.00131137 -0.0153094 0.000120906 -0.00107765 -0.0425078 0.00640904 0.000144998 -0.00034537 0.00103496 0.00500692 0.00595909 -0.000735545 0.00263255 0.0031172 0.00218953 1.25682e-05 0.00874481 -0.0018604 -0.000885287 0.000353343 -0.00105839 -0.00140988 -0.0535837 0.0120439 0.00873655 0.00553999 -0.00405675 0.000174675 -0.00246165 -0.00011057 0.00888602 -0.000339529 0.00105835 0.0398144 0.000258728 -3.01346e-05 -0.0116618 0.0233739 0.0101162 0.00167995 -0.000756734 -0.0510402 0.0136824 0.000203073 0.0189334 -0.00746204 1.51495e-05 -0.00667163 -0.0142347 0.0494105 0.036473 -9.58654e-05 0.0138466 0.0227697 -0.000213848 -0.0139414 -0.000168997 3.32917e-05 0.00640063 -0.013799 0.00104907 0.00133526 -0.00413267 0.00249928 -0.0062917 -0.0148288 
-0.00177333 -0.00992311 -0.0109164 -0.0131796 -0.00103788 -0.00554141 0.00971358 0.00645263 0.00183809 -0.00433327 0.0586313 -0.0172183 0.0239016 -0.0363148 0.000498118 -0.000281986 -0.0310718 0.221397 -0.0280656 0.012878 -0.019969 0.0468282 -0.0441078 0.0506895 -0.0538691 -0.0279226 -0.0131653 -0.0723642 0.00213768 0.0660064 0.0451555 -0.0462107 -0.0104388 0.0636446 0.00410452 0.047079 0.00124556 -0.00479087 -0.000793116 -0.00344782 -0.00381252 9.89898e-05 -0.00050379 -0.0049501 -0.00273466 0.000439843 0.0044451 -0.0108673 -0.00107036 -0.00427384 -0.0180574 0.00156642 -0.00739303 -0.00887898 -0.00240278 0.00435814 0.0236901 -0.0113963 -0.00645244 -0.00213652 -0.00882318 0.000120562 -0.00128161 0.000326988 -0.00902058 0.00292613 0.00603328 -0.0408337 -0.0024338 0.00087204 -0.0116711 -0.061198 -0.00765972 -0.00314213 0.000105777 0.026134 -0.0128126 -0.000168465 -0.0102031 0.0173842 -0.014272 0.00395525 0.0361848 -0.0640021 -0.0248954 0.00191713 -0.00932646 -0.00651212 0.000780303 0.0404163 -0.00697276 -0.00123916 -0.00399515 0.0323397 0.000741252 -0.00345328 -0.00220012 -0.0010637 0.0190625 -0.0372535 
0.00305142 0.0245191 -0.0088098 0.0188192 0.00415373 0.0268392 -0.00547108 0.0189883 -0.00190781 0.00555234 -0.0874427 0.00968289 -0.0169512 0.00913744 -0.0526655 0.000966521 0.0254298 -0.0280656 0.200559 -0.0161001 -0.0240082 -0.0722423 0.0655123 -0.0515342 0.0373558 0.0468821 0.00723351 -0.000653098 0.00900347 -0.0645417 -0.0436145 0.0455239 0.035913 -0.0696165 -0.0137797 -0.0144071 0.00337616 0.00097634 -0.0496992 -0.00181116 0.00983843 -0.000567519 0.000214661 0.00348906 0.00287046 -0.000914126 -0.00560223 0.0243682 0.00170108 0.00579152 -0.00679617 -0.00204723 -0.0129632 0.00914808 0.0195755 -0.000644399 -0.0892055 0.00690586 0.00202193 0.00369804 0.0169774 -0.000196419 0.0021082 0.000424789 -0.00961804 -0.00226316 0.00107225 0.0262755 0.00115299 -0.000316907 -0.0215782 0.0613487 -0.00333555 0.00686697 0.000367845 -0.0741536 0.00210727 0.00220968 0.00628956 -0.00888691 -0.0130007 -0.00672429 -0.015965 0.0363919 0.052085 0.000250931 0.00109041 0.0178015 0.000243189 -0.0284679 0.00718782 0.00210922 0.00178645 -0.0355369 0.00425913 -0.0015468 0.00396555 0.00812054 -0.0151922 0.0272526 
-0.00116683 -0.012306 -0.00137462 -0.00980442 -0.000585319 0.00630724 0.000499032 0.0023957 -0.000135028 -0.00436713 0.0366253 -0.0168673 0.00661654 0.0121703 0.0125341 -0.000925058 -0.011548 0.012878 -0.0161001 0.0777219 -0.00458524 0.0280012 -0.0244081 0.00999404 -0.0187861 -0.0192545 -0.00907706 0.0202259 -0.00951881 0.0249026 0.0262981 -0.0330696 -0.0197567 0.0279527 -0.00416106 0.00780515 -5.01106e-05 -0.00595965 0.0214645 -0.00160422 -0.00271334 -6.47643e-05 -0.00083297 -0.000294128 -0.00248792 -0.000547978 -0.00188816 -0.00514152 0.000952216 -0.00200717 -0.00501334 -0.000203124 -0.00353247 -0.0046119 -0.00447996 0.000104142 0.0318886 -0.0107226 -0.00066603 -0.00749662 -0.00157702 -0.00010974 -0.00236473 -8.95938e-06 0.00122458 -0.00166395 0.000471203 -0.0105555 -0.000515272 -0.000253865 -0.00560729 -0.011057 -0.0111958 -0.00154 -0.000569084 0.0247652 -0.00622808 -0.000775519 -0.00995362 0.00196052 -0.00384221 0.00387362 0.00694003 -0.0187793 -0.010322 0.000247668 -0.00697469 -0.00654583 -0.000379974 0.00390589 -0.000920968 -0.00216356 -0.016088 0.00984549 -0.00115806 -0.0012835 -0.00479418 -0.00594745 0.00205049 -0.00133182 
0.00245997 -0.00539325 -0.00335848 -0.00698352 0.000123257 -0.00822363 -0.000760647 -0.0118657 -0.00044974 -0.000321627 0.0146863 -0.00778015 -0.00939598 0.00847869 0.0273222 -0.000258583 -0.00984211 -0.019969 -0.0240082 -0.00458524 0.115646 0.00782885 -0.0177657 0.00587974 -0.000691885 -0.0160284 -0.00549487 0.0186655 0.000696525 -0.0264455 0.000816363 -0.0198311 -0.0109837 0.00154495 0.0212436 -0.00859899 -0.00187332 0.00247094 0.0281091 -0.00146351 -0.00034607 0.000980867 -0.000107382 -0.000604657 -0.00102488 -0.00109493 -0.00161932 -0.00600165 -0.00181687 -0.000610311 0.0100649 0.00302416 0.0104968 -0.00146798 -0.00361009 -0.00157783 0.0255264 -0.00248912 -0.00323067 -0.00203899 -0.0107539 -1.39863e-05 -0.00146526 3.48539e-06 0.0141011 -0.00037605 -0.000864624 -0.00788735 0.000587392 -0.000207372 0.0316005 -0.0345357 -0.00101172 -0.00127576 -0.000381078 0.0215963 -0.00219227 -0.000280483 -0.00421635 0.00395263 -0.000257033 0.0279574 -0.0104681 -0.0128903 -0.0111716 -0.000132776 0.00497323 -0.00667838 0.00144818 -0.000429973 -0.00256033 -0.000239152 -0.00394415 -0.00157676 0.00035047 0.00567664 0.00967525 -0.00362958 -0.00511881 -0.053415 
0.00358503 -0.0305806 0.00619116 -0.0342267 -0.000605154 0.0136164 0.00175755 -0.030639 0.001098 -0.00512693 0.127651 -0.0551399 0.0191702 0.0344113 0.0601047 -0.00198305 -0.0681229 0.0468282 -0.0722423 0.0280012 0.00782885 0.175152 -0.117155 0.0442888 -0.0359668 -0.0958899 -0.0260712 0.0291122 -0.00811814 0.0909377 0.0873761 -0.097054 -0.0530412 0.0861551 0.00194759 0.0206037 -0.0013461 -0.00174741 0.0915314 -0.00543519 -0.0112986 -0.000128241 -0.00136095 -0.00787644 -0.00814962 0.000912843 -0.00101129 -0.0255582 -0.00307353 -0.00459211 -0.0026374 0.00167596 0.00535699 -0.00692419 -0.0123732 0.00158357 0.11163 -0.0285041 -0.0183012 -0.00906001 -0.00764671 -0.000274007 0.00308731 0.000705946 -0.0145116 0.000563014 -0.00600506 -0.0724095 -0.00353521 -0.000961259 0.0211137 -0.0531735 -0.0168163 -0.00816443 -0.00501493 0.104184 -0.0162335 -0.0032266 -0.0278315 0.00608413 -0.00458697 -0.0012035 0.0240325 -0.0829171 -0.0643008 -0.00400688 -0.0217133 -0.030097 -0.000731179 0.0244686 -0.0022506 -0.00275394 -0.0102439 0.0379505 -0.00409203 -0.000705925 0.00424699 -0.00457955 0.0108908 0.0154917 
-0.0013812 0.0385471 -0.0033504 0.0397774 0.000316492 -0.00450566 -0.00214772 0.0363498 -0.000516598 0.00323375 -0.125863 0.0533791 -0.0153073 -0.0360844 -0.0566938 0.00123945 0.0609301 -0.0441078 0.0655123 -0.0244081 -0.0177657 -0.117155 0.148565 -0.0410588 0.0232866 0.0986558 0.0191819 -0.0389493 0.00471709 -0.0772831 -0.0812771 0.103432 0.0672103 -0.0840844 -0.00787817 -0.0269758 0.00194881 0.000705533 -0.0943036 0.00555321 0.00297663 -0.000275124 0.00110861 0.00756661 0.00483904 -0.000351592 -0.000668537 0.016353 -0.0011807 0.00326546 -0.00250243 -0.00325811 -0.00874815 -4.92357e-05 0.00170021 -0.00199065 -0.110652 0.0286338 0.0200471 0.00862486 0.00319678 0.000135054 -0.00332055 -4.99279e-05 0.00285522 -0.000340763 0.0038324 0.0689223 0.0031734 -8.58773e-05 -0.0182656 0.0660466 0.0143918 0.00484761 0.00307516 -0.108012 0.0201013 0.0029839 0.025175 -0.0125018 0.00676103 -0.0130165 -0.0209828 0.0714781 0.0567397 0.00106079 0.0127004 0.0279085 0.000646162 -0.0210055 0.000210446 0.00248194 0.00964652 -0.033734 0.0018523 -0.00128884 -0.0146653 0.00664131 -0.011166 0.00468781 
-0.0075583 -0.0128404 -0.00122721 -0.0137941 -0.00159526 -0.0375077 0.00990803 -0.00586739 0.00173705 0.000459 0.0497313 -0.0160899 -0.00788574 -0.0386907 0.0262605 -0.000309734 -0.0202819 0.0506895 -0.0515342 0.00999404 0.00587974 0.0442888 -0.0410588 0.19806 -0.0231235 -0.0268225 -0.00996609 -0.00602677 -0.0021349 0.0251288 0.0429572 -0.0410646 -0.0286494 0.0558764 -0.00139261 -0.0063302 -0.00199519 -0.00147865 -0.0230976 -0.00227632 -0.00240985 0.00102853 -0.000501166 -0.00369717 -0.00210802 0.0015247 0.00608596 -0.0124457 -8.23013e-05 -0.00120486 -0.00946377 0.00342093 -0.00272835 -0.00709535 -0.00600051 0.000199805 0.0343091 -0.0127401 -0.00386317 -0.000868732 -0.0200993 8.08214e-05 -3.76556e-05 -0.00147807 -0.000963413 0.00390871 -0.00497221 -0.0181943 -0.00128725 0.00204543 -0.00266117 -0.0378728 0.0124472 -0.00252833 -0.00110592 0.0207466 -0.00962461 -0.000987204 -0.00812256 0.0112616 -0.000129625 0.0138485 0.0203857 -0.046637 -0.0258106 -0.00117536 -0.00604127 -0.00547341 -0.000743989 0.0431899 -0.00356689 -0.000968804 -0.00322395 0.0499607 -0.0015272 -0.00354366 -0.0146867 -8.39858e-05 -0.00453881 -0.0215195 
0.00978461 -0.00736039 -0.0060987 0.0141948 0.00104633 0.000691472 -0.0044157 -0.011042 -0.00128755 0.00744738 -0.0547455 -0.00637753 -0.00854779 0.0157713 -0.0319301 0.000879623 0.00148374 -0.0538691 0.0373558 -0.0187861 -0.000691885 -0.0359668 0.0232866 -0.0231235 0.158675 0.0151342 0.0225096 0.0208293 0.00359252 -0.0235872 -0.0246978 0.0291974 0.0105623 -0.0820305 -0.0146535 -0.017049 0.000206473 0.00271672 -0.0258815 -0.0028733 0.0132703 0.000153265 -0.000150817 0.00122596 0.00190219 0.000660614 -0.00706104 0.0131901 -0.000625034 0.00689345 -0.000226154 -0.000383077 -0.0107617 0.013201 0.0138419 -0.000587744 -0.0417408 0.00307296 0.00262378 0.000217086 0.0036543 -0.000112961 0.00451797 -0.000641303 -0.00555304 -0.00165258 -0.000266271 0.031621 0.00396273 0.000671999 -0.00523541 0.0576915 0.0101725 0.00558495 6.62589e-05 -0.0347108 0.00935486 0.0016792 -0.00294036 -0.00465243 0.00359798 -0.00852043 -0.0182241 0.00431728 0.0112451 -0.0020525 -0.00806005 -0.00479164 7.40123e-05 -0.0194921 0.00602515 0.00236355 0.00832896 -0.0147134 0.00192448 0.00106304 0.00241804 0.00506538 -0.0115557 0.0387088 
-0.000107149 0.0285191 -0.00258144 0.0357649 0.000749941 -0.0127315 -0.000710303 0.0364618 -0.00058575 0.00225556 -0.0982315 0.0532663 -0.0143024 -0.0397769 -0.0440625 0.00141755 0.0521543 -0.0279226 0.0468821 -0.0192545 -0.0160284 -0.0958899 0.0986558 -0.0268225 0.0151342 0.123057 0.0192509 -0.0354282 0.00494015 -0.0583157 -0.0725175 0.0817319 0.0343251 -0.0666074 -0.00706002 -0.0215915 0.000157991 -0.00260245 -0.0831102 0.0060788 0.0048244 5.46842e-05 0.000905686 0.0047189 0.00293985 -0.000641423 0.00124146 0.00553144 -0.000156109 0.00274588 -0.0051935 -0.0017973 -0.00653821 -0.00200365 0.00189975 -0.00120679 -0.0857968 0.0260451 0.0202678 0.00715973 0.00226111 0.000177974 -0.0027069 0.000596593 0.00411579 -0.000786434 0.00137189 0.0665501 0.00340766 0.00079751 -0.0149812 0.0434329 0.0158088 0.00220357 0.00333216 -0.0877807 0.0113005 0.00355863 0.0230567 -0.010462 -9.75667e-06 -0.00414703 -0.0158941 0.0556524 0.0455837 0.00139242 0.0123529 0.0250836 -0.000650045 -0.0150565 0.000124294 0.00168563 0.00722279 -0.0263946 0.00396569 -0.00155906 -0.0120586 0.00187341 -0.00886408 -0.00512182 
-0.000346685 0.00468601 -0.0027642 0.0121979 -0.000342664 -0.00676305 -0.000958928 0.00304527 -0.000348666 0.00147179 -0.0298811 0.00683901 -0.00373505 -0.00248841 -0.0157399 0.000504593 0.00876732 -0.0131653 0.00723351 -0.00907706 -0.00549487 -0.0260712 0.0191819 -0.00996609 0.0225096 0.0192509 0.0455775 -0.00846416 0.00130919 -0.0161229 -0.0239996 0.0266126 0.00805552 -0.0246642 -0.00392584 -0.00610744 -0.000417715 0.00105795 -0.020267 -0.00051657 0.00381515 -6.41734e-05 -1.20087e-05 -0.000169346 0.00249124 0.000224203 -0.0016058 0.002519 -0.000557985 0.000714518 0.00227076 -0.000466033 -0.00080718 0.00351843 0.00243181 -0.000335273 -0.0262608 0.00649013 0.00642807 0.000949505 0.00219673 1.11968e-05 -0.000318779 -0.000386597 -0.00166398 -0.000127464 -0.000112336 0.0219225 0.000191393 7.39255e-05 -0.00395615 0.0211669 0.00537439 0.00170354 5.69032e-05 -0.0207507 0.00112667 0.000725986 0.00281622 -0.00352617 0.0071008 -0.00695385 -0.00591748 0.0191862 0.00509464 -0.000608729 -0.00121144 0.000367106 -0.00018742 -0.00690938 0.00158564 0.000963336 0.00563062 -0.00985202 0.000667045 -0.000294277 -0.00166086 0.000775722 -0.00299638 0.0104505 
0.000206107 -0.0309987 0.0057466 -0.0155917 -0.00374776 -0.00448978 -0.00612857 -0.0206933 -0.00177079 0.00183855 0.0318803 -0.0241665 -0.0193229 0.0442839 0.0310036 -0.00104503 -0.0111355 -0.0723642 -0.000653098 0.0202259 0.0186655 0.0291122 -0.0389493 -0.00602677 0.0208293 -0.0354282 -0.00846416 0.23385 -0.00630077 0.0136235 0.0136501 -0.0404145 -0.0273032 -0.00346684 -0.0201827 -0.0114053 -0.00254834 -0.000583497 0.0457124 -9.27319e-05 0.00492231 -0.000529131 -0.00044135 0.00121851 -0.00299977 -0.000757408 -0.00998457 0.00446871 0.004853 0.00254209 -0.00827318 -0.0020079 0.0142019 0.0127256 0.0148275 -0.00233146 0.0240332 -0.0143941 -0.00777068 -0.00430197 -0.0173876 -0.000178851 -0.000584733 -0.000820768 0.00487907 -0.0039394 -0.00885324 -0.00464027 0.000201495 -0.000659679 0.00482564 0.0227489 -0.00337665 0.00116135 -0.00359415 0.0610864 -0.00621461 -0.00196259 -0.0104072 -0.00221432 -0.00358578 0.000305296 -0.0322299 -0.0303752 -0.0231742 -0.0016438 -0.0171753 -0.0134581 -0.00245648 -0.0204052 0.00499856 -0.00124473 -0.00599549 0.00327765 -0.00141341 -0.000124619 -0.000330276 -0.00109537 -0.0140765 0.00277858 
0.00489966 -0.00500132 3.75129e-05 0.00467799 -6.40961e-05 -0.00022846 -0.000372065 -6.22774e-05 -7.69582e-06 0.00420588 -0.00926169 0.00252835 0.000121399 -0.00190472 -0.00529542 0.0001089 -5.01789e-05 0.00213768 0.00900347 -0.00951881 0.000696525 -0.00811814 0.00471709 -0.0021349 0.00359252 0.00494015 0.00130919 -0.00630077 0.0309435 -0.00840943 -0.00909174 0.00423726 0.00195156 -0.00298018 -0.00183325 -0.000146047 -0.000200397 -0.000605032 -0.00658751 -0.000180037 0.00202443 -7.12567e-05 1.7001e-05 -0.000113894 0.00147312 -5.76778e-05 0.000741797 0.00125971 0.00126781 0.00171658 -0.000789217 -0.000172002 -0.00157776 0.00258531 0.00277225 -0.000136275 -0.00899381 0.000688104 -0.000498927 0.00160667 0.000570963 2.66934e-05 0.00111283 9.35322e-05 0.000500736 0.0005268 -0.000880105 -0.000508425 0.000158964 0.000301505 0.000633701 -0.00264067 -0.000899982 0.001712 0.000131513 -0.00811371 0.00133097 0.000619925 8.77964e-05 -0.00139918 -0.00077652 0.00355832 -0.00182021 0.00290602 0.00227237 -1.67343e-05 0.00157074 -0.000432465 -0.000227447 -0.000974215 -0.000310714 0.000806029 0.000797908 -0.00155168 -0.000120906 -0.00030937 -0.00103275 0.00134885 0.000178614 -0.00472815 
-0.0096812 -0.0612913 0.0108872 -0.0273045 -0.0035046 -0.00830916 0.00456326 -0.0164723 0.00209568 -0.00598169 0.0830104 -0.0352322 0.0244486 0.00509478 0.0033249 -0.00136968 -0.0444107 0.0660064 -0.0645417 0.0249026 -0.0264455 0.0909377 -0.0772831 0.0251288 -0.0235872 -0.0583157 -0.0161229 0.0136235 -0.00840943 0.247477 0.0742288 -0.0654293 -0.030143 0.0393069 -0.0161045 0.0366816 -0.000459328 -0.00662328 0.029491 -0.00435207 -0.00310768 0.000298084 -0.000803788 -0.00647558 -0.00577498 0.00278254 -0.00315976 -0.012154 0.000842008 -0.00334824 -0.0210366 0.00168645 -0.00559 -0.000643918 -0.00287845 0.004664 0.0818376 -0.0194033 -0.0116339 -0.00724476 0.00412217 -0.000175396 0.00422753 0.000455495 -0.00914598 -0.00236501 -0.00959631 -0.0497528 -0.00257063 0.00047719 -0.0142146 -0.0389699 -0.0104379 -0.00421627 -0.00191035 0.0666649 -0.0113093 -0.00315423 -0.0181605 0.00485137 -0.0116446 -0.0276894 0.0320169 -0.0713886 -0.0387356 -0.00223861 -0.0308393 -0.0194716 -0.0022925 0.0310357 0.000884368 -0.00166287 -0.00748554 0.0450959 -0.00294575 -0.00496114 0.00336619 -0.00324672 0.0161993 0.032494 
-0.00585349 -0.0341345 -0.0154248 -0.031843 -0.0030146 -0.0294722 -0.000443861 -0.021275 0.00141882 -0.00161785 0.0984334 -0.0398564 -0.0167163 0.016555 -0.031823 -0.00150619 -0.0495954 0.0451555 -0.0436145 0.0262981 0.000816363 0.0873761 -0.0812771 0.0429572 -0.0246978 -0.0725175 -0.0239996 0.0136501 -0.00909174 0.0742288 0.247928 -0.0791392 -0.0264685 0.0987482 0.0069635 0.033409 -0.0023899 -0.00574734 0.0755357 -0.00208842 -0.0128056 -0.000100135 -0.000985367 -0.00735959 -0.00676402 0.00272239 -0.00533736 -0.0177751 -0.00109485 -0.00325486 -0.00196431 0.00160066 -0.00870227 -0.0090784 -0.0109719 0.00171365 0.100636 -0.0194311 -0.0143195 -0.00782561 -0.0152017 -0.000311742 0.000394709 -0.00112209 -0.00691754 -0.00162628 0.00594155 -0.0492552 -0.00276974 -0.000390095 -0.0298978 -0.0266609 -0.00773073 -0.00467987 -0.00508124 0.0580879 -0.00901931 -0.00299086 -0.0197631 0.0145347 -0.0103515 -0.0059985 0.0317433 -0.0660289 -0.0474434 -0.00424652 -0.0143718 -0.0186896 0.00118469 0.0118283 -0.0013888 -0.00185827 -0.010441 0.0107409 -0.00269613 -0.00353539 0.00621202 -0.0072781 0.0236341 0.0186753 
-0.00516219 0.035213 -0.00440361 0.0399727 -0.000581298 -0.0103369 -0.00274458 0.0164188 -0.000251296 0.00134019 -0.108296 0.0493708 -0.013751 -0.0288376 -0.0600695 0.00113858 0.0501638 -0.0462107 0.0455239 -0.0330696 -0.0198311 -0.097054 0.103432 -0.0410646 0.0291974 0.0817319 0.0266126 -0.0404145 0.00423726 -0.0654293 -0.0791392 0.146595 0.0513376 -0.0791258 -0.0104528 -0.0271872 0.000117017 0.00139977 -0.0806574 0.00403168 0.00608241 -0.000377043 0.000848486 0.00722517 0.00401186 -0.000857261 -0.00193349 0.0129005 -0.00285713 0.000457706 0.00376113 -0.00343715 -0.00384988 -5.60239e-05 -0.00116072 -0.00205735 -0.0884028 0.0304165 0.0182643 0.00965097 0.0131371 0.000160454 -0.00354752 -0.000215338 0.0019963 -0.000788083 -0.00114384 0.0589069 0.00154938 -0.000323814 -0.01406 0.06664 0.0179374 0.00367047 0.00109536 -0.0871822 0.0164275 0.00238441 0.0236833 -0.0134229 0.0105777 -0.0246343 -0.0201034 0.0842673 0.0512307 0.00116254 0.00670473 0.0220792 -0.000747404 -0.0255707 0.000119586 0.00237177 0.00908076 -0.0351696 0.000603162 -0.00146334 -0.00911852 0.00557705 -0.0104007 0.024135 
-0.00474263 0.0165134 -0.00197925 0.00902238 0.000534007 0.00443191 0.000780411 0.0162937 0.000141313 0.000104025 -0.0713178 0.0225081 -0.00634035 -0.0197016 -0.0476693 0.000432397 0.0260875 -0.0104388 0.035913 -0.0197567 -0.0109837 -0.0530412 0.0672103 -0.0286494 0.0105623 0.0343251 0.00805552 -0.0273032 0.00195156 -0.030143 -0.0264685 0.0513376 0.145758 -0.0588081 -0.00435821 -0.0132795 7.27003e-07 0.00727772 -0.0574153 0.00411404 -0.00172412 -0.000678539 0.000795593 0.00244322 0.00517115 -0.000564708 -0.00390203 0.0114443 -0.00210185 0.000765871 -0.00544951 6.87739e-05 -0.00782104 -0.00172178 -0.000879675 -0.000117468 -0.0710276 0.013693 0.00567957 0.00840965 -0.00055101 0.000157202 0.00430944 0.000180247 -0.00592757 7.37571e-05 0.00451045 0.0288229 -6.37788e-05 -0.000290938 -0.0142692 0.0469017 -0.00380655 0.00220115 -0.00173851 -0.0738717 0.0197328 0.00164416 0.00451178 -0.000623553 0.00152945 -0.022628 0.00950841 0.0262034 0.0282977 -0.00292507 0.000899616 0.00791943 0.000563354 -0.000655493 -0.00137668 0.000896688 0.00655266 -0.00659231 0.00214231 -0.000998833 -0.00995036 0.0172269 -0.009493 0.0175359 
-0.0102943 -0.0362444 0.00123361 -0.030132 -0.0029649 -0.00748399 0.0029121 -0.0144035 0.00110291 -0.00342574 0.1114 -0.0353366 -0.000692805 0.0191344 0.0432091 -0.00128669 -0.0459167 0.0636446 -0.0696165 0.0279527 0.00154495 0.0861551 -0.0840844 0.0558764 -0.0820305 -0.0666074 -0.0246642 -0.00346684 -0.00298018 0.0393069 0.0987482 -0.0791258 -0.0588081 0.246647 0.00794028 0.0200176 -0.000785207 -0.00466387 0.0780416 -0.00407934 -0.0127892 -4.61025e-05 -0.00095525 -0.00863437 -0.00503822 0.000350522 0.00516614 -0.0168444 0.00389058 -0.00680009 -0.000327749 -0.00548751 0.00134525 -0.012686 -0.00958857 -0.00187954 0.109112 -0.0183042 -0.0138242 -0.007004 -0.00535674 -0.000164626 -0.0033775 -0.00308022 -0.0103935 0.00291312 -0.00187426 -0.0599537 -0.00363916 -0.000510814 0.0011231 -0.0798012 -0.0232459 -0.00687116 0.00154431 0.0756411 -0.015771 -0.00362977 -0.0182939 0.00673707 -0.00952416 0.0188778 0.0269429 -0.0614241 -0.0481319 -0.00105341 0.00345005 -0.0179167 -0.00168251 0.026167 -0.00759365 -0.00215074 -0.0122326 0.0173063 -0.00460256 -0.00474915 -0.00831119 -0.00795967 0.022801 -0.0156358 
