0.0207289 0.00150788 0.000889414 0.000306324 4.38018e-05 0.000138531 -0.000914096 0.00083272 -0.000869736 0.0019041 7.29242e-05 -0.00200301 -0.000327141 -0.00117437 -0.000479708 0.00169274 0.00045025 -0.00493978 -0.00174833 0.000161008 -0.00162465 -0.00197009 -0.00320766 0.000277735 0.000209276 0.000277708 0.000352153 0.00110288 0.000224401 -0.00180823 0.000137903 -0.00312868 -0.00133656 -0.000543249 -3.39673e-05 -0.000843068 -0.00229871 -0.00596006 -7.35164e-05 -0.000291527 -0.00105343 8.88511e-05 0.00129556 -0.00240591 0.00194564 -0.000419357 0.000143985 -3.90193e-05 -0.00029286 0.00057535 -4.85751e-06 -0.00252285 1.95563e-05 0.000153549 0.00036216 -0.000271316 0.00471847 -0.000950586 4.00557e-05 -0.0001351 -0.000188407 -0.000107847 0.00234243 -5.23237e-05 -0.000187486 0.000324714 0.000278866 6.38126e-05 0.00133307 -0.000813772 5.98767e-05 -3.91712e-05 4.47357e-05 4.24817e-05 0.00054484 -0.000523328 5.3546e-06 -1.2594e-05 -0.000161481 -0.000810089 -0.00126264 -0.000954918 -0.00184292 1.76981e-05 -0.000465638 0.00052955 2.86668e-05 -2.8916e-05 0.00236344 0.000532026 0.000202856 2.06699e-05 0.00136206 6.63043e-06 0.000365331 0.00040023 7.0917e-06 -2.08793e-05 -0.000198616 -0.000187816 
0.00150788 0.0405401 -1.04042e-06 0.0104051 -5.71458e-05 0.000653069 -0.00413662 -0.00683047 -0.00359175 -1.25617e-05 -0.000187576 -0.00203523 -0.000819481 -0.00261398 -0.00159392 0.00907532 0.00267797 -0.013998 -0.00330136 -7.84757e-06 0.00257855 -0.00420909 -0.00827382 0.00763361 0.000553219 -0.00133051 -0.000934561 -0.0011656 0.00122064 -0.00727217 -6.03145e-05 -0.00448359 0.00279188 -0.000604205 0.000315228 0.00351119 -0.00875994 -0.00511634 -0.00508216 0.000969484 0.00150517 4.84359e-05 -2.06025e-05 -0.00560262 0.00927516 -0.000339622 -3.97089e-05 -3.74976e-05 -0.00070963 -0.000123454 -1.61978e-05 -0.0076949 2.78974e-05 -2.56125e-05 1.3512e-05 0.000103277 0.00895394 -0.00315075 -0.00149823 -0.000734605 -6.50476e-06 -0.000128217 0.00624808 -0.000105505 0.000683912 -0.00253695 -0.0015453 0.000786672 0.00666389 -0.0015362 3.51706e-05 -0.000636137 0.000212876 -0.000126965 0.000234982 -0.000303519 -4.66674e-06 -5.25484e-05 0.000371091 -0.000295001 -0.00077692 -0.00155752 0.000508136 4.03292e-05 -0.0011561 0.000304484 -0.000185014 8.25416e-07 -0.000238436 -0.0023115 -0.000387828 0.000109824 0.00110289 0.000118623 -0.000828721 -7.6686e-05 0.000418363 -0.000121983 -0.000903357 9.34846e-05 
0.000889414 -1.04042e-06 0.0419019 -0.00345756 0.000379048 -0.00429331 0.00100854 -0.00265086 -0.00406348 -0.00235076 0.00064941 -0.00349151 0.00493137 0.00238132 -8.45113e-05 -0.00236661 -0.00189379 -0.0140879 -0.0166003 0.00190926 -0.00802332 -0.00684835 0.0178433 -0.0171477 0.00144538 -0.00171491 0.0114733 -0.00152404 0.000683693 0.0105029 -3.96248e-07 -0.00356225 -0.0022808 0.00109464 -0.000505387 -0.00706268 0.00824322 0.00886986 -0.0090971 -0.00216565 0.00751085 -2.76012e-05 -0.000434279 0.0177169 -0.00500816 0.000120323 5.88467e-05 0.000463631 -0.000991125 -0.000410257 -6.48348e-06 0.0016339 0.000100222 0.000168833 0.000637905 -5.44246e-05 -0.00738108 0.00351795 -6.30235e-05 0.00418892 0.000528814 0.000409438 -0.00642201 -0.000279105 -0.000601326 0.000938309 -0.0028839 -7.23924e-06 -0.0177301 0.00481381 -3.14161e-06 7.71615e-05 -3.67514e-05 0.000183898 0.000281063 -0.00171734 8.89945e-05 -1.51743e-05 -0.000528169 -0.00175155 0.00168873 -0.00109029 -0.00445595 -0.000226857 0.00108723 0.00016076 0.000196652 -8.84697e-05 0.000385875 0.00522152 0.000318117 3.98535e-06 0.000892024 9.71241e-05 -0.00134901 7.44934e-05 -0.000160491 -0.000117512 0.00170725 -0.000364993 
0.000306324 0.0104051 -0.00345756 0.11297 0.000141422 0.00449484 -0.018422 -0.00920198 -0.015985 -0.00854855 0.000882818 0.000244882 -0.0119858 -0.00676445 -0.0127331 0.0158587 0.00619033 -0.0146317 0.0105081 -8.80257e-05 0.00840489 0.0209034 -0.0156509 0.00421906 -0.00266933 -0.00530735 -0.000186359 -0.00131498 -0.0003757 -0.0176609 -0.000517988 -0.00953187 0.0101333 0.001534 0.000964563 0.00388113 -0.0305867 -0.018094 -0.00407811 0.000590782 -0.0145293 -1.18772e-05 -0.00602813 -0.0109032 0.0123884 0.00123297 -0.000162989 -0.000250902 -0.000907975 -0.000615564 2.75878e-05 -0.0148144 -0.000137117 -0.000293619 -0.00168085 0.000279983 0.0151099 -0.00273637 -0.00353988 -0.00253864 -0.00142615 -0.000880959 0.0321943 0.000130543 -0.00119216 -0.00142539 0.00303581 0.00102506 0.0237912 -0.00679713 -0.000258188 -0.00146741 -7.40282e-05 -0.000543183 0.00116129 0.00317708 0.000112081 -0.000190935 -0.00032755 0.00465259 -0.00419451 -0.00531301 0.00571725 0.0015429 -0.00289432 -0.000165491 0.000163456 0.000627248 -0.00137033 -0.0129052 -0.00090405 0.000107704 -7.2223e-05 9.84858e-05 -0.00240497 -0.000499176 -0.000642093 -0.000260379 -0.00506725 -0.000990633 
4.38018e-05 -5.71458e-05 0.000379048 0.000141422 0.00427131 -0.000554702 0.000408909 -0.000685927 -0.000257503 -0.000308464 5.87414e-05 0.000309536 -0.000249023 0.00149255 -0.000121245 -0.000134615 0.00020369 0.000315267 -0.00107837 0.000118248 -0.00162142 0.000101667 0.00103454 -0.00100043 0.000209475 0.000197375 0.000432193 -0.00019658 3.88298e-06 6.51105e-05 0.000141293 -0.000349295 -0.000358724 9.68089e-06 1.7547e-05 -0.00117513 -0.000504702 -7.51106e-05 -0.00110819 -0.000123752 7.25925e-05 2.6856e-06 -0.000128995 0.000654068 -0.000218001 -4.62982e-05 3.12864e-05 -3.31814e-06 -5.99973e-05 4.01225e-05 3.46009e-06 -0.000595675 4.1725e-05 2.0471e-06 5.33719e-05 -7.31622e-05 -0.000513796 -4.5775e-05 0.000326184 0.000361142 2.27514e-05 8.47577e-05 -0.000521554 7.62558e-06 -1.77778e-05 0.000366217 -0.000207414 1.14835e-05 -0.000549212 0.000308185 9.65364e-06 -5.50201e-05 -2.98797e-06 7.49345e-05 -2.91885e-05 0.000698984 7.01221e-05 -5.84539e-06 -3.7023e-06 -7.03069e-05 -9.20923e-06 -0.000221048 -0.000145007 -1.71243e-05 -0.000263405 -1.37773e-05 -4.81855e-06 -8.57105e-06 3.36378e-05 -6.2567e-05 8.43555e-05 1.04384e-05 0.000143973 1.46759e-05 0.000171274 0.000179966 4.82778e-05 8.08749e-06 -0.000124455 8.49707e-05 
0.000138531 0.000653069 -0.00429331 0.00449484 -0.000554702 0.0454385 -0.00717356 0.0170255 0.00190907 0.00146941 9.61812e-05 0.00191456 -0.0159227 -0.0193319 0.00573001 -0.000670649 -0.000868027 0.00714613 0.0101763 -0.00646066 0.0204231 0.003334 -0.0196154 0.00985727 -0.00346139 -0.000852928 -0.00535623 0.00116584 -0.000716328 -0.00859074 -0.00184055 -0.00312888 0.0160082 -0.00103201 0.000240348 0.021859 0.00128818 -0.00193139 0.013702 -5.78906e-05 -0.00375013 -0.000150802 -0.00465776 -0.0142932 0.00399717 -0.000297047 -0.000440917 -0.000471734 -0.00029522 0.0002842 -6.84531e-06 0.000908036 -0.000648685 -0.00138311 -0.000127227 0.000648269 0.00109963 -0.00153938 -0.00264053 -0.0137642 -0.00224449 -0.00522729 0.00540567 -0.000500925 0.000158013 -0.0063506 0.00345949 -0.000443473 0.016184 -0.00828883 -0.00133172 -0.00277382 4.5061e-05 -0.00334955 -0.000146195 0.000468333 -0.000391488 -7.91624e-05 0.000221753 0.00190905 -0.00310102 -0.00923517 0.00535191 -0.00013022 -0.000176584 -0.000489889 -0.000118043 -1.20375e-05 -0.00198556 -0.0140992 -0.00012733 -0.000215066 -0.00122208 -0.000399747 -0.000101353 -0.00193464 -0.00408111 -0.000187009 -0.00608885 -0.003052 
-0.000914096 -0.00413662 0.00100854 -0.018422 0.000408909 -0.00717356 0.145154 -0.0121928 0.0416641 0.0207198 0.00127679 -0.00896042 0.040446 0.00558458 -0.00908835 0.0122219 0.0131383 0.0388983 -0.0159111 0.00178533 -0.00591805 -0.00156936 -0.0158097 -0.0480902 0.000297191 0.0155976 0.0102903 -0.00434924 0.00128791 0.00843762 0.00126619 -0.011437 -0.0373172 -0.00280164 -0.00124309 -0.00084878 0.0312838 -0.0209709 -0.00653445 -0.00797524 -0.0257752 -0.000556457 -0.00880495 -0.0217957 -0.0109755 0.00423268 4.81092e-05 -6.08659e-05 0.00587804 0.000275133 -5.08928e-05 0.000538313 0.000160768 1.13032e-05 0.00131862 -0.0028217 -0.0233217 -0.00937426 -0.000886698 0.00321054 0.00475911 0.00316892 -0.0102834 0.000779614 -0.00131997 -0.00183638 -0.00944192 -0.000475141 -0.029529 0.00547723 0.000251156 -0.000259162 8.92212e-05 0.00105856 -0.000269133 -0.00582047 8.13474e-05 0.000245154 -0.00301768 -0.00750683 -0.00706872 8.31923e-05 -0.00809438 -0.000688857 -0.0064213 -0.000607279 0.00014714 -6.79524e-05 -0.000493457 -0.00320011 -0.00112345 -2.41506e-05 0.00640985 -0.000179547 -0.00114481 -0.000722364 0.0103162 7.72335e-05 0.00644172 -0.000142577 
0.00083272 -0.00683047 -0.00265086 -0.00920198 -0.000685927 0.0170255 -0.0121928 0.0797841 0.00135076 -0.00171671 -0.00361623 -0.00823586 -0.0235863 -0.0161647 0.00703501 -0.0111933 -0.0065835 0.0100868 0.0214051 -0.00525383 0.0188226 0.0107784 -0.0104904 0.0140735 -0.00202089 -0.000615314 -0.0130848 0.00264214 -0.00140441 -0.00912464 -0.00247746 0.00680614 0.013735 -0.000184262 -0.00209345 0.0123369 0.000884036 -0.0107409 0.0288021 -0.00139728 -0.00656568 0.000161424 -0.0100347 -0.00219666 0.0019949 -0.00266674 -0.000247966 -0.00024074 -0.00139705 0.000610711 -5.11987e-05 0.000430847 -0.000465371 -0.00164737 -0.00101924 -0.00152893 0.00752127 0.00386928 -0.0001028 -0.0136196 -0.000502871 -0.00436599 0.00382362 -0.0015941 0.000278822 -0.00687346 -0.00563119 -0.00148991 0.0171767 -0.016778 -0.00084799 -0.00174262 -0.000139108 -0.00367094 0.00014059 0.00320337 -0.000655256 -0.000394947 -0.000363126 0.00369208 -0.00154337 -0.00738037 -0.00677346 -7.99604e-05 0.00298458 -0.000663391 -0.000995846 -0.000129678 -0.000636793 -0.00355125 0.000741662 -0.00025879 0.000663098 -7.08791e-05 -0.00797246 3.62006e-05 -0.00620903 0.000155497 -0.00577205 -0.00346822 
-0.000869736 -0.00359175 -0.00406348 -0.015985 -0.000257503 0.00190907 0.0416641 0.00135076 0.126043 0.00352895 -0.00149128 -0.0101197 0.0140498 -0.00859916 -0.00644077 0.00406103 0.00241848 0.0414727 0.0266493 -0.00117218 0.00393253 0.0131097 -0.0246496 -0.00597162 -0.000971753 0.0199828 0.00751053 0.0011002 -0.000762417 -0.0100381 0.000758445 -0.00788363 -0.0121023 -0.00236144 0.00119715 0.00919138 0.00944575 -0.026038 0.0134678 -0.00258061 -0.0256452 -8.72686e-05 -0.023694 -0.0197098 -0.00367854 0.00128795 1.6959e-05 -0.000309235 0.00098194 0.00187154 -6.57695e-05 -0.013342 2.2684e-06 -0.000629565 0.00162645 -0.00160027 -0.027211 -0.00815114 0.00057898 -0.00195788 -2.74193e-05 0.000181959 -0.00134444 -0.00028286 0.000806096 -0.00325714 -0.0108131 -0.000500879 -0.00498909 -0.00448832 -6.54303e-05 -0.000784029 0.000117484 -9.70154e-05 -0.000568531 -0.00624213 -0.000171502 -0.000108939 -0.00183344 -0.00445492 -0.00857637 -0.00547965 -0.0131331 -0.000722641 -0.00576274 -0.000401618 -0.000149838 -0.000108135 -0.00283192 0.00250102 -0.000577617 -5.05718e-05 0.00765685 7.75118e-05 -0.00595941 -0.000786974 0.00162006 0.000765349 -0.00494397 -0.00139077 
0.0019041 -1.25617e-05 -0.00235076 -0.00854855 -0.000308464 0.00146941 0.0207198 -0.00171671 0.00352895 0.0933023 -0.00022951 0.00101262 0.0127939 -0.00142414 -0.000428854 -0.000879513 0.00396561 0.00918385 -0.0179344 -0.000457021 -0.00119117 -0.0160835 -0.0155186 -0.0124742 -0.000958987 0.00108298 -0.00534268 -0.00296791 -0.000335411 0.00220105 0.000754092 0.00270465 -0.0189811 -0.00150892 -0.00091964 -0.00526998 0.0120631 -0.000806764 -0.0105214 0.00439883 -0.0174199 -0.000343402 0.00362455 -0.0197452 -0.0085405 0.0037413 0.000112937 -0.000110791 0.00645891 0.00129715 -4.3801e-05 0.00434802 -4.57086e-05 0.000567423 0.00239288 0.00197654 0.00576296 3.55867e-05 0.000191209 -0.00210117 -0.000896214 -0.000377306 -0.0142338 -6.31548e-05 -0.000413904 -0.00318393 0.00278485 -0.000219432 -0.0116936 0.00276293 0.000113828 -0.000761382 -3.95883e-05 -0.000334552 0.00381386 -0.00194738 -5.05731e-05 0.000286531 0.000379765 -0.00495323 -0.00458538 -0.00267245 0.00403935 0.000251036 -0.00500243 0.000685962 0.000494276 -4.91435e-05 -0.000691512 -0.003441 -0.00092687 -2.27718e-05 0.00310155 -0.000268627 0.007006 -0.000382092 0.00533115 -0.000268214 0.000810796 -0.000456629 
7.29242e-05 -0.000187576 0.00064941 0.000882818 5.87414e-05 9.61812e-05 0.00127679 -0.00361623 -0.00149128 -0.00022951 0.0125749 0.00261255 0.000275331 -0.000415473 0.000233559 7.31897e-05 0.000829126 -0.00277495 -0.00327838 3.51183e-05 -0.000993512 -0.00197604 0.000129159 -0.00191903 -0.00013163 -0.000137572 0.00244276 -1.14379e-05 -7.59404e-06 -0.000490846 4.62111e-06 -0.00163519 -0.000402504 -0.000174096 -7.47541e-05 -6.50286e-06 -0.00131443 0.00182312 -0.00392097 0.000396563 0.00156895 -2.71192e-06 0.00045461 0.000538033 -0.000640441 0.000358584 4.15563e-06 -1.26805e-05 -0.000126653 -8.40346e-05 1.49908e-05 0.000553975 2.06058e-05 -5.69039e-06 -1.54504e-05 0.000701169 -0.00049424 -5.61453e-05 -0.000167527 -0.000164018 -1.99806e-05 -8.56328e-06 -0.00107719 -3.05517e-05 -0.000167737 -0.0004909 0.00219344 -4.06445e-06 -0.00219999 -0.000546428 -2.07617e-05 -5.25235e-05 -4.90486e-06 -6.85627e-05 -0.000153389 0.000231705 4.12252e-05 -7.51592e-06 -9.12936e-05 -0.000493931 -0.000108968 3.36958e-05 0.00204835 -4.91556e-05 -0.000349582 6.40437e-06 7.85962e-05 5.14273e-07 0.000316047 -0.00122936 -0.00015012 -2.64082e-06 -0.000378817 -3.40298e-05 0.000648975 -7.53523e-05 6.27267e-05 -2.83438e-05 0.000263508 0.00019665 
-0.00200301 -0.00203523 -0.00349151 0.000244882 0.000309536 0.00191456 -0.00896042 -0.00823586 -0.0101197 0.00101262 0.00261255 0.117473 0.0156757 0.0113173 0.0101374 0.00315618 0.00201673 0.0176077 -0.0380518 -0.00108157 -0.000869347 -0.0213601 -0.0025336 -0.0452805 -0.00296035 -0.00344707 -0.000329525 -0.00242165 -0.000652856 0.0153843 0.000250239 0.00551125 0.00122272 -0.00210184 -0.000964569 -0.021174 0.00202727 0.0234113 -0.0153347 -0.00629086 0.0135938 5.68566e-05 -0.0248572 0.0200889 -0.0117264 0.00462124 0.0001281 -1.19436e-05 -0.000546673 -0.00165204 5.33053e-06 0.0123947 8.35194e-05 -1.24642e-05 -0.000348407 0.007045 -0.0247777 -0.00161706 0.000782338 -0.00124317 -0.00132631 -0.000299195 -0.0156831 0.00106373 -0.00138047 -0.00116834 0.0188039 -0.000183204 -0.0324679 -0.00274046 -6.23189e-05 0.00121753 -0.000118131 -5.85165e-05 0.000146793 -0.00291309 9.71637e-05 0.000168095 0.00269531 0.000265864 0.00295574 -0.00147329 0.019303 -0.000630073 -0.000928483 -0.000204716 0.00100081 -0.000117176 -0.00131368 0.0012623 0.000797389 -4.33912e-05 -0.00385111 -0.000356404 -0.00170331 -0.000372345 0.00105793 -0.000289301 -0.00448038 -0.000262608 
-0.000327141 -0.000819481 0.00493137 -0.0119858 -0.000249023 -0.0159227 0.040446 -0.0235863 0.0140498 0.0127939 0.000275331 0.0156757 0.187993 0.0331545 -0.00952545 0.000539449 0.00450873 0.0274313 -0.0440323 0.00463215 -0.00427733 -0.022262 0.00245186 -0.0753873 0.000297947 0.00976629 0.0191596 -0.00376025 0.000720591 0.00887175 0.0018713 -0.0182447 -0.0409577 -0.00535945 -0.0019489 -0.0192587 0.0427158 -0.0111198 -0.00601853 -0.0101585 0.00394637 -0.00061978 -0.0236504 0.0407875 -0.0258017 0.0068527 0.000268948 -0.000220439 0.00976855 -0.000359099 -6.66972e-05 0.00217628 0.000991793 0.000248688 0.000817986 -0.00270586 -0.0334022 -0.0100712 0.00859888 0.00992004 0.00319427 0.00454741 0.000175164 0.00174918 -0.0027397 -0.00620707 -0.0109483 0.000276088 -0.0598102 0.0203909 0.00113523 -0.00024808 3.47747e-05 0.00330794 -0.000758859 -0.0146965 0.000105858 0.000724698 -0.0019052 -0.0117049 -0.0104523 0.00223878 -0.024394 -0.000987664 -0.00587249 -0.00072461 0.000173042 -0.000465772 -0.000192215 0.0192581 -0.00139322 0.000136646 0.00547574 -0.000234475 -0.0122262 1.39671e-06 0.0110248 -0.000417052 -0.00375665 0.00162051 
-0.00117437 -0.00261398 0.00238132 -0.00676445 0.00149255 -0.0193319 0.00558458 -0.0161647 -0.00859916 -0.00142414 -0.000415473 0.0113173 0.0331545 0.109037 -0.0069821 -0.00352409 0.00380215 0.0243582 -0.0213587 0.0032081 -0.0340188 0.00288713 0.0183833 -0.0357567 0.00287708 0.00725709 0.013338 -0.00266734 -0.00145264 -0.0137233 0.00266125 -0.0124311 -0.0204754 -0.00313966 -0.00128039 -0.0427278 0.00803933 -0.00367362 -0.0174827 -0.00290785 0.00663021 0.000110232 -0.00658726 0.0386254 -0.0103525 -0.000177293 0.000704541 -6.08937e-05 -0.000583509 -0.00090414 -8.94407e-06 0.00442765 0.000836583 0.00103703 -0.00199133 -0.00209014 -0.0151671 0.00508176 0.00814125 0.0143731 0.00245282 0.00438108 -0.0168144 0.00187319 -0.000370913 0.00866099 -0.00395756 0.000316311 -0.0263977 0.0203288 0.00153818 0.00407898 -0.0001073 0.00310132 0.00103533 -0.00403036 0.000249932 2.02166e-05 -0.00153935 -0.00318658 -0.00552375 0.00187131 -0.00950943 5.6026e-05 -0.00379454 -0.000206139 -0.000124402 -0.000301397 -0.00157564 0.0141832 -0.000248318 0.000164142 0.00152388 -0.000100347 -0.00439094 0.000739097 0.00283301 0.000173841 -0.000804169 0.00166887 
-0.000479708 -0.00159392 -8.45113e-05 -0.0127331 -0.000121245 0.00573001 -0.00908835 0.00703501 -0.00644077 -0.000428854 0.000233559 0.0101374 -0.00952545 -0.0069821 0.133763 -0.0166825 -0.00217242 0.00709641 -0.0345514 -0.000855907 0.0108994 -0.00693707 -0.0177647 -0.0212549 -0.000147804 -0.00268969 -0.00492625 -0.00648202 0.00185163 -0.0296536 -0.000453401 -0.0140963 -0.000296978 -0.0033745 -0.000170672 -0.00980674 0.00689012 0.022366 0.00612223 -0.00550559 0.0342119 -0.000306124 0.00354018 0.0315951 -0.0140129 -0.00327239 0.000249285 -0.000176111 8.86548e-05 -0.000355783 2.11429e-05 -0.00258278 2.13699e-05 9.72278e-05 -0.00023848 0.00104393 -0.00670888 0.00344758 0.0024173 -0.00287345 -0.00187839 -0.000902418 -0.0146154 -0.000328785 -0.00192447 -0.00522979 0.00476578 -0.000444402 -0.0111563 -0.00718168 -0.000328992 0.00124614 -0.000139128 -0.0010964 -0.000920763 0.000266168 -4.39386e-05 -0.000123864 0.00185911 -0.00317926 0.0179814 -0.00890656 0.0024846 -0.00040477 0.00579346 -0.000250718 -0.000332702 -0.000363503 -0.00159672 0.00150187 -0.000921407 -7.00179e-05 0.00307075 -0.000368756 -0.00878149 -6.8702e-05 0.00042723 -0.000443632 -0.000683449 0.000259095 
0.00169274 0.00907532 -0.00236661 0.0158587 -0.000134615 -0.000670649 0.0122219 -0.0111933 0.00406103 -0.000879513 7.31897e-05 0.00315618 0.000539449 -0.00352409 -0.0166825 0.148664 0.0031716 -0.0241064 -0.00316406 -0.000397153 0.00170987 -0.0046579 -0.0184361 -0.00096506 -0.00298237 -0.0129774 -0.0149632 -0.00335285 -0.000175891 -0.0170186 -0.000472534 -0.0189539 -0.000443708 -0.00423547 2.69978e-05 -0.0012293 0.0117883 -0.0581912 -0.0186373 -0.00250636 -0.0427658 -0.000383333 0.0125296 -0.0389803 0.027645 0.00811865 -0.000105372 -2.51717e-05 0.000191621 -0.00119677 -3.75041e-05 -0.00518467 -0.000225451 -4.11835e-06 -0.000748573 -0.000849799 0.03118 -0.0105118 -0.00421538 0.00147704 0.00381087 0.000980792 0.0180898 0.000740368 -6.67575e-05 -0.00461682 -0.0103274 -0.000221391 0.0145424 0.00704329 0.000363449 -0.00202593 0.000483872 0.000890285 0.00171806 0.000890962 0.000240668 4.16057e-05 -0.000524936 0.000289527 -0.00686548 -0.0014121 0.000623397 0.00104771 0.00855803 -0.000364725 -0.000771266 0.000208581 -0.000597722 0.00126155 0.00146436 0.00012505 0.00340789 0.000875493 0.0079779 0.0012438 0.00605117 -0.000513816 0.0021178 -0.00140959 
0.00045025 0.00267797 -0.00189379 0.00619033 0.00020369 -0.000868027 0.0131383 -0.0065835 0.00241848 0.00396561 0.000829126 0.00201673 0.00450873 0.00380215 -0.00217242 0.0031716 0.0451036 0.00666536 -0.00245426 -0.000118609 0.00211463 0.00533385 -0.00486551 -0.0120121 -0.000626694 -8.64699e-05 -0.0022124 -0.00186252 -9.12163e-05 0.00199709 7.67368e-05 -0.000788533 -0.00564579 -0.00055463 -0.000412418 -0.000163887 -0.00503155 -0.00941184 -0.0128973 -0.00188636 -0.0100247 0.000250628 -0.00666349 -0.0120379 0.00616493 0.000505101 -6.37313e-05 -7.91881e-05 5.91269e-05 0.00082646 2.7741e-05 -0.000595436 -6.22404e-05 -6.00289e-05 0.000708678 -0.00010048 -0.00345177 -0.00253637 -0.000174362 -0.000573109 -0.00051501 9.60373e-06 0.00167183 2.63974e-05 -0.000123067 -0.00192819 0.00254837 4.27656e-06 0.00330263 -0.001339 3.01766e-05 -0.000630102 3.33624e-07 -7.69607e-07 0.000238306 -0.00256622 4.42088e-05 0.000190221 0.000209359 -0.00155156 -0.0025629 -0.00217803 0.00182945 -0.000165416 0.000709861 0.000191318 0.000830454 3.03045e-05 -0.000392284 -0.00551309 -0.000493495 2.54195e-05 0.00272998 -0.000140733 0.000963253 -0.000129739 0.00224025 -7.27316e-06 -0.00165558 -7.78548e-05 
-0.00493978 -0.013998 -0.0140879 -0.0146317 0.000315267 0.00714613 0.0388983 0.0100868 0.0414727 0.00918385 -0.00277495 0.0176077 0.0274313 0.0243582 0.00709641 -0.0241064 0.00666536 0.238799 0.0348001 -0.0027822 0.0134853 0.00422425 -0.0749437 -0.0254101 -0.00169408 0.0150643 -0.0065675 0.00321843 -0.000356814 -0.0358698 0.00098395 -0.0119875 -0.0149148 -0.00753118 0.00130168 -0.0102252 0.0250401 -0.0183217 0.0253709 -0.0126126 -0.030698 -0.000257224 -0.0723538 -0.0154592 -0.0151639 0.00187765 0.000106698 -0.000828933 0.00216221 0.00277351 5.15037e-05 0.000703625 0.0001389 0.000192374 -0.000703786 0.00179868 -0.0712587 -0.01187 0.00787324 0.00116212 0.000547727 0.000172534 0.00561935 0.00266868 0.00228757 0.00121594 0.0243724 -0.00133844 0.0118485 0.00310825 0.000317325 -0.00115267 -9.97179e-05 0.000836124 -0.00170191 -0.0040663 -9.02244e-05 -1.49974e-05 -0.00272229 -0.0057594 -0.0371544 -0.033162 0.021046 -0.00179746 -0.00563141 -0.00158557 0.000165538 -0.000385094 -0.00816794 0.0232816 -0.00228971 -0.000129767 0.00308872 -0.000456026 -0.0283476 -0.00279726 0.00348587 0.000770393 -0.0172565 -0.00376685 
-0.00174833 -0.00330136 -0.0166003 0.0105081 -0.00107837 0.0101763 -0.0159111 0.0214051 0.0266493 -0.0179344 -0.00327838 -0.0380518 -0.0440323 -0.0213587 -0.0345514 -0.00316406 -0.00245426 0.0348001 0.243118 -0.0026145 0.0177583 0.0695068 -0.0896286 0.0937267 -0.00273749 0.0123392 -0.0285174 0.0146517 -0.00651666 -0.0660377 -0.000609249 -0.0229778 0.023452 -0.00568953 0.00283142 0.0267383 -0.03888 -0.0954552 0.045704 0.0150726 -0.0641422 0.00130607 -0.0338888 -0.0738386 0.044916 -0.00510629 -0.000346601 -0.000775163 -0.00557865 0.00136673 6.79363e-05 -0.0222679 -0.000262848 -0.00154051 -0.00148546 -0.00381606 0.0415348 -0.0328888 -0.000435725 -0.00873362 -0.001954 -0.00271739 0.0386187 0.00102307 0.00577706 -0.0115254 0.00313555 0.000359278 0.135156 -0.0241481 -0.000334242 -0.00106418 0.00027643 -0.00164121 -0.000701034 -0.00605401 -0.000435225 -0.000476709 -0.00510555 0.0108543 -0.0268217 -0.0220815 0.0140954 0.00229477 0.00590529 -0.00118364 -0.0018765 0.00102868 -0.00304656 3.93876e-05 -0.00208228 -0.00011359 -0.00836278 -0.000278995 -0.00765146 -0.000365202 -0.0101201 0.0015128 -0.0162056 -0.0031222 
0.000161008 -7.84757e-06 0.00190926 -8.80257e-05 0.000118248 -0.00646066 0.00178533 -0.00525383 -0.00117218 -0.000457021 3.51183e-05 -0.00108157 0.00463215 0.0032081 -0.000855907 -0.000397153 -0.000118609 -0.0027822 -0.0026145 0.0118687 -0.00404502 -0.0015128 0.00252998 -0.00322547 0.00144756 6.27173e-05 0.000747375 -0.000237993 0.000114974 -0.000457786 9.21401e-05 -0.00130468 -0.00465007 0.000232981 1.78451e-05 -0.0043858 -0.000364724 -0.000298205 -0.00324712 -0.000231277 -8.38892e-05 -2.08849e-05 0.00221503 0.00292222 -0.000375001 7.77648e-05 3.53991e-05 6.45406e-05 0.000174942 -4.54218e-05 -3.79756e-06 -0.00158517 0.000163313 0.000287327 -0.000111477 -1.26276e-05 -0.000613336 -6.1305e-05 0.000476569 0.0036158 0.00107512 0.00217629 -0.00084023 -4.59023e-05 -0.000148652 4.2455e-05 -0.000612796 6.55182e-05 -0.00381986 0.00115639 5.01944e-05 0.000662743 -5.47978e-06 0.000426963 6.6518e-06 -7.50169e-05 0.000247766 4.72537e-05 0.000120885 -0.000289957 0.00199401 0.00217206 -0.00162119 6.98729e-06 -0.000303456 3.18881e-05 1.5091e-05 -2.43233e-05 0.000617723 0.00361488 -4.47857e-05 7.61453e-05 0.000209995 6.14512e-06 -0.000118417 0.000292057 0.000379396 -1.48871e-05 0.000989732 0.000647539 
-0.00162465 0.00257855 -0.00802332 0.00840489 -0.00162142 0.0204231 -0.00591805 0.0188226 0.00393253 -0.00119117 -0.000993512 -0.000869347 -0.00427733 -0.0340188 0.0108994 0.00170987 0.00211463 0.0134853 0.0177583 -0.00404502 0.12903 0.00902166 -0.03304 0.00145046 -0.0067865 -0.00433185 -0.0178383 -0.00750262 0.000761562 -0.0172291 -0.00274818 -0.0033271 0.0121799 -0.00572119 0.00109615 0.0234064 -0.000125205 -0.0129378 0.0323067 0.000562511 -0.00923425 -8.65587e-05 -0.0148115 -0.0160267 0.00467529 0.000280736 -0.000642478 -0.000591245 -0.000195001 0.000444059 1.5312e-05 -0.00824564 -0.000806089 -0.00214904 -0.000335685 -0.000665616 0.0036568 -0.00789164 -0.00299797 -0.0149682 -0.00137525 -0.00503475 0.0229453 -0.000943278 -0.000534726 -0.0214019 0.00722377 -0.00154562 0.0252594 -0.0261121 -0.00135398 -0.00561682 1.51564e-05 -0.00260586 -0.00295382 -0.00975163 -0.000509361 -0.000228032 0.000528096 0.00146738 0.00145372 -0.0149341 0.00940896 -0.000379096 0.00543599 -0.00230874 -1.69171e-05 -0.00100097 -0.00836251 -0.0160561 -0.00296725 -0.000165654 0.000615081 -1.44554e-07 -0.00066987 -0.000804964 -0.00047918 -0.000604469 -0.00663293 -0.00420109 
-0.00197009 -0.00420909 -0.00684835 0.0209034 0.000101667 0.003334 -0.00156936 0.0107784 0.0131097 -0.0160835 -0.00197604 -0.0213601 -0.022262 0.00288713 -0.00693707 -0.0046579 0.00533385 0.00422425 0.0695068 -0.0015128 0.00902166 0.17269 -0.0447664 0.0254899 -0.00333554 -0.00179712 0.00655771 0.000385085 -0.00297822 -0.0345886 -0.00055935 -0.0225923 0.0117621 0.00190774 0.00179823 0.00783527 -0.0236563 -0.0647932 0.0261334 0.00172932 -0.0230287 0.000655604 -0.034408 0.00517143 0.015237 -0.00592558 -0.000197508 -0.000571359 -0.00436745 0.00155407 0.000117042 -0.0412748 -0.000125599 -0.000391067 -0.00306014 0.000918356 0.0330953 -0.0163053 0.000909876 -0.00471926 -0.000523839 -0.00132142 0.0296492 -3.71106e-06 -0.00107747 -0.0060533 -0.00775706 -7.82165e-05 0.0459394 -0.0136637 -0.000206524 -0.00095734 -2.67754e-05 -0.000925893 -0.00066244 -0.013649 -0.000261394 -0.000336985 -0.00299347 0.0108734 -0.00794325 -0.0142412 -0.0157612 0.00194452 0.00424929 -0.000476677 -0.000400663 0.00025196 -0.00125099 -0.0175344 0.00171271 -1.88895e-05 0.00771399 -7.48258e-05 -0.00875404 0.00086843 -0.00433408 -0.000194001 -0.00887443 -0.00316622 
-0.00320766 -0.00827382 0.0178433 -0.0156509 0.00103454 -0.0196154 -0.0158097 -0.0104904 -0.0246496 -0.0155186 0.000129159 -0.0025336 0.00245186 0.0183833 -0.0177647 -0.0184361 -0.00486551 -0.0749437 -0.0896286 0.00252998 -0.03304 -0.0447664 0.207338 -0.0462887 0.00339755 -0.0155413 0.00642431 -0.00940415 0.00275596 0.0806329 -0.000278878 0.032227 -0.00150357 0.0120673 -0.00151444 -0.0154394 -0.0082904 0.0788665 -0.0648299 -0.0116023 0.0303032 -2.01637e-05 0.0469251 0.0539633 -0.0322178 -0.0021019 -0.000118467 0.00115538 -0.000722062 -0.00379726 3.87209e-05 0.0282953 -6.71541e-05 0.000295503 0.00247422 -0.00163459 -0.0371357 0.0359354 -8.11571e-05 0.012473 -0.0017684 0.00253183 -0.0281988 -0.00132373 -0.00339346 0.0176004 -0.0137368 -0.000608409 -0.0820563 0.0224181 -5.85432e-05 9.85503e-05 -0.000334309 0.0021192 -0.000984656 0.00497325 0.000380642 0.000161042 -0.000651817 -0.00920514 0.0222296 0.0345022 -0.0217901 -0.00146013 -0.00465048 0.000759522 0.00131341 -0.000505555 0.00428464 -0.00255355 0.00157606 2.8519e-05 -0.00713673 0.000620704 0.0117123 0.00130781 0.00138769 -0.00089782 0.0209809 0.00417188 
0.000277735 0.00763361 -0.0171477 0.00421906 -0.00100043 0.00985727 -0.0480902 0.0140735 -0.00597162 -0.0124742 -0.00191903 -0.0452805 -0.0753873 -0.0357567 -0.0212549 -0.00096506 -0.0120121 -0.0254101 0.0937267 -0.00322547 0.00145046 0.0254899 -0.0462887 0.249481 -0.00325108 -0.00320078 -0.0344272 0.00912995 -0.00555621 -0.0373447 -0.00151222 0.00589725 0.0345596 -0.00667063 0.00218314 0.0276276 -0.0594811 -0.0382441 0.0114929 0.0192084 -0.0152406 -0.00022539 0.024504 -0.0737583 0.0403654 -0.00871946 -0.000362513 -0.000742959 -0.00956278 0.000381952 -1.39072e-05 -0.011457 -0.000794182 -0.000950472 -0.000549943 -0.00783819 0.0579995 -0.0300196 -0.0119899 -0.00825815 -0.00242311 -0.00271502 0.0272327 -0.00201296 0.00522421 0.00276056 0.000485156 1.57715e-05 0.107518 -0.00632358 -0.000788154 -0.00146008 -8.21642e-05 -0.00270444 -0.00125796 0.00417595 -0.000418685 -0.000563135 0.000409305 0.0136913 -0.0197532 -0.00439785 0.00645086 0.00160931 -0.0102132 -0.000188459 -0.00206229 0.00070134 0.0051648 -0.00572564 -0.00199405 -8.38374e-05 -0.0077935 -0.000250339 -0.00272023 0.00096705 -0.0126008 0.000745882 -0.00433472 -0.0014883 
0.000209276 0.000553219 0.00144538 -0.00266933 0.000209475 -0.00346139 0.000297191 -0.00202089 -0.000971753 -0.000958987 -0.00013163 -0.00296035 0.000297947 0.00287708 -0.000147804 -0.00298237 -0.000626694 -0.00169408 -0.00273749 0.00144756 -0.0067865 -0.00333554 0.00339755 -0.00325108 0.0278046 -0.000588627 -0.000893728 0.000427921 0.000544797 -0.00370577 0.000197678 -0.00330097 -0.00814058 -0.00108898 -0.000312139 -0.00479288 0.00164961 -0.0043998 0.0020838 -0.000457047 -0.00544353 -4.19688e-05 0.00124248 -0.000450021 0.00143392 -0.000109641 9.36005e-05 0.000366387 0.000329351 0.000685464 -3.4631e-07 -0.00286704 0.00029204 0.000188518 0.000596381 -0.000158797 0.00197542 0.00121783 -0.000475848 0.0025977 0.00259987 0.00142963 -0.00299909 -0.000149827 0.000347608 -0.000687341 -0.000770069 0.000370544 -0.00151928 0.00239765 0.000112073 0.00205971 -1.96211e-06 0.00121924 0.000278669 0.000901826 8.43269e-05 1.82786e-06 -0.000356105 0.000106263 -8.43157e-05 -1.14379e-05 -0.00249924 4.72309e-05 0.0029837 0.000362754 -0.00011183 -2.75364e-05 -0.000183561 0.00431947 0.000935814 7.89307e-05 0.00259692 7.46544e-05 0.00131381 -6.97332e-05 -0.000212335 -5.08435e-05 0.00260377 9.63956e-06 
0.000277708 -0.00133051 -0.00171491 -0.00530735 0.000197375 -0.000852928 0.0155976 -0.000615314 0.0199828 0.00108298 -0.000137572 -0.00344707 0.00976629 0.00725709 -0.00268969 -0.0129774 -8.64699e-05 0.0150643 0.0123392 6.27173e-05 -0.00433185 -0.00179712 -0.0155413 -0.00320078 -0.000588627 0.088336 0.0141926 -0.000634937 0.000810973 -0.0101027 0.00282584 -0.0062351 -0.0177248 -0.00220672 0.000484109 -0.00543519 0.00504814 -0.023779 0.0177261 0.00744586 -0.0102082 0.000624312 -0.0137829 -0.00985639 -0.00013097 -0.00103591 0.000658763 -4.25503e-05 -0.000771744 0.00342274 -3.11246e-05 -0.0205125 0.000282415 0.000167568 -0.00108054 -0.0015125 -0.010882 -0.00640868 0.00180304 0.000412658 0.00145263 0.000605523 0.0110059 0.000988391 0.000132937 -0.00276385 -0.0041243 0.000907357 -0.000109904 -0.00339341 0.000304589 0.00147748 -3.51473e-05 0.000783398 -0.00068927 -0.0031133 -4.28183e-05 -0.000126667 -0.00164117 -0.00305168 -0.00306765 -0.00534691 -0.0112938 -0.000439024 -0.000901426 0.000495285 -0.000269836 1.69989e-05 -0.0012372 1.86637e-05 -0.00117262 -1.31678e-05 0.00359944 -8.45857e-05 -0.00438389 -0.000203644 -0.000269285 0.00144923 -0.00302586 -0.00131337 
0.000352153 -0.000934561 0.0114733 -0.000186359 0.000432193 -0.00535623 0.0102903 -0.0130848 0.00751053 -0.00534268 0.00244276 -0.000329525 0.0191596 0.013338 -0.00492625 -0.0149632 -0.0022124 -0.0065675 -0.0285174 0.000747375 -0.0178383 0.00655771 0.00642431 -0.0344272 -0.000893728 0.0141926 0.116254 -0.00057857 -0.000894124 0.0205829 0.00164506 0.00290947 -0.00958769 0.00523458 -0.00061259 -0.00654188 0.00154124 0.00930235 -0.000873051 -0.00339703 0.0167717 -0.000105577 -0.0208819 0.0328343 -0.0126463 0.000258223 2.42559e-05 -0.000230856 0.00162193 0.00114831 4.24359e-05 -0.0166326 0.000700759 0.000319008 0.000717714 0.0013808 -0.0206738 0.00287689 0.00228545 0.00388708 0.00029734 0.000836344 6.94484e-05 -0.000236903 -0.00139199 0.0010459 -0.00392829 0.00127439 -0.0471454 -0.00103679 0.000276978 -0.000756485 0.000138577 0.000479356 -0.00155542 -0.00330598 -3.23171e-05 -7.7222e-05 0.000150513 -0.00485236 0.00669939 -0.00135353 -0.0132623 -0.000256003 -0.00785789 2.93111e-05 7.24656e-06 -0.000210483 -1.31947e-06 -0.00896715 0.00241341 -1.13235e-05 0.00633832 -0.000177195 -0.00614527 -0.000553288 -0.000543015 -5.8645e-05 -0.00168468 -0.000678597 
0.00110288 -0.0011656 -0.00152404 -0.00131498 -0.00019658 0.00116584 -0.00434924 0.00264214 0.0011002 -0.00296791 -1.14379e-05 -0.00242165 -0.00376025 -0.00266734 -0.00648202 -0.00335285 -0.00186252 0.00321843 0.0146517 -0.000237993 -0.00750262 0.000385085 -0.00940415 0.00912995 0.000427921 -0.000634937 -0.00057857 0.0489857 -0.000224266 -0.000727239 -7.32163e-05 -0.00109042 0.000248281 0.00264943 0.00036858 0.00281595 -0.00535845 -0.00839689 -0.00122723 0.00103875 -0.00892475 0.000135669 0.00299846 -0.0114226 0.00515978 -0.000600038 -6.92665e-05 2.40167e-05 -0.000601116 0.000315299 6.05529e-05 -0.00162014 -4.18066e-05 7.9994e-05 -0.000191033 0.00276697 -0.000907991 -0.00352619 -0.000967811 -0.00073127 0.000191171 -0.000275203 -0.00410401 0.000141851 0.00128992 0.00424445 -0.00102577 9.24126e-05 0.00215361 -0.0014562 1.49084e-05 0.000679829 0.000133244 -0.000130593 0.000291412 0.00253795 -2.24481e-05 8.40941e-06 0.000136233 0.00356211 -0.00232765 0.000232691 -0.00619205 -0.000142845 0.00326691 -0.000154377 -0.000134948 0.000343082 0.000685775 -0.00231898 0.000500557 -3.93412e-06 -0.00110175 6.81106e-05 -0.00272617 -0.000118707 -0.00110598 0.000117306 -0.00124692 -0.000438585 
0.000224401 0.00122064 0.000683693 -0.0003757 3.88298e-06 -0.000716328 0.00128791 -0.00140441 -0.000762417 -0.000335411 -7.59404e-06 -0.000652856 0.000720591 -0.00145264 0.00185163 -0.000175891 -9.12163e-05 -0.000356814 -0.00651666 0.000114974 0.000761562 -0.00297822 0.00275596 -0.00555621 0.000544797 0.000810973 -0.000894124 -0.000224266 0.0177312 0.000264823 -7.49068e-06 -0.00163388 -0.00354953 0.000181249 -0.00013739 -0.000547709 0.00209068 0.000131247 -0.00163548 -0.000732053 0.0025371 -4.94169e-05 0.00475052 0.00217292 -0.00130186 2.13195e-05 7.62077e-05 0.000208956 0.0005027 -3.34063e-05 -2.14432e-06 0.000216524 3.62446e-05 0.000125269 -3.06789e-05 0.000125205 -0.00017827 -0.000106632 0.000162814 0.00075355 -3.30581e-06 -2.30308e-05 -0.00101077 9.85789e-06 -0.000225334 0.00108912 -0.000146575 -4.5898e-05 -0.00688334 0.000246338 -1.65063e-05 -3.95306e-05 8.56686e-06 0.000228313 -0.000137843 -0.00065192 3.10781e-05 5.30479e-06 -0.000222693 -0.000965731 -0.000376564 -0.000636966 -0.00142362 -0.000109047 0.00127815 6.36859e-05 -2.12869e-05 -2.80686e-05 -0.000195293 -0.000899251 -0.000153237 1.03406e-05 0.000236846 1.32726e-05 -0.0010949 -1.85624e-06 -0.000121838 -6.08668e-05 0.00106059 0.000590998 
-0.00180823 -0.00727217 0.0105029 -0.0176609 6.51105e-05 -0.00859074 0.00843762 -0.00912464 -0.0100381 0.00220105 -0.000490846 0.0153843 0.00887175 -0.0137233 -0.0296536 -0.0170186 0.00199709 -0.0358698 -0.0660377 -0.000457786 -0.0172291 -0.0345886 0.0806329 -0.0373447 -0.00370577 -0.0101027 0.0205829 -0.000727239 0.000264823 0.19014 -9.26085e-05 0.0652172 0.00708726 0.0159147 -0.00251064 0.000527069 0.000593312 0.0719515 -0.0649245 -0.00599497 0.0183982 0.000108974 0.00536427 -0.0187438 -0.028588 0.00360235 -0.000366145 0.000719211 0.000563243 -0.00124369 -3.95968e-05 0.0114552 -0.000151904 0.00138497 0.00172024 0.00761501 -0.0447676 0.021983 0.000581692 0.000141036 -0.00377567 -0.00126669 -0.0222073 -0.000462647 -0.00163926 0.0114812 -0.0026357 -0.000389815 -0.0821014 0.0174477 -0.000209044 -0.00297697 -9.5763e-06 -0.00103049 0.00205898 0.0022001 -9.8371e-05 0.000466435 0.00413166 -0.0110803 0.0151695 0.0292104 -0.00799775 -0.00116689 -0.0155874 2.53544e-05 0.00205376 0.000232247 0.000739478 -0.0246729 -0.000439924 -8.86961e-05 -0.00559318 -0.000570075 0.0106733 0.00124668 -0.00218849 -0.000716873 0.00572222 0.000905347 
0.000137903 -6.03145e-05 -3.96248e-07 -0.000517988 0.000141293 -0.00184055 0.00126619 -0.00247746 0.000758445 0.000754092 4.62111e-06 0.000250239 0.0018713 0.00266125 -0.000453401 -0.000472534 7.67368e-05 0.00098395 -0.000609249 9.21401e-05 -0.00274818 -0.00055935 -0.000278878 -0.00151222 0.000197678 0.00282584 0.00164506 -7.32163e-05 -7.49068e-06 -9.26085e-05 0.00521459 -0.000484685 -0.00291079 -0.000138668 0.000100844 -0.00272488 0.00115586 -0.00181739 -0.000247221 0.000357387 -0.000726368 -5.92779e-06 -0.000905535 0.000218547 -0.000306529 -4.56084e-05 0.000302442 2.49241e-05 -4.62618e-05 0.000203939 -2.61082e-06 -0.00224886 0.000102951 0.000178687 -3.05643e-05 -8.32181e-05 -0.000608534 -7.66466e-05 0.000740226 0.00129855 0.000430079 0.000560466 -0.00062886 0.000320912 -4.48899e-05 6.54669e-06 -0.00027805 9.29324e-05 -0.00187208 0.000863019 0.000417578 0.000492571 1.11094e-05 0.00077334 4.69604e-05 -0.000136747 3.62153e-05 2.28352e-06 -3.90944e-05 -0.000148069 -0.000236988 0.00037763 -0.000729085 -2.63103e-06 -0.000216399 0.000175464 4.73798e-05 2.34034e-06 2.80478e-05 0.000560449 -1.80106e-05 5.93607e-05 4.28152e-05 1.65324e-05 -0.000384559 1.47599e-05 0.000888653 9.01524e-05 -7.80211e-05 4.34843e-06 
-0.00312868 -0.00448359 -0.00356225 -0.00953187 -0.000349295 -0.00312888 -0.011437 0.00680614 -0.00788363 0.00270465 -0.00163519 0.00551125 -0.0182447 -0.0124311 -0.0140963 -0.0189539 -0.000788533 -0.0119875 -0.0229778 -0.00130468 -0.0033271 -0.0225923 0.032227 0.00589725 -0.00330097 -0.0062351 0.00290947 -0.00109042 -0.00163388 0.0652172 -0.000484685 0.139634 0.00719799 0.0106037 -0.00128968 -0.00624523 -0.0359847 0.0646121 -0.0265161 -0.00109291 -0.00145115 0.000512799 -0.00370542 -0.0332108 -0.0178566 -0.00191488 -0.000264579 8.87339e-05 0.000560335 -0.00091492 -7.20084e-06 0.00732473 -0.000200521 0.000751973 0.000633766 0.00262119 -0.0275106 0.017233 -0.00189268 -0.00315711 -0.00173326 -0.000893069 -0.00462 -0.000675643 0.00348675 0.000524509 -0.00181631 -0.000486206 -0.0328637 -0.00845599 -0.000302826 -0.00233046 -6.22063e-05 -0.00107421 0.00149118 0.00897906 2.33219e-05 -8.42677e-05 0.00259128 -0.00554852 0.0133204 0.0249465 0.00304299 -0.000580541 -0.0105815 0.00116772 8.64263e-05 0.00015191 -0.000442507 -0.0169964 -0.000918917 -7.02803e-05 -0.005141 -0.000199104 0.00351323 0.00166691 -0.000669568 -0.000307224 0.00523986 0.00137861 
-0.00133656 0.00279188 -0.0022808 0.0101333 -0.000358724 0.0160082 -0.0373172 0.013735 -0.0121023 -0.0189811 -0.000402504 0.00122272 -0.0409577 -0.0204754 -0.000296978 -0.000443708 -0.00564579 -0.0149148 0.023452 -0.00465007 0.0121799 0.0117621 -0.00150357 0.0345596 -0.00814058 -0.0177248 -0.00958769 0.000248281 -0.00354953 0.00708726 -0.00291079 0.00719799 0.0849329 0.00255438 0.000431403 0.0233693 -0.0257566 0.0148333 0.00778027 0.000595957 0.0199291 0.000138049 -0.000312693 -0.00865584 0.00582338 -0.00600558 -0.000579539 -0.000432365 -0.00846504 -0.00324109 6.27666e-06 0.00512556 -0.000607521 -0.00143677 -0.00315824 0.00125072 0.00474127 -0.00136747 -0.00492067 -0.0116566 -0.00875931 -0.00570457 0.00340372 -0.00167688 0.000432921 0.000152482 0.00484053 -0.000478994 0.0266228 -0.0100871 -0.0011289 -0.00422125 -0.000139324 -0.00428383 -0.000652521 0.00155876 -0.000495085 -0.000750543 0.000142033 0.00402484 0.00104752 -0.00430524 0.0117534 0.000268591 -0.00325219 -0.000578386 -7.02229e-05 1.59991e-05 -0.000427051 -0.0144601 0.000107818 -0.000181 -0.00836948 -0.000422352 -0.00065937 -0.000508889 -0.007488 -0.00059428 -0.00525929 -0.00113061 
-0.000543249 -0.000604205 0.00109464 0.001534 9.68089e-06 -0.00103201 -0.00280164 -0.000184262 -0.00236144 -0.00150892 -0.000174096 -0.00210184 -0.00535945 -0.00313966 -0.0033745 -0.00423547 -0.00055463 -0.00753118 -0.00568953 0.000232981 -0.00572119 0.00190774 0.0120673 -0.00667063 -0.00108898 -0.00220672 0.00523458 0.00264943 0.000181249 0.0159147 -0.000138668 0.0106037 0.00255438 0.0394077 -8.78708e-05 -0.00276138 -0.00655192 0.0131802 -0.00928891 -0.00133191 -0.0017074 -5.84629e-05 -0.000652268 -0.00117266 -0.00399714 -0.000812343 -6.74834e-05 -4.41944e-05 0.000533586 -0.000345044 4.78425e-05 -0.00109039 -5.64488e-05 0.00052384 0.000713815 0.00357514 -0.00810634 0.00276256 0.000918745 -0.000184743 -0.000722387 -0.000265121 -0.00137224 -0.000203745 -0.000359789 0.00298456 -0.0021845 -4.24814e-05 -0.011165 7.35149e-05 -7.09031e-05 -0.00045104 5.89884e-05 -0.000240216 0.000708821 0.000241648 5.95803e-05 -1.41835e-05 0.000666117 -0.000516511 0.00192484 0.00419083 -0.00386518 -0.000183543 -0.00199749 -8.48866e-05 0.000198139 -3.18909e-06 -0.000645736 -0.00426225 -0.000449678 -3.14187e-06 -0.00110233 0.000188461 -0.00122934 0.000899621 -0.000673306 -0.000100862 -0.00015826 -0.000136424 
