0.0410446 -0.00608085 -0.00105372 -0.000394155 -0.00492667 -0.00735951 0.000439123 -0.000710388 -0.000848329 -1.78598e-05 -0.00111055 0.000533458 0.00428659 -0.00170582 -0.00264706 0.0087842 -0.00387158 -0.00585751 0.00175668 -0.0130895 0.00879621 -0.00795949 0.000914074 0.000636597 0.0088823 -0.00293978 0.00145035 0.00238133 -0.0110561 -0.00831157 0.000110367 0.0068188 -0.000219627 0.00857681 0.00224831 -3.90413e-05 -0.00287283 -0.00320079 -9.75517e-05 0.00432668 0.00233984 -0.000136165 0.00190542 -0.00479583 -0.0030229 -0.000388517 4.3601e-05 0.0101348 -0.000246525 0.000416555 -6.33713e-05 0.000811198 1.06649e-05 -0.00153284 0.000106667 1.1794e-05 0.000865192 0.000128973 -9.99232e-05 -0.00877881 -0.00121498 0.000855552 -0.00266366 0.000239921 -0.00862634 -0.000146915 -0.000414141 9.92227e-05 0.0102167 -0.00165625 0.000132007 0.000736106 0.000180924 0.000136672 -1.74843e-06 -0.00476287 -0.000236533 0.0037331 0.000371619 0.0110546 -0.000220825 0.00119315 0.00105816 -0.0074921 0.00123622 1.32745e-05 0.000704711 -0.000259541 8.93608e-05 -0.00995405 -0.00145941 -0.00210991 -0.0014746 1.83708e-06 -0.00193546 -0.00122419 0.000246212 0.00228835 -0.00229904 0.000238859 
-0.00608085 0.146733 -0.0182634 -0.00584313 0.0356082 0.0278277 0.0007262 -0.00318552 -0.00685442 -8.41447e-05 -0.00460317 -0.00350952 -0.00370879 -0.00154831 0.0249715 -0.0642678 0.000255808 -0.00458937 0.00963351 0.0719827 -0.0490462 0.0317167 -0.00145993 0.00168111 -0.0612261 0.0116917 -0.00551503 0.00430119 0.0464969 0.0324453 -0.039827 -0.0526118 -0.00270779 -0.0541103 -0.00881783 -0.00929031 -0.00483584 0.0146777 0.00230794 0.00859324 -0.00140843 0.00220296 0.00278832 0.0241323 0.0215021 -0.00182889 -0.00263703 -0.0716118 0.00107273 -0.00874683 0.00204052 0.00355256 -8.25093e-05 0.0226026 0.000325717 -0.000278814 0.00646499 -0.000508936 -0.000514029 -0.0323694 0.0130826 -0.002294 -0.0151271 0.000865074 0.0284254 -0.00016477 0.000689474 -0.000401908 0.0117507 0.00887216 0.000790073 -0.000730356 -0.000885026 -0.000294945 4.17598e-05 0.0183528 -0.000374844 -0.038731 -0.000613739 -0.0463971 0.000999383 -0.00368358 -0.0114044 -0.00451796 -0.00518044 -0.00132939 0.00652781 0.00238242 0.000383269 0.0316914 0.00198246 -0.00590646 -0.000314803 5.57475e-05 -0.023011 -0.00733772 -0.00929545 -0.00182587 0.0267658 -0.000198519 
-0.00105372 -0.0182634 0.177324 -0.00108027 -0.0317754 0.0302821 -0.00135695 0.00897416 0.0069945 0.000939282 -0.0014549 -0.00264708 -0.00170878 -0.0307306 -0.0237038 0.0108124 -0.0130402 -0.0442678 -0.00723334 0.0135482 0.00130549 -0.00436095 0.00303787 0.0482843 0.000879212 -0.000886115 -0.00562465 -0.0368656 -0.0209763 -0.0242968 0.00170543 0.0190058 0.00631379 -0.0348944 -0.0148391 -0.0192226 0.022966 0.0262502 -0.00112404 0.00862726 -0.00091943 1.03408e-05 -0.0108152 0.010206 -0.00649682 -0.00231083 0.00281422 0.0151542 -0.00136865 -0.000428616 -0.00139487 -0.00301895 4.57866e-05 -0.00818767 0.000113458 -0.000699203 -0.00316882 3.68786e-05 -0.000258393 -0.0428482 -0.00408311 0.00399669 0.029306 -0.000281606 0.0409267 -0.000735433 0.00266842 -0.00108769 0.0194887 0.016394 -0.00440803 -0.000987752 -0.00209269 -0.000553081 -0.000139255 -0.0417764 0.00148027 -0.0351288 -8.00223e-05 -0.0306781 -0.00187725 -0.00237058 0.00118633 0.00689581 -0.00845572 0.00430486 -0.00411416 0.00214952 -0.000817334 -0.0027025 0.00343941 0.0348325 -0.00758546 -2.16529e-05 -0.0224644 0.0186528 0.00655029 -0.00588188 -0.00824269 0.00198448 
-0.000394155 -0.00584313 -0.00108027 0.0364675 -0.00542996 -0.00520805 -0.00249574 0.0018988 0.00214788 -4.92643e-05 0.010556 -0.0010967 -0.00161903 -0.00624239 -0.00699289 0.00622408 0.00722519 0.0126277 -0.00156365 -0.00679878 0.00029493 -0.00671087 -0.00105812 -0.00186981 -0.00159604 -0.00420036 -0.00103278 0.00439218 -0.00907777 -0.00929091 0.00843059 0.00932428 0.0021008 0.0161557 -0.00142121 0.00391958 -0.00103154 -0.00173884 -0.000207786 -0.00961875 0.000350945 -0.000141997 -0.000750619 -0.00531152 -0.00373266 -0.000253367 -0.000593557 0.011331 -0.000765389 -0.00343345 -0.000245052 0.000493194 3.03124e-05 -0.00184324 2.61615e-07 -3.67128e-06 -0.000483887 -0.00017324 -0.000165397 0.00326524 -0.00106966 -0.000232993 -0.00348073 -0.000137685 -0.0123944 -5.77074e-05 -0.000172984 -1.49756e-05 -0.0133667 0.00151556 -0.000691296 -0.000115815 -2.47787e-05 -5.27048e-05 -2.57001e-05 -0.00643814 -0.000151048 0.0137979 0.000370986 0.00970362 -0.000366123 0.000614472 -0.0022749 -0.0079476 -0.00308757 -0.00073916 0.00178234 -9.40089e-05 -0.0001603 -0.0142986 -0.00159627 0.00257233 -0.00112002 -9.30024e-06 0.0137191 -0.000689783 0.00348306 -0.00119674 -0.0015186 0.00029658 
-0.00492667 0.0356082 -0.0317754 -0.00542996 0.137383 0.00191625 -0.00450067 -0.00297392 -0.00526667 -0.000236188 -0.00458024 8.93734e-05 -0.00781702 -0.0044843 0.0594708 -0.0326441 -0.00204868 -0.000824781 0.00179665 0.0619413 -0.0283956 0.0367169 0.00278873 -0.00995914 -0.0354795 0.0183374 -0.00492995 -0.0199872 0.0625503 0.0267482 -0.0289686 -0.0558941 -0.0054929 -0.0507553 -0.00963726 -0.0217301 0.00309307 -0.00759124 -0.000484757 -0.0129088 -0.000680963 -0.00155704 0.00439124 0.0208164 0.00629353 0.00365208 -0.00285713 -0.0792706 0.000541497 0.00099428 0.000958735 0.00805393 -0.000194245 0.00720456 4.46392e-05 0.000183342 0.0076047 -0.000511391 -0.00026793 -0.0129536 0.00295235 -0.00206522 -0.0161805 0.000559979 0.0148411 0.000395097 -0.000933374 -1.09945e-06 -0.0297417 -0.00429243 0.00574847 -0.000443894 -0.000845216 -0.000291337 0.000140061 0.0814863 3.03848e-05 -0.0389985 -0.000618456 -0.0433622 0.00494021 -0.00293144 -0.00818355 0.00973748 0.00846025 -0.00297088 0.000535419 -0.000204648 8.73554e-06 0.0363732 0.0021656 -0.00963445 -0.000798957 -2.85507e-06 -0.0200934 -0.00760492 -0.00769921 0.00348744 0.015679 -0.000805933 
-0.00735951 0.0278277 0.0302821 -0.00520805 0.00191625 0.173753 -0.00819756 -0.00490128 0.00361213 0.00014019 -0.0276472 -0.00648333 -0.00965703 -0.0231955 -0.0235414 -0.049097 -0.0111813 -0.0412866 -0.00803716 0.0671958 -0.0520783 0.0248086 0.0104363 0.0226287 -0.0249972 0.0263036 -0.00767738 -0.0394312 0.0565215 -0.0105326 -0.0413174 -0.0414102 0.019316 -0.0717878 -0.0274004 -0.0279779 0.0267403 0.05381 0.000517653 0.0245202 -0.00263935 0.00253605 -0.0182207 0.0294007 0.0194791 -0.000993833 -0.000960212 -0.064781 0.00245352 0.00439275 -0.000925714 -0.00245974 -0.000249848 -0.00123214 0.00054607 -0.00085145 -0.00115259 -0.000921205 0.00082459 -0.0661454 -0.00408486 -0.00163847 0.0211558 3.39774e-05 0.0912077 -0.000445356 0.00453801 -0.00110691 0.0181139 0.0245905 -0.00373644 -0.00127632 -0.0018328 -0.000188569 -0.000162392 0.00246634 0.00325172 -0.0543842 -0.00116456 -0.0592603 -0.000636018 -0.00268587 -0.00279562 0.0259331 -0.00827108 0.00343133 0.000127521 0.003161 -0.000824624 0.0453516 0.0131189 0.0195006 -0.00315757 6.22195e-05 -0.0200429 0.000358612 -0.00965894 -0.00546691 0.00590192 0.00249 
0.000439123 0.0007262 -0.00135695 -0.00249574 -0.00450067 -0.00819756 0.0778772 0.00142934 0.00089327 -3.14301e-05 0.00246287 -0.00189294 -0.0030362 0.00684111 -0.000739697 0.00292572 0.00587584 0.00313414 0.00151393 -0.00617629 -0.00525773 -0.000698624 -0.000814654 -0.006111 -0.00926107 0.00575792 0.000806889 -0.000167193 0.00822178 0.00459524 -0.000796892 -0.0132432 -0.00287765 -0.0108773 -0.0014544 -0.00647454 -0.0011343 -0.00682634 0.00240219 -0.00481935 -0.000248124 -4.89331e-05 -0.00536251 0.000260581 -0.00668328 -9.67639e-05 -0.000880808 -0.00329757 0.000169131 -0.00375123 -0.000262905 -0.00181418 0.000238272 0.00278024 -0.000123365 0.000106751 0.00147456 0.000263407 -0.000136061 0.000418273 0.0135444 0.0030432 -0.00782786 0.000112183 -0.0118592 0.00103417 -0.000160336 0.000194274 -0.00371164 -0.00315024 0.00734927 -0.000276669 -0.000577867 -3.96166e-05 0.000193357 -0.00505955 0.000831913 -0.00736268 0.000773289 -0.0100758 0.000499111 -0.00133561 -0.000459026 -0.00176017 0.00307174 -0.00084078 0.00688723 0.000388711 0.000814766 0.00185692 -0.0035269 -0.00721732 -0.000256051 -9.4262e-06 0.00527253 0.000465957 -0.00119652 0.00382921 0.00697002 -9.5423e-05 
-0.000710388 -0.00318552 0.00897416 0.0018988 -0.00297392 -0.00490128 0.00142934 0.0325182 0.00199798 2.10915e-06 0.00154428 0.000210086 5.57491e-05 -0.00248577 -0.00592217 0.00751835 0.00433018 0.00530411 -0.000921504 -0.00130033 0.00398049 -0.00342027 -0.000767808 0.000915743 -0.00451338 -0.0037069 -0.000906884 -0.00349569 -0.00882467 0.000138754 0.00685569 0.00740401 -0.000481519 0.00821004 -0.00204711 -0.00080318 0.000294289 -0.00265773 -9.98104e-06 -0.00621041 -0.000225533 0.000202654 6.87417e-05 -0.00379476 -0.00278992 -0.000727585 0.000535678 0.0047662 -0.000593212 -0.00275541 -0.000211235 0.000890162 0.000117106 -0.00165408 6.84705e-06 -0.000101664 0.000219563 -4.28256e-05 -0.000103663 0.0037051 0.00036281 2.53416e-05 -0.0020183 -0.000119712 -0.00900069 -0.000116526 -0.000181678 -2.54486e-06 -0.00663364 -0.000601834 -6.00243e-05 8.35882e-05 -0.000322038 -3.50984e-05 1.85098e-05 -0.00328201 0.000172505 -0.000206336 -0.000120267 0.00309094 -0.000269954 0.000747111 -0.00079859 -0.00658925 -0.00234172 -0.000179507 0.00187915 -4.76671e-05 -9.5596e-05 -0.0122956 -0.00121437 0.00528168 -0.00114746 -1.70518e-06 -0.000311956 5.15569e-05 0.00606432 -0.0001246 -0.000888024 0.000381046 
-0.000848329 -0.00685442 0.0069945 0.00214788 -0.00526667 0.00361213 0.00089327 0.00199798 0.0500018 0.000247175 -0.00450331 -0.0005372 -0.0022258 -0.00387894 -0.00352529 -0.00413844 0.000794779 0.00065891 -0.00141343 0.00535765 0.00373541 0.0102312 -0.001006 0.00159039 0.00104485 7.34474e-05 -0.000181557 0.000993779 0.00840803 -0.00952811 0.00297466 -0.00635051 0.0139734 -0.000961691 0.000326657 -0.00272014 0.00295555 0.00932266 -0.000254599 -0.0138294 0.0018816 0.00186769 -0.00308901 -0.0124623 0.000457137 -0.000778841 -0.000528665 -0.0052771 -9.30298e-05 -0.00469112 -0.000216324 0.00225884 -8.50874e-05 -0.00141283 -3.30559e-05 0.000114098 0.000298718 0.000208302 -7.43135e-05 0.00781082 -0.000873819 0.00237044 -0.00487316 2.01193e-06 -0.00684521 8.92589e-05 -4.47672e-05 0.000764387 -0.0163169 0.000345947 -0.000822675 -0.00021 8.24584e-05 2.29267e-05 7.23474e-05 -0.00426661 0.00139069 -0.00572287 -0.000225186 0.0113415 3.9389e-05 0.000509655 -0.00295236 -0.0011244 -0.00203449 -0.000849711 0.0011963 -0.000483616 4.15128e-05 -0.014596 -0.0018221 0.0033239 -0.00199904 5.11456e-05 -0.000404004 -0.000897987 0.00238619 -0.00092426 -0.00289024 0.000681661 
-1.78598e-05 -8.41447e-05 0.000939282 -4.92643e-05 -0.000236188 0.00014019 -3.14301e-05 2.10915e-06 0.000247175 0.00251852 -0.00022924 0.000155436 0.000526472 -0.000220502 0.000411217 -0.00071675 -0.000275914 -0.000954487 -5.22424e-05 0.000525985 -0.000469511 0.000321117 0.000111817 0.000753973 -0.000341561 5.12296e-06 -4.60465e-05 -0.000878202 4.48854e-05 0.000164196 -0.000852014 -0.000285638 0.000294711 -0.00082875 -0.000159777 -0.000333402 0.000298158 0.000356966 2.54723e-05 -8.78902e-05 8.76669e-05 6.69783e-06 -0.000119773 -6.42545e-05 5.85437e-05 -2.9737e-05 -3.50954e-05 -0.000922357 2.08257e-05 -7.70617e-05 7.58304e-05 -7.11349e-05 -6.31137e-07 6.09634e-05 2.63678e-05 -2.57367e-06 1.8846e-05 0.000104463 2.34889e-05 -0.000738231 6.09917e-05 -2.25535e-05 0.000964551 -3.7168e-06 0.000404531 6.09095e-06 -2.23226e-05 -3.07126e-06 4.85496e-05 0.000255674 -3.91119e-05 1.59233e-05 2.61808e-05 1.11795e-05 3.1331e-05 -0.000364102 1.58974e-05 -0.000602907 -8.4968e-06 -0.000430973 0.000126667 -2.99422e-05 -2.09205e-05 -0.000117104 -0.000165538 7.32465e-05 -4.11763e-05 0.000110417 5.02318e-05 0.000380763 0.000142455 0.000841579 3.87014e-05 3.70805e-07 -0.000663411 -2.1587e-05 -9.14497e-05 -8.93414e-05 -8.55121e-05 0.000103071 
-0.00111055 -0.00460317 -0.0014549 0.010556 -0.00458024 -0.0276472 0.00246287 0.00154428 -0.00450331 -0.00022924 0.184463 -0.00266713 -0.00478582 -0.00789071 -0.0247885 0.0500919 0.0389977 0.0807153 0.00420784 -0.00780605 -0.0210197 -0.0169183 -0.00860283 -0.0175432 -0.0285466 -0.027469 0.00532006 0.0587814 -0.0377078 -0.0185907 0.0400049 0.0390095 -0.0104723 0.0605403 0.00657853 0.00894265 -0.00141346 -0.0101418 -0.00108838 -0.0710909 0.00649095 -0.000250604 0.0149866 -0.0237425 -0.0109666 -0.00158259 -0.00101585 0.037812 -0.00032004 -0.0223736 -0.00118726 -0.00164165 -0.000161502 -0.00759072 3.86075e-05 -0.000816798 0.00282487 -0.00036682 -0.00113918 0.0203232 0.00465832 -0.0037366 -0.0166062 -0.00094112 -0.0630506 0.000330506 0.00534406 -0.00118816 -0.083002 0.000330418 0.000362283 -0.000442671 0.00087593 -1.08877e-05 0.000216495 -0.0236096 0.000368554 0.051869 0.00157806 0.0264644 0.00127005 2.15495e-05 -0.00554809 -0.0285577 -0.020524 -0.00131195 0.00221296 0.00469915 -0.000764527 -0.0798067 -0.0119798 -0.0062262 -0.00825113 -6.41171e-05 0.0251205 -0.000889979 0.000168045 -0.00841815 0.00140151 -0.00122594 
0.000533458 -0.00350952 -0.00264708 -0.0010967 8.93734e-05 -0.00648333 -0.00189294 0.000210086 -0.0005372 0.000155436 -0.00266713 0.051971 0.0145681 -0.00464491 0.00277379 -0.0145084 -0.00722009 -0.0139377 0.00346032 -0.0066968 -0.00900456 -0.00304817 0.00108242 0.0035293 0.0069048 -0.0053345 -0.000232407 -0.0168486 -0.00747721 0.00870015 -0.00884432 -0.0120533 -0.000722258 -0.0125295 -0.00334264 -0.00752662 -0.00102697 -0.00427571 0.000173504 0.0170261 0.000254108 -0.000746458 0.00581435 -0.00178694 -0.00184085 -0.000195177 3.86949e-05 -0.00630014 -0.000896904 0.0113378 0.000436315 -0.000852791 3.04948e-05 0.00272802 0.000120942 0.000399958 -0.000546771 0.00054394 0.00138455 -0.0141878 -0.000530079 1.50777e-06 0.00967177 0.000100686 0.012099 -0.000153595 -0.000645404 0.000398563 0.0128945 -0.00126535 -0.000765962 0.00136461 0.000730156 0.000143016 0.000364164 0.00441119 -0.0002057 -0.0102442 -0.000149875 -0.00778826 0.000457721 -0.0006545 0.00728605 0.00142754 -0.000990785 -6.09985e-05 0.00118326 0.000704567 0.00157388 0.0137266 0.00818846 0.00256895 0.00858559 1.16008e-05 -0.0147769 0.000793778 -0.00261214 0.00588775 -0.00235483 -0.000180955 
0.00428659 -0.00370879 -0.00170878 -0.00161903 -0.00781702 -0.00965703 -0.0030362 5.57491e-05 -0.0022258 0.000526472 -0.00478582 0.0145681 0.0560725 -0.00854192 0.00540697 -0.0122277 -0.00785065 -0.0233569 0.00315878 -0.0137495 0.000419081 -0.00342856 0.00430712 0.00452636 0.00777979 -0.00479746 -0.00118297 -0.0218226 -0.0142507 0.00845805 -0.0171701 -0.00946824 -0.00177892 -0.0131254 -0.00406831 -0.00739468 -0.00110021 -0.00396228 9.28091e-05 0.0274281 0.000537515 -0.000781412 0.000813793 -0.00617309 -0.00377149 -0.000297068 0.000181061 0.00192846 0.00116259 0.0181589 0.00135631 -0.00127634 4.88458e-05 0.00195038 -4.6354e-05 -0.000240448 -0.000589709 0.00109472 0.00156736 -0.0166338 -0.000353296 0.000975652 0.0195898 -0.000117797 0.0112809 -0.000170768 -0.000918804 -0.000140889 0.025964 -0.00101676 -0.00177181 0.00185139 0.00128771 0.000177014 0.000111519 -0.00961152 -0.000242862 -0.0104731 0.000248053 -0.00193677 -0.000228602 0.000612435 0.010999 0.00140779 0.00324416 0.00158089 -0.00037235 0.000475265 0.000969242 0.0142294 0.00758341 0.00147165 0.00760283 4.08048e-06 -0.0111146 0.00199278 -0.00383924 -0.00118527 -0.00224253 -0.000163355 
-0.00170582 -0.00154831 -0.0307306 -0.00624239 -0.0044843 -0.0231955 0.00684111 -0.00248577 -0.00387894 -0.000220502 -0.00789071 -0.00464491 -0.00854192 0.14987 -0.00459564 -0.0201077 -0.010363 0.0314529 0.0133973 -0.00723025 0.00581637 -0.0143829 -0.000545352 -0.0140086 0.012747 0.00592713 0.00776974 0.033575 -0.00751758 0.00312861 -0.000115392 -0.000328593 -0.00507063 0.0289476 0.0129229 0.0149393 -0.00742715 -0.00923714 0.0015317 -0.0314964 -0.000826434 -0.000257448 0.0101352 -0.0315432 0.00216622 -0.000764033 -0.000397625 0.000731002 -0.000425912 -0.00928591 -0.000512963 -0.00260676 -5.25303e-05 -0.000509886 -3.1616e-05 -0.00024461 0.000931132 0.000159279 -0.000654729 0.0229181 0.00917985 -0.00149239 -0.0160985 -0.000266423 -0.0382487 0.00120811 0.00107842 0.000344621 -0.00816631 -0.00526361 0.00578149 0.000194983 -0.00104979 0.000164675 6.6415e-05 -0.00758198 -0.000617311 0.0176165 -0.000472993 0.00709232 0.0010989 0.00138882 -0.000332882 0.00313194 -0.00339579 -0.00351482 0.000364607 0.000613489 4.00931e-05 -0.00839863 -0.00473395 -0.00651227 -0.00684195 -7.55008e-05 -0.0167977 -0.00552285 0.0019703 -0.00442456 -0.000967228 -0.000357178 
-0.00264706 0.0249715 -0.0237038 -0.00699289 0.0594708 -0.0235414 -0.000739697 -0.00592217 -0.00352529 0.000411217 -0.0247885 0.00277379 0.00540697 -0.00459564 0.157944 -0.0124672 -0.0151287 -0.02661 -0.00584979 0.0285873 -0.00417097 0.042812 0.00373657 -0.00780973 -0.0121131 0.00889514 -0.0044872 -0.0445585 0.061004 0.0321031 -0.0267768 -0.0569728 -0.00584349 -0.0525539 -0.0107836 -0.019109 0.00778681 -0.0168021 -0.000146214 0.0141988 -0.000271546 -0.00129289 -0.00409108 0.0180015 0.00722355 0.00730654 -0.00162296 -0.0597876 -0.00397941 -0.00601955 0.0036466 0.00153348 -0.000369669 0.0142147 0.00017712 0.000872723 0.00251682 7.42778e-05 0.000340871 -0.0127244 -0.0019189 0.0036431 -0.00685267 0.000604059 0.021715 0.00081881 -0.00162859 0.000707088 -0.0164024 -0.00848768 0.00286023 -0.000183159 0.000586874 -0.000297843 6.23567e-05 0.0599257 -0.000512345 -0.0457197 -0.000452247 -0.0362311 0.00323644 -0.0032139 -0.00614108 0.0133597 0.00658925 -0.0034414 -0.00279572 -0.000953051 0.000963572 0.0594769 0.00337624 -0.0104222 0.00540412 4.2056e-05 -0.0254056 -0.00260931 -0.00962964 0.00496654 -0.00127245 -0.000978602 
0.0087842 -0.0642678 0.0108124 0.00622408 -0.0326441 -0.049097 0.00292572 0.00751835 -0.00413844 -0.00071675 0.0500919 -0.0145084 -0.0122277 -0.0201077 -0.0124672 0.246048 0.0309918 0.0476167 -0.0138139 -0.0869252 0.0456924 -0.0248944 -0.0162451 -0.0283661 0.0314368 -0.0373523 0.00479338 0.030302 -0.0546862 -0.0362843 0.0941123 0.0839528 -0.0150088 0.088144 -0.000430404 0.0164409 -0.0144115 -0.0215426 -0.00310786 -0.0535058 0.00616752 -0.000852832 -0.0183285 -0.0161583 -0.0234094 0.00151301 0.000729015 0.0846567 -0.00867193 -0.0348799 -0.00136923 -0.00933237 -5.28576e-05 -0.0242222 -0.000415932 0.000243525 -0.00461073 -0.00107055 -0.00246253 0.0694394 -0.0130898 0.00184676 -0.0137527 -0.00170873 -0.0715219 -1.38664e-05 -0.00243704 -0.000949894 -0.0590802 -0.00910699 -0.000430345 -7.17065e-05 0.000519962 -0.000423752 -0.000419225 -0.0244305 -0.000273105 0.0673998 0.00162832 0.066383 -0.0032508 0.00153654 -0.0200269 -0.0281814 -0.0152776 0.000285661 -0.00731523 -0.00547115 -0.00192797 -0.0760915 -0.0271244 -0.0170533 -0.00799199 -0.000141188 0.0675514 0.0079769 0.00402781 -0.00238759 -0.0132155 -0.00203958 
-0.00387158 0.000255808 -0.0130402 0.00722519 -0.00204868 -0.0111813 0.00587584 0.00433018 0.000794779 -0.000275914 0.0389977 -0.00722009 -0.00785065 -0.010363 -0.0151287 0.0309918 0.124222 0.0455664 -0.00267913 0.0128792 -0.0117456 -0.00760674 -0.00399914 -0.0139379 -0.0440033 -0.012338 -0.00252152 0.0319581 -0.0209232 -0.0186406 0.0231254 0.00855028 -0.00200948 0.028096 0.00177973 0.0159101 -0.0105153 -0.00078996 -0.000827228 -0.0468379 -0.000276418 0.00262034 0.0182857 0.00291002 -0.000964768 -0.00275529 -0.00216433 0.00624758 9.50015e-05 -0.0134118 -0.000954681 -0.00170345 0.000525605 -0.00622142 -0.000248536 0.000321226 0.00205463 -0.000435896 -0.000589815 0.0357383 -0.000680893 -0.000855615 -0.0176676 -0.000112029 -0.0460783 0.00146144 0.00271495 -0.000665004 -0.0563199 -0.00359156 0.0070071 -0.000739798 -0.000903928 -0.000299301 2.54511e-05 -0.00510847 0.000870889 0.0339316 0.000539404 0.0114781 5.41875e-05 -0.0025074 -0.00808963 -0.0241955 -0.0099874 -0.00236716 0.00514742 0.000677776 -0.000359971 -0.0558929 -0.00803575 -0.010603 -0.00457837 -1.37846e-05 0.0364896 0.00347027 0.00583233 0.00261573 -0.00164556 -0.000292235 
-0.00585751 -0.00458937 -0.0442678 0.0126277 -0.000824781 -0.0412866 0.00313414 0.00530411 0.00065891 -0.000954487 0.0807153 -0.0139377 -0.0233569 0.0314529 -0.02661 0.0476167 0.0455664 0.247685 0.00115127 -0.00730999 -0.0123846 -0.039975 -0.0147561 -0.0477137 -0.0305427 -0.0342383 0.0109812 0.125545 -0.0315486 -0.0233868 0.0962144 0.0722094 -0.000269075 0.120345 0.0244586 0.040556 -0.006111 -0.0154222 -0.0014837 -0.133628 0.00356461 0.00377407 0.0167575 -0.0445127 -0.0276512 -0.00228169 -0.00400051 0.032021 -0.0045567 -0.0499871 -0.00306542 0.00337259 0.000218133 -0.0221806 -0.000292908 -0.00118787 0.00273599 -0.00162828 -0.00214643 0.0729249 0.00117423 -0.00835712 -0.0492895 -0.00200661 -0.124706 0.000504803 0.00131367 4.5323e-05 -0.122921 -0.0127612 0.00358869 -0.00182298 -0.000459547 -0.000456644 -2.68992e-05 -0.0223727 -0.00112723 0.0899981 0.000653604 0.0720326 0.000414633 0.00306176 -0.0205235 -0.019977 -0.0438726 -0.00613672 0.00399364 0.0022202 -0.00175366 -0.119879 -0.0193054 -0.0265653 -0.0112355 -0.000144679 0.0673691 -0.0124278 0.0111475 -0.0130426 0.00782006 -0.0018109 
0.00175668 0.00963351 -0.00723334 -0.00156365 0.00179665 -0.00803716 0.00151393 -0.000921504 -0.00141343 -5.22424e-05 0.00420784 0.00346032 0.00315878 0.0133973 -0.00584979 -0.0138139 -0.00267913 0.00115127 0.0638364 -0.0104239 -0.00246112 -0.00564392 0.000486699 -0.00058283 -0.000439207 -0.00514728 0.00138503 0.00549997 -0.00978734 0.00661832 -0.0124679 -0.00235218 -0.00208871 0.00430342 0.00933573 -0.00160064 -0.00349607 -0.00618223 0.00171878 0.00453442 -0.0010118 -0.000317721 0.0110955 -0.00450539 -0.00223573 -0.00146408 -0.000963866 0.00267681 -0.000886692 -0.00237195 -8.21842e-05 -0.00183942 2.77985e-05 0.00195508 1.15946e-05 8.42796e-06 0.00330733 -8.2145e-05 -0.000199812 -0.00718052 0.00506036 -0.000529636 -0.00274207 0.000131407 -0.0158844 2.44498e-05 -0.000574226 -9.79518e-05 0.00948123 -0.00230583 0.000508268 0.000596774 -0.000656338 -2.26775e-05 2.62932e-05 -0.00398677 -0.000317565 0.00257638 7.91451e-05 -0.001656 -5.43247e-05 -0.000165049 0.00607402 -0.0109115 -0.00286068 -0.000387451 0.00324071 0.000213889 0.000206806 -0.00861675 0.000744231 -0.00257649 -0.000907053 -2.24312e-05 -0.000302513 -0.000269462 -0.00346926 0.000219557 0.000742186 -0.000108162 
-0.0130895 0.0719827 0.0135482 -0.00679878 0.0619413 0.0671958 -0.00617629 -0.00130033 0.00535765 0.000525985 -0.00780605 -0.0066968 -0.0137495 -0.00723025 0.0285873 -0.0869252 0.0128792 -0.00730999 -0.0104239 0.238358 -0.088778 0.0659696 -0.00040487 -0.00346043 -0.0937286 0.0379051 -0.00990226 -0.00542525 0.101942 0.0426441 -0.0526787 -0.0962837 0.00909864 -0.0955729 -0.0147919 -0.0267697 0.0321986 0.0443416 9.93302e-05 -0.0358166 -0.00346908 0.00226639 0.00643087 0.0498164 0.0430922 -0.00142778 -0.00529885 -0.133856 0.0101319 -0.00467855 -5.76408e-05 0.00470825 -0.000267542 0.0145606 0.000756363 -0.000958242 0.00631181 -0.000703109 -0.00075684 -0.041389 0.00538689 -0.00457146 -0.00883445 0.000497779 0.0542731 0.000217092 0.00532895 -0.00088937 -0.0187475 0.0180189 0.00347954 -0.00146113 -0.00245914 -6.49557e-05 -5.59466e-05 0.0373372 0.00269431 -0.0802752 -0.00155995 -0.0735897 0.00430256 -0.00705524 -0.0224515 0.0159993 -0.00540363 -0.00122158 0.00359233 0.00364081 -0.000458992 0.0266497 0.00471131 0.0114648 -0.00804328 0.000108485 -0.0625119 -0.00523525 -0.0134895 -0.0015607 0.0317248 0.00184431 
0.00879621 -0.0490462 0.00130549 0.00029493 -0.0283956 -0.0520783 -0.00525773 0.00398049 0.00373541 -0.000469511 -0.0210197 -0.00900456 0.000419081 0.00581637 -0.00417097 0.0456924 -0.0117456 -0.0123846 -0.00246112 -0.088778 0.232474 -0.0397561 -0.000402682 0.0080375 0.0524094 -0.023926 -0.00809232 -0.0269168 -0.0378307 -0.0645896 0.00964972 0.0542165 -0.00720998 0.063248 0.00945193 0.0433653 -0.0210931 -0.0291764 -0.00163089 -0.00600709 -0.00174665 0.000859706 -0.000515028 -0.0457528 -0.0198288 -0.00538944 0.00249319 0.0935119 -0.00839109 0.00263838 -0.000946729 0.00223394 0.000233044 -0.0133341 -0.000500151 -0.000729607 -0.00203917 -0.000169749 -0.000955744 0.0278081 -0.00428389 0.00755699 -0.0226259 -0.00083463 -0.0484353 0.000117705 -0.00331409 0.00112731 0.000943149 -0.0132267 -0.00241337 0.000446962 0.00257325 -0.000111583 -0.000289453 -0.0149792 -0.00110497 0.0361985 0.00134161 0.0728404 -0.00178351 0.0077037 0.0153519 -0.0514937 0.017182 -0.00466125 -0.00732117 -0.00127352 -0.000245076 -0.0338379 -0.00968574 0.00362971 -0.00502052 -7.97392e-05 0.0457533 0.0032674 0.0144973 -0.00186861 -0.0218364 -0.00073358 
-0.00795949 0.0317167 -0.00436095 -0.00671087 0.0367169 0.0248086 -0.000698624 -0.00342027 0.0102312 0.000321117 -0.0169183 -0.00304817 -0.00342856 -0.0143829 0.042812 -0.0248944 -0.00760674 -0.039975 -0.00564392 0.0659696 -0.0397561 0.161348 -0.00218778 -0.010762 -0.0433946 0.0397984 -0.00655824 -0.0467636 0.0839997 0.0692824 -0.0263736 -0.109457 0.0089371 -0.0722881 -0.008715 -0.0192815 0.0289544 0.0133418 0.00154191 -0.016393 0.000497494 -0.000742433 -0.00718681 0.0225213 0.0167675 0.00916472 -0.000338608 -0.0809605 0.00674992 -0.00714562 0.00355145 0.00361841 -0.000201321 0.0150422 -0.000243513 -0.00026379 0.000754237 8.28773e-06 0.000546433 -0.00550051 0.00279699 -0.000245842 -0.00120735 -6.24553e-05 0.0281762 -0.000108079 0.000113168 0.00107151 -0.0309977 0.00402536 0.00144009 9.77759e-05 -0.000400879 3.85888e-05 -9.33238e-06 0.0153303 0.00230499 -0.0485489 -0.00102704 -0.0416823 0.00239963 -0.00411592 -0.0135567 0.0476098 0.00172924 0.00305088 0.000153207 -0.000978997 0.00094213 0.0418572 0.00111771 0.00182231 0.00182094 8.07907e-05 -0.0634065 -0.00978172 -0.0112867 -0.00344145 0.0165558 0.000883799 
0.000914074 -0.00145993 0.00303787 -0.00105812 0.00278873 0.0104363 -0.000814654 -0.000767808 -0.001006 0.000111817 -0.00860283 0.00108242 0.00430712 -0.000545352 0.00373657 -0.0162451 -0.00399914 -0.0147561 0.000486699 -0.00040487 -0.000402682 -0.00218778 0.0418839 0.0102256 0.00527652 0.00127271 -0.00143537 -0.0151153 0.000556664 -0.00761271 -0.0192837 -0.0186943 0.00131866 -0.0154732 -0.00407588 -0.00579193 0.000419655 0.00198189 0.000965283 0.0190734 -0.000729859 -0.000512861 0.00150654 -0.00317584 -0.000745173 -0.000737799 -0.000130982 -0.00631903 -0.000602818 0.00933483 0.000175767 -0.00144781 -9.5371e-05 0.000136836 -1.9172e-05 8.48571e-05 0.000888449 1.26285e-06 0.00170447 -0.0150542 -0.000607111 7.37366e-07 0.00425315 3.21922e-05 0.0172511 0.000245985 -0.000321203 -9.25076e-05 0.0114967 0.000424902 0.000225579 0.000391288 6.68049e-06 0.000157395 0.000117906 0.00385351 0.000124941 -0.0109013 -0.000156215 -0.00824232 0.00104888 -0.000553884 0.00847171 0.00320995 0.000457159 0.00110488 -0.000216974 0.00174196 -7.31288e-05 0.0114446 0.0116715 0.000530752 0.00216132 1.07815e-05 -0.0100962 -0.00199834 -0.000670918 0.000696311 -0.00173225 0.000125161 
0.000636597 0.00168111 0.0482843 -0.00186981 -0.00995914 0.0226287 -0.006111 0.000915743 0.00159039 0.000753973 -0.0175432 0.0035293 0.00452636 -0.0140086 -0.00780973 -0.0283661 -0.0139379 -0.0477137 -0.00058283 -0.00346043 0.0080375 -0.010762 0.0102256 0.0966385 0.00740268 -0.00788239 -0.0036317 -0.0330494 -0.0103947 -0.0258371 -0.0103524 -0.000430681 0.00298006 -0.0338712 -0.0104694 -0.0145467 -0.000705529 0.0119573 -7.66338e-05 0.0420719 -0.00117907 -0.000467381 -0.00486446 -0.000455257 0.00526563 -0.00194688 0.00136048 0.00787961 -0.00180816 0.0083275 -0.000513602 -0.00260078 -0.000144332 0.0034628 0.000274886 -0.000271793 -0.00125602 -2.20519e-05 0.000576111 -0.0367596 -0.00314587 0.00150058 0.0181757 0.000601964 0.0430621 -0.00036177 -0.0010426 -0.000707277 0.0324344 0.00415373 -0.00306546 -0.000553654 -0.00108944 -0.000229904 -1.21989e-05 -0.0126877 -0.000326776 -0.0269755 -0.000103705 -0.0200224 -0.000904473 0.000484818 0.0159091 0.00543603 -0.00352283 0.00123775 -0.00179045 0.000818211 -0.000401537 0.0151154 0.00661899 0.0228097 -0.00317742 1.75147e-05 -0.0198643 0.0124904 0.00153669 -0.00256997 -0.00565975 0.000466435 
0.0088823 -0.0612261 0.000879212 -0.00159604 -0.0354795 -0.0249972 -0.00926107 -0.00451338 0.00104485 -0.000341561 -0.0285466 0.0069048 0.00777979 0.012747 -0.0121131 0.0314368 -0.0440033 -0.0305427 -0.000439207 -0.0937286 0.0524094 -0.0433946 0.00527652 0.00740268 0.193404 -0.00711031 0.00501478 -0.00654145 -0.039185 -0.0321776 0.0095554 0.0433176 -2.43553e-05 0.0295665 0.000113771 -0.00580343 -0.0163608 -0.0143155 -0.00191242 0.0384301 0.000541539 -0.00428597 -0.0157087 -0.0217416 -0.0181684 -0.00312231 0.00203479 0.0690034 -0.00242219 0.015096 -0.000431301 -0.00556564 -0.000688109 -0.0157795 -0.000353096 0.000110863 -0.00765722 0.000250813 0.000274239 0.00616303 -0.0126705 0.00324907 0.017897 -0.000857632 0.00175501 -0.00121977 -0.00446563 0.000503243 0.0391277 -0.0132763 -0.000982489 0.000491362 0.00075094 0.000225634 -0.000346011 -0.0178649 -0.00284266 0.0152652 0.000379573 0.0408367 -0.00186848 0.00427637 0.0127123 0.00691145 0.00978964 -0.00161871 -0.0115027 -0.0038242 -0.000316501 0.0078041 0.00683804 -0.00282032 0.0019067 -0.000158311 -0.001246 -0.00158946 -0.00148804 0.000914442 -0.0278679 -0.000909711 
-0.00293978 0.0116917 -0.000886115 -0.00420036 0.0183374 0.0263036 0.00575792 -0.0037069 7.34474e-05 5.12296e-06 -0.027469 -0.0053345 -0.00479746 0.00592713 0.00889514 -0.0373523 -0.012338 -0.0342383 -0.00514728 0.0379051 -0.023926 0.0397984 0.00127271 -0.00788239 -0.00711031 0.115603 -0.00456738 -0.0149646 0.0524958 0.0305708 -0.0455644 -0.0579465 0.00629998 -0.0428588 -0.00724707 -0.0129488 0.00900752 0.0113437 0.000960027 0.00279211 -0.00159719 -0.0012964 -0.0104008 0.0130006 0.00554731 0.00632285 0.000216547 -0.0505586 0.00835315 0.00482773 0.000371421 0.00054717 -0.000149091 -0.00286584 -9.97108e-05 -4.2875e-05 -0.000904269 -0.000326444 0.00123934 -0.00832341 0.00640312 -0.00209923 0.00570667 2.66983e-06 0.0177935 0.000376937 -0.00119291 -0.000120717 0.00795774 0.00200184 0.00122276 -0.000307492 0.000247539 -5.70184e-05 -3.52238e-05 0.00236315 0.000135742 -0.0336505 -0.000774608 -0.0303853 0.00230341 -0.00223414 -0.0107949 0.0369921 0.0141225 0.00133223 -0.00151126 -0.000889226 -0.000217348 0.043005 0.00720862 0.000288884 -0.000555054 4.61559e-05 -0.0440805 -0.00607943 -0.00772 -0.00407167 0.0110071 0.000782683 
0.00145035 -0.00551503 -0.00562465 -0.00103278 -0.00492995 -0.00767738 0.000806889 -0.000906884 -0.000181557 -4.60465e-05 0.00532006 -0.000232407 -0.00118297 0.00776974 -0.0044872 0.00479338 -0.00252152 0.0109812 0.00138503 -0.00990226 -0.00809232 -0.00655824 -0.00143537 -0.0036317 0.00501478 -0.00456738 0.0375602 0.0130131 -0.00958666 -0.00378852 0.0106624 0.00581505 -0.00115902 0.0115661 0.00897579 0.000597148 -0.00268241 -0.00376638 2.72614e-05 -0.00654353 0.000581153 -0.000300113 -0.000282839 -0.00594643 -0.00318003 0.00051953 -0.000349244 0.00769519 -0.00084493 -0.0028447 -0.000221963 9.42271e-05 -9.02062e-05 -0.00191794 -1.82056e-05 0.00052026 -0.000531266 0.00022135 -0.000171284 0.0159568 -0.00100829 -0.000222802 -0.00261404 -8.90565e-05 -0.013568 -0.00010898 -0.000350126 0.000208116 -0.00918985 -0.00175759 -0.000179366 -6.43022e-05 6.5877e-05 -4.43777e-05 -2.27432e-05 -0.0062683 -2.29564e-05 0.0158443 -5.4232e-05 0.00788855 -0.00028016 -0.00040532 -0.00137036 -0.00157505 -0.0030059 -0.000595674 -0.000652469 -0.000437332 -0.000100817 -0.0141677 -0.00192349 -0.00318303 -0.00142246 -4.09665e-06 0.00608065 -0.000304464 -0.000816751 -0.000806479 -0.00193408 -0.000112592 
0.00238133 0.00430119 -0.0368656 0.00439218 -0.0199872 -0.0394312 -0.000167193 -0.00349569 0.000993779 -0.000878202 0.0587814 -0.0168486 -0.0218226 0.033575 -0.0445585 0.030302 0.0319581 0.125545 0.00549997 -0.00542525 -0.0269168 -0.0467636 -0.0151153 -0.0330494 -0.00654145 -0.0149646 0.0130131 0.247527 -0.0362011 -0.0276366 0.0576627 0.0703623 0.00119429 0.0881036 0.0308859 0.0445491 -0.0237217 -0.014261 -0.00169498 -0.0934734 0.00320409 0.00250289 -0.00416354 -0.0416279 -0.00922183 -0.00720458 -0.000343264 0.0412936 0.00256802 -0.0292922 -0.00276107 0.00436419 0.00029348 -0.016014 0.000288496 -0.000391791 -0.00146086 -0.00075257 -0.00199457 0.07508 0.00376414 -0.0073865 -0.0404681 -0.000484763 -0.109575 -0.000143892 0.00189041 -0.0010006 -0.0680817 -0.0135906 -0.000210685 -0.00289852 -0.00117305 -0.000328562 -0.000258214 -0.036054 -0.00167282 0.0792253 -0.000435873 0.0679748 -0.00269711 0.00364934 -0.0107636 -0.0301908 -0.0215619 -0.00615729 0.00107355 0.000626131 -0.00153755 -0.107403 -0.0182527 -0.035538 -0.0167819 -0.000143839 0.0386578 -0.00659771 0.00986087 -0.00793388 0.00797416 -0.000948247 
-0.0110561 0.0464969 -0.0209763 -0.00907777 0.0625503 0.0565215 0.00822178 -0.00882467 0.00840803 4.48854e-05 -0.0377078 -0.00747721 -0.0142507 -0.00751758 0.061004 -0.0546862 -0.0209232 -0.0315486 -0.00978734 0.101942 -0.0378307 0.0839997 0.000556664 -0.0103947 -0.039185 0.0524958 -0.00958666 -0.0362011 0.218901 0.0332469 -0.0629384 -0.104755 0.0172493 -0.0874809 -0.0271569 -0.0305086 0.0326068 0.0267396 0.00135375 -0.0111632 -0.00441956 0.000688346 -0.0225727 0.0295494 0.0180189 0.00492744 -0.00249917 -0.117895 0.00565629 -0.00865942 0.00212126 0.00697075 -0.000302541 0.0195986 -1.35377e-05 9.74407e-05 0.00224671 -0.00105481 9.09136e-05 -0.0276116 0.00509155 0.00204981 -0.0223223 6.54908e-05 0.0561498 0.000505757 0.00118882 8.36628e-05 -0.0232157 0.00396576 0.00583466 -0.00126809 -0.00185423 1.47586e-05 -6.36753e-05 0.0494332 0.00231391 -0.0759256 -0.00149136 -0.053598 0.00353441 -0.00554515 -0.018818 0.0234978 0.014712 -0.00249315 0.00175297 0.000521864 0.000317054 0.0659897 0.00213879 -0.00188534 -0.00396199 7.96975e-05 -0.0453448 -0.0101513 -0.0152552 -0.00673333 0.0239459 0.00049741 
-0.00831157 0.0324453 -0.0242968 -0.00929091 0.0267482 -0.0105326 0.00459524 0.000138754 -0.00952811 0.000164196 -0.0185907 0.00870015 0.00845805 0.00312861 0.0321031 -0.0362843 -0.0186406 -0.0233868 0.00661832 0.0426441 -0.0645896 0.0692824 -0.00761271 -0.0258371 -0.0321776 0.0305708 -0.00378852 -0.0276366 0.0332469 0.216861 -0.0107001 -0.0786101 -0.00618539 -0.057101 -0.00954034 -0.0319703 0.0147226 -0.0207091 0.00160578 0.00708708 -0.00106462 -0.00286614 0.00540342 0.03093 0.0150873 0.00699167 -0.00163478 -0.0731457 0.00538653 -0.00164349 0.00242739 -0.000134205 -0.000271682 0.0103391 -0.000364843 -0.0010534 0.000777694 0.00079987 0.000746941 -0.019048 0.00934099 -0.00410278 0.0185029 -0.000337972 0.0374291 1.4667e-05 -0.00435007 0.00173049 0.0241221 -0.00416057 -0.000577947 0.00298809 0.000662634 0.000506214 0.000179892 0.0222516 -0.00027926 -0.0575266 -0.000580642 -0.0683702 0.00297484 -0.00484459 -0.010623 0.053 -0.00510075 0.00235232 -0.00167416 -0.00240742 0.00191293 0.0736844 0.00807167 -0.00731438 0.0139492 -5.14949e-05 -0.0844082 -0.010196 -0.0162377 0.00622809 0.0224442 -0.000665092 
0.000110367 -0.039827 0.00170543 0.00843059 -0.0289686 -0.0413174 -0.000796892 0.00685569 0.00297466 -0.000852014 0.0400049 -0.00884432 -0.0171701 -0.000115392 -0.0267768 0.0941123 0.0231254 0.0962144 -0.0124679 -0.0526787 0.00964972 -0.0263736 -0.0192837 -0.0103524 0.0095554 -0.0455644 0.0106624 0.0576627 -0.0629384 -0.0107001 0.219111 0.077529 -0.00696643 0.0874179 0.0221926 0.0274071 -0.0176503 -0.0242305 -0.00349488 -0.0772972 0.00280901 0.00106171 -0.00384729 -0.0357733 -0.0138641 0.00308805 -0.00112209 0.0683359 -0.00912253 -0.049878 -0.00343251 -0.00872832 -0.000314213 -0.0288194 -0.000276401 -0.00115137 -0.00600945 -0.000684392 -0.00240371 0.0732947 -0.0147088 0.000914125 -0.0229676 -0.00179183 -0.0820296 -0.000967146 -0.00428292 0.000470747 -0.0683517 -0.0145287 -0.000388661 -0.00254884 -0.000800932 -0.000647455 -0.000258841 -0.0295902 -0.00109158 0.0720093 0.000991756 0.0705651 -0.0034544 -7.61563e-05 -0.0212256 0.0149909 -0.041699 0.000304089 -0.00454004 -0.0046211 -0.00189863 -0.0931595 -0.0280819 -0.0240102 -0.00605482 -0.000110832 0.0549398 0.00482267 0.0120086 0.000989673 -0.00138581 -0.000950556 
0.0068188 -0.0526118 0.0190058 0.00932428 -0.0558941 -0.0414102 -0.0132432 0.00740401 -0.00635051 -0.000285638 0.0390095 -0.0120533 -0.00946824 -0.000328593 -0.0569728 0.0839528 0.00855028 0.0722094 -0.00235218 -0.0962837 0.0542165 -0.109457 -0.0186943 -0.000430681 0.0433176 -0.0579465 0.00581505 0.0703623 -0.104755 -0.0786101 0.077529 0.234499 -0.0113809 0.115448 0.0151028 0.0342518 -0.0236972 -0.0224566 -0.00333929 -0.0218935 0.00194655 0.00073329 -0.0123167 -0.0337218 -0.033937 -0.00917245 0.00375739 0.12095 -0.00929776 -0.0193406 -0.00390302 -0.00444674 0.000176817 -0.0264851 -0.000651692 -0.000500919 -0.00573837 -0.00089004 -0.00264637 0.0322948 -0.00976495 -0.00596155 -0.00754992 -0.000626732 -0.061811 -0.0017387 -0.00108397 -0.00158981 -0.0123141 -0.0103469 -0.00641495 -0.00219882 -0.000786502 -0.000519125 -0.000347417 -0.0385656 -0.00242652 0.0835928 0.00077784 0.0718022 -0.00522101 0.00499685 -0.000141453 -0.0447631 -0.0113163 -0.00429933 -0.0052047 -0.00107025 -0.00238587 -0.0791474 -0.0167895 0.00503011 -0.00800539 -0.000165985 0.0876779 0.00975046 0.0164656 -0.00704475 -0.0222308 -0.00197249 
-0.000219627 -0.00270779 0.00631379 0.0021008 -0.0054929 0.019316 -0.00287765 -0.000481519 0.0139734 0.000294711 -0.0104723 -0.000722258 -0.00177892 -0.00507063 -0.00584349 -0.0150088 -0.00200948 -0.000269075 -0.00208871 0.00909864 -0.00720998 0.0089371 0.00131866 0.00298006 -2.43553e-05 0.00629998 -0.00115902 0.00119429 0.0172493 -0.00618539 -0.00696643 -0.0113809 0.0482777 -0.00657807 -0.00525912 -0.0024142 0.00624915 0.0141603 -0.000128491 -0.00520532 0.00026515 0.00106324 -0.00422487 -0.00278377 -0.000952634 -0.00093412 -0.00010799 -0.0162775 0.000935914 9.55342e-05 0.000140618 0.00119245 -3.65097e-05 -0.000749748 -9.0074e-05 -8.50231e-05 -0.000687692 -0.000167234 0.000228517 -0.00670319 -0.00154404 0.000502808 0.00301061 -5.64415e-05 0.00465849 -0.000130246 0.00016004 7.61972e-06 -0.00749544 0.00399867 -0.00115185 -0.000132929 -5.17101e-05 0.00028417 2.70663e-06 -0.00783215 0.000942171 -0.00420917 -0.000310054 -4.79834e-06 0.000155936 -5.66153e-05 -0.00226245 0.00630298 -0.00217146 -0.000444457 0.00244343 -7.50445e-05 -0.00015343 -0.00863836 -0.000726689 0.00358965 -0.0015315 1.90268e-05 -0.00446258 -0.00217911 0.000740313 -0.00205108 -0.0012083 0.00173079 
0.00857681 -0.0541103 -0.0348944 0.0161557 -0.0507553 -0.0717878 -0.0108773 0.00821004 -0.000961691 -0.00082875 0.0605403 -0.0125295 -0.0131254 0.0289476 -0.0525539 0.088144 0.028096 0.120345 0.00430342 -0.0955729 0.063248 -0.0722881 -0.0154732 -0.0338712 0.0295665 -0.0428588 0.0115661 0.0881036 -0.0874809 -0.057101 0.0874179 0.115448 -0.00657807 0.239863 0.0376638 0.0646912 -0.0261665 -0.0373948 -0.00224771 -0.0856657 0.00342922 0.000100294 0.00941747 -0.0579495 -0.0309236 -0.00506569 -0.00086981 0.116639 -0.00800095 -0.0381075 -0.00261723 -0.00506233 0.000440064 -0.0206601 -0.000280205 8.04168e-05 -0.00433449 -0.000633713 -0.00194811 0.0904332 -0.00805721 -0.00419311 -0.0383555 -0.00150357 -0.136073 0.000336354 -0.00164732 0.000528919 -0.0718661 -0.0133297 -0.00256138 0.000124757 0.00101489 -9.00411e-05 -0.000158731 -0.0545733 -0.00168815 0.134849 0.000620153 0.11816 -0.00333976 0.00814557 -0.00868295 -0.0553317 -0.027244 -0.00693657 -0.000147161 -0.00179691 -0.00165334 -0.13105 -0.022571 -0.0161345 -0.0139146 -0.000122737 0.0971928 -0.003238 0.0251464 -0.0148426 -0.023299 -0.00156688 
