0.249707 -0.0100727 -0.00420698 0.0240269 3.78973e-06 -0.00675877 -0.0203489 -0.0227219 -0.0308048 -0.0032441 -0.00713719 -0.0695773 -0.00515542 -0.00250194 -0.0254464 -0.0178609 0.0627178 0.024975 -0.0108447 0.0128843 0.0656295 -0.0785947 -0.0737151 -0.025963 0.0587783 -0.00619313 0.0045543 0.0406344 -0.00118712 -0.00282278 0.0885367 -0.00519682 -0.000268329 -0.00332442 -0.000554309 0.0644476 0.00077229 -0.0040715 -0.0440548 0.00610197 0.00406857 -0.0395044 -0.00532349 -0.00192953 -0.00444201 0.000748634 -0.0332143 -0.00108883 -0.00543074 -0.00264329 -0.000895235 0.020862 0.0180408 -0.00601571 0.0709723 -0.00789223 0.00237508 -0.000148128 0.0612307 -0.0021072 -0.00509634 0.00139932 -0.00375431 0.0115409 -0.00156452 -0.0041946 -0.00198489 0.00221313 -0.00523351 0.011647 -0.00541156 -0.0291856 -0.0132122 0.00214786 -0.00364349 0.0238845 -0.047182 -8.554e-05 -0.0897909 -0.0283317 0.000365659 0.0137997 0.0071847 -0.0379723 -0.00376567 2.77536e-06 2.01234e-05 -0.0152279 -0.00677297 -0.00472847 -0.0093123 0.00168574 0.0119863 -0.00674082 0.00862111 -0.0447875 -0.00040094 -0.00286107 -0.0129384 -0.00112365 
-0.0100727 0.0382396 0.00078437 -0.0028078 0.000343349 -8.29183e-05 -0.000399824 0.00606881 0.00542923 0.000279386 -0.000191466 -0.00518885 -0.00445739 0.00224464 -0.00482973 -0.0031626 0.00356424 -0.00333576 0.00158615 0.00417202 -0.0038301 -0.00569642 -0.00178728 0.00682513 -0.0165505 0.011616 0.00886753 -0.0117487 0.000752032 0.000163088 0.00418384 0.000763886 7.52405e-05 0.000513442 -8.41496e-05 -0.00259479 -0.00172368 0.00324057 -0.00150632 0.00252799 0.00106037 -0.00136643 -6.76627e-05 0.000438182 -0.015443 8.09373e-05 0.000964169 -0.0114917 0.000354496 0.00481204 0.0018928 -0.0143335 -0.000219738 -0.000616752 -0.0138914 -0.00130339 0.00142153 0.00174265 -0.0161949 0.0115284 0.0134058 0.000185053 -0.00180167 0.00103217 -0.000105584 -0.000452701 0.00156004 0.000387391 -0.00736823 -0.00231878 -0.000628015 0.00079834 0.00300957 -0.000761733 -0.00176736 -0.0030462 -0.00757448 6.56373e-05 -0.00676866 0.0117579 -0.000132232 -0.00110757 -0.000839503 0.000620806 0.00124676 0.000113822 2.72054e-05 -0.000657641 0.00102484 0.000619029 -0.000958541 8.90617e-05 0.00390869 0.0092398 -0.00300049 -0.00311812 0.0181993 0.00106175 0.00253567 -3.77963e-05 
-0.00420698 0.00078437 0.0101126 0.00247132 -5.44441e-05 -2.28369e-05 -0.000274307 0.00633337 -0.000324328 9.64369e-05 0.000231955 -0.0032532 0.000801312 0.0002155 0.0022953 0.000607189 -0.00334199 -0.00221677 -0.0023864 -0.00227815 0.00252691 -0.00291777 -0.00228956 0.00559943 -0.00263532 0.00135596 -0.000148719 -0.00616135 -2.72609e-05 -0.000146934 -0.00247212 0.0028339 8.48458e-05 0.000663105 -1.42638e-05 6.82877e-05 0.00121312 -0.000251139 -0.0010654 -0.000140497 0.0011223 1.47115e-05 0.000199694 9.38463e-05 -0.00386864 0.000264072 -0.00100714 -0.00394072 -4.78492e-05 0.00109357 0.00033365 -0.001978 -0.00142919 -0.000154477 -0.00118224 0.00257622 -0.000226352 0.000248761 -0.00262353 0.00058409 -0.00043007 3.85587e-05 -0.000320889 0.00448391 -2.59617e-05 0.000394409 8.4634e-05 0.00050103 0.00390106 -0.00214398 -0.0001348 -0.00286519 0.00197375 0.00188666 -0.000490732 9.56437e-05 -0.00267427 0.000122854 -0.00316837 0.00036232 1.34094e-05 0.000844165 -1.1359e-05 -0.00231849 -7.11326e-05 -9.72893e-06 9.60934e-05 -9.77377e-05 0.00112752 0.000249502 0.000572503 -4.96563e-05 -0.000494699 0.00458955 -0.00094263 -0.00116204 -0.000427106 0.000663292 0.00411493 -1.49072e-05 
0.0240269 -0.0028078 0.00247132 0.0877346 0.00134051 -0.00126489 -0.00496429 -0.0063242 -0.0138278 -0.00105835 0.00492088 -0.022589 -0.00342601 0.000525185 0.033876 -0.00495092 -0.00214246 -0.0161752 -0.0190481 -0.0206475 0.0202061 -0.0276227 -0.0221597 0.0120671 0.00396686 -0.00172679 0.000290386 -0.0085996 -0.000399109 0.00107549 0.0216796 0.00334683 8.36256e-06 0.00445402 0.000374045 0.0339027 0.00729224 -0.000769731 -0.0133615 -0.000352655 0.00128203 -0.0141795 -0.00142759 7.19137e-05 -0.0366474 -0.000221093 -0.0118547 -0.0194142 -0.00146446 -0.000933027 0.000312183 -0.022672 0.00239775 -0.00184561 0.0333977 -0.00190046 0.000173682 -6.77682e-05 -0.00989164 -0.00202181 0.0113539 0.000850768 -0.00390695 0.0306993 -0.000222995 0.000786924 0.000346609 0.0172377 0.0281596 -0.0103548 -0.00173427 -0.0221414 -0.00187713 0.00816964 -0.00155793 0.024544 -0.0170269 0.000546163 -0.0342815 -0.00879152 3.04135e-05 0.00534529 0.00371667 -0.0141832 -0.000245534 9.84325e-05 0.000522398 -0.00384503 -0.000190905 -0.000259316 0.00505007 0.00202644 0.00462306 0.00904112 -0.00913409 -0.0142688 0.00372001 9.83438e-05 0.00450889 0.000111726 
3.78973e-06 0.000343349 -5.44441e-05 0.00134051 0.0174716 0.000313362 -0.000610134 -0.00314677 -0.000173016 0.000233487 -0.000147658 0.000933569 -0.000435255 0.00123324 -0.00194571 -0.000409539 -0.00438157 -0.00225777 0.0007958 -0.00336615 -0.00362014 0.00362071 0.00324813 -0.00205836 -0.00368646 0.000790665 0.00108865 0.000689036 3.04345e-05 -8.68735e-05 -0.00347719 -0.000312274 6.71922e-06 0.000452296 -0.000193863 -0.00133139 0.000342865 -0.000399707 -0.000238256 -0.000769488 -0.000140877 -0.000361935 -1.12457e-05 -2.07817e-05 -0.00314546 0.000395468 -0.000206646 -0.000122831 -6.33045e-05 -9.52211e-05 -0.000101741 -0.00453851 -0.00173954 0.000723187 -0.000405725 -0.000459111 0.000653408 9.8964e-05 -0.00227561 3.27513e-05 -0.000491425 0.00047283 -0.000684735 0.00045648 0.00019216 4.26459e-05 -6.31422e-05 0.00223285 -0.00157371 5.58497e-05 0.000421473 0.00121222 -0.000280778 -0.00016834 -4.53824e-05 -4.56372e-05 0.00482582 7.5455e-05 0.00217624 0.000519593 -7.42453e-05 -0.0027035 0.000297716 0.000529179 0.00129369 5.7957e-05 1.9504e-05 -0.000242694 -0.000446404 -0.000137702 0.00113395 -0.000183987 -0.000681729 0.000671495 0.00247898 0.000845974 -0.000525338 9.28739e-05 0.00017608 1.62919e-05 
-0.00675877 -8.29183e-05 -2.28369e-05 -0.00126489 0.000313362 0.0194907 0.000196089 -0.00295897 0.00392001 9.05606e-05 -0.00041979 0.00887375 -0.00261118 -0.000214993 -0.000460634 -0.000567199 -0.00298126 -0.00325581 0.0011402 0.0019661 -0.00883125 0.00550685 0.00666393 -0.00230435 -0.00757824 -0.000219138 -8.40022e-05 -0.00368418 -6.70688e-05 0.000177613 -0.00227586 -0.000132988 0.000152904 -0.000561109 0.000381899 -0.00289846 -0.00160744 -0.000817917 0.00474721 -0.000167998 0.000230216 0.00198662 -0.000228953 0.000127678 -0.00659546 -5.19472e-05 0.00650919 0.00317643 4.18208e-05 -0.000197658 0.000172451 -0.0058567 -0.000371356 0.00146839 -0.00285774 1.78296e-06 -6.52952e-05 0.000152538 -0.00514143 0.000154032 -0.00172824 4.12587e-05 0.00185534 -0.00256094 -1.48055e-05 -0.000122094 0.000166151 -0.000573981 -0.00390808 -0.00237511 -4.3904e-05 0.00537097 0.000951042 -0.000257713 -0.00127974 -0.000626308 0.00160229 -3.93989e-05 0.00645534 0.00197459 -5.22135e-05 -0.00362693 -0.000321439 0.00373107 0.00030956 -4.04367e-06 -6.00466e-06 -0.000150911 -7.01216e-05 0.000345757 -0.000155916 -0.000318253 -0.000739325 -0.000900902 -0.00111749 0.00446021 0.000448324 -7.25589e-05 -3.24986e-05 -5.94731e-05 
-0.0203489 -0.000399824 -0.000274307 -0.00496429 -0.000610134 0.000196089 0.0506182 -0.00667493 0.020488 0.000258626 0.00121785 0.0164581 -0.000301982 0.000114667 -0.00394255 0.00483185 -0.0195578 -0.00144342 0.00637566 0.00444918 -0.0185141 0.0183341 0.0187711 -0.00339011 -0.0198976 -8.61858e-05 -0.00310292 -0.00564593 -0.000226146 -0.0001338 -0.0187274 -0.000721847 -0.000110945 0.0022152 -0.000456137 -0.011364 -0.004842 -0.000553951 0.0116321 -0.00155909 -0.000359317 0.0222458 -0.000529037 0.000131191 -0.00603833 -0.000310764 0.0110614 0.0128443 0.00120066 -0.000387967 -0.000374882 -0.0152645 -0.00520142 0.00067693 -0.0190495 -0.000505251 0.000250849 -0.000246173 -0.0197491 -0.00259152 -0.00710936 -0.000180113 0.00393349 -0.00743888 5.59435e-06 0.00177255 -0.000449735 -0.00201518 -0.00689413 -0.0119479 0.000433859 0.010493 -0.00165285 -0.000344211 -0.00365802 -0.00205617 0.00718592 -4.62619e-06 0.0275039 0.00222947 2.18664e-05 -0.0101562 -0.00107273 0.0224499 0.00134273 -6.79901e-05 -1.72933e-05 -0.001332 0.00296434 0.00261751 0.00538394 0.00108519 -0.00857439 -0.00273106 -0.00456273 -0.00160328 -0.00310242 -0.000604781 0.00222366 1.51703e-05 
-0.0227219 0.00606881 0.00633337 -0.0063242 -0.00314677 -0.00295897 -0.00667493 0.164275 -0.0153317 0.00173267 -0.005359 -0.0502058 0.0159097 0.000939651 0.0322298 -0.00546135 0.0408131 0.0165944 -0.0320962 -0.0498016 0.0714318 -0.0564932 -0.0511743 0.0650688 0.0281288 0.00380352 -0.0130186 -0.027402 -3.35231e-05 0.00397796 0.0207326 0.00941528 -0.00053915 -0.00475126 0.00253989 0.00119823 0.00273 0.00516136 -0.0276913 0.00748394 -0.0045309 -0.00822271 -0.000128206 0.00354096 -0.0137137 0.00281031 -0.0170205 -0.0637278 -0.00293772 0.00576151 0.00248371 0.039146 -0.0191484 -0.00422193 -0.00695178 0.0139948 0.00218176 0.000652726 0.0313213 3.25271e-05 0.00963508 -0.0020381 -0.00231674 0.0358576 -0.000787819 0.000205529 -0.00072053 -0.00207108 0.0250645 0.0115739 -0.00296661 -0.0527566 0.00596784 0.000759008 -0.00191106 -0.0130738 -0.0528527 -0.000245294 -0.0580487 -0.0117635 -4.04923e-05 0.0222264 -0.000140824 -0.0357275 -0.00325987 8.00631e-05 -3.40426e-05 0.00445641 0.0102089 0.00139181 0.00490009 0.000417513 0.013898 0.0303896 -0.0141126 -0.0298783 0.00804658 9.34233e-05 0.0127389 0.000130603 
-0.0308048 0.00542923 -0.000324328 -0.0138278 -0.000173016 0.00392001 0.020488 -0.0153317 0.129457 -0.000164205 0.00521621 0.0455094 0.00469824 -0.00275985 -0.0255214 0.00566886 -0.0388525 -0.0169359 0.0196573 0.0317725 -0.0557358 0.0426812 0.0535659 -0.015427 -0.054635 0.00158873 -0.0096346 -0.00455188 -0.000850257 -0.000519282 -0.0351994 -0.000866723 0.00171486 0.00573845 -0.00199903 -0.0321576 -0.00326686 -0.000967713 0.0352002 -0.0039911 0.00784823 0.0215217 -0.00268125 0.00110814 -0.0262231 -0.000193837 0.00735041 0.0340283 0.00107395 -0.000660563 0.000230342 -0.0482216 -0.0107979 0.00576761 -0.0492614 -0.00171741 -0.00191737 -0.000277162 -0.0508914 -0.00249242 -0.0109284 -0.00143576 0.00205852 -0.0213933 -0.000241214 0.00205512 -6.72615e-05 -0.00520906 -0.0261253 -0.0255481 0.00162702 0.0402657 -0.00119067 -0.000984683 -0.00754215 -0.0075942 0.0245266 -6.04621e-06 0.0612229 0.0254057 -0.000731518 -0.0321073 -0.00296873 0.059994 0.00158229 -0.00023148 -0.000119712 -0.00108103 0.00104137 0.00501249 0.00680687 -0.000674836 -0.0224902 -0.00654611 -0.00337005 0.0209011 -0.00339335 -0.00119352 -0.00010333 -0.000624017 
-0.0032441 0.000279386 9.64369e-05 -0.00105835 0.000233487 9.05606e-05 0.000258626 0.00173267 -0.000164205 0.0162914 -0.000775797 0.00198682 0.00214104 9.06252e-05 0.000649903 0.00095728 -0.00245889 -0.00199525 -0.000597063 -0.00423736 -0.00154113 0.00225774 -0.00124534 -0.00059708 0.000496122 -0.000186596 -0.000329546 -0.0006871 -9.03217e-05 5.42306e-05 -0.00408316 0.000143812 -8.47113e-05 0.000272929 0.000486256 -0.00349351 0.000930183 0.000735232 0.0010121 0.000519011 0.00114774 -0.00118892 -0.000179795 -1.88686e-05 0.000725441 6.40385e-05 0.000293775 -0.00464904 -0.000151266 0.000337876 4.76219e-05 -3.9624e-05 -0.00186572 0.000233832 0.00203332 0.000638537 -0.000469736 6.14226e-05 0.000979857 -0.000287953 -0.00138957 -0.000125349 -0.000276836 -0.00188688 7.72871e-06 0.000586784 -6.12055e-05 -0.000600274 0.000286025 0.0024764 -4.38873e-05 -0.00111281 -0.000107633 -8.81638e-05 0.000605308 -0.00161332 0.000452645 2.73907e-05 0.00133155 -0.000456956 0.000285764 0.000802781 0.000193048 -0.00236801 0.000237553 6.03598e-05 -7.84252e-06 -0.000255796 0.000173271 0.000867299 0.000206816 -0.000265075 0.000929866 0.000983306 -0.000865077 -0.000594883 -0.00120219 -0.000213203 0.0003618 0.000100416 
-0.00713719 -0.000191466 0.000231955 0.00492088 -0.000147658 -0.00041979 0.00121785 -0.005359 0.00521621 -0.000775797 0.0671467 0.000233034 -0.00497752 0.0023803 -0.000869707 0.00397418 -0.0227939 0.00546012 -0.000580997 -0.00190245 -0.021328 0.00617692 0.0129608 0.00364391 -0.00900775 -0.00107992 -0.0012626 -0.00981029 -0.000528461 -0.000320498 -0.00717205 0.00173515 0.000651932 0.00416723 -0.00100759 -0.00335791 -0.00594436 -0.00138384 -0.00712528 0.000301686 0.00252939 -0.00267713 -0.00069615 0.00117758 -0.0104688 0.000102354 0.00106671 0.00323124 0.00677015 -0.000587597 -0.000214193 -0.0226016 0.00993135 0.00131785 -0.0104031 -0.00152406 0.00481553 0.000224334 -0.0275379 -0.000139578 -0.0101192 0.000257428 -0.000438449 -0.000628818 0.000542436 0.00355026 0.000144837 -0.0018301 0.00204527 -0.0158756 0.00387265 0.01007 -0.000571434 0.000561929 -0.00099153 0.0250624 0.00868238 0.000508238 0.0091672 -0.00301466 2.09931e-06 -0.00775783 -0.00086694 0.0233415 0.00120055 -6.46411e-05 0.000294009 -0.00159774 0.000599285 0.000281623 0.00174522 0.004104 -0.00930472 0.0016518 -0.00489202 -0.000288493 0.00134241 6.03019e-05 -0.000877428 -0.00021949 
-0.0695773 -0.00518885 -0.0032532 -0.022589 0.000933569 0.00887375 0.0164581 -0.0502058 0.0455094 0.00198682 0.000233034 0.238531 -0.012999 -0.00628343 -0.0235995 0.0279639 -0.0369926 -0.0509819 0.0172312 0.0458689 -0.115525 0.107707 0.113925 -0.0485165 -0.0774072 -0.00587412 -0.0107836 0.00518037 -0.00206862 -0.00201649 -0.0668229 -0.0072454 -0.00056171 0.00884726 -0.00173601 -0.0845449 -0.0141686 -0.0138074 0.0586983 -0.00774571 0.00200527 0.0159255 -0.00112007 -0.00237745 0.0179365 -0.00147214 0.0363818 0.0733324 0.00421885 -0.004468 -0.00294787 -0.06443 0.00244819 0.0107351 -0.0580198 -0.00652405 -0.00142674 -0.000299966 -0.0596527 -0.000934097 -0.0243909 -0.00243106 0.000543141 -0.0535766 0.00134072 -0.00120523 -0.00120573 -0.0121653 -0.0531577 -0.0220664 0.00623856 0.0733424 0.00467708 -0.00412 -0.0260968 -0.0158825 0.0829635 -0.000728798 0.126438 0.0352492 -0.000811185 -0.0585693 -0.00636281 0.0663193 0.00674139 -0.000260403 -0.000364116 0.000716924 -0.00410689 0.0021036 -0.00332954 -0.0048771 -0.0411501 -0.0250878 -0.00620242 0.065796 -0.0128811 0.00223556 -0.00982194 -0.000618151 
-0.00515542 -0.00445739 0.000801312 -0.00342601 -0.000435255 -0.00261118 -0.000301982 0.0159097 0.00469824 0.00214104 -0.00497752 -0.012999 0.164598 0.000589689 0.0178754 0.000141541 -0.0143628 -0.0252004 -0.0153117 0.0208628 0.0429009 -0.0226367 -0.0250657 0.0209795 0.0092984 -0.00331597 -0.0125949 -0.0200694 -0.00154492 -0.00271609 -0.00847221 0.00641199 -0.00129827 0.00874881 -0.0013807 -0.0144562 -0.00946364 0.00843273 -0.0149201 -0.00488523 0.00412916 0.0286111 0.00383894 -0.000196328 0.0118775 -0.000594603 -0.00111477 -0.0226001 -0.00318086 0.000522044 0.000405528 0.0531968 -0.0177904 -0.00153887 0.0138644 0.0118501 -0.00382307 -0.000115877 0.0335418 -0.00701695 -0.00359928 -0.000612093 0.00333586 -0.0169363 -0.000735667 0.000587863 -0.00179105 -0.0040133 0.0160075 -0.0170315 -0.00421051 -0.0319938 0.000650519 -0.000904711 0.0250559 -0.0110674 -0.0309992 -3.14827e-05 -0.0253653 -0.0111298 0.000953853 0.0167306 -0.000527598 -0.0252874 -0.00358883 -0.000143618 -0.000191884 0.001355 -0.00126534 0.00226753 -0.00310281 -0.00291462 -0.0251018 -0.00302948 -0.0125027 -0.0194634 -0.0158898 -0.000416279 0.00822701 0.00247767 
-0.00250194 0.00224464 0.0002155 0.000525185 0.00123324 -0.000214993 0.000114667 0.000939651 -0.00275985 9.06252e-05 0.0023803 -0.00628343 0.000589689 0.0265586 0.000331085 -0.00205477 -0.00262822 0.0009949 -0.00344873 -0.00542206 -0.00302342 -0.00209809 -0.00228463 0.00337015 -0.00467132 0.00233058 0.00404638 -0.00497882 0.000191304 0.00104874 -0.00320248 0.00176402 -8.03836e-07 0.000738502 0.00173246 0.00144645 0.00052972 0.00462793 -0.00263525 0.000336162 -0.000353553 -0.00122009 0.000603048 0.000716991 -0.00582723 0.000149125 -0.00179595 -0.00746265 0.00147597 0.000300393 -0.000225727 0.0008134 -0.001851 -0.000401759 0.00113338 0.000654279 0.00241146 3.3162e-05 -0.000467405 0.00234305 -0.00110638 0.000339047 -0.000541332 0.00349255 -5.42366e-05 0.00150323 0.00125679 0.00167459 -0.000340031 0.002415 0.000157063 -0.00295803 0.000613505 0.000316112 0.00167443 0.0034803 -0.00277743 0.000195772 -0.00573236 -0.00147594 4.29371e-05 -0.00352535 -0.000460915 -0.00246955 0.00109453 0.00026028 0.0002656 -0.000162917 0.000719112 -6.67838e-06 -0.0012067 -0.000208306 0.000225642 0.00173891 -0.00120112 -0.00292888 0.00252735 -0.000193661 0.00223448 -7.79836e-05 
-0.0254464 -0.00482973 0.0022953 0.033876 -0.00194571 -0.000460634 -0.00394255 0.0322298 -0.0255214 0.000649903 -0.000869707 -0.0235995 0.0178754 0.000331085 0.208527 -0.00418615 0.00377217 -0.0418006 -0.038746 -0.110051 0.0578404 -0.0470367 -0.0523313 0.0942915 0.0293382 -0.00411368 -0.00353031 -0.0183776 -0.00174109 -0.000101536 0.0249174 0.00764823 -0.000483695 0.0025223 0.00390904 0.028728 0.010253 -0.00438502 -0.0391152 0.00682124 -0.000510722 0.0103881 -0.00394513 -0.0016964 -0.0737119 -0.00061188 -0.0206011 -0.0708056 -0.00248079 -0.00226435 7.67139e-05 0.0417583 -0.00275128 0.0010334 0.0252005 0.0120619 0.00232331 0.000209381 -0.00227959 -0.0109186 0.0375821 -0.000260113 -0.00193274 0.0420436 -0.000971841 0.00622679 -0.00153578 0.0115675 0.0666659 0.0285157 -0.00348326 -0.0790428 0.000613746 0.00743625 0.0134975 0.0108612 -0.0639067 0.000493046 -0.0442967 -0.0260685 0.00103356 -0.00407338 -0.00128664 -0.0436514 -0.00147693 0.000129944 0.000329725 0.00429497 -0.00172596 0.000923239 0.00758724 0.00303987 0.0403193 0.0163693 -0.0270327 -0.0348211 0.00171038 0.00226361 0.0182369 0.000140256 
-0.0178609 -0.0031626 0.000607189 -0.00495092 -0.000409539 -0.000567199 0.00483185 -0.00546135 0.00566886 0.00095728 0.00397418 0.0279639 0.000141541 -0.00205477 -0.00418615 0.0989735 -0.0267087 0.0061151 -0.00645085 0.00295377 -0.032426 0.0293261 0.0339232 -0.0205685 -0.0309057 -0.0023373 -0.00581899 -0.00335748 -0.000755177 0.000536592 -0.0222382 -0.000253116 0.000886887 0.00384278 -0.00128676 -0.0170237 -0.00571891 -0.0022291 0.00439274 -0.00262947 0.0104298 0.0073992 -0.00044557 -4.1436e-06 0.0123803 0.000541125 -0.00276107 0.0409263 -0.00143868 8.64919e-05 -0.000538948 -0.0266766 -0.00655742 0.00594196 -0.0306084 -0.00269722 1.99722e-05 -0.000158762 -0.0351166 -0.00656546 -0.00561148 -0.000199677 0.00542996 -0.0119713 0.00100811 -0.000758162 -0.000404071 -0.0027919 -0.0160001 -0.0235291 0.00775919 0.0177547 0.00148529 -0.0010093 -0.00638586 -0.00519493 0.0207206 0.000174925 0.0381605 -0.00520963 7.82868e-05 -0.0208186 -0.00136068 0.0387555 0.00355298 -0.000196121 -0.00011185 -0.00161273 0.00120941 0.000985831 0.00509537 0.000285795 -0.0167543 -0.00282768 0.0010567 0.0166847 -0.00749093 0.000679712 -0.000457161 -7.21658e-05 
0.0627178 0.00356424 -0.00334199 -0.00214246 -0.00438157 -0.00298126 -0.0195578 0.0408131 -0.0388525 -0.00245889 -0.0227939 -0.0369926 -0.0143628 -0.00262822 0.00377217 -0.0267087 0.249074 0.0739585 -0.0187563 -0.010025 0.0823078 -0.114663 -0.103528 0.00392997 0.0973231 -0.00114196 -0.0133055 0.0126529 0.00279281 0.00404686 0.130646 -0.00815524 -0.00196635 -0.0101431 0.000168265 0.0173984 -0.0313855 0.000448099 -0.0547038 0.0107582 -0.0106472 -0.0415808 -0.0045935 -0.000145967 0.0362435 -5.21713e-05 -0.0234524 -0.0339189 -0.00454681 0.000114616 -0.000428026 0.0807671 0.0243803 -0.00896888 0.032865 -0.00453824 -0.0037064 0.00169652 0.114659 0.0158475 0.0277253 0.001073 0.00161902 -0.00618651 -0.00234406 -0.0066324 0.000775339 -0.0127581 -0.0303413 0.0402345 -0.00640216 -0.0596929 -0.00733414 -0.00807234 -0.0132681 -0.0067102 -0.0900729 -0.00121566 -0.094962 -0.0291281 -8.98276e-05 -0.0109985 -0.00126469 -0.0748525 -0.00658845 0.000254022 -0.000488326 0.00799436 -0.00115753 -0.0035731 -0.00732498 0.000113553 0.0215425 -0.00694132 0.00153459 -0.0523583 0.0300422 0.00128766 -0.0137497 -0.00107917 
0.024975 -0.00333576 -0.00221677 -0.0161752 -0.00225777 -0.00325581 -0.00144342 0.0165944 -0.0169359 -0.00199525 0.00546012 -0.0509819 -0.0252004 0.0009949 -0.0418006 0.0061151 0.0739585 0.218041 0.0217929 7.55244e-05 0.00259036 -0.0444672 -0.0471877 -0.0205177 0.0552617 -0.00430799 -0.0220359 0.00877537 0.00454018 0.00542366 0.0513355 -0.00369373 0.000650144 -0.00723217 -0.00258864 -0.000543475 -0.0300199 0.00061905 -0.0223503 0.00310603 -0.00650885 -0.024459 -0.00479874 0.00393043 0.0563951 -0.000585841 -0.00505617 0.0336366 0.00208855 -0.000118923 0.0016595 0.0238614 0.0301864 -0.00443212 -0.0369029 -0.00200422 -0.00460162 -1.42886e-06 0.0407017 0.000388286 -0.0106323 0.000682245 0.00562596 -0.0213147 -0.000975805 0.00299644 -0.000165663 -0.00903834 -0.0448718 -0.0163902 -0.00136075 -0.00806323 -0.00621079 -0.00620735 -0.0108774 0.0160375 -0.0252486 -0.000379903 -0.0109814 -0.0276661 0.00107004 -0.0545945 -0.00177811 0.00942497 -0.00486998 -8.74987e-05 -0.000179708 0.00542784 0.005678 -0.00229996 0.0063692 0.00204994 -0.0257276 -0.0108085 0.0275351 -0.0212885 0.0148502 -0.00208075 -0.00602588 -0.000766033 
-0.0108447 0.00158615 -0.0023864 -0.0190481 0.0007958 0.0011402 0.00637566 -0.0320962 0.0196573 -0.000597063 -0.000580997 0.0172312 -0.0153117 -0.00344873 -0.038746 -0.00645085 -0.0187563 0.0217929 0.196612 0.044414 -0.0622568 0.0559204 0.0412317 -0.059014 -0.0292911 -0.00616523 -0.00106778 0.0139677 -3.983e-06 -0.000387731 -0.0304076 -0.00511884 0.000326409 0.00176966 -0.0036792 -0.0375733 -0.0130258 -0.00750791 0.0375684 -0.0105578 -0.00386771 0.0120542 0.00323439 -0.00135077 0.0466264 -0.00137523 0.0416974 0.0538334 -0.00283478 -0.00261515 0.00122656 -0.0252506 -0.00192683 -0.00254445 -0.0597798 -0.00592003 -0.00628065 -0.00106579 -0.0364854 -0.00871567 -0.0168037 0.000924757 -0.00492139 -0.0313019 0.000885487 -0.00120163 -0.00159525 -0.00759247 -0.0458092 -0.0450632 -0.00198646 0.0674419 -0.00434467 -0.00313873 -0.0132564 -0.00886173 0.0344982 -0.000499885 0.0498224 0.0152375 0.00098627 -0.031698 -0.00282063 0.0325198 -0.00031267 -0.00021643 -0.000272178 0.00281438 -0.00558294 0.000452752 -0.00601102 -0.00165015 -0.0323858 -0.0144572 0.0293779 0.0143586 -0.00323483 -0.000521924 -0.00793876 -0.000565632 
0.0128843 0.00417202 -0.00227815 -0.0206475 -0.00336615 0.0019661 0.00444918 -0.0498016 0.0317725 -0.00423736 -0.00190245 0.0458689 0.0208628 -0.00542206 -0.110051 0.00295377 -0.010025 7.55244e-05 0.044414 0.241472 -0.0583654 0.0442646 0.0655879 -0.0863235 -0.0479064 0.00332302 -0.0055998 -0.00283718 -0.00121261 -0.00646983 -0.0103315 -0.00461601 0.000171928 0.00454609 -0.00744256 -0.0386294 -0.0264956 -0.000187031 0.0399296 -0.0134365 0.00692621 0.00398766 0.00452273 -0.00294303 0.0743431 -0.00177732 0.0272759 0.0904089 0.00280701 0.00122099 0.000618893 -0.0336572 0.000680613 -0.00395433 -0.046405 -0.0059721 -0.0119227 -8.63313e-05 -0.0176919 0.0157827 -0.0382247 -0.00144409 0.00254376 -0.0675303 -0.000424159 -0.00782607 0.00135336 -0.0235296 -0.0659422 -0.069322 -0.00520028 0.105269 0.00241775 -0.00691062 -0.0160702 -0.00715113 0.0451498 -0.000824522 0.0442226 0.0350677 -0.00108718 -0.0149621 -0.00696697 0.0433952 -0.00489031 -0.000614549 -0.000476633 -0.0114327 -0.00486835 -0.000760097 -0.0205746 -0.00156448 -0.0662691 -0.0195235 0.0164275 0.0289368 -0.00588589 0.000423471 -0.0101239 -0.000101949 
0.0656295 -0.0038301 0.00252691 0.0202061 -0.00362014 -0.00883125 -0.0185141 0.0714318 -0.0557358 -0.00154113 -0.021328 -0.115525 0.0429009 -0.00302342 0.0578404 -0.032426 0.0823078 0.00259036 -0.0622568 -0.0583654 0.239941 -0.131149 -0.133485 0.0794773 0.0938499 0.000888925 0.00736555 -0.00747879 0.00080184 -0.000750731 0.0712266 0.00492466 -0.00174387 -0.0111148 0.000884485 0.0515248 0.00574478 0.00662609 -0.0704004 0.00992151 -0.00832283 -0.00935914 -0.000474751 -0.000241473 -0.0189526 0.0017557 -0.0298768 -0.113666 -0.0102086 0.00406336 0.00205347 0.11328 -0.0209011 -0.0116379 0.0862178 0.0140619 0.00119931 -0.000237201 0.101962 0.00415974 0.0283493 0.000394855 -0.000207398 0.0393744 -0.0025249 -0.00315574 -0.00206947 0.00170609 0.0622652 0.0471093 -0.0106875 -0.121738 -0.00393538 -0.00183121 0.0259735 -0.00847205 -0.100802 -0.000889986 -0.149348 -0.0358752 0.000445776 0.0742813 0.00237137 -0.0979501 -0.00704196 2.63629e-05 -7.48191e-05 0.00417807 0.00324098 -0.00137938 0.00172647 0.00149291 0.0507288 0.021272 -0.0247379 -0.07838 -0.000448872 -0.0033114 0.00648827 0.00107025 
-0.0785947 -0.00569642 -0.00291777 -0.0276227 0.00362071 0.00550685 0.0183341 -0.0564932 0.0426812 0.00225774 0.00617692 0.107707 -0.0226367 -0.00209809 -0.0470367 0.0293261 -0.114663 -0.0444672 0.0559204 0.0442646 -0.131149 0.217445 0.144239 -0.05009 -0.105333 -0.0033668 -0.00453451 0.0262325 -0.00220044 -0.00377887 -0.118066 -0.00669781 -0.00117705 0.00779349 -0.00400575 -0.065526 0.0036782 -0.00860362 0.0811665 -0.0120544 0.000222364 0.0059209 -0.00100622 -0.00251074 0.0103674 -0.00149739 0.0307701 0.0826417 0.00203529 -0.00359624 -0.00294101 -0.0880399 -0.0199723 0.0118628 -0.0642414 -0.0112869 -0.0010881 -0.00154624 -0.103468 -0.0175318 -0.0257708 -0.00209743 -0.00789016 -0.0358699 0.00299785 -0.00179874 -0.000628411 -0.00527483 -0.0390922 -0.0363771 0.00842081 0.0999033 0.00411561 -0.00135419 -0.00519261 -0.0146638 0.129447 -0.000294326 0.140661 0.0427455 -0.000737731 -0.0407305 -0.0058186 0.0890509 0.0081898 -0.000453945 -0.000280955 -0.00239421 -0.00782901 0.000227314 -0.00880376 -0.00463082 -0.0333801 -0.01505 0.0140587 0.0866518 -0.022818 0.000282679 -0.00900568 -0.0011483 
-0.0737151 -0.00178728 -0.00228956 -0.0221597 0.00324813 0.00666393 0.0187711 -0.0511743 0.0535659 -0.00124534 0.0129608 0.113925 -0.0250657 -0.00228463 -0.0523313 0.0339232 -0.103528 -0.0471877 0.0412317 0.0655879 -0.133485 0.144239 0.187903 -0.057333 -0.11623 -0.00215604 -0.00563686 0.0120411 -0.00204323 -0.00320286 -0.0960633 -0.00523564 -0.000293607 0.00703057 -0.00405446 -0.0563615 -0.00330468 -0.00890088 0.0768396 -0.0120716 0.00430667 0.01908 0.000437961 -0.00185134 0.00103211 -0.00100282 0.0318742 0.0895293 0.00610609 -0.00294391 -0.00235743 -0.101693 -0.0170332 0.0119307 -0.0715608 -0.00932875 -0.000316869 -0.00114936 -0.109422 -0.0119731 -0.0284916 -0.00204701 -0.00331321 -0.0367696 0.00258831 -0.00255169 -0.00013484 -0.00746781 -0.0423135 -0.0516447 0.0101629 0.112849 0.00523331 -0.000923012 -0.0173089 -0.00888044 0.12209 -0.000262131 0.139113 0.0505095 -0.000971911 -0.04582 -0.00501878 0.0986172 0.00769937 -0.000425937 -0.000172353 -0.007735 -0.00572799 0.000230585 -0.00905012 -0.00169724 -0.0440932 -0.0160421 0.00624408 0.0856627 -0.016223 0.000623934 -0.0080891 -0.000902525 
-0.025963 0.00682513 0.00559943 0.0120671 -0.00205836 -0.00230435 -0.00339011 0.0650688 -0.015427 -0.00059708 0.00364391 -0.0485165 0.0209795 0.00337015 0.0942915 -0.0205685 0.00392997 -0.0205177 -0.059014 -0.0863235 0.0794773 -0.05009 -0.057333 0.220565 0.0213358 0.00703065 -0.00155411 -0.0243472 0.0015454 -0.00417476 0.0453539 0.0116294 -0.000576693 0.00202644 0.0012869 0.0155208 0.00222677 -0.00430647 -0.0361579 0.0136976 -0.00248342 0.00636442 -0.00322552 -0.000743814 -0.0860948 0.00194185 -0.0263447 -0.103714 -0.000699103 0.0040265 0.00173845 0.0351136 -0.0235908 -0.00195558 0.00276548 0.0199849 0.0115608 0.00153016 0.00358627 0.00181335 0.0382313 0.000142384 -0.00735129 0.0613054 -0.00110696 0.00463477 -0.000553926 0.00722034 0.0586579 0.0294318 -0.00305092 -0.0838573 0.00584624 0.00363839 0.0157077 0.00561273 -0.0707298 0.000352571 -0.0577659 -0.0172023 0.000595733 0.00155788 -0.00265003 -0.0546452 -5.76209e-05 7.50144e-05 0.000404292 0.00703373 0.000750397 0.00360578 -0.00680589 -0.000643828 0.0436093 0.0292053 -0.0281456 -0.031707 0.00739867 0.00459396 0.0209833 -0.000146625 
0.0587783 -0.0165505 -0.00263532 0.00396686 -0.00368646 -0.00757824 -0.0198976 0.0281288 -0.054635 0.000496122 -0.00900775 -0.0774072 0.0092984 -0.00467132 0.0293382 -0.0309057 0.0973231 0.0552617 -0.0292911 -0.0479064 0.0938499 -0.105333 -0.11623 0.0213358 0.219197 -0.00940142 -0.00494633 0.0200563 0.00110748 0.00252699 0.0693796 0.0025654 -0.000174181 -0.016386 0.00238654 0.0371302 0.000261938 0.00439441 -0.0623366 0.00353481 -0.0149605 -0.0309137 -0.00488895 0.000466104 0.0387222 -0.00163954 -0.0401878 -0.049522 -0.00276086 -0.003575 0.000857349 0.106902 0.0265876 -0.00957288 0.0615332 0.00773996 -0.0131746 -0.000774394 0.119247 -0.00670996 0.00550379 0.000782422 -0.000335454 0.00236593 -0.00248705 0.00248936 -0.00340718 -0.0044214 0.028192 0.0449592 -0.00688103 -0.0803114 -0.00782414 -0.00649292 0.0117933 0.00342233 -0.0699588 -0.000740949 -0.0930994 -0.0523428 -0.000757156 0.0255108 0.00328612 -0.0786533 -0.00933212 0.000338071 -0.000525981 0.0110227 0.00323959 -0.00579129 -0.000832287 0.000998712 0.0191764 -0.00478978 -0.000515336 -0.0549777 -0.001556 -0.0024037 0.00053445 0.000109277 
-0.00619313 0.011616 0.00135596 -0.00172679 0.000790665 -0.000219138 -8.61858e-05 0.00380352 0.00158873 -0.000186596 -0.00107992 -0.00587412 -0.00331597 0.00233058 -0.00411368 -0.0023373 -0.00114196 -0.00430799 -0.00616523 0.00332302 0.000888925 -0.0033668 -0.00215604 0.00703065 -0.00940142 0.0279356 0.0077608 -0.0105489 0.000825841 -0.000217893 -0.0020447 0.00140799 -0.00010117 -0.00061403 0.000644958 -0.000297314 -0.000984844 0.00452904 -0.00225587 0.00251218 0.00255764 0.000619819 -0.00025568 -0.000128991 -0.0111686 9.83818e-05 -0.00292182 -0.0084514 0.000381917 0.00367956 0.000911197 -0.00508206 -0.00321824 -0.000359399 -0.00860541 0.000536472 -0.000448197 0.000353755 -0.00819442 0.0117367 0.00723852 9.03649e-05 -0.00124542 0.000577686 -0.00011273 -0.000105856 0.00366748 -0.000249444 -0.00194469 0.000514653 -0.000407066 -5.23706e-05 0.0043932 -0.000255744 -0.000746179 -0.00230319 -0.00460595 0.000110298 -0.00628458 0.00799062 -1.79871e-05 0.00200487 -0.000538099 -0.0042293 0.000559226 1.16623e-05 2.47457e-05 -6.01124e-05 -3.27836e-05 -0.000272335 -0.00108241 -0.000306009 0.0028103 0.00567527 -0.00187889 -0.00276851 0.00907715 0.00144644 0.00169783 -3.93642e-05 
0.0045543 0.00886753 -0.000148719 0.000290386 0.00108865 -8.40022e-05 -0.00310292 -0.0130186 -0.0096346 -0.000329546 -0.0012626 -0.0107836 -0.0125949 0.00404638 -0.00353031 -0.00581899 -0.0133055 -0.0220359 -0.00106778 -0.0055998 0.00736555 -0.00453451 -0.00563686 -0.00155411 -0.00494633 0.0077608 0.0833762 -0.00293476 -0.000184661 -0.00101793 -0.00595803 -0.000912753 -0.000501675 -0.00216621 0.000838964 0.00193288 0.012813 0.00344099 -0.0108011 -0.00246211 0.00145519 0.00566913 0.00338497 -0.000731386 -0.0171177 0.000752389 0.00477197 -0.015496 -9.75334e-05 0.00209437 -0.000522022 0.00181702 -0.00692613 -0.00151451 0.00382093 -0.00131734 0.00570689 0.000287806 -0.0105596 0.0113603 0.0163647 -7.54285e-05 -0.00330454 0.00388106 -0.000151023 -0.000732933 -5.63964e-05 0.00242377 0.0054698 0.011429 -0.000570856 0.000606999 -0.000745283 -0.00125376 0.00168427 -0.0064242 -0.00962474 2.82853e-05 -0.017502 0.00281094 -0.000445537 0.0247867 -0.000727191 -0.0113819 0.00383945 0.000115187 -2.70297e-05 0.000274865 -0.0027304 -0.000232047 -0.00256399 0.000442362 0.017325 -0.00102344 -0.00728197 -0.0103756 0.00723906 0.000353496 0.000774867 9.49952e-05 
0.0406344 -0.0117487 -0.00616135 -0.0085996 0.000689036 -0.00368418 -0.00564593 -0.027402 -0.00455188 -0.0006871 -0.00981029 0.00518037 -0.0200694 -0.00497882 -0.0183776 -0.00335748 0.0126529 0.00877537 0.0139677 -0.00283718 -0.00747879 0.0262325 0.0120411 -0.0243472 0.0200563 -0.0105489 -0.00293476 0.118827 -0.00212204 -0.00487381 0.00465082 -0.0137459 -0.000913153 -0.00462059 -0.00172704 -0.00652928 -0.00117928 -0.0109575 0.0104162 -0.00627026 -0.00884394 -0.0179918 -0.00512045 -0.00462936 0.0219454 -0.000235894 -0.0142712 0.0259263 -0.00473814 -0.00532855 -0.0059015 0.00674467 0.00596118 0.000435071 0.020521 -0.00736393 0.0014355 -0.00201503 0.0275965 -0.0213595 -0.00700001 0.000182249 -0.0106827 -0.00285028 0.00057675 -0.00646959 -0.00287001 -0.00225716 -0.00484184 0.0153994 0.00144963 0.0104418 -0.0123634 -0.00513688 -0.00662327 -0.00131458 0.0296795 -0.000846197 0.020808 -0.0042636 -0.00107452 -0.00633642 0.000779513 -0.00116166 0.000875103 -2.2349e-05 -0.000612545 -0.00414045 -0.0131981 -0.0062753 -0.0120124 -0.00386228 0.00279905 -0.0189002 0.00979324 0.0148989 -0.0143276 -0.00326885 -0.0135253 -0.00217582 
-0.00118712 0.000752032 -2.72609e-05 -0.000399109 3.04345e-05 -6.70688e-05 -0.000226146 -3.35231e-05 -0.000850257 -9.03217e-05 -0.000528461 -0.00206862 -0.00154492 0.000191304 -0.00174109 -0.000755177 0.00279281 0.00454018 -3.983e-06 -0.00121261 0.00080184 -0.00220044 -0.00204323 0.0015454 0.00110748 0.000825841 -0.000184661 -0.00212204 0.00915484 2.4396e-05 0.00256604 -7.69995e-05 2.61897e-05 -0.000193569 1.34691e-05 0.00120355 -0.000774692 0.000513622 -0.000961657 0.000697184 -0.000293284 -0.000481826 8.36883e-05 7.00035e-05 0.000523122 -3.93597e-06 -0.000293946 -0.00177778 6.55128e-05 0.000150255 0.000174586 0.0019769 -0.000591266 -0.000185443 -0.0014031 -7.30071e-05 1.87726e-05 -1.5893e-05 0.000454563 0.00214534 0.000713015 0.000556699 3.17589e-05 -0.00100282 -4.20763e-05 5.32677e-05 0.00039576 -0.000240476 -0.00186126 0.00111036 -3.44012e-05 -0.00166549 7.82146e-05 -0.00014808 -0.000330714 -0.000416007 -0.00189403 1.75874e-05 -0.00111998 -0.000427689 0.000329277 -0.00152406 -9.92859e-05 -0.0017646 -0.000158778 -8.48786e-06 1.69041e-07 0.00126177 6.19738e-05 5.38086e-05 4.56251e-05 -1.33107e-05 -0.000198885 0.000389106 0.000679348 -0.00125272 0.000575275 1.62357e-05 -0.000257464 5.44547e-05 
-0.00282278 0.000163088 -0.000146934 0.00107549 -8.68735e-05 0.000177613 -0.0001338 0.00397796 -0.000519282 5.42306e-05 -0.000320498 -0.00201649 -0.00271609 0.00104874 -0.000101536 0.000536592 0.00404686 0.00542366 -0.000387731 -0.00646983 -0.000750731 -0.00377887 -0.00320286 -0.00417476 0.00252699 -0.000217893 -0.00101793 -0.00487381 2.4396e-05 0.0172923 -8.79397e-05 -1.45172e-05 0.000204219 -0.000162471 0.000614813 9.99192e-05 -0.000638145 0.00360075 -0.00223054 0.00237611 -0.000469638 -0.0019199 -0.000194582 0.00390971 -0.00292926 -5.11424e-05 -0.000119494 -0.00132493 8.19073e-05 5.10635e-05 0.000871764 -0.00438555 -5.88723e-05 3.41793e-05 -0.00243048 -0.000489618 0.00012773 9.99405e-06 -0.000202336 -0.000266475 0.000692448 -0.000103967 0.00248029 -0.00158191 -4.75851e-05 0.00154702 0.000605094 0.000173388 -0.00261726 -0.00357566 0.00138583 -0.00219898 -0.000439267 -0.00019041 -0.000884723 0.000271805 -0.00200246 5.35972e-05 -0.00234306 -0.001356 -8.26579e-05 -0.00405143 -0.000314471 0.00445435 -0.000258838 6.94301e-05 0.000150896 0.000370732 0.0060075 0.000265379 0.00579231 0.000130123 -0.00236641 0.000177949 -0.00048896 -0.00189358 0.00560729 8.73892e-06 -4.92282e-06 -5.708e-05 
0.0885367 0.00418384 -0.00247212 0.0216796 -0.00347719 -0.00227586 -0.0187274 0.0207326 -0.0351994 -0.00408316 -0.00717205 -0.0668229 -0.00847221 -0.00320248 0.0249174 -0.0222382 0.130646 0.0513355 -0.0304076 -0.0103315 0.0712266 -0.118066 -0.0960633 0.0453539 0.0693796 -0.0020447 -0.00595803 0.00465082 0.00256604 -8.79397e-05 0.239281 -0.00425092 -0.00106039 -0.00536381 6.77389e-05 0.040226 -0.0218228 -0.00748742 -0.0499653 0.0126994 0.000410724 -0.0401897 -0.00519537 -0.000346805 -0.0140351 0.000355021 -0.0357542 -0.0492837 -0.00373764 -0.000530987 0.00124569 0.0433001 0.0254682 -0.00805518 0.0455223 0.00143085 0.0049988 0.00210809 0.0804935 0.00944179 0.0326108 0.00240427 -0.00489982 0.0306207 -0.00182074 -0.00428146 -0.000331025 -0.00356076 -0.0109582 0.0335739 -0.00724632 -0.0617788 -0.00996878 -0.00322472 -0.00928339 0.016238 -0.101891 -0.000198734 -0.102509 -0.0294946 0.000586741 -0.0244209 -0.000141858 -0.0661485 -0.00598003 -0.000121966 1.31312e-05 -0.00488737 -0.00233725 -0.000823836 -0.0155831 -0.00127568 0.0346964 -0.00155135 -0.00879828 -0.0547948 0.0358919 0.0021434 -0.00745404 -0.00108998 
-0.00519682 0.000763886 0.0028339 0.00334683 -0.000312274 -0.000132988 -0.000721847 0.00941528 -0.000866723 0.000143812 0.00173515 -0.0072454 0.00641199 0.00176402 0.00764823 -0.000253116 -0.00815524 -0.00369373 -0.00511884 -0.00461601 0.00492466 -0.00669781 -0.00523564 0.0116294 0.0025654 0.00140799 -0.000912753 -0.0137459 -7.69995e-05 -1.45172e-05 -0.00425092 0.0220941 6.37255e-05 -0.000156648 0.000172151 0.00605926 0.00473372 0.000260759 -0.00282741 0.00118124 0.000487443 -0.000644257 -9.32783e-05 0.000483118 -0.0096776 -3.12647e-06 -0.00193954 -0.00757298 0.000481415 0.000298163 0.000530243 -0.000319687 -0.00167919 -0.00034234 -0.00335654 0.0043391 -0.000844596 2.37975e-05 -0.00505767 0.000102792 -0.000900827 -4.76513e-05 0.000268214 0.00200965 -9.51223e-05 0.00181966 1.62572e-05 0.00138994 0.0066174 -0.00327469 -4.36092e-05 -0.00634812 0.00586299 0.00171065 9.7313e-05 -0.000405311 -0.00612042 0.000202687 -0.00820213 -0.000150869 -2.14415e-05 -6.31765e-05 0.000112722 -0.00305917 -0.000365447 7.84242e-05 3.76669e-05 0.00019144 0.0032006 0.000364389 0.000105614 0.000788462 -0.00159143 0.00689112 -0.00202343 -0.00322774 0.000441662 8.02566e-06 0.00939723 0.000189323 
-0.000268329 7.52405e-05 8.48458e-05 8.36256e-06 6.71922e-06 0.000152904 -0.000110945 -0.00053915 0.00171486 -8.47113e-05 0.000651932 -0.00056171 -0.00129827 -8.03836e-07 -0.000483695 0.000886887 -0.00196635 0.000650144 0.000326409 0.000171928 -0.00174387 -0.00117705 -0.000293607 -0.000576693 -0.000174181 -0.00010117 -0.000501675 -0.000913153 2.61897e-05 0.000204219 -0.00106039 6.37255e-05 0.0094644 0.000788404 -1.52342e-05 -0.000260696 -0.0004403 1.09221e-05 -0.000635948 0.000238543 0.000151504 -0.000450842 -7.72421e-05 0.000346227 -0.000244895 -5.70518e-05 -0.000917474 0.00263413 0.000189613 5.73864e-05 0.000117079 -0.00136355 -0.000439989 0.000377838 -0.00130553 -2.25071e-05 0.000458295 -4.37412e-06 -0.00193427 -0.00027671 -0.000317711 0.000190141 0.000184096 -0.000733451 3.08899e-05 0.00051655 -7.56253e-05 -0.000185182 -0.0013843 -0.0017135 0.000587302 -0.000217216 -0.000136423 0.000153981 -0.000690586 0.00130585 0.00050991 7.26901e-05 0.00202377 -1.84027e-05 -2.4119e-06 -0.000899352 -6.6679e-05 0.00208569 4.4664e-05 -1.19881e-05 4.554e-05 1.24803e-05 0.000453505 0.00033361 0.000915209 0.000112899 -0.00142946 -0.000473685 -0.000101306 4.46462e-05 -0.000672821 -5.9138e-05 2.0183e-05 -1.07266e-05 
-0.00332442 0.000513442 0.000663105 0.00445402 0.000452296 -0.000561109 0.0022152 -0.00475126 0.00573845 0.000272929 0.00416723 0.00884726 0.00874881 0.000738502 0.0025223 0.00384278 -0.0101431 -0.00723217 0.00176966 0.00454609 -0.0111148 0.00779349 0.00703057 0.00202644 -0.016386 -0.00061403 -0.00216621 -0.00462059 -0.000193569 -0.000162471 -0.00536381 -0.000156648 0.000788404 0.0374674 -0.000192412 -0.00741329 -0.00120464 -0.00116333 -0.00360161 0.000573742 0.00210949 0.00200122 1.88943e-06 0.000198638 -0.00611259 -5.33828e-05 0.0001812 0.00249668 0.000147786 0.00031298 -0.000162726 -0.0125249 -0.00313606 -3.25841e-05 -0.00647516 -0.00126881 0.000920347 0.000595698 -0.0130615 -4.68086e-05 -0.00136386 0.000220401 -0.000315368 0.00171895 0.000236031 0.000556558 5.12379e-05 0.000639419 -0.0013588 -0.00801768 4.18593e-05 0.00352009 -0.000180461 0.00344113 -0.00145638 0.00967764 0.000114282 0.000275162 0.00751671 0.00161945 0.000125525 -0.00905369 -0.000634561 0.0103125 0.00048089 -6.75208e-05 0.00022869 -0.000929554 0.0012836 0.00149317 0.000626178 -0.000434392 -0.00628419 0.000568205 -0.00271679 -0.00188531 -0.00253436 -3.65764e-05 0.00171618 -9.24359e-05 
