0.175812 0.00345848 -0.0119847 -0.00809867 -0.0366438 -9.41302e-05 0.000808375 0.00523243 -0.0545384 0.00868561 -0.0624565 0.0445247 -0.0557408 -0.0843792 -0.000255597 -0.0052774 0.0882469 0.00879755 -0.0916672 -0.0283731 -0.0322648 0.00213117 0.0388675 -0.0585809 -0.0147887 -0.0139101 0.00130087 0.0236442 -0.00232167 0.022886 -0.0100645 0.0284116 -0.0583785 0.00720801 0.0124054 0.00785981 -0.000529641 -0.0240325 -0.00220607 0.0169571 0.051757 -0.0609249 -0.00298598 0.0107286 -0.00113263 -0.00524341 0.0218313 -0.0344514 -0.00885561 -0.017948 0.00507571 -0.00261543 -0.0665501 -0.00435413 -0.00103938 -0.00230488 0.0476274 -0.000612136 0.0620894 0.0350667 -0.000950147 0.00697749 0.0522805 -0.000235796 -0.00477511 0.0779931 0.0571186 0.0058061 -0.00483626 -0.00763532 -0.0352733 -0.0155384 -0.00399142 -0.00316011 0.00783003 -0.0177058 -0.0212851 0.0364158 -0.0127015 -0.0131663 -0.0167937 -0.00347113 -0.00452528 -0.0174758 -0.00343071 -0.00147683 0.0268522 0.0260024 0.00573622 0.0321026 0.00362568 -0.000724446 0.00410707 -0.00495088 -0.00702514 -0.00129998 -0.000429997 0.00714185 -0.00505351 -0.00788689 
0.00345848 0.0528869 -0.00166341 -0.000769907 -0.011703 -9.17678e-05 0.00163179 -0.0010869 -0.0220832 0.00266669 -0.0121946 -0.0120219 -0.0199656 0.00192338 -2.63267e-05 -0.00517125 0.00994931 -0.00151116 -0.00424661 -0.016641 0.000680662 -0.00314058 -0.00254903 -0.00951742 0.00853563 0.00352471 0.0100911 0.0192266 0.00204812 0.000259969 0.0132437 0.0168415 -0.00933135 -0.003221 0.00102573 -0.000860809 -0.00045972 -0.00506545 -0.000513185 -0.00558514 -0.00405468 -0.0171585 -0.000742678 0.00491976 -0.000407342 -0.000842734 -0.00253315 -0.00489117 -0.00489726 0.00501432 0.00821678 -0.00435113 -0.0162915 0.00309556 0.000937496 -0.000274734 -0.00382204 -0.000199613 0.0100619 -0.000292056 -0.00467709 -0.0012279 -0.0072808 0.000514815 -0.000351829 -0.00753288 -0.00430371 -0.0016173 -0.000952422 0.00589049 -0.0103643 -0.00159935 0.0182582 -3.73664e-05 0.00311127 0.0214248 0.000920301 0.0163 2.62704e-05 0.00361617 0.0020875 -0.000555345 -0.00465798 -0.00274954 0.000745953 -0.000298272 0.0070873 -0.00335489 -0.000834769 -0.00134819 -0.00369518 -8.50108e-05 0.00596589 -0.000919285 -0.00141187 -0.00047437 1.9883e-05 -0.000465002 -0.000139888 0.00490445 
-0.0119847 -0.00166341 0.0626646 0.011375 -0.0059338 -0.000113115 -0.000800916 -0.00261029 0.0043259 0.00221907 0.00254281 -0.00644441 -0.00968732 -0.00291021 -4.78012e-05 -0.00633042 -0.0115713 -0.00722202 -0.00294319 -0.0125513 0.00952786 0.00427769 0.00245925 0.00975054 0.00763001 0.00883358 -0.000917212 -0.0166692 0.000610106 8.2907e-05 -0.00247099 -0.0156971 0.00527343 -0.00472278 -0.00162273 0.00098133 0.00210891 0.00687395 0.000853769 -0.000854543 -0.00393144 0.0176715 -0.00136404 -0.00752899 0.000222845 -0.000546819 0.000445776 -0.000165063 0.0148611 0.00249987 -0.0102185 0.00309091 0.00758584 -0.00147451 -0.00034538 -0.000785 -0.00519633 -0.000204569 -0.00030601 -0.00166978 0.00329524 -0.00186164 -0.00270698 0.000152503 -0.000480333 -0.0101348 -0.0113465 0.00120426 0.00461113 -0.00289785 0.00840143 -0.00291094 -0.00668606 0.00116531 -0.000636815 -0.00576684 -0.00480714 -0.0133633 -0.0066569 -0.0018909 0.00202654 -0.000899245 -0.00471503 0.0126858 -4.24644e-05 0.000218141 0.00315306 -0.00149816 -0.00058729 -0.00972629 -0.00098993 0.000396861 -0.00210175 0.0148844 0.000962566 0.00133348 -0.0010411 -0.00179037 0.00882334 0.00296111 
-0.00809867 -0.000769907 0.011375 0.0460786 -0.0109771 -8.07007e-05 -0.000650602 -0.00153176 -0.0163132 0.0103313 -0.0124113 0.00620007 -0.014532 -0.0177304 -0.000113172 -0.0068467 -0.00445148 -0.00524125 -0.0208769 -0.0107339 0.016994 0.00359119 -0.00661264 0.00972505 0.0156209 0.02563 -0.000454219 -0.0123098 0.00166874 -0.00228851 0.00471442 -0.0136383 -0.0123189 -0.00585308 -0.00127778 4.48247e-07 -0.000822477 -0.00460525 0.000145403 -0.00248706 -0.00262522 -0.0101019 -0.000559246 -0.00511981 0.00270226 0.000499822 -0.00123713 -0.00159553 0.0157877 -0.00575526 -0.00654262 0.000824226 -0.0133934 0.00149874 -0.000196816 -0.0006795 1.70419e-05 0.000309821 0.0251332 0.0148196 -0.00397747 0.00152647 0.00996918 0.000107365 -0.000787507 -0.00390036 -0.0087636 0.00164953 -0.000247935 -0.00190168 0.00289015 -0.00276424 -0.00431711 -0.000821867 -0.00109059 -0.00614879 0.00341697 -0.00879638 -0.00349287 -0.00482414 -0.00388923 -0.000993979 -0.00350983 0.0156323 -0.000401204 0.001478 0.0115331 -0.0018688 0.0033526 -0.00581357 0.00185226 0.000632574 0.0003124 0.0170182 -0.00170889 0.00408434 0.00164821 0.000107003 0.0190996 0.00187563 
-0.0366438 -0.011703 -0.0059338 -0.0109771 0.214008 0.000435412 -0.00453552 -0.00532517 0.0574977 -0.0164402 0.00645306 -0.0200298 0.00507327 0.0376823 -0.000151723 -0.0369173 -0.004227 0.00306146 0.0461651 0.0259597 -0.0482901 -0.00719946 -0.0199906 0.00596062 0.00175631 -0.0235759 -0.00394883 0.00335244 -0.00440329 -0.00228357 -0.0174812 0.0344644 -0.0227931 -0.0123693 0.00276405 -0.00426415 -0.00200904 0.00340948 -0.000457162 0.0310268 -0.0190676 0.0575894 0.00774688 -0.00455499 0.00175687 -0.00503291 0.00358961 0.0306589 0.00188228 -0.00934638 -0.00793139 0.0182757 0.0616172 -0.007375 0.000569158 -0.00194623 -0.0159796 -0.00147184 -0.0527691 -0.0232774 0.0378473 -0.00392093 -0.0294347 -0.00118689 0.0106913 -0.0255163 -0.0146684 0.00151751 0.000609331 0.000499036 -0.0350358 -0.00757422 0.00804347 0.000120761 -0.00689993 -0.0246109 -0.00267171 -0.0245221 0.0335235 0.0178062 -0.0250768 0.00568106 -0.0024148 -0.0194891 -0.00411871 -0.00114287 -0.0310894 0.0114275 -0.00654739 -0.00976629 0.00492441 -0.000242534 -0.0224722 -0.00714281 0.00224419 -0.00186094 0.00200895 -0.00237901 -0.00766353 -0.0115497 
-9.41302e-05 -9.17678e-05 -0.000113115 -8.07007e-05 0.000435412 0.00264877 -2.08839e-07 4.39849e-06 0.000307055 -4.3606e-05 6.9434e-05 -0.000153584 -0.000390614 -0.00024332 3.73354e-05 -0.000132442 2.25582e-05 -3.69943e-05 1.39348e-05 0.000111019 -0.000367625 1.33802e-06 0.000155425 -0.000372966 -0.000421082 6.12684e-05 -3.02383e-05 -0.000377227 0.000178411 0.000143508 4.01708e-05 0.000337529 -0.00024872 6.95834e-05 -1.51182e-05 2.19848e-05 0.000109395 0.000110531 -1.5706e-05 -0.000335678 3.73511e-05 5.52933e-05 0.000399208 -8.03579e-05 7.47873e-05 1.55927e-05 1.39788e-05 0.000428364 -0.000118974 -0.000163504 -0.00023036 -7.42645e-05 6.25988e-05 -5.12846e-05 1.12169e-05 5.15307e-05 6.81277e-05 -8.2922e-06 -0.000330809 -0.000219234 -0.000138875 -5.15469e-05 -0.000248909 4.3779e-05 2.08078e-05 5.76458e-07 -5.77446e-05 7.3441e-06 -2.18803e-05 2.71724e-05 -0.000333445 -4.01569e-05 0.000164935 -1.87211e-05 7.9205e-05 -5.34178e-05 7.8754e-05 -0.000352668 0.000203783 0.000118782 -0.000146533 0.000225851 -0.000230882 -3.3464e-05 -4.84055e-06 1.48653e-05 -3.88887e-05 -1.11154e-05 -0.000104934 -0.000273337 6.2265e-05 2.47446e-06 3.78626e-06 -5.92615e-05 -5.80603e-05 -1.65178e-05 -3.55733e-05 2.53826e-05 -6.32144e-05 5.90357e-05 
0.000808375 0.00163179 -0.000800916 -0.000650602 -0.00453552 -2.08839e-07 0.0217898 -0.000373724 -0.00623241 -0.000571305 -0.00314968 -0.00531737 0.00254128 0.00128108 0.000204534 0.00195457 0.00348523 -0.00378766 0.00427479 -0.00131384 0.0077752 -0.000468383 -0.00222756 -0.00406454 -0.00320234 -0.00161956 -0.00035362 -0.000769775 0.00248071 0.00369825 -0.00124023 0.0068834 -0.00116724 0.00207146 -0.000280449 -0.000322331 -5.20222e-05 -0.00211566 -0.000131854 0.00334894 -0.0020238 -0.00553104 0.00114339 0.00687348 1.6653e-05 0.000433631 -0.000650565 -0.00308776 -0.00107635 -0.000903829 -0.00297377 0.000172066 -0.00595186 0.000229312 -0.000133622 0.000481895 -0.00170149 -9.97616e-05 -0.00459031 -0.00470947 -0.00186808 -0.000669953 -0.00404264 -1.12496e-05 -0.000723717 -0.00349734 -0.00386982 3.91721e-05 -0.000308114 0.000723247 0.00431999 -0.00117462 0.00611957 0.000336128 0.000811377 -0.00299722 -0.00103958 0.00190635 0.00306628 0.00181904 0.000257763 -0.000178968 0.000187414 -0.00141651 -0.000121189 0.000181494 -0.0019332 -0.00135803 -0.000574806 0.00643159 -0.00163217 5.87449e-05 0.00859767 -0.000662945 -0.000897727 5.95576e-05 -0.000495871 -0.00056032 -0.00060577 0.00032709 
0.00523243 -0.0010869 -0.00261029 -0.00153176 -0.00532517 4.39849e-06 -0.000373724 0.0436675 -0.00323259 0.000555751 0.0061413 0.00669784 0.00194403 -0.0190061 2.25301e-05 0.00921433 -0.000158165 0.00669883 -0.0084301 0.00237333 -0.0116764 0.00153642 0.00988355 -0.0189388 -0.00637952 -0.00132089 -0.000808811 -0.0136673 0.00264511 -0.000438191 -0.00237257 -0.0154607 0.00307722 -0.00645101 -0.0015552 0.00155023 -0.000281993 0.00585756 -0.000299823 -0.00579377 0.00842125 -0.00291518 -0.0006612 -0.00531078 -4.7461e-05 -0.000442377 0.000478336 -0.00516917 -0.00249782 0.00760438 -0.00193002 -0.00165599 -0.00406644 0.00377035 -1.19008e-05 -0.00122765 0.0128552 0.000257609 0.00634075 0.00344882 -0.00168251 0.00110498 0.0102647 0.000728556 -0.00074166 0.0131395 0.0100856 -0.00111189 -0.000219853 -0.0012535 -0.00113432 0.00424239 -0.00733292 -0.000773345 -0.001228 -0.00771877 -0.000770862 -0.00474843 -0.00409942 -0.00333254 0.0149212 0.000710301 -0.00381534 -0.00307739 0.000320154 0.000134209 -0.00310797 0.0032684 0.000573344 -0.00443599 0.0038821 0.00024022 -0.0055379 -0.000993427 -0.00113208 -0.000157179 -0.00157527 0.00138403 -0.000948235 -0.00121426 
-0.0545384 -0.0220832 0.0043259 -0.0163132 0.0574977 0.000307055 -0.00623241 -0.00323259 0.249044 -0.0257201 0.108645 -0.0800185 0.104866 0.0636584 -0.000783637 0.0528081 -0.134732 -0.00485999 0.0978298 0.102981 -0.0526042 -0.00715545 -0.0180694 0.0294977 -0.0299501 -0.0329618 -0.00685708 -0.089677 -0.00309784 -0.0192271 -0.0191897 -0.0365388 0.0786838 0.0231968 -0.0119517 -0.00578135 0.00180278 0.0482073 0.00297338 0.0206791 -0.0360468 0.109322 -0.0048401 -0.0130729 -0.000607839 -0.0102057 -0.000231939 0.0417466 0.0166877 0.0117029 -0.0520276 0.0210036 0.133222 -0.00677763 -0.00277813 -0.00439701 -0.0300316 0.000277318 -0.100257 -0.0717382 0.0446258 -0.0103143 -0.0551048 -0.00171839 0.00838915 -0.0656554 -0.0197115 -0.00262851 0.00523961 -0.00461707 0.0344852 0.0213847 -0.0739139 0.00248581 -0.000965888 -0.0448279 -0.00243182 -0.0579157 0.00567334 -0.0185968 0.0130747 0.00758634 0.00920979 -0.00870969 -0.00323346 -0.000714237 -0.0386088 -0.03065 -0.00334612 -0.00508208 -0.0093244 -0.000247884 -0.0381009 -0.00917545 0.0188214 -0.00504448 0.000779269 -0.00186672 -0.0112275 -0.0143983 
0.00868561 0.00266669 0.00221907 0.0103313 -0.0164402 -4.3606e-05 -0.000571305 0.000555751 -0.0257201 0.0803326 -0.0164427 0.0153608 -0.0170404 -0.043601 -0.000293872 0.000280191 0.0157095 -0.0113079 -0.032376 -0.0187815 0.00758473 -0.0051483 -0.00513905 -0.0124917 0.00407402 0.0276222 0.00286101 0.00238487 0.00199007 0.0129627 -0.00207345 -0.00942944 -0.0181088 -0.0100184 0.0045027 0.00306732 0.00136268 -0.00876388 -0.000121852 -0.00647873 0.00295352 -0.0244735 -0.000657388 -0.00563178 0.00143308 0.00792512 -0.00295039 -0.0141093 0.00490172 -0.0099333 -0.00729523 -0.00541528 -0.0245806 0.000360689 2.37779e-05 -0.00247678 0.00493336 0.000584746 0.0189107 0.00566621 -0.00277373 0.00250519 -0.00377318 -0.000274407 -0.00265514 0.00405322 0.00662836 0.000874135 0.000903913 -0.00355966 0.0066842 -0.00546214 0.0117469 0.000631477 0.00139414 0.00436872 -0.00271614 0.0105468 -0.00526295 0.00231321 -0.00316712 -0.00157635 0.00757696 0.0134184 0.00172714 0.00138846 0.0310791 0.00013259 -0.0018336 0.00597562 0.000768405 0.00174547 -0.00495432 0.00754035 -0.00181608 0.00212463 0.00456121 0.00103168 0.0110831 0.00269044 
-0.0624565 -0.0121946 0.00254281 -0.0124113 0.00645306 6.9434e-05 -0.00314968 0.0061413 0.108645 -0.0164427 0.230764 -0.0817627 0.109437 0.0630911 0.0006595 0.0781276 -0.115325 -0.0193651 0.0831302 0.0640009 -0.00847207 -0.00308878 0.0039765 -0.00848351 -0.0226774 -0.0183815 -0.00494645 -0.0904678 -2.37913e-05 -0.00593769 -0.0202222 -0.0735504 0.112982 -0.0014022 -0.00893471 -0.00633351 0.00125971 0.0472124 0.00322411 -0.0328335 -0.0237 0.058381 -0.00691032 -0.0162248 -0.000697268 -0.00978104 -0.00988903 0.0387434 -0.00264552 0.0367036 -0.0592447 -0.0033298 0.112773 0.00750123 -0.0026716 -0.00101684 -0.0276008 0.00222924 -0.071873 -0.0682672 -0.0020386 -0.00707961 -0.0604605 -0.000777372 0.00355211 -0.0537302 -0.0304241 -0.00589064 0.00338387 -0.00142702 0.0595855 0.0372744 -0.0513675 1.18303e-05 0.00140379 -0.035499 0.0273601 -0.0564746 -0.00930016 -0.0178821 0.0468158 0.00296698 0.00266665 -0.00251082 0.00422411 -0.00134597 -0.0244875 -0.0193341 -0.00758194 0.00403657 0.000577604 -0.000313238 -0.0251536 -0.00686697 0.00904761 -0.0025891 -0.0085286 -0.00549516 -0.00864428 -0.00303695 
0.0445247 -0.0120219 -0.00644441 0.00620007 -0.0200298 -0.000153584 -0.00531737 0.00669784 -0.0800185 0.0153608 -0.0817627 0.217176 -0.0820624 -0.06215 -0.000713659 -0.0578941 0.0731645 0.022993 -0.0887916 -0.0525412 -0.024017 0.0088782 0.0189921 -0.0265924 0.026468 0.0232689 -0.00155548 0.0304568 -0.00411636 -0.00486711 -0.0122027 -0.0309667 -0.0594695 -0.0255362 -0.00823001 0.0082441 0.000629426 -0.0320746 -0.00210433 -0.0358613 0.0442356 -0.0237437 -0.000667901 -0.00647449 -0.000514045 0.00793401 0.00133535 -0.0128818 -0.00635191 -0.0347353 0.0454107 -0.0200032 -0.0563983 -0.00539611 0.000723551 -0.00706884 0.0465964 -0.00141733 0.0839948 0.0713555 -0.0190767 0.0116652 0.0811219 0.000462291 -0.00584243 0.0869595 0.0956812 0.00249584 -0.00224116 -0.00593151 -0.0017413 -0.0180187 0.0191584 -0.00299942 -0.00432918 -0.029057 -0.0290232 0.0147326 -0.00688711 0.0149885 -0.0205098 -0.0049153 -0.0257702 0.0173738 -0.00358828 0.000326876 0.0334597 0.024111 0.00382138 -0.0468207 0.0131361 -0.000499894 -0.00972497 0.00530292 -0.0095496 0.00449145 -0.00468431 0.00470339 0.00572222 4.52098e-06 
-0.0557408 -0.0199656 -0.00968732 -0.014532 0.00507327 -0.000390614 0.00254128 0.00194403 0.104866 -0.0170404 0.109437 -0.0820624 0.249773 0.0605254 0.000891834 0.108888 -0.127089 -0.0416671 0.10331 0.10991 0.00667542 -0.00114808 -0.0265131 0.00448383 -0.0653188 -0.0319553 -0.00770968 -0.0812853 0.00348483 -0.00621865 -0.0170852 -0.0292534 0.0932297 0.044455 -0.00906859 -0.00818955 0.000804941 0.0267033 0.00213579 0.0299879 -0.0382863 0.0589633 -0.00523407 -0.00789739 -0.00131156 -0.00154137 -0.00877749 0.0154092 -0.00695287 0.0213337 -0.0417675 0.015429 0.0808882 0.00496896 -0.00337475 0.00580617 -0.0373807 0.00124253 -0.0966036 -0.0855728 0.0172201 -0.00384913 -0.0762638 -0.00226959 -0.00405476 -0.0716133 -0.0677377 -0.00411757 -0.00299827 0.000826172 0.0603035 0.0329396 -0.0501697 -0.0045632 -0.000146259 -0.00964465 0.0172695 -0.043389 -0.015182 -0.0310359 0.033237 0.00342109 0.0157742 -0.00727452 0.00628532 0.00247559 -0.0463082 -0.0226628 -0.00551642 0.0419417 -0.0127858 -0.000425775 -0.0121808 -0.0138083 0.0109191 -0.00421964 -0.00154103 -0.00602111 -0.012589 0.00321611 
-0.0843792 0.00192338 -0.00291021 -0.0177304 0.0376823 -0.00024332 0.00128108 -0.0190061 0.0636584 -0.043601 0.0630911 -0.06215 0.0605254 0.217286 0.000340523 -0.00951056 -0.0782466 -0.0162887 0.121308 0.0284542 0.0295986 0.00117962 -0.0342112 0.0515357 -0.0030694 -0.0311383 -0.00429188 0.000679324 -0.00789413 -0.0148901 -0.00381007 0.0114906 0.0615512 -0.00171196 -0.00995534 -0.0111563 -0.000408206 0.0179307 0.00159072 0.00133141 -0.0459953 0.0566399 0.00209049 0.0242255 -0.00263102 -0.00922536 -0.018362 0.032526 -0.0176362 0.0184185 -0.000902623 -0.010322 0.0847918 -0.0033848 0.000207584 0.0031345 -0.0528858 -0.000935855 -0.0865118 -0.0587793 -0.00455205 -0.00782918 -0.0633653 0.00036689 0.00452983 -0.0766966 -0.0530071 -0.00932284 -0.000281983 0.0125312 0.0200008 0.00234652 0.00505505 -0.000168828 -0.00518722 0.0170156 0.0197541 -0.0231636 0.0110936 0.0152015 0.00243789 0.00290012 0.0153193 -0.00325134 -0.00405344 -0.00191787 -0.0499571 -0.0218743 -0.00813987 -0.00766001 -0.00517554 -0.00158761 0.0171312 -0.013947 0.00666985 -0.00446195 -0.0013387 -0.00792904 -0.0149898 0.00720792 
-0.000255597 -2.63267e-05 -4.78012e-05 -0.000113172 -0.000151723 3.73354e-05 0.000204534 2.25301e-05 -0.000783637 -0.000293872 0.0006595 -0.000713659 0.000891834 0.000340523 0.00408905 0.000510044 -0.000797225 -0.000554486 -0.000332432 0.000650129 7.96918e-05 -8.80935e-05 -0.000194655 -0.00112908 -0.000281731 -1.3958e-06 -3.04038e-06 -0.000725308 0.00017373 -0.000288437 -0.000160109 -0.000465914 -6.42e-05 -0.00011148 -9.42266e-05 6.7844e-08 0.000161532 -0.000179861 0.000173941 -0.00046401 2.11606e-05 -8.39955e-05 0.000398248 9.07219e-05 8.55457e-06 -1.76612e-05 -8.82954e-05 0.000776635 -0.000237871 0.000641679 -0.000121871 -0.000123842 0.000251187 0.000408583 -1.16608e-07 -6.56036e-06 -0.000175138 3.09249e-05 -0.000538273 -0.000640611 -0.000133006 5.22869e-05 -0.000409427 4.73879e-06 -5.36772e-05 -0.000208694 -0.000753549 -2.84219e-05 1.26159e-05 0.000307788 0.000736288 0.000664424 -0.000297717 -5.1833e-05 -6.18916e-05 0.000348026 0.000140499 -0.000126551 2.93037e-05 -6.81432e-05 0.000448844 7.62571e-06 -0.000356364 -0.000153304 0.000235527 4.73539e-05 -0.000352143 -3.36699e-05 -0.000146517 5.51392e-05 -0.000214809 2.33972e-05 -2.42932e-06 -4.77063e-05 -1.84333e-05 5.0227e-05 4.485e-05 -8.51966e-05 1.9962e-05 0.000108159 
-0.0052774 -0.00517125 -0.00633042 -0.0068467 -0.0369173 -0.000132442 0.00195457 0.00921433 0.0528081 0.000280191 0.0781276 -0.0578941 0.108888 -0.00951056 0.000510044 0.202106 -0.0755063 -0.0399365 0.0343669 0.0683512 -0.00142671 0.00410009 -0.00657894 -0.037654 -0.0615755 -0.0152646 -0.00340243 -0.0575813 0.00882844 0.0121206 -0.00789139 -0.0206204 0.0720583 0.0383736 0.000748013 -0.00477668 0.00296917 0.0287969 0.00151354 0.00083258 -0.0147083 0.00885611 -0.0037872 -0.011422 -0.000739865 -0.00417881 0.00153251 -0.014516 -0.000311507 0.0254844 -0.036336 0.00571609 0.0282891 0.00946876 -0.00213118 0.00797245 -0.0187387 0.0024149 -0.0431562 -0.0593831 -0.012104 0.00184525 -0.0496542 -0.000872833 -0.00408711 -0.0340611 -0.0246746 -0.00335466 -0.00178837 -0.00279006 0.0518087 0.028269 -0.0349127 -0.000639968 0.00560549 -0.0141465 0.0124258 -0.0247065 -0.0190521 -0.0284834 0.049156 0.00253315 0.0052162 -0.017075 0.00825403 0.00135616 -0.0225337 -0.00939149 -0.00362734 0.0472798 -0.0179347 -3.36379e-05 -0.0140733 -0.00620023 -0.000919631 -0.00223987 -0.00214174 -0.00283421 -0.00550156 -0.000893963 
0.0882469 0.00994931 -0.0115713 -0.00445148 -0.004227 2.25582e-05 0.00348523 -0.000158165 -0.134732 0.0157095 -0.115325 0.0731645 -0.127089 -0.0782466 -0.000797225 -0.0755063 0.245253 0.0085208 -0.0992931 -0.0887383 0.00900388 -0.00326778 0.0207993 -0.0298279 0.0290496 0.00178005 0.00630404 0.101957 -0.00667113 0.0191063 -0.00419871 0.0669645 -0.0929713 -0.0146027 0.0114259 0.00690542 -0.00281161 -0.045808 -0.00432455 0.0106756 0.0438768 -0.0935786 0.00768374 0.0098331 -0.00141853 0.008036 0.0111039 -0.0524313 -0.0160849 -0.0343833 0.0367563 -0.0182485 -0.0992518 -0.00907868 0.00115352 -0.00427165 0.0414741 -0.00139179 0.0799805 0.0709415 -0.0226041 0.0069471 0.0660323 -0.00101847 -0.0078011 0.0841622 0.0596902 0.0060177 -0.00637655 -0.007937 -0.0739845 -0.0291008 0.0794118 0.000393304 0.000433112 -0.00147093 -0.0353422 0.06742 0.0141936 0.0299929 -0.0397131 -0.00671781 -0.00806226 -0.010557 -0.0067687 -0.0022134 0.0268586 0.0337272 -0.000543022 0.00506802 0.00883594 -0.00112923 0.0321751 -0.00287152 -0.0184851 0.001571 0.00467458 0.00111624 -0.00195646 -0.0084729 
0.00879755 -0.00151116 -0.00722202 -0.00524125 0.00306146 -3.69943e-05 -0.00378766 0.00669883 -0.00485999 -0.0113079 -0.0193651 0.022993 -0.0416671 -0.0162887 -0.000554486 -0.0399365 0.0085208 0.173987 -0.0143253 -0.0303885 -0.0161902 -0.0178258 0.0168496 0.0246904 -0.0087219 -0.00129955 -0.000898036 0.00757912 -0.00463324 -0.017757 0.0127939 -0.0323833 -0.0157981 -0.0237456 -0.00563303 0.00377794 -0.00455048 -0.00585167 -0.00148282 -0.0246786 0.0171125 -0.0098731 -0.00397973 -0.00170489 0.000391586 0.000371901 -0.00678967 -0.0122008 -0.0108103 0.000211345 0.0279265 -0.00381367 -0.0120614 -0.000186462 0.00334116 0.000872294 0.0253191 -0.000981852 0.0146498 0.0536175 -0.00917378 -0.00727126 0.0502212 0.00123748 0.00860259 0.0375719 0.0302385 -0.00391947 4.68651e-05 -0.00225159 -0.0184567 -0.0105202 -0.00973522 -0.00328164 -0.00463314 0.0227865 -0.00311375 0.00794026 0.0061179 0.0012579 -0.0110455 0.000521982 -0.00450461 -0.00737606 -0.00276123 -0.00220296 0.00106731 -0.00187636 0.00446504 -0.0450299 0.00816065 0.000555423 -0.0187601 -0.00184843 0.00748205 -0.000274158 -0.00477171 0.00214414 -0.00390405 -0.00692555 
-0.0916672 -0.00424661 -0.00294319 -0.0208769 0.0461651 1.39348e-05 0.00427479 -0.0084301 0.0978298 -0.032376 0.0831302 -0.0887916 0.10331 0.121308 -0.000332432 0.0343669 -0.0992931 -0.0143253 0.229604 0.0464437 0.015696 -0.00771538 -0.0373566 0.0266071 -0.0483115 -0.0432175 -0.00417518 -0.0351133 -0.00311696 -0.00044877 -0.00852234 0.00332496 0.0808882 0.0126283 -0.00652847 -0.00936027 -0.000224876 0.0362451 0.00232377 0.0131508 -0.052225 0.0719032 -0.000263593 0.019525 -0.00211809 -0.00646816 -0.0215728 0.0172912 -0.0145416 0.0321208 -0.0181527 0.0102337 0.0929933 0.00483216 -0.000952057 0.0033615 -0.0514505 -0.00013133 -0.126019 -0.0906135 0.0244452 -0.0157541 -0.0847359 -0.00145225 0.00543375 -0.0989395 -0.0682474 -0.00921848 0.00470035 0.0131798 0.0459101 0.0141106 -0.00183417 0.00347055 -0.00737256 0.0177663 0.0246914 -0.018954 0.003557 0.00846166 0.027458 0.00494511 0.00843966 -0.0127553 0.00180891 -0.000268699 -0.0639562 -0.0290662 -0.014883 0.0035079 -0.0217893 -0.000898856 0.014714 -0.0147874 0.0134844 -0.00566115 -0.00101248 -0.00612117 -0.0175273 -0.00253812 
-0.0283731 -0.016641 -0.0125513 -0.0107339 0.0259597 0.000111019 -0.00131384 0.00237333 0.102981 -0.0187815 0.0640009 -0.0525412 0.10991 0.0284542 0.000650129 0.0683512 -0.0887383 -0.0303885 0.0464437 0.222645 -0.0209633 0.0181145 -0.0261081 -0.00345522 -0.0374545 -0.0221192 -0.0055509 -0.0728339 0.00443386 -0.00984018 -0.0185297 -0.0155351 0.0255945 0.0412487 -0.00880059 -0.00429668 0.00511865 0.00735964 0.00243612 0.0409811 -0.0214107 0.0487927 -0.00326942 -0.0159705 -0.00130371 -0.00337 0.00793777 0.0100341 0.0156898 -0.0201357 -0.0488343 0.0235519 0.0572033 -0.00481985 -0.00216832 0.00110325 -0.0203506 0.000316779 -0.0578407 -0.0686869 0.0296182 -0.000821301 -0.042452 -0.00140637 -0.0033167 -0.0442076 -0.0124556 -0.00660653 -0.00042726 0.00193194 0.0235183 0.0327887 -0.0473909 -0.00105385 -0.00320181 -0.0272705 0.0100668 -0.0582279 -0.0100049 -0.0203547 0.00843011 -0.00112706 0.00605606 -0.0154489 -0.00410572 0.00190849 -0.0371117 -0.0119077 0.000256635 0.0508574 -0.00872216 -0.000308796 -0.00714234 -0.0101643 0.00418619 -0.003638 0.00235214 -0.00145065 -0.00876374 0.00903265 
-0.0322648 0.000680662 0.00952786 0.016994 -0.0482901 -0.000367625 0.0077752 -0.0116764 -0.0526042 0.00758473 -0.00847207 -0.024017 0.00667542 0.0295986 7.96918e-05 -0.00142671 0.00900388 -0.0161902 0.015696 -0.0209633 0.234606 -0.00362868 -0.0432092 0.0606583 -0.0107601 0.0257059 -0.00515428 0.0201882 -0.00273772 0.000105433 0.00499938 0.0174207 0.00862939 0.0209415 -0.000282933 -0.00370547 -0.00523058 -0.0224671 0.000826972 -0.00134418 -0.0207817 -0.0679424 0.00367445 0.0062314 0.000733002 0.00457179 -0.0149148 -0.0135042 -0.0125841 -0.0124005 -0.0158883 -0.010374 -0.0449819 0.00180126 5.08861e-05 0.00904711 -0.0257208 0.00042235 -0.00832889 -0.0038653 -0.0338255 -0.00700893 -0.0253631 -0.000829292 -0.0101643 -0.0395319 -0.0462208 0.00133108 -0.00165144 -0.00580493 0.030006 -0.000842555 0.0297206 0.000366295 -0.00525988 0.0302698 0.0153953 -0.00756125 0.00217539 0.00864361 -0.0154676 -0.00500741 0.0263825 0.0275193 -0.00307789 0.00104003 0.00317414 -0.0112479 -0.00882184 0.0335094 -0.00425248 -0.00037291 0.0417282 0.0106164 -0.0128095 0.00363495 0.00278997 -0.00541863 0.0120202 0.0120665 
0.00213117 -0.00314058 0.00427769 0.00359119 -0.00719946 1.33802e-06 -0.000468383 0.00153642 -0.00715545 -0.0051483 -0.00308878 0.0088782 -0.00114808 0.00117962 -8.80935e-05 0.00410009 -0.00326778 -0.0178258 -0.00771538 0.0181145 -0.00362868 0.0911635 0.00148403 -0.00930097 0.00487936 -0.00417307 -0.00130445 -0.0138008 9.27116e-05 0.00925627 -0.00519534 -0.00679868 -0.0037171 0.00176889 0.00513966 0.000165764 0.000248564 -0.00771001 -0.000223606 -0.0011343 0.00552669 0.00171694 0.0002664 -0.00561921 -7.10139e-05 -0.000565162 0.0068067 -0.0106052 0.0124935 -0.00753279 -0.015572 -0.00190069 -0.0130143 -0.00115514 -0.00064424 0.000560201 -0.000803741 9.76105e-05 0.00551385 -0.00797701 0.00441781 0.0075543 0.0101533 0.000287929 -0.000937588 0.00178407 0.00445736 -0.00210625 -0.000529134 0.000777751 -0.0104122 0.00366222 -0.00846044 -0.000604348 0.000315538 -0.0170732 0.0091844 -0.0134855 -0.00823812 -0.00709791 -0.00468497 -0.000931224 -0.00025739 -0.00512842 0.00410688 0.000857415 -0.00944853 0.0147727 -0.00146779 0.00749048 0.0015339 0.000139443 0.00333697 -0.00142026 0.000725691 -0.000811441 0.000520207 0.00139053 -0.000776009 0.00410439 
0.0388675 -0.00254903 0.00245925 -0.00661264 -0.0199906 0.000155425 -0.00222756 0.00988355 -0.0180694 -0.00513905 0.0039765 0.0189921 -0.0265131 -0.0342112 -0.000194655 -0.00657894 0.0207993 0.0168496 -0.0373566 -0.0261081 -0.0432092 0.00148403 0.151776 -0.0345616 -3.34592e-05 -0.0149199 -0.000221007 -0.0101283 0.00183351 -0.00634382 -0.0102343 -0.028782 0.0165424 -0.0160599 0.00238357 0.00818563 -0.00398057 0.0199992 -0.00121913 -0.0210019 0.0390975 0.00478849 0.000854899 -0.00390851 -0.000897172 -0.00290479 0.00802927 -0.00369508 -0.0129757 0.0338533 0.00423637 0.00291231 -0.0105732 0.00706715 -0.000101974 -0.00385893 0.0172963 0.000492018 0.0222924 0.0204377 -0.00290561 0.00039766 0.0378565 0.00236905 -0.00165603 0.0505266 0.0244133 0.00716114 -0.00170138 -0.00440201 -0.0206215 0.00031555 -0.0227049 0.00066416 0.00348504 -0.020678 -0.0134615 -0.00900503 -0.0124788 -0.0148661 0.0154581 -0.00101444 -0.0189993 -0.0117877 0.00198842 -0.00098228 0.00206223 0.0131353 0.00240211 -0.0209907 -0.00124909 -0.000832021 -0.0186308 -0.00290904 -0.00292147 -0.00133239 -0.00612627 -0.000251201 -0.00446849 -0.00564281 
-0.0585809 -0.00951742 0.00975054 0.00972505 0.00596062 -0.000372966 -0.00406454 -0.0189388 0.0294977 -0.0124917 -0.00848351 -0.0265924 0.00448383 0.0515357 -0.00112908 -0.037654 -0.0298279 0.0246904 0.0266071 -0.00345522 0.0606583 -0.00930097 -0.0345616 0.22144 0.02599 0.0142118 -0.00360442 0.0311296 -0.00664964 -0.0348372 0.0244789 0.00961495 -0.0155746 0.00259403 -0.0148858 -0.00471626 -0.00429615 -0.0223422 9.22804e-05 0.0160969 -0.0363141 0.00947763 -0.000170727 -0.0110134 0.000684354 0.0024118 -0.0184888 0.0166886 0.0183072 -0.0224716 0.0146913 -0.00530785 0.00494296 -0.00709982 0.000575588 0.00198289 -0.0329625 -0.000691159 -0.0165668 0.0239964 -0.00930347 -0.0191396 -0.00574043 -0.00118486 -0.00398267 -0.0372051 -0.063418 -0.00620278 -0.001915 -0.00654161 0.0103665 -0.0150425 0.00258026 -0.00255432 -0.00764934 0.0266678 0.0142849 -0.0292371 0.0180679 0.00509348 -0.0349429 8.90079e-05 0.0193513 0.023822 -0.00463049 -0.00126716 -0.0104332 -0.0350355 0.00373097 -0.00790265 0.000735916 -7.46162e-05 0.00743966 0.0079729 0.00668488 0.00249848 0.000394162 -0.00275836 0.00690164 0.000127638 
-0.0147887 0.00853563 0.00763001 0.0156209 0.00175631 -0.000421082 -0.00320234 -0.00637952 -0.0299501 0.00407402 -0.0226774 0.026468 -0.0653188 -0.0030694 -0.000281731 -0.0615755 0.0290496 -0.0087219 -0.0483115 -0.0374545 -0.0107601 0.00487936 -3.34592e-05 0.02599 0.181808 0.0283555 0.00447723 0.0342977 -0.00277349 -0.0095661 0.000440844 0.010106 -0.0385395 -0.0325842 -0.00370014 -0.0029304 -0.00338837 -0.0140404 -0.00176634 -0.0133556 -0.0128199 0.0140589 -0.00292363 -0.0112511 -0.000402032 0.001585 -0.0051845 0.0347036 0.0150593 -0.0184829 0.0093765 -0.0122268 -0.00965052 -0.00445243 -0.000949918 -0.00427285 -0.00541905 -0.000958636 0.0550682 0.045651 -0.0204199 0.00390544 0.0267416 -0.000148783 -2.17487e-05 0.00509687 0.00847223 -0.000250654 0.000112874 0.00497129 -0.030722 -0.010555 0.0134118 0.00017856 -0.00306439 -0.0146959 -0.0161832 0.0123992 0.00738623 -0.00261031 -0.0171457 -0.000826389 -0.0233315 0.0286263 -0.00336739 -0.000542196 0.0108183 -0.00797388 0.00210578 -0.0306512 0.00948078 -0.0006944 -0.00293022 0.00946606 -0.00384812 0.00230135 -9.88564e-05 -0.00279196 0.0111014 0.00189176 
-0.0139101 0.00352471 0.00883358 0.02563 -0.0235759 6.12684e-05 -0.00161956 -0.00132089 -0.0329618 0.0276222 -0.0183815 0.0232689 -0.0319553 -0.0311383 -1.3958e-06 -0.0152646 0.00178005 -0.00129955 -0.0432175 -0.0221192 0.0257059 -0.00417307 -0.0149199 0.0142118 0.0283555 0.0909212 -0.000184063 0.00544345 0.00376524 -0.00520784 0.0131326 -0.013821 -0.0236864 -0.0144479 -0.00376868 0.000904863 0.000452485 -0.00917747 0.000216671 -0.0133667 -0.00606224 -0.0256316 -0.0014965 -0.0113906 0.00222384 0.00307914 -0.00463509 0.00313505 0.0141309 -0.0104518 -0.000939096 -0.00489308 -0.0294019 0.00144839 0.00122004 -0.00152128 -0.000208082 0.000684811 0.0311672 0.0270913 -0.00865144 -0.00109822 0.00451846 0.000539203 -0.00288839 0.00258249 0.00366424 -0.000559536 0.00121697 -0.00505345 0.0170778 -0.00566723 0.0044383 0.000409127 -0.00180838 0.00594776 -0.00352142 -0.00703076 -0.00416782 0.000398018 -0.00440645 -0.00213843 -0.00283959 0.0244381 -0.00182512 0.000661098 0.0282081 -0.00585426 -0.00144241 -0.013125 0.00495352 0.00128312 0.00683537 0.0149569 -0.00315441 0.00422686 -0.00110907 -0.000187153 0.0212961 0.00701608 
0.00130087 0.0100911 -0.000917212 -0.000454219 -0.00394883 -3.02383e-05 -0.00035362 -0.000808811 -0.00685708 0.00286101 -0.00494645 -0.00155548 -0.00770968 -0.00429188 -3.04038e-06 -0.00340243 0.00630404 -0.000898036 -0.00417518 -0.0055509 -0.00515428 -0.00130445 -0.000221007 -0.00360442 0.00447723 -0.000184063 0.0199223 0.0060184 -0.000296448 -0.00041527 0.00478689 0.00517709 -0.00477589 0.000796802 -8.10444e-05 -0.000280366 8.42421e-05 -0.00177719 -0.000205969 -0.00281888 -0.000897208 -0.00484597 6.85815e-05 -0.000411088 -1.59507e-05 0.00119214 -0.000883835 -0.00134086 -0.00109426 -0.00044408 0.00423351 -0.00130803 -0.00569969 -0.000217485 0.000394704 -0.000232062 0.000185764 -9.35207e-05 0.00353775 0.00139788 -0.000709116 -0.0001646 -0.000758981 -7.95174e-05 -0.000437185 -0.00111338 -0.00240458 -9.01396e-05 -0.000359556 0.00447507 -0.00430666 -0.00107029 0.0058583 0.000127374 0.000186858 0.00838735 -0.000793456 0.00697925 -2.49743e-05 0.00189365 -0.00110637 -0.000178426 -0.00136924 -0.00169487 0.000433936 -0.000186326 0.00535087 -0.000803964 0.000599191 -0.00184568 -0.000438966 -8.82175e-05 -0.00108406 -0.000552732 -0.000767412 -0.000164349 0.00046904 -2.16615e-05 -0.000247726 -0.000222352 
0.0236442 0.0192266 -0.0166692 -0.0123098 0.00335244 -0.000377227 -0.000769775 -0.0136673 -0.089677 0.00238487 -0.0904678 0.0304568 -0.0812853 0.000679324 -0.000725308 -0.0575813 0.101957 0.00757912 -0.0351133 -0.0728339 0.0201882 -0.0138008 -0.0101283 0.0311296 0.0342977 0.00544345 0.0060184 0.246741 -0.000699038 -0.00275119 0.0214888 0.0613161 -0.0705036 -0.022432 0.000613028 -0.00282234 -0.000602768 -0.0426368 -0.00414876 -0.00748164 0.000669623 -0.0720223 0.00550759 0.0234958 -0.00145253 0.0102736 -0.0105707 -0.0265621 -0.0293963 -0.0179676 0.0569322 -0.0171272 -0.0806092 -0.00364654 0.00210357 -0.00645429 -0.00480123 -0.00198171 0.027557 0.0480234 -0.0361233 -0.00799538 0.025301 -0.00155349 0.00167528 0.0287144 0.0139505 -0.00280798 -0.00499433 -0.000385843 -0.0701637 -0.0284128 0.0610343 -0.00233972 -0.00196192 0.0586975 0.000767819 0.0726561 0.0295126 0.0364079 -0.027395 -0.00484103 0.0196983 -0.0131776 -0.00212539 -0.00117138 0.0108647 0.00134659 -0.00238826 -0.00095975 -0.0149177 -0.000601786 0.0211874 -0.00786694 -0.0111208 -0.000524436 0.00258383 -0.00173469 -0.00805506 0.000217217 
-0.00232167 0.00204812 0.000610106 0.00166874 -0.00440329 0.000178411 0.00248071 0.00264511 -0.00309784 0.00199007 -2.37913e-05 -0.00411636 0.00348483 -0.00789413 0.00017373 0.00882844 -0.00667113 -0.00463324 -0.00311696 0.00443386 -0.00273772 9.27116e-05 0.00183351 -0.00664964 -0.00277349 0.00376524 -0.000296448 -0.000699038 0.0278657 0.00335085 0.00305023 -0.00304653 0.00186995 -0.00332742 -0.0010019 -0.000294195 7.10393e-05 -0.00165144 5.79227e-05 -0.00461311 -0.00176258 -0.00590357 0.000452882 0.00206529 0.000117388 0.000724904 -0.000641096 -0.00324844 -0.000844195 0.000655325 -0.00293954 -0.00127538 -0.0062462 0.00335204 -6.23967e-05 -5.35444e-05 -0.00126223 0.000505997 0.00101231 -0.00305527 -0.00296518 -0.000807612 -0.00160458 0.000485807 -0.000563433 -0.00283212 -0.00141477 0.000497492 -0.000241146 -0.000657438 0.0033613 0.000114969 -0.00241188 3.13083e-05 0.0013718 0.000877709 0.00378959 -0.000637666 0.00312653 -0.00164052 0.0084603 -0.000418932 0.00056375 -0.00243332 0.000850034 0.00196713 0.00104655 -0.00163841 0.00181506 0.00279473 -0.00106737 0.00038625 0.000957789 -0.000396725 -0.00101244 -0.000116613 -0.000674219 0.000520417 -0.000172911 0.00196719 
0.022886 0.000259969 8.2907e-05 -0.00228851 -0.00228357 0.000143508 0.00369825 -0.000438191 -0.0192271 0.0129627 -0.00593769 -0.00486711 -0.00621865 -0.0148901 -0.000288437 0.0121206 0.0191063 -0.017757 -0.00044877 -0.00984018 0.000105433 0.00925627 -0.00634382 -0.0348372 -0.0095661 -0.00520784 -0.00041527 -0.00275119 0.00335085 0.0874 -0.0040239 0.0263397 -0.0104215 -0.00211287 0.0145427 -0.0012777 0.00056843 -0.00518692 0.000249763 0.0061033 -0.00264355 -0.0145255 0.0011432 0.0128092 -1.49046e-05 -0.001213 0.00561489 -0.0129256 0.000967435 -0.00592314 -0.00972508 -0.00315091 -0.0174108 0.000553439 -0.000482479 0.000598524 -0.0050874 0.000354355 -0.00906796 -0.0184883 -0.00385735 -1.0148e-05 -0.0151443 0.000368114 0.000691639 -0.00952904 -0.00570989 0.000324534 -0.00157288 -0.00328505 -0.00298025 -0.00346336 0.0189271 -8.15756e-05 0.00220175 -0.00335812 0.000682944 0.0172061 -0.00348054 0.00247807 0.00022744 -0.000166448 -0.000867047 -0.00838811 0.000999424 0.000123022 0.00110856 0.00932762 -0.00247692 0.0326593 -0.00557361 0.000107493 0.0123528 -0.00300907 -0.00248668 -0.000545106 0.0020323 -0.0010169 -0.0024492 0.00370411 
-0.0100645 0.0132437 -0.00247099 0.00471442 -0.0174812 4.01708e-05 -0.00124023 -0.00237257 -0.0191897 -0.00207345 -0.0202222 -0.0122027 -0.0170852 -0.00381007 -0.000160109 -0.00789139 -0.00419871 0.0127939 -0.00852234 -0.0185297 0.00499938 -0.00519534 -0.0102343 0.0244789 0.000440844 0.0131326 0.00478689 0.0214888 0.00305023 -0.0040239 0.0877157 0.00618384 -0.0124975 -0.00705503 -0.000192085 -0.0018869 -0.00126434 -0.00855859 -0.000828772 -0.00886758 -0.00703842 -0.0191633 0.000376252 -0.00123384 0.000774536 -0.000887738 -0.00365713 0.00493563 -0.000828903 0.00665189 0.0281129 -0.0038262 -0.0215391 0.00243072 0.00254313 0.00623445 -0.0061608 -7.90957e-05 0.00919186 0.0329123 -0.00663478 -0.00264799 0.00190626 0.000353816 -0.00166152 -0.00581718 -0.022335 -0.00200734 -0.0013977 0.00232764 -0.018812 -0.00506371 0.00721567 -0.00123083 -9.9357e-05 0.0356821 0.0111067 0.00478195 -0.00202622 -0.00542825 -0.00396923 -0.0011669 0.00242962 -0.00473321 0.00127269 -7.0688e-05 0.0102323 -0.00621518 0.00240642 -0.0140453 -0.00369995 -0.000251654 0.00217739 -0.000772207 0.00135076 -0.000923903 0.00436101 0.00308834 0.00100677 0.000611499 
0.0284116 0.0168415 -0.0156971 -0.0136383 0.0344644 0.000337529 0.0068834 -0.0154607 -0.0365388 -0.00942944 -0.0735504 -0.0309667 -0.0292534 0.0114906 -0.000465914 -0.0206204 0.0669645 -0.0323833 0.00332496 -0.0155351 0.0174207 -0.00679868 -0.028782 0.00961495 0.010106 -0.013821 0.00517709 0.0613161 -0.00304653 0.0263397 0.00618384 0.237112 -0.0635844 0.0447363 0.015016 -0.00510811 0.000928517 -0.0346124 -0.00330809 0.0441977 -0.0262834 -0.0405956 0.007725 0.0281978 -0.00035091 -0.00276366 0.0103557 0.00206436 -0.00430453 -0.0300531 0.0230132 -0.00228888 -0.0485016 -0.00748615 0.000239148 0.00673421 -0.0222805 -0.00174092 -0.0213869 -0.0271035 0.00197885 -0.0072348 -0.0477721 -0.00206109 -0.000979726 -0.0328112 -0.0440156 0.00256254 -0.00730214 0.00864795 -0.0334561 -0.020578 0.0609006 0.000865957 0.00504411 0.0380589 -0.0183223 0.0459898 0.0145148 0.0211819 -0.0338921 0.00186437 0.00897837 -0.0246467 -0.00765151 -0.00188256 -0.0120357 0.000983359 -0.00494937 0.0618907 -0.021466 -0.00141399 0.0435491 -0.0126329 -0.0071734 -0.00297101 0.00453179 -0.00580718 -0.0102288 0.00228448 
-0.0583785 -0.00933135 0.00527343 -0.0123189 -0.0227931 -0.00024872 -0.00116724 0.00307722 0.0786838 -0.0181088 0.112982 -0.0594695 0.0932297 0.0615512 -6.42e-05 0.0720583 -0.0929713 -0.0157981 0.0808882 0.0255945 0.00862939 -0.0037171 0.0165424 -0.0155746 -0.0385395 -0.0236864 -0.00477589 -0.0705036 0.00186995 -0.0104215 -0.0124975 -0.0635844 0.225709 0.00146263 -0.00708808 -0.00493763 -0.000277233 0.0621886 0.0033536 -0.0364506 -0.0183531 0.0667337 -0.00797839 -0.0159806 -0.0011176 -0.00363237 -0.0122409 0.0120234 -0.0194372 0.0555226 -0.0309448 -0.0036108 0.105624 0.0110163 -0.0015729 -3.02672e-05 -0.0255334 0.00193036 -0.0675809 -0.0596543 -0.0116943 -0.00102038 -0.0549063 0.001263 0.000533341 -0.0451774 -0.0114821 -0.000173687 0.00197364 -0.00275343 0.0394039 0.0307723 -0.0405552 0.000345226 0.00147374 -0.0140721 0.00715761 -0.0241649 -0.0201678 -0.012623 0.049054 0.00444019 0.000601236 -0.00983411 0.00682689 -0.00019452 -0.0232677 -0.0158895 -0.00766124 -0.0352052 -0.0169363 -0.000988286 -0.0126647 -0.00821191 0.000663639 -0.00349132 -0.00819741 -0.00543359 -0.00839518 -0.00492002 
0.00720801 -0.003221 -0.00472278 -0.00585308 -0.0123693 6.95834e-05 0.00207146 -0.00645101 0.0231968 -0.0100184 -0.0014022 -0.0255362 0.044455 -0.00171196 -0.00011148 0.0383736 -0.0146027 -0.0237456 0.0126283 0.0412487 0.0209415 0.00176889 -0.0160599 0.00259403 -0.0325842 -0.0144479 0.000796802 -0.022432 -0.00332742 -0.00211287 -0.00705503 0.0447363 0.00146263 0.135244 0.00229837 -0.00293025 -3.10585e-05 -0.00584625 -0.000511039 0.0353104 -0.0133462 -0.0112213 2.63939e-05 5.34382e-05 -0.000628332 -0.00271261 0.00962856 -0.00971825 0.00889307 -0.012122 -0.00662155 0.0199584 -0.000994205 -0.00210123 -0.00103393 0.0102565 -0.0127916 -0.00036967 -0.0281688 -0.0359071 0.0159412 -0.00265477 -0.030207 -0.000941746 -0.0037371 -0.0242257 -0.0282878 0.000818597 -0.00263766 0.00558805 0.0172271 0.00378951 -0.00940805 -0.00219874 0.0024521 -0.00372603 -0.00370425 -0.0143875 -0.0086067 -0.00629594 -0.00792689 -0.000407215 0.0118107 -0.00840542 -0.00404031 -0.000984945 -0.0161569 -0.00384641 0.000121183 0.0442684 -0.0103995 -0.000681376 0.00737821 -0.00418831 -0.00487673 -0.00175926 -0.00278513 -0.00283955 -0.00377165 -0.00370659 
0.0124054 0.00102573 -0.00162273 -0.00127778 0.00276405 -1.51182e-05 -0.000280449 -0.0015552 -0.0119517 0.0045027 -0.00893471 -0.00823001 -0.00906859 -0.00995534 -9.42266e-05 0.000748013 0.0114259 -0.00563303 -0.00652847 -0.00880059 -0.000282933 0.00513966 0.00238357 -0.0148858 -0.00370014 -0.00376868 -8.10444e-05 0.000613028 -0.0010019 0.0145427 -0.000192085 0.015016 -0.00708808 0.00229837 0.0495496 -0.000760141 -0.000338871 -0.00274673 -0.000149246 0.0119363 0.00363389 -0.00816299 0.00158633 -0.0017817 0.000642951 -0.00142307 0.00723598 -0.00636329 -0.000110637 0.00203935 -0.00248901 0.00038158 -0.00784062 -0.000853587 -0.000219775 0.0026315 -0.00261948 0.000106188 0.00019651 -0.00230764 0.000377506 0.00250287 -0.00408161 -0.000280221 -0.000210842 0.000271025 -0.00655265 0.00262723 -0.000836641 0.00473367 -0.0127707 -0.00338953 0.00150434 0.000958804 0.00238962 -0.00182945 -0.0015208 -0.00115201 -0.00157479 -0.00412089 -0.00258964 0.000948574 -0.00157756 -0.00386559 0.00123809 -0.000230185 0.00372366 0.0101125 -0.00128662 0.0153314 -0.00186713 3.98062e-05 -0.00061431 -0.000675027 -0.00186128 -0.000573327 0.00127167 -0.000868889 -0.00120424 -0.00218676 
