0.00419398 -3.67049e-06 -0.000114367 0.00195203 -0.00030639 -2.42683e-05 -1.54676e-06 0.00020845 -6.00477e-05 -0.000257358 -3.59413e-05 -0.00136982 -0.000806808 -0.00155577 0.00194739 -0.00120369 -0.000121404 0.000673858 -6.90479e-05 -0.000322424 9.52222e-07 1.70122e-06 -0.00221354 7.27871e-05 0.000249118 -0.00144403 -0.000513869 -0.000754979 -0.00036547 -0.00172093 0.000197374 -5.32669e-05 -0.000739813 0.000189904 -0.00182094 0.00228115 -0.000139201 0.000135103 -3.61022e-06 0.00146839 -2.3729e-05 0.000163501 1.07389e-05 -3.99514e-06 -0.000123642 -0.000240732 1.00762e-05 -0.000331757 0.000200494 4.78624e-05 -0.000232252 -0.000281716 1.3538e-05 0.000122586 2.19195e-07 -2.76752e-05 0.00197332 0.000776383 7.99338e-05 -0.00153866 -0.00133492 -6.0442e-06 0.000151101 0.0013142 0.000203804 3.30436e-05 -1.94736e-05 -6.12222e-05 0.000179998 -2.42e-05 2.33228e-05 1.3212e-05 -0.000139214 5.38704e-06 1.79054e-06 -6.54814e-05 -5.23936e-06 -0.000352914 0.000470262 9.70828e-06 5.42822e-06 4.39191e-05 -7.12488e-05 2.03336e-07 0.000372395 0.000153032 0.000104838 -4.34482e-05 -0.00150581 -0.000767488 0.00221249 2.32151e-06 4.84519e-05 -7.26092e-05 -9.25671e-05 0.000201949 -2.13731e-05 5.80023e-05 0.000184158 0.000645738 
-3.67049e-06 0.035774 0.0107988 0.00446772 -0.00270011 -0.000214426 0.0005966 -0.000726724 -0.0010167 -0.00245038 0.00026135 -0.000714271 -0.00776297 -0.00603071 -0.00219568 -0.0144551 0.00293876 0.00666323 -2.59386e-07 0.00485268 0.000634965 0.00145878 0.00113891 -0.000471573 -0.0097919 -0.0104635 0.00157215 -0.00171274 -0.0039467 -0.000502423 -4.68318e-06 -0.000171626 0.00350353 0.00158388 -0.00784208 0.00529372 0.000686503 0.000162276 -0.00047941 0.00129835 8.87266e-05 -0.0038443 -1.6846e-05 6.54167e-05 0.00126358 -0.00179972 0.000251671 -0.00545482 -0.00220102 -0.00337723 -0.00159791 0.00136023 -0.000122994 -0.000822758 6.04979e-05 0.000342706 -0.000703909 0.000351411 0.000200284 -0.00782974 0.013204 6.92925e-05 0.000221332 -0.00156197 0.00215943 7.60036e-06 -5.02842e-05 -9.781e-05 -0.00443168 -0.000140707 0.000203182 -0.000865656 0.00146672 -4.09297e-06 -2.67344e-05 0.000301458 -8.53467e-06 0.00500561 -0.000466351 -0.000415658 -0.000666472 -0.000288721 -0.00026443 -6.71291e-06 -0.000767264 -0.000708007 0.00102624 0.00115994 -0.0119513 0.00691187 0.00430255 1.12855e-05 0.00140087 0.00193808 -0.000512795 -0.000625498 -0.000104708 -0.000117439 -0.000347645 -0.00120072 
-0.000114367 0.0107988 0.0826213 -0.000975831 -0.00303847 -0.000199214 0.000177824 0.00594699 -0.00170028 -0.00226909 0.00570955 0.0186359 -0.00914266 -0.0206524 -0.0181477 -0.0337568 -0.000428861 0.0104257 -5.99984e-05 0.0276695 0.000117488 -0.00145215 0.00308557 -0.0017957 -0.0367273 -0.00589547 -0.00246483 -0.0135736 -0.0039153 -0.0171487 -7.49871e-05 0.00177776 0.0193322 0.000702115 -0.0304991 0.00287998 0.0114247 -0.000480759 -0.000294164 -0.0101389 -0.000494167 -0.0056577 -9.82933e-05 -0.000103554 0.00111271 -0.00572711 0.00403123 -0.0123602 -0.00474428 0.00964363 -0.00970129 0.0116954 0.000323105 -0.00172928 0.000203901 -0.000368203 -0.00590214 -0.0021034 0.00154072 -0.0234239 0.0400647 -8.15612e-05 0.00365594 -0.00409383 0.00625272 0.000659234 -0.000187036 -0.000209409 -0.0108282 0.000599536 5.51088e-05 -0.000522963 -0.00173028 0.000121684 -0.000197497 0.00909891 -5.28307e-05 0.00192492 -0.00113766 -0.000920093 -0.0013276 -0.00109437 -0.000387593 4.37329e-05 -0.00307688 -0.000878813 0.00206078 0.00167836 -0.0301972 0.0382839 0.0207118 2.43435e-05 0.00132658 0.00151361 -0.00175477 -0.00728601 -0.000614366 -0.000328609 -0.00263667 -0.00102764 
0.00195203 0.00446772 -0.000975831 0.0511662 -0.00227467 -0.000771903 -2.20128e-05 -0.00107861 -0.00135629 0.00661277 -0.000800275 -0.00707015 -0.0103355 -0.00676109 0.0101732 -0.00980098 -0.00016548 0.00484897 -0.000512349 -0.0058879 0.00251598 0.00176183 -0.00970163 -0.00110598 8.94667e-05 -0.00463411 -0.00157683 -0.00240503 -0.0024269 -0.00376986 0.000423487 -0.000542908 -0.0101309 0.000261182 -0.00949644 0.0133595 0.000567861 0.000124779 3.78063e-05 0.00294779 0.00126672 0.00335442 -1.68973e-05 -3.28669e-06 -0.00104119 -0.00277672 0.00197616 -0.00469532 0.00213786 -0.000108786 -0.00176864 -0.0026336 -8.93585e-05 -0.00107061 -2.43838e-05 -0.000259145 0.0105917 0.00485135 0.000257725 -0.0140913 -0.00727743 -4.1723e-05 0.00245108 0.00652579 0.00118126 9.37763e-05 0.000303143 -0.00056975 -0.00752178 2.88429e-05 1.89755e-05 -0.00206591 0.000115243 5.07454e-05 2.40854e-05 -0.000792658 -2.20485e-05 -0.00281358 0.000976219 0.000113163 -0.00028107 -0.000313148 -0.000739398 -5.41098e-06 0.00282427 6.83192e-05 0.000431522 0.000287258 -0.0102757 -0.00729765 0.0122666 3.80017e-05 0.000514326 -0.000540073 -0.000391177 0.0050189 -0.000393895 -8.82003e-05 0.00054997 0.00398545 
-0.00030639 -0.00270011 -0.00303847 -0.00227467 0.0775919 0.000508781 -9.50523e-05 -0.00123331 -0.00173862 -0.00862067 -0.00103492 -0.0184096 0.0136502 0.00465748 -0.0108395 0.00163073 -0.00811684 -0.0195901 -0.000759145 -0.0077109 -0.0196423 -0.00122001 0.00272331 0.00775139 0.00805391 -0.000927285 0.00234311 0.00479126 0.0122105 0.0107834 -8.2892e-05 -0.000344364 -0.0115094 -0.000316457 -0.0175904 -0.00574523 -0.00130066 0.000534554 0.000748098 -0.00762707 -0.000834611 0.0149299 -9.0605e-05 0.000430929 -0.00386581 0.0018733 -0.00280569 -0.00211043 0.00564473 0.00613604 0.00374475 -0.00190164 -0.000445749 0.00329585 0.000529194 -0.000773381 -0.00418026 -0.00542998 -0.000478102 -0.00337233 -0.017389 0.000200209 -0.000802773 -0.000999617 -0.00461423 -0.000256887 -5.56315e-05 -0.000551691 -0.00221402 0.000156353 -3.35875e-05 0.0136442 0.00170268 5.77824e-05 -0.000266175 -0.000966456 -5.76746e-05 0.0111111 -0.000474619 -0.000961894 0.00261272 -0.000409588 0.00442819 -1.77483e-06 -0.00391281 -0.00118417 -0.000406808 0.000256118 0.0279536 -0.0146929 -0.0111544 -6.66817e-05 -0.000152675 0.000712688 -0.000871999 -0.00246756 -0.000323739 -0.000209407 -0.00173273 -0.00110445 
-2.42683e-05 -0.000214426 -0.000199214 -0.000771903 0.000508781 0.0206103 6.78874e-05 -0.00152108 0.00101237 -0.000623651 0.000731475 -0.0036998 0.00698881 -0.0079999 -0.00332587 -0.00426033 -0.000804114 -0.00516647 -0.000366443 0.00587992 -0.0040056 -8.58402e-08 0.000845356 0.00108746 -0.00318887 -0.00349132 0.0003139 0.00218693 -0.00120688 -0.00122497 -1.55262e-05 0.000905789 0.00342578 0.000118794 -0.00613409 -6.20673e-05 0.000629069 0.000332589 0.00146864 -0.00194809 0.00104052 0.00133766 0.000112598 8.78655e-05 0.00307644 -0.00117384 0.00191189 -0.00210185 0.00135602 0.00615045 0.000372249 0.00163628 -9.77578e-05 0.00231349 -1.34427e-05 -0.000243431 0.00222342 -0.00130837 0.000232637 -0.00352087 -0.00264605 -4.94463e-05 9.52e-06 0.000348894 0.000334346 9.61533e-05 0.000546584 -9.05571e-05 -0.00127928 0.000183942 0.000224866 8.24453e-05 -0.000305821 3.31713e-05 -2.05178e-05 -0.000520391 -1.93852e-05 0.00236795 0.000312102 0.000652269 0.000771308 -9.58014e-05 0.000876848 -6.674e-06 0.000269273 -0.000341405 0.000274363 5.08413e-05 -0.00256055 -0.00114344 -0.00151273 5.82953e-05 -1.99292e-05 2.42299e-05 7.28248e-05 -0.0081543 -0.000124524 -3.8731e-05 4.10113e-05 0.00104748 
-1.54676e-06 0.0005966 0.000177824 -2.20128e-05 -9.50523e-05 6.78874e-05 0.00287257 0.000157504 -5.96575e-06 -8.64028e-05 0.00014068 -0.00055273 0.000216247 -0.00071478 2.22559e-05 -0.0011486 -0.000101444 0.000148795 -4.5914e-06 0.000303826 0.000114503 0.000259618 5.36868e-05 -5.45241e-05 -0.0014538 -0.000877572 4.29935e-05 -2.20408e-05 0.000387015 -0.000305503 -7.41531e-07 8.97649e-05 0.000998786 4.48169e-05 -0.000736302 -5.12054e-05 -9.33418e-05 0.000214996 8.84574e-06 -0.00012088 -1.73463e-05 -0.00021589 -4.5927e-08 -3.03391e-06 0.000383101 -0.000145766 0.000682303 -0.000319095 -0.000140987 9.383e-05 -0.000218656 0.000183675 1.30652e-05 0.000119848 -1.10458e-07 6.23266e-05 -0.000334608 -0.000198184 -1.81741e-06 -0.000788582 0.000497373 4.29027e-06 -2.20461e-05 -7.14422e-05 0.000322911 -3.15155e-07 -1.02336e-05 9.65275e-05 -0.000319282 5.70062e-05 1.38652e-05 -0.000198528 7.07105e-05 -1.61243e-06 6.26165e-06 -2.38073e-05 -5.78728e-07 0.000520435 8.37398e-05 -1.74418e-05 -5.83129e-05 0.000166381 -1.64886e-05 2.20264e-07 3.13018e-05 2.30417e-05 1.38997e-05 -2.92554e-06 -0.000516846 0.000101737 -0.000131589 3.19862e-06 -1.26019e-06 0.000729857 -5.66148e-05 -0.000968653 -1.82242e-05 -8.7846e-06 0.000117792 -3.97708e-05 
0.00020845 -0.000726724 0.00594699 -0.00107861 -0.00123331 -0.00152108 0.000157504 0.0918482 0.00240222 0.00624872 0.000403209 -0.00750042 -0.0171623 -0.0210775 -0.00131481 -0.0158527 0.012438 0.0272141 -0.00137101 0.00238104 0.00613763 -0.00154826 -0.00279925 -0.0026198 -0.00276107 -0.0214212 -0.00962315 -0.0121146 -0.00330977 -0.0263956 -7.56362e-05 -0.000947035 -0.00759319 0.000449993 -0.0246427 -0.000727163 -0.00477893 6.60523e-05 -0.000483879 -0.00476705 -0.00115047 -0.00914924 -0.000182544 -7.63776e-07 -0.00254106 -0.00620714 0.00160334 -0.00459577 -0.0013803 -0.00510038 0.0023024 0.0146146 0.000864106 -0.00228301 -5.31713e-05 -0.000995253 0.0206674 0.0113532 -0.000481199 -0.0188265 0.0169362 -0.000108708 0.00261565 0.00460088 0.00671319 -0.000101575 -0.000395159 0.00108511 0.0207283 0.00198248 -1.36602e-05 -0.00595978 -0.0004234 -7.56168e-05 -4.22697e-05 0.00242522 -0.000100979 -0.00884485 -0.00156526 -0.000763587 0.00115721 0.000694148 -0.00194696 -3.97996e-06 0.00326694 -0.000209773 0.000218373 -0.0022623 -0.0151087 0.00524641 0.0202343 1.02532e-06 -0.000620066 -0.00122087 -0.00223753 -0.00115817 -0.000242105 0.000268983 -0.00220572 -0.00147701 
-6.00477e-05 -0.0010167 -0.00170028 -0.00135629 -0.00173862 0.00101237 -5.96575e-06 0.00240222 0.0437565 -0.00548952 0.000935014 -0.0108639 0.000106608 -0.00968241 0.0160298 0.00156479 -0.00242181 0.00618918 -0.000570609 0.00438955 0.000704757 -0.000498115 -0.00222455 -0.000100788 0.00476967 -0.013348 -0.00979844 -0.00589323 -0.00282408 -0.010193 -2.36842e-05 0.000208724 -0.00146182 0.000211792 0.0078404 -0.000410843 -0.00268893 2.79163e-05 0.00129685 -0.00156252 -0.000252091 0.00973988 0.000214478 -5.96373e-05 0.00106943 -0.00258679 -0.0016262 -0.00247198 0.0028243 0.000871849 0.00247314 -0.000595826 6.57108e-05 0.000293268 -5.75934e-05 0.00147004 0.00418185 0.00798049 -0.000134143 -0.00621229 -0.00671244 4.4716e-05 -0.000211699 0.000635805 0.00114751 9.07195e-05 0.000117122 0.000193313 0.00692608 0.000904664 0.000105169 -0.00134477 -0.00101959 -4.16359e-05 0.000437105 -0.00146315 -4.12306e-05 -0.00652724 0.000416475 2.87506e-05 0.00494538 0.00267857 -5.76105e-05 -6.69188e-06 0.00113013 0.000118042 -0.000137423 -0.000279525 -0.0160784 -0.00408459 0.003473 -2.34616e-05 -0.000353594 -1.92472e-05 0.00572589 -0.0171411 3.6013e-05 0.000388984 0.00217294 0.00112715 
-0.000257358 -0.00245038 -0.00226909 0.00661277 -0.00862067 -0.000623651 -8.64028e-05 0.00624872 -0.00548952 0.118897 -0.00175926 0.0376214 -0.016742 -0.00866795 -0.00821403 -0.011659 0.0363591 0.0068832 0.00303618 0.0030733 0.00392455 -0.00133665 -0.011236 -0.00313984 -0.0350885 -0.00166351 -0.00379814 -0.00444766 -0.0156345 -0.0184776 0.000304858 0.00142376 -0.0127544 -0.000252392 -0.0458751 0.00147525 0.0174086 -0.00082194 0.000337441 -0.0166697 0.00377799 -0.00707007 -0.000199505 -5.10581e-05 -0.000402147 -0.00588005 0.0101963 -0.0111071 -0.00926144 0.0119058 -0.00154151 0.0111982 0.000168967 -0.00365392 -0.000103522 -0.00170382 0.0138267 -0.0019678 5.24173e-05 -0.0475113 0.0140588 -7.34676e-05 0.00132727 0.0212992 -0.000744894 -0.000109995 -0.000685146 -0.000729257 0.00390271 -0.000768997 -4.12934e-05 0.000209757 0.00451039 0.000235302 0.000277584 0.00203883 -0.000135388 -0.0187263 0.000654384 0.000563505 -0.00231633 -0.000392093 -0.00242392 8.17138e-06 0.00190083 0.00482941 -0.000536073 -0.00152432 -0.00724488 0.00827808 0.00772758 9.17393e-05 0.000109853 -0.00381059 -0.00257772 0.00837404 0.000380594 0.000387984 -0.00211509 -0.00245444 
-3.59413e-05 0.00026135 0.00570955 -0.000800275 -0.00103492 0.000731475 0.00014068 0.000403209 0.000935014 -0.00175926 0.0205208 -0.000424345 -0.000278413 -0.00756759 -0.00453235 -0.0098981 0.000837523 0.0010509 -4.85303e-05 0.0105293 -0.00182329 0.000256317 0.000455789 -0.000329277 -0.00754467 0.00130101 -0.00436861 -0.00469772 -0.00144993 -0.00802847 -1.23005e-05 0.00238781 0.00803339 9.56805e-05 -0.00682771 -0.00108357 0.00407053 -0.000112429 0.000713683 -0.00285215 5.43647e-05 -0.000829781 0.000245628 1.40206e-05 0.0012057 -0.00150209 -0.000592064 -0.00269921 -0.000542814 0.00282194 0.00107729 0.00387429 0.000342358 -0.000375989 -1.57688e-06 -0.000162718 -0.001902 0.00377988 0.000544221 -0.00686543 0.0071553 0.000341188 6.66315e-06 -0.000744569 0.00145817 -3.41472e-05 8.58916e-05 0.000687612 -1.10072e-05 6.69677e-06 8.83525e-05 -0.00142124 -0.000304149 1.44008e-05 4.48344e-05 0.00334191 7.22196e-06 0.00123737 0.000861353 -1.00061e-05 0.000246896 -1.23346e-05 -9.32944e-05 3.41154e-05 -0.000850026 -0.000443534 0.000487291 0.00196497 -0.00741289 0.00627804 0.00707379 -1.6243e-06 6.70668e-05 -1.93584e-05 -0.000301225 -0.0108611 -0.000156179 -6.11262e-05 -0.000578684 0.000417131 
-0.00136982 -0.000714271 0.0186359 -0.00707015 -0.0184096 -0.0036998 -0.00055273 -0.00750042 -0.0108639 0.0376214 -0.000424345 0.240839 -0.0697201 0.0179217 -0.0337204 -0.0158871 0.0526528 -0.0171317 0.00555848 0.0454306 0.00410764 0.00169055 0.00593505 -0.00550516 -0.0192544 0.035519 0.00504136 -0.00220938 -0.0399493 -0.0148238 -0.000172564 0.000825357 -0.00943628 -0.00145608 -0.0026252 -0.0198224 -0.00247538 -0.00352462 -7.58307e-05 -0.0475873 -0.00474262 -0.0245667 -0.000171246 -0.000372465 -0.00676784 -0.0102288 0.00530131 0.00611107 -0.0208709 0.000775984 -0.00165422 0.0247779 0.00223344 -0.00810904 -0.00047141 -0.00284783 -0.0310757 -0.0227475 0.000969418 -0.00487315 0.0445634 -0.00059546 0.00157587 -0.0150976 0.00241086 0.000381531 0.000583865 0.00490085 -0.00396629 -0.00164639 -0.000163309 -0.0109131 -0.00501859 9.64541e-05 -0.000194186 0.0106874 9.63736e-05 -0.037128 -0.00398998 -0.00121168 -0.00923503 0.00100618 -0.00218726 1.01647e-05 -0.00208351 0.0031836 -0.000227014 0.00225022 -0.023542 0.0493496 -0.0156436 -0.000302444 0.000172915 -0.00940117 0.00177218 0.0102941 0.0019427 -0.000879762 -0.0108209 0.0025027 
-0.000806808 -0.00776297 -0.00914266 -0.0103355 0.0136502 0.00698881 0.000216247 -0.0171623 0.000106608 -0.016742 -0.000278413 -0.0697201 0.204117 -0.0346339 -0.00372307 -0.023169 -0.0414421 -0.0168918 -0.00214439 -0.00942616 -0.00621285 -0.00418263 0.00764524 0.0065795 -0.0480581 0.019397 0.00588817 -0.0190388 0.0167706 0.0256174 -0.000256231 0.00410147 0.0542606 -0.000933361 -0.0286925 -0.0110215 0.0134411 0.00240822 -0.000697 0.00709474 0.00492586 0.025098 0.000143222 -0.000440079 0.00850184 -0.00932991 0.00102964 -0.0367643 0.0139456 0.0280478 0.0123481 -0.00972572 -0.00193579 0.0093967 0.000362985 0.00204463 0.0309933 -0.0204769 -0.000665596 -0.0147173 -0.00264574 -7.85517e-05 -0.00167899 -0.00215319 0.00513892 -0.000893329 0.000109105 -0.0026809 -0.0346674 0.000491692 -0.000103143 0.00278481 -0.00319446 -0.000174314 -0.000668857 -0.00551052 -0.00030465 0.0466805 0.00674541 0.000806555 0.00495081 -0.000914371 -0.000444168 -0.000105346 -0.00103634 -0.00575564 -0.000844688 -0.000623341 0.00327673 -0.0081157 -0.0296179 4.06243e-05 -0.00268836 0.010155 -0.00119126 -0.016844 -0.000943451 -0.000345183 0.00324671 -0.00879415 
-0.00155577 -0.00603071 -0.0206524 -0.00676109 0.00465748 -0.0079999 -0.00071478 -0.0210775 -0.00968241 -0.00866795 -0.00756759 0.0179217 -0.0346339 0.24939 0.00304689 0.12549 -0.00399226 -0.0665108 3.86245e-05 -0.0612702 0.00355405 0.00510708 0.0101249 -0.00902482 0.050329 0.0362507 0.010606 0.0186975 -0.00863922 0.0253949 -0.00051323 -0.00645155 -0.058674 -0.00190788 0.0925612 -0.014855 -0.00295098 -0.00310658 -0.00125101 0.0118869 -0.00648835 -0.021231 -0.000525623 0.000521303 -0.0150914 0.0241068 -0.0194389 0.0418503 -0.0080489 -0.0238792 -0.0140472 -0.0186984 0.000249918 -0.00702422 -0.000230745 -0.00224988 -0.0815549 -0.0260611 -0.000923125 0.0864111 -0.044936 -0.00147878 -0.00504719 -0.0233391 -0.0246404 -0.00119675 -0.000783401 0.000821977 -0.00903034 -0.00107758 -0.000480292 -0.000986283 -0.0115444 -0.000293482 7.55499e-05 -0.00675903 0.000384311 -0.0371336 0.00162613 -0.00219522 -0.00775526 -0.000807162 -0.0020497 8.84967e-06 -0.0212185 -0.000403006 -0.00209974 -0.0067948 0.0374869 -0.00654851 -0.0616062 -0.000288508 -0.00180653 -0.0130182 -0.00199995 0.0563553 0.00257159 -0.00111511 -0.00528108 -0.00382902 
0.00194739 -0.00219568 -0.0181477 0.0101732 -0.0108395 -0.00332587 2.22559e-05 -0.00131481 0.0160298 -0.00821403 -0.00453235 -0.0337204 -0.00372307 0.00304689 0.246868 0.0336398 0.0137536 0.0188839 -0.000947476 -0.0260387 0.0188817 -0.00905006 -0.00856684 -0.00705411 0.0270985 -0.0205177 -0.0125388 -0.0609944 -0.0281506 -0.0681378 0.000109559 -0.00133209 -0.0191879 -0.000581524 0.0226717 0.0159758 -0.014694 0.00449578 -0.000555809 0.0249379 -0.000727615 0.0167953 -0.00015691 -0.00101444 -0.00415537 -0.025004 0.000701896 0.00625763 0.0151205 -0.00643406 0.00852789 -0.0217026 -0.000907203 -0.00282845 -0.000485624 0.00393835 0.0431629 0.0289446 -0.000917392 -0.0262428 -0.0394123 -0.000957089 -0.00246442 0.0105881 0.00959201 0.000342097 -0.000136259 -0.00218113 0.0249894 -0.000903353 -3.68374e-05 -0.0146874 -0.012307 -0.000281057 0.000714118 -0.010081 -0.000553116 -0.0078591 -0.00122334 0.0002004 0.00311466 0.00558186 -0.00768104 -0.000107277 0.00547868 0.0038568 -0.000433978 -0.0113285 -0.0573914 -0.0471935 0.00745482 -0.00027197 -0.00271072 0.00404094 0.00534539 -0.00274454 0.000904023 0.000256081 0.00847064 0.00496942 
-0.00120369 -0.0144551 -0.0337568 -0.00980098 0.00163073 -0.00426033 -0.0011486 -0.0158527 0.00156479 -0.011659 -0.0098981 -0.0158871 -0.023169 0.12549 0.0336398 0.246217 -0.0114385 -0.0615594 0.00220107 -0.0691918 0.00448632 -0.00220725 0.00549005 -0.00198547 0.0894487 0.0180339 -0.00879987 0.0361838 -0.0095941 0.0277277 -0.000375328 -0.0078808 -0.0793185 -0.00219359 0.0989412 -0.0087512 -0.013372 -0.0043209 -0.000786691 0.0161059 -0.00568331 -0.00386991 -0.000494463 -0.000326519 -0.016982 0.01668 -0.0182072 0.0487035 -0.012018 -0.0331308 -0.0201141 -0.0316486 -0.001473 -0.00494427 -0.000303373 -9.47269e-05 -0.0420144 -0.00644785 -0.00161215 0.0884817 -0.100005 -0.0017207 -0.00527296 -0.0132399 -0.026885 -0.00123395 -0.00112377 -0.00406503 0.00277822 -0.00161968 -0.00041011 0.00773215 -0.00630169 -0.000492218 6.17073e-05 -0.0152404 6.05459e-06 -0.0535581 -0.00671239 -0.000298391 0.00209879 -0.000632868 -0.00342035 6.09282e-06 -0.00285534 0.00549405 -0.00222709 -0.0103385 0.0439097 -0.0449395 -0.0369706 -3.63737e-05 -0.00142806 -0.0144467 0.00484953 0.0486055 0.00169358 -0.000674274 0.00277974 -0.0026611 
-0.000121404 0.00293876 -0.000428861 -0.00016548 -0.00811684 -0.000804114 -0.000101444 0.012438 -0.00242181 0.0363591 0.000837523 0.0526528 -0.0414421 -0.00399226 0.0137536 -0.0114385 0.160683 0.000595917 0.00380946 0.0392859 0.00315004 0.000235273 -0.000888231 -0.000552865 0.00493447 -0.0277094 -0.0084055 -0.0102741 -0.0254463 -0.0444416 -2.0645e-05 -0.000188979 -0.0097058 0.000387815 -0.0421774 -0.00853969 -0.00612359 0.000227695 0.00212461 -0.027248 -0.00225552 -0.013419 -5.24266e-05 5.35142e-05 0.00013166 -0.00888774 -0.00246961 0.0182584 -0.0133964 0.0127296 0.0074666 0.0210277 0.00111711 -0.00456896 -0.000227435 -0.00207099 -0.00517368 0.015044 -1.31618e-05 -0.0604311 -8.88896e-05 -0.000327042 0.00272841 0.000288294 0.0104205 0.00153173 0.000332691 -0.000141312 0.0534113 -0.000966671 9.77376e-05 -0.00445008 -0.00339648 0.000126702 0.000166086 0.00597795 -8.75708e-05 -0.0268097 -0.00215021 0.0011996 -0.00185087 0.00248373 -0.00321798 2.41103e-05 -0.00500534 0.0016599 -0.000743074 -0.00530898 -0.0395402 0.000533493 0.0051924 5.56976e-05 -0.000946922 -0.000768694 -0.00296505 -0.0158943 -1.22451e-05 0.000345155 0.00216467 0.00940963 
0.000673858 0.00666323 0.0104257 0.00484897 -0.0195901 -0.00516647 0.000148795 0.0272141 0.00618918 0.0068832 0.0010509 -0.0171317 -0.0168918 -0.0665108 0.0188839 -0.0615594 0.000595917 0.247936 -0.00253806 0.00279088 0.0216903 -0.0049397 -0.0125689 -0.00682158 -0.0272342 -0.0318458 -0.00457021 -0.0332395 0.00584857 -0.0553743 0.000339061 -0.00252447 0.0114462 0.00198436 -0.0156577 0.0123867 -0.00614668 0.000929119 -0.00509796 -0.00264824 0.000515179 0.00819734 -0.000918936 -0.000614115 -0.00307997 -0.0155568 -0.00616937 -0.0313354 -0.0143291 -0.0308182 -0.0332072 0.00429066 -0.000282802 -0.00975097 -0.00058095 0.00393282 0.0581599 0.0243329 -0.000441996 -0.0386762 0.035288 0.000280345 0.000937881 0.0122796 0.00556276 0.00026918 -0.00197178 0.00121005 0.0147727 0.000248002 6.65712e-06 -0.0117706 0.00247007 -0.000456729 0.000480478 0.00411238 -0.000330497 0.0101137 -0.00379083 -0.00189215 -0.00450307 0.00108699 -0.00310196 -5.26837e-05 0.00699721 0.00540405 0.000520848 0.000281336 -0.0502405 0.0141075 0.0495208 1.7907e-06 2.09848e-05 0.00350093 -0.00658794 0.0229599 -0.00267902 0.00104895 0.00738756 -0.0180305 
-6.90479e-05 -2.59386e-07 -5.99984e-05 -0.000512349 -0.000759145 -0.000366443 -4.5914e-06 -0.00137101 -0.000570609 0.00303618 -4.85303e-05 0.00555848 -0.00214439 3.86245e-05 -0.000947476 0.00220107 0.00380946 -0.00253806 0.0201164 -0.00121069 -0.000684497 0.00132618 -0.00268838 -0.000386889 -0.00567648 0.00321118 -0.000331436 -0.00131153 -0.00140778 -0.00310936 5.75541e-06 0.000370127 0.000398856 -6.69252e-05 -0.00309177 -0.00106666 0.0011927 -4.47312e-05 -0.000136929 -0.00188735 0.000166381 -0.00159382 -7.61439e-06 -2.82851e-05 -0.000305154 0.000163213 -0.000551304 0.00135729 -0.00161421 -0.000483825 -0.00159853 -0.000741085 9.63242e-05 -0.000374362 -5.94369e-06 -0.00013663 -0.00310936 -0.00125324 -1.94691e-05 -0.000518808 0.00124746 9.84723e-06 -0.000181605 -0.000538079 -0.00128292 -3.22735e-05 -7.2226e-05 6.19564e-05 -0.000600362 -0.000139234 -1.76247e-05 0.00042178 0.00116619 -1.18641e-06 0.000120679 0.00166878 0.000148236 -0.000934988 4.34403e-05 5.77982e-05 -0.000274393 0.000575994 -0.000341216 1.09151e-05 -0.000618472 0.00181933 -3.72942e-05 0.000999008 -0.000251327 0.00226591 -0.00177348 6.73128e-06 -0.000151492 -0.000356488 0.000105007 -0.00155868 0.000678981 -1.26523e-05 -0.000152209 -0.000293121 
-0.000322424 0.00485268 0.0276695 -0.0058879 -0.0077109 0.00587992 0.000303826 0.00238104 0.00438955 0.0030733 0.0105293 0.0454306 -0.00942616 -0.0612702 -0.0260387 -0.0691918 0.0392859 0.00279088 -0.00121069 0.166756 -0.0080194 0.000960727 0.00886846 0.000337772 -0.0401137 -0.0208584 -0.00400454 -0.0201482 -0.0129881 -0.0471207 -8.99126e-05 0.00555454 0.0406073 -0.000175451 -0.053837 -0.00855341 0.00803709 -0.00129504 0.00443776 -0.0325276 -0.000257734 -0.012147 0.000635821 -0.000109334 0.0156695 -0.013342 0.0137188 -0.0184861 0.0031133 0.0338838 0.0160178 0.0329826 0.00283803 0.00207684 1.06797e-05 0.000697509 0.00133128 0.00420203 0.00176682 -0.0480269 0.0505037 6.28416e-05 0.00486143 -0.0118138 0.0163974 0.0014714 0.000604622 0.00377695 0.00650676 -0.000440188 0.000390693 -0.0100584 0.00049633 2.72156e-05 -9.97812e-05 0.0160912 -9.66599e-05 -0.0116184 0.00302676 0.00167109 -0.000182031 -0.000582378 0.00110561 7.49274e-05 -0.00246464 -0.00266748 0.00105251 0.000978936 -0.0532195 0.0360526 0.0124057 0.00011707 0.00111254 0.00288142 0.00214007 -0.0672131 -0.00115307 -0.000349505 -0.00319274 0.0134101 
9.52222e-07 0.000634965 0.000117488 0.00251598 -0.0196423 -0.0040056 0.000114503 0.00613763 0.000704757 0.00392455 -0.00182329 0.00410764 -0.00621285 0.00355405 0.0188817 0.00448632 0.00315004 0.0216903 -0.000684497 -0.0080194 0.0725117 -0.000431772 0.00308127 -0.00577604 -0.0103661 -0.00683283 0.00517004 -0.00901255 -0.00955651 -0.00889333 1.19689e-05 -0.000530019 -0.00191096 0.000320159 0.00808962 0.00131302 -0.000987802 -5.79397e-05 -0.000934814 0.00402167 0.000726432 -0.0027041 -0.000631679 -0.000879155 0.00194725 -0.0110972 -0.000360693 -0.00590813 -0.0091356 -0.00425648 -0.0122131 -0.00753324 -0.00025088 -0.000731348 -0.000624718 0.000699242 0.0153027 0.00278522 0.000277564 -0.0159152 0.00852133 -0.000305133 0.000452825 0.00174053 0.00181674 0.000132637 -0.00149118 0.000655851 0.000730281 0.000443978 -0.000255934 -0.0177302 0.000215593 -0.000275803 0.000147385 -0.000596053 -0.000312009 -0.00542635 0.000250518 -0.00100782 -0.00178472 0.000561361 -0.00837023 -7.74693e-05 0.00273956 6.6431e-06 -0.00035374 -0.000748602 -0.0107026 0.00389774 0.00889777 -2.05834e-05 -0.00186357 5.7185e-05 -0.00408778 0.00665932 0.000361941 0.000131219 0.000112792 -0.00148192 
1.70122e-06 0.00145878 -0.00145215 0.00176183 -0.00122001 -8.58402e-08 0.000259618 -0.00154826 -0.000498115 -0.00133665 0.000256317 0.00169055 -0.00418263 0.00510708 -0.00905006 -0.00220725 0.000235273 -0.0049397 0.00132618 0.000960727 -0.000431772 0.0304343 -0.000188957 0.000404148 -0.00260384 -0.0074235 5.56661e-05 0.00649586 -0.00188197 -0.00491581 3.28766e-05 -0.000292772 -0.000242376 -3.56452e-05 0.00331749 -0.000850941 0.000704757 -0.000216787 -0.00019805 -0.00288331 -0.000403591 -0.00354733 -7.08058e-06 0.000529002 0.000266646 0.00435989 -0.000325942 0.00140779 -0.00228896 -0.000604096 -0.000954282 -0.00136962 0.00124248 -0.000242049 6.3926e-05 -0.000314333 -0.00285018 -0.00221757 -2.34155e-05 0.00484201 -0.000899269 -3.58682e-05 -7.97906e-05 -0.000654541 0.000616051 -2.2625e-05 0.000106753 0.000797256 -0.00299712 0.000116163 6.17795e-06 -0.000701517 0.00052267 0.000195577 -5.14764e-05 0.000255798 0.000193402 0.00168243 0.00322937 0.000191381 -0.000751463 0.000157794 0.000532773 2.24579e-05 0.00140925 -0.000235608 -0.000106752 0.000832786 -0.00226329 0.00189116 -0.00318884 6.72045e-06 0.000431249 -0.00041084 6.7687e-05 -0.00746239 0.000348314 -9.85733e-05 -0.000206251 0.00308726 
-0.00221354 0.00113891 0.00308557 -0.00970163 0.00272331 0.000845356 5.36868e-05 -0.00279925 -0.00222455 -0.011236 0.000455789 0.00593505 0.00764524 0.0101249 -0.00856684 0.00549005 -0.000888231 -0.0125689 -0.00268838 0.00886846 0.00308127 -0.000188957 0.0542275 -0.00227094 0.000850388 -0.00559158 0.0083307 0.0084292 0.00288317 0.0128528 -0.000643179 0.000592782 0.00762224 -0.00130601 0.0115675 -0.0140887 -0.00144922 -0.000485722 0.000384352 -0.0106329 -0.00291329 -0.00581819 -2.48076e-05 0.000110647 0.000701 -0.00126237 -0.000350164 -0.00186246 0.00290193 0.0014177 0.00236876 0.000487689 0.00014283 0.000206135 -0.000100194 0.000191867 -0.0123432 -0.0113954 -0.000524367 0.00985328 0.00960079 -0.000370539 -0.000232277 -0.0182344 0.000889239 0.000102272 0.000179369 0.000539551 -0.00811867 -3.24148e-05 -0.000246263 -0.00530335 -0.000249788 -7.79605e-05 -0.000921824 3.43922e-05 -0.000185423 0.0055487 -0.00151011 -0.00059752 -0.000976831 -0.00138632 -0.000449539 -4.61239e-05 -0.00460346 -0.00503277 -0.000718279 -0.00203407 0.00399037 0.00845299 -0.0210781 -0.000171551 -0.000152924 0.00155438 -0.000166549 -0.00539316 -0.000196308 -0.000985509 -0.00265274 0.00180157 
7.27871e-05 -0.000471573 -0.0017957 -0.00110598 0.00775139 0.00108746 -5.45241e-05 -0.0026198 -0.000100788 -0.00313984 -0.000329277 -0.00550516 0.0065795 -0.00902482 -0.00705411 -0.00198547 -0.000552865 -0.00682158 -0.000386889 0.000337772 -0.00577604 0.000404148 -0.00227094 0.0362643 0.00486081 0.00506496 -0.00233423 -0.00171453 0.00210003 -0.00316918 2.68282e-05 -0.000348472 -0.00280847 0.000446626 -0.00405571 -0.00162548 -0.000822868 8.60771e-05 0.00134063 0.00422704 0.000202729 0.0116738 0.000219917 1.97383e-05 -0.00135293 -0.000225524 -0.00155121 0.00315097 0.00285227 -0.00152848 -0.00439081 -0.00194937 -0.000193397 0.000707791 0.000431595 -0.000245185 0.00113209 -0.00106566 0.000212448 -0.00702506 -0.00872429 0.00014151 7.6258e-05 0.00303371 -0.00157867 -3.77168e-05 9.84956e-05 -0.000410592 -0.00169728 -9.5933e-05 1.72404e-05 0.00221668 0.000722867 -6.08642e-06 -0.000106222 -0.000288677 -1.06572e-05 0.00864598 -0.00108677 -0.000433188 0.00150498 3.57442e-05 -0.000192879 1.07869e-05 -0.00121515 -0.000693651 -6.70228e-05 9.69391e-05 1.45745e-05 -0.00696426 -0.0011232 6.14686e-06 0.000306437 -0.000299969 -0.000464759 -0.00334755 -0.000169809 0.000594009 0.00029738 0.00534282 
0.000249118 -0.0097919 -0.0367273 8.94667e-05 0.00805391 -0.00318887 -0.0014538 -0.00276107 0.00476967 -0.0350885 -0.00754467 -0.0192544 -0.0480581 0.050329 0.0270985 0.0894487 0.00493447 -0.0272342 -0.00567648 -0.0401137 -0.0103661 -0.00260384 0.000850388 0.00486081 0.221339 0.00977751 -0.0105355 0.0182081 -0.00435409 0.0148993 -0.000142466 -0.00902658 -0.0896214 -0.00118227 0.0848493 0.0037123 -0.0373801 -0.00140171 0.00107903 0.0217432 -0.00630559 0.0204924 6.85616e-05 0.000283742 -0.0227465 0.0162156 -0.0217899 0.0402508 0.0168176 -0.0361824 0.00709956 -0.0229198 -0.000870787 -0.00625489 0.000124199 -0.00516499 -0.0130912 0.00600223 -0.00260332 0.0669693 -0.0872268 -0.00108656 -0.00255565 -0.00443624 -0.0180921 4.68871e-05 0.000321091 -0.00352071 0.0261631 -0.00254259 -0.000116417 -0.00827723 -0.00540414 -5.03327e-06 -0.00120563 -0.011782 -0.000129943 -0.0494292 -0.0100319 -0.0012247 0.00348778 -4.03593e-05 0.00101571 -7.02386e-05 -0.00498705 -0.00248524 -0.00219831 -0.00904909 0.0523014 -0.071204 -0.010796 -0.000445438 0.000235811 -0.0137034 0.00209506 0.0287721 -0.000285274 0.000318564 -0.000660992 0.00905529 
-0.00144403 -0.0104635 -0.00589547 -0.00463411 -0.000927285 -0.00349132 -0.000877572 -0.0214212 -0.013348 -0.00166351 0.00130101 0.035519 0.019397 0.0362507 -0.0205177 0.0180339 -0.0277094 -0.0318458 0.00321118 -0.0208584 -0.00683283 -0.0074235 -0.00559158 0.00506496 0.00977751 0.249517 0.0127172 -0.0459701 -0.0120571 0.00927744 2.84699e-05 0.00222765 -0.0168584 -0.00144362 0.00397596 -0.00961911 0.00118661 -0.00376442 -0.0029241 0.0259494 0.00245341 0.00452125 -1.21812e-05 -0.000730392 -0.00289987 -0.00221584 -0.0158537 0.0169908 -0.00745672 -0.00235735 -0.021087 -0.00165549 -0.00293703 -0.00669099 8.24632e-05 -0.00389655 -0.0340474 -0.0164604 0.00070513 0.0335021 -0.0110046 -0.000486619 -0.00266895 0.000411695 -0.0202961 -0.00127558 -0.000247205 -0.000586487 -0.0379267 -0.00224303 -0.000432031 -0.00995542 -0.00835602 -0.000214706 0.00046893 0.000877569 -0.000178239 -0.00139694 -0.00556629 -0.00100617 -0.00882656 -0.00446585 -0.00291661 3.16351e-05 -0.012121 -0.00482955 -0.00197616 -0.000966659 0.0300531 -0.000371691 -0.0142977 -0.000440325 -0.00373528 -0.00948896 0.000573126 0.0516766 5.57259e-05 0.000607914 -0.0058017 -0.0064837 
-0.000513869 0.00157215 -0.00246483 -0.00157683 0.00234311 0.0003139 4.29935e-05 -0.00962315 -0.00979844 -0.00379814 -0.00436861 0.00504136 0.00588817 0.010606 -0.0125388 -0.00879987 -0.0084055 -0.00457021 -0.000331436 -0.00400454 0.00517004 5.56661e-05 0.0083307 -0.00233423 -0.0105355 0.0127172 0.0778679 0.00520755 -0.00038476 0.0138148 -7.45189e-05 0.000434979 -0.000303896 -0.000594045 -0.00180372 -0.000852523 -0.00267699 0.000150809 -0.0016171 0.0065872 -7.30089e-05 0.00163367 -0.000683083 5.13518e-05 0.00152935 -0.00442874 0.0030007 0.00125807 0.00063748 0.00234897 -0.00526699 0.00100319 -0.000342935 0.00201503 -1.31734e-05 -0.00156917 -0.0118711 -0.02383 -9.70262e-05 0.0126106 -0.0006789 -0.000701586 -5.77993e-05 -0.00630235 -0.000787292 -0.000118198 -0.000862775 0.000650491 -0.0111279 8.17566e-06 -0.000301062 -0.00251383 -0.00339479 -0.000223764 -0.000557829 -0.00205416 -0.000233465 0.00829073 0.00190332 7.53827e-06 -0.00677109 -0.00113501 -0.000832561 -4.31194e-05 -0.00585416 -0.00270803 -8.0071e-05 -0.00286397 0.0168643 -0.00106362 -0.0164017 -0.000244047 -0.00129968 -0.0015973 -0.00553378 0.014504 0.000440182 -0.000706554 -0.00357622 -0.00412845 
-0.000754979 -0.00171274 -0.0135736 -0.00240503 0.00479126 0.00218693 -2.20408e-05 -0.0121146 -0.00589323 -0.00444766 -0.00469772 -0.00220938 -0.0190388 0.0186975 -0.0609944 0.0361838 -0.0102741 -0.0332395 -0.00131153 -0.0201482 -0.00901255 0.00649586 0.0084292 -0.00171453 0.0182081 -0.0459701 0.00520755 0.179063 0.023897 0.0634694 -1.75707e-05 -0.00282188 -0.0136777 -0.000501532 0.0404482 -0.00614721 -0.00568731 -0.00159919 0.000203004 -0.0164138 -0.00313336 -0.0106626 8.91171e-05 0.000978766 -0.004016 0.0159255 0.00166751 0.0179571 -0.0116122 -0.00548301 0.00824548 -0.00331776 -0.000349723 0.00453894 3.84998e-05 -0.00141843 -0.0369528 -0.0217867 -0.00117203 0.0494651 -0.0519311 -6.21006e-05 -0.00221456 -0.0136602 -0.0122048 -0.000439697 0.00029771 -0.00248237 -0.0196105 6.24948e-05 9.25909e-05 0.00942144 0.00837575 0.000213517 -0.000591111 -0.0063787 0.000558254 -0.0110645 -0.00412148 0.000952577 0.00163946 -0.00320145 0.00509777 2.60466e-06 0.00247613 -0.0018454 -0.00103544 -0.00187101 0.0484997 -0.0187843 -0.0294238 0.000277353 0.000565378 -0.00164806 0.00133946 -0.00446068 0.000931836 -0.000652603 -0.00287461 -0.000126764 
-0.00036547 -0.0039467 -0.0039153 -0.0024269 0.0122105 -0.00120688 0.000387015 -0.00330977 -0.00282408 -0.0156345 -0.00144993 -0.0399493 0.0167706 -0.00863922 -0.0281506 -0.0095941 -0.0254463 0.00584857 -0.00140778 -0.0129881 -0.00955651 -0.00188197 0.00288317 0.00210003 -0.00435409 -0.0120571 -0.00038476 0.023897 0.138933 0.0201045 -8.79433e-06 0.0016064 0.013008 -0.000631686 0.00878421 -0.00180154 -0.00380005 0.000459738 -0.00115421 -0.0128736 -0.000723171 0.0101755 4.09087e-05 0.000238558 -0.00145112 0.0102728 -0.00339472 -0.00695097 0.00934074 6.97506e-05 -0.00325113 -0.00929416 -0.000494171 0.00418632 -7.16385e-05 0.000426408 -0.0180278 -0.0109957 -0.000751003 0.0238562 -0.0124132 0.00108574 -0.00100771 -0.00534582 -0.0079978 -0.000231476 0.000267479 -0.00135987 -0.0232035 0.00119879 -9.31498e-05 -0.00224864 0.00692704 -4.83651e-05 -0.00052591 0.000146075 -5.70141e-07 0.0229491 -0.00342351 -0.0012735 0.00014257 -0.00170108 0.00521985 -5.39021e-05 -0.00550646 -0.0024902 -0.000773723 -0.00184354 0.0217334 -0.0130755 -0.0158158 0.000102191 -0.00115353 0.0117444 -0.0014121 -0.00188358 -0.000568831 -3.41733e-05 -0.00276959 -0.00369642 
-0.00172093 -0.000502423 -0.0171487 -0.00376986 0.0107834 -0.00122497 -0.000305503 -0.0263956 -0.010193 -0.0184776 -0.00802847 -0.0148238 0.0256174 0.0253949 -0.0681378 0.0277277 -0.0444416 -0.0553743 -0.00310936 -0.0471207 -0.00889333 -0.00491581 0.0128528 -0.00316918 0.0148993 0.00927744 0.0138148 0.0634694 0.0201045 0.249532 -0.000276437 -0.00272806 -0.00592447 -0.000397577 0.020942 -0.0125325 0.00183776 -0.00169769 -0.00217684 -0.0085041 -0.00238204 -0.0110157 -3.87063e-05 -0.000261904 -0.00448238 0.00676375 -0.000975233 -0.0171331 0.00216205 -0.016045 0.0116749 -0.0128064 -0.000890375 0.0036405 0.000293152 -1.32383e-05 -0.0357258 -0.0284935 -0.00211356 0.0178159 -0.013072 0.000709274 -0.00516933 -0.0138018 -0.0279935 -0.0014705 -0.000480999 -0.00612227 -0.0286593 -0.000229199 -0.000220323 0.0200944 0.00484988 0.000110907 -0.000630827 -0.0125334 0.000362379 -0.00246266 -0.00180574 0.00164196 0.000815648 -0.00358502 0.00120925 -0.000160461 0.00718868 -0.00255162 -0.000594561 0.00825938 0.0908792 -0.0178202 -0.0432169 8.35934e-05 0.000975387 0.00209947 0.00145351 0.0227562 0.00054108 -0.000833707 -0.00244001 -0.012412 
0.000197374 -4.68318e-06 -7.49871e-05 0.000423487 -8.2892e-05 -1.55262e-05 -7.41531e-07 -7.56362e-05 -2.36842e-05 0.000304858 -1.23005e-05 -0.000172564 -0.000256231 -0.00051323 0.000109559 -0.000375328 -2.0645e-05 0.000339061 5.75541e-06 -8.99126e-05 1.19689e-05 3.28766e-05 -0.000643179 2.68282e-05 -0.000142466 2.84699e-05 -7.45189e-05 -1.75707e-05 -8.79433e-06 -0.000276437 0.00137899 -1.23202e-05 -0.00022254 0.000134127 -0.000424376 0.000505401 7.70442e-06 -3.3857e-06 -1.23546e-06 0.000206568 7.16131e-05 0.00012027 -2.54071e-06 -9.85597e-07 -4.14251e-05 -7.02941e-05 2.15624e-05 -9.76187e-05 -2.7445e-05 5.52401e-05 -0.000195004 -5.91236e-05 3.17599e-06 -6.21577e-06 -2.66891e-07 1.02849e-05 0.000407709 3.18946e-05 1.75558e-05 -0.000495332 -0.000404205 7.77979e-06 -2.39218e-06 0.000324397 -7.88095e-05 1.3412e-06 -6.76766e-07 -9.20385e-06 -1.04201e-05 -2.9429e-06 6.67249e-06 1.49e-05 1.80078e-05 2.61235e-06 1.13482e-05 1.57428e-05 -1.63638e-08 -0.000163113 1.35548e-05 1.01039e-05 -2.70248e-05 4.33223e-06 -1.05628e-05 1.64994e-06 9.66317e-05 0.000108669 3.15675e-06 -8.34312e-06 -0.000354206 -0.000225796 0.000548983 2.23792e-05 7.23364e-06 1.16516e-05 -2.80607e-05 6.20684e-05 -6.00952e-06 1.94914e-05 9.1635e-05 1.65387e-05 
-5.32669e-05 -0.000171626 0.00177776 -0.000542908 -0.000344364 0.000905789 8.97649e-05 -0.000947035 0.000208724 0.00142376 0.00238781 0.000825357 0.00410147 -0.00645155 -0.00133209 -0.0078808 -0.000188979 -0.00252447 0.000370127 0.00555454 -0.000530019 -0.000292772 0.000592782 -0.000348472 -0.00902658 0.00222765 0.000434979 -0.00282188 0.0016064 -0.00272806 -1.23202e-05 0.0156312 0.00660658 -3.15491e-05 -0.00857572 -0.00121366 0.00135426 0.000118128 2.93657e-05 -0.00202921 0.00066234 -0.00152842 -1.23932e-05 -2.47473e-05 0.00292691 -0.00108123 0.00152636 -0.00202016 -5.53769e-05 0.00524762 -0.000913065 0.00251594 3.77027e-05 0.00114284 9.42735e-06 0.00019655 -0.00288674 -0.00102575 -6.38804e-06 -0.00635683 0.00471839 2.70529e-05 -4.76896e-05 -0.000616179 0.00140121 1.59617e-05 3.04337e-05 6.68876e-05 -0.00141956 8.23501e-05 -9.31293e-06 -0.000316333 0.000704204 4.10415e-05 6.00565e-06 0.000870847 -1.40251e-05 0.00297279 0.000286933 7.03289e-05 -0.000110015 0.000177096 0.000118979 3.25931e-06 -0.000714948 -0.000204126 0.000165416 0.000696453 -0.00269087 0.00300761 -0.0016601 -3.24215e-06 6.54882e-05 0.00196434 -0.000114123 -0.00600091 5.88053e-05 0.000127694 -0.000195163 -0.000116714 
-0.000739813 0.00350353 0.0193322 -0.0101309 -0.0115094 0.00342578 0.000998786 -0.00759319 -0.00146182 -0.0127544 0.00803339 -0.00943628 0.0542606 -0.058674 -0.0191879 -0.0793185 -0.0097058 0.0114462 0.000398856 0.0406073 -0.00191096 -0.000242376 0.00762224 -0.00280847 -0.0896214 -0.0168584 -0.000303896 -0.0136777 0.013008 -0.00592447 -0.00022254 0.00660658 0.171246 -0.000118486 -0.0429059 -0.0134626 0.00970964 0.00123648 -0.00121068 -0.0184648 -0.00102376 -0.0177016 0.000440614 -0.000433117 0.0177439 -0.0105428 0.0128534 -0.0306837 -0.0108033 0.0275423 0.0172471 0.0192963 -7.54564e-05 0.0031891 -9.53323e-05 0.00369692 -0.00213734 -0.00512693 -0.000125892 -0.0327711 0.0603801 0.00120821 0.00085828 -0.0122498 0.0176024 -0.000394888 -0.000298054 0.00211568 -0.0140239 0.00214093 0.000114391 -0.0151414 0.0024952 -6.55449e-05 -0.000384882 0.00492522 3.37479e-05 0.0472735 0.00508738 0.000319021 -0.000247282 0.000795834 0.00106768 -8.67133e-05 0.00325558 -0.00457811 0.0010204 0.00935019 -0.0355944 0.0514671 -0.00115782 0.000328075 0.000305416 0.0189461 -0.00304923 -0.0504449 -0.000703168 -0.000581174 0.000954601 -0.00672357 
0.000189904 0.00158388 0.000702115 0.000261182 -0.000316457 0.000118794 4.48169e-05 0.000449993 0.000211792 -0.000252392 9.56805e-05 -0.00145608 -0.000933361 -0.00190788 -0.000581524 -0.00219359 0.000387815 0.00198436 -6.69252e-05 -0.000175451 0.000320159 -3.56452e-05 -0.00130601 0.000446626 -0.00118227 -0.00144362 -0.000594045 -0.000501532 -0.000631686 -0.000397577 0.000134127 -3.15491e-05 -0.000118486 0.00574487 -0.00239051 0.00122138 -0.000177534 0.000133351 -6.72563e-06 0.000769398 5.12517e-05 0.000232626 -6.87212e-06 -1.09931e-05 0.000172099 -0.000294222 -0.000231254 -0.000202617 -0.00032142 -0.000517542 -0.000506458 -0.000256429 -1.46905e-05 -2.81617e-05 8.61941e-06 0.000198715 0.000822485 0.000206861 -5.94749e-06 -0.00221468 0.000618026 7.99848e-05 -3.2541e-07 0.000437171 0.000358541 5.10379e-05 -1.69416e-05 -2.15008e-05 0.000848979 5.98517e-05 1.80467e-05 -0.000202451 0.000388573 2.14187e-06 2.4976e-05 -8.06658e-05 4.14537e-06 0.000289922 -8.82878e-05 4.70669e-05 -9.02952e-05 -2.49373e-05 -9.01386e-05 -4.81533e-07 0.000442094 7.34442e-05 0.00017674 0.000322381 -0.00128782 0.000304745 0.00190561 2.04685e-05 0.000104496 0.000318081 -0.000122931 -0.000326339 -3.58435e-05 8.4021e-05 0.000254577 -2.69258e-05 
