0.0261313 0.00244991 0.000250589 0.000137935 0.00060877 0.00376383 -0.000588043 0.00117705 0.00173345 -0.00101247 -0.00854725 -0.000218914 -0.00121189 -0.00167089 -0.00571466 0.00214376 -0.00392151 0.00442924 0.00149058 0.00711376 0.00107693 -0.00843338 0.00519646 -0.00558797 -0.00468471 -4.98896e-05 0.00240333 -0.00561879 -0.00100483 -3.50061e-05 -0.00533597 4.55951e-05 -0.00666118 0.00139005 0.00159312 0.000330679 -0.00233108 0.00151857 -0.00468123 9.31426e-06 0.00714364 0.00584252 -0.000668274 0.000937255 -0.000717907 -0.00132569 -0.0010193 0.00427526 0.000923753 -7.91478e-06 -0.000470331 -0.00334885 -0.000142482 -0.000165179 0.000265077 0.00170094 -0.00404742 0.000461386 -0.00161671 -0.000338976 -0.0030127 -0.000977516 -0.000350754 -6.59772e-06 -0.00487717 0.0040328 -0.000403043 2.89255e-05 2.4368e-05 0.000157931 0.00148745 0.000948981 -0.00208987 -0.00112181 0.000390035 2.13605e-05 -0.00017625 0.00032627 -3.2995e-05 0.000249907 -0.000920329 0.00113348 -0.00053137 -0.0018151 0.000325821 0.00183472 0.00423236 0.00125537 1.71704e-06 0.000144927 -0.00041468 0.000204708 3.38633e-05 -0.00351871 0.0010404 -0.000723849 -0.000920178 -3.20109e-05 -0.000487154 -0.000828664 
0.00244991 0.24999 0.00180762 0.0149796 0.0107954 0.0451862 -0.00881192 0.0236709 0.0185375 -0.0261196 -0.0616455 -0.00470092 0.0207226 -0.0223647 0.0451363 -0.0314911 -0.000711903 0.035664 0.0197031 0.0584068 0.049627 -0.070309 0.10327 -0.0961614 -0.013909 -0.00189698 0.0171395 -0.0786925 -0.00696795 0.0251014 0.0340842 -0.00251567 -0.0800713 0.00876859 0.050955 0.0123468 -0.0264002 0.0255764 -0.0625576 0.00291898 0.038791 0.0085304 0.00809144 -0.010817 -0.00786749 -0.0108359 0.0124669 0.00707629 0.00119797 -0.000720076 -0.00671963 -0.0166945 -0.00130263 -0.000443406 0.00216424 0.0256747 -0.071188 -0.000604191 -0.0684873 -0.00318606 -0.0538149 -0.00924244 0.00241405 -7.56617e-05 -0.0278531 -0.0219062 0.00508307 -0.000661536 0.000968204 -0.0281352 0.0213002 -0.00583134 -0.049748 -0.0185132 0.00892386 4.72215e-05 -0.0035007 -0.0038366 0.000168957 -0.00144484 -0.00227411 -0.00463349 0.051455 -0.0242973 0.0364799 0.0169467 -0.00305664 0.0028127 5.50285e-05 0.000356343 -0.000198133 0.0017847 -0.00301125 -0.0648966 -0.00165674 -0.00447019 0.00303539 -0.000286494 0.00666571 -0.0117895 
0.000250589 0.00180762 0.109692 0.000117688 0.00811877 0.00105015 0.0012347 0.0390673 0.00704748 0.00872504 -0.0357949 -0.000676045 0.0142486 -0.034462 0.00481256 -0.0175804 -0.0626298 0.0069168 0.0104321 0.0367953 -0.0123994 -0.0432907 0.0341426 0.021948 0.000929862 0.0192449 0.0185399 -0.0315059 -0.0136166 -0.0105336 -0.0314132 0.000138669 -0.0137545 0.0221778 0.0350406 0.000310941 -0.0083331 -0.051824 -0.0310914 0.0101341 0.00415863 -0.00997219 -0.0043092 -0.00338993 -0.00904148 0.0534367 0.0100966 0.00182859 0.00385429 -0.000368339 0.00429476 -0.0185554 0.0134154 -0.000374665 -0.00439065 -0.0176527 -0.00285535 0.000796822 -0.0240589 -0.00244202 -0.00355949 -0.00579396 0.000700327 -7.22701e-05 -0.0108607 0.00122261 0.0147796 -0.000226697 0.00101362 0.0092306 0.0348713 0.00432168 0.00608554 0.0182317 0.0048739 6.84647e-06 0.00115655 0.00429702 -0.000195272 -0.00121937 -0.00445868 0.00147685 0.00548775 0.0141523 -0.0455919 -0.0213456 -0.0119016 0.00512296 0.000223715 -0.00383679 -0.00179927 -0.000168319 -0.000315065 -0.0232873 0.000999557 -0.000973307 -0.002647 8.81657e-05 0.00255434 -0.00113425 
0.000137935 0.0149796 0.000117688 0.039445 -0.00130394 0.000939739 -0.000832023 0.000573622 0.00373185 -0.00157949 -0.0089506 -0.000450426 0.00177781 -0.00205031 -0.00190319 0.00487466 -0.00989991 0.00132098 0.00447175 0.00837962 0.00775888 -0.0120548 0.00376326 -0.00826087 -0.00983376 3.92002e-05 0.0105641 -0.0109028 -0.00116138 0.00722467 -0.00158018 -0.000288954 -0.00982726 -0.000732613 0.00362601 -0.00040028 -0.00304072 -0.000694451 -0.0104107 0.000214191 0.0144928 0.00581233 -0.000309005 0.00226571 -0.000483483 -0.00254031 0.00096849 -0.000366378 -0.000447522 -0.00014864 -0.000740769 0.00105746 -0.000283713 -0.000248587 -0.000796618 0.0053697 -0.00772798 0.000167527 -0.0058755 -0.000815291 -0.00348695 -0.000238868 0.000194851 3.29007e-05 -0.00687715 -0.000337403 -0.0010942 -3.40548e-05 -0.00014739 -0.00198442 -0.00160176 -0.000196636 -0.00757311 -0.00293491 -0.0005055 -4.77531e-05 -0.000448778 0.000140292 0.000191362 -0.000891385 -0.00035389 0.00178329 0.00904997 -0.00411132 0.00610611 0.00109902 -0.00362236 0.00178868 0.000101328 -2.62936e-05 -0.000128524 0.000374564 -0.000171225 -0.00689858 -0.000495032 0.000454247 -0.00158697 -5.29675e-05 -0.00154944 -0.00105179 
0.00060877 0.0107954 0.00811877 -0.00130394 0.0600741 0.0103735 -0.00183468 -0.00636268 0.00201631 -0.00345487 -0.0232595 -0.00039672 0.0105549 -0.0110889 0.0133591 -0.0108913 -0.00443796 0.0178015 -0.00717275 0.0247619 -0.0061418 -0.0313898 0.0173076 -0.0137536 -0.0054592 -0.00130691 0.00117797 -0.0111807 -0.00293267 -0.001224 0.00590195 -0.000495937 -0.0117335 0.0124568 0.0220672 -0.00199906 -0.00356617 -0.0177411 -0.00776704 -0.00248546 -4.69798e-05 -0.000519604 -0.0011575 -0.00161702 0.000228594 -0.00244996 0.0018298 0.00533017 0.00289676 0.000219608 0.000447118 -0.00917927 0.00713996 -0.000420434 -0.00185741 -0.00176065 -0.0104007 0.000323304 -0.0149777 0.0022238 -0.00426223 -0.00362011 0.00037886 -7.72388e-06 -0.00559532 -0.00406627 0.00956236 -0.000135317 4.81508e-05 -0.00330656 0.0142771 0.0036142 -0.00438218 -7.06909e-05 0.00426521 0.000108492 0.00171463 0.00227818 -7.25136e-05 -0.00179457 -0.00248652 0.00478544 0.00588945 0.00150885 -0.0179432 -0.000892871 -0.00176426 0.00239641 0.000340553 -0.00086913 0.00299677 0.000115097 -0.000139961 -0.00764804 -2.71233e-05 0.000775597 0.00472603 0.000182015 -0.00196021 -0.00316574 
0.00376383 0.0451862 0.00105015 0.000939739 0.0103735 0.110715 -0.00440628 0.0191459 0.00913961 -0.00887528 -0.0329082 0.000129258 -0.00170273 -0.0119985 -0.0215947 0.0259844 -0.0116723 0.0435222 0.0129584 0.0241111 0.00849749 -0.0372866 0.0376795 -0.0284772 -0.00398107 0.0172992 0.00211784 -0.0266407 -0.00561944 0.00670138 -0.0198244 -0.000905082 -0.0271515 0.00449939 -0.00329539 0.00302534 -0.0108737 0.00375257 -0.0324207 -0.000907567 0.0305183 0.0348512 0.00982823 -0.00803388 0.00178056 -0.00530143 -0.00175484 0.00848229 0.00129904 -0.000455818 -0.000257629 -0.00856393 0.00265927 -3.10106e-06 -0.000854634 -0.0109203 -0.0240595 0.00210585 -0.0353249 -0.000747434 -0.0103607 -0.00290195 -0.00153368 -7.22799e-05 -0.0128954 -0.00298915 0.00359495 -4.83641e-05 0.00259275 -0.00466007 0.0103211 0.00166426 -0.0200605 -0.00714325 0.00968735 0.000276813 -0.00102556 0.0010054 -0.000328017 -0.00383495 -0.00368521 -0.00763443 -0.00892949 -0.00373816 -0.0275287 -0.000847108 0.0101481 0.00802946 1.36253e-05 -0.00282747 0.00198913 0.000182793 -0.0011522 -0.0163343 -0.000944933 -0.0020582 0.000417216 0.000239417 0.00468407 -0.00661044 
-0.000588043 -0.00881192 0.0012347 -0.000832023 -0.00183468 -0.00440628 0.041128 -0.00529313 -0.00202542 0.0141893 0.00910339 0.000865094 -0.00344569 0.000148959 -0.0134474 -0.00448234 -0.00295365 -0.00340822 -0.00773244 -0.00738695 -0.00715199 -0.00749988 -0.0127721 0.00643461 0.0118064 -0.00363434 -0.00259094 -0.000201797 0.00595957 -0.00203199 0.000308337 0.000701589 0.00851863 0.000456403 -0.00705516 -7.73781e-05 -0.00309572 -0.0104313 -0.00886083 -0.000815663 -0.00439305 -0.00203253 0.00162626 -0.00291418 -0.00164033 0.00496615 -0.00177943 -0.000832435 -0.00030736 0.000132917 0.00259373 -0.00574093 0.00129563 -0.000221368 -0.000684011 -0.00442286 0.0101899 -0.000277861 0.0159871 0.000234037 0.000753462 -0.00359997 0.000159243 -3.02215e-05 0.0181249 0.00244751 -0.000670675 -5.13797e-05 -0.000191363 0.00436458 -0.00304706 -0.000191649 0.0109405 0.0090144 -0.000767268 -7.82869e-05 -0.000271065 -9.65e-05 6.16472e-06 -0.0010997 -0.000239618 -0.00172566 -0.00504256 0.00963105 -0.00626449 -0.00615452 -0.00255643 -0.000483661 2.74175e-05 -0.00067853 -9.66705e-05 -0.000274821 0.000468259 -0.000737852 -0.00108465 0.000271222 0.00287436 7.10633e-08 -0.0012372 -0.00217837 
0.00117705 0.0236709 0.0390673 0.000573622 -0.00636268 0.0191459 -0.00529313 0.160113 0.0163633 -0.0110295 -0.0458477 -0.000314901 0.0142148 -0.0366564 0.00501295 0.00162547 -0.0385733 0.0171764 0.0357529 0.0387486 -0.0297658 -0.0322954 0.0585767 0.00562028 -0.00735031 0.0329237 0.0239544 -0.0202603 -0.0102051 -0.0152468 -0.0596975 -0.00212542 -0.0113559 0.0111545 0.0202526 -0.00639434 -0.00361548 -0.011741 -0.0179256 0.0159539 0.00843769 0.00569448 -0.000884126 -0.00228945 -0.0144494 0.0243691 0.0127589 0.000870201 0.00324947 -0.000755065 0.00103157 0.00313064 -0.000673214 0.000833157 -0.00511893 -0.0264794 -0.0180216 0.00242552 -0.0535873 -0.000618022 0.00256754 0.00254987 -9.84279e-05 -2.63262e-05 -0.0291771 -0.00336288 0.00310487 -1.90189e-05 -0.000943495 -0.000887792 0.0166088 0.00122174 -0.0146659 -0.002946 0.00357303 -0.0002466 0.000584907 -0.00080689 -0.000332477 0.0048308 -0.000853582 -2.07241e-05 -0.000962264 -0.00259822 -0.0332734 -0.0376988 0.00761293 0.00190382 8.96018e-05 -0.00675 -0.00276327 0.000300967 -0.00113363 -0.00251237 -0.00247445 -0.00419958 -0.00574737 -8.09437e-05 0.00291445 -0.00222774 
0.00173345 0.0185375 0.00704748 0.00373185 0.00201631 0.00913961 -0.00202542 0.0163633 0.0541885 -0.00336363 -0.0234581 0.000199348 0.00118579 -0.0146475 0.00934448 -0.00290901 -0.0229139 0.0156145 0.0128963 0.0299768 -0.0110893 -0.019403 0.0262719 -0.0110559 -0.00871093 -0.000598633 0.0119273 -0.0145159 -0.00613376 -0.00234997 -0.0150339 -0.00062219 -0.0118962 0.00567615 0.00913039 -0.00098699 -0.00463956 -0.00148419 -0.0116458 0.00151915 0.00518144 0.00715724 -0.000373532 -0.000832031 0.00184492 0.00149431 0.00822512 0.000107572 0.00303453 -0.00010634 0.000317252 -0.00546968 -0.00119957 0.00070171 -0.00191012 -0.00600525 -0.0112847 0.000816907 -0.0163952 0.000698965 -0.00643643 -0.00437539 0.000305836 1.64881e-05 -0.0125114 0.00167742 0.00640422 -8.7466e-05 -0.000476878 -0.00253839 0.0147349 -0.000100411 -0.00876218 -0.00377594 0.00127943 -3.81629e-05 0.000560991 -0.000888603 9.38674e-05 0.00115321 0.000201812 0.00147794 0.00725339 -0.00434713 -0.0126759 -0.00804288 0.00520819 -0.000252631 0.000150884 -0.00183737 0.000939498 0.00145824 -0.000506296 -0.00991536 0.0009048 -0.00119934 -0.00124416 -2.60076e-05 0.00501909 -0.00182189 
-0.00101247 -0.0261196 0.00872504 -0.00157949 -0.00345487 -0.00887528 0.0141893 -0.0110295 -0.00336363 0.0859748 0.0125661 -0.000162902 -0.00332049 -0.0148114 -0.0222045 -0.0100674 -0.00828414 -0.00371575 -0.0187109 -0.011578 0.00282091 -0.0268232 -0.0230933 0.0101991 0.0378709 -0.0105245 -0.0024379 -0.014592 -0.00024933 0.00625963 -0.000264541 -0.000290203 0.00282048 0.00175925 -0.00959404 -0.00545593 -0.00608381 -0.0271656 -0.0269023 -4.24776e-05 -0.00649066 -0.00991549 -0.00138697 -0.00676318 -0.00555664 0.0174072 -0.00355609 -0.00152096 -0.00123388 0.000197395 0.00240906 -0.0117671 -0.00120316 -0.000290356 -0.00290136 0.00384467 0.0381604 -0.000895025 0.0329418 -0.00151889 -0.000319687 -0.00575076 -0.000160068 0.0001968 0.0477815 -8.49338e-05 0.00204657 -0.000195859 -0.00047776 0.0127074 -0.00340007 -0.00235968 0.0310818 0.0111301 -0.00187019 -1.57849e-05 -0.000891855 -0.00151403 -0.000164584 -0.00189678 -0.00300401 -0.0058656 -0.0064773 0.0292885 -0.00579098 6.05101e-06 0.00370326 -0.0020709 -2.47288e-05 -0.00114942 -0.0012836 -0.000618907 -7.2634e-05 -0.0164912 0.000990808 0.0021793 0.00413591 -4.5711e-05 -0.00125881 -0.00332889 
-0.00854725 -0.0616455 -0.0357949 -0.0089506 -0.0232595 -0.0329082 0.00910339 -0.0458477 -0.0234581 0.0125661 0.22371 -0.00521344 -0.0447245 0.0272273 -0.0474147 0.00517228 0.0620717 -0.038585 -0.0165315 -0.097776 -0.00398488 0.0850222 -0.110838 0.0319655 0.0637322 -0.0319663 -0.0370759 0.0512084 0.0246203 -0.00166314 0.0313478 0.00289261 0.0465961 -0.0322722 -0.0771104 -0.0039189 -0.00230593 0.031062 0.0201839 -0.0166002 -0.0532209 -0.0332241 0.00792013 0.00691022 -0.0103794 -0.0266823 -0.0229596 -0.0132214 -0.0087504 0.000780915 -0.000553456 0.024084 -0.0113252 9.26414e-06 -0.000396237 0.0128063 0.0386112 -0.00196367 0.0780691 -0.00488877 0.031169 0.00713351 -0.00264658 -2.43512e-05 0.0545444 -0.00213292 -0.0157782 -0.000171817 0.000463773 -0.00057031 -0.0525223 -0.00238729 0.0298854 0.003124 -0.00710821 -0.000452144 -0.000719583 0.000240357 -0.000207294 -1.54647e-05 0.00455275 0.00361508 -0.0407664 0.00971636 0.0199542 0.0220693 0.0130377 -0.00770907 -0.000504082 0.00555215 0.000592226 -0.000973739 -0.00191848 0.0387393 -0.00473132 0.00511351 0.000212447 -0.000557922 -0.00179084 -0.00774083 
-0.000218914 -0.00470092 -0.000676045 -0.000450426 -0.00039672 0.000129258 0.000865094 -0.000314901 0.000199348 -0.000162902 -0.00521344 0.0195342 -0.000415632 -0.000721396 0.000320186 0.00223946 -0.00638941 0.000234364 -0.00162515 3.42235e-05 -0.000178175 0.0013425 0.00106001 0.00475446 -0.00342096 0.00107667 -0.000597396 -0.000401578 0.00133103 -0.000207131 -0.0056074 -5.19041e-05 -0.000849039 0.00195299 -0.000570723 0.000144733 0.0005592 -0.00166095 -0.00212057 -0.000427968 -0.000593022 0.000585673 0.000410288 -0.00099211 -4.35977e-05 -0.000858081 0.000930346 0.000106293 0.000601961 7.5511e-05 0.000499337 0.00230592 0.00175434 8.05278e-06 -0.000453877 -0.00108782 -0.000315567 0.000121176 0.000431379 0.000143996 0.000232415 0.00142707 -8.5736e-05 1.57758e-06 -0.00159193 -0.000207804 0.000518687 0.000103744 -6.08507e-05 -0.000138006 0.00169941 0.00131975 -0.00319534 -0.000584003 -0.000208653 4.84706e-06 -0.000118321 -0.000120682 4.93105e-06 -0.000447964 0.00268863 -0.000404411 -0.00082441 -0.00149566 0.00017726 -0.000780044 -0.00172836 -0.000107185 -5.77885e-06 -0.000181488 0.00128579 0.000541283 -2.1435e-05 6.66899e-05 -0.000432572 -0.000418692 -0.000331346 3.43321e-05 -0.000397841 0.00175381 
-0.00121189 0.0207226 0.0142486 0.00177781 0.0105549 -0.00170273 -0.00344569 0.0142148 0.00118579 -0.00332049 -0.0447245 -0.000415632 0.0795423 -0.0128305 0.0342658 -0.0191568 -0.0236496 0.0121043 -0.0169146 0.0386337 -0.0177821 -0.035706 0.031503 -0.010133 -0.0192252 0.00522021 0.0121112 -0.0153427 -0.00933667 -0.0057582 0.0013337 -0.0014657 -0.00797396 0.0121858 0.0436105 -0.00315156 -0.00347368 -0.0254118 -0.00387854 0.011288 0.00966351 -0.00717181 -0.00429233 -0.00294132 -0.00207808 0.0116443 0.0145372 0.00408054 0.00153985 0.000255605 0.000307446 -0.00146939 0.00114249 2.58434e-05 -0.00163121 -0.00539059 -0.0131625 -0.000603871 -0.0166855 0.0038206 -0.0103676 0.00426733 0.00164636 6.11822e-05 -0.0173899 -0.00237827 0.00839827 -0.000129928 -0.000225647 -0.00558332 0.0242961 -0.000233744 -0.00864284 -0.0053496 0.00404011 -3.55677e-05 0.00188006 4.34351e-05 7.01009e-05 -0.00129021 -0.00328551 0.000526049 0.0120029 -0.00765955 -0.01249 -0.010891 -0.0114994 0.000310971 0.00013964 -0.00213014 0.00118316 4.8833e-05 -0.000656899 -0.0103263 0.00265722 -0.00184147 0.00183712 -7.71892e-05 -0.0016078 0.000600787 
-0.00167089 -0.0223647 -0.034462 -0.00205031 -0.0110889 -0.0119985 0.000148959 -0.0366564 -0.0146475 -0.0148114 0.0272273 -0.000721396 -0.0128305 0.224975 -0.0179257 0.0269492 0.0476424 -0.0333584 0.0127148 -0.0514743 -0.00551991 0.0475001 -0.0537803 -0.0421952 -0.00646655 -0.00281687 -0.0140413 0.0471227 0.0167294 -1.51624e-05 0.0501376 -0.00126913 -0.0026938 -0.0171525 -0.0238859 0.0146027 0.0154715 0.0495954 0.0541257 -0.0130659 -0.00974026 0.0101323 -0.000956784 -0.00724138 -0.00208784 -0.0282501 -0.0080332 -0.00523339 -0.0045731 0.000324273 -0.00582099 -0.00914251 -0.00886811 -0.00122619 0.00210918 0.0274498 -0.0269519 -0.0003432 0.00393222 -0.00134291 -0.00661503 -0.0147279 5.158e-06 -0.000286274 -0.0348348 -0.00320535 -0.0189293 -0.000155424 -0.00222958 -0.00931116 -0.0271701 -0.00548155 -0.0186492 -0.0207921 -0.00466455 -0.000174358 -0.00240916 -0.00106585 -0.00046679 -0.00671109 0.00118133 0.00219985 -0.00758079 -0.0295806 0.0524225 0.0364581 -0.0309918 -0.00280108 -0.00044847 0.0133673 -0.000988229 -0.00136106 -0.00139968 0.0481244 -0.00239582 -0.00749149 -0.00746879 6.42071e-05 -0.00280841 0.00925814 
-0.00571466 0.0451363 0.00481256 -0.00190319 0.0133591 -0.0215947 -0.0134474 0.00501295 0.00934448 -0.0222045 -0.0474147 0.000320186 0.0342658 -0.0179257 0.241439 -0.0768494 -0.00209029 0.00213154 -0.0112757 0.0423738 0.000100444 -0.0124862 0.0835965 -0.000154839 -0.05785 -0.0189133 0.0178414 -0.0307692 -0.0139617 -0.0146284 0.0409803 -0.00203255 -0.0273941 0.017388 0.0588279 -0.00443656 0.0116679 0.00700399 0.0231171 0.013014 -0.0103186 -0.027923 -0.00973743 0.00534477 -0.00463381 -0.013829 0.0202799 0.000994197 0.000244167 -0.000884799 -0.00539274 0.00320967 -9.8874e-05 -0.000398985 -0.00220795 0.00501888 -0.0375912 -0.00181715 -0.0557085 0.00804734 -0.0409722 -0.00236598 0.00318036 0.000207804 -0.0472496 -0.0222705 0.00693369 -0.000484524 -0.00198081 -0.0249451 0.0218164 -0.00227018 -0.0259955 -0.0254281 0.000652264 -0.000156656 0.000252735 -0.00511212 0.00128675 0.00312828 0.00925795 0.0201585 0.056414 -0.0340093 0.0308024 -0.0132292 -0.0256169 -0.00506179 -7.49241e-05 -0.00408174 0.00223892 8.3881e-05 -0.00138223 -0.0206297 0.000673919 -0.00228737 -0.00476901 -0.000314046 -0.00153838 0.0138551 
0.00214376 -0.0314911 -0.0175804 0.00487466 -0.0108913 0.0259844 -0.00448234 0.00162547 -0.00290901 -0.0100674 0.00517228 0.00223946 -0.0191568 0.0269492 -0.0768494 0.220346 -0.00254748 0.0095174 0.05624 -0.00788783 -0.0540961 0.0257792 -0.0430289 0.0146794 -0.0141712 0.0214928 -0.00836831 0.0677706 0.0375725 0.00265205 -0.0775841 0.00529614 0.0100444 -0.0151068 -0.0412894 -0.00487508 0.00404321 0.0370304 0.0581099 -0.00450537 0.0202225 0.0487486 -0.00805307 -0.00172488 0.0186987 -0.00881331 -0.00956341 0.00302314 -0.00149816 -0.00119388 -0.00360135 -0.00160511 -0.00910953 -1.28014e-05 -0.00239569 -0.0248496 -0.0181941 0.00177663 -0.00046742 -0.00194231 0.0416993 0.014199 -0.0042465 -0.000183103 -0.0336144 0.00119419 -0.0117803 0.000458615 0.000403348 -0.00159621 -0.011756 -0.00195846 -0.0427198 -0.0192284 -0.00216938 7.00721e-05 -0.00106105 0.00125736 -0.000795179 -0.00593913 -0.002922 -0.00409515 -0.0424059 -0.0179313 -0.0458098 -0.0138796 0.00289218 0.00558376 -0.000357287 -0.00753627 -0.00265012 -0.000596633 -0.00279216 0.0621368 -0.00215167 -0.00789376 -0.0126557 0.000121262 -0.00521757 -0.0161926 
-0.00392151 -0.000711903 -0.0626298 -0.00989991 -0.00443796 -0.0116723 -0.00295365 -0.0385733 -0.0229139 -0.00828414 0.0620717 -0.00638941 -0.0236496 0.0476424 -0.00209029 -0.00254748 0.182943 -0.020465 -0.0166606 -0.0651684 0.00382879 0.061164 -0.0444206 -0.0275548 0.0157889 -0.024233 -0.0294249 0.0407787 0.0109269 0.00557514 0.0475926 -0.00244011 0.0247592 -0.0234392 -0.0377865 -0.00106634 0.0130465 0.0682929 0.0519617 -0.0171294 -0.0219533 -0.00493175 0.00545039 -0.000970455 0.0106102 -0.056927 -0.0170733 -0.00576447 -0.00716456 -0.00010751 -0.00874412 0.0206505 -0.0148406 0.000197375 0.00684442 0.017105 -0.00294125 -0.000677844 0.0159977 -0.00121501 0.00030147 -0.0043148 -0.000341133 -4.60455e-05 0.0250684 -0.018497 -0.0223441 0.000105379 -2.07209e-05 -0.0163736 -0.0420416 -0.00591793 -0.00104117 -0.0194189 -0.0083951 -0.000298766 -0.00188286 -0.00365104 -0.000334621 0.00111755 -0.00215367 -0.00725511 -0.00936766 -0.0148764 0.0550758 0.00968803 -9.00023e-05 -0.00768696 -0.000450158 0.00603233 -0.00307508 -0.00216376 0.000318676 0.0383692 -0.00979626 0.00177161 0.00830971 -0.000230215 -0.00429117 0.00074472 
0.00442924 0.035664 0.0069168 0.00132098 0.0178015 0.0435222 -0.00340822 0.0171764 0.0156145 -0.00371575 -0.038585 0.000234364 0.0121043 -0.0333584 0.00213154 0.0095174 -0.020465 0.100209 -0.000793536 0.0503619 -0.00119784 -0.0541341 0.0417769 -0.0229055 -0.00583457 0.0147459 0.00769345 -0.0350218 -0.0136477 0.00406931 -0.0186576 -0.0010749 -0.0232808 0.0078044 0.00996435 -0.00137115 -0.0099979 -0.00692139 -0.0315195 0.00405537 0.0231014 0.0208084 -6.10658e-05 -0.00345059 0.00334989 0.00296857 0.00621156 0.0102385 0.00555615 -0.000327153 0.000870239 -0.013237 0.00318728 0.000211232 -0.00355643 -0.0106871 -0.0180213 0.00152903 -0.0220651 0.000420568 -0.0123666 -0.00762691 -0.000906916 2.39352e-05 -0.0103389 0.000380635 0.00955045 -8.4854e-05 0.000427142 -0.00673567 0.0221344 -0.000536411 -0.0174134 -0.00494459 0.0093422 0.000178099 0.00104685 -0.000359349 -0.000295876 -0.00260676 -0.00465664 -0.00713826 -0.0106577 -0.00387404 -0.0337964 -0.00412223 0.00347816 0.00599643 0.000373391 -0.00197871 0.00612446 0.000346241 -0.000820262 -0.0198942 -0.00125212 0.00250124 0.0053012 0.000185705 0.00203815 -0.00529205 
0.00149058 0.0197031 0.0104321 0.00447175 -0.00717275 0.0129584 -0.00773244 0.0357529 0.0128963 -0.0187109 -0.0165315 -0.00162515 -0.0169146 0.0127148 -0.0112757 0.05624 -0.0166606 -0.000793536 0.248458 0.0117334 -0.00187394 0.0249177 -0.0104822 -0.0304258 -0.020872 0.0050489 0.0119083 0.032343 0.0209467 -0.0310375 -0.0674628 0.00462536 -0.0426618 -0.00739201 -0.0105382 0.0209114 -0.00128518 0.0244043 0.0224702 -0.000435248 0.00892165 0.0274058 -0.009879 -0.00631621 0.00362303 0.00382341 -0.00194325 -0.00272833 -0.00108129 -0.00138105 -0.00227194 -0.0289198 -0.010003 -0.00122951 -0.0081039 -0.0449061 -0.0300094 0.00335227 -0.0389387 -0.000930304 0.0224422 -0.018557 0.00116426 -0.000155645 -0.0373511 -0.00467208 -0.00912459 9.90915e-05 0.000520885 0.009283 -0.00175652 -0.0019849 -0.0397302 -0.00472548 -0.000826549 -0.000427533 -0.00118566 0.00140095 -0.000569483 -0.00659205 0.0179943 0.0161559 0.0220992 -0.0028443 -0.0215668 -0.0641608 0.0229251 0.00738633 -0.000243735 -0.00493566 -0.00235812 -0.000862867 -0.00277061 0.00369988 0.00171186 -0.00958184 -0.011062 -1.08132e-05 0.00206272 -0.0119169 
0.00711376 0.0584068 0.0367953 0.00837962 0.0247619 0.0241111 -0.00738695 0.0387486 0.0299768 -0.011578 -0.097776 3.42235e-05 0.0386337 -0.0514743 0.0423738 -0.00788783 -0.0651684 0.0503619 0.0117334 0.167119 -0.0159344 -0.076379 0.0892674 -0.0412868 -0.0406757 0.022416 0.0335284 -0.0592798 -0.0157533 -0.00774134 -0.041623 -0.00108012 -0.0471768 0.0283238 0.0708186 -0.00872619 -0.0172786 -0.0252195 -0.0418774 0.011678 0.0315978 0.0242354 -0.0101744 0.00455194 0.0103481 0.0178974 0.024912 0.0143162 0.00794703 -2.56453e-05 -0.000131388 -0.0185785 0.00745587 -0.000730198 -0.00768226 -0.0107498 -0.0389389 0.000369975 -0.0569492 0.000662473 -0.022512 -0.00226275 0.0024816 9.65596e-05 -0.04493 -0.00115831 0.0203492 -0.000117842 -0.000476092 -0.0116419 0.0575684 0.00468828 -0.0275908 -0.0128982 0.00753671 0.00016212 0.000836262 0.0001675 0.000240558 -0.000256257 -0.00862228 0.0132017 0.0234899 -0.0117751 -0.0403922 -0.0233661 -0.00581726 0.00748454 0.000277326 -0.00548958 0.00285305 0.00113869 -0.000980392 -0.0347285 0.00527334 -0.00124743 -0.000381598 8.21249e-05 -0.000858886 -0.00403746 
0.00107693 0.049627 -0.0123994 0.00775888 -0.0061418 0.00849749 -0.00715199 -0.0297658 -0.0110893 0.00282091 -0.00398488 -0.000178175 -0.0177821 -0.00551991 0.000100444 -0.0540961 0.00382879 -0.00119784 -0.00187394 -0.0159344 0.240535 -0.0121779 0.0244024 -0.0178281 -0.0011409 -0.00394145 0.00345115 -0.0697837 -0.0390533 0.03625 0.0692437 -0.00371121 -0.0943043 -0.00984331 0.0123145 0.00984203 -0.0167059 -0.0014051 -0.0611361 -0.0103722 0.0210737 -0.00189777 0.00389201 0.00150869 -0.00366495 -0.0160441 -0.0110168 -0.00412517 -0.00114438 0.000347075 -0.00465735 -0.00616986 0.00675311 -0.0029118 -0.0041766 0.0588198 -0.00713455 -0.00128317 -0.0149744 -0.0058297 -0.0315454 -0.0183554 -0.00269444 6.90611e-05 0.000266295 -0.00307016 -0.00733135 -0.000615464 0.000925325 0.000440004 -0.0169709 -0.000172083 -0.00913286 0.00620466 -0.00425394 0.000325208 -0.00473085 0.000415381 0.000171399 0.00278134 0.000179582 -0.0231453 0.034655 -0.00286121 0.0901849 0.0585723 0.00752486 0.00158301 0.000209073 0.0111235 -0.00405216 -7.34801e-05 0.000982662 -0.081641 0.0049199 0.00550995 -0.00395529 3.70166e-05 0.00683705 0.0120897 
-0.00843338 -0.070309 -0.0432907 -0.0120548 -0.0313898 -0.0372866 -0.00749988 -0.0322954 -0.019403 -0.0268232 0.0850222 0.0013425 -0.035706 0.0475001 -0.0124862 0.0257792 0.061164 -0.0541341 0.0249177 -0.076379 -0.0121779 0.222318 -0.0785797 0.0300827 -0.0180274 -0.0107204 -0.0301882 0.0843208 0.0167979 -0.0360441 -0.00471009 0.00323067 0.0420677 -0.0384091 -0.0516311 0.00664708 0.021262 0.0523409 0.0732987 -0.0113921 -0.0524781 -0.00323829 0.00211931 0.00566453 0.015227 -0.0390578 -0.0188623 -0.0123077 -0.00635193 0.000666126 -0.00247674 0.0383853 -0.0118203 0.000709797 0.00919021 -0.00604504 0.0111506 0.000652982 0.0332211 -8.87886e-05 0.0251355 0.0126819 -0.00126852 -2.45689e-05 -0.00820809 -0.000208161 -0.0227888 0.000523712 0.000899973 0.0029615 -0.0489445 -0.00196594 0.0123362 -0.00838731 -0.0111406 -0.000138638 7.55764e-05 0.00142549 -7.87363e-05 0.000783477 0.0126744 0.00741783 -0.0194855 -0.0216672 0.0312628 -0.00734217 -0.0051452 -0.0066444 -0.000643374 0.000942069 -0.00149499 -0.000990862 0.00108179 0.06096 -0.0022446 -0.00267805 -0.00303909 -0.000273729 -0.00421697 0.00487647 
0.00519646 0.10327 0.0341426 0.00376326 0.0173076 0.0376795 -0.0127721 0.0585767 0.0262719 -0.0230933 -0.110838 0.00106001 0.031503 -0.0537803 0.0835965 -0.0430289 -0.0444206 0.0417769 -0.0104822 0.0892674 0.0244024 -0.0785797 0.223631 -0.0342201 -0.052885 0.0212166 0.0298782 -0.0819479 -0.0419062 0.00373126 0.00325789 -0.00351263 -0.0620991 0.0301733 0.0803723 -0.00675705 -0.0104779 -0.0196493 -0.053968 0.0123978 0.0371932 0.0110832 -0.00416291 0.00805988 -0.00995505 0.00896469 0.0223615 0.0114867 0.00825348 -0.000749132 -0.00110062 -0.0109506 0.00911693 0.000764793 0.000638599 0.00627097 -0.0550291 0.000207974 -0.107171 -0.0033587 -0.0423367 0.000430137 0.00203567 -0.000105193 -0.0530994 -0.00859475 0.0128617 -0.00041315 -0.000957874 -0.0210342 0.0424032 0.00133374 -0.0359686 -0.0137736 0.0112668 0.000129454 -0.000448762 -0.00118324 0.000392254 0.004088 -0.0015455 -0.00281629 0.0426271 -0.0231156 -0.0109549 0.00426804 -0.00986055 0.00234889 2.11849e-05 -0.00397282 0.00143157 0.0021193 -0.00162669 -0.0622839 0.00153435 0.00168905 0.0018649 3.12132e-05 0.00763612 0.00360097 
-0.00558797 -0.0961614 0.021948 -0.00826087 -0.0137536 -0.0284772 0.00643461 0.00562028 -0.0110559 0.0101991 0.0319655 0.00475446 -0.010133 -0.0421952 -0.000154839 0.0146794 -0.0275548 -0.0229055 -0.0304258 -0.0412868 -0.0178281 0.0300827 -0.0342201 0.223037 -0.00670839 -0.00200678 -0.0091374 0.0345477 -0.0118964 -0.023277 -0.0438738 1.71441e-05 0.0581738 -0.00162199 -0.0182309 -0.0123532 0.0172032 -0.0377964 0.0356853 0.00551427 -0.0290065 -0.0249241 -0.00477518 0.00443651 -0.00277009 0.0345049 -0.00693363 -0.00673573 -0.000134326 -0.000661022 0.00726532 0.0279692 0.00490603 -0.000996363 -0.00369856 -0.0288039 0.0379776 -0.000642442 0.0256951 0.00180341 0.0351754 0.0243944 -0.00364046 -5.5784e-05 0.0122251 0.0130492 -0.00420322 4.59418e-05 0.000198659 0.013398 -0.00985356 0.00229631 0.00951698 0.0270659 -0.00567545 -0.000498683 0.00349812 0.00185718 -4.84537e-05 -0.00096836 0.0051649 -0.0055565 -0.033489 0.0111142 -0.0347378 -0.018277 -0.0200989 -0.0055802 -7.51719e-05 -0.00575133 -0.00211052 -0.00087947 0.00147511 0.0247019 -0.00262153 0.00526427 -0.00827261 -0.000105741 -0.00480882 -0.0005685 
-0.00468471 -0.013909 0.000929862 -0.00983376 -0.0054592 -0.00398107 0.0118064 -0.00735031 -0.00871093 0.0378709 0.0637322 -0.00342096 -0.0192252 -0.00646655 -0.05785 -0.0141712 0.0157889 -0.00583457 -0.020872 -0.0406757 -0.0011409 -0.0180274 -0.052885 -0.00670839 0.241733 -0.0289225 -0.0199962 -0.0317785 0.00774453 0.0186841 -0.00606296 0.000172452 -9.91831e-05 -0.00277607 -0.0330705 -0.00540672 -0.0314486 -0.00957363 -0.0628965 -0.0105233 -0.0301749 -0.0278714 0.0121045 -0.000675094 -0.0202036 0.0188482 -0.00233142 -0.00787557 -0.00380695 -0.000114111 0.00276758 -0.0421403 -0.00410374 -0.00139324 -0.00343739 0.00783161 0.0590417 -0.000882083 0.0649519 -0.00631628 0.00755564 -0.0296893 -0.000387711 -0.000203714 0.076487 -0.0102016 0.00326758 -0.000678902 -0.000100986 0.0172023 -0.00894684 -0.00512316 0.0513402 0.0100958 -0.00256243 -0.000548323 -0.00262389 -0.00616283 -0.000909573 0.00437405 -0.00893916 -0.012872 -0.0367101 0.0527804 0.00990144 0.0111599 0.0407958 -0.00481877 2.50051e-05 0.00802792 -0.00034351 0.00129432 -0.00033881 -0.0365787 -0.00772901 0.00241627 0.0105367 -0.000268744 0.00694212 -0.00638457 
-4.98896e-05 -0.00189698 0.0192449 3.92002e-05 -0.00130691 0.0172992 -0.00363434 0.0329237 -0.000598633 -0.0105245 -0.0319663 0.00107667 0.00522021 -0.00281687 -0.0189133 0.0214928 -0.024233 0.0147459 0.0050489 0.022416 -0.00394145 -0.0107204 0.0212166 -0.00200678 -0.0289225 0.116227 0.00597733 -0.0058353 -0.0100764 -0.00791051 -0.0281469 -0.000482505 -0.014691 0.00126759 0.00234681 -0.00278867 0.00376431 -0.00407389 0.00593444 0.0105878 0.0217037 0.0298828 -0.00447169 -0.00642844 0.0121646 0.00871554 0.00311725 0.00305412 -0.000168463 0.000150918 -0.00198214 0.00967772 0.00442132 -0.00036409 -0.00321425 -0.0108662 -0.0164008 -0.000399129 -0.0282587 -0.00200574 0.00171811 0.0015485 -0.000604616 -0.000121367 -0.0265109 -0.000505066 6.12461e-05 0.000577188 0.000832906 -0.00627436 0.00649132 0.00448508 -0.01622 -0.00201757 0.00282992 7.29292e-05 -0.000797335 0.00500407 -0.000316916 -0.000874328 -0.00438626 -0.0107919 -0.00927156 -0.00770601 -0.0239311 -0.0107264 -0.0109126 0.004425 0.000198855 -0.00195504 -0.000962599 -0.000556289 -0.000394541 0.00773037 -0.00128444 -0.00218439 -0.00499545 0.000283393 -0.00250093 0.000921813 
0.00240333 0.0171395 0.0185399 0.0105641 0.00117797 0.00211784 -0.00259094 0.0239544 0.0119273 -0.0024379 -0.0370759 -0.000597396 0.0121112 -0.0140413 0.0178414 -0.00836831 -0.0294249 0.00769345 0.0119083 0.0335284 0.00345115 -0.0301882 0.0298782 -0.0091374 -0.0199962 0.00597733 0.0611134 -0.0189614 -0.00892585 -0.00439673 -0.0099878 -0.000873578 -0.016204 0.0107047 0.0229461 -0.00252249 -0.00370282 -0.0102685 -0.0172822 0.00214555 0.0184464 0.00324837 -0.00349244 -9.56526e-05 -0.00358808 0.004212 0.00877868 0.00104437 0.000931898 -0.000137687 -0.000512024 -0.00883014 -0.00138087 -0.000402146 -0.00240498 -0.00607565 -0.0120482 0.000223374 -0.0173236 -0.00051559 -0.00698631 -0.00324387 0.000476572 0.000144176 -0.0146647 -0.00067801 0.00362753 2.66403e-05 4.30502e-05 -0.00393054 0.0128577 -0.000126047 -0.0109439 -0.00409882 0.0013716 -3.12243e-05 -0.0005799 -0.00105655 4.2586e-05 0.00209622 -0.00191993 0.00188025 0.0230408 -0.00387958 -0.00625722 -0.00930069 -0.000901878 0.00323571 0.000141967 -0.00118837 -0.000263799 0.000350716 -0.000463206 -0.0139874 0.000634335 -0.00148456 -0.00195958 -1.58734e-05 -0.00199202 -0.000233804 
-0.00561879 -0.0786925 -0.0315059 -0.0109028 -0.0111807 -0.0266407 -0.000201797 -0.0202603 -0.0145159 -0.014592 0.0512084 -0.000401578 -0.0153427 0.0471227 -0.0307692 0.0677706 0.0407787 -0.0350218 0.032343 -0.0592798 -0.0697837 0.0843208 -0.0819479 0.0345477 -0.0317785 -0.0058353 -0.0189614 0.225599 0.0364535 -0.0324457 -0.0409017 0.00324527 0.0735295 -0.0191849 -0.043484 -0.0131425 0.0262122 0.0257696 0.124815 -0.00612289 -0.0311423 -0.000737986 0.000952536 -0.00114907 0.014554 -0.0207844 -0.0142405 -0.00691428 -0.00496405 -6.96132e-05 -0.00114504 0.0203433 -0.00991893 0.00181278 0.00878628 -0.0473924 0.0016701 0.000835558 0.0248836 0.00330991 0.0604462 0.0217872 -0.00362818 -0.000219844 -0.00543847 -0.00101585 -0.0152217 0.000454835 3.65598e-05 -0.00804164 -0.0292042 0.00093296 -0.0233537 -0.0129184 -0.00509822 -0.000512023 0.00158926 0.000678701 -0.000673261 -0.00699644 0.0102923 0.00321902 -0.0308026 -0.0107472 -0.0435315 -0.0355385 -0.000653009 -0.00261121 -0.000363178 -0.00934166 -0.0020273 -0.00230803 -0.00153116 0.0939009 -0.000134248 -0.00415954 -0.00986589 -9.20994e-05 -0.0103152 -0.0108841 
-0.00100483 -0.00696795 -0.0136166 -0.00116138 -0.00293267 -0.00561944 0.00595957 -0.0102051 -0.00613376 -0.00024933 0.0246203 0.00133103 -0.00933667 0.0167294 -0.0139617 0.0375725 0.0109269 -0.0136477 0.0209467 -0.0157533 -0.0390533 0.0167979 -0.0419062 -0.0118964 0.00774453 -0.0100764 -0.00892585 0.0364535 0.145466 -0.00690763 -0.0281248 0.00456543 0.00891779 -0.0034562 -0.0182665 0.000356162 -0.00735701 0.0195027 0.0315973 -0.00402528 -0.0119372 0.0057971 -0.0049467 -0.00996862 -0.00405835 -0.00792139 -0.0051101 -0.0013595 -0.00220132 5.58394e-05 -0.00241225 -0.000560091 -0.00450446 -0.000479671 -0.0045545 -0.0182098 -0.0176122 0.000169456 0.023518 0.00121181 0.0096258 0.00367477 -0.0014049 -9.48373e-05 0.0175808 -0.0124685 -0.00590246 -9.21011e-05 0.000799581 -0.00502314 -0.00759456 0.00162433 -0.0246262 -0.00431679 -0.00252422 1.97829e-05 -0.00121555 -0.000988618 -3.44541e-05 -0.00456696 -0.00136719 0.0120118 -0.00601187 -0.00210637 -0.0025623 -0.0238983 0.000790062 -9.86383e-05 -0.000242711 -0.00407289 -0.00150623 -0.000757242 -0.00150591 0.0423457 -0.000140542 -0.00339105 -0.000316849 -0.000173988 -0.00505041 -0.00823434 
-3.50061e-05 0.0251014 -0.0105336 0.00722467 -0.001224 0.00670138 -0.00203199 -0.0152468 -0.00234997 0.00625963 -0.00166314 -0.000207131 -0.0057582 -1.51624e-05 -0.0146284 0.00265205 0.00557514 0.00406931 -0.0310375 -0.00774134 0.03625 -0.0360441 0.00373126 -0.023277 0.0186841 -0.00791051 -0.00439673 -0.0324457 -0.00690763 0.106841 0.024074 -0.000844313 -0.026271 -0.00472128 -0.00555553 -0.00499314 -0.00993722 0.0133259 -0.0275943 -0.00153964 0.0217666 0.00420051 0.00182451 0.00114241 0.00151453 -0.0036638 -0.00272868 -0.000822777 -0.00116801 0.000190238 -0.00220166 -0.00822398 -0.00335847 -0.000696368 0.000545584 0.0363535 -0.00145241 -0.00102022 0.00479226 -0.00170007 -0.0122067 -0.0039991 -0.000357255 6.24635e-05 0.0038187 -0.00778003 -0.00213762 -0.000169492 0.000431809 -0.00355701 -0.00249846 -0.00338126 -0.0110733 -0.00704801 -0.0016293 0.000264632 -0.00139324 -0.00181941 2.46833e-05 0.00120308 -0.00533784 -0.0067276 0.00184024 -0.00394999 0.0277467 0.0352493 0.0034233 -0.00131878 -1.17878e-05 0.00493343 -0.00165723 0.00109959 -0.0014227 -0.0190587 0.000663435 -0.000116945 -0.00164932 8.30913e-05 -0.00329553 0.00187924 
-0.00533597 0.0340842 -0.0314132 -0.00158018 0.00590195 -0.0198244 0.000308337 -0.0596975 -0.0150339 -0.000264541 0.0313478 -0.0056074 0.0013337 0.0501376 0.0409803 -0.0775841 0.0475926 -0.0186576 -0.0674628 -0.041623 0.0692437 -0.00471009 0.00325789 -0.0438738 -0.00606296 -0.0281469 -0.0099878 -0.0409017 -0.0281248 0.024074 0.237927 -0.0050986 -0.0137817 -0.00603072 0.000118018 0.00872299 -0.00821693 0.000791798 -0.0194404 -0.0123622 -0.00138416 -0.0279558 0.0038503 -0.000904397 -0.0146356 -0.0342651 -0.00480927 -0.0033521 -0.00453417 -7.50094e-05 -0.00604876 -0.00714077 -0.00800155 -0.0002652 0.00853413 0.0576819 -0.00271979 -0.00287659 0.0273289 -0.0032024 -0.0368428 -0.0140157 0.000784476 -4.63426e-05 0.00366474 -0.00191312 -0.00344325 -0.000506159 -0.00293148 -0.0195599 -0.0235225 -0.00287951 0.0236247 -0.0084111 0.00121397 -6.5753e-05 -0.00349771 -0.00319037 0.000329869 0.000832068 -0.00649531 -0.0105658 0.0305059 -0.0159242 0.0901013 0.0820318 -0.0260988 -0.00659857 -0.000214743 0.0147384 4.76492e-05 -0.000995115 0.00100188 -0.0416314 0.00377085 0.00500684 0.00204313 -0.0003163 0.000299023 0.00944675 
4.55951e-05 -0.00251567 0.000138669 -0.000288954 -0.000495937 -0.000905082 0.000701589 -0.00212542 -0.00062219 -0.000290203 0.00289261 -5.19041e-05 -0.0014657 -0.00126913 -0.00203255 0.00529614 -0.00244011 -0.0010749 0.00462536 -0.00108012 -0.00371121 0.00323067 -0.00351263 1.71441e-05 0.000172452 -0.000482505 -0.000873578 0.00324527 0.00456543 -0.000844313 -0.0050986 0.0174101 -0.0015047 -0.000509481 -0.00105708 0.000870878 0.000241372 0.000792752 0.00180371 0.000205799 -0.00154174 -0.000726843 5.08116e-05 0.00214744 -0.000832205 0.000546219 -0.000697437 -0.000196172 0.000120022 5.30894e-05 4.54997e-05 -0.00135689 0.000499253 -8.01744e-05 0.00019369 -0.00217092 0.000584872 0.000373613 0.000168943 -7.87729e-05 0.00073631 -0.000409303 -2.97078e-05 -6.52511e-06 -0.00146991 0.000742778 -0.000602322 1.90527e-05 0.000188044 -0.00101504 -0.000934838 0.000373046 -0.00133225 0.000309716 -0.000277736 4.13113e-05 -0.000122362 -2.65428e-06 4.13477e-06 -0.000483668 0.00120628 0.00111851 -0.00189118 -6.96657e-05 -0.00470623 -0.00132393 -0.00068761 0.000307347 2.85673e-06 -0.000110758 2.75273e-05 -0.000112038 -0.000106282 0.00188854 0.00110209 -0.000341655 2.50928e-05 6.25917e-05 -0.000666868 -0.000558555 
-0.00666118 -0.0800713 -0.0137545 -0.00982726 -0.0117335 -0.0271515 0.00851863 -0.0113559 -0.0118962 0.00282048 0.0465961 -0.000849039 -0.00797396 -0.0026938 -0.0273941 0.0100444 0.0247592 -0.0232808 -0.0426618 -0.0471768 -0.0943043 0.0420677 -0.0620991 0.0581738 -9.91831e-05 -0.014691 -0.016204 0.0735295 0.00891779 -0.026271 -0.0137817 -0.0015047 0.195381 -0.0106366 -0.0397273 -0.0110761 0.020677 -0.0125356 0.0471662 0.0032242 -0.0295264 -0.0255028 0.00746604 -0.00617689 -0.00327404 0.00433695 -0.00646515 -0.00548987 -0.00337942 -0.000832429 0.00354996 0.0296457 -0.00530579 0.00283862 0.0070714 -0.0396605 0.0437099 -0.00176247 0.0425765 0.00373783 0.0401369 0.025849 0.00100845 -0.000272643 0.0403843 0.0163624 -0.00643394 0.000161503 -0.00184161 0.00177935 -0.0181843 0.00197056 0.0285809 0.0118584 -0.00327579 -0.000517505 0.00328275 -0.000177686 0.000121374 -0.00356759 0.00155301 -0.00226722 -0.0364392 0.0126799 -0.0466223 -0.0342523 -0.0169403 -0.00512639 -0.000215793 -0.0086251 -0.000382081 -0.00145513 0.00320504 0.0730787 -0.00286115 0.00395451 0.00371374 -0.000192814 -0.00661435 -0.00543651 
0.00139005 0.00876859 0.0221778 -0.000732613 0.0124568 0.00449939 0.000456403 0.0111545 0.00567615 0.00175925 -0.0322722 0.00195299 0.0121858 -0.0171525 0.017388 -0.0151068 -0.0234392 0.0078044 -0.00739201 0.0283238 -0.00984331 -0.0384091 0.0301733 -0.00162199 -0.00277607 0.00126759 0.0107047 -0.0191849 -0.0034562 -0.00472128 -0.00603072 -0.000509481 -0.0106366 0.0641283 0.0232502 0.0012193 -0.00333676 -0.0276898 -0.0216781 0.00156321 0.00590062 -0.00527623 -6.74494e-05 -0.00430608 -0.00435312 0.00988202 0.00466183 0.00357325 0.0039137 -0.000140275 0.00120104 -0.00850297 0.0108903 0.000169499 -0.00220172 -0.00885874 -0.00748429 4.82513e-05 -0.0199852 0.000447802 -0.00671883 -0.00469054 0.000524955 -5.03467e-05 -0.0106665 -0.0032151 0.0167402 -8.615e-05 0.000102703 -0.00160755 0.0285519 0.00467017 -0.00452902 -0.000109283 0.00407064 6.23956e-05 0.000803382 0.000929983 1.66294e-05 0.00120922 -0.00170155 7.22449e-05 0.0119411 0.000806252 -0.0137623 -0.0121215 -0.00783097 0.00352505 0.000138839 -0.000840653 0.00127899 0.000631296 -0.000415345 -0.0147371 -0.000558326 -0.000488362 0.0022838 0.00021842 0.00098858 0.00273963 
0.00159312 0.050955 0.0350406 0.00362601 0.0220672 -0.00329539 -0.00705516 0.0202526 0.00913039 -0.00959404 -0.0771104 -0.000570723 0.0436105 -0.0238859 0.0588279 -0.0412894 -0.0377865 0.00996435 -0.0105382 0.0708186 0.0123145 -0.0516311 0.0803723 -0.0182309 -0.0330705 0.00234681 0.0229461 -0.043484 -0.0182665 -0.00555553 0.000118018 -0.00105708 -0.0397273 0.0232502 0.15774 -0.00428154 -0.0156558 -0.0236133 -0.0217006 0.00546265 0.00993549 -0.0196111 -0.00787787 0.0085873 -0.00466225 0.0164283 0.0174235 0.00518463 0.00649489 -0.000122569 -0.00065997 -0.0137455 0.0101487 -0.00140518 -0.00516806 0.00441916 -0.0338764 -0.000828497 -0.0486355 -0.00118137 -0.0223281 0.00144027 0.00399128 -2.556e-05 -0.0386455 -0.00221294 0.00747282 -0.000351832 -0.000954927 -0.0122465 0.0366129 0.00108837 -0.0221588 -0.00717492 0.00297908 0.000324239 7.36284e-05 -0.00113241 0.000238962 -0.00259015 -0.00355965 0.00587932 0.0408439 -0.0142595 -0.00690108 0.00421222 -0.0231581 0.000267805 0.000107928 -0.00231125 0.0020115 -0.000716404 0.000123482 -0.0396859 0.00697456 -0.000431098 -0.000532827 -1.6003e-05 0.0034112 -0.000544722 
