0.10939 -0.000648773 0.00671526 0.000545335 -0.00359907 0.000388919 -0.000507256 0.000214518 0.00333063 -0.00238769 0.00305634 0.00105713 0.00187543 0.00430427 0.000267654 0.00102694 0.000138874 -0.0171047 -0.0104708 9.36036e-05 0.000361572 -0.010641 0.000458644 -0.00178931 -0.000577045 -0.00266879 -0.0139334 0.00542277 -0.0307383 -0.00153879 -5.32811e-05 0.00322428 0.00866503 -0.0209814 -0.00242583 0.00235325 -0.000119082 -0.002697 -0.000501149 -0.00272904 0.00238054 -0.00150164 -7.3128e-05 -0.0019749 -0.000140365 -0.035015 -0.000446213 -0.00125097 -0.00594706 -0.00157799 0.000131502 0.014724 0.000225999 0.00109253 -0.000331899 -0.00798711 0.00119688 0.00243942 -0.000402411 0.000446697 -0.0113244 -4.47344e-05 -0.000178122 0.0426065 0.0145057 0.00562074 -0.0180879 -0.00352973 -0.00110364 0.0118153 -0.000923153 0.0048811 0.00254809 -0.00161365 -0.000519968 1.85654e-05 0.00165604 0.0030629 -0.00062433 0.00382513 -0.00352263 -0.00851296 -0.0192317 0.000722168 -0.00417265 0.000118955 0.000118916 -0.0286641 -0.00118108 -5.59071e-05 -0.0170531 -0.00178845 -0.00202458 0.000456475 0.00119499 0.0349953 -0.00231046 0.00536659 0.00021564 -2.91224e-05 
-0.000648773 0.0298186 0.00597628 0.000417766 0.000248328 4.58562e-05 -0.000147307 -7.41575e-05 -0.000909468 -0.000815852 -4.06076e-05 0.000659655 0.000861903 -0.000641348 -2.01391e-05 -0.000197912 0.0011808 -0.000994076 -0.00654343 -0.00554713 -0.00146436 0.00157986 0.00249335 -0.0048505 -0.00463462 -0.00293739 -0.00564644 -0.000325477 -0.00365819 0.000145226 4.92835e-05 0.00142611 0.00333447 -0.000929898 -0.000421766 0.000617251 0.00126809 -0.000492784 0.0074056 0.00164113 2.87054e-05 0.00120148 -1.82831e-05 -0.00267629 -0.000398124 0.000896754 -7.38136e-05 -0.000173904 6.57596e-06 -0.000564567 1.27435e-05 0.0012636 0.00050446 6.36545e-05 0.000138897 -0.00199903 0.000475217 -0.00104831 -7.17224e-05 -6.53888e-05 -0.00489485 -3.23601e-05 -2.61607e-05 0.003143 -0.000635242 -0.000549027 0.00271105 -0.000663301 0.00123146 -0.000194807 0.00274881 0.000118717 0.0012251 0.000239582 0.000716216 -5.61884e-05 -4.24821e-05 -6.68049e-06 0.000433237 -9.96901e-05 0.000129269 -0.00465198 -0.01331 -9.82296e-05 -0.00157983 -2.80159e-05 1.78417e-05 0.00455868 -0.00071533 -8.87063e-05 0.000180704 0.000347939 -0.00120623 1.12654e-05 -0.000184812 -0.00211212 -0.000222911 -0.00122302 -1.94455e-05 9.7955e-05 
0.00671526 0.00597628 0.245941 0.00171316 0.00408695 -0.000239029 0.000577786 -0.00306975 -0.00196529 0.00405238 -0.00109179 -0.000881753 -0.000323467 -0.00796936 0.00806429 0.00291452 -0.00953514 -0.0504006 -0.0158591 -0.0839564 0.00366066 0.0353238 -0.0366833 0.0173257 -0.00636993 0.00807502 0.0309162 -0.0087868 0.0314821 0.000717603 -0.00024366 -0.0134871 -0.0103961 0.00953167 -0.00416541 -0.00149592 -0.000866072 0.00908275 0.0297999 0.00338608 -0.00692073 0.00346818 0.00106419 -0.0288967 -0.00553533 0.0459681 -0.00174572 -0.00387333 -0.00292594 -0.0159299 -9.86052e-05 -0.00701242 -0.000666469 -0.00187867 -0.00888057 -0.0338545 -0.00128589 -0.0205278 -0.000919835 -0.00116178 -0.00927999 9.69179e-06 -0.0011516 0.0225625 0.0392453 -0.00203652 -0.0533869 -0.00237278 -0.00650652 -0.00814716 -0.00483875 -0.00379428 0.00748452 -0.00138486 -0.00308167 0.000998418 -0.000501421 -0.00173735 0.00143763 0.0016605 -0.00768166 -0.0252541 -0.019667 -0.00191284 0.0138296 -0.000537251 -0.000177656 0.0428666 -0.0212174 -8.6686e-05 -0.0149178 -0.00083627 -0.0111876 2.26585e-05 -0.00451138 -0.0010928 -0.00984022 -0.0251939 0.00216366 0.000109573 
0.000545335 0.000417766 0.00171316 0.02264 -0.000230698 -1.32167e-05 3.16751e-05 0.0016648 -0.000548217 -0.000774847 0.000375935 -4.88947e-06 0.00080475 0.00134115 0.00011894 -4.9092e-05 0.00140571 0.00285115 -0.00585847 0.000851559 -0.000530586 -0.0015043 0.00339972 -0.00384394 -0.00413576 -0.00338627 -0.00199317 -7.66927e-05 -0.00620821 -8.23056e-05 7.31554e-05 -0.000168553 0.000970846 -0.00101293 -0.000267297 0.000214084 0.00122177 -0.000600105 0.00208223 0.00102565 0.000446592 5.43288e-05 -8.47365e-05 -0.00335023 -0.000296274 -0.00347497 -3.30159e-05 -0.000186726 0.000376595 0.000301897 8.60646e-07 0.00023106 0.000238443 -0.000110254 -0.000560034 -0.00209517 -3.91801e-05 -0.000279432 0.000144919 4.52821e-05 -0.00256014 -2.36491e-05 -6.00053e-05 0.00368302 -0.00267045 -0.000845294 0.000441113 -0.000614868 -0.00110252 -0.000896802 -0.000348234 0.000801036 -0.000223027 0.000590926 0.000124113 4.14816e-05 2.65283e-05 0.000633418 3.10421e-05 0.00134063 -5.00327e-05 0.000966005 -0.00361657 0.000113435 -0.00233422 -1.27512e-05 2.26636e-05 0.000847931 0.000784535 1.1609e-05 -0.00218318 0.0016744 -0.000573166 -2.00271e-05 7.93549e-05 0.000918475 0.00066669 0.000648664 -4.77446e-05 -5.41581e-05 
-0.00359907 0.000248328 0.00408695 -0.000230698 0.0357805 -2.57104e-05 -3.77565e-05 0.00138337 -0.000821243 -4.24491e-05 0.000726263 -0.000119384 -0.000223884 -0.000751218 0.000498371 0.000230531 -0.000759813 -0.00611615 -0.00351427 0.00242936 0.000457303 0.00267623 -0.00196539 -0.00414957 -0.00519443 -0.00646828 -0.00108756 -0.000229921 -0.00138231 -0.000850989 -3.89559e-05 -0.000784645 6.35313e-05 -0.00695274 -0.00100854 -0.000171088 -8.49804e-05 0.000324909 -0.00429007 -0.00144721 -0.000843685 -0.000526325 -0.000271353 0.0017456 0.000299186 0.00077535 7.28979e-05 -8.54111e-05 0.00723569 0.00774008 5.2717e-05 -0.00102736 -4.92968e-05 0.000427671 -0.00157922 0.00419427 2.33963e-05 -0.000996386 -0.000107798 -0.000134892 -0.0105349 0.000112398 7.85477e-05 -0.00560873 0.00210531 -0.000419204 -0.00455208 -0.000823581 -0.000462681 -0.00127821 0.000981896 0.00101723 0.000840791 0.00288911 0.000275855 -0.00026047 -0.000276699 9.32682e-05 -2.3094e-05 0.00184379 0.0013708 -0.000315056 -0.00491168 0.000277547 0.00159471 -2.32357e-05 0.000130609 -0.000927624 0.00338991 3.01479e-05 0.00122488 0.000226414 -0.00140561 -2.85225e-05 0.000484721 -0.00102673 0.00123912 -0.00159554 0.000387572 0.000376574 
0.000388919 4.58562e-05 -0.000239029 -1.32167e-05 -2.57104e-05 0.000995391 1.17227e-05 -9.54054e-06 -4.59966e-05 -4.79018e-05 7.82702e-05 -3.16361e-06 -3.5557e-05 6.97565e-05 -3.86127e-06 -4.92074e-06 1.15142e-06 -0.000122566 -8.12799e-05 -7.62317e-07 -4.70966e-05 -0.000310757 9.98772e-05 -7.69035e-05 -5.32802e-05 -0.000161101 -0.000230602 2.43247e-05 -3.26084e-06 -3.79076e-05 9.06084e-06 0.000228476 0.000255313 -0.000511302 1.61423e-05 3.64734e-05 3.54951e-06 -3.87499e-06 3.23844e-06 3.23834e-05 -4.61829e-06 2.71563e-06 -4.90193e-06 -4.59641e-05 6.3462e-05 -0.000365087 -4.22328e-06 1.64291e-05 -1.92121e-05 2.29808e-05 7.21127e-06 1.34817e-05 -1.00595e-07 -1.50357e-06 -2.89431e-05 0.000177807 5.72295e-05 4.77556e-05 1.47498e-06 1.53494e-05 -0.000198762 1.71372e-06 1.60595e-05 0.000192294 -0.000110395 -3.77616e-06 -0.000189382 -1.36096e-05 0.000266027 -1.77884e-05 8.15885e-06 3.03497e-05 1.71817e-06 -1.66262e-05 3.93151e-05 7.25296e-06 9.5682e-06 2.11647e-05 -5.40018e-06 -2.85017e-06 -3.26893e-05 -0.000183316 -0.000201597 1.64992e-06 -9.4263e-05 5.96124e-06 7.42754e-06 -0.000228225 -0.000103954 9.55964e-07 0.00016512 1.18133e-06 4.15244e-06 5.41166e-06 2.01692e-05 0.000341151 -2.03146e-05 6.98634e-05 1.27416e-07 2.44981e-05 
-0.000507256 -0.000147307 0.000577786 3.16751e-05 -3.77565e-05 1.17227e-05 0.0105358 -9.8738e-05 -0.000337285 5.81732e-05 -5.17173e-05 3.91032e-05 1.83603e-05 -0.000218682 9.02679e-05 0.000161461 -0.000382648 -0.00190238 -0.000220449 -0.000881754 -0.00134296 0.000641218 -0.000693389 9.26061e-05 -0.000920186 -0.00160375 -1.86605e-05 -1.33712e-05 0.00156622 -6.94174e-05 8.6115e-05 0.00010097 0.000196812 -0.003307 -0.000106049 -4.00997e-05 4.63625e-05 -0.000385128 0.00176853 -6.88333e-07 -8.03055e-05 -0.00011828 0.000225032 0.00180498 -5.91712e-05 -0.00123044 9.06091e-05 0.000160334 -0.000535029 0.00028494 -3.59404e-06 -0.000338348 3.09317e-05 1.61895e-05 -0.000305647 0.00136649 -4.42326e-05 -0.000326799 -7.27347e-06 -1.69107e-05 -0.00143868 1.26952e-05 2.71332e-05 0.00064522 0.00246477 -0.000245692 -0.00224034 0.000386891 -0.000713049 0.000138386 2.20993e-05 -8.16962e-05 -0.000294046 -0.000138576 6.36618e-05 3.39324e-05 -4.01352e-05 0.000104667 -5.50075e-05 0.000389507 -0.00023928 -0.00161882 0.00181517 8.43026e-05 -0.000507271 3.22052e-05 -1.75279e-05 -0.000617268 -6.65212e-05 -3.73673e-06 -0.000979794 -9.36588e-05 -0.000248004 4.96389e-06 -2.12296e-06 -0.000464487 0.000237302 -0.000356766 0.000296321 5.32689e-05 
0.000214518 -7.41575e-05 -0.00306975 0.0016648 0.00138337 -9.54054e-06 -9.8738e-05 0.0155416 4.73429e-06 -0.000537378 6.38947e-06 0.000455756 0.00157857 0.000317061 -0.000265671 -0.000233947 0.00386561 -0.000229601 -0.00644712 0.00189445 -0.000433131 0.000123844 0.00196445 -0.00268615 -0.00538523 -0.00242578 -0.00269795 0.000185744 -0.0064471 -0.000388237 1.78397e-05 -0.000380499 0.00141094 -0.00415469 0.000490346 0.000886762 0.000124739 0.00189249 -0.000472979 -0.000230366 -2.5598e-05 0.000106948 -4.06589e-05 -0.00230472 -0.000170409 -0.00340117 3.39326e-05 0.000187023 0.00365934 0.00203493 -2.27943e-05 0.000276405 0.000187913 1.79959e-05 -0.000608256 0.000940712 -9.53438e-05 -0.000993701 -2.28781e-06 0.000155817 -0.00300897 4.01128e-05 9.74676e-05 0.00218194 0.00110595 -5.58749e-05 -0.00170961 -4.56812e-05 -0.000537587 -0.00075493 0.000199489 0.00179792 -8.83292e-05 0.000266466 0.000157001 -0.000108272 7.87666e-05 -2.83923e-05 6.09357e-05 0.00147759 0.000427541 0.00502987 -0.00291071 0.000224338 -0.00236355 -2.72249e-06 4.24352e-06 -0.000690912 0.00298874 -1.65096e-05 -0.00247135 0.00108468 0.000123554 -1.06967e-05 0.00044612 -0.000217284 0.000448604 -0.000506613 1.2269e-05 -1.7712e-05 
0.00333063 -0.000909468 -0.00196529 -0.000548217 -0.000821243 -4.59966e-05 -0.000337285 4.73429e-06 0.060628 -0.0019752 -0.000425903 9.21985e-05 -0.00102203 -0.00124406 -0.00128477 0.00452303 -0.00164026 -0.00634784 -0.0175033 0.00733364 -0.000798799 0.0041581 0.000523829 -0.00467179 -0.00994122 -0.00487259 -0.0102988 0.00074715 -0.0117443 0.00357222 -6.23473e-06 -0.00140509 0.000167689 0.00299662 0.0046096 -0.000130204 0.000246019 0.00395004 0.0079034 0.000135313 0.000264177 0.0011705 0.000161478 -0.00479271 -0.00082583 -0.00112328 0.000241473 0.0014549 -0.0023175 -0.00385075 -1.02596e-06 -0.00021727 0.000314477 -0.000245561 -8.23403e-05 -0.0077257 -0.000229765 -0.00229138 -9.32579e-05 -0.000166962 -0.0035549 0.000287138 -1.17646e-05 -0.00228085 -0.00354124 0.0137477 0.00551522 -0.000596791 -0.00663443 -0.000534442 -0.000861941 0.000682599 0.000561584 -0.000795048 0.000635721 -5.4742e-05 0.000862243 -0.000349828 0.000235977 -0.00116906 -0.000340732 0.0031949 -0.00513063 0.000593964 0.00550747 4.39725e-05 -9.64915e-05 0.000768418 0.00106133 9.74446e-05 -0.0112013 0.000527218 -0.00257799 5.20625e-05 0.000633741 -0.000535666 -0.000672175 0.00118187 0.000448269 -0.000324801 
-0.00238769 -0.000815852 0.00405238 -0.000774847 -4.24491e-05 -4.79018e-05 5.81732e-05 -0.000537378 -0.0019752 0.017434 -0.00227426 -0.000699448 -0.00308735 -0.00200568 -0.000401255 -0.00308417 -0.00441052 -0.00100995 0.00226747 0.000433881 0.000824078 0.0043896 -0.00386313 0.00180154 -6.98504e-05 0.000726468 0.00321553 -0.00141245 0.00681055 -0.00571976 -5.87872e-05 -0.00130077 -0.00221959 0.00359498 -0.00118158 -0.00160323 -0.000316706 -0.0015453 0.00209381 -0.000960348 -0.000684093 -0.000636665 8.53151e-05 -0.00101773 -1.95414e-05 0.00684036 -3.63013e-05 -0.000558567 -0.000397822 -7.56291e-05 -0.000215896 -0.00182505 -0.000733109 -0.00109182 -0.000794252 0.000278985 -0.000294507 -0.000796807 -0.000153805 -0.000233501 0.0064115 -0.000166051 -0.000367088 -5.05773e-05 0.00429672 -0.0011274 -0.00184117 -3.14641e-05 -0.00207284 -0.000801686 -0.000210273 -0.00151487 -0.000204363 -0.000205598 -0.00173402 -0.000587934 -0.00058172 -0.00198875 -0.000233529 -9.96572e-05 -0.00132848 0.000656888 0.00434018 -0.000972852 -0.003692 -0.000104221 -0.000153935 0.00762053 0.00139516 -0.000619716 0.00161473 -0.000756215 -2.34538e-05 -0.000235085 -0.000567152 -0.00206646 -0.00203713 -0.00108768 -0.000383689 -2.52663e-05 
0.00305634 -4.06076e-05 -0.00109179 0.000375935 0.000726263 7.82702e-05 -5.17173e-05 6.38947e-06 -0.000425903 -0.00227426 0.0111795 0.000263002 0.000284616 -5.68191e-05 0.000305557 0.00074593 0.00192828 -0.00203866 -0.00103607 0.000950265 0.000113354 -0.000168246 -0.000687114 -0.00153815 -0.000287879 0.00181251 -0.0020525 0.000205883 -0.00487866 0.0013548 -5.58261e-06 0.000173362 0.00170002 -0.00389557 -0.000330924 0.000406067 -6.01944e-05 0.000204817 -0.00175346 -8.3461e-05 -0.000136014 5.87152e-05 -8.62359e-05 0.000426417 8.92706e-05 -0.00444475 1.45936e-05 6.9831e-05 0.00330611 -0.000180271 1.69715e-05 0.000801329 0.000166578 0.000773208 -1.2555e-05 0.00245305 7.10945e-06 0.000226193 -1.99888e-05 4.19694e-05 -0.00515748 -5.4908e-06 5.39649e-05 0.00147125 0.0026375 -0.000598945 -0.000702881 0.000407336 -0.000709783 0.000754534 -0.000155515 0.00121623 -0.000269081 -4.2962e-05 -8.13898e-05 -2.54191e-05 0.000520066 0.000334534 6.19723e-05 0.000146026 0.00122109 0.00146182 -0.00534426 0.000470779 -0.00078737 1.24352e-05 -2.78895e-07 -0.00507686 -0.000893809 -5.47845e-06 -0.00246125 0.000414922 -0.000435609 0.000117742 2.44482e-05 0.00362253 0.00130606 -0.000264563 5.36917e-05 2.44028e-05 
0.00105713 0.000659655 -0.000881753 -4.88947e-06 -0.000119384 -3.16361e-06 3.91032e-05 0.000455756 9.21985e-05 -0.000699448 0.000263002 0.00666287 0.00130181 0.00024431 0.000569641 6.42131e-05 0.00152528 -0.00133106 -0.00283489 0.000671948 -0.000260548 -0.000696255 0.00123143 -0.000588075 -0.00263926 -0.00142397 -0.00128058 0.000499538 -0.00285031 0.000197277 9.08138e-05 0.000698966 0.00116083 -0.00217956 4.82523e-05 0.00043273 0.000136115 0.000250081 0.000605874 -0.000158253 0.000638804 -1.86476e-05 -3.56914e-05 -0.000462446 -0.00010765 -0.00276241 4.04643e-06 1.24557e-05 0.000945086 -0.00024148 1.06106e-05 0.000679606 3.68229e-05 0.00028457 -0.000285221 0.000612724 0.000150636 -0.00038103 6.17573e-05 2.43924e-05 -0.0027071 1.13598e-05 1.5861e-05 0.000344898 0.00240762 0.000300225 4.22349e-05 0.000251766 -0.00051245 -1.89044e-05 0.000560332 0.000292 4.94657e-05 0.000144966 3.31397e-05 -2.4546e-05 0.000352521 0.000424678 5.90887e-05 3.59434e-05 3.24783e-05 0.00073743 -0.0020593 1.03025e-05 -0.00154291 7.968e-06 -6.7927e-06 -0.00138307 0.00145269 -8.49547e-06 -0.00133368 0.000465025 -0.000277007 1.47791e-05 0.000138113 0.00109303 8.86349e-05 0.000245957 0.000112124 -2.47408e-05 
0.00187543 0.000861903 -0.000323467 0.00080475 -0.000223884 -3.5557e-05 1.83603e-05 0.00157857 -0.00102203 -0.00308735 0.000284616 0.00130181 0.0521113 0.0031311 -0.000270515 0.00198618 0.0100447 -0.00883067 -0.0226331 0.00155304 -0.00107207 0.00268509 0.00151387 -0.000650236 -0.0107175 -0.00375574 0.0096152 0.000213098 -0.0140258 0.00628952 0.000114098 -0.00211155 0.00447742 -0.0177961 -0.000606466 0.000947203 0.000614808 0.00172327 -0.000798663 -0.00054108 0.00392493 -0.00117694 -0.000204779 -0.00266725 -5.27261e-05 -0.00536883 -0.000313892 -7.87038e-05 0.00444593 -0.00176466 0.000224207 0.0065556 0.00107444 0.00225619 -0.00211433 0.00486294 0.000150413 -0.00177176 0.000126043 0.000432622 -0.0178022 8.69011e-05 8.57075e-06 0.00598012 0.00614355 0.0010606 -0.0128054 0.00194906 -0.000681367 0.00228632 0.00189353 0.00730493 -0.00180495 -7.72415e-05 -0.000383977 0.000774098 -0.000287922 0.00382745 -0.000160056 0.00193886 0.00193051 0.00499631 -0.0156539 0.00034361 -0.00915183 -1.11088e-06 6.29882e-05 -0.00140392 0.00682547 -0.000168027 -0.0127147 -0.000753149 -0.00156656 0.000382305 -0.000170287 -0.001329 0.00721011 -0.00182544 0.000224727 -0.000271846 
0.00430427 -0.000641348 -0.00796936 0.00134115 -0.000751218 6.97565e-05 -0.000218682 0.000317061 -0.00124406 -0.00200568 -5.68191e-05 0.00024431 0.0031311 0.0337969 -0.000191642 0.000124628 0.00499649 -0.00293676 -0.00831086 0.00371722 -4.69595e-05 -0.00736311 0.00481725 0.00192672 0.00206106 -0.004487 0.00210525 0.00109408 -0.00874796 0.00264374 -6.93882e-07 0.000396821 0.00654572 -0.0104448 -0.000643868 0.000809074 0.000493186 -0.000971618 -0.00244149 -0.000793522 0.0018838 0.000313849 7.09727e-06 0.00486002 -0.00038224 -0.00935929 -0.000183336 -3.5596e-05 -0.00120553 -0.000431509 2.53244e-05 0.000223648 8.69447e-05 1.15398e-05 -0.000825345 -0.000294804 -6.26558e-06 0.00233726 3.50295e-05 -4.98398e-05 -0.000974097 -1.09136e-05 0.000136265 0.00357263 -0.0039627 0.000158689 -0.00661291 -0.000630251 0.000728722 -0.000382873 0.000678182 0.00114626 -0.000647856 -0.000433771 -0.000378134 0.000638967 0.000198781 0.000386795 -0.000165955 0.000553179 -0.000860084 -0.0054153 -0.00184166 -0.000121102 -0.00548909 1.55973e-05 0.000328343 0.00171181 0.00363235 -2.94183e-05 -5.12732e-05 -0.000537275 0.0014167 5.45494e-05 4.72455e-05 0.000178632 0.00146322 -0.000706501 0.000499721 2.55186e-05 
0.000267654 -2.01391e-05 0.00806429 0.00011894 0.000498371 -3.86127e-06 9.02679e-05 -0.000265671 -0.00128477 -0.000401255 0.000305557 0.000569641 -0.000270515 -0.000191642 0.0289425 0.00118916 0.000674954 -0.00495032 0.000693061 -0.0045018 -0.00243324 -0.00136515 -0.00158044 0.00487477 0.00167419 -0.000751219 0.0041772 -0.000225042 0.00271213 0.0017934 -5.44308e-05 0.00158456 -8.49663e-05 -0.00585698 -0.000566625 2.41858e-05 0.000128665 -0.000669441 -0.000705764 -0.000601895 -6.31312e-05 -0.000450572 -0.000146595 -0.00252336 -0.000239229 -0.00276725 -0.000146988 0.000306189 0.000975655 0.00144895 1.04019e-05 -0.000314639 -6.60905e-05 8.21726e-05 -0.000390569 -0.00118494 0.000231398 -9.17855e-05 -2.21358e-05 -0.000145165 -0.00437082 -2.31385e-05 -7.15014e-05 -0.0027801 -0.00240109 -0.000758648 -0.00253053 -0.000711813 0.000478394 -0.00150077 -0.000631755 -0.00030955 -0.000212442 0.000263526 0.000160482 0.000768833 6.9674e-05 0.000474057 0.000558585 0.000188209 1.82307e-05 0.000538702 -0.00331748 -3.79634e-05 -5.27487e-05 3.98548e-05 5.53046e-05 -0.00729635 -0.00523277 2.83146e-05 0.00268585 -4.35977e-05 -0.000371504 -2.32016e-05 -0.000168265 0.000799842 -0.000301279 -0.00113919 0.00077595 0.000282021 
0.00102694 -0.000197912 0.00291452 -4.9092e-05 0.000230531 -4.92074e-06 0.000161461 -0.000233947 0.00452303 -0.00308417 0.00074593 6.42131e-05 0.00198618 0.000124628 0.00118916 0.0211996 0.00246122 -0.00493101 -0.00280713 -0.000462317 -0.00119651 -0.00129954 -0.000957532 0.00290813 -0.0030765 -0.00392522 -0.00315692 0.000201819 -0.00104607 0.00310139 -4.23282e-05 -0.00022054 -7.14398e-06 -0.00204764 -0.000428109 3.74021e-05 0.000119131 4.85297e-05 0.000429905 0.0014019 -0.000408417 0.00043755 2.39574e-05 -0.00173103 -0.000291045 0.0017321 -2.18356e-05 0.00103465 -0.000653195 -0.000930044 0.000105448 -0.00073417 0.000252728 -0.00011096 0.000133797 -0.000437159 0.000187968 -0.00139395 1.55535e-05 -5.19184e-05 -0.00170122 0.000219308 2.97661e-06 -0.00184831 -0.0073724 0.00219751 -0.00339144 -0.000212734 -0.00164207 -0.000567833 -0.000438828 0.000156437 0.0011377 0.000383824 0.000987245 0.000281957 0.000268737 0.000750651 -0.000142075 -0.00018979 -2.75509e-05 -0.0013435 -0.00198808 0.000591747 0.00777704 2.67536e-05 4.15582e-05 0.00113183 -0.00329301 -1.96198e-05 -0.00481436 0.000584239 -0.000420069 9.76125e-05 0.000222973 -0.000459843 0.00044894 -0.000702961 0.000494627 -8.90166e-05 
0.000138874 0.0011808 -0.00953514 0.00140571 -0.000759813 1.15142e-06 -0.000382648 0.00386561 -0.00164026 -0.00441052 0.00192828 0.00152528 0.0100447 0.00499649 0.000674954 0.00246122 0.0452713 -0.0035017 -0.00850365 -0.00233984 -0.0012422 -0.00153707 0.00491872 -6.36748e-05 -0.00295909 -0.00295733 0.00815893 0.000512976 -0.0160003 0.00453019 2.00059e-05 -0.00072881 0.00611149 -0.0236987 -0.000558314 0.00265812 0.00152146 0.00010682 -0.00212066 -0.00058932 0.00158848 -0.000781898 -5.6678e-05 -0.0047479 9.98211e-05 -0.00404335 -8.7969e-05 0.00056215 0.00293926 0.00332695 0.000152309 0.00101583 0.000279342 0.000503729 -0.0015596 0.00167501 -4.52952e-05 -0.00262917 0.000232111 5.10217e-05 -0.0164494 0.000105006 0.000182771 0.00327345 -0.00487209 0.000667608 -0.00050005 0.000183676 0.00619809 -0.00160938 0.00264365 0.00343425 -0.00122518 0.00170985 0.000117583 0.00116851 0.000476979 0.00217455 -4.07335e-05 0.00158217 0.00136519 0.00959351 -0.0158215 0.000815359 -0.00371066 5.41887e-05 0.000127336 -0.00985421 0.00489178 -5.13681e-05 -0.00569211 8.42955e-05 -0.000366633 8.86842e-05 0.000486677 -0.0015155 0.00249884 -0.00070326 0.00122844 0.000281424 
-0.0171047 -0.000994076 -0.0504006 0.00285115 -0.00611615 -0.000122566 -0.00190238 -0.000229601 -0.00634784 -0.00100995 -0.00203866 -0.00133106 -0.00883067 -0.00293676 -0.00495032 -0.00493101 -0.0035017 0.208176 0.0546574 -0.00875551 0.00431096 -0.0179616 0.0227256 -0.0104109 0.0536193 0.037389 -0.0593475 -0.00514393 -0.0403525 -0.00464333 -0.000320124 -0.00133763 -0.0091798 0.0315291 -0.00193967 0.000129956 2.14052e-05 -0.00314361 -0.0312857 -0.00259969 -0.00229707 -0.00369668 -0.00175292 0.0112696 0.00051464 -0.0343835 -0.000534468 -0.00287664 -0.00163671 0.00188343 7.96148e-05 -0.00875252 -0.000998632 -0.00214068 0.0131064 -0.0130357 -0.000987493 0.00264062 9.43244e-05 -0.000909178 0.0206708 -0.00052421 0.00013127 -0.0347776 -0.0295187 -0.00836268 0.0652083 -0.00654297 0.0172627 0.00503871 -0.00465385 -0.00433399 -0.00869985 -0.0026972 0.00325488 -0.000705684 0.000228666 -0.0015462 -3.72708e-05 -0.00440688 -0.00634351 0.0388973 -0.0140641 -0.00104666 0.0179062 -0.000271283 -0.000198412 -0.0443396 -0.0493622 0.00119245 -0.00683448 -0.00066173 0.00778536 -0.000305427 0.000396213 -0.0128183 -0.00445726 0.0105123 -0.00158118 -0.00122076 
-0.0104708 -0.00654343 -0.0158591 -0.00585847 -0.00351427 -8.12799e-05 -0.000220449 -0.00644712 -0.0175033 0.00226747 -0.00103607 -0.00283489 -0.0226331 -0.00831086 0.000693061 -0.00280713 -0.00850365 0.0546574 0.235041 -0.0344824 0.0115968 -0.0389143 -0.00220292 0.0307979 0.115699 0.0378887 -0.0206994 -0.0086513 0.0375448 -0.00797392 -0.000592177 0.00916475 -0.0141128 0.0293937 -0.0140494 -0.00204528 -0.00228231 -0.011073 -0.0601417 -0.0136835 -0.0106348 -0.00547686 -0.00057066 0.0233131 0.00307349 -0.0112704 -0.00124814 -0.00143975 -0.0148916 0.00369327 -0.000325294 -0.0153492 -0.00220707 -0.0034267 0.00679425 -0.0166267 -0.000532602 0.0165981 -0.000539693 -0.000262636 0.00760939 -0.000398571 -0.000780203 -0.0693795 -0.0519695 -0.0144851 0.0225043 -0.00614388 0.0192161 -0.00551217 -0.00344993 -0.0103211 -0.0105981 -0.00692233 0.000868563 -0.00255242 0.00150513 -0.00404701 0.00302201 -0.0106103 -0.0160699 0.00259631 0.0162521 -0.00186551 0.0448033 0.000107227 -5.39849e-05 -0.0518264 -0.0918295 0.000786855 0.0295762 -0.0104426 0.0136197 -0.000249617 -0.000240027 0.0143609 -0.0102603 0.0127657 -0.00039399 0.000921405 
9.36036e-05 -0.00554713 -0.0839564 0.000851559 0.00242936 -7.62317e-07 -0.000881754 0.00189445 0.00733364 0.000433881 0.000950265 0.000671948 0.00155304 0.00371722 -0.0045018 -0.000462317 -0.00233984 -0.00875551 -0.0344824 0.201055 -0.00171648 0.000356667 0.00778568 -0.0119122 -0.0413582 -0.0103027 -0.0147688 0.008333 -0.060933 -0.00195863 -0.000186758 -0.00295882 0.00941229 -0.00484389 0.00307894 -0.000975444 -0.000183344 -0.00733483 -0.0160677 -0.00372572 0.00372784 -0.00428198 -0.00199367 0.0396125 -0.000323954 -0.0514046 0.00136097 0.00542233 0.024837 0.00934759 -0.000252382 -0.00957689 0.000380996 0.000735748 -0.00617661 0.0349597 0.00124483 0.0243564 -0.000147333 0.000553994 0.00134504 -0.000131435 0.00139141 -0.0061488 -0.0157928 0.00770174 -0.0119544 0.00123382 -0.0265486 0.00862268 -0.00300089 0.00178133 -0.00583522 0.00447658 0.000243464 -0.00151395 0.000150819 -0.00114537 -0.00126233 0.000910186 0.00836684 0.0240142 0.0105339 0.00184668 -0.00603966 0.000406402 -0.000294654 -0.0283506 0.027151 -0.000865105 -0.0396682 0.00740256 0.000143758 -0.000302859 0.00443931 0.00224102 0.0145983 0.0193201 -0.00120052 -0.000443696 
0.000361572 -0.00146436 0.00366066 -0.000530586 0.000457303 -4.70966e-05 -0.00134296 -0.000433131 -0.000798799 0.000824078 0.000113354 -0.000260548 -0.00107207 -4.69595e-05 -0.00243324 -0.00119651 -0.0012422 0.00431096 0.0115968 -0.00171648 0.0271984 -0.00102426 -0.00363505 -0.00239365 0.00580791 0.00547688 -0.00571892 -0.00264977 -0.00246162 -8.41219e-05 -4.86502e-05 -0.000253741 2.22168e-05 0.00746076 -0.000245818 -0.00107538 -0.001585 -0.000979854 -0.00763548 -0.00114159 -0.000587622 -0.000197073 -0.000443311 5.94986e-05 -0.000155359 0.000921255 -0.000618098 -0.00121577 0.000998979 -0.000167908 -4.23501e-05 -0.00313052 -0.000699626 -0.000244022 -0.000519548 0.00031359 -0.000422837 0.000611233 2.00135e-06 -0.000357561 -0.00713503 -0.000111417 -0.000142646 -0.00865675 0.00353548 0.000232473 0.001512 -0.000317961 0.00198163 -0.000102022 0.000131502 -0.000424677 -0.00216529 0.000330979 -0.000418716 -0.00049656 0.000220576 -7.29854e-05 0.000188729 -0.000545541 -0.000958158 0.00346775 -0.00210296 -0.000820604 0.00386177 -6.80219e-06 -6.46319e-05 0.00135068 -0.00779046 -8.98125e-05 -0.00160562 -0.000486261 0.000605256 -1.46416e-05 -0.000436694 0.00179407 -0.000194474 -0.000913816 -0.000324528 -0.000691839 
-0.010641 0.00157986 0.0353238 -0.0015043 0.00267623 -0.000310757 0.000641218 0.000123844 0.0041581 0.0043896 -0.000168246 -0.000696255 0.00268509 -0.00736311 -0.00136515 -0.00129954 -0.00153707 -0.0179616 -0.0389143 0.000356667 -0.00102426 0.125449 -0.0242745 -0.0143838 -0.0482734 -0.00443451 0.0298598 -0.00307061 -0.0189569 -0.00267262 -0.000294423 -0.0215513 -0.0042538 -0.000923017 0.00223486 -0.00365384 -0.000948153 0.000900234 0.00874116 -0.000562957 -0.000475408 -0.000172149 0.000614925 -0.0222315 -0.000903585 0.0354709 0.000534081 -0.00237002 0.00409687 -0.000978888 -0.00031039 -0.00340633 0.00040189 -0.000160978 -0.00710394 0.00435324 -0.000866593 -0.0239889 -0.000905438 5.58819e-05 -0.00703167 -0.000134947 -0.000246798 0.0195355 0.0473837 0.00569395 -0.00741455 0.00220982 -0.000226381 0.00171612 -0.000891486 0.0012533 0.000808989 0.000833704 -0.000627455 -3.27204e-05 -0.00182309 -0.000894055 -0.0021429 0.00312323 0.00210233 0.016872 -0.0209766 0.000556655 -0.0021858 -0.000382936 -0.000602287 0.0300505 0.0274467 -0.00134794 -0.0270689 0.00201383 -0.0230726 -7.88445e-05 -0.00012154 -0.0147371 0.00284301 -0.0213238 0.000337663 -0.00114995 
0.000458644 0.00249335 -0.0366833 0.00339972 -0.00196539 9.98772e-05 -0.000693389 0.00196445 0.000523829 -0.00386313 -0.000687114 0.00123143 0.00151387 0.00481725 -0.00158044 -0.000957532 0.00491872 0.0227256 -0.00220292 0.00778568 -0.00363505 -0.0242745 0.0798294 -0.0139916 0.00416781 -0.0130941 -0.0299287 0.00256515 -0.0181482 -0.000391843 0.000309405 0.00748319 0.0106821 0.00944821 0.00495432 0.00222979 0.00273494 0.000145148 0.000810693 -0.00200199 -2.79531e-06 0.000813832 -0.000659053 -0.00193742 -8.60282e-05 -0.0214758 1.17592e-05 -8.71175e-05 -0.00308679 -0.00103305 -4.20215e-05 0.00445991 -5.47994e-05 -0.000522401 -0.000736752 -0.00573166 0.000165215 0.00399955 0.000190253 -8.21397e-05 -0.00151649 -8.91626e-05 0.000363876 -0.00578517 -0.0140226 -0.00423459 0.0313553 0.000257929 0.00445128 -0.00124243 9.74412e-05 -0.000641703 0.00192955 -0.000313355 0.000109956 -0.000134107 0.000159797 0.00137615 -0.000544022 -0.00121255 -0.00135128 -0.000593975 -0.00600035 -0.000598518 -0.00324793 -6.10219e-05 0.000106096 -0.0135386 -0.00684318 0.000623171 0.00556942 0.00220378 0.000315815 -1.7504e-05 0.000324693 -2.90329e-05 0.000352406 0.0148672 -0.000370618 0.000628249 
-0.00178931 -0.0048505 0.0173257 -0.00384394 -0.00414957 -7.69035e-05 9.26061e-05 -0.00268615 -0.00467179 0.00180154 -0.00153815 -0.000588075 -0.000650236 0.00192672 0.00487477 0.00290813 -6.36748e-05 -0.0104109 0.0307979 -0.0119122 -0.00239365 -0.0143838 -0.0139916 0.182272 0.0224386 0.0036534 0.0248474 -0.00350823 -0.00209898 -0.00595396 -0.000379009 -0.00282854 -0.00305096 -0.0187727 -0.00236291 6.54143e-05 -0.00183151 -0.00254107 -0.0138927 3.62316e-05 -0.000489745 -0.00253429 0.00136238 0.0289771 -0.00264198 -0.0214292 -0.000590057 -0.00130212 -0.00502762 -0.00573319 -0.00015115 -0.0118197 -0.000590386 -0.000917029 -0.00584312 -0.0173646 -0.000174009 0.00530538 0.000330902 -0.000659353 0.0241585 7.80388e-05 -3.27655e-05 -0.00889604 -0.0200148 -0.00123512 -0.0453882 -0.00293226 -0.0197024 -0.00282337 -0.00387769 -0.00391271 -0.00804356 -0.00346994 -0.00202059 0.00136888 0.000955132 -0.00135882 -0.00106999 -0.00568636 -0.0061012 -0.00673087 0.046637 0.00178042 0.00560999 -5.17919e-05 -0.000193449 -0.0108326 -0.028904 -0.000169694 -0.0143918 -0.00451208 0.0112623 -4.15235e-05 -0.000878027 0.00217432 -0.00354451 -0.00392309 0.000984164 -0.000797358 
-0.000577045 -0.00463462 -0.00636993 -0.00413576 -0.00519443 -5.32802e-05 -0.000920186 -0.00538523 -0.00994122 -6.98504e-05 -0.000287879 -0.00263926 -0.0107175 0.00206106 0.00167419 -0.0030765 -0.00295909 0.0536193 0.115699 -0.0413582 0.00580791 -0.0482734 0.00416781 0.0224386 0.246844 0.0863043 -0.0385202 -0.00947739 0.0480296 0.00400378 -0.000321726 0.00775992 -0.0130989 0.00741485 0.00025897 0.000375069 -0.000847901 -0.00293504 -0.0685597 -0.0127067 -0.00950095 -0.00445829 -0.00129093 0.0429184 0.00296662 -0.0378654 -0.00254369 -0.0010211 -0.0179058 0.00218388 0.000278763 -0.0123798 -0.00172092 -0.00298924 0.0142227 -0.0307806 -0.00122717 0.016639 0.000691178 -0.00157461 0.0144956 -0.000269585 -0.000545572 -0.0615508 -0.0546006 -0.0164352 0.0102075 -0.0105412 0.0207066 0.0040273 0.000424429 -0.00731112 0.00202143 -0.00930062 0.000144835 -3.50278e-05 0.00153148 -0.00449774 0.00261705 -0.0111881 -0.0133469 -0.0110251 -0.00706235 -0.0021315 0.0380912 2.60642e-05 0.00042207 -0.084881 -0.108306 0.0014527 0.0120957 -0.00731011 0.0194407 -0.000248505 -0.00352267 0.0105549 -0.0112598 0.0174838 -0.000140909 0.00172681 
-0.00266879 -0.00293739 0.00807502 -0.00338627 -0.00646828 -0.000161101 -0.00160375 -0.00242578 -0.00487259 0.000726468 0.00181251 -0.00142397 -0.00375574 -0.004487 -0.000751219 -0.00392522 -0.00295733 0.037389 0.0378887 -0.0103027 0.00547688 -0.00443451 -0.0130941 0.0036534 0.0863043 0.246104 0.00759699 -0.00909691 -0.0285682 0.0113999 -0.000319227 -0.0045377 -0.0149168 0.0122901 0.00148558 0.000761454 -0.0026532 -0.000847399 -0.0519738 -0.00780029 0.00132319 -0.00339055 -0.00256624 0.0239411 -0.00146251 -0.046461 -0.00119216 0.0029567 0.0190658 0.00131062 3.03599e-06 -0.00279901 -0.000980607 -0.000737509 -0.00228164 -0.00913322 -0.000999324 -0.0104363 0.000674793 -0.000289734 -0.035632 -0.000466928 -0.000232606 -0.0241699 0.0200719 -0.00882755 0.00272131 -0.00107734 -0.00419593 0.0116062 0.00348823 -0.00392291 -0.0012301 -0.00256448 -0.000932603 -1.98375e-05 0.00294599 -0.00344518 0.00433583 -0.00285291 -0.00385936 0.00994808 -0.0375366 0.00111211 0.00313994 -0.00018661 -0.000269381 -0.0941189 -0.044544 1.78379e-05 -0.0315696 -0.00181659 0.00946546 -0.000121714 -0.000428618 0.00753986 -0.00630857 -0.00225671 -0.000312322 -0.000634068 
-0.0139334 -0.00564644 0.0309162 -0.00199317 -0.00108756 -0.000230602 -1.86605e-05 -0.00269795 -0.0102988 0.00321553 -0.0020525 -0.00128058 0.0096152 0.00210525 0.0041772 -0.00315692 0.00815893 -0.0593475 -0.0206994 -0.0147688 -0.00571892 0.0298598 -0.0299287 0.0248474 -0.0385202 0.00759699 0.246276 -0.00480516 -0.00960678 -0.00203414 -9.99191e-05 -0.0116954 -0.012165 -0.0295807 -0.00857328 -0.0010796 -0.0014921 -0.0025186 0.011787 0.00282547 0.00216238 -0.00851841 0.00145412 -0.0166523 -0.00190797 0.0268058 -0.00166894 -1.27515e-05 0.00562643 0.010905 -0.000378945 0.00401854 -0.000469018 -0.000275206 -0.0147571 0.0112858 -0.000943751 -0.0157494 -0.000609808 0.000350079 -0.0185054 -0.000136869 -0.000952283 0.0374745 0.0119641 0.00201242 -0.0592662 0.000380279 -0.0149601 -0.0152453 0.00064566 0.00234501 -0.0110196 0.00183038 -0.00261019 0.00156268 -0.00267403 0.00107849 0.000187676 0.00992658 0.00205508 -0.012764 0.0162053 -0.00053939 -0.049893 -0.0004128 -0.000728134 0.0262351 0.0583398 -0.00137901 -0.0138583 -0.00586498 -0.00943285 -2.17344e-06 0.000754374 -0.0217332 -0.00227065 -0.0172506 0.00149026 -3.40326e-06 
0.00542277 -0.000325477 -0.0087868 -7.66927e-05 -0.000229921 2.43247e-05 -1.33712e-05 0.000185744 0.00074715 -0.00141245 0.000205883 0.000499538 0.000213098 0.00109408 -0.000225042 0.000201819 0.000512976 -0.00514393 -0.0086513 0.008333 -0.00264977 -0.00307061 0.00256515 -0.00350823 -0.00947739 -0.00909691 -0.00480516 0.0231552 -0.00526775 -0.000354973 3.64613e-05 0.00105997 0.00337827 -0.00272871 -0.000329977 0.00169753 -5.39841e-05 -0.000688389 0.00198169 -4.9334e-05 -0.000100174 4.70146e-05 5.50248e-05 0.00172595 1.79653e-06 -0.00410473 0.000312407 0.000240579 -0.00107608 -0.000766654 4.20313e-06 0.000989195 0.000375833 0.000418563 -0.000244645 0.000945475 0.000900403 0.00375116 7.52052e-05 0.000183479 0.00212509 1.43635e-05 0.000408241 0.00532775 -0.004846 0.0012533 -0.00179565 -0.000607332 -0.00211439 0.000272016 -0.000196504 0.000522964 -0.000188725 0.000927813 -0.000172874 -2.74266e-05 1.88816e-05 -1.92886e-05 -0.00024237 0.000336057 -0.000356636 -0.00553099 0.00453801 0.000106159 -0.00160324 6.38933e-05 2.69154e-05 0.00117326 0.00789884 -7.33698e-05 0.00236103 0.000213474 -0.000802456 2.11349e-05 0.00010976 0.00090343 0.000906284 0.00110642 -7.31293e-06 -0.000153019 
-0.0307383 -0.00365819 0.0314821 -0.00620821 -0.00138231 -3.26084e-06 0.00156622 -0.0064471 -0.0117443 0.00681055 -0.00487866 -0.00285031 -0.0140258 -0.00874796 0.00271213 -0.00104607 -0.0160003 -0.0403525 0.0375448 -0.060933 -0.00246162 -0.0189569 -0.0181482 -0.00209898 0.0480296 -0.0285682 -0.00960678 -0.00526775 0.24497 -0.00683711 -0.000389603 0.00994883 -0.0160406 0.0203193 0.00272409 -0.00413583 -0.000723143 0.00326311 -0.000261674 3.44288e-05 -0.00957715 0.0044168 -0.000177946 -0.0179499 0.000121418 0.0698313 -0.00122119 -0.00353099 -0.0332779 -0.00832969 6.18508e-05 -0.018987 -0.00164942 -0.00342284 0.0118273 -0.0180494 -0.00106517 0.0027828 0.000285295 -0.00137594 0.0281582 4.38733e-05 -0.00147799 -0.0460368 -0.0269321 -0.0118013 0.00286294 0.00237732 0.0218571 -0.0178773 -0.000689134 -0.00955163 0.00493333 -0.00357801 0.000739111 -0.00141352 -0.00344629 -0.00640146 -0.000334774 -0.00710775 -0.00131068 -0.0453499 0.0520106 -0.0041054 -0.00949101 0.000180076 6.32949e-05 0.0408477 -0.045513 0.000261217 0.0580105 -0.00571706 0.00662787 -0.00026312 -0.0041411 -0.00955429 -0.0144222 -0.00120732 -0.000637776 0.00178277 
-0.00153879 0.000145226 0.000717603 -8.23056e-05 -0.000850989 -3.79076e-05 -6.94174e-05 -0.000388237 0.00357222 -0.00571976 0.0013548 0.000197277 0.00628952 0.00264374 0.0017934 0.00310139 0.00453019 -0.00464333 -0.00797392 -0.00195863 -8.41219e-05 -0.00267262 -0.000391843 -0.00595396 0.00400378 0.0113999 -0.00203414 -0.000354973 -0.00683711 0.0526145 2.93293e-05 0.000352772 0.00161142 -0.00776642 -0.00112692 0.000679289 0.000300931 -0.000348817 -0.00712655 0.000716683 0.00113748 2.42966e-05 -0.000439939 0.00361941 -0.000502901 -0.003961 -0.00018977 0.00152567 0.00289412 -0.0016345 0.000277228 -0.00147734 0.000233156 0.00120525 0.00166582 0.00254839 -5.01833e-05 -0.00234425 0.000489348 -6.76498e-05 -0.00893397 8.45251e-05 0.000135064 -0.00782686 -0.00390598 0.00717646 -0.0028031 1.36337e-05 -0.000481428 0.00359437 0.000936909 0.000342245 -0.00170386 -0.000949582 0.000674455 0.000449096 0.000245649 0.00167888 0.000511271 -0.00106038 0.00056033 -0.00674438 -0.00870387 -8.51643e-05 0.00100945 6.41257e-05 -2.26511e-06 -0.0104836 -0.00623334 -0.000200417 -0.00298035 -0.000549301 -0.000236282 0.000118768 0.000393698 -0.00196752 0.00551221 -0.000887533 0.000246493 -5.42559e-05 
-5.32811e-05 4.92835e-05 -0.00024366 7.31554e-05 -3.89559e-05 9.06084e-06 8.6115e-05 1.78397e-05 -6.23473e-06 -5.87872e-05 -5.58261e-06 9.08138e-05 0.000114098 -6.93882e-07 -5.44308e-05 -4.23282e-05 2.00059e-05 -0.000320124 -0.000592177 -0.000186758 -4.86502e-05 -0.000294423 0.000309405 -0.000379009 -0.000321726 -0.000319227 -9.99191e-05 3.64613e-05 -0.000389603 2.93293e-05 0.00265836 1.55202e-05 -1.01662e-05 -0.000242941 0.000124012 3.28247e-05 -1.27128e-05 -5.36359e-05 8.53463e-05 8.5314e-05 5.38205e-05 -4.65678e-05 -5.05145e-06 0.000231249 -3.21309e-05 -2.64559e-05 -1.39184e-05 -1.38896e-05 -0.000102317 -0.000198648 -5.2164e-07 -6.16323e-06 1.04366e-06 1.36615e-05 1.6921e-05 8.6413e-05 1.25804e-05 7.49737e-05 1.30433e-05 6.40046e-05 -0.000251096 -1.99721e-06 4.67416e-06 0.000371315 0.000459101 -6.32422e-05 -0.000232537 8.04693e-05 -0.000256779 -5.15801e-05 9.51363e-05 8.45714e-05 -1.70886e-05 5.0947e-05 -3.54448e-05 -8.94375e-06 -1.11038e-05 1.44674e-05 -2.81533e-05 1.98303e-05 -6.39546e-05 -0.000469153 0.000145901 -5.74348e-06 -0.000461785 -1.05922e-06 2.51743e-06 0.000178916 0.000317618 3.85711e-06 -0.000127473 -3.76602e-05 -4.28713e-05 2.11491e-06 -1.83559e-05 0.000112256 7.98303e-05 -2.63663e-05 6.64025e-07 4.23665e-06 
0.00322428 0.00142611 -0.0134871 -0.000168553 -0.000784645 0.000228476 0.00010097 -0.000380499 -0.00140509 -0.00130077 0.000173362 0.000698966 -0.00211155 0.000396821 0.00158456 -0.00022054 -0.00072881 -0.00133763 0.00916475 -0.00295882 -0.000253741 -0.0215513 0.00748319 -0.00282854 0.00775992 -0.0045377 -0.0116954 0.00105997 0.00994883 0.000352772 1.55202e-05 0.0476789 0.00277691 -0.00214565 -0.00154415 0.00217747 0.000826198 -0.000969656 -0.00256572 -0.000880282 -0.00108006 0.0001917 -0.000394801 -0.000477642 0.000313167 -0.016494 -9.7261e-05 0.000539758 -0.000170039 0.000277326 1.58045e-05 0.00217921 -0.00013397 -0.000163852 0.00284024 0.00231275 0.000959503 0.00677919 0.000652518 -0.000129346 -0.0147275 -3.74178e-05 -8.80975e-05 -0.00073406 -0.00537732 -0.00209608 0.00608072 -0.00115682 0.00408943 -0.00172009 -0.000244418 -0.00058603 0.00110649 -0.000965252 0.00208883 -0.000356697 0.000160582 0.000124498 2.87478e-05 -0.00133902 -0.0010034 -0.0071658 -0.0022182 -0.000289153 -0.0060712 4.90619e-05 0.000233011 -0.0131348 -0.00665139 -2.95935e-05 0.015665 -0.00068116 0.00232455 -6.67152e-06 0.000410767 0.00684422 -0.000866078 0.00699485 9.7727e-05 0.000105752 
0.00866503 0.00333447 -0.0103961 0.000970846 6.35313e-05 0.000255313 0.000196812 0.00141094 0.000167689 -0.00221959 0.00170002 0.00116083 0.00447742 0.00654572 -8.49663e-05 -7.14398e-06 0.00611149 -0.0091798 -0.0141128 0.00941229 2.22168e-05 -0.0042538 0.0106821 -0.00305096 -0.0130989 -0.0149168 -0.012165 0.00337827 -0.0160406 0.00161142 -1.01662e-05 0.00277691 0.0477902 -0.0142388 -0.000634441 0.00163156 0.000505866 -0.000656017 0.00807729 0.00147215 0.00312542 0.0016924 -0.00028349 -0.00103848 -0.000396489 -0.0166684 0.000292448 0.000152391 -9.20815e-05 -0.00259543 0.000130279 0.00353442 0.000375848 0.00082055 -0.00173419 0.000983946 0.000370687 0.00177473 -1.6352e-05 0.000282158 -0.0128334 -8.43411e-05 0.00052911 0.00333847 0.000182031 0.0017688 0.00101305 0.00123441 0.00417373 -0.000446218 0.00440357 0.00402037 -0.00105533 0.000436467 -0.000393704 0.000551 0.000695203 0.000249682 -0.000129943 -0.00102275 0.000574333 -0.00312494 -0.0134348 -0.000159724 0.00139074 0.000173005 0.000349977 -0.00490397 0.00510734 -0.000124746 -0.00223828 -0.000379994 -0.000605312 0.000232977 0.000558049 0.0074691 0.00366111 0.000849222 0.000152422 -0.000241409 
