0.114145 -0.00110787 -0.0278862 0.0294597 -4.9335e-05 0.00286434 0.00792154 -0.00929721 -0.0194956 0.000295979 -4.397e-06 -0.00638825 0.000403853 0.000662193 0.00584766 0.0133501 -0.0110203 -0.01957 0.0351187 -0.0117258 0.00453805 -0.00842833 0.00510429 -0.0102588 -0.00140438 0.0126288 0.015425 -0.000893004 0.00321481 0.00164178 -5.46384e-05 0.0003219 0.000795481 -0.00122493 -0.0448549 -0.00727559 0.00109522 0.00010462 -0.0147417 0.00123011 0.000524643 -0.00154203 -0.00112362 0.000373187 -0.00161475 0.0057828 0.00035073 2.60479e-05 -0.00188772 0.00923994 -0.000297767 4.63724e-05 0.000184439 0.00267199 0.000725165 -0.000221122 -4.85251e-05 -0.00114691 -0.000559877 -0.0247081 0.000491481 9.12976e-06 0.00148904 -0.0123835 -0.0129125 0.000109909 -0.00067394 -0.00720683 -0.00114255 -0.00141349 0.00869175 0.0070011 0.00304375 0.000230378 -0.00604143 1.00846e-05 0.000836724 0.00310244 -0.0115681 -0.000107357 -0.00141893 0.000588983 -0.000652012 0.00383563 0.000245135 -0.000956376 -0.00038348 0.00628979 0.000244631 -0.00291677 -0.0182455 -0.000100334 0.000715575 0.0162741 -0.00218003 -0.0149381 0.000385051 -0.00111355 -0.00484625 0.000343388 
-0.00110787 0.0152014 -0.00312535 -0.00175758 0.000863697 -0.000195082 0.00237134 0.000309733 -0.00226528 2.3158e-05 0.000669057 -0.000941478 0.00573477 0.000244545 -0.000403265 -0.0068789 -1.86464e-05 -0.00922768 -0.00292578 0.00719399 -0.00552357 -0.000392748 -0.000373667 -6.21667e-05 0.00753003 0.00393626 -0.00535509 -0.00601432 0.00624637 0.000411315 0.00548739 4.60556e-05 8.10324e-06 -0.000646162 -0.00687658 -0.00132744 1.39568e-05 1.29824e-05 0.00125669 -0.000408073 -0.000215027 0.00639936 0.00233272 2.89501e-05 9.77321e-05 -0.0090746 0.000267525 -5.02031e-06 0.000467933 -0.000241097 0.00018298 3.25074e-06 -1.70108e-05 -0.00182725 -3.83045e-06 5.3332e-05 1.18381e-05 -0.000109376 -4.12773e-05 -0.00613303 9.50645e-05 8.59016e-06 -0.000394455 -0.000120051 0.00045764 9.06817e-06 5.22562e-05 0.0073204 -0.000157892 0.00187313 0.000505697 -0.00150362 0.000182803 2.08368e-05 0.00128074 5.5647e-05 7.73938e-05 -0.000151237 0.00526012 -1.13118e-05 2.93215e-05 7.37784e-06 -7.18744e-05 -0.000168656 -2.87891e-05 -0.000104822 2.00325e-05 -0.00024605 -2.27304e-05 0.000962848 -0.00104246 0.000217381 -0.0038283 0.00150299 0.000816446 -0.00719105 -5.59441e-05 -0.0002941 0.000752833 -2.74418e-05 
-0.0278862 -0.00312535 0.213688 -0.0405175 -0.00351458 -0.00443824 -0.0311433 0.0177031 0.101314 -0.00272551 -0.00363878 -0.0144585 -0.0253075 -0.000898093 -0.015731 0.0135047 -0.00715691 0.038764 -0.0395864 -0.0358742 0.000408851 -0.0272652 -0.0117021 0.0101428 -0.0213879 -0.0466291 -0.0185325 0.00538928 -0.03841 -0.009753 -0.0199266 -0.00267006 -0.000741533 0.0211859 0.0804094 0.0115202 -0.00124323 -0.000152333 0.0035973 0.00690928 -0.00772873 -0.0169677 -0.00422209 -0.00039771 0.000760359 0.0141175 -0.000598268 -0.000150764 0.00671571 -0.00870427 -0.00164882 -5.02857e-05 -0.00180443 0.00153091 -0.00176021 -5.4709e-05 0.000287645 0.00170658 -0.00274764 0.0179208 -0.000362001 -1.35149e-05 -0.00798456 0.0227609 0.0179583 -0.00116292 -0.00692149 -0.028139 0.00456421 -0.00357678 -0.0322348 -0.0525623 -0.00432135 0.000190178 0.0187884 -0.00205846 -0.00235782 -0.00317502 0.0053923 6.48492e-05 -0.00148505 -0.000606395 0.00109957 -0.00239196 -0.000752018 -0.00914647 0.000623826 0.0153191 -0.00153379 -0.00271112 -0.00484762 -0.000308215 0.00183147 -0.0436615 -0.00660297 0.0585473 -0.00274008 -0.00129537 0.0101807 -0.000692805 
0.0294597 -0.00175758 -0.0405175 0.184328 0.000715756 0.0100514 0.0121475 -0.00595582 -0.0307592 -0.00197257 0.00959084 0.0221459 -0.0119382 -0.000890204 0.0254121 0.00965408 0.000684253 -0.0511775 0.0665286 0.00389414 -0.000793974 -0.0172088 0.000959912 -0.0162351 0.00635444 0.008457 -0.00707982 0.00521912 0.00432167 0.016904 -0.00376156 0.00106246 0.00176077 -0.00918904 -0.0568688 -0.000649068 -0.00064323 7.62536e-05 -0.0237021 -0.00576738 0.0081223 -0.00506353 -0.00130565 0.000353859 -0.00185074 -0.00414103 -0.000904866 3.36572e-05 -8.72259e-05 0.0117875 -0.000807757 5.90149e-06 0.000370393 0.00725024 0.00176317 0.00116866 -0.00023694 -0.000811691 -0.0018174 -0.05667 4.01038e-05 0.00019365 -0.000118556 -0.00554655 -0.000253931 0.000760408 -0.00249214 -0.0118324 -0.000379076 -0.00279987 -0.01934 -0.0264602 0.00728896 -0.000455574 -0.0115354 -0.000882744 0.00269104 0.00559443 0.00819833 -0.000208342 -2.06483e-05 0.00105333 -0.00118147 -0.000442863 0.00104031 -0.00510787 -0.000716883 0.00209329 -0.00062246 -0.00424834 -0.0153147 -0.000210802 0.00495269 0.0484701 0.00505837 -0.0540329 -0.000917332 -0.00343896 -0.00948229 0.000588094 
-4.9335e-05 0.000863697 -0.00351458 0.000715756 0.0241659 0.000107363 0.00204119 0.00049212 -0.00575993 -0.000155954 0.000543585 0.00682171 0.000756133 1.08483e-05 -0.000422783 0.00265034 -0.00246563 -0.00307443 0.00411351 -3.30026e-05 0.00563513 -0.00099682 0.00071755 -0.00589078 0.00151563 -0.00484499 0.00163698 -0.000882888 0.00183421 0.00100983 0.00103496 -0.000165045 -0.000152094 0.000580056 -0.00351276 0.00014017 8.21653e-05 3.59695e-05 0.000879858 -0.000511072 0.00195461 -0.0014958 0.000490428 0.000141516 0.0033815 -6.97903e-05 7.3645e-05 0.000305126 -0.00027155 0.000978172 0.000527941 9.95035e-06 5.06168e-06 -0.00245963 -4.191e-05 -0.000300152 6.20622e-05 -4.09767e-06 0.000118139 -0.00191693 0.000196247 -1.21101e-05 8.62154e-05 -0.0029498 -0.00239689 0.000157966 -5.45369e-05 0.000720373 0.000643727 0.000122182 0.00252726 -0.00617675 0.000359698 6.57154e-05 -0.00134748 -0.000117452 0.00101792 0.00122394 -0.0024702 0.000266968 -3.99342e-05 1.08921e-05 -9.47852e-05 -0.000320326 -2.87174e-05 -0.000370256 -8.21839e-05 -0.00421421 -4.33782e-05 -0.000276185 -0.0024103 -1.71287e-06 -0.00796816 0.00350788 0.00501969 -0.0112543 -8.9752e-05 -0.000303309 -0.000462883 0.000118061 
0.00286434 -0.000195082 -0.00443824 0.0100514 0.000107363 0.040801 -0.00172565 -0.00254856 -0.00242405 -0.000470332 0.00544679 0.00456824 -0.00314005 -6.27484e-05 0.00236679 0.00438875 -0.000712893 -0.00400097 0.00279697 -0.00504801 -0.000287886 -0.00192057 0.000513323 0.000782401 0.00220244 -0.00684253 0.00237437 0.000720631 0.00841983 -0.000685703 -0.00138581 -0.000286313 0.000150456 -0.00140428 -0.000489271 -0.00436017 -0.000217625 -1.03625e-06 -0.00552641 -0.000474487 0.000948349 0.000412105 -0.000471856 8.72759e-06 -0.000388766 -0.000578866 -0.000184416 1.56586e-05 -0.000230298 -0.000613073 -0.000206684 -1.28476e-05 9.44453e-05 -0.000886817 -9.38188e-05 -0.000247629 -6.55409e-05 -6.99743e-05 -0.000399145 -0.00405908 0.000100758 -2.81555e-05 -0.000648969 -0.00643954 0.00447666 7.15769e-05 -0.000716095 -0.00219601 -5.40372e-06 -0.00107883 -0.000164687 -0.00303216 -0.000868892 1.41176e-05 4.23e-05 -0.000252261 0.000474474 0.000150886 -0.00326822 -5.1254e-05 -0.000506051 4.93245e-05 0.000499125 0.000610993 5.14843e-06 -6.77817e-05 -2.17936e-05 -0.00572054 -0.000127371 -0.000448406 -0.00568138 1.75636e-05 0.000113612 0.00572652 0.000994136 -0.0138055 0.000180826 -0.000564693 -0.00067723 -3.36175e-05 
0.00792154 0.00237134 -0.0311433 0.0121475 0.00204119 -0.00172565 0.102728 -0.00163781 -0.0305164 -0.00140647 -0.0041296 0.00517278 0.0222071 0.000255884 0.00117977 -0.0054038 -0.0078434 -0.0414022 0.01256 0.0187363 -0.0076789 0.000649948 0.00376309 -0.0202458 0.0141809 0.0203071 -0.00447255 -0.00568205 0.0178262 0.00218883 0.0167979 0.00190752 -0.000223854 -0.0040643 -0.037863 -0.0142445 0.00239843 4.57652e-05 0.00657741 -0.00257896 0.00128963 0.00625969 0.00513112 1.16066e-06 -0.00138666 -0.0132334 -0.00114172 9.3425e-06 -0.00191149 0.00572817 -0.000156684 -2.36777e-05 -0.000644753 0.00950708 -0.000120701 -0.00193796 -3.28566e-05 -0.000619701 0.003483 -0.0247472 0.000185377 -4.10056e-05 0.000496092 -0.00638997 -0.016124 0.000291248 0.000306811 0.0174534 -0.000971611 0.00150997 -0.00576206 -0.00367009 -0.00160993 -0.000202511 -0.00822543 0.00130321 -0.000136361 -0.000723413 -0.00395383 -0.000139159 -0.000901963 0.000346292 -0.000388766 -0.000341263 -0.000156091 0.00449752 -0.000307049 -0.00697004 6.32502e-05 0.004885 -0.00400804 -0.000209073 -0.010672 0.0313509 0.0030821 -0.0322134 0.00104034 -0.00149549 0.00099811 0.000648989 
-0.00929721 0.000309733 0.0177031 -0.00595582 0.00049212 -0.00254856 -0.00163781 0.0833123 0.010838 -0.00134902 0.00607484 0.0107763 -0.00529766 -0.000337309 0.00334506 0.00761429 -0.00999165 0.00860081 -0.000323867 -0.0130271 0.00851149 -0.00421889 0.000931227 -0.0133366 -0.00305317 -0.0132238 -0.00790278 0.00103443 -0.00696327 -0.00207546 0.00151595 -0.00113576 0.000453686 0.00543025 0.00942719 0.00239904 0.000265587 -4.54597e-05 0.0101007 -0.00233757 0.00260196 -0.00353462 -0.000100957 5.37928e-05 0.0029674 0.00234439 -0.000718705 -4.43166e-05 0.000629062 -0.00217027 0.000140416 -6.12172e-06 -0.000423815 0.0019078 -0.000388406 -0.00214504 -0.000129095 0.000687149 -0.000384609 -0.000790823 -0.000129379 -5.85039e-05 0.000573841 -0.00185331 -0.00804789 -0.000279856 -0.000261499 -0.00116012 0.00125471 0.0014384 -0.0153456 -0.028333 -0.00190938 -0.000107096 -0.000251768 -0.000587084 -0.000182138 -0.000144624 -0.00857012 -0.000197162 -0.000449927 -0.000161294 -0.000161259 -0.000744538 -0.000157627 -0.00165343 -5.67423e-05 -0.00184546 5.19439e-05 8.90842e-05 -0.00389071 7.81695e-05 -0.00401409 -0.00194755 0.00489705 -0.0104664 0.000241778 -2.55183e-06 -0.00105931 -0.000168174 
-0.0194956 -0.00226528 0.101314 -0.0307592 -0.00575993 -0.00242405 -0.0305164 0.010838 0.212091 -0.00296161 -0.00445926 -0.0157092 -0.0294025 -0.000744557 -0.0160317 -0.00333299 -0.00283176 0.041445 -0.0575075 -0.0339211 -0.0152846 -0.0265437 -0.01438 0.0457461 -0.0178484 -0.0287322 -0.0255896 0.005382 -0.0390624 -0.0111646 -0.0206575 -0.00100365 -0.000880289 0.00694339 0.0475216 0.0346203 -0.000530836 -6.56131e-05 8.7192e-05 0.00042395 -0.0125521 -0.0169525 -0.00290582 -0.000276621 -0.00238742 0.0069316 -0.000987954 -0.000523381 0.00484891 -0.00999603 -0.0014829 -3.96703e-05 -0.00121187 -0.0150332 -0.00129854 0.00127231 -0.000215843 -0.000139563 -0.00271142 0.000837332 -0.000494951 9.053e-05 -0.00559497 0.0268562 0.035276 -0.00119341 -0.00608325 -0.0238047 -0.00111166 -0.00357292 -0.0284456 -0.0396868 -0.00401668 0.000315459 0.0205153 -0.00070844 -0.00268693 -0.0027497 0.0189051 -0.000333109 -0.00107994 -0.000663839 0.000987007 0.00273893 -0.000120692 -0.0101831 0.000822548 0.0340636 -0.000384083 -0.00360993 0.00786773 1.64196e-07 0.000881277 -0.0459893 -0.00679908 0.0546222 -0.00307826 -0.00385114 0.00123377 -0.000654899 
0.000295979 2.3158e-05 -0.00272551 -0.00197257 -0.000155954 -0.000470332 -0.00140647 -0.00134902 -0.00296161 0.0203203 -0.000507205 -0.00137817 0.000326715 8.34681e-05 -2.58713e-07 -0.00205219 0.00205862 -0.00293993 -0.00125291 -0.00105365 -0.00212648 0.00284748 -0.00267831 -0.000212692 -0.000456225 0.00166245 0.00234305 -0.00181422 -0.000420944 0.000706993 -4.09984e-05 0.000718533 0.000316213 -0.000853188 -0.00315568 -0.00260435 3.79701e-05 1.70675e-05 -0.000500324 0.000384816 -5.39871e-05 0.00186662 -0.000245826 0.000115051 -0.000253086 -0.00146759 0.000536294 -3.92406e-07 -0.000201914 0.0010836 0.000182436 8.69874e-06 2.21642e-05 -0.00135597 9.15576e-05 -0.000152226 -4.31858e-05 -0.000181552 -0.000178151 -0.00374862 -3.63946e-05 2.75854e-05 -8.13069e-05 0.000273904 -0.00180027 -6.27432e-05 0.000539771 0.00139151 -0.000138384 9.55292e-05 -0.00014852 0.00303311 -0.000119201 -2.10059e-05 0.00171207 0.000252998 0.000112311 -4.64089e-05 0.00139269 -2.45418e-05 0.000136946 6.30719e-07 5.18939e-05 -0.000218557 2.67524e-05 0.00149482 3.91486e-05 0.00284164 0.00124366 1.43333e-05 -0.00101783 -2.54279e-05 -0.000595715 -0.000911709 -0.000238629 -0.00148052 -2.00639e-05 -0.000227139 -0.000683977 0.000139475 
-4.397e-06 0.000669057 -0.00363878 0.00959084 0.000543585 0.00544679 -0.0041296 0.00607484 -0.00445926 -0.000507205 0.0733132 0.00116836 -0.00216453 -0.000183986 0.00921095 -0.00631597 -0.00193163 -0.00478981 0.00278344 -0.00304228 0.00150335 -0.00407889 0.00200044 0.00524791 0.0167504 -0.00902733 -0.0164024 -0.00194821 0.00446098 -0.000953204 0.00117386 0.000272081 -0.000335616 0.00167271 -0.00304682 -0.0114889 -0.000663745 2.7022e-05 -0.00808983 -0.00127799 -4.35346e-05 0.00117143 -0.000880867 0.000521032 0.00132552 -0.00827996 -0.000495134 0.000217867 -0.000177164 -0.00245771 0.000241986 -1.50336e-05 0.000522315 0.00272022 -0.000250206 0.00151679 7.25342e-05 0.000184982 -0.000562935 -0.0179507 0.000153912 7.30396e-05 -0.00145541 -0.00799383 0.0178818 -0.000285012 -0.00109119 0.00519371 0.000151402 -0.00148429 -0.00327193 -0.00683256 0.00115671 -7.77552e-05 0.000189744 -0.000282041 0.00105768 8.99416e-06 0.00257398 7.20772e-05 -0.000992606 -0.000151052 0.00162922 -0.000617652 0.000179545 -0.00178159 -0.000103421 0.00121664 -0.00025526 0.00369419 -0.00638348 4.23429e-05 -0.00629412 -0.0045758 -0.000952199 -0.0256473 -0.000621823 -0.000163705 0.00532623 -9.8043e-05 
-0.00638825 -0.000941478 -0.0144585 0.0221459 0.00682171 0.00456824 0.00517278 0.0107763 -0.0157092 -0.00137817 0.00116836 0.100191 -0.00735515 5.19235e-05 0.00327861 0.0177586 -0.00389451 -0.00805171 0.0327031 -0.00534157 0.0226094 -0.00272628 0.00365959 -0.0172046 -0.0103364 -0.00898736 0.0156036 0.00150316 0.00103653 0.0012331 -0.00565606 -0.00194891 -0.000216721 -0.00216359 0.00274872 -0.00633183 -7.28623e-05 -6.62749e-05 0.00374963 -0.00333023 0.000899241 -0.00710357 -0.000649517 0.000113762 0.00343725 0.00812226 -0.00112601 0.000251288 -0.00129058 -0.00281185 -4.95081e-05 -9.93181e-06 -0.000503598 0.0129856 0.000146617 -0.00292322 2.12913e-05 -8.66771e-06 -0.000545724 -0.0141659 4.17759e-06 -9.176e-05 0.00456724 -0.0168304 0.004564 0.000202274 -0.000406718 -0.00928872 0.00363346 -0.0011343 -0.0098892 -0.0378935 -0.00150029 1.78139e-06 -0.00845396 -0.000816859 0.00043416 0.000891976 -0.0142752 3.60163e-05 -0.000180406 2.67417e-05 0.000829747 0.000225019 -0.000123431 0.000951927 -0.000164549 -0.0239102 -0.000511484 -0.00187916 -0.00815905 0.000104749 -0.00675155 0.0233879 0.00554777 -0.0286194 -0.00107282 -0.00130698 -0.0019771 0.00081857 
0.000403853 0.00573477 -0.0253075 -0.0119382 0.000756133 -0.00314005 0.0222071 -0.00529766 -0.0294025 0.000326715 -0.00216453 -0.00735515 0.0900565 0.00181727 -0.00362436 -0.0174707 -0.00542849 -0.0432974 -0.018549 0.0324366 -0.0190084 0.0209042 -0.00369372 -0.0161328 0.0328013 0.0250077 -0.0113715 -0.012868 0.0414783 -0.000286842 0.0230025 0.000722929 -0.000197131 -0.00399608 -0.0358434 -0.0113248 0.000832831 0.000154581 -0.00288027 0.00275894 0.000512477 0.0177528 0.00530839 -7.06844e-05 -0.00141807 -0.0240784 6.4556e-05 -4.25632e-05 -0.00153813 0.00342955 0.000607336 2.07875e-05 -0.000300547 -0.00556113 0.000724288 -0.00118161 -0.000197728 -1.88305e-05 0.003724 -0.0163725 6.56189e-05 -1.62931e-05 -0.00120728 -0.0148409 -0.00665305 0.000670827 0.00213599 0.028586 -0.0010211 0.00492836 0.0288009 0.0167614 -0.000901753 -0.000212322 -0.00263864 0.002461 0.000467119 3.85995e-05 0.00290855 0.000501216 0.00235526 7.95145e-05 -0.00013451 -0.00171458 -0.000189564 0.00902536 -0.000228404 -0.0196759 3.21099e-05 0.00648393 -0.00469212 -0.000151712 -0.0165403 0.0113902 7.08812e-05 -0.0397182 0.00135475 -0.00135949 0.000569509 2.14302e-05 
0.000662193 0.000244545 -0.000898093 -0.000890204 1.08483e-05 -6.27484e-05 0.000255884 -0.000337309 -0.000744557 8.34681e-05 -0.000183986 5.19235e-05 0.00181727 0.00496708 -6.49915e-05 -0.000783636 -0.000265174 -0.00136391 -0.000782097 0.00098526 -0.00134073 0.000820151 -0.00176149 -0.000453628 0.00113044 0.00195308 -0.00106146 -0.000596365 0.00208016 -5.52118e-06 0.000540279 2.02861e-05 -1.62668e-07 -0.000152079 -0.00197992 -0.000678892 7.96621e-05 4.33845e-05 -0.000408943 0.000273808 -0.000166309 0.000673465 0.000481464 8.9399e-06 -4.00423e-05 -0.00146061 2.72423e-05 3.4483e-06 -4.72557e-05 0.000464312 9.92286e-05 1.33009e-06 -1.88172e-05 -0.000354431 2.2277e-05 -8.07422e-06 0.000101744 2.90516e-05 0.000287996 -0.00109961 3.23997e-05 -1.58565e-06 1.80803e-06 -0.000359354 0.000500528 0.000225724 0.000101464 0.000484741 -3.31033e-05 6.30191e-05 0.00181477 0.000283244 -4.87724e-05 6.53936e-06 0.00013759 0.00012201 7.71796e-05 0.000106247 -0.000253692 6.75505e-05 6.87212e-05 1.23451e-05 1.37881e-05 -8.10013e-05 -8.7498e-06 0.000815342 -1.50367e-06 -0.00069283 -1.23426e-05 -4.1633e-05 -0.000624152 -6.26037e-06 -0.00102746 -0.000130486 -7.51406e-05 -0.00197101 0.000263283 -9.00587e-05 4.67471e-05 4.91014e-06 
0.00584766 -0.000403265 -0.015731 0.0254121 -0.000422783 0.00236679 0.00117977 0.00334506 -0.0160317 -2.58713e-07 0.00921095 0.00327861 -0.00362436 -6.49915e-05 0.0582217 0.00723476 -0.00503825 -0.0206136 0.0254297 -0.00657475 0.00261835 -0.00451235 0.00176959 -0.0118991 -0.00305316 -0.00939517 0.00115443 0.00100828 0.0107423 -0.00152941 0.00011475 -0.000407364 -7.47177e-06 -0.00210232 -0.0122508 -0.00290316 -0.00026094 2.25737e-05 -0.00527112 -0.00160427 0.00860146 -0.00382421 -0.000234318 7.07813e-05 -0.000546142 0.00605582 -0.000718873 0.000370957 0.000308478 0.00121414 -0.000236392 1.65287e-05 -0.000219968 0.0094194 -0.000315031 0.000600394 3.33955e-05 -0.00033059 -0.000522397 -0.0120894 0.000149103 -3.84214e-05 -0.000916303 -0.00638084 0.000807168 0.000142224 -0.000453303 -0.00583907 -0.00050617 -0.000138484 -0.00585777 -0.0200948 0.00578567 -6.75689e-05 -0.00357526 -0.000413288 0.00128355 0.0029857 -0.00665127 9.03085e-06 -0.000479179 0.000643533 -0.000195864 -0.000586884 0.000731408 0.000781605 7.3135e-05 -0.00979523 -0.000206727 -0.00169851 -0.00295331 0.000264124 0.00207495 0.0211895 0.00808245 -0.0215132 -4.98084e-06 -0.000836429 0.000860745 0.000429232 
0.0133501 -0.0068789 0.0135047 0.00965408 0.00265034 0.00438875 -0.0054038 0.00761429 -0.00333299 -0.00205219 -0.00631597 0.0177586 -0.0174707 -0.000783636 0.00723476 0.182187 -0.0382796 0.0228652 0.0270738 -0.0676112 0.0858913 0.00644832 0.0147838 -0.0673052 -0.0529697 -0.0838357 0.0556572 0.0190154 -0.0207303 -0.00329662 -0.0345138 -0.00932405 -0.000597653 0.00613216 0.0592619 0.0147673 -4.86799e-05 -0.000387486 -0.000285509 0.00118784 0.00499241 -0.0362148 -0.00432594 -0.00074943 0.00331608 0.0749013 -0.00416938 9.83712e-05 -0.00261206 0.00471023 -0.00118029 -5.51866e-05 -7.38299e-05 -0.00449634 -0.00148859 -0.0118929 0.000108604 -0.000783132 -0.00552132 0.0543625 -0.000460756 -0.000603411 -0.00743814 -0.0238217 -0.0354202 -0.000639194 -0.000727105 -0.0431104 0.0012489 -0.00870674 0.0089591 -0.000443435 -0.00324087 -0.000308116 -0.00611338 -0.00388758 0.000627314 -0.000151564 -0.0689962 -0.000684605 -0.00514027 0.000181618 -0.000855181 -0.00057195 0.000327576 0.0032496 -0.000873286 -0.0448585 -0.000758676 -0.0145874 0.00325149 0.000113502 0.0137821 0.0151061 0.0060792 0.0101923 0.00137826 0.00133234 -0.0124753 0.000114909 
-0.0110203 -1.86464e-05 -0.00715691 0.000684253 -0.00246563 -0.000712893 -0.0078434 -0.00999165 -0.00283176 0.00205862 -0.00193163 -0.00389451 -0.00542849 -0.000265174 -0.00503825 -0.0382796 0.111141 -0.00992834 -0.0200211 0.0264714 -0.0262768 -0.00566714 -0.0168664 0.0484585 -0.00793457 0.0168769 -0.0271938 -0.00932969 -0.011496 0.00242165 -0.00435335 0.0060949 -0.00015782 -0.00279867 -0.0201966 -0.00390404 -0.00113451 5.06199e-05 -0.0134326 0.00105378 -0.00517217 0.000102465 -0.00201886 3.23436e-05 -0.00167904 -0.0137831 0.00279175 0.000435045 0.00101295 -0.00255146 0.000753601 -1.52077e-05 6.30559e-05 -0.010011 0.00128009 0.00479163 -3.71523e-05 -0.000742081 -0.000696833 -0.014462 -0.00024584 0.000552589 -0.000422425 0.0128812 0.0385151 -0.000497498 -0.000383988 -0.00222692 -0.00184026 -0.00129512 -0.00475425 0.0022086 -0.00273071 2.18712e-06 0.00168462 0.000201275 -0.00120357 -0.00110135 0.0225124 1.13129e-05 0.00136997 -0.000176052 -0.000716101 -0.00187996 -6.41107e-05 -0.00279997 0.000828805 0.0236273 -0.000304888 -0.000564657 0.00828206 1.86704e-05 0.00530107 -0.00461678 -0.00339661 0.0171124 -0.000827431 -0.00147075 0.000564571 9.39729e-06 
-0.01957 -0.00922768 0.038764 -0.0511775 -0.00307443 -0.00400097 -0.0414022 0.00860081 0.041445 -0.00293993 -0.00478981 -0.00805171 -0.0432974 -0.00136391 -0.0206136 0.0228652 -0.00992834 0.210756 -0.0162337 -0.0606024 0.0616421 -0.0131427 0.0120469 0.00149691 -0.0341098 -0.0314761 0.0615932 0.0135928 -0.0655589 -0.0128313 -0.0240121 -0.00776455 -0.000784896 0.0125323 0.0719036 0.0265735 -0.00102643 -0.000103556 0.0123852 -0.00170074 -0.00212314 -0.0213796 -0.00447601 -0.000488683 0.00336204 0.0353375 -0.00716409 -0.00100393 -0.00271581 -0.00547516 -0.000138943 -7.81272e-05 0.00101309 -0.0023352 -0.0033321 0.000813575 -0.000145535 0.00195396 -0.00361438 0.0826352 -0.000850629 -0.000316238 0.00237159 -0.00526524 -0.0207072 -0.00210646 -0.00141369 -0.0519118 0.00127974 -0.00823153 -0.0104505 -0.00540052 -0.00935786 -4.63476e-05 -0.00898283 -0.00162375 -0.00340217 -0.00187208 -0.0281971 -0.000644709 -0.00464577 -0.000967588 0.000764654 0.00251302 -0.0007842 -0.0078132 -0.000845523 -0.0251395 -0.000714784 -0.00869197 0.0156215 -0.00023319 0.00741684 -0.0628871 -0.00886987 0.0681053 2.60068e-05 0.00484632 0.00259481 -0.00122364 
0.0351187 -0.00292578 -0.0395864 0.0665286 0.00411351 0.00279697 0.01256 -0.000323867 -0.0575075 -0.00125291 0.00278344 0.0327031 -0.018549 -0.000782097 0.0254297 0.0270738 -0.0200211 -0.0162337 0.204054 -0.0127962 0.0345537 -0.0130002 0.0123072 -0.0476449 -0.0193409 -0.00432542 0.03684 0.00359713 0.0123756 0.00552032 -0.00800934 -0.00332624 -0.000595167 -0.0107063 -0.0242976 -0.0141826 0.00100266 -0.000131364 -0.00380046 -0.00744019 0.0178906 -0.0126375 -0.00253204 0.000387024 0.00289264 0.0230467 -0.00135204 0.000130422 -0.00320279 0.00479773 -0.000504745 3.70738e-05 -0.000676359 0.039116 0.000954242 -0.00183841 -0.000270046 -0.00121032 -0.00138177 -0.0327599 0.000303965 -0.00019578 0.0023286 -0.0239993 -0.0355491 0.000611633 0.000318917 -0.0235815 0.00198676 -0.00143476 -0.0205718 -0.0476764 0.00709715 -0.000450344 -0.0250289 -0.00163697 0.00367094 0.00443171 -0.0310868 -2.26816e-05 -0.00160845 0.000987372 -0.000863636 0.00137193 0.000129451 -0.00461202 -0.000792214 -0.0274284 0.000270644 -0.00726066 -0.0196828 0.00016984 0.00798264 0.048675 0.00948558 -0.0341689 0.000652904 0.00110127 -0.00840107 0.00101104 
-0.0117258 0.00719399 -0.0358742 0.00389414 -3.30026e-05 -0.00504801 0.0187363 -0.0130271 -0.0339211 -0.00105365 -0.00304228 -0.00534157 0.0324366 0.00098526 -0.00657475 -0.0676112 0.0264714 -0.0606024 -0.0127962 0.159291 -0.0746527 0.00474922 -0.0189138 0.00987592 0.035046 0.060633 -0.0637269 -0.0183033 0.0291241 0.0189566 0.0246286 0.00817708 -0.00110155 -0.00860408 -0.0506229 -0.0262997 -0.000473687 0.000127116 0.0024284 -0.00239798 -0.00546833 0.0180607 0.00418682 5.1195e-05 -0.00302111 -0.0480507 0.00698084 0.000198536 -0.00192922 0.00108003 0.000226297 5.92686e-05 -0.000506877 -0.0069533 0.00266845 0.00624389 -3.22813e-05 0.0010883 0.00572356 -0.0568154 0.000500477 0.000475627 -0.00133095 0.0355414 0.00919007 0.00113415 -0.000740962 0.0462209 -0.0012171 0.0097826 0.00138857 0.0190442 0.00307954 -0.000123976 0.000239475 0.000994319 -2.97571e-05 -0.00150399 0.0395626 0.000770922 0.00170502 -3.74554e-05 -0.000723275 -0.00188064 -4.08206e-05 0.00326857 0.000394548 0.0289692 -0.000687963 0.00956012 -0.0141575 -5.88978e-05 -0.00562443 0.00669033 -0.00252764 -0.0245258 0.000526529 -0.00279402 -0.00601267 0.000180647 
0.00453805 -0.00552357 0.000408851 -0.000793974 0.00563513 -0.000287886 -0.0076789 0.00851149 -0.0152846 -0.00212648 0.00150335 0.0226094 -0.0190084 -0.00134073 0.00261835 0.0858913 -0.0262768 0.0616421 0.0345537 -0.0746527 0.24999 0.0161419 0.0208204 -0.0933216 -0.0351773 -0.0888561 0.08229 0.009157 -0.0458955 -0.00551395 -0.0259175 -0.00576745 -0.00139327 -0.00044906 0.0423861 0.0443514 0.00139675 -7.60589e-06 -0.00554964 0.00131795 0.010744 -0.0311696 -0.00302438 0.000129231 0.00518507 0.0499397 -0.00413231 -0.0003681 -0.0041628 0.0134384 0.00131525 -3.38887e-05 0.000154158 -0.00227515 -0.00144322 -0.0117986 0.000294999 -0.000887693 -0.00452031 0.0811834 -0.000342653 -0.000314517 -0.00501054 -0.0544325 -0.0587206 -0.00135813 -0.00378857 -0.0430876 0.00323733 -0.00868703 0.0130349 -0.00743927 -0.00205285 -0.000241132 -0.0212107 -0.00346832 0.000849291 0.00231139 -0.0586728 -0.00036627 -0.00630638 -7.24212e-05 -0.000335367 -0.00071534 0.0003261 0.00109748 -0.000842116 -0.0810725 -0.000410144 -0.0123061 0.0272592 9.82576e-05 -0.00221801 -0.0023803 0.00429238 -0.00268161 0.000232386 0.00431757 -0.0117068 -0.000324531 
-0.00842833 -0.000392748 -0.0272652 -0.0172088 -0.00099682 -0.00192057 0.000649948 -0.00421889 -0.0265437 0.00284748 -0.00407889 -0.00272628 0.0209042 0.000820151 -0.00451235 0.00644832 -0.00566714 -0.0131427 -0.0130002 0.00474922 0.0161419 0.0916318 -0.00603259 -0.0239868 0.00319304 -0.00125884 0.00413842 -0.00608965 0.0161061 0.000781561 -0.00120381 -1.49251e-05 -0.000721966 -0.00391111 -0.00290352 -0.010909 -0.000594135 -3.24305e-07 -0.00749861 0.00107408 -0.000376107 0.00204241 0.00353549 -0.000108572 -0.000658606 -0.000200623 0.00223269 -0.000112332 -0.0017753 0.000738552 0.00154429 7.43574e-05 -6.73884e-05 -0.0095689 0.000495212 -0.0022465 -0.000190578 -0.000608222 0.000358972 0.0211044 1.23747e-06 3.21734e-06 -0.00210345 -0.0162814 -0.0160053 0.000226165 0.00616324 0.0175257 -0.00121285 -0.000421201 0.0291353 0.0301187 -0.00120044 -0.000215589 -0.0082135 0.000112355 0.000186094 -0.000874559 -0.0111275 4.21022e-05 0.000612314 1.21596e-05 -0.000300801 -0.00139575 -0.000101239 0.0121363 -9.99971e-05 -0.0205431 0.000471629 -0.000377063 0.01691 -6.41211e-05 -0.00509819 -0.00214442 -0.00109243 -0.0114558 0.00102816 -0.000957712 -0.00368677 -0.000182877 
0.00510429 -0.000373667 -0.0117021 0.000959912 0.00071755 0.000513323 0.00376309 0.000931227 -0.01438 -0.00267831 0.00200044 0.00365959 -0.00369372 -0.00176149 0.00176959 0.0147838 -0.0168664 0.0120469 0.0123072 -0.0189138 0.0208204 -0.00603259 0.066863 -0.00975189 0.00627003 -0.0129563 0.0246943 0.00564061 0.00242599 -0.00911045 0.0030315 -0.00775125 -0.000555019 -0.000844421 0.00799024 0.00179196 -0.000104549 -9.49904e-05 -0.000127921 -0.00526154 0.00306583 -0.000152363 -0.000745761 -2.66393e-05 0.000613796 0.00362726 -0.00523228 -0.000339508 -0.000810944 -0.00746031 -0.00101906 -3.81803e-05 -9.44638e-05 0.00576481 -0.00148745 -5.2467e-05 -0.000456596 -0.0011458 -9.44146e-05 0.00765434 -1.43288e-05 -0.000538799 -8.73044e-05 -0.0117377 -0.00643406 -0.000305962 -0.000753416 -0.000838216 0.000497111 -0.00210415 0.000180964 0.00280269 0.000101548 -0.000193518 -0.0181221 -0.00139529 0.00012208 0.000382283 -0.0105006 -0.000533383 -0.00375209 -7.46321e-06 5.59446e-05 0.000467645 -0.000128945 -0.00230535 -0.00155634 -0.023548 0.000261019 -0.000632508 0.00263031 -0.000246704 0.000401225 0.00477912 0.0017271 -0.00682369 -0.00124899 0.000889445 0.00196932 -0.000153171 
-0.0102588 -6.21667e-05 0.0101428 -0.0162351 -0.00589078 0.000782401 -0.0202458 -0.0133366 0.0457461 -0.000212692 0.00524791 -0.0172046 -0.0161328 -0.000453628 -0.0118991 -0.0673052 0.0484585 0.00149691 -0.0476449 0.00987592 -0.0933216 -0.0239868 -0.00975189 0.218592 0.00997741 0.0325377 -0.0411627 -0.00158988 -0.0152501 -0.0123577 -0.00494032 0.00295318 -0.000759018 -0.00280499 -0.00463237 -0.0172585 -0.00178056 -3.1419e-05 -0.0145112 -0.00107891 -0.0145264 0.000970596 -0.00278548 -9.14506e-06 -0.00395682 -0.0325023 -0.000235098 0.000186961 0.00512811 -0.0159807 -0.000983353 -7.49155e-05 6.91737e-05 -0.0149832 -0.00164592 0.0135794 -0.000603385 -0.000476535 -0.000426825 -0.0297214 -0.000309911 0.00027124 -0.00206654 0.0219524 0.0940678 -0.000881928 -0.00424573 -0.000501887 -0.00318322 -0.00478575 -0.0172233 -0.00795859 -0.00784491 0.000607376 0.00726625 0.000469178 -0.00308477 -0.00219227 0.0372221 4.0768e-05 0.00283574 -0.000714112 0.000395279 -5.35879e-05 -0.000384003 -0.00895249 0.000908794 0.0496227 -0.00011023 0.00670935 0.0140418 -0.000396598 0.00628829 -0.0295091 -0.00766289 0.035655 -0.00277222 -0.00422129 0.0165335 -0.000565293 
-0.00140438 0.00753003 -0.0213879 0.00635444 0.00151563 0.00220244 0.0141809 -0.00305317 -0.0178484 -0.000456225 0.0167504 -0.0103364 0.0328013 0.00113044 -0.00305316 -0.0529697 -0.00793457 -0.0341098 -0.0193409 0.035046 -0.0351773 0.00319304 0.00627003 0.00997741 0.116719 0.025854 -0.0256239 -0.00924953 0.0492642 0.00199962 0.0380722 -6.69291e-05 0.00149119 -0.00415455 -0.04907 -0.0171759 -0.000249396 0.000410705 -0.0127872 7.96954e-05 -0.00135691 0.0337303 0.00741872 0.000675161 -0.000488397 -0.0646233 -0.000339411 -2.75293e-05 0.000173054 -0.0021745 0.000917707 1.46269e-05 0.000412729 -0.00635469 0.000429851 0.00555434 -0.000108091 -0.000205538 0.00399222 -0.0429073 0.000736658 1.8633e-05 -0.00239934 -0.00596005 0.00579608 0.00201375 -0.000165377 0.0437323 -7.14346e-06 0.00278134 0.0147543 0.00560599 0.00511364 0.000291316 0.00524287 0.0013837 0.00285508 -1.85586e-05 0.029741 0.000324358 0.000454284 0.000205502 0.000889412 -0.00218786 -0.000260555 0.000485656 -0.000195445 -0.00224847 0.000160197 0.0116549 -0.0115426 -9.40072e-05 -0.0246809 0.00252492 -0.00224713 -0.0667539 -0.000866667 -0.00236812 0.00529782 -0.000194093 
0.0126288 0.00393626 -0.0466291 0.008457 -0.00484499 -0.00684253 0.0203071 -0.0132238 -0.0287322 0.00166245 -0.00902733 -0.00898736 0.0250077 0.00195308 -0.00939517 -0.0838357 0.0168769 -0.0314761 -0.00432542 0.060633 -0.0888561 -0.00125884 -0.0129563 0.0325377 0.025854 0.211473 -0.0454838 -0.011539 0.0265209 -0.000119252 0.0248496 0.00217732 0.0010397 -0.00771744 -0.0883918 -0.0373535 0.000983632 -2.94801e-05 -0.00102813 -0.00235336 -0.0105029 0.0336357 0.00341379 -0.000157475 -0.00499254 -0.0550809 -0.000798839 -0.000556477 -0.00152692 0.00114716 -4.88511e-05 1.11212e-05 -0.000330186 0.00945017 0.00075234 0.00705059 -0.000220439 -0.000273354 0.00434495 -0.065355 5.90853e-05 0.00018019 0.0139359 0.0126907 0.0113739 0.000323018 0.00638046 0.038989 -0.00295822 0.00941573 0.00102818 0.0241027 -0.00625013 -0.000309594 0.000139504 0.00460629 -0.00206731 0.00137648 0.0347739 -8.83602e-05 0.00488025 -0.000397459 -0.000269813 0.0022631 -0.000422774 0.00224539 -0.000695319 0.057803 -0.000956895 0.00739207 -0.03329 -0.000562476 -0.00295319 0.00335004 -0.00758206 -0.021114 -0.000212369 -0.00568857 -0.00393552 -8.37704e-06 
0.015425 -0.00535509 -0.0185325 -0.00707982 0.00163698 0.00237437 -0.00447255 -0.00790278 -0.0255896 0.00234305 -0.0164024 0.0156036 -0.0113715 -0.00106146 0.00115443 0.0556572 -0.0271938 0.0615932 0.03684 -0.0637269 0.08229 0.00413842 0.0246943 -0.0411627 -0.0256239 -0.0454838 0.220277 0.011439 -0.0149473 -0.00729082 -0.0146613 -0.00953069 -0.00085976 0.00140761 0.0184347 0.0226213 -0.00239464 -0.000216457 0.0140991 -0.00647999 0.00233257 -0.0190083 -0.00229051 9.85555e-05 0.0045491 0.0410185 -0.0068911 -0.000514188 -0.00639147 0.00097364 -0.00199209 -4.9375e-05 0.000928517 0.0178214 -0.00204134 -0.00409004 -0.000172105 -0.00328357 -0.00277218 0.0587373 -0.000502279 -0.000440936 0.000291162 -0.0651396 -0.0503958 0.00014762 0.00314314 -0.0386711 0.000950822 -0.00722606 0.00737365 -0.0246185 -0.00175253 1.31494e-05 -0.0216584 -0.00235942 -0.00147852 0.00237472 -0.0540027 -0.000631836 -0.0028331 0.00027513 0.000470378 0.00233104 6.87669e-05 0.0020176 -0.000811931 -0.0918547 0.00100627 -0.0136816 0.0159627 0.00035195 0.00319599 0.0198242 0.0023386 0.009407 0.000826997 0.000208251 -0.00615325 -1.96502e-05 
-0.000893004 -0.00601432 0.00538928 0.00521912 -0.000882888 0.000720631 -0.00568205 0.00103443 0.005382 -0.00181422 -0.00194821 0.00150316 -0.012868 -0.000596365 0.00100828 0.0190154 -0.00932969 0.0135928 0.00359713 -0.0183033 0.009157 -0.00608965 0.00564061 -0.00158988 -0.00924953 -0.011539 0.011439 0.042591 -0.0113811 -0.00311529 -0.0100052 -0.00460589 -0.000146158 0.000384037 0.0155114 0.00366014 -7.62141e-05 -0.000219347 0.00321157 -0.000980992 -0.000159489 -0.00779195 -0.00567907 -0.000302787 -0.000557235 0.0168122 -0.00294099 -0.000192244 -0.000578092 -0.00111795 -0.000994587 -9.40337e-05 -5.76449e-05 0.00233828 -0.00187752 -0.00110106 -8.10431e-05 -7.33594e-05 -0.000783412 0.0110484 -0.000666141 -0.000464414 0.000886695 -0.00124499 -0.00353489 -1.92377e-08 -0.00186037 -0.0151554 -0.000175442 -0.00132826 -0.00254984 0.00190081 -0.00175282 -9.47283e-05 -0.000536033 -0.000654561 -0.000903846 0.000164374 -0.0113123 -0.000286315 -0.000488161 -5.65645e-05 0.000110218 0.000377603 5.08314e-05 -0.00257231 -0.0004128 -0.000989855 -0.00057713 -0.00644555 0.00115542 -0.000363026 0.00908583 0.00193388 0.000212435 0.00707163 -0.00123766 0.000591593 -0.00416635 -0.000254594 
0.00321481 0.00624637 -0.03841 0.00432167 0.00183421 0.00841983 0.0178262 -0.00696327 -0.0390624 -0.000420944 0.00446098 0.00103653 0.0414783 0.00208016 0.0107423 -0.0207303 -0.011496 -0.0655589 0.0123756 0.0291241 -0.0458955 0.0161061 0.00242599 -0.0152501 0.0492642 0.0265209 -0.0149473 -0.0113811 0.137871 -0.00246297 0.0344048 -0.001433 -0.000117561 -0.00685658 -0.0476231 -0.0242678 0.000199834 0.000231972 -0.0121514 -0.000967361 0.00820764 0.0309722 0.00766533 -1.16181e-05 -0.00139758 -0.0375677 0.000912445 0.000382827 -0.00109605 -0.0023428 0.000147969 1.83267e-05 -0.000117629 0.0053039 0.000244302 0.00200222 -7.11419e-05 -0.00107118 0.00289442 -0.0440676 0.000784764 -0.000112571 -0.00201323 -0.0246078 -7.99678e-06 0.00174992 0.00316332 0.0433871 -0.000788378 0.000679593 0.0162946 -0.000105429 0.00525502 -0.000155795 -0.00304171 0.00199768 0.00370407 -2.42203e-05 0.000723967 0.000599513 0.0012155 0.000521176 0.000302946 -0.00138157 -0.000178575 0.00946587 -0.00019285 -0.0235736 -0.000212237 0.00701372 -0.0149443 0.000125246 -0.0151067 0.0299254 0.00481387 -0.0628562 0.000788095 -0.00273444 0.00397509 0.000352669 
0.00164178 0.000411315 -0.009753 0.016904 0.00100983 -0.000685703 0.00218883 -0.00207546 -0.0111646 0.000706993 -0.000953204 0.0012331 -0.000286842 -5.52118e-06 -0.00152941 -0.00329662 0.00242165 -0.0128313 0.00552032 0.0189566 -0.00551395 0.000781561 -0.00911045 -0.0123577 0.00199962 -0.000119252 -0.00729082 -0.00311529 -0.00246297 0.0482201 0.00192903 0.00425798 0.000347975 -0.00148977 -0.0160776 -0.00596979 4.81471e-05 6.48939e-05 -0.00334009 -0.00017376 -0.00161894 0.00270817 0.000111479 0.000300015 0.00034347 -0.00609946 0.00430661 0.00019723 -0.000278256 0.0111669 0.00119966 1.83282e-05 5.8817e-05 -0.0048496 0.00317613 -0.000419754 0.00011812 -0.000134537 -0.000167709 -0.0117502 3.65437e-05 0.000261802 0.000547496 0.00634291 -0.0105536 0.000839592 -0.000310047 0.000539697 -0.000172872 0.000470959 0.00266489 0.00541254 0.0021537 -0.00011358 0.000939143 -0.000163754 0.000555075 0.000245173 0.00203061 6.07817e-05 -0.000531022 1.28575e-05 -0.000142635 -0.000639226 0.000190599 0.000330408 -0.000148162 0.0122109 0.000513998 -0.000697884 -0.00599811 3.44034e-05 -0.0029384 0.00316658 -0.000988967 -0.00972194 3.65064e-05 -0.00100063 -0.00285321 -5.00157e-05 
-5.46384e-05 0.00548739 -0.0199266 -0.00376156 0.00103496 -0.00138581 0.0167979 0.00151595 -0.0206575 -4.09984e-05 0.00117386 -0.00565606 0.0230025 0.000540279 0.00011475 -0.0345138 -0.00435335 -0.0240121 -0.00800934 0.0246286 -0.0259175 -0.00120381 0.0030315 -0.00494032 0.0380722 0.0248496 -0.0146613 -0.0100052 0.0344048 0.00192903 0.0763891 0.00183105 -8.03281e-05 -0.00341765 -0.0371642 -0.0101338 0.000717212 0.000261655 -0.00168125 -0.00214498 0.00419938 0.0217335 0.00611289 0.000611333 0.000774601 -0.0409619 0.00033113 6.81165e-05 -0.000283999 -0.00114631 0.000931656 -1.39309e-05 0.000406744 -0.000758834 0.000542585 -0.000729177 -3.07101e-05 -0.000616237 0.00372915 -0.0299051 0.000396661 1.03869e-05 0.00201197 0.00280221 -0.0135653 0.000679424 0.000282358 0.0352743 0.000479338 0.00439879 -0.000369361 6.72546e-05 0.00358099 -4.52402e-05 -0.00569897 0.00166585 0.000499153 -0.000200979 0.0215398 -9.06805e-05 0.000741304 1.12816e-05 -0.000255137 -0.00117058 -0.000134784 -7.99811e-06 -0.000256614 0.00162146 0.000202664 0.0104337 -0.00965794 -0.000148881 -0.0147102 0.000779239 -0.000784152 -0.0321211 -5.09108e-06 -0.00107911 0.00588296 -0.000114401 
0.0003219 4.60556e-05 -0.00267006 0.00106246 -0.000165045 -0.000286313 0.00190752 -0.00113576 -0.00100365 0.000718533 0.000272081 -0.00194891 0.000722929 2.02861e-05 -0.000407364 -0.00932405 0.0060949 -0.00776455 -0.00332624 0.00817708 -0.00576745 -1.49251e-05 -0.00775125 0.00295318 -6.69291e-05 0.00217732 -0.00953069 -0.00460589 -0.001433 0.00425798 0.00183105 0.0184628 -7.08023e-05 -0.000866889 -0.00618266 -0.00139095 7.59074e-05 2.71283e-05 -0.00221621 0.000963578 -0.000763947 -0.000269914 -0.000165385 0.000251247 -0.00033129 -0.00531241 0.00288513 0.000134993 -6.33717e-05 0.00293172 0.000367541 7.55466e-06 -7.55777e-05 -0.0021189 0.00110968 -0.000407047 6.16834e-05 0.000152742 0.000534805 -0.00570342 9.69899e-06 0.000370632 -0.000450535 0.00603441 -0.000535092 -2.46502e-05 -0.000200215 0.00339568 -0.000200175 -0.000277868 -0.0026599 0.00126884 0.000446358 6.62504e-06 0.00124149 0.000204271 -0.000123404 -0.000165882 0.00803186 1.64194e-05 0.00077518 2.35945e-06 -0.000132373 -0.000317232 4.17754e-05 -0.000239522 0.000222435 0.00861919 -9.40901e-05 0.00256018 -0.00113901 -1.35059e-05 -4.85323e-06 -0.00135063 -0.00045864 0.000475891 0.000233761 -6.28052e-05 -0.000893379 -2.25309e-06 
0.000795481 8.10324e-06 -0.000741533 0.00176077 -0.000152094 0.000150456 -0.000223854 0.000453686 -0.000880289 0.000316213 -0.000335616 -0.000216721 -0.000197131 -1.62668e-07 -7.47177e-06 -0.000597653 -0.00015782 -0.000784896 -0.000595167 -0.00110155 -0.00139327 -0.000721966 -0.000555019 -0.000759018 0.00149119 0.0010397 -0.00085976 -0.000146158 -0.000117561 0.000347975 -8.03281e-05 -7.08023e-05 0.00806082 -0.000244143 -0.00344845 -0.00127498 -3.20236e-05 -4.70106e-06 -0.000160059 0.000405387 -0.000129743 0.00140345 -0.000107745 1.50825e-05 -0.000102989 -0.00148165 3.60792e-05 -2.23648e-06 0.00011255 -9.64974e-06 4.10897e-07 1.14576e-06 -6.29747e-07 -0.00038803 -3.79611e-05 -7.60153e-05 2.78022e-06 4.82813e-05 -3.0925e-05 -0.00305656 3.72492e-07 6.06125e-07 0.000651253 -0.000726916 -0.00135385 9.44779e-06 0.000299852 -0.000544079 9.77534e-05 0.000436694 0.00117006 0.000420518 0.000113295 -4.04332e-06 0.00302102 0.000255119 -7.06911e-05 0.000179517 0.000197178 1.47e-05 0.000104927 4.49528e-06 3.63503e-05 0.000177416 1.1573e-05 -0.000240022 -7.90625e-06 0.00258275 1.92265e-05 -0.000100894 -0.000875609 -1.32937e-05 2.15234e-05 -6.97644e-05 -0.000127968 -0.000390793 -5.50954e-05 -0.000146236 -0.000320344 5.66323e-05 
-0.00122493 -0.000646162 0.0211859 -0.00918904 0.000580056 -0.00140428 -0.0040643 0.00543025 0.00694339 -0.000853188 0.00167271 -0.00216359 -0.00399608 -0.000152079 -0.00210232 0.00613216 -0.00279867 0.0125323 -0.0107063 -0.00860408 -0.00044906 -0.00391111 -0.000844421 -0.00280499 -0.00415455 -0.00771744 0.00140761 0.000384037 -0.00685658 -0.00148977 -0.00341765 -0.000866889 -0.000244143 0.0475125 0.00742019 -0.00524197 0.000206827 5.79877e-06 0.00117056 -0.0012174 -0.0017833 -0.00334723 0.000260995 -7.71286e-05 0.00129895 0.00432761 -0.000424199 1.09901e-05 -0.000442027 -0.00056812 -0.000150344 3.56795e-06 -0.0002584 -0.00480656 -0.000233122 -0.000391328 0.000375877 1.65153e-05 -0.000329003 0.00599583 -6.0337e-05 -4.48784e-05 -0.000540006 0.00467809 0.000397585 -0.00013487 -0.000557925 -0.00501656 -0.000166939 -0.00104077 -0.0048079 -0.0106603 -0.00122293 0.000510965 -0.000481394 -0.000298728 -0.000278295 -0.000492729 -0.00605491 -1.29469e-05 -0.000449892 -8.97165e-05 3.458e-05 0.000580894 -0.000150013 -0.00163849 -5.56704e-05 0.00591755 -0.000276516 -0.000858934 -0.000432123 -4.37598e-05 -0.00660005 -0.00636217 -0.00120116 0.00940269 -0.000445166 0.000473623 0.00357572 -3.84318e-05 
