0.178429 0.0069165 0.0282714 -0.00204845 0.0301313 0.0147642 -0.0263121 -0.0264729 0.00450104 -0.0237429 0.00718582 -0.0110215 0.0142526 0.00650839 0.0148621 -0.0435913 -0.0577818 -0.0111993 0.0122562 1.54146e-05 -0.0104354 0.0647974 -0.0279259 -0.00141803 -0.000753559 -0.0142098 0.0260505 0.00610689 0.000616123 0.011481 -0.0581176 -0.00132157 0.0273743 -0.00716626 -0.0255593 -0.002039 0.00444084 0.0200531 -0.0207336 0.00582906 -0.0177441 -0.00776465 -0.00514552 -0.00991713 -0.0691913 0.00323903 -0.00158542 -0.00956634 -0.000893514 -0.00418161 -0.0572059 -0.00247672 0.00227264 -0.00102618 0.00774815 0.000670115 0.00303427 0.0631916 0.00186655 -0.0488716 -0.00654384 -0.00334791 0.0157002 0.0432768 -0.0316976 0.00751016 0.0347405 -0.0136248 0.000344073 -0.00210705 0.0239207 0.017375 0.00878956 -0.00300206 -0.00298148 -0.021621 0.000743345 0.00250707 -0.0174699 0.011265 0.013214 -0.00248098 -0.0553097 -0.0334188 -0.0128542 0.00385807 0.00734418 0.038974 0.00283178 -0.00125607 0.00722876 0.00972083 -0.00139368 0.0210211 -0.0116808 -0.00201776 0.000960912 0.0212545 -0.00444805 -0.0247698 
0.0069165 0.0202363 0.00461669 -0.000284194 0.00577265 0.00267117 -0.000223142 -0.00214887 -0.000551019 -0.0010233 0.00276882 -0.000658738 0.000261657 0.00189725 -0.00107648 -0.00621094 -0.00576757 0.000537118 0.000491094 0.00547058 0.000475094 0.00138916 -0.0034485 0.00271409 -0.000538009 -0.000777511 0.000780188 -0.00131211 0.000829482 0.000463969 -0.00397703 0.000399689 -0.000938745 0.00115691 -0.00353457 -0.00026974 0.000405253 0.00372643 -0.000813651 -0.00165526 -0.00230236 0.000610476 -2.1774e-05 -0.000867112 -0.00514499 -7.98467e-05 0.000220066 -0.000793066 0.000384409 0.0016975 -0.00195546 0.000530485 0.00280974 0.000605419 0.000601099 -1.39801e-05 8.06125e-05 -0.00327429 -0.000237247 -0.00309898 4.09055e-05 -0.000275874 -0.00108621 -0.00065957 -0.00333663 -0.00637439 0.00376734 -0.000269923 -0.000174327 0.000428768 -0.000110828 -0.000853577 0.00105864 0.00171455 -0.000407359 -0.00206589 -0.000116839 -0.00067336 -0.00204288 -9.47848e-05 0.00150504 0.000724927 -0.00400775 -0.00224773 -9.69421e-05 -0.00025652 0.000709621 0.000301243 0.000393484 3.59324e-06 0.000444459 9.52121e-06 -0.00238552 -0.000511139 -0.000887809 -9.17087e-05 0.000590584 0.000679825 -0.000482127 -0.00138424 
0.0282714 0.00461669 0.0628024 0.000549357 0.00769452 0.000864339 -0.00155074 -0.00595268 0.00558937 -0.0063782 0.00319449 -0.0044704 -0.00336583 0.00262451 0.0052199 -0.0122594 -0.0124703 -0.00165617 -0.00172526 0.00729538 0.00286978 0.0124918 -0.021595 0.00382781 -0.00334582 -0.00397192 0.00641017 0.00173875 -0.00114614 -0.000888885 -0.00873936 0.00130678 -0.00227964 -0.00340184 -0.00472612 0.000973111 -0.000923988 -0.0017372 0.00634695 -0.00792725 -0.00887288 -0.00623459 -0.000748712 -0.000680367 -0.0196799 0.00105707 -0.00173158 -0.00264402 0.000361101 -0.000357029 -0.0102095 -0.000892954 0.00719754 -0.00496958 -0.00886565 0.000431005 0.000550526 0.000626041 0.0020455 -0.0156227 -0.000996716 -0.00149167 -0.000249472 0.0121326 -0.0130286 -0.00820852 0.00285243 -0.00280106 0.000703622 -0.000363736 0.00185188 -0.000727644 0.00557562 0.00490802 0.00122512 -0.00236776 0.00452191 0.000448864 -0.00260038 0.00130413 0.0100963 0.000652436 -0.0136118 -0.00860372 0.000199288 0.00830274 0.00109175 0.00902832 0.00183285 -3.49576e-05 0.000213935 0.003961 -0.00423856 0.00301103 -0.00250957 -0.000461507 0.000242992 0.00292575 0.00241183 -0.0021334 
-0.00204845 -0.000284194 0.000549357 0.0565802 0.00554618 -0.00183621 0.0037252 -0.00417551 -0.00298997 -0.00703106 0.00139404 -0.00135852 0.00349124 -0.000981648 -0.00176516 -0.0123028 0.00316061 -0.00676171 -0.00631688 0.0013654 -0.00165693 0.0142612 0.0102787 -0.000609072 -2.54787e-05 -0.00448086 -0.00264577 0.000258186 -0.000163708 -0.00522086 -0.0070059 5.42601e-05 -0.00340142 -0.00151711 -0.0029385 0.00158221 0.000991315 0.00227176 -0.00339697 0.00379108 9.974e-06 -0.000143002 0.00306907 -0.00123376 -0.00260477 0.0031093 -0.00165381 -0.00275593 -0.000148073 -0.00295701 -0.0102139 -0.00133665 -0.00837982 -0.00374462 -0.00863244 0.000825201 0.00301087 -0.00556773 -0.000794748 0.00295172 0.000246898 0.000399114 -0.00399882 -0.00384115 0.00829738 0.00107196 0.000323317 -0.00253899 0.00132931 -0.000736778 -0.00061987 -0.0042778 0.00134697 -0.000890429 0.00157746 -0.0116551 -0.000930568 -0.00371932 -0.0029928 0.00559033 0.00593542 0.00202088 0.00571002 0.0163882 0.0153484 -0.00359312 0.00157633 -0.0100198 0.000619369 -0.000945741 -0.000120256 -0.000976025 -0.00222727 -0.00159233 0.00136706 0.00150247 -0.000102471 -0.000968154 -0.00101979 -0.0040805 
0.0301313 0.00577265 0.00769452 0.00554618 0.0974775 0.00130018 -0.0138493 -0.0141681 -0.00143228 -0.0112844 0.00109482 -0.00702456 0.0310032 0.0088505 0.00282969 -0.0178557 -0.0151524 -0.0117832 0.0187532 0.00397303 0.0305651 0.0475446 -0.0191754 0.00901613 -0.00572166 -0.00884315 0.0270424 -0.014785 -0.00138273 -0.00515127 -0.0254958 -0.00178662 -0.00996298 0.000993453 -0.0152026 -0.000395159 0.000364599 0.00961739 -0.0129608 0.00159391 -0.00726193 9.6421e-05 -0.00145437 0.00051314 -0.0391015 -0.000198244 0.000468775 -0.00698165 -0.000875882 -0.004165 -0.0233569 -0.00567899 -0.0110448 -0.00706744 -0.0148121 0.00173507 -4.6746e-05 0.00177798 0.00125495 -0.0250571 -0.00401733 -0.00199327 0.00650464 0.00486568 -0.0216047 0.0161034 0.0515698 -0.00359944 -0.000740595 -0.00177447 0.0116969 -0.00486714 0.00973219 0.00329 0.0023285 -0.0190588 0.00322808 -0.0124023 -0.00417723 -0.000695139 0.00219486 0.00309654 -0.0339993 -0.0140831 -0.00711724 -0.00518433 0.00179232 0.0151101 -4.93668e-05 0.00206654 -0.000255135 0.000597804 0.000119665 0.0301107 -0.00446381 -0.00078971 0.00156563 0.0106736 -0.0101297 -0.0121398 
0.0147642 0.00267117 0.000864339 -0.00183621 0.00130018 0.0677493 -0.0072593 -0.00576384 -0.00540377 -0.00205088 0.00267614 -0.00360819 -0.0107974 0.00313612 -0.010197 0.00406815 -0.0132387 -0.00291196 -0.00391141 0.00605298 0.000801617 0.00524779 -0.00179171 -4.46366e-05 0.00230428 -0.00175208 -0.00681143 0.0207574 0.0001122 0.0048859 -0.00337612 -0.00117527 0.00591591 0.00113745 0.00113041 0.000999508 0.00246349 0.00597115 -0.00292607 -0.0273381 -0.00385825 -0.00587976 -0.00159156 0.00356989 -0.0200686 -0.000741535 -0.00236846 -0.00377121 0.00238659 0.00107474 -0.0178219 0.00391853 -0.0056482 0.012236 0.00553345 0.000853593 -0.00015743 0.00692942 -8.79587e-05 -0.00970393 -0.00103475 0.000516026 -0.00522327 -0.00956829 0.00699006 0.0119571 -0.00281627 -0.00427733 -0.000385969 0.0087377 -0.00835299 -0.00106482 0.000781777 0.00272847 0.00184578 -0.00577026 -0.00194641 -0.000337242 -0.00167057 0.000608717 0.00117038 0.00176494 -0.0188852 0.0112365 0.00329688 -0.00405763 -0.00101992 0.0169158 -0.000753345 0.000753965 0.00549472 -0.00276686 -0.00699133 0.00256394 -0.00108258 -1.35014e-05 0.0012983 0.00201389 -0.00509068 -0.00518485 
-0.0263121 -0.000223142 -0.00155074 0.0037252 -0.0138493 -0.0072593 0.13021 0.0345982 -0.0111282 -0.00774012 5.70739e-05 0.034053 -0.0233763 -0.00884445 -0.0264893 0.0261592 -0.0255222 -0.0154139 0.00411418 0.0135939 -0.034282 -0.029748 -0.0153431 -0.00455857 -0.00935408 0.00989928 -0.0192061 -0.0149722 -0.00117387 -0.0127926 0.0349838 -0.00404927 -0.0172345 -0.000761076 0.020112 -0.00165421 -0.00229708 -0.0178871 -0.0162915 -0.00913441 -0.0243917 -0.00520935 0.00375342 0.00018805 0.0638903 -0.00281184 -0.00345225 0.00289803 -0.00134628 0.00300986 0.0589278 -0.00753262 -0.00707038 -0.0229244 -0.00194522 -0.00249613 -0.00188415 -0.0248186 -0.00235838 0.0666475 0.00339248 -0.00135942 -0.0100476 -0.019468 0.0199224 -0.0181753 -0.021794 -0.000876766 -0.000993886 -0.00415206 -0.0214786 -0.00743425 0.000753204 0.000866446 -0.00201235 0.015974 -0.00309703 -0.00342226 0.00245771 -0.00290528 0.00255484 -0.000501576 0.0729842 0.00165881 0.0337457 0.0063864 -0.00301508 -0.0291445 -7.50702e-07 0.00100521 -0.00280039 -0.00454532 -0.00577419 -0.0177115 -0.00321202 0.000877277 -0.000581437 -0.00771213 0.00695884 -0.0014531 
-0.0264729 -0.00214887 -0.00595268 -0.00417551 -0.0141681 -0.00576384 0.0345982 0.142013 -0.0104712 0.0141118 -0.00168947 0.0204915 -0.0247002 -0.00485131 -0.0163049 0.0257461 0.00425676 -0.0134226 -0.00927731 0.018499 -0.0155987 -0.0344059 0.0266677 -0.000157758 -0.00909276 -0.0105628 -0.00899985 -0.00999436 -0.000812287 -0.0167168 0.0413593 -0.0025934 -0.00893166 -0.00587201 0.0411264 -0.0036185 -0.00367725 -0.0131525 0.00125997 0.0111736 -0.00315492 -0.00177627 0.0139847 -0.00671442 0.0489979 0.0057525 0.00328875 -0.00349288 -0.0016907 -0.00228175 0.0108261 -0.0027408 -0.0100978 -0.0232423 0.0139901 -0.00172976 -0.00285912 -0.0280873 -0.0031931 0.0476724 -0.00481177 -0.00109563 -0.0134654 -0.0227644 0.017307 -0.00164104 -0.020013 -0.00379292 -0.000958795 -0.0041751 -0.0140985 -0.0124197 -0.00181873 0.00212176 -2.0377e-05 -0.0186143 0.00906353 -0.0239284 0.00489693 -0.00832321 0.000360079 -0.000342533 0.0333462 -0.000951809 0.0315374 -0.0166652 -0.00353181 -0.0341049 0.00286 3.04264e-05 -0.00323113 -0.00621242 0.000674027 -0.016565 0.00421973 -0.00018555 -0.000994728 -0.0106224 -0.00394315 -0.00829397 
0.00450104 -0.000551019 0.00558937 -0.00298997 -0.00143228 -0.00540377 -0.0111282 -0.0104712 0.0935982 0.00672647 -0.000136982 -0.00521376 -0.00651111 -0.00111081 -0.00193729 0.0100058 -0.0168005 0.0160064 0.00551368 -0.00784613 -0.00622043 -0.025132 -0.0319274 0.000959257 0.00163584 -0.00261674 -0.000786059 0.00466056 -0.00188365 0.0243838 -0.0177633 0.000847949 0.0105164 0.0120735 -0.00920627 -0.00199039 -0.0019207 -0.00530968 0.00869307 -0.0206401 -0.0162848 -0.00744758 -0.00315551 -0.00511013 -0.030726 -0.00046334 -0.000840924 -0.00230979 -0.000690929 -0.00332944 -0.0100705 0.00563687 -0.00477196 -0.00839977 -0.0003396 0.00565729 -0.00121324 0.00312719 0.00787889 -0.0253265 -0.0023256 0.00370815 0.0086062 0.0172083 -0.0193008 -0.00698067 0.00977302 0.00327325 0.000688246 -0.00336467 0.00981811 0.0139741 -0.0011411 -0.000554099 -0.000811683 0.00871932 -0.00266769 0.0214038 -0.00792715 0.00604547 -0.000461724 -0.000326351 -0.023314 -0.0152246 -0.00622901 0.0119687 0.00189246 0.0130532 0.00288532 0.000729951 -0.000345496 0.0117217 0.0165147 0.00871717 -0.00199113 -0.00067454 0.000381633 0.00377259 0.00473783 0.00344515 
-0.0237429 -0.0010233 -0.0063782 -0.00703106 -0.0112844 -0.00205088 -0.00774012 0.0141118 0.00672647 0.116449 -0.00254521 -0.00344524 -0.0213915 -0.000868307 -0.00350642 0.0261594 0.0255621 0.0185168 -0.0104563 0.0112988 -0.00317873 -0.0387732 0.0158683 0.0012165 -0.00645197 -0.00496916 -0.0103513 0.00269834 -0.00201407 -0.00481319 0.0204294 0.000223816 -0.00423742 0.00145823 -0.00143345 -0.00245403 -0.00449863 -0.00768329 0.0187378 0.00512798 0.00749718 -0.00502866 0.00442253 0.00916323 0.0166232 -0.000636212 -0.0019478 -0.00494056 0.000364972 0.0100521 0.00469165 0.0179686 0.00894814 -0.000225418 0.0137664 -5.49188e-05 -0.0025391 -0.0271821 0.00110739 -0.011051 0.00174071 -0.000723319 -0.00828434 -0.015437 -0.0110112 -0.0148931 -0.017718 0.0129981 -0.000426598 -0.00328301 -0.00846261 -0.00907593 -0.0022245 0.00445585 -4.1724e-05 -0.00222107 0.00645376 0.000526321 0.00140514 -0.00290788 -0.00279594 0.00658766 -0.00262556 -0.00577124 -0.0116415 -0.00453689 -0.00265677 -0.0140679 0.00251059 -0.00144407 -0.000349598 -0.00313911 -0.00827562 -0.0066762 0.00430625 -0.00104178 -0.000723403 0.000847613 -0.0038706 -0.00876815 
0.00718582 0.00276882 0.00319449 0.00139404 0.00109482 0.00267614 5.70739e-05 -0.00168947 -0.000136982 -0.00254521 0.0233967 -0.00102499 -0.000131128 0.00261244 -0.0023504 -0.0116125 -0.00331613 -0.00197794 0.00202264 0.00285796 0.000481735 0.00344105 -8.70653e-05 0.00186021 -0.00213668 -0.000157678 0.00194109 -0.000250339 -0.000108828 0.00280516 -0.00447887 0.000267212 0.00030379 -0.000193113 -0.00281399 -2.43846e-05 0.00161494 0.0103832 -0.0031623 -0.000746331 -0.00190337 0.00098385 -0.000515392 -0.000777286 -0.00522552 0.000312579 0.000134137 0.000392171 0.000381899 -6.24613e-05 -0.00485265 -0.000924591 -0.000443666 -0.000114971 -0.00435722 9.05728e-05 0.00136881 -0.00576244 -0.0003563 -0.00360825 -0.00038725 0.00103013 -0.000324532 0.000222301 -0.00126327 -0.00810834 0.00204181 -0.000536522 0.000110167 0.000830022 -8.13258e-05 0.000929924 -0.000218093 0.000914063 -0.000472975 -0.00505472 -0.00018726 -0.00435552 -0.00234082 0.00134858 0.00186054 0.00051294 0.00146926 -0.000434952 0.00412966 -0.002737 0.000172386 0.00127292 4.74795e-05 0.000496073 0.00338636 0.00258863 -0.000748206 -0.00144161 -0.000209166 0.000247033 0.000472987 -0.00104192 -0.000824572 -0.00149015 
-0.0110215 -0.000658738 -0.0044704 -0.00135852 -0.00702456 -0.00360819 0.034053 0.0204915 -0.00521376 -0.00344524 -0.00102499 0.0718253 -0.008205 -0.000322341 -0.0114707 0.00609881 -0.0131285 -0.0103415 -0.00390918 -0.000726117 -0.0175555 -0.00861297 0.00435195 -0.0019845 -0.000279266 -0.00477845 -0.00802196 -0.00894943 0.00391399 -0.00762103 0.000515189 -0.00253444 -0.00583772 -0.000194844 0.0237799 6.01057e-05 0.000263553 -0.00338867 -0.00897543 0.00446721 -0.0120569 -0.00362271 0.00134439 -0.00193655 0.0340758 -0.00211233 -0.00132947 -0.00278852 -0.000785304 -0.00128627 0.0155195 -0.00372072 -0.00627136 -0.00165843 0.00701298 -0.00151699 -0.000510681 -0.0055643 -0.00102584 0.0431657 0.00167502 0.000111107 -0.00345323 -0.00767982 0.0148213 -0.0096927 -0.0104529 -2.40392e-05 -0.000313763 -0.00292591 -0.00720168 -0.00480969 -0.00146501 -0.00142021 -0.00176121 -0.00423178 -0.00192269 -0.00308955 -0.00194944 -0.00118978 -0.000702376 -0.00147586 0.0297799 -0.00863301 0.0180359 -0.0137052 -0.00162664 -0.0165982 0.000829721 0.00020107 -0.00133296 -0.00136237 0.00465109 -0.00947137 -0.00105951 -0.000369767 -0.000421558 -0.00535991 -7.92543e-05 -0.00441283 
0.0142526 0.000261657 -0.00336583 0.00349124 0.0310032 -0.0107974 -0.0233763 -0.0247002 -0.00651111 -0.0213915 -0.000131128 -0.008205 0.214895 0.00966712 0.0528602 -0.0451044 0.00557022 -0.0223362 0.0236317 -0.0235108 0.0499776 0.0419893 0.0289653 0.00322211 -0.0057842 -0.00927192 0.00790471 -0.0310731 -0.00276182 -0.00381262 -0.0301603 -0.00483347 -0.0139381 0.00630872 -0.0167765 -0.0094053 -0.000461621 0.00312649 -0.00439026 0.0521083 0.0161255 0.0401052 -0.0034933 0.00981577 -0.0412493 0.0018567 0.0190645 -0.0153433 -0.00188039 -0.0141268 -0.0168423 -0.00573916 -0.0206695 -0.00698053 -0.0381847 0.00211276 0.00705499 0.0192802 0.00251053 -0.0355036 -0.00749329 -0.00282138 0.0207368 0.031838 -0.0234534 -0.0152062 0.0338031 0.00998182 -0.00179867 -0.00310881 -0.00743016 -0.00296898 -0.000498737 0.00275505 -0.000858982 -0.0391983 -0.00676636 -0.0364521 -0.0113581 0.0112814 -0.0105949 -0.00750032 -0.0524583 -0.0262526 -0.00219553 -0.0372398 0.00487949 0.0212628 -0.00332226 -0.0026698 -0.0020689 0.00824447 0.0185682 0.0122915 0.00203875 0.00442024 3.76145e-05 -0.00452592 -0.0255523 0.00660499 
0.00650839 0.00189725 0.00262451 -0.000981648 0.0088505 0.00313612 -0.00884445 -0.00485131 -0.00111081 -0.000868307 0.00261244 -0.000322341 0.00966712 0.0842662 0.00620618 -0.021437 0.00755467 -0.0163122 -0.0139905 -0.00945109 0.0139556 0.0243049 0.01803 0.00534288 -0.0025895 -0.008566 0.000520379 0.00927369 0.00488498 -0.00141588 -0.0237603 -0.00213597 -0.000467472 -0.00560389 0.00661223 -0.00135041 -0.00108726 0.0175618 0.00577279 0.0171041 -0.00623098 0.00380162 -0.000675913 -0.00255593 -0.0112236 -0.00161043 -0.00238256 -0.0049878 -0.000870668 -0.00510494 -0.0184695 0.0078473 -0.0180739 0.0249867 -0.00296722 0.000521775 0.00739449 -0.0103426 -0.00100448 -0.00796947 0.000516932 0.000270683 0.00216798 -0.0026437 0.00247301 -0.00452959 0.00645918 -0.000933173 0.00177178 0.000459541 0.00329073 -0.00574271 -0.000539566 0.0020929 0.00107442 -0.0249341 0.0027027 -0.0158051 -0.00472781 0.000206793 -0.00235176 0.00799198 -0.0195138 0.00356245 0.00368871 -0.0186354 0.00239098 -0.00471872 0.0008883 0.00278289 0.00342371 -0.00227145 -0.00388725 0.00918919 -0.00287763 -0.000947519 0.00016202 -0.00279753 -0.00956614 -0.0117663 
0.0148621 -0.00107648 0.0052199 -0.00176516 0.00282969 -0.010197 -0.0264893 -0.0163049 -0.00193729 -0.00350642 -0.0023504 -0.0114707 0.0528602 0.00620618 0.176645 -0.0322711 0.0417037 0.00785876 -0.0128914 -0.0137162 0.0230354 -0.00639883 0.0366405 0.00337762 0.00885048 -0.0126947 -0.0103599 0.00676514 -0.00138654 0.00395322 0.00495756 0.00106741 -0.00397544 -0.00954362 0.0023487 0.000921767 -0.00265364 -0.00303184 0.0530325 0.0704625 0.0335447 0.0590954 -0.000546877 -0.00438458 -0.0192323 0.00914706 0.0121858 -0.00947971 -0.00122388 -0.0113936 -0.0251599 -0.00366484 -0.0405683 -0.00495561 -0.0014987 0.00114803 0.00692365 -0.0181144 -0.0027015 -0.0500407 0.000710769 0.00232398 0.0197718 0.021982 -0.03071 -0.0492444 0.0161542 0.000378099 0.00160437 0.00293526 -0.0110103 -0.00264188 -0.00137343 -0.0103672 -0.0010279 -0.0507284 0.00895815 -0.0311339 -0.0207857 -0.00433728 -0.00619587 -0.00476877 -0.0602759 -0.0305335 -0.0136469 -0.0363286 0.004751 -0.00539878 -0.00279378 -0.00448945 -0.00446941 0.000902691 0.00400901 0.010101 0.0104652 0.00172453 0.000792029 -0.000845912 -0.0120047 0.0188911 
-0.0435913 -0.00621094 -0.0122594 -0.0123028 -0.0178557 0.00406815 0.0261592 0.0257461 0.0100058 0.0261594 -0.0116125 0.00609881 -0.0451044 -0.021437 -0.0322711 0.242759 -0.00148027 0.0113635 -0.00539574 0.0170482 -0.0177837 -0.06976 -0.0340223 -0.0132124 -0.00848577 0.00618973 -0.0316653 -0.00966124 -0.00190009 0.00132436 0.0549853 -0.00702868 -0.0324109 0.00425997 0.00315249 -0.00626897 -0.00832108 -0.0468908 -0.000806248 -0.0609345 0.0121704 -0.0312987 0.00754191 0.0103727 0.0415457 -0.0077001 -0.014776 0.00664674 -0.00161946 0.010965 0.0565574 -0.00661552 0.0157815 -0.0550688 0.0226836 0.00115506 -0.00804483 0.00266961 0.00489937 0.0416322 -0.00465106 -0.00703996 -0.0199726 -0.0541885 0.00474099 0.023421 -0.0102236 0.00476666 -0.00404244 -0.00326958 -0.0458046 -0.0103708 0.00142361 0.00993427 -0.0013251 0.0315013 -0.00113084 0.0488063 0.0332297 -0.0196933 -0.00687913 -0.00533652 0.0329666 -0.00115101 -0.00582534 0.0334137 -0.0112473 -0.0118281 -0.00195371 0.0028193 -0.00800824 -0.0119326 0.0120669 0.00883529 -0.00988746 -0.0018703 -0.000204231 0.0106067 0.00568693 0.00347261 
-0.0577818 -0.00576757 -0.0124703 0.00316061 -0.0151524 -0.0132387 -0.0255222 0.00425676 -0.0168005 0.0255621 -0.00331613 -0.0131285 0.00557022 0.00755467 0.0417037 -0.00148027 0.23503 -0.0225714 -0.0588529 -0.00509647 0.0181265 -0.00514222 0.0861884 -0.00291465 0.00872544 -0.0155812 0.00616799 0.0140345 0.00214193 -0.016741 0.0220837 0.00105347 -0.0316255 -0.0184946 0.0260445 0.00706577 -0.00386941 0.00869984 0.032848 0.0584816 0.0711653 0.0207311 0.00484614 0.0174041 0.0166024 0.00580427 -3.85314e-05 -0.0105126 0.00143092 -0.0180272 -0.0144601 -0.00147527 -0.0504214 0.0313578 0.0164509 -0.00462006 0.00201792 -0.0405276 -0.00666998 -0.034712 0.0048314 0.00451317 -0.0145349 -0.0345784 0.0140139 0.0164663 -0.019295 -0.00653302 0.00407183 0.00550951 -0.0173284 -0.018282 -0.00821237 0.00853205 0.00731913 -0.0447881 0.00763333 -0.0347367 0.0217516 -0.0112194 -0.00590099 0.00153515 -0.00237032 0.0518613 -0.0107861 -0.0509166 -9.79976e-05 -0.0509668 -0.00585741 -0.00348998 -0.00809685 -0.00961211 -0.0107166 -0.00799101 0.012517 0.0021895 0.00046577 -0.0126369 -0.0372647 -0.0122964 
-0.0111993 0.000537118 -0.00165617 -0.00676171 -0.0117832 -0.00291196 -0.0154139 -0.0134226 0.0160064 0.0185168 -0.00197794 -0.0103415 -0.0223362 -0.0163122 0.00785876 0.0113635 -0.0225714 0.17363 0.0108433 0.0143975 -0.0166881 -0.0707781 -0.044217 0.000142873 0.0042422 0.0252214 -0.0304416 -0.0172908 -0.000567251 0.0189037 0.0591183 0.00482788 0.0146636 0.00983559 -0.0314616 0.00137003 0.00307727 0.00720245 0.00374544 -0.0478984 -0.00302913 0.00840976 0.000942908 0.0010085 -0.0155041 0.00487689 -0.00882755 0.0163106 0.00439396 0.0244451 0.0141477 -0.00348723 0.0435428 -0.0325226 0.00422535 -0.0016948 -0.00422848 -0.0436765 0.00265499 0.0083284 -0.00450096 -0.00101372 -0.0113649 0.00336738 -0.0521408 -0.0486292 -0.0114158 0.00426576 -0.00185624 -0.00294383 -0.0187412 -0.000177467 -0.00349462 -0.00566971 -0.00176996 0.0497641 9.11212e-05 0.0337143 0.00279965 -0.00860438 -0.00530702 -0.000977938 0.0220341 -0.0377833 -0.0262212 0.0487887 -0.00227541 0.0329767 -0.00349157 0.000370093 -0.000454038 -0.00193618 -0.00696323 -0.0252549 0.01491 -0.0012958 0.00100472 -0.0105577 0.0228802 0.0280851 
0.0122562 0.000491094 -0.00172526 -0.00631688 0.0187532 -0.00391141 0.00411418 -0.00927731 0.00551368 -0.0104563 0.00202264 -0.00390918 0.0236317 -0.0139905 -0.0128914 -0.00539574 -0.0588529 0.0108433 0.20498 -0.00139279 0.000464354 -0.0323986 -0.06895 0.0131156 -0.0116821 0.0232124 0.00792273 -0.0340104 -0.0031218 0.00604843 0.0163295 -0.00201131 -0.0179395 0.025885 -0.0453574 -0.00262564 -0.00336263 -0.00805981 -0.0189026 -0.00698819 -0.0242124 -0.00564903 0.000195092 -0.00341821 -0.00803662 -0.000872729 -0.00765639 0.00747394 -0.00291878 0.0100559 0.00496009 -0.00609355 0.0191672 -0.0461682 -0.00946755 1.96926e-05 -0.00234158 -0.016219 0.00814344 0.0153791 -0.00818496 -0.00562347 0.0174156 0.0142865 -0.0641772 -0.0588185 0.0241128 0.0336497 -0.00325756 0.00178635 0.00898978 0.00870942 0.00370173 -0.0052089 -0.00213544 0.0261877 -0.00389922 0.0159639 0.00148973 -0.00729222 -0.00298642 0.000777907 -0.00446395 -0.0424436 -0.0125222 0.0318815 -0.00294522 0.0368513 -0.00150779 -0.00107824 0.00686178 0.00717244 0.0227535 0.00451112 -0.00115183 0.00248089 0.000502226 0.0191716 0.00881833 0.00522587 
1.54146e-05 0.00547058 0.00729538 0.0013654 0.00397303 0.00605298 0.0135939 0.018499 -0.00784613 0.0112988 0.00285796 -0.000726117 -0.0235108 -0.00945109 -0.0137162 0.0170482 -0.00509647 0.0143975 -0.00139279 0.104052 -0.0168688 -0.0298647 -0.0185495 0.000203588 -0.0037414 -0.00730176 -0.0038847 -0.00527594 -0.000165213 -0.00781135 0.0291193 -0.000997985 -0.0135549 -0.00600356 -0.00759003 -0.00112356 -0.00269552 -0.00054933 -0.0108872 -0.0186601 -0.00137735 -0.00636593 0.00922411 0.00471834 0.0310748 0.00392118 -0.00404273 0.00586753 0.00165029 0.0155877 0.0237749 -0.00453088 0.0198123 -0.0256525 0.00733412 -0.00152643 -0.00116009 -0.0332746 -0.00212012 0.020928 -0.00013002 -0.00068729 -0.0106597 -0.0140309 -0.0138796 -0.032801 -0.00963927 -0.00288556 -0.000910329 -0.00212379 -0.0121605 -0.00726666 0.00919591 0.0140151 -0.00203216 -0.000782913 0.00646082 -0.000371517 0.00239105 -0.00444421 0.012737 0.00102234 0.0197313 -0.0129588 0.00887033 0.0139289 -0.00188513 -0.00924854 0.000667095 -4.38838e-05 -0.000782738 -0.003081 -0.00882848 -0.0103493 -0.00528161 0.000656379 0.000357108 0.000685709 0.00642068 -0.0116954 
-0.0104354 0.000475094 0.00286978 -0.00165693 0.0305651 0.000801617 -0.034282 -0.0155987 -0.00622043 -0.00317873 0.000481735 -0.0175555 0.0499776 0.0139556 0.0230354 -0.0177837 0.0181265 -0.0166881 0.000464354 -0.0168688 0.190288 0.0460897 0.0399166 0.0208958 -0.01613 -0.0151276 0.00758428 -0.0142215 -0.00407831 -0.0177639 -0.0322581 0.000135986 -0.0100619 -0.00511653 -0.00632184 -0.00441885 0.000192725 -0.00375044 0.0403143 0.0207958 0.0295356 0.0199715 -0.00380133 0.0132088 -0.0613783 -0.00236403 0.000523541 -0.0109627 -0.000350517 -0.00729014 -0.0490333 0.00315966 -0.0237322 0.00808733 -0.022501 -0.00183447 0.00227533 -0.00221203 -0.00141602 -0.0527348 -0.00489091 -0.00561211 0.0139171 0.015124 -0.00867732 0.0284554 0.0440252 0.00756157 -0.00120849 0.00354313 0.0159141 -0.0117746 0.00182876 -0.000561503 0.0049578 -0.0458752 0.00393833 -0.0368342 -0.00896136 -0.00128896 -0.00421573 0.0147115 -0.0706405 0.00287621 -0.0159158 -0.0208538 -0.00288318 0.000582778 -0.0018459 -0.00212622 -0.0026831 0.00669037 0.0154481 0.0113082 0.00260673 -0.00014974 0.000313423 0.00485701 -0.0185527 -0.00770769 
0.0647974 0.00138916 0.0124918 0.0142612 0.0475446 0.00524779 -0.029748 -0.0344059 -0.025132 -0.0387732 0.00344105 -0.00861297 0.0419893 0.0243049 -0.00639883 -0.06976 -0.00514222 -0.0707781 -0.0323986 -0.0298647 0.0460897 0.248723 0.039285 -0.00168308 -0.00167139 -0.0336006 0.0522035 0.00744382 -0.000110829 -0.0292669 -0.102639 -0.00936959 0.00749418 -0.0137233 0.0148955 -0.00434765 0.00789539 0.0262643 -0.0362895 0.0234925 0.000734872 -0.0164154 -0.00845471 -0.00544505 -0.0579613 -0.00410693 -0.0011001 -0.0210422 -0.00314806 -0.0202191 -0.0729035 -0.00390749 -0.0307527 0.0498375 -0.0285159 0.00229254 0.00635746 0.0676378 -0.00397378 -0.0438088 -0.0022449 -0.00564888 0.0167168 0.0182108 0.0390355 0.0941158 0.0435643 -0.0232773 0.00280733 -0.00963475 0.0425171 -0.00233747 0.00575768 0.000637711 0.0033892 -0.0455634 -0.000838217 -0.0354569 -0.0170913 0.0124428 0.00796354 -0.0018407 -0.0503691 0.0370475 0.0114491 -0.0316966 0.00400385 0.0184356 -0.00440677 -0.00332212 0.000776424 0.00184729 -0.0031391 0.0417317 -0.0116897 -0.00332096 -0.00192988 0.0103391 -0.0282372 -0.0413865 
-0.0279259 -0.0034485 -0.021595 0.0102787 -0.0191754 -0.00179171 -0.0153431 0.0266677 -0.0319274 0.0158683 -8.70653e-05 0.00435195 0.0289653 0.01803 0.0366405 -0.0340223 0.0861884 -0.044217 -0.06895 -0.0185495 0.0399166 0.039285 0.249934 -0.00118023 0.00255671 -0.0384576 -0.00744336 0.0113995 0.00291759 -0.0361188 -0.0182501 -0.0021654 0.00214549 -0.0230842 0.0318485 -0.00243113 -0.00629635 0.00390859 0.0271994 0.094731 0.0572394 0.038252 0.00675664 0.000901532 0.0372114 0.00532449 0.00863009 -0.0207719 -9.75908e-05 -0.0273709 -0.0330142 0.00896234 -0.0661403 0.0563767 0.027352 -0.00449629 0.00504264 -0.00702562 -0.0101461 -0.0060428 0.00562213 0.00386061 -0.00975819 -0.0146721 0.0801333 0.026641 -0.00602979 -0.0099388 0.00170555 0.0016438 -0.00893841 -0.0302964 -0.0103639 -0.010508 8.3001e-05 -0.108721 0.0021158 -0.0663502 -0.0201017 0.00608053 -0.010346 0.00261295 -0.0164998 0.0622248 0.0228244 -0.0807403 0.00248465 -0.0811139 -0.0080653 -0.00155269 -0.00367005 -0.00889218 -0.0157541 -0.0137851 0.0152631 0.00056911 -0.00233009 -0.0194686 -0.0389976 -0.0242878 
-0.00141803 0.00271409 0.00382781 -0.000609072 0.00901613 -4.46366e-05 -0.00455857 -0.000157758 0.000959257 0.0012165 0.00186021 -0.0019845 0.00322211 0.00534288 0.00337762 -0.0132124 -0.00291465 0.000142873 0.0131156 0.000203588 0.0208958 -0.00168308 -0.00118023 0.044316 -0.00417346 0.000678616 0.00528236 -0.00185138 -0.00065316 -0.00224352 -0.0042224 -0.000503653 -0.00547899 -0.00108968 -0.00611096 -0.000726348 -0.000731191 0.00036914 0.00875467 0.00933646 0.00135875 0.00269246 0.00270556 0.00026685 -0.0112759 0.000918117 -0.00119178 -0.00128712 -0.000239619 -0.00092948 -0.0103964 0.00177956 -0.00684245 -0.00186741 -0.00643318 -0.000947819 0.000668514 -0.0120398 -0.000781934 -0.00845793 -0.00150613 -0.000903918 0.00335918 0.00366887 -0.00978178 -0.0116596 0.0147376 0.0101346 -0.000402767 0.00138952 0.0119423 -0.000938032 0.00149943 0.000126049 -0.000183847 -0.0111855 0.00411907 -0.00709357 -0.00339108 -0.00219913 -0.000455901 0.00538408 -0.0136764 -0.00819053 -0.00391834 -0.00681321 0.000120862 0.00370837 -0.000348915 -0.000780439 0.00121604 0.00345756 0.00311371 -0.00278402 -4.14563e-05 0.000297143 0.000940339 -0.00095674 -0.0042753 -0.00451113 
-0.000753559 -0.000538009 -0.00334582 -2.54787e-05 -0.00572166 0.00230428 -0.00935408 -0.00909276 0.00163584 -0.00645197 -0.00213668 -0.000279266 -0.0057842 -0.0025895 0.00885048 -0.00848577 0.00872544 0.0042422 -0.0116821 -0.0037414 -0.01613 -0.00167139 0.00255671 -0.00417346 0.0938674 0.00334458 -0.00409099 0.00590021 0.00192485 0.0164538 -0.00705508 0.00318711 -0.00660071 0.00354895 0.0087989 0.00388765 0.00214316 0.00485947 0.00644817 -0.00210616 0.00450142 0.00636588 -0.00240066 -0.00454592 -0.00722288 0.00468515 -0.000949136 0.000289189 -0.000471813 -0.00539085 -0.0109114 -0.000518847 -0.0124542 0.0109752 0.0295952 -0.0012537 0.000213114 -0.00970717 -0.000214288 -0.0119024 0.009211 0.0082003 -0.00211628 -0.0129653 0.00643818 0.00194409 -0.0120647 -0.00480199 -6.47347e-05 0.000547849 -0.0095311 0.00133418 -0.00219446 -0.00115639 -0.000103827 0.00211972 -0.00305147 0.00754005 -0.00439268 -0.0043029 -0.00258538 -0.00164757 -0.0116259 0.00419659 -0.00755834 -0.00568359 9.48467e-05 -0.00253313 -0.00172999 -0.000292079 0.00238003 -0.00240337 -0.00345581 -0.00748299 0.00493921 -0.000222902 0.00109635 -0.0055152 -0.00300799 0.0028967 
-0.0142098 -0.000777511 -0.00397192 -0.00448086 -0.00884315 -0.00175208 0.00989928 -0.0105628 -0.00261674 -0.00496916 -0.000157678 -0.00477845 -0.00927192 -0.008566 -0.0126947 0.00618973 -0.0155812 0.0252214 0.0232124 -0.00730176 -0.0151276 -0.0336006 -0.0384576 0.000678616 0.00334458 0.0892463 -0.0150516 -0.00706754 -0.00191837 0.0223359 0.0212036 0.00456188 -0.00857518 0.00992856 -0.00994729 0.000370601 0.00106337 -0.00794024 -0.00662367 -0.0272456 -0.00594292 -0.00282674 -0.00353116 -0.00172043 -0.00999079 0.000871705 -0.00250139 0.014046 -7.65203e-05 0.00585322 0.0256975 -0.0036399 0.0176287 -0.0226748 -0.0158065 -0.00153618 -0.00132849 -0.0100734 0.000664734 0.0091901 -0.00143664 -0.0010583 -0.0027765 0.00139666 -0.0202851 -0.0202968 -0.0121627 0.00936989 -0.000861646 0.00494587 -0.0123361 0.0142012 -0.00211773 -0.0024736 0.00024074 0.0442165 -0.00349413 0.00475822 0.0144959 -0.00449172 -0.0036994 -0.00138438 0.0269102 -0.0074063 -0.0106199 0.0294477 -0.0020133 0.0197961 -0.00145737 -0.000747956 0.00138243 0.000170798 -0.0107874 -0.0126231 0.00115045 0.00152524 0.000947462 -0.00634441 0.0138972 0.024554 
0.0260505 0.000780188 0.00641017 -0.00264577 0.0270424 -0.00681143 -0.0192061 -0.00899985 -0.000786059 -0.0103513 0.00194109 -0.00802196 0.00790471 0.000520379 -0.0103599 -0.0316653 0.00616799 -0.0304416 0.00792273 -0.0038847 0.00758428 0.0522035 -0.00744336 0.00528236 -0.00409099 -0.0150516 0.146539 0.00894712 0.00247463 -0.00904072 -0.0271198 -0.00224403 0.00306498 -0.00904243 -0.0123565 -0.00480194 0.000465521 0.00170063 -0.0228415 0.0125876 -0.0194341 -0.00609913 0.00134298 -0.00746569 -0.021285 -0.00405354 8.74899e-05 -0.00849284 -0.00108157 -0.00836278 -0.0411113 -0.00493331 -0.0228205 0.0224609 0.0140905 0.000410085 -0.00180927 0.00589078 -0.00128899 -0.0278669 -0.00375425 -0.00318191 0.0232984 0.00777683 -0.0060115 0.0225922 0.0343675 -0.00472169 0.00186825 -0.00595786 0.0475556 0.00522945 0.000192023 0.00274996 0.000912711 -0.0328112 -0.000383163 -0.0199243 -0.00804048 0.00295405 0.00578779 -0.000542514 -0.0356925 0.00852445 -0.0077118 -0.0229064 0.00580638 0.00999167 -0.00101008 0.00430233 -1.88546e-05 0.00844419 0.00241748 0.0353275 -0.00653806 -0.000625582 -0.00104299 0.019366 -0.0172075 -0.0179429 
0.00610689 -0.00131211 0.00173875 0.000258186 -0.014785 0.0207574 -0.0149722 -0.00999436 0.00466056 0.00269834 -0.000250339 -0.00894943 -0.0310731 0.00927369 0.00676514 -0.00966124 0.0140345 -0.0172908 -0.0340104 -0.00527594 -0.0142215 0.00744382 0.0113995 -0.00185138 0.00590021 -0.00706754 0.00894712 0.155367 -0.000400187 0.0105233 -0.0202448 -0.000460242 0.0223345 -0.00688797 -0.00267105 -0.00357242 0.00208201 0.0138408 0.00117173 -0.00334073 -0.028146 -0.00738902 -0.00595799 -0.00350488 -0.000852119 -0.00160565 -0.00197383 -0.00881715 -0.000490285 -0.00712997 -0.0326859 0.014593 -0.0339721 0.0634665 0.0147323 0.000184749 0.000672578 0.0315188 -0.00168204 -0.0326129 0.00269209 0.00761551 -0.000999948 -0.00877136 0.0446686 0.0204208 -0.0137966 -0.00474849 0.00360256 0.00122624 0.0336308 0.0040758 -0.00322323 -0.00390866 -0.000789711 -0.0332744 -0.00346017 -0.00722773 -0.0108708 0.00496285 0.00374633 -0.00490187 -0.0513764 0.0374683 0.00222791 -0.0297605 -0.000501225 0.00674592 0.00271878 -0.00310124 -0.000838442 -0.00441409 -0.0191584 0.00545598 -0.0049354 -0.00142369 -9.85253e-05 -0.00795908 -0.00935356 -0.00772377 
0.000616123 0.000829482 -0.00114614 -0.000163708 -0.00138273 0.0001122 -0.00117387 -0.000812287 -0.00188365 -0.00201407 -0.000108828 0.00391399 -0.00276182 0.00488498 -0.00138654 -0.00190009 0.00214193 -0.000567251 -0.0031218 -0.000165213 -0.00407831 -0.000110829 0.00291759 -0.00065316 0.00192485 -0.00191837 0.00247463 -0.000400187 0.0220995 -0.00039406 -0.00305354 -0.000558832 -0.00238018 -0.00119494 0.00197689 0.00110438 -0.000484971 0.00307023 -0.00362132 0.00183095 -0.00175918 0.00106679 0.000256124 -0.00110903 0.00118623 -3.55821e-07 -0.000809456 -0.00043828 0.000125738 -0.00030113 -0.00341584 -0.00108319 -0.00211471 0.00662457 0.00995981 -0.000298839 0.000239297 -0.000748453 -0.000446234 0.00443802 0.00109039 0.000287558 -0.00127269 -0.00328527 0.00241368 0.000411076 -0.00241747 -0.00120694 0.000141104 -0.000502569 -0.000175998 -0.00149568 -0.000423124 -0.000918763 -0.000473698 -0.00404 -0.00109599 -0.00106679 -0.00043048 -0.000678142 -0.000128216 0.00122515 0.000807895 -0.00151783 -0.00210997 -0.0032688 0.000697328 -0.00114733 -0.000345272 0.00213837 0.0015571 -0.000688449 -0.00136263 0.000965206 -0.000450624 -0.000170547 -9.04306e-05 -6.48429e-05 -0.00185408 -0.00288511 
0.011481 0.000463969 -0.000888885 -0.00522086 -0.00515127 0.0048859 -0.0127926 -0.0167168 0.0243838 -0.00481319 0.00280516 -0.00762103 -0.00381262 -0.00141588 0.00395322 0.00132436 -0.016741 0.0189037 0.00604843 -0.00781135 -0.0177639 -0.0292669 -0.0361188 -0.00224352 0.0164538 0.0223359 -0.00904072 0.0105233 -0.00039406 0.101608 -0.0095506 0.00460728 0.00412834 0.0100324 -0.00652795 -0.00251554 0.00297042 0.0033127 0.00822151 -0.0222515 -0.0132535 -0.00108923 -0.00358848 -0.00488303 -0.0378477 -0.000722836 -0.00265194 -0.00084123 0.000849078 0.00106662 -0.0105851 -0.000316414 0.0176052 -0.00700867 0.00294492 -0.0011831 -0.00190712 0.0102153 0.00722202 -0.0247674 -0.00348676 0.00872819 0.00153556 0.00453261 -0.0230468 -0.0213987 -0.00521963 0.00258033 -0.00075879 0.00169856 -0.00797822 0.0286506 -0.00262503 -0.00355467 -0.00108126 0.02797 -0.00256618 0.00875755 -0.00292766 -0.00331602 -0.00300348 -0.00161182 -0.0183959 -0.0165891 -0.0130955 0.0128044 -0.00129846 0.0367195 -0.00071792 0.0029439 0.00952362 0.00386741 -0.00410122 -0.00599429 -0.00156048 -0.000832202 0.00293956 -0.0024622 0.0101307 0.0151977 
-0.0581176 -0.00397703 -0.00873936 -0.0070059 -0.0254958 -0.00337612 0.0349838 0.0413593 -0.0177633 0.0204294 -0.00447887 0.000515189 -0.0301603 -0.0237603 0.00495756 0.0549853 0.0220837 0.0591183 0.0163295 0.0291193 -0.0322581 -0.102639 -0.0182501 -0.0042224 -0.00705508 0.0212036 -0.0271198 -0.0202448 -0.00305354 -0.0095506 0.206121 0.0025051 -0.0144813 -0.000661453 -0.0135373 0.00917607 -0.00843166 -0.0226641 0.00584019 -0.0223871 0.0137948 0.0127037 0.0117378 0.00852301 0.0521909 0.00425505 -0.00717769 0.0166248 0.00265656 0.0129612 0.0561395 -0.00542183 0.0143474 -0.036325 -0.00541012 -0.00382803 -0.00367588 -0.0890901 -0.00309864 0.056052 -0.00452352 -0.00199601 -0.0223281 -0.0321798 -0.0205808 -0.057242 -0.0283108 0.00264794 -0.00277032 0.00676653 -0.0452732 -0.0202983 -0.00618288 -0.00439342 0.00321071 0.026385 0.00449512 -0.00108418 0.0275542 -0.0162231 -0.00528145 -0.00365564 0.0693949 -0.013237 -0.00956237 0.0336042 -0.00562232 -0.0261925 -0.00261648 0.00301132 -0.00435627 -0.0110096 -0.00737794 -0.0282405 0.0146375 0.00123544 0.000703281 -0.011122 0.0127576 0.0380002 
-0.00132157 0.000399689 0.00130678 5.42601e-05 -0.00178662 -0.00117527 -0.00404927 -0.0025934 0.000847949 0.000223816 0.000267212 -0.00253444 -0.00483347 -0.00213597 0.00106741 -0.00702868 0.00105347 0.00482788 -0.00201131 -0.000997985 0.000135986 -0.00936959 -0.0021654 -0.000503653 0.00318711 0.00456188 -0.00224403 -0.000460242 -0.000558832 0.00460728 0.0025051 0.0340298 0.00502301 -0.000559347 -0.00561044 0.00133058 -0.000273779 -0.00191382 0.0110463 -0.00389922 -0.00274003 0.00191837 -0.000724227 -0.000742399 -0.0049799 0.00135 0.00124478 0.000455078 0.000516975 0.00121886 -0.00216497 0.00180694 0.00514482 -0.00565537 -0.00366899 -5.0448e-05 -0.000432659 -0.00416928 -0.000320512 -0.00363519 0.000893087 2.28969e-05 -0.000998588 0.0038359 -0.00303296 -0.0047964 -0.00144719 -0.000330175 -3.58831e-05 0.00101131 -0.000258943 -0.00132929 -0.000481894 -0.000414334 0.000574618 -0.00238746 0.000109666 -0.00271811 0.000700644 0.00278987 -0.000539472 -2.40165e-05 -0.000977521 0.00256364 -0.00226301 0.000700687 4.29908e-05 -0.00640172 0.00172852 0.000225998 -0.000370643 -0.00050117 -0.00125896 -0.00463029 0.000665566 1.15429e-05 0.00165096 -0.000768998 0.00318421 0.0124339 
0.0273743 -0.000938745 -0.00227964 -0.00340142 -0.00996298 0.00591591 -0.0172345 -0.00893166 0.0105164 -0.00423742 0.00030379 -0.00583772 -0.0139381 -0.000467472 -0.00397544 -0.0324109 -0.0316255 0.0146636 -0.0179395 -0.0135549 -0.0100619 0.00749418 0.00214549 -0.00547899 -0.00660071 -0.00857518 0.00306498 0.0223345 -0.00238018 0.00412834 -0.0144813 0.00502301 0.12214 -0.000703923 -0.0198188 0.00255366 0.00848778 0.0139852 0.00792623 -0.00614976 -0.0222759 -0.00215736 -0.004272 -0.00382817 -0.026726 -0.00251982 0.00247915 -0.00523902 0.00298233 0.00204287 -0.0191901 0.00876661 0.00704809 0.0259233 -0.00961066 0.00294679 -0.00157471 0.0356676 -0.00277655 -0.0223761 -0.00124693 -0.00128444 0.00638326 0.0274387 -0.00389798 0.00965413 -0.00404925 -0.00933156 0.00114445 0.00147064 0.015747 0.00333785 -0.00286323 -0.00581099 -0.000324327 0.00117224 -0.0062622 0.0131328 -0.0153874 0.0162496 0.00226735 -0.0027197 -0.0249927 -0.00410644 -0.00890185 -0.00663322 0.0040203 0.0087715 0.000769448 -0.000492573 -0.00102355 0.000333275 -0.0047139 -0.00560532 0.00489628 -0.00155263 -0.000377167 0.000971668 0.00608856 0.00534713 
-0.00716626 0.00115691 -0.00340184 -0.00151711 0.000993453 0.00113745 -0.000761076 -0.00587201 0.0120735 0.00145823 -0.000193113 -0.000194844 0.00630872 -0.00560389 -0.00954362 0.00425997 -0.0184946 0.00983559 0.025885 -0.00600356 -0.00511653 -0.0137233 -0.0230842 -0.00108968 0.00354895 0.00992856 -0.00904243 -0.00688797 -0.00119494 0.0100324 -0.000661453 -0.000559347 -0.000703923 0.0665816 -0.013016 -0.00198541 0.0023795 -0.000514612 -0.00403021 -0.0148656 -0.0114047 -0.00327563 -0.00224567 0.00105021 -0.0123745 -0.000877524 0.000718582 -0.00230334 -0.000462714 -0.00238525 0.000664942 0.00447154 -0.001748 -0.00940222 -0.00100454 0.00125414 -0.00056787 0.00229551 0.00645563 -0.00467335 0.000758807 0.000292249 -0.0015868 0.00138415 -0.0136646 -0.0112471 0.00269893 0.0126113 -0.000670224 9.68967e-05 -0.00451408 0.0015857 -0.00066321 -0.000121469 -0.000322268 0.0141568 -0.00233095 0.0227116 0.0061022 0.000646822 -0.00138468 -0.000769909 -0.00751727 -0.00863164 -0.00556635 0.00947455 -0.00101041 0.00956672 -0.000550358 -0.00130091 -0.000685142 0.00196834 0.0109204 -0.00492337 -0.000776347 0.000702244 0.000121273 0.00405809 -0.00328899 0.00713157 
-0.0255593 -0.00353457 -0.00472612 -0.0029385 -0.0152026 0.00113041 0.020112 0.0411264 -0.00920627 -0.00143345 -0.00281399 0.0237799 -0.0167765 0.00661223 0.0023487 0.00315249 0.0260445 -0.0314616 -0.0453574 -0.00759003 -0.00632184 0.0148955 0.0318485 -0.00611096 0.0087989 -0.00994729 -0.0123565 -0.00267105 0.00197689 -0.00652795 -0.0135373 -0.00561044 -0.0198188 -0.013016 0.175632 -0.00233161 -0.0037411 -0.00615516 0.00337719 -0.00137605 0.007871 -0.00390136 -0.000417104 -0.00665259 0.0451918 0.000332562 -0.00445265 -0.012544 -0.00205991 -0.00818877 -0.005195 -0.00975956 -0.0293237 -1.37952e-05 0.00645195 -0.00427167 -0.00110703 -0.0300565 -0.0049825 0.0380047 0.00483478 0.00445668 -0.00890349 -0.0214465 0.0477074 0.0490246 -0.0250029 -0.0113379 0.000885879 -0.00565508 -0.00709215 -0.00311403 -0.00336339 -0.00167527 -0.00206836 -0.0336066 0.00653761 -0.0317132 -0.00388889 -0.00599247 -0.00624991 0.00437883 0.0248592 0.0166914 0.0397433 -0.0372928 -0.00379414 -0.0233053 -0.00170471 8.96076e-05 -0.00395714 -0.00260583 0.0167895 0.00151905 -0.00211814 -0.00174743 -0.000981953 -0.00944826 -0.0141124 -0.00497937 
