0.0396444 -0.00240043 -0.000454205 -0.00034022 -0.000438721 -0.00634649 0.00759624 -0.00123523 -0.00372694 -0.0056541 0.00170098 0.000253196 -0.00249088 0.00642233 -0.00722215 0.0112154 -0.00230731 -0.0041007 -0.00435112 -0.00272933 -0.011828 -0.00657544 -0.00711713 0.0012179 -0.00100502 -0.000318322 -0.00386251 0.00837415 -0.00363376 -0.00132263 0.00310161 0.000688248 7.94058e-05 0.00575861 -0.000840539 0.00473789 0.000797568 0.00564434 0.00320122 -0.00211538 -0.000197429 0.000601958 0.00255594 -0.00275946 -0.00027334 -0.00162008 0.000224915 -0.00546377 0.000210609 0.000948999 0.000158589 -4.21611e-05 -0.00120841 0.01488 -0.000960962 0.000961544 0.000579651 0.0036658 -0.00308028 -0.00105211 -0.00187424 -0.00437078 -0.00343158 -0.00123106 -0.00398724 -0.000281349 -0.00355447 1.92525e-05 -0.00832608 -0.00100988 0.000177401 0.00161753 1.62308e-05 0.00225089 -0.000671639 3.2308e-05 -0.00291659 5.48384e-05 3.47075e-05 -0.00160802 0.00914502 -4.80087e-05 0.0141702 -0.0008894 -0.00157168 -0.0104677 -0.00202726 -0.000258729 -0.0066342 -0.0022544 -0.00735586 0.000972885 0.00410344 -0.00298863 -0.000686608 -0.00389157 0.000590465 0.000445548 0.00182315 0.0107362 
-0.00240043 0.0807846 -0.0032561 -0.00189796 0.00417267 0.0120379 -0.0073078 -0.00449207 0.00215777 -0.00323268 -0.000139101 -0.00131323 -0.00846896 0.00532874 -0.00312213 -0.00724349 0.00235276 -0.00595173 -0.0087925 0.00582762 0.00890524 0.00756959 -0.00826806 -0.0175553 0.00843367 -0.00139172 -0.00410616 0.00135521 0.0102435 0.001836 -0.00420253 0.000626417 0.00770276 0.00365711 -0.00793153 -0.0124081 -0.000103076 -0.000958016 0.00246881 0.00567397 -0.000580782 0.00106128 -0.00259547 0.000456976 0.00077249 0.000130551 -0.00127229 -0.021393 -0.000682417 -0.00945546 -0.00592701 -0.00582352 -0.0145906 -0.00181942 0.00501801 -0.00213657 0.00251894 -0.00365057 -0.00297285 0.00793542 0.000248879 0.015682 -0.00261258 0.00414406 -0.00937906 -0.00355484 -0.00958663 0.000296397 -0.00428283 -0.000780098 0.00293951 -0.000504178 0.00266963 0.0140041 -0.00115428 -0.000158354 -0.00386356 0.00130801 0.00803832 0.00103994 -0.00891443 -0.000117733 -0.00549191 0.00239167 0.00706943 0.00750607 0.000304746 -0.000304129 0.025626 -0.00922141 -0.00784695 -0.00255199 -0.00253205 -0.00385826 -0.000970806 -0.0072145 -0.000773798 2.32752e-05 0.00178998 -0.0109929 
-0.000454205 -0.0032561 0.0482136 -4.26021e-05 0.0118437 0.0057655 0.00106832 0.00143689 -0.00621171 -0.00645838 -0.00424028 -0.000994868 0.000433483 0.00404083 0.00661294 -0.0002171 -0.00445573 0.00499548 -0.00621415 0.00896132 -0.00683019 -0.0189392 0.0117133 -0.00116007 -0.00907952 0.00832532 0.0123451 -0.00555698 -0.00196686 -0.000333793 -0.000309527 0.00289298 -0.0024473 -0.00229453 0.0154598 -0.00837723 0.00433481 -0.00107163 -0.00475361 -0.00187521 2.31332e-05 -0.000647093 -0.00294473 -0.00826305 -0.000289729 -0.000985513 -0.000672728 0.0214546 -0.000297171 -0.00528386 0.00676094 0.00359798 -0.00233196 -0.00138637 0.00652661 0.000795204 0.00149647 -0.00331154 -0.00281204 -0.000598135 0.00798416 -0.00660716 -0.00256937 0.00395048 -0.00279131 -0.00161697 -0.00830147 -0.000368979 -0.00794321 0.00163981 -0.00247096 -0.00122318 -0.000792308 -0.00770372 -0.00046613 -0.00017096 -0.00775063 -0.00201858 -0.00193151 -0.000688252 -0.00394675 -3.44676e-05 -0.00230958 0.000185087 -0.00215991 0.000816068 0.005711 -0.000184587 -0.00661462 -0.00652844 -0.0153972 -0.00042575 0.00151737 -0.00174196 -0.00101421 0.0144093 0.00186378 0.00100166 0.000250651 -0.00529082 
-0.00034022 -0.00189796 -4.26021e-05 0.0266334 -0.00131605 -0.00487407 -0.00246255 -0.000225302 -0.00278112 -0.00142161 -0.0024335 0.00228166 -0.000796992 -0.00567717 -0.00688871 -0.00506172 0.000821085 0.00304943 -0.00342757 -0.00536768 -0.0080302 -0.000710455 0.00922246 0.00804914 -0.00079434 -0.00318176 -0.00243111 0.00188652 -0.00271278 -0.00332695 -0.000243382 0.000888568 -0.000412146 -0.00119357 0.00427435 -0.00170264 0.000533414 -0.00247351 0.00365392 -0.00109049 -8.56672e-05 0.00308766 -0.00172546 -0.00388963 -0.000389353 -0.000680955 -0.000208118 0.00715507 -0.000503728 -0.00111083 0.00118286 0.00291647 0.000374902 -0.00102503 -0.00465497 0.000268405 -0.000497274 -0.000205621 0.00115537 0.000884996 -0.00168014 0.00310834 -0.00217236 0.00118738 -0.00322581 0.000181327 -0.00262064 0.00064847 0.0045048 0.00296629 -0.00111146 0.000418343 0.000151275 -0.000190143 -0.000164828 0.000219863 -0.00057699 -0.000574468 -0.000622814 -0.00175672 -0.00142197 4.43032e-05 -0.00330356 -0.00056065 -0.00127415 -0.0010853 -0.00116067 -0.000125027 -0.00322797 0.00336116 0.00661282 0.000740153 -0.00106481 0.00504379 -0.000131661 0.0108476 0.000209663 -0.000149001 -0.000139714 -0.00192965 
-0.000438721 0.00417267 0.0118437 -0.00131605 0.117858 -0.00107359 -0.0139267 -0.00553728 -0.00348608 -0.00978814 -0.0114712 0.00521741 -0.0137422 0.0165074 -0.0139519 -0.00720529 0.000517854 -0.00191231 0.00610193 0.00056486 -0.0160242 -0.0320726 -0.00357324 -0.0158473 -0.0220817 -0.0132838 -0.0104901 -0.0127037 0.02989 -0.00565787 -0.0047097 0.00373574 0.0116931 0.017091 0.0144576 -0.000261912 0.00991254 0.00278125 0.0168665 0.000589936 -0.000406833 0.00347263 -0.00677492 -0.0178787 -0.000848678 0.00725771 0.00134707 -0.00690104 0.00146804 -0.00204026 0.00527173 0.015874 -0.0176444 -0.00411492 0.00548909 -0.000230779 -0.00237094 -0.00614826 -0.000677211 0.00250584 -0.00106235 0.00685164 -0.00156182 3.21983e-05 -0.0100149 -0.0069907 -0.0300906 -0.00165352 -0.0294824 0.00782805 -0.00286037 0.000393709 -0.00193913 0.0260675 2.31489e-05 0.000572115 -0.00226231 0.00315143 0.00405659 -0.000358869 -0.0139015 -5.22267e-05 -0.0155159 0.00190992 -0.00132251 0.023668 -0.000194656 0.00143265 0.031643 -0.0222852 -0.0362745 -0.00222774 0.0181279 0.00662498 -0.00131094 0.015386 0.000659087 0.00185147 0.000562229 0.00462553 
-0.00634649 0.0120379 0.0057655 -0.00487407 -0.00107359 0.212595 -0.0266901 -0.011909 -0.0372785 -0.0659859 0.00397096 -0.00557143 -0.0276588 0.0151368 0.0363503 0.0232649 -0.0485158 -0.0214043 0.00538332 0.100412 0.0118848 -0.0798504 0.0233126 -0.0337312 -0.0348747 0.0523291 0.0704031 0.0701354 0.0303934 0.00666564 -0.0218974 -0.00988026 -0.0155402 -0.0102072 -0.00739739 -0.0339446 -0.016195 -0.01352 -0.00131632 0.00196805 -0.000720249 -0.0143655 -0.00925333 -0.0541405 -0.00403936 -0.00401431 -0.00584693 -0.000741653 -0.00332847 -0.0373921 0.0230038 -0.00574359 0.0382478 -0.00560018 0.0519 -0.00692384 0.000953659 -0.0230712 -0.0223144 -0.0124187 0.0138929 -0.0162258 -0.0144386 0.0002325 -0.0282173 -0.0139441 -0.0348712 -0.00324989 -0.058608 0.0040607 -0.0228863 -0.0157206 -0.00276928 0.0491031 -0.00392872 -0.000740726 0.0101995 0.0144636 0.00770794 0.0253986 0.0042685 -0.000427499 -0.0155677 0.00262569 -0.00684744 0.0837717 0.018593 -0.000449416 0.0044928 -0.0243598 -0.050382 -0.0102821 0.0120801 0.0268779 -0.00532816 0.0166318 -0.00348714 -0.00125392 -0.00178013 -0.00917108 
0.00759624 -0.0073078 0.00106832 -0.00246255 -0.0139267 -0.0266901 0.118771 0.00290511 -0.00987909 -0.017784 0.0372329 0.00189654 0.0318745 0.0305773 -0.0128407 0.0254809 0.02973 -0.000882374 0.00681155 -6.38817e-06 0.00362721 0.025213 -0.0165006 -0.0148145 0.0353262 -0.0156759 0.00111175 -0.00741638 -0.012776 0.0117533 -0.00666497 0.00209908 -0.00259268 -0.001823 -0.00814798 -0.00632027 -0.00658148 0.00320988 0.00298769 -0.0080203 -0.00136582 -0.00448846 0.0142733 0.0181944 0.000645758 -0.00577448 0.000264411 -0.0199055 0.00481504 -0.00735911 -0.00887815 -0.0115828 0.0012856 0.0131401 0.000853947 -0.00372131 0.00162127 0.00605447 -0.00140621 -0.000161653 0.00625897 -0.0140844 -0.0127844 0.000382871 -0.0244138 -0.00321449 -0.0196701 0.00075882 -0.0170003 -0.00194797 0.0107394 0.00895243 -0.000179795 -0.0224393 0.00010371 -0.000714784 0.00232308 -0.00604504 -0.00499059 -0.0110694 0.023699 -2.09224e-05 0.0457265 0.00221429 7.07872e-05 -0.0528 0.000142624 -0.000533842 -0.0233584 -0.0109846 -0.0294 -0.00370606 -0.00452771 -0.0169141 0.00382057 -0.0273726 -0.00161463 0.000894754 0.00113267 0.0259037 
-0.00123523 -0.00449207 0.00143689 -0.000225302 -0.00553728 -0.011909 0.00290511 0.0574326 -0.00275253 0.000181686 0.00197004 -0.000729181 0.0176078 -0.00961515 -0.0107809 0.00674727 0.00763614 0.00371184 -0.00246796 -0.0100559 -0.0181252 0.00516932 0.00984078 -0.00079573 0.00218775 -0.0014048 -0.00662201 -0.014181 -0.00946838 0.000700876 0.0260734 0.0017965 -0.00144967 -0.00435507 0.00132017 0.00544428 -0.00109455 -0.000943706 0.00192621 -0.00253355 0.00017833 0.000163156 0.00323301 -0.00349101 -0.000193017 -0.000765328 -0.000753382 0.000394422 -0.000413991 0.000950063 -0.00123165 -0.00195424 -0.00219266 -0.000686212 -0.00537475 0.00524208 0.00220115 -0.00227222 0.00308332 0.00110332 -0.0027187 -0.00108201 -0.00483419 0.00219 0.0065958 0.00488726 -0.000153319 0.0011863 0.00457579 -0.000413371 -0.00278672 0.00211661 0.000305988 -0.0111523 0.00219904 -0.00017347 0.000722445 -0.00255673 -0.00314375 -0.00489659 0.00706499 0.000563682 0.00311034 0.00154808 0.000423558 -0.0185315 -0.00488631 -0.000128387 -0.0133879 -0.0109989 -0.00165193 0.00252151 -0.00170382 0.00191892 0.00188433 0.0129644 0.00112539 0.000737857 -0.000567357 -0.00340978 
-0.00372694 0.00215777 -0.00621171 -0.00278112 -0.00348608 -0.0372785 -0.00987909 -0.00275253 0.117136 0.0694752 -0.0193015 0.00375566 -0.00775993 -0.0160452 0.0229523 -0.0310588 0.0017364 0.00141313 -0.00166695 -0.0627135 -0.0081783 0.0429501 -0.0314188 0.0115092 0.0166095 -0.0244404 -0.0205814 -0.0483183 -0.0147116 -0.00586419 0.00131368 0.00797255 0.00608055 -0.00941488 -0.00666741 0.00654773 -0.00638464 -0.00733798 -0.00346306 0.00829093 -0.00116751 -0.0028556 -0.00842319 0.0347289 0.00320195 0.0116791 0.00119703 -0.00505682 0.000202165 0.0321068 -0.0115485 -0.00961427 -0.0211693 -0.00367217 -0.0259052 0.00214216 -0.000762609 0.0223276 0.000538345 0.00221164 -0.00722308 -0.00556623 0.0462226 -0.00635801 0.0391364 -0.00171141 0.0349729 0.00240588 0.0415245 -0.00428112 0.0167662 -0.00358666 0.00240775 -0.0244936 -0.000543941 -0.000734514 -0.0157073 -0.00239319 -0.00622389 -0.0115218 -0.0149218 0.000243691 -0.0168282 0.000569462 0.00966714 -0.0245193 -0.00981198 0.000355662 0.0165075 0.00897866 0.0534939 -0.000144336 0.00240356 -0.0137948 -0.00157499 -0.0309932 -0.00119695 -0.000611251 -0.000819829 -0.0187128 
-0.0056541 -0.00323268 -0.00645838 -0.00142161 -0.00978814 -0.0659859 -0.017784 0.000181686 0.0694752 0.17554 -0.0362104 -0.000354042 -0.0142473 -0.0497759 0.0091009 -0.0483576 0.00234161 0.0234124 -0.0253653 -0.106402 0.00185133 0.0511575 -0.0169206 0.0411907 0.0155767 -0.0312125 -0.0412541 -0.0766326 -0.0363829 -0.0114626 -0.00128216 -0.000304329 0.00601571 -0.0148994 0.0163524 0.0297461 -0.00280852 -0.0136051 -0.0245518 -0.00346195 -0.00176077 0.0131582 -0.0147222 0.0499679 0.00427989 0.00568668 0.00207492 0.0247382 -0.00284069 0.0360395 -0.0149187 -0.0158122 -0.025134 -0.00840312 -0.0373376 0.00873666 -0.00102707 0.0173885 0.0104001 0.0034867 -0.00777433 -0.000575109 0.03951 -0.0134949 0.0841421 0.0135807 0.0849236 -3.64211e-05 0.110503 -0.00917758 0.00141033 -0.00400345 0.00220101 -0.0465677 -0.00198612 0.00152945 -0.0240611 -0.00926069 -0.0137465 -0.0236609 -0.0184042 0.00010411 -0.0203828 -0.00213999 0.00897202 -0.0238425 -0.0155567 -0.000436274 -2.62413e-05 0.0249532 0.0907043 0.0143136 -0.00467749 -0.0168409 0.00297482 -0.0164802 0.00411738 -0.00118958 -0.00314003 -0.0366045 
0.00170098 -0.000139101 -0.00424028 -0.0024335 -0.0114712 0.00397096 0.0372329 0.00197004 -0.0193015 -0.0362104 0.161782 -0.00146613 0.0235865 0.00739687 -0.0458505 0.0401354 0.0273625 -0.0197511 0.0280735 0.0181536 -0.0232649 0.0134826 0.00640927 -0.0363498 0.0246409 -0.0021807 0.0142833 0.00835957 -0.000919392 0.0140391 0.000411315 -0.00129069 -0.00679497 0.000798022 -0.0209857 -0.0304108 0.00195812 0.0243297 0.000753855 -0.0101503 0.00244699 -0.00198359 0.0303403 0.00653188 -0.00343772 -0.00680329 -0.00249434 -0.0220495 -0.000647678 0.0139192 0.0022374 0.0124675 0.0151931 0.00817195 0.00117219 -0.00749747 -0.00317271 0.00786874 0.00823939 0.000259384 -0.0123424 -0.0101677 -0.0206992 -0.000984278 -0.0389875 -0.0109142 -0.0433287 0.00190093 -0.0419405 -0.00673079 0.00949552 -0.00514057 -0.000680353 -0.00757861 -0.000308583 -0.00117526 0.0110408 -0.00303348 0.000522136 0.00489471 0.0272548 -0.000150267 0.0353632 -0.00249816 -0.00178727 -0.0485835 -0.0104638 -0.000385136 7.81105e-05 -0.0199894 -0.0357123 -0.00617515 -0.00914748 -0.0135348 -0.00373114 -0.00990174 -0.00142896 0.000157481 -0.00343538 0.0318474 
0.000253196 -0.00131323 -0.000994868 0.00228166 0.00521741 -0.00557143 0.00189654 -0.000729181 0.00375566 -0.000354042 -0.00146613 0.0312586 0.00249888 0.00403162 -0.00397368 -0.00260396 0.00259826 0.00202037 -0.000316356 -0.0126153 -0.00660039 -0.00284797 -9.66023e-05 -0.00379523 0.000617321 -0.0035149 -0.00192972 -0.00738083 0.00328988 -0.000769524 -0.00100003 0.000381058 0.0019787 0.00181562 0.000683573 -0.00129622 -0.000945228 -0.00160115 0.00402424 -0.00135783 -0.00024535 0.00323446 -0.000464395 -0.00170757 -0.000188682 0.000526971 0.00194903 -0.00113284 0.00128045 -0.00304046 0.00105619 -0.000510338 -0.00306226 0.00067266 -0.00507086 0.00144583 -0.000172618 0.00243013 -0.000984103 -0.00125638 -0.00149953 -0.000159261 0.000319195 -0.00154485 -0.00325875 -0.0013443 -0.00500207 0.000108434 -0.00254524 0.00374456 0.00294655 -0.00127723 2.82976e-05 0.000628937 -0.000186771 0.000624202 0.000784731 -0.000808011 -0.000766999 -0.000600188 0.00155697 0.000130337 -1.52394e-05 0.000817906 0.000333886 0.00183512 -0.00165733 0.00061897 0.000771126 -0.00246639 1.03436e-05 -0.000199925 0.00432184 -0.00116527 -0.00035575 0.00386826 -0.000138601 0.000668681 0.000175943 0.000408789 
-0.00249088 -0.00846896 0.000433483 -0.000796992 -0.0137422 -0.0276588 0.0318745 0.0176078 -0.00775993 -0.0142473 0.0235865 0.00249888 0.121367 0.0102789 -0.0109616 0.0228824 0.0239448 -0.0176678 -0.0095431 -0.00297064 -0.030528 0.0163558 0.0190981 -0.0211781 0.046198 -0.0119346 0.00830277 -0.0362299 -0.00170956 0.00168856 0.0282478 -0.000342402 -0.00515007 -0.0107631 -0.00634971 0.00320516 0.00375383 0.0018008 -0.00466031 0.00150105 0.000933529 -0.0072359 0.0176711 -0.00191409 0.00140207 -0.00321862 -2.23386e-05 -0.00063421 0.0032809 0.00535504 -0.00447906 0.000259873 -0.00323026 0.00272419 -0.00879033 0.00101676 -0.000852576 0.00968777 -0.00470797 -0.00183102 0.00290245 -0.00847742 -0.0119368 0.00729839 -0.0203241 -0.00559145 -0.0178442 0.00165283 -0.00492777 -0.00452035 -0.00402222 0.00783742 -0.00171733 -0.0248013 0.00800388 -0.000781014 0.0114894 -0.00622375 -0.00524727 -0.0122091 0.0195601 0.000418041 0.0234594 -9.79509e-05 -0.000222917 -0.0341987 -0.00266089 -0.000263624 -0.0290105 -0.0258307 -0.0286485 -0.00280439 -0.00376359 -0.0144696 0.000340168 0.0177082 0.00159817 0.00119311 -0.00117456 0.0234218 
0.00642233 0.00532874 0.00404083 -0.00567717 0.0165074 0.0151368 0.0305773 -0.00961515 -0.0160452 -0.0497759 0.00739687 0.00403162 0.0102789 0.224269 0.0258722 0.0251686 0.00569424 -0.0351967 0.025428 0.0325334 0.0410447 -0.0322419 -0.0681689 -0.0471364 -0.0194045 -0.0136313 0.0160562 0.0170702 0.0844355 0.0467381 -0.0365652 0.0109823 0.00824362 0.032001 -0.032604 0.0174604 -0.00866575 0.0111978 0.00797821 -0.00425101 -0.0012316 -0.0110673 0.000674379 -0.0254625 -0.00250341 0.0108907 0.00198691 -0.0265225 0.000772774 -0.0326632 -0.0241791 -0.0251406 -0.0430215 0.0109545 0.0723957 -0.00303393 0.00155976 -0.0053156 -0.0217324 -0.0138481 0.000581739 -0.0165086 0.003195 -0.00662847 -0.0325831 -0.0102558 -0.0461914 -0.00147692 -0.0701296 0.00123539 0.0133844 0.00269243 -0.00169207 0.0395887 -0.00373398 -0.000646786 -0.00613505 0.00735843 0.0169248 -0.00243237 -0.00970083 -0.00030259 0.0290594 0.000931098 0.00470992 -0.00345304 0.0271065 0.00215884 0.0205978 -0.0633085 -0.0447368 -0.00884743 0.00381261 -0.00643431 -0.00611036 -0.0788767 -0.00305168 0.0037217 0.00405289 0.0256965 
-0.00722215 -0.00312213 0.00661294 -0.00688871 -0.0139519 0.0363503 -0.0128407 -0.0107809 0.0229523 0.0091009 -0.0458505 -0.00397368 -0.0109616 0.0258722 0.249133 -0.0562769 -0.0416339 -0.00975081 -0.00948575 0.0433283 0.055147 -0.0212067 -0.0430594 0.0186305 -0.0306113 0.0134562 0.0206711 0.00282913 0.0214475 -0.000178212 -0.0101611 0.00239761 -0.00251805 -0.0187873 -0.0115882 0.0148246 -0.0226775 -0.0284372 -0.0142768 0.00478109 -0.00278286 -0.0229156 -0.0305256 -0.0126825 0.00278234 0.00808831 -0.00779806 0.0134132 -0.00382166 -0.0217671 -0.0286326 -0.0326264 -0.00173536 -0.0131038 0.00897988 0.0043205 -0.00184415 -0.0128767 -0.0334613 -0.0194681 0.02362 -0.00614274 0.044585 0.0124683 0.0257123 0.000206403 0.034647 -0.00200373 0.0236883 -0.00673367 -0.0119711 -0.00384005 -0.00461531 -0.00253715 -0.0023252 -0.00230923 -0.0447525 0.00102189 -0.00476512 -0.025336 -0.0138659 -0.000383345 -0.0462346 0.00331193 -0.00333383 0.0611849 0.0245899 -0.00116807 0.041864 0.0259794 0.0659861 -0.0115247 0.00137231 0.00944571 0.000803985 -0.0603112 -0.00408427 -0.00163982 -0.00273141 -0.0407142 
0.0112154 -0.00724349 -0.0002171 -0.00506172 -0.00720529 0.0232649 0.0254809 0.00674727 -0.0310588 -0.0483576 0.0401354 -0.00260396 0.0228824 0.0251686 -0.0562769 0.193599 0.00173323 -0.0162856 0.00141865 0.0273178 -0.0148121 -0.0137784 0.0245657 -0.0486983 0.0225134 0.012177 0.00655331 0.0207275 0.0047654 0.0295795 0.0137531 -0.00353239 -0.00953226 0.0183703 -0.00396565 -0.0079005 0.00533788 0.0261705 -0.00359028 -0.00199702 -0.00127091 -0.0129837 0.0215458 -0.0290198 -0.0042383 -0.00484886 0.00346029 -0.029423 0.000467905 -0.00420073 0.0180361 0.00973473 0.0135501 0.0146918 0.0258279 -0.00354738 -0.0017002 -0.000762097 9.39033e-05 -0.0113449 -0.00792265 -0.0149207 -0.0289462 -0.0101835 -0.0411747 -0.0152851 -0.0483516 0.00038783 -0.0562753 -0.0091041 -0.0151761 -0.00342439 0.00310932 0.0029107 0.000106543 -0.000511148 0.0483463 -0.00744612 -0.00338117 0.0152868 0.0184122 -0.000174449 0.0504266 -0.00409586 -0.00749524 -0.0153487 -0.00375209 -0.000804561 -0.0359314 -0.0497181 -0.0860584 -0.0105249 -0.00682877 -0.0093491 -0.00420857 0.0309011 -0.00187774 0.00100566 -0.00220607 0.044155 
-0.00230731 0.00235276 -0.00445573 0.000821085 0.000517854 -0.0485158 0.02973 0.00763614 0.0017364 0.00234161 0.0273625 0.00259826 0.0239448 0.00569424 -0.0416339 0.00173323 0.146042 0.00460018 0.0140471 -0.0555035 -0.00746168 0.0562075 -0.0136607 -0.0279562 0.0445864 -0.0188988 -0.024179 -0.0579734 -0.0039115 0.00861412 -0.00104121 0.000186572 0.0162107 0.0119114 -0.0126016 -0.00438199 0.00520206 -0.00574606 0.0156948 -0.00280891 -0.000667192 0.00706078 0.0173512 0.0263959 0.000949218 0.000797686 -0.00019704 -0.0304044 0.00406143 0.00925335 -0.0101372 -0.00206067 -0.0200045 0.00021419 -0.017953 -0.00433377 -0.00151778 0.00220261 0.0113604 0.01057 -0.00254615 0.0142384 -0.0113853 -0.00468536 -0.0139513 -0.00709152 -0.0305887 -0.00146109 0.00976416 -0.00525848 0.0237075 0.0159945 0.00259245 -0.00963894 0.0031847 -0.000740652 0.0334961 -0.00906882 0.00463058 -0.0155495 0.0153966 0.000584216 0.0110393 4.59135e-05 0.0036427 -0.067899 -0.00528475 0.000289313 -0.00670569 -0.0167952 -0.00730111 -0.00479739 -0.00675036 -0.0210625 -0.000682535 -0.00911838 -0.000458339 3.48488e-05 -0.00104523 0.0215496 
-0.0041007 -0.00595173 0.00499548 0.00304943 -0.00191231 -0.0214043 -0.000882374 0.00371184 0.00141313 0.0234124 -0.0197511 0.00202037 -0.0176678 -0.0351967 -0.00975081 -0.0162856 0.00460018 0.133274 -0.0110965 -0.038944 0.0187078 0.00837648 0.00322088 0.0257232 -0.00213307 0.00228222 -0.0159296 -0.0207892 -0.0288767 0.000491941 -0.0101752 0.00408294 -0.00287677 -0.0022527 0.0128798 0.00320349 0.00076285 -0.0101451 -0.00610938 -0.0100826 -0.000759875 0.01486 -0.00937968 0.0150958 -0.000256438 -0.00580735 0.0030939 0.00666708 -0.00193322 0.00318733 -0.00174183 -0.00287674 0.000152027 -0.00568119 -0.0180798 0.0025293 0.000861232 -0.0016141 0.0173039 0.000721858 0.00271925 -0.00358792 0.00295413 -0.00616876 0.0204121 0.00778997 0.0192411 -0.00209586 0.0444056 0.00120968 0.00872089 -0.00376619 0.00308903 -0.0192543 -0.0011283 4.90645e-05 -0.0140193 -0.00777959 -0.00882567 -0.0147968 -0.0112249 -0.00012755 -0.0112563 -0.00264104 -0.0053241 -0.00764957 -0.000871057 -0.000122305 -0.00179246 0.017308 0.0275639 0.00445131 0.00128217 -0.00370519 -0.000935398 0.00719088 0.0025222 -0.000926435 -0.000131212 -0.0230151 
-0.00435112 -0.0087925 -0.00621415 -0.00342757 0.00610193 0.00538332 0.00681155 -0.00246796 -0.00166695 -0.0253653 0.0280735 -0.000316356 -0.0095431 0.025428 -0.00948575 0.00141865 0.0140471 -0.0110965 0.145183 0.0196682 0.0145204 0.0289975 -0.0248137 -0.0186142 -0.0260835 -0.0195796 -0.0120012 0.0176557 0.00755823 0.00452312 -0.00987236 0.00235196 -0.00443333 0.0127261 -0.0139747 -0.0114938 -0.00255887 -0.00755911 0.00699774 0.0104194 -0.000700651 -0.000474518 0.0107363 0.00130198 -0.00164525 0.00174215 -0.00166148 -0.0216205 0.000883213 -0.0164417 -0.00354237 0.00596021 -0.00974835 -0.00105939 0.0166563 -0.00635624 -0.0034782 -0.00865876 0.0015338 0.00630605 -0.015749 0.00429782 -0.000976717 -0.00642372 -0.0116253 -0.00328744 -0.0222715 0.000822499 -0.0386234 -0.00293908 0.0182466 0.00044064 -1.53693e-05 0.00648563 -0.000715257 -0.000602655 0.0277576 0.0184247 0.00945737 0.00554065 -0.000553882 4.11015e-05 -0.00756746 -0.00281159 -0.00619436 -0.00132974 -0.00493062 0.00210009 0.00850433 -0.0196146 -0.0204944 -0.00164871 -0.0026237 -0.00475375 -0.000718797 -0.024914 -0.00228261 0.000204521 -0.00170608 0.00916394 
-0.00272933 0.00582762 0.00896132 -0.00536768 0.00056486 0.100412 -6.38817e-06 -0.0100559 -0.0627135 -0.106402 0.0181536 -0.0126153 -0.00297064 0.0325334 0.0433283 0.0273178 -0.0555035 -0.038944 0.0196682 0.240842 0.0358009 -0.0717374 0.0175219 -0.0239329 -0.0347842 0.0333249 0.0438735 0.109627 0.0179643 0.0137427 -0.013234 -0.00934662 -0.0202114 -0.00844871 -0.00702599 -0.05192 -0.0105794 -0.00164149 0.00181048 0.0148226 0.000832863 -0.0250022 0.00732317 -0.0678608 -0.00319848 -0.00578045 -0.0104256 -0.00776303 0.000477051 -0.0497623 0.0109584 0.0156391 0.0297056 -0.000221941 0.0444796 -0.0105574 0.00104773 -0.01946 -0.0263941 -0.00388445 0.0128471 -0.00786037 -0.0248006 0.0180283 -0.0615492 -0.0146511 -0.0438609 -0.0021515 -0.0917706 0.0133814 -0.0226545 -0.0110791 -0.00786673 0.0417687 0.000466947 -0.00263175 0.0037491 0.00833152 0.0086789 0.0309179 0.00337893 -0.000714044 0.00445094 0.00171693 -0.00875876 0.0731128 0.0148275 -0.000994867 0.00916018 -0.00126586 -0.0629961 -0.0190944 0.00159374 0.0309511 0.00154556 -0.00312201 -0.00427047 -0.00223279 -0.00112151 0.000460095 
-0.011828 0.00890524 -0.00683019 -0.0080302 -0.0160242 0.0118848 0.00362721 -0.0181252 -0.0081783 0.00185133 -0.0232649 -0.00660039 -0.030528 0.0410447 0.055147 -0.0148121 -0.00746168 0.0187078 0.0145204 0.0358009 0.241692 0.0235206 -0.0677737 -0.0279855 -0.00383853 0.00753758 -0.0143763 0.017816 0.00910701 0.0304757 -0.0599065 -0.0063935 0.00223638 0.0138359 -0.0232911 0.000728089 -0.0115768 -0.00932484 -0.0112544 -0.00112584 -0.00247956 -0.0126027 -0.0168467 0.0162132 -0.00240387 -0.00215837 0.00086154 -0.0313684 -0.00428061 -0.0174222 -0.0302458 -0.0277706 -0.0165255 -0.0111335 0.0282803 -0.00982357 0.00113919 -0.0155105 0.00364386 -0.00280714 -0.0102588 0.00640421 0.0042164 -0.0202047 0.00834347 -0.00452062 0.0251806 -0.00729024 0.0230843 0.00164935 -0.000116453 0.00252145 0.00414111 0.0280794 -0.00516751 -0.00127676 -0.00850424 0.00233222 0.0132741 0.00158042 -0.0275636 -0.000910324 -0.00830184 -0.00130271 0.00124952 0.024941 0.00464133 0.000532639 0.0365387 0.0374834 0.030624 -0.0142639 -0.00811923 -0.00365712 0.000151846 -0.0914505 -0.00571302 -0.0028088 -0.000577851 -0.0316286 
-0.00657544 0.00756959 -0.0189392 -0.000710455 -0.0320726 -0.0798504 0.025213 0.00516932 0.0429501 0.0511575 0.0134826 -0.00284797 0.0163558 -0.0322419 -0.0212067 -0.0137784 0.0562075 0.00837648 0.0289975 -0.0717374 0.0235206 0.248079 -0.0411285 -0.01273 0.058838 -0.0493277 -0.0580049 -0.053316 -0.0380627 0.0106471 -0.00159375 -0.00233902 0.00271922 0.00384988 -0.030818 0.014232 -0.00239996 -0.00052759 -0.0196961 0.0163338 -0.000418156 -0.0107226 0.0167418 0.0708809 0.00132814 0.00419369 0.00308331 -0.0392924 0.00142034 0.0231539 -0.0256895 -0.0102193 -0.0316617 -0.0042249 -0.0460009 -0.010569 -0.00386942 0.0178125 0.0256595 0.013676 -0.020262 0.0123279 0.0235229 -0.0117944 0.0199924 -0.00150906 0.0190409 0.00125763 0.0565404 -0.00950051 0.0252577 0.0116549 0.00700332 -0.0516792 0.000665569 -0.00193357 0.0192387 -0.00558436 -0.00507 -0.0271032 -0.00995067 -0.000134118 0.00731446 -0.000560179 0.00759723 -0.0530217 -0.0189807 0.00104313 0.0151358 0.0176062 0.0493828 -0.00641307 -0.0210856 -0.0302925 -0.00201754 -0.0419935 -0.00501448 -0.00248635 -0.00353285 -0.00373861 
-0.00711713 -0.00826806 0.0117133 0.00922246 -0.00357324 0.0233126 -0.0165006 0.00984078 -0.0314188 -0.0169206 0.00640927 -9.66023e-05 0.0190981 -0.0681689 -0.0430594 0.0245657 -0.0136607 0.00322088 -0.0248137 0.0175219 -0.0677737 -0.0411285 0.208757 0.00875157 0.0332398 0.0322154 0.0411975 -0.012929 -0.0308137 -0.0279416 0.0275046 -0.00501543 -0.0141457 -0.025798 0.0415307 -0.0343498 0.00997586 -0.0102124 -0.0122537 -0.00308052 0.00324362 0.0169305 0.0103811 -0.0442779 -0.00164256 -0.0105006 -0.00451225 0.0680391 -0.00459849 -0.00961109 0.0426302 0.0306182 0.035337 -0.00929824 -0.0260538 0.00490862 -0.00412706 -0.0107181 0.0089493 -0.000218686 0.0177348 -0.0143421 -0.0326783 0.0320533 -0.0204034 -0.000205695 -0.0203864 0.00196978 -0.0148345 -0.0046996 -0.019162 -0.00857441 -0.00225459 -0.0297527 0.00811709 0.0016859 0.0130132 -0.00672955 -0.0141838 0.0127244 0.00761717 0.000311371 -0.0170614 0.00393792 -0.0114974 0.00429288 0.00451734 -0.00088146 -0.0549422 -0.0163708 -0.0554728 0.00655071 -0.0140976 0.00538668 0.000984989 0.131642 0.00624034 -0.000244414 -0.00486952 0.000348935 
0.0012179 -0.0175553 -0.00116007 0.00804914 -0.0158473 -0.0337312 -0.0148145 -0.00079573 0.0115092 0.0411907 -0.0363498 -0.00379523 -0.0211781 -0.0471364 0.0186305 -0.0486983 -0.0279562 0.0257232 -0.0186142 -0.0239329 -0.0279855 -0.01273 0.00875157 0.189602 -0.0538352 -0.0131273 -0.041902 0.0132518 -0.0376031 -0.0260116 0.00400148 -0.00105991 -0.00606842 -0.020382 0.0350565 0.0229178 0.00596838 -0.018575 -0.0127703 -0.0103911 -0.00277439 0.0184932 -0.0144849 0.000220374 0.000488033 -0.00774499 -0.00180835 0.0491358 -0.00402862 0.00639707 -0.00711238 0.00438985 0.00864014 -0.00764508 -0.0213473 0.0116454 -0.00529607 0.00206643 -0.0138579 0.000894897 -0.00404168 0.0026233 0.0185906 -0.00476537 0.0591243 0.0249994 0.0720919 0.000651396 0.0480317 -0.00523794 -0.010621 0.00117222 -0.0034464 -0.0207219 -0.00478719 0.000895673 -0.035587 0.00215145 -0.010179 -0.020741 -0.0212171 -6.28778e-05 -0.0241596 -0.00276342 -0.00607168 0.013852 -0.0125926 -0.00137665 -0.0150094 0.0611354 0.084055 0.0176748 -0.00882863 0.0123082 0.00373969 0.0122172 0.00515202 -0.000734157 -0.00232705 -0.0333293 
-0.00100502 0.00843367 -0.00907952 -0.00079434 -0.0220817 -0.0348747 0.0353262 0.00218775 0.0166095 0.0155767 0.0246409 0.000617321 0.046198 -0.0194045 -0.0306113 0.0225134 0.0445864 -0.00213307 -0.0260835 -0.0347842 -0.00383853 0.058838 0.0332398 -0.0538352 0.235046 -0.0105804 0.00975137 -0.0528146 -0.0346658 0.0105789 0.0114104 0.00240733 -0.0108329 -0.0142159 -0.0259481 -0.0157871 -0.0115431 0.0118249 -0.00479226 -0.00189223 0.00408423 -0.00252654 0.0187502 0.0129272 -0.00169232 -0.00239992 0.00348345 -0.037675 0.00490413 0.0339557 -0.0100935 -0.00972748 0.014774 0.00952121 -0.0398014 -0.0106843 0.00107221 0.0215842 0.0317753 -0.00206202 0.000224452 -0.043501 -0.00282105 0.0159436 -0.0192484 -0.012168 -0.0268723 0.0012302 0.00535275 -0.00272957 0.0158781 -0.00257753 0.00173889 -0.0296167 0.0109253 -0.00119812 0.00923153 -0.0146803 -0.0121134 -0.000576979 0.0292991 0.000524576 0.0390231 -0.000376447 0.00612552 -0.0678459 -0.0029312 -0.000939501 -0.0221003 -0.0297267 -0.0365798 -0.0112559 -0.00335305 -0.0281108 -0.0012947 0.00597021 -0.0014841 -0.00102914 0.00109886 0.0242069 
-0.000318322 -0.00139172 0.00832532 -0.00318176 -0.0132838 0.0523291 -0.0156759 -0.0014048 -0.0244404 -0.0312125 -0.0021807 -0.0035149 -0.0119346 -0.0136313 0.0134562 0.012177 -0.0188988 0.00228222 -0.0195796 0.0333249 0.00753758 -0.0493277 0.0322154 -0.0131273 -0.0105804 0.156859 0.0345958 0.026623 -0.00795971 0.00632946 -0.00281926 -0.00621887 -0.00674984 -0.00394481 0.000363351 -0.0118929 -0.003103 0.00310561 -0.0133232 -0.00696231 0.000328369 -0.000854085 -0.00241636 -0.0221007 -0.00230404 -0.00602068 -0.00103862 0.010347 -0.00248253 -0.0170238 0.00681245 -0.00288714 0.0161428 -0.00564908 0.0149628 0.0015886 0.00453937 -0.0148136 -0.00267532 -0.0071879 0.00893444 -0.0061508 -0.0121805 0.0042014 -0.00768723 -0.00651256 -0.0227842 -0.00212224 -0.0126136 -0.000977813 -0.0115611 -0.00636763 -0.00138871 0.0209594 0.000585802 0.000771104 -0.00408901 -0.00172258 -0.0046645 0.0276714 -0.00548091 -0.000183179 -0.00637528 0.000973046 -0.0072688 0.0267963 0.0135239 -0.000564395 -0.0206582 -0.0087778 -0.0319786 0.00104706 0.000884183 0.00105201 -0.00293675 0.0286968 -0.00118765 -0.000151229 0.0034265 -0.013271 
-0.00386251 -0.00410616 0.0123451 -0.00243111 -0.0104901 0.0704031 0.00111175 -0.00662201 -0.0205814 -0.0412541 0.0142833 -0.00192972 0.00830277 0.0160562 0.0206711 0.00655331 -0.024179 -0.0159296 -0.0120012 0.0438735 -0.0143763 -0.0580049 0.0411975 -0.041902 0.00975137 0.0345958 0.17463 0.00643426 0.0170314 -0.00583185 -0.013198 -0.00181138 -0.0102513 -0.0136149 -0.00712149 -0.0380664 -0.00238837 -0.000544746 -0.0137676 -0.00217707 0.00185957 -0.00480791 -0.00389409 -0.0234203 -0.00203972 -0.000757032 -0.00383375 0.0331346 -0.00226006 -0.0112925 0.0269269 0.00202882 0.0371661 -0.000454327 0.00318702 0.00103146 0.00347752 -0.0118933 -0.00894674 -0.00912408 0.031203 -0.0329405 -0.0169336 0.0175553 -0.0357382 -0.00755093 -0.0361346 -0.000955273 -0.034744 0.00241853 -0.00796668 -0.00873645 -0.00191518 -0.0200015 0.00379143 -0.00150225 0.00618525 -0.000604246 -0.00419664 0.0117854 0.014547 -0.000136449 -0.00169859 0.00509918 -0.00171467 0.0164493 0.0301644 0.000174144 -0.0158201 -0.0222955 -0.0514626 -0.00772996 0.00421746 -0.00524571 -0.00365773 0.0297779 -0.0010075 -0.00144825 -0.00107211 0.0129552 
0.00837415 0.00135521 -0.00555698 0.00188652 -0.0127037 0.0701354 -0.00741638 -0.014181 -0.0483183 -0.0766326 0.00835957 -0.00738083 -0.0362299 0.0170702 0.00282913 0.0207275 -0.0579734 -0.0207892 0.0176557 0.109627 0.017816 -0.053316 -0.012929 0.0132518 -0.0528146 0.026623 0.00643426 0.248388 0.0024503 -0.00480599 -0.00577494 -0.0165743 -0.0110458 0.0039474 -0.00891259 -0.0120518 -0.0122379 0.0151592 0.00655199 0.00420601 0.000180182 -0.00192729 -0.023546 -0.0408103 -0.0033098 0.00175952 -0.0013392 -0.0266548 -0.00269022 -0.030124 0.017632 0.0141071 0.0558921 0.00528323 0.0470665 -0.00844558 0.00446251 -0.00143656 -0.0146445 0.00351889 -0.0157067 0.00466951 -0.0218123 -0.00138113 -0.0516305 -0.00834378 -0.0336302 -0.00301685 -0.072611 0.00722021 -0.0263078 -0.00881672 -0.00659015 0.0459634 -0.00851915 -0.0010818 -0.0202004 0.0174697 0.00434949 0.0468003 0.00726529 -0.000580109 0.0135157 -0.00791084 -0.01352 0.0333178 -0.00606262 -0.00121727 -0.00572092 0.0271391 -0.0247174 -0.00884622 0.00544054 0.0380453 -0.00461166 -0.0109379 -0.00435221 -0.00192141 0.00532212 -0.00664797 
-0.00363376 0.0102435 -0.00196686 -0.00271278 0.02989 0.0303934 -0.012776 -0.00946838 -0.0147116 -0.0363829 -0.000919392 0.00328988 -0.00170956 0.0844355 0.0214475 0.0047654 -0.0039115 -0.0288767 0.00755823 0.0179643 0.00910701 -0.0380627 -0.0308137 -0.0376031 -0.0346658 -0.00795971 0.0170314 0.0024503 0.192019 0.00930945 -0.015703 -0.00289 0.00272015 0.0148278 -0.0245373 0.00145687 2.77911e-05 0.0115079 0.0187958 -0.00406345 -0.00145516 -0.0086535 -0.00366401 -0.0169387 -0.0015918 0.0116756 -0.00108606 -0.00991981 0.00459958 -0.0203578 -0.0146351 -0.0125642 -0.0334723 -0.00623197 0.0461162 0.00512181 -0.000441658 -0.00670727 -0.00119695 -0.012283 0.00138746 0.00181083 -0.0135826 0.00388967 -0.0254538 -0.00677009 -0.023969 -0.000357533 -0.0576713 0.00181989 -0.00352294 -0.00399409 -0.00242419 0.0551667 -0.00329949 -0.000478291 -0.00636391 0.000725202 0.0207001 -0.00262624 -0.019215 -0.000378331 -0.0103147 8.87737e-06 -0.00258986 0.0371959 0.0232312 0.000949486 0.0287228 -0.0473456 -0.0309033 -0.00831841 0.0160682 -0.000847184 -0.00370705 -0.033438 -0.00283796 0.00118243 0.00375967 0.0216035 
-0.00132263 0.001836 -0.000333793 -0.00332695 -0.00565787 0.00666564 0.0117533 0.000700876 -0.00586419 -0.0114626 0.0140391 -0.000769524 0.00168856 0.0467381 -0.000178212 0.0295795 0.00861412 0.000491941 0.00452312 0.0137427 0.0304757 0.0106471 -0.0279416 -0.0260116 0.0105789 0.00632946 -0.00583185 -0.00480599 0.00930945 0.123383 -0.012785 0.00563402 -0.00432587 0.00400158 -0.0110445 0.000523424 -0.00573009 0.00623707 -0.0141049 -0.00456102 -0.000499956 -0.00364033 0.00469992 -0.0112147 -0.00149611 -0.00299244 0.00135762 -0.0121253 0.00226559 -0.0129439 -0.00992817 -0.0112135 -0.00565471 0.000583785 0.0389519 -0.00300277 -0.0018406 -0.000667382 0.00929159 -0.00651941 -0.00689947 -0.0146612 0.0082329 -0.00848292 -0.00157447 -0.00693086 -0.0219005 -0.00132016 -0.0204984 -0.00123069 0.00832634 -0.00399688 0.00317062 -0.00116376 0.000821305 0.000780979 0.000423695 -0.0014045 -0.00556146 -0.00349894 -0.0100325 -0.000178033 0.0105035 0.00208165 0.0037836 -0.0128805 0.0025868 -0.000215957 0.0122808 -0.0262033 -0.0201125 -0.00460792 -0.00276379 -0.0103102 -0.000712766 -0.0268169 -0.00160287 0.00172295 -0.00185285 -0.0121461 
0.00310161 -0.00420253 -0.000309527 -0.000243382 -0.0047097 -0.0218974 -0.00666497 0.0260734 0.00131368 -0.00128216 0.000411315 -0.00100003 0.0282478 -0.0365652 -0.0101611 0.0137531 -0.00104121 -0.0101752 -0.00987236 -0.013234 -0.0599065 -0.00159375 0.0275046 0.00400148 0.0114104 -0.00281926 -0.013198 -0.00577494 -0.015703 -0.012785 0.122181 0.00269406 -0.00314325 -0.0109976 0.0107464 0.00960048 0.00460487 0.004431 0.00119628 -0.00296321 0.00146892 0.00178227 -0.00334054 -0.0171665 0.00201596 -0.00297561 -0.00130854 0.00662501 -0.000306438 0.0124122 0.00151554 0.00864904 0.00215431 0.00180043 -0.0189745 0.00446882 0.000379493 0.0195418 0.000176626 0.00183215 9.49881e-06 0.0199912 -0.0060541 0.00985456 -0.00489119 0.00554476 0.000395838 0.00523271 0.000616559 -0.00286193 -0.00990325 0.00164798 -0.00108275 -0.0180332 0.00481341 -0.00047224 -0.00205092 -0.00699755 -0.00452815 -0.00668228 0.00873121 0.000617791 -0.00107568 -0.00138522 -0.00238478 -0.018788 -0.0060941 -0.000718939 -0.0231381 -0.0196898 0.000347167 0.00168453 -0.00214666 -0.00840511 0.00118484 0.0419247 0.00187629 -0.000148606 0.000455302 0.000825427 
0.000688248 0.000626417 0.00289298 0.000888568 0.00373574 -0.00988026 0.00209908 0.0017965 0.00797255 -0.000304329 -0.00129069 0.000381058 -0.000342402 0.0109823 0.00239761 -0.00353239 0.000186572 0.00408294 0.00235196 -0.00934662 -0.0063935 -0.00233902 -0.00501543 -0.00105991 0.00240733 -0.00621887 -0.00181138 -0.0165743 -0.00289 0.00563402 0.00269406 0.0496105 0.00230823 0.00094236 0.000242966 0.00573838 0.00343241 -0.00153377 0.00315561 -0.00118749 -0.000111479 -0.00234918 0.00746557 -0.00252156 0.0004933 0.00213197 -0.000474517 -0.00680849 -0.00045867 0.00207169 -0.00392373 -0.00120443 -0.00890249 0.000797642 0.0019221 -0.00148019 -0.000692324 -0.00197164 -0.00108949 -0.00278801 -0.00172118 -0.0050776 0.00914029 0.00388674 0.00478286 -0.000385306 -0.0051079 0.0027852 -0.00803578 0.00111841 0.0119259 -0.00275825 0.000475382 -0.0026455 0.00174775 -0.000160103 -0.00592341 -0.0015296 -0.00189751 -0.00373692 -0.00465095 0.000287557 -0.00138737 0.00146961 0.000882335 -0.0114365 -0.00123251 -2.82888e-05 0.00674687 -0.0117499 0.00187173 -0.000914034 0.00415533 -0.0031834 -0.000188363 -0.00490581 0.00135088 0.0012697 -0.000777912 -0.00209653 
7.94058e-05 0.00770276 -0.0024473 -0.000412146 0.0116931 -0.0155402 -0.00259268 -0.00144967 0.00608055 0.00601571 -0.00679497 0.0019787 -0.00515007 0.00824362 -0.00251805 -0.00953226 0.0162107 -0.00287677 -0.00443333 -0.0202114 0.00223638 0.00271922 -0.0141457 -0.00606842 -0.0108329 -0.00674984 -0.0102513 -0.0110458 0.00272015 -0.00432587 -0.00314325 0.00230823 0.0550862 0.0176044 -0.00350479 0.0081599 0.00448427 -0.00242656 0.00407982 0.00247542 -0.000546057 -0.000843504 -0.00550305 0.00819906 0.0021914 0.0042252 0.00024641 -0.0125648 -0.000129254 -0.000362785 -0.00357399 -0.00419153 -0.00985628 -0.00193971 -0.00373602 -0.000315836 0.00114263 -0.00261577 -0.0041415 0.00438518 0.00416475 0.0236107 0.000847586 -0.00313722 -0.00633803 -0.001065 -0.00414504 -6.05729e-05 0.00656734 -0.00213579 0.00429243 0.00710045 0.00133038 0.00219943 -0.0013113 -0.000278362 0.00402408 -0.00220191 0.00188354 -0.00482839 -0.00425108 2.01225e-05 -0.00748244 0.00223001 0.00349977 -0.00533782 0.000338171 0.000422933 0.0059486 0.00388711 0.00907409 -0.000514738 -0.000850975 -0.00596848 0.000121162 -0.0120842 0.000490623 9.8678e-05 0.000656106 -0.00431172 
0.00575861 0.00365711 -0.00229453 -0.00119357 0.017091 -0.0102072 -0.001823 -0.00435507 -0.00941488 -0.0148994 0.000798022 0.00181562 -0.0107631 0.032001 -0.0187873 0.0183703 0.0119114 -0.0022527 0.0127261 -0.00844871 0.0138359 0.00384988 -0.025798 -0.020382 -0.0142159 -0.00394481 -0.0136149 0.0039474 0.0148278 0.00400158 -0.0109976 0.00094236 0.0176044 0.0912901 -0.0112063 0.0126553 0.00524805 0.01276 0.00597136 0.0034956 -0.000159419 -0.00447555 -0.00260617 -0.00304758 -0.00108822 -0.000426766 0.0070303 -0.0263056 9.87103e-05 -0.00366655 -0.00723493 0.00153201 -0.0156907 0.00367615 0.00465221 -0.0013857 -0.000480212 -0.0069697 -0.00156618 -0.00431633 -0.00321263 0.00896798 -0.00844941 -0.00687577 -0.0168138 -0.0053843 -0.017874 -0.00132798 -0.0176737 -0.0031363 0.00153651 0.00471866 0.000782427 0.0330755 -0.00185222 -0.000247939 0.017713 0.00325452 0.0128141 0.00448021 -0.00645 -0.000123524 0.00730521 -0.000790018 -0.00129004 -0.00685002 -0.000705359 0.00196371 0.00445212 -0.0165171 -0.0184886 -0.00374596 -0.00212579 -0.00830089 -0.00209449 -0.0151528 -0.00109055 -2.86622e-05 0.000823436 0.0171847 
-0.000840539 -0.00793153 0.0154598 0.00427435 0.0144576 -0.00739739 -0.00814798 0.00132017 -0.00666741 0.0163524 -0.0209857 0.000683573 -0.00634971 -0.032604 -0.0115882 -0.00396565 -0.0126016 0.0128798 -0.0139747 -0.00702599 -0.0232911 -0.030818 0.0415307 0.0350565 -0.0259481 0.000363351 -0.00712149 -0.00891259 -0.0245373 -0.0110445 0.0107464 0.000242966 -0.00350479 -0.0112063 0.105649 -0.00206619 0.0105066 -0.00943175 -0.00496609 -0.00537342 -0.00109495 0.0111497 -0.00320525 -0.0109118 6.49053e-05 -0.00550951 -0.00213166 0.0438986 -0.00216766 -0.00453951 0.0149232 0.0125717 -0.000342692 -0.00480263 -0.0101778 0.00328577 -0.000602793 -0.0056472 -0.00482867 0.0010003 0.00512695 0.00338061 -0.00995728 0.000118265 0.00968113 0.00408177 0.0126676 7.9526e-05 0.0127326 0.00141751 -0.00818739 -0.00195912 -0.000223219 -0.0133825 0.000476188 0.00196723 -0.0110473 -0.0020458 -0.00603842 0.00196145 -0.00834474 -5.92788e-05 -0.0136402 -0.000784799 -0.0046263 0.00572981 -0.00712521 -0.000446442 -0.016201 0.00250981 -0.00199262 0.015258 -0.00244939 -0.00303731 0.00248094 0.0524444 0.00627512 0.000357922 -0.00236956 -0.0169823 
