0.236375 -0.000136307 0.000476758 0.0014284 -0.0179185 -0.00548769 0.0064487 -0.00989628 -0.00238006 -0.00190635 -0.00134735 -0.00543014 -0.000120019 -0.000256215 0.00346251 -0.0136059 -0.00341406 0.0052207 -0.0163696 -0.0008265 -0.020781 -0.00246824 -0.0378301 0.00538242 -0.0227812 -0.00905321 -0.00276194 -0.00335417 0.000112898 0.00242253 0.0297589 -0.0223262 -2.60375e-05 -0.000982521 -0.0166852 0.00259576 -0.000896057 8.47044e-05 -0.000622089 -0.000415258 -0.000318013 0.0507811 0.0116892 0.00045325 -0.0205188 -0.000404993 -0.0187976 -0.000546401 -0.000216347 -0.0205837 0.00865378 0.00149957 0.00585093 -0.0157313 -0.000451433 0.00384539 -0.00262576 -0.000368733 -0.000224942 -0.0140764 3.46456e-05 0.00209875 -0.000291182 -0.000117639 -0.00241722 -0.0122532 -0.0229392 -0.000222996 0.0159201 -0.0311217 1.04467e-05 0.000336071 -0.000473773 -0.00255794 -4.14271e-06 0.000740878 0.00614806 7.55178e-05 -0.0106929 -0.000430365 -0.000315881 -0.000319041 -0.0381126 -0.00177796 -0.00437943 -0.000108798 -0.000277589 -8.02334e-05 0.00196757 -2.11902e-05 0.033009 -0.000302962 -0.00382487 -2.27873e-05 0.00719426 -2.50966e-06 0.00809933 -0.00384202 -2.23051e-06 -0.000322286 
-0.000136307 0.00147389 1.02864e-05 2.24545e-07 -4.77985e-06 -1.59934e-05 0.000166922 -9.05108e-05 -4.13608e-05 -3.37733e-06 -6.24542e-06 4.35612e-06 2.22618e-06 1.67413e-06 -4.47527e-05 1.89698e-05 5.3296e-07 1.26505e-05 2.91801e-06 3.43878e-06 -7.35546e-05 -2.18841e-05 0.000199383 -0.0005225 0.000344017 -0.000160796 -3.66158e-05 -0.000375907 -3.07452e-05 0.000130609 0.000225204 0.000113443 2.29928e-07 -1.72079e-05 -0.000272605 -2.65535e-06 7.86377e-07 1.17269e-06 -1.84971e-06 4.72773e-06 1.52636e-06 -0.000100226 -3.13861e-05 -6.13491e-06 -1.56653e-05 -6.73285e-07 -2.16482e-05 -2.1515e-07 3.4438e-06 -0.00013763 -0.000169068 -4.00899e-06 9.62136e-05 -4.88556e-05 -1.63583e-06 -1.00868e-06 -3.36051e-05 -2.57584e-07 -3.69987e-07 -4.30126e-05 1.25291e-06 -1.59668e-05 4.08418e-06 2.38498e-08 -3.36053e-06 -5.07519e-05 0.000338273 2.78857e-06 -0.000439162 -0.000124227 6.07147e-07 4.95291e-05 3.04298e-07 0.000178624 2.30581e-07 -8.94768e-06 7.47339e-05 -4.31807e-07 -0.000106885 1.56896e-05 -5.63541e-07 8.09211e-06 7.37388e-05 8.61273e-06 -8.99129e-05 1.21736e-07 0.000117935 7.13406e-06 -1.44416e-05 -3.63548e-07 -0.000326111 -1.02418e-06 1.96998e-06 4.10807e-06 3.68305e-06 -1.81792e-07 -5.59099e-05 2.44798e-06 9.91881e-07 -5.32022e-07 
0.000476758 1.02864e-05 0.00718103 -2.62254e-05 0.000514431 0.00029388 0.000454542 -0.000337222 -0.000141426 0.000190367 8.83157e-05 0.00168538 1.31016e-05 0.000248677 -0.000228042 0.00084831 8.34969e-05 0.000304915 0.000332794 -5.72987e-05 0.00126762 0.000117458 0.0011152 -0.000937632 -0.000412681 -0.000464063 0.000395553 -0.00247589 -6.01794e-05 -0.000801136 0.000134105 3.9709e-06 4.01252e-07 -2.57266e-05 -0.00285365 0.00011462 6.06789e-05 2.23352e-05 -8.57255e-06 1.08393e-05 -8.04784e-07 -0.00102498 -0.000589516 5.56834e-05 -0.000289118 3.16765e-05 -0.000560918 0.00014757 1.49689e-05 -0.000685363 -0.000890843 -2.02478e-05 -1.94579e-05 0.000803769 -9.21405e-06 -0.000315 -0.000170184 -9.15917e-06 2.71757e-07 -0.000165025 3.53651e-06 -0.000180893 0.00011813 5.15154e-06 1.79454e-05 -0.000208905 0.000426541 1.9399e-06 -0.0021528 -0.000881672 3.83118e-06 0.000190453 2.22494e-05 0.000241523 2.1544e-05 -2.42781e-05 -5.31309e-05 8.55311e-06 -0.000315927 0.000107802 2.05785e-05 9.28585e-06 -0.00114659 7.33158e-05 -0.000305853 5.17171e-06 0.000131589 1.93005e-05 0.00012358 -4.70562e-06 -0.000833899 -1.50029e-06 7.89235e-05 5.73212e-07 -7.4545e-06 6.92439e-07 0.000437366 0.000549081 2.90718e-06 5.26158e-05 
0.0014284 2.24545e-07 -2.62254e-05 0.00766275 -0.000307009 -6.85889e-05 0.00211445 0.00257355 6.98454e-05 -2.54818e-05 4.87403e-05 -0.000270479 6.46783e-06 3.92144e-05 -0.000416977 -0.000442592 -9.56345e-05 0.00104875 -0.00280146 0.000198115 -0.000192477 -0.000442697 -0.00128922 -0.0005637 -0.00181353 -0.00293956 -0.000257053 0.000417468 -3.31399e-05 0.00333866 -0.00112835 -0.000568218 4.34153e-06 0.000185799 -0.000588808 0.000153594 -1.3205e-05 1.2031e-05 0.000301979 7.92312e-06 3.13542e-05 -0.000190949 0.00133495 6.33755e-05 -0.000394699 2.38836e-05 0.000669995 3.00511e-05 5.65975e-06 -0.00176644 -0.00272147 0.000275859 0.000594616 -0.00427164 5.44558e-05 0.00112332 -8.67581e-05 1.27521e-05 -1.52065e-06 -0.000212854 4.03482e-07 -0.000174802 -2.47743e-05 4.88887e-06 -7.05707e-05 0.000957992 -0.00254884 -1.17526e-05 0.00174803 -0.000344719 2.29493e-06 4.13307e-05 -9.4865e-06 -0.000516368 -2.71328e-06 -4.66357e-05 -0.000343578 1.0801e-05 -0.00011144 4.6244e-05 -3.66409e-06 -1.46617e-05 0.00141617 -3.48532e-05 -0.00072467 -1.63098e-06 -2.44209e-05 -3.85758e-07 2.68492e-05 3.7206e-05 0.000687893 1.71891e-05 -8.77701e-05 1.99109e-05 -7.53578e-05 1.34241e-06 -9.30606e-05 0.000337699 3.09751e-05 -2.29289e-05 
-0.0179185 -4.77985e-06 0.000514431 -0.000307009 0.0681143 0.000611344 -0.00119141 -0.000853233 0.000126843 0.00174833 -0.000112631 0.00403627 4.90939e-05 0.000274011 -0.000457185 0.0126669 -0.000692677 -0.00108562 -0.00079613 -0.000160673 -0.00274693 -0.00312262 0.0029974 0.000227704 -0.000139135 -0.00514939 0.00109434 -0.00726343 -0.00108718 -0.00911376 -0.0140815 0.00228223 -3.02139e-06 -0.000173572 -0.00461013 -0.000154972 3.32458e-06 5.84928e-06 -0.000175728 -0.000159179 5.98194e-05 -0.0179033 -0.0170671 7.09315e-07 0.00592124 5.08712e-05 -0.00310702 0.000225619 9.92385e-05 0.00523755 0.000113639 1.64454e-05 -0.000419658 -0.00283953 -3.21257e-05 0.00087043 -0.00196043 -0.000160889 5.34569e-05 0.00497462 -6.07199e-06 0.00108533 -0.000189487 9.89984e-05 -0.000443667 -0.00109495 -0.00399793 2.83094e-05 -0.00295505 0.00947025 1.52733e-05 9.98156e-05 -9.56126e-08 0.00291192 4.48761e-05 -0.000162577 0.0037508 -7.9154e-06 -0.00601349 3.32077e-05 -6.53753e-05 -6.05127e-05 0.00211427 -0.000241975 0.0010452 2.51185e-05 -0.000727016 8.54021e-05 -0.000165794 6.27274e-05 -0.00262103 0.000117122 0.00117241 3.30437e-05 -0.00109589 -3.32869e-06 -9.06644e-05 -0.000284112 0.000223526 0.000483707 
-0.00548769 -1.59934e-05 0.00029388 -6.85889e-05 0.000611344 0.019753 -0.0010727 0.00124081 0.00029168 8.55972e-05 0.000132413 -0.000328975 -9.28873e-06 0.000218323 8.81231e-05 -0.000285768 -3.40488e-05 0.000886347 -0.00234787 -0.000119533 0.00236938 -0.00121987 -0.00060391 0.000915151 0.00121759 -0.00571299 0.000530145 -0.000628641 -0.000215463 -0.000957919 3.14399e-05 0.00242474 -1.11961e-06 0.000392683 -0.000793102 -8.968e-05 1.11333e-05 2.9173e-06 0.000156752 1.35216e-05 2.66689e-05 -0.00112915 0.00162854 -3.17106e-05 -0.0011715 0.00023828 -0.000630193 0.000209954 -3.26574e-05 -0.00563736 0.000391602 0.000171362 -0.000307698 -0.00247609 7.75525e-05 0.000292511 -0.000504957 8.0048e-06 -5.51666e-06 -0.000548196 1.00596e-05 0.0018315 3.7895e-05 3.53688e-05 0.000285896 -0.000458702 0.00263463 4.83673e-05 -0.00097124 -0.00042462 9.2567e-06 4.84103e-05 6.45865e-05 0.00206879 8.26261e-05 0.000197709 0.000311463 4.86135e-05 -0.00166027 -2.72013e-06 -1.22052e-06 -4.76005e-05 -0.000778785 3.20958e-05 -0.00153895 1.1093e-05 0.000153409 8.68023e-05 -0.000430672 -1.26324e-05 -0.00295529 -1.75253e-05 -3.74767e-05 2.01283e-07 -0.000158723 3.67143e-06 -0.000634174 -0.000299213 3.49866e-05 0.000149123 
0.0064487 0.000166922 0.000454542 0.00211445 -0.00119141 -0.0010727 0.157991 -0.00167456 -0.00547227 0.000330637 -0.00107555 0.00737122 1.47159e-05 0.000798029 0.000930162 -0.00504209 -0.00106415 0.00817734 -0.0115574 0.00268202 -0.00836672 0.00856698 -0.0134587 -0.0101441 -0.0186234 0.000995637 0.00598681 -0.000659456 -0.00373673 0.0161446 -0.0199377 -0.00380456 -7.13542e-06 -0.00343546 -0.0132584 4.86959e-05 2.69516e-05 4.94029e-05 0.000850763 0.000622382 -0.000101132 -0.0131294 -0.0187806 0.000860839 -0.0111186 5.40415e-05 0.00993819 -0.000121521 -0.000167993 -0.0057022 -0.00774382 -0.000453685 0.00027744 -0.0454731 -0.000160706 0.00631291 0.00182589 -0.000127961 -0.000108843 -0.0043685 1.9438e-05 0.0017465 -0.000686056 -3.96707e-05 -0.00173185 0.0114119 -0.00893919 -7.87771e-05 0.0139057 -0.011657 -8.99423e-05 -0.000390722 -0.000131514 -0.000728956 7.90622e-05 0.00225898 -0.0126286 2.319e-05 -0.00613511 0.000648423 -8.06687e-05 2.95713e-05 0.0112934 -0.00010597 -0.00271766 -6.40901e-05 -0.00132056 1.7529e-05 0.000194112 9.7532e-05 -0.000488724 0.00026605 -0.00203033 6.68649e-05 -0.000144227 -1.89356e-05 -0.00321661 0.00159274 0.000449065 0.000424645 
-0.00989628 -9.05108e-05 -0.000337222 0.00257355 -0.000853233 0.00124081 -0.00167456 0.0926682 0.00173672 -0.000495253 0.000471965 -0.00612309 5.50334e-05 0.00024982 -0.000681891 -0.00651436 -0.00073773 0.01461 -0.0291968 -0.000904811 0.0033283 -0.00539262 -0.0235415 0.0199401 -0.00921323 -0.00667292 -0.00480694 0.0134955 -0.00137211 0.018349 -0.0228994 -0.00502689 7.74581e-06 0.00306829 0.00311524 0.000467284 -0.000166443 1.49852e-06 0.00173821 -0.000122087 -9.24893e-05 0.00153823 0.0233604 -0.000215808 -0.00196207 0.000134482 0.00143829 4.18426e-05 -0.000193046 -0.0153033 -0.000100224 0.000255095 -0.000182056 -0.0214249 0.000217462 0.00883978 0.000613446 0.000443018 -8.27282e-05 -0.00222917 -3.55649e-06 0.00782318 -0.000355214 1.29497e-05 0.000684379 -0.000504395 -0.0195421 -0.000127447 0.0206656 -0.0107758 -2.02567e-05 -0.000183633 5.27341e-05 -0.00533172 -4.208e-05 -0.000141772 -0.00732211 1.30054e-05 -0.0103293 -0.000262913 4.40312e-05 -0.000167199 0.0121253 -0.000743249 -0.00414005 -1.05839e-05 -0.00112145 -2.56838e-05 -0.00124871 -4.34347e-05 -0.0117242 -1.1129e-05 -0.00074264 7.02613e-05 0.000567652 1.76066e-05 -0.00190642 -0.00144985 0.000321557 0.000384967 
-0.00238006 -4.13608e-05 -0.000141426 6.98454e-05 0.000126843 0.00029168 -0.00547227 0.00173672 0.0512852 0.000557626 0.00101215 -0.00202905 -6.32032e-06 0.000349652 -0.000672069 -0.0016054 0.00474023 0.000248824 -0.00825332 0.00132623 -0.00107775 -0.00171689 -0.0109805 0.0104509 -0.010071 -0.00824996 -0.000263371 0.0116217 0.0030059 -0.0126368 -0.00850873 0.00229633 -6.49784e-07 0.00402965 -0.000128235 -0.000201653 -7.09873e-05 2.95503e-05 0.000120573 -7.93269e-05 4.77519e-05 0.00132778 -0.0104493 -3.96245e-05 -0.00170041 0.0001158 -4.52161e-05 -3.25984e-05 0.00015372 0.00493594 -0.00300184 0.000918114 0.000153069 -0.0111876 0.000121888 0.00018088 -0.000883426 4.13222e-05 -1.89326e-05 0.00127974 3.22249e-06 -0.000917906 -0.000114979 -2.98529e-06 -0.000129929 0.00178444 -0.0144719 -0.000107232 0.0142029 0.000705845 -1.61091e-05 0.000972127 -2.96926e-05 -0.0024091 -2.21559e-05 -0.00032024 -8.80185e-05 0.000187658 0.00214489 0.00011896 6.10279e-05 -0.000118045 -0.00702965 -0.000111972 0.000479355 2.22867e-05 -0.000149296 -7.32919e-06 1.69508e-05 0.000116926 0.00549962 0.000202713 -0.000252082 1.74712e-05 0.000323432 -5.6887e-06 5.68998e-05 -0.000988139 -1.74493e-05 -0.000236143 
-0.00190635 -3.37733e-06 0.000190367 -2.54818e-05 0.00174833 8.55972e-05 0.000330637 -0.000495253 0.000557626 0.0056834 3.43211e-06 0.00042711 7.816e-06 0.000114939 -0.000133867 0.000588083 0.000211985 -0.000207514 -2.79431e-05 0.000229367 0.00125065 3.19858e-06 0.00058322 -0.000351858 -0.00200458 0.000394226 -0.00022861 -0.000324605 2.93388e-05 -0.00159533 -0.000918122 -0.000184317 2.63885e-06 6.39699e-05 -0.000852448 -8.53219e-06 1.86602e-06 2.79781e-06 3.06486e-06 5.17698e-07 2.33908e-06 -0.00156876 -0.00242882 3.69649e-05 7.92932e-05 3.71411e-05 0.000426366 3.271e-05 8.20652e-05 0.000486196 -0.00140112 7.19753e-07 -4.87126e-05 -0.000514252 -6.44683e-06 -0.000254792 -2.76112e-05 5.88718e-07 -3.92147e-06 2.25943e-05 -3.30248e-07 -0.000232587 7.60946e-06 -3.06848e-07 -7.16897e-05 0.000728865 -0.0011163 5.97341e-06 0.00045597 0.000602846 3.57493e-06 -9.02886e-06 -5.18728e-06 0.000106635 8.14496e-06 2.68004e-06 -0.000314504 9.22315e-06 0.000493374 0.000106758 1.40665e-05 5.83431e-06 -0.000550978 0.0001175 -6.96166e-05 1.00783e-05 -2.65622e-05 -6.92474e-07 9.82569e-05 4.67682e-06 0.00139153 3.10001e-05 2.02154e-05 1.84517e-05 -0.000101373 -1.9457e-07 -7.75265e-05 3.51712e-05 1.01257e-05 8.97839e-05 
-0.00134735 -6.24542e-06 8.83157e-05 4.87403e-05 -0.000112631 0.000132413 -0.00107555 0.000471965 0.00101215 3.43211e-06 0.00621538 -0.000354733 6.79289e-06 0.000217746 -0.000262538 -0.000157481 0.000597988 0.000308182 -0.00102409 8.03787e-05 0.000526319 -2.05411e-05 -0.00121666 0.00137568 -8.35425e-05 -0.00126617 0.000263108 0.00038698 0.000391597 -0.00141314 -0.00114755 0.000540197 3.40771e-07 0.00132906 3.32469e-05 5.96722e-05 5.78208e-06 4.12606e-05 5.54773e-05 1.4367e-05 1.51518e-05 -0.0010804 -0.00138489 6.22474e-05 0.000655501 0.000129437 7.25686e-05 2.12594e-05 6.84994e-05 -0.000498616 -0.000416044 7.53345e-05 -7.45343e-05 -0.00111583 2.88581e-05 6.36087e-05 0.00020308 5.26638e-05 2.1434e-05 4.10652e-05 5.96015e-07 -3.18831e-05 1.2699e-05 2.08173e-05 5.10958e-05 7.39384e-05 -0.00232269 5.73993e-06 0.00130248 0.000166411 4.37765e-06 0.000110006 3.55824e-05 -0.00032276 1.85225e-05 3.7012e-05 -0.000261229 1.60378e-05 -7.4301e-05 -2.21126e-05 0.000160875 -7.57636e-06 -0.000535034 0.000208497 -0.000545548 2.56343e-05 -6.78206e-05 1.14035e-07 0.000122292 -2.81483e-06 -0.000453767 -1.06794e-06 0.000179328 4.99823e-06 0.000193705 5.07931e-06 0.000298265 -6.3097e-05 1.6726e-06 -2.82973e-06 
-0.00543014 4.35612e-06 0.00168538 -0.000270479 0.00403627 -0.000328975 0.00737122 -0.00612309 -0.00202905 0.00042711 -0.000354733 0.0607255 5.53548e-05 5.11137e-05 -0.000225644 0.0110035 -0.000516175 -0.00150691 0.00437607 -0.000157603 -0.00263367 -0.00276465 0.0244168 -0.0200685 -0.00350086 0.00119613 -0.00247748 -0.019023 0.0001235 0.00247869 -0.00119057 0.0029259 -3.70276e-06 -0.00188312 -0.011765 0.000277908 0.000472522 1.50371e-05 -8.73018e-05 0.000978621 -5.79774e-05 -0.0184217 0.00145441 -0.000202473 -0.00220032 -6.55884e-05 -0.00338285 0.000148383 0.000265725 -0.00459291 -0.00846755 -0.000181363 -0.000747517 0.0067287 -0.000108567 -0.00256125 -0.00130415 -5.36694e-05 -2.39085e-05 0.00301586 2.51205e-06 -9.24277e-05 0.000848223 -3.9718e-06 -0.000762595 -0.00188195 0.0137172 8.40295e-05 -0.0189071 -0.00511922 -1.52722e-05 2.74697e-06 -4.71843e-05 0.00264363 3.61589e-05 0.000784612 0.00171461 1.36896e-05 -0.000484482 0.000538558 9.15665e-05 0.000334054 0.0085964 -9.48022e-05 0.000409488 -2.86305e-05 0.00149743 0.000102607 6.25045e-05 -1.04023e-05 -0.0150229 3.74503e-06 -0.000430868 5.06409e-06 -0.000682196 3.9986e-06 -0.00226088 0.00492795 7.32463e-05 -0.000170647 
-0.000120019 2.22618e-06 1.31016e-05 6.46783e-06 4.90939e-05 -9.28873e-06 1.47159e-05 5.50334e-05 -6.32032e-06 7.816e-06 6.79289e-06 5.53548e-05 0.000661555 1.7013e-05 -8.02101e-05 -2.36338e-05 1.14859e-05 5.99302e-05 -4.1773e-05 7.29384e-06 5.21242e-06 -2.10395e-05 0.000203483 -6.05111e-05 -3.98619e-05 3.10273e-06 -3.91684e-05 -0.000235685 -8.18908e-06 9.61369e-05 -6.11386e-05 -3.12789e-05 7.89362e-07 1.67722e-05 -0.000134017 5.72375e-06 1.35222e-06 1.76024e-06 1.68962e-05 1.79426e-06 4.01881e-06 -0.000200894 -1.32649e-05 9.59608e-07 -8.78078e-06 -4.08228e-08 -2.62864e-05 -3.38467e-07 1.97388e-07 0.000106025 -0.000208222 -1.41064e-06 -6.17739e-06 -0.000114481 4.65089e-06 5.77882e-06 1.75501e-05 8.21759e-06 6.11866e-07 1.03633e-05 8.07811e-07 -3.07359e-05 -3.11894e-06 1.44435e-07 -2.3004e-06 1.51649e-05 -0.000239116 5.3737e-06 -6.47949e-05 0.000192768 1.10076e-07 1.13757e-05 2.12694e-06 -3.37682e-05 1.01299e-06 7.32791e-06 -5.18098e-05 1.56706e-07 -3.92171e-05 1.8175e-06 4.85155e-06 1.39844e-05 0.000314447 3.05026e-05 -9.03891e-05 3.91002e-07 -3.71744e-06 8.60087e-07 3.4259e-05 5.5835e-07 -6.51377e-05 3.37001e-06 -2.51271e-06 1.73023e-06 -2.00504e-06 2.72029e-06 3.51118e-06 -6.52929e-06 -3.3083e-07 -1.13829e-06 
-0.000256215 1.67413e-06 0.000248677 3.92144e-05 0.000274011 0.000218323 0.000798029 0.00024982 0.000349652 0.000114939 0.000217746 5.11137e-05 1.7013e-05 0.00296248 -0.00027082 -9.00553e-05 0.000554392 0.000735491 -0.00112645 2.91767e-05 0.000432907 4.79495e-05 -0.000317327 0.000194258 -0.000297228 -0.000745435 0.000102679 -0.000219488 2.40871e-05 -0.000159111 -0.000619733 0.000297588 7.17907e-07 0.000451225 -0.00120461 5.6138e-05 1.48384e-05 6.60418e-05 2.21072e-05 2.17145e-05 7.17647e-06 -0.000481754 -0.000607825 4.35294e-05 0.000247607 0.000137265 0.000254289 5.76458e-05 5.79266e-05 -0.00045332 -0.000703468 4.28207e-07 3.42335e-06 -0.00120276 2.49245e-05 4.01268e-06 -1.14782e-05 2.1152e-05 4.48647e-06 7.12319e-06 3.61963e-06 0.000330578 1.39422e-05 1.48141e-05 -3.17739e-05 0.000132984 -0.000706547 1.19027e-05 0.000324714 -0.000483809 4.92837e-06 0.000141896 5.94338e-05 -5.8752e-05 0.000107582 0.000100469 -0.000208363 8.66814e-06 -0.000193092 8.60681e-05 7.45327e-05 5.54238e-06 -0.000486888 6.76417e-06 -0.000390384 5.37873e-06 -2.40253e-05 1.01259e-06 -3.20826e-05 1.47048e-05 0.000221538 4.51548e-06 0.000170261 1.35853e-05 1.46131e-06 1.44609e-06 6.16928e-06 -2.28753e-05 1.95877e-05 5.25721e-05 
0.00346251 -4.47527e-05 -0.000228042 -0.000416977 -0.000457185 8.81231e-05 0.000930162 -0.000681891 -0.000672069 -0.000133867 -0.000262538 -0.000225644 -8.02101e-05 -0.00027082 0.0128123 -0.00200762 -0.00072014 3.88968e-05 0.000600784 -0.000877631 0.000243515 -0.00443479 -0.001146 0.00422705 0.000930002 0.00394242 1.7089e-05 0.00296488 -0.000981954 0.000556844 0.000637539 -0.00360645 -2.30536e-05 -0.000147164 0.00217357 -3.0092e-05 -0.000312046 -0.000104783 -0.000176762 -3.91268e-05 -4.62425e-05 0.00580055 0.00375995 6.93843e-06 -0.00554788 -0.000494503 -0.00359797 -0.000735292 -0.000414805 -0.00555972 0.00314055 1.45816e-05 7.19221e-05 0.000550595 -0.000189578 -0.000889805 -0.00177529 -8.32929e-05 -8.49271e-05 -0.000297558 -6.9149e-06 0.000673021 -1.65477e-05 -6.42448e-06 0.000124054 -0.000751454 0.00358142 -3.16172e-05 0.00145537 -0.00536271 -2.56367e-05 -0.000118662 -0.000548207 0.000224911 -0.000211222 -0.000331009 -0.000986036 -3.74806e-05 -0.00141069 -0.000396375 -0.000232058 -4.12612e-05 -0.00220523 -0.00029018 0.00106135 -3.9592e-06 -5.81068e-05 -2.33502e-06 9.28116e-05 -0.000276665 0.00100096 -3.05803e-05 -0.00205785 -0.000191851 -3.73562e-05 -4.25885e-05 -0.00126343 -0.000338089 -5.24192e-05 -2.12702e-05 
-0.0136059 1.89698e-05 0.00084831 -0.000442592 0.0126669 -0.000285768 -0.00504209 -0.00651436 -0.0016054 0.000588083 -0.000157481 0.0110035 -2.36338e-05 -9.00553e-05 -0.00200762 0.0661174 0.000322421 -0.0023168 0.0045128 -7.57572e-05 0.000211829 0.00197097 0.0262834 -0.0281463 0.00320535 -0.0106849 -0.00395285 -0.0130831 -0.000733529 -0.0139819 0.0046588 0.0144612 -4.89068e-06 -0.00168125 -0.020258 -0.000364365 0.000159707 4.5558e-05 -0.000225565 0.000124275 0.000182891 -0.0251796 -0.0193769 2.95009e-05 0.00723845 0.000290406 -0.00119867 0.000569191 0.000542751 0.0149735 -0.00509286 -0.00019393 -0.000770648 0.0114198 -0.000139983 -0.000986049 -0.000866752 -0.000185767 0.000189466 0.00904497 -5.26667e-06 -0.0035687 0.000246485 2.52824e-05 -0.000325482 -0.00246932 0.00126131 -2.53307e-05 -0.0263727 0.00840487 4.36162e-05 0.000412492 0.000365706 -0.00174455 9.93957e-05 -0.000176985 0.00536112 4.88186e-05 0.00692248 0.000492782 0.000260189 -1.63631e-06 0.00346199 0.000262986 0.000746681 4.22071e-05 0.000272443 1.25858e-05 -0.000171151 7.29217e-05 -0.0134096 9.17514e-05 0.00406875 5.37129e-05 -0.00131119 -8.06295e-07 0.00112617 0.00333723 -1.55824e-05 -0.000300826 
-0.00341406 5.3296e-07 8.34969e-05 -9.56345e-05 -0.000692677 -3.40488e-05 -0.00106415 -0.00073773 0.00474023 0.000211985 0.000597988 -0.000516175 1.14859e-05 0.000554392 -0.00072014 0.000322421 0.019287 0.000935143 -0.00188195 0.00161103 0.0036025 0.00181159 -0.00206623 -0.00293601 0.000845642 -0.00689161 -0.000853824 0.00267854 0.000541074 -0.00266109 -0.00268474 0.00369223 1.52973e-06 0.00250476 -0.00440098 1.95938e-05 8.84659e-06 4.52295e-05 -3.33e-06 3.62112e-05 1.98475e-05 -0.00290147 -0.00322008 2.05731e-05 0.000228845 0.0002599 0.00220978 0.00012386 0.000110754 0.000968675 -0.00164125 1.50679e-05 0.00068085 -0.00389605 9.80568e-05 -0.000499568 0.000428 -1.05101e-05 1.45151e-05 0.00208157 2.7854e-06 -0.000459455 -8.76284e-05 4.16361e-05 -0.000159273 0.000872122 -0.00536253 1.62444e-06 0.00100485 -0.00300831 1.26515e-07 0.000226133 7.07929e-05 0.000775118 5.85402e-05 -1.70064e-05 -0.00133077 8.38867e-05 0.00257427 3.63725e-05 0.000148473 3.70203e-05 -0.00209214 -0.000120034 -0.000419047 4.39283e-06 0.000219136 -2.12365e-07 0.000368983 9.28825e-05 -0.00171225 9.06703e-05 0.00070679 -7.51862e-07 0.000105046 1.62075e-06 -0.00015178 -0.000328463 4.02956e-05 0.00010557 
0.0052207 1.26505e-05 0.000304915 0.00104875 -0.00108562 0.000886347 0.00817734 0.01461 0.000248824 -0.000207514 0.000308182 -0.00150691 5.99302e-05 0.000735491 3.88968e-05 -0.0023168 0.000935143 0.0522396 -0.0286432 -5.4347e-06 -0.00284454 -0.00375256 -0.00757066 0.0105765 0.00331913 -0.0065585 -0.00127736 -0.00306017 -0.00100287 0.0136368 -9.43609e-05 -0.000776287 1.56458e-06 0.00487417 -0.00777646 0.000720605 -2.02808e-05 0.000155925 0.000685594 3.98118e-05 -3.06513e-05 0.00459497 0.00203057 0.000887237 -0.00443584 -2.94418e-05 -0.00434697 -2.03936e-05 -0.000140594 -0.016179 -8.22845e-05 0.000253671 -3.25373e-05 -0.0152788 0.000301044 0.00290766 6.18463e-05 0.000415133 -3.99629e-05 -0.00132991 1.78624e-05 0.00440584 1.05159e-05 2.9599e-05 9.96367e-05 -0.000519739 -0.0134375 5.46592e-05 0.00694504 -0.00969621 0.000105417 0.000489116 2.48985e-05 3.30748e-05 7.28369e-05 0.00294115 -0.00400021 -8.49379e-07 -0.0050123 8.38132e-05 0.000258198 -3.99283e-05 0.0125544 -0.000253975 -0.00641197 -2.01974e-05 -0.000102309 0.00015473 -0.000236116 -1.58325e-05 -0.00757772 0.00020094 -0.00018901 3.54772e-05 0.000528238 1.30867e-05 -0.00135612 -0.000401709 6.39299e-05 0.000306253 
-0.0163696 2.91801e-06 0.000332794 -0.00280146 -0.00079613 -0.00234787 -0.0115574 -0.0291968 -0.00825332 -2.79431e-05 -0.00102409 0.00437607 -4.1773e-05 -0.00112645 0.000600784 0.0045128 -0.00188195 -0.0286432 0.103346 -0.000362861 0.00617978 0.00653883 0.0254207 -0.0331837 1.50502e-05 0.00939579 0.00121423 -0.0111102 -0.00478384 -0.0201834 0.0149673 0.0033481 -8.78661e-06 -0.00759721 0.00826187 -0.000803201 -0.000176166 -0.00023875 -0.00112205 -0.000155101 -5.5703e-08 -0.0128201 -0.00637172 -0.0013632 0.00630426 -0.000415903 0.00904335 -3.90607e-05 0.000239843 0.0167006 -0.0010212 -0.00183919 -0.000400115 0.029583 -0.000691232 -0.0106336 -0.0012014 -0.00103511 1.86092e-05 0.00127855 -4.72215e-05 -0.0247163 3.38298e-05 -0.000121616 -0.000384978 -0.00360196 0.0243007 -5.71861e-05 -0.0259322 0.0129539 -1.81988e-05 -0.000550999 -0.00024834 0.00326412 -0.00018113 -0.00336427 0.00467125 -0.000280637 0.00462769 -0.000158955 -0.000446221 4.51259e-05 -0.0132513 0.000449631 0.0100612 1.56851e-05 0.000602571 -9.05624e-05 -0.00224841 -0.000161098 -0.0107746 -0.000322911 0.000656421 -0.000113028 -0.00189294 -1.68818e-05 -0.00223567 0.00100868 -0.00046946 -0.00106021 
-0.0008265 3.43878e-06 -5.72987e-05 0.000198115 -0.000160673 -0.000119533 0.00268202 -0.000904811 0.00132623 0.000229367 8.03787e-05 -0.000157603 7.29384e-06 2.91767e-05 -0.000877631 -7.57572e-05 0.00161103 -5.4347e-06 -0.000362861 0.0157795 0.00384896 0.00497257 -0.00287839 -0.0019108 -0.00583885 -0.00346059 -0.000489648 0.00320935 0.000661623 -0.0042241 -0.00350915 -0.000785733 4.52622e-06 -8.26799e-05 -0.00150215 -4.64338e-05 4.87112e-06 3.70963e-05 2.12492e-05 -1.70898e-05 1.1253e-06 -0.0030637 -0.00599191 3.16095e-06 -0.000366974 1.93897e-05 0.00188909 0.00014702 0.000135786 0.00281984 -0.00460939 0.000160297 0.000133437 -0.00785582 4.0435e-05 0.000914769 0.000258224 4.39152e-05 -8.02148e-07 0.000606708 -1.32142e-06 -0.000882743 -5.41083e-05 3.21198e-05 9.5509e-05 0.0022907 -0.00627032 -2.2409e-05 0.00428393 0.000246138 -7.13847e-06 -3.13939e-05 4.29724e-05 0.000485982 2.70244e-06 3.95423e-05 -0.000902303 3.21103e-06 0.00620421 9.8204e-05 4.48584e-05 2.6295e-05 -0.000524761 -0.000114415 -0.000826546 7.32963e-06 -2.20425e-05 -1.24769e-05 3.94761e-05 0.000159877 0.00420673 0.00012694 -7.31095e-05 4.80382e-05 -0.000170487 2.49718e-05 -0.00022954 -9.86464e-05 9.65559e-05 -6.02033e-05 
-0.020781 -7.35546e-05 0.00126762 -0.000192477 -0.00274693 0.00236938 -0.00836672 0.0033283 -0.00107775 0.00125065 0.000526319 -0.00263367 5.21242e-06 0.000432907 0.000243515 0.000211829 0.0036025 -0.00284454 0.00617978 0.00384896 0.0909512 0.00877704 -0.00737015 0.0081211 -0.0160036 -0.0123638 -0.00246675 0.008263 0.000371353 -0.0185508 -0.0185413 -0.0035389 1.58519e-05 0.0040423 -0.00207615 -0.000434165 -5.77532e-05 2.10532e-05 -0.000124961 -0.000211501 8.93439e-05 -0.00711902 -0.00543834 0.000127173 -0.00486759 0.000147842 -0.0022435 0.000370747 0.000278817 -0.000268653 -0.00083808 -0.000303391 0.00114321 -0.0079823 0.000394587 -0.00176417 -0.00027211 -7.47849e-05 -7.02817e-05 -0.00124586 -4.93081e-06 -0.00381863 -0.000136571 0.000104062 -0.000195863 0.000646571 -0.011997 -0.000110708 0.0194468 -0.00838051 -3.95935e-05 0.000159711 -1.31401e-05 0.0026182 4.88046e-06 -0.00122506 -0.00572194 1.00796e-05 0.00882252 -8.78618e-05 0.000165042 -0.000129279 -0.00416551 0.000221199 0.000168204 0.000147829 -0.000151812 -1.77808e-05 -0.000583662 2.88899e-05 0.0106418 0.000216153 -0.00040876 -2.42054e-05 -0.000508621 3.28087e-05 0.000736973 0.000103328 0.000104791 -9.53263e-05 
-0.00246824 -2.18841e-05 0.000117458 -0.000442697 -0.00312262 -0.00121987 0.00856698 -0.00539262 -0.00171689 3.19858e-06 -2.05411e-05 -0.00276465 -2.10395e-05 4.79495e-05 -0.00443479 0.00197097 0.00181159 -0.00375256 0.00653883 0.00497257 0.00877704 0.0746939 -0.0140963 -0.0119525 -0.0308071 -0.00638737 -0.00295948 -7.12179e-05 -0.000875539 -0.00552436 -0.0200692 0.00136301 1.05713e-06 -0.00143524 -0.0121469 4.74436e-05 2.43625e-05 1.68903e-05 -0.000179525 -0.000151541 7.42806e-05 -0.0126233 -0.0218039 -5.54058e-05 0.0104031 0.000566003 0.0149464 0.000490617 0.000964861 0.0296433 -0.00894456 -0.000516643 -0.00104363 -0.00420667 -2.20357e-06 -0.000133022 0.00595199 6.83708e-05 0.00014163 0.00169231 -7.4645e-06 -0.00530008 -0.000147655 -2.62063e-05 -0.00105447 0.010585 -0.0216284 -0.000128241 0.00016496 0.00395023 -2.71169e-05 -0.000216899 0.000678772 -0.00128394 3.17433e-05 -0.000267216 -0.00392949 -2.06755e-05 0.0104576 0.000647894 0.000163186 -9.77374e-05 -0.00457717 0.000490273 -0.000897822 -1.00471e-05 -0.000447962 -5.57126e-05 -5.57571e-05 0.000134015 0.00887039 0.000132273 0.00608246 8.19528e-05 -0.000913907 6.05651e-05 0.00686597 -0.000996845 -6.79522e-05 0.000229208 
-0.0378301 0.000199383 0.0011152 -0.00128922 0.0029974 -0.00060391 -0.0134587 -0.0235415 -0.0109805 0.00058322 -0.00121666 0.0244168 0.000203483 -0.000317327 -0.001146 0.0262834 -0.00206623 -0.00757066 0.0254207 -0.00287839 -0.00737015 -0.0140963 0.202464 -0.0849363 0.0671162 0.000469043 -0.010752 -0.0863066 -0.00337232 -0.013791 0.0660373 0.0235493 7.71525e-06 -0.00588986 -0.00545579 -0.000911078 0.000390797 -9.96158e-05 -0.000892873 0.000401181 0.000164709 -0.0411322 -0.0123944 -0.00106521 -0.00101374 -0.000603415 -0.0115111 -8.92417e-05 8.71528e-05 0.0132788 -0.00725937 -0.00139097 -0.000755049 0.038122 -0.000443125 -0.0122279 -0.00344197 -0.000608312 -0.000104172 0.00757638 -2.25935e-05 -0.0167426 0.000521259 4.02591e-05 -0.00187051 -0.00701394 0.052604 -5.49239e-06 -0.0873419 0.019005 0.000300756 0.000791445 -0.000307379 -0.00761733 -1.43751e-05 -0.00160839 -0.00146925 -8.38008e-05 -0.00472663 -0.000327129 -0.000113323 0.000890342 0.040888 0.00323748 0.00203943 -0.000105078 0.0029435 4.4027e-05 -0.00240482 -0.000186424 -0.0566036 -0.000200722 -0.00185736 -2.82322e-05 -0.0029434 1.01464e-05 -0.00593444 0.00745853 -0.0002526 -0.00106372 
0.00538242 -0.0005225 -0.000937632 -0.0005637 0.000227704 0.000915151 -0.0101441 0.0199401 0.0104509 -0.000351858 0.00137568 -0.0200685 -6.05111e-05 0.000194258 0.00422705 -0.0281463 -0.00293601 0.0105765 -0.0331837 -0.0019108 0.0081211 -0.0119525 -0.0849363 0.249191 -0.0541753 0.0287367 0.0115343 0.0555582 0.00682205 -0.0267777 -0.0655184 -0.0298025 -1.36971e-05 0.00973714 0.0274879 0.000624687 -0.00050826 4.59023e-07 0.000790205 -0.000798536 -0.000390461 0.0577175 0.00326135 0.000562835 -0.0198525 -0.000172554 -0.0216808 -0.000984846 -0.00108794 -0.0586574 0.00971417 0.00138963 -0.00681941 -0.00716722 0.000561148 -0.0138134 -0.00558808 0.000994472 -0.000300852 -0.0106684 -7.58951e-06 0.0258701 0.00084079 -0.000167182 0.00227347 0.00230821 -0.0311163 0.000312193 0.0953902 -0.0449177 -0.000314009 -3.85868e-05 -0.000534869 -0.0232217 -0.000268073 0.00170962 -0.00654421 1.50857e-06 -0.0172281 -0.00154478 1.71174e-05 -0.00113659 -0.0475315 0.000313126 -0.00215082 -3.88448e-07 -0.00260943 -0.000219363 -0.00498373 -4.33824e-05 0.0605454 -8.69472e-07 -0.00599028 -0.000243111 0.0018417 -4.42839e-05 -0.00147921 -0.0062085 -8.57988e-05 0.00160522 
-0.0227812 0.000344017 -0.000412681 -0.00181353 -0.000139135 0.00121759 -0.0186234 -0.00921323 -0.010071 -0.00200458 -8.35425e-05 -0.00350086 -3.98619e-05 -0.000297228 0.000930002 0.00320535 0.000845642 0.00331913 1.50502e-05 -0.00583885 -0.0160036 -0.0308071 0.0671162 -0.0541753 0.249986 -0.0278672 -0.00408787 -0.044232 -0.00324733 -0.0273736 0.0840102 0.0203475 -8.10463e-06 0.00243808 0.00387836 -0.000698454 0.000652267 -7.80833e-05 -0.00113541 0.000180223 -3.81867e-05 -0.00679588 0.0232886 -0.000754647 -0.000534736 -0.000258214 -0.0197031 -0.000840744 -0.00101028 -0.033625 0.00591663 -0.000414558 0.00399145 0.0100741 -0.000480857 0.0108014 -0.00563724 -0.00115518 -0.000152058 -0.00599986 1.12607e-05 -0.00534792 -0.000600647 6.66211e-05 0.00157405 -0.0138602 0.0727645 7.37983e-05 -0.0849039 0.000236313 -0.000143514 0.000173689 -0.000271271 0.0133121 -0.000112269 -0.00490483 0.0146227 -0.000156961 -0.0255588 -0.00138361 3.54997e-05 0.000704592 0.00126147 0.000922637 -0.00461698 -0.000122881 0.00159293 0.000191243 -0.00520345 -0.000341245 -0.0778789 -0.000302282 -0.00388585 -5.14951e-06 -0.00170753 -1.54951e-06 -0.00895156 0.00343454 -0.000272975 -0.00106772 
-0.00905321 -0.000160796 -0.000464063 -0.00293956 -0.00514939 -0.00571299 0.000995637 -0.00667292 -0.00824996 0.000394226 -0.00126617 0.00119613 3.10273e-06 -0.000745435 0.00394242 -0.0106849 -0.00689161 -0.0065585 0.00939579 -0.00346059 -0.0123638 -0.00638737 0.000469043 0.0287367 -0.0278672 0.123381 -0.000953018 0.0114049 -0.00477673 0.0121763 -0.013611 -0.0238177 -2.00628e-05 -0.00379356 0.0198903 0.000115128 -0.000402065 -0.000213802 -0.000136568 -0.000136534 -0.000319523 0.0143249 0.0135783 -0.000334421 -0.0134797 -0.00110783 -0.0111758 -0.00108578 -0.00101265 -0.0100149 0.00631758 -0.00114369 -0.00732349 0.0234042 -0.000384295 -0.0137453 -0.00695876 3.21147e-05 -9.94249e-05 0.000557895 -3.46386e-05 0.0036547 0.000187633 -0.000204671 -0.000757421 -0.000818893 -0.00220856 0.000172832 -0.00137816 -0.00432051 -5.6781e-05 -0.00144934 -0.000627362 -0.0113558 -0.000345475 -3.00953e-05 -0.0156331 -0.000122812 -0.00340914 -0.000652429 -0.000465804 0.000228665 -0.0140218 -8.43697e-05 0.00441416 -2.43695e-07 -0.00268955 -0.000262776 0.00141006 -0.000425922 0.0161437 -0.000196013 -0.00337732 -0.000173664 0.000665883 -9.92147e-05 0.000892351 -0.00208642 -0.000432568 0.000310076 
-0.00276194 -3.66158e-05 0.000395553 -0.000257053 0.00109434 0.000530145 0.00598681 -0.00480694 -0.000263371 -0.00022861 0.000263108 -0.00247748 -3.91684e-05 0.000102679 1.7089e-05 -0.00395285 -0.000853824 -0.00127736 0.00121423 -0.000489648 -0.00246675 -0.00295948 -0.010752 0.0115343 -0.00408787 -0.000953018 0.0823568 0.000791967 0.0012704 -0.0160274 -0.00570298 -0.0026525 2.52303e-06 -0.000171049 0.00745946 -0.000424318 0.000192629 -8.01819e-07 0.000217728 -9.49458e-05 -0.000106667 0.00672031 -0.0286481 -0.000168693 -0.00245595 1.38865e-05 -0.00521175 -3.59689e-05 -0.00012908 -0.010631 0.000841327 -0.000220351 1.63122e-05 -0.00843348 0.000388288 -0.000929305 -0.00207085 0.000151061 -5.43579e-05 -0.00395661 5.70039e-06 0.00267238 -0.000272329 1.32071e-05 0.00130088 -0.000306664 0.011739 0.000161732 0.00773527 -0.00477292 -5.8257e-05 0.000232548 -3.02318e-06 -0.000152966 4.04977e-05 -2.66794e-05 -0.00355201 4.18065e-06 -5.45959e-05 4.89753e-05 -8.58813e-05 -0.000255392 -0.0156566 -0.000228314 -0.00127029 -3.42917e-05 0.000209953 -7.08676e-05 -0.00121969 5.26387e-05 0.0128568 -4.81471e-05 -0.000922869 -3.00991e-05 -0.000894002 -3.51135e-06 -0.00121862 -0.000281336 -9.9182e-05 -0.000325946 
-0.00335417 -0.000375907 -0.00247589 0.000417468 -0.00726343 -0.000628641 -0.000659456 0.0134955 0.0116217 -0.000324605 0.00038698 -0.019023 -0.000235685 -0.000219488 0.00296488 -0.0130831 0.00267854 -0.00306017 -0.0111102 0.00320935 0.008263 -7.12179e-05 -0.0863066 0.0555582 -0.044232 0.0114049 0.000791967 0.201841 0.00254402 -0.0243736 -0.0414316 -0.0239685 -6.23265e-07 0.00417193 0.00431937 -0.00164154 -0.000816647 -6.32166e-05 0.000477707 -1.3053e-06 -0.000650201 0.0464802 -0.00380859 -0.000216359 -0.00326808 0.000167748 0.00735683 -0.000557493 -0.000458155 -0.0204707 0.00333524 -0.000169276 -0.00284255 -0.0365848 0.000127109 -0.000998953 -0.00324937 1.24845e-05 -9.57817e-05 0.00707866 -2.3299e-05 0.0083366 -0.00204912 -1.55035e-05 0.000301267 -0.00215788 -0.0314992 -0.00073901 0.0598052 -0.0284157 -0.000349632 -0.00132672 -0.000526436 -0.00242994 -0.000179039 0.00183733 -0.00902209 4.93711e-05 0.0127347 0.000408643 -0.000203966 -0.0013438 -0.0501431 -0.00237152 -0.000458087 0.000105937 -0.00303465 -0.000521905 -0.00152961 1.57876e-05 0.043774 0.000155624 -0.00204463 -1.75665e-05 0.00197669 -5.26947e-05 -0.00815022 -0.0104893 -4.62975e-05 -0.000974402 
0.000112898 -3.07452e-05 -6.01794e-05 -3.31399e-05 -0.00108718 -0.000215463 -0.00373673 -0.00137211 0.0030059 2.93388e-05 0.000391597 0.0001235 -8.18908e-06 2.40871e-05 -0.000981954 -0.000733529 0.000541074 -0.00100287 -0.00478384 0.000661623 0.000371353 -0.000875539 -0.00337232 0.00682205 -0.00324733 -0.00477673 0.0012704 0.00254402 0.0243644 -0.00699924 -0.00344546 -1.9686e-05 1.34272e-06 -0.00045852 -0.00156643 -0.000126785 8.57379e-05 4.11139e-06 -2.44855e-05 5.04389e-05 3.61245e-06 0.00158299 -0.00555249 -9.34879e-05 0.000824186 1.90257e-05 -0.00161329 -2.55069e-05 2.38305e-05 0.00406121 -0.0014211 6.31888e-05 -0.000293658 -0.000277928 1.03612e-05 0.000622128 0.000142699 7.62756e-05 -1.55197e-05 -0.000854642 9.17563e-08 -0.000689834 4.625e-05 7.57485e-06 2.4154e-05 -0.000136583 -0.00223025 2.02403e-06 0.00330852 -0.00206128 -1.59651e-05 3.88122e-06 3.30111e-05 -0.000966553 5.3549e-06 -0.000264062 0.00243698 0.000131229 0.000586677 -6.97764e-05 2.34295e-05 -7.47477e-05 -0.00398549 9.67278e-06 0.000401614 -4.00022e-06 0.000534558 -2.724e-05 -0.00024405 0.000226665 0.00253533 6.77145e-06 -0.000261841 8.09606e-06 -0.000269596 -3.02386e-06 0.00127303 0.000969506 4.77503e-05 -4.51536e-05 
0.00242253 0.000130609 -0.000801136 0.00333866 -0.00911376 -0.000957919 0.0161446 0.018349 -0.0126368 -0.00159533 -0.00141314 0.00247869 9.61369e-05 -0.000159111 0.000556844 -0.0139819 -0.00266109 0.0136368 -0.0201834 -0.0042241 -0.0185508 -0.00552436 -0.013791 -0.0267777 -0.0273736 0.0121763 -0.0160274 -0.0243736 -0.00699924 0.232711 -0.0135488 -0.0172085 -2.359e-05 -0.00293284 -0.00917168 0.00174596 -0.000834954 -9.54986e-05 1.3168e-05 0.000269637 -0.000160029 0.0048627 0.0805553 0.000332048 -0.0131774 -0.000597781 0.0107136 -0.000324294 -0.000809769 -0.0113703 0.0011854 0.000441678 0.000380765 -0.0138221 -0.000262475 0.00837131 0.00396899 0.000464499 -0.000230048 -0.00253698 3.709e-05 -0.00762 0.000186895 -1.20365e-05 0.000526153 0.00378149 -0.00608418 -0.00024578 -0.037551 -0.0150095 0.000207569 -0.000480383 -0.000174157 4.24451e-05 -0.000195451 0.000228802 -0.0188052 -3.32769e-05 -0.0279847 0.000640744 -0.000317254 -4.9562e-05 0.0368736 -0.00137308 -0.00573331 -0.000131171 -0.000459419 0.000169324 0.0055803 -0.000170767 -0.0377264 -0.000184115 -7.46772e-05 3.15425e-05 -0.0017215 -1.68949e-05 -0.0037161 -0.00385766 8.35923e-05 0.000243853 
0.0297589 0.000225204 0.000134105 -0.00112835 -0.0140815 3.14399e-05 -0.0199377 -0.0228994 -0.00850873 -0.000918122 -0.00114755 -0.00119057 -6.11386e-05 -0.000619733 0.000637539 0.0046588 -0.00268474 -9.43609e-05 0.0149673 -0.00350915 -0.0185413 -0.0200692 0.0660373 -0.0655184 0.0840102 -0.013611 -0.00570298 -0.0414316 -0.00344546 -0.0135488 0.201132 0.0109624 1.31337e-05 -0.00233176 0.000886147 -0.000538858 -0.000134621 -4.85435e-06 -0.000879212 0.000427738 -0.000273695 0.00157531 0.0158177 -0.000655849 -0.0099827 -0.000511472 -0.0126742 -0.000606127 -0.000245014 -0.049279 -0.00290904 -3.3656e-05 0.00415378 0.0117626 -0.000403612 0.002526 -0.00801142 -0.000599443 -9.41131e-05 -0.00739623 -2.11718e-06 -0.00865124 -0.000605164 -7.90948e-05 -0.000336729 -0.011016 0.0595811 -0.000157121 -0.0647409 -0.00646088 3.25432e-05 0.000102505 -0.000271137 0.00917333 4.56194e-05 -0.00259084 0.0188087 -0.000138971 -0.0179154 0.000139244 -0.000223121 0.000741612 -0.0135231 0.000182648 -0.00729254 -8.26586e-05 0.00160868 -8.51101e-05 -0.00531435 -0.000194177 -0.0384796 -0.000340559 -0.00283348 3.34009e-05 0.000374634 -2.96478e-05 -0.00680143 0.00536946 -0.000298798 -0.00123201 
-0.0223262 0.000113443 3.9709e-06 -0.000568218 0.00228223 0.00242474 -0.00380456 -0.00502689 0.00229633 -0.000184317 0.000540197 0.0029259 -3.12789e-05 0.000297588 -0.00360645 0.0144612 0.00369223 -0.000776287 0.0033481 -0.000785733 -0.0035389 0.00136301 0.0235493 -0.0298025 0.0203475 -0.0238177 -0.0026525 -0.0239685 -1.9686e-05 -0.0172085 0.0109624 0.0744611 1.60787e-05 0.00136543 -0.0124525 -0.000414943 0.000407071 8.82652e-05 -1.62146e-05 0.000110557 0.000208909 -0.0453562 -0.0297525 -0.000253141 0.0240698 0.000592667 -2.77864e-05 0.000322322 0.000486975 0.0184724 -0.00124904 -0.000187747 -0.000869104 0.00472736 -4.12647e-06 -0.00249243 -0.00116723 -0.000106763 0.000375653 0.00546766 -1.57967e-06 -0.00423631 -0.000118218 6.53463e-05 -0.000321874 -0.00314241 0.00202465 6.53024e-05 -0.0180031 0.0236037 0.000145744 0.000345875 0.000463768 -0.00327244 0.000275189 -0.000245165 0.00261464 2.43157e-05 0.000365256 0.000361046 0.000239869 -0.000151551 0.0127537 0.000379025 0.00167695 -2.42235e-05 0.00034475 0.000103116 0.000534926 0.000174287 -0.0163046 5.20018e-05 0.0058617 5.1846e-05 -0.000778353 4.92485e-06 0.000287085 0.00650087 0.000104062 -0.000136668 
-2.60375e-05 2.29928e-07 4.01252e-07 4.34153e-06 -3.02139e-06 -1.11961e-06 -7.13542e-06 7.74581e-06 -6.49784e-07 2.63885e-06 3.40771e-07 -3.70276e-06 7.89362e-07 7.17907e-07 -2.30536e-05 -4.89068e-06 1.52973e-06 1.56458e-06 -8.78661e-06 4.52622e-06 1.58519e-05 1.05713e-06 7.71525e-06 -1.36971e-05 -8.10463e-06 -2.00628e-05 2.52303e-06 -6.23265e-07 1.34272e-06 -2.359e-05 1.31337e-05 1.60787e-05 0.00010166 9.01708e-06 5.16522e-06 -1.36867e-07 5.14941e-07 3.09104e-07 2.45752e-06 8.31721e-08 -5.01688e-08 -2.31282e-05 -2.15424e-05 -5.54568e-07 5.80938e-06 6.71572e-07 -4.20239e-06 -1.73948e-07 2.21889e-07 -2.9673e-06 -1.79677e-05 2.22503e-06 1.89017e-06 -3.70135e-05 3.33131e-07 8.59031e-06 -1.90611e-06 -8.70668e-08 2.46113e-07 -2.12614e-06 2.8151e-08 -4.59037e-06 -2.58202e-07 3.98725e-07 3.23804e-07 5.33427e-06 -3.58585e-05 -1.68768e-07 1.21178e-05 1.27699e-05 9.55417e-08 -2.18362e-07 1.03982e-06 -4.49515e-06 7.70608e-07 3.35232e-06 -3.8091e-06 7.19067e-08 1.90537e-05 1.15945e-06 -4.59269e-08 -9.66385e-08 1.46653e-05 5.60367e-07 -1.41455e-05 -6.81727e-08 -2.25232e-07 1.65601e-07 -1.08661e-06 4.33401e-06 2.06151e-05 1.54599e-07 -5.86804e-07 4.76031e-07 7.2045e-07 2.70591e-07 -2.77514e-06 3.06277e-06 1.19633e-06 3.00112e-07 
