0.02822 0.00850175 0.00127383 -0.00212666 8.13109e-05 0.00152399 -0.00206331 -0.000985856 -0.00257729 -0.00176273 -0.00649136 0.000493391 -0.00298081 -0.00561642 -0.00188605 0.000143728 0.00136052 -0.00332079 0.00416152 -0.00124957 0.000759477 -0.00198767 -0.00315452 0.000939352 0.000845209 -9.79145e-05 -0.00455957 -0.000610591 -0.000312372 -2.55386e-05 -0.00495522 0.00377122 0.000175046 -0.000875532 0.00114256 -0.000595405 -0.000103387 3.04194e-06 4.00029e-05 -6.67251e-05 0.000482283 -0.000185884 0.00386584 -0.000992022 -0.000194738 -9.83154e-06 -0.00016741 -0.000105802 0.000423655 0.00246433 -0.000423618 -0.000852525 -0.000264594 -0.00209397 0.00134673 0.00123894 0.000630658 0.00327481 -0.000299275 -0.00391102 0.000773447 -0.00976336 0.00797586 0.000118443 -0.000934612 0.00581768 0.0019679 2.59546e-05 -0.00535026 6.84432e-07 0.000569148 0.00163876 0.000362159 -0.00273051 -0.000131546 1.71233e-05 -0.000289522 0.00151128 0.000241788 0.000412428 -4.9377e-05 0.000552303 -0.000747232 -0.00236973 -0.00193283 -0.0010592 0.000263826 -6.81624e-05 3.52942e-05 3.80668e-06 -0.00112473 -0.00304813 7.48546e-05 0.000465991 0.00118251 -0.00877012 0.00270112 0.000244172 0.00206534 9.027e-05 
0.00850175 0.195188 0.00915175 -0.0121931 0.0125452 -0.00153075 0.0189776 -0.00712767 -0.0155415 -0.040936 -0.0533023 0.000768531 0.000105103 -0.0109334 -0.0110789 0.00133427 -0.000612813 0.0193465 0.0324685 0.00920805 0.00556039 -0.0602608 0.0039302 0.0121356 -0.00140903 0.010653 -0.0145253 -0.0040739 -0.00531677 0.000105451 0.0239425 0.0227493 0.00327395 -0.000154376 -0.000214914 -0.00378853 -0.0013845 -0.00332652 -0.000303333 -0.00270014 -0.006648 -0.00115446 0.00102105 -0.000400248 -0.00790315 -9.12904e-05 0.00257909 -0.000237843 0.0144909 -0.00525294 -0.00896788 -0.00882171 -0.00044902 0.0153571 0.00617059 -0.00238874 0.0116578 0.0105385 -0.0018471 -0.0346872 -0.00288709 -0.0294641 0.0475328 0.00496705 -0.00739932 0.0078529 0.00519354 -0.000126126 0.00936247 -0.00389477 -0.0111917 -0.00150732 0.00942731 -0.0149632 0.00883875 0.000349769 0.000912634 -0.00907909 -0.000683933 -0.00293434 0.000665411 -0.0222762 -0.00660391 -0.0133539 -0.00219875 0.0213938 -0.00981614 -0.00343073 -0.000343436 -0.00137519 -0.00879851 -0.0317346 -0.00438487 0.000449035 0.00395923 -0.0619247 0.00739476 0.000205194 -0.000719404 0.000390251 
0.00127383 0.00915175 0.17227 0.0031781 -0.0029729 0.00142239 -0.0183366 0.00116585 -0.0404402 -0.0321088 0.00185159 -0.000941871 0.00666192 -0.0302272 -0.00783176 -0.00141108 -0.00249968 -0.011553 0.016468 0.00462276 0.00215802 -0.0273905 0.0224298 0.0113339 0.00990671 -0.000463377 -0.00539028 -0.00551142 -0.0156356 -0.000399396 0.0338294 0.011482 -0.000149147 0.0069145 -0.00106791 -0.0038283 -9.43349e-05 0.00127115 0.000154665 0.00825796 -0.0123335 -0.0018725 0.00225138 0.00549946 -0.0247291 0.000142796 -0.00199185 -0.000339354 -0.00281189 -0.00621763 -0.0186332 -0.0119921 -0.00240684 0.0252921 0.00106971 0.0116102 -0.00567023 -0.00316645 -0.0017444 -0.0102749 -0.00219895 0.0037872 0.0074971 -0.00166176 -0.00625734 -0.0127168 -0.0184182 -7.51135e-05 0.0296493 -0.00282449 -0.0415809 -0.00101957 -0.00577834 -0.0177593 -0.00804315 4.18051e-05 0.0129557 0.0171508 -0.00133264 -0.000810463 0.000188394 0.0108335 -0.00147302 -0.0141947 0.0226076 -0.0149296 0.000125146 -0.00202411 -0.000513795 0.000673662 0.0086626 -0.0114698 -0.00373613 -0.00132893 0.00220513 -0.0103622 -0.00169682 -0.000195814 0.00623708 0.000554018 
-0.00212666 -0.0121931 0.0031781 0.15069 -0.000227288 -0.000883051 -0.0148849 0.00116628 -0.02702 -0.0172557 0.0622437 -0.000518085 -0.0130913 -0.0567871 -0.0140391 0.000383934 -0.00112743 0.0151976 0.0367768 -0.0233528 -0.00545766 -0.0399369 0.00592305 -0.00403741 0.0292786 -0.0060798 -0.00917793 -0.00529881 -0.0177547 0.000915731 -0.0114132 -0.00983541 0.00131367 0.00694111 -0.00199445 -0.00375739 -0.000970466 2.40684e-05 -0.000304715 -0.00155285 -0.0144469 -0.00139773 -0.00462758 0.00380775 -0.0308363 1.18541e-05 -0.002982 -0.000363607 -0.00796622 -0.00464281 0.00400123 -0.00933165 -0.00126187 -0.0206604 -0.0053247 -0.00355792 -0.00671169 -0.0189479 0.00287812 0.0154405 -0.000271824 0.0293331 -0.0114253 -0.0019826 -0.0222022 -0.00474851 -0.00892346 -5.76372e-05 -0.0090517 0.00236489 0.0109554 -0.00386473 -0.00237438 0.040196 -0.000172115 -0.000227345 0.001372 0.020676 -0.000181825 -0.00488391 -0.000462808 -0.0202299 0.00896992 -0.0128834 0.066916 -0.000373807 0.00379734 -0.00105826 0.000169279 -0.000751889 -0.0035807 0.015901 -0.00228188 -0.00135919 -0.00479691 -0.00163017 0.0148101 0.000295938 -0.00175575 -0.000259166 
8.13109e-05 0.0125452 -0.0029729 -0.000227288 0.0594727 -0.000422434 0.000474357 -0.00185274 0.00121643 0.000315835 -0.00773402 0.000372718 -0.00210408 -0.00994617 -0.0030033 0.000949804 0.00146383 0.0042789 -0.00531471 -0.00624053 0.000343073 -0.00760297 -0.00584491 -0.00986207 0.0040627 -0.00075718 -0.00121462 0.000974893 0.000192624 0.000233726 0.00249807 0.0033264 0.00211655 0.00274032 -0.000820352 -0.00107414 -0.000182459 -0.000808802 -6.87326e-05 -0.000396179 0.00263797 -0.000807487 -0.000122317 -0.000790779 -0.0144232 6.00525e-06 -1.44036e-05 -0.000192005 -0.00568472 -0.00175777 0.00426623 0.0011203 -0.000632659 -0.00402383 -0.000986754 -0.000644691 0.00244677 -0.0064872 0.000999915 0.00239645 -0.000875327 -0.00300491 0.00239926 -0.000236815 -0.00502622 -0.000567447 -0.00339319 1.3219e-05 -0.00539915 -0.000609458 0.00417827 0.000373144 0.00268927 0.00179301 0.00387875 1.73927e-05 -0.00123223 -0.00415275 -0.000119086 -0.00171435 -7.53247e-05 -0.0090543 0.000679765 -0.00314779 0.00668605 0.00159267 -0.00130579 -2.03361e-05 0.000347326 -0.000220126 -0.00364536 0.0017787 0.00317233 0.000404397 -0.000155585 0.000650227 0.00798402 7.51937e-05 -0.00118468 -8.73444e-05 
0.00152399 -0.00153075 0.00142239 -0.000883051 -0.000422434 0.0130055 -0.000731136 -0.000363155 -0.00134031 -0.00182218 -0.000843596 7.58917e-05 -0.000464661 -0.00238108 -0.000257509 0.000266756 0.000277963 -0.000165015 0.00162401 0.00119814 0.000320591 -0.0025865 -0.000526386 0.00051215 -0.00156288 0.00010329 -0.00184115 -0.000116233 -0.000571862 4.36417e-05 -0.00364261 -0.000143764 0.000649389 -0.000140218 0.000288583 -6.49017e-05 9.35295e-05 0.000503808 6.95591e-05 0.000855643 -0.000542995 -9.62065e-05 0.00152204 -0.000841793 -0.00170272 1.49082e-05 -0.000162526 -2.23733e-05 0.00255285 0.0019719 0.00198931 -0.000293857 -0.000143961 -0.00149476 0.000201546 0.000236441 -0.000456108 0.0031181 0.000120647 -0.00199083 -8.96125e-05 -0.00101521 0.00249891 5.57222e-06 -0.00129391 0.000542487 -0.000418242 4.82625e-06 0.00142009 -0.000135025 -0.00349714 0.00133414 0.000589909 -0.000484363 -0.000208604 1.57139e-05 0.00211627 -2.84311e-06 9.8898e-05 -0.000265504 0.000270469 -0.001677 -0.000205747 -0.000978812 0.000407546 0.000287309 -4.33947e-06 2.53551e-05 6.20202e-05 2.40937e-05 0.000838416 0.000685315 -0.000110491 0.000210308 0.000231945 -0.00395244 -0.00159312 -3.82412e-06 -0.000174432 2.80054e-05 
-0.00206331 0.0189776 -0.0183366 -0.0148849 0.000474357 -0.000731136 0.139182 0.00397459 0.0212794 -0.0226987 -0.0179007 0.000438914 0.015683 0.00671573 0.00685196 -0.00075239 0.000126255 -0.015936 -0.0105927 -0.00032677 0.00761508 -0.017896 -0.00345495 0.00461934 -0.031769 0.00192597 0.00398736 -0.00274339 0.0255167 -0.000303173 2.57125e-05 -0.00653948 0.00140395 -0.000245761 0.00281411 0.00731481 -0.000149838 -0.00100063 -0.000189306 -0.00359722 -0.0043078 0.000428432 -0.00318874 0.00581003 -0.0263778 -1.38227e-05 0.00152744 -0.000135744 0.00465008 -0.00501897 -0.0019501 -0.00516482 0.00231643 0.0199338 0.00168636 -0.00647993 0.00670603 0.00244789 -0.00116098 -0.0154688 0.00250943 -0.0227837 -0.00420791 0.00447351 -0.00614067 -0.0049991 -0.0161363 0.000154863 0.00317548 -0.000336934 0.0122829 -0.000532094 0.00045962 -0.0121991 0.00866556 0.00042765 -0.000714403 -0.00197022 -7.12726e-05 -0.00397963 0.000148707 0.000100477 -0.00229643 0.00276525 0.00297816 0.0108241 -0.001905 -0.0016375 -0.000105711 -0.000391816 0.00633538 -0.00879654 -0.00293398 0.00367007 -0.000837884 -0.0248551 -0.0170151 -9.28616e-05 0.00310315 -0.000188553 
-0.000985856 -0.00712767 0.00116585 0.00116628 -0.00185274 -0.000363155 0.00397459 0.0359549 0.00283772 -0.00379002 0.00168651 0.000174913 -0.00296798 0.00292021 0.00319407 -0.000724311 0.000145162 -0.00759553 -0.000957115 0.000451259 -0.000499618 0.0070633 -0.0043279 -0.00289668 -0.00272014 -0.000463921 0.000448548 -0.000701274 0.00341948 2.30182e-05 -0.00125913 -0.0028647 -0.000437051 -0.000942564 -0.000320345 -0.000211345 0.000168915 -4.90919e-05 -6.68171e-05 -0.00097757 0.000284829 0.00022891 -0.00061189 0.00430926 0.00122012 7.77575e-05 -0.000146201 0.000394542 0.00605534 -0.00141177 -0.0018929 -0.00129407 0.000438129 -0.000419125 -0.000107648 -0.000623905 -0.000966378 0.000410013 -2.58002e-05 -0.00166595 -5.47757e-05 4.87418e-05 -0.00391879 -5.63743e-05 0.00113217 -0.00245402 0.00439258 9.01789e-05 -0.00477119 0.000495314 -0.00488819 -0.000856639 -0.000914555 0.00269432 -0.000492576 -3.82021e-05 -0.000404807 -0.00010739 0.000177667 0.00129972 -3.93769e-05 0.00277478 -0.000682687 -0.00161772 -0.00451098 -0.000296936 -0.000782048 0.000770688 -0.000118884 0.000240556 0.00461207 -0.00104965 0.000319668 -0.000295004 -0.000626609 -0.00345561 -0.00789143 -4.10349e-06 -0.0026212 -4.41399e-05 
-0.00257729 -0.0155415 -0.0404402 -0.02702 0.00121643 -0.00134031 0.0212794 0.00283772 0.179589 0.0238908 -0.0399951 -0.00121147 0.00730311 0.0537556 0.0152779 0.00643203 0.00273392 -0.0120292 -0.0434895 0.0159258 -0.00111587 0.0259895 -0.0107829 -0.0205509 -0.041611 -0.0031755 0.00339111 0.00381102 0.0309963 -0.000526023 -0.00367558 -0.0096455 -0.0022298 -0.0111935 -0.00228688 0.00924598 7.94646e-05 -0.00235987 -0.00030116 -0.00615257 0.0304577 0.000923554 -0.00238708 -0.00598489 0.00377814 -3.44403e-05 0.00408058 -0.00100053 0.00752423 -0.00311464 -0.00712016 0.0158951 0.00568929 0.0100625 0.00219619 -0.0101244 -0.00208028 0.0130075 -0.00170793 0.0149824 -0.00173702 -0.0131128 -0.012192 0.0015368 0.00137277 -0.00782915 -0.0261253 2.20404e-05 -0.0500248 -0.0033597 0.0189351 -0.00533025 -0.0062435 -0.0174018 -0.00199145 -0.000104314 -0.00968186 -0.0165017 -0.000642425 -0.00089045 -0.000135929 0.0131048 -0.00486571 0.0313186 -0.0504287 -0.00971775 -0.00178547 0.000112619 -0.000369283 -0.000331119 -0.000894555 0.0128681 0.00563544 0.000155376 -0.00532469 0.0233322 -0.0372304 -0.000378504 -0.00303573 -0.000273823 
-0.00176273 -0.040936 -0.0321088 -0.0172557 0.000315835 -0.00182218 -0.0226987 -0.00379002 0.0238908 0.174318 0.00643663 -0.000156606 -0.0167399 0.054297 0.0157909 -0.000707875 0.0046027 0.00275003 -0.0271438 0.00845632 -0.0061929 0.0855356 -0.0247377 -0.0172976 0.00458277 0.00132672 0.00257609 0.00369259 0.0164452 -0.000350855 -0.0198118 -0.0035859 -0.00258584 -0.00572932 -0.00346042 -0.00417869 0.00173099 0.000537087 -0.000164905 -0.00123154 0.00748004 0.00521206 0.0031329 -0.0146845 0.059112 -7.15758e-05 0.00106373 -0.000335612 -0.00541384 -0.000768546 -0.00430731 0.00991678 0.00120348 -0.0445172 -0.0055752 0.00373621 0.00906297 -0.00895433 0.00189395 -0.00530197 -0.00197405 -0.0337065 -0.026436 -0.00235159 0.0177524 -0.0190243 0.000954515 0.000313389 -0.0558229 -0.00159782 0.0187543 -0.00232186 -0.00560946 -0.00678617 -0.00716397 -0.000175282 -0.0113118 -0.0158153 -0.00115257 0.00847631 -0.000666617 -0.00433651 0.00462881 0.00606008 -0.0487667 -0.0127998 0.00547855 0.00121094 -0.000598391 0.000401489 -0.00493635 0.0013173 0.00862779 0.00256821 -0.00132939 0.0310516 -0.0069535 -5.40723e-05 -0.000278564 -0.000345616 
-0.00649136 -0.0533023 0.00185159 0.0622437 -0.00773402 -0.000843596 -0.0179007 0.00168651 -0.0399951 0.00643663 0.217188 0.000399318 -0.0147747 -0.0552067 -0.0127712 -0.00223279 0.000246291 0.00365304 0.0282519 -0.038032 -0.00924197 0.00793603 0.0168322 -0.0134113 0.0423178 -0.00239531 0.00463684 -0.0063028 -0.00577381 0.000630092 -0.0359768 -0.0156739 -0.000239921 0.00745026 -0.000809661 -0.00582672 -0.000461388 0.00364288 -0.000572584 0.00327714 -0.0158349 -0.00154474 -0.0043491 0.00220934 -0.0206712 0.000125484 -0.00378846 -0.00134059 -0.0236836 -0.00435505 0.0298979 -0.0162514 -0.00229088 -0.0379479 -0.00543729 -0.00118348 -0.0116072 -0.0408262 0.00093715 0.0143915 -0.00116029 0.00197629 -0.0299455 -0.00398222 -0.0261856 -0.00839051 -0.00838158 1.57196e-05 -0.000139906 -0.00244449 -0.00536702 0.00862438 -0.00534651 0.0478606 0.00329984 -0.000366684 0.00174115 0.0230302 -0.00049471 -0.00141949 -0.000446482 -0.0251191 0.0129986 -0.0159126 0.0650461 -0.00749052 0.0157584 0.0045405 0.00092566 0.00103785 0.0098816 0.0276939 0.00608995 0.000991821 0.00252979 0.0134891 -0.00844619 0.000294521 -0.0156658 -0.000280051 
0.000493391 0.000768531 -0.000941871 -0.000518085 0.000372718 7.58917e-05 0.000438914 0.000174913 -0.00121147 -0.000156606 0.000399318 0.0102181 -6.23276e-05 -0.00317053 -0.000325545 5.37102e-05 0.000476614 -0.00151018 -0.000486423 -0.00145029 0.000193385 0.00020831 -0.00112547 -0.00061283 0.000881277 0.000644784 -0.000327196 -6.85105e-05 0.000108401 4.74085e-05 -0.00279198 -3.775e-05 0.000166181 0.000742594 0.000384692 -0.000191877 -4.56959e-05 -0.00010574 6.26618e-05 -0.000165726 -0.000457831 6.3071e-05 -0.000108205 -0.000184388 -0.00153665 9.59807e-06 -6.49592e-05 -2.31471e-05 -0.00103865 0.000542366 0.00167487 -0.000300015 7.70079e-05 -0.0011776 -0.000119335 -0.000235878 7.8743e-05 -0.000417633 -5.53892e-05 0.000166728 5.441e-06 -0.00382627 7.1927e-05 8.28212e-06 -0.000728718 0.0006548 -0.00108275 6.27245e-06 -0.000873945 8.35513e-06 0.000747578 -6.94606e-05 0.00049652 -0.000630843 0.00045232 1.94771e-05 0.000591676 0.0013042 -2.6861e-05 0.000251028 3.39882e-05 0.000917778 -1.74519e-05 -0.00065002 0.00118854 0.0015648 0.000453321 2.46029e-05 0.000121646 8.39489e-05 0.000293777 -4.53014e-05 0.000446278 0.000120769 0.000265745 -0.00207678 0.000166181 1.2924e-05 0.00120284 1.49475e-05 
-0.00298081 0.000105103 0.00666192 -0.0130913 -0.00210408 -0.000464661 0.015683 -0.00296798 0.00730311 -0.0167399 -0.0147747 -6.23276e-05 0.114949 0.0137141 -0.0094426 0.00198302 -0.00246793 -0.0105987 -0.0339063 -0.0145793 1.51189e-05 -0.0190292 0.0212942 0.0038484 -0.0181681 0.00672316 0.000334867 0.00377626 -0.000659787 -0.000372986 -0.00295265 -0.00468058 -0.0006735 -0.00528427 -0.00210309 0.00939939 -0.000552176 0.00238669 0.000185766 -0.00395894 -0.00653417 -0.00192398 -0.00392189 0.00478571 -0.0184523 2.22572e-05 0.00174868 -0.000329074 -0.0114071 -0.00386332 -0.00124196 0.0020026 -0.000510194 0.0422637 0.00175472 0.00444241 -0.00435883 -0.0103028 0.000120794 -0.00175045 -0.000336285 -0.00166096 -0.0156786 0.000260848 0.0104002 0.00140849 -0.01137 0.000148657 0.0404341 -0.0011862 -0.0298473 -0.00247577 -0.000816618 -0.0103135 3.60344e-05 0.000130108 -0.00264524 -0.0075871 -3.53504e-05 -0.00111201 0.000190016 0.00769993 -0.00380792 0.0179501 0.00561803 -0.0049639 -0.00419768 -0.00107416 0.000602908 -0.000109544 -0.00479982 -0.0060721 -0.00245993 -0.00130861 0.00350016 0.0207622 -0.00703216 -0.00012825 -0.00647712 6.22184e-05 
-0.00561642 -0.0109334 -0.0302272 -0.0567871 -0.00994617 -0.00238108 0.00671573 0.00292021 0.0537556 0.054297 -0.0552067 -0.00317053 0.0137141 0.247232 0.0321474 -0.00174772 -0.0024252 0.00850123 -0.0549964 0.0417563 0.00156684 0.0573414 0.00633972 0.0130329 -0.0393083 0.00317902 0.0104878 0.00637976 0.0304201 -0.00125027 0.0271931 0.00463701 -0.00698424 -0.016957 -0.00357945 -0.00231191 0.00181984 -0.0048477 -0.000969335 -0.00956238 0.0259678 0.00173666 -0.00427858 -0.0206534 0.063513 -0.000223734 0.00641594 0.00211969 0.0304629 -0.00974491 -0.0165818 0.0129966 0.000593016 -0.0274949 0.000892922 0.000853227 0.00985657 0.0132117 -0.00304891 -0.0477198 -0.00332057 -0.0196681 -0.0397495 0.00107858 0.0422227 -0.0270627 -0.0280037 -8.96139e-05 -0.0222443 -0.00526071 0.01513 -0.0101407 -0.00666795 -0.0268432 -0.0173 -0.000214864 -0.0185282 -0.0229923 -0.000935489 -0.000463085 -0.000162084 0.00386474 -0.00709386 0.0223805 -0.0906165 -0.0121412 -0.00877506 -0.00179382 -0.00140852 -0.000493837 0.0033364 -0.0200631 -0.00328334 -0.00455252 -0.00617075 0.0161511 -0.0260285 -0.00064966 -0.0142791 -0.000269564 
-0.00188605 -0.0110789 -0.00783176 -0.0140391 -0.0030033 -0.000257509 0.00685196 0.00319407 0.0152779 0.0157909 -0.0127712 -0.000325545 -0.0094426 0.0321474 0.0830169 -0.00115297 0.000895855 -0.00989107 -0.019156 0.0203461 0.000102422 0.0357399 -0.00802964 0.00129143 -0.0330104 0.00973305 0.000508623 -0.00115758 0.0208946 -0.000243065 -0.00117997 -0.00528746 -0.000508707 0.00272978 -0.00116689 -0.00186156 0.000851786 -0.000775453 0.000217562 0.000697808 0.0114957 0.00241084 -0.000876509 -0.00765235 0.00759943 3.585e-05 0.00123519 0.000318462 0.00815557 -0.00309403 -0.00729279 0.0127415 0.00389925 -0.0171171 0.00211723 -0.000880462 -0.000237406 0.018779 -0.00105899 -0.0134123 0.000146342 -0.0202477 -0.0131533 0.000682976 0.00592332 -0.00642661 -0.00729738 0.000155609 -0.0174383 -0.00158168 -0.00179269 -0.000350629 -0.00229338 -0.00801747 -2.32295e-06 -5.13472e-05 -0.00144469 0.00436678 -0.000332353 -0.000571656 -8.91685e-05 -0.0103793 0.00120263 0.0114967 -0.0231181 0.00375861 0.00511185 -0.000274732 -0.000246695 0.00160715 0.0073374 -0.0131318 -0.000804424 6.16277e-05 0.000869992 -0.0164094 -0.0123742 -0.000127129 -0.00817026 8.27126e-06 
0.000143728 0.00133427 -0.00141108 0.000383934 0.000949804 0.000266756 -0.00075239 -0.000724311 0.00643203 -0.000707875 -0.00223279 5.37102e-05 0.00198302 -0.00174772 -0.00115297 0.0242948 -0.000221589 -0.00644025 -0.000502474 -0.000726855 0.0010721 -0.00314812 0.00236381 -0.003387 -0.00571858 -0.000766655 -0.00337425 0.00109475 0.000901797 0.000126594 0.0020518 0.00152743 0.000735045 0.000914594 -0.000325618 0.00207067 -6.98797e-05 -6.81148e-05 0.000423238 0.000111038 0.000536146 0.000285827 0.00111577 -0.00171357 -0.00386237 -1.41713e-06 -7.52273e-05 -0.000122543 -0.000305087 0.000384197 0.000507931 -0.000568665 0.00123229 0.00169375 -0.00026333 0.000474265 -0.000608884 0.00162393 -0.00024801 0.00276586 -0.000344071 -0.00625191 0.00106781 0.000401943 -0.00248668 0.000961333 -0.00236475 9.53171e-05 -0.00550556 -0.000384068 -0.00109593 0.000362807 -0.000292457 9.03904e-05 0.00217745 6.96984e-05 0.00150409 -0.000550609 0.000183895 -0.000373274 -2.69885e-05 -0.000906143 0.000769101 0.0023533 -0.000893232 -0.000280411 0.00020343 -0.000213612 0.000142831 3.3647e-05 -0.00091063 -0.00251147 0.000455338 0.000218394 0.000513817 -0.00294067 -0.001079 -3.16608e-05 -0.000834655 6.59242e-05 
0.00136052 -0.000612813 -0.00249968 -0.00112743 0.00146383 0.000277963 0.000126255 0.000145162 0.00273392 0.0046027 0.000246291 0.000476614 -0.00246793 -0.0024252 0.000895855 -0.000221589 0.0188871 -0.000429763 0.00182073 0.0057149 0.000200752 0.000893532 -0.00346452 -0.0091777 -0.00285669 5.96819e-05 -0.000991001 0.00034965 0.00604148 3.88431e-05 -0.000498504 0.000316865 0.000241033 0.000644642 0.000206582 -0.000363426 -3.44628e-05 0.000171736 -2.02597e-05 0.000139748 0.000255407 0.00145304 0.0017025 -0.000769419 -0.000278229 5.19826e-05 -3.29146e-05 -0.000112793 0.00245548 -0.000236479 -0.000565452 0.000305829 0.000158404 -0.00379856 0.000271694 -0.000843998 0.000746825 -0.00147993 1.86883e-06 0.000152208 0.000641947 -0.00740813 0.000141881 0.000455038 -0.00199396 -0.000966393 -0.00180345 1.51357e-05 -0.00764206 0.000563857 0.00347092 7.06281e-05 0.000643914 0.000996309 0.000537573 -2.60139e-05 -0.000993566 0.00153197 -3.29441e-05 0.000421766 1.67829e-05 -0.000356831 0.000280001 -0.00120902 -0.00443638 -0.00115102 -0.000340029 0.00169254 -3.73796e-05 7.20144e-05 0.00137433 0.00260137 0.00338337 0.000902707 -7.27679e-05 -0.00542324 -0.00454517 0.000104668 -0.00176422 -1.89763e-05 
-0.00332079 0.0193465 -0.011553 0.0151976 0.0042789 -0.000165015 -0.015936 -0.00759553 -0.0120292 0.00275003 0.00365304 -0.00151018 -0.0105987 0.00850123 -0.00989107 -0.00644025 -0.000429763 0.188495 0.0311287 0.0266144 -0.0167481 -0.0217672 -0.0186807 0.00556913 0.0176813 -0.00020305 0.000297451 -0.00522534 -0.0104016 -0.000187828 0.0197437 -0.0103645 -0.00178161 -0.00667791 -0.00494368 -0.00969814 4.56241e-05 -0.00758375 -4.82551e-05 -0.00367811 0.00954524 -0.0021112 -0.00374177 -0.000887947 0.0182829 -2.07222e-05 -0.00145835 0.00060464 0.00202832 -0.00751356 -0.00244547 0.000315719 -0.00635469 -0.0219048 0.00155128 -0.017313 0.0017272 0.000199657 -0.000735547 -0.00999336 -0.0106188 0.0227323 0.0173655 -0.000926639 -0.0182804 -0.00934421 0.00132599 -0.000612462 0.0246295 -0.000178776 -0.034053 0.00363395 0.00460742 0.0060883 -0.00428858 -0.000305653 -0.0057885 -0.00104627 -0.00198311 -0.00601632 -0.000855262 -0.0339233 -0.00181234 -0.0179358 0.0117855 -0.00931887 -0.0101903 -0.00405528 -0.00239571 -0.00347179 -0.00135114 0.0199624 -0.00106826 0.000856517 -0.00441022 -0.0188741 -0.0147821 -0.000299054 -0.00011512 -0.00030413 
0.00416152 0.0324685 0.016468 0.0367768 -0.00531471 0.00162401 -0.0105927 -0.000957115 -0.0434895 -0.0271438 0.0282519 -0.000486423 -0.0339063 -0.0549964 -0.019156 -0.000502474 0.00182073 0.0311287 0.218779 0.0121825 0.00260143 -0.0618257 0.00619984 0.00510609 0.0377366 -0.00166372 -0.0187138 -0.00916176 -0.0210957 0.000327459 -0.0193643 0.00751142 -0.00292677 0.0144904 0.00295522 -0.00636755 -0.00116152 -0.00348802 0.000503749 -0.00249043 -0.0202609 -0.00267071 0.00526758 -0.0066627 0.00364199 -6.23278e-05 -0.00296691 -0.00025889 0.026521 0.00699573 -0.0158661 -0.0182812 -0.00338929 -0.02424 -0.00235661 -0.00752918 -0.00668151 -0.00878511 -0.00214131 -0.0226328 -0.00352777 0.0175806 0.0598087 0.000614988 -0.0380578 0.0123282 0.0351877 -0.000239173 -0.0285643 0.006299 -0.0255884 0.00177439 0.00914777 0.0153619 -0.00659181 -0.000207667 0.0016325 0.027588 0.000403858 -0.0038322 -0.000767187 -0.0461234 0.0112114 -0.0188244 0.0103094 -0.0120234 -0.00257611 0.000871519 -0.000805221 -0.00193203 0.00272906 0.0140863 -0.00256523 0.00251356 0.00352221 -0.0747307 0.00688948 0.000320204 0.0127104 0.000135728 
-0.00124957 0.00920805 0.00462276 -0.0233528 -0.00624053 0.00119814 -0.00032677 0.000451259 0.0159258 0.00845632 -0.038032 -0.00145029 -0.0145793 0.0417563 0.0203461 -0.000726855 0.0057149 0.0266144 0.0121825 0.167162 0.00179339 -0.0123097 -0.000626857 0.00246583 -0.0222598 -0.000474062 0.00261647 -0.00618074 0.00804414 -0.000508891 0.0234619 0.000884342 -0.00110453 -0.00671421 -0.00214522 -0.00288381 0.000175519 -0.00279845 -8.14176e-05 -0.00167903 0.000677387 0.00502629 -0.000473884 -0.00828189 0.0335766 -6.42258e-05 0.000753016 0.00125886 0.0385072 -0.00873178 -0.00948724 -0.000761136 0.00114805 -0.0106482 0.00542185 -0.0076175 0.00782209 0.00293968 -0.00196865 -0.0321752 -0.0024295 -0.0100946 0.015149 0.00291037 -0.00303226 -0.0107028 0.00444054 -0.000142792 -0.0152457 -0.00194506 -0.0357945 0.000515128 -0.00212647 -0.00328435 -0.00776112 -0.000242719 -0.00134296 -0.00502884 -0.000822829 -0.00419242 4.89025e-05 -0.0160122 -0.00162944 0.00199838 -0.0324346 -0.0120697 -0.00891297 -0.000862312 -0.00093496 0.000270389 0.00972106 -0.0123674 -0.00212392 0.00296255 -0.00329665 -0.0316109 -0.0219567 -0.000317459 -0.0136558 8.07128e-05 
0.000759477 0.00556039 0.00215802 -0.00545766 0.000343073 0.000320591 0.00761508 -0.000499618 -0.00111587 -0.0061929 -0.00924197 0.000193385 1.51189e-05 0.00156684 0.000102422 0.0010721 0.000200752 -0.0167481 0.00260143 0.00179339 0.0415098 -0.00733108 0.0102212 0.000143854 -0.00782183 0.00237135 -0.00318707 -0.00146199 0.00325921 -7.13792e-05 0.00122677 0.0115151 0.000185784 -0.00122499 0.000215967 0.00128332 0.000212185 0.000207399 0.000612721 -0.00144326 0.00112452 -0.000642236 0.000773506 -0.00221952 -0.00580994 2.44388e-05 0.000312161 0.000337774 0.0106288 0.00274857 -0.00330109 0.000472967 0.0003866 0.00316254 0.000577282 -0.000262777 0.000648096 0.00220896 -0.00046964 -0.0023094 0.00148121 -0.0113094 0.00377903 0.000986758 0.00526983 0.00179331 -0.00465034 -1.14608e-05 -0.00655017 0.000665592 -0.00203087 -0.000851236 -5.88547e-06 -0.000632115 0.00214318 -4.41311e-06 0.0015143 -0.00278462 0.00069945 -2.2303e-06 0.000220135 -0.00220339 -0.00090656 0.000456073 -0.00987708 0.000322038 0.0012378 -0.000228805 0.000126583 0.000347554 0.00132295 -0.00592172 -0.000611364 -0.000299765 0.000925988 -0.0114484 -0.00584881 0.000265255 -0.00130025 6.12176e-05 
-0.00198767 -0.0602608 -0.0273905 -0.0399369 -0.00760297 -0.0025865 -0.017896 0.0070633 0.0259895 0.0855356 0.00793603 0.00020831 -0.0190292 0.0573414 0.0357399 -0.00314812 0.000893532 -0.0217672 -0.0618257 -0.0123097 -0.00733108 0.215237 -0.0303976 -0.00460755 -0.00251119 0.00176205 0.00674865 0.0094695 0.0298338 -0.000371299 -0.0277635 -0.00740429 -0.00403222 0.00258842 0.00290596 -0.0036293 0.0016406 0.00468865 -0.000293984 0.00376473 0.00945898 0.00296398 0.00235002 -0.0126908 0.0452443 -3.12582e-05 0.00288056 -0.000887079 -0.00890725 0.00709593 0.00395889 0.00407244 0.00278771 -0.0337674 -0.00116108 0.00557139 0.00418488 0.00288552 0.00248021 -0.00736324 0.000794937 -0.0345176 -0.0355063 -0.00325469 0.0225153 -0.0196364 -0.00480131 0.000253025 -0.0604815 -0.00339974 0.0300523 -0.00141373 -0.00720478 -0.0210848 -0.00606809 -0.000266199 -0.00925369 -0.00291027 -0.000111628 0.0118376 -0.000588914 0.00943758 0.000817728 0.016111 -0.0624994 -3.55067e-05 0.0111923 0.00125504 -0.0003582 0.00167841 -0.000688214 -0.026432 0.00600459 -0.00196164 -0.000732484 0.0361303 0.00741555 -0.00025057 -0.018109 -0.000319139 
-0.00315452 0.0039302 0.0224298 0.00592305 -0.00584491 -0.000526386 -0.00345495 -0.0043279 -0.0107829 -0.0247377 0.0168322 -0.00112547 0.0212942 0.00633972 -0.00802964 0.00236381 -0.00346452 -0.0186807 0.00619984 -0.000626857 0.0102212 -0.0303976 0.168615 0.00290595 -0.0132695 0.00780893 -0.00633937 0.00188887 0.0019167 0.000400029 -0.00527084 0.0109832 -0.000996894 0.00577733 -0.00151514 0.00414617 -0.000344846 0.00237053 0.000300893 0.00199395 -0.00442029 -0.00246738 -0.00373861 -0.0122244 -0.0248416 8.53864e-06 0.0009114 0.000616533 0.0146306 0.00606692 -0.00774236 -0.00469232 0.000666111 0.00950785 0.00226566 0.00618467 0.00090895 -0.0134302 -0.00182195 -0.00150779 -0.00146263 -0.0176417 0.000587641 -0.000349899 0.00492987 0.00666253 -0.0268919 6.71633e-05 0.001818 -0.00152604 -0.0241907 0.00239659 -0.00293792 0.00668951 0.00258533 -3.42694e-05 0.00706094 -0.00225395 -0.000447519 -0.00390612 0.000402216 -0.0332185 0.00529729 -0.00397109 0.0155701 -0.00406212 0.00516229 0.00196708 -0.000402761 0.000283451 0.00202351 -0.0239241 -0.00282768 -0.00141282 0.00262806 -0.0247967 -0.00559653 0.000184708 -0.0112679 0.000175563 
0.000939352 0.0121356 0.0113339 -0.00403741 -0.00986207 0.00051215 0.00461934 -0.00289668 -0.0205509 -0.0172976 -0.0134113 -0.00061283 0.0038484 0.0130329 0.00129143 -0.003387 -0.0091777 0.00556913 0.00510609 0.00246583 0.000143854 -0.00460755 0.00290595 0.0752065 -0.000368947 0.00100168 0.00535019 -0.0040297 -0.00777536 -0.000742038 -0.00057544 0.00625905 -0.00201963 -0.000153933 0.000769138 -0.00120197 -0.00094315 -0.00121424 -6.43566e-05 0.000181826 -0.00923276 -0.0019617 -0.00176303 0.00343583 -0.00179976 -0.00024048 -0.00102516 0.000310031 0.00204925 -0.000797516 -0.00608458 -0.00374068 -0.00086184 0.00884177 0.001368 0.00187848 0.000843354 6.59067e-05 -0.00144379 -0.0239721 -0.000854733 0.00955063 0.00806479 0.000235252 0.00286548 0.00276039 -0.000808305 -0.000414673 0.0143447 -0.00144601 -0.00849195 -0.000551994 -0.00262925 -0.0142399 -0.0057602 -2.60837e-05 0.00153803 0.0025783 5.66732e-06 -0.00230525 8.63133e-05 0.00251036 -0.00570613 0.00199383 0.00643056 -0.00116235 -0.00523277 -0.00532965 -0.000505345 8.9556e-05 0.000131414 -0.0154432 -0.0133293 -0.0027118 -0.00173226 -0.00433837 0.0271128 -0.000198886 -0.000789995 9.86555e-05 
0.000845209 -0.00140903 0.00990671 0.0292786 0.0040627 -0.00156288 -0.031769 -0.00272014 -0.041611 0.00458277 0.0423178 0.000881277 -0.0181681 -0.0393083 -0.0330104 -0.00571858 -0.00285669 0.0176813 0.0377366 -0.0222598 -0.00782183 -0.00251119 -0.0132695 -0.000368947 0.160565 -0.00807238 -0.00587098 0.00270929 -0.0469745 0.000195617 -0.0127605 -0.00617636 0.000549579 -0.000420445 0.000978234 -0.0107628 -0.000361353 -0.00134937 -0.000918342 -0.00765311 -0.025207 -0.00482019 0.000193857 0.0123525 0.0169342 -0.000179008 -0.00594589 -0.00204318 -0.00591271 0.00686722 0.00473279 -0.0189108 -0.00789531 -0.0118408 -0.0116821 -0.00203756 -0.00611145 -0.0330017 0.000591436 -0.000838787 0.000193264 0.0373448 0.00590902 -0.00453707 -0.0224052 -0.00844309 0.0243478 -0.000445887 -0.00757151 0.00251933 0.0123573 -0.000935193 0.00591625 0.0182797 -0.00272096 -0.000130963 -0.00523458 0.00559418 -0.000938011 0.00300499 -0.000676248 0.00705415 0.00463579 -0.0174817 0.0162415 0.00250906 0.00123681 4.60405e-05 -9.06089e-05 -0.00233383 -0.00691819 0.0117287 0.000436152 -0.000346502 0.00193164 0.0241288 0.00263483 3.16414e-05 0.00188529 -0.000608113 
-9.79145e-05 0.010653 -0.000463377 -0.0060798 -0.00075718 0.00010329 0.00192597 -0.000463921 -0.0031755 0.00132672 -0.00239531 0.000644784 0.00672316 0.00317902 0.00973305 -0.000766655 5.96819e-05 -0.00020305 -0.00166372 -0.000474062 0.00237135 0.00176205 0.00780893 0.00100168 -0.00807238 0.0598322 -0.0142149 0.000331934 0.00434556 7.16374e-05 -0.0218378 0.00212602 0.000318132 0.00193836 -0.000283537 -0.00104574 -9.36698e-05 0.00153368 0.00118974 -0.000238672 0.000165725 0.000906301 0.000456709 -0.00376583 -0.00362959 3.98203e-05 0.000109697 0.000677351 0.00684979 -0.00201596 0.00010582 0.00681005 0.000397591 -0.0104531 0.00530642 0.00162133 -0.00104272 0.0054969 0.000185739 -0.00947603 -0.000775051 -0.0232419 0.00415683 0.000531459 0.00438024 -0.00021887 -0.00515864 0.000147399 0.00668354 -0.000949882 -0.0127715 0.00395994 0.000657957 -0.0045641 0.00743465 9.45262e-05 0.00263062 0.00290109 2.02043e-05 -0.000257615 -1.491e-05 -0.0116302 -8.5423e-05 0.00227808 -0.00365968 0.00586771 0.00831442 0.000347497 0.000375248 0.000733103 0.00858322 -0.00852086 -0.000984186 0.000216636 0.00598305 -0.0243208 -0.0167449 -2.18875e-05 -0.00789778 0.000121938 
-0.00455957 -0.0145253 -0.00539028 -0.00917793 -0.00121462 -0.00184115 0.00398736 0.000448548 0.00339111 0.00257609 0.00463684 -0.000327196 0.000334867 0.0104878 0.000508623 -0.00337425 -0.000991001 0.000297451 -0.0187138 0.00261647 -0.00318707 0.00674865 -0.00633937 0.00535019 -0.00587098 -0.0142149 0.0662756 -0.00126942 0.00501178 -0.000639838 0.0173241 -0.00740299 -0.00229442 -0.00281832 -0.0012545 0.00057704 -0.000449608 -0.00290038 -0.0013583 0.000135587 0.00298981 -0.00125764 -0.00502034 0.000343762 -0.00113361 -8.0404e-05 0.000554121 -0.000316335 -0.0113927 -0.00885519 -9.88971e-05 -0.000985608 -0.000195735 0.00251247 -0.00360824 -0.00691596 -0.000174097 -0.00824368 -0.00143775 0.00726338 0.000471502 0.0111614 -0.0156876 -0.000171708 0.00353255 -0.00828575 -0.006516 -0.000588216 0.00646336 -0.000698475 0.0048636 -0.00669321 -0.00800949 -0.00137989 -0.00663779 -0.000429391 -0.000523079 -0.00216361 -0.000738901 -0.00281937 5.27244e-05 0.0118195 -0.00240135 0.000132863 0.00715315 -0.00486107 -0.00365666 0.000618321 -0.000517984 -1.02393e-05 -0.00310011 0.0060901 5.2262e-05 -0.00111654 -0.00591673 0.0299478 0.0113886 -0.000427576 0.00528069 -0.000218009 
-0.000610591 -0.0040739 -0.00551142 -0.00529881 0.000974893 -0.000116233 -0.00274339 -0.000701274 0.00381102 0.00369259 -0.0063028 -6.85105e-05 0.00377626 0.00637976 -0.00115758 0.00109475 0.00034965 -0.00522534 -0.00916176 -0.00618074 -0.00146199 0.0094695 0.00188887 -0.0040297 0.00270929 0.000331934 -0.00126942 0.0487389 0.0018206 0.000411157 -0.015644 0.00345733 0.000759954 -0.0011077 0.0015974 -2.7866e-05 0.000305716 0.00064101 0.000159774 -2.54238e-05 0.00161725 0.000382023 -0.000228746 -0.00188986 -0.00221569 1.37775e-05 0.000372686 9.09515e-05 0.00112274 0.00337936 0.00565642 0.0010132 0.000105753 -0.00135175 -0.000334864 -0.00151297 0.000180377 -0.00510584 0.00103248 0.00127636 0.000758422 -0.00983475 -0.00492047 0.000116449 -0.00645731 -0.00411718 -0.00514025 2.55218e-05 -0.0134076 0.000644773 0.00386308 -0.000163558 0.000623125 -0.00158107 0.00600278 0.000118511 0.00402243 0.00486482 -0.000145486 0.00103979 -5.0149e-05 -0.0039649 0.0013426 0.00713247 0.000557185 0.00565449 0.00011337 0.000733092 0.000110204 8.88373e-05 -0.00120537 0.00167728 0.00177982 0.000811114 0.000226646 -0.00180748 -0.00890323 7.10481e-05 -0.00591667 -1.7968e-05 
-0.000312372 -0.00531677 -0.0156356 -0.0177547 0.000192624 -0.000571862 0.0255167 0.00341948 0.0309963 0.0164452 -0.00577381 0.000108401 -0.000659787 0.0304201 0.0208946 0.000901797 0.00604148 -0.0104016 -0.0210957 0.00804414 0.00325921 0.0298338 0.0019167 -0.00777536 -0.0469745 0.00434556 0.00501178 0.0018206 0.102992 8.64961e-05 -0.00694767 0.000217424 -0.000250638 0.000924888 -0.000240549 0.00372274 0.000459738 -0.00065914 5.23778e-05 0.000502568 0.0175216 0.0018184 0.000897877 -0.00789057 -0.0127622 0.000163499 0.0053748 0.000187337 0.00278237 -0.00577632 0.000809514 0.0016655 0.00362992 -0.0100006 0.00620279 -0.00430678 0.012498 0.00161605 -0.000978237 -0.00180044 0.00128284 -0.0528024 -0.0145339 0.0022485 -0.00544406 -0.00767196 -0.0195784 0.00042914 -0.0328267 -0.00186609 0.0181732 -0.000424754 -0.00213966 -0.0112047 0.00306895 4.2792e-05 -0.00111365 -0.00142823 -0.00048999 -0.00143472 -6.99791e-05 -0.00388843 8.81247e-05 0.00260815 -0.015307 0.00135464 0.00824636 0.00221783 -0.000208696 0.00109871 0.00513283 0.000134548 0.00128709 0.0020758 -0.000680567 -0.0290143 -0.0197324 -7.16882e-05 0.00301335 1.98364e-05 
-2.55386e-05 0.000105451 -0.000399396 0.000915731 0.000233726 4.36417e-05 -0.000303173 2.30182e-05 -0.000526023 -0.000350855 0.000630092 4.74085e-05 -0.000372986 -0.00125027 -0.000243065 0.000126594 3.88431e-05 -0.000187828 0.000327459 -0.000508891 -7.13792e-05 -0.000371299 0.000400029 -0.000742038 0.000195617 7.16374e-05 -0.000639838 0.000411157 8.64961e-05 0.00346322 -0.0014431 -3.37059e-05 0.000245009 0.000171217 5.57946e-05 -3.95319e-05 -1.54828e-05 -4.34129e-05 5.65361e-06 0.000222255 8.38274e-05 1.17822e-05 -3.94156e-05 -0.000157372 -0.000762069 1.46186e-05 -4.51254e-05 -2.11268e-05 -0.000260175 0.000188885 0.00106683 -0.000180656 -3.08581e-05 -0.000586893 -2.22762e-05 -0.00013187 0.000297383 -0.000437508 -1.93377e-05 -0.000294051 -2.6732e-05 -0.000577154 -1.29906e-05 -1.03671e-05 -0.000507422 -2.25877e-05 -0.000139091 -5.14245e-07 -0.00124599 -1.2501e-05 0.000688265 0.000201562 0.000406672 0.000586348 0.000615587 2.16188e-06 0.000654871 0.000346178 8.62817e-06 -8.43174e-05 -6.48426e-06 -0.000662979 8.78698e-05 -0.000195278 0.00133791 0.000645159 0.000237042 0.000403255 6.41306e-05 2.36467e-05 -0.000186174 -0.00035139 0.000148963 5.77338e-05 -0.000108796 -0.00133665 5.86823e-05 5.03961e-05 -6.66534e-05 2.18901e-06 
-0.00495522 0.0239425 0.0338294 -0.0114132 0.00249807 -0.00364261 2.57125e-05 -0.00125913 -0.00367558 -0.0198118 -0.0359768 -0.00279198 -0.00295265 0.0271931 -0.00117997 0.0020518 -0.000498504 0.0197437 -0.0193643 0.0234619 0.00122677 -0.0277635 -0.00527084 -0.00057544 -0.0127605 -0.0218378 0.0173241 -0.015644 -0.00694767 -0.0014431 0.213775 0.012089 -0.00205145 -0.00410702 -0.00736569 0.00110367 -0.00042596 -0.0111685 -0.0012693 -0.00429588 0.000472719 -0.00323463 -7.25227e-06 0.00515884 0.014533 -0.000158157 0.000963306 0.000103839 -0.00365584 -0.0236912 -0.0308242 -0.000848126 -0.00201132 0.035943 -0.00254698 -0.00370905 0.00104748 0.00815279 -0.0042733 0.0103937 -0.00187641 0.019055 -0.00220226 -0.000402488 0.00171039 -0.0157013 -0.0121538 -0.000557838 0.0563026 -0.00823447 -0.0286725 -0.00937907 -0.00547734 -0.00914359 -0.00915677 -0.000280433 -0.00927347 -0.0151875 -0.000779191 -0.00290068 -0.000290743 0.0179271 -0.0102173 -0.0137023 -0.0151061 -0.0225707 -0.0197873 -0.00473578 -0.00190814 -0.00146766 0.00299043 -0.0178838 -0.00054187 -0.00456244 -0.00622877 0.0164501 -0.0202922 -0.00091271 0.00744765 7.8565e-05 
0.00377122 0.0227493 0.011482 -0.00983541 0.0033264 -0.000143764 -0.00653948 -0.0028647 -0.0096455 -0.0035859 -0.0156739 -3.775e-05 -0.00468058 0.00463701 -0.00528746 0.00152743 0.000316865 -0.0103645 0.00751142 0.000884342 0.0115151 -0.00740429 0.0109832 0.00625905 -0.00617636 0.00212602 -0.00740299 0.00345733 0.000217424 -3.37059e-05 0.012089 0.0973917 0.000512389 -0.00136671 0.000212211 -0.00185186 -0.000148432 -0.000403749 0.000473284 0.00403494 -0.00187733 -8.58752e-05 0.00657709 -0.00398177 -0.00824817 -2.98542e-05 0.0010797 0.00131741 0.00259444 -0.00203224 -0.00623224 -0.00325403 -0.000180103 0.0152414 0.00193875 0.001701 0.00635129 -0.00569244 -0.00109944 -0.00864184 -0.00148805 -0.0301419 0.0150702 0.00109964 0.00307955 0.00250337 -0.00531432 2.23318e-05 -0.0101293 0.00116392 -0.0118719 0.000126538 -0.0026026 -0.0042267 -0.00036047 7.29812e-05 -0.000392653 -0.000993447 0.00018631 0.000206995 0.000296234 -0.00942401 -0.00195678 -0.00474886 -0.00626858 -0.0038462 -0.00218767 -0.000381178 -0.000291476 0.000364581 0.00778931 -0.0164171 -0.00184467 -2.1692e-05 0.00311189 -0.017631 -0.000766402 0.000362779 -0.0099733 0.000347362 
0.000175046 0.00327395 -0.000149147 0.00131367 0.00211655 0.000649389 0.00140395 -0.000437051 -0.0022298 -0.00258584 -0.000239921 0.000166181 -0.0006735 -0.00698424 -0.000508707 0.000735045 0.000241033 -0.00178161 -0.00292677 -0.00110453 0.000185784 -0.00403222 -0.000996894 -0.00201963 0.000549579 0.000318132 -0.00229442 0.000759954 -0.000250638 0.000245009 -0.00205145 0.000512389 0.0197129 -0.000970699 -0.000234636 -0.000206268 -8.55694e-05 -0.000343439 5.89919e-06 0.000108736 -0.000803061 -4.61288e-05 -0.000327194 0.000476071 -0.00471071 0.000118469 -0.000138216 -4.42729e-05 -0.00111218 -0.000360974 0.00514348 -0.00103796 0.00010808 -0.000139642 -0.000141988 0.000516583 -5.78451e-05 -0.000544937 -0.000169861 0.00133926 -0.000118446 -0.00640412 -0.000909429 0.000565648 -0.00211918 -0.000776969 -0.00110547 0.000125548 0.00036761 0.000120625 0.00118799 0.00115017 0.000499772 0.00136335 0.00390118 0.000266794 0.00158353 -0.000870488 -8.70012e-05 -0.000389841 0.000102721 -0.000948418 -0.00027774 0.00011686 0.00658531 0.00619375 0.000128428 0.000361152 0.000473015 -1.51402e-05 -0.00140682 -0.000895967 0.000580751 0.000402295 -0.000480756 -0.00554166 -0.00130588 1.36861e-05 0.00012806 1.8835e-06 
-0.000875532 -0.000154376 0.0069145 0.00694111 0.00274032 -0.000140218 -0.000245761 -0.000942564 -0.0111935 -0.00572932 0.00745026 0.000742594 -0.00528427 -0.016957 0.00272978 0.000914594 0.000644642 -0.00667791 0.0144904 -0.00671421 -0.00122499 0.00258842 0.00577733 -0.000153933 -0.000420445 0.00193836 -0.00281832 -0.0011077 0.000924888 0.000171217 -0.00410702 -0.00136671 -0.000970699 0.05629 0.002773 -0.00129871 -0.000120447 0.00118805 0.000469306 0.00344964 -0.00300289 -0.000252135 0.000287285 -0.00400057 -0.0101693 0.000116451 -0.000805557 -4.69751e-05 -0.00502999 0.0045158 -0.0028553 -0.00232584 -0.000466042 -0.00735023 4.87221e-05 0.00265515 0.00178901 -0.00571342 0.00278699 -0.00567363 -0.000476065 -0.00322927 0.00161369 -0.000118202 -0.00533388 -0.00343665 -0.0030189 0.000107124 -0.0107008 -0.000156756 0.0056751 0.000861631 0.00133308 -0.00502616 -0.00228732 -3.26069e-05 -0.000304684 0.00857622 -0.00018513 -0.000323536 -6.86269e-05 -0.00648855 0.0049533 -0.00177126 0.000272433 -0.00415583 0.00700506 0.000230679 -0.000103461 0.000823853 0.00871153 -0.00722769 2.05452e-05 -0.000283373 0.0021284 -0.0166826 0.00574065 1.83203e-05 0.00822412 -2.66567e-05 
