0.186358 -0.0155265 -0.00393223 -0.00976174 -0.00848149 -0.0152623 -0.00102541 -0.00073782 -0.00160682 -0.00205526 -0.021793 -0.000297608 -0.010096 -0.0177572 -0.0362022 0.0196082 0.0223418 0.0169704 -0.076075 0.0462808 0.00131002 -0.0355497 -0.0785342 0.0121782 -0.034265 0.0515863 -0.086649 0.00456331 0.0135595 -0.0329829 0.00568261 0.024415 0.00126319 0.0611059 0.0101 -0.0235644 6.80659e-05 -0.00885114 -0.000151442 0.0166415 -0.0145994 0.00327261 -0.0106017 -0.0129967 -0.0104361 0.0189354 0.0790738 -0.0119082 0.0144224 0.00131235 0.0266175 -0.0153398 0.00152265 -0.0426276 -0.000514716 0.000809107 -0.0102979 0.00910303 -0.0002987 -0.0018846 0.0145396 -0.00282095 0.00348834 0.0190713 -0.00070256 -0.0167833 0.000359126 0.0245399 0.00598388 -0.00108889 0.0232571 2.05848e-05 -0.0048788 -0.0125238 -0.000339338 0.0388059 -0.0208113 -0.00626111 -0.00591032 0.00273452 -0.000647383 -0.00494416 0.00871962 0.00377406 -0.00798773 0.00140799 -0.00880082 -0.00152728 0.00840249 -0.0101756 0.0257163 -0.00987794 -0.0044859 -0.000375111 0.000573675 -0.000663054 -0.0217523 -0.0146335 -0.029611 0.00977071 
-0.0155265 0.183376 0.021816 -0.011333 0.00853041 0.0390483 0.00246539 -0.0171506 0.00479096 -0.00508357 -0.0103139 0.000154859 -0.0414374 0.0132066 -0.0386739 0.0129181 -0.0684643 -0.0633347 0.0296101 -0.0726854 0.0109966 0.0837073 -0.0412613 0.00652605 -0.0270017 0.0569856 0.00589633 -0.00286033 0.00311843 0.0525553 -0.0176813 -0.049262 -0.000660355 -0.0189519 -0.00438867 0.00827526 -0.00925147 -0.00156487 0.00136143 -0.0334675 -0.0106955 -0.00157009 -0.0482195 0.0586109 -0.0398044 -0.00807141 -0.0141473 0.0134277 -0.0081053 -0.000792286 -0.0233307 0.0368494 -0.00170579 0.0859557 -0.00260792 -0.0071322 -0.00543851 0.0366965 -0.00132622 -0.00119815 -0.00402661 -0.0021738 0.000677845 0.031909 -0.000466243 -0.0172847 -0.0309966 0.00164484 -0.00324269 -0.00113751 -0.0186621 -0.000110759 -0.00160986 0.00386072 0.00043325 -0.00152117 -0.00029943 -0.0109918 0.0223808 -0.0129221 0.00221476 0.0074942 -0.00507184 -0.0040307 -0.00892776 -0.00103639 0.00691914 -0.00168239 -0.0011341 0.023675 0.00561676 -0.0261916 -0.00188386 -0.0219464 -0.0011549 -0.00118719 0.0150852 -0.00854113 0.0178309 -0.00388772 
-0.00393223 0.021816 0.0596163 -0.00295269 0.00236671 0.016078 -0.000164227 -0.00667903 0.00197124 -0.00347759 -0.00386398 -5.00896e-05 -0.0121467 -0.00248402 -0.0109011 -0.00994591 -0.0195124 -0.0181186 0.00445366 -0.0213487 0.00338141 0.0261074 -0.0200628 -0.0150364 -0.0117039 0.0285495 -0.00781372 0.000102168 -0.0254158 0.0126703 0.00234902 -0.0215126 -0.000781012 -0.00765444 0.00287977 0.00258409 -0.000814988 -0.00148053 0.00137674 -0.00590993 -0.00241075 0.000723256 -0.00956107 0.00673899 -0.00769579 0.00050445 -0.00816944 -0.00490286 -0.00100316 -4.42991e-05 -0.00633874 0.0198926 0.000881531 0.0187877 -0.00167005 -0.00440725 0.00135032 0.0185218 -0.000174977 -0.000182432 0.00314627 0.000854509 0.000951152 0.0159087 0.00257045 -0.00794079 -0.00424707 0.0117468 0.00370591 -0.000117572 -0.00261047 6.20732e-05 -0.0011692 -0.00067991 0.000205461 -0.00103951 -0.00512831 -0.00288729 0.016214 -0.00248271 0.000257807 0.00370963 -0.0007574 -0.00167772 -0.00214585 -0.00075177 -0.000213375 -0.000340284 -0.00219269 0.0200543 -0.00247574 -0.00706451 -0.00125928 -0.00551964 -1.60906e-05 -0.000284428 0.00279706 -0.000306557 -0.00346433 0.00120953 
-0.00976174 -0.011333 -0.00295269 0.0640743 -0.000750667 -0.00401933 -0.000888881 -0.0078044 0.000189715 -0.00419319 0.00434094 0.000156428 0.0151124 -0.000686009 -0.00247921 0.0114346 -0.00101872 0.00991627 -0.00558652 -0.00277982 -0.00236831 0.00466771 0.00668383 -0.0167313 0.0263326 -0.00565533 0.0154239 -0.000476999 0.00860009 -0.0145278 -0.00560266 0.0106706 -0.0015676 -0.00211935 -0.00302657 -0.000759491 0.00696942 -2.98982e-05 -0.00011045 0.027733 0.00326525 -0.000404411 0.00575237 0.0145058 0.0188973 0.000683635 -0.0154788 -0.00303468 -0.005864 -0.000113798 -0.00878713 -0.00540685 0.000232457 0.00215915 0.00280888 -0.00547634 1.9158e-05 -0.0136855 -2.96214e-05 -0.000254542 -0.00261836 0.000271833 -0.00145242 -0.0079715 -0.00135672 -0.00943186 -0.000747744 -0.00922002 -0.00253156 -0.000549278 -0.00165654 1.78478e-05 0.00180896 0.00127933 -0.000118672 -0.00990395 -0.0042722 -0.00240861 -0.00364463 0.00203917 -0.000144295 -0.0016078 -0.00165288 0.000545194 -0.00123144 0.000124785 0.00264818 8.34098e-05 0.000600772 -0.00945788 -0.00313898 -0.00788488 0.000129987 -0.00186852 0.00015066 0.000246319 -0.00417472 -0.00086444 -0.0135981 -0.00130255 
-0.00848149 0.00853041 0.00236671 -0.000750667 0.0800235 0.0116687 -0.000850958 -0.00722095 0.00155658 -0.00457385 -0.00590248 0.000735244 0.0182733 0.00226362 -0.012296 0.0159955 -0.0117021 0.0049695 0.00513951 -0.0310765 0.00353761 0.021582 -0.00276986 -0.000963585 -0.0118514 0.0138996 0.00586619 0.00263951 0.00282026 0.00943555 -0.00488405 -0.00790388 -0.000784629 -0.000899922 -0.00351392 -0.00360119 0.00844739 -0.00251607 0.000859609 0.00107591 0.000769526 0.000114941 -0.0175253 0.0123089 0.0169113 0.000764291 -0.00791703 -0.00187022 -0.0106668 -0.000237296 -0.00633709 -6.61443e-05 -0.000574099 0.0284641 -0.000996405 -0.00834912 -0.00412786 -0.00831658 -0.000481091 -2.89583e-06 -0.00396853 -0.00176835 -0.00178112 0.00512931 0.00399581 -0.0118785 -0.00270429 -0.00593874 -0.00223782 -0.000303543 0.000138148 6.8357e-05 -0.00188122 0.0070439 -0.000153633 -0.0113055 -0.00616718 -0.00339145 0.00293429 -0.0033485 -0.000328311 -0.00164787 -0.00195089 -0.00211917 -0.00179442 -0.0020564 -0.00152173 -0.000359494 -0.000225658 -0.00812765 -0.0021383 -0.00954506 -0.00109512 -0.00478477 -0.000336946 -0.000232555 -0.0128169 -0.00350731 0.00332045 -0.00222131 
-0.0152623 0.0390483 0.016078 -0.00401933 0.0116687 0.0734745 -0.000740468 0.0044853 0.00308047 -0.00438948 0.00110406 0.000515756 -0.0182134 -0.000730447 -0.00933544 -0.003002 -0.0253864 -0.0140989 0.0185268 -0.0392504 -0.0029042 0.0432605 -0.0162297 -0.014121 -0.0149038 0.0287085 -0.00154794 0.000200761 -0.016758 0.0261965 -0.00529536 -0.0278438 0.000258566 -0.0100859 -0.00428928 0.00833403 -0.00309086 -0.00225836 0.000856864 -0.0106878 -0.000497908 -9.95259e-05 -0.0125057 0.0155088 -0.00673374 -0.00358873 -0.0160009 -0.00698773 -0.00962765 -0.000281863 -0.00998024 0.022989 -0.000987229 0.0395115 0.00372994 -0.00774759 -0.002791 0.00777466 -0.000298733 -0.000353651 -0.00391217 -0.00157385 -0.000828217 0.0237948 0.00101147 -0.0107228 -0.00986101 0.0053402 -0.0025541 -0.000604571 -0.00840764 -4.68012e-05 0.00178984 0.00726969 9.56915e-05 -0.0110588 -0.00439953 -0.0025548 0.0174507 -0.00494231 0.0019129 0.00342723 -0.00147791 -0.00147857 -0.00180804 -0.00132883 -0.00147077 -0.000534529 -0.000127413 0.013912 -0.000894301 -0.00826841 0.00135841 -0.00771332 0.000248976 -0.000259467 -0.0131446 0.00305195 -0.00155794 -0.0015179 
-0.00102541 0.00246539 -0.000164227 -0.000888881 -0.000850958 -0.000740468 0.0150486 -0.000765277 -0.000126244 0.00356262 -0.00100158 -0.000192377 -0.00376309 -0.001197 -0.000696153 -0.00456669 -0.00385495 -0.00468193 0.00189825 0.000990677 0.00217127 -0.000635123 -0.00561535 0.000986725 0.00301936 -0.00117781 -0.00145528 -3.43204e-06 0.000231494 -0.0010876 -0.000618857 -0.00181156 -0.000132707 -0.00242054 0.000403317 -0.000523993 1.46981e-05 0.000293618 -3.30478e-05 -0.00166761 -0.000889652 -0.000162516 -0.00227168 -0.00143693 -0.00222045 -5.76064e-05 0.00161613 4.77651e-06 0.00533235 -5.45517e-05 -0.000805375 0.00170489 -0.000137776 -0.000535053 0.000262901 0.00388376 0.000489303 0.00356103 -1.99423e-05 -9.92999e-05 0.00063939 0.000177762 0.000214437 0.000606081 -0.000283227 0.00183445 -0.00153839 -0.000394424 0.00147932 -6.98062e-05 0.000219872 -8.86345e-06 -0.000614942 -0.000335563 0.000236508 0.00528027 -0.00125251 -0.000585283 -0.000277568 -0.000604948 -4.60711e-05 0.00065316 -0.000257554 -0.000250757 -0.000625111 -0.000285279 -0.000533471 -1.83897e-05 0.000117019 -0.00101272 -0.000260521 0.00110493 -3.77199e-05 -0.00116687 -8.18952e-05 -6.62337e-05 0.000651351 -0.000782625 0.000982699 -0.000358667 
-0.00073782 -0.0171506 -0.00667903 -0.0078044 -0.00722095 0.0044853 -0.000765277 0.125647 -0.000762538 0.00143516 0.00600464 0.00238207 -0.0122777 -0.0129166 0.0176147 -0.0293279 0.0469358 0.00780169 -0.039156 0.0318329 -0.0058276 -0.026457 0.0209219 0.0119562 -0.00504201 -0.0306271 -0.0361768 -0.00189186 -0.0552709 -0.0257351 0.0309893 0.0398029 -0.000103704 -0.000961534 0.00202526 -0.00277672 -0.00530555 -0.00419075 -6.26645e-05 -0.0163683 -0.00783148 -0.000624784 0.0561638 -0.00579738 -0.0244687 -0.00705389 0.0418377 -0.0109633 -0.013513 1.56988e-05 0.00234485 0.00470413 0.000317025 -0.0330765 -0.000266158 -0.00525037 0.0143565 -0.0307564 0.00208411 -0.000684848 0.00239157 0.00095781 -0.00023114 -0.0141018 0.00734581 -0.0048774 0.0296338 0.00366128 -0.0030856 -0.000268885 -0.00227409 -8.42133e-05 -0.00318445 0.0109429 0.000843571 -0.0145539 0.00193705 -0.00508907 -0.00742227 -0.00929421 0.00144078 0.00820054 0.00572966 0.00059343 0.00177655 -0.0015783 -0.00697804 0.000902492 -0.00375064 0.0331506 -0.00270693 0.00778937 0.00271382 0.00594583 0.00180435 0.000311341 -0.0232196 0.0298626 -0.0342998 -0.000709811 
-0.00160682 0.00479096 0.00197124 0.000189715 0.00155658 0.00308047 -0.000126244 -0.000762538 0.0154709 -0.000941773 -0.000554554 -4.29778e-05 -0.00428511 -0.000577844 -0.00167331 -0.00309578 -0.00652272 -0.00602395 -0.00187124 -0.00311896 0.00486482 0.00677856 -0.00516176 -0.00379638 -0.0014364 0.00550506 -0.00196414 -0.000119321 -0.00572132 0.00274543 -0.0010932 -0.00677086 -0.000303363 -0.00031599 0.000720332 0.00167897 0.00120538 -0.000229627 0.000332515 -0.00173466 0.00033008 -0.000166734 -0.00312343 0.00465515 -0.00355621 -0.000237427 -0.00199505 -0.000840945 -0.00091703 -2.30837e-06 -0.00209766 0.00470703 0.000233371 0.00592925 0.00057293 -0.00134312 -0.000518258 -0.000512321 5.81396e-05 0.000160375 0.00162259 0.000173175 0.000294079 0.00888774 -7.04921e-05 -0.00117461 -0.00149266 0.000655659 0.00101423 -4.52849e-05 -0.00163513 5.46046e-05 -0.000504865 0.000492315 -1.34472e-05 -0.000214 -7.2109e-05 -0.000463182 0.0011526 -0.00107668 6.38105e-05 -6.3717e-05 3.89619e-05 -0.000390605 2.55329e-05 -0.000412501 0.000486416 -2.16116e-05 0.00118444 0.00505066 -0.00011813 -0.00133197 -0.000131124 -0.00129959 -8.28611e-05 -5.50792e-05 -0.00199358 -0.000847976 0.000125659 -0.000187207 
-0.00205526 -0.00508357 -0.00347759 -0.00419319 -0.00457385 -0.00438948 0.00356262 0.00143516 -0.000941773 0.0643679 -0.00157804 -0.000906156 -0.0185881 -0.00455309 0.0196704 -0.0313096 -0.0246968 -0.0212352 1.2604e-05 0.0221221 -0.00442971 -0.0147862 -0.0137541 0.0109134 0.0164904 -0.019507 -0.00253396 -0.000572351 0.00324438 0.0126492 -0.00453348 -0.0058786 0.00205028 -0.0084647 0.00167992 -0.00285313 -0.00214917 -0.000538008 -0.000154685 -0.0103652 -0.00350233 -0.00109152 -0.00975638 -0.0221382 -0.0162482 -0.0026174 0.0148074 -0.00663439 0.0212125 -2.35899e-05 -0.00418517 -0.00564333 -0.00100603 -0.0154507 -0.00264281 0.0174458 -0.00333155 0.0259417 -9.27091e-05 -0.000899044 -3.84216e-05 -0.0015993 0.00460492 0.00412786 -0.00124039 0.0280759 0.00580342 -0.000416732 0.00537473 -0.000460146 0.00634924 -4.69493e-05 -0.00209582 -0.00385228 8.96384e-05 0.025501 -4.8439e-05 0.00471414 -0.00211813 -0.00469342 -0.000197234 0.0025764 0.000667173 -0.00159277 -0.000904975 -0.00194545 -0.00217766 -0.000211061 -0.00187932 -0.00912107 -0.00061865 0.0232727 -0.0018667 -0.00469715 -0.000392418 9.88445e-06 0.00374152 -0.00245887 0.00545264 7.20373e-05 
-0.021793 -0.0103139 -0.00386398 0.00434094 -0.00590248 0.00110406 -0.00100158 0.00600464 -0.000554554 -0.00157804 0.0862986 0.0018871 0.00767807 0.00953954 0.0174748 -0.0151006 0.00229218 0.0125564 0.0152886 -0.00121015 -0.00529124 -0.0038751 0.0138584 -0.032163 -0.00754773 -0.0174864 0.0100655 -0.000759401 -0.00609638 -0.00931226 0.00259579 0.000503456 -0.00246499 -0.0108291 -0.000868832 0.00599289 -0.00295285 0.00628306 -0.00027134 -0.00234126 0.00202116 -0.000841134 0.00218368 -0.0160861 0.00794519 -0.00342681 -0.021663 -0.00344498 0.00562105 -0.000323157 -0.000444622 -0.00246614 0.000580089 -0.0113908 0.00327113 -0.00192561 0.00930518 -0.00626046 0.00128699 0.00027496 -0.00146825 -0.00109418 -0.00151481 -0.00948602 0.000432962 -0.001642 -0.00355161 -0.00174256 -0.00163451 -3.83778e-05 0.00453056 3.11174e-05 0.000923932 0.00518635 0.000274384 -0.00479874 0.00353744 0.000551791 -0.00262607 -0.00164901 0.000391667 0.00134644 -0.0016807 -0.00136537 -0.00172073 -0.00176537 0.00670271 0.000169488 0.000502386 0.00294136 -0.00353597 0.00276369 -0.00212185 -0.00207753 0.000537623 7.30283e-05 0.00822774 0.0118993 -0.0100126 0.00010011 
-0.000297608 0.000154859 -5.00896e-05 0.000156428 0.000735244 0.000515756 -0.000192377 0.00238207 -4.29778e-05 -0.000906156 0.0018871 0.021384 -0.000587772 0.00187983 0.00139012 0.00162013 0.00276216 -0.000469704 0.00148437 0.000106932 -0.00074244 -0.00118157 -0.000410302 -0.00248903 -0.00352107 -0.00157735 0.000101084 0.000141997 -0.00320088 0.00227545 7.63564e-05 -0.00110661 -0.000424369 -0.00113611 -0.000935083 0.000546795 -0.0002077 0.00141241 0.000108034 -0.00146666 -0.000851286 0.000192519 0.00198795 0.00127735 -0.000701851 0.000769694 -0.000777331 -0.00114102 -0.00167487 1.35813e-05 8.35776e-06 -0.00130927 -0.000237195 0.000385833 -0.000247549 -0.000397665 -0.000682755 -0.00233875 0.000263668 4.80842e-05 -0.000392539 0.000136856 -0.000413136 -0.00266044 0.000832322 -0.00117717 0.0011986 -0.001855 -0.000684281 0.000112498 0.000596634 0.000105863 4.26784e-05 0.000601247 -1.463e-05 -0.002789 -0.000553334 0.000262015 -0.000625711 0.000151468 -4.67682e-06 -8.81421e-05 -0.000151666 0.000811089 0.00135135 0.00133958 -0.000819835 -0.000113168 -0.000413311 -0.00164947 0.000772667 -0.000810017 -0.000110067 0.000518477 0.000426985 -6.35668e-05 -0.00565403 -4.95695e-05 -0.002777 -0.00015331 
-0.010096 -0.0414374 -0.0121467 0.0151124 0.0182733 -0.0182134 -0.00376309 -0.0122777 -0.00428511 -0.0185881 0.00767807 -0.000587772 0.208277 -0.00436016 -0.0313462 0.06774 0.0784124 0.0898789 -0.0290642 -0.0100522 -0.0170593 -0.0387946 0.0557425 -0.00264738 -0.0142911 -0.0218309 0.00484706 0.00551379 0.0282128 -0.0540238 -0.00937787 0.0459344 -0.00308297 0.0126547 -0.0128512 -0.0041734 0.00210761 -0.00213482 -0.000936226 0.0319156 0.0014581 0.00128991 0.0483751 -0.0166162 0.0651849 -0.00454112 -0.0248247 -0.0103992 -0.0251307 -0.000425638 0.011158 -0.024351 -0.00304374 -0.0213619 -0.00502605 -0.00177385 0.00584048 -0.0456656 -0.001134 0.00330603 -0.013201 0.00376183 -0.0062036 -0.0447013 0.00306699 -0.040359 0.0075906 -0.0380551 -0.00977149 -0.000391693 0.00712047 0.000304443 0.00921735 -0.00139088 -0.000475057 -0.0341605 -0.0142772 -0.00146513 -0.0158181 0.0197456 -0.00167378 -0.00684977 -0.00562615 -0.000615522 -0.00938048 0.00186113 0.00495772 -0.00167867 -0.000824311 -0.0392787 -0.00779354 -0.0206401 0.000223559 0.0125344 0.000591249 0.00156974 0.0316387 -0.00579685 -0.0247864 -0.00616711 
-0.0177572 0.0132066 -0.00248402 -0.000686009 0.00226362 -0.000730447 -0.001197 -0.0129166 -0.000577844 -0.00455309 0.00953954 0.00187983 -0.00436016 0.0942688 0.00965364 0.00698478 -0.0348826 -0.0053184 0.0296902 -0.0407484 -0.00115138 0.02602 0.00853103 0.0106003 0.0107383 -0.0219487 0.0312006 -0.000270084 0.0162582 0.0248156 -0.0083181 -0.0388398 -0.00217986 -0.0146113 -0.00481659 0.000253691 -0.0031564 8.02648e-05 -0.000219708 0.00443128 0.0101123 -0.00110353 -0.0155519 -0.000832719 0.014582 -0.00415601 -0.0318779 0.0155974 -0.0121896 -0.000426606 -0.0112874 -0.00133073 -0.000499677 0.0365288 0.00588964 -0.00952274 -0.00413673 -0.0115391 7.3718e-05 -0.000615869 -0.0046666 -0.00110786 -0.00204817 -0.0106058 0.00412845 0.0117918 -0.0137537 -0.0105402 -0.0042711 -0.000923897 -0.0111685 -3.46415e-05 0.000688972 -0.00432429 -0.000106634 -0.0155555 0.0151528 -0.00187492 -0.00374297 -0.00591694 -0.000763608 -0.00253126 -0.00240702 -0.00259469 0.00645833 -0.000745419 0.00908693 0.00154849 -0.00274905 -0.011188 -0.000859098 0.00347953 0.000538387 -0.00429948 -0.000438242 -0.00040433 -0.00816126 -0.00191798 0.0230149 -0.00259323 
-0.0362022 -0.0386739 -0.0109011 -0.00247921 -0.012296 -0.00933544 -0.000696153 0.0176147 -0.00167331 0.0196704 0.0174748 0.00139012 -0.0313462 0.00965364 0.162236 -0.0639258 0.00531422 -0.0292175 0.0476089 0.0390921 -0.00428928 -0.0357877 0.0581005 0.00784311 0.054939 -0.0638898 0.0435509 -0.00250927 -0.017056 0.00787953 0.0079212 -0.0209452 -0.00341988 -0.0221718 -0.00718521 0.00720221 -0.00370838 0.00670186 -0.000642379 -0.0134989 0.00781337 -0.00238347 -0.00388409 -0.0563885 0.000769069 -0.00761512 -0.030692 -0.00487183 -0.00887001 -0.00051279 -0.0134652 -0.00682393 -0.0014396 -0.0362402 -0.00188357 0.0106796 0.00624825 -0.0180753 0.00267766 -0.00091248 -0.00287022 -0.00119382 -0.00196929 -0.0302618 -0.00517074 0.0691597 -0.00397586 -0.0166938 -0.0069204 -0.000407264 -0.0131465 -9.34268e-05 -0.00405608 0.00607584 0.000276395 -0.00802911 0.0177219 0.00810284 -0.0109627 -0.0108793 -0.000433058 0.00331062 -0.00135208 -0.00335237 0.0218254 -0.00477869 -0.00125977 0.00473213 -0.00724673 -0.00860521 -0.00617703 0.0636316 0.00265604 0.00630686 8.53244e-05 3.9707e-05 -0.0202625 0.0192767 0.0325824 -0.00215819 
0.0196082 0.0129181 -0.00994591 0.0114346 0.0159955 -0.003002 -0.00456669 -0.0293279 -0.00309578 -0.0313096 -0.0151006 0.00162013 0.06774 0.00698478 -0.0639258 0.194689 0.040685 0.0324867 -0.0257433 -0.0491081 -0.0069965 0.0211946 0.00632482 0.0538038 -0.0089741 0.0265427 0.0179649 0.000807807 0.0530621 -0.0166113 -0.0272064 0.0416448 -0.00566828 0.0218892 -0.0187623 -0.0138711 -0.000435192 -0.00943183 -0.000860387 0.0248343 -0.00643053 0.0014284 0.0177227 0.0712978 0.0399068 -0.000767646 0.00892124 0.0157668 -0.0492595 0.000139984 0.00932398 -0.0257338 -0.000676498 0.0331608 0.00121188 -0.0221078 -0.00500279 -0.0557248 -0.0030054 0.00217733 -0.0145332 -0.00145092 -0.011074 -0.0356349 0.00260573 -0.0446712 -0.00653534 -0.0506484 -0.0186692 -0.00364523 -0.01586 0.000132866 -0.00272976 -0.00353951 -0.000997938 -0.0486583 -0.0100599 -0.00373784 -0.0241746 0.0136075 -0.000948531 -0.0146855 -0.00313698 0.0035912 -0.00924717 0.00648667 0.00424451 -0.00321273 0.00210822 -0.039357 0.00995473 -0.0444418 0.000161375 0.00930427 -0.000757056 0.000249809 0.0275482 -0.0189477 0.00259875 -0.0118765 
0.0223418 -0.0684643 -0.0195124 -0.00101872 -0.0117021 -0.0253864 -0.00385495 0.0469358 -0.00652272 -0.0246968 0.00229218 0.00276216 0.0784124 -0.0348826 0.00531422 0.040685 0.249853 0.0640304 -0.0854245 0.0707422 -0.0240963 -0.103567 0.0449364 0.000738165 -0.0220674 -0.0176006 -0.0668397 -0.000458614 -0.00857546 -0.0910975 0.0308672 0.131792 -0.0058326 0.05335 0.00238779 -0.0162842 -0.00422536 -0.00438264 -0.00112599 0.0179157 -0.0205049 0.00217831 0.0944331 -0.0298774 0.0115709 -0.00448726 0.062676 0.011008 -0.0428352 0.00104948 0.0473353 -0.0210665 -0.00295921 -0.104181 -0.00723428 -0.00782514 0.022603 -0.0923883 0.000361487 0.00179427 -0.00465939 0.0100624 -0.0087178 -0.0670553 -0.00167288 -0.0275476 0.0390628 -0.0220805 -0.010324 6.61922e-06 -0.00183608 0.000163276 0.0026513 -0.000877848 5.11766e-05 -0.0416531 -0.00889319 -0.00629863 -0.0263737 0.0280925 0.00085821 -0.00292786 0.0039985 0.0108055 -0.000729761 0.00575903 -0.022054 -0.00260219 -0.000237367 0.0136635 0.00590024 -0.00359783 -0.0041773 0.0337102 0.00200792 0.000839434 0.0263886 0.0156632 -0.0680062 -0.00674961 
0.0169704 -0.0633347 -0.0181186 0.00991627 0.0049695 -0.0140989 -0.00468193 0.00780169 -0.00602395 -0.0212352 0.0125564 -0.000469704 0.0898789 -0.0053184 -0.0292175 0.0324867 0.0640304 0.243779 -0.0233631 -0.0112274 -0.0201805 -0.0452738 0.0362018 -0.0267335 -0.0332577 -0.0462872 -0.0246285 0.00525971 0.0099036 -0.0636695 -0.00242079 0.0600898 0.00184151 0.0218246 -0.0100804 0.00316687 0.00243692 0.00261363 -0.000958117 0.0411825 0.00116055 0.00157881 0.0576937 -0.0346912 0.065149 0.00260036 -0.00485997 -0.0201784 -0.00726622 -0.000885848 0.0220342 -0.0213304 -0.00665795 -0.0363265 0.00323591 -0.0123472 -0.0023616 -0.0333109 -0.00138768 0.00112253 -0.0155767 -2.05315e-05 -0.00240239 -0.0269212 0.00533262 -0.0388056 0.0275306 0.00414912 -0.00578608 -0.00130759 0.0251543 -0.000102905 0.0128349 -0.00563043 -0.00050476 -0.0209643 -0.0148863 0.000256542 -0.00511897 0.00749516 -0.00187016 -0.00562682 0.00190064 0.00350452 -0.00942776 0.00387964 0.00162605 -0.0019661 0.00286033 -0.0270777 -0.00928384 -0.0351588 0.00445205 0.000844342 0.00253753 -0.00132174 -4.96421e-05 0.0101891 -0.053049 -0.000990318 
-0.076075 0.0296101 0.00445366 -0.00558652 0.00513951 0.0185268 0.00189825 -0.039156 -0.00187124 1.2604e-05 0.0152886 0.00148437 -0.0290642 0.0296902 0.0476089 -0.0257433 -0.0854245 -0.0233631 0.248825 -0.0622831 0.00307172 0.0523075 0.0542457 -0.0296615 0.0210395 -0.0250673 0.115102 -0.00235375 0.00810621 0.0533089 -0.0257327 -0.0957328 0.00149347 -0.0721298 -0.0181255 0.0389266 0.000761602 0.019753 -0.000416223 -0.026835 0.0166619 0.000135852 -0.0767998 -0.0278871 0.0156366 -0.00697157 -0.133342 0.0154627 0.0073662 -0.00113177 -0.0375107 0.0171751 -0.00183204 0.0634214 0.000285884 0.00739079 -0.00446776 0.0246051 0.00152684 -5.23701e-06 -0.0135575 -0.0066584 -0.00190661 -0.00326221 -0.00545485 0.0297823 -0.0536932 -0.0062477 -0.010228 -0.00136123 -0.0145064 3.8536e-05 0.0138012 0.00350795 -0.000135825 -0.00823171 0.0291523 0.0129085 0.0211464 -0.0161516 -0.00112168 -0.00192372 -0.0101015 -0.00983162 0.0116016 -0.00505057 0.0133814 0.00317498 -0.0101528 -0.0321961 -0.0206584 0.0174152 0.00871727 -0.00840165 -0.00158518 -0.000312816 -0.00535505 -0.00621416 0.0849199 -0.000999675 
0.0462808 -0.0726854 -0.0213487 -0.00277982 -0.0310765 -0.0392504 0.000990677 0.0318329 -0.00311896 0.0221221 -0.00121015 0.000106932 -0.0100522 -0.0407484 0.0390921 -0.0491081 0.0707422 -0.0112274 -0.0622831 0.246194 -0.0098372 -0.128912 -0.00112619 -0.00423155 0.00509434 -0.0350033 -0.0686971 -0.00343205 -0.00629096 -0.0299106 0.0223113 0.0835537 0.00325341 0.0163392 0.0112059 -0.0286334 -4.14101e-05 -0.00276837 -0.00180911 0.00417058 -0.0182509 0.000107026 0.0194207 -0.0943845 -0.064989 0.00775998 0.0701739 -0.0261008 0.0487812 0.000771565 0.0233623 -0.0244191 0.00527196 -0.119623 -0.0197505 0.0301519 0.00473185 0.00758565 0.00108154 -0.00312643 0.0210552 -0.00193065 0.00673762 -0.00734705 -0.00659937 0.0292765 0.0330711 0.0271469 0.01382 0.00313711 0.0338888 -0.000216087 -0.0113605 -0.0159697 0.000144224 0.058311 -0.00596455 0.0104603 -0.0148979 0.00471519 -0.000425895 0.004428 0.00773576 0.00422203 0.00929417 -0.00038338 -0.02569 -0.00133992 0.00102085 0.0050838 -0.000585214 0.0439549 -0.0107735 0.021789 -0.000325842 0.000264962 -0.00578309 0.00457245 -0.0289146 0.00811474 
0.00131002 0.0109966 0.00338141 -0.00236831 0.00353761 -0.0029042 0.00217127 -0.0058276 0.00486482 -0.00442971 -0.00529124 -0.00074244 -0.0170593 -0.00115138 -0.00428928 -0.0069965 -0.0240963 -0.0201805 0.00307172 -0.0098372 0.0711433 0.0210113 -0.0145014 -0.00382443 0.000816843 0.0078071 0.000454771 0.000823078 -0.00976229 0.00248703 -0.0029638 -0.024803 -0.000198952 -0.0027798 0.00278067 -0.00264777 0.00330586 -0.00195095 -0.000210162 -0.00186608 0.00196782 0.000373473 -0.00746683 0.0145032 0.000409358 0.00702132 -0.00596523 0.00069409 0.00306244 -0.000146019 -0.00690183 0.0112633 0.000794561 0.0146799 0.00138454 -0.00558027 0.000485498 0.00275576 -6.6351e-05 0.000308263 0.00545971 0.00323404 0.00174343 0.0182452 -0.00119681 -0.00506075 0.00309471 0.00293677 0.00422377 0.0022071 -0.00462734 2.25444e-05 -0.00136117 -0.000469429 3.17619e-05 0.00213769 -0.00571288 -0.00190943 0.00254566 -0.00306567 -0.000267153 -0.000299455 -0.000395081 -0.00186857 -0.00302362 -0.00153943 -0.00280425 0.00153473 -0.000172506 0.00140998 -0.000406253 -0.00586724 -0.00112193 -0.00416507 -0.000395002 -0.000296531 -0.011386 -0.00274612 0.00511909 0.00335383 
-0.0355497 0.0837073 0.0261074 0.00466771 0.021582 0.0432605 -0.000635123 -0.026457 0.00677856 -0.0147862 -0.0038751 -0.00118157 -0.0387946 0.02602 -0.0357877 0.0211946 -0.103567 -0.0452738 0.0523075 -0.128912 0.0210113 0.201926 -0.0182078 -0.00494776 0.0048834 0.0438356 0.0429866 -0.00205812 -0.0132515 0.0549432 -0.0198233 -0.103064 5.76514e-05 -0.022927 -0.00991828 0.00886491 0.00264864 -0.00760358 0.00190135 -0.0080027 0.0160335 -0.000162959 -0.0373099 0.0902617 0.0238946 -0.00458698 -0.0656177 0.000368427 -0.0269165 -0.00106904 -0.0344527 0.040599 -0.00108487 0.127885 0.0187174 -0.0231219 -0.00887995 0.0134468 -0.000841014 -0.000691863 -0.0104196 -0.00166469 -0.0034714 0.0431151 0.00305824 -0.0293731 -0.0326793 -0.00463687 -0.00787318 -0.00112795 -0.0264172 -0.000129561 0.0016657 0.0143796 -0.000112371 -0.0327651 -0.00386747 -0.00819395 0.0276773 -0.0123954 -4.05247e-05 -0.000710355 -0.0064831 -0.00755744 -0.00899047 -0.00262922 0.0227462 0.000635825 0.000609084 0.0161714 -0.00268564 -0.0310185 0.00931171 -0.021444 -0.00133404 -0.000646922 -0.022513 -0.00788155 0.00319666 -0.00403598 
-0.0785342 -0.0412613 -0.0200628 0.00668383 -0.00276986 -0.0162297 -0.00561535 0.0209219 -0.00516176 -0.0137541 0.0138584 -0.000410302 0.0557425 0.00853103 0.0581005 0.00632482 0.0449364 0.0362018 0.0542457 -0.00112619 -0.0145014 -0.0182078 0.245537 0.0240439 0.040176 -0.0875293 0.0770013 -0.00328343 0.00645639 -0.0233168 -0.0021068 0.0201615 -0.00157731 -0.0452987 -0.0248254 0.0178159 -0.0065117 0.0101296 -0.00185919 -0.00215547 0.0162463 -0.00178447 0.0254203 -0.0279704 0.0410902 -0.0230051 -0.07571 0.00363123 -0.0427413 -0.0018217 -0.0120751 -0.0106207 -0.00321415 0.000311545 -6.1821e-06 -0.00556176 0.00534302 -0.065783 0.00113588 0.000858942 -0.021784 -0.00272502 -0.00949258 -0.0572008 -0.00826547 0.0173972 0.0061748 -0.0483786 -0.0171057 8.80407e-05 -0.022072 -9.90657e-05 0.00110171 -0.00103378 -0.000214037 -0.06054 0.0307247 0.014088 -0.0231956 0.00337359 -0.00142525 -0.00293954 -0.0115687 -0.00453968 0.0115384 -0.00126362 0.00455364 0.00220029 -0.0107285 -0.0165303 -0.0235975 0.0235511 0.0117928 0.0295795 -0.00159396 0.00180157 0.00475018 0.0220325 0.0141297 -0.00709735 
0.0121782 0.00652605 -0.0150364 -0.0167313 -0.000963585 -0.014121 0.000986725 0.0119562 -0.00379638 0.0109134 -0.032163 -0.00248903 -0.00264738 0.0106003 0.00784311 0.0538038 0.000738165 -0.0267335 -0.0296615 -0.00423155 -0.00382443 -0.00494776 0.0240439 0.231323 0.033033 -0.0352748 0.0123407 -0.00266652 0.0342245 0.0137601 -0.01537 0.0097959 -0.00339092 0.00972798 -0.0125455 -0.0154252 -0.00996088 -0.0139303 -0.00137273 -0.0145993 -0.010234 -0.00290053 0.0280318 0.033164 -0.00943784 -0.019153 0.0491418 0.0149716 -0.0375654 -0.000104744 0.0150001 -0.0270162 -0.0056899 -0.00222779 -0.00482323 0.00731619 -0.0128498 -0.0292132 -0.00226871 -0.00126274 -0.0110238 -0.00199018 -0.00896404 -0.0449838 0.00475652 0.0374157 0.00122547 -0.0632505 -0.0179431 -0.00488377 -0.023183 -0.000250444 -0.0169245 -0.0165206 -0.00069039 -0.0252131 0.0156037 0.00344218 -0.030081 -0.000879989 -0.00156055 -0.00732884 -0.00289805 0.00239612 0.00416363 -0.00139553 0.00608906 0.00048017 -0.00620531 -0.0220189 0.0128934 0.0158787 0.0046969 0.00196496 -0.00197608 -0.000336772 0.014436 -0.0158786 0.0290846 -0.0129366 
-0.034265 -0.0270017 -0.0117039 0.0263326 -0.0118514 -0.0149038 0.00301936 -0.00504201 -0.0014364 0.0164904 -0.00754773 -0.00352107 -0.0142911 0.0107383 0.054939 -0.0089741 -0.0220674 -0.0332577 0.0210395 0.00509434 0.000816843 0.0048834 0.040176 0.033033 0.180859 -0.0691121 0.0698179 -0.00287993 0.0210006 -0.0128407 -0.0167283 -0.010539 0.00100212 -0.0252262 -0.00902608 -0.00364655 0.00414487 -0.00423501 -0.000575116 0.0142399 0.00850618 -0.00172045 0.0124719 0.0207811 0.0177817 -0.0067226 -0.0299935 0.0108554 -0.0206369 -0.00019867 -0.0245885 -0.0124296 -0.00257645 -0.000608475 0.00937791 0.00720138 -0.00829321 -0.0315123 0.000228193 -0.000381823 -0.00478532 -0.00435057 -0.00313537 -0.0297026 -0.00347746 0.0427256 -0.00534455 -0.031925 -0.00892567 -0.00203549 -0.0203344 -9.63764e-05 -0.00453229 0.000253418 8.6665e-05 -0.0226859 0.010634 0.00357645 -0.0114057 -0.00422513 -0.000543959 -0.00313071 -0.00413531 -0.00582983 0.00992231 -0.00243586 0.00178571 0.00475788 -0.00384791 -0.0293335 -0.00396108 0.0244993 0.00538645 0.0196681 -0.000948205 0.00160427 -0.0255378 -0.00548965 0.0177505 -0.00499159 
0.0515863 0.0569856 0.0285495 -0.00565533 0.0138996 0.0287085 -0.00117781 -0.0306271 0.00550506 -0.019507 -0.0174864 -0.00157735 -0.0218309 -0.0219487 -0.0638898 0.0265427 -0.0176006 -0.0462872 -0.0250673 -0.0350033 0.0078071 0.0438356 -0.0875293 -0.0352748 -0.0691121 0.231281 -0.0649166 -0.00160329 -0.00641255 0.0185492 0.0044359 -0.0148616 -0.00117536 0.042505 0.0116369 -0.00615187 0.00247721 -0.00649367 0.00144792 -0.0219675 -0.0110779 0.00335401 -0.0620124 0.030638 -0.033746 0.0220486 0.0280302 -0.00602921 -0.00294402 0.000148704 0.00348297 0.029735 0.00426832 0.0289979 -0.00136772 0.00063321 -0.0027703 0.0429521 -0.00207666 -0.000270678 0.0111589 0.000323862 -0.0020445 0.049093 -0.00581781 -0.0320665 -0.0336741 0.0227445 0.00530588 -6.10461e-05 -0.00983573 8.23076e-05 -0.00119391 0.00368483 -0.000308438 0.0109194 -0.0302993 -0.0140397 0.0204846 0.00438995 0.00171864 0.00174683 0.00193178 0.00381328 -0.0116853 -0.00133914 -0.010068 -0.0026456 0.0059485 0.0247879 0.0129166 -0.0284297 -0.00704846 -0.0158496 -0.000220277 -0.0014855 0.0183332 -0.0112304 -0.00276737 -0.00186345 
-0.086649 0.00589633 -0.00781372 0.0154239 0.00586619 -0.00154794 -0.00145528 -0.0361768 -0.00196414 -0.00253396 0.0100655 0.000101084 0.00484706 0.0312006 0.0435509 0.0179649 -0.0668397 -0.0246285 0.115102 -0.0686971 0.000454771 0.0429866 0.0770013 0.0123407 0.0698179 -0.0649166 0.244062 0.000289436 0.0501923 0.0466097 -0.028839 -0.0664177 -0.00230266 -0.0617606 -0.021579 0.0250944 0.000777292 0.0188501 -0.00113305 -0.00663246 0.0256309 -0.00282149 -0.0281063 0.0403243 0.0219038 -0.0159726 -0.107708 0.00841308 -0.0313654 -0.00110376 -0.0492794 -0.0220998 -0.00168064 0.0641296 0.000132121 0.00472402 -0.0114036 -0.0113106 -0.000339666 0.00170054 -0.0153997 -0.00923048 -0.00799381 -0.035253 -0.00476666 0.0276956 -0.0407995 -0.0469935 -0.0168721 -0.00170027 -0.0378807 0.000150595 0.00606255 0.00553228 -0.000431854 -0.0453655 0.0235048 0.0140622 -0.0108782 -0.0106572 -0.000775123 -0.005193 -0.010773 -0.00734172 0.0147944 0.00106923 0.0160796 0.00179531 -0.0052863 -0.0488443 -0.0147908 0.0198923 -6.85345e-06 -0.00342309 -0.00216999 0.00152499 -0.00388975 -0.00466958 0.0949523 -0.00610521 
0.00456331 -0.00286033 0.000102168 -0.000476999 0.00263951 0.000200761 -3.43204e-06 -0.00189186 -0.000119321 -0.000572351 -0.000759401 0.000141997 0.00551379 -0.000270084 -0.00250927 0.000807807 -0.000458614 0.00525971 -0.00235375 -0.00343205 0.000823078 -0.00205812 -0.00328343 -0.00266652 -0.00287993 -0.00160329 0.000289436 0.0168742 -0.001723 -0.00149668 -0.000969739 -0.0033292 -0.000130616 0.000600647 0.000318478 -7.23453e-05 0.000837472 0.000337772 -4.54747e-05 0.00242271 0.00047651 0.0001076 -0.00193993 -0.00312311 0.00541726 -0.000449402 -0.00164299 -0.000730923 0.000983232 7.13996e-05 0.000932356 -0.00131878 -0.000270222 -6.48777e-05 0.000210202 -0.000914972 -0.000239435 -0.000702013 -7.08677e-05 -2.95077e-06 -0.000123176 0.000611814 0.00032106 0.000708362 0.000237166 -0.00214355 0.00101698 0.000168218 0.000837667 -8.0119e-06 0.00275067 0.000111371 0.00092259 -0.000516712 -1.03177e-05 0.000378647 -0.000953977 -0.000155574 -3.08344e-06 0.000567239 -0.000127172 -0.00035864 0.00030341 8.999e-05 -0.000603465 0.000170671 0.000161719 -3.49998e-05 0.000302603 -0.00235627 0.000783397 -0.00185943 -1.66814e-05 -0.00110384 0.000132208 -4.55169e-05 -0.00203455 -0.000186778 -0.00162067 0.0011915 
0.0135595 0.00311843 -0.0254158 0.00860009 0.00282026 -0.016758 0.000231494 -0.0552709 -0.00572132 0.00324438 -0.00609638 -0.00320088 0.0282128 0.0162582 -0.017056 0.0530621 -0.00857546 0.0099036 0.00810621 -0.00629096 -0.00976229 -0.0132515 0.00645639 0.0342245 0.0210006 -0.00641255 0.0501923 -0.001723 0.192763 0.0167818 -0.0444568 0.022186 -0.000169488 0.0104772 -0.013942 -0.0133978 0.00125169 0.00139743 -0.00181442 0.0214904 0.0045197 -0.000956393 -0.0380533 0.00773001 0.0205793 0.00271904 -0.00191669 0.0170395 -0.00426081 -0.000146164 -0.000591467 -0.0385046 -0.00553216 0.00988079 -0.000671049 -0.00349511 -0.0252194 0.00368061 -0.00380588 -0.00144245 -0.0169215 -0.00978112 -0.00686453 -0.0208794 -0.00676142 0.01335 -0.0188703 -0.0344325 -0.00905563 -0.00230204 -0.00160955 -2.83546e-05 0.00168768 -0.0202619 -0.00120215 -0.00358856 -0.000711784 0.00462414 -0.0229811 0.00427682 -0.00131884 -0.0122039 -0.00683576 0.000367233 0.00446995 0.00219314 0.00401468 -0.00304597 0.00514803 -0.0786092 0.00839965 -0.00165893 -0.00598402 0.00858017 -0.00248831 -0.000277342 0.0141431 -0.0334997 0.0412415 -0.00789819 
-0.0329829 0.0525553 0.0126703 -0.0145278 0.00943555 0.0261965 -0.0010876 -0.0257351 0.00274543 0.0126492 -0.00931226 0.00227545 -0.0540238 0.0248156 0.00787953 -0.0166113 -0.0910975 -0.0636695 0.0533089 -0.0299106 0.00248703 0.0549432 -0.0233168 0.0137601 -0.0128407 0.0185492 0.0466097 -0.00149668 0.0167818 0.177378 -0.0164246 -0.0820658 -0.000741014 -0.031555 -0.00657165 0.00209334 -0.00587553 0.00558874 0.000500213 -0.0329937 0.000472926 -0.00228766 -0.0573787 0.00344056 -0.0332115 -0.00885147 -0.0268617 -0.00985348 0.00443935 -5.57822e-06 -0.0263003 0.0103343 -0.000427891 0.0617091 -0.00923258 -0.00104592 -0.0121718 0.0601357 -0.00101092 -0.00195499 -0.00582442 -0.00536301 0.00125874 0.0300389 -0.0021767 0.0324469 -0.0240145 -0.00207905 -0.0071171 -0.00013175 -0.0155763 -4.69625e-05 0.00075693 -0.00205069 -0.00036678 0.00727682 0.0116875 0.00953729 0.0197068 -0.0155667 -0.000474246 -0.000540589 -0.00363579 -0.00452657 0.013782 -0.00378872 0.00110231 -0.000735535 -0.00552888 -0.00647108 -0.00513117 0.0202755 -0.00441054 -0.0181333 -0.00111395 -0.00119018 -0.0124984 -0.00972325 0.071355 -0.00132895 
0.00568261 -0.0176813 0.00234902 -0.00560266 -0.00488405 -0.00529536 -0.000618857 0.0309893 -0.0010932 -0.00453348 0.00259579 7.63564e-05 -0.00937787 -0.0083181 0.0079212 -0.0272064 0.0308672 -0.00242079 -0.0257327 0.0223113 -0.0029638 -0.0198233 -0.0021068 -0.01537 -0.0167283 0.0044359 -0.028839 -0.000969739 -0.0444568 -0.0164246 0.0933272 0.0130861 0.000409202 0.00431056 0.01474 -0.00399355 -0.000969198 -0.00114247 -6.7658e-05 -0.00615655 -0.00518734 0.00149706 0.0222275 -0.0158776 -0.0189099 0.000999858 0.0177806 -0.00563543 -0.00342915 4.38111e-05 0.0100422 0.00497972 0.0034973 -0.026773 -0.000763599 -0.0054277 0.0149262 -0.0129503 0.00158628 0.000388024 0.00709148 0.0033282 -0.000282592 -0.0077016 -0.00157121 -0.0116678 0.0100895 0.0196931 0.00272354 0.00138084 -0.000205777 -9.296e-06 -0.0015282 0.00712616 0.000597924 0.00130904 -0.00574127 -0.00216683 -0.00309894 -0.00402752 0.000721635 0.00701142 0.00312527 -0.00187739 -0.00218794 -0.00107115 -0.00493418 0.000191262 -0.00261042 0.0370217 -0.00186791 0.0055858 -0.00143789 -0.000943598 0.00171198 0.000166621 0.00258713 0.0200033 -0.0227814 0.00290727 
0.024415 -0.049262 -0.0215126 0.0106706 -0.00790388 -0.0278438 -0.00181156 0.0398029 -0.00677086 -0.0058786 0.000503456 -0.00110661 0.0459344 -0.0388398 -0.0209452 0.0416448 0.131792 0.0600898 -0.0957328 0.0835537 -0.024803 -0.103064 0.0201615 0.0097959 -0.010539 -0.0148616 -0.0664177 -0.0033292 0.022186 -0.0820658 0.0130861 0.249303 -0.000700003 0.0360293 -0.0003295 -0.0217425 -0.00558165 -0.00772675 -0.00143404 0.0185724 -0.0201581 0.00119698 0.0617284 -0.0189148 -0.00586998 -0.00305178 0.0878961 0.0113608 -0.0102722 0.000191595 0.0418564 -0.0299086 -0.00346861 -0.0958495 -0.0136184 -0.013464 0.00627528 -0.0547848 0.000639389 -0.000574074 -0.00489241 4.53548e-05 -0.00207947 -0.0508991 -4.50948e-05 -0.0286567 0.0467246 -0.00904333 -4.38286e-05 -0.00134388 0.0243933 -0.00017889 -0.00981837 -0.00554821 -0.00015344 -0.00982251 -0.0163322 -0.0153986 -0.0270246 0.0181898 0.000834514 -7.05909e-05 0.00149819 0.011784 -0.0101239 0.00703755 -0.0197041 -0.00307557 0.00236284 0.0029606 0.00626395 -0.0253796 -0.00927308 0.0237365 0.000557943 0.000723251 0.0328176 0.00991236 -0.0638769 -0.00560636 
0.00126319 -0.000660355 -0.000781012 -0.0015676 -0.000784629 0.000258566 -0.000132707 -0.000103704 -0.000303363 0.00205028 -0.00246499 -0.000424369 -0.00308297 -0.00217986 -0.00341988 -0.00566828 -0.0058326 0.00184151 0.00149347 0.00325341 -0.000198952 5.76514e-05 -0.00157731 -0.00339092 0.00100212 -0.00117536 -0.00230266 -0.000130616 -0.000169488 -0.000741014 0.000409202 -0.000700003 0.0311053 -0.00287829 -0.000924274 6.20089e-05 -0.000280156 0.00252574 -0.000112937 -0.00238333 -0.000337349 0.000104033 -0.00448603 -0.00556606 -0.00271334 -0.000738484 -0.00713021 -0.00189914 0.00463283 -1.95569e-05 -0.00391852 0.00197883 0.000675268 -0.00268764 -0.000485191 0.00395737 -0.00152723 0.0087103 -1.2523e-05 6.39612e-05 -0.000333912 -0.000449979 0.0025915 0.00493855 -0.000284058 -1.44363e-05 -0.0035902 0.00422655 -0.000300055 0.000912222 0.00105877 -1.65736e-05 0.00266576 -0.00117609 -9.86698e-06 0.00570443 -0.000234397 -0.000798304 0.00479718 -0.00113025 -4.18362e-05 -8.32126e-05 -0.000231879 -0.000742525 -0.00136559 9.75917e-05 -0.00100445 -0.000156661 -0.000757062 -0.000497094 -0.000537194 -0.000563241 -8.78938e-05 -0.000127507 2.65131e-05 -4.70096e-05 -0.00198001 -0.000625694 -0.000127694 0.000743444 
0.0611059 -0.0189519 -0.00765444 -0.00211935 -0.000899922 -0.0100859 -0.00242054 -0.000961534 -0.00031599 -0.0084647 -0.0108291 -0.00113611 0.0126547 -0.0146113 -0.0221718 0.0218892 0.05335 0.0218246 -0.0721298 0.0163392 -0.0027798 -0.022927 -0.0452987 0.00972798 -0.0252262 0.042505 -0.0617606 0.000600647 0.0104772 -0.031555 0.00431056 0.0360293 -0.00287829 0.145076 0.0137179 -0.0147466 0.00314206 -0.00718829 -0.000412593 0.0209681 -0.0102939 0.000802729 0.016588 0.00736473 -0.00147378 0.0101929 0.0587675 -0.00193134 -0.0170641 0.000941731 0.0316275 -0.0125295 -0.000936344 -0.0278543 0.00228299 -0.000692957 -0.00333392 -0.0258153 -0.00103382 -0.000454769 0.00315195 0.00550658 -0.00284281 -0.0118232 -0.00247164 -0.0164927 0.0051326 0.00253588 -0.00396909 -0.00166058 0.000710839 -3.92142e-05 -0.00347801 -0.0068757 -0.000348321 -0.00746025 -0.0149678 -0.00839793 -0.0102519 0.0103009 -0.000334845 -0.0040024 0.0103735 0.00892689 -0.0068976 0.00138249 -0.00899306 -0.00131353 0.00940387 0.00305745 0.0206688 -0.0142953 -0.00394802 -0.0113246 0.00203698 -0.000716724 -0.00181492 -0.00540408 -0.0409835 -0.00342821 
0.0101 -0.00438867 0.00287977 -0.00302657 -0.00351392 -0.00428928 0.000403317 0.00202526 0.000720332 0.00167992 -0.000868832 -0.000935083 -0.0128512 -0.00481659 -0.00718521 -0.0187623 0.00238779 -0.0100804 -0.0181255 0.0112059 0.00278067 -0.00991828 -0.0248254 -0.0125455 -0.00902608 0.0116369 -0.021579 0.000318478 -0.013942 -0.00657165 0.01474 -0.0003295 -0.000924274 0.0137179 0.052809 -0.00508284 0.00150393 -0.00193421 -9.83689e-05 -0.00204 -0.00187655 0.000128437 -0.00206763 -0.0117186 -0.0114278 0.00383287 0.0174757 -0.00261677 0.0139918 0.000442812 0.00469379 -0.0023698 -0.000223319 -0.0131258 0.00220391 -0.00114386 0.00166074 0.00593415 -0.000116614 -0.000474383 0.0177577 0.00213571 0.00352567 0.0082453 -0.00010324 -0.00516674 0.00451791 0.0195567 0.00991624 0.000683235 0.00516237 5.70117e-06 -0.00168822 -0.00201662 0.000177218 0.0204811 -0.00481643 -0.00263616 -0.000818112 -0.00241772 -4.51449e-05 0.00167269 0.00388458 -0.000126105 -0.00198467 -0.00026654 -0.00223743 -0.000307792 -0.000475574 0.0123815 -0.00118855 -0.00405753 -0.00160193 -0.00440765 0.000583043 -0.000258559 0.00276402 -0.000770699 -0.0119149 0.00140433 
