0.0133442 0.000910205 -0.000308954 0.000157585 0.00273336 4.95891e-05 -0.000285479 -0.00210452 -8.16902e-05 -0.00368256 -1.60989e-05 -0.000164584 5.50007e-05 -0.00093279 -0.00416023 -0.000438796 0.000128328 0.00206701 -0.00275896 -0.000466515 0.0041832 -0.00343413 0.000160152 -0.000891229 -0.00115625 0.000309087 -9.26005e-05 -0.0010436 -0.00155158 -0.00215453 0.000162033 0.00192436 0.000371825 -0.000212289 -0.00135379 -0.000300488 -0.000245431 -0.000634779 -0.000638729 0.00173361 -0.000253242 0.00127574 -0.000337723 -0.000180733 0.00415553 -0.000102597 -3.46589e-05 -3.07735e-05 -0.00032832 0.000633603 -0.000836592 0.00010424 -0.000202015 -0.000388567 9.53141e-05 0.000889374 0.000192801 0.00106802 -0.00133029 -0.00101723 0.00103469 -0.000150499 -1.31585e-05 0.000462211 0.000129422 0.000404352 -9.25411e-05 -0.000537841 -0.000189032 -5.16506e-05 -0.000111775 -7.99429e-06 -0.00136038 0.000202667 0.00205853 -0.000104313 0.000115971 -0.000848933 -6.19135e-05 -0.00139779 6.24119e-05 -4.71955e-05 -0.00452933 0.00155176 6.34873e-05 -0.00150943 -0.000152681 -0.0003256 0.000424468 -0.00020597 -0.000280433 -0.000140524 0.00148719 0.00148389 0.000266263 2.12983e-05 -8.68127e-05 -0.000165722 0.000108892 -5.67524e-05 
0.000910205 0.165881 0.0248933 0.02776 0.0269311 -0.00142268 0.000462878 -0.0307676 -0.0024521 -0.0173534 -0.000424659 0.000697131 -0.000227474 -0.0174346 -0.0652325 -0.0150789 -0.00832867 0.0282201 -0.0133137 -0.00775786 0.00588874 0.0261419 -0.0089216 -0.00277802 -0.0131123 0.00315664 0.00743358 -0.0189514 -0.0341445 0.000774179 -0.00139419 0.00591796 -0.00470967 -0.00742913 -0.0158255 0.00719506 -0.00977762 0.00172138 -0.00309512 0.0138004 0.000509592 0.00775167 -0.0201738 0.000466341 -0.00288766 -0.000310884 0.00513046 -0.000800269 0.00570257 0.022018 -0.0166104 -0.000385509 -0.000783555 -0.00598805 -0.000562323 0.0167658 0.000153482 0.00113988 0.000926798 0.000652514 -0.0120583 0.00869515 0.00153052 0.0051122 0.00408393 -0.00343868 -0.0023706 -0.00640682 0.00612134 -0.000743506 -0.000116074 -0.000242571 -0.0184979 -0.00195714 0.0116705 -0.000401737 0.000371175 -0.00277573 -0.00217355 -0.0145742 0.0121934 0.00211817 -0.044366 0.00216872 0.00576466 -0.00308634 -0.00413718 -0.00372642 -0.00827951 -0.000807377 0.00699989 0.00214783 0.00616133 -0.0163429 -0.00226129 0.0133644 -0.00221261 -0.00231484 0.00177412 0.00244755 
-0.000308954 0.0248933 0.139989 -0.00790745 -0.0308957 0.00493876 0.00195094 -0.0175544 0.000948194 0.024138 2.6585e-05 0.00360644 -0.00043842 -0.018564 0.00135237 0.0358013 -0.0308976 0.024625 -0.000142862 -0.0102435 -0.014183 0.0191413 -0.00279085 0.0104565 -0.0091217 0.0102527 0.00705474 -0.0162491 0.0215271 0.034386 0.000916067 -0.026924 -0.00406556 -0.00553324 0.0057482 -0.034641 -0.00492718 -0.00868575 0.00522915 0.0127565 -0.00548842 -0.00748376 -0.00815337 0.0106821 0.0138747 0.00242394 -0.0018482 -0.000849882 0.0060618 -0.00654143 -0.00908153 0.000160218 0.00621007 0.00101048 0.000286117 -0.0215953 0.00888649 -0.0035542 0.0037368 -0.0234134 -0.0307304 0.00195517 -0.000971339 0.00492178 -0.00925558 -0.00122379 -0.00256894 -0.00413436 0.00175623 -0.00057363 -0.000757348 -1.81808e-05 -0.00327614 -0.00236017 -0.0298087 -0.000627766 0.00135586 0.00333941 0.00092643 -0.00902381 0.0196862 0.000375289 -0.0121153 0.00158696 0.00516716 -0.00826298 0.00490334 -0.0043498 -0.00914779 0.00294125 -0.00306983 0.00231264 -0.0190816 0.000898203 -0.000961727 -0.01202 -0.00082677 9.23125e-05 0.00155973 0.000400775 
0.000157585 0.02776 -0.00790745 0.231522 0.089243 -0.00583839 -0.0103809 -0.108398 -0.00499885 0.0398959 -0.000153295 -0.0109461 0.000375994 -0.0582742 -0.0332696 -0.0952502 0.0585392 0.0842646 0.099246 0.0120531 0.0151001 0.0537379 0.0206598 -0.048874 -0.0484299 -0.0140443 -0.018457 0.00445315 -0.0348776 -0.10728 -0.00363692 -0.0593503 -0.0302264 0.000237861 -0.0203028 -0.0441698 -0.014444 -0.00515139 0.00183791 0.00182442 -0.000396278 0.0140291 -0.0451688 -0.00495925 0.00407605 -0.00640293 0.00061543 0.000180501 -0.00468037 0.00182741 -0.0668155 -0.000397941 0.00158191 -0.00880682 -0.00243214 0.0272381 0.00143773 -0.00224117 0.0101604 0.0861562 0.0705146 0.00158685 -0.0096782 0.000555933 -0.0261612 -0.00241405 -0.00113307 -0.010093 0.00465259 -0.00187397 0.00181777 -0.000351721 -0.030725 0.000860441 0.134879 -4.37663e-05 -0.00460896 -0.0278893 -0.00169601 -0.0330659 -0.00983759 -0.00332284 0.0565303 0.00356155 -0.00260469 0.00583864 -0.0632569 0.000372373 -0.0238322 -0.0224112 0.00710142 -0.00434835 0.0234382 -0.0259848 -0.00479244 0.0278105 0.00108356 0.00558652 0.00100826 0.00167842 
0.00273336 0.0269311 -0.0308957 0.089243 0.244165 -0.00332147 -0.0146895 -0.0330714 -0.00607875 -0.0165105 -0.000890813 0.00450198 0.000271935 -0.0721156 -0.0773184 -0.0746748 0.0477878 0.0563831 0.0111962 0.0177162 0.0422108 0.0179106 0.0159598 -0.0135881 -0.0323671 -0.0115268 -0.0141446 -0.00739178 -0.0238412 -0.0503897 -0.00515416 0.0102143 -0.0152826 0.00280306 -0.0318212 0.0312862 -0.0197787 -0.0136792 -0.0134348 0.00299811 -0.00633771 0.0122091 -0.0427351 -0.0119334 0.00144792 -0.00611959 0.00104431 -0.00137722 -0.00279174 0.0191653 -0.0611306 -0.000196433 -0.00742464 -0.0144159 -0.00203154 0.0606984 -0.00713602 -0.00242521 -0.0253686 0.0673027 0.0392175 0.00310432 -0.00618937 -0.00142115 0.000747547 -0.00310881 0.00019934 0.0010808 0.00755231 -0.000761168 0.00535214 -0.000516136 -0.0350532 -0.00225282 0.0925136 -0.000175425 -0.00796719 0.00465196 -0.00373658 -0.0284627 -0.0171619 -0.00203745 -0.00755803 0.0056013 -0.00320197 -0.0168552 -0.0469199 -0.00808259 -0.013144 -0.0149497 0.00693446 -0.00195308 0.033175 -0.0219514 -4.26493e-05 0.0288314 0.000361317 0.00105364 -0.00214708 0.00248301 
4.95891e-05 -0.00142268 0.00493876 -0.00583839 -0.00332147 0.0215575 9.62133e-05 0.00345823 0.00016384 -0.000132683 7.94175e-05 -0.000358691 -1.19106e-05 -0.000265257 -0.00497248 0.000360526 -0.00553994 0.00160332 -0.00496408 -0.00275983 -0.00216708 0.00217462 -0.00130034 -0.00042888 0.00118235 0.00274286 0.000251032 -0.00276857 -0.000750207 0.00302498 5.26615e-05 -0.00119872 0.00194596 -0.000620271 0.00564782 0.00128927 0.00191868 -0.000882504 -0.000486763 -0.000243906 -0.000355647 0.000953158 -0.00111944 0.0015368 0.0016957 0.000627849 -1.55858e-05 -7.42946e-05 0.000140697 0.00243785 0.00309749 -2.52479e-05 0.000357266 0.00118521 0.000253572 -0.00164996 0.0017335 -0.000598021 9.04066e-05 -0.00232578 -0.00318687 -0.00052063 -6.77428e-05 0.000410168 0.00108444 0.000376342 0.00018142 -0.000338848 6.00788e-05 -8.79047e-05 -5.4266e-05 -2.25547e-05 -0.00515347 -0.000193025 -0.00574538 -3.98573e-05 -0.000297653 -0.000917346 0.000751181 -0.00207354 -0.000377526 -0.000271174 -0.00590205 -0.000345011 0.000407887 -0.00258695 0.00233569 -0.000137204 -0.000317297 -0.000830347 -0.000581119 0.000340646 -0.00201537 0.00583184 0.000953955 -0.00193717 0.000226116 0.0005824 0.000240666 0.000168998 
-0.000285479 0.000462878 0.00195094 -0.0103809 -0.0146895 9.62133e-05 0.0324742 0.00649725 -6.55072e-05 -0.000846555 -3.58122e-05 -0.00197422 -1.75456e-05 0.00729071 0.00285159 0.00920095 -0.00269176 -0.00559321 0.00209315 -0.0020266 -0.00294031 0.00123417 -0.00355474 7.54788e-05 -0.00305955 -0.000359073 0.00115352 -0.000791385 -0.00491923 0.00449158 0.000995651 0.00477942 0.00210954 -0.000900846 -0.00103431 -0.0032995 0.00407463 -0.00146003 0.000170682 -0.000659995 0.00168943 -0.00204133 0.0015923 0.00131468 -0.000467494 0.00218982 -0.000206374 -7.16689e-05 -0.00020819 -0.00111929 0.00356141 0.000182536 0.000339057 0.000327145 -5.26862e-05 -0.0040456 0.0013287 0.000852474 0.00189325 -0.00572122 -0.00529014 -6.01694e-05 -1.11053e-05 -0.000146571 0.00168944 -0.000194783 -0.000168948 0.000613524 -0.000525984 -5.38215e-05 -0.000475351 0.000211756 -0.000131155 4.25526e-05 -0.0119473 1.41986e-05 0.000606788 4.17553e-05 0.000395489 0.00623147 0.00141508 -6.30274e-05 -0.00518629 -0.000853245 0.000330684 0.000810985 -0.00287938 -0.000978276 -0.0015737 -0.00181461 -0.000464302 -0.000259088 -0.00300505 0.0037799 -0.000358896 -0.00370068 -0.000211579 0.000706774 0.00189049 -0.000180901 
-0.00210452 -0.0307676 -0.0175544 -0.108398 -0.0330714 0.00345823 0.00649725 0.238849 -0.00146229 -0.0598933 -0.00072071 0.0284947 -0.000777121 0.0333449 0.0119043 0.0974864 -0.0166256 -0.10398 -0.116927 0.0169616 -0.00780156 -0.0556445 0.00331768 0.0455236 0.0273479 -0.00722508 -0.00186588 -0.0277783 0.0151305 0.102303 -0.00314464 0.107461 0.0258705 -0.00550584 0.0157465 0.093909 0.0180042 0.00401069 0.000253762 -0.0211924 -0.00183424 -0.0281388 0.0355952 -0.00559497 -0.0241777 0.00382665 -0.00143097 -0.000822729 0.00348157 0.00992656 0.0412516 -0.000483867 -0.0101993 0.00589912 0.000918959 -0.0104223 -0.00357282 -0.00174568 -0.0252484 -0.0732276 -0.0843077 -0.00727665 0.00826327 -0.00548724 0.0306934 -0.00432039 -0.00319243 0.0121576 0.00552538 0.000481891 -0.00343685 0.000148402 0.0306856 1.04865e-05 -0.131239 0.000419239 -0.00343198 0.0202976 0.000662158 0.0244664 0.00568197 -0.00227274 -0.0950873 -0.00937345 -0.00444767 -0.0150326 0.0550881 -0.00831251 0.00419796 0.028866 -0.00879562 -0.00092811 -0.00400169 0.0250729 0.00346658 -0.0347154 -0.00395388 -0.00811482 -0.00275719 -0.00313401 
-8.16902e-05 -0.0024521 0.000948194 -0.00499885 -0.00607875 0.00016384 -6.55072e-05 -0.00146229 0.014367 -0.000954443 5.8703e-07 -0.000275327 1.62853e-05 -0.00123588 0.00206305 -0.00106792 -0.00665025 -0.00322728 0.00103118 -0.00182636 -0.00101338 -0.0012564 1.16359e-05 0.00135735 0.00299461 0.000846302 0.000549243 0.00440513 -0.000755827 0.00107045 0.000189838 -0.00513701 -0.000791837 -0.000385907 0.00302794 -0.0038183 0.00018231 0.00032157 -0.000545876 0.00017507 0.000701124 0.000177853 -0.000237159 8.90626e-05 0.000398761 0.000233117 0.000211219 0.000256266 4.76544e-05 -0.000979467 0.00205257 0.000173859 0.00037889 0.00084918 0.000117386 -0.00228114 0.00212678 -0.000215378 0.0017964 -0.0020336 0.00167734 -0.000109229 -0.000170379 0.000398453 -0.000605419 -0.000249661 -0.000315627 2.25656e-05 -0.000182466 0.000185386 -0.000209394 -1.07591e-05 -0.00278916 -7.76621e-05 -0.000697485 -4.01147e-05 0.000225179 9.98586e-05 9.00715e-06 0.00138542 -0.00131086 1.07883e-05 0.00427856 -0.000156764 -6.32859e-05 5.08393e-05 0.000716596 0.00232316 0.000172648 -1.32432e-05 1.23552e-05 0.000349773 -0.000261343 0.00037433 0.000490569 0.000978022 0.000308551 -2.64963e-05 -0.0002085 -7.53483e-05 
-0.00368256 -0.0173534 0.024138 0.0398959 -0.0165105 -0.000132683 -0.000846555 -0.0598933 -0.000954443 0.220469 -0.000306586 -0.00874826 -0.000651742 -0.0269885 0.00316255 0.00150549 0.02189 0.050707 0.0854593 -0.0101535 -0.023628 -0.000622066 -0.00222079 -0.0105329 -0.0245793 -0.00275805 0.00546788 0.0202911 -0.0250847 -0.0301707 -0.00217731 -0.0676328 -0.00975529 0.0043792 -0.00465701 -0.0452716 -0.00409131 -0.0141941 0.00686485 -0.00369243 0.0127837 -0.013816 -0.0215756 0.00563802 0.0102596 2.36169e-06 -0.00312288 -0.00153287 0.00572798 -0.0174852 -0.0363395 -0.000448133 0.00550755 -0.00631095 -0.000998952 -0.0403145 0.00345086 -0.00723454 0.0387822 0.0132916 0.0207067 -0.000864388 -0.000998546 0.00568242 -0.00232201 0.00174372 0.00166256 -0.0124817 -0.00728172 -0.000398317 -0.000731899 -0.000318871 -0.0379872 0.00177512 0.0480654 -0.0013137 -0.00255496 -0.0123989 0.00311803 0.00831305 -0.00986057 -0.00321529 0.0614365 -0.00109275 0.00113317 0.0439444 -0.0477701 0.00445004 -0.022255 0.00608908 -0.0107998 -0.00156905 -0.0153058 -0.0164241 -0.00249541 -0.0150253 0.00429853 -0.000966798 0.00337956 -0.00257023 
-1.60989e-05 -0.000424659 2.6585e-05 -0.000153295 -0.000890813 7.94175e-05 -3.58122e-05 -0.00072071 5.8703e-07 -0.000306586 0.00312967 -0.000164173 2.10297e-05 0.000235208 -0.00023831 0.000233265 0.00038082 -0.000333288 0.000228574 -0.000360387 -9.89129e-06 -0.000335695 0.000216342 -0.000240556 -9.37823e-05 0.000153169 0.000311747 -0.000318542 0.000491908 -0.000650614 2.68469e-05 -0.000399245 -0.00015614 -7.14986e-05 -0.000123829 -0.000739933 -9.93932e-05 3.08204e-05 -0.000132232 -2.79974e-05 -8.04045e-05 3.05708e-07 0.000144963 -2.47689e-05 0.000205496 9.03376e-05 1.99641e-05 3.19652e-05 -4.89965e-05 0.000558995 -2.70804e-05 1.60582e-05 -1.99409e-06 -2.73989e-06 1.30295e-06 4.19406e-05 0.000438792 -5.60715e-05 3.742e-05 -0.000378035 0.0002452 -6.69657e-05 -1.32293e-05 1.00815e-06 -0.000208439 0.000336912 0.000408203 1.75313e-05 -7.10238e-05 -3.02801e-06 0.000164764 2.08945e-05 -5.13109e-05 0.000206018 -6.14938e-05 8.90506e-05 7.92112e-05 -8.38586e-05 -1.57587e-05 -0.000303328 -0.000181568 -9.76847e-07 0.000323584 -7.25683e-05 0.000134301 0.000129925 -0.000436701 -6.54541e-05 -0.000175507 -0.00037288 2.6729e-05 -1.36624e-05 0.000135451 0.000456237 9.68318e-06 -1.63396e-05 -2.18586e-05 -1.75664e-05 9.04243e-06 -3.01853e-05 
-0.000164584 0.000697131 0.00360644 -0.0109461 0.00450198 -0.000358691 -0.00197422 0.0284947 -0.000275327 -0.00874826 -0.000164173 0.114525 0.000322489 -0.0118109 -0.0207266 0.00450214 0.0044588 -0.0210393 -0.0288027 -0.000710637 -0.00502896 -0.0297484 0.0155779 0.0215772 0.0119049 0.000471397 -0.00385295 -0.00934017 -0.00918038 0.023002 -0.000245609 0.0174299 0.00191382 -0.00348013 -0.000561516 0.021576 -0.00325828 -0.00180341 0.000429088 -0.00347532 0.00121877 -0.000288219 -0.0136526 -4.60773e-05 -0.00731791 0.000269407 -0.000814447 0.000165358 0.00401936 -0.00173362 -0.00635881 -5.03738e-05 0.00102123 0.000722722 -0.000433378 -0.0056483 -0.00170438 -0.00217158 -0.0055414 -0.0182914 -0.0283036 -0.00194368 0.0024767 0.000111553 0.0089999 -0.00262142 -0.00125849 0.00442758 0.0114995 -0.00048364 -0.000912556 5.79107e-05 -0.0208264 0.000258022 -0.0234377 0.000765565 -0.00111965 0.0174108 0.00840029 -0.000640202 0.00363795 -0.000799165 -0.0249015 -0.00146075 -0.0010822 -0.00111078 0.00845195 -0.00240623 -0.00702895 0.00256127 0.00283809 0.00215743 0.00331061 -0.00158109 -0.000461708 0.00509906 0.00153812 -0.00282323 -0.000984813 -0.000473073 
5.50007e-05 -0.000227474 -0.00043842 0.000375994 0.000271935 -1.19106e-05 -1.75456e-05 -0.000777121 1.62853e-05 -0.000651742 2.10297e-05 0.000322489 0.00371288 -0.000494368 0.000813765 -0.00119398 -0.000527534 0.000505618 0.000703324 -0.000154587 6.07016e-05 -0.000173762 -0.000156878 0.000184671 0.000266304 -1.30494e-05 -0.000135637 0.000652586 -0.000766271 -0.0006028 0.000169822 -0.000961981 -0.000183179 0.000118879 0.000411065 -0.000571809 -1.55959e-05 -0.000142815 5.50956e-05 6.16656e-05 -0.000103376 -0.000105795 -0.000474558 1.92022e-05 -0.000214967 1.03469e-05 -1.55865e-06 2.54364e-05 -2.05536e-05 -0.000299912 -0.00028832 -3.36039e-06 0.000183635 -4.24054e-05 -1.25782e-05 2.96276e-06 -0.000197155 3.66824e-05 -9.18162e-05 0.00089116 1.90249e-05 1.67097e-05 -8.70118e-05 -5.15558e-05 9.0175e-06 3.40772e-05 2.88285e-06 -8.31265e-05 6.16891e-05 -1.45712e-05 5.25482e-05 4.43509e-06 -0.000984087 -2.23208e-05 0.000635938 -1.49623e-05 4.2763e-05 -0.000104424 -5.02018e-05 -2.97081e-05 -0.000103961 4.9145e-05 0.000166417 -9.40245e-05 -3.66665e-05 -0.000111819 -0.000425408 1.45433e-05 -0.000165505 0.000166039 0.000472506 4.9052e-05 -0.000318778 -0.000261154 -4.53011e-06 0.00103475 0.000159279 0.00011402 -8.51776e-06 -6.22699e-06 
-0.00093279 -0.0174346 -0.018564 -0.0582742 -0.0721156 -0.000265257 0.00729071 0.0333449 -0.00123588 -0.0269885 0.000235208 -0.0118109 -0.000494368 0.166935 0.0509602 0.0358268 -0.0130014 -0.06374 -0.0163564 0.00160661 -0.0171215 -0.0222551 -0.00775907 0.000285071 0.0328193 0.00214945 0.0022645 -0.0175812 0.0168431 0.019106 0.00170386 0.0177575 0.0168129 0.00488891 0.0122708 0.0119654 0.0292218 0.011608 0.019663 -0.00922996 -0.000817574 -0.00972701 0.0511567 -0.00214355 -0.0142496 0.00130685 -0.00230965 0.000413369 -0.00442039 -0.0105537 0.0553234 0.000115386 -0.00344121 0.00673059 0.00137613 -0.02454 0.00500223 0.0103816 -0.0119334 -0.0425923 -0.0111608 -0.00437218 0.00654553 -0.00352882 -0.00938418 0.00516397 0.000712037 -0.00263824 -0.00404458 -0.000286681 -0.00277423 0.000170918 0.0149043 -0.000437034 -0.0633899 -0.000916356 0.00616154 -0.00814234 -0.00265247 -0.00102219 -0.000801893 0.00310363 -0.028629 -0.00545436 -0.00203244 -0.0198294 0.0342274 -0.00531053 0.019172 -0.00978988 -0.00521581 0.00110738 -0.0151297 0.0125668 -0.000222563 -0.0107539 -0.00134161 -0.00481718 -0.00358784 -0.00164605 
-0.00416023 -0.0652325 0.00135237 -0.0332696 -0.0773184 -0.00497248 0.00285159 0.0119043 0.00206305 0.00316255 -0.00023831 -0.0207266 0.000813765 0.0509602 0.246387 0.0419079 -0.0267281 -0.0216219 0.0352724 0.00736741 -0.042904 -0.00380247 -0.0155365 0.00301302 0.0215822 -0.00113953 -0.0132066 0.0116126 0.0612991 0.0269074 0.00230833 -0.0279413 0.00289397 0.00514121 0.0295519 -0.0405997 0.0144052 0.0129697 0.00929851 -0.023084 -0.0165066 -0.0334208 0.041541 -0.000226465 -0.0253566 -0.00185546 -0.00409012 0.00143715 -0.00720811 -0.0339549 0.0371087 -0.000320751 0.00218353 0.000801007 0.000732028 -0.040992 -0.00922012 0.00636957 -0.00424983 0.0131037 -0.00404282 -0.00776807 -0.00488065 -0.00631326 -0.0243529 -0.00118407 -0.00634062 -0.0130668 -0.00630241 -0.000425014 -0.00486503 0.000486546 0.0241028 -0.000662041 -0.0411558 -0.00250153 0.00151844 -0.00374832 -0.00415033 0.00438481 0.0111905 -0.00313356 0.0644468 -0.00915037 -0.0039467 -0.00131342 0.0194163 0.00123326 0.011823 0.00522708 -0.00301694 0.00298356 -0.0371563 -0.013108 -0.00055177 -0.0377001 -0.0019541 -0.0030333 -0.0065138 -0.0028929 
-0.000438796 -0.0150789 0.0358013 -0.0952502 -0.0746748 0.000360526 0.00920095 0.0974864 -0.00106792 0.00150549 0.000233265 0.00450214 -0.00119398 0.0358268 0.0419079 0.231588 -0.0409215 -0.0532097 -0.0648893 0.00352306 -0.0247873 -0.0811221 -0.021858 0.0513481 0.00949667 -0.000369164 0.0143304 -0.01818 0.0557027 0.110093 3.12006e-05 0.0559095 0.0278702 -0.00442915 0.00335637 0.0294602 0.014311 -0.0106315 0.0100843 -0.0121952 0.00103702 -0.0429685 0.0439182 0.0006116 0.0114629 0.00766937 -0.00251286 -0.000865246 0.00179329 -0.00509979 0.022952 -0.000185771 -0.00420364 0.0020606 0.0010076 -0.036879 -0.00877018 0.00213212 -0.00379501 -0.0860877 -0.0982543 -0.00569772 0.00675974 -0.00104898 0.0137933 0.00151405 0.00327237 -0.00248902 -0.00354346 0.000226412 -0.00314255 0.00038334 0.0152595 0.00673638 -0.12656 -0.00128158 -0.000509866 0.00986082 -0.00204952 0.0143895 0.0220359 -0.00205873 -0.0721878 -0.00493665 0.000760846 0.0137038 0.0383823 -0.00599642 -0.00662815 0.0361648 -0.00941914 -0.00186641 -0.034859 0.0221281 0.00282891 -0.0470272 -0.00364734 -0.00142798 0.00262078 -0.0030978 
0.000128328 -0.00832867 -0.0308976 0.0585392 0.0477878 -0.00553994 -0.00269176 -0.0166256 -0.00665025 0.02189 0.00038082 0.0044588 -0.000527534 -0.0130014 -0.0267281 -0.0409215 0.248962 0.024333 0.0148724 0.00477162 0.011767 -0.0101807 0.0189998 -0.0360548 -0.0320511 -0.0111285 -0.00553485 -0.0201433 -0.00550729 -0.0620217 -0.00268866 0.00332453 -0.0221136 0.00583562 -0.0362747 0.0242137 -0.0035364 0.00445704 -0.00013914 -0.00910721 0.00200422 0.0134277 -0.0209997 -0.00978476 -0.0150506 -0.0054285 -0.00513648 -0.000460795 -0.00570043 0.013868 -0.0345641 -0.000891809 -0.00588114 -0.00770567 -0.00147397 0.033207 0.00191612 -0.00307648 -0.0176374 0.022159 0.0339398 -0.00742421 -0.00747284 -0.000511613 -0.0137538 0.00111601 0.00360992 0.00266232 -0.00353832 -0.000940578 0.00513124 -0.000453267 0.0156777 -0.00508421 0.0504695 0.000726299 -0.00494585 -0.00196878 0.00596729 -0.0128764 -0.0454321 -0.00545318 0.00657171 -0.0121052 -0.00391865 0.00856379 -0.0469596 -0.00805146 -0.00955737 0.00826725 3.91088e-05 -0.00180119 0.0274584 0.00155694 -0.0024235 -0.0106634 0.000145627 9.60315e-05 -0.0034633 -0.00231747 
0.00206701 0.0282201 0.024625 0.0842646 0.0563831 0.00160332 -0.00559321 -0.10398 -0.00322728 0.050707 -0.000333288 -0.0210393 0.000505618 -0.06374 -0.0216219 -0.0532097 0.024333 0.247707 0.0994232 0.000765532 -0.0141495 0.0525829 -0.0358146 -0.0313167 -0.0342262 -0.00328471 -0.0142793 0.0175154 -0.0117688 -0.0768699 -0.000480821 -0.0231133 -0.0154349 -0.00251172 -0.0202855 -0.0563719 -0.0177556 -0.0167122 -0.00644355 0.0119859 -0.0029003 0.00313969 -0.0444324 -0.00268096 0.0213757 -0.000899038 0.000511617 -0.00203882 0.00133049 -0.00238805 -0.045704 -0.000763745 -0.00499075 -0.0144201 -0.00104882 0.000362914 -0.0136426 -0.0053698 0.0210979 0.087938 0.0380688 0.00280279 -0.00767508 0.00808029 -0.0145833 -0.00217722 -0.000140407 -0.021628 -0.00173559 -0.00117374 -0.0012757 -0.00039934 -0.0334826 -0.00147392 0.109146 -0.00100545 -0.00276669 -0.0191059 -0.00206584 -0.0110341 -0.0211773 -0.00340903 0.0200795 -0.00284406 0.00107004 0.0141164 -0.0490262 0.00234575 -0.0112365 -0.0126623 0.00327214 -0.000852983 -0.0301616 -0.00686475 -0.00359804 0.00955462 -0.00330644 0.00742789 0.00661159 0.000683475 
-0.00275896 -0.0133137 -0.000142862 0.099246 0.0111962 -0.00496408 0.00209315 -0.116927 0.00103118 0.0854593 0.000228574 -0.0288027 0.000703324 -0.0163564 0.0352724 -0.0648893 0.0148724 0.0994232 0.248889 0.00157811 -0.0291312 0.0397831 -0.0156646 -0.0370991 -0.0357936 -0.00679517 -0.0156943 0.0296827 -0.0367934 -0.104855 0.00207696 -0.0733589 -0.0248211 0.00337323 -0.0045969 -0.116074 -0.0146224 -0.0117658 -0.00351057 0.0061535 0.00965391 0.00123168 -0.0336749 -0.00156018 0.0159523 1.01564e-05 -0.00260474 0.000811998 -0.00666743 -0.0263524 -0.0395506 -0.000572152 0.00402268 -0.0102238 -0.00157446 -0.0309193 0.00437003 -0.00161328 0.031 0.0917107 0.0720537 0.000747825 -0.008818 0.0030294 -0.025677 0.00280798 -0.000213153 -0.0176919 -0.00896425 -0.000881778 -0.000458957 -0.000143119 -0.0307901 0.00235923 0.114354 -8.20474e-05 0.00292205 -0.0248597 -0.00309569 0.00240712 -0.0147315 -0.0023868 0.0941146 -0.000514197 -0.00352828 0.0255799 -0.0642569 0.00811627 -0.0141642 -0.0377831 0.00570487 -0.00197175 -0.0104261 -0.00490351 -0.00316904 0.0182667 0.0019232 0.0105547 0.00988778 -0.00109892 
-0.000466515 -0.00775786 -0.0102435 0.0120531 0.0177162 -0.00275983 -0.0020266 0.0169616 -0.00182636 -0.0101535 -0.000360387 -0.000710637 -0.000154587 0.00160661 0.00736741 0.00352306 0.00477162 0.000765532 0.00157811 0.0504334 0.00291117 0.00229539 0.00338225 0.000359341 -0.00589866 -0.0120223 -0.0122011 0.00188979 -0.00865017 -0.00146782 -0.00266037 0.0204315 0.00181842 -0.000816144 -0.0089999 0.0130523 0.00120085 -0.00185874 -0.00250144 -0.00710871 -0.00557647 -0.0104161 0.00141124 -0.00633349 0.00019762 -0.000964332 -0.000885042 -0.0010213 -0.000203164 0.00111578 -0.00684503 -0.000122762 -0.00903434 -0.00195956 -0.000420412 0.00337603 -0.000717978 0.000918565 -0.000475874 0.00679363 -9.90674e-05 -0.00322566 -0.000180039 -0.00111379 0.00207908 -0.000951505 -0.00122026 0.00218858 0.000785874 -7.18592e-05 -0.000771275 -0.000144337 -0.0057499 -0.000818669 0.010608 -0.000254493 -0.00308238 0.00110208 -0.00375487 0.000427688 -0.00564213 -0.00247781 -0.00489475 0.00135308 -0.00747717 -0.00909688 0.00028829 0.000254858 -0.000856885 0.00230657 0.000137867 -0.00259278 0.00394633 0.00103009 -0.000750821 0.00185528 -0.00426671 -0.000762549 0.000365348 -0.000781896 
0.0041832 0.00588874 -0.014183 0.0151001 0.0422108 -0.00216708 -0.00294031 -0.00780156 -0.00101338 -0.023628 -9.89129e-06 -0.00502896 6.07016e-05 -0.0171215 -0.042904 -0.0247873 0.011767 -0.0141495 -0.0291312 0.00291117 0.0992964 0.000432888 0.0149468 -0.0103961 -0.00955633 -0.0030253 -0.00323577 -0.00123011 -0.00585164 -0.0244733 -0.00134234 0.00316263 -0.00677592 -0.00107918 -0.0140887 0.0109875 -0.00479592 -0.0040302 -0.00427323 0.00197653 0.000424238 0.0135097 -0.00969296 -0.00238871 0.0026164 -0.00164207 0.000136141 0.000247601 -0.00177574 0.0123965 -0.0143609 0.000341796 -0.00227246 9.68615e-05 -0.000415808 0.0377383 0.00249598 0.00100092 -0.00774835 -0.0173754 0.0289789 -4.94542e-05 -0.00230364 0.00155732 -0.00684206 0.00271245 -0.000252884 0.00834474 0.000141158 0.000568225 0.00457132 -0.000128878 0.00181653 -0.00105927 0.0328687 -0.00054471 -0.00132031 -0.00253612 -0.00113624 -0.0114317 -0.00617297 0.000652532 -0.00862852 0.01119 -1.19699e-07 -0.0122379 -0.0109588 -0.00327649 -0.000162009 -0.0133925 -0.000785488 -0.00136288 0.0402127 -0.00322534 0.00154211 0.00908994 5.42231e-05 -0.00294257 -0.00237443 0.00158783 
-0.00343413 0.0261419 0.0191413 0.0537379 0.0179106 0.00217462 0.00123417 -0.0556445 -0.0012564 -0.000622066 -0.000335695 -0.0297484 -0.000173762 -0.0222551 -0.00380247 -0.0811221 -0.0101807 0.0525829 0.0397831 0.00229539 0.000432888 0.227357 -0.0109535 -0.0394169 -0.0272511 0.004346 -0.00899616 0.0188895 -0.026857 -0.0576997 -0.00158411 -0.0194875 -0.0256702 -0.0108023 -0.00863249 -0.0442912 -0.00361973 0.00916576 -0.00997348 0.00854651 -0.0147978 0.0159169 -0.0289987 0.00473384 -0.00754192 -0.00743357 0.000839232 -0.00364761 -0.00352416 0.00206465 -0.0100595 -0.000852248 -0.00117228 -0.00164866 -0.000725399 0.0100231 0.00160755 -0.00997367 0.00802749 0.0565007 0.051829 0.00519657 -0.0077813 0.000599857 -0.0188882 -0.012735 -0.00368314 0.000560683 -0.00594411 -0.00151382 -0.00289923 -0.000433223 -0.0015751 -0.00773789 0.0633231 -0.000336329 0.000451918 -0.0095968 -0.003499 0.00479713 0.000252934 0.000942611 0.0459434 0.00436401 0.00190404 -0.0205805 -0.0167534 -0.00476918 -0.000817973 -0.0461367 0.00760008 0.000257577 -0.0132284 -0.00323409 -0.00420759 0.0143187 -0.00588267 -0.00147807 -0.000639317 0.00274267 
0.000160152 -0.0089216 -0.00279085 0.0206598 0.0159598 -0.00130034 -0.00355474 0.00331768 1.16359e-05 -0.00222079 0.000216342 0.0155779 -0.000156878 -0.00775907 -0.0155365 -0.021858 0.0189998 -0.0358146 -0.0156646 0.00338225 0.0149468 -0.0109535 0.148162 -0.00581015 -0.00543779 -0.000910951 -0.00170668 -0.0083715 -0.00782735 -0.0120948 -0.0013536 -0.0299495 -0.00926547 -0.000717083 -0.00713202 0.00751319 -0.000250916 -0.00216409 0.00399558 -0.00666381 -0.0072819 -0.00534779 -0.0206604 -0.00377551 -0.0105109 -0.000302793 -0.000542733 -0.000467314 0.00105201 0.0114012 -0.01961 -8.25083e-05 -0.00496005 0.00198964 -0.000639452 0.0192984 0.00747899 -0.00164299 -0.0158083 -0.00416512 0.014114 0.00181734 -0.00160258 -0.00126282 0.00920329 -0.00125013 0.0016378 0.00860596 0.00118303 7.21025e-05 0.00151975 -0.000179378 -0.0171386 0.000662318 0.0136201 0.000782347 -0.000809151 0.00551193 0.00216154 -0.00802117 -0.000224921 -0.00152994 0.00541634 0.00392028 0.000391463 -0.0059218 -0.0223873 -0.00350461 -0.00954431 -0.00190929 -0.0016733 0.000890512 0.0392434 -0.00195856 -0.00108119 0.00161325 0.00030647 -0.00314689 -0.00144165 -0.0002245 
-0.000891229 -0.00277802 0.0104565 -0.048874 -0.0135881 -0.00042888 7.54788e-05 0.0455236 0.00135735 -0.0105329 -0.000240556 0.0215772 0.000184671 0.000285071 0.00301302 0.0513481 -0.0360548 -0.0313167 -0.0370991 0.000359341 -0.0103961 -0.0394169 -0.00581015 0.119715 0.00428172 -0.00222234 0.00394629 -0.0134485 0.000407842 0.0752705 -2.58678e-05 0.0188422 0.0162657 -0.00267342 -0.00135351 0.0173191 -0.00231661 -0.00249692 -0.00289089 -0.00192225 -0.00109635 -0.0140981 -0.00468709 0.00151069 0.000581957 0.0033406 -7.56603e-05 -0.000167379 0.00251972 -0.00156106 -0.000620154 -7.1831e-05 0.00495083 0.00248534 0.000281614 -0.013804 3.84938e-05 -0.0015443 -0.00329932 -0.0300372 -0.0397043 -0.00347591 0.00345866 -0.00170085 0.0182853 -0.00307488 -0.00216295 0.000781918 0.00548518 0.000353497 -0.00179758 0.000337184 0.000511547 -0.000949283 -0.0529331 0.000254903 -0.000121981 0.0136869 -0.000749898 0.00400832 0.0311819 -0.000172343 -0.0244059 -0.00239774 -0.000636752 -0.0114546 0.029729 -0.00291102 -0.00683826 0.0216419 -0.00294277 -0.000590372 -0.0140203 -0.00739209 -4.5223e-05 -0.0117155 0.000928172 -0.00474433 -0.00076185 -0.00104221 
-0.00115625 -0.0131123 -0.0091217 -0.0484299 -0.0323671 0.00118235 -0.00305955 0.0273479 0.00299461 -0.0245793 -9.37823e-05 0.0119049 0.000266304 0.0328193 0.0215822 0.00949667 -0.0320511 -0.0342262 -0.0357936 -0.00589866 -0.00955633 -0.0272511 -0.00543779 0.00428172 0.111223 0.00453152 -0.00629602 -0.00451914 0.024728 0.0224651 0.000179269 0.0164221 0.0125293 -0.00151284 0.0324085 0.0226186 -0.00135633 0.0134948 -0.00332937 -0.00329587 0.00352669 0.00643764 0.0333632 5.412e-05 -0.0148225 -0.000840554 -0.00120353 -5.70878e-05 0.000777319 -0.00888008 0.0503737 -0.000119956 -0.000674844 0.00358815 0.000664029 -0.0172371 -0.00253424 -0.00273532 -0.00975653 -0.0312269 -0.0268807 -0.00364533 0.00284726 -0.00192657 -0.00453294 -0.0030593 -0.00253052 -0.00514276 0.000581605 -0.000557024 -0.00189372 -0.000114636 -0.00495439 0.00078368 -0.0468523 -0.000202492 0.000198227 0.00269153 0.000127972 -0.0103281 -0.00499954 -6.42934e-06 -0.0320346 -0.00354412 -0.000883216 -0.0036811 0.0344737 0.00107657 0.0238754 0.00806418 -0.00322107 0.00354769 -0.0124544 0.011838 0.00281234 0.00403579 0.000238556 0.000724925 -0.00241252 -0.000787938 
0.000309087 0.00315664 0.0102527 -0.0140443 -0.0115268 0.00274286 -0.000359073 -0.00722508 0.000846302 -0.00275805 0.000153169 0.000471397 -1.30494e-05 0.00214945 -0.00113953 -0.000369164 -0.0111285 -0.00328471 -0.00679517 -0.0120223 -0.0030253 0.004346 -0.000910951 -0.00222234 0.00453152 0.0384186 0.00758215 -0.00236061 0.0100726 0.00126157 0.00286158 -0.011295 0.000913783 -0.00125008 0.0130367 -0.00954614 -0.000842479 -0.000841667 0.00143595 0.0019363 -0.000480597 0.00110988 -0.000517133 0.00459448 0.00574399 6.1546e-05 0.00105212 -0.000249123 -0.000106058 -0.00114951 0.00884631 0.00015806 0.00134365 0.000575927 0.000261189 -0.0041457 1.45776e-05 -0.00116501 -0.00360275 -0.00769714 -0.00735201 0.00529043 -0.000257671 -3.36968e-05 -0.00292373 0.00162319 0.00111383 -0.00183581 -0.00102372 -0.000124387 -0.000187341 4.93796e-05 -0.00476264 -0.000141141 -0.0153329 -0.000144889 0.00165999 9.43566e-05 0.00161983 -0.00138581 0.00531458 0.00185842 -0.00181406 0.000628724 0.00587062 -0.000945642 0.000396576 0.00150806 0.000216801 -0.00420282 -0.00162432 0.00319934 -0.00116057 0.00812414 0.000639218 -0.00180264 -0.000205541 -6.27862e-05 -0.000394696 0.000344597 
-9.26005e-05 0.00743358 0.00705474 -0.018457 -0.0141446 0.000251032 0.00115352 -0.00186588 0.000549243 0.00546788 0.000311747 -0.00385295 -0.000135637 0.0022645 -0.0132066 0.0143304 -0.00553485 -0.0142793 -0.0156943 -0.0122011 -0.00323577 -0.00899616 -0.00170668 0.00394629 -0.00629602 0.00758215 0.0541505 8.70049e-05 0.00590194 0.0205294 0.00167036 -0.0132387 0.000503027 -0.00123592 -0.0037148 0.00622719 0.00196264 -0.00344025 0.0061504 0.000689409 -0.00190307 -0.00278585 -0.00619972 0.00584804 0.00989742 -0.000408203 0.00214358 -0.00039717 0.00056014 -0.000767582 -0.00483823 0.000261922 0.000848799 0.00335932 8.3413e-05 -0.000793476 0.00105022 -0.00143229 0.00430265 -0.0138561 -0.0102752 0.00470321 0.00192953 -0.000512236 0.00570227 0.000957472 0.00261376 -9.36025e-05 -0.00103418 0.000181046 -0.000227251 2.08927e-05 0.00672081 -0.000288819 -0.0168412 1.92787e-06 0.00125192 0.000581751 0.00141503 0.000829187 0.00338892 0.00355913 -0.00320166 5.27265e-05 0.00451622 0.00725698 -0.00331931 -0.000419457 -0.00369009 0.00544301 -0.00190697 -0.000416645 -0.00239613 -0.00429264 -0.000338584 -0.00167218 -0.000133044 -0.00188496 -0.000561029 0.000517845 
-0.0010436 -0.0189514 -0.0162491 0.00445315 -0.00739178 -0.00276857 -0.000791385 -0.0277783 0.00440513 0.0202911 -0.000318542 -0.00934017 0.000652586 -0.0175812 0.0116126 -0.01818 -0.0201433 0.0175154 0.0296827 0.00188979 -0.00123011 0.0188895 -0.0083715 -0.0134485 -0.00451914 -0.00236061 8.70049e-05 0.128296 -0.0344824 -0.0309148 0.000141679 -0.0254498 -0.00680224 0.00585749 -0.00778624 -0.00729778 0.000446621 -0.00847727 -0.0056969 -0.00486835 -8.29115e-05 -0.00845874 -0.0146799 -0.00141564 0.0170979 -0.000672562 0.00109994 -0.000281354 0.00179877 -0.00973146 -0.0114623 -2.92521e-05 -0.00385785 -0.00427717 -0.000620125 -0.00565087 -0.00565643 -0.00134278 0.0252792 0.0205247 0.0169642 0.000295087 -0.00243364 0.00420064 -0.0076885 -0.000732671 -0.00100338 -0.00217686 -0.00231414 0.000567299 -0.0011539 -2.46902e-06 -0.0479767 -0.00140812 0.0386805 3.16529e-05 0.0012153 -0.00505627 -0.000756789 0.0261807 -0.00861829 -0.00102708 0.0338654 0.00466234 -0.00156766 0.0269354 -0.0212702 0.0141697 -0.00578028 -0.00280145 -0.0018091 -0.000673528 0.00715422 -0.010665 -0.000708056 0.0158805 -0.00176662 -0.00460254 0.00357353 5.78806e-05 
-0.00155158 -0.0341445 0.0215271 -0.0348776 -0.0238412 -0.000750207 -0.00491923 0.0151305 -0.000755827 -0.0250847 0.000491908 -0.00918038 -0.000766271 0.0168431 0.0612991 0.0557027 -0.00550729 -0.0117688 -0.0367934 -0.00865017 -0.00585164 -0.026857 -0.00782735 0.000407842 0.024728 0.0100726 0.00590194 -0.0344824 0.22021 0.0405679 0.000547341 0.00624619 0.00356738 0.000712549 0.0172591 -0.0132983 -0.000624883 0.0127723 0.0102421 -0.00549129 -0.0176628 -0.00738653 0.0467807 0.00280585 -0.0254281 -0.0024927 -0.0042436 0.00215948 -0.00328456 -0.0140024 0.0409917 -0.000328448 -0.00100951 -0.000843632 0.00161387 0.00318143 -0.009114 -0.0010671 -0.0239782 -0.0353665 -0.0485655 -0.00082718 -0.0018816 -0.00517952 -0.0202481 0.000909873 0.00233441 -0.0132043 -0.00337447 -0.0011392 -0.000183533 0.000114837 0.0503142 -0.00132552 -0.0585314 -0.00169183 -0.00292634 0.00988936 0.000277172 -0.0252077 0.00740743 -0.00142837 -0.00467332 -0.00774048 0.00445951 -0.011914 0.0182511 -0.00755338 0.0242011 -0.00972548 -0.00815091 0.00398665 -0.0158173 0.00462271 0.00135922 -0.0464961 -0.00252272 -0.00336834 -0.00529246 -0.0016898 
-0.00215453 0.000774179 0.034386 -0.10728 -0.0503897 0.00302498 0.00449158 0.102303 0.00107045 -0.0301707 -0.000650614 0.023002 -0.0006028 0.019106 0.0269074 0.110093 -0.0620217 -0.0768699 -0.104855 -0.00146782 -0.0244733 -0.0576997 -0.0120948 0.0752705 0.0224651 0.00126157 0.0205294 -0.0309148 0.0405679 0.211827 -0.000477175 0.0434221 0.0313066 -0.00475415 0.00415116 0.0559027 0.00622524 -0.00212598 0.00157315 -0.01074 -0.0134727 -0.0293084 0.0182547 0.00683141 -0.00519165 0.00253232 -0.000794211 -0.00170149 0.00650819 0.000228173 0.0257399 0.000109833 0.00240839 0.00720364 0.00150182 -0.0245645 0.00119081 -0.000120739 -0.0104764 -0.0731955 -0.101427 -0.00208501 0.0108489 -0.00429582 0.0308675 -0.00466838 -0.00276099 0.00495655 0.00697695 0.000190307 -0.0038527 0.000320006 0.0287114 -0.00272429 -0.135062 6.14238e-05 0.000410308 0.0255608 -0.000782034 0.0163948 0.0366598 0.000888901 -0.060134 -0.00573984 0.00234604 -0.0218272 0.061561 -0.00731116 0.00183679 0.0549885 -0.00795384 0.0012963 -0.0280485 -0.0112588 0.000456571 -0.0399003 -0.00172281 -0.0106338 -0.00534053 -0.0014051 
0.000162033 -0.00139419 0.000916067 -0.00363692 -0.00515416 5.26615e-05 0.000995651 -0.00314464 0.000189838 -0.00217731 2.68469e-05 -0.000245609 0.000169822 0.00170386 0.00230833 3.12006e-05 -0.00268866 -0.000480821 0.00207696 -0.00266037 -0.00134234 -0.00158411 -0.0013536 -2.58678e-05 0.000179269 0.00286158 0.00167036 0.000141679 0.000547341 -0.000477175 0.012627 -0.00285829 5.21966e-05 -0.000407207 0.000845111 -0.00309518 0.000222863 -0.000636256 0.000296096 0.000513601 -8.52625e-05 -0.000503347 -0.000674971 0.00192157 0.00148167 0.000357338 6.70849e-05 8.77041e-05 -0.000316687 -0.000980503 0.000148889 0.000187845 0.00105075 0.000784133 1.26139e-05 -0.00184438 0.000362632 -6.16908e-05 5.75157e-05 -0.00021871 -0.000177531 0.000766039 0.000339341 -0.000130515 -0.000565017 0.000852615 8.07822e-05 -0.000460452 -0.000298514 -1.19617e-05 6.36428e-05 6.01421e-05 -0.00151203 -1.92808e-05 -0.00211247 -4.75997e-05 0.00248463 -0.000781107 -3.78698e-05 -0.0011765 0.00147297 0.000317821 0.000127271 -0.000152759 0.000406475 -0.000243317 0.000955848 0.00105069 0.000338396 -0.000427199 5.48832e-05 4.69728e-05 -2.75109e-05 0.00133567 -3.92649e-06 -0.000198499 -6.00439e-05 -1.5661e-05 0.000536316 0.000107399 
0.00192436 0.00591796 -0.026924 -0.0593503 0.0102143 -0.00119872 0.00477942 0.107461 -0.00513701 -0.0676328 -0.000399245 0.0174299 -0.000961981 0.0177575 -0.0279413 0.0559095 0.00332453 -0.0231133 -0.0733589 0.0204315 0.00316263 -0.0194875 -0.0299495 0.0188422 0.0164221 -0.011295 -0.0132387 -0.0254498 0.00624619 0.0434221 -0.00285829 0.241891 0.0164643 -0.0127864 -0.013589 0.0621594 0.00424052 0.00596004 -0.0164226 -0.0109417 0.003075 -0.0221544 0.027549 -0.00779656 -0.0119476 0.00129668 -0.00249493 -0.00221296 -0.00416915 0.0016813 0.0265543 -0.000540626 -0.0150216 -0.00334871 0.000596312 0.00700258 -0.0171962 0.00218128 -0.0172278 -0.0417582 -0.0768192 -0.00813821 0.00463169 -0.00324547 0.0259093 -0.00759532 -0.00143433 0.00788423 0.00383663 4.13578e-05 -0.00224362 -0.000142292 0.0293171 9.29498e-05 -0.0629405 0.000161857 -0.00295496 0.0168269 -0.00443438 0.0224263 0.00157441 -0.00307384 -0.0974655 -0.00575875 -0.0057397 -0.0186535 0.043678 -0.00563683 0.0109123 0.00309231 -0.00841899 -0.000645437 -0.0192186 0.0209025 0.00119211 0.000998284 -0.00691327 -9.72798e-05 0.0033983 -0.0012985 
0.000371825 -0.00470967 -0.00406556 -0.0302264 -0.0152826 0.00194596 0.00210954 0.0258705 -0.000791837 -0.00975529 -0.00015614 0.00191382 -0.000183179 0.0168129 0.00289397 0.0278702 -0.0221136 -0.0154349 -0.0248211 0.00181842 -0.00677592 -0.0256702 -0.00926547 0.0162657 0.0125293 0.000913783 0.000503027 -0.00680224 0.00356738 0.0313066 5.21966e-05 0.0164643 0.065878 -0.0025494 0.00657849 0.0125087 0.000487371 -0.00396382 -0.00358455 -0.00230351 -0.000481474 -0.00831543 0.00998906 0.000133595 0.00496925 0.000489068 0.000228005 -0.000128201 -0.00130004 0.000188131 0.0192271 -9.38719e-05 0.00145129 -0.00137599 0.00104555 -0.00931137 -0.00227102 -0.000588609 -0.00217489 -0.0193519 -0.0193244 -0.00165047 0.00593975 -0.00118495 0.00358312 -0.000829765 -0.00108633 0.00238195 -0.000157309 8.44965e-05 -0.00105041 -6.8059e-05 0.00376571 -0.000935689 -0.0308804 -8.65338e-05 -0.000223433 0.00139119 -0.000657998 0.00358083 -0.00285569 -0.000420179 -0.0222616 -0.000984543 -0.000614127 -0.00825739 0.0251194 -0.000288096 0.00948025 0.00632514 -0.00269951 -0.000480501 -0.00680223 0.000411172 -0.000581594 -0.00695197 -0.000703308 -0.00131641 -0.000797698 -0.000447317 
-0.000212289 -0.00742913 -0.00553324 0.000237861 0.00280306 -0.000620271 -0.000900846 -0.00550584 -0.000385907 0.0043792 -7.14986e-05 -0.00348013 0.000118879 0.00488891 0.00514121 -0.00442915 0.00583562 -0.00251172 0.00337323 -0.000816144 -0.00107918 -0.0108023 -0.000717083 -0.00267342 -0.00151284 -0.00125008 -0.00123592 0.00585749 0.000712549 -0.00475415 -0.000407207 -0.0127864 -0.0025494 0.0403163 -0.00133216 0.00159547 0.00701967 -0.00193871 0.00851398 -0.00157781 -0.000470708 -0.00263647 0.00260732 -0.000411371 -0.00517223 0.000174633 0.000179023 0.000785693 -0.000817844 -0.00360069 -0.00407993 -6.67347e-05 0.00180383 0.000697711 -0.000124159 0.00141366 -0.000255668 0.00690455 -0.00114236 0.004629 0.00291066 -0.000798088 0.000467586 -0.000511144 -0.00191439 0.0067654 0.000133183 -3.26716e-05 -0.000449869 0.000276463 -0.000118703 -4.71014e-05 -0.0053681 0.000348126 0.00224364 -0.000290139 -0.000544942 0.00118429 -0.000444324 -0.00387751 -0.00215916 -0.000274678 0.00514686 -0.00120515 -0.000428082 1.5303e-05 -0.00527856 -0.000402704 -0.00205041 -0.00137621 -0.000143355 -0.000305866 -0.000387259 -0.00382648 0.000394544 -0.00196395 0.00161642 -0.00127329 -0.000577956 -0.000150247 
