0.24997 -0.0218649 -0.0783565 -0.0161172 -0.0410144 -0.0418602 -0.0147281 -0.00117583 -0.00665505 -0.00618467 -0.00731732 -0.0197181 0.0358551 -0.039477 0.00505498 -0.0538971 0.0068357 0.00332585 0.0394951 -0.00378382 0.0013855 -0.00355905 -0.0579268 0.00494381 -0.00133935 -0.0270042 -0.0179236 -0.00276296 0.00809092 0.000854079 0.00604176 -0.00957611 0.017533 0.00530074 0.00486726 0.000461405 -0.0050442 -0.00625224 0.000662874 -0.00104355 0.0033941 -0.0108312 -0.0351904 -0.0030551 -0.00492621 0.0274888 -0.00334294 -0.0161531 -0.00675586 -0.00143536 -0.00149347 0.00168636 0.0267229 -0.00107356 -0.0462489 -0.046984 -0.000484725 -0.000918625 -0.0180173 -0.0141035 0.0770641 -0.0173474 -0.0078432 0.0711438 -0.00607224 -0.00507981 0.0411287 -0.0211351 0.0132307 -0.00382415 0.00490879 0.0197932 0.0582393 0.0199123 0.000477818 -0.00250435 0.000538464 -0.00952671 0.0263328 -0.00187562 -0.0304304 -0.0316796 -0.00336033 -0.00788286 -0.000387429 -0.00535187 -0.00738729 -0.0161272 -0.00449072 -0.0120532 -0.00340474 -0.00427185 0.01341 0.0155144 0.0394712 -0.00651925 0.0491428 0.03279 -0.00469904 -0.0242179 
-0.0218649 0.0729853 -0.000242707 -0.0165899 0.0197052 0.0160771 -0.0075582 0.000171107 1.88791e-05 0.0032351 0.00504311 -0.00299202 -0.0236799 -0.00253843 0.00113137 -0.0108167 -0.0073865 0.013115 -0.00168799 0.000790084 -0.0204332 -0.00262937 0.0135355 7.03213e-05 0.000778664 0.0133408 0.0017615 -0.00100941 -0.00439538 0.00172294 -0.00372133 -0.0063239 -0.00413663 -0.00547128 0.00361282 0.00343551 0.022008 0.00115932 -1.37228e-05 0.00204384 0.00252342 0.00602293 0.00735637 -0.000955549 0.00224659 -0.0167595 0.000921676 -0.00118175 0.00266957 0.00156828 0.000798036 -0.00413606 0.00731171 6.45853e-05 -0.00456814 -0.0077246 -0.00136915 0.000504237 -0.00160578 0.0113692 -0.031129 -0.00914299 2.71484e-05 -0.00476201 0.000795711 1.43619e-05 -0.00637973 0.00360643 -0.0205375 0.00192197 0.00176033 -0.00206458 -0.00860998 -0.0243895 -0.000128315 -0.0022026 0.000163734 0.00707063 -0.000311403 -0.000210436 0.0154874 0.000611056 -0.00119348 -0.00239929 -0.000315872 -0.000114722 0.00569369 -0.00263759 0.00114318 -0.000123564 -6.16665e-05 -0.00267266 -0.00899769 0.00892731 0.00470041 0.00262854 -0.0173339 0.0141347 0.00110422 0.0186219 
-0.0783565 -0.000242707 0.201185 0.0487211 -0.00660152 0.0288434 0.0301238 0.000586285 0.00133618 -0.00111845 0.00639291 0.00796068 0.0303249 0.055153 -0.00609097 0.03872 0.00118255 -0.0332315 -0.00792236 0.000398914 -0.000140246 -0.0292593 0.0389171 -0.00235245 -0.00309981 -0.018012 -0.00632555 -0.00604419 -0.00907692 -0.00129908 -0.00433668 -0.00202782 -0.0187804 -0.01768 -0.0144051 -0.000113768 0.0192297 -0.000202048 -0.000494639 -0.000155684 -0.00358291 -0.00689627 0.064943 -0.00329927 0.000502614 0.00610461 0.00280381 0.0001996 0.00628367 0.000648944 -0.0042889 -0.00446231 -0.0356001 -0.000983904 0.00261577 0.0533123 0.00836694 -0.000110496 0.00719329 -0.000481304 -0.0544592 0.022672 -0.000800865 -0.0238855 -0.00248356 -0.00166466 -0.0534165 0.00543392 0.0312124 -0.00386252 -0.00716762 -0.0218501 -0.0436277 0.0107018 -0.000315105 -0.00924137 -0.00404074 0.00208645 -0.0183575 0.00139368 -0.0020657 0.0292681 0.00353896 0.00209553 -0.000564339 -0.00340122 -0.0163694 0.00135256 -0.00479061 -0.0137279 -0.000972113 -0.00607171 0.00642415 -0.020137 -0.0464885 0.00332969 -0.0015773 -0.0462798 -0.00850521 -0.0383605 
-0.0161172 -0.0165899 0.0487211 0.247995 -0.0377602 0.0132165 0.00458961 0.000335254 -0.00902652 -0.00706027 -0.0198655 0.00371745 0.0547072 0.0593463 0.00493924 -0.00998866 0.0261153 -0.0390395 -0.000783764 -0.00389178 -0.0461063 -0.00183935 -0.020034 -0.00845571 -0.00397994 -0.0297074 -0.0087944 -0.00139128 -0.00801053 -0.00410594 -0.00332875 -0.0282874 0.00387426 -0.0187564 -0.0150323 -0.00594537 -0.0112498 -0.00561379 -0.00175712 -0.00171569 -0.0116329 -0.0182995 0.00407799 -0.00435889 -0.00418148 -0.009482 -0.00220295 -0.0020148 0.00124807 0.00371302 -0.00760799 -0.00829672 0.00719529 -0.00216607 -0.0185653 0.0210639 0.0111191 2.5476e-06 -0.0193823 -0.00506479 -0.0188055 0.0379536 -0.00840084 0.0224284 -0.00739749 -0.00524848 -0.00433235 0.00108416 0.0346998 -0.00901958 -0.00990874 -0.0152454 0.00083915 0.0574777 -0.00287408 -0.0104795 -0.00332715 -0.00983358 -0.0191986 0.000555883 -0.0288223 0.0261236 0.0046799 -0.0020898 -0.00166125 -0.00072489 -0.0148375 -0.00555557 -0.0054377 -0.0111678 -0.000355161 -0.00770224 -0.0200525 0.00698853 -0.00409874 -0.0046664 0.0804642 0.00132361 -0.00893472 -0.0529274 
-0.0410144 0.0197052 -0.00660152 -0.0377602 0.0966316 0.00415956 -0.0148796 -0.000382086 0.00833293 0.00459366 -0.00259293 0.00702132 -0.0601206 -0.00448161 -0.00496853 -0.0111913 -0.00544354 0.0234646 -0.0181062 0.00282813 0.00679623 -0.00903837 0.0498895 -0.000185357 0.000645217 0.0341053 0.00728915 -0.00276348 -0.00278679 -0.000550752 -0.000177618 -0.0104879 -0.00751096 -0.00779512 0.00343925 0.000380441 0.00627215 0.00344015 0.00121423 0.000994669 -0.000980981 0.019652 0.00506761 -3.16206e-05 0.00684536 -0.0137936 0.000582038 -0.00256158 -0.00116875 4.30174e-05 0.00669431 9.13068e-05 -0.0058171 -0.000181867 0.014269 -0.00697302 -0.00236556 0.000248912 0.0144698 0.010868 -0.0234335 -0.0198602 -0.000299653 -0.0330807 0.00710603 0.00514193 -0.0254102 0.00502993 -0.0209222 0.00673733 0.00873977 -0.00711159 -0.0147385 -0.0497573 0.000786919 0.011487 0.00181336 0.00348531 -0.00306119 -0.000130221 0.0570246 -0.000722099 -0.00218845 -0.000457292 -0.000206886 0.000733291 0.00165384 0.00608527 0.00599834 0.00889043 -0.000312783 0.0032915 -0.0043172 0.00724996 -0.00745109 -0.000591375 -0.0446921 -0.00982146 0.00830997 0.0416795 
-0.0418602 0.0160771 0.0288434 0.0132165 0.00415956 0.114892 -0.00917659 0.000448536 -0.00153717 -0.000404758 0.00514318 0.000318433 -0.0118173 0.0159174 -0.0025029 0.00501122 -0.00510501 -0.00237756 -0.00687825 0.00258538 -0.0264268 0.0114718 0.0149572 -0.00265618 0.000220946 0.00187941 0.00232918 0.000516313 -0.00353647 -0.000387122 -0.00157509 -0.000586556 -0.00277306 -0.00614117 -0.0116528 0.000391835 0.0205185 -0.00351878 0.00057042 -0.000204447 -0.00379226 -0.00176791 0.00699451 -0.00151589 0.000168318 -0.0153421 0.00044853 0.00475602 0.00944123 0.000581695 0.0018033 -0.00841626 0.0118551 -0.000567467 0.0214222 0.0312062 0.00161246 0.0013204 0.00357286 0.0081932 -0.0506001 -0.00463953 0.00194379 -0.0180008 0.000209094 -0.00162836 -0.0273953 0.017589 -0.0327554 -0.0029903 -0.00329768 0.00356037 -0.0207108 0.00666507 -0.000141656 -0.00862404 -0.000186144 -0.00445537 -0.00976902 -0.000332642 0.000631209 0.00600994 -0.000414578 0.000308884 0.000216296 -0.000360095 0.00570407 -0.00216995 0.000215334 0.00169176 0.000892334 -0.00211705 -0.0064515 -0.0225094 -0.00176189 0.00583536 -0.00194702 -0.00757167 -0.00122137 -0.00974487 
-0.0147281 -0.0075582 0.0301238 0.00458961 -0.0148796 -0.00917659 0.127269 0.000531135 -0.00340051 -0.000145696 -0.0046615 -2.60821e-05 0.0290272 0.0148085 0.000703163 0.0100118 0.00574617 -0.0167241 0.00584551 -0.0016357 0.0082981 -0.0172056 -0.018669 -0.00329157 -0.0014103 -0.0123623 -0.00381428 -0.00181898 -0.00619651 -0.00124147 -0.0056327 0.0169717 0.00204294 0.00709793 -0.00243924 -0.000281266 -0.00997564 -0.00422989 -0.000562862 -0.00050335 -0.00231614 -0.00677957 0.00840474 0.00164727 -0.00144247 0.0250755 3.29272e-05 0.00262914 0.00230817 -0.000899036 -0.0027751 -0.010672 -0.0195574 -0.0009571 -0.0104765 0.00152545 0.00441883 -0.000544471 -0.00165778 -0.00313649 0.0210959 0.0414431 0.000707016 0.000539737 -0.000260346 -0.00107818 -0.00585372 -0.00540194 0.0325481 -0.00323163 -0.00135746 -0.00648087 -0.0167566 0.0158486 0.000454922 -0.0029685 -0.00295725 -0.00700735 -0.00817423 0.000767551 -0.0103317 -0.00719282 0.000324348 0.00234791 -0.000243615 -0.0021254 -0.0067727 -0.0096549 -0.00207787 -0.00673013 -0.000692712 -0.00351144 -0.00228522 -0.012345 -0.0243958 -0.0016839 -0.0031885 -0.0217856 -0.00512651 -0.0197291 
-0.00117583 0.000171107 0.000586285 0.000335254 -0.000382086 0.000448536 0.000531135 0.00448279 -0.000116716 4.43373e-05 6.87599e-05 0.00038332 0.000547325 5.56949e-05 0.000810339 0.000200857 -0.000935259 -0.000316247 -0.00079254 -1.48273e-05 -0.00113986 0.000630504 -0.000572885 9.53089e-05 3.26117e-05 0.000194174 0.00112282 -8.07919e-05 0.000983245 0.000485701 -9.05977e-05 0.000885026 -0.000282125 0.000318848 -0.000446879 0.000247431 -9.86404e-05 -8.22075e-05 -3.89137e-05 5.55602e-05 0.000544218 -8.54801e-05 -0.000508639 2.64125e-05 -3.52485e-05 -0.000675594 0.00011462 0.000312488 8.01527e-05 2.60253e-05 0.000107775 -0.000263898 -0.000865721 2.85197e-05 -0.000210773 0.000426044 -7.13175e-05 7.61869e-05 -6.01071e-05 0.000452757 -0.00129179 -4.45806e-05 0.000215313 0.000422066 -2.65962e-06 3.77248e-05 -0.00023357 0.000163409 -0.00131381 -6.72227e-05 -0.000130487 0.00127149 -0.000379658 -0.00115218 8.9432e-06 -6.85522e-05 -2.85749e-05 -0.000153024 0.000177642 0.000224146 -0.000410116 -0.000236967 0.000183185 -0.00017268 0.000219849 7.85722e-05 0.000193885 -0.000186334 -3.10638e-05 -0.000119157 9.95968e-05 -9.37326e-05 3.8455e-05 -0.00104917 -0.000797008 5.63266e-05 -0.000929948 -0.000840055 2.0553e-05 -0.000247809 
-0.00665505 1.88791e-05 0.00133618 -0.00902652 0.00833293 -0.00153717 -0.00340051 -0.000116716 0.0303133 -2.43603e-05 0.00204298 0.000105268 -0.0101663 -0.00290673 -0.00091332 -0.000423621 -0.00442617 0.00257178 -0.00520521 0.000122384 0.0135694 -0.00180681 0.0113916 0.000303322 0.000276052 0.00377836 0.000902352 -0.000509287 -0.00125233 -8.41149e-05 -0.000126055 -0.00391402 -0.00185432 -0.00218406 0.00155473 0.000377689 -0.00298133 0.00486682 0.000185526 0.000229031 0.000447981 0.00409939 0.0103587 0.000740565 -7.86356e-05 0.000264742 2.22027e-05 -0.000777619 -0.000419734 0.000386115 -4.46255e-05 0.000660214 -0.00335507 0.000683304 -0.000210147 -0.00427389 -8.98315e-05 -1.96609e-05 0.00544668 -9.75119e-05 -0.000125733 -0.00581307 -0.000246532 -0.003032 0.0011609 0.00199867 -0.00920012 -0.00181801 -0.001903 0.00384753 0.000445745 -0.00187113 -0.00237791 -0.0145138 0.000265611 0.00911094 0.000591243 0.00348939 -0.00198632 -6.92808e-05 0.00543046 0.000243135 -0.000652343 0.000958991 1.29333e-05 -0.000437131 -0.00176526 -0.00147358 0.00186572 -0.00154038 -0.000172075 0.00385016 -0.00131457 0.00237925 -0.0075025 -0.000139399 -0.00847455 -0.00610558 -0.000723487 0.00109925 
-0.00618467 0.0032351 -0.00111845 -0.00706027 0.00459366 -0.000404758 -0.000145696 4.43373e-05 -2.43603e-05 0.0276889 0.00111249 0.000124928 -0.00568262 -0.00264227 0.000379953 -0.00221854 -0.00289658 -0.00206774 -0.00480758 8.56552e-05 -0.000671557 -0.000995134 0.00526197 -9.42286e-05 0.000104581 0.00393129 0.00198844 -0.000172885 0.000496766 7.75714e-05 0.000115602 -2.60703e-05 0.000516771 0.00325604 -0.00124648 0.000276563 0.000212775 0.000397713 -0.000186563 0.00048899 -0.000756395 0.00397695 -0.00139185 0.000314704 1.9562e-05 -0.0029139 0.000751714 0.000423539 -0.000303996 0.00015251 -0.000114222 -0.00143312 -0.000247189 0.000102621 0.000526515 -0.00418604 -0.000607053 0.000406608 0.000638797 0.00161947 -0.00488857 -0.00199725 0.00168408 -0.00636312 0.00136328 -0.000219868 -0.000790426 0.00192928 -0.00306023 6.31879e-05 0.00223073 -0.0012891 -0.00395634 -0.00360853 -1.89337e-05 0.00249926 0.000241243 0.000446677 -0.00164205 2.59905e-06 0.00280621 -0.00129395 -0.000438503 0.00176258 -6.77903e-05 0.000304689 0.00290555 -0.000573136 0.000124977 0.00126064 4.66605e-05 0.000329677 -0.00160488 -0.00131658 0.00138664 0.000753748 -0.00493699 -0.00230443 0.00125847 0.00424768 
-0.00731732 0.00504311 0.00639291 -0.0198655 -0.00259293 0.00514318 -0.0046615 6.87599e-05 0.00204298 0.00111249 0.0664165 -0.000457217 -0.0109594 -0.00651595 0.0015451 0.000528936 -0.0155054 0.0130296 -0.0083029 0.000502278 -0.00300782 0.00221967 0.000737818 0.0116513 -2.20581e-05 0.00982439 0.00411703 0.00106883 0.00945629 0.000208882 -0.0013543 0.00529218 -0.00352754 -0.00300574 -0.00771809 0.00807391 0.0162985 0.000397409 0.000151663 0.000902912 0.00253415 -0.00276283 0.00124885 -0.000979082 -0.000367561 0.0130585 0.00119218 0.00236008 0.00400214 0.000557507 0.000390701 0.0175318 -0.0102359 0.00317441 0.00933428 0.000738906 -0.00105118 0.000434199 0.00497754 0.00678306 -0.0149291 -0.0147951 0.00175425 -0.0120867 -0.00107937 -0.00042792 -0.0147309 -0.000332182 -0.0169644 -0.00142018 -0.000308154 0.00926852 -0.00256265 -0.0161872 0.000786474 -0.00336579 0.00361895 0.00908129 0.00374078 6.82238e-05 -0.00346702 -0.000920873 -0.00133665 -0.0011248 0.000250307 0.00113846 -0.00474932 0.00565178 -0.00122318 0.00553879 0.00148253 -0.00185595 0.0121766 -0.0163591 -0.0107765 0.00116285 -0.0285232 -0.0130496 0.00292004 -0.0063987 
-0.0197181 -0.00299202 0.00796068 0.00371745 0.00702132 0.000318433 -2.60821e-05 0.00038332 0.000105268 0.000124928 -0.000457217 0.0899117 0.00783533 -0.00630529 0.00332115 0.0138004 -0.00296395 0.00410579 -0.0315065 -0.000436798 0.0182116 0.0118068 0.00894018 -0.000329756 0.00117207 0.00691321 0.00568132 0.00368211 0.00212354 0.00126752 -0.00171909 -0.000457796 -0.00193624 0.00364151 -0.00838297 -0.000965063 -0.0116003 -0.00145068 -0.000570942 0.000533119 0.00479409 -0.00188125 -0.00689251 0.000475493 0.000888104 -0.0101578 -5.45107e-05 0.00147437 0.000329682 -0.000579997 0.00168925 -0.000336086 -0.0203576 0.000554198 0.0141449 0.002483 -0.000962404 0.000659569 0.00163243 0.00615114 -0.00588743 0.0174835 -0.000788145 -0.0218072 -0.000636243 0.00107485 -0.00468763 -0.00598636 -0.00899471 0.000300246 -0.00220559 0.0132961 0.00544132 -0.0110564 2.7371e-05 -0.00306957 -0.00102716 4.7915e-05 -0.00777763 0.00131164 0.00467032 -0.00266366 -0.00135861 0.00544005 0.000736996 -0.000460894 0.000805051 0.00477263 -0.000744504 -4.68798e-06 -0.000756523 0.000611639 0.000418015 -0.0146133 -0.0241405 -0.000910211 -0.0245367 -0.0185899 -0.000271404 0.00172317 
0.0358551 -0.0236799 0.0303249 0.0547072 -0.0601206 -0.0118173 0.0290272 0.000547325 -0.0101663 -0.00568262 -0.0109594 0.00783533 0.199537 -0.00258784 0.00333195 0.0110073 0.00615001 -0.0175297 0.0138031 -0.00368924 0.00602053 -0.00187916 -0.0507868 -0.00544797 0.000859194 -0.0400639 -0.0141461 0.00179081 -6.82866e-05 -0.000816088 -0.0102492 0.0192123 0.00207245 0.0118415 -0.0151735 -0.00252477 -0.00979412 -0.00925129 -0.0034032 -0.00245503 -0.00180612 -0.021624 -0.00624859 -0.00262695 -0.0063179 0.0103461 -0.0025389 0.0017118 0.000476005 -0.00501364 -0.00504928 -0.00882522 -0.0184069 -0.00169245 -0.0158057 0.0180081 8.08293e-05 -0.000474863 -0.0123621 -0.00953218 0.017911 0.0521278 0.000833319 0.0287702 -0.00837283 -0.00666775 0.0186143 -0.0259152 0.0519163 -0.00742589 -0.0140691 0.00697477 0.0156365 0.0526585 -0.00297744 -0.021454 -0.00772399 -0.00822687 0.00214247 0.000887201 -0.0442418 -0.00229938 0.00416126 -0.000776021 -0.00102195 -0.00460086 -0.00855491 -0.00907133 -0.0085625 -0.0193978 -0.00289852 -0.0120162 0.0163113 -0.0257797 -0.0264148 -0.000229441 0.0396614 -0.014447 -0.0113151 -0.0480744 
-0.039477 -0.00253843 0.055153 0.0593463 -0.00448161 0.0159174 0.0148085 5.56949e-05 -0.00290673 -0.00264227 -0.00651595 -0.00630529 -0.00258784 0.161768 0.00647232 -0.00026258 0.0132371 -0.0245511 -0.00744924 -0.000433838 -0.0418222 -0.015356 -0.0010011 -0.00316786 -0.003076 -0.00883022 -0.00801173 0.00222547 -0.00770105 -0.0019757 -0.00514225 -0.005969 -0.00125722 -0.0164824 -0.022765 -0.00127041 0.022081 -0.00151012 -0.00130849 -0.000574978 -0.00494083 -0.00812129 0.0219969 -0.00205236 0.00192721 -0.00580721 -0.000342069 -0.00132028 0.00104931 0.00724356 -0.00263082 0.00551453 -0.0111877 -0.00121861 0.00397519 0.0362556 0.00985779 -0.000432683 -0.00288728 -0.000599585 -0.0360525 0.0261657 -0.00345634 -0.000997016 -0.00212987 -0.000146671 -0.0432679 0.00952376 0.0334207 -0.00365614 -0.00251954 -0.00895373 -0.0144803 0.00378697 -0.000864866 0.00142816 -0.000892097 -0.00575797 -0.0155195 9.56046e-05 -0.00196795 0.0337751 0.00241943 -0.00886809 -0.000950031 -0.00106369 -0.0140665 -0.00942467 -0.00057938 -0.00225454 0.0006188 -0.0052396 0.00496154 -0.0262313 -0.0383193 -0.00316368 0.0367288 -0.0208018 -0.000131746 -0.0311379 
0.00505498 0.00113137 -0.00609097 0.00493924 -0.00496853 -0.0025029 0.000703163 0.000810339 -0.00091332 0.000379953 0.0015451 0.00332115 0.00333195 0.00647232 0.051031 -0.00911554 -0.00559718 -0.00506618 -0.00499237 0.000209802 -0.00894752 0.0103476 -0.00748339 0.00189747 0.00270027 0.00382911 0.000570692 0.00104557 0.00296841 0.00309038 -0.000949795 -0.00336392 -0.000894478 -0.00116034 -0.00365683 0.000864637 0.00306488 0.000489133 -0.000395978 0.000151516 0.0024848 -0.001244 -0.00460158 7.85007e-05 -0.000556391 0.00045242 0.000296262 -0.000909404 -2.41149e-06 0.00115134 0.00223498 0.00150971 -0.00350845 0.000348469 -0.00373631 -0.00721879 -0.000858461 0.000751241 -0.00188481 0.00154985 -0.0016891 -0.000195557 -0.000748609 0.0100298 -0.000928533 0.000612551 0.00688836 -0.00171308 -0.005867 -7.63796e-06 -0.000232411 0.0141317 0.0114254 -0.02355 -0.000251936 -0.00307618 -0.000852632 -0.00334668 0.00183533 -4.34436e-05 -0.00370228 0.00307846 0.00131979 -0.00221368 0.000576734 0.000257256 -0.000293364 -0.00310684 -0.000718216 -0.00208876 -5.9306e-05 -0.00113864 0.00783325 -0.0100801 -0.0107128 -0.00067274 -0.00925841 -0.00478974 -6.1702e-06 0.00316744 
-0.0538971 -0.0108167 0.03872 -0.00998866 -0.0111913 0.00501122 0.0100118 0.000200857 -0.000423621 -0.00221854 0.000528936 0.0138004 0.0110073 -0.00026258 -0.00911554 0.18294 -0.00531033 -0.0204617 -0.040335 0.00213735 0.0123179 0.000677114 0.00478717 -0.000748176 0.00135718 -0.00627986 0.0117911 -0.00223366 0.0012774 -0.000818167 0.0135242 0.032791 -0.014215 0.0194747 -0.00635195 -0.00219839 -0.0254429 -0.00390012 -0.000770628 -0.000976475 0.000487808 -0.00656428 0.00453234 0.000661591 -0.00147576 -0.0224745 0.00114722 0.0051125 0.00206386 -0.00112582 0.000198671 0.00481915 -0.0309795 0.00115741 0.0407695 0.0307305 -0.0062989 -0.000728274 0.00613535 -0.00161628 -0.0203069 0.0211592 0.00312732 -0.0178346 -0.00447521 -0.000158716 0.00474181 0.00349865 -0.0277405 -0.00354614 -0.00761045 -0.00442392 -0.0241231 0.0208696 -0.000559176 -0.00176784 -0.000815606 -0.0123971 -0.0181469 0.000532388 -0.0110839 0.00536135 0.000687581 0.0138568 0.000863573 0.00125044 0.00174662 0.013326 -0.00317934 0.00686782 0.00103617 -0.0023925 0.00942673 -0.0384358 -0.0263697 0.00326011 0.00101825 -0.0280637 -0.00700992 -0.0131415 
0.0068357 -0.0073865 0.00118255 0.0261153 -0.00544354 -0.00510501 0.00574617 -0.000935259 -0.00442617 -0.00289658 -0.0155054 -0.00296395 0.00615001 0.0132371 -0.00559718 -0.00531033 0.0768972 -0.0202078 0.0252976 -0.00652156 -0.00498854 -0.00346026 -0.0193001 -0.0162139 -0.00746632 -0.0149537 -0.00745326 -0.00174788 -0.015375 -0.00471397 -0.0013971 -0.00287794 -0.000513045 -0.00375304 0.00178703 -0.00824177 -0.0123657 -0.00119182 -0.00163137 -0.001395 -0.00624293 -0.00263539 0.00383366 -0.000349604 -0.000551248 0.00563206 -0.00173175 -0.00451059 -0.0020464 -0.000171469 -0.00435204 -0.0171569 0.00859038 -0.00355819 -0.0115639 0.00597989 0.00174117 -0.00158076 -0.0118768 -0.00470984 0.0263409 0.00534976 -0.00424612 0.014283 -0.000601171 -0.00115879 0.0207271 -0.00519068 0.0256609 -0.00222866 -0.000533536 -0.0110856 0.00712918 0.0270276 -0.00091123 0.000668593 -0.00277697 0.00130138 -0.00603769 -0.000642449 -0.00527752 -0.00135611 -8.53415e-05 -0.00784138 -0.00276798 -0.00255436 -0.0110297 -0.00116782 0.00139094 -0.00503162 -0.00233753 -0.00109544 -0.00299118 0.0303371 0.00194904 -0.00668927 0.0214892 0.00611896 -0.00283361 -0.00595089 
0.00332585 0.013115 -0.0332315 -0.0390395 0.0234646 -0.00237756 -0.0167241 -0.000316247 0.00257178 -0.00206774 0.0130296 0.00410579 -0.0175297 -0.0245511 -0.00506618 -0.0204617 -0.0202078 0.170735 -0.0231003 0.000514716 0.0360652 -0.0127143 0.013138 0.00911787 0.00370232 0.0185324 0.00437845 0.00415538 0.00928907 -0.000228566 -0.0011632 0.00698349 -0.00861185 -0.0124558 0.0038507 0.0083761 0.0312538 0.00130913 -0.000949997 0.000879858 -0.000477606 0.0001123 -0.0204873 -8.07331e-05 0.00549038 -0.00651709 -0.00142873 0.0045634 -0.000331649 -0.00180937 0.00845364 0.020009 -0.0325413 0.00105866 0.00479741 -0.0245579 -0.00704117 0.000139195 0.00512735 0.00380855 0.00068909 -0.00260014 0.00879183 -0.0369524 0.00530934 0.00123788 -0.0519379 -0.00893903 -0.00483926 0.00397589 0.00548834 -0.00483529 0.00910267 -0.0393063 0.000449723 -0.00017258 0.000343356 0.0185407 0.0171012 0.00146177 0.0274287 -0.00892065 -0.00257187 0.00767537 0.000491741 -0.0025704 0.00874639 -0.00373106 -0.00384148 0.000988243 -0.000592564 0.00489061 0.00217378 -0.0289066 -0.00701067 0.00136031 -0.0512374 -0.0196318 0.00195057 0.0510163 
0.0394951 -0.00168799 -0.00792236 -0.000783764 -0.0181062 -0.00687825 0.00584551 -0.00079254 -0.00520521 -0.00480758 -0.0083029 -0.0315065 0.0138031 -0.00744924 -0.00499237 -0.040335 0.0252976 -0.0231003 0.187622 -0.00402193 -0.0129186 -0.00366327 -0.0375018 -0.0104782 -0.00492014 -0.0322896 -0.0169379 -0.00414328 -0.0243186 -0.000773811 -0.0120422 -0.0105968 0.00758732 0.000273259 -0.00799973 -0.00543954 -0.0117393 0.00301923 -0.000711011 -0.000677937 -0.00579006 -0.00192119 0.00598114 -0.00397124 -0.00417443 0.0388868 -0.00120057 -0.00887656 -0.000529634 0.000143837 -0.00427116 -0.0360691 0.03186 -0.00300674 -0.0475427 -0.0211745 0.00550962 -0.00169056 -0.0123877 -0.014526 0.0612085 -0.0414816 -0.000747191 0.0435728 -0.0115674 -0.00408311 0.0391626 -0.00229095 0.0652606 0.00175285 0.00308132 -0.0121638 0.0152679 0.0213465 -0.00141957 -0.00648167 -0.00567708 0.0136602 -0.00130476 -0.000177713 -0.0192118 -0.011665 -0.00452438 -0.0122536 -0.00246813 -0.00233745 -0.0188119 0.000646423 -0.000333796 -0.0197802 -0.00257975 0.000106062 -0.0104316 0.0630678 0.00472316 -0.00215961 0.0179289 0.0285433 -0.0079171 -0.0126088 
-0.00378382 0.000790084 0.000398914 -0.00389178 0.00282813 0.00258538 -0.0016357 -1.48273e-05 0.000122384 8.56552e-05 0.000502278 -0.000436798 -0.00368924 -0.000433838 0.000209802 0.00213735 -0.00652156 0.000514716 -0.00402193 0.0135912 -0.0026154 0.00100002 0.00518662 0.000388274 0.000371964 0.000487339 0.00152571 -0.000211788 0.00113297 0.000152982 0.00116142 0.000907573 -0.000191148 0.000428952 -0.000357803 0.00143979 0.00117977 -0.000347039 0.000270269 0.000174168 -0.000264551 9.60036e-05 -0.000942018 4.64957e-05 0.000429423 -0.00286323 0.000138605 0.000816996 0.00029593 0.000220725 0.000528915 0.000549913 -0.00197313 0.000176234 0.00519502 0.001681 -0.000287031 7.02627e-05 0.00527261 0.00153417 -0.00575999 -0.00190716 0.000476119 -0.00366461 0.000173998 -7.69973e-05 -0.00315772 0.000471716 -0.00535715 0.000238823 -0.000165993 -0.000560205 -0.00195185 -0.00240709 0.000222589 0.0014636 0.000139533 -0.000602431 -0.00112676 1.282e-05 0.00167029 -0.000520618 -0.000198865 0.00123097 0.000420901 7.19358e-06 0.00250179 0.00154941 -9.16837e-05 0.00145807 0.00061379 -0.000146301 0.000949964 -0.00427334 -0.00162492 0.00193348 -0.00382714 -0.00197687 0.00143425 0.000284986 
0.0013855 -0.0204332 -0.000140246 -0.0461063 0.00679623 -0.0264268 0.0082981 -0.00113986 0.0135694 -0.000671557 -0.00300782 0.0182116 0.00602053 -0.0418222 -0.00894752 0.0123179 -0.00498854 0.0360652 -0.0129186 -0.0026154 0.222573 -0.00261139 0.0216807 -0.000302035 0.00281519 0.00202227 -0.00731486 -0.00500449 -0.00448991 -0.000260235 -0.00205076 -0.0146814 -0.000932302 -0.00187624 0.00674579 -0.00305016 -0.00903719 0.00331602 0.000140398 -0.000536927 -0.000913106 0.00126194 0.00809958 0.00770724 0.00021141 0.029649 -0.000933126 -0.00145694 -0.00415925 -0.00321808 -0.00143553 0.00248109 -0.0561447 -0.00021679 -0.00625419 -0.0484178 -0.00328984 -0.000722849 0.0127846 -0.00765218 0.0638322 -0.00911631 0.00340457 -0.0511686 0.00551276 0.00433707 -0.0202293 -0.0163805 0.052096 0.00467145 0.00337604 -0.01717 0.0185744 -0.0183805 0.00076613 -0.00203865 -0.00241927 0.00671957 -0.00386228 0.000427192 0.0122302 -0.0121019 -0.00589402 0.0160919 0.000491779 -0.0047924 -0.00639568 -0.00116637 0.000315518 -0.0131275 -0.00229682 0.0123832 0.00964426 -0.00227922 -0.0210798 -0.00188822 -0.0538967 -0.0453937 -0.00852421 0.0367552 
-0.00355905 -0.00262937 -0.0292593 -0.00183935 -0.00903837 0.0114718 -0.0172056 0.000630504 -0.00180681 -0.000995134 0.00221967 0.0118068 -0.00187916 -0.015356 0.0103476 0.000677114 -0.00346026 -0.0127143 -0.00366327 0.00100002 -0.00261139 0.117036 -0.0179825 -0.00144622 0.00406963 0.00879379 0.00593445 0.00239839 -0.00288225 0.000433862 -0.00490113 0.00356873 0.00809021 0.00206336 -0.0115069 -0.00144038 -0.0159937 -0.00073206 -0.000503964 -2.16732e-05 0.00126711 0.00043915 -0.0217787 0.00388226 -0.00144074 -0.00907262 0.000631657 0.00551453 -0.000167493 0.000257255 0.00175379 -0.00258978 0.00171145 0.00138388 0.0119234 -0.00406271 -0.00244786 0.00163797 0.00086647 0.00595539 0.00412393 -0.0226227 0.0012893 -0.0144882 -0.000274944 -0.000472023 0.040353 0.00129528 -0.034563 0.000116451 -0.00134956 0.00935955 0.023501 -1.53724e-05 -0.000377977 -0.00637786 0.00334637 -0.00202833 -0.00998202 -0.000354645 -0.0105152 -0.00723077 -0.00262729 -0.00267043 0.00098994 0.00178547 0.00415299 0.0131702 0.00043756 0.00212625 0.0020138 -0.00201291 0.0124012 0.0191015 -0.0154456 7.4736e-05 -0.021423 -0.0154434 -0.00281091 0.0106694 
-0.0579268 0.0135355 0.0389171 -0.020034 0.0498895 0.0149572 -0.018669 -0.000572885 0.0113916 0.00526197 0.000737818 0.00894018 -0.0507868 -0.0010011 -0.00748339 0.00478717 -0.0193001 0.013138 -0.0375018 0.00518662 0.0216807 -0.0179825 0.173746 2.58841e-06 0.00125109 0.0331627 0.00861886 -0.00421352 -0.00594583 -0.00117762 0.00934939 -0.0191887 -0.0134855 -0.0126662 0.0146174 0.000661774 0.0128636 0.0122441 0.00300275 0.000846502 -0.00494773 0.0110533 0.0205015 -0.000322306 0.0044157 -0.0127253 0.000882855 -0.000481094 0.000459196 0.00152066 0.00421923 0.0023582 -0.0272619 7.6626e-05 0.0193966 0.00336256 -0.00376653 0.00023769 0.0260012 0.00931477 -0.0429971 -0.0108582 0.00170379 -0.0582588 0.00576672 0.00536678 -0.0602941 0.00552233 -0.0276731 0.00877572 0.00342818 -0.0181733 -0.0277559 -0.0329914 0.00134899 0.0106351 0.000438561 0.00626033 -0.00569587 -0.000100889 0.047961 0.0120707 -0.00151452 0.0101135 0.000144646 -0.00202733 0.00134327 -0.00204369 9.62636e-05 0.000332699 -3.38798e-05 0.00126706 -0.0179381 -0.013356 0.00355212 0.00640529 -0.0363906 -0.0266752 0.00261431 0.0244814 
0.00494381 7.03213e-05 -0.00235245 -0.00845571 -0.000185357 -0.00265618 -0.00329157 9.53089e-05 0.000303322 -9.42286e-05 0.0116513 -0.000329756 -0.00544797 -0.00316786 0.00189747 -0.000748176 -0.0162139 0.00911787 -0.0104782 0.000388274 -0.000302035 -0.00144622 2.58841e-06 0.0230957 0.000882784 0.00400079 0.00138381 0.000846089 0.0138429 0.000477521 -0.000782847 0.00244139 -0.000783807 -0.000450899 -0.00230433 0.00565032 0.0066717 -0.000339646 0.000359467 0.000222031 0.00244954 -0.000430704 -0.00298113 -0.000349782 -0.000196477 0.00176939 0.000129498 -0.000389967 -6.05737e-05 5.96842e-06 0.000680966 0.0162636 -0.00410567 0.00230662 0.00131807 -0.00339802 -0.000558777 0.000153934 0.00195354 0.00010701 -0.0093588 -0.00426169 0.000474727 -0.00536384 -0.000560632 -0.000158593 -0.0102618 0.000127075 -0.00619341 -0.000372819 0.000323531 0.00627966 -0.000678581 -0.0128113 0.000556994 -0.00155028 0.00153966 0.00114528 0.0087186 0.000216159 -0.000221599 -0.000126545 -0.000112313 -0.00105267 0.000669888 0.0012564 0.00131216 0.00314264 -0.000522052 0.00423569 0.000516168 3.75441e-06 0.00598608 -0.0122549 -0.00276117 0.000157055 -0.0085381 -0.00425598 0.00334983 -0.00177513 
-0.00133935 0.000778664 -0.00309981 -0.00397994 0.000645217 0.000220946 -0.0014103 3.26117e-05 0.000276052 0.000104581 -2.20581e-05 0.00117207 0.000859194 -0.003076 0.00270027 0.00135718 -0.00746632 0.00370232 -0.00492014 0.000371964 0.00281519 0.00406963 0.00125109 0.000882784 0.0169425 0.00502618 0.00154709 0.000233227 1.06651e-05 0.000789973 0.000706061 0.00185228 -0.000452715 -7.32995e-05 -0.00134927 0.000340123 0.000136338 -7.69302e-05 0.000113388 -5.68623e-05 0.000327056 -0.000140308 -0.00240877 0.00052159 0.000286702 -0.00258021 -9.40309e-05 -0.000371145 -4.31005e-06 1.02251e-05 0.00195971 0.000763247 -0.00233039 8.6252e-05 0.0013725 -0.0020659 -0.000440181 0.000706917 -7.2637e-05 0.000474604 -0.00222616 0.000124256 0.000707798 -0.00235134 0.000152651 0.00119612 -3.73635e-06 -0.000614425 -0.0068732 0.000965908 -0.000179573 0.00153488 0.000417773 -0.00581331 -3.68871e-05 -0.00111634 1.14994e-05 -0.000940289 0.00151398 0.000208187 0.00150552 -0.000253398 -9.91028e-05 0.00260942 0.000447772 -0.000108406 0.00154214 -0.000530464 -0.000362151 3.65346e-05 -1.93794e-05 0.000645282 0.000347473 -0.00542543 -0.00430817 0.00176433 -0.00406667 -0.00383612 -0.000292209 0.00610967 
-0.0270042 0.0133408 -0.018012 -0.0297074 0.0341053 0.00187941 -0.0123623 0.000194174 0.00377836 0.00393129 0.00982439 0.00691321 -0.0400639 -0.00883022 0.00382911 -0.00627986 -0.0149537 0.0185324 -0.0322896 0.000487339 0.00202227 0.00879379 0.0331627 0.00400079 0.00502618 0.0820779 0.0112251 -0.00125815 0.00118262 0.000325182 -0.00102533 -0.0061702 -0.00403675 -0.00360803 0.0021155 0.000984872 0.00586703 0.0076604 0.00155386 0.00124157 0.00355423 0.00807126 -0.00554877 0.00126133 0.00362476 -0.00605547 0.00136446 -0.00042792 -0.00057335 0.00045601 0.00727925 0.00206871 -0.00204588 0.00135768 0.0114195 -0.014179 -0.00330098 0.00112672 0.00682648 0.0150689 -0.020837 -0.0118052 0.00133321 -0.0212573 0.00544724 0.00618514 -0.00915949 0.00115773 -0.0329744 0.00322664 0.00451534 0.00127614 -0.00537169 -0.0460598 0.000321442 0.00120852 0.00402219 -0.000432433 5.77075e-05 -0.000332334 0.0284506 0.00208515 -0.00119455 -0.000373001 0.000801099 0.00384331 0.00306595 0.00290543 0.00148871 0.010065 0.00114363 0.00172536 -0.00389147 -0.00528058 -0.00523153 0.000350572 -0.0357477 -0.0134233 0.00339536 0.0354986 
-0.0179236 0.0017615 -0.00632555 -0.0087944 0.00728915 0.00232918 -0.00381428 0.00112282 0.000902352 0.00198844 0.00411703 0.00568132 -0.0141461 -0.00801173 0.000570692 0.0117911 -0.00745326 0.00437845 -0.0169379 0.00152571 -0.00731486 0.00593445 0.00861886 0.00138381 0.00154709 0.0112251 0.0504155 0.00251718 0.00880791 0.000863565 0.00432051 0.0076072 -0.00321098 0.0105245 -0.00425432 -0.000126068 -0.00476333 -0.000333359 0.000550083 0.000638337 0.00107985 -0.00086699 -0.00428956 0.000229665 -0.000187922 -0.00897824 0.00100936 0.002231 -0.000300333 4.67825e-06 0.00288856 0.00711421 -0.00781541 0.00089055 0.015057 0.0106971 -0.00169316 0.000321289 0.00355635 0.00369342 -0.0174652 -0.00416593 0.000440096 -0.0127125 -0.000688215 -2.21997e-05 -0.00366983 0.00168764 -0.0261668 0.000321609 -0.000321388 0.00863484 -0.00427485 -0.00784181 -0.000108606 0.000403307 0.00138552 0.000105667 -0.00255242 0.000647957 0.0051677 -0.00123678 -8.74273e-05 0.00540169 0.00111455 0.0032831 -0.00206646 0.00170242 -0.0011113 0.0131474 0.00242953 -0.00130859 -0.00227935 -0.017224 -0.00539658 0.00145675 -0.00834348 -0.0085806 0.00264448 -0.00199344 
-0.00276296 -0.00100941 -0.00604419 -0.00139128 -0.00276348 0.000516313 -0.00181898 -8.07919e-05 -0.000509287 -0.000172885 0.00106883 0.00368211 0.00179081 0.00222547 0.00104557 -0.00223366 -0.00174788 0.00415538 -0.00414328 -0.000211788 -0.00500449 0.00239839 -0.00421352 0.000846089 0.000233227 -0.00125815 0.00251718 0.0337223 0.00479973 -1.06877e-07 0.000182894 0.00760294 0.000484676 2.64332e-05 -0.00170982 -0.0004828 -0.00260182 0.000357814 0.000373044 0.00011154 0.000989829 -0.0011733 -0.00375554 -0.000247716 -0.000144403 -0.00245736 -0.000156584 0.000492859 0.000458041 0.000547941 0.000315016 0.00805955 -0.00395947 0.000224888 0.00269807 0.00511455 -0.000104885 8.02682e-05 -0.00120838 -0.000341552 -0.00589058 0.00180667 6.39673e-05 -0.010569 0.000100048 -0.000395211 -0.0108671 -0.000539893 -0.00576897 -0.000538144 9.57106e-05 0.00450793 0.000656571 0.00334308 0.000121009 0.000772101 -0.000208039 0.00548214 0.00247128 0.000152502 -0.00146442 0.00287322 0.000723691 0.00182922 0.000304876 0.00139339 -0.000213028 0.000991685 -0.000464728 0.00326022 0.00122012 -0.000792283 -0.00713191 -0.0147233 -0.00245041 0.00214245 0.00236271 -0.00599013 0.000381375 -0.0024608 
0.00809092 -0.00439538 -0.00907692 -0.00801053 -0.00278679 -0.00353647 -0.00619651 0.000983245 -0.00125233 0.000496766 0.00945629 0.00212354 -6.82866e-05 -0.00770105 0.00296841 0.0012774 -0.015375 0.00928907 -0.0243186 0.00113297 -0.00448991 -0.00288225 -0.00594583 0.0138429 1.06651e-05 0.00118262 0.00880791 0.00479973 0.0705982 0.00195991 0.000948381 0.0079248 -0.0029356 0.00925367 -0.0077369 0.00471871 0.00652743 -0.00175079 0.000740223 0.000439102 0.0063316 -0.00130354 -0.0145472 -0.000893225 -0.000670388 0.00118563 -7.79422e-05 0.00160893 0.00034515 -0.000850788 0.00184885 0.026 -0.0136418 0.00266937 0.0056 0.00439677 -0.00212533 -0.00011458 0.000863921 -0.00130763 -0.011985 -0.00123538 0.00158131 -0.014344 -0.00107669 -0.000451064 -0.0259439 0.00360635 -0.0121607 -0.0013509 -0.000807242 0.0212152 0.00381204 -0.0136641 0.000695161 -0.00337904 0.000736752 0.00281085 0.014718 0.0014901 -0.000123066 -0.00218132 0.00346603 -0.00181931 0.00202543 0.000363768 0.00314398 -0.000860385 -0.0010238 0.0118001 -0.000107977 -0.0012588 0.0055434 -0.0381599 -0.00313292 0.000197125 -0.0130566 -0.00827984 0.0124712 -0.00770632 
0.000854079 0.00172294 -0.00129908 -0.00410594 -0.000550752 -0.000387122 -0.00124147 0.000485701 -8.41149e-05 7.75714e-05 0.000208882 0.00126752 -0.000816088 -0.0019757 0.00309038 -0.000818167 -0.00471397 -0.000228566 -0.000773811 0.000152982 -0.000260235 0.000433862 -0.00117762 0.000477521 0.000789973 0.000325182 0.000863565 -1.06877e-07 0.00195991 0.0108737 -0.000325723 -0.000207689 -0.00030027 0.00095858 -0.0010628 0.000698083 0.0011405 0.000122927 -4.84212e-05 0.000268788 0.00458257 0.00148023 -0.00140327 -8.03886e-06 -3.68065e-05 -0.00129297 0.000136969 -0.000112449 0.00024396 -0.000100251 0.00014004 0.000580752 -0.000906965 0.000247917 -0.00022003 -0.00183493 -0.00037178 0.00020092 -0.000176512 0.00011715 -0.00233584 -0.00186606 -5.07712e-05 0.00185051 -0.000150857 0.000120344 0.000922033 0.000553395 -0.00306238 7.88752e-05 -0.000222342 0.00560445 0.00112433 -0.00631094 0.000110562 -0.0006804 -5.83327e-05 -0.000287494 0.00192348 8.39003e-06 -0.000432729 -0.000747174 8.63423e-05 0.000621532 0.000474601 7.00799e-05 0.00236688 -0.000244256 -0.000167674 -5.53012e-06 -1.7161e-05 6.26832e-05 -0.00121503 -0.00296615 2.51491e-05 0.000192615 -0.00450775 0.000505003 0.00017128 0.000794833 
0.00604176 -0.00372133 -0.00433668 -0.00332875 -0.000177618 -0.00157509 -0.0056327 -9.05977e-05 -0.000126055 0.000115602 -0.0013543 -0.00171909 -0.0102492 -0.00514225 -0.000949795 0.0135242 -0.0013971 -0.0011632 -0.0120422 0.00116142 -0.00205076 -0.00490113 0.00934939 -0.000782847 0.000706061 -0.00102533 0.00432051 0.000182894 0.000948381 -0.000325723 0.0499643 0.00138156 -0.00322346 0.0016811 0.00549101 -0.000766506 -0.00650092 4.17592e-05 0.00110521 -0.000187613 -0.00155255 -0.00130995 -0.00206185 -0.000233954 -0.000456419 -0.00184889 -0.000265196 2.16601e-05 -0.000560826 0.000338259 0.00107455 -0.00100808 -0.00619525 -0.000210132 0.00322925 -0.0045404 -0.000419524 3.47489e-07 -0.0016458 -0.000760542 -0.0035234 0.0027891 -0.000651428 0.00486595 6.57678e-05 -0.000291098 8.92198e-05 -0.000707407 -0.0143943 0.000275878 0.000552216 0.000623954 -0.00435013 0.00299533 0.00200552 0.00491678 0.000931594 -0.00397042 0.000540209 -0.000230617 -0.00192109 -0.000473068 -0.000473284 0.00698429 0.000230334 -0.000465788 0.00180768 0.000932999 -0.000365164 -0.000662463 -0.000304173 -0.00111523 -0.00705321 -0.00997218 0.0121428 0.00230745 0.00465552 0.00119268 -0.000268652 -0.00455173 
-0.00957611 -0.0063239 -0.00202782 -0.0282874 -0.0104879 -0.000586556 0.0169717 0.000885026 -0.00391402 -2.60703e-05 0.00529218 -0.000457796 0.0192123 -0.005969 -0.00336392 0.032791 -0.00287794 0.00698349 -0.0105968 0.000907573 -0.0146814 0.00356873 -0.0191887 0.00244139 0.00185228 -0.0061702 0.0076072 0.00760294 0.0079248 -0.000207689 0.00138156 0.11729 -0.00613153 0.0102018 -0.0115628 0.00314113 -0.00216549 -0.00434768 -0.00104491 -0.000606572 -0.00305003 -0.00509854 -0.0164396 -0.00186102 -0.000948961 -0.00454316 -0.000258701 0.0072642 0.00232489 -0.00120999 0.00148502 0.00942778 -0.0174827 0.000518927 0.0164396 0.0185209 -0.00478369 -0.000419383 0.000598536 -0.00146501 -0.0080505 0.0228358 0.00621536 0.00169808 -0.00132874 -0.00116676 -0.000868261 -0.00107554 -0.0147907 -0.00314878 -0.00385071 0.007895 -0.0160557 0.0135895 0.000864054 0.00100058 -0.00142445 -0.00240136 0.00121527 0.0020246 -0.00813398 -0.00910981 0.000495948 0.000274748 -0.000463424 0.0015335 0.0017127 0.00997897 -0.00216618 0.0104882 0.000788947 -0.00455042 0.012994 -0.0423149 -0.0269733 0.00458764 -0.0115555 -0.0245066 0.00372846 -0.0144576 
0.017533 -0.00413663 -0.0187804 0.00387426 -0.00751096 -0.00277306 0.00204294 -0.000282125 -0.00185432 0.000516771 -0.00352754 -0.00193624 0.00207245 -0.00125722 -0.000894478 -0.014215 -0.000513045 -0.00861185 0.00758732 -0.000191148 -0.000932302 0.00809021 -0.0134855 -0.000783807 -0.000452715 -0.00403675 -0.00321098 0.000484676 -0.0029356 -0.00030027 -0.00322346 -0.00613153 0.0745878 0.00163445 -0.00400906 -0.00129188 -0.00965187 -0.00121201 0.000936526 -0.000230105 6.38832e-05 -0.00187387 -0.00466899 0.00169577 -0.00103028 0.00726611 -0.000375085 -0.00054788 -0.0011368 0.00169242 -0.0013749 -0.00409872 0.0135086 1.39173e-05 -0.00483255 -0.010684 0.00473522 0.000774123 -0.00304382 -0.00148249 0.0125455 -0.000364287 -0.00200648 0.00187048 -0.000641525 -0.000520315 0.00743815 -0.00321888 0.0021904 -0.00103898 0.00238049 -0.00750909 0.00302454 0.00358386 -0.000510799 0.00487319 0.00112626 -0.00166768 -0.00383213 -0.000247659 -0.00738478 -0.00594825 -0.00124055 -0.00259598 -0.000366323 0.000225543 0.0059324 -0.00265323 0.000596276 -0.00257587 -0.000334093 -0.000726368 -0.012406 0.0112452 0.00327301 -0.00131305 0.0120835 0.00281356 -0.00194433 -0.00974483 
0.00530074 -0.00547128 -0.01768 -0.0187564 -0.00779512 -0.00614117 0.00709793 0.000318848 -0.00218406 0.00325604 -0.00300574 0.00364151 0.0118415 -0.0164824 -0.00116034 0.0194747 -0.00375304 -0.0124558 0.000273259 0.000428952 -0.00187624 0.00206336 -0.0126662 -0.000450899 -7.32995e-05 -0.00360803 0.0105245 2.64332e-05 0.00925367 0.00095858 0.0016811 0.0102018 0.00163445 0.0804698 -0.00597411 -0.000874256 -0.0132545 -0.00252869 -0.000427498 -0.00016167 0.00378021 -0.000457662 -0.0112474 -0.000643508 -0.000934849 -0.0057611 2.8683e-05 0.00421976 0.000253969 -0.00126985 -4.57522e-05 -0.00201932 0.00474937 0.000373811 0.00299496 0.00796739 -0.00190024 -7.91268e-05 -0.00182158 -0.00167441 0.000801828 0.00315098 0.000956967 0.00434197 -0.00128859 -0.0011458 0.0208369 -0.00400407 -0.0151643 -0.0014029 -0.00197035 0.0115326 -0.00745605 0.00911304 1.08893e-05 -0.0048776 -0.000870547 -0.00615978 -0.00410164 0.000140879 -0.00724671 -0.00542249 0.000725539 0.00154844 0.000620683 -0.000275763 -0.00285177 -0.00191341 -0.00118407 0.00407396 -0.000400108 -0.00149763 -0.00248644 -0.00883575 -0.00654275 -0.000880069 0.00919817 0.00174725 0.00239108 -0.0113925 
