0.0565377 -0.00271229 -0.00210533 0.0058201 -0.00159978 -0.00116371 -0.000499918 0.000131379 -0.00189831 -0.00150523 0.00148521 0.0126483 0.0084929 -0.00382433 -0.00657562 -0.00910492 0.00720057 -0.0103346 -0.000171831 0.012501 0.00255089 -0.0168398 -0.00845105 -0.00693995 -0.00709612 -0.00988964 -0.00343993 -0.00266594 0.00644302 0.00399374 7.47867e-05 0.00552977 0.00783993 0.000367424 -0.00677255 0.000213399 -0.0123774 -0.00808274 0.000570971 0.00580888 0.00167104 -0.000476457 -0.000104298 0.00304736 0.00044817 -0.000262827 0.0047956 -4.10581e-05 -0.0121181 0.00211454 0.00376551 -0.00654258 -0.000677823 -0.0026226 0.000490141 -0.00155751 -0.00107607 -0.00109577 0.000824151 0.000350662 -0.000551737 0.000186367 0.00177117 -0.000352803 0.00133482 -0.000154938 -0.0032209 0.00128221 0.00203752 -0.00641719 0.00817424 -0.000460448 0.00196871 -0.0117597 0.00246784 -0.00169287 0.000535488 0.000955241 -0.000331134 -0.00168293 -0.000682792 -0.00240178 -0.00113601 -0.00117429 0.000793402 0.000784835 0.000589256 -0.00921398 0.00153368 0.00375558 -0.000507539 -0.00139618 0.00385085 -0.00737811 0.000481069 -0.000485041 0.00312046 -0.00208392 1.07545e-06 0.0123694 
-0.00271229 0.235974 -0.019214 0.000191944 0.00364184 0.0392383 -0.00212083 0.0110576 0.0184703 -0.0148418 0.0149796 0.00472781 0.0533609 -0.0441608 0.000936496 0.0186572 -0.0207334 -0.0115202 -0.000604186 -0.0695435 0.013959 0.035895 0.055684 -0.00215603 0.00792916 0.00676443 0.0094516 0.0217136 -0.0383299 0.0134518 -0.000908826 -0.0299389 -0.0355719 0.0149895 0.0279735 -0.000219005 -0.0518946 0.0298831 -0.0026005 0.00579194 -0.00209685 0.00498431 -0.00282196 -0.00255992 -0.0474674 -0.00227707 0.0241299 -0.00214444 -0.0233913 -0.0363725 0.00565939 -0.0335997 -0.0107716 0.0273666 -0.00251768 0.000328486 -0.00165376 -0.00526954 0.00962818 0.00300049 0.0137009 -0.00111051 0.00826713 0.00424745 -0.00568667 0.00038849 0.00482131 -0.0464808 -0.0078797 0.00581786 0.0461911 -0.00195716 -0.0137348 0.00502443 -0.0537324 -0.0137693 0.0331445 0.00120005 -0.00193697 0.000647057 0.00243557 -0.0344975 -0.0777715 -0.00438149 0.0159965 0.0126642 -0.00419794 0.0180953 -0.010554 -0.0379826 -0.00470247 -0.0133992 -0.0158108 -0.0243217 0.00355235 0.00499239 0.00755717 -0.0113411 -0.00043118 -0.00286977 
-0.00210533 -0.019214 0.0911438 -0.000309006 -0.00595004 0.00493092 0.00191493 -0.0022303 -0.00391965 0.00156392 -0.00266561 0.000659929 0.00222341 0.0204703 -0.0167743 -0.0141979 0.0176026 -0.00610193 0.00401898 0.00813223 -0.00107536 -0.0150344 -0.0244647 0.00415051 -0.00519515 -0.0239791 0.0111563 -0.0101074 0.0156611 0.00361914 1.95026e-05 -0.00778345 0.0119946 -0.00333468 0.00116688 -5.68509e-05 -0.0114169 -0.0110098 0.00170969 -0.0025034 0.00262372 0.00264134 -0.000884509 8.84521e-05 0.00219834 0.000251986 -0.00370899 -6.49017e-05 -0.0160309 0.00429619 -0.00187932 -0.00286257 0.000906617 0.00838017 0.00344917 -0.00334768 -0.00188021 -0.00261266 0.000461939 0.000383767 -0.00502362 0.000554769 -0.00257014 -0.00107956 -0.00891155 -0.000259224 0.0071352 0.00706342 0.00734797 -0.0039056 -0.00872366 0.00080606 0.00941767 -0.0110283 0.0181068 -0.00204586 -0.0106748 0.00357205 0.000500808 0.00586955 -0.000651734 0.000683344 0.00609039 0.00149797 -0.00372606 -0.00308155 -0.000398713 -0.0195213 -0.00222829 0.00468852 0.00241211 -0.00275646 -0.00406428 -0.000287098 -0.000197211 0.00296534 -0.000515143 0.0107022 0.000155763 -0.00303928 
0.0058201 0.000191944 -0.000309006 0.0232641 0.00531945 0.00755663 -0.000171986 0.00213958 -0.00120254 -0.00083927 -0.000579891 0.00182207 -0.00365524 -0.00316569 0.00914609 -0.000225432 0.00738171 -0.00551297 -0.00338749 0.00368198 0.0013593 0.000236058 -0.00181858 -0.000902425 -0.000569858 -0.00374792 0.00494643 -0.00016844 -0.00136671 -0.00119938 -0.000127875 -0.00588623 -0.00346974 1.68781e-05 -0.00120712 -1.2284e-05 -0.00635622 -0.00127068 -0.000251252 0.00140903 0.000465944 0.000505849 -0.000114108 0.000389426 -0.00219886 -4.8314e-05 0.00549905 2.95509e-05 0.00132599 -0.00112182 0.00200861 -0.00242911 -0.000982318 -0.00265971 0.00073925 -1.67077e-05 -0.000337957 0.000335767 -0.000662607 -0.000233973 -0.000106319 0.000162068 -0.000240112 -9.72872e-05 -0.00197267 -2.60271e-07 -0.000347578 -0.0023835 0.000393445 -0.0013316 -0.000690501 0.000100403 1.55559e-05 -0.000750334 0.00133224 -0.000799262 -0.000382547 0.000947937 -0.000118711 -0.00239824 -0.000466031 -0.00315026 -0.00677252 -0.000683638 -0.000648916 -0.000151801 0.00242854 0.000364623 -0.000593649 -0.00161165 -0.000430934 -0.00196226 -0.00104964 -0.00338718 -0.000182732 -0.000499076 0.00110163 -0.000153996 -2.37137e-05 -0.000840573 
-0.00159978 0.00364184 -0.00595004 0.00531945 0.155267 0.00329673 -0.00201245 0.00752909 -0.0033014 -0.00579199 -0.00201764 -0.000667164 -0.0225528 -0.0402357 0.0585821 0.0224988 -0.0130375 0.0400666 -0.0151172 -0.00364294 -0.00415546 0.0365784 0.0454354 0.0130209 -0.000992272 0.0267419 -0.00538756 0.0152275 -0.0383253 -0.00819195 -0.000483522 -0.00542552 -0.0179907 -0.00394774 -0.00622651 0.000336256 -0.0024305 -0.00246643 -0.00529554 0.00928601 -0.00279001 -0.00391724 -0.000750592 0.000466088 -0.0239597 -0.0010247 0.0215941 -0.00201521 0.0331763 -0.0333424 0.0077571 0.0105713 -0.00829459 -0.01657 -0.00289553 0.000448831 -0.0030202 -0.00274182 -0.00760041 -0.00286307 0.00440784 -0.000211444 -0.000702748 -0.00147154 -0.0173102 -0.00055458 -0.0140896 -0.0352475 -0.00353761 -0.00548945 -0.0145972 -0.00194139 -0.00564422 0.00929306 -0.0298188 -0.00677271 0.0147047 0.000850551 0.000390183 -0.0124921 0.00165379 -0.0117235 -0.0163119 -0.00803664 0.00209329 0.000792013 -0.00820637 0.0237686 0.00141943 -0.0184976 -0.00127935 -0.0123532 -0.0025841 0.0112712 -0.00106439 -0.00246889 -0.00882848 -0.00691664 0.000197967 -0.0105008 
-0.00116371 0.0392383 0.00493092 0.00755663 0.00329673 0.142555 -0.00162298 0.00352105 -0.0121483 -0.0118176 -0.00275591 -0.0071183 0.0350411 -0.0129031 0.00648725 -0.000929482 -0.0092014 0.00267863 0.00916272 -0.033267 0.00635394 0.0252879 0.0154734 0.0171145 0.00136985 0.0236282 0.0132729 -0.00221868 -0.0324618 -0.000705752 -0.000869672 -0.0367419 -0.0266268 0.00603355 0.0188948 -0.00032097 -0.0154728 0.0148435 -0.00392902 -0.00808518 0.00788103 -0.00189891 -0.00209323 -0.00125277 -0.0297092 -0.0008104 0.00908186 -0.000484303 0.00864035 -0.0264403 0.00617829 -0.0102653 -0.00727618 0.038423 -0.00258983 0.0010374 -0.00364025 -0.00457814 0.0163021 -0.000312993 -0.00107879 -0.000585936 -0.00452529 0.00339649 -0.0106348 -0.000375664 -0.00554953 -0.0318204 -0.00107552 -0.015607 0.0197326 -0.0020413 -0.00113158 0.011223 -0.0171834 -0.00276306 -0.0069276 0.00129864 -0.00128007 0.00825725 -0.00437612 -0.0166909 -0.028155 -0.00844548 -0.00130319 -0.00419989 -0.00608371 0.000870626 -0.00265028 -0.0191497 -0.000804337 -0.00582493 -0.00560375 -0.00392006 -0.00144713 0.00241213 0.000403704 2.6236e-05 -0.00012829 -0.00883073 
-0.000499918 -0.00212083 0.00191493 -0.000171986 -0.00201245 -0.00162298 0.0112173 -0.00038794 -0.000259777 0.000542877 0.000162146 -0.000203336 -0.00129921 0.0016661 -0.00333193 -0.00213172 -0.000312172 -0.00190092 -0.000991329 0.00249893 -0.000233833 -0.00481106 -0.00293314 -0.00136557 0.000246092 -0.0061373 0.00265108 -0.000920366 0.00558545 -0.00018979 4.974e-05 0.000653866 0.00557118 -0.000345108 -0.000711452 -2.93236e-05 -0.00046053 -0.00145782 0.000216498 -0.000646952 6.00863e-05 3.2129e-05 -0.000123658 -2.34869e-05 0.00361355 -2.09625e-05 -0.000541733 -0.000126084 -0.00315835 0.00425679 5.48078e-05 -0.00159219 0.000911869 -0.000748544 0.00120218 -0.000410267 6.76211e-05 -0.000301936 -4.8806e-05 0.000161502 -0.000392924 -2.93191e-05 -0.000151454 -0.000174268 -0.00100056 1.54313e-05 -0.00051846 0.00331437 7.91059e-05 -0.0010347 -0.00162418 -0.00013261 -7.51276e-06 -0.00197175 0.0040782 0.000771191 -0.00093843 -3.94827e-05 0.000646264 0.00118038 -0.000182883 -0.00129441 -0.00033309 0.0023977 -0.0004102 -9.37974e-05 0.00086382 -0.00231678 -0.000365167 0.0028023 -0.000100391 -0.000577148 -9.27519e-05 -0.0018668 6.25094e-05 0.000273626 7.86126e-05 7.36584e-05 1.14157e-05 0.000248497 
0.000131379 0.0110576 -0.0022303 0.00213958 0.00752909 0.00352105 -0.00038794 0.0363499 0.0041562 -0.000198483 -0.00157073 -0.00144007 0.00322775 -0.00471253 -0.000490373 0.00393716 -0.00278642 -0.00715927 -0.00275031 -0.0139472 0.00353689 0.0062782 0.00502367 -0.00121501 0.000112049 0.000818177 -0.00337028 0.00508814 -0.00804346 0.00119831 -8.65522e-05 -0.00865282 -0.00399318 0.0065536 0.00410974 7.57431e-05 -0.0188503 -0.00246956 0.000156894 0.00049404 0.000654413 0.000111839 -0.000218143 6.11659e-05 -0.00678781 -0.000321669 0.0101592 3.3219e-06 -0.00319196 -0.00570539 -0.000671183 0.00131988 -0.00111634 0.00285991 -0.000302065 0.00203661 -0.000592738 -0.00028803 -0.000309538 -0.000589815 0.0041021 -3.79979e-05 -0.000391958 -0.000143452 -0.00214324 3.31629e-05 0.00123616 -0.0074895 -0.000876629 0.00298426 0.00751199 0.000145387 -0.00113459 0.00133273 -0.00862053 -0.000797898 0.0145726 -0.000205581 -0.000307391 0.00405745 -0.000893356 -0.00459329 -0.016777 5.84544e-05 0.00265622 0.00205881 -0.00121161 -0.000730637 -0.0014813 -0.0037219 -0.000589149 -0.00284832 -0.00155594 -0.0027407 0.000599754 0.000984085 1.43799e-06 -0.000436771 -1.82919e-05 -0.0008396 
-0.00189831 0.0184703 -0.00391965 -0.00120254 -0.0033014 -0.0121483 -0.000259777 0.0041562 0.0834411 0.0130596 -0.00171333 0.0025218 0.0126207 0.0170742 -0.0093121 0.0264747 -0.00608413 -0.0222615 -0.00338225 -0.0277971 0.00767838 -0.0115147 -0.00262696 -0.0199389 0.000163581 -0.03308 -0.00905964 0.0187131 -0.00485353 0.0153424 0.000238321 4.3985e-05 -0.00579767 0.00112892 -0.00157177 0.000545509 -0.0359553 -0.00459572 0.00535439 -0.00780205 -0.00104689 0.00201567 -0.00136452 -0.000508862 -0.0128221 0.00022645 0.000798902 0.000484566 -0.0130201 -0.00563805 -0.00224839 -0.00388028 0.00924489 -0.00807853 0.000878626 -0.00142809 0.00260945 -0.00232123 -0.00271164 0.00441255 0.00820854 -0.000372724 0.0165105 -0.000990739 -0.00710904 0.000268073 0.0160788 0.00277272 0.00364615 0.0247256 -0.00567399 0.00200247 -0.000427971 -0.0113964 -0.012568 0.00753597 0.0192023 0.00164367 -0.000469123 0.00256065 0.000807302 -0.0080799 -0.0274537 0.00164991 0.0103555 0.0143289 0.00192355 -0.0104776 -0.00254314 -0.00889864 -0.000342106 -0.00522449 -0.00405313 -0.0102159 0.00148775 -0.00134453 0.0125985 0.00430101 3.75179e-06 0.00247669 
-0.00150523 -0.0148418 0.00156392 -0.00083927 -0.00579199 -0.0118176 0.000542877 -0.000198483 0.0130596 0.0749922 0.00798288 -0.00268328 -0.0140126 0.0301004 -0.0178334 0.00737037 0.00180169 -0.0221479 0.00999612 -0.0104768 -0.00222395 -0.032035 -0.0069959 -0.0263795 -0.00365179 -0.0301805 -0.00622441 0.0198493 0.02262 -0.000748861 0.000182867 0.0270892 -0.00253699 -0.00181918 -0.00283241 0.000312387 -0.0335359 -0.00882276 0.00686866 -0.00317841 -0.00121229 0.00100622 -0.000497804 0.00296288 -0.00189483 0.000834443 0.00340083 0.000416372 -0.0192906 0.00871187 0.0119803 -0.0017747 0.0105917 -0.0113256 0.00131096 0.000759104 0.00875822 -0.00257487 -0.00344513 -4.72721e-05 0.000717464 -0.000333469 0.00576444 -0.00148196 0.0011115 0.000237836 0.012216 0.029252 0.00562328 0.00750416 -0.00885653 0.00168253 -6.46584e-05 -0.0135845 -0.00966933 0.0140308 0.00782798 0.000460699 -3.88092e-05 0.000672536 -0.00270048 -0.000526877 -0.0251363 0.00889259 -0.00112472 -0.0031741 0.00891042 -0.0161557 -0.00321113 -0.00142998 0.000785735 0.00648798 0.000521902 -0.0110336 0.0014632 -0.00170972 0.00532348 0.0138777 2.4195e-05 -0.00284507 
0.00148521 0.0149796 -0.00266561 -0.000579891 -0.00201764 -0.00275591 0.000162146 -0.00157073 -0.00171333 0.00798288 0.0551551 0.00363787 -0.00317709 -0.0079685 -0.00550855 -0.00685838 -0.00478408 -0.0071506 -0.00257387 0.00408944 0.00580175 -0.0113679 -0.00155588 -0.010299 -0.00132642 -0.00304731 -0.000513349 0.00209788 0.010413 -0.0010727 -0.000246545 0.00506989 -0.00136926 -0.000650445 -0.00408918 -2.45328e-05 -0.00648412 -0.00202744 -0.000891286 -0.00357329 -0.000803221 0.00109371 -0.000799275 0.00104629 -0.0074405 0.000201659 0.000508376 -6.57516e-05 -0.00213782 0.00388164 0.0101155 -0.00789937 -9.08481e-05 0.00084015 -0.000154273 -0.00116666 0.00237175 -0.00175857 -0.00158292 0.000817766 -0.00141634 -0.000131534 0.000263493 -0.000673636 0.00827399 0.000264844 -0.0028213 0.0141991 -0.000776296 -0.00343784 -0.00321788 -2.34459e-05 -0.00196548 -0.00699927 -0.00928698 -0.00104783 -0.0036388 -0.000592136 -0.000199485 -0.00376526 -0.000388143 0.00125618 -0.00915309 0.00349316 0.000823731 -0.00111647 0.00313613 0.00234368 -0.00141754 -0.0049593 0.00225779 0.00871048 0.00388484 -0.00747887 0.00172889 0.000254814 0.00279117 0.00149361 5.46208e-05 -0.000713138 
0.0126483 0.00472781 0.000659929 0.00182207 -0.000667164 -0.0071183 -0.000203336 -0.00144007 0.0025218 -0.00268328 0.00363787 0.0646525 0.00272143 -0.00931518 -0.0118752 -0.00212028 0.0207168 -0.0166931 -0.00750694 0.0211703 0.00642015 -0.0315724 -0.0162084 -0.0159309 -0.00718536 -0.0360764 0.00231373 0.00522701 0.00762746 0.022084 4.90061e-05 0.017811 0.0265214 -0.00110246 -0.00742211 0.000360313 -0.0239678 -0.00982154 0.00109876 0.000877017 -0.000884806 0.00528614 3.27983e-05 0.00109352 0.00210759 -0.000211938 1.49719e-05 -0.000627105 -0.0176827 3.66818e-05 0.00657824 -0.0023281 0.000255265 -0.00331903 0.000465414 -0.00236318 -7.87049e-05 -0.00170803 -0.00309899 -3.8812e-05 0.000830712 0.000280451 0.00692551 -0.000933486 -0.0012088 -3.1809e-05 -0.00491353 -0.00243005 0.000744237 -0.00693228 -0.00339472 -0.000123529 -0.00229989 -0.0126177 0.021444 -0.00261516 0.00320517 0.00203449 -0.000141908 -0.00415047 0.00124732 -0.00563097 0.00277875 0.000304225 0.00393844 0.00383311 0.00146483 -0.011612 0.000332261 0.00490532 -4.56357e-05 -0.000317221 0.00382918 -0.0111135 0.000284617 -0.000732543 0.00123899 -0.0021024 2.8115e-05 0.01341 
0.0084929 0.0533609 0.00222341 -0.00365524 -0.0225528 0.0350411 -0.00129921 0.00322775 0.0126207 -0.0140126 -0.00317709 0.00272143 0.161174 -0.000291846 -0.036967 0.0041499 -0.0173805 -0.0197913 0.0304069 -0.0542244 0.015128 0.00968608 -0.005033 0.00124575 -0.00340826 -0.00643845 0.0064702 0.0125536 -0.033012 0.0294158 0.000580625 -0.0421416 -0.00154292 0.00741071 0.030765 9.51052e-05 -0.0544779 -0.0105248 -0.00091012 -0.00332042 0.0126006 0.00495428 -0.0010231 -0.000789524 -0.0322351 -0.00194515 -0.00534072 -0.00110766 -0.0440911 -0.0372554 -0.00234048 -0.00849751 -0.00611437 0.0516983 -0.000133328 -0.00772828 -0.0035255 -0.00544837 0.0257682 0.00707528 0.0127699 -0.000279055 0.00890179 0.00127577 -0.0100612 -0.000120916 -0.00350179 -0.0368126 -0.0029271 -0.00783111 0.0481943 -1.91287e-05 -0.00768679 -0.0112966 -0.0253662 -0.00605432 0.0261627 0.0027087 -0.00143065 0.0264201 0.00248582 -0.00301903 -0.0245643 -0.00134854 0.0136726 0.0163478 -0.00621389 -0.0385239 -0.00315758 -0.0171171 -0.00107485 -0.0115678 -0.00550553 0.00281389 0.00183083 0.0097938 0.00617037 -0.00712075 -0.000262648 0.0161854 
-0.00382433 -0.0441608 0.0204703 -0.00316569 -0.0402357 -0.0129031 0.0016661 -0.00471253 0.0170742 0.0301004 -0.0079685 -0.00931518 -0.000291846 0.240965 -0.0428728 0.0257598 0.0294396 -0.0684019 0.00752191 -0.010098 -0.000177702 -0.049869 -0.0744915 -0.0387525 -0.000889629 -0.0747503 0.00839865 -0.0106682 0.0695759 -0.0125016 -0.00138294 0.0145921 -0.000632966 -0.00853308 0.0100741 0.000525127 -0.040619 -0.0200302 0.0123499 -0.0202086 0.00261201 0.0016429 2.87027e-05 -7.72011e-05 0.0554745 0.00463155 -0.0184854 0.00372252 -0.0388291 0.0506964 0.0033497 0.00885427 0.013394 -0.0162742 0.00800651 -0.00253284 0.00873038 -0.00484088 -0.0051939 0.00315538 -0.00902379 -0.00120439 -0.000833335 -0.00534161 -0.0114099 -0.000226778 0.0480079 0.0715265 0.0104718 0.0269226 -0.0251366 0.001582 0.0224263 -0.0398436 0.018031 0.0239106 -0.0155052 -0.00166983 -2.423e-05 0.0223021 -0.00857509 -0.00304576 -0.04245 0.00681438 -0.0125584 -0.00968207 0.0138531 -0.0642329 -0.00455904 0.0240935 0.00150582 0.0020913 -0.00846149 -0.016758 -0.00318983 -0.00726983 0.0152717 0.0200004 0.000163038 -0.0030931 
-0.00657562 0.000936496 -0.0167743 0.00914609 0.0585821 0.00648725 -0.00333193 -0.000490373 -0.0093121 -0.0178334 -0.00550855 -0.0118752 -0.036967 -0.0428728 0.217563 0.0407192 -0.0185434 0.0813753 -0.0260677 -0.0167331 0.0054345 0.0689313 0.047995 0.0244789 0.00652088 0.0670629 0.00714469 -0.0174715 -0.0578092 -0.0174295 -0.00116376 -0.0492222 -0.0514648 -0.00772002 -0.0183614 -0.000652443 0.042498 0.0163947 -0.00860487 0.00756171 -0.00180308 -0.00776477 2.75566e-05 -0.00278182 -0.0475188 -0.00126783 0.0129017 -0.00136108 0.0958776 -0.0600686 -0.00196459 0.00100039 -0.0104327 -0.0321232 -0.00343562 0.00663135 -0.0057182 0.00211768 -0.0122603 -0.00499958 -0.00969878 0.000183151 -0.010202 0.00209362 -0.0159302 -0.000640468 -0.00773493 -0.0493789 -0.00517423 0.0257278 -0.0281542 0.00152806 -0.00977313 0.0532919 -0.0374276 -0.00817402 -0.0269401 -0.000607476 -3.11443e-05 -0.0263593 0.00225557 -0.0297449 -0.0016559 -0.0155318 -0.00504285 -0.00695915 -0.00149134 0.0820296 0.00772234 -0.0266502 -0.00355844 -0.0180495 -0.00529266 0.0285857 -0.00239132 -0.00755499 -0.00912375 -0.00395539 -0.00049454 -0.0207974 
-0.00910492 0.0186572 -0.0141979 -0.000225432 0.0224988 -0.000929482 -0.00213172 0.00393716 0.0264747 0.00737037 -0.00685838 -0.00212028 0.0041499 0.0257598 0.0407192 0.193317 -0.012329 -0.0135946 0.0028064 -0.0652002 0.0163945 0.0250901 0.0279255 -0.0143232 0.00523665 -0.0031308 -0.00720233 0.00641638 -0.0206714 -0.00101247 -0.000175209 -0.012325 -0.0376611 -0.00522412 -0.0049389 0.000523289 -0.0328616 -0.000539881 -0.000399788 -0.0172278 -0.000914723 0.000843704 -0.00258011 -0.00203946 -0.0234871 0.00117336 -0.00309151 0.0017435 0.0191691 -0.0343294 -0.00508041 0.00020389 0.0116704 -0.00764866 0.00327028 -0.00339548 0.00287721 -0.00200143 -0.00637559 0.00135997 0.0129983 -0.00106681 0.0116514 0.000310948 0.0263348 -0.000281863 0.0294591 -0.0269451 0.00455811 0.00933433 -0.0252945 0.0033302 -0.00224852 0.0132 -0.0494394 0.0139327 -0.00314059 -0.00300942 -0.000610042 -0.00289182 -0.00288943 -0.011777 -0.0511418 -0.00447921 0.0139471 0.00239132 -0.00222727 0.0205463 0.000140413 -0.0269831 -0.00190492 -0.00249266 -0.00984735 -0.00404484 -0.00179889 -0.00466918 0.0031317 -0.00350399 -0.000254592 -0.0165832 
0.00720057 -0.0207334 0.0176026 0.00738171 -0.0130375 -0.0092014 -0.000312172 -0.00278642 -0.00608413 0.00180169 -0.00478408 0.0207168 -0.0173805 0.0294396 -0.0185434 -0.012329 0.12625 -0.041649 -0.0164217 0.0388896 -0.0032528 -0.0375076 -0.039744 -0.0252565 -0.00477003 -0.0670303 0.00619827 -0.00461362 0.042569 0.00918349 -0.000552704 0.0292342 0.0267989 -0.00448593 -0.00997686 0.000127082 -0.0343327 -0.0175723 0.00316724 0.00426262 -0.00135657 0.0115778 8.022e-05 0.000530899 0.0262574 0.00338014 -0.0012154 0.000210977 -0.025411 0.039015 0.0054482 -0.012904 0.00145584 -0.00969167 0.000905409 0.00343221 0.000918965 -0.00198666 -0.00577077 -0.00176333 -0.00368799 0.00049372 -0.00295539 -0.0013209 -0.0126697 0.000126802 0.00988644 0.0200871 0.00531058 -0.00703147 -0.0121348 0.000806968 0.019229 -0.0213346 0.0423613 0.00312997 -0.0135311 0.00346659 0.00036818 -0.000281748 -0.00266119 -0.00173018 -0.00253867 0.00615662 -0.00601036 -0.00396517 0.00411344 -0.0186604 -0.00324409 0.0108061 -0.000997125 -0.00488846 -3.45874e-05 -0.0193841 -0.00179054 -0.00236705 0.0111651 0.00791421 -0.000121802 0.00633982 
-0.0103346 -0.0115202 -0.00610193 -0.00551297 0.0400666 0.00267863 -0.00190092 -0.00715927 -0.0222615 -0.0221479 -0.0071506 -0.0166931 -0.0197913 -0.0684019 0.0813753 -0.0135946 -0.041649 0.241326 -0.00811697 -0.019409 -0.010697 0.0766125 0.0605566 0.0441597 0.00719359 0.0944501 -0.00748599 -0.0177365 -0.0692053 -0.0211316 -0.000216511 -0.0553735 -0.0340059 -0.00835008 0.00688044 -0.000983331 0.101683 0.0189125 -0.0118306 0.00883411 -0.00337619 -0.0112281 0.00171163 -0.00226527 -0.0530907 -0.00349828 -0.00316329 -0.00329526 0.0833556 -0.0703853 -0.0187325 0.0264918 -0.0153533 -0.00685085 -0.00692524 0.00215479 -0.00888511 0.00365064 -0.000772246 -0.0028288 -0.00862137 0.000718966 -0.0156429 0.00448181 -0.0117251 -0.00111152 -0.0215972 -0.0631513 -0.0110669 -0.00577261 -0.00480448 -0.0013981 -0.0189584 0.0418916 -0.0457912 -0.0195937 -0.0324139 -0.00473939 -0.000990446 -0.015732 0.0110662 -0.0186796 0.0288663 -0.0122084 -0.00873691 -0.00750635 -0.0162558 0.0811538 0.00432078 -0.030955 0.00327531 -0.0147318 0.0108226 0.0786089 5.34799e-05 0.00191663 -0.021679 -0.00505245 -0.000267181 -0.0206749 
-0.000171831 -0.000604186 0.00401898 -0.00338749 -0.0151172 0.00916272 -0.000991329 -0.00275031 -0.00338225 0.00999612 -0.00257387 -0.00750694 0.0304069 0.00752191 -0.0260677 0.0028064 -0.0164217 -0.00811697 0.132172 -0.0251775 0.000998857 -0.00606363 0.00243705 -0.00402312 -0.00527688 0.014761 0.00237657 0.00161484 -0.00606006 0.00527561 -0.000647619 0.00703097 -0.0110107 -0.00296251 0.0215721 0.000238008 -0.0126116 -0.0113406 0.00195252 0.0059452 0.00697696 -0.0015704 0.00483391 -0.00129314 -0.0101042 -0.000453006 -0.00810863 -0.000552091 -0.0263323 -0.0125407 0.010107 -0.00398105 0.000887306 0.0263015 -0.00216564 -0.00510505 0.0013997 -0.00138689 0.0143204 -0.00100543 -0.00160527 -0.000126733 -0.00243547 -0.00130527 0.0030646 -0.000164237 0.0147203 -0.00978406 -0.000896486 -0.0088987 0.0104785 -0.00142998 -0.00134222 -0.0153202 -0.0212136 0.00124273 -0.0111051 -0.000514475 -0.000447942 0.0100584 -0.00315295 0.00133384 -0.00730511 -0.000835635 -0.00170305 -0.00152924 -0.00551951 -0.0282494 0.00114679 -0.0125327 0.00288988 0.012904 0.00327607 0.00528006 -0.000940856 0.00542342 -0.00152749 -0.00251045 -8.25832e-05 -0.00759035 
0.012501 -0.0695435 0.00813223 0.00368198 -0.00364294 -0.033267 0.00249893 -0.0139472 -0.0277971 -0.0104768 0.00408944 0.0211703 -0.0542244 -0.010098 -0.0167331 -0.0652002 0.0388896 -0.019409 -0.0251775 0.249971 -0.0140343 -0.0488934 -0.0776888 0.0040798 -0.00284702 -0.0318828 0.0104579 -0.0308205 0.0516518 -0.005397 -0.00225874 0.0490389 0.0404168 -0.0142658 -0.0462762 -0.000851506 0.0467633 -0.0246641 0.00246059 0.00336317 -0.00665029 -0.0016053 0.00170154 0.00154695 0.0624122 -0.00125714 -0.00606258 -0.00142806 0.0094482 0.0457636 0.0131592 -0.00702563 -0.000930006 -0.048266 0.00248878 -0.000619129 -0.00397917 6.86512e-05 -0.0133203 -0.00552996 -0.0166341 0.00179451 -0.0138979 -0.0038991 0.00433012 -0.000816218 -0.0206656 0.0497672 -0.00408665 -0.0260621 -0.0366685 -0.00223619 0.00255689 -0.030359 0.102454 -0.00933947 -0.0365288 0.00181698 0.000612077 -0.00593955 -0.00717515 0.030383 0.0867701 0.00363371 -0.0167351 -0.00271886 0.00557508 -0.013739 0.00719894 0.0385354 0.00350369 0.0207925 0.00534372 -0.0365864 -0.00696113 -0.00545837 -0.0151852 -0.00211216 0.000464367 0.00858605 
0.00255089 0.013959 -0.00107536 0.0013593 -0.00415546 0.00635394 -0.000233833 0.00353689 0.00767838 -0.00222395 0.00580175 0.00642015 0.015128 -0.000177702 0.0054345 0.0163945 -0.0032528 -0.010697 0.000998857 -0.0140343 0.0505915 -0.00187145 -0.00440725 -0.0133906 -0.00317031 -0.0108483 0.00751253 0.0019562 -0.00705959 0.0111756 -9.59895e-05 -0.0109766 -0.00105164 -0.000184575 -2.49376e-05 0.000180885 -0.0202331 -0.000731106 0.000627164 -0.00467265 0.00478366 -0.000132962 -0.000563696 -0.000378444 -0.00961069 -0.000319638 -0.00104415 -5.84648e-05 -0.00441777 -0.0108757 0.00564984 -0.00364876 0.000696432 0.0052687 0.00161884 -0.00128887 0.000521066 -4.68169e-05 -0.000548872 0.00272649 0.00491719 -6.54398e-05 0.00679622 -0.000304249 0.00577166 -8.20053e-06 0.00241035 -0.00964327 0.00164781 0.00383263 -0.00586521 0.00192213 -0.000455446 -0.00463712 -0.00700907 0.000297217 -0.00271412 -0.000102111 -0.000259773 0.0022434 -0.000434926 -0.00613905 -0.0163743 -0.0020784 0.00400823 0.00376981 0.000354674 -0.00224735 0.00288138 -0.00591239 -0.000743074 -0.00302246 -0.0016855 -0.00809734 0.00278968 -0.000458599 0.0046015 -0.00141771 -6.95942e-05 7.91096e-05 
-0.0168398 0.035895 -0.0150344 0.000236058 0.0365784 0.0252879 -0.00481106 0.0062782 -0.0115147 -0.032035 -0.0113679 -0.0315724 0.00968608 -0.049869 0.0689313 0.0250901 -0.0375076 0.0766125 -0.00606363 -0.0488934 -0.00187145 0.218843 0.0484574 0.0628114 0.0165153 0.116578 -0.0184651 -0.00917901 -0.0981093 -0.0308998 -0.00130281 -0.0701293 -0.0574508 0.00586427 0.0117097 -0.000293406 0.0588646 0.0331451 -0.0201556 0.0139282 0.00139753 -0.0120272 0.000326771 -0.00507272 -0.0581134 -0.00489312 0.00787884 0.000341453 0.0652177 -0.0709317 -0.0305294 0.0293509 -0.0222862 0.0195663 -0.0106567 0.00398215 -0.014899 0.0069193 0.00441183 -0.000942531 0.011056 -0.000635373 -0.0108963 0.00535349 -0.00647125 -0.00129895 -0.00816428 -0.0948827 -0.0174762 0.015939 0.0275176 -0.00134701 -0.0249683 0.0530751 -0.0511417 -0.0215655 -0.00246827 -0.00618897 -0.00243758 -0.00491512 0.00576497 -9.24794e-05 0.000328039 -0.021633 0.00124405 -0.00833044 -0.0165408 0.0614234 -0.00309131 -0.0405731 -0.00340669 -0.015331 -0.0107718 0.041118 -0.00151743 -0.000640551 -0.0173533 -0.0137087 -0.000384077 -0.0215748 
-0.00845105 0.055684 -0.0244647 -0.00181858 0.0454354 0.0154734 -0.00293314 0.00502367 -0.00262696 -0.0069959 -0.00155588 -0.0162084 -0.005033 -0.0744915 0.047995 0.0279255 -0.039744 0.0605566 0.00243705 -0.0776888 -0.00440725 0.0484574 0.219788 0.0149983 0.00358083 0.054689 -0.0300536 0.0366488 -0.0622074 -0.00900391 -7.21158e-05 -0.00992796 -0.0342922 0.00706258 0.0010403 2.21133e-05 -0.00027496 0.0115649 -0.0101088 0.0138645 -0.00344845 -0.00584315 0.000326277 -0.00185908 -0.0599604 -0.00236149 0.0204381 -0.00140976 0.0324969 -0.042751 -0.00714926 -0.00205589 -0.00177592 0.00551937 -0.0053378 0.00194617 0.001897 -0.00354054 -0.00250966 -0.0049559 0.00341897 -0.000940688 0.0100272 0.00468067 0.0107074 0.000517993 -0.027542 -0.0607106 -0.00300837 -0.0266262 0.0313201 -0.00317931 -0.0138028 0.0214684 -0.0779921 -0.00106202 0.0212552 -0.00189852 -0.000689977 -0.0240991 0.00278095 -0.0141214 -0.0328293 -0.0120394 0.0175754 -0.00183498 -0.00852055 0.051504 0.00218452 -0.034848 -0.00498476 -0.0159817 0.0019278 0.0433932 0.00428423 -0.00151452 -0.0098704 -0.00804851 -0.000410237 -0.0080429 
-0.00693995 -0.00215603 0.00415051 -0.000902425 0.0130209 0.0171145 -0.00136557 -0.00121501 -0.0199389 -0.0263795 -0.010299 -0.0159309 0.00124575 -0.0387525 0.0244789 -0.0143232 -0.0252565 0.0441597 -0.00402312 0.0040798 -0.0133906 0.0628114 0.0149983 0.124971 0.0101197 0.0785754 -0.00832589 -0.0167094 -0.0457782 -0.0041568 0.000116686 -0.0502633 -0.0317799 0.00240768 0.00222118 -0.000936969 0.0584492 0.0142449 -0.0191384 0.00743403 0.00159763 -0.00730472 0.000683382 -0.000696532 -0.00978485 -0.00491855 0.00439696 2.81293e-05 0.0369255 -0.041766 -0.026565 0.0169989 -0.0222358 0.0137529 -0.00337685 0.00151504 -0.0194685 0.00427842 0.00280562 -0.002079 -0.0003787 0.00018127 -0.0165672 0.00166335 -0.000795693 -0.0013811 -0.017926 -0.0344956 -0.0146351 0.000234434 0.0168156 -0.00272477 -0.0137526 0.0283383 0.000935325 -0.0259512 -0.00704971 -0.00188106 -0.000403034 -0.00358447 0.000972851 0.0110278 0.0423997 -0.0186731 -0.00813062 -0.00064593 -0.0139261 0.0216362 0.00208822 -0.00228221 0.00107986 -0.00617468 0.00211276 0.0235643 -0.00315516 0.000763656 -0.0150759 -0.00629554 -7.89536e-05 -0.00927303 
-0.00709612 0.00792916 -0.00519515 -0.000569858 -0.000992272 0.00136985 0.000246092 0.000112049 0.000163581 -0.00365179 -0.00132642 -0.00718536 -0.00340826 -0.000889629 0.00652088 0.00523665 -0.00477003 0.00719359 -0.00527688 -0.00284702 -0.00317031 0.0165153 0.00358083 0.0101197 0.0422972 0.0123952 0.00158064 -0.00522243 -8.37719e-05 -0.00727195 -0.0016734 -0.00422667 -0.00322309 0.000593617 0.00320337 -0.000547424 0.0149697 0.00330175 -0.00121305 -0.00235046 -0.00113639 -0.00399533 -0.00359494 -0.00184046 0.00310981 -0.000565495 -0.000586322 -8.2125e-05 0.00612104 0.00274698 -0.00872206 -0.00429028 -0.00275487 -0.000796928 -0.000748743 0.00114621 -0.00339295 -0.000130207 0.000670122 -0.00153624 -0.000907321 -0.000497384 -0.00510573 0.000703763 -0.00150988 -0.000327795 0.000342528 0.0017111 -0.00613001 0.00283557 0.00173881 -0.000296638 -0.00208649 0.00368192 0.000145299 -0.00382207 -0.00115269 -0.00240136 -0.000733369 0.00179532 -0.000318904 -0.00810026 -0.00200289 0.000531966 -0.00269033 -0.0050708 0.000171586 0.00833187 -0.00256623 -0.0035186 -0.00401764 -0.00158829 -0.00283235 0.000103394 -0.00142751 -0.000504641 -0.000968324 7.17321e-05 -0.000318369 -0.00602767 
-0.00988964 0.00676443 -0.0239791 -0.00374792 0.0267419 0.0236282 -0.0061373 0.000818177 -0.03308 -0.0301805 -0.00304731 -0.0360764 -0.00643845 -0.0747503 0.0670629 -0.0031308 -0.0670303 0.0944501 0.014761 -0.0318828 -0.0108483 0.116578 0.054689 0.0785754 0.0123952 0.223762 -0.0185573 -0.0185101 -0.101622 -0.0373342 -0.000153546 -0.0687204 -0.0724791 0.00681993 0.0107055 -0.0012319 0.0996258 0.0339633 -0.0185026 0.0143123 0.000654968 -0.0177894 0.00240553 -0.00207912 -0.0470536 -0.00514938 0.00781553 0.0012299 0.0846778 -0.0813755 -0.022498 0.030772 -0.0227878 0.0259248 -0.00568956 0.00358368 -0.0147912 0.00861421 0.00720363 -0.00225237 0.000932021 0.000630305 -0.0200221 0.00469759 0.0154324 -0.00102841 -0.0280549 -0.0709473 -0.0179404 -0.000244615 0.0408066 -0.00159303 -0.0296063 0.0585257 -0.0579105 -0.0243113 -0.0139366 -0.00431893 -0.00158795 -0.0137287 0.00538149 0.00822848 0.0380615 -0.0222692 -0.00935897 -0.0163638 -0.0166852 0.0591344 0.00651706 -0.0347388 -0.0020547 -0.000775064 0.000422468 0.0507414 -0.00033349 0.000655348 -0.0264649 -0.0121904 -0.000310408 -0.0231301 
-0.00343993 0.0094516 0.0111563 0.00494643 -0.00538756 0.0132729 0.00265108 -0.00337028 -0.00905964 -0.00622441 -0.000513349 0.00231373 0.0064702 0.00839865 0.00714469 -0.00720233 0.00619827 -0.00748599 0.00237657 0.0104579 0.00751253 -0.0184651 -0.0300536 -0.00832589 0.00158064 -0.0185573 0.142305 -0.0180123 0.00636726 0.0131947 -2.20204e-05 -0.0243101 -0.00317631 -0.00251438 0.0203708 -0.000362471 -0.00729748 -0.00883542 0.00210372 -0.0132111 0.0027312 0.00475496 -0.00227939 -0.000989388 0.00103128 -0.0001864 -0.00535784 -0.000869021 -0.0163369 0.00263594 0.025098 -0.0135849 -0.000271326 0.0175845 0.00360042 -0.00512833 0.00350488 -0.00368255 0.0134696 0.000730937 -0.00723007 6.66588e-05 -0.00421063 -0.000721274 -0.00645905 -0.000397299 0.000862598 -0.00185819 0.000951234 -0.000811664 -0.0145505 -0.00150968 -0.00395512 -0.00060286 0.0212509 0.00365569 -0.0196284 0.00174109 0.000668663 0.0331337 -0.00457634 -0.0054562 -0.0107473 0.000242901 -0.00590297 0.00222876 0.0082892 -0.0179604 -0.00501613 -0.00988027 -0.000598434 -0.00274256 -0.00705904 -0.024497 -0.00210921 -0.000532299 -0.00620371 -0.00533226 0.000295789 -0.01174 
-0.00266594 0.0217136 -0.0101074 -0.00016844 0.0152275 -0.00221868 -0.000920366 0.00508814 0.0187131 0.0198493 0.00209788 0.00522701 0.0125536 -0.0106682 -0.0174715 0.00641638 -0.00461362 -0.0177365 0.00161484 -0.0308205 0.0019562 -0.00917901 0.0366488 -0.0167094 -0.00522243 -0.0185101 -0.0180123 0.110126 -0.0221811 0.0133124 -0.000292564 0.0093193 -0.000907319 0.00490872 0.000522161 0.000815083 -0.0614299 -0.00792028 0.000890441 0.00130921 -0.000817033 -0.000407183 -0.000711474 0.000650966 -0.0202548 -0.000763814 0.019019 -0.000420053 -0.0329855 -0.00831898 0.0069985 0.0049624 0.00789416 -0.00725672 0.00107797 -0.00324538 0.0072337 -0.00278514 -0.00256914 0.000448668 0.0154389 -0.000494137 0.0199264 0.000462579 -0.00478964 0.000531279 -0.0085432 -0.0090969 -0.00112937 -0.00347304 0.0185415 0.002685 -0.00551803 -0.00610452 -0.021246 0.00774633 0.0523629 0.00169398 0.000112755 -0.00920004 -0.00208746 -0.00568703 -0.0377984 -0.00148453 0.00942379 0.0024365 0.00381124 -0.0177051 -0.00224497 -0.0129518 -0.00210053 -0.00663142 -1.19041e-05 -0.00132254 0.00898973 -0.000605366 0.00451799 0.00130264 1.834e-05 0.0119198 
0.00644302 -0.0383299 0.0156611 -0.00136671 -0.0383253 -0.0324618 0.00558545 -0.00804346 -0.00485353 0.02262 0.010413 0.00762746 -0.033012 0.0695759 -0.0578092 -0.0206714 0.042569 -0.0692053 -0.00606006 0.0516518 -0.00705959 -0.0981093 -0.0622074 -0.0457782 -8.37719e-05 -0.101622 0.00636726 -0.0221811 0.185641 -0.0145401 -0.000889411 0.0666242 0.0557954 -0.00852008 -0.0125315 3.2525e-05 -0.0134596 -0.0246556 0.0101873 -0.0140092 -0.00388381 0.00703498 -0.00234632 0.000640043 0.0761685 0.00421553 -0.0165627 -0.000998436 -0.053934 0.0982577 0.0114691 -0.0303746 0.0071565 -0.0275419 0.00443829 -0.00519542 0.00973894 -0.00686887 -0.00727658 0.000363499 -0.0121876 -0.000653682 -0.00689404 -0.00508802 -0.00770211 0.000828561 0.0226035 0.110587 0.0111175 0.00141632 -0.0468121 0.000496619 0.02618 -0.0499672 0.0587843 0.0120611 -0.0203391 -0.00233423 0.00206385 -0.00282196 -0.00508819 0.00154278 0.00785345 0.0199342 -0.00961878 -0.00766948 0.00817816 -0.0430702 -0.00204664 0.0457535 0.00299408 0.00747307 0.00662458 -0.0376366 -0.0025057 -0.00277963 0.0199076 0.00819471 0.000289326 0.0048216 
0.00399374 0.0134518 0.00361914 -0.00119938 -0.00819195 -0.000705752 -0.00018979 0.00119831 0.0153424 -0.000748861 -0.0010727 0.022084 0.0294158 -0.0125016 -0.0174295 -0.00101247 0.00918349 -0.0211316 0.00527561 -0.005397 0.0111756 -0.0308998 -0.00900391 -0.0041568 -0.00727195 -0.0373342 0.0131947 0.0133124 -0.0145401 0.0950411 0.00175109 -0.00559412 0.0132438 -0.000755644 0.000843288 -3.59607e-05 -0.0409914 -0.00951262 0.00116614 -0.000989572 0.0042112 0.0140334 -0.000330438 -0.000293891 -0.0105581 -0.000486809 -0.00163576 -0.000522512 -0.0240477 -0.0152272 0.00370288 0.000221573 -0.00254265 0.0149334 0.000934001 -0.00156597 -0.00143529 -0.00218695 0.00314155 0.00240763 -0.000113003 0.000487553 0.00886921 -0.00136891 -0.00676948 1.69216e-06 -0.00174506 -0.0112644 -0.00100446 -8.7311e-05 -0.00207751 -0.000244064 -0.00384864 -0.0124722 0.00730995 -0.00275492 0.0130621 0.0029583 -0.000161359 0.0179834 -0.000659849 -0.00564818 -0.00532134 0.00147393 0.00752142 0.0216406 0.000318553 -0.0199318 0.00120583 -0.00512945 4.97156e-06 -0.00466281 -0.0025286 -0.0122287 -0.000423979 0.000748137 0.000957828 0.000184803 -0.000127712 0.0104672 
7.47867e-05 -0.000908826 1.95026e-05 -0.000127875 -0.000483522 -0.000869672 4.974e-05 -8.65522e-05 0.000238321 0.000182867 -0.000246545 4.90061e-05 0.000580625 -0.00138294 -0.00116376 -0.000175209 -0.000552704 -0.000216511 -0.000647619 -0.00225874 -9.59895e-05 -0.00130281 -7.21158e-05 0.000116686 -0.0016734 -0.000153546 -2.20204e-05 -0.000292564 -0.000889411 0.00175109 0.00763539 -0.00156229 -9.36539e-05 2.19466e-06 -0.000124013 1.74447e-05 -0.00075209 -0.00017227 0.000220601 0.000433897 0.000157349 0.000484875 7.25353e-05 -1.25063e-05 -0.000469487 1.58433e-05 -0.000260274 4.61684e-05 -0.00037943 -0.0013455 -0.000553826 0.00210338 -0.000276386 0.000698218 3.49634e-05 -0.000195545 -0.000143329 4.10315e-05 0.00013063 0.00143589 0.000411526 5.08641e-06 0.00101862 -0.000147147 -0.000117357 9.77191e-06 -0.000333428 -0.000594104 0.00054986 -0.000125812 -0.000384532 6.11614e-05 -0.000250782 0.000298056 -0.00105904 -0.000118267 0.00108812 -5.91856e-05 -2.88119e-05 0.000156212 0.000100719 0.00114536 0.000265024 0.000512013 0.000468601 0.00135771 -0.000320222 -0.00140379 -0.00012784 0.00096755 0.00018531 5.92641e-06 -0.000234932 -0.000274534 4.88944e-06 -3.71645e-06 0.000251127 0.000166521 9.28413e-05 -0.000168613 
0.00552977 -0.0299389 -0.00778345 -0.00588623 -0.00542552 -0.0367419 0.000653866 -0.00865282 4.3985e-05 0.0270892 0.00506989 0.017811 -0.0421416 0.0145921 -0.0492222 -0.012325 0.0292342 -0.0553735 0.00703097 0.0490389 -0.0109766 -0.0701293 -0.00992796 -0.0502633 -0.00422667 -0.0687204 -0.0243101 0.0093193 0.0666242 -0.00559412 -0.00156229 0.237097 0.0612458 -0.00635521 -0.0376684 0.000904918 -0.0281697 -0.0190134 0.00922364 0.00737972 -0.00715795 -0.000834615 -0.00163361 0.00270233 0.0388356 0.00304119 -0.00953356 -0.00173426 -0.0316174 0.0762083 0.0213984 -0.040754 0.0213839 -0.0253658 -0.00619326 0.00031027 0.0107649 -0.00991392 -0.0134937 -0.00571047 -0.00584998 -0.00154507 0.00385191 -0.00304566 0.02313 0.000537773 0.00397071 0.0451232 0.00940273 -0.0175599 -0.0241571 -0.0032721 0.0183127 -0.0527517 0.0305825 0.0152118 -0.00352073 -0.000140461 -0.000132492 -0.0120532 -0.00600339 0.0149378 0.00813441 0.0138645 -6.3044e-05 -0.0121658 0.00251886 -0.0244801 -0.00220371 0.0247045 -0.00221702 0.0168359 0.00239655 -0.0500751 -0.00294937 -0.00726475 0.00147045 -0.00334234 -0.000133401 0.0217584 
0.00783993 -0.0355719 0.0119946 -0.00346974 -0.0179907 -0.0266268 0.00557118 -0.00399318 -0.00579767 -0.00253699 -0.00136926 0.0265214 -0.00154292 -0.000632966 -0.0514648 -0.0376611 0.0267989 -0.0340059 -0.0110107 0.0404168 -0.00105164 -0.0574508 -0.0342922 -0.0317799 -0.00322309 -0.0724791 -0.00317631 -0.000907319 0.0557954 0.0132438 -9.36539e-05 0.0612458 0.143522 -0.0035424 -0.0208359 0.000403131 -0.00828805 -0.0214597 0.00670383 -0.00275715 -0.00218547 0.00163443 -0.00192028 0.00147598 0.0429351 -0.00066668 -0.0101721 -0.000529975 -0.0463158 0.0558605 -0.00423986 -0.0162478 0.00277075 -0.00705582 -0.00083537 -0.00497485 -0.000319648 -0.00397894 -0.00413402 -0.00177082 -0.000695743 -0.000331828 0.00489862 -0.000915067 -0.0056504 3.61776e-06 -0.0131915 0.0309286 0.00286863 -0.0233415 -0.0149409 -0.00128584 0.0163261 -0.0317201 0.0590244 -0.000575068 0.0106322 0.000420997 0.000713634 -0.00424011 -9.44411e-05 0.00939314 0.024861 0.0158164 0.00289044 -0.00137042 0.00293906 -0.0317186 -0.00171091 0.0367113 -0.00105589 -0.00275613 0.0053996 -0.023702 0.000102712 0.000246336 0.0012326 -0.00311303 0.00026566 0.0323601 
0.000367424 0.0149895 -0.00333468 1.68781e-05 -0.00394774 0.00603355 -0.000345108 0.0065536 0.00112892 -0.00181918 -0.000650445 -0.00110246 0.00741071 -0.00853308 -0.00772002 -0.00522412 -0.00448593 -0.00835008 -0.00296251 -0.0142658 -0.000184575 0.00586427 0.00706258 0.00240768 0.000593617 0.00681993 -0.00251438 0.00490872 -0.00852008 -0.000755644 2.19466e-06 -0.00635521 -0.0035424 0.0355546 0.00234406 2.33445e-05 -0.0124123 0.00888684 -0.000884018 -0.000469031 4.82511e-05 -0.000651672 -0.000561943 0.000178546 -0.00639523 -0.000203377 0.00308571 0.000448663 -0.0085842 -0.00345081 -0.00163327 0.000538179 -0.0016065 0.0132105 -2.00692e-05 0.00276577 -0.000803065 0.000849768 0.00153736 -0.000327717 4.97722e-05 -0.000150183 0.000965047 0.000940833 -0.00326198 -5.08217e-05 -0.00289516 -0.00793112 -0.000935605 -0.000122685 0.0209741 -0.000300081 -0.00182316 -0.00110705 -0.00764269 -0.00130924 0.0144767 0.000325262 -0.000247952 0.00137434 0.00239307 -0.00415306 -0.0127892 0.0012789 0.00151948 0.000133168 -0.00136797 0.00200419 -0.00159692 -0.00390461 -0.000842956 -0.00293263 -0.0013065 -0.00268191 0.000789024 0.00167836 -0.000928302 -0.00138622 -4.81346e-05 0.00179923 
-0.00677255 0.0279735 0.00116688 -0.00120712 -0.00622651 0.0188948 -0.000711452 0.00410974 -0.00157177 -0.00283241 -0.00408918 -0.00742211 0.030765 0.0100741 -0.0183614 -0.0049389 -0.00997686 0.00688044 0.0215721 -0.0462762 -2.49376e-05 0.0117097 0.0010403 0.00222118 0.00320337 0.0107055 0.0203708 0.000522161 -0.0125315 0.000843288 -0.000124013 -0.0376684 -0.0208359 0.00234406 0.117178 5.26114e-05 -0.0137812 -0.00235276 -0.00121204 -0.0036475 0.000147897 0.00639833 0.000594011 -0.00105856 -0.0114827 -0.000966075 -0.00464585 -0.00054766 -0.00914112 -0.0122588 0.00324915 -0.00235879 -0.00206156 0.00877305 -0.00021519 -0.00262244 0.00294787 -0.00134561 0.0113681 0.00548114 0.00321605 0.000214959 -0.00312674 0.00236753 -0.0103424 0.000108949 0.015873 -0.0221443 -0.00195698 -0.00262844 0.022108 -0.00109309 -0.00568062 -0.00461016 -0.0216501 -0.00294603 0.001918 6.04548e-05 -0.000312447 0.0256759 -0.000818423 -0.00413584 -0.0432088 0.00099808 -0.00322666 0.00168845 -0.00499834 -0.00205158 -0.00461116 -0.0119802 -0.000989725 -0.00218271 -0.00166453 0.0119838 0.000251396 0.00727651 -0.0025741 -0.00440887 0.00011978 -0.00983715 
