0.00876108 2.91638e-05 0.000877922 -0.000488672 0.00277427 6.39292e-05 -0.00208772 -0.000342585 -0.00017721 0.000729942 -0.00106557 0.000310301 -0.000279637 -0.000138563 0.000596571 -1.86163e-05 -0.00183234 0.00288047 -0.000299768 0.000940057 0.00392267 -0.000751873 0.00102565 -0.000945886 -0.00152139 -0.0001163 0.00102231 0.00275719 -0.00181934 -0.000109157 0.00147247 -0.000842856 -0.000106053 -0.00173094 8.76102e-05 -4.24735e-05 0.00131639 0.000570164 -0.00287263 -0.00406172 -0.000224846 0.000150382 0.000361141 -0.000760594 0.000347725 -0.00011531 0.000596072 -0.00289268 -0.000112175 6.52168e-05 0.000211093 -0.00018838 -0.00192464 7.82169e-06 -0.000669725 1.30357e-05 0.00088057 -0.00401281 0.000127531 9.72785e-05 0.000341501 1.06963e-05 2.89952e-05 -2.23375e-05 -0.000254735 -0.000818728 0.00177453 -0.000418393 -0.000235972 0.000928354 0.00104184 -6.11516e-05 0.00010496 -0.00181655 0.000837662 0.000231613 -0.000153642 1.65705e-05 -0.00138324 6.4442e-06 0.000159323 0.000145848 -1.62316e-05 9.72823e-05 0.00117909 8.11183e-05 0.000267318 -0.000366039 8.29128e-05 -5.76802e-05 0.00120598 -0.000957493 -0.0020918 0.000254061 -0.00228066 -0.000301561 0.00034696 0.000696685 6.29147e-06 0.000946612 
2.91638e-05 0.00629484 5.83935e-05 0.000117606 -0.00154703 0.000791923 0.000362935 -0.000258936 -0.000123215 -0.000676215 -0.000404491 -0.000225912 -8.61076e-05 -0.000278753 -7.23564e-05 6.78306e-06 0.000684378 -0.00096071 -0.000274723 -0.000489 -0.000416015 0.000589284 -0.00112657 0.00207969 0.000501028 0.000265326 7.66963e-05 -0.00027281 5.20802e-05 -9.29642e-05 -0.000492858 -0.000520361 -0.000136033 -0.000819816 -0.000291978 8.98806e-05 -0.000221712 4.24474e-05 -5.69544e-05 0.000486388 -0.000164071 8.77729e-05 -5.98676e-05 -0.000613597 0.000145564 9.44293e-05 0.000108325 8.76706e-05 -4.57586e-05 -0.000108992 -4.76634e-05 -0.000153558 -0.000318575 2.05667e-05 -0.000290247 -9.10791e-05 -0.000181127 0.000485527 -2.24212e-05 5.27686e-05 -2.70234e-05 -6.83485e-06 6.71826e-05 -3.02784e-06 0.000570851 0.0013599 -0.000119879 0.000233247 2.43089e-05 -1.49402e-05 0.000111224 -9.80399e-05 -0.000110043 0.000579295 -0.000403905 -0.000134693 0.000234406 8.30998e-06 0.000980135 -1.86909e-05 0.000325505 -5.4077e-05 8.78405e-05 -1.79393e-05 -0.000132326 -2.86931e-06 2.53873e-05 0.000314024 -0.000200741 -7.6893e-05 0.000872566 -0.000632184 -0.00146839 -0.00015368 -0.00195326 -0.000642026 -3.40251e-05 -0.000617888 -9.89563e-05 -0.000440838 
0.000877922 5.83935e-05 0.100603 -0.00529365 0.0172106 0.00410762 -0.0152598 -0.00598892 0.000798783 -0.00690769 -0.00985754 -0.00264813 -0.00526949 -0.00435555 -0.00138743 0.00181795 0.0183506 0.00579878 -0.000300391 -0.00135527 0.0037688 -0.0129351 0.0115848 -0.00751851 -0.00484752 -0.00142023 0.019054 0.00869669 -0.0210156 -0.00444736 -0.00920579 0.0226803 -0.00275335 0.0106875 -0.00349152 -0.00248674 0.00336824 -0.000170294 0.00218272 -0.0231695 0.00343864 0.00433949 0.000845727 0.0119394 0.00620288 0.00162503 0.00409433 -0.0115392 0.0028186 -0.00107672 -0.000883592 -0.00214741 -0.0126738 1.14908e-05 -0.00723466 -5.92775e-05 0.00389978 -0.0142267 0.000170372 4.94189e-05 0.000914704 3.59145e-05 0.0016881 -0.000322862 -0.00253695 0.00647229 0.0168613 -0.00855769 -0.00331007 0.000282662 -0.00242431 -0.00243253 -0.00184382 -0.0140898 0.0182089 0.00247525 0.012665 0.000268686 -0.00170338 0.000472748 -0.0116663 -0.000913605 -0.00630258 -0.000281777 -0.00194147 0.000741842 1.56087e-05 -0.00560027 -0.000196241 -0.000489942 0.00720703 -0.00908514 -0.0051274 -0.000211915 -0.0272403 -0.0128735 0.00521829 -0.0144191 -0.00383282 -0.00527999 
-0.000488672 0.000117606 -0.00529365 0.0603147 -0.0160124 0.0038647 0.00419026 -0.00060173 0.00119976 -0.00680282 -0.0114312 -0.00192429 0.00271537 -0.00281957 -0.000969068 -0.002581 -0.00585439 -0.0117972 0.00287232 -0.00381355 -0.00679917 -0.00762055 -0.0141803 0.00800345 -0.00570621 -0.00402224 0.000656795 -0.00861794 -0.00286027 0.000311531 -0.00622716 0.00840508 -0.00115677 0.00192118 -0.00300764 -0.000506749 -0.00120035 0.000404674 0.00340836 0.0113376 -0.00296924 -0.00111813 0.000298395 -0.00456448 -0.00427054 -0.00282491 -0.00105889 0.00775162 -0.00107942 -0.000115186 -0.000300375 0.000450175 0.00642557 -2.75861e-05 0.00881669 0.000407197 -0.0016866 0.0086184 -0.000371269 -3.95518e-05 -0.000442133 -8.95469e-05 -0.000473063 -0.000557895 0.00158195 -0.00661204 -0.00232169 0.00636503 0.00963804 -0.00194311 -0.00213426 -0.000505565 -0.00182211 0.0245931 -0.00574667 0.000108688 0.00167362 -7.94774e-06 0.00594307 -0.00018278 -0.00410417 -0.000527568 0.00255944 0.000112165 -0.0016727 -6.70835e-06 -5.23482e-05 -0.00253355 -0.00286696 0.000820522 -0.00462841 -6.01409e-05 -0.00071205 -0.00167974 0.012101 -0.00134628 -0.00260648 -0.00928673 0.00285627 -0.00320062 
0.00277427 -0.00154703 0.0172106 -0.0160124 0.238943 -0.00985603 -0.0553416 0.010603 -0.00253265 -0.00446759 -0.0265273 0.0093033 -0.0087348 -0.00043759 0.00271049 -0.0160047 0.0120419 0.0236083 -0.0068889 0.0126767 0.0151477 -0.097265 0.0752018 -0.058547 -0.00707309 -0.017405 0.0486147 0.0308421 -0.0425493 0.0075741 0.00557964 0.0247016 -0.00893369 0.0530614 0.0086134 -0.00478483 0.013427 -0.00352973 -0.014536 -0.0453021 0.00914221 -0.00572475 0.000345653 -0.0252475 -0.00131743 0.00763265 0.000226831 -0.0133594 -0.0040296 -0.00380994 -0.000223596 -0.00293191 -0.0640673 -0.000591972 -0.017116 -0.00433645 0.00978856 -0.0114341 0.00259145 -0.000841026 -0.000454671 -0.000516036 0.00384406 -0.000798831 -0.00935847 -0.0486459 0.0124246 -0.027897 -0.0122462 -0.00265338 -0.00294197 0.00251866 -0.00512685 -0.0526252 0.00198848 0.00500061 -0.00452086 0.000155306 -0.0278101 0.000950419 -0.0137073 -0.00190842 -0.0186691 0.000111317 0.0036783 0.000345986 0.000436189 -0.023562 0.00675558 -0.000683877 -0.00610432 -0.0152964 0.0795804 0.049406 0.0347526 0.0111799 -0.0135664 0.0364655 0.00772968 -0.00728518 
6.39292e-05 0.000791923 0.00410762 0.0038647 -0.00985603 0.0667609 -0.0026706 -0.00388174 0.00385094 -0.00775745 -0.00886111 -0.00242551 0.0119272 -0.00404183 -0.000940883 0.00312543 0.0132009 -0.00410749 0.0040956 -0.0019966 -0.00357261 -0.00221612 -0.0188906 0.024577 -0.0119783 -0.00150429 0.00371357 -0.00717721 -0.0205205 -0.00046232 -0.00803057 0.0115404 -0.000936994 0.010058 -0.00358966 0.00579499 6.40289e-05 -0.000259078 0.00630964 0.000911314 0.000983565 3.79018e-05 0.000638855 -0.00800226 0.00488095 -0.00482444 0.000328359 0.0078445 0.000840977 0.000721644 -0.000318307 0.000117157 0.000668483 0.000251918 0.00881141 0.000109728 -0.000880419 -0.00514768 0.00116286 0.000265077 -0.00041747 0.000565162 -0.000423393 -0.000220202 -0.00137746 -0.0115753 0.00580861 0.00689544 0.00349303 -0.000229694 0.000140483 0.00107018 -0.000468944 0.0204059 -0.00506243 0.00321368 0.00391726 5.28766e-05 0.000670268 -8.48671e-05 -0.00750035 -0.00116132 -0.00238799 0.000189732 -0.000581652 -0.000243507 -0.000325666 -0.00495002 -0.00265465 0.00351316 -0.00475649 0.00231534 -0.0170691 -0.00821181 -0.0104132 -0.0126004 -0.0026078 -0.0101597 -0.000109552 -0.004229 
-0.00208772 0.000362935 -0.0152598 0.00419026 -0.0553416 -0.0026706 0.195243 -0.00661989 -0.00084767 -0.0123873 -0.00686419 -0.0117562 0.0024312 0.0240031 -0.00341418 0.00931852 -0.00515044 -0.0446701 0.00447817 -0.0195397 -0.028517 0.046887 -0.0652969 0.0211422 0.0256998 -0.00762252 -0.018733 -0.0359395 -0.0179052 -0.00578938 -0.0178067 -0.00593281 -0.00113094 -0.0216601 -0.0129343 0.00134957 -0.00829548 -0.00274905 0.0432876 0.0539475 -0.00549269 -8.2888e-05 0.000945384 0.0036282 -0.00110207 -0.0174183 -0.00348935 0.043105 -0.00550438 -7.39254e-05 -0.00129456 -0.00577865 0.0758416 -0.000139843 0.0195988 0.0030436 -0.00845836 0.0278831 -0.00263225 -0.00105403 -0.000209426 -0.000319342 0.000420108 -0.00179235 0.0024906 0.015259 -0.016395 0.0120696 0.0155767 -0.00839824 -0.00796797 -0.000949207 -0.00692479 0.0613367 -0.00860433 -0.00258524 -0.00368137 -0.000400327 0.0252383 -0.000615249 -0.00574957 -0.00471837 0.00548976 0.000386704 -0.00653501 -0.00129941 -4.12746e-06 0.014638 -0.0132431 -0.000221179 -0.0162572 0.0197774 -0.0692264 -0.0237844 -0.0078402 -0.0318425 -0.0078909 -0.0212119 0.000436703 -0.0213957 
-0.000342585 -0.000258936 -0.00598892 -0.00060173 0.010603 -0.00388174 -0.00661989 0.112483 -0.000511855 0.0419397 -0.0248775 0.0140151 0.00418306 0.00949235 0.00722581 0.00446412 -0.0468625 0.00838991 -0.00109579 0.00823201 0.0181981 -0.00630054 0.0306623 -0.00867561 -0.0304451 -0.00610065 -0.0215417 0.0454844 -0.00934498 0.00525396 0.031384 -0.0157796 0.00417258 -0.0324575 0.015517 0.0074557 -0.00159016 -8.89878e-05 -0.0434832 -0.0455069 -0.000676018 -0.00226643 -0.000789762 -0.0220126 -0.00835923 -0.00294678 0.000966368 -0.0367336 0.00145963 0.00337993 0.0023551 -0.00217179 -0.000202662 -0.000133645 0.00687242 -0.000747165 -0.00202183 -0.0415234 -0.000479903 0.000393753 0.00102914 0.000115854 0.00282909 0.00145396 -0.00418315 -0.0205401 -0.00652783 -0.000196198 -0.00271236 0.000464986 0.00377507 0.00934745 -0.000432513 -0.00655018 -0.00284835 -0.00181828 0.000108654 0.000399909 -0.015442 0.000620449 0.00137073 -0.000203241 -0.00586431 -0.000234805 -8.5253e-06 0.000721268 0.000765486 0.00318091 0.0146161 0.00305448 -0.0129133 -0.00680216 -0.0124707 0.0162022 0.00907114 0.0180018 -0.00336375 0.0312557 0.01168 0.0118854 
-0.00017721 -0.000123215 0.000798783 0.00119976 -0.00253265 0.00385094 -0.00084767 -0.000511855 0.0600155 -0.00466637 0.0172613 -0.00159607 0.00268819 -0.00261519 -0.000687241 0.0026936 -0.00168096 0.000687911 0.000533818 -0.00427165 0.000106001 0.00210369 -0.00598844 -0.00409916 0.00422536 -0.00198611 0.00230341 -0.00424926 -0.00107742 0.0002562 -0.00645584 0.00123957 -0.000801602 -0.00664646 -0.00332485 -0.00179874 -0.000583597 -0.000242283 0.00779799 0.00678252 -0.00119075 0.00033976 -0.000228114 -0.00773023 0.00371124 3.40895e-05 9.05279e-05 0.00206794 0.0013196 1.86447e-05 -0.000350162 0.000424532 0.00683186 0.000138244 0.0112751 -0.00103551 -0.00175891 -0.000308707 -0.000544649 -0.000133051 -2.08519e-06 -0.000128211 9.77787e-05 9.79724e-05 0.00181496 -0.00642327 -0.00278273 0.00293194 0.00016266 -5.44273e-05 -0.000242707 0.000452347 0.00235127 -0.00581422 -0.000494109 -0.000452436 0.0016252 -1.87251e-05 -0.00908794 0.000144618 -0.00569943 -0.00012698 0.0065737 6.79109e-06 -0.00111109 0.000153032 -0.000174981 -0.0029242 -0.00194597 -0.000830946 0.00454268 -0.00531533 -0.00751401 -0.00589332 -0.016123 -0.0073987 1.13247e-05 -0.00876522 0.00220171 -0.00439616 
0.000729942 -0.000676215 -0.00690769 -0.00680282 -0.00446759 -0.00775745 -0.0123873 0.0419397 -0.00466637 0.116351 -0.0271342 0.0194643 0.00292009 0.00787361 0.0121288 0.0173507 -0.0740768 0.0444552 -0.00279556 0.0238641 0.0418 0.0196458 0.0477503 -0.0199112 -0.0263194 0.00139315 -0.0229998 0.0515588 0.0113581 0.00242872 0.0378595 -0.046836 0.0113459 -0.0585477 0.023899 0.00723191 0.000412251 0.00416996 -0.063746 -0.0618182 -0.0076663 -0.00117876 -0.00127194 -0.0256942 -0.0110175 -0.00615679 0.00285761 -0.0632087 0.00258107 0.00374809 0.00307191 -0.00106603 -0.0195604 4.06679e-05 -0.00930377 8.50145e-05 0.00496949 -0.0709302 -0.000124554 0.000741337 0.00193536 0.00035301 0.00147486 0.00280575 -0.00109539 -0.0174834 0.00407405 -0.000814754 -0.0053644 0.00832692 0.0114482 0.00842438 0.00557145 -0.0152688 0.00546452 -0.00170081 -0.00568492 0.000514871 -0.0220044 0.00130686 0.00987303 0.00268834 0.00232097 0.000829428 0.00964577 0.000604944 0.00161042 0.0140476 0.0193176 0.00163691 -0.00694261 -0.00384544 -0.0367076 0.00490119 -0.015487 0.0177528 0.00353175 0.0547489 0.00408037 0.0321127 
-0.00106557 -0.000404491 -0.00985754 -0.0114312 -0.0265273 -0.00886111 -0.00686419 -0.0248775 0.0172613 -0.0271342 0.249013 -0.0168494 0.00125434 -0.0166022 -0.00277412 -0.00915871 0.0320388 -0.0228293 -0.000770878 -0.0353215 -0.0308547 0.022164 -0.0558171 -0.0125045 0.0456434 0.0204614 -0.0107377 -0.0415617 0.0770499 -0.00141276 -0.0305175 -0.0398839 -0.00102401 -0.0035091 -0.0216564 -0.00466597 -0.0043068 -0.00502336 0.0586852 0.0345819 0.00225811 -0.000264422 -0.00104191 0.0141661 0.00761066 -0.00613328 -0.00205021 0.0425793 0.00684073 -0.00700994 -0.00117699 0.00150219 0.0104898 -0.000142368 -0.00227747 -0.00228288 -0.0137879 0.0628004 -0.00263409 -0.00203026 -0.000204889 -0.000769589 -0.00213476 -0.000103748 0.00408835 0.0530145 -0.0254849 -0.000554966 -0.0110514 -0.0143992 -0.00413989 -0.00720668 0.00608836 -0.0559653 0.0131519 -0.00775087 -0.00468998 -0.000842648 -0.026248 -0.000847999 0.000119658 -0.0042259 -0.00220003 -0.0008801 -0.00926667 -0.00089099 -0.00131076 0.0156399 -0.0110527 -0.00443513 0.0150202 -0.0253479 0.0267031 -0.00632408 -0.0111151 -0.0219987 0.00732007 -0.0199964 -0.011886 -0.0285847 
0.000310301 -0.000225912 -0.00264813 -0.00192429 0.0093033 -0.00242551 -0.0117562 0.0140151 -0.00159607 0.0194643 -0.0168494 0.0446911 0.00665619 -0.00202168 0.00463203 0.00231097 -0.026564 0.0214628 0.00160464 0.0136569 0.0161692 -0.00742114 0.0212014 -0.00732365 -0.0206492 0.00190657 -0.0104495 0.0166354 -0.00301479 0.000500117 0.0293511 -0.0164288 0.00059681 -0.0196969 0.00747938 0.00433786 0.00140247 0.00535627 -0.0310516 -0.0284875 -0.00315151 0.00125128 0.000325207 -0.00764995 -0.0037169 0.00264502 0.000510698 -0.0300723 -0.000396041 0.00176724 0.000734004 -0.000500196 -0.0102567 0.000140149 -0.00419931 -0.000293376 0.00922842 -0.0323154 -4.40969e-05 0.000902206 0.000604945 0.000355966 0.00282684 0.00100548 0.000810428 -0.00757788 0.00720586 0.000728371 -0.00200697 0.0129524 0.00400434 0.00967 0.000579525 -0.0135081 0.000432444 0.000373327 -0.00207 6.00989e-05 -0.0116757 0.000619773 0.00934539 0.00468686 0.00568378 0.000539053 0.00508531 0.000571064 0.000308553 0.00105446 0.00763776 0.000972593 -0.00350798 -0.00597269 -0.015612 -0.00276919 -0.0118637 0.00303062 0.00101405 0.0212397 0.00427368 0.0114731 
-0.000279637 -8.61076e-05 -0.00526949 0.00271537 -0.0087348 0.0119272 0.0024312 0.00418306 0.00268819 0.00292009 0.00125434 0.00665619 0.0505518 -0.00155145 0.00116003 0.00400514 -0.00498834 -0.00176067 0.00303148 0.00165189 0.00140888 0.00507656 -0.0111456 0.00660798 -0.0121312 0.000392209 -0.00618937 -0.00159698 -0.00332239 0.00122682 0.0049983 -0.00527416 0.00139112 -0.0104355 8.51862e-06 0.0112605 3.24898e-05 0.00063457 -0.00890314 -0.00443135 -0.000909441 -0.000335568 -4.13957e-05 -0.00614582 0.000269597 -0.00283724 0.00022492 -0.00729682 0.000348613 0.00388856 -7.44398e-05 -0.000718347 0.0034008 0.000531149 0.00310666 0.000512379 0.00133599 -0.0143021 0.0011534 0.000814131 -0.000305937 0.000505857 0.000622357 0.00095241 0.00129339 -0.00857067 0.00419579 0.0158507 -0.000499911 0.00126758 0.000381801 0.00992365 0.00284233 0.000984037 -0.00325031 0.00135677 -0.0018937 -8.79344e-05 -0.00955932 7.28293e-05 0.00239891 0.000612763 0.00104294 0.000326832 0.000322045 -0.000250747 -0.000243425 0.000551949 0.00237999 0.00278191 -0.00532164 0.00089978 -0.0162091 -0.00632785 -0.016489 -0.00645679 -0.000835321 -3.00803e-05 0.00147426 -0.0017478 
-0.000138563 -0.000278753 -0.00435555 -0.00281957 -0.00043759 -0.00404183 0.0240031 0.00949235 -0.00261519 0.00787361 -0.0166022 -0.00202168 -0.00155145 0.0740274 0.000260269 0.0121956 -0.017988 -0.0113825 0.00360117 -0.000265399 -0.00397522 -0.00824386 -0.00874227 -0.00504617 -0.00709833 -0.00435826 -0.00424225 -0.00379265 -0.0143823 -0.00324844 -0.00590703 0.00361571 -0.000709841 0.00541395 0.00124314 -0.0023163 -0.000584115 -0.000924109 0.00917408 0.00221196 0.00510759 0.00143961 0.000223273 -0.00145482 -0.000528458 -0.0044147 0.000476114 0.00349737 -0.00146029 -0.000149644 -0.000359868 -0.00172546 0.00745558 3.85038e-05 0.00286067 0.000864797 -0.00201934 -0.00460502 -0.000610557 9.57823e-05 0.000122691 8.85796e-05 0.00226458 -0.000273598 -0.000930034 1.98161e-05 -0.00705932 -0.00204866 0.00496381 -0.00198114 -0.00175102 0.00224307 -0.00278742 0.00447425 0.000480641 -0.00115765 -0.00293611 5.51491e-05 0.00102098 5.58488e-05 -0.00595004 -0.00100638 0.00367393 0.000112106 -0.00113453 -0.000296562 -0.000286142 0.00235732 0.000539187 0.000644413 -0.00534571 0.00648744 -0.015661 -0.00856001 0.00600021 0.000462264 -0.00277012 0.00346648 0.00673598 -0.00410726 
0.000596571 -7.23564e-05 -0.00138743 -0.000969068 0.00271049 -0.000940883 -0.00341418 0.00722581 -0.000687241 0.0121288 -0.00277412 0.00463203 0.00116003 0.000260269 0.0161284 0.00313715 -0.00948126 0.00431166 -0.000726986 0.00432585 0.00345836 0.000118244 0.00727425 -0.00250985 -0.00385022 0.000277188 -0.00460427 0.00741449 0.00152652 0.00111904 0.00572927 -0.00585168 0.00324818 -0.00704282 0.00295417 0.000107627 -0.000280883 0.000711696 -0.00928503 -0.00866157 -0.00138353 -0.000286616 0.000103406 -0.00320493 -0.000988074 -0.000843542 0.00118964 -0.00976958 0.000240739 0.000562829 0.000828397 -0.000419447 -0.00342299 3.34031e-06 -0.00143391 -0.000234373 0.00040878 -0.0107765 -1.69518e-05 0.000153423 7.25397e-05 -1.25838e-05 0.000464861 0.00086353 -0.000490267 -0.00368294 0.00047895 -6.3794e-05 -0.000695769 0.000396866 0.00164633 0.00177575 0.00178651 -0.00444556 -0.000911159 -7.88106e-05 -0.00091934 5.187e-05 -0.00399538 6.40486e-05 0.00150628 0.000156702 -0.00096204 0.000186894 0.00154474 0.000469325 0.000117899 0.0031274 0.00438851 6.69984e-05 -0.00147735 -0.00149779 -0.00490303 0.000527609 -0.00552459 -0.000924474 -1.20787e-05 0.0081726 0.00238541 0.00161901 
-1.86163e-05 6.78306e-06 0.00181795 -0.002581 -0.0160047 0.00312543 0.00931852 0.00446412 0.0026936 0.0173507 -0.00915871 0.00231097 0.00400514 0.0121956 0.00313715 0.0701146 -0.00667055 0.00658088 0.00206241 -0.00150374 0.00414639 0.0223667 -0.00414684 -0.00162394 -0.0035304 -0.0021382 0.00283641 0.00951715 -0.00810022 -0.000111297 -0.00319908 -0.00897304 0.00547516 -0.0146105 -0.00177859 -0.00113686 -0.00113943 0.000192838 -0.00825445 -0.0129836 -0.000854395 0.00208317 -0.000683025 -0.0114403 -0.00347308 -0.00170267 0.00298895 -0.022798 0.0028527 0.00341594 0.000994079 -0.000715689 -0.00380367 0.000557759 -0.00282701 0.000554209 0.000235813 -0.0274727 0.000217331 9.87187e-05 0.000163659 0.000528254 0.000855492 0.00196196 -0.000133585 -0.0125003 0.00103888 0.00300472 -0.00243172 -0.00115144 0.00325433 0.00404056 0.00414399 0.0108833 0.00415425 0.000157781 0.00200425 0.000136902 -0.000935483 -5.04337e-05 -0.00765129 -0.000175256 0.00693434 0.000171118 0.00221122 -0.000263509 -0.000317314 0.00630837 0.00452763 0.000210937 -0.00357571 0.0136795 -0.0225014 -0.00697332 -0.0231725 -0.00777592 -0.00250406 0.005316 -0.00110058 0.0032436 
-0.00183234 0.000684378 0.0183506 -0.00585439 0.0120419 0.0132009 -0.00515044 -0.0468625 -0.00168096 -0.0740768 0.0320388 -0.026564 -0.00498834 -0.017988 -0.00948126 -0.00667055 0.197256 -0.0625094 -0.00343479 -0.0389497 -0.0504983 -0.00145568 -0.0621005 0.0124045 0.0343771 0.00530592 0.0601076 -0.0471189 -0.0109196 -0.0122704 -0.064297 0.0570088 -0.0153781 0.0785995 -0.0313534 -0.0115355 -0.00613422 -0.00615442 0.0914985 0.0445727 0.00790864 -7.13199e-05 0.00107992 0.0414092 9.37633e-05 0.00490232 -0.00363992 0.0642691 0.00218891 -0.00570573 -0.00595122 0.00299857 0.0169956 -0.000182355 -0.0172415 -0.000770531 -0.0161665 0.0790528 -0.00101212 -0.00195754 -0.00322998 -0.000203552 -0.000910184 -0.000568517 -0.00865233 -0.000453231 -0.0065801 -0.00751601 -0.00897885 -0.0164836 -0.00812848 -0.0131033 -0.00604547 0.0182482 0.0079786 -0.000771723 0.0121778 -0.00127086 0.025363 -0.00114997 -0.0305721 -0.00926358 -0.0224056 -0.00116838 -0.0148259 -0.000553756 -0.00229557 -0.00759718 -0.0076351 -0.00642585 0.0136161 0.0153141 0.0557315 0.00262745 0.00521785 -0.0503563 0.00198619 -0.0677745 -0.00579348 -0.0479348 
0.00288047 -0.00096071 0.00579878 -0.0117972 0.0236083 -0.00410749 -0.0446701 0.00838991 0.000687911 0.0444552 -0.0228293 0.0214628 -0.00176067 -0.0113825 0.00431166 0.00658088 -0.0625094 0.178472 0.000503125 0.0356596 0.0668842 -0.00751237 0.0790538 -0.0308256 -0.0213116 -0.00326211 -0.0264925 0.05782 0.00829778 0.00917679 0.0496898 -0.0543387 0.0103369 -0.0468434 0.0241883 0.000510094 0.0165547 0.00486357 -0.0818862 -0.0807798 0.00579565 0.00125715 -0.0017218 -0.0291954 -0.00870682 0.0031431 0.00419641 -0.0781725 -0.0028542 0.00242246 0.00522797 0.00680629 -0.0436832 -0.000230473 -0.0148167 -0.00146517 0.0206137 -0.0844097 0.00291285 0.00130424 0.0035514 0.000457155 7.5595e-05 0.000681051 0.0116541 -0.0268254 0.0203131 -0.00918008 -0.0067316 0.0193521 0.0121581 0.00836265 0.0160496 -0.0554636 0.00391167 0.00603748 -0.00711015 0.000800456 -0.0479429 0.00121456 0.0177044 0.0109763 0.0108023 0.000834915 0.0156815 0.00067429 0.00162348 -0.00436315 0.00324238 0.00443721 -0.000456635 -0.026083 -0.0185931 0.00401376 -0.0318904 0.0456828 0.00320505 0.0411582 -0.00637035 0.0410141 
-0.000299768 -0.000274723 -0.000300391 0.00287232 -0.0068889 0.0040956 0.00447817 -0.00109579 0.000533818 -0.00279556 -0.000770878 0.00160464 0.00303148 0.00360117 -0.000726986 0.00206241 -0.00343479 0.000503125 0.0555853 0.00156612 -0.00211498 -0.00762181 -0.014308 0.00113153 -0.0145853 0.00554243 -0.0058251 -0.00141335 -0.00351055 -0.001791 -0.00190675 0.00462905 0.000263893 0.00614048 -0.000568511 0.000253638 0.000114539 0.000729642 -0.000944477 -0.0149031 0.00794545 0.00229023 0.000588451 -0.00270589 -0.00155904 0.000997699 -0.000660424 -0.00796973 -0.000508891 0.000325638 0.000116573 -0.00109455 -0.00697782 4.34778e-06 0.00569709 0.00065611 -0.000293232 -0.0106228 0.000825833 0.000348792 0.000495242 0.000144538 0.000785324 8.95571e-05 0.00212636 -0.00380531 -0.00139735 -0.00236439 0.00526817 0.001918 -0.000743375 0.0107791 0.000809558 0.00918313 0.00192478 0.00875301 0.00120735 -4.57266e-05 -0.0062898 -0.000140325 -0.00405552 0.000588022 0.00225034 0.000735429 -0.000511496 0.000351953 5.3198e-05 -0.000230348 -0.00209903 0.00311851 -0.0046787 -0.00402944 -0.0153862 -0.00552465 0.00571532 8.33806e-05 0.000260919 -0.00698306 0.000158488 0.00142257 
0.000940057 -0.000489 -0.00135527 -0.00381355 0.0126767 -0.0019966 -0.0195397 0.00823201 -0.00427165 0.0238641 -0.0353215 0.0136569 0.00165189 -0.000265399 0.00432585 -0.00150374 -0.0389497 0.0356596 0.00156612 0.0860237 0.0265177 -0.0121137 0.0368022 -0.00762289 -0.0216375 -0.00390943 -0.0211207 0.0214097 -0.0102493 0.000688544 0.0327819 -0.0210958 0.0015003 -0.0261289 0.0253494 -0.00310864 0.00410845 0.00342921 -0.0440397 -0.0364317 -0.0071964 0.00234696 0.000486092 -0.00664822 -0.00449792 0.00435635 0.00172296 -0.032079 -0.00263265 0.00321305 0.00134654 0.000384902 -0.0199659 -7.69417e-05 -0.00600416 -0.00136981 0.0183766 -0.0463133 0.0016349 0.00210563 0.00137716 0.00015899 0.00027515 -0.000518941 -0.000739965 -0.0124671 0.0252009 -0.0040441 -0.00276675 0.0144257 0.00389088 0.00640257 0.00725224 -0.0229126 -0.00549489 0.00328565 -0.00474691 0.000243013 -0.0215444 0.00027229 0.0256247 0.00162571 0.00443908 0.000197446 0.00592536 0.000610477 0.00100659 -0.00238023 0.00636851 0.0005366 -0.00744954 -0.00595722 -0.0234904 -0.00692295 -0.0183993 0.0275338 0.00195382 0.036052 0.00333017 0.0264369 
0.00392267 -0.000416015 0.0037688 -0.00679917 0.0151477 -0.00357261 -0.028517 0.0181981 0.000106001 0.0418 -0.0308547 0.0161692 0.00140888 -0.00397522 0.00345836 0.00414639 -0.0504983 0.0668842 -0.00211498 0.0265177 0.122409 0.0103833 0.0491219 -0.017948 -0.0274882 -0.00313956 -0.00784239 0.0607223 -0.0124542 0.00591623 0.038971 -0.0371821 0.00353147 -0.0550132 0.0204338 0.00512661 0.00781409 0.00233957 -0.0769414 -0.0700854 -0.00471011 -0.00128392 8.16498e-05 -0.0221666 -0.00703223 -0.00112192 0.00590731 -0.0662187 -0.000207895 0.00398871 0.00257856 0.00095729 -0.0292005 0.000220194 -0.0109656 0.000203971 0.0164146 -0.0779182 0.0032061 0.000988081 0.00348312 0.000419436 -0.000281318 -0.000719891 0.00247935 -0.0149337 0.018412 -0.00263718 -0.0053776 0.00769961 0.0202149 0.00251901 0.0094073 -0.0311137 0.0112696 0.00292896 -0.00271461 0.000578095 -0.0273843 0.000825083 0.00799872 0.0066155 0.00389296 0.00039529 0.0177407 0.00109287 0.00262643 -0.00557189 0.0113441 0.00387251 0.00422132 -0.0143351 -0.0379534 0.0100507 -0.0227327 0.0255222 -0.000301989 0.0358327 -0.0010111 0.0484507 
-0.000751873 0.000589284 -0.0129351 -0.00762055 -0.097265 -0.00221612 0.046887 -0.00630054 0.00210369 0.0196458 0.022164 -0.00742114 0.00507656 -0.00824386 0.000118244 0.0223667 -0.00145568 -0.00751237 -0.00762181 -0.0121137 0.0103833 0.218845 -0.0319223 0.0260148 0.0292274 0.0145231 -0.0272 -0.0015146 0.0460401 -0.00181119 0.00637051 -0.0674572 0.00792535 -0.0964808 -0.0125992 -0.000773204 -0.0081469 -4.02215e-05 -0.0202082 0.0040059 -0.0204202 0.0006714 -0.000582489 0.00917571 -0.00724345 -0.0171623 0.000228665 -0.00790764 0.011132 0.00611161 0.000311435 -0.00148989 0.0407275 0.000873686 -0.015003 0.00407438 -0.00638409 -0.0204699 -0.00204464 8.82177e-05 0.000786151 -7.18896e-05 -0.00314741 0.00206731 0.00931895 0.0315086 -0.00858727 0.0100088 -0.00936771 -0.00338159 0.00811824 -0.00479651 0.0138764 0.0143951 0.0106225 -0.00449012 0.00330776 -0.000249644 0.0358988 -0.000281698 0.0266962 0.00170608 0.00990087 -0.000414182 -0.00100106 -0.00117628 -0.000679098 0.0273449 0.00283511 -0.00228305 0.00430422 0.00594732 -0.0864152 -0.0155415 -0.0747828 -0.0354661 0.011616 0.00493093 -0.0103498 0.00993027 
0.00102565 -0.00112657 0.0115848 -0.0141803 0.0752018 -0.0188906 -0.0652969 0.0306623 -0.00598844 0.0477503 -0.0558171 0.0212014 -0.0111456 -0.00874227 0.00727425 -0.00414684 -0.0621005 0.0790538 -0.014308 0.0368022 0.0491219 -0.0319223 0.225337 -0.053548 -0.0253524 -0.0147836 -0.0312153 0.0745708 0.000297455 0.0123078 0.047375 -0.0396099 0.00687347 -0.0273831 0.0257244 0.00139151 0.0142016 0.00180988 -0.0918995 -0.0734234 -0.0144968 -0.00371157 -0.0016609 -0.0189406 0.00218195 -9.03618e-05 0.00517046 -0.0638139 -0.00479439 1.02888e-05 0.00311172 0.00302514 -0.0527846 -0.000460597 -0.0235319 -0.00273518 0.0171116 -0.0611335 0.000198795 0.000207126 0.00142387 -0.000277131 0.00210921 -0.000241436 0.00159461 -0.0304775 0.0176758 -0.0129028 -0.0135349 0.0121635 0.00651405 0.000513104 0.000934729 -0.0590721 0.00790617 -0.00179261 -0.0098334 0.000685955 -0.0451095 0.00131382 0.00547273 0.00480028 0.00626622 0.000299484 0.0137861 0.000657728 0.00145287 -0.0134591 0.0182198 -0.000629198 0.00590676 -0.0266603 0.0222454 0.0312384 -0.000518939 0.0386485 0.000599308 0.0715135 -0.000877493 0.0398956 
-0.000945886 0.00207969 -0.00751851 0.00800345 -0.058547 0.024577 0.0211422 -0.00867561 -0.00409916 -0.0199112 -0.0125045 -0.00732365 0.00660798 -0.00504617 -0.00250985 -0.00162394 0.0124045 -0.0308256 0.00113153 -0.00762289 -0.017948 0.0260148 -0.053548 0.149129 -0.00543551 -0.000821374 -0.00922668 -0.023772 -0.00996934 -0.00358612 -0.0152015 0.00717895 -0.00239736 -0.00606132 -0.00854273 0.00873693 -0.00530322 -0.000678004 0.0178786 0.0419803 -0.00216897 0.000323448 -0.000498547 0.0047901 0.00714135 -0.00575063 -0.000705363 0.0230545 -0.00139896 0.00312834 -0.00102695 -0.00465161 0.0214912 0.00019582 0.0170664 0.00214521 -0.00418935 0.00757322 0.000877984 0.000512142 -0.000497072 0.000322704 -0.00194631 -0.00111321 -0.0013004 0.0190661 -0.00762789 0.0260173 0.0111784 -0.00469591 -0.00520411 -0.00157879 -0.00405354 0.0434592 -0.0141297 0.00272392 0.00328657 -7.86448e-05 0.0352085 -0.000277951 0.0088498 -0.0026726 -0.0123989 -0.000420795 -0.00365817 -0.000597492 -0.000716167 0.000527226 -0.00852009 0.00468927 -0.00717245 0.0107853 -0.0452161 -0.0201906 -0.0239816 -0.0215693 -0.00605194 -0.0245664 -0.00452847 -0.00647918 
-0.00152139 0.000501028 -0.00484752 -0.00570621 -0.00707309 -0.0119783 0.0256998 -0.0304451 0.00422536 -0.0263194 0.0456434 -0.0206492 -0.0121312 -0.00709833 -0.00385022 -0.0035304 0.0343771 -0.0213116 -0.0145853 -0.0216375 -0.0274882 0.0292274 -0.0253524 -0.00543551 0.140213 -0.00304177 0.000834375 -0.0468645 0.02229 -0.00286741 -0.0294083 -0.00777825 -0.00158349 0.0282785 -0.023679 -0.0079678 -0.00962089 -0.00308856 0.0533101 0.0609644 -0.0042269 -0.000393513 -0.00291009 0.0196244 0.00302107 -0.00258669 -0.00529736 0.0600149 -0.00342049 -0.00334505 -0.0014524 -0.00270402 0.0195487 -0.000390128 -0.00586281 -0.00032536 -0.0153907 0.0638311 -0.00309963 -0.00175927 -0.00189269 -0.00157174 -0.00471795 6.62654e-07 -0.000421617 0.0196935 -0.0109385 -0.0067958 -0.00580209 -0.00426651 -0.00529612 -0.0192692 -0.00206407 -0.00570626 -0.0116022 -0.0104022 -0.00949124 -0.000391707 0.00141633 -0.0010576 -0.000524355 -0.00273396 0.0029936 -0.000576526 -0.00778801 -0.00151905 -0.000784606 0.00363951 -0.0208925 -0.00674066 0.00769692 0.00573533 0.0252137 -0.0100125 -0.0130701 -0.0245898 0.00208775 -0.0210373 -0.00452534 -0.0235738 
-0.0001163 0.000265326 -0.00142023 -0.00402224 -0.017405 -0.00150429 -0.00762252 -0.00610065 -0.00198611 0.00139315 0.0204614 0.00190657 0.000392209 -0.00435826 0.000277188 -0.0021382 0.00530592 -0.00326211 0.00554243 -0.00390943 -0.00313956 0.0145231 -0.0147836 -0.000821374 -0.00304177 0.0666907 0.0101459 -0.00222026 0.0222524 -0.0010322 -0.000713142 -0.0121626 0.000145831 -0.0239879 -0.000953433 -0.00200481 -0.00161374 0.00378723 0.00321161 -0.0173873 -0.00195837 0.00255129 0.000707853 0.00991163 -0.00502989 -0.00354426 -0.000215343 -0.0173105 0.00729591 -0.00102906 -0.000229015 -0.000236661 0.000412387 0.000227166 -0.0043198 -0.00080962 -0.001464 -0.00725728 0.0002973 4.11784e-06 0.000123376 0.000404839 0.000495382 0.000464861 -0.000484912 0.0132222 0.000879949 -0.00530149 -0.0025337 0.00260526 0.00349993 0.0010131 0.00388251 -0.00752603 0.0211258 -0.000400656 0.000579635 -4.54659e-05 -0.00604239 -0.000165687 0.006257 0.00182423 -0.000226903 0.000203818 -0.000902618 4.76561e-05 0.000510568 0.0188153 0.00189598 -0.000284922 0.0131308 -0.00771339 -0.022379 -0.000525504 -0.0231987 -0.0127338 0.0194868 -0.00959419 -0.00225608 -0.00475138 
0.00102231 7.66963e-05 0.019054 0.000656795 0.0486147 0.00371357 -0.018733 -0.0215417 0.00230341 -0.0229998 -0.0107377 -0.0104495 -0.00618937 -0.00424225 -0.00460427 0.00283641 0.0601076 -0.0264925 -0.0058251 -0.0211207 -0.00784239 -0.0272 -0.0312153 -0.00922668 0.000834375 0.0101459 0.225259 -0.00130735 -0.0470237 -0.00415205 -0.0322373 0.0462997 -0.00739858 0.0225673 -0.014055 -0.00355148 0.00161336 -0.000938628 0.0295132 -0.0378294 -0.00165947 0.00428338 -0.00258303 -0.0204811 -0.0183093 0.00763667 0.000319572 0.000978696 0.00654378 -0.00595203 -0.00298957 -0.00232996 -0.0262666 3.40898e-05 -0.0158443 -0.000877565 -0.00501355 0.00879292 -0.000417873 -0.000718052 -0.00111913 -0.000448712 0.00024012 -0.000413214 -0.006124 -0.0489328 0.0080557 -0.0235359 -0.00976156 -0.00537714 -0.00243738 -0.00796364 -0.0078263 0.0351369 0.0406866 -0.00412472 0.0235472 -0.000170275 0.0366208 -0.000532936 -0.0350539 -0.00298689 -0.0145016 -0.000632138 -0.00534912 0.0001447 -0.000833259 -0.0069259 0.000492674 -0.0027475 0.0216394 0.00906727 0.0181576 0.00975718 0.0194918 -0.0327682 0.0106595 -0.0249269 0.0121375 -0.0231925 
0.00275719 -0.00027281 0.00869669 -0.00861794 0.0308421 -0.00717721 -0.0359395 0.0454844 -0.00424926 0.0515588 -0.0415617 0.0166354 -0.00159698 -0.00379265 0.00741449 0.00951715 -0.0471189 0.05782 -0.00141335 0.0214097 0.0607223 -0.0015146 0.0745708 -0.023772 -0.0468645 -0.00222026 -0.00130735 0.145836 -0.00721267 0.00789874 0.0380925 -0.0350732 0.00522675 -0.0630801 0.0292873 0.00583671 0.008552 -0.00105475 -0.0890357 -0.0948124 -0.00671756 0.000228819 -0.00116021 -0.0290013 -0.0102837 0.00438321 0.00542511 -0.0898971 0.00580534 0.00140277 0.00477527 0.0009699 -0.0331769 0.000160295 -0.0138409 -0.000188849 0.0121546 -0.0891563 0.000617017 0.000379939 0.0015519 0.000323567 0.00212512 0.000449884 -0.00171772 -0.0291707 0.00738077 -0.00582189 -0.00717116 0.00300027 0.0170437 0.0105559 0.0107764 -0.0278622 0.018217 -6.38089e-05 0.000877092 0.0010394 -0.03134 0.000902643 -0.00691109 0.00483127 -0.00660608 -6.58204e-05 0.0151432 0.00239534 0.00231707 -0.00442491 0.0225841 0.00203548 0.00907801 -0.0197074 -0.0251415 0.0357635 -0.000688783 0.0403484 0.00321205 0.0402907 -0.000462009 0.0415615 
-0.00181934 5.20802e-05 -0.0210156 -0.00286027 -0.0425493 -0.0205205 -0.0179052 -0.00934498 -0.00107742 0.0113581 0.0770499 -0.00301479 -0.00332239 -0.0143823 0.00152652 -0.00810022 -0.0109196 0.00829778 -0.00351055 -0.0102493 -0.0124542 0.0460401 0.000297455 -0.00996934 0.02229 0.0222524 -0.0470237 -0.00721267 0.224092 0.000481699 0.01114 -0.0821973 0.00881644 -0.0562546 -0.00554131 -0.00392641 0.000345564 0.000856054 -0.00389994 0.0108532 -0.0197664 -0.00285037 -0.000451535 0.0104576 0.00577403 -0.00551483 -0.00406542 0.00983236 -0.00176144 0.000216944 0.00183572 -0.000469115 0.0227426 -5.02871e-05 -0.0046291 0.000415221 -0.0057395 0.018261 0.000885837 -0.000803306 -0.00120763 -0.0006214 -0.00200754 0.00257542 0.00846221 0.0737345 -0.0101792 0.00135468 -0.00897652 0.000259135 0.00273683 0.00221053 0.0112367 -0.0707336 -0.00566285 -0.00681169 -0.0176594 -0.000162752 -0.045674 -0.000110254 0.0197595 0.00170208 0.00790729 -0.000720009 -0.00297978 -0.00117298 -0.00109416 0.0236035 0.00273483 -0.00479257 0.00596598 -0.0290961 0.00549939 -0.0104877 -0.0371897 0.002248 0.0091155 0.0122479 -0.00564533 -0.00136705 
-0.000109157 -9.29642e-05 -0.00444736 0.000311531 0.0075741 -0.00046232 -0.00578938 0.00525396 0.0002562 0.00242872 -0.00141276 0.000500117 0.00122682 -0.00324844 0.00111904 -0.000111297 -0.0122704 0.00917679 -0.001791 0.000688544 0.00591623 -0.00181119 0.0123078 -0.00358612 -0.00286741 -0.0010322 -0.00415205 0.00789874 0.000481699 0.0495923 0.00405553 -0.0152911 0.00388064 -0.0127804 -5.72287e-05 0.00206431 0.00388073 -0.000200427 -0.0170372 -0.00822134 -0.00297716 -0.000131002 -0.000515456 -0.0101193 -0.00159508 -0.0012997 -0.000350805 -0.0102697 -7.15105e-05 0.000117332 0.000695064 -0.000606757 -0.00521827 -2.33673e-05 -0.00205123 -1.22076e-06 0.00274277 -0.00896396 0.000377725 4.62385e-05 0.000453654 -6.84511e-05 -0.000202247 -0.000222435 -0.000115427 -0.006324 0.00105621 0.00305931 -0.00187225 0.00170782 0.00054091 -0.00157516 0.00131588 -0.00811711 -0.000653594 -0.000589287 -0.00268984 0.00013198 -0.0103765 -7.16051e-05 0.00409392 0.00158128 0.00300396 -2.18858e-05 0.000483419 -0.000236175 -0.000208695 0.00119117 0.000794942 0.000691644 -0.00315703 -0.00520156 0.00924692 0.0212275 0.00491654 -0.00155269 -0.00181106 0.00732389 -0.00167766 0.0022971 
0.00147247 -0.000492858 -0.00920579 -0.00622716 0.00557964 -0.00803057 -0.0178067 0.031384 -0.00645584 0.0378595 -0.0305175 0.0293511 0.0049983 -0.00590703 0.00572927 -0.00319908 -0.064297 0.0496898 -0.00190675 0.0327819 0.038971 0.00637051 0.047375 -0.0152015 -0.0294083 -0.000713142 -0.0322373 0.0380925 0.01114 0.00405553 0.116709 -0.0461667 0.00536256 -0.0557719 0.0275103 0.00830714 0.0026475 0.00527184 -0.071428 -0.0517349 -0.00976187 -0.000560814 -0.000412326 -0.0171657 -0.0055322 0.00425542 -0.000442781 -0.0500073 -0.00248121 0.00210569 0.0039462 -0.00160872 -0.0188258 -8.57886e-05 -0.0104877 -0.00129497 0.0136215 -0.0621596 -0.000211491 0.00139029 0.00297188 4.59147e-05 0.00155139 0.00017345 0.00616542 -0.00440155 0.0185593 0.00442353 -0.0049629 0.0190092 0.00702608 0.00821492 0.00442564 -0.0366447 -0.00548389 2.48017e-05 -0.00769934 0.000135791 -0.026448 0.00060532 0.0402612 0.00869844 0.0121861 0.00064316 0.00627845 0.000534811 0.0012148 0.00635919 0.0110431 0.00182284 -0.00965264 -0.0146833 -0.0326959 -0.00282691 -0.0218663 0.0228684 -0.000295717 0.0434518 0.00428645 0.0364484 
-0.000842856 -0.000520361 0.0226803 0.00840508 0.0247016 0.0115404 -0.00593281 -0.0157796 0.00123957 -0.046836 -0.0398839 -0.0164288 -0.00527416 0.00361571 -0.00585168 -0.00897304 0.0570088 -0.0543387 0.00462905 -0.0210958 -0.0371821 -0.0674572 -0.0396099 0.00717895 -0.00777825 -0.0121626 0.0462997 -0.0350732 -0.0821973 -0.0152911 -0.0461667 0.238232 -0.00804471 0.121596 -0.0174031 -0.00403799 -0.00579083 -0.00431906 0.0569209 0.0505255 0.0150016 -0.00608443 -0.00068907 0.0174153 0.00711717 -0.00173764 -0.000706594 0.0526319 -0.00617883 -0.0056189 -0.00367275 0.0010465 -0.0198682 -0.000363117 0.00407626 -0.001764 -0.00868626 0.0495984 -0.00150953 -0.000994889 -0.00167888 1.10391e-05 -0.00113889 -0.000983563 -0.0113853 -0.0451441 -0.00366058 -0.0073009 0.0134434 -0.0137409 -0.0105207 -0.00400914 -0.0143762 0.0497182 -0.0144791 0.00587 0.00186692 -0.00039899 0.0212545 -0.000876211 -0.0467246 -0.00702479 -0.0173753 -7.31141e-05 -0.0101464 -0.000478857 -0.00175334 -0.026334 -0.00810414 0.000506867 -0.00494674 0.0344937 0.0475897 -0.01929 0.0549577 -0.0101955 -0.015276 -0.0486466 0.00371092 -0.0266742 
-0.000106053 -0.000136033 -0.00275335 -0.00115677 -0.00893369 -0.000936994 -0.00113094 0.00417258 -0.000801602 0.0113459 -0.00102401 0.00059681 0.00139112 -0.000709841 0.00324818 0.00547516 -0.0153781 0.0103369 0.000263893 0.0015003 0.00353147 0.00792535 0.00687347 -0.00239736 -0.00158349 0.000145831 -0.00739858 0.00522675 0.00881644 0.00388064 0.00536256 -0.00804471 0.0283234 -0.0115176 0.000573989 0.00228163 -0.000157201 0.000182208 -0.0166509 -0.00341723 -0.00180062 -0.000479914 -0.000302223 -0.00429066 0.000145582 -0.00150748 0.00184605 -0.0139698 -0.000237775 0.000585982 0.00209953 0.000130845 -0.00325911 5.16074e-06 -0.00141547 3.88287e-05 0.000654295 -0.00948289 0.000108624 0.000177018 0.000110588 1.38172e-05 -0.000146578 0.00072772 0.00366559 -0.00320024 0.000441501 0.00237611 -0.00075442 0.00192843 -0.000275784 0.00124037 0.00365932 -0.00556475 -0.00127681 -0.00048355 -0.00153268 0.0001367 -0.00548478 1.99842e-05 0.000681561 0.00203134 0.0012793 2.56923e-05 0.000365281 -5.23781e-05 -0.000144749 0.00350545 1.51239e-05 0.000593233 -0.00283397 0.0042229 -0.00427856 -0.000104209 -0.00430174 -0.000708726 -0.000281896 0.00469488 -0.000700277 0.00412517 
-0.00173094 -0.000819816 0.0106875 0.00192118 0.0530614 0.010058 -0.0216601 -0.0324575 -0.00664646 -0.0585477 -0.0035091 -0.0196969 -0.0104355 0.00541395 -0.00704282 -0.0146105 0.0785995 -0.0468434 0.00614048 -0.0261289 -0.0550132 -0.0964808 -0.0273831 -0.00606132 0.0282785 -0.0239879 0.0225673 -0.0630801 -0.0562546 -0.0127804 -0.0557719 0.121596 -0.0115176 0.249671 -0.0227919 -0.00775549 -0.00367605 -0.00573412 0.0923415 0.0642053 0.0166692 -0.00494215 -0.00090002 0.0237986 0.0192584 0.00383932 -0.00330271 0.0836869 -0.0113726 -0.00913684 -0.00433795 0.00317635 -0.0315827 -0.000765336 0.000929418 -0.00319014 -0.0139554 0.0888209 -0.00293487 -0.00211206 -0.00282267 -0.000374628 -0.000102796 -0.00197811 -0.0172241 -0.0324864 -0.0139875 -0.00991203 0.010953 -0.0124804 -0.0149847 -0.00594116 -0.0170367 0.0243609 -0.0255593 0.00175598 -0.00121334 -0.000622404 -0.00573435 -0.001112 -0.044184 -0.00829665 -0.0207066 -0.000626219 -0.012308 -0.00127002 -0.00238904 -0.0358577 -0.0175539 -0.00166833 -0.0106361 0.0329801 0.100525 -0.00876789 0.0762078 -0.00340782 -0.0173796 -0.0548362 -0.0014502 -0.0396413 
8.76102e-05 -0.000291978 -0.00349152 -0.00300764 0.0086134 -0.00358966 -0.0129343 0.015517 -0.00332485 0.023899 -0.0216564 0.00747938 8.51862e-06 0.00124314 0.00295417 -0.00177859 -0.0313534 0.0241883 -0.000568511 0.0253494 0.0204338 -0.0125992 0.0257244 -0.00854273 -0.023679 -0.000953433 -0.014055 0.0292873 -0.00554131 -5.72287e-05 0.0275103 -0.0174031 0.000573989 -0.0227919 0.0535707 0.000697279 0.00187578 0.00250965 -0.0320093 -0.030356 -0.00289895 8.08194e-05 -0.000486719 -0.00711784 -0.00401363 0.00279992 0.000735925 -0.0318755 -0.00124511 5.56091e-05 0.00084487 -0.00107127 -0.0109153 -9.26291e-05 -0.00344985 -0.000851586 0.0072143 -0.0325509 0.000637322 0.00065044 0.000887711 0.000205595 8.33104e-05 -0.000446771 -5.0735e-05 -0.00896476 0.00541071 -0.000793151 -0.00138229 0.0062847 0.00320777 0.00369309 0.000864801 -0.0164414 -0.000680182 0.000629599 -0.00200412 0.000534074 -0.0121889 0.000427225 0.0118617 0.00284101 0.0020144 0.00036172 0.00679256 0.00074908 0.000985126 -0.00181972 0.00685027 0.000652399 -0.00110665 -0.00814979 -0.012219 0.00149569 -0.000349407 0.0307593 0.00117913 0.0188954 0.000735886 0.0202067 
