0.00834485 -0.000818202 0.000103293 0.00129006 -0.000191691 0.000920181 8.24216e-06 2.0715e-05 -3.18693e-05 0.000806131 -0.000315569 0.000113785 -0.000211992 -0.00038879 0.000214855 -0.00185643 0.00017957 -0.00140637 0.000117533 -0.0010712 0.00108867 -0.000159087 -0.000712347 -0.000403638 3.05039e-05 -0.00259162 7.93296e-05 -0.000821736 8.76247e-05 2.21813e-05 0.00121375 0.0001719 -0.000128039 -0.000837335 -0.000157528 5.12024e-05 -0.00080028 0.000179207 -0.000693888 5.79728e-05 3.21183e-06 0.000349336 0.000750945 0.000338809 -2.73225e-05 2.4253e-05 -0.000223473 0.00026311 -0.00151322 4.78242e-06 2.18113e-05 0.000402936 -0.00013153 5.50424e-05 -0.00113833 0.000192265 0.000605084 2.35545e-05 0.00015179 -7.48179e-06 0.000103812 -0.00122922 2.4734e-05 -2.54327e-06 -0.00135442 7.70472e-07 -0.000214379 -3.91076e-05 -0.000195122 0.000290721 0.000235188 2.39291e-05 0.000771558 -0.000397396 -3.30683e-05 0.000649676 -0.00115624 8.2196e-05 0.000243905 -0.000769618 0.000448495 -3.87933e-06 0.000306869 -0.000295047 0.000214044 6.78287e-06 -1.59607e-05 -0.000252579 -0.000120755 -9.58297e-05 -3.72171e-05 -0.000135646 0.000155068 -3.70487e-05 -1.00734e-05 0.000192293 7.57039e-05 0.000135419 -0.000120147 0.000904589 
-0.000818202 0.232289 -0.00403026 0.0746595 0.0140255 -0.00196018 0.000433377 -0.0169359 -0.00385516 0.0256446 0.00365257 0.00820231 -0.0100531 -0.0461501 -0.0163924 -0.0592731 0.00170609 -0.00695771 -0.00534232 0.03066 -0.0465004 -0.00962305 -0.010767 0.0352721 0.0175911 0.0388913 -0.00374014 0.0549101 0.0448304 -0.00414176 0.0302806 -0.0223003 0.00426778 0.00234572 -0.0379929 -0.0012899 0.0113195 -0.00724346 -0.0552669 -0.00151551 -9.73139e-05 -0.0015204 0.00295347 0.0649146 -0.000731854 -0.000419076 0.0176994 0.0348338 0.048375 -0.0132487 -0.000266447 0.00304905 -0.00542248 -0.0157992 -0.03004 0.000402581 -0.0272592 -0.000688848 0.0662943 -0.0316377 -0.00501889 -0.0588332 0.0064373 -0.00017835 -0.0268305 1.1226e-05 -0.0275385 -0.00056178 -0.00638649 0.000788168 -0.0105262 -0.00314691 -0.00333204 0.0165553 -0.0003721 -0.0361394 -0.082174 -1.39896e-06 -0.000577783 -0.0293365 -0.00393157 -0.000735755 -0.0082704 -0.0360992 0.000866625 -0.000492085 -0.00899322 -0.0160245 0.00890482 0.00250341 0.000698982 -0.0141101 -0.000253781 -0.00382235 -0.000153979 -0.000309163 0.000477063 -0.0199418 -0.00544802 0.00207454 
0.000103293 -0.00403026 0.0469167 -0.00119075 -0.00209339 0.00341066 -8.77478e-05 0.00670377 0.00277333 -0.00127071 -0.000724639 0.00190013 -0.000143368 0.00516592 -0.00162804 -0.000932071 -0.000551855 0.00244231 0.000968493 0.00234998 -0.00638756 0.00950669 -0.00170438 -0.00136799 -0.000168294 -0.00161268 -0.000290843 -0.00101207 -0.0199701 -0.000359047 -0.00426066 -0.00583832 -7.25687e-05 -0.00158992 -0.00199486 0.00112857 -0.00394704 -0.000867991 0.0101365 0.000256797 -4.98642e-06 0.000336447 -6.28403e-05 -0.0137571 -0.000164405 0.000153715 -0.00175828 0.00641119 0.000204997 -0.00013879 4.04412e-05 0.000952606 0.00196768 -0.000212064 -0.00248811 -0.000351964 0.00128178 -0.000369975 -0.00735286 -0.00440511 -0.000433062 9.08834e-05 -0.00227609 9.4796e-07 -0.0147614 0.00011277 -0.00062299 -0.00118681 -0.000260252 -0.000199514 -0.00018267 -8.89566e-06 -0.000690983 -0.00274475 0.000600851 0.000434712 -0.00154777 -5.65346e-05 -6.36231e-05 0.0050821 -0.000503111 -0.000173298 0.0136561 -0.0019791 -0.000920647 -8.34559e-06 -0.00127564 -0.000188778 0.000274777 0.00145135 0.000277859 -0.000452831 0.000599626 -7.61508e-06 -0.000419173 -0.00303489 -0.000166015 -0.000366762 1.43961e-06 0.00199977 
0.00129006 0.0746595 -0.00119075 0.222712 0.00197924 -0.0103504 0.000182192 -0.0163051 -0.00312853 0.0147279 0.00419264 0.0224138 -0.0162807 -0.0389829 -0.0118978 -0.0422382 0.00890589 0.0295732 0.000532782 0.0186547 -0.043224 -0.051405 -0.0275004 -0.00144489 0.0117017 -0.000342014 -0.000769271 0.0513372 0.00690009 -0.0019274 0.0324042 -0.0083631 -0.00526925 -0.00794826 -0.0225723 -0.00157105 -0.00169407 -0.00847245 -0.0763292 -0.00112415 -5.79159e-05 0.000623587 0.00535417 0.067603 -0.000469081 -0.000131924 0.00967388 0.0216501 -0.0103982 0.00311399 -0.000225833 -0.00376973 -0.00472575 -0.0134368 -0.00292663 0.00174294 -0.0131355 0.000834967 0.0829261 -0.0132411 -0.00187886 -0.041976 0.00355577 -0.000116343 -0.0524428 -0.000189447 -0.00777409 0.00502905 -0.00398972 0.0166447 -0.00544818 -0.00136837 -0.0014526 0.0210995 -0.00414065 -0.0337164 -0.0652296 -0.000104003 -0.000469794 -0.0234265 0.00240091 -0.000983091 0.000416469 -0.0268969 -0.00413293 -0.000240887 -0.00486972 -0.00737048 0.0113538 0.00426777 0.0010434 -0.00836151 -0.000574816 0.00272175 -0.00156489 0.0039268 -0.000881581 -0.00416512 -0.00471114 0.00317579 
-0.000191691 0.0140255 -0.00209339 0.00197924 0.0810646 0.00266466 -0.000286583 -0.00634412 0.00068224 0.0108348 -0.00215973 -0.00229885 0.000549077 -0.0117897 -0.00234107 -0.0140894 -0.00389949 -0.0159014 0.00315731 0.000814053 -0.00338083 -0.013435 -0.0102344 0.00233635 0.00352703 0.0160131 0.00101994 0.00522689 0.0171791 -0.000575797 -0.00377568 -0.00478858 -0.00192793 0.0254014 -0.0047706 -0.000167892 -0.0055147 -0.00280996 -0.0123705 0.000325545 -1.63763e-05 2.19282e-06 0.000302779 0.00301248 -0.00019713 -0.000135588 0.00445667 -0.0139618 0.00649829 -0.00294005 -6.87808e-05 0.000763684 -0.000918474 -0.00126157 0.00749886 0.00801039 -0.00452935 4.66506e-05 0.010882 -0.00101486 -0.000182915 -0.0194123 -0.00249905 -3.04507e-05 -0.0142647 1.27385e-05 -0.00395828 0.0015049 -0.000430326 -0.000922317 -0.000199614 -0.00025796 0.000132652 -0.0021392 -0.00039276 -0.0152555 0.000274662 -3.63717e-05 0.000138462 -0.00246531 0.000283482 -0.000256227 -0.00272174 -0.00283632 -0.00185592 -5.81306e-05 -0.00258744 -0.00318959 -0.00197701 0.00117914 0.000991367 -0.00198834 -0.000149185 -0.001375 -0.000431428 -0.000155515 0.000724328 -0.000211255 -0.00119538 0.000110196 
0.000920181 -0.00196018 0.00341066 -0.0103504 0.00266466 0.0462624 7.5695e-05 0.00945099 0.00132455 0.00869686 -0.00125937 -0.000302041 -0.00178075 0.00456854 -0.000926431 -0.0185215 0.00190148 -0.00382877 -0.000203236 -0.000581652 0.00444103 0.0175748 -0.00619005 0.000288743 -0.00997294 -0.00367926 0.000144248 -0.00592423 -0.0106656 -0.000349076 0.00128035 -0.00170812 0.000218248 -0.00352249 -0.00472677 -0.000281099 -0.00402141 -0.00127878 0.00682015 4.57775e-05 -1.39785e-06 0.00100903 0.00324034 -0.012958 -0.000198761 -2.79032e-05 -0.00276187 -0.0111903 -0.00813018 -0.000231104 -7.57839e-06 0.00193451 -0.000525558 -0.000904471 -0.00671389 -0.000464827 0.000924591 -0.000268669 -0.00218418 -0.00379661 -0.000418965 -0.00449029 -0.00210212 5.27926e-05 0.00608265 0.000118174 -0.00180645 0.000624859 -0.000447215 -0.00118166 0.00209953 -0.000258783 -0.000188028 -0.00374732 0.000607376 0.010596 0.0052657 -7.02765e-05 0.000434719 -0.00352753 3.53535e-05 -0.000178293 -0.000106576 0.00643111 0.00312531 3.9288e-05 0.00237352 -0.000356763 0.000230059 -0.00057996 6.98586e-05 0.00158806 0.000732054 0.000672047 -0.000346169 0.00163706 9.13886e-05 -0.0013026 -0.000270972 0.00367482 
8.24216e-06 0.000433377 -8.77478e-05 0.000182192 -0.000286583 7.5695e-05 0.00597775 -7.13087e-05 0.000554561 0.00188893 0.00168139 -3.90923e-05 0.00048627 -0.00234356 -0.00020436 -0.00272987 -0.000267039 -0.00159807 -7.35407e-06 0.000173756 -0.00161132 0.00108392 -0.000717717 0.00288117 -0.00127382 0.00175873 -4.59885e-05 0.00228348 -0.000637472 -4.45196e-05 0.000216063 0.000509664 0.000245177 -0.00105405 -0.000849297 -3.02433e-05 4.85291e-05 -0.000100892 -0.00139116 -6.50812e-06 3.30389e-07 -5.119e-06 7.56556e-06 -0.000258286 -2.1581e-05 -8.65785e-06 -0.000272341 -0.000410624 0.000117262 -6.53127e-06 1.26655e-06 8.15079e-05 -4.27612e-05 -2.14619e-05 -0.000563018 -3.93099e-05 -0.000241943 5.73918e-05 0.00198375 -0.000413781 -6.4119e-05 -0.00250098 0.00146177 -8.87929e-07 -0.000933825 4.77558e-06 -5.00858e-05 0.00058204 -6.07671e-05 -0.000256094 1.29523e-05 -2.65889e-05 -3.37303e-05 0.00037028 -7.28017e-05 -0.00140202 -0.00124822 3.6762e-07 -9.3518e-07 -0.000447458 -7.47121e-08 3.17213e-06 0.000501247 -0.0006539 -5.20089e-06 2.37198e-06 -0.0002005 -0.000219872 0.000200606 -0.00017975 0.000161775 -3.41406e-06 -1.07546e-05 -7.31174e-05 0.000181342 0.000217557 -1.29773e-05 -0.000184081 -8.89704e-05 -3.71334e-06 
2.0715e-05 -0.0169359 0.00670377 -0.0163051 -0.00634412 0.00945099 -7.13087e-05 0.0814506 -0.0015625 -0.00614354 -8.99086e-05 0.00130979 -0.00571929 0.0121611 -0.00224625 -0.00476816 0.00467093 0.0134183 -0.000962695 0.000886401 0.0044581 0.0221357 -0.0128785 -0.0131845 -0.00794895 -0.01834 -0.000478767 -0.010832 -0.0308753 -0.000653158 -0.00714648 -0.00784382 -0.00173487 0.000450751 0.00458549 -0.000334879 -0.00375827 -0.00244644 0.0155635 -7.84383e-05 -1.96418e-05 8.29663e-05 0.000288023 -0.00169363 -0.000367477 -9.55364e-05 -0.00348808 -0.00645106 -0.00725228 0.00247564 -3.69362e-05 -0.00145067 -0.000551195 -0.00304439 -0.0120179 -0.001562 0.00147693 -0.000600237 -0.00494639 -0.00483057 9.02904e-05 0.0155574 -0.0057564 4.96739e-05 0.0163272 -3.20454e-05 -0.00491511 -0.00164688 -0.00134131 0.0011102 0.00500479 0.000287814 -0.00159416 -0.00600589 0.0019099 0.00948182 0.0118987 -0.00018439 9.31548e-05 -0.00376565 -0.0013126 -8.69014e-05 0.0061432 0.00230812 0.000531047 -6.6198e-05 -0.001096 -0.000707132 0.00253752 -0.00048964 -0.000416129 0.000779531 0.000546653 -0.000753042 -9.33243e-05 0.00503071 -0.000354166 -0.000680162 -0.00138865 -0.000500266 
-3.18693e-05 -0.00385516 0.00277333 -0.00312853 0.00068224 0.00132455 0.000554561 -0.0015625 0.0346024 0.00819147 2.05599e-05 -0.000535032 0.00085826 -0.00673468 0.00183757 -0.0034915 -0.00177294 -0.0150554 -0.000397276 -0.00153845 -0.010984 0.0087852 0.00164672 0.00699536 -0.00420335 0.00304475 9.54119e-05 0.00290589 -0.0030955 0.000747564 0.00315617 -0.000934971 0.00383429 -0.00434233 0.0056123 0.00031287 -0.00225141 0.000139063 -0.00292847 -9.41981e-05 1.29042e-05 0.000255514 0.000632486 -0.00951446 -8.83268e-05 9.98749e-05 -0.00180393 -0.000412164 -0.00167595 -0.00086053 2.00001e-05 0.00464417 0.000225947 0.00417694 -0.00333679 0.00131081 0.00355715 -0.000132754 0.000638493 -0.00237896 0.000374596 -0.0104762 0.000274296 2.30617e-05 -0.0113575 0.000229969 -0.00148998 0.00273664 -9.12415e-05 -0.000888249 0.000197097 9.71769e-05 -0.000451204 -0.000774958 -0.0005713 -0.00431215 -0.00273247 5.39355e-05 2.7214e-07 0.00874264 0.00282834 -0.000108903 0.000720885 3.28266e-05 1.14226e-05 0.000264827 -0.000721206 2.32775e-05 0.00204279 0.00229954 0.000407333 -0.000639775 8.9053e-05 -0.000200034 9.02184e-05 -0.00245255 0.000199927 -0.000486513 -0.000364816 -0.000174501 
0.000806131 0.0256446 -0.00127071 0.0147279 0.0108348 0.00869686 0.00188893 -0.00614354 0.00819147 0.107888 0.0135066 0.00153948 0.00135387 -0.0340156 -0.00368047 -0.0562497 -0.0046331 -0.0238353 0.0038751 0.00603886 -0.0306844 0.000385101 -0.0122989 0.0348942 -0.00761267 0.0259252 -0.000603298 0.0360651 0.00198886 -0.000771487 0.0337379 0.00506915 0.00224223 -0.00801595 -0.0139025 -0.000645291 -2.51826e-05 -0.00330165 -0.0243285 -0.000256332 -9.52311e-06 -0.000695808 0.00293141 0.00823927 -0.000397966 -7.27893e-06 0.00609441 -0.000987236 -0.00328167 -0.00378339 -3.84489e-05 0.00935596 -0.00109661 -0.00201889 -0.0185299 0.00424504 -0.00208779 0.000583789 0.0341762 -0.00970112 -0.00117218 -0.0402841 0.000121729 -3.8148e-05 -0.0326866 0.000222784 -0.00619587 0.00822515 -0.00267014 0.00480782 -0.00138013 -0.000683066 0.00403003 0.00302135 -0.00217592 -0.02017 -0.0240342 -0.000128462 0.000372325 -0.0089332 0.00378801 -0.000244382 -0.00272613 -0.00861293 0.000188853 0.000123963 -0.00208868 -0.00341289 0.00125498 0.00300943 0.00126754 -0.00243554 -9.49589e-05 -0.00181301 -0.00102922 -0.000412083 -0.000162241 -0.00217316 -0.00228825 0.00159537 
-0.000315569 0.00365257 -0.000724639 0.00419264 -0.00215973 -0.00125937 0.00168139 -8.99086e-05 2.05599e-05 0.0135066 0.0780934 0.00130793 0.00269392 -0.020835 -0.000772694 -0.013307 -0.00274388 -0.00762944 0.00311605 -0.00116224 -0.0142423 -0.00940069 0.00181411 0.015269 -0.00679238 0.0266143 -3.39892e-05 0.0189864 -0.0018039 -0.000426292 -0.00233811 0.00585276 -0.000317475 -0.00893158 -0.00972025 -0.000199648 0.0106596 -0.00142202 -0.0196369 -0.000118259 1.40002e-05 -0.000504032 -0.000247729 -0.0103244 -0.00030068 0.000151859 -0.000868873 0.00673577 0.00121662 5.07876e-05 4.64518e-05 -0.000251603 -0.000545879 0.00196426 -0.00958594 0.00215637 -0.00515201 3.2703e-05 0.0220824 0.00409909 0.000792 -0.0210306 0.0116993 1.95287e-05 -0.0214545 2.70594e-05 0.00252268 0.00584753 -0.00152075 -0.00437545 -0.00145419 -0.000167857 0.000346862 0.00422788 -0.00163486 -0.0165053 -0.0133864 6.83546e-05 -2.01649e-05 -0.0103547 0.00125848 -7.3861e-05 0.000883442 -0.00371341 -0.000857503 -2.06618e-05 -0.00231746 -0.00376252 0.000662567 -0.000241449 0.000919328 0.0011249 0.000426384 -0.000399141 0.00195771 0.000861169 -0.000385892 2.06379e-05 -0.000828999 -0.00100713 
0.000113785 0.00820231 0.00190013 0.0224138 -0.00229885 -0.000302041 -3.90923e-05 0.00130979 -0.000535032 0.00153948 0.00130793 0.0487601 -0.00132351 -0.00367103 -0.00183265 -0.00302607 0.00111118 0.004444 -0.000124481 0.00296408 -0.0162751 -0.0133183 -0.00611577 -0.0075164 -0.00311388 -0.00874198 -0.000445685 0.0113729 -0.00835651 -0.0002083 -0.00141585 -0.000977038 -0.000165264 -0.00481844 -0.00365353 -0.000235616 -0.000846253 -0.0017154 -0.00933639 -7.05411e-05 5.29398e-06 -0.000156763 0.000991233 0.00825528 -0.000112496 -1.09224e-05 8.87523e-05 0.00895978 0.0035144 0.0013226 -8.99046e-06 -0.000720015 -0.000281809 -0.00188816 -0.00448009 -0.00092547 -0.00312833 0.000795958 0.00355734 -0.00319888 -0.000469237 0.00538433 -0.00308641 -1.17119e-05 -0.00909806 3.79127e-05 -0.00256382 -0.000163603 -6.432e-05 -0.00277933 -0.000193612 -0.000163002 -0.0003265 -0.00011394 -0.000783186 0.00227059 -0.00711492 6.44807e-05 -5.60202e-05 -0.00626565 0.0020209 -0.000166134 0.000994437 -0.00493141 -0.000508296 -4.48781e-05 -2.86278e-05 0.0037973 0.000805419 0.00130589 -0.000213772 -0.000529735 0.000765733 0.00279191 -0.000442893 0.00169035 0.000267967 8.93635e-05 -0.000300669 0.000593977 
-0.000211992 -0.0100531 -0.000143368 -0.0162807 0.000549077 -0.00178075 0.00048627 -0.00571929 0.00085826 0.00135387 0.00269392 -0.00132351 0.0693726 -0.0121628 0.00414777 0.00643543 -0.00274075 -0.0093673 -0.000124531 -0.00727976 -0.0111001 -0.00925389 0.0194988 0.00317487 -0.000982418 0.021068 0.000196261 -0.00541206 0.000856162 -0.000183131 -0.00546777 0.0128707 -0.000926703 -0.0155782 -0.00525645 0.000185645 0.0101213 0.000221303 0.00649023 -2.47029e-05 3.34813e-05 -0.000215524 -0.000580966 -0.0219747 0.00194864 -8.5839e-05 -0.000349046 -0.0035641 -0.0113141 -0.00114213 5.93661e-05 0.0012923 0.00159664 0.00291584 0.000437148 1.44141e-05 0.00118202 0.000616709 -0.0090011 0.00172582 6.62653e-05 0.0113736 0.00796444 -2.81929e-06 -0.0249557 1.90343e-05 0.00474716 0.00115998 0.00247337 -0.00133823 -0.00123188 0.00150928 -0.000291336 0.00070123 -0.00122889 -0.00928355 -0.0120708 0.000245651 -5.15998e-05 0.0112194 0.000261472 -8.66531e-05 -0.000775036 0.000889412 -0.000921387 -7.0875e-06 -0.0024221 0.00144051 -0.0021017 0.00606 -0.000222678 -0.000134257 0.0001309 0.00237054 0.00177467 -0.00258295 0.000187457 0.000523894 0.00286134 -0.00107296 
-0.00038879 -0.0461501 0.00516592 -0.0389829 -0.0117897 0.00456854 -0.00234356 0.0121611 -0.00673468 -0.0340156 -0.020835 -0.00367103 -0.0121628 0.249453 0.0127177 0.0344801 0.00345987 0.0560243 -0.00539228 -0.00497397 0.0618578 -0.00582412 0.011214 -0.088515 0.00339951 -0.122443 -0.00278146 -0.0419392 -0.0552236 0.00199592 -0.0113828 -0.049544 -0.00520499 -0.0124126 0.0103924 -0.000345083 -0.0241818 0.0130252 0.0339828 -0.000268576 3.65661e-05 1.59666e-05 -0.00263625 -0.0125995 -0.0010147 7.26455e-05 -0.0250103 -0.0213657 -0.0343466 -0.00590703 -8.9853e-05 -0.0092712 -0.000294521 0.00340196 0.0118366 -0.00571421 0.0172354 -0.00359801 -0.0537096 -0.00750788 0.00106431 0.072196 -0.0188062 6.95902e-05 0.033253 -0.000179069 0.00992679 -0.0116874 -0.00273116 0.0123217 -0.00392366 0.000202542 0.00349595 -0.026882 0.00110632 0.0577349 0.0675838 -0.000964809 -0.000456187 0.0140633 -0.0077545 0.000599446 0.00267159 0.0330717 0.0035569 -7.439e-05 0.0108533 0.0119017 -0.00718176 -0.0156686 -0.00277469 0.00203124 -0.00122455 0.00218372 -0.00277586 0.000254916 -0.000830346 0.0031148 0.00189558 0.0028373 
0.000214855 -0.0163924 -0.00162804 -0.0118978 -0.00234107 -0.000926431 -0.00020436 -0.00224625 0.00183757 -0.00368047 -0.000772694 -0.00183265 0.00414777 0.0127177 0.0399819 0.00704208 -0.00226263 -0.0133597 -0.00029103 -0.0165387 0.00457546 -0.00949863 0.0153806 -0.0102366 -0.000947201 -0.00936158 -0.000120558 -0.00715391 0.00575545 0.00435977 -0.00452785 -0.00243857 -0.000708123 -0.00125834 0.0148822 0.000229935 -0.00280481 0.00961972 -0.0055768 -0.000103751 4.83227e-05 -0.000308984 -0.000757427 -0.0103692 0.000570731 5.85039e-05 -0.00272644 -0.00448574 -0.00562497 -0.000817392 0.000227237 -0.000598694 0.000554721 0.00902342 0.00622119 0.000733975 0.000542418 -0.000132661 -0.00901007 0.00695365 0.00299639 0.0121263 -0.000474021 4.56209e-05 -0.00196773 1.18931e-05 -0.00352522 -0.000453256 0.000726719 -0.00255701 -0.000629192 0.00129602 0.00397807 -0.00278086 -0.000701501 -0.00435274 0.00424382 0.000220841 -5.77509e-05 0.00448725 5.03952e-06 4.47806e-05 -0.000745271 0.00680193 0.00134885 -1.26103e-06 -0.00126517 -0.00129509 -0.00118504 -0.000636784 -0.000151802 0.000354085 -0.000222437 0.0025656 -0.000140257 -0.00240516 0.000147014 -0.000938892 0.0039834 -0.000634008 
-0.00185643 -0.0592731 -0.000932071 -0.0422382 -0.0140894 -0.0185215 -0.00272987 -0.00476816 -0.0034915 -0.0562497 -0.013307 -0.00302607 0.00643543 0.0344801 0.00704208 0.183105 -0.014248 0.0246413 -0.00360121 -0.00978594 0.0317071 -0.0224349 0.0197592 -0.0531096 0.00892043 -0.0339668 -0.000122557 -0.0525323 0.0033733 0.00123628 -0.0283225 0.00652446 -0.00912986 -0.0125944 0.0317326 0.0011415 -0.00101732 0.00166716 0.057433 0.000169098 -1.58086e-06 -0.00112883 -0.0108826 -0.0363268 0.000391901 0.000226661 -0.00922078 0.0238053 -0.00987454 0.00779191 -2.18338e-05 -0.0072583 0.00283658 0.00761211 0.0169904 -0.00469105 0.00895336 -0.000863568 -0.0791706 0.00865988 0.000801273 0.0937841 -0.00806685 -0.000140011 0.0232259 -9.28019e-05 0.0077842 -0.00974795 0.00399822 -0.0236244 -0.00485161 0.00117714 -0.00617779 -0.0191589 0.000882836 0.0215235 0.0398783 -0.000225019 -0.000760447 0.0233498 -0.00362634 0.000550216 -0.00450122 0.00638792 -0.00723482 -3.49991e-05 0.00139089 0.0112787 -0.0114416 0.00245831 -0.00299773 0.0031973 -0.00179716 0.00102322 -0.000264445 -0.0177251 -9.26104e-05 0.00404972 0.00384851 -0.00387544 
0.00017957 0.00170609 -0.000551855 0.00890589 -0.00389949 0.00190148 -0.000267039 0.00467093 -0.00177294 -0.0046331 -0.00274388 0.00111118 -0.00274075 0.00345987 -0.00226263 -0.014248 0.0549791 0.0116581 -8.43012e-05 -0.000312268 0.00493237 0.00347031 -0.00581732 -0.012311 -0.0030859 -0.0127025 -9.92161e-05 -0.00839014 -0.0170928 -0.000353041 0.00234826 -0.00300348 -0.000584723 -0.00546285 -0.00625203 -0.000228608 -0.00403785 -0.00133271 0.000517437 4.28927e-05 -4.31424e-06 -1.10993e-05 0.0015746 0.00649713 -0.000143565 -4.51572e-05 0.00762497 -0.000457212 -0.00841739 -0.000938431 -2.21545e-05 -0.000515036 0.00215294 -0.0022975 -0.00444154 -0.00097733 -0.00145437 -1.16412e-05 -0.00310945 -0.000984207 -0.000465424 -0.00552162 -0.00271251 0.000104364 0.0108968 -3.37844e-05 -0.00370756 -0.000836997 -0.000789883 0.0112359 0.00515178 -3.52252e-05 -0.000977675 -0.000864711 0.000525899 0.00739547 -0.00272101 3.88163e-05 6.90767e-05 -0.00712207 4.60942e-05 0.00017088 -0.00132545 -0.00264521 0.002612 3.54686e-05 0.00387763 -0.000118311 0.00118491 -0.000942493 -8.69071e-06 0.001317 0.000134931 0.000593675 0.000267869 0.00603885 -0.000253175 -0.000572587 0.000128849 0.000195889 
-0.00140637 -0.00695771 0.00244231 0.0295732 -0.0159014 -0.00382877 -0.00159807 0.0134183 -0.0150554 -0.0238353 -0.00762944 0.004444 -0.0093673 0.0560243 -0.0133597 0.0246413 0.0116581 0.229599 -0.00105773 0.0117532 0.0321942 -0.0683868 -0.0051789 -0.104951 0.000252392 -0.0653063 -0.00322212 -0.0331463 -0.0540705 -0.00295408 -0.0337028 -0.00291008 -0.0104447 -0.0544073 -0.0116147 0.00029315 0.0128463 -0.00970531 0.0316707 -0.000491838 -2.46724e-05 -0.00147361 -0.00337842 0.0300721 -0.000159782 -0.000300731 0.0150354 0.0336391 -0.0458135 0.00451453 -0.000208927 -0.0139415 -0.00465066 -0.0100067 -0.00452443 -0.00796135 0.00364514 -0.00162077 -0.0204212 -0.0187414 -0.000383931 0.056474 -0.01789 -3.83325e-05 0.0438547 -0.000147594 0.00224668 -0.0123405 0.000800976 0.0122515 0.00524047 -0.00232995 -0.00603329 -0.00717873 0.00564439 0.0314006 0.02314 2.75419e-05 -0.000362136 -0.00922531 -0.00576114 0.000258846 0.00231483 0.0114863 -0.00504292 -0.000168551 0.00858225 0.0051366 -0.000902833 -0.0109898 -0.00276507 -0.000232035 -0.0015433 -0.0015415 -0.00345124 0.0175644 -0.0016431 0.00990522 -0.00031975 -3.81587e-05 
0.000117533 -0.00534232 0.000968493 0.000532782 0.00315731 -0.000203236 -7.35407e-06 -0.000962695 -0.000397276 0.0038751 0.00311605 -0.000124481 -0.000124531 -0.00539228 -0.00029103 -0.00360121 -8.43012e-05 -0.00105773 0.023472 -0.00175047 -0.000558449 -0.00734838 -0.00237784 0.00190192 -8.60239e-05 0.00254857 -7.1709e-05 0.000418387 -0.00469272 0.000143193 -0.000649789 0.00199228 -0.0001641 0.000550561 -0.00263706 -7.70452e-05 0.000367126 -0.000538837 -0.00581383 -4.09039e-05 1.217e-05 -4.25062e-05 -0.000174863 -0.00324906 -3.22509e-05 -1.53913e-05 0.00181341 0.000625849 -0.000330359 -4.47708e-05 1.2871e-05 0.000383413 -6.71279e-05 -2.69492e-05 0.00363746 0.00135568 -0.000691902 1.46087e-05 0.000397945 0.00173737 0.000232262 -0.00433027 -0.000686659 1.72275e-05 -0.00325631 2.25502e-05 -0.000299124 0.000305386 0.000328668 0.000549455 0.000623931 -5.26167e-05 0.00134588 0.00121755 0.000266033 -0.00413073 -0.000750336 -4.56817e-06 8.04387e-06 -0.00252035 -7.09358e-05 -1.94021e-05 0.000936416 0.00190917 -0.000248687 6.31112e-06 -0.00033008 0.000424819 -0.000339932 0.000452827 0.000276354 -0.000424024 9.4125e-05 0.000275863 2.73928e-05 -0.000474191 -3.49716e-05 0.0043938 1.99114e-05 0.00015789 
-0.0010712 0.03066 0.00234998 0.0186547 0.000814053 -0.000581652 0.000173756 0.000886401 -0.00153845 0.00603886 -0.00116224 0.00296408 -0.00727976 -0.00497397 -0.0165387 -0.00978594 -0.000312268 0.0117532 -0.00175047 0.0626675 -0.00476586 0.0108799 -0.0272824 0.0144004 0.00933175 0.00458337 -0.0013983 0.0110499 0.00430793 -0.00577196 0.0045081 -0.00344455 0.00036278 -0.000635181 -0.0113914 -0.00137886 -0.00153813 -0.00929037 0.0112455 -9.6786e-06 -0.000159154 0.000322968 0.000940816 0.0228888 -0.000848378 -0.000105856 0.00283499 0.00264192 0.00955701 -0.000946431 -0.00028549 -0.00151687 -0.00579394 -0.0171993 -0.0151117 -0.000987636 -0.00355121 0.000204036 0.0139313 -0.0175723 -0.00502385 -0.00725627 9.07931e-05 -0.000222003 0.00881144 -5.38869e-05 -0.00281571 -7.24993e-05 -0.00297712 0.00278943 -0.00127423 -0.00277583 -0.00586136 0.00264752 -0.000707041 0.0055215 -0.0106751 -0.000589326 -4.0602e-05 -0.0108 -0.00307746 -0.000642942 -0.000290009 -0.0237082 -0.00254929 -0.000291701 0.000865023 -0.000849459 0.00129788 -0.00211541 -0.000238174 -0.00734685 0.000111767 -0.00524808 -0.00381731 0.00141633 -0.0006465 -0.000509262 -0.00699848 0.000948058 
0.00108867 -0.0465004 -0.00638756 -0.043224 -0.00338083 0.00444103 -0.00161132 0.0044581 -0.010984 -0.0306844 -0.0142423 -0.0162751 -0.0111001 0.0618578 0.00457546 0.0317071 0.00493237 0.0321942 -0.000558449 -0.00476586 0.185542 0.00529262 -0.00507502 -0.0385283 0.00746951 -0.0584294 0.00184817 -0.0696646 0.00940405 9.54716e-05 -0.00897311 0.00738503 -0.00407145 0.00103212 0.0134186 -0.00192957 -0.034202 0.00159411 0.0437983 -0.000152294 -7.76134e-05 0.000496218 -0.00336819 -0.000474353 -0.00142001 -0.00022605 -0.00809092 -0.044988 -0.0446003 0.00451852 -1.2861e-05 -0.00871414 -0.00579673 0.0012573 0.00343826 -0.00347491 0.00173227 -0.00137459 -0.0511002 0.0205032 0.000928275 0.0310303 -0.0164712 -2.07736e-05 0.0948003 -0.0002772 0.00169638 -0.0122178 -0.00490787 0.00731064 0.00311642 -0.00173011 0.00306028 -0.034719 0.00299968 0.0227788 0.0510314 -0.000952675 0.000136745 -0.0105918 -0.00625693 -0.000126232 -0.00816899 0.0184619 0.00169515 -0.000259218 0.00717928 -0.00664562 -0.00499469 -0.0150468 -0.00380926 0.00362786 -0.00157942 -0.000725595 -0.003504 0.00914875 -0.000344192 0.00630817 -0.00140002 -0.000182698 
-0.000159087 -0.00962305 0.00950669 -0.051405 -0.013435 0.0175748 0.00108392 0.0221357 0.0087852 0.000385101 -0.00940069 -0.0133183 -0.00925389 -0.00582412 -0.00949863 -0.0224349 0.00347031 -0.0683868 -0.00734838 0.0108799 0.00529262 0.249138 -0.0140334 0.0776404 -0.0109474 0.0158345 0.00165713 -0.0348935 -0.0153837 -0.00315346 0.0250602 0.000836963 0.00873799 0.00189576 -0.00844795 -0.000750963 -0.0182543 0.000742427 0.0620544 -0.000241285 -6.83281e-05 0.00277552 0.00400413 -0.0689995 -0.00106328 0.000240678 -0.0120591 -0.0557994 0.0185297 -0.00352371 -7.71653e-06 0.0092109 0.000465049 -0.0106511 -0.0382599 -0.00532911 0.0057515 -0.00141633 -0.0119024 -0.0163358 -0.00369468 -0.0421433 -0.00108552 2.70518e-05 0.00624312 2.08829e-05 0.0134906 0.000516152 -0.00459053 -0.00212452 0.00296223 -0.00107846 -0.00718843 -0.0200375 6.83911e-05 0.0520803 -0.0126577 -0.000804074 0.000474569 0.0215241 -0.000919838 0.000166612 0.00557764 -0.00691971 0.00689114 0.000102554 0.00500094 -0.0107139 0.00855742 -0.00189826 0.00131238 0.00298537 0.000736804 -0.00476797 0.000439991 -0.00820967 1.09668e-05 -0.0117287 -0.00712071 0.00641379 
-0.000712347 -0.010767 -0.00170438 -0.0275004 -0.0102344 -0.00619005 -0.000717717 -0.0128785 0.00164672 -0.0122989 0.00181411 -0.00611577 0.0194988 0.011214 0.0153806 0.0197592 -0.00581732 -0.0051789 -0.00237784 -0.0272824 -0.00507502 -0.0140334 0.140593 -0.0106127 -0.000912711 0.0287847 0.000128722 -0.0180397 0.00669015 0.00359542 -0.00956205 -0.0100122 0.00229192 -0.0125762 0.0033762 0.000519729 0.0174991 0.0129344 -0.00135059 -0.000189537 0.000145589 -0.000277955 -0.00273205 -0.0390231 0.00181262 0.000129895 -0.00488621 0.0200277 -0.0198672 -0.00141546 0.000321055 -0.00115851 0.00176732 0.0170279 -3.97639e-05 -9.51655e-05 -0.00603488 -0.000738439 -0.0302888 0.00893732 0.00329813 0.0163627 -0.000253286 8.01535e-05 -0.0295058 -5.2114e-05 -0.00618512 -0.00392393 0.000550379 -0.00713806 -0.00264955 0.00152879 0.00353559 -0.00532385 -0.00278682 -0.00963416 -0.0230863 0.00063528 -0.000195698 0.0228369 0.000604386 0.000916349 -0.001512 0.017454 0.00184989 1.76745e-05 -0.0048136 -0.00216062 -0.00402714 0.00671515 0.00037944 0.0025552 -0.000154986 0.00380808 0.00314867 -0.00581879 0.000592143 0.000299481 0.00790359 -0.00304919 
-0.000403638 0.0352721 -0.00136799 -0.00144489 0.00233635 0.000288743 0.00288117 -0.0131845 0.00699536 0.0348942 0.015269 -0.0075164 0.00317487 -0.088515 -0.0102366 -0.0531096 -0.012311 -0.104951 0.00190192 0.0144004 -0.0385283 0.0776404 -0.0106127 0.238533 -0.00280361 0.0949842 0.00215586 0.038697 0.0414307 -0.00221593 0.0254237 0.0211477 0.00965788 0.0110382 -0.0310503 -0.00177717 -0.014251 -0.00305643 -0.0115031 -0.0005223 -7.10642e-05 0.000473541 0.00554011 -0.0127335 -0.000644063 -0.000262068 -0.00506654 -0.0373618 0.045301 -0.00443714 -7.50025e-05 0.0103583 -0.000923498 -0.00872534 -0.0115609 0.00469891 -0.0165706 0.00174623 0.0556311 -0.00138029 -0.00378101 -0.113275 0.0342461 -8.10828e-05 -0.0203731 9.27133e-05 -0.00306096 0.012658 -0.00279933 -0.0160296 -0.00219397 -0.00115247 -0.00034242 0.0158435 -0.00804863 -0.0319148 -0.0663561 -0.000422447 0.000473012 -0.00918518 0.00201791 -0.000700098 -0.00192997 -0.0265753 -0.000184154 -5.22471e-05 -0.0118561 -0.0159909 0.00109758 0.00804145 0.00296836 -0.00109688 0.00172993 -0.00445549 -0.000872289 -0.0122997 0.000203288 -0.00925046 -0.00690476 -0.000885331 
3.05039e-05 0.0175911 -0.000168294 0.0117017 0.00352703 -0.00997294 -0.00127382 -0.00794895 -0.00420335 -0.00761267 -0.00679238 -0.00311388 -0.000982418 0.00339951 -0.000947201 0.00892043 -0.0030859 0.000252392 -8.60239e-05 0.00933175 0.00746951 -0.0109474 -0.000912711 -0.00280361 0.0772728 0.0113233 -0.000101284 -0.00282991 0.0226509 -0.00155242 -0.0022118 -0.00878807 -0.00220114 0.0134156 -0.00271145 0.000406097 0.00169054 -0.00587779 -0.00929496 -7.37481e-05 -5.77177e-05 -4.25485e-05 -0.00327448 0.0132717 0.000133747 -9.62603e-05 0.00286548 0.012819 0.00647536 -0.00350466 -4.50073e-05 -0.0013982 -0.00643744 -0.0036055 0.00756052 -0.000180291 -0.00531039 -0.0016313 0.00213373 -0.00443597 0.000321284 0.00937343 -0.00111375 -0.000104603 -0.0081862 -0.000366093 -0.00173098 -0.00757417 -0.00214623 -0.00114666 -0.00814768 -0.000163669 -0.000697311 0.00182959 -0.00291178 -0.00641103 -0.0161196 -0.000193872 -0.000174955 -0.00103661 -0.00958977 -0.000189168 -0.000108661 -0.0104296 -0.00534644 -0.000392984 -0.00383953 -0.00590972 -0.00126101 0.00167613 -0.000519738 -0.0102472 -0.000654473 -0.000488107 9.11316e-05 -0.00980775 0.00010012 0.000493912 -0.00310796 -0.00149714 
-0.00259162 0.0388913 -0.00161268 -0.000342014 0.0160131 -0.00367926 0.00175873 -0.01834 0.00304475 0.0259252 0.0266143 -0.00874198 0.021068 -0.122443 -0.00936158 -0.0339668 -0.0127025 -0.0653063 0.00254857 0.00458337 -0.0584294 0.0158345 0.0287847 0.0949842 0.0113233 0.24199 0.00233102 0.0451353 0.0396381 -0.00256181 -0.00113888 0.0241325 0.00540818 0.0216048 -0.0297291 0.000439013 0.0205026 -0.00878949 -0.0374108 0.000494827 -2.5953e-05 0.000173379 -0.00038578 -0.0264552 0.00112681 -0.000381667 0.0114226 0.00431461 0.027247 -0.00566309 2.77376e-05 0.0026034 -0.000859483 0.00415903 -0.0132825 0.00433314 -0.021644 0.00155669 0.0384192 0.00273918 -0.00101846 -0.0749265 0.0301495 -3.94623e-05 -0.062253 -0.000143677 -0.0106779 0.00509387 -0.000323291 -0.019918 -0.00389451 -0.000149229 -0.00177331 0.023745 -0.00790472 -0.0631219 -0.0655721 0.000804452 -0.000182491 -0.0166743 -0.0020628 -0.000914512 -0.00218195 -0.0147457 -0.00385357 -6.44404e-06 -0.00953128 -0.01318 0.00414486 0.0164391 0.0024736 -0.00327492 0.00182662 -0.00181495 0.00433362 -0.00549706 0.00126664 -0.00174069 -0.00186217 -0.00636635 
7.93296e-05 -0.00374014 -0.000290843 -0.000769271 0.00101994 0.000144248 -4.59885e-05 -0.000478767 9.54119e-05 -0.000603298 -3.39892e-05 -0.000445685 0.000196261 -0.00278146 -0.000120558 -0.000122557 -9.92161e-05 -0.00322212 -7.1709e-05 -0.0013983 0.00184817 0.00165713 0.000128722 0.00215586 -0.000101284 0.00233102 0.0123288 -0.0013951 -0.000326281 1.19587e-05 -0.000163525 0.00300999 -0.000182354 0.00178229 -0.000801843 -5.96152e-05 -0.00118884 -0.000355783 -0.00113007 0.000116458 7.30099e-08 1.77596e-05 3.5035e-05 -0.00338179 9.03385e-05 5.11138e-05 -0.000614709 -0.00304351 -0.00158313 -0.000122964 2.0963e-05 4.12041e-05 -0.000121082 -3.21106e-05 0.00117731 6.30392e-05 -0.000104235 4.4497e-05 -0.000861898 0.00443683 0.00014553 -0.00261594 0.000387631 1.1725e-05 -0.00295579 1.51753e-05 0.00138178 0.000259794 -3.56068e-06 0.000210657 -6.76986e-05 2.23778e-07 -3.36134e-05 -0.000319518 -0.000164861 -0.000109228 -0.00083426 3.23048e-07 0.000106017 0.000224681 -0.000125284 0.000159998 -0.00047803 -0.0010467 -0.00028778 -2.04048e-06 0.00017919 -0.000384574 0.000224068 0.00126818 -3.91746e-05 0.00055523 8.36868e-05 0.000456524 0.000133448 -0.0002595 7.1171e-05 0.000562152 -0.000233432 0.000434063 
-0.000821736 0.0549101 -0.00101207 0.0513372 0.00522689 -0.00592423 0.00228348 -0.010832 0.00290589 0.0360651 0.0189864 0.0113729 -0.00541206 -0.0419392 -0.00715391 -0.0525323 -0.00839014 -0.0331463 0.000418387 0.0110499 -0.0696646 -0.0348935 -0.0180397 0.038697 -0.00282991 0.0451353 -0.0013951 0.166396 0.00144211 -4.21115e-05 0.0211938 -0.0140186 0.000542076 0.0172519 -0.0154983 -0.000858446 0.00899316 -0.00384213 -0.0953924 0.000276476 -7.94815e-06 0.000187883 -0.000416744 0.0414114 -0.000716647 -0.000201408 -0.000637064 0.013632 0.0409048 -0.00687015 -0.000113951 -0.00183719 0.000388131 -0.00161834 0.00185203 0.0045589 -0.0107071 0.000919631 0.0634995 -0.0153085 -0.0017429 -0.0534417 0.0105471 -6.00783e-05 -0.0489271 5.45587e-05 -0.0105451 0.0134149 -0.0023904 -0.00130373 -0.00521198 -0.000752753 0.00297404 0.0352705 -0.00432279 -0.046389 -0.0360737 6.15487e-05 -0.00010603 -0.023839 0.00272077 -0.000575328 0.00137475 -0.0150442 -0.00255131 1.03934e-05 -0.00438341 0.00542181 0.00263485 -0.0006906 0.00173653 -0.00441138 0.000934345 0.000126075 0.00102494 -0.00499841 -0.000285937 -0.00394793 -0.00304317 -0.00303409 
8.76247e-05 0.0448304 -0.0199701 0.00690009 0.0171791 -0.0106656 -0.000637472 -0.0308753 -0.0030955 0.00198886 -0.0018039 -0.00835651 0.000856162 -0.0552236 0.00575545 0.0033733 -0.0170928 -0.0540705 -0.00469272 0.00430793 0.00940405 -0.0153837 0.00669015 0.0414307 0.0226509 0.0396381 -0.000326281 0.00144211 0.219183 -0.00182515 -0.00325897 0.0238112 0.000782332 0.0438222 0.0138624 -0.00129267 0.00731399 -0.00662475 -0.0102079 -0.000258728 -0.000128766 -0.0011738 -0.00326995 0.0410501 0.000486856 -0.000194222 0.000196204 0.00753055 0.0295381 -0.00230855 -3.24133e-05 -0.00123676 -0.00903975 -0.00324394 -0.00283626 0.00309773 -0.0279904 0.00104321 0.014445 0.00151584 0.000877618 -0.0165044 0.0147107 -0.000263543 0.00370285 -0.000271591 -0.0143233 0.00116677 -0.0027541 -0.0212399 -0.0120001 -0.00108381 -0.00173445 0.00258706 -0.00568093 -0.0461486 -0.0335733 7.55729e-05 3.53746e-05 -0.0215419 0.00116837 -0.000788677 -0.0171808 -0.0384342 -0.00582335 -0.000270943 -0.0194251 -0.0210983 -0.00683743 -0.00649625 -0.000870736 -0.00896424 -0.00103184 -0.00455738 0.000529458 -0.0140941 0.000731758 -0.0171881 -0.00260282 0.000102347 
2.21813e-05 -0.00414176 -0.000359047 -0.0019274 -0.000575797 -0.000349076 -4.45196e-05 -0.000653158 0.000747564 -0.000771487 -0.000426292 -0.0002083 -0.000183131 0.00199592 0.00435977 0.00123628 -0.000353041 -0.00295408 0.000143193 -0.00577196 9.54716e-05 -0.00315346 0.00359542 -0.00221593 -0.00155242 -0.00256181 1.19587e-05 -4.21115e-05 -0.00182515 0.00783698 -0.00047684 -0.000836822 -4.79071e-05 2.83956e-05 0.00367967 9.34133e-05 -0.000630646 0.00340822 -0.00388162 1.06242e-05 2.05164e-05 -6.06143e-05 -9.75048e-05 -0.00267945 -2.06962e-05 5.85478e-06 -0.000471979 -0.00114507 -0.00141335 -0.000181911 4.73028e-05 6.59048e-05 0.00107838 0.00491993 0.00297643 0.000192736 0.00104271 -3.26992e-05 -0.0013299 0.00112385 0.00128004 0.000837261 -0.000206122 3.77744e-05 -0.00298025 2.12249e-05 -0.000589002 -0.000179519 2.723e-05 -0.000377271 -6.31875e-05 0.000293928 0.000803418 -0.000110423 -9.39663e-05 -0.00126262 0.000342354 6.13555e-05 -1.16675e-05 0.00123375 9.52118e-05 0.000119851 1.59738e-05 0.0030314 0.00012738 8.5045e-05 -0.000136921 0.000495155 -0.000225577 -0.00018188 1.80862e-05 0.000102722 -5.8414e-06 0.00121759 -7.86499e-05 -0.000589657 6.84271e-05 -0.000155528 0.00172453 -0.000153345 
0.00121375 0.0302806 -0.00426066 0.0324042 -0.00377568 0.00128035 0.000216063 -0.00714648 0.00315617 0.0337379 -0.00233811 -0.00141585 -0.00546777 -0.0113828 -0.00452785 -0.0283225 0.00234826 -0.0337028 -0.000649789 0.0045081 -0.00897311 0.0250602 -0.00956205 0.0254237 -0.0022118 -0.00113888 -0.000163525 0.0211938 -0.00325897 -0.00047684 0.139208 -0.00770169 0.000703681 -0.000869434 0.00189542 -0.000826363 -0.0133698 -0.000671654 -0.0429626 -0.000214144 -1.55075e-07 0.000147777 0.0011997 0.0147561 -0.000332546 -9.36811e-05 0.0016325 -0.0130319 -0.00508095 -0.00477196 -8.59255e-05 0.00751914 -0.000102341 -0.00414486 -0.00666139 -0.000368013 -0.00200548 -0.000734019 0.0358246 -0.00690816 -0.00162377 -0.0494704 -0.00278492 -2.84951e-05 -0.0220136 0.000193984 -0.000411117 0.00236058 -0.00220761 0.0208976 -0.00280823 -0.000311617 0.00325354 -0.0024597 -0.0027137 -0.0243461 -0.0231552 -0.000107271 -9.07292e-05 -0.011328 0.00182052 -0.000611068 -0.00315374 -0.0128097 7.97157e-05 9.72446e-05 -0.00118083 -0.00628546 0.00489615 0.00547905 0.000223838 -0.00370051 -0.000936793 0.000851131 -0.00111196 -0.00471672 -0.000503777 -0.00221639 -0.0029089 0.00184572 
0.0001719 -0.0223003 -0.00583832 -0.0083631 -0.00478858 -0.00170812 0.000509664 -0.00784382 -0.000934971 0.00506915 0.00585276 -0.000977038 0.0128707 -0.049544 -0.00243857 0.00652446 -0.00300348 -0.00291008 0.00199228 -0.00344455 0.00738503 0.000836963 -0.0100122 0.0211477 -0.00878807 0.0241325 0.00300999 -0.0140186 0.0238112 -0.000836822 -0.00770169 0.124413 -0.00268865 -0.0196144 0.00200766 -0.000309126 -0.0056541 -0.00397454 0.0203717 -0.000338686 -3.53377e-05 -0.000651652 -0.00162726 -0.029608 5.43385e-05 -0.000179728 0.00322494 -0.000158621 -0.0101497 0.00457589 4.12399e-06 0.0011584 9.40644e-05 -0.00110135 -0.00624228 -0.00193329 -0.00622581 0.00227026 -0.0105303 0.0171802 -0.000285444 0.00253162 0.00851479 -5.24424e-05 -0.00107813 6.99862e-05 0.00419205 0.00234803 0.00213992 -0.00772987 0.00173756 -0.000500265 -0.000884538 -0.00334074 -0.000714636 -0.0105754 -0.00630579 0.000105899 8.27833e-05 0.000854671 0.00225611 1.9103e-05 -0.00444307 -0.00883988 -0.0036658 0.000138567 -0.00434405 -0.00841532 -0.0041999 0.00171557 -0.000780554 0.00289027 -0.000388358 -0.000620908 -0.000547308 0.00800165 -0.000103751 -0.00273771 -0.0012836 0.00204544 
-0.000128039 0.00426778 -7.25687e-05 -0.00526925 -0.00192793 0.000218248 0.000245177 -0.00173487 0.00383429 0.00224223 -0.000317475 -0.000165264 -0.000926703 -0.00520499 -0.000708123 -0.00912986 -0.000584723 -0.0104447 -0.0001641 0.00036278 -0.00407145 0.00873799 0.00229192 0.00965788 -0.00220114 0.00540818 -0.000182354 0.000542076 0.000782332 -4.79071e-05 0.000703681 -0.00268865 0.0262443 0.00321725 -0.00207322 3.54991e-05 0.00230319 0.000450582 -0.00237494 -5.55156e-05 -6.62421e-06 0.000146577 0.000788224 -0.00453534 -9.81967e-05 -2.81486e-05 -0.000782952 -0.0018358 0.00241972 -0.000326398 2.1858e-05 0.003226 -0.000578841 0.000993613 -0.00364396 0.000186987 0.000167272 7.65604e-05 -0.000328988 -0.000912561 -0.000136127 -0.00689708 -0.000441291 4.35289e-06 -0.0020099 9.04345e-05 -0.000777981 4.89043e-05 -0.0006131 -0.00161124 -0.000252064 -0.000124805 -0.000538672 -0.000330357 -0.000487489 0.00235624 -0.00556174 8.72182e-05 -2.23393e-06 0.0016766 0.000598084 -7.38647e-06 -0.000558419 -0.000758907 0.00124499 8.37158e-05 -0.000666866 0.000478554 0.00215602 -0.000490334 0.00012686 -4.70097e-05 0.000371107 -0.000140093 -8.8724e-05 -0.00156628 5.67791e-05 -0.000822993 -0.000166135 -0.000303292 
-0.000837335 0.00234572 -0.00158992 -0.00794826 0.0254014 -0.00352249 -0.00105405 0.000450751 -0.00434233 -0.00801595 -0.00893158 -0.00481844 -0.0155782 -0.0124126 -0.00125834 -0.0125944 -0.00546285 -0.0544073 0.000550561 -0.000635181 0.00103212 0.00189576 -0.0125762 0.0110382 0.0134156 0.0216048 0.00178229 0.0172519 0.0438222 2.83956e-05 -0.000869434 -0.0196144 0.00321725 0.20442 0.0339735 0.000464992 0.00378284 -0.00647112 -0.0423507 0.000888454 -5.61102e-05 0.000668678 -0.00319904 0.0325867 -7.69538e-05 -0.000329738 -0.00354084 -0.00952708 0.0288831 -0.00598942 -0.000154527 -0.00368318 -0.00248879 0.0011751 0.0105626 0.00407645 -0.0132021 -0.00049218 0.00791537 0.0063589 0.00130045 -0.0147736 -0.00895971 0.000107527 -0.0204494 -0.000218542 -0.0116957 -0.00055741 -0.0016594 -0.00602921 -0.0071917 0.000357887 -0.00204661 0.000698073 -0.00236022 -0.0446181 0.0176576 -7.8295e-05 -0.000391391 -0.0236509 -0.000463667 -0.00066239 -0.00355024 -0.0185665 -0.00445171 -0.000270594 -0.00795379 -0.00896114 -0.00566702 -0.00763767 -7.14981e-05 -0.00547074 0.000760109 0.000855881 0.00160999 -0.0135004 0.000683446 -0.00525701 -0.00435995 -0.00406905 
