0.0998101 -0.0142009 -0.00108706 -0.00154838 -0.00113202 -0.0262278 -0.000904443 -0.0362938 -0.0340073 -0.00623575 -0.0139337 -0.000428094 -0.0538597 0.00185455 -0.00996102 0.000270747 -0.00116743 -0.0120648 -0.00132232 0.00418271 -0.00289748 0.00665969 0.0406141 0.000732996 -0.00143843 -0.0352313 -0.0336633 -0.000489098 -0.000864321 -0.00480917 0.000598092 -0.000830874 0.0371761 0.00012507 -0.000153689 -0.0105294 0.000170102 0.000570784 -0.0022178 -0.00279227 -0.00452292 0.000581378 0.000100908 -1.85223e-06 1.19536e-06 -0.000954191 0.0284414 4.30371e-05 -2.26095e-05 0.0281039 -0.00809368 -1.01478e-05 0.000987756 -0.000971741 7.74398e-05 -9.59244e-05 -0.00035117 -0.000293352 -5.67676e-05 -0.000199835 -0.000767239 -0.00267984 0.00210774 -0.000521191 0.00290267 -0.00171598 0.000451183 0.0192264 -0.00211261 0.0111042 -0.00289828 0.0329631 -0.0064985 -0.000314437 -0.0010677 0.00181949 -5.07057e-06 -0.00399671 1.25133e-05 -0.00033313 -0.000451725 -0.000222786 0.0169083 0.00169466 -0.0101806 -0.000194484 5.13436e-05 5.64798e-05 0.0269951 -0.0018675 -0.00398339 -0.000128548 -0.00236279 -0.00470282 -9.37445e-05 0.00146944 -0.00928387 0.00284109 -2.91946e-05 0.0105721 
-0.0142009 0.244861 -0.000489908 -0.000256371 -0.00125487 -0.0419016 0.00874045 -0.0331568 -0.0324436 0.00279807 -0.0239364 -0.000575743 0.0120172 -0.00190976 0.017212 -0.000741471 -0.00227663 -0.0342227 0.00528769 0.0523345 0.00174833 0.00425219 0.0248763 0.006347 1.1725e-06 -0.0735064 0.0189064 0.000543345 -0.000121615 0.0134507 0.000384397 -0.000595689 0.0432203 -0.00164786 -0.00185465 -0.0492051 0.0008911 -0.000770081 0.000345447 -0.00654235 -0.0128925 0.013058 -0.00051249 -0.000170151 -3.39909e-05 -0.0037774 0.0274394 -0.000112629 -0.000127742 -0.00728643 -0.00433794 0.00451063 -0.000482977 -0.00311422 0.000202634 -0.000567671 0.000164048 -0.000827275 -0.000448235 -7.63182e-05 0.00085713 -0.00190283 0.00177054 0.000456936 -0.00605396 0.00329332 -0.00286772 0.00825432 -0.0040678 -0.0363499 0.00432744 0.0107386 -0.00334754 -0.00148019 4.59094e-05 -0.0032842 -2.56891e-05 -0.0342119 -0.00099408 -0.00311311 -0.00167936 -0.000460814 -0.00314476 -0.0029159 0.00758141 -0.00852924 -0.0011314 -0.000525952 -0.0124764 0.00318647 -0.0188118 8.11712e-05 -0.00320554 0.00561097 0.000180913 -0.00122889 -0.015848 -0.000987231 0.000589609 -0.0255449 
-0.00108706 -0.000489908 0.0111665 6.51937e-05 -0.000123106 -0.00270557 -0.0005423 0.000136737 0.000353447 0.000678457 -0.00189317 6.85703e-05 0.00149929 -0.000365079 0.00170561 4.81563e-05 3.43126e-05 0.00101455 -0.000169303 -0.00262623 -9.49859e-05 -0.00278958 -0.000560027 -0.000156624 0.000265525 -0.000340778 -0.00166341 7.0727e-05 -2.85277e-05 -0.000505113 -2.95308e-05 -0.000166322 -0.00229966 3.40727e-05 -5.32795e-05 0.000359445 1.19458e-07 6.47205e-05 -0.000123704 0.000108161 0.00214881 -9.89244e-05 -3.33473e-05 6.38519e-06 -2.12714e-06 -1.40631e-05 0.00129224 -1.04405e-05 1.85375e-06 -0.000583452 -0.000337566 -0.000120266 3.44616e-05 -2.28594e-05 -1.64697e-05 -6.89244e-07 -1.04229e-05 1.46583e-05 -1.47423e-05 5.59045e-06 0.000395879 -0.000307651 -0.000378882 0.000248495 -0.00011527 -0.000106131 -0.000109262 -0.00122335 -0.000200132 -0.000652913 0.000607588 -0.000486099 0.00101372 -2.94779e-06 0.000836414 -7.47128e-05 7.48052e-06 -0.000573016 -1.6927e-06 -2.39278e-05 -0.000112357 -1.06208e-05 -0.000906126 -0.000202386 0.00317103 0.000854291 -3.65289e-05 3.51771e-06 -0.000149202 -0.00025414 -0.000275161 -9.0281e-07 -9.62844e-05 -2.71478e-05 7.48115e-06 2.51653e-06 -0.000299464 -0.000106493 9.78998e-06 -0.00152435 
-0.00154838 -0.000256371 6.51937e-05 0.0224088 -8.20566e-05 -0.00433235 -0.000527407 0.000635307 0.00195921 -0.00367186 -0.00293177 -8.87643e-06 6.92423e-05 -0.000300341 -0.0011152 3.12252e-05 -0.000163486 -0.00236122 -0.000622446 0.00425252 -0.000596882 -0.000827026 -0.00273984 0.00100062 4.67711e-05 0.00227389 0.00532549 -7.4194e-05 -7.28839e-05 -6.31128e-05 -8.49803e-05 -0.000184621 -0.001228 -6.24395e-05 0.000105774 -0.00277065 -9.55712e-05 0.000607879 -0.00049196 -5.27672e-05 0.00340681 0.00369563 -6.8137e-05 -2.67563e-06 -7.16512e-06 -0.000145533 0.000842678 -1.95019e-05 3.1683e-06 -0.00116716 0.000452614 0.000552405 0.000197246 -0.000580182 -3.45692e-05 -6.76907e-06 5.4395e-05 -1.21062e-06 -1.50059e-05 0.000100487 0.000340868 -0.000657858 0.00137935 6.75963e-05 -0.000314859 -0.000295679 -0.00012672 -0.00218476 -0.000206476 -0.00406932 0.000622336 -0.00492056 -0.00104451 -7.58456e-05 -0.000237584 -6.31366e-05 2.62531e-07 0.000232874 0.000226767 -9.09277e-06 -0.000329092 0.000111269 -0.00651481 -0.000222095 -0.00621077 0.0006544 3.92982e-05 3.14544e-05 -0.00126593 0.00102552 -2.62293e-05 3.30824e-05 0.000457869 0.0027732 0.000106278 -5.94576e-05 0.00401912 2.5055e-05 -0.000162922 -0.00192163 
-0.00113202 -0.00125487 -0.000123106 -8.20566e-05 0.0787368 -0.027075 0.00987503 -0.0335995 -0.034197 -0.00780219 -0.0132755 0.000374648 -0.0087087 -0.000236341 -0.0220745 0.000376346 -0.000194569 -0.00228294 -0.00219449 -0.0213973 -2.76995e-05 -0.0339191 0.0225515 0.0034108 -0.000846448 -0.012799 -0.0209458 -6.10761e-06 0.00492558 -0.00214722 -5.76551e-05 -0.00102012 0.0064962 -0.000603632 0.00060368 -0.00403735 0.000870555 0.00432607 0.00378001 0.000299946 0.00306493 0.00447758 0.000493505 -2.60899e-05 -1.34279e-05 0.000374572 0.0173903 0.000248363 6.44829e-05 0.00108582 -0.00597149 0.000100849 -0.000105153 -0.000854397 0.000126375 0.000459285 0.000650098 0.000499429 0.000109704 -0.000320514 0.00116942 0.00199753 0.00499495 0.000133795 0.000103977 0.0038309 0.00229656 0.0254377 0.00123492 -0.0158964 -0.00321263 0.0275248 -0.00238391 0.000142504 -0.000689401 0.00138647 2.92437e-05 -0.00508792 8.48038e-05 -0.000221321 0.00373265 -0.00021204 0.0251747 0.000802242 -0.0229306 0.00566169 0.000266302 7.73016e-05 0.0103725 0.00486809 0.000922374 -2.69575e-05 -0.00116431 0.00684117 0.0001581 -0.000190126 -0.000503613 -0.00017234 0.000202866 0.0168029 
-0.0262278 -0.0419016 -0.00270557 -0.00433235 -0.027075 0.247375 -0.00134301 0.127021 0.114426 0.0441464 0.054073 -5.81602e-05 0.0701399 -0.0227069 -0.0110251 -0.00242602 0.00292925 0.0303247 0.00566992 -0.0524826 0.00166123 0.0439472 -0.134829 -0.0101665 -0.00162576 0.0875993 0.0594958 -0.00242966 -0.00471401 -0.000288608 -0.00182634 -0.0055289 -0.122387 -0.00187109 -0.000357693 0.0449697 -0.00292302 -0.00160083 -0.00961458 -0.00565057 0.00271491 -0.0368708 0.00116247 -1.28809e-05 -6.74583e-06 0.00206724 -0.0799901 -0.000487391 -0.000134588 -0.0377179 0.0165379 -0.008481 -0.00212426 -0.010701 -0.000557093 -0.000702603 -0.00165398 -9.33632e-05 -0.000213338 0.000915792 -0.00300992 -0.00199974 -0.0239151 -1.29693e-05 8.32897e-05 -0.00650316 -0.00167674 -0.0604167 -0.0132657 0.0505267 -0.0151203 -0.0768711 -0.0226853 -0.000491267 -0.0139562 -0.00410476 -6.89481e-05 0.0138458 -0.000760209 -0.00140947 -0.0041441 0.00147225 -0.0572181 0.00186651 -0.0208829 -0.0101218 -0.000656973 -0.000309826 -0.0342776 0.00553184 0.00575541 -0.000609604 0.00609892 -0.0178904 -0.000393481 -0.000736217 0.0081185 -0.00462101 -0.00186885 0.0273669 
-0.000904443 0.00874045 -0.0005423 -0.000527407 0.00987503 -0.00134301 0.0606571 -0.0178523 -0.0260893 -0.00623488 0.00234552 -0.000280909 -0.00571442 -0.00100509 -0.0287039 0.000241091 -0.000613766 0.000233382 8.25312e-06 0.0102553 -0.000800784 0.000561443 0.00983768 0.00724313 -0.000815052 -0.0160439 0.00560042 0.000448591 2.83129e-05 -0.00213711 -0.00023881 0.000828826 0.0135038 -0.000464013 0.00114382 -0.000187934 -6.10621e-05 0.00454759 0.00195642 -0.00141046 -0.00268594 0.0174639 -0.000180332 6.3079e-06 0.000117586 -0.000352012 -0.00652413 0.00014228 2.75607e-07 0.00185008 -0.00373242 -0.000111177 0.00011207 0.000800512 -6.386e-05 -3.5533e-05 -0.000169823 0.000505601 0.000170717 6.90575e-06 9.03522e-05 0.010202 -0.00231368 0.000604839 0.00420093 0.000192298 0.000505401 0.00571282 -0.000597203 -0.0310231 0.00188466 -0.0122011 -0.00320733 -0.000156419 -0.00117596 0.000178174 6.39098e-06 -0.00273266 -0.000115553 -8.10592e-05 0.000920905 -0.000175386 -0.00630905 -0.000606894 -0.0231101 -0.000792996 0.000176566 6.52965e-05 0.0024126 0.0119675 0.000291523 3.08212e-05 -0.00138889 -0.00294447 0.000108794 -0.000192558 0.00016827 0.00142085 0.000875246 0.0137017 
-0.0362938 -0.0331568 0.000136737 0.000635307 -0.0335995 0.127021 -0.0178523 0.240684 0.167411 0.0414615 0.0444231 0.000474492 0.0784645 -0.0228702 0.0200209 -0.00302129 0.00289098 0.0326171 0.00546303 -0.0478817 0.00103126 0.0521188 -0.139256 -0.0134603 -0.00139401 0.109771 0.0974189 -0.00305294 -0.00572085 -0.00494361 -0.00120408 -0.00419956 -0.140483 -0.00278081 -0.000264171 0.0526499 -0.00359024 -0.00570038 -0.0117077 0.00407955 0.00816365 -0.0489614 0.000541173 7.54855e-05 5.34592e-05 0.00220839 -0.102468 -0.000443174 -0.000109672 -0.050209 0.0163728 -0.00929999 -0.00292369 -0.00990483 -0.000602985 -0.000718791 -0.0011302 -0.000839393 -0.000249403 0.000733683 -0.00332433 -0.00996757 -0.00304796 -0.000497405 -0.00350878 -0.00408565 -0.00236617 -0.0860935 -0.0109627 0.0780302 -0.0074978 -0.124414 -0.00688945 1.32134e-06 -0.0152998 -0.0022166 -5.70248e-05 0.0228578 -0.000309753 0.000194667 -0.00774614 0.00108925 -0.087562 -0.00220179 0.00119604 -0.0165842 -0.00128745 -0.000529513 -0.0442978 0.000877683 0.00510117 -0.000951211 0.00675167 -0.0206174 -0.000455163 -0.000760046 0.0184578 -0.00610449 -0.00427973 -0.00727074 
-0.0340073 -0.0324436 0.000353447 0.00195921 -0.034197 0.114426 -0.0260893 0.167411 0.242034 0.0457788 0.0386462 -0.000360294 0.0825854 -0.0249596 0.042792 -0.00311491 0.00259195 0.01281 0.00501042 -0.0330323 -7.84079e-05 0.0540268 -0.123426 -0.0168006 -0.0011072 0.0966771 0.0823038 -0.0022703 -0.00398145 -0.00282693 -0.00140832 -0.00550382 -0.118604 -0.00233379 -0.00138003 0.0364188 -0.00307366 -0.00539106 -0.0135794 0.0022526 0.0116129 -0.0401673 0.000293208 3.92865e-05 -0.000106752 0.00175529 -0.0877326 -0.000515602 -0.000124717 -0.0485499 0.0166093 -0.00881567 -0.00287478 -0.0103164 -0.000761114 -0.000582609 -0.000947021 -0.0010192 -0.00047775 0.000855691 -0.00312631 -0.0121417 -0.00537694 -0.000637958 -0.00485944 -0.00240782 -0.00300969 -0.0800493 -0.0101336 0.071648 -0.0120653 -0.0992748 -0.0152446 -0.000612697 -0.0150549 -0.00322523 -5.58759e-05 0.0187813 -0.000346641 -0.0013802 -0.0084904 0.00107268 -0.0848887 -0.00374664 -0.00118515 -0.0133574 -0.00161186 -0.000558954 -0.0429396 -0.0040099 0.0038435 -0.000983501 0.00725803 -0.0160264 -0.000418453 -0.000881371 0.0143784 -0.00649165 -0.00398069 -0.0246912 
-0.00623575 0.00279807 0.000678457 -0.00367186 -0.00780219 0.0441464 -0.00623488 0.0414615 0.0457788 0.103391 0.00385961 -0.000941454 0.0308627 -0.0212681 0.00932847 -0.00090552 0.000186908 0.00870222 0.00758922 -0.0135813 0.00190593 0.019274 -0.0398167 -0.00942486 -0.00275471 0.0144018 0.0172803 -0.0020051 -0.00345209 0.00662297 -0.00192704 -0.00955936 -0.0401892 -0.00421911 -0.000723226 0.00880735 -0.00172159 -0.00287389 -0.00685725 0.000892524 0.0046446 -0.00627294 -0.000285028 -7.86651e-05 -0.000222741 0.000168619 -0.0175213 -0.000672347 -0.000171536 -0.00598841 -0.00229414 -0.00674273 -0.00316388 -0.0103943 -0.000294285 -0.00100125 -0.000731213 -0.000768495 -0.000665117 0.000181643 -0.00321452 -0.00741816 -0.0153119 0.0002706 -8.36849e-05 -0.00126866 -0.00213577 -0.028611 -0.0195244 0.0288092 -0.0101865 -0.0188633 -0.0227894 -0.00149251 -0.00743489 -0.00414377 -7.3799e-05 -0.00345283 -0.00118254 -0.00412636 -0.0105404 0.000398326 -0.0105907 -0.00155579 0.03217 0.00190687 -0.000529154 -0.000749813 -0.0093197 0.000172473 -0.00888717 -0.000805738 0.000170992 -0.00549947 -0.000613906 -0.000148644 -0.0106011 -0.00413139 -0.00187009 0.0237295 
-0.0139337 -0.0239364 -0.00189317 -0.00293177 -0.0132755 0.054073 0.00234552 0.0444231 0.0386462 0.00385961 0.170425 0.000847063 0.0262786 -0.00405727 -0.026445 4.39231e-05 0.00154696 -0.0186839 -0.00177646 0.0125092 -0.0041615 0.0391094 -0.0573548 -0.00331769 0.00117905 0.0450696 0.056761 0.000482249 -0.00263859 -0.00306823 -0.000376606 -0.00213375 -0.0260064 -4.74634e-05 -0.000425002 0.0182188 -0.00085566 -0.000954799 -0.00440667 -0.0034783 -0.00408142 -0.00170157 -9.03827e-05 6.92278e-05 5.06167e-05 0.00231725 -0.0474584 -0.000163804 -1.6961e-05 -0.022872 0.0227608 -0.00318923 -0.000311041 0.00490371 -0.000253394 -0.000291711 -0.00038074 -0.0004565 0.000654465 0.000213778 -0.0017156 8.18688e-05 -0.00439872 -0.000292314 0.00024102 -0.0013993 -0.00180438 -0.0290496 0.000962657 -0.00970499 -0.00604668 -0.061871 0.00361339 0.00125283 -0.0033801 0.000418487 -1.33512e-05 0.0130634 -6.26787e-05 0.00198791 -0.00350933 9.80382e-05 -0.0483215 -0.00205772 -0.0572945 -0.00744531 -0.000668033 0.000270058 -0.0156663 0.00125214 0.0190464 -0.000272515 0.000399595 -0.0114239 -4.63941e-05 -1.80851e-05 0.00531349 -0.00221895 -0.00171228 -0.0269703 
-0.000428094 -0.000575743 6.85703e-05 -8.87643e-06 0.000374648 -5.81602e-05 -0.000280909 0.000474492 -0.000360294 -0.000941454 0.000847063 0.00722663 -4.20993e-05 6.07185e-05 -0.000465252 1.32803e-05 5.68386e-05 -0.00103538 -0.000511573 -0.00206599 -9.53841e-05 -0.00223427 -0.000742245 -6.21932e-05 0.00105035 0.00242656 -0.00028398 0.000210985 0.000157182 -0.000415067 -1.30953e-05 1.2405e-05 -0.00151054 -5.7763e-05 4.18402e-06 5.73019e-05 4.05464e-05 5.42697e-06 0.000535561 0.000137044 -5.69569e-05 -0.000130609 9.3654e-06 1.97357e-07 2.02665e-05 0.000221552 -0.00107019 -4.92544e-07 1.2817e-05 -0.000502212 -0.000214997 3.49422e-05 2.80277e-05 0.000163001 -3.40762e-07 3.83398e-05 2.35458e-05 4.95301e-06 1.23852e-05 6.18726e-05 0.000102369 9.58039e-05 0.000548215 5.00142e-07 1.74972e-05 0.000331983 0.000419315 -0.000418018 0.000833091 -0.000560196 -0.000207924 -0.0011449 0.00148556 4.72467e-05 0.000300726 9.28402e-05 1.11882e-05 -0.000161935 6.67032e-05 0.000100182 -3.79031e-05 5.96906e-05 -0.000306569 0.0001042 -0.000921504 -0.00013895 1.33632e-05 2.16925e-05 -0.000415721 -7.34421e-05 0.000545461 2.5648e-05 0.000193337 -0.0001504 6.21048e-07 -1.54696e-05 0.000647821 -2.66261e-05 7.6615e-06 -0.00172006 
-0.0538597 0.0120172 0.00149929 6.92423e-05 -0.0087087 0.0701399 -0.00571442 0.0784645 0.0825854 0.0308627 0.0262786 -4.20993e-05 0.166831 -0.0210784 0.0255247 -0.00155655 0.000748358 0.0224661 0.00847286 -0.031067 0.00396363 -0.00178913 -0.0769402 -0.0103006 0.00168473 0.0395892 0.058288 0.000285414 0.000122759 0.00264592 -0.00201916 -0.00429959 -0.0742559 -0.00117567 -0.000290251 0.0116522 -0.000397499 -0.00290752 -0.00297338 0.00315883 0.00405708 -0.0173991 0.000433158 -8.4807e-05 -0.000215078 0.00111424 -0.0436035 -0.000394565 -0.000148114 -0.0679156 0.00208051 -0.00645197 -0.00344351 -0.0052404 -0.000153083 -0.00070416 2.42825e-05 -0.000152356 -0.000434223 3.53376e-05 -0.00010513 -0.0025364 -0.00579627 0.00040797 -0.00312481 0.00124091 -0.0013672 -0.0404699 -0.00727653 -0.000852625 -0.00691978 -0.0539769 0.00179125 -0.000784839 -0.00544767 -0.00481498 -5.01291e-05 -0.000701069 -0.00122776 -0.00277917 -0.00314628 0.000665003 -0.0428352 -0.00284362 0.0147412 0.00173742 -0.00053531 -0.000630881 -0.0474175 0.00291303 0.0017228 -0.00101983 0.00294211 0.000896214 -0.00036323 -0.00204044 0.00802805 -0.00505038 -0.000953548 -0.00139795 
0.00185455 -0.00190976 -0.000365079 -0.000300341 -0.000236341 -0.0227069 -0.00100509 -0.0228702 -0.0249596 -0.0212681 -0.00405727 6.07185e-05 -0.0210784 0.0433214 0.00061756 0.000152512 -0.00036386 -0.00554059 -0.00323987 0.00227631 -0.00153765 -0.0110845 0.0212787 0.0024688 0.000709469 -0.0121968 -0.0130548 0.00131717 -0.000188685 -0.0019693 0.000805621 0.00581344 0.018738 0.00143776 -0.000136154 -0.00396099 0.000473721 0.000602927 0.00583312 0.000225435 -0.00254165 -0.00264603 -0.000163183 -3.7201e-06 9.02581e-06 -0.000170178 0.0109037 0.000258527 5.69715e-05 0.00979782 -0.000898553 0.00353264 0.00166922 0.000844697 0.000204505 0.000564358 0.000322596 -2.01429e-05 0.000282148 -8.85711e-05 0.000407008 0.00259464 0.0048223 -0.000122559 -0.000643094 0.00137542 -4.16831e-05 0.00403489 0.0100778 -0.00253212 0.00395336 0.00569576 0.00750264 0.000545047 0.00718993 0.00191158 2.29104e-05 -0.002123 5.77142e-05 0.000857954 0.00103362 -0.000144138 0.0100208 0.000849877 -0.00872118 -0.00143128 0.000331385 0.000373375 0.0104594 -0.000605017 0.00146003 0.00043026 -0.000906021 -0.00108361 0.00016808 -3.0023e-05 -0.00231006 0.00128365 0.000558234 -0.0131951 
-0.00996102 0.017212 0.00170561 -0.0011152 -0.0220745 -0.0110251 -0.0287039 0.0200209 0.042792 0.00932847 -0.026445 -0.000465252 0.0255247 0.00061756 0.224379 -0.00266173 -0.000330474 -0.00629542 0.00374954 -0.0253613 0.00154421 -0.010657 -0.0131369 -0.0131655 0.00185251 -0.0313648 -0.00697229 -0.000648615 -0.00394281 -0.0020504 -0.00123282 -0.00177864 0.0163101 0.00135462 -0.00272814 -0.0302316 0.000402139 -0.00544736 -0.000655917 -0.00252043 0.00081792 -0.0393607 -0.000323919 -0.000143551 -0.000231789 -0.000339924 0.0101373 -0.000289276 -8.21561e-05 -0.00103309 -0.0143974 -0.00585783 -0.00255255 -0.000804211 -0.000846101 0.000264898 -0.000792203 6.94862e-05 -0.000861512 -0.0016698 -0.00171996 -0.0109314 -0.0039473 -0.00123267 -0.00781198 -0.001296 -0.000197917 -0.00998695 -0.00186175 0.0386701 0.00227271 0.0146774 0.00573298 -0.00122265 0.00661383 -0.00261105 -5.4296e-05 -0.0216981 -0.000489503 -0.00341473 -0.00243775 2.94158e-05 0.0205993 -0.0076755 0.0379322 -0.0105096 -0.00105887 -0.000717442 -0.00110573 -0.0163266 -0.00161083 -9.75586e-05 0.0046084 -0.00527179 -0.000438227 -0.00178638 0.00808714 -0.00492263 -0.00130967 -0.0630038 
0.000270747 -0.000741471 4.81563e-05 3.12252e-05 0.000376346 -0.00242602 0.000241091 -0.00302129 -0.00311491 -0.00090552 4.39231e-05 1.32803e-05 -0.00155655 0.000152512 -0.00266173 0.00711383 1.23644e-05 -0.000495721 -0.000154547 0.00103685 -0.000584058 -0.000693724 0.00261471 1.47429e-05 3.39944e-05 -0.00142052 -0.00135662 -2.68185e-05 0.000128191 0.000512296 4.23385e-05 -2.82851e-05 0.00142321 -2.70903e-05 0.000187425 -0.000323322 -1.6688e-06 0.000147678 0.00042199 0.000258941 -6.04506e-05 0.000622235 -2.45052e-05 1.89113e-06 -4.3232e-07 2.90813e-05 0.0023345 -3.75344e-06 2.85233e-07 0.000378236 -7.45033e-05 0.000581075 9.69294e-05 -7.34882e-05 3.96601e-05 -4.03714e-06 -5.55693e-06 -1.82669e-05 -4.08492e-06 -4.3349e-06 8.74179e-05 0.000109521 -0.000252462 -1.91096e-07 6.97521e-05 -3.12666e-05 8.44071e-05 0.000312841 9.81956e-05 -0.00170511 -0.000158618 -0.000422844 -0.000208935 6.1139e-07 0.000282288 -4.06423e-06 3.88543e-07 -0.00022844 1.48353e-05 3.99056e-06 0.000206671 -2.54564e-05 -0.000145199 0.000409683 0.000213291 0.000347661 1.83382e-05 -1.43322e-06 0.000325137 -0.000109907 -5.3473e-05 -6.47399e-06 -0.000152497 0.000922603 2.84658e-05 0.000423812 -0.000294751 0.000188256 -4.983e-05 0.000306324 
-0.00116743 -0.00227663 3.43126e-05 -0.000163486 -0.000194569 0.00292925 -0.000613766 0.00289098 0.00259195 0.000186908 0.00154696 5.68386e-05 0.000748358 -0.00036386 -0.000330474 1.23644e-05 0.0111649 -0.00100525 -0.0004106 -0.00279577 -0.000226303 0.000736675 -0.00295651 -0.000336408 0.000103518 0.00415647 0.00197223 -4.80906e-05 -7.66482e-05 2.54715e-05 0.000120771 -0.000192692 -0.00405831 -0.000118628 0.000170318 0.000899338 -3.28032e-05 -7.89352e-05 -5.15382e-05 0.000139104 0.000672861 -0.00192665 8.52593e-05 2.72517e-07 5.38816e-06 -1.04086e-05 -0.00249673 -1.70204e-06 1.75438e-06 -0.00124075 0.000568124 -0.000174839 -4.88592e-05 -5.73932e-05 -5.61623e-06 -6.74211e-06 -1.53287e-06 -3.79617e-05 1.43868e-05 -3.21984e-05 -5.57934e-05 -0.000291811 -0.000591931 0.000163909 -5.01528e-05 -5.09426e-05 -0.000106158 -0.00142885 -0.00010017 0.00237794 -0.000340088 -0.000369172 -0.000404569 0.000101977 -0.000288863 -6.77147e-06 -1.94577e-06 0.00150889 1.54027e-05 0.000185752 -6.06762e-05 -1.62124e-05 -0.00189924 -4.78283e-05 -0.00134054 -0.000419127 -1.56848e-05 7.39009e-06 -0.000766806 -0.000223473 0.000436405 1.01343e-05 -6.22198e-05 -0.000544271 -1.06792e-05 -2.30754e-05 -0.000603199 -0.000133899 -9.02474e-05 -0.0027581 
-0.0120648 -0.0342227 0.00101455 -0.00236122 -0.00228294 0.0303247 0.000233382 0.0326171 0.01281 0.00870222 -0.0186839 -0.00103538 0.0224661 -0.00554059 -0.00629542 -0.000495721 -0.00100525 0.157591 0.00185931 -0.03484 0.000105917 -0.0182596 -0.0297419 -0.00180439 -0.000970244 0.0178793 0.00994765 -0.00125489 0.000408754 -0.000906793 -0.000593662 -0.00185469 -0.0415129 0.000422917 0.00188176 0.0247467 -0.000805164 -0.00195178 0.000858045 0.00537523 0.000573131 -0.0246352 -0.000362882 4.10933e-05 -8.17367e-05 0.00138493 -0.032478 -0.000100391 -2.49823e-05 -0.00964195 -0.00977284 -0.00189341 -0.000295501 -0.00480899 -0.000252147 -0.00027498 -0.000580239 0.000174143 -0.000139608 -0.000406545 -0.000851336 0.00130576 -0.00809406 -0.000104776 0.00343011 -0.00227611 -0.000238572 -0.00301943 -0.00275193 0.0128497 -0.00267923 -0.0285961 -0.0114568 0.000300213 -0.00262986 -0.00175943 3.72448e-05 0.00306853 -9.14774e-05 -0.000775014 0.00237133 -0.000221846 -0.00807845 -0.00220788 0.0187449 0.00047769 0.00136123 -0.000167598 -0.00947103 -0.0030222 0.00135849 -0.000286722 0.00139509 0.000581636 -0.000193635 -0.000375523 0.00427034 0.00110895 -0.000423322 0.00992647 
-0.00132232 0.00528769 -0.000169303 -0.000622446 -0.00219449 0.00566992 8.25312e-06 0.00546303 0.00501042 0.00758922 -0.00177646 -0.000511573 0.00847286 -0.00323987 0.00374954 -0.000154547 -0.0004106 0.00185931 0.0146719 -0.000171655 0.00189088 0.00308617 -0.00177827 -0.00312654 -0.00094031 -0.000347416 0.00459399 -0.000543891 7.0125e-05 0.000154384 -0.000358717 -0.00111656 -0.000949465 -0.000455153 -3.27235e-05 0.00153354 -0.000252818 -0.00189288 -0.000687388 0.000325868 -0.00120838 -0.00386233 1.48184e-05 -6.87104e-05 -0.000204904 -0.000424633 -0.00147186 -0.000109734 -0.00012914 -0.0022553 -0.00284772 -0.00118505 -0.00102266 -0.00334147 -3.16684e-05 -0.000283105 -0.0001249 -9.94726e-05 -0.000465524 -0.000140505 -0.000495678 -0.00224795 -0.00213621 -0.000101875 -0.000902904 -0.00016569 -7.43713e-05 -0.000454203 -0.00514133 0.00468809 -0.000929519 0.000369503 -0.00380975 -0.000801096 -0.00108317 -0.00180448 -6.47741e-05 -0.00301653 -0.00077076 -0.00267915 -0.000449742 4.7394e-05 0.000450615 -0.000611335 0.00538505 -0.00125797 -0.00010538 -0.000518612 -0.00300673 -0.000742404 -0.00447787 -0.00020143 -0.000330937 -0.000458388 -0.000458591 -0.000266286 0.000963122 -0.000615458 -0.000283494 0.00144086 
0.00418271 0.0523345 -0.00262623 0.00425252 -0.0213973 -0.0524826 0.0102553 -0.0478817 -0.0330323 -0.0135813 0.0125092 -0.00206599 -0.031067 0.00227631 -0.0253613 0.00103685 -0.00279577 -0.03484 -0.000171655 0.243473 -0.00186824 0.060825 0.0169741 0.00945184 -0.0038859 -0.0587493 0.0252969 0.000929643 -0.00360772 0.00169355 0.00112577 0.0028995 0.0993937 -0.000916368 0.000416223 -0.0270467 -0.000183027 -0.00169144 -0.0062736 -0.00824015 -0.0146486 0.0498757 -0.000138038 4.11787e-05 1.16807e-05 -0.00324301 0.0236601 -0.000114904 -4.56053e-05 0.0170521 0.0116054 0.00688736 0.00200185 0.00854572 -0.000364409 -0.000221183 4.97326e-05 -0.000861351 -0.000161233 0.000608931 -0.00109926 -4.73604e-05 -0.0223127 -0.000453417 -0.00219889 -0.00664827 -0.00253675 0.00157153 0.00166197 -0.0996542 0.0161208 -0.0224421 0.00482046 -0.000547139 0.000667543 0.00102585 -4.73745e-05 -0.00712217 -0.0002274 0.00128843 -0.00189153 -0.00100235 -0.0403718 -0.00166131 -0.0229209 -0.00448318 -0.000489513 -0.000180056 -0.00886956 -0.00336294 -0.00922638 0.000258732 -0.00360251 0.00211105 0.000110871 0.00026149 -0.00615508 0.00467405 -0.00128814 -0.0338327 
-0.00289748 0.00174833 -9.49859e-05 -0.000596882 -2.76995e-05 0.00166123 -0.000800784 0.00103126 -7.84079e-05 0.00190593 -0.0041615 -9.53841e-05 0.00396363 -0.00153765 0.00154421 -0.000584058 -0.000226303 0.000105917 0.00189088 -0.00186824 0.0206486 -0.00133007 0.00165213 -0.00175549 -0.000132852 0.00222022 -0.00113283 -0.000159107 -0.000211356 -0.00290661 -0.000605303 -0.000306029 -0.000994805 -0.000573219 -0.000108294 -0.00027194 -5.60901e-05 -0.00139768 0.00026745 -0.000231004 -0.00160649 -0.00339426 9.67371e-05 -6.19088e-05 -0.000134005 -0.000795709 -0.000863462 -3.27214e-05 -4.77999e-05 -0.00298209 -0.00109651 -0.000519963 -0.000893124 -0.000659029 -0.0001077 -5.93612e-05 -3.40081e-06 -6.29687e-05 -0.0003755 3.17773e-05 -3.29333e-05 -0.000754313 -9.00676e-05 -8.42828e-05 -0.00023772 -2.32569e-05 -0.000170332 0.00186366 -0.000660696 -0.000402664 -3.77355e-05 0.00470781 0.000897698 -0.000188297 -0.000990823 -0.000521703 -5.37039e-05 -0.00109379 -0.000436985 -0.000958273 -5.75711e-05 -0.000145129 0.00415329 2.99639e-05 0.00224653 0.000754875 -0.000101322 -0.000437527 -0.00156325 -0.00114257 -0.00178973 -3.44145e-05 2.49991e-05 -0.000294307 -0.00036073 -0.000707127 -0.00125048 -0.000801207 -7.45104e-05 0.000888458 
0.00665969 0.00425219 -0.00278958 -0.000827026 -0.0339191 0.0439472 0.000561443 0.0521188 0.0540268 0.019274 0.0391094 -0.00223427 -0.00178913 -0.0110845 -0.010657 -0.000693724 0.000736675 -0.0182596 0.00308617 0.060825 -0.00133007 0.201226 -0.042015 -0.00862845 -0.00666547 0.0341503 0.0370477 -0.00256292 -0.0075893 -0.0044807 0.000125647 -0.00304431 0.000672846 -0.00101171 -0.000217821 0.0114814 -0.00273793 -0.00260229 -0.015303 -0.00649386 -0.016931 -0.0106741 -0.0011061 6.10135e-05 -6.61534e-05 -0.00136064 -0.0480219 -0.000371657 -0.000161151 -1.00207e-05 0.0177625 -0.00365874 -7.3914e-05 0.00325655 -0.000470154 -0.00118833 -0.00121766 -0.00111948 -0.0002563 -0.000128771 -0.00440186 -0.00890121 -0.0239659 -0.00110621 -0.00220554 -0.00309637 -0.00556889 -0.0428295 -0.00995362 0.0186791 0.00382033 -0.0540085 -0.00531645 -0.000785273 -0.0115895 -0.000978756 -0.000105625 0.0191727 -0.000650666 -0.000263595 -0.00875225 -0.000502463 -0.0577692 -0.00355598 -0.0232644 -0.0132193 -0.00126482 -0.00043408 -0.0188649 -0.00378745 -0.00555844 -0.00105169 -0.00293845 -0.0199356 -0.000447809 0.000504053 -0.00321701 -0.0022594 -0.0034782 -0.0127759 
0.0406141 0.0248763 -0.000560027 -0.00273984 0.0225515 -0.134829 0.00983768 -0.139256 -0.123426 -0.0398167 -0.0573548 -0.000742245 -0.0769402 0.0212787 -0.0131369 0.00261471 -0.00295651 -0.0297419 -0.00177827 0.0169741 0.00165213 -0.042015 0.238766 0.00772395 -0.001636 -0.0938148 -0.0875581 0.00212048 0.00386347 -0.00852813 0.00107547 0.00529033 0.120475 0.00238529 -0.000469564 -0.0390725 0.00258717 0.00255151 0.0109337 -0.00127082 -0.0145303 0.0168943 -0.00101548 -8.07873e-05 -0.000182479 -0.00302197 0.0789364 0.000270102 3.66236e-05 0.0424408 -0.0177709 0.00844731 0.00152448 0.0007818 -3.48298e-05 0.000476052 0.000586408 0.000441037 -0.000151665 -0.00141291 0.00159317 0.00335498 0.0124222 -0.000310949 0.00299082 0.00537858 0.00207947 0.0636893 0.00889902 -0.0405465 0.00474764 0.0978622 0.0118289 -0.00109887 0.0124854 0.00235951 3.07208e-05 -0.0259179 -0.000507124 -0.00125427 0.0072961 -0.00142181 0.0678606 0.00119412 -0.000691725 0.00463035 0.000240727 4.32974e-05 0.0386496 -0.00436142 -0.0120385 0.000617544 -0.00807294 0.00188661 0.000108178 0.000755681 -0.0182764 0.00415658 0.00227598 0.00189924 
0.000732996 0.006347 -0.000156624 0.00100062 0.0034108 -0.0101665 0.00724313 -0.0134603 -0.0168006 -0.00942486 -0.00331769 -6.21932e-05 -0.0103006 0.0024688 -0.0131655 1.47429e-05 -0.000336408 -0.00180439 -0.00312654 0.00945184 -0.00175549 -0.00862845 0.00772395 0.0337771 -0.000210699 -0.0115458 -0.00674733 0.000762129 0.000991989 0.00144193 0.000320098 0.00145101 0.0100645 0.000188318 5.12019e-05 -0.0041767 5.34262e-05 0.00312407 0.00107353 -0.000379277 -0.000598782 0.015479 -0.000109677 -8.63542e-06 6.3674e-05 -0.000131268 0.00683292 2.28711e-05 2.29256e-05 0.00418095 0.0019998 0.00435582 0.00181533 0.000624539 0.000181422 5.09294e-05 -8.20941e-06 -2.88482e-05 1.15782e-05 0.000228432 0.00108889 0.00565778 0.00163096 0.000167936 0.000803163 -0.000586852 -0.000150089 0.000555209 0.00241746 -0.0174354 0.0034434 -0.00236863 -0.00133572 -6.98059e-05 7.59755e-05 0.000514994 1.87471e-05 -0.00126108 0.000395797 0.000770053 0.000673364 -1.37268e-05 -0.00144743 0.000894866 -0.0128943 0.0011001 1.31246e-05 0.000554137 0.000550503 0.00290911 -0.000879952 0.000136296 -0.000682602 0.00151696 0.000417517 6.38243e-05 -0.00135424 0.00271158 0.00100141 -0.00071531 
-0.00143843 1.1725e-06 0.000265525 4.67711e-05 -0.000846448 -0.00162576 -0.000815052 -0.00139401 -0.0011072 -0.00275471 0.00117905 0.00105035 0.00168473 0.000709469 0.00185251 3.39944e-05 0.000103518 -0.000970244 -0.00094031 -0.0038859 -0.000132852 -0.00666547 -0.001636 -0.000210699 0.0142555 0.00297749 -0.00248986 0.000999661 0.000262297 -8.68899e-05 0.000106744 0.000661412 -0.00359121 4.37573e-05 -6.39436e-05 -0.000585462 0.000191241 -0.000101708 0.0007274 0.00109385 -0.00011634 0.000164016 0.000121609 7.37027e-06 8.31363e-05 0.000797668 -0.00102769 -1.75791e-06 2.79511e-05 -0.00154862 0.00125813 -0.000193712 -3.8131e-05 0.00045173 7.30395e-05 1.6695e-05 0.000117032 0.000163274 0.000307317 9.26669e-05 0.000300853 0.000104039 0.000890054 -2.65062e-05 -0.000214599 0.00113299 0.000531026 -0.00163402 0.00197799 -0.00195235 -0.000237729 -0.00255599 0.00514734 0.000261589 0.00114341 0.000427637 1.89887e-05 -0.000182089 6.1644e-05 0.000837625 -8.07226e-05 4.39358e-05 -0.00242504 6.89593e-05 -0.000711868 7.46287e-05 -3.42092e-05 0.000167263 -0.000793195 -0.000404102 0.00306208 2.66967e-05 0.000222594 0.00141239 5.34002e-06 -1.03192e-05 0.000200919 -0.000118821 -8.41876e-06 -0.00438967 
-0.0352313 -0.0735064 -0.000340778 0.00227389 -0.012799 0.0875993 -0.0160439 0.109771 0.0966771 0.0144018 0.0450696 0.00242656 0.0395892 -0.0121968 -0.0313648 -0.00142052 0.00415647 0.0178793 -0.000347416 -0.0587493 0.00222022 0.0341503 -0.0938148 -0.0115458 0.00297749 0.239966 0.0557421 -0.00223033 -0.00156419 -0.0169071 -0.000729995 -0.00265971 -0.120042 -0.0029489 0.00126519 0.0611968 -0.00218177 -0.00379479 -0.00869556 0.00757816 0.0032987 -0.0265467 0.00039703 7.50113e-05 0.000164602 0.00301557 -0.0868995 -0.000279868 4.42266e-05 -0.0318014 0.0136863 -0.00610192 -0.00174707 -0.00315035 -0.000211591 -0.000308296 0.000120857 -0.00088369 0.000543665 0.00115674 -0.00173754 -0.00774214 0.00507451 -0.000705588 -0.00225166 -0.000652531 -0.00154228 -0.0568076 -0.00265613 0.0687402 -0.0111427 -0.0666611 0.0142812 0.00090305 -0.00897688 -0.00157253 -2.60161e-05 0.0301235 0.000387889 0.00276456 -0.00457768 0.000563411 -0.0591655 -0.00157051 -0.0138134 -0.00790637 -0.00104888 3.49385e-05 -0.0264322 -0.003805 0.0173641 -0.000637191 0.00303837 -0.00971923 -0.000341708 -0.000580025 0.00352553 -0.00462298 -0.00250902 -0.0279943 
-0.0336633 0.0189064 -0.00166341 0.00532549 -0.0209458 0.0594958 0.00560042 0.0974189 0.0823038 0.0172803 0.056761 -0.00028398 0.058288 -0.0130548 -0.00697229 -0.00135662 0.00197223 0.00994765 0.00459399 0.0252969 -0.00113283 0.0370477 -0.0875581 -0.00674733 -0.00248986 0.0557421 0.249329 -0.00128006 -0.00385151 -0.00161852 -0.00127594 -0.000584647 -0.0558465 -0.00277378 -0.000285735 0.0227498 -0.00254167 -0.00333627 -0.00820354 -0.00104743 0.003578 -0.00256602 -0.0013987 -2.09808e-05 -0.00017949 -0.000342419 -0.0740201 -0.000396503 -0.000148346 -0.044541 0.00285068 -0.00661463 -0.00241169 -0.0062188 -0.000570249 -0.000553293 6.5559e-05 -0.000830548 -0.000302273 0.00132604 -0.00263088 -0.00749529 0.00271774 0.00133632 -0.00531554 -0.004785 -0.000815177 -0.0552253 -0.00925366 0.00901885 -0.000689439 -0.107809 -0.0203638 -0.00122112 -0.00653161 -0.0034245 -6.83469e-05 0.00554955 -0.00104027 -0.00203279 -0.00646662 0.000120721 -0.0917412 -0.00213207 -0.0354071 -0.0118742 -0.00165509 -0.000614546 -0.0324161 0.00661919 0.00325509 -0.00029652 -0.0010148 -0.00743456 -0.000240372 -0.00138327 0.0205579 -0.00278739 -0.00376857 -0.0374924 
-0.000489098 0.000543345 7.0727e-05 -7.4194e-05 -6.10761e-06 -0.00242966 0.000448591 -0.00305294 -0.0022703 -0.0020051 0.000482249 0.000210985 0.000285414 0.00131717 -0.000648615 -2.68185e-05 -4.80906e-05 -0.00125489 -0.000543891 0.000929643 -0.000159107 -0.00256292 0.00212048 0.000762129 0.000999661 -0.00223033 -0.00128006 0.00774056 0.000148941 -0.000170801 -1.24542e-05 4.66709e-05 0.0010801 -1.98604e-05 1.6644e-05 -0.000865131 0.000303456 0.000101322 0.00108377 8.5023e-05 -0.000419679 0.00175369 0.000316267 -7.64062e-07 1.86264e-05 2.39615e-06 0.00120171 3.93574e-05 2.75254e-06 -0.000746154 0.000292342 0.000182189 6.69394e-05 0.000644942 2.4414e-05 4.63465e-06 0.000205628 2.73247e-05 2.2909e-05 -5.1033e-06 0.000205382 0.000352829 0.00114059 3.70228e-06 -0.000107306 0.000541129 0.000170285 -0.000968698 0.0013723 -0.00317652 0.000503242 -0.000702798 0.00136182 0.000144023 0.00161701 0.000122519 2.52834e-06 -0.000295402 -1.10826e-05 0.000127028 4.33228e-05 -5.34492e-06 -0.00111046 3.66809e-05 -0.00184525 -2.98366e-05 -7.59784e-06 1.60333e-05 -0.00038222 -0.000120339 0.000285804 7.51509e-05 -0.000153202 -2.86453e-05 3.86904e-05 1.54271e-05 -0.000552324 0.000314079 -1.93977e-05 -0.0012341 
-0.000864321 -0.000121615 -2.85277e-05 -7.28839e-05 0.00492558 -0.00471401 2.83129e-05 -0.00572085 -0.00398145 -0.00345209 -0.00263859 0.000157182 0.000122759 -0.000188685 -0.00394281 0.000128191 -7.66482e-05 0.000408754 7.0125e-05 -0.00360772 -0.000211356 -0.0075893 0.00386347 0.000991989 0.000262297 -0.00156419 -0.00385151 0.000148941 0.0181712 0.0001287 -1.29615e-05 0.000237456 0.000588342 6.01055e-05 -4.02068e-05 -0.00108269 0.000227211 -9.93032e-05 0.00108727 0.000919308 2.51906e-05 -0.000555701 3.8215e-06 -6.49955e-06 2.65997e-05 -4.88988e-05 0.00214978 1.54259e-05 4.31752e-06 0.000209444 -0.000241492 0.000235353 3.6996e-05 -0.00030889 0.000443235 7.4996e-06 0.000325547 -3.73684e-05 5.93032e-05 -4.68534e-06 0.000871068 -7.46917e-06 0.00133685 7.61495e-05 -0.000108346 0.0010657 0.000875461 0.00464193 -0.000302475 -0.00375839 -6.53201e-05 0.00421803 -0.00151489 5.05664e-05 -0.000108885 -0.000125135 1.74528e-05 -0.00101183 1.84632e-05 -0.000100087 0.00222809 -1.24058e-05 0.0037687 0.000365863 -0.00623291 0.00292378 0.000395902 -5.41396e-06 0.00104414 0.000678832 -0.00047448 1.55134e-05 -0.000369367 0.00144263 -1.74309e-05 -1.09566e-05 0.000286491 -5.69114e-05 0.000564854 -0.00360824 
-0.00480917 0.0134507 -0.000505113 -6.31128e-05 -0.00214722 -0.000288608 -0.00213711 -0.00494361 -0.00282693 0.00662297 -0.00306823 -0.000415067 0.00264592 -0.0019693 -0.0020504 0.000512296 2.54715e-05 -0.000906793 0.000154384 0.00169355 -0.00290661 -0.0044807 -0.00852813 0.00144193 -8.68899e-05 -0.0169071 -0.00161852 -0.000170801 0.0001287 0.0684798 3.76536e-05 -0.000928771 -0.011501 -0.000191851 -0.000220162 -0.00888839 -0.000264491 -0.000446336 0.00159058 -0.00111783 -0.000305028 0.00440658 -4.20195e-05 -7.8405e-06 0.000145112 -9.81302e-05 0.00522796 -5.27145e-05 -1.9581e-05 -0.00696241 0.0082682 8.70069e-05 0.000236601 -0.00149696 0.000234618 -3.75977e-05 0.00012476 -4.60811e-05 8.76994e-05 -0.000153588 0.000162197 -0.00109664 -0.00297989 0.000487487 0.000623935 -0.000723567 -0.000688411 -0.000900266 -0.00143546 -0.00972639 0.000840139 0.00305664 -0.0063496 -0.000184695 -0.00137141 -0.000487708 -3.91001e-06 -0.00238414 -8.4671e-05 -0.000226967 -0.00120554 -0.000261728 -0.00399764 0.00158994 0.0033811 0.000822854 0.000622144 4.2285e-06 -0.00480735 -4.73687e-05 -0.00282926 -7.4661e-05 -0.000246862 0.00534853 -0.000101834 0.000517598 -0.000706932 0.000139755 6.43434e-05 0.0032698 
0.000598092 0.000384397 -2.95308e-05 -8.49803e-05 -5.76551e-05 -0.00182634 -0.00023881 -0.00120408 -0.00140832 -0.00192704 -0.000376606 -1.30953e-05 -0.00201916 0.000805621 -0.00123282 4.23385e-05 0.000120771 -0.000593662 -0.000358717 0.00112577 -0.000605303 0.000125647 0.00107547 0.000320098 0.000106744 -0.000729995 -0.00127594 -1.24542e-05 -1.29615e-05 3.76536e-05 0.00513281 0.000604407 0.0012638 0.000253471 1.8513e-06 -0.000538502 0.000121975 4.50477e-06 7.16752e-05 3.099e-05 -0.000188842 -0.000367191 -5.49971e-06 4.55327e-06 5.66677e-05 0.000126209 -0.000179112 2.91072e-05 3.9213e-06 0.000301815 0.000715494 0.000514592 8.37773e-05 3.66414e-05 4.1098e-05 -1.65115e-06 -2.72712e-06 4.55932e-06 0.00015295 -1.5116e-05 -3.2387e-05 3.13497e-05 -9.77004e-05 -8.77223e-06 -7.5267e-05 -4.6327e-05 -5.65314e-05 0.000349463 0.000195817 0.000321033 0.000114981 0.000466282 0.000556566 5.50323e-06 8.75437e-06 0.000228566 8.0687e-06 -9.67567e-05 1.09115e-05 0.000336831 -8.13831e-06 2.45966e-05 0.000534471 -3.70073e-05 -5.24505e-05 1.34449e-05 1.48723e-05 0.000115332 -0.000101383 -0.000152017 0.00010404 4.82793e-06 -8.45563e-05 -0.00017708 6.40814e-05 0.000139421 -0.000301875 8.07975e-05 -1.89974e-05 -0.0013761 
-0.000830874 -0.000595689 -0.000166322 -0.000184621 -0.00102012 -0.0055289 0.000828826 -0.00419956 -0.00550382 -0.00955936 -0.00213375 1.2405e-05 -0.00429959 0.00581344 -0.00177864 -2.82851e-05 -0.000192692 -0.00185469 -0.00111656 0.0028995 -0.000306029 -0.00304431 0.00529033 0.00145101 0.000661412 -0.00265971 -0.000584647 4.66709e-05 0.000237456 -0.000928771 0.000604407 0.0206682 0.00601619 0.00163624 -0.000106266 0.000410121 0.00032642 -5.10696e-05 0.0012759 0.00192408 -0.000747413 -0.00241932 -4.35419e-05 -5.4796e-06 2.78969e-05 -8.15079e-05 -0.000811994 6.71856e-05 2.21019e-05 5.07693e-05 0.00225381 0.00157622 0.00039746 0.000141412 0.000188539 0.000369479 0.000214995 7.16807e-05 2.81425e-05 3.35859e-05 0.000153934 0.00296965 0.0025608 -3.80551e-05 0.00014385 -0.000147915 0.0004052 0.00080898 0.0025649 -0.00481945 0.0029397 -0.00401391 0.00244292 6.19204e-06 0.00106278 0.000601812 5.43236e-06 -0.00101195 -5.27491e-06 0.000220158 0.000264477 -7.69426e-05 -0.00215604 -0.000217746 -0.00368249 -0.000335577 -2.5809e-06 7.80068e-05 0.000171194 -4.86151e-05 -0.000189748 0.000226936 -0.000432561 -5.83037e-05 4.38236e-06 -6.26396e-06 5.31563e-05 0.000243032 0.000467268 -0.00591365 
0.0371761 0.0432203 -0.00229966 -0.001228 0.0064962 -0.122387 0.0135038 -0.140483 -0.118604 -0.0401892 -0.0260064 -0.00151054 -0.0742559 0.018738 0.0163101 0.00142321 -0.00405831 -0.0415129 -0.000949465 0.0993937 -0.000994805 0.000672846 0.120475 0.0100645 -0.00359121 -0.120042 -0.0558465 0.0010801 0.000588342 -0.011501 0.0012638 0.00601619 0.243356 0.0020914 -0.000439423 -0.0562837 0.00185561 0.000577785 0.00697087 -0.00815813 -0.0187986 0.0199034 -0.00124554 -0.000109465 -0.000272054 -0.00354733 0.0849918 0.000216941 -1.63762e-05 0.0526268 -0.0178171 0.00836747 0.00211964 0.00648252 -0.000116293 0.000309134 -0.000432931 3.70836e-05 -0.000252842 -0.00109777 -0.000291978 0.00410255 -0.009817 -0.00117716 -0.000954066 -0.00430324 0.00169485 0.0619466 0.0063577 -0.0681671 0.0124045 0.0753102 -0.00849099 -0.00117718 0.0110744 0.0012819 -3.70543e-05 -0.0257462 -0.000648186 -0.00169836 0.00453313 -0.000991355 0.0631844 -0.00150389 -0.0126393 -0.0023319 0.00036979 -0.000160719 0.0337509 -0.00817865 -0.0159649 0.000700401 -0.00780268 -0.000340029 0.000204859 0.00019855 -0.010856 0.0057939 0.00211652 -0.0340281 
