0.00602528 0.0025149 -0.000255259 -0.00110625 0.000158366 0.000333593 -0.00218669 -0.000478945 0.000570014 0.000277934 -0.00181713 -0.00219548 -0.00314136 9.67915e-06 0.000401147 -0.000620006 -5.74899e-05 -0.000254781 6.8447e-05 0.000436943 0.000134615 2.38295e-05 2.83633e-05 0.000101944 0.00133831 0.000146436 0.000774769 -0.000395639 4.79242e-05 -0.000629279 1.49678e-05 0.000107618 2.10677e-05 0.000112314 0.000324761 -0.00270013 -0.000134917 1.91563e-05 -9.95389e-05 9.80261e-06 -1.1506e-05 -2.54363e-05 6.68389e-05 0.000860035 2.25602e-05 -4.20964e-05 -1.87396e-05 7.01255e-05 -5.43676e-05 -0.000403492 -0.001622 0.00132005 -0.00238627 0.000312244 6.0278e-06 0.000115059 0.000112338 5.32567e-06 -0.00044171 0.000947147 -4.25877e-05 0.000115785 -0.000687499 -3.68319e-05 -0.00156723 8.19588e-05 9.03581e-06 -0.0013775 -6.58571e-05 0.000400997 0.000146371 0.000600849 0.000106679 -3.67584e-05 -0.000819087 0.000191686 0.00025926 0.000833926 0.000142303 4.45021e-06 -0.000312758 0.000211446 -7.14101e-06 -0.000884277 0.00138266 2.58017e-05 0.000305795 -0.000848764 5.20004e-05 0.000554843 3.67091e-05 8.23343e-06 7.28074e-05 0.000720143 0.000497898 1.804e-05 0.00238914 0.000147676 -0.00013119 0.000739572 
0.0025149 0.141429 0.00825165 -0.064042 0.00591164 0.00166615 -0.0124376 -0.0197706 0.00113293 0.00192446 -0.0432382 -0.0412599 -0.0207394 -0.00185661 0.0435324 0.00151936 -0.0104455 0.00353173 0.003283 0.00930204 -0.00423404 -0.00154935 -0.00185066 -0.0116179 0.0396891 0.00314283 0.0171518 0.000109459 0.000436754 0.0315304 2.19586e-05 -0.00164241 0.000239255 0.00111675 0.00373648 -0.0320502 -0.000912405 0.000193813 0.00807895 0.000560042 0.000281625 -0.00147203 0.000644567 0.00601757 -0.000320247 -0.00135886 -0.000856555 0.000195682 -0.00114485 -0.0113063 -0.0431358 0.0185616 -0.0896168 -0.000510285 -0.000253288 0.000435665 0.000389463 -0.000475454 -0.00133315 0.0238251 -0.00126385 0.00857242 -0.00640504 -9.81354e-05 -0.0126995 0.000459868 -8.59676e-05 -0.0300163 0.0107073 0.00441414 0.000843576 0.00866022 9.85747e-06 -0.0106636 -0.00659633 0.00560381 0.00202811 -0.00610021 0.00139892 -3.87221e-05 -0.00849012 0.00309023 -0.00039684 -0.0253397 0.00795363 0.000144176 -0.0123592 -0.0245049 0.000409778 0.00942542 0.000195457 -2.40403e-05 -0.000194568 0.0186774 0.0203898 -0.000129796 0.0652466 0.000384002 -0.00618658 0.0220503 
-0.000255259 0.00825165 0.0896856 0.00310733 -0.000278807 -0.00128943 0.00326368 -0.00116236 -0.0006991 -0.000582775 0.00276433 -0.00943635 0.0120328 -0.00271533 0.0133903 0.00691568 -0.00863094 -0.000223719 -0.00265445 -0.00272817 -0.0151039 -0.00300555 -0.00148542 -0.0183745 -0.00155473 -0.00188198 -0.00143089 -0.0212874 -0.000364851 0.0111771 -0.000625557 -0.000155433 -0.000184634 -0.00211625 -0.00346224 0.0123887 -0.00946574 -0.00010596 0.0113574 -0.000223204 -0.00104256 -0.000786063 -0.000624001 1.33504e-06 -0.000883196 -9.92874e-05 -0.000278254 -0.00230066 -0.00418229 -0.00463317 0.00398429 -0.00127873 -0.0115188 -0.00129139 -0.000533951 -0.00283679 -0.000404201 -0.00106808 0.0176666 -0.00596366 5.50352e-05 0.00453509 0.00808853 -0.00262523 0.0386858 -0.00369248 -0.00176036 0.00753841 -0.00220774 -0.000539716 -0.00092809 -0.000244167 6.75238e-05 -0.000356968 0.00726747 0.000189549 -0.0039012 -0.0099343 -0.00115358 -0.000638214 -0.0214426 -0.000302209 -0.000181875 -0.0204051 -0.000321301 -5.67384e-05 -0.00771337 -0.0414941 -0.0035021 -0.00144074 -0.000185246 -0.000110732 -0.000125081 0.0020147 0.00259825 -0.00130841 0.00779613 -0.000210855 0.002531 0.00063821 
-0.00110625 -0.064042 0.00310733 0.241804 -0.0105946 -0.00261176 0.00436038 0.0274941 -0.00115422 -0.00299578 0.0423923 0.0562494 0.0156024 -0.00308995 -0.0895958 0.00919734 -0.0200471 -0.00774621 -0.00698212 -0.00904088 -0.00764449 -0.000162099 0.00091741 0.0130396 -0.0545444 -0.00645111 -0.0146064 -0.0291208 -0.00116195 -0.0720822 -0.000432109 -0.00370146 -0.000273691 -0.00215778 -0.0040698 0.0497692 -0.00226485 -0.000143573 -0.0344919 -0.000627181 -0.00142164 0.00240538 -0.000373985 -0.00599639 -0.000116361 0.00129091 0.000825071 -0.00177202 -0.00453924 0.00101633 0.0120428 -0.0161479 0.0740385 0.000643849 -0.000344871 -0.00256755 -0.000351262 0.000149962 -0.0235901 0.00530774 0.00106893 -0.00234734 0.00591243 -0.00633927 -0.000575406 -0.00288145 -0.00123138 0.0273434 -0.0115053 -0.00362149 -0.00300793 -0.00896383 -0.000306629 -0.00335476 -0.0131071 -0.00480668 -0.00371262 0.00961798 -0.002361 -0.000387732 0.0113404 -0.00335382 0.000322651 0.0520072 -0.00960427 -9.26922e-05 0.0129667 0.00726594 -0.00275444 -0.00442947 -0.000346968 -0.000121255 -0.000101762 -0.0115306 -0.0297341 0.000118995 -0.0286042 -0.000632418 0.0112929 -0.0309323 
0.000158366 0.00591164 -0.000278807 -0.0105946 0.0243348 -5.7757e-05 -0.001288 -0.000262114 0.000180246 0.000413835 -0.003819 -0.00516864 -0.00450529 3.31272e-05 0.0040579 -0.00355316 0.000347138 -0.000801315 0.00171642 0.00225115 0.00131375 0.00019986 8.37441e-06 0.000922316 0.00429952 0.00227329 0.000689081 0.00102457 0.000275355 0.0026997 8.72813e-05 -9.57147e-05 7.77682e-05 0.000266847 0.00178917 -0.00799099 0.000427103 1.55501e-05 0.000389759 9.92442e-05 0.000151172 -0.000175635 9.2085e-06 0.00305271 4.3485e-05 -0.000125443 7.43684e-05 0.000304517 0.000215307 0.00183403 -0.00723256 0.00213037 -0.00790352 6.51243e-05 4.75857e-06 0.000766297 4.80581e-05 2.7142e-05 -0.00346911 -0.000355751 -0.000251489 -5.01794e-05 -0.00132334 0.000498107 -0.00462102 0.000326629 0.00016545 -0.0101621 0.00206521 0.00302905 0.00070469 0.00293901 6.45405e-05 -0.000479614 -0.00121736 0.00100475 8.43606e-05 -0.000480018 0.00045511 0.000129628 -0.0013958 0.00063537 6.45425e-05 -0.00130772 0.00183651 1.90616e-05 -0.00171845 -0.00293376 0.000550321 0.00147901 6.22682e-05 1.82742e-05 6.30958e-05 -0.000386845 0.00505109 -7.95403e-05 -0.00101486 0.000127424 -0.000422426 -0.000841246 
0.000333593 0.00166615 -0.00128943 -0.00261176 -5.7757e-05 0.00769684 -0.00161028 -0.000763658 0.000323562 0.000499779 -0.00220313 -0.00174654 -0.00224501 0.000595194 0.000560384 -0.000770667 0.000980095 -0.000211062 9.56035e-05 0.000941869 6.57812e-05 0.000499943 8.03225e-06 0.00038296 0.00233999 -2.94603e-06 0.000994321 0.000987543 2.51613e-05 -0.002069 7.95761e-05 0.000459464 3.345e-05 0.000542683 0.00063078 -0.00298217 0.00038148 2.21197e-05 -0.000432856 1.31515e-05 1.26884e-05 -9.50678e-05 6.03044e-05 -6.36619e-06 -1.25887e-05 -6.55105e-05 9.62879e-06 0.000206807 0.00016313 -0.000628699 0.000524099 0.00013703 -0.00129249 0.000229925 7.66687e-06 0.00035466 3.17334e-05 2.52989e-05 -0.00123139 -0.000998789 2.17487e-05 0.000378686 -2.59405e-05 0.000470311 -0.00184401 0.000509366 0.000143265 -0.00141646 0.000166897 -0.000131419 3.50253e-05 0.000235446 1.69675e-05 -0.000432796 -0.00037468 2.69335e-06 0.000691228 0.000246315 0.000287009 1.938e-05 -0.000283181 1.72429e-05 2.239e-05 -0.000958185 0.00105116 2.882e-05 -0.00107542 -0.000199042 0.000371967 0.000422788 3.79604e-05 1.06659e-05 -3.56189e-05 0.00148612 -0.000471582 0.000150228 0.000861576 5.33355e-05 -0.000217318 0.000131742 
-0.00218669 -0.0124376 0.00326368 0.00436038 -0.001288 -0.00161028 0.0727557 -0.0137888 -0.00183393 -0.00300739 0.0257827 0.0132492 0.0159762 -2.15041e-05 -0.0154099 0.00610746 0.00560725 -0.0195852 -0.00735403 -0.00523918 -0.00489221 -0.00278104 -0.00151282 0.00574579 -0.0127003 -0.00438869 -0.0102653 0.000294452 -0.000646097 -0.00287326 -0.000244048 -0.00406969 -0.000278033 -0.00187772 -0.00333024 0.0199655 -0.00196041 -0.000136353 0.000460086 -0.000614806 -0.0015421 -7.10839e-05 -0.000345238 -0.00298618 -0.000594843 -0.00050342 -0.000306254 -0.00127242 -0.00088978 0.00202872 0.0175136 -0.00748004 0.025901 -0.000521861 0.000129892 -0.00225415 -0.000293012 -0.00016101 0.00658291 -0.0116619 -7.73045e-05 -0.00272356 0.00286221 -0.00226514 -0.0060381 -0.00190062 -0.00115136 0.0198633 0.000486507 -0.00221876 -0.000429181 -0.00637977 -0.000317522 -0.00564968 0.00457282 -0.00255934 -0.00232194 0.000794988 -0.00458134 -0.000355689 -0.00204637 -0.00163427 0.000169819 0.00925393 -0.00267181 -0.000436408 -0.00574154 0.01298 -0.00247935 -0.00402538 -0.000117817 -0.000152183 -0.00298662 -0.0096001 -0.00989755 -0.000708964 -0.0138167 -0.000459748 0.0011717 -0.0149191 
-0.000478945 -0.0197706 -0.00116236 0.0274941 -0.000262114 -0.000763658 -0.0137888 0.142773 -0.00017563 0.00127677 -0.0146041 -0.00982681 0.00778624 0.00109688 -0.0185017 -0.00800189 -0.00417513 0.0419491 0.00231621 -0.00251663 0.0188942 0.000911904 0.00914033 -0.00695551 -0.00813828 0.000810168 0.00354835 -0.00079739 0.000143835 -0.0360781 0.000100371 0.00565125 -6.99944e-06 0.000926089 -0.00226644 -0.00281302 -0.00211724 1.81279e-05 -0.00707741 2.43295e-05 0.00226109 0.000247821 -0.000178589 -0.00325303 0.00130725 -5.21036e-05 -0.000146769 0.00036136 0.00049655 0.00972593 0.0159991 -0.00307962 0.0108402 -0.000335463 -0.00024993 -0.000332349 -8.02016e-05 -0.000102955 -0.0433789 -0.0221827 0.00101049 0.00195225 -0.0199264 -0.000251745 -0.00103596 0.000581124 0.00135389 -0.0142589 -0.00359487 0.00366786 -0.000733224 -0.00177231 -4.13268e-05 0.00857625 -0.0126974 -0.00102741 -0.000666772 0.00115323 0.00181814 0.000266543 0.0175814 -0.000339809 -0.00054139 0.00492455 0.000120318 -1.8233e-05 0.00652756 -0.0139822 7.23786e-05 -0.00456617 -6.77161e-05 1.38096e-05 0.00158417 -0.00194314 0.000721068 -6.41232e-05 -0.0394771 -4.84992e-05 -0.00188391 -0.00543573 
0.000570014 0.00113293 -0.0006991 -0.00115422 0.000180246 0.000323562 -0.00183393 -0.00017563 0.00433644 0.000104879 -0.00196116 -0.000321131 -0.00209895 -3.17574e-05 -0.000979628 -0.000990712 -0.00021931 0.000277118 0.000339649 0.000517396 0.00101444 0.00044756 4.69071e-06 4.89536e-05 0.000877963 0.000357688 0.000812578 -0.000522737 5.60023e-05 -0.000594579 9.59054e-06 -3.07054e-05 3.02138e-05 6.66853e-05 0.000322517 -0.00205287 -1.31526e-05 1.89156e-05 -0.000155328 2.97176e-05 -4.95702e-06 -5.78523e-06 9.21203e-05 0.000620244 8.56622e-06 9.43724e-07 1.02636e-05 0.000334451 6.35021e-05 -0.00025754 -0.000645198 0.0009399 -0.00208896 0.00017256 -4.30487e-06 0.00061283 0.000112562 2.89781e-06 -0.00114504 -0.000576359 8.33434e-06 0.000197996 -0.000344794 0.000272602 -0.000398989 0.000251806 1.92915e-05 -0.00168163 -6.93251e-05 0.000308657 5.28671e-05 0.000298773 1.89891e-05 2.94016e-05 -0.000344749 7.16491e-05 0.00063917 0.000425099 0.000275713 3.88461e-06 -0.000166712 0.000141379 1.41716e-05 -0.000542558 0.000625786 6.98741e-05 0.000213231 -0.000691069 4.54257e-05 0.000390745 1.85234e-05 4.10502e-05 7.57287e-05 0.000432359 0.000788233 5.65417e-05 0.00189139 9.26447e-05 2.23185e-05 0.000158645 
0.000277934 0.00192446 -0.000582775 -0.00299578 0.000413835 0.000499779 -0.00300739 0.00127677 0.000104879 0.00628727 -0.00369709 -0.00347804 -0.00281304 0.000388396 0.00119681 -0.0010887 -0.00049623 0.00117062 0.000827854 0.000987623 0.000513294 0.000224292 6.36182e-05 -0.000536705 0.00328491 0.00072745 0.000944596 0.000785346 0.000138683 -0.000454439 4.86128e-05 0.00082723 1.21394e-05 0.000652439 0.000455412 -0.0032744 0.000713128 7.56852e-05 -0.000304322 1.37447e-05 0.000368741 -8.25519e-06 5.75367e-05 0.000379538 5.43768e-06 1.73573e-05 8.41065e-07 0.000314206 9.04348e-05 -0.000402402 -0.00168835 0.000198441 -0.00377435 -2.15524e-05 -1.05272e-05 0.000111308 2.88853e-05 -5.10087e-06 -0.00122058 -6.666e-05 3.85315e-05 0.00160534 -0.000690735 0.000322174 -0.000370398 0.000388324 0.000351152 -0.00293865 0.000130986 3.34848e-05 0.000268513 0.000567974 2.13131e-05 0.00015686 -1.71539e-05 0.000309297 0.000118394 -0.000157616 0.00035878 0.000111158 -3.50465e-05 0.000280745 -1.02744e-05 -0.00126877 0.000890428 6.27299e-05 -0.000978898 -0.00138885 0.000353521 0.000716154 2.02348e-05 1.09536e-05 0.0001115 0.00209905 -0.000229379 3.83181e-05 0.00149828 1.30662e-05 -9.8875e-05 0.000824552 
-0.00181713 -0.0432382 0.00276433 0.0423923 -0.003819 -0.00220313 0.0257827 -0.0146041 -0.00196116 -0.00369709 0.133598 0.0349095 0.0236183 0.000105914 -0.0462535 0.00766382 0.00094289 -0.0375417 -0.0115092 -0.0132182 -0.0161093 -0.00422024 -0.00635249 0.0127577 -0.0454213 -0.0064847 -0.0167997 -0.0101566 -0.000934253 0.00394799 -0.000423668 -0.00304475 -0.000383339 -0.00264937 -0.00528059 0.0532625 -0.00598026 -0.000262645 -0.00730428 -0.00146667 -0.00270037 0.000829463 -0.00164129 -0.00462366 0.000137806 -0.00143746 -8.83177e-05 -0.00246693 -0.000131763 0.0084712 0.0141578 -0.0205155 0.0591337 0.000419619 0.000188116 -0.00286018 -0.000446728 -0.000106627 0.0401893 -0.0121163 -0.00080328 -0.00971397 0.0129949 -0.00373645 -0.00268519 -0.00348145 -0.00219184 0.0472133 -0.000234186 -0.0057881 -0.00139368 -0.0101538 -0.000315437 0.00655882 0.00850253 -0.00606063 -0.00455589 0.00439618 -0.00316379 -0.000450108 -0.00595403 -0.00452703 0.000247717 0.0172562 -0.00696141 -0.000337485 -0.000518323 0.012469 -0.00379798 -0.0053525 -0.000484411 -0.000120488 -0.00215275 -0.0216773 -0.0311664 -0.000597348 -0.0405928 -0.000543169 0.00372571 -0.0368549 
-0.00219548 -0.0412599 -0.00943635 0.0562494 -0.00516864 -0.00174654 0.0132492 -0.00982681 -0.000321131 -0.00347804 0.0349095 0.225696 0.029977 -0.00785935 -0.070152 0.00453545 -0.0110511 -0.0174948 -0.00884073 -0.00830276 -0.00069622 0.000140499 -0.00229267 0.0141329 -0.0416488 -0.0051421 -0.00937366 -0.0241242 -0.00113645 -0.030433 -0.000440889 -0.00718796 -0.000226714 -0.00281535 -0.00362445 0.0337711 -0.000377874 -0.000292965 -0.0562907 -0.00066273 -0.00224867 -0.00104274 -0.00112304 -0.00237016 -0.00080949 0.00141802 -0.000540727 -0.000668119 -0.000120801 0.012056 0.00186674 -0.0124482 0.0481407 0.00133114 0.000120324 -0.00221762 -0.000412395 0.000612758 -0.00598652 0.011114 0.0035831 -0.0219456 0.0142263 -0.00623705 0.00639154 -0.00244393 -0.00119933 0.0277019 -0.0146903 -0.00135292 -0.00312331 -0.00785944 -0.000154772 0.00901071 -0.0338987 -0.00473381 -0.00258763 0.00432733 -0.00163217 -0.000461927 0.00376002 -0.00215448 0.000223651 0.0456312 -0.0106707 -0.00022735 0.0017927 0.0230161 -0.00340866 -0.00346962 -0.000511854 -0.000131322 -0.00158207 -0.0160147 -0.0182355 -0.000955776 -0.00589988 -0.000296259 -0.00536615 -0.0438513 
-0.00314136 -0.0207394 0.0120328 0.0156024 -0.00450529 -0.00224501 0.0159762 0.00778624 -0.00209895 -0.00281304 0.0236183 0.029977 0.126453 -0.00923624 -0.00976278 0.00592239 -0.0243704 -6.11527e-05 -0.005974 -0.0108233 -0.0191149 -0.00440132 -0.000637306 -0.00947824 -0.0144898 -0.00305932 -0.00324146 -0.0199258 -0.000884156 -0.00585568 -0.000558793 -0.00671652 -0.000395814 -0.00315627 -0.00734154 0.0303495 -0.00964637 -0.000221453 0.00830367 -0.000966328 -0.00129625 -0.0014991 -0.00166406 -0.00704308 0.000183506 -0.000642149 -0.000102272 -0.00249375 0.00128555 0.00150968 0.0275589 -0.0149736 0.0283667 -8.58432e-05 -0.000143133 -0.00332073 -0.000552879 -0.000282493 0.00953487 -0.00780172 0.00138336 -0.00760444 -0.0153769 -0.00468204 0.0103916 -0.00384309 -0.00232256 0.0191144 -0.00574116 -0.00358278 -0.00321373 -0.00790609 -0.000449595 0.00710839 -0.00632281 -0.00489014 -0.00524876 -0.00809442 -0.00264547 -0.00048519 0.000527358 -0.000946881 -0.000418549 0.0167062 -0.00509384 -0.000358276 0.00489969 0.00814991 -0.00365007 -0.00636457 -0.00023222 -0.000218427 -0.00135364 -0.00805105 -0.0152995 -0.00118183 -0.0327118 -0.000264977 -0.000872784 -0.00555129 
9.67915e-06 -0.00185661 -0.00271533 -0.00308995 3.31272e-05 0.000595194 -2.15041e-05 0.00109688 -3.17574e-05 0.000388396 0.000105914 -0.00785935 -0.00923624 0.0194712 -0.00311411 -0.00155175 0.00798379 -0.000856325 0.000639197 -2.30021e-05 0.000465819 0.000516836 0.000344645 0.00197033 -0.00123341 -0.000174146 -0.000408296 0.00396962 0.00041089 -0.00245916 0.00049103 0.00243039 2.25997e-05 0.00155215 0.000700669 -0.00187059 0.00147666 2.08234e-05 -0.00137569 -1.93258e-05 0.000796429 0.000612267 2.07908e-05 -0.000200428 6.52873e-05 -3.9168e-06 -7.45888e-05 0.000352101 4.36625e-05 -0.00138181 0.000626331 0.000704168 0.000356864 6.88988e-05 2.29803e-05 0.000139472 4.60714e-05 6.86531e-05 -0.00409817 -0.00218794 6.13024e-05 8.43684e-05 0.00247353 0.00102461 -0.00279723 0.000826988 0.00187946 -0.00104988 0.00265662 -0.00020744 0.000535019 -0.000252066 1.50964e-05 -0.000846017 0.00223393 -7.42215e-06 0.000532915 0.00150325 4.11746e-05 0.000192771 -0.000341463 -5.79146e-05 -2.49422e-05 -0.00290903 -0.000112984 -1.5555e-05 -0.00193937 -0.00116878 0.000802007 -0.000168979 6.85481e-05 0.000112587 -7.7724e-05 -0.000661108 -0.00107309 0.000570636 -0.00355356 1.07689e-05 0.000819111 -0.00195656 
0.000401147 0.0435324 0.0133903 -0.0895958 0.0040579 0.000560384 -0.0154099 -0.0185017 -0.000979628 0.00119681 -0.0462535 -0.070152 -0.00976278 -0.00311411 0.235159 0.00294314 0.00746851 0.00903155 0.00480758 0.00705605 -0.00341085 0.000831481 -0.002015 -0.0243871 0.0319115 -0.000715284 0.00220941 0.0119309 -0.000294258 0.0610246 -0.000109789 -0.00240695 0.000206275 -0.00114422 0.00373777 -0.0283837 -4.21607e-05 8.09762e-05 0.0560715 0.000108796 0.000988711 -0.00233822 0.000495832 -0.000277359 -0.000846526 0.000198554 -0.000989383 -0.000431115 -0.00431371 -0.00384267 -0.0217347 0.010188 -0.0326642 -0.00194516 -0.000624909 0.000647303 0.00011647 -0.000756024 0.00139102 0.0013601 -0.004917 -0.0042277 -0.0202919 0.00246945 -0.00329419 0.000830301 -0.000939427 -0.0241166 0.00551495 0.00137978 -1.87988e-05 0.006429 -0.000240317 -0.012776 0.0234549 0.00500619 0.00124646 -0.0114695 -0.00157831 -0.000103015 -0.0149441 0.00160532 -0.00109118 -0.0278649 0.00571744 -0.000208316 -0.0430873 -0.0483681 0.00237973 0.001012 0.000166783 -5.54469e-05 0.000719722 0.0189444 0.00412645 0.00058568 -0.00602576 -0.000138177 -0.0089051 0.0274117 
-0.000620006 0.00151936 0.00691568 0.00919734 -0.00355316 -0.000770667 0.00610746 -0.00800189 -0.000990712 -0.0010887 0.00766382 0.00453545 0.00592239 -0.00155175 0.00294314 0.0313658 -0.00227253 -0.00328055 -0.0032727 -0.00192782 -0.00493083 -0.00294532 -0.00153115 -0.00305325 -0.00548934 -0.00529866 -0.00346056 0.00124219 -0.00097676 0.00350661 -0.000434307 -0.00196274 -0.000125387 -0.00206602 -0.000917906 0.0114642 -0.000372916 -2.82244e-05 -6.72715e-05 -0.000370155 -0.000872388 -0.00035306 -0.000230431 -0.00319805 -0.000518669 -1.53318e-05 -0.00050107 -0.00195755 -0.00152721 -0.00414624 0.00727099 -0.00189425 0.00451964 -0.000455933 -0.000169728 -0.00238665 -0.000320469 -0.000354957 0.00521633 0.00263142 -0.00100183 -0.000283418 0.000724534 -0.00472696 0.00673936 -0.00342677 -0.00133305 0.00772446 -0.000152927 -0.00221514 -0.000280227 -0.00158863 -0.000183225 -0.00713829 -0.0029551 5.80014e-06 -0.00206938 -0.00496114 -0.000720648 -0.000480159 -0.00312458 -0.000692674 -2.76732e-05 0.0011916 -0.00173186 -0.000229856 -0.000760169 -0.000409455 -0.00231139 -0.000783421 -0.000158008 -0.00017578 -0.000841328 -0.000257085 -0.0052065 -0.000717721 0.0039533 -0.000661336 0.000663578 -0.0011555 
-5.74899e-05 -0.0104455 -0.00863094 -0.0200471 0.000347138 0.000980095 0.00560725 -0.00417513 -0.00021931 -0.00049623 0.00094289 -0.0110511 -0.0243704 0.00798379 0.00746851 -0.00227253 0.112135 0.000732011 -5.45081e-05 -0.000894981 0.00744557 0.000152599 -0.00135465 0.00473656 -0.00531787 -0.00109657 -0.00111915 0.00934782 3.79943e-05 0.00850869 0.000282763 0.00104897 3.27864e-05 0.00166935 0.00123278 -0.0227447 0.00387492 9.41683e-06 -0.00568694 -0.000146645 0.000534568 0.0016781 0.000463181 -0.000675003 0.000500971 -0.000873624 4.01248e-05 0.000880134 0.00228463 -0.00252735 0.00969474 3.29713e-05 0.00717537 0.000361547 9.17371e-05 -0.000109358 6.59384e-05 -5.40461e-05 -0.0213976 -0.00558284 -0.000772602 -0.003815 0.00928972 0.00121827 0.00240314 0.00110482 0.00116703 0.00325274 0.000594249 -0.00152695 0.00167135 -0.000767814 6.6993e-05 -0.00110305 0.000522904 0.000705653 0.000587129 0.000948809 -0.00109584 2.84301e-05 -0.00517624 -7.95772e-05 -0.000201656 -0.0214628 0.00201898 -0.000133037 -0.00728458 -0.00498311 0.000731354 -0.00312979 0.000159655 6.92977e-05 -0.000593422 -0.00462003 0.0128893 0.000912521 -0.0221542 0.000292488 -0.00316487 -0.00555021 
-0.000254781 0.00353173 -0.000223719 -0.00774621 -0.000801315 -0.000211062 -0.0195852 0.0419491 0.000277118 0.00117062 -0.0375417 -0.0174948 -6.11527e-05 -0.000856325 0.00903155 -0.00328055 0.000732011 0.128372 0.00688884 -0.00084588 0.0110802 0.00152265 0.00349702 -0.0100074 0.00556299 0.00152849 0.0116328 0.0010119 0.000181255 -0.0322842 0.000116433 0.00101557 6.55448e-05 0.00179553 -0.000237481 -0.0220888 -0.00317962 0.000123577 -0.00525943 0.00037741 0.00233614 -0.000545494 9.14773e-05 -0.000970653 0.000127857 0.000239512 -3.58212e-05 -0.000326225 0.00221434 -0.0109791 0.0229004 5.36033e-05 -0.0178473 -0.000151869 2.37726e-05 0.000746499 -4.85765e-05 -0.00030477 -0.0544537 -0.0134921 -0.000384986 -0.000243171 -0.0195743 0.000527969 0.0260916 0.000241973 0.00136469 -0.0229468 -0.00171238 0.00112665 0.000433696 0.00330625 0.000168572 0.00347719 -0.0130972 0.000218981 0.0005409 -0.00234083 0.00367859 9.23091e-05 -0.00129845 0.00124275 -8.4901e-05 -0.00823435 0.00312946 4.97304e-05 0.0023844 -0.00144345 0.000940299 -0.00263014 8.79486e-05 9.17412e-05 0.00139434 0.00373333 0.00955941 -7.43493e-05 -0.00525477 0.000212385 -0.00700268 0.0231451 
6.8447e-05 0.003283 -0.00265445 -0.00698212 0.00171642 9.56035e-05 -0.00735403 0.00231621 0.000339649 0.000827854 -0.0115092 -0.00884073 -0.005974 0.000639197 0.00480758 -0.0032727 -5.45081e-05 0.00688884 0.0170161 0.00168902 0.00201213 0.000546684 0.00131636 -0.000943653 0.0053317 0.00218165 0.00146272 0.00488449 0.000241499 0.00252541 0.000146876 0.000893241 0.000177855 0.000941269 0.000988062 -0.0108872 0.00130081 3.99905e-05 -0.00027538 0.000155601 0.000683347 -0.000210647 0.000117191 0.00184381 7.85446e-06 0.000168827 7.35329e-06 0.00047953 0.00032405 -0.0017274 -0.00310177 0.00193877 -0.00817198 -3.58259e-05 -2.91531e-05 0.00136469 0.000159153 4.4893e-06 -0.00607746 -0.000248922 -0.000153387 -0.000142728 -0.00123943 0.00111387 -0.000711686 0.000823368 0.000481436 -0.0109808 0.000286083 0.000430581 0.00068512 0.00226086 5.14023e-05 -0.000604222 -0.00221101 0.000431828 0.000814792 8.99302e-05 0.000461542 0.000312748 0.000828413 0.00129775 -8.48427e-06 -0.00330061 0.0012317 7.31299e-05 -0.00111893 -0.00338401 0.00135487 0.0012933 3.94356e-05 6.72471e-05 0.000207648 0.00303805 0.00493571 0.000185603 0.0034818 0.000147427 -0.000642416 0.0044898 
0.000436943 0.00930204 -0.00272817 -0.00904088 0.00225115 0.000941869 -0.00523918 -0.00251663 0.000517396 0.000987623 -0.0132182 -0.00830276 -0.0108233 -2.30021e-05 0.00705605 -0.00192782 -0.000894981 -0.00084588 0.00168902 0.0176804 0.00165604 0.00142555 -0.000344175 -0.00128742 0.0107049 0.00104309 0.00185842 0.000971512 0.000192494 0.00252288 8.62224e-05 0.000834289 0.000134868 0.000213912 0.00205303 -0.0132773 0.000439293 6.78697e-05 -0.00137879 3.28157e-05 0.000185294 -8.89147e-05 0.000820989 0.00148699 -5.44421e-05 -0.000170343 -7.14294e-05 0.000906105 -0.000151255 -0.00131658 -0.00772043 0.00947 -0.0109698 -7.08615e-05 -1.98648e-05 0.00166017 0.000183563 -2.19009e-05 -0.00346216 0.00095169 -0.000118983 0.00284228 -0.000845517 0.00169963 -0.00458862 0.00183954 5.38917e-05 -0.0112339 -5.07366e-05 0.000745662 0.000273399 0.00269634 -1.1471e-05 -0.000899646 -0.0012747 0.00328618 0.00274244 -0.000466742 3.9451e-05 4.41797e-05 -0.000732463 0.00156295 4.68587e-05 -0.00236913 0.00147826 4.79398e-05 -0.00283173 -0.00346784 0.00175588 0.00311785 0.000149606 -1.8019e-06 7.32416e-05 0.00338059 0.00384982 6.84469e-05 0.00893148 0.000139387 -0.000825245 0.00405531 
0.000134615 -0.00423404 -0.0151039 -0.00764449 0.00131375 6.57812e-05 -0.00489221 0.0188942 0.00101444 0.000513294 -0.0161093 -0.00069622 -0.0191149 0.000465819 -0.00341085 -0.00493083 0.00744557 0.0110802 0.00201213 0.00165604 0.0716829 0.00391495 0.00307761 0.00146707 0.00104673 0.00196681 -0.00116429 0.00701086 0.000239687 -0.00789153 0.000152485 0.00316994 0.000104702 0.00109009 0.0015378 -0.00954719 -0.000733206 9.6568e-06 -0.00505312 0.000232288 0.00124374 0.000519101 0.000462655 0.000531659 0.00024141 -0.000458982 -0.000332731 0.00132902 -0.000405623 0.00293733 0.00243942 0.0054619 -0.00431493 -0.000207297 -0.00012031 0.0018396 0.000132107 0.000287808 -0.0247609 -0.0108288 -0.000886883 -0.00272004 -0.00422718 0.00306804 -0.00869284 0.00264656 0.00117623 -0.0126347 -0.00189624 0.00110968 0.00051254 -0.000758194 -2.64063e-05 -0.00111935 -0.00988906 0.000753458 0.00285425 0.00123906 0.00124318 0.000109288 0.0116162 -0.000248541 -0.000321901 0.00363912 0.000170637 -3.16646e-05 -0.0060875 0.00468528 0.00167251 -0.00113327 1.72813e-06 6.7278e-05 0.00115481 -0.00129117 0.00180887 0.000141297 0.00227388 -3.69462e-05 -0.00355355 -0.00315796 
2.38295e-05 -0.00154935 -0.00300555 -0.000162099 0.00019986 0.000499943 -0.00278104 0.000911904 0.00044756 0.000224292 -0.00422024 0.000140499 -0.00440132 0.000516836 0.000831481 -0.00294532 0.000152599 0.00152265 0.000546684 0.00142555 0.00391495 0.0138786 0.000624737 0.00150608 0.000876473 0.000102672 0.000230254 0.00154743 0.000153976 -0.00272251 0.000125859 0.00103741 2.21515e-05 0.00076208 0.00013867 -0.00375363 8.80052e-05 5.23855e-05 -0.000590999 2.78479e-06 0.000387515 0.000203 7.73668e-05 8.69825e-05 7.10415e-05 0.000156811 9.53469e-05 0.000563438 -0.000238352 0.000495057 -0.00045923 0.00128714 -0.00237088 0.000111339 -1.48132e-05 0.00146664 8.61043e-05 4.9501e-05 -0.00383253 -0.00156021 2.91522e-05 -0.000618365 0.000523836 0.00221611 -0.00332717 0.0022346 0.000612461 -0.00495201 -4.43263e-05 0.000377797 1.62072e-06 -0.000148263 3.81558e-05 -0.000942839 0.000390292 -4.76652e-05 0.00142904 0.000371323 0.000457783 7.3328e-05 0.00161893 -9.30242e-05 5.05302e-05 0.00124928 -0.000114192 1.47323e-05 -0.00193306 -0.00248262 0.0014232 9.34763e-05 -1.81011e-06 3.27266e-05 0.00078632 -0.000122808 -0.00126661 0.000149243 -4.83002e-05 8.17541e-06 -0.000216234 -0.000860238 
2.83633e-05 -0.00185066 -0.00148542 0.00091741 8.37441e-06 8.03225e-06 -0.00151282 0.00914033 4.69071e-06 6.36182e-05 -0.00635249 -0.00229267 -0.000637306 0.000344645 -0.002015 -0.00153115 -0.00135465 0.00349702 0.00131636 -0.000344175 0.00307761 0.000624737 0.0229041 0.000106635 -0.00125995 1.51949e-05 -0.000473557 0.00268233 5.75439e-06 -0.00450384 5.23113e-05 0.00157088 1.42763e-06 0.000202879 0.000107424 -0.00289386 0.000249241 1.24072e-05 0.000590721 3.11453e-05 7.90662e-05 5.08338e-05 0.000184519 0.000960616 -2.22017e-05 0.000791401 -1.89998e-05 0.000189359 -0.00033935 0.00213411 0.00064931 -9.80301e-05 0.00101135 9.80482e-05 -1.63715e-05 0.000356785 6.70813e-05 6.49132e-05 -0.00469066 -0.00361811 -0.000117201 -0.00079323 -0.00269797 -0.000131064 -0.0051754 0.000158655 0.000264383 -0.00382539 -0.000206702 0.000292482 0.000266812 -9.74917e-05 3.99452e-05 0.000238437 -0.00293578 0.000112514 0.000280558 0.000908122 0.00016573 7.11182e-05 0.00449901 0.000209726 -7.07092e-05 0.00387086 0.00023013 -1.33432e-05 -0.00170714 -0.00363986 0.000492249 -0.000361825 2.35607e-05 7.76227e-06 0.000155333 -6.00846e-05 -0.000624165 9.56182e-05 -0.00401668 -1.58548e-05 -0.00059949 -0.0021834 
0.000101944 -0.0116179 -0.0183745 0.0130396 0.000922316 0.00038296 0.00574579 -0.00695551 4.89536e-05 -0.000536705 0.0127577 0.0141329 -0.00947824 0.00197033 -0.0243871 -0.00305325 0.00473656 -0.0100074 -0.000943653 -0.00128742 0.00146707 0.00150608 0.000106635 0.0855195 -0.00860891 -0.00162171 -0.00271476 0.0161749 -1.35085e-05 -0.0195536 0.000256802 -0.00110909 -1.36516e-05 0.000700197 0.000951494 -0.00193503 0.00443198 -5.61354e-06 -0.011935 2.62449e-05 -0.000345335 0.00186333 -6.17707e-05 -0.000655693 -7.35634e-05 0.000371116 0.0013632 4.67216e-05 0.00205313 0.00959938 -0.0105368 -0.00297681 0.0147109 0.0021192 0.000488045 0.000588163 1.91217e-05 0.000412794 -0.00479927 -0.00469111 -0.000601059 -0.00398369 -0.000779733 -7.79278e-05 -0.0401885 0.000623789 0.000802929 0.00222812 -0.0001886 0.00125175 0.000177044 -0.00120487 -4.81335e-05 -0.00296434 -0.00314611 -0.000816474 0.000263825 0.0186002 0.000593839 0.000149122 0.00432015 -0.000452945 0.000187716 0.0340009 -0.00126901 -4.08755e-05 -0.00708315 0.0092157 0.000462826 -0.00230385 5.66079e-05 2.83339e-05 -0.000436275 -0.0027135 -0.00825466 0.000431193 -0.0261336 -0.000123204 0.000811902 -0.0117177 
0.00133831 0.0396891 -0.00155473 -0.0545444 0.00429952 0.00233999 -0.0127003 -0.00813828 0.000877963 0.00328491 -0.0454213 -0.0416488 -0.0144898 -0.00123341 0.0319115 -0.00548934 -0.00531787 0.00556299 0.0053317 0.0107049 0.00104673 0.000876473 -0.00125995 -0.00860891 0.122034 0.00467835 0.0102671 -0.00314407 0.000439524 0.00162124 6.32895e-05 -0.000905809 0.000226299 0.00112826 0.00291221 -0.035992 0.00504104 0.000116328 -0.00242863 0.00108446 0.000622469 -0.00108671 0.000913646 0.0031892 0.00023091 -0.000288478 -0.000656301 0.00192529 0.00155352 -0.00630852 -0.0248422 0.0113456 -0.0468176 -0.000729995 -9.68296e-05 0.00218154 0.000308753 -0.000167979 -0.0077664 0.00482994 -0.000884349 0.00639486 -0.00571677 0.00153917 -0.00867535 0.00240951 8.20613e-05 -0.0260944 0.00489261 0.00289696 -0.00031427 0.00766712 0.000206722 -0.00173806 -0.00239521 0.00460998 0.00230737 -0.00408223 0.00129713 0.000244948 -0.00390706 0.00202701 -0.000441762 -0.0117396 0.00638468 0.000160522 -0.012605 -0.00484262 0.00246335 0.00377164 0.000321958 -1.72083e-05 0.00010086 0.0156355 0.00517524 4.0701e-05 0.027925 0.000143158 -0.00571438 0.0381321 
0.000146436 0.00314283 -0.00188198 -0.00645111 0.00227329 -2.94603e-06 -0.00438869 0.000810168 0.000357688 0.00072745 -0.0064847 -0.0051421 -0.00305932 -0.000174146 -0.000715284 -0.00529866 -0.00109657 0.00152849 0.00218165 0.00104309 0.00196681 0.000102672 1.51949e-05 -0.00162171 0.00467835 0.0213461 0.00305351 -0.00188434 0.000453632 0.00119879 1.53564e-05 0.000624229 6.40231e-05 0.000374454 0.000594865 -0.00643473 0.000402414 -3.30892e-06 0.00246006 0.000259763 0.00024118 -0.000178699 -3.19196e-05 0.0020613 0.000341012 0.000422467 0.000368166 0.00115296 0.000395871 -0.00121397 -0.00611472 0.00116893 -0.0118956 0.000105317 -2.50537e-05 0.000559974 5.75428e-05 1.88047e-05 -0.000978294 0.00104184 0.000258306 0.000827615 -0.00129377 0.00056168 -0.00287316 0.000496528 0.00010951 -0.00349261 5.72039e-05 0.00192185 9.74155e-05 0.0016696 8.32146e-05 0.0012977 -0.000931496 -0.000133979 0.00018604 -0.000240839 0.000599973 0.000306372 -0.000229227 0.000427447 -1.83048e-06 -0.0034862 0.00172669 0.000179703 0.00365146 -0.000650276 0.000286476 0.000406291 8.03291e-05 6.00082e-05 0.000121929 0.000825981 0.00289639 -6.1246e-05 0.00158235 0.000174482 -0.0006089 0.000432161 
0.000774769 0.0171518 -0.00143089 -0.0146064 0.000689081 0.000994321 -0.0102653 0.00354835 0.000812578 0.000944596 -0.0167997 -0.00937366 -0.00324146 -0.000408296 0.00220941 -0.00346056 -0.00111915 0.0116328 0.00146272 0.00185842 -0.00116429 0.000230254 -0.000473557 -0.00271476 0.0102671 0.00305351 0.037389 0.00287489 0.000628395 -0.00496793 2.10061e-05 -0.000428424 0.000143665 0.00115384 0.000835316 -0.0173189 0.00102816 0.000106631 -0.00252427 0.00047909 0.000727763 -0.000388552 0.000126375 -9.40206e-05 0.00036439 -0.000404337 -0.000144366 0.000643832 0.000179852 -0.00239143 -0.0101664 0.00267605 -0.0214087 0.000483068 3.88483e-05 0.000179036 6.0835e-06 -7.40554e-05 -0.00569419 0.00343369 0.00030058 0.00518298 -0.00351429 0.000294958 -0.00268911 0.000380462 0.000344101 -0.0145848 0.00107617 0.000460241 0.000232038 0.00111138 0.000173217 -0.00111263 0.00113854 0.000101657 0.000931907 -0.00072216 0.00348884 0.000152053 0.00112926 0.00144014 1.39036e-05 -0.00475 0.00418487 0.000325779 0.00559358 -0.00324329 7.34871e-05 0.0012829 -3.13537e-06 1.15937e-05 8.7108e-05 0.00343148 0.00595937 2.7625e-05 0.00696982 0.000459449 -0.00148909 0.0076639 
-0.000395639 0.000109459 -0.0212874 -0.0291208 0.00102457 0.000987543 0.000294452 -0.00079739 -0.000522737 0.000785346 -0.0101566 -0.0241242 -0.0199258 0.00396962 0.0119309 0.00124219 0.00934782 0.0010119 0.00488449 0.000971512 0.00701086 0.00154743 0.00268233 0.0161749 -0.00314407 -0.00188434 0.00287489 0.199728 -0.000542491 0.0239513 0.000238077 0.00148486 -2.60367e-05 0.000663093 0.00274669 -0.0146032 0.0093871 8.94943e-05 -0.0105255 0.000210805 0.00125756 0.00219189 -0.000536493 -0.000992133 0.000638629 0.000479144 -0.000718408 0.000931569 -0.00355817 0.00447676 -0.01801 0.00018294 -0.00127321 -0.00109482 0.000165633 0.00184186 0.000215436 0.000119034 -0.00796516 -0.0156274 -0.00119387 -0.00287726 -0.0210667 0.00167868 -0.047918 0.00119232 0.000312114 -0.0106589 0.010342 -0.00236069 0.000523606 0.000448447 -5.19967e-05 -0.00417281 -0.00256313 -0.0005242 0.00248419 0.00363039 0.000294758 -6.23049e-05 0.0200137 0.000415971 -0.000406575 -0.00733846 0.00278498 -1.33044e-05 -0.0296515 0.000527635 0.00245102 0.00649009 -5.62791e-05 9.60742e-05 1.50748e-05 0.00230503 -0.0147333 0.00156081 -0.0183013 -0.000454564 -0.00216774 -0.0220121 
4.79242e-05 0.000436754 -0.000364851 -0.00116195 0.000275355 2.51613e-05 -0.000646097 0.000143835 5.60023e-05 0.000138683 -0.000934253 -0.00113645 -0.000884156 0.00041089 -0.000294258 -0.00097676 3.79943e-05 0.000181255 0.000241499 0.000192494 0.000239687 0.000153976 5.75439e-06 -1.35085e-05 0.000439524 0.000453632 0.000628395 -0.000542491 0.00329857 -0.000367928 0.000139886 0.000531111 2.69593e-05 0.000522087 0.000167633 -0.00113821 0.000147854 1.62521e-06 0.000165579 2.35492e-06 0.000282102 -4.00405e-05 3.48404e-05 0.00016376 5.91938e-05 -2.54114e-05 3.51325e-05 9.23524e-05 -1.77218e-05 -0.000229771 -0.000480334 0.000123091 -0.00126717 5.20181e-05 2.93389e-06 8.74332e-05 7.61297e-06 -2.44895e-06 -0.000247167 -0.000514683 1.10413e-05 0.000654594 -7.02217e-05 0.000318987 -0.000292027 0.000247457 0.000352812 -0.000929218 -2.71371e-05 6.63828e-06 2.31779e-05 0.000132108 2.74894e-05 -0.000122251 -7.60517e-05 1.26566e-05 7.86298e-05 3.14897e-05 3.0774e-05 0.000125704 -1.03407e-05 4.8856e-05 -6.18129e-07 -0.00044445 0.000138666 4.89298e-05 0.000158698 -0.000376028 0.000114106 -2.805e-05 4.01245e-05 5.05386e-05 -1.30705e-05 0.000278238 0.000401587 -4.67822e-06 0.000156165 7.90745e-06 -4.65228e-05 0.000176001 
-0.000629279 0.0315304 0.0111771 -0.0720822 0.0026997 -0.002069 -0.00287326 -0.0360781 -0.000594579 -0.000454439 0.00394799 -0.030433 -0.00585568 -0.00245916 0.0610246 0.00350661 0.00850869 -0.0322842 0.00252541 0.00252288 -0.00789153 -0.00272251 -0.00450384 -0.0195536 0.00162124 0.00119879 -0.00496793 0.0239513 -0.000367928 0.229429 -0.000223648 -0.00291328 0.000154182 -0.0013206 0.000512731 -0.00412 -0.00561222 -8.71097e-05 0.0292768 -0.00041046 -0.000680035 -0.00313021 -0.000342055 0.00768169 -0.000778045 -0.00116201 -0.000790322 -0.000191252 -0.00361714 -0.0130958 -0.0431029 0.00555737 -0.0293153 -0.00144437 -0.000467594 -9.75082e-05 0.000216884 -0.000666338 0.0757741 0.017354 -0.00456275 -0.00721605 0.0126209 -0.000203136 -0.00430932 -0.00175432 -0.00127634 -0.00709913 0.00856766 -0.00350174 -0.000554622 0.000102477 -0.000283995 0.00545589 0.00881632 0.00384027 -0.000442459 -0.00689936 -0.00256544 -2.89299e-05 -0.00962681 0.00143643 -0.000578009 -0.0523988 0.00158471 -0.000278181 -0.039 -0.0508835 -0.000135043 0.00663965 -0.00019446 2.03972e-05 0.000236222 -0.000433573 -0.000270907 -0.000791713 -0.00134126 -0.000322348 -0.0089884 -0.0241632 
1.49678e-05 2.19586e-05 -0.000625557 -0.000432109 8.72813e-05 7.95761e-05 -0.000244048 0.000100371 9.59054e-06 4.86128e-05 -0.000423668 -0.000440889 -0.000558793 0.00049103 -0.000109789 -0.000434307 0.000282763 0.000116433 0.000146876 8.62224e-05 0.000152485 0.000125859 5.23113e-05 0.000256802 6.32895e-05 1.53564e-05 2.10061e-05 0.000238077 0.000139886 -0.000223648 0.000947986 0.000140756 2.37456e-06 0.000379829 0.000196505 -0.000568883 0.000174105 5.18739e-06 -3.90902e-05 9.84131e-06 0.000143089 -8.73402e-06 1.79549e-05 3.87745e-05 1.19007e-06 -1.90909e-07 -6.07341e-06 3.80212e-05 3.65692e-05 -6.94943e-05 -0.000312955 8.85222e-05 -0.000263503 8.94209e-06 1.47897e-07 5.10851e-05 9.13745e-06 4.165e-06 -0.000326374 -0.000109969 6.29729e-06 -3.36639e-06 -3.20943e-05 0.000338412 -0.000429329 0.000138179 0.000334356 -0.000538079 0.000173631 -7.93943e-06 1.60316e-05 2.58513e-05 3.50513e-06 -6.77869e-05 -2.74636e-05 6.38926e-05 0.00014817 6.1174e-05 8.54341e-06 2.58847e-05 -9.66618e-07 1.80628e-05 -2.89087e-06 -8.74577e-05 1.42341e-05 1.4174e-06 -4.60329e-05 -7.70403e-05 0.000210191 1.75289e-05 2.64049e-05 2.00736e-05 5.48424e-06 1.92182e-06 8.81623e-05 7.80616e-05 -0.000212209 2.09895e-05 1.17664e-05 2.75637e-05 
0.000107618 -0.00164241 -0.000155433 -0.00370146 -9.57147e-05 0.000459464 -0.00406969 0.00565125 -3.07054e-05 0.00082723 -0.00304475 -0.00718796 -0.00671652 0.00243039 -0.00240695 -0.00196274 0.00104897 0.00101557 0.000893241 0.000834289 0.00316994 0.00103741 0.00157088 -0.00110909 -0.000905809 0.000624229 -0.000428424 0.00148486 0.000531111 -0.00291328 0.000140756 0.0220278 4.47378e-05 0.00104042 0.000196197 -0.00243767 0.00065217 3.12041e-05 -0.00125766 -2.7861e-05 0.00110535 0.000200454 0.000312744 -0.00013822 9.0385e-08 -2.00737e-06 -8.02094e-05 0.000500961 -0.000212807 -0.000933445 0.00164853 0.00144128 -0.00531223 -0.000126973 -3.93149e-05 0.000187643 8.998e-06 2.13092e-05 -0.00227256 -0.00267628 0.000504304 0.00116456 0.00100604 0.00128651 0.00324364 0.00105853 0.000715642 -0.00197628 0.00029933 -8.11814e-05 0.00023953 0.000108362 -2.24109e-05 0.000108992 -0.000987733 0.000326351 0.000526866 -0.000337176 0.000263042 0.000113802 0.000247331 -1.01919e-05 -5.35913e-05 -0.00417938 -0.000361688 -1.24004e-05 -0.00131412 -0.00402544 0.000298443 -0.000470635 3.41502e-05 5.13101e-05 0.000128278 -0.000325848 0.00218555 0.000141708 -0.000115911 -8.35258e-06 7.13621e-05 0.000799751 
2.10677e-05 0.000239255 -0.000184634 -0.000273691 7.77682e-05 3.345e-05 -0.000278033 -6.99944e-06 3.02138e-05 1.21394e-05 -0.000383339 -0.000226714 -0.000395814 2.25997e-05 0.000206275 -0.000125387 3.27864e-05 6.55448e-05 0.000177855 0.000134868 0.000104702 2.21515e-05 1.42763e-06 -1.36516e-05 0.000226299 6.40231e-05 0.000143665 -2.60367e-05 2.69593e-05 0.000154182 2.37456e-06 4.47378e-05 0.000721838 1.45554e-05 0.00018711 -0.000373238 3.70709e-05 2.39499e-06 -4.74921e-05 3.38989e-06 1.2198e-05 -8.85651e-06 3.956e-05 7.85812e-05 1.17445e-06 2.45992e-05 -2.54507e-07 2.23926e-05 2.03391e-05 -5.70341e-05 -0.00018659 7.268e-05 -0.000305677 1.34448e-06 -9.25001e-07 2.69596e-05 1.30218e-05 8.09374e-06 -0.000133784 -4.92223e-05 1.29372e-05 -8.06845e-06 4.94332e-05 5.1695e-06 -0.000187367 1.01494e-05 9.3258e-06 -0.000431376 8.3715e-05 2.97995e-05 2.9025e-06 9.61063e-05 1.34041e-06 -4.57097e-05 -9.82374e-05 4.97623e-05 4.67498e-05 1.26156e-05 9.12289e-06 1.07777e-05 -6.15181e-06 2.89411e-05 1.42766e-06 -9.52102e-05 5.51145e-05 8.41604e-06 -3.76794e-05 -0.000123638 2.27526e-05 0.000109675 1.22488e-06 1.42736e-06 2.79968e-06 5.30505e-05 0.000168834 2.55117e-05 4.18302e-05 1.82728e-05 -1.10182e-05 2.09983e-05 
