0.014252 -0.00285509 -0.000201397 -0.000939498 -4.08603e-05 -0.000303938 -0.000370664 0.000448553 0.00302181 -0.000424295 0.00100918 -6.83614e-05 0.00176852 -0.000114369 0.000262991 0.00163275 0.00232707 -0.00417249 -0.00298344 -0.00152649 -0.00421971 0.000967397 0.00189934 0.00178482 -0.00282158 0.000446407 -0.00333339 0.00113738 4.24464e-05 -0.00466643 0.00158123 0.00517261 -0.00011025 -0.000438784 3.40576e-05 0.00636548 0.000965428 -3.54746e-05 -0.000714839 1.23275e-05 -0.000177271 -0.000191875 0.00643777 0.00109771 -6.30185e-05 0.000509168 -0.000960007 -0.000422033 -7.3433e-05 0.000247132 -0.00234497 -0.000251833 0.000151413 -0.00228843 -5.22094e-05 -6.35952e-06 3.98712e-05 1.40878e-05 -4.59773e-05 -0.000745189 -5.2299e-05 -5.22972e-05 -0.000522157 -0.00517645 0.00034214 -0.000357677 3.68529e-05 -1.42545e-05 2.72985e-05 0.000239987 -0.000931496 1.26202e-05 -3.37333e-05 -0.000118656 -3.42489e-05 -0.000658629 -2.2448e-05 -0.000223484 -0.00310118 0.000270089 7.08476e-05 0.00141246 0.000429182 -2.50858e-05 -0.00412557 -0.000208353 -0.00023316 -0.00131557 0.000207254 -0.0045074 -0.0016231 0.00121307 -0.000134537 -9.11904e-05 -0.000193809 -5.11226e-05 -0.000639628 0.00348824 -0.000298666 0.00133115 
-0.00285509 0.199587 -0.00386028 -0.0106176 -0.0261331 -0.00394948 -0.00701468 -0.00529301 -0.000789823 0.001642 -0.0188537 0.00224984 0.0405641 -0.00511815 -0.00485602 0.0017821 -0.0125671 0.0161443 0.0412705 -0.00725968 0.0431965 0.0285611 -0.000927911 0.0190876 0.0137938 -0.000460209 0.0236291 0.0136851 0.00242108 0.0303122 -0.00829652 -0.0195813 -0.00181879 -0.00451705 0.000807864 -0.043264 -0.00467666 -0.0153674 -0.0150619 -7.38981e-05 -0.00581825 -0.00190112 -0.0515718 -0.00350889 -0.0313634 -0.00212216 -0.00957665 0.00137055 -0.000559729 -0.00079241 -0.0188705 -0.0076172 -0.00171119 -0.0156266 -0.000460115 -6.14552e-05 -0.00102807 -0.000569163 -0.00141634 -0.00699816 -0.00107792 -0.00101505 -0.0141806 0.0459671 -0.000453127 -0.00608981 -5.15436e-05 -0.000749173 2.35286e-05 -0.00636574 -0.0115412 -8.26563e-05 -0.000921086 0.0008207 -3.83936e-05 -0.0068081 -0.000550001 -0.00287784 -0.0224005 -0.00627869 0.000291265 0.00712172 -0.00401266 0.000875699 0.0357239 0.00104159 -0.00172655 -0.023904 -0.00188638 -0.0116405 0.00609394 -0.00491927 -0.00556111 -0.00203354 0.00146383 -0.00438848 -0.00672092 -0.0169133 -0.0298615 0.000307843 
-0.000201397 -0.00386028 0.0212212 -0.000654665 -0.00327927 -0.000493144 -0.000268966 -0.000479907 -0.000348644 -0.000228448 -0.000881758 -0.00131934 -0.00494991 -0.00196604 -0.00129605 -0.00252088 0.00440688 -0.00529949 0.00432341 0.00193432 0.00421258 -0.00277675 -0.00155241 0.00378319 0.000234442 0.000187233 0.00024939 -0.00342295 -3.14012e-05 -0.00303575 0.00127711 -0.00190623 0.000408593 0.00024721 -4.93688e-05 -0.000774103 -0.000325266 0.00376859 -0.000260647 0.000106413 0.00104525 0.000138598 -0.00131953 0.00126387 -0.00215148 -0.000170028 -0.00127459 0.000179312 -5.887e-05 5.08684e-06 0.00398443 -0.000529912 1.67661e-05 -0.00158814 0.000104647 5.32624e-05 -6.44287e-05 -6.02302e-05 0.000432537 0.00277265 0.000599403 0.000279195 0.00195653 0.000914172 -0.000366695 -0.00171185 0.000105986 -1.22237e-05 6.68193e-05 -0.000277398 -0.000711994 7.30198e-06 -5.7202e-05 8.73208e-05 -2.90271e-05 -0.00112851 0.000227471 -0.000365809 0.00424484 -0.000287344 5.15757e-05 -0.00166271 0.0029353 -0.000143736 -0.00193509 0.000613586 0.00110672 -0.00162428 -8.52703e-05 -0.00528389 0.00121144 0.00163806 0.000351561 2.81467e-06 0.00124406 -5.90904e-05 -0.00115932 -0.00357129 -0.0037235 -0.000404617 
-0.000939498 -0.0106176 -0.000654665 0.0973373 0.034363 0.000686631 0.00190034 0.000809622 -0.00210453 -0.000319267 -0.00509101 0.00194877 -0.0303195 -0.00909406 0.0120899 -0.0285852 2.64581e-05 -0.0170519 -0.015956 -0.00219657 -0.010998 -0.0149002 -0.00126286 0.00201602 0.0311342 -0.000120041 -0.00143736 -0.0279931 -0.000300158 -0.0227188 -0.002412 -0.00368728 -0.000803965 8.12967e-05 -8.17038e-05 0.0108985 -0.00198017 0.0128901 0.016356 9.19064e-05 3.29394e-05 -0.000577589 -0.00357136 -0.00223245 0.0229891 0.00761232 0.00103998 -0.00344738 0.00093617 -0.00127502 -0.00411942 -0.00310332 -0.000312393 -0.0115537 -4.60065e-05 1.34153e-05 -0.00053308 0.00128784 0.000639737 0.0111393 -0.000481699 0.00149736 0.0229871 -0.0260621 0.000869951 -0.00308162 -4.21605e-05 -0.000130134 -0.000112732 0.00102081 0.0161744 2.84136e-05 -0.000323761 0.00124394 -0.00015628 -0.0055407 3.58219e-05 0.00898957 -0.00495636 0.00380014 -0.000603865 -0.00634479 -0.00898168 -0.000709152 -0.00496872 -0.000676514 0.00619429 -0.00611524 -0.000287458 -0.00656836 -0.00991449 -0.00175204 -0.000601757 -0.000771289 -0.00551478 0.0016842 -0.00203908 0.00199829 0.00673287 -0.00244413 
-4.08603e-05 -0.0261331 -0.00327927 0.034363 0.157972 0.000391084 0.00329047 0.00395799 -0.00402658 0.0131727 0.015979 0.0116342 -0.0384782 -0.0184227 0.0450732 -0.0263384 0.00685322 -0.0290936 -0.0320467 -0.00215201 -0.0316424 -0.0294593 0.0196029 -0.00337309 0.0425088 -0.00150698 -0.00570302 -0.0607101 0.000119219 -0.0344834 -0.00707706 0.00172304 -0.0016336 -0.000529726 -0.000287879 0.0240582 -0.00510921 0.00566516 0.0113449 -0.000300049 -0.00249453 -0.00177128 -0.00206508 -0.000814864 0.0506612 0.00788559 0.00948486 -0.00614931 -0.000277659 -0.00158449 -0.00882242 0.00140531 0.000878148 -0.0152841 -0.000624285 0.000212256 0.000506692 0.00168521 0.00313783 0.00727282 -0.000599377 0.00179111 0.0349398 -0.0736357 0.00163701 0.00248861 -0.000109446 0.000533175 -0.000362494 0.00495165 0.015378 -1.34124e-05 -0.000505277 -0.000237844 -0.000579447 -0.00411688 -0.000555031 0.00581667 -0.0131241 -0.000683702 -0.00119577 -0.00258602 -0.0124336 0.000233296 -0.0109426 -0.00112607 -0.00281155 -0.0057954 -0.00118481 0.000963851 -0.0140244 -0.01241 0.00387004 -0.00131128 -0.00769125 0.000217931 -0.00320211 0.0211834 -0.00160091 -0.000289357 
-0.000303938 -0.00394948 -0.000493144 0.000686631 0.000391084 0.0291677 -0.000262861 -0.000534654 0.000650808 -0.000458696 0.000883391 0.00159481 -0.000945764 0.000954609 0.00125214 -0.00606855 -0.00215395 -0.00536233 0.0064545 -0.0109532 0.010347 0.00440919 0.00277931 0.00086358 -0.00771221 0.000112231 0.00203615 -0.000661498 0.000912622 -0.00345031 0.000282478 -0.00200718 -0.000114745 -0.000156042 0.000399199 -0.0045048 -0.000628506 0.00209163 -0.00167046 9.69472e-06 -0.000353919 0.000950489 -0.00731297 -0.000846828 -0.00472927 -0.00039337 -0.00321877 0.000139 0.00131653 -0.000219202 0.00985194 0.00048036 -3.22873e-05 0.00490666 0.000563459 4.42725e-06 -4.70767e-05 -4.51008e-05 0.000401384 0.000528677 -5.03687e-05 3.97426e-07 -0.0052699 0.00400373 -0.00024496 -0.00152841 -3.44663e-05 5.91013e-05 8.42851e-05 -0.000665997 0.00220436 -1.41669e-06 -6.78888e-05 0.000404246 3.67721e-05 -0.000813811 -3.08721e-05 -7.50511e-05 -0.00906729 -0.000648766 -0.00010115 -8.04825e-05 -0.000198162 -8.37404e-05 -0.00746573 -0.000303185 0.000184808 -0.00182234 -1.68121e-05 -0.00810946 0.0147446 0.00134629 -0.000867896 6.50072e-05 0.00215424 0.00108042 -0.000301757 0.000918198 -0.00524879 -1.82761e-05 
-0.000370664 -0.00701468 -0.000268966 0.00190034 0.00329047 -0.000262861 0.0351669 -0.00106918 -0.000867154 0.000325281 -0.00318622 0.00374651 -0.00680196 0.00418218 -0.00230985 -0.000255766 -0.0102051 0.00794687 -0.00487379 -0.00212048 -0.00969759 0.00305426 -0.0111785 -0.0186438 -0.00330351 -0.000154571 -0.0066102 0.00249388 5.89855e-05 0.0138952 -0.000649028 -0.00349922 -0.000177655 -0.000285992 -8.71747e-05 -0.00538873 -0.0004868 0.000265522 0.00598334 -1.80229e-05 -0.00101475 -0.000257692 -0.0109365 0.000482794 0.00403912 -0.000249031 -0.00304965 0.0013518 -0.000203572 -4.55611e-05 -0.00695759 0.000399532 -0.000243827 0.00858933 -5.09712e-05 -2.82951e-06 0.000653941 1.00264e-05 -0.000293453 0.00031374 0.000551748 -0.000182057 -0.000638658 0.00115406 -0.000945803 0.00161612 -3.74582e-05 0.000396296 6.33162e-05 -0.000919762 0.00271377 1.08085e-06 0.000872154 -0.000184636 1.55553e-05 0.00187074 -7.76943e-05 0.000838581 0.0103158 -0.000732348 0.000196814 -0.00235001 -0.00244004 -0.000309102 -0.00294094 -0.00041011 -0.00112148 0.0141889 -0.000195562 0.00897403 -0.00091488 0.00105638 0.00110862 -0.000311241 0.00250237 0.000563966 0.00150652 -0.00446506 -0.00568335 -0.000703649 
0.000448553 -0.00529301 -0.000479907 0.000809622 0.00395799 -0.000534654 -0.00106918 0.0306294 0.0021397 0.000436542 0.00491835 -0.00164378 -0.000452806 -0.00282388 0.00668621 -0.00932633 0.00948242 -0.0103855 -0.00667512 -0.0026236 -0.00518394 -0.00460347 0.0143245 0.00227802 0.00202946 -8.72498e-05 -0.000530441 -0.00656223 -0.000118701 -0.0114593 -0.00112274 0.00711696 -3.26035e-05 -0.000836562 -5.05012e-05 0.0125742 0.000272885 -0.00106011 -0.000178112 2.51641e-05 0.000413106 -0.000339238 0.0137672 9.03085e-05 0.00425288 -0.000242017 0.00222449 -0.000915243 -8.30843e-05 -0.000393166 -0.000342078 -0.000965472 0.000762705 -0.00584505 -0.000133284 -1.03682e-05 -8.37579e-05 0.000558428 0.000287458 -0.00192995 6.32647e-05 0.000195734 0.000669064 -0.0137424 0.0015813 -0.000176225 -3.01712e-05 -8.43077e-05 4.58802e-05 0.00356028 -0.00163499 -4.46437e-06 -0.000137928 -0.000204356 -0.000153823 -0.00147471 3.35522e-05 0.000393273 -0.00959613 0.00112636 -0.000111773 -0.000810098 -0.000126591 0.000532314 -0.00453344 0.000338364 -0.00157503 -0.00346184 -0.000220744 -0.00942956 -0.00361166 -0.00213437 0.000287786 0.000209789 -0.00165382 -0.000210862 -0.000808418 0.00686455 0.00431335 -0.000357398 
0.00302181 -0.000789823 -0.000348644 -0.00210453 -0.00402658 0.000650808 -0.000867154 0.0021397 0.0314589 -0.00108091 -0.00093017 -0.00225135 0.00356223 -0.00150234 -0.00431267 -0.00195705 0.00685966 -0.00480769 0.000645329 -0.00925292 0.0086956 0.0148252 -0.00253785 0.0070476 -0.0124026 0.00018026 2.27163e-05 0.0128972 -0.00029639 -0.00940888 0.00419646 -0.00121364 -0.000296712 -0.000865387 0.000180501 -0.00178733 -4.25533e-05 -0.000229149 -0.00152248 -3.07133e-05 0.00342275 -0.000139003 0.000435553 0.00202922 -0.00264712 0.000910736 -0.00368734 -0.00052691 6.18071e-05 -0.00039909 -0.00359426 -0.000831335 0.000590029 0.000430599 -3.36643e-05 -1.39601e-05 2.4156e-05 3.0925e-05 0.00016309 0.000392492 7.09639e-05 -1.39351e-05 0.00353172 0.00361554 -0.000260561 -0.00224647 0.000114816 -9.6112e-05 0.000417719 0.000972058 -0.00146031 1.55252e-05 -0.000149845 0.000493465 -6.79083e-05 -0.00124912 2.45404e-05 -0.000448929 -0.0154876 -0.000237493 0.000279307 0.00909556 -0.0017046 -0.000194766 -0.0113731 9.20971e-05 -0.00183862 -0.00291482 -0.000318257 -0.00744468 0.00161164 -2.64439e-05 -0.00070607 -0.000201759 -0.00139468 0.000131498 0.00278368 0.00433653 -0.00600986 0.000122249 
-0.000424295 0.001642 -0.000228448 -0.000319267 0.0131727 -0.000458696 0.000325281 0.000436542 -0.00108091 0.0403252 0.00272866 -0.00105899 -0.00263128 -0.00211778 0.020034 -0.00918646 -0.00484938 -0.00640075 -0.00458654 0.00766391 -0.0140397 -0.00749891 -0.000609688 -0.0121469 0.00550622 -0.000204179 -0.00245431 -0.0126761 0.00199127 0.0045042 -0.00176584 0.00242468 0.000712961 3.4862e-05 -3.4561e-05 0.000785799 0.000111377 -0.00165011 0.000349209 1.13468e-05 -0.000850202 -0.000580337 0.00306999 -0.000786443 0.0141771 -0.000717497 0.00390661 -0.00113567 -1.1823e-05 -0.00033843 -0.00215579 0.00134341 0.000439509 -0.00589897 -3.04547e-05 1.90359e-05 0.000213916 5.18389e-05 0.00045466 -0.00348666 -3.5477e-05 -0.000302508 -0.000706629 -0.0208552 0.000121152 -0.00217879 6.63689e-05 0.000712071 -2.86077e-05 0.00209881 0.000208336 -1.36386e-05 0.000230708 -0.000372538 8.41125e-05 0.000276256 -8.54831e-05 0.000134408 0.00791684 -0.000477925 0.000252573 -0.00133611 -0.0036505 0.00039519 -0.00170116 0.000485564 0.000335161 0.00264712 0.000488514 0.00327848 -0.00515941 -0.00281354 0.00234915 -0.000570394 0.00176344 -0.000522171 -0.00024544 -0.00232977 -0.00414101 -0.00033881 
0.00100918 -0.0188537 -0.000881758 -0.00509101 0.015979 0.000883391 -0.00318622 0.00491835 -0.00093017 0.00272866 0.0893276 -0.00194749 0.0145967 -0.00540155 0.0347275 -0.00825575 0.00115803 -0.0359476 -0.00344071 -0.0194338 0.0104734 -0.0109425 0.0405513 0.00243923 0.014329 -0.000969091 -0.0186135 -0.0291916 0.001258 -0.0347989 0.00389966 0.0204218 0.00271887 -0.00156011 -1.36028e-05 0.0258879 -0.00142903 0.00494017 -0.00182475 -5.36117e-05 -0.000686931 -0.000193429 0.0257179 -0.00487214 -0.00431813 0.000427818 0.00973819 -0.00298104 0.00114001 0.0021516 0.011785 0.0025266 0.00311079 -0.0184402 5.82777e-05 0.000208367 0.000744085 0.000723831 0.0035779 -0.0124016 0.000337815 -0.000479703 -0.0190677 -0.0481204 0.00388029 -0.00678866 -7.18755e-05 0.000201886 -0.000120172 0.0139301 -0.00126771 -2.78445e-05 0.000120092 0.0008381 0.0001121 -0.00277539 0.000899332 -0.000486823 -0.035641 0.00824742 -0.000139352 0.0172096 -0.0024479 0.00203096 -0.00958891 -0.000637161 7.01319e-05 -0.0114863 0.00162662 -0.0282835 -0.00839642 -0.00512489 -0.00405983 -0.00123619 -0.00590181 -0.000109987 -0.00218761 0.0156084 0.016108 0.00572795 
-6.83614e-05 0.00224984 -0.00131934 0.00194877 0.0116342 0.00159481 0.00374651 -0.00164378 -0.00225135 -0.00105899 -0.00194749 0.0762637 -0.0130266 -0.00381888 -0.00872829 -0.0103897 -0.0123149 -0.00376048 -0.000121089 -0.0268237 -0.000867611 0.00336069 0.0105124 0.00124072 -0.000928024 -0.000195483 0.000808882 -0.00233702 5.24905e-05 0.0066281 -0.00328132 -0.0044308 -0.000530374 -0.000583094 -6.90324e-05 -0.00449515 0.000559216 -0.000442538 -0.00179211 -5.82346e-05 -0.000313581 -7.35526e-05 -0.0122992 -0.000131616 -0.00132246 0.00189844 0.00197653 -0.00211933 0.000820397 0.00409591 0.0147157 0.000757942 -0.000113088 0.00530816 0.000179452 3.32001e-05 0.000334399 0.000415347 -0.000218151 0.00496951 -0.000268108 0.0011584 -0.00899025 0.00338801 -0.00051495 -0.00469514 -7.88182e-05 -0.000158144 1.4196e-05 -0.000282268 0.013609 2.33789e-05 0.000724894 -0.000207179 6.63146e-05 0.00268414 -0.000208388 0.000427357 -0.0141249 -0.00109131 -0.000467151 -0.00430537 -0.00331065 0.00136423 -0.015374 0.000127916 -0.0042086 0.00511193 -0.000775528 -0.00808608 0.0158149 -0.00395466 -0.000779882 0.00164592 -0.00194552 0.00209234 0.00553598 0.000485898 -0.0120501 -0.00062836 
0.00176852 0.0405641 -0.00494991 -0.0303195 -0.0384782 -0.000945764 -0.00680196 -0.000452806 0.00356223 -0.00263128 0.0145967 -0.0130266 0.199454 0.00952307 0.0160654 0.0112188 0.0101605 -0.0284541 0.022315 -0.0214141 0.0456934 0.0250255 0.0254816 0.0100388 -0.0264708 -0.00182008 0.0230729 0.039867 0.000697642 0.00286062 0.00574908 0.0140453 -0.000251699 -0.00771525 -0.00019301 0.00981051 -0.00112337 -0.0225827 -0.0293086 -0.000385729 -0.00831343 -0.00461999 0.0137457 -0.00575801 -0.0574937 -0.00779251 -0.00914378 -0.00458829 -0.00147335 0.000879206 0.0155603 -0.00278639 -0.000637294 -0.0070154 -0.00125859 -7.60969e-05 -0.00128974 -0.00172806 -0.000125058 -0.0386749 -0.00106144 -0.00397663 -0.0520221 0.0322296 -0.00161409 -0.0196414 -9.54924e-05 -0.000711303 8.71309e-05 0.00140332 -0.0158893 -0.000178085 -0.000636955 0.00118031 4.35234e-05 0.00407494 -0.000631963 -0.00365534 -0.0392729 -0.00560537 0.000111384 0.0142713 0.00451524 -0.00071582 -0.00920567 0.000957173 -0.00178162 -0.0259674 -0.00163939 -0.0354286 0.00159254 0.00202648 -0.0148313 -0.00734084 -0.0103511 -0.00651791 -0.00111051 0.0230685 -0.00208367 0.00474905 
-0.000114369 -0.00511815 -0.00196604 -0.00909406 -0.0184227 0.000954609 0.00418218 -0.00282388 -0.00150234 -0.00211778 -0.00540155 -0.00381888 0.00952307 0.0983663 -0.00393198 0.0106956 -0.0355036 0.037126 -0.00656576 -0.017181 -0.0182781 0.00813037 -0.0302702 -0.0522151 -0.00469405 0.00327674 -0.00996182 0.0324235 0.000253309 0.0373209 0.0106575 -0.00536405 -0.000955813 0.0017691 -7.01693e-05 -0.00925425 0.00235762 -0.00870633 -0.00418451 -0.000220086 -0.00375726 0.000500029 -0.0194162 -0.0042101 -0.0102017 -0.00183833 -0.0106413 0.000814236 -0.000285778 -0.00121196 -0.0190146 0.0127748 -0.000505265 0.0110651 -0.000229882 -1.43286e-05 -0.000552348 -0.000281957 -0.000539476 -0.0111722 0.0015078 -0.000488108 -0.0142772 0.0173868 -0.00273289 0.0111631 4.71177e-05 0.00107852 1.40844e-05 -0.00250448 -0.00634671 1.86724e-05 0.00186847 0.000401939 0.000157275 0.0212821 5.77781e-05 -0.000922042 0.0095916 -0.00125666 -0.00061913 0.00380022 -0.00645868 -0.00104191 -0.00423998 -0.00139726 -0.00221504 0.016961 0.000154359 0.0185671 0.00248009 0.00197121 -0.00261396 -0.00159645 -0.00218418 0.000715838 0.00886454 -0.00656573 -0.00440858 0.00319757 
0.000262991 -0.00485602 -0.00129605 0.0120899 0.0450732 0.00125214 -0.00230985 0.00668621 -0.00431267 0.020034 0.0347275 -0.00872829 0.0160654 -0.00393198 0.18244 -0.0351973 0.0230863 -0.0506982 -0.0143686 0.0141025 -0.0105519 -0.0396057 0.0405632 -0.010709 0.0459851 -0.00135568 -0.00669846 -0.0685268 0.00354329 -0.0189099 -0.00657904 0.0155623 0.00239509 -0.0013145 0.000849063 0.0276231 0.0010618 -0.003944 -0.00135251 -0.000347277 -0.00714899 -0.00275059 0.0301138 -0.00876738 0.0260525 0.00128549 -0.00669911 -0.00682562 -0.00102928 -0.00180736 0.0191813 0.00286955 0.00143446 -0.0275049 -0.000720742 9.25956e-05 -0.000393901 0.000689456 0.00514708 -0.0214373 -0.00109169 -0.000671124 -0.0005271 -0.0599177 -0.00186882 -0.0166756 -0.000154215 0.000899773 -0.000513433 0.0109559 -0.0140709 -7.07118e-05 -0.000483063 0.00367207 -0.00020142 -0.00640544 -0.000488759 0.00285186 -0.0148724 9.54579e-05 -0.00106087 0.000483142 -0.0151484 -0.00027682 0.0171842 -0.00352807 0.0128358 -0.0183935 -2.23578e-05 -0.0217973 -0.0228265 -0.0141306 -0.000244004 -0.00415146 -0.0108505 -0.000954349 -0.00798886 0.0177427 -0.030066 0.00314033 
0.00163275 0.0017821 -0.00252088 -0.0285852 -0.0263384 -0.00606855 -0.000255766 -0.00932633 -0.00195705 -0.00918646 -0.00825575 -0.0103897 0.0112188 0.0106956 -0.0351973 0.175243 -0.0313082 0.0690944 -0.0289312 0.0560081 -0.0229412 0.000144858 -0.0649339 -0.00449172 0.0163127 -0.00378686 -0.00984121 0.0474401 -0.00346188 0.0469233 -0.00626381 -0.00723612 -0.00282857 0.0053992 -0.0011365 -0.0176307 0.00476403 -0.0272124 0.00659145 -0.000763714 -0.0120948 -0.00667622 -0.00416775 0.00206809 0.0106123 -0.00166451 -0.0107463 0.00521163 -0.00564804 -0.00470837 -0.0409885 0.000483899 -0.000416059 0.00842919 -0.00211884 -5.81143e-05 -0.00518424 -0.00209836 -0.00788302 -0.0298734 -0.00133285 -0.000383929 0.019309 0.0252951 -0.00924196 0.011403 -0.000643865 -0.000531082 -0.00048004 -0.00774055 -0.0546265 -0.000237557 -0.000608168 -0.00688718 -0.000298005 0.00746687 -0.00132801 -0.00386009 0.0632355 -0.0115415 -0.00157494 -0.00523006 -0.0134384 -0.00322986 0.0415556 -0.007073 -0.00731541 0.00695484 -0.00141489 0.0585083 -0.0225001 -0.00716416 0.00317249 -0.00288174 0.00285233 -0.00286095 -0.00927796 -0.0234799 -0.0102864 0.00283616 
0.00232707 -0.0125671 0.00440688 2.64581e-05 0.00685322 -0.00215395 -0.0102051 0.00948242 0.00685966 -0.00484938 0.00115803 -0.0123149 0.0101605 -0.0355036 0.0230863 -0.0313082 0.244721 -0.0952283 -0.00716059 0.0199904 0.0260187 -0.0292749 0.0750302 0.0742492 -0.0092636 0.000264302 0.0287782 -0.0734151 -0.00254995 -0.0922227 0.0078355 0.0290046 -0.00157964 -0.00387042 -8.30995e-05 0.0372656 0.00355809 0.0123651 -0.0206322 0.000165187 0.00104319 -0.00280262 0.074509 0.00106432 -0.0161055 -0.00186282 0.0119213 -0.00855531 0.000366804 -0.00398757 0.0444767 -0.0169072 4.36328e-05 -0.0123444 -0.000590231 -0.000163521 -0.00221513 -0.000919669 0.00341803 0.0073713 -0.000373234 -0.00154146 -0.0360223 -0.0228232 0.00541427 -0.00866287 0.000148192 -0.0015701 -0.000320202 -0.001696 -0.00977807 -6.09922e-05 -0.00325058 0.0025042 -0.00209818 -0.0242094 -0.000218651 -0.000413161 -0.020455 -0.000167075 0.000649743 -0.00481381 0.0234129 0.00137344 -0.00299978 0.000967164 -0.00450529 -0.0531843 -0.00016874 -0.0732924 -0.00824314 -0.0102561 -0.000608648 0.00651466 -0.01111 -0.000723933 -0.0155009 0.0388524 -0.0144445 -0.0035091 
-0.00417249 0.0161443 -0.00529949 -0.0170519 -0.0290936 -0.00536233 0.00794687 -0.0103855 -0.00480769 -0.00640075 -0.0359476 -0.00376048 -0.0284541 0.037126 -0.0506982 0.0690944 -0.0952283 0.242889 -0.0450592 0.0494622 -0.0706031 0.00166227 -0.112077 -0.0679953 0.0090941 -0.00214518 -0.0138122 0.0840365 -0.00210941 0.124441 -0.0117503 -0.0345932 -0.00495977 0.00863673 -0.00123331 -0.0654808 0.00146782 -0.0353677 0.0153633 -0.000790267 -0.015155 -0.00363656 -0.0656705 0.00502667 0.00326861 0.000269479 -0.0295331 0.0141557 -0.00344701 -0.00438173 -0.0605813 0.011031 -0.00246223 0.0132901 -0.00171147 -0.000155232 -0.00255949 -0.00131694 -0.00488872 -0.0104851 0.000105169 -0.00151609 0.0283655 0.0723893 -0.0102381 0.0332563 -0.000203942 0.000515879 -0.000589738 -0.0106975 -0.0326217 -0.000133204 0.00117257 -0.0042658 0.000274705 0.0234249 -0.000925484 -0.00351134 0.0995443 -0.0101092 -0.00105733 -0.0108309 -0.0318936 -0.00350077 0.0365499 -0.00437227 -0.00122826 0.0515785 -0.00254684 0.126816 -0.022639 -0.0025379 0.00817298 -0.00411956 0.0151768 0.00175359 0.00382109 -0.0542932 -0.0305243 -0.00234386 
-0.00298344 0.0412705 0.00432341 -0.015956 -0.0320467 0.0064545 -0.00487379 -0.00667512 0.000645329 -0.00458654 -0.00344071 -0.000121089 0.022315 -0.00656576 -0.0143686 -0.0289312 -0.00716059 -0.0450592 0.198586 -0.0549429 0.0924417 0.0506729 0.00790784 0.0260302 -0.0773637 0.00242215 0.00864141 0.0255429 0.00181501 -0.0170146 0.0129385 -0.0246868 0.00420588 -0.00656877 0.00196333 -0.0353371 -0.00333037 0.0155118 -0.0132145 -2.18146e-05 0.0105711 0.0065772 -0.0517699 -0.00746535 -0.0427006 -0.0020496 -0.0194532 0.00196427 0.00244949 0.00804652 0.0209518 -0.00852351 -0.00161946 0.0124107 0.00227512 -5.28264e-05 0.00129515 -0.000599418 0.00150685 0.0189956 0.00160423 -0.00071937 -0.0257798 0.0396987 -0.00334278 -0.0109199 0.000415691 0.000146229 9.65393e-05 -0.00458061 0.0187294 0.000131484 0.00017989 0.00118089 0.000744094 -0.00696147 0.00110851 -0.00383257 -0.0683097 0.00148719 0.00379198 0.0112027 0.0254738 -0.000495426 -0.00775682 0.00238477 -0.00867448 -0.0195373 0.00160027 -0.0570269 0.0407556 0.0111587 -0.00722613 0.00170518 0.00537107 -0.002258 -0.00248041 0.00106776 -0.0126615 0.0012796 
-0.00152649 -0.00725968 0.00193432 -0.00219657 -0.00215201 -0.0109532 -0.00212048 -0.0026236 -0.00925292 0.00766391 -0.0194338 -0.0268237 -0.0214141 -0.017181 0.0141025 0.0560081 0.0199904 0.0494622 -0.0549429 0.223295 -0.0682775 -0.0511485 -0.0618283 0.00379391 0.0177041 -0.00592386 -0.00105563 -0.0317183 -0.00267425 0.0459922 -0.0142725 -0.0124387 -0.000215941 0.00483557 -0.00118375 -0.0010764 0.0059519 -0.0208494 0.0114896 -0.000227913 -0.00880946 -0.00580183 0.0316574 0.0122012 0.0345086 -0.000861139 -0.0100914 0.00328069 -0.00490215 -0.0115014 -0.0357963 -0.00958969 -0.000875489 -0.0158888 -0.00216501 -0.000190988 -0.00332246 -0.0012275 -0.00284015 0.00687581 -0.00220962 -0.00108891 0.047231 -0.0114044 -0.00312144 0.010119 -0.000127798 -0.000196049 -0.000911 -0.0062164 -0.0402615 -0.000209566 -0.001602 -0.00325578 -0.00160185 -0.00639677 -0.00143192 -0.00222777 0.131072 -0.0122126 1.76424e-05 -0.0355424 -0.016059 -0.00426419 0.0838231 -0.0075787 0.00813995 -0.00406515 -0.000472172 0.0748462 -0.069797 -0.0173119 0.010314 -0.00447538 -0.00290363 -0.00264855 -0.0214212 -0.0521227 -0.0101576 -0.0083802 
-0.00421971 0.0431965 0.00421258 -0.010998 -0.0316424 0.010347 -0.00969759 -0.00518394 0.0086956 -0.0140397 0.0104734 -0.000867611 0.0456934 -0.0182781 -0.0105519 -0.0229412 0.0260187 -0.0706031 0.0924417 -0.0682775 0.240164 0.0391516 0.0449246 0.0722397 -0.0446046 0.000770108 0.0368244 -0.00497497 0.000859201 -0.0620016 0.0119385 -0.011814 0.0048042 -0.00773936 0.00147075 -0.0429058 -0.00821358 0.0164524 -0.0202878 0.000103352 0.00985483 0.0042306 -0.0496006 -0.00695261 -0.0628242 -0.00330851 -0.0179415 -0.00990394 0.00302591 0.000372097 0.0616779 -0.00679356 -0.000996378 0.0166553 0.0015417 -5.72005e-05 0.000812398 -0.00121984 0.0012603 0.0018699 -2.34883e-05 0.000344554 -0.0313937 0.0575748 -0.003983 -0.0261152 -8.86228e-05 -0.000893499 0.000120864 -0.006614 0.0142965 2.09349e-05 -0.00175975 0.00495082 0.000552831 -0.016052 7.03039e-05 -0.00501227 -0.104822 -0.000285467 0.00180279 0.0146394 0.0171537 0.000925121 -0.0162151 0.00367854 -0.00272992 -0.041195 -0.00195483 -0.0818209 0.0564031 -0.000619698 -0.0141777 0.000225851 -0.00813304 -0.00230526 0.00263615 0.0244629 -0.0186929 0.00238651 
0.000967397 0.0285611 -0.00277675 -0.0149002 -0.0294593 0.00440919 0.00305426 -0.00460347 0.0148252 -0.00749891 -0.0109425 0.00336069 0.0250255 0.00813037 -0.0396057 0.000144858 -0.0292749 0.00166227 0.0506729 -0.0511485 0.0391516 0.171406 -0.0167646 0.00072128 -0.067346 0.000739401 -0.00307319 0.0749562 -0.000658863 -0.00420385 0.00963701 -0.0165819 -0.000139485 -0.00318823 0.000466814 -0.0290474 -0.00138152 0.010151 -0.0103262 -3.59266e-05 0.00277243 0.00142376 -0.0380958 0.00681125 -0.0323494 -0.00402147 -0.023991 0.00236479 0.00304123 0.0063834 -0.0165306 -0.00103973 -0.000398197 0.0200775 0.000658754 -5.81585e-05 0.000646263 -0.000108308 -0.00156044 0.00474729 9.96442e-06 -0.000942253 -0.00113896 0.0369643 -0.00266209 -0.00604161 0.000112826 -0.000511524 0.000928776 -0.00456327 0.00459908 2.63132e-05 0.000772293 -0.000703007 0.000550505 0.00250044 -0.000257012 -0.00311645 -0.0597895 -0.00113031 -0.000597571 0.0309839 -0.00458846 -0.00160848 -0.0342439 -0.00281737 -0.0128828 0.0128646 -0.000952468 -0.0272427 0.0212552 0.0109519 -0.00484826 -0.00167608 -0.000151023 0.000842766 0.00969884 0.00689532 -0.00926632 0.00591558 
0.00189934 -0.000927911 -0.00155241 -0.00126286 0.0196029 0.00277931 -0.0111785 0.0143245 -0.00253785 -0.000609688 0.0405513 0.0105124 0.0254816 -0.0302702 0.0405632 -0.0649339 0.0750302 -0.112077 0.00790784 -0.0618283 0.0449246 -0.0167646 0.222372 0.0547753 -0.0063079 -0.00176259 0.00451398 -0.0733655 -0.000423366 -0.109585 -0.00510976 0.0405925 0.0021571 -0.00940724 -0.000178203 0.0598824 -0.00153024 0.00362326 -0.0152593 0.000406297 0.00828135 0.00128923 0.0614464 -0.0133968 -0.0233583 -0.000346244 0.0350189 -0.00957207 0.00287696 0.00570334 0.0781229 -0.00671491 0.00276092 -0.0236016 4.86812e-05 8.60807e-05 0.000357331 0.000811048 0.00419294 -0.0236428 0.000303014 0.000965057 -0.0471583 -0.0422328 0.0125645 -0.0234794 0.000187494 -0.00103272 -0.000220028 0.00829168 0.0159066 -4.91275e-05 -0.00100468 0.00323809 -0.000977826 -0.0156804 0.000502979 0.00104165 -0.0973063 0.00743369 -0.00152435 0.00916169 0.0270516 0.00436281 -0.0147025 0.00433409 -0.0059331 -0.0370594 -0.000460729 -0.105917 0.00886146 -0.015827 -0.00755375 0.00662625 -0.0142525 0.000796176 -0.00258768 0.0518072 0.0257234 0.000407655 
0.00178482 0.0190876 0.00378319 0.00201602 -0.00337309 0.00086358 -0.0186438 0.00227802 0.0070476 -0.0121469 0.00243923 0.00124072 0.0100388 -0.0522151 -0.010709 -0.00449172 0.0742492 -0.0679953 0.0260302 0.00379391 0.0722397 0.00072128 0.0547753 0.197489 -0.0125405 -0.0024577 0.0203177 -0.0351805 -0.00190115 -0.0879472 -0.000525421 0.00235669 2.49022e-05 -0.00686794 2.18133e-05 0.0111903 -0.00268603 0.00260917 -0.0128225 0.000159746 0.00602163 -0.00023435 0.023816 0.00603442 -0.00739468 0.00161115 -0.00311214 -0.0128044 0.000261804 -0.00161694 0.0390101 -0.0193845 0.000877569 -0.0166354 -0.000898684 -0.000161915 -0.00209721 -8.29047e-05 0.0012651 0.0128775 -0.00245901 0.00134741 0.0101701 0.00284105 0.00134959 -0.0193626 1.83915e-05 -0.00223105 -0.000166028 0.00114163 -0.0116754 -0.000113397 -0.00328051 0.00152633 -0.0019393 -0.0305555 -7.0829e-05 -0.0051287 -0.0402507 -0.0049602 -0.00151951 -0.00160471 0.0186957 0.000588287 0.0157165 -0.00210358 -0.00344103 -0.0619142 -0.00207826 -0.0653055 0.0126222 -0.00314595 -0.010283 0.00272889 -0.00713464 -0.0043032 -0.013839 0.0199774 -0.0018881 0.000623763 
-0.00282158 0.0137938 0.000234442 0.0311342 0.0425088 -0.00771221 -0.00330351 0.00202946 -0.0124026 0.00550622 0.014329 -0.000928024 -0.0264708 -0.00469405 0.0459851 0.0163127 -0.0092636 0.0090941 -0.0773637 0.0177041 -0.0446046 -0.067346 -0.0063079 -0.0125405 0.239714 -0.00229394 -0.00026911 -0.0641484 -0.00187926 0.0140057 -0.0155241 0.0146858 -0.00541774 0.00549824 -0.00114853 0.0209532 -0.00838157 -0.00840538 0.0155182 -0.000566241 -0.0084316 -0.00732417 0.00225757 -0.0162249 0.0512069 0.00138845 0.0287062 -0.00647606 -0.00215222 -0.00263987 -0.03104 0.00553312 0.000618648 -0.0535716 -0.00199618 0.000166017 -0.00275151 0.00113653 -0.00102359 -0.0256164 -0.00234502 0.000936997 0.0131041 -0.0668544 0.00687444 0.00860025 -0.000653157 -0.000300149 -0.000943146 0.00494575 -0.0174123 -0.000142978 0.000561044 0.00144756 8.79486e-06 -0.00390373 -0.000224031 0.00423941 0.0350368 0.000405353 -0.00416088 -0.0137421 -0.0273585 0.000577088 0.00632429 -0.00232236 0.0148408 -0.00438621 -0.00243449 0.0345351 -0.0314621 -0.0142895 0.00330008 0.000172645 -0.0206088 0.000809856 -0.00701502 0.000922162 0.0210618 0.00487499 
0.000446407 -0.000460209 0.000187233 -0.000120041 -0.00150698 0.000112231 -0.000154571 -8.72498e-05 0.00018026 -0.000204179 -0.000969091 -0.000195483 -0.00182008 0.00327674 -0.00135568 -0.00378686 0.000264302 -0.00214518 0.00242215 -0.00592386 0.000770108 0.000739401 -0.00176259 -0.0024577 -0.00229394 0.0121834 -0.000680813 0.00221206 0.000199206 -0.000712155 0.0018217 0.00131307 -8.27277e-05 -0.000292707 0.000193261 0.00046782 -0.000283405 -0.000148212 -0.000674255 1.75445e-05 -0.00011241 0.000363768 7.95658e-05 1.23849e-05 -0.00135026 -0.000133517 -0.000940302 0.000213428 5.40919e-05 0.00013056 -0.000589827 0.000159454 -6.11054e-05 0.00249062 2.54493e-05 -7.95554e-06 -4.12652e-05 7.27644e-06 -6.37292e-05 0.00264258 0.000280463 -6.97775e-05 -0.00262965 0.000296179 -0.000182489 0.000435834 4.54878e-06 0.000133958 -1.43794e-05 -0.000276892 0.000848575 9.54512e-06 -1.68673e-06 1.37652e-05 8.54165e-06 -0.000234819 0.000115661 0.000393242 -0.00259019 -2.08684e-06 -3.39704e-05 -0.000709949 0.000935378 6.75532e-05 -0.00340777 0.000308622 -0.000527898 -0.000531751 9.96949e-05 -0.0038827 0.00281379 0.0024888 -0.000243062 0.0010269 0.00183324 0.000274839 0.000895191 0.0013995 -0.00108341 0.000170892 
-0.00333339 0.0236291 0.00024939 -0.00143736 -0.00570302 0.00203615 -0.0066102 -0.000530441 2.27163e-05 -0.00245431 -0.0186135 0.000808882 0.0230729 -0.00996182 -0.00669846 -0.00984121 0.0287782 -0.0138122 0.00864141 -0.00105563 0.0368244 -0.00307319 0.00451398 0.0203177 -0.00026911 -0.000680813 0.132722 -0.00350894 -0.00248764 -0.00356473 -0.00340843 -0.00610828 -0.00289605 -0.00182797 -1.24064e-05 -0.0223703 -0.00018353 0.000632461 -0.0162667 -0.000167886 0.000753449 8.85676e-05 -0.0148679 0.000407827 -0.0249865 -0.00411014 -0.0108506 -0.000907688 0.000134147 -0.00412969 0.0147475 -0.00287348 -0.00322234 0.00793014 -7.82717e-05 4.71258e-07 -0.00157374 -0.000444233 -0.0032385 0.0139057 -0.00157309 -0.000425205 -0.00587532 0.03037 -0.00250711 -0.0216697 -0.000445633 -0.000798639 7.96847e-05 -0.0056001 0.00837718 -6.84688e-05 -0.00233741 0.000701276 8.62598e-05 -0.00384219 -0.00163585 -0.00179647 -0.00787511 -0.0065162 -0.00188801 -0.0152615 -0.00134314 -8.92285e-05 0.00886788 -0.000528988 -0.00777952 -0.0173924 -0.0044707 -0.0088828 0.0131465 -0.0012746 -0.00657743 -0.00102285 0.00142783 -0.00457988 -0.00092341 -0.0121804 -0.0157207 -0.00223136 
0.00113738 0.0136851 -0.00342295 -0.0279931 -0.0607101 -0.000661498 0.00249388 -0.00656223 0.0128972 -0.0126761 -0.0291916 -0.00233702 0.039867 0.0324235 -0.0685268 0.0474401 -0.0734151 0.0840365 0.0255429 -0.0317183 -0.00497497 0.0749562 -0.0733655 -0.0351805 -0.0641484 0.00221206 -0.00350894 0.231867 -0.0010068 0.0661198 0.0137524 -0.025562 -0.00323603 0.00075361 -0.000683282 -0.0454527 0.000943195 -0.0228386 -0.005806 -0.000529014 -0.00708504 -0.00248697 -0.0493116 0.0035553 -0.0329701 -0.00461906 -0.0386698 0.00895862 -0.00102627 0.0047899 -0.0438316 0.00789142 -0.00198152 0.0191533 -0.000490592 -0.000121852 -0.00174661 -0.00107395 -0.00374608 0.000288143 0.000937935 -0.00246485 -0.00929965 0.0807029 -0.0101156 0.00225469 3.6213e-05 -0.000351459 0.000300313 -0.00923818 -0.0153265 -5.06339e-05 0.00165902 -0.00292516 0.000303377 0.0252992 -0.000533824 -0.00456894 0.00359666 -0.0062948 -0.000586518 0.0186731 -0.0116778 -0.00253947 -0.0515711 -0.00293797 -0.00484971 0.0411689 -0.00234644 0.0315053 0.0247389 0.0177607 -0.00653649 -0.00488356 0.00660475 -0.00302145 0.0149941 -0.0107602 -0.00997469 0.000223415 
4.24464e-05 0.00242108 -3.14012e-05 -0.000300158 0.000119219 0.000912622 5.89855e-05 -0.000118701 -0.00029639 0.00199127 0.001258 5.24905e-05 0.000697642 0.000253309 0.00354329 -0.00346188 -0.00254995 -0.00210941 0.00181501 -0.00267425 0.000859201 -0.000658863 -0.000423366 -0.00190115 -0.00187926 0.000199206 -0.00248764 -0.0010068 0.0129584 0.00162936 -0.000365468 0.000230879 0.000939583 -1.5442e-05 0.000250338 -0.000937102 -0.000376639 0.000521765 -0.000618136 5.45203e-05 -0.000245241 -2.15649e-05 -0.00220898 -0.000357087 -2.04536e-06 2.10748e-05 0.000422635 -0.000273804 -1.13783e-05 0.000791486 0.0013052 -0.000255411 6.03933e-05 4.31286e-05 0.000305297 6.80546e-06 0.000422071 6.25303e-06 0.000271748 8.81127e-05 4.14493e-05 -3.69476e-05 -0.00156532 -0.00149219 -0.000276352 -0.000886314 -3.75437e-08 2.63663e-05 0.00013622 0.000295085 -3.19258e-05 5.99455e-07 6.2877e-05 0.000401967 8.29004e-05 0.000231319 9.62869e-06 0.000116106 -0.00289715 1.61051e-05 4.1158e-05 -0.000103738 0.000247509 9.64253e-05 -0.0031109 0.00151857 0.00128133 -5.99716e-05 0.000315697 -0.00386555 0.000880087 0.000108977 -0.000369093 -0.000174602 0.000953515 -9.96383e-05 0.000588602 0.000351331 -0.00208062 0.000281185 
-0.00466643 0.0303122 -0.00303575 -0.0227188 -0.0344834 -0.00345031 0.0138952 -0.0114593 -0.00940888 0.0045042 -0.0347989 0.0066281 0.00286062 0.0373209 -0.0189099 0.0469233 -0.0922227 0.124441 -0.0170146 0.0459922 -0.0620016 -0.00420385 -0.109585 -0.0879472 0.0140057 -0.000712155 -0.00356473 0.0661198 0.00162936 0.24367 -0.0123237 -0.0375306 -0.00218176 0.0075483 -0.00102739 -0.0623242 -0.000649849 -0.0278523 -0.00116909 -0.000689637 -0.014657 -0.00332896 -0.072683 -0.00286611 -0.00116717 -0.00769641 -0.0291207 0.00970092 -0.0033804 5.47283e-05 -0.0482122 0.00949764 -0.00273929 0.0175179 -0.000886003 -6.7693e-05 -0.00147976 -0.000942739 -0.00391122 -0.00651703 0.000773659 -0.00280683 -0.00227136 0.0648373 -0.0105073 0.0247384 -0.000233 0.000817331 -0.000310316 -0.0118933 -0.019557 -0.000104633 0.00227539 -0.00300864 0.000493231 0.0269953 -0.000927601 -0.00351953 0.0992253 -0.00997939 0.00111106 -0.0163625 -0.0223681 -0.00358584 0.00977109 -0.00119408 0.010459 0.0544455 -0.00233756 0.0986096 -0.00596553 -0.00210497 0.0101279 -0.00667383 0.00914438 0.000787154 0.0025804 -0.0675651 -0.0382267 -0.00272393 
0.00158123 -0.00829652 0.00127711 -0.002412 -0.00707706 0.000282478 -0.000649028 -0.00112274 0.00419646 -0.00176584 0.00389966 -0.00328132 0.00574908 0.0106575 -0.00657904 -0.00626381 0.0078355 -0.0117503 0.0129385 -0.0142725 0.0119385 0.00963701 -0.00510976 -0.000525421 -0.0155241 0.0018217 -0.00340843 0.0137524 -0.000365468 -0.0123237 0.0494122 -0.00208851 0.000442914 -0.00124519 0.000103436 0.00295825 0.0011427 0.00539244 -0.00258324 3.87474e-05 -0.00153177 0.000491457 -0.00553626 -0.00128565 -0.00763841 -0.000490487 -0.00509039 -0.000935955 0.000762545 0.000562741 0.00015381 0.00114794 0.000168901 0.00131442 5.13084e-05 5.4467e-05 -7.65542e-05 -1.64645e-05 0.00125174 -0.00357568 0.000607546 -0.00035118 -0.0090281 0.0012267 -0.000769742 -0.00241239 4.32323e-05 0.000123373 0.000225374 -0.000626545 -0.00104157 4.88457e-05 0.000148765 -0.000104341 0.000237325 -0.000774234 0.00105971 -0.000218751 -0.016377 0.00191877 0.000446023 0.0110172 0.00594663 -0.000322329 -0.0159911 0.0003661 -0.00299158 -0.00410896 0.00160319 -0.0136467 0.00894771 0.00154295 -0.00168466 0.000339937 -0.00128136 0.00120819 -0.000526646 0.0135883 0.00129421 0.00212136 
0.00517261 -0.0195813 -0.00190623 -0.00368728 0.00172304 -0.00200718 -0.00349922 0.00711696 -0.00121364 0.00242468 0.0204218 -0.0044308 0.0140453 -0.00536405 0.0155623 -0.00723612 0.0290046 -0.0345932 -0.0246868 -0.0124387 -0.011814 -0.0165819 0.0405925 0.00235669 0.0146858 0.00131307 -0.00610828 -0.025562 0.000230879 -0.0375306 -0.00208851 0.0906898 -0.000680424 -0.00259075 -0.000277168 0.0458221 -0.000321612 -0.0029201 -0.00439296 5.99296e-05 -0.00108273 -0.00078716 0.0555508 -0.00296068 -0.00310793 -0.00107617 0.0245653 -0.00350073 -0.000860578 -0.00045214 0.00818969 0.00124852 0.00149024 -0.0179016 -0.000391017 -4.15049e-05 1.05262e-05 -0.000178067 0.0013077 -0.0129974 -0.000242749 -0.000589105 -0.022824 -0.0515733 0.00367657 -0.00450663 6.92587e-05 -0.000256079 -0.00010518 0.00625818 -0.00600457 -9.59273e-06 -0.000535331 -0.000217884 -0.000403873 -0.00370918 0.00014664 0.00169771 -0.0204382 0.00647077 -0.000641669 0.00080145 0.000859966 0.0037286 -0.0251559 0.000698522 -0.00228935 -0.00920869 -7.16476e-05 -0.0265494 -0.00601816 -0.00218658 -0.0019786 0.00282185 -0.00523848 -0.000869407 -0.00293309 0.0352378 0.0219895 0.00336524 
-0.00011025 -0.00181879 0.000408593 -0.000803965 -0.0016336 -0.000114745 -0.000177655 -3.26035e-05 -0.000296712 0.000712961 0.00271887 -0.000530374 -0.000251699 -0.000955813 0.00239509 -0.00282857 -0.00157964 -0.00495977 0.00420588 -0.000215941 0.0048042 -0.000139485 0.0021571 2.49022e-05 -0.00541774 -8.27277e-05 -0.00289605 -0.00323603 0.000939583 -0.00218176 0.000442914 -0.000680424 0.012918 -0.000402785 3.92227e-05 -4.24599e-05 -7.81438e-05 0.00404148 -0.000554835 1.18158e-05 0.0010834 0.000316967 -0.000249646 -0.000526871 -0.00160655 6.35177e-05 -6.86969e-05 -0.000470096 0.000525521 0.000822438 0.00447416 -0.000309993 0.000347338 -0.000515284 0.000720978 -1.12919e-06 0.000794843 -3.27876e-05 0.000413993 -0.000625541 0.000223663 8.52634e-05 -0.00215966 -0.00248451 0.000333166 -0.00114551 6.3201e-06 9.0912e-05 4.1061e-05 6.03482e-05 0.000989241 2.27168e-05 0.000142689 0.000101435 -1.81284e-05 -0.000574149 8.26824e-05 -0.000244551 -0.00416198 0.00103807 0.0011567 -9.59814e-05 0.00127925 0.000194683 -0.00181043 0.000339706 0.000381205 -0.000804667 0.000555243 -0.00449998 0.000943121 -0.000405181 -0.000492254 1.05703e-07 0.000171372 0.000122375 -0.000490153 0.000867296 0.000775569 0.000428377 
-0.000438784 -0.00451705 0.00024721 8.12967e-05 -0.000529726 -0.000156042 -0.000285992 -0.000836562 -0.000865387 3.4862e-05 -0.00156011 -0.000583094 -0.00771525 0.0017691 -0.0013145 0.0053992 -0.00387042 0.00863673 -0.00656877 0.00483557 -0.00773936 -0.00318823 -0.00940724 -0.00686794 0.00549824 -0.000292707 -0.00182797 0.00075361 -1.5442e-05 0.0075483 -0.00124519 -0.00259075 -0.000402785 0.0320495 -5.62178e-05 -0.00516399 -0.000892997 -0.00167412 0.00361251 -5.38893e-05 -0.000994657 -0.000327992 -0.00662925 -0.000368465 0.00828067 0.000421555 -0.00106253 -0.00083232 -0.000270849 -0.00069523 -0.00634057 0.00207885 -7.67763e-05 -0.0031264 -0.000137546 1.48836e-05 -0.000160697 -9.87423e-05 -0.000329169 -6.91383e-05 0.000159725 2.50089e-05 0.00411715 -0.00383289 -0.000927022 0.00336788 -1.94023e-05 -4.3589e-05 2.85069e-05 -0.000411718 -0.00270691 1.71113e-07 0.000190743 -0.000305121 0.000154666 0.00214674 3.61002e-05 0.00141766 0.0109236 -0.000757848 -7.92527e-05 -0.00212274 -0.00264578 -0.000325649 0.000520026 -0.000136028 -0.000539221 0.00287535 0.000135073 0.0148561 -0.00422727 -0.00209583 0.000910503 0.000729063 -0.000494958 0.000543069 -0.00148103 -0.00644148 -0.00202699 -0.000597606 
