0.000835205 -2.58184e-06 7.48349e-06 0.000155707 1.18162e-05 -7.67465e-05 -8.93487e-05 1.06427e-06 2.26903e-06 2.19552e-06 9.86442e-05 0.000182326 -3.95205e-05 5.35809e-06 -0.000118401 2.11688e-05 3.72016e-05 -2.79614e-05 4.68128e-05 0.000169892 6.86289e-05 -2.43019e-05 -8.32527e-06 5.58298e-05 2.20023e-05 -1.6087e-06 0.000237176 -0.000137874 2.54625e-05 -3.54021e-05 -0.000150593 4.13866e-07 -0.000123386 0.000116533 -5.12519e-06 1.15938e-05 -0.00022875 1.9437e-06 6.18171e-06 4.45134e-05 -2.84754e-06 7.14453e-06 5.84892e-07 1.94383e-05 1.03423e-05 -8.94748e-06 2.30429e-05 -0.000153787 2.65772e-05 1.25967e-07 -8.60537e-06 1.37751e-05 -9.08657e-07 1.5918e-07 -5.71025e-06 -2.41333e-06 -2.04219e-05 1.4776e-05 -5.26878e-06 -8.70801e-05 -6.68146e-06 -2.51291e-07 -1.34302e-06 4.20068e-05 2.27769e-05 3.97901e-05 -0.000111513 6.72055e-06 -0.000286091 -1.3212e-06 9.01129e-07 -1.64068e-07 -6.35403e-05 3.18459e-05 -1.39923e-06 8.23347e-05 -5.30741e-06 3.32219e-06 -0.000108582 -0.000132556 -1.27627e-05 -2.10482e-07 7.97048e-08 1.34737e-05 7.36983e-06 4.32136e-07 1.51171e-06 -1.05691e-06 -0.000103419 1.7623e-05 3.69568e-05 -0.000178475 4.95709e-06 7.75393e-07 2.83775e-06 1.57387e-05 1.98557e-06 -0.000256263 2.99672e-07 1.97237e-05 
-2.58184e-06 0.0037247 -9.05888e-06 -0.000533352 3.24831e-05 -0.000607884 0.00182138 7.78239e-06 6.84825e-06 -2.61123e-06 0.00196632 -0.000978445 -0.000948812 2.2763e-05 -0.00208376 -0.000101018 0.000764106 -0.00215369 4.45988e-05 -0.000671681 -9.3421e-06 -0.000145401 -9.29436e-05 5.5853e-05 -0.000342861 0.000102954 -0.00185408 0.00127112 -0.000152148 -9.10641e-05 -0.0025823 9.40079e-05 0.00153175 -0.000142879 -6.75617e-05 -0.000147674 0.00139108 6.15327e-05 -3.00711e-06 0.00134738 -0.000109598 -5.90482e-06 3.4121e-07 8.89485e-06 9.87363e-05 0.000440737 -0.000830341 -0.0014736 -8.82973e-05 3.75957e-05 6.00771e-05 -1.2728e-05 -3.18996e-06 -5.19723e-05 -0.00207669 -4.81629e-05 -0.000102408 0.000382393 4.75267e-05 -0.000914847 0.000914628 8.87711e-06 0.000277325 0.000721771 9.87042e-05 -4.30583e-05 -0.00146134 9.52658e-06 0.000512155 -8.53504e-06 0.000174109 4.14472e-06 0.00211369 -7.42999e-05 2.78767e-05 -6.46952e-05 2.99664e-05 -1.43451e-06 0.00124597 0.00207115 0.000287435 1.12762e-05 3.96827e-07 6.8711e-05 -5.9187e-06 1.12142e-05 -9.89743e-06 7.25371e-05 -0.0011088 5.40872e-05 0.000211862 -0.000460378 -7.09762e-06 -1.21589e-06 4.40504e-06 -5.31008e-05 -1.27526e-05 -0.00181374 2.82992e-06 0.000310558 
7.48349e-06 -9.05888e-06 0.0128812 0.00622807 -0.000104452 -0.00147303 -0.00166468 -9.36349e-06 4.34019e-05 0.000114673 -0.00122176 0.00516403 -0.00673128 7.40439e-05 -0.0027811 0.00203639 0.00246123 -0.000432262 -0.000201191 0.00726981 0.000265807 0.00446188 -0.000149149 0.000438403 -0.00247089 -6.10289e-05 0.00352238 -0.00493702 0.000925139 -0.000543336 -0.00284262 0.000376474 -0.00252901 -0.00067915 -0.000201571 0.00410862 -0.00523597 7.68832e-07 0.00012569 -0.000437003 -0.000362963 7.94088e-05 1.75207e-07 0.000345839 0.000471789 -0.000256568 0.00163503 -0.00142586 0.000378736 9.1913e-06 -0.000139568 -2.79225e-05 -9.16677e-06 -0.00023642 -0.00344099 0.0001675 -0.000360251 -0.000386032 -1.16987e-05 -0.00269713 -0.000103278 2.19529e-05 6.90034e-05 0.000914176 0.000102215 0.00289796 -0.00282668 0.000770901 -0.00492244 0.000312631 3.03837e-05 -9.65752e-06 -0.00238588 0.00155062 1.33781e-05 0.00170544 -0.000369095 5.98711e-06 -0.0021382 -0.00245162 0.000410434 3.84113e-06 1.31001e-05 -0.000154728 1.27761e-06 0.000113455 2.13549e-05 9.85481e-05 0.00121329 -0.000116322 0.000277112 -0.00273286 -6.92149e-06 1.38089e-05 0.000323344 0.00146108 8.75666e-05 -0.00331321 7.05568e-06 -0.00043271 
0.000155707 -0.000533352 0.00622807 0.132473 -0.000279553 -0.0106198 -0.0160181 -3.5607e-05 0.000614236 0.000257942 -0.00536969 0.0602125 -0.0228761 3.61972e-05 -0.00883988 0.0137237 0.00868374 0.0109838 0.0189289 0.0681849 0.00343859 0.0103954 -0.000505272 0.000682015 0.000827312 -0.000775428 0.0412449 -0.0533514 0.00310268 -0.00311522 -0.00114416 -0.00137518 -0.0318952 0.0228097 -0.00168522 0.019307 -0.0524876 -0.000121873 0.000200563 -0.00416856 0.00128417 -0.000108027 -2.55279e-05 0.00179401 0.00219884 -0.00340346 0.0256493 -0.0307414 0.00388701 6.56191e-05 -0.0019575 0.00210962 -9.1608e-05 -0.00174171 -0.0218514 0.000701738 -0.00207214 -0.00157277 -0.000925406 -0.0159656 -0.00157593 -6.111e-05 -0.00137624 -0.000545491 -0.000316233 0.0100118 -0.0191436 0.00250857 -0.0530422 0.000999251 -5.65e-05 0.000101566 -0.0267045 0.0154466 -0.000127542 0.0198351 0.00201452 -0.000151284 -0.0154699 -0.0335662 -0.000428225 3.62845e-05 -4.54356e-06 -0.00149958 -0.000147112 6.12088e-05 -0.000894 -3.32849e-05 0.00968776 0.00200691 -0.00118633 -0.0418854 0.000195354 9.45974e-05 0.000991141 0.0127046 0.000479687 -0.0382383 -5.20245e-05 -0.00519704 
1.18162e-05 3.24831e-05 -0.000104452 -0.000279553 0.00852016 -0.00046088 0.000792909 8.66517e-05 2.08638e-05 6.78413e-06 -0.0013844 -0.00115477 -0.000686582 -1.39968e-06 -0.000777991 0.000619029 0.00202616 -0.000122342 0.00211469 -0.00124478 0.000211404 -0.000140291 -6.4805e-05 0.000229438 0.00155188 1.71677e-05 -0.00249811 -0.002663 -3.85403e-07 0.000571449 -0.00188239 6.77015e-05 -5.55025e-06 0.000958687 -0.000133599 -0.000254505 0.000109856 4.07552e-05 7.96953e-05 -0.00049599 5.33424e-05 -2.77088e-05 1.30698e-05 0.00011802 0.000358766 0.00100852 -0.00147236 -0.000513956 0.000453915 4.63168e-05 -0.000102623 0.000131156 2.65191e-05 0.000138734 -0.00114387 4.56293e-07 -0.000116175 0.000448446 3.45798e-06 -0.00135536 -4.96381e-05 5.43799e-06 -6.10327e-05 -7.89915e-05 4.98976e-05 -0.000128862 -0.00271502 -3.28892e-05 -0.000920788 7.21055e-05 1.86203e-06 8.73029e-05 0.000590592 -0.000147682 -9.39022e-06 -0.00011798 0.000198438 1.26094e-05 0.000860998 0.00107384 -0.000111664 2.05765e-05 1.42043e-06 6.73145e-06 8.87759e-06 3.33223e-05 -6.55096e-05 8.43103e-05 -0.00192506 0.00026238 0.000455038 -0.00105738 0.000119304 9.2053e-06 2.34607e-05 0.000211674 -1.56905e-05 0.000426879 9.56597e-06 0.00102927 
-7.67465e-05 -0.000607884 -0.00147303 -0.0106198 -0.00046088 0.141607 -0.0170749 -0.000157728 -0.000243978 -0.000145398 -0.0468863 -0.00767288 -0.00476262 -0.000262631 0.0100233 0.00315927 -0.00744219 0.0367177 -0.00709273 -0.0280616 -0.00252329 -0.0100234 -0.000197038 -0.000449292 -0.0317697 -0.000409075 0.00329602 -0.0139853 -0.00381612 -0.00210098 0.0253105 -0.00142172 -0.041267 -0.00146867 0.00261364 -0.00765751 0.0229422 9.57824e-05 0.000556731 -0.0120056 -0.00274546 -0.000917177 -4.43638e-05 -0.00144726 -0.000743074 -0.000587893 -0.0220151 0.0347006 -0.00337687 -8.0219e-05 -0.00215607 -0.00120538 0.000212616 -0.00128643 0.0116218 -0.000132123 -0.00147184 -0.00277268 -0.000516208 0.0160133 -0.00166243 1.22002e-05 -0.00141062 -0.00334833 -0.00040985 -0.00117155 0.0375729 -0.00143612 0.0201477 0.000530576 -0.000347413 0.00014269 -0.0260704 -0.00329066 -0.000500708 -0.00836958 0.00100422 -0.000364739 -0.0141271 -0.00782537 -0.00298194 -2.99823e-05 -2.69496e-05 0.000960838 0.000708369 -0.00011201 0.000330888 -0.000564204 0.00196706 -0.00108762 -0.00691209 6.11789e-05 -0.000878824 -5.37075e-05 -0.000388003 -0.00425917 -0.000716472 0.0199637 0.000123983 -0.000416808 
-8.93487e-05 0.00182138 -0.00166468 -0.0160181 0.000792909 -0.0170749 0.143306 0.000954725 -9.12282e-06 -0.000130242 0.0525529 -0.0293023 -0.00328992 1.86113e-05 -0.0095407 -0.00618612 0.00716275 -0.0542238 0.00532916 -0.0241074 0.00227122 -0.00821721 0.000192717 0.0006602 0.0281025 -0.000341339 -0.0338883 0.0419556 0.00637698 -0.00584268 -0.0563688 -2.9699e-06 0.00832855 -0.0115557 0.000672623 -0.00306243 0.0341302 0.00101365 0.000859475 0.00965533 0.00168448 -0.00108667 0.000142203 0.000793077 -5.45633e-05 -0.00314559 -0.0290554 -0.0407215 -0.000726229 -6.43307e-05 0.00686218 0.00348018 0.000134265 -0.00185814 -0.0536593 -0.00203335 -0.00107629 0.000473625 -0.000589442 -0.0126124 0.0035299 1.12206e-05 0.00701655 0.00729987 0.00126775 -0.00184566 0.00307925 0.000967928 0.0269668 -0.000612311 0.0016357 -2.51132e-05 0.0526324 -0.00107133 0.000579439 0.0007067 0.00276525 0.000369528 -0.00360102 0.0285532 0.000623466 -1.34295e-05 -1.10307e-05 8.99139e-05 -0.000309775 -0.000111755 -0.000191441 0.00170802 -0.0116724 0.00332948 -0.00399006 -0.0353027 -0.000674774 -4.25058e-05 0.000375965 -0.00370637 -0.000505439 -0.0150551 1.74185e-05 0.00308835 
1.06427e-06 7.78239e-06 -9.36349e-06 -3.5607e-05 8.66517e-05 -0.000157728 0.000954725 0.00151986 3.14581e-05 -5.51459e-07 0.000616861 -0.000278001 -6.66686e-05 1.67492e-05 -0.000470722 4.74613e-05 0.000238747 -0.00080378 0.000366563 -0.000258304 0.000253633 -3.72599e-05 -3.67716e-05 0.000101607 0.000713783 -8.99316e-06 -0.000534968 0.000175451 0.000399374 -4.22675e-05 -0.000714732 -2.07683e-05 -0.000178868 -5.87304e-05 7.27064e-05 -1.19018e-05 -0.000189874 0.000254893 1.92117e-05 6.34254e-05 2.20353e-05 -1.1022e-05 1.22626e-05 -1.28137e-06 -8.27866e-06 2.786e-05 -0.000382267 -0.000348706 -1.5825e-06 2.82683e-06 0.000354556 4.39477e-05 4.20023e-05 1.25967e-05 -0.000876722 2.90261e-06 -6.38696e-06 -5.68061e-05 1.84516e-05 -0.000325218 -1.35732e-06 6.71485e-07 3.90785e-05 0.000100239 4.89589e-05 -9.9135e-06 -0.000251818 6.62366e-06 -0.0003022 1.24486e-05 8.18782e-05 3.36792e-05 0.000259783 3.05206e-06 -9.13396e-07 -1.23377e-05 1.04724e-06 4.48541e-05 -0.000213209 0.000333806 -3.22319e-05 4.01313e-06 2.83183e-06 7.97329e-05 -3.74127e-07 1.36349e-05 1.90366e-05 0.000139167 -0.000548222 0.000109983 -4.44002e-05 -0.000479609 -6.76133e-06 5.84693e-06 2.17601e-05 1.52828e-05 -6.12143e-06 -0.000395027 3.40806e-06 0.000376357 
2.26903e-06 6.84825e-06 4.34019e-05 0.000614236 2.08638e-05 -0.000243978 -9.12282e-06 3.14581e-05 0.00171293 2.70563e-06 -5.0056e-05 0.000285861 -0.000364955 2.4194e-05 -0.000409887 9.05549e-05 0.000325091 -0.000420578 -1.24883e-05 0.000355348 9.78778e-05 7.67331e-05 -2.54033e-05 3.55693e-05 -5.91361e-05 1.88943e-05 -1.70757e-05 -0.000364712 -5.27684e-05 -1.69419e-05 -0.000469488 4.88069e-05 0.000102294 0.000137696 1.64527e-05 0.000381627 -0.000494455 1.05597e-05 1.49658e-05 0.000200614 -2.56144e-05 -8.05133e-06 3.16912e-06 0.000114707 0.000101344 1.84493e-05 0.000235021 -0.000413382 3.179e-05 4.89536e-06 1.63249e-05 1.00953e-05 2.02207e-06 -1.69067e-05 -0.000681947 6.80536e-05 -3.46854e-05 -5.3498e-05 1.56629e-05 -0.000173936 9.05347e-06 2.97008e-06 -8.49573e-06 2.9578e-05 2.05706e-06 0.000115255 -0.000620319 2.28879e-05 -0.000608542 3.11477e-05 1.13703e-05 1.3194e-06 3.61688e-05 0.000263099 6.7067e-07 0.000393821 0.000180073 2.27676e-05 6.23776e-05 5.81203e-06 0.00010316 9.0672e-06 8.20252e-07 4.63405e-05 -1.03882e-06 1.1783e-05 5.55524e-06 8.29647e-06 -0.000166685 4.58914e-05 -1.85892e-05 -0.000214564 -2.28736e-06 1.26208e-06 1.27026e-06 0.000154202 -8.45045e-07 -0.000811933 7.60867e-07 1.41442e-05 
2.19552e-06 -2.61123e-06 0.000114673 0.000257942 6.78413e-06 -0.000145398 -0.000130242 -5.51459e-07 2.70563e-06 0.00140704 -8.1086e-05 0.000335287 -0.000526959 3.99542e-06 -9.14176e-05 0.000100477 0.000243701 -9.58478e-05 0.000354675 0.000585385 6.8909e-05 0.000326647 -1.5899e-05 1.05378e-05 -0.000241736 -8.50859e-06 0.000351935 -0.000485229 0.000148619 -8.92027e-06 -0.000363958 -1.88936e-05 -0.00035039 0.000163224 -1.71059e-05 0.000329355 -0.000540795 7.42608e-06 1.95806e-05 -2.70938e-05 2.07375e-05 3.03998e-06 3.94315e-08 1.47112e-05 3.59993e-05 -4.32238e-06 -0.000186497 -0.000184929 -3.62256e-06 1.17503e-05 -1.38507e-05 -5.70087e-06 9.65946e-07 2.42969e-05 -0.000159093 8.98189e-05 5.17423e-05 0.000103065 -4.47543e-06 -0.000143777 -1.18549e-05 3.52637e-06 1.32995e-05 -2.23457e-05 1.40627e-06 0.000101154 -0.000250036 1.06696e-05 -0.000480047 3.03057e-06 1.33579e-05 9.41995e-06 -0.000239199 2.25093e-05 8.74171e-06 5.10832e-05 -1.70178e-05 -1.83613e-06 -7.69954e-05 -0.00036324 0.000178147 1.90201e-06 3.53057e-06 -6.83761e-06 1.68253e-05 1.50811e-05 9.97022e-05 4.62618e-05 -0.000102758 7.85325e-05 0.000201738 -0.00035691 9.7715e-06 -1.97918e-07 6.46212e-06 5.05706e-05 3.43771e-05 -0.000370322 2.63596e-06 -2.24896e-05 
9.86442e-05 0.00196632 -0.00122176 -0.00536969 -0.0013844 -0.0468863 0.0525529 0.000616861 -5.0056e-05 -8.1086e-05 0.242376 -0.0128931 0.0183788 -0.000173313 -0.0352204 -0.00097844 0.0234724 -0.0780007 0.0129424 -0.00515038 0.00980766 -0.00947728 0.000291151 0.00114624 0.0243825 9.17916e-05 -0.0407881 0.0645408 -0.00314409 -0.0110114 -0.0654585 0.0038592 0.0605608 -0.0109295 -0.00445709 0.00101651 -0.0106233 0.00147598 -0.000546209 0.0390977 -0.00795814 -0.00225222 1.67177e-06 0.000519113 -0.000856181 0.000931431 0.0183447 -0.0919994 -0.00899097 7.29406e-05 0.00315074 1.74256e-05 -0.00040548 -0.000280955 -0.0747349 -0.0044635 -0.00930396 -0.00180048 0.000414597 -0.025599 0.00553553 0.000209994 0.00805877 0.00911678 0.000972092 -0.00430342 -0.0490758 0.00301104 -0.0273814 -0.00143151 0.0011241 8.16683e-05 0.0792365 0.00228054 0.000553569 0.00801785 0.00227355 0.000675124 0.0119954 0.0433539 -0.000836897 1.3147e-05 -2.4265e-05 0.00188767 -0.000943043 -0.000222959 0.00235985 0.00108603 -0.0171036 0.00391049 -0.00192515 -0.0298785 -0.00154118 -8.96555e-05 0.000197165 0.00654399 -0.00121764 -0.0695131 -2.50921e-06 0.00335842 
0.000182326 -0.000978445 0.00516403 0.0602125 -0.00115477 -0.00767288 -0.0293023 -0.000278001 0.000285861 0.000335287 -0.0128931 0.202033 -0.0313442 0.000241076 -0.0107288 0.0052067 0.00772794 0.0375931 0.0131022 0.0996897 0.0044903 0.0142118 -0.000787807 0.000125056 0.00230646 -0.0013611 0.0715989 -0.0405558 -0.0110466 -0.0113915 -0.000741755 0.0053443 -0.0261845 0.00247011 -0.00461176 0.0150861 -0.0918874 3.42767e-05 0.000909823 -0.00733336 0.000321019 0.00128539 -9.89988e-05 0.00476957 0.00129674 -0.00489578 0.0583509 -0.00810304 0.0010671 0.000154112 -0.00285002 -0.00146873 -0.000466558 0.00172936 0.0135193 6.30745e-05 -0.00126913 -0.00668815 -0.00141466 -0.0356146 -0.00264965 -9.74287e-05 -0.00275846 -0.000654083 -0.000494099 0.0107518 -0.0393369 0.00167752 -0.0566669 0.00287203 -5.73856e-05 -0.000295124 -0.0456505 0.0135249 -0.000225264 0.0207235 -0.00123625 -0.000453549 -0.035948 -0.0494497 -0.0044366 -0.000122389 -5.69054e-06 -0.00291898 -4.06629e-06 0.000483904 -0.00184596 -0.000286094 0.00852029 0.00134438 -0.0115851 -0.0470739 0.00122372 -9.44119e-05 0.00043317 0.0116679 0.000900584 -0.0403699 -0.00012846 -0.00706253 
-3.95205e-05 -0.000948812 -0.00673128 -0.0228761 -0.000686582 -0.00476262 -0.00328992 -6.66686e-05 -0.000364955 -0.000526959 0.0183788 -0.0313442 0.157668 -0.000763049 0.0166635 -0.0027375 -0.0285486 0.016458 -0.000741363 -0.0316791 -0.00654761 -0.0156758 0.00152593 -0.000771506 0.017534 0.000125356 -0.00937081 0.0288794 -0.00458948 0.00455385 0.00908453 -0.00742911 0.00866248 0.00269544 -0.00150393 -0.0119196 0.00395183 -0.000509367 -0.00163133 -0.0103924 -0.00137426 -0.00204262 -0.000135018 -0.00196746 -0.00379803 -0.013683 -0.00151117 -0.0304494 0.00225718 -0.000362938 0.000295626 0.00149629 0.000172863 0.000698135 0.016037 -0.00568574 0.00279814 -0.00534989 -0.000239722 0.0301018 -0.000909316 -0.000109554 -0.00125472 -0.00820067 -0.00221188 -0.0153057 -0.00355249 -0.0036009 -0.00210775 -0.000115856 -0.0014741 0.000245269 0.0111003 -0.00849293 -6.35342e-05 -0.006284 0.00171165 -0.000179436 -0.00115553 0.00316821 -0.00455121 -8.94112e-05 -0.000116745 0.00013236 -0.000331461 -0.00120922 -0.00152389 -0.00121271 -0.0161202 -0.00645462 -0.00146666 0.00431219 -0.00202854 -0.000105096 -0.00112047 -0.00623883 7.11052e-05 0.0111902 -0.000155737 -0.00117883 
5.35809e-06 2.2763e-05 7.40439e-05 3.61972e-05 -1.39968e-06 -0.000262631 1.86113e-05 1.67492e-05 2.4194e-05 3.99542e-06 -0.000173313 0.000241076 -0.000763049 0.00246457 -0.0010894 5.42681e-05 0.000332869 -0.000525482 3.63779e-06 3.86408e-05 0.000399471 0.000423738 -0.000146906 6.36122e-05 6.0859e-05 -1.22859e-05 -0.000592732 -0.000525127 -8.25755e-05 -3.2486e-06 -0.000773244 0.000200406 0.000437526 -0.000239634 8.76843e-05 0.000221642 -0.000507667 1.51067e-05 2.37244e-05 0.000314113 0.000114275 -8.41425e-06 3.56098e-06 6.85182e-05 0.000151054 0.000472898 0.000472267 -0.000272289 1.75634e-05 1.23764e-05 0.000109296 -2.424e-05 4.78473e-06 1.70948e-05 -0.000494555 1.62547e-06 0.000201428 -3.3615e-05 1.35573e-05 -0.000345018 0.000188398 2.06258e-06 -1.60531e-05 4.91976e-05 1.07127e-05 1.56872e-05 -0.00112453 9.94265e-05 -0.000599657 4.41112e-05 2.05518e-05 4.17218e-06 3.07007e-05 0.000269464 2.34141e-05 0.00054566 -5.53529e-05 5.97347e-05 0.000456252 0.000350188 -2.17287e-05 7.2092e-07 5.21961e-06 -2.03212e-05 3.43415e-05 4.40422e-05 3.03287e-05 1.22748e-05 -0.000471308 7.0881e-05 -4.85209e-05 0.000110852 5.21047e-06 1.58175e-05 4.81008e-05 0.000229614 2.62851e-05 -0.000809455 5.41682e-06 -1.02349e-05 
-0.000118401 -0.00208376 -0.0027811 -0.00883988 -0.000777991 0.0100233 -0.0095407 -0.000470722 -0.000409887 -9.14176e-05 -0.0352204 -0.0107288 0.0166635 -0.0010894 0.0947261 -0.00302687 -0.0216488 0.0328693 -0.00700901 -0.00875049 -0.0151759 0.000732053 0.000657472 -0.00128305 0.00403479 -0.00156757 0.0223021 -0.0153039 0.00306415 0.00260371 0.0341037 -0.00829737 -0.0378499 0.00431128 0.00132026 -0.00151578 -0.0055583 -0.000863399 -0.000529441 -0.0293368 0.000921524 -6.8199e-05 2.03965e-05 -0.00218006 -0.00330087 -0.0105228 -0.0134016 0.0304174 0.00174561 -0.000219712 -0.000169105 0.000615365 -0.000262291 -0.000144107 0.035348 0.000990904 0.00216614 -0.000627845 -0.00184807 0.0141819 -0.00765224 -0.000277906 -0.00108099 -0.0135153 -0.00298655 -0.00266143 0.0414166 -0.00266301 0.00461818 -0.00121162 -0.00178682 -0.000521793 -0.032132 -0.00585434 -0.000381713 -0.00774643 0.00212937 -0.000189432 -0.0155994 -0.0318826 0.000854276 -8.24304e-05 -6.37314e-05 -0.0016051 0.00021997 6.29556e-05 -0.000695866 -0.00151685 0.0122248 -0.00716293 -0.00170516 -0.000986557 -0.000249395 -3.77178e-05 -0.000303656 -0.00789333 7.79731e-05 0.0406933 -0.000112164 -0.00294419 
2.11688e-05 -0.000101018 0.00203639 0.0137237 0.000619029 0.00315927 -0.00618612 4.74613e-05 9.05549e-05 0.000100477 -0.00097844 0.0052067 -0.0027375 5.42681e-05 -0.00302687 0.0512857 0.0034563 0.000616145 0.0109005 0.00971802 0.00245453 -0.0024786 -0.000560993 0.00085109 -0.00016811 0.000167357 -0.00169968 -0.0173744 9.87644e-05 0.00162758 -0.00889954 -0.000686394 -0.0117843 0.00712068 -0.000889288 0.00369052 -0.0097252 -2.23254e-05 0.000263626 -0.00248591 -0.000251989 -0.000333022 -2.70487e-05 0.00093163 -0.000168519 -0.000812573 -0.00364174 -0.00714732 0.0027521 2.17108e-05 -0.000264735 -0.000468553 0.000436781 -0.00027215 -0.00710638 -8.13186e-05 -0.00113343 0.00249808 -0.000198166 0.00263137 -0.000426442 0.000145965 -8.25931e-05 -0.000817686 8.14531e-05 0.00100672 -0.00476944 0.000443215 -0.00984279 0.000184963 -5.72985e-05 0.000271875 -0.00469324 0.00281703 -3.9192e-06 0.00467955 -0.000982488 -2.76762e-05 -0.00527342 -0.00956665 8.97779e-05 -3.70404e-06 2.00646e-05 -0.000420715 0.00016001 5.913e-05 0.00014768 0.000275056 -0.000260618 0.000527034 0.000542519 -0.00275336 0.000662748 -5.25091e-06 -1.47134e-06 0.00351145 -9.49272e-05 -0.011676 2.72339e-06 0.0012608 
3.72016e-05 0.000764106 0.00246123 0.00868374 0.00202616 -0.00744219 0.00716275 0.000238747 0.000325091 0.000243701 0.0234724 0.00772794 -0.0285486 0.000332869 -0.0216488 0.0034563 0.113952 -0.0224104 0.0176819 0.0178544 0.0105254 0.00607089 -0.000481798 0.00246283 0.0156675 -0.0001885 -0.0127766 -0.018536 0.00069402 -0.000909635 -0.0410988 0.000313655 -0.00204682 -0.00297082 -0.00130107 0.0014507 -0.00369859 0.000378661 -7.29393e-05 0.00757189 -0.00377044 -0.000127143 6.63307e-08 0.00117372 0.00179974 0.00994327 0.00945558 -0.0253099 -0.00174522 0.00016967 0.000156448 -0.000707924 0.000163724 -0.00254897 -0.031285 -0.00124108 -0.00187876 0.00259553 0.00225873 -0.0206885 0.000281549 2.002e-05 0.00178562 0.00518145 0.00227469 0.00303593 -0.0420266 0.00212617 -0.0279818 0.000939528 0.000737879 -5.18774e-05 0.00227876 0.00454721 -0.000260772 0.00570428 2.61363e-05 -0.000126676 0.00998867 0.0139692 0.00313043 9.1487e-05 3.85106e-05 0.000268588 -2.94924e-05 0.000301255 0.000391863 0.0023932 -0.00122402 0.0057191 0.00818642 -0.00359651 0.000425922 7.01579e-05 0.000273042 0.00278889 -1.91609e-05 -0.0327476 4.75594e-05 0.00520257 
-2.79614e-05 -0.00215369 -0.000432262 0.0109838 -0.000122342 0.0367177 -0.0542238 -0.00080378 -0.000420578 -9.58478e-05 -0.0780007 0.0375931 0.016458 -0.000525482 0.0328693 0.000616145 -0.0224104 0.222123 -0.0048166 0.0354735 -0.0120477 0.0152842 0.00119949 -0.00321128 -0.0113332 -0.00138121 0.0673548 -0.0649346 -0.0203198 0.00310764 0.0692081 -0.00612697 -0.0463596 0.00883461 -0.000224843 -0.0110605 -0.0701603 -0.00127711 -0.000437195 -0.030836 -0.00720995 0.00077381 -0.000125093 -0.00275702 -0.00233048 -0.00955189 0.0371242 0.0535907 0.00574911 -9.06534e-05 -0.00400345 -0.00128146 -0.000747519 0.00308345 0.0865375 0.000762681 -0.000953424 -0.00365566 -0.00244984 0.00748114 -0.00591533 -0.000173241 -0.00626027 -0.0104754 -0.00259304 0.00307898 0.012142 -0.0050405 -0.0350217 0.000189243 -0.00183513 5.29412e-05 -0.0700433 -0.010757 -0.00106782 -0.00978977 -0.00307869 -0.001433 -0.0475692 -0.048072 -0.00698518 -3.95604e-06 -5.03145e-05 -0.00217315 0.000313306 -8.24135e-06 -0.00275234 -0.00159244 0.0193504 -0.00636076 -0.0236492 -0.0200528 0.000161674 -8.93138e-05 -0.0013098 -0.00286373 0.0011209 0.0238448 -0.000179519 -0.00708328 
4.68128e-05 4.45988e-05 -0.000201191 0.0189289 0.00211469 -0.00709273 0.00532916 0.000366563 -1.24883e-05 0.000354675 0.0129424 0.0131022 -0.000741363 3.63779e-06 -0.00700901 0.0109005 0.0176819 -0.0048166 0.0762346 0.02431 0.00738806 0.00661896 -0.000302527 0.00113808 0.0108527 -0.000348028 0.00514142 -0.0225113 -0.00252226 3.18782e-05 -0.0272588 0.00135103 -0.0107231 -0.00426988 -0.000303907 0.00267749 -0.0198967 0.00024626 5.11357e-05 -0.00385156 0.00290981 -0.000254573 -2.83533e-05 0.00241115 0.000568457 -0.00115508 0.0120742 -0.0268578 0.00178041 0.000177287 -0.00047582 -0.000497574 0.000270027 0.000535853 -0.0106514 -0.000880823 -0.000561864 -5.74848e-05 0.000226829 -0.00604503 -0.000400682 -4.94076e-05 0.00236153 0.0016412 0.000316272 0.00219033 -0.0350103 0.000581699 -0.0180925 0.00050725 0.000334401 0.000299734 0.00766308 0.00543793 -0.000107952 0.0110995 0.00375478 0.000329333 -0.00675156 0.00103639 -0.000502256 8.61814e-05 1.86791e-05 -0.000383402 3.8006e-05 0.00016791 0.000712492 0.000667304 -0.0147903 0.00295273 -0.000880349 -0.0254901 0.000620655 1.64711e-06 2.20112e-05 0.00271996 0.000526459 -0.033182 -1.91405e-05 0.0100882 
0.000169892 -0.000671681 0.00726981 0.0681849 -0.00124478 -0.0280616 -0.0241074 -0.000258304 0.000355348 0.000585385 -0.00515038 0.0996897 -0.0316791 3.86408e-05 -0.00875049 0.00971802 0.0178544 0.0354735 0.02431 0.206444 0.00271624 0.0231223 -0.000857425 0.00113936 0.016554 -0.00159662 0.080913 -0.0578701 -0.0112548 -0.00532369 -0.0173113 0.00141934 -0.0374118 0.0064516 -7.41876e-05 0.0215817 -0.102137 -5.39387e-05 6.33041e-05 -0.0108293 0.00291217 -0.000445495 -0.000123185 0.00643174 0.00258919 -0.0062614 0.0610603 -0.039921 0.00382722 0.000149598 -0.00299604 -0.000380608 -0.000461999 0.000773781 0.0151684 0.00132442 0.00526903 -0.00505406 -0.00143271 -0.0465336 -0.00247565 -0.000144808 -0.000616537 0.000936119 0.000740635 0.0145177 -0.039015 0.0031465 -0.0639838 0.00269736 -0.000600644 -0.000138536 -0.0256063 0.0157434 -9.2309e-05 0.0275891 0.00381994 -0.000302158 -0.0443892 -0.0606411 -0.00209633 -2.29843e-06 -6.96758e-06 -0.0036342 -3.2398e-06 0.00109842 -0.000643615 0.000771474 -0.00196512 -0.000489411 -0.00679514 -0.0450825 0.0016881 -1.56867e-05 0.000980643 0.0121606 0.00202953 -0.0562459 -0.000136962 -0.00810198 
6.86289e-05 -9.3421e-06 0.000265807 0.00343859 0.000211404 -0.00252329 0.00227122 0.000253633 9.78778e-05 6.8909e-05 0.00980766 0.0044903 -0.00654761 0.000399471 -0.0151759 0.00245453 0.0105254 -0.0120477 0.00738806 0.00271624 0.0315417 0.00106805 -0.000699811 0.000436097 0.00378633 0.000137326 -0.00582719 -0.00512437 0.000255436 -0.000945106 -0.0106644 0.00105925 0.00663096 -0.00234853 -0.000511887 0.0009389 -0.00133972 0.000214344 0.000105932 0.00548672 -0.001097 -0.000206839 2.78513e-05 0.000822762 0.000293078 0.00508239 0.00080055 -0.0088949 -0.000577468 0.00013374 0.000650139 -0.000312682 5.82827e-06 -0.000147249 -0.011262 -0.000209094 -0.000934731 0.000124302 0.00056774 -0.00549419 9.72413e-05 4.17807e-06 0.000340445 0.00312088 0.000424767 0.00194861 -0.0145425 0.000751925 -0.00774953 0.00015719 0.000919637 0.000163535 0.00706343 0.00185732 9.29156e-05 0.00098834 -0.000997778 0.00018253 0.00212111 0.00229872 -0.000381463 6.21388e-06 5.18605e-05 0.000310698 -7.22516e-05 -3.27889e-06 0.000228868 0.000525311 -0.00195336 0.00528537 -0.00103605 -0.00472836 0.000128512 2.63444e-05 0.000333258 0.0040794 -0.000130572 -0.015136 9.27346e-05 0.00140364 
-2.43019e-05 -0.000145401 0.00446188 0.0103954 -0.000140291 -0.0100234 -0.00821721 -3.72599e-05 7.67331e-05 0.000326647 -0.00947728 0.0142118 -0.0156758 0.000423738 0.000732053 -0.0024786 0.00607089 0.0152842 0.00661896 0.0231223 0.00106805 0.0705011 -0.000669927 0.000316184 -0.0071739 -0.000373453 0.0200256 -0.0216793 0.000178524 -0.00120185 0.000838119 -0.000381506 -0.00793364 -0.00354767 0.00444643 0.0077261 -0.0323888 -7.88105e-05 0.000467423 -0.00517488 0.00156514 0.000733161 7.42708e-05 0.000109418 0.000509604 -0.000272542 0.00747052 -0.00789471 0.00216926 0.000173793 -0.00037354 7.02273e-05 -7.31937e-05 3.86793e-05 0.00512991 0.00229895 0.0040703 -0.000684325 -0.000249811 -0.0059606 -0.000757551 -2.64364e-05 -0.000643893 0.000209554 0.000111605 0.0068816 -0.0117183 7.35422e-05 -0.0256425 8.59168e-05 -0.000268581 0.000323205 -0.011916 0.00202132 4.31004e-05 0.00447482 0.000127092 0.000271595 -0.00865384 -0.00347863 0.00234138 7.28359e-05 5.55129e-05 -0.000332038 0.000302446 0.000817696 0.000474411 -3.22129e-05 -0.00337678 -0.000528174 -0.00344494 -0.0140731 0.00102745 5.88812e-05 0.000777784 0.00249382 0.000714833 -0.00637348 -2.19613e-05 -0.00184521 
-8.32527e-06 -9.29436e-05 -0.000149149 -0.000505272 -6.4805e-05 -0.000197038 0.000192717 -3.67716e-05 -2.54033e-05 -1.5899e-05 0.000291151 -0.000787807 0.00152593 -0.000146906 0.000657472 -0.000560993 -0.000481798 0.00119949 -0.000302527 -0.000857425 -0.000699811 -0.000669927 0.00528112 -0.000147185 -0.00096698 -6.1206e-05 0.000687603 -0.000420367 0.000187241 0.000110118 0.0016961 -7.08699e-05 9.23968e-05 -0.0001224 -0.000827191 -0.000467503 0.00122554 -3.2315e-05 -6.37563e-05 7.18988e-05 -0.000614383 -3.86789e-05 -1.67737e-05 -0.000171388 -5.03898e-05 -0.00013889 0.000341968 0.000933805 -3.85076e-06 -2.2283e-05 -0.000318536 -7.17545e-05 -5.67881e-05 -0.000110816 0.00080405 3.5913e-06 -0.000945107 -0.000209075 -4.12292e-05 0.000108136 -5.71502e-05 -1.62465e-05 -0.00015307 -9.99638e-05 -9.27108e-05 -0.000659436 0.000683651 -0.000299325 -0.000222241 -0.000157412 -2.41121e-05 -4.33156e-05 0.000330647 -0.000573259 -0.000126805 -0.000327845 -0.000367842 -0.000194311 -0.000763676 -0.000153582 -6.8361e-05 -9.05362e-06 -2.59349e-05 4.11704e-05 -0.000113908 -0.000150626 -3.23777e-05 -3.52186e-05 0.000988711 -0.000199458 -1.65905e-06 -0.000460415 -0.000337904 -7.52315e-06 -6.98767e-05 -0.000813855 -6.87082e-05 0.000759647 -1.68637e-05 0.000122408 
5.58298e-05 5.5853e-05 0.000438403 0.000682015 0.000229438 -0.000449292 0.0006602 0.000101607 3.55693e-05 1.05378e-05 0.00114624 0.000125056 -0.000771506 6.36122e-05 -0.00128305 0.00085109 0.00246283 -0.00321128 0.00113808 0.00113936 0.000436097 0.000316184 -0.000147185 0.00624535 0.000797166 -3.74519e-05 -0.000461196 -0.00104301 0.00105157 0.000508666 -0.00382162 8.8661e-05 -0.00145232 -0.000647036 -1.16997e-05 0.00129604 0.000514275 0.000114668 0.000172894 -0.000263144 -0.000137197 -1.81499e-05 1.2987e-06 0.000189215 9.94975e-05 5.62986e-05 -0.000911041 -0.00212902 0.000270598 1.09442e-05 0.000115309 -6.65655e-05 9.20733e-05 6.13066e-05 -0.00356491 1.05418e-05 -0.000115212 0.00013234 5.1476e-05 -0.0014304 -4.5011e-05 -4.39808e-06 -5.04763e-05 2.95217e-06 7.1596e-05 0.000386608 -0.00121076 0.000311391 -0.00141866 8.11753e-05 9.73553e-06 5.64751e-05 1.47147e-05 0.000764443 5.7166e-05 0.00115889 0.000115752 3.61068e-05 1.10959e-06 0.000225194 0.000706296 8.03444e-06 4.49504e-06 2.72737e-05 1.91241e-05 5.4881e-05 0.000248829 0.000113429 -5.58987e-05 0.000140285 0.000667972 -0.00128266 1.12238e-05 3.32748e-05 0.000164903 7.0959e-05 -2.47013e-05 -0.00205226 3.79699e-06 0.000720843 
2.20023e-05 -0.000342861 -0.00247089 0.000827312 0.00155188 -0.0317697 0.0281025 0.000713783 -5.91361e-05 -0.000241736 0.0243825 0.00230646 0.017534 6.0859e-05 0.00403479 -0.00016811 0.0156675 -0.0113332 0.0108527 0.016554 0.00378633 -0.0071739 -0.00096698 0.000797166 0.181835 -0.000903192 -0.0133474 -0.00970086 0.00284858 -0.00484184 -0.0468294 -0.0027025 -0.00889487 0.013458 0.0024973 0.000932339 -0.0357187 0.000700399 -0.000472625 -0.0054675 0.00649299 -0.00028752 0.00019147 0.00357659 -5.10224e-05 -0.00133143 0.0154052 -0.0152593 0.000176894 -8.99037e-05 0.00617666 0.000981148 1.73758e-05 0.00327849 -0.0255097 -0.00139055 0.00343467 -0.00452416 -0.00014522 -0.0429113 -0.00208468 -0.000131529 -4.06414e-05 -8.49516e-06 -0.000452142 -0.00214535 -0.0357793 0.00119782 -0.0221062 0.000454482 8.50611e-05 -0.000295831 0.00471939 0.00753581 0.000197864 0.0139097 0.0089766 0.000208892 0.000492122 0.00108803 -0.00311197 9.11516e-05 2.8862e-05 -0.00232928 -0.000250694 -0.000166462 -0.000652335 0.00175124 -0.0152849 0.000179777 -0.00582646 -0.0302829 -0.000348308 3.97231e-05 0.00017084 0.00377401 -0.000187828 -0.0162849 -4.1477e-05 -0.00138116 
-1.6087e-06 0.000102954 -6.10289e-05 -0.000775428 1.71677e-05 -0.000409075 -0.000341339 -8.99316e-06 1.88943e-05 -8.50859e-06 9.17916e-05 -0.0013611 0.000125356 -1.22859e-05 -0.00156757 0.000167357 -0.0001885 -0.00138121 -0.000348028 -0.00159662 0.000137326 -0.000373453 -6.1206e-05 -3.74519e-05 -0.000903192 0.00679847 -0.00200518 0.00211474 -0.000270092 1.16519e-05 -0.000982004 0.000107799 0.00192201 -0.000593292 -7.46719e-05 -0.000255902 0.00137615 -1.03816e-05 -1.4941e-05 0.00100911 -0.000132609 -2.41767e-06 -2.82892e-06 -2.78306e-05 2.37293e-05 0.000269039 -0.00128959 -0.000288223 1.76135e-05 3.11709e-06 -2.81389e-05 -1.44188e-05 9.77775e-06 -5.26513e-05 -0.00111443 -0.00010069 3.58439e-05 -3.87193e-05 4.01272e-05 -0.000587213 0.000677376 1.89649e-06 -8.86659e-05 0.000642375 0.000189308 -0.000119258 -0.00121952 -5.19792e-05 0.000914878 -3.56538e-05 4.5224e-05 3.11257e-05 0.000337798 -0.000120614 -4.82635e-07 -0.000203993 -3.60547e-05 1.50199e-06 0.00126416 0.00130523 -6.26054e-05 1.01311e-07 6.31948e-06 -2.53969e-06 2.24509e-07 -1.45829e-05 -4.35029e-05 2.60448e-05 -0.00061023 0.000226102 -0.000249502 0.000470773 -2.50143e-05 6.10544e-06 -1.8058e-05 -7.83158e-05 2.49555e-05 -8.25219e-05 4.81382e-06 -0.000190442 
0.000237176 -0.00185408 0.00352238 0.0412449 -0.00249811 0.00329602 -0.0338883 -0.000534968 -1.70757e-05 0.000351935 -0.0407881 0.0715989 -0.00937081 -0.000592732 0.0223021 -0.00169968 -0.0127766 0.0673548 0.00514142 0.080913 -0.00582719 0.0200256 0.000687603 -0.000461196 -0.0133474 -0.00200518 0.227686 -0.0240688 -0.000687129 -0.0130554 0.0346193 -0.000574758 -0.0551504 -0.0017406 0.00283258 0.00692314 -0.089583 -0.000387385 -3.99407e-05 -0.0207677 0.00624317 0.000619636 -8.4952e-05 0.00270696 0.000294951 -0.0160874 0.0567431 0.0181737 0.00117003 -9.93735e-05 -0.00656144 0.00257869 -0.00110736 -0.000674972 0.0611921 0.00509088 0.00529893 -0.00221673 -0.00275829 -0.0345206 -0.00589274 -0.00038683 -0.00261558 -0.00336861 -0.00190368 0.0066318 0.0412871 0.0008032 -0.0393746 0.00121878 -0.00128647 -0.000104799 -0.0784792 0.00685563 -0.000784199 0.0144449 -0.00299087 -0.000679282 -0.0710534 -0.0796461 -0.00181603 -0.000219684 -5.23725e-05 -0.00325215 0.000527049 0.00058586 0.000620902 -0.000797148 0.00341656 -0.00382946 -0.0189572 -0.0790766 0.000336212 -5.77852e-05 0.000273763 0.0032202 0.00107039 -0.0261664 -0.000153774 -0.011369 
-0.000137874 0.00127112 -0.00493702 -0.0533514 -0.002663 -0.0139853 0.0419556 0.000175451 -0.000364712 -0.000485229 0.0645408 -0.0405558 0.0288794 -0.000525127 -0.0153039 -0.0173744 -0.018536 -0.0649346 -0.0225113 -0.0578701 -0.00512437 -0.0216793 -0.000420367 -0.00104301 -0.00970086 0.00211474 -0.0240688 0.248141 5.21169e-05 -0.013184 -0.0204403 -0.000964937 0.0405529 -0.0345316 0.00299421 -0.0171619 0.0398512 0.000320404 -0.000314475 0.0241985 0.00509481 -0.00137146 -7.81009e-05 -0.00334962 -0.00323019 -0.0011863 -0.053577 -0.00837869 -0.0122467 -0.000203375 0.00526875 7.27305e-05 -0.000469324 -0.00181401 -0.0152826 -0.00515997 0.0101924 -0.00447596 -0.000542385 -0.0191371 0.00465205 3.368e-05 0.00221868 0.00479814 0.000959978 -0.00889603 0.0150274 -0.00218615 0.0617955 -0.00144033 -0.000288203 -0.000477247 0.0406658 -0.0103854 0.00067734 -0.0147097 -0.00223455 0.00053538 0.0158345 0.0353854 -0.00301075 -2.2786e-05 -6.86895e-05 0.000715217 -0.000688514 -0.000798352 7.39753e-05 -0.00109378 -0.0327286 -0.000745055 -0.0104673 -0.00195291 -0.00115855 -9.56899e-05 -0.000835836 -0.010075 -0.000431899 -0.00482243 -6.00173e-05 0.00329742 
2.54625e-05 -0.000152148 0.000925139 0.00310268 -3.85403e-07 -0.00381612 0.00637698 0.000399374 -5.27684e-05 0.000148619 -0.00314409 -0.0110466 -0.00458948 -8.25755e-05 0.00306415 9.87644e-05 0.00069402 -0.0203198 -0.00252226 -0.0112548 0.000255436 0.000178524 0.000187241 0.00105157 0.00284858 -0.000270092 -0.000687129 5.21169e-05 0.0656664 -0.000778648 0.0024304 -0.00160371 -0.0184649 0.00615847 -0.000904479 -0.000295524 0.0151189 -7.86737e-05 -0.000200963 -0.00208451 -0.0010519 -0.0001545 0.000113706 -0.000460752 -1.43363e-05 -0.000159564 -0.0174727 0.00321491 0.00142091 7.08706e-06 0.000688163 0.00218092 0.000202164 -0.00129448 -0.021087 0.00153681 -0.00217577 0.0011355 -0.000314405 0.00743498 -0.000459889 -5.21879e-05 0.000133391 -0.00106395 7.33588e-05 -0.000985324 0.0133051 -0.000319052 0.0059708 -0.000403396 3.90388e-05 7.4395e-05 -0.00912162 -0.000459256 2.54615e-05 -0.00188862 -0.00216473 -4.02902e-05 -1.14849e-05 -0.0142609 0.00182009 -2.40611e-05 2.59829e-05 -0.000367438 -1.64573e-05 6.1883e-05 0.00161524 -8.89161e-07 0.00675112 0.00098105 0.0067953 -0.0102612 -9.03357e-05 4.33411e-05 0.000238174 -0.00221808 -0.000209483 0.00636569 5.38862e-05 -0.00013765 
-3.54021e-05 -9.10641e-05 -0.000543336 -0.00311522 0.000571449 -0.00210098 -0.00584268 -4.22675e-05 -1.69419e-05 -8.92027e-06 -0.0110114 -0.0113915 0.00455385 -3.2486e-06 0.00260371 0.00162758 -0.000909635 0.00310764 3.18782e-05 -0.00532369 -0.000945106 -0.00120185 0.000110118 0.000508666 -0.00484184 1.16519e-05 -0.0130554 -0.013184 -0.000778648 0.0528691 0.00649532 -0.000847485 -0.00723995 0.000205597 -0.000204807 -0.000637898 -0.00327884 -0.00014995 -0.000234176 -0.00233926 -0.00142724 -0.000177115 2.71096e-06 -0.000544753 0.000106324 0.0010362 -0.00490352 -0.00256696 0.00459839 -1.02437e-05 -0.000363757 6.70312e-05 -2.05639e-05 0.0014087 -0.00116865 -0.00013899 -0.000316283 -7.0348e-05 6.30468e-05 0.0142718 -0.000416344 4.74499e-05 -0.000750973 -0.00126506 -0.000183017 -0.000819322 -0.00833379 -0.000272049 -0.0144523 -0.000141956 -0.000103132 0.00037032 -7.06404e-05 -0.00095953 -0.000103665 -0.00261446 -0.000468076 5.2086e-05 0.00692511 0.0027501 0.000327838 9.28508e-05 2.61015e-06 0.000600212 -6.09121e-05 -1.30875e-05 -0.000219488 -2.65944e-05 -0.0020688 -0.000539018 0.00410772 0.0137717 -4.51335e-05 2.02812e-05 -0.000116018 0.0022926 9.90653e-05 0.00483906 -1.96542e-06 0.00457945 
-0.000150593 -0.0025823 -0.00284262 -0.00114416 -0.00188239 0.0253105 -0.0563688 -0.000714732 -0.000469488 -0.000363958 -0.0654585 -0.000741755 0.00908453 -0.000773244 0.0341037 -0.00889954 -0.0410988 0.0692081 -0.0272588 -0.0173113 -0.0106644 0.000838119 0.0016961 -0.00382162 -0.0468294 -0.000982004 0.0346193 -0.0204403 0.0024304 0.00649532 0.173825 -0.00427833 -0.0142435 -0.00198356 -0.00445919 -0.0140581 -0.0153288 -0.00179417 -0.00132352 -0.0117933 -0.00607926 0.000502574 -3.29635e-05 -0.00730796 -0.00338203 -0.00185964 -0.0134162 0.0727374 0.00265014 -0.000164446 -0.00710035 8.49702e-05 -0.00073128 0.000796308 0.0547112 0.00199057 -0.00480451 -0.0029011 -0.000208243 0.0284389 -0.00515073 -0.000135045 -0.0063386 -0.00908942 -0.0029534 -0.00271251 0.0537809 -0.00487849 -0.00735346 -0.000844559 -0.0020911 -7.6605e-05 -0.0522564 -0.0133409 -0.000834231 -0.0239783 -0.0100503 -0.000869016 -0.0142077 -0.0526768 -0.00554719 -0.000166442 -4.53065e-05 -6.83961e-05 2.64694e-05 -0.000498653 -0.00100282 -0.00333503 0.0383011 -0.00666187 -0.0102212 0.0112884 -0.000390495 -1.86034e-05 -0.00122089 -0.00652353 -0.000141434 0.059415 -6.11136e-05 -0.00854573 
4.13866e-07 9.40079e-05 0.000376474 -0.00137518 6.77015e-05 -0.00142172 -2.9699e-06 -2.07683e-05 4.88069e-05 -1.88936e-05 0.0038592 0.0053443 -0.00742911 0.000200406 -0.00829737 -0.000686394 0.000313655 -0.00612697 0.00135103 0.00141934 0.00105925 -0.000381506 -7.08699e-05 8.8661e-05 -0.0027025 0.000107799 -0.000574758 -0.000964937 -0.00160371 -0.000847485 -0.00427833 0.032054 0.00655939 -0.00280928 -3.34366e-05 0.00227485 -0.00332717 -8.6575e-06 -1.32136e-05 0.00297282 -0.000409085 -3.64748e-06 -1.17088e-05 0.000511705 1.56406e-06 0.00236359 0.00582809 -0.00038117 -0.000758778 3.44077e-06 -0.000212085 -0.00029264 -3.16753e-05 0.000519794 -0.00191261 0.000147638 -0.000867115 -0.00109586 0.000395312 -0.00349708 0.000689417 3.32157e-05 0.000385206 0.00329463 0.000592075 -0.000314514 -0.00741681 0.000160991 -0.0087807 -2.3833e-07 1.81215e-05 2.87978e-05 0.00334039 0.000558821 -8.74143e-07 0.00212611 0.000426939 0.000268364 0.00596543 0.00134371 -0.000475932 -1.42486e-05 2.49684e-05 0.000101819 -4.34114e-06 0.000202603 0.000473722 -2.27464e-05 -0.00569472 0.000531821 -0.000748629 -0.00340332 -0.000185312 -9.70468e-06 -3.7363e-06 0.00173247 0.000139371 -0.00956812 2.71506e-06 -0.00129232 
-0.000123386 0.00153175 -0.00252901 -0.0318952 -5.55025e-06 -0.041267 0.00832855 -0.000178868 0.000102294 -0.00035039 0.0605608 -0.0261845 0.00866248 0.000437526 -0.0378499 -0.0117843 -0.00204682 -0.0463596 -0.0107231 -0.0374118 0.00663096 -0.00793364 9.23968e-05 -0.00145232 -0.00889487 0.00192201 -0.0551504 0.0405529 -0.0184649 -0.00723995 -0.0142435 0.00655939 0.215646 -0.0148986 -0.00585483 -0.0111711 0.00475451 -0.000483397 -0.00152643 0.0348439 -0.000365271 0.000690068 -0.000119049 -0.00240294 -0.00102622 0.00986959 0.00718142 -0.0402876 -0.00643505 -4.7356e-05 -0.00056549 -0.0040853 -0.000425141 0.00215225 -0.0212868 -0.00294615 -0.00127614 -0.00298311 0.00190298 -0.0108384 0.00599849 9.33354e-05 -0.00123188 0.0111659 0.00100177 -0.00754562 -0.0678443 0.000208783 -0.0209623 -0.000675917 0.000833277 -4.69134e-05 0.058426 -0.00703956 0.000738123 -0.00339444 -0.00805292 0.000571161 0.052063 0.0735703 -0.0058307 2.44705e-06 3.6623e-06 0.00176126 -0.000733186 -0.000672011 -0.000385942 -0.000406055 -0.0136225 0.00162053 -0.0023545 0.0355217 -0.00197547 6.91011e-05 -0.000558147 -0.00464362 -0.000554731 -0.0165118 -1.95812e-05 0.000104397 
