0.0683063 -0.00553497 -0.000825842 0.00846128 -0.00778945 0.00956393 -0.0215301 -0.00671618 0.00359126 -0.00115426 0.000622083 -0.00638592 0.00405954 0.00829711 -0.00164928 0.000265602 -0.00984625 0.00775378 -0.00251033 -0.00318727 0.0107169 -0.0118675 -0.025617 -0.00534875 -0.0121416 0.000573777 0.00623322 -0.0266084 0.0101014 -0.00341702 0.0139592 0.0117024 0.000504242 -0.00016228 0.00451027 0.00302067 0.00348284 -0.00161075 0.00258881 -0.0117113 0.00194628 -0.00135814 -0.00612606 -0.0106388 -0.0172432 -0.00388074 0.00326661 -0.00271015 0.00275447 0.00677638 -0.000108477 -0.000875745 -0.00216657 -0.000930917 0.000256946 0.00103852 0.00506609 -0.00151553 -0.00209446 0.0150206 0.00664596 -0.00279184 0.00374373 0.00892217 -0.00222306 0.00746596 0.000183898 0.00965391 -0.00370022 -0.00780741 -0.0021428 0.000401528 -0.00081691 -0.000760866 -0.00652451 -0.000628441 0.000167016 0.00862702 -0.00500287 0.000142239 0.00062916 -0.0149175 -0.00145287 0.000150962 -0.00169319 -0.00239185 0.0043414 -0.0142917 0.011957 0.00274429 -0.000405021 -0.0037576 -0.00106108 0.000630742 0.000417084 0.00949305 0.000554196 -0.0108857 0.00697661 0.000230243 
-0.00553497 0.142606 0.000600869 0.0089032 0.0175067 -0.00308777 -0.0400097 0.00435213 -0.0132348 -0.00338572 0.00328432 0.050367 0.00978542 -0.00314021 -0.0414641 -0.00211297 -0.0114997 0.00183136 -0.000540649 0.0331432 -0.00499258 0.00571168 -0.035607 -0.00100328 0.0402253 0.022263 -0.0296892 0.025324 -0.0213095 0.0170065 -0.00611477 -0.000369843 -2.69132e-05 -0.00369408 0.00608948 -0.00195131 -0.00436669 -0.00444775 0.00254935 0.0239515 -0.0011881 -0.00642559 0.0333271 -0.0211729 0.0239565 0.00172974 0.00053504 -0.00301228 0.00800083 -0.00646309 -2.90008e-05 -0.00507749 0.00832215 -0.00321035 -0.000226822 0.000278736 -0.00149571 0.00705986 0.00514751 -0.00646789 -0.00204876 0.0396115 4.02638e-05 0.00380611 -0.00112167 -0.00299747 -0.00257472 0.00484468 -0.0137627 -0.0416036 -0.0036318 0.000195185 -0.0315333 -0.00292744 -0.00678877 0.000957702 -0.00345206 -0.00826941 -0.0137456 -0.002418 -0.01021 -0.00202391 -0.0068898 -1.74104e-05 -0.00411356 -0.00790361 0.00146878 -0.0397192 -0.00547085 -0.000694682 -0.00281729 0.00137186 -0.00071998 0.00335742 -0.000762219 -0.00957993 -0.000641535 -0.0338136 -0.00315545 -0.00175131 
-0.000825842 0.000600869 0.0227605 -0.000124431 -0.00427952 -0.000415311 0.00196477 -0.00055707 -0.000893249 -0.00028537 -0.000256792 -0.00335121 6.15274e-07 -0.000522554 0.000131671 -0.00122705 0.00242502 -0.000613753 0.00170125 -0.00233845 -0.00111235 0.000165086 0.0013371 -0.000203119 -0.00340553 -0.00151907 -0.00167705 -0.00662398 -0.00268144 -0.0043919 -0.0011165 -0.00106365 -0.000282675 -0.000627175 0.00212121 -0.000879574 0.000136155 0.000220316 -6.22545e-05 0.00862973 2.13653e-05 -0.000697728 -0.00133639 0.00620576 -0.00262384 0.00315498 -0.000365557 0.00169445 0.0017162 -0.000329181 4.66007e-05 -0.000781369 -0.00134947 -0.000189571 -4.08089e-06 -2.016e-05 -0.000190413 0.00102365 0.000223398 -0.00132978 -0.00046768 -0.000569855 -0.000366029 -0.000435477 -0.00101218 -0.000459238 -6.59208e-05 -0.000853126 -0.0021994 0.00297451 0.00289437 -4.25848e-05 3.83104e-05 -0.0005302 0.00375186 -5.90485e-05 0.000990082 -0.00159163 0.00110204 -0.000232771 -0.00158597 0.00235027 -0.000428214 -7.77341e-05 0.00099439 0.000832838 -0.000275898 0.00267343 -0.00114427 -0.000153633 4.90505e-05 -0.00333356 -0.000236435 -0.0113081 -8.13855e-05 0.000203839 0.000563831 0.00333383 -0.000775573 -0.000192971 
0.00846128 0.0089032 -0.000124431 0.0757951 0.0290802 0.00428175 -0.0157616 -0.0121248 -0.0220478 0.0015011 0.000451809 0.0149383 -0.00107479 0.00289611 -0.0372958 -0.00531029 -0.0105338 -0.00269541 -0.00856891 0.0399212 0.00668899 0.000383376 -0.0454423 -0.03193 0.0139774 -0.00299203 -0.0136207 0.00824687 -0.0140732 0.0336597 0.00559146 0.0055184 -0.00119672 -0.00012949 0.00185413 0.00627969 -0.00164769 -0.000889452 -0.000489696 0.00664103 0.00126493 -0.00180976 0.0276996 -0.00617133 0.0146528 -0.000407453 -0.0010032 -0.00328494 -0.00196883 -0.00320739 -0.000159031 -0.00251593 0.000199062 0.000975335 0.000560003 0.000677823 0.00187973 -0.00330795 0.0117136 -0.00615356 0.00127782 0.000131499 0.00582089 -0.00137477 -0.00375753 0.00087255 -0.000603402 -0.00150949 0.00938162 -0.0224673 -0.00649526 -0.000236231 -0.0131273 -0.00176202 -0.00934578 -0.000780806 -0.00130514 0.014047 -0.0101545 0.000263597 0.00367579 0.0115337 -0.00371287 0.000542659 -0.00306261 -0.00245554 0.00642983 -0.0309437 0.00232995 9.04269e-05 -0.00193204 0.00348119 -0.00174454 -0.00610099 -4.8995e-05 -0.0027513 -0.000843861 -0.0162195 0.00572868 0.00037273 
-0.00778945 0.0175067 -0.00427952 0.0290802 0.181763 -0.00373092 0.00210058 -0.020393 -0.0474933 0.00241948 -0.000831688 0.0766657 -0.00495192 -0.01215 -0.0319955 0.00549531 -0.0269788 0.00326267 -0.0191977 0.0799999 -0.0171818 0.0129957 -0.0644994 -0.0760964 0.0812091 -0.00241475 -0.0318776 0.0282111 -0.0274702 0.0771806 -0.0139879 -0.00349052 -0.00337499 0.000781938 0.00533696 -0.0103277 -0.00616558 -4.00382e-05 0.000416744 -0.0189992 0.000739031 -0.00514087 0.0632462 -0.0201562 0.0326588 -0.0145929 -0.00306492 -0.0115066 -0.00891807 -0.0102855 -0.000818701 -0.0023378 0.00386988 -0.00173838 -0.000160726 0.000243137 -0.00193968 -0.00955762 0.00685757 -0.00810965 -0.00421316 0.000875228 0.00890867 0.000704715 -0.0108585 -0.00256663 -0.00240091 -0.00431697 0.0158409 -0.0285721 -0.0103652 -0.00072289 0.000262146 -0.00247093 -0.0270206 -0.00162273 -0.00471842 0.0110947 -0.0291259 -0.00262855 -0.00712996 0.016211 -0.00631513 0.00140722 -0.00704616 -0.00729913 0.00219122 -0.0531594 -0.00260859 -0.00181251 -0.00908483 0.0255907 -0.00485298 0.0384093 6.89655e-05 -0.00954129 -0.00358183 -0.0375022 0.00517359 -0.00319605 
0.00956393 -0.00308777 -0.000415311 0.00428175 -0.00373092 0.0200757 -0.00902138 -0.00257341 -0.00364357 0.00102367 0.000454783 -0.00710842 -0.000504609 0.00512899 -0.00683003 -0.00229132 -0.00255016 0.00374916 -0.000239576 -0.000117294 0.00431287 -0.00281217 -0.0101675 -0.00714278 -0.00833539 0.00156101 0.00200825 -0.00440492 -0.000265479 0.000325522 0.00793675 0.00404507 -5.37598e-05 -0.000375559 0.000988095 0.00459972 0.000658469 -0.000354173 -0.000174135 -0.00494125 0.000809555 -0.000485046 -0.000249038 -0.00292989 -0.00414342 -0.00082383 0.00340779 -0.000926428 0.00205598 0.00145504 3.4666e-05 0.00255028 0.0018449 -9.9889e-05 0.000213247 0.000105357 0.00336208 -0.000704411 0.0018409 0.000790667 0.00162774 -0.000254275 0.000304963 0.00027512 -0.000193945 0.00141587 1.01789e-06 0.00249983 -0.00111867 -0.00457509 -0.000883127 6.33551e-05 -0.00788753 -7.81288e-05 -0.00192716 0.00055465 -2.711e-05 0.00337739 -0.00197366 0.00128527 0.0032515 -0.00458897 -0.000223207 -6.67707e-05 -0.000129105 -0.000352333 0.00342326 -0.00619858 0.00789862 0.00239563 0.000135376 0.000947324 3.19722e-05 -0.0014525 0.000166313 0.00198106 6.42759e-05 -0.00280384 0.00424591 0.00110618 
-0.0215301 -0.0400097 0.00196477 -0.0157616 0.00210058 -0.00902138 0.249442 0.0168734 0.0447223 0.00244847 -0.00696908 0.0187134 -0.0101337 -0.0248886 0.108686 -0.023159 -0.037853 -0.015044 -0.00419854 -0.0277786 -0.0219667 -0.0121943 0.0716931 -0.0270652 0.0216382 -0.0493917 0.0096152 0.0130394 0.0129763 -0.000300395 -0.0265774 -0.0246889 -0.00414593 0.00196402 -0.0193706 -0.0346958 0.0025796 0.00577639 -0.00411462 -0.00786872 -0.00123106 0.00710942 -0.0157592 0.0457503 -0.000309946 -0.0260683 -0.00808678 0.00296536 -0.0168211 -0.0182119 -0.00140297 0.000163606 -0.0261473 -0.00360438 -0.0021641 -0.00134029 -0.00455052 -0.00530899 -0.0333043 -0.0215968 -0.0139502 -0.0566234 -0.00875999 -0.01103 -0.0126004 -0.00931255 0.00264536 -0.00746801 0.00479152 0.0911787 -0.0175902 -0.000522393 0.0564972 0.00502706 -0.0457551 9.33998e-05 0.00375191 0.0144467 -0.018745 -0.00530197 -0.0184196 0.053695 0.00369547 -0.00237606 -0.00567284 0.0115027 -0.00914211 0.0768714 -0.0181035 -0.00265477 -0.0138895 -0.00990559 -0.00240878 -0.00793195 0.000767805 0.000604084 -0.00310986 0.0186087 -0.0216502 -0.00683941 
-0.00671618 0.00435213 -0.00055707 -0.0121248 -0.020393 -0.00257341 0.0168734 0.138948 0.031559 -0.00142228 -0.00168287 0.00302415 0.000676562 -0.00302007 0.0286166 -0.00968321 -0.0029921 -0.00425767 0.00676968 -0.0204247 0.0072174 -0.0214353 0.0240334 0.0310418 -0.00905379 -0.00412304 -0.00166091 0.0216247 -0.000524381 -0.0189349 -0.00512021 -0.00395668 -0.000570782 -0.00417932 -0.00825129 -0.00759913 -0.00168746 0.000636422 -0.000219715 -0.00887262 -0.000579394 -0.00412736 -0.0135774 -0.0155104 -0.0140757 -0.00696342 -0.00131423 -0.00331736 -0.00810917 -0.0013537 -0.000386892 -0.0039417 0.00310076 -0.000385064 -0.000764876 -0.00039812 2.01307e-05 -0.00183211 -0.00678151 -0.00834302 -0.00232821 -0.0064476 -0.00333913 -0.00126494 -0.0015456 -0.00257525 0.000352376 0.00539632 -0.00905199 0.0141645 -0.00760664 -0.000159279 0.0119873 -0.000140506 -0.0081985 -0.00222481 -0.00076831 -0.00176905 -0.00349961 -0.00224548 -0.0138989 0.00232299 0.00565292 0.000266378 -0.00349094 0.00192327 -0.00220166 0.019054 -0.00877469 -0.000499539 -0.00366692 -0.00115999 0.000573572 0.0149319 -0.000389333 -0.0089961 0.000792609 -0.0182456 -0.00676078 -0.000864305 
0.00359126 -0.0132348 -0.000893249 -0.0220478 -0.0474933 -0.00364357 0.0447223 0.031559 0.213839 -0.00674279 -0.00499956 0.0341783 -0.00131048 -0.0152961 0.0829557 -0.000571413 -0.00619614 0.0057187 -0.00405001 -0.052369 -0.0272081 -0.0442724 0.0567981 0.0551136 -0.00373357 -0.0374663 0.0505187 -0.0172616 0.0239355 -0.0575845 -0.0189226 -0.0157029 -0.00102507 0.00763552 -0.0114707 -0.0240256 -0.00512305 -0.00772244 0.00157791 -0.000184976 -0.000513714 -0.00582964 -0.0488394 -0.0013042 -0.0331854 -0.0192628 -0.00102093 0.00884781 -0.0107238 -0.011471 -0.000576748 -0.0114553 -0.0261102 -0.00367962 -0.000411819 -0.000533893 9.60248e-05 -0.0074092 -0.0242214 0.0268927 -0.00909021 -0.0307241 -0.00537481 0.000674527 0.00464746 -0.0055131 0.00417916 0.00697224 -0.00557458 0.0803501 -0.010799 -0.00071256 0.0566192 0.0052392 -0.0201134 -0.00139258 -0.0022104 -0.0361608 -0.00962778 -0.00383046 -0.0121079 0.0203315 -0.0134695 -0.00146316 -0.00658118 -0.000109058 -0.00554028 0.077071 -0.00661781 -0.00155332 -0.00722823 -0.0521626 0.000375716 0.0147005 0.00158869 -0.00775553 -0.00561648 0.00653617 -0.0038675 -0.00496767 
-0.00115426 -0.00338572 -0.00028537 0.0015011 0.00241948 0.00102367 0.00244847 -0.00142228 -0.00674279 0.0433681 -0.000592878 0.00638376 0.000340706 -0.00106115 0.000675968 0.00585723 -0.00725801 0.000555058 -0.00337898 0.00578641 0.00224537 0.00343116 -0.00791086 -0.0195128 0.00719863 -1.365e-05 -0.00925076 -0.00256732 -0.00404234 0.000361153 0.00180963 -0.00111411 -0.000639945 0.00108578 0.00181471 -0.00245799 0.00154469 0.00616532 -0.000709752 -0.00484658 -4.39141e-06 0.00011436 0.00898668 0.000376931 0.00114344 -0.00242484 0.000218429 -0.000632936 -0.000480738 0.000542981 -0.000104282 0.00187226 -0.00121608 -0.000396407 0.000142168 -0.000110865 -0.000368883 -0.000550999 0.000405323 -0.00409627 0.000574786 -0.00240154 0.0010947 0.000223884 -0.00156089 0.000238387 0.001969 -0.00107757 -0.0011417 -0.000254372 -0.00264542 -8.88531e-05 -0.00581982 -0.000601208 -0.00580973 -0.000175778 0.000202478 0.00227712 -0.00641383 0.00126738 0.00472736 0.00175636 0.00184136 -5.78891e-05 0.00264626 0.00395151 -0.000213563 -0.00863279 0.00109031 -0.000159898 -0.00175649 -0.000471325 -0.000876364 -0.00335285 -0.000256749 -0.0023267 0.000543551 -0.00533347 0.00584702 9.26292e-05 
0.000622083 0.00328432 -0.000256792 0.000451809 -0.000831688 0.000454783 -0.00696908 -0.00168287 -0.00499956 -0.000592878 0.020197 -0.00276091 -0.000513358 0.00674387 -0.00857251 -0.00266693 -0.000631001 0.000525684 0.00146617 -9.05083e-05 0.00323287 -0.000581602 -0.0060779 -0.000675993 -0.00519249 0.0035483 -0.00106517 -0.00210196 0.00208829 0.000362573 0.00468456 0.00214973 0.000179489 -0.000426552 0.000474863 0.00142595 -2.61435e-06 -0.000212143 0.000388345 -0.000756251 5.97469e-05 -0.000219136 -0.000519993 -0.00297952 0.00192625 0.00198172 0.000481959 -0.00112468 0.00105894 0.00362066 0.000201415 0.00078094 0.00288145 -0.000135829 -6.84168e-05 0.00033838 0.000613305 -0.000149714 0.00435753 -0.000113909 0.0041014 0.00110027 0.000224648 -0.000565144 -5.27346e-05 0.00186654 -0.000430457 0.000116308 -0.00100213 -0.00664006 -0.000573062 -1.49749e-05 -0.00766842 -0.00024457 -0.000251696 8.60708e-05 -0.000324695 0.00260404 -0.000393545 0.000308585 -0.00190378 -0.00367778 -0.000735776 3.34159e-05 -0.00014541 -0.000551922 -5.33474e-05 -0.00671074 0.000329473 0.000386137 0.00100278 0.00468449 -4.63622e-05 0.000862624 -9.56025e-05 0.000853064 0.000104631 -0.00429293 2.54532e-05 7.41717e-05 
-0.00638592 0.050367 -0.00335121 0.0149383 0.0766657 -0.00710842 0.0187134 0.00302415 0.0341783 0.00638376 -0.00276091 0.24997 0.00198023 -0.0262685 0.00572393 0.00245919 -0.0500386 0.0143871 -0.024419 0.0631262 -0.032842 -0.00552602 -0.0324043 -0.0521125 0.101915 -0.0183091 -0.0153973 0.0523036 -0.0280494 0.0649766 -0.0315479 -0.0154444 -0.00505397 0.00414918 6.5216e-05 -0.0215505 -0.0122671 -0.00329954 0.000798285 -0.023272 -0.000503322 -0.00838879 0.0544893 -0.0323804 0.0150209 -0.0301711 -0.000533554 -0.00743259 -0.00900974 -0.0208025 -0.00141356 -0.0180836 -0.00680384 -0.00811857 -0.00078922 0.000699776 -0.00302305 -0.00944457 -0.0090334 0.0143589 -0.0138821 -0.00561138 0.00484859 -0.000121268 -0.0143219 -0.00874836 -0.00255129 0.00461546 0.0270119 -0.00560031 -0.0212159 -0.000462338 0.0296339 -0.0054312 -0.0549308 -0.000273279 -0.00962962 -0.0122087 -0.0544201 -0.00324358 -0.00778911 0.0384405 -0.0142581 0.000410858 -0.0116667 -0.00215473 0.000353247 -0.0303676 -0.0164897 -0.00288066 -0.0151207 -0.00694417 -0.00262956 0.045939 0.00131197 -0.022546 -0.00865855 -0.0630144 0.00391564 -0.006663 
0.00405954 0.00978542 6.15274e-07 -0.00107479 -0.00495192 -0.000504609 -0.0101337 0.000676562 -0.00131048 0.000340706 -0.000513358 0.00198023 0.0495613 -0.00174667 0.00395476 0.0120803 -0.0050134 0.00245508 -0.0043012 -0.0059155 -0.00262717 0.00320892 -0.00119935 0.00303585 0.000417014 -0.00348555 -0.00336559 -0.0126067 -0.00539336 -0.00970295 -0.000978599 0.00143221 0.000173062 -0.000538304 0.00468867 -0.00208191 0.00226232 -0.000824663 -8.64932e-05 -0.00130497 0.000107477 0.00146854 -0.00779645 -0.000453022 -0.00347535 0.000126756 0.000110706 0.00948175 0.00308386 -0.000167364 0.000148441 -0.00217663 -0.00424211 -0.000488812 1.7013e-05 0.000718062 -0.000196518 0.00198052 -0.00271539 0.0022862 6.68861e-05 0.00945914 -0.000406877 -0.000450874 0.00162341 0.000550071 0.000892229 0.00124214 -0.00430272 -0.00479855 -0.00201407 0.000424991 -0.00831564 0.000197831 -0.000627379 -0.000307431 0.000859218 -0.00414642 -0.000570058 -0.000445882 0.00113222 -0.00737722 0.00243885 -0.000212003 0.0032229 0.00426284 -0.000512861 -0.00332358 0.00176551 -0.000185548 -0.000102493 -0.00406518 -0.000848855 -0.00122505 -1.38477e-05 0.000359806 0.000359146 -0.00354206 0.000989376 -0.000320915 
0.00829711 -0.00314021 -0.000522554 0.00289611 -0.01215 0.00512899 -0.0248886 -0.00302007 -0.0152961 -0.00106115 0.00674387 -0.0262685 -0.00174667 0.0540349 -0.0300169 -0.00743049 0.000682347 4.08474e-05 0.00102444 -0.00672386 0.0223963 -0.00296012 -0.0232819 -0.00521924 -0.0275097 0.0142969 -0.00514174 -0.0220726 0.00505836 -0.00420083 0.029562 0.0147138 0.000386686 -0.00190823 -0.000621094 0.0131734 0.000779933 -0.000893267 0.000104832 -0.00367934 -0.000108719 -0.00224535 -0.00492016 -0.00528163 -0.00491263 0.0115325 0.000311513 -0.00152162 0.00387868 0.0145769 0.000256635 0.00274697 0.00685671 0.00100507 -6.97688e-05 0.00025384 0.00328736 -0.000856012 0.01775 -0.00362076 0.0131468 0.00790397 0.0017995 0.000966764 0.000130569 0.0113961 -0.000435494 0.00117215 -0.00355439 -0.0173061 0.00681674 0.000240606 -0.0262315 -0.00131128 0.00570484 -0.000700941 0.000329897 0.0115227 -0.00102455 0.00102006 -0.00648538 -0.0139971 -0.00236788 -0.000211115 -0.000209357 -0.000968561 0.000795441 -0.0192975 0.00811406 0.00270813 0.0015085 0.0237357 -0.000390365 -0.00452343 -0.000241775 0.00596393 0.00578504 -0.00938077 0.00256075 0.00682824 
-0.00164928 -0.0414641 0.000131671 -0.0372958 -0.0319955 -0.00683003 0.108686 0.0286166 0.0829557 0.000675968 -0.00857251 0.00572393 0.00395476 -0.0300169 0.236342 -0.00156424 -0.0144194 -0.00734408 -0.0110515 -0.0756715 -0.0538128 -0.021205 0.0861887 0.0145106 -0.00748696 -0.0637174 0.0441999 0.0177034 0.0358283 -0.0432 -0.030137 -0.0264305 -0.000606485 -6.3688e-05 -0.00985871 -0.0442961 -0.00137172 -0.00339354 -0.00100613 -0.0254116 0.000719673 0.0124922 -0.0472227 0.0202363 -0.0666809 -0.0273942 -0.00578911 0.0104708 -0.0166105 -0.0134472 -0.00116175 0.000272269 -0.0356667 -0.00597623 -0.00158982 -0.00124608 -0.00326197 -0.00601228 -0.0422738 0.0154632 -0.0171194 -0.0456327 -0.00805159 0.0041218 -0.00406665 -0.00921161 0.00244657 -0.00398296 -7.07189e-05 0.103482 -0.0110432 0.000158919 0.108829 0.00328073 -0.00947691 0.000592836 0.00379231 -0.0110774 0.00449237 -0.00306774 -0.0135537 0.0239734 0.000386766 -0.00249122 -0.0014935 0.00158101 -0.0103915 0.109273 -0.00670246 -0.00299054 -0.00871059 -0.0657832 0.00212356 0.00736965 -0.000284538 0.00517309 -0.00507835 0.0269249 -0.0103245 -0.00836262 
0.000265602 -0.00211297 -0.00122705 -0.00531029 0.00549531 -0.00229132 -0.023159 -0.00968321 -0.000571413 0.00585723 -0.00266693 0.00245919 0.0120803 -0.00743049 -0.00156424 0.156435 -0.00975817 -0.000638508 -0.00737384 -0.00652551 0.0142777 0.0167111 -0.0096342 0.00734978 0.0332145 0.00209253 -0.0139373 -0.00771176 -0.0285903 -0.0213933 -0.00569838 -0.00520663 -0.0015455 -7.29574e-05 0.0127875 -0.000402154 0.00203372 0.00440465 -0.00155325 -0.00242854 -0.000446172 -0.00511544 -0.0107975 -0.00177129 0.0245124 0.000912123 0.0012348 0.00732876 0.0104634 -0.00861484 -0.000512919 -0.00900672 -0.00408367 -0.000422696 0.00103191 -1.57628e-05 -0.0013985 -0.00815495 -0.00711677 -0.00401258 0.000141194 0.0140617 0.000408117 -0.000420141 0.0148401 -0.00161758 -0.00412647 -0.00229589 -0.010084 -0.0110325 -0.00900983 -0.000474403 -0.0250394 -0.00104724 0.0125613 -0.00263783 -0.00341411 -0.0127589 0.00156924 0.0012481 0.00847509 -0.032287 -0.00689452 -0.000126467 0.000582713 -0.00109132 -0.000447853 -0.0320151 0.0147903 -0.0010573 -0.00378391 -0.00419901 -0.00275757 0.00241717 0.000601733 -0.00132655 -0.00300811 0.00829448 0.0115987 0.000372575 
-0.00984625 -0.0114997 0.00242502 -0.0105338 -0.0269788 -0.00255016 -0.037853 -0.0029921 -0.00619614 -0.00725801 -0.000631001 -0.0500386 -0.0050134 0.000682347 -0.0144194 -0.00975817 0.159766 -0.00118732 0.0343242 -0.0198953 -0.00997775 -0.0110135 0.0336977 0.0666162 -0.0244767 -0.00554391 -0.00797655 -0.0403549 -0.022272 -0.0445009 -0.00679335 -0.0017123 0.00491288 0.00213194 0.0190174 -0.00615059 -8.68054e-05 -0.000477841 0.000660437 0.0559133 -0.000174107 0.00107451 -0.0365506 -0.00540237 -0.0111138 0.0203793 -0.00047927 -0.00827636 0.00923165 -0.00192598 0.000842895 -0.00795296 -0.00549802 0.000628175 0.000327587 -0.000472705 0.000131139 0.00717992 -0.00164294 0.00224783 -0.000966811 0.0103676 0.000763758 -0.00397152 0.00526989 0.000241421 0.0035649 -0.00583297 -0.00844594 -0.0171463 0.0283807 0.000485439 0.000868503 -0.00139779 0.0485642 0.00282972 0.00637669 -0.0245839 0.0324373 0.0019619 0.00945227 -0.00799854 -0.00468735 0.000344767 0.0134462 -0.000375334 -0.00239324 0.000432033 -0.00919422 -0.00118757 0.0119022 -0.0253077 -0.00242244 -0.0592333 -0.000672933 0.0180579 0.00247917 0.034963 -0.00312992 0.00104469 
0.00775378 0.00183136 -0.000613753 -0.00269541 0.00326267 0.00374916 -0.015044 -0.00425767 0.0057187 0.000555058 0.000525684 0.0143871 0.00245508 4.08474e-05 -0.00734408 -0.000638508 -0.00118732 0.061573 0.00816483 -0.0016032 0.0020779 -0.019146 -0.0180688 -0.00116217 -0.00677936 -0.00163645 0.0065487 -0.0149084 0.00142346 -0.00241346 0.00112165 -0.000787223 0.000972671 -0.000641817 0.00103231 -0.0031834 0.000665717 0.00145171 0.00147973 -0.0146256 0.000361741 -0.00127993 -0.00635831 -0.00236186 -0.0134612 -0.0032731 0.00979143 -0.00170773 0.0044037 -0.00115333 -0.000196761 -0.00155537 -0.00651906 -0.000402027 -9.16823e-05 0.00107431 0.00180835 -0.00308838 -0.000810276 0.0170514 0.000445842 0.00774198 0.000132934 0.00463657 0.000180001 0.00183961 0.000531554 0.00825038 0.00610912 -0.000415904 0.00463151 0.000532269 0.00578662 0.00185364 -0.00741809 0.00396051 -0.00109097 -0.00711714 -0.00590594 0.0018046 -0.00330952 -0.00500414 -0.00173117 0.000188428 -0.00167316 0.00255728 0.000122283 -0.0102637 0.00111863 0.00138287 -0.00124093 0.00025417 -0.00127398 -0.000865091 0.00175942 -0.00254483 -0.000851247 -0.0141602 0.00503033 0.00172903 
-0.00251033 -0.000540649 0.00170125 -0.00856891 -0.0191977 -0.000239576 -0.00419854 0.00676968 -0.00405001 -0.00337898 0.00146617 -0.024419 -0.0043012 0.00102444 -0.0110515 -0.00737384 0.0343242 0.00816483 0.107297 -0.0162972 0.0079404 -0.0289365 0.0142832 0.0188161 -0.0360304 0.0110834 0.00264627 -0.0213495 -0.00456054 -0.0260265 0.0027967 -0.00594582 0.00273693 0.0026043 0.00551823 -0.00789842 0.00207746 0.00130309 0.00189048 0.00666405 0.000553542 -0.00272506 -0.0235991 0.000684847 -0.0180208 0.00719219 0.00559218 -0.00251091 0.00560896 0.000634776 -0.0002521 0.000181967 -0.0135221 0.00119509 -0.000104782 -0.000169859 0.000750782 0.000796907 0.00304697 0.000788854 0.00507413 0.00568726 0.000344445 -0.00386385 0.00411076 -0.000461871 0.00242679 0.00454692 -0.00171748 0.00311845 0.0191874 0.000164944 -0.00421787 0.00269142 0.00809541 0.00391685 0.0080835 0.00401465 0.00256867 0.00182938 -0.0113695 0.00247015 0.00544843 -0.000341267 0.00260135 0.00312369 -0.000685393 0.0062043 -0.00626713 -4.76113e-05 0.00410817 -0.00634572 -0.00165377 -0.0237284 6.98554e-05 -0.00147384 0.00287938 -0.00945842 -0.00177605 0.000286528 
-0.00318727 0.0331432 -0.00233845 0.0399212 0.0799999 -0.000117294 -0.0277786 -0.0204247 -0.052369 0.00578641 -9.05083e-05 0.0631262 -0.0059155 -0.00672386 -0.0756715 -0.00652551 -0.0198953 -0.0016032 -0.0162972 0.176939 -0.00180573 0.020953 -0.0853307 -0.0699112 0.0551446 0.0252123 -0.0430376 0.0360176 -0.0352495 0.0958301 -0.00718469 0.0107317 -0.00130279 -0.00087439 0.00713108 0.022078 -0.00537977 0.000822375 0.000319733 -0.00615624 -0.000318738 -0.00569794 0.0857191 -0.024826 0.0253348 -0.0109815 -0.000762325 -0.0100832 -0.00637941 -0.00201081 -0.000716092 -0.00237283 0.038651 -0.000356525 0.000499669 6.53845e-05 -0.00240462 -0.00314464 0.0215094 -0.0155776 -0.00253828 0.00498224 0.00964035 -2.56835e-05 -0.00580259 -0.00150521 0.000106625 -0.00434918 0.0150194 -0.0628242 -0.0153596 -0.0004797 -0.0665914 -0.00393944 -0.0277522 0.00119286 -0.00474915 0.0128622 -0.0313077 0.000423583 0.0211376 0.000280296 -0.00854089 0.00266159 -0.00064409 -0.00931939 0.00952585 -0.0823348 -0.00645295 -0.00149379 -0.00630051 0.0307365 -0.00361745 0.0266971 -0.000741674 -0.0153245 -0.00279388 -0.0372837 0.00285687 -0.000184003 
0.0107169 -0.00499258 -0.00111235 0.00668899 -0.0171818 0.00431287 -0.0219667 0.0072174 -0.0272081 0.00224537 0.00323287 -0.032842 -0.00262717 0.0223963 -0.0538128 0.0142777 -0.00997775 0.0020779 0.0079404 -0.00180573 0.140152 0.00659919 -0.0164001 0.00615552 -0.0282691 0.0222979 -0.0223659 -0.0162442 -0.0155457 -0.0104732 0.0260458 0.0149702 0.00109558 -0.00413389 -0.00317393 0.0182232 0.00746044 0.00787921 -0.00141591 0.00784899 -0.000216135 -0.00691078 -0.0122806 -0.0111618 0.0287614 0.0122481 0.00488179 -0.00735677 0.00352391 0.00769882 -0.000405746 -0.00210093 0.00403957 0.00691628 0.000919872 -0.000300995 0.00312946 -0.000924546 0.0153255 -0.0131202 0.0191413 0.0199275 0.00151805 -0.00641466 0.00493902 0.0114467 -0.00067325 0.00631977 -0.00900779 -0.0367071 -0.0042244 -0.000314004 -0.0501068 -0.00337943 -0.00943131 -0.00143249 -0.00046654 0.0143768 -0.010097 0.00110711 -0.00180683 -0.0372411 0.00459446 0.000531931 0.00318876 0.008911 0.000504205 -0.0424525 0.000907276 0.00311411 -0.00233673 0.0635266 -0.00214771 -0.0198848 0.00111649 -0.00252992 0.00170028 -0.0193048 0.00248995 0.00964594 
-0.0118675 0.00571168 0.000165086 0.000383376 0.0129957 -0.00281217 -0.0121943 -0.0214353 -0.0442724 0.00343116 -0.000581602 -0.00552602 0.00320892 -0.00296012 -0.021205 0.0167111 -0.0110135 -0.019146 -0.0289365 0.020953 0.00659919 0.159123 0.00583955 0.00100665 0.0142534 -0.00288815 -0.0163366 0.0182146 -0.029242 0.0141797 0.0012589 0.00330689 -0.000857584 -0.00416045 -0.00430895 0.00631482 -0.00450633 -0.000181744 -0.0028837 0.0213223 -0.00384593 -0.0122989 0.0180922 -0.00321462 0.0408709 0.01114 -0.00406167 0.00479347 0.00557544 0.00324566 0.000283425 0.000192534 0.0116405 -0.00726401 -0.000844515 -0.00277674 -0.00621053 0.00572921 0.00388171 -0.0245801 -0.00175162 0.0180345 -0.00478674 -0.0133339 0.00311647 -0.00563723 -0.00856033 -0.00542632 -0.0258063 -0.046391 -0.00395867 -0.00165576 -0.0352766 -0.00620931 0.0158207 -0.00553315 -0.00793984 0.00151442 0.00604779 0.000836196 0.00892051 -0.0540407 -0.00771378 -0.000397534 0.00409309 -0.00611838 0.000500649 -0.0294479 -0.00083989 -0.00155304 0.000936761 0.04668 -0.00154359 0.0317195 -0.00271344 0.00394753 -0.00195086 0.0336268 -0.0060177 0.000797295 
-0.025617 -0.035607 0.0013371 -0.0454423 -0.0644994 -0.0101675 0.0716931 0.0240334 0.0567981 -0.00791086 -0.0060779 -0.0324043 -0.00119935 -0.0232819 0.0861887 -0.0096342 0.0336977 -0.0180688 0.0142832 -0.0853307 -0.0164001 0.00583955 0.210976 0.0835271 -0.0450196 -0.0511414 0.035587 0.00949259 0.00693137 -0.0858273 -0.0274465 -0.0235379 0.00107412 0.0043572 -0.0198487 -0.0341218 0.00167926 0.00130522 -0.0054315 0.0295007 -0.00226284 0.00820453 -0.091426 0.0232377 -0.00665388 0.00635772 -0.00427094 0.0101061 -0.00438338 -0.0100211 0.000697629 -0.00843497 -0.0378751 8.70243e-05 -0.00169041 -0.00217911 -0.00351007 0.00378672 -0.0353558 0.00434229 -0.0111126 -0.0174652 -0.0148088 -0.0238867 0.0113535 -0.0108003 0.00258195 -0.00139006 -0.00683493 0.0573348 0.00799453 -0.000416714 0.0514465 0.00412841 0.0227058 0.00022572 0.00270754 -0.0214858 0.0348447 -0.000143885 -0.0149675 0.0139793 0.00630555 -0.00239345 0.00880997 0.010534 -0.0114179 0.100687 -0.0311815 -0.0043281 0.00491015 -0.0272043 0.000731365 -0.0252116 0.000149812 0.00627417 -0.00552545 0.0534129 -0.0204705 -0.0031129 
-0.00534875 -0.00100328 -0.000203119 -0.03193 -0.0760964 -0.00714278 -0.0270652 0.0310418 0.0551136 -0.0195128 -0.000675993 -0.0521125 0.00303585 -0.00521924 0.0145106 0.00734978 0.0666162 -0.00116217 0.0188161 -0.0699112 0.00615552 0.00100665 0.0835271 0.249956 -0.0348258 -0.0186946 0.0265458 -0.041767 0.0148888 -0.102248 -0.00976384 -0.00689762 0.00597996 -0.00331455 -0.00311463 -0.0110215 -0.00236725 -0.00213617 0.00257849 0.0428389 -0.00206668 -0.0057394 -0.0977575 -0.0227167 -0.00226313 0.0186908 -0.000933458 -0.00710092 0.0081659 -0.00211398 0.000870019 -0.0161596 -0.019059 0.00272939 -0.00108891 -0.001583 -0.000315451 0.00430153 -0.0175431 0.0146292 0.00349837 0.0134027 -0.00913093 -0.0129267 0.017248 -0.00246595 -0.00421801 0.00398341 -0.0185807 -0.0079918 0.013597 0.000274064 0.0329828 0.00511179 0.04852 -0.00490191 0.00161471 -0.0336237 0.0375705 -0.00271604 -0.0250756 -0.0233692 -0.0171688 -0.0013469 0.00214029 -0.00998671 -0.00758336 0.0347283 -0.0156655 -0.00190679 0.0123711 -0.0115266 0.00182895 -0.0297143 -0.00234204 0.0129573 -0.00191128 0.0671547 -0.0141697 -3.40999e-05 
-0.0121416 0.0402253 -0.00340553 0.0139774 0.0812091 -0.00833539 0.0216382 -0.00905379 -0.00373357 0.00719863 -0.00519249 0.101915 0.000417014 -0.0275097 -0.00748696 0.0332145 -0.0244767 -0.00677936 -0.0360304 0.0551446 -0.0282691 0.0142534 -0.0450196 -0.0348258 0.242442 0.00152286 -0.05678 0.0462312 -0.0551822 0.0519 -0.0335335 -0.0142857 -0.00418166 -0.00496132 0.0108239 -0.0146856 -0.0127366 -0.00164083 0.00302014 0.0230781 -1.35263e-06 -0.00200565 0.0617484 -0.0151545 0.0688974 -0.0231819 -0.00474653 -0.0156154 -0.00781233 -0.0257448 -0.000926749 -0.0118458 -0.000184265 -0.00396758 -0.00101942 -0.000297049 -0.00426998 0.000818059 -0.0116003 -0.0243787 -0.0124448 0.00265149 0.00376288 0.0094484 -0.008818 -0.00832494 -0.00108703 -0.00864592 0.00377364 -0.0379482 -0.0232676 -0.000716814 0.01185 -0.0064521 -0.0165841 -0.00370438 -0.00873966 -0.00849013 -0.031826 -0.00433665 0.00697156 0.0146894 -0.00821507 0.000675956 -0.00676935 -0.0212548 0.000921883 -0.0456282 -0.00663558 -0.00250677 -0.0172004 -0.018268 -0.0072818 0.0127315 -0.00177675 -0.000650173 -0.0118428 -0.0105081 0.00461106 -0.00883917 
0.000573777 0.022263 -0.00151907 -0.00299203 -0.00241475 0.00156101 -0.0493917 -0.00412304 -0.0374663 -1.365e-05 0.0035483 -0.0183091 -0.00348555 0.0142969 -0.0637174 0.00209253 -0.00554391 -0.00163645 0.0110834 0.0252123 0.0222979 -0.00288815 -0.0511414 -0.0186946 0.00152286 0.116532 -0.0229146 -0.000150482 -0.00882413 0.0219896 0.0174835 0.0087811 0.000522305 -0.00297276 0.00441269 0.0307898 0.0028621 -0.0014696 0.00292768 -0.00891639 -0.000732941 -0.00398754 0.025822 -0.0143826 0.0194791 0.00323039 0.00168647 -0.00403936 0.00411781 0.00949958 9.56903e-05 0.0032297 0.0288334 0.00533595 0.000268946 0.000446701 -9.69681e-05 0.00752551 0.0263845 -0.0070004 0.00765517 0.0120268 0.00296911 0.0070257 -0.00355591 0.00470725 -0.000719756 -0.00189348 -0.00392234 -0.0416955 0.00104066 0.000426903 -0.0583682 -0.00120134 -0.00381852 0.000297158 -0.000660498 0.00897338 -0.0104387 0.000681132 0.011536 -0.0272863 0.0120384 0.000375503 0.00403079 0.00153645 0.00413808 -0.0524171 0.0048789 0.000485367 0.00142413 0.0237391 -0.000208472 0.0106307 -0.000429937 -0.00542172 0.00385382 -0.0225646 0.000705059 0.0015433 
0.00623322 -0.0296892 -0.00167705 -0.0136207 -0.0318776 0.00200825 0.0096152 -0.00166091 0.0505187 -0.00925076 -0.00106517 -0.0153973 -0.00336559 -0.00514174 0.0441999 -0.0139373 -0.00797655 0.0065487 0.00264627 -0.0430376 -0.0223659 -0.0163366 0.035587 0.0265458 -0.05678 -0.0229146 0.180382 -0.0435206 0.0438852 -0.050038 -6.19277e-06 -0.00978804 0.000645127 0.00946612 -0.0130335 -0.0144261 -0.00274835 -0.00551146 0.000840765 -0.0214346 -0.000152374 -0.00114158 -0.0483586 0.016847 -0.0426259 -0.00312124 0.00215451 0.00907858 0.00334136 -0.00410727 0.00102941 0.00266021 -0.0220731 -0.00437157 -0.000380806 0.000710902 0.00267566 -0.00962737 -0.0128739 0.0406266 -0.00491651 -0.0220629 -0.00459323 0.00114266 0.00362212 -0.00251756 -0.00250664 0.00520631 -0.0126828 0.0416456 0.00561063 3.53432e-05 0.0426282 0.000840057 -0.00289125 -0.00192753 0.0015845 -0.0137955 0.0468494 0.000113851 -0.0289864 0.00333172 -0.0146598 -0.00129193 -0.00515733 0.00339836 -0.00321025 0.0558491 0.00585806 -0.000672238 0.0143228 -0.0450328 0.000282991 0.00687107 0.000993301 0.00791303 0.00284573 0.0311169 -0.00671244 -0.00125553 
-0.0266084 0.025324 -0.00662398 0.00824687 0.0282111 -0.00440492 0.0130394 0.0216247 -0.0172616 -0.00256732 -0.00210196 0.0523036 -0.0126067 -0.0220726 0.0177034 -0.00771176 -0.0403549 -0.0149084 -0.0213495 0.0360176 -0.0162442 0.0182146 0.00949259 -0.041767 0.0462312 -0.000150482 -0.0435206 0.238028 -0.0213471 0.0581655 -0.0257232 -0.00843477 -0.00193557 -0.00157688 -0.020827 0.00479575 -0.00919145 -0.00505933 -0.00304423 -0.0366937 -0.00210813 0.00432139 0.0480479 -0.0115321 0.0247617 -0.0171749 -0.00234516 -0.00702309 -0.0179733 -0.0224041 -0.00104623 0.0042115 0.00740108 0.000845088 -0.000456391 -0.000806895 -0.00400988 -0.00146597 -0.00218184 -0.0294641 -0.0125764 0.0101116 -0.00481589 -0.011184 0.00414045 -0.0123477 -0.00290967 -0.0131342 0.0193546 -0.0124792 -0.0194416 -0.000704578 0.00987734 -0.00195453 -0.0190793 3.74511e-05 -0.00566216 0.0106017 -0.0260038 -0.000148663 -0.000605195 0.0201574 0.00956642 0.000170201 -0.00523724 -0.0140648 0.00109511 0.00383563 -0.0136032 -0.00217394 -0.0112487 0.00105289 0.00193161 0.0459696 -0.00198533 -0.0286437 -0.00612423 -0.0364014 -0.00176288 -0.00651689 
0.0101014 -0.0213095 -0.00268144 -0.0140732 -0.0274702 -0.000265479 0.0129763 -0.000524381 0.0239355 -0.00404234 0.00208829 -0.0280494 -0.00539336 0.00505836 0.0358283 -0.0285903 -0.022272 0.00142346 -0.00456054 -0.0352495 -0.0155457 -0.029242 0.00693137 0.0148888 -0.0551822 -0.00882413 0.0438852 -0.0213471 0.156917 -0.0279563 0.00667087 0.000830873 0.000937943 0.00349339 -0.00785518 0.00388507 -0.00162911 -0.00437545 0.000372918 -0.0479334 0.00107166 0.00864965 -0.0241754 0.00405927 -0.0500764 -0.0133155 -0.00334491 -0.00395769 -0.00923184 0.0112038 -0.000388849 0.0182139 -0.00503485 -0.00236622 1.58698e-05 0.00130359 0.000726569 -0.00641192 0.00358702 0.0252126 0.00126338 -0.0242544 -0.00196026 0.00995928 -0.00263758 0.00432048 -0.00130568 -0.00153932 0.0130491 0.0341648 -0.00744993 0.000683164 0.0473362 0.000808896 -0.0056964 -0.00293656 0.00302214 -0.0139104 0.00230757 -0.000344172 -0.0233105 0.0313672 0.00300028 -0.000950602 -0.00740583 -0.00286105 -0.00333823 0.0526413 -9.6387e-05 -0.000105889 0.00291709 -0.0178736 0.00990417 0.0303987 -0.000101263 -0.00484824 0.00416953 0.00217349 -0.00152548 -0.000627622 
-0.00341702 0.0170065 -0.0043919 0.0336597 0.0771806 0.000325522 -0.000300395 -0.0189349 -0.0575845 0.000361153 0.000362573 0.0649766 -0.00970295 -0.00420083 -0.0432 -0.0213933 -0.0445009 -0.00241346 -0.0260265 0.0958301 -0.0104732 0.0141797 -0.0858273 -0.102248 0.0519 0.0219896 -0.050038 0.0581655 -0.0279563 0.197458 -0.00274943 0.0142965 -0.00404358 -0.00621311 -0.00770166 0.0206322 -0.00612514 -0.00196493 -0.000915696 -0.0372147 -0.00020019 -0.000695307 0.118879 -0.0218337 0.0140316 -0.0142352 -0.00359336 -0.0111516 -0.0130903 0.00202301 -0.00109505 0.00585053 0.0452223 0.00273092 -0.000626544 -0.000130553 -0.0024058 -0.00734313 0.0102621 -0.0185648 -0.00670472 -0.00459748 0.00130962 0.0014114 -0.0140288 -0.00504078 -0.00157117 -0.00569347 0.0275072 -0.0342525 -0.0181287 -0.000420742 -0.032738 -0.00463372 -0.0357853 0.000904182 -0.00532384 0.0271336 -0.0381813 -0.00219368 0.0204139 0.0177398 0.001485 0.00241291 -0.00845077 -0.0127796 0.0095901 -0.0724054 0.00437754 0.00067018 -0.00858261 0.044907 -7.56503e-05 0.0432802 -0.000692818 -0.0135268 -0.00470378 -0.0627365 -0.000693242 -0.00202182 
0.0139592 -0.00611477 -0.0011165 0.00559146 -0.0139879 0.00793675 -0.0265774 -0.00512021 -0.0189226 0.00180963 0.00468456 -0.0315479 -0.000978599 0.029562 -0.030137 -0.00569838 -0.00679335 0.00112165 0.0027967 -0.00718469 0.0260458 0.0012589 -0.0274465 -0.00976384 -0.0335335 0.0174835 -6.19277e-06 -0.0257232 0.00667087 -0.00274943 0.0669775 0.0140596 -0.000251634 -0.00165676 -0.00496104 0.0169428 0.00229722 0.000513082 -0.000693414 -0.0131999 -0.00016211 -0.00233079 -0.00301879 -0.00540209 -0.0113437 0.00543061 0.000831184 -0.00235989 5.06192e-05 0.0166354 -2.38821e-05 0.0085151 0.00782953 -3.65801e-05 0.000439391 -4.01363e-05 0.00369203 -0.00233299 0.0192261 -0.00309891 0.0143317 0.00962708 0.000274212 -5.76879e-05 -1.21071e-05 0.0075777 -0.000922304 0.00599934 -0.00179696 -0.017989 0.00148331 -7.47051e-05 -0.029285 0.000160076 0.00101788 9.94582e-05 0.000974933 0.0195956 -0.00739116 0.000715904 -0.00632312 -0.0168314 0.000613257 -0.000356077 -0.000349653 -0.000180344 0.000878678 -0.0236426 0.0184269 0.00212016 0.00356465 0.0316222 0.00148577 0.00134062 -0.000306567 0.00348422 0.00609652 -0.0169355 0.00466454 0.00825309 
0.0117024 -0.000369843 -0.00106365 0.0055184 -0.00349052 0.00404507 -0.0246889 -0.00395668 -0.0157029 -0.00111411 0.00214973 -0.0154444 0.00143221 0.0147138 -0.0264305 -0.00520663 -0.0017123 -0.000787223 -0.00594582 0.0107317 0.0149702 0.00330689 -0.0235379 -0.00689762 -0.0142857 0.0087811 -0.00978804 -0.00843477 0.000830873 0.0142965 0.0140596 0.0572335 0.000572569 -0.00106089 -0.0026457 0.0220145 0.00206516 -0.00132952 -0.000478021 -0.0101058 -0.000110429 -0.00183589 0.00872438 -0.00834598 -0.0110431 0.00213893 -6.67646e-05 9.35875e-05 -0.000378127 0.0103535 -0.00012279 -0.000268126 0.0246161 -0.000729597 0.00053156 0.000138046 0.00216983 -0.00028353 0.0041291 -0.003176 0.0028378 0.00151278 -0.000145644 -0.000794878 -0.000247148 0.00546868 -0.00100012 0.00219508 0.000967278 -0.0177871 -0.000492057 0.000216811 -0.026179 -0.00144253 -0.00111234 -0.000578592 -0.000278954 0.000472454 -0.00763441 -0.000483042 0.00612488 -0.013645 -0.00133181 0.00193455 -0.00152072 -0.00237472 0.00750641 -0.0234354 0.00913921 0.00304231 0.000815687 0.0189256 0.000632407 0.00882489 -0.000338271 0.00460911 -0.000542795 -0.00961956 0.00293791 0.00233879 
0.000504242 -2.69132e-05 -0.000282675 -0.00119672 -0.00337499 -5.37598e-05 -0.00414593 -0.000570782 -0.00102507 -0.000639945 0.000179489 -0.00505397 0.000173062 0.000386686 -0.000606485 -0.0015455 0.00491288 0.000972671 0.00273693 -0.00130279 0.00109558 -0.000857584 0.00107412 0.00597996 -0.00418166 0.000522305 0.000645127 -0.00193557 0.000937943 -0.00404358 -0.000251634 0.000572569 0.0159859 0.00144116 0.00124764 0.000388133 -6.97658e-05 -0.0003156 0.000179997 0.000805291 -3.54935e-05 0.000617402 -0.00329248 -0.00125558 -0.00279083 0.00114621 0.000446728 -0.000330459 0.00175432 -0.000424404 1.28291e-06 -0.000345662 -0.00100435 -0.000286762 8.51016e-05 4.73764e-05 -5.26656e-05 -3.14408e-05 -3.96752e-05 0.000656372 0.00135792 0.000820824 0.000131047 -0.00044146 0.00192468 0.00119136 -0.000149933 -0.00045679 -0.000260136 -0.00306964 0.00180967 0.000582654 -0.00173217 -4.67569e-05 0.00322127 0.000252478 0.000372561 -0.00186269 0.000596426 0.000376427 -0.00213133 -0.00345047 -0.000982001 0.00018761 0.00285876 -0.0001437 0.000248946 -3.84191e-05 -0.000445207 7.51576e-05 0.000844111 -0.00291499 -0.00022056 -0.00290887 1.08614e-05 -0.000928884 -5.25802e-05 0.00121776 -0.000258973 0.000289282 
-0.00016228 -0.00369408 -0.000627175 -0.00012949 0.000781938 -0.000375559 0.00196402 -0.00417932 0.00763552 0.00108578 -0.000426552 0.00414918 -0.000538304 -0.00190823 -6.3688e-05 -7.29574e-05 0.00213194 -0.000641817 0.0026043 -0.00087439 -0.00413389 -0.00416045 0.0043572 -0.00331455 -0.00496132 -0.00297276 0.00946612 -0.00157688 0.00349339 -0.00621311 -0.00165676 -0.00106089 0.00144116 0.0349235 -0.000234003 -0.00207921 -5.83769e-05 0.000686812 -6.87398e-05 -0.00513267 -0.000146206 -0.000151877 -0.00299861 -0.000527168 -0.00578402 -0.00138876 -0.000285546 -0.00047542 -0.000433173 -0.0016145 -6.02114e-05 -0.00102 0.000350466 -0.000746438 0.00023756 0.000120521 -0.000212255 -0.000876684 -0.00189433 0.00600939 -0.000791308 -0.00437498 -0.000536824 -0.00105919 -0.00067472 -0.000583562 -0.00032534 -1.33936e-05 0.000473098 0.00463911 0.00327023 7.80665e-05 -0.00233896 0.00135762 -0.00349595 0.000102295 -0.000627302 -0.00387559 -0.000817314 -3.28938e-05 0.000391979 0.00375632 -0.00107983 -6.05602e-05 0.000319219 0.00384903 -0.000196852 0.0026198 -0.000201094 -0.000225787 -0.000715664 -0.00814324 -2.35228e-05 -0.000545959 0.000333319 -0.000617208 -0.000503293 -0.000639534 0.000178199 -0.000374609 
