0.0233895 0.00223045 -0.00392458 0.000557601 -0.00129037 -0.00783451 -0.00454925 0.000198111 -0.0011766 0.00335836 0.00420912 0.00251538 -0.000934543 0.000479114 -0.00266148 0.000130754 0.00390543 -0.00173566 -0.00265914 -0.000487758 -0.00306165 0.00114258 0.00776518 -0.00100104 0.00308704 0.000573806 0.00222666 0.000334043 0.000646446 -0.00456108 0.00168188 -0.00386144 -2.76844e-05 -0.00626361 0.00291673 0.000153237 -0.00127381 0.000190151 -0.00322171 1.33144e-05 0.00194265 -0.00028886 -0.00264641 -0.000707674 0.000273025 0.00403374 -0.000352729 0.000113627 -0.00148535 -4.25359e-05 -0.00116777 -0.000515704 0.000243844 -0.00317756 0.000428499 -0.00160077 -0.00050232 -4.39323e-05 -0.00307319 -0.000218434 -0.000192691 -0.00129428 0.000269847 -3.86852e-05 -0.000987398 0.000794441 0.000618615 0.000407656 -8.77041e-05 0.00281907 0.00186923 -0.000434236 0.000139267 -0.000289531 -0.00186006 0.00179519 -0.000308645 -0.00542502 0.000258835 -0.0004186 -0.000171738 0.000592054 2.33597e-06 0.000378982 -0.000137519 0.000712502 -0.000136121 0.00200798 -0.00158043 -0.00160523 -0.0054944 -0.00134848 0.000774116 -0.00105714 -2.9006e-05 0.000826886 1.7795e-05 0.00303197 0.00328658 -9.75591e-05 
0.00223045 0.123875 -0.0118543 0.00243686 0.00442971 0.00442684 -0.0235285 -0.00179228 0.00556484 -0.00508137 -0.00807155 -0.0135836 0.00764997 0.00105061 -0.00943287 0.0373681 0.00248625 0.00716398 -0.00159511 0.00786194 0.0137615 0.00558863 0.0130662 -0.00221079 -0.00445396 -0.00379851 -0.00765511 -0.0111594 0.0176732 0.0218515 0.00113133 -0.0246598 -0.00100966 -0.00618647 -0.00890233 -8.17529e-05 -0.00213789 0.00367931 -0.00175336 -0.000894722 -0.00132562 -0.00149936 0.000330557 -0.00311099 0.000894553 -0.00228543 -0.00191474 0.00262968 0.00409754 -0.000766696 0.00310615 -0.00573368 -0.00304625 0.0157061 0.000252132 0.0118538 -0.00358824 -0.000213697 -0.023092 0.00863865 -0.00215932 -0.00332248 -0.00618866 0.000216231 -0.00711794 -0.000520466 -0.00906086 -0.0107116 -0.000538979 -0.00675895 -0.00313242 -0.00730935 0.000113516 0.00179556 -0.00617949 -0.00216209 0.00592747 -0.0212262 -0.000210172 -0.00151949 -0.00248846 0.000407732 0.000467827 0.000905845 -0.00191911 0.0010358 0.000766991 0.00434327 -0.00176588 -0.00670431 -0.0134032 -0.00695779 0.00453406 -0.00682785 -0.00859089 -0.00217325 -0.00540311 -0.0160729 0.00761644 -0.00209052 
-0.00392458 -0.0118543 0.203131 -0.00192406 -0.00831794 0.0130611 -0.0227059 -0.00445541 0.00888627 0.000206694 -0.0431782 -0.0302449 0.007139 -0.001264 0.0345349 0.0018182 -0.0019457 0.0109883 0.0236859 -0.000582543 0.0336729 -0.00501109 -0.0361679 -0.0112988 -0.00886782 -0.00681796 -0.0052517 0.0296969 0.00163212 0.03382 -0.00894392 -0.0260014 -0.00894422 -0.00574914 -0.0494534 9.21267e-05 -0.00608821 0.00488256 -0.0252799 -0.000443497 -0.0038583 -0.00416449 0.0380617 -0.00192921 0.000722158 -0.00157916 0.00809791 0.00162824 0.0039816 -0.00104011 0.0024074 -0.0173287 -0.00375072 -0.000266338 -0.00144101 0.06262 -0.00774731 0.000343896 0.0268462 -0.00488858 0.00148498 -0.0171075 -0.0234825 -0.000348183 0.028047 -0.00230138 0.023641 -0.0235578 -0.00136829 -0.0190064 -0.0102876 -0.013288 -0.000551979 -0.00586208 -0.0249093 -0.00489477 -0.00824627 -0.0232579 -0.00600213 0.00404625 -0.00196343 -0.00231621 -0.000263335 0.000486167 -0.00335768 0.00905245 0.000833509 -0.00126889 0.00738423 -0.0191429 -0.0489537 0.0208245 0.0024148 0.00578943 0.0115655 -0.00425618 -0.0112214 -0.0309362 0.0241655 -0.000829542 
0.000557601 0.00243686 -0.00192406 0.0318333 -0.00162682 0.00406953 -0.00533167 -0.000286351 -0.00128252 0.00011303 -0.00179354 -0.00488707 -0.000286778 0.000367502 -0.00395985 -0.00370445 -0.000333845 -0.00345528 -0.00418856 0.00669226 0.00552932 0.0097396 0.00271466 -0.00141502 -0.00186185 -0.000834761 -0.00192557 0.00382938 -0.0028431 -0.00553784 -0.00115029 0.0040872 5.00991e-05 -0.00469154 0.000823143 -3.34624e-05 0.00101855 -0.000211672 -0.00799699 -0.000207697 0.000139694 -0.000270877 2.14426e-05 -0.000640211 -0.000119084 -0.000797283 0.00170654 -0.000527749 0.00153757 5.17512e-05 0.00153546 0.000102726 0.000258009 0.00106866 1.14565e-05 -0.00599703 -0.000876843 -6.04896e-05 5.40303e-05 -0.000702439 -0.000475869 0.000877787 0.00095568 -4.88533e-05 -0.00389686 -0.000550577 -0.00245004 0.00433964 -0.000111862 -0.00261287 -0.00203397 0.000201284 1.37847e-05 -0.000972044 -0.000480653 -0.001254 -0.00117086 0.00673773 2.70845e-05 0.000235013 -0.000371474 0.000207448 6.67503e-05 0.000709147 -0.00012982 -0.000249152 -0.00032612 8.08325e-05 -0.00205414 -0.00150486 -0.00649506 0.00138212 -4.33492e-05 -2.06924e-05 0.00742769 -0.000425045 0.00115125 -0.00350655 -0.00148378 -0.000331515 
-0.00129037 0.00442971 -0.00831794 -0.00162682 0.0692186 0.00395634 -0.00331194 0.00068186 0.000784887 0.00381283 -0.00412698 -0.000510739 -0.000182651 0.000848438 0.00240103 -0.0123238 -0.00131202 0.026639 -0.00345327 -0.0232446 -0.0150804 0.00240165 -0.00354846 0.00500351 0.00212734 0.00324941 -0.000644092 -0.00107492 0.00367154 -0.0245344 -0.000929155 0.00575584 0.00936719 -0.0249308 -0.00139107 -3.65562e-05 -0.0019746 -0.000314717 -0.0171499 0.000862067 0.00225887 -0.000867148 -0.0147251 0.00577645 0.000571196 -0.00196512 -0.000682612 0.00535223 -0.00431316 0.000158225 0.00746447 0.0132226 -0.000175338 -0.00470567 -0.000319482 -0.00125915 0.0025421 0.000318394 -0.0138589 6.49798e-05 -0.000344957 -0.00264032 0.0124652 0.000216931 0.00153918 -0.000385772 -0.00632499 -0.00329872 0.0023946 -0.000921618 -0.000823231 0.00116725 -6.74842e-05 -0.00209625 -0.00211091 -0.00054475 0.00595573 -0.00285422 0.000650167 -0.000704632 0.000522508 0.00191624 -0.000149339 -0.00119863 -0.000242934 -0.00178921 0.00665549 0.00344693 0.00273256 -0.00228503 -0.00327834 0.000818755 0.00385917 -0.00121764 -0.0044363 0.00173407 0.0059335 0.00414334 -0.00727247 7.7208e-05 
-0.00783451 0.00442684 0.0130611 0.00406953 0.00395634 0.244892 -0.0287351 -0.00152493 -0.0157152 0.00581009 -0.0148197 -0.0185495 -0.0134927 -0.00655964 0.0389346 -0.0331185 -0.0137988 0.00369447 0.0406858 0.00402451 0.0545476 0.00780825 -0.0100386 -0.0170171 -0.0340687 -0.00954028 -0.0140375 0.010541 -0.0086777 -0.0150105 -0.0207388 0.0328163 -0.0132224 0.000381434 -0.0468721 -0.00119025 0.00382932 -0.00167459 -0.0460103 0.00224177 -0.00816578 -0.00383295 0.0532444 0.00838953 -0.00412983 -0.00795355 0.000250915 -0.00688145 -0.00289837 -0.00277092 0.0100124 -0.00253912 -0.000138682 0.0329804 -0.002363 0.0509971 -0.00903922 -0.000192245 -0.00941991 -0.00371155 0.00054546 -0.00507473 -0.0187739 -0.000100144 -0.0394497 -0.00841975 0.00966731 0.00180217 0.0012694 -0.0289626 -0.0228964 -0.0152332 -0.00144703 0.00839837 0.0245313 -0.0190797 -0.0147428 -0.00640315 -0.00455531 0.00240883 -0.00691416 0.00282638 -0.00151378 0.000741156 -0.00894046 0.00388318 -0.0071513 -0.0194301 0.0127266 -0.00340162 0.015655 0.0021763 0.00140578 -0.0126787 0.00892974 -0.00540862 -0.0169261 -0.0213741 0.0172017 -0.000602652 
-0.00454925 -0.0235285 -0.0227059 -0.00533167 -0.00331194 -0.0287351 0.201408 0.000364077 -0.015169 -0.0128093 0.00915963 -0.00256306 -0.0211927 -0.00093243 -0.0387405 0.0119763 0.00166256 -0.0158628 -0.0233819 -0.00534091 -0.000591565 0.0056003 0.00226292 -0.000993576 -0.00205785 0.00590359 -0.0119398 -0.0152131 -0.0298591 -0.0184725 0.0108566 0.060798 -0.0040146 0.0822512 -0.0110175 0.000448615 -0.00930382 -0.00318598 0.0670881 -0.00416345 -0.00650613 -0.00346223 0.0121236 -0.00458436 -0.00144841 -0.00589612 -0.00848999 -0.00386553 -0.0216879 -0.00115233 -0.0126561 -0.0178571 -0.00523634 -0.00862739 0.00108087 -0.0727292 0.00236841 -0.000434804 0.0112766 -0.00219673 -0.000736108 -0.00179405 0.00387905 -0.000199498 -0.0653758 0.00489605 0.000563084 -0.0168307 -0.00178112 0.00707023 0.00263634 0.00749316 -0.000494275 -0.00607194 -0.0304662 -0.0023923 -0.0080945 0.0319165 -0.00399233 -0.00415106 4.55315e-05 -0.00568961 -0.00044552 -0.00230615 0.00739442 -0.00555135 -0.00535866 -0.0101128 -2.77863e-05 0.0211438 0.0584412 -0.0298446 -0.00666028 0.00593684 0.0269344 -0.00395779 0.00722325 0.0190913 0.0383316 -0.00549354 
0.000198111 -0.00179228 -0.00445541 -0.000286351 0.00068186 -0.00152493 0.000364077 0.0211534 0.00115066 -0.000805661 0.00149487 0.00368821 0.00164655 0.000518089 -0.00157311 -0.00452526 -0.000812429 0.000458437 0.000103261 0.00081318 -0.00289613 -0.000873555 -0.0026161 -0.000838172 -0.000975855 0.000246799 -0.00129587 -0.000264825 0.00233587 -0.0015946 -0.000236921 -0.00124923 -0.000408246 -0.00246829 -0.00279848 3.49444e-05 0.00200414 5.06801e-05 -0.00124256 -0.000336453 0.000368069 0.000845354 0.00120288 0.000268491 -8.709e-05 -0.0004958 -0.000529642 0.000357759 0.000692643 -7.41848e-05 -0.000721186 0.000525299 -0.000240409 -0.000664638 -7.87442e-05 -0.00315637 2.1701e-07 2.28085e-05 -0.00211285 9.06426e-05 0.000178022 -0.000919743 0.00350417 3.9892e-05 0.00186213 -0.000291102 -0.00127042 -0.00138916 -8.87043e-05 -0.000679281 -0.000876575 -0.00127655 1.9741e-05 -0.000133249 0.00306028 -0.000234223 0.0011665 0.00105584 0.000131917 8.79197e-05 0.000175697 0.000253038 4.04072e-05 -0.000365339 0.000581366 -0.000790231 0.00168186 0.00085378 -0.000360628 -0.00111415 0.00136139 0.00125916 -0.000624327 -2.10982e-05 -0.000770878 -0.000204447 0.00162177 -0.000503154 -0.00423647 -7.07788e-05 
-0.0011766 0.00556484 0.00888627 -0.00128252 0.000784887 -0.0157152 -0.015169 0.00115066 0.0782599 -0.00423577 -0.0101311 0.0187415 0.0182474 0.000719414 -0.00632751 -0.00754856 -0.00193187 0.00499558 0.000670972 0.0129653 -0.0147775 -0.00494118 -0.0165834 -0.00134787 -0.0049336 -0.00249774 -0.00377717 0.0150734 0.000144725 0.0223051 -0.00260225 -0.0207083 -0.00257021 -0.00345003 -0.0107253 -4.92417e-05 0.00350278 0.0037085 -0.00366307 -0.00130862 -0.000769082 -1.45259e-05 0.00442924 -0.000215945 0.00163062 -0.00272529 -1.30219e-05 0.00697614 0.00701509 0.000329894 -0.00244889 -0.00353423 -0.00152238 -0.000757879 -0.000491868 0.00371326 -0.00190357 0.000143182 0.00236132 -0.000732232 -0.000939575 -0.00569551 -0.0061899 4.91956e-05 0.028399 -0.00109318 0.00677341 -0.0087693 0.000270314 -0.00614741 -0.00427697 -0.00542116 0.000263139 -0.00247276 -0.00796226 -0.00115993 0.0111843 -0.0220086 -0.00126381 0.00520411 -0.00114945 -0.00103215 -7.13262e-06 -0.000810562 -0.000387562 -0.00214188 0.0108952 0.0154808 -0.0032515 -0.00405339 -0.00588183 0.00667564 -0.00143023 0.00189776 -0.00838791 -0.00143833 -0.00180564 -0.00951221 -0.0223589 0.00021893 
0.00335836 -0.00508137 0.000206694 0.00011303 0.00381283 0.00581009 -0.0128093 -0.000805661 -0.00423577 0.0548955 0.00216587 0.00444935 5.65685e-06 -3.83776e-05 0.0166837 -0.0183736 -0.000329771 0.000690916 -0.000294207 -0.0231976 -0.0100321 0.00340845 0.0147172 -0.000524806 0.00189155 0.00026864 0.0126484 -0.00309199 0.00136524 -0.0215305 -0.000483509 0.0010406 0.000236242 -0.0235059 0.00820062 -2.99148e-05 -0.00294438 -7.46489e-05 -0.0160212 0.00486297 0.00128706 0.000440627 -0.0186791 0.00935456 0.000143282 0.00468149 0.00294998 -0.000400267 -0.00263899 0.000200149 0.00692514 0.00240885 0.00755138 -0.00758885 0.000103552 0.00852235 0.000913412 0.000317069 -0.00663771 -0.000797648 -0.000691777 0.0031099 -0.00566353 0.000121503 -0.00953104 -0.00029476 -0.00545125 0.0097965 0.00230836 -7.27875e-05 -0.00102636 0.00398225 0.000159087 0.00034619 0.0146352 -0.00204129 0.000555458 -0.0131255 0.00144639 0.000600944 -0.00023041 0.00314623 4.69934e-05 0.00178662 -0.00111378 0.0059804 -0.0007946 -0.00175294 0.0102307 -0.00367468 -0.0101044 -0.00194294 0.00163515 -0.00307829 -0.00455342 0.00506161 -0.000882493 0.00514425 -0.0149473 0.00439625 
0.00420912 -0.00807155 -0.0431782 -0.00179354 -0.00412698 -0.0148197 0.00915963 0.00149487 -0.0101311 0.00216587 0.161728 0.0563328 -0.0108577 -0.000628371 -0.0144845 -0.0129918 0.00895272 -0.02404 -0.0121777 -0.0163323 -0.0619697 0.00685729 0.0826655 -0.000118975 0.0122063 0.0044335 0.018532 -0.000804764 -0.0162036 -0.0436943 0.0235693 -0.0185192 -0.0017513 -0.0234294 0.043249 0.00034934 -0.013767 -0.0015433 -0.000977678 -0.000518146 0.0010586 0.00332936 -0.0450945 -0.00201602 -0.000616968 0.00165802 -0.00562971 -0.003827 -0.0106992 0.00146482 -0.0113377 0.00189238 0.0056406 -0.0230395 -0.00125102 -0.0534565 0.00126783 -5.93884e-06 -0.0285802 -0.00466337 -0.000407694 -0.0100613 -0.0332807 -0.000210118 -0.0277598 0.00801875 -0.0169771 0.0370797 0.000783258 0.040483 0.0293149 0.00502528 3.26601e-05 0.00962707 0.0312241 0.00497878 -0.0018791 0.0234113 0.00301207 -0.00239025 0.00273797 0.00610438 -0.000446738 -0.00171487 0.00226483 -0.00501617 -0.00364774 -0.00135257 -0.00372514 -0.00401183 0.00247908 -0.0129425 -0.00451033 -0.00379194 -0.00797811 0.00544611 -0.0050753 0.0575453 -0.0269695 -0.000488031 
0.00251538 -0.0135836 -0.0302449 -0.00488707 -0.000510739 -0.0185495 -0.00256306 0.00368821 0.0187415 0.00444935 0.0563328 0.216697 0.00159107 0.000185525 -0.0218513 -0.0776521 0.00355203 -0.00529014 0.0189753 0.0008468 -0.0703418 -0.0124113 0.0298082 -0.00970942 0.00413446 0.00182933 0.0261523 0.006959 -0.0129289 -0.0279695 0.00287449 -0.0436847 -0.00510632 -0.018558 0.0433876 -0.000341948 -0.00259829 -0.000471689 0.0237766 -9.64874e-05 0.00316431 0.00238079 -0.0525803 0.0037314 0.00098831 0.0109713 -0.00819712 -0.000463671 -0.00934925 -0.000617829 -0.0143626 0.00219609 0.0110002 -0.0462349 -0.00126764 -0.0347891 0.00416751 -0.000162631 -0.00330595 -0.00495033 -0.00305543 -0.0198374 -0.0425958 -8.124e-05 -0.00612171 -0.00148413 0.00928772 0.0292582 0.0018664 0.0258476 0.0151104 -0.00413725 0.000490283 0.00259301 0.0167854 0.00702297 0.0146885 -0.0185442 0.00122869 -0.00119174 0.000223812 0.00268593 -0.000793129 -0.00505051 0.00344815 -0.00702442 0.00591863 0.00331312 0.00632089 0.0210877 0.0304941 -0.00293458 -0.0081998 -0.000396734 -0.0104677 0.0109697 -0.00687532 0.0497907 -0.0668967 -0.00220904 
-0.000934543 0.00764997 0.007139 -0.000286778 -0.000182651 -0.0134927 -0.0211927 0.00164655 0.0182474 5.65685e-06 -0.0108577 0.00159107 0.0881087 0.00107916 -0.00810666 -0.0170136 -0.00144485 0.00824461 -0.00124435 0.00801873 -0.00379431 -0.00305334 -0.0163682 -0.0044729 -0.00652462 -0.00304967 0.00197874 0.00395229 0.0211557 0.0111907 -0.00171289 -0.0357986 -0.00338977 -0.0245295 -0.0131365 0.00028156 0.0232268 0.000633313 -0.0183918 -0.00107981 0.00153779 0.000116532 0.00710389 -0.00271326 -0.000645047 -0.00164465 0.0058387 0.00150691 0.00561234 -0.000615868 0.011147 -0.00218046 0.000395864 0.0187367 -0.0004807 0.0301513 -0.00263193 -0.000110572 -0.014636 0.0055572 -4.19263e-05 0.00374882 -0.00473897 3.1523e-06 0.0171507 -0.000168617 0.000139891 -0.00821105 -3.11992e-06 -0.0044577 -0.00159644 -0.00595768 -1.58047e-05 -0.00366001 0.00900365 -0.00213322 0.0103768 -0.0358725 -0.00082615 0.000919104 -0.000850583 0.000807445 2.85795e-05 -1.09776e-05 -0.00109599 0.00214318 0.00611148 0.0120291 -0.004076 -0.00578374 -0.0168567 0.0234591 -0.00172471 -0.0031616 -0.0047644 -0.000503811 -0.00330978 -0.0104699 -0.0216991 -6.74626e-05 
0.000479114 0.00105061 -0.001264 0.000367502 0.000848438 -0.00655964 -0.00093243 0.000518089 0.000719414 -3.83776e-05 -0.000628371 0.000185525 0.00107916 0.0139066 -0.00190046 0.000407279 0.000801541 0.000138091 -0.00451659 -9.04049e-05 -0.00366812 0.000674811 0.000657845 0.000838506 0.00205147 0.000171817 -0.000680388 -0.000106568 -0.000141041 -0.0015001 0.00174345 0.0006696 0.000887243 0.000510779 -0.000219439 1.66014e-05 0.00117258 0.0001794 -0.000691734 -0.000220518 -1.44301e-06 0.00152997 -0.00385391 -4.71653e-05 0.000108631 0.000885991 -0.000335236 0.000864184 -0.00088464 -3.61882e-05 -0.000645483 0.000364206 -0.000124628 -0.00228096 2.52812e-05 -0.00338708 0.000995037 0.000138652 -0.00263132 -2.18394e-05 0.000193812 -0.000704807 0.00219722 2.74231e-05 0.000662845 -3.34246e-05 -0.000538724 -0.000418064 4.35781e-05 -0.000514775 1.13514e-05 3.47292e-05 8.26896e-05 -7.98425e-05 -0.00149207 0.00204625 0.00199997 -0.00236327 0.000306214 -4.69023e-05 0.000376541 -0.000213422 6.33995e-05 0.00017091 0.000336824 -4.69736e-06 0.00154518 0.00220154 -0.000396909 0.000365711 -0.00233085 -0.000546196 2.81532e-05 -0.00043689 0.000164909 -0.000203749 0.00332071 -0.000762075 -0.0024913 -0.000181377 
-0.00266148 -0.00943287 0.0345349 -0.00395985 0.00240103 0.0389346 -0.0387405 -0.00157311 -0.00632751 0.0166837 -0.0144845 -0.0218513 -0.00810666 -0.00190046 0.136341 -0.00581129 -0.00331034 0.0071218 0.0152052 -0.0467731 0.014243 -0.00223091 -0.0137515 -0.00500887 -0.0074034 -0.00160237 -0.00508758 0.00357961 -0.00298071 0.00417793 -0.0058131 -0.00107885 -0.00510955 -0.0369286 -0.024372 -0.000118951 -0.00264409 -0.00145935 -0.0377701 0.00540266 -0.00214086 -0.00109173 0.00498746 0.0105358 0.00116833 -0.00189866 0.00705858 -0.00109844 0.0125308 6.50175e-06 0.0169915 -0.00485688 -0.00138465 0.020421 -0.000824644 0.0449895 -0.00352075 0.000814591 0.0130221 -0.00101089 0.000730127 0.00556028 -0.0137986 0.000178197 0.0160461 -0.00193588 -0.00776078 -0.00841757 0.00112544 -0.0143777 -0.00756124 -0.00261982 0.000136118 0.00446692 0.00259666 -0.00599828 -0.00477877 -0.0146834 -0.00040961 0.00236442 -0.00242176 0.0022873 -0.000465494 0.000135228 -0.00338205 0.0154571 9.7978e-05 -0.00726974 0.0087071 -0.0109567 -0.0101163 0.00914301 0.00130881 -0.00636064 -0.00751342 -0.00241795 -0.00596547 -0.0188552 0.00375176 0.00894302 
0.000130754 0.0373681 0.0018182 -0.00370445 -0.0123238 -0.0331185 0.0119763 -0.00452526 -0.00754856 -0.0183736 -0.0129918 -0.0776521 -0.0170136 0.000407279 -0.00581129 0.244098 -0.000148913 -0.00716575 -0.0126216 0.0267635 0.0613339 -0.00119429 0.00459683 0.00396449 -0.00331036 -0.0095655 -0.0233194 -0.0396806 0.00318813 0.0930341 0.00616749 -0.00585817 -0.00175093 0.0546794 -0.0280171 -0.000522057 -0.0143756 0.00163491 0.0521382 -0.0028804 -0.00379397 -0.00126425 0.0307408 -0.0153276 0.00136716 -0.00658049 0.00110662 0.00119445 0.0030255 0.000174806 -0.0156137 -0.0171418 -0.0127169 0.0237877 -0.000521045 -0.00814963 -0.00495598 -0.00105426 0.00177329 0.00659121 -0.00435012 0.0109704 -0.00239113 0.000123822 0.00620288 0.00136445 -0.0254487 -0.0107704 -0.00390476 -0.0104716 -0.00343831 0.00301467 -0.000664913 -0.0028216 -0.0299587 0.00277218 -0.00706713 -0.00378144 -0.00196636 -0.00329333 -0.00529093 -0.00909442 0.000344835 0.00274188 -0.000293569 -0.00113184 -0.00941397 0.000885637 -0.0205675 -0.0172564 -0.0168029 -0.0331907 -0.00023923 -0.0071146 -0.0382525 -0.00768119 -0.0165288 -0.0318521 0.0554359 -0.0012854 
0.00390543 0.00248625 -0.0019457 -0.000333845 -0.00131202 -0.0137988 0.00166256 -0.000812429 -0.00193187 -0.000329771 0.00895272 0.00355203 -0.00144485 0.000801541 -0.00331034 -0.000148913 0.0564723 -0.00701489 -0.0151709 -0.00799286 -0.0113134 0.00450563 0.014127 0.00186817 0.00520243 0.00063349 0.00407146 0.00251762 -0.00372075 -0.00509917 0.0110118 -0.0123583 -0.00164839 -8.43798e-05 0.00250503 0.000711963 -0.00382497 0.00221335 0.00200779 1.75627e-05 0.00166301 -0.00076843 -0.0188764 0.00182377 -0.000298648 0.00202307 0.000943631 -0.000378721 -0.005324 0.000307418 -0.00125883 -0.000657313 -0.000594292 -0.00123793 -3.18474e-05 -0.00689658 -0.00120869 -5.34584e-05 -0.00342783 0.00123428 -0.0004803 -0.0041817 -0.00663335 -3.97587e-05 -0.00926586 0.00830753 0.00188247 -0.00692066 -0.000490773 0.0101726 0.0122512 0.00541485 0.000273525 0.000518114 -0.00314192 0.00226848 -0.00110589 -0.0174872 0.00143075 -0.000799343 -0.00085591 -0.000585899 6.4927e-05 -0.000718602 0.00139195 0.0065837 0.00108797 0.00104707 0.00335279 -0.00194759 -0.0106752 -0.00636605 -0.000719413 0.000726353 -0.00271636 0.00106488 0.00150451 0.00603989 0.00637385 0.000762436 
-0.00173566 0.00716398 0.0109883 -0.00345528 0.026639 0.00369447 -0.0158628 0.000458437 0.00499558 0.000690916 -0.02404 -0.00529014 0.00824461 0.000138091 0.0071218 -0.00716575 -0.00701489 0.13227 0.00923558 -0.022596 -0.0110215 0.00226754 -0.0249605 -0.0012981 -0.00405687 -9.84875e-05 -0.00782745 0.0133562 0.00949085 -0.00398666 -0.00385567 0.00416254 0.00200204 -0.0409029 -0.023379 4.61388e-05 0.00546746 -2.68661e-05 -0.0342946 -0.00180646 0.00155209 -0.00154204 0.000242532 0.0109783 0.000380541 -0.00141715 0.00258947 0.0095206 -0.00536847 -0.000428604 0.0101901 0.0200882 0.000198008 -0.00627587 -0.000640265 0.0388883 0.00083638 0.000327624 -0.00918211 0.0029187 -0.000213522 -0.00473523 -0.00390136 0.000554614 0.0202706 -0.00139292 -0.0042048 -0.0115064 0.00268478 -0.00693565 -0.0074606 -0.00820318 -0.000254112 0.00017079 -0.0205173 -0.00325269 0.00517525 -0.0412553 -0.00133188 -0.00106956 0.000873879 0.00116253 -1.87819e-05 -0.000486698 -0.00264835 0.00120754 0.013252 0.00576173 0.00255954 -0.0012075 -0.00160928 0.00511728 0.00317597 -0.00252424 -0.0162963 -0.00102951 -0.00217042 -0.00960326 0.0124148 0.0018339 
-0.00265914 -0.00159511 0.0236859 -0.00418856 -0.00345327 0.0406858 -0.0233819 0.000103261 0.000670972 -0.000294207 -0.0121777 0.0189753 -0.00124435 -0.00451659 0.0152052 -0.0126216 -0.0151709 0.00923558 0.114849 0.0169144 0.0271219 -0.00918498 -0.0285536 -0.0191337 -0.0230604 -0.00969961 -0.00304738 0.00248905 -9.04484e-05 0.0097727 -0.0177319 -0.0111581 -0.00754264 -0.00344052 -0.0149346 -0.00103766 0.00294103 -0.00102967 -0.00452022 -2.58013e-05 -0.00113362 -0.00386665 0.0259337 -0.00125269 -0.000639108 0.000275828 -0.00232055 -0.00267543 0.00441939 -0.00329352 0.000736653 -0.00341196 0.00100543 0.00906023 -0.000104005 0.0351611 -0.00340512 -4.88868e-05 0.0183276 -0.00429488 0.000944238 -0.0130311 -0.0211861 1.11508e-05 0.0190976 -0.0110275 0.00171335 0.00106602 0.000662294 -0.0183975 -0.0169634 -0.0166379 -0.000361911 -0.000363037 0.00282881 -0.007655 -0.00428764 0.00458343 -0.00754482 -0.000168361 0.000187712 0.000546499 -8.31521e-05 -0.00496728 -0.00649869 -0.00166022 -0.000568213 -0.0141011 0.00440238 -4.52501e-05 0.015146 0.0116923 -0.00241292 -0.000885871 -0.00571774 0.000622441 -0.0131423 -0.0110936 0.00239371 -0.00272639 
-0.000487758 0.00786194 -0.000582543 0.00669226 -0.0232446 0.00402451 -0.00534091 0.00081318 0.0129653 -0.0231976 -0.0163323 0.0008468 0.00801873 -9.04049e-05 -0.0467731 0.0267635 -0.00799286 -0.022596 0.0169144 0.204838 0.0551252 -0.017576 -0.0350887 -0.00983671 -0.0342727 -0.0214047 -0.0209255 -0.00584756 -0.0038053 0.0693824 -0.0201454 -0.00795377 -0.00742782 0.0569128 -0.0250619 -0.0010296 0.0164563 0.00179399 0.0435668 -0.00580129 -0.00384596 -0.00213444 0.0604623 -0.0158032 -0.00308139 -0.00121714 -0.000539972 -0.00253309 0.00696797 -0.00139488 -0.0189354 -0.00222364 -0.00498514 -0.0301994 -0.000631788 -0.0103763 -0.00231398 -0.000599229 0.0246602 0.000584063 -0.00571158 0.00233027 0.00259702 -0.000395183 0.0342533 -0.00991042 0.0164811 0.000747401 -0.00526545 -0.0343227 -0.0281964 -0.0133935 -0.000866815 -0.00281153 -0.0101817 -0.00476837 0.00224057 0.0129331 -0.00666226 0.000737449 -0.0046535 -0.00671965 0.000134025 -0.00088842 -0.00550805 -0.0166219 -0.00297428 -0.00583069 -0.0147486 0.016677 -0.0162926 0.00614409 -0.00887442 0.00629504 0.00598892 -0.0100425 -0.00290177 -0.0445656 -0.000182903 -0.00628892 
-0.00306165 0.0137615 0.0336729 0.00552932 -0.0150804 0.0545476 -0.000591565 -0.00289613 -0.0147775 -0.0100321 -0.0619697 -0.0703418 -0.00379431 -0.00366812 0.014243 0.0613339 -0.0113134 -0.0110215 0.0271219 0.0551252 0.191443 -0.00370234 -0.0673291 -0.0189679 -0.039233 -0.021138 -0.0312548 -0.0138043 0.00272342 0.0749513 -0.0241855 0.00241613 -0.0166512 0.0574908 -0.0716698 -0.00136008 0.00548529 0.00113397 0.00726907 -0.00250417 -0.00540614 -0.00701454 0.0996514 -0.0110601 -0.00360714 0.000741435 0.0015705 -0.00574547 0.00913397 -0.00349748 0.000717654 -0.0175314 -0.0051867 0.0455969 0.000990501 0.033276 -0.00927783 -0.00111804 0.0454235 0.00312002 -0.00173059 0.0170073 0.0110252 -0.000474414 -0.000630685 -0.0102697 0.00412021 -0.0295242 -0.00510592 -0.0552473 -0.0346748 -0.00566158 -0.00127053 -0.00733173 -0.00552889 -0.0104297 -0.018381 0.00457687 -0.00594053 -0.00148803 -0.0095339 -0.00726744 -2.52301e-05 0.00277765 -0.00875957 0.00159742 -0.0136876 -0.0241703 -0.0138394 -0.00739092 0.000739668 0.000846031 -0.00102207 -0.00145866 0.00832168 -0.0132585 -0.0170018 -0.0785901 0.0790364 0.000970119 
0.00114258 0.00558863 -0.00501109 0.0097396 0.00240165 0.00780825 0.0056003 -0.000873555 -0.00494118 0.00340845 0.00685729 -0.0124113 -0.00305334 0.000674811 -0.00223091 -0.00119429 0.00450563 0.00226754 -0.00918498 -0.017576 -0.00370234 0.0628005 0.0272025 0.0012616 -0.00182173 0.00137434 0.000364566 0.00353658 -0.00745715 -0.0173164 0.00811523 0.0087876 -0.000114767 -0.0154309 0.00666017 0.000478161 -0.00240692 -0.000202306 -0.0169418 -0.000483028 0.000516183 -0.000421996 -0.0131286 0.000263343 -0.000382068 -0.00243426 0.0014371 -0.00122833 0.000340344 -0.000147959 0.00068137 0.00457667 0.00215623 0.000499643 -0.000356026 -0.0118334 -8.7488e-05 5.63909e-05 -0.0123284 -0.00159215 0.00197447 -0.00114282 -0.00719267 -4.93531e-05 -0.0144072 0.00406368 -0.00712703 0.00607281 0.00120671 0.00352672 0.00412769 -0.00143643 0.00019915 5.39198e-05 0.00129261 -0.00209469 -0.00225852 -0.00103713 0.0013192 0.000129439 0.00181853 0.000265352 -2.99314e-05 0.000703004 0.0007561 0.00270517 -0.000575366 -0.000992086 -0.000478998 -0.00345132 -0.00491365 -0.00461712 0.0021863 -0.00192264 -0.000545734 0.00101352 -0.000878569 0.0069113 0.000157145 -0.000140278 
0.00776518 0.0130662 -0.0361679 0.00271466 -0.00354846 -0.0100386 0.00226292 -0.0026161 -0.0165834 0.0147172 0.0826655 0.0298082 -0.0163682 0.000657845 -0.0137515 0.00459683 0.014127 -0.0249605 -0.0285536 -0.0350887 -0.0673291 0.0272025 0.194113 0.00858482 0.0209305 0.0073982 0.0269772 -0.0086012 -0.00869127 -0.0466832 0.0262324 -0.00566829 0.00636359 -0.0420436 0.0684357 0.000605522 -0.0208622 -0.00150303 0.000564206 -0.00198627 0.00345665 0.00240622 -0.0696034 -0.00029749 0.000275076 0.00553814 -0.00278215 -0.00407331 -0.0119692 0.000825996 -0.0119903 0.00640159 0.00654015 -0.030406 -0.00159285 -0.0517985 0.00155373 3.50884e-05 -0.0516252 -0.00304934 0.00212774 -0.0108039 -0.0290368 -0.000133082 -0.0480838 0.0102691 -0.0216257 0.0506336 0.000676999 0.0496639 0.0322567 0.00150935 0.000483714 0.00909869 0.0150767 0.000927444 -0.00244676 -0.00446882 0.00101757 -0.00128393 0.0024301 0.00414078 -0.000496491 0.00201446 0.00411692 0.00687048 -0.00567046 0.00775087 0.00587475 -0.00994502 -0.0274478 -0.0244152 0.0029297 -0.0103522 -0.00893746 0.0092026 -0.000726604 0.0678278 -0.0360945 -0.00152034 
-0.00100104 -0.00221079 -0.0112988 -0.00141502 0.00500351 -0.0170171 -0.000993576 -0.000838172 -0.00134787 -0.000524806 -0.000118975 -0.00970942 -0.0044729 0.000838506 -0.00500887 0.00396449 0.00186817 -0.0012981 -0.0191337 -0.00983671 -0.0189679 0.0012616 0.00858482 0.0487961 0.0143712 0.00561184 -0.00207614 0.000210704 0.00216322 -0.00692694 0.00355673 0.00737177 0.0103131 -0.0095322 0.0142249 0.000206614 -0.00378506 -0.000770659 -0.00606612 4.13948e-05 0.0015538 0.00256507 -0.0193023 0.00029616 -1.19435e-05 -0.001302 -0.000827061 0.00172348 0.000771122 0.00174233 -0.00250734 0.00779698 0.000432946 -0.00713856 -0.000380974 -0.0134558 0.00713131 0.000210738 -0.00781668 -0.000441877 -0.000429406 -0.00289745 0.0176882 3.61077e-05 0.00361555 0.00347118 -0.0047407 0.000279139 -0.000431972 0.00187289 0.00207315 0.00738163 0.000110348 0.00127743 -0.00452864 0.00452673 0.0015732 0.00483783 0.00464305 0.000255703 0.00299482 0.000452747 0.000143464 -3.80079e-05 0.00140527 -0.000408743 -0.000566065 0.00458183 0.0015097 -0.000491481 -0.010677 -0.00231846 0.0023971 0.00163722 -0.0041186 -0.000706433 0.0037952 0.00240741 -0.00853548 0.000844221 
0.00308704 -0.00445396 -0.00886782 -0.00186185 0.00212734 -0.0340687 -0.00205785 -0.000975855 -0.0049336 0.00189155 0.0122063 0.00413446 -0.00652462 0.00205147 -0.0074034 -0.00331036 0.00520243 -0.00405687 -0.0230604 -0.0342727 -0.039233 -0.00182173 0.0209305 0.0143712 0.0748509 0.0128708 0.00762255 -0.00259765 -0.00250139 -0.0334697 0.00674712 0.00879233 0.0100102 -0.0198234 0.0256696 0.000149511 -0.00564029 -0.00100034 -0.00441638 -0.000525156 0.00277546 0.00229776 -0.0357422 0.000914754 -0.000156624 0.00244656 -0.00248381 0.000737324 -0.00663681 0.00257038 -0.000780243 0.00702528 0.000995782 -0.0138052 2.87533e-05 -0.0234193 0.00372206 0.000145724 -0.0095175 -0.00146887 -0.000617255 -0.00428476 0.00793135 -7.15779e-05 -0.00664667 0.00611969 -0.00220078 0.00453091 -0.00019959 0.0207312 0.0186953 0.00964042 0.000683898 -0.000974649 -0.00638686 0.0171624 -0.00078984 0.00868848 0.00278298 -0.000658053 0.0053131 0.000663738 2.4352e-05 -0.0012212 0.00246717 0.000438579 -0.00115636 0.00567092 0.00212563 -0.00310918 -0.00934367 -0.00841891 0.00111703 0.00528134 0.00268925 0.00267033 0.0115612 0.0245092 -0.0109505 4.36645e-05 
0.000573806 -0.00379851 -0.00681796 -0.000834761 0.00324941 -0.00954028 0.00590359 0.000246799 -0.00249774 0.00026864 0.0044335 0.00182933 -0.00304967 0.000171817 -0.00160237 -0.0095655 0.00063349 -9.84875e-05 -0.00969961 -0.0214047 -0.021138 0.00137434 0.0073982 0.00561184 0.0128708 0.0363494 0.0021796 -0.0043506 0.000420967 -0.0182558 0.00331055 0.0089905 0.00876201 -0.00760547 0.012169 7.04938e-05 -0.00234754 -0.000262705 -0.0088362 -0.000290164 0.000549651 0.00147425 -0.0131909 0.00183306 -6.11789e-05 -0.000475713 -0.000919612 -0.000315677 -0.00267783 0.00127431 -0.000251008 0.00222875 -0.000115963 -0.00574648 -0.000160552 -0.0117302 7.73073e-05 -1.60281e-06 -0.00549268 -0.000312744 -0.000173896 -0.00152415 0.00956059 -2.67835e-05 -0.00607183 0.000365554 -0.00296158 -0.00072101 4.50953e-05 0.00452645 0.00423434 -0.000533235 0.000193107 0.000394394 0.00251061 0.00169717 0.000332018 0.0108957 0.00323158 -0.000461027 0.00233564 -0.000168853 -2.76217e-05 -0.000656541 0.00319819 -0.00114914 -0.000275726 0.0040803 -0.0006846 -0.000800733 -0.000386976 -0.0021808 0.00108453 -0.00102189 0.00373611 0.000113532 0.00703607 0.0144744 -0.00509855 7.23627e-05 
0.00222666 -0.00765511 -0.0052517 -0.00192557 -0.000644092 -0.0140375 -0.0119398 -0.00129587 -0.00377717 0.0126484 0.018532 0.0261523 0.00197874 -0.000680388 -0.00508758 -0.0233194 0.00407146 -0.00782745 -0.00304738 -0.0209255 -0.0312548 0.000364566 0.0269772 -0.00207614 0.00762255 0.0021796 0.0763972 -0.0115293 -0.00184587 -0.0255657 0.00302939 -0.0227396 -0.000125164 -0.0208751 0.0420597 -7.74257e-05 -0.00252738 -8.26895e-06 -0.00474148 0.00577966 0.00540786 0.000739199 -0.0388557 0.000513923 1.26324e-05 0.0065843 0.00122451 -0.00146185 -0.00581988 -0.000202723 0.00246884 -0.000182629 0.0091812 -0.0151132 0.00103051 -0.00622919 0.00112023 0.000112301 -0.00590268 -0.00192133 0.000573228 0.0026894 -0.0130629 -6.22155e-05 -0.0196886 0.00268146 -0.0013003 0.0196109 0.00186338 0.0280349 0.0200291 -0.00230122 0.000179847 -0.00227063 0.0276038 0.000153686 0.00133542 -0.010331 0.000167085 0.000387905 -0.000944113 0.000141356 0.00056599 0.000981616 0.00357624 0.000390905 -0.00133918 0.000133845 0.00238239 -0.00209988 -0.00443892 -0.00602128 -0.00202185 -0.00386885 -0.00591074 0.0147037 0.000771567 0.0316014 -0.035639 -0.00120357 
0.000334043 -0.0111594 0.0296969 0.00382938 -0.00107492 0.010541 -0.0152131 -0.000264825 0.0150734 -0.00309199 -0.000804764 0.006959 0.00395229 -0.000106568 0.00357961 -0.0396806 0.00251762 0.0133562 0.00248905 -0.00584756 -0.0138043 0.00353658 -0.0086012 0.000210704 -0.00259765 -0.0043506 -0.0115293 0.148869 -0.0111758 -0.0165199 0.00140497 -0.0133584 -0.00586702 -0.0305561 -0.00854536 0.000413496 -0.000791527 0.00095206 -0.0285161 -0.00308098 -0.000129342 -0.00205652 0.0102085 0.00321831 -0.00088836 -0.00190194 5.26574e-05 0.0016277 0.00635418 -0.00011262 -0.000141503 0.00477639 -0.000535185 -0.00760262 -0.0011843 0.0206901 -0.00195843 0.000267652 0.0158977 -0.00394414 0.00339456 -0.00993456 -0.017886 -0.000244654 0.0171262 0.00313507 -0.00251032 -0.0122336 -0.000439482 -0.00296938 -0.00200131 0.00267156 8.48055e-05 0.00165818 -0.018249 -0.00104746 -0.00186337 -0.0194239 0.00172015 0.00623139 0.0028909 0.000218252 -0.000151476 0.00144766 -0.00121943 0.00407681 0.00450153 0.0036252 0.00372119 -0.00352437 -0.0137465 0.0128357 -9.70335e-05 0.0121921 -0.0043532 -0.00286135 -0.0049928 -0.0122847 -0.00496217 0.00164917 
0.000646446 0.0176732 0.00163212 -0.0028431 0.00367154 -0.0086777 -0.0298591 0.00233587 0.000144725 0.00136524 -0.0162036 -0.0129289 0.0211557 -0.000141041 -0.00298071 0.00318813 -0.00372075 0.00949085 -9.04484e-05 -0.0038053 0.00272342 -0.00745715 -0.00869127 0.00216322 -0.00250139 0.000420967 -0.00184587 -0.0111758 0.130301 0.00845963 -0.0031753 -0.0448586 0.00428253 -0.0223891 -0.00750018 1.57422e-05 0.00881561 0.000914387 -0.0144591 -9.10959e-07 0.00395989 -0.000672416 0.00207813 -0.00185191 -0.00145054 -0.00238357 -0.00241086 0.00326104 0.000362244 1.52401e-05 0.00115172 -0.0014396 -0.00316829 0.020038 -0.000758987 0.0282465 -0.00436516 -0.000294539 -0.0254456 0.0150728 0.0018306 -0.00245925 0.0262534 0.000209681 0.00565474 -0.00121197 -0.00583713 -0.0157974 -0.001509 -0.00460161 -0.00243667 -0.0111255 -0.000190551 -0.0045994 0.0065292 -0.00340343 0.00820738 -0.0140111 0.000295382 -0.000730093 -0.00257811 -0.000303495 0.000171124 -0.00139101 -0.0020757 0.00827775 0.000743327 0.00841272 0.00226456 -0.00977264 -0.0140972 0.017657 -0.00193602 -0.00304974 -0.0118927 0.000867938 -0.00133033 -0.0112029 -0.00287858 -0.000992259 
-0.00456108 0.0218515 0.03382 -0.00553784 -0.0245344 -0.0150105 -0.0184725 -0.0015946 0.0223051 -0.0215305 -0.0436943 -0.0279695 0.0111907 -0.0015001 0.00417793 0.0930341 -0.00509917 -0.00398666 0.0097727 0.0693824 0.0749513 -0.0173164 -0.0466832 -0.00692694 -0.0334697 -0.0182558 -0.0255657 -0.0165199 0.00845963 0.246023 -0.0106387 -0.0515532 -0.0120916 0.0573053 -0.0539943 -0.000618577 -0.00507197 0.00340093 0.0530585 -0.00450299 -0.00608288 -0.00222735 0.0607478 -0.0111948 -0.00136272 -0.00474929 0.0060964 0.00165148 0.0255825 -0.000415141 -0.0170444 -0.0229664 -0.0123703 0.00825148 -0.00149788 0.0385126 -0.00784645 -0.000429029 0.021858 0.00223072 -0.00573875 -0.00138066 0.00115527 3.9772e-05 0.0549632 -0.00729823 0.0143745 -0.0244492 -0.0039624 -0.0348773 -0.0246346 -0.02231 -9.7609e-05 -0.00409118 -0.0457584 -0.00397513 0.00462391 -0.0445345 -0.00813123 0.00166396 -0.00920227 -0.0114722 5.51022e-06 0.00226071 -0.00232062 -0.00811469 -0.00156505 0.00362905 -0.0149827 -0.00573489 -0.01261 0.000456962 -0.00476102 0.00190684 -0.0357004 -0.0103202 -0.0213206 -0.0672628 0.0431711 -0.000421498 
0.00168188 0.00113133 -0.00894392 -0.00115029 -0.000929155 -0.0207388 0.0108566 -0.000236921 -0.00260225 -0.000483509 0.0235693 0.00287449 -0.00171289 0.00174345 -0.0058131 0.00616749 0.0110118 -0.00385567 -0.0177319 -0.0201454 -0.0241855 0.00811523 0.0262324 0.00355673 0.00674712 0.00331055 0.00302939 0.00140497 -0.0031753 -0.0106387 0.0429244 -0.00567164 -0.000228163 -0.00774928 0.0105846 0.000892735 -0.00360909 0.00010756 0.00233641 -0.0003456 -0.000269971 0.0023337 -0.0284888 -0.00040176 0.000527681 -0.00022784 -0.00108706 1.35247e-05 -0.00367542 0.000697885 -0.00173034 -0.000952333 0.000766533 -0.0040357 -0.00013383 -0.0119843 0.000179744 0.000133096 -0.00962509 -0.000112057 0.000674351 -0.00331623 -0.00783755 7.17632e-05 -0.0070806 0.00999921 -0.00519309 0.00194476 5.59484e-05 0.0203199 0.0171785 0.00293806 5.18636e-05 0.00300569 -0.00194319 0.00355388 0.00117382 -0.0110625 0.00236247 -0.000222728 0.000946208 -0.000356173 -6.72296e-05 -0.000556742 0.00426618 0.000499419 -0.000422516 0.00338186 -0.00195014 -0.00238435 -0.00694221 -0.00498364 9.83032e-05 0.000879417 -0.0045729 0.00060616 0.000746246 0.0145351 -0.000990314 0.000333754 
-0.00386144 -0.0246598 -0.0260014 0.0040872 0.00575584 0.0328163 0.060798 -0.00124923 -0.0207083 0.0010406 -0.0185192 -0.0436847 -0.0357986 0.0006696 -0.00107885 -0.00585817 -0.0123583 0.00416254 -0.0111581 -0.00795377 0.00241613 0.0087876 -0.00566829 0.00737177 0.00879233 0.0089905 -0.0227396 -0.0133584 -0.0448586 -0.0515532 -0.00567164 0.248962 0.00726106 0.0464015 -0.015482 -0.000598971 -0.00706153 -0.00601327 0.00764602 0.00184849 -0.00854798 -0.000819346 0.0152562 0.00926486 -0.00292559 -0.0131434 -0.00936014 -0.0039183 -0.0339817 -0.00025187 0.00425669 0.0117087 -0.00463697 -0.0119967 -2.37643e-05 -0.0372745 0.00481635 0.000239762 -0.00830494 -0.00844681 -0.00235469 0.00745084 0.0131596 -0.000281712 -0.0359886 -0.00434 -0.00838741 0.00480662 0.000149206 -0.0193329 -0.01911 0.0197455 -0.00138393 0.00780608 -0.00696223 -0.00462727 -0.0127951 0.0429577 0.000579491 -0.0021445 0.00652322 -0.00373664 -0.000361622 5.04494e-05 -0.00110471 -0.00459163 -0.00580383 -0.0130551 0.00677333 0.0117393 0.0307616 -0.0258908 -0.000434726 -0.00408226 0.0181157 -0.00676448 0.0143233 -0.00448089 0.0323264 -0.0030755 
-2.76844e-05 -0.00100966 -0.00894422 5.00991e-05 0.00936719 -0.0132224 -0.0040146 -0.000408246 -0.00257021 0.000236242 -0.0017513 -0.00510632 -0.00338977 0.000887243 -0.00510955 -0.00175093 -0.00164839 0.00200204 -0.00754264 -0.00742782 -0.0166512 -0.000114767 0.00636359 0.0103131 0.0100102 0.00876201 -0.000125164 -0.00586702 0.00428253 -0.0120916 -0.000228163 0.00726106 0.0372346 -0.00929906 0.00944007 9.08213e-05 -0.00149658 -0.000538678 -0.00859081 -0.00071224 0.000875964 0.0012571 -0.0148972 -6.28246e-05 -1.2654e-05 -8.30861e-05 -0.00102722 0.000687966 -0.00268743 0.000610205 -0.00167985 0.00992818 -0.000497395 -0.00703159 -0.000287725 -0.0112499 0.00478652 0.00039501 -0.00796846 0.000198661 0.00015599 -0.0021927 0.0137779 0.000135565 0.0032249 -1.06994e-05 -0.00153754 0.00431737 0.00026354 0.0018877 0.0027286 -0.000220256 0.000288779 -0.00105351 -0.00450374 -0.000385746 0.00265882 0.00824402 0.00155529 -0.0002462 0.00407006 0.000601661 8.0315e-05 -0.000523837 0.00159206 -0.0011089 -7.66667e-05 0.00137209 0.000283662 -0.000445899 -0.00655236 -0.00163078 0.00204488 -0.000731847 0.00112127 0.00109579 0.0106497 0.00907219 -0.00779841 -0.00011903 
-0.00626361 -0.00618647 -0.00574914 -0.00469154 -0.0249308 0.000381434 0.0822512 -0.00246829 -0.00345003 -0.0235059 -0.0234294 -0.018558 -0.0245295 0.000510779 -0.0369286 0.0546794 -8.43798e-05 -0.0409029 -0.00344052 0.0569128 0.0574908 -0.0154309 -0.0420436 -0.0095322 -0.0198234 -0.00760547 -0.0208751 -0.0305561 -0.0223891 0.0573053 -0.00774928 0.0464015 -0.00929906 0.249652 -0.0394021 -0.000958697 -0.0158044 0.00183345 0.0926025 -0.00376678 -0.0111902 -0.00304763 0.0603683 -0.0111605 -0.00209336 -0.0023682 -0.00854555 -0.00660662 -0.0256194 -0.00152983 -0.0243072 -0.0362909 -0.00791811 0.00758615 0.00105427 -0.0532492 -0.00418361 -0.000753022 0.029251 -0.00392747 -0.00355277 0.0016054 0.00571507 -0.000285287 -0.0576724 -0.00689095 0.0193543 -0.0245208 -0.00366426 -0.0291259 -0.0215852 0.0046466 -0.00101084 -0.00125437 -0.0273769 0.00370837 -0.00772727 0.0258803 -0.00362079 -0.00463193 -0.00827356 -0.0126555 -0.000509771 0.00327096 0.000964478 -0.00909715 -0.00999289 -0.0183849 -0.0106747 0.0163625 0.059629 -0.0447371 -0.013645 0.0012369 0.0296588 -0.0091753 -0.00279487 -0.0291696 0.0739354 -0.00907276 
