0.0668762 -1.49931e-05 -0.00117748 9.25891e-05 -0.00342848 0.00930372 -0.000447574 0.00053207 -0.0268681 0.00101441 0.00289188 -0.00345467 -4.96902e-05 0.00304543 0.0041274 -0.00382993 0.0103476 0.0109238 -0.00028671 -0.0039118 -0.0038141 -0.0129237 -0.000614251 0.00188233 0.0133879 -0.0027075 -0.00073969 -0.000944937 0.00835602 0.000189848 0.00347659 -0.000515286 0.000441862 -0.0038622 0.000217599 0.00141231 0.00240743 -0.000230589 0.000334148 0.00813075 0.0022681 0.0162836 -0.00154031 -0.00159247 -0.00147639 -6.62637e-05 -0.000436394 -0.000646343 8.61118e-05 0.000447465 0.00179619 -0.0301617 0.000724934 -0.00604873 0.000843341 0.00188231 -2.43782e-05 0.00216413 -0.00676581 0.00120892 -0.00291131 -8.52992e-05 -0.0164824 -0.000541589 0.0115776 -0.00107052 -0.00393096 -0.00155574 0.000392628 0.00024798 -0.00026813 0.00114382 0.0017479 -0.0217745 0.0135459 -3.64363e-05 -0.00983203 0.00925743 -0.000525563 -0.003011 -0.0113228 0.00128263 0.000328776 0.000847045 -0.000595263 0.00199891 0.00073518 -0.00123282 0.000156419 0.00775111 -0.012825 0.00175736 -0.000160481 0.00063395 -0.00154874 0.000639909 -0.0295069 0.00148984 0.00604652 -0.000880106 
-1.49931e-05 0.00869803 0.000374537 2.69878e-05 -0.000391199 0.00276708 -7.64546e-05 0.000133197 -0.00251461 9.0342e-06 8.29268e-05 -0.00117382 -0.00226227 0.000611479 -0.00208665 0.00254842 0.000600332 0.000534205 0.000168832 -0.000801321 -0.00213399 -0.00323188 -0.00190426 4.86639e-05 -0.000401244 -0.00182655 5.81218e-05 9.56331e-05 -0.000330266 2.65914e-05 -0.000114132 0.000911909 0.000257182 0.000199956 -0.000193505 0.000129838 0.00174791 -9.00033e-05 5.0928e-05 0.000628887 0.00034469 -0.000873371 -0.000950696 0.000112633 0.00115551 -0.000108595 -2.05317e-05 3.50409e-05 0.000469269 9.19707e-06 -3.3117e-05 -0.00168836 0.000122284 0.00170699 -0.000110725 0.000541279 1.9279e-05 -0.00037223 0.000132121 4.30188e-05 -0.000329022 1.16035e-05 0.00101627 -0.000136937 -0.000204488 0.000164919 -0.000900093 -9.94548e-05 0.000163178 9.92867e-05 -1.54086e-05 0.00124752 -0.000136576 0.000448985 0.00100243 0.000107579 -0.00126206 -0.0005024 0.000531786 -0.000350666 -0.000486551 0.000255346 -1.31947e-05 -0.000162286 -0.000138461 -4.33871e-05 1.67117e-05 -0.000179157 -2.7792e-05 -0.000298253 -0.00100413 -0.000419534 5.03966e-05 -1.05447e-05 0.000163253 -4.9025e-06 -0.000574379 -0.000144428 -0.000131429 0.000599054 
-0.00117748 0.000374537 0.101653 -0.000303196 -0.0026192 -0.00543977 0.000561354 -0.000690348 0.0080138 0.000173293 -0.000872373 -0.0160095 -0.000954753 0.00504387 0.00577471 -0.00443449 -0.00363995 -0.00313546 -0.000516414 -0.00658189 -0.000572341 -0.00797359 -0.0105843 0.00969327 -0.0103988 0.000727987 0.000872785 -0.00192214 -0.00312558 -0.00254919 -0.000631672 0.00147274 -9.39879e-05 0.00016608 -0.0108891 0.00178575 0.00287043 -0.000589242 0.000278426 0.0165541 0.000666883 -0.0157924 -0.00918868 -0.00233554 -0.006823 -0.00285701 -0.00194193 -0.000454137 -0.00333083 -0.000161868 -0.00015809 -0.0109555 -0.000347765 -0.00940419 0.000743123 0.00584615 -0.000585934 -0.00142561 0.00065616 0.000399832 0.00461635 1.98112e-05 -0.0129777 -0.000527415 -0.000645661 0.00216038 -0.00943335 -0.000754713 0.00232058 -0.0047355 -0.000345898 0.00654341 -0.00258185 0.0139736 -0.00405575 -0.000157333 -0.00307572 -0.01007 0.000204468 0.00371566 0.0010937 -0.000281635 -6.26555e-06 0.0046417 -0.00112642 0.000974689 0.000187267 4.52223e-05 0.000102387 0.00606606 -0.0109953 0.0130182 -0.00126817 0.000517602 0.00370093 7.18511e-05 0.00317124 -0.00367366 -0.00337864 8.44492e-05 
9.25891e-05 2.69878e-05 -0.000303196 0.00364082 -2.96728e-05 0.00120454 1.67922e-05 3.42421e-05 -0.00136788 0.000187493 0.000114456 -0.000522182 -0.000354798 -5.06785e-05 -0.000460232 -0.000493568 -4.03799e-05 0.000342478 0.000203531 -0.000321033 -6.06394e-05 -4.8381e-05 -0.000142342 -0.000293298 0.0014919 -0.00042122 -1.69143e-05 8.75362e-05 0.000179845 -1.79779e-05 0.000155342 -4.52652e-06 -1.64647e-05 -0.000146651 -1.26348e-06 0.000212333 -0.00012254 -2.07515e-05 2.73053e-05 -2.55305e-05 -5.1976e-05 -0.000300572 -0.000306287 9.45478e-05 -0.000157374 -7.62749e-05 4.74322e-05 -6.88919e-06 -0.000104919 6.44947e-06 2.60543e-06 -0.00123864 2.79924e-06 -8.45384e-05 -6.88644e-05 -4.111e-05 -3.7643e-05 8.99825e-05 -0.000201377 -4.02809e-05 -0.000143551 1.58254e-05 0.000644618 -4.7493e-05 0.000533162 -5.79621e-05 0.000798424 -6.05288e-05 -5.83682e-06 1.7008e-06 3.35999e-05 -0.000282364 0.000425871 -0.0018114 -3.37901e-05 1.65131e-05 -0.000500708 0.00140671 -3.46291e-05 -7.54616e-05 -0.000386918 -1.98503e-05 -1.64063e-06 -0.000115384 7.5037e-05 -8.02428e-05 -1.53287e-05 -3.85377e-05 3.02164e-05 -8.20963e-05 -0.000105288 -0.000563354 -1.53595e-05 -4.06373e-05 6.73421e-05 -7.0588e-06 0.000126233 -5.1768e-05 0.000132937 5.8668e-06 
-0.00342848 -0.000391199 -0.0026192 -2.96728e-05 0.0638916 -0.00187243 -0.000234922 1.23403e-05 0.00680086 -0.000613896 8.31632e-05 -0.000532005 -0.0126761 -0.00226717 -0.00730352 -0.0146493 -0.00403968 -0.00462182 -6.21397e-05 -0.00419823 0.00107073 0.0120873 -0.0028188 0.0108627 0.00250996 -0.00444071 -0.000102494 -0.00090409 -0.00270858 0.00013372 0.00202496 -0.00100239 -0.000553661 -0.00315914 -0.00414954 0.0015497 -0.00198128 8.54641e-05 -6.7914e-05 0.000148031 0.00183234 -0.00994479 -0.00297454 -0.00122788 -0.00077013 0.00257852 0.000994596 -0.000192525 -0.00417702 0.000832281 -0.00010837 0.00611071 0.00200352 0.00206102 -0.00175742 -0.00747515 0.00124066 0.0024967 -0.00481182 -0.000712104 -0.00221324 0.000276797 -0.00200818 -0.000361815 -0.000792508 -0.000639439 0.00434964 0.000400774 -6.68348e-05 -0.00121177 0.000964536 -0.00422722 0.00237968 0.00699493 -0.00136448 7.65269e-05 0.00947679 -0.000264755 -0.000975528 -0.00432684 -0.001855 -0.000374265 0.000118927 -0.00160473 -0.000819181 -0.0010771 0.000235288 -0.000382969 0.000258571 -0.00356363 0.00556359 0.000473999 -0.000546195 -0.00039247 -0.00152271 0.000421952 -0.000926209 -0.00219751 -0.000846959 -0.00326125 
0.00930372 0.00276708 -0.00543977 0.00120454 -0.00187243 0.11923 6.14512e-05 0.000729285 -0.0669064 0.00447937 0.00515778 -0.0173996 -0.0186325 0.0234598 -0.0159837 -0.000549983 0.00351969 0.00934435 0.000622778 -0.000868342 -0.0122803 -0.0611887 0.0233169 0.0131597 0.0158225 -0.0180266 0.000180186 -0.00251583 0.00458432 -0.0029652 0.0021481 0.00519981 0.00230846 0.00913411 -0.00857389 0.00194726 0.000923385 -0.00111931 0.000464994 0.0215648 0.00242951 0.0433351 -0.00633017 -0.00106241 -0.00325522 -0.00322498 -0.000245872 -0.00119854 0.00443899 0.00047503 0.00119192 -0.0540477 0.00155097 0.00922684 -0.00163698 0.00677052 0.00204473 -0.00532672 0.000198524 -0.000499594 -0.00741069 4.44866e-05 -0.0186198 0.000474922 0.00158145 -0.000188983 -0.00617936 0.00213295 0.000129932 0.0192176 -0.000393766 0.0226913 -0.00432607 -0.0271794 0.0412054 0.00069032 -0.0257832 0.036276 0.00156132 -0.00567903 -0.0145437 -0.000444588 -0.000392958 -0.00195492 -0.00124408 -0.000757378 -6.29867e-05 -0.00137321 -0.000555647 0.0112062 -0.0197949 -0.0209954 0.000746026 0.000431962 -0.00337072 0.000971886 -0.0427482 0.0198033 0.00377655 -8.88298e-05 
-0.000447574 -7.64546e-05 0.000561354 1.67922e-05 -0.000234922 6.14512e-05 0.0111382 0.0014302 -0.000212861 1.56708e-05 4.11329e-05 -0.00133646 -0.00196048 -0.000120283 -0.000814196 -0.00223538 0.000413972 0.0013881 0.000268349 0.00122934 -0.000521729 -0.00278027 -0.000648565 0.00111186 -0.00111866 -0.00149446 0.000156569 -0.000168416 -0.000145333 -0.00021332 0.000129604 -0.000106289 -4.79161e-06 0.000128881 -0.000327697 -3.95513e-05 -0.000250238 -2.85899e-05 0.000209854 -0.00120671 0.000385104 -0.00116545 -0.00104173 -0.000123273 -0.000441013 0.000513421 0.000600335 0.000585546 0.000967925 4.66106e-05 9.98985e-06 -0.000698281 4.81136e-05 0.0018328 -6.80852e-05 -0.000766439 0.000122323 -0.000431543 -0.000927278 -7.27192e-05 -0.000453606 6.82049e-06 0.00143195 1.56831e-05 2.55046e-05 0.00036935 -0.000497778 0.000364293 0.000101435 5.35253e-05 0.000128373 -0.000498915 -0.000230359 -0.00379224 -0.000743901 1.4606e-05 -0.0012435 -0.00097342 -0.000121172 0.000377787 -0.000247975 -0.00011633 0.000283396 -0.000156222 0.000757184 -2.63674e-05 -3.23096e-05 7.97386e-05 3.65288e-05 0.00214198 -0.000929826 -0.000263592 -9.48749e-05 0.000384215 0.000637466 0.000151498 -0.00238272 0.000462589 0.00278398 0.00101278 
0.00053207 0.000133197 -0.000690348 3.42421e-05 1.23403e-05 0.000729285 0.0014302 0.0133222 -0.00102137 -0.000167489 -0.000136756 0.00250569 -0.0026916 -0.000473195 -0.00136437 -0.00166337 0.00267232 -0.000576942 5.35601e-05 0.00284926 -0.00118739 -0.00281237 -0.00305517 -0.00153655 -0.00108665 -0.00686908 0.000287074 0.000271262 -1.19417e-05 -3.30574e-05 0.000232318 -4.12272e-05 2.88263e-05 -0.000227708 -0.000490538 1.69687e-05 0.000404723 5.25459e-05 3.93721e-06 -0.0010465 0.000642069 -0.00134839 -0.000171496 -0.0002337 7.00304e-05 0.00299505 0.00243228 0.00071706 0.00308685 5.91364e-05 0.000267763 0.000504326 0.000149757 0.00149367 -0.000487529 -0.00180197 0.000736128 -0.000632021 -0.00188337 0.000297368 -7.7877e-05 -1.07514e-05 0.00176415 0.00100856 -0.000118554 -0.000185963 -0.00032417 0.000747298 9.3048e-05 -0.000276373 0.000590879 -0.000581205 -0.000487682 -0.00533013 -0.00135129 6.59641e-05 1.7192e-05 -0.000723879 -0.000165989 -0.00115251 0.000450953 5.84291e-05 0.000897632 -9.83084e-05 0.000591596 0.000300156 0.000179289 3.88293e-05 0.000119335 0.000842052 0.00187928 -0.00233732 -6.00532e-05 -4.17179e-05 -0.000973573 7.60318e-05 -0.00389335 -0.000124578 0.00186703 0.00144619 
-0.0268681 -0.00251461 0.0080138 -0.00136788 0.00680086 -0.0669064 -0.000212861 -0.00102137 0.235323 -0.0073235 -0.00596132 0.0195945 -0.0160606 -0.0162739 -0.0168439 0.0161307 -0.00568575 -0.0284357 -0.00214476 0.00467975 0.0150632 0.0752275 -0.0553003 0.0237201 -0.0527636 0.0143553 0.000712752 0.00108022 -0.0233749 -0.00531542 -0.00676678 -0.00417111 -0.00234954 -0.0020894 -0.00146691 -0.00769419 -0.011723 -0.00097611 -0.00141099 -0.0525492 0.00127635 -0.0791036 -0.00722504 -0.00564669 0.00137136 0.00632239 0.000697242 0.00558636 -0.0265307 -0.00160724 -0.00145887 0.100881 -0.000544877 0.0123922 0.00172662 0.00233341 -0.0040602 -0.0140224 0.00565843 -0.00188212 0.0011674 -7.45668e-05 0.0133456 -0.00376238 -0.0161633 -0.00385386 -0.0189672 -0.00471824 -0.000813241 -0.0248092 0.00044068 -0.0365816 -0.00579181 0.0743669 -0.0463442 -0.000781609 0.063377 -0.0432059 -0.0102307 0.020782 0.0345144 -0.0026103 -0.000611241 0.0175861 -0.00152743 -0.00489576 -0.00357065 0.00135522 9.31184e-05 -0.0373376 0.015117 0.0253848 -0.00521323 -0.00164711 0.0171396 -0.00247988 0.0499586 -0.0187379 -0.0151339 -0.0160593 
0.00101441 9.0342e-06 0.000173293 0.000187493 -0.000613896 0.00447937 1.56708e-05 -0.000167489 -0.0073235 0.0230834 -0.000263081 -0.00290097 0.000538915 0.00541315 -0.00388098 -0.00949718 -0.00151969 0.00502435 4.35655e-05 -0.00166988 -0.0102354 -0.00454535 0.00262499 -0.00223955 0.00808697 0.00124973 2.60767e-05 -0.000216621 0.000487003 0.000254137 0.00125097 0.000565465 -8.51124e-05 0.00290106 0.000405512 0.00030752 -0.000642458 0.000334681 8.81511e-05 -0.00235985 0.000339837 0.00442467 -0.000236765 -0.000124438 2.68726e-05 -0.00034997 -6.50707e-05 0.00104061 -0.00168498 0.000108973 7.88443e-05 -0.0078541 0.00010833 0.00211073 0.000200771 -0.00301273 -0.000134285 -0.000580568 -0.00240025 0.00159426 0.000469724 -3.27761e-05 -0.00221416 0.000479529 0.000721227 0.00153738 -0.00167612 -0.000104242 0.000402244 0.00116663 -9.55462e-05 0.00172399 -0.000252431 -0.00424383 0.0102457 3.59866e-05 -0.00468767 0.00423157 6.65916e-05 -0.000865589 -0.00379895 -0.000237174 -4.0209e-05 -0.000611944 0.00103059 0.000239229 -7.38375e-06 0.000234125 -6.22758e-05 0.00630288 -0.00255741 -0.000210793 -3.31989e-05 0.000797274 -0.00106264 3.18179e-05 -0.0123383 0.00148212 0.000935388 -0.000995939 
0.00289188 8.29268e-05 -0.000872373 0.000114456 8.31632e-05 0.00515778 4.11329e-05 -0.000136756 -0.00596132 -0.000263081 0.0169903 0.00194076 -0.00337309 0.00140598 0.000558691 0.000102029 -8.11083e-05 -0.000405217 5.58526e-05 0.000172834 -0.00386153 -0.00794852 -0.0010937 0.000611517 -0.00144896 -0.00229107 -6.80349e-05 -0.000290437 0.0033742 0.000923581 0.000519208 2.69242e-05 0.000130759 0.00144318 -0.000147775 0.000207571 0.000613264 -0.000184491 0.000109308 -0.000586114 0.00132576 0.00602085 -0.00113503 -0.000202637 0.00116546 -0.000609672 -0.000301579 -0.000162263 0.000433475 0.000226085 -2.19346e-05 -0.00677105 0.000434288 -0.000578819 0.000546151 0.00139572 0.000133329 0.0017286 -0.00179 0.000664195 -0.00114034 1.29517e-05 -0.00559311 -9.48171e-05 0.000389072 -6.99906e-05 0.00101548 -0.000106886 0.000214214 0.00130976 0.000140771 0.00399958 -0.000233995 -0.00119285 0.00106358 4.4063e-05 -0.00235505 0.00123425 -7.41467e-05 0.000843366 -0.00234123 0.000778658 -1.45245e-05 -0.000255933 -0.000129047 0.00018584 -4.31437e-05 -0.000135078 -4.56138e-05 -1.01826e-05 -0.00298683 -0.00148049 0.000876327 0.00015396 0.000254839 0.000331006 -0.00785783 0.0028971 -0.000130994 -0.000497354 
-0.00345467 -0.00117382 -0.0160095 -0.000522182 -0.000532005 -0.0173996 -0.00133646 0.00250569 0.0195945 -0.00290097 0.00194076 0.159342 -0.00187469 -0.00584698 0.00284632 -0.0493734 0.0133025 -0.0259923 -0.000434512 0.0260755 0.00476413 -0.00197875 -0.0166047 -0.0273297 -0.00646919 -0.00465251 -0.000518088 0.00766107 0.0129903 0.00631389 -3.3855e-08 -0.00242639 -0.00111943 0.00993613 -0.0158165 -0.00205278 -0.0105225 -0.00207387 -0.000248268 -0.0409944 0.000688047 0.0189253 0.0489077 0.0128437 0.0102942 0.00324929 0.0010542 -0.00342677 -0.000107362 -6.51622e-05 2.74783e-06 0.0328661 0.000725586 -0.0278455 -0.00534737 -0.0204936 -0.00258362 -0.00246485 -0.00310893 0.00031728 -0.00632497 -0.000139518 -0.00981217 0.00127501 -0.00068784 -0.00185239 0.0345925 -0.00185334 -0.000830304 -0.00297459 0.000517074 -0.00337453 -0.000284872 0.0117169 -0.0144923 -0.000206041 0.00711509 -0.00723412 -0.00343741 -0.00616927 0.0209664 0.00192364 -0.000557815 -0.00772534 0.000186233 0.000696756 -0.000932912 6.08229e-05 0.000123264 -0.00935893 -0.00939741 -0.0315436 0.00161963 -0.00142999 -0.0130622 -0.00033464 -0.00460228 -0.00125724 -0.00576363 -0.00719881 
-4.96902e-05 -0.00226227 -0.000954753 -0.000354798 -0.0126761 -0.0186325 -0.00196048 -0.0026916 -0.0160606 0.000538915 -0.00337309 -0.00187469 0.141605 -0.00613973 0.0355952 0.0134212 0.000882234 0.00819787 -0.00108437 -0.0397863 -0.000944092 -0.00179247 0.0368315 -0.0714688 0.00174398 0.0214501 -0.00135287 -0.000339357 -0.00134459 0.0037506 -0.00287323 -0.000150751 -0.0008872 0.00221108 0.0103617 -7.15399e-05 0.00811532 -9.6017e-05 -0.0003129 -0.011691 -0.00201228 0.0224719 0.007433 0.00327882 -0.00412591 -0.00728236 -0.00292651 -0.00863163 -0.0118378 -0.00140713 2.16798e-05 0.00642217 -0.000952684 -0.0028531 -0.00172747 -0.0389639 -0.00203728 0.00664291 0.0155174 -0.000677661 0.00734269 -0.000261687 0.0144816 -0.00234223 -0.000868386 0.00261029 0.0116344 -0.00832256 -0.0023548 0.00252718 -0.000951655 0.00360635 -0.00118276 0.0203377 0.00303951 -0.000466285 -0.00862824 0.00659247 0.00199659 -0.0283657 -0.0233918 -0.00263871 -0.00014073 -0.0126181 -0.00373797 0.00144405 -0.000605973 0.0018292 -0.00153891 -0.00624489 0.0264386 -0.0108025 0.0015377 9.90415e-05 -0.0412931 -0.00173041 0.00316476 0.00120168 -0.00889178 -0.00233534 
0.00304543 0.000611479 0.00504387 -5.06785e-05 -0.00226717 0.0234598 -0.000120283 -0.000473195 -0.0162739 0.00541315 0.00140598 -0.00584698 -0.00613973 0.0561434 -0.00893038 -0.0124077 -0.00205262 -0.000401662 0.000719641 0.00380356 -0.0234914 -0.0196139 0.0093711 -0.00172326 0.00497356 0.000472217 -6.85936e-05 -0.00114852 0.00286545 0.00129273 0.0034244 0.00712728 0.00183198 0.0106796 -0.00423393 -0.000660988 0.00385775 -0.000390538 8.29851e-05 -0.0142741 0.0032775 0.0170651 -0.00136407 -0.00182645 -0.00286217 -0.00122438 -0.000712835 -0.000361701 -0.00348629 0.000132035 0.000659052 -0.020997 0.000693319 -0.000806598 -0.000625038 -0.00271452 -0.00035961 -0.00328644 -0.00306179 0.00216244 0.00144854 -1.99344e-05 -0.0154611 0.00116079 -0.00108021 -0.000243807 -0.00691137 0.00237895 0.000538958 0.00764523 -0.000213185 0.00783213 -0.00159893 -0.00638394 0.0281682 0.000762954 -0.0121479 0.00764146 0.00138234 0.000192158 -0.00567708 0.000163908 -0.000170588 -0.000782012 -0.000671304 -0.000827134 -0.000329683 0.00426201 -0.00020911 0.00865271 -0.00768839 -0.00494807 -0.00032118 0.00050182 0.00048947 -8.57749e-06 -0.0249234 0.012231 -0.000562881 0.000370737 
0.0041274 -0.00208665 0.00577471 -0.000460232 -0.00730352 -0.0159837 -0.000814196 -0.00136437 -0.0168439 -0.00388098 0.000558691 0.00284632 0.0355952 -0.00893038 0.246299 -0.0353301 0.0035872 0.0125373 -5.29091e-05 -0.010403 0.0157224 0.00554549 0.0456117 -0.0206898 -0.00151036 0.0134145 -0.00106534 0.00237565 0.000257527 0.00258552 -0.000729464 -0.00473163 -0.0016305 -0.0218338 -0.0396614 -0.00366612 -0.0183663 -0.00284145 -0.000293434 -0.0292589 -0.00161861 -0.0201087 0.00713527 -0.0067356 0.00236767 -0.000614208 -0.0021554 -0.00745502 -0.0081056 -0.000163545 -0.00206352 0.0126389 -0.00135435 -0.0461045 -0.00587348 -0.0291517 -0.0044877 -0.00699211 -0.00129581 -0.000586666 0.0145487 -0.000570384 -0.00351369 -0.00573164 0.0111519 0.000190105 0.0024223 -0.00593015 0.000357919 -9.03278e-05 -5.17074e-05 0.00617726 -0.00581534 -0.00143162 -0.0211471 -9.58409e-05 0.00141657 -0.031455 -0.00610661 -0.0206373 -0.021185 0.00069919 0.000581526 -0.0241263 -0.000932706 -0.00575695 -0.00143673 0.00545313 -0.000434923 0.00620011 0.0601572 0.0434598 0.00393166 -0.002971 -0.0218287 -0.000137431 -0.0060679 -0.00109553 0.00664542 0.000775728 
-0.00382993 0.00254842 -0.00443449 -0.000493568 -0.0146493 -0.000549983 -0.00223538 -0.00166337 0.0161307 -0.00949718 0.000102029 -0.0493734 0.0134212 -0.0124077 -0.0353301 0.247196 0.0125164 -0.0088291 -0.000723109 -0.0180791 0.00255989 -0.023996 -0.0343841 -0.00686642 -0.0210555 -0.0102881 -0.00225266 -0.00250527 -0.00945626 -0.00652437 -0.00582569 -0.0020899 -0.00154354 -0.0136234 0.0344978 0.0019737 0.0198323 0.00217146 -9.75625e-05 0.0342679 0.000914121 -0.019917 -0.0378882 -0.00219048 -0.00411077 -0.0123228 -0.00552856 -0.00672737 0.00249735 -0.000723693 -0.00162316 -0.0267745 -6.28432e-05 0.051284 0.0105141 0.0309289 0.0043507 0.00609017 0.0126627 -0.00182962 -0.00422246 0.000443065 0.00171965 -0.0068001 -0.0105943 -0.00349698 -0.0267511 -0.00817419 -0.000600734 -0.00551495 -0.00130819 0.00502024 -1.61799e-05 0.0452839 -0.0317787 -0.000520571 0.0347015 -0.000582287 0.00578039 -0.00496653 -0.00795914 -0.00160299 -0.000409258 0.00576446 -0.00628882 0.00304028 0.000250161 -0.00504325 -0.000567527 -0.0261935 -0.0262591 -0.00398835 0.000226859 0.000490543 -0.00461108 -0.00163005 0.0155906 -0.00257295 -0.0126641 0.00264933 
0.0103476 0.000600332 -0.00363995 -4.03799e-05 -0.00403968 0.00351969 0.000413972 0.00267232 -0.00568575 -0.00151969 -8.11083e-05 0.0133025 0.000882234 -0.00205262 0.0035872 0.0125164 0.0776444 -0.00161593 -0.000241818 0.00106008 0.000101368 -0.0219111 -0.0170984 -0.00290725 -0.00148 -0.0126315 -0.000587174 0.00199047 0.00302311 0.000288173 -0.000647284 -0.000819889 0.000162217 -0.00376004 0.00222212 0.00153601 0.00121089 -5.39075e-05 3.66993e-05 0.000427868 0.000774166 0.00914065 -0.00438502 0.0022967 0.00370915 -0.000749534 0.00129336 0.00041744 0.00792769 5.17574e-05 0.000445578 -0.0168248 -0.000324463 0.00544818 -0.000340255 0.00461891 -0.000518373 -0.000343573 0.000250985 -0.000516218 -0.00504958 -1.21121e-05 0.00321189 -0.00129715 -0.0012773 -0.000912386 -1.90013e-06 -0.00132102 0.000243044 0.00135213 -6.97926e-05 0.00164147 -0.00198456 -0.00811446 -0.0030185 -5.80573e-05 -0.00343844 0.00305337 0.000420148 -0.00587207 -0.00389823 -0.00016606 0.000701943 -0.00105921 -0.000439149 -7.47772e-05 0.000142758 -0.000696042 0.000777392 -0.00405958 -0.0118893 -0.0150534 -0.000254915 0.000460031 0.0002846 0.000102602 -0.0152074 0.00124331 0.000602619 0.00188363 
0.0109238 0.000534205 -0.00313546 0.000342478 -0.00462182 0.00934435 0.0013881 -0.000576942 -0.0284357 0.00502435 -0.000405217 -0.0259923 0.00819787 -0.000401662 0.0125373 -0.0088291 -0.00161593 0.127712 0.000864367 0.000122702 -0.00749082 -0.00996861 -0.010044 -0.0144494 0.0119166 -0.00024773 -0.000391612 -0.00219626 -0.00392679 -0.00256641 -0.000149419 0.00376741 -0.00104052 -0.00134265 0.00750346 -0.00125554 0.00176367 -0.000332712 0.000221157 -0.018251 -0.00161964 -0.00394081 -0.016337 -0.0018642 -0.00129384 0.00222072 0.00216105 3.59027e-05 0.0109285 -0.000377091 -0.000557219 -0.0368911 0.000255586 0.00477331 -0.00274973 -0.00446842 0.00282137 0.00564896 0.0021308 0.000837572 -0.00345933 -4.11896e-05 0.00192769 -0.000515242 0.0076969 0.0070019 -0.0101609 0.00151709 -0.000576747 -0.000230629 -0.000484874 0.00493556 -6.48552e-05 -0.0135209 0.00990145 -0.00010785 -0.011455 0.00223427 -0.000950189 -0.00590456 -0.0132929 -0.000563471 0.00104696 -0.00436322 0.00212157 0.00231224 0.000326607 -0.00191261 0.000255725 0.0160348 -0.0136616 0.00334855 0.000934841 0.00230923 -0.00797248 0.000121726 -0.0102488 -0.000379499 0.00367107 0.0159572 
-0.00028671 0.000168832 -0.000516414 0.000203531 -6.21397e-05 0.000622778 0.000268349 5.35601e-05 -0.00214476 4.35655e-05 5.58526e-05 -0.000434512 -0.00108437 0.000719641 -5.29091e-05 -0.000723109 -0.000241818 0.000864367 0.00741403 1.05496e-05 -0.000776038 -0.00129936 -0.00137291 -0.000182345 0.000497014 -0.00233809 0.000130756 1.65346e-05 0.00038269 -3.47218e-05 0.000288975 0.000407368 0.000320056 -0.000358661 0.00119319 0.000105721 -0.000197911 -3.62895e-05 9.02176e-05 -0.0014695 -9.24022e-06 -0.00019721 0.000507157 0.000600203 -0.000173223 -3.9393e-05 0.000291891 0.000155868 0.000216783 0.000117435 5.11123e-05 -0.00167975 0.000275775 0.00101778 -9.54999e-05 -0.000129534 0.000195237 -0.000170691 -0.00103354 2.6073e-05 0.000201221 3.89466e-06 0.000469341 -7.83342e-05 0.000343997 -0.000108295 7.87775e-05 -1.56054e-05 0.000240505 0.000344714 0.000155338 -9.2928e-05 -8.36728e-05 -0.00288646 -0.000109501 0.000110398 -8.35732e-05 -0.000172306 -4.0708e-05 -0.000198534 -0.000548447 0.000420267 0.000269345 -0.000207263 6.04482e-05 5.5719e-05 1.55543e-06 -7.24322e-05 3.27571e-05 0.00124091 -0.000882297 0.000374298 0.000161536 0.000116042 0.000708616 8.46815e-05 -0.00161482 -0.000163709 0.000375725 0.00133654 
-0.0039118 -0.000801321 -0.00658189 -0.000321033 -0.00419823 -0.000868342 0.00122934 0.00284926 0.00467975 -0.00166988 0.000172834 0.0260755 -0.0397863 0.00380356 -0.010403 -0.0180791 0.00106008 0.000122702 1.05496e-05 0.119608 0.00399999 -0.018232 -0.0147278 0.0181523 -0.0117895 -0.0145179 -0.00021038 -0.00200103 0.00442148 -0.00124453 0.000172307 -0.000812541 -8.49126e-05 -0.0015499 -0.0122433 -0.00144365 -0.00525502 -0.000572842 -5.35351e-05 -0.0105615 0.00138348 -0.00207779 0.00517638 -0.00327199 0.000412539 0.0037207 0.00284086 0.00162049 0.025617 -0.00022036 -0.000470779 -0.00218333 -0.000462166 -0.00873169 -0.00443135 0.0165963 0.00146768 -0.00375906 -0.00253053 -3.01528e-05 -0.00965784 -0.000100964 -0.00257385 0.00711685 -0.00324765 -0.00208256 -0.0147031 0.00632565 -0.000300587 -0.0040248 0.000118094 -0.00518527 -4.98668e-05 -0.00981085 -0.00796457 0.000167239 -0.00692397 -0.0042728 -0.00110387 0.00544504 0.024808 0.00150044 0.00112404 0.00203868 0.00244764 0.00280602 0.000786238 -0.000948888 0.000566609 0.0074267 -0.0199548 -0.00555288 -0.00135065 -0.000422432 0.00366803 0.000592308 -0.00854027 0.00250993 -0.00304557 0.00726802 
-0.0038141 -0.00213399 -0.000572341 -6.06394e-05 0.00107073 -0.0122803 -0.000521729 -0.00118739 0.0150632 -0.0102354 -0.00386153 0.00476413 -0.000944092 -0.0234914 0.0157224 0.00255989 0.000101368 -0.00749082 -0.000776038 0.00399999 0.0959503 0.00660506 -0.00540048 0.0211332 -0.0118959 -0.00215177 -0.00077333 -0.000998776 -0.0016186 -0.00307088 -0.00296711 -0.00553412 -0.00104958 -0.00987227 -0.0155106 0.000907924 -0.0107802 -0.00267883 -0.000551481 0.0254788 -0.00560099 -0.00763498 0.00176479 -0.000535782 -0.00277266 -0.000225581 0.000266773 -0.0016263 0.00635948 -0.000404739 -0.000573529 0.0187791 -0.00216536 -0.0143773 -0.00233914 0.0022717 -0.00061949 -0.00648167 0.00941803 -0.00518225 -0.0148674 -0.000153685 0.0179081 -4.92138e-05 -0.00129746 -0.00178702 0.00727798 -0.00164816 -0.000758867 -0.00351841 -0.000195883 -0.00322696 0.000493532 -0.00340012 -0.0275596 -0.000542462 0.00522583 -0.00430376 -0.00607182 -0.00656703 0.0123504 -0.000923244 -0.000940244 -0.00426634 -0.000222472 -0.00311049 0.000242985 -0.00155588 -0.00065438 -0.00100297 -0.00143683 0.000661655 -0.00237316 -0.00364676 -0.00598148 0.000316373 0.0337108 -0.0114537 0.000821677 -0.00494695 
-0.0129237 -0.00323188 -0.00797359 -4.8381e-05 0.0120873 -0.0611887 -0.00278027 -0.00281237 0.0752275 -0.00454535 -0.00794852 -0.00197875 -0.00179247 -0.0196139 0.00554549 -0.023996 -0.0219111 -0.00996861 -0.00129936 -0.018232 0.00660506 0.21469 -0.000290005 -0.00592042 0.0154426 0.0249135 -0.000938345 0.000132063 -0.0145104 -0.00176721 -0.000747858 -0.0051567 -0.00334985 -0.00758617 -6.20127e-05 -0.00517466 -0.0131856 0.00308614 -0.00118645 -0.0302888 -0.00703075 -0.0576941 0.00231566 -0.00844404 -0.00909409 0.00576353 -0.000108384 0.00429925 -0.0391676 0.000243932 -0.000899254 0.0761272 -0.00140692 -0.0189595 -0.00364154 -0.0300332 -0.00143443 0.000397452 -0.00738969 -0.000118408 0.011562 -6.59846e-05 0.0220211 -0.0114767 0.00661175 -0.00407843 0.00705328 -0.0020093 -0.000921391 -0.0143402 0.00063704 -0.0317664 0.00471984 0.0408495 -0.0330904 -0.000555293 0.0252255 -0.0269482 -0.00457735 0.00856762 0.0016638 -0.00172251 -0.000632551 0.0035009 -0.00261858 -0.0126799 -0.00196721 -0.00362013 0.000490224 -0.0226158 0.0348538 0.0224102 -0.00257872 -0.00516023 0.0123135 -0.0011102 0.043858 -0.0212001 -0.000160559 -0.00948768 
-0.000614251 -0.00190426 -0.0105843 -0.000142342 -0.0028188 0.0233169 -0.000648565 -0.00305517 -0.0553003 0.00262499 -0.0010937 -0.0166047 0.0368315 0.0093711 0.0456117 -0.0343841 -0.0170984 -0.010044 -0.00137291 -0.0147278 -0.00540048 -0.000290005 0.247545 0.00057148 0.0272318 0.0177189 -0.0012674 -0.00382569 0.0114348 0.00521953 -0.00120465 -0.000904835 0.000879398 0.0114397 -0.0376356 -0.000446914 -0.0238502 -0.0012944 -0.000370475 -0.0050774 -0.00359942 0.0323178 0.0232642 -0.00317576 -0.0169626 -0.00734518 -0.00369016 -0.00579407 -0.0248948 -0.000259609 -6.07964e-05 0.00648464 0.000393665 -0.0463318 -0.000178735 -0.0460349 -0.00393117 -0.0126768 0.00592057 8.87198e-05 0.0103311 -0.000557513 -0.0297953 -0.00482485 0.00528303 -0.00171887 -0.00528657 -0.00699259 -0.00197659 0.0158065 0.000837833 0.0126093 -0.0105472 -0.0158507 0.0397754 0.000130172 -0.0643693 0.0110715 -0.00128542 -0.0115885 -0.032324 -0.00279444 -0.00078787 -0.0210281 -0.00226685 -0.00634884 -0.00191255 0.00660191 -0.000532175 0.00962755 0.0650001 0.0113994 0.00240871 0.000829256 -0.028127 -0.000140648 -0.0209897 0.0113409 0.00519334 -0.0175691 
0.00188233 4.86639e-05 0.00969327 -0.000293298 0.0108627 0.0131597 0.00111186 -0.00153655 0.0237201 -0.00223955 0.000611517 -0.0273297 -0.0714688 -0.00172326 -0.0206898 -0.00686642 -0.00290725 -0.0144494 -0.000182345 0.0181523 0.0211332 -0.00592042 0.00057148 0.248273 -0.0104127 -0.00378435 0.00049822 -0.00527841 -0.00377552 -0.00704157 -0.000909428 -0.00519245 0.00176591 -0.0193688 -0.0184717 0.000249847 -0.0218272 -0.00198945 -0.000685496 0.0302394 -0.00227738 -0.0115988 -0.0267919 -0.0111024 -0.0023744 0.00534075 -0.0010265 0.00734798 -0.0113997 9.36427e-05 -0.00139696 -0.00561094 -0.00149176 -0.0112341 0.00278781 0.0405358 -0.00259172 -0.0180034 -0.00107651 -0.00141534 -0.0263518 -0.000259019 -0.0279926 -0.00415036 -0.00384783 -0.00567974 -0.0356468 0.000313338 0.00130047 -0.000676228 -0.00107026 -0.00996287 -0.0020035 -0.0336856 -0.00299532 -5.44547e-05 -0.0274866 -0.00555806 -0.00731784 0.0324135 0.0121971 -0.00118267 -0.00159419 0.0102431 0.0013462 -0.00682198 -0.000302407 -0.00656248 0.00122706 0.017819 -0.0394938 0.0568844 -0.00272302 0.00146545 0.0311714 0.001016 0.00936163 -0.00433487 0.014314 -0.00766213 
0.0133879 -0.000401244 -0.0103988 0.0014919 0.00250996 0.0158225 -0.00111866 -0.00108665 -0.0527636 0.00808697 -0.00144896 -0.00646919 0.00174398 0.00497356 -0.00151036 -0.0210555 -0.00148 0.0119166 0.000497014 -0.0117895 -0.0118959 0.0154426 0.0272318 -0.0104127 0.138692 0.000744051 -0.00108949 0.000858001 0.0068671 -0.000847392 0.0050662 0.00128164 0.000488221 -0.000408239 -0.00209814 0.00267241 -0.00485572 0.00208984 0.000119904 0.00265174 -0.00157373 0.0149934 0.00530446 0.000564283 -0.0053398 -0.00411738 -0.000187667 -0.000812412 -0.0135036 0.00127704 -0.000164204 -0.0451927 0.00119083 -0.0141227 -0.0017096 -0.0186541 -0.000543108 4.67478e-05 -0.00747408 0.00310356 0.0101426 5.01162e-05 -0.0107003 -0.0034469 0.0207257 0.00176982 0.00329116 -0.00254198 -0.000217909 0.00918995 0.000149331 -0.00539208 0.0106068 -0.012986 0.00831369 7.67468e-05 -0.0199578 0.0288138 0.00274272 -0.00991896 -0.0245991 -0.000134959 0.000591975 -0.00641409 0.000701077 -0.00240235 0.000277546 -0.00028954 0.00106924 0.00649999 -0.0167129 0.00091842 4.17559e-05 -0.00193294 -0.0037785 0.000765191 -0.0213605 -6.08808e-06 0.00306318 -0.00359937 
-0.0027075 -0.00182655 0.000727987 -0.00042122 -0.00444071 -0.0180266 -0.00149446 -0.00686908 0.0143553 0.00124973 -0.00229107 -0.00465251 0.0214501 0.000472217 0.0134145 -0.0102881 -0.0126315 -0.00024773 -0.00233809 -0.0145179 -0.00215177 0.0249135 0.0177189 -0.00378435 0.000744051 0.0891237 -0.00189016 -0.00355022 -0.00135491 -0.000696062 -0.0022315 -0.00148195 -0.000632615 0.00501292 -0.00415895 -0.00714685 -0.00202047 -0.00125824 -0.000928222 -0.011241 -0.00403042 -0.00343968 -0.000444181 -0.00414485 6.88391e-05 -0.00639043 -0.0048392 -0.00043413 -0.0227225 -0.00154996 -0.00064589 0.0224014 -0.00181629 -0.0211271 0.00191476 -0.00571243 -0.00626769 0.00496056 0.00502355 0.000824268 0.00500524 -0.00069253 -0.00958751 -0.00476004 -0.00148949 -0.00146197 -0.00196409 -0.00111239 -0.000760299 -0.00863211 -0.00171806 -0.00992599 0.000459963 0.0220904 0.00514366 -0.000600029 -0.00538946 -0.00310059 -0.000209752 0.00232834 -0.0115722 -0.00123642 -0.00144195 -0.00162707 -0.00119056 -0.000779829 -0.00299385 0.00127366 -0.000960395 -0.00914594 0.00859085 0.0100062 -0.000164929 -0.00240451 0.00859753 -0.00218286 0.0163905 0.0015593 -0.00554464 -0.00232745 
-0.00073969 5.81218e-05 0.000872785 -1.69143e-05 -0.000102494 0.000180186 0.000156569 0.000287074 0.000712752 2.60767e-05 -6.80349e-05 -0.000518088 -0.00135287 -6.85936e-05 -0.00106534 -0.00225266 -0.000587174 -0.000391612 0.000130756 -0.00021038 -0.00077333 -0.000938345 -0.0012674 0.00049822 -0.00108949 -0.00189016 0.0119221 0.000426708 0.000560779 0.000470976 -8.88121e-05 6.19643e-05 0.000234179 0.000657432 -0.000503428 6.5753e-05 -0.000443787 0.000155924 2.23522e-06 -0.000928184 0.00040516 -0.000381039 0.00209909 -0.000288474 0.000203838 0.000650755 0.000209911 0.000716302 -0.000362412 6.3149e-06 -1.59263e-05 0.00036479 0.000193894 -0.00104495 0.000275886 0.000257676 9.67796e-05 -0.000603218 -0.0012831 0.000125021 0.00120841 1.75396e-06 -0.00203328 0.000153117 -0.000296218 -0.00011735 -0.000828396 -0.000164697 0.000123057 0.0008919 9.55965e-05 -0.000242914 -0.000392313 -0.0014808 0.000657547 0.000179772 0.000112879 -0.000514022 -3.90433e-05 -0.000401164 0.00135179 1.94203e-07 3.38384e-05 0.000618459 -8.4147e-05 0.000303628 1.63918e-05 0.00023022 3.60197e-05 -0.000660088 0.000224971 -0.00107137 1.59324e-05 9.99488e-06 -0.00019548 6.38813e-05 -0.00112491 8.27886e-05 -0.000261802 -0.000314242 
-0.000944937 9.56331e-05 -0.00192214 8.75362e-05 -0.00090409 -0.00251583 -0.000168416 0.000271262 0.00108022 -0.000216621 -0.000290437 0.00766107 -0.000339357 -0.00114852 0.00237565 -0.00250527 0.00199047 -0.00219626 1.65346e-05 -0.00200103 -0.000998776 0.000132063 -0.00382569 -0.00527841 0.000858001 -0.00355022 0.000426708 0.0239075 -0.000139224 0.000193818 3.64236e-06 -0.000448396 8.96954e-05 -0.00113288 -0.0026986 -0.000175161 -0.000703711 -2.65042e-05 7.74847e-05 -0.00441549 -4.65048e-05 -0.00220566 -0.000914191 0.00179766 0.00336274 0.000819669 0.00014888 -0.000220295 -0.000578876 0.000171906 -0.000123607 0.00590592 0.000480855 -0.00296058 -0.000795428 -0.0048306 -3.62761e-05 -0.00073326 -0.000879101 -0.000187356 0.000319282 2.63546e-05 -0.000376284 -0.000248283 0.000410144 -0.000328126 0.00705211 -1.36966e-05 -9.15428e-05 -0.000530596 2.31203e-05 -0.000855208 -0.000446333 0.000676005 -0.0020468 -1.75576e-05 0.00487085 -0.00107951 -0.000179969 -0.0017336 0.00182653 0.000572446 -9.04865e-05 -0.00127083 -0.000385478 -0.00054611 2.12412e-05 -0.000440792 -1.19427e-05 -0.00155035 0.00201123 -0.0025768 -1.76338e-05 -0.000282719 -0.00244039 -5.66608e-05 0.00178994 -0.000722888 -0.000298516 0.000142617 
0.00835602 -0.000330266 -0.00312558 0.000179845 -0.00270858 0.00458432 -0.000145333 -1.19417e-05 -0.0233749 0.000487003 0.0033742 0.0129903 -0.00134459 0.00286545 0.000257527 -0.00945626 0.00302311 -0.00392679 0.00038269 0.00442148 -0.0016186 -0.0145104 0.0114348 -0.00377552 0.0068671 -0.00135491 0.000560779 -0.000139224 0.0493798 0.00129971 0.00196008 0.00024841 0.00149498 -0.00128653 -0.00241224 0.000403232 -0.00251376 -0.000408966 5.57483e-05 -0.00575273 0.000294754 0.0209141 0.00520474 0.00399936 -0.00237436 -0.00113398 -0.000798691 5.87602e-05 -0.000479496 3.39102e-05 -0.00012245 -0.0143476 0.000191215 -0.00904009 -0.00124411 -0.00241861 -0.000704456 0.00166645 -0.00178935 0.000668597 -0.00352375 -5.20795e-05 -0.0103758 -9.00473e-05 0.00195467 -0.000588575 0.0109749 -0.000369839 -6.01204e-05 0.000676752 -1.4985e-05 0.00318884 0.000714987 -0.0156423 0.00640526 0.000108341 -0.00991204 0.00519017 -0.000186672 -0.00238173 -0.00378314 0.00203018 -0.000297555 -0.00169068 -6.53275e-06 0.00122691 0.000136841 0.000444257 -0.00011716 -0.000430281 -0.00553606 -0.00870792 0.00112417 -0.000264995 0.00181146 0.000110011 -0.0121757 0.00448164 0.00254933 -0.00192885 
0.000189848 2.65914e-05 -0.00254919 -1.79779e-05 0.00013372 -0.0029652 -0.00021332 -3.30574e-05 -0.00531542 0.000254137 0.000923581 0.00631389 0.0037506 0.00129273 0.00258552 -0.00652437 0.000288173 -0.00256641 -3.47218e-05 -0.00124453 -0.00307088 -0.00176721 0.00521953 -0.00704157 -0.000847392 -0.000696062 0.000470976 0.000193818 0.00129971 0.0316809 -0.000152646 -0.000140972 -0.00019343 -0.000371217 0.00227011 -0.000265226 0.000282391 2.11413e-07 0.000108915 -0.00520667 1.1618e-06 0.0101526 0.00848911 -0.000166329 -0.0011194 -0.000269877 -0.000159258 -0.000528364 -0.00219529 -1.06104e-05 4.51223e-05 -0.0077494 8.37522e-05 -5.50932e-05 -0.00042516 -0.00319422 0.000111563 0.00536166 -0.00150479 0.000205167 0.00208432 -3.32767e-05 -0.00178696 0.000718154 -0.000709711 -0.000159868 -0.00261582 -0.000657852 9.46046e-05 0.000835574 -7.75244e-05 0.00445555 -5.37296e-05 -0.0040073 0.00341832 8.7427e-05 -0.00333498 -0.00174037 0.000154179 -0.00189662 -0.00491879 6.40337e-05 -7.36714e-05 -0.00124732 -0.00023745 0.000323746 -0.000149324 0.00195773 0.000112477 0.00041537 0.002775 -0.0054636 5.59955e-06 -0.000206276 -0.0035979 -4.50569e-05 -0.00515175 -0.000759469 -0.000338008 -0.00137973 
0.00347659 -0.000114132 -0.000631672 0.000155342 0.00202496 0.0021481 0.000129604 0.000232318 -0.00676678 0.00125097 0.000519208 -3.3855e-08 -0.00287323 0.0034244 -0.000729464 -0.00582569 -0.000647284 -0.000149419 0.000288975 0.000172307 -0.00296711 -0.000747858 -0.00120465 -0.000909428 0.0050662 -0.0022315 -8.88121e-05 3.64236e-06 0.00196008 -0.000152646 0.0156754 0.00018986 9.30864e-05 -1.08214e-05 -0.00114643 0.00142466 -0.000651328 0.000250726 2.2189e-05 0.00143892 0.000225579 0.0028895 -0.000282402 -0.000380545 -0.000709815 3.49211e-05 0.000187413 -0.000124012 -0.00100182 0.00115346 0.000108361 -0.00342185 0.00034511 -0.00166258 -0.000363354 -0.00221753 0.000877057 0.000121661 -0.00471321 0.000252182 -9.51216e-05 1.72288e-05 -0.00180376 -6.13832e-05 0.00157555 -0.000201954 0.00145772 0.000772294 0.000185331 0.00133642 0.000177922 -0.00043789 0.00158133 -0.00502491 0.00186237 0.000145305 -0.00187759 0.00193804 -3.5626e-05 -0.00126856 -0.00207524 0.000310415 9.03142e-05 -0.000515853 -3.79946e-05 -0.000223066 1.20862e-05 -0.00010353 -1.7592e-05 0.00197987 -5.08848e-05 -0.00164579 -6.36667e-05 -0.000145196 0.00158618 0.0010784 -0.00564347 0.000769696 0.00065165 0.000383573 
-0.000515286 0.000911909 0.00147274 -4.52652e-06 -0.00100239 0.00519981 -0.000106289 -4.12272e-05 -0.00417111 0.000565465 2.69242e-05 -0.00242639 -0.000150751 0.00712728 -0.00473163 -0.0020899 -0.000819889 0.00376741 0.000407368 -0.000812541 -0.00553412 -0.0051567 -0.000904835 -0.00519245 0.00128164 -0.00148195 6.19643e-05 -0.000448396 0.00024841 -0.000140972 0.00018986 0.0219896 4.82651e-05 0.00540395 0.000377187 -1.72599e-05 0.00553619 0.000188336 0.000143131 -0.0049476 0.000971571 -0.000168738 0.000584878 -8.14265e-05 2.46111e-05 2.8361e-05 0.000406531 0.000802936 -0.000217857 -1.38146e-05 0.000138712 -0.00539294 0.000672662 0.00384037 -0.000818527 -0.00252825 1.54595e-05 -0.00100085 -9.67393e-05 0.000173378 0.000426614 4.14701e-06 -2.49646e-05 -0.000335121 -0.000627633 0.00056332 -0.00176572 0.000375725 -6.64677e-05 0.00104942 2.57171e-05 0.000422064 -0.000704848 -0.000557057 0.00523858 0.000258155 -0.00213587 0.000932142 0.00147179 -0.00171814 -0.00142146 -9.42873e-05 5.1736e-05 -0.000886648 -0.000178113 -0.000281752 0.000249369 0.000305428 0.000274539 4.91932e-05 -0.00386734 -0.0038624 -0.000176037 0.000109244 -0.00180995 1.11144e-05 -0.00437136 0.00134042 -0.000336384 0.000471221 
0.000441862 0.000257182 -9.39879e-05 -1.64647e-05 -0.000553661 0.00230846 -4.79161e-06 2.88263e-05 -0.00234954 -8.51124e-05 0.000130759 -0.00111943 -0.0008872 0.00183198 -0.0016305 -0.00154354 0.000162217 -0.00104052 0.000320056 -8.49126e-05 -0.00104958 -0.00334985 0.000879398 0.00176591 0.000488221 -0.000632615 0.000234179 8.96954e-05 0.00149498 -0.00019343 9.30864e-05 4.82651e-05 0.0105869 -0.000374015 -0.000692445 -5.00188e-05 -0.000334432 -8.87348e-05 -3.37768e-06 0.000477 0.000374622 0.000816437 -0.00112387 9.4501e-06 -0.000245509 4.48405e-06 -7.90658e-07 -0.000187672 -0.000290821 1.76836e-05 8.41876e-05 0.000803252 6.10036e-05 -0.00024371 -0.000292944 -0.000189321 -0.00011046 -0.000433814 -0.00019243 -0.000101525 -0.000320475 -7.16199e-06 -0.00017427 0.000148065 -3.53517e-05 -0.000110755 -0.00030119 5.71717e-05 -4.04977e-05 0.000432316 6.45303e-06 0.000111224 -4.97623e-05 -0.00241425 0.00211306 0.000101041 -0.00141069 0.000956004 -4.68639e-05 -0.000514126 -0.000100065 0.000172152 -3.63086e-05 -0.000369101 -0.000104349 -0.00019896 -7.84003e-05 0.000554717 -5.9539e-05 -0.000364085 -0.00166667 -0.000973734 -1.53777e-05 0.000163954 0.000628775 -1.99211e-05 -0.00138798 0.000548893 -0.000180328 0.000767355 
