0.00993259 -0.000682933 -4.08071e-05 -0.000876191 0.000191603 -0.00366486 -0.000367633 -0.000602154 -0.00296408 -0.00315942 -0.00184496 -5.46272e-05 0.000271407 0.000247604 -0.00284246 0.000406547 -0.00012996 0.00438335 0.000712985 0.00101846 0.00134755 0.00176881 -0.0018929 0.00148411 -0.00243912 -0.000616457 0.00260719 -0.000947483 -0.000880913 0.00069716 -0.000266669 -0.000414518 -0.0014521 0.00433557 -0.000232408 1.34251e-05 -5.15876e-06 6.09749e-05 0.00026464 -0.000656125 -0.00265717 -0.00018859 0.000944498 -0.000337166 0.00218853 0.0031584 0.00199995 0.00418167 -0.000431587 0.000118326 5.29046e-06 -0.00057354 0.000133101 -0.000386082 -0.000740281 -0.000130169 1.36625e-05 0.00026011 6.53955e-05 0.00046498 -0.000501942 0.00228217 -0.000470585 -0.000111848 -1.6917e-05 0.000304315 -0.000168308 -0.000400585 2.96367e-06 0.000392126 -0.00233608 -0.000175484 0.000105177 -0.00370471 -2.7311e-05 0.000511826 -6.44597e-06 -0.000264 0.0015857 0.000329714 -0.00084454 -7.32307e-05 -0.000454548 -0.000499654 -0.000746939 0.000190403 -4.04906e-05 -4.33184e-05 -0.000134725 -0.000166754 0.00022947 0.00241574 -0.00181751 0.00193479 -0.000153511 0.000167205 -0.00394607 -0.00281381 -0.000528518 -0.000803143 
-0.000682933 0.132155 -0.000328515 -0.0336157 -0.000177976 -0.0455508 -0.0137782 -0.00743616 0.0130953 -0.0585574 0.0172051 -0.0025215 0.000976145 0.00215789 -0.0431092 0.00590732 -0.00365211 0.0194982 0.00879979 0.0135319 0.0172696 0.0375345 -0.0403535 0.0457324 -0.0382725 -0.00554934 0.0475956 0.0477 0.0130846 0.0163073 -0.00940657 -0.00356206 -0.0195973 -0.00710252 -0.0186478 0.00212152 0.015183 -0.000309192 0.00474981 -0.00297536 -0.041439 -0.00255138 -0.000574315 -0.00441497 -0.0221748 0.0427711 -0.0140278 0.000747759 -0.0044515 -0.00191336 0.000264488 0.0262598 0.00705978 -0.000458575 -0.0038611 0.0728774 -0.000389433 0.00587751 0.000936513 -0.00430083 -0.00231729 0.0238996 0.00141262 -0.00934956 0.00152986 0.00107339 0.000621502 -0.0126971 0.00194423 -0.00302754 -0.0387748 -0.00255897 0.0140137 -0.0509038 0.000379375 1.56171e-05 0.000168556 -0.00508825 0.00621374 -0.000308026 -0.015271 -0.0011754 -0.00581119 -0.00755216 -0.012845 -0.0127171 -0.000210917 -0.00151322 -0.00158064 0.00259636 -0.00169094 0.0576951 -0.0248405 -0.0230955 -0.00428195 0.000435819 -0.0150995 -0.041786 0.0526492 -0.031808 
-4.08071e-05 -0.000328515 0.0053351 -0.000375638 0.000236046 -9.08552e-05 0.000563008 -9.43365e-06 -0.000232468 -0.000450526 -0.00015156 -4.66228e-05 0.00010967 0.000143308 -0.00127056 -9.36543e-06 5.83797e-07 -0.000302242 0.00032578 -7.4607e-05 0.000209226 -6.67595e-05 7.50375e-05 -0.00115594 -0.000796169 0.000671055 0.000337759 -0.000711249 0.0001783 0.000346855 -0.000360952 0.000434048 -0.000229089 -0.00123502 -0.000128126 -0.000251895 4.14639e-05 5.89294e-06 0.000286646 0.000110501 0.000409138 9.7899e-06 -2.05445e-05 -0.000321547 -0.000575902 -0.00106307 -0.000154575 -9.8045e-05 0.000421801 3.93318e-05 1.68851e-05 -0.000233966 0.000187704 -7.0866e-05 0.000520401 -0.000134579 9.45812e-05 6.04849e-05 6.9625e-05 -3.84304e-05 -0.000171738 -0.00103305 0.000379776 -0.000225268 0.000153993 0.000347073 -7.18597e-05 -0.000169009 3.45034e-05 0.000632493 -0.00037868 -6.5006e-05 3.75762e-05 -0.000734813 9.10007e-05 0.000209642 5.29914e-06 6.85545e-06 0.000157046 4.52352e-05 0.000160568 -1.43546e-05 0.000120363 0.000678612 -0.000232589 -4.12398e-05 0.000106399 3.69727e-06 0.00050253 -2.75071e-05 1.03427e-05 -0.000476287 -3.24204e-05 -0.000237941 0.000160055 9.63693e-06 0.00092903 -0.000125932 -0.000414212 -0.000539925 
-0.000876191 -0.0336157 -0.000375638 0.190983 -0.00177607 0.0922609 -0.0244495 -0.0355602 -0.0771457 0.103849 -0.0504076 0.00213401 -0.00795026 -0.00339505 0.102162 0.014791 0.0096193 -0.0824318 -0.0105332 -0.0446263 -0.0148765 -0.0988588 0.116945 -0.0935937 0.0652412 -0.0374922 -0.122256 -0.0599962 -0.0264281 -0.0159977 -0.067317 -0.0106537 0.0341136 -0.0163039 0.0627318 -0.0329849 -0.0143925 -0.00305665 -0.0130611 0.0175083 0.101349 -0.00253468 -0.010376 -0.0206237 0.0262784 -0.0932435 -0.0240596 -0.00699747 -0.0126528 -0.000239542 -0.000224945 -0.020857 -0.00634871 -0.00702924 -0.0319835 -0.0518374 0.000450755 -0.0046195 -0.00198336 -0.005185 -0.0084823 -0.0475869 -0.0166802 -0.00704597 -0.0015122 -0.00192336 -0.000192502 0.03604 -0.001107 -0.022619 0.104368 0.00582059 -0.00782399 0.0911148 -0.00116216 -0.000164605 -0.000150977 0.0185748 -0.00936107 -5.35238e-05 0.0501477 0.00044764 0.0231924 -0.0092024 0.0287734 -0.0184307 -0.00200007 -0.00771095 -0.00480724 -0.0027184 -0.00366244 -0.0504745 0.0816135 -0.00184495 0.00679359 0.00014114 -0.0434749 0.115877 -0.0280702 0.0961471 
0.000191603 -0.000177976 0.000236046 -0.00177607 0.0285478 -0.00669619 -0.000268729 0.00275139 -0.000750226 -0.00259272 -0.00191702 0.00231861 0.00803835 0.00105225 -0.00478946 0.00438542 -0.00042913 -0.000703238 -0.00121444 -0.000604267 0.00192044 0.00111655 -0.00219803 -0.00139021 -0.0078762 0.00536133 0.00295809 0.0124084 0.000500178 0.0030298 0.00633049 -0.0010917 -0.00152597 -0.00522164 -0.00280934 -0.00101055 -0.00113281 0.001079 -0.000825909 -0.00119457 -0.00446668 -0.000527955 -0.000727336 0.0014752 -0.00281933 -0.00841123 -0.00234643 -0.000636277 0.000831759 0.000773974 1.45584e-05 -0.000200744 0.00169341 -0.000681776 0.00415256 -0.00185225 0.000113119 0.00770061 -0.000150029 -0.000215061 0.00165475 0.00529583 0.00470113 0.00211336 0.000551959 0.00186885 -0.00106579 -0.00025006 -2.63093e-05 -0.0024588 -0.00391181 -8.95836e-05 -0.000898541 -0.0057119 -2.32939e-06 0.000352353 0.000176078 -0.000446068 -0.000791383 9.08671e-06 -0.00187489 0.000270505 -0.00108402 -0.00127574 -0.00119876 0.00160082 3.34219e-05 -1.34754e-05 0.000602435 0.000552765 -0.000332708 -0.00468726 -0.00377771 -0.00691286 0.000572429 -0.00010342 -0.000283399 -0.00490695 -0.00264777 -0.00335366 
-0.00366486 -0.0455508 -9.08552e-05 0.0922609 -0.00669619 0.236671 -0.019869 -0.0481366 -0.0555767 0.118386 -0.0329489 0.00302514 -0.014676 -0.00637303 0.124505 -0.000926229 0.0101787 -0.110926 -0.0127733 -0.0635285 -0.037428 -0.110585 0.122735 -0.0947356 0.103636 -0.046736 -0.135077 -0.0874944 -0.0281717 -0.0250067 -0.0927705 0.00784918 0.0599596 -0.0425614 0.0567105 -0.0383126 -0.0136243 -0.00383955 -0.0176606 0.0233888 0.135062 0.0100418 -0.0139455 -0.0175903 0.0490027 -0.114869 -0.0242592 -0.0197058 -0.0107908 -0.000696293 -0.000286474 -0.0169657 -0.00121154 -0.00659283 -0.0468717 -0.0691438 -0.00163349 -0.0100685 -0.00220045 -0.0137873 -0.00711407 -0.0710541 -0.0228921 0.00819289 -0.0034412 -0.0081496 -0.00456671 0.0247375 -0.00239701 -0.00990457 0.118301 0.00384286 -0.00481244 0.132781 -0.00120979 -0.0032017 -9.73668e-07 0.010356 -0.0207583 -0.00101457 0.0456116 -0.00174012 0.0203782 0.0124119 0.0340512 -0.022532 -0.00353811 -0.00799405 -0.00523653 -0.00668045 -0.005014 -0.088791 0.0842038 0.0193914 0.00205826 -0.00155803 0.0198987 0.138374 -0.0326274 0.0745851 
-0.000367633 -0.0137782 0.000563008 -0.0244495 -0.000268729 -0.019869 0.0995069 0.0191306 0.0196705 -0.0206379 0.0239696 0.00137077 0.000244547 0.00254212 -0.0387646 -0.0102627 -0.00103736 -0.00840116 -0.00104817 0.0114934 -0.00357218 0.0179065 -0.0224841 -0.00231463 -0.0108415 0.0330428 0.0200518 0.00966023 -0.00509013 -0.00474118 0.0365391 0.00414751 -0.0119569 -0.0132748 -0.0125597 0.00321509 -0.00328425 0.000536942 0.006419 -0.00582824 -0.0225089 -0.00166898 0.00527065 -0.00207459 -0.00247261 0.018184 0.0389961 -0.00506206 0.000819392 -0.000228032 -9.47595e-05 -0.00751948 -0.00126939 -0.00104868 0.047004 -0.0169712 0.000207018 0.00206371 -0.000127802 -0.00313781 0.0120431 0.0115114 0.00269856 -0.00303203 0.00075222 -0.00194735 -0.000809266 -0.00658001 -0.000609586 0.0130496 -0.0189693 0.000507929 -0.00379321 -0.0303829 0.00052004 -0.000994648 -6.06731e-05 -0.00303857 -0.00606081 -5.64649e-05 -0.00997647 -0.000974913 -0.00535354 0.00598027 -0.00655853 0.00832623 0.000683071 -0.0019551 0.00346205 -0.00135197 0.00229596 -0.00816489 -0.0178934 -0.00548155 0.00728268 -0.00044803 0.00966347 -0.0404665 -0.0080878 -0.0192676 
-0.000602154 -0.00743616 -9.43365e-06 -0.0355602 0.00275139 -0.0481366 0.0191306 0.142751 0.0225867 -0.0310513 0.00635539 0.000714411 0.00706104 0.000336232 -0.0523198 -0.0179295 -0.00255955 0.0463191 0.00263954 0.0103628 -0.00313427 0.029373 -0.0348917 0.0271249 -0.0542968 0.0356089 0.0359477 0.0143699 -0.0169529 -0.00199654 0.0679122 -0.00333881 -0.0210698 -0.00809967 -0.0177474 0.0193032 -0.0044939 -0.000179072 0.00567119 -0.0106607 -0.0347661 -0.00298372 0.00688045 0.0334493 -0.025476 0.032657 0.0234606 -0.000897567 -0.00555654 -0.00154856 0.000155609 -0.0133949 -0.000928588 -0.00354798 0.0258203 -0.0228961 0.000214944 0.00356504 -0.000766181 0.00218468 0.00302965 0.00845878 0.0263032 0.00799427 -2.21903e-06 -0.00264796 -0.00585674 -0.00519333 -0.00101586 0.010354 -0.0327537 -0.000411071 -0.00550885 -0.0350344 0.00116432 -0.00134225 -0.000152865 -0.00406866 -0.00899896 -0.000521666 -0.0129713 0.000159709 -0.00461948 0.000460029 -0.0116915 0.0283256 -0.000549464 0.00460194 0.00206573 -0.00384597 0.00104801 -0.0224655 -0.0261562 -0.000452346 0.00506182 -0.000671504 0.0422261 -0.0635538 -0.0158471 -0.0143995 
-0.00296408 0.0130953 -0.000232468 -0.0771457 -0.000750226 -0.0555767 0.0196705 0.0225867 0.232277 -0.0597915 0.0873937 -0.00325276 0.0026713 -0.000922444 -0.0683699 -0.00718722 -0.0132455 0.0319601 -0.00873483 0.030077 0.00780878 0.072729 -0.109237 0.0622208 -0.0368953 0.0302118 0.0971757 0.0436423 0.029839 -0.00682075 0.0630462 0.0124903 -0.0377536 -0.0110153 -0.061666 0.0294277 -0.0020627 0.000443945 0.00919689 -0.0175675 -0.0897941 0.00528665 -0.000482877 0.00853329 -0.0347081 0.0546433 0.00704898 -0.0147165 0.0153213 -3.69405e-05 -0.000330307 0.0199554 -0.000843838 0.00879791 0.0432142 0.0244077 -0.00158488 0.0046942 -0.000178585 0.011041 0.00832353 0.0100408 0.0169391 -0.00803845 -0.00360512 -0.00363364 -0.0071792 -0.040843 -0.00205109 -0.00722327 -0.081355 -0.00722585 -0.00237853 -0.0265879 -0.000421563 -0.000806959 0.000259323 -0.020262 -0.0146741 -0.00128671 -0.0510508 -0.000799861 -0.027745 0.0153819 -0.0137372 0.00485261 0.000247594 -0.00102942 0.00360699 -0.00123162 0.00177536 -0.00196319 -0.0794197 0.0227808 -0.0029756 -0.00154869 0.0813531 -0.0699983 0.00353946 -0.0670697 
-0.00315942 -0.0585574 -0.000450526 0.103849 -0.00259272 0.118386 -0.0206379 -0.0310513 -0.0597915 0.243207 -0.0274134 -0.00045769 -0.0128996 -0.00566872 0.108382 0.0170599 0.00901046 -0.0983324 -0.0136419 -0.0530675 -0.0253084 -0.0968075 0.123578 -0.111108 0.084769 -0.0237997 -0.120385 -0.0713779 -0.0276465 -0.0250421 -0.0654523 0.000569777 0.0494552 -0.0461941 0.0537081 -0.0482688 -0.0257365 -0.0043852 -0.0205726 0.00741333 0.117742 -0.00570214 -0.0164518 -0.0261645 0.0264329 -0.123357 -0.0294967 -0.0138526 -0.0149118 -0.00286856 -0.000349555 -0.0309834 -0.00873622 -0.00942902 -0.0188502 -0.0723472 0.000534888 -0.00991928 -0.00278984 -0.0089764 -0.00156998 -0.0608067 -0.00822543 0.0188295 -0.00153823 -0.00378548 -0.00635719 0.0361961 -0.00211788 -0.0203378 0.112911 0.00302588 -0.0150641 0.117916 -0.0016462 -0.00362478 -0.000216594 0.0166726 -0.00758407 -0.000706668 0.0428039 0.00080356 0.0171093 -0.000756209 0.0348677 -0.0132283 -0.00289358 -0.0105795 -0.00529559 -0.00556704 -0.00317164 -0.076551 0.078692 0.0255545 0.00388415 -0.00130817 0.00622266 0.122848 -0.0446047 0.0900953 
-0.00184496 0.0172051 -0.00015156 -0.0504076 -0.00191702 -0.0329489 0.0239696 0.00635539 0.0873937 -0.0274134 0.220163 -0.000595325 0.00108362 -0.00324271 -0.0276273 0.00612044 -0.00623784 0.0169291 0.00469919 0.00616528 -0.00697139 0.0226276 -0.0748953 0.060681 -0.0359873 0.0231846 0.0529945 0.0385771 0.00577641 -0.00898485 0.0262456 -0.00180554 -0.0321357 -0.0110574 -0.0362829 -0.0112571 -0.00728446 0.000985612 0.00621404 -0.00517647 -0.064921 0.00496903 -0.00500148 -0.0178621 -0.0382302 0.015232 0.013244 -0.00798775 -0.000221418 0.000456945 -0.000171343 0.00533336 -7.19407e-05 0.0130789 0.0557296 0.00433721 -0.000518175 0.00311831 0.00074288 0.00948907 0.0223234 0.00982329 -0.000659129 -0.00282911 -0.000410417 -0.00166856 0.00804295 -0.0167746 -0.0012472 -0.00443551 -0.0598955 -0.000346973 0.00732001 -0.0450325 0.000231801 -0.000867928 6.10044e-05 -0.0102194 -0.00792231 -0.000173456 -0.0307975 0.00084989 -0.0131659 0.000334703 -0.0162944 -0.015396 0.0012794 -0.00405085 0.00590711 0.00988484 0.00121156 0.00259661 -0.0502071 0.0098469 -0.00237982 -0.0011342 0.03622 -0.0445859 0.0193427 -0.0386738 
-5.46272e-05 -0.0025215 -4.66228e-05 0.00213401 0.00231861 0.00302514 0.00137077 0.000714411 -0.00325276 -0.00045769 -0.000595325 0.0242786 0.00106455 0.00115231 0.00198008 0.000974486 -0.000185684 -0.00378491 -0.000115674 -0.00132237 0.0026037 -0.0044699 0.00173721 -0.00847978 -0.000737472 0.0011133 -0.00820904 -0.000555232 0.00156141 -0.000256225 0.00109133 0.000755133 -0.00269714 -0.00406619 -0.00100394 6.87833e-05 -0.00028927 3.54206e-05 0.000609618 0.000839761 0.00189952 -7.98915e-05 -0.0007255 -0.00198248 -0.00164055 -0.00700478 0.00113414 -0.000878277 0.00251273 0.000378597 -9.18538e-06 0.000524307 -0.000139887 -0.000427996 0.00317238 -0.00495889 0.000495 0.00230303 -4.51158e-05 -0.00103419 0.000728254 -0.00453961 -0.00125608 -0.00203111 -4.72452e-05 0.0020588 -0.000325858 0.00496239 0.000412014 1.80464e-05 -0.00262565 -0.000450133 -0.000378587 -0.00214481 4.36855e-05 -0.000242384 1.5161e-05 -0.000270077 -0.00149061 0.000375169 0.0045265 3.42004e-05 0.00269421 -8.37134e-05 0.00193571 -3.23662e-06 0.000294481 -0.000552458 0.00153085 0.00266124 -0.000228886 -0.0031843 0.00099522 -3.77324e-06 0.00114273 -0.000166286 -0.0015027 -0.00111142 -0.00256845 0.000958449 
0.000271407 0.000976145 0.00010967 -0.00795026 0.00803835 -0.014676 0.000244547 0.00706104 0.0026713 -0.0128996 0.00108362 0.00106455 0.0399787 0.00294819 -0.0105021 0.000242763 -0.000840621 0.0116021 -0.0020157 0.00484613 0.00627824 0.00889274 -0.0102305 0.00619603 -0.0215261 0.00292566 0.0106901 0.0215049 -0.000599227 0.0101137 0.0107551 -0.00194261 -0.00547527 -0.00392999 -0.0047227 0.00263241 -0.000201954 0.0031978 0.00131076 -0.00214793 -0.0113644 -0.000747544 0.000458705 0.000356056 -0.00677886 0.00538958 -0.00223701 -0.00189784 -0.000502936 -0.000121372 0.000105682 0.00158743 -0.000236311 -0.000726892 0.00768421 -0.00149112 -0.000232021 0.00598031 -3.45398e-05 -0.0009714 0.00209503 0.00886469 0.00195302 0.000732927 -0.000187708 0.000963481 -0.00130759 -0.00246728 0.000151223 -0.00160592 -0.0103028 -0.000959771 -0.00156812 -0.0109607 -7.25824e-05 0.00205808 0.0001056 -0.00126709 -0.00272366 6.12472e-05 -0.00413991 -9.80589e-05 -0.00174219 -0.00242546 -0.00332333 0.00708389 0.00120302 -0.000193256 -0.000145142 -0.000261002 -0.000226868 0.00391138 -0.00771286 -0.0104475 -0.000828615 -0.000185256 0.00355587 -0.0172096 -0.0030709 -0.00750146 
0.000247604 0.00215789 0.000143308 -0.00339505 0.00105225 -0.00637303 0.00254212 0.000336232 -0.000922444 -0.00566872 -0.00324271 0.00115231 0.00294819 0.0213182 -0.0038252 -0.00120222 0.000789467 0.00415371 -0.000826718 0.000681495 0.00173389 0.00411168 -0.00343141 -0.000945391 -0.00890261 0.00196612 0.000133117 0.00980933 0.00363902 0.00037578 0.00548242 0.000570985 0.000697636 -0.00251442 -0.00199777 0.0052889 0.000791868 0.00137932 0.0028885 -0.00114212 -0.00411151 -0.000336023 -0.000383345 -0.000402911 -0.0042642 0.00492754 -0.000196253 -0.000631745 0.00121274 0.000386121 2.56047e-05 0.00175793 -0.000317795 -0.000578758 0.00137331 -0.00256763 0.000160503 8.64659e-05 0.000271283 0.000647581 0.000170579 0.00126716 0.000432748 -0.000456151 7.6364e-05 0.000150111 -0.000649086 -0.00013021 -0.00010671 -0.00127193 -0.00391474 -0.000388598 -0.000857125 -0.0069631 7.1785e-07 0.00096028 -2.42269e-06 -0.000412558 -0.00123652 4.78473e-05 -0.000829211 -0.000153781 0.00129853 -0.00108071 -0.00166773 0.00085071 0.000515457 0.00054486 -9.87705e-05 0.000193836 -0.000225319 0.00101712 -0.00238438 -0.00408821 -0.000273517 0.000138869 -0.000825791 -0.00829186 0.000964879 -0.00138202 
-0.00284246 -0.0431092 -0.00127056 0.102162 -0.00478946 0.124505 -0.0387646 -0.0523198 -0.0683699 0.108382 -0.0276273 0.00198008 -0.0105021 -0.0038252 0.235971 -0.00136362 0.011907 -0.075415 -0.0152694 -0.0676516 -0.0271228 -0.136373 0.110376 -0.0592949 0.0682305 -0.0476365 -0.133092 -0.0533384 -0.0311355 -0.0211524 -0.0889524 -0.0112951 0.0495906 0.00816991 0.0490885 -0.0417148 -0.0191871 -0.00427261 -0.0177491 0.0145921 0.118526 0.00359 -0.0153047 -0.0164926 0.0176566 -0.107849 -0.0334282 -0.0118141 -0.0174115 -0.000248789 -0.000197228 -0.0321988 -0.00913936 -0.00860248 -0.0440872 -0.0573074 -0.00112276 -0.00702662 -0.00175526 -0.0032292 0.00635303 -0.0351302 -0.0235532 0.0129629 -0.000160892 -0.00589546 0.00584746 0.0335126 -0.00189664 -0.0291741 0.11098 0.00659352 -0.00517164 0.123566 -0.000546296 -0.000220563 -2.92583e-05 0.0116163 -0.0232244 -0.00118182 0.0455533 0.000339901 0.0245834 -0.00568305 0.0262717 -0.0154066 -0.00275567 -0.00742921 -0.0039144 0.00704655 -0.00520781 -0.0559973 0.077401 -0.00360368 0.00127538 -0.00150683 -0.0265764 0.132281 -0.0143207 0.0903266 
0.000406547 0.00590732 -9.36543e-06 0.014791 0.00438542 -0.000926229 -0.0102627 -0.0179295 -0.00718722 0.0170599 0.00612044 0.000974486 0.000242763 -0.00120222 -0.00136362 0.100436 -0.00158594 -0.0166391 0.00670135 0.00728044 0.0137337 0.000784609 -0.00424426 -0.0103848 0.010043 -0.00921621 0.00480687 0.00082521 -0.0114929 0.00117909 -0.0191415 -0.00231913 -0.00821248 0.00466966 -0.0043389 -0.0120126 -0.00384893 -0.000503007 -0.00484619 -0.0021379 -0.0107276 0.000549224 0.000382152 -0.0106356 -0.00248946 -0.0235364 -0.00802105 0.00293774 -0.00452425 -0.000552852 0.000104269 0.000804563 0.000397444 3.55645e-05 -0.00481811 0.0225715 0.000212618 0.000180287 -0.000204404 0.00321392 -0.0037186 -0.0241228 -0.00356734 -0.00426396 -0.00142161 0.00565746 0.00349076 0.00819394 0.000652037 -0.0017387 -0.00808052 -0.000286864 -5.48264e-05 -0.00639382 -0.000359232 0.00102132 -2.74332e-05 0.0019157 0.0174172 0.00105183 -0.00496241 0.000577341 -0.000586575 -0.00181947 0.00328582 -0.00594207 0.000310905 -0.00185657 0.000890097 0.000259246 -0.000710931 0.013349 -0.0133582 0.00201644 -0.000153854 0.000829782 -0.0283988 0.0287451 0.00387324 0.00186413 
-0.00012996 -0.00365211 5.83797e-07 0.0096193 -0.00042913 0.0101787 -0.00103736 -0.00255955 -0.0132455 0.00901046 -0.00623784 -0.000185684 -0.000840621 0.000789467 0.011907 -0.00158594 0.023476 -0.00791563 0.000589003 -0.00275301 -0.00140487 -0.0111851 0.0138213 -0.0110231 0.00120539 -0.00362946 -0.0141924 -0.0062673 -0.00387873 -0.00157896 -0.0063334 -0.000973171 0.00849646 -0.00432793 0.0043642 -0.00259868 -0.000952581 -0.000111094 -0.000967731 0.000173922 0.0116392 -0.000226884 0.000431993 -0.00199262 -9.91535e-05 -0.00895196 -0.000986788 -0.000791847 -0.00114067 0.000383833 5.84058e-05 -0.00245354 -0.000628088 -0.000808095 -0.00378141 -0.00595881 9.32749e-05 -0.000532937 -0.000184838 -0.00069688 -0.000501996 -0.00734259 -0.00165398 0.00374639 -0.000330337 -0.000333489 0.000359648 0.0050047 -5.07662e-05 -0.000780065 0.0141685 0.000220862 -0.000741605 0.00617772 -5.46678e-05 0.000399183 -2.10411e-05 0.00203198 -0.00169251 1.41969e-05 0.00460014 9.6671e-05 0.00304492 -0.00111385 0.00168926 -0.0022741 -8.98399e-05 -0.000480686 -0.000324411 -0.000265425 -0.000175905 -0.00537528 0.00567403 -0.00468538 0.000692683 0.000161529 -0.00618031 0.00703338 -0.00279422 0.0151396 
0.00438335 0.0194982 -0.000302242 -0.0824318 -0.000703238 -0.110926 -0.00840116 0.0463191 0.0319601 -0.0983324 0.0169291 -0.00378491 0.0116021 0.00415371 -0.075415 -0.0166391 -0.00791563 0.230519 0.0100919 0.023004 0.0305486 0.0475402 -0.0942336 0.0975979 -0.106103 0.0274373 0.105333 0.0415196 -0.0299959 0.0306384 0.0533844 -0.0115434 -0.0430618 0.0702195 -0.035402 0.00905083 -0.0071528 0.00189793 0.0234891 -0.0169507 -0.0934599 -0.00172507 0.00875135 0.038494 -0.046004 0.0756491 0.00898748 0.0164775 -0.0117452 -0.000285522 0.000225989 -0.0103144 0.00181267 -0.00243629 0.0127283 0.0493753 0.00160313 0.00437329 0.0022099 0.0150537 -0.0058165 0.0681269 0.0232785 -0.00506924 -0.00104478 0.0096229 0.00628299 -0.0231691 0.00183587 0.012601 -0.0878273 -0.00473298 0.0184961 -0.0721734 0.000301445 -0.000410198 -0.000217568 -0.0105185 0.0183606 0.0011092 -0.0303077 -0.000364779 -0.0156288 -0.00597886 -0.0325451 0.0278547 0.00268225 0.0139802 0.00650222 0.00282729 0.00574985 0.0425713 -0.0656071 -0.0153573 -0.00492589 -0.000388938 -0.000910097 -0.101904 0.0242309 -0.059111 
0.000712985 0.00879979 0.00032578 -0.0105332 -0.00121444 -0.0127733 -0.00104817 0.00263954 -0.00873483 -0.0136419 0.00469919 -0.000115674 -0.0020157 -0.000826718 -0.0152694 0.00670135 0.000589003 0.0100919 0.0539798 0.0117985 0.000772352 0.0038841 -0.00900001 0.00758037 -0.00543911 -0.00419039 0.00528068 -0.00698503 -0.00517505 0.00307239 -0.0036841 0.00168314 -0.00581408 0.00289037 -0.00591282 -0.00348898 0.00126188 0.000191737 -0.0023086 0.002685 -0.008602 0.000527835 0.00369636 -0.00251564 0.000942282 0.000809887 0.00100969 0.00725944 -0.00114981 0.000420471 0.000112836 0.0088798 0.00293558 0.00391677 -0.00735778 0.0175805 0.000781292 -0.000396879 0.000600024 0.0051254 -0.00290478 -0.00923277 0.00293363 -0.00138228 0.00140906 0.00166666 0.000703674 -0.00308733 0.00136151 0.0117509 -0.00780043 0.000362649 0.00565601 -0.0203931 1.30177e-05 -0.00035394 -3.97834e-05 -0.000600201 0.00869944 0.000287075 -0.00313919 0.00118251 -0.00200014 -0.00224654 -0.00427119 -0.00173876 0.000316457 0.000528562 -0.00077873 8.82505e-05 0.00177153 0.00386049 -0.00734785 -0.0046621 0.000811603 0.000687106 -0.0157765 -0.00617374 0.00761469 -0.00381991 
0.00101846 0.0135319 -7.4607e-05 -0.0446263 -0.000604267 -0.0635285 0.0114934 0.0103628 0.030077 -0.0530675 0.00616528 -0.00132237 0.00484613 0.000681495 -0.0676516 0.00728044 -0.00275301 0.023004 0.0117985 0.156392 0.0229851 0.0534807 -0.0428881 -0.0208289 -0.0312678 0.00613312 0.0514223 0.0265263 0.0269376 0.00938927 0.0588832 0.00482076 -0.0191025 -0.0219129 -0.0208585 0.0331564 0.0195084 0.0042903 -0.00198021 -0.00394481 -0.0504235 -0.00310701 0.0185616 -0.00104999 -0.0172151 0.0319649 0.011171 -0.00555902 0.0161847 0.00292003 -4.75017e-05 0.0337322 0.00487065 0.00489822 0.00694883 0.0373792 0.000521282 -0.000894183 0.000704084 0.0110298 -0.0110877 -0.0226284 0.0036728 -0.0150424 -0.000453173 0.00523994 -0.00528123 -0.0138345 0.00159019 0.0200981 -0.0457236 0.00117851 0.00107541 -0.0628795 -0.000153604 0.00194337 -6.23819e-05 -0.00616746 0.00698573 0.00152129 -0.0197953 -0.000275113 -0.00918637 -0.00639838 -0.00849274 0.0107395 0.0021797 -0.00131193 0.00117369 -2.7398e-05 0.0023197 0.0385681 -0.0330721 -0.0298009 0.000360317 0.00196808 -0.0102758 -0.0645615 0.00183862 -0.0363047 
0.00134755 0.0172696 0.000209226 -0.0148765 0.00192044 -0.037428 -0.00357218 -0.00313427 0.00780878 -0.0253084 -0.00697139 0.0026037 0.00627824 0.00173389 -0.0271228 0.0137337 -0.00140487 0.0305486 0.000772352 0.0229851 0.093231 0.0279897 -0.0255468 -0.000289257 -0.0418944 0.000463932 0.0263013 0.0159748 -0.00186033 0.0150257 0.000284317 -0.00466056 -0.0134762 0.0123322 -0.0107086 -0.0014294 -0.00166701 0.000475105 0.00927883 -0.00662584 -0.0289785 -0.0016709 0.00889194 0.00183652 -0.0157867 0.0158902 -0.00144214 -0.000248347 -0.00312991 -0.000738158 0.000305116 -0.00498201 -4.36677e-05 -0.00381832 0.0211959 0.0332002 0.000793392 0.00465207 0.00127434 0.00277889 3.24308e-05 0.00187761 0.000246994 -0.00456352 -0.000690275 0.00984001 -0.00130211 -0.00657721 0.00324997 0.00406396 -0.0243154 -0.00216591 -0.000222956 -0.0307218 -9.93479e-05 0.00102786 -3.76309e-05 -0.00305459 0.0154804 0.00157316 -0.00992908 0.000338515 -0.00434404 -0.00312761 -0.00889026 -0.0003121 0.00280803 0.000285021 0.00397374 0.00195257 0.00101764 0.0319238 -0.0188051 -0.0152903 -0.00173526 0.000427429 -0.014685 -0.0323901 0.00740178 -0.0148325 
0.00176881 0.0375345 -6.67595e-05 -0.0988588 0.00111655 -0.110585 0.0179065 0.029373 0.072729 -0.0968075 0.0226276 -0.0044699 0.00889274 0.00411168 -0.136373 0.000784609 -0.0111851 0.0475402 0.0038841 0.0534807 0.0279897 0.24999 -0.120033 0.060326 -0.0392928 0.0122969 0.150631 0.0535187 0.0345513 0.0191676 0.0629515 0.0121189 -0.0602702 0.0330045 -0.056828 0.0324634 0.0180903 0.00286086 0.00427523 -0.0303382 -0.118254 -0.00110104 0.00904317 0.0067549 -0.0194591 0.120338 0.0140745 0.0139881 0.0132477 -0.00201544 -1.08195e-05 0.00967846 0.00488898 0.00673746 0.0217906 0.0758751 -0.00171109 -0.00126659 -0.000629797 0.00517038 -0.0150448 0.0229011 0.00100061 -0.00941044 -0.00326572 0.00111366 -0.00383187 -0.037951 0.00156096 0.0150201 -0.111951 -0.00664603 -0.000427115 -0.0962333 -8.89438e-05 0.00113713 -0.000161162 -0.0160306 0.026143 -0.000300615 -0.0457383 0.000171419 -0.0222139 0.00197788 -0.0273939 0.00145504 0.00116122 0.00431445 -0.000338646 -0.00876553 0.00186642 0.0836214 -0.0813655 0.031044 -0.00985271 0.00176843 0.00844461 -0.0929626 0.00889906 -0.0916441 
-0.0018929 -0.0403535 7.50375e-05 0.116945 -0.00219803 0.122735 -0.0224841 -0.0348917 -0.109237 0.123578 -0.0748953 0.00173721 -0.0102305 -0.00343141 0.110376 -0.00424426 0.0138213 -0.0942336 -0.00900001 -0.0428881 -0.0255468 -0.120033 0.20281 -0.120327 0.0743817 -0.0359218 -0.144773 -0.0725997 -0.029513 -0.0177301 -0.0716208 -0.0090287 0.0688451 -0.0485211 0.0680311 -0.0303333 -0.0121861 -0.00275471 -0.0145666 0.0268604 0.145464 -0.00390027 -0.00909661 -0.0188363 0.0471428 -0.107627 -0.0201527 -0.0139213 -0.0145176 -0.00050866 -0.000160548 -0.015906 -0.00319264 -0.0100786 -0.0433842 -0.066043 0.000313012 -0.00658222 -0.00183738 -0.0122828 -0.00905564 -0.0515814 -0.0147167 0.00785651 5.10779e-05 -0.00448866 -0.00491725 0.0443041 -0.00145875 -0.0164223 0.141105 0.00423408 -0.0121707 0.102892 -0.00112827 -0.00179273 -0.000194513 0.021204 -0.0189401 -0.000550595 0.0554602 0.000130584 0.0301265 -0.000201787 0.0362041 -0.0237144 -0.00267807 -0.00834038 -0.00480813 -0.00453186 -0.00375171 -0.0692916 0.10402 -0.0283999 0.00623078 -0.000562707 -0.0210856 0.117116 -0.0334988 0.0976954 
0.00148411 0.0457324 -0.00115594 -0.0935937 -0.00139021 -0.0947356 -0.00231463 0.0271249 0.0622208 -0.111108 0.060681 -0.00847978 0.00619603 -0.000945391 -0.0592949 -0.0103848 -0.0110231 0.0975979 0.00758037 -0.0208289 -0.000289257 0.060326 -0.120327 0.249974 -0.0467983 0.01208 0.114268 0.0610687 -0.0200527 0.0111194 0.0182446 -0.0179652 -0.0435287 0.0666811 -0.0514859 0.000954524 0.00243502 -0.00212887 0.0136527 -0.013204 -0.108187 0.00307592 -0.0067628 0.0215285 -0.0191548 0.101023 0.00922997 0.0209969 -0.0163132 -0.00364629 0.000178276 0.00733365 -0.000542938 0.00484744 0.0114207 0.0670768 -0.00143057 0.0043224 0.000625218 -0.00293513 0.0141516 0.071344 0.00187469 0.00531188 0.00279776 -0.00502367 0.0113691 -0.0333622 -0.000368597 0.0089388 -0.100952 -0.00192638 0.0148427 -0.0675705 0.000546872 -0.000125029 -0.000139281 -0.0139402 0.00637142 -0.00145792 -0.0432896 -4.67832e-05 -0.0209756 -0.00434979 -0.0369749 0.0135052 0.000623845 0.00974323 0.000133114 0.00440694 -0.00207781 0.0652507 -0.088968 0.0116753 -0.00996285 -0.000900531 0.00605054 -0.0727861 0.0477134 -0.0725255 
-0.00243912 -0.0382725 -0.000796169 0.0652412 -0.0078762 0.103636 -0.0108415 -0.0542968 -0.0368953 0.084769 -0.0359873 -0.000737472 -0.0215261 -0.00890261 0.0682305 0.010043 0.00120539 -0.106103 -0.00543911 -0.0312678 -0.0418944 -0.0392928 0.0743817 -0.0467983 0.232132 -0.0489333 -0.0854785 -0.0726968 -0.00963779 -0.0330482 -0.0723019 0.0108887 0.0220211 0.00893291 0.0350897 -0.0142781 -0.000442928 -0.00258229 -0.0272558 0.010749 0.0766641 0.00384079 -0.0128604 -0.0246915 0.0565918 -0.0646079 -0.0105102 -0.00525531 0.00439986 -0.000994175 -0.000617375 -0.00814842 -0.00148797 0.00730365 -0.0549698 -0.020452 -0.00232064 -0.0175825 0.000713461 -0.0152853 -0.0224149 -0.0444247 -0.0363279 -0.00692104 -0.00256432 -0.0124181 0.00112045 0.0226397 -0.00310877 -0.00364411 0.0620028 0.00544796 -0.0049709 0.0748575 -0.00165741 -0.00332818 -2.55203e-05 0.00788803 -0.000556919 -0.00098557 0.0281578 -0.000212084 0.00548341 0.0109517 0.0302125 -0.0302478 -0.00567152 -0.00902439 -0.00826594 -0.00607417 -0.00394812 -0.0267842 0.0550836 0.0543807 -0.000195258 -7.27351e-05 -0.0460852 0.124738 -0.0276601 0.0435984 
-0.000616457 -0.00554934 0.000671055 -0.0374922 0.00536133 -0.046736 0.0330428 0.0356089 0.0302118 -0.0237997 0.0231846 0.0011133 0.00292566 0.00196612 -0.0476365 -0.00921621 -0.00362946 0.0274373 -0.00419039 0.00613312 0.000463932 0.0122969 -0.0359218 0.01208 -0.0489333 0.132346 0.0408527 0.0197727 0.00923226 -0.00445953 0.0704794 0.00278543 -0.0143608 -0.0224934 -0.018318 0.0102996 0.00138159 -0.000820577 0.00870359 -0.00329575 -0.040442 -0.00203326 0.00247165 0.023415 -0.0248294 0.00156974 0.0262393 -0.00818969 0.0083278 0.00248318 -0.000134438 0.00398356 -0.00260435 0.00286602 0.0397698 -0.0306372 0.000875314 0.0126977 -0.000926097 0.0078274 0.0146098 0.0222881 0.0318315 0.00188626 0.000650546 0.000348512 -0.00239488 -0.0095571 -0.000872294 7.6501e-05 -0.0363726 -0.00169386 -0.00146866 -0.0356146 0.0010539 -0.00134089 9.82333e-06 -0.00454081 -0.00410232 -0.000463588 -0.0149922 -0.00154619 -0.00757387 -0.00240599 -0.0113193 0.00682169 -0.000176798 0.000135938 0.000893598 0.00158244 0.00415947 -0.025955 -0.0246425 -0.0135771 0.00115053 -0.00051959 0.033758 -0.0655841 -0.00987368 -0.0282794 
0.00260719 0.0475956 0.000337759 -0.122256 0.00295809 -0.135077 0.0200518 0.0359477 0.0971757 -0.120385 0.0529945 -0.00820904 0.0106901 0.000133117 -0.133092 0.00480687 -0.0141924 0.105333 0.00528068 0.0514223 0.0263013 0.150631 -0.144773 0.114268 -0.0854785 0.0408527 0.236922 0.0838916 0.0135847 0.0234703 0.0691489 0.00284612 -0.0759037 0.0436923 -0.0620373 0.0186273 0.00577013 0.00259704 0.0173661 -0.0305279 -0.147188 -0.000605995 0.00466395 0.0204834 -0.0406758 0.134411 0.0158759 0.014109 -0.00299032 -0.00302211 7.38759e-06 0.00466879 0.00613985 -0.00283528 0.0401453 0.0865069 -0.000923929 0.00643016 -0.00100884 0.010439 0.00193195 0.0649641 0.0195335 -0.00612163 -0.00251132 0.00347606 -0.000700459 -0.0412127 0.00103468 0.00800216 -0.138908 -0.0116929 0.010263 -0.107735 0.000606105 0.000692552 -0.000123264 -0.0198284 0.0238856 -0.000891758 -0.0518877 0.00014886 -0.0279545 -0.00247743 -0.040771 0.0160456 0.000974671 0.0071079 0.00485828 -0.00537633 0.00454005 0.0756345 -0.105309 0.00152312 -0.0105915 0.000619381 0.0196585 -0.11261 0.036 -0.114799 
-0.000947483 0.0477 -0.000711249 -0.0599962 0.0124084 -0.0874944 0.00966023 0.0143699 0.0436423 -0.0713779 0.0385771 -0.000555232 0.0215049 0.00980933 -0.0533384 0.00082521 -0.0062673 0.0415196 -0.00698503 0.0265263 0.0159748 0.0535187 -0.0725997 0.0610687 -0.0726968 0.0197727 0.0838916 0.198601 0.0223211 0.0172166 0.0560114 -0.0068938 -0.0303128 -0.00742537 -0.0326752 0.0188927 0.00576941 0.00410806 0.00658692 -0.0139162 -0.0764839 -0.00425868 -0.00631458 -0.000725097 -0.0525936 0.0701461 -0.0107024 -0.00685781 0.00429045 0.000560104 -0.000100938 0.0174506 0.00041546 -0.00313173 0.03318 0.0456967 -0.00193807 0.0175581 0.000984163 -0.00600011 0.0118399 0.053782 0.00891531 -0.00576128 0.000877832 0.00145031 -0.00411852 -0.0197311 -0.000167725 -0.0149617 -0.0693017 -0.00559657 -0.00018281 -0.0820169 0.00045243 0.00255305 0.000185696 -0.00880779 -0.00459488 -0.000661034 -0.026469 0.000494055 -0.0122524 -0.0125729 -0.0206453 0.0163777 0.00233356 0.00221733 -0.000553507 0.00181269 -0.000937306 0.0516685 -0.0475995 -0.0454287 -0.00537293 -0.000686301 0.00671142 -0.0823613 0.0359392 -0.0540886 
-0.000880913 0.0130846 0.0001783 -0.0264281 0.000500178 -0.0281717 -0.00509013 -0.0169529 0.029839 -0.0276465 0.00577641 0.00156141 -0.000599227 0.00363902 -0.0311355 -0.0114929 -0.00387873 -0.0299959 -0.00517505 0.0269376 -0.00186033 0.0345513 -0.029513 -0.0200527 -0.00963779 0.00923226 0.0135847 0.0223211 0.144981 0.000120505 0.0364769 0.0139354 0.00462394 -0.0297394 -0.0161091 0.0425192 0.0245267 0.00208787 -0.00329081 0.00079936 -0.0262116 -0.00164472 -0.000542993 -0.00350026 -0.00551654 0.0218671 -0.00495141 -0.0085554 0.0381556 0.00324334 -0.000128163 0.0346726 0.00114646 0.00929948 -0.00497491 -0.00621182 -0.00085852 0.000472273 0.000679922 0.00360543 -0.00548114 0.0027482 -0.00177838 -0.00633984 0.0018233 -0.000393803 -0.00238654 -0.0134259 0.000586041 -0.00875739 -0.0213929 -0.00219247 -0.00581238 -0.0339349 -7.97655e-05 0.00163692 0.000545032 -0.0052812 -0.00645265 -4.68632e-05 -0.0120503 -0.00108532 -0.00653799 -0.000156904 -0.00289733 -0.00521817 -0.000701163 -0.00268161 -0.00206224 0.00703032 -0.00034117 0.0207432 -0.0152601 -0.0021316 -0.00377539 0.000232939 0.0188705 -0.0471917 0.00924722 -0.0312886 
0.00069716 0.0163073 0.000346855 -0.0159977 0.0030298 -0.0250067 -0.00474118 -0.00199654 -0.00682075 -0.0250421 -0.00898485 -0.000256225 0.0101137 0.00037578 -0.0211524 0.00117909 -0.00157896 0.0306384 0.00307239 0.00938927 0.0150257 0.0191676 -0.0177301 0.0111194 -0.0330482 -0.00445953 0.0234703 0.0172166 0.000120505 0.065561 -0.000734521 -0.00322189 -0.0121506 0.00114428 -0.0075045 -0.0015722 0.000527737 0.000718101 0.00124729 -0.00447276 -0.0181199 -0.00135762 0.00539106 -0.00174513 -0.008148 0.0166021 -0.0029262 0.00576471 -0.000664156 -0.00040795 0.000327395 0.0022806 0.00249592 -0.00248998 -0.00726188 0.0302266 -3.16644e-07 0.00194777 -0.000353189 -0.0031272 -0.00416755 0.0215229 -0.00171539 -0.00302512 -0.000508066 0.00687049 0.000635271 -0.00541314 0.00317033 0.00399727 -0.0178441 -0.00175867 0.00162475 -0.0227209 -0.000126452 0.000979237 3.35013e-05 -0.0022169 0.00240939 0.000545304 -0.00633819 0.000420407 -0.00301215 -0.0042106 -0.00640746 0.00469642 0.000441254 0.000935014 -0.000601466 -0.000695394 -0.000556782 0.0358156 -0.0126664 -0.0116679 -0.0013518 0.000250792 -0.00318879 -0.0229998 0.010221 -0.013807 
-0.000266669 -0.00940657 -0.000360952 -0.067317 0.00633049 -0.0927705 0.0365391 0.0679122 0.0630462 -0.0654523 0.0262456 0.00109133 0.0107551 0.00548242 -0.0889524 -0.0191415 -0.0063334 0.0533844 -0.0036841 0.0588832 0.000284317 0.0629515 -0.0716208 0.0182446 -0.0723019 0.0704794 0.0691489 0.0560114 0.0364769 -0.000734521 0.206301 0.00129732 -0.0203368 -0.0194323 -0.0331915 0.0628771 0.0163297 0.00389794 0.000989587 -0.011379 -0.0773887 -0.00397723 0.00994419 0.034546 -0.0508688 0.0339302 0.027663 -0.0120139 0.02375 0.00394171 -0.000250793 0.0262837 0.00248692 0.00833395 0.0475715 -0.0153078 0.000441234 0.00859238 -0.000291135 0.0169568 -0.00280459 -0.000944703 0.0232732 -0.00392703 -0.00186368 -0.000187223 -0.00838456 -0.0202086 -3.91545e-06 0.00953558 -0.0717599 -0.000410387 -0.0076381 -0.0871868 -8.67222e-05 -0.000958981 8.87398e-05 -0.00904529 -0.00257885 0.000169368 -0.0299493 0.000235217 -0.0143628 -0.0108141 -0.0139634 0.0213731 0.00206751 0.00275724 0.000808934 0.00448749 0.00199935 0.00243955 -0.0484109 -0.0219023 0.000250477 6.31305e-05 0.0353853 -0.112106 -0.020278 -0.0517787 
-0.000414518 -0.00356206 0.000434048 -0.0106537 -0.0010917 0.00784918 0.00414751 -0.00333881 0.0124903 0.000569777 -0.00180554 0.000755133 -0.00194261 0.000570985 -0.0112951 -0.00231913 -0.000973171 -0.0115434 0.00168314 0.00482076 -0.00466056 0.0121189 -0.0090287 -0.0179652 0.0108887 0.00278543 0.00284612 -0.0068938 0.0139354 -0.00322189 0.00129732 0.0520473 -0.00694198 -0.010513 -0.0043493 0.00316143 0.00327478 0.000263111 -0.00209405 -0.00245239 0.00543751 -4.93478e-05 -0.00104949 -0.00146114 0.00346201 -0.00136318 -0.00275078 -0.00292789 0.0133812 0.00246606 -6.25051e-05 0.00108145 0.00179794 0.00296983 -0.0063414 -0.008049 0.000222959 -0.00175765 0.000415767 -0.00050291 -0.00188607 -0.00956858 0.00345413 -0.000273911 -0.000336258 -0.00121268 -0.00141159 -0.00247055 -0.000321642 -0.000473078 -0.0116573 -0.00117726 -0.00133217 0.000270991 0.000393733 -0.000608694 -8.5432e-06 -0.00166205 0.000845996 -0.000127709 -0.00156986 -0.00040538 -0.00170731 0.00976378 0.00306112 -0.0021132 -0.000501268 -0.0012649 -0.00046176 -0.000518343 0.00011627 -0.011243 0.00142062 0.0158291 -0.000492177 -0.000135298 0.0117249 -0.00235016 -0.0045887 -0.00879935 
-0.0014521 -0.0195973 -0.000229089 0.0341136 -0.00152597 0.0599596 -0.0119569 -0.0210698 -0.0377536 0.0494552 -0.0321357 -0.00269714 -0.00547527 0.000697636 0.0495906 -0.00821248 0.00849646 -0.0430618 -0.00581408 -0.0191025 -0.0134762 -0.0602702 0.0688451 -0.0435287 0.0220211 -0.0143608 -0.0759037 -0.0303128 0.00462394 -0.0121506 -0.0203368 -0.00694198 0.147373 -0.0324196 0.0224459 -0.00537524 -0.00128162 -0.00144295 -0.00705414 0.0174665 0.0559063 6.70651e-05 -0.00359108 -0.00148547 0.015885 -0.050567 -0.0117811 -0.00829432 -0.0012435 -0.000918591 -4.44082e-05 0.0104533 -0.000244892 -0.00480819 -0.0192901 -0.0365964 -0.000331927 -0.00396863 -0.000868631 -0.00739281 -0.00689486 -0.0368308 -0.00876457 0.00521365 0.000198963 -0.00332275 -0.00578664 -0.00786703 -0.00075918 -0.00681998 0.0813452 -0.000187371 -0.00703753 0.0556532 -0.000652083 -0.000483785 0.000190676 0.00631571 -0.0113364 -0.000339341 -0.0054497 -0.000567244 0.00502487 -0.00494491 0.0166519 -0.00882785 -0.000501646 -0.00216027 -0.00328818 -0.00064381 -0.0023619 -0.0381921 0.0426801 -0.0222423 -0.0013988 0.000104535 0.0196533 0.0353551 -0.0161334 0.0543729 
0.00433557 -0.00710252 -0.00123502 -0.0163039 -0.00522164 -0.0425614 -0.0132748 -0.00809967 -0.0110153 -0.0461941 -0.0110574 -0.00406619 -0.00392999 -0.00251442 0.00816991 0.00466966 -0.00432793 0.0702195 0.00289037 -0.0219129 0.0123322 0.0330045 -0.0485211 0.0666811 0.00893291 -0.0224934 0.0436923 -0.00742537 -0.0297394 0.00114428 -0.0194323 -0.010513 -0.0324196 0.212848 -0.00378271 -0.00673537 -0.00799608 -0.00241409 0.0024802 -0.0146879 -0.0419454 0.00653096 -0.00433927 0.00529534 0.00211105 0.0450644 -0.00335566 0.0249805 -0.0147077 -0.00149832 1.47202e-05 -0.0310642 -0.00528605 -0.0038157 -0.00561867 0.0312791 -0.000438314 -0.00773884 0.000900331 0.0102302 0.000669326 0.024862 -0.021214 -0.00791658 -0.0015556 -0.000574072 0.0115369 -0.00487595 -0.00109236 0.00226146 -0.0481272 -0.000742723 0.00633752 -0.0111037 1.185e-05 -0.000326738 -0.000280029 -0.00417544 0.0246717 0.000608412 -0.00585042 -0.000224021 -0.00733777 -0.00316646 -0.0205246 0.00196714 -0.000288217 0.00330781 0.000874621 0.00275994 -0.000582318 0.0497606 -0.0301573 0.0409921 -0.00738983 0.000219158 -0.0670945 0.0127034 0.0112269 -0.0231927 
-0.000232408 -0.0186478 -0.000128126 0.0627318 -0.00280934 0.0567105 -0.0125597 -0.0177474 -0.061666 0.0537081 -0.0362829 -0.00100394 -0.0047227 -0.00199777 0.0490885 -0.0043389 0.0043642 -0.035402 -0.00591282 -0.0208585 -0.0107086 -0.056828 0.0680311 -0.0514859 0.0350897 -0.018318 -0.0620373 -0.0326752 -0.0161091 -0.0075045 -0.0331915 -0.0043493 0.0224459 -0.00378271 0.107567 -0.0154691 -0.00598004 -0.00148394 -0.00581983 0.000608499 0.0537663 -0.00155423 -0.00545883 -0.00832251 0.0169176 -0.047268 -0.0112927 -0.0055127 -0.00573073 0.000367513 -8.488e-05 -0.0128041 -0.00319727 -0.00495643 -0.0195409 -0.0294232 -0.000170564 -0.00342787 -0.000756892 -0.00594486 -0.00774909 -0.0230776 -0.00945203 -0.00311471 -0.0015914 0.000970478 -0.00177072 0.0201191 -0.000691255 -0.00844309 0.054588 0.00292352 -0.00345882 0.0464788 -0.000502131 -0.000366437 -8.13072e-05 0.0136318 -0.00569359 0.000370409 0.033498 -0.000629115 0.00893887 -0.0044292 0.0141328 -0.0109918 -0.000877597 -0.00324408 -0.00174633 -0.00269862 -0.00180525 -0.0265707 0.051842 0.00180591 -0.000864704 0.000119871 -0.0326436 0.0549912 -0.0145737 0.0467596 
