0.00600239 -4.85727e-05 0.00179925 5.64016e-05 0.00127173 -0.00132928 0.000973257 -0.00173243 -0.000676725 -0.000813754 5.93194e-05 0.000800893 0.00151728 -0.0029372 -0.00157886 -0.00271641 -0.00267885 0.00201072 -0.00179773 -0.00079107 -0.00437463 0.00236632 -0.000329878 -0.000294921 -0.000328082 0.00160685 0.000626919 -0.000208391 -0.0022813 -0.00150022 0.00142804 0.000310508 0.000270106 0.000570158 4.47499e-06 0.000493443 -0.000667539 -0.000344088 -0.000323238 -0.000203546 0.00145246 7.50811e-07 -4.73731e-07 -2.43248e-06 -2.28145e-05 0.00166202 -0.0005664 4.94123e-05 -0.00156558 -0.000817818 -0.000860646 -0.000199674 6.25087e-05 -0.000204418 0.00157284 0.000125733 0.000385573 -0.00086274 0.0021418 -0.000141054 0.000235716 -0.00012561 0.000314928 0.00018857 -0.00051496 0.000463515 7.19617e-05 4.26534e-05 -2.72271e-05 -0.00018182 0.000177592 0.00103198 -7.40412e-05 0.000229015 0.000202422 -0.00272367 -0.000442506 0.000469562 0.000622672 0.000119364 3.80111e-05 -0.000271869 0.000399715 -0.00119455 0.00104378 -0.00107247 -0.000267881 -7.17812e-05 0.00160659 0.000453332 0.00123317 0.0029662 0.000288051 -2.94088e-06 -2.89496e-05 8.51879e-05 -0.00168447 0.000288742 -0.000189573 -0.00011881 
-4.85727e-05 0.0993323 0.0105467 -3.01482e-05 0.00020779 -0.0248064 -0.00169356 -0.0229305 -0.0145204 -0.00778394 -0.000517078 -0.000383173 -0.0112215 -0.0393155 0.0208289 -0.0222681 0.00471234 -0.00053334 0.0295875 -0.0130454 -0.0157567 0.009192 0.0232175 0.0223194 -0.0123192 -0.0111542 0.0024056 0.00335224 0.0103189 -0.0124863 0.00332935 0.00253442 -0.000276538 0.000668001 0.0011328 -0.00850838 0.00248337 -0.00914963 -0.013084 -0.00126308 0.00176132 7.00222e-05 -0.000265327 -0.000352424 -0.00477255 -0.000679701 0.0105447 0.0149365 0.0125834 -0.00494272 -0.0160234 0.00930184 -0.000640451 0.00781942 0.000958191 -0.00127522 0.0011569 -0.0153162 -0.0018861 -0.00342253 0.000453869 0.000561537 -4.52708e-05 -0.00307762 0.00805585 -0.000303857 0.00137931 -0.000160392 0.000939307 -0.00186429 -0.000882171 -0.000894816 -0.0160111 0.00376535 -0.00686567 -0.0127197 -0.00499268 0.00094648 0.0100845 0.0203101 -6.16197e-05 -0.00175254 -0.000342072 0.0113292 -0.00113031 -0.0197954 -0.00574079 0.0012541 -0.0022485 0.00202554 -0.0126251 -0.000583037 0.00227899 -0.000668053 0.0347028 -0.000376251 -0.0175234 -0.00310482 0.00450214 -0.00144862 
0.00179925 0.0105467 0.0878831 -0.00151676 0.00255728 -0.0151278 -0.000112612 -0.014058 0.00545578 -0.00805457 8.16299e-05 -7.19187e-05 1.30922e-05 -0.0293311 0.0161111 -0.0310101 -0.0236339 0.00391711 -0.0062596 -0.0129694 -0.0360041 0.0328021 -0.0116251 0.00855023 -0.00471634 0.0236318 0.016744 -0.000788551 -0.0104154 0.0134121 -0.000783222 -0.000179317 -7.39682e-05 0.00350469 0.000262603 0.0141211 -0.00855912 -0.0058337 -0.0115717 0.00452389 0.00283188 -0.000126683 0.000136351 5.1224e-05 0.000833468 0.00518781 0.00095123 -0.0181441 -0.00130495 -0.00318979 -0.00704565 -0.00490881 -0.000464952 -0.00244607 -0.00168458 0.000136062 -0.000988409 -0.00925445 0.0202504 -0.00173996 0.00172033 -0.00219489 0.000299051 -3.74506e-05 0.0064692 0.000742772 -0.000892148 0.000707866 -0.000337752 -0.00442762 0.000308483 0.00397762 0.0102821 0.00223633 -0.00565747 -0.010909 -0.00384773 0.000442541 0.00504886 0.01489 0.00446044 -0.000915535 0.00139221 0.00678402 -0.00550746 -0.005981 -0.00218181 0.000332387 0.0101936 -0.00190747 -0.00336831 -0.00111425 0.000407054 -0.000314639 0.00830036 -1.56326e-06 -0.014625 -0.00291136 -0.0031132 -0.00105094 
5.64016e-05 -3.01482e-05 -0.00151676 0.0307473 -0.000360022 0.00562925 -0.000556828 -0.00481272 -0.00440518 0.00479427 0.00026148 0.000524372 0.00647346 0.00339842 -0.00266387 -0.00307138 0.00329926 0.000543331 -0.0060067 0.00241205 0.00217841 -0.00152447 -0.00204479 -0.0011187 0.003356 -0.00667908 -0.00223505 0.000268842 -0.00316426 -0.00316451 0.00068808 0.00320174 -5.16713e-05 -0.000727362 -0.000288632 -0.00183994 -0.00314847 -0.00333366 -5.55632e-05 -0.00100451 -0.000359182 4.32208e-05 0.00019927 3.02031e-05 -0.00157265 -0.00063945 -0.00246238 -0.00326493 -0.00108479 -0.0022527 -0.00147823 -0.00103434 0.000674679 -0.000449695 -0.00116974 -0.000402143 -0.0002186 0.00086755 -0.00277674 0.000759484 -0.000366954 0.000160105 -0.000105376 0.00164269 -0.00513238 0.000477614 -0.000474362 -0.00158603 0.000134938 -0.000606749 0.000190319 0.000265896 -0.00137784 -0.000296325 -0.000697502 0.00640505 0.00103461 -0.000385741 0.00283904 5.02205e-05 -0.000623424 -0.000429874 -0.000296516 0.00202462 0.000462441 0.00219002 0.001552 0.000605797 -0.00123386 0.00268343 -0.00308096 -0.000243597 0.000329923 1.72224e-06 -0.00270858 -5.8715e-05 -0.000422686 0.000138158 -6.31675e-06 -0.000492067 
0.00127173 0.00020779 0.00255728 -0.000360022 0.0170199 -0.00384507 0.000212189 -0.00219866 -0.00148422 0.000978704 -7.39784e-05 0.000667061 0.000424626 -0.0071243 -0.0020718 -0.00505015 -0.00128908 0.00278083 0.00124543 0.00060331 -0.00403647 0.00268788 0.0019198 0.0010259 -0.00296202 -0.000115411 0.00175451 0.000504955 -0.00362929 -0.00384488 0.00206647 0.00179744 0.00126823 0.00209511 0.000388729 -0.00477973 -0.00127392 0.000228912 -0.00134678 0.00119159 0.000939486 0.000131089 0.000184289 4.23862e-05 0.000229243 0.00151974 0.000269722 0.00256307 -0.0016843 -0.000239708 -0.00321488 0.00146902 0.000166968 0.000795289 0.00153924 0.000299458 0.000919547 -0.00100431 0.00199562 -0.000140688 0.000117613 0.00262539 6.31817e-05 0.000810608 -0.000679094 0.000476926 0.000151301 0.000736236 7.49139e-05 0.000938769 0.000845625 0.00205371 -0.00154635 0.000411333 -0.000975401 -0.00682847 0.000269158 0.00227997 0.000909686 -0.000868486 0.000280752 1.48514e-05 0.000423259 -0.00198528 -0.000982491 -0.00653015 0.00089242 -4.58248e-05 0.000698525 0.000163656 0.00153853 0.000847259 0.000220799 -9.73397e-05 -0.000594803 0.000593572 -0.00377078 0.000710684 -0.000265204 -0.000171907 
-0.00132928 -0.0248064 -0.0151278 0.00562925 -0.00384507 0.211865 0.000532515 -0.0241996 0.0116091 0.0220935 0.00242044 -0.00184629 0.0242433 0.0545101 -0.0412765 0.0527394 0.015365 -0.00567123 -0.0306344 0.035209 0.0400936 -0.025376 0.000696816 -0.0229855 0.00991826 0.00808445 -0.0243927 -0.0049943 -0.0149697 0.0230436 -0.019642 0.00449259 -0.00126687 -0.00248517 -0.00342598 -0.0140379 -0.0295388 -0.0120133 -0.0154419 -0.00578121 -0.00713431 -0.000550554 -0.00147949 0.000733219 -0.0111145 -0.00363242 -0.0267238 -0.0153235 -0.00412465 -0.000687921 0.0449258 -0.0112792 -0.00100382 -0.010853 -0.00497425 -0.000377341 -0.00539194 0.00876648 -0.0193549 0.00257367 -0.00290545 -0.00058384 -0.00123248 -0.0121613 -0.0708474 -0.00118907 -0.00438867 -0.008959 -0.00141378 0.000562444 -0.00125372 -0.00771771 0.00568263 -0.00372233 0.00127917 0.0729723 0.0274832 -0.00606149 -0.00636252 -0.0233597 -0.00592233 -0.00448877 -0.00308398 -0.0645411 0.0199073 0.0304602 -0.0151651 -0.003731 -0.00619901 -0.00376051 -0.0119677 0.000408344 -0.00123803 0.00217219 -0.0168985 -0.00169565 0.0283469 -0.00512518 -0.00263585 -0.00111537 
0.000973257 -0.00169356 -0.000112612 -0.000556828 0.000212189 0.000532515 0.0403393 -0.0109335 0.00278573 0.000624949 7.48769e-06 0.00226419 0.000292123 -0.0108447 -0.00475849 -9.4779e-05 0.0031477 0.00240793 -0.0055734 0.00134303 -0.0146494 0.00222655 0.00321262 -0.00134917 -0.000105186 0.00570735 -0.00118331 0.00396819 -0.00248815 -0.00924532 0.00471489 -0.00146465 0.00122566 0.00374988 -0.000503347 -0.000277544 -0.00463037 -0.00192104 -0.00265349 0.00146004 0.00181935 -7.61896e-05 -0.000410361 0.000726443 0.00109231 0.00471622 -0.00243564 0.00529683 -0.00574218 -0.00174727 -0.0075176 -0.000363803 -0.000783285 0.00220731 0.0028772 -0.000264531 0.000386191 -0.00319884 0.00692854 -0.000420652 -0.000332863 0.00259915 0.000288291 -0.00121391 0.00102704 -9.81373e-05 0.000653746 0.000897404 -0.000143883 -0.00081789 0.00114866 -0.00056941 -0.00174951 -7.99495e-05 -0.000949883 -0.011974 0.00121493 -0.000249609 0.00210306 0.00539344 -1.72781e-07 -0.00149003 0.000227581 -0.00791731 0.0024658 -0.00582219 -0.00240024 0.0028602 0.00360317 -0.000225787 0.00596449 0.00326613 -8.43056e-05 0.000372119 -0.000305556 -9.12599e-05 -0.00688683 -0.000391725 0.000716873 -0.000254541 
-0.00173243 -0.0229305 -0.014058 -0.00481272 -0.00219866 -0.0241996 -0.0109335 0.234247 0.00626711 0.00736961 -0.00268323 -0.00214765 -0.0476606 0.0213031 0.028061 0.0136546 0.0279589 -0.00562883 0.00932652 0.00877931 0.0317534 0.00216229 -0.00713543 -0.0204005 -0.0583359 -0.0224729 -0.0236095 -0.0108783 0.0393666 0.0316397 0.00460164 0.0038287 0.00141842 -0.00642848 0.00123458 -0.0501184 0.00198885 0.00211192 -0.0114379 -0.00166328 -0.00821245 0.00045196 -0.000956186 -0.00179423 0.0081439 -0.000865717 0.0114125 0.00235618 -0.037796 0.0479109 0.0338527 0.0130069 -0.00616222 -0.0105099 -0.00257495 0.000701866 0.000925058 -0.0170093 -0.0231068 0.000846377 -0.00553931 0.000101963 -0.00149995 0.0111317 -0.0227505 -0.000739818 0.000516349 -0.0206579 0.000521119 -0.00778203 0.00164552 -0.00406921 0.0246772 0.000951662 -0.020995 0.0186736 0.012174 -4.46763e-05 -0.0152344 -0.0147202 -0.00820127 -0.0142712 0.00130832 0.00506103 -0.00935897 -0.00763066 0.0110211 -0.00381658 -0.0137362 0.0105036 -0.0231652 -0.0103478 -0.00225311 -0.000108455 -0.0202626 -0.000111238 -0.00314275 -0.00768331 0.00243231 0.00117567 
-0.000676725 -0.0145204 0.00545578 -0.00440518 -0.00148422 0.0116091 0.00278573 0.00626711 0.157701 -0.0191333 -0.000482635 -0.000536379 0.000290841 0.0304409 0.0266498 0.0274759 -0.0394478 -0.00183505 -0.038928 -0.00557285 -0.0158752 -0.0106795 -0.0286147 -0.0149617 -0.0181057 -0.0181726 -0.00310715 -0.00488807 -0.0397397 0.0522036 0.00353313 -0.00719775 -0.000121972 -0.00413052 -0.0025091 0.000505408 0.000873889 0.0260842 0.00628236 0.00145513 -0.000569851 -0.000319812 -0.000832687 0.000442269 -0.0065045 -0.000371287 -0.0133975 -0.0399073 -0.0314295 0.00674772 0.0345931 -0.00985915 -0.00579374 -0.00699902 -0.00599502 0.00378925 -0.00477569 -0.000451082 0.000586284 0.0121483 -0.00224495 -0.0014615 -0.000253146 -0.00629751 -0.025097 -0.00152731 0.00114902 0.00331385 -0.000997519 -0.00485291 0.00459983 0.00227037 0.0350156 -0.00408225 -0.0106594 0.030184 0.00463886 -0.00394224 -0.00495285 -0.0106385 -0.000419759 0.0125514 0.000950056 -0.0140745 -0.0106808 0.0323087 -0.008689 -0.000769462 0.00613903 -0.00625825 -0.00601422 -0.00510467 0.000322081 -0.000311081 -0.025357 -0.0014121 0.0309525 -0.0014715 -0.00669231 0.00427821 
-0.000813754 -0.00778394 -0.00805457 0.00479427 0.000978704 0.0220935 0.000624949 0.00736961 -0.0191333 0.154139 0.00153036 0.000692228 -0.00114468 0.0102557 -0.0524808 0.0350151 0.0598482 -0.00021158 -0.0340374 0.0616809 0.00385193 -0.0129352 0.00161102 -0.0163272 -0.0100652 -0.0255024 -0.0165923 0.00692609 0.0592296 -0.00232409 -0.00374013 -0.003584 0.00140481 0.00179989 -0.00216956 -0.04939 -0.00879576 -0.0238104 -0.0216281 -0.00171561 -0.00367087 0.000264071 -0.00115119 0.000436157 -0.00563041 -0.00314407 0.00833773 0.00190033 -0.0372782 0.0360576 0.0485673 0.0101157 0.00936953 0.00271157 -0.00525897 -0.00121901 -0.00104391 -0.0228567 -0.0169254 -0.00653836 -0.00227137 0.0109409 -0.000486681 0.00308566 -0.0582859 -0.00156475 -0.00129329 -0.00405048 -0.000755869 -0.00255118 0.00324951 -0.00288935 -0.0129568 0.00512719 -0.0134852 0.0239308 0.0231982 -0.00325352 0.0027651 -0.0169175 -0.00499664 0.00307181 -0.000505866 -0.0527697 0.0208104 -0.00581405 0.0131224 -0.003375 -0.00456857 0.019744 -0.0041373 0.00313201 0.00047466 -0.00107257 -0.0157389 0.000809284 -0.0499065 0.00674722 -0.00221598 0.00100439 
5.93194e-05 -0.000517078 8.16299e-05 0.00026148 -7.39784e-05 0.00242044 7.48769e-06 -0.00268323 -0.000482635 0.00153036 0.0109276 -8.62803e-05 -0.000168284 0.00103057 -0.000765566 -0.00190614 0.000145871 0.00019094 -0.00177687 0.00167316 -0.000426793 -0.000574414 -0.00214573 -0.000840985 -0.0011127 -0.00095894 -0.00046962 -0.000379953 0.00212518 0.00148622 -0.000230131 0.000140891 -9.70585e-05 -0.00016988 3.05957e-05 -0.000641704 -0.000186965 -0.000755905 -0.0006066 -0.000545906 0.000243545 8.30007e-06 -6.83838e-05 0.000510405 -0.000496694 -0.000262542 -0.00023484 -0.00116018 -0.00169316 0.000137415 0.00136199 -0.000591642 -0.000140369 0.00032679 5.1885e-05 -0.00017853 0.000290551 0.000377787 -0.000789466 -6.49454e-05 5.50414e-05 -0.000244279 3.81567e-05 -0.000170734 -0.00269341 0.000256039 -1.24285e-05 -0.000193343 -4.74613e-05 0.000220078 7.98372e-05 0.000588921 0.000547514 0.000508402 -0.00028609 0.0022074 0.000308734 2.69005e-05 0.00121399 0.000580981 -8.44222e-05 -0.00012408 -0.000112232 -0.00172669 -0.00030715 0.00213939 -0.000349381 -0.000236276 -0.000410114 6.3057e-05 -0.000859532 0.000241797 0.000192813 7.49834e-05 -0.00143197 -1.5576e-05 -0.00146263 -3.9135e-05 0.000157334 0.000169284 
0.000800893 -0.000383173 -7.19187e-05 0.000524372 0.000667061 -0.00184629 0.00226419 -0.00214765 -0.000536379 0.000692228 -8.62803e-05 0.0136907 0.00150615 -0.00350828 -0.00217283 -0.00228754 -1.48771e-06 0.00226862 -0.00251081 0.00119027 -0.00366065 0.000516016 -0.00125009 -0.000860253 -0.00132967 -0.00101294 -0.000228449 -0.000108602 -0.000147599 -0.00167832 0.00126551 0.000164162 6.4782e-05 0.000762939 -0.000124384 -0.00341534 -0.000246165 -3.65164e-05 -0.000420313 -0.000509626 0.00169909 1.20149e-05 0.000256288 2.18574e-05 -0.000299526 7.02936e-05 0.00130886 -0.000245736 -0.0017485 -0.000822406 2.93455e-05 0.000796021 5.42487e-05 0.000637219 0.00017184 -4.54702e-05 -6.72535e-05 -0.0013242 0.0015359 -0.000337789 -0.000130563 -0.000193923 0.000121234 0.000876784 -0.000339149 5.79484e-05 -6.35448e-05 0.00170765 3.46607e-05 4.67625e-05 -6.40626e-06 0.000851191 -0.00130764 0.000713395 -0.000216211 -0.00335742 -0.000599101 3.93448e-05 0.000667147 -0.000695179 2.32037e-05 5.50447e-05 5.95284e-05 -0.00290399 0.000541081 -0.0029244 0.00092961 0.000262141 0.00110461 0.00153566 0.000897458 0.00309398 0.000183477 -6.95793e-05 0.00178762 0.000187231 -0.00176361 0.000371602 0.000308269 0.000615686 
0.00151728 -0.0112215 1.30922e-05 0.00647346 0.000424626 0.0242433 0.000292123 -0.0476606 0.000290841 -0.00114468 -0.000168284 0.00150615 0.194159 0.0401829 0.00872197 0.00320293 -0.0335011 0.00086834 -0.0565386 -0.00930029 -0.0268179 -0.00595484 -0.045489 -0.0109713 0.021952 0.0448449 0.00717594 -0.00577649 -0.0325028 0.0250644 0.00548879 -0.0135853 -0.00165898 -0.00297149 -0.00433941 0.0412379 -0.0105634 -0.0196384 -0.0164254 -0.0117433 0.00278635 -0.000479005 0.00547065 -0.00151502 -0.011587 -0.000375747 -0.0243113 -0.0348527 -0.031731 -0.0270143 0.00768732 -0.0102545 0.00224791 -0.00490133 -1.35087e-05 -0.00279523 -0.00402435 -0.0235553 -0.000490331 -0.00408148 -0.00140377 -0.00588921 0.000851788 -0.0069 0.00174254 -0.000220492 -0.00166434 -0.00750117 -0.000638456 -0.00762737 -0.00288628 -0.00147302 0.0303511 -0.00489033 0.00559635 0.0261474 -0.0118635 -0.00635628 -0.00561799 0.00678766 -0.00254349 0.00824059 0.000558449 -0.0142994 0.00366414 0.0527462 -0.0047392 -0.000494737 0.00115475 -0.00771071 0.0388766 0.00822076 0.000470536 0.000285208 0.00440451 -0.000621461 0.0157383 0.00608061 -0.00775299 -0.0047205 
-0.0029372 -0.0393155 -0.0293311 0.00339842 -0.0071243 0.0545101 -0.0108447 0.0213031 0.0304409 0.0102557 0.00103057 -0.00350828 0.0401829 0.238208 0.00578123 0.0653457 -0.0364765 -0.0100856 -0.0861154 0.00931986 0.0262701 -0.0432729 -0.0799892 -0.0354436 0.00119275 0.00249001 -0.0302583 -0.0153483 -0.0158768 0.084923 -0.0109525 -0.0243283 -0.00249293 -0.00997264 -0.00780251 0.0515042 -0.0116196 0.0115963 0.0368039 -0.0267768 -0.00637776 -0.00101381 -0.00140451 -0.00149117 -0.0262259 -0.00796178 -0.0446307 -0.0924598 -0.0238275 -0.0027254 0.0776754 -0.0253643 -0.000800446 -0.0277296 0.000582418 -0.000105732 -0.00999616 0.00533716 -0.0281831 -0.000769349 -0.00317383 -0.00763686 -0.00141821 -0.0141279 -0.0328302 -0.00294585 -0.00285072 -0.0201193 -0.00215392 -0.00931479 -0.00084276 -0.0124456 0.031447 -0.0112172 0.00122668 0.118027 0.0152366 -0.0107992 -0.0274946 -0.0302119 -0.00913981 -0.00517632 -0.000502836 -0.00504161 0.00696044 0.118348 -0.0107457 -0.00976093 -0.00297727 -0.0152973 0.00651386 -0.00434505 -8.80004e-05 -0.000172587 -0.0559451 -0.0026885 0.0896033 0.00131258 -0.0151379 0.000714604 
-0.00157886 0.0208289 0.0161111 -0.00266387 -0.0020718 -0.0412765 -0.00475849 0.028061 0.0266498 -0.0524808 -0.000765566 -0.00217283 0.00872197 0.00578123 0.232086 -0.0605008 -0.0329159 -0.00375201 0.00741976 -0.0575548 -0.0231583 0.0182315 -0.025542 0.00978088 -0.0681405 0.0227566 0.000487878 -0.00602441 -0.0174679 0.0468494 0.00769593 -0.00284571 -0.00085267 -0.00289978 0.00328228 0.00549563 0.028825 -0.0126638 -0.0187366 -0.00586414 0.00215 -0.000399118 0.00178318 -0.0017094 0.00677329 0.000293725 -0.00411592 -0.0178678 -0.00233249 -0.00425532 0.0092651 0.00274443 -0.00962801 0.00552665 -0.00587323 -0.00055761 -0.0015549 -0.0299697 0.00843938 -0.00162551 -0.00297422 -0.0068931 -0.00088861 0.000157717 0.0293069 -0.000478975 0.00249918 -0.0225259 0.00151493 -0.0117025 -0.00260449 -0.00400103 0.0309036 -0.00527193 -0.0365437 0.0320306 -0.0103932 -0.00192652 -0.00727756 0.0317819 -0.0031967 -0.00587683 0.000715233 0.0640508 -0.0182476 0.00738624 -0.00297176 -0.00248934 -0.014487 -0.0133157 -0.0198541 -0.0103521 0.00118297 -0.00255249 0.0195851 3.07654e-05 0.00462991 -0.00903025 -0.00701751 -0.00236667 
-0.00271641 -0.0222681 -0.0310101 -0.00307138 -0.00505015 0.0527394 -9.4779e-05 0.0136546 0.0274759 0.0350151 -0.00190614 -0.00228754 0.00320293 0.0653457 -0.0605008 0.227531 0.0165785 -0.00795439 -0.0454412 0.030746 0.0502804 -0.0527992 -0.00784335 -0.0426422 0.0323894 -0.0310824 -0.0332153 -0.0140645 0.0142561 0.0125584 -0.0238553 -0.0105185 -0.000362255 -0.00810374 -0.00829186 -0.00189038 -0.0028264 0.00665241 0.0184721 -0.00352748 -0.0122032 -0.00014813 -0.00382446 -0.000541933 -0.0177584 -0.0076916 0.002784 -0.0244654 -0.0209007 0.0167582 0.0519989 -0.0198752 -0.00475272 -0.0138915 -0.00606662 0.000185774 0.00036548 -0.00225298 -0.035583 0.00144442 -0.00559544 0.00531751 -0.00154639 -0.0210194 -0.0662577 -0.00319283 -0.00719751 -0.00138265 -0.00219554 0.00202664 -0.00330135 -0.00508822 0.00815756 -0.00463886 0.0151837 0.0512949 0.0142828 -0.0121551 -0.0164534 -0.0415201 -0.00620745 0.0039404 -0.00206913 -0.0812624 0.0171159 0.0480473 -0.00146981 -0.00518232 -0.00198695 0.00352537 0.00647894 0.00184955 -0.0014929 0.00154991 -0.017076 -0.00239412 0.0347988 0.00378052 0.000745119 0.00543551 
-0.00267885 0.00471234 -0.0236339 0.00329926 -0.00128908 0.015365 0.0031477 0.0279589 -0.0394478 0.0598482 0.000145871 -1.48771e-06 -0.0335011 -0.0364765 -0.0329159 0.0165785 0.238255 -0.00274557 -0.0064723 0.0468053 0.0456647 -0.0114025 0.0484893 -0.0161263 -0.0112996 -0.0261093 -0.0179411 0.00686384 0.115953 -0.025291 -0.00982675 0.00693219 -0.00143156 0.00155451 -0.000374171 -0.122861 0.00520996 -0.0470518 -0.0623368 9.09468e-06 -0.00867095 0.000692887 0.00128669 0.00130458 0.0113176 -0.00644227 0.0335333 0.0433518 -0.041298 0.0607765 0.0383084 0.0107438 -0.00187734 0.0043368 -0.0096964 -0.00416627 -0.00313217 -0.0194401 -0.0136179 -0.0185168 -0.00720152 0.00641155 -0.000683953 0.00451753 0.00105441 -0.00338677 -0.00475535 -0.0137464 -0.0014117 -0.00342495 -1.0742e-06 -0.00660847 -0.00328058 0.00517631 -0.0105185 0.00248559 0.0162413 0.00363655 0.0102809 -0.0196297 -0.00639562 -0.00566979 -0.00268202 -0.0110939 0.00810172 -0.0618021 0.0183266 0.000178212 -0.0169461 0.0129196 -0.0246552 -0.00710077 -0.00207192 -0.000408903 0.00667214 0.00119951 -0.085877 0.00416877 0.00299792 0.000610927 
0.00201072 -0.00053334 0.00391711 0.000543331 0.00278083 -0.00567123 0.00240793 -0.00562883 -0.00183505 -0.00021158 0.00019094 0.00226862 0.00086834 -0.0100856 -0.00375201 -0.00795439 -0.00274557 0.0239023 -0.00301067 -0.00148815 -0.0125768 0.0020669 0.00153397 -0.000819397 -0.00152369 -0.000641901 0.00168395 -0.000232874 -0.00380435 -0.00810291 0.00236587 0.00416254 0.000873045 -0.000429457 0.00035633 -0.00168231 -0.00126211 -0.00144529 0.00120109 -0.000587193 0.00287705 0.000183482 0.000157623 0.000586953 -0.000366587 0.00131622 0.00231242 0.00147569 -0.00374745 -0.00109564 -0.00592732 0.00176513 -0.000586181 0.00205179 0.00282892 -0.000171291 0.00107992 -0.000578246 0.0020539 -0.000767068 0.000514496 -0.000290803 0.000399874 0.000270722 0.000983029 0.00195595 0.000563255 0.00501048 -2.38179e-06 0.000794503 0.00141943 0.00556632 -0.000426901 0.00238563 0.00114364 -0.0103946 -0.001545 0.00142335 0.00595336 0.0023698 0.00167871 0.0010694 0.00036077 -0.00465576 0.00112591 -0.00856237 0.00108408 0.000391028 0.00279726 0.0017028 0.00409541 0.00278214 0.000315061 -0.000137801 -0.000663545 0.000795817 -0.00521043 0.000780388 -0.000437324 3.58164e-05 
-0.00179773 0.0295875 -0.0062596 -0.0060067 0.00124543 -0.0306344 -0.0055734 0.00932652 -0.038928 -0.0340374 -0.00177687 -0.00251081 -0.0565386 -0.0861154 0.00741976 -0.0454412 -0.0064723 -0.00301067 0.232811 -0.0362154 0.0235344 0.0134522 0.0577611 0.0311326 -0.0450606 0.0119107 0.0204919 0.00326505 0.0004897 -0.0679386 -0.00909323 0.0207714 -0.00172526 0.00493358 0.00678224 -0.00331219 0.00593661 0.0053627 0.00192525 0.0145752 -0.00220733 0.000837296 -0.00101118 -0.00208468 0.0152315 9.01744e-05 0.0269563 0.056343 0.100416 -0.0159056 -0.0769136 0.0158216 0.00422755 0.00581405 0.00163176 0.000228136 0.00810295 -0.000276155 0.00013871 -0.000939666 0.000104611 -0.000497723 0.000247129 0.0120695 0.0334835 0.000330319 -0.00110728 -0.00916144 0.00282344 0.0011576 -0.00682411 -0.000100399 -0.0445885 -0.000512145 -0.00639097 -0.0609203 -0.0265188 0.0101666 0.00319921 0.0334173 -0.00745405 -0.0151641 -0.00394058 0.0273256 -0.00872478 -0.0784377 -0.0109441 -0.0021561 0.00935673 0.00230311 -0.0287252 -0.00720419 -0.00152825 -0.00226963 0.0445442 0.000407295 -0.0152601 -0.00732551 0.0169448 -0.00289216 
-0.00079107 -0.0130454 -0.0129694 0.00241205 0.00060331 0.035209 0.00134303 0.00877931 -0.00557285 0.0616809 0.00167316 0.00119027 -0.00930029 0.00931986 -0.0575548 0.030746 0.0468053 -0.00148815 -0.0362154 0.158288 0.00846865 -0.016284 0.00834558 -0.010691 0.0109098 -0.0419211 -0.0162181 0.0054496 0.0298202 -0.00494403 -0.00465039 0.00413978 0.000923993 0.00201695 -0.00133909 -0.0575263 -0.00805325 -0.0113743 -0.0227092 0.00331443 -0.00340785 0.000480775 -0.00142024 0.00127761 -0.00693564 -0.00386052 2.33352e-05 0.00451236 -0.0325294 0.0196442 0.0259701 0.00730789 0.0036176 0.008226 -0.00598236 0.000623755 -0.00128566 -0.00100179 -0.0118531 -0.00480277 -0.00303072 0.00645929 -0.000582259 0.0057255 -0.0544746 -0.000358583 -0.00247061 0.00854927 -0.000731903 0.0142062 0.00209774 -0.00145982 -0.0145274 0.00304663 0.00807251 0.00478602 0.0338691 -0.00383492 0.00185652 -0.0146946 -0.0011431 0.00457585 -0.000997477 -0.0571888 0.00303841 -0.0128511 0.0100043 -0.00231564 -0.0119796 0.0121742 -0.0104459 0.0018637 -9.40911e-05 -0.000193995 -0.00773912 0.00101942 -0.0311478 0.011284 -0.00223798 0.00447569 
-0.00437463 -0.0157567 -0.0360041 0.00217841 -0.00403647 0.0400936 -0.0146494 0.0317534 -0.0158752 0.00385193 -0.000426793 -0.00366065 -0.0268179 0.0262701 -0.0231583 0.0502804 0.0456647 -0.0125768 0.0235344 0.00846865 0.17569 -0.0433661 0.0226582 -0.00930456 0.0100514 -0.0510649 -0.00771971 -0.00348735 0.0154665 -0.00853 -0.0317224 -0.000911817 -0.00265207 -0.0145614 0.000122307 -0.0222327 -0.0101662 0.0106172 -0.00514037 -0.00414315 -0.0178676 -4.01803e-05 -0.00119252 3.82503e-05 -0.000572628 -0.0104466 0.00981562 0.0199976 0.0183016 0.0179644 0.00918813 -0.00148699 -0.004911 -0.0032335 -0.00342204 -0.00194269 -0.00201977 0.0283301 -0.0331661 0.00232367 0.000181055 -0.000872202 -0.00145607 -0.00185325 -0.0219116 -0.00269961 -0.0066822 -0.00584504 0.000799928 0.00551266 -0.00907344 -0.00863531 0.00452268 0.000972152 0.00870709 0.0423057 -0.00330933 -0.00436187 -0.00576812 -0.0252503 -0.00413881 -0.0100392 -0.00718989 -0.0233989 -0.00244572 0.00559188 0.00780849 -0.00271448 -0.0165281 0.000507667 -0.0256993 -0.00944446 -0.00439632 0.000749481 -0.0139301 -0.00120905 0.0214929 -0.00297695 0.002728 -6.88766e-05 
0.00236632 0.009192 0.0328021 -0.00152447 0.00268788 -0.025376 0.00222655 0.00216229 -0.0106795 -0.0129352 -0.000574414 0.000516016 -0.00595484 -0.0432729 0.0182315 -0.0527992 -0.0114025 0.0020669 0.0134522 -0.016284 -0.0433661 0.0866555 -0.00762541 0.0209693 -0.0194071 0.0204417 0.0141961 0.00276086 -0.0113518 0.00675248 0.0134654 -0.00357807 0.00116136 0.00501401 0.00165874 0.00512898 -0.00824918 -0.00231118 -0.00742117 0.00438305 0.00823175 -0.000153484 0.00154913 0.000150215 0.0132717 0.00916626 0.00212433 0.000715451 -0.0052694 0.000688911 -0.0214921 0.00526039 0.00123635 0.000265295 0.00101174 0.000109636 -0.00206067 -0.0111344 0.0261214 -7.45642e-05 -1.85842e-05 -0.00127535 0.000602672 0.00688499 0.0218212 0.000302573 0.00387856 -0.00667814 0.000303804 -0.00450999 0.00338613 6.27537e-06 -0.00439711 2.71952e-05 -0.0067392 -0.0321677 -0.00532112 0.00226368 9.77785e-05 0.0185263 0.0020099 -0.00469512 0.00314695 0.029385 -0.00379316 -0.0233421 0.000856073 -6.75598e-05 0.00724747 -0.00163228 -0.0023043 0.00161282 0.00110535 -0.000558487 0.00481713 0.00128923 -0.0194427 -0.00308379 -0.00160624 -0.0018342 
-0.000329878 0.0232175 -0.0116251 -0.00204479 0.0019198 0.000696816 0.00321262 -0.00713543 -0.0286147 0.00161102 -0.00214573 -0.00125009 -0.045489 -0.0799892 -0.025542 -0.00784335 0.0484893 0.00153397 0.0577611 0.00834558 0.0226582 -0.00762541 0.185954 0.021082 -0.0038115 0.00773472 -0.0021543 0.015897 0.0043036 -0.0781828 -0.00393711 0.0173245 0.00176687 0.00656759 0.0015828 -0.0140301 0.000438804 -0.0330117 -0.0201747 0.00883639 -0.000928544 0.000755756 -0.00264287 0.0010714 0.0217138 -0.00254104 0.0142614 0.0954177 0.0470499 0.00357897 -0.0354218 0.0138757 -0.00185116 0.0153116 0.00328209 -0.00161732 0.00177623 -0.0137747 0.00439789 -0.0079767 -0.00242241 0.00921808 -0.000287689 0.000142177 0.00946285 0.000407448 -0.00210853 -0.00840761 -0.000244743 0.00223019 -0.00298083 -0.00148555 -0.0240196 0.00538195 -0.000526463 -0.064176 0.00332749 0.00830077 0.0128474 -0.00598363 -0.000928782 -0.0111307 -0.00124935 -0.0147074 -0.00783317 -0.0974799 -0.0114834 -0.00272298 -0.00652425 0.0090475 -0.0208422 -0.00200763 -0.00152161 0.000940995 0.0398486 0.000112886 -0.0447515 0.000299745 0.0160281 -0.00350547 
-0.000294921 0.0223194 0.00855023 -0.0011187 0.0010259 -0.0229855 -0.00134917 -0.0204005 -0.0149617 -0.0163272 -0.000840985 -0.000860253 -0.0109713 -0.0354436 0.00978088 -0.0426422 -0.0161263 -0.000819397 0.0311326 -0.010691 -0.00930456 0.0209693 0.021082 0.0986564 -0.00833601 -0.00368338 0.0110247 0.0176271 -0.0315872 -0.0272363 0.00322556 -0.00192346 0.000781298 0.00177741 0.00092089 0.0122111 -0.00502068 0.00442196 0.00267481 0.00772185 0.00131692 -0.000196629 -0.000458472 -0.000171031 0.000740011 0.00127115 -0.000831568 0.013725 0.0375248 -0.0142795 -0.0331907 0.0133712 0.00202197 0.0138984 0.00281031 0.00055053 0.000777139 0.00384875 0.0109426 0.00366993 0.00299024 0.00223663 -0.000282273 0.00110506 0.0224243 -1.72783e-05 0.00375734 -0.00245066 0.00238432 0.00239547 -0.000985898 -0.000843579 -0.0187583 0.00228027 -0.00331422 -0.0387039 -0.00717706 -0.000309486 0.0048673 0.0112906 0.00198331 -0.00450559 -0.000289216 0.0206974 -0.00734862 -0.0334438 -0.00341689 0.000604142 -0.00309171 -0.00415564 -0.0063376 -0.00268887 -0.000124619 -0.000673605 0.0124396 0.000382453 -0.00138287 -0.00229065 0.002662 -0.00222807 
-0.000328082 -0.0123192 -0.00471634 0.003356 -0.00296202 0.00991826 -0.000105186 -0.0583359 -0.0181057 -0.0100652 -0.0011127 -0.00132967 0.021952 0.00119275 -0.0681405 0.0323894 -0.0112996 -0.00152369 -0.0450606 0.0109098 0.0100514 -0.0194071 -0.0038115 -0.00833601 0.227229 -0.0307848 0.00421242 -0.00168989 -0.026925 -0.0261282 0.00530101 0.00220824 -0.00197068 -0.00612805 -0.00603867 0.0376437 -0.0226822 0.0134092 0.00702666 -0.00684235 -0.00579828 -0.000507319 -0.00248575 0.000155643 -0.0107511 -0.00425408 -0.00689938 0.00504414 0.0156783 -0.0516094 -0.0459427 -0.00868564 0.00174654 -0.00285795 0.000671649 -0.00239816 -0.00480836 0.0283623 -0.00352172 0.00326163 0.0029696 -0.00393114 0.000592127 -0.00652089 0.0231682 -0.00134069 -0.00156491 0.0224777 -0.00195385 0.00725735 -0.00609774 0.00232867 -0.00497964 -0.0048663 0.046677 -0.00507292 -0.0163746 -0.00462536 -0.00631164 -0.0164193 0.00710095 0.0208156 -0.00250089 -0.00543314 0.0156588 0.00324008 0.0109009 0.00585549 -0.00545216 -0.0059318 0.0322951 0.00576791 -0.000835162 0.00146763 -0.0189636 -0.00154702 0.00660171 0.0110575 -0.000993733 0.000432636 
0.00160685 -0.0111542 0.0236318 -0.00667908 -0.000115411 0.00808445 0.00570735 -0.0224729 -0.0181726 -0.0255024 -0.00095894 -0.00101294 0.0448449 0.00249001 0.0227566 -0.0310824 -0.0261093 -0.000641901 0.0119107 -0.0419211 -0.0510649 0.0204417 0.00773472 -0.00368338 -0.0307848 0.248675 0.00842003 -0.0096057 -0.0109346 0.00772627 0.00343591 -0.00612884 -0.00276621 0.015273 -0.00447895 0.0660987 0.00662628 -0.0464443 0.00246839 0.000817349 0.00587736 -0.000522093 0.00192169 -0.00182352 0.0138683 0.00862792 -0.0312509 -0.0114699 0.0289911 -0.0410524 -0.0285515 -0.0241508 -0.00524673 -0.0105588 -0.00530469 -0.00172836 0.00242717 -0.0225845 0.0358643 -0.0102501 -0.00165575 -0.00901918 0.000286252 -0.0101912 0.0277801 -0.00170945 -0.00419201 -0.0183721 -0.000902125 -0.0153705 -0.0043936 -0.00364535 -0.00392061 -0.00739722 -0.0142919 -0.00197814 -0.00696211 0.00304046 -0.0190112 0.0193117 -0.00171634 -0.0116245 -0.00104321 0.0323292 -0.000961732 -0.000890724 -0.0236971 -0.00286892 0.0107689 -0.0102505 0.0233603 0.00102952 -0.000396888 -0.00163322 0.0293833 -0.00157326 -0.00818098 -0.00750403 -0.00406541 -0.00798887 
0.000626919 0.0024056 0.016744 -0.00223505 0.00175451 -0.0243927 -0.00118331 -0.0236095 -0.00310715 -0.0165923 -0.00046962 -0.000228449 0.00717594 -0.0302583 0.000487878 -0.0332153 -0.0179411 0.00168395 0.0204919 -0.0162181 -0.00771971 0.0141961 -0.0021543 0.0110247 0.00421242 0.00842003 0.109535 -0.000549506 -0.00443915 -0.000785326 -0.00370326 -0.00195773 -0.000664638 -0.000811212 -0.00158095 0.00852192 -0.00847001 0.00367959 -0.00673424 0.00699761 0.00300735 -4.04673e-05 0.00159554 4.19146e-05 0.00628836 0.000706672 0.0107545 -0.00452982 0.0105801 -0.00730632 -0.0378642 -0.0048929 -0.00125355 -0.00375222 0.00505079 -0.00117404 -0.00181044 0.00105837 0.0146651 0.00576518 0.0043274 -0.00123455 0.000924722 -0.0016488 0.0156762 -0.000493913 -0.00074175 0.00396917 0.000438049 -0.000116712 -0.00142967 -0.000494768 -0.00694988 0.00360228 0.00345504 -0.0224092 -0.0112287 -0.00123185 0.000317878 0.0243025 0.00336745 -0.00059819 -0.000396066 0.00824739 -0.0026026 -0.0134633 -0.00383923 0.00245363 -0.00163947 -0.00438852 0.00725385 -0.000258586 -0.000165438 -3.34404e-06 0.00463692 9.27721e-05 -0.00716026 -0.00198893 -0.00250077 -0.00190836 
-0.000208391 0.00335224 -0.000788551 0.000268842 0.000504955 -0.0049943 0.00396819 -0.0108783 -0.00488807 0.00692609 -0.000379953 -0.000108602 -0.00577649 -0.0153483 -0.00602441 -0.0140645 0.00686384 -0.000232874 0.00326505 0.0054496 -0.00348735 0.00276086 0.015897 0.0176271 -0.00168989 -0.0096057 -0.000549506 0.0464392 -0.00367325 -0.0185567 0.000761121 -0.0017482 0.000918114 0.00287578 0.00106849 -0.00959644 -0.00356727 -0.00207326 -0.0039008 0.0040636 -0.000184459 3.99592e-05 -0.000569751 0.000238647 0.000480113 0.000585444 0.00123788 0.0104295 0.00773611 0.00266764 -0.00336231 0.00690978 0.00610778 0.0117103 0.00195756 -9.36998e-05 0.000992671 0.000930135 0.00146585 -0.00131799 0.000449275 0.00556315 -6.2937e-05 0.000440541 0.00471616 -0.00013717 0.000860819 -0.000782608 0.000121487 -0.000545886 2.44543e-05 -4.5372e-05 -0.00775439 0.000345356 -0.00319434 -0.0198693 0.00297823 0.000643644 0.00854717 -0.00481391 -0.000750982 -0.00144397 3.95132e-05 0.00240946 -0.00301112 -0.0170296 -0.00237559 -0.000516551 -0.00152109 0.000903548 -0.00520619 -0.00145225 0.000682316 0.000196917 -0.00650931 0.000102862 -0.00161141 0.00195014 -0.000341607 -0.000829605 
-0.0022813 0.0103189 -0.0104154 -0.00316426 -0.00362929 -0.0149697 -0.00248815 0.0393666 -0.0397397 0.0592296 0.00212518 -0.000147599 -0.0325028 -0.0158768 -0.0174679 0.0142561 0.115953 -0.00380435 0.0004897 0.0298202 0.0154665 -0.0113518 0.0043036 -0.0315872 -0.026925 -0.0109346 -0.00443915 -0.00367325 0.248683 0.0150711 -0.0113162 -0.0016402 -0.00226474 -0.00190576 0.00158592 -0.0841361 0.0294361 -0.0503214 -0.0503085 -0.0117781 -0.00311332 0.000653798 -0.000503755 -3.40508e-05 -0.00523334 -0.00488093 0.0501251 0.0125773 -0.0419169 0.0613168 0.0469433 0.00192473 -0.00132023 -0.0117482 -0.00572963 -0.00577047 0.000389713 -0.0321724 -0.0264449 -0.0115142 -0.00372694 -0.00080733 -4.95301e-05 0.00114892 -0.0111067 -0.00308718 -0.00666828 -0.0133631 -0.00155116 -0.0159184 0.000692506 -0.0022255 -0.00309158 0.00546683 -0.0142687 0.0186748 0.0203312 0.00175043 0.00664541 0.0110526 -0.0107593 -0.00418401 -0.00147903 -0.0319736 0.00306163 -0.0248705 0.0150777 -0.00041809 -0.0125054 0.0182204 -0.0267277 -0.00660327 0.000125982 -0.0012447 0.00292423 4.769e-05 -0.0819314 0.00276466 0.00536568 0.00462557 
-0.00150022 -0.0124863 0.0134121 -0.00316451 -0.00384488 0.0230436 -0.00924532 0.0316397 0.0522036 -0.00232409 0.00148622 -0.00167832 0.0250644 0.084923 0.0468494 0.0125584 -0.025291 -0.00810291 -0.0679386 -0.00494403 -0.00853 0.00675248 -0.0781828 -0.0272363 -0.0261282 0.00772627 -0.000785326 -0.0185567 0.0150711 0.244099 -0.00728095 -0.0299139 -0.00219818 -0.00586369 -0.00646604 -0.00660961 -0.0133739 0.0105503 -0.0173766 -0.0147819 0.000394424 -0.000968671 -4.79942e-05 -0.0014211 -0.0156073 -0.00796821 -0.0145624 -0.0776432 -0.0706494 0.0203457 0.0646266 -0.0216976 -0.0170023 -0.0233802 -0.00441548 -0.00221443 -0.0108059 -0.012623 0.00402404 0.00354816 -0.00411006 -0.00803061 -0.00098744 -0.00421478 -0.0185118 -0.00345322 -0.00363285 -0.00928795 -0.00169538 -0.0146819 -0.000510863 -0.00943072 0.0440143 -0.0079365 -0.0183503 0.103283 -0.000169328 -0.0126511 -0.0268615 0.00344637 -0.00682327 0.00200942 -0.00117989 0.012418 -0.00848194 0.090923 -0.00358021 -0.00868899 -0.0274432 -0.0148126 -0.000448034 -0.00789374 -0.000728554 -0.000640778 -0.0169798 -0.000433898 0.0225757 -0.000760824 -0.0190211 0.000256858 
0.00142804 0.00332935 -0.000783222 0.00068808 0.00206647 -0.019642 0.00471489 0.00460164 0.00353313 -0.00374013 -0.000230131 0.00126551 0.00548879 -0.0109525 0.00769593 -0.0238553 -0.00982675 0.00236587 -0.00909323 -0.00465039 -0.0317224 0.0134654 -0.00393711 0.00322556 0.00530101 0.00343591 -0.00370326 0.000761121 -0.0113162 -0.00728095 0.0783279 0.000494333 0.00215303 0.00263548 -0.000699439 0.00390265 -0.00729058 0.00115337 0.00504542 -0.00309843 0.00120224 -7.77484e-05 0.000234227 -0.000247178 0.00127733 0.00260683 -0.00647053 0.00171921 -0.0124027 -0.00694784 -0.0101037 0.0116328 0.00068854 0.00207682 -0.0018281 0.000881599 -0.00080444 -0.00521188 0.00397695 -0.000743965 -0.000375704 -0.000744839 2.84382e-05 0.00747495 0.00474613 0.000263026 0.00910028 -0.0027102 -0.000189698 -0.00125295 0.00589345 -0.000282327 0.00233308 0.000719937 -0.00703386 -0.0135414 0.00139005 0.000981532 0.000525863 0.00205047 -0.000559728 0.000629731 0.00219207 0.0130005 0.00165233 -0.00578696 0.00374331 0.0020354 0.00155414 0.000882561 -0.00441078 0.00111761 0.000880533 0.000214689 -0.00589342 0.00037752 -0.00621571 -0.00151816 0.000845478 -0.000832747 
0.000310508 0.00253442 -0.000179317 0.00320174 0.00179744 0.00449259 -0.00146465 0.0038287 -0.00719775 -0.003584 0.000140891 0.000164162 -0.0135853 -0.0243283 -0.00284571 -0.0105185 0.00693219 0.00416254 0.0207714 0.00413978 -0.000911817 -0.00357807 0.0173245 -0.00192346 0.00220824 -0.00612884 -0.00195773 -0.0017482 -0.0016402 -0.0299139 0.000494333 0.0787458 0.000310704 0.00694421 -0.00123642 -0.0233747 0.00124283 -0.00412653 -0.0119565 0.00658581 -0.000233716 0.000578601 -0.00120438 0.000334459 -0.000545082 -0.00158658 0.00253539 0.00939122 0.00802218 -0.00561298 -0.0186433 0.00606072 -0.000659313 -0.00140433 -0.00153902 -0.000794102 0.00717936 0.00816044 -0.00570668 -0.00144618 0.00059923 -0.000201439 -0.000105492 0.0094119 -0.00961789 0.00087198 0.0007085 0.00513014 0.00038988 0.00279635 0.000320483 0.0115354 -0.00118398 0.000575795 -0.00342089 -0.0109655 -0.00578222 0.000509237 0.00613776 -0.00263518 -0.0013224 -0.000848265 -0.000909519 -0.00554924 -0.000570743 -0.0170957 0.00100603 9.16209e-05 -0.00243903 0.00525393 -0.00454993 -0.00166526 -0.000269042 -0.000205423 0.0157891 0.00119965 -0.0176374 -0.00142712 0.00878989 0.000265134 
0.000270106 -0.000276538 -7.39682e-05 -5.16713e-05 0.00126823 -0.00126687 0.00122566 0.00141842 -0.000121972 0.00140481 -9.70585e-05 6.4782e-05 -0.00165898 -0.00249293 -0.00085267 -0.000362255 -0.00143156 0.000873045 -0.00172526 0.000923993 -0.00265207 0.00116136 0.00176687 0.000781298 -0.00197068 -0.00276621 -0.000664638 0.000918114 -0.00226474 -0.00219818 0.00215303 0.000310704 0.00978191 -8.73905e-05 -0.000112859 -0.00213239 -0.000294418 0.000670694 -0.000632513 0.00131007 0.000454767 -1.03026e-05 -0.000154496 7.18581e-06 -0.000143566 0.000379329 -0.000511921 0.00207898 -0.00224999 -3.92567e-05 0.000243054 0.00316191 -0.000103998 0.0011897 2.86671e-05 0.000148304 -9.46915e-05 -0.00117896 -0.000524365 -7.73485e-05 4.21933e-05 0.00224606 8.63982e-05 0.000218597 -0.00365097 0.000234769 0.000357501 -0.000638069 3.66983e-05 0.000500591 0.00200408 0.000442343 0.000608084 0.000955018 -0.000999332 -0.0025316 0.00322603 0.000404525 0.00136405 -0.000753193 -0.000154562 -0.000261307 0.00188376 -0.00291569 -0.000193325 -0.00279807 -0.000478663 -0.000171429 6.18685e-05 0.000552308 -0.000957854 5.76498e-05 5.80762e-05 3.33836e-06 0.000914547 0.000124546 -0.0022102 -0.000104035 -0.000158654 -0.000124333 
0.000570158 0.000668001 0.00350469 -0.000727362 0.00209511 -0.00248517 0.00374988 -0.00642848 -0.00413052 0.00179989 -0.00016988 0.000762939 -0.00297149 -0.00997264 -0.00289978 -0.00810374 0.00155451 -0.000429457 0.00493358 0.00201695 -0.0145614 0.00501401 0.00656759 0.00177741 -0.00612805 0.015273 -0.000811212 0.00287578 -0.00190576 -0.00586369 0.00263548 0.00694421 -8.73905e-05 0.0426736 0.00028183 -0.00440316 -0.00115869 -0.00607911 -0.00497802 0.00105924 0.00214081 7.09253e-05 0.000717099 0.00070027 0.00277504 0.000910906 -0.00138238 0.00103563 0.00280702 -0.000489513 -0.00816081 -0.000463846 -0.000658326 -0.000169974 -0.000594605 -0.000274046 0.00672128 -0.00334753 0.00670099 -0.00112983 -0.00040324 0.00114968 3.40453e-05 0.00172899 -0.00556092 -0.000275658 -0.000613136 -0.000652001 -0.000132208 -4.3959e-05 -0.000481075 0.00127905 -0.00469613 -0.000380377 -0.00382418 -0.01377 -0.00107017 -0.00036699 -0.00169263 -0.0023237 0.0011091 -0.00185337 -0.000190435 0.00580955 -0.00189679 -0.00440958 -0.00233023 -0.000371231 -0.000518029 -8.92191e-06 0.00551979 -0.000874196 -0.000239498 -9.12497e-05 0.00549429 0.000556938 -0.00496556 -0.000748947 0.00260153 -0.000870552 
