0.0326581 -0.000190874 -3.96031e-05 -0.00550746 0.0009823 0.000360653 -0.0057326 -0.00242348 -0.00578917 -0.00119776 0.000126987 0.00131988 9.53051e-05 -0.000486462 -0.00370329 0.000366445 -0.00650399 0.000681239 -0.00179755 0.00150954 -0.0012007 -0.000991507 -0.00597221 0.00407025 -0.000389386 6.81956e-05 0.00418196 -0.00372945 0.0060604 0.00249998 0.00393954 -0.0016416 0.00118835 -0.00799532 -0.000117019 2.99358e-05 4.92157e-06 0.000561962 0.0035808 -0.0033454 0.000826165 -3.5387e-06 -0.00120761 0.00124156 -0.00181676 -0.00114019 -0.000433209 -0.000124503 0.000800268 -0.000896235 -7.57284e-05 -8.00617e-05 0.00152926 -0.000335228 -0.000948463 0.00404795 -0.00172315 0.00421119 -0.000953562 0.00218745 5.24396e-05 0.000452004 -2.89181e-05 -0.00122853 0.00170001 -0.000376855 0.000814074 0.000407617 -0.00533781 -0.000209148 -4.43022e-05 -0.000679193 0.000575116 -0.000868916 -0.000332059 0.00164303 -1.6325e-05 -0.000229373 -0.00562785 -0.0012732 0.00208942 -0.000287379 0.00281604 -0.000211929 8.30386e-05 3.60196e-05 -0.00123836 -0.005364 -0.00225937 0.00076389 -0.000182682 0.000995639 -0.00034232 -0.00128052 0.00465985 -0.000108562 -0.000575082 -0.000606672 0.00078608 0.00019756 
-0.000190874 0.0456373 -2.39793e-05 -0.00139366 0.000276345 0.00144563 -0.00975646 0.00111434 0.00272957 -0.00134006 3.57949e-05 -0.00545507 -0.000336053 0.00697295 -0.00435213 0.00010581 -0.00522836 0.00254876 -0.000429424 -0.003158 0.000238373 -0.00111326 -0.00112072 0.00904121 -3.33438e-05 -0.00230747 -0.00269487 -0.00499137 0.00400285 0.000449158 -0.00308053 -0.00434121 0.00608981 -0.000384659 -0.000111365 1.46939e-05 -8.50291e-05 -0.000489514 0.00199114 -0.00259449 0.000339149 0.00070438 -0.000983196 -0.00499352 -0.00193935 -5.03187e-05 -6.67081e-05 0.00120889 -0.00413522 0.00204591 -0.000627004 -0.000161785 -0.000203743 0.00614894 -0.00704442 0.00320715 0.00493396 0.00152726 -0.0021109 0.00431554 -5.81292e-05 0.00156831 -1.0934e-05 -0.000185821 0.00240582 -0.000440927 -0.000384204 -0.00123222 -0.0104555 -0.000314858 -0.00614949 0.00053869 -0.000581675 -0.000584644 -0.000201991 0.000302663 9.66691e-05 -0.000377765 -0.00397038 0.00179974 -0.00531914 -0.000320849 0.00252866 0.00021188 0.00048689 0.000118053 0.00108622 -0.000548929 -0.00110144 -0.000211195 -0.000170133 -0.0038889 -0.000327246 -0.00079604 -0.000682842 7.47955e-05 3.65922e-05 -0.000274648 -0.000893583 -0.0015684 
-3.96031e-05 -2.39793e-05 0.00738785 0.000649893 0.000296388 0.000183477 -0.0012879 -0.000746287 -0.000641494 -0.000128803 0.000544374 -0.00065735 0.000640772 -0.000924344 -0.000153433 0.00106415 -0.00244746 5.07802e-05 0.000311062 -0.000568081 -4.41335e-05 -0.000601187 -0.00132049 0.000377746 0.000283444 -0.000425942 -0.000893206 -0.000667877 -0.000277923 -0.000548926 -0.000876407 0.000118192 -0.000103347 -0.000238214 0.000147412 2.53636e-05 6.45726e-07 -0.00109765 3.10286e-05 0.00034789 2.83154e-05 8.08913e-06 -0.000222064 -0.000558238 -0.00119765 -0.000158393 -0.000106751 -4.43824e-05 2.90574e-05 3.59359e-05 0.000161089 -2.46222e-05 0.000370125 -0.000210198 -0.000481239 -0.00040703 -0.00067973 0.000553026 -0.000479341 8.40237e-05 -2.15514e-05 -0.000179079 0.000183052 0.00136993 -0.000131447 8.7121e-05 1.0473e-05 8.43033e-05 -0.000536618 7.92636e-05 -0.000756169 0.000673853 -4.23873e-05 -0.000231227 2.0308e-06 6.00709e-05 1.56295e-05 2.82745e-05 0.00214001 -0.000117724 -0.000966862 0.000177852 0.00103875 7.09288e-05 0.000113651 0.000169331 0.000244205 0.001201 1.67153e-05 2.65408e-05 -3.66972e-05 5.94661e-05 -0.000106198 -3.12601e-07 -0.000555148 -3.41612e-06 0.000307462 0.000998183 0.000285083 -0.000204805 
-0.00550746 -0.00139366 0.000649893 0.195423 -0.00310622 -0.000602028 0.00244147 -0.0119613 0.00198325 -0.00503618 -0.000618627 0.0340017 -0.0021433 -0.0364398 0.00694586 -0.00337753 -0.0342926 -0.00184186 -0.000724 0.00948171 -0.00449524 0.0132038 0.00950524 -0.0418078 0.00583275 -0.0468473 -0.0242465 0.0489826 -0.0513108 -0.062791 -0.0117835 0.0122 0.00685509 0.0549163 -0.000975824 -0.000184094 -0.000482347 0.00352843 -0.0066228 0.00983823 -0.000745638 -0.00040681 -0.00145573 -0.0221479 0.0301582 0.0100717 0.00301182 -0.0015726 -0.0234957 0.00575778 -0.000834397 -0.00100601 -0.00486823 -0.0276324 0.033896 -0.0285584 0.00494649 -0.0111572 0.00778051 -0.0150996 -0.000356072 -0.00331613 -0.000653426 0.00388385 -0.000204612 -0.00372009 0.00480255 -0.00280827 -0.0213431 -0.000288796 0.000542865 0.00120438 0.00334054 -0.00525872 0.000217627 -0.0026999 -0.000155462 -0.00220895 0.0261712 0.0103282 0.0234327 -5.44343e-05 -0.0258325 0.000806128 -0.000855437 -0.000964652 0.00507245 0.0449934 -0.0124975 -0.00577001 -0.000597266 -0.0175285 -0.00452683 -0.00389255 -0.0132024 -0.000637307 0.00892978 -0.00285994 -0.00446076 -0.0108711 
0.0009823 0.000276345 0.000296388 -0.00310622 0.0362748 8.97777e-05 -0.00926 -0.00315841 -0.00814008 0.00352675 -0.000122805 -0.00359672 0.000621179 0.00971271 -0.00408853 8.03139e-06 -0.000128557 0.00143712 -0.000448068 -0.013938 -0.00077368 -0.00401403 -0.00969808 0.00123794 -0.000288664 0.00794293 0.00222008 -0.00899542 0.00504351 0.00625548 -0.00513373 -0.00265329 -3.42606e-05 -0.00408011 -0.000144694 -4.59782e-05 0.000249808 -0.0048497 0.00806364 -0.00266312 0.000959223 -0.000142516 -0.00060479 0.0031531 -0.000763066 -0.00109495 -0.000227675 6.92877e-05 5.72193e-06 -0.00017322 -0.000151742 0.000392327 0.000443776 -0.00322897 -0.00559777 0.00801435 -0.00022767 0.00959237 -0.00116956 0.000194579 0.000488204 0.000157309 0.000155527 -0.0013887 -0.000674812 -0.000278374 0.000953558 0.000581115 -0.00307958 0.000308038 0.00392186 -0.000305951 2.84064e-05 -0.00187739 0.000756939 0.00169297 1.40421e-05 -0.000450573 -0.0026827 -0.000528722 -0.00656241 -0.000180573 -0.00305874 -0.000326563 0.000519405 0.000306751 -0.00215437 -0.00523822 0.000274836 0.00353212 3.10566e-05 0.00775706 0.000907679 -0.00127835 -6.45074e-05 0.00036337 -0.000209801 0.00173409 0.00169609 -0.000159546 
0.000360653 0.00144563 0.000183477 -0.000602028 8.97777e-05 0.0102756 8.22205e-06 -0.000738913 0.000322484 0.000166574 6.79642e-05 -0.00137429 0.000119988 0.001403 -3.24799e-05 -0.000147811 -0.00118588 -1.14645e-05 0.000401954 -0.00281933 0.000198545 -0.000718539 -0.00275123 0.000799506 8.60532e-05 0.000646732 -0.00296123 -0.000575993 0.000771549 0.000555473 -0.00138829 -0.000588255 -0.000376417 -0.000689036 1.58293e-05 1.67249e-05 2.24414e-05 -0.000423971 -0.000172747 -0.000378994 0.000219858 4.15857e-05 -0.000237534 -0.000219732 -0.000585568 -0.000388533 0.000221305 -5.47397e-05 -0.000980086 0.000928783 7.51958e-05 6.81104e-06 -0.000272445 -0.000160883 -0.000372289 4.58066e-05 0.000522675 0.0006805 7.40283e-05 0.00177998 -1.87761e-05 0.00013448 -2.05087e-05 -9.33969e-05 0.000462435 0.000127825 -0.000363466 -0.000246009 -0.000632731 -6.66773e-05 -0.00105625 -0.000210889 -0.000216585 8.65042e-05 7.39358e-05 5.15351e-05 1.56387e-06 1.50529e-05 -0.000824142 9.20662e-05 0.000365856 -8.66961e-05 0.00180834 0.000202938 0.000119145 0.00016355 0.000432085 -0.00032961 0.000663096 0.000293304 1.05354e-05 -0.00081972 -0.000189855 -0.000330701 -0.000421985 0.000119449 -3.17651e-05 -0.000324698 0.000104385 -0.000389659 
-0.0057326 -0.00975646 -0.0012879 0.00244147 -0.00926 8.22205e-06 0.247492 0.0316641 -0.00992499 0.00206477 -0.00022758 -0.0147162 0.00177385 -0.0509625 -0.00652857 -0.00330455 -0.015973 -0.00442981 -0.0173307 0.0179111 -0.00488941 0.0217038 -0.00885893 -0.0128364 -0.00299865 -0.0406169 0.0769361 0.0303565 -0.0505921 0.00117493 -0.0499134 -0.0127821 -0.00216487 0.050646 -0.00124162 -0.000282081 -0.00011469 0.0154486 -0.0175448 -0.0275677 -0.00297826 -0.000209802 -0.00410198 0.00655564 0.0302971 -0.00852425 0.00632003 -0.00357443 -0.0298301 -0.0037726 -0.0029943 -0.00123634 -0.00296148 -0.0414133 0.0128079 -0.034266 0.00325894 -0.0163379 0.00702742 -0.0104879 -0.00207577 0.00571138 -0.00166789 -0.00122957 0.013011 0.00264275 -0.00672407 -0.0131193 0.0650495 -0.000583169 0.012197 -0.0013522 -0.00170191 -0.02284 -0.00491654 -0.00555773 -0.000348568 0.00170413 0.0134828 -0.000916169 -0.030904 -0.00314041 0.0497011 -0.00121715 -0.00095652 -0.00146035 -0.0230202 -0.00470231 -0.00224933 -0.00652168 -0.00107762 -0.0216522 -0.000317656 -0.00542153 0.0136036 -0.00156593 -0.000388406 -0.00233835 -0.00872703 -0.0197719 
-0.00242348 0.00111434 -0.000746287 -0.0119613 -0.00315841 -0.000738913 0.0316641 0.119116 -0.009194 0.00531705 -0.000605687 -0.0159693 -0.000626672 -0.0118089 -0.0108476 0.00155433 0.00763609 -0.00196551 0.00360067 0.00609561 -0.00196322 -0.00313476 -0.037486 0.0280039 -0.000294162 0.00315789 0.0277042 -0.0312724 0.0120496 0.0197248 -0.0210354 -0.012377 0.00331191 -0.021349 -0.000427687 -0.0001466 -0.000332812 0.00355446 -0.00248271 -0.00717924 -0.000843041 0.00071883 0.00455284 0.000639932 -0.0158188 -0.00563801 -0.0024942 -0.00110558 0.00485121 -0.00201166 -0.00109067 7.26677e-05 0.00113487 -0.00638796 -0.0185042 0.0141909 -0.006788 -0.00812366 -0.00224391 0.00137626 -0.000466018 0.00165815 6.9483e-05 -0.00101017 0.0057524 0.0017184 -0.000329142 -0.00137749 0.0293447 0.000942776 0.000603753 -0.00203804 -0.00133652 -0.00899943 -0.00172462 -0.000620278 -2.86819e-05 -0.001097 -0.016233 -0.00133231 -0.0204113 -0.00147456 0.0308197 -0.000486095 -0.000324012 -0.000165379 -0.00758671 -0.00700261 0.00610048 0.00101522 3.33586e-05 0.00202806 -0.00288577 -0.00388737 -0.0148316 -0.000232432 -0.00227896 -0.00402868 0.0019875 -0.000451618 
-0.00578917 0.00272957 -0.000641494 0.00198325 -0.00814008 0.000322484 -0.00992499 -0.009194 0.149883 -0.021436 -0.00121704 0.0157267 -0.00294077 -0.00116079 -0.0159841 -0.00533061 -0.00445721 -0.00307572 0.00865317 0.0215475 0.000895772 0.0281368 0.031881 -0.0352262 -0.003829 -0.00485859 0.00404736 0.0369237 -0.0230752 -0.00875518 -0.000565447 0.0101376 -0.0176369 0.0368593 -0.00178102 -0.000753736 0.000129418 0.0121526 -0.0159478 0.00280881 -0.0041301 0.000147591 -0.00439093 3.04113e-05 0.0077673 0.00444294 0.00213205 0.000800059 -0.0128799 0.00391973 0.000779049 6.01605e-05 -0.00514846 0.0071305 0.00795443 -0.0209871 0.0115986 -0.0153589 -0.00466607 0.00499301 -0.00124962 -0.0120099 -0.00102521 -0.0070842 -0.00894351 -0.00654877 -0.0138217 -0.000563348 -0.0372562 -0.00186506 -0.015941 0.00243798 -0.000437595 0.0054512 0.000396458 0.000172254 -0.00032389 -0.000323511 0.0145536 -0.015346 -0.00203493 -0.00150107 0.00326759 -0.000956009 -0.00192871 -0.00189171 0.00243554 0.00730164 -0.0109961 -0.00248448 -0.00164842 -0.0286692 -0.010685 0.00411739 0.00919277 -0.00029705 0.0014301 0.000701776 -0.0150618 0.00214417 
-0.00119776 -0.00134006 -0.000128803 -0.00503618 0.00352675 0.000166574 0.00206477 0.00531705 -0.021436 0.0507325 0.000340526 -0.00412454 -0.000915023 0.0090677 3.47862e-05 -2.39825e-05 0.00855099 0.00151842 0.00405683 -0.0109224 -0.000553334 -0.00579618 -0.00727057 0.00695363 -0.00037366 0.00976889 0.00187486 -0.00988328 0.000363246 -9.89114e-05 -0.0041183 -0.00292641 0.00366686 -0.00663466 0.000101452 9.4996e-05 -7.15261e-05 -0.00250188 0.0010164 -0.00490827 0.000349851 -6.65861e-05 0.00271396 0.00190326 -0.00624373 -0.00121233 -0.00082362 -0.000215671 -0.00254515 -0.000992647 0.000581058 2.79495e-05 -0.000375468 -0.0062691 -0.00404426 0.00797491 -0.00469473 -0.00377672 -0.000943307 0.000564244 0.000787011 0.00145033 0.000311022 0.00066516 0.00155043 0.00446247 -0.000319462 -0.00144638 0.019178 7.95572e-05 0.000427279 -0.00112526 -0.000938512 -0.000424149 0.000403274 -0.000675221 2.5521e-05 -0.000103761 -0.0054731 0.00278686 -0.00955256 -0.000382424 -0.00467686 -0.000557846 0.000158384 5.54603e-05 -0.0022395 -0.00577113 0.00228003 -5.76555e-05 -0.000196081 0.00617288 0.000270164 -0.00264282 -0.00500148 -5.33814e-05 -0.000493388 -0.000548086 0.0022088 -0.0014609 
0.000126987 3.57949e-05 0.000544374 -0.000618627 -0.000122805 6.79642e-05 -0.00022758 -0.000605687 -0.00121704 0.000340526 0.00995045 -0.00167817 -1.68595e-05 0.000994879 -0.00055317 0.000610266 -0.002461 1.19898e-05 8.27124e-05 -0.000663866 0.00105206 -0.000592019 -0.00398206 0.000568836 0.000504657 0.00190547 -0.000945438 -0.00118767 0.00196935 -0.000195126 -0.00117416 6.00216e-05 -0.000139998 -0.00159702 8.75e-05 2.09425e-05 -2.22253e-05 -0.000692481 0.00012804 -4.37398e-05 5.90121e-05 -2.27219e-05 -8.43748e-06 -0.000420842 -0.00167153 0.000498675 -0.000105634 3.82778e-06 -0.000423833 0.000426432 -1.21229e-05 8.22233e-05 0.000340188 -0.000409121 -0.000713007 -2.71512e-05 -0.0003144 0.00033073 -0.000196717 0.00167905 3.90945e-05 0.000265386 0.000360847 0.000658372 6.88362e-05 0.000335398 -0.000283743 0.000189809 -0.000395359 0.000174741 -0.000814086 -8.16472e-05 -9.75457e-05 -0.000291147 -9.43475e-05 5.32065e-05 1.33504e-05 -2.42223e-05 -0.000567623 0.000404883 -0.000164304 -4.98762e-05 0.00142373 -4.52277e-05 3.92756e-06 0.000210921 -0.000331134 -0.000394413 -0.000593327 0.000116738 -4.10778e-05 -0.000117513 -7.07319e-05 0.000595472 -0.000273495 8.55677e-05 1.16897e-05 0.000141032 0.000138328 1.87849e-05 
0.00131988 -0.00545507 -0.00065735 0.0340017 -0.00359672 -0.00137429 -0.0147162 -0.0159693 0.0157267 -0.00412454 -0.00167817 0.183478 -0.00536948 -0.0444648 -0.00376627 -0.00157069 -0.0312659 -0.000673411 -0.013277 0.0047685 -0.0058909 0.0141291 0.0328264 -0.0321558 0.00260713 -0.0496497 0.0127695 0.0543732 -0.0286171 -0.0767319 0.0388948 0.0172148 0.000446704 0.0503754 -0.000763891 -0.000185542 -0.000670317 0.0138058 0.000629704 -0.017774 -0.00181019 -0.000709854 -0.00750452 -0.01695 0.0272374 0.00217189 0.00810449 -0.00215556 -0.00979665 0.000145679 0.00211536 -0.000971205 -0.000473539 -0.0336625 0.0546758 -0.0290584 0.0171347 -0.0247617 -0.00790476 -0.0145581 0.00146384 -0.00929498 -0.000586506 -0.00366652 -0.00334319 -0.00311915 -0.00492508 -0.00306812 -0.0218517 -0.000274538 -0.0138777 0.0101644 0.00390433 -0.00911683 -0.000305653 -0.00198182 -0.000267729 -0.00151383 0.00373866 -0.00700537 0.0659487 -0.00170482 -0.0381927 -0.000769192 -0.000762827 -0.00131917 -0.00408734 0.0272102 -0.00785903 -0.00501163 -0.000871849 -0.0134805 -0.00400795 -0.00725743 -0.00372347 -0.000519058 -0.00210155 -0.00247436 -0.00588653 -0.00643893 
9.53051e-05 -0.000336053 0.000640772 -0.0021433 0.000621179 0.000119988 0.00177385 -0.000626672 -0.00294077 -0.000915023 -1.68595e-05 -0.00536948 0.0251184 -0.0028387 0.00452996 0.000486197 -0.00394684 0.000213559 0.0024276 -0.00427581 0.00177 -0.00243434 -0.00432546 -0.00143405 0.00360462 -0.0042704 -0.00223331 -0.00459645 -0.00632964 5.38838e-06 -0.000239955 0.000476033 -0.000373928 -0.00035618 0.00103278 0.000143089 0.000137195 -0.0074081 0.000485002 0.00204811 0.000108437 -2.91533e-05 0.000697017 0.0012453 -0.00138016 -0.000950114 -0.000522693 0.000217798 -0.00241124 -0.000161223 -0.000215768 1.18137e-05 -0.000119306 -0.000944816 -0.00311179 -0.00237372 -0.001524 0.0066217 -0.000271014 -0.00106676 -4.89682e-05 0.00193978 9.79765e-05 0.00351304 0.00027373 0.000106915 -0.000678129 -0.000120767 -0.00419205 0.00118994 0.00317181 7.17245e-05 -0.000144417 -0.000941533 0.000220743 0.00016421 0.000127437 0.00133992 0.00625854 0.00083452 -0.00303054 0.00258277 0.002324 0.00149883 0.00150338 0.000273076 0.000485151 0.000710674 0.00137603 -1.00997e-05 -7.70742e-05 -0.000657414 -0.000681023 -0.000782637 -0.000947613 -5.83014e-05 -0.000186233 0.000668856 -8.69186e-06 -0.000305603 
-0.000486462 0.00697295 -0.000924344 -0.0364398 0.00971271 0.001403 -0.0509625 -0.0118089 -0.00116079 0.0090677 0.000994879 -0.0444648 -0.0028387 0.172171 -0.0280777 -8.97399e-05 0.0507641 0.00644936 0.0066367 -0.0240277 0.000556639 -0.0153096 -0.0223654 0.0453233 -0.00434428 0.0904142 -0.0171357 -0.069104 0.089971 0.0474341 -0.0107055 -0.014248 -0.00415966 -0.0800112 -0.000394268 0.000275489 6.03308e-05 0.000276474 0.0145671 -0.0140607 0.000958696 -0.000587106 0.00426959 0.000766862 -0.0324405 -0.00465065 -0.00892825 0.0033981 -0.0107594 0.000542963 -0.000910808 0.0012967 0.000114913 0.0322898 -0.02536 0.0390606 -0.0120185 0.0330109 -0.00878244 0.0299489 0.000380033 0.000910416 0.00021647 -0.00685541 -0.00102558 -0.00254708 -0.000695342 0.00500616 -0.00968282 -0.000623166 -0.0214284 -0.00425284 -0.00126406 0.0230481 0.00289952 0.00665421 -5.80887e-05 -0.00267674 -0.0439495 -0.0073315 -0.0435125 -0.00268123 -0.00530544 -0.00164693 -0.000320249 0.0011382 -0.00332553 -0.0361858 -0.0069516 0.00711581 0.000100475 0.0197968 -0.00267446 0.00512766 -0.0151777 0.00130717 -0.00434223 -0.00388227 0.0039886 0.00955527 
-0.00370329 -0.00435213 -0.000153433 0.00694586 -0.00408853 -3.24799e-05 -0.00652857 -0.0108476 -0.0159841 3.47862e-05 -0.00055317 -0.00376627 0.00452996 -0.0280777 0.153087 -0.00044989 -0.00540958 0.000756325 0.00515847 -0.0104635 -0.0012876 0.000331298 0.0147722 -0.0308674 0.00412198 -0.0199756 -0.0518156 0.0331542 -0.00383399 -0.0493013 0.0106447 0.00568856 0.00920605 -0.00595884 0.0015566 0.000216466 -0.000264231 -0.0150059 -0.0123683 0.0342319 -0.000894081 -0.000192591 0.00484381 -0.0118736 0.00288963 0.00298884 -0.00656175 -0.000490492 0.017701 -0.00062791 -0.00204139 -0.000391815 0.00221557 -0.000770974 -0.00147166 -0.0201528 0.00493552 -0.00271246 -0.000470256 -0.0108661 -0.000665894 -0.0026849 0.000304331 0.00718878 -0.00488549 -0.000661621 0.000886563 -0.00280645 -0.00279839 3.33267e-05 0.00965825 -0.00404391 -0.00198268 -0.00608327 -0.000955268 -0.00203764 -3.14545e-05 0.0016842 0.00673973 0.0177469 0.0524019 0.00398681 -0.0388334 0.0014989 0.000772343 1.69846e-05 0.00743947 0.0200587 0.00114446 -0.00433767 0.000765213 -0.0103834 0.00709076 0.0048341 -0.0255107 -0.000363999 -0.00131673 -0.00254476 -0.00248636 -0.00424122 
0.000366445 0.00010581 0.00106415 -0.00337753 8.03139e-06 -0.000147811 -0.00330455 0.00155433 -0.00533061 -2.39825e-05 0.000610266 -0.00157069 0.000486197 -8.97399e-05 -0.00044989 0.0221209 0.00443361 0.000362806 -0.00149987 0.000122953 -0.000660825 -0.00824027 -0.00452039 0.00722835 0.000153305 0.00451585 -0.00141918 -0.00789241 0.00448849 -0.00323477 -0.00247252 -0.00140744 0.000236378 -0.00473609 9.1796e-05 0.000183699 -7.13876e-05 -0.00361362 0.00120602 0.00150231 9.19365e-05 -3.18403e-05 0.000950243 -0.00159794 -0.00434931 -0.000248978 0.000546509 -0.000174853 0.0048734 -0.000630217 0.000858612 3.03305e-05 0.000130989 0.000867453 -0.00200363 0.00183485 -0.00124317 0.00121286 -0.000842872 -0.000238422 7.37451e-05 -0.000387779 0.00171569 0.000926402 0.000377227 0.000594863 0.000688562 0.000311932 0.00437503 0.000570663 -4.36403e-05 -1.83216e-05 -0.000258838 0.000430874 -0.00021969 -0.000420936 -2.02333e-05 -0.000188969 -0.00142251 -0.00033879 -0.00282914 -9.51982e-05 -0.00226303 0.000320679 0.00022526 0.00010008 -3.98906e-05 -0.0025362 0.00205631 -0.000226814 0.000615473 0.00295019 0.000546211 -0.000890371 -0.00385381 0.000185311 -4.48231e-05 -0.000103844 0.00263419 -0.000309955 
-0.00650399 -0.00522836 -0.00244746 -0.0342926 -0.000128557 -0.00118588 -0.015973 0.00763609 -0.00445721 0.00855099 -0.002461 -0.0312659 -0.00394684 0.0507641 -0.00540958 0.00443361 0.249903 -0.00172665 0.000510107 -0.00441024 -0.0115056 -0.00820893 0.00179174 0.0300504 -0.00468479 0.0553467 0.00873252 -0.0749375 0.0065836 0.0119367 0.000756081 -0.0375426 0.00696323 -0.0473095 -0.00166621 -0.000256657 -0.00118061 0.00282737 0.00604789 -0.0143161 -0.00139206 -0.000163786 0.0194274 0.0122752 -0.00313442 0.00091777 -0.000745522 -0.00028052 -0.00694593 -0.00950164 0.0028197 0.000937504 -0.00542749 0.0330529 -0.0349809 0.0177284 -0.0177107 0.00922218 0.000392703 0.0116455 -0.00102545 0.000424118 -0.00014539 -0.0094638 -0.00808696 -0.00354583 -0.00221544 -0.00624948 0.0306866 0.000395929 0.0329925 -0.00523559 0.000915464 0.0107169 -0.00131403 0.00134352 -0.000495311 -0.00133079 -0.0387163 0.0084426 -0.0501171 -0.00534648 -0.0421635 0.00131464 -0.000959891 -0.000343769 -0.00708724 -0.0425845 0.0110173 0.00609293 0.00173299 0.0175119 -0.00536942 -0.00727378 -0.0319623 -0.000853124 -0.00626451 -0.0103472 0.00370013 0.00128524 
0.000681239 0.00254876 5.07802e-05 -0.00184186 0.00143712 -1.14645e-05 -0.00442981 -0.00196551 -0.00307572 0.00151842 1.19898e-05 -0.000673411 0.000213559 0.00644936 0.000756325 0.000362806 -0.00172665 0.0179921 -0.000109491 -0.00454358 -0.000107403 -0.00263756 0.000964354 0.000440533 -9.78266e-05 0.00371227 -0.00630752 -0.00139656 0.00584954 -0.0034328 -0.000947558 -0.00110627 0.0041549 -0.00650076 0.000156974 -2.23474e-05 -5.46468e-05 -0.000599257 0.000242581 -0.00121992 0.000170973 2.49873e-05 -0.000442585 -0.00202403 -0.00227115 -0.000141884 -0.000362424 0.000298545 -0.000453385 0.000338977 -0.000188516 -3.28771e-05 0.000417788 0.0018434 0.00059994 0.00368033 0.000150255 0.00267591 -0.000739617 -0.000721782 8.34648e-05 -0.000239331 3.40537e-05 -0.000574589 0.000911955 0.000490125 0.00102566 -5.87674e-05 -0.00315418 -6.17182e-05 -0.00212841 -0.000260375 -2.58192e-05 0.00129498 0.000643649 -0.000338401 1.19112e-05 -2.0425e-05 -0.00299305 -0.000403248 0.00175107 -0.000136311 -0.00400209 -0.000166505 0.000105705 0.000294767 0.000211586 -0.00214414 -0.00091566 0.000928255 0.000245258 0.00303558 0.00164894 0.000201532 -0.00221903 0.000139799 -0.000208455 -0.000355879 -0.00017288 -3.75749e-05 
-0.00179755 -0.000429424 0.000311062 -0.000724 -0.000448068 0.000401954 -0.0173307 0.00360067 0.00865317 0.00405683 8.27124e-05 -0.013277 0.0024276 0.0066367 0.00515847 -0.00149987 0.000510107 -0.000109491 0.0811274 -0.00785985 0.00606147 -0.00510483 -0.0126647 -0.00114352 0.00403152 0.0120465 -0.0208438 -0.00730626 -0.00453405 -0.0060574 -0.00488157 0.000228851 -0.00567889 -0.0114204 0.00154281 0.000277689 0.000205024 -0.0162041 -0.00133936 0.00718553 3.94605e-05 0.000186079 0.000318047 -0.00399624 -0.0121016 0.00180244 -0.000458552 0.000572122 -0.00440283 -0.00204032 0.00105891 0.00122581 -0.000979042 -0.003472 -0.00580554 0.00593287 -0.00454011 0.00322476 -0.00413705 0.00385983 -0.00020296 -0.00395514 2.44284e-05 0.00709371 -0.00345471 -0.00134004 -0.00184107 -0.000855379 -0.00661839 0.000254886 -0.0104059 -0.000556704 -0.00153964 0.00626236 0.00214446 -0.00145638 0.000114303 0.000510133 0.00679192 -0.000580985 -0.0026873 0.00784858 -0.00111338 9.26823e-05 0.00179012 0.000727776 0.00325213 0.0143245 0.0042831 -0.00041298 -0.000177715 -0.00115007 -0.000884814 0.0019552 -0.0124369 0.000810666 0.00194491 0.00443309 -0.00144009 0.00827318 
0.00150954 -0.003158 -0.000568081 0.00948171 -0.013938 -0.00281933 0.0179111 0.00609561 0.0215475 -0.0109224 -0.000663866 0.0047685 -0.00427581 -0.0240277 -0.0104635 0.000122953 -0.00441024 -0.00454358 -0.00785985 0.124379 -0.00773551 0.0151202 0.00964664 -0.00105366 -0.00085268 -0.0185209 0.0315448 0.0135912 -0.0161375 0.00242565 -0.000253754 -0.00655914 -0.0103618 0.020269 -0.00166801 -0.000507551 -0.000445476 0.0109254 -0.000875801 0.00550745 -0.00187051 -0.000127363 -0.00443856 -0.000357272 -0.00487798 -0.000752796 0.00138697 -0.00140818 0.00110933 -0.0034628 -0.00217032 -0.000643827 0.000152468 -0.000873054 -0.00946005 -0.0170832 -0.0124392 -0.0137144 -0.00239934 -0.00469804 -0.00138526 -0.00138054 -5.06533e-05 -0.000604951 -0.00710925 -0.00206402 -0.00440754 -0.00448555 0.00174491 -0.000725983 0.000153021 -0.000522181 -0.000124992 -0.0033087 -0.00234791 -0.00557957 -0.000395245 0.000211317 0.0120404 -0.00731893 -0.00378515 -0.00397512 0.0115085 -0.00212448 -0.00167989 -0.00170172 -0.00181826 0.00861617 -0.00739699 -0.00748373 -0.00230929 -0.0172684 -0.00703209 0.00395145 0.00748675 -0.00301434 0.000932039 -0.00138507 -0.0016141 -0.0063403 
-0.0012007 0.000238373 -4.41335e-05 -0.00449524 -0.00077368 0.000198545 -0.00488941 -0.00196322 0.000895772 -0.000553334 0.00105206 -0.0058909 0.00177 0.000556639 -0.0012876 -0.000660825 -0.0115056 -0.000107403 0.00606147 -0.00773551 0.0413921 -0.00467964 -0.00804236 -0.00623183 0.000882793 -0.0005342 -0.012326 0.00191929 0.0047979 -0.00431991 -0.000594 0.00704536 1.31344e-05 -0.00761038 0.00128303 0.000173823 0.000315227 -0.00951857 -0.00221536 0.00769213 0.00087748 2.57571e-05 -0.00118499 -0.00147703 -0.0059539 0.000273106 -0.000283366 0.00155604 0.0041175 0.00293831 -0.000342346 0.000273569 -0.000475553 -0.000444777 -0.00413575 0.000295055 -0.000150555 0.00225617 -0.00111156 -0.00108804 0.00033016 0.000128402 0.000542286 0.00201413 8.83823e-05 0.0036466 -0.00058711 0.00337095 -0.00947925 0.000781758 -0.00157231 0.000611095 0.000237341 0.000861278 0.00010207 -0.00112139 0.000479428 -8.21903e-05 -0.00180712 0.00176487 0.00252519 0.00373079 0.000532045 0.000410405 0.00112647 0.00162421 -0.00157334 0.00137667 0.000366718 4.00613e-05 -0.000167068 -0.00115567 0.000425568 0.00540643 0.00124653 0.000308726 -0.00024978 0.000605247 -0.000810116 0.00884863 
-0.000991507 -0.00111326 -0.000601187 0.0132038 -0.00401403 -0.000718539 0.0217038 -0.00313476 0.0281368 -0.00579618 -0.000592019 0.0141291 -0.00243434 -0.0153096 0.000331298 -0.00824027 -0.00820893 -0.00263756 -0.00510483 0.0151202 -0.00467964 0.0758674 0.00891132 -0.0210048 -0.00178062 -0.0244625 0.0305709 0.0251363 -0.0281471 -0.0173509 0.00513113 0.00144891 0.00185769 0.0301985 -0.00205218 -0.000761173 -0.000116916 0.0120973 -0.0104413 -0.00715363 -0.00288498 -0.000649015 0.0014782 0.000415617 0.0125558 0.00250758 0.00316306 -0.0002008 -0.0199527 0.00229622 -0.000716 -0.000981273 -0.000245415 -0.0107008 0.00682834 -0.0371771 0.00438926 -0.00936787 0.000577777 0.00209452 -0.00032511 -0.00113121 -0.00216582 -0.00532112 -0.00187241 -0.00136401 -0.00661584 -0.0106423 -0.0104556 -0.000485946 0.0102461 0.00174626 0.00106705 -0.00386667 -0.00183988 0.00133782 -0.000183264 0.000660936 0.00542293 0.0019924 0.01172 -0.00314283 0.0156704 -0.0032264 -0.00220925 -0.00324885 0.000259995 0.0060132 -0.0106938 -0.000306888 -0.0016432 -0.0315231 -0.00721977 0.00067068 0.0133026 -0.00203909 0.000910801 -0.000150738 -0.0151442 -0.00463124 
-0.00597221 -0.00112072 -0.00132049 0.00950524 -0.00969808 -0.00275123 -0.00885893 -0.037486 0.031881 -0.00727057 -0.00398206 0.0328264 -0.00432546 -0.0223654 0.0147722 -0.00452039 0.00179174 0.000964354 -0.0126647 0.00964664 -0.00804236 0.00891132 0.181833 -0.0359584 -0.00728281 -0.0286067 -0.0148343 0.0542749 -0.0314232 -0.0387336 0.0141781 -0.00486393 -0.000593623 0.0277161 -0.0014425 -0.00074624 -0.00182928 0.0159583 -0.0193029 2.72975e-05 -0.00290778 0.000456584 -0.00192338 -0.00482437 0.0208648 0.00286874 0.00472694 0.000159179 -0.00822364 -0.00806709 0.00166364 -0.00215193 0.00163349 0.00405945 0.0310976 -0.0244667 0.0136766 -0.025875 -0.00797275 -0.0121092 -0.00134831 -0.0132088 -0.00188729 -0.00685947 0.00108728 -0.00484292 -0.00551884 -0.00609795 -0.0115274 -0.00266794 0.00482994 0.00461599 -0.000201854 0.000346939 -0.000106612 -0.00677085 -0.000507112 0.00114025 0.0199621 -0.00421285 0.0231925 -0.00305415 -0.0336934 0.000984786 -0.00168436 -0.0019938 0.00231451 0.0118161 -0.0055817 -0.00751012 -0.00105878 -0.0167573 0.00414395 -0.00276436 0.00737551 -0.000150785 -0.000191654 -0.00338216 -0.00575788 -0.00344714 
0.00407025 0.00904121 0.000377746 -0.0418078 0.00123794 0.000799506 -0.0128364 0.0280039 -0.0352262 0.00695363 0.000568836 -0.0321558 -0.00143405 0.0453233 -0.0308674 0.00722835 0.0300504 0.000440533 -0.00114352 -0.00105366 -0.00623183 -0.0210048 -0.0359584 0.173071 -0.00262756 0.0416066 0.0243586 -0.090861 0.0747593 0.0430023 -0.0239897 -0.0201032 -0.00349532 -0.0739933 0.000336855 0.000674802 -0.000540628 0.00571484 0.025892 -0.0142655 0.00362849 0.000399947 -0.00191537 -0.00796568 -0.0463806 -0.0100757 -0.00697321 -0.000517436 0.00157163 -0.00427844 -0.000986524 0.000237349 0.0023013 -0.00354668 -0.0251126 0.0321026 -0.018125 0.0101417 -0.0118349 0.0237218 -9.13263e-05 0.00947251 0.000647077 0.000746991 0.016124 -0.00122625 0.00146561 -0.00480306 0.0493927 -0.00165236 -0.0225451 -0.00520213 -0.00275537 -0.00335257 -0.00067603 0.00341588 -0.000198784 -0.00217138 -0.0305067 -0.0111297 -0.0239795 -0.00214019 0.0474461 -0.00152082 0.000533485 0.000171678 -0.000348691 -0.0213242 0.00687995 0.00131436 1.30308e-05 0.0186468 0.00193211 -0.00719199 -0.0284881 0.000246281 -0.00366256 -0.00293249 0.0115582 -0.00241562 
-0.000389386 -3.33438e-05 0.000283444 0.00583275 -0.000288664 8.60532e-05 -0.00299865 -0.000294162 -0.003829 -0.00037366 0.000504657 0.00260713 0.00360462 -0.00434428 0.00412198 0.000153305 -0.00468479 -9.78266e-05 0.00403152 -0.00085268 0.000882793 -0.00178062 -0.00728281 -0.00262756 0.021374 -0.003727 -0.00769912 -0.00234381 -0.00837941 -0.00933959 -0.000419573 0.0012199 0.000774447 0.00122015 0.00091363 0.000202773 4.90633e-06 -0.00765297 -0.000988386 0.00494453 9.28834e-05 -5.48268e-05 0.00246802 -0.00216138 -0.00241875 -9.48245e-06 0.000311382 0.00033942 -0.00185624 0.000153682 -0.00033693 1.76463e-05 -0.000365356 -0.00109802 -0.00216569 -0.00262236 -0.000964126 0.00104387 -0.00106469 -0.00137641 -4.10802e-05 -1.75317e-05 0.00020843 0.00444317 -0.000452609 0.000119678 -0.000233753 3.78151e-05 -0.00393776 0.00200143 0.00122528 0.000185745 0.000241698 -0.00034334 0.000242823 -3.13256e-05 0.000136815 0.000244571 0.00811073 0.00352568 0.00452027 0.00269314 -0.00102546 0.00102594 0.00120728 0.000159093 0.00299626 0.00742087 0.000885978 -0.000484844 -0.000120407 -0.00155391 -0.00059332 -0.00046373 -0.00372492 9.41783e-06 0.000945037 0.00110441 -0.000424596 -0.000510869 
6.81956e-05 -0.00230747 -0.000425942 -0.0468473 0.00794293 0.000646732 -0.0406169 0.00315789 -0.00485859 0.00976889 0.00190547 -0.0496497 -0.0042704 0.0904142 -0.0199756 0.00451585 0.0553467 0.00371227 0.0120465 -0.0185209 -0.0005342 -0.0244625 -0.0286067 0.0416066 -0.003727 0.177914 -0.0226371 -0.0687082 0.0793606 0.0339625 -0.017498 -0.013253 -0.0099859 -0.0808701 -1.36428e-05 0.000144639 -0.000252658 -0.00860289 0.00360069 -0.00854622 -0.000409863 -0.000380762 0.000907538 0.00609339 -0.032089 -0.00450391 -0.00752266 0.000519218 0.0146498 -0.00541869 0.000791439 0.0019146 0.00398203 0.0321693 -0.0364374 0.0468731 -0.00351853 0.0208607 -0.00728729 0.0287381 -1.63476e-05 -0.00323551 0.0015425 -0.00645464 -0.000926365 -0.000964185 0.00170872 0.00840014 0.0072511 -0.00111405 -0.0220832 -0.00620415 -0.00191129 0.0222934 0.00340888 0.000732832 -0.000192113 -0.00256646 -0.0419357 -0.00929028 -0.0436542 -0.00239379 -0.0117724 -0.00255558 -0.000313484 0.00135388 0.00104631 -0.0362897 0.000349649 0.0129121 0.00115078 0.029514 0.00558427 0.00504133 -0.0157381 0.00188495 -0.00422 -0.00646859 0.00483714 0.000413042 
0.00418196 -0.00269487 -0.000893206 -0.0242465 0.00222008 -0.00296123 0.0769361 0.0277042 0.00404736 0.00187486 -0.000945438 0.0127695 -0.00223331 -0.0171357 -0.0518156 -0.00141918 0.00873252 -0.00630752 -0.0208438 0.0315448 -0.012326 0.0305709 -0.0148343 0.0243586 -0.00769912 -0.0226371 0.229028 -0.0150847 -0.0336321 0.0405009 -0.00408944 -0.0197604 -0.0114665 0.0453912 -0.00267829 -0.000165739 -0.000285571 0.0247293 0.0102926 -0.0567732 -0.00107332 -0.000364189 -0.00622851 0.0207782 0.0245979 -0.0127972 0.00397205 -0.00275652 -0.033275 -0.00948909 -0.00234181 -0.000244358 0.00220189 -0.0441074 -0.00789164 -0.0239569 -0.0134499 -0.0159035 0.00753759 0.0107402 0.00029284 0.00275074 -0.001484 -0.0120923 0.00963495 -0.000478959 -0.00833362 -0.0160938 0.022962 -0.000291603 0.00982262 0.00373611 -0.00442471 -0.0287379 -0.00551784 0.0086419 -0.000282527 0.000275285 -0.00120042 -0.0154435 -0.0548415 -0.00655424 0.0555224 -0.00247753 -0.00150382 -0.00229308 -0.030695 -0.0289733 -0.00857174 -0.0012304 -0.000330114 -0.0217979 -0.00703968 -0.00344331 0.0416179 -0.00239231 -0.00274264 0.00372793 -0.0116167 -0.0160031 
-0.00372945 -0.00499137 -0.000667877 0.0489826 -0.00899542 -0.000575993 0.0303565 -0.0312724 0.0369237 -0.00988328 -0.00118767 0.0543732 -0.00459645 -0.069104 0.0331542 -0.00789241 -0.0749375 -0.00139656 -0.00730626 0.0135912 0.00191929 0.0251363 0.0542749 -0.090861 -0.00234381 -0.0687082 -0.0150847 0.24922 -0.054432 -0.0615839 0.0115641 0.0226307 -0.00145485 0.083194 -0.00137686 -0.00103504 -0.000111806 0.0134923 -0.0247739 0.00562244 -0.003426 -0.00148329 -0.0168895 -0.0182538 0.0640827 0.00414169 0.0104829 4.38166e-05 0.00177344 0.00757046 -0.00151779 -0.00107895 -0.00468431 -0.013251 0.0631973 -0.0423375 0.0365209 -0.0371986 -0.00696269 -0.0246055 -0.000573998 -0.0225659 -0.00196481 -0.00816387 -0.0144139 -0.00366655 -0.00581119 -0.00219561 -0.0467488 -0.00415869 -0.041286 0.00747867 0.00177514 -0.0178526 -0.000198958 -0.00574227 -0.00019996 0.000354413 0.0295222 0.00930351 0.0458585 0.000495441 -0.0393799 -0.0012983 -0.00149356 -0.00221322 0.00345647 0.0177934 -0.0253564 -0.0116484 -0.00253065 -0.0323564 0.00487443 0.0027097 0.0217064 -0.00115231 0.00632118 0.00256709 -0.00791508 -0.00558572 
0.0060604 0.00400285 -0.000277923 -0.0513108 0.00504351 0.000771549 -0.0505921 0.0120496 -0.0230752 0.000363246 0.00196935 -0.0286171 -0.00632964 0.089971 -0.00383399 0.00448849 0.0065836 0.00584954 -0.00453405 -0.0161375 0.0047979 -0.0281471 -0.0314232 0.0747593 -0.00837941 0.0793606 -0.0336321 -0.054432 0.248972 0.0450726 0.00128897 -0.00322887 7.6405e-05 -0.130469 -0.000174862 0.000661375 -0.000456635 0.00718596 0.0131007 -0.00607833 0.00231931 -0.00122844 -0.0121093 -0.0201173 -0.051138 -0.00925619 -0.016492 0.0011252 0.0306375 -0.000347503 -0.0048845 0.000945028 0.00708398 0.0295624 -0.00472649 0.06019 -0.00751823 0.0323704 -0.0203189 0.0287163 0.00103496 -0.00347232 0.00123143 -0.0125387 -0.00183037 -0.00172336 0.00687344 0.00907044 0.00721216 -0.00239074 -0.0511626 -0.0102204 -0.00285295 0.00481237 0.00220996 0.00145476 -0.000276952 -0.00512701 -0.0708221 -0.0147325 -0.00146596 -0.0051315 0.0104655 -0.00318331 -0.000936904 0.00134444 -0.00641683 -0.0400183 -0.00906067 0.00529872 0.000507388 0.0332637 0.00807786 0.00571955 -0.0441398 0.00219547 -0.00838866 -0.00776694 0.0115719 0.0152032 
0.00249998 0.000449158 -0.000548926 -0.062791 0.00625548 0.000555473 0.00117493 0.0197248 -0.00875518 -9.89114e-05 -0.000195126 -0.0767319 5.38838e-06 0.0474341 -0.0493013 -0.00323477 0.0119367 -0.0034328 -0.0060574 0.00242565 -0.00431991 -0.0173509 -0.0387336 0.0430023 -0.00933959 0.0339625 0.0405009 -0.0615839 0.0450726 0.249063 -0.0245514 -0.0260406 -0.0247632 -0.0455289 -0.00107133 0.000165288 0.000466739 0.0163903 0.0190002 -0.0288176 0.00298544 0.0010072 -0.0106047 0.0331032 -0.0367438 -0.0233829 -0.0125608 0.000448632 -0.0103594 -0.00714005 -0.00116785 0.000684589 -0.00277183 0.036182 -0.0605715 0.0593122 -0.0202447 0.024848 0.00772347 0.0114094 -0.00207008 0.00525909 -0.001183 -0.0118985 -0.00110536 -0.00326797 0.00895726 0.00265545 0.0157002 -0.00298611 -0.00377935 -0.00545583 -0.00282043 -0.00694259 -0.00166181 -0.00185692 -5.09389e-05 -0.0021356 -0.00358682 -0.026072 -0.082383 -0.00539322 0.0764389 0.000557107 -0.000765963 0.00129942 -0.0151117 -0.0509047 0.00209276 0.00752123 0.000256129 0.0325516 -0.00554469 -0.00379752 0.031838 0.00125461 -0.00774566 0.00604159 0.00865425 0.00844758 
0.00393954 -0.00308053 -0.000876407 -0.0117835 -0.00513373 -0.00138829 -0.0499134 -0.0210354 -0.000565447 -0.0041183 -0.00117416 0.0388948 -0.000239955 -0.0107055 0.0106447 -0.00247252 0.000756081 -0.000947558 -0.00488157 -0.000253754 -0.000594 0.00513113 0.0141781 -0.0239897 -0.000419573 -0.017498 -0.00408944 0.0115641 0.00128897 -0.0245514 0.172609 0.0171214 0.00382054 -0.0241941 -0.000755861 0.000157057 3.06733e-05 -0.00761781 0.00142022 0.00364341 -0.00126437 -7.06286e-05 0.00449233 -0.0185745 0.00169529 0.0116543 -0.000842155 -0.00122098 0.019372 -0.00478353 -0.000973427 -0.000320765 0.000923114 0.0151781 0.0253109 -0.00598768 -0.00272884 0.000609229 -0.0117619 -0.00367075 0.00282027 -0.00631297 0.000688429 -0.00570471 -0.0058988 0.00111823 0.00152809 0.00528324 -0.0362193 0.000790851 -0.00267756 0.00412992 -0.000613401 0.00797735 1.80108e-05 0.000924364 0.000150167 0.00192977 -0.027273 0.00306315 0.0267423 -0.00108696 -0.0272766 0.00041161 -0.000460538 -0.000819042 0.00132856 -0.0122072 -0.00314749 -0.00297668 -0.00101926 -0.00816971 -0.000640243 0.00502064 -0.00918006 -0.000419807 -0.000836938 -0.00196078 -0.00513493 0.00615498 
-0.0016416 -0.00434121 0.000118192 0.0122 -0.00265329 -0.000588255 -0.0127821 -0.012377 0.0101376 -0.00292641 6.00216e-05 0.0172148 0.000476033 -0.014248 0.00568856 -0.00140744 -0.0375426 -0.00110627 0.000228851 -0.00655914 0.00704536 0.00144891 -0.00486393 -0.0201032 0.0012199 -0.013253 -0.0197604 0.0226307 -0.00322887 -0.0260406 0.0171214 0.10024 -0.0044795 0.0132587 0.000791039 -0.000129054 0.00097053 -0.0101524 -0.00531885 0.0138407 0.000387463 -0.000450248 -0.00283526 -0.0105848 0.00269348 0.00215106 -0.0022529 6.6464e-06 0.00924446 0.00139602 -0.000808255 -0.000391486 -0.000936611 0.000742841 0.0218756 -0.0118799 -0.00230967 -0.00818583 -0.00523195 -0.00261621 0.00151519 -0.00327295 0.000183693 0.00152896 -0.00416711 0.00341385 0.00116025 0.00720522 -0.0280747 0.000811783 -0.0164861 -0.000453113 0.00313893 0.00251513 0.00189059 -0.00293805 0.00020987 -0.000518052 0.010029 -0.0045153 0.0118487 0.003452 -0.011584 -0.00132471 1.70583e-05 -0.000399436 0.0109627 0.0199755 -0.00277413 -0.00287884 -0.000568432 -0.00535877 0.000668142 -0.000331526 -0.0100965 -0.000193115 0.00312614 0.00639679 -0.00276177 -0.00055554 
0.00118835 0.00608981 -0.000103347 0.00685509 -3.42606e-05 -0.000376417 -0.00216487 0.00331191 -0.0176369 0.00366686 -0.000139998 0.000446704 -0.000373928 -0.00415966 0.00920605 0.000236378 0.00696323 0.0041549 -0.00567889 -0.0103618 1.31344e-05 0.00185769 -0.000593623 -0.00349532 0.000774447 -0.0099859 -0.0114665 -0.00145485 7.6405e-05 -0.0247632 0.00382054 -0.0044795 0.0724738 -0.004332 -0.000295641 -7.94017e-05 -0.000235629 -0.00101854 -0.00355702 -0.00505435 0.00015362 -5.51735e-05 0.00769177 -0.00611345 0.00164412 -0.000673021 -0.00131628 -0.000307423 0.00287099 0.00620999 -0.000827008 -0.000148635 0.00608081 0.00164825 0.00507934 -0.00461932 -0.000328755 0.00086427 0.000943132 -0.00490859 4.90879e-05 0.000734454 0.000179564 -0.00125662 -0.00021349 0.00346967 0.00313478 -0.000626731 0.00196832 0.00133608 0.011413 -0.00121172 0.00334198 -0.00164393 -0.000607225 0.0014302 0.000170516 -0.000620086 -0.0126729 0.0131094 0.00748092 -0.000624353 -0.0188424 -0.000591666 -0.000138043 0.000209731 -0.00343454 -0.00723507 0.000968477 -0.00133087 -0.000202527 -0.00382874 -0.00209997 -0.00223498 -0.0061945 -0.000291794 -0.0007123 -0.00193162 -0.0018936 -0.00173881 
-0.00799532 -0.000384659 -0.000238214 0.0549163 -0.00408011 -0.000689036 0.050646 -0.021349 0.0368593 -0.00663466 -0.00159702 0.0503754 -0.00035618 -0.0800112 -0.00595884 -0.00473609 -0.0473095 -0.00650076 -0.0114204 0.020269 -0.00761038 0.0301985 0.0277161 -0.0739933 0.00122015 -0.0808701 0.0453912 0.083194 -0.130469 -0.0455289 -0.0241941 0.0132587 -0.004332 0.248905 -0.00123752 -0.00116188 0.000398595 0.00977293 -0.0172409 0.000660545 -0.00278725 -0.000871032 -0.0140919 0.00873521 0.0777262 0.010803 0.0109629 -0.00210558 -0.024959 0.00662307 -0.000147804 -0.000996183 -0.00613432 -0.0530897 0.00618451 -0.0643686 0.0232076 -0.0403989 0.0231024 -0.0304216 -0.0011548 -0.00576108 -0.00174962 0.00828257 -0.00943922 0.00155799 -0.0131806 -0.0133749 -0.0339561 -0.000492204 0.000854973 0.00806412 -0.00259664 -0.0120857 -0.00240021 -0.00254366 -0.000454421 0.00238653 0.0773233 0.000561767 0.00391504 0.000956125 -0.0184013 -0.000104736 -0.00102555 -0.00178674 -0.00140609 0.0539958 -0.0046767 -0.0089307 -0.000230167 -0.0338561 -0.0110857 -0.0131254 0.0437094 -0.00205096 0.0079352 0.00550858 -0.0114084 -0.0226298 
