0.0958439 0.026221 -0.000892187 0.00689706 -0.00422947 6.85125e-05 -0.00113336 0.0105621 0.0186455 -0.000929979 0.0152466 -0.012337 0.00657968 0.0213025 -0.0109636 0.00134499 -0.0182604 -0.0306485 -0.0311321 0.024388 0.00393901 0.000432487 0.00334362 -0.000342348 0.0106774 -0.0197414 0.00251763 -0.00169214 0.00657714 0.00394741 0.0130199 -0.0167177 -0.000146911 -0.020067 -0.011259 -0.00729884 -0.00507904 -0.000161521 -0.0177115 0.00779897 0.00605832 -0.000856381 0.000337514 -0.00567955 -0.0031482 0.00500477 -0.00343441 -0.00376066 0.0180515 -0.00044338 -0.0012245 0.00200427 -0.000366485 -0.0410282 -0.000201989 -0.00337981 0.00108988 0.00213682 -0.000643909 0.0011341 0.0141381 -0.0282894 0.00648096 -0.00804342 -0.00211633 -0.00746679 0.000251767 0.0231101 0.00159508 -0.0382284 -0.0140764 0.0066583 -0.00523927 0.000828075 0.00569575 -0.00162487 0.0011908 -0.000379719 0.001401 3.25404e-05 0.00219926 0.00756046 0.0291593 -0.0222996 -0.000595719 0.00205312 0.00874542 0.000188343 0.00413624 -0.000338336 -0.0163672 0.0252078 -0.00264047 -0.00232039 -0.000490369 -0.000152315 -0.0271906 -0.000621982 -0.000931945 -0.00147774 
0.026221 0.110896 0.00163545 0.000977781 0.000221153 -0.000602889 -0.00705707 -0.0163439 0.0181833 -0.00113204 0.0421636 -0.0275387 0.0201308 0.0141043 -0.0129294 0.00093641 -0.0405615 -0.0418716 -0.0370682 -0.00744179 0.00184122 0.00241151 0.00236298 0.0117513 -0.00285098 -0.0226436 0.0158192 -0.00287528 0.00974375 -0.00678424 0.0324954 -0.0245068 -0.00247233 -0.0190489 -0.00273406 0.00843748 0.00573655 -3.11907e-05 -0.00860114 -0.00590452 0.00635023 0.000185319 0.00257095 -0.00847596 -0.0076442 0.0135575 -0.00345052 -0.00172657 0.0170053 -0.00063083 -0.000765182 0.00344257 0.000116216 -0.0388428 -0.00111153 0.017573 0.00382786 0.0023696 -0.0059963 0.00199933 0.0369753 -0.0296357 0.0403997 -0.0108849 -0.002595 0.0119763 -0.000140817 0.0201141 0.000281723 -0.0525032 -0.016965 0.0229022 0.000644651 0.00259715 0.0137953 -0.000873793 0.00806037 -0.00480412 0.00816311 -0.000156222 0.000554268 0.00440387 0.0213348 -0.034115 -0.000767229 -0.000615783 -0.0117905 0.00111508 0.00715092 -9.60579e-05 -0.019518 -0.00857329 -0.00151041 -0.00246894 -0.000579438 -0.00190045 -0.031 -0.0012996 -0.00308081 -1.79886e-05 
-0.000892187 0.00163545 0.0190382 0.000947763 -0.000574625 6.53205e-06 -0.00129287 0.000733839 0.000270175 0.00012473 0.00213511 -0.00153447 0.00266904 0.00670932 -0.00161115 -0.000836971 -0.00332703 -0.00486795 -0.00659526 -0.00313038 -0.000737645 -0.00522462 0.00363641 0.00287559 -0.00136085 -0.000179225 0.00379952 -0.000474687 -0.00117006 -0.00287446 0.00450518 -0.00227039 -0.000523417 -0.00382788 -0.00205504 0.000418691 0.00770574 -3.84969e-05 0.0012912 -0.0019016 -0.000254521 0.000103374 0.000118649 -0.000943576 0.00077252 -7.6982e-06 -7.3347e-05 0.000246048 -0.0015682 6.01041e-05 -0.000201599 0.000199748 -5.85033e-06 -0.0049061 -0.000208877 0.00526988 -0.000420146 0.000304825 -0.000998829 0.000234306 0.000903182 -0.00618638 0.00666375 -0.000119646 -0.000284003 0.00201855 1.56432e-05 -8.13828e-05 -0.0002766 -0.00680478 -0.00226011 -0.000645859 0.00126586 0.00379317 -0.000891044 0.000546637 0.000979349 0.000718715 0.00101142 0.000129089 -0.00116057 -0.00104202 0.00387399 -0.00436802 -7.98149e-05 -0.000103597 -0.000361843 -0.000161052 -9.97438e-05 4.98691e-05 -0.00306027 -0.00340513 -0.000256576 -0.000220323 0.000516763 0.00363409 -0.00248027 9.30955e-06 -0.000422572 -0.000279688 
0.00689706 0.000977781 0.000947763 0.047372 -0.000344671 -1.32041e-05 0.00574411 -0.00108133 0.00426561 0.00116768 0.0156528 -0.00795537 0.00235251 0.010643 -0.00389333 0.0128336 -0.00905214 -0.0154235 -0.0216544 0.00882598 -0.000718177 -0.00112634 0.0133133 0.0144601 0.00545734 -0.00151618 -0.00101091 -0.00110686 -0.00151015 -0.00359815 -0.000315895 -0.00879448 0.000895223 -0.0123717 -0.00644194 -0.00550584 9.16434e-05 0.000295231 0.0116145 0.00161853 0.00583544 0.000645554 -0.000255674 0.00156522 0.00145851 0.00120647 0.000742705 0.000800518 -0.00381429 9.50008e-05 0.00127926 -0.000125587 -0.00021699 -0.0184873 0.000840736 -0.00382002 -0.000137438 7.94347e-05 -0.00173027 0.00250198 0.00295765 -0.0161797 -0.000551309 -7.07746e-05 0.000154231 0.000482184 -0.000175638 0.00630614 -0.000803482 -0.0193684 -0.0060838 -0.0032 -0.00132959 -0.00187133 -0.00427119 -0.0013162 -0.000551199 -0.00142233 -0.000278389 0.000407011 -0.000932102 -0.000963206 0.0107139 -0.0125995 -0.000308015 0.000473059 -0.00232768 -3.49488e-05 -0.000444754 -0.000109609 -0.00592958 0.0106811 -0.00163232 -0.00136747 0.000209404 0.00343804 -0.000849531 0.000359495 -0.00120602 -0.000458748 
-0.00422947 0.000221153 -0.000574625 -0.000344671 0.0479517 0.000114516 0.00534775 -0.00937266 0.00364747 0.000495394 0.0168978 -0.00961163 0.0135632 -0.00409208 -0.00330692 -0.00288619 -0.00771388 0.00714995 -0.00947841 -0.0181231 -0.000936316 0.00305257 -0.0128634 0.00111739 -0.00456702 0.016622 0.000633797 7.82223e-05 0.00248847 -0.00740029 0.000539648 -0.00577323 -0.000589694 -8.12847e-05 0.0164852 -0.00646193 -0.00109582 3.90684e-05 0.0162633 -0.00184709 -0.000316628 0.000892431 -0.000114308 -0.00310121 0.000547369 -0.00128228 0.000117728 0.000548794 -0.00373557 2.76227e-05 -0.000389307 8.26687e-06 0.000603196 0.00492257 -0.000569867 0.00211782 -0.00080462 -0.000246457 -0.00152172 -0.000726845 0.00499337 -0.0110635 0.0187652 -5.43338e-05 0.00119909 -0.00217086 -0.000292827 0.00250247 -0.00078246 -0.0155097 -0.0067692 -0.00528249 0.0114951 -0.000468436 0.00993995 -0.00108244 -0.000592437 0.00761009 0.000279708 -1.70349e-05 -0.0011227 -0.00383163 -0.00413599 -0.0142528 0.000704122 -0.000201044 -0.00491505 -0.000615383 0.00158071 0.000359673 -0.00470392 -0.0239801 -0.000809416 -0.000531213 -0.000175303 -0.00214531 0.0067295 -0.000107158 0.000642626 0.000475272 
6.85125e-05 -0.000602889 6.53205e-06 -1.32041e-05 0.000114516 0.0050538 -0.00034189 4.51345e-05 -0.000332179 8.7575e-05 -1.74082e-06 -0.000224065 -0.000132911 0.00155655 7.22693e-05 -0.000110847 0.000893034 -0.0010586 -0.000933349 0.000798021 0.00106777 -0.00150214 -0.00068994 0.000698137 0.00153911 -0.000855926 -0.000283323 -0.000158428 0.000247952 -0.000441629 -0.000253395 9.99862e-06 -6.44462e-05 -0.000437351 -0.000256516 -0.000590556 -0.000189677 -6.33316e-06 0.000608607 -0.000564888 -8.55843e-05 0.000129928 -2.73974e-05 -0.000143816 0.000518526 -0.000188941 -0.000140429 -0.000171748 -0.000365649 2.93545e-05 -4.61361e-05 -2.85185e-05 3.8072e-05 -0.000674035 3.25701e-05 -0.000176109 0.000105221 0.000333981 0.000121805 2.31626e-05 -0.000160268 -0.00142552 -0.000626027 0.000784371 0.00109546 -0.000180562 6.89717e-06 -2.11997e-06 -5.86088e-05 -0.00147042 -0.000136972 -0.000527308 -0.000243943 -5.72278e-05 0.000413408 6.0247e-05 -7.27339e-05 0.000165462 -0.000132943 1.31955e-06 -0.000287693 -0.000377243 -0.000512542 -0.000370968 8.33381e-05 0.000251719 0.00149867 9.90927e-05 -1.05594e-05 -3.2197e-05 -0.000425577 -0.000967708 6.33593e-05 5.96458e-05 2.74763e-05 0.00131273 0.000145582 -3.28511e-05 -9.44236e-05 3.2075e-05 
-0.00113336 -0.00705707 -0.00129287 0.00574411 0.00534775 -0.00034189 0.12235 0.0134519 0.00506888 0.00274333 0.0106498 -0.016684 0.0191736 -0.0200402 -0.00975288 0.0171694 -0.0126724 0.0237846 -0.00352935 -0.0209506 -0.00779823 0.0109948 -0.0319061 -0.0251283 -0.0082955 0.0316475 -0.00456181 0.00212209 0.00707931 -0.0160067 -0.0148877 -0.00268102 0.0104665 -0.00542945 0.0313935 0.00346325 -0.00833593 0.00104638 0.0363832 0.0108179 -0.00156819 0.000609253 -0.000458645 0.00206929 -0.00640196 -0.000482968 -0.00266233 0.00359326 -0.0116893 9.01712e-05 0.00192704 -0.000601942 -0.000287945 0.00142787 -0.00165298 -0.00542899 0.00271849 -0.00114069 0.000464963 -0.00105667 -0.00318951 -0.0344686 0.00029176 -0.00850648 -0.00455497 -0.0101556 -0.00092513 0.0128495 -0.00121302 -0.0183602 -0.0131031 0.0100035 0.00315789 -0.0052889 0.00227329 -0.00204814 0.000398073 0.00168236 0.000694095 -0.000606364 0.00128111 -0.00777337 -0.026757 0.000723784 -7.32411e-06 -0.00135456 0.0119246 -0.00166381 0.00390198 0.000987768 -0.0252063 -0.0132719 -0.00349926 0.000804652 0.000404966 -0.00591772 0.00741719 -0.000918723 0.0013734 -0.00326063 
0.0105621 -0.0163439 0.000733839 -0.00108133 -0.00937266 4.51345e-05 0.0134519 0.203024 0.0120976 0.00282329 -0.0076151 0.00779402 0.0244641 0.0157702 0.0010403 0.0150138 -0.0542652 -0.0330327 -0.0196647 0.00640287 -0.0125056 0.0143376 -0.00510471 0.0217755 -0.0196277 -0.0127122 -0.00929406 -0.00216578 -0.0127687 -0.0440249 -0.00213988 0.0196268 0.0111126 -0.0219508 -0.0334342 0.0514848 0.000184059 2.13574e-05 0.0290862 0.0494895 -0.00300985 -0.00221496 -0.00115338 -0.00292872 -0.00870665 -0.00112583 0.00685698 0.0171719 0.00675365 -0.00102637 -0.00214236 -0.00148121 -0.000118177 -0.0394208 0.000573321 -0.0139238 -0.00434012 -0.00284021 0.00158027 0.0023221 -0.0120539 -0.00126886 -0.0298324 -0.00153626 -0.00542881 0.00198175 -0.000136249 0.0274076 -0.000710079 -0.0133438 -0.0290692 0.0258267 -0.0151595 -0.00604034 -0.0245428 -0.00326859 -0.00454198 -0.000743596 -0.00356061 -0.000915523 -0.000444967 -0.015999 0.0091965 -0.046667 0.00122708 -0.00179488 0.00411268 -0.00287533 -0.00437674 -0.00124279 -0.0111951 0.0412779 0.000141063 0.00251887 -0.000621206 -0.00577992 -0.00387556 -0.00269777 -0.00579108 -0.00223966 
0.0186455 0.0181833 0.000270175 0.00426561 0.00364747 -0.000332179 0.00506888 0.0120976 0.0797128 8.34132e-05 0.0248084 -0.0156641 0.0114237 -0.00365545 -0.00707369 0.00625532 -0.0293496 -0.0258872 -0.0299069 -0.0136068 -0.00123394 0.010469 0.00898408 0.0094594 -0.00644193 -0.00353235 0.0064578 -0.00126087 0.010256 -0.000751574 0.0182866 -0.0195088 0.00204453 -0.0173169 -0.00260143 -0.000370528 -0.00135276 1.17815e-05 0.00997245 0.0126522 0.000265575 0.000457672 0.00119114 -0.00442412 -0.00488689 9.26734e-05 0.00281218 0.006314 0.00539097 -0.000282317 0.000638318 0.000649611 7.62894e-05 -0.0132892 0.000155933 -0.00261727 -0.00214034 -0.000699077 -0.00347725 0.00121781 0.0105746 -0.019613 0.0220113 -0.00532575 -0.00100645 0.00962954 0.000212316 -0.00293843 -5.57406e-05 -0.0315393 -0.0123787 0.00977833 0.00100464 -0.00242085 0.00129077 -0.00231587 0.00523557 -0.00439768 0.000577548 -0.000300011 0.00270926 -0.00461425 0.0233793 -0.0205795 0.000531644 -0.000569613 -0.00954712 0.000542547 0.0027287 0.000114001 -0.0153796 -0.00978849 -0.000865711 -0.00220244 -0.000166465 -0.00284171 -0.0186957 -0.000629841 -0.00145492 -0.00134758 
-0.000929979 -0.00113204 0.00012473 0.00116768 0.000495394 8.7575e-05 0.00274333 0.00282329 8.34132e-05 0.0187613 0.00243737 -0.00259319 -0.0042886 -0.00346029 -0.000714033 0.000366804 -0.00334706 -0.000750634 0.0020341 -0.00366003 -0.00109934 0.00181271 -0.00230035 -0.00147366 -0.00126455 0.00174689 -0.000268497 9.78986e-05 -0.00129055 -0.000156467 -0.00112461 -0.00235849 -0.00029263 -0.00266744 -0.00186793 0.00189832 -0.000652866 -1.76857e-05 0.00535294 0.000139481 -3.78414e-05 -0.000147681 5.52014e-05 0.00570563 -0.000544555 -0.000625571 -0.000628621 -3.25e-05 -0.00178816 0.000173138 0.00145927 -0.000139916 -7.77107e-05 0.00282508 -0.000199187 -0.00133252 -0.000367814 -0.000249923 -0.000553784 -0.000141502 -0.00149462 -0.00168333 -0.000924371 0.000137094 2.18134e-05 -0.000612994 2.82433e-05 0.00091525 -0.000287234 0.00259785 0.00333671 -0.00185899 -0.000618452 -0.000806302 -0.00169406 -0.00027548 -0.000199897 0.000412865 -0.000407634 -5.52419e-05 1.80768e-05 -0.000980617 -0.00416657 -0.00195976 0.000229892 -0.000217946 -0.000755296 -3.80433e-05 -1.75175e-05 -1.0437e-05 -0.00182404 -0.000564974 -0.000237863 0.000325127 0.000300336 -0.00120287 0.00751052 -0.00014296 -0.000365959 -0.000243669 
0.0152466 0.0421636 0.00213511 0.0156528 0.0168978 -1.74082e-06 0.0106498 -0.0076151 0.0248084 0.00243737 0.210604 -0.043067 0.0429255 0.0501182 -0.0111498 0.0238688 -0.0609586 -0.0581931 -0.110045 -0.0316615 -0.00855153 -0.0148839 0.0286788 0.0506462 -0.00758237 -0.0104401 0.0357698 0.00139128 0.024904 -0.0343219 0.0427948 -0.0367959 0.00333577 -0.0767382 0.0133543 -0.0127914 0.019464 7.14539e-05 0.0642917 0.010826 0.0103793 0.00368988 0.00154825 -0.0138756 -0.00422759 0.00664136 -0.00192683 0.00641842 -0.0119046 -0.000485554 0.0019477 0.00141251 0.00174623 -0.07269 -0.00263612 0.0546545 0.000219433 0.00185549 -0.00561045 0.00026285 0.0369344 -0.0831922 0.077312 -0.0243792 -0.00151915 0.0129076 0.00033269 0.0377582 -0.00376153 -0.123354 -0.0408563 -0.00957557 0.0120447 0.0056714 0.0437132 -0.00587718 0.00934871 -0.00224209 0.011144 0.000719492 -0.00493062 -0.0168499 0.0376022 -0.0823648 -0.00164638 0.00152072 -0.0154262 -0.000535821 0.0135035 0.00034951 -0.0419 -0.0328618 -0.00450927 -0.0072043 -0.000104552 0.0233417 -0.0193551 -0.00114053 -0.00297 -0.00330467 
-0.012337 -0.0275387 -0.00153447 -0.00795537 -0.00961163 -0.000224065 -0.016684 0.00779402 -0.0156641 -0.00259319 -0.043067 0.178515 -0.051109 0.00875832 0.0135379 -0.013724 0.0420016 0.0299639 0.0288025 0.0107165 0.00507212 -0.0353844 0.0373113 -0.0131121 -0.00507577 -0.0154589 -0.00373785 -0.000595275 -0.00950515 0.0206088 -0.0235244 0.0594948 -0.0032658 0.0203412 -0.0375274 -0.0209555 -0.000541836 -0.000581238 -0.0758451 -0.00596244 -0.00146261 -0.00191252 -0.000162153 0.00256046 0.0010655 -0.00793206 -0.00707616 -0.00824154 -0.00999634 0.000494162 -0.000743124 -0.00118881 -0.00143787 0.00637836 0.000762279 -0.0158018 -0.00506521 -0.000109103 0.00509059 -0.00129813 -0.0225732 0.0284319 -0.0332649 0.0117743 0.00496436 -0.0160788 0.00141933 -0.0252397 0.00183147 0.0418904 0.0213628 -0.0251595 -0.00957616 0.000709136 -0.0171235 1.897e-05 -0.00388478 0.0019646 -0.00588089 0.000651918 -0.0133748 -0.00940091 0.00591816 0.0678831 -0.000907416 -0.00172331 0.00864467 0.00054995 -0.00307615 -0.000575093 0.0220398 0.0172251 -0.000151251 0.006425 0.000399772 0.000196414 -0.0172574 0.00211455 -0.00359903 -0.00129541 
0.00657968 0.0201308 0.00266904 0.00235251 0.0135632 -0.000132911 0.0191736 0.0244641 0.0114237 -0.0042886 0.0429255 -0.051109 0.232423 0.0363361 -0.033262 0.00819119 -0.0562089 -0.0241739 -0.0593066 -0.0268619 -0.00437121 0.0344819 -0.0498247 -0.0069022 -0.00463778 0.0108431 -0.0124503 0.00499651 0.00871787 -0.0586408 0.00263682 -0.0397681 0.0107686 -0.0433372 0.0325358 0.0135254 -0.00723971 0.000940058 0.0616408 0.0213919 0.00697764 -0.000136012 -0.000875973 -0.025004 -0.0096441 0.00434999 0.00595315 0.0142943 -0.0225226 -0.000965148 0.000528337 0.00216442 0.00317101 -0.0294086 0.00314817 0.00823844 -0.000808413 0.00310358 -0.0146504 0.0020715 0.0652048 -0.0631296 0.0295932 -0.00441178 -0.00981332 0.0215687 -0.000868538 0.0776817 0.00193451 -0.0608553 -0.0471399 0.0309435 0.019874 0.0018631 0.0287188 0.00232349 0.000914618 0.00158051 0.0133984 -0.00139436 -0.00628141 -0.0126777 -0.0272112 -0.062983 0.00135068 0.00180877 0.0302446 -0.00265363 0.0050752 0.000933647 -0.0473616 -0.0314524 -0.00688561 -0.00548031 -0.000444495 -0.0147253 -0.0137192 -0.00185568 0.00391016 -0.00775819 
0.0213025 0.0141043 0.00670932 0.010643 -0.00409208 0.00155655 -0.0200402 0.0157702 -0.00365545 -0.00346029 0.0501182 0.00875832 0.0363361 0.192892 -0.00654225 0.00195318 0.00652 -0.0870609 -0.0960456 0.0290604 0.00813271 -0.0393684 0.0268338 0.0380341 0.0143067 -0.041786 0.028672 -0.00665275 0.00332531 -0.0275863 0.0328335 -0.0283659 -0.00202757 -0.0573894 -0.0279076 -0.0142809 0.0247204 -0.00033452 -0.00432503 -0.013759 0.0082342 0.00227365 -0.000205322 -0.0124332 -0.000467105 0.00750312 -0.00616853 -0.000884065 -0.00199601 -0.00118759 -0.00247689 0.000873305 -0.000316432 -0.0687895 0.00251324 0.0190723 0.00230503 0.0053671 0.00123704 0.0009497 0.0307049 -0.0709851 0.0370587 -0.00743124 0.0076609 -0.000891353 -0.000217028 0.050318 0.000250263 -0.0838966 -0.0345752 -0.01728 -0.000989332 0.0225771 0.016928 0.00600927 -0.000935653 -0.00858658 0.00241766 0.00231291 -0.0046736 -0.0123774 0.0658099 -0.0285274 -0.00205224 0.00335942 0.0393372 -3.61848e-06 0.00438323 -0.00141416 -0.0334246 0.00880923 -0.00663712 -0.00345258 0.00104352 0.0387317 -0.0560157 0.000359687 -0.00404426 -0.00296681 
-0.0109636 -0.0129294 -0.00161115 -0.00389333 -0.00330692 7.22693e-05 -0.00975288 0.0010403 -0.00707369 -0.000714033 -0.0111498 0.0135379 -0.033262 -0.00654225 0.112658 0.000742825 0.0250948 0.0080159 0.0145778 -0.00590054 -0.00266614 -0.0233815 0.0158911 -0.0149717 -0.00692665 0.0073599 0.00313567 0.0018106 -0.00536577 0.00330733 -0.011353 0.0228096 -0.00365104 0.000748835 -0.0010738 -0.0149423 0.00175259 -8.92843e-05 -0.0107972 -0.00648204 -0.00294161 -0.000671293 -0.000493072 0.00140428 0.00427558 -0.00458559 -0.000447255 -0.00416636 -0.0100588 0.000183601 -0.00128845 -0.000783664 -0.000871486 0.0166015 0.000347971 0.00129494 0.00217259 -0.000721159 0.00677259 -5.69264e-05 -0.0164214 0.0028546 -0.00962857 0.00460893 0.00250259 -0.00512008 0.000735888 -0.0312225 -0.00195429 0.0146654 -0.000718692 -0.0119662 -0.0039411 0.000929543 -0.0092634 7.80712e-05 -0.00182936 0.000949038 -0.00388717 0.000600583 0.00121449 -0.00542156 0.0206005 0.0323637 -0.000330667 -0.000705454 -0.00809486 0.00188013 -0.00268584 -0.000567266 0.00291705 -0.00877659 0.00295821 -0.000322613 0.000137824 0.00191473 -0.000415101 0.000788611 0.00270966 -0.00185921 
0.00134499 0.00093641 -0.000836971 0.0128336 -0.00288619 -0.000110847 0.0171694 0.0150138 0.00625532 0.000366804 0.0238688 -0.013724 0.00819119 0.00195318 0.000742825 0.0823784 -0.0243469 -0.012338 -0.0242372 0.0140798 -0.00485832 0.00817081 0.00562718 0.00625852 0.00326883 -0.0104982 0.00336184 0.000624069 -0.00228393 -0.00669621 -0.00881171 0.000614594 0.00818349 -0.0243456 -0.0107074 0.00699452 -0.00256149 0.000997179 0.0235945 0.0167104 0.00423159 0.000423461 -0.000261455 -0.0019649 -0.00261264 0.00456713 0.00497922 0.00725287 -0.0050274 -0.000520899 0.00133669 -0.000243209 -0.000394897 -0.0258741 -0.000753245 -0.0043244 0.000222542 -0.000695198 -0.00384206 0.00308849 0.0012562 -0.0186396 -0.00785576 -0.00426576 -0.00137877 -0.00137442 0.000113383 0.0131453 -0.000444954 -0.0367908 -0.00832286 0.0109277 -0.00461264 -0.00431701 -0.00516246 -0.00251901 0.000467707 -0.00257444 -0.000935295 -0.000146813 -0.00200036 -0.00439935 -0.00650936 -0.0239166 -7.32906e-05 0.000699414 -0.00162555 -0.000488657 -0.000345141 0.000203613 -0.00367526 0.0222868 0.00146866 -0.00169352 0.000247581 0.000427366 -0.00205519 -0.000648406 -0.00205494 -0.00230272 
-0.0182604 -0.0405615 -0.00332703 -0.00905214 -0.00771388 0.000893034 -0.0126724 -0.0542652 -0.0293496 -0.00334706 -0.0609586 0.0420016 -0.0562089 0.00652 0.0250948 -0.0243469 0.243654 0.0138761 0.0394981 0.0386227 0.0107726 -0.0229933 0.0275637 -0.0159925 0.0366535 -0.0206218 0.0111252 0.000727683 -0.0235099 0.0507685 -0.015746 -0.0148602 -0.00736583 0.0367922 -0.00896083 -0.0603657 0.000993303 -0.000738713 -0.0599509 -0.0495893 -0.0116675 0.000433637 -0.00153543 0.0142904 0.00988211 -0.0147229 -0.0097105 -0.0153562 -0.0187648 -0.000138871 -0.000108427 -0.00299623 -0.00263053 0.0740191 0.00123637 -0.0291404 -0.000342428 -0.00197767 0.00777584 -0.0040844 -0.0464116 0.0255887 -0.0284717 0.0218909 0.00529665 -0.0339564 -0.00114874 -0.0386642 -0.00108991 0.0592229 0.0486711 -0.0426828 -0.0183149 0.0109716 -0.025627 0.0026175 -0.0067644 -0.017619 -0.0126493 0.00132877 -0.00641248 -0.00508704 -0.00095565 0.109508 -0.00137462 -0.000126456 0.0158158 -0.000449555 -0.00712623 -0.00237158 0.023413 0.00398907 -0.00494737 -0.0036898 -0.00213301 0.0212348 -0.0070666 0.00297337 0.00529572 -0.0019375 
-0.0306485 -0.0418716 -0.00486795 -0.0154235 0.00714995 -0.0010586 0.0237846 -0.0330327 -0.0258872 -0.000750634 -0.0581931 0.0299639 -0.0241739 -0.0870609 0.0080159 -0.012338 0.0138761 0.248856 0.0965235 -0.0252705 -0.0169815 -0.00667021 -0.0428264 -0.0610733 -0.0336817 0.0568263 -0.0248235 0.00738357 0.000282218 -0.00156383 -0.0478071 0.0525287 -0.00867948 0.0468034 0.0401661 -0.0119035 -0.0177343 0.00023197 0.0150753 -0.019716 -0.0119153 -0.00127868 -0.000674841 0.00342895 0.0132105 -0.0144557 -0.00125907 -0.00740302 -0.030321 0.00130934 -0.00221361 -0.00147184 -0.000909785 0.0828397 -0.000218936 -0.000468731 -0.0063647 -0.00494839 -0.00130303 -0.0063506 -0.0435595 0.0561533 -0.0354727 0.0103921 -0.00665079 -0.00447014 -0.000706789 -0.0506585 -0.00418689 0.0852036 0.0301426 -0.0320703 0.00643969 -0.00954547 0.00491772 -0.00128412 -0.00365403 0.0121769 -0.00929057 -0.00151521 -0.00818959 -0.00860215 -0.0736989 0.0383758 -0.000278435 0.000118542 -0.0080881 -0.0027058 -0.00542225 0.0025909 0.0356313 -0.0237507 0.00915824 0.00641197 0.000851941 -0.0259435 0.059871 0.00200626 0.00309285 -0.00645118 
-0.0311321 -0.0370682 -0.00659526 -0.0216544 -0.00947841 -0.000933349 -0.00352935 -0.0196647 -0.0299069 0.0020341 -0.110045 0.0288025 -0.0593066 -0.0960456 0.0145778 -0.0242372 0.0394981 0.0965235 0.249437 0.00537771 0.00285874 0.0158223 -0.0695492 -0.071561 -0.00742338 0.0288669 -0.0369776 0.00865412 0.00124406 0.0265631 -0.0445338 0.0214239 -0.00787155 0.0792609 0.0303799 0.0163117 -0.0292793 -0.00105982 -0.031314 -0.0144873 -0.00955631 -0.00426346 -0.000833157 0.0141268 -0.0114326 -0.0116469 -0.00067097 -0.00391848 0.0133534 0.000174667 -0.000237763 -0.00124795 -0.00186276 0.091428 4.31138e-05 -0.0431031 -0.00276147 -0.00542791 0.00451704 -0.00326438 -0.0533604 0.113845 -0.0673402 -0.00536102 4.40769e-05 -0.0237507 -0.00146219 -0.0549391 0.00152357 0.140972 0.0426601 -0.00230167 -0.0145508 -0.0195652 -0.0173993 0.00111658 -0.00471598 -0.000215818 -0.0122539 -0.00174351 0.00509441 0.0158563 -0.0733432 0.0727242 0.00142531 -0.000907666 -0.0250972 -0.00111694 -0.0101946 0.00055109 0.0438395 0.00191328 0.00661247 0.00874325 0.000101558 -0.0313559 0.0245543 0.000374761 0.00502558 0.00660025 
0.024388 -0.00744179 -0.00313038 0.00882598 -0.0181231 0.000798021 -0.0209506 0.00640287 -0.0136068 -0.00366003 -0.0316615 0.0107165 -0.0268619 0.0290604 -0.00590054 0.0140798 0.0386227 -0.0252705 0.00537771 0.222874 0.0108286 0.000589815 0.0144069 0.00705928 0.0310459 -0.0786606 -0.0108629 -0.0141091 -0.00876422 0.039064 -0.00974608 0.00256105 0.00477268 -0.0157674 -0.0643362 0.0212459 -0.0128931 -0.000219213 -0.03481 -0.00237046 0.000522257 4.33641e-05 -0.000347863 -0.00827565 -0.00821829 -0.00152332 -0.00464681 -0.00108853 0.0241366 -0.00152031 -0.0022479 0.00046632 -0.00264025 -0.0415498 0.00109592 -0.0422375 -0.00247185 0.000990856 0.00815769 0.00186345 -0.00855314 0.0196912 -0.047421 -0.0173305 0.00989236 -0.0230387 -0.000147105 0.0343511 0.00192219 0.00463322 0.00877532 -0.00075867 -0.0279691 -0.00205371 -0.0221352 -0.00543884 -0.00545125 -0.0162454 -0.0113913 -0.000234974 -0.00424317 0.0195101 0.00484295 -0.00376475 -0.00406362 0.00146707 0.0380181 0.00195531 -0.00686784 -0.00345906 0.00094611 0.100274 -0.0077237 0.000915712 -0.00212609 0.00953567 -0.0278637 -0.00167187 -0.00785035 -0.0030103 
0.00393901 0.00184122 -0.000737645 -0.000718177 -0.000936316 0.00106777 -0.00779823 -0.0125056 -0.00123394 -0.00109934 -0.00855153 0.00507212 -0.00437121 0.00813271 -0.00266614 -0.00485832 0.0107726 -0.0169815 0.00285874 0.0108286 0.0637498 -0.0173655 -0.0121796 0.0101424 0.0182324 -0.012789 -0.00407169 0.000144519 0.00344613 0.00656756 -0.00574042 -0.00420904 0.00174403 0.0126933 -0.000523348 -0.00613637 -0.00367076 -0.000175921 -0.0203685 -0.00232928 -0.000361525 0.00222259 5.52199e-05 -0.00427169 0.00786954 0.000151658 -0.00250466 -0.00281239 0.00786042 0.00101799 -0.000174781 0.000832707 -0.000318931 -0.00656754 0.00108757 -0.00560047 -0.00098304 0.000621173 -0.0023014 -0.000679323 0.00664722 -0.0104878 -0.00934756 0.000542926 0.00666413 -0.0048521 0.00164764 -0.00140997 0.00147105 -0.0069203 -0.0081123 0.00350152 -0.00227377 0.000497356 0.00151742 0.00479686 0.000575315 0.000810295 -0.000877861 0.000368621 -0.00169099 0.00354964 -0.00916435 -0.00280074 0.000986697 0.00192141 0.0144659 0.00377098 0.00165364 0.000291851 0.0102823 -0.0147562 -0.00162914 0.00348499 9.05141e-06 0.00742552 -0.00825233 0.00056949 -0.00115748 0.00192231 
0.000432487 0.00241151 -0.00522462 -0.00112634 0.00305257 -0.00150214 0.0109948 0.0143376 0.010469 0.00181271 -0.0148839 -0.0353844 0.0344819 -0.0393684 -0.0233815 0.00817081 -0.0229933 -0.00667021 0.0158223 0.000589815 -0.0173655 0.15278 -0.0335478 -0.0372404 -0.0101093 0.0101223 -0.0231732 -0.00125309 -0.00300724 0.00771124 -0.00320393 -0.0190292 0.00305102 0.0110976 0.0128885 0.0167197 -0.0198865 0.000325905 0.0382967 0.0147295 0.00310979 -0.00397192 -0.00210261 0.00913759 -0.0281204 0.00362732 0.00509466 0.00808721 0.00357575 -0.00228306 0.000277796 -0.000171185 0.000406474 0.0293416 -0.00148051 -0.0354677 -0.00110605 -0.000929811 -0.00672283 -0.000643362 0.0182453 0.0197716 -0.00828342 -0.000130852 -0.0191303 -0.00693348 -0.00213013 0.0263179 0.00150295 0.0339005 0.01208 0.0203521 -0.00496276 -0.0251294 -0.00890322 -0.0115639 -0.00250861 -0.00577486 0.00148992 -0.00261603 0.00857165 0.00584503 -0.0257972 -0.00738624 0.00037228 -0.00297981 -0.0118057 -0.00106866 -0.0045052 -0.00137834 -0.011436 0.0202814 0.000954954 -0.00695517 -0.00192331 -0.0298841 0.00465155 -0.00326095 0.00223727 -0.0017321 
0.00334362 0.00236298 0.00363641 0.0133133 -0.0128634 -0.00068994 -0.0319061 -0.00510471 0.00898408 -0.00230035 0.0286788 0.0373113 -0.0498247 0.0268338 0.0158911 0.00562718 0.0275637 -0.0428264 -0.0695492 0.0144069 -0.0121796 -0.0335478 0.246517 0.048121 0.00535546 -0.0351657 0.0383607 -0.0124991 -0.0218338 0.0364489 0.0194677 0.0172351 -0.00955529 -0.0442642 -0.0660308 -0.0525011 0.0281145 -0.0013115 -0.046993 -0.0105358 -0.00267766 -0.0003335 6.14553e-06 0.00905967 0.0105674 -0.0106886 -0.00278286 -0.0081549 -0.00843813 0.000983434 0.000390041 -0.00179252 -0.00166077 -0.0358563 -0.00332377 0.00635998 -0.00928763 -0.0020834 -0.00637074 -0.000817855 -0.0175534 -0.0107562 0.0110714 0.0110574 0.00605477 0.014392 0.00174009 -0.04983 -0.000703149 -0.0220996 0.013165 -0.0360524 -0.0068956 0.0147092 -0.0338291 -0.00235103 -0.00149369 -0.0137401 -0.0100954 0.00193786 -0.0112703 0.00638968 0.103738 0.0207311 -0.00285558 -0.00305925 -0.0269063 0.000399095 -0.00771873 -0.000299056 0.0158026 0.0469251 -0.00483422 -0.00296416 -0.000563853 0.0181083 -0.00980895 0.000766869 -0.00806391 -0.00243312 
-0.000342348 0.0117513 0.00287559 0.0144601 0.00111739 0.000698137 -0.0251283 0.0217755 0.0094594 -0.00147366 0.0506462 -0.0131121 -0.0069022 0.0380341 -0.0149717 0.00625852 -0.0159925 -0.0610733 -0.071561 0.00705928 0.0101424 -0.0372404 0.048121 0.212794 0.00890328 -0.0382057 0.0275435 -0.00696893 -0.0157143 -0.0185319 0.0361468 -0.0115548 0.000733055 -0.0388996 -0.0360615 0.0144455 0.0233731 -0.00091367 0.0102602 0.0146618 -0.00268445 0.00147897 0.000910276 -0.0179295 0.0166422 -0.00615171 -0.00498026 0.0030822 0.0142914 0.00184216 -0.000189129 -0.00186743 -0.000476163 -0.067727 -0.00101216 0.0199683 -0.00634253 0.000819816 -0.00206647 -0.00125112 0.000938283 -0.0197008 0.0141062 0.00485654 0.0091412 0.0276651 0.00132596 -0.0138459 -0.00463404 -0.0761132 -0.0412043 0.00222085 -0.00213672 0.0133888 -0.00400127 0.00313448 0.00432023 -0.0088856 -0.00174503 0.00189681 -0.00498168 -0.00344326 0.044947 -0.0604077 -0.00186262 -0.000592442 -0.0021843 -0.0016072 -0.00376411 -0.000587943 -0.000805447 0.00882783 -0.00323056 -0.0019463 -0.00106821 0.0340662 -0.0143064 -0.000922725 -0.00685214 0.00702425 
0.0106774 -0.00285098 -0.00136085 0.00545734 -0.00456702 0.00153911 -0.0082955 -0.0196277 -0.00644193 -0.00126455 -0.00758237 -0.00507577 -0.00463778 0.0143067 -0.00692665 0.00326883 0.0366535 -0.0336817 -0.00742338 0.0310459 0.0182324 -0.0101093 0.00535546 0.00890328 0.127279 -0.0190244 -0.00436819 -0.00137329 -0.00634571 0.0134951 -0.00469675 -0.0291615 0.000278115 -0.00971864 0.00056186 -0.0216028 -0.00699606 5.05848e-05 -0.0238475 -0.0130027 -0.00426036 0.00257801 -0.000483313 -0.00160166 0.00337725 -0.00133977 -0.000266269 -0.00559097 -0.00714031 -0.000615158 0.00219027 -0.000481181 -0.000578412 0.00328773 0.00155989 -0.0165937 0.00332049 0.00312626 -6.65825e-05 0.00157054 -0.00341589 -0.0133547 -0.0229092 0.0048595 0.00585337 -0.0124708 0.00012605 0.00863208 0.00137365 -0.00928345 0.00868254 -0.00415744 -0.00687792 -0.00556931 -0.00275561 -0.000445761 -0.00139174 -0.00606569 -0.00347373 -0.000172621 0.00172316 0.00439583 -0.00614123 0.0249083 2.78218e-05 0.00512927 0.0237821 9.51957e-06 0.00074601 -0.000658855 0.00119018 0.0154779 -0.00291827 -0.00166499 -0.000904118 0.0150954 -0.0140724 0.00132952 -0.00118757 -0.00256546 
-0.0197414 -0.0226436 -0.000179225 -0.00151618 0.016622 -0.000855926 0.0316475 -0.0127122 -0.00353235 0.00174689 -0.0104401 -0.0154589 0.0108431 -0.041786 0.0073599 -0.0104982 -0.0206218 0.0568263 0.0288669 -0.0786606 -0.012789 0.0101223 -0.0351657 -0.0382057 -0.0190244 0.188598 -0.0130912 0.00467089 0.00136006 -0.0444471 -0.0261879 0.0117949 -0.00278994 0.0375057 0.0667163 -0.0329416 -0.00952584 0.000484604 0.0544741 -0.0184093 -0.00602711 -0.000599473 -0.00134303 0.0122466 0.00502748 -0.00177761 0.009042 -0.00558145 -0.0238848 0.000828609 -0.000318545 -0.00109952 0.00203258 0.0338485 -0.000684853 0.00161798 0.00260941 -0.00231388 -0.00761589 -0.00214771 -0.0166824 0.00987294 0.00856374 0.00616305 -0.00718421 -0.000828863 -0.000859115 -0.0128661 -0.00256976 0.0272558 -0.010111 -0.0223699 0.0184914 -0.0104825 0.0133253 -0.00454152 -0.00264635 0.0153735 0.000458361 -0.000869447 -0.0044238 -0.0184244 -0.0277981 0.0260618 0.00211581 -0.00137188 -0.0140424 -0.00248966 0.00510764 0.0025913 -0.0127148 -0.0741677 0.00529203 -0.000663077 0.00181747 -0.0145983 0.0496666 0.00140871 0.00774587 0.00911893 
0.00251763 0.0158192 0.00379952 -0.00101091 0.000633797 -0.000283323 -0.00456181 -0.00929406 0.0064578 -0.000268497 0.0357698 -0.00373785 -0.0124503 0.028672 0.00313567 0.00336184 0.0111252 -0.0248235 -0.0369776 -0.0108629 -0.00407169 -0.0231732 0.0383607 0.0275435 -0.00436819 -0.0130912 0.0777724 -0.00119052 -0.000359601 -0.00612175 0.0315286 -0.0148239 -0.00226279 -0.0236893 -0.00931633 -0.0151281 0.0284075 -0.000302513 -0.0106716 -0.0099123 0.000979473 0.00108926 0.00133172 -0.00422652 0.00268386 -0.00194282 -0.00164188 -0.00262189 0.0028428 2.43614e-05 -0.000723943 -0.000220342 -5.74155e-05 -0.0258955 -0.00119988 0.0207842 -0.0012474 -0.000231258 -0.000636233 -0.000600113 -0.00516145 -0.0339853 0.0383915 -0.00321769 0.000394514 0.0042837 0.000125107 -0.0122977 -0.00124086 -0.0427813 -0.0107791 -0.00765196 0.00429773 0.0200667 0.000488791 0.00441203 0.00314953 -0.00475974 -0.000766006 0.00184429 -0.00560311 -0.00447523 0.0409212 -0.0139688 -0.0005737 -0.000652632 -0.00503625 0.000469603 0.00185564 0.000298913 -0.0144206 -0.0139436 -0.00206845 -0.00202137 4.55044e-05 0.0244915 -0.0203567 0.0003098 -0.000538974 -0.000187396 
-0.00169214 -0.00287528 -0.000474687 -0.00110686 7.82223e-05 -0.000158428 0.00212209 -0.00216578 -0.00126087 9.78986e-05 0.00139128 -0.000595275 0.00499651 -0.00665275 0.0018106 0.000624069 0.000727683 0.00738357 0.00865412 -0.0141091 0.000144519 -0.00125309 -0.0124991 -0.00696893 -0.00137329 0.00467089 -0.00119052 0.0360779 0.00621201 -0.00418525 -0.0034827 -0.00588471 0.0011719 0.00256957 0.0110981 -0.00475782 -0.00153013 -7.79003e-06 -0.00152704 0.0029267 -0.00054751 -0.000114249 2.29527e-05 0.00073513 0.00303207 0.000351581 0.00224406 0.00221592 -0.00313492 0.000160347 0.00074858 0.000525706 0.000345497 0.00319912 0.00153496 0.00337808 0.000613226 -0.000416413 0.000883849 0.000293899 -0.00296328 -0.00341865 0.000808509 -0.000649374 -0.00105116 -0.0030901 4.17629e-05 -0.000581883 -5.6168e-05 -0.00299112 -0.0020805 -0.00191862 0.00446886 -0.000589219 0.000949741 -0.000735889 0.000243694 0.00413742 -0.000953051 -9.23632e-05 -0.000316965 -0.0017796 -0.00700024 -0.000457918 0.000737231 0.00122164 -0.00323429 1.9358e-05 0.000600276 0.000743491 0.000264384 -0.0146183 -0.000273386 -0.00036587 2.32158e-05 -0.00183454 0.000737478 4.69481e-06 0.00113803 0.00183472 
0.00657714 0.00974375 -0.00117006 -0.00151015 0.00248847 0.000247952 0.00707931 -0.0127687 0.010256 -0.00129055 0.024904 -0.00950515 0.00871787 0.00332531 -0.00536577 -0.00228393 -0.0235099 0.000282218 0.00124406 -0.00876422 0.00344613 -0.00300724 -0.0218338 -0.0157143 -0.00634571 0.00136006 -0.000359601 0.00621201 0.0846781 -0.00472469 0.00427675 -0.0170066 0.00028422 -0.00325947 0.0248981 -0.000553519 -0.00375665 -8.04036e-05 -0.00365465 0.00227355 8.54969e-05 1.42371e-05 0.00125127 -0.00585933 -0.00249651 7.35411e-05 0.00169266 0.00329492 0.0080055 -0.00024236 -0.000119705 0.00210851 9.27542e-05 -0.0153725 0.000281298 0.0170206 0.00119866 4.43275e-05 -0.00102194 0.001832 0.0138576 -0.0244645 0.00933581 -0.00893327 -0.000971629 -0.00397744 0.000478358 0.00536463 -0.000495067 -0.0209479 -0.0116226 0.00327624 0.00235138 -0.0034467 0.0201193 -0.00103934 0.00159662 0.00107703 0.0019151 -0.000241256 0.00792796 0.000462738 0.000859915 -0.0147132 0.000448465 0.00216089 -0.0016381 0.000590913 0.00310512 0.000763543 -0.0155347 -0.0182228 0.000830058 -0.00101356 0.000186556 -0.00344818 -0.0151652 -8.21884e-05 -0.00107142 0.00260743 
0.00394741 -0.00678424 -0.00287446 -0.00359815 -0.00740029 -0.000441629 -0.0160067 -0.0440249 -0.000751574 -0.000156467 -0.0343219 0.0206088 -0.0586408 -0.0275863 0.00330733 -0.00669621 0.0507685 -0.00156383 0.0265631 0.039064 0.00656756 0.00771124 0.0364489 -0.0185319 0.0134951 -0.0444471 -0.00612175 -0.00418525 -0.00472469 0.1551 -0.00427883 -0.0077114 -0.0027799 0.007858 -0.0222139 -0.0222557 -0.00790642 -0.000571786 -0.0645179 -0.0115066 -0.00238717 -0.00055539 0.000720448 0.00805669 0.00197091 -0.00394632 -0.00562267 -0.00912406 0.00734039 -0.000221073 0.0012435 -0.000327618 -0.00136669 0.0181822 -0.00178345 -0.0211469 -0.0020969 -0.00142192 0.00876064 -0.000808869 -0.0180329 0.00646785 -0.0191478 -0.0132925 0.00629317 -0.00688137 0.00164641 -0.0346808 -0.000197755 0.0341699 0.0446356 -0.0101218 -0.00932584 -0.00503707 -0.0173817 -0.00177952 -2.98625e-05 -0.007679 -0.00536245 -0.000126378 0.0111037 0.0228067 -0.00342976 0.0517239 -0.00107951 -0.000264658 -0.00691833 0.00261102 -0.00305565 -0.000835616 0.041337 0.0377203 -0.00223063 -0.000604268 -0.00105461 -0.0064357 -0.0167197 0.00135834 -0.00170492 -0.00276891 
0.0130199 0.0324954 0.00450518 -0.000315895 0.000539648 -0.000253395 -0.0148877 -0.00213988 0.0182866 -0.00112461 0.0427948 -0.0235244 0.00263682 0.0328335 -0.011353 -0.00881171 -0.015746 -0.0478071 -0.0445338 -0.00974608 -0.00574042 -0.00320393 0.0194677 0.0361468 -0.00469675 -0.0261879 0.0315286 -0.0034827 0.00427675 -0.00427883 0.112641 -0.0205281 -0.00222613 -0.0275606 -0.0130183 0.00931265 0.0201081 -0.000287101 -0.00221492 -0.00523681 0.000435444 -0.000369347 0.00220489 -0.00945247 -0.00885439 0.00266793 -0.00510691 -0.00131747 0.0202161 -0.000807595 -0.00141505 -0.000131506 0.000508193 -0.037327 -0.00159349 0.0189598 -0.000344715 0.00191318 -0.00289474 -0.000172541 0.0149127 -0.0301313 0.0498206 -0.0109854 0.00142646 0.00384562 -0.000412143 0.00219054 -0.000622477 -0.0494398 -0.0177315 0.0186932 -0.000199743 0.0110384 0.00414048 0.000517771 0.00548468 -0.00713577 0.00614198 0.00176208 0.00187204 0.00243509 0.0460534 -0.032161 -0.000561885 -0.00136034 -0.0142646 0.000691556 0.000479358 -0.000900681 -0.020034 -0.0119798 -0.0029259 -0.00336051 -0.000583411 0.017926 -0.0423841 -0.000452302 -0.000610283 -6.64681e-07 
-0.0167177 -0.0245068 -0.00227039 -0.00879448 -0.00577323 9.99862e-06 -0.00268102 0.0196268 -0.0195088 -0.00235849 -0.0367959 0.0594948 -0.0397681 -0.0283659 0.0228096 0.000614594 -0.0148602 0.0525287 0.0214239 0.00256105 -0.00420904 -0.0190292 0.0172351 -0.0115548 -0.0291615 0.0117949 -0.0148239 -0.00588471 -0.0170066 -0.0077114 -0.0205281 0.199542 -0.0065055 0.0374759 -0.0297963 -0.00435354 -0.00579223 -0.00037484 -0.00479256 0.00504046 -0.00560872 -0.00229722 -0.000999114 -0.00775498 0.000775729 -0.00688363 -0.00714546 -0.00782555 -0.00883826 0.000363748 -0.00145026 -0.00167856 -0.00139676 0.0177541 -0.00150737 -0.00993395 -0.00531578 -0.00258948 -0.00653919 -0.00365194 -0.0192693 0.0517014 -0.0288851 0.0167942 -0.00234812 0.0014335 -0.000863464 -0.0278573 -0.00220344 0.0480646 -0.00270414 -0.0177045 -0.00478841 -0.00401312 -0.0148869 -0.000999116 -0.00501403 0.0126623 -0.00797524 -0.000567756 -0.00482105 -0.0138725 -0.0168735 0.026333 -0.00144016 -0.00308729 -0.00603892 0.00185543 -0.00560105 0.000170471 0.00591005 -0.00141955 0.00505114 0.010394 0.00125039 -0.0102761 0.0230782 -0.000420594 -0.00588696 0.00140935 
-0.000146911 -0.00247233 -0.000523417 0.000895223 -0.000589694 -6.44462e-05 0.0104665 0.0111126 0.00204453 -0.00029263 0.00333577 -0.0032658 0.0107686 -0.00202757 -0.00365104 0.00818349 -0.00736583 -0.00867948 -0.00787155 0.00477268 0.00174403 0.00305102 -0.00955529 0.000733055 0.000278115 -0.00278994 -0.00226279 0.0011719 0.00028422 -0.0027799 -0.00222613 -0.0065055 0.032295 -0.00858989 -0.00454365 0.0114287 -0.00215976 0.000259332 0.00460716 0.01581 0.00149043 -0.000110331 2.22377e-05 -0.00201208 0.000146751 0.00237809 -6.65716e-05 0.00406244 0.000270055 -2.04212e-05 4.68316e-06 0.000163403 0.000403833 -0.0147607 3.1477e-05 -0.00330638 0.00145589 0.000766444 6.49757e-05 0.000763146 0.00301183 -0.010635 -0.00433099 -0.00263609 0.000376451 -0.00237161 0.000229694 0.0132605 0.00118562 -0.0151844 -0.00458731 0.00893791 -0.00153248 -0.00145087 -0.000791211 -0.000721336 -0.000333483 -0.00132822 0.00151709 -0.000140024 -0.000512042 -0.000622386 -0.00830998 -0.0101997 0.000552889 -4.9029e-06 0.00453847 -0.000214179 0.00269109 -0.000138873 -0.00386654 0.00554911 -0.000798517 -0.000659924 -9.97628e-05 0.000958296 -0.00680945 -0.000282805 -0.000626916 -0.000245798 
-0.020067 -0.0190489 -0.00382788 -0.0123717 -8.12847e-05 -0.000437351 -0.00542945 -0.0219508 -0.0173169 -0.00266744 -0.0767382 0.0203412 -0.0433372 -0.0573894 0.000748835 -0.0243456 0.0367922 0.0468034 0.0792609 -0.0157674 0.0126933 0.0110976 -0.0442642 -0.0388996 -0.00971864 0.0375057 -0.0236893 0.00256957 -0.00325947 0.007858 -0.0275606 0.0374759 -0.00858989 0.213514 0.021513 -0.0238243 -0.0173704 -0.000144429 -0.04799 -0.025785 -0.0104852 -0.000974114 -0.00158513 0.00481443 0.00590311 -0.00503362 0.000672539 -0.011886 0.00889482 -0.000124361 0.000682579 -0.000351499 -0.00204348 0.0675138 -0.00229898 -0.0179364 -0.0030008 -0.00282868 -0.00333917 -0.00372054 -0.012818 0.0525722 -0.0315158 0.0218324 -0.00735614 -0.0184518 -0.00143779 -0.0438757 0.00159793 0.0821447 0.0128941 -0.00191913 0.000344236 -0.00950281 -0.0238985 0.00317161 -0.00305131 0.0216679 -0.00837589 -0.000750584 -0.00229131 -0.000747285 -0.0398802 0.0737349 0.000862344 -0.0026043 -0.0104331 0.00259463 -0.00714277 0.000814172 0.0139633 -0.0596799 0.00220487 0.00319329 -0.000801615 -0.0178887 0.0352951 0.00184663 0.00237219 0.0121408 
-0.011259 -0.00273406 -0.00205504 -0.00644194 0.0164852 -0.000256516 0.0313935 -0.0334342 -0.00260143 -0.00186793 0.0133543 -0.0375274 0.0325358 -0.0279076 -0.0010738 -0.0107074 -0.00896083 0.0401661 0.0303799 -0.0643362 -0.000523348 0.0128885 -0.0660308 -0.0360615 0.00056186 0.0667163 -0.00931633 0.0110981 0.0248981 -0.0222139 -0.0130183 -0.0297963 -0.00454365 0.021513 0.152222 -0.0238934 -0.010089 0.000163006 0.045702 -0.00896618 -0.00177791 0.00207278 -0.00059718 -0.00413806 -0.0041306 0.00174081 0.00455977 0.00334624 -0.0113598 0.000175645 8.85434e-05 0.000660286 0.00212389 0.0298173 -0.000225012 0.0116652 0.00471603 -0.00100322 -0.00222842 0.000133964 -0.00164241 -0.0147924 0.0214587 -0.00967806 -0.00580905 -0.00517462 -0.000464729 -0.00164243 -0.00217472 0.00757564 -0.0113961 -0.0112308 0.0163447 -0.00813872 0.0325086 -0.000935151 0.00307601 0.00647364 0.00653295 -0.000807328 0.00600789 -0.00877284 -0.0293247 0.00726002 0.00179714 0.00174808 -0.0147682 -0.00118901 0.00554742 0.00149571 -0.0200063 -0.0769119 0.00409202 -0.00386757 -0.000139276 -0.0105304 -0.00179836 0.000501756 0.0119335 0.00673877 
