0.231043 0.0156422 0.0615936 -0.000360152 -0.00459311 0.00874784 -0.0445622 5.43481e-05 -0.00600923 0.00596867 0.0483557 -0.115922 0.000206434 -0.0748593 0.00845068 -0.0482161 0.0186008 0.00312098 -0.0289235 0.021126 -0.0059854 -0.00433883 0.0750357 0.00567906 0.00719209 0.0385247 0.0231313 0.081002 -0.112239 -0.0676481 0.018331 -0.130489 0.00273696 -0.00742705 0.00637 0.0864689 -0.0278788 -0.119123 -0.00195653 -0.114616 0.0340709 -0.00091719 0.0137585 0.0018928 0.00289149 -0.15346 0.085846 -0.0014724 -0.00200832 -0.00117674 0.0112243 -0.00402736 -0.00861384 -0.00817946 -0.000569131 0.0167944 0.0706444 -0.00746876 0.00857537 -0.109936 0.000221009 0.00575097 0.0295563 0.00110378 -0.112172 -0.00531349 0.00875538 0.00233731 0.000969076 0.0688414 0.00138968 0.00480905 -0.128163 0.0111302 0.00468947 -0.000637674 0.00138972 0.0716977 -0.0264159 -0.000333512 0.0938995 -0.0840327 -2.03294e-05 0.00105507 -0.000185017 -0.00241625 0.0169293 -0.0021942 -0.013287 0.0191681 0.000895219 0.000168636 0.014469 0.0331236 0.0450534 0.0132196 0.00852463 0.109955 0.00525109 0.000714211 
0.0156422 0.0662874 0.0266559 1.71283e-06 0.000985432 -0.00176964 -0.0107855 0.000100246 0.0102517 0.0013129 0.0222025 -0.0202974 -6.46002e-05 -0.0235269 -0.00219522 -0.0106362 0.00768815 0.000445262 -0.00878934 0.0027859 -0.00155868 -0.000856507 0.00359327 -0.00468873 -4.44766e-05 0.00848502 0.0118152 -0.00748199 -0.0222086 -0.0224452 0.00464037 -0.0253669 0.000982753 -0.00153385 0.0023563 0.0294572 -0.00878511 -0.0210683 -8.36378e-05 -0.0355929 0.000985398 -0.000274529 0.00419749 0.00549883 1.11884e-05 -0.0287484 0.00865649 0.00705004 0.00420928 0.000517542 -0.00102383 -0.000749622 -0.00175093 -0.00447702 -0.000139445 -0.00172876 0.0195971 -0.00226388 0.0161932 -0.0257862 -0.000368148 0.00238835 -0.00343507 0.00614545 -0.0241999 -0.000617771 0.00239645 0.00639228 8.75263e-05 -0.00108889 -0.00026435 0.00195907 -0.0231183 -0.00178261 -0.000331035 0.00427045 -0.000172094 -0.00377427 0.0017719 0.000221699 0.0236408 -0.0264907 0.000858555 -0.000143821 0.00123342 0.00164639 -0.000474232 -0.000445927 -0.0024906 -0.000717884 -0.000102219 -3.30974e-05 0.00179759 0.0182095 0.0263712 0.00357607 -0.001211 0.00303951 0.000913303 -0.00154138 
0.0615936 0.0266559 0.146303 2.44888e-06 0.000807036 0.00157421 -0.0226896 8.65316e-05 0.0185965 -0.00911292 0.00321595 -0.0515899 5.25707e-05 -0.0514442 -0.00074452 -0.0159883 0.012399 0.000988344 -0.016063 0.00156178 -0.00349992 -0.00602554 0.0231061 0.0125522 -0.000242739 0.0139606 0.018492 0.0110273 -0.0547559 -0.00345544 0.00687876 -0.0636305 0.000742415 0.00143161 0.00671461 0.0474275 -0.0278941 -0.0537976 -0.00153557 -0.0658313 0.0166144 -0.000801058 0.0160374 0.00877017 0.00191295 -0.0703802 0.0383765 0.0108937 0.000296389 -0.000260459 0.00623012 0.00221746 -0.00436173 -0.00923676 -0.000326674 0.00161107 0.0481177 -0.0036688 0.0246628 -0.0554125 -0.000369288 0.00205732 0.0155638 0.00779682 -0.0589372 -0.00134961 0.00711968 0.00969813 0.00031119 -0.000418457 -9.55492e-06 0.000143223 -0.0546438 0.002298 0.000641226 9.34291e-05 -2.00598e-06 0.0057309 -0.0179328 -0.00410984 0.0599776 -0.0512612 -0.000393402 -0.000896456 0.00052333 0.00118748 -0.00315437 -0.000827302 -0.00738533 -0.00345273 0.000500927 0.000173489 0.00739286 0.00564304 0.030431 0.00786098 -0.0113244 0.0514525 0.00351714 -0.0028075 
-0.000360152 1.71283e-06 2.44888e-06 0.00125051 -4.38167e-06 2.0945e-07 -8.79853e-05 5.10224e-07 -1.6609e-05 4.00945e-05 -0.000220512 5.32005e-05 1.76062e-05 -6.0248e-06 2.47469e-05 0.000157939 5.01953e-05 -6.79703e-06 -0.000174279 3.8289e-05 0.000204822 6.57209e-05 -0.00010138 0.000138109 -3.09544e-05 -0.000496671 -1.93821e-05 -0.000270943 0.000221361 -6.65265e-05 -0.000170479 0.000265452 -7.7522e-06 -4.07098e-05 -9.80142e-07 -0.000173771 -6.38552e-05 0.000161432 3.00151e-05 -9.89748e-05 -6.27323e-05 6.99897e-06 8.87766e-05 -2.43519e-05 8.87742e-06 0.000138675 -0.000122693 -2.24549e-05 0.000137545 9.38379e-06 1.04342e-07 8.22531e-05 0.000154176 9.38737e-06 7.08548e-07 -3.18467e-05 -8.77101e-05 1.69662e-05 1.27745e-06 9.7749e-05 -1.71965e-06 -1.08437e-05 -6.84786e-05 3.18538e-05 7.69422e-05 0.000108415 -2.4018e-05 -1.33892e-05 -7.42015e-07 -0.000216704 3.7054e-06 1.6374e-05 8.6954e-05 -3.50244e-05 1.92732e-05 0.000114159 7.05923e-06 -0.000147254 -0.000157188 2.15002e-05 -0.000209389 -6.99355e-05 1.03482e-05 4.5395e-06 9.52983e-06 0.000102284 -4.25931e-05 2.10029e-05 1.6208e-05 -3.9244e-05 2.24e-06 4.85347e-06 4.84186e-05 -6.24837e-05 -8.72801e-05 2.87381e-05 -7.61064e-05 -0.00017801 -1.14816e-05 1.11375e-05 
-0.00459311 0.000985432 0.000807036 -4.38167e-06 0.028313 -0.000395988 0.00174547 -4.09141e-06 0.00234309 -0.00149179 -0.000577775 0.00321497 4.27222e-05 -0.00603413 -0.000648044 0.00106435 -0.00151489 -0.000126713 -0.000582209 -0.00010795 0.000244569 -0.000320088 -0.0014567 -0.000364714 0.000849301 0.000705502 -0.00110598 -0.00638825 -0.00877981 -0.000413479 -0.00394973 0.00471267 -0.000393559 -0.00185618 -0.000402291 -0.00364474 -0.00269845 0.00411678 0.000935919 0.000526701 0.000788678 -0.000100402 -0.00124898 -0.00064847 6.68929e-05 0.0066507 -0.00292639 0.0019188 -0.00013641 2.21188e-05 -0.000242283 -6.03976e-05 0.00148328 0.0016292 0.000127951 -0.00078841 -0.00109779 -0.000585787 0.00140205 0.00173952 -6.19574e-05 -0.000282694 -0.00189612 0.000451213 0.00347442 0.000272568 -0.000355728 -0.000807268 4.83239e-05 -0.00227841 -0.000146405 0.000334142 0.00117657 0.00437258 -0.000330397 -1.72566e-05 -2.06381e-05 -0.00287626 -0.0036623 0.000368128 -0.000725309 -0.00174619 -6.70009e-05 -9.98101e-05 0.000290488 -0.000303435 -0.000590532 -0.000175533 -0.00023348 -0.000518439 1.6633e-05 1.47771e-06 0.00108515 -0.00196463 0.000187621 0.00186578 -0.00107853 -0.00482911 3.72319e-05 0.000338804 
0.00874784 -0.00176964 0.00157421 2.0945e-07 -0.000395988 0.0628137 -0.00737607 -9.68238e-06 -0.00549201 -0.00120327 -0.00765761 -0.0151818 -5.06474e-05 -0.00737541 0.00373879 -0.00867327 0.00727691 -2.50651e-05 -0.00288001 -0.00163204 1.35322e-05 -1.30911e-05 0.008583 0.00529893 -0.000651106 0.00689959 0.00222159 0.0093365 -0.00772986 0.00493898 -0.00104095 -0.0130567 -0.000574268 0.00697768 6.37578e-06 0.0120173 0.00256473 -0.0228916 -0.000189525 -0.0114381 0.00265167 -5.41286e-05 -4.09293e-05 0.000102686 -0.000310336 -0.010334 0.00624788 -0.00374891 -0.000432659 -0.000302929 -0.000851639 -0.00163968 0.00179047 -0.00271208 -0.000116246 0.00062034 0.0036788 0.00216216 -0.00169085 -0.0150984 -0.000225537 -0.000509603 -0.000310849 -0.000378734 -0.0242601 -0.000672405 -0.00101922 0.00197325 6.60283e-05 0.00469331 0.000242671 -8.55843e-06 -0.00667031 0.000285498 0.00206909 -0.00151809 7.84687e-05 -0.00194263 0.00115272 -0.00120771 -0.000707627 0.00174867 4.9375e-05 0.00082612 -2.2174e-05 0.00040098 0.00879713 0.0024808 -0.000786952 0.00177745 -1.55145e-05 4.25442e-05 0.000990861 -0.00478908 0.000594856 -0.000507528 -0.00315523 0.0120401 -0.000680546 0.00345511 
-0.0445622 -0.0107855 -0.0226896 -8.79853e-05 0.00174547 -0.00737607 0.159893 -3.51963e-05 -0.00550679 -0.0099479 -0.0108994 0.044042 0.000293792 0.0495229 0.00121465 0.00331195 -0.017769 0.00124488 -0.00413851 -0.00302719 -0.00161336 -0.00594835 -0.0224116 -0.0168829 0.000740686 -0.00798382 -0.0138733 -0.0515052 0.04068 0.0124447 -0.0258919 0.0410796 -8.91186e-05 -0.00900373 -0.00429783 -0.0531239 -0.00998896 0.057134 -0.00129095 0.0285296 -0.0072158 -0.000978425 -0.00747667 -0.00266962 -0.00137186 0.0636672 -0.0199804 0.00265274 0.000343185 5.5975e-05 -0.0028142 -0.00594588 -0.000253442 -0.00174432 7.07259e-05 -0.00518231 -0.0307341 -0.00413729 -0.00967206 0.0448423 0.0020469 -0.00282899 0.00139871 -0.00189358 0.0486874 -0.000475491 -0.00270976 -0.00605973 -0.000441737 -0.019944 -0.000906157 -0.00474135 0.0301835 -0.00190636 -0.00338028 8.26599e-05 -2.45737e-05 -0.00680358 -0.0281243 0.00681229 -0.0359572 0.0217024 -0.000749982 -0.000575945 -0.000752168 -0.0021893 -0.00524558 -0.000520078 -0.000423609 0.000676569 -0.000750541 -0.000143309 -0.00766689 -0.0201067 -0.0215974 0.00746604 0.000290872 -0.0290777 -1.59817e-06 -0.00595195 
5.43481e-05 0.000100246 8.65316e-05 5.10224e-07 -4.09141e-06 -9.68238e-06 -3.51963e-05 0.000236704 7.24715e-05 -6.10938e-06 -1.77535e-05 -9.07145e-05 9.69125e-07 -9.03759e-05 1.57594e-06 -3.12816e-05 6.13802e-06 4.78783e-07 -9.26359e-05 4.35383e-05 2.19414e-06 2.84264e-06 7.45513e-05 7.11924e-06 9.49083e-06 -6.30017e-06 7.28573e-05 -6.40354e-05 -0.000103277 -7.7271e-05 -2.45436e-05 -0.000102147 1.25884e-05 -8.58142e-06 1.14647e-05 8.80803e-05 -2.65847e-05 -8.95024e-05 -2.17904e-06 -0.000147674 -2.5677e-06 -5.41936e-07 9.65285e-06 4.23664e-05 6.99866e-07 -0.000119084 4.22775e-05 3.42995e-05 9.0682e-06 3.7939e-06 -8.54577e-07 -4.12088e-06 -4.84711e-06 -4.47656e-06 3.49784e-08 1.03382e-05 4.42023e-05 -7.2567e-06 8.15764e-05 -8.94117e-05 -1.72983e-07 1.53628e-06 -4.75196e-06 3.04683e-05 -0.00012223 -3.27092e-06 4.56607e-05 1.88098e-05 2.8139e-06 -1.78546e-06 4.05911e-06 8.5239e-07 -9.96859e-05 2.40083e-05 4.95176e-06 1.52611e-05 1.29545e-06 1.72578e-05 -6.07965e-05 1.36059e-05 9.24224e-05 -9.95311e-05 7.98478e-07 -3.21314e-08 1.55154e-05 -1.80042e-06 1.3898e-05 2.2709e-06 -8.81119e-06 1.58992e-05 -4.52751e-07 6.70893e-08 -1.16077e-05 2.37528e-05 9.93672e-05 2.05758e-05 -1.22051e-05 5.32803e-05 2.29144e-07 8.56349e-06 
-0.00600923 0.0102517 0.0185965 -1.6609e-05 0.00234309 -0.00549201 -0.00550679 7.24715e-05 0.126655 -0.00664754 0.00530618 -0.0165916 -0.000177354 -0.0313277 -0.000646936 0.00456457 -0.00926264 -0.000291634 -0.0183307 0.0089696 -0.00166509 -0.00528703 0.0189659 0.00107338 0.000729576 0.00236288 0.00743152 -0.0368638 -0.0321713 -0.000625213 -0.00429535 -0.00457441 -0.00206607 0.00244693 -0.000539174 0.0151806 0.0157781 -0.00408835 -0.00117355 -0.00964774 -0.00637441 -0.000146735 -0.00645754 0.00887188 -0.00109609 -0.0173607 0.00647667 0.0083894 0.000241488 0.00114599 0.00193443 0.00339879 -0.00291161 -0.00474509 -0.000279748 -0.000765072 -0.00345998 0.00491039 0.0130364 -0.0142676 -0.000153007 -0.000521228 -0.00766157 0.0119436 -0.000968942 -0.00143984 0.00285862 -0.00181911 0.000200766 -0.00303564 -0.000439946 -0.00230423 -0.0196916 0.00564311 -0.0010433 0.00105483 -0.000351092 -0.00596168 -0.0310297 -0.000695362 0.0165159 -0.0114324 -0.000437194 -0.00103057 0.00253794 -0.00127712 -0.000481974 -0.000127693 0.00523838 -0.0018694 -0.000360044 -1.61484e-08 -0.00174599 0.00242106 0.0188974 0.00106451 0.000715102 -0.00296977 0.00231704 -0.000530397 
0.00596867 0.0013129 -0.00911292 4.00945e-05 -0.00149179 -0.00120327 -0.0099479 -6.10938e-06 -0.00664754 0.0760463 0.0217718 -0.0182625 -7.95717e-05 -0.00410931 0.00300257 -0.00790297 0.0198037 -0.00028506 0.00578868 -0.000341872 0.00155234 0.000408256 -0.00572153 0.021043 -0.00201721 0.00821535 0.00809408 -0.00168459 0.000915826 -0.03821 -0.000332003 -0.0202082 -0.00108938 0.00128581 -0.00175702 0.0246597 -0.0070523 -0.00791672 0.000320496 0.00133629 -0.00421928 -6.59949e-05 0.00289117 0.00452939 1.21442e-05 -0.0306867 -0.00538195 0.0153192 0.00229482 -0.000733491 0.000435591 0.000347335 -0.00194565 -0.00359089 -0.000119948 -0.00113399 -0.00651816 -0.00187993 -0.000237384 -0.0284317 -0.000292866 0.00492084 -0.00111163 -0.00038607 -0.0196903 -0.000589297 -0.000409756 0.00759377 -9.95264e-05 -0.00407205 0.000307495 -0.00116321 -0.0265687 -0.00297214 0.00621211 -0.00171757 1.25276e-05 -0.00309717 0.0141734 -0.000897479 0.00542015 -0.017254 0.00102654 -0.000213317 -0.000549341 0.000670385 -0.00186729 0.000967537 -0.00346779 -0.000510282 -2.36305e-05 -1.28882e-05 0.00945308 0.0227916 0.0030947 -0.00296337 0.0146892 -0.00475803 0.000443922 0.00583985 
0.0483557 0.0222025 0.00321595 -0.000220512 -0.000577775 -0.00765761 -0.0108994 -1.77535e-05 0.00530618 0.0217718 0.199117 -0.0568551 -5.05143e-05 -0.0167265 -0.00185592 -0.032943 -0.00298488 0.000900205 -0.00196814 0.00733927 -0.00530808 -0.00538814 0.00238576 -0.0120565 0.00406933 0.0332492 0.00532043 0.0201789 -0.0556337 -0.0707754 0.0480239 -0.0479677 0.00251044 -0.00341586 -0.000267085 0.0475128 -0.00641871 -0.0478222 0.000908977 -0.0187987 0.00019774 -0.000857072 0.0113715 0.00549941 -0.000516318 -0.0580828 -0.00024529 0.0163303 0.00168707 -8.08997e-05 0.000820439 -0.00719342 -0.00314641 -0.00486511 -0.000400717 0.00321087 0.0185716 0.00190481 0.00873286 -0.0700605 -0.00128702 -0.000276146 -0.0111996 0.00866019 -0.0526532 -0.00342729 0.00305543 0.00300151 0.000227539 0.00196174 -0.000623826 0.00703922 -0.0534783 0.00644598 0.00301616 0.00219078 -3.10011e-05 0.0131125 0.0359936 0.0032172 0.0325908 -0.0397648 0.000177595 0.00133177 -0.000697468 0.00135653 -0.0020195 -0.00155812 -0.00291291 0.00175147 0.00102108 2.61257e-05 -0.00360583 0.0285153 0.0278728 0.00427423 0.0200118 -0.0140889 0.000367768 -0.00823269 
-0.115922 -0.0202974 -0.0515899 5.32005e-05 0.00321497 -0.0151818 0.044042 -9.07145e-05 -0.0165916 -0.0182625 -0.0568551 0.238717 -0.000469248 0.0928107 -0.0127677 0.0209488 -0.0276533 -0.0027863 0.0240326 -0.016923 -0.000430597 -0.00270188 -0.0477105 -0.0521919 -0.0082835 -0.0287227 -0.0275339 -0.0954255 0.089199 0.0599539 -0.0332823 0.124669 -0.00501977 -0.0098921 -0.0106575 -0.101826 -0.0124764 0.11064 -0.00250839 0.0877729 -0.0228006 -0.000491423 -0.023863 -0.00940536 -0.0039951 0.144959 -0.0549118 -0.00261832 -0.000588068 -0.00117052 -0.0108773 0.0012829 0.00308339 -0.00714928 0.000287375 -0.0106523 -0.0629703 -0.00696187 -0.0184333 0.136489 -0.000647573 -0.00637868 -0.0278391 -0.00706872 0.120588 0.00290711 -0.00732917 -0.0157919 -0.000933448 -0.0456965 -0.00202911 -0.00732119 0.140659 -0.0135159 -0.0067329 -0.00113137 -0.00100156 -0.0470107 0.00340257 0.00170963 -0.0702045 0.112561 -0.00129591 -0.00143725 -0.00279703 -0.00270887 -0.0151293 -0.00191064 -0.0110657 -0.0115103 -0.00120344 -0.000353057 -0.0268286 -0.0412094 -0.040633 -0.012346 -0.0161824 -0.0772882 -0.00386678 -0.00464425 
0.000206434 -6.46002e-05 5.25707e-05 1.76062e-05 4.27222e-05 -5.06474e-05 0.000293792 9.69125e-07 -0.000177354 -7.95717e-05 -5.05143e-05 -0.000469248 0.00174643 8.56969e-05 0.000380024 -0.000148839 5.44045e-05 6.74548e-05 -0.00025477 8.28884e-05 0.000167274 6.55118e-05 -7.09114e-05 -0.000122228 6.46881e-05 -0.000401117 -4.22499e-05 0.000292258 -0.000441092 -0.000339409 -0.000156591 -0.000423111 0.000116704 -5.03334e-05 3.51371e-05 -0.000317307 -0.000205982 -0.000273778 5.85527e-05 -0.000558393 0.000246783 8.42162e-05 0.000289692 -1.98593e-05 1.76161e-05 -0.000103287 0.00039418 -7.21894e-05 2.85838e-05 1.56387e-05 2.60348e-05 -4.87416e-05 0.000109406 0.000226589 2.97125e-05 1.16609e-05 -5.5128e-05 2.6061e-05 -6.93808e-05 -0.000387144 2.97715e-05 -2.6769e-05 0.000192646 -3.22821e-05 -0.000580187 0.000126958 -2.39862e-05 -4.81851e-05 1.75146e-06 -6.6283e-05 3.59364e-06 -4.13399e-05 -0.000402614 1.12065e-05 -1.214e-05 0.000134054 4.8807e-06 0.000578638 -0.000463417 7.65295e-05 1.84592e-05 -0.000538664 4.0772e-05 9.6722e-05 5.33009e-05 0.000188965 7.24743e-05 2.20453e-05 -1.98975e-05 9.84565e-05 5.41336e-06 1.12158e-05 -6.31284e-05 -0.000141968 -0.00013589 0.000280653 0.000205233 0.000375381 8.88851e-05 -4.76496e-06 
-0.0748593 -0.0235269 -0.0514442 -6.0248e-06 -0.00603413 -0.00737541 0.0495229 -9.03759e-05 -0.0313277 -0.00410931 -0.0167265 0.0928107 8.56969e-05 0.247083 -0.00167592 -0.0034058 -0.0215684 -0.00203639 0.026655 -0.0172349 -0.00166029 0.00153412 -0.0592485 -0.0513083 -0.00867903 -0.0354942 -0.0259936 -0.0418926 0.10594 0.0413823 -0.0122588 0.0653673 -7.32125e-05 -0.002929 -0.00951586 -0.0758584 0.00620205 0.0488961 -0.00247285 0.0820882 -0.0217127 0.00064921 0.000671601 -0.0083137 -0.0034768 0.107184 -0.0437939 0.00769969 -8.37476e-05 -0.000399097 -0.00267658 -0.007877 0.00344047 -0.0169483 3.86368e-06 -0.010694 -0.0709885 -0.00387571 -0.0196527 0.109548 -0.000529949 -0.00505082 -0.0141671 -0.00414848 0.0695773 0.000196798 -0.0068529 -0.0127026 -0.00111185 -0.0548296 -0.0017038 -0.00878193 0.100174 -0.0136204 -0.00310389 -0.00192717 -0.00107966 -0.0302305 -0.0199961 -0.000177178 -0.0475663 0.107563 -0.000699829 0.000402747 -0.00306787 -0.000216116 -0.0166512 5.90505e-05 -0.00544245 -0.0135518 -0.000577796 -0.000399054 -0.0300436 -0.0238981 -0.043216 -0.0193511 -0.0163304 -0.0602205 -0.00525736 -0.0089339 
0.00845068 -0.00219522 -0.00074452 2.47469e-05 -0.000648044 0.00373879 0.00121465 1.57594e-06 -0.000646936 0.00300257 -0.00185592 -0.0127677 0.000380024 -0.00167592 0.0425771 0.00057419 0.00253502 -0.00018157 0.00125633 0.00175281 -0.000543285 -0.000487353 0.00129243 0.00880542 0.00249523 -0.00330713 -0.000319989 0.00368056 -0.0073419 -0.00113017 -0.00379853 -0.0128531 0.0007432 0.000633485 -0.000410013 0.0112499 0.00521915 -0.0114296 -0.000405867 -0.00218216 0.000692943 0.00167396 0.00513154 -0.000345902 -0.000102772 -0.012765 0.00147075 0.00164958 0.000662552 0.000133117 0.00308706 -0.000176025 -9.92489e-05 -0.0022999 3.13465e-05 0.000208769 -0.00399367 0.000800094 -0.0016023 -0.0100925 -4.15831e-05 -2.10735e-05 0.000237141 -0.000225676 -0.0153673 -0.000458331 -0.000310165 0.00524527 -5.64068e-05 -0.00196186 1.96046e-05 -0.000103188 -0.0137902 0.00211355 0.000415504 0.000456377 -4.18814e-06 0.0039207 -0.00799283 -0.000841795 0.00846726 -0.00613874 0.000265015 4.61926e-05 -2.88587e-05 -9.71888e-05 0.00162449 -3.74139e-05 -0.000854175 -0.000667444 -0.00011165 9.17012e-05 -0.00287434 -0.00130163 0.00479667 0.000299441 -0.000977044 0.0059922 -0.000320168 0.00182472 
-0.0482161 -0.0106362 -0.0159883 0.000157939 0.00106435 -0.00867327 0.00331195 -3.12816e-05 0.00456457 -0.00790297 -0.032943 0.0209488 -0.000148839 -0.0034058 0.00057419 0.146773 -0.00975654 -0.00137958 0.00399979 -0.00693499 0.0029157 -0.00423703 -0.0198514 0.0115289 -0.000978456 -0.0458614 -0.0107356 -0.0287473 0.0270052 0.0151666 -0.0195675 0.0509834 -0.00299426 -0.00319773 -0.00265854 -0.0363669 0.0387479 0.0646766 -0.00014194 0.0366257 -0.0102586 -0.000147396 -0.00892836 -0.00447433 -0.000597625 0.0506116 -0.0249616 -0.00798956 -0.00123459 0.00148215 -0.000570941 0.00945983 -0.000341987 0.020729 2.6185e-05 -0.00486129 -0.0244198 -0.00149711 -0.00835958 0.0280906 3.88495e-05 -0.00266792 -0.00967967 -0.0023708 0.0587678 0.00252436 -0.00265842 -0.00447773 -0.000145354 -0.0187037 -0.000760879 -0.00101074 0.0162812 0.000723565 -0.00232616 0.000731625 -0.000436518 -0.021212 -0.00649738 -0.00266327 -0.0402099 0.00280138 -0.000659752 -0.000459242 -5.37342e-05 -0.00218471 -0.00599076 -0.000904786 0.0102652 -0.0054915 -0.000439789 -2.78559e-05 -0.00778986 -0.0181199 -0.0167884 0.000642205 -0.00188423 -0.0308906 -0.000414667 -0.00430252 
0.0186008 0.00768815 0.012399 5.01953e-05 -0.00151489 0.00727691 -0.017769 6.13802e-06 -0.00926264 0.0198037 -0.00298488 -0.0276533 5.44045e-05 -0.0215684 0.00253502 -0.00975654 0.117348 0.0010324 0.00341773 -0.00301767 0.00482027 -0.00190988 -0.00570746 0.0342762 -0.00162243 0.000218077 0.0124643 -0.00144656 -0.0120277 -0.0218857 -0.00509517 -0.0262793 0.000738179 -0.00195296 -0.00122695 0.0283358 -0.0188568 -0.0381726 0.00078128 -0.0245768 -0.002085 0.000679317 0.00104691 0.00611575 0.00139532 -0.0327649 0.0137506 -0.00349941 0.00250002 -0.000656663 -0.000966364 0.00245002 0.00086649 0.00338875 -0.000285801 -0.0026094 0.00468916 -0.000672422 0.0060876 -0.0404879 -0.000487835 0.00406889 0.00729337 -0.00185195 -0.046788 0.00133912 -0.00122451 0.0153062 0.000262473 -0.011362 0.000941608 -0.000519957 -0.0228879 -0.00362011 0.00331563 0.00236307 0.000347098 -0.000360519 0.0182457 -0.00244858 0.014286 -0.0230776 0.00101016 3.85902e-05 -0.000364797 0.00569159 -0.00377627 0.00263203 -0.00298729 0.00112726 -0.000200681 6.69899e-05 0.00914659 0.01603 0.0213187 -0.00586935 0.000434154 0.0265514 0.00258438 -0.00307492 
0.00312098 0.000445262 0.000988344 -6.79703e-06 -0.000126713 -2.50651e-05 0.00124488 4.78783e-07 -0.000291634 -0.00028506 0.000900205 -0.0027863 6.74548e-05 -0.00203639 -0.00018157 -0.00137958 0.0010324 0.0105905 -0.000920011 0.000470467 0.00058662 -0.00019261 0.00163212 0.00134847 0.000300764 -0.000145562 -0.000510528 0.00019954 -0.00227026 -0.00591828 -0.000875678 -0.00418384 8.17431e-05 -0.000545142 0.000905319 -0.000570601 -0.0016807 -0.0031584 4.84708e-05 -0.005525 0.00185584 4.36044e-05 3.08189e-05 0.000118619 0.00034965 -0.00307265 0.00418326 -0.000644424 1.92428e-06 -2.32478e-05 -0.000217915 -7.57396e-06 -0.000181889 0.00152943 1.81874e-05 0.000987457 0.00104535 -0.000279524 -0.000201981 -0.00227275 0.000311534 0.000134685 0.00287896 -3.92126e-05 -0.0044118 -5.3215e-05 0.000125931 0.000672646 6.18161e-05 0.0012217 0.000168568 -0.000241534 -0.00339006 0.000165733 -0.000138048 6.59305e-06 0.00027068 0.00451949 -0.00277906 0.000336901 0.00363316 -0.0031572 7.65945e-05 7.38629e-05 0.000376722 0.00029969 0.00121993 -4.68165e-05 -0.000394007 0.000720838 -1.81791e-05 8.8392e-05 -3.70529e-06 -0.000200384 -0.000636225 0.000286623 -0.000431822 0.00458179 -8.40985e-05 0.000181992 
-0.0289235 -0.00878934 -0.016063 -0.000174279 -0.000582209 -0.00288001 -0.00413851 -9.26359e-05 -0.0183307 0.00578868 -0.00196814 0.0240326 -0.00025477 0.026655 0.00125633 0.00399979 0.00341773 -0.000920011 0.138242 -0.0261967 0.00152529 0.000213792 -0.0535031 -0.0100456 -0.0107174 -0.00953396 -0.0145942 0.0214874 0.0336764 0.029125 0.0125209 0.0270863 -0.00349396 0.000815621 -0.00866971 0.000514485 0.0109581 0.017162 0.00060321 0.0488103 -0.0147644 0.000644903 0.00167961 -0.0164939 -0.00013194 0.0338782 -0.0339208 -0.0291684 -0.00466437 -0.00362714 -0.00490608 0.0019896 -0.00113912 0.00907051 4.47649e-05 -0.00805401 -0.0214272 0.00457758 -0.0130048 0.0300659 -0.00345403 -0.00257041 -0.0139439 -0.00376157 0.0274977 0.000198413 -0.00860102 -0.00185314 -0.00047159 -0.0336245 -0.000740432 0.00160152 0.0319066 -0.0193306 0.000435602 -0.0021998 -0.00171416 -0.0203379 0.0291662 -0.00492321 -5.61793e-05 0.031016 -0.00116697 -0.00187659 -0.00398901 -0.000114166 -0.0146466 -0.000517559 0.00279467 -0.0170683 0.000248545 -0.000465965 -0.0318629 -0.0141637 -0.0104474 -0.0122905 -0.00022013 -0.0129869 -0.00864434 0.00450997 
0.021126 0.0027859 0.00156178 3.8289e-05 -0.00010795 -0.00163204 -0.00302719 4.35383e-05 0.0089696 -0.000341872 0.00733927 -0.016923 8.28884e-05 -0.0172349 0.00175281 -0.00693499 -0.00301767 0.000470467 -0.0261967 0.0466007 0.00055509 0.00019956 0.0273799 0.00290692 0.00485588 0.0033099 0.00685613 -0.00246409 -0.0167282 -0.0267597 -0.00286174 -0.0187907 -0.000198631 -0.00306213 0.0016954 -0.00125263 -0.00749672 -0.0125779 -0.000120641 -0.0251088 0.00244945 0.000121967 6.17118e-05 0.00141635 -0.000173598 -0.0225241 0.0151856 0.00510098 0.0004446 0.00171985 0.000336137 7.89714e-05 -0.000105715 -0.00175576 -0.000101318 0.0072516 0.00709672 -0.00201439 0.00676289 -0.0181716 0.00213062 0.00289338 0.00111538 0.00298867 -0.0173333 -0.000498287 0.00355904 -0.00128365 0.000410876 0.0226748 0.000448863 -0.0010062 -0.0203231 0.00724968 -3.00445e-07 0.000115898 0.00096554 0.0186347 -0.014588 0.00492428 -0.00175579 -0.0210031 0.000548658 0.000917386 0.000292715 -0.000105625 0.00298733 1.73697e-05 -0.00197762 0.0164337 -8.98292e-05 0.000169529 -0.000491062 0.0100904 0.00552651 0.0113487 0.00241724 0.0101154 0.00348461 -0.000877427 
-0.0059854 -0.00155868 -0.00349992 0.000204822 0.000244569 1.35322e-05 -0.00161336 2.19414e-06 -0.00166509 0.00155234 -0.00530808 -0.000430597 0.000167274 -0.00166029 -0.000543285 0.0029157 0.00482027 0.00058662 0.00152529 0.00055509 0.0267103 0.00147212 -0.00306849 0.00563561 0.000925167 -0.00854565 0.000341576 -0.00156475 0.00531568 -0.00484645 -0.00186204 0.00606599 0.00015192 -0.000928986 -0.000377084 -0.0065139 -3.31011e-05 0.00578492 0.00110239 -0.00193902 -0.00089688 0.000269426 0.000997055 -0.000441527 0.000122196 0.000667638 -0.00124587 -0.00346303 -1.24646e-05 8.90503e-05 -0.00059393 0.00113074 0.00389904 0.0070123 4.06263e-05 -0.000367384 -0.00200615 -0.000736924 -0.000829988 -0.00196557 5.36044e-05 0.00034554 -0.000620705 -0.000519862 0.00176918 0.00335037 -0.000447765 -0.000791644 9.12674e-05 -0.00373509 0.000357494 -0.000510617 -0.000889179 0.000247783 0.000914922 2.97992e-05 0.000104354 -0.000869731 -0.00168478 0.00102677 -0.00684916 -0.00548514 0.000233161 0.000299756 -6.71023e-05 0.00246703 -0.000777406 0.000609167 0.000107499 0.00014327 -1.0091e-05 8.32352e-05 0.00259302 -0.00205332 -0.00283692 -0.000736753 0.000670692 -0.00332593 0.000234642 0.000661058 
-0.00433883 -0.000856507 -0.00602554 6.57209e-05 -0.000320088 -1.30911e-05 -0.00594835 2.84264e-06 -0.00528703 0.000408256 -0.00538814 -0.00270188 6.55118e-05 0.00153412 -0.000487353 -0.00423703 -0.00190988 -0.00019261 0.000213792 0.00019956 0.00147212 0.0480041 -0.00275203 0.000977487 0.00251826 -0.000409587 0.00121642 0.0123612 0.003022 0.000605803 0.00238158 -0.00442157 0.000815851 0.00243547 0.000106795 -0.00595301 -0.00359319 -0.00781461 0.000640691 0.00377761 -0.00230176 0.000252881 0.00137644 -0.000662289 0.000117018 0.0026326 -0.00455256 -0.00313467 0.000169646 -0.000260007 0.00145379 -0.000485644 0.00207376 -0.000259629 0.000190413 -0.000985536 -0.00368292 0.000468014 -0.001726 0.00422857 0.000125665 8.31015e-05 -0.00187133 -0.00113221 -0.000972192 -0.000167829 -0.000547028 -0.000975214 -0.000100015 0.00128185 0.000152232 0.00109937 0.00163263 0.0019727 0.000811758 1.55796e-06 -7.90344e-05 -0.00385384 0.00685674 0.00042257 -0.00743004 -0.00236888 0.000471737 -0.000161557 8.02184e-06 -9.37489e-05 -0.000951324 -0.000251944 -0.000529053 -0.00104677 0.000269829 0.000155169 -0.00213568 0.00189472 -0.00265914 -0.00142897 0.000446119 -0.00765234 -0.00011038 0.00374581 
0.0750357 0.00359327 0.0231061 -0.00010138 -0.0014567 0.008583 -0.0224116 7.45513e-05 0.0189659 -0.00572153 0.00238576 -0.0477105 -7.09114e-05 -0.0592485 0.00129243 -0.0198514 -0.00570746 0.00163212 -0.0535031 0.0273799 -0.00306849 -0.00275203 0.13016 0.00545046 0.00958493 0.0190908 0.0161218 0.0104218 -0.0650834 -0.0355692 -0.00438151 -0.0529612 0.000166383 -0.00508491 0.0037397 0.0295257 -0.0183055 -0.0411608 -0.00141554 -0.0684084 0.0166172 -0.000561621 -0.00466934 0.00790928 -0.000172414 -0.070773 0.055381 0.00574819 -0.000244335 0.00115005 0.00422828 -0.000199416 -0.00297316 -0.0100011 -0.00034823 0.0183966 0.0435279 -0.0039845 0.00399146 -0.0572838 0.00153744 0.00561313 0.00901825 0.000138087 -0.0434713 -0.00137851 0.00743853 -0.00382696 0.000575768 0.0680543 0.000362677 -0.00315716 -0.0620657 0.0168392 -0.000623911 0.00179979 0.00143713 0.0379552 -0.042182 0.000872069 0.0274212 -0.0553222 0.000229315 0.00109229 0.00234258 -0.00191158 0.0211733 -0.00053074 -0.00501789 0.0223476 -0.00012964 0.000363661 0.0173873 0.0128754 0.00742007 0.018935 -0.00392491 0.0595377 0.00546778 -0.00276771 
0.00567906 -0.00468873 0.0125522 0.000138109 -0.000364714 0.00529893 -0.0168829 7.11924e-06 0.00107338 0.021043 -0.0120565 -0.0521919 -0.000122228 -0.0513083 0.00880542 0.0115289 0.0342762 0.00134847 -0.0100456 0.00290692 0.00563561 0.000977487 0.00545046 0.142318 0.00498528 -0.000457786 0.0062696 0.002125 -0.0245548 -0.0120052 -0.0228388 -0.0187261 0.00362861 0.00377863 0.00132584 0.0227724 0.00152086 -0.0179853 0.00276293 -0.0128549 0.000405668 0.000504871 0.00689512 0.00573826 0.00195088 -0.0475812 0.00858687 0.00572878 0.0021606 0.000166034 0.00167313 0.00703464 0.00105958 0.0151165 -0.000321414 0.00387086 0.00380878 0.00270882 0.00678189 -0.0570353 0.00093789 0.00580831 0.0118845 -0.00178411 -0.0290251 0.00128263 0.000247014 0.0182207 -6.36941e-05 -0.00384719 0.000196968 -0.00083621 -0.0407535 0.00663367 0.00361121 -0.00124721 0.000771729 -0.00468104 -0.00387911 -0.00413155 0.00163802 -0.0545155 0.000703093 -0.000167007 -0.000300099 0.00215137 0.0015526 0.00197324 0.000847658 -0.00112868 -0.000358697 0.000276769 0.024748 0.00522811 0.0112771 -0.00162216 0.00479427 0.0145738 0.00164146 0.00696245 
0.00719209 -4.44766e-05 -0.000242739 -3.09544e-05 0.000849301 -0.000651106 0.000740686 9.49083e-06 0.000729576 -0.00201721 0.00406933 -0.0082835 6.46881e-05 -0.00867903 0.00249523 -0.000978456 -0.00162243 0.000300764 -0.0107174 0.00485588 0.000925167 0.00251826 0.00958493 0.00498528 0.0329857 -0.000464521 0.000946112 -0.00872901 -0.00906331 -0.00890652 -0.000571889 -0.00678242 0.000225828 -0.000349565 0.00146316 0.00447636 -0.00401414 -0.00585098 0.000153825 -0.0103918 -0.00173372 0.000117233 -0.00178614 0.00383824 0.000134461 -0.00979347 0.00209162 0.00294122 8.91579e-05 0.00185966 0.00312696 0.00073417 0.000831965 -0.000410199 -2.43521e-05 0.00064798 -0.00205257 0.000677251 0.00137122 -0.00666094 0.000355075 8.09273e-05 0.00173632 -0.00025515 -0.00736568 1.22111e-05 0.003226 -0.000250063 2.48962e-05 0.00552857 0.000122882 0.000721149 -0.00844305 0.00920967 -0.000236474 -0.000507896 -6.40109e-05 0.00234641 -0.0103912 0.00197788 0.00368389 -0.00655722 0.000131173 0.000644599 0.000266707 -0.000235838 0.0022116 6.21616e-05 -0.000859317 0.0032872 -6.04294e-05 8.62191e-05 0.00199624 0.000461948 0.0030125 0.00396486 -0.00144306 0.00370237 0.00152735 -0.000891305 
0.0385247 0.00848502 0.0139606 -0.000496671 0.000705502 0.00689959 -0.00798382 -6.30017e-06 0.00236288 0.00821535 0.0332492 -0.0287227 -0.000401117 -0.0354942 -0.00330713 -0.0458614 0.000218077 -0.000145562 -0.00953396 0.0033099 -0.00854565 -0.000409587 0.0190908 -0.000457786 -0.000464521 0.134184 0.00868803 0.0228747 -0.0445643 -0.0161846 0.0111698 -0.040871 0.00214111 0.00448401 0.0001301 0.0352879 -0.0343606 -0.041271 -0.0005503 -0.0239877 0.00806917 -0.00287905 -0.00438745 0.0036398 0.000273068 -0.0464273 0.0142408 0.0112976 -0.000942944 -0.00260182 0.00187597 -0.00300773 -0.00302401 -0.0153399 -0.00103688 0.0011899 0.0204671 -0.00518206 0.00623274 -0.051068 -0.00090872 0.000686905 0.00674958 0.00310742 -0.0405181 -0.00559635 0.00177124 0.002516 0.000229333 0.0192019 -9.58374e-05 -0.00193367 -0.034829 0.00367425 0.00248992 -0.00617 -0.000233193 0.0147132 0.0272857 -0.00243574 0.0271553 -0.0338252 -0.000322563 -0.000513898 -0.00070205 -0.00222013 0.0059218 -0.00108013 -0.0119836 0.00313987 0.000410471 4.37975e-05 0.00829184 0.0157742 0.0153118 0.00439236 0.00915454 0.0274531 6.7624e-05 0.00207543 
0.0231313 0.0118152 0.018492 -1.93821e-05 -0.00110598 0.00222159 -0.0138733 7.28573e-05 0.00743152 0.00809408 0.00532043 -0.0275339 -4.22499e-05 -0.0259936 -0.000319989 -0.0107356 0.0124643 -0.000510528 -0.0145942 0.00685613 0.000341576 0.00121642 0.0161218 0.0062696 0.000946112 0.00868803 0.0681007 0.0021309 -0.0183601 -0.0176189 0.00285913 -0.0311211 0.00156973 -0.00198103 0.000436781 0.0280348 -0.0118918 -0.0281333 -0.000460687 -0.0326049 0.00233606 -0.000126052 0.00297432 0.00859961 0.000328797 -0.0360601 0.00900199 0.00324671 0.000402225 -0.000438388 -0.000275883 -0.00192696 -0.00138468 -0.00477393 -0.000166258 0.00138025 0.0172316 -0.00147053 0.014557 -0.0285529 -0.000193795 0.000541882 0.00355309 0.0034373 -0.0390894 -0.00114854 0.00609367 0.00363131 0.000265117 0.0069947 0.00096643 0.000820917 -0.0299506 0.00393854 0.00963212 -0.00053491 0.000974303 -1.92419e-05 0.00378392 -0.0010533 0.0211556 -0.0254415 0.000678765 -4.36892e-05 -3.93296e-06 -0.00024446 0.000164663 0.00152674 -0.00262938 0.00121815 -5.67709e-05 0.000145711 0.000915841 0.0211327 0.016268 -0.0027901 0.00272138 0.0115558 0.000921862 -0.000436303 
0.081002 -0.00748199 0.0110273 -0.000270943 -0.00638825 0.0093365 -0.0515052 -6.40354e-05 -0.0368638 -0.00168459 0.0201789 -0.0954255 0.000292258 -0.0418926 0.00368056 -0.0287473 -0.00144656 0.00019954 0.0214874 -0.00246409 -0.00156475 0.0123612 0.0104218 0.002125 -0.00872901 0.0228747 0.0021309 0.247635 -0.0504923 0.00524131 0.0255823 -0.0797739 0.00448195 0.0074293 0.00562028 0.0370236 0.0191564 -0.0921143 0.00323206 -0.0252426 0.0258138 -0.000696111 0.0138213 -0.012332 0.0025356 -0.056703 0.031307 -0.02951 -0.00447509 -0.00272041 -0.00125389 -0.00802978 -0.000974963 0.0159077 0.000186897 0.0103431 0.0348634 -0.0035006 -0.00960416 -0.0496829 -0.00119423 -4.66578e-05 0.016272 -0.00695283 -0.0679192 -0.00215584 -0.00369468 -0.00424041 1.97516e-05 0.0227237 0.00128532 0.0036014 -0.066197 -0.00356517 0.00256889 -0.00256486 0.000466227 0.036019 0.00526175 -0.00437522 0.0338406 -0.0332642 0.000161557 0.00184353 -0.00142226 -0.00212854 0.00792649 -0.00317473 0.0107051 0.00278141 0.00115273 9.23185e-05 0.00107632 0.0143556 0.00933642 -0.0116107 0.00969187 0.0534724 -0.00197816 0.00616614 
-0.112239 -0.0222086 -0.0547559 0.000221361 -0.00877981 -0.00772986 0.04068 -0.000103277 -0.0321713 0.000915826 -0.0556337 0.089199 -0.000441092 0.10594 -0.0073419 0.0270052 -0.0120277 -0.00227026 0.0336764 -0.0167282 0.00531568 0.003022 -0.0650834 -0.0245548 -0.00906331 -0.0445643 -0.0183601 -0.0504923 0.248619 0.0327549 -0.00802172 0.100082 -0.00296531 0.00522353 -0.00753408 -0.0778289 9.58739e-05 0.0927248 -0.00178429 0.0936934 -0.024828 0.000806856 -0.00972848 -0.0102333 -0.00223707 0.108378 -0.0564315 -0.0208433 0.000206177 -0.000400683 -0.00982949 0.00395358 -0.00372966 -0.00652887 0.000151525 -0.0118525 -0.0553049 -0.00314309 -0.0219214 0.0943465 -0.000530195 -0.00279059 -0.0210638 -0.00793483 0.0881892 -0.00300987 -0.00782224 -0.0126921 -0.00115145 -0.0425049 -0.000985236 -0.00515347 0.101672 -0.0188791 -0.00251261 -0.00310055 -0.00091063 -0.0448621 0.0309597 -0.000594975 -0.0784436 0.0938095 -0.00053395 -0.00203278 -0.00349996 -0.00147571 -0.0163261 0.00108622 -0.0051346 -0.0127797 -0.000951075 -0.000361407 -0.0257087 -0.0264471 -0.050679 -0.0225686 -0.00612921 -0.0834641 -0.00652267 -0.00347551 
-0.0676481 -0.0224452 -0.00345544 -6.65265e-05 -0.000413479 0.00493898 0.0124447 -7.7271e-05 -0.000625213 -0.03821 -0.0707754 0.0599539 -0.000339409 0.0413823 -0.00113017 0.0151666 -0.0218857 -0.00591828 0.029125 -0.0267597 -0.00484645 0.000605803 -0.0355692 -0.0120052 -0.00890652 -0.0161846 -0.0176189 0.00524131 0.0327549 0.201258 -0.00246119 0.0559947 -0.00111011 0.00375156 -0.00467672 -0.0355322 0.0278365 0.0223775 -0.000978774 0.0536048 -0.00973945 -0.000182777 -0.00701289 -0.010757 -0.00239318 0.0766062 -0.0296428 -0.0207342 -0.00360998 -0.00239968 -0.0013899 -0.00241394 0.00121479 -0.00292845 0.000189501 -0.00924994 -0.0383294 0.00440793 -0.0104885 0.0793974 -0.00212859 -0.00871648 -0.00179079 -0.00647951 0.0503173 -0.00133095 -0.00484374 -0.00996508 -0.000867714 -0.0419424 -0.000873374 0.00253518 0.0718649 -0.0124601 -0.00528456 -0.00387223 -0.00151044 -0.0388737 -0.0184375 -0.00981497 -0.018494 0.0736071 -0.00152805 -0.00141107 -0.00172968 -0.00539017 -0.0101129 -0.0013433 0.00974345 -0.0199495 -0.000623708 -0.00036047 -0.0217116 -0.045724 -0.0146446 -0.0240241 -0.0270317 -0.0169681 -0.00662535 0.00145658 
0.018331 0.00464037 0.00687876 -0.000170479 -0.00394973 -0.00104095 -0.0258919 -2.45436e-05 -0.00429535 -0.000332003 0.0480239 -0.0332823 -0.000156591 -0.0122588 -0.00379853 -0.0195675 -0.00509517 -0.000875678 0.0125209 -0.00286174 -0.00186204 0.00238158 -0.00438151 -0.0228388 -0.000571889 0.0111698 0.00285913 0.0255823 -0.00802172 -0.00246119 0.155116 -0.0308865 -0.00157931 -0.00358287 0.00659981 0.0344008 -4.26342e-05 -0.0462434 0.000769142 -0.00494788 -0.000378989 0.000763211 0.0152732 -0.000651672 -0.000942504 -0.0261295 -0.00399702 -0.0165928 -0.00133551 -0.000232374 0.00135344 -0.00133056 -0.00167221 -0.0102727 -2.7428e-05 -0.000976118 0.0148977 0.0110439 -0.00186224 -0.0251406 -0.000932529 -0.00182026 -0.00983178 -0.00112687 -0.0332225 -0.00374522 0.004294 -0.0019037 -0.000147523 0.0135683 0.00138637 0.00433315 -0.00960457 -0.0036527 -0.000311586 -0.000454096 -0.000427524 -0.00359316 0.040561 -0.00429863 0.00903335 -0.0172203 0.000913119 0.000231724 -0.000816473 0.00163932 -0.00461494 -0.000597894 0.00161772 -0.0046592 0.00186179 -6.52435e-05 -0.0132824 0.00746369 0.00857362 -0.0109675 0.00513331 -0.00565478 -0.0019723 -0.00572874 
-0.130489 -0.0253669 -0.0636305 0.000265452 0.00471267 -0.0130567 0.0410796 -0.000102147 -0.00457441 -0.0202082 -0.0479677 0.124669 -0.000423111 0.0653673 -0.0128531 0.0509834 -0.0262793 -0.00418384 0.0270863 -0.0187907 0.00606599 -0.00442157 -0.0529612 -0.0187261 -0.00678242 -0.040871 -0.0311211 -0.0797739 0.100082 0.0559947 -0.0308865 0.249221 -0.00836348 -0.00418254 -0.012714 -0.11237 0.0137651 0.147142 0.00309349 0.0928846 -0.0295651 -0.0011052 -0.0274556 -0.0151897 -0.0029836 0.146704 -0.0665662 -0.0273575 -0.00319205 0.000851518 -0.00846157 0.00778495 0.00889441 0.012743 7.44168e-05 -0.012898 -0.0595548 -0.0150813 -0.0220295 0.109786 -0.0012817 -0.0074442 -0.0296641 -0.0101541 0.154687 0.00776587 -0.00915987 -0.0147691 -0.00100697 -0.0526964 -0.00261967 -0.00766574 0.137052 -0.0147152 -0.00828711 0.00157647 -0.00102218 -0.0527398 0.0129222 -0.00313912 -0.1039 0.0657712 -0.00185424 -0.00173201 -0.0016953 -0.00427022 -0.0168081 -0.000476564 -0.00149894 -0.0147107 -0.00135457 -0.000344736 -0.00248952 -0.0454617 -0.0514182 -0.00741667 -0.00834288 -0.0858514 -0.00573786 -0.014759 
0.00273696 0.000982753 0.000742415 -7.7522e-06 -0.000393559 -0.000574268 -8.91186e-05 1.25884e-05 -0.00206607 -0.00108938 0.00251044 -0.00501977 0.000116704 -7.32125e-05 0.0007432 -0.00299426 0.000738179 8.17431e-05 -0.00349396 -0.000198631 0.00015192 0.000815851 0.000166383 0.00362861 0.000225828 0.00214111 0.00156973 0.00448195 -0.00296531 -0.00111011 -0.00157931 -0.00836348 0.0255875 0.000168813 0.000617828 0.00308216 -0.00143027 -0.00945807 2.10857e-05 -0.00266397 0.000430359 -5.10497e-05 0.000256706 0.001019 0.000326695 -0.00531488 0.000839713 -0.000659406 0.000662115 -3.52992e-05 -6.27377e-05 -0.000354284 0.000766098 -0.000351302 3.81172e-06 0.000356289 -0.00212109 0.000502679 -0.000597451 -0.00164651 0.00037773 -0.000138903 0.00195671 -0.00037049 -0.00747528 -0.000322621 -7.14231e-05 -0.000772659 1.14674e-05 0.000129111 0.000303495 -0.000324296 -0.00286418 0.00119883 1.72622e-05 -9.82858e-05 0.000161045 -0.000195919 -0.000954669 -0.000103891 0.00725481 -0.00049847 -5.33785e-05 0.000254475 5.92001e-05 -4.8718e-05 0.00034115 0.000119398 -0.000564309 -0.00015233 -5.88858e-05 -1.10706e-05 -0.00136995 0.00150569 0.000472201 -0.00112055 -0.0016797 0.00172158 0.000331277 0.00131184 
-0.00742705 -0.00153385 0.00143161 -4.07098e-05 -0.00185618 0.00697768 -0.00900373 -8.58142e-06 0.00244693 0.00128581 -0.00341586 -0.0098921 -5.03334e-05 -0.002929 0.000633485 -0.00319773 -0.00195296 -0.000545142 0.000815621 -0.00306213 -0.000928986 0.00243547 -0.00508491 0.00377863 -0.000349565 0.00448401 -0.00198103 0.0074293 0.00522353 0.00375156 -0.00358287 -0.00418254 0.000168813 0.0742993 -0.000268891 0.00706197 0.012674 -0.00790618 -7.45738e-06 0.0059966 -0.00342222 0.000380271 -0.00165847 -0.00249695 0.000115448 -0.0147846 -0.00481781 -0.00663857 -0.000301312 -0.000624594 0.000893728 -4.13039e-05 -0.0013305 -0.0041657 -0.000119 -0.000580256 -0.0088418 0.0028417 -0.00178542 -0.0135558 -0.000309508 -0.0001769 0.000212731 0.000176717 -0.00419176 -0.000956259 -0.00118754 0.00125474 -9.5633e-05 -0.00105784 -0.000404284 -0.00039095 -0.0114365 -0.00151015 -0.000196052 -0.00105119 -0.000149629 -0.00500177 0.0195815 -0.0016 -0.00870733 0.00551613 0.000155184 -0.00013556 5.71446e-06 0.00064694 0.00232314 -0.000211072 0.00214124 -0.00216376 -0.000199493 -4.09193e-05 0.00109092 -0.00172826 0.000680557 -0.00380661 -0.00215928 -0.00218584 -0.00127225 0.00778744 
