0.0214107 -0.000489024 0.00483176 -0.000527804 -2.89551e-05 -1.07571e-05 -0.00222647 0.0025567 -0.000522985 -0.000312198 -0.00203002 -0.000242011 0.000960434 -0.000472306 -0.000251042 -0.00102241 0.00272524 -0.00312106 0.00286846 -0.000126927 -0.00517439 -0.00249384 -0.00491901 -0.00455359 -0.000384755 0.0012012 -0.000436632 -0.00173407 -0.00106797 -3.90603e-05 -0.00218876 -5.84453e-05 0.000285649 0.00295794 -4.72894e-05 -0.000428167 -0.00101986 -0.00273117 0.00024767 -9.17241e-05 -0.000914284 0.000135934 -0.00036101 -0.000152753 -0.00185867 0.00380258 -0.00395883 -0.000671522 -0.00286539 -0.000111208 0.00189197 -0.000220074 1.67792e-05 5.20041e-05 0.00080682 0.00109061 0.00278723 0.00019571 0.00271605 0.00115783 0.00199346 -0.000633595 0.000666384 -0.000292431 -0.000272573 0.00152238 -0.000536862 -1.42934e-05 0.00660636 -2.16753e-05 -0.00490718 -0.000349214 -0.000322535 -0.000153195 -0.000144679 -0.00229805 5.27611e-05 -0.00083001 -0.00154324 -0.000168813 -0.00100432 -6.18163e-05 0.000246127 -0.000640205 -4.85826e-05 0.000925039 -0.00143262 -5.90829e-05 4.17847e-06 -0.00134573 -1.27029e-05 -0.000118792 -0.00187726 -0.00169648 -0.00103109 -4.49036e-05 -0.000445644 -0.000707782 0.00636495 -0.000199085 
-0.000489024 0.0652211 -0.00213991 -0.00124209 -5.38971e-05 -2.95212e-05 0.000594827 -0.00843923 0.00594238 -0.00125544 -0.00278976 -0.00321251 -0.00564628 -0.000173412 -0.00126395 -0.000727905 -0.0101228 -0.00304349 -0.0038196 -0.000187123 0.0201727 -0.0118941 -0.0121326 0.00502955 -0.00082452 -0.012205 0.000530005 0.0083983 0.0038021 -0.000367041 0.00439481 0.000221845 0.0230848 -0.000530351 0.00121215 -0.000961628 -0.00144004 -0.00339541 0.00317822 0.000344976 -0.00291049 0.00348369 0.000864278 -0.000456419 0.0103063 -0.00631583 0.00560418 -0.000512977 -0.00606959 0.000296451 0.000640519 0.00178143 -0.000105763 -0.000158894 -0.00137222 0.000228341 -0.00351936 -0.00141537 -0.019431 0.00466807 -0.00442221 -0.00089719 -0.0131951 0.00109842 6.3489e-05 -0.000720663 0.000682817 0.000286061 -0.00292864 0.000477278 0.0106993 0.00123357 -0.000613363 -0.00191272 0.000555258 -0.000821746 -0.000104024 0.00158779 -0.000861839 -0.000737624 0.0043875 -7.77308e-05 -0.000340838 0.00096424 -0.000819333 -7.53423e-05 0.002592 0.0002354 0.000563189 -0.00380035 0.000167042 0.000396177 -0.00821232 -0.00437849 -0.00457533 -0.00284708 -0.00279115 -0.000212644 -0.0113173 0.00132716 
0.00483176 -0.00213991 0.160883 -0.00558382 -1.94356e-05 -0.000152749 -0.00206255 0.00372079 -0.00248313 -0.00958024 -0.0191014 -0.0100962 0.0219874 -0.0191626 -0.0046794 -0.0164617 0.0303959 -0.0128161 0.0402321 -0.00132507 -0.00201446 -0.0216384 -0.0212163 0.0102585 -0.00570307 0.0216695 -0.00579084 0.00570973 -0.0193771 -0.00109005 -0.00214302 -0.000659934 0.0220512 -0.0160829 -0.002483 -0.000274219 -0.00472195 -0.0180011 -0.0285047 -0.000498074 -0.00725971 0.000277075 -0.00177608 -0.00165158 -0.00522627 0.0296788 -0.0177147 -0.00666712 -0.00865642 -0.00252619 -0.00796315 -0.00212517 -8.3113e-05 0.000932947 -0.00174361 0.000480652 -0.00162822 -0.000150154 0.0128355 -0.0100242 0.0182151 -0.00485978 0.0142201 -0.000803431 -0.00357075 -0.00571919 -0.00444331 -0.00351887 0.0212224 2.70498e-05 0.00594067 -0.00538505 -0.0028813 -0.000968994 -0.00216953 -0.0126072 -0.000101683 -0.00127453 -0.015176 -0.00208724 0.00500434 -0.0031296 -0.00106678 -0.00344874 -0.0022136 -0.00372378 0.00497169 -0.000266216 -0.000561127 -0.0108603 -0.000175719 -0.00238291 -0.00674296 0.00217763 -0.0212317 -0.00763488 0.00351563 -0.0077782 0.0309496 -0.00434614 
-0.000527804 -0.00124209 -0.00558382 0.0359308 0.000198575 0.000221064 -0.00196115 -0.0050299 0.0006533 0.0028055 0.00381281 -0.000513989 -0.00959819 0.00544757 0.00102195 0.00328904 -0.00619675 0.0033794 -0.0103854 0.00255175 -0.0108243 -0.00701935 0.00399226 -0.00200206 0.00713781 -0.0138896 0.00244957 -0.000703043 0.00151622 0.00106665 0.00293919 -4.84581e-05 -0.00224687 8.49313e-05 -6.26419e-05 0.000313628 0.00323574 -0.000516791 -0.00475197 0.000314807 0.000934424 0.00173223 0.00264885 0.00118079 -0.000353554 -0.0157902 0.00554682 -0.000808584 0.00120585 -0.000427929 -0.00113307 0.00248216 0.000309844 -6.53396e-05 0.000947212 0.0011245 -0.00148492 0.000344504 -0.00535784 0.000256872 -0.000256352 9.74576e-06 -0.00109724 -0.000517412 0.000405987 -0.00167987 0.00242764 0.00171411 -0.00420935 1.90635e-05 -0.00454978 -0.00112805 0.000687108 0.000463871 0.00149076 0.0085786 0.000124966 -0.000124107 0.00190323 0.00305239 0.000850413 0.000525462 4.20618e-05 0.00178729 0.000366856 -0.000953856 0.00397889 0.000438261 8.26443e-05 0.000594855 0.00010431 0.00302026 -0.00242534 0.00280427 -0.011077 0.00105441 0.000119152 0.00122144 -0.00651252 0.0041118 
-2.89551e-05 -5.38971e-05 -1.94356e-05 0.000198575 0.00227418 2.2454e-05 -0.000584173 -0.000467202 7.7018e-05 0.000458496 0.00027345 2.51705e-05 -0.00123747 0.000279531 0.000232446 0.000450864 -0.000955856 -0.000340818 -0.000760812 5.62714e-05 -0.000283108 -1.77051e-05 -7.13312e-05 -7.14184e-05 0.000387892 -0.000754743 0.000696443 0.000190983 0.000639927 0.000173194 4.25289e-05 6.51529e-06 -0.000427964 -1.57615e-05 2.19187e-05 -2.87898e-06 0.000132351 -0.000143988 -0.000411739 2.67563e-05 0.000354838 1.06436e-05 0.000189598 0.000101492 -0.000147588 -0.000470004 -3.85455e-05 -3.16323e-05 -8.31571e-05 0.000123803 -9.5792e-05 -1.03894e-05 7.04106e-06 -1.96335e-06 -4.85308e-05 0.000137925 -6.60434e-05 -3.7049e-05 -0.000502407 -6.9249e-05 -8.78102e-05 4.27192e-05 0.000145161 0.000150596 0.000148391 -8.68764e-05 0.000268183 0.000142034 -0.000595636 1.20931e-05 -0.000154999 -4.66472e-05 0.000225794 0.000411429 1.26679e-05 0.000634578 1.81858e-05 -7.7213e-05 0.000312335 4.5319e-05 4.16115e-05 -8.36284e-06 1.17633e-05 0.000130149 0.0001095 5.34058e-05 9.77686e-05 -7.28274e-06 -3.45284e-06 0.000248989 8.06889e-06 7.65569e-05 -0.000101968 -0.000140364 -0.000712285 0.000182535 -2.93971e-05 -3.7249e-05 -0.000772047 -8.94056e-06 
-1.07571e-05 -2.95212e-05 -0.000152749 0.000221064 2.2454e-05 0.000784394 -0.000232558 -0.000203267 7.64018e-06 0.000110723 8.23759e-05 0.000124178 -0.000553835 0.00029893 0.000143228 0.000375245 -0.000435364 -3.68292e-05 -0.000569032 6.27555e-05 -0.000211515 0.000147396 0.000182001 -0.000149698 0.000123718 -0.000448914 0.000112158 2.40314e-05 0.000152568 0.000154911 -1.2357e-05 7.94347e-06 -9.04946e-05 -3.58762e-05 3.01795e-05 7.1788e-06 5.76858e-05 -0.000115284 7.3578e-05 4.63255e-06 -4.43596e-05 2.20599e-05 5.59365e-05 0.000156253 -5.31028e-05 -0.000531486 -7.76904e-05 2.06964e-05 6.54569e-06 6.08264e-05 4.93751e-05 2.36026e-05 1.06888e-05 1.49887e-05 2.80769e-05 8.3302e-05 -1.09455e-05 -8.63163e-06 -0.000307765 3.55223e-05 -0.000104708 -1.53892e-05 -0.000179277 -1.05747e-05 0.000139623 9.58692e-06 0.000172666 1.75784e-05 -0.000170485 1.05463e-05 -0.0001644 6.28856e-05 6.40087e-05 3.90178e-05 0.000139477 9.02485e-05 4.05163e-05 -3.1778e-06 -2.63024e-05 3.43192e-05 -4.15642e-05 2.39706e-05 0.000107034 5.7456e-05 4.40355e-07 -6.01413e-06 0.000164995 -2.06295e-08 1.91279e-05 0.000186169 1.91411e-05 0.000279802 -8.34308e-05 -0.000111472 -0.000289667 0.000298658 -2.928e-05 -2.04092e-05 -0.000256684 -2.12235e-05 
-0.00222647 0.000594827 -0.00206255 -0.00196115 -0.000584173 -0.000232558 0.22534 0.0247709 -0.00813443 -0.00705427 -0.0136257 -0.0223027 0.000841659 -0.0126876 -0.00542497 -0.0057325 0.0197594 0.0602074 -0.00296225 -0.0017078 0.0227823 -0.0447441 0.00591165 0.0377105 -0.0151384 -0.00979085 -0.00692849 -0.0168594 -0.0111684 -0.00199055 -0.0151872 -0.000932037 -0.0340358 -0.00741668 -0.0001547 0.00176914 0.00887058 -0.0292837 -0.0335548 -0.00195898 -0.0027997 0.00115455 -0.00406752 -0.00152159 0.0030242 -0.00566287 0.0172 0.0142578 0.00824854 -0.0048192 -0.0214737 -0.00112509 0.000307238 -0.00028163 -0.00157028 -0.0169766 -0.00139715 0.00322935 -0.0206693 -0.00632922 -0.0141877 -0.00149336 0.0196827 -0.00564169 -0.00025532 -0.00884079 -0.00558256 -0.00361806 0.0811858 -0.000334129 -0.00345128 -0.00656991 -0.00243098 0.00135148 -0.00317584 0.017499 -0.00053135 0.00753739 -0.0240939 -0.00144435 -0.00165233 -0.00274002 -0.00196201 -0.00602374 -0.00242816 -0.00047326 -0.000495712 -0.00120214 0.000261993 0.00401144 -0.000378706 -0.00285869 -0.0157121 -0.0469541 -0.0542246 -0.00979918 -0.00120562 -0.00393817 0.0412289 0.00949794 
0.0025567 -0.00843923 0.00372079 -0.0050299 -0.000467202 -0.000203267 0.0247709 0.197623 -0.00645441 0.000975649 -0.00347344 -0.0061346 0.00451948 -0.0131505 0.00436604 -0.00837839 0.000817184 -0.0533086 0.0197822 -0.0016961 0.00503254 -0.0155108 -0.0457158 -0.0252117 -0.00252605 0.0147501 -0.00747451 -0.018246 -0.00811326 -0.0015845 -0.024487 -0.00129607 -0.0195475 0.0197004 0.00274399 0.00510016 0.00104277 -0.0221821 -0.0185197 -0.000938362 -0.00470631 -0.00271208 -0.00330849 -0.00256027 -0.0194106 0.0437178 -0.0419164 -0.000255906 -0.0616879 -1.50867e-05 0.00546348 -0.00238028 -0.000921046 -0.00200614 -0.00783886 -0.00987804 0.0103751 0.00551362 -0.000270361 -0.00378716 0.0155726 -0.00166707 0.0258404 -0.00252453 -0.0030443 0.00432066 -0.00711953 -0.00231769 0.0489777 -0.000574349 0.024481 0.00207356 -0.00171028 0.00059123 -0.00108758 0.0183727 -0.000229782 -0.0102643 0.00555556 -0.00264605 -0.00993725 -0.00082991 -0.000394178 -0.00966995 0.00116637 -0.00402807 0.0132362 -0.0010048 -0.000422245 -0.000289787 -2.82396e-05 -0.00287628 -0.00917483 -0.0120422 0.0193192 -0.0124334 -0.00153518 -0.0015603 0.029556 -0.000478886 
-0.000522985 0.00594238 -0.00248313 0.0006533 7.7018e-05 7.64018e-06 -0.00813443 -0.00645441 0.0450499 0.00330099 -0.00255825 -0.00106148 -0.00956404 0.0028732 -8.37933e-05 0.00155773 -0.0174945 -0.00559447 -0.0026843 0.000839241 0.0119033 -0.00653268 -0.00441124 -0.000335092 -8.79657e-05 -0.00270033 1.24439e-05 0.00862903 0.00359068 -0.000107664 0.00236651 6.72808e-05 0.00759994 -0.007384 7.21445e-05 0.00131122 0.00277635 -0.00422018 0.00463283 -0.00027346 -0.000857645 0.000699706 0.00234119 -0.000141683 0.00318922 -7.49443e-05 0.00018353 -0.00152075 -0.00867268 0.00292576 -0.000185764 -0.000223912 0.000146531 -0.000233212 -0.00139542 -0.000949373 -0.00233814 -0.00120584 -0.00984797 0.00294129 -4.36405e-05 2.05024e-05 -0.000400273 -0.000450931 0.00019979 -0.00200862 -0.00117652 0.000404229 -0.0132369 0.000177953 0.0107811 0.000982252 0.0017214 0.000364907 0.00347842 -0.000569858 -5.04057e-05 0.000534658 0.000214356 8.42529e-05 0.000647014 -0.000200788 0.000445201 0.00222693 -0.000308289 0.000400079 0.00285956 0.000371036 4.36202e-05 -0.000163446 0.000286625 0.00147253 -0.00268671 -0.00163885 -0.00398733 -0.00234289 -0.00101351 0.00211475 -0.00643665 0.00152992 
-0.000312198 -0.00125544 -0.00958024 0.0028055 0.000458496 0.000110723 -0.00705427 0.000975649 0.00330099 0.0570899 -0.000562968 0.00849118 -0.0322078 -0.00103055 0.0194124 0.00613992 -0.0338302 -0.00543008 -0.0292574 0.00110316 -0.00272857 -0.00767448 -0.0106915 -0.000880796 0.0114383 -0.0113372 0.00668368 0.0106226 0.029654 0.0030654 -0.00610189 3.1537e-05 -0.0125109 0.0119837 -0.00020801 -0.000669988 0.00379426 -0.00739544 -0.00908752 3.60988e-05 -6.30989e-06 -0.000576579 -0.00060547 0.00110004 -0.00137708 -0.0194974 -0.0119612 0.000616259 -0.00350601 0.010308 -0.000212249 -0.000708573 -7.51348e-05 0.000551928 -0.0016363 0.00614087 -0.00282937 0.00173886 -0.029301 -0.00240261 -0.0052982 0.00723153 -0.00104014 0.00120417 0.00407477 -0.00183031 0.000851472 0.00725849 -0.00756502 3.57311e-05 0.0132867 4.13295e-05 0.00222294 0.00407685 0.0044024 0.0126607 0.000253421 -0.00176489 0.0094957 -0.000475934 0.00167196 0.000595395 0.00527125 0.000429299 0.00287922 -0.0010592 0.0043844 9.29324e-05 -1.4728e-05 0.0121018 0.0001933 0.00310073 -0.00537071 0.00160817 -0.00725491 0.00724705 -0.00262841 -0.000899702 -0.00288145 -0.00173896 
-0.00203002 -0.00278976 -0.0191014 0.00381281 0.00027345 8.23759e-05 -0.0136257 -0.00347344 -0.00255825 -0.000562968 0.109624 0.000226657 -0.0141085 0.0135388 -0.00348455 0.00634648 -0.0102394 0.00548469 -0.0182607 0.00227244 -0.0312512 0.0339237 0.0260508 -0.0411477 -0.00267864 -0.00838657 0.00195449 0.00315237 0.000597334 0.000898618 0.00964107 0.000729354 0.00545838 -0.0185449 -0.000905494 -0.00231073 0.00444588 0.0024101 -0.0169449 0.00428349 0.0103059 -0.00177519 0.000718929 0.00220927 -0.00370667 -0.0290061 0.0239196 -0.000355108 -0.0216433 0.00106513 -0.00774831 0.0042808 -0.000414998 -0.000166716 0.00490491 -0.000187834 0.000464653 -0.00359592 0.0131163 -0.00136424 0.00680645 -0.00220967 -0.0123656 0.00227096 0.00116317 -0.0040271 0.000539773 -0.000729485 -0.0317483 4.93716e-05 -0.0125638 -0.00126176 0.00389074 0.00171954 -0.000252572 0.00114484 5.85372e-06 0.00359222 0.0303273 0.00037619 -0.00414711 -0.000635891 -0.000554793 0.00507206 -0.0015911 0.000274982 -0.00652875 0.000563002 7.29777e-05 0.0123016 0.000154738 0.000389188 0.0150172 0.0117634 -0.00267235 -0.0009044 -0.00166407 0.00396676 -0.0323936 0.000963854 
-0.000242011 -0.00321251 -0.0100962 -0.000513989 2.51705e-05 0.000124178 -0.0223027 -0.0061346 -0.00106148 0.00849118 0.000226657 0.0866208 -0.00518988 0.00205567 0.00653806 0.00596767 -0.00886952 -0.00261792 -0.00349089 0.00154455 -0.00798375 0.00328504 -0.00856749 -0.00487218 7.10484e-05 0.00254106 0.0027741 -0.00184811 0.000391417 0.000581795 -0.00800971 -0.000385137 -0.0226771 0.0154652 -0.000649961 -0.000239633 -0.000876059 -0.00423151 0.0123916 -0.000413794 -0.00141246 -0.00244987 0.00227828 0.000129678 -0.00432462 0.000529876 -0.0111532 0.00166364 -0.00632496 0.000116247 0.0155206 -0.000891015 -0.000282564 -0.000776881 -0.0020918 0.00246845 -0.000451998 0.00104485 -0.00996481 0.00636982 -0.00743324 0.00661578 -0.0113821 -0.000964745 -0.000499013 -0.00114828 0.00120932 0.00149735 -0.0151845 -5.00374e-05 0.00561443 -0.00132589 -0.000939487 -0.00175285 0.00251619 -0.00989518 -6.00978e-05 -0.00163214 0.0012578 -0.000420309 -0.00684699 -0.00061519 0.00238581 -0.00133902 0.000273489 0.00249964 -0.000903302 -0.000136878 0.000193514 -0.00372287 -1.23603e-06 0.000630382 -0.00759176 0.00143311 0.0107822 0.00901093 0.000595583 0.00218574 0.0116888 -0.00115125 
0.000960434 -0.00564628 0.0219874 -0.00959819 -0.00123747 -0.000553835 0.000841659 0.00451948 -0.00956404 -0.0322078 -0.0141085 -0.00518988 0.122513 -0.0218315 -0.0213372 -0.0287127 0.070575 -0.0125005 0.077808 -0.00696448 -0.00789409 0.00383825 -0.00764031 -0.00974439 -0.0155206 0.0509114 -0.0138295 -0.0249583 -0.0555727 -0.00366675 0.000307719 -0.000313845 0.00187972 -0.00919782 -0.00577473 -0.00246003 -0.0147547 0.0169732 0.0131343 -0.000759066 -6.21954e-05 -0.00725763 -0.00924009 -0.00503164 -0.00526046 0.0476664 -0.00182922 -0.00603622 0.0010812 -0.0112693 0.00477705 -0.000743993 -0.000923429 -0.0008226 0.00143265 -0.00322153 0.00654972 -0.00193432 0.0639993 0.000870586 0.0103541 -0.00480785 0.0126195 -0.00385508 -0.0125382 0.0038991 -0.00343782 -0.01235 0.00293763 6.01959e-05 -0.0246442 -0.00339955 -0.0102127 -0.0132124 -0.00803367 -0.0348742 -0.000595486 -0.00461407 -0.00208566 -0.00208982 -0.00518485 -0.00113614 -0.00551978 -0.00145464 -0.00340067 -0.00208179 -0.0168878 -0.000706388 -0.00181004 -0.0229379 -0.00071127 -0.00794003 0.0124033 0.0124075 0.033554 -0.0133492 0.00489974 0.0024661 0.0172295 -0.00641434 
-0.000472306 -0.000173412 -0.0191626 0.00544757 0.000279531 0.00029893 -0.0126876 -0.0131505 0.0028732 -0.00103055 0.0135388 0.00205567 -0.0218315 0.10564 -0.00170044 0.00344037 -0.016633 0.0117196 -0.0277525 0.00516315 -0.00185242 0.0176606 0.0215113 -0.0110513 0.001809 -0.0215931 0.0034892 0.00642251 0.001476 -0.000360049 0.000121429 0.000104726 0.00640897 -0.0144939 0.00119352 3.72011e-05 0.00609261 -0.0138606 0.0163793 -0.000632659 -0.00420036 0.00550433 0.0066176 0.000386918 -0.00724336 -0.0302501 0.00617589 0.00650923 0.010209 -0.00048787 0.00142439 0.00236349 0.000309054 0.00062744 0.00393429 -0.00404807 0.00780812 -0.00285925 -0.00984176 0.00113191 -0.00712597 -0.000766667 -0.019491 -0.000112085 -0.00155114 0.00509504 0.0092767 0.00214282 -0.0123915 -4.83893e-05 -0.00373686 -0.00212691 0.00339453 0.00073213 0.00455937 -0.00144162 0.000796849 0.00176235 0.00454284 0.00466786 0.000481084 -0.00126936 8.06625e-05 0.000899515 -0.000883472 7.27024e-05 0.0139956 0.000588855 0.00145617 0.000442143 0.00039131 0.00276018 -0.00884632 -0.010118 -0.000986841 -0.00200244 -0.00282313 -0.00203338 -0.0301592 0.000979572 
-0.000251042 -0.00126395 -0.0046794 0.00102195 0.000232446 0.000143228 -0.00542497 0.00436604 -8.37933e-05 0.0194124 -0.00348455 0.00653806 -0.0213372 -0.00170044 0.0531895 0.000911187 -0.0167574 -0.00939479 -0.0159627 0.000669405 -0.00571135 -0.00323139 -0.012182 -0.00861951 0.00461507 -0.00795277 0.00579584 0.00590273 0.0180516 0.00140737 -0.00489863 0.000100897 -0.0119904 0.0162606 0.000588993 0.0003361 2.654e-05 -0.0049715 -0.00482226 -0.00023993 0.000642652 -0.000179147 -0.000674068 0.00136778 0.000917578 -0.00796029 -0.0115959 0.00067035 -0.00611398 0.00254211 -0.000215892 -0.000384509 -0.000124044 0.000525459 -0.00145227 0.00300109 0.00117148 -0.000358719 -0.0174691 -0.0026454 -0.00557417 0.00579949 -0.00126822 0.00233592 0.0057658 -9.26394e-05 4.91907e-06 0.00369195 -0.00319926 2.17397e-05 0.00534043 -0.00123623 0.000563099 0.00504932 0.00339437 0.00608219 0.000133179 -0.00229208 0.00726436 -0.000457253 -0.00105253 0.000875937 0.00384943 0.00218296 0.00169061 0.00259543 -0.000861878 -0.000120898 2.69181e-05 0.00447985 0.000131913 0.00176551 -0.00264238 0.00156529 -0.000443559 0.00255476 -0.00195796 -0.00123278 -0.000259301 -0.000749431 
-0.00102241 -0.000727905 -0.0164617 0.00328904 0.000450864 0.000375245 -0.0057325 -0.00837839 0.00155773 0.00613992 0.00634648 0.00596767 -0.0287127 0.00344037 0.000911187 0.126299 -0.0259674 -0.0319969 -0.020895 0.000683297 0.0170985 -0.0157382 -0.00563493 0.00558391 0.0188432 -0.00226271 0.0114369 -0.0037211 0.023182 0.00157409 0.00739218 0.00108587 0.00847377 -0.00348457 0.00809465 0.00162435 -0.000284792 -0.00588724 -0.0156411 3.45201e-05 -0.00518709 0.00211582 0.0026019 0.00112378 0.00450138 -0.0105122 0.0140847 0.00111032 -0.00122162 0.00470904 -0.00515976 0.00287451 0.000694794 -0.0011344 0.00255336 0.0024796 -0.00710913 -0.00109443 -0.0295145 -0.0053371 -0.0128009 -0.00198766 -0.00855825 -0.00195709 0.000922477 -0.00403457 0.00649901 0.00640334 0.0065477 0.000252323 -0.0122498 0.00382401 0.00254277 -0.00185122 0.00216208 0.0184001 0.000275809 0.0125815 -0.00623645 -0.000951698 -0.0071858 0.000301977 0.00082016 -0.00272289 0.00287292 0.00627351 0.0176435 0.000192821 7.8091e-06 -0.00671716 -1.29198e-05 0.00371687 -0.0150594 -0.000472206 -0.0515318 0.0224926 -0.00189382 -0.00156651 -0.0165186 -0.000338797 
0.00272524 -0.0101228 0.0303959 -0.00619675 -0.000955856 -0.000435364 0.0197594 0.000817184 -0.0174945 -0.0338302 -0.0102394 -0.00886952 0.070575 -0.016633 -0.0167574 -0.0259674 0.182131 0.0103772 0.0613663 -0.00460732 -0.0413992 0.00855127 -0.00105896 -0.0201461 -0.0188166 0.0289996 -0.0156267 -0.0158793 -0.0465418 -0.00343552 -0.00147792 -0.00106879 -0.00739095 0.00491434 -0.00919694 0.000797429 -0.0117127 0.00996389 0.0197858 -0.00227753 -0.00710659 -0.0054952 -0.00501874 -0.00337727 -0.00563569 0.0308722 -0.00390164 -0.00950224 0.0140767 -0.0123763 -0.00675231 0.00121511 -0.000944699 0.000346194 0.00286263 -0.0106412 0.0114392 -0.00199483 0.0663087 0.00568483 0.00675667 -0.00856033 -0.00463238 -0.00533519 -0.00679538 0.00573425 -0.00399519 -0.0117299 0.024523 -0.000329248 -0.0388804 0.00197625 -0.0116154 -0.00407831 -0.00833416 -0.0374256 -0.000477521 -0.00298447 -0.0154703 0.000166783 -0.00688653 -0.000288055 -0.00463843 -0.00022779 -0.00626679 -0.00335254 -0.0143558 -0.000296986 -0.000809047 -0.020787 -0.000626028 -0.00550211 0.0114793 0.00650174 0.0101009 -0.0131467 0.000526284 -0.0116526 0.0210366 -0.00240122 
-0.00312106 -0.00304349 -0.0128161 0.0033794 -0.000340818 -3.68292e-05 0.0602074 -0.0533086 -0.00559447 -0.00543008 0.00548469 -0.00261792 -0.0125005 0.0117196 -0.00939479 -0.0319969 0.0103772 0.236352 -0.0584837 0.00428173 -0.0522533 0.0368724 0.104092 0.028148 -0.00590502 -0.0565106 -0.00379636 0.00578049 -0.00905821 -0.000373353 -0.0176488 -0.00037101 -0.0269755 -0.013148 -0.00473307 -0.00503111 0.0128841 -0.0311745 0.0175285 0.000436329 -0.00391772 -0.00245704 0.00107722 0.00154503 -0.00390787 -0.0742005 0.0103339 0.00389992 0.07863 -0.00428886 -0.00553233 0.000567046 0.000335059 0.000555767 0.00482443 -0.0112645 -0.00864921 0.00186224 -0.00819897 0.000220599 -0.0162408 -0.00574162 -0.0227463 -0.00185176 0.00304639 -0.00310132 0.00810412 0.00236975 0.00219829 -0.000692341 -0.0224672 -0.00703007 -0.00010438 0.00765273 -0.00301057 -0.0100461 9.0378e-05 -0.00412436 -0.014607 0.00590597 0.00907116 -0.00239068 -0.00192204 0.00125527 -0.00572233 -0.00804599 -0.000142375 -0.000884125 0.00100901 0.0191794 -0.00028118 0.000219312 0.00659481 -0.0223618 -0.0150468 0.00402396 -0.000484032 -0.00202273 0.00152552 0.00550796 
0.00286846 -0.0038196 0.0402321 -0.0103854 -0.000760812 -0.000569032 -0.00296225 0.0197822 -0.0026843 -0.0292574 -0.0182607 -0.00349089 0.077808 -0.0277525 -0.0159627 -0.020895 0.0613663 -0.0584837 0.17813 -0.00700291 0.0161463 -0.0126614 -0.0497864 -0.0194127 -0.0151391 0.0704246 -0.0146001 -0.0188812 -0.0435746 -0.00356145 0.013433 -0.00119354 0.00123151 0.00529514 -0.0054052 0.00152223 -0.0189043 0.000327017 -0.0158242 -0.00188345 -0.00515814 -0.00714209 -0.00593097 -0.00601694 0.0056777 0.0811762 -0.00504715 -0.00380161 -0.0455518 -0.00852135 0.000667669 -0.00193974 -0.000695408 -0.00244591 -0.00312084 -1.47259e-05 0.00804154 -0.00216244 0.0643359 -0.00556083 0.0131541 -0.00195248 0.0130683 -0.0028101 -0.0110756 -0.00508026 -0.0145947 -0.0114967 -0.00240735 0.00018213 0.00382318 -0.00126893 -0.00882269 -0.0139033 -0.00592846 -0.0337789 -0.000678813 -0.0071722 0.00218925 -0.00537855 -0.00367895 -0.00340144 -0.00446674 -0.00319054 -0.00122164 0.00106088 -0.0260549 -0.0006474 -0.00186333 -0.0286362 -0.000560609 -0.00665886 0.00801601 0.0139953 0.0216631 -0.0190254 0.00717585 -0.00139973 0.0260747 -0.00548917 
-0.000126927 -0.000187123 -0.00132507 0.00255175 5.62714e-05 6.27555e-05 -0.0017078 -0.0016961 0.000839241 0.00110316 0.00227244 0.00154455 -0.00696448 0.00516315 0.000669405 0.000683297 -0.00460732 0.00428173 -0.00700291 0.0153299 -0.00254412 -0.000935622 0.00187907 -0.000371838 0.000309405 -0.00698499 0.000249409 0.00142604 0.00345172 0.000169826 0.0004476 5.84795e-06 -0.000644101 -0.00171747 -4.59187e-05 8.35579e-06 0.000847025 -0.00271818 -0.000652749 8.80354e-05 -0.000384809 0.00115104 0.00172352 0.000220292 -0.000757029 -0.00691517 0.000697706 8.05448e-05 -3.83073e-05 7.84641e-06 -9.29716e-05 9.80839e-05 0.000357794 0.000114768 0.000405936 -0.00047613 -0.000101387 -0.000402837 -0.00557435 0.000666304 0.000433158 -0.000131925 -0.000716159 5.34146e-05 0.000935344 -0.000366389 0.00219856 0.000437077 -0.00117071 -8.1654e-06 -6.8255e-05 -5.29397e-05 0.000266776 0.00030908 0.00165025 -7.56107e-05 0.000102388 -0.00014655 -0.00165201 0.000851125 -0.00010378 0.000330711 0.000402016 0.00133365 -0.000228859 -0.000263809 0.00435925 4.70862e-05 0.000485494 0.00112797 4.14185e-05 0.000859558 -0.00087517 -0.00216374 -0.00557343 0.000637687 -5.50831e-05 0.00168924 6.34707e-05 0.00104978 
-0.00517439 0.0201727 -0.00201446 -0.0108243 -0.000283108 -0.000211515 0.0227823 0.00503254 0.0119033 -0.00272857 -0.0312512 -0.00798375 -0.00789409 -0.00185242 -0.00571135 0.0170985 -0.0413992 -0.0522533 0.0161463 -0.00254412 0.249885 -0.0488919 -0.0323398 0.06752 -0.0153098 0.0259376 -0.000697135 -0.00513457 0.0158454 -0.00244537 -0.0155143 -0.000880671 0.0351199 0.0139327 0.00642516 -0.00192915 -0.00967993 -0.00646435 -0.00149416 -0.00380544 -0.0138494 0.00623165 -0.00149037 -0.004505 0.00515624 0.0493158 -0.00189874 -0.00499282 -0.00862519 0.00106852 -0.0130583 -0.00340925 -0.000416743 -0.00236588 -0.0101143 -0.00638631 -0.0185719 -0.00748243 -0.0415769 -0.0151396 -0.0177654 0.0036011 -0.0121203 -0.00127189 -0.00444297 -0.0124327 -0.00551998 0.00109176 0.0226591 -0.000549426 0.0770486 -0.00282481 0.000592412 -0.017065 0.00220158 0.0104003 -0.000446001 0.00629255 -0.0246464 -0.00712152 0.00560486 -0.00104916 -0.000388187 -0.0135424 0.00228608 0.00367216 0.00421759 -0.00108523 -0.000524621 -0.0218772 7.86022e-05 -0.00189276 -0.0483984 -0.0369858 -0.00551572 -0.00602018 -0.00843229 0.00637569 0.00955687 -0.00273865 
-0.00249384 -0.0118941 -0.0216384 -0.00701935 -1.77051e-05 0.000147396 -0.0447441 -0.0155108 -0.00653268 -0.00767448 0.0339237 0.00328504 0.00383825 0.0176606 -0.00323139 -0.0157382 0.00855127 0.0368724 -0.0126614 -0.000935622 -0.0488919 0.200828 0.0638294 -0.049089 -0.0119637 0.0040684 -0.00571059 0.00260455 -0.0170144 0.000766563 -0.00215991 0.000522199 -0.0363999 -0.00454625 -0.00317665 -0.00676667 -0.00662471 -0.0138921 0.0125786 0.00230884 0.00229021 -0.00638036 -0.00384143 0.00332743 -0.00355304 -0.00384083 0.000496412 0.00162965 -0.00749724 0.000915522 0.0182233 -0.00208363 -0.00115573 -0.00148264 0.00330209 -0.00418348 0.00957616 -0.00387316 0.0246355 0.00115627 -0.0122115 -0.00639305 -0.0251171 0.00464987 0.00326155 0.0029691 -0.00112914 -0.0023182 -0.0550932 0.000134577 0.00152035 -0.000625802 0.00164465 0.00721716 -0.00123407 -0.0230826 -7.06675e-05 -0.00204333 0.0189503 -0.00206865 -0.0138599 -0.000327517 -0.00101583 0.00184521 -0.000946974 0.00194097 -0.0109294 -0.000560089 -8.8428e-05 0.0196253 -0.000400885 -0.000345475 0.0307435 0.00225649 0.0369105 0.00594467 -0.00766297 0.000826229 -0.0307416 -0.00529259 
-0.00491901 -0.0121326 -0.0212163 0.00399226 -7.13312e-05 0.000182001 0.00591165 -0.0457158 -0.00441124 -0.0106915 0.0260508 -0.00856749 -0.00764031 0.0215113 -0.012182 -0.00563493 -0.00105896 0.104092 -0.0497864 0.00187907 -0.0323398 0.0638294 0.227601 0.0133456 -0.00465367 -0.0368301 -0.00271454 0.00196752 -0.0146326 0.000306047 -0.00349963 -0.000498145 0.00933287 -0.0295064 -0.00265078 -0.00594837 0.0127654 -0.0175166 0.0224656 0.000370965 -0.00592819 -0.00340478 0.00231838 0.00133854 -0.000894975 -0.0691178 0.0216957 0.00402969 0.047449 -0.00182583 -0.0106828 0.000943724 1.29629e-05 -0.000612735 0.00919706 -0.0138211 -0.000666596 -0.00377264 -0.00573082 0.00230418 -0.00563262 -0.0038021 -0.0294962 -0.000129507 0.00293961 -0.00472813 0.010455 -0.000287524 -0.0358668 -0.000154971 -0.0263355 -0.00497626 0.00202741 0.00652088 -0.00125955 -0.0125811 0.000336433 0.00902787 -0.00547201 0.00441298 -0.00369265 -0.00327912 -0.00209156 -0.00227804 -0.00402927 0.00319355 0.010022 0.000578841 9.78138e-05 0.0146034 -0.0002106 0.000529391 -0.000733776 -0.0150712 -0.00154773 0.00489128 -0.0143608 -0.00140648 -0.0477974 0.00396778 
-0.00455359 0.00502955 0.0102585 -0.00200206 -7.14184e-05 -0.000149698 0.0377105 -0.0252117 -0.000335092 -0.000880796 -0.0411477 -0.00487218 -0.00974439 -0.0110513 -0.00861951 0.00558391 -0.0201461 0.028148 -0.0194127 -0.000371838 0.06752 -0.049089 0.0133456 0.192605 -0.00199234 -0.0159893 0.00128007 0.0101104 0.0194462 -0.000830788 -0.00906626 -0.000899923 0.0405563 0.00699925 0.00318999 0.00285927 0.00675328 -0.00593935 -0.0183462 -0.00430243 -0.0143952 0.00487125 0.00208959 -0.00303747 0.00692846 -0.0024946 0.0080728 -0.000124324 0.0520131 -0.000161357 -0.00116682 -0.00300122 5.96175e-05 -0.0024957 -0.0113418 -0.00905363 -0.0335327 0.00269145 -0.0537835 -0.0181219 -0.00814585 -0.00217287 0.0034728 -0.00669449 -0.000527421 -0.0114365 0.000617607 -0.000206435 0.0357384 -0.000694909 0.0148679 -0.00200311 -0.00098721 -0.000363325 -0.000675093 0.0211902 -0.000270322 -0.00194621 -0.0553389 -0.00117612 0.001648 -0.00583934 -0.000350189 -0.00787119 -0.00111659 -9.70611e-05 0.0109972 -0.000750236 9.80364e-05 -0.00169733 -0.000427566 -0.00482429 -0.030003 -0.0418572 -0.0436873 0.00366175 -0.00257262 -0.00195437 0.0183266 0.00468243 
-0.000384755 -0.00082452 -0.00570307 0.00713781 0.000387892 0.000123718 -0.0151384 -0.00252605 -8.79657e-05 0.0114383 -0.00267864 7.10484e-05 -0.0155206 0.001809 0.00461507 0.0188432 -0.0188166 -0.00590502 -0.0151391 0.000309405 -0.0153098 -0.0119637 -0.00465367 -0.00199234 0.0764851 -0.0135733 0.00436561 -0.00265171 0.00425713 0.0021183 0.00194103 0.00103326 0.0114251 0.00344788 0.0017234 -0.00159094 0.000819083 0.00269168 -0.0071345 0.000191784 -0.00237379 -0.00144325 0.00452929 0.00187646 0.00386202 -0.0198395 0.00625512 -0.000222542 -0.00271677 -0.00126284 -0.00555444 0.0014928 0.0007305 0.000365114 0.00412492 0.0110689 -0.00221095 0.00281291 -0.0170349 -0.00220727 -0.00923051 -0.00144042 -0.00845276 -0.000183596 0.000312131 -0.000467985 0.00561961 0.00612227 -0.00899535 0.000531112 -0.00957205 -0.00160671 0.000565432 0.00160344 -0.000253338 0.0140128 0.000691129 0.00414618 0.000148148 0.000790121 -0.00133207 -0.00013768 0.000797843 -0.00114319 0.00410326 -0.00206255 0.0106401 0.000818095 0.00010546 0.000289493 1.20235e-05 0.00518694 -0.00816223 0.0141644 -0.00467777 0.012592 0.000935625 -0.00348032 -0.0165558 -0.00232549 
0.0012012 -0.012205 0.0216695 -0.0138896 -0.000754743 -0.000448914 -0.00979085 0.0147501 -0.00270033 -0.0113372 -0.00838657 0.00254106 0.0509114 -0.0215931 -0.00795277 -0.00226271 0.0289996 -0.0565106 0.0704246 -0.00698499 0.0259376 0.0040684 -0.0368301 -0.0159893 -0.0135733 0.128879 -0.0127174 -0.0214509 -0.026891 -0.00245366 0.000436516 -0.000754901 -0.011852 -0.0102581 -0.00285152 0.000260703 -0.0165058 0.0196131 0.0015544 -0.000668957 -0.00179124 -0.00504812 -0.00570321 -0.00406786 -0.00955388 0.0686273 -0.00533743 -0.00651172 -0.0205317 -0.00403906 0.00336418 -0.00386203 -0.00157703 -0.00201333 -0.000511751 -0.000203701 0.00371943 -0.00744652 0.0560364 -0.00760672 0.00749048 0.00173823 0.00897039 -0.00213842 -0.0102732 0.00502626 -0.0167885 -0.00634299 -0.00438075 -0.000437175 0.00591584 -0.00593728 -0.00542607 -0.01766 -0.00173031 -0.0353715 -0.000749673 0.00159983 0.00571435 -0.00998358 -0.00427626 -0.000832268 -0.00124223 -0.00588476 0.000756106 0.0026655 -0.0211402 -0.000674723 -0.00196989 -0.023438 -0.000233408 -0.0059546 0.0120318 0.00996204 0.0326812 -0.00286632 0.00268229 0.00124243 0.00619752 -0.00851728 
-0.000436632 0.000530005 -0.00579084 0.00244957 0.000696443 0.000112158 -0.00692849 -0.00747451 1.24439e-05 0.00668368 0.00195449 0.0027741 -0.0138295 0.0034892 0.00579584 0.0114369 -0.0156267 -0.00379636 -0.0146001 0.000249409 -0.000697135 -0.00571059 -0.00271454 0.00128007 0.00436561 -0.0127174 0.0303214 0.00234948 0.0146033 0.00091885 0.000543478 0.000770662 0.00187523 -0.000931102 0.00231116 2.38372e-05 0.000844298 0.00134536 -0.00430429 -9.46125e-05 0.00427642 0.00319142 0.000405696 0.000595447 0.00308661 -0.0154113 -0.0017811 0.000784999 0.00485715 0.00136134 -0.00202248 -1.28095e-05 0.000266618 9.74271e-05 -0.000800374 0.00318547 -0.00186529 -0.000518569 -0.0109688 -0.00164693 -0.00275266 0.00276009 -0.00130546 0.00246336 0.00202421 -0.000902739 0.00525808 0.00437379 -0.00370877 0.000117905 -0.00388254 0.00127536 0.00156779 0.00121249 0.000791701 0.00580884 0.000174296 0.000477351 0.00642399 0.000344923 -0.000118455 0.000905221 0.000106379 0.00286045 0.000227641 0.000172636 0.00241413 3.77569e-05 0.000399345 -0.00156888 0.00017794 0.000269139 -0.0026271 0.00328207 -0.00983594 0.00117069 -0.000401696 0.000147618 -0.00980168 0.000495518 
-0.00173407 0.0083983 0.00570973 -0.000703043 0.000190983 2.40314e-05 -0.0168594 -0.018246 0.00862903 0.0106226 0.00315237 -0.00184811 -0.0249583 0.00642251 0.00590273 -0.0037211 -0.0158793 0.00578049 -0.0188812 0.00142604 -0.00513457 0.00260455 0.00196752 0.0101104 -0.00265171 -0.0214509 0.00234948 0.0939876 0.0128654 0.000491919 0.0137171 -0.000165001 0.0158582 -0.00458935 -0.00105516 0.00202355 0.0106994 -0.016376 -0.00525905 0.000935161 -0.00497251 0.00133962 0.00363689 -0.000232674 0.0141545 -0.0287803 0.00336174 0.000484101 -0.00638369 0.00893074 -0.00284006 0.00177948 -0.000316769 0.000146706 -0.000217492 -0.00284748 -0.00422639 -0.00245024 -0.0229555 0.00155795 -0.00195602 0.0018903 -0.0116331 -0.00034755 0.00393981 -0.00140069 -0.000461375 -0.00131596 -0.0277505 -7.82868e-05 0.0274687 0.00114014 0.00341739 0.00619503 0.00250448 0.00549649 -9.87287e-06 0.00645661 -0.00941621 0.000573408 0.00283205 -0.00120491 0.00191577 0.00326407 -0.00128578 4.48709e-05 0.00524744 -0.000203617 0.000152542 0.0130562 0.00010981 -0.000233121 0.00118003 -0.0125152 -0.0145852 -0.00480466 -0.00127545 -0.00306928 -0.0163647 -0.000499065 
-0.00106797 0.0038021 -0.0193771 0.00151622 0.000639927 0.000152568 -0.0111684 -0.00811326 0.00359068 0.029654 0.000597334 0.000391417 -0.0555727 0.001476 0.0180516 0.023182 -0.0465418 -0.00905821 -0.0435746 0.00345172 0.0158454 -0.0170144 -0.0146326 0.0194462 0.00425713 -0.026891 0.0146033 0.0128654 0.128675 0.00214118 -0.00172112 0.000199807 -0.011939 0.0193264 0.00390409 0.00300685 0.00127557 -0.0111823 -0.0216758 -0.000432316 -0.00119907 0.00350015 -0.00150673 0.000935498 0.00750754 -0.0266893 -0.0150775 -7.08246e-05 0.0282321 0.00982285 -0.0029807 -0.00134197 -0.000330009 -0.000899258 -0.00481583 0.00253909 -0.00798079 0.00144398 -0.0511294 -0.00595806 -0.00434359 0.00809826 -0.0040525 0.006134 0.0109903 -0.00241285 0.00376313 0.00873349 0.0124322 -0.000200632 0.0103395 0.00501325 0.00496262 0.00756668 0.00446609 0.0110363 0.000309825 -0.00308989 -0.00319455 -0.00102631 0.00256222 0.000350117 0.0033028 0.00631504 0.00250857 0.000977428 0.000956858 0.000252786 0.00153664 0.00859997 0.000624914 0.00248687 -0.0134626 -0.00394249 -0.0294286 0.0118473 -0.00560979 0.00016055 -0.00830684 -0.00334774 
-3.90603e-05 -0.000367041 -0.00109005 0.00106665 0.000173194 0.000154911 -0.00199055 -0.0015845 -0.000107664 0.0030654 0.000898618 0.000581795 -0.00366675 -0.000360049 0.00140737 0.00157409 -0.00343552 -0.000373353 -0.00356145 0.000169826 -0.00244537 0.000766563 0.000306047 -0.000830788 0.0021183 -0.00245366 0.00091885 0.000491919 0.00214118 0.00701878 -0.000613851 5.48833e-05 -0.000867467 0.0015308 5.00766e-05 4.11844e-05 0.000370985 -8.84627e-05 -0.0013792 0.000149054 0.00046156 -0.000114531 -1.77937e-05 0.00046602 -0.000202677 -0.00357046 -0.000611577 -4.48047e-05 -0.000442208 0.000500821 -0.000543433 -6.15354e-05 0.00012929 0.000193411 -2.68e-05 0.00130081 -0.00042883 -8.79373e-05 -0.00338945 -0.00030862 -3.8864e-05 -2.96563e-05 -0.00028484 6.16922e-05 0.00110261 -0.000291768 0.000757451 0.000429518 -0.00213395 3.47123e-05 -0.000894028 7.64768e-05 0.000299545 0.000715584 0.000121313 0.00216587 0.000121494 -3.41515e-05 0.000604377 9.94843e-05 0.000206535 -3.21177e-05 0.000360897 0.000432307 0.000425429 0.000205661 -0.00013729 0.000205461 -7.06789e-06 0.00175354 3.14247e-05 0.00091707 -0.000321632 0.00218427 -0.00253606 0.00221315 -0.000205058 -0.000187913 -0.00125043 -0.000137983 
-0.00218876 0.00439481 -0.00214302 0.00293919 4.25289e-05 -1.2357e-05 -0.0151872 -0.024487 0.00236651 -0.00610189 0.00964107 -0.00800971 0.000307719 0.000121429 -0.00489863 0.00739218 -0.00147792 -0.0176488 0.013433 0.0004476 -0.0155143 -0.00215991 -0.00349963 -0.00906626 0.00194103 0.000436516 0.000543478 0.0137171 -0.00172112 -0.000613851 0.111672 0.000102466 0.0245524 -0.0190761 -0.00165698 0.00333639 -0.00227152 0.00229919 -0.0218988 0.00121427 -0.00522935 -0.000586683 0.00370162 0.00197808 0.0247843 -0.0202238 0.0514088 0.00638204 -0.0245313 0.00216314 -0.00558109 0.00636214 0.00056372 -0.000288145 0.00796788 0.000435706 -0.00329222 -0.00346922 0.0135499 0.000922191 0.0110117 0.00457349 -0.0111599 -0.00240224 0.000739866 -0.00461933 -0.00196515 -0.00123395 -0.0394836 0.000831181 0.00118477 0.00282366 -0.000387914 -0.00211829 0.00102241 -0.00689033 3.46806e-05 0.0171836 -0.00298704 -0.000490497 -0.00832137 -0.000421807 -0.0003607 0.0104386 -0.000420535 -0.00112467 -0.00467905 0.000428028 8.03902e-05 -0.00611666 -0.000152328 0.00178521 0.0122358 -0.00264472 -0.0240462 -0.00621913 0.0033298 0.000751353 -0.0347685 -0.00372559 
-5.84453e-05 0.000221845 -0.000659934 -4.84581e-05 6.51529e-06 7.94347e-06 -0.000932037 -0.00129607 6.72808e-05 3.1537e-05 0.000729354 -0.000385137 -0.000313845 0.000104726 0.000100897 0.00108587 -0.00106879 -0.00037101 -0.00119354 5.84795e-06 -0.000880671 0.000522199 -0.000498145 -0.000899923 0.00103326 -0.000754901 0.000770662 -0.000165001 0.000199807 5.48833e-05 0.000102466 0.00667224 0.00157756 -0.00111482 0.000180888 -0.000211702 4.90508e-05 0.00134958 -0.000661983 -7.20457e-06 0.00064705 -0.00010441 -0.000101266 8.1227e-05 0.000200243 -0.00147538 0.000940368 -2.4153e-05 0.000439016 -9.53747e-05 -0.00013542 -2.42704e-05 2.40571e-05 0.000199364 0.000141272 0.000472696 -0.00020042 0.000253046 -0.00053482 -0.000124276 -0.000631813 0.000107435 -0.000817642 0.000161082 -5.01673e-05 -0.000175153 0.000244686 8.50683e-06 -0.00186308 7.16836e-06 -0.000950938 -0.000102888 -1.33357e-06 -0.000197559 -2.05716e-05 0.000954168 2.09351e-05 0.000245716 3.74252e-05 0.000217681 0.000647391 8.87318e-06 -1.98092e-05 0.000284286 4.52574e-05 0.000240664 -0.000360607 8.37103e-06 2.5359e-05 -0.000218067 9.91365e-06 0.00012268 -6.57615e-05 -8.79941e-05 -0.00128928 0.000455356 -5.11114e-06 3.44062e-05 -0.000756261 -0.000204674 
0.000285649 0.0230848 0.0220512 -0.00224687 -0.000427964 -9.04946e-05 -0.0340358 -0.0195475 0.00759994 -0.0125109 0.00545838 -0.0226771 0.00187972 0.00640897 -0.0119904 0.00847377 -0.00739095 -0.0269755 0.00123151 -0.000644101 0.0351199 -0.0363999 0.00933287 0.0405563 0.0114251 -0.011852 0.00187523 0.0158582 -0.011939 -0.000867467 0.0245524 0.00157756 0.241948 -0.0321597 0.000867179 0.00158393 0.0101086 0.00389957 -0.000767571 0.000228982 -0.0193559 -0.00151051 0.00341453 -0.00244932 0.0194739 -0.0250444 0.0383692 -0.00960968 -0.0048556 0.000680431 -0.0264158 0.00439842 0.000718725 -0.000940577 0.00116561 -0.00102367 -0.0185651 -0.00294033 -0.0212226 0.000822887 0.0201827 -0.0044576 -0.0291898 -0.00399615 -0.00495408 -0.00940584 0.00653182 -0.00230496 -0.0101941 0.000369919 0.000795178 0.00115341 -0.00113692 -0.00447676 -0.00108638 0.0104119 -0.000114875 0.0107203 -0.0188563 0.0040666 0.00362399 -0.00362138 -0.00226248 -0.00247999 -0.00450466 -0.00174633 0.0135094 0.000667328 -0.000251372 -0.0146427 0.000479368 -0.000790393 -0.0300281 -0.00387658 -0.0273249 -0.0203712 -0.0095135 -0.0101687 -0.0275986 -0.00115188 
0.00295794 -0.000530351 -0.0160829 8.49313e-05 -1.57615e-05 -3.58762e-05 -0.00741668 0.0197004 -0.007384 0.0119837 -0.0185449 0.0154652 -0.00919782 -0.0144939 0.0162606 -0.00348457 0.00491434 -0.013148 0.00529514 -0.00171747 0.0139327 -0.00454625 -0.0295064 0.00699925 0.00344788 -0.0102581 -0.000931102 -0.00458935 0.0193264 0.0015308 -0.0190761 -0.00111482 -0.0321597 0.157786 0.000408711 -0.00272425 -0.00825513 -0.0201067 -0.00892289 -0.00171626 -0.0110095 -0.00036365 -0.00224976 -0.00102112 0.00142748 0.0199318 -0.0321075 -0.00376635 -0.0108668 -0.00146821 0.013799 -0.00198301 -0.00055111 -0.0013116 -0.0048277 -0.00522459 -0.00306175 0.00249085 -0.0166398 -0.00849538 -0.0215165 -0.0014098 -0.0384899 -0.00382637 0.00517895 -0.00584995 -0.00272901 0.0017806 0.0315376 -0.000484599 0.0133172 0.00295573 -0.00242547 0.00355604 -0.00165257 0.00522636 0.000194897 -0.00856525 -0.00706614 -0.00275735 0.010507 -0.00239623 0.00244459 -0.0037767 -0.00093729 0.000301128 -0.0118245 -0.000220273 -0.0003194 -0.000671088 -0.000295266 0.000256038 -0.0049058 -0.00707996 0.0285558 0.00925544 -0.00452104 -0.00735469 0.0522993 -0.00312739 
