0.229848 -0.00877446 -0.000906571 -0.00267709 -0.0230482 0.00750923 0.000596515 -0.000154037 0.0175497 -0.00379892 -0.00059285 0.0269605 9.33439e-06 0.0178381 -0.000625035 0.0444029 0.00697795 0.00185039 -0.0274044 -0.0241567 -0.00568293 -0.0171926 -0.0137469 -0.0417423 0.00276553 -0.0388887 -0.000440038 -0.0182392 -0.00755859 0.0161867 -0.00257386 -0.00503479 0.00281833 0.0371005 -0.00242953 -0.0124078 -0.00411387 -0.00209797 0.00305218 -1.73208e-05 0.000168588 -0.0207114 0.000702253 -0.00748409 -0.000800299 0.00817506 -0.00648316 0.00360113 -0.00258791 0.000377972 0.0381541 -4.27627e-05 -0.0109948 -0.00195476 -9.52795e-05 0.00378393 0.010239 -0.0046824 -0.000198308 -0.000862902 -0.0350304 -0.00227218 -0.031353 -0.00397933 0.00539384 -0.0221622 -9.25185e-05 -0.00132763 -0.00134036 -8.09816e-05 -0.00032688 -0.0127796 -0.0169591 -0.010209 -0.00025897 0.00015758 -0.00128353 -0.000321523 -0.000104287 -0.000151017 -0.0382668 -0.00461434 -0.00151756 0.000661489 0.00177072 8.4794e-05 -0.0210843 -0.0114106 -0.00396328 -0.00123285 -0.00380814 -0.00177796 -0.00158916 -0.000566458 -0.00508698 0.0137541 0.00502669 0.000126388 -0.0020102 0.0505204 
-0.00877446 0.0905627 -0.000164817 -0.000928589 -0.00162765 -0.00383106 -3.09356e-05 -0.000137688 -0.000202131 -0.000115064 -0.000302166 -0.00151113 -9.63668e-05 0.00934456 -0.000115544 -0.00243603 -0.000441537 -0.00965222 0.00214143 -0.0267018 0.00444154 0.015262 0.0222348 -0.00769755 -0.00136479 -0.029299 0.00281591 -0.00999492 -0.00316164 0.00918113 -0.000465587 -0.000659155 -0.00189864 0.0134848 -0.000596283 -0.0162806 -0.00304817 0.000229805 0.00504833 -3.78426e-06 5.61362e-05 -0.00845616 0.000104526 0.00430817 -0.000151384 -0.00873256 0.0142097 0.0045582 0.000535486 -0.000283788 0.00219399 0.00072628 0.00273698 0.00166396 -0.000186262 -0.00277619 -0.0154948 -0.00376486 7.55201e-05 -0.00051587 -0.00186332 0.000691076 0.0102316 -0.00125866 0.00380388 -0.00247142 -0.000247559 0.000334909 -0.000636152 -4.60761e-05 -9.74056e-05 -0.0153527 -0.0189128 -0.000156785 0.00666487 0.00885139 -1.76561e-05 1.3251e-05 -2.1776e-05 -0.000194749 -0.000989597 -0.000461541 0.00045591 0.00377777 -0.00162531 0.000519138 -0.0046756 -0.000370108 0.000452271 -0.00054765 -0.000123236 -0.0267474 0.00139286 -0.000195945 -0.00465911 0.00452596 0.000820425 -0.000449071 8.72937e-05 0.00548431 
-0.000906571 -0.000164817 0.00282803 0.000102821 0.000942467 0.000120937 4.20123e-06 1.09067e-05 -0.000329543 0.000157393 -8.20072e-06 -7.42335e-05 1.0153e-05 -0.00128503 5.02801e-06 0.000224055 -2.69804e-06 0.000268137 0.000744156 -0.00119495 5.17311e-05 -0.000148911 -0.000903742 0.000221012 4.72376e-05 -0.000101791 0.000495273 -0.000627932 0.000408048 9.46205e-05 -8.06744e-05 0.000120199 0.000512499 -0.00036722 0.000110262 -0.000484912 0.000106853 -4.34639e-06 -2.91857e-05 1.11291e-06 6.56207e-06 0.000562764 -4.73884e-05 -6.584e-05 3.92758e-06 -0.000502167 -0.0007121 -0.000702953 -4.18538e-06 -5.70136e-06 -0.000659685 -1.36278e-06 0.000227461 1.74001e-05 6.35941e-06 -9.91248e-05 0.000210788 -0.000254633 3.2006e-05 8.00208e-05 -0.000496268 0.000165635 -1.2143e-05 -3.36196e-05 -3.69699e-05 0.000116492 0.000253682 2.29567e-05 0.000394348 1.6839e-06 -2.4607e-06 -1.97125e-05 0.000258463 -4.89816e-05 3.2511e-05 -0.000490343 3.11683e-05 1.38417e-06 9.78482e-07 2.42896e-05 -0.000145724 6.31558e-05 0.000721426 0.000208061 -4.85149e-05 6.27825e-05 0.000164696 6.33844e-05 6.24437e-05 -9.6128e-06 5.52162e-05 0.00014675 -1.33101e-05 3.97334e-05 0.000576381 -6.80835e-05 -4.44928e-06 -9.56815e-06 -2.43376e-06 -0.000989943 
-0.00267709 -0.000928589 0.000102821 0.0268837 0.000339373 -0.000692261 -3.72434e-05 7.12515e-05 -0.00215065 0.00032045 0.00014534 -0.00097903 3.31946e-05 -0.000626365 0.000282857 -0.00222102 -0.000440083 -0.000170515 0.0070161 -0.00577359 -0.00111153 -0.000350861 -0.00587195 -0.000329699 0.00304462 0.00381576 0.00249553 0.00248619 0.00423147 -0.00449245 -0.000841183 5.55602e-06 0.00800042 -0.00374951 0.000452438 0.000689817 0.00183651 0.00019615 0.000484855 1.16629e-05 -8.39971e-05 0.00503401 -5.62757e-05 0.00375919 -2.51609e-05 -0.00778383 -0.00165648 -0.0115923 -0.000125567 0.000130652 -0.00483529 -0.000257259 -0.00110053 0.000256343 0.000237789 -7.00593e-05 -0.00235974 -0.00194798 0.000391561 0.000108193 -0.00230119 -7.84895e-05 0.000509238 -0.000337451 0.00254427 -0.00284511 -4.23147e-05 7.87855e-05 -0.000112146 8.74963e-06 4.0897e-05 -0.00120527 0.001081 -0.000175553 -0.000151543 -0.00407421 8.06333e-05 9.46264e-05 4.13343e-05 0.00270028 -0.00176377 0.00027144 -0.000557874 -4.58981e-05 0.00280703 -1.80402e-05 0.00462022 -0.000581465 -0.000441462 -0.000117181 -0.000317879 -0.0082306 0.000215769 0.000688702 -0.000293975 -0.00119977 0.00129314 0.000182864 0.000152948 -4.6355e-05 
-0.0230482 -0.00162765 0.000942467 0.000339373 0.0591925 0.0039058 -3.21197e-05 0.000128235 -0.00104858 0.00102402 2.46708e-05 -0.00440081 -3.68408e-05 -0.0261418 0.000626756 0.00303818 -0.00151177 0.00793696 0.0101696 -0.00461779 0.00410077 -0.00695318 -0.00139123 0.0073606 -0.000114756 0.0045072 0.00186282 -0.00534284 0.00365604 -0.00123058 0.00107693 0.000503664 -0.000262152 -0.0137452 0.000505738 -0.00949302 0.00362461 -4.7419e-05 0.00106447 -4.25801e-06 -0.000106694 0.0169 -0.000213853 0.00527349 8.40637e-05 0.00822194 -0.00685413 -0.00508644 4.77751e-05 -0.000117929 -0.015419 -0.000712668 0.00276629 0.000690311 -3.95985e-05 -0.000846393 -0.00278998 -0.00365066 0.000149601 3.1873e-05 -0.0108253 0.00117152 0.00348076 0.0028933 -0.00274783 0.00364314 0.000625652 0.000198851 0.00136374 5.15113e-05 3.22496e-05 -0.00465141 0.00761917 0.00111224 0.00142259 -0.00296944 -9.8937e-05 4.41966e-05 3.40256e-05 0.000336878 -0.00747399 0.00150612 0.00503795 -0.000652152 -0.000606278 8.66521e-05 -0.000341165 -0.000632215 0.00193795 0.000180531 0.0054858 0.00191577 -0.00121876 0.000890291 0.00867293 -0.00340895 0.000110849 0.000420935 9.68742e-05 -0.0276151 
0.00750923 -0.00383106 0.000120937 -0.000692261 0.0039058 0.0447125 0.000776249 0.000229806 0.00663451 -0.000354153 3.77866e-05 -0.00413742 3.7887e-05 -0.0100872 0.000757581 0.0113355 0.00275753 -0.00393645 -0.00402789 -0.00777078 -0.00114019 -0.00234732 -0.00530402 -0.00364453 0.00256787 -0.00961351 0.000907076 5.20169e-05 1.02746e-05 0.0148952 0.00287004 -0.000635995 0.00624111 -0.00338879 -0.000382267 -0.00822894 0.000434987 -0.000239995 -0.000769335 -2.95929e-06 -0.000147231 -0.00206875 -0.00031914 0.0107669 0.000100326 -0.000611449 -0.00454776 0.00456901 -0.000110648 -0.000116274 -0.0100058 -0.000312322 -0.00148448 0.00022816 8.0774e-05 0.00172556 -0.00609791 -0.00268532 -6.24467e-05 0.000325689 -0.0109217 -7.91324e-05 -0.00320854 0.00124233 0.00140626 0.00276641 0.0003853 5.67712e-05 0.00117498 2.34884e-05 -4.22651e-05 -0.00836058 -0.00144667 0.000169814 -0.000183987 0.00571425 -0.000186201 -1.50573e-05 -1.47658e-05 -5.51413e-05 -0.00586262 -0.000215825 0.00126088 -0.000568097 -0.000468457 0.000588269 -0.00392452 -0.0011417 -0.000405804 -0.000247487 -0.000961384 0.000580227 -0.000866726 -0.000277952 0.00331049 -0.000573227 0.00222832 9.63527e-06 0.000192122 -0.00656746 
0.000596515 -3.09356e-05 4.20123e-06 -3.72434e-05 -3.21197e-05 0.000776249 0.002865 6.18515e-07 0.00106082 -3.39113e-05 4.93144e-05 0.000821819 -2.10361e-06 -0.000829439 8.12024e-05 0.00159508 0.00010545 -0.00137729 -0.00027139 -0.00182656 -0.00013786 5.26355e-05 -0.00113452 -0.00182197 0.000190372 -0.00130556 -2.2769e-07 0.000832852 -0.000108643 0.00124136 4.8068e-05 -4.6059e-05 9.21276e-05 0.00130111 6.28543e-06 -0.00100243 -8.95229e-05 -2.95007e-06 -3.63128e-05 2.25721e-07 -1.01043e-05 -0.000385952 -4.65573e-05 0.000965319 4.7275e-06 -0.000624961 0.000453889 0.000512108 -9.72894e-06 5.50362e-06 -0.000606114 0.000106371 -0.000114803 -1.97936e-05 4.48365e-06 -7.77619e-05 -0.000879591 -0.000367685 2.15218e-07 -6.66736e-06 0.000242241 3.96806e-05 -0.000190635 0.000131838 7.5703e-05 -7.36629e-05 0.00010017 -6.81708e-06 -1.73772e-05 -9.64869e-07 2.54081e-05 -0.000733705 -0.0012194 7.50778e-05 3.643e-05 0.000621383 -3.88578e-06 -2.95319e-06 -5.94683e-07 -3.93737e-05 -0.000313609 -1.7154e-06 0.000801845 1.68521e-05 -3.95763e-05 5.8208e-05 -0.000221183 -9.56504e-05 -4.0607e-05 -1.16415e-05 -6.45173e-05 -0.00138838 0.000284481 -7.77541e-06 0.000576353 -8.07753e-05 0.000356931 -1.77998e-05 6.26983e-05 0.000570127 
-0.000154037 -0.000137688 1.09067e-05 7.12515e-05 0.000128235 0.000229806 6.18515e-07 0.00299044 -0.000402658 4.82223e-05 -1.30176e-05 -0.000471509 4.09894e-06 -0.000659625 2.97097e-05 7.66748e-05 8.00968e-05 0.000904898 0.000121245 2.1704e-05 -0.000124319 -4.40077e-06 -0.000401583 -6.28995e-05 0.000124441 -0.000105992 -1.54787e-05 -0.000755014 -7.67614e-05 -0.000121237 0.000156432 -3.52236e-05 0.000267484 -0.000332916 0.000158539 0.000101548 0.00019553 2.65038e-05 -6.35823e-05 1.92652e-07 -2.58461e-06 0.000241712 -3.67469e-05 -0.000231083 2.63937e-06 0.000153678 -0.000563302 -0.000139827 2.66925e-06 -7.01195e-06 -0.000497763 -3.90829e-05 -5.26056e-05 0.000109744 4.23215e-06 4.23174e-05 4.4488e-05 -0.000298599 1.17934e-05 6.77032e-05 -0.000318265 -6.26577e-06 -0.000172842 -6.88904e-05 0.000116689 -0.000304005 1.87497e-05 -1.22578e-06 2.56165e-05 3.32885e-06 -9.12583e-08 -9.36515e-05 -0.000456307 -5.387e-05 8.49769e-05 -0.000212946 2.2434e-05 8.29149e-06 2.24601e-06 1.14021e-06 0.000311083 -1.15002e-05 -2.68548e-05 3.19324e-05 4.98372e-05 1.00006e-05 -9.12698e-05 1.6992e-05 -3.45088e-05 -1.54388e-05 9.9833e-05 0.000604289 -2.57596e-06 0.000136962 0.000180283 -0.000160327 -1.52737e-05 7.32197e-06 -1.25371e-05 -0.000296364 
0.0175497 -0.000202131 -0.000329543 -0.00215065 -0.00104858 0.00663451 0.00106082 -0.000402658 0.153959 -0.00204018 0.0011437 0.0299824 -0.000164871 -0.00267179 -7.93917e-05 0.0561284 -0.00608238 -0.0833489 -0.0218004 -0.0371654 0.00332238 -0.0295553 0.0242316 -0.0516794 -0.00290877 -0.0552606 -0.00474141 0.0533296 -0.00855531 0.0654422 0.0040185 -0.00319492 -0.00880335 0.0709723 -0.00110663 -0.0651086 -0.00602317 0.000360555 -0.00279874 -8.20339e-06 0.000305349 -0.0202697 0.00184569 0.0379646 -0.000444298 -0.0242676 0.0885488 0.0454754 0.000470084 -0.000273904 0.0214506 0.00345292 -0.00332385 -0.000365924 -0.000682459 -0.00675978 -0.0587051 -0.00811336 -0.000431342 -0.000472434 -0.0113671 -0.000579327 -0.00741453 0.0137876 -0.0067147 0.00182565 0.00215971 -0.000260134 -0.00110793 -2.46626e-05 -2.22678e-05 -0.0185059 -0.0707519 0.000323664 -0.00119523 -0.00381716 -0.0006054 -0.000159574 -6.31265e-05 -0.00261259 -0.0133399 0.000252906 0.0038035 -0.00156245 -0.0022697 0.000831295 -0.0132839 -0.00587117 -0.00215894 -0.000526704 -0.00345523 -0.0595553 0.000982345 -0.00104976 0.00130897 0.00483226 0.00537892 -0.000667373 0.000247448 0.0268995 
-0.00379892 -0.000115064 0.000157393 0.00032045 0.00102402 -0.000354153 -3.39113e-05 4.82223e-05 -0.00204018 0.0121578 2.5536e-05 -0.00194041 5.45259e-06 -0.00150938 -7.90519e-05 -0.00309786 -0.000185841 0.00383999 0.00293687 0.00170405 -0.000515992 -0.00137138 -0.00405523 0.00209768 0.00162755 0.00439189 -0.000257617 -0.00185053 -5.4178e-05 -0.00412829 -0.000252357 0.000207784 0.000181485 -0.00303207 -5.11091e-05 -0.000288393 0.00170334 4.27807e-05 -0.000217742 7.31665e-07 -3.8365e-05 0.00499309 -0.00014116 -0.000709234 2.22772e-05 0.00315914 -0.00187179 -0.00500826 -4.63296e-05 -4.3029e-05 -0.00271502 -0.000150489 5.94477e-05 2.51063e-05 -3.94345e-05 0.000250727 0.000649098 -0.00149075 6.90585e-06 -4.23844e-05 -0.000669273 -3.36046e-05 3.00219e-06 -0.000254779 0.00100076 -0.00106306 -3.29808e-05 3.45708e-05 9.66604e-05 2.21896e-06 1.81441e-05 0.00329611 0.00351687 -9.26019e-05 -5.98568e-05 -0.00511774 -4.37385e-05 9.11045e-05 2.90658e-05 0.000202278 0.00113623 -2.61734e-05 -0.000807044 -2.106e-05 0.000206192 7.93255e-06 0.000866392 0.000357815 0.000928478 -2.07429e-05 0.000768341 0.00208823 -7.13269e-05 0.000968762 -0.000651804 -0.000663668 -0.000179767 0.000174895 0.000190141 -0.0062879 
-0.00059285 -0.000302166 -8.20072e-06 0.00014534 2.46708e-05 3.77866e-05 4.93144e-05 -1.30176e-05 0.0011437 2.5536e-05 0.00547986 0.000553138 1.5908e-05 0.000490377 0.000123924 0.000125469 -0.000209483 -0.000845489 0.00113868 -0.00103089 3.58927e-05 -0.000788745 0.000333593 -0.000948302 8.29692e-05 -8.43321e-06 -5.77149e-05 0.000777793 0.000368289 -0.000187494 3.82331e-05 -6.36498e-05 -0.000172511 0.00023603 -9.42162e-05 -0.00115669 -8.98081e-05 0.000186848 -0.000124942 1.31592e-06 3.89141e-06 0.00014399 -1.66839e-05 0.000557408 1.73023e-05 -0.00158455 0.000434676 -0.00045535 2.43259e-05 1.64765e-05 -0.000736316 0.000188199 4.63641e-05 2.96518e-05 1.63884e-05 -0.000107931 -0.00179717 8.29172e-05 8.92398e-06 1.70299e-05 1.59997e-05 8.1028e-05 0.000209203 5.82743e-05 1.87826e-06 4.4361e-05 0.000257242 8.1237e-08 3.06362e-06 4.33852e-06 2.25862e-05 -0.000514748 -0.00066452 0.000275531 -4.20568e-05 0.000159443 2.48094e-05 2.37124e-05 5.11213e-06 0.00028627 -0.00048134 3.03511e-05 -0.00021018 -1.60801e-05 -3.85892e-05 0.000130528 0.000213292 -7.96117e-05 -7.54575e-05 -4.36864e-06 -6.00809e-05 -0.00104583 -6.36359e-05 -2.21643e-05 -0.000105747 0.000206992 0.000110011 1.30463e-05 9.70041e-05 -0.000459366 
0.0269605 -0.00151113 -7.42335e-05 -0.00097903 -0.00440081 -0.00413742 0.000821819 -0.000471509 0.0299824 -0.00194041 0.000553138 0.152921 -0.000163108 -0.00711175 -0.000928966 0.0467927 0.00341962 -0.0584632 -0.0163515 -0.0274878 -0.00416628 0.00355051 -0.0197433 -0.0744394 -0.00371303 -0.0521378 -0.00109528 0.0187923 -0.00552331 0.0385297 -0.000951566 -0.00248657 0.00309046 0.0593191 0.00350963 -0.0465079 -0.0058314 0.00101694 0.000964738 5.51293e-06 0.000414322 -0.0239955 -0.00163135 0.014613 -0.000416245 -0.0393964 0.0241917 0.020253 -0.00067915 4.98728e-05 0.0137044 0.00435179 -0.0021763 -0.000811225 0.00051479 -0.00883377 -0.0185792 -0.00519094 -0.000161954 -0.00088799 0.017452 0.000158193 -0.00384413 0.000234134 -0.00646626 -0.0074093 0.000859342 -0.000279455 -0.000949939 -5.68639e-05 -1.34359e-05 -0.0356119 -0.0363633 -0.00384653 -0.000113403 0.0383504 -0.000325994 -0.000163921 -2.64156e-05 -0.000917119 -0.00133534 -9.85029e-05 0.0114947 0.0022211 -0.00223121 -0.000460456 -0.00459177 -0.00492601 -0.00277501 -0.000604143 -0.00311579 -0.0349026 0.00265123 -0.000949887 0.00137514 0.00807992 0.00063207 -0.00125347 -0.00026707 0.0454446 
9.33439e-06 -9.63668e-05 1.0153e-05 3.31946e-05 -3.68408e-05 3.7887e-05 -2.10361e-06 4.09894e-06 -0.000164871 5.45259e-06 1.5908e-05 -0.000163108 0.00143079 -0.000226819 1.2947e-05 -0.000214352 0.000170859 0.000245691 0.000421641 -0.000345273 2.03451e-05 0.000140609 -0.000217245 -0.000361964 0.000111203 4.30291e-05 0.000336969 -0.000211735 0.000162438 -0.000308931 -1.67524e-05 4.42407e-05 0.000382234 -0.000250861 -8.29579e-06 -0.000381768 4.0926e-05 1.9304e-06 0.000103258 -5.17476e-08 -4.0289e-07 0.000138896 4.26083e-05 -5.98996e-05 2.9847e-05 -0.000405854 -0.000233119 -0.000121101 -1.13673e-06 5.68766e-06 0.000152399 -1.28579e-05 5.06309e-05 1.85766e-05 5.28889e-06 0.000118866 -0.000163441 -0.000153425 8.80112e-05 2.75942e-05 -0.000123341 4.25461e-05 -1.86632e-05 -3.13407e-05 0.000320846 -3.52866e-05 -3.08785e-06 1.45205e-06 -7.87569e-06 1.36819e-07 2.28331e-06 -0.000251205 5.32472e-05 -2.80497e-05 -1.74237e-06 8.20839e-05 4.62965e-05 2.05236e-05 3.11434e-06 4.10431e-05 -0.000138472 3.75363e-05 -9.02111e-06 9.37469e-06 3.97082e-05 1.33858e-05 -1.95233e-05 5.6568e-05 -1.72229e-05 -3.41715e-06 2.7157e-05 -0.000354753 -2.26555e-05 1.8234e-06 1.30763e-05 -4.10633e-05 4.40882e-05 4.44407e-07 0.000128586 -0.000183573 
0.0178381 0.00934456 -0.00128503 -0.000626365 -0.0261418 -0.0100872 -0.000829439 -0.000659625 -0.00267179 -0.00150938 0.000490377 -0.00711175 -0.000226819 0.249734 -6.59078e-05 -0.044785 -0.00889482 -0.023251 -0.0248542 0.0382891 -0.0105349 -0.016289 0.00965438 0.0151728 -0.00937494 -0.00917067 -0.0114657 -0.00424971 -0.0118276 -0.0330568 -0.00598476 -0.00862698 -0.0238182 0.0283999 -0.00424848 0.0523043 -0.00994058 0.00133668 0.00253453 -6.10483e-06 0.000479827 -0.0431201 0.0022079 -0.00469413 -0.000946947 -0.0545411 0.0338921 -0.0162627 0.00104501 0.00013956 0.0568815 0.000532759 -0.000791101 -0.00227469 -0.00127675 -0.0162652 -0.00559365 -0.0137403 -0.00105164 -0.00017193 0.0258604 -0.00256686 0.0148677 -0.00782628 -0.0045261 -0.022431 -0.000904443 -0.00106443 -0.00379557 -0.000182782 -0.000520805 -0.000953266 -0.0307748 0.00611159 -0.00140546 0.0149887 -0.0012032 -0.000328256 -1.57545e-06 -0.0051861 0.00941172 -0.0023899 -0.0222247 -0.00324468 0.00245942 -0.00231815 -0.0179146 -0.013233 -0.00525506 -0.00133872 -0.00417032 -0.0205874 0.00131179 -0.00229707 -0.0168364 0.0022614 -0.00227971 -0.00244878 -0.000752126 0.0757359 
-0.000625035 -0.000115544 5.02801e-06 0.000282857 0.000626756 0.000757581 8.12024e-05 2.97097e-05 -7.93917e-05 -7.90519e-05 0.000123924 -0.000928966 1.2947e-05 -6.59078e-05 0.0136727 0.00212271 0.000803679 -0.00128007 -5.23898e-05 -0.00194412 0.00129251 -0.000271525 -0.000454246 -0.003911 0.000325023 -0.00196915 0.00011096 0.0014022 0.000368393 3.59449e-05 0.000484856 -0.000205203 -0.000204272 0.00019587 0.000361375 -0.00303607 0.000780426 -1.65836e-05 0.000110026 2.60534e-07 -2.63972e-05 0.000801917 7.64107e-05 0.000329174 -2.29836e-05 -0.000383322 -0.000951319 -0.000431542 6.71657e-05 1.25419e-05 -0.000466429 0.000347552 -0.000268324 -4.97618e-05 -4.11545e-05 0.000205271 -0.00268252 -0.000810635 4.00109e-06 6.77426e-05 -0.00163896 -5.41996e-05 -0.00120576 0.000121923 0.000319042 0.000800749 0.000152602 -6.37813e-06 0.000225034 2.22452e-05 -2.43845e-06 -0.001138 -0.00203285 -1.25885e-05 6.42937e-05 -0.00129119 3.39368e-05 4.42108e-05 3.26566e-06 0.000690853 -0.000696152 6.79876e-06 0.000358672 -0.000144361 -4.3349e-05 3.10395e-06 -0.000367153 7.53304e-06 0.000163257 0.000253577 -0.000195299 -0.00253013 -0.000106889 5.89318e-05 0.00182399 0.00108541 0.0011858 -5.53043e-06 0.000517946 -0.000997757 
0.0444029 -0.00243603 0.000224055 -0.00222102 0.00303818 0.0113355 0.00159508 7.66748e-05 0.0561284 -0.00309786 0.000125469 0.0467927 -0.000214352 -0.044785 0.00212271 0.201846 0.0130564 -0.080651 -0.0271106 -0.0689102 -0.000448479 0.00967229 0.00678923 -0.0869026 -0.000638818 -0.106488 0.00254164 0.0212833 -0.0097368 0.116669 0.00298622 -0.00487544 0.01627 0.0729573 0.0084037 -0.096565 -0.00901808 -0.00128005 -0.00361831 3.06635e-06 -0.000327441 -0.0332279 -0.00414528 0.0281229 -0.000172551 -0.0346847 0.0262137 0.0510636 -0.00094963 0.000568902 0.0214393 0.0030804 -0.00673587 -0.00162939 -0.000340707 -0.00928957 -0.017845 -0.00717172 -0.000397871 -0.000142202 -0.0229207 -1.24809e-05 -0.0173819 0.00565454 0.00449757 0.0111641 0.00392116 -0.000514596 0.00128155 -4.23061e-05 -9.3759e-05 -0.0510018 -0.0947786 -0.00194815 0.00114095 0.0379714 -0.000947404 -0.000132155 -3.49497e-05 -0.00390439 -0.0242042 -0.00153657 0.0341323 0.00399525 -0.00457827 0.0010482 -0.021384 -0.00899031 -0.00116006 -0.000678789 -0.00511529 -0.0535345 0.00016726 -0.00192905 0.0240549 0.0273438 0.00989756 -0.00151355 -0.000339884 0.0496569 
0.00697795 -0.000441537 -2.69804e-06 -0.000440083 -0.00151177 0.00275753 0.00010545 8.00968e-05 -0.00608238 -0.000185841 -0.000209483 0.00341962 0.000170859 -0.00889482 0.000803679 0.0130564 0.0430889 0.00271097 0.00144246 -0.0132595 0.00044511 0.0111876 -0.0059485 -0.017866 0.00151986 -0.00921948 0.00125027 -0.00488249 -0.000972061 4.66036e-05 -0.000272017 -0.000600096 0.00267226 0.0076235 0.000939013 -0.0130385 -0.000561529 -0.000185689 -0.00028859 -2.35073e-06 -7.79276e-05 -0.00239562 0.00126662 -0.00488872 3.57931e-05 -0.00500833 -0.00841463 0.00720381 -0.000195508 0.000222184 0.00240046 -0.000455389 0.00303366 2.66835e-05 0.000187764 -0.00041468 0.00125377 -0.00171653 0.000579722 -0.000185 -0.00785022 -0.000117771 0.000436194 -0.00114977 0.00827896 2.48846e-05 3.4722e-06 -2.21796e-05 1.31905e-05 2.0928e-05 -3.55632e-05 -0.00742122 -0.0136461 -0.001304 0.000353797 0.00466167 0.000469891 -1.52898e-05 4.0775e-06 0.000129866 -0.00372663 -8.99148e-05 0.00768749 0.000288451 -0.000560465 0.000199062 -0.0029842 0.0013471 -0.000726916 -0.000170689 -3.60197e-05 -0.00472851 0.000224038 -0.00026537 -0.00051762 0.00382874 0.00145748 -0.000105877 0.000788044 0.00736618 
0.00185039 -0.00965222 0.000268137 -0.000170515 0.00793696 -0.00393645 -0.00137729 0.000904898 -0.0833489 0.00383999 -0.000845489 -0.0584632 0.000245691 -0.023251 -0.00128007 -0.080651 0.00271097 0.244634 0.0495731 0.0614287 0.00252582 0.00713298 -0.018195 0.0687803 0.00586492 0.0892801 0.00457478 -0.106916 0.0115085 -0.117294 -0.000912505 0.00174036 0.00197491 -0.0997232 -0.00290069 0.0718923 0.0121384 0.000925711 0.000783247 -2.15844e-05 -0.00114097 0.0511598 -0.000841016 -0.0605723 0.000594081 0.0489146 -0.105095 -0.0547361 -0.00231505 -0.00110593 -0.0389519 -0.00747107 0.003392 0.00146262 0.000172297 0.0105276 0.0624316 -0.00837681 0.00103862 -0.00126254 -0.015774 0.0011561 0.000749276 -0.0134374 0.00371156 -0.0372854 -0.00156818 -0.0001203 -0.000995404 7.21518e-05 -0.00030536 0.0343172 0.108692 -0.010979 0.000895113 -0.0196281 0.000584847 0.000227114 -7.00503e-08 0.00468998 0.0150063 -0.00166783 -0.0173284 -0.00390546 0.00458502 -0.000328965 0.0130302 0.00633196 0.0013815 -0.000518944 0.00844984 0.076296 -0.00116622 0.00136604 -0.00711935 -0.00473651 -0.00884241 0.00174626 -0.000193341 -0.0787883 
-0.0274044 0.00214143 0.000744156 0.0070161 0.0101696 -0.00402789 -0.00027139 0.000121245 -0.0218004 0.00293687 0.00113868 -0.0163515 0.000421641 -0.0248542 -5.23898e-05 -0.0271106 0.00144246 0.0495731 0.114983 -0.00820944 0.00581061 0.0206945 -0.0014647 0.0156046 0.00428414 0.0261918 0.0066712 -0.0227739 0.0165549 -0.0352065 -0.00246977 0.00140412 0.00652149 -0.0347723 -0.00098709 0.00235488 0.00473092 0.00143938 0.00103025 8.70124e-07 -0.000402114 0.0320189 0.000310133 -0.0109464 0.000533546 0.0026065 -0.0308628 -0.0454474 -0.000711213 -0.000218167 -0.0283838 -0.00173786 0.00583139 0.000275722 0.000739773 0.0044341 0.00810013 -0.0111812 0.00167355 -0.000366495 0.00545599 0.00186999 0.00424009 -0.00164921 0.00593576 -0.00729833 -0.000627385 0.000792546 0.000178033 3.39305e-05 2.90497e-05 0.00700306 0.0367538 -0.00346071 0.00361416 -0.0126998 0.000995116 0.000268074 4.33278e-05 0.00299974 -0.00240486 0.000870974 0.00124484 -0.000985176 0.00215768 0.000549123 0.014073 0.00716523 -0.000285913 0.000157475 0.00159997 -0.0169325 -0.000959211 0.000633241 -0.0039562 -0.00911907 -0.00164411 0.00172844 0.000389607 -0.0412514 
-0.0241567 -0.0267018 -0.00119495 -0.00577359 -0.00461779 -0.00777078 -0.00182656 2.1704e-05 -0.0371654 0.00170405 -0.00103089 -0.0274878 -0.000345273 0.0382891 -0.00194412 -0.0689102 -0.0132595 0.0614287 -0.00820944 0.193557 0.00425715 -0.0540826 -0.0177647 0.0508568 -0.00186484 0.0715368 -0.0178012 -0.00587927 -0.00659071 -0.0647192 0.00133145 -0.00516137 -0.0244174 -0.0488267 -0.00186878 0.0534526 0.00309329 -0.000138708 -0.000283508 -5.435e-06 4.86293e-05 0.0161474 -0.00142908 -0.0410107 0.000130995 0.0415063 -0.0221804 -0.0242783 -0.000356877 0.000105334 0.00797659 -0.00598091 0.00248636 -2.84383e-05 -0.00105222 0.00694203 0.0258185 0.01281 -0.00132689 -0.000218562 0.00883598 -0.00233726 0.00782861 -0.0138958 -0.0154354 -0.0180235 -0.000895422 6.62458e-05 9.5686e-06 3.43397e-05 -0.000558113 0.0530456 0.0628838 -0.00470223 -0.00762027 -0.0401244 -0.00123149 -5.70099e-06 2.98167e-05 -0.00520441 0.0186123 -0.00288402 -0.0394849 -0.00480633 0.00283486 -0.000508921 0.00144438 -0.00673093 0.00223344 0.000807659 0.00434089 0.067729 -0.00217732 0.000659847 -0.0136443 -0.0102276 -0.0145457 0.00110131 -0.000689277 -0.042603 
-0.00568293 0.00444154 5.17311e-05 -0.00111153 0.00410077 -0.00114019 -0.00013786 -0.000124319 0.00332238 -0.000515992 3.58927e-05 -0.00416628 2.03451e-05 -0.0105349 0.00129251 -0.000448479 0.00044511 0.00252582 0.00581061 0.00425715 0.0737254 0.000176425 0.00540533 -0.00791237 0.000715672 -0.00113992 -0.000405661 -0.0075003 -0.000806677 -0.014356 0.00209667 0.000661495 -0.00240579 0.00229008 -0.00106106 -0.0118659 -0.000543969 0.000130939 -0.000671837 -6.1861e-08 -9.82962e-05 0.00504787 0.00234534 -0.00630604 -3.12791e-05 0.0047543 0.0148347 0.0106892 -5.84316e-05 0.00029923 -0.000399265 -0.000545298 0.0148983 -0.000236712 7.86658e-05 -0.000235367 -0.0062442 -0.00944018 0.000944334 -0.000401818 -0.00360273 0.000242044 0.00251312 -0.000683384 -0.00251105 -0.00836474 0.000587328 7.13566e-05 -0.000215222 -1.69598e-05 -2.34006e-05 0.00597516 -0.0111716 -0.00223452 -0.000608499 -0.0234596 0.000221909 -3.38609e-05 1.81928e-05 -0.000493188 -5.46971e-07 -9.13581e-05 -0.00117852 -0.000299774 -0.000790907 0.00105384 -0.00371675 -0.00188991 0.00196651 0.000107925 0.00146813 -0.0153931 0.000416713 -0.000290842 0.00284909 0.00536212 -0.000505027 0.000494489 0.000848826 -0.01549 
-0.0171926 0.015262 -0.000148911 -0.000350861 -0.00695318 -0.00234732 5.26355e-05 -4.40077e-06 -0.0295553 -0.00137138 -0.000788745 0.00355051 0.000140609 -0.016289 -0.000271525 0.00967229 0.0111876 0.00713298 0.0206945 -0.0540826 0.000176425 0.218142 0.0301153 -0.0229899 0.00121958 -0.0316366 0.0158033 -0.0369025 0.00877239 0.010881 -0.00256234 0.00110317 0.0157149 0.0121857 0.00354042 -0.0232625 -0.00265582 0.00094877 -0.00269583 -1.39156e-05 -0.000362838 -0.0210053 -0.00104317 -0.00249085 0.000249023 -0.0507071 -0.0329216 0.00816424 -0.00100049 -0.00115128 -0.0250242 0.0018928 0.00305723 -0.000265017 0.00175858 -0.0085658 0.00832941 -0.0180595 0.00119742 -0.00120668 0.00609981 0.00175591 0.0123243 0.00718962 0.0164322 -0.00122721 -0.00124359 -1.70275e-05 -0.00228245 -0.000149495 -0.000288492 -0.0438885 -0.0299132 -0.00335254 0.0044015 0.0466954 0.00134362 1.01923e-05 -1.10879e-05 0.000814851 0.00246833 0.00109723 0.0182596 0.000538317 -0.00391174 -0.000632807 0.00217393 0.00533298 -0.00316157 -0.00132557 -0.00170936 -0.0436406 -5.37187e-05 -0.00140627 -0.00428858 0.00435144 0.00194701 -0.000964986 0.000222268 0.0149446 
-0.0137469 0.0222348 -0.000903742 -0.00587195 -0.00139123 -0.00530402 -0.00113452 -0.000401583 0.0242316 -0.00405523 0.000333593 -0.0197433 -0.000217245 0.00965438 -0.000454246 0.00678923 -0.0059485 -0.018195 -0.0014647 -0.0177647 0.00540533 0.0301153 0.234766 -0.00244432 -0.00889089 -0.0430939 -0.00187644 0.0108516 -0.00983825 0.00746358 0.00512919 -0.000920888 -0.0290983 0.00831158 -0.00595293 -0.00910536 -0.01548 -0.00114169 0.000465377 -2.31376e-05 0.000235067 -0.0481707 0.000395576 0.0159453 -0.000330111 -0.0166813 0.0286972 0.055794 0.000870325 -0.000789756 0.0115051 0.000784394 0.00158463 0.00107366 -8.60265e-05 -0.0131175 -0.0313765 -0.00491698 -0.00069593 -0.000532827 -0.0659274 0.000463149 0.014468 0.00652666 -0.00438423 0.0172847 -8.58568e-05 -8.89506e-05 -0.00138384 -7.66007e-06 -6.0655e-05 -0.0271488 -0.0433333 0.00363441 0.00295839 0.0128095 0.000720723 -0.000195732 -0.000130807 -0.000734596 0.0088364 0.000886639 -0.00920043 -0.00211707 -0.00692866 0.000330479 -0.0210338 0.00110611 -0.000997681 0.000226586 -0.00504541 -0.0273889 -0.00276899 -0.00302696 -0.0121984 0.0152877 -0.0012628 -0.00242329 -0.00198861 0.0128469 
-0.0417423 -0.00769755 0.000221012 -0.000329699 0.0073606 -0.00364453 -0.00182197 -6.28995e-05 -0.0516794 0.00209768 -0.000948302 -0.0744394 -0.000361964 0.0151728 -0.003911 -0.0869026 -0.017866 0.0687803 0.0156046 0.0508568 -0.00791237 -0.0229899 -0.00244432 0.168466 -0.00411273 0.0771272 -0.00382493 -0.0312303 0.0053793 -0.0697366 -0.00136518 0.00321 -0.0141118 -0.0912107 -0.0066937 0.0726356 0.00458816 -0.000189011 -0.000821415 -5.43973e-06 -0.000438649 0.0230511 -0.00106249 -0.0200008 0.000319015 0.054512 -0.0404266 -0.0432275 0.000505106 -0.000585033 -0.0250578 -0.0067885 -0.00178845 0.000695731 -0.0011578 0.002618 0.0308498 0.00653082 -0.00115392 0.00051057 0.0105289 -0.000127756 -0.00265848 -0.005458 -0.00953426 -0.00347585 -0.00291956 0.000441365 0.00094061 -1.82366e-05 -9.70288e-05 0.0414566 0.0808481 0.00391749 -0.00129816 -0.0253854 -4.19727e-06 -0.000228703 -3.08717e-05 0.000163909 0.0132593 0.000933766 -0.0209636 -0.0029175 0.00210635 -0.00120264 0.0136677 0.0060532 0.00239391 -9.37413e-06 0.00091916 0.0716312 -0.00301307 0.000364539 -0.00328856 -0.0269527 -0.0070607 0.00098973 -0.00136134 -0.0539587 
0.00276553 -0.00136479 4.72376e-05 0.00304462 -0.000114756 0.00256787 0.000190372 0.000124441 -0.00290877 0.00162755 8.29692e-05 -0.00371303 0.000111203 -0.00937494 0.000325023 -0.000638818 0.00151986 0.00586492 0.00428414 -0.00186484 0.000715672 0.00121958 -0.00889089 -0.00411273 0.0287508 0.00263169 0.00129654 -0.00369961 0.00642902 -0.00344644 0.000971328 -0.000441491 0.00714674 -0.00419216 0.000869944 -0.00517308 0.00412481 0.000161919 -0.000439477 -9.9894e-07 -9.46792e-05 0.00989074 -0.000123485 -0.00143204 0.000104392 -0.00315093 -0.00678456 -0.00614534 -8.00628e-05 -3.11705e-05 -0.00610067 -9.05359e-05 0.00130852 7.58925e-06 0.000466942 0.00554359 -0.00748638 -0.000368606 0.000340998 -0.000115143 -0.00562442 3.99025e-05 -0.00190085 -0.00028887 0.00619567 -0.00108436 -7.4852e-05 -1.98235e-05 -4.19138e-05 -4.81476e-08 -1.90702e-05 -0.00144827 0.00149524 -0.000932515 -5.34584e-05 -0.00773375 0.000133455 0.00037305 4.73223e-05 0.00413955 -0.00313579 -7.803e-05 0.000327711 0.000354393 0.000417592 0.000597811 -0.000218507 -0.000778738 -0.000361942 0.000269527 0.000967244 -0.00227529 -0.000401452 0.0010375 -0.00015156 -0.00064841 0.00346811 7.38804e-05 0.00186137 -0.00668356 
-0.0388887 -0.029299 -0.000101791 0.00381576 0.0045072 -0.00961351 -0.00130556 -0.000105992 -0.0552606 0.00439189 -8.43321e-06 -0.0521378 4.30291e-05 -0.00917067 -0.00196915 -0.106488 -0.00921948 0.0892801 0.0261918 0.0715368 -0.00113992 -0.0316366 -0.0430939 0.0771272 0.00263169 0.249984 -0.00986182 -0.00636936 0.00937562 -0.121338 -0.00366861 -0.00133403 -0.0125521 -0.107756 -0.00547167 0.0589473 0.0145138 0.000307063 -0.00494566 1.40378e-05 -0.00146701 0.0575187 -0.00055898 -0.0435532 0.000375907 0.0717469 -0.0480826 -0.0637882 0.000591976 -0.000214612 -0.0440534 -0.00667712 -0.006409 3.78634e-05 0.000279753 0.0110683 0.0198667 0.0212608 -0.00024139 -0.000172369 -0.0233066 -0.00222991 0.00989704 -0.0115043 -0.00940069 0.00408771 -0.00288261 0.000492 -0.00107202 7.19302e-05 1.20653e-05 0.0736758 0.134581 -0.00266137 -0.00583263 -0.0500444 0.000189298 0.000119046 6.04588e-05 0.00427667 0.00265325 0.00162007 -0.0304337 -0.00614796 0.00494905 -0.000221498 0.024456 0.00999406 0.00321593 0.00228883 0.00713514 0.0881994 -0.00404997 0.00281573 -0.00947009 -0.0316984 -0.00745999 0.00281775 -0.000422426 -0.0962293 
-0.000440038 0.00281591 0.000495273 0.00249553 0.00186282 0.000907076 -2.2769e-07 -1.54787e-05 -0.00474141 -0.000257617 -5.77149e-05 -0.00109528 0.000336969 -0.0114657 0.00011096 0.00254164 0.00125027 0.00457478 0.0066712 -0.0178012 -0.000405661 0.0158033 -0.00187644 -0.00382493 0.00129654 -0.00986182 0.0306556 -0.0086502 0.0100476 0.0021182 -0.000617224 0.00281215 0.0155088 -0.00486903 0.00180733 -0.00449722 0.000796809 7.6873e-05 0.000612553 2.00089e-06 0.000114518 0.00249034 -0.000606942 -0.00192455 0.000189121 -0.0113381 -0.00702199 -0.00753973 -0.000169054 -0.000144513 -0.00373274 -0.000274743 0.000143201 0.000122761 0.000491453 8.82829e-05 0.00171471 -0.00341699 0.0008551 0.000404029 0.00245581 0.00229329 -0.00233548 -0.00024807 0.00273532 -0.00281609 0.000148723 3.28339e-05 1.73747e-05 1.06376e-05 8.71217e-06 -0.00713462 0.00188977 -0.000772532 0.00130593 0.00093103 0.000150277 4.02108e-05 4.99878e-06 0.00194881 -0.00295126 -0.000153983 0.00741878 0.000674906 -0.000411735 7.6558e-06 0.00222902 0.00041173 -0.000423563 -0.000146044 -0.000344369 -0.0124293 0.000141404 -0.000194296 0.000901473 -0.00073274 0.000484057 -0.000160954 0.000349381 -0.000904269 
-0.0182392 -0.00999492 -0.000627932 0.00248619 -0.00534284 5.20169e-05 0.000832852 -0.000755014 0.0533296 -0.00185053 0.000777793 0.0187923 -0.000211735 -0.00424971 0.0014022 0.0212833 -0.00488249 -0.106916 -0.0227739 -0.00587927 -0.0075003 -0.0369025 0.0108516 -0.0312303 -0.00369961 -0.00636936 -0.0086502 0.2077 -0.0100557 0.0315645 -0.000484427 -0.00406954 -0.0150547 0.0409608 -0.00181471 -0.0524323 -0.00711642 -0.000747066 -0.0046838 4.97672e-06 -0.000253913 -0.0170093 0.00412058 0.0342244 -0.000444058 0.00135621 0.0841629 0.0275015 0.00229292 1.53111e-05 0.00216658 0.00364201 -0.00771157 -0.000423786 -0.000662137 0.00223459 -0.0538715 0.00954346 -0.000733879 -0.000540679 -0.0125124 -0.00129457 0.00932112 0.00704526 -0.0121241 0.0151957 8.28943e-05 -0.000321923 -0.000201262 0.000127034 0.000619356 0.0321692 -0.0387641 0.0114682 -0.00305082 -0.0265027 -0.00123028 -0.000327005 -8.47188e-06 -0.00469903 -0.0175013 0.00180865 0.0011441 -0.00309679 -0.00326081 0.000801925 -0.0035114 -0.007793 -0.000413579 0.00154962 -0.0040224 -0.0410756 -0.00324426 0.00169091 -0.00172677 -0.0140049 -0.00175891 0.00075697 -0.000348192 0.0119007 
-0.00755859 -0.00316164 0.000408048 0.00423147 0.00365604 1.02746e-05 -0.000108643 -7.67614e-05 -0.00855531 -5.4178e-05 0.000368289 -0.00552331 0.000162438 -0.0118276 0.000368393 -0.0097368 -0.000972061 0.0115085 0.0165549 -0.00659071 -0.000806677 0.00877239 -0.00983825 0.0053793 0.00642902 0.00937562 0.0100476 -0.0100557 0.0459999 -0.0151489 -0.000677474 0.00119966 0.0116379 -0.0126295 -0.000900017 -0.00163571 0.00465245 6.93579e-05 0.000591637 7.13666e-06 -0.000111699 0.0186575 -0.000469725 -0.00370966 2.09347e-06 -0.0121685 -0.0121625 -0.020768 -9.55747e-05 -8.06684e-05 -0.00711515 -0.000642534 0.000340265 0.000128884 0.000104949 0.00183788 -0.00271544 0.000143599 0.000553491 6.51315e-05 -0.00164376 0.00140315 -0.00361509 -0.00051648 0.00447388 -0.00140226 -8.34072e-05 0.000220565 -0.000244501 1.91554e-05 0.000104338 -0.00161477 0.0147923 -0.00130065 -9.71048e-05 -0.00612309 0.000489668 0.000274466 2.37463e-05 0.00611668 -0.00318433 0.000380617 0.000315862 -0.000541565 0.000350582 -2.20479e-05 0.00595583 0.00140734 -0.00020366 4.49877e-05 0.000333178 0.00102808 -0.000460749 -1.43229e-06 -0.000283456 -0.00368037 0.000540912 -0.000107124 0.000692286 -0.0112086 
0.0161867 0.00918113 9.46205e-05 -0.00449245 -0.00123058 0.0148952 0.00124136 -0.000121237 0.0654422 -0.00412829 -0.000187494 0.0385297 -0.000308931 -0.0330568 3.59449e-05 0.116669 4.66036e-05 -0.117294 -0.0352065 -0.0647192 -0.014356 0.010881 0.00746358 -0.0697366 -0.00344644 -0.121338 0.0021182 0.0315645 -0.0151489 0.243641 0.00141028 -0.00106738 0.0151667 0.0656768 0.00579536 -0.0763314 -0.0117225 -0.00159769 -0.00412276 -9.42335e-06 0.000533665 -0.0476468 -0.00537513 0.0339494 -0.000335584 -0.0465154 0.0428597 0.0586219 -0.000305019 0.00042564 0.0225632 0.00587757 -0.0109085 -0.000866353 -0.000904208 -0.0114442 -0.0268983 0.0144184 -0.000880678 0.0013524 0.00452304 -1.19243e-05 -0.0104455 0.0113991 0.00058321 0.0348451 0.00213774 -0.00027525 0.00230296 -0.000128393 -9.2226e-05 -0.0658855 -0.0895523 0.0018154 0.00198515 0.0425909 -0.0012015 -0.00028 -9.04272e-05 -0.0058871 -0.0186882 -0.000130639 0.0285938 0.00465974 -0.00513115 0.000574621 -0.0243825 -0.00645185 0.000105255 -0.00140556 -0.00853293 -0.0615015 0.000309901 -0.00282667 0.0132229 0.00997011 0.00784965 -0.0026062 -0.00092318 0.0440241 
-0.00257386 -0.000465587 -8.06744e-05 -0.000841183 0.00107693 0.00287004 4.8068e-05 0.000156432 0.0040185 -0.000252357 3.82331e-05 -0.000951566 -1.67524e-05 -0.00598476 0.000484856 0.00298622 -0.000272017 -0.000912505 -0.00246977 0.00133145 0.00209667 -0.00256234 0.00512919 -0.00136518 0.000971328 -0.00366861 -0.000617224 -0.000484427 -0.000677474 0.00141028 0.0324225 -0.000143976 0.000289774 -0.0028517 -0.00015467 -0.00333214 2.27469e-05 5.21798e-05 -0.000668146 -1.06823e-06 -4.09837e-05 -0.00122937 0.000334282 0.000176837 9.77497e-05 -0.000139547 -0.00222401 0.00507565 0.00070107 -2.21467e-05 -0.00474305 -0.000128627 -0.000557852 0.000749701 -3.8105e-05 -0.00130962 -0.00533318 -0.000352478 -5.44179e-05 0.000107402 -0.00423658 -0.000133449 -0.00248842 -0.000348193 0.000232726 0.000321743 0.000312102 7.57212e-05 0.000863432 7.375e-06 6.98594e-05 -0.00273074 -0.00218633 -0.000524626 -6.97897e-05 0.00121617 -2.55302e-05 8.08099e-06 5.11689e-06 -0.000511356 0.0034389 0.00101654 -0.00132485 -8.59141e-06 -0.0002788 0.000603335 -0.000937924 -0.00012766 7.76059e-05 7.53518e-06 -0.000752641 0.00134588 -0.000215634 -0.00020407 -0.000903337 0.000143768 0.000179478 -1.83396e-05 7.41759e-05 -0.00709943 
-0.00503479 -0.000659155 0.000120199 5.55602e-06 0.000503664 -0.000635995 -4.6059e-05 -3.52236e-05 -0.00319492 0.000207784 -6.36498e-05 -0.00248657 4.42407e-05 -0.00862698 -0.000205203 -0.00487544 -0.000600096 0.00174036 0.00140412 -0.00516137 0.000661495 0.00110317 -0.000920888 0.00321 -0.000441491 -0.00133403 0.00281215 -0.00406954 0.00119966 -0.00106738 -0.000143976 0.0211778 0.00134708 -0.00440291 0.000116035 0.00574109 0.000787136 -0.00012286 -0.000301772 1.38787e-06 0.000162581 0.000293749 -0.000258573 -0.00126399 0.000136626 0.00363711 -0.00363709 0.0016585 -3.88248e-05 -3.86556e-05 -0.0047072 -0.000132516 0.000106228 4.4537e-05 -7.57404e-05 0.000733877 0.00266071 -0.000159103 -1.38118e-05 4.58519e-05 0.00596303 0.000782887 -0.00203249 0.00117884 -0.000931692 0.000404155 -0.000136481 -9.14711e-06 3.20307e-05 2.71139e-05 0.000168369 0.00151653 0.00369542 -0.000299818 0.000321511 -0.00535336 6.83511e-05 -2.40937e-06 -1.6998e-06 0.000170352 0.000982393 0.000183279 2.85441e-05 0.000388981 -0.000125482 -7.71877e-07 0.00382422 0.00354266 0.000682575 -8.27288e-06 -0.000246553 -0.000297599 -9.36543e-05 -4.97801e-05 -0.000800531 -0.00174559 -0.000356359 2.85803e-05 -0.000128508 -0.00827654 
0.00281833 -0.00189864 0.000512499 0.00800042 -0.000262152 0.00624111 9.21276e-05 0.000267484 -0.00880335 0.000181485 -0.000172511 0.00309046 0.000382234 -0.0238182 -0.000204272 0.01627 0.00267226 0.00197491 0.00652149 -0.0244174 -0.00240579 0.0157149 -0.0290983 -0.0141118 0.00714674 -0.0125521 0.0155088 -0.0150547 0.0116379 0.0151667 0.000289774 0.00134708 0.0770449 -0.00258942 0.00405943 -0.0133559 0.0045454 0.000577342 -0.00115393 -4.31662e-06 -0.000213153 0.0100842 -0.0013812 0.00116168 0.000351044 -0.0249043 -0.0196153 -0.0107804 -0.000337819 -5.9291e-05 -0.01154 -0.000427162 -0.00230976 0.000632571 0.000311678 0.00147328 0.0058966 -0.00661559 0.000974969 0.000590548 0.00300197 0.000681608 -0.00735367 -0.00195699 0.0134031 -0.00380988 0.00041243 0.00012773 0.000516042 -1.60028e-05 -6.84734e-05 -0.0147408 -5.7742e-05 -0.00212166 0.000520559 0.00376959 -0.000111494 0.000168191 1.89307e-05 0.00225352 -0.00534439 -7.55561e-05 0.0152573 0.00627573 0.00167299 0.000295669 0.000911105 -0.000364302 -0.00102093 -0.000377302 -0.00060113 -0.0111025 0.000547523 -1.09845e-05 0.00745691 -0.00226688 0.00297784 7.01198e-05 0.000454117 -0.00484614 
0.0371005 0.0134848 -0.00036722 -0.00374951 -0.0137452 -0.00338879 0.00130111 -0.000332916 0.0709723 -0.00303207 0.00023603 0.0593191 -0.000250861 0.0283999 0.00019587 0.0729573 0.0076235 -0.0997232 -0.0347723 -0.0488267 0.00229008 0.0121857 0.00831158 -0.0912107 -0.00419216 -0.107756 -0.00486903 0.0409608 -0.0126295 0.0656768 -0.0028517 -0.00440291 -0.00258942 0.212254 0.000241799 -0.060859 -0.00973951 -0.000411984 -0.00193356 -1.04128e-05 0.000775112 -0.0415929 0.00245686 0.0318859 -0.000551082 -0.0692544 0.0925067 0.0723885 -0.000391196 -0.000788161 0.0558896 0.00841983 0.0025342 -0.00167137 -0.0012645 -0.0077145 -0.031583 -0.0307447 -0.000355791 -0.00115875 0.00442319 -0.00117629 -0.00455279 0.0100302 -0.000324085 -0.0284608 0.00142728 -0.000797602 -0.00263889 -8.82131e-05 -8.76159e-05 -0.0440169 -0.124748 -0.0016517 -0.000966487 0.0257018 -0.000320673 -0.00023645 -0.00010852 -0.0043599 -0.0250851 -0.000983149 0.0100376 0.000463375 -0.00302276 -0.000669956 -0.021195 -0.0096675 -0.00455398 -0.00121323 -0.00249385 -0.0824226 0.00361842 -0.00213638 -0.00145835 0.0202253 0.00337152 -0.00188089 -0.000234064 0.0906005 
