0.0321633 0.000237879 -0.000677065 0.000106316 -0.00182024 0.000113253 -5.88921e-05 0.00433308 -0.00238608 -0.00637269 -0.0033797 0.000625805 -0.00189675 -0.00529399 -0.00048243 -0.00592688 0.00390787 -0.000418754 -0.000935342 -0.00494085 -0.00556426 0.00644631 0.000220492 -0.0033053 -0.00259034 -0.00483107 0.000256412 0.00128401 0.000107532 0.00585845 -0.00158491 0.000192305 -0.00117358 0.00257707 2.09716e-05 -0.000270592 0.00426412 -0.000640688 0.00255941 0.000217361 -0.00257538 0.00310613 0.00201171 0.000162011 0.000982414 0.000807703 -0.00475908 -0.00100347 0.00174572 -0.000122363 -0.000358168 0.00320277 9.21924e-06 0.000929953 0.00036829 -0.00102224 -2.53934e-05 -0.00151525 0.000326099 -0.000836559 -0.00115894 -0.00110488 0.000188247 -0.00096984 5.80232e-05 0.00172614 -0.00537384 0.000271689 -0.000119385 0.00062407 6.78994e-05 0.00638614 4.02046e-05 -0.000459361 -2.5638e-05 -0.00259046 -0.00469298 -0.000402972 -0.00033348 0.001337 -0.000887089 -8.81807e-05 -0.00314138 -0.000162357 0.00132176 0.00626534 -0.00574987 0.000170216 7.92544e-05 -0.00108897 -0.00146996 -0.00110264 0.00771114 -0.000161872 1.02537e-05 -0.00316947 -5.98056e-05 -0.00454909 0.000241226 -1.17878e-05 
0.000237879 0.128763 -0.00324175 -0.00112746 -0.00591266 -0.00050643 9.66398e-06 0.00274377 -0.0190656 0.0249696 -0.00586866 9.47193e-05 0.00719316 0.015934 0.0177518 -0.00913205 0.00830254 -0.00378883 0.00159112 0.0197689 -0.00296516 -0.0054232 -0.00165596 -0.0033 -0.00902312 -0.0129068 -0.00407934 -0.00443113 0.00751054 -0.0302213 0.00513844 -0.00156571 0.00646312 0.00403603 -0.000109081 0.00120743 0.0130725 0.00171888 -0.00100852 -0.00130353 -0.0132 -0.000996296 0.000822947 0.00104508 0.00230305 0.00120574 0.0322278 -0.0219356 -0.00376215 -9.32166e-05 -0.00113604 0.0157042 0.000165449 0.0116996 -0.000305514 -0.00398949 0.00118889 -0.00924927 -0.000127392 -0.00194699 -0.0026105 0.00466178 -0.00388122 -0.0231223 0.000532176 0.00066754 -0.0201664 -0.00357212 -0.000288699 0.000955045 -0.00222291 -0.00408802 -0.0125623 -5.63553e-05 -0.000499076 0.00615058 0.0252986 -0.00432655 0.000294276 -0.0267319 0.00121455 0.00035034 -0.0171939 -0.000478408 -0.0107749 0.00774286 0.0254961 0.000921382 -0.00381913 -0.00526454 -0.0151033 -0.00180711 -0.0179578 -0.00411823 -0.00367167 -0.0146759 -0.000531724 -0.022623 -0.0013994 -0.000229779 
-0.000677065 -0.00324175 0.0317927 -0.000145117 -0.00430347 -9.52006e-05 0.000322892 -0.00533629 -0.00421085 -0.00374741 0.00448615 7.13295e-05 -0.00254609 -0.00713627 -0.00681648 -0.000240086 0.00117758 0.00218777 0.000946894 0.00258217 -0.00698077 -0.00121997 0.00137588 -0.00568418 -0.00271905 -0.00500182 0.00675309 -0.00152735 -0.000814117 0.00843653 -0.00194858 -0.000480574 -0.00205819 -0.00527806 -6.79237e-05 -0.000817089 -0.00644699 0.000584667 0.000578559 0.00010561 0.000558695 -0.00102436 0.00284455 -0.000139654 -0.000407941 -0.00073844 0.00804996 -0.00690487 0.000934916 -0.000155477 0.000517821 -0.00393761 4.77336e-05 -0.00105602 -0.000282786 -0.000364432 0.000401664 -0.000595244 8.29002e-06 -0.00124332 0.00194431 -0.000859552 0.000339038 -0.00543744 0.000468677 -0.00140236 -0.00322319 0.00179711 -0.000113627 0.00287104 -0.00038907 0.00750606 -0.00233629 0.00643418 -1.12921e-05 -0.00225986 -0.00780332 -0.000662679 0.00100562 0.0124363 -0.00111252 0.000442869 -0.000584192 0.000158301 0.00647438 0.0102228 -0.00766747 0.000861407 0.00428452 0.000577899 -0.00111679 0.00272335 -0.000518716 -0.000814506 1.7935e-05 -0.00174437 2.99915e-05 -0.00135835 0.000549007 -0.000103779 
0.000106316 -0.00112746 -0.000145117 0.0141922 0.00154151 0.000873936 -6.56679e-06 -0.00221469 -0.000113767 -0.00157127 -0.00106024 3.5879e-06 -0.000831286 -0.0037801 0.000380543 0.0028937 -0.00131177 -0.00056632 -0.000227529 -0.00211939 0.00265926 -0.00336654 0.000291697 0.0035968 0.00299777 1.10472e-05 -0.000408085 0.00396972 -0.000523266 -0.00280202 -0.00107684 -0.00017499 -0.000495916 0.00336888 0.000187667 -0.0002029 -0.00490386 0.000987375 0.00025358 0.000329472 -0.000237639 9.13114e-05 -0.000319057 0.000343158 -0.000379432 0.00194951 -0.00383492 -0.00151318 9.2001e-05 -5.96769e-05 0.00143953 0.00105124 2.34818e-05 -0.000706871 0.000104136 -2.99482e-05 -5.23816e-05 0.000826912 8.93539e-05 0.00116734 -0.000472499 -0.000387623 -0.000137734 0.0024098 9.88433e-06 0.00140947 -5.31667e-06 0.00142244 0.000302721 -0.000349953 0.00271405 -0.00366661 -0.0010445 -0.000186601 7.65215e-06 -0.00114856 -0.00272641 1.41023e-05 -0.000159257 -0.0015255 3.23086e-05 -5.30635e-05 -0.00255446 9.25703e-05 -0.00029589 -0.00331959 -0.00387094 8.81726e-05 -0.000119477 -0.00059202 -0.00120148 0.00212713 0.00023947 -0.000355748 0.00026519 0.00519213 3.76745e-05 -0.00261174 0.000629869 0.000130288 
-0.00182024 -0.00591266 -0.00430347 0.00154151 0.184738 0.00236612 0.000956177 -0.0387552 -0.0399764 -0.060064 -0.0515612 -0.00128537 -0.00196339 -0.100165 0.0542276 0.0950375 -0.0008335 0.00507119 0.0196363 -0.0440691 0.0401176 -0.0606039 0.00120069 0.113132 0.053219 -0.0753318 0.0308145 0.0205953 -0.00532199 -0.0577014 -0.0170477 -0.0021957 -0.00310064 0.00954688 0.00183837 0.0236303 -0.0771264 0.00203886 0.0238053 0.00163453 -0.0162394 -0.0131418 0.000265597 0.00159988 -0.00534381 0.00822834 -0.0615272 -0.0393212 -0.0246618 0.0023508 0.00719198 0.0294652 -9.06355e-05 -0.0120282 0.0144379 0.013616 0.00520787 0.0736943 0.000548754 0.0335187 0.00588962 0.0177005 0.0022205 0.0703684 -0.000698829 0.0632515 -0.0325006 0.00917102 0.00030158 -0.00291395 0.00136135 0.050155 0.0173216 0.000814554 -0.00113764 0.00253351 -0.0416621 -0.00130576 -0.00111301 0.00807616 -0.00422898 -0.000751544 -0.0949228 0.000846411 -0.0119797 0.0328128 -0.0606027 0.000470582 -0.0150489 -0.00431084 -0.0235108 -0.00183214 -0.021897 0.0186541 -0.00788656 0.037498 -0.000401053 -0.0695571 0.0030035 0.00203198 
0.000113253 -0.00050643 -9.52006e-05 0.000873936 0.00236612 0.00936081 4.84256e-05 -0.000865912 -0.00088193 -0.00250586 -0.00151414 -3.5196e-05 -0.0003047 -0.00280197 -0.000494317 0.00178353 0.00131034 -0.00203573 0.000539064 -0.00222149 -0.000456656 0.000127834 0.000307682 0.000537672 0.00080023 -0.00229415 0.00126521 0.000322201 4.60924e-05 -0.00137047 -0.00020008 0.000181302 -0.000191514 -0.000490754 0.000395633 0.000114419 -0.00287366 0.000488076 0.0011877 0.000462205 0.000560068 -0.000268099 8.85949e-05 8.79107e-06 -6.83695e-05 8.35117e-05 -0.00191295 -0.00133974 -0.000919388 0.000136659 0.00105858 -0.000446997 0.000110948 -8.68856e-05 0.000659699 -0.000194006 0.000370505 -0.000127018 7.02474e-05 0.000232402 0.00131186 0.00097117 0.000957445 0.00103418 1.70641e-05 0.000649622 -0.000652154 0.00201468 7.09063e-05 8.48216e-05 3.15373e-05 0.00119887 -0.000338925 0.000145153 -4.31833e-06 -0.000952661 -0.000718527 -0.00102156 0.000473872 -0.000341959 -0.000340403 -3.97062e-06 -0.00197116 8.73665e-05 -0.000804065 -0.000518978 -0.00202154 0.000623938 -0.000261424 -0.000308641 -0.00089793 -0.000228948 0.00121395 0.000542207 0.000173669 0.00172148 4.117e-05 -0.00142278 0.000790337 0.000146511 
-5.88921e-05 9.66398e-06 0.000322892 -6.56679e-06 0.000956177 4.84256e-05 0.00281504 -0.000419379 -0.000313608 -0.00125168 -0.000563561 1.13049e-06 -0.000154927 -0.00081042 0.000477959 0.00127007 0.000335127 -0.000393238 0.000441089 -0.000386127 7.12389e-05 -0.000800907 0.000108455 0.00105436 0.000463721 -0.000768441 0.000142679 -0.000198521 -2.79502e-05 -0.000284946 -0.000250663 0.000233051 -0.000120275 -0.000492198 5.34621e-05 0.000290611 -0.00143563 7.59343e-05 0.000758002 8.11671e-06 -7.49326e-05 -4.12736e-05 -1.12742e-06 5.38439e-05 -3.63641e-05 4.6304e-05 -0.000724977 -0.000544361 -0.000244993 -5.90671e-06 0.000101747 -0.000156572 -1.75241e-06 -1.2788e-05 1.95224e-05 0.00030988 0.00012782 0.000123128 1.02791e-05 4.18662e-05 -5.68852e-05 0.000684223 4.25206e-06 5.84125e-06 -8.77218e-06 0.000408846 -0.000278414 0.000329201 2.10491e-05 0.000125885 -2.92876e-05 -7.28751e-05 0.000439825 7.30526e-05 1.71992e-05 0.000171456 -7.37011e-05 0.000190199 -3.13893e-05 2.34231e-05 -9.49284e-05 4.92209e-05 -0.00102839 5.99311e-05 -0.000105699 -0.000128858 -0.000818835 2.142e-05 6.87818e-05 -0.000135657 -0.000220936 5.0357e-05 8.14261e-05 -8.27251e-05 0.000236087 9.33342e-05 8.02339e-06 -0.000402818 0.000166877 5.16458e-05 
0.00433308 0.00274377 -0.00533629 -0.00221469 -0.0387552 -0.000865912 -0.000419379 0.159158 0.0259524 0.0177934 0.00454224 -0.000415243 0.00810306 0.0594484 -0.0265674 -0.0354207 -0.0053595 0.00385203 -0.00575764 0.0100807 -0.0261559 0.038005 0.000971156 -0.0430309 -0.0174081 0.0492784 -0.0103256 -0.0124452 -0.00538584 0.00979163 0.00747546 -0.000674749 -0.00702222 -0.0340969 -0.000318634 -0.00692906 0.0335315 -0.00295111 -0.00507543 -0.00144209 -0.00540468 0.0152149 -0.0034741 -0.000109411 -0.000558557 -0.00601824 -0.0150307 0.0142184 0.000644749 -0.00105962 -0.00305993 -0.00920093 -0.000176877 0.0235664 -0.0038801 -0.00682543 -0.0015691 -0.0300147 -0.000334062 -0.00992561 -0.00856257 -0.00750568 -0.00528704 -0.0229898 -0.000200281 -0.026579 0.00337282 -0.00501757 -7.38531e-05 -0.000250149 -0.00210533 7.41949e-05 -0.0218794 -0.00327293 -0.000973163 -0.0152119 0.0296574 -0.0211147 0.000200051 -0.0197198 0.00652673 0.000239515 0.0239459 -0.000848927 -0.0141882 -0.0286225 0.0396361 -0.00353748 0.00734834 -0.00265382 -0.00031815 -0.0064558 0.0296102 -0.00629854 0.0131274 -0.0227017 3.35793e-05 -0.00213216 -0.00207853 -0.000882201 
-0.00238608 -0.0190656 -0.00421085 -0.000113767 -0.0399764 -0.00088193 -0.000313608 0.0259524 0.147075 0.0169011 0.0229884 -0.000160252 -0.00521212 0.0580004 -0.0347033 -0.0342251 -0.00121591 -0.0155711 -0.00658867 0.00117678 -0.0185001 0.0211774 -0.00271929 -0.0371519 -0.0158257 0.050573 -0.00991533 -0.0172397 0.000930626 0.00123116 0.0152493 0.00383332 -0.00186376 -0.0526897 -0.000503257 -0.00828521 0.0381905 -0.00384426 -0.00645454 -0.00185068 0.00684916 0.00539157 -0.00686611 -0.000998445 -0.0042449 -0.00540499 0.00405094 0.0411326 -0.00128708 -0.000886751 -0.00324812 -0.0149373 -0.00023817 -0.00396967 -0.0040592 -0.00190424 -0.00191572 -0.0269612 -0.00030466 -0.00956705 -0.00925441 -0.00827381 -0.00360429 -0.00988589 -0.000413115 -0.0188128 0.0206395 -0.0055175 0.000446195 0.000546418 -0.000161184 -0.0307826 -0.00543614 -0.00263076 -0.000162819 0.00317961 0.0200888 -0.0110473 -0.00136558 -0.0110067 0.00560218 -0.000730149 0.0144069 -0.000761549 -0.00401106 -0.0498385 0.0293764 -0.000771874 -0.0157471 0.00750785 0.00817225 0.00635322 0.00370373 -0.00373984 0.00954376 -0.0178282 -2.72249e-05 0.0522235 -0.0017021 -0.000719655 
-0.00637269 0.0249696 -0.00374741 -0.00157127 -0.060064 -0.00250586 -0.00125168 0.0177934 0.0169011 0.225206 0.0684812 0.000955904 0.0183425 0.0647686 -0.0330736 -0.0319223 -0.0279882 0.0276275 -0.0187598 0.0710442 -0.0585644 -0.0217987 -0.00826502 -0.0581578 -0.0130229 0.0512024 -0.0279605 -0.00988708 -0.00436818 -0.0260384 0.0240949 -0.0137383 0.0143459 -0.00378595 -0.00293279 -0.00456817 0.0522597 -0.00112767 -0.0263908 -0.00207512 -0.0249973 0.00554837 -0.00879297 -0.00165986 -0.00360833 -0.0163232 0.0437455 -0.0158137 0.00486712 -0.0014375 -0.00423141 -0.00772062 -0.000161394 0.00874189 -0.00437812 -0.0148023 -0.0037307 -0.0326464 -0.000880406 -0.0252653 0.00211008 -0.00478324 -0.0179538 -0.0731033 -0.000405447 -0.0230058 -0.0398227 -0.00717152 -0.00116317 -0.00202916 -0.00930199 -0.0323475 0.00917176 -0.00443956 0.000516733 0.0206141 0.0664215 -0.0184614 0.00117847 0.00655577 -0.0116165 0.000339864 0.00533891 -0.00105808 -0.00953222 -0.0180283 0.085857 -0.0020762 0.0174711 0.00384092 -0.0198742 0.00854555 -0.0118485 -0.00899863 -0.00186755 -0.0145232 -0.000844321 0.00683101 -0.00406716 -0.000976619 
-0.0033797 -0.00586866 0.00448615 -0.00106024 -0.0515612 -0.00151414 -0.000563561 0.00454224 0.0229884 0.0684812 0.199232 0.000186844 0.0156851 0.0565423 -0.0412859 -0.0209615 -0.0317604 0.0211619 -0.00688959 0.0785476 -0.0640625 -0.0551774 -0.0014006 -0.0478205 0.0168133 0.0380008 -0.0119331 0.00256411 0.000335191 -0.0342844 0.0298693 -0.00771684 0.0103357 -0.0117316 -0.00104374 -0.00584646 0.0301865 0.00540326 -0.0134597 -0.00274976 -0.0175313 -0.00497505 -0.00817617 -0.00133083 -0.00130935 -0.00808916 0.0557294 -0.0357272 0.0129321 -0.000417247 0.00290375 -0.0282549 -0.000104002 -0.00756457 -0.00583243 0.000113088 -0.00153211 -0.0251247 5.09052e-05 -0.0111115 0.00332919 -0.00194045 -0.00857004 -0.0719505 -8.62297e-05 -0.0273462 -0.0543204 0.00265613 -0.00018683 -0.00254907 -0.00389442 -0.0434835 -0.00382756 0.00182025 -0.000141951 0.00992538 0.0718952 -0.0290158 -0.00154584 -0.0150715 -0.0115971 0.000223569 0.0133383 0.000422304 0.00760565 -0.0227468 0.0766229 0.000986343 0.0115956 0.0174103 -0.0214524 0.00759143 -0.00684381 -0.00171408 0.00859908 0.0108323 -5.88396e-05 -0.0140588 0.000131336 -0.000522039 
0.000625805 9.47193e-05 7.13295e-05 3.5879e-06 -0.00128537 -3.5196e-05 1.13049e-06 -0.000415243 -0.000160252 0.000955904 0.000186844 0.0074799 0.000338443 -0.00104725 -0.00174657 -0.00109458 -0.000568424 0.000295574 -0.000139991 0.000627798 -0.000942008 -0.000472884 -7.70594e-05 -0.000674778 -0.00126387 -0.00140623 -0.00031854 3.62812e-05 -3.50716e-05 0.00108124 -9.09429e-05 -8.07205e-05 -0.000332927 0.000114496 9.55041e-08 -0.000154803 0.0010447 -5.82755e-05 -0.000157362 2.96953e-05 -0.000570884 0.000904897 8.41432e-05 2.70557e-05 -9.03571e-05 6.94419e-05 0.000535051 -0.000789973 0.000558924 3.61035e-05 -0.000130833 0.000237009 9.74794e-05 -3.10943e-05 -5.22208e-05 -0.000205667 1.71633e-05 0.000114873 8.34363e-05 -0.000374619 0.000359647 -0.000281822 -1.47892e-05 -0.00136559 2.54643e-06 -0.000524831 -0.00150898 -0.000129195 -3.21993e-05 7.77763e-05 -4.16493e-05 0.000329153 0.000603999 -2.07824e-05 1.87847e-06 0.00237626 -0.00112305 0.00107112 0.000253197 0.000682712 -0.000302162 -3.1876e-05 -0.000241499 -3.58024e-05 0.00051921 0.00136642 0.000178202 0.000198705 -0.000131274 0.000425722 -0.000660552 -2.59005e-05 -7.19033e-05 -0.00025049 -0.000105441 -0.000941213 -4.17394e-06 -0.0015049 -3.42037e-05 -1.13953e-05 
-0.00189675 0.00719316 -0.00254609 -0.000831286 -0.00196339 -0.0003047 -0.000154927 0.00810306 -0.00521212 0.0183425 0.0156851 0.000338443 0.0871201 0.0157559 -0.0146008 -0.0093098 -0.0079755 -0.000941325 -0.00271389 0.037961 -0.0179159 -0.0189313 -0.000738379 -0.000707263 -0.00430827 0.000258245 -0.00584996 -0.003188 0.00369629 -0.0257732 0.0141224 -0.00122561 0.00926628 -0.0177277 -0.000450294 0.0012785 -0.00499731 0.000635225 -0.00461047 5.9548e-05 -0.00706828 0.00305209 -0.00277514 -0.000401672 0.00308277 -0.0028363 0.00920526 -0.0184556 -0.00680063 0.00111001 -0.000592188 0.00667778 7.79036e-05 0.00623412 -0.00198924 0.0029333 5.08583e-05 -0.0109122 -0.000150438 -0.00410134 0.0234005 -2.94827e-05 -0.00337452 -0.024009 0.000431263 0.00266096 -0.0188141 -0.00194662 -0.00030619 0.00403322 -0.0011539 -0.0180292 0.00840497 -0.000845155 0.00117159 0.00981358 0.0222237 -0.0139571 0.00115061 0.00855439 -0.00350491 4.18534e-05 -0.0239115 -0.000165636 -0.00247684 -0.0210825 0.0423385 0.00306068 -0.000738016 0.014034 -0.00802892 -0.00219852 -0.001114 -0.00321673 -0.00113848 -0.00513141 2.14675e-05 -0.0269788 -0.000102143 -0.000370299 
-0.00529399 0.015934 -0.00713627 -0.0037801 -0.100165 -0.00280197 -0.00081042 0.0594484 0.0580004 0.0647686 0.0565423 -0.00104725 0.0157559 0.249509 -0.0538712 -0.0986056 0.00873636 -0.0174208 -0.017787 0.050083 -0.0514483 0.0677797 -0.0103309 -0.1027 -0.0595182 0.0850331 -0.0291369 -0.0436359 0.00435997 0.0222505 0.0225278 0.00335852 0.000299026 -0.052826 -0.00191281 -0.0249757 0.0918913 -0.00879004 -0.0182865 -0.00490319 0.00540791 0.0138507 -0.0174213 -0.00224619 0.00249543 -0.0108776 0.0270335 0.0261713 0.0140027 -0.00195904 -0.00951233 -0.0139917 -0.00042885 0.0206906 -0.010335 -0.00775985 -0.00355173 -0.0725715 -0.000917207 -0.0277688 -0.00629908 -0.0176852 -0.0098854 -0.0703824 -0.00124836 -0.06244 0.0155992 -0.0151636 -0.000494998 -0.0028487 -0.00525615 -0.0503994 -0.0207495 -0.00700905 8.58783e-05 0.00829956 0.0693404 -0.0358944 0.000995693 -0.00396846 0.00874532 -0.000811192 0.0527957 -0.00234353 -0.00175336 -0.0591477 0.117676 -0.00401434 0.000203948 0.0141867 -0.00134867 0.00204983 0.00616563 -0.0166183 0.00838407 -0.0467283 -0.000908672 0.0566573 -0.00495273 -0.0022386 
-0.00048243 0.0177518 -0.00681648 0.000380543 0.0542276 -0.000494317 0.000477959 -0.0265674 -0.0347033 -0.0330736 -0.0412859 -0.00174657 -0.0146008 -0.0538712 0.19842 0.0598433 -0.00444943 -0.0108356 0.0119251 -0.0644042 0.0494576 -0.0436571 -0.00425704 0.0726492 0.0493778 -0.00681067 0.0124507 0.0131611 0.00873064 -0.0704849 -0.00997138 0.0014947 0.00425204 0.0215841 0.0017021 0.00829371 -0.0497684 0.0084977 0.0162045 0.00200551 -0.01995 -0.00923709 -0.00774839 0.00222352 -0.00786606 0.00327299 -0.0203467 -0.00571843 -0.0220274 -0.000381994 0.00455631 0.00839271 -0.000235211 0.00144385 0.00983668 0.003081 0.000825628 0.0523007 7.39505e-06 0.0310995 -0.00427548 0.0216243 9.41833e-05 0.0447168 -0.00107613 0.0238684 -0.0181385 0.000173515 0.0019593 -0.0055517 -0.00158879 0.0119776 -0.0190847 0.00106285 -0.000993031 -0.0200686 -0.0195813 -0.0143697 -0.00242867 -0.027961 -0.00801796 0.000730557 -0.0321585 0.000725084 -0.000710461 0.0125351 -0.0440929 -0.00209966 0.000432586 -0.0110225 -0.01898 -0.00722398 -0.015641 0.00612463 -0.00789143 0.0209195 -0.000888338 -0.0230284 -0.000616515 0.00240928 
-0.00592688 -0.00913205 -0.000240086 0.0028937 0.0950375 0.00178353 0.00127007 -0.0354207 -0.0342251 -0.0319223 -0.0209615 -0.00109458 -0.0093098 -0.0986056 0.0598433 0.178495 -0.00457781 0.00473904 0.020049 -0.0363678 0.0459843 -0.0978971 0.00264205 0.105624 0.0848992 -0.0515469 0.0102936 0.0383655 -0.00422354 -0.0776583 -0.0153481 -0.00153054 -0.0014012 0.0336813 0.00167164 0.0298529 -0.106696 0.0104543 0.0208977 0.00478125 -0.0145773 -0.0150922 -0.00834412 0.000361085 -0.00768639 0.00531236 -0.0409033 -0.0296974 -0.0283777 0.00222758 0.0126188 0.0095467 3.38712e-05 -0.00975917 0.0133565 0.0160182 0.00593525 0.0749338 0.000718445 0.0305506 0.00332277 0.0204369 -0.000262121 0.0406313 -0.000992336 0.0437742 -0.0304922 0.021813 0.000998948 -0.00380208 0.00160083 0.0218021 0.00820654 -0.000621996 -0.000621895 3.9656e-05 -0.0294002 -0.00878852 -0.00176292 -0.0194049 -0.00650765 0.000857916 -0.0824303 0.00238023 -0.012042 -0.0103421 -0.0578423 0.00140957 0.00275289 -0.0123481 -0.0223419 0.00250061 -0.0228136 0.0212367 -0.00454623 0.0551026 0.000130043 -0.0544396 0.00391856 0.00253807 
0.00390787 0.00830254 0.00117758 -0.00131177 -0.0008335 0.00131034 0.000335127 -0.0053595 -0.00121591 -0.0279882 -0.0317604 -0.000568424 -0.0079755 0.00873636 -0.00444943 -0.00457781 0.112084 -0.0372364 0.00285909 -0.038691 0.0268057 0.0294012 0.000283847 -0.00591825 -0.0150371 -0.00586237 -0.00151653 -0.00980701 0.00366521 0.0129152 -0.00688593 0.0115848 -0.00716698 -0.0104147 -4.62954e-05 -0.00481603 -0.00314105 -0.00200512 0.0105398 -0.000367806 0.0196331 -0.00392164 -0.00483121 0.000117241 0.00287647 0.00409352 -0.0158252 0.0195463 -0.0100054 -8.49454e-05 -0.00138029 0.0107382 -3.30235e-05 -0.00205638 -0.000583396 -0.0027321 0.00210989 -0.0129905 -6.66087e-06 -0.00380592 0.00030103 -0.0015134 0.00581178 0.0108719 3.53141e-05 -0.00725396 0.0278339 -0.000823355 -0.000101422 0.00412712 0.00298603 0.0170674 -0.0111993 0.000958619 0.000205584 -0.00717099 -0.0205334 -0.00531823 0.0039373 -0.00251467 0.00880201 -0.000347441 -0.0185311 2.3952e-05 -0.00862349 0.00807938 -0.00923749 -0.000226408 -0.0118807 -0.00662221 0.00548965 -0.00117245 0.00218199 -0.00136488 -0.00304572 -0.0142509 -0.00015411 0.03163 0.00188413 -0.000155543 
-0.000418754 -0.00378883 0.00218777 -0.00056632 0.00507119 -0.00203573 -0.000393238 0.00385203 -0.0155711 0.0276275 0.0211619 0.000295574 -0.000941325 -0.0174208 -0.0108356 0.00473904 -0.0372364 0.120167 -0.00287268 0.0393559 -0.03934 -0.0170484 -0.00126798 0.00417432 0.012912 -0.0135702 -0.00130025 0.00558971 -0.0188298 0.000316253 -0.00946736 -0.0218025 0.000887045 0.00977518 -0.00194558 0.00293629 -0.0109906 -0.000103449 -0.00523244 -0.000426145 -0.0123637 -0.00378649 0.00577017 -3.54963e-06 -0.00106847 -0.00222731 0.00734425 -0.0373791 0.0139442 -0.00102425 0.000255204 0.00115862 -3.71021e-05 0.00462135 -0.000259354 0.00192965 -0.00146681 0.00173424 -6.84242e-05 -0.00312871 -0.00203446 -0.00490115 -0.000963381 -0.0150837 -0.00012457 0.0130626 -0.037494 -0.00100818 -0.000944031 -0.0058429 -0.00439934 0.00213052 0.0145898 -0.00223456 0.000281609 0.00561234 0.0134537 0.00985796 -0.00261386 -0.0015718 -0.0125436 -0.0016411 0.0152001 -3.17375e-05 0.0071618 0.0115046 -0.000388795 -0.00198343 0.0140587 0.000953851 -0.00201361 -4.50932e-05 0.0135103 0.00346338 0.00296926 0.00836311 0.000212437 -0.0381433 -0.0019202 -4.68833e-05 
-0.000935342 0.00159112 0.000946894 -0.000227529 0.0196363 0.000539064 0.000441089 -0.00575764 -0.00658867 -0.0187598 -0.00688959 -0.000139991 -0.00271389 -0.017787 0.0119251 0.020049 0.00285909 -0.00287268 0.0390862 -0.0148542 0.00429726 -0.0147889 0.00110952 0.0151211 0.0144499 -0.0152356 0.00330358 -0.00268458 -0.000972321 -0.0116093 -0.00329446 -0.000401681 -0.00210485 -0.00780143 0.00037184 0.00741031 -0.0194776 0.00105391 0.0173356 0.000723648 -0.000233917 -0.00255721 0.00110411 9.2117e-05 -0.00060083 0.00040557 -0.00756729 -0.00701547 -0.000347922 0.00101253 0.00173909 0.00213016 4.86758e-05 -0.00141247 0.00225198 0.00169326 0.00522795 0.008293 5.85084e-05 0.0160051 0.0027344 0.00412724 0.0002899 0.007332 -0.000137046 0.0174298 -0.00838006 0.00596266 9.36584e-06 -8.74951e-05 -0.000275705 0.0125237 -0.000881309 0.00150274 -9.92142e-05 -0.00172164 -0.00983029 -0.00530273 -0.000293444 -0.00582089 0.000981633 0.000841654 -0.0170212 0.00167714 0.000735021 0.00212695 -0.0130844 0.000304119 -0.00396546 -0.000836619 -0.0043638 -0.00071416 -0.00149842 0.00322163 -0.000891943 -0.00182977 4.17518e-05 -0.0144222 0.00273622 0.000199278 
-0.00494085 0.0197689 0.00258217 -0.00211939 -0.0440691 -0.00222149 -0.000386127 0.0100807 0.00117678 0.0710442 0.0785476 0.000627798 0.037961 0.050083 -0.0644042 -0.0363678 -0.038691 0.0393559 -0.0148542 0.249359 -0.0794927 -0.0179261 -0.0027275 -0.0397788 -0.0115693 -0.036584 -0.00842352 0.00728065 -0.00329665 -0.0183507 0.0310251 -0.013001 0.0133739 0.00458233 -0.00191592 0.00101832 0.05525 -0.00531137 -0.0243568 -0.000789657 -0.0369106 0.00556835 0.00801813 -0.00150063 0.0047347 -0.00921946 0.0828527 -0.0899561 0.0293042 -0.0016236 -0.00508684 0.00167738 0.00017157 0.0128044 -0.00919557 0.00059955 -0.00365016 -0.0290141 -0.000576464 -0.024451 0.0135151 -0.0135466 -0.0134785 -0.0807242 0.000964148 -0.00857728 -0.0930039 -0.000169402 -0.000798757 0.00353352 -0.00734359 -0.04904 0.0192056 -0.00187602 0.000281031 0.015442 0.0802044 -0.0266836 0.00132399 0.0177276 -0.0187143 -0.00190903 -0.00518386 -0.00152926 0.013839 -0.00769856 0.107923 0.00306478 0.012275 0.0224705 -0.0394288 0.00315238 -0.00631322 -0.0116967 0.00414162 0.00658272 -0.0003754 -0.0696209 -0.00247396 -0.00154684 
-0.00556426 -0.00296516 -0.00698077 0.00265926 0.0401176 -0.000456656 7.12389e-05 -0.0261559 -0.0185001 -0.0585644 -0.0640625 -0.000942008 -0.0179159 -0.0514483 0.0494576 0.0459843 0.0268057 -0.03934 0.00429726 -0.0794927 0.198641 -0.0197008 -5.57122e-05 0.0572661 0.0159093 -0.0107263 0.00694449 0.0120671 0.00792069 -0.0208801 -0.0205634 0.0124951 -0.0141819 0.0183633 0.00245128 0.00543321 -0.0280079 -0.000296983 0.00368773 0.00168377 0.00947318 0.00102308 -0.0153853 0.00136048 -0.00176613 0.0174149 -0.03698 0.0317351 -0.0214194 0.000731906 -6.42077e-05 0.0224079 -0.000182182 -0.0103945 0.00371403 0.00778819 -0.00131968 0.0370121 0.000167427 0.0216855 -0.0134189 0.00793452 -0.00100611 0.03644 -2.27921e-05 0.00295097 0.0602875 -0.00192868 0.00123005 -0.00269987 0.00924068 -0.0166258 -0.0137796 0.000690441 -0.000997449 -0.00323484 -0.059192 0.0312781 0.000413928 -0.0145864 0.0132453 0.000555715 -0.0198995 0.000592085 -0.0141014 -0.00487965 -0.054396 -0.00455875 -0.0247408 -0.0122785 0.0180292 -0.00207695 -0.047062 0.000759936 -0.00807606 0.0164749 -0.000337404 0.0273077 -0.00037623 0.000387501 
0.00644631 -0.0054232 -0.00121997 -0.00336654 -0.0606039 0.000127834 -0.000800907 0.038005 0.0211774 -0.0217987 -0.0551774 -0.000472884 -0.0189313 0.0677797 -0.0436571 -0.0978971 0.0294012 -0.0170484 -0.0147889 -0.0179261 -0.0197008 0.248729 -0.00354826 -0.0703321 -0.085208 0.0437201 -0.00586303 -0.0430199 -0.00494279 0.123422 -0.0156099 0.00689079 -0.026749 -0.0248392 -0.00174035 -0.0279893 0.0603882 -0.0105595 -0.00718736 -0.0036848 0.028275 0.00783456 0.00601087 -0.0011839 -0.0031001 -0.00578913 -0.0193329 0.0493296 0.0137892 -0.00273321 -0.00960507 -0.000971627 -0.000137384 0.00355687 -0.0109644 -0.0191519 -0.0040549 -0.0536308 -0.000426764 -0.0245608 -0.0108218 -0.0198249 0.00856975 0.0149797 -0.000796326 -0.034008 0.0664926 -0.0145283 -0.00197106 0.00444296 -0.00330886 0.0255692 -0.0103317 -0.00253917 0.000762091 -0.0335796 -0.0262978 0.0177547 -0.00028613 0.0308321 0.00872529 -0.00133871 0.0532179 -0.00158936 -0.00442774 0.023783 -0.00791137 0.00125546 -0.0150003 -0.00582749 0.027836 -0.00788163 0.0485099 -0.0142039 0.00638949 -0.0594006 -0.000257696 0.0527965 -0.00262658 -0.00231249 
0.000220492 -0.00165596 0.00137588 0.000291697 0.00120069 0.000307682 0.000108455 0.000971156 -0.00271929 -0.00826502 -0.0014006 -7.70594e-05 -0.000738379 -0.0103309 -0.00425704 0.00264205 0.000283847 -0.00126798 0.00110952 -0.0027275 -5.57122e-05 -0.00354826 0.0249723 0.0010658 0.000845223 -0.00452225 0.00260897 0.00145186 -0.000895755 0.00145893 -0.00110606 -0.000503286 -0.00125454 0.00153041 -6.82671e-05 -0.000590937 -0.00336801 6.4134e-05 -0.000460748 -0.000175398 -0.000919084 -7.93611e-05 0.00221365 -9.85593e-06 -0.000269032 0.000862314 0.000435328 -0.00266561 -0.00079193 0.000708567 0.000317573 -0.00302302 -5.2302e-06 -0.000837937 -7.01091e-05 0.000647026 0.000237171 -0.00147746 4.3977e-05 0.000360314 -0.000214084 0.00033172 0.000844607 0.00700739 6.64935e-05 -0.00205282 0.0009531 0.00184938 -1.98955e-05 0.00149629 0.0003594 0.0043418 -0.00243517 -0.000137398 -0.000126381 -0.00182402 -0.00401538 0.00341157 0.000206407 -0.000620545 0.000349149 0.000487009 0.00408779 -4.94956e-05 -0.00110001 0.00705299 -0.00856368 8.818e-05 0.000692196 -0.000699565 0.000770578 -0.000490849 0.00113 -2.97362e-05 2.01517e-05 0.000768764 0.000194341 -0.00261988 0.000308703 -1.65385e-05 
-0.0033053 -0.0033 -0.00568418 0.0035968 0.113132 0.000537672 0.00105436 -0.0430309 -0.0371519 -0.0581578 -0.0478205 -0.000674778 -0.000707263 -0.1027 0.0726492 0.105624 -0.00591825 0.00417432 0.0151211 -0.0397788 0.0572661 -0.0703321 0.0010658 0.17622 0.0644505 -0.065444 0.0101872 0.0304036 -0.00417478 -0.0680572 -0.0197898 -0.000264723 -0.000797966 0.0233146 0.00238576 0.0266458 -0.103052 0.00558449 0.022585 0.00398747 -0.00713449 -0.0130072 -0.0090206 0.00181016 -0.00449275 0.00988125 -0.059219 -0.0278857 -0.0258099 0.0018022 0.00701236 0.0322167 -0.000132155 -0.0122161 0.0134823 0.015196 0.0036021 0.0712229 0.0006686 0.0352605 0.00757943 0.0197219 0.0010496 0.065894 -0.000969845 0.0578617 -0.0257469 0.00899324 0.000859308 -0.00217353 0.00447087 0.0156751 0.0122853 -0.00135167 -0.000128635 0.00172827 -0.0376248 0.0118953 -0.00144342 -0.0143647 -0.00484038 -0.000144669 -0.091447 0.00104537 -0.0173042 -0.00207948 -0.0590312 0.00388921 -0.00384906 -0.00878996 -0.0145695 -0.00288809 -0.0173148 0.0149046 -0.00763202 0.0412097 3.90634e-05 -0.0527226 0.00175859 0.0024761 
-0.00259034 -0.00902312 -0.00271905 0.00299777 0.053219 0.00080023 0.000463721 -0.0174081 -0.0158257 -0.0130229 0.0168133 -0.00126387 -0.00430827 -0.0595182 0.0493778 0.0848992 -0.0150371 0.012912 0.0144499 -0.0115693 0.0159093 -0.085208 0.000845223 0.0644505 0.16067 -0.0203875 -0.000148657 0.0417556 -0.00236938 -0.0916082 0.00244253 -0.00322054 0.00302088 0.0108517 0.000345236 0.0260414 -0.0708037 0.015575 0.0212093 0.00414951 -0.0100779 -0.0125203 -0.0109551 -6.4965e-05 -0.0068148 0.000438438 -0.0273277 -0.0252546 -0.0190116 0.00142409 0.0137045 -0.00180512 -0.000116736 -0.000949269 0.00920167 0.016519 0.00456914 0.0410452 0.000229543 0.0302331 0.00443435 0.0165534 -0.00625574 0.00709188 -0.000625426 0.031043 -0.0400215 0.0180537 0.00199141 -0.00520686 -0.00040688 -0.00612004 -0.00237126 -0.000542463 -0.00055256 -0.0166708 0.0107245 -0.0145054 -0.00221534 -0.0380079 -0.00707283 -0.000171301 -0.0518123 0.0024708 -0.0158615 -0.0369893 -0.0270978 -0.00109223 0.016011 -0.00388051 -0.021173 0.000527212 -0.0241983 0.0234509 -0.0040142 0.0564601 0.000830366 -0.0501287 0.00490456 0.00281332 
-0.00483107 -0.0129068 -0.00500182 1.10472e-05 -0.0753318 -0.00229415 -0.000768441 0.0492784 0.050573 0.0512024 0.0380008 -0.00140623 0.000258245 0.0850331 -0.00681067 -0.0515469 -0.00586237 -0.0135702 -0.0152356 -0.036584 -0.0107263 0.0437201 -0.00452225 -0.065444 -0.0203875 0.249703 -0.013371 -0.0232135 0.00573952 -0.0140753 0.0262615 0.00479595 -0.00949676 -0.0537192 -0.00160735 -0.019643 0.0311523 0.00492078 -0.018465 -0.003803 0.023104 0.0150017 -0.0164305 -0.00123947 -0.00920658 -0.0154751 -0.019148 0.0676215 -0.0245217 -0.00166097 0.00201315 -0.0371978 -0.000458271 0.00282461 -0.00819969 -0.0125753 -0.00441264 -0.051721 -0.000818801 -0.0208044 -0.0105508 -0.0062268 -0.00551642 -0.043844 -0.0011643 -0.0487833 0.0528322 -0.00783075 0.00110652 -0.00686051 -0.00282763 -0.0411734 -0.0355359 -0.00399315 0.00031309 -0.0125581 0.0450275 -0.00824171 -0.00390223 -0.0210662 0.007725 0.000343711 0.0287306 -0.000271057 -0.0152982 -0.0534892 0.0361695 -0.00682607 0.00520521 0.00888747 0.0314462 0.00390748 0.00170247 -0.00668796 0.00634307 -0.013551 -7.57952e-05 0.0924321 -0.0022648 -0.000354189 
0.000256412 -0.00407934 0.00675309 -0.000408085 0.0308145 0.00126521 0.000142679 -0.0103256 -0.00991533 -0.0279605 -0.0119331 -0.00031854 -0.00584996 -0.0291369 0.0124507 0.0102936 -0.00151653 -0.00130025 0.00330358 -0.00842352 0.00694449 -0.00586303 0.00260897 0.0101872 -0.000148657 -0.013371 0.0693356 -0.00441584 -0.000691283 0.000749412 -0.0063915 -0.0006327 -0.00427323 -0.00295718 0.00175382 -0.00323476 -0.0112747 0.0021529 -0.000805423 0.000380359 -0.00454494 -0.00373137 0.00678547 0.000203394 -0.0020046 -0.000175322 -0.00490254 -0.0105525 -0.00178375 -0.000100972 0.00272296 -0.00565162 0.000218253 -0.00257756 0.00155348 0.00051711 -0.000139153 0.0137534 1.64627e-05 0.00613211 0.00187373 0.00938622 0.00452924 0.0204295 0.000229081 0.00337287 -0.00610657 0.000545472 0.000834525 0.000975735 -0.00125094 0.0217997 -0.00225256 0.0083751 7.29468e-05 -0.00739546 -0.0176139 -0.00300298 0.0012349 0.00804362 -0.00116568 3.02414e-05 -0.0208081 0.000273651 0.00775358 0.0272572 -0.0233144 -0.000887341 -0.00323165 0.00556395 -0.00490101 -0.00142831 -0.00180316 -0.00014267 -0.00141482 0.00141619 -4.77184e-05 -0.01739 6.05447e-05 0.000195308 
0.00128401 -0.00443113 -0.00152735 0.00396972 0.0205953 0.000322201 -0.000198521 -0.0124452 -0.0172397 -0.00988708 0.00256411 3.62812e-05 -0.003188 -0.0436359 0.0131611 0.0383655 -0.00980701 0.00558971 -0.00268458 0.00728065 0.0120671 -0.0430199 0.00145186 0.0304036 0.0417556 -0.0232135 -0.00441584 0.0969676 -0.00152798 -0.0353776 -0.000775527 -0.00193792 0.00822886 0.0431386 0.000806752 0.00887322 -0.0417474 0.00347226 -0.00348129 0.00359014 -0.00902321 -0.00528058 -0.00533209 0.00101503 -0.00133565 0.00438599 -0.00825784 -0.0190365 -0.0124802 -0.00011546 0.00243922 0.00362368 3.50347e-05 -0.00470343 0.00132707 0.0125866 -0.00111442 0.0220041 0.000484273 0.00277859 -0.00127167 0.000681255 -0.0029654 0.00869672 9.61579e-05 -0.00103797 -0.0165281 0.00793128 -4.66111e-05 -0.00229458 0.00442806 -0.012411 -0.00459604 -0.00176557 -0.000354182 -0.00409817 0.00775676 -0.00216517 -0.00123555 -0.0183995 -0.00482512 -0.000546567 -0.0196393 0.000249844 -0.00898194 -0.0269479 -0.0165073 -0.00197107 0.0136117 -0.00443654 -0.0115969 0.000186955 -0.00564538 0.0131859 -0.0020754 0.0630072 0.00078984 -0.0168744 0.000107635 0.00110513 
0.000107532 0.00751054 -0.000814117 -0.000523266 -0.00532199 4.60924e-05 -2.79502e-05 -0.00538584 0.000930626 -0.00436818 0.000335191 -3.50716e-05 0.00369629 0.00435997 0.00873064 -0.00422354 0.00366521 -0.0188298 -0.000972321 -0.00329665 0.00792069 -0.00494279 -0.000895755 -0.00417478 -0.00236938 0.00573952 -0.000691283 -0.00152798 0.0450826 -0.0125202 0.0136851 0.00538163 -0.000764763 -0.00557391 0.000426875 -0.00197819 0.00787761 0.00118884 -0.00200817 -0.000147724 -0.000964258 -0.000630475 -0.00112981 -8.75e-05 -0.000231606 0.000709487 0.00166974 0.0065221 -0.00253351 0.000739784 0.000142676 0.0010742 0.000136333 -0.000735547 -0.000335621 -0.000656214 0.00026986 -0.00172706 -2.12604e-05 -0.000775119 0.00485988 0.000481483 -0.000986119 -0.00787345 0.000460201 -0.00420233 0.00546358 -0.00150247 0.000744644 0.000631066 -0.000626287 -0.00858684 -0.0048237 0.00156411 -0.000248773 -0.00278719 -0.00294687 -0.00462144 0.000723637 0.000145045 -8.06808e-05 0.000289719 -0.000915433 0.00033282 -0.00317682 -0.00941772 0.00515711 0.00223153 -0.00265138 0.00545563 -0.000464345 -0.000545711 -0.00820662 -0.00141076 -0.000770901 -0.00111574 -0.000163859 0.00316306 -0.000326853 2.11924e-05 
0.00585845 -0.0302213 0.00843653 -0.00280202 -0.0577014 -0.00137047 -0.000284946 0.00979163 0.00123116 -0.0260384 -0.0342844 0.00108124 -0.0257732 0.0222505 -0.0704849 -0.0776583 0.0129152 0.000316253 -0.0116093 -0.0183507 -0.0208801 0.123422 0.00145893 -0.0680572 -0.0916082 -0.0140753 0.000749412 -0.0353776 -0.0125202 0.249916 -0.037187 0.000408508 -0.0207098 -0.00511856 -0.00137476 -0.0255483 0.0544524 -0.0111984 -0.0135186 -0.00348312 0.0260966 0.00504478 0.0120266 -0.00189487 0.00524994 -0.0019727 0.0134987 0.0369908 0.0242263 -0.0024787 -0.00913277 -0.00906587 6.78456e-05 -0.010906 -0.0101228 -0.0158099 -0.00386994 -0.0334162 -0.000276159 -0.0250827 -0.0138028 -0.0213691 0.0052026 0.0120279 -1.1086e-05 -0.0282625 0.0625533 -0.0123635 -0.00271741 0.00670169 -0.000380754 0.0277263 0.0064687 0.00129141 0.00129044 -0.011849 -0.062955 0.0360098 0.00213677 0.0475106 0.00879645 -0.000742767 0.0784959 -0.00174991 0.0295101 0.0577403 -0.0412564 0.00158161 -0.00334992 -0.0132558 0.0366484 -0.00726601 0.0533413 -0.0186479 0.00651746 -0.0569011 -8.70533e-05 0.0466895 -0.00341067 -0.00208651 
-0.00158491 0.00513844 -0.00194858 -0.00107684 -0.0170477 -0.00020008 -0.000250663 0.00747546 0.0152493 0.0240949 0.0298693 -9.09429e-05 0.0141224 0.0225278 -0.00997138 -0.0153481 -0.00688593 -0.00946736 -0.00329446 0.0310251 -0.0205634 -0.0156099 -0.00110606 -0.0197898 0.00244253 0.0262615 -0.0063915 -0.000775527 0.0136851 -0.037187 0.0928828 0.00219328 0.00605451 -0.0106504 -0.000388549 0.00101688 0.02208 -0.000692135 -0.0051033 -0.000187863 -0.00970351 -1.47411e-05 -0.00218449 -0.000494597 -0.00143654 -0.00295649 0.0247559 -0.0138122 -0.00515179 0.000704509 -0.00106036 -0.00311385 2.66837e-05 -0.000228883 -0.00204332 -0.0012527 -0.000380299 -0.0136803 -0.000175417 -0.00494264 0.00724932 -0.00334169 -0.0037012 -0.0336401 0.00102587 -0.00804034 -0.0166982 -0.00241526 -1.9897e-07 -0.000304532 -0.00165813 -0.0241297 -0.00747812 -0.000414065 -5.84279e-05 0.000106241 0.0388089 -0.0142552 -0.000227563 -0.00509915 -0.00419605 -0.000276409 -0.0128621 6.2304e-05 -0.00920982 -0.0276437 0.0465445 0.00313501 -0.00524677 0.0134683 -0.0104746 0.00169769 -0.0140283 -0.00312264 2.14575e-05 -1.96661e-05 -6.17211e-05 0.00387324 -0.000458826 -0.000292242 
0.000192305 -0.00156571 -0.000480574 -0.00017499 -0.0021957 0.000181302 0.000233051 -0.000674749 0.00383332 -0.0137383 -0.00771684 -8.07205e-05 -0.00122561 0.00335852 0.0014947 -0.00153054 0.0115848 -0.0218025 -0.000401681 -0.013001 0.0124951 0.00689079 -0.000503286 -0.000264723 -0.00322054 0.00479595 -0.0006327 -0.00193792 0.00538163 0.000408508 0.00219328 0.032278 -0.0021197 -0.00749107 0.000633321 -0.00131133 6.61877e-05 7.44315e-05 0.00217848 -7.83295e-05 0.00840455 0.00219235 -0.00201347 0.000169778 0.0013233 0.000792129 -0.00986816 0.0122683 -0.00373358 9.55941e-05 0.000594509 -0.00178346 3.77777e-06 -0.00137322 -0.000260259 5.32225e-05 3.01728e-05 -0.000198132 3.54724e-05 -0.000515957 -0.0013791 0.000654094 -0.000683566 0.00212082 -0.000115429 -0.00211578 0.0132287 0.000216189 -2.18718e-05 0.000652187 0.00108628 -0.00200538 -0.00312052 0.000193073 -5.05099e-05 -0.0026907 -0.00503299 -0.0023062 0.000239726 0.000219212 0.00319729 0.000150163 -0.00154106 -1.82605e-05 -0.00277197 -0.00836833 -0.00176101 -6.28522e-05 -0.00364098 -0.00165084 -0.000458597 -0.000623973 -0.0045012 -0.000557501 0.000216223 -0.00230429 -6.99065e-05 0.0130253 0.000199236 0.000112388 
-0.00117358 0.00646312 -0.00205819 -0.000495916 -0.00310064 -0.000191514 -0.000120275 -0.00702222 -0.00186376 0.0143459 0.0103357 -0.000332927 0.00926628 0.000299026 0.00425204 -0.0014012 -0.00716698 0.000887045 -0.00210485 0.0133739 -0.0141819 -0.026749 -0.00125454 -0.000797966 0.00302088 -0.00949676 -0.00427323 0.00822886 -0.000764763 -0.0207098 0.00605451 -0.0021197 0.065402 0.00461564 -0.000298706 0.00237199 0.00145548 0.000132855 -0.00217507 8.40123e-05 -0.00627217 -0.00247132 0.000396116 -0.000378042 0.00140638 -0.00219524 0.0227629 -0.00945641 0.000482068 -0.000254845 -0.00113738 0.00383854 0.000104125 -0.000167111 -0.000471744 0.00107003 -0.000528992 -0.00585937 -4.52123e-05 -0.00328932 0.00649761 -0.000153729 -0.00161733 -0.0143823 0.000295301 0.00183805 -0.0158115 -0.000258416 -7.38822e-05 -0.000908261 -0.00121818 -0.0114894 0.00186309 -0.000950465 -0.000161001 0.0165098 0.027203 -0.0106921 -0.000779437 -0.0120301 -0.00288176 -0.000113443 -0.00782871 -0.000248905 0.00332829 -0.0173628 0.0258681 0.000414748 -0.00385938 8.892e-05 -0.00820894 -0.00149723 -0.00481709 -0.000646697 -0.00187592 0.00861413 4.8608e-05 -0.0111618 -0.000206894 0.000397275 
0.00257707 0.00403603 -0.00527806 0.00336888 0.00954688 -0.000490754 -0.000492198 -0.0340969 -0.0526897 -0.00378595 -0.0117316 0.000114496 -0.0177277 -0.052826 0.0215841 0.0336813 -0.0104147 0.00977518 -0.00780143 0.00458233 0.0183633 -0.0248392 0.00153041 0.0233146 0.0108517 -0.0537192 -0.00295718 0.0431386 -0.00557391 -0.00511856 -0.0106504 -0.00749107 0.00461564 0.237579 0.000803563 0.00244848 -0.0216593 -0.00634923 -0.0114838 0.00106797 -0.0197424 -0.00813951 0.0102684 0.00113415 -0.00554682 0.0170407 0.0199139 -0.0401128 0.0173916 -0.0014869 -0.00320514 0.0126244 4.7948e-05 -0.000790677 -0.0013258 -0.00167899 -0.00410709 0.034928 0.000460487 -0.00260981 -0.0143862 0.00225647 0.00387556 0.0103248 0.000552508 -0.00606541 -0.0115639 0.00337384 -0.000708805 -0.00466734 0.00567968 -0.0155018 -0.0155701 -0.00572852 -0.000585681 0.0102749 -0.0128651 0.024278 -0.00276299 -0.0262545 -0.00921546 -5.06222e-05 0.017917 -0.00136373 -0.0132794 0.0401625 -0.0372803 -0.00449706 0.00489598 -0.010751 -0.0172146 -0.00359933 -0.024518 -0.00256931 -0.00967462 0.0452421 -0.000468259 -0.0260323 -0.00176732 -0.000758017 
