0.0702416 -0.00324856 -0.00176135 0.000291291 -0.00615025 -0.000492988 0.000213261 0.0183251 -0.0211113 -0.0217704 0.00654413 -0.0107754 -0.012361 0.0127819 0.0130355 -0.00723154 -0.0130738 0.00210499 0.0276771 -0.00959808 -0.0167725 0.00501984 -0.0145517 0.0103531 -0.0181221 0.00548069 -0.0045161 -0.0175689 0.00318708 -0.00498614 0.00533585 -0.0111177 -0.00102931 -0.0184585 -0.00307542 0.0136033 -0.0144184 -0.000174447 0.00133655 -0.000688914 0.00328792 0.00999159 0.0091833 -0.00339047 0.000602632 -0.00155127 -0.000643228 0.00311592 0.0047119 -0.00112366 0.00222349 0.000795254 -0.00720525 -0.0171392 0.0012999 0.00169909 0.0109519 9.26997e-05 -0.000760526 0.00220932 -0.0164194 0.0172359 -0.0078491 0.00107805 -8.0709e-05 0.00628466 -0.00166187 4.71839e-05 -0.00118381 0.000325573 0.00273303 -0.00374012 0.00163265 -0.00317961 -0.0200801 0.00311461 0.0150821 0.00411407 -0.000117774 0.00336969 0.00332131 -0.00161198 0.000935171 -0.00513591 0.00601173 0.00235123 -0.000647531 0.00494905 0.00385283 -2.15748e-05 -6.86226e-05 -0.000273302 0.00843345 0.00883888 -0.00412162 0.000681003 -0.0077352 0.00218892 -0.0035632 8.26216e-05 
-0.00324856 0.077989 -0.0011958 -0.000184967 0.00233701 -0.000109147 -9.29068e-05 -0.0107742 -0.00685433 -0.00595615 -0.00190471 0.00413435 -0.00197474 -0.00172743 -0.0100744 0.00539045 0.00912992 0.00259676 -0.00439774 -0.0083775 -0.0038911 -0.00108128 0.000951035 -0.0018541 -0.0113359 -0.00228976 -0.00417414 0.00394265 -0.00272729 -0.00438917 -0.00150345 0.00401689 0.000953994 0.00510212 -0.0022753 -0.00704977 0.0116188 0.00641504 -0.00067089 -0.000369605 -0.00117365 -0.00143859 -0.00147534 -0.000983747 -4.28349e-05 -0.00155214 -0.00182577 -0.00394196 -0.00181635 -0.000156781 -0.00127 0.00637254 0.0111443 -0.00177034 -0.000452473 0.000335197 -0.00186189 2.46271e-05 -0.00226745 -0.000199058 -0.00356539 -0.0119779 0.00477803 -7.45906e-06 -0.00017655 -0.00163849 -0.000365117 -0.000150158 -0.000789483 -2.17903e-05 -0.000637006 0.000232722 -0.00115064 -0.00220776 0.0136799 -0.000532139 -0.000521679 -0.000129207 0.000130601 -0.000723053 0.000196937 -0.00126626 0.000842737 -0.00240021 0.0041084 -0.00285858 -0.000284098 0.00993425 -0.00107081 0.000104761 -1.80528e-05 -0.0062442 -0.00266539 -0.000580692 -0.00899544 -0.000964149 -0.00648537 -0.00210565 -0.00276391 -0.000453544 
-0.00176135 -0.0011958 0.0574004 -7.47909e-05 -0.00237968 0.0021564 0.000199855 -0.00389176 0.017718 -0.00246828 -0.00145395 -0.00717153 -0.00861761 0.00155448 0.0176751 0.00258421 -0.0175303 0.00151727 -0.00305516 0.0175636 -0.0320495 -0.000829105 0.00105507 -0.00153003 -0.00347307 0.0028385 0.0024015 -0.00652322 0.00489772 0.000156118 0.00168591 -0.0082759 -0.00146624 0.0113568 0.0010971 -0.00281398 -0.0135627 0.000130302 -3.12705e-05 0.000267085 -0.000238499 -0.000831032 -0.000917111 -0.00190804 -0.000537576 0.0056466 0.00151212 -0.00490546 -0.000784034 0.000749864 0.00430827 -0.00357049 -0.017232 -0.0130232 -0.000264958 0.000358361 -0.000556146 -0.00014892 0.000651958 -0.000616699 -0.0219903 0.00338733 0.000973025 -0.0001201 -9.71578e-05 -0.00173715 0.00118546 -9.36519e-05 0.000126416 0.000100185 0.000409149 -0.00534271 0.00371951 -0.00305122 -0.0186132 -0.000510709 0.00679704 0.00176375 0.000227297 -6.06661e-05 -0.000262349 -0.000924293 0.000876192 -0.00253139 -0.00582378 0.000788068 0.00238789 0.00871576 -0.00233745 0.000885683 -0.000128055 0.0115243 0.0123892 0.000690712 0.00571342 -0.000336843 0.0141394 -0.00181432 -0.00255738 -0.000260255 
0.000291291 -0.000184967 -7.47909e-05 0.014387 -0.000143021 6.03391e-05 0.000124586 0.00139691 0.000967868 -0.000675949 0.000466071 -0.00658372 -0.00322903 0.00193489 -0.00113154 0.000956041 -0.00119655 0.00109456 0.000615307 0.00866381 -0.00639676 0.000153853 -0.00102504 0.00200286 -0.00439769 -0.000408535 0.00226631 -0.00711789 0.000906878 0.00351693 -0.000188799 -0.00811525 -0.000146499 -0.00538053 -0.000610464 -0.0005558 -0.00268945 -0.000117529 0.00011699 0.000326039 -0.000141701 0.00322602 -9.94923e-06 0.00621053 -0.000256742 0.000843364 0.00559691 -0.000751261 2.5345e-06 -0.000261304 8.11831e-05 -0.0033391 -0.0033785 -0.00291437 0.000471699 8.43317e-06 0.000814011 0.00017537 0.003355 0.000486838 -0.00311451 7.34196e-05 0.00158833 -3.3729e-05 -0.000106975 -0.000340647 0.00302236 1.99699e-05 0.00184309 4.90332e-05 -0.000197771 -0.000538233 0.000591242 -0.000694699 -0.00346687 0.00115771 0.000564557 9.26755e-05 0.000347955 0.000300665 0.00493478 -0.000253289 0.000312082 0.000566353 -0.000140874 0.000134809 -0.000695844 0.00339182 -0.000269391 -0.00015473 -5.50752e-05 -0.001442 -0.00534951 -0.00302345 -0.00187023 -0.000158474 0.00115946 0.000235075 0.00111349 0.000309681 
-0.00615025 0.00233701 -0.00237968 -0.000143021 0.0818318 -7.49098e-05 -2.66117e-06 -0.0161563 0.00710236 0.01779 -0.00237047 0.0143643 0.00842931 -0.00291043 -0.00691386 0.032833 0.00269353 -0.00497824 -0.00191142 0.00759387 -0.00299524 -0.000352785 -0.00285039 -0.00129826 0.00556477 -0.00168106 -0.00270488 0.00177249 0.00124282 0.00565833 -0.000488334 -0.00932019 0.00119096 -0.000557945 -0.00235842 -0.00747136 -0.00255193 0.000137251 -0.000548022 0.00202225 -0.00127451 -0.00119276 -0.00158068 0.00127314 -0.000718555 -0.00018477 0.00363758 -0.00885125 -0.00164821 -0.00119919 -0.000604781 -0.00698858 -0.0262753 0.00281632 -0.000346941 -0.000289992 0.000524983 0.000371805 -0.000765065 -0.000883071 0.00748849 -0.0176519 0.0112069 -8.61194e-05 -0.000152025 -0.00303315 0.000428834 -4.78631e-05 0.000229657 -5.59104e-05 -0.00108484 -0.0100747 0.000455963 -0.00237926 -0.00472678 0.000207711 -0.00606844 -0.00185892 7.1065e-05 2.74502e-05 -0.00158286 -0.000726575 -0.000431335 0.00290213 -0.0188112 -0.00341141 0.00835531 0.00329162 -0.00169912 -0.000705152 0.00220245 -0.00273957 0.00141328 -0.0242192 0.00265252 -0.00168875 -0.00475073 -0.00130258 -0.000425287 -0.000433932 
-0.000492988 -0.000109147 0.0021564 6.03391e-05 -7.49098e-05 0.00933039 -6.8244e-06 -0.000923341 0.00307622 -0.00106624 0.000229065 -0.00330922 -0.000211161 0.000428708 0.00225102 -0.00104911 -0.00106223 0.000431539 -7.32838e-05 0.00222971 -0.00368539 0.000475125 -3.31541e-05 0.00026105 -0.00247894 0.000547646 0.00193252 -0.00245076 0.00103047 -0.000129958 0.00021619 -0.00260712 0.000170435 0.00042758 2.3772e-05 -0.000685104 -0.00132043 -0.000196761 -7.28135e-06 9.87047e-05 -2.57471e-05 6.14223e-05 -0.00010137 0.000239146 -0.000119032 0.00192185 0.00132217 -9.63579e-05 -7.23414e-05 0.00136467 0.000544298 0.000432526 -0.0023775 -0.000397382 0.000150178 5.2093e-06 0.000228384 6.01312e-05 0.000263773 -3.99001e-05 -0.00321221 -0.000924766 -0.000580692 7.05429e-06 -3.88963e-05 -0.000170085 0.000379981 -1.22432e-05 -9.44383e-05 6.64402e-05 0.000205425 -0.000933145 0.000508345 -0.000259054 -0.00131275 -6.21881e-06 8.40619e-05 0.000175973 0.000138643 8.52432e-06 0.000391428 -7.32717e-05 0.000330183 -8.6384e-05 -0.00149499 0.000720938 -0.000560494 -0.000977918 7.40818e-05 8.23182e-05 -9.20913e-05 -0.000153601 0.000110193 -0.00179092 0.00114727 9.99382e-05 0.000957304 -6.15787e-05 0.00062744 -4.7468e-05 
0.000213261 -9.29068e-05 0.000199855 0.000124586 -2.66117e-06 -6.8244e-06 0.00195894 -5.47035e-05 3.15569e-05 -0.000115572 9.83148e-06 -0.000140599 0.000143225 1.34334e-05 8.61254e-05 0.000177824 -0.000297615 -5.8699e-05 0.000306834 0.000629459 -0.00102681 2.0177e-06 -0.000188377 4.65063e-05 -0.000388183 0.000192643 -7.63245e-05 -0.000772702 0.000284785 0.000156189 0.000118432 -0.000470161 -2.15724e-05 -0.000102188 -8.34049e-05 -3.76146e-05 -0.000328513 8.06695e-05 -1.4402e-05 -1.015e-06 -1.59695e-05 0.000132031 -3.47629e-06 0.000117797 4.41911e-05 -4.98513e-05 0.000262791 0.000454021 -1.677e-05 -2.35229e-05 3.58871e-05 8.68195e-05 -0.000475504 -0.000854111 1.19557e-05 4.89935e-05 0.000180999 1.16369e-05 0.000101481 3.42858e-05 -0.00041873 -0.000147645 -4.04642e-05 8.38203e-06 3.08643e-06 3.39264e-05 4.56982e-05 2.92314e-06 8.66525e-05 2.93052e-07 1.69884e-05 -0.000172211 0.000540326 -3.07018e-05 -0.000386314 3.63118e-05 1.03724e-05 3.90694e-05 2.88946e-05 7.81228e-05 3.07258e-05 -1.74962e-05 3.31612e-05 3.97012e-05 -0.000587103 -0.000109003 0.000293425 0.00040627 -3.42418e-05 1.33973e-05 7.42609e-05 -6.0654e-05 -1.46073e-05 -0.000431673 -6.09225e-05 4.11057e-05 0.0001225 -7.44905e-05 2.64517e-05 -4.7988e-06 
0.0183251 -0.0107742 -0.00389176 0.00139691 -0.0161563 -0.000923341 -5.47035e-05 0.160417 -0.0253836 -0.0306839 -0.000522358 -0.0524128 -0.0370163 0.0151577 0.0158803 -0.0234215 -0.00926295 -0.00228331 0.00580381 0.00948201 0.00387589 -0.000976865 -0.00174739 0.00258153 -0.0223685 -0.00467187 0.000673822 -0.0119774 -0.00496152 -0.0137822 0.00142588 0.00937979 -0.0033219 -0.0421612 -0.00698015 0.029924 -0.00233703 -0.00350038 0.00168905 0.000259213 -0.00200596 0.000741573 0.00334383 -0.00139984 -0.00180633 -0.00162152 -0.0094603 -0.00130496 -0.000589607 -0.000336624 -2.44482e-05 -0.0141494 0.0249952 0.0222826 0.00102926 -3.41122e-05 -0.00030135 -2.93371e-05 -0.00444259 0.00272732 -0.0119196 0.054952 -0.0129839 -4.00493e-05 -0.00146647 0.00216993 -0.00049408 -0.000325752 -0.0022283 -3.18134e-05 -0.00157887 0.0326172 -0.00269836 0.00515574 -0.0297536 0.000291575 -0.00189906 -0.000528452 -0.000593874 -0.000648094 0.00313758 0.0012223 -0.00201021 1.22e-05 0.0206514 0.0216805 -0.0189119 -0.0168674 0.00733478 -0.00167379 -0.00265029 -0.0126613 -0.00802447 0.0150795 0.00167459 0.0047493 -0.0173764 0.00479402 0.00627235 0.0032589 
-0.0211113 -0.00685433 0.017718 0.000967868 0.00710236 0.00307622 3.15569e-05 -0.0253836 0.24771 0.0219159 -0.00938929 -0.00478946 0.0119976 0.0129091 0.0080525 -0.0187471 -0.0540076 -0.0036683 -0.0154772 0.046565 -0.0925308 -0.00260892 0.0106491 -0.0057991 0.0209289 0.00693931 0.00858784 -0.0290073 0.0145731 0.0235848 -0.00157759 -0.0151406 -0.00366314 0.016535 0.00183928 -0.0171147 -0.0412919 -0.00585218 -0.00175443 0.00169817 -0.00293185 -0.00484695 -0.00789574 -0.00296946 -0.00464038 0.0171239 0.0205755 0.00676021 -0.00354358 0.00171439 0.00148468 -0.00744855 -0.0428288 -0.0436326 -0.00235364 -0.00135959 -0.00538748 -8.16263e-05 0.0082087 -0.00364352 -0.0423243 -0.0211503 -0.00770967 -0.000841033 -0.0003692 -0.00831479 0.0056684 -0.000428604 -0.00576641 -0.000146283 0.000337351 -0.0268716 -0.000882346 -0.0145585 -0.0120513 0.00030907 0.00726257 0.000212793 0.00110658 -0.0017576 -0.00386436 0.00113509 0.000776046 0.000238804 -0.0112376 0.00214183 0.0128188 0.0476729 -0.00899066 0.000628301 -0.00577477 0.0146765 0.026158 -0.0329822 0.0173011 -0.00399183 0.0346709 -0.00111843 0.0096738 -0.00157304 
-0.0217704 -0.00595615 -0.00246828 -0.000675949 0.01779 -0.00106624 -0.000115572 -0.0306839 0.0219159 0.222177 -0.00797938 0.0383543 0.0193234 -0.00523072 -0.0160296 0.0438204 0.00292949 0.0127886 -0.0257862 -0.00595588 0.0309511 -0.00503081 0.00450878 -0.0081393 0.0164704 -0.0114041 0.0217671 0.0152213 -0.010931 0.0126906 -0.0056841 -0.00026573 -0.00283533 0.00579673 0.0120385 -0.00795082 0.00853248 -0.000685759 -0.00089628 0.00290939 -0.00346361 -0.00472234 -0.00436691 -0.00254607 -0.00118741 -0.00668492 -0.00672958 -0.0031571 0.00377479 0.004328 -0.000755741 -0.0409073 -0.0727149 0.0419591 -0.000358494 -0.00128652 -0.00800527 -0.000174151 -0.00585344 -0.00248651 0.0824626 -0.0604843 0.0345539 -0.000546218 1.01052e-05 -0.00667597 0.00125544 -0.000256852 0.00614804 -0.000160419 -0.00599069 -0.0270234 -0.00693966 -0.0122523 0.0220399 -0.00280798 -0.0253774 -0.00654352 -0.000829845 -0.00256243 -0.00447926 0.00629115 -0.00314734 0.0309372 -0.0407149 -0.0147645 0.0149008 -0.047663 -0.00583195 -0.000685571 0.0054264 -0.0112907 -0.0477069 -0.0666724 -0.0144144 -0.00132593 0.0056171 -0.00636374 -0.00183869 -0.00139821 
0.00654413 -0.00190471 -0.00145395 0.000466071 -0.00237047 0.000229065 9.83148e-06 -0.000522358 -0.00938929 -0.00797938 0.0331574 -0.00604509 -0.00774867 0.00391992 0.00269163 -0.000267905 -0.00325752 0.00299604 0.00761146 -0.00352271 -0.00303345 0.000374028 -0.00699079 0.00449872 0.000856942 7.1739e-06 -0.000917991 -0.00425801 -0.000436245 -0.0020128 0.000721462 -0.00484087 -0.000505897 -0.00233818 -0.00110584 0.00871611 -0.00417284 0.00109215 0.000598829 -0.000307094 0.00235615 0.00489575 0.00423301 0.00261064 -0.000337312 -0.00133169 -0.000141772 -0.00130363 0.00277531 -0.00082263 -0.00015456 -0.00463075 0.000597531 -0.00402126 0.00127345 0.00128342 0.00563507 0.000178259 -0.000864321 0.00143407 -0.00203297 0.00115085 -0.00271578 0.000236717 0.000198744 -0.000346597 -0.000503098 -7.95047e-05 0.000299114 0.000162182 0.000534444 0.00192447 -7.58845e-05 -0.00120303 -0.00810774 0.000391763 0.00221117 0.000854486 -1.43241e-05 0.000547515 0.00106761 -0.000692414 -0.000283927 -0.000535854 -0.00332404 0.001694 -0.00261219 -0.00178947 0.00295126 -4.02668e-05 0.000288168 -0.001885 -0.00638183 0.00758576 -0.000808966 0.00234697 -0.00278219 0.000206381 -0.00124202 3.18043e-05 
-0.0107754 0.00413435 -0.00717153 -0.00658372 0.0143643 -0.00330922 -0.000140599 -0.0524128 -0.00478946 0.0383543 -0.00604509 0.246732 0.0388736 -0.0457175 -0.0203667 0.0310351 -0.0465571 -0.000339418 -0.0175226 -0.0424192 0.0475825 -0.00478949 0.0118497 -0.013397 0.0395708 -0.00266524 -0.0122765 0.055857 -0.00548614 -0.0102952 -0.00479605 0.0200696 0.00396424 0.0212476 -0.000117607 -0.0263768 0.00477308 -0.00395371 -0.00439099 -0.00300921 -0.00662473 -0.00909697 -0.0078503 -0.0157854 0.00116264 -0.0116165 -0.0175451 -0.0101865 -0.008092 -0.00349705 -0.00783244 0.032463 -0.0188355 -0.00408752 -0.00302144 -0.00210406 -0.0113279 -0.000668964 -0.0172771 -0.00537895 0.0540305 -0.0349822 0.0101661 -9.08017e-05 -0.000430433 -0.00706738 -0.00946803 0.000452136 -0.00494819 -0.000535546 0.000987309 -0.0242046 -0.00514135 0.0112301 0.0467644 -0.00485592 -0.0269685 -0.00981497 -0.00147042 -0.00237995 -0.00710867 0.000301945 -0.00468515 0.0132595 0.0191615 -0.0172801 0.0273265 -0.0179133 -0.0201159 -0.00359613 0.00311239 0.0145749 0.0428816 -0.0346185 -0.0408603 -0.00867711 -0.0156817 -0.021755 -0.0119341 -0.00316555 
-0.012361 -0.00197474 -0.00861761 -0.00322903 0.00842931 -0.000211161 0.000143225 -0.0370163 0.0119976 0.0193234 -0.00774867 0.0388736 0.216039 -0.0275517 -0.0204218 0.00550337 0.00983098 -0.00817634 0.0103555 -0.0365022 0.00285567 0.00259326 0.00858878 -0.0093447 0.0135645 0.00585035 -0.0111933 -0.00448832 -0.00376335 -0.00144033 -0.0034838 0.0180983 0.00123217 0.0153589 -0.00276649 -0.023739 -0.016579 0.000327851 -0.0030324 -0.00147706 -0.0023173 -0.00529712 -0.00633922 -0.00400122 0.00346629 -0.0105611 -0.0023521 0.0350383 -0.00627917 0.00388422 -0.00119705 0.0350458 -0.0164283 -0.036137 -0.00130264 -0.000861059 -0.00308152 0.000106167 -0.010959 -0.00233661 0.02905 -0.0369963 -0.0220434 0.000540044 0.00287368 -0.00728744 -0.00392057 -0.000160252 -0.000278669 -0.000181855 0.00237293 -0.017919 -0.000247665 0.0133787 0.0700358 -0.00248884 -0.0123032 -0.00398024 -0.000173649 -0.00148703 -0.00386053 0.00275776 -0.000799893 -0.0118642 -0.0370003 -0.0158154 0.000544471 0.00128102 -0.00833723 0.000620749 -0.00276393 0.0143713 0.0315238 -0.0360533 -0.0286077 -0.00706557 -0.00023245 -0.0107555 -0.00677979 -0.00188428 
0.0127819 -0.00172743 0.00155448 0.00193489 -0.00291043 0.000428708 1.34334e-05 0.0151577 0.0129091 -0.00523072 0.00391992 -0.0457175 -0.0275517 0.132908 0.011764 -0.00299544 0.00647503 0.00798519 0.0113907 0.0300144 -0.038706 -0.00221836 -0.00513638 0.00318049 -0.0444826 -0.00714865 0.0145046 -0.0295402 0.00125405 0.00127893 0.000570384 -0.0154561 -0.00376926 -0.037406 -0.00345382 0.0154695 -0.0146312 0.00257554 0.00044537 0.000427875 -0.000322039 0.00264193 0.000256589 0.0106802 -0.00164971 0.00111027 0.00919701 0.0145689 0.00322853 0.00658939 0.00189108 -0.0311292 -0.00211068 -0.0164959 0.000743468 0.000441611 0.00136673 3.63219e-05 0.00741493 0.00270676 -0.0108139 0.00843736 0.00599886 -0.000349602 -0.000316454 -0.000780152 0.00774507 -0.000171214 0.00325606 0.000216681 -0.00210351 0.0112266 -0.00216042 -0.00471125 -0.0477081 0.00128106 0.022474 0.00448534 0.000212327 -0.000842838 0.00596191 -0.00274343 0.00251081 -0.00385746 -0.0134372 0.00600162 -0.0136725 0.0242652 0.000536901 0.00160244 0.000660801 -0.00674238 -0.0345981 -0.0105555 0.00233589 0.0119532 0.00327084 0.0093887 0.00671757 0.00299604 
0.0130355 -0.0100744 0.0176751 -0.00113154 -0.00691386 0.00225102 8.61254e-05 0.0158803 0.0080525 -0.0160296 0.00269163 -0.0203667 -0.0204218 0.011764 0.138948 0.00578502 -0.0384599 -0.000985536 0.0238072 0.00994263 -0.0472659 0.00609368 -0.0109744 0.00900701 -0.0196423 0.020976 -0.000391554 -0.0158399 0.00974629 -0.00776936 0.0133738 -0.0112448 -0.00346547 -0.00199065 0.000139224 0.00358422 -0.0312503 0.00363693 0.00122531 -0.000185515 -0.000523299 0.00746801 0.00175128 -0.00505967 -0.00108717 0.00556456 -0.00341869 0.00317814 0.00560184 -0.00164644 0.0068397 0.0149263 -0.0463171 -0.0242413 -0.000141538 0.00232649 0.0149759 0.000141301 -0.00196926 0.000778022 -0.0354878 0.0121578 -0.000883807 0.00123288 -0.000200719 -0.00265728 -0.00129748 7.2289e-05 0.00206841 0.000527059 -0.000922954 -0.00460045 0.00607357 0.00181175 -0.0300263 0.00277681 0.00546447 0.0045498 -0.000422548 0.00455087 -0.00103567 -0.000804232 0.00114005 -0.0109042 -0.0309717 0.0132338 0.00727802 -0.0154621 0.00550556 0.000595019 0.00187101 0.019297 0.0134466 -0.0251855 0.0081938 0.00998165 0.0116088 -0.00245717 -0.00432337 0.0017616 
-0.00723154 0.00539045 0.00258421 0.000956041 0.032833 -0.00104911 0.000177824 -0.0234215 -0.0187471 0.0438204 -0.000267905 0.0310351 0.00550337 -0.00299544 0.00578502 0.126711 -0.0206753 0.00813257 -0.00370698 0.00229631 0.00592378 0.00104511 -0.004524 -0.00113823 0.00894867 -0.00314612 0.000117083 0.0106988 0.000124597 0.00333809 -0.00187835 -0.0123981 -0.00300683 -0.000656797 -0.000456978 -0.00784791 -0.00618138 0.00819989 -0.000125464 0.00245237 -0.00074901 0.000156013 -0.000721389 0.00455656 0.000787893 -0.00384974 -0.00166104 -0.00988039 -0.00103793 -0.000172567 0.000876748 -0.0200156 -0.0492776 0.00445854 -0.000820418 0.000278585 0.000357603 0.000497481 -0.00239902 -0.000869333 0.0259022 -0.028464 0.0509046 0.000198503 -0.000401607 -0.00508809 0.00337144 0.000514705 0.00966647 -8.57008e-05 -0.00233753 -0.0126559 -0.000290735 -0.00365866 -0.0198848 -0.000238405 -0.010413 -0.00266574 -0.000306644 0.000430116 -0.00116911 -0.00243827 -0.00082262 0.00335135 -0.0299169 -0.00542165 0.0240057 -0.00139387 -0.00486038 -0.000926183 0.00997757 -0.00130382 -0.0310772 -0.0398014 -0.0149129 0.0036587 -0.00834621 -0.00568497 -0.00381117 -0.000737932 
-0.0130738 0.00912992 -0.0175303 -0.00119655 0.00269353 -0.00106223 -0.000297615 -0.00926295 -0.0540076 0.00292949 -0.00325752 -0.0465571 0.00983098 0.00647503 -0.0384599 -0.0206753 0.223331 -0.000981637 -0.00977773 0.0128521 0.0454726 -0.00276188 0.00448465 -0.00123547 -0.0412926 -0.0154997 0.000448891 0.00908325 -0.00838745 0.00858031 -0.00453462 0.00327849 0.00267241 -0.0106165 -0.00010101 0.00863483 0.0257103 0.000178079 2.43513e-05 -0.000177041 0.00409435 -0.00517625 -0.000543148 0.00305375 -0.000195771 0.000279855 0.00423772 0.00713137 -0.00210711 0.00417148 -0.00448077 -0.0350272 0.0378793 0.0634647 0.000755449 -0.000482044 -0.00728606 -0.00040402 0.00906866 -0.00109554 0.0143931 -0.0182109 -0.0232191 -0.000742862 0.000131388 0.00287124 -0.00191619 -0.000469992 -0.0034896 -0.000280843 -0.00827197 0.0191916 -0.000905391 -0.00501195 -0.000743555 -0.000671389 -0.00486457 -0.00420778 3.15654e-05 -0.00211247 -0.000441314 -0.00385878 0.00128029 -0.0109304 -0.0351582 4.10355e-05 -0.029903 -0.0134297 0.00198854 -0.000293538 -0.00172161 -0.0196523 -0.0411803 0.0239208 0.0119464 -0.000388844 -0.00856244 0.00305732 0.00918033 0.000202984 
0.00210499 0.00259676 0.00151727 0.00109456 -0.00497824 0.000431539 -5.8699e-05 -0.00228331 -0.0036683 0.0127886 0.00299604 -0.000339418 -0.00817634 0.00798519 -0.000985536 0.00813257 -0.000981637 0.0803778 0.00259917 0.00535571 -0.012212 -0.000822208 -0.0014917 0.00263961 -0.00216556 -0.00344013 0.00854965 -0.00703401 -0.00179733 -0.00126236 -0.000944521 -0.00871302 -0.00156564 -0.00392011 0.000715419 -0.00409034 0.00138673 0.00145389 0.000499009 0.000869996 0.000819472 0.00165509 0.000407908 0.000148033 -0.000724477 0.00221811 -0.0019001 -0.00209468 -0.00101946 0.00548262 0.00158361 -0.0122627 -0.021758 -0.00591985 0.000599109 0.000115051 0.000727893 0.000493846 -0.00327946 0.00067199 -0.00250395 -0.00473245 0.00346724 -0.000104062 0.000537175 2.92795e-05 0.000972696 -0.000121578 0.00550832 9.88919e-05 0.000940573 -0.0046571 -0.00103597 -0.00406972 -0.0148376 0.00144747 0.000471512 1.85134e-05 -5.58116e-05 -0.000440652 0.00507999 -0.00138548 -0.000163993 0.00158094 -0.00436472 -0.000802015 0.00111348 0.000341962 -0.00173584 0.00103455 -0.000109723 -0.00405092 -0.00799048 -0.00937247 -0.00713624 0.00371641 0.000192745 -0.00143523 0.00558554 -0.000159324 
0.0276771 -0.00439774 -0.00305516 0.000615307 -0.00191142 -7.32838e-05 0.000306834 0.00580381 -0.0154772 -0.0257862 0.00761146 -0.0175226 0.0103555 0.0113907 0.0238072 -0.00370698 -0.00977773 0.00259917 0.0906894 -0.0138733 -0.016802 0.0060873 -0.0118326 0.00998713 -0.0193469 0.00833701 -0.00679565 -0.0230507 0.00223097 -0.00456753 0.00467948 -0.00944246 -0.00159375 -0.0114957 -0.00296404 0.0150123 -0.0103027 -0.00143411 0.000829418 -0.000859032 0.00432742 0.00899221 0.00706113 -0.0048716 0.00134204 -0.00325828 0.00115739 0.00656528 0.00380264 -0.00208218 0.00176737 0.00953266 -0.013054 -0.0320969 0.00100599 0.00225666 0.0157022 0.000179174 0.000597444 0.00157596 -0.00755536 0.00469831 -0.00825133 0.000640618 0.000548318 0.00145209 -0.00192337 0.00027506 -0.00126451 0.000491576 7.13553e-05 -0.0069679 0.00345635 -0.00110457 -0.0100412 0.00298671 0.00894486 0.00239907 -1.95649e-05 0.00330088 0.00322968 -0.000896797 0.00189788 -0.00713365 -0.00554242 -0.00245712 -0.00634853 0.00635927 0.0051036 0.00250294 -0.00104561 0.00543641 0.00565986 -0.0086291 -0.00627668 0.000572883 -0.0041045 0.00155103 -0.00463842 0.000167971 
-0.00959808 -0.0083775 0.0175636 0.00866381 0.00759387 0.00222971 0.000629459 0.00948201 0.046565 -0.00595588 -0.00352271 -0.0424192 -0.0365022 0.0300144 0.00994263 0.00229631 0.0128521 0.00535571 -0.0138733 0.173173 -0.0627163 0.0034949 -0.00189933 0.0087297 -0.0543259 -0.00573241 0.0248882 -0.0350608 0.022866 0.0247143 0.00177757 -0.0523466 -0.00240036 -0.0320908 -0.003421 -0.00465599 -0.0354202 -0.000154358 0.000782202 0.00407592 -0.00194401 0.00251575 -0.00279117 0.0185279 -0.00238874 0.0272645 0.0314322 -0.00823355 -0.000495138 0.00827739 0.0018923 -0.0450473 -0.0263383 0.00706544 5.07364e-05 0.000582812 -0.00193349 0.000843317 0.0195613 -0.000215969 -0.0393098 0.00191845 -0.00635068 -0.000548046 -0.000898653 -0.00462284 0.011636 -0.000422281 0.00673943 3.15856e-05 -0.00291323 0.000579649 0.0040355 -0.00569276 -0.0391222 0.00438095 0.0126285 0.00478018 0.0014411 0.000206902 0.00971833 -0.00399236 0.00432257 0.00657475 -0.017799 0.0107069 -0.00434613 0.0290591 -0.000512077 -0.000873468 -0.00147889 -0.0114559 -0.0296012 -0.0201191 0.000131712 0.00683167 0.0115393 -0.00111546 0.0251113 0.00295689 
-0.0167725 -0.0038911 -0.0320495 -0.00639676 -0.00299524 -0.00368539 -0.00102681 0.00387589 -0.0925308 0.0309511 -0.00303345 0.0475825 0.00285567 -0.038706 -0.0472659 0.00592378 0.0454726 -0.012212 -0.016802 -0.0627163 0.237929 -0.00781595 0.00745651 -0.0103696 0.0199864 -0.0258835 -0.0114505 0.0641333 -0.0244204 -0.0107946 -0.00992118 0.0462947 0.0026113 -0.0199129 0.00774026 0.00721512 0.0525278 -0.00775405 0.000108188 -0.002148 0.000114792 -0.00778246 0.00196724 -0.00831082 0.000351763 -0.0217076 -0.0278703 -0.0214474 -0.00254643 -0.00446402 -0.00870631 -0.02416 0.0501302 0.0976288 -0.0016927 -0.00165996 -0.0112315 -0.000967497 -0.0152816 -0.000580956 0.131712 -0.0213217 0.00864328 -0.0017991 0.000185263 -0.00166448 -0.0115188 -0.00012485 -0.00744337 -0.000629946 -0.00466021 0.0191409 -0.0109159 0.00961354 0.0682889 -0.0059849 -0.0436852 -0.00945641 -0.0018937 -0.00455583 -0.00781183 0.00475555 -0.00448701 0.0150589 0.0306836 -0.00944629 -0.0274423 -0.0874331 -0.00111529 -0.000751104 0.000686839 -0.0129842 -0.0510085 0.00857244 -0.0112599 -0.007541 -0.0386652 -0.00526892 -0.00800658 -0.00235822 
0.00501984 -0.00108128 -0.000829105 0.000153853 -0.000352785 0.000475125 2.0177e-06 -0.000976865 -0.00260892 -0.00503081 0.000374028 -0.00478949 0.00259326 -0.00221836 0.00609368 0.00104511 -0.00276188 -0.000822208 0.0060873 0.0034949 -0.00781595 0.026541 -0.00565173 0.00567607 -0.0121806 0.0059978 -0.000255499 -0.00357214 0.00483815 -0.00205625 0.00276963 -0.00818483 -0.000224726 -0.00647337 -0.000885036 -0.000594229 -0.00383852 -0.000157895 -2.04148e-05 0.000104858 0.000148166 0.00337164 0.000276073 -0.000549964 0.00299039 0.0016745 0.000939814 -0.00154121 0.00182598 0.00341797 0.000323246 0.00428454 -0.00553964 -0.00272319 0.000213153 0.000449088 0.00403036 -3.25257e-06 0.000100359 0.000473717 -0.00906494 4.89729e-05 -0.00231152 0.000334048 6.13548e-05 0.000337015 -0.000500948 0.000149652 0.000546925 0.00015392 0.00100268 -0.00298224 0.00115373 0.000453964 -0.000195471 0.00260189 0.00110726 0.00190661 0.000125479 0.00348335 0.000788633 -0.000411026 0.000590314 -0.00132118 -0.00806345 -0.000923619 0.00397917 -0.00193719 0.00159204 -0.000351424 -3.03203e-05 -0.00264519 0.0038724 -0.00571485 -0.00221273 0.0013238 -0.00215623 0.000317527 0.0025334 0.000312733 
-0.0145517 0.000951035 0.00105507 -0.00102504 -0.00285039 -3.31541e-05 -0.000188377 -0.00174739 0.0106491 0.00450878 -0.00699079 0.0118497 0.00858878 -0.00513638 -0.0109744 -0.004524 0.00448465 -0.0014917 -0.0118326 -0.00189933 0.00745651 -0.00565173 0.0348453 -0.0110043 0.0153087 -0.00603859 -0.00037838 0.0147977 -0.00758301 -0.00409094 -0.00709264 0.0193534 -0.000257807 0.0213831 -0.00141025 -0.00842988 0.00601952 -0.00419143 -0.00195815 -0.000927611 -0.00341972 -0.00873568 -0.00857463 -0.00218461 -0.000755185 -0.0027224 -0.00370036 0.00183377 -0.00510831 -9.43256e-05 -0.00240878 0.00476727 0.00775674 0.00781518 -0.00262919 -0.00229945 -0.00990049 -0.000428125 -0.00302246 -0.00297669 0.00617733 0.00111582 -0.000593161 -0.000733361 -0.000360776 -0.00400182 3.00412e-05 -0.000363298 -0.000347903 -0.000429808 -0.00268311 0.00168361 -0.00184418 0.000430365 0.00902953 -0.00566013 -0.0053108 -0.00356599 -0.000362143 -0.00480042 -0.00141605 8.58853e-05 -0.00187 -0.000921772 0.00965184 0.00108908 -0.000990324 0.00265382 -0.00486748 -0.000615181 -0.00218697 -0.000682312 0.00828655 0.0040489 0.00391189 -0.00431753 0.00330089 -0.00134004 -0.00248999 -0.000945165 
0.0103531 -0.0018541 -0.00153003 0.00200286 -0.00129826 0.00026105 4.65063e-05 0.00258153 -0.0057991 -0.0081393 0.00449872 -0.013397 -0.0093447 0.00318049 0.00900701 -0.00113823 -0.00123547 0.00263961 0.00998713 0.0087297 -0.0103696 0.00567607 -0.0110043 0.0393421 -0.0160481 0.00348184 0.000396751 -0.0152651 0.00798457 0.00345687 0.00389668 -0.0184518 0.0008375 -0.017612 4.29007e-05 0.00528626 -0.00743044 0.00142769 0.000618636 0.000238781 0.00283974 0.00769438 0.00347576 0.00364546 1.78027e-05 0.00559625 0.00761904 -0.00273866 0.00492153 0.000310375 0.000463769 -0.00518879 -0.010482 -0.00624428 0.00111963 0.00257619 0.00915756 0.000120699 0.00401474 0.00104137 -0.00983446 0.00234389 -0.0035685 0.000230058 0.000343649 0.000360054 0.00116784 -7.81069e-05 -0.000178478 0.000410635 0.000117515 -0.000896945 0.000450009 -0.00132729 -0.0112389 0.00466159 0.0025048 0.0023046 0.000974918 0.00332441 0.00255828 -0.000823549 0.00153622 -0.00180501 -0.00803955 0.00202513 -0.00174156 -0.00027396 0.00717094 8.8157e-08 -0.000104343 -0.00155832 -0.00632626 -0.00204728 -0.00480812 0.00207189 0.0012058 -0.000125054 0.00237216 0.000623723 
-0.0181221 -0.0113359 -0.00347307 -0.00439769 0.00556477 -0.00247894 -0.000388183 -0.0223685 0.0209289 0.0164704 0.000856942 0.0395708 0.0135645 -0.0444826 -0.0196423 0.00894867 -0.0412926 -0.00216556 -0.0193469 -0.0543259 0.0199864 -0.0121806 0.0153087 -0.0160481 0.186073 0.000256961 -0.0165282 0.0350563 -0.0148513 -0.0130297 -0.00623359 0.0524429 -0.00169624 0.0581524 -0.00127245 -0.0126247 0.00502681 -0.0074613 -0.00277851 -0.00184253 -0.00237729 -0.00687744 -0.00407996 -0.0069673 -0.00471404 -0.0197958 -0.028539 -0.00720567 -0.00613728 -0.0145361 -0.0019212 0.0235617 0.00688876 -0.0189225 -0.00209822 -0.00243311 -0.00348362 -0.00029523 -0.0237799 -0.00371289 0.0198168 -0.00965226 0.00186891 -0.000184029 0.000379996 -0.00130742 -0.00699996 -0.000206609 0.000443914 -0.000583961 0.00307816 -0.016935 -0.00917047 -0.00154459 0.0110216 -0.00683127 -0.0198992 -0.00773476 -0.00163254 -0.00340355 -0.0120121 0.00330617 -0.00708692 -0.00322727 0.0277303 -0.00954461 0.00860597 -0.00103717 -0.00532106 -0.000339983 -0.00228273 0.00661037 0.0435212 0.0264782 0.0167225 -0.0137796 0.00873854 -0.0109952 -0.0232581 -0.00376705 
0.00548069 -0.00228976 0.0028385 -0.000408535 -0.00168106 0.000547646 0.000192643 -0.00467187 0.00693931 -0.0114041 7.1739e-06 -0.00266524 0.00585035 -0.00714865 0.020976 -0.00314612 -0.0154997 -0.00344013 0.00833701 -0.00573241 -0.0258835 0.0059978 -0.00603859 0.00348184 0.000256961 0.0547675 -0.00236022 -0.0103957 0.00829236 -0.00323111 0.0109221 -0.0110569 -0.00057934 -0.000771716 -0.00158562 -0.00168362 -0.00825624 0.000241083 -0.000326706 0.000155843 -0.000685324 0.00405879 0.00108813 -0.00352604 0.00135281 -0.00107302 -0.0015167 0.0012653 0.00256185 -0.00028476 0.00393169 0.0280092 -0.0120004 -0.0221343 8.71021e-05 0.000538447 0.00645123 -2.59617e-05 0.000217325 0.000367746 -0.0203579 -0.00683884 -0.00261679 0.00140575 0.00121257 0.0011777 -0.0011383 8.24145e-05 0.00203575 0.000394483 0.00341355 -0.0045375 0.00382828 0.00478145 0.0021766 0.00141035 -0.000802155 0.00132373 -3.75198e-05 0.00631512 -0.000994231 -0.000627081 0.000254357 -0.00417924 -0.0219028 -0.00331798 0.00657842 -0.00411618 0.00139248 -0.000378685 -0.000157215 0.0181094 0.0199869 -0.0129346 -0.00388122 -0.000712635 0.00292721 -0.00144932 -0.00154253 5.08744e-06 
-0.0045161 -0.00417414 0.0024015 0.00226631 -0.00270488 0.00193252 -7.63245e-05 0.000673822 0.00858784 0.0217671 -0.000917991 -0.0122765 -0.0111933 0.0145046 -0.000391554 0.000117083 0.000448891 0.00854965 -0.00679565 0.0248882 -0.0114505 -0.000255499 -0.00037838 0.000396751 -0.0165282 -0.00236022 0.0699211 -0.0128565 -0.00255775 0.00473706 -0.00107263 -0.0171374 0.000111715 -0.0107681 -0.00329087 -0.00271353 -0.010203 -0.00218821 0.000152477 0.00323462 -0.00101368 0.000413171 -0.00134196 0.00446201 1.76033e-05 0.0043759 0.00325105 -0.00499525 0.00349519 0.00750525 0.00203303 -0.0182949 -0.0128076 0.0167443 0.000714658 -0.00017094 -0.00177776 0.000441858 0.000713073 7.45355e-05 0.00274531 -0.00933812 0.0106104 -0.000236195 0.000599254 -0.000649655 0.00228544 1.70108e-05 0.00205593 0.000113563 -0.000707743 -0.00562714 -0.00171578 -0.00307419 -0.0106107 0.000182229 -0.00150184 -0.000735261 -0.000167499 -0.000254531 0.00428269 0.000678007 -0.000731497 0.0156871 -0.00854527 0.00530091 -0.00527852 -0.0124776 -0.000417813 0.000111324 -0.000400038 0.00215651 -0.0204088 -0.0141499 0.000150897 0.00453539 0.00637604 -0.0014463 0.00866602 0.000196556 
-0.0175689 0.00394265 -0.00652322 -0.00711789 0.00177249 -0.00245076 -0.000772702 -0.0119774 -0.0290073 0.0152213 -0.00425801 0.055857 -0.00448832 -0.0295402 -0.0158399 0.0106988 0.00908325 -0.00703401 -0.0230507 -0.0350608 0.0641333 -0.00357214 0.0147977 -0.0152651 0.0350563 -0.0103957 -0.0128565 0.176937 -0.026409 -0.0343814 -0.00991212 0.068515 0.00233333 0.0313901 0.00249127 -0.0156501 0.0187492 -0.00368557 -0.00028731 -0.00183531 -1.23521e-05 -0.0112091 -0.00544165 -0.0261573 0.000623192 -0.0221059 -0.0386912 -0.0441434 -0.00765676 -0.00174317 -0.00681 0.00587638 0.0125434 0.0510053 -0.00208572 -0.00328604 -0.0121369 -0.00132538 -0.0239108 -0.00242056 0.039378 -0.012661 0.00577284 -0.00136453 -0.00281022 -0.00427276 -0.00761853 7.6508e-05 -0.00163297 -0.000754904 -0.00199987 0.008202 -0.0105794 0.00379762 0.0544755 -0.00681446 -0.0307421 -0.00874956 -0.00168679 -0.00401977 -0.0127647 -0.00115074 -0.00536258 0.00538093 0.0266601 -0.00534845 -0.00656105 -0.0535299 -0.0127828 -0.0016689 -0.00126546 -0.00122887 0.0132428 0.0146935 0.022152 -0.0068824 -0.00357228 -0.0114237 -0.015066 -0.00246709 
0.00318708 -0.00272729 0.00489772 0.000906878 0.00124282 0.00103047 0.000284785 -0.00496152 0.0145731 -0.010931 -0.000436245 -0.00548614 -0.00376335 0.00125405 0.00974629 0.000124597 -0.00838745 -0.00179733 0.00223097 0.022866 -0.0244204 0.00483815 -0.00758301 0.00798457 -0.0148513 0.00829236 -0.00255775 -0.026409 0.0482265 0.0125222 0.00862696 -0.0327829 -0.000944517 -0.0122375 -0.00105986 -0.000788749 -0.0113788 0.000969817 -0.000220959 0.000626888 -0.000414174 0.00284694 0.000426693 0.00720612 -7.97223e-06 0.010951 0.0194118 0.00595931 0.00118037 0.000538714 -0.00063698 -0.00491345 -0.0169775 -0.0162148 0.000435137 0.00099492 0.00206656 2.60713e-05 0.0121872 0.000381233 -0.0179476 -0.00407309 -0.00254136 0.000304478 7.81207e-05 -0.000771336 0.00122103 -4.59891e-05 0.000365338 0.000174592 6.84804e-05 -0.00514389 0.00427999 0.00144894 -0.0128763 0.00353388 0.0128666 0.00695216 0.00118218 0.00422081 0.000479288 -0.000859062 0.00399557 -0.00327995 -0.0148947 0.0008921 0.00836688 0.0150958 0.00292841 -0.000564799 -2.73e-05 0.000663819 -0.00631809 -0.0133051 -0.00462011 0.00110333 0.00292362 0.00201262 0.0052456 0.000710911 
-0.00498614 -0.00438917 0.000156118 0.00351693 0.00565833 -0.000129958 0.000156189 -0.0137822 0.0235848 0.0126906 -0.0020128 -0.0102952 -0.00144033 0.00127893 -0.00776936 0.00333809 0.00858031 -0.00126236 -0.00456753 0.0247143 -0.0107946 -0.00205625 -0.00409094 0.00345687 -0.0130297 -0.00323111 0.00473706 -0.0343814 0.0125222 0.0762935 -0.00025966 -0.0376653 -0.00158002 -0.0119244 0.00443405 -0.00255392 -0.0102162 0.00243902 -5.84566e-05 0.00175559 -0.000896012 0.000372983 -0.000342741 0.016955 -0.000445794 0.0124894 0.0295384 0.00721674 -0.000433881 -0.00143932 -0.00122288 -0.0164956 -0.0198061 -0.00726584 0.000647781 0.000416921 -0.00229355 9.17689e-05 0.0219189 -0.00071484 -0.00725864 -0.0115531 -0.000691678 -0.000140646 0.000684572 -0.00249583 0.00357539 2.27902e-05 -0.000936627 3.0405e-05 -0.00144986 -0.00771881 0.0049632 -0.00433355 -0.015738 0.00314901 0.00809869 0.00227507 0.000952017 4.53716e-05 0.00272877 0.00149447 0.00310817 0.000856845 -0.0193326 -0.000391602 0.00566392 0.0253772 -0.00221539 1.27176e-06 0.00196913 -0.0016616 -0.0215922 -0.0237634 -0.00683499 -0.0018889 0.00775397 0.0044679 0.00778948 -0.000137485 
0.00533585 -0.00150345 0.00168591 -0.000188799 -0.000488334 0.00021619 0.000118432 0.00142588 -0.00157759 -0.0056841 0.000721462 -0.00479605 -0.0034838 0.000570384 0.0133738 -0.00187835 -0.00453462 -0.000944521 0.00467948 0.00177757 -0.00992118 0.00276963 -0.00709264 0.00389668 -0.00623359 0.0109221 -0.00107263 -0.00991212 0.00862696 -0.00025966 0.0195457 -0.0106899 -0.000335257 -0.00455012 0.000396519 0.00144278 -0.00446712 0.000521331 -4.29803e-05 -9.88736e-05 -0.000186812 0.00224623 0.000796733 -0.000719007 0.000688383 0.000757182 0.00137932 0.000152839 0.00144512 -0.000500127 0.0018934 0.00539311 -0.00695704 -0.00846562 0.000479431 0.000407431 0.00392465 3.17639e-05 0.00250378 0.000335629 -0.0079708 -0.000591613 -0.0021035 0.000843499 0.000671674 0.000383233 -0.000400491 1.32916e-05 0.000392188 0.000317228 0.001006 -0.00121389 0.00157306 0.00138532 -0.00569155 0.00225983 0.00286 0.00218768 -1.43337e-06 0.00413637 -0.000111096 -0.000101041 0.000876961 -0.00146116 -0.00917924 1.49855e-05 0.00277803 -0.00191753 0.00241884 -0.000250956 6.74363e-05 0.00490824 0.00315857 -0.00552137 -0.00188617 0.00112659 -0.000511345 0.000478403 0.00036027 0.000818064 
-0.0111177 0.00401689 -0.0082759 -0.00811525 -0.00932019 -0.00260712 -0.000470161 0.00937979 -0.0151406 -0.00026573 -0.00484087 0.0200696 0.0180983 -0.0154561 -0.0112448 -0.0123981 0.00327849 -0.00871302 -0.00944246 -0.0523466 0.0462947 -0.00818483 0.0193534 -0.0184518 0.0524429 -0.0110569 -0.0171374 0.068515 -0.0327829 -0.0376653 -0.0106899 0.133497 0.00131134 0.0426983 -0.00132979 -0.00516422 0.0224375 -0.00453229 -0.00036223 -0.00321096 -0.000731692 -0.0124308 -0.00436069 -0.0254271 -0.000903775 -0.025772 -0.0452522 -0.00176297 -0.00661577 -0.00767166 -0.00384285 0.0243485 0.0411273 0.0167339 -0.00174734 -0.00372328 -0.00732065 -0.0012731 -0.0275515 -0.00179671 0.0310147 0.0056214 -0.00967136 -0.00139096 -0.000809564 -0.00141991 -0.0102401 -4.23895e-05 -0.00520224 -0.000608511 -0.000862864 0.0137509 -0.0101145 0.00477748 0.0409112 -0.00872626 -0.0243174 -0.00760219 -0.00215173 -0.00601421 -0.0136527 0.000811897 -0.00607131 -0.00738083 0.0240015 -0.00677858 -0.0203242 -0.027475 -0.00671403 0.000228094 -0.00615767 -0.0012971 0.0247476 0.0306157 0.0188233 -0.00417494 0.000678211 -0.00976064 -0.02026 -0.00185678 
-0.00102931 0.000953994 -0.00146624 -0.000146499 0.00119096 0.000170435 -2.15724e-05 -0.0033219 -0.00366314 -0.00283533 -0.000505897 0.00396424 0.00123217 -0.00376926 -0.00346547 -0.00300683 0.00267241 -0.00156564 -0.00159375 -0.00240036 0.0026113 -0.000224726 -0.000257807 0.0008375 -0.00169624 -0.00057934 0.000111715 0.00233333 -0.000944517 -0.00158002 -0.000335257 0.00131134 0.0260301 -0.00374232 -0.000579862 -0.00190942 0.00477664 -0.000275074 8.49563e-05 -0.000193543 1.85658e-05 -0.000214806 -0.000203467 -0.00114606 0.000330098 -0.00076 -0.000451654 -0.00109217 -0.000309005 0.000261935 -0.000418429 0.00782725 0.00441596 0.000746096 1.50183e-05 3.81764e-05 -0.000103798 2.09572e-05 -0.000940326 -0.000111384 -0.00547878 -0.00322863 -0.00268641 7.8954e-05 -4.47395e-05 0.00110221 -0.000301575 0.00018565 -0.000287581 -1.3054e-05 -8.06971e-05 0.000246381 -0.000376397 0.00182278 0.0060411 -0.000165891 -0.00206982 -0.000359796 -6.1365e-05 0.000109148 1.0749e-05 -0.000440548 -0.000113358 -0.000599427 -0.000894687 -0.000768392 -0.00052258 -0.000961903 0.000422069 -0.000109911 -0.000332565 -0.00158111 0.0023884 -0.000420852 -0.00302329 -0.000394497 -0.00144541 -0.000425932 -0.000194659 -0.000118327 
-0.0184585 0.00510212 0.0113568 -0.00538053 -0.000557945 0.00042758 -0.000102188 -0.0421612 0.016535 0.00579673 -0.00233818 0.0212476 0.0153589 -0.037406 -0.00199065 -0.000656797 -0.0106165 -0.00392011 -0.0114957 -0.0320908 -0.0199129 -0.00647337 0.0213831 -0.017612 0.0581524 -0.000771716 -0.0107681 0.0313901 -0.0122375 -0.0119244 -0.00455012 0.0426983 -0.00374232 0.201035 0.00266708 -0.0329623 -0.0196232 -0.00183409 -0.00398705 -0.000894714 -0.000822185 -0.0108465 -0.0111201 -0.00637545 0.000950907 -0.00795015 -0.0198484 0.00486905 -0.00715954 -0.0125249 -0.00442216 0.0155992 -0.017209 -0.0159854 -0.00206022 -0.00277443 -0.00844544 -0.000766191 -0.00810605 -0.00476113 -0.0149503 -0.00722394 -0.00343842 -0.000419212 -0.00126456 -0.0132587 -0.00548262 -2.23973e-05 -0.00353943 -0.000340069 -0.00256382 -0.0178557 -0.000789186 -0.0054812 0.00996843 -0.00685303 0.0058242 -0.00159028 -0.000869997 -0.00392228 -0.00798175 0.000653104 -0.00338081 -0.00800392 0.0228953 0.00333261 0.00682306 0.00500544 -0.0139744 -0.000730609 -0.00211434 0.000417623 0.0366838 0.0340187 0.0263722 -0.00903149 0.0183506 -0.00881898 -0.0217287 -0.00363899 
