0.0430465 0.00385756 -3.22776e-05 -0.00543662 8.28105e-06 -0.000149219 -0.0146285 -0.0073377 -0.00328072 -5.41319e-05 -0.0038746 -0.00666447 -0.00486974 -0.00704836 0.000726526 0.00237031 -0.000328986 -0.0110034 -0.00578737 0.00935923 -0.00263648 -0.00622215 0.0211201 -0.00865343 0.00821913 -0.00883073 -0.0029548 0.00166727 -0.00536301 -0.00243484 -0.000918171 0.000461162 -0.00395226 0.00493715 -0.0019725 0.0025194 -0.013368 -0.00361876 -0.0020619 2.86843e-06 0.00112231 -6.99505e-05 -0.00104833 -0.000237306 -0.000504584 -0.000839695 -0.00322607 0.000548404 -0.000187333 0.000641354 0.000622442 -0.000478357 -0.000938841 -0.000358474 -0.00192475 -0.000563368 0.00189696 -0.000140191 -2.99704e-05 0.00135894 0.00164101 -0.00573054 -5.62392e-05 -2.21998e-05 0.00504193 -2.24947e-05 0.000312836 -0.00152512 -0.00292602 -0.000276687 0.00245949 -0.000340776 0.000678324 0.00323063 -0.00146845 0.00448445 0.0156439 0.00465995 0.00104593 -5.80521e-05 -0.00210152 -0.00126417 -0.00040109 0.00257698 0.000105958 -0.00285165 0.0184447 0.000141363 -0.00354221 0.00126293 -0.000532477 0.00468237 0.00050282 -0.000585412 0.00116112 -0.000947662 -0.00638801 0.00639869 -0.00111798 -0.00277204 
0.00385756 0.0670446 -3.36415e-05 -0.00270817 -0.000469115 -8.8867e-05 -0.00339681 -0.00441277 0.00756952 -0.000552613 -0.00537129 0.00392307 -0.0152276 -0.00942415 -0.001241 0.00358309 -0.000325162 -0.000395483 -0.00615249 -0.00712964 -0.00554618 -0.00606988 0.0121107 -0.00711896 0.00514391 -0.000850115 -0.00159763 -0.00105726 0.00705321 -0.00885994 -0.000842638 -3.91442e-05 -0.00510113 -0.00296445 0.00613696 0.00122144 -0.0142035 0.00821177 -0.00464045 -5.50292e-06 -0.00445537 0.000169726 0.000167481 -0.00119828 0.00199243 -0.00439848 -0.00466958 -0.000694941 0.000444054 0.00075576 -0.00123882 0.00552591 0.00103209 -0.000582661 -0.00062887 -0.000837055 0.0018133 -0.000119329 0.000225373 -0.0014933 0.00245395 -0.000612858 -0.000201196 -0.00129474 -0.00340819 -0.000152994 0.000412416 -0.00227091 -0.00552176 0.000471145 2.00607e-05 0.000355442 -0.00420487 0.00248753 0.00333477 0.000177906 0.00476849 0.00320098 0.00117333 -0.000222909 -0.00222429 -0.00204871 -0.000604261 -0.00749116 0.000443785 0.0145403 0.000286794 0.000157401 -0.00393293 -0.00041255 -0.000637374 -0.00451356 -9.18383e-05 -0.00162046 0.000721155 -0.00153767 -0.0075096 0.0178005 -0.00140329 -0.0027276 
-3.22776e-05 -3.36415e-05 0.00253373 0.000264983 0.000130889 -1.21088e-05 -0.000299746 -4.01913e-05 -0.000289587 -1.65138e-05 -2.12769e-05 0.000161845 -0.000977464 -9.80944e-05 -8.52293e-06 -0.000463607 4.69263e-05 -0.00017665 0.000261442 2.31811e-05 6.51675e-05 -0.000259447 -6.39547e-05 0.000236033 0.000816096 -0.000919034 -0.000657797 -2.56719e-05 0.000195862 -0.000193241 2.70878e-05 -4.35928e-08 -0.000246546 2.36768e-05 8.90581e-05 -0.0006742 -0.000140578 -6.37497e-05 -8.9116e-05 1.71894e-06 2.22497e-05 7.55226e-07 -3.1613e-05 4.01964e-06 0.000520136 -8.22882e-05 0.000768473 0.000281893 9.01976e-05 7.9949e-06 -2.84986e-05 -0.000618563 0.000206629 0.000311942 1.26108e-05 3.59963e-05 4.8966e-05 1.32087e-05 5.20015e-05 2.41551e-05 -2.70757e-05 -0.000567678 8.85169e-05 9.52504e-05 -2.44019e-05 1.20846e-06 -1.72502e-06 0.000234581 -0.000390179 7.42023e-06 -1.1805e-05 -1.31987e-05 9.52978e-05 -1.72195e-05 2.69355e-05 2.37391e-05 5.57493e-05 -3.05737e-05 -1.74981e-05 9.95455e-07 -0.000102282 -3.44464e-05 -7.41495e-06 -0.000351155 1.34958e-06 -7.77264e-05 -0.000261865 6.46934e-05 -0.00016636 -6.12205e-05 8.22517e-06 7.60184e-05 8.40711e-05 7.1895e-05 7.05973e-05 1.95398e-05 -0.000253451 -0.000190593 0.00056792 0.000298965 
-0.00543662 -0.00270817 0.000264983 0.167277 -0.000421003 -5.43066e-05 -0.0260593 0.0133486 -0.000172871 -0.000644425 -0.0229594 -0.0306062 0.0258807 -0.0218523 -0.0094685 0.00773915 0.000773546 -0.0294564 0.0190906 0.0109113 0.026644 -0.0225709 -0.0130162 0.00536321 -0.00102026 0.021923 -0.0115683 0.000155806 -0.00653778 -0.0183191 0.00644614 -1.84131e-06 -0.0224861 -0.0268507 -0.0073046 0.00302447 0.039401 -0.0107536 -0.00840984 -0.000194186 -0.0188069 -0.000191848 -0.00131061 0.00809933 -0.00221335 0.00896803 0.0107477 0.00330477 9.39843e-05 -0.000844541 0.00626429 -0.0470692 0.00741187 -0.0031373 0.00463474 0.000570793 -0.0111062 -0.00062269 -0.00251358 -0.003499 -0.00224851 -0.0279771 0.000334391 0.0102811 -0.00396588 4.64091e-05 -0.00062751 -0.00829417 -0.0261196 0.0014341 -0.00212942 -0.000559648 0.0291572 -0.0022967 0.00624824 -0.00149797 -0.00762078 -0.003412 -0.00356969 -0.000856264 -0.0151698 -0.00473974 -0.00228059 0.0129763 -0.00033609 0.00472302 -0.016714 -0.000133042 0.0216366 -0.00835712 -0.000780073 0.0136875 -0.00121679 -0.00286045 0.00527988 -0.00566172 0.0469278 -0.00792193 -0.000182114 -0.00335468 
8.28105e-06 -0.000469115 0.000130889 -0.000421003 0.027873 0.000175586 -0.000413592 -0.00414388 -0.00244032 -0.000100741 -0.000242432 -0.0013212 -0.00588463 -0.00551349 0.000350967 -0.000852229 1.89953e-05 0.00342249 -0.000213864 -0.0041592 -0.00041782 -0.00444551 -0.00475557 0.00748355 -0.00166518 -0.0111195 -0.00247798 0.00140779 0.00813226 0.00160161 0.00350956 -3.07409e-05 -0.00261639 -0.00312726 -0.001621 0.00136196 -0.00238666 -0.00473107 0.00299824 2.62333e-05 0.00127747 -5.80794e-06 -0.00114653 0.000291903 0.000230484 -0.0018282 0.00475858 -6.63275e-05 0.000957061 -9.97776e-05 -0.00103302 -0.0059611 0.000973189 0.00122443 0.00057475 -0.000226952 -0.00060289 3.57276e-05 -3.07865e-06 0.000193151 -0.000509898 -0.00469665 0.000558141 0.0032123 -0.00134939 5.27221e-05 2.7004e-05 -0.00105225 -0.00195099 -0.000156745 0.00101191 -0.00010833 -0.000677797 0.00561245 -0.000940971 0.000291933 0.000187218 0.00659818 0.000262312 2.4419e-05 0.00164779 0.000674782 0.000217912 0.000166384 -0.000417801 0.0003012 -0.00119031 0.000206175 -0.000878824 0.000324092 0.000194784 -0.000357025 -0.000540777 -0.00052147 0.000639501 0.000233434 -0.00190271 -0.00341054 0.00107618 0.00466761 
-0.000149219 -8.8867e-05 -1.21088e-05 -5.43066e-05 0.000175586 0.00925411 -0.00157641 -0.000354311 0.000181096 -3.50178e-05 2.31736e-06 -0.00185867 -0.00347298 -5.52297e-06 0.00260485 0.000683227 1.0422e-05 -0.0014844 -0.00055729 -0.000930833 0.000547429 0.00148973 -0.00117405 2.79271e-05 -0.00105062 -0.000483025 -0.000237434 0.000247996 -0.000163401 0.00111534 0.000834571 5.27324e-05 0.000157522 -0.000466955 0.000401418 -0.000449494 0.000784034 -0.00107679 -0.000326187 6.91462e-06 0.000589309 1.76971e-05 -0.000319431 -3.53197e-05 -5.43356e-05 -0.000400635 -5.71597e-05 0.000201157 -7.51226e-05 0.000141557 -0.000444612 -0.00229817 0.000622065 -0.000133137 0.00057145 0.00127421 -0.000425364 4.35579e-05 0.000114753 -0.000106658 -8.39239e-05 -0.00173613 2.04007e-05 -0.000143696 0.000425483 9.459e-06 8.82655e-06 0.000196785 -0.000539238 5.01985e-05 9.2281e-05 -0.000102998 0.00122591 -0.000362162 -0.000304677 -6.54973e-05 0.00124512 -0.000279403 -1.46877e-05 0.000203252 -0.000493121 0.000323516 1.96875e-06 0.00162763 -1.23326e-05 -0.00341549 -0.000836226 3.32489e-05 0.000463046 6.23423e-05 0.000232936 0.000285132 -0.000295582 -0.000181474 -0.000121249 0.000344832 0.00196118 -0.0010724 -8.14913e-05 -0.000466907 
-0.0146285 -0.00339681 -0.000299746 -0.0260593 -0.000413592 -0.00157641 0.239232 0.0158988 0.0116555 0.0010963 -0.0132036 -0.0313008 0.0139571 0.0393197 0.00485292 0.0343299 -0.000923801 0.0103926 -0.0251595 0.0457233 0.059871 -0.0431805 -0.0652469 -0.0180934 -0.00456447 -0.0157086 0.0387675 -0.00938663 0.00888648 0.014313 -0.000592176 -0.00140709 0.0391515 0.0273665 -0.0304923 0.0208123 0.035823 -0.0464674 -0.0150298 -8.98023e-05 0.0132381 -0.000298766 -6.56781e-05 -0.00158692 -0.00292604 -0.0178533 -0.0024715 -0.00483125 -0.000572816 -0.00268893 -0.000811828 -0.00208905 -0.00750328 -0.00657672 -0.0120128 0.000170514 -0.020129 -0.00077222 -0.00258655 -0.00289426 -0.0082328 -0.0381779 -0.000386625 0.00130569 -0.0245911 -0.000384336 -0.00152565 0.00182466 0.0402524 -0.000838637 -0.00716011 -0.00439118 -0.0304584 -0.0102943 -0.0165595 -0.00291158 -0.00641445 0.00830973 -0.00298748 -0.00148764 -0.0170273 0.0124028 -0.00213214 0.0140734 -0.00536424 -0.00193326 0.0055817 -0.000134571 -0.0247483 -0.00736501 0.0014093 -0.0123912 -0.0126802 -0.00345804 -0.00059422 0.00316309 -0.0194116 -0.0469784 -0.00419463 0.00792636 
-0.0073377 -0.00441277 -4.01913e-05 0.0133486 -0.00414388 -0.000354311 0.0158988 0.157592 -0.000626524 0.000223639 -0.0188488 -0.013812 0.0342696 -0.0150423 -0.00225802 0.00824855 0.00176676 -0.0194515 0.0335138 -0.0139483 0.0375659 -0.0233438 -0.0221023 -0.0306173 0.00234161 0.0542251 -0.00512243 -0.00209666 -0.0172741 0.00797693 -0.00236527 -0.000576807 0.0018245 -0.00915679 -0.00810363 0.0207279 0.0403925 -0.0248893 -0.0184437 -0.000113754 -0.0038876 0.000289532 -0.00461569 -0.00378399 0.00698939 0.0122647 -0.000505249 -0.00201224 -0.000626587 -0.00143159 0.00181362 -0.0398411 -0.00641059 -0.00349207 0.00255571 0.00380002 -0.00838222 -0.000317126 0.00344932 -0.00209872 -0.00221664 -0.0194983 0.00013208 0.00283496 -0.00380127 0.000443958 -0.000557908 -0.0115467 -0.00346417 0.000313249 -0.00174255 -0.000778355 0.0073126 -0.00381242 0.000894188 -0.000153762 -0.0132453 -0.00721627 -0.00284349 0.00108947 -0.0161929 -0.00180381 -0.00175119 -0.00617643 0.00345095 -0.0472486 -0.0080906 0.000228945 0.0233005 -0.011331 0.00228714 -0.0123516 -0.000878716 -0.00036688 -0.00207238 -0.000602348 0.0248671 -0.0199479 0.00284954 0.0104955 
-0.00328072 0.00756952 -0.000289587 -0.000172871 -0.00244032 0.000181096 0.0116555 -0.000626524 0.142611 -0.0023485 0.0125795 0.0441365 0.00864749 -0.020897 -0.0105932 -0.0185341 -0.000442154 0.0508866 0.0115814 -0.0329229 -0.0188243 0.0209143 0.00112298 -0.0135362 -0.0081209 0.0147449 -0.0331788 -0.00446862 -0.00441911 -0.0364114 -0.00396965 -0.00050047 -0.00941095 -0.0122837 -0.00478625 -0.0392471 -0.00940125 0.0287466 -0.0104051 -5.44915e-05 -0.012993 -0.000138699 0.00891762 -0.00436056 -0.00287812 0.000650303 -0.00694766 0.000585186 -0.00118632 1.77894e-05 0.00988451 0.0390802 -0.00505754 -0.00180862 0.0002432 -0.00225685 -0.0025158 6.70454e-07 0.00308587 -0.00389881 -0.000952649 0.0181889 0.00122475 -0.00356786 -0.009704 -0.00010925 -0.000477648 0.000258701 -0.0215029 -0.0006955 -0.000943396 0.00263314 -0.00651143 0.000188138 0.00639271 -0.00208069 -0.0204243 -0.0013653 -0.00241892 -0.000240235 0.00210488 0.00221496 0.00360501 -0.038091 0.00258279 7.53304e-05 -0.0101982 -0.00016055 -0.000453056 0.0110186 0.000642198 -0.0103329 -0.00492296 -0.000671877 0.00189678 0.00285627 -0.0069555 0.0165989 -0.00175111 -0.000185312 
-5.41319e-05 -0.000552613 -1.65138e-05 -0.000644425 -0.000100741 -3.50178e-05 0.0010963 0.000223639 -0.0023485 0.0176787 -0.0018584 -0.00292757 -0.002482 -0.00346152 0.000954572 0.000226122 0.000220981 -0.00397797 -0.00172369 0.00393617 0.000972209 -0.00381127 -3.44046e-05 -0.00248289 -0.000496702 0.000917967 0.00292963 -0.000325229 -0.00137002 0.00235576 0.00100169 9.94802e-05 0.00118965 0.00205448 -4.61774e-05 0.00269007 0.00300142 -0.00201556 -0.00163812 8.06654e-05 0.00105986 -5.38129e-07 -0.000654263 0.000321414 0.000235726 -0.000789194 -0.000230712 0.000360995 -0.00017945 -2.45236e-05 -0.000800323 -0.00295183 -0.0006192 -0.000159177 -0.000856057 -0.000107878 -0.000549752 8.24399e-06 -0.000285035 0.000772716 0.000336176 -0.000819024 9.03124e-05 -0.000186787 0.000848673 1.86536e-05 0.00018426 -0.000657054 0.00216965 0.000103067 0.000245741 -9.53316e-05 0.000660611 5.66856e-06 -0.000465281 0.000561496 -4.48257e-05 -0.000100073 0.000539883 4.64853e-05 -0.00117123 -0.00080558 -2.34176e-05 -0.0018552 3.34601e-05 -0.00256108 0.00078726 0.000152613 -0.00108445 -0.000563487 -2.21284e-06 0.000615427 -0.000240263 7.61454e-05 -6.386e-05 -0.000598725 0.000879661 0.000658896 -0.000108363 -0.00134499 
-0.0038746 -0.00537129 -2.12769e-05 -0.0229594 -0.000242432 2.31736e-06 -0.0132036 -0.0188488 0.0125795 -0.0018584 0.118157 0.0293892 -0.0638171 0.0219528 0.00454144 -0.0404045 -0.000809579 0.0411299 0.00355071 -0.0450434 -0.0329212 0.0568947 -0.0175644 0.022275 -0.0197632 -0.0513911 0.0020306 7.4991e-05 0.0105871 -0.0296707 -0.00268317 0.000112431 -0.0152182 -0.0107687 -0.00538579 -0.0443614 -0.0332953 0.00997944 0.0348575 1.52554e-05 0.00451088 7.86874e-05 0.0145742 -0.00277572 -0.00301653 0.00338649 -0.00394182 -0.000159708 0.00488533 0.00145292 -0.0033758 0.043126 -0.00138313 0.00862481 0.0134331 -0.000811051 0.00987364 0.000739749 -0.00236334 -0.00157893 0.0020192 0.0161205 0.000597731 -0.00603137 -0.00582084 5.74804e-07 -0.000165621 0.0173943 -0.00221173 -0.0011696 0.000491748 -0.000302864 -0.00416307 -0.00858984 0.00296301 -0.000798329 0.00340876 -0.00245243 -0.000659983 0.000375535 0.0404692 -0.00403541 0.0011709 -0.0191277 -0.000162103 0.0194012 -0.0156763 -4.75312e-05 0.00452269 0.0358617 -0.00170451 -0.0183617 0.000447722 0.00054492 -0.00291613 0.00695491 -0.0198608 -0.0104304 0.000560963 -0.00254998 
-0.00666447 0.00392307 0.000161845 -0.0306062 -0.0013212 -0.00185867 -0.0313008 -0.013812 0.0441365 -0.00292757 0.0293892 0.217974 0.0047282 -0.0462421 -0.0101402 -0.0575325 -0.000603241 0.0469519 0.0325154 -0.0611374 -0.0912703 0.00752867 0.068891 0.0116752 0.0147816 0.00153351 -0.0914148 0.00413648 -0.0105762 -0.0473917 -0.00576484 -0.000180559 -0.0319548 0.0182547 0.014483 -0.0746803 -0.0953521 0.092757 0.0127568 -0.000213262 -0.0310104 2.79296e-05 -0.000292282 -0.00962202 0.00656705 -0.0119403 -0.00623035 -0.0028081 -0.00170344 -0.000468593 0.00820094 0.0992458 -0.00391131 0.00158762 0.00217711 -0.00426916 0.0180363 0.000581339 0.00435612 -0.00555344 0.00704947 0.0817347 -0.00122179 -0.0115046 0.017532 -0.000214961 0.00114313 -0.00316338 -0.0340251 -6.79837e-05 -0.0051574 0.00703534 -0.0190172 0.00531802 0.00798489 -0.00315085 -0.0278317 0.00581357 0.00065372 -0.0012191 0.0303109 -0.00545611 0.00439829 -0.108025 0.00900968 0.0167202 -0.0130227 -0.000267697 -0.00928877 0.0120618 -0.00105576 0.00668164 0.00745313 0.00126138 0.000552277 0.0116282 -0.0468839 0.0667511 0.00688386 0.00599365 
-0.00486974 -0.0152276 -0.000977464 0.0258807 -0.00588463 -0.00347298 0.0139571 0.0342696 0.00864749 -0.002482 -0.0638171 0.0047282 0.226681 -0.0457719 -0.023499 0.0370072 -0.00103288 -0.0337462 0.0251696 0.0220005 0.026015 -0.0628519 0.00966415 -0.0323707 0.00968275 0.109565 -0.0374342 -0.0103645 -0.0474825 0.0196622 -0.00312012 -0.000852213 0.0141446 0.000971814 -0.00366539 0.0307991 0.0363132 0.000848412 -0.0337681 -0.000255432 -0.0268876 -0.000669315 -0.0200478 -0.00532683 0.000559122 0.00746003 0.00198059 -0.00152703 -0.00481272 -0.000867099 0.00571099 -0.0258528 -0.0147638 -0.0111501 -0.0128866 -0.00529944 -0.00810489 -0.000634969 0.00415292 0.00139725 -0.00010405 0.0129772 -0.00166298 0.010867 0.00460178 -0.000104553 -0.00122114 -0.0268465 -0.0137397 0.00138773 -0.00529889 0.00217999 -0.00310249 0.00555501 -0.00338855 -0.00370312 -0.0402755 -0.0151775 -0.00470648 -0.00201996 -0.0369035 0.003605 0.000682319 -0.0067915 -0.000309803 -0.0307171 0.0203 -0.00130327 -0.00584662 -0.025765 0.00491596 0.01341 -0.00387418 -0.000473598 0.00485112 -0.000888007 0.0360379 0.0163687 -0.0069518 -0.00205501 
-0.00704836 -0.00942415 -9.80944e-05 -0.0218523 -0.00551349 -5.52297e-06 0.0393197 -0.0150423 -0.020897 -0.00346152 0.0219528 -0.0462421 -0.0457719 0.242931 0.00642718 0.0170844 -0.00235024 -0.0126477 -0.0116514 0.0155706 0.0222354 0.0327982 -0.0527187 -0.0184105 -0.0368282 -0.0511087 0.0844623 -0.00808577 0.0237122 0.0104999 -0.00901145 -0.000505087 0.0247639 -0.00310224 -0.00802452 0.012715 0.00641667 -0.027402 0.00272415 0.000101789 0.0139793 -0.000542696 0.00233079 0.00229702 -0.00673813 0.00346511 -0.00259114 -0.00486522 -0.000452368 -0.00176723 -0.0112889 0.0147178 0.00122116 0.00454636 0.00921554 5.9384e-05 -0.00124209 -0.00162352 -0.00861941 -0.00606402 -0.0109705 -0.0340778 -0.00346414 -0.00399118 -0.0220648 -0.000235237 -0.00186325 0.0225425 0.0371036 -0.00334121 -0.00507965 -0.00664582 -0.000216271 -0.0260946 -0.00240325 -0.00453766 0.0224552 -0.0150049 -0.00655813 -0.000315771 0.00558179 0.00387107 -0.00352519 0.0604695 -0.0109832 0.0067299 -0.0332064 0.000108908 -0.00543032 -0.00688079 -0.00232909 -0.00991052 -0.0124222 0.00126258 -0.00600213 -0.00304877 0.000644378 -0.0432694 -0.00583349 -0.0236135 
0.000726526 -0.001241 -8.52293e-06 -0.0094685 0.000350967 0.00260485 0.00485292 -0.00225802 -0.0105932 0.000954572 0.00454144 -0.0101402 -0.023499 0.00642718 0.0764724 -0.00418437 0.000154765 -0.00544972 -0.000363896 -0.00334448 -0.000393688 0.00676639 -0.00832483 0.00428613 -0.00626647 -0.0313769 0.000370183 0.0138805 -0.00482602 0.00011561 0.00971105 -0.000135961 0.0014524 -0.00659601 -0.00422332 -0.00919816 0.00473745 -0.0135268 0.00642519 0.000392692 0.0110794 0.000520142 -0.00197089 -0.0016845 -0.00184694 0.00144634 0.00341094 -0.000197991 0.000324628 0.0011927 -0.00551851 -0.0170879 0.00783824 0.000603114 0.00159336 0.00564075 -0.00131784 0.000579385 -0.00088819 0.00532662 0.000361497 -0.012653 -0.00014773 -0.00100168 0.00139603 5.97715e-05 -9.52675e-06 0.00403282 0.00817486 -0.000703308 -0.00057755 -0.000711792 0.00309161 -0.00366355 -0.00142983 0.000218951 0.0132579 0.00534726 0.000728314 -5.39263e-05 0.00313356 -0.00108999 0.000473551 0.00358642 -0.00120402 -0.0196381 -0.000439249 -0.000113212 0.00576481 0.00102072 0.000330676 -0.00571156 0.0013767 0.00231462 0.00112199 -0.000405016 0.0032534 -0.0143563 0.000571349 0.00544557 
0.00237031 0.00358309 -0.000463607 0.00773915 -0.000852229 0.000683227 0.0343299 0.00824855 -0.0185341 0.000226122 -0.0404045 -0.0575325 0.0370072 0.0170844 -0.00418437 0.131463 -0.000899532 -0.0360156 -0.0198797 0.0513223 0.0728135 -0.0435686 -0.0275535 -0.0261997 0.00325721 0.0225199 0.0503234 -0.0186137 -0.00514837 0.0250457 -0.00167336 4.32824e-05 0.0167991 0.00268969 -0.010129 0.0472482 0.037512 -0.0315602 -0.027511 -0.000234654 0.00608233 -0.00104039 -0.00245761 0.00399051 -0.00401326 0.00331898 -0.000429944 0.000411411 -0.00420529 -0.00250596 -0.00671898 -0.049959 0.00135583 -0.00825997 -0.00898077 6.28528e-06 -0.0173537 -0.000642588 -0.00262124 0.00228461 -0.00440889 -0.0524503 -0.000488211 0.00627197 -0.00934113 -0.00021397 -0.000918192 -0.00265429 0.0213424 -0.000502868 0.00171611 -0.00570769 0.00451505 0.00644814 -0.00246611 0.00138448 0.0135396 0.000379022 -0.000502079 -0.000214517 -0.0475918 0.00425185 -0.00218746 0.0694876 -0.0126677 -0.0232453 0.00275888 -0.00061323 -0.00034252 -0.030369 0.00170218 0.0162905 -0.0182601 -0.00592101 -0.00234531 -0.0104327 0.0175239 -0.0246447 -0.0110411 -0.00769376 
-0.000328986 -0.000325162 4.69263e-05 0.000773546 1.89953e-05 1.0422e-05 -0.000923801 0.00176676 -0.000442154 0.000220981 -0.000809579 -0.000603241 -0.00103288 -0.00235024 0.000154765 -0.000899532 0.00785036 -0.000657278 0.000105508 -0.00241879 -9.7532e-06 -0.000956069 -0.00101536 -0.000533521 -0.00053593 0.000870506 -9.28229e-05 0.00056196 -0.000388862 0.000875084 0.00143276 -9.61451e-06 -0.000777591 -0.00110499 0.000567288 0.00127022 0.000421752 -0.000605845 -0.000281961 4.19195e-06 -0.000553648 1.02489e-05 0.000199867 -2.58714e-05 0.000252068 0.000522401 8.83053e-05 7.42395e-05 1.18473e-06 0.000319986 4.65733e-05 -0.002535 -8.40821e-05 4.61798e-05 0.00013347 0.000485587 -0.000256541 0.000131207 -9.48272e-05 -8.15072e-06 6.91025e-05 -7.58692e-05 0.000178946 0.000285727 -0.000474955 0.000178186 0.000206689 -6.46778e-05 -0.000753332 0.000204786 4.43473e-05 -2.10855e-05 0.0023984 0.000797201 -0.000113173 -1.60648e-05 -0.000320362 -0.000348742 -7.49008e-05 5.15322e-05 -0.000364526 -9.17543e-05 0.000152487 -0.00137453 -3.11897e-05 -0.00235155 -0.000730978 5.5552e-06 -5.42872e-05 -2.04452e-06 0.000458769 0.000163349 0.000268547 0.00014163 0.000319483 -0.000149466 0.00224517 -0.000947114 0.000275853 0.00131356 
-0.0110034 -0.000395483 -0.00017665 -0.0294564 0.00342249 -0.0014844 0.0103926 -0.0194515 0.0508866 -0.00397797 0.0411299 0.0469519 -0.0337462 -0.0126477 -0.00544972 -0.0360156 -0.000657278 0.245776 0.0161242 -0.0691006 -0.0274045 0.0907703 -0.0304066 0.0816998 -0.0405925 -0.0611413 -0.0629893 0.00884079 0.0338335 -0.0318933 -0.0126348 -0.000503575 -0.0365935 -0.0184759 -0.00936207 -0.0636018 -0.0211089 -0.0036567 0.0390731 -0.000367502 -0.0112488 -0.000306812 0.014319 -0.00383746 0.00334055 -0.00604984 0.0170485 -0.00505859 0.00334136 -0.000566206 -0.00530082 0.0595662 0.00298954 0.00178363 0.00846835 -0.00233814 -0.00253568 0.000876249 0.00414906 -0.00103957 -0.0032061 0.0385016 0.000344621 -0.00838111 -0.0297018 -0.000694862 -0.00147707 0.00669524 -0.0350151 -0.00274048 -0.004045 -0.000618149 -0.0243535 0.0090984 -0.00380696 -0.00536225 -0.0429817 0.00608753 -0.00578278 -0.00107551 0.022392 0.00762714 0.00425727 -0.0449424 0.00140787 0.0676475 -0.0217764 -0.000480524 -0.00136971 0.0137616 -0.00225023 -0.0598515 0.0114351 0.00741022 -0.00455608 0.00628594 -0.0365606 -0.00635484 0.0107764 0.0314497 
-0.00578737 -0.00615249 0.000261442 0.0190906 -0.000213864 -0.00055729 -0.0251595 0.0335138 0.0115814 -0.00172369 0.00355071 0.0325154 0.0251696 -0.0116514 -0.000363896 -0.0198797 0.000105508 0.0161242 0.15162 -0.0396386 -0.0111612 0.0187658 -0.00162314 0.00238655 -0.00963464 0.00956687 -0.0568416 0.00512949 -0.00828534 -0.0245397 -0.0022894 -0.000283106 -0.0183611 -0.0202756 -0.00650248 -0.0378688 -0.000704318 0.00550778 0.00536715 -8.23525e-05 -0.0270118 0.000195049 -0.00610098 -0.00239621 0.00294473 0.0182831 0.0144329 -0.00135501 0.000716096 -0.000780124 -0.00595348 0.000450784 -0.00236502 0.00600555 0.00532931 -0.000735418 -0.00320385 0.000175368 0.00868046 -0.00221471 0.00166842 0.00610233 0.000285081 0.00146058 -0.00797959 9.85291e-05 -0.000615969 -0.00781523 -0.0363188 -0.000667054 -0.00303103 0.00595042 0.00246334 -0.0094838 0.00423149 -0.00205181 -0.0180305 -0.00524807 -0.00365525 -0.000758538 0.00281854 -0.000295538 -0.000181938 -0.0183567 0.00689877 -0.0260342 -0.0131187 1.21427e-05 0.0344564 -0.00218243 -0.00157104 -0.00774991 0.00903398 0.00960651 -0.00166448 0.0110077 0.015879 0.004496 0.00510705 0.00946179 
0.00935923 -0.00712964 2.31811e-05 0.0109113 -0.0041592 -0.000930833 0.0457233 -0.0139483 -0.0329229 0.00393617 -0.0450434 -0.0611374 0.0220005 0.0155706 -0.00334448 0.0513223 -0.00241879 -0.0691006 -0.0396386 0.244193 0.0583017 -0.0575393 -0.0255394 -0.0384381 0.0157514 -0.0133149 0.0637603 -0.014417 -0.0254184 0.0337299 -1.54169e-05 -8.99247e-05 0.0475958 0.0356581 -0.000965599 0.0273143 0.0432199 -0.0270362 -0.0425019 -3.05036e-05 0.0414034 -0.000819718 -0.00239851 0.00440239 -0.00667512 -0.0178762 0.000902824 0.00333996 -0.00388391 0.000867443 -0.0069412 -0.0537714 -0.00877819 -0.00486565 -0.0276084 -0.00372763 -0.00494723 -0.00157435 -0.00538703 0.00794059 -0.00518574 -0.0645436 -7.20692e-05 0.00765882 0.00703396 -0.00121057 -0.000363444 0.0042551 0.0688161 -0.00214261 -0.0024349 -0.00564519 -0.0136477 -0.0252893 -0.00159297 0.00222235 0.000732963 -0.00395101 -0.000917241 -0.000832495 -0.0369882 0.00267677 -0.00700603 0.0438369 -0.0102063 -0.0125199 0.0248054 0.000467071 -0.0186934 -0.0193504 -0.00246873 0.0284883 -0.00534322 -0.00440436 0.00301384 -0.0132788 -0.0146688 -0.028397 -0.00473911 -0.00100683 
-0.00263648 -0.00554618 6.51675e-05 0.026644 -0.00041782 0.000547429 0.059871 0.0375659 -0.0188243 0.000972209 -0.0329212 -0.0912703 0.026015 0.0222354 -0.000393688 0.0728135 -9.7532e-06 -0.0274045 -0.0111612 0.0583017 0.199825 -0.04761 -0.077032 -0.0367365 -0.00657759 0.00595564 0.0684869 -0.0166607 -0.000379095 0.0363467 0.0035945 -0.000724929 0.0261253 -0.0106877 -0.0276579 0.0647767 0.0714124 -0.0752269 -0.0182534 -3.49643e-05 0.0209531 -0.000999305 -0.00918695 0.00671052 0.00489551 0.0101419 0.00871647 0.00314816 -0.00414225 -0.00366874 -0.00666485 -0.0915491 -0.00239067 -0.00721293 -0.0111274 -0.000147928 -0.0324866 -0.00150369 -0.00175616 0.00214061 -0.0112341 -0.103001 8.72267e-05 0.00823685 -0.0235223 -0.000152724 -0.00159108 -0.00794486 0.0461432 -0.000428767 0.00398885 -0.0066692 0.00225596 0.00184482 -0.0103946 0.00197379 0.015329 0.00327867 -0.00655539 0.000193818 -0.0418038 0.0111958 -0.00732275 0.102671 -0.0093118 -0.0433594 0.000130892 -3.67516e-05 0.00720071 -0.0199512 -0.000505861 -0.0150011 -0.00940455 -0.00135926 -0.00335467 -0.0078825 0.0270332 -0.0586503 -0.00300699 0.00362304 
-0.00622215 -0.00606988 -0.000259447 -0.0225709 -0.00444551 0.00148973 -0.0431805 -0.0233438 0.0209143 -0.00381127 0.0568947 0.00752867 -0.0628519 0.0327982 0.00676639 -0.0435686 -0.000956069 0.0907703 0.0187658 -0.0575393 -0.04761 0.244552 -0.0275824 0.0556323 -0.0512403 -0.058693 -0.00924915 0.00710573 0.00976362 -0.0283191 -0.00760027 -9.19262e-05 -0.0288444 -0.0413264 0.00235781 -0.0570166 -0.000211194 -0.0112752 0.0422796 -4.61606e-05 0.00265466 0.000168151 0.0157953 -0.00301267 -0.00660494 0.0162156 0.00111745 -0.00182122 0.00210924 -0.000998565 -0.0187098 0.0551359 0.00281957 0.0071574 0.0120283 0.00262679 0.0020663 0.000812363 -0.0002366 -0.00462479 -0.000319622 0.0338473 -0.00207073 -0.0132265 -0.0160388 -0.000669136 -0.00140552 0.0204962 -0.0222742 -0.00219181 0.00158678 -0.00290718 0.0001651 -0.0191015 -0.00208331 -0.00449763 0.0040097 -0.0119052 -0.00188168 1.66005e-05 0.0346699 0.00797387 0.00234839 -0.00138832 0.00370513 0.023988 -0.0287139 -0.000470718 0.0200481 0.0230429 -0.00313253 -0.0548162 0.0079263 0.00635847 -0.00611208 0.00287161 -0.0118226 -0.0240732 0.0037461 -0.00409017 
0.0211201 0.0121107 -6.39547e-05 -0.0130162 -0.00475557 -0.00117405 -0.0652469 -0.0221023 0.00112298 -3.44046e-05 -0.0175644 0.068891 0.00966415 -0.0527187 -0.00832483 -0.0275535 -0.00101536 -0.0304066 -0.00162314 -0.0255394 -0.077032 -0.0275824 0.184555 -0.0281987 0.0529561 0.0238876 -0.0544868 0.00764181 -0.0186418 -0.0402218 -0.0058176 0.000817993 -0.0255284 0.0275838 0.0234642 -0.0324345 -0.0751456 0.0761658 -0.0110442 -0.00011781 -0.0252996 0.000406998 -0.00371377 -0.0051943 0.00111236 -0.0108737 -0.0192257 -0.00113231 -0.00116746 0.00115418 0.0236432 0.0606442 -0.00456498 -0.00383442 -0.00483603 -0.00343365 0.0261236 9.96006e-05 0.00193401 -0.003222 0.0080048 0.0662049 -0.00126673 -0.00919222 0.0342979 -2.51854e-05 0.00217528 -0.0150642 -0.0446529 0.000247532 -6.14095e-05 0.00744024 -0.000602861 0.0124457 0.00736533 0.00271835 0.00252199 0.00166222 0.00305902 -0.000495933 0.00448819 -0.00897677 -0.000121154 -0.066151 0.00803687 0.00907449 0.0205884 -9.41392e-05 -0.0174565 -0.00125239 -0.00225191 0.0450948 0.00968324 -0.00285032 0.00430604 -0.000787144 -0.0252654 0.0889425 -0.00248227 -0.0105178 
-0.00865343 -0.00711896 0.000236033 0.00536321 0.00748355 2.79271e-05 -0.0180934 -0.0306173 -0.0135362 -0.00248289 0.022275 0.0116752 -0.0323707 -0.0184105 0.00428613 -0.0261997 -0.000533521 0.0816998 0.00238655 -0.0384381 -0.0367365 0.0556323 -0.0281987 0.203717 -0.0214092 -0.0534663 -0.0570144 0.0112475 0.0172111 -0.0141644 0.00636286 -5.21993e-05 -0.0318258 -0.0229079 -0.00487145 -0.0347775 -0.0108826 -0.0285112 0.0482902 -0.000100885 -0.0152558 -2.29093e-05 -0.00367327 -0.00148586 0.000793188 -0.00671666 0.0307699 -0.00121989 0.00493193 0.00144227 -0.0119842 0.000480751 0.0167054 0.00377312 0.0162326 0.000352693 -0.0064859 0.000834698 -0.00189448 0.000575747 0.00144293 0.0170356 -0.000538428 -0.00417441 -0.0134795 9.41511e-05 -0.000746736 0.002653 -0.0258256 -0.00103416 -0.00486521 -0.00298236 0.0013679 0.00627426 -0.00192083 -0.00185029 0.00123098 0.0154114 0.00406533 -0.000740114 0.0247777 -0.00623836 0.00252496 -0.0248293 -0.000594242 0.0604194 -0.0170532 -0.000696121 0.0110479 0.0106823 -0.000507549 -0.0213998 0.00326928 0.00305401 -0.00298636 0.00500283 -0.00849876 -0.0294225 0.00819169 0.0271641 
0.00821913 0.00514391 0.000816096 -0.00102026 -0.00166518 -0.00105062 -0.00456447 0.00234161 -0.0081209 -0.000496702 -0.0197632 0.0147816 0.00968275 -0.0368282 -0.00626647 0.00325721 -0.00053593 -0.0405925 -0.00963464 0.0157514 -0.00657759 -0.0512403 0.0529561 -0.0214092 0.131191 0.0187302 -0.0179328 -0.00376369 -0.00812573 -0.00695388 3.32673e-05 8.66079e-05 -0.0106079 0.029669 0.0118286 -0.00113142 -0.0337219 0.0148397 -0.0153791 -0.000108137 -0.0158234 0.000342598 -0.0062731 -0.00424629 0.00342667 -0.00903524 -0.00583222 0.00197399 -0.000615642 -0.000557796 0.0222552 -0.000653479 -0.000928109 -0.00155751 -0.006459 -0.00219235 0.00875826 -0.000332539 0.00062798 -0.000202495 0.000233979 -0.0022328 -0.000699801 -0.00154868 0.0132193 -3.71392e-06 0.000926583 -0.00796291 -0.0222694 0.00135687 -0.000382085 0.00108614 -0.000661877 0.0101538 -0.0019231 0.00560004 0.00701081 0.00546015 0.00313446 -0.000187838 -0.0113037 -0.00431043 -0.00102948 -0.0184941 -0.000707647 -0.0178301 0.0206244 0.00113726 -0.00745929 -0.00748179 -0.000670981 0.03757 -0.00168934 -0.00388577 0.00378275 -0.00216794 -0.0132389 0.0266919 0.000341746 -0.00470184 
-0.00883073 -0.000850115 -0.000919034 0.021923 -0.0111195 -0.000483025 -0.0157086 0.0542251 0.0147449 0.000917967 -0.0513911 0.00153351 0.109565 -0.0511087 -0.0313769 0.0225199 0.000870506 -0.0611413 0.00956687 -0.0133149 0.00595564 -0.058693 0.0238876 -0.0534663 0.0187302 0.248893 -0.0116013 -0.0142422 -0.0334778 0.0297897 -0.00713187 -0.000371493 0.0196765 0.00412498 0.0154467 0.059988 0.0254515 0.0344269 -0.0423569 -0.000205267 -0.0527143 -0.000170665 -0.0178055 -0.00379175 0.00105845 0.0113685 -0.0191348 -0.00151381 -0.00487352 -0.00297492 0.0056535 -0.0307663 -0.0149615 -0.00881018 -0.00919995 -0.00283954 -0.006158 -0.000120337 0.0027969 -0.00763218 0.00184019 0.0295856 -0.00187186 -0.00293931 0.00652656 0.000429609 -9.9059e-05 -0.0223807 -0.0394239 0.00410462 -0.00436449 0.00258534 0.0137742 0.00749201 -0.00034205 -0.00276426 -0.039873 -0.0208713 -0.00335799 0.000575985 -0.0306993 -0.00970332 0.00285215 -0.00927139 0.00390779 -0.0288187 0.00233827 -0.000597912 0.00802199 -0.0164857 0.00430417 0.0193471 -0.00965799 -0.00503532 -0.000656071 -0.00395135 0.0422831 0.0431756 -0.0072491 -0.0245887 
-0.0029548 -0.00159763 -0.000657797 -0.0115683 -0.00247798 -0.000237434 0.0387675 -0.00512243 -0.0331788 0.00292963 0.0020306 -0.0914148 -0.0374342 0.0844623 0.000370183 0.0503234 -9.28229e-05 -0.0629893 -0.0568416 0.0637603 0.0684869 -0.00924915 -0.0544868 -0.0570144 -0.0179328 -0.0116013 0.241092 -0.0183689 0.00838675 0.0262014 -0.00281679 0.000390847 0.0483196 0.00190381 -0.0112271 0.0739425 0.0308395 -0.0421081 -0.0222217 7.00216e-05 0.0414275 -0.000388812 0.00907729 0.00720854 -0.00789129 0.0054298 -0.0205718 -0.000767651 -0.00425596 -0.00396412 -0.0179522 -0.0380404 -0.010243 -0.00169208 -0.0109293 -0.00278941 -0.00153809 -0.00168264 -0.00959743 0.00217536 -0.00663041 -0.0571181 -0.00225373 -0.00233617 -0.0196024 -0.000105819 -0.000707711 0.0145381 0.0733004 -0.00258519 0.00631682 -0.00719513 0.0103955 -0.0156853 -0.0018958 0.00237677 0.0285335 -0.0118094 -0.000962525 0.000258239 -0.0163142 -0.000395826 -0.00656839 0.0851541 -0.0129743 -0.0213935 -0.0103993 1.97733e-05 -0.012216 -0.0120024 -0.00237269 0.00969885 -0.0169388 -0.00442475 -0.009109 -0.0118112 0.00534069 -0.0581598 -0.0118871 -0.0217742 
0.00166727 -0.00105726 -2.56719e-05 0.000155806 0.00140779 0.000247996 -0.00938663 -0.00209666 -0.00446862 -0.000325229 7.4991e-05 0.00413648 -0.0103645 -0.00808577 0.0138805 -0.0186137 0.00056196 0.00884079 0.00512949 -0.014417 -0.0166607 0.00710573 0.00764181 0.0112475 -0.00376369 -0.0142422 -0.0183689 0.0361927 -0.00150549 -0.00657632 0.00332675 -7.54347e-05 -0.00517519 -0.00497314 -0.00224712 -0.0127335 -0.00533341 -0.00443195 0.0142198 0.000100008 -0.00421893 0.000311625 -0.00132704 -0.00127473 -4.52223e-05 -0.0020962 0.00316318 -0.0003548 0.00102779 0.00163566 -0.000895735 0.000999366 0.00724589 0.0015248 0.00324487 0.00167638 0.000254777 0.000300832 0.000129824 0.000555161 -0.000360535 0.0021449 6.45813e-05 -0.000765647 0.000509332 9.65979e-06 -2.60655e-05 -0.00102598 -0.00791016 -0.000293873 -0.00072729 0.00145325 0.00321611 0.00132451 3.46831e-05 -0.000422915 0.0024301 0.00383571 -0.000178288 -0.000175655 0.0104924 -0.00151193 0.000612123 -0.0142165 0.00182624 0.0045648 0.00177999 5.4602e-05 0.000823303 0.00161279 -0.000235735 -0.00153418 0.0114389 0.00522381 0.00194433 0.000294908 0.00207955 -0.00229576 0.00351669 0.0075265 
-0.00536301 0.00705321 0.000195862 -0.00653778 0.00813226 -0.000163401 0.00888648 -0.0172741 -0.00441911 -0.00137002 0.0105871 -0.0105762 -0.0474825 0.0237122 -0.00482602 -0.00514837 -0.000388862 0.0338335 -0.00828534 -0.0254184 -0.000379095 0.00976362 -0.0186418 0.0172111 -0.00812573 -0.0334778 0.00838675 -0.00150549 0.110702 -0.00451415 -0.00240686 -0.000251411 -0.0144333 -0.0130405 -0.00641546 0.0071651 -0.0137579 -0.00965482 0.00565429 -0.000115327 0.0044886 -0.000185321 -0.00173729 0.0051935 -0.00117459 -0.00641155 -0.00521258 -0.00143956 0.00208313 -0.000114129 0.00460616 0.0145543 -0.00405548 0.00136753 0.0075628 -0.00126272 -0.0058468 -0.000170961 -0.000139589 -0.000966022 -0.00295792 -0.0096503 0.000248347 -0.00298729 -0.00342794 -0.000237874 -0.000450333 -0.0043177 -0.00965575 -0.000400113 0.000400996 -0.0013152 -0.00246435 0.000570534 -0.00372912 -0.00151857 -0.00886988 0.000103036 -0.00141703 -0.000444914 0.0108571 0.00242832 -0.00130193 0.0122524 -0.00178374 0.040656 -0.0104404 0.000177426 1.09736e-05 0.00974768 -0.000978496 -0.0101213 -0.00272633 -0.0022138 -0.00131762 0.00522441 -0.00877291 0.000582461 0.00390993 0.00788086 
-0.00243484 -0.00885994 -0.000193241 -0.0183191 0.00160161 0.00111534 0.014313 0.00797693 -0.0364114 0.00235576 -0.0296707 -0.0473917 0.0196622 0.0104999 0.00011561 0.0250457 0.000875084 -0.0318933 -0.0245397 0.0337299 0.0363467 -0.0283191 -0.0402218 -0.0141644 -0.00695388 0.0297897 0.0262014 -0.00657632 -0.00451415 0.194598 0.00347804 -0.000392349 0.0332746 -0.0162679 0.0111238 0.0980495 0.0246402 -0.0251842 -0.0222782 -0.0001242 0.0165666 -0.000319533 -0.0108477 0.00321836 0.0127273 -0.00625961 -0.00367995 -0.000628162 -0.00309133 -0.00286853 -0.00629518 -0.0649335 -0.011906 -0.00435354 -0.0116002 0.00342848 -0.0142279 -0.000615194 -0.000396674 0.000502614 -0.00399428 -0.0252385 -0.000759327 0.00245681 -0.0134151 -0.000467109 -1.53773e-05 0.00246045 0.0349706 0.00373885 0.00376337 -0.00317564 -0.0125097 0.00382521 -0.00992746 0.00148084 0.000522067 -0.01074 0.00353827 0.000512878 -0.0197618 0.00395818 0.000211104 0.0457439 -0.00472049 -0.0210857 0.00918668 0.000359263 -0.0168113 -0.0137826 0.00222323 -0.0186651 -0.00510322 -0.00184582 -0.00386043 -0.00759077 0.00226562 -0.0259273 0.000162103 -0.00648509 
-0.000918171 -0.000842638 2.70878e-05 0.00644614 0.00350956 0.000834571 -0.000592176 -0.00236527 -0.00396965 0.00100169 -0.00268317 -0.00576484 -0.00312012 -0.00901145 0.00971105 -0.00167336 0.00143276 -0.0126348 -0.0022894 -1.54169e-05 0.0035945 -0.00760027 -0.0058176 0.00636286 3.32673e-05 -0.00713187 -0.00281679 0.00332675 -0.00240686 0.00347804 0.0401247 7.5841e-05 -0.00128231 -0.00495281 -0.00173685 -0.00183161 0.00179133 -0.00672999 -0.00240322 0.000195549 0.00264397 0.00012059 -0.00193588 -0.000968832 0.000955216 -0.00114745 0.00234465 4.46218e-05 -0.000191969 0.00128583 -0.00133876 -0.0149458 0.00221616 -0.000636698 0.00144423 0.00177091 -0.00246005 -6.7638e-05 -0.000659487 0.000994245 0.00032092 -0.00846138 -0.000125898 0.000942074 0.000713109 0.000160665 0.000455244 -0.000240455 0.00504933 3.7924e-05 0.000878383 -0.000379005 0.00945928 0.00409854 -0.0012491 0.000258791 0.00462283 0.00308949 0.00107361 -2.86359e-05 -0.00237314 -0.000551319 0.00079585 0.00518466 -0.000547938 -0.0116109 0.000136512 -0.000114536 0.00179167 -0.000611332 0.000394981 0.00207696 -0.00143464 -0.000403678 0.00114198 -0.00106041 0.0103722 -0.00597895 -0.000629495 0.00192283 
0.000461162 -3.91442e-05 -4.35928e-08 -1.84131e-06 -3.07409e-05 5.27324e-05 -0.00140709 -0.000576807 -0.00050047 9.94802e-05 0.000112431 -0.000180559 -0.000852213 -0.000505087 -0.000135961 4.32824e-05 -9.61451e-06 -0.000503575 -0.000283106 -8.99247e-05 -0.000724929 -9.19262e-05 0.000817993 -5.21993e-05 8.66079e-05 -0.000371493 0.000390847 -7.54347e-05 -0.000251411 -0.000392349 7.5841e-05 0.00448344 -0.000558283 5.90278e-05 -9.30886e-05 -0.000379294 -0.00106727 0.000160616 6.52063e-05 -2.8589e-06 -0.00015965 -7.86934e-06 0.00031437 0.000298628 -7.47186e-05 0.000161479 -0.000130473 5.57021e-05 3.68349e-05 5.04565e-07 -9.03355e-05 -0.000506861 0.000139091 0.000161329 0.000260106 -5.37567e-05 0.000150262 -6.54055e-06 -8.7891e-05 -1.49898e-05 0.000285986 -0.000231757 -3.98833e-05 -5.75281e-05 0.000729691 4.71188e-05 8.2566e-06 0.000231762 -0.000787867 8.85899e-06 -5.17861e-05 -3.89232e-05 0.000448644 3.77329e-05 6.451e-05 1.91642e-06 0.000295442 -0.000198962 1.40322e-05 4.91055e-05 -0.000148705 -0.000184765 -3.76741e-05 0.000321149 0.000101606 0.00012504 -5.99339e-05 2.05144e-05 -0.000255224 -0.000235535 -1.49043e-05 0.000647599 0.000488925 6.71041e-05 9.89236e-05 -0.000133664 0.000141087 0.00036025 7.28933e-06 -0.000302598 
-0.00395226 -0.00510113 -0.000246546 -0.0224861 -0.00261639 0.000157522 0.0391515 0.0018245 -0.00941095 0.00118965 -0.0152182 -0.0319548 0.0141446 0.0247639 0.0014524 0.0167991 -0.000777591 -0.0365935 -0.0183611 0.0475958 0.0261253 -0.0288444 -0.0255284 -0.0318258 -0.0106079 0.0196765 0.0483196 -0.00517519 -0.0144333 0.0332746 -0.00128231 -0.000558283 0.124578 0.0179762 -0.00436104 0.0487849 0.0210992 -0.0162788 -0.0147641 0.00033816 0.00213575 -4.41163e-05 -0.00419077 0.00105133 -0.00406449 -0.00512796 -0.0116489 -0.000100978 -0.00185526 -0.00126161 -0.00600106 -0.0393482 -0.00790663 -0.00251075 -0.00744465 -0.00038976 -0.0055363 -0.000438596 -0.00256745 0.00284799 -0.00227189 -0.032268 -0.000863392 -0.00476709 -0.00725577 -9.46131e-05 -0.000189348 0.0069118 0.0486789 -0.000399229 -0.000660494 -0.00177276 -0.0112873 -0.00747882 -0.0054738 -0.000945025 0.00482379 -0.00631068 0.000448611 0.000662761 -0.0126457 0.0021239 -0.00105737 0.0305233 -0.00167788 -0.01394 0.0124353 -0.000268028 -0.00802324 -0.00745535 -0.00141814 -0.0107906 -0.00517767 0.000376366 -0.00256369 -0.00363606 -0.012647 -0.0224938 -0.00395713 -0.00966581 
0.00493715 -0.00296445 2.36768e-05 -0.0268507 -0.00312726 -0.000466955 0.0273665 -0.00915679 -0.0122837 0.00205448 -0.0107687 0.0182547 0.000971814 -0.00310224 -0.00659601 0.00268969 -0.00110499 -0.0184759 -0.0202756 0.0356581 -0.0106877 -0.0413264 0.0275838 -0.0229079 0.029669 0.00412498 0.00190381 -0.00497314 -0.0130405 -0.0162679 -0.00495281 5.90278e-05 0.0179762 0.15178 0.0134766 -0.00952725 -0.0265877 0.0184253 -0.00255915 4.57354e-06 0.00721913 3.06158e-05 -0.00462361 -0.00330797 -0.0011494 -0.00976403 -8.05507e-05 -0.00235102 -0.0018087 -0.00173193 0.00494658 0.0130931 -0.00308157 -0.00061953 -0.00918086 -0.00279563 0.0156273 -0.000135698 -0.00158779 -0.000314154 0.00231297 -0.00281383 -0.000871551 -0.00517316 0.0144198 -0.000302435 0.00119048 -0.00696351 0.0128571 -0.00098991 -0.00231908 -0.000447994 -0.0103551 -0.00852113 -0.00430141 -1.99649e-05 -0.00478644 0.00536734 -0.00143395 5.54446e-05 -0.00572326 -0.0079438 -0.000332525 -0.0271762 -0.000190932 -0.00906803 0.00886939 8.06408e-05 -0.013586 -0.00807024 -0.000215335 0.0101126 -0.00195931 -0.00383224 0.001368 -0.00232413 -0.0255023 0.014384 -0.00156046 -0.00157349 
