0.0212806 -7.87931e-06 -0.00144184 0.000210898 -0.00315403 -0.000200904 -0.000928787 -0.000502166 3.49504e-05 -0.00697985 0.000432574 -0.000364137 0.000594966 -0.00533461 -0.000213954 -0.000758208 -0.00226921 -0.00128879 -0.000108288 0.00423926 0.00446059 0.00225569 -0.00294717 8.55571e-05 -0.00281524 -0.000138731 0.000122281 0.00018636 -0.00461975 -6.50377e-05 0.000776436 -0.000139947 0.00208173 -0.00108291 7.32144e-05 6.21284e-05 0.000212338 -0.000257866 0.000135331 0.00179663 3.4697e-05 -0.00296759 -0.000170273 -0.003213 -0.00101118 7.31988e-06 -0.00218104 -0.00128212 -0.00340891 -0.000254399 -0.00158359 -0.000570898 -0.000222452 3.92341e-05 0.00324863 -3.14091e-05 -0.00322862 0.00246916 0.000717492 0.00169627 0.00100541 -0.00265589 0.000307689 0.000174218 -0.00015921 -9.32454e-05 -0.000227485 -0.000158816 -0.000391773 0.000179 -2.7068e-05 0.00318861 -0.000140131 0.00490255 -4.36128e-05 -2.58361e-05 -0.000830505 -0.000291187 1.40102e-05 -0.000244542 -0.000202283 0.000398929 -2.0798e-05 0.00136581 -0.000474234 -0.00199228 0.000996021 0.00243024 -0.000180642 -4.9436e-05 0.00197145 0.00298286 -0.00282821 0.000878874 -0.000601569 -8.69478e-05 0.00161997 0.000362136 -0.000542502 -0.00201917 
-7.87931e-06 0.00846412 0.00253104 4.7621e-05 -0.00160206 0.000953084 0.000978783 0.000636526 0.00121574 -0.00228339 0.00173437 0.000346144 -0.000126355 -0.000476444 -0.000275147 3.49223e-05 -0.00158903 0.00115961 -0.00225022 0.000698504 -0.00111782 -0.00186597 0.000262668 0.000107473 -0.000426571 -0.0013253 0.000131766 0.000383375 0.000259633 0.000287945 0.000434124 9.07851e-05 -0.0010646 -0.000650562 0.000648449 -7.21366e-05 0.000259763 4.92044e-05 -4.26126e-05 0.00144021 7.78722e-05 -0.00127188 -7.22838e-05 -0.000173401 0.00198346 0.00044077 -0.00034514 -0.000512179 -0.00134092 -0.000174653 -0.00025262 -0.000119452 0.000114724 7.73166e-06 -0.00118285 0.000443129 -0.00035204 0.000401816 7.20976e-05 -0.00290093 -0.0005506 -0.000719878 2.31798e-05 0.000144653 -0.000100668 3.60821e-05 -2.90133e-05 -3.67597e-05 0.00028028 0.000873587 1.53298e-05 -0.000205432 -0.000228556 -5.69271e-05 2.77915e-05 3.61834e-06 0.00050446 0.000119578 -1.37019e-06 8.78095e-05 0.000446916 0.000221801 -2.74561e-05 -0.00118131 0.000104768 -0.00157945 -0.000322986 -0.00040094 0.000346818 6.89737e-05 0.000837841 -0.000275595 -0.00141508 -3.81064e-05 -0.000702419 -0.000118463 -0.00043515 -0.000254206 -0.000270721 0.00198459 
-0.00144184 0.00253104 0.101589 0.0169566 -0.0359093 -0.00120643 0.004239 0.00142996 0.00669798 -0.00287902 0.00458679 0.00799062 0.0241684 -0.0334052 0.0107471 -0.00642639 -0.0282909 0.0344034 -0.0387392 0.00394877 0.00358716 -0.0270382 0.0185341 -0.000260355 -0.0239492 -0.0165675 -0.000434333 -0.000148816 0.00127503 0.00136272 0.00253899 0.000805235 -0.00833835 -0.00444456 0.00920036 -0.00269671 0.00288476 -0.0027688 -0.00122379 0.00815103 0.000106559 -0.01604 -0.000327032 -0.0149589 0.0174018 0.000112611 0.00148673 0.005722 -0.00952934 0.00163643 -0.00694696 0.00730999 0.00201456 0.000291826 -0.0238878 0.00428982 -0.00757309 0.00422744 0.00648608 -0.0322669 -0.00362729 -0.012618 0.00214653 0.000658541 -0.00131564 0.00297467 0.000568839 -0.000682347 0.00972854 0.00548899 4.64016e-05 0.0169206 -0.00328905 0.00954624 9.49662e-05 0.00103521 0.0235165 0.00562096 1.77872e-05 -0.000960517 0.00364957 -0.000426018 -9.47989e-05 0.00511114 -0.00366902 -0.0116563 -0.00631326 0.00738458 -0.002156 0.000225241 0.00448454 -0.00563896 -0.0280942 -0.00232807 -0.00963724 -0.000332752 0.00868704 -0.00358948 -0.00657786 0.0240852 
0.000210898 4.7621e-05 0.0169566 0.128999 -0.0311336 -0.00184185 -0.000996715 -0.0026573 -0.00488901 -0.00917859 0.00021219 -0.00256237 -0.00370291 -0.0513135 -0.0109069 -0.00816137 -0.0279382 -0.00592226 -0.0436104 0.0174506 0.00731697 0.01285 0.0181818 -0.000281393 -0.0313153 -0.0039633 -0.000394534 -0.00111443 -0.0288285 -0.000129475 -7.40957e-05 0.000393212 0.0137183 -0.00865759 0.00233301 -0.0010031 -0.000395275 -0.00196574 -0.00179765 0.00506822 -0.000405231 -0.0277962 0.000844997 -0.020405 -0.00864277 -0.000354015 0.0462535 -0.00569604 -0.0419899 -0.00689523 -0.00849137 -0.00471181 -0.000499046 4.65601e-05 0.0295991 0.000717051 -0.010511 0.0372765 0.000273979 0.0147985 -0.0051223 -0.00415278 0.00346658 -0.000356566 0.00034236 -0.000407037 0.0013763 -0.00116544 0.00625978 0.000722503 1.36137e-05 0.0366175 -0.00249503 0.000778274 0.000543194 -0.00190338 -0.010037 0.00256034 -1.80812e-05 -0.00166583 -0.00296162 -0.000425858 -0.000282724 0.0208604 -0.00324305 -0.0184091 -0.00184081 0.0300001 -0.00704587 -0.000466979 -0.0026002 0.01846 -0.0129165 -0.002158 -0.0179984 0.0074326 0.0503919 -0.00391926 -0.011642 0.000992918 
-0.00315403 -0.00160206 -0.0359093 -0.0311336 0.227576 0.00408995 -0.0116958 -0.00326551 -0.00980479 0.065806 -0.00158227 -0.00643866 -0.0237808 0.0742926 -0.0233489 0.0178338 0.135935 -0.0312335 0.0871979 -0.0287075 -0.0808851 -0.0535921 -0.0349607 0.00404622 0.110674 -0.0321177 0.00101893 -0.000253171 0.0244181 -0.00086506 -0.0207491 -0.00184674 -0.00953053 0.0429497 -0.011757 0.00449955 -0.00390762 0.00246004 -0.00600396 -0.0222119 -0.00128395 0.108392 -0.000855045 0.10725 -0.00676702 -0.00341109 -0.0610417 -4.76814e-05 0.0766786 -0.00799118 0.025864 -0.00453614 -0.00102592 -0.000455269 -0.0844778 -0.00213306 0.009948 -0.1319 -0.0128147 -0.0449275 -0.00902784 0.0504511 -0.00479262 -0.00282115 -0.00137435 -0.00148673 0.00215175 0.00354857 -0.0181409 0.000811808 -0.000263842 -0.130587 0.00724369 -0.0231293 -0.000243148 0.00125192 -0.0134285 -0.00291092 -0.000211632 0.00848596 -0.00385253 -0.00194157 -0.000871203 -0.0879653 0.0152081 0.0476241 0.0064931 -0.0870436 9.93018e-06 -0.00181643 -0.0404616 -0.0264663 0.0944658 0.00524421 0.00721133 -0.00677323 -0.0815858 0.00403937 0.0123567 0.00367282 
-0.000200904 0.000953084 -0.00120643 -0.00184185 0.00408995 0.0316609 -0.000266951 0.00190369 -0.000385794 -0.0058345 -0.000198977 -0.000342501 0.000225722 0.00329802 0.00525703 0.00212748 0.00637766 -0.00211812 -0.00371259 0.00156411 -0.0127927 0.00152935 -0.00122083 0.00236331 0.0139733 0.00054756 0.000376846 6.63273e-05 0.000804169 0.000126813 0.00993099 -0.000156216 -0.00307286 0.00415235 -0.000600471 -4.56501e-05 -0.00019107 -0.000721606 -0.000149418 -0.000248037 -5.92112e-05 -0.000308374 -0.000106281 0.00584784 -0.000952605 -7.24053e-05 -0.00369572 -0.00161076 -0.00594517 -0.000987213 0.00172269 0.000303552 0.000415436 -0.000115188 -0.0113429 3.67142e-05 0.00226509 -0.00688583 -0.000555959 -0.00561562 0.00098114 -0.00276392 -0.000228941 -0.000214919 0.000653231 -0.000103398 0.000156065 0.000725413 -0.0023963 -0.000140162 -1.20972e-05 -0.00830595 -0.000545174 -0.00174062 5.60702e-05 6.59821e-06 -0.00229355 -2.87609e-05 1.95224e-05 0.000486149 -0.00147386 -0.000158483 -8.00802e-06 -0.00582405 0.00144212 -0.00600307 0.00475869 -0.00696916 0.0020056 0.000107705 -0.00545046 -0.00141573 -0.00583255 0.00179138 0.00595719 -0.000594467 -0.00851388 0.00446044 0.00539047 0.00366037 
-0.000928787 0.000978783 0.004239 -0.000996715 -0.0116958 -0.000266951 0.0645428 0.000664772 -0.000115738 -0.0176301 -0.000665063 -0.000891205 -0.00426048 -0.01664 -0.000246699 0.00083865 -0.0102582 -0.00481813 -0.00238126 0.00265874 0.00310549 0.0146978 -0.00149722 -0.0016429 -0.00725281 -0.000203384 -0.000481733 0.00218154 0.00546618 0.000471783 -0.00941253 -0.000466732 0.00413538 -0.00296467 -0.00177364 -0.00110778 -0.000666067 -0.00172361 0.000104653 0.00724162 -6.64385e-06 -0.0107709 -0.000489997 -0.00873862 -0.000680698 -0.000520402 0.00797433 0.000730327 -0.0178393 -0.00222833 0.00285965 -0.00207887 -0.000453755 -7.72341e-05 0.00902763 0.00135537 -0.00333023 0.0161325 -0.00171391 0.00389473 -0.000827294 -0.00881183 0.000161371 -0.000300616 -0.000733096 -0.000350629 -0.000480176 -0.000449206 -0.00491565 0.000195715 -7.58999e-05 0.0106521 -0.0016684 0.000352571 0.000176203 -0.000739258 -0.00384446 0.00150123 -2.5664e-05 -4.36353e-05 -0.00247332 -0.000157493 0.000128391 0.0104132 -0.00123283 -0.011518 -0.00363552 0.00570519 0.00124453 -0.000188244 0.0125135 0.0057502 -0.00597039 -0.00116775 -0.00686682 -0.000120373 0.0142923 -0.0017795 -0.00619568 -0.00189936 
-0.000502166 0.000636526 0.00142996 -0.0026573 -0.00326551 0.00190369 0.000664772 0.0364349 0.000887243 0.000341361 0.00580633 0.000241472 0.00365389 0.00111473 0.00323981 0.00161749 -0.000225486 0.00841085 -0.00535948 0.000471778 -0.00962815 -0.0101826 0.00782918 -0.000392344 0.00150133 -0.00385296 -0.000401789 0.000978836 -0.0138062 -2.19065e-05 0.00372249 -5.44162e-05 -0.00502736 0.00287345 0.00178388 0.00165114 0.000474415 0.000889818 -0.000389118 0.00341728 0.000107178 -0.00221135 6.3636e-05 0.00221336 0.000970377 -0.000124394 0.000367394 -0.000424132 -0.0089806 -0.000978496 0.00122771 -0.000699529 0.00134898 0.000228031 -0.00363274 0.00013006 -0.00347357 -0.000190596 -0.000570466 -0.00253785 -0.00231727 -0.00230782 0.00033186 2.52482e-05 -0.000316613 -4.4133e-05 0.000213686 0.000483227 -0.00164949 -0.00188214 2.79903e-06 -0.00401516 -0.00106393 0.00244515 0.000204583 0.000332075 -0.00136894 0.000101269 3.92241e-05 0.000809819 0.00051977 -9.6408e-05 0.00012305 0.00654881 -0.00120292 -0.00826739 0.000672865 -0.00309429 0.00456213 -0.000238564 2.93456e-05 0.000653897 -0.00522239 -7.73567e-05 -0.00214532 -1.80571e-05 -0.00365469 0.000116519 -0.000160524 0.00188532 
3.49504e-05 0.00121574 0.00669798 -0.00488901 -0.00980479 -0.000385794 -0.000115738 0.000887243 0.0390051 -0.0146616 -0.000262109 0.00243348 0.00671266 -0.00864161 0.005024 -0.00012549 -0.00778618 0.0107818 -0.00807165 -0.000803316 0.00483176 -0.00975632 0.00712892 -0.00111699 -0.00679902 -0.00457758 0.00248602 -0.000163548 0.00902462 6.20243e-05 -0.0002005 -7.62973e-05 -0.00462736 -0.000837512 0.00142423 -0.0005926 0.000144147 1.24015e-05 0.000735548 0.00144815 8.32779e-05 -0.00561143 -0.000270898 -0.00519414 0.0085097 0.00103757 -0.00202502 -0.000954829 0.00142724 -0.000249874 -0.00270976 0.00165696 0.00053623 0.000590214 0.00163376 0.000743626 -0.00109652 0.000667376 -0.00124583 -0.00740746 0.000577364 -0.00544359 -0.000142653 -0.000134212 -0.000324274 0.00206646 0.00105306 0.00056664 -0.000921232 0.000383065 5.97724e-05 0.000760829 -0.000805351 0.00149026 6.11216e-05 -7.0509e-05 0.00353486 -3.84862e-05 1.91747e-05 -8.41218e-06 0.00394309 0.000220407 -0.000132859 0.00188668 0.000422891 -0.00911639 -0.000647682 0.000166081 -0.000642405 -0.000152539 0.0148138 0.000362804 -0.0094026 -0.000412953 -0.00332044 -0.000196536 -0.0040876 -0.000657706 -0.00331899 0.00167321 
-0.00697985 -0.00228339 -0.00287902 -0.00917859 0.065806 -0.0058345 -0.0176301 0.000341361 -0.0146616 0.249562 0.00365103 -0.00219037 0.0085188 0.0087515 -0.00826049 0.0155107 0.0559958 -0.0104816 0.0405235 -0.00359703 -0.0648204 -0.0643092 -0.0118627 0.00437823 0.0428247 -0.0365714 -0.0064532 -0.00297488 -0.044044 -0.00039727 -0.0895454 0.000775336 -0.00391062 0.0109733 0.00896263 0.00883602 -0.00185568 0.00899143 -0.00408735 -0.0212375 -0.000410164 0.0705532 -0.00120067 0.0687058 -0.0141508 -0.00314533 -0.0186654 0.0122409 0.035899 0.0139016 0.0234876 -0.0127851 -0.000449915 0.000250622 -0.0626566 -0.00382349 0.00453265 -0.0657342 -0.0143816 0.000765395 -0.0382515 0.0644825 0.00176141 -0.00271937 0.00317994 -0.00113803 4.53132e-05 0.00117684 -0.00150174 -0.0201905 0.00032428 -0.0684925 0.00912271 -0.00809841 -0.000599579 0.00382254 0.0158883 0.00372999 -0.000135299 0.00446818 -0.0103225 -0.00224822 -0.00130406 -0.0342006 0.00606527 0.0607886 -0.0014596 -0.0817575 -0.00448493 -0.0029582 -0.0174999 -0.0120813 0.0496174 -0.00113946 0.0190845 -0.00816672 -0.0850338 0.001236 0.0248014 0.00289933 
0.000432574 0.00173437 0.00458679 0.00021219 -0.00158227 -0.000198977 -0.000665063 0.00580633 -0.000262109 0.00365103 0.038725 0.000131014 0.00314522 -0.00616405 0.00211997 -0.000468481 0.000862752 0.00343244 -0.00666566 0.00694806 -0.011678 -0.0152071 0.0102599 0.000400135 0.00111972 -0.00895982 -0.000576681 0.000392537 -0.00937884 4.79695e-05 -0.00420585 0.00019362 -0.00447666 0.00318152 0.0036381 0.000847281 0.00154919 -0.000198361 -0.000623901 0.00139026 0.000156926 0.00314076 -5.5398e-05 0.00294413 -0.000793858 -6.26568e-05 0.0028546 -0.000857085 -0.00324462 -0.00116655 0.000414961 -0.0014383 0.00021968 0.000341333 -0.00920195 -7.70069e-05 3.09464e-05 -0.00300319 1.21945e-06 -0.00895902 -0.00393572 0.00115438 0.00100056 1.43957e-05 -4.32665e-06 4.9862e-05 -1.73728e-05 -2.98093e-05 -3.39073e-05 0.00189521 0.000228824 -0.0031443 -0.00104267 0.00242422 0.000630463 -9.59101e-05 0.00543028 0.00261898 -6.42131e-06 -0.000596943 0.00231288 0.000293924 -1.61565e-05 -0.000660741 -0.000300851 -0.00833396 -0.000676628 -0.00204835 -0.00153269 -0.000233793 -0.00174835 0.00270158 -0.00626953 0.000352287 -0.000725491 0.000166475 -0.00323058 -0.000750271 -0.000554079 0.00997347 
-0.000364137 0.000346144 0.00799062 -0.00256237 -0.00643866 -0.000342501 -0.000891205 0.000241472 0.00243348 -0.00219037 0.000131014 0.0205436 0.0129373 -0.00692054 0.00308011 0.000921993 -0.00369765 0.0138532 -0.00703737 -0.000615473 -0.000796006 -0.0104992 0.0078 -0.00017235 -0.000828464 -0.00822407 -4.80298e-05 0.000262405 -0.00173057 0.000114644 -0.00160479 0.000657592 -0.00166305 -0.00156656 0.00105493 -0.000147185 0.00118576 1.57579e-05 0.000236229 0.000145275 0.00013081 -0.000509255 -0.000151315 0.000689974 0.00799236 7.47458e-06 -0.00543234 0.00513289 0.00335328 -6.25414e-06 -0.000434232 0.00522903 0.00188357 0.000235767 -0.00813452 0.000301894 -0.0014869 -0.00872181 0.000749011 -0.0101146 -0.000735244 -0.000633318 0.00223619 0.0009889 -0.000260482 0.00310012 0.000293908 0.000627693 0.00203468 -0.000270546 -3.25631e-05 -0.00660928 -0.000536559 0.00290017 -5.29789e-05 0.000473737 0.0109988 0.000167871 -7.89678e-06 -0.000238723 -0.000499506 -0.000107959 9.19348e-05 0.00148317 -0.000289778 -0.00185016 -0.00137763 -0.0025718 -0.000347986 4.8919e-05 -0.00195028 -0.00155473 -0.00612737 -0.000213342 -0.00145684 -0.00035049 -0.00417972 -0.000423782 -0.000883284 0.00179027 
0.000594966 -0.000126355 0.0241684 -0.00370291 -0.0237808 0.000225722 -0.00426048 0.00365389 0.00671266 0.0085188 0.00314522 0.0129373 0.0858292 -0.031068 0.0197983 -0.00149388 -0.0154479 0.0322803 -0.0272224 0.0112501 0.00358205 -0.031689 0.0241217 -0.000462204 -0.00363937 -0.0237696 -0.000886334 -0.000835407 -0.0184775 0.000279829 -0.019795 0.00296007 0.00106749 -0.00494621 0.00850422 -0.00106667 0.00461544 -0.00200175 0.00264565 -0.00210023 0.0023088 -0.00604808 -0.000463078 -0.00202557 0.0119555 0.0010593 -0.00838271 0.0168225 -0.00507895 0.00300901 0.00597593 0.00562114 0.00133485 0.00104779 -0.0237966 -0.000484864 -0.012293 -0.0232572 -0.00114568 -0.00714685 -0.00649069 -0.00994377 0.00534031 0.00353058 0.000104977 0.0038643 -0.000190829 0.00208121 0.00109292 0.000235937 -7.08598e-05 -0.00106097 -0.00267001 0.02003 3.01063e-05 0.00569798 0.0310912 0.00114108 3.78204e-05 -0.00142714 0.00461827 0.000242386 -0.000279101 0.0159007 -0.00157942 -0.0129926 -0.00466198 -0.014493 -0.00149901 -0.000605271 0.000675209 0.00417081 -0.0230285 0.000610727 -0.000545096 -0.00167606 -0.0189269 -0.000593746 -0.0019168 0.00502384 
-0.00533461 -0.000476444 -0.0334052 -0.0513135 0.0742926 0.00329802 -0.01664 0.00111473 -0.00864161 0.0087515 -0.00616405 -0.00692054 -0.031068 0.236563 -0.0186376 -0.00230382 0.0608145 -0.0368108 0.0650042 -0.0368857 -0.0391839 -0.0113318 -0.0620904 -0.00091391 0.0616973 0.0197051 -0.00302126 0.000115384 0.0529866 -0.000679808 0.0503321 -0.00450058 -0.0575151 0.0141056 -0.0104833 -0.00225652 -0.00615788 0.00365869 -0.0080552 -0.0120492 -0.00245174 0.0438543 -0.00125404 0.0404976 -0.000854655 -0.00311174 -0.0699999 -0.00882962 0.0673843 -0.00690462 0.00975561 -0.000286641 3.51966e-05 -0.00141201 -0.0294435 0.000724546 0.034977 -0.0396532 0.00467739 0.00105875 0.0107962 0.0227477 -0.00863171 -0.00286031 -0.00578512 -0.00286034 -0.000162319 0.000322029 -0.0236328 0.00723291 -0.000711804 -0.0484536 0.00152191 -0.0267918 -0.000754407 -0.00667478 -0.0261821 -0.00349365 -6.31939e-05 0.00246976 -0.00806761 0.000208545 -0.000857779 -0.0773626 0.000984375 0.0132001 0.00441824 -0.0143833 0.0107551 -0.00043541 -0.00531032 -0.0503098 0.0155125 0.00130488 0.0276432 -0.00648264 -0.0410787 0.00417989 0.0273777 -0.0076907 
-0.000213954 -0.000275147 0.0107471 -0.0109069 -0.0233489 0.00525703 -0.000246699 0.00323981 0.005024 -0.00826049 0.00211997 0.00308011 0.0197983 -0.0186376 0.178028 -0.00146093 -0.00563055 0.0168548 -0.0328754 0.0230153 -0.00920931 -0.0137218 0.0314641 -0.00390112 0.0324373 -0.012103 0.00125547 0.000218215 -0.0026847 -0.00023471 -0.0300786 -0.00257483 -0.0132972 -0.00680872 -0.00291245 -0.00171735 -0.00231261 -0.00230226 0.000669647 -0.0104972 0.00117922 0.0100369 -0.00152408 0.00368398 0.00964142 0.00122775 0.00310759 0.0129902 -0.000254038 -0.00313859 -0.00352018 -0.00763574 0.00127676 -0.000118365 -0.0580895 0.00163959 0.000821868 -0.0287124 1.96746e-06 -0.00620733 0.000626998 -0.0121159 -0.00117974 0.00137623 6.09898e-05 0.00178538 -0.000344761 0.00155524 -0.00178344 0.0127006 -1.27429e-05 -0.0144161 -0.00273931 0.00780722 0.000573919 0.000905443 0.0071889 -0.000300158 0.000174894 0.000487684 0.0160366 -0.00139316 -0.000577454 -0.00184303 -0.00464757 -0.0335304 0.00877522 -0.0206271 -0.00107185 -0.00143687 0.00468193 0.0065049 -0.0393179 -0.0012028 -0.00466563 0.00137543 -0.0217553 0.00582233 -0.00823496 0.0413525 
-0.000758208 3.49223e-05 -0.00642639 -0.00816137 0.0178338 0.00212748 0.00083865 0.00161749 -0.00012549 0.0155107 -0.000468481 0.000921993 -0.00149388 -0.00230382 -0.00146093 0.0595688 0.0254303 -0.000586348 0.0068004 -0.00256785 -0.0175181 -0.0127307 -0.00147213 0.000703372 0.0134435 -0.00769293 0.00144294 -0.000299082 0.00448611 4.41534e-05 -0.00749237 4.47805e-05 -0.00077144 0.00151241 -8.09169e-05 0.00196456 -0.00088502 0.00144665 0.00323696 -0.00239248 -4.10902e-05 0.0167427 -0.000365201 0.0243339 -0.002106 -0.000348313 -0.0171964 0.00306946 0.00416703 -0.00216409 0.00191929 -0.000527739 -0.000297803 0.000107751 -0.0231943 -0.000409758 0.00106015 -0.0235763 -0.00308568 -0.021084 -0.00194824 0.0155384 -0.000528507 -0.000240606 -0.000514105 0.000139192 -0.000364878 0.00092408 -0.00448642 -0.00591961 -2.8023e-05 -0.0302115 0.00138836 -0.00370275 -6.44301e-05 0.000592117 0.00479151 0.000387088 -1.33285e-05 0.00158253 -0.00415854 -0.000345805 -5.30845e-05 -0.0138523 0.0101538 0.0200394 0.00117244 -0.0207649 -0.000177948 0.000412687 -0.0111519 -0.00341209 0.0245753 -0.000480873 -0.00257443 -0.00120524 -0.0158244 0.000966581 0.0032918 -0.00425693 
-0.00226921 -0.00158903 -0.0282909 -0.0279382 0.135935 0.00637766 -0.0102582 -0.000225486 -0.00778618 0.0559958 0.000862752 -0.00369765 -0.0154479 0.0608145 -0.00563055 0.0254303 0.189826 -0.0225819 0.0711285 -0.0191864 -0.0895781 -0.0636004 -0.0227662 0.00875634 0.117511 -0.0335636 -0.00204806 -0.00084673 0.0102108 -0.000688521 -0.00760322 -0.00196267 -0.014156 0.0560432 -0.00904635 0.00369184 -0.00265404 0.00444839 -0.00254899 -0.016204 -0.000961588 0.11567 -0.000502788 0.111167 -0.0117374 -0.00244316 -0.0649456 0.00375384 0.0632142 -0.00953922 0.0165524 -0.00779626 -0.00099897 -0.000202385 -0.111261 -0.00159839 0.00644766 -0.122736 -0.00994503 -0.0584567 -0.0103016 0.0386026 -0.00327665 -0.00217142 -0.00151043 -0.000781118 0.00249143 0.00453547 -0.0210659 0.00395076 2.31645e-05 -0.142478 0.00883751 -0.0167693 0.000363924 0.00256436 -0.00707553 -0.00099872 -0.0001292 0.00949496 -0.000365191 -0.00177752 -0.000723043 -0.0821762 0.0164882 0.0379478 0.0150307 -0.0843459 0.00384629 -0.00151671 -0.0454213 -0.0213428 0.079719 0.00723668 0.0134076 -0.00484356 -0.07259 0.00849643 0.0151071 0.00497282 
-0.00128879 0.00115961 0.0344034 -0.00592226 -0.0312335 -0.00211812 -0.00481813 0.00841085 0.0107818 -0.0104816 0.00343244 0.0138532 0.0322803 -0.0368108 0.0168548 -0.000586348 -0.0225819 0.104235 -0.0335108 -0.00393861 0.0104434 -0.0410964 0.044232 -0.0012043 -0.0184187 -0.03086 0.00162236 -0.000312876 -0.018891 0.000462561 -0.00175551 0.00167361 -0.00981608 -0.00442296 0.00597709 -0.00230204 0.00471159 -0.000339972 0.0049672 0.000629457 0.00113126 -0.0142466 -0.000653618 -0.0134523 0.0236904 0.000913913 -0.00289218 0.0120788 0.00451735 0.001317 -0.00501422 0.00802257 0.00332196 0.00160258 -0.013904 0.000619508 -0.00930312 -0.0178015 0.00664986 -0.0306225 -0.00808938 -0.00914501 0.00405378 0.00244001 -0.00106487 0.00385722 -0.000159996 0.00090835 0.0127372 0.00295195 -2.54444e-05 0.00063163 -0.00321194 0.0140133 6.81267e-05 0.00203866 0.0358121 0.00103416 2.59988e-05 -0.00130845 0.00625904 -0.000587117 0.000114279 0.0219723 -0.00097329 -0.0182525 -0.00752302 -0.00398421 -0.000217493 0.000432837 -0.00788361 -0.00393943 -0.0192045 -0.00209761 -0.00886427 0.00218444 0.00152956 -0.00258515 -0.00519118 0.0178484 
-0.000108288 -0.00225022 -0.0387392 -0.0436104 0.0871979 -0.00371259 -0.00238126 -0.00535948 -0.00807165 0.0405235 -0.00666566 -0.00703737 -0.0272224 0.0650042 -0.0328754 0.0068004 0.0711285 -0.0335108 0.248658 -0.0213463 -0.0215067 -0.00365308 -0.06222 -0.00125809 0.0402514 -0.00269449 -0.000450519 0.00201662 -0.00690364 -0.000753109 -0.0230251 -0.000390887 0.0185379 0.0152805 -0.0170757 0.00448715 -0.00378094 0.0100533 0.00928146 -0.00821459 -0.00139783 0.0517636 5.85627e-05 0.0330137 -0.00305672 -0.00275616 -0.0757222 0.00852666 0.0532492 0.00805985 0.0131465 -0.00123191 -4.30119e-05 -0.000878192 -0.00586241 -0.00281058 -0.0401503 -0.0540112 -0.0153792 0.00817234 -0.00577271 0.0265908 -0.00356675 -0.00370266 0.0012556 -0.00130378 -0.00114142 0.00119744 -0.0147833 -0.0220015 -0.000432135 -0.065416 0.00697271 -0.0141417 -0.00164346 -0.00252118 -0.0239214 -0.00281438 -0.000114408 0.00344058 -0.01739 -0.00113529 -0.00127408 -0.0628682 0.0106653 0.0247769 0.00043374 -0.0491331 0.00325393 -0.00137578 -0.0139469 -0.0262826 0.0817625 0.00451147 0.0381383 -0.00770326 -0.0569662 0.0113614 0.0253202 -0.0454223 
0.00423926 0.000698504 0.00394877 0.0174506 -0.0287075 0.00156411 0.00265874 0.000471778 -0.000803316 -0.00359703 0.00694806 -0.000615473 0.0112501 -0.0368857 0.0230153 -0.00256785 -0.0191864 -0.00393861 -0.0213463 0.0944476 0.000545463 0.013064 -0.00447826 -0.00268067 -0.00223417 0.000194677 0.00110821 0.00130816 -0.0406424 7.50974e-05 -0.0204019 -0.000893622 4.68152e-05 -0.012182 0.0011065 0.00533571 0.00193302 -0.00104979 0.0039243 0.00494535 0.00137364 -0.0154143 -0.00073476 -0.00647188 -0.00531666 0.00366482 -0.00646736 0.00679368 -0.0254508 0.00385921 0.00474027 -0.0048961 -0.00058418 0.000408026 -0.00117054 -0.000722729 -0.0129376 0.0113287 -0.00110085 0.0259635 0.00129577 -0.00185221 0.00432507 0.00220689 0.000404737 0.000113436 -0.00037433 0.000916043 0.000496695 -0.00103287 -7.85232e-05 0.0152827 -0.0016573 0.0135873 0.000769008 0.0030983 -0.00278739 0.00151382 9.40258e-05 -0.00119984 -9.34707e-05 -8.78856e-05 0.000255185 0.0131998 -0.00211803 -0.0226735 0.0168108 -0.0041213 -0.00111368 -0.000133721 0.00520681 0.018338 -0.0228212 -0.000546556 -0.00603971 -0.00140409 -0.00079085 0.00255007 -0.000688815 -0.00378228 
0.00446059 -0.00111782 0.00358716 0.00731697 -0.0808851 -0.0127927 0.00310549 -0.00962815 0.00483176 -0.0648204 -0.011678 -0.000796006 0.00358205 -0.0391839 -0.00920931 -0.0175181 -0.0895781 0.0104434 -0.0215067 0.000545463 0.206141 0.0526118 -0.00393123 -0.00637631 -0.100364 0.037545 0.00208361 -0.000757889 -0.00517604 -0.000219113 0.00919891 -0.000134426 0.022956 -0.0512547 -0.00390333 -0.00624826 0.00112443 -0.00612424 0.00431489 0.00728649 0.000531896 -0.0910061 -0.000735669 -0.107756 0.00563439 0.00188351 0.0353941 -0.00111279 -0.0487241 0.00397953 -0.0268416 0.00823446 -0.00425287 -0.00122572 0.0975923 -0.000767454 -0.0246893 0.0759997 0.000605233 0.0302997 0.0204148 -0.051375 0.000333824 0.00234583 -0.000155758 -0.000220984 -0.0037736 -0.00601825 0.0175327 -0.00293745 -0.000325345 0.105518 -0.00135748 0.0143217 -0.00131735 -0.00455612 -0.000847909 -0.00667717 2.05736e-05 -0.0063621 0.00341371 0.00150562 0.000678926 0.0538216 -0.00865723 -0.0194925 -0.00771553 0.0664557 -0.00285569 0.00159547 0.0257659 0.00340408 -0.0295945 -0.00503377 0.00470223 0.00346552 0.0601989 -0.00374638 -0.00865061 -0.00479974 
0.00225569 -0.00186597 -0.0270382 0.01285 -0.0535921 0.00152935 0.0146978 -0.0101826 -0.00975632 -0.0643092 -0.0152071 -0.0104992 -0.031689 -0.0113318 -0.0137218 -0.0127307 -0.0636004 -0.0410964 -0.00365308 0.013064 0.0526118 0.247556 -0.0792287 -0.001951 -0.0582178 0.11286 0.00370694 -0.00203117 0.00736869 -0.000546907 0.0512144 -0.00328449 0.0129249 -0.0304054 -0.0213925 -0.00512517 -0.00257727 -0.00785839 -0.000836613 -0.0017892 -0.00158081 -0.0872349 -0.00170442 -0.0674654 -0.0185303 0.00140577 0.0311522 -0.017249 -0.0734924 0.00386738 -0.00678754 0.00356606 -0.00191996 -0.00242016 0.0850554 0.000347842 -0.00947346 0.0929761 -0.00203943 0.0701738 0.030064 -0.030102 -0.00630288 -2.56909e-05 -0.000808711 -0.00283786 -0.00494186 -0.00261129 -0.00525996 -0.00114875 -0.000378151 0.0959965 0.00121782 -0.0154796 -0.00103572 -0.00860672 -0.0466628 -0.00487893 -6.04753e-05 -0.00470609 -0.0129694 0.00011675 0.000735086 0.0178385 -0.0111308 0.0259754 0.00855999 0.0697529 0.00315749 0.0020474 0.0236782 0.0126573 -0.0426225 -0.00266502 0.000828419 0.000407605 0.031938 -0.0040445 -0.0127217 -0.0487373 
-0.00294717 0.000262668 0.0185341 0.0181818 -0.0349607 -0.00122083 -0.00149722 0.00782918 0.00712892 -0.0118627 0.0102599 0.0078 0.0241217 -0.0620904 0.0314641 -0.00147213 -0.0227662 0.044232 -0.06222 -0.00447826 -0.00393123 -0.0792287 0.236314 -0.00994846 -0.0119841 -0.103698 0.000721711 0.0015471 -0.00453167 -0.000116839 -0.0117159 0.00526182 0.00265432 0.0269523 0.0187624 -0.0033602 0.000393872 -0.00164559 -0.00407776 -0.00309532 0.00161751 0.0121331 0.00205511 0.00290201 0.0214443 0.000932354 0.053183 -0.000402608 0.00427444 -0.0130742 -0.0129704 0.00421388 0.00066414 0.00118636 -0.032413 -0.00231188 0.0108197 -0.0233757 -0.00835234 -0.0627931 -0.0280259 -0.00797782 0.00325049 0.00036552 -0.00156272 0.00191682 0.00372707 -0.00197958 0.0073959 0.0199813 0.000862118 -0.00324454 -0.00772724 0.00676729 0.00110546 0.00148174 0.0367385 0.00606763 -5.74623e-05 -0.00504522 0.0265001 -0.00164804 -0.000180859 0.0591312 -0.000483495 -0.0351359 -0.0182781 -0.0471059 -0.0115475 -0.00124244 -0.0231452 0.0205773 0.000838103 -0.00210951 -0.0406229 0.00671842 0.0290311 -0.00283862 -0.031068 0.0592656 
8.55571e-05 0.000107473 -0.000260355 -0.000281393 0.00404622 0.00236331 -0.0016429 -0.000392344 -0.00111699 0.00437823 0.000400135 -0.00017235 -0.000462204 -0.00091391 -0.00390112 0.000703372 0.00875634 -0.0012043 -0.00125809 -0.00268067 -0.00637631 -0.001951 -0.00994846 0.0304497 0.000219362 0.00962045 -0.000319452 -0.000329171 -0.00838949 0.000174102 0.00758522 -0.000322951 2.60141e-05 0.000368589 0.000978417 -0.000471748 0.00263282 -0.000407149 -0.00053137 -0.000482134 -0.000120278 0.00187069 -0.000242199 0.00243031 -0.00193771 -0.000175644 -0.00821581 -0.000829055 -0.00441977 0.000934443 -0.00151429 0.000289396 -0.000283809 -8.85733e-05 -0.00963974 0.000190705 -0.00489629 -0.00540071 0.00308985 -0.00965773 0.000396228 -0.00101934 0.000938234 5.73523e-05 0.00137371 -6.89966e-05 0.000803952 -0.000288852 0.000767344 -0.00165279 1.20102e-05 -0.00673502 0.00214938 -0.000728043 -6.3726e-05 0.000199509 0.00276744 -0.000308657 4.40017e-05 0.00143329 -0.00163988 2.53224e-07 -8.1578e-06 -0.00746663 0.00104433 0.00261294 0.00295917 0.000575283 0.00153533 3.32128e-05 -0.00574829 -0.00144391 0.00123611 8.39901e-05 0.0121347 -0.000564968 -0.00435393 0.00402129 0.00821032 -0.00376143 
-0.00281524 -0.000426571 -0.0239492 -0.0313153 0.110674 0.0139733 -0.00725281 0.00150133 -0.00679902 0.0428247 0.00111972 -0.000828464 -0.00363937 0.0616973 0.0324373 0.0134435 0.117511 -0.0184187 0.0402514 -0.00223417 -0.100364 -0.0582178 -0.0119841 0.000219362 0.193909 -0.040741 -0.0023358 0.00194871 0.0107581 -0.00038829 -0.0214251 -0.00197415 -0.0206605 0.0450145 -0.00519071 0.00406279 -0.0035413 -0.00117006 -0.00290545 -0.0156486 -0.000688072 0.112856 -0.00131722 0.106359 -0.00441163 -0.00190253 -0.0617518 0.00641579 0.060285 -0.00806426 0.0283089 -0.0110073 0.000728366 -0.000171375 -0.114078 -0.00112171 0.023387 -0.111715 -0.00736375 -0.0464176 -0.00872805 0.0318792 -0.003235 -0.00199565 -0.00113138 -0.000822315 0.00141556 0.00494323 -0.0208141 0.0148639 1.74962e-05 -0.131176 0.00141498 -0.015171 0.000299121 0.000783274 -0.00450907 -0.000715264 -6.51768e-05 0.00714394 0.00716891 -0.00156912 -0.000731197 -0.0762493 0.00542724 -0.00102348 0.016161 -0.0759931 0.00752433 -0.00215885 -0.0275834 -0.0171246 0.0357905 0.00760727 0.00510532 -0.00493649 -0.0750691 0.0106767 0.0184029 0.0187257 
-0.000138731 -0.0013253 -0.0165675 -0.0039633 -0.0321177 0.00054756 -0.000203384 -0.00385296 -0.00457758 -0.0365714 -0.00895982 -0.00822407 -0.0237696 0.0197051 -0.012103 -0.00769293 -0.0335636 -0.03086 -0.00269449 0.000194677 0.037545 0.11286 -0.103698 0.00962045 -0.040741 0.247683 -0.00165642 -0.00402315 0.0152505 -6.87794e-05 0.0597933 -0.00481591 0.000971033 -0.0312918 -0.0197674 -0.00729919 -0.000543632 -0.00326631 -0.00550935 -0.00117788 -0.0010771 -0.0571915 -0.00122609 -0.0539298 -0.0139912 0.00170716 -0.0103317 -0.0194034 -0.0475191 0.0222162 0.00466013 -0.00714702 -0.00376872 -0.00176248 0.0546424 0.000233811 -0.00875886 0.076995 0.00560363 0.0457745 0.0221717 -0.040318 -0.00310604 -0.00150171 0.00312548 -0.00237997 -0.00445858 -0.00300435 0.0078784 -0.0246654 -0.000373346 0.0609625 0.00268088 -0.00562218 -0.00156996 -0.00320453 -0.0299696 -0.00568527 6.7065e-06 -0.00204817 -0.0142256 0.00110274 0.000442303 -0.0221913 -0.00990743 0.0128843 0.0106161 0.0856869 -0.00079047 0.00138341 0.0203887 -0.0120384 -0.0454331 -0.00293596 0.0260506 -0.00276494 -0.000905334 -0.00634677 0.00373302 -0.0525204 
0.000122281 0.000131766 -0.000434333 -0.000394534 0.00101893 0.000376846 -0.000481733 -0.000401789 0.00248602 -0.0064532 -0.000576681 -4.80298e-05 -0.000886334 -0.00302126 0.00125547 0.00144294 -0.00204806 0.00162236 -0.000450519 0.00110821 0.00208361 0.00370694 0.000721711 -0.000319452 -0.0023358 -0.00165642 0.0170667 0.000655561 0.00104496 7.26582e-05 0.00125607 2.80077e-05 0.00214442 -0.00114351 -0.000456737 0.00012536 -0.000237814 -5.43145e-05 0.000446712 -0.000524611 9.80982e-05 -0.0035638 -8.18608e-05 -0.0020418 0.00297476 0.000303277 -0.00303813 0.000825432 -0.00277008 -0.000145769 0.000225155 0.00361347 0.000282547 0.000280704 0.00236064 -3.57932e-05 -0.00160619 -0.00775787 0.000639348 -0.00321814 0.00551961 -0.00145011 -7.92212e-05 9.73636e-05 -0.000130734 1.4409e-05 -0.000188904 -9.06262e-06 6.3737e-05 0.000593502 -1.86862e-05 -0.00221189 0.000478794 -0.00086644 -6.6177e-05 -0.000220812 0.000168846 -0.000187035 -9.13936e-06 -0.000114219 -0.00075751 -7.58621e-05 9.28303e-09 -0.000858493 0.000360238 0.00118613 0.000485311 -0.00460388 -0.000113944 0.000634397 -0.0022147 0.00156465 0.00236661 -0.00020719 -0.00179892 -0.000254142 0.000174923 0.000732519 -0.00162781 -0.000712614 
0.00018636 0.000383375 -0.000148816 -0.00111443 -0.000253171 6.63273e-05 0.00218154 0.000978836 -0.000163548 -0.00297488 0.000392537 0.000262405 -0.000835407 0.000115384 0.000218215 -0.000299082 -0.00084673 -0.000312876 0.00201662 0.00130816 -0.000757889 -0.00203117 0.0015471 -0.000329171 0.00194871 -0.00402315 0.000655561 0.0113562 -0.00188362 6.02685e-05 -0.00164328 0.00036427 -0.00127246 -0.000281975 1.18847e-05 0.000177838 -9.69488e-06 0.000216982 -0.000114604 0.0018239 -6.21961e-06 -4.34087e-05 -2.3904e-05 -0.000557923 0.0014737 -5.34836e-05 -0.00213634 0.000477618 -0.000757959 -0.000267776 4.70804e-06 0.000581724 0.000251239 0.000263808 -0.000223258 6.74549e-05 -0.00133636 -0.00142968 -0.000283189 -0.000410929 0.000332089 -0.000175415 -2.04316e-05 -8.74421e-05 -1.54016e-05 -1.40545e-05 0.000211953 -4.46783e-05 8.2727e-05 -0.000359535 2.5106e-06 -0.00175824 -4.62171e-05 -6.87042e-05 -3.0023e-06 2.53314e-05 -0.000342775 6.52094e-05 2.48413e-06 6.81857e-05 0.000363449 -3.40911e-05 0.000113756 0.00111904 -2.17536e-05 -0.00310171 0.00112483 -0.00274639 0.000886936 -7.15157e-05 0.00240853 -0.000187151 -0.00126824 0.000329687 -0.000635893 -7.9287e-05 -0.00029915 0.000825965 0.000330638 0.000521363 
-0.00461975 0.000259633 0.00127503 -0.0288285 0.0244181 0.000804169 0.00546618 -0.0138062 0.00902462 -0.044044 -0.00937884 -0.00173057 -0.0184775 0.0529866 -0.0026847 0.00448611 0.0102108 -0.018891 -0.00690364 -0.0406424 -0.00517604 0.00736869 -0.00453167 -0.00838949 0.0107581 0.0152505 0.00104496 -0.00188362 0.24326 0.000453861 0.0405915 -0.000694031 -0.0247248 0.0147788 -0.00866625 -0.0122239 -0.00847088 -0.00467002 -0.00790462 -0.0117064 -0.00178248 0.0187345 0.000684224 0.00924383 0.00857527 -0.00240759 0.000946799 -0.0192957 0.0630494 -0.0154423 -0.0174368 0.00613703 -0.00062064 -0.0012042 -0.0172438 0.00221635 0.0466627 -0.0058193 0.00283031 -0.0455502 0.0143635 -0.00793586 -0.00942587 -0.00313554 -0.00582872 -0.00182579 -0.00142051 -0.00375483 -0.0253288 0.0128284 0.000475109 -0.0130317 -0.00268961 -0.0235039 -0.000719932 -0.00156355 -0.0121529 0.00122219 -0.000237774 -0.00261439 -0.0102613 -0.000970924 -0.00190079 -0.0428483 0.00277897 0.048658 -0.0131442 -0.00254642 -0.00710059 0.000671975 0.00526548 -0.0300144 0.0128342 -0.000616351 -0.0135384 -0.0028266 -0.00504062 -0.0105249 -0.0339932 0.0057331 
-6.50377e-05 0.000287945 0.00136272 -0.000129475 -0.00086506 0.000126813 0.000471783 -2.19065e-05 6.20243e-05 -0.00039727 4.79695e-05 0.000114644 0.000279829 -0.000679808 -0.00023471 4.41534e-05 -0.000688521 0.000462561 -0.000753109 7.50974e-05 -0.000219113 -0.000546907 -0.000116839 0.000174102 -0.00038829 -6.87794e-05 7.26582e-05 6.02685e-05 0.000453861 0.00414475 0.000919709 6.58292e-06 -0.000412249 -0.000202587 0.000906045 -3.26701e-05 5.92916e-05 -9.56954e-05 2.09492e-05 0.000410316 5.90068e-06 -0.000392543 -2.64195e-05 -0.000314928 0.000567759 1.81731e-05 -0.0011447 0.000799216 -0.000795893 0.000117094 -0.000116151 0.000459142 7.64188e-05 1.08577e-05 -0.00122597 0.0004396 -0.000404965 -0.000514214 3.63862e-05 -0.00145265 0.000241154 -0.000560485 0.00018379 9.80203e-05 -8.59733e-06 1.74268e-05 -1.18386e-05 -2.33527e-05 -2.23366e-05 0.000525643 3.19823e-05 0.000231698 -4.11304e-05 -7.96249e-05 8.27215e-06 0.000144266 0.000709706 0.000183634 1.31176e-06 -1.52843e-05 -2.51419e-05 8.50619e-06 -8.1166e-06 -0.000881927 -6.46456e-05 -0.000268629 9.73868e-06 -3.98375e-06 0.000252308 7.64633e-05 -0.000232806 -0.000344201 -0.000564519 -7.83599e-05 0.00029062 -5.49497e-05 -0.000477464 -8.49349e-05 7.68571e-05 -2.72274e-05 
0.000776436 0.000434124 0.00253899 -7.40957e-05 -0.0207491 0.00993099 -0.00941253 0.00372249 -0.0002005 -0.0895454 -0.00420585 -0.00160479 -0.019795 0.0503321 -0.0300786 -0.00749237 -0.00760322 -0.00175551 -0.0230251 -0.0204019 0.00919891 0.0512144 -0.0117159 0.00758522 -0.0214251 0.0597933 0.00125607 -0.00164328 0.0405915 0.000919709 0.230133 -0.00212107 -0.0150337 0.00785788 -0.00102744 -0.00532251 -0.000603037 -0.00677281 -0.00437045 0.000387842 -0.0014355 -0.0337918 0.00132089 -0.0193197 0.00636177 -0.000763984 -0.0207238 -0.014776 -0.0193026 -0.013651 -0.0158334 0.0161254 0.00230401 -0.000847923 0.0116406 0.00318922 0.0104354 0.0361083 0.0136128 -0.0350238 0.0266021 -0.0399818 -0.00303507 -0.00100334 -0.00255718 -0.00130624 -0.00102926 -0.00156373 -0.00355272 0.018343 -0.000314241 0.0295836 -0.0030758 -0.0150054 -0.000190034 -0.00532936 -0.0196928 -0.00115612 -3.29018e-05 -0.00244459 -0.014041 5.59478e-05 0.000303973 0.00619283 -0.00363486 -0.00455107 -0.00300347 0.045943 0.00814297 0.00348734 -0.0287513 -0.0282502 -0.0540669 0.000783513 -0.00202459 0.000705358 0.0328208 0.00129347 -0.0103246 -0.0206621 
-0.000139947 9.07851e-05 0.000805235 0.000393212 -0.00184674 -0.000156216 -0.000466732 -5.44162e-05 -7.62973e-05 0.000775336 0.00019362 0.000657592 0.00296007 -0.00450058 -0.00257483 4.47805e-05 -0.00196267 0.00167361 -0.000390887 -0.000893622 -0.000134426 -0.00328449 0.00526182 -0.000322951 -0.00197415 -0.00481591 2.80077e-05 0.00036427 -0.000694031 6.58292e-06 -0.00212107 0.0146435 -0.00034817 0.00190481 0.000176112 0.000134653 0.000268595 0.000781568 0.000540719 -0.000795335 0.00023833 0.00166127 4.94793e-05 0.000186897 -1.11687e-05 -2.10228e-05 -0.00086568 0.000764536 -0.000561109 -0.000519539 0.00158082 0.000963543 -0.000120048 0.000149543 -0.00235736 -0.00010839 -0.000712851 -0.000796973 -0.000563091 -0.00254844 -0.00135905 0.000395298 0.000538693 0.000741465 -7.75941e-05 8.03332e-05 -6.353e-05 -5.49743e-05 0.000153103 -0.000387447 7.34335e-05 -0.00120902 -0.000299251 0.00123977 -3.1335e-05 0.000595776 0.00387761 -1.69364e-05 -9.86177e-06 -0.000221876 0.000344888 -4.73171e-05 -4.31605e-05 0.00280483 0.000555464 -0.00040201 -0.000929521 -0.00319045 -0.000431611 -0.000114568 -0.000532172 -0.000105453 0.000872741 0.000772535 -0.00103009 -9.10614e-05 -0.00105269 -0.000174165 -0.000787865 -0.000943128 
0.00208173 -0.0010646 -0.00833835 0.0137183 -0.00953053 -0.00307286 0.00413538 -0.00502736 -0.00462736 -0.00391062 -0.00447666 -0.00166305 0.00106749 -0.0575151 -0.0132972 -0.00077144 -0.014156 -0.00981608 0.0185379 4.68152e-05 0.022956 0.0129249 0.00265432 2.60141e-05 -0.0206605 0.000971033 0.00214442 -0.00127246 -0.0247248 -0.000412249 -0.0150337 -0.00034817 0.139601 0.00245648 -0.00586199 0.000837558 -0.000456951 -0.0034884 0.00790712 0.00144176 0.000606214 -0.0141081 0.00242072 -0.0224823 -0.00714331 -0.000821159 0.0143136 0.00477369 -0.0302863 0.00548899 -0.00736273 -0.000200763 -0.000560725 -0.000611483 0.0389821 -0.00050464 -0.0240493 0.0121797 -0.00939257 0.0141264 0.00794625 -0.0199003 -0.000113913 -0.00102562 0.00378716 -0.000590524 -0.00174931 -0.000378609 0.00142213 -0.0165201 -0.000250035 0.0114322 0.00148571 0.00125621 -2.91769e-05 0.00040939 -0.00609604 -0.00178881 -2.16361e-05 0.000282835 -0.00416651 -0.000743894 0.000774728 0.0147828 -0.0023403 0.0166222 -0.00855757 -0.00670824 -0.00735716 -0.000687404 -0.0224537 0.0207138 0.0299472 -0.000701063 -0.00366842 0.000679119 0.0158771 -0.00107445 -0.00948464 -0.010361 
-0.00108291 -0.000650562 -0.00444456 -0.00865759 0.0429497 0.00415235 -0.00296467 0.00287345 -0.000837512 0.0109733 0.00318152 -0.00156656 -0.00494621 0.0141056 -0.00680872 0.00151241 0.0560432 -0.00442296 0.0152805 -0.012182 -0.0512547 -0.0304054 0.0269523 0.000368589 0.0450145 -0.0312918 -0.00114351 -0.000281975 0.0147788 -0.000202587 0.00785788 0.00190481 0.00245648 0.123165 0.00149356 0.000137429 -0.00163187 -0.00122344 -0.0039111 -0.0096426 -0.000392008 0.0573742 -0.000453304 0.0510031 -0.0055975 -0.00117641 -0.0177161 -0.00151696 0.0158343 -0.00734649 -0.000885193 -0.00188493 0.00156236 -0.000433163 -0.0541167 -0.000526844 0.00604717 -0.0465832 -0.00774648 -0.0512035 -0.00745642 0.0070039 -0.00159912 -0.000800312 -0.000597549 -0.00060394 0.00150788 0.00091854 -0.0100401 0.0176484 0.000344419 -0.0615705 -0.00188801 -0.00805535 0.000885544 0.00344782 0.00299648 0.00373201 -3.64817e-05 0.0027059 0.011749 -0.00087224 -0.000140391 -0.0280795 0.00476941 0.0171227 -0.00283164 -0.0390283 -0.0011927 -0.000953921 -0.01932 -0.0110584 0.0247286 0.00600987 -0.0139693 -0.00198659 -0.029972 -0.00072589 -0.00916387 0.0164813 
