0.0212439 0.00112108 -0.00105184 -0.00214568 -0.00169333 -0.00399448 -0.00379655 0.000453516 0.000165644 -0.00336363 0.000150841 0.00315924 -0.000753243 -0.00269244 0.0077048 -0.0048868 -0.00235564 0.00599327 -0.00754388 -0.00198617 0.00671606 0.00608468 -0.000648024 0.00388938 -0.0036159 0.0019312 -0.0045145 -0.00426141 -0.00232342 -0.00303823 -0.00672272 -0.000550967 0.00206728 9.57374e-05 0.00855175 -2.56606e-05 -0.0017397 0.00103873 -0.000220986 -0.0024755 -0.000805414 0.00161189 -0.000448529 0.00134605 0.00256925 0.0031162 9.58481e-05 -0.00238188 -0.000807673 0.00182023 -0.0064214 -8.11353e-05 -0.00101731 0.000636334 -0.00182397 0.000514668 -0.00158491 -0.000258403 0.0010769 -0.000957046 -4.54175e-05 -0.000277735 0.00383157 -0.000137321 -0.00319856 -0.000187519 -0.000630392 -0.00185424 -0.000251957 7.39254e-05 -0.00101143 -0.000358257 -7.8291e-05 -0.00120369 0.000934683 -0.000386799 -0.00167041 -0.000535919 -0.000805659 -0.000154124 -0.0016454 -0.00310006 0.00119639 -0.00295861 0.00818969 0.000698661 0.00163641 0.000169546 -0.000287498 -0.00306816 -0.00105806 -7.08049e-05 -0.000161522 0.000168731 -0.000723904 -0.00149768 0.0022634 0.00815674 5.06472e-05 -0.000177038 
0.00112108 0.0764082 -0.00524006 -0.00945358 -0.00058896 -0.00458577 0.0115427 -0.00242907 -0.00611141 0.018622 0.000643207 0.0172522 -0.000890226 0.0101644 0.0268347 -0.0265268 -0.0105114 -0.001757 -0.0275375 -0.0211707 0.025621 0.0363442 -0.000301891 0.0233171 -0.00751119 0.00515961 -0.0266663 -0.0288824 -0.0053176 -0.00441136 -0.031092 -0.00225148 -0.00600901 -0.000535196 0.0155478 -0.00133451 -0.00571825 0.00398619 0.0016143 -0.00923523 0.00155932 -0.00471329 -0.00453791 0.00491168 0.00597712 0.0025218 0.00317413 -0.0094303 -0.00745128 0.000223543 -0.0302004 -0.000639543 -0.00215587 -0.0015025 -0.00824538 -0.000662042 -0.00232531 -0.000323839 0.0143519 -0.00741727 0.00535204 -0.00109269 -0.000479427 -0.000787698 -0.00884728 2.68694e-05 0.00104175 -0.00290594 -0.000521088 -0.000236484 0.0072613 -0.00235377 0.000232918 -0.0060186 0.00184245 0.00205009 -0.009442 0.00239321 0.00732002 0.000391388 -0.00305372 -0.0112273 0.000364459 0.0296179 0.0311366 0.00187194 0.00192872 -0.00400105 0.000716459 -0.00810314 -0.0049792 -0.0004947 -0.00492399 -7.56736e-05 -0.00573923 -0.00608384 0.000263648 0.000421559 0.00232624 0.00358278 
-0.00105184 -0.00524006 0.0647265 0.00218314 -0.00335119 -0.00440662 -0.0071932 0.00379319 0.00656479 -0.00871205 -0.000541268 -0.00489497 -0.000767228 -0.00882891 -0.0244161 0.0225433 0.00632534 -0.00472153 0.0241123 -0.00750444 -0.0183518 -0.0264583 -0.000324529 -0.0267796 -0.00089351 -0.0121842 0.0193254 0.0315672 0.00606982 0.0210876 0.0242578 -0.000273083 -0.00834576 -0.00111328 -0.0135197 0.00109803 0.00228215 -0.00161187 -0.000618 0.0139298 -0.00230364 -0.0113026 0.00703741 -0.00879745 -0.00888932 0.0012302 -0.00287647 0.00456526 0.0027325 -0.0028076 0.024149 0.000837265 0.00726609 -0.00166106 0.00381486 -0.000146256 -0.00394683 1.80224e-05 -0.0218592 0.0161856 0.000179773 -0.00252604 -0.00291301 -0.000518669 0.0157376 -0.00088725 -0.00180624 -0.00989554 -0.00230584 -0.00128379 -0.00163092 0.000702115 -0.0013668 0.0132542 -0.00054474 -0.00287331 0.00879685 -0.00205007 -0.00994714 -0.000277747 0.00232128 0.00497742 -0.00393602 -0.0118336 -0.0266702 -0.000184728 -0.000510006 -0.0036904 -0.000218963 -0.00161063 0.00424883 0.0010545 -0.00432669 5.84111e-05 -0.00312558 -0.00351723 -0.000190098 -0.00535538 -0.00225752 -0.00408594 
-0.00214568 -0.00945358 0.00218314 0.199992 -0.0013248 0.106119 0.0244511 -0.024301 -0.0101058 0.0518423 2.12831e-05 -0.0213992 -0.0012123 -0.00143543 0.0213298 -0.027397 -0.0161944 -0.011474 0.0132825 -0.0488599 0.0121824 0.00410024 -0.0268727 -0.0481005 0.0656731 -0.0414173 -0.0717645 -0.0120677 0.0935045 -0.0291409 -0.0089847 -0.00687263 -0.0229147 -0.00257801 0.0351203 0.0027874 0.0399633 -0.000525613 0.00130541 -0.0165416 0.0328375 -0.0788845 0.014414 0.00840011 -0.0206301 -0.0569217 -0.00405105 -0.0171776 -0.00922628 -0.000468112 -0.00641946 -0.00107808 -0.0140887 0.00219723 -0.0298314 -0.00257988 -0.021041 -0.000646575 0.0365859 -0.0143811 -0.00502245 -0.00659366 -0.0043468 -0.00252161 -0.048511 -0.00426972 -0.0068178 -0.0142207 -0.00987747 -0.00361055 -0.000886911 0.00234351 -0.0040259 -0.0150884 0.00199462 -0.0024701 0.0340337 -0.00922938 0.0265446 0.000451175 -0.0198572 0.0508593 -0.0168448 0.0405787 -9.94252e-05 -0.000645554 -0.00142225 -0.00415438 -0.00128753 0.0664482 -0.0176227 0.000731841 -0.0185226 -0.00103853 -0.0209226 0.0335217 -0.00321994 -0.0119145 -0.00737705 -0.0228691 
-0.00169333 -0.00058896 -0.00335119 -0.0013248 0.118249 0.00615624 0.0245406 0.0166147 0.00661517 0.0177352 0.00636127 -0.00127299 -0.00279733 0.000434221 0.039082 -0.0385642 -0.0106967 0.00845679 -0.0300012 0.00703048 0.0276672 0.00792632 0.00948693 0.0201776 0.00527463 -0.0167681 -0.037958 -0.0278391 -0.00126803 -0.0102184 -0.0408655 0.00362308 0.0238147 -0.000481687 0.0374319 -0.00384738 -0.00979721 -0.00238781 -0.000916028 -0.0127603 0.0130988 -0.026948 -0.00408402 -0.0112071 -0.0193851 0.00685499 0.00604386 -0.0117766 0.00584491 0.00357331 -0.0316069 -0.00175229 -0.00416875 0.00425687 0.00159664 -0.00239977 -0.00541879 0.000546602 0.0230165 -0.00204537 0.00343543 -0.0022364 -0.0040227 0.00061996 -0.022591 -0.00214753 -0.00547111 0.00171486 -0.00482494 -0.000401523 0.003728 -0.00304407 0.001658 -0.00806873 0.00222751 -0.00255234 -0.0141037 0.00770964 -0.0130656 0.000607333 -0.00320097 -0.0171298 0.00269891 0.00206532 -0.000115308 0.000105885 -0.000505531 -0.00581324 -0.00113576 0.022867 -0.000656482 -0.00409404 -0.0041131 -0.00110471 -0.0102678 -0.00153614 -0.000273637 0.0219729 -0.00343198 -0.0108219 
-0.00399448 -0.00458577 -0.00440662 0.106119 0.00615624 0.208229 0.0453321 -0.0387486 -0.00828319 0.0577386 -0.000289609 -0.0173195 -0.00433061 0.0194655 0.016918 -0.0482152 -0.0139959 -0.0145663 0.0226324 -0.0324684 -0.0177797 -0.00428083 -0.0247135 -0.0478729 0.0944379 -0.0409538 -0.0726761 6.29466e-05 0.104222 -0.0332997 0.00086312 -0.00592116 -0.0166101 -0.00215866 0.0117906 0.00145681 0.0447515 -0.0066807 -0.00107518 -0.0112282 0.0423078 -0.0889087 0.014747 -0.00558746 -0.0390469 -0.0803512 -0.000296799 -0.0131545 -0.0195303 -0.00911756 0.0043573 -0.00152196 -0.011948 -0.00655819 -0.03627 -0.00299674 -0.0188882 0.000993012 0.0350674 -0.0258206 -0.00436846 0.00018686 -0.00558184 -0.00237582 -0.0295246 -0.00405827 -4.40776e-05 0.00539207 -0.00890858 -0.000424555 -0.00235833 0.00185566 -0.0093905 -0.0237636 0.00128148 -0.00750356 0.0345965 -0.0105334 0.017023 -0.000253476 -0.0257492 0.0651029 -0.0166618 0.0401384 -0.0206148 -0.00108798 -0.00212878 -0.0189179 0.000300781 0.0951469 -0.0164269 0.00856717 -0.0204555 -0.00188771 -0.0205338 0.0311843 -0.00292741 -0.013764 -0.0059046 -0.0258235 
-0.00379655 0.0115427 -0.0071932 0.0244511 0.0245406 0.0453321 0.18805 -0.0270836 -0.0185095 0.0791947 0.0036326 -0.00465637 -0.000480739 0.0505208 0.0659731 -0.0624092 -0.0279554 -0.0176909 -0.0288473 -0.0334062 0.0171412 0.0313486 -0.00576491 0.0338945 0.0507899 -0.024027 -0.0550018 -0.0625938 0.0294257 0.00683333 -0.0603357 -0.00101708 0.0101703 -0.00370885 0.010758 -0.00569192 -0.0151498 0.00244378 -0.00184641 -0.00466234 0.023044 -0.0296804 -0.0121747 0.0109424 -0.00983724 -0.0515529 0.00148639 -0.0151274 0.00265027 0.00490839 -0.056022 -0.00149912 -0.0139726 0.00416311 -0.0272506 0.00230131 0.0120882 0.0031049 0.0619837 -0.00687955 0.00458048 0.000289589 -0.00360108 -0.000591295 -0.0346644 -0.00196937 -0.00899959 0.0234646 -0.00377167 -0.00303025 0.00873782 -0.00298401 -0.00290486 -0.0225404 -0.00229121 0.00671712 -0.0251679 0.0108239 0.0172582 0.00361863 -0.0152687 -0.0157407 -0.00469168 0.0304272 -0.0156531 -0.000639505 -0.000197741 -0.0115048 0.000162832 0.0554346 -0.0102783 -0.00807078 -0.0113729 0.000721667 -0.0159612 -0.000931661 -0.00281761 -0.032585 -0.00689917 -0.0139981 
0.000453516 -0.00242907 0.00379319 -0.024301 0.0166147 -0.0387486 -0.0270836 0.160819 -0.00455062 -0.021396 0.00117217 -0.00477401 -0.00201351 -0.00598322 -0.00720898 0.00269905 0.0216345 0.00739408 0.00486433 0.00934232 0.00881812 -0.0154075 -0.0175641 -0.00836075 -0.0305657 0.00972828 0.0278634 0.00438759 -0.0335875 0.00187744 0.0100009 -0.00288558 0.0119903 0.00320692 0.0264939 0.000143733 -0.00697679 0.00331973 -0.00136439 0.00764024 -0.0120474 0.0248444 -0.00810011 -0.0202415 -0.0210754 0.0495586 -0.0014942 -0.0185216 -0.0102907 -0.00060265 0.0105283 0.00080053 0.00706354 0.00936536 0.0115527 -0.000159746 -0.0138512 -0.00219716 -0.00966998 -0.00291827 -0.00221523 -0.00605807 -0.00478457 -0.0013295 -0.00155781 -0.00119756 0.00763236 -0.0145652 -0.00233638 0.00209308 -0.00152486 0.0020293 -0.00120325 0.0110865 -0.00113988 -0.0015147 -0.00115306 -0.000404498 -0.00955441 -0.000955866 -0.00376847 -0.0110799 -0.00178215 -0.0070684 0.0147215 0.00043169 -0.0012216 0.00397838 -0.00198858 -0.0309943 -0.00161307 0.0108142 -0.00852282 -0.00192731 0.00184604 -0.00711674 -0.0053565 0.00606218 0.00181457 -0.0101752 
0.000165644 -0.00611141 0.00656479 -0.0101058 0.00661517 -0.00828319 -0.0185095 -0.00455062 0.0905813 -0.0149376 -0.00045487 -0.00162785 -0.00209341 -0.019184 -0.00834107 0.0129838 -0.0101247 0.00115843 0.014073 0.0310191 -0.0104695 -0.0158811 0.00514015 -0.00524207 -0.00552182 -0.00176737 0.00895271 0.0117392 -0.0135009 -0.00206195 0.00718965 -0.00317801 0.0181668 -0.00102458 -0.000338886 0.00261644 -0.00216433 -0.00296185 -0.000954864 -0.00339394 -0.00795085 -0.0106525 -0.00389996 -0.0101304 0.00730502 0.00357245 0.000300735 0.0053028 -0.00579584 -7.16077e-05 0.00423376 -0.000617669 0.00400534 -0.00276263 0.00620571 -0.0003117 -0.00660026 0.000207879 -0.012075 0.00656953 0.000508377 -0.00277666 -0.000103186 9.14148e-05 -0.00570519 -0.000636372 -0.00239142 0.00741654 -0.000111499 0.00439009 -0.00148599 8.44779e-05 -0.002764 -0.00528742 -0.000238137 -0.004197 -0.00283321 -0.0019688 -0.0112383 -0.00131866 0.0126395 -0.00425442 0.00902163 -0.0144407 0.00234392 -0.000495261 -0.000521783 -0.0020312 0.000672785 -0.0048579 0.00829406 -0.00339526 0.00238673 -0.000444382 -0.00334635 0.000432599 0.0037766 0.0139541 -0.00350269 -0.0066828 
-0.00336363 0.018622 -0.00871205 0.0518423 0.0177352 0.0577386 0.0791947 -0.021396 -0.0149376 0.164766 0.00122502 -0.00129631 -0.000173841 0.0279868 0.0791187 -0.076078 -0.0248066 -0.0222397 -0.0372593 -0.0397061 0.0540239 0.0391062 -0.00956986 0.0120577 0.0405099 -0.0266166 -0.0662151 -0.0680319 0.0302565 -0.0101538 -0.0623977 -0.00414375 -0.00135399 -0.00347032 0.0451856 -0.00241372 -0.00873768 0.0040819 0.00104233 -0.0144528 0.0452136 -0.0446824 -0.0111901 0.00629217 -0.0117965 -0.0394708 0.000905868 -0.0227018 -0.0061368 -0.00355485 -0.0613377 -0.00247176 -0.0141236 0.00136288 -0.0269413 -0.00284913 -0.0138795 1.15384e-05 0.0593613 -0.0124168 0.00144475 -0.00366409 -0.00433256 -0.00212402 -0.0475661 -0.00345032 -0.00910248 0.00948773 -0.00681244 -0.00198645 0.0116501 -0.00374128 -0.00350694 -0.0195321 -0.000549178 0.00499714 -0.0169041 0.00372664 0.0440108 0.000940493 -0.017625 -0.0149905 -0.00661752 0.0603998 0.0119681 0.00208063 0.000341649 -0.00884502 -0.00195845 0.0624122 -0.0104924 -0.00609775 -0.016115 -0.000704104 -0.0151559 0.00153825 0.000470105 -0.0117561 -0.00414587 -0.0142539 
0.000150841 0.000643207 -0.000541268 2.12831e-05 0.00636127 -0.000289609 0.0036326 0.00117217 -0.00045487 0.00122502 0.0157481 -0.000237246 5.10499e-05 -0.00213149 0.00546683 -0.00543719 -0.00197008 -2.34869e-05 -0.00338674 -0.000339603 0.00520388 0.0019696 0.00012843 0.00485136 -4.00574e-05 -0.0021158 -0.00537389 -0.00429262 -0.00124369 -0.000973956 -0.00527068 -0.000150998 0.00260089 0.0002125 0.00553437 -0.000352215 -0.0010992 1.80037e-05 -7.6054e-06 -0.00166721 0.00084211 -0.00299179 -0.000169029 -0.000905621 -0.00245499 0.000466656 0.000879424 -0.00181827 0.000166414 0.000716764 -0.00458538 -3.35655e-05 -0.00106543 0.00308853 -0.00121818 0.000175998 -0.00117989 0.000209035 0.00293632 -0.000955684 0.00033415 -0.000411289 0.000333691 -0.00014513 -0.00316816 6.75888e-05 -0.000758306 -0.000322493 -0.000617673 0.000189466 -0.00023887 -0.000320133 -0.000706951 -0.00127889 0.00027154 -0.000194069 -0.00117457 0.00157688 -0.00151654 0.000146884 -0.000467985 -0.0015482 0.000579975 -0.000531988 0.00275032 2.53959e-06 -5.975e-05 5.58832e-05 -0.000194723 0.00084388 -0.000382071 -0.000595461 -0.000650347 0.000304532 -0.000948468 -0.00072288 -0.000174879 0.00122675 -0.000191445 -0.00105815 
0.00315924 0.0172522 -0.00489497 -0.0213992 -0.00127299 -0.0173195 -0.00465637 -0.00477401 -0.00162785 -0.00129631 -0.000237246 0.0787394 -0.00101175 0.00827334 0.0131904 -0.0120695 -0.00839907 0.0115486 -0.0187792 -0.0105399 0.0109188 0.0272796 0.00846214 0.0306258 -0.0135324 0.0136239 -0.01262 -0.0259383 -0.0180103 0.0059225 -0.0273286 -0.00136588 -0.00286973 -0.000318374 0.013944 -0.00184275 -0.00692741 -0.000103395 0.00141431 -0.00609942 -0.00703222 0.00420004 -0.00535509 -0.0023163 0.0122847 0.0116521 0.00110712 -0.00535444 -0.00504212 0.000487334 -0.0269077 -0.000494262 -0.0023875 -0.00321523 -0.00692608 -0.00115757 0.00314356 -0.000518395 -0.00294909 -0.00356262 0.00591526 0.00167062 -0.000959009 -0.000581626 -0.0040944 0.00137985 -0.00217347 -0.0019083 0.00623054 0.00292026 -0.00145477 -0.00107886 -0.00155915 -0.00203549 0.000667667 -0.000922063 -0.00768034 0.00652069 -0.00577677 -0.000405967 0.00288955 -0.00952563 0.0177496 0.00944302 0.015078 0.00243386 0.00264964 -0.00368988 -0.00096639 -0.01359 0.00155081 -0.00101402 -0.00592727 0.000720861 0.00024015 -0.00547029 0.00170529 0.0044628 0.000269528 0.00753968 
-0.000753243 -0.000890226 -0.000767228 -0.0012123 -0.00279733 -0.00433061 -0.000480739 -0.00201351 -0.00209341 -0.000173841 5.10499e-05 -0.00101175 0.0350307 -0.00467801 -0.00774798 0.00187552 -0.0021673 -0.0025443 0.00792856 0.00453786 -0.00738615 -0.00969613 -0.000413299 -0.00145523 0.00035711 -0.00331256 0.00378758 0.00296693 -0.0023667 0.00343927 0.00553334 0.000427236 0.00389563 0.000263122 -0.00681677 0.000239825 0.00457603 -0.00090826 -8.83148e-06 0.00140242 -0.00344936 0.00113627 -0.00223874 0.00617406 -0.00251053 -0.00347565 -0.00105425 -0.000528867 -0.00219404 -0.000666126 0.00566159 0.00118071 0.000497852 -0.000140677 -0.00355005 0.00129872 0.0030522 -0.000190885 -0.00487936 -0.00165798 0.000568165 -0.00101767 -0.00123998 -0.00012917 -0.000882575 6.37222e-05 0.000614004 -0.00412522 -0.00053009 -0.000203211 0.000187689 0.00177627 0.000166659 0.0016117 -9.53429e-05 0.00147154 0.00588267 0.00199352 -0.00204505 -5.24726e-05 -0.00266263 0.00279229 0.000540607 -0.00289298 -0.00795711 -9.92838e-05 -9.92802e-05 0.00472562 0.000676977 -0.00522286 0.00451443 0.000617147 0.00219633 0.000202352 0.00160129 0.00200971 -0.000395123 -0.00637813 -0.0011861 0.000250211 
-0.00269244 0.0101644 -0.00882891 -0.00143543 0.000434221 0.0194655 0.0505208 -0.00598322 -0.019184 0.0279868 -0.00213149 0.00827334 -0.00467801 0.202132 0.0317774 -0.0675002 -0.0234674 -0.00180489 -0.0206538 -0.0691061 -0.0132015 0.0757398 -0.0239669 0.0154861 0.0298311 0.0161082 -0.0561142 -0.055398 0.0254164 -0.0141857 -0.0690989 0.000811061 -0.0181108 -0.00379063 -0.0296827 -0.00520361 -0.0115105 0.00604294 -0.00317527 -0.0164181 0.0140838 0.0142197 -0.00585435 0.0065989 0.0323997 -0.0144038 -0.00104786 -0.0324292 -0.0107821 -0.00685699 -0.0663074 -0.00282978 0.00808026 -0.0133401 -0.0176447 -0.00268847 0.0113697 0.00341215 0.0436006 -0.0214845 -0.00322613 0.00967509 -0.00291169 0.000822376 -0.00197244 -0.00103451 0.0135338 0.0394166 0.00534817 -0.00251064 0.00943189 -0.00225975 -0.0122475 -0.0164575 -0.00322509 0.0092958 -0.0260592 -0.00514215 0.0344894 0.00422905 -0.0101442 -0.0102529 -0.00227782 0.0442985 0.0385282 -9.32127e-05 1.93371e-05 -0.0178235 -0.000210891 0.0372772 -0.0165795 -0.00825421 -0.0160614 -0.000728126 0.0048005 -0.00535998 -0.00108368 -0.000350702 0.0067035 -0.00256515 
0.0077048 0.0268347 -0.0244161 0.0213298 0.039082 0.016918 0.0659731 -0.00720898 -0.00834107 0.0791187 0.00546683 0.0131904 -0.00774798 0.0317774 0.249713 -0.116689 -0.0592017 0.0167746 -0.123322 -0.0631697 0.139685 0.137151 -0.0197229 0.10569 -0.0104427 -0.0171248 -0.123928 -0.139944 -0.0156719 -0.0420984 -0.161788 -0.00880569 0.0387705 -0.00531091 0.109504 -0.00423488 -0.0356431 -0.0022543 0.00201819 -0.0508578 0.0390073 0.00449652 -0.032898 0.0516023 0.0704734 -0.0023165 0.0166243 -0.0439605 -0.016207 0.0163705 -0.153584 -0.00504186 -0.0246668 0.00827106 -0.0358714 -0.00569579 -0.00185332 0.000731996 0.121323 -0.0199349 0.00407681 0.00536191 0.00860832 -0.00208011 -0.0712501 -0.00191484 -0.0116144 0.00584417 -0.0101899 -0.000927571 0.00128863 -0.0120021 -0.00306968 -0.0406095 0.00062719 0.0194427 -0.0504359 0.00688332 0.0360063 -0.000340937 -0.0190088 -0.0575195 0.00442099 0.0565052 0.126155 0.00282772 0.00333658 -0.00416975 -0.00123769 0.0235907 -0.0203941 -0.0133509 -0.0240497 -0.00141574 -0.0274047 -0.0254802 0.00643383 0.0571833 0.00502104 -0.0207969 
-0.0048868 -0.0265268 0.0225433 -0.027397 -0.0385642 -0.0482152 -0.0624092 0.00269905 0.0129838 -0.076078 -0.00543719 -0.0120695 0.00187552 -0.0675002 -0.116689 0.249576 0.0482556 -0.0261294 0.0719118 0.0629594 -0.0706824 -0.0977296 0.0253866 -0.0710012 -0.0451013 0.0217861 0.125445 0.123658 -0.0021528 0.0342876 0.115319 0.00877448 -0.0447946 0.00451834 -0.0408767 0.00543734 0.000383234 -0.0105048 -0.00302841 0.0265031 -0.037154 -0.00723032 0.030943 -0.0333618 -0.0278706 0.0335819 -0.0139116 0.056814 0.0276311 -0.00774474 0.10759 0.00283449 0.0134093 0.000243701 0.0516012 0.00577135 -0.0152599 -0.000933742 -0.1062 0.042772 -0.000684628 -0.0114791 -0.00891673 0.0024556 0.032097 -0.00154078 -0.00569023 -0.0200814 0.00770444 -0.00326107 -0.00549877 -0.00237238 0.00544168 0.0427973 -0.00478565 -0.0114452 0.0256004 -0.00519986 -0.056513 -0.005109 0.0395946 0.00953675 -0.0117237 -0.0623851 -0.0895862 -0.00244956 -0.00288899 0.00155365 -0.00287885 -0.0587599 0.0167099 -0.00176649 0.0178003 0.000489108 0.0186074 -0.00117692 -0.00372455 -0.0382029 -0.00884033 0.0165203 
-0.00235564 -0.0105114 0.00632534 -0.0161944 -0.0106967 -0.0139959 -0.0279554 0.0216345 -0.0101247 -0.0248066 -0.00197008 -0.00839907 -0.0021673 -0.0234674 -0.0592017 0.0482556 0.117368 -0.0185349 0.0269706 0.017456 -0.0405545 -0.0547115 0.0140381 -0.049973 -0.0042499 0.00916731 0.0587185 0.052017 -0.00467857 0.00608826 0.0687943 0.0036218 -0.0198502 0.00349612 -0.0363587 -0.00131526 0.0122361 -0.00221639 -0.0019226 0.0220244 -0.0110461 -0.00791685 0.0131555 -0.0165216 -0.0361432 -0.0124811 -0.00574219 0.023351 0.0101965 -0.00482423 0.069312 0.00241114 0.00198004 -0.000895399 0.0390022 0.00247684 -0.0130983 -0.00112022 -0.0432374 0.0281068 -0.0012088 -0.00305982 -0.00383972 0.0019613 0.0026089 -0.000204744 -0.00273615 -0.00219571 -0.00287199 -0.00217187 -0.00214654 0.00281064 0.000578458 0.0253957 -0.00151587 -0.0062125 0.0238385 -0.00163971 -0.0187619 -0.00128109 0.020025 0.0140181 -0.00628044 -0.0282869 -0.0572334 -0.000875361 -0.000999691 0.00132789 -0.0017653 -0.0166102 -0.00127281 0.0148839 0.00878854 0.000397338 0.00108416 0.0027172 -0.00383996 -0.0229418 -0.0019422 -0.00750667 
0.00599327 -0.001757 -0.00472153 -0.011474 0.00845679 -0.0145663 -0.0176909 0.00739408 0.00115843 -0.0222397 -2.34869e-05 0.0115486 -0.0025443 -0.00180489 0.0167746 -0.0261294 -0.0185349 0.140775 -0.0374823 -0.0109865 0.0309893 0.0324306 -0.00102941 0.0536778 -0.0190082 0.00659707 -0.0268988 -0.0410925 -0.0293667 -0.0126158 -0.0448754 -0.00537126 0.0073416 -0.00215125 0.0211558 -0.00377891 -0.0135553 -0.00394716 -0.00226959 -0.0114396 -0.00303019 0.0303923 -0.00408841 -0.00501134 0.0253654 0.0323411 0.00353913 -0.0161226 -0.00874691 -0.00496564 -0.0452423 -0.000796644 -0.00807925 -0.00165494 -0.0180728 -0.00309994 0.0150007 -0.00147513 0.030942 -0.0134337 -0.00183398 0.00265478 0.00584792 0.00173736 0.00513448 0.00192664 -0.00568301 0.00129335 0.000393777 0.00345783 -0.00757787 -0.00491698 0.00295564 -0.00324513 0.00153281 -0.00395423 -0.0154123 -0.00538039 -0.0112345 -0.00138519 -0.0124745 -0.0195828 0.0137616 0.0115104 0.0447281 -0.000646134 0.000156919 0.004841 0.000965546 -0.0121626 -0.0111848 -0.00183413 -0.0034853 -0.000728477 0.00304745 -0.0102245 -0.00496479 0.0599153 -0.000467859 0.0118198 
-0.00754388 -0.0275375 0.0241123 0.0132825 -0.0300012 0.0226324 -0.0288473 0.00486433 0.014073 -0.0372593 -0.00338674 -0.0187792 0.00792856 -0.0206538 -0.123322 0.0719118 0.0269706 -0.0374823 0.242666 0.0373824 -0.112771 -0.118104 -0.0291691 -0.088442 0.0491552 -0.0316271 0.0910209 0.12226 0.0239893 0.0373521 0.130482 0.00486325 -0.0175988 -0.000388243 -0.0826053 0.00406331 0.0376233 -0.00118214 -0.00209666 0.0335037 -0.0308179 -0.00864723 0.0175617 -0.0198201 -0.060791 -0.0149177 -0.00938542 0.0113229 -0.00511979 -0.013321 0.128144 0.000209586 0.0133777 -0.00475052 0.0128649 0.000874077 -0.0134032 -0.00272029 -0.0773177 -0.00433665 -0.00681514 -0.00928453 -0.0159353 -0.00301333 0.0500425 -0.00186778 -0.00138197 -0.00823183 -0.00760545 -0.00338415 -0.00667375 0.0131984 -0.00519421 0.0187815 -0.00394719 -0.0140818 0.0434331 -0.00226106 -0.0127872 -0.00186046 -0.0140523 0.0585143 -0.0148744 -0.0548963 -0.111846 -0.00240532 -0.00305795 0.00414701 -0.000848857 0.0179855 0.0236068 0.000296926 -0.00311224 0.00143402 0.0139147 0.0307127 -0.00944207 -0.0639231 -0.00688293 0.0132533 
-0.00198617 -0.0211707 -0.00750444 -0.0488599 0.00703048 -0.0324684 -0.0334062 0.00934232 0.0310191 -0.0397061 -0.000339603 -0.0105399 0.00453786 -0.0691061 -0.0631697 0.0629594 0.017456 -0.0109865 0.0373824 0.216979 -0.0481789 -0.0987358 0.0324033 -0.0263523 -0.0172696 -0.00437365 0.0887202 0.0595637 -0.0343926 0.0170624 0.0662852 0.00300753 0.0335177 9.09447e-05 -0.0245058 0.000927564 -0.0166891 -0.00693258 -0.00448284 0.00653584 -0.022649 -0.0055233 -0.00316358 -0.0295937 -0.048316 0.0292897 -0.00472034 0.0396675 0.0156277 0.00264112 0.0650302 -0.000501396 0.00485758 -0.00359478 0.0291146 0.00570194 0.00115282 -0.00127208 -0.0568501 0.00642727 0.00306768 -0.0106708 0.00284016 -0.000461926 0.0334903 0.00382848 -0.000730782 -0.00337287 0.00540175 0.003017 -0.00455057 -0.000568643 0.0145913 0.00789988 -0.00129924 -0.0114553 -0.0171045 0.00386014 -0.037563 -0.000366357 0.0167948 -0.0154038 0.0111626 -0.0600393 -0.0598186 -0.00190257 -0.00194743 0.00130919 0.0032137 -0.0300534 0.0243248 -0.00854503 0.028498 -0.0017312 0.0166044 -0.00876881 0.0014044 -0.00374085 -0.010154 0.0119509 
0.00671606 0.025621 -0.0183518 0.0121824 0.0276672 -0.0177797 0.0171412 0.00881812 -0.0104695 0.0540239 0.00520388 0.0109188 -0.00738615 -0.0132015 0.139685 -0.0706824 -0.0405545 0.0309893 -0.112771 -0.0481789 0.231785 0.110769 -0.0160857 0.0922281 -0.0523534 -0.0178852 -0.0988118 -0.117451 -0.0363899 -0.0340233 -0.124157 -0.00467637 0.0242911 -0.000376627 0.131445 -0.00776741 -0.0306299 0.00293924 0.00488375 -0.0417797 0.0226688 0.0201956 -0.0273165 0.0329457 0.0635952 0.0251994 0.00791118 -0.0373719 -0.0215332 0.0156031 -0.12468 -0.00337886 -0.0184639 0.0181176 -0.0287005 -0.00186868 -0.00736297 -0.00152099 0.0959933 -0.0221435 0.0029638 -0.00566107 0.0101122 -0.00262602 -0.059114 -0.00383703 -0.013945 0.00155032 -0.0132521 0.00219066 0.00740943 -0.010466 -0.000508577 -0.0258409 0.00220486 0.0155202 -0.0369599 0.00763617 0.0420001 -0.000375301 -0.0186839 -0.0552501 0.0134362 0.05063 0.123648 0.0029032 0.00267955 0.00821487 -0.00225322 -0.0187441 -0.0131943 -0.00935887 -0.0220309 -0.000445501 -0.0256295 -0.0260278 -0.00167803 0.0603053 -0.000735477 -0.0102216 
0.00608468 0.0363442 -0.0264583 0.00410024 0.00792632 -0.00428083 0.0313486 -0.0154075 -0.0158811 0.0391062 0.0019696 0.0272796 -0.00969613 0.0757398 0.137151 -0.0977296 -0.0547115 0.0324306 -0.118104 -0.0987358 0.110769 0.249037 -0.0218506 0.114308 -0.0233698 0.0232849 -0.126156 -0.128785 -0.0159759 -0.0475369 -0.15241 -0.00419458 0.00550511 -0.00679688 0.0625783 -0.00883517 -0.0261615 -0.00223116 0.00652695 -0.0479214 0.0255208 0.0375522 -0.0289096 0.0456084 0.0904747 0.00447933 0.0122264 -0.0459721 -0.0251353 0.00559663 -0.155158 -0.00427105 -0.0130535 -0.0049386 -0.0334793 -0.00666917 0.0106102 -0.000717241 0.103737 -0.0364701 0.00168373 0.0127596 0.0119042 -0.000218423 -0.029853 0.000372519 0.00406949 0.0184696 8.06527e-05 0.0011977 0.0023764 -0.0131113 -0.0123846 -0.0374167 0.000630935 0.0175692 -0.0447899 0.00144469 0.0369888 5.21091e-05 -0.0198207 -0.0461718 0.00955459 0.080353 0.146503 0.00269191 0.00344229 -0.00966299 0.00153634 0.00185953 -0.0297303 -0.0127619 -0.0210382 -0.000778112 -0.0131562 -0.0292164 0.00148773 0.0543307 0.0151028 -0.00564295 
-0.000648024 -0.000301891 -0.000324529 -0.0268727 0.00948693 -0.0247135 -0.00576491 -0.0175641 0.00514015 -0.00956986 0.00012843 0.00846214 -0.000413299 -0.0239669 -0.0197229 0.0253866 0.0140381 -0.00102941 -0.0291691 0.0324033 -0.0160857 -0.0218506 0.118948 0.00333639 -0.0169399 0.018844 0.0161294 0.00406287 -0.00201847 0.0107072 0.00311509 0.00047565 0.00727851 0.00363514 -0.0114463 -0.00256049 -0.0111504 -0.00288358 -0.002255 0.00649097 -0.00477407 -0.0295668 0.0194433 -0.0132161 -0.0169236 -0.0199697 -0.00480927 0.0263097 0.0186843 0.001033 0.0115352 0.00323381 0.000344479 -0.00387825 0.0227516 0.00649446 -0.00463808 0.000496538 -0.0390592 0.0297668 0.00862382 -0.00524251 0.00492505 0.00523035 -0.0234878 0.000629657 -0.00451634 0.00613923 0.00124648 0.000652953 0.00124005 -0.00205413 0.0104266 0.00832369 0.00138 -0.00551189 -0.0109124 0.00323829 -0.0190839 0.00036607 0.0249965 -0.0165061 0.0150797 -0.0206266 -0.032688 0.00040693 0.00154064 -0.00237129 -0.00193662 -0.0126402 0.000989086 -0.000808941 0.0230142 -8.2276e-05 -0.00748268 -0.00424889 0.00950822 0.00797757 -0.00417285 -0.00563673 
0.00388938 0.0233171 -0.0267796 -0.0481005 0.0201776 -0.0478729 0.0338945 -0.00836075 -0.00524207 0.0120577 0.00485136 0.0306258 -0.00145523 0.0154861 0.10569 -0.0710012 -0.049973 0.0536778 -0.088442 -0.0263523 0.0922281 0.114308 0.00333639 0.248405 -0.048063 0.00270463 -0.0662357 -0.113644 -0.0667255 -0.00152503 -0.113884 -0.0103815 0.0449295 -0.00551867 0.0419631 -0.0108761 -0.0398486 -0.0110578 0.0025927 -0.0215979 -0.0158707 0.0610699 -0.0345254 0.0494347 0.0800118 -0.00255989 0.0162095 -0.0335507 -0.0208022 0.00995126 -0.11418 -0.00314034 -0.0271225 0.00655564 -0.0406523 -0.00336763 0.0380497 0.00142353 0.106895 -0.0319636 0.0066044 0.00711265 0.0136049 0.00114677 -0.0155206 0.0022276 -0.011864 0.0262499 0.00158171 0.000745689 -0.00344996 -0.0116801 0.00552512 -0.0320066 0.000376817 0.0161611 -0.0507619 0.0125615 -0.0095503 -0.00348037 -0.0180463 -0.0705704 0.0244218 0.0299687 0.0955591 0.000948587 0.00233723 0.0049168 0.00290663 -0.0435053 -0.0113309 -0.0155659 -0.00200039 0.000454065 -0.00610864 -0.0335189 -0.00251373 0.0586499 0.00798154 0.006369 
-0.0036159 -0.00751119 -0.00089351 0.0656731 0.00527463 0.0944379 0.0507899 -0.0305657 -0.00552182 0.0405099 -4.00574e-05 -0.0135324 0.00035711 0.0298311 -0.0104427 -0.0451013 -0.0042499 -0.0190082 0.0491552 -0.0172696 -0.0523534 -0.0233698 -0.0169399 -0.048063 0.179402 -0.033293 -0.0436953 0.00708252 0.0724121 -0.00851492 0.0137191 -0.00111722 -0.00854572 -0.00241025 -0.0401929 -0.000354503 0.0372018 0.00149519 -0.00299319 -0.000154391 0.0265393 -0.06173 0.0189875 -0.00679189 -0.0423009 -0.0748814 -0.000965876 -0.00990985 -0.0127252 -0.00662095 0.0261433 0.000957631 -0.00387934 -0.0082043 -0.0226786 -0.00270669 -0.0127395 0.00314711 0.0167966 -0.014531 -0.00224378 -0.00094102 -0.00842782 -0.000874641 -0.0148077 -0.00331742 -0.00101414 0.00648405 -0.00741583 -0.00332636 0.00231948 0.00972852 -0.00856583 -0.0164247 0.00113142 -0.00919628 0.0243829 -0.00573901 0.014799 0.00352525 -0.0221389 0.0577045 -0.00817656 0.0120114 -0.0514467 -0.00126562 -0.00168663 -0.0121899 0.00270718 0.0948733 -0.0128013 0.00187919 -0.017123 0.000380303 -0.0184212 0.0361188 -0.00305299 -0.02754 -0.00821294 -0.0211927 
0.0019312 0.00515961 -0.0121842 -0.0414173 -0.0167681 -0.0409538 -0.024027 0.00972828 -0.00176737 -0.0266166 -0.0021158 0.0136239 -0.00331256 0.0161082 -0.0171248 0.0217861 0.00916731 0.00659707 -0.0316271 -0.00437365 -0.0178852 0.0232849 0.018844 0.00270463 -0.033293 0.157921 0.0208322 -0.0244752 -0.0174266 -0.0126152 -0.0121214 -0.00195555 -0.0138798 0.00331489 -0.00821375 0.00378657 -0.0111088 -0.00110549 0.000608682 -0.00851623 -0.0123478 0.0197424 -0.0086538 -0.0121001 0.00161776 0.0271095 -0.0015427 0.0201113 0.00688761 0.00135254 -0.0104183 0.0017923 0.00596749 0.00056219 0.0136099 0.000136075 -0.00435382 -0.00214891 -0.0369777 0.0119276 0.000102577 0.00167312 0.00876689 0.00127714 0.000792462 0.0050855 0.0203415 0.0016442 0.0140365 -0.00109471 0.00293143 -0.00464297 -0.00289714 0.00521152 -0.00106823 -0.00121387 -0.011529 -0.0021998 -0.0165537 0.000279251 0.0306716 -0.00755172 0.004333 -0.0166898 0.0175824 0.00178974 0.0027611 -0.00737891 -0.000614107 -0.0321206 -0.0117303 0.0114445 0.00744307 0.00116137 0.0125127 -0.0128512 0.000189493 1.09183e-05 0.00968391 0.015622 
-0.0045145 -0.0266663 0.0193254 -0.0717645 -0.037958 -0.0726761 -0.0550018 0.0278634 0.00895271 -0.0662151 -0.00537389 -0.01262 0.00378758 -0.0561142 -0.123928 0.125445 0.0587185 -0.0268988 0.0910209 0.0887202 -0.0988118 -0.126156 0.0161294 -0.0662357 -0.0436953 0.0208322 0.240098 0.106793 -0.0456271 0.0493381 0.131748 0.00718937 -0.0191657 0.00396712 -0.0766491 0.00645185 -0.0137681 -0.000656961 -0.00426146 0.0463509 -0.0359152 0.0260179 0.00186489 -0.046725 -0.0520521 0.0503025 -0.0147772 0.0498546 0.0314558 -0.0105651 0.126088 0.00315129 0.0238057 -0.000660903 0.0586389 0.00523894 0.000931813 -0.0040664 -0.0972495 0.0371502 -0.0015144 -0.010009 -0.0106795 9.22786e-05 0.0673458 0.000486869 0.00550496 -0.0223278 0.010969 -0.00469628 -0.00702281 0.00155649 0.00993585 0.0387389 -0.00388574 -0.0143748 0.00184571 -0.00291548 -0.0324848 -0.00425047 0.0298499 -0.00996624 -0.0124593 -0.0667644 -0.10043 -0.00231814 -0.00277749 0.0113084 -0.00374466 -0.059123 0.0265936 0.00321053 0.0290037 -0.000181356 0.0299252 -0.0123381 -0.00495604 -0.0514189 -0.00586573 0.0296753 
-0.00426141 -0.0288824 0.0315672 -0.0120677 -0.0278391 6.29466e-05 -0.0625938 0.00438759 0.0117392 -0.0680319 -0.00429262 -0.0259383 0.00296693 -0.055398 -0.139944 0.123658 0.052017 -0.0410925 0.12226 0.0595637 -0.117451 -0.128785 0.00406287 -0.113644 0.00708252 -0.0244752 0.106793 0.230943 0.0230034 0.0307462 0.164213 0.003263 -0.0256783 0.00366675 -0.0786113 0.00326958 0.0322993 -0.00765765 -0.00415764 0.0404217 -0.0269368 -0.0204042 0.0429725 -0.036505 -0.0640479 -0.000897231 -0.0121793 0.0412226 0.0186181 -0.0119075 0.165962 0.00356377 0.0140419 -0.00399777 0.0565647 -0.000242467 -0.0152098 -0.000747853 -0.101919 0.0340348 -0.00552572 -0.000208881 -0.0133891 -0.000495074 0.0537311 -0.00156811 0.000887137 -0.0145892 -0.00398918 -0.00330612 -0.0114567 0.00854469 -0.00136485 0.0399091 -0.00380603 -0.0144653 0.0496347 -0.0052101 -0.0594921 -0.00432655 0.0260543 0.0518005 -0.0202419 -0.0822479 -0.128122 -0.00239534 -0.0027803 -0.00950519 -0.000958133 -0.0171344 0.0169218 0.00199982 0.0113323 -0.000545111 0.015771 0.0173501 -0.0012008 -0.0509289 -0.00823978 0.0043865 
-0.00232342 -0.0053176 0.00606982 0.0935045 -0.00126803 0.104222 0.0294257 -0.0335875 -0.0135009 0.0302565 -0.00124369 -0.0180103 -0.0023667 0.0254164 -0.0156719 -0.0021528 -0.00467857 -0.0293667 0.0239893 -0.0343926 -0.0363899 -0.0159759 -0.00201847 -0.0667255 0.0724121 -0.0174266 -0.0456271 0.0230034 0.193196 -0.00373534 0.0218111 -0.000820583 -0.0303836 -0.00230725 -0.00955913 0.00271142 0.0359575 0.00443166 -0.00189158 -0.00515986 0.0371433 -0.0730542 0.0284175 -0.0121401 -0.0476041 -0.0712869 -0.00405058 -0.0194785 0.000859039 -0.00882312 0.0200608 0.000476205 -9.86235e-05 -0.00397113 -0.0270205 0.000627999 -0.0188339 0.00285091 -0.0168807 -0.0074552 -0.00334169 -0.000785973 -0.00854587 -0.00175341 -0.0176602 -0.00381064 0.00524135 -0.017907 -0.00366194 -0.00308469 -0.000622953 0.00238145 -0.001294 -0.0167966 0.00383941 -0.00610818 0.0332529 -0.00903244 -0.00256413 0.00275365 -0.0207725 0.0618886 -0.0116378 0.0212746 -0.044708 -1.13598e-05 -0.000925852 -0.0166431 0.000249353 0.0677694 -0.0140136 0.00799214 -0.0170129 0.000706061 -0.014764 0.0343567 0.00763551 -0.0327812 -0.00215566 -0.0211898 
-0.00303823 -0.00441136 0.0210876 -0.0291409 -0.0102184 -0.0332997 0.00683333 0.00187744 -0.00206195 -0.0101538 -0.000973956 0.0059225 0.00343927 -0.0141857 -0.0420984 0.0342876 0.00608826 -0.0126158 0.0373521 0.0170624 -0.0340233 -0.0475369 0.0107072 -0.00152503 -0.00851492 -0.0126152 0.0493381 0.0307462 -0.00373534 0.135429 0.0440251 0.000509766 -0.01237 -0.00220239 -0.0364894 -0.000701464 -0.0113082 0.00282744 -0.00172617 0.0450797 -0.0137008 0.00763646 -0.00746512 -0.0184469 -0.018237 0.00584883 -0.0054643 -0.00136504 0.00892329 -0.00463611 0.0320288 0.00160876 0.0107394 -0.0026497 -0.00553373 0.000919234 0.00667164 0.00148571 -0.0335886 0.00394441 0.00265695 -0.00289059 -0.00572293 0.000107318 0.0421332 -0.00221382 -0.00469095 -0.00655188 0.00306338 -0.00260547 0.000346692 -0.00107957 0.00374339 0.000734977 -0.00165692 -0.00540178 -0.0102736 0.00614154 -0.0202993 -0.000954394 -0.005089 -0.00818251 0.00107192 -0.0120614 -0.0580132 -0.000848547 -4.0218e-05 0.00491103 0.000259875 -0.0139278 0.025158 -0.00224191 -0.00443549 0.00277257 0.0140363 -0.00148326 -0.000746653 -0.0225388 -0.00461245 0.00503953 
-0.00672272 -0.031092 0.0242578 -0.0089847 -0.0408655 0.00086312 -0.0603357 0.0100009 0.00718965 -0.0623977 -0.00527068 -0.0273286 0.00553334 -0.0690989 -0.161788 0.115319 0.0687943 -0.0448754 0.130482 0.0662852 -0.124157 -0.15241 0.00311509 -0.113884 0.0137191 -0.0121214 0.131748 0.164213 0.0218111 0.0440251 0.237992 0.0022957 -0.0345839 0.00515713 -0.0902626 0.00853975 0.0387598 -0.00208207 -0.0039238 0.0525107 -0.032174 -0.0220715 0.0193025 -0.0413062 -0.0787991 -0.0112793 -0.0140576 0.051017 0.0150273 -0.0149803 0.190016 0.00515563 0.0147542 -0.00250525 0.0412574 0.00230328 -0.0144679 -0.00291851 -0.101522 0.0314097 -0.00501131 -0.00703154 -0.0154353 -0.00113559 0.0590339 -0.00119822 0.00552136 -0.0258205 -0.00392926 -0.00606187 -0.00895639 0.0102483 0.00319607 0.0276987 -0.00431008 -0.0175274 0.0568082 -0.00850039 -0.0508509 -0.00414352 0.0208304 0.0656238 -0.0225015 -0.0745546 -0.142574 -0.00257961 -0.00297878 0.00487812 -0.00151638 -0.0114205 0.0253656 0.0158707 0.0164153 -0.000273702 0.0167396 0.0260144 -0.00472924 -0.0651141 -0.00609577 0.00541796 
-0.000550967 -0.00225148 -0.000273083 -0.00687263 0.00362308 -0.00592116 -0.00101708 -0.00288558 -0.00317801 -0.00414375 -0.000150998 -0.00136588 0.000427236 0.000811061 -0.00880569 0.00877448 0.0036218 -0.00537126 0.00486325 0.00300753 -0.00467637 -0.00419458 0.00047565 -0.0103815 -0.00111722 -0.00195555 0.00718937 0.003263 -0.000820583 0.000509766 0.0022957 0.0459757 -0.00603618 0.000351443 -0.000895352 -0.000461082 -0.00185768 0.00190431 0.000319243 -0.00398124 0.000723529 -0.00229081 -0.00157163 -0.00579944 -0.00918588 0.0123689 -0.00124294 0.00257494 0.0102111 -0.00167657 0.0085099 -0.000496559 -0.000338043 -0.000523935 0.00961431 0.00161797 -0.004332 -0.000316121 -0.0153508 0.000291169 -0.000619194 -0.000849614 -0.00193975 -0.000181619 0.00367637 0.000504525 -0.000247107 -0.00761764 -0.000324551 0.000735097 -0.000157032 -0.00107967 -0.000706271 0.00324848 0.000855849 -0.00117639 -0.00167209 -0.000328512 0.000947869 0.00172922 -0.0022263 -0.00127721 -0.000516157 -0.00184244 -0.00785229 0.00026303 2.6591e-05 0.00149787 0.000328573 0.00186883 0.000821156 -0.00160005 0.00117783 0.00040549 0.00043558 0.00234178 0.00175347 -0.00378608 0.00111526 0.00123232 
0.00206728 -0.00600901 -0.00834576 -0.0229147 0.0238147 -0.0166101 0.0101703 0.0119903 0.0181668 -0.00135399 0.00260089 -0.00286973 0.00389563 -0.0181108 0.0387705 -0.0447946 -0.0198502 0.0073416 -0.0175988 0.0335177 0.0242911 0.00550511 0.00727851 0.0449295 -0.00854572 -0.0138798 -0.0191657 -0.0256783 -0.0303836 -0.01237 -0.0345839 -0.00603618 0.130889 -0.00164146 0.0226052 -0.00248949 -0.00993098 -0.00269259 -0.00119285 -0.0102377 -0.00651328 0.0169886 -0.0145416 0.0222511 0.00303328 -0.00763808 0.00919189 -0.0134552 -0.0120453 0.012809 -0.0318363 -0.00112551 -0.00396706 0.00726529 -0.0106372 -0.00096274 0.000604462 -2.6015e-05 0.0349754 -0.0106088 0.0011314 -0.000743 0.0136679 -0.000737338 -0.0290407 0.00136281 -0.0059444 0.00654199 -0.00539336 0.000140205 -0.00375102 0.00189166 0.0066502 -0.0157137 -0.00053532 0.00594646 -0.0134589 0.00320689 -0.010086 0.000537166 -0.0074816 -0.0155328 0.0140217 -0.0242243 0.0284174 -0.000298869 -0.000662461 0.000357264 0.00160255 -0.00827592 0.00263998 -0.00651858 0.00594386 -0.00124499 -0.00613271 -0.00423337 0.00466032 0.0295157 -0.00245248 -0.0100844 
9.57374e-05 -0.000535196 -0.00111328 -0.00257801 -0.000481687 -0.00215866 -0.00370885 0.00320692 -0.00102458 -0.00347032 0.0002125 -0.000318374 0.000263122 -0.00379063 -0.00531091 0.00451834 0.00349612 -0.00215125 -0.000388243 9.09447e-05 -0.000376627 -0.00679688 0.00363514 -0.00551867 -0.00241025 0.00331489 0.00396712 0.00366675 -0.00230725 -0.00220239 0.00515713 0.000351443 -0.00164146 0.0204027 0.00152923 8.04105e-05 -5.32935e-05 0.00156623 -7.09769e-05 0.000178648 -0.00136258 -0.00406205 0.00185985 -0.0018973 -0.0052517 -0.000987037 -0.000867992 0.00384762 -0.0012892 0.00120548 0.00578332 0.00124311 -0.00100681 0.00676475 0.00355141 0.000132556 -0.00204251 2.25304e-05 -0.00503306 0.00250006 0.000226961 -0.000695778 -0.000177876 9.13189e-05 -0.00448952 -0.000272946 -0.000413223 -0.00157302 0.000225007 0.00011308 -0.000439567 0.000322841 0.000197442 0.0011005 -6.43072e-05 -0.000803119 0.00235175 -0.000648544 -0.00216781 -0.000149834 0.00372699 0.00082637 8.79763e-05 -0.00313824 -0.0032296 5.28775e-05 2.24243e-05 0.00401329 -0.000304577 -0.00337225 0.000658255 0.00138425 0.000759287 -0.000101251 -0.00101859 0.00053983 0.000319925 -0.00279364 -0.00073737 -0.000865413 
0.00855175 0.0155478 -0.0135197 0.0351203 0.0374319 0.0117906 0.010758 0.0264939 -0.000338886 0.0451856 0.00553437 0.013944 -0.00681677 -0.0296827 0.109504 -0.0408767 -0.0363587 0.0211558 -0.0826053 -0.0245058 0.131445 0.0625783 -0.0114463 0.0419631 -0.0401929 -0.00821375 -0.0766491 -0.0786113 -0.00955913 -0.0364894 -0.0902626 -0.000895352 0.0226052 0.00152923 0.211008 -0.000534232 -0.0213023 0.00244322 0.00238181 -0.0345223 0.0262089 -0.0253758 -0.0215963 0.00438456 0.00326505 0.0314775 0.0072575 -0.0312949 -0.0154619 0.0163393 -0.0876655 -0.00320997 -0.0175651 0.02332 -0.0221358 -0.00358192 -0.0230174 -0.00223052 0.0538836 -0.0162421 0.00539925 -0.00780548 0.00420689 -0.00332252 -0.0674177 -0.00293663 -0.0121026 -0.0222508 -0.0105324 0.00391631 0.00603199 -0.00761893 -0.000376531 -0.0184294 0.00524931 0.00564409 -0.0176576 0.00162132 0.0114338 -0.001351 -0.0206748 -0.0293005 0.00780609 0.0346613 0.0898778 0.00403674 0.00264773 -0.000274565 -0.00419851 0.0018927 -0.00865429 -0.00136641 -0.0187026 -0.00121198 -0.0207141 -0.0153532 0.0102149 0.0492325 -0.00624131 -0.0157273 
