0.0107911 0.00095271 -0.000671368 -0.00097323 -0.000736022 -0.0021454 -4.70242e-05 -0.000369674 -0.000285713 -0.0004028 -0.000147237 -0.00337488 -0.00102146 0.00195499 0.00119625 0.000133136 0.000668479 0.00033615 0.00120662 0.000265868 0.00104788 -0.000301342 -0.00068151 0.00047471 -0.00173874 -0.001591 0.00163083 -0.000354792 0.00194355 -0.00042993 -0.00218263 -0.000314375 0.00184554 -0.000273091 0.00151539 3.00544e-05 0.000126528 -1.80081e-05 -0.000577986 -0.00235648 -0.00199154 -3.74455e-05 0.00129078 0.00160716 1.20598e-05 -0.000535523 -0.00290127 0.00189037 0.00127271 -0.000668104 -1.69468e-05 -3.72299e-05 -0.000234743 0.000647241 4.77194e-05 3.19116e-05 -3.45582e-06 0.000133147 -1.64785e-05 -3.39876e-05 -0.000160193 -0.000996048 -1.4903e-05 0.00243862 7.61141e-05 -0.00142495 -0.00193884 1.64977e-05 -0.000624046 0.000109117 -0.000362919 -0.000255494 2.27203e-06 0.000309018 0.00102897 0.000196765 -1.54818e-05 0.00237355 8.43838e-05 0.00108706 -0.000590316 -0.000165992 1.76883e-05 -0.000446269 -0.00162488 6.71107e-05 1.5694e-06 -0.0016636 -0.00331319 0.000493248 -0.0008096 0.000161237 2.00967e-05 9.69216e-05 3.27928e-05 -3.68398e-05 -0.000774512 0.000672565 0.000205109 0.000145873 
0.00095271 0.0719185 -0.006099 -0.007668 -0.00543785 -0.0130491 -0.00118849 -0.00190549 0.00311755 -0.000521976 -0.00164647 -0.00222414 -0.00170726 0.00576004 0.00038347 0.0050766 0.00505601 0.00147521 0.0205904 0.00139439 0.007372 -0.00220756 -0.00936903 -0.0079253 -0.00531434 0.0152529 0.00843786 -0.00142404 -0.0109277 -0.000996639 -0.00871217 0.00712788 -0.00664658 -0.000186912 0.00115289 -2.10685e-05 0.000906629 6.73135e-05 0.00262753 -0.0245226 0.00222305 0.00143063 -0.000731063 0.01012 -0.000204119 -0.00105569 -0.00526063 -0.00161688 0.00529464 -0.00331675 -0.000676548 0.00159673 -0.000414209 -0.00241998 -0.000198522 -0.000255543 -0.000782034 -0.000544923 4.50335e-05 -0.000149185 0.00313425 -0.0166534 -8.16944e-05 -0.00437319 -0.000214245 -0.000343454 -0.00357518 -0.000128781 0.00589107 -0.00066123 0.000235083 0.0110801 7.75301e-05 0.00118568 0.00802991 -3.95522e-06 -0.000264462 -0.0059006 -0.000957371 -0.00438559 0.00117675 0.00444404 5.86863e-05 -0.000590194 -0.00691629 0.000693345 -0.000484671 -0.0108882 -0.0229257 -0.00120724 -0.00153367 0.0012101 0.00169169 0.00137537 -0.00129007 -0.00296516 -0.00175867 0.00470757 0.000168613 0.000891038 
-0.000671368 -0.006099 0.112826 -0.0120094 0.00466415 0.0171025 0.00747615 0.000750623 -0.00173738 0.0034183 -0.00252657 0.000448375 0.00627135 -0.0248574 -0.0216207 -0.00335424 0.00435924 0.00513617 0.0160711 -0.00089779 0.012022 0.0010852 -0.00679295 -0.0123723 -0.00352641 0.0383502 -0.00922493 -0.00426519 0.0115151 0.00130169 -0.0167808 -0.0218311 -0.0270035 0.00251981 -0.00455657 -0.0002664 -0.00233795 0.000763034 0.00041591 -0.00487135 0.0168432 0.000392736 0.0144781 0.00625277 -0.000413337 -0.00365714 0.000798429 -0.00201918 -0.0015255 -0.00307917 0.000664974 -0.00128844 -0.00141704 0.00483979 -1.51743e-07 -0.000574747 0.00539857 -0.000924363 0.000124222 -0.000118525 -0.00216193 0.00436447 -0.000149726 -0.00963165 0.000478758 0.0175936 -0.00542009 -0.000394824 -0.000799403 -0.000452545 0.000643733 -0.016492 -9.07709e-05 0.0142952 -0.00497723 0.000896786 -5.35826e-05 -0.0117962 -0.000812832 -0.0093826 -0.00396185 0.00171161 -0.00030024 -0.00255316 -0.0157027 -0.00173772 -6.27775e-06 -0.0172809 -0.0316522 -0.00170003 0.0267182 -0.00132963 -0.000391719 0.000720823 -0.00571526 -0.00580192 -0.00666068 -0.00294276 -0.000162098 -0.000577669 
-0.00097323 -0.007668 -0.0120094 0.139911 0.0233727 -0.0220021 -0.00126035 0.00497871 -0.00457677 -0.000487183 0.00308417 0.0279156 -0.00542665 -0.00133782 0.0336815 -0.00172914 -0.0304696 -0.00333736 -0.0218906 0.000545709 -0.0401238 -0.00797147 0.0137509 -0.0235866 0.0486198 -0.0369032 -0.021058 -0.00151012 -0.0113798 0.0227126 -0.00413574 0.0230686 0.0292564 -0.00292388 -0.00577774 -0.000306906 -0.00411521 -0.000384961 -0.0167747 -0.00962889 -0.0110048 -0.0026287 0.00775341 -0.0116809 -0.000264201 0.0240032 0.035506 -0.00533066 -0.0081082 -0.00781845 -0.00386684 0.00415681 -0.00429516 -0.00197069 -3.32084e-05 -8.20293e-05 -0.00426234 3.11997e-05 0.000113832 -0.000423336 -0.00548673 -0.0421322 0.000109496 0.0176676 -0.00082876 -0.0126575 -0.021909 0.000645776 -0.00854846 -0.000890262 0.00239001 -0.0137578 -0.000277516 -0.0111421 0.00299963 -0.000522023 0.00120329 -0.00582685 7.35384e-05 0.00868165 -0.0106062 -0.00646236 0.000204156 -0.0030571 -0.00441721 0.000197513 7.70642e-05 0.00228412 0.0234687 0.00309861 -0.0113973 -0.0031859 -0.000811209 -0.000462913 0.0201803 0.00340025 -0.00683777 0.00534085 -0.0013814 -0.000367581 
-0.000736022 -0.00543785 0.00466415 0.0233727 0.0985779 -0.00966121 -0.000828898 0.0039581 -0.00278101 -0.000586799 0.000135403 -0.0112618 -0.00288198 -0.0236209 -0.0135318 0.0053491 0.000767439 -0.00197205 0.0134041 0.000397333 0.00948141 -0.0051329 0.00386719 -0.0140668 0.00985942 0.00552844 -0.0031784 -0.000524877 0.00956592 -0.00250479 -0.0397603 0.00441462 -0.00986563 0.000818095 3.23679e-05 0.000280741 0.000918902 0.00128573 0.00356692 -0.0109531 0.0277431 -0.00111473 0.0201589 -0.000433453 -0.000264484 0.00527608 -0.00276181 0.000862926 0.00181292 -0.00541418 -0.00171895 0.00411607 -0.00357068 0.000497131 0.000122124 0.00285539 0.00154292 -0.000969441 6.50379e-05 -0.00025861 -0.00185861 -0.0346047 8.16153e-05 0.00937912 4.50882e-05 0.00690584 -0.0128703 -3.12789e-05 -0.00427718 -7.38177e-05 0.00739438 -0.0163875 -4.81312e-06 0.0144624 0.00593285 7.52109e-05 0.000579881 -0.00192498 -0.00155327 -0.00987117 -0.00631858 -0.00321256 -0.000341929 -0.000563188 -0.00930916 -0.00344319 -0.000575686 0.00209051 -0.0274614 0.000742485 0.0100327 -0.00171142 -0.00060039 0.000986203 0.000928833 -0.00105654 -0.009169 -0.00152312 -0.000473515 7.50175e-05 
-0.0021454 -0.0130491 0.0171025 -0.0220021 -0.00966121 0.163857 -0.00340989 -0.00396282 0.00683532 -0.00586211 0.000410215 0.0117469 0.011065 -0.0404591 -0.0548544 -0.00302115 -0.0284582 4.38637e-05 -0.0429723 -0.00124382 0.0110882 0.0175417 -0.00340923 0.0164757 -0.0334628 -0.00858727 -0.0232494 -0.00756083 -0.0228721 -0.0118902 0.0515308 -0.0194336 -0.038643 -0.00166159 -0.00664006 -0.000433812 -0.00602153 -0.000637066 0.0165247 0.0383829 0.0323173 0.00121999 -0.0509662 0.00226515 0.00134694 -0.0168355 0.00752456 -0.0063999 -0.0133024 0.0152801 -0.00264279 -0.00414385 0.0087605 -0.000990613 -0.000289257 0.00243833 0.000167094 -0.00172302 7.49033e-05 0.000451933 0.00347705 0.0446493 -6.43399e-05 -0.0285771 -0.00116365 0.0206772 0.038482 -0.000724836 0.0144504 0.000279081 -0.000164861 -0.0221573 -0.000307069 -0.00903629 -0.0127136 0.000303835 -0.0006943 -0.0188867 -0.00238157 -0.00566311 0.00771828 -0.00894089 -0.000384964 0.00976051 -0.0183459 -0.00423413 -0.000282714 0.0416375 0.0362733 -0.00835827 0.01657 -0.00390573 -0.00200553 -0.00229725 -0.00859104 -0.00213718 0.0123038 -0.00339738 -0.00128333 -0.00143719 
-4.70242e-05 -0.00118849 0.00747615 -0.00126035 -0.000828898 -0.00340989 0.0435874 0.00224188 -0.00100777 0.00118156 0.000604665 -0.00653242 0.0115952 -0.00601625 0.00519215 0.00106963 -0.00245911 0.000175002 0.00862847 -0.000272598 -0.00764277 0.00120222 -0.000530462 -0.00173747 0.00128463 -0.00381774 0.00181189 0.00120275 0.00551143 0.00522524 -0.00357037 -0.00197592 -0.0119174 0.000719479 -0.000465185 -0.000104295 -0.00121066 -3.31783e-05 -0.00758096 -0.0130059 -0.00400395 0.00116741 0.00209139 0.000523327 4.72049e-06 0.00559904 0.000351405 0.000107644 0.00308371 -0.00206472 0.00239793 0.00185711 -0.000613307 -0.000205148 0.000314663 -0.000681175 0.000791837 -0.000289472 -5.97444e-05 -0.000126305 0.000685984 -0.0104356 1.22607e-05 -0.00463327 0.00164679 -0.00223352 -0.00637007 0.00157354 -0.00100704 0.000154574 0.00250102 -0.00125626 1.86638e-05 -0.00371838 -0.000807849 0.000419957 9.84919e-05 -0.000608323 0.00266566 -0.00066825 0.000424283 0.00171857 -6.10316e-05 -0.00126022 -0.00379846 0.00306869 1.68404e-05 -0.00261757 -0.00579649 -0.000704862 0.000853219 0.000847862 0.00175637 0.000171857 0.00218104 -0.000744599 -0.00460646 -0.00135761 -0.000226974 -0.000243912 
-0.000369674 -0.00190549 0.000750623 0.00497871 0.0039581 -0.00396282 0.00224188 0.0385469 -0.001155 0.000397849 -6.79101e-05 0.00229125 -0.00125344 -0.00579978 0.0111759 0.00129272 -0.00109171 -0.000781943 -0.00307206 0.000199089 -0.0112232 -0.00159942 0.000437519 -0.00596749 0.015927 -0.00608443 -0.00356547 0.00385543 -0.000278712 0.00249895 -0.00079602 -0.00297086 -0.00434697 0.000316972 -0.00145365 8.79148e-06 -0.00131236 0.00106171 -0.0121765 -0.0105936 -0.00740055 -0.000135896 0.00636352 -0.0026919 -1.97465e-05 0.00217461 0.00889952 -0.00055842 0.000686141 -0.00158947 -0.000897014 0.00084449 -0.00106649 -0.000246791 4.14588e-05 -0.000291417 -0.000582226 -0.000410994 8.00957e-05 8.31016e-06 -0.000980577 -0.0161623 1.50533e-05 0.000480227 0.000654345 -0.00417267 -0.00640241 0.000505448 -0.00151277 -0.00023433 -0.000123297 -0.00450223 0.000123577 0.00362667 0.00220946 0.000154765 0.0018152 -0.00252027 0.00130057 -0.00370749 -0.000413272 0.00035402 7.1718e-05 -0.00176496 0.00501707 0.00331099 0.000175685 0.000436311 0.0037977 0.00355717 -0.00377518 -0.000704919 9.49432e-05 0.00114062 0.00873488 0.00210326 -0.00360158 -0.000853842 -9.4438e-05 0.000528795 
-0.000285713 0.00311755 -0.00173738 -0.00457677 -0.00278101 0.00683532 -0.00100777 -0.001155 0.0388995 -0.00136731 -0.000318735 -0.00223412 0.00397642 -0.00462638 -0.0108404 -0.000215243 0.00708203 0.00672006 -0.00255401 -0.000100442 0.00277681 0.00134199 -0.0149849 0.00254951 -0.00567079 0.00688363 0.000481748 -0.000804762 -0.00427204 -0.00288412 0.00247651 0.00721293 -0.009031 -0.000627008 -0.000711446 0.000236625 -0.00119689 -0.000108857 0.00184816 -0.00349182 -0.00461935 0.00236356 -0.0170744 0.000160448 -5.07109e-05 -0.00370532 -0.00286012 0.00149309 -0.00212724 -0.00267112 -0.00120659 -0.00051081 0.000811255 -5.98195e-05 -6.79752e-05 0.000301461 -0.000957453 -7.85333e-05 1.95044e-05 0.00116179 0.00732408 -0.000244825 -3.7278e-05 -0.00485451 0.000134469 -0.00134694 -0.00333887 0.00067255 0.00691698 0.000375937 -0.000495972 0.00826887 0.000105526 -0.00356855 -0.000537277 0.000234222 -6.54024e-05 -0.00381859 -0.000145613 0.00633481 0.00810441 0.000951131 3.12399e-06 0.00614518 -0.00191371 -0.000721564 -0.000183163 -0.00094704 -0.00612818 -0.0012735 -0.00237543 0.000770403 -0.000148582 -0.000244311 -0.00197873 0.00291961 -0.00153963 0.00108911 6.25088e-05 0.000318283 
-0.0004028 -0.000521976 0.0034183 -0.000487183 -0.000586799 -0.00586211 0.00118156 0.000397849 -0.00136731 0.0567511 0.00109189 -0.0140923 0.00975226 -0.00191876 -0.00933614 5.38991e-05 0.0225171 -0.000945242 0.00508806 -0.000273573 -0.00410566 -0.00310633 -0.00257687 -0.0030649 -0.0156711 0.00774693 0.00416621 0.0019773 0.00101406 -0.00137816 -0.00824753 -0.00696017 -0.0117213 0.00355363 0.00080105 8.11184e-05 -0.000494115 -0.000167687 -0.00579348 0.0132123 -0.00523484 -0.000976062 0.00326486 -0.00101843 -0.000151499 0.00323209 -0.0217585 -0.00144579 0.00149638 0.0016242 -0.00158835 -0.00029759 0.0005863 -0.00112774 0.000140114 0.00162158 -0.000306381 0.000105442 -0.000149271 0.000126603 -0.00140163 0.00103204 -6.04508e-05 -0.00945731 -0.000429088 0.00945131 -0.00645698 -0.000350177 -0.00334289 -9.74884e-05 -0.00120142 -0.00480731 0.000231743 0.00625909 -0.000991588 0.000402015 0.000301475 -0.00458681 0.000120688 -6.12782e-06 -0.00104357 0.00255486 0.000161787 -0.000332046 0.020514 -0.00106054 -0.00021732 -0.007905 -0.00349583 -0.00144685 -0.00266738 -0.000658276 0.000185827 -0.000619379 0.00220537 -0.00297613 -0.000492691 0.00114831 5.5077e-05 -0.000385603 
-0.000147237 -0.00164647 -0.00252657 0.00308417 0.000135403 0.000410215 0.000604665 -6.79101e-05 -0.000318735 0.00109189 0.0256069 -0.00532286 0.00534134 -0.00239647 0.00456801 -0.000994556 -0.00458456 0.000485669 -0.00487235 0.00015113 -0.00883429 -0.000293452 0.00050776 0.000903363 0.00310965 -0.00325669 -0.00102539 0.00492981 -0.00225004 0.00277893 0.000126985 -0.00124981 -0.00484215 -0.000578304 -0.000349163 -8.32465e-05 -0.000666216 1.11636e-05 -0.00826285 0.00415332 -0.00642946 -0.000307581 -0.00198676 -0.0011022 -7.63531e-06 0.00714525 -0.00503221 -0.00011317 -0.0011148 -0.00151244 0.00037019 0.000749639 1.52215e-05 0.000414166 0.000226085 8.0267e-05 -0.000561692 0.000242543 -1.88944e-05 -1.98592e-05 0.00118511 -0.00179074 3.41975e-05 -0.00195205 0.000864235 -0.00249768 0.00349304 2.81137e-05 -0.000695021 -0.000118615 0.000211606 -0.00327265 0.000109753 -0.00242415 -0.000592687 3.52246e-05 0.000414739 -0.000635879 0.000291857 0.00152872 -0.000658754 0.000120689 0.000405583 -3.19048e-05 0.00355054 0.0013409 -3.98577e-05 0.000685262 0.00415776 -0.000963353 0.00136229 -0.000324073 0.000245162 4.91219e-06 0.00497725 -0.00086726 -0.00211022 -0.000137853 -0.000175123 -0.000226823 
-0.00337488 -0.00222414 0.000448375 0.0279156 -0.0112618 0.0117469 -0.00653242 0.00229125 -0.00223412 -0.0140923 -0.00532286 0.212661 -0.0540362 -0.00955226 0.0289756 -0.0114877 -0.0726632 -0.00646089 -0.0818902 0.000854336 0.00216502 -0.0135548 0.0235048 -0.0570626 0.0597674 -0.0589497 -0.0770146 -0.0225809 -0.0331863 0.00925967 0.0913679 0.0396446 0.0456086 -0.00475063 -0.0210677 -0.00015585 5.89372e-05 -0.000446637 0.0255234 0.020855 -0.0129823 0.000524226 0.00525067 -0.0103778 -0.00123775 -0.00898994 0.0957016 -0.0204119 -0.0292578 0.0102565 -0.0190228 -0.000918984 -0.0152627 -0.0025378 -0.00137732 -0.0041068 -0.0116798 0.000521897 -7.65354e-05 0.000365854 -0.0116507 0.0337744 -0.000493309 0.0281109 -0.00446637 -0.0161004 0.00137465 -0.00029363 0.00718884 -0.00322323 -0.00319024 -0.0393607 -0.00096651 -0.0131607 -0.0176183 -0.000347946 -0.000189476 0.00192582 -0.00196695 0.019856 0.00122245 -0.0254724 2.41492e-05 0.000557986 0.00345943 -0.0091708 -0.000248907 -0.00580163 0.0743918 -0.000251177 -0.0146174 -0.0128574 -0.00340656 -0.00313185 0.00661918 0.0100334 0.00096283 -0.000565029 -0.00549632 -0.00258015 
-0.00102146 -0.00170726 0.00627135 -0.00542665 -0.00288198 0.011065 0.0115952 -0.00125344 0.00397642 0.00975226 0.00534134 -0.0540362 0.147906 -0.00953462 -0.00508571 -0.0038229 0.0088425 0.00791248 0.0329664 -0.00116837 -0.0168844 -0.000569569 -0.0295364 0.0266123 -0.0378328 0.0489752 0.0443743 0.0229446 -0.00103256 0.00476943 -0.0476833 -0.0138162 -0.044167 0.000162667 0.00310653 0.000243125 -0.00293919 -0.000242349 -0.0257028 -0.0178096 0.00420804 -0.00290271 -0.00335712 -0.00656704 0.00029674 0.0132364 -0.0359873 0.00637836 0.0130666 -0.0143029 0.0172494 -0.00137981 0.0121922 -7.26697e-06 0.00093891 -0.00150576 -0.00457393 -0.00131203 -0.00026706 -0.000343485 6.6357e-05 -0.0216998 -1.02956e-05 -0.0202065 0.000238905 0.00881936 -0.0229107 0.000393241 -0.00294285 -0.000429847 0.00115088 0.0270643 0.00045685 -0.00883081 0.00292029 0.000385234 0.000700804 -0.00665643 -0.000664103 0.0089917 -0.00346811 0.0144825 5.10732e-05 0.00437542 0.000480092 -0.00119858 -0.000354582 0.00258065 -0.0324441 -0.00670974 -0.000929993 0.00457673 0.00471572 0.00127588 -0.00278861 -0.00529014 -0.0096024 -0.0031785 0.000725836 -0.0018581 
0.00195499 0.00576004 -0.0248574 -0.00133782 -0.0236209 -0.0404591 -0.00601625 -0.00579978 -0.00462638 -0.00191876 -0.00239647 -0.00955226 -0.00953462 0.198232 0.0428087 0.00552912 0.0149217 0.000387477 0.00118206 0.000771166 -0.0281862 0.00056879 0.00717023 0.00301641 -0.0202656 0.00509162 0.0188434 0.0135645 -0.0155693 0.00227831 0.021913 0.0201242 0.0519479 0.000368911 0.0014733 -0.000295519 -0.00420214 -0.00107095 -0.014424 -0.0313066 -0.0541542 0.000855357 -0.0263174 -0.0135637 -0.000236252 0.00662567 -0.0276174 0.00246157 0.00269851 -0.00559164 0.00134828 -0.00299739 -0.00411241 -0.00556506 -0.000277588 -0.00188547 -0.00687677 0.00415789 -0.000211085 0.000235471 -0.0014288 -0.00282423 -0.00023922 0.0123101 -0.00188578 -0.0221362 -0.0220124 0.000569368 -0.000760352 -0.00249321 -0.00847307 0.0466275 0.000370216 -0.0100509 0.000348044 -0.000221103 -0.00104601 -0.00270559 0.00461682 0.0163434 -0.00276599 0.0136337 0.00107691 -0.00345554 0.0170744 0.00295602 0.000415742 -0.0357526 0.00544104 8.63736e-05 -0.0277685 0.00776871 0.00195067 0.00121645 -0.00859918 -0.00786829 -0.0188868 0.00456841 0.00322569 -0.000669776 
0.00119625 0.00038347 -0.0216207 0.0336815 -0.0135318 -0.0548544 0.00519215 0.0111759 -0.0108404 -0.00933614 0.00456801 0.0289756 -0.00508571 0.0428087 0.234645 -0.00427849 -0.0426324 -0.00703806 -0.0129786 0.00141965 -0.072803 -0.00570009 0.02796 -0.0297892 0.101331 -0.0596531 -0.00516108 0.0196397 0.0161207 0.0353654 0.00738562 0.0347205 0.0818618 -0.0106804 -0.0124951 -0.00021905 0.00306284 0.000161951 -0.0371213 -0.0519203 -0.103951 -0.00205625 0.00452054 -0.0311052 -0.00114326 0.0312335 0.0495812 -0.0040463 -0.000160897 -0.0296061 -0.00265238 0.0079053 0.00224513 -0.00138508 0.000390338 -0.00594802 -0.00740366 0.00388638 -7.89763e-05 -0.000567534 -0.0103364 -0.0572088 0.000204806 0.0562419 0.000493104 -0.0647349 -0.0372864 0.00107442 -0.00851146 -0.00255704 -0.00765747 0.0139177 0.000592867 -0.0223358 -0.00456589 -0.000405853 0.000875567 0.0126508 0.00661788 0.0100577 -0.0135173 0.00547686 0.0013306 -0.0149419 0.0126501 0.00624444 0.000173354 -0.0351246 0.0285338 0.0124997 -0.0391343 0.000662332 0.0032705 0.00199714 0.0214551 0.0212251 -0.0301231 0.00130134 -0.00258922 -0.00209064 
0.000133136 0.0050766 -0.00335424 -0.00172914 0.0053491 -0.00302115 0.00106963 0.00129272 -0.000215243 5.38991e-05 -0.000994556 -0.0114877 -0.0038229 0.00552912 -0.00427849 0.0445701 0.0159366 -0.000894213 0.00683916 0.00132392 -0.00115112 0.000926748 0.0017594 -0.00274654 -0.00854016 -0.0011703 0.00129601 0.00153386 0.00272667 0.000637108 -0.0124929 -0.000528503 -0.00216542 0.000545028 0.000310835 -0.000105111 0.0011044 0.00013098 -0.00105971 -0.0116926 -0.00791273 0.000339389 -0.00088706 0.00147952 -9.56529e-05 0.000341328 -0.01327 0.00102904 0.00619519 -0.00363801 -0.000842262 0.00216933 -0.00030412 -0.000743255 0.0001078 0.00238138 0.00141778 0.000140382 -8.82785e-06 0.00134415 0.00190288 -0.0097528 3.77402e-05 -0.000206679 -0.000159074 0.00576705 -0.00864657 0.000794402 -0.00124904 -2.80879e-05 0.00199792 0.00263541 0.000175092 -0.000287867 0.000653148 0.000560955 -0.00011616 0.00327927 -0.000400954 -0.00237626 0.0021662 0.00522532 7.65935e-05 -0.0006356 0.00215277 8.65785e-05 -0.000150117 -0.00570997 -0.0131643 0.00448725 -0.00445816 0.000319587 0.00120769 0.000685718 -0.00183501 0.000773885 -0.00392298 0.00129662 0.000658246 0.00022085 
0.000668479 0.00505601 0.00435924 -0.0304696 0.000767439 -0.0284582 -0.00245911 -0.00109171 0.00708203 0.0225171 -0.00458456 -0.0726632 0.0088425 0.0149217 -0.0426324 0.0159366 0.204038 0.00175379 0.044889 -0.00167429 -0.00203236 -0.0081544 -0.00885632 0.0116122 -0.0650195 0.060695 0.0452414 0.00403692 0.0214179 -0.0153224 -0.0516428 -0.00763858 -0.0434366 0.00429116 0.0130764 -0.000436782 -0.00727799 -0.00108652 -0.00871131 -0.00629952 -0.00764573 -0.00127182 -0.00660619 -7.09498e-05 -0.000916492 -0.00720574 -0.055927 0.0182508 0.0188164 -0.00986504 -0.00341735 -0.00216062 0.00215084 -0.00257846 -0.000576432 0.00153438 0.00413291 -0.00238598 -0.000555213 0.0012381 0.00867768 -0.0409349 -0.000162676 -0.037 -0.00118249 0.0321323 -0.0205902 -0.000236361 -0.0112918 -0.00067549 -0.00449299 0.0420478 0.00069085 0.0312884 0.00705095 -3.18302e-05 -0.000367478 -0.00421481 0.000340248 0.00087788 0.0132944 0.0212415 -0.000151401 0.000924791 0.0380868 -0.000379111 -0.00142981 -0.0232416 -0.0596491 -0.00130543 -0.0119361 0.00890655 -0.00110219 -0.00020368 -0.00573915 -0.00804848 -0.00019197 -0.00314663 0.00494946 0.00100074 
0.00033615 0.00147521 0.00513617 -0.00333736 -0.00197205 4.38637e-05 0.000175002 -0.000781943 0.00672006 -0.000945242 0.000485669 -0.00646089 0.00791248 0.000387477 -0.00703806 -0.000894213 0.00175379 0.041323 0.00682476 0.00012501 -0.00323127 0.000766506 -0.00938942 -0.00321951 -0.00509996 0.00338111 0.00250005 0.00116437 -0.00231427 -0.00144076 -0.00534686 0.000472441 -0.00491963 0.00071416 -0.000860032 9.71693e-05 -0.000820303 0.000204746 -0.00268115 -0.0084131 -0.00241159 0.00315297 -0.00780463 0.00183687 1.42209e-05 -0.00252843 -0.00596597 0.000984497 -0.00148917 -0.0020017 0.00165153 -0.000531408 -0.000371855 0.00671167 0.000430951 0.00181395 -0.00126019 -0.000210213 3.84799e-05 0.000211013 0.00588883 -0.00840215 0.000155124 -0.0027778 -7.05349e-05 0.00222469 -0.000491245 0.000679106 0.00183496 0.00168414 -0.000830023 0.00340223 5.81378e-05 -0.00367443 -0.000533955 0.000374357 -8.38753e-05 -0.00196562 -0.000291128 0.00778588 0.0019579 0.00393784 1.14267e-05 0.000259034 -0.00457835 -9.09302e-05 8.8673e-05 -0.00285062 -0.0115132 0.000671625 -0.00371041 0.00315046 0.00109 0.000196769 -0.00231019 -7.58484e-08 4.01469e-05 0.00216985 0.000554991 0.000854175 
0.00120662 0.0205904 0.0160711 -0.0218906 0.0134041 -0.0429723 0.00862847 -0.00307206 -0.00255401 0.00508806 -0.00487235 -0.0818902 0.0329664 0.00118206 -0.0129786 0.00683916 0.044889 0.00682476 0.221948 -0.000302851 0.00236203 -0.00435809 -0.0249627 0.0191766 -0.0239597 0.0533582 0.0706288 0.0145591 0.0383378 -0.00106738 -0.106373 -0.0397722 -0.052678 -0.000162471 0.017639 0.000247444 0.00682264 -0.000171226 -0.0141661 -0.0456145 0.03557 -0.00349538 0.049714 0.0168256 -0.000423567 0.00936566 -0.0579018 0.0107942 0.0305285 -0.0211222 0.0173205 0.000948428 0.00187543 0.00505417 -0.000357142 -0.00109085 0.00457297 -0.00154489 0.000351469 -0.000798415 -0.00545295 -0.0433284 9.20263e-05 -0.0183722 0.000333415 -0.0010663 -0.0253428 0.000128792 -0.0150542 0.00239043 0.0136201 0.0356807 0.00015422 0.00410097 0.0187353 0.000320621 -0.00087789 -0.0052667 -0.00138777 -0.0201491 -0.0161046 0.0222638 -0.000429406 -0.0158487 -0.0166877 0.00320587 -0.000719443 -0.0237943 -0.101408 0.00476398 -0.00119348 0.011013 0.00348127 0.000636146 -0.0117538 -0.0152369 0.00636288 -0.00623666 0.00358583 -0.000295709 
0.000265868 0.00139439 -0.00089779 0.000545709 0.000397333 -0.00124382 -0.000272598 0.000199089 -0.000100442 -0.000273573 0.00015113 0.000854336 -0.00116837 0.000771166 0.00141965 0.00132392 -0.00167429 0.00012501 -0.000302851 0.00911948 -0.0016516 -8.53696e-05 -0.0015585 -0.000895928 -3.20381e-05 -0.00297754 -0.000239198 0.000318586 -0.00112443 0.000747995 -0.00248165 0.00118251 0.00240642 -0.000237963 -0.000253933 1.42182e-05 0.000873226 2.53119e-05 -0.000621696 -0.00247418 -0.00176863 0.000167956 -0.000899653 0.00149185 6.85307e-05 0.000611341 -0.00180528 -0.00028157 7.95797e-05 -0.000263085 -0.000161307 0.00015128 -0.000163261 -0.000216622 -2.79253e-05 0.000347199 -0.000239957 8.67328e-05 0.000119465 1.86225e-05 0.000196322 1.3994e-05 2.25326e-07 0.00305957 4.829e-05 -0.00193554 -0.000713586 3.04842e-05 -0.00024056 -1.47774e-05 0.000212383 -0.000811651 6.02436e-05 -0.000697562 0.00078722 1.47248e-05 -7.07837e-06 0.00104477 3.214e-06 -0.000236268 -0.000207804 -9.66e-05 6.30221e-05 0.000336829 -0.000930692 0.000220013 8.19499e-05 -0.00113702 -0.00199085 0.00141779 -0.000861065 0.000230459 0.000257807 8.03789e-05 -0.000220453 0.00138756 -0.000470807 0.00207388 -5.94421e-05 0.000127764 
0.00104788 0.007372 0.012022 -0.0401238 0.00948141 0.0110882 -0.00764277 -0.0112232 0.00277681 -0.00410566 -0.00883429 0.00216502 -0.0168844 -0.0281862 -0.072803 -0.00115112 -0.00203236 -0.00323127 0.00236203 -0.0016516 0.155129 0.00255465 -0.0102826 0.0040816 -0.0443116 0.0395465 -0.00775194 -0.024238 0.00287556 -0.0315153 -0.0112388 -0.0122594 -0.0155195 0.00319046 0.00326514 -7.75019e-06 0.00579734 -0.000175172 0.050097 0.00220983 0.065473 0.00120835 0.0203577 0.017663 -0.000290427 -0.0265839 -0.0153456 -0.00281546 -0.000958749 0.0134715 -0.00148037 -0.00245267 -0.00560003 -0.00207918 -0.000447164 0.00199686 0.0052993 -0.00418969 -3.2347e-05 -0.000379616 0.00300378 0.0388842 -0.000718293 -0.00766758 -0.00129143 0.0230994 0.0217799 -0.00184271 0.00601116 -0.000178688 -0.000571238 -0.0155384 -0.000908993 0.0202952 0.000180144 0.000141228 -0.001839 -0.000227395 -0.00851034 -0.0163608 0.0032526 -0.0126288 -0.00180904 0.00716763 -0.0268417 -0.00796586 -0.000177366 0.00831635 -0.0212941 -0.00588337 0.0181082 -0.00557667 -0.00531162 -0.00232345 -0.0239099 -0.0123785 0.00801978 -0.0020859 -0.000254417 0.00112895 
-0.000301342 -0.00220756 0.0010852 -0.00797147 -0.0051329 0.0175417 0.00120222 -0.00159942 0.00134199 -0.00310633 -0.000293452 -0.0135548 -0.000569569 0.00056879 -0.00570009 0.000926748 -0.0081544 0.000766506 -0.00435809 -8.53696e-05 0.00255465 0.0588627 -0.000197665 0.0182576 -0.0153376 -0.00368791 -0.00133303 0.000166026 -0.00673724 -0.000678266 0.00424038 -0.00913346 -0.00986718 -0.00135515 -0.000307593 -0.000103754 -0.00054777 -3.94757e-05 -0.00231767 -0.0110397 0.00930845 0.000732925 -0.0175933 -0.00410083 0.000440625 -0.00266923 -0.00861937 0.0028635 -0.00291931 0.013083 0.00134692 -0.00117177 0.0033336 0.00260872 0.000412604 -0.00040001 -0.00130525 -0.000113217 0.000141403 2.24292e-05 0.00125389 0.00204384 0.000357709 -0.00804551 -3.55816e-05 0.00355971 0.0175453 0.000248682 0.0026752 0.000657539 -0.00136041 -0.00183107 0.00019683 -0.00580337 -0.00276086 0.00052657 -0.000193216 -0.00233144 -0.000468094 -0.00793041 0.00415606 0.0018679 0.00012739 0.00299796 -0.010275 0.0005203 -0.000200396 0.0149393 0.00036076 -0.0019122 0.00100164 -5.28095e-05 0.000999583 0.00199491 -0.00285559 -0.00128877 0.000506681 0.000862183 -0.000305442 0.00105195 
-0.00068151 -0.00936903 -0.00679295 0.0137509 0.00386719 -0.00340923 -0.000530462 0.000437519 -0.0149849 -0.00257687 0.00050776 0.0235048 -0.0295364 0.00717023 0.02796 0.0017594 -0.00885632 -0.00938942 -0.0249627 -0.0015585 -0.0102826 -0.000197665 0.105316 -0.0324619 0.0372476 -0.0355798 -0.0267572 -0.00238271 -0.00143828 0.00105242 0.031445 0.0131712 0.0257661 -0.00288725 -0.0135251 -0.00106602 -0.00260661 0.000145567 -0.000965525 0.00946051 -0.0305168 -0.00265864 0.00670767 -0.0175932 -0.000163178 -0.00631374 0.0274495 -0.003108 -0.0134183 0.00242617 -0.015621 0.00167254 -0.00293122 0.000410823 5.34473e-05 -0.00270854 -0.00118798 0.000274551 -5.16706e-05 -0.000405676 -0.006096 -0.0061898 -0.000104073 0.0150926 -0.00178052 0.00178737 0.00771898 -0.000307057 -0.00853467 -0.000587903 0.00168795 -0.0207083 -6.87111e-05 0.00203531 0.00243837 -0.000493956 -0.000972645 0.0021518 0.000670621 0.000706929 -0.00616964 -0.00174894 -0.000197289 -0.00815279 0.0143539 0.000328877 1.58348e-05 0.00657962 0.0279756 0.00180896 -0.00683958 -0.00224693 -0.00126721 -0.00101143 0.00195789 -0.00182568 -0.00725557 -0.00341462 -0.00374094 0.000323941 
0.00047471 -0.0079253 -0.0123723 -0.0235866 -0.0140668 0.0164757 -0.00173747 -0.00596749 0.00254951 -0.0030649 0.000903363 -0.0570626 0.0266123 0.00301641 -0.0297892 -0.00274654 0.0116122 -0.00321951 0.0191766 -0.000895928 0.0040816 0.0182576 -0.0324619 0.164765 -0.0459351 0.00978564 0.0401409 0.00898661 -0.0128793 -0.00439555 -0.0448355 -0.0315282 -0.0425491 -0.00147911 0.0147409 0.0007859 -0.000981322 -0.000666728 -0.00442074 -0.000696694 0.0417541 -0.00276132 -0.0260812 0.00167817 0.0010012 0.00398609 -0.0500311 0.0120561 0.0128692 0.0220617 0.0119523 -0.00315277 0.0116433 -1.89217e-05 9.81828e-05 0.00152698 -0.00109028 -0.00162742 0.000120362 -0.000309714 0.00461077 0.0156886 0.000335149 -0.0293163 -0.000458381 -0.0188498 0.0314218 -0.00146146 -0.00898246 0.00303521 -0.00443844 0.0396263 0.000249872 -0.0092528 -0.0121015 -0.00119116 -0.000663362 -0.000231873 -0.000645126 -0.011038 0.000732692 0.00842743 5.50733e-06 0.00518374 -0.0165722 0.00686794 -3.75458e-05 0.0125877 -0.0173655 -0.00725559 0.00854263 0.00664208 0.000284172 0.0023731 -0.0103527 0.00139937 0.0097721 -0.00429834 0.0028345 0.00111547 
-0.00173874 -0.00531434 -0.00352641 0.0486198 0.00985942 -0.0334628 0.00128463 0.015927 -0.00567079 -0.0156711 0.00310965 0.0597674 -0.0378328 -0.0202656 0.101331 -0.00854016 -0.0650195 -0.00509996 -0.0239597 -3.20381e-05 -0.0443116 -0.0153376 0.0372476 -0.0459351 0.243106 -0.0749782 -0.0358069 -0.0017325 -0.0123905 0.0282281 0.0336623 0.0381224 0.0502302 -0.00723476 -0.015467 0.000411613 0.000278333 0.00222887 -0.0155586 -0.0134918 -0.0475246 -0.0031035 0.0125301 -0.014963 -0.000785814 0.0224928 0.0787066 -0.0110204 -0.015398 -0.0232031 -0.0123628 0.0092954 -0.00241437 0.00440593 0.000426987 -0.00456289 -0.00801522 0.00221364 0.000244979 -0.0010636 -0.00975901 -0.0500846 0.000286977 0.0389602 -0.000316631 -0.0561939 -0.00393391 0.00212594 -0.0123077 -0.00200473 0.00458733 -0.0298212 -0.000126942 -0.0167911 -0.00185446 -0.00162506 0.00149565 -0.000137847 0.00647235 -0.00348967 -0.010662 -0.00877467 0.000812455 -0.0176363 -0.0155746 0.00784638 -0.000506576 -0.00234118 0.0321327 0.00968171 -0.0179529 -0.00657996 -0.00143568 0.000139937 0.0269295 0.0159465 -0.0242874 -0.000146324 -0.00451955 0.000511771 
-0.001591 0.0152529 0.0383502 -0.0369032 0.00552844 -0.00858727 -0.00381774 -0.00608443 0.00688363 0.00774693 -0.00325669 -0.0589497 0.0489752 0.00509162 -0.0596531 -0.0011703 0.060695 0.00338111 0.0533582 -0.00297754 0.0395465 -0.00368791 -0.0355798 0.00978564 -0.0749782 0.246036 0.0471198 0.00415954 0.00372322 -0.0139185 -0.0584983 -0.0216862 -0.077687 0.00643076 0.00839359 0.000582122 -0.00296303 0.000115633 0.00644006 -0.0239168 0.0299928 0.00263026 0.0138034 0.0148855 -0.00128035 -0.0034302 -0.0501551 0.0105271 0.0161545 -0.0217391 0.0108438 -0.00902179 0.000385211 -0.00209108 -0.000140078 -0.00164744 0.00542132 -0.00113687 1.7786e-05 -0.000709967 0.00429739 -0.0279868 -0.000442708 -0.0429352 -0.00139794 0.0554193 -0.0343072 -0.00110732 0.0255697 -0.00364244 0.000636194 0.0347805 -0.00010486 0.0132202 0.00954168 -0.000987212 -0.000669738 -0.0126646 -0.00418935 -0.0127185 0.00980023 0.0122685 -0.000777996 0.00616541 -0.00377181 -0.00398024 -0.00074692 -0.0249747 -0.0886073 -0.0107061 0.0198722 0.00349247 -0.00178881 0.00235636 -0.0199392 -0.0214194 -0.00957542 -0.00378715 0.00357513 -0.00276524 
0.00163083 0.00843786 -0.00922493 -0.021058 -0.0031784 -0.0232494 0.00181189 -0.00356547 0.000481748 0.00416621 -0.00102539 -0.0770146 0.0443743 0.0188434 -0.00516108 0.00129601 0.0452414 0.00250005 0.0706288 -0.000239198 -0.00775194 -0.00133303 -0.0267572 0.0401409 -0.0358069 0.0471198 0.12179 0.015433 0.0160984 -0.00559429 -0.0609221 -0.0185129 -0.0283004 -0.00039736 0.0163262 0.000904386 -0.000224912 -0.000585843 -0.014006 -0.0446204 0.00135278 -0.00212636 0.00573931 -0.00227127 -0.000287146 0.0067488 -0.0542375 0.0151763 0.0259955 -0.0100281 0.0145789 -0.0030389 0.0074729 -0.0025878 -0.000339756 0.00145205 -0.00212948 -0.00139954 -0.000132478 -0.000202215 0.000202354 -0.0357311 0.000189229 -0.0162623 0.000325395 0.00035313 -0.0159772 -0.000863055 -0.00554821 -0.00052018 -0.000314196 0.0545575 0.000756506 -0.00412486 -0.000365779 -0.000508238 -0.000371972 0.00451002 0.000291938 -0.00699029 -0.000688624 0.017405 -0.000149493 -0.00235383 0.00667771 0.00507189 -0.000359104 -0.00934354 -0.0463288 -0.00164809 -0.00864125 0.0122352 0.00251423 0.000830019 -0.00909155 -0.00634743 -0.00404037 -0.00221395 0.0046145 -0.000182382 
-0.000354792 -0.00142404 -0.00426519 -0.00151012 -0.000524877 -0.00756083 0.00120275 0.00385543 -0.000804762 0.0019773 0.00492981 -0.0225809 0.0229446 0.0135645 0.0196397 0.00153386 0.00403692 0.00116437 0.0145591 0.000318586 -0.024238 0.000166026 -0.00238271 0.00898661 -0.0017325 0.00415954 0.015433 0.0501944 0.00211151 0.00332363 -0.0170176 -0.00412757 -0.012483 -0.000921994 -0.000278362 -0.000130621 0.00065295 0.000292928 -0.0293646 -0.0130587 -0.0143326 -0.000779192 -0.00407892 -0.00508626 3.92569e-05 0.0125444 -0.0140461 0.00481272 0.00680797 -0.00349328 0.00695901 0.00126585 0.00363434 0.000187134 0.000570624 -0.000322188 -0.00161636 0.000296593 -3.01038e-05 9.98209e-05 -0.00110033 -0.0163352 1.01373e-05 -0.00339521 0.00169338 -0.00944127 -0.00780512 0.00113328 -0.00325655 0.000172911 -0.000177104 0.0127298 0.000559509 -0.00131096 0.00061086 -0.000139684 0.000737692 -0.00464934 0.000451835 -0.00143824 -0.00299853 0.0127382 0.000651766 -0.00172585 0.00861384 0.00167641 -0.000128308 -0.00501941 -0.0087065 0.00109288 -0.0042379 0.00343424 0.0024141 0.00218504 0.00288092 -0.00180537 -0.00215728 -0.00163459 6.47415e-05 -0.000107779 
0.00194355 -0.0109277 0.0115151 -0.0113798 0.00956592 -0.0228721 0.00551143 -0.000278712 -0.00427204 0.00101406 -0.00225004 -0.0331863 -0.00103256 -0.0155693 0.0161207 0.00272667 0.0214179 -0.00231427 0.0383378 -0.00112443 0.00287556 -0.00673724 -0.00143828 -0.0128793 -0.0123905 0.00372322 0.0160984 0.00211151 0.153618 -0.0110885 -0.0628421 -0.0113833 0.0100291 -0.00126076 0.00848165 -0.000298606 0.00601356 -0.000418597 0.0045725 -0.0124933 -0.0153818 -0.0016862 0.0381153 -0.00441461 -0.000128285 -0.00899901 0.00507755 0.00590047 0.0138599 -0.00964023 0.0109104 0.00427566 0.00148296 0.00194584 -0.000197469 0.00179892 0.00941431 -0.00121982 -0.000396732 -0.000143846 -0.00379396 -0.0126712 -0.000174482 0.0147723 0.0030115 0.00209914 -0.0333189 0.000690581 -0.00955962 0.00111629 -0.00173837 -0.0199488 -0.00028843 0.0081048 0.00355222 0.00044682 0.000665645 0.0186913 -0.00143874 -0.0133552 -0.0115047 -0.00333933 -0.000593447 -0.00716422 -0.00147486 -0.00572221 0.000274956 -0.0207492 -0.0540428 0.0215942 0.0159431 -0.00219043 -3.86276e-05 -0.00172864 0.00279922 -0.00661152 -0.00606455 -0.00458262 0.000931498 -0.000410869 
-0.00042993 -0.000996639 0.00130169 0.0227126 -0.00250479 -0.0118902 0.00522524 0.00249895 -0.00288412 -0.00137816 0.00277893 0.00925967 0.00476943 0.00227831 0.0353654 0.000637108 -0.0153224 -0.00144076 -0.00106738 0.000747995 -0.0315153 -0.000678266 0.00105242 -0.00439555 0.0282281 -0.0139185 -0.00559429 0.00332363 -0.0110885 0.0700965 -0.000467622 0.00142443 0.000755778 -0.00165859 -0.00157423 -0.000126274 -0.00180142 0.000150567 -0.0237597 -0.0109896 -0.0226951 -0.000533598 0.00503686 -0.00530659 4.96729e-05 0.0286829 0.00953248 -0.00112813 1.86648e-05 -0.00579004 -0.00146192 0.00100703 0.0011497 0.000290367 0.00035687 -0.00100729 -0.0021788 0.00112826 -8.39585e-05 -6.81259e-05 -0.00227848 -0.0196587 0.000270077 -0.000610399 0.000669534 -0.0138407 -0.012789 0.000519127 -0.00092061 -0.000255393 4.86267e-05 -0.00128257 0.00010602 -0.00656025 -0.00236636 0.000304247 0.000351468 0.00160393 0.00212085 -0.00535029 -0.00370763 -0.000357009 0.000643872 -0.00354978 0.00430835 0.00505914 -0.000260432 -0.00550143 0.0080235 -0.001286 -0.00580645 -0.00121757 0.00285579 0.000380955 0.00869029 0.00824929 -0.00784948 -0.0017556 -0.000454543 -0.000669805 
-0.00218263 -0.00871217 -0.0167808 -0.00413574 -0.0397603 0.0515308 -0.00357037 -0.00079602 0.00247651 -0.00824753 0.000126985 0.0913679 -0.0476833 0.021913 0.00738562 -0.0124929 -0.0516428 -0.00534686 -0.106373 -0.00248165 -0.0112388 0.00424038 0.031445 -0.0448355 0.0336623 -0.0584983 -0.0609221 -0.0170176 -0.0628421 -0.000467622 0.249095 0.0246247 0.0327359 -0.00255397 -0.0189944 -0.000553494 -0.0158098 -0.000733502 0.0169797 0.0460536 -0.0521032 0.00313859 -0.0513021 -0.0186889 -0.00053134 -0.0120988 0.0481094 -0.0163117 -0.0296479 0.01344 -0.0160569 -0.00592179 -0.00794097 -0.00566371 -0.00133209 -0.00267359 -0.0116718 0.00157803 -0.000404452 9.70784e-05 0.000321156 0.0681118 -0.000355671 -0.00684396 -0.00307723 0.00160672 0.0303063 -3.07052e-06 0.0177726 -0.00402044 -0.00741385 -0.0143397 -0.000641644 -0.0291003 -0.0149276 -0.000382284 -0.000759417 -0.0166177 0.00395185 0.0216578 0.0209262 -0.0206168 0.000304601 0.00214514 0.015665 -0.00304649 -0.000132835 0.0219238 0.133312 -0.0171438 -0.023097 -0.00950958 -0.00365584 -0.00498354 0.00116868 0.00425225 -0.00207574 0.00299645 -0.00324621 -0.00340951 
-0.000314375 0.00712788 -0.0218311 0.0230686 0.00441462 -0.0194336 -0.00197592 -0.00297086 0.00721293 -0.00696017 -0.00124981 0.0396446 -0.0138162 0.0201242 0.0347205 -0.000528503 -0.00763858 0.000472441 -0.0397722 0.00118251 -0.0122594 -0.00913346 0.0131712 -0.0315282 0.0381224 -0.0216862 -0.0185129 -0.00412757 -0.0113833 0.00142443 0.0246247 0.173073 0.0268492 -0.00468351 -0.00896264 0.000318412 -0.00409036 -0.000569998 -0.00225433 -0.0462368 -0.0499213 0.00689502 -0.038972 -0.00819926 -0.000385961 0.00100604 0.0429628 -0.00288793 -0.00414717 -0.0149207 -0.00743052 0.00926665 -0.00554627 -0.00474947 1.06458e-05 -0.00263884 -0.00601278 0.00350276 0.000696388 0.000748448 0.00488919 -0.0546578 -0.000143874 0.0644023 -0.000605392 -0.0208199 -0.0278108 0.00263527 0.00595337 -0.00214821 -0.000281978 -0.00421344 -0.000244778 -0.00849126 -0.00512485 -0.000420804 -0.000268838 0.00061986 0.00415757 0.0296353 0.0145277 -0.0086827 0.000317703 0.000528011 -0.00602989 -0.00531255 0.000208534 -0.0180098 -0.000973937 0.007852 -0.0131671 -0.00230141 -0.00158731 -0.00240881 0.0148966 0.0047485 -0.0222772 0.00625257 0.000464376 0.000985566 
0.00184554 -0.00664658 -0.0270035 0.0292564 -0.00986563 -0.038643 -0.0119174 -0.00434697 -0.009031 -0.0117213 -0.00484215 0.0456086 -0.044167 0.0519479 0.0818618 -0.00216542 -0.0434366 -0.00491963 -0.052678 0.00240642 -0.0155195 -0.00986718 0.0257661 -0.0425491 0.0502302 -0.077687 -0.0283004 -0.012483 0.0100291 0.000755778 0.0327359 0.0268492 0.216071 -0.00587749 -0.00619431 -0.000582182 0.00429667 -0.000640358 0.0168649 -0.00894114 -0.0417206 -0.000919789 -0.00505842 -0.0220947 -0.000197696 -0.0158766 0.0393565 -0.00765911 -0.0137133 -0.0155164 -0.00988792 -0.00137817 -0.0067318 -0.00266802 -0.000459412 0.000577708 -0.00203703 0.00373378 -0.000591542 -0.000407106 -0.00998006 0.00220884 0.000249857 0.0659303 -0.00259949 -0.0288423 -0.017589 -0.000880823 -0.0143315 -0.00186406 -0.00827147 -0.0105297 -0.000490295 -0.00901285 -0.00385384 -0.000944522 -0.00129037 0.0216843 0.000749864 0.014734 -0.0142494 -0.0118769 -0.000149149 -0.00833266 -0.0117058 -0.00623463 0.000505296 -0.00435237 0.0484331 0.0124092 -0.0216705 -0.00414919 -0.00167605 7.51562e-05 -0.00410262 0.019825 -0.00912549 0.0109148 -0.00286609 1.90871e-06 
-0.000273091 -0.000186912 0.00251981 -0.00292388 0.000818095 -0.00166159 0.000719479 0.000316972 -0.000627008 0.00355363 -0.000578304 -0.00475063 0.000162667 0.000368911 -0.0106804 0.000545028 0.00429116 0.00071416 -0.000162471 -0.000237963 0.00319046 -0.00135515 -0.00288725 -0.00147911 -0.00723476 0.00643076 -0.00039736 -0.000921994 -0.00126076 -0.00165859 -0.00255397 -0.00468351 -0.00587749 0.031103 0.00091669 -1.45602e-05 -0.000647939 -4.56234e-05 0.000572625 0.00438227 0.00485746 0.000479609 0.000361322 0.00284517 0.0004205 0.000446325 -0.0120122 -0.000210009 -0.000545102 0.00141046 0.00130634 -0.000697663 -0.000542928 -0.000441344 -5.84595e-05 0.000642534 0.000494392 -0.00029027 1.32499e-05 -6.69827e-05 -9.82509e-06 0.00110847 -3.13608e-05 -0.0048195 7.782e-05 0.0038194 0.00305247 -7.13061e-05 7.24886e-05 6.75472e-05 -0.000955592 -0.00169977 -4.81288e-05 0.00208659 -0.000409425 0.000176775 0.000136033 -0.00299766 -0.000302036 -0.00311869 5.3038e-05 0.000966015 -6.42014e-05 -0.00011216 0.00349788 0.000703441 -9.72971e-05 -0.00268176 -0.00371517 -0.000611397 0.00199278 4.00232e-05 0.000205466 2.92564e-05 -0.00136667 -0.00179578 0.00123561 -0.000529735 -1.12859e-05 0.000209797 
