0.0544087 7.69663e-06 -0.00106718 -0.0198672 0.00208931 -4.06463e-05 0.0010007 -0.000885212 -0.00628142 0.00561793 -0.000798257 -0.000268061 0.00115345 0.0127831 0.0178191 -0.00598634 -0.00937432 -0.00643195 -0.00200209 0.00269302 0.0150408 -0.00767697 0.0244989 -0.00339743 0.00118838 -0.00184267 0.013938 -0.000321051 -0.00983404 0.000148457 0.0104944 -0.0119524 -0.00859895 0.00101241 -0.00122447 -0.00139125 -0.000910331 -0.00111618 0.00145606 -0.00195883 -0.00061302 -0.00154935 0.000446998 -0.00596015 -0.0022684 0.0136367 -0.000514532 -0.00856009 -0.000985267 0.000524554 0.00210871 -0.000794878 -0.000810327 0.00189392 -0.000520386 -0.000196912 -4.08202e-05 -0.00109547 -2.87188e-08 -0.00569956 -0.00787716 -0.00418594 -0.00440424 -0.00935317 -0.00266412 -0.00691869 0.000170492 -0.000434547 0.0161756 0.00139386 -0.000748351 -0.00152981 0.000251727 -0.00483078 -0.00115123 -0.002789 -0.00125351 -0.000764906 -0.00195569 -0.000639804 -0.0019366 -0.019763 2.64774e-05 0.00640849 0.000159832 -0.00512376 0.000243291 0.00136372 0.00053386 0.00179905 -0.00489256 0.00127604 -0.000301404 0.000285237 0.000272556 -0.00109835 0.00456155 -0.00187692 0.000543257 -9.61337e-05 
7.69663e-06 0.0146707 0.00203728 -0.00529986 -8.0568e-05 -4.09384e-05 0.00421449 0.00127827 0.00454605 0.000512326 0.000812434 0.00110093 0.00351198 -0.00694589 -0.00543889 -0.00139999 -0.00506431 0.00113227 0.000641309 -0.0112577 -0.00105952 -0.000948928 -0.00468068 0.00779 -0.00926593 0.00709372 -0.00417413 -0.00011826 0.000672321 -0.000449984 -0.00745287 -0.0055832 -0.00604507 -0.00543527 3.00086e-05 -0.000537792 0.0110971 -0.00196192 -0.00135829 0.0038597 -0.000137019 0.000849928 0.000691625 0.00032679 0.000826689 -0.00360693 0.000462893 -0.00198991 0.00118597 0.000146354 -0.00553784 0.00252337 6.32138e-05 0.000598153 0.000200474 5.42914e-05 0.000386589 -0.000335736 -0.000231889 0.00493966 -0.00144153 0.0020583 0.0108461 -0.000111557 -0.000666615 -0.00557307 1.50935e-05 0.00102842 -0.00284002 -0.000645591 0.00228837 -0.00037043 0.00141049 0.00107216 0.00130951 -0.000577159 -0.000151246 0.000489893 0.00291914 0.00158747 0.00113229 -0.00554564 4.41583e-05 -0.00140096 9.6405e-05 -0.00898683 0.00199889 0.00570758 0.000695446 -0.000130284 -0.00184126 0.000458359 -8.28067e-05 -6.47734e-05 -0.000131277 0.00188764 -0.000715695 0.00356415 0.00873407 0.00010749 
-0.00106718 0.00203728 0.039371 -0.0197906 0.000901771 -3.5626e-05 0.0152276 0.00187316 0.00745115 0.00411964 0.0102724 0.00366645 0.00882899 -0.016898 -0.00965377 0.00106583 -0.0147147 -0.0080179 0.00106448 -0.0244351 0.0130417 -0.000659466 -0.00423929 0.0214493 -0.00584978 0.00044599 -0.0113891 -0.000949446 -0.0106718 0.00423261 -0.0156372 -0.0155327 -0.0143117 -0.0151772 -0.000527124 0.00725526 0.0144644 -0.0029218 -0.00313522 0.000284457 0.000228158 -0.000634859 0.00135658 -0.00330187 -0.00121146 -0.00933289 0.000488213 0.00377168 -0.000869637 3.36079e-05 -0.0123617 0.0190198 0.000684043 0.00147843 -0.000147315 2.48322e-05 -0.000595174 -0.000641755 0.000766755 0.00142069 -0.000608538 0.000293661 0.0126434 -0.00483871 -0.00191139 -0.0159866 0.000328475 0.00261795 -0.00841574 -0.00165156 -5.733e-05 0.000760124 3.42223e-05 -0.00834867 0.00589341 -0.00231976 -0.0011498 0.00176012 0.00985269 0.00763154 0.0138774 -0.00463738 0.000147561 7.98137e-05 0.000281144 -0.0222007 0.00155977 0.0131305 0.00106314 0.00817839 -0.00394788 -0.000502719 0.00152063 -0.000169571 -0.00052951 0.00180891 0.00141457 0.00990146 0.0208255 5.65452e-05 
-0.0198672 -0.00529986 -0.0197906 0.238809 -0.00552987 -0.00101904 -0.0184538 -0.00513627 0.00171593 -0.00838771 -0.0140332 -0.00516458 -0.014467 -0.0462738 -0.0246113 0.0148778 0.0596782 0.0629294 0.00865694 0.0392841 -0.083502 0.0194907 -0.0671566 -0.0300553 0.0129663 0.00387372 -0.0386893 -0.00380299 0.0512595 -0.0200328 -0.0426918 0.105728 0.032147 -0.0161459 0.00670032 -0.008364 -0.0233496 -0.0064197 0.0294826 0.00325921 -0.00203056 0.0112657 -0.00531356 0.0257891 0.00400738 -0.0660121 0.00157225 0.0166195 0.00437341 -0.00748791 -0.00201982 -0.0215388 -0.000900965 -0.0101788 -0.000154886 -0.00117424 0.00151114 0.00734809 -0.00986376 0.00508161 0.0528775 0.0198881 -0.0110809 0.0293666 0.00476296 0.0406992 0.000489587 -0.00976 -0.0230528 -0.0156373 0.00139797 0.00515232 -0.00135721 -0.0226996 -0.00297458 0.00244433 -0.0037166 -0.00632847 -0.0154006 -0.012363 -0.0347523 0.0695163 -0.0007126 -0.0372455 -0.000578955 0.0562828 -0.00455575 -0.0317738 -0.0048049 -0.0500626 0.0230406 -0.0393037 -0.00467128 -0.00227696 -0.000199922 -0.00613391 -0.0217222 -0.0210087 -0.0342646 -0.000986969 
0.00208931 -8.0568e-05 0.000901771 -0.00552987 0.0143471 6.72746e-05 0.000724224 -0.000143412 -0.00123974 0.00189318 0.00266152 0.00018979 0.00225978 0.00176729 0.00144223 -0.00106545 -0.00497644 -0.00159888 -0.000679836 -0.0016201 0.00213366 0.00080735 0.00386444 -0.00101737 -0.00505225 -0.000209804 0.00236514 -0.000105117 -0.00244328 0.00106112 -0.000141273 -0.00280747 -0.000340564 0.000437926 -0.000132693 3.55556e-05 0.000837034 -0.00197453 -0.000311117 -0.000155551 0.000156546 0.000418792 0.000853228 -0.00178895 0.000154996 0.00305786 -8.02028e-05 -0.00207322 0.000175094 -3.49814e-06 -0.00133828 -0.000159153 -0.000197879 0.00107896 -1.15434e-05 -2.73005e-05 4.07822e-06 0.000167876 0.000814155 -0.000373913 -0.00240047 -0.000752669 -0.00118782 -0.00197666 -0.000385183 -0.000493013 0.000187969 -8.39287e-05 -0.000217555 0.00413932 -0.000213396 6.21839e-05 -3.25191e-05 -0.000638167 -0.000250435 -0.000217243 7.8187e-05 -0.000109373 -0.000317551 0.00146776 0.000205599 -0.00315718 0.000120251 -0.000751972 2.15228e-05 -0.00590628 -0.00010968 0.000405412 9.56594e-05 0.00502736 -0.00155502 0.000914523 4.08111e-05 -5.17723e-05 -0.000271011 -0.000162716 0.000140993 -0.000680702 3.67584e-05 -0.000110038 
-4.06463e-05 -4.09384e-05 -3.5626e-05 -0.00101904 6.72746e-05 0.00316857 -6.39002e-05 0.000183116 -0.000282167 -6.82926e-05 -8.53402e-05 6.4919e-05 0.000313754 0.000860609 0.000581561 -0.000206519 -0.000832229 0.000264769 -0.000146339 -0.00073859 -0.000131262 0.000139164 0.000463399 -0.000329274 -0.000803063 -0.000158071 0.000471263 8.36704e-05 -0.000649109 -6.36943e-05 0.000518167 -0.000953557 0.000694657 0.000269712 5.29537e-05 -8.49124e-05 -0.00012983 -0.000136336 -0.000114356 -5.56182e-05 0.000128312 -0.000117822 0.000177765 -0.000300646 -3.71926e-05 -1.97412e-06 -2.86479e-05 -0.000440039 6.05304e-05 -5.72994e-05 0.000987076 -3.74298e-05 -2.07829e-05 -3.59461e-05 2.00658e-05 5.60268e-05 -4.57033e-05 -9.57926e-06 0.000125877 -0.00030519 -0.000476055 -6.26865e-05 -0.0003903 -0.000530886 -0.000138525 -0.000157947 -6.55017e-06 2.10346e-05 0.000297107 0.00103531 -5.65356e-05 -7.25867e-05 -1.85109e-05 0.000464129 -5.04579e-05 -0.000121903 5.09889e-05 3.13428e-05 -0.000188191 -1.26692e-05 5.34889e-05 -0.00102924 -1.46343e-06 0.00111235 1.55947e-05 -0.00157011 0.000202518 -1.20875e-05 -3.11272e-05 0.000125353 -0.000296394 0.000114486 -2.38045e-05 2.38777e-05 7.374e-05 0.000109528 0.000672935 -6.29828e-05 -0.000207352 -3.16728e-05 
0.0010007 0.00421449 0.0152276 -0.0184538 0.000724224 -6.39002e-05 0.0379955 0.00101313 0.0196105 0.00490497 0.00643161 0.00548619 0.0128633 -0.0179677 -0.0147601 -0.00322251 -0.0193383 -0.00962715 0.00186085 -0.0291296 0.0102715 -0.0042601 -0.00891232 0.0252859 -0.00832237 0.00435857 -0.0131116 -0.000968085 -0.00551265 0.00493262 -0.0201039 -0.0156126 -0.0162962 -0.0147067 -0.000674873 0.000582826 0.0267163 -0.00077184 -0.0031565 0.00212416 -0.00066916 -0.000414189 0.00096783 -0.00342636 -0.000776413 -0.00954232 0.000700552 2.10334e-05 -0.00111468 0.00327729 -0.0157572 0.0171074 0.00262635 0.00184637 -0.000275454 4.30709e-05 5.16355e-05 -0.000651969 0.000192837 0.00443733 -0.00442276 -0.00233714 0.023112 -0.00679152 -0.00303882 -0.0157801 8.63914e-05 -0.000424192 -0.00717056 -0.000862367 -0.000413791 -2.82401e-05 0.0017301 -0.00845241 0.00454747 -0.00141292 -0.000812259 0.00176813 0.012059 0.00524718 0.00672036 -0.0138311 6.64341e-05 -0.00204192 0.000328994 -0.0215861 0.00418039 0.0225114 0.00186687 -0.000618825 -0.00505065 -0.0013328 0.000896883 -8.4172e-05 -0.000711149 0.00242927 -0.000684718 0.0200626 0.0306099 0.000389001 
-0.000885212 0.00127827 0.00187316 -0.00513627 -0.000143412 0.000183116 0.00101313 0.0299559 0.000813617 -0.000122644 -0.000884239 0.000754791 -0.000885022 -0.00667678 -0.0113421 0.00151595 -0.00275597 -0.00272885 0.000554672 -0.0105735 -0.00279648 -0.00568911 -0.00825537 0.00522885 -0.00217214 0.00256728 -0.0101706 0.000157858 0.00521901 -0.000896458 -0.00711239 -0.00859311 -0.0107557 -0.00601993 -0.000596222 0.000285981 0.00082451 0.000767934 -0.00107265 0.00371789 -0.00054341 7.88898e-05 0.00293121 0.00434485 0.00114273 -0.00468792 0.00150129 0.00587353 0.00169826 -0.000476121 -0.00599192 0.00212423 -0.000477962 -0.000424606 2.65746e-06 9.10761e-05 -0.000483381 -0.000301705 -0.000361114 0.00277858 0.00132348 0.00285642 0.00287716 0.0109089 -0.000546507 -0.00661593 -0.000149831 0.00413094 -0.00219642 0.000706954 -0.000260071 -0.000556461 7.09494e-06 0.0128465 0.00138705 0.00240111 0.000643678 0.000788659 0.0024791 -0.00121556 -0.000774737 -0.000714723 5.33629e-05 -0.000967285 -1.18106e-05 -0.00706666 1.72461e-05 0.00147762 -1.31827e-05 -0.00436404 0.0066229 0.006617 0.000973336 -1.44247e-06 0.00061974 0.000552734 0.00111593 0.00274778 0.00189651 0.000136624 
-0.00628142 0.00454605 0.00745115 0.00171593 -0.00123974 -0.000282167 0.0196105 0.000813617 0.134052 0.000987241 0.0135314 0.00388539 0.0233739 -0.0679943 -0.0815477 0.0104778 -0.0395805 -0.0330464 0.0255779 -0.060463 -0.00952396 0.00505983 -0.0478489 0.0527274 -0.0160299 0.00805047 -0.0569515 -0.00239671 0.0299489 0.0022094 -0.0772323 -0.0249201 -0.0359942 -0.0503323 0.00317722 -0.00324589 0.0461803 -0.000624692 -0.00647673 0.0108927 -0.00282876 -0.00141361 -0.00092351 0.0190561 0.00351643 -0.0364778 -8.82019e-05 0.0337492 -0.00161294 0.00455632 -0.0563033 0.0127724 0.00405442 0.0013865 -0.000642889 0.00248791 0.00847926 -0.00164758 -0.00124032 0.0215271 0.0167175 0.0149313 0.0565016 0.0150109 -0.0102112 -0.0368296 0.000425275 -0.000423368 -0.0298575 -0.00275761 0.00125171 -0.000223536 0.00351456 -0.0030528 0.00410999 0.00869409 0.00752838 0.00876489 0.026811 0.0308759 0.00184403 0.00273817 0.000239891 -0.0131704 2.49342e-05 -0.0166103 0.00361257 0.041814 0.00463452 -0.0154255 0.0130963 -0.00899675 0.00151556 -0.000381514 0.00251432 0.0104604 -0.00369002 0.0302582 0.0441633 -0.00108663 
0.00561793 0.000512326 0.00411964 -0.00838771 0.00189318 -6.82926e-05 0.00490497 -0.000122644 0.000987241 0.03568 0.0060095 0.00293817 0.006748 -0.00658211 -0.005139 0.00360973 -0.00899805 -0.0076081 -0.00056168 -0.0107898 0.00646338 0.000971785 0.00209691 0.00417827 -0.00246127 9.70596e-05 -0.00534833 -0.000194826 -0.00513906 0.00358401 -0.00870174 -0.008205 -0.00654076 -0.00777871 0.00102389 0.00526952 0.00592185 0.00198195 0.000831754 -6.26758e-06 0.000348322 0.000672201 0.000106188 -0.00149688 -0.000446929 -0.00286051 2.62686e-05 0.00583761 -0.000571869 0.00119131 -0.00876159 0.00433651 0.00135607 0.00236888 -0.000340956 4.10161e-05 -0.00027545 -0.00052864 0.00161225 -0.00235161 0.00073462 -0.00174567 0.000823881 -0.00215128 -0.000190907 -0.00877859 0.00109554 0.000358997 0.000676024 0.000352196 -0.000222132 -0.000846724 0.000817379 -0.00720597 -9.35026e-05 -0.0015019 -0.000843754 0.000176363 0.00236776 0.0067218 0.00136006 -0.00235269 0.000528344 -0.00257956 -2.60206e-06 -0.0119548 -0.000269603 0.00501491 0.000895194 0.000316608 -0.00235812 -0.000373142 0.000256986 8.16962e-05 -0.000380619 0.000147728 0.00118557 0.00113495 0.00589296 -0.000157933 
-0.000798257 0.000812434 0.0102724 -0.0140332 0.00266152 -8.53402e-05 0.00643161 -0.000884239 0.0135314 0.0060095 0.0488802 0.00280014 0.0129454 -0.0146816 -0.0156869 0.00322012 -0.0212392 -0.010202 0.0022135 -0.0222248 0.00795011 -0.00399799 -0.00334404 0.00921174 -0.0117961 0.00868264 -0.0140013 0.000499081 0.00418396 0.00588125 -0.02123 -0.0132642 -0.0193757 -0.0143109 5.13954e-06 0.0100181 0.0103095 -0.00622266 -0.0027425 -0.000324091 0.00138093 -0.0014839 -3.39509e-05 0.00408872 -0.00123344 -0.00908497 -0.000395507 0.0114175 0.000333923 0.00174209 -0.017666 0.00938486 0.000635226 0.00144862 -0.000390411 0.000395137 0.00659102 -0.000799938 -0.000192327 0.00562509 0.00178631 0.00773948 0.00900922 -0.00336005 -0.00179813 -0.0168165 0.000392745 0.0032251 -0.00868076 0.000692259 -0.000770957 -0.000314091 0.000145385 -0.0109247 -0.000312306 -0.000817555 0.00361818 0.00170977 0.00790444 0.0171749 0.00270611 -0.00100805 0.000288541 -0.00272978 0.00016742 -0.0141794 -0.000143779 0.00858412 0.00278338 -0.00239075 0.00709103 0.00040221 0.000697183 0.00011646 0.00236623 0.00186314 0.00288262 0.00533771 0.00745212 0.00027332 
-0.000268061 0.00110093 0.00366645 -0.00516458 0.00018979 6.4919e-05 0.00548619 0.000754791 0.00388539 0.00293817 0.00280014 0.014077 0.00404317 -0.00469168 -0.00496112 0.000392399 -0.0050788 -0.00185689 0.000963665 -0.00843021 0.00390474 -0.000469098 -0.00187635 0.00282761 -0.00472541 0.00164743 -0.00279152 -1.38715e-05 -0.00280031 0.00197285 -0.0064876 -0.00497891 -0.0056214 -0.00504155 -1.74784e-05 0.00142825 0.00617317 -0.00106103 -0.000195709 0.00349572 -9.93521e-05 -0.000735444 8.8904e-05 8.07531e-06 -0.000178138 -0.00302359 1.85181e-05 -0.000529679 0.000220471 0.00135732 -0.0041723 0.00212012 5.5149e-05 0.00036166 0.000117878 0.000598079 -3.50836e-05 -0.000311129 0.000549553 0.00174689 -0.000579113 0.000319467 0.00295088 -0.000839205 -0.0006614 -0.00534949 0.000280159 -0.000205021 -0.00230239 -0.000421634 0.000570378 -0.000228004 0.000702092 -0.00152337 0.00188837 -0.000605425 -0.000172068 0.00223087 0.00134321 0.00271984 0.00328816 -0.00455681 7.30905e-05 -0.000273788 5.78857e-05 -0.00829313 0.000187188 0.0050702 0.000311127 -0.000485865 -0.00187714 -0.000667747 0.000102654 -2.9666e-05 0.000353815 0.00251554 0.000807525 0.00281701 0.00698258 6.01719e-05 
0.00115345 0.00351198 0.00882899 -0.014467 0.00225978 0.000313754 0.0128633 -0.000885022 0.0233739 0.006748 0.0129454 0.00404317 0.0480241 -0.0194526 -0.0159962 -0.000425687 -0.0214233 -0.00461216 0.00386491 -0.0328911 0.00108198 0.0106206 -0.00770689 0.0138371 -0.0214082 0.00756905 -0.0145977 -0.000483609 -0.00591083 0.00432593 -0.0243254 -0.0172551 -0.0147209 -0.0121041 0.00440366 0.00152181 0.0297064 -0.00561574 0.000996283 0.00278709 0.00174391 -0.000575675 0.00116689 -0.000955852 0.000798987 -0.0117719 -8.37627e-05 -0.00599772 0.00142279 0.0031411 -0.0141311 0.00481638 0.00275627 0.00313105 -0.000270978 0.00244712 0.00219522 -0.000807234 0.000303431 0.00782052 -0.00164766 0.00765431 0.0113322 -0.0050185 -0.00375225 -0.0157646 0.00137773 -0.000558782 -0.00657291 0.00541836 0.00028162 0.00136856 0.00319593 -0.0156969 0.000938521 -0.000937534 0.00145251 0.00574512 0.00439003 0.024223 0.00340479 -0.011362 0.00029575 -0.000450285 0.000218957 -0.0332926 0.000259614 0.0229522 0.00175537 -0.00110859 -0.00735871 -0.00342978 0.000647621 -0.000118912 -0.000383204 0.0100596 -0.00176978 0.0144049 0.0205853 -0.000387511 
0.0127831 -0.00694589 -0.016898 -0.0462738 0.00176729 0.000860609 -0.0179677 -0.00667678 -0.0679943 -0.00658211 -0.0146816 -0.00469168 -0.0194526 0.24982 0.122854 -0.0472155 -0.00971018 -0.0201119 -0.0285648 0.0580811 0.0236178 -0.0177591 0.0848904 -0.0527191 0.0145947 -0.0189104 0.12951 0.00738472 -0.0118749 0.000372192 0.133452 -0.0192378 0.036445 0.0847598 -0.00947962 -0.0164233 -0.0413139 -0.022776 -0.0319776 -0.0172392 0.000144457 -0.00362191 0.000973965 -0.0630912 -0.015605 0.100099 -0.00471092 -0.0706584 -0.00557152 -0.00106604 0.0797303 -0.0179315 -0.00302591 -0.0022183 -4.20243e-05 -0.00205078 -0.00967548 -0.00770163 0.0012107 -0.0432999 -0.0876791 -0.0229611 -0.0549821 -0.0515729 -0.0239747 0.0825207 -0.00143022 -0.0093523 0.0550543 0.0135031 -0.00879808 -0.00666506 -0.00311548 -0.00815362 -0.0110937 -0.0192151 -0.00624238 -0.00651948 -0.020289 -0.0248133 0.000965815 -0.0563152 -0.000614272 0.0257225 -0.000180557 0.0234678 -0.00540152 -0.0391709 -0.0036493 0.0265021 -0.0250159 0.019456 -0.00448746 0.00132507 -0.00321 -0.0080158 0.00903391 -0.021163 -0.0421492 -0.000923122 
0.0178191 -0.00543889 -0.00965377 -0.0246113 0.00144223 0.000581561 -0.0147601 -0.0113421 -0.0815477 -0.005139 -0.0156869 -0.00496112 -0.0159962 0.122854 0.245805 -0.0536509 0.0233968 0.0271435 -0.0232934 0.0558825 0.0284891 -0.0100223 0.119745 -0.0518025 -0.00265363 -0.0157813 0.128048 0.00692752 -0.0500437 -0.00406726 0.14167 0.0190802 0.0307954 0.0653922 -0.00222094 -0.0180631 -0.0333907 -0.00836074 -0.0199197 -0.0185996 0.00402105 0.000793802 0.00119656 -0.0675412 -0.0216417 0.0581131 -0.00469249 -0.0838614 -0.00263109 -0.00219625 0.0816209 -0.0133106 -0.00551104 -0.000131957 -0.000799951 -0.00192773 -0.00973268 -0.00198412 0.00149804 -0.0552288 -0.0675651 -0.0224551 -0.0511798 -0.0931613 -0.0130663 0.0362766 -0.00049008 -0.012187 0.0737676 0.00526455 -0.00269144 -0.00427699 -0.00267359 -0.0367681 -0.00830189 -0.0253371 -0.00467012 -0.00612331 -0.0209323 -0.0214214 0.00162508 -0.0650302 -0.00106109 0.0333862 -0.000267734 0.0181765 -0.00413332 -0.0226397 -0.00416097 0.0342066 -0.0630317 -0.00732359 -0.00361874 0.00033026 -0.00361295 -0.00710387 0.00737136 -0.0172304 -0.0270169 -0.000990676 
-0.00598634 -0.00139999 0.00106583 0.0148778 -0.00106545 -0.000206519 -0.00322251 0.00151595 0.0104778 0.00360973 0.00322012 0.000392399 -0.000425687 -0.0472155 -0.0536509 0.0999912 0.00638297 -0.0147028 -0.000240887 0.0058634 -0.00794969 0.0161719 -0.0301495 0.00724496 0.0150311 -0.00403338 -0.0550937 -0.000588223 -0.01085 5.44486e-05 -0.0547803 0.0092397 0.00524459 -0.0172012 -0.000684 0.0159738 -0.00872439 0.00445751 0.0253405 0.00240448 -0.000837831 -0.00574568 -0.000403239 0.028276 0.0176633 -0.0259363 0.0031798 0.0401542 -0.00190943 -0.000794753 -0.0117238 -3.90256e-07 -0.00121576 -0.00200433 -0.000768415 -0.000196563 -0.000113215 0.00190069 -0.00211847 0.0127933 0.0270553 -0.00054325 -0.00774433 0.042713 0.0180896 -0.0213391 5.92539e-05 0.0014347 -0.0230829 -0.00467976 -0.00013415 -2.95125e-05 -0.000505687 0.00134144 0.00138071 0.0185021 -0.0028102 -0.00134836 -0.00430588 0.00133174 -0.00288666 0.0364701 0.000394829 -0.0069733 7.04651e-05 -0.0184488 -0.00105226 -0.00583748 0.00057298 -0.0149132 0.00621999 -0.00716132 0.000677814 -9.00065e-05 0.000202632 -0.00131082 -0.000434107 -0.00397741 -0.00734287 -0.000153714 
-0.00937432 -0.00506431 -0.0147147 0.0596782 -0.00497644 -0.000832229 -0.0193383 -0.00275597 -0.0395805 -0.00899805 -0.0212392 -0.0050788 -0.0214233 -0.00971018 0.0233968 0.00638297 0.248935 0.004558 -0.00230159 0.0664185 -0.0383752 -0.0270898 -0.0117899 -0.0354997 0.0273062 -0.0202138 -0.00653076 0.00170619 -0.0171033 -0.0109275 0.0401164 0.0663756 0.027044 0.00724115 -0.00237052 -0.0105424 -0.0399616 0.00925606 0.0218212 -0.00181731 -0.00286998 0.00608696 -0.00324637 -0.000619492 0.0025599 -0.0414483 -0.00016816 -0.00797162 -0.000715733 -0.00957037 0.0354069 -0.0146844 -0.00455158 -0.00838557 -0.0005363 -0.00169652 -0.00437874 0.00506817 -0.0066454 -0.00462045 0.0225605 -0.0247128 -0.0450664 0.0309615 0.0201403 0.0348269 -0.00128784 -0.00612848 0.00513016 -0.0148986 0.00296638 0.00419854 -0.00255171 0.013513 -0.00153344 0.0017319 -0.00997653 -0.00690595 -0.0234745 -0.0289919 -0.0295996 0.0379473 -0.000779291 0.000683566 -0.000757744 0.0557879 -0.00570016 -0.0316827 -0.00509043 -0.034401 -0.0211905 -0.0077731 -0.00163783 -0.0016051 -0.00355291 -0.0105553 -0.0159626 -0.0224031 -0.0304528 -0.001415 
-0.00643195 0.00113227 -0.0080179 0.0629294 -0.00159888 0.000264769 -0.00962715 -0.00272885 -0.0330464 -0.0076081 -0.010202 -0.00185689 -0.00461216 -0.0201119 0.0271435 -0.0147028 0.004558 0.198116 0.00284285 0.00965831 -0.0286343 0.0108884 -0.00449136 -0.0171978 -0.0323671 0.0150779 -0.00393165 0.00126316 -0.0156936 -0.00567041 -0.0108928 0.0483714 0.00225446 0.0171522 0.00700604 -0.00275737 -0.00672367 -0.00972623 0.0148762 0.00449492 0.00408969 0.00909569 -0.00102141 0.00545553 -0.00115663 -0.0275047 0.000214131 -0.0318815 0.0137839 -0.00538227 0.0342989 -0.0104864 0.000626808 -0.00340951 0.00225604 1.79438e-05 -0.00199917 0.00563667 -0.00470443 0.00466685 0.0177125 0.0126602 -0.0104894 -0.0298182 -0.00665261 -0.00304409 0.000318267 0.000498497 -0.0187678 -0.00171488 0.00741747 0.00699798 -0.000241423 0.00966281 0.00416917 -0.00541283 -0.00114368 -0.0027302 -0.0135781 -0.00999925 -0.0130282 -0.00438914 -5.54949e-05 -0.0117802 -0.000180935 0.0027559 0.000589658 -0.0161347 -0.00245356 0.000930148 -0.0228933 -0.0145674 -0.00230958 -0.0011205 -0.000345107 0.000919569 -0.00549914 -0.0114688 -0.0181196 0.00131172 
-0.00200209 0.000641309 0.00106448 0.00865694 -0.000679836 -0.000146339 0.00186085 0.000554672 0.0255779 -0.00056168 0.0022135 0.000963665 0.00386491 -0.0285648 -0.0232934 -0.000240887 -0.00230159 0.00284285 0.0709977 -0.0171594 -0.00978341 -0.0106754 -0.0204894 0.00755299 -0.0117622 0.00490234 -0.00764376 -0.00125725 0.0113062 -0.00142316 -0.0292185 0.00626055 -0.0121999 -0.0217114 0.00195751 -0.00169524 0.0106555 -0.00134893 0.000782572 0.00778013 -0.000831641 0.00616358 -0.000475946 0.0038228 -0.00104271 -0.0146762 0.000466736 0.00706079 0.00374719 0.00225177 -0.0209788 0.00203664 -0.00092646 -0.000773641 0.000221806 0.00153049 0.00348108 -0.00041404 -0.000973796 0.010282 0.0093595 0.00739801 0.00574309 0.00589777 -0.00308564 -0.012691 8.37228e-05 0.00248329 -0.0110218 -0.000815629 -0.000818251 -0.00154744 0.00102837 -3.87891e-05 0.00337919 -0.00195567 0.00256649 0.00398184 0.00254751 0.0114953 -0.00208866 0.00912351 0.000108631 -0.00573678 -0.000119194 -0.00112832 0.00148087 0.00555156 -4.47064e-05 -0.0103668 0.00584992 -0.0038983 0.000249181 -3.14665e-05 -0.000874498 0.00285268 0.000774019 0.002321 0.00649815 -0.000760453 
0.00269302 -0.0112577 -0.0244351 0.0392841 -0.0016201 -0.00073859 -0.0291296 -0.0105735 -0.060463 -0.0107898 -0.0222248 -0.00843021 -0.0328911 0.0580811 0.0558825 0.0058634 0.0664185 0.00965831 -0.0171594 0.169319 -7.06209e-05 0.00290256 0.0464102 -0.0606093 0.0648537 -0.0316776 0.0278619 -0.000441511 -0.0184114 -0.00458815 0.0575491 0.0563135 0.0557516 0.0307212 -0.00935506 -0.00526087 -0.0641003 0.00101058 0.0173713 -0.0201783 -0.003972 -0.000544915 -0.0069269 -0.00451835 -0.00354046 0.0185665 -0.000381817 -0.012465 -0.0136812 -0.00432991 0.0632415 -0.0246561 -0.00308704 -0.00510406 -0.00268865 -0.00278283 -0.00562644 0.00312277 -0.00211242 -0.03275 -0.0032221 -0.0300293 -0.0709388 0.00532203 0.00182763 0.0569504 -0.000769351 -0.0111099 0.0119531 -0.00911084 -0.00453144 3.1457e-05 -0.00462223 -0.0173285 -0.00711097 -7.56543e-05 -0.0105778 -0.0106537 -0.0326416 -0.0399778 -0.0124162 0.0267387 -0.000539551 0.0084391 -0.000340606 0.0672777 -0.0069562 -0.0499429 -0.00357314 0.0043478 -0.00530396 -0.0178934 -0.00196926 5.36977e-05 -0.00124556 -0.0140794 -0.00387503 -0.0325312 -0.0575788 -0.00129909 
0.0150408 -0.00105952 0.0130417 -0.083502 0.00213366 -0.000131262 0.0102715 -0.00279648 -0.00952396 0.00646338 0.00795011 0.00390474 0.00108198 0.0236178 0.0284891 -0.00794969 -0.0383752 -0.0286343 -0.00978341 -7.06209e-05 0.166011 -0.0189703 0.0585134 0.00850935 0.0120544 -0.00553283 0.023145 -0.00178892 -0.0481624 0.0112326 0.0213786 -0.0619264 -0.0307348 -0.0205685 -0.00477767 0.0112527 0.00621633 0.0059677 -0.00891003 -0.0044035 -0.00145219 -0.0086324 -0.00102838 -0.0172276 -0.00764077 0.0300235 -0.00185025 -0.00924501 -0.00431446 0.00752983 0.0170504 0.0150109 -0.000657275 0.00532777 -0.00108958 -0.000183289 -0.003346 -0.00387937 0.00455403 -0.0130564 -0.0275229 -0.0163063 -0.00553987 -0.0253499 -0.000155972 -0.0202504 0.000248419 0.00115022 -0.0168096 -0.00716212 -0.00265013 -0.000529986 -0.000839885 -0.0105975 -0.00237188 -0.00799913 -0.00330227 0.000702195 0.00807915 -0.000818586 0.0223963 -0.0431531 0.000340188 0.00756266 0.000452652 0.0113437 0.00260766 0.0103223 0.00307188 0.0406423 -0.00954967 -0.000107853 0.00307252 0.00109795 -0.00239135 0.00209775 0.00941326 0.00650822 0.0184949 -0.000762293 
-0.00767697 -0.000948928 -0.000659466 0.0194907 0.00080735 0.000139164 -0.0042601 -0.00568911 0.00505983 0.000971785 -0.00399799 -0.000469098 0.0106206 -0.0177591 -0.0100223 0.0161719 -0.0270898 0.0108884 -0.0106754 0.00290256 -0.0189703 0.184988 0.00470018 -0.00738373 -0.00475402 -0.00929232 -0.0159787 -0.00282363 -0.0161425 -0.00855149 -0.0126493 0.00355427 0.0198178 0.0135699 0.00715566 -0.00474345 0.00358129 -0.0106494 0.00196338 -0.00742719 -0.00112939 -0.00248235 0.000444428 0.000683371 0.00788631 -0.0106688 -0.00020436 -0.00605301 -0.000499926 -0.00260112 0.00714219 -0.00700512 0.00770815 0.00232993 -9.64154e-05 0.001036 -0.00250624 -0.000219051 0.00666145 -0.00382367 -0.00688732 9.03096e-05 -0.018732 -0.00847885 -0.0131396 0.0246201 0.00157454 -0.00662078 -0.00220449 0.0115631 -9.67996e-05 0.00629535 0.00208873 -0.0583652 -0.0037808 0.0126674 5.15175e-05 0.00259718 -0.0109826 0.0118076 0.0184521 0.00686967 0.000350333 -0.00192605 9.04941e-05 -0.0302435 -0.00194135 0.00282685 -0.000437883 0.00990413 -0.0218144 -0.0120383 -0.00110075 -0.000682162 0.00148477 0.0039468 -0.00555926 0.000447424 -0.00550741 -0.00155968 
0.0244989 -0.00468068 -0.00423929 -0.0671566 0.00386444 0.000463399 -0.00891232 -0.00825537 -0.0478489 0.00209691 -0.00334404 -0.00187635 -0.00770689 0.0848904 0.119745 -0.0301495 -0.0117899 -0.00449136 -0.0204894 0.0464102 0.0585134 0.00470018 0.239254 -0.0319697 0.0202649 -0.0222984 0.0855365 -0.00338953 -0.0491642 0.00847455 0.113141 -0.035619 -0.0164792 0.0101275 -0.00719505 -0.00948787 -0.0180367 -0.00438309 -0.0141736 -0.0138476 -0.00244613 -0.0156132 -0.00194681 -0.0392271 -0.0158851 0.0519972 -0.00434938 -0.0601614 -0.00598555 0.00200926 0.076462 -0.00912608 -0.00557654 0.00510573 -0.00255633 -0.00154111 -0.00500893 -0.005624 0.00956733 -0.0443694 -0.0578292 -0.0250894 -0.0371476 -0.0678787 -0.0144667 -0.0118696 0.000776716 -0.00801876 0.0396649 0.00142709 -0.00359723 -0.0072125 -0.00214302 -0.0265214 -0.00745819 -0.0126868 -0.0038207 -0.00430521 -0.014579 -0.0116018 0.0187737 -0.0864548 -6.79384e-05 0.0415592 6.76045e-05 0.0134144 -0.00452707 -0.00824523 0.000264526 0.0589255 -0.0316875 -0.00759033 -0.000804471 0.00110232 -0.000488485 -0.0069119 0.015562 -0.0117817 -0.0156302 -0.0018444 
-0.00339743 0.00779 0.0214493 -0.0300553 -0.00101737 -0.000329274 0.0252859 0.00522885 0.0527274 0.00417827 0.00921174 0.00282761 0.0138371 -0.0527191 -0.0518025 0.00724496 -0.0354997 -0.0171978 0.00755299 -0.0606093 0.00850935 -0.00738373 -0.0319697 0.108638 -0.0149955 0.00882774 -0.0470365 -0.00185776 0.00901608 0.00377363 -0.0547439 -0.0287499 -0.0377666 -0.0418743 0.00205822 0.00434704 0.0376794 0.00358191 -0.0115502 0.00182347 -0.000712549 -0.000885148 0.000987473 0.012883 0.00293585 -0.0310628 0.00207219 0.0301213 -0.00138334 0.0043065 -0.0455495 0.0266563 0.00277334 0.00293822 0.0013775 0.000972909 0.00140748 -0.00186325 -0.00113611 0.0214067 0.0058425 0.00411673 0.0571306 0.000488627 -0.00666471 -0.0453866 5.59594e-05 0.0036892 -0.0245186 -0.00403519 0.00402689 -0.000695317 0.00197587 -0.00235901 0.00763896 0.00415963 0.00199528 0.00612321 0.03322 0.015367 0.0101485 -0.0169106 5.08787e-05 -0.00718761 0.000279765 -0.0274214 0.00742455 0.0382863 0.00365351 -0.00141639 -0.00161036 -0.00285149 0.00301455 -0.000597704 0.000526011 0.0064985 2.01576e-05 0.0306771 0.0505059 0.00145969 
0.00118838 -0.00926593 -0.00584978 0.0129663 -0.00505225 -0.000803063 -0.00832237 -0.00217214 -0.0160299 -0.00246127 -0.0117961 -0.00472541 -0.0214082 0.0145947 -0.00265363 0.0150311 0.0273062 -0.0323671 -0.0117622 0.0648537 0.0120544 -0.00475402 0.0202649 -0.0149955 0.154581 -0.0320056 -0.00485557 -0.00600961 -0.00202011 0.00206757 0.0193252 0.0025369 0.0125369 -0.00806946 -0.00785645 0.00298488 -0.0392119 0.0174605 0.0116152 -0.0150548 -0.00614777 -0.0163936 -0.00629307 0.0190757 -0.000213075 0.00818302 0.00133372 0.0193774 -0.0133438 -0.000977535 0.0188144 -0.00445022 -0.00370679 -0.00507467 -0.00355119 -0.00298322 -0.00326033 0.000858298 -0.0038877 -0.0163545 0.0138798 -0.0251157 -0.0307557 0.0215126 0.00605577 0.0203871 -0.00123303 -0.00556627 0.000339968 -0.0102399 -0.00882766 -0.0102328 -0.00363202 -0.00763975 -0.00102642 0.00365587 -0.00828478 -0.00951346 -0.0130706 -0.0270925 0.000340585 0.0231192 -0.000528248 -0.00257675 -0.000343636 0.0459537 -0.0039678 -0.0231964 -0.000614686 -0.00849077 0.0208236 -0.000861289 0.000252339 0.000429968 9.07879e-07 -0.0109182 -0.00602242 -0.0136711 -0.025298 -0.000902309 
-0.00184267 0.00709372 0.00044599 0.00387372 -0.000209804 -0.000158071 0.00435857 0.00256728 0.00805047 9.70596e-05 0.00868264 0.00164743 0.00756905 -0.0189104 -0.0157813 -0.00403338 -0.0202138 0.0150779 0.00490234 -0.0316776 -0.00553283 -0.00929232 -0.0222984 0.00882774 -0.0320056 0.0665581 -0.0169127 0.00152544 0.00973727 -0.00216429 -0.0288881 -0.0117847 -0.0154627 -0.0129231 2.17618e-05 0.000463811 0.0224309 -0.0071212 0.00106463 0.0130491 0.00195262 0.00393417 0.000992171 0.00516181 0.0025479 -0.012333 0.000337708 -0.00445497 0.00736207 0.000206957 -0.0130317 0.00101666 -0.000359481 0.00104382 0.000479078 1.80892e-05 0.00426183 -0.00129654 -0.00145852 0.0273398 0.00334508 0.0216953 0.0260063 0.00565982 0.00262323 -0.0175136 0.000197172 0.00470546 -0.0119975 -0.0020899 0.00251652 -0.000672433 0.00146735 0.00933946 0.00106077 -0.00342886 0.00608311 0.000249836 0.00442103 0.0101462 -0.0041762 -0.00717405 -0.000107116 -0.00497347 -3.31491e-05 -0.0180722 0.00481393 0.00409173 3.13121e-05 -0.00698527 0.00481568 -0.000202737 -0.000611013 -0.000238071 0.0013513 0.00128104 -0.00188119 0.000880193 0.00756139 0.00126104 
0.013938 -0.00417413 -0.0113891 -0.0386893 0.00236514 0.000471263 -0.0131116 -0.0101706 -0.0569515 -0.00534833 -0.0140013 -0.00279152 -0.0145977 0.12951 0.128048 -0.0550937 -0.00653076 -0.00393165 -0.00764376 0.0278619 0.023145 -0.0159787 0.0855365 -0.0470365 -0.00485557 -0.0169127 0.246805 0.00091968 -0.0213009 0.00109533 0.141805 -0.00247372 0.00426873 0.0641503 -0.00657152 -0.0200775 -0.0185546 -0.0102917 -0.033174 -0.00780179 -0.00163044 0.00478958 0.000580939 -0.0556146 -0.0202989 0.0844669 -0.00598521 -0.0806218 8.68634e-05 0.00230771 0.0362936 -0.0160397 -0.00767053 0.0016687 -0.000214981 -0.00137394 -0.0111024 -0.00483525 0.00507706 -0.0446483 -0.0761069 -0.0185632 -0.0392822 -0.0895375 -0.0142436 0.0532132 -0.00092243 -0.00869927 0.0599454 0.00513523 -0.00470675 -0.0069243 -0.00319424 -0.00695909 -0.00899894 -0.0196448 -0.00581001 -0.00461518 -0.0128426 -0.0129239 0.00952627 -0.0406138 -0.00105364 0.0123432 0.000124761 0.0128506 -0.00454506 -0.0253308 -0.00401052 0.0384927 -0.0458938 0.00390652 -0.00416292 0.000877353 -0.00640587 -0.00527256 0.010068 -0.0179346 -0.0228481 -0.000136646 
-0.000321051 -0.00011826 -0.000949446 -0.00380299 -0.000105117 8.36704e-05 -0.000968085 0.000157858 -0.00239671 -0.000194826 0.000499081 -1.38715e-05 -0.000483609 0.00738472 0.00692752 -0.000588223 0.00170619 0.00126316 -0.00125725 -0.000441511 -0.00178892 -0.00282363 -0.00338953 -0.00185776 -0.00600961 0.00152544 0.00091968 0.0293324 -0.00172339 0.000454115 0.00130705 0.00322232 0.00386272 0.00232303 0.000530751 -0.000675382 -0.00129708 -0.000795168 -0.000992467 0.000351162 0.00327261 -0.000710183 0.000461796 -0.00285373 -0.000746468 -0.00222918 -8.59916e-05 -0.0041112 0.00144669 0.000600243 0.00199822 -0.000553349 -0.000318107 -0.000561547 0.00100937 -4.42359e-05 -0.000108187 -0.000217387 0.000156658 0.0024347 -0.00217358 0.00242254 -0.00194576 -0.00273052 -0.0014532 -0.00221104 -9.39545e-05 0.000391793 -0.000226982 0.00175664 -0.000534859 -0.000418463 -0.000133054 0.00107188 -0.000518155 -0.00123748 0.000164434 -0.000380502 -0.000177123 -0.000852991 -0.00162922 -0.00716032 -5.92427e-05 0.000780348 9.99294e-07 -0.00336719 1.46005e-05 -0.00156515 -0.000175409 -0.00252827 -0.00231351 0.00159892 -0.000244124 3.88954e-05 0.000732191 -0.000344568 0.0003942 -0.000783151 -0.00202717 0.000219846 
-0.00983404 0.000672321 -0.0106718 0.0512595 -0.00244328 -0.000649109 -0.00551265 0.00521901 0.0299489 -0.00513906 0.00418396 -0.00280031 -0.00591083 -0.0118749 -0.0500437 -0.01085 -0.0171033 -0.0156936 0.0113062 -0.0184114 -0.0481624 -0.0161425 -0.0491642 0.00901608 -0.00202011 0.00973727 -0.0213009 -0.00172339 0.214757 -0.00699976 -0.0330325 0.00801933 -0.0258953 -0.0316911 -0.000945329 -0.00746197 -0.00141658 -0.000457332 -0.0108363 0.00273277 -0.00220076 -0.000461888 -0.000499922 0.0157457 -0.00468973 -0.0139877 -0.00139637 0.0235516 0.00137126 -0.00194837 -0.0821339 -0.00959973 -0.00234226 -0.00418948 0.00142701 0.000195812 0.0129735 -0.00277288 -0.00443173 -0.00255192 0.0049469 0.0329258 0.0358399 0.0177393 -0.0115129 0.00910032 -0.000461227 0.000158483 0.00882692 -0.00296925 0.000885827 -0.00817351 -0.00027011 0.0212385 -0.00214456 0.00457436 0.00822831 0.000375962 0.0099025 0.00770907 -0.014323 0.0214428 -0.000743011 -0.0224358 -0.000167223 0.0392805 -0.000562432 -0.0075443 0.000641368 -0.0388948 0.0522301 0.00869589 -0.00188983 -0.000563264 0.00679676 -0.000537715 -0.0121517 -0.00139961 -0.00971132 0.000192801 
0.000148457 -0.000449984 0.00423261 -0.0200328 0.00106112 -6.36943e-05 0.00493262 -0.000896458 0.0022094 0.00358401 0.00588125 0.00197285 0.00432593 0.000372192 -0.00406726 5.44486e-05 -0.0109275 -0.00567041 -0.00142316 -0.00458815 0.0112326 -0.00855149 0.00847455 0.00377363 0.00206757 -0.00216429 0.00109533 0.000454115 -0.00699976 0.0531037 0.00182748 -0.0105584 -0.010197 -0.0106542 -0.00043559 0.00191241 0.00416853 -0.000311786 -0.00174369 0.000455097 -0.000206568 -0.0022114 0.000685582 -0.00395322 -0.00188899 0.0002281 3.07029e-05 -0.00252112 -0.000612614 0.00520461 -0.00235755 0.00154968 0.0011256 0.00118746 3.39758e-05 7.90031e-05 0.00058418 0.000701342 0.00448676 0.00175879 -0.00253201 -0.0013819 0.000355816 -0.00715768 -0.00218159 -0.0108485 0.000274361 -0.00135068 -0.00209882 -6.13432e-05 -0.00027006 -0.00144304 1.11633e-05 -0.00264636 0.00235806 -0.00254502 -0.000903787 -0.0002264 -0.000803591 0.0030787 0.00828713 -0.00981043 0.000128567 0.00400979 0.000114575 -0.00818005 0.000186212 0.00116697 0.00197932 0.00572641 -0.00293251 0.00190795 0.00200681 0.000664338 -0.000989846 0.000238295 -0.000451251 0.00384931 0.0013096 -0.00034708 
0.0104944 -0.00745287 -0.0156372 -0.0426918 -0.000141273 0.000518167 -0.0201039 -0.00711239 -0.0772323 -0.00870174 -0.02123 -0.0064876 -0.0243254 0.133452 0.14167 -0.0547803 0.0401164 -0.0108928 -0.0292185 0.0575491 0.0213786 -0.0126493 0.113141 -0.0547439 0.0193252 -0.0288881 0.141805 0.00130705 -0.0330325 0.00182748 0.243843 -0.00176276 0.0302106 0.0740456 -0.00315287 -0.0226281 -0.0451495 0.00749182 -0.0454028 -0.0195446 -0.0012443 -0.0039554 0.000839335 -0.0580971 -0.0230089 0.087173 -0.00610318 -0.0820089 -0.00457993 -0.00407037 0.0659737 -0.0171582 -0.0057542 0.000168595 -0.00126453 -0.00221783 -0.0114713 -0.00191129 0.00421932 -0.0531173 -0.0627282 -0.03382 -0.0611682 -0.0762173 -0.017572 0.0644079 -0.0016235 -0.00827401 0.0631315 0.00445594 -0.00152181 -0.00578141 -0.0033566 -0.00519121 -0.0113323 -0.0198381 -0.00400263 -0.00733534 -0.0275269 -0.0253738 0.000672488 -0.0536518 -0.00101807 0.025772 9.05441e-05 0.0398411 -0.0059169 -0.0355028 -0.00528751 0.040045 -0.0385901 0.0171799 -0.000932158 0.0011745 -0.00340384 -0.0100893 0.00347195 -0.0229619 -0.0383885 0.000538603 
-0.0119524 -0.0055832 -0.0155327 0.105728 -0.00280747 -0.000953557 -0.0156126 -0.00859311 -0.0249201 -0.008205 -0.0132642 -0.00497891 -0.0172551 -0.0192378 0.0190802 0.0092397 0.0663756 0.0483714 0.00626055 0.0563135 -0.0619264 0.00355427 -0.035619 -0.0287499 0.0025369 -0.0117847 -0.00247372 0.00322232 0.00801933 -0.0105584 -0.00176276 0.239712 0.0736622 0.0106247 0.00285983 -0.00702907 -0.0355161 -0.0266886 0.0121117 -0.00882011 0.000726105 0.0109984 -0.00341436 -0.00980898 -0.0053079 -0.036881 0.00124795 -0.0072773 -6.35449e-05 -0.00457881 -0.00974061 -0.0156244 -0.0014237 -0.00706566 0.00104395 -0.0010716 -0.00170285 0.00627712 -0.00430515 -0.0107448 0.0301753 -0.000283433 -0.0366254 -0.00119457 0.00193679 0.046133 -0.000860707 -0.0085446 0.00193281 -0.0143277 -0.00200899 0.000326514 -0.00147532 -0.0257038 -0.00283159 -0.0044818 -0.00880445 -0.00503225 -0.0193715 -0.0184194 -0.0281384 0.0527888 -0.000611562 -0.0176773 -1.65584e-05 0.0499763 -0.00467747 -0.0298283 -0.00301393 -0.0272685 -0.00633376 -0.0267825 -0.00255412 -0.000661001 -0.000696423 -0.00704907 -0.0139068 -0.0194446 -0.0348236 0.00104892 
-0.00859895 -0.00604507 -0.0143117 0.032147 -0.000340564 0.000694657 -0.0162962 -0.0107557 -0.0359942 -0.00654076 -0.0193757 -0.0056214 -0.0147209 0.036445 0.0307954 0.00524459 0.027044 0.00225446 -0.0121999 0.0557516 -0.0307348 0.0198178 -0.0164792 -0.0377666 0.0125369 -0.0154627 0.00426873 0.00386272 -0.0258953 -0.010197 0.0302106 0.0736622 0.246167 0.0576787 -0.00103554 -0.0127167 -0.0358587 -0.0286425 0.0195341 -0.0105152 0.00148238 0.00611656 -0.00137003 -0.05071 -0.00239789 0.00459635 -0.000171994 -0.0222809 -0.00615551 -0.00350063 0.0557991 -0.0137828 0.00264829 -0.00636605 0.000193789 -0.00120794 -0.00868638 0.00880939 -0.00414643 -0.016812 -0.0140207 -0.0174229 -0.0384886 -0.0027273 0.000130211 0.0469409 -0.00147341 -0.00912634 0.00167893 0.00896918 -0.00492302 -0.00444128 -0.00262768 0.00225805 -0.00445278 -0.013601 -0.00698275 -0.00496817 -0.0221061 -0.0197452 -0.0142431 0.0211831 -0.000538433 0.00530077 -0.000258126 -0.00273657 -0.00342632 -0.0270869 -0.00482667 0.00841487 -0.0194284 -0.00763172 -0.000783202 -0.00109035 -0.00392898 -0.00542888 -0.00870887 -0.0180448 -0.0310927 -0.00258229 
0.00101241 -0.00543527 -0.0151772 -0.0161459 0.000437926 0.000269712 -0.0147067 -0.00601993 -0.0503323 -0.00777871 -0.0143109 -0.00504155 -0.0121041 0.0847598 0.0653922 -0.0172012 0.00724115 0.0171522 -0.0217114 0.0307212 -0.0205685 0.0135699 0.0101275 -0.0418743 -0.00806946 -0.0129231 0.0641503 0.00232303 -0.0316911 -0.0106542 0.0740456 0.0106247 0.0576787 0.236917 -0.00473172 -0.0103437 -0.0339756 0.00074708 -0.0229856 -0.0122555 0.00779529 0.00802186 0.0021425 -0.0404229 -0.00486558 0.0443075 -0.00180544 -0.0351175 -0.0017929 -0.00742993 0.0576685 -0.0137626 0.000457828 -0.00530246 -0.000561663 -0.00153999 -0.00626662 0.000537934 -0.00567946 -0.024871 -0.060946 -0.0105877 -0.0407499 -0.0357542 -0.0166969 0.0492878 -0.00185184 -0.00804227 0.0336115 0.0150373 -0.0033806 -0.00482222 -0.00250185 0.0302462 -0.00828384 0.0014991 0.00313612 -0.00395203 -0.0213372 -0.0140533 -0.0164381 -0.0160389 -0.000310971 0.0129687 -0.000397083 -0.010853 -0.00428652 -0.0250048 -0.00385094 -0.0133372 -0.036845 0.016929 -0.00194861 0.000303136 -0.00233698 -0.00337483 -0.00165027 -0.0146123 -0.0323562 0.000936344 
-0.00122447 3.00086e-05 -0.000527124 0.00670032 -0.000132693 5.29537e-05 -0.000674873 -0.000596222 0.00317722 0.00102389 5.13954e-06 -1.74784e-05 0.00440366 -0.00947962 -0.00222094 -0.000684 -0.00237052 0.00700604 0.00195751 -0.00935506 -0.00477767 0.00715566 -0.00719505 0.00205822 -0.00785645 2.17618e-05 -0.00657152 0.000530751 -0.000945329 -0.00043559 -0.00315287 0.00285983 -0.00103554 -0.00473172 0.0264719 -0.000766019 0.00187689 0.00449571 -0.00104877 -0.000494492 0.00137572 -0.000152045 -2.15935e-05 0.00429782 -0.000911094 -0.00479512 0.000188227 -0.00120075 0.00413771 -0.000346237 -0.00868909 -0.000499584 0.00185315 -0.00034778 0.000812678 0.00103532 0.000631922 0.0012507 -0.000139223 0.00123326 0.011261 0.0026394 -0.000640386 -0.00394222 -0.00144689 -0.0027165 0.000682704 -4.90633e-06 -0.00242497 0.00189635 0.00147184 0.00217652 0.00137161 -0.00636429 7.04617e-05 3.15958e-05 -0.000450807 0.000269837 -2.44182e-05 0.00257863 -0.00177102 -0.00283548 4.54656e-05 -0.00257094 3.17563e-05 -0.00231309 5.4125e-05 -0.000335217 -0.000284532 -0.000956939 -0.0014283 -0.001498 -0.000170287 0.000119548 0.000779144 0.0035796 -0.00139956 0.00129376 0.000157096 -0.000179152 
