0.229446 -0.00100297 -0.00513737 -0.00190018 0.0407982 0.0177922 -0.00672415 -0.00420072 0.00136652 -0.000775232 -0.00236953 0.0353915 -0.091126 -0.119094 -0.00872422 0.131291 0.0234462 -0.171245 0.0840835 0.0600463 0.154503 -0.00791222 0.16963 -0.0530826 -0.00121163 0.00364671 -0.0402493 -0.0305021 -0.000751183 0.00397612 -0.126777 0.159467 -0.00432692 -0.00525097 0.131529 0.00260038 -0.00108045 -0.00290996 0.00224646 -0.0429999 0.000368784 -0.00297997 0.00368424 -0.0205909 0.00192518 -0.0031127 -0.00754254 -0.000453949 -0.00621243 0.18127 0.0013585 -0.00658584 -0.000251581 -0.0409983 -0.00017087 -0.000272184 -0.08024 -0.0559947 0.000764342 0.00176254 0.00344364 -0.00406106 0.0783087 0.0062095 -0.00477497 -0.00513829 0.111068 -0.0068108 0.00300231 -0.0105855 -0.0689711 -0.0630204 -0.0167257 -0.0256903 -0.00184638 0.0282695 0.0340246 -0.0052099 -0.00749963 -0.153251 0.000364733 -0.00854016 0.00244507 -0.0868041 -0.00699633 -0.000891386 -0.00188214 -0.00092235 -0.0131342 0.0048541 0.161902 -0.00143218 -0.0653847 0.00106839 -0.0108638 -0.0528068 0.0123887 -0.00168937 -0.142192 -0.167861 
-0.00100297 0.00615573 -5.94537e-05 -1.23298e-05 0.000316638 6.13784e-05 3.72272e-05 -4.10585e-05 -1.34938e-05 7.55197e-06 8.241e-05 -0.00114 -0.000297436 0.00196667 0.000172355 -0.0013251 -0.000314716 0.000811227 -0.000974968 0.00122128 -0.00137443 -0.00134094 -0.00115038 0.00129366 -5.78555e-05 -0.00112923 6.8748e-05 0.000300186 0.000493519 -9.03503e-05 -0.000174302 -0.00122711 -1.24653e-05 0.00016845 -0.00140527 -3.78582e-05 -3.47639e-07 2.05282e-05 -9.89986e-05 0.000717192 -1.3466e-05 0.00034081 -0.000104995 0.000755483 -1.99373e-05 -5.22264e-06 0.000272139 7.47388e-05 0.000104576 -0.00118588 0.000212406 -1.84241e-05 -8.12594e-06 -0.000362168 4.0442e-05 1.15557e-05 -0.00081984 0.000198041 -4.15068e-05 3.1027e-05 -8.97623e-05 0.000166176 0.000150178 6.48406e-05 1.67453e-05 -3.28214e-05 -0.00170113 3.56442e-05 8.38764e-05 -0.000126819 -0.000321011 0.00029785 6.83272e-05 0.00104912 0.000414372 -0.00139545 -0.00081672 8.00715e-05 -4.30947e-06 0.000132206 7.00466e-05 0.000396671 -4.77696e-05 -0.00056182 -5.58661e-06 0.000633607 0.000170852 -0.000101332 -5.95173e-05 -5.8158e-05 -0.00122151 -3.3971e-06 0.00123912 8.56038e-05 -0.000128803 -0.000339301 4.40188e-05 -8.52687e-06 0.000832291 0.000916808 
-0.00513737 -5.94537e-05 0.0278514 0.000245897 -0.00245735 -0.000703593 -0.000150728 0.000138821 -5.81509e-05 0.000569173 -0.000105025 -0.00118881 0.00386138 0.00342894 -0.00127009 -0.00422008 0.00488173 0.00389498 -0.00358123 -0.00727252 -0.00552202 -0.00275733 -0.00304888 -0.000711052 -0.000175251 -0.00745104 -6.5628e-06 0.00244202 -7.7511e-06 -0.000159052 0.00337664 -0.00434423 0.000588761 0.000581728 -0.0052769 -0.000196768 0.000166685 0.000243313 -0.000431331 -0.00104769 -5.57169e-05 -2.26097e-05 -0.000424315 0.00625959 -8.69566e-05 0.000153029 0.000182546 9.70614e-05 -2.01843e-05 -0.00504393 -0.000136013 0.000551319 0.000218634 0.00125609 3.0617e-05 -1.74147e-06 0.000684003 -0.000119729 -8.54372e-05 0.000453621 0.000239132 -0.000290167 -0.00452312 -0.00040633 -9.6419e-06 0.00011184 -0.00455368 0.000317411 -2.90889e-05 -0.000801565 0.00310989 0.00102342 -0.000279785 -0.000221604 0.000142296 -0.00250432 -0.00342426 -7.32684e-05 0.00146356 0.00128619 0.000327087 -0.000312985 0.000207103 0.00717185 2.81638e-05 -0.0016904 -4.89944e-06 0.00192954 0.00132373 0.00150456 -0.00557948 -2.74954e-06 -0.000194559 -0.000158965 0.00161599 -0.00030829 -0.000347068 2.53111e-05 0.00239792 0.00267006 
-0.00190018 -1.23298e-05 0.000245897 0.00713209 -0.000406447 -8.38815e-05 0.000202253 0.000157409 4.67796e-05 0.00017329 0.000606729 -0.00128056 0.000933758 0.00195766 0.000512144 -0.00202867 -0.000704042 0.000952369 0.000440705 -0.000444306 -0.00223162 -0.000362013 -0.00236557 0.000553414 6.87872e-05 0.000788294 0.000331129 0.00095334 0.000552018 0.000254024 0.00331657 -0.00305874 0.000211411 3.41416e-05 -0.00287214 -3.70903e-05 6.28748e-05 0.000310246 -0.000137459 0.000657404 1.46539e-05 0.000319069 0.00101928 0.000631995 -7.54791e-05 -1.14045e-06 -3.9377e-05 3.55112e-05 0.000146448 -0.00241597 -1.05138e-05 0.000510432 5.34225e-05 0.000684597 3.39208e-05 6.55551e-06 0.000236441 -0.000428711 3.1239e-05 -4.28443e-05 -2.83794e-05 0.000268998 -0.00127553 -9.1459e-05 0.000182835 -7.31598e-05 -0.00248541 -1.94524e-05 0.000152706 -0.000130884 0.000344859 2.38812e-05 4.18498e-05 8.51955e-05 8.17783e-06 -0.00301909 0.00115659 9.85923e-06 -0.000193952 0.000316394 0.000141219 0.000252682 7.40949e-05 6.9555e-05 0.000499512 0.000342374 3.31173e-05 0.00156614 -5.82127e-06 -0.000258085 -0.00305293 5.44148e-06 -0.00035256 -1.86854e-05 0.000434634 0.000470905 -0.000227835 7.42501e-05 -0.00107823 0.00151695 
0.0407982 0.000316638 -0.00245735 -0.000406447 0.197299 -0.00375541 0.000299608 6.66242e-05 -0.000702899 0.000371427 -0.00025659 -0.04792 -0.00628447 -0.0173549 0.00894537 0.0194709 0.00443394 -0.0299819 0.00543729 0.0538631 0.00782163 -0.0272732 0.0285052 -0.0151079 0.000242689 0.0231056 -0.0115646 -0.0041782 -0.00143244 -0.000890596 -0.039742 0.0367146 -0.00209139 -0.00072182 0.000466692 -0.00332673 -0.000407992 -0.000174103 -0.00422768 -0.000371143 -0.000669173 -0.00041049 -0.00228039 0.00829166 0.00142455 -0.000810607 -0.000717322 -0.000343181 -0.00140022 0.0307397 0.00112061 -0.00132707 -0.00160428 -0.0144579 -9.97052e-05 -2.12882e-05 -0.0174255 0.00221754 -0.00176424 -0.00116244 -0.00337989 -0.00410984 0.00785843 -0.00201368 -0.00127601 0.000246786 -0.00353439 0.00122874 0.00045944 -0.00874672 -0.0230785 -0.0078701 -0.00552163 -0.00680214 0.00748755 -0.0145111 -0.00745205 -0.000830919 0.00511935 -0.0273768 -0.00224763 0.00203889 -0.00255694 -0.024459 -0.000185756 -0.0119234 0.00037889 -0.010793 -0.00450292 0.00259866 0.0378249 5.23635e-05 -0.0149702 -0.000551716 -0.00107706 -0.000158181 -0.00624328 -0.000691977 -0.0391267 -0.0361313 
0.0177922 6.13784e-05 -0.000703593 -8.38815e-05 -0.00375541 0.0547546 -0.000497687 -0.000357106 0.000485194 0.000338272 -0.000199051 0.00496677 -0.0102825 -0.011611 -0.000860969 0.0120675 0.00944843 -0.0162798 -0.00721258 -0.00427243 0.0162845 -0.0127025 0.0159776 -0.00508485 -0.000681642 -0.00530303 -0.00400097 -0.00267842 -0.00127158 0.000858143 -0.0132262 0.0146769 -0.00041554 -0.000323322 0.0146581 0.00027593 -0.000231263 1.20741e-05 0.000206059 -0.00413571 -0.000187417 -0.00022545 -0.00104539 -0.00507394 -0.000460262 -0.000281177 -0.000736171 -0.00011295 -0.000616126 0.0165035 -0.00015471 -0.00054311 0.00124235 -0.00428167 1.58187e-05 -3.52193e-05 -0.00519215 -0.00538728 0.00104398 0.000903255 0.00215634 0.00139323 0.00100047 0.00551854 -0.000411533 -3.52492e-05 0.00395959 -0.000357591 0.000307243 0.000870536 -0.00649522 -0.00570367 -0.00152498 -0.00242444 4.45592e-05 0.000839754 0.00967174 -0.000483706 -0.00125681 -0.0140251 0.000385761 3.46383e-05 -0.000447741 -0.0109056 -0.000968004 -0.00219742 -0.000182013 -0.00251127 -0.0024683 0.00298937 0.0148445 -3.66802e-05 -0.00605881 0.000172721 -0.00101778 -0.00636394 0.00223449 -0.000152645 -0.0168655 -0.0155979 
-0.00672415 3.72272e-05 -0.000150728 0.000202253 0.000299608 -0.000497687 0.0114567 0.000183383 1.61701e-05 0.000417215 0.000164869 -0.00280576 0.000865574 0.00537627 0.00107099 -0.00472448 -0.000567151 0.00678172 -0.00431142 -0.00374715 -0.0067394 -0.00216194 -0.00691326 0.00313033 -9.37259e-05 0.00287871 0.001494 0.00388566 0.000606014 -0.0001531 0.00492825 -0.00694859 7.8053e-06 0.000378832 -0.00580196 -7.12224e-05 0.000170225 0.00140926 -0.000232198 0.00468048 3.03891e-05 0.000596164 -0.000190139 0.00203078 1.63278e-05 9.32216e-05 0.000630984 -4.53171e-05 0.000924815 -0.00687939 -8.6178e-05 1.43251e-05 5.09009e-05 0.00109109 4.56939e-05 1.97571e-05 -0.00163618 0.000778615 4.58079e-05 -1.27747e-05 -8.76671e-05 0.00100227 -0.00278344 -7.44834e-05 0.000192438 -1.05568e-05 -0.00483056 0.000622767 -0.000329469 0.000399352 -0.000272922 0.000794589 0.00134194 0.00217233 -0.000309395 -0.00674572 -0.00192279 0.000235342 0.000937101 0.00398013 0.000982497 0.00199787 -1.6702e-05 0.000122386 0.000479085 0.00134499 0.000575318 0.000225542 0.00192927 -0.000320709 -0.00676357 5.84734e-05 0.00101957 4.86804e-05 0.000174311 0.00169491 -0.00042461 -1.02974e-05 0.00246981 0.00478539 
-0.00420072 -4.10585e-05 0.000138821 0.000157409 6.66242e-05 -0.000357106 0.000183383 0.00915648 1.0924e-05 6.38099e-05 -1.66573e-05 -0.00142032 0.00124778 0.00142426 -7.35784e-05 -0.00110422 -0.000416365 0.00217629 -0.00165577 -0.00331223 -0.00436547 -0.00183833 -0.00214674 -0.000328977 -1.21458e-06 -0.0012889 0.00023115 0.00110808 0.000191372 -2.06044e-05 0.00289494 -0.00260529 0.0002291 0.000204453 -0.00358176 -2.36651e-05 0.000116029 5.92676e-05 0.00034493 0.000387071 9.22214e-05 -6.38414e-05 -7.00366e-05 -0.000373973 -3.73479e-05 0.00052072 0.000100108 5.33745e-05 0.000318615 -0.00342529 -2.12655e-05 0.000130079 -5.37803e-06 0.000287428 7.37762e-06 1.0223e-06 0.00343534 0.000717002 1.27242e-05 -4.23995e-05 0.000154476 -0.000120987 -0.00224035 -0.000128255 2.70498e-05 0.000539798 -0.00321524 7.79274e-05 9.9172e-05 -5.13811e-05 0.000756557 0.0024492 0.000731388 -0.000237361 -0.000204928 -0.00142279 -0.000432298 1.26559e-05 0.000465894 0.00319401 -2.46864e-05 9.15223e-05 -0.000113562 0.00314635 0.000422599 -9.82798e-05 3.46002e-05 0.000686083 -0.000312689 0.000323918 -0.00221634 9.57775e-05 0.000482767 -7.3029e-05 -6.77572e-05 -0.000216813 -0.000320243 0.00120446 0.00129503 0.00197607 
0.00136652 -1.34938e-05 -5.81509e-05 4.67796e-05 -0.000702899 0.000485194 1.61701e-05 1.0924e-05 0.0110051 0.000294656 5.35988e-05 -0.000816827 -0.00189919 -0.00352276 0.00212889 -0.000505758 -8.54982e-05 -0.00211052 0.00147069 -0.0014424 0.00083433 -0.00282345 0.00176938 -0.000296962 4.21301e-05 -0.00142837 -0.000566363 0.000295311 4.10374e-05 -8.2978e-05 -0.00182596 0.0011394 -5.24789e-05 0.000191879 0.000778139 0.000358262 8.76954e-05 -2.81701e-06 5.46825e-05 -0.000221847 2.85111e-05 0.000166301 5.4865e-05 -3.30288e-05 0.000463811 -3.57188e-05 9.4126e-05 4.08326e-05 8.78127e-05 0.000307257 1.74321e-05 -0.00012804 -1.72375e-05 -0.000459143 1.1776e-05 8.41371e-06 -0.00185913 -0.00108737 -3.18554e-05 0.00012279 6.62614e-06 0.000440436 -0.00139781 -8.07599e-05 -5.32589e-05 0.00132402 0.0027905 -3.49279e-05 0.000251318 -3.38377e-07 -0.000989079 -0.000809921 -0.000107423 -0.000385574 0.000120368 -0.00217577 0.00121714 -3.26251e-05 0.000616578 -0.00226367 8.24487e-06 0.000668382 -5.32943e-05 -0.00163907 0.000199275 0.00236261 -2.17159e-05 0.00143514 -0.000277432 0.00247622 0.00164433 -2.55234e-05 -0.000804896 7.00127e-05 -0.00011108 -0.000597518 -0.000138106 -2.04298e-05 -0.00304063 -0.00233478 
-0.000775232 7.55197e-06 0.000569173 0.00017329 0.000371427 0.000338272 0.000417215 6.38099e-05 0.000294656 0.012536 0.000123688 -0.00295695 -0.000863164 0.00147291 0.00056444 -0.000206624 0.00257154 0.00111195 0.00187154 -0.00224051 -0.00317287 -0.00420883 -0.000285877 -0.000432982 -2.6191e-05 -0.00152518 0.000146718 0.000170327 -4.92031e-06 -0.000111977 0.000367847 -0.00126303 5.28454e-05 0.000502921 -0.00262756 2.78353e-05 0.000370673 0.000642304 -0.000197006 0.0018177 6.74886e-06 -1.36436e-05 0.000398567 0.00206234 0.00100719 -4.58723e-05 2.9851e-05 0.000229913 0.000155555 -0.00152173 9.36583e-07 6.20807e-05 0.000367394 0.000430229 1.2633e-05 3.0046e-05 -0.0013953 0.00023892 -0.000100598 -3.62966e-05 -1.33162e-05 -9.09453e-06 -0.00177201 -0.000113076 0.000105049 0.000672717 -0.00228059 0.000503285 -0.000148902 0.000291313 -0.000760889 -0.000152428 0.000766434 -0.000224349 -0.000224869 -0.00505169 -0.0021633 4.00361e-05 0.00189395 -0.000935191 0.00130233 0.00165936 -7.97596e-05 -7.94258e-05 0.000445955 -3.88139e-05 0.000205249 0.00101408 0.00112073 0.00208856 -0.00188412 2.2831e-05 -0.000782675 0.000211591 0.000540242 -0.000554949 -0.000324304 5.05092e-05 -0.00258849 -0.000358719 
-0.00236953 8.241e-05 -0.000105025 0.000606729 -0.00025659 -0.000199051 0.000164869 -1.66573e-05 5.35988e-05 0.000123688 0.00624393 -0.00114325 0.00206948 0.00177986 0.000672776 -0.00275798 -0.000724355 0.00181215 -0.000754954 -0.00110959 -0.00293701 -6.24812e-05 -0.00297149 0.00254575 0.000610534 5.42379e-05 0.00057172 0.000683215 0.00029424 4.77978e-05 0.0020231 -0.00284969 2.22637e-05 8.6843e-05 -0.00279661 -2.28842e-05 3.33646e-05 1.28887e-05 -0.000117356 5.96166e-05 1.29498e-05 0.000198816 0.000347543 0.000157697 -5.33481e-05 4.18051e-05 0.000336002 1.97335e-05 6.07522e-05 -0.00273083 -2.7769e-05 0.000280371 4.87345e-05 0.000720641 8.99001e-06 5.39199e-05 -0.000559132 -0.000589584 0.00015842 -7.11142e-06 1.22074e-05 0.000665421 -0.000849772 -0.000103834 1.63351e-05 3.45456e-05 -0.00226006 -1.14096e-05 0.000788942 5.51148e-05 9.56433e-05 -0.000379093 0.000181419 0.000464248 0.000160774 -0.00397115 -0.000191557 0.000243975 -0.000209842 0.000772017 -1.05381e-05 0.000739092 4.61378e-05 0.000673791 0.000139526 0.00149317 6.5979e-05 0.00093094 0.00053538 -0.000135898 -0.00296199 6.54214e-05 0.00115185 0.000122716 0.000244326 0.0015029 -0.000212213 3.29979e-06 1.07847e-05 0.00214225 
0.0353915 -0.00114 -0.00118881 -0.00128056 -0.04792 0.00496677 -0.00280576 -0.00142032 -0.000816827 -0.00295695 -0.00114325 0.197174 -0.0494015 -0.0735974 -0.00626908 0.0692185 -0.00284925 -0.0702004 0.0463049 -0.0363143 0.0785704 0.0110265 0.0617195 -0.0221329 -0.00230613 -0.0706275 -0.0152402 -0.012566 -0.00852314 -0.00258617 -0.0525665 0.0601878 -0.00171944 -0.00369939 0.0858492 -0.00151808 0.000941489 -0.00185714 0.0102499 -0.0215443 -0.000849292 -0.00284963 -0.00774721 -0.0221948 -0.000884694 -0.00129069 -0.00289411 -0.000768627 -0.00334468 0.0595452 -0.00028914 -0.00269662 -0.001582 -0.0180243 -0.000156643 -0.000163467 0.0122024 -0.0296355 -0.00133472 0.00136871 0.0018307 0.0011079 0.00883732 0.00106764 -0.00159533 0.000128939 0.0838075 -0.00148335 -0.00534469 0.00124346 -0.0278256 -0.0251453 -0.00674867 -0.011294 -0.00688874 0.029627 0.0426389 -0.00165395 -0.00581833 -0.047811 0.000699779 -0.00550453 -0.00154395 -0.0315903 -0.00352325 -0.00585584 -0.0012794 -0.0148632 -0.0111498 -0.0086586 0.0659533 -5.83797e-06 -0.0253454 -0.00144222 -0.00668277 -0.022512 4.0806e-05 -0.000801916 -0.0163027 -0.0601314 
-0.091126 -0.000297436 0.00386138 0.000933758 -0.00628447 -0.0102825 0.000865574 0.00124778 -0.00189919 -0.000863164 0.00206948 -0.0494015 0.174735 0.0690007 -0.00126938 -0.100719 -0.0122755 0.0929503 -0.0635153 -0.0209688 -0.0970099 0.0040567 -0.101155 0.0358192 0.00424201 0.00326519 0.0111826 0.0190635 0.00300695 -0.0030469 0.076839 -0.0981308 0.00277159 0.000106389 -0.101532 -0.000610199 -0.000876407 -0.00137881 -0.00417929 0.00826988 -0.000444925 0.000557174 -0.00632711 0.0141459 -0.00372551 0.0025272 0.00366855 4.26582e-05 -0.000570711 -0.0941007 -0.0015885 0.00408737 -0.000565774 0.0302499 -3.43148e-05 0.000102415 0.0118094 0.0328642 -0.000125639 -0.000502557 -0.00156956 -4.94779e-05 -0.0285623 -0.00398402 0.0014574 0.000525172 -0.0847786 0.00234419 -0.000783954 -0.00558675 0.0459817 0.0331379 0.00339868 0.0174395 0.00294233 -0.0298009 -0.0337414 0.00345203 0.00185576 0.0871502 -0.00357572 0.00390487 -0.000864315 0.0681062 0.00228573 -0.00412968 0.000150349 0.00661862 0.00394431 -0.0017274 -0.103948 0.000412255 0.0636346 -0.00132659 0.00931118 0.0402997 -0.00857049 0.000455078 0.0722799 0.102377 
-0.119094 0.00196667 0.00342894 0.00195766 -0.0173549 -0.011611 0.00537627 0.00142426 -0.00352276 0.00147291 0.00177986 -0.0735974 0.0690007 0.240956 -0.00174696 -0.119075 -0.000748537 0.148626 -0.084334 -0.0171935 -0.139305 -0.0181678 -0.13328 0.0350521 0.00045716 0.00561581 0.0316106 0.0213058 0.00221557 -0.000439914 0.100474 -0.126896 0.00305814 0.00509279 -0.147183 -0.00277589 0.000297274 0.00306991 -0.00711961 0.0378315 -0.000153508 0.00432896 0.0127284 0.0450228 -0.00492648 0.00162943 0.00588542 0.000546202 0.00462241 -0.135499 -0.00209046 0.00686376 -0.00109323 0.0228876 0.000130494 0.000148612 0.0527309 0.0442667 -0.0021461 -0.00271022 -0.00371706 0.0027108 -0.0421109 -0.00385693 0.003512 -0.00113503 -0.142128 0.00329475 0.000298529 0.00509646 0.0532442 0.0530259 0.0106596 0.02337 0.00461901 -0.0403346 -0.0506168 0.00152163 0.00151816 0.113356 -0.000374961 0.00906809 -0.0034784 0.0521086 0.00634657 0.000380117 0.00161607 0.0115228 0.0201241 -0.00232088 -0.140946 0.000552335 0.0522435 0.00249261 0.00540905 0.0372952 -0.014796 -6.20919e-05 0.0876032 0.13109 
-0.00872422 0.000172355 -0.00127009 0.000512144 0.00894537 -0.000860969 0.00107099 -7.35784e-05 0.00212889 0.00056444 0.000672776 -0.00626908 -0.00126938 -0.00174696 0.0684922 -0.00398696 0.00083692 0.0116219 -0.00756489 -0.0114727 -0.0144655 -0.019467 -0.00766261 0.0076705 -0.000163908 3.61261e-05 -0.000291194 0.00938311 -0.000620009 0.00068142 -0.00464493 -0.0012872 -0.000249352 0.00251154 -0.0059689 -0.000454986 0.000897073 0.000205011 -0.000656973 0.00300633 -0.000150329 0.00262936 -0.000843182 0.00732581 0.000120108 3.58471e-05 0.000931744 -0.000169443 0.00140351 -0.0110114 -4.95941e-05 -0.000215644 0.000161153 0.00235966 0.00012281 6.54796e-05 -0.00928766 -0.00378628 -0.000322921 -2.27637e-05 -6.07916e-05 0.00128572 -0.0129654 -0.000222983 8.86315e-05 0.00277207 0.00338393 0.000749574 -0.00285868 -0.000976608 -0.00188336 -0.00257931 -0.00101257 0.00106431 -0.000897345 -0.0164357 0.00273624 0.000147191 -0.000441428 -0.00593381 -0.000209749 0.00794038 0.000208207 -0.00252729 0.000485153 0.000952577 0.00060689 0.010657 0.00680009 0.00581398 -0.00924271 0.000252146 0.000286266 0.000910272 -0.000395085 0.0062975 -0.00245996 0.000216954 -0.00853395 0.00644773 
0.131291 -0.0013251 -0.00422008 -0.00202867 0.0194709 0.0120675 -0.00472448 -0.00110422 -0.000505758 -0.000206624 -0.00275798 0.0692185 -0.100719 -0.119075 -0.00398696 0.218404 0.00318387 -0.140432 0.0911368 0.0163965 0.135228 0.0208685 0.14486 -0.0504535 -0.00530179 -0.0120058 -0.0206805 -0.0300665 -0.00738551 0.00324882 -0.111451 0.138683 -0.00487767 -0.00875694 0.137202 -0.00180501 0.000196568 -0.00327401 0.00462278 -0.0476156 -0.000548762 -0.00338881 0.00588974 -0.0408428 0.00160158 -0.00303003 -0.00800743 -0.00127854 -0.00531069 0.137851 0.00107392 -0.00428084 0.00111515 -0.0372806 -0.000278505 -0.000214193 -0.0245482 -0.0541454 0.00016183 0.00162045 0.00474909 -0.00474545 0.047705 0.000986631 -0.00405595 -0.00101182 0.111939 -0.0057431 0.00069162 -0.00209946 -0.0674117 -0.0569054 -0.0168917 -0.0280099 -0.0119336 0.0344147 0.0397756 -0.00495791 -0.0106004 -0.120258 0.000541652 -0.00585624 0.0018488 -0.0775824 -0.00798716 -0.00598693 -0.00208424 -0.00550244 -0.0148569 -0.00402845 0.143917 -0.000607088 -0.0644991 -0.000165433 -0.0124084 -0.0419113 0.00704884 -0.000614983 -0.0984124 -0.143968 
0.0234462 -0.000314716 0.00488173 -0.000704042 0.00443394 0.00944843 -0.000567151 -0.000416365 -8.54982e-05 0.00257154 -0.000724355 -0.00284925 -0.0122755 -0.000748537 0.00083692 0.00318387 0.118001 -0.0211649 -0.00649591 0.00265167 0.0216445 -0.0444913 0.0240373 -0.0101384 -0.00034696 -0.0224358 -0.00554574 -0.00255412 -0.00352357 0.00102103 -0.0214616 0.0217421 -0.0004104 0.00696064 -0.0123804 -0.00122668 0.000469668 0.00165881 -0.000294072 0.0020225 0.000600144 0.000632389 0.00347655 0.0189518 0.00082711 -0.000549943 -0.00083701 0.00142161 -0.00114488 0.0214046 1.64951e-05 -0.000922302 0.00120458 -0.00213011 8.71775e-05 -3.8613e-05 0.000746241 -0.00335331 0.000401816 0.00114042 0.00184639 -0.00259511 0.00768152 0.00038433 -0.000605989 0.000652883 -0.0028053 0.000438308 -0.00232753 -0.000114595 -0.0131142 -0.00660009 -0.000261945 -0.00482512 0.00229769 -0.00190223 -0.00972594 -0.000554562 0.00848518 -0.027252 0.000256959 -6.97182e-05 -0.000862193 -0.0111416 0.000509705 -0.00691939 -0.000278036 0.000671572 0.00292523 0.0150064 0.0158759 -0.000311999 -0.00866596 0.00022741 -0.000952232 -0.0129073 0.00166772 0.000279508 -0.0355787 -0.028626 
-0.171245 0.000811227 0.00389498 0.000952369 -0.0299819 -0.0162798 0.00678172 0.00217629 -0.00211052 0.00111195 0.00181215 -0.0702004 0.0929503 0.148626 0.0116219 -0.140432 -0.0211649 0.220688 -0.101525 -0.0358062 -0.174611 0.00538919 -0.178377 0.0551424 0.000895647 0.014409 0.0428884 0.0302358 0.00106052 -0.00335136 0.134029 -0.164559 0.00383584 0.00622994 -0.152247 -0.00196723 0.000364675 0.00285065 -0.00613658 0.0452558 -0.000587498 0.00405992 0.00396481 0.0284074 -0.00341028 0.00294103 0.00695434 -0.000171922 0.00597498 -0.181354 -0.00195026 0.00725412 -0.000937354 0.043301 0.00019163 0.000192381 0.0463462 0.0587688 -0.00166434 -0.00246401 -0.00509861 0.00380702 -0.0699902 -0.00627247 0.00474303 0.000874183 -0.135612 0.00698249 -0.00566981 0.0103472 0.0717797 0.0639589 0.015934 0.0259701 0.00163731 -0.0391157 -0.0468716 0.00511678 0.00438425 0.148766 -4.39893e-05 0.00983115 -0.00340255 0.0793066 0.0064766 -0.00151409 0.00208626 0.0054171 0.0213888 -0.00531354 -0.176591 0.00161233 0.0664104 -8.73141e-05 0.0107891 0.0637927 -0.0118974 0.000679915 0.120422 0.175131 
0.0840835 -0.000974968 -0.00358123 0.000440705 0.00543729 -0.00721258 -0.00431142 -0.00165577 0.00147069 0.00187154 -0.000754954 0.0463049 -0.0635153 -0.084334 -0.00756489 0.0911368 -0.00649591 -0.101525 0.249744 -0.0407864 0.0979867 0.0206745 0.0901015 -0.0353112 -0.00124217 -0.0406819 -0.0313769 -0.0216112 -0.00509187 -0.000444754 -0.0740702 0.0918543 -0.000368707 -0.00264465 0.0903734 0.00166938 9.70732e-05 -0.00190993 0.00377505 -0.0252291 -0.00146167 -0.00461526 -0.00571088 -0.0138464 0.00431681 -0.00227557 -0.00414955 -0.000163208 -0.00156485 0.0814688 0.0018159 -0.00395925 -0.00249571 -0.0305021 -0.000268007 -5.31451e-05 -0.000851071 -0.0343523 0.000392741 0.000577646 0.00426011 0.00184398 -0.0301369 -0.00667444 -0.00331154 0.000855808 0.0872194 -0.00447697 0.00484592 -0.00396498 -0.0423837 -0.038205 -0.00989173 -0.0188373 -0.0108793 0.0161498 0.0499275 -0.00253565 -0.0029975 -0.080853 0.000563596 -0.00384661 0.00208933 -0.0363747 -0.00694714 -0.0099716 -0.00163038 0.00644283 -0.00699315 0.00574528 0.102671 -0.00148071 -0.0476388 -0.00289742 -0.010128 -0.0262414 -0.000800239 -0.000983263 -0.0707803 -0.097382 
0.0600463 0.00122128 -0.00727252 -0.000444306 0.0538631 -0.00427243 -0.00374715 -0.00331223 -0.0014424 -0.00224051 -0.00110959 -0.0363143 -0.0209688 -0.0171935 -0.0114727 0.0163965 0.00265167 -0.0358062 -0.0407864 0.248785 0.0273025 0.0215232 0.0377309 0.00394921 -0.000121896 0.0451144 -0.00594393 -0.0146149 0.00430645 -0.00167584 -0.0294471 0.0377029 -0.00269755 -0.00142023 0.00993346 -0.00146151 -0.00196229 -0.00230399 -0.00410422 -0.00906759 0.000670997 0.00160164 0.00878603 -0.015491 -0.001866 -0.0013944 -0.00432443 0.000239767 -0.00404516 0.0441119 0.000394114 -1.35346e-05 6.86448e-05 -0.0201025 -4.24982e-05 2.24698e-05 -0.0827273 -0.00560221 -0.00155378 -0.000907187 -0.00445222 -0.00795868 0.0803644 0.00324155 -0.000882256 -0.00604103 -0.00378871 -0.00148849 -0.00410992 -0.00829309 -0.0342838 -0.0269773 -0.0066065 0.0107258 0.0148734 0.009507 -0.0342716 -0.000732964 -0.0105196 -0.0396097 -0.0016833 -0.00586757 -0.0029946 -0.0577899 -0.00168827 0.00503192 -0.000559453 -0.0153192 -0.00608767 -0.0120663 0.0298611 -4.62143e-06 -0.00655562 0.0020866 0.00122473 -0.00935435 -0.00111143 -0.00227448 -0.0288016 -0.0418904 
0.154503 -0.00137443 -0.00552202 -0.00223162 0.00782163 0.0162845 -0.0067394 -0.00436547 0.00083433 -0.00317287 -0.00293701 0.0785704 -0.0970099 -0.139305 -0.0144655 0.135228 0.0216445 -0.174611 0.0979867 0.0273025 0.230265 -0.00651563 0.164542 -0.0544057 -0.00423325 -0.0267673 -0.0407108 -0.0314009 -0.00789912 0.000813575 -0.127973 0.156042 -0.00428683 -0.00633557 0.143865 0.00136271 -0.000759249 -0.0027479 0.00653367 -0.041164 -0.000383587 -0.00533816 -0.0127351 -0.0285426 0.00221011 -0.0030349 -0.0070115 -0.00033423 -0.00628177 0.163467 0.00174772 -0.00624767 -0.00146847 -0.0479444 -0.000307504 -0.000497517 -0.0377659 -0.0517504 0.000649428 0.00246809 0.00343756 -0.00368192 0.0565438 0.0060978 -0.00455061 -0.00323403 0.136637 -0.00617285 0.0043899 -0.00468859 -0.0697888 -0.0609109 -0.0153965 -0.026419 -0.00190016 0.0544945 0.0494555 -0.00503938 -0.00299991 -0.135344 0.00131138 -0.0135626 0.00159159 -0.0830072 -0.00855659 -0.00502524 -0.00265203 -0.00982915 -0.0212507 0.00584236 0.165861 -0.001537 -0.0619685 -0.00231438 -0.0131956 -0.058814 0.0124906 -0.00182854 -0.110226 -0.161823 
-0.00791222 -0.00134094 -0.00275733 -0.000362013 -0.0272732 -0.0127025 -0.00216194 -0.00183833 -0.00282345 -0.00420883 -6.24812e-05 0.0110265 0.0040567 -0.0181678 -0.019467 0.0208685 -0.0444913 0.00538919 0.0206745 0.0215232 -0.00651563 0.19273 -0.016396 0.00773809 -0.000204198 0.0330798 0.00754896 -0.0137358 0.00207504 -0.000117358 0.0274476 -0.00740089 -0.00152865 -0.00903961 0.0130975 -0.000587185 -0.000410822 -0.00469129 -0.00169224 -0.0235448 -0.00150751 -0.00401624 0.00103748 -0.0356199 -0.00143969 0.000302844 -0.00363533 -0.00258059 -0.00162143 -0.0110311 -0.00282349 0.00153106 -0.00124926 0.00393781 -0.000361183 -4.48062e-05 -0.028422 -0.0146125 0.00162265 -0.00224943 -0.00364191 -0.00333379 -0.00546126 -0.00828671 1.51131e-05 -0.0056101 -0.00882813 -0.00487998 -0.00728597 -0.00288127 0.00661449 -0.00954663 -0.00150365 0.00167713 -2.64638e-05 0.0189279 -0.00442929 -0.000484288 -0.018038 0.0192237 -0.00462736 -0.00540338 0.000495619 -0.00392982 -0.00265233 0.00481775 -0.00166148 -0.00638327 -0.00186879 -0.0286455 -0.00402241 -8.23132e-05 -0.00274712 -0.0034453 0.00136012 0.0189128 0.0041281 -0.0015034 0.0288997 0.0130985 
0.16963 -0.00115038 -0.00304888 -0.00236557 0.0285052 0.0159776 -0.00691326 -0.00214674 0.00176938 -0.000285877 -0.00297149 0.0617195 -0.101155 -0.13328 -0.00766261 0.14486 0.0240373 -0.178377 0.0901015 0.0377309 0.164542 -0.016396 0.219043 -0.0581927 -0.00217026 -0.0145621 -0.0415918 -0.0315453 -0.00356761 0.00240088 -0.131762 0.165438 -0.00395811 -0.00653815 0.152243 0.00196474 -0.000708972 -0.00221195 0.00519541 -0.0422557 7.09577e-05 -0.00348672 -0.00173533 -0.0260927 0.00206552 -0.00320519 -0.00757975 -0.000353301 -0.00670293 0.182396 0.00117546 -0.00721418 0.000582785 -0.0433971 -0.000259208 -0.000278635 -0.0472728 -0.0615646 -0.000588126 0.00175729 0.00497742 -0.00847782 0.0654488 0.0061667 -0.00498593 -0.000332089 0.127203 -0.00658365 0.00403694 -0.011317 -0.0726235 -0.0651439 -0.0172115 -0.0278913 -0.00321245 0.0330407 0.0420743 -0.00547053 -0.00431062 -0.153665 0.00110097 -0.00994948 0.000468002 -0.0794704 -0.00836099 0.00039139 -0.00261401 -0.00313908 -0.0164061 0.00984274 0.173672 -0.00163505 -0.067869 0.00129729 -0.0114273 -0.0656414 0.00962436 -0.000614272 -0.124448 -0.175202 
-0.0530826 0.00129366 -0.000711052 0.000553414 -0.0151079 -0.00508485 0.00313033 -0.000328977 -0.000296962 -0.000432982 0.00254575 -0.0221329 0.0358192 0.0350521 0.0076705 -0.0504535 -0.0101384 0.0551424 -0.0353112 0.00394921 -0.0544057 0.00773809 -0.0581927 0.0816663 0.00180095 0.0181674 0.0117827 0.0148008 0.00626068 -0.000599565 0.038345 -0.0554833 0.00114956 0.00279656 -0.0499559 -0.000287071 -0.000205913 -0.000624936 -0.00169564 0.0053302 -0.000151345 0.00386287 0.00228708 0.00401154 -0.0016564 0.000359881 0.00169979 -0.000230596 0.00214623 -0.0558547 -0.000619947 0.0020492 0.000149599 0.0167802 0.000167596 0.000125839 -0.0169163 0.0145035 -0.000186871 -0.000709914 -0.000977381 0.00465753 -0.0218083 -0.00178471 0.000367769 -0.000193612 -0.0392614 0.00318451 -0.00271352 0.00221124 0.00765156 -0.00481158 0.00159035 0.032343 0.00659689 -0.0228242 -0.0134321 0.00483282 -0.0012169 0.0338405 -0.000127372 0.00414582 -0.00124563 0.0115662 -0.000890412 0.00855953 0.000805772 -0.000723458 0.0139735 -0.00220166 -0.0591738 0.000614859 0.0326138 -0.000367833 0.00274678 0.0273709 -0.00325718 0.00084778 0.0320246 0.0521858 
-0.00121163 -5.78555e-05 -0.000175251 6.87872e-05 0.000242689 -0.000681642 -9.37259e-05 -1.21458e-06 4.21301e-05 -2.6191e-05 0.000610534 -0.00230613 0.00424201 0.00045716 -0.000163908 -0.00530179 -0.00034696 0.000895647 -0.00124217 -0.000121896 -0.00423325 -0.000204198 -0.00217026 0.00180095 0.0136562 0.00180563 -0.000400904 0.00028529 3.12763e-05 -0.000129002 0.000969914 -0.00174102 -4.88984e-05 4.62046e-05 -0.00221649 0.000477635 -6.82768e-05 -7.10325e-05 -0.00019463 -0.000812063 0.000101334 0.000331498 2.81617e-05 -0.000603938 -0.000176991 4.87358e-06 -7.70616e-05 3.08787e-05 -0.000109391 -0.00157261 -8.65496e-05 5.04926e-05 -2.91942e-05 0.000133949 7.43455e-06 4.05052e-06 -0.00305475 0.000191347 0.000112893 1.93006e-05 3.67415e-05 -0.00012273 0.000106895 -0.00015499 -5.84146e-05 0.00029023 -0.00359375 0.00014577 0.000748727 -0.00014576 4.55414e-05 6.09117e-06 -0.0001915 0.000781136 0.00247261 -0.00193475 -0.00065713 7.04666e-06 -0.000204531 -0.000688474 -0.000161374 -0.00021554 0.00116113 0.00224607 7.63697e-05 0.000783027 1.02215e-05 -0.00032956 -4.80775e-06 0.000483424 -0.00201016 9.7092e-05 0.00174999 0.000213182 0.000111465 0.00119268 -0.000278716 0.000316507 -0.000414369 0.00116722 
0.00364671 -0.00112923 -0.00745104 0.000788294 0.0231056 -0.00530303 0.00287871 -0.0012889 -0.00142837 -0.00152518 5.42379e-05 -0.0706275 0.00326519 0.00561581 3.61261e-05 -0.0120058 -0.0224358 0.014409 -0.0406819 0.0451144 -0.0267673 0.0330798 -0.0145621 0.0181674 0.00180563 0.24931 -0.00290422 0.00274526 0.0131665 0.00321744 0.0096753 -0.0162947 -0.00252915 -0.00397826 -0.0129887 0.00362935 -0.00210682 -0.00161151 -0.0060296 0.00490042 -0.000127982 0.00187179 0.00638781 -0.0235872 -0.00107287 -0.000708501 -0.00327951 -0.00174612 6.69989e-05 0.000188403 -0.00328544 -0.00145014 0.0021893 0.00598517 9.71516e-06 7.58377e-05 -0.0555015 0.00281906 0.000165654 -0.00302941 -0.00579184 -0.00545469 0.011948 -0.00284626 -0.00191046 -0.00618308 -0.0336196 0.00101316 -0.00496574 0.00341298 -0.00412752 -0.0086806 -0.00105584 0.0113469 0.00503483 -0.00538499 -0.000980288 0.00165861 -0.0127288 0.00474865 -0.00495958 -0.00808683 0.000801048 -0.0171525 -0.00659357 0.00752001 -0.00059951 -0.0119703 -0.000224164 -0.0186333 -0.0128442 0.000193735 0.0108602 -0.00144695 -0.000411563 0.00735706 -0.00181722 -0.00075398 -0.0137174 0.0161123 
-0.0402493 6.8748e-05 -6.5628e-06 0.000331129 -0.0115646 -0.00400097 0.001494 0.00023115 -0.000566363 0.000146718 0.00057172 -0.0152402 0.0111826 0.0316106 -0.000291194 -0.0206805 -0.00554574 0.0428884 -0.0313769 -0.00594393 -0.0407108 0.00754896 -0.0415918 0.0117827 -0.000400904 -0.00290422 0.079773 -0.000337494 -8.32446e-05 0.000122842 0.0335159 -0.0354116 -0.000415457 0.000453093 -0.0382821 -0.00107643 0.00144551 0.000793331 -0.00131583 0.00630033 4.37026e-05 0.00138727 0.00878727 0.00292726 -1.98967e-05 0.000854826 0.00178077 -0.000157301 0.00191148 -0.0443852 -0.000563503 0.00171488 0.00159102 0.0209628 9.56625e-05 -4.33964e-07 0.0041439 0.00692827 -0.000758531 -0.000407067 -0.00124428 0.000899003 -0.0143351 -0.00155734 0.00166408 -0.000537208 -0.032396 0.00121153 -0.000688797 0.00212982 0.0248455 0.0107745 0.00955518 0.00153409 6.41586e-05 -0.0178831 -0.0106271 0.000958804 -0.00156049 0.0306217 0.000799103 0.00269877 -0.00100611 0.0154631 0.00467983 0.00311432 0.000877318 -0.000745318 0.00702857 -0.00345583 -0.0435866 0.000180317 -0.000954183 0.00071124 0.0024727 0.0189086 -0.00256206 0.000564018 0.0162423 0.0360391 
-0.0305021 0.000300186 0.00244202 0.00095334 -0.0041782 -0.00267842 0.00388566 0.00110808 0.000295311 0.000170327 0.000683215 -0.012566 0.0190635 0.0213058 0.00938311 -0.0300665 -0.00255412 0.0302358 -0.0216112 -0.0146149 -0.0314009 -0.0137358 -0.0315453 0.0148008 0.00028529 0.00274526 -0.000337494 0.04788 0.00561064 -0.000403236 0.0221731 -0.0320397 0.00123641 0.00338965 -0.0276564 0.000221554 0.000141926 0.0016248 -0.00103218 0.0101282 0.00025622 0.00427666 0.000268676 0.013027 -0.000792124 0.000341781 0.00219 0.000273656 0.00276426 -0.0303106 -0.000263353 0.000481878 -0.000352118 0.00256128 0.000189981 4.04092e-05 0.0029538 0.00334958 6.59392e-05 -0.000179362 -0.000115861 0.00481897 -0.0104024 -0.000176346 0.0007028 0.00229909 -0.0222188 0.00181467 -0.00140156 0.000744605 0.00961658 0.00869602 0.000257201 0.00874465 -0.000863886 -0.0148678 -0.00837234 0.000623082 0.00115983 0.0123139 0.000906917 0.00636958 -0.00031621 0.0162394 0.00112615 0.000228277 0.00148746 0.00753342 0.00227413 0.000167717 -0.0328234 0.000146956 0.0112986 0.000378477 0.00292643 0.00168856 -0.00192982 0.000319021 0.0140247 0.0302961 
-0.000751183 0.000493519 -7.7511e-06 0.000552018 -0.00143244 -0.00127158 0.000606014 0.000191372 4.10374e-05 -4.92031e-06 0.00029424 -0.00852314 0.00300695 0.00221557 -0.000620009 -0.00738551 -0.00352357 0.00106052 -0.00509187 0.00430645 -0.00789912 0.00207504 -0.00356761 0.00626068 3.12763e-05 0.0131665 -8.32446e-05 0.00561064 0.0390813 0.000415362 0.00771129 -0.00694252 0.000307477 -0.000681467 -0.00506859 0.00193654 -9.45601e-05 7.18138e-05 -0.000490202 -0.00259643 4.77344e-05 0.00060879 0.00239531 -0.00417463 -0.000623832 -0.000165434 -0.000396776 -7.91593e-05 0.00052879 -0.00230398 -0.000248435 0.000174686 0.00119448 0.00227067 0.000218004 6.54826e-05 -0.00660094 -0.0043901 5.77394e-05 6.45072e-05 -0.000742436 -0.000175122 0.000135003 0.00105824 -0.00013733 -0.000448058 -0.0074058 -0.000167899 -1.48161e-05 -0.00127013 0.00179415 -0.00242988 -0.000534655 0.00505612 -2.74154e-05 -0.0117017 -0.00103223 -9.48098e-05 -0.00123521 -0.00389079 -6.29586e-05 -0.000892652 0.000206553 -0.00337589 -0.000329452 0.00733013 0.000834149 -0.00151015 0.000336225 -0.00110677 -0.00554206 -0.000138142 0.00166385 0.000401139 0.00159164 0.00179734 -0.00125998 0.000506643 -0.0021293 0.00290164 
0.00397612 -9.03503e-05 -0.000159052 0.000254024 -0.000890596 0.000858143 -0.0001531 -2.06044e-05 -8.2978e-05 -0.000111977 4.77978e-05 -0.00258617 -0.0030469 -0.000439914 0.00068142 0.00324882 0.00102103 -0.00335136 -0.000444754 -0.00167584 0.000813575 -0.000117358 0.00240088 -0.000599565 -0.000129002 0.00321744 0.000122842 -0.000403236 0.000415362 0.0168203 -0.000546479 0.00130689 -5.17252e-05 -0.000309693 -0.00138547 8.23231e-05 5.27471e-05 -5.83234e-05 -9.20102e-05 -0.000648248 0.000116697 -3.80386e-05 0.00177858 -0.00100652 -0.000232492 -8.06296e-05 -0.000221432 5.51069e-05 -9.11715e-05 0.00307858 -0.000108063 0.000244288 0.000499583 -0.000224238 2.61929e-05 -1.14302e-05 -0.00234973 -0.00182439 5.64282e-05 4.18747e-05 0.000194913 -0.00030124 -0.000582982 0.000139784 -0.00011915 -1.51592e-05 0.000101103 -0.000185891 0.000675406 -0.000552263 -0.00112075 -0.00155154 -0.000255092 -0.000577961 7.91159e-05 -0.00218411 0.00169063 -0.000137173 -0.000489684 -0.00336194 9.06532e-05 -0.000220543 0.000135801 -0.00279665 0.000159807 -0.00042432 -5.12216e-05 0.00116697 0.000849154 6.52397e-05 0.00120573 0.000110542 -0.00171452 -6.61033e-06 0.000251036 -6.79955e-05 0.000560824 0.000245476 -0.00504718 -0.00359238 
-0.126777 -0.000174302 0.00337664 0.00331657 -0.039742 -0.0132262 0.00492825 0.00289494 -0.00182596 0.000367847 0.0020231 -0.0525665 0.076839 0.100474 -0.00464493 -0.111451 -0.0214616 0.134029 -0.0740702 -0.0294471 -0.127973 0.0274476 -0.131762 0.038345 0.000969914 0.0096753 0.0335159 0.0221731 0.00771129 -0.000546479 0.191336 -0.140987 0.00483665 -0.00135736 -0.113511 -0.00181641 -0.000644214 0.00191291 -0.00499436 0.02702 -1.51147e-05 -0.000513402 0.00565367 0.00807836 -0.00327338 0.00295167 0.00301392 0.000432359 0.00457282 -0.133757 -0.00156694 0.00656441 0.000425279 0.0527423 0.000145009 0.000156398 0.0377947 0.0200007 -0.00104963 -0.00198408 -0.00429334 0.00196519 -0.0445784 -0.00354439 0.00490942 -0.000914615 -0.106325 0.00131163 -0.00168302 -0.00160908 0.0719256 0.0477148 0.0142572 0.0165243 0.0012964 -0.0465008 -0.0313788 0.000484362 -0.00315525 0.118637 -0.00115466 0.00403353 -0.00286205 0.0793255 0.00802257 0.000655392 0.000628344 0.00808363 0.0145447 -0.00891701 -0.136556 0.000665247 0.0372295 -0.0014672 0.0135648 0.0426723 -0.00996888 0.00144026 0.0921459 0.128284 
0.159467 -0.00122711 -0.00434423 -0.00305874 0.0367146 0.0146769 -0.00694859 -0.00260529 0.0011394 -0.00126303 -0.00284969 0.0601878 -0.0981308 -0.126896 -0.0012872 0.138683 0.0217421 -0.164559 0.0918543 0.0377029 0.156042 -0.00740089 0.165438 -0.0554833 -0.00174102 -0.0162947 -0.0354116 -0.0320397 -0.00694252 0.00130689 -0.140987 0.203772 -0.00512279 -0.00491243 0.144959 0.00105118 1.09931e-05 -0.00288691 0.00526091 -0.0390876 -0.000236208 -0.00351734 -0.00469723 -0.0214287 0.0030074 -0.00343185 -0.00783549 -0.000969227 -0.0064624 0.165066 0.00154607 -0.00813388 0.000587567 -0.0504499 -0.000299367 -0.000331177 -0.0521932 -0.0537696 0.000310858 0.00112997 0.00429348 -0.00360528 0.0593349 0.00474043 -0.00509969 -0.00095099 0.116325 -0.00689979 0.00188155 -0.0041555 -0.0761232 -0.0633201 -0.0173937 -0.0280882 -0.000971747 0.0462706 0.0411953 -0.00452673 -0.00338394 -0.146483 0.000557894 -0.00891936 0.00256159 -0.0843002 -0.00908181 -0.00315282 -0.0021932 -0.00387994 -0.0174535 0.00779278 0.171157 -0.00132814 -0.0698736 -0.000235479 -0.0129223 -0.0529326 0.0104648 -0.00165282 -0.114842 -0.159227 
-0.00432692 -1.24653e-05 0.000588761 0.000211411 -0.00209139 -0.00041554 7.8053e-06 0.0002291 -5.24789e-05 5.28454e-05 2.22637e-05 -0.00171944 0.00277159 0.00305814 -0.000249352 -0.00487767 -0.0004104 0.00383584 -0.000368707 -0.00269755 -0.00428683 -0.00152865 -0.00395811 0.00114956 -4.88984e-05 -0.00252915 -0.000415457 0.00123641 0.000307477 -5.17252e-05 0.00483665 -0.00512279 0.00877764 -2.07881e-05 -0.00391399 0.000169139 -2.55385e-05 4.75491e-05 -0.00014103 0.000639368 1.89796e-05 -4.23619e-05 -0.000232303 0.000706888 -0.000101615 6.1093e-05 2.11803e-05 4.59296e-05 0.000580257 -0.00441761 -6.62445e-05 9.00582e-05 -4.23051e-05 0.00164872 4.0144e-06 1.56351e-05 0.00332181 -0.000138313 -7.98586e-05 -5.95413e-05 -7.46137e-05 0.000134378 -0.00172937 -7.50628e-05 3.34226e-05 6.03945e-05 -0.00327484 5.51479e-05 0.000491051 -0.000144383 0.00379062 0.00055664 0.000244661 8.84228e-05 -0.000187176 -0.00233935 -0.00134858 -4.33174e-05 -0.000223951 0.00357602 0.000114532 0.000184943 -0.00011801 0.00460388 6.42853e-05 -0.000269384 -2.65611e-05 0.000353152 0.000472813 -5.52088e-05 -0.00432238 4.50859e-05 0.000537649 4.24186e-05 0.000200451 0.00161137 -0.000315973 0.000634173 0.00253615 0.00410541 
-0.00525097 0.00016845 0.000581728 3.41416e-05 -0.00072182 -0.000323322 0.000378832 0.000204453 0.000191879 0.000502921 8.6843e-05 -0.00369939 0.000106389 0.00509279 0.00251154 -0.00875694 0.00696064 0.00622994 -0.00264465 -0.00142023 -0.00633557 -0.00903961 -0.00653815 0.00279656 4.62046e-05 -0.00397826 0.000453093 0.00338965 -0.000681467 -0.000309693 -0.00135736 -0.00491243 -2.07881e-05 0.0238902 -0.00790337 -0.000178383 0.000525338 0.000652502 -0.00027197 0.00291259 9.57191e-05 0.00161853 0.000897588 0.00594601 0.000575463 -4.43841e-05 6.44704e-05 0.000527436 0.00125212 -0.00647062 -0.000163667 0.000477381 0.000174868 4.60405e-05 8.52152e-05 4.73707e-06 -0.00256049 0.00330532 -0.000167884 -8.61256e-05 -0.000301883 0.000622573 -0.00452579 0.000101485 -1.166e-05 0.000831974 -0.00536369 0.000905063 -0.000345861 0.00278714 -0.000288466 0.00252501 0.00146225 0.000257239 0.000965105 -0.00340386 -0.00284078 0.00127756 0.00296185 -0.000498377 0.000147521 0.0019821 -0.000196848 0.00155552 0.00113233 -0.00119933 0.000562807 0.00241415 0.00108285 0.000679626 -0.00786587 -6.80305e-05 0.00233992 0.000562633 0.000129794 -0.000368293 -0.000636868 0.000311733 -0.00294817 0.00431548 
