0.0681092 0.00151526 -9.68006e-05 -0.000570816 -0.000770681 0.000357522 -0.000806837 -0.018929 0.00690655 -0.000567057 -0.00436438 0.0246917 -0.0119107 -0.00513645 0.00259763 -0.00648083 -0.0124813 0.00602583 0.0196719 -0.00209663 -0.0289359 0.00242593 0.00537031 0.00440426 0.00401455 0.00072748 -0.0158056 -0.00166834 0.00403549 0.0156752 -0.0102974 0.000374326 0.0313607 -0.00675529 0.0014652 -0.00031004 -0.00029784 -0.0167967 -0.00622439 0.00339804 0.00185643 -0.00698886 0.0165293 -0.00102546 0.00158463 -0.000500809 -0.000156681 -4.78637e-05 -0.019266 0.00051307 0.000199715 -0.00109921 0.000158933 0.011909 -0.000514025 0.00323831 -0.00185844 0.0059925 -0.0147836 -3.61058e-05 -0.0185667 -0.004351 -0.000340624 -0.0125559 -8.89239e-05 -0.00818922 0.00382365 -0.00177593 -0.000481988 -0.0106072 -0.00140665 -0.000166936 5.0269e-06 -0.00893791 0.000784523 -0.0263635 -0.00455241 0.00694254 0.00206396 -0.000777118 7.40233e-05 0.0189749 -0.00300196 0.00406051 -0.0021454 0.000499324 0.000434567 -0.000998323 -0.000934316 -0.0252355 -0.000118227 -0.00279819 0.00994938 0.0248076 -0.000134151 0.0109457 0.000367446 0.0109104 -0.00173494 -0.00590943 
0.00151526 0.0701922 -7.99641e-06 -0.000929764 -0.000458165 0.000680602 -0.00595307 -0.0149515 0.000850761 0.000104778 -0.0057256 0.0423897 -0.00204671 -0.00333668 -0.00412975 0.00407667 0.00655515 0.00572318 0.0118609 0.00546339 -0.0312333 -0.00378536 -0.002492 -0.00744384 -0.000434208 -0.00222498 -0.00429069 -0.0012408 0.002958 0.0107521 0.00283841 -0.00210154 0.000180733 -0.00926245 0.000213656 0.00121951 2.60438e-05 -0.012165 -0.00557452 -0.00176344 0.000848018 0.0109372 0.0127888 -8.64119e-05 -1.24017e-05 -0.000394215 0.000120184 -0.00718579 -0.0179242 -0.00721501 0.00432186 -0.000757085 -0.00329468 0.0100936 -0.000519161 -0.00155108 -9.12168e-05 0.000442397 -0.0158099 -0.000152575 -0.0147334 -0.0042933 -0.000451208 -0.00856153 0.0091693 -0.0068057 0.0113166 -0.00442009 9.51181e-05 -0.0131891 0.000968153 0.000936412 0.00985854 -0.00929662 -0.000577743 -0.0291849 -0.00384333 0.000635557 0.000610628 0.00485725 -0.000421348 0.0155006 -0.00121947 -0.00106865 -0.00157823 0.00138897 0.00264912 0.0106393 -0.000425191 -0.0211813 -0.00121732 -0.00197734 0.000154224 0.0162839 -0.000338067 0.015587 -0.000418087 -0.00324998 1.28481e-05 -0.0028197 
-9.68006e-05 -7.99641e-06 0.00195034 2.61457e-05 7.632e-05 3.16872e-06 -3.0466e-05 -0.000184123 -0.000837814 1.56811e-05 -4.61745e-05 -0.000234609 0.000473148 -0.000167895 -0.000220229 0.000471806 0.000517819 -4.65075e-05 -0.000134714 -0.000522623 4.56738e-05 -0.000195236 -0.00072481 -0.000107871 0.000238905 0.000310184 -0.000271756 0.000203195 1.89935e-05 -0.000260911 0.000120644 -2.77632e-05 -0.000238566 -0.000157624 3.64103e-05 8.12763e-05 2.62615e-05 -0.000246448 4.74136e-05 -0.000296213 -9.87007e-05 -7.83623e-05 -0.000240773 9.81397e-05 4.45287e-06 2.71238e-06 3.26536e-05 -0.000185798 0.000342001 -0.000145295 -0.00032229 4.2675e-05 -0.000103126 -0.000398343 4.13866e-05 -6.68235e-05 0.000154427 -1.57397e-05 -0.000326387 -4.3731e-06 2.32284e-05 -0.000135303 3.32264e-06 -0.000396228 -1.23999e-05 0.000477614 0.000198749 0.000133766 7.22747e-06 -0.000109601 2.82646e-05 0.000188809 0.000283591 0.000295059 -3.80936e-06 0.000287175 5.35144e-05 -3.91131e-05 0.000159594 0.000184578 1.99847e-05 -0.000132634 0.000146692 -1.48945e-06 0.000114713 2.73665e-05 9.18491e-05 -0.000339773 -1.58672e-05 0.000355754 1.76903e-05 8.59044e-05 -4.14649e-05 -0.000339304 -8.4385e-06 0.000158809 4.25555e-05 -4.24765e-05 3.17237e-05 -0.000138311 
-0.000570816 -0.000929764 2.61457e-05 0.0160416 2.73162e-05 3.20742e-06 -0.00069888 -0.0032423 -0.00594116 0.000190826 0.00249368 -0.00301601 0.0046169 -0.000430127 0.00158641 -0.000327345 -0.00226246 -0.00212316 -0.00164857 -0.00534747 0.00428174 0.00206315 -0.00448857 0.00447342 -0.00199355 0.00264705 -0.00470722 -0.000105727 3.78871e-06 -0.00561354 -0.000832805 0.000835915 -0.00338922 -0.000659453 0.000121064 -9.54029e-05 -6.98901e-05 -0.00335882 -0.000629107 0.00163497 -0.00113411 -0.000304062 -0.00141455 -0.000186131 -8.15169e-05 0.000435685 -6.87056e-05 0.00202517 0.00510736 0.000612367 0.0010229 0.000118378 -0.0008372 -0.00625446 0.000284443 0.000260809 -0.000152601 -0.000327967 -0.00268386 -3.64432e-06 0.00361411 0.00171778 -7.14553e-05 -0.00255375 -0.000386312 0.00484906 -0.000119343 0.000470818 0.000276215 0.00534961 9.53233e-05 3.08736e-05 -0.00108852 0.00677652 4.24744e-05 -1.97798e-05 -0.000545105 -0.000517892 -0.00348688 -0.000216741 7.0498e-05 -0.000875057 4.72386e-05 -0.000321952 0.0039205 -0.000168922 -0.00034741 -0.00121664 0.000378519 0.00119101 -4.55699e-05 0.00304703 -0.00072759 -0.00228877 -9.47065e-05 -0.0014518 -0.000132623 5.23906e-05 2.92032e-06 -0.000240226 
-0.000770681 -0.000458165 7.632e-05 2.73162e-05 0.0117145 1.29269e-05 0.000719449 -0.00265273 -0.00387511 -6.34439e-05 5.86059e-05 -0.00274151 0.00518168 -0.00100426 -0.000328817 -0.000600496 -3.35542e-05 -0.00146255 -0.00126485 -0.00510591 0.00268546 -0.000512588 -0.00546826 0.00315015 -0.000945703 0.00122935 -0.00308919 1.51551e-05 -0.000225121 0.00269019 0.000805077 0.00043856 -0.00176021 -0.000896729 7.80145e-05 -0.000170381 -6.85982e-05 -0.00207192 -0.000587826 -0.00187472 -0.000972261 -0.0013232 -0.00154277 0.000332902 5.63538e-05 0.000380333 8.51934e-05 0.00051957 0.00583356 -0.000926146 -0.00211107 0.000650418 -0.000529826 -0.00455439 7.74512e-05 -0.00050593 -0.000188825 -0.000486496 -0.00189364 0.000192222 0.00495137 0.00150534 -6.30374e-06 -0.00317451 -0.000230411 0.00517419 -1.28663e-05 0.000933962 0.000347976 0.00271658 0.00072116 -3.60506e-05 0.000139641 0.00610297 -0.000125754 0.00311574 -0.000668821 -0.00034441 -0.00044572 0.000105925 7.49617e-05 -0.00112954 -0.000480662 -0.000447054 -0.000293396 0.000191542 -0.00035812 -0.0015331 5.82513e-05 0.0038591 -0.000653048 4.55534e-05 -0.000390758 -0.00266401 -8.99094e-05 -0.000818603 -0.000129726 -0.000165623 4.37912e-05 0.000167483 
0.000357522 0.000680602 3.16872e-06 3.20742e-06 1.29269e-05 0.00313279 -0.000108358 -0.000320636 -0.000833078 5.42815e-05 -0.000110632 0.00078959 4.43024e-05 0.000239261 -0.000133911 5.79796e-05 0.000290736 -6.4115e-05 0.000681296 -5.16211e-05 -0.00111412 9.75889e-05 -0.000292826 -0.000495198 -9.42999e-05 -0.000245985 -0.000172033 0.000102974 0.000123241 -0.000570627 0.00026088 -7.89831e-05 -0.00022571 -0.000109188 5.13807e-06 0.000247739 0.000112993 -0.000190694 -0.000113101 -0.000511113 -2.1993e-05 -0.000302693 -8.40157e-06 -4.31905e-05 1.24784e-05 -4.17646e-06 -2.91858e-05 -0.00012688 -0.00029272 -0.000100519 -0.000442661 9.39305e-05 -0.000104188 -0.000549539 3.28363e-05 0.000150771 1.81488e-05 -2.18013e-05 -0.000458278 -1.05681e-06 -0.000417709 -0.000295703 -2.03337e-05 -0.000597781 0.000461476 7.91124e-06 0.000415683 -0.000181266 -3.51022e-06 -0.000371032 -3.59128e-05 0.00010776 0.00063086 -3.63625e-05 6.04312e-05 -0.000844032 -7.21333e-05 -5.95554e-05 0.000304163 3.32476e-05 3.1064e-05 7.90497e-05 -0.000150209 -2.76008e-05 2.47337e-05 -6.36094e-05 0.000327978 0.000302579 9.11287e-06 -0.000723429 5.84954e-05 1.89961e-05 0.000173368 0.000551497 -2.41618e-06 0.000521825 7.63766e-05 -8.02209e-05 0.000312426 0.000210913 
-0.000806837 -0.00595307 -3.0466e-05 -0.00069888 0.000719449 -0.000108358 0.107892 -0.0255538 -0.00933015 -0.000757218 -0.00505922 -0.0274896 0.0199883 -0.0146323 0.0164348 -0.0169938 -0.0283888 -0.0144241 -0.00936805 -0.0510595 0.0399529 0.0176369 -0.0252995 0.0361464 -0.0170476 -0.0016186 -0.0316455 -0.00216273 -0.00061829 0.0113898 -0.0200041 0.00972111 -0.00437659 -0.0139584 0.000115937 -0.00112928 -0.000548559 -0.0219492 0.00264938 0.0422279 -0.00756851 -0.0118072 -0.000676564 -0.0013862 0.000402198 0.000508794 -0.000927741 0.0287494 0.0289397 0.0146672 0.00852917 0.00432389 -0.00999656 -0.0384946 -0.000792519 0.00185364 -0.00479001 -0.0045253 -0.0115158 -0.000207961 0.0509815 0.0170933 -0.000658293 -0.0229878 -0.00334862 0.00773633 -0.00345032 -0.00616391 -0.000563906 0.0598303 0.000608876 7.99288e-05 -0.012241 0.0286253 0.000581435 0.0106957 -0.00726135 -0.00402206 -0.0284362 -0.00227149 0.00135727 -0.00529931 -0.00306735 -0.00273281 -3.3796e-05 -0.00272695 -0.00376141 -0.0221839 -0.000850839 0.0292141 -0.000676613 -0.00275319 -0.0041268 -0.00100206 -0.000434547 -0.0127202 -0.000892729 -0.00641441 0.00112923 0.00400125 
-0.018929 -0.0149515 -0.000184123 -0.0032423 -0.00265273 -0.000320636 -0.0255538 0.20988 0.0158008 0.000794664 0.0211512 -0.0724062 -0.0395496 -0.0262678 -0.0651533 0.0315676 0.0648934 -0.0533919 -0.0234342 0.113971 0.0487091 -0.0333683 0.0645321 -0.111593 0.000328394 -0.0199593 0.142435 0.00724979 -0.0109382 -0.0802136 0.0908838 -0.0132647 -0.0673989 0.078348 -0.00189654 -0.000275789 -0.000915227 0.154888 0.0214007 -0.0839607 0.00122562 0.00488839 -0.0345976 0.00120447 -0.00119289 0.00110963 0.00243011 -0.0472964 -0.0484255 -0.0369957 -0.0713927 -0.00474792 -0.0138138 0.103142 0.00252918 -0.0223327 0.0018518 -0.00822553 0.126054 -0.000614934 -0.0867388 -0.0341409 0.00201904 0.108006 0.00337556 -0.0165575 -0.0116053 -0.00608032 -0.00177276 -0.0863072 -0.00105479 -0.00148304 -0.0106192 -0.0299879 -0.0021995 0.0875901 0.0429565 -0.00817997 0.0338949 -0.00508357 -0.00123512 -0.0310969 -0.0228924 -0.00529733 -0.0077322 -0.00819049 -0.00279128 0.0108637 -0.0055293 0.0244771 -0.0114319 0.00640281 -0.0121802 -0.0875388 -0.00214634 -0.025461 -0.000520696 -0.0121795 -0.00750769 -0.0258569 
0.00690655 0.000850761 -0.000837814 -0.00594116 -0.00387511 -0.000833078 -0.00933015 0.0158008 0.166458 -0.00475588 -0.0175437 0.0168899 -0.0427164 -0.0148866 -0.0171329 -0.020887 -0.00776406 0.0134785 0.00868986 0.0412872 -0.0404335 -0.0173306 0.0616041 -0.043205 -0.00015519 -0.00782632 0.0378094 -0.0103084 -0.00374777 0.0369781 0.00923323 -0.00925546 0.0368131 0.0128123 -0.000229037 -0.00388653 -0.000223437 0.032911 0.0029748 -0.00716173 0.00835111 0.00248106 0.00178631 -0.00557419 -0.00016436 -0.00120514 -0.00199854 -0.0200738 -0.0447041 0.0147646 0.0116411 -0.0088147 0.00278278 0.0667087 -0.00651704 -0.00571349 -0.0184876 0.00466636 0.0317815 6.169e-05 -0.0390792 0.00275917 -0.000824754 0.0271309 -0.00118661 -0.0662199 -0.00561572 -0.0112056 -0.00538337 -0.0476428 -0.00736982 -0.00380408 -0.00381667 -0.062722 0.00119702 -0.00461738 -0.00552301 -0.000582411 0.0140459 -0.00727093 -0.00207104 -0.0155066 -0.0116863 0.00249915 -0.0102635 -0.000408872 0.000920254 0.0201574 0.00151708 0.00168894 -0.0222285 -0.01251 -0.00635509 0.0356723 -0.00199501 0.00941423 -0.00443356 0.00321657 -0.00780264 0.00490404 
-0.000567057 0.000104778 1.56811e-05 0.000190826 -6.34439e-05 5.42815e-05 -0.000757218 0.000794664 -0.00475588 0.0119553 0.00141534 -0.000371221 0.000718227 0.00320491 -0.00173606 0.000813476 0.000962426 0.000509917 0.000509143 0.00121334 -0.000318919 -0.000715186 -0.00148367 -0.001441 -0.000787469 2.35025e-05 0.000396995 0.000199964 -0.00019997 -0.00509831 0.000115415 -7.17039e-05 -0.0012387 0.000187736 5.33647e-05 0.000239862 0.000161366 -0.000987574 0.00219378 -0.00197218 -0.000473156 0.00236783 -0.0015167 0.000100183 -9.78782e-05 -4.23293e-05 0.000125024 -0.00105741 0.00145179 0.000217196 -0.00202594 2.38743e-05 -0.000909413 -0.00119783 1.10762e-05 -0.000605701 0.00137884 -0.000319989 -0.00104258 -3.71317e-05 -0.0013918 -0.000937487 -4.78464e-05 0.00273917 0.000793473 0.00241583 -0.00020858 4.56032e-05 -1.92641e-06 0.000493064 7.64223e-05 1.86204e-05 0.000572552 0.000918225 1.38879e-05 -0.0022754 0.00206969 -0.00025709 0.000365762 0.000108991 -3.79897e-05 -0.00122435 -0.000763199 -0.000380608 0.000129458 2.6646e-05 3.42599e-05 0.00131626 -0.000157457 -0.00263689 0.00122334 0.000351634 -0.000300649 -0.00249102 5.01446e-05 -0.00102029 8.26974e-06 -0.000428288 0.00113222 -0.000161155 
-0.00436438 -0.0057256 -4.61745e-05 0.00249368 5.86059e-05 -0.000110632 -0.00505922 0.0211512 -0.0175437 0.00141534 0.0772751 -0.018754 0.00692605 0.00960697 -0.0135949 0.00174282 -0.00765428 -0.00882805 -0.00368039 0.00944187 0.0197673 0.00044963 -0.0116938 -0.00908306 -0.00520306 -0.00246236 0.00245306 0.00290707 -0.000594973 -0.0282505 0.0125813 -0.000605503 -0.0178404 0.0113543 -4.5477e-07 0.000372319 -0.000280881 0.0153586 -0.00191596 -0.0131906 -0.00296893 0.00327559 -0.0107767 0.000838795 -0.000581997 -6.33264e-05 0.00245887 -0.00508924 0.00944934 -0.010413 -0.0206485 0.000935416 -0.0056543 -0.00377767 0.000493396 -0.00188527 0.00566664 -0.00260998 0.0151531 8.68998e-05 -0.00691252 -0.00748852 -4.11885e-05 0.0283022 -0.000260236 0.0192293 -0.00269854 0.0041156 0.00289185 -0.000765072 0.000392989 1.14824e-05 -0.000868898 0.0131478 -0.000882997 0.0106498 0.00677178 -0.00292318 -0.0083984 -0.000707544 0.000451009 -0.00369386 -0.00628083 -0.00126784 0.00150734 -0.00040744 -0.00230418 -0.00415219 -0.00128124 0.00174211 0.00778521 0.00421813 -0.00406307 -0.0260572 0.000736006 -0.00800526 0.00178871 -0.00163046 0.000817319 -0.00622927 
0.0246917 0.0423897 -0.000234609 -0.00301601 -0.00274151 0.00078959 -0.0274896 -0.0724062 0.0168899 -0.000371221 -0.018754 0.211792 -0.0386442 0.0486656 -0.0179081 -0.000608954 -0.0117864 0.0356497 0.0430569 0.0519041 -0.142617 -0.0145453 0.0489091 -0.0134686 0.0233499 -0.0115293 -0.0208958 -0.00379074 0.0120239 0.0464476 -0.026073 -0.00910177 0.0697468 -0.0330159 -0.000540873 0.00203299 0.00069897 -0.0557204 -0.0231257 -0.0316501 0.0224795 0.0338233 0.0417196 -0.00344473 -5.58327e-05 -0.00165063 -0.00196111 -0.0269611 -0.0748989 0.00478103 0.00206142 -0.00345939 0.00630294 0.0384643 -0.00212388 0.00196624 -0.000555098 0.0149845 -0.0575493 -0.000805571 -0.0713649 -0.00963344 -0.000484101 -0.023901 0.0107543 -0.0286216 0.0113872 0.0087176 -0.000692229 -0.0567743 -0.00185253 -4.76202e-05 0.0231867 -0.0347572 0.0038725 -0.114709 -0.0163602 0.0116418 0.0156163 0.00722715 -0.00180744 0.0419295 -0.00192015 0.0104237 -0.00720776 0.00389653 0.012536 0.0184689 0.00151734 -0.0889585 0.0152337 -0.00757777 0.0207599 0.0924608 0.0026008 0.0578506 0.00213519 0.0131936 0.000729216 -0.0115896 
-0.0119107 -0.00204671 0.000473148 0.0046169 0.00518168 4.43024e-05 0.0199883 -0.0395496 -0.0427164 0.000718227 0.00692605 -0.0386442 0.162287 -0.015991 0.0125803 -0.0130117 -0.00147423 -0.00838264 -0.0207112 -0.0810577 0.0493963 0.0159423 -0.0750999 0.0651216 -0.0145498 0.0115651 -0.0641609 0.00136164 -0.00493744 -0.00331561 -0.0319601 0.0153069 -0.0292507 -0.0248671 0.000179484 -0.00273283 -0.00117176 -0.0437124 0.0136009 0.0283721 -0.01118 -0.0161945 -0.0148991 0.00124356 -0.000464515 0.000320399 -0.000974761 0.0242154 0.0753794 0.00455586 0.02309 0.00747388 -0.0148537 -0.0831699 -0.000338273 0.00165856 0.00246711 -0.00703549 -0.0399495 -0.00021995 0.0750666 0.0117921 -0.00122017 -0.0407393 -0.00505112 0.0625776 0.00296621 0.0177258 0.00393897 0.0776395 0.00256218 0.00273884 -0.00132524 0.0688613 -0.00107609 0.00994952 -0.0110122 -0.00606318 -0.0191196 0.00120236 0.0012936 -0.0122558 -0.00466128 -0.00615738 0.0127981 -0.000455476 -0.00649812 -0.0228305 0.00166677 0.0407581 -1.04397e-05 0.0054287 -0.00594602 -0.030219 -0.00117443 -0.0181073 -0.00159936 -0.00521431 0.00211112 0.00612726 
-0.00513645 -0.00333668 -0.000167895 -0.000430127 -0.00100426 0.000239261 -0.0146323 -0.0262678 -0.0148866 0.00320491 0.00960697 0.0486656 -0.015991 0.120148 -0.0195159 -0.00266552 -0.0166135 0.0265937 0.0347756 0.0371146 -0.0327034 -0.00339296 0.00305014 -0.0223028 0.0233494 0.00136579 -0.0233264 0.00166966 0.00149483 0.00394083 -0.0113949 -0.00575476 0.0174548 -0.0112879 -0.0010968 0.00522697 0.00197609 -0.0289948 -0.0125528 -0.0200467 0.0118052 0.0232924 0.000859186 -0.00222688 -0.000996119 -0.000170839 -0.000808481 -0.0128352 -0.0126938 -0.00989556 -0.0105778 -0.00148438 0.00738777 -0.0110912 4.84725e-05 -0.00340159 0.00536045 -0.000452037 -0.0246547 -0.000124312 -0.0282358 -0.00833396 0.000376244 0.0227272 0.00135206 0.00133477 -0.000584249 0.0113215 0.00137359 -0.0180969 -0.00313588 -0.000529475 0.00828292 -0.00939094 0.000807656 -0.0505695 -0.0011993 -0.000838962 -0.00640711 0.00387486 -0.000768963 0.00646237 -0.00617074 0.0043409 -0.00427676 0.0069338 0.00452786 0.0127041 -0.00125792 -0.0353309 0.0195273 0.00245696 0.00147338 0.0244197 0.00364676 0.0206064 0.00228366 0.00042166 0.0050805 0.00507617 
0.00259763 -0.00412975 -0.000220229 0.00158641 -0.000328817 -0.000133911 0.0164348 -0.0651533 -0.0171329 -0.00173606 -0.0135949 -0.0179081 0.0125803 -0.0195159 0.174407 -0.0252329 -0.0379738 0.0360481 -0.0166012 -0.113862 0.0132717 0.0258125 -0.0436143 0.110886 -0.0187447 0.0220979 -0.0795475 -0.00606308 0.00184034 -0.00243562 -0.0487534 0.0084429 0.00868564 -0.0303067 -0.000209096 -0.00238542 -0.00116915 -0.0614413 -0.00291659 0.111088 -0.0138524 -0.0181023 0.012614 -0.00261245 -0.00129993 -0.00151534 -0.00257203 0.0892701 0.0222384 0.0468094 0.0850252 0.000392328 0.00895494 -0.0973482 -0.00113252 0.0419506 -0.00767336 0.00167198 -0.0505632 -0.000391996 0.08437 0.0366261 -0.00130821 -0.0878057 -0.00518206 -0.0096058 -0.00205294 -0.0205804 -0.000511364 0.0784082 0.00433965 0.000903716 -0.0175939 0.00302638 -0.00101905 -0.0222452 -0.0155925 -0.00180406 -0.0387868 0.000887216 0.000516297 0.00894788 0.0299028 -0.00302853 0.00862695 -0.00558755 -0.00671235 -0.0140043 0.00163154 -0.0190798 0.00530073 -0.00871064 -0.00267342 -0.0019288 0.00069321 -0.0154467 0.000497075 -0.00593521 -0.00270699 0.0186921 
-0.00648083 0.00407667 0.000471806 -0.000327345 -0.000600496 5.79796e-05 -0.0169938 0.0315676 -0.020887 0.000813476 0.00174282 -0.000608954 -0.0130117 -0.00266552 -0.0252329 0.134671 0.0545658 -0.00230101 -0.00542148 0.0416766 -0.0168601 -0.0142264 -0.0140561 -0.0401811 0.00659999 0.00242812 0.0277908 0.00803845 0.00327096 -0.0525115 0.0315739 -0.00264484 -0.0190121 -0.000590018 -0.000639896 0.00116403 -7.7823e-05 0.0202258 0.0020408 -0.0426863 -0.00850907 0.00150799 -0.0141374 0.0101192 -0.00078284 0.000451131 0.000927552 -0.0240243 -0.0118108 -0.0191329 -0.0197507 -0.00203274 0.00497603 0.014431 0.00339784 -0.0076471 0.0127024 -0.000516806 -0.0114093 -2.51132e-05 -0.0360015 -0.0155491 0.000562725 -0.0156717 0.00725053 0.00820714 0.000390383 -0.00525308 0.000795087 -0.0338724 -0.00124257 0.00189013 0.022147 -0.00961865 0.000608501 0.00995563 0.00302903 0.00350364 0.0565351 0.00857863 6.16589e-06 -0.00502338 -0.00691222 -0.00451435 0.00084847 -0.00260317 -0.00143342 0.026733 -0.00190551 -0.00953591 -0.000729419 0.0225537 0.000135659 -0.0133028 -0.000971179 -0.00685717 0.000616114 0.00974441 -0.000517943 -0.0160686 
-0.0124813 0.00655515 0.000517819 -0.00226246 -3.35542e-05 0.000290736 -0.0283888 0.0648934 -0.00776406 0.000962426 -0.00765428 -0.0117864 -0.00147423 -0.0166135 -0.0379738 0.0545658 0.202801 -0.0158853 -0.0206208 0.0601308 -0.0285482 -0.0189072 -0.0170322 -0.0623917 0.0477695 0.00748404 0.0555236 0.000455319 -0.00465702 -0.0466584 0.0152164 -0.00718029 -0.0246586 0.00219208 4.56442e-05 -0.00267477 -0.00144808 0.0420991 0.0183338 -0.0626366 0.0103892 0.000642417 -0.0243338 0.0102712 -0.00151184 0.000560677 0.000258546 -0.0314309 -0.0297199 -0.0300727 -0.0205037 -0.00163982 0.0121914 0.0400508 0.00229667 -0.009081 0.0142301 -0.00547294 0.00565998 -0.000648149 -0.0590239 -0.0248104 -0.000981614 0.0201936 0.00860813 0.00885601 -0.0062554 0.0161066 0.000903368 -0.059667 0.00113901 0.00134128 -0.0076829 -0.00576472 0.00112453 0.0182814 0.0167094 0.00195574 0.0679508 0.00358568 -0.00101708 -0.0235197 -0.0178687 -0.0092752 -0.00224417 -0.000572868 -0.00713068 0.0226134 -0.005009 -0.0149998 -0.00963056 0.01035 -0.00254579 -0.0137051 -0.00199341 0.00632709 -0.000174357 0.0109911 -0.00370423 -0.0217011 
0.00602583 0.00572318 -4.65075e-05 -0.00212316 -0.00146255 -6.4115e-05 -0.0144241 -0.0533919 0.0134785 0.000509917 -0.00882805 0.0356497 -0.00838264 0.0265937 0.0360481 -0.00230101 -0.0158853 0.176394 0.0229021 -0.0233293 -0.0489385 0.00165247 -0.00930557 0.0454327 -0.00486883 0.0138224 -0.0470138 -0.0059156 -0.00707469 0.0355511 -0.0294012 -0.00552323 0.0498542 -0.0264529 0.0011427 0.00430528 0.00110891 -0.0490727 -0.00455891 0.022027 -0.00602659 -0.00168949 0.0225318 -0.000855049 -3.23412e-05 -0.00154165 -0.00276854 0.000739065 -0.00995853 0.0137339 0.0561372 -0.000547633 0.00582152 -0.036108 -0.00122736 -0.00143722 -0.00465517 0.007593 -0.042828 -0.00058793 -0.000897067 -0.0136423 -0.00122788 -0.0494185 0.000547198 -0.0139555 0.00524359 0.00268305 -0.000821619 -0.00295252 -0.00220209 0.000827477 0.015903 -0.0152305 0.00119823 -0.0385026 -0.0129935 0.00855882 -0.024692 0.00559603 -0.000693782 0.00885649 -0.00292694 0.00183554 0.00593717 0.00205467 0.00704875 0.0175964 -0.000397028 -0.0303857 -0.00062031 -0.00473954 0.000407561 0.0202937 -0.000913069 -0.00963465 -0.00012919 -0.00327723 -6.26406e-05 -0.000421543 
0.0196719 0.0118609 -0.000134714 -0.00164857 -0.00126485 0.000681296 -0.00936805 -0.0234342 0.00868986 0.000509143 -0.00368039 0.0430569 -0.0207112 0.0347756 -0.0166012 -0.00542148 -0.0206208 0.0229021 0.114337 0.0243701 -0.0461985 0.00717535 0.0166424 -0.025753 0.00362039 -0.00381078 -0.0128645 -0.001791 -0.00287211 0.0100272 0.00551423 -0.0009372 0.0400904 -0.00340461 -0.000346722 0.00544959 0.00291192 -0.0155701 -0.0106322 -0.0142309 0.00486812 -0.0017536 0.0100378 -0.00193449 0.000607889 -0.000737324 -0.00135713 -0.0109017 -0.0288162 -0.0102321 -0.0164727 -0.0016072 -0.00324399 0.0241069 -0.000312814 0.00122569 -0.00247905 0.00024987 -0.01345 -0.000131491 -0.0415392 -0.0136846 0.000112472 0.0076952 0.00696636 -0.0140375 0.00616953 -0.00736246 -0.000386727 -0.0294775 -0.00284017 0.000187252 0.0209236 -0.0158453 0.00104522 -0.0440886 -0.00583635 0.00362485 -0.00959293 0.00321185 -0.000517577 0.0105966 -0.00719409 0.00766311 -0.00420925 0.00581276 0.0140776 0.0215285 -0.00176447 -0.0454902 0.00446686 -0.00374093 0.00447205 0.0293114 0.00139839 0.0169413 0.00152923 -0.00227432 0.00107855 0.00241405 
-0.00209663 0.00546339 -0.000522623 -0.00534747 -0.00510591 -5.16211e-05 -0.0510595 0.113971 0.0412872 0.00121334 0.00944187 0.0519041 -0.0810577 0.0371146 -0.113862 0.0416766 0.0601308 -0.0233293 0.0243701 0.246351 -0.0607374 -0.0509465 0.100762 -0.155845 0.0334054 -0.0283236 0.141239 0.00516043 0.00048085 -0.0314689 0.0649802 -0.0230271 -0.00380309 0.0514153 -0.00209399 0.0017814 7.02747e-05 0.107293 0.000522671 -0.141927 0.0270681 0.043512 -0.0117738 -0.000509621 -0.000705156 0.000909883 0.000205411 -0.0878696 -0.105781 -0.0532375 -0.0883281 -0.00864121 -0.00179798 0.156732 0.00121928 -0.0341424 0.00816624 0.00354245 0.0839342 -0.00113569 -0.160191 -0.0599275 0.00217277 0.113089 0.00967462 -0.0393258 -0.00577779 0.0113595 -0.0017668 -0.151765 -0.00509099 -0.00292015 0.0171317 -0.0610265 0.00105144 0.00166269 0.0253008 0.0041091 0.065358 -0.000303144 -0.00273228 -0.00899166 -0.0362599 0.00334739 -0.017574 0.00192157 0.00936728 0.0259449 -0.00784573 -0.0309021 -0.00385994 0.00786646 0.00444966 0.00385281 0.000641582 0.0306048 0.00114623 0.00564298 -0.00987466 -0.0303586 
-0.0289359 -0.0312333 4.56738e-05 0.00428174 0.00268546 -0.00111412 0.0399529 0.0487091 -0.0404335 -0.000318919 0.0197673 -0.142617 0.0493963 -0.0327034 0.0132717 -0.0168601 -0.0285482 -0.0489385 -0.0461985 -0.0607374 0.240742 0.0105143 -0.0366495 0.0311472 -0.0455794 -2.49229e-05 -0.00328106 0.00498288 -0.0163594 -0.0361821 0.0123584 0.00587768 -0.0894313 0.0258769 -0.00295323 -0.00156655 -0.0010031 0.034211 0.015245 0.0431355 -0.0173432 -0.0175075 -0.0222287 0.00123068 -0.00206304 0.00142044 0.00339404 0.0258832 0.0864999 -0.00206705 -0.0151426 0.0040393 -0.0190745 -0.062545 0.00169512 -0.0159012 -0.000580226 -0.0185792 0.0503974 0.000488424 0.0936075 0.00981018 0.00110337 0.0293363 -0.0134705 0.0425314 -0.00626013 -0.00784113 1.39819e-05 0.0913075 -0.00448964 0.000412968 -0.0200336 0.0461283 -0.00433076 0.118787 0.00582527 -0.0163984 -0.0587356 -0.00720797 0.00202153 -0.0180186 0.00495743 -0.014499 0.0075027 -0.00920269 -0.0126929 -0.0438842 -0.00234548 0.0999429 0.00333494 0.00808438 -0.0218944 -0.100965 -0.00111247 -0.0544207 -0.000425793 -0.0256581 -5.59345e-05 0.00668754 
0.00242593 -0.00378536 -0.000195236 0.00206315 -0.000512588 9.75889e-05 0.0176369 -0.0333683 -0.0173306 -0.000715186 0.00044963 -0.0145453 0.0159423 -0.00339296 0.0258125 -0.0142264 -0.0189072 0.00165247 0.00717535 -0.0509465 0.0105143 0.101948 -0.036721 0.033768 -0.0145661 0.00847634 -0.0397904 -0.00208402 -0.000282818 0.000299346 -0.0171545 0.0203738 0.0134603 -0.0142506 0.000554778 -0.00117462 -0.000161106 -0.0303211 -0.00402133 0.0392223 -0.00182131 -0.00655562 -0.00834726 0.000387774 -0.000524989 -0.000130969 -0.000582056 0.0395331 0.0143115 0.00852322 0.0205073 0.00382678 -0.0083469 -0.0407913 0.000615321 0.0251909 -0.00300131 -0.00295611 -0.0224643 -0.000131308 0.0370506 0.0145295 -0.000751757 -0.0218582 -0.00165797 0.00999144 -0.00268517 -0.00819032 0.000513396 0.0380243 -0.000741308 0.000630818 -0.00996005 0.0190801 -0.000270404 -0.024467 -0.00768395 -0.0011187 -0.0217007 -0.00163423 0.00232652 -0.00167096 -0.00565683 -0.00133851 -0.00123912 -0.00262893 0.00152331 0.00333837 0.000828328 -0.0100994 0.00151699 -0.00194554 -0.00293763 0.000337195 0.000340173 -0.0105535 -0.00101289 -0.00327335 0.000294177 0.0140887 
0.00537031 -0.002492 -0.00072481 -0.00448857 -0.00546826 -0.000292826 -0.0252995 0.0645321 0.0616041 -0.00148367 -0.0116938 0.0489091 -0.0750999 0.00305014 -0.0436143 -0.0140561 -0.0170322 -0.00930557 0.0166424 0.100762 -0.0366495 -0.036721 0.241481 -0.0856811 -0.0201121 -0.0177381 0.0956992 -0.000418749 -0.00752831 -0.0029208 0.0350542 -0.0175684 0.00572442 0.0455533 -0.00370944 0.00104221 0.00134793 0.0747236 -0.00593292 -0.0674197 0.0120913 0.0160464 0.024773 -0.0073595 -0.000394818 -0.00106753 -0.00259625 -0.0427263 -0.0947384 0.00615902 -0.0288552 -0.00762182 -0.0133688 0.121833 -0.0015806 -0.0148843 -0.017506 0.00686262 0.0841273 -0.00122418 -0.0891164 -0.0122448 0.00189346 0.0606532 0.0015434 -0.0576469 -0.00728741 -0.0281446 -0.00530775 -0.0913359 -0.00107646 -0.00278737 0.0048912 -0.0614159 0.00220271 0.000366319 0.0141671 0.00587858 -0.00268576 -0.00551357 -0.00305446 0.0121504 -0.00925476 0.0104931 -0.0145711 -0.00437073 0.00827513 0.0106354 -0.00105135 -0.0297108 -0.0126568 -0.0140882 0.0101274 0.00638181 -0.000126907 0.0169081 -0.00210111 -0.00670006 -0.0102532 -0.0200789 
0.00440426 -0.00744384 -0.000107871 0.00447342 0.00315015 -0.000495198 0.0361464 -0.111593 -0.043205 -0.001441 -0.00908306 -0.0134686 0.0651216 -0.0223028 0.110886 -0.0401811 -0.0623917 0.0454327 -0.025753 -0.155845 0.0311472 0.033768 -0.0856811 0.24153 -0.0375066 0.0188441 -0.135818 -0.0101518 -0.000953552 0.0366249 -0.0791317 0.0173085 0.0278624 -0.0539082 0.00227913 -0.00399718 -0.00161507 -0.107934 0.00506682 0.130466 -0.0205783 -0.0204491 0.0264759 -0.005962 9.19368e-05 -0.00129146 -0.00340177 0.0844304 0.0776996 0.0615035 0.0933427 0.00703992 -0.0111196 -0.151019 -0.00139894 0.0285793 -0.00144981 0.00453447 -0.088873 -0.000684564 0.126607 0.0425835 -0.00197921 -0.125247 -0.00994905 0.0341444 0.000757985 0.00443553 0.00202142 0.130727 0.00192286 0.00114757 -0.0129145 0.0513768 -0.00177107 -0.0230256 -0.02649 0.00186161 -0.0600414 2.1482e-05 0.000634038 0.0273252 0.0308522 0.00303907 0.0136913 -0.0039925 -0.0109855 -0.0506119 0.00460377 -0.00201152 0.00870016 -0.0058032 0.000465659 -0.0111214 -0.000415711 -0.0355761 0.000911861 -0.00679819 0.00425364 0.0146769 
0.00401455 -0.000434208 0.000238905 -0.00199355 -0.000945703 -9.42999e-05 -0.0170476 0.000328394 -0.00015519 -0.000787469 -0.00520306 0.0233499 -0.0145498 0.0233494 -0.0187447 0.00659999 0.0477695 -0.00486883 0.00362039 0.0334054 -0.0455794 -0.0145661 -0.0201121 -0.0375066 0.143694 0.00655342 -0.0068233 -0.00118781 0.000391945 0.00277157 -0.0161973 -0.00674584 0.0245866 -0.0131268 0.000751453 -0.00181107 0.000270208 -0.0106053 -0.0016997 -0.0249425 0.00931241 -0.0115251 -0.0111655 0.00326612 -0.000825047 -0.000760581 -0.000974702 -0.0205012 -0.0258077 -0.0137009 -0.0195084 -0.00234102 0.0341281 0.0159824 0.00115099 -0.00199887 0.0173136 0.0028417 -0.024561 -0.00026866 -0.0383236 -0.00345912 -0.000407947 0.0111986 -0.00134967 -0.00249631 -0.0049927 0.0183414 0.00106254 -0.0403446 -0.0028801 -0.000790151 -0.0113121 -0.0117857 -0.000277083 -0.0279931 0.00613696 0.00570718 0.0453581 2.69569e-05 -0.000591684 -0.012627 -0.000525647 -0.00108177 -0.00527777 0.0126785 -0.00548727 0.00696993 -0.00187191 -0.0227066 0.00309464 0.00288926 0.00132395 0.0390252 0.00137592 0.0280951 0.0022347 0.0189987 0.00123709 -0.0151973 
0.00072748 -0.00222498 0.000310184 0.00264705 0.00122935 -0.000245985 -0.0016186 -0.0199593 -0.00782632 2.35025e-05 -0.00246236 -0.0115293 0.0115651 0.00136579 0.0220979 0.00242812 0.00748404 0.0138224 -0.00381078 -0.0283236 -2.49229e-05 0.00847634 -0.0177381 0.0188441 0.00655342 0.0895955 -0.0196831 -0.00247226 -0.00193768 0.000381727 -0.0123933 0.00364347 0.0014567 -0.0130092 0.000848549 0.000631266 -0.000245355 -0.0191248 0.000140513 0.0216974 -0.00441946 -0.00707494 -0.00562556 0.000215299 0.000429953 0.000267789 -0.000176179 0.0117346 -0.00198905 0.0123538 0.0249197 -0.000219086 0.00473302 -0.032311 4.14036e-05 0.0126022 -0.00112532 -0.00255964 -0.0184354 -0.00010381 0.00512594 0.0070918 -0.000645983 -0.0246249 -0.00131791 0.000983316 0.00802626 -0.00404118 -0.000438342 0.00502024 0.0037137 0.00175963 -0.000314605 -0.0001286 -0.000344921 -0.0153681 -0.00500559 0.00304156 -0.00448061 9.33663e-05 -0.000455761 0.00153639 0.00437478 -0.00310522 -0.000151482 -0.000633872 -0.00301585 -0.012426 0.00176702 -0.00436387 0.00150651 0.00539827 -0.000732155 -0.0164036 -0.000291969 -0.00380131 -0.000299549 0.00300559 -0.00179121 0.00714001 
-0.0158056 -0.00429069 -0.000271756 -0.00470722 -0.00308919 -0.000172033 -0.0316455 0.142435 0.0378094 0.000396995 0.00245306 -0.0208958 -0.0641609 -0.0233264 -0.0795475 0.0277908 0.0555236 -0.0470138 -0.0128645 0.141239 -0.00328106 -0.0397904 0.0956992 -0.135818 -0.0068233 -0.0196831 0.235253 0.00294566 0.00228105 -0.0603046 0.0942581 -0.0171313 -0.0570911 0.0697403 -0.00250775 -0.00128027 -0.000214402 0.141817 0.0162427 -0.106279 0.00734547 0.0136256 -0.0289127 0.00100386 -0.000198808 0.000191075 0.00124279 -0.0606022 -0.0839242 -0.041277 -0.0833526 -0.00587707 -0.0106437 0.149835 0.000881325 -0.0228362 -0.00380183 -0.00643193 0.126078 -0.000959918 -0.113201 -0.0414954 0.00120656 0.109532 0.00841964 -0.0395874 -0.00165661 -0.0112115 -0.00297467 -0.116376 -0.00126618 -0.00194339 0.00906296 -0.0476808 -0.00181644 0.0601008 0.0355326 -0.00541255 0.0584955 -0.00513403 -0.00203433 -0.0243428 -0.0241761 -0.00453089 -0.0125965 -0.00927464 0.0118786 0.0184868 -0.00596881 0.00507873 -0.0179554 -0.00168674 -0.00520444 -0.0561049 -0.00235413 0.00802881 -0.00113266 0.000478667 -0.00893396 -0.0195254 
-0.00166834 -0.0012408 0.000203195 -0.000105727 1.51551e-05 0.000102974 -0.00216273 0.00724979 -0.0103084 0.000199964 0.00290707 -0.00379074 0.00136164 0.00166966 -0.00606308 0.00803845 0.000455319 -0.0059156 -0.001791 0.00516043 0.00498288 -0.00208402 -0.000418749 -0.0101518 -0.00118781 -0.00247226 0.00294566 0.0355606 -0.000154165 -0.0138939 0.0076867 -0.000486607 -0.00684601 0.00617309 -0.000115403 0.00125352 0.000871949 -6.08938e-05 0.00146718 -0.0079794 0.000427878 0.0021432 -0.00490642 0.00268315 -1.63161e-05 9.96211e-05 9.90355e-05 -0.00436236 0.00399767 -0.00421668 -0.00780063 0.000298219 -0.00157695 -0.000326832 0.000852695 -0.000912643 -0.000251397 -0.00124597 0.00544181 0.000262927 -0.00154591 -0.00327705 0.000942246 0.00571144 0.000420438 0.0035851 -0.00128941 -0.00250492 0.000706683 -0.00392348 0.00169732 0.000184769 -0.00140456 0.00339936 -0.00032639 0.00281209 0.00235128 -0.000174405 -0.000882536 0.000971079 8.94258e-06 -0.00334035 -0.00204448 -0.000318256 0.0011033 -0.000233131 1.41669e-05 7.22584e-05 -0.0003404 0.00261848 0.00310728 -0.000170971 0.000555667 -0.00807223 3.0572e-05 -0.00242206 -0.000165591 -0.000859785 0.00322317 -0.000317495 
0.00403549 0.002958 1.89935e-05 3.78871e-06 -0.000225121 0.000123241 -0.00061829 -0.0109382 -0.00374777 -0.00019997 -0.000594973 0.0120239 -0.00493744 0.00149483 0.00184034 0.00327096 -0.00465702 -0.00707469 -0.00287211 0.00048085 -0.0163594 -0.000282818 -0.00752831 -0.000953552 0.000391945 -0.00193768 0.00228105 -0.000154165 0.041502 -0.00596404 -0.00426031 3.41983e-05 0.00130136 -0.00370273 0.000497282 -0.000593814 -0.000188668 -0.00944876 -0.00155849 -0.00221844 0.000268643 0.00516279 0.000497457 0.000141096 0.000425672 -0.000229248 -0.000182046 0.00137757 -0.00727611 -0.000721545 -0.000537008 -0.00034913 0.00448243 0.00496805 1.61887e-05 0.00563309 -0.000461455 0.000439064 -0.00709407 -0.000116059 -0.00287618 0.00305453 -0.000206879 -0.00827695 -4.99687e-05 -0.00258538 0.00345282 -0.00204414 0.000218087 -0.0042536 0.00191479 -2.23055e-05 0.00254785 -0.00202759 0.000418238 -0.0121714 -0.00225871 0.00119627 0.0088791 0.00249607 0.000149604 0.00199262 0.00163055 0.00224135 0.00044321 0.00013179 0.000681312 -0.000604379 -0.000666472 -0.0118854 0.000956011 -0.00143193 0.00392807 0.0143042 -0.000224124 0.0109544 5.8347e-05 0.00566101 -0.00066488 -0.00274674 
0.0156752 0.0107521 -0.000260911 -0.00561354 0.00269019 -0.000570627 0.0113898 -0.0802136 0.0369781 -0.00509831 -0.0282505 0.0464476 -0.00331561 0.00394083 -0.00243562 -0.0525115 -0.0466584 0.0355511 0.0100272 -0.0314689 -0.0361821 0.000299346 -0.0029208 0.0366249 0.00277157 0.000381727 -0.0603046 -0.0138939 -0.00596404 0.249911 -0.0617873 -0.00480122 0.0640705 -0.0359639 0.0022631 -0.000694348 -0.000832892 -0.0579974 -0.0362742 0.0311187 0.00748506 -0.00517316 0.0522262 -0.00617877 0.00258809 -6.8632e-05 -0.00225803 -0.0164654 -0.000671919 -0.00375398 0.0220464 0.000800527 -0.000589914 -0.00619943 -0.00410808 -0.016915 -0.0121874 -0.00306676 -0.0398145 0.000718559 0.019011 -0.0081258 -0.00137145 -0.0279416 -0.00824144 -0.0171985 0.0095878 0.0273712 -0.00310261 0.0114039 0.000312276 -0.00131839 -0.00201567 -0.00145183 0.000259048 -0.0246206 -0.0281491 0.00338078 -0.0177097 -0.00448517 -0.000134577 0.0275628 -3.4942e-05 0.00465187 -0.00540736 0.0096294 -0.00322868 -0.0485358 0.00181211 0.0337201 -0.00352733 -0.0168316 0.00912879 0.0802168 0.000313887 0.0261265 -0.00241085 -0.000808198 0.000439299 0.00643035 
-0.0102974 0.00283841 0.000120644 -0.000832805 0.000805077 0.00026088 -0.0200041 0.0908838 0.00923323 0.000115415 0.0125813 -0.026073 -0.0319601 -0.0113949 -0.0487534 0.0315739 0.0152164 -0.0294012 0.00551423 0.0649802 0.0123584 -0.0171545 0.0350542 -0.0791317 -0.0161973 -0.0123933 0.0942581 0.0076867 -0.00426031 -0.0617873 0.175303 -0.00760953 -0.042446 0.0621238 -0.00112153 0.00363504 0.000799 0.0855679 -0.000821061 -0.062846 -0.0125528 -0.00821066 -0.0296488 0.00334918 -0.000597386 -0.000262439 0.00403298 -0.0354165 -0.0256847 -0.0280643 -0.0579982 -0.00265452 -0.0171183 0.0684529 -0.000641583 -0.0146568 -0.00522434 -0.00855379 0.0674759 0.000926372 -0.0585844 -0.0202181 0.000521419 0.0632585 0.00925171 -0.0131277 -0.00209321 -0.0217098 -0.000594013 -0.0638186 0.00154172 -0.000835588 0.0149013 -0.0178922 -0.00205668 0.0483282 0.021596 -0.00798578 0.0222913 -6.2366e-05 -0.000678718 -0.0232509 -0.0146777 -0.00265285 -0.00456415 -0.00619541 0.0106521 0.0417088 -0.00169745 0.00578559 -0.00937419 0.000333835 -0.0083657 -0.0550355 -0.00158387 -0.0168037 -0.0021 -0.00908409 0.00273827 -0.00124199 
0.000374326 -0.00210154 -2.77632e-05 0.000835915 0.00043856 -7.89831e-05 0.00972111 -0.0132647 -0.00925546 -7.17039e-05 -0.000605503 -0.00910177 0.0153069 -0.00575476 0.0084429 -0.00264484 -0.00718029 -0.00552323 -0.0009372 -0.0230271 0.00587768 0.0203738 -0.0175684 0.0173085 -0.00674584 0.00364347 -0.0171313 -0.000486607 3.41983e-05 -0.00480122 -0.00760953 0.0469278 0.00385129 -0.00619193 0.000344169 -0.000766855 -0.000253631 -0.0128712 -0.0026639 0.014464 -0.00270346 -0.00442245 -0.00422579 0.000556484 -2.09267e-05 -5.51805e-05 -0.000156244 0.015426 0.0141173 0.00805612 0.00387738 0.000259904 -0.00502831 -0.0190189 0.000574197 0.0130914 0.000714627 -0.00161963 -0.00982141 -5.17976e-05 0.0100055 0.0121096 -0.00032762 -0.015429 -0.00106391 0.00874499 0.00049254 -0.00112824 0.00108024 0.0210733 -7.10241e-05 0.000805907 -0.0030888 0.00837409 0.000257745 -0.00690699 -0.00319821 -0.00123074 -0.00779275 4.44946e-05 0.000248291 9.09739e-05 -0.0020708 -0.000602547 5.87685e-05 -0.00111236 -0.00138047 -0.00675097 4.04878e-05 -0.00223679 8.61448e-05 0.000517653 -0.00114161 -0.00429158 -0.000210555 -0.00447231 -0.00030209 -0.00145652 1.40933e-05 0.00139267 
0.0313607 0.000180733 -0.000238566 -0.00338922 -0.00176021 -0.00022571 -0.00437659 -0.0673989 0.0368131 -0.0012387 -0.0178404 0.0697468 -0.0292507 0.0174548 0.00868564 -0.0190121 -0.0246586 0.0498542 0.0400904 -0.00380309 -0.0894313 0.0134603 0.00572442 0.0278624 0.0245866 0.0014567 -0.0570911 -0.00684601 0.00130136 0.0640705 -0.042446 0.00385129 0.184453 -0.0303108 0.00303012 -0.00200023 0.000965127 -0.0538033 -0.0106379 0.0060534 0.00387869 -0.00782218 0.0300115 -0.00292741 0.000417371 -0.00128959 -0.00293578 -0.00445134 -0.0293681 0.0228928 0.0346079 -0.00215942 0.000504474 0.00847117 -0.00206537 0.00441785 -0.00128138 0.0120237 -0.0454096 -0.000405317 -0.0346232 -0.00678279 -0.00144794 -0.0416508 -0.00428707 -0.0246255 -0.00336536 0.00444991 -0.00118193 -0.0167375 -0.00487499 -0.00138197 -0.00972018 -0.025818 0.00266603 -0.0790758 -0.0153031 0.0146308 0.00760211 -0.0018978 -0.000617833 0.0181388 -0.00398682 0.0158926 -0.00329661 0.00943183 -0.00227707 0.00236095 0.000605195 -0.0559286 -0.00653924 -0.00837332 0.0182511 0.085879 -0.00041923 0.0202175 -0.000673914 0.0186235 0.00172504 -0.00793975 
-0.00675529 -0.00926245 -0.000157624 -0.000659453 -0.000896729 -0.000109188 -0.0139584 0.078348 0.0128123 0.000187736 0.0113543 -0.0330159 -0.0248671 -0.0112879 -0.0303067 -0.000590018 0.00219208 -0.0264529 -0.00340461 0.0514153 0.0258769 -0.0142506 0.0455533 -0.0539082 -0.0131268 -0.0130092 0.0697403 0.00617309 -0.00370273 -0.0359639 0.0621238 -0.00619193 -0.0303108 0.118723 -0.0011237 0.00232391 0.000231174 0.0680482 0.0052863 -0.0381362 -0.0047633 -0.0041253 -0.0159125 -0.00152614 0.00031812 -0.000111954 0.000379058 -0.021702 -0.0257979 -0.017047 -0.0418623 -0.0022294 -0.0101383 0.0550759 -8.70873e-05 -0.00980617 -0.00142363 -0.00352295 0.080587 -1.1774e-05 -0.0385673 -0.0134315 0.00306014 0.0560401 -0.0024449 -0.0140703 -0.0049241 -0.0147929 -0.00117898 -0.042635 -0.00130104 -0.000840654 -0.000894455 -0.0152705 -0.00138878 0.0477353 0.0175259 -0.00444418 -0.00450868 -0.0022276 -0.000457926 -0.0155713 -0.0110175 -0.000443861 -0.0045414 -0.00444416 0.00316908 -0.000725245 -0.00184499 0.00482419 -0.00494486 -0.00317971 -0.00634294 -0.0463953 -0.000473766 -0.0118631 -0.00108151 -0.00781839 -0.0030485 -0.0104734 
0.0014652 0.000213656 3.64103e-05 0.000121064 7.80145e-05 5.13807e-06 0.000115937 -0.00189654 -0.000229037 5.33647e-05 -4.5477e-07 -0.000540873 0.000179484 -0.0010968 -0.000209096 -0.000639896 4.56442e-05 0.0011427 -0.000346722 -0.00209399 -0.00295323 0.000554778 -0.00370944 0.00227913 0.000751453 0.000848549 -0.00250775 -0.000115403 0.000497282 0.0022631 -0.00112153 0.000344169 0.00303012 -0.0011237 0.00927341 0.000314773 -2.3168e-05 -0.0016391 0.00144539 0.00113473 -0.000468493 -0.000222824 -0.000664707 -3.92514e-05 0.000468921 0.000126793 8.29751e-05 -0.000180919 0.000684658 0.000465266 0.000841816 0.000514235 0.000393414 -0.00199914 -7.21913e-05 -1.34931e-05 5.45411e-05 0.000157766 -0.00163697 -8.92833e-06 -0.000700685 0.000613413 -2.30221e-05 -0.00230543 -0.000140625 0.000410636 0.000192025 -0.000473515 0.000168098 -0.00055422 0.000397501 -8.80145e-06 0.000366095 0.000157746 7.84225e-06 -0.00210085 -0.000609625 5.53004e-05 0.000467778 0.000314276 3.18434e-05 -0.000579198 -0.000466929 9.69403e-05 0.00045134 0.000372927 -0.000247727 -0.00106362 0.000122774 -0.000981856 -0.000278442 8.87228e-05 -0.00031279 0.000844735 -3.1267e-05 -2.93792e-05 -2.61971e-05 0.000397636 0.0010204 -7.40664e-05 
