0.246885 -0.00117591 -0.0131174 0.000161085 -0.00018479 -0.0137778 -0.0141084 -0.00591931 -0.00230343 0.00591018 -0.0174508 0.0147194 0.000622366 -0.0124489 0.0390371 -0.00871916 0.031766 0.0106359 -0.0443501 -0.0192071 -0.00273619 0.00171791 0.0415272 0.0385823 -0.0441546 -0.0325057 -0.0158058 -0.0210815 0.0307635 0.000117508 -0.00132082 -0.00743047 -0.000905485 0.00819452 -0.0152866 -0.00458821 -0.0281252 -0.00367964 -0.00138057 -0.00230732 -0.00275668 -0.00379384 -0.00612649 -0.00320404 -0.00420465 -0.00824367 -0.00462186 0.0307642 -0.00163849 0.000758159 -0.0307712 -0.00217013 -0.00226055 -0.0104618 -0.00154042 -0.0122133 -0.00509557 0.0143596 -0.00489144 -3.05964e-05 0.00157807 -0.0126077 -0.0145886 -0.00176314 0.000443994 2.88507e-05 -0.00143121 0.0534804 0.00566463 -0.000274751 0.0110666 -0.00125231 0.0314846 -0.0337093 -0.00818574 0.000322762 -0.00394256 0.00297275 -0.00331348 -0.000585525 0.00113387 0.00139241 -0.0172238 0.00582289 -0.0291356 -0.0025834 0.00388793 -0.00532915 0.00145758 -0.00799526 -0.0310291 0.0145164 -0.00100658 0.00312353 0.00745659 -0.0119915 -0.000625278 -0.0297442 -0.00144628 -0.00449505 
-0.00117591 0.00400957 -0.000116138 3.23147e-05 5.85401e-05 6.59495e-05 -0.000177552 0.000626121 0.00048715 -2.8953e-05 9.39156e-05 8.35341e-05 0.000490607 0.00186639 0.000207715 -0.00109558 0.000112231 -0.00189898 -0.0010962 0.000105576 0.000191713 -0.00142753 0.00013512 0.000977149 0.00124055 -0.000707297 -0.000483351 -0.00116944 0.000640337 0.000148961 3.31279e-06 -2.44688e-05 0.000333589 -0.00153545 0.000813126 0.000221589 -0.000945628 0.000359127 9.03085e-05 -1.50513e-05 4.49922e-05 -2.42145e-06 0.000662256 0.000381736 7.4187e-05 0.000786836 -0.000177462 -0.00058355 0.000158916 -2.50808e-05 -0.000294492 0.000393759 3.6684e-06 0.000162328 0.000213304 -5.47568e-05 -5.03143e-05 -0.000168054 -8.95886e-05 -0.000178603 -2.98661e-05 0.000316431 -0.00192868 -0.000774673 -7.4581e-06 9.4906e-06 8.94752e-05 -0.000712366 4.69301e-05 0.000101622 0.000262383 0.000160979 -0.000426644 -0.000347712 -1.16562e-05 2.66812e-05 2.32034e-05 -3.58372e-05 -7.41586e-05 1.46305e-05 0.000156329 5.28211e-06 -0.00128052 2.33093e-05 -0.000421116 0.00016229 0.000722695 0.00013217 -1.14341e-05 0.000331274 -0.000484098 0.000208714 6.31884e-05 0.00130334 9.64244e-06 -0.000898098 -5.14858e-05 0.000375916 -1.18016e-05 0.000207024 
-0.0131174 -0.000116138 0.164866 0.00105427 -0.00048194 -0.00565418 -0.00773426 0.00193174 0.00340166 -0.00583942 -0.00298344 -0.0219603 0.0222464 -0.0256091 -0.0229612 -0.00130774 -0.0694539 0.000952152 -0.0046718 0.00201001 0.0102404 0.00838948 -0.045051 -0.0395055 0.0376109 0.0479624 0.0268665 0.00596472 -0.0540548 -0.000818649 9.34919e-06 -0.00888085 -0.0113737 0.00290954 0.0185302 -0.00278689 0.00448517 -0.0287533 -0.00214981 -0.00214278 -0.000465957 -0.000593169 -0.018744 0.00227258 -0.00700727 -0.000884471 0.00125701 0.0146966 -0.000709454 -0.00245031 -0.0213485 -0.00882818 -0.00134061 -0.0146197 0.000487091 -0.00560832 0.00481405 -0.00536959 0.000335198 0.00970283 0.000444628 -0.001748 0.0365719 0.0241252 -0.000441281 0.000481663 0.0038356 -0.0722846 0.000934087 0.000582287 -0.00934313 -0.000260081 -0.0216227 0.0347288 -0.00244766 0.00119171 -0.000493368 0.000283509 0.00573429 -5.87127e-05 -0.000877592 -0.000724201 0.0670364 0.00980619 0.0645045 -0.0114477 -0.0192477 -0.00762235 -0.000592552 -0.00754474 0.00983102 -0.00967451 0.000471085 -0.0170026 -0.00542492 0.0129515 8.35966e-05 -0.00768236 -0.00158306 -0.00309217 
0.000161085 3.23147e-05 0.00105427 0.00775894 6.36478e-05 -0.000430877 -7.41802e-05 6.23366e-05 0.000159741 -0.000150345 0.000134784 0.000279313 0.000748926 -0.000920842 0.000572292 -0.00180588 0.000285827 -0.000473288 -0.00147394 -0.000635701 0.000263714 -0.000534858 -0.000213206 0.000824019 0.000244211 -0.00123968 -0.000138363 -0.00097081 -0.00227496 0.000276361 3.00017e-05 0.000130916 -3.71695e-05 -0.00133084 0.00071385 -9.90548e-05 -0.000855135 0.000228998 -5.492e-05 -4.60973e-05 -8.94776e-05 6.33456e-05 -0.000567343 9.96928e-05 0.000867067 0.000226238 -0.00036046 -9.4322e-05 7.11414e-05 2.32894e-05 -0.000555303 0.00018644 3.50813e-05 -4.59461e-05 -2.97461e-06 0.000147154 0.000333488 0.00050818 6.82428e-05 -0.000219322 -8.16925e-05 0.000248838 -0.00119098 0.000420579 -1.31755e-05 -1.95256e-05 0.000696428 -0.000141968 0.000141487 -7.29809e-05 -0.000119273 2.19347e-05 2.78107e-05 -0.000216228 -8.37559e-05 0.000137035 0.000107058 0.000114747 -0.000133383 -6.73837e-06 0.000138925 -9.77401e-07 0.000656102 0.00022884 8.09313e-05 5.76471e-05 -0.000383712 0.000634314 3.18752e-05 0.000194245 -0.000832171 -0.000214559 5.25478e-06 -0.000640043 5.95801e-05 -0.000555574 -3.59527e-05 -9.46034e-05 -8.29989e-05 -4.29611e-05 
-0.00018479 5.85401e-05 -0.00048194 6.36478e-05 0.00537594 -0.000293013 -0.000191985 0.000265486 0.000178203 0.000290204 -2.47752e-05 0.00202665 -0.000276192 0.00164493 0.00256954 -0.00124721 0.00035129 -0.00244284 -0.00181921 -0.00100299 6.11038e-05 -0.000687137 0.00182701 0.000440528 0.000620875 -0.0017794 0.000223482 -0.00192026 0.000329742 -5.10394e-05 1.17372e-05 -0.000192997 0.000373417 -0.00213155 -0.000248251 0.000694468 -0.00104849 -0.000143486 5.67894e-05 -0.000175742 -2.74362e-05 0.000202572 -0.000254106 7.51901e-06 -0.00015988 6.10501e-05 -0.000195274 -0.000624862 0.000127847 3.7377e-05 -0.000766208 -0.000163758 8.97586e-05 0.000615707 -1.29474e-05 -8.88472e-06 -8.31432e-05 0.000911183 -0.000121734 -7.80559e-05 0.000250806 -9.91855e-05 -0.00175429 -0.00155097 4.09761e-05 1.90265e-05 -0.000131369 0.000570902 -1.49661e-05 -4.36002e-05 0.00105881 2.94095e-05 0.00127304 -0.000341812 -0.000101693 -1.61912e-05 -1.58912e-06 -3.04242e-05 -0.000109784 -4.98035e-06 7.9491e-05 -2.84067e-05 -0.00205306 1.50788e-05 -0.000456846 0.000794014 0.00194856 -9.13887e-06 -1.20427e-05 -1.35206e-05 -0.00063397 0.00186748 -1.12694e-06 0.000267293 -8.67777e-05 -0.000683974 -7.32566e-05 -0.000524632 -4.65157e-05 -6.7767e-05 
-0.0137778 6.59495e-05 -0.00565418 -0.000430877 -0.000293013 0.0696861 -0.0032861 -0.00172798 -0.00102976 -0.00182992 -0.00179241 -0.00959382 -0.00155914 0.000103712 -0.011036 0.00921664 -0.0187919 0.00586507 0.012518 0.00184535 0.000963303 0.000115295 -0.0142018 -0.0138109 -0.00414757 0.0185723 -0.00804052 0.0115782 0.00744198 -0.000288386 0.000214279 -0.00182825 -0.00315681 0.0131779 -0.00301354 0.00208829 0.000443877 -0.00339628 -0.000858856 -0.000893779 0.000204253 -0.000692458 -0.00670571 9.23098e-05 -0.00120427 -0.00521082 0.00288196 -0.0082259 -0.000306458 -0.00031093 0.00532824 -0.0025404 -0.00040548 -0.00379555 -0.000222686 -0.00163427 -0.00108046 -0.00393055 0.000579157 0.000926456 0.000421679 0.00152489 0.010895 0.00949645 0.000149394 -7.08082e-05 -0.00105793 -0.00914718 0.000756861 -0.00117489 -0.002854 -0.000188297 -0.0082324 -0.00481236 -0.000542613 -0.000304011 -0.000131252 -0.000341262 -0.00147566 -4.43498e-05 -0.000442145 -0.000212637 0.0108514 -0.00188218 -0.0021584 -0.00391061 -0.00663483 0.000187955 -0.00032189 -0.000270757 0.00342157 -0.00538209 -0.000140572 -0.000655221 0.000206079 0.00802011 -0.000393508 0.00391176 0.000113102 -0.000377515 
-0.0141084 -0.000177552 -0.00773426 -7.41802e-05 -0.000191985 -0.0032861 0.0601961 -0.00361634 -0.00108211 -0.00168996 0.00148627 -0.00764463 -0.00336754 -0.00675811 -0.00821166 0.00420897 -0.00131944 0.00383173 0.0191947 -0.0161702 -0.000401739 -0.00375881 -0.01189 -0.0185698 -0.00476613 0.0093015 0.00159535 0.0212373 -0.0196756 -0.000124964 -6.2553e-05 0.000398683 -0.00355354 0.0114684 0.00365199 -0.000918425 0.0203959 -0.00845899 0.000307026 0.00526834 0.00010235 -0.000519447 -0.00363994 -0.00067917 -0.00215149 -0.00544325 -0.00140621 -0.00483419 -0.000190935 6.3229e-05 0.00419463 -0.00215075 -5.37951e-05 -0.00413442 -0.000258925 0.000476455 0.00474821 -0.00225038 -0.000203357 -0.00283363 -0.00152966 0.000918235 0.0131599 0.00997208 -8.08519e-05 -0.000198762 -0.00150612 0.0011431 -0.00106404 -0.000178294 -0.00125163 -0.000125577 -0.00297126 0.000353641 0.00186638 -0.000194893 -0.00036503 0.00105626 0.000866197 0.000455021 -0.000290866 -0.000330114 -0.00115684 -0.00130345 0.00300227 -0.00201989 -0.00587417 0.00527388 -0.000268599 -0.00227468 -0.000634359 -0.00342782 5.27788e-05 -0.00756101 -0.00173267 -0.00406577 0.00383891 0.00611459 -0.000649733 -0.000781376 
-0.00591931 0.000626121 0.00193174 6.23366e-05 0.000265486 -0.00172798 -0.00361634 0.0646679 0.00139637 0.00430548 -0.000376791 0.00763786 0.00119973 0.0134011 0.00477074 -0.019194 0.00361643 -0.0260026 -0.0239626 0.00182866 0.000297677 -0.0184017 0.0145953 0.0124695 0.0205681 -0.00380685 0.00413182 -0.026528 0.0144102 -0.000418142 0.000154679 -0.0018233 0.00240584 -0.0200918 0.00565905 0.00120106 -0.0119418 0.00432494 0.000159721 -0.00232402 -6.66974e-05 0.00130074 0.00648396 0.000698535 0.00271271 0.00998292 -0.00323359 -0.00883061 0.00210964 0.00162766 -0.0140898 0.00164098 0.00042967 0.00823631 6.22466e-05 0.000781511 -0.000153575 -0.00411274 0.00334423 -0.00302908 -0.00125968 0.000697531 -0.0264655 -0.0157333 0.000266384 -9.60007e-05 -0.00209554 -0.0102445 0.000339527 0.00134983 0.00103083 0.000244906 -0.00671749 -0.000399113 0.000595822 -6.1082e-05 0.000800776 -0.000498402 -0.000396308 -7.74342e-05 0.000110501 -0.000153255 -0.012157 -0.000109108 0.00233981 0.00350729 0.0143209 0.00588219 0.000272685 0.00424013 -0.00625798 0.000149225 0.000335213 0.0238224 0.00785519 -0.0195084 9.97786e-05 0.00240113 0.00170465 0.00401568 
-0.00230343 0.00048715 0.00340166 0.000159741 0.000178203 -0.00102976 -0.00108211 0.00139637 0.020906 -0.000317582 0.0022898 -0.00109173 0.00378231 0.00462291 -0.00409095 -0.00263488 0.00139786 -0.00536955 -0.00566988 -0.000632079 0.00200399 0.00345796 0.000676691 -0.000538528 0.00416459 -0.00418193 -0.000811381 -0.00797819 -0.000324486 4.64335e-05 0.000394518 0.000724745 0.00224143 -0.00603342 0.00307611 0.000981335 -0.00407489 0.00250668 -0.000113118 -0.000368638 -0.000168294 0.000358737 0.00357503 0.00180549 0.000814737 0.00526607 -0.000525524 -0.0030196 0.000163828 -0.000367797 -0.000383493 0.00127054 -1.84206e-05 0.00437236 0.000469181 0.00131982 -0.000342567 0.00111647 -0.000460886 -0.000647724 -0.000622741 -0.000682683 -0.00680074 -0.00195024 0.000259107 0.000210777 0.000505334 -0.00995757 0.000370059 0.000224922 0.000464046 0.000369443 -0.00167125 2.99562e-05 -0.000359791 0.000148191 0.000525008 1.45243e-06 0.000696782 2.88936e-05 4.75553e-05 0.000170034 -0.00502402 0.00101012 -0.000259404 -0.000962169 -0.0014522 -0.00036425 7.79336e-05 0.00181858 -0.00163381 -0.000965814 8.11176e-05 0.00142191 -0.000332295 -0.00389238 -0.000312789 0.001744 -0.000130698 0.00232173 
0.00591018 -2.8953e-05 -0.00583942 -0.000150345 0.000290204 -0.00182992 -0.00168996 0.00430548 -0.000317582 0.0292805 0.00183291 0.010063 -0.00109779 0.0104351 0.0122729 -0.00681369 0.0121685 -0.0124858 -0.013524 -0.00761569 -0.000519439 -0.0155291 0.0108609 0.0148922 0.000146061 -0.0135244 -0.00362175 -0.0136379 0.0122451 -0.000127762 -8.63006e-05 -0.00111279 0.00349028 -0.0139628 -0.00158731 -0.000295019 -0.00699892 -0.00190387 0.000654203 -0.000555864 0.000847555 -0.000105989 0.00548773 9.90131e-05 0.0011215 -0.00193164 -0.00141408 -0.0027259 0.000479418 0.000307347 -0.00546733 0.00406231 0.000505811 0.00163255 -1.96955e-05 -0.000159239 -0.000467672 -0.000555178 -0.000422355 -0.000759272 -0.000441805 -0.000817603 -0.0178452 -0.00513189 -0.000131653 0.000100233 -0.000665859 0.00795644 -0.00041522 0.00019496 0.00353511 0.000171336 0.00422038 -0.00299415 -0.000539507 0.000404109 0.000410014 -0.000177277 -0.000766648 -4.00271e-05 0.00164069 -2.21929e-05 -0.0142137 -0.000472194 -0.00399822 0.00796512 0.0142579 0.00314217 0.000633133 0.000360398 -0.00352745 -0.000225668 -7.13523e-05 0.00868218 0.00258411 -0.00849513 -0.000342502 -0.000438416 0.00105607 -4.664e-05 
-0.0174508 9.39156e-05 -0.00298344 0.000134784 -2.47752e-05 -0.00179241 0.00148627 -0.000376791 0.0022898 0.00183291 0.0594781 0.0146642 0.00678411 -0.00115636 0.00690496 -0.00490343 0.0137976 -0.0131224 -0.0201329 -0.00237041 0.00180768 -0.010203 -0.00546771 -0.000863386 0.0188367 -0.0126253 0.00171119 -0.0217479 0.000461951 -0.000742168 0.000675869 0.00437622 0.00455551 -0.0258578 -0.000465265 -0.000148613 -0.0044683 0.000500319 -0.000368498 0.00442156 -0.000705086 8.36106e-06 0.00317934 0.000236394 -0.000578926 0.000112656 -7.929e-05 -0.00364831 -0.000222928 9.52718e-05 0.00211262 -0.000483221 0.000100472 0.00997837 0.000170753 0.00805825 -0.00108809 -0.00041172 -0.000417404 -0.000479332 0.00391578 0.000182286 -0.0122406 -0.01061 6.50277e-05 -4.04552e-05 0.00246648 -0.0116272 -0.000302658 0.000635595 -0.000515205 0.000672599 0.0120782 0.000421969 -0.000793898 -0.000359309 0.00186254 -0.000467479 -0.000442365 0.000344704 0.000478382 0.000145407 -0.0212368 -0.0007605 -0.00173467 0.00856463 0.00680118 0.00236116 0.000192588 0.000285045 -0.00407622 0.0013258 -0.000286248 0.00329272 0.00217732 -0.00641093 0.00245618 0.0062841 -0.0001594 0.0015742 
0.0147194 8.35341e-05 -0.0219603 0.000279313 0.00202665 -0.00959382 -0.00764463 0.00763786 -0.00109173 0.010063 0.0146642 0.12453 -0.000264591 0.0196482 0.0712604 -0.0400877 0.0360428 -0.0654096 -0.0621572 0.000854622 -0.000730239 -0.0284193 0.055505 0.0399038 0.029163 -0.0517748 -0.00838065 -0.061239 0.0321504 0.00132174 0.000129531 -0.000816244 0.0198666 -0.067359 -0.00958183 0.0030652 -0.0331539 0.0235161 0.00234355 -0.00309016 -0.000862364 -0.000155619 -0.00310318 -0.000629649 -0.00325053 -0.000101084 -0.00813587 -0.000852439 0.000960405 0.00340279 -0.0169497 0.00223009 0.000849601 0.0294763 -0.000353113 -0.00263384 -0.00280242 0.00321777 -0.0029664 -0.00669886 0.00588275 -0.00402452 -0.0552032 -0.0425444 0.00265939 0.000559787 -0.00265261 0.0323848 -0.00158033 0.000115599 -0.00174741 0.00137514 0.0179378 -0.0101302 -0.00308165 4.93792e-05 0.00134838 0.000136951 -0.0033784 -0.000246491 0.00330735 0.000236484 -0.0601947 -0.00172991 -0.0136456 0.0392327 0.0539885 0.0063638 0.000434236 -0.000343335 -0.0222443 0.0388946 -0.00039336 0.0159562 0.0104057 -0.0207902 -0.000123781 -0.0121767 7.50783e-05 -0.0017759 
0.000622366 0.000490607 0.0222464 0.000748926 -0.000276192 -0.00155914 -0.00336754 0.00119973 0.00378231 -0.00109779 0.00678411 -0.000264591 0.0641714 -0.00678382 -0.00118768 -0.0121229 -0.00280046 -0.0133655 -0.0284704 0.0032325 0.00105902 -0.00749045 -0.0115149 0.00263386 0.0171962 0.0017224 -0.000985703 -0.0205795 0.0008025 -0.00015025 0.000438538 0.00181017 -0.00147377 -0.0226311 0.0115622 -0.000819424 -0.00273353 -0.00464639 -0.000628387 0.00171189 -0.000417818 0.00021399 0.00151424 0.00101012 -0.000473324 0.00715006 -0.00217888 0.013202 1.21605e-05 0.000196168 0.00245081 -0.000729026 -0.000203037 -0.000680847 0.000119479 -0.00133689 -0.000264379 -0.00365336 -0.000261454 0.000825103 -0.00131397 -0.00136555 -0.00596271 0.00655704 -3.90865e-05 0.000930192 0.00761525 -0.0220755 0.000906751 -9.43221e-05 -0.00166835 0.000160774 -0.00253057 0.00892877 -0.00104554 0.000611699 -0.000380843 -0.000143491 0.00050748 4.86297e-05 5.51683e-05 -0.000181735 6.25413e-05 0.00362303 0.0136743 -0.00143328 -0.00411067 -0.000544119 0.00017722 0.00100004 -0.0066807 -0.00184007 8.0366e-05 -0.000937528 -0.000800056 -0.00221234 -0.000862254 -0.00131614 -0.0005988 -0.000562421 
-0.0124489 0.00186639 -0.0256091 -0.000920842 0.00164493 0.000103712 -0.00675811 0.0134011 0.00462291 0.0104351 -0.00115636 0.0196482 -0.00678382 0.160474 0.0441126 -0.0478104 0.0521677 -0.0511636 -0.0284785 -0.00349367 -0.00182047 -0.0398115 0.045078 0.0453826 0.024882 -0.0436445 -0.00692701 -0.0519774 0.0449711 -0.000500127 -0.000491388 -0.0035896 0.00697375 -0.0507865 -0.000820922 0.0066943 -0.0297457 0.0232462 0.00113797 -0.00703049 0.00137711 0.00160441 0.0331735 0.00324954 0.00747401 0.0299259 0.00449326 -0.0303279 0.00244115 -0.00100511 -0.0299587 0.00918355 0.000504929 0.0203946 0.00102362 0.00307962 -0.00350965 -0.00484123 0.000509199 -0.0104893 0.000107927 -0.00227881 -0.0681009 -0.036166 -2.84223e-05 -5.79021e-05 -0.00485605 0.00885127 -0.00210427 -0.00141488 0.00912258 0.000744343 -0.00952079 -0.0167653 -0.000844241 -0.000921864 -0.000211705 -0.00226045 -0.00289033 -5.08323e-05 0.000465112 -0.00114763 -0.0704748 -0.00314797 -0.0154829 0.017798 0.0429496 -0.00155013 -0.000100992 0.0174936 -0.0316428 0.0236786 -7.74041e-05 0.0518103 0.00180005 -0.0390216 -0.00344445 0.0104661 0.002641 0.00325944 
0.0390371 0.000207715 -0.0229612 0.000572292 0.00256954 -0.011036 -0.00821166 0.00477074 -0.00409095 0.0122729 0.00690496 0.0712604 -0.00118768 0.0441126 0.172381 -0.0485983 0.0381981 -0.0684789 -0.0663704 -0.0074067 -0.00328365 -0.0474292 0.0615306 0.0409472 0.0216971 -0.0624177 -0.00628149 -0.0661106 0.0275795 -0.000499297 -0.000606051 -0.00583788 0.0178669 -0.0686813 -0.0115436 0.00217978 -0.0350942 0.00570132 0.00228365 -0.00770898 -0.000127641 -0.00105859 0.00166894 -0.00159481 -0.00720044 -0.00540065 -0.0110316 -0.0039117 0.000690309 0.00471718 -0.0291488 -0.00485836 6.65697e-05 0.023082 -0.000612521 -0.0076071 -0.00401519 0.00762044 -0.00602003 -0.00461044 0.00952188 -0.00656238 -0.0668692 -0.0423818 0.00245437 0.000441806 -0.00199939 0.0543429 -0.000783459 -0.00248224 0.00973748 0.000232343 0.0239487 -0.0199467 -0.00338089 -0.00104696 0.000990553 0.00069645 -0.00308124 -0.000390597 0.00197802 -0.000637889 -0.0589597 -0.00184329 -0.0177998 0.0409005 0.0632432 0.010606 2.89907e-05 0.00832287 -0.0399667 0.0551807 -0.000483105 0.0392326 0.0129964 -0.016891 -0.0009687 -0.0147406 0.000940064 -0.0034653 
-0.00871916 -0.00109558 -0.00130774 -0.00180588 -0.00124721 0.00921664 0.00420897 -0.019194 -0.00263488 -0.00681369 -0.00490343 -0.0400877 -0.0121229 -0.0478104 -0.0485983 0.230739 -0.0687733 0.0527478 0.0778778 -0.00521724 -0.00240846 0.0569734 -0.0459083 -0.0906158 -0.0473138 0.0682304 0.00832857 0.0755361 -0.0637695 -0.00274402 0.000212826 -0.00819179 -0.0176704 0.0723122 -0.0236394 -0.00296906 0.0471528 -0.047705 0.00120383 -0.00354795 -0.00056423 -0.00196916 -0.0227991 -0.00324354 -0.0126561 -0.0174704 0.0170536 -0.0215274 -0.00227083 -0.00262135 0.0215143 -0.0163433 -0.00252868 -0.0248456 -0.000151856 0.00579478 -0.00356359 0.0147883 -0.00671985 0.0037244 -0.00400672 -0.00358282 0.0677829 0.00175866 -0.00149286 -0.000333094 0.00262748 -0.0356142 -0.000190953 -0.00393337 -0.00960519 -0.0010543 -0.00253979 0.0154474 0.0045879 2.54412e-05 -0.000610549 0.000400038 0.00334683 3.37531e-05 -0.00191466 -0.000491322 0.0761601 0.00275978 0.00698362 -0.0196884 -0.0349711 -0.0122005 -0.00188335 -0.0143345 0.0181409 -0.0213977 -0.00130823 -0.0425234 -0.0052118 0.0461159 0.00184802 -0.0222528 -0.00417453 -0.00422897 
0.031766 0.000112231 -0.0694539 0.000285827 0.00035129 -0.0187919 -0.00131944 0.00361643 0.00139786 0.0121685 0.0137976 0.0360428 -0.00280046 0.0521677 0.0381981 -0.0687733 0.244088 -0.0135816 -0.0610139 0.0190169 -0.00170509 -0.0483922 0.0559867 0.107514 -0.00719507 -0.137519 -0.0374246 -0.0712093 0.0868292 -0.00132668 -0.00109404 0.00890137 0.0165634 -0.0577774 0.000694756 -0.000286037 -0.0350348 0.0436552 -0.00043781 0.00567295 -0.00406402 -0.000803091 0.0383643 0.000588132 0.0166365 0.0241457 -0.0112896 -0.00400302 0.00134982 0.00386615 0.0107946 0.0201297 0.00243356 0.0250739 -0.000382617 0.00713152 -0.005754 -0.0163538 0.00144676 -0.0127046 -0.00727233 0.0040013 -0.0882047 -0.0738915 -0.00279138 0.000537976 -0.00142781 0.0516769 -0.00237913 0.00359617 0.0159536 0.000311022 0.0252306 -0.0360272 -0.00700161 -0.00214457 -0.000326809 -0.00326153 -0.0071174 -0.00045931 0.00140201 -9.65419e-05 -0.133824 0.00402175 -0.055217 0.0171755 0.0336448 0.0131767 0.00149009 0.0160269 -0.0376552 0.0070713 -0.000764975 0.0300439 0.0054169 -0.0332158 -0.00158235 0.0161864 0.00291694 0.00448429 
0.0106359 -0.00189898 0.000952152 -0.000473288 -0.00244284 0.00586507 0.00383173 -0.0260026 -0.00536955 -0.0124858 -0.0131224 -0.0654096 -0.0133655 -0.0511636 -0.0684789 0.0527478 -0.0135816 0.150588 0.0660107 0.00492798 0.00167276 0.0451195 -0.0519309 -0.0282266 -0.0588898 0.0339853 -0.00525261 0.0665977 -0.0328389 -0.00396442 -0.000115741 0.00274744 -0.0186383 0.0863691 -0.00563166 -0.0063368 0.0347062 -0.00906592 -0.0018443 0.00587831 -0.00202846 -0.00325029 -0.0067914 -0.00263648 -0.00425486 -0.018938 0.00962617 0.0186858 -0.00436666 -0.00386202 0.0405063 -0.0037879 -0.00216277 -0.038258 -0.000440161 0.000676636 0.000328678 0.00154146 0.00331109 0.00376354 -0.00502989 0.00381605 0.0712595 0.0226509 -0.00358549 -0.000663445 0.00310082 -0.00508684 0.00149045 0.000337567 -0.00159808 -0.00178024 -0.00427753 0.00277774 0.000964889 -0.000631285 -0.00356945 -0.00110699 0.00233783 3.65531e-05 -0.00294541 -0.000188124 0.051088 0.00179082 -0.00537278 -0.0393991 -0.0635689 -0.0111493 -0.000335179 -0.0112704 0.0204506 -0.0452233 5.05596e-05 -0.0394872 -0.0131332 0.0184324 0.000313871 -0.00122281 -0.00370769 -0.000333562 
-0.0443501 -0.0010962 -0.0046718 -0.00147394 -0.00181921 0.012518 0.0191947 -0.0239626 -0.00566988 -0.013524 -0.0201329 -0.0621572 -0.0284704 -0.0284785 -0.0663704 0.0778778 -0.0610139 0.0660107 0.249977 -0.00995129 -0.00595622 0.0585151 -0.087271 -0.100917 -0.0606916 0.0837799 -0.00444443 0.164794 -0.0678172 -0.00352651 -0.000413292 0.000981366 -0.0265442 0.111992 -0.0061222 -0.00179579 0.0650954 -0.0402262 -0.00100876 -0.000216702 0.00319882 -0.00366321 -0.0224432 -0.00316853 -0.0166703 -0.0367638 0.00946717 -0.028205 -0.00323104 -0.00468477 0.0114802 -0.0166712 -0.00254291 -0.029834 -0.00130552 -0.0111584 0.00752104 -0.00664144 -0.00263821 -0.0184729 -0.00353971 -0.00247394 0.0909558 0.0398045 -0.00161258 -0.00138429 -0.00786774 0.00310555 -0.00323251 -0.0075544 -0.0152396 -0.00165445 -0.036171 0.00929156 0.0063474 -0.00244937 -0.00150093 -0.00146165 0.00133496 0.00078039 -0.00295985 -0.00110686 0.0820191 -0.0036861 -0.00477704 -0.0272435 -0.0480957 -0.0104876 -0.00201084 -0.015114 0.0239264 -0.0316874 -0.000498112 -0.039703 -0.0133509 0.0571659 0.00329168 0.0159042 -0.00105085 -0.00022925 
-0.0192071 0.000105576 0.00201001 -0.000635701 -0.00100299 0.00184535 -0.0161702 0.00182866 -0.000632079 -0.00761569 -0.00237041 0.000854622 0.0032325 -0.00349367 -0.0074067 -0.00521724 0.0190169 0.00492798 -0.00995129 0.11679 -0.000865183 0.00495665 -0.00218306 0.0195886 0.00995124 -0.0185437 -0.0170008 -0.0141306 0.0159345 -0.00191267 -0.00094766 -0.000507063 0.00472342 -0.00779985 -0.00317377 6.51012e-06 -0.00106152 0.013249 -0.00122263 -0.00960146 -0.00371776 -0.000101186 0.00374208 0.00137612 0.00167117 0.0104368 -0.00722284 0.0152488 -0.000198077 0.000389063 0.0114722 0.000437541 -0.00339439 0.00648817 -4.00446e-05 0.00222106 -0.00975234 -0.0267801 -0.00219695 -0.00156162 -0.00703494 -0.00153952 -0.00493323 -0.0141852 -0.00224849 0.000166111 0.00147991 0.00142734 -0.00220849 0.000523627 -0.00913863 4.49763e-05 -0.0181383 0.00183845 -0.000687562 -0.00229581 1.46765e-05 -0.0022955 -0.0056832 -0.000506635 -0.00234689 -0.00244386 0.00538922 0.00195962 2.62806e-06 0.000221008 -0.00293387 0.000254004 -0.000418356 0.000968815 -0.00370866 -0.00422576 -0.000549198 -0.00121876 -0.00359243 0.0150261 -0.000219657 -0.00157318 -0.00105596 0.000979378 
-0.00273619 0.000191713 0.0102404 0.000263714 6.11038e-05 0.000963303 -0.000401739 0.000297677 0.00200399 -0.000519439 0.00180768 -0.000730239 0.00105902 -0.00182047 -0.00328365 -0.00240846 -0.00170509 0.00167276 -0.00595622 -0.000865183 0.0337777 0.00219847 -0.00387025 -0.00066936 0.00864699 -0.0051181 0.00531882 -0.00795935 -0.00615734 0.00108839 0.000242063 0.000360725 -0.000971224 -0.00755069 -4.03516e-05 7.0265e-05 0.000262299 -0.00174768 0.000317168 -0.000799033 -9.99474e-05 0.000347992 -0.000182616 0.00102285 -0.00125776 0.00439398 -0.00157081 0.00226468 -0.000147163 0.000266334 -0.00190642 0.000673981 5.06731e-05 -0.000522541 0.00125655 -0.000392129 -0.00065058 0.000357313 -0.000923308 0.000163639 -7.23571e-05 -0.00143265 -0.000782908 -0.00477033 0.000171784 5.15045e-06 0.000531095 -0.00730546 0.00107441 0.00111108 -0.000467009 0.000167097 -8.18044e-05 0.00401361 5.87879e-05 -0.000303519 -0.000199616 -0.000105649 0.000657299 7.28999e-05 0.000267909 9.5255e-05 0.000246651 0.00200732 0.0074493 -0.000874854 -0.00108837 -0.000335783 -1.57782e-05 -0.000829376 -0.00325735 -0.00106997 -2.7158e-05 -0.00373919 -0.000724467 -0.00744 -0.000172369 -0.00123257 -8.82207e-05 -0.00019173 
0.00171791 -0.00142753 0.00838948 -0.000534858 -0.000687137 0.000115295 -0.00375881 -0.0184017 0.00345796 -0.0155291 -0.010203 -0.0284193 -0.00749045 -0.0398115 -0.0474292 0.0569734 -0.0483922 0.0451195 0.0585151 0.00495665 0.00219847 0.213049 -0.0100867 -0.0905601 -0.0221515 0.0361919 0.0318713 0.0526637 -0.0703789 -0.00138849 -0.000506066 0.000350507 -0.0101616 0.0369618 -0.0357794 -0.00186819 0.0350913 -0.0165499 0.000316017 -0.0128274 -0.00285718 0.00322598 -0.0117757 -0.000542725 -0.00900519 0.00183255 0.00297081 0.0205632 -0.00206168 -0.00856065 0.0199095 -0.0110924 -0.00281042 -0.0241493 -0.000583834 0.000414863 -0.00400535 0.00980732 -0.0124156 0.00309477 -0.00179284 -0.0116421 0.0754445 0.016964 0.000418396 -0.000853752 -0.000770053 -0.00925964 -0.00057482 -0.00369656 -0.0179531 -0.000849254 0.00391478 0.0121982 0.00276712 -0.00213181 -0.00252184 0.00113639 0.00194123 0.000355132 -0.00357729 -0.0011052 0.0548544 -0.00130575 0.0066224 -0.03103 -0.0505712 -0.028927 -0.00312567 -0.024023 0.00766625 -0.0256592 -0.00047903 -0.0520649 -0.0109216 0.0556724 -0.00198206 -0.0135521 -0.00157542 -0.00356563 
0.0415272 0.00013512 -0.045051 -0.000213206 0.00182701 -0.0142018 -0.01189 0.0145953 0.000676691 0.0108609 -0.00546771 0.055505 -0.0115149 0.045078 0.0615306 -0.0459083 0.0559867 -0.0519309 -0.087271 -0.00218306 -0.00387025 -0.0100867 0.204781 0.0704384 0.00935344 -0.0693333 0.000299899 -0.105923 0.0574065 0.00410311 -0.000730981 -0.00741557 0.0242871 -0.0474371 -0.0155074 0.00280383 -0.0629333 0.0534037 0.00283961 -0.00278211 -0.000771769 0.00556375 0.0204115 0.00147398 0.0131885 0.0450053 -0.010522 -0.0142136 0.0043227 -0.00121569 -0.0361307 0.0105183 -0.000541001 0.0231801 4.68025e-05 0.00339239 -0.0046181 0.0102261 -0.00296119 -0.00405318 3.72083e-05 -0.0117811 -0.0830245 -0.0578395 0.0020655 -2.09851e-05 -0.00339046 0.0369024 0.000323286 0.00475509 0.0147884 -0.000287616 0.0260069 -0.0273263 -0.00217418 0.000719301 0.00068279 0.00107529 -0.00551268 -0.000397068 0.00143991 0.000884191 -0.0776389 -0.0023527 -0.0296172 0.0224511 0.0478223 -0.00306855 0.00051533 -0.00210675 -0.0410103 0.0295426 -0.000802554 0.0289689 0.0108766 -0.0364692 -0.00403365 -0.0221032 0.00455099 -0.0015407 
0.0385823 0.000977149 -0.0395055 0.000824019 0.000440528 -0.0138109 -0.0185698 0.0124695 -0.000538528 0.0148922 -0.000863386 0.0399038 0.00263386 0.0453826 0.0409472 -0.0906158 0.107514 -0.0282266 -0.100917 0.0195886 -0.00066936 -0.0905601 0.0704384 0.237782 0.00302553 -0.107128 -0.0467639 -0.10755 0.119543 0.00222037 -0.000651382 0.000844052 0.0177082 -0.0607818 0.0068404 0.00137227 -0.0667328 0.0746318 -0.0017238 0.00514059 -0.00151056 -0.0017282 0.0371088 0.00207749 0.021299 0.0159453 -0.0124654 0.0100251 0.00160682 0.00436525 -0.01226 0.0199079 0.000855016 0.0263838 0.000979935 0.00264517 -0.00425306 -0.0143079 0.0067652 -0.00851452 -0.00280646 0.00678434 -0.101623 -0.0327573 -0.00172421 0.0011212 -0.00310093 0.0522532 -0.00222095 0.00580018 0.0204362 0.000668712 0.0132588 -0.027587 -0.00645059 0.000168967 0.000669947 -0.00328363 -0.00603496 -0.000639067 0.00240068 0.00138793 -0.103186 -0.000905404 -0.0389487 0.0193262 0.042139 0.0144712 0.00225061 0.0184845 -0.0215669 0.0109448 -7.7178e-05 0.0322525 0.00727861 -0.072963 -0.00371548 -0.0133845 0.00534927 0.00250928 
-0.0441546 0.00124055 0.0376109 0.000244211 0.000620875 -0.00414757 -0.00476613 0.0205681 0.00416459 0.000146061 0.0188367 0.029163 0.0171962 0.024882 0.0216971 -0.0473138 -0.00719507 -0.0588898 -0.0606916 0.00995124 0.00864699 -0.0221515 0.00935344 0.00302553 0.1666 -0.0142335 0.0303909 -0.0608621 -0.00729208 3.4925e-05 0.000796396 -0.00387836 -0.00328758 -0.0717733 0.0155784 0.00290163 -0.0152253 -0.00325963 -0.00174255 -0.00802967 -0.00119131 0.00276543 -0.00337394 0.00244903 -0.00321192 0.0199281 -0.00869816 0.00163959 0.00193644 0.00223503 -0.0333456 -0.00269659 0.00125989 0.00843195 0.000635935 -0.000444891 -0.00244327 -0.00619908 -0.00272959 -0.0028303 0.00462896 -0.00565796 -0.0216504 -0.0277058 0.0031776 0.000194089 0.00103452 -0.0296865 -0.0024429 0.000501772 -0.000296468 0.00127418 -0.00547431 0.0169335 -0.00183517 -0.000783499 0.00103572 -0.001789 -4.65845e-05 0.00024107 0.00047453 -0.000889257 -0.00245054 -0.00067277 0.039168 0.0204059 0.0169445 0.0108961 -0.000902987 0.00405654 -0.016586 0.0218492 5.68933e-05 0.026622 -0.00132821 -0.0178891 -0.000269479 0.00913085 -1.20644e-05 0.000870647 
-0.0325057 -0.000707297 0.0479624 -0.00123968 -0.0017794 0.0185723 0.0093015 -0.00380685 -0.00418193 -0.0135244 -0.0126253 -0.0517748 0.0017224 -0.0436445 -0.0624177 0.0682304 -0.137519 0.0339853 0.0837799 -0.0185437 -0.0051181 0.0361919 -0.0693333 -0.107128 -0.0142335 0.248162 0.0119899 0.0925289 -0.072477 -0.00211772 0.000165807 -0.0193339 -0.0205729 0.0835073 0.00154212 -0.00476824 0.0537979 -0.0537255 -0.000689561 -0.00237355 0.000812489 -0.00318006 -0.0297906 -0.00370016 -0.0163168 -0.0199606 0.00341987 -0.00274567 -0.00192703 -0.0051493 -0.00719813 -0.0230671 -0.00346602 -0.0293735 -0.00117091 -0.0122402 0.00484591 0.00121316 -4.86496e-05 0.0023888 0.00160953 -0.00147324 0.0849796 0.060439 -0.00124319 -0.00137615 -0.00191913 -0.0465843 -0.00219399 -0.00655626 -0.016629 -0.00160844 -0.0440519 0.0275325 0.00303647 0.00089082 -0.00178102 0.000308924 0.00474895 0.000655108 -0.00193108 0.000583657 0.101777 -0.00398744 0.0405319 -0.0246812 -0.0437178 -0.0133938 -0.000469404 -0.0161189 0.030072 -0.0237202 -0.000347178 -0.0308152 -0.0059089 0.03379 0.00340014 0.0179504 -0.00463251 -0.00580921 
-0.0158058 -0.000483351 0.0268665 -0.000138363 0.000223482 -0.00804052 0.00159535 0.00413182 -0.000811381 -0.00362175 0.00171119 -0.00838065 -0.000985703 -0.00692701 -0.00628149 0.00832857 -0.0374246 -0.00525261 -0.00444443 -0.0170008 0.00531882 0.0318713 0.000299899 -0.0467639 0.0303909 0.0119899 0.136809 -0.0082922 -0.0549892 0.00101086 0.000403984 0.00258029 -0.00851174 -0.0173224 -0.00918458 0.00166601 0.0241036 -0.015536 0.000352425 -0.00233513 0.00370348 0.00550121 -0.0113122 7.39351e-06 -0.00443551 0.0188903 -0.00165557 0.00448201 0.00187105 -0.0030388 -0.0010812 -0.00578667 0.00200632 -0.00891086 0.00092735 0.00430944 -0.00199509 0.0116017 -0.00209142 0.0123366 -0.000959412 -0.00499794 0.020127 -0.00986826 0.000653598 -0.000272807 0.00323805 -0.0466749 0.00295839 0.000157353 -0.00377551 4.15e-05 -0.00521683 0.0167642 0.00128458 0.000125922 -0.000781064 0.000767402 -0.00249825 0.000280262 -0.000712469 -0.000491326 0.0333864 -0.000314293 0.032241 -0.00607423 -0.0107505 -0.00674663 -0.00085772 -0.00657982 0.00199963 -0.000518836 0.000368618 -0.0176049 -0.00217658 -0.0113475 -0.000295434 -0.00756093 -0.00174331 -0.00202378 
-0.0210815 -0.00116944 0.00596472 -0.00097081 -0.00192026 0.0115782 0.0212373 -0.026528 -0.00797819 -0.0136379 -0.0217479 -0.061239 -0.0205795 -0.0519774 -0.0661106 0.0755361 -0.0712093 0.0665977 0.164794 -0.0141306 -0.00795935 0.0526637 -0.105923 -0.10755 -0.0608621 0.0925289 -0.0082922 0.249402 -0.0868562 -0.00526855 -0.000429848 -0.00233997 -0.0263672 0.107548 -0.00247302 -0.00551866 0.0735052 -0.0607412 -0.00126333 -0.00231053 0.000475847 -0.00422627 -0.0369373 -0.00438525 -0.0163391 -0.0479532 0.0104506 -0.00543751 -0.00322356 -0.00443427 0.0256361 -0.0196313 -0.00171444 -0.0344591 -0.00164682 -0.0149645 0.0088508 -0.00746039 -0.00378052 -0.0114996 -0.00154605 -0.00372972 0.110423 0.0518028 -0.00252714 -0.00077554 -0.00795823 0.0129386 -0.00218174 -0.00643437 -0.0204114 -0.00167232 -0.0321652 0.0158021 0.00398627 -3.58419e-05 -0.00124355 -0.000298772 0.00286087 0.000362981 -0.00257589 -0.00118345 0.0876076 -0.00472444 0.00247487 -0.0266201 -0.046527 -0.00558754 -0.000563423 -0.0182275 0.0395176 -0.031254 0.000963281 -0.0466879 -0.0124611 0.0587323 0.00286717 0.0142528 -0.00412189 -0.0073193 
0.0307635 0.000640337 -0.0540548 -0.00227496 0.000329742 0.00744198 -0.0196756 0.0144102 -0.000324486 0.0122451 0.000461951 0.0321504 0.0008025 0.0449711 0.0275795 -0.0637695 0.0868292 -0.0328389 -0.0678172 0.0159345 -0.00615734 -0.0703789 0.0574065 0.119543 -0.00729208 -0.072477 -0.0549892 -0.0868562 0.244966 0.000333074 -0.000819209 0.00420824 0.00560884 -0.0575256 0.00214286 0.00190576 -0.0522413 0.0433684 -0.00327029 0.00839432 0.000116762 -0.00315842 0.0295171 0.00198116 0.0128394 0.0139979 -0.0093954 -0.00626688 0.000776241 0.00106946 -0.0279522 0.0127843 -0.00116723 0.0245014 -0.00120165 -0.000285011 -0.00717793 -0.0142304 0.00470873 -0.0101023 -0.00575934 0.00357391 -0.084824 -0.0169115 -0.00134009 0.000806536 -0.00909817 0.0627379 -0.00247332 0.00404605 0.0157745 -0.000207911 0.0186942 -0.0358339 -0.00919099 -0.00169102 -0.000851663 -0.00210639 -0.00550249 -0.000841078 0.000345644 0.000236994 -0.111229 -0.00579323 -0.0505756 0.0182675 0.0406396 -0.00183432 0.00230646 0.011072 -0.0217049 0.013534 -0.00126918 0.053015 0.0119526 -0.0363773 -0.0053209 0.0143536 0.00531815 0.00303237 
0.000117508 0.000148961 -0.000818649 0.000276361 -5.10394e-05 -0.000288386 -0.000124964 -0.000418142 4.64335e-05 -0.000127762 -0.000742168 0.00132174 -0.00015025 -0.000500127 -0.000499297 -0.00274402 -0.00132668 -0.00396442 -0.00352651 -0.00191267 0.00108839 -0.00138849 0.00410311 0.00222037 3.4925e-05 -0.00211772 0.00101086 -0.00526855 0.000333074 0.0148734 -9.70771e-06 9.31458e-05 -0.000306082 -0.00260344 -0.000277645 0.00023955 -0.00286431 0.00219589 -0.000126321 -0.000333231 8.10913e-06 0.000201722 -0.000159712 8.91202e-06 0.0017862 0.00287296 -2.16904e-05 -0.00228407 0.000585071 -0.000210093 -0.00197999 0.00189528 0.000836326 0.000871475 0.00057608 0.00107297 -1.4274e-05 0.00305952 0.000551626 0.0016189 -0.000267393 0.000267115 -0.00285387 -0.000676488 0.000126109 2.40606e-05 8.66094e-05 -0.00443086 0.000797038 0.00163253 0.000776781 0.000209785 0.00224513 -0.000705889 0.000832805 0.000366852 0.000401713 0.000115886 -0.000228375 1.70426e-05 0.000775238 0.000248863 -0.001858 -0.000308635 -0.00110579 0.000305789 0.00157427 0.000219004 -5.20967e-05 -0.000148754 0.000750144 -0.000553082 -1.42827e-05 -0.00130807 0.000215232 -0.0021153 -0.000245648 -0.00177285 -0.000143511 -8.76123e-05 
-0.00132082 3.31279e-06 9.34919e-06 3.00017e-05 1.17372e-05 0.000214279 -6.2553e-05 0.000154679 0.000394518 -8.63006e-05 0.000675869 0.000129531 0.000438538 -0.000491388 -0.000606051 0.000212826 -0.00109404 -0.000115741 -0.000413292 -0.00094766 0.000242063 -0.000506066 -0.000730981 -0.000651382 0.000796396 0.000165807 0.000403984 -0.000429848 -0.000819209 -9.70771e-06 0.00407125 0.000892031 0.000159637 -0.000904892 9.75296e-05 0.000484499 -0.000427347 2.48507e-05 2.54188e-05 0.000116143 7.60347e-05 6.10117e-05 -0.000163159 -9.21208e-06 3.4059e-05 -0.000141475 0.000448411 -0.000424653 9.5125e-06 -7.16097e-05 0.00035895 -0.0001774 0.000183858 0.000343416 4.25083e-07 0.000245199 0.000101569 0.000333867 0.000133879 0.000202344 0.00010283 0.000124753 -7.39515e-05 -0.000215707 4.13329e-05 -9.55139e-08 0.000192306 -0.00190484 -5.99915e-05 -1.87109e-05 0.00015556 2.67407e-05 -4.25696e-05 0.000170842 0.000109066 8.8706e-05 -2.43867e-05 -1.03695e-05 0.00036354 4.62451e-05 2.21399e-05 -6.7715e-06 0.000202836 1.95359e-05 0.000457588 -0.000162674 -0.00030647 -8.55673e-05 -5.61183e-06 0.000261068 -5.20504e-06 -0.000155875 1.73973e-06 -0.000323719 4.65561e-06 -0.0010024 0.000184705 -7.16746e-05 -1.18304e-05 0.000230234 
-0.00743047 -2.44688e-05 -0.00888085 0.000130916 -0.000192997 -0.00182825 0.000398683 -0.0018233 0.000724745 -0.00111279 0.00437622 -0.000816244 0.00181017 -0.0035896 -0.00583788 -0.00819179 0.00890137 0.00274744 0.000981366 -0.000507063 0.000360725 0.000350507 -0.00741557 0.000844052 -0.00387836 -0.0193339 0.00258029 -0.00233997 0.00420824 9.31458e-05 0.000892031 0.05249 0.000118666 -0.00479592 -0.00189174 0.00162508 -0.00286111 0.0109059 -0.000298391 0.0051963 0.000149414 0.000141677 0.0049055 -0.000476325 0.000175835 -0.00133723 0.000116282 -0.00678246 -0.000234384 -0.000947535 0.0128327 0.00236621 -6.11734e-05 0.0071476 0.00015717 -0.000443438 -6.53421e-05 0.000543477 -0.000709928 -0.00206319 -0.00109674 0.00829707 -0.00583014 0.00597832 -1.96946e-05 8.42346e-05 0.000175346 0.000407702 -0.000400326 0.000907524 -2.54426e-05 0.000115772 0.00161004 -0.00125735 0.000308819 -0.000295082 -0.000289899 0.000464289 0.000284535 -7.5843e-05 0.000112635 -0.000143182 -0.00340532 -0.000783176 -0.00317599 -0.00175993 -0.00240124 -0.00219858 0.000178577 0.000346092 -0.00326207 -0.00196952 0.000105034 -0.00475201 -0.00065589 -0.0133059 -0.000168575 -0.00569526 6.75425e-05 0.00142347 
-0.000905485 0.000333589 -0.0113737 -3.71695e-05 0.000373417 -0.00315681 -0.00355354 0.00240584 0.00224143 0.00349028 0.00455551 0.0198666 -0.00147377 0.00697375 0.0178669 -0.0176704 0.0165634 -0.0186383 -0.0265442 0.00472342 -0.000971224 -0.0101616 0.0242871 0.0177082 -0.00328758 -0.0205729 -0.00851174 -0.0263672 0.00560884 -0.000306082 0.000159637 0.000118666 0.0575839 -0.0153947 -0.00326005 0.00088954 -0.0126612 0.0209903 0.00134852 -0.000725 -0.000488256 0.000657481 0.0134347 0.000866902 0.0048511 0.00401106 -0.00345278 -0.00294473 0.000419208 0.000725533 0.000553664 0.00556004 -0.000547548 0.0155531 0.000124842 0.000925414 -0.00114239 -0.00329966 -0.000874543 -0.000732163 0.00431028 -0.00195547 -0.0325026 -0.0189905 0.000385092 -0.000191851 -0.00138769 0.00407724 4.33209e-06 0.000170041 0.00168982 0.000183066 0.000804616 -0.00559898 -0.00115414 -0.00026899 0.000734326 0.000430783 -0.000767679 -9.99245e-05 0.000212427 0.00059787 -0.0309256 -0.000283336 -0.00835317 0.00999961 0.0165236 0.00139233 -0.000100833 0.00731387 -0.0102055 0.00932771 -4.46119e-05 0.0110257 0.00423489 -0.0158131 -7.43319e-05 -0.00508933 0.000893303 0.00277955 
0.00819452 -0.00153545 0.00290954 -0.00133084 -0.00213155 0.0131779 0.0114684 -0.0200918 -0.00603342 -0.0139628 -0.0258578 -0.067359 -0.0226311 -0.0507865 -0.0686813 0.0723122 -0.0577774 0.0863691 0.111992 -0.00779985 -0.00755069 0.0369618 -0.0474371 -0.0607818 -0.0717733 0.0835073 -0.0173224 0.107548 -0.0575256 -0.00260344 -0.000904892 -0.00479592 -0.0153947 0.22765 -0.00260976 -0.00709243 0.0343913 -0.0228203 -0.000264566 0.000850815 -0.0020698 -0.00505236 -0.0157655 -0.00454953 -0.00618287 -0.0273418 0.0104197 -0.0156234 -0.00375903 -0.00395204 0.0060713 -0.00622674 -0.0042343 -0.0439715 -0.00198019 -0.0122261 0.00522849 0.00133737 0.00281163 -0.00688493 -0.000196669 0.00234959 0.0876763 0.0376181 -0.00153071 -0.00193488 0.000863382 -0.000194412 0.00155172 -0.00332356 -0.00668274 -0.00168862 -0.0399946 -0.00666949 0.000633706 0.000185038 -0.00231848 -0.000609089 0.00584708 0.000121666 -0.00285657 0.000111472 0.0867632 -0.00128188 -0.0131521 -0.0359473 -0.0524723 -0.00787638 -0.00148104 -0.013324 0.0213879 -0.0280026 0.000229682 -0.0330376 -0.00961463 0.0250216 0.00158933 -0.00277672 -0.0027981 -0.000711749 
