0.249753 -0.000224292 -0.000791498 -0.00372883 -0.0012623 -0.00705081 -0.00310302 -0.0413105 0.0519413 0.0187049 -0.000567056 0.0113202 -0.0247176 0.00258567 -0.00297626 -0.0113735 -0.0119515 0.0432928 -0.00527335 0.000161788 -0.00353833 0.0228058 0.00606589 0.00808837 0.00195404 0.015917 -0.000265876 -0.000795557 -0.0288682 -0.0496297 -0.0830438 -0.00537591 0.0112803 -0.000600432 -0.0227226 -0.0342168 0.000415404 -0.00685138 0.00638601 0.0458107 -0.00552115 -0.00485451 0.000630647 0.000533236 -0.00654036 -0.00253113 -0.0031594 -0.000100689 -0.0192045 -0.0037361 -0.00897056 -0.000357752 -0.036621 0.00536712 -0.0011 2.3365e-05 -0.0121887 -0.0030139 -0.00140688 -0.00272016 -0.016099 -0.000318599 -0.0310066 0.000415591 0.00146346 0.015635 0.0191404 8.64891e-05 0.00380824 0.0158153 -0.0186072 -0.00878666 -0.00267375 -0.00153462 -0.00503035 8.42779e-05 -0.000186349 -0.00100234 -0.00385319 -0.00217211 -0.00267195 0.00996157 0.0147517 0.007126 -0.000497527 -0.0190412 -0.000883995 -0.00235708 -0.0160062 -0.000153435 -0.00548403 0.00184064 0.03331 -0.00703605 0.0140995 -0.0011553 -0.00107417 -0.0336068 0.00651575 -0.00358692 
-0.000224292 0.00745485 9.73675e-07 -5.1336e-05 0.000283961 0.000688456 0.000270466 -0.00134322 0.00116106 -0.0011519 0.000169408 -0.000237931 -0.000423514 0.00159409 0.00119482 -0.000976454 -4.49844e-05 0.000806119 -3.34164e-05 -0.00108645 0.000770376 -0.000959811 -0.000860221 -0.00235214 -0.00223628 -0.00161582 3.98058e-05 -3.73523e-05 -0.000206399 -0.00210692 -0.00203347 0.000496742 0.000454203 1.96748e-05 0.000192248 -0.000746801 4.146e-06 -0.00011316 0.000122267 -0.00105154 0.00043861 -4.7453e-05 -4.54655e-05 6.25382e-06 -7.28334e-05 2.79953e-05 -0.000184357 -1.14006e-05 7.42092e-05 -0.000134239 0.000148655 -3.17081e-06 -0.000542894 8.78525e-05 6.86078e-05 9.32848e-06 0.000429757 0.000170229 4.50545e-06 0.000401861 -0.00032221 3.97992e-05 -0.000889207 3.8801e-05 0.000111544 0.000107651 0.000627771 2.65764e-05 -8.83454e-05 0.000520385 7.8952e-05 0.000105737 -0.000187367 -2.87216e-06 9.64965e-05 -6.3716e-05 -0.000301346 -4.76647e-05 9.03254e-05 -4.04967e-05 -2.62369e-05 0.00130027 -0.000357017 -5.17806e-05 -2.24427e-05 -0.00021086 4.89879e-05 0.000188569 -0.00138694 -0.000145878 0.000982911 0.000106388 0.00211856 -0.000152406 0.000910835 0.000136597 0.000249002 -9.99985e-05 -0.000248369 0.000102683 
-0.000791498 9.73675e-07 0.00556379 -2.25773e-06 -2.93517e-05 -0.000174326 2.31671e-05 0.000723343 -0.00121652 -0.000239046 6.70937e-06 -0.000284806 2.12767e-05 -0.000520329 -0.00244263 -0.000273806 -0.000146922 -0.000628847 6.78051e-05 -0.00045402 -0.00105962 -0.000726251 -0.000647864 0.00025667 -0.000192684 0.0009275 6.35779e-05 0.000251241 0.000118153 0.00106983 0.000960085 -0.000155022 0.000245527 -1.85243e-05 0.000274235 0.000815401 4.96599e-06 0.000117652 -0.000493235 -0.000843426 -0.000102748 3.0109e-05 -2.13796e-05 -1.36748e-05 0.000419583 -2.2861e-05 -5.47086e-05 3.97756e-05 0.00216698 0.000434649 7.15269e-05 -1.10736e-06 0.000986603 -6.6776e-05 2.0839e-05 2.47259e-05 0.000149902 0.000193006 1.72371e-05 0.000110898 -8.15854e-05 0.000118436 -0.000124632 7.71388e-05 -2.87888e-05 -0.00147263 -0.000259189 7.06093e-06 -6.84578e-05 -0.000234019 5.25886e-05 -0.000124438 -0.000137471 3.47339e-05 9.32914e-05 -0.000190194 -7.58303e-05 0.00092823 -2.15492e-05 -5.65701e-05 -1.90827e-05 3.1076e-05 -0.000355572 -0.000203362 -5.5399e-06 -4.21485e-06 2.48779e-06 1.49769e-06 -0.00195868 -9.14385e-06 0.000236324 0.000335424 -0.000553582 0.000182841 -0.000758769 -2.76296e-05 -0.000343794 0.00062011 -0.000157746 -2.26775e-06 
-0.00372883 -5.1336e-05 -2.25773e-06 0.0104928 0.000757759 0.000260105 3.17947e-05 0.00128003 -0.00321054 -0.00237508 -1.71413e-05 -0.000120248 -0.000348943 0.00106282 -0.00475114 0.00233172 0.000332182 0.000711132 -0.000237127 -0.001897 -0.00175973 -5.30502e-05 -0.000434094 -0.000685555 -0.000514323 0.000730317 3.2438e-05 5.4941e-05 0.000506771 0.00123132 0.00180543 -0.0001148 0.00270166 -6.49517e-05 0.000429569 0.0040093 3.78708e-06 0.000816448 -0.000968135 -0.00235398 0.000643361 -7.68724e-05 -4.36401e-05 -3.55759e-05 0.000148496 2.99897e-05 -0.000488621 -2.70034e-05 0.000991881 -2.03841e-05 0.000125464 8.81148e-06 0.00152148 -0.000311715 -1.85779e-05 4.92473e-05 0.000348756 -7.73052e-05 -3.639e-05 0.000233872 0.0002021 1.91278e-05 -0.00155325 6.92513e-05 2.56657e-05 -0.00536458 -0.000554167 1.60218e-06 -0.000123504 -0.00108473 0.00086078 2.09511e-05 -0.000258299 2.67597e-05 0.000149458 -0.000375953 0.000169463 0.000394949 -9.65005e-06 0.000143129 8.09454e-05 6.20885e-05 -0.000285792 -0.000141762 -5.45707e-05 0.00245297 6.3223e-05 0.000102129 -0.00178277 -0.000179642 0.00113665 0.000960747 -0.00139355 0.000810257 -0.000776577 5.36544e-05 -0.00105091 -0.00127281 -0.000348769 -5.39785e-05 
-0.0012623 0.000283961 -2.93517e-05 0.000757759 0.0595197 -0.00171911 0.000185706 -0.000422793 -0.00749919 -0.00586333 4.90608e-05 -0.00338904 0.00619777 0.00324155 0.00645145 0.0119289 0.00125699 0.0151287 0.00256699 -0.0258904 -0.00785282 -0.00960868 0.00578043 0.00373158 0.000926762 0.0073947 8.79908e-05 -0.000177635 0.000706843 -0.0149497 0.000212157 -0.00112425 0.00500933 -0.00066177 -0.00276536 0.0104833 -0.000145117 0.00209963 -0.00877057 -0.0111425 -0.00154997 0.000347569 -0.000373058 2.81349e-05 -0.000632409 9.95524e-05 0.000497434 -0.00025265 -0.000492417 -0.00318877 -0.000790657 -2.57112e-06 0.00304559 -0.000280496 0.000106239 -4.92142e-05 -0.00279719 -0.000363273 0.000386011 5.26705e-05 -0.00290112 0.000297343 -0.00898228 0.00114193 0.000566589 -0.00167241 0.00824759 0.000174438 -0.000463171 -0.00655679 -0.00212392 0.00249756 -0.00131696 0.000478452 -0.000358965 -0.000366299 -0.00475923 -0.000388785 0.000308847 -0.000840783 -0.000544984 -0.00240588 -0.00333779 0.00059787 0.000724183 -0.00446692 0.000147209 4.12148e-06 -0.0172119 -0.000788141 0.00795511 0.00168724 0.00186944 0.00158785 -0.0090476 -3.29405e-05 -0.00197311 0.00810212 -0.000106284 -0.000259414 
-0.00705081 0.000688456 -0.000174326 0.000260105 -0.00171911 0.0333339 0.000835501 -0.00760931 -0.00124428 0.000644485 -1.24035e-05 0.00472397 0.00256035 -0.000196227 -0.004072 -0.0102634 0.0049323 -0.00366812 -0.000957657 0.00146007 0.00752246 0.00568164 -0.00909222 -0.010411 -0.00535187 -0.00136388 3.54961e-05 0.00032089 -0.000731086 -0.000844907 -0.000511676 0.000704324 -0.00159172 -0.000140103 0.000983184 -0.00639736 5.87517e-05 -0.000533144 -0.00458813 -0.00456165 0.00113165 -0.000242062 0.000351501 6.55398e-05 -0.000127147 0.000474505 0.000771399 0.000121894 -0.00222089 -0.00166077 -0.000844638 -2.05102e-05 -0.00282909 0.000698556 -4.00586e-05 -1.04543e-05 2.36449e-05 9.75221e-05 -3.97296e-05 -0.000428184 0.0054099 -0.000328769 0.00445147 -8.19058e-05 -3.06644e-05 -0.00653639 -0.000646477 -6.86819e-07 -0.000225867 -0.00125778 0.00282443 -0.000810116 0.00272342 -3.25523e-05 0.000203342 0.00268372 0.00569424 -0.000162424 0.000179993 0.00100872 0.00067225 0.00129177 0.00120585 0.00372128 0.000135436 0.0032665 4.0232e-05 0.000474913 -0.00542398 -0.000984181 -0.000772929 -0.000578893 -0.00275129 0.0027472 0.00841081 0.000321432 -0.000820353 -0.00251428 -0.000351917 -8.77246e-05 
-0.00310302 0.000270466 2.31671e-05 3.17947e-05 0.000185706 0.000835501 0.0150407 0.00162663 -0.00086101 -0.00596407 4.2615e-05 0.00256847 -0.00165868 -0.00296628 -0.00103047 0.00292073 0.00431981 -0.000466271 -0.000246042 -0.00074626 -0.000931495 -0.000522205 0.000654603 -0.00280846 -0.000618378 -0.00328207 0.000136229 -8.01482e-05 0.00128142 -0.00425448 -0.00554655 0.000768782 0.000786176 0.000334915 -0.00113573 -0.000153561 5.00082e-05 -4.45185e-05 0.0018905 -0.00248212 4.02896e-05 0.000877743 0.0003465 -3.84938e-05 -6.65814e-05 0.000198591 -0.000401004 -6.57334e-05 -0.00144725 -0.000214873 0.000480218 1.01841e-05 -9.5197e-05 0.000210779 5.69925e-05 -1.19317e-05 0.00230252 -9.80073e-05 4.20026e-05 0.000608663 0.00112867 1.05388e-05 -0.0027242 -4.67259e-05 0.000125867 -0.00440878 -6.0063e-05 9.08842e-05 0.000287307 -0.000842989 -0.000134639 0.000437001 0.000508593 0.000181829 0.00120451 0.00193532 0.000641224 -0.000172911 1.33351e-05 -4.23334e-06 0.0020946 -0.00129173 -0.00104219 -0.000362288 0.000102865 0.00393626 1.42131e-05 -5.21184e-05 0.00291678 0.000440895 1.51208e-05 6.21439e-05 -0.000957283 -0.000174344 -0.00244701 0.000102813 2.27234e-05 0.00075633 5.44308e-05 3.54341e-05 
-0.0413105 -0.00134322 0.000723343 0.00128003 -0.000422793 -0.00760931 0.00162663 0.210055 -0.0167361 -0.060807 -0.000568691 -0.00750684 -0.0116767 -0.0566229 -0.0181847 0.0734118 0.00528387 -0.0188915 0.00667667 -0.00118112 -0.0458819 -0.00745207 0.0419833 0.00919091 0.0135347 0.0415389 -0.000187371 -0.00106193 0.0115677 -0.018375 0.0211419 0.00474469 -0.0127123 -0.00119246 -0.00490619 0.0778592 -6.28555e-05 0.00319766 0.0116968 -0.0402521 -0.00475426 0.00337392 -0.00116467 -0.000705874 0.00209361 0.0014753 -0.00685714 -0.00136517 0.00428223 0.0141501 0.00927079 -0.000142804 0.0461778 -0.00483799 -0.000918722 -5.21758e-05 -0.00536814 -0.00310106 -0.000682462 -0.000411922 -0.000347296 0.000299684 -0.0410809 -0.00261748 -0.00159732 0.00656368 -0.0076997 0.000733964 -0.00276805 -0.0323766 -0.00660795 0.00326406 -0.00636929 0.00168718 0.00366815 0.0144171 -0.0106963 0.0023704 -7.44119e-05 -0.00310641 -0.00163713 -0.0237723 -0.0145136 -0.0078639 -0.000563302 0.00487436 0.000709723 -0.000740571 0.00996738 -0.00747253 -0.0127246 0.00177611 -0.0554614 0.000196902 -0.0503172 0.00232331 -0.00592739 0.0385242 -0.00704985 0.000979569 
0.0519413 0.00116106 -0.00121652 -0.00321054 -0.00749919 -0.00124428 -0.00086101 -0.0167361 0.218407 0.000772121 -0.000449151 -0.000957326 -0.027231 -0.00745015 0.0208309 -0.0114683 -0.00812656 0.0566432 -0.00298243 0.0113962 -0.00512534 0.0105791 0.0251157 -0.0070517 -0.00486575 -0.017625 -0.000419355 -0.0018671 -0.0207511 -0.0838875 -0.0950727 0.000337992 -0.00886559 0.000875625 -0.0237703 -0.0511998 -8.39009e-05 -0.00874241 0.0131649 0.0386694 -0.00672074 -0.00327722 1.64431e-05 -0.000885429 -0.00534061 2.93512e-05 -0.00472614 -0.00028407 0.000818356 -0.00240988 -0.00239157 -0.000381055 -0.0307299 0.0117301 0.000129116 -0.000265745 -0.00102904 0.00287929 0.000202534 0.000401335 -0.00690146 0.00172216 -0.0859164 -0.00166511 -0.000198498 0.0222697 0.000638579 -0.000283619 0.00152368 0.0229652 -0.0105607 0.000507749 -0.00428034 -0.000956379 -0.00254072 0.0106873 0.00803066 -0.0020727 -0.00189068 -0.0026874 -0.00161879 0.0229389 0.0186571 -0.00158327 -0.000230372 -0.0183698 -0.000578879 -0.00114892 -0.0124388 -0.00538159 -0.00944979 -0.00532015 0.0435474 -0.00781504 0.0489701 -0.000419872 0.0170979 -0.0241788 0.00250565 -0.00247344 
0.0187049 -0.0011519 -0.000239046 -0.00237508 -0.00586333 0.000644485 -0.00596407 -0.060807 0.000772121 0.248342 0.000408893 -0.0184747 -0.0257621 0.0668269 -0.0496772 -0.0757967 -0.0120121 -0.0136129 -0.0171615 0.011425 0.0733876 0.0133986 -0.0536014 0.00169449 0.00991409 -0.0258632 -0.000442905 3.27443e-05 -0.0114446 0.0404091 0.0139373 -0.0079917 -0.0142969 0.00059605 -0.00263267 -0.0428007 -0.000776594 -0.00493807 -0.0377323 0.00570597 0.00809307 -0.00253423 -0.00209771 6.24252e-05 -0.00502996 -0.00176546 0.0146555 0.00196982 -0.0493896 -0.0255315 -0.0091724 -0.000100528 -0.0170304 -0.00198457 0.000287461 -0.000202627 -0.00749712 -0.00238553 0.000417429 -0.00131992 -0.00365607 -0.00254187 0.0748442 0.00202807 -0.00133981 0.0347354 -0.0143886 -0.000790104 0.000437599 -0.0135806 -0.0102742 -0.000895696 0.00118675 -0.00123601 -0.00136232 -0.0161941 -0.0212437 0.00017305 -0.000509571 -0.00027584 -0.00198653 0.0230412 0.0172189 0.0160856 -0.00340521 -0.032222 -0.000763159 0.000280078 -0.0334859 -0.00185319 0.00342878 -0.00535329 0.0391463 -0.0101254 0.0630314 -0.00242407 -0.00169435 -0.0159471 0.00646612 0.00122015 
-0.000567056 0.000169408 6.70937e-06 -1.71413e-05 4.90608e-05 -1.24035e-05 4.2615e-05 -0.000568691 -0.000449151 0.000408893 0.00342464 7.74807e-06 -0.000308769 0.000932001 -0.000486896 -0.000517004 2.32966e-05 -0.000425647 7.26585e-05 -0.000109299 0.0004324 -0.000294517 -0.00115137 -0.000617844 -0.000868613 -0.000785189 6.41035e-05 7.20977e-05 0.000137771 -0.00039571 -0.000142169 0.000535256 0.000158804 7.76192e-05 8.22989e-05 -0.000418541 2.27486e-05 -4.85452e-05 -0.00037337 -7.25884e-05 8.61612e-05 0.000363074 6.04533e-05 4.82116e-05 4.59803e-07 7.5609e-05 0.000103161 7.1415e-05 -0.000218232 -0.000165037 4.48898e-05 2.16713e-06 -0.00025918 6.14856e-05 9.25364e-07 1.33073e-05 0.000521104 -7.35407e-06 2.00598e-05 0.000159249 3.94098e-05 2.82826e-05 0.000111868 5.2095e-05 4.4164e-05 -0.000593035 -4.04332e-05 -2.70168e-06 1.33841e-05 0.000124887 -0.000141023 -7.2479e-05 0.000192721 -9.14855e-06 -6.03061e-07 4.63951e-05 -9.40731e-05 -2.7121e-05 4.24176e-05 -3.77347e-05 -1.37772e-05 0.000246694 4.38485e-05 0.000130712 4.58521e-05 -9.84203e-05 2.47346e-05 4.57853e-05 -0.000243412 -7.71473e-05 -2.91542e-05 -6.39588e-06 0.00103917 -8.25177e-05 0.000123687 9.5817e-05 0.000342223 -0.000304714 -9.85567e-06 -2.19484e-05 
0.0113202 -0.000237931 -0.000284806 -0.000120248 -0.00338904 0.00472397 0.00256847 -0.00750684 -0.000957326 -0.0184747 7.74807e-06 0.0694231 -0.0052908 -0.00725283 0.000906358 -0.0131555 0.000859786 -0.0283738 0.00378404 0.00474944 0.00446038 0.0153325 -0.0143015 -0.0092344 -0.00266443 0.00681123 4.09979e-05 0.00080665 -0.00498212 -0.0116997 -0.0160884 0.000310049 -0.00184011 0.00026288 -0.00113682 -0.00889893 0.00111554 -0.00179045 -0.00505902 -0.00585879 0.000540231 0.00143552 0.00349712 0.000604826 -0.000716506 0.000628843 0.00129484 -0.000327308 -0.00384647 0.00720618 -0.00158361 2.1578e-05 -0.00829772 -0.000400935 -0.000258416 6.22642e-05 -0.00135773 -0.00101667 0.000123491 -0.000916331 0.0113619 0.000562295 0.0031466 -0.000785441 0.000331917 -0.00453651 -6.87138e-05 -7.83362e-05 -0.000893132 -0.00404021 -0.00129713 -0.000652454 0.00305563 -0.000231401 4.86783e-05 0.00428113 0.0227446 -0.000761198 -0.000323549 0.00599166 0.000551369 -0.00820009 0.00895165 -0.000275449 0.000223768 0.0173273 9.44431e-05 -0.000175073 0.0170868 0.00240697 -0.0015121 0.00221518 -0.0139795 -0.000528394 -0.0138413 0.000194898 -0.00415645 0.00124782 -0.000685599 -0.000380594 
-0.0247176 -0.000423514 2.12767e-05 -0.000348943 0.00619777 0.00256035 -0.00165868 -0.0116767 -0.027231 -0.0257621 -0.000308769 -0.0052908 0.143499 -0.0333307 -0.000915562 -0.0150588 -0.00346466 -0.0119672 0.00348126 -0.00428405 -0.028636 -0.0323075 0.0117699 0.00857749 0.00268905 0.0166262 -0.000208203 3.84502e-05 0.0245636 0.0309242 0.0319916 -0.000109619 -0.00161112 0.000343357 0.000384436 -0.00845564 -0.000328458 0.00319754 -0.00525262 0.0158372 -0.00598002 0.000270341 0.00060584 -0.000374654 0.00764098 -0.000383821 -0.000306265 -0.000782763 0.016942 0.000482281 -0.00343482 -1.06307e-05 -0.00202115 -0.00352865 0.000289609 -7.23928e-05 -0.00132592 0.00274405 -0.000243343 0.0001068 0.000175755 -0.0014813 0.00152634 -0.00108574 -0.00113269 -0.0126462 0.00195719 -0.000447644 -0.0011498 0.00182565 0.00839364 -0.00499321 -0.00248902 -0.00016265 -0.000303711 -0.00305095 0.0022766 0.0032386 -0.000651624 0.00172316 -0.000422848 -0.00814777 -0.00591855 -0.00504879 -6.1149e-05 0.00404218 -0.000193961 -0.000340309 -0.0354097 0.00273316 -0.0074031 -0.00122218 -0.0124778 0.00560535 -0.00351232 -0.000377022 -0.010031 0.022155 -0.00570081 0.000237174 
0.00258567 0.00159409 -0.000520329 0.00106282 0.00324155 -0.000196227 -0.00296628 -0.0566229 -0.00745015 0.0668269 0.000932001 -0.00725283 -0.0333307 0.225643 -0.00304206 0.00375578 -0.00815513 0.0456746 -0.0107948 -0.0141608 0.00942666 0.0108368 -0.0513339 -0.0063378 0.00467878 -0.0624576 0.000142046 -0.00168368 -0.00734823 -0.00975308 -0.01992 -0.00207302 0.020794 -0.00041282 0.0166708 -0.0270839 0.000368083 0.000423389 -0.0166809 0.00436101 0.0012881 -0.0014903 -0.00199592 0.00101308 -0.00384915 0.000854398 0.00574091 0.00111672 -0.0403956 -0.021096 -0.00489929 -0.000106504 -0.0265953 -0.00770917 0.000521071 -0.000134507 -0.00241201 -0.00152399 0.000160411 0.00396737 -0.014193 -0.00268402 0.0115709 0.00266638 0.00268287 0.0102282 0.00180019 -9.90318e-07 -0.00104236 -0.00931161 -0.00638303 -0.00141669 -0.00855107 -0.00047013 -0.000635015 -0.0085649 -0.0188681 -0.00284292 -0.000156074 -0.000615195 -0.00308483 0.0195702 -0.00375468 0.0147594 0.000320126 -0.0144625 0.000116081 0.000379569 -0.0355662 -0.00451621 0.02651 0.0011692 0.0407446 -0.00460862 0.0205293 -0.000951741 0.0208292 -0.010313 0.00870059 -0.00147907 
-0.00297626 0.00119482 -0.00244263 -0.00475114 0.00645145 -0.004072 -0.00103047 -0.0181847 0.0208309 -0.0496772 -0.000486896 0.000906358 -0.000915562 -0.00304206 0.242172 0.0380653 -0.00541661 0.0151037 -0.00846359 -0.00508843 0.00156718 -0.0395975 0.0224858 -0.00524075 -0.00347104 -0.036287 -0.000386451 -0.00222854 -0.0170649 -0.0452418 -0.0163806 -0.000755619 0.00105998 -0.00423864 -0.00788593 -0.0212291 -0.000799715 -0.00700822 0.0262588 -0.00127065 -0.00252752 -0.00101547 0.000764458 0.000817962 -0.00639362 -0.0011806 0.00145518 -0.00202556 -0.00815614 0.00180506 -0.00612356 -0.000138619 -0.0375496 0.00325431 0.000394214 -0.000219975 -0.0103132 0.0018019 -0.000425369 -0.00234838 -0.00873179 -0.00107489 0.00647212 -0.000683403 0.000584377 0.0447993 0.0195329 -0.000306358 -0.00193975 -0.00822065 -0.00226243 -0.0114094 0.0097866 -0.000590907 -0.0038757 0.01077 -0.0202823 -0.00536445 -0.00211132 0.00241851 -0.00395157 -0.00884402 -0.0349699 -0.00705983 -0.000191243 -0.0256789 -0.000269079 0.000473474 0.0823599 0.000155945 -0.0024702 -0.00263055 0.00501383 -0.0033956 -0.0235226 -0.00110924 0.0206315 -0.0133563 -0.00132303 0.000288928 
-0.0113735 -0.000976454 -0.000273806 0.00233172 0.0119289 -0.0102634 0.00292073 0.0734118 -0.0114683 -0.0757967 -0.000517004 -0.0131555 -0.0150588 0.00375578 0.0380653 0.232519 0.00403888 0.0575085 -0.0040015 -0.0221808 -0.0600133 -0.0395394 0.0527036 0.0137823 0.011377 -0.0301512 0.000287335 -0.00296263 0.00279733 -0.0796282 -0.0167428 0.00841279 0.00675891 -0.00333114 0.00143694 0.0758665 -0.000712508 0.00831477 0.0446 -0.0187817 -0.0103732 0.00113613 -0.00142264 0.000496735 -0.00325045 0.0011107 -0.00293337 -0.0019048 -0.0212427 -0.00413264 0.00969429 -0.000272175 0.0347895 -0.00267028 -9.63002e-05 -9.18787e-05 0.00363664 -0.00342311 -0.00121195 0.00291857 -0.0156914 5.13605e-05 -0.0720154 -0.00262932 0.000579686 0.00517863 0.00925143 0.00132652 -0.0025511 -0.0381139 -0.0131545 0.00183261 -0.00243372 0.00127233 0.000138066 0.00198719 -0.026157 -0.00428316 -0.000576008 -0.00479913 -0.00261692 -0.0257287 -0.0262712 -0.0138839 0.00101899 0.00551844 0.000841731 -0.00143666 0.0383575 -0.0139994 0.00354615 0.00132346 -0.0125023 0.00250701 -0.0607715 0.00328906 0.012274 0.0204924 -0.00556882 -0.00224857 
-0.0119515 -4.49844e-05 -0.000146922 0.000332182 0.00125699 0.0049323 0.00431981 0.00528387 -0.00812656 -0.0120121 2.32966e-05 0.000859786 -0.00346466 -0.00815513 -0.00541661 0.00403888 0.0325566 -0.00835876 -0.000125861 -0.00404946 0.00415257 0.00521859 -0.000954717 -0.00569823 -0.0036725 -0.0036063 5.51741e-05 0.000404247 0.00449138 -0.000540191 -0.00578698 0.00211074 -0.0012092 -0.000388197 0.000685826 0.00600446 2.97749e-05 0.000123345 0.000704144 -0.00900066 0.00290415 0.00189965 0.000258987 6.81859e-05 0.00122234 0.000431025 -0.000199425 -6.26105e-05 -0.00378079 -0.000867394 0.00153931 0.000126501 0.00642743 0.000188873 -7.04428e-05 -3.58645e-05 0.000921901 -0.000472158 -4.68397e-06 -0.000237589 0.0031564 0.000120333 -0.00236775 0.000527089 8.26491e-05 -0.0114413 -0.00085141 1.43712e-05 0.000645957 -0.00463908 0.00349506 0.0012515 0.00142484 0.000523905 0.00179676 0.00210779 0.000451166 -0.000241229 0.000245779 -0.000118586 0.00450012 -0.00201384 -0.0025025 0.00015965 -0.000183073 0.00745181 4.14702e-05 0.000303011 0.0038635 0.000188139 0.000637031 -0.000555076 -0.00742716 0.000504893 0.000202686 0.000420588 -0.00186549 0.00451692 4.82695e-05 0.000392918 
0.0432928 0.000806119 -0.000628847 0.000711132 0.0151287 -0.00366812 -0.000466271 -0.0188915 0.0566432 -0.0136129 -0.000425647 -0.0283738 -0.0119672 0.0456746 0.0151037 0.0575085 -0.00835876 0.249747 -0.00110728 -0.0232607 -0.0684979 -0.0423519 0.056402 -0.00299013 0.00301854 -0.0514152 -0.000395215 -0.00329771 -0.0189547 -0.0847878 -0.0614281 0.00316667 0.0204832 0.00153902 -0.003762 -0.0242481 -0.000487115 0.000235345 0.0288109 0.0436412 -0.0110661 -0.00123784 -0.00271494 -0.000445235 -0.00475033 0.00193114 -0.00834334 -0.00257882 0.0182566 -0.030885 -0.000840545 -0.000538004 -0.0159645 0.00396605 0.000490542 0.000168828 0.00267622 0.00356721 -0.0013354 0.00552852 -0.0245692 -0.000370499 -0.094251 -7.55211e-05 0.00157873 0.000681046 0.0136333 0.000247496 0.000875151 0.0215188 -0.0190286 0.00583826 -0.00840354 0.000676758 -0.00175132 0.000303986 -0.0186087 -0.00255049 -0.00129093 -0.0076972 -0.00368512 0.0339901 -0.0246742 0.00166536 0.001137 -0.0261357 -0.000294514 -0.002112 -0.0647693 -0.0115695 0.0139557 0.00239038 0.058236 -0.00247891 0.0154309 0.0015196 0.0297563 -0.0221394 0.0122116 -0.00361197 
-0.00527335 -3.34164e-05 6.78051e-05 -0.000237127 0.00256699 -0.000957657 -0.000246042 0.00667667 -0.00298243 -0.0171615 7.26585e-05 0.00378404 0.00348126 -0.0107948 -0.00846359 -0.0040015 -0.000125861 -0.00110728 0.0536815 -0.00203116 -0.00915441 0.00548554 0.005038 4.08724e-05 -7.79027e-05 0.012809 0.000133331 -0.000185931 0.000427242 -0.0052462 7.49542e-05 -1.32209e-06 1.03782e-05 -0.000270303 0.00103212 0.00345099 0.000924241 0.000193273 -0.0076132 -0.00764924 -0.00159651 -0.000610922 -0.000140206 -0.000156459 0.000763428 0.000634639 -0.00185437 -0.000235585 0.00755271 0.00627572 0.0050105 1.65814e-05 -0.00362136 -0.00163419 -0.00011203 -3.0041e-05 -0.000668215 -0.000609839 0.00051329 0.000442139 -0.00178148 0.000219304 -0.0121677 -0.00016359 -0.000314777 -0.0128682 0.00532648 0.000104165 -0.00010796 0.0105029 0.000506946 -0.000763564 -0.00180434 -0.000146056 3.19203e-05 0.00179964 0.010041 -0.000458673 -0.000414236 -0.000212794 0.000791701 -0.00511594 0.00489356 -0.00187556 0.00084501 0.00389458 0.000663672 -7.86946e-05 -0.0109411 -2.04572e-05 -0.00036653 -0.000312098 -0.00688956 -0.00090064 -0.0103585 0.00033861 -0.000785063 0.00301223 -0.000296088 -0.000103829 
0.000161788 -0.00108645 -0.00045402 -0.001897 -0.0258904 0.00146007 -0.00074626 -0.00118112 0.0113962 0.011425 -0.000109299 0.00474944 -0.00428405 -0.0141608 -0.00508843 -0.0221808 -0.00404946 -0.0232607 -0.00203116 0.0886771 0.0103939 0.00956858 -0.0103552 -0.00342827 0.00198716 -0.000171955 -0.000747741 -0.000652319 -0.00688062 0.018507 0.0105328 0.000294877 -0.0174791 0.000438794 0.00309194 -0.0137571 0.000121554 -0.00435491 -0.00340243 0.0120371 0.00291707 -0.00331617 0.000628897 -0.000860364 -0.0015784 -0.00103464 -0.00120496 -0.000362427 5.01555e-05 0.00349211 -0.00139576 4.00578e-05 -0.0137246 0.000936554 -0.00161702 -0.00025844 -0.00043989 7.53272e-06 -0.000171441 -0.00470071 0.00387218 7.74959e-05 0.0188552 -0.00274389 -0.00228343 0.00887528 -0.013367 -0.00147858 0.000596628 0.00058745 0.00263938 0.000107106 0.00213017 -0.00103107 -0.00110108 -0.000135284 0.00650581 0.000338936 -0.000749334 0.000926609 0.000360091 0.000374289 0.00603667 0.00132683 -0.00122884 0.00286033 -0.000673116 0.00040591 0.0266759 0.00274047 -0.0202946 -0.00680376 -0.0155021 -0.00379878 0.0146057 -0.000380547 -0.00303343 -0.0183409 -0.00186227 -0.000691505 
-0.00353833 0.000770376 -0.00105962 -0.00175973 -0.00785282 0.00752246 -0.000931495 -0.0458819 -0.00512534 0.0733876 0.0004324 0.00446038 -0.028636 0.00942666 0.00156718 -0.0600133 0.00415257 -0.0684979 -0.00915441 0.0103939 0.20951 0.0173485 -0.0677605 -0.0141552 -0.0118946 -0.0167408 0.000151329 0.00208472 -0.0127363 0.0364481 -0.00349698 -0.00284483 -0.0161669 -0.00197973 -0.00925083 -0.0296733 -0.000150397 -0.00271299 -0.00646985 -0.0140721 0.0200794 -0.00137086 -0.00162749 2.76123e-05 -0.00469392 5.48883e-05 0.0109386 0.001351 -0.0490335 -0.0175461 -0.0066213 0.000325961 -0.0119932 0.0019238 -0.000769885 -0.000207024 -0.00498895 -0.00371945 0.00101704 -0.0030721 0.0216814 -0.0013636 0.0789442 0.00475589 -0.000720536 0.0211717 -0.00897951 -9.36073e-05 -0.00262901 -0.0161381 0.000191586 -0.00372711 0.0138327 -0.000988575 -0.00193337 -0.00064372 -0.00587761 -0.00236749 0.00253082 0.00213694 0.00235588 -0.0130744 0.0187489 0.012513 -0.00168564 -0.00685809 -0.000513354 0.00257505 0.04268 0.00471418 -0.0107712 -0.00855116 0.010884 -0.00468667 0.0280637 -0.00113946 -0.0126883 -0.0213206 -0.0078448 0.00164138 
0.0228058 -0.000959811 -0.000726251 -5.30502e-05 -0.00960868 0.00568164 -0.000522205 -0.00745207 0.0105791 0.0133986 -0.000294517 0.0153325 -0.0323075 0.0108368 -0.0395975 -0.0395394 0.00521859 -0.0423519 0.00548554 0.00956858 0.0173485 0.204026 -0.0423261 -0.0122313 0.00719163 0.0334907 -0.000138445 0.0004211 -0.0111755 0.0153928 -0.0295541 -0.000515778 -0.00224776 -0.00136008 0.0125902 -0.0270977 0.00136583 -0.00331285 -0.0389341 -0.00383979 0.00186539 -0.00226287 0.000696653 0.00122594 -0.00213942 -4.92928e-05 -0.00708962 0.00131527 -0.00933144 0.0166938 -0.00085017 -0.000181258 -0.0224378 -0.00648715 -0.000690985 -0.000220379 -0.0102886 -0.00192913 0.00141769 -0.00145082 0.00896674 0.00049743 0.0101705 -0.00207892 6.8028e-05 -0.00430478 -0.00150128 0.000255502 0.0019416 0.0049474 0.00338547 0.00225541 -0.00521759 -0.0008366 0.00231588 -0.00575335 0.0160999 -0.00149279 0.000822287 0.000468422 0.00425871 -0.0126786 0.0365244 0.000348509 -0.00104577 0.0139808 -0.000366614 0.00037531 -4.16013e-05 -0.000765868 0.0137789 0.0041557 -0.0401171 -0.00270632 0.00584106 -0.000980477 -0.0266285 -0.0224027 -0.00448092 -0.000451617 
0.00606589 -0.000860221 -0.000647864 -0.000434094 0.00578043 -0.00909222 0.000654603 0.0419833 0.0251157 -0.0536014 -0.00115137 -0.0143015 0.0117699 -0.0513339 0.0224858 0.0527036 -0.000954717 0.056402 0.005038 -0.0103552 -0.0677605 -0.0423261 0.162593 0.019836 0.0187791 0.0314448 -0.000456683 -0.00232526 0.00036174 -0.0482278 -0.0134037 -0.000217368 0.00276962 -0.00293677 -0.0226105 0.0324318 -0.000898825 0.00265391 0.0274456 0.00877185 -0.0249381 0.00010736 -0.000441135 -0.000547645 -4.07353e-05 0.000290817 -0.00889615 -0.00222846 0.0220562 0.00731455 0.00314812 -0.000219919 0.0204261 0.000700168 -0.000111305 -0.000248769 0.00372163 0.00102503 -0.00210691 0.00112801 -0.0185875 -0.000722629 -0.0749028 -0.00532207 -0.000313008 0.00318216 0.0036184 0.000341645 -0.000805071 0.00140343 -0.00448638 -0.00364575 -0.0113652 0.000687771 -0.0019539 0.00145771 -0.00794346 -0.00017082 -0.00287278 -0.00683057 -0.00242986 -0.00652631 -0.0224638 -0.0112729 0.00077115 -0.00751063 -0.000300583 -0.00358221 -0.0140177 -0.0105621 -0.00772915 -0.00234238 0.00606894 0.00216628 -0.0338907 0.000637218 0.0118592 0.0145237 0.00639571 -0.00189256 
0.00808837 -0.00235214 0.00025667 -0.000685555 0.00373158 -0.010411 -0.00280846 0.00919091 -0.0070517 0.00169449 -0.000617844 -0.0092344 0.00857749 -0.0063378 -0.00524075 0.0137823 -0.00569823 -0.00299013 4.08724e-05 -0.00342827 -0.0141552 -0.0122313 0.019836 0.0741063 0.0200745 0.0213327 -0.000589833 -0.00104565 0.000831316 0.00532881 0.00803336 -0.00267093 -0.0028343 0.000542402 -0.00118639 0.0141031 -0.000657615 0.000525147 -0.000608433 0.00952011 -0.0114554 -0.000682416 -0.000697477 -0.000271841 -6.34045e-06 -0.00133735 -0.00376085 -0.00107551 0.00781351 0.00388234 -0.00275912 -8.37823e-05 0.00788998 -0.00518581 -0.000495309 1.39756e-05 0.000632998 -0.00227284 -0.000710359 -0.00378709 -0.0109365 -7.49046e-05 -0.0081552 -0.00248749 -0.000355277 0.00641575 -0.00506443 -3.77735e-05 -0.00105845 0.000682239 -0.000762163 -0.0105498 -0.0104256 9.05699e-06 -0.00109197 -0.0110335 -0.00281745 0.000894093 -0.00154634 -0.00405301 -0.00152644 -0.0120639 0.00200077 -0.00893928 -6.57756e-05 -0.00314429 -0.000397966 -0.00215503 0.00151507 0.000911792 -0.00669776 -0.000262062 0.00434805 0.000683745 -0.0214211 -0.00242295 -0.00509389 0.00767283 -0.000452141 -0.00245278 
0.00195404 -0.00223628 -0.000192684 -0.000514323 0.000926762 -0.00535187 -0.000618378 0.0135347 -0.00486575 0.00991409 -0.000868613 -0.00266443 0.00268905 0.00467878 -0.00347104 0.011377 -0.0036725 0.00301854 -7.79027e-05 0.00198716 -0.0118946 0.00719163 0.0187791 0.0200745 0.0616233 0.0205638 -0.00107979 -0.00117163 -0.00189347 0.0021447 0.00169048 -0.000900506 -0.000686973 -0.00179248 -0.000172975 0.00821511 -0.000265089 -0.000436551 -0.000727814 -0.00145799 -0.00787254 -0.000211387 0.00012935 0.000141562 0.000222977 -0.000193578 -0.000383659 -0.000386567 -0.00972867 0.000851004 -0.00165995 -0.000276267 0.00385209 -0.00769739 -0.000269771 -0.000339886 -0.00766378 -0.00125134 -0.000286167 -0.00113821 -0.00511464 -0.000515922 -0.0107898 -0.00429078 -0.000966827 0.00896226 -0.00115144 -5.15281e-05 0.000443999 -0.0118443 -0.0050707 -0.0049343 -0.00962844 5.03179e-05 0.000258665 -0.00467086 -0.00477409 0.00030722 -0.00078047 -0.00399588 -0.00025314 -0.0144153 0.00351632 -0.0029673 -0.00116089 -0.00410133 -0.000234683 -0.00194646 -0.000362892 -0.000830772 -0.00310437 -0.00170111 -0.013156 0.00025206 -0.012363 -0.000754963 -0.00545645 0.00730204 0.00258878 -0.00147993 
0.015917 -0.00161582 0.0009275 0.000730317 0.0073947 -0.00136388 -0.00328207 0.0415389 -0.017625 -0.0258632 -0.000785189 0.00681123 0.0166262 -0.0624576 -0.036287 -0.0301512 -0.0036063 -0.0514152 0.012809 -0.000171955 -0.0167408 0.0334907 0.0314448 0.0213327 0.0205638 0.245149 -0.000543619 0.00160393 -0.0106113 0.0293443 0.0196135 -0.0074419 0.00436967 0.000738176 -0.00504021 0.0318117 0.000228483 0.00413122 -0.0587306 -0.0399993 -0.0120183 -0.00207179 0.00157129 0.000194605 0.00435128 -0.0015697 -0.000627921 0.00121543 0.0229162 0.0304784 0.0027613 4.55865e-05 0.00419612 -0.010038 -0.000278742 -7.39166e-05 -0.0176584 -0.00352638 -0.000542179 -0.00500653 0.00535272 -0.00157789 -0.00769617 -0.00313502 -0.000842293 -0.0259678 0.00465521 -0.000279338 -0.00114712 -0.00950186 0.00691933 0.00263751 -0.0109801 -0.000131319 -0.000559927 -0.00194397 0.0122486 0.00450898 0.000176236 -0.00450812 -0.00256778 -0.0346151 0.0178469 -0.0137676 -0.000593276 0.018179 -0.000300413 -0.000732717 -0.0174884 -0.000104168 -0.00380235 0.00264694 -0.0236929 0.0124552 -0.0558931 -0.00148086 -0.0234466 -0.0147909 -0.0116227 -0.00161963 
-0.000265876 3.98058e-05 6.35779e-05 3.2438e-05 8.79908e-05 3.54961e-05 0.000136229 -0.000187371 -0.000419355 -0.000442905 6.41035e-05 4.09979e-05 -0.000208203 0.000142046 -0.000386451 0.000287335 5.51741e-05 -0.000395215 0.000133331 -0.000747741 0.000151329 -0.000138445 -0.000456683 -0.000589833 -0.00107979 -0.000543619 0.00178446 1.46697e-05 0.000439068 -0.000411864 -0.000399815 4.11461e-05 0.000452466 -2.09039e-05 8.13249e-05 5.93691e-05 1.39812e-05 0.000290908 -7.11462e-05 -0.00049432 0.000297568 -8.6484e-06 -4.97245e-06 2.14242e-05 3.00919e-05 4.66014e-05 0.00016933 5.30088e-05 -0.000114385 -0.000110491 0.000297845 3.05614e-06 0.000215489 -3.09015e-05 4.08152e-05 2.75808e-05 0.000266629 1.50163e-06 3.55833e-05 0.000392605 -3.04793e-05 -7.86644e-06 0.000155524 0.000126572 1.86902e-05 -0.00060267 0.000192476 8.27659e-06 -9.87684e-06 -0.000212001 -4.48645e-05 0.000279831 9.86598e-05 1.99216e-05 9.97419e-05 4.18665e-05 -9.95824e-06 1.20649e-05 3.13561e-05 0.000113993 -3.70515e-06 -1.25521e-05 -8.16987e-05 -4.16512e-05 4.36164e-05 1.80677e-05 4.78085e-05 6.83596e-05 -0.000151842 -5.98625e-05 0.000745831 0.000257301 0.00020808 -1.5304e-05 -6.54991e-05 7.89613e-05 6.68062e-05 -0.000111849 -8.34023e-05 -6.16923e-06 
-0.000795557 -3.73523e-05 0.000251241 5.4941e-05 -0.000177635 0.00032089 -8.01482e-05 -0.00106193 -0.0018671 3.27443e-05 7.20977e-05 0.00080665 3.84502e-05 -0.00168368 -0.00222854 -0.00296263 0.000404247 -0.00329771 -0.000185931 -0.000652319 0.00208472 0.0004211 -0.00232526 -0.00104565 -0.00117163 0.00160393 1.46697e-05 0.00916875 -0.000116482 0.00270529 0.000547246 3.5532e-05 0.000271898 0.000277243 -2.90009e-05 -0.000985084 6.04556e-05 -0.000217725 -0.00102888 -0.000394946 0.000639072 -2.08371e-05 3.42932e-05 -4.0259e-05 0.000361181 0.000140818 0.00136763 0.000122375 0.000641082 7.55055e-05 -0.000122108 4.7177e-06 -4.86064e-05 2.60754e-05 1.24908e-05 0.000127605 -0.000432972 -2.13672e-05 0.00010028 -7.94968e-05 0.000634139 0.000213997 0.00185386 8.27863e-05 -2.06432e-05 -0.00244456 -0.000386662 -3.87603e-06 -4.74741e-05 0.000146578 0.000359715 -5.13141e-05 0.000228733 0.000182918 0.000144058 -0.000106644 6.4783e-05 0.000157631 0.000427032 0.000336604 -4.78965e-05 -0.000818574 5.65323e-05 0.000719325 -1.60224e-05 -0.000451267 1.98513e-05 6.57955e-05 -0.00141099 0.000565929 0.000228904 0.000202444 0.000207129 -8.57006e-05 0.000775436 -5.72356e-05 -0.000592248 -0.000821509 -0.000167164 0.000141239 
-0.0288682 -0.000206399 0.000118153 0.000506771 0.000706843 -0.000731086 0.00128142 0.0115677 -0.0207511 -0.0114446 0.000137771 -0.00498212 0.0245636 -0.00734823 -0.0170649 0.00279733 0.00449138 -0.0189547 0.000427242 -0.00688062 -0.0127363 -0.0111755 0.00036174 0.000831316 -0.00189347 -0.0106113 0.000439068 -0.000116482 0.0681912 0.0123163 0.0168849 3.73524e-05 0.00181998 -0.000540365 0.0026807 0.0120921 -0.000134012 0.00038006 0.00735889 -0.00560841 -0.00132757 0.00317761 -0.000473638 -0.000280436 0.00659069 0.000330988 -0.0022128 -0.000125696 -0.00409273 -0.00282643 0.00136833 3.2576e-05 0.0162868 -0.00188358 0.000238616 -9.58879e-05 0.00355326 -0.000396572 -0.000221424 0.00108568 -0.00153802 -0.000641457 0.00840456 -0.000389612 -0.000439743 -0.00702847 -0.00244144 -4.84238e-05 -0.000408236 -0.00714154 0.00302458 0.00440521 -0.00218277 0.00011438 0.000279469 -0.00239652 -0.00110699 -0.000624044 -0.000437271 -0.00127083 0.00229121 -0.00691488 -0.00285005 -0.00143531 -3.95507e-05 0.00614337 4.63852e-05 -0.000353054 -0.0148383 0.000667224 0.000904734 0.00015428 -0.0118292 -0.00104359 -0.00280518 0.000190842 -0.00711631 0.0235585 -0.00263091 0.00109505 
-0.0496297 -0.00210692 0.00106983 0.00123132 -0.0149497 -0.000844907 -0.00425448 -0.018375 -0.0838875 0.0404091 -0.00039571 -0.0116997 0.0309242 -0.00975308 -0.0452418 -0.0796282 -0.000540191 -0.0847878 -0.0052462 0.018507 0.0364481 0.0153928 -0.0482278 0.00532881 0.0021447 0.0293443 -0.000411864 0.00270529 0.0123163 0.249019 0.0920268 -0.00889673 -0.0024147 -0.0024669 0.0126334 -0.0164448 -0.000951999 -0.0030561 -0.0413877 -0.00697855 0.00834984 -0.00392856 -0.00259335 -0.00105142 0.0058571 -0.0030716 -0.000490503 0.00206269 0.00665033 0.00363466 -0.00292563 0.000476398 0.00896081 -0.0126154 -0.000646847 0.000350617 -0.0162535 -0.00244426 0.000325334 -0.00481264 0.0150781 -0.00216219 0.10785 0.000899123 -0.00105528 -0.020718 -0.0222795 -0.000586302 0.000136551 -0.00533028 0.018683 -0.00792321 -0.00232393 -0.00057902 -0.000227492 -0.00968249 -0.000896993 0.00120248 0.00173359 0.00461005 0.000341787 -0.013694 -0.00633541 0.00493344 -0.0024754 0.0248642 -0.000486625 0.000386895 -0.00469593 0.0127352 -0.00378061 -0.00429192 -0.0369652 0.00552088 0.008419 -0.00421933 -0.0364405 -0.00887322 -0.00809666 0.0039693 
-0.0830438 -0.00203347 0.000960085 0.00180543 0.000212157 -0.000511676 -0.00554655 0.0211419 -0.0950727 0.0139373 -0.000142169 -0.0160884 0.0319916 -0.01992 -0.0163806 -0.0167428 -0.00578698 -0.0614281 7.49542e-05 0.0105328 -0.00349698 -0.0295541 -0.0134037 0.00803336 0.00169048 0.0196135 -0.000399815 0.000547246 0.0168849 0.0920268 0.245859 -0.00800733 -0.0258143 -0.00323715 0.00786073 0.0323246 -0.000874896 0.00839582 -0.0318866 -0.0436157 0.00240095 -0.000520918 -0.00116034 -0.00113041 0.00478078 -0.00109621 -0.000332189 0.00115013 0.0181993 0.00153177 0.00108954 -4.18967e-05 0.0298439 -0.0116303 -9.30114e-05 -0.000365179 -0.0162478 -0.00135478 -0.00137617 -0.00519673 0.0106963 -0.00143849 0.0718608 -0.00161278 -0.00214183 -0.00853329 -0.019665 -0.000193854 -0.00431864 -0.0243458 0.01345 -0.0043411 0.00525367 0.000294559 -0.000994756 -0.00693573 -0.0059876 0.00142551 0.00183935 0.00308965 -0.00282901 -0.0124975 -0.0103699 -0.0105605 -0.000771988 0.00818958 -4.82987e-05 0.00107476 0.00790638 0.00259616 -0.00877625 -0.0014779 -0.0477659 0.00720804 -0.016658 -0.00299378 -0.00716672 0.0131723 0.0031891 0.00182334 
-0.00537591 0.000496742 -0.000155022 -0.0001148 -0.00112425 0.000704324 0.000768782 0.00474469 0.000337992 -0.0079917 0.000535256 0.000310049 -0.000109619 -0.00207302 -0.000755619 0.00841279 0.00211074 0.00316667 -1.32209e-06 0.000294877 -0.00284483 -0.000515778 -0.000217368 -0.00267093 -0.000900506 -0.0074419 4.11461e-05 3.5532e-05 3.73524e-05 -0.00889673 -0.00800733 0.029829 -0.000973573 6.81607e-05 0.00289216 0.00134199 2.76828e-05 -0.000483931 0.00657743 -0.00296646 0.00101108 0.000511364 6.23339e-05 0.000213042 0.000318852 0.00118553 0.000253043 -0.000204829 -0.00397908 -0.00161742 0.000830579 -1.1925e-05 -0.0016271 0.00145294 7.99308e-06 -2.53286e-05 0.00234622 -0.000333053 -0.000106038 0.00192514 0.00111523 6.38049e-05 -0.00573068 -0.000148662 -0.000161543 -0.00410144 -0.00115169 0.000105864 -0.000426874 -0.00313905 -0.000157363 0.000452587 0.000354526 -2.67741e-05 0.000596664 -2.70151e-05 -0.00122775 -0.00038201 0.000144867 -0.000454441 0.000918863 -0.000104106 -0.00102198 -0.000521973 0.000253326 -0.00116604 9.53851e-05 7.30189e-05 0.00394112 -0.000382224 -0.00115177 0.000427123 -0.00466689 -0.000316626 0.000454679 0.00298235 -0.000572207 0.00267282 0.00117495 -0.000114172 
0.0112803 0.000454203 0.000245527 0.00270166 0.00500933 -0.00159172 0.000786176 -0.0127123 -0.00886559 -0.0142969 0.000158804 -0.00184011 -0.00161112 0.020794 0.00105998 0.00675891 -0.0012092 0.0204832 1.03782e-05 -0.0174791 -0.0161669 -0.00224776 0.00276962 -0.0028343 -0.000686973 0.00436967 0.000452466 0.000271898 0.00181998 -0.0024147 -0.0258143 -0.000973573 0.0855653 -0.0006042 -0.00173225 0.00804462 0.000333879 0.00153098 0.00214322 0.00273948 -0.00291637 -7.04958e-05 -0.000558742 0.000449356 0.000578615 -0.000386322 -0.00329387 0.000448658 0.00357067 -0.00415065 0.000779331 4.03829e-05 -0.00207708 -0.00204496 -0.000292013 0.000355975 0.00309538 -0.000935908 0.000264434 0.00495703 -0.00453514 -0.00046283 -0.00459682 -0.000272403 0.0011515 -0.0140594 0.00786157 -0.000179542 -0.000491726 0.00187378 -0.00274402 -0.0010501 -0.00278646 -5.8542e-05 -0.000511537 -0.000844314 -0.00137243 0.000190451 -0.000842967 -0.000172588 -0.00083261 -0.00611937 -0.00668241 0.00140376 -0.000172959 -0.00405471 0.000430163 -0.00049762 -0.0157974 -0.00205939 0.0128272 0.00471722 0.00448799 0.00285573 -0.0142967 0.000707264 -0.00612313 -0.00665248 -0.00407821 -0.000674825 
-0.000600432 1.96748e-05 -1.85243e-05 -6.49517e-05 -0.00066177 -0.000140103 0.000334915 -0.00119246 0.000875625 0.00059605 7.76192e-05 0.00026288 0.000343357 -0.00041282 -0.00423864 -0.00333114 -0.000388197 0.00153902 -0.000270303 0.000438794 -0.00197973 -0.00136008 -0.00293677 0.000542402 -0.00179248 0.000738176 -2.09039e-05 0.000277243 -0.000540365 -0.0024669 -0.00323715 6.81607e-05 -0.0006042 0.018053 0.00111081 -0.000967511 0.000130872 -9.43175e-05 -0.00127677 0.00444005 -0.000425138 -0.000161287 0.00121067 3.70425e-05 -0.000102734 -1.74318e-05 -0.000636747 9.05567e-05 0.00362912 -0.00121007 -0.000256731 5.27488e-05 -0.000262041 0.000621075 0.000162526 0.000202504 0.00182816 3.06681e-06 9.98693e-05 -1.18509e-05 -0.000663958 0.000552738 -0.00344724 -0.000110706 4.13248e-07 -0.00210387 -0.000855864 -1.54174e-05 0.0003527 0.00421408 -0.00065556 -0.000228359 -0.000241519 -1.95004e-05 0.000178405 -0.000587571 0.00069452 -0.000167104 -0.000140283 -4.63197e-05 -9.05294e-05 -0.000391684 -0.000246791 -0.000177426 3.64327e-06 -0.00117191 -1.29533e-05 0.000207392 -0.00529759 0.00109366 -0.00102486 -0.000270794 0.0047709 -0.00013064 -0.00119609 -7.3463e-05 0.00288354 -0.00125008 -0.000319533 -0.000119856 
