0.0514095 0.000198338 -0.000300942 -0.000884251 0.00352864 0.000607281 -0.00234937 0.000546003 -0.00538034 -0.000586126 -7.21476e-05 -0.000765215 0.00287234 -0.00252317 -0.000413944 -0.00148905 -0.00345714 0.00273132 -0.000633262 -0.00160534 -0.00464316 -0.0175873 0.00264747 0.0033484 0.010201 -0.00498445 0.000510699 -0.000437905 0.0013167 -0.00434549 0.00391804 0.00262374 -0.000508831 -0.00378745 0.00211883 0.00718572 -0.00525191 -0.000704161 0.00833222 -0.00205508 -2.83947e-05 -0.00544949 0.000933655 -0.00245721 0.00154748 -0.00234302 -0.00218161 -0.00101248 0.000161493 0.00057933 -0.00214579 0.000288843 -0.00385375 -0.00317045 -0.00171946 -0.00306649 -0.00033082 -0.000179807 -0.000857768 -0.0112483 -0.0102912 -9.0684e-05 0.000691793 0.000349111 0.000973126 0.00157788 -0.000191229 -0.00105521 -0.00200377 0.00146639 -8.28135e-05 -2.35406e-05 -0.000872137 -0.000468802 -0.000133953 -4.68185e-05 -0.00490191 0.00301763 0.00100199 -0.00519954 0.00193536 0.00378349 0.00574851 -0.00014836 -0.00209744 -0.00113584 0.000182303 0.0108631 0.00263109 -0.00133187 -0.00133756 -0.0010238 -0.00017153 -0.000331983 -0.00552187 2.49994e-05 4.15472e-05 -0.000157542 -0.00149242 0.00302732 
0.000198338 0.00467086 0.000106237 -0.00048049 -0.000302822 0.000452277 0.000412578 0.000196795 -0.00109833 0.000316611 2.35627e-05 9.97503e-05 -0.000112725 0.0014988 -7.54681e-05 0.000135708 -0.000844848 -0.00257223 0.000457407 -0.000464378 0.00107333 0.000727018 0.000292156 9.62243e-05 -3.60845e-05 -0.00179769 0.000277516 -4.65891e-05 -0.000399698 0.00144946 0.00113019 0.00037951 -2.63842e-05 0.000838035 0.000631764 0.001207 -0.000772851 -6.2623e-05 -0.000417259 -0.000253403 2.07736e-06 -0.000698305 -9.35233e-06 -0.000394999 0.000112474 -0.00125492 0.000596031 0.000195405 0.000116861 2.12132e-05 -0.000228883 5.92636e-05 -0.00184526 0.000174486 -9.74879e-05 0.000564865 -6.16237e-05 8.39065e-05 0.000424482 -0.00120042 0.000939045 0.000488167 0.000552746 1.80506e-05 0.00071975 -0.00120618 2.28756e-05 6.68257e-05 8.65671e-05 -3.19758e-05 -7.39164e-05 0.000560438 -0.000265318 1.61622e-05 -9.19185e-06 2.58559e-06 -0.000366626 -0.0014542 0.00133927 -0.000160357 -0.0001717 -0.00255254 -0.00148048 2.16881e-05 0.000133848 0.000253116 -2.99289e-05 -0.000324839 0.000529029 -0.000200779 0.000215606 -0.000194052 7.70791e-06 0.000223597 -0.000680693 -9.6298e-05 6.24676e-06 1.24699e-05 -8.12954e-05 -0.000302496 
-0.000300942 0.000106237 0.0187814 -0.00188999 -0.00433931 0.000867271 0.00125089 -4.07546e-06 -0.0063255 -0.000629137 4.65242e-05 0.000512338 0.000468619 0.000192609 0.000197109 0.00215108 -0.00171168 -0.00765689 0.0023466 -0.000935981 0.00129201 0.000587813 -0.00119712 0.000533341 -0.00156283 -0.005327 0.000732856 -0.000664204 -0.00236398 0.00256141 9.06915e-05 -0.000151467 0.000413088 0.00582852 0.00360704 0.00109686 0.00185568 -0.000237645 0.00360301 -0.000648093 0.0001068 -0.00230503 -0.000141936 -0.00228276 -0.000313328 -0.00582703 0.000604778 0.000639691 0.00021235 0.000118452 -9.24553e-05 0.000231741 -0.00534364 0.000287553 8.87767e-05 -0.000733787 1.25703e-05 7.28945e-05 -0.000136276 -0.00402921 0.00417964 0.000279661 0.00382269 -0.0001848 0.00351101 -0.0031656 -2.33554e-05 -0.000177846 0.001136 -6.26477e-05 0.00400015 -0.000113739 0.000588409 -1.15146e-06 8.11619e-05 0.000174117 -0.00122912 -0.0065277 0.00196959 -0.000421742 0.00118554 -0.00401606 0.000513753 2.62866e-05 -0.000183771 0.000618745 -0.000142957 -0.00231453 0.000493134 -0.000523172 0.000717677 0.000357839 0.000146922 -2.14028e-05 -0.00011174 -0.000202398 5.7723e-05 0.000599947 -0.000633511 0.00124996 
-0.000884251 -0.00048049 -0.00188999 0.100265 0.00450457 0.00182364 -0.00423808 -0.00274883 0.0301572 -0.0199219 -0.000662921 -0.00128984 -0.00663864 0.00127888 -0.000422447 -0.00257376 0.0190652 0.0169901 -0.0230462 0.00441286 -0.00932076 0.00170039 0.00611748 -0.0105931 -0.0104296 0.022599 -0.00218404 0.00328316 -0.00296121 -0.0140536 -0.00839677 -0.00762909 -0.00105451 -0.00928903 -0.0155746 -0.0125025 -0.0080286 -0.000456966 -0.00537237 -0.00467134 -0.000138202 -0.0100679 -0.000512814 0.00439016 0.00121177 0.0214749 -0.00325111 -0.00210668 -0.00083031 -0.000985877 -0.00413516 0.00111493 0.0310186 -0.00817195 -0.00272422 -0.00492513 -0.00144492 -0.000447737 -0.00212534 0.011784 -0.0185301 -0.000346623 -0.0142543 0.00269105 -0.0183903 -0.00970431 -0.000414054 -0.00508273 -0.00429272 0.000528814 -0.00419356 -0.00173992 -8.88692e-05 -0.000595972 -0.000344872 -0.000524705 -0.00950088 0.0431411 -0.0051552 -0.00934669 -0.00575523 0.0159914 -0.0117805 -0.000180834 -0.00506894 -0.00154202 -0.000847107 0.0410416 -0.00529991 0.00304177 -0.0015089 0.00159783 -0.000132893 -0.00123827 -0.00391003 -0.00130827 -0.00021403 -0.000629268 -0.00278488 -0.0173353 
0.00352864 -0.000302822 -0.00433931 0.00450457 0.234983 -0.00636517 0.0172324 -0.00272742 0.0472072 -0.101196 0.00294787 -0.00526745 0.00780334 -0.0189275 -0.00649571 -0.00866112 0.0419959 -0.00850026 -0.0806441 -0.00294482 0.0257408 0.0479907 0.0156149 0.0795078 -0.0290213 -0.0378946 -0.00597032 0.00728823 0.071604 0.0193414 -0.0260957 0.0195634 -0.000864962 0.0204051 -0.0550411 0.0155498 -0.117543 -0.000274612 -0.0805281 -0.00843238 9.20368e-05 -0.0573356 0.000555839 0.0192213 -0.00745389 0.0982534 0.018366 0.00516863 -0.000894256 -0.00117026 0.0363162 0.000178089 -0.00650834 -0.0236347 -0.0165565 0.0176473 -0.00728837 -0.00120711 0.00255568 0.0662912 0.0776281 0.00294739 -0.0506358 0.00240788 -0.0711747 -0.112837 0.000207505 -0.0206947 0.0166341 -0.000742017 -0.0114988 0.00237431 0.0153025 -0.00500871 -0.00111455 -0.000674957 -0.00293313 0.0107454 -0.0175471 -0.0158098 -0.0185282 0.0286935 -0.0554182 -0.000109683 0.0529402 -0.00128084 -0.00605396 0.0558181 -0.0155594 -1.04735e-05 0.00889221 0.0103808 -0.000359773 0.0196955 -0.0449809 0.00429351 0.001314 -0.00134569 -0.0086622 -0.0646618 
0.000607281 0.000452277 0.000867271 0.00182364 -0.00636517 0.0327913 0.000154568 0.00153502 -0.00734172 0.00230452 -0.000129718 0.00163556 0.00357002 0.00249302 0.00032106 -0.000916162 -0.00849182 -0.00576347 0.00308418 -0.000909469 0.00133757 -0.00528146 -0.000956132 0.000239617 -0.000366313 -0.00608333 0.000911177 -0.000814615 -0.00357048 -0.000740931 0.00442323 0.000454516 9.08184e-05 -0.00165141 0.00429616 0.000876912 -0.00244966 0.000706463 0.00119013 -0.00148873 0.000145678 0.000687183 0.000361696 -0.00104042 3.48685e-05 -0.00400572 0.000314952 -0.000462529 0.00114883 0.00044082 -0.00139633 0.000436031 -0.00357783 -0.000512773 8.16828e-05 0.000501421 -0.000183342 7.77741e-05 0.000639666 0.000188246 -0.00106912 -0.000349654 0.00355947 0.00029813 0.0053255 0.000153304 8.91339e-05 -0.000967157 -0.000773718 0.000451258 0.00017456 0.00014659 -0.00259113 0.000937 0.000172541 0.000356285 0.00154729 -0.00483226 0.00606039 0.000226598 1.57565e-05 -0.00452214 -0.00286398 6.82005e-06 -0.0021567 -0.000219071 -0.000466686 -0.00742394 0.00565695 -0.00205126 0.00201091 -0.000452435 -2.39977e-05 -0.000706603 -0.000649156 -0.000519225 0.000188471 0.000432488 0.000365944 -0.00226282 
-0.00234937 0.000412578 0.00125089 -0.00423808 0.0172324 0.000154568 0.0483884 0.00433583 -0.00102922 -0.00927872 0.00156298 0.000436703 0.00130408 -0.00167104 -0.00100804 -0.000596927 -0.00854041 -0.0309948 -0.00822793 -0.00493425 0.0109624 0.017523 0.00934574 0.0114068 -0.00531842 -0.0142374 0.000319011 0.00205863 -0.00267376 0.00194255 -0.00198368 0.0150293 -3.02689e-05 0.00143016 -0.00530557 0.00163155 -0.0136063 0.00218615 -0.0131278 -0.00251081 7.10843e-05 -0.00492828 -0.000104124 -0.00292372 -0.00137835 0.00745131 0.0179189 0.00102296 0.000173011 0.000400845 0.0113258 7.85069e-05 -0.0195564 -0.0035367 -0.000694913 0.0109678 -0.0010379 -6.85833e-05 0.00468468 0.00832951 0.0246724 0.000182901 -0.00574065 -0.000377294 -0.00811224 -0.0142301 0.000592284 -0.0025022 0.0115814 -0.000479791 -0.000825919 0.000264555 -0.00328039 -0.000695445 -3.3249e-05 -0.000232131 0.00604058 -0.0152714 -0.000511304 0.00519901 -0.00250218 -0.0185812 -0.0189392 0.000336928 0.0160872 0.000232135 -0.00126317 -0.00853268 -0.00146818 -0.00391432 0.00451071 -0.00263294 0.000111411 0.00442216 -0.00544129 0.00193924 0.000508674 -0.000213264 0.00174816 -0.00809542 
0.000546003 0.000196795 -4.07546e-06 -0.00274883 -0.00272742 0.00153502 0.00433583 0.0306952 3.67871e-05 -0.00514811 -7.29222e-05 0.00274356 -0.00105326 0.00058174 0.000680902 0.00652384 -0.0158655 -0.00879697 -0.00622334 0.0031397 0.00110694 -0.00499745 0.0220493 0.00403901 -0.00200517 -0.011596 -0.000419621 0.000235248 -0.00626237 -0.00519937 -0.0011489 0.0116667 0.00189896 -3.87366e-05 -0.00338842 0.000296385 -0.0108597 0.000434833 0.00590989 -0.00187881 0.000106666 -0.00213333 0.000842485 -0.00294522 0.000266854 -0.00654446 0.00621382 0.0019769 0.000183695 0.000474206 0.00797352 0.00098612 -0.00873705 -0.00188523 0.00722827 0.00982325 0.00133274 -0.000110168 0.00601075 -0.00201105 0.00539781 6.00746e-05 0.00045766 -0.000380558 -0.00516788 -0.00293057 0.00140757 -0.00162655 0.00176395 -0.000399396 0.000315943 -0.000196534 -0.0022166 0.00161451 -1.72078e-06 1.65835e-05 0.00644935 -0.00871914 -8.03108e-05 0.0178969 -0.00148273 -0.0193109 -0.012467 0.000194025 0.00123854 -0.00067042 -0.000281678 -0.00784058 0.00256546 -0.0021729 0.00446246 -0.0010225 6.50143e-05 0.00731779 -0.00547157 -0.000727486 -9.15504e-05 0.000216344 -0.000367895 -0.00508396 
-0.00538034 -0.00109833 -0.0063255 0.0301572 0.0472072 -0.00734172 -0.00102922 3.67871e-05 0.225028 -0.0703078 0.000588755 -0.00507928 -0.0237232 -0.017811 -0.00570155 0.00709027 0.0593914 0.030485 -0.0841435 0.0205762 -0.0233871 0.025975 0.0154335 -0.00379266 -0.0227179 0.0300755 -0.00487902 0.00744952 0.0727448 -0.0104348 -0.0331111 -0.00934435 -0.000663074 -0.0047788 -0.0549799 -0.032806 -0.0765498 -0.00026756 -0.0065924 -0.0134557 -0.000469176 -0.033205 -0.00396048 0.0222903 -0.00149322 0.090733 0.00762715 0.00146112 -0.0030698 -0.00262794 -0.000869613 -0.00213018 0.0638997 -0.0141539 -0.00432702 -0.0148369 -0.00315633 -0.00276436 -0.0046815 0.0598575 0.0136011 -0.00679621 -0.0480412 -0.00351837 -0.0904492 -0.0417439 0.00164171 -0.0124557 0.000656706 -0.0028033 -0.0107739 -0.00301829 0.00406676 -0.00289484 -1.95511e-05 -0.00191804 0.0243234 0.0954656 -0.0228227 0.00875099 -0.0296102 0.0327187 -0.0132794 0.00012549 0.0239112 0.00460222 0.00258023 0.0540965 -0.0202036 -0.00107411 -0.00362436 -0.00237267 -0.000411508 -0.000612136 -0.0440223 0.00171025 -0.00124494 -0.00158505 -0.024629 -0.0789871 
-0.000586126 0.000316611 -0.000629137 -0.0199219 -0.101196 0.00230452 -0.00927872 -0.00514811 -0.0703078 0.213592 -0.00168673 0.00740252 0.00371771 0.0100435 0.00016818 -0.0091548 -0.0676204 -0.00303372 0.106935 -0.0201433 -0.0296021 -0.0515709 -0.0253828 -0.0634031 0.0615453 0.0072081 0.00887892 0.00253543 -0.107707 -0.00783884 0.0359008 -0.0161924 -0.0016302 -0.0302957 0.0802985 -0.00775441 0.124791 -0.000648165 0.0463004 0.00958753 -0.000198694 0.072279 0.000476017 -0.032534 0.000790151 -0.142529 -0.0127291 -0.0041396 0.00157538 0.00317824 -0.0219823 -0.00371371 -0.0466122 0.0274466 0.0166048 -0.0131043 0.00161581 0.000960886 -0.0017774 -0.0777728 -0.0676096 -0.00438567 0.0584575 -0.00287654 0.105495 0.116168 -0.00197643 0.0284078 -0.00784203 -0.00311724 0.0159308 0.000566227 -0.0289744 0.000671667 -0.000696994 0.00201202 -0.0297417 -0.072118 0.0181682 -0.0107214 0.0279121 -0.0433008 0.0499015 0.000149754 -0.0455083 0.000623021 0.00211801 -0.0664665 0.0227888 -0.0165107 -0.0080713 -0.000844113 -0.000293714 -0.0143963 0.0330547 -0.0029495 -0.000397107 0.000751028 0.0133041 0.0936907 
-7.21476e-05 2.35627e-05 4.65242e-05 -0.000662921 0.00294787 -0.000129718 0.00156298 -7.29222e-05 0.000588755 -0.00168673 0.00772927 -8.13686e-05 0.0010046 -0.00027213 -6.4395e-05 -9.09059e-05 -0.000353772 -0.00248591 -0.00156014 -5.82809e-05 0.000129928 0.00135216 0.00118133 0.00258682 -8.00178e-05 -0.00250018 -0.000106882 0.000531944 -0.00111557 0.000594228 -0.00044148 0.00104358 0.000127326 0.000209837 -0.000869297 0.000276555 -0.00240151 0.000266112 -0.0018921 1.88607e-05 2.27967e-06 -0.0011953 0.000247277 -4.02343e-05 -0.000114357 0.000815574 0.00121982 0.000826893 5.70595e-05 0.000264581 0.00147749 -9.49105e-05 -0.00307902 -0.000574594 0.000178666 0.00132176 0.00042491 7.87716e-06 0.000722577 -0.00130964 0.00365849 0.000125702 -0.00031965 9.52631e-05 -0.00113376 -0.00248874 0.000131429 -0.000261644 0.00138056 -6.1754e-05 -9.04563e-05 0.000172933 -0.00027504 0.000152624 -2.18179e-05 4.96348e-05 -0.000965153 -0.00161378 -0.00014042 -0.000330439 -0.000471714 -0.00229022 -0.00282711 0.000100187 0.00108704 2.80994e-05 -0.000171097 -0.000363367 -0.000278871 0.00012649 0.000876455 0.00106758 5.25949e-05 0.00112574 -0.001254 -0.0001336 6.79483e-06 3.84736e-05 0.000154876 -0.00132091 
-0.000765215 9.97503e-05 0.000512338 -0.00128984 -0.00526745 0.00163556 0.000436703 0.00274356 -0.00507928 0.00740252 -8.13686e-05 0.0177844 7.06233e-05 0.00117907 0.000757455 0.001732 -0.00680011 -0.0038954 -0.000754471 0.00018683 -0.00173833 -0.0049235 0.00221391 -0.00253097 -0.00164743 -0.00260769 8.95518e-06 -0.000303946 -0.00628745 0.00156501 0.00186055 -0.000372431 0.000106919 -0.00111442 0.00109403 -0.0013722 0.00282788 3.28252e-05 0.00300766 0.00310837 4.0901e-05 0.00328102 0.000375234 -0.00211701 0.000889685 -0.00679596 0.000827612 0.000590065 0.000482749 0.000792001 0.000154585 -4.97006e-05 -0.00234151 0.00181961 0.0053531 0.00169563 0.000287045 4.62222e-06 0.00180636 -0.00326526 -0.00180925 -0.000156068 0.00138953 -0.00019488 0.00300443 0.00311615 -7.12352e-05 0.00223729 0.000798671 -9.9631e-05 0.00148223 0.00015055 -0.00072093 5.41614e-05 0.000138421 0.000551575 -0.000508725 -0.00473563 0.00109142 0.00192459 7.09609e-05 -0.00879904 -0.00533641 0.000491526 -0.00223349 -9.10272e-05 0.000191088 -0.00277808 0.00166529 -0.0012615 0.000750121 -0.000278729 3.8249e-06 0.000475595 0.000795234 -0.000381409 -1.59562e-05 8.04178e-06 7.31331e-05 0.00164193 
0.00287234 -0.000112725 0.000468619 -0.00663864 0.00780334 0.00357002 0.00130408 -0.00105326 -0.0237232 0.00371771 0.0010046 7.06233e-05 0.0719634 -0.000820549 -0.00108866 -0.00256018 -0.015723 -0.00913684 0.0124117 -0.000967213 0.0114402 0.000590287 -0.00474452 0.0137853 0.00127421 -0.0182468 -0.000495118 -0.000135813 -0.0221055 0.000642705 0.00756134 0.00529412 -0.000361867 0.00326625 0.00747699 0.0174006 -0.00517054 0.000192273 -0.0129775 -0.00171232 0.000397243 -0.00186175 0.000386367 -0.00813128 -0.000878801 -0.00698088 0.000362357 -0.000320943 0.000982206 -2.9903e-05 0.0103817 -0.000627837 -0.0272063 -0.00437348 -0.00357625 0.00673519 -0.000419478 0.000204444 0.00313832 -0.0149573 0.0126314 0.000755657 0.00496839 8.79156e-05 0.0115528 -0.00628234 -0.00026044 -0.00166844 0.00115926 -0.000639481 0.00496982 0.00295871 -0.00724949 -0.000405025 0.000178508 -0.000454518 -0.00907169 -0.0179799 0.00961823 -0.00254272 0.00224079 -0.00705731 -0.0150836 -0.000105616 0.00692056 -0.0018064 -0.00204317 -0.012911 0.00593311 0.00320077 0.005195 0.00105622 -0.000202156 0.013156 -0.00260947 -0.00188379 0.000490433 -0.000288368 0.00111951 0.0027918 
-0.00252317 0.0014988 0.000192609 0.00127888 -0.0189275 0.00249302 -0.00167104 0.00058174 -0.017811 0.0100435 -0.00027213 0.00117907 -0.000820549 0.067098 0.000558384 -0.0020098 -0.00872769 -0.021402 0.0110144 0.000265373 0.00130723 -0.000599666 -0.00446941 0.000643852 -0.00556332 -0.016018 -0.000600287 -0.00217137 -0.0154391 -0.00207217 0.0154064 -0.00419927 0.00099365 0.00124261 0.0155601 0.00740873 0.00485784 -0.00143298 -0.0168898 9.95517e-05 2.09647e-05 -0.00978011 -0.000388677 -0.00652976 -0.000641713 -0.0115191 -0.00195962 0.000654786 0.000453218 0.000909487 -0.000342274 0.000387882 -0.0138918 0.008355 0.00624164 0.0126921 0.000282051 0.000204243 0.00100891 -0.0129354 0.00306557 0.000424818 0.0223122 -0.000804295 0.0199817 -0.00573878 0.000150125 0.00406794 0.00109872 -0.000618109 -0.000787066 0.000848608 -0.00289815 0.000983443 -0.000162116 -3.6205e-05 -0.00327112 -0.00995723 0.0201651 -0.000327082 0.000949532 -0.0188928 -4.58712e-05 0.000212095 -0.00580437 3.16548e-05 -0.00169681 -0.0106396 0.00525165 0.00535075 0.000809693 -0.00257248 4.4358e-05 -0.000117318 0.00107974 -0.000420498 5.19141e-05 0.00187898 0.00023274 0.00247327 
-0.000413944 -7.54681e-05 0.000197109 -0.000422447 -0.00649571 0.00032106 -0.00100804 0.000680902 -0.00570155 0.00016818 -6.4395e-05 0.000757455 -0.00108866 0.000558384 0.0235205 0.000296201 -0.000362934 0.00436299 0.00469701 0.000383118 -0.00136163 -0.00370353 -0.000718787 -0.00634423 -0.00252754 0.00284281 0.000207837 5.65612e-05 -0.00465636 -0.00386948 0.000681655 -0.00185953 0.000451128 -0.00201879 -0.00076105 -0.00143023 0.00289735 0.000269951 0.000367571 -9.44979e-05 -2.4413e-06 0.000357917 -9.00675e-05 0.00180118 0.00155306 -0.00109392 -0.00080991 -0.000120593 -5.92565e-05 -5.69116e-05 -0.00109544 0.000114736 0.000195596 -0.000399656 0.00216453 -0.00197328 8.06547e-05 -6.70365e-05 4.72883e-05 -0.000788479 -0.00663628 -0.000340134 -0.00268538 0.000786074 0.00176932 0.00400257 -0.000163999 0.00270718 -0.000248546 0.000607934 -0.000411514 -0.000211117 0.000740121 -4.11143e-05 -2.64199e-05 8.42089e-06 -0.00180236 -0.000333484 -0.000317319 -0.00180178 0.0036052 0.00187254 0.00310014 -3.47036e-05 -0.00367755 -0.000334006 -0.000252271 -0.00463903 0.000350842 -0.000885644 -0.000531101 0.000843965 -8.55e-05 -0.000593316 0.00287862 9.30837e-05 3.87914e-06 0.000147247 0.000326095 0.00371243 
-0.00148905 0.000135708 0.00215108 -0.00257376 -0.00866112 -0.000916162 -0.000596927 0.00652384 0.00709027 -0.0091548 -9.09059e-05 0.001732 -0.00256018 -0.0020098 0.000296201 0.0426651 -0.011772 -0.00697727 -0.00925502 0.0102432 0.00135208 -0.00689333 0.0178475 0.00368507 -0.00383214 -0.00939837 0.000401227 -0.000757462 0.00406776 0.00169957 -0.00257834 0.00340529 0.0017031 0.0106683 -0.00482147 -0.000570898 -0.0122575 -0.000154932 0.0140009 -0.00057308 0.000132076 -0.00102931 0.000333796 -0.00399467 0.000423949 -0.00665403 0.00228642 0.00375127 0.000443702 -7.25869e-05 0.00155998 0.00118073 -0.00248571 -0.00285696 0.00663434 -0.000360599 0.00194507 -0.000108935 0.00246919 -0.00283174 0.00306961 0.00049632 0.000282742 -0.000427057 -0.00780394 -0.00300625 0.00125306 -0.00186895 0.000593602 -0.000541147 0.0011096 8.45732e-05 -0.000897387 0.00211618 0.000366548 -3.92362e-07 0.00742284 -0.00261823 -0.00193533 0.0208757 -0.00280639 -0.0148747 -0.0112604 5.71345e-05 -0.00149254 -0.000919582 0.000689532 -0.00483276 -0.00115003 -0.00169309 0.00308463 -0.00201657 0.000362341 0.00193547 -0.00657911 -0.000985689 1.40807e-05 0.000183976 -0.00182565 -0.00700228 
-0.00345714 -0.000844848 -0.00171168 0.0190652 0.0419959 -0.00849182 -0.00854041 -0.0158655 0.0593914 -0.0676204 -0.000353772 -0.00680011 -0.015723 -0.00872769 -0.000362934 -0.011772 0.190205 0.0383171 -0.0309372 0.00191212 0.00167405 0.0543931 -0.0268055 0.00396435 -0.00885169 0.0103176 -0.0114003 -0.00273125 0.0624032 -0.0117242 -0.0207109 -0.0105046 -0.00254027 0.00399753 -0.0413198 -0.00158316 -0.024613 -0.000257668 -0.0025648 -0.00758668 -0.000291427 -0.0333075 -0.00248656 0.0228889 0.00328325 0.0698472 -0.0143177 -0.00633728 -0.00241033 -0.00509582 -0.0213754 -0.00040884 0.0598544 -0.00232559 -0.02282 -0.0289824 -0.00703025 -0.00170795 -0.0149141 0.0316135 0.0108424 0.00113206 -0.0478761 1.08959e-05 -0.0674802 -0.0583083 -0.00354153 -0.00147447 -0.0066716 6.44809e-05 -0.0136278 0.00170924 0.0229188 -0.00523267 7.61263e-05 -0.00107732 -0.00645025 0.0698926 -0.0124707 -0.0332534 -0.023957 0.052202 -0.00408934 -0.00036503 0.0163419 0.00429877 0.00388978 0.0727888 -0.0291443 0.007138 -0.0130007 0.0044398 0.000235637 -0.014769 -0.0142149 0.00325916 0.000188651 -0.00103969 -0.0142784 -0.0560172 
0.00273132 -0.00257223 -0.00765689 0.0169901 -0.00850026 -0.00576347 -0.0309948 -0.00879697 0.030485 -0.00303372 -0.00248591 -0.0038954 -0.00913684 -0.021402 0.00436299 -0.00697727 0.0383171 0.191381 -0.00501909 0.0108788 -0.0328422 -0.0522699 -0.0203205 -0.0508104 0.00539269 0.0690247 -0.00315539 -0.00173671 0.029689 -0.0351594 -0.0267379 -0.0291703 -0.00299923 -0.0374103 -0.0320303 -0.0257825 0.0199857 -0.000526935 0.0148302 0.00707509 -0.0006945 0.0224814 -0.000486929 0.0217322 0.00483513 0.0306907 -0.0254515 -0.0123825 -0.00282459 -0.00448651 -0.0282082 -0.000831551 0.0845204 -0.0164127 -0.00689655 -0.040984 -0.00354057 -0.00145894 -0.00525019 0.0260999 -0.0799351 -0.00376453 -0.0377349 0.00304798 -0.0233044 0.0288968 -0.00191989 -0.00453905 -0.0181748 0.00314727 -0.0144405 -0.00199172 0.00430978 -0.00137978 -4.60853e-05 -0.000165149 0.00144389 0.0727324 -0.0253994 -0.0281598 -0.00264449 0.0917483 0.0364181 -0.00103792 -0.0220441 -0.00630715 0.00459761 0.025297 -0.011309 0.00613582 -0.0174983 0.00860617 -0.00121351 -0.0107656 0.0209774 -0.00148069 -0.000775857 -0.00144774 -0.00747171 0.00318531 
-0.000633262 0.000457407 0.0023466 -0.0230462 -0.0806441 0.00308418 -0.00822793 -0.00622334 -0.0841435 0.106935 -0.00156014 -0.000754471 0.0124117 0.0110144 0.00469701 -0.00925502 -0.0309372 -0.00501909 0.203548 -0.0244849 -0.015057 0.00548355 -0.0327152 -0.0436372 0.0350925 -0.0226328 0.00378962 -0.0035656 -0.0919448 -0.0337894 0.0329883 -0.0165817 -0.00181273 -0.018426 0.0732869 0.0157799 0.0953713 -0.00479405 0.0169741 -0.00632305 4.23037e-05 0.0464719 -0.00143791 -0.0223823 -0.00399818 -0.113007 -0.0134475 -0.0032248 0.00113968 0.00247116 -0.020478 -0.001294 -0.061166 0.018256 -0.00361951 -0.0131971 -0.00188206 0.00195706 -0.00512547 -0.0664489 -0.0430812 -0.000784829 0.0553125 -0.00279754 0.098206 0.0742826 -0.00286843 0.0215499 -0.00821731 -0.00195655 0.0139458 0.00274258 -0.010902 -0.00188167 -0.000213136 0.000376673 -0.0254717 -0.0592679 0.02182 -0.0177894 0.0306042 -0.0269319 0.0622064 -0.000438778 -0.0309918 -0.00429846 -0.00292327 -0.0722272 0.0211751 -0.00181237 -0.00462398 0.00334012 -0.000878273 -0.0114159 0.0289707 -0.00565355 -0.000564295 0.00123759 0.0143354 0.091205 
-0.00160534 -0.000464378 -0.000935981 0.00441286 -0.00294482 -0.000909469 -0.00493425 0.0031397 0.0205762 -0.0201433 -5.82809e-05 0.00018683 -0.000967213 0.000265373 0.000383118 0.0102432 0.00191212 0.0108788 -0.0244849 0.102939 -0.00269589 -0.0285184 0.0140964 -0.0056573 -0.00327338 -0.00071007 -0.0014692 0.0035755 0.0139654 0.00713877 -0.00756861 -0.00538752 0.00104078 -0.0038801 -0.0126314 -0.0121234 -0.0202934 0.000794461 0.0070701 -0.00148437 0.000154451 -0.00550212 -0.000232447 -0.00340093 0.00179314 0.0258713 -0.00290246 -0.000519035 -0.000620038 -0.000189755 0.00389189 0.000185486 0.0182598 -0.00541797 0.0045584 -0.00288116 0.00131574 -0.000377813 0.000768186 0.0243137 -0.00261245 -0.00161002 -0.00724679 0.000782359 -0.0210837 -0.0201333 0.0014057 -0.00593156 -0.000972271 0.0016817 -0.00208608 -1.49792e-05 -0.0079441 0.00236868 0.000189198 -0.000410744 0.00865566 0.0118851 -0.0058315 0.00806438 -0.00562749 0.00567542 -0.0383379 0.000450079 0.00229615 0.00146158 -0.000385521 0.00982521 -0.00454489 0.00878799 -0.00322168 -0.00450982 -0.00038535 0.00175817 -0.0140016 0.00117721 0.000151336 0.00157633 -0.00166372 -0.0181827 
-0.00464316 0.00107333 0.00129201 -0.00932076 0.0257408 0.00133757 0.0109624 0.00110694 -0.0233871 -0.0296021 0.000129928 -0.00173833 0.0114402 0.00130723 -0.00136163 0.00135208 0.00167405 -0.0328422 -0.015057 -0.00269589 0.103995 0.02903 0.00249745 0.0333281 -0.0165679 -0.0315074 -0.0020002 -3.37037e-05 0.00425453 0.0254706 -0.00142326 0.0114169 0.000234485 0.0162716 -0.0108809 0.0174344 -0.0267597 0.0015199 -0.0210055 -0.00321168 0.000317687 -0.017981 -0.000158041 -0.00630125 -0.00300447 0.00462991 0.00954821 0.00335231 0.000360986 -0.000710911 0.00725883 0.0011828 -0.0242634 -0.00386889 -0.000535012 0.011986 -0.00152529 -8.47202e-05 0.00299599 -0.00671495 0.0428154 0.0070198 0.00254859 0.000974365 -0.0138516 -0.0345159 0.00324509 -0.00607425 0.00463743 -0.000340991 -0.00138608 0.000958994 0.000796947 -0.000748319 3.06513e-05 -0.000783814 0.00442567 -0.0193421 0.00431716 0.011605 -0.00539871 -0.018773 -0.0355392 9.281e-05 0.0153795 0.001363 0.000909833 -0.00347715 -0.0029241 0.000122024 0.00750695 0.0061174 0.000768255 0.00905347 -0.0111679 -0.00144076 0.000504225 -0.000406518 0.00443098 -0.0187692 
-0.0175873 0.000727018 0.000587813 0.00170039 0.0479907 -0.00528146 0.017523 -0.00499745 0.025975 -0.0515709 0.00135216 -0.0049235 0.000590287 -0.000599666 -0.00370353 -0.00689333 0.0543931 -0.0522699 0.00548355 -0.0285184 0.02903 0.249903 0.000333306 0.0244673 -0.0321738 -0.0378918 -0.00559985 -0.00164059 -0.000415907 0.00160292 -0.00662736 0.00211312 -0.000485115 0.0166917 -0.00949829 0.0222783 -0.0551487 -0.00306297 -0.065171 -0.0213577 7.11395e-05 -0.0252028 -0.0040405 0.0111493 -0.00936288 0.0345941 0.0113543 0.00366534 -0.0007563 -0.00300911 0.00882739 -0.00120391 -0.0188222 -0.00433097 -0.0129657 0.00960156 -0.0051169 -0.000596581 -0.000543881 0.0126551 0.0639857 0.00422607 -0.0106515 -0.00197576 -0.0370671 -0.0466121 -0.00314731 -0.00754288 0.0113655 -0.004441 -0.00396243 0.00143374 0.011002 -0.00345761 0.00044125 -0.00303765 0.00288636 -0.00469653 -8.6137e-05 0.00271356 -0.0120583 -0.030549 0.00798093 -0.000280777 0.0295938 0.00316514 -0.00720963 -0.0211466 -0.0138726 -0.00999129 0.00604284 0.00919407 0.00034208 0.0124023 -0.00871531 -0.00279099 -0.000740397 -0.00224677 -0.00103336 -0.0227528 
0.00264747 0.000292156 -0.00119712 0.00611748 0.0156149 -0.000956132 0.00934574 0.0220493 0.0154335 -0.0253828 0.00118133 0.00221391 -0.00474452 -0.00446941 -0.000718787 0.0178475 -0.0268055 -0.0203205 -0.0327152 0.0140964 0.00249745 0.000333306 0.123138 0.0155767 0.00280625 -0.0364977 -0.00181175 0.00203681 -0.00203232 -0.00895062 -0.00984472 0.0367818 0.00218699 0.00902008 -0.0196177 -0.00131836 -0.0493254 0.000338462 0.0198184 -0.00656941 0.000165329 -0.0166416 0.00350049 -0.0076914 0.00813045 -0.0032018 0.0187247 0.00868218 0.000430493 0.000795766 0.0256397 0.00262691 -0.012325 -0.0100326 0.0168003 0.026214 0.00120111 -0.000480951 0.0100743 -0.00227132 0.0173793 0.000379591 -0.00591537 -0.00069565 -0.0284684 -0.0221067 0.00383318 -0.00485857 0.00846812 -0.001808 -0.00347995 -0.000949696 -0.00334001 0.00131197 0.000232648 -5.42436e-05 0.0162952 -0.01545 -0.00658406 0.0458443 -0.00838174 -0.0564086 -0.0514547 0.0009746 0.0103994 -0.000634193 0.00185582 0.00520459 -0.00240035 -0.00926011 0.0119107 -0.00367137 -5.13034e-05 0.0169934 -0.0250026 -0.00188421 -4.4973e-05 -0.000200606 -0.000875008 -0.0255391 
0.0033484 9.62243e-05 0.000533341 -0.0105931 0.0795078 0.000239617 0.0114068 0.00403901 -0.00379266 -0.0634031 0.00258682 -0.00253097 0.0137853 0.000643852 -0.00634423 0.00368507 0.00396435 -0.0508104 -0.0436372 -0.0056573 0.0333281 0.0244673 0.0155767 0.215132 -0.0226919 -0.0756451 -0.00284261 -0.00447993 0.0186587 0.0458889 -0.0123494 0.0335404 0.000609791 0.0439237 -0.0258533 0.0315042 -0.0635211 -0.00241502 -0.0317879 -0.0102672 0.00045544 -0.0393966 0.00295148 -0.0343709 -0.00724652 0.0199704 0.0122155 0.0113821 -8.30748e-05 -0.000458279 0.0315677 -0.000108646 -0.0817747 -0.00395174 -0.00485316 0.0345997 -0.00243022 -0.000887995 0.00220037 -0.018104 0.115939 0.00445005 -0.0173829 -0.00330385 -0.031954 -0.077804 0.00368888 -0.014524 0.00261053 -0.0031651 -0.00285696 -0.00246772 0.0238995 -0.00265373 -0.000237712 0.00071643 -0.00844686 -0.0284774 0.00226807 0.00992965 -0.0107568 -0.0160346 -0.0476446 -0.000390263 0.0302024 -0.000631372 -0.00497193 0.0337238 -0.0100372 -0.000524708 0.017364 0.0140159 0.000869981 0.0221921 -0.028114 -0.00535581 0.000676273 0.00204385 0.00349939 -0.0398749 
0.010201 -3.60845e-05 -0.00156283 -0.0104296 -0.0290213 -0.000366313 -0.00531842 -0.00200517 -0.0227179 0.0615453 -8.00178e-05 -0.00164743 0.00127421 -0.00556332 -0.00252754 -0.00383214 -0.00885169 0.00539269 0.0350925 -0.00327338 -0.0165679 -0.0321738 0.00280625 -0.0226919 0.158316 -0.0108564 0.0064566 -0.00115521 -0.029239 -0.0231669 0.00857994 0.00971063 -0.00161987 -0.0160233 0.0266698 -0.00634787 0.039004 -0.00322456 0.0342254 -0.000850791 0.000129325 0.0257256 0.00358725 0.00184761 0.0100709 -0.0624731 -0.00854237 -0.00345623 0.000172456 0.0026236 -0.0110639 -0.00111198 -0.0239006 0.00152048 0.00611782 -0.014488 -0.00248595 0.000492975 0.00225494 -0.040152 -0.0277581 -0.00215589 0.0203923 -0.00172893 0.0245648 0.035577 -0.00103943 0.0044289 -0.00585609 -0.00165624 0.00129978 0.00290416 -0.00564868 0.00188323 -0.000237588 0.000406428 -0.0175682 -0.0236726 0.00373617 -0.00344822 -0.00637227 -0.0126995 0.00653616 4.39726e-05 -0.0105104 0.00237361 0.00134048 -0.0048921 0.0046744 0.000757961 -0.00707879 -0.00887043 -0.000634932 -0.00928315 -0.00176875 -0.00413765 0.000357351 0.00065301 0.00185872 0.018237 
-0.00498445 -0.00179769 -0.005327 0.022599 -0.0378946 -0.00608333 -0.0142374 -0.011596 0.0300755 0.0072081 -0.00250018 -0.00260769 -0.0182468 -0.016018 0.00284281 -0.00939837 0.0103176 0.0690247 -0.0226328 -0.00071007 -0.0315074 -0.0378918 -0.0364977 -0.0756451 -0.0108564 0.245496 0.00111064 0.00689027 0.00993509 -0.0225568 -0.0240936 -0.0353446 -0.00257703 -0.045553 -0.0395735 -0.047999 0.0533452 0.0032529 -0.0123315 0.0115354 -0.000518112 0.0445349 -0.00278568 0.0316076 -0.00231183 0.0361963 -0.0161803 -0.0133389 -0.00334024 -0.00365628 -0.0302237 -0.00116931 0.0984309 -0.00174857 -0.0173161 -0.0314164 -1.41992e-05 -0.0015373 -0.0110642 0.0323979 -0.105438 -0.00420209 -0.0385901 0.000673732 -0.0163963 0.0663081 -0.00443673 -0.00360766 -0.0088397 0.000564728 -0.0124326 -0.00564193 -0.0113313 -0.000106595 -0.000407059 -0.00102346 0.00871773 0.0696299 -0.0210224 -0.0335059 -0.00174922 0.0986383 0.0645711 -0.00057538 -0.0418128 -0.00167251 -0.00425808 0.00194982 -0.0140937 -0.012479 -0.0149538 -0.00741012 -0.000892719 -0.0214153 0.0552753 0.00522235 -0.000199197 -0.00342796 0.000217216 0.0164359 
0.000510699 0.000277516 0.000732856 -0.00218404 -0.00597032 0.000911177 0.000319011 -0.000419621 -0.00487902 0.00887892 -0.000106882 8.95518e-06 -0.000495118 -0.000600287 0.000207837 0.000401227 -0.0114003 -0.00315539 0.00378962 -0.0014692 -0.0020002 -0.00559985 -0.00181175 -0.00284261 0.0064566 0.00111064 0.0252692 0.00270936 -0.00422656 0.0029612 -0.000202307 -0.00109424 1.35252e-05 -0.000694631 -0.000882541 -0.00255559 0.00458675 -0.000185674 0.00103311 0.000661168 6.7464e-06 0.00705446 -9.29134e-05 -0.00176769 -0.00024037 -0.00758098 0.000460868 0.000426915 0.000206811 0.000919606 0.000482807 -0.000351829 -0.00567419 -0.00133667 0.000218784 -0.000758426 -9.13499e-05 -3.18939e-05 0.000614337 -0.00366634 -0.00276131 -0.000353196 -0.0023056 -6.43336e-05 0.0077786 0.00608256 -3.43748e-05 0.00140561 0.000628322 0.00022371 0.00175524 0.000127885 -0.00196192 -0.000239524 -7.34156e-05 0.00050457 -0.00114788 -0.00661679 0.000820771 -0.000298379 0.0011379 -0.00223193 0.000623372 -3.55568e-05 -0.00111947 -0.000439851 -0.000141198 -0.00778004 0.0015986 -0.00167602 0.00144472 -0.000861975 -1.82717e-05 -0.000511977 0.00385615 0.00041321 -1.37394e-05 0.000436531 0.000365825 0.00462123 
-0.000437905 -4.65891e-05 -0.000664204 0.00328316 0.00728823 -0.000814615 0.00205863 0.000235248 0.00744952 0.00253543 0.000531944 -0.000303946 -0.000135813 -0.00217137 5.65612e-05 -0.000757462 -0.00273125 -0.00173671 -0.0035656 0.0035755 -3.37037e-05 -0.00164059 0.00203681 -0.00447993 -0.00115521 0.00689027 0.00270936 0.040631 -0.0059195 -0.00678513 -0.00127893 0.000248846 4.84614e-05 -0.00404689 -0.00397129 -0.00391196 -0.00291769 0.00394006 -0.00694771 -0.00142019 1.5973e-07 0.00140848 -4.20994e-05 0.00604636 0.000587975 -0.000178537 0.00164188 -0.000736436 1.44878e-07 5.84517e-05 0.00118656 -0.000532184 -0.00141204 -0.00241336 -0.000780411 -0.00260229 -0.000463417 -9.0591e-05 0.00145891 0.000788354 -0.0022577 -0.000255221 -0.00615001 0.00100238 -0.00481232 -0.000418065 -0.00015233 0.000687982 2.69389e-05 0.000581398 -0.000357296 -0.000221924 -0.00217939 -0.000345345 -2.05569e-05 -0.000279071 -0.00181284 0.00150212 -0.00146106 -0.00410313 -0.000521732 0.000532639 -0.00746794 -5.8083e-05 0.000957679 8.44854e-05 -0.000987785 -0.00223945 -0.000690644 -0.00186273 -0.000132742 0.00561308 -6.04606e-05 0.000974727 -0.00327068 0.000816275 4.88025e-05 -0.00027822 0.00354001 -0.00354261 
0.0013167 -0.000399698 -0.00236398 -0.00296121 0.071604 -0.00357048 -0.00267376 -0.00626237 0.0727448 -0.107707 -0.00111557 -0.00628745 -0.0221055 -0.0154391 -0.00465636 0.00406776 0.0624032 0.029689 -0.0919448 0.0139654 0.00425453 -0.000415907 -0.00203232 0.0186587 -0.029239 0.00993509 -0.00422656 -0.0059195 0.243931 0.00801565 -0.025677 0.00638812 -0.00196999 0.0175516 -0.0594012 -0.007648 -0.0998643 -0.00382164 -0.0241735 -0.000620068 -0.000160922 -0.0567844 0.000732722 0.0382689 0.00236154 0.113797 0.00212614 -0.00456401 -0.00234843 -0.00338419 -0.0120697 -0.00214165 0.0691957 -0.0177483 -0.0144168 -0.0168652 -0.000838618 -0.00149681 -0.0051331 0.0881808 0.0325463 -0.000669762 -0.0469192 0.00254249 -0.0764878 -0.0964029 0.00104149 -0.0211553 -0.00834403 0.00396649 -0.0142886 -0.00246911 0.0137643 -0.00290424 0.000180285 -0.00123424 0.0356751 0.0590542 -0.0188048 -0.0150415 -0.0240409 0.0528803 -0.0180727 -0.00101681 0.0341732 0.00184417 0.00192368 0.0609715 -0.0179331 0.00685944 -0.00817374 -0.00939734 0.00067781 -0.0151614 -0.0361251 0.00302304 -0.00121318 0.000595601 -0.015636 -0.0689685 
-0.00434549 0.00144946 0.00256141 -0.0140536 0.0193414 -0.000740931 0.00194255 -0.00519937 -0.0104348 -0.00783884 0.000594228 0.00156501 0.000642705 -0.00207217 -0.00386948 0.00169957 -0.0117242 -0.0351594 -0.0337894 0.00713877 0.0254706 0.00160292 -0.00895062 0.0458889 -0.0231669 -0.0225568 0.0029612 -0.00678513 0.00801565 0.201843 -0.00753378 0.00195511 0.000574412 0.0300329 -0.0184978 0.0162041 0.00807099 1.44857e-06 -0.00796396 0.0141864 7.75734e-05 0.0138315 -0.0008278 -0.0209996 -0.00340277 -0.0063363 0.00679574 0.0103972 -0.000495793 -0.00179808 0.00321404 -0.000532765 -0.0194992 0.00132856 -0.00392814 0.00774827 -0.00106498 -0.000328605 -0.00473722 -0.0268687 0.0509909 0.00514495 -0.0182986 -0.000534203 -0.009384 -0.0203036 -4.7918e-05 -0.010197 0.00127803 -0.0026639 -0.00459243 -0.0021947 0.00109017 -0.00274647 -0.000787842 0.0027079 -0.0113547 -0.0224282 -0.0049851 -0.00669487 -0.0175703 -0.0130072 -0.0689494 -0.00016539 -0.000401559 0.00557238 -0.000941823 0.0288886 -0.00796538 0.00166261 0.00587249 -0.00558886 0.00165781 0.00171633 0.000151527 -0.00304045 0.000775842 0.00079253 0.00291288 0.00199561 
0.00391804 0.00113019 9.06915e-05 -0.00839677 -0.0260957 0.00442323 -0.00198368 -0.0011489 -0.0331111 0.0359008 -0.00044148 0.00186055 0.00756134 0.0154064 0.000681655 -0.00257834 -0.0207109 -0.0267379 0.0329883 -0.00756861 -0.00142326 -0.00662736 -0.00984472 -0.0123494 0.00857994 -0.0240936 -0.000202307 -0.00127893 -0.025677 -0.00753378 0.0703685 -0.00444402 -0.000298447 -0.00408327 0.042708 0.0156498 0.0190331 -0.00118978 0.000701724 -0.00316596 1.94066e-05 0.00107659 -0.000290645 -0.00903414 0.00136373 -0.0380086 -0.00332405 -0.00103097 0.00349943 0.0015976 -0.00535107 -0.00089899 -0.0311454 0.00678862 0.00096308 0.00447996 0.00068299 0.0015588 -0.000813503 -0.0215178 -0.00792283 -0.000490324 0.0330369 -0.000757292 0.044459 0.0185462 -0.000511667 0.00373434 -0.00219273 -0.000798952 0.00622637 0.00316406 -0.00654419 0.00101828 -0.000146201 0.000222619 -0.00911063 -0.0259597 0.022923 -0.0023092 0.0136816 -0.0308342 0.0146416 -2.65158e-05 -0.0114358 -0.000841216 -0.000513744 -0.0271188 0.0185201 -0.00227323 0.000439903 -0.00271447 -2.55935e-05 -0.00227357 -0.00464823 -0.00136403 -0.000328874 -0.000292715 -0.000554018 0.0207426 
0.00262374 0.00037951 -0.000151467 -0.00762909 0.0195634 0.000454516 0.0150293 0.0116667 -0.00934435 -0.0161924 0.00104358 -0.000372431 0.00529412 -0.00419927 -0.00185953 0.00340529 -0.0105046 -0.0291703 -0.0165817 -0.00538752 0.0114169 0.00211312 0.0367818 0.0335404 0.00971063 -0.0353446 -0.00109424 0.000248846 0.00638812 0.00195511 -0.00444402 0.0798326 -0.000224047 0.01634 -0.0108018 0.0107577 -0.0224516 -0.000402581 0.00571617 -0.00449038 0.000276247 -0.0107314 0.0043366 -0.00862829 0.000649827 -0.010951 0.0131634 0.00275421 0.00042143 0.00107521 0.0205912 0.000325797 -0.032536 -0.00565183 0.00242892 0.023151 -0.00125932 3.08275e-05 0.00471561 -0.00147756 0.0359349 0.0032916 -0.00886776 -0.00103279 -0.0161948 -0.023086 0.00315681 -0.0049202 0.00273338 -0.00111976 -0.00259917 -0.001024 -0.00154768 -0.000270255 -4.86861e-05 0.000292449 0.00212425 -0.0311285 -0.00229647 0.0216993 -0.00555247 -0.0378283 -0.0351771 0.000230557 0.0185509 0.00174606 -0.000559334 0.00234294 -0.00191257 -0.00394467 0.00937727 -0.00249502 0.000655331 0.00992795 -0.0134639 -0.00175328 -3.77597e-05 -0.00039847 0.00388539 -0.0149908 
-0.000508831 -2.63842e-05 0.000413088 -0.00105451 -0.000864962 9.08184e-05 -3.02689e-05 0.00189896 -0.000663074 -0.0016302 0.000127326 0.000106919 -0.000361867 0.00099365 0.000451128 0.0017031 -0.00254027 -0.00299923 -0.00181273 0.00104078 0.000234485 -0.000485115 0.00218699 0.000609791 -0.00161987 -0.00257703 1.35252e-05 4.84614e-05 -0.00196999 0.000574412 -0.000298447 -0.000224047 0.0112594 0.00212606 -0.00115016 -0.000112816 -0.0031934 -2.32151e-05 -0.0004925 -6.25168e-05 3.67377e-05 -0.00159148 -5.93563e-05 0.000214727 -0.000201751 6.98477e-06 0.000759491 3.59882e-06 0.000231106 2.33846e-05 0.00201978 0.000494071 -0.00356533 -0.000100214 0.00176629 0.000161142 0.000697996 -1.35229e-05 0.00104005 0.000900517 0.00226803 2.97084e-05 0.00199528 -5.38459e-05 -0.0011312 -0.00208389 0.000274643 -0.000545986 0.00051868 -7.82425e-05 0.000733634 -7.01948e-05 0.0010739 0.000519219 6.29984e-05 -3.18622e-05 0.00131296 -0.00254832 0.000655063 0.00337117 -8.49738e-05 -0.00341437 -0.00231541 4.67935e-05 6.46399e-05 -2.50316e-05 -2.62138e-05 -0.00265954 0.000431116 -4.62446e-05 0.000663556 -0.000588108 6.19445e-05 0.00151541 -0.000870495 2.39572e-05 1.1613e-05 0.000232593 -0.000234268 -0.00106036 
-0.00378745 0.000838035 0.00582852 -0.00928903 0.0204051 -0.00165141 0.00143016 -3.87366e-05 -0.0047788 -0.0302957 0.000209837 -0.00111442 0.00326625 0.00124261 -0.00201879 0.0106683 0.00399753 -0.0374103 -0.018426 -0.0038801 0.0162716 0.0166917 0.00902008 0.0439237 -0.0160233 -0.045553 -0.000694631 -0.00404689 0.0175516 0.0300329 -0.00408327 0.01634 0.00212606 0.11149 -0.0131927 0.0272123 -0.0273292 -0.00194577 0.00056284 -0.00717544 0.000341828 -0.0205613 -0.000228125 -0.00871502 -0.000134541 -0.00957242 0.0108483 0.0122221 0.000438707 -0.000720484 0.0117355 0.000601868 -0.0368334 -0.00140884 -0.000832536 0.00971276 -0.00150008 0.000388949 -0.00195124 -0.00632064 0.0598697 0.00373827 -0.00804605 -0.00104664 -0.0160238 -0.0455976 0.00144385 -0.00788487 0.00344722 -0.00165688 0.000275485 -0.00113749 0.00448548 -0.000894784 4.08809e-05 -8.51375e-05 -0.00615245 -0.0297337 0.00355961 0.0115688 -0.00779285 -0.0197969 -0.0243428 -8.61195e-05 0.0125664 0.00481269 0.000272656 0.0198187 -0.00481671 0.00204094 0.00996981 0.000314334 0.00145058 0.00996385 -0.0164658 -0.00169093 -0.000249279 0.00180468 -0.00236275 -0.0194662 
