0.00845008 2.14439e-05 -0.000415085 0.00016014 5.50874e-05 0.000397371 -0.000370738 -8.43066e-05 -0.00013551 -0.00163137 -0.00268356 0.000738505 -0.000182278 4.25342e-05 -0.000105321 -0.000870065 -0.000347284 -0.00385624 -0.000899025 -0.00163968 0.000550349 5.90868e-05 0.0024434 0.00156569 -0.000924727 -0.00208342 0.00398495 0.00395033 0.00180684 7.04426e-05 0.000338648 0.000884384 -5.37481e-05 -0.000136429 -0.00038627 0.000267802 0.00022519 0.00187547 -2.4045e-06 0.000131686 0.000266177 0.000602961 -0.00037315 0.000507354 0.000328635 -0.00415231 1.38027e-05 0.00290698 -6.86267e-06 -4.98107e-05 1.08537e-06 0.000579559 -0.000776838 0.000166395 7.25319e-06 2.14591e-05 -0.000791145 -0.00127981 5.61249e-05 0.000137911 4.45603e-05 -9.26773e-05 0.00467284 -0.000155138 0.000154787 5.87913e-07 4.01268e-05 4.47892e-05 0.00154202 -0.00446442 -0.00426111 -0.000146567 -0.000258381 0.00314475 -0.000663 0.000165605 1.30162e-05 -2.1345e-05 -4.45952e-05 6.09164e-05 -0.00430398 -0.000885176 -0.000564855 0.000277241 -0.00135714 0.000121075 -0.000122815 3.64453e-05 0.000236983 2.35589e-05 1.89359e-05 4.69112e-06 -0.00353179 -1.41996e-05 9.68408e-05 -0.000365034 -0.00239743 0.00131217 -0.000282122 0.00254208 
2.14439e-05 0.00772826 -0.000120385 0.000181728 1.44351e-05 0.000740295 -0.000359051 0.00245294 -1.86614e-05 -0.00253537 -0.00369326 0.000228975 -1.16447e-05 0.00102179 0.000142917 -0.00333861 -0.001233 -0.00327059 -0.00198314 -0.00142456 0.000457961 0.000167273 -0.000727955 0.00390364 -0.000480608 -2.58052e-05 0.000420708 0.000403881 0.00189879 3.30175e-05 0.00194538 0.000193971 -9.90092e-05 -0.000166151 -0.000113946 9.81549e-05 0.000152282 -0.000996082 3.52056e-05 0.00389303 -4.21406e-05 0.00264754 -0.000335795 0.00109063 6.40185e-05 -0.00449049 0.000517437 0.000960519 -6.61154e-05 0.000502609 -8.72032e-05 0.00277914 0.00199419 -7.88766e-05 4.87311e-05 7.63636e-05 0.000626406 -0.000974151 9.02239e-05 -0.000227161 -9.06695e-06 -5.04435e-05 -0.000877523 5.11713e-05 3.56219e-05 3.37841e-06 4.02154e-06 1.35018e-05 0.00117582 -0.00348176 -0.00463138 -7.63752e-05 0.00290811 -0.00128552 0.000173834 -0.000406188 2.39145e-05 0.000108037 -2.91468e-05 3.77582e-05 -0.00373747 -0.000598396 -0.000685441 0.000445246 -0.00126018 1.21029e-05 -0.000114513 4.1815e-06 -0.00126149 -7.38725e-07 0.000190568 1.97228e-05 -0.0032529 -1.74442e-05 0.00074688 -0.00029966 0.000759859 0.000459378 0.00014662 0.00412176 
-0.000415085 -0.000120385 0.0523935 0.00227919 0.000184861 -0.000722686 -0.00127722 -0.00031629 0.00561181 -0.0131339 0.00840304 -0.000391718 0.000408009 -0.000927055 0.00072052 0.00105155 -0.00209934 0.0157174 0.00118139 0.0115622 -0.000482124 0.000110389 -0.0229862 -0.00341106 -0.000519545 0.0181966 -0.0127898 -0.001147 -0.00732275 0.000179023 -0.00115399 -0.000354643 -0.000101887 -0.00174519 0.00061168 0.00518053 0.000578978 -0.00440773 0.000163751 -0.00108036 -0.000658441 -0.00101817 -0.0014385 -0.00114675 -0.000213242 0.00627765 -0.00020923 -0.0104344 0.00125054 0.00044724 0.000473814 -0.0179319 -0.00575385 7.24585e-06 -1.51719e-05 -3.87782e-05 0.0067952 0.011141 2.56448e-05 -0.00119357 -4.17024e-05 -6.09554e-05 -0.0121693 -0.00040501 -0.000147204 -2.6109e-05 0.000263027 -3.05203e-05 -0.000902281 0.0155702 -0.00845068 0.000827803 -0.00404304 -0.0114613 -0.00329796 -0.000502926 0.000469153 0.000614478 0.000747828 4.06632e-05 0.00821058 0.000298723 0.0116192 0.00021241 0.00356239 0.000337706 0.00165069 5.03031e-06 -0.00948502 -3.39387e-05 5.62405e-05 -6.27439e-05 -0.00945347 -0.000140394 0.000711976 0.00868061 -0.00835991 -0.00550127 -0.000541096 -0.0127568 
0.00016014 0.000181728 0.00227919 0.0382116 0.000255731 -0.000165118 0.00141433 -0.000563538 0.000429036 -0.0111741 -0.00405732 0.00057 0.000549967 -0.000326876 0.000159381 -0.00349848 -0.0056706 0.00340965 -0.000172456 -0.00167036 -3.1291e-05 -0.000338609 -0.00970751 -0.00205468 0.0101723 0.00382615 -0.00266526 0.00180479 -0.00981092 -0.000189433 -0.000613142 0.000205196 0.00050049 -0.00106458 0.00854084 0.00750863 0.00472269 0.00537269 6.89166e-05 0.00163616 -3.74117e-06 -0.000483162 -0.0015487 -0.000247409 0.000114141 -0.0147865 -1.7958e-05 -0.00487565 0.000349083 0.0019489 -0.000790134 -0.00661441 -0.00334288 0.00532388 0.000209638 -9.05498e-05 0.00148318 -0.00494823 0.00253478 -0.00153554 5.97319e-06 -0.000379638 -0.00404639 -0.000474729 2.34296e-05 -1.73729e-06 5.60761e-05 7.63223e-05 -0.000172153 -0.00329879 -0.0134271 0.000295366 -0.00191509 -0.00596119 -0.00117332 0.00539493 7.37529e-06 -6.79817e-05 0.00129499 -1.06033e-05 0.000263881 0.000186808 0.0138137 -0.000228911 -0.00196968 -0.000109457 -0.00122131 -1.11238e-06 -0.00504926 0.00049195 0.000278143 6.42526e-05 0.00227918 -0.000159217 0.000155346 -0.00061987 -0.000142455 -0.00204507 0.0123541 -0.00545074 
5.50874e-05 1.44351e-05 0.000184861 0.000255731 0.00429372 0.000286225 0.000307725 0.000100866 9.36108e-05 -0.000819283 -0.000830054 4.65447e-05 -8.23176e-05 -0.000106835 3.88243e-06 -0.000671665 0.00108841 0.00041468 -0.000346294 -0.000388785 7.71314e-05 0.000145429 -0.000524356 -3.7576e-05 -5.51029e-05 -0.000227932 -4.36955e-05 -3.66433e-05 -0.000574843 1.26917e-05 0.00020902 -1.50754e-05 -8.43076e-06 0.000459761 -1.59003e-05 0.00061639 0.000548961 -0.000297069 4.60838e-05 0.000202657 -4.11566e-05 -9.00491e-05 -0.000101712 -5.03435e-05 2.7298e-05 -0.0011314 8.7282e-06 -0.000214202 0.000152721 0.000138692 0.000116748 -0.000626618 -0.00121694 0.000184452 3.04141e-05 1.278e-05 8.70916e-05 0.000204778 0.000304148 -0.00019447 1.52157e-06 4.76129e-05 -0.000516256 0.000426088 -1.29874e-06 -7.84826e-07 0.000116124 2.69437e-05 -0.000189804 -0.000604773 -0.00183101 -7.2475e-06 -0.000221481 -0.000483367 0.000271645 0.000972283 3.49555e-05 1.58129e-05 -9.39022e-06 0.000220845 -0.000917379 0.000170131 0.000608356 6.07523e-05 9.22742e-05 0.000137835 0.000128675 6.64231e-06 -0.000585202 1.95562e-05 2.85615e-05 5.31409e-05 -0.000867187 0.000126265 0.000124879 -9.03566e-05 0.000265695 -0.00012327 0.000657972 -0.000148761 
0.000397371 0.000740295 -0.000722686 -0.000165118 0.000286225 0.0157832 -0.000807136 -3.4376e-05 -0.000430434 0.00193902 -0.00954525 0.000410436 -4.43714e-05 0.000714567 -8.16752e-05 -0.00800612 -0.00112809 -0.0089307 -0.00528855 -0.0038591 0.000430017 0.000213816 0.00632779 0.00426801 -0.00291152 -0.00491937 0.00829119 0.00158535 0.0061435 2.94426e-06 0.00143592 -9.99978e-05 -0.000217653 -0.000587599 -0.000466587 -0.000682762 0.00191703 -0.000774314 3.33104e-05 0.00113763 0.000353449 0.00162637 -0.000670228 0.00383956 0.00104573 -0.00948113 9.33284e-05 0.00492243 0.000252951 8.74543e-05 0.00044802 0.00705388 -0.00236739 0.000557041 0.000192276 0.000121187 -0.0019819 -0.0024491 -4.55133e-05 -0.000481541 3.69212e-05 5.61104e-05 0.00945523 0.000331542 6.29178e-05 -5.23605e-06 -3.75866e-05 3.93292e-05 0.00015845 -0.00865935 -0.00256827 -0.000282628 -0.000381728 0.00643397 -0.000654379 0.00192261 6.8318e-05 -9.22945e-06 -9.42975e-05 7.75422e-05 -0.00787751 -0.00191762 -0.00294698 9.39852e-05 -0.00380013 5.36762e-05 -0.000465231 -4.01126e-06 0.00447605 -3.55123e-05 6.40594e-05 3.11769e-05 -0.0088488 -8.836e-05 6.03753e-05 -0.000801037 0.000968935 0.000350209 -0.00119536 0.0104608 
-0.000370738 -0.000359051 -0.00127722 0.00141433 0.000307725 -0.000807136 0.0527045 0.000216563 7.56587e-05 -0.0144485 0.00526814 -0.00028247 0.00276318 -0.000127585 0.00109725 0.00255838 0.0134198 0.0166507 0.00101745 0.00142721 -0.000373603 0.000934397 -0.0217629 -0.00376909 0.0061164 -0.00465998 -0.0134197 -0.00239457 -0.0144345 -0.000126759 -0.00109914 -0.000267967 -0.00062635 -0.00161604 0.00351059 0.00293457 -0.00107776 -0.00130139 -3.49892e-05 0.00122559 -0.000807245 -0.00178408 -0.00196292 -0.00112111 -0.00023179 0.000203196 -0.000352847 -0.00709488 -0.000630102 0.000123929 -0.000451744 -0.0147583 -0.00867894 -0.000516057 -4.86045e-05 -0.000159074 -0.00298821 0.00363202 0.000102153 -0.00113346 -6.0316e-05 -0.000424275 -0.00890069 -0.00194491 -0.000152684 -2.65352e-05 -5.28114e-05 -4.83119e-05 0.000437002 0.00912853 -0.0126918 0.00232774 -0.00467145 -0.00831657 -0.000189825 -0.00565741 3.25118e-05 0.000429495 0.00100785 -4.38435e-05 0.00766906 0.00285147 0.0110937 -0.000324097 0.0090122 0.000648934 -0.000774377 -7.61666e-05 -0.00386129 0.000304667 -5.96928e-05 7.3474e-05 0.0126747 -0.000316267 1.92288e-05 -0.00206011 0.0122947 -0.00574858 0.00802404 -0.0119741 
-8.43066e-05 0.00245294 -0.00031629 -0.000563538 0.000100866 -3.4376e-05 0.000216563 0.0323514 0.000509697 -0.00827342 -0.00838964 -3.07918e-05 0.00233762 1.55874e-05 0.000474714 -0.000943996 -0.00465809 -0.00227532 -0.00119671 -0.0074489 0.000231287 1.31494e-05 -0.00434272 0.00355261 0.00326747 1.58223e-06 -0.00470876 0.000357717 -0.0011941 5.24108e-05 0.00683098 0.000329518 0.000105415 -0.000989582 0.00153682 -0.000630656 -0.000456915 -0.00902161 3.53328e-05 0.0028112 -0.000308715 0.00575274 -0.00111643 -0.000196859 -0.000112686 -0.00447053 0.000185127 -0.00259204 -0.000141221 0.000723157 -0.000341258 0.00283767 0.0045162 -0.000490601 -1.37283e-06 3.67882e-06 0.00172016 -0.00353864 -6.07064e-05 -0.000922536 -2.95679e-05 -0.000254714 -0.00518312 -0.00154355 0.000161799 2.16878e-05 1.93869e-05 -3.17005e-05 0.001152 -0.000465284 -0.00273007 -0.000358864 0.00264303 -0.00676816 0.00126793 -0.0025146 0.000268793 0.000164939 -4.82382e-05 2.66268e-06 0.000355326 -0.00191163 0.00509264 0.000480518 0.000289105 -8.74065e-05 -0.00055619 -2.8623e-05 -0.00326252 0.000112231 0.000172839 0.000279773 -0.000990617 0.000122006 0.0022825 -0.00162029 0.00585275 0.000163687 -0.000437124 0.00444642 
-0.00013551 -1.86614e-05 0.00561181 0.000429036 9.36108e-05 -0.000430434 7.56587e-05 0.000509697 0.0288928 -0.00896353 0.00141182 -0.000175773 0.00241618 -0.000268127 0.000308398 0.000961125 -0.00418543 0.00478847 0.000498772 0.00114864 -0.000208144 -9.54354e-05 -0.0137565 -0.00169955 0.00359627 0.00938393 -0.00667828 -0.0010557 -0.0073603 8.752e-05 -0.0010898 -8.27017e-05 -9.86854e-05 -0.00078798 -0.00114211 0.00175218 -0.00103231 -0.00464351 -2.18628e-05 -0.000204557 -0.000276053 -0.00045345 -0.000492527 -0.000438573 -9.01556e-05 0.00340597 -0.000188866 -0.00378968 -0.000267863 0.000377468 -0.000297916 -0.00818889 0.00149552 -0.000134612 -1.32863e-05 -7.42909e-05 0.00259182 0.00595897 -5.99412e-05 0.00301967 -2.33593e-05 9.475e-05 -0.00453964 -0.000297102 -7.43688e-05 -2.87411e-06 0.000178336 2.1411e-05 0.00178315 0.00522968 -0.00267517 0.000132842 -0.00353508 -0.00508283 -0.00156486 -0.00292062 0.000143422 0.000230072 1.79657e-05 -2.10185e-05 0.00532156 0.00115642 0.00247024 -0.000187319 0.00363822 9.66629e-05 0.000422219 -2.50362e-05 -0.00381111 -2.89077e-05 -2.86397e-05 2.47452e-05 0.000722815 0.000122742 -1.36589e-05 0.000487374 -0.00262928 0.000305422 0.00103161 -0.00608516 
-0.00163137 -0.00253537 -0.0131339 -0.0111741 -0.000819283 0.00193902 -0.0144485 -0.00827342 -0.00896353 0.249308 0.00088439 -0.000745941 -0.00921702 0.0083612 -0.0030559 0.0133322 0.0167785 -0.0527432 0.00152337 -0.0332782 -0.000515251 -0.00187683 0.110792 0.00203783 -0.0227846 -0.0878346 0.0532043 0.00114108 0.041567 -0.00133101 -0.00744093 -0.000226024 -0.00689609 0.00257649 -0.0143491 -0.01065 -0.0111244 -0.025329 -0.000333732 -0.00984741 0.00661361 -0.00645386 0.0102798 0.00169361 -7.91429e-05 -0.00740026 -0.00111094 0.0340924 -0.00104504 -0.00274223 0.00406533 0.0860287 0.0322624 -0.00324468 -0.000248855 -0.000705019 -0.0649274 -0.0347246 -0.00213475 -0.0092082 0.000368024 0.000989823 0.0525499 0.00432264 0.000275421 0.000109716 -0.000151379 -0.000647024 -0.00361992 -0.0363221 0.048832 -0.0051389 -0.00724952 0.0548358 -0.0260286 -0.0278402 -0.00100459 -0.00106144 -0.00233195 -0.000747398 -0.0725583 -0.0371835 -0.0662119 -8.60932e-05 -0.0882477 -0.00149622 -0.00389633 0.000349318 0.0541069 -0.00118934 -0.000747972 -0.000163741 -0.026882 0.00129069 -0.00341463 -0.0204903 -0.00563456 0.0420763 -0.0462665 0.042608 
-0.00268356 -0.00369326 0.00840304 -0.00405732 -0.000830054 -0.00954525 0.00526814 -0.00838964 0.00141182 0.00088439 0.22593 -0.000871628 0.00579393 -0.00465203 0.00244837 0.0186583 0.0475563 0.0754426 0.00974211 0.0443781 -0.00279078 0.000317544 -0.0358993 -0.0285427 0.0142972 0.00581643 -0.0617862 -0.0103707 -0.0716633 -6.95755e-05 -0.00760054 -0.00161647 0.000653574 0.00984131 -0.000777277 -0.0032676 0.00306275 0.022096 -7.55755e-05 -0.00715721 -0.0033305 -0.0121152 0.0117833 -0.0115754 -0.00141023 0.0780949 -0.000747521 -0.0578478 -0.00512938 -0.00133738 -0.00310879 -0.0640703 -0.0363152 -0.00145953 -0.000579135 -0.000811089 -0.0114755 0.0252014 0.000212275 -0.00284753 -6.58358e-07 -0.00185706 -0.0903983 0.00086384 -0.00103741 -1.82369e-05 7.98625e-05 -0.000525829 -0.0199501 0.0530032 -0.0170318 0.000866855 -0.00314923 -0.085644 0.00322299 0.0112586 -0.000283613 0.00070891 0.000844862 -3.11966e-05 0.0672798 0.0187062 0.0199568 5.24546e-05 0.0475907 -0.0016602 0.00959366 0.000247764 -0.044022 9.61858e-05 -0.000557076 -0.000291011 0.0662022 0.000725406 -0.00221985 -0.00452446 -0.0762533 0.00307574 0.0112415 -0.102955 
0.000738505 0.000228975 -0.000391718 0.00057 4.65447e-05 0.000410436 -0.00028247 -3.07918e-05 -0.000175773 -0.000745941 -0.000871628 0.00884182 -0.000272158 0.00029102 -9.30927e-05 -0.00349974 0.000217122 -0.00129084 -0.00164833 0.000285719 0.00104685 3.66767e-05 3.89112e-06 0.000774968 0.00122104 -0.00173154 0.00140929 0.0027601 -0.000208188 2.07389e-06 0.000769127 0.000376484 0.000134862 8.26871e-05 0.00024523 0.00224488 0.000164593 -0.000552142 2.392e-06 0.00137975 0.000240044 -3.91367e-05 -0.000205302 7.49279e-05 0.000790008 -0.0033029 0.000228502 0.00131887 6.07482e-05 0.000393577 0.000626067 -0.000378133 -0.00200407 0.00117209 1.84229e-05 7.54623e-05 0.000202488 -0.000624642 0.000364354 -0.00017429 0.000172796 -8.58502e-05 9.03386e-05 -3.08046e-05 8.72304e-06 1.55857e-05 0.000194437 0.000211703 0.00135033 -0.00326593 -0.00344727 -5.71741e-05 0.00101475 -0.000837762 -0.00043211 -0.000290904 0.000174789 3.94288e-05 -2.96373e-05 4.97913e-05 -0.00244901 0.00012233 0.000359161 0.000395275 -0.00164261 7.47059e-05 0.000400497 7.79564e-05 -0.00163924 3.78269e-05 8.14136e-05 3.48578e-05 -0.00203687 1.38479e-05 0.000410381 -0.000282685 -0.00245258 0.000794142 0.00115937 0.000368243 
-0.000182278 -1.16447e-05 0.000408009 0.000549967 -8.23176e-05 -4.43714e-05 0.00276318 0.00233762 0.00241618 -0.00921702 0.00579393 -0.000272158 0.0543147 -0.000695946 0.000645619 -0.0028264 -0.00679891 0.0038639 -0.00304577 -0.00797612 0.000549567 0.000236487 -0.00665025 -0.00311381 -0.00373199 0.00561517 -0.00251326 0.000205696 -0.00949327 0.000206342 -0.00309576 -1.29106e-05 0.000499508 -0.00206611 0.00576863 -0.00136854 0.00415593 0.00425318 0.000103792 0.000133539 -0.000298462 -0.00177682 0.000777457 -0.00110035 0.000277664 0.00197622 -0.000147923 -0.00991489 -0.00017522 -0.000170882 -0.00125293 -0.00670316 0.00211484 -0.00106783 1.44554e-05 -2.51103e-05 -0.00291223 -0.000305186 -0.000186024 -0.00148127 -6.59695e-05 8.1189e-05 -0.00599653 -0.00174383 -0.0001318 -1.78251e-05 1.73684e-05 -3.70966e-05 0.00102882 0.00966248 -0.00152494 1.98317e-05 -0.00732694 0.00602189 0.00498643 0.0037758 -7.87413e-05 0.000233099 0.000349318 6.54087e-05 3.18885e-05 -0.00549041 0.00458769 0.00011116 0.00220431 -0.00013228 -0.00111972 -7.20442e-05 -0.000555894 -7.18821e-05 1.06265e-06 5.18701e-06 0.000709403 -6.42379e-05 -9.28106e-05 0.000218759 -0.00573898 -0.00533005 -0.000860202 -0.00692341 
4.25342e-05 0.00102179 -0.000927055 -0.000326876 -0.000106835 0.000714567 -0.000127585 1.55874e-05 -0.000268127 0.0083612 -0.00465203 0.00029102 -0.000695946 0.040033 0.00120854 -0.00257888 -0.00352281 -0.0139152 -0.00536047 -0.00580923 -7.11524e-06 0.000362008 0.00841554 0.00340921 -0.00622026 -0.0113192 0.015489 0.00125192 0.00839353 -7.08874e-05 -0.00191616 0.000285973 -0.000300412 -0.0013922 -0.00167772 -0.0012948 0.00161999 0.00517869 -1.92717e-05 0.000465803 0.00319651 0.000691333 -0.000911921 0.00158535 0.000610809 -0.0176641 3.8223e-05 0.00460009 2.12181e-05 0.000276157 0.000445671 0.0169773 -0.00181003 -0.000805727 9.73814e-05 0.00010898 -0.00367418 -0.00398747 0.000110684 -0.00115617 0.00020543 -2.16667e-05 0.00730395 -3.6433e-05 0.000175707 5.51399e-06 0.00018967 -4.24306e-05 0.000234429 -0.0178905 -0.00419908 -0.000535923 0.000357792 0.0133699 -0.00245087 -0.00127162 -3.59842e-05 4.18605e-05 -3.59192e-05 1.03419e-05 -0.0184406 -0.00312367 -0.00728384 -1.93459e-05 -0.00628853 -4.82619e-05 -0.00103061 3.78724e-05 0.0135687 0.000187285 -4.12633e-05 3.68325e-05 -0.0163135 0.000311987 -6.14062e-05 -0.00218798 -0.00614393 0.0037277 -0.00163459 0.016572 
-0.000105321 0.000142917 0.00072052 0.000159381 3.88243e-06 -8.16752e-05 0.00109725 0.000474714 0.000308398 -0.0030559 0.00244837 -9.30927e-05 0.000645619 0.00120854 0.0149571 0.000197224 0.00157201 0.000522585 -0.000800748 -0.000105331 -9.07603e-05 3.05729e-07 -0.00237112 -0.000452863 7.75017e-05 -0.000749982 -0.00157664 -0.000178036 -0.00082347 4.10249e-05 -0.000135961 -7.55946e-05 0.000102735 0.000445145 -0.000479025 -0.000397544 0.000320515 0.00201686 -7.00635e-06 -0.000154935 -4.13873e-06 0.000134389 -0.000418345 -8.62853e-06 4.08924e-05 0.00105753 -2.54143e-05 -0.00231774 1.31163e-05 0.000516519 -0.000152064 -0.00185456 -0.00382926 -0.000416529 2.94866e-05 -1.04306e-05 -0.00111329 -0.000239416 1.41504e-05 0.000819494 -9.05924e-06 -6.8514e-05 -0.00277488 0.00061451 -7.9224e-06 5.40775e-06 -2.65901e-05 -8.46443e-07 -0.000474435 0.000792328 -0.00435796 -3.23799e-06 0.000229989 -0.0018652 -0.000277743 -0.000147647 0.00017697 0.000248316 1.20586e-05 -8.75913e-06 0.00194109 -0.000396639 0.00310606 -6.54807e-05 0.000685998 -8.81003e-06 2.33836e-06 1.22053e-05 -0.00166472 0.000121265 -2.28779e-05 9.13859e-06 0.00124885 -2.98565e-05 5.09353e-05 -0.000303233 -0.00269483 -0.00112482 0.000795508 -0.00168222 
-0.000870065 -0.00333861 0.00105155 -0.00349848 -0.000671665 -0.00800612 0.00255838 -0.000943996 0.000961125 0.0133322 0.0186583 -0.00349974 -0.0028264 -0.00257888 0.000197224 0.0862037 0.00939709 0.0145382 0.00986157 -0.00527108 -0.00279149 -0.000494018 -0.00271414 -0.00466102 -0.00507115 -0.0135421 -0.0148805 -0.0019581 -0.00976182 -0.000569442 -0.00397067 -0.0011902 -0.00248396 -0.00323408 -0.00347704 -0.0129707 -0.0104703 0.00396859 -0.000267962 -0.00716593 -0.000355394 -0.00490593 0.00107276 -0.00701591 -0.00207466 0.0275401 -0.00177653 -0.0119994 -0.00407083 -0.0020067 -0.00591362 -0.0102476 0.0109076 -0.00604093 -0.000648798 -0.000924007 -0.00754297 0.00302751 -0.00114962 -0.00739032 -0.000278408 -0.00107107 -0.00706146 -0.00634137 -0.000555746 -8.66848e-05 -0.000584445 -0.000816419 -0.00215455 0.0216696 0.0165003 0.00084433 -3.5187e-05 -0.00438669 -0.00068928 -0.00810544 -0.000615317 -0.000314494 0.000148312 -0.000574713 0.0087341 -0.00877927 -0.00705548 -0.00104447 0.0084653 -0.00103217 0.00258957 -0.000253302 0.00173923 -0.000384877 -0.00108842 -0.000471839 0.0244833 -0.000661803 -0.00165655 -0.00204148 0.00244127 -0.00356426 -0.0103271 -0.0116159 
-0.000347284 -0.001233 -0.00209934 -0.0056706 0.00108841 -0.00112809 0.0134198 -0.00465809 -0.00418543 0.0167785 0.0475563 0.000217122 -0.00679891 -0.00352281 0.00157201 0.00939709 0.164997 0.00799517 0.00426947 -0.00758658 -0.00146151 0.00251625 -0.0025599 -0.00605737 -0.00383753 -0.0193045 -0.0131813 -0.00236309 -0.0361008 0.00109389 0.00242365 -0.000273926 0.00133075 0.00925961 -0.00509411 -0.000441378 0.0040798 -0.0127035 -2.64033e-05 -0.0041895 0.00101397 -0.00365698 -0.00143021 -0.00337503 -0.000723128 0.0169904 -0.000433225 -0.00143049 -0.000279588 -0.000444846 -0.00273547 -0.0273019 -0.0367276 -0.00487791 -0.000215222 -0.000316087 -0.018683 0.00590578 0.000107028 0.0066391 0.000146122 -0.00148994 -0.0140088 0.0088199 -7.46749e-05 -2.74531e-05 0.00103597 -0.000290236 -0.00940767 0.00194172 -0.02853 0.000354537 -0.00132228 -0.0308287 0.00170511 0.00541871 -0.000516399 0.000817002 0.000690397 0.000506019 0.00235546 0.0067376 0.00444324 0.000967412 0.00198491 6.59935e-05 0.0045244 0.000643336 -0.01955 0.000190186 -0.000129815 4.92702e-05 0.0210353 0.000352525 -0.000689167 -0.00744971 -0.000629106 0.00283319 0.00172704 -0.0255967 
-0.00385624 -0.00327059 0.0157174 0.00340965 0.00041468 -0.0089307 0.0166507 -0.00227532 0.00478847 -0.0527432 0.0754426 -0.00129084 0.0038639 -0.0139152 0.000522585 0.0145382 0.00799517 0.24259 0.0156148 0.0819287 -0.00430336 0.000927447 -0.12077 -0.0407451 0.0639883 0.062005 -0.152448 -0.0239482 -0.0944247 -0.00162029 0.0049534 -0.00326148 0.00117072 0.0106707 0.00752776 0.0228866 -0.0197893 -0.0528548 -0.000156084 0.00143533 -0.00952672 -0.0183054 0.00585292 -0.01196 -0.00217347 0.080627 -0.00243687 -0.0738441 0.000885887 0.00278889 0.00220572 -0.115552 -0.0229533 0.00145253 -0.000257635 -2.49224e-05 0.0418442 0.0492779 0.00244756 -0.00215766 -0.000444513 -0.00202286 -0.114053 -0.0145869 -0.00144281 -0.000171848 2.50301e-05 0.00036926 -0.00907554 0.127915 -0.00294494 0.00642846 -0.0314315 -0.112476 0.000951321 -0.0289826 0.00057891 0.000166099 0.00168252 -0.000369296 0.100818 0.0365065 0.0632699 -0.00208681 0.0464408 0.00163246 0.00487906 -0.000348248 -0.0607152 0.000754339 -0.000442776 0.00020336 0.109614 -0.000562948 -1.94444e-05 0.0132724 -0.00976301 -0.00749962 0.0370791 -0.139776 
-0.000899025 -0.00198314 0.00118139 -0.000172456 -0.000346294 -0.00528855 0.00101745 -0.00119671 0.000498772 0.00152337 0.00974211 -0.00164833 -0.00304577 -0.00536047 -0.000800748 0.00986157 0.00426947 0.0156148 0.0332331 0.00444726 -0.00225903 -0.000756556 -0.00707446 -0.0109415 0.00673394 0.00387357 -0.0147248 -0.00468638 -0.0140937 -0.000679261 -0.000311165 -0.000497038 -0.000953388 0.00124796 -0.00182147 0.00103176 -0.00573697 -0.00518563 -0.000256053 -0.00356439 -0.00296738 -0.00125678 0.000567897 -0.00503363 -0.00229361 0.0138846 -0.00103985 -0.000563492 -0.00163141 -0.000658572 -0.00044656 -0.010374 0.000378289 -0.00119729 -0.000283894 -0.000401943 3.69896e-06 0.00196358 -0.000166885 0.00227911 -0.000415902 -0.000212276 -0.00674803 -0.000524536 -0.000301525 -2.51178e-05 -0.000158395 -7.27536e-05 -0.000768153 0.0129192 0.00498349 0.000163448 -0.00379998 -0.0110133 -0.00435937 -0.00963979 -0.000342582 -0.000323668 4.87819e-05 -0.000466509 0.0120607 0.00362165 0.00624099 -0.00139474 0.00331629 -6.4048e-05 -0.000404524 -0.000219467 -0.00216325 -0.00019127 -0.000270213 -4.51994e-05 0.0152067 -8.8871e-05 -0.000728979 -4.63999e-05 0.00836521 -0.000364369 0.00196627 -0.0144947 
-0.00163968 -0.00142456 0.0115622 -0.00167036 -0.000388785 -0.0038591 0.00142721 -0.0074489 0.00114864 -0.0332782 0.0443781 0.000285719 -0.00797612 -0.00580923 -0.000105331 -0.00527108 -0.00758658 0.0819287 0.00444726 0.191211 -0.00177793 0.00121629 -0.0623194 -0.0150363 0.0126596 0.0269459 -0.0667321 -0.0105897 -0.0374018 -0.00148896 -0.0111346 -0.001316 0.000309636 0.00422926 -0.010023 0.00603316 -0.00963544 -0.00974449 -2.09012e-05 0.00175125 -0.00442316 -0.00890779 -0.00371899 -0.00530391 -0.000438344 0.0336587 -0.000149772 -0.0326616 0.00129329 0.00074297 0.00427878 -0.0483919 -0.00932445 0.00227492 0.00014587 0.000307748 0.0439415 0.0604293 0.000761815 0.0113952 -4.20239e-06 -0.00121021 -0.0549953 -0.00480973 -0.000653953 3.13939e-05 -7.73448e-05 0.000546651 -0.00821087 0.0528464 -0.0111192 0.0036185 -0.0281534 -0.0410712 -0.00164191 -0.019841 0.000597225 0.000379478 -0.000184255 -0.000123942 0.0281032 0.0329733 -0.018438 -0.000622002 0.00914842 0.000368075 -0.00104086 -0.000214804 -0.00918112 0.000896381 -0.000237583 -0.000340667 0.0339878 -0.000381633 -0.000675986 0.0278025 -0.0490841 0.000433102 0.00632104 -0.0675061 
0.000550349 0.000457961 -0.000482124 -3.1291e-05 7.71314e-05 0.000430017 -0.000373603 0.000231287 -0.000208144 -0.000515251 -0.00279078 0.00104685 0.000549567 -7.11524e-06 -9.07603e-05 -0.00279149 -0.00146151 -0.00430336 -0.00225903 -0.00177793 0.0110264 -2.16993e-05 0.00218317 0.00385143 -0.000423385 -0.00197788 0.00391416 0.00183527 0.00220507 1.1756e-05 -1.64573e-05 0.000708877 -0.000133446 -0.000339482 0.000517424 0.000362791 0.000218373 0.0012178 3.40013e-06 0.00112833 7.29075e-06 0.000204741 -0.000383019 0.000114736 0.000655614 -0.00419975 0.000162426 0.00365274 -1.45349e-05 0.000119206 0.000259133 0.002483 -0.00183244 0.000311868 2.49452e-05 9.04269e-05 -0.000594191 -0.00133833 -3.00772e-05 -0.000474017 2.138e-05 0.000161114 0.00260007 4.89911e-05 -2.11186e-05 4.56275e-06 9.77286e-05 3.2767e-05 0.00119363 -0.00477959 -0.00264615 -0.000108822 0.00161259 0.00282504 -0.000537569 0.000227242 3.13014e-05 0.000103389 -4.59762e-05 0.000101326 -0.00500038 -0.0011523 -0.000986922 0.00017039 -0.00247034 4.73979e-05 1.95206e-05 8.068e-06 1.0354e-05 4.23406e-05 6.52673e-05 3.18815e-05 -0.00545452 8.65891e-05 0.000275567 -0.000601481 0.00036212 -0.000819951 -0.000330141 0.00303222 
5.90868e-05 0.000167273 0.000110389 -0.000338609 0.000145429 0.000213816 0.000934397 1.31494e-05 -9.54354e-05 -0.00187683 0.000317544 3.66767e-05 0.000236487 0.000362008 3.05729e-07 -0.000494018 0.00251625 0.000927447 -0.000756556 0.00121629 -2.16993e-05 0.00971092 -0.00325652 2.49e-05 -0.000424764 0.000670161 -0.00198146 2.81969e-05 -0.000428702 0.000180163 0.000294755 3.27515e-05 0.000451353 -9.87309e-05 -0.000209695 -0.000213875 0.000453584 -0.0018772 3.5776e-05 0.000485344 -0.000113764 -0.000220594 -0.000204849 -5.68588e-05 2.71077e-05 -0.000279936 5.9688e-05 -0.000669102 0.000389466 0.000220503 -0.000173868 -0.00134638 -0.00218879 -0.000134753 6.06573e-05 4.51895e-05 0.00181832 0.00286332 -7.8495e-06 0.000545539 2.04457e-05 -8.27598e-05 -0.00138158 -0.000420365 -8.56729e-06 -4.32249e-07 3.88682e-06 2.18008e-05 -0.000323029 -0.000274273 -0.00273029 -1.58869e-05 -0.00131829 0.000122236 -0.000461438 -0.000106001 -2.59831e-06 0.000134432 4.34928e-05 4.78295e-05 0.000292954 0.00114848 -0.00170641 0.000418095 -0.00045749 -9.17742e-06 0.000639663 4.09157e-05 -0.00108357 6.4663e-05 2.26405e-06 5.06691e-06 -0.00103175 -1.6041e-05 0.000146077 0.00151608 -0.000458051 0.00082046 -0.00050079 -0.00128346 
0.0024434 -0.000727955 -0.0229862 -0.00970751 -0.000524356 0.00632779 -0.0217629 -0.00434272 -0.0137565 0.110792 -0.0358993 3.89112e-06 -0.00665025 0.00841554 -0.00237112 -0.00271414 -0.0025599 -0.12077 -0.00707446 -0.0623194 0.00218317 -0.00325652 0.246721 0.0253991 -0.061314 -0.115372 0.117738 0.0162381 0.078026 -0.00162896 0.00652991 0.00119543 -0.00671352 -0.0012548 -0.00990472 -0.0287045 0.00472037 0.00901056 -0.000200782 -0.00770323 0.00573575 0.0115146 -0.000207012 0.00799229 0.00157703 -0.0537682 0.000907096 0.0564106 -0.00226267 -0.00306745 -0.00114675 0.130667 0.016641 -0.0028154 -9.36724e-05 -0.000208877 -0.0643605 -0.0690136 -0.00209478 -0.00935439 0.000362931 -0.00038996 0.0835588 0.0114811 0.00106172 0.000113847 -0.000929456 -0.000814996 -0.00682547 -0.0907293 0.0234796 -0.00810446 0.025244 0.103548 -0.00744686 0.0178482 -0.00114812 -0.00173195 -0.00256152 -0.000225707 -0.101089 -0.0433493 -0.0680188 0.000926815 -0.084184 -0.00222229 -0.00606929 0.000142296 0.0708038 -0.000324706 -2.35432e-05 -0.000571061 -0.0674626 0.00112871 -0.00286644 -0.0252969 -0.00286843 0.0205031 -0.0432104 0.099685 
0.00156569 0.00390364 -0.00341106 -0.00205468 -3.7576e-05 0.00426801 -0.00376909 0.00355261 -0.00169955 0.00203783 -0.0285427 0.000774968 -0.00311381 0.00340921 -0.000452863 -0.00466102 -0.00605737 -0.0407451 -0.0109415 -0.0150363 0.00385143 2.49e-05 0.0253991 0.0725233 -0.0175907 -0.0165091 0.0355345 0.00669062 0.0404675 6.79555e-05 0.00492544 0.000742111 -0.000966951 -0.00320631 -0.00152633 -0.00467181 0.000489722 0.00736641 6.60688e-05 0.00461232 0.00327667 0.0142117 -0.0027659 0.00644012 0.00167121 -0.0403337 0.00144321 0.0107865 -0.000474843 1.56429e-05 -0.00128842 0.0344255 0.00902635 -0.00215105 0.000140758 7.85071e-05 -0.00659755 -0.00934251 -0.000154702 -0.00482898 8.87655e-06 -7.27962e-05 0.0141475 0.00247614 0.000265574 -2.14479e-06 -3.69636e-05 -7.67935e-05 -0.00369205 -0.0374761 -0.0108618 -0.00116211 0.0190224 0.0218841 0.0051188 0.00442593 -8.51173e-05 0.000241991 -0.000469694 0.000102964 -0.0420351 -0.00866572 -0.0183165 0.001876 -0.0179011 -0.000321791 -0.000528494 0.000188186 0.0106973 -9.04597e-05 0.000209221 -6.82418e-05 -0.0398654 -0.00013887 0.00125654 -0.00177345 -0.000683712 -0.00600924 -0.00839058 0.0459445 
-0.000924727 -0.000480608 -0.000519545 0.0101723 -5.51029e-05 -0.00291152 0.0061164 0.00326747 0.00359627 -0.0227846 0.0142972 0.00122104 -0.00373199 -0.00622026 7.75017e-05 -0.00507115 -0.00383753 0.0639883 0.00673394 0.0126596 -0.000423385 -0.000424764 -0.061314 -0.0175907 0.186424 -0.00195791 -0.0689484 -0.00993555 -0.0446631 -0.00132473 0.0111312 -0.000264108 0.00227287 0.0122201 0.014305 0.0355287 -0.00454506 -0.0189313 -0.000149149 0.00315452 -0.00250428 -0.00551049 -0.00260782 -0.00440904 -0.000640424 -0.00381065 -0.00129346 -0.011583 0.00211461 0.00437758 0.0132684 -0.0485553 -0.00367096 0.00165377 -0.000109757 -0.000621386 0.00165284 -0.0179969 0.00221047 -0.0105305 -9.08325e-05 0.000700122 -0.0391501 -0.0068766 -0.000525333 9.05713e-05 0.000195718 0.00083144 0.00493073 0.00454079 -0.0147216 -0.00305643 -0.0211202 -0.0592743 0.00388402 -0.0113546 0.00116921 -1.12974e-05 0.00211279 -9.97397e-05 0.0494735 0.00536712 0.0836227 -0.000550436 0.0122667 0.00179118 -0.00716187 -0.000137965 -0.0370856 0.000558845 0.000319879 0.000798508 0.0336092 0.00149405 0.00119527 -0.00940111 0.00767405 -0.00427624 0.0322074 -0.0555305 
-0.00208342 -2.58052e-05 0.0181966 0.00382615 -0.000227932 -0.00491937 -0.00465998 1.58223e-06 0.00938393 -0.0878346 0.00581643 -0.00173154 0.00561517 -0.0113192 -0.000749982 -0.0135421 -0.0193045 0.062005 0.00387357 0.0269459 -0.00197788 0.000670161 -0.115372 -0.0165091 -0.00195791 0.244649 -0.0534888 -0.0102698 -0.0443024 0.000714649 -0.00625332 -0.00122514 0.0059868 -0.00479765 -0.00201517 0.00599726 0.0103529 -0.00632453 0.000114454 0.00608661 -0.00602057 -0.00608432 -0.00103591 -0.00653067 -0.00151732 0.0416641 0.000262028 -0.044341 0.00372906 0.000881705 -0.00490097 -0.0848022 -0.0141407 0.0045113 0.000163739 0.00120607 0.0482458 0.0596502 -0.00126582 0.0125443 -0.000489882 0.000589372 -0.0545655 -0.00300572 -0.000871847 -0.000177287 0.00102247 -1.87487e-05 -0.00575002 0.0657044 -0.00581794 0.00394995 -0.000740777 -0.0696962 -0.00170074 0.0026362 -0.000307427 -0.00023054 -0.000100275 0.000172499 0.0814011 0.0198523 0.0273504 -0.00113643 0.0368697 0.000957232 -0.00093627 -0.000236743 -0.0751161 0.000252561 0.000318376 -0.000275045 0.0231766 -0.00161953 0.00063713 0.0182025 0.012768 -0.0192052 0.00987176 -0.065297 
0.00398495 0.000420708 -0.0127898 -0.00266526 -4.36955e-05 0.00829119 -0.0134197 -0.00470876 -0.00667828 0.0532043 -0.0617862 0.00140929 -0.00251326 0.015489 -0.00157664 -0.0148805 -0.0131813 -0.152448 -0.0147248 -0.0667321 0.00391416 -0.00198146 0.117738 0.0355345 -0.0689484 -0.0534888 0.214818 0.0277408 0.0886686 0.00030034 -0.00894158 0.00329574 -0.00333339 -0.00935871 -0.0113295 -0.0173557 0.0206579 0.0524394 7.19279e-05 -0.00348186 0.00953768 0.016642 -0.00999567 0.0121298 0.0025805 -0.0877026 0.00207199 0.0673932 -0.000393444 -0.00264344 -0.00196595 0.101868 0.0052434 -0.000402008 0.000217413 -0.000183137 -0.0386271 -0.0457204 -0.00229745 -0.00566222 0.000505849 0.00178495 0.105102 0.00291549 0.000787735 -4.4452e-05 -5.56523e-05 -0.000414562 0.00821992 -0.120633 -0.000919733 -0.00490692 0.0324382 0.106918 -0.0097738 0.0317704 -0.000460917 -0.00109087 -0.00191281 0.000294124 -0.108483 -0.0364914 -0.0596276 0.00142508 -0.0681254 -0.00110905 -0.00579812 0.000375858 0.0481297 -0.000272165 0.000302247 -0.000245605 -0.127818 -0.000441171 -0.00190413 -0.0134192 -0.00455966 0.00908664 -0.0313275 0.126077 
0.00395033 0.000403881 -0.001147 0.00180479 -3.66433e-05 0.00158535 -0.00239457 0.000357717 -0.0010557 0.00114108 -0.0103707 0.0027601 0.000205696 0.00125192 -0.000178036 -0.0019581 -0.00236309 -0.0239482 -0.00468638 -0.0105897 0.00183527 2.81969e-05 0.0162381 0.00669062 -0.00993555 -0.0102698 0.0277408 0.0471466 0.0119191 0.000402825 0.000822947 0.0018697 -3.94918e-05 -0.00182854 -0.00315362 -0.00133136 0.00325004 0.00771684 1.85512e-05 0.000733317 0.00139318 0.00284729 -0.00172023 -0.000228571 0.000970237 -0.0172559 0.00100547 0.00647152 3.49942e-05 0.000124576 -0.000766397 0.013407 -0.00715661 -0.000598779 3.58273e-05 4.80939e-05 -0.00392396 -0.00646538 -0.000260576 -0.000951623 0.000462142 -0.00042948 0.0156443 -0.00154336 0.000729619 4.68477e-05 0.000450569 -2.53038e-05 0.00587191 -0.0201053 -0.0149788 -0.000732242 0.00608654 0.0136782 -0.00264971 0.00499861 0.00035646 5.60868e-05 -0.000231998 0.000166029 -0.0251146 -0.00552223 -0.00809294 0.00185686 -0.0112963 6.11915e-05 0.00167672 0.000328569 0.00326111 0.000237791 0.000555954 -9.68553e-06 -0.020814 -1.76228e-05 0.000375333 -0.00158634 -0.00321895 0.00658132 -0.00349414 0.0147834 
0.00180684 0.00189879 -0.00732275 -0.00981092 -0.000574843 0.0061435 -0.0144345 -0.0011941 -0.0073603 0.041567 -0.0716633 -0.000208188 -0.00949327 0.00839353 -0.00082347 -0.00976182 -0.0361008 -0.0944247 -0.0140937 -0.0374018 0.00220507 -0.000428702 0.078026 0.0404675 -0.0446631 -0.0443024 0.0886686 0.0119191 0.21305 -0.000385169 -0.00573078 0.00160241 -0.00210554 -0.00859156 -0.00790638 -0.0151599 0.00099343 0.0195181 7.26792e-05 -0.000998332 0.00338611 0.0151126 -0.0090805 0.0091719 0.00124021 -0.0639826 0.00182116 0.0483658 0.000405385 -0.00186695 0.00200347 0.0808788 -0.000806172 -0.00253251 8.16114e-05 0.000682159 -0.0198393 -0.0199024 -0.00122309 -0.0122677 0.000167593 0.000195795 0.0674293 -0.000829872 0.000366829 4.90708e-05 -0.000670942 -0.000451495 0.00232824 -0.0863191 0.0237515 -0.00485537 0.0291509 0.0774712 -0.0106328 0.01252 -0.000472012 -0.00109019 -0.00164275 -0.000244033 -0.0581383 -0.0287328 -0.0538849 0.000154619 -0.0458429 -0.00104496 -0.00689144 -7.53881e-05 0.0183642 -0.000718064 -0.000172525 -0.000282845 -0.0981184 0.00161023 -0.00192906 0.00639859 -0.0206661 0.00589934 -0.0282163 0.103024 
7.04426e-05 3.30175e-05 0.000179023 -0.000189433 1.26917e-05 2.94426e-06 -0.000126759 5.24108e-05 8.752e-05 -0.00133101 -6.95755e-05 2.07389e-06 0.000206342 -7.08874e-05 4.10249e-05 -0.000569442 0.00109389 -0.00162029 -0.000679261 -0.00148896 1.1756e-05 0.000180163 -0.00162896 6.79555e-05 -0.00132473 0.000714649 0.00030034 0.000402825 -0.000385169 0.00794204 -9.85365e-05 -2.24098e-05 0.000554507 8.89342e-05 -0.000230502 -0.00035047 -8.05305e-05 -0.00158462 1.83278e-05 8.65627e-05 -0.000127905 0.0001658 -6.55257e-05 6.76606e-05 7.23586e-05 0.00131631 0.000112167 -0.000427561 -1.65701e-05 -6.48076e-05 -0.000213987 -0.00092631 -0.00037113 -0.000134648 -8.49835e-06 1.08433e-05 -0.000527029 6.37682e-05 -4.12283e-05 9.93444e-06 -3.2338e-06 3.92728e-05 8.30921e-05 -0.000207745 -9.69995e-06 9.52813e-07 -2.11523e-05 -2.8346e-06 -0.000115982 0.00156628 -0.00128481 0.000125988 0.000831655 -0.00124135 -0.000148863 0.000853099 -1.44372e-05 0.000169609 -1.98924e-05 0.00015669 2.60206e-05 -0.000225364 -0.00152905 0.000326589 0.00137422 -5.74789e-06 0.000710519 3.43795e-05 -0.00071533 -2.75441e-06 9.31384e-06 -6.65735e-06 0.000441402 -3.22775e-05 0.000145875 -0.000163753 9.42681e-05 1.48573e-05 -0.00056652 0.000121828 
0.000338648 0.00194538 -0.00115399 -0.000613142 0.00020902 0.00143592 -0.00109914 0.00683098 -0.0010898 -0.00744093 -0.00760054 0.000769127 -0.00309576 -0.00191616 -0.000135961 -0.00397067 0.00242365 0.0049534 -0.000311165 -0.0111346 -1.64573e-05 0.000294755 0.00652991 0.00492544 0.0111312 -0.00625332 -0.00894158 0.000822947 -0.00573078 -9.85365e-05 0.0716535 0.0004645 -0.00074598 -0.00117582 -0.000910513 -0.000968359 -0.000910699 -0.014096 5.58159e-06 0.00444062 -0.000855658 0.00108937 -0.00234177 -0.000154089 0.000278142 -0.00148945 0.000571351 -0.00139074 -0.000381212 0.000218494 -0.000523144 -0.00640926 -0.00792534 -0.000622279 -6.0051e-05 1.24677e-05 0.00078512 -0.00568145 0.00107452 -0.00435072 0.000125291 -0.00059421 -0.00198105 -0.000727452 3.43099e-05 1.57006e-05 0.000540497 2.08482e-05 -0.00199145 -0.000874573 -0.0146426 -0.000531306 -0.00260491 -0.0115228 0.00675811 0.00343776 1.26945e-05 -0.000165831 6.56679e-05 -9.43071e-05 0.00790897 0.000892211 0.0131519 0.00168961 -0.00685813 -0.000248549 0.000195173 -7.2096e-05 -0.0119381 6.79314e-06 0.000438963 5.76945e-05 0.00194767 -0.000427169 0.000985462 -0.00201121 0.012759 -0.00391781 -0.00179385 0.000344132 
0.000884384 0.000193971 -0.000354643 0.000205196 -1.50754e-05 -9.99978e-05 -0.000267967 0.000329518 -8.27017e-05 -0.000226024 -0.00161647 0.000376484 -1.29106e-05 0.000285973 -7.55946e-05 -0.0011902 -0.000273926 -0.00326148 -0.000497038 -0.001316 0.000708877 3.27515e-05 0.00119543 0.000742111 -0.000264108 -0.00122514 0.00329574 0.0018697 0.00160241 -2.24098e-05 0.0004645 0.00802579 -5.97962e-05 -0.000260471 -0.000143555 -0.00032417 -2.48381e-05 0.000731723 -4.36835e-06 0.000175571 0.000141889 9.38825e-05 -0.000332952 0.000306786 9.64472e-05 -0.00254987 -9.84676e-07 0.00364644 -1.12189e-05 -4.93709e-05 -4.11297e-05 0.000763827 -0.00126321 3.67147e-05 8.59777e-06 2.78523e-05 -0.00071248 -0.000883774 -3.46791e-05 -0.000277022 2.96915e-05 2.71406e-05 0.0036446 -4.05716e-05 2.18749e-05 8.14418e-06 8.0463e-05 -6.16041e-06 0.00237359 -0.00372987 -0.00235424 -0.000111127 -5.84836e-05 0.00197075 -0.000517851 -0.000775335 5.34315e-05 -1.5328e-05 -4.1777e-05 -3.14565e-06 -0.00187887 -0.000675979 -0.0011811 0.000287436 -0.00174371 2.4275e-05 -0.000208832 1.15547e-05 -0.000899202 -1.20833e-05 2.80682e-05 1.81501e-05 -0.00350942 0.000106324 -1.19103e-05 8.51031e-05 -0.00184987 0.00174979 -0.000416628 0.00105412 
-5.37481e-05 -9.90092e-05 -0.000101887 0.00050049 -8.43076e-06 -0.000217653 -0.00062635 0.000105415 -9.86854e-05 -0.00689609 0.000653574 0.000134862 0.000499508 -0.000300412 0.000102735 -0.00248396 0.00133075 0.00117072 -0.000953388 0.000309636 -0.000133446 0.000451353 -0.00671352 -0.000966951 0.00227287 0.0059868 -0.00333339 -3.94918e-05 -0.00210554 0.000554507 -0.00074598 -5.97962e-05 0.0183288 0.000535244 0.000717657 0.00163474 0.00194461 0.00149611 6.94368e-05 -8.86151e-05 -0.000111933 -0.000122199 -0.000567426 -0.000222858 -1.68509e-06 -0.00317257 0.000275071 -0.00224296 0.000500598 0.000751533 0.000146065 -0.0050937 -0.00521526 0.00142612 0.000171001 0.000270884 0.000840054 0.000536586 5.50638e-05 0.000246695 1.13831e-05 -0.00015884 -0.00356339 -0.000389175 -3.21673e-05 -4.71946e-06 -4.16904e-05 3.46957e-05 0.000235787 -0.000759146 -0.00166057 -0.000168606 -0.000699266 -0.00447402 2.00212e-05 0.00231787 -2.9142e-05 9.21699e-05 0.000106794 5.00834e-05 0.00395581 0.00414043 0.00264418 8.00762e-05 0.00450981 -5.70421e-05 -0.000222276 2.47739e-05 -0.00425987 -8.08565e-06 0.000106964 5.84326e-05 0.00319397 -3.27538e-05 0.000235808 0.000570232 -0.0028367 -0.00117382 0.00132091 -0.00438152 
