0.0130047 -0.000128921 6.58354e-05 -7.29155e-05 5.4779e-06 -9.70116e-05 -0.000306998 0.000144912 6.89695e-05 0.000131812 -0.00129838 -0.000490061 -0.000220046 -0.000140131 -0.000216744 5.34639e-05 -0.00238119 -1.0774e-05 -0.00127943 0.000877754 -0.00073996 8.23688e-05 -0.00055531 0.00191456 4.36814e-06 -0.000344661 0.000735053 -0.000623694 -0.00216153 -0.000234373 -0.000572383 -0.00150621 -5.18749e-05 -3.41655e-07 -0.000133031 -5.60818e-05 0.0014786 0.00138041 -0.000261839 -0.0013087 -6.96481e-05 -0.00117302 -8.0229e-05 1.66894e-05 -0.00178318 -0.000418074 -2.67094e-05 -0.000574322 -0.000652038 -0.000142635 -0.000192806 0.000320297 0.000107364 0.00259154 0.000839968 -3.77205e-05 -2.71015e-05 4.37746e-05 0.000358406 3.59924e-05 -8.83103e-05 -0.000322811 -0.000182246 -0.000468282 7.26155e-05 -4.50964e-05 -8.03186e-05 0.00248889 5.13229e-06 -0.000275315 -0.000107957 4.15882e-05 0.00180231 -0.000981496 -1.30345e-05 -0.000846887 -0.000196698 -3.22186e-05 9.14863e-05 -0.000375982 -0.000112348 -1.34106e-05 -4.051e-05 -0.000449267 7.41295e-05 -4.78497e-05 -1.31104e-05 0.0013575 -0.00356162 -6.30467e-05 -0.000145457 -0.00148475 3.56591e-05 -5.8089e-05 8.9907e-05 -1.10023e-05 0.000577907 -0.00028392 9.88502e-06 -0.000238188 
-0.000128921 0.0186438 -0.000171872 2.88259e-05 3.11403e-05 -0.000253933 0.000753403 -0.00220796 0.000681895 0.00456702 -0.0028713 -0.000528123 -0.00222365 -0.000132718 0.000402728 0.000274513 -0.00106043 -4.00586e-05 -0.00108585 -0.00137198 -0.000892759 0.000306096 0.00162564 0.00358006 0.000605036 -0.000766953 -0.00354966 -0.00114864 0.000653318 0.0012063 -0.00198655 -8.87654e-05 -0.000153905 0.000243855 -0.000121748 2.40031e-05 -0.00190037 -0.00185763 4.09468e-05 -0.00147642 -5.02995e-05 -0.000447883 -0.000179987 -3.49832e-05 -0.00174425 0.000961473 4.59077e-06 0.000815419 -0.000166533 0.000622835 0.00105313 -0.00132778 0.000276881 -0.000533052 0.000508107 -0.000200772 0.000222366 5.79015e-06 -0.00418659 6.43222e-05 -8.83031e-06 0.000452074 -0.000482599 0.000696867 0.000787506 5.60669e-05 -2.56542e-05 -0.000238998 -8.0581e-06 -0.000245967 -5.95997e-06 -2.33514e-05 -0.0044304 0.00143222 7.96008e-05 0.000820055 -0.000595701 1.36037e-05 -0.000365744 0.0020825 0.00019722 0.000156918 -6.10204e-06 -0.00124616 -4.18751e-05 -3.47038e-05 -0.00054323 0.000916558 -0.00492152 1.02872e-05 0.000426894 0.00279285 -1.93162e-05 -2.20403e-05 6.92117e-05 4.7612e-05 -0.000518204 -0.000649859 -4.56946e-05 0.000130775 
6.58354e-05 -0.000171872 0.0219673 0.000403399 -0.000159584 0.00241786 -0.000592582 0.00208292 -0.000492673 0.00327369 0.00221351 0.000983369 0.000923482 0.000147958 -0.00660051 -8.58176e-05 -0.000280167 0.000110798 -0.00278177 -0.00458759 -0.00127995 -0.000105141 -0.00115587 -0.00848586 0.000240913 -0.00209781 0.00281379 -0.00275089 0.000307271 0.00295868 0.000443811 0.00200321 0.00130382 8.41397e-05 -9.09333e-05 2.53196e-05 -0.00974856 0.000997389 -0.000363742 3.26046e-05 -0.000165053 -0.00147341 0.00162198 0.000240167 0.00159752 0.000927527 0.000762383 0.000552625 0.00124058 0.000913231 -0.000321587 -0.00197541 4.99461e-05 0.00196373 0.0023523 -0.000302177 -5.46502e-05 -0.00123523 -4.60137e-05 -6.12308e-05 -0.000270561 -0.000919615 0.000719257 -0.000852075 0.000450452 0.000205022 -0.00010576 -0.00416519 -3.56242e-05 0.00456622 0.000932403 0.000139333 -0.00839791 -0.00291062 -8.85139e-05 -0.00151784 -0.000409065 0.000279145 -0.000278848 0.000253898 9.37148e-05 -2.35809e-05 -0.000154323 -0.00275618 9.54463e-05 -4.7669e-05 0.000917271 0.00218386 0.00340539 0.000193493 -0.00026081 -0.000585818 6.79637e-05 0.000205677 0.000183746 -4.58464e-05 -0.000294321 -0.000882074 -6.62015e-05 -0.000380837 
-7.29155e-05 2.88259e-05 0.000403399 0.00820314 9.01422e-06 0.000804107 8.14143e-05 0.000266922 -8.16862e-05 -0.000302091 -5.66127e-05 0.000327248 -0.00175654 -7.25609e-05 -0.000241323 4.66208e-06 -0.0015352 6.72231e-05 -0.000484058 -0.000997759 0.000447189 -0.00106704 0.000586445 -0.00120366 0.000349956 0.000137369 -0.00100871 -0.00337114 0.00292214 0.00263292 -0.000742134 0.000681401 0.000180498 3.91697e-05 -7.68885e-05 0.000375303 -0.00297117 -0.0037274 0.000237448 0.00189005 4.49583e-05 0.000780078 0.000582984 0.000156052 0.00173437 -0.000161223 0.000113794 -0.000493762 0.000529876 0.000129053 4.48823e-05 -0.000706185 2.03521e-06 0.000837534 0.000919288 1.92955e-05 0.000232144 2.27959e-05 -0.00114125 2.54561e-05 -0.000202447 7.03792e-05 3.35429e-05 0.000199702 0.00041739 -0.000127541 0.000351534 -0.000615166 3.44846e-05 0.00137415 0.00150166 5.509e-05 -0.00436414 -0.00164136 1.54783e-05 -0.000452528 -8.59334e-05 0.000191629 -0.000167106 0.00156169 -2.56308e-05 3.65541e-06 4.3885e-05 0.000877641 -3.08474e-05 -6.70029e-06 -0.00266875 -0.000372867 -0.00172277 0.000342202 -0.000148654 0.00071831 -1.02772e-05 -2.39539e-06 3.23217e-05 5.3148e-05 -0.000242378 0.000527944 2.93357e-05 -0.0001268 
5.4779e-06 3.11403e-05 -0.000159584 9.01422e-06 0.00976454 0.000263637 0.000282992 -0.000721016 3.05331e-05 -0.000683888 -0.00172494 -0.000670454 -0.00551353 -0.000134412 0.000362947 0.000196349 -0.00416355 5.30982e-06 0.00345687 0.00298109 0.00103073 -0.000917713 0.00110483 0.00294658 0.000117058 0.000906423 -0.00250779 -0.00403136 -0.00136324 -0.00031772 -0.0011131 -0.00062722 -0.000237027 7.49281e-05 -5.60421e-05 0.000654056 0.00228356 -0.00458642 -0.000191757 -0.00104606 0.000401658 -5.2381e-05 0.000668636 -4.53671e-06 -0.000722924 1.64657e-05 0.000199386 0.00267854 -0.00069894 0.000413191 0.000496919 6.00845e-05 2.36179e-05 -0.000917946 0.000240588 0.00170296 -7.01311e-05 -0.000515182 -0.00335265 1.04297e-05 -9.17725e-05 0.00381638 -0.000109009 0.0017545 -3.65062e-05 -8.67091e-05 0.000543483 0.00452882 6.44549e-05 -0.000106227 -6.94934e-05 -1.92598e-05 0.00169056 -0.00228665 2.22803e-05 -0.000460271 0.000361259 4.97004e-05 0.000120544 -0.000472456 -7.60703e-05 5.90468e-05 0.000677125 -0.000992956 -4.25258e-05 -3.13565e-05 -0.00343263 -0.00335618 -0.00264772 -1.6736e-06 0.000484365 -0.00139026 6.28114e-06 -5.32922e-05 1.20416e-05 1.13049e-06 0.000534759 0.00469802 4.78082e-05 -2.85609e-05 
-9.70116e-05 -0.000253933 0.00241786 0.000804107 0.000263637 0.0377051 -0.00133978 0.000192507 0.00213522 -0.00230949 0.00544568 0.00364233 -0.00115705 0.000358246 -0.0161146 -0.000125638 -9.86487e-05 -2.63255e-05 -0.00350493 -0.00602806 -0.0026929 9.53952e-05 -0.00224415 -0.00552929 -4.23287e-05 0.00224433 0.0001733 -0.0137238 0.00583404 0.0038137 0.00309517 -0.00269801 0.00141369 -3.34026e-05 -0.000411776 0.000340437 -0.00787104 -0.00498271 -0.000115285 -0.00161251 7.75461e-05 -0.000850626 0.0073412 0.000155829 0.0119492 -0.00184273 0.000474509 -0.00185591 0.000267957 8.34604e-05 -0.000529077 -0.00366363 0.000164398 0.00261192 0.00970652 -0.000452345 -0.000208748 -0.00151394 -0.00230284 7.26183e-06 0.001436 -0.000786088 -0.000848372 0.000350916 0.000997792 6.8818e-05 0.000687053 0.00184555 2.58507e-05 0.00414747 0.00176444 -0.000108807 -0.01422 0.00256125 -8.13173e-05 -0.00354191 0.000251732 0.000576731 -0.000927302 -0.000274976 -0.00032066 0.00017243 -0.000230543 -0.00175394 0.000245805 1.71621e-05 -0.00273442 -0.0019785 -0.00371079 0.000512645 0.000758048 -0.00310782 -5.81133e-05 0.000187469 -1.00534e-05 -1.43182e-05 1.40038e-05 0.00156469 0.000119486 -0.000179377 
-0.000306998 0.000753403 -0.000592582 8.14143e-05 0.000282992 -0.00133978 0.0387469 -0.00279271 -0.000599312 -0.00124722 -0.00600811 -0.00249178 -0.00692625 0.000411271 0.000304284 0.000472564 -0.00946204 0.000531624 0.00113331 -0.00219185 -0.000606501 -0.00148436 0.0116389 0.00618513 -7.86087e-05 -0.000444863 -0.00659005 -0.000449459 0.00562785 -0.00105586 -0.00257143 0.000968693 0.000333189 0.000352041 -4.50794e-06 -0.000154765 -0.00149596 -0.00835897 -0.000159332 -0.00184482 0.000163748 0.00296197 -0.000302613 -4.5887e-05 -0.00453178 -0.000400696 -3.24396e-05 9.09735e-05 0.00131716 -0.000884394 0.00586458 0.000273936 0.000497364 -0.00375176 -0.00064802 0.00154017 0.00013368 0.0010095 -0.0103561 0.000229696 -0.000797246 0.00458502 -0.00101855 -0.00113899 0.000276352 -0.000204319 0.00148549 0.000884858 -3.12379e-06 8.18107e-06 0.000126041 5.76354e-06 -0.00099957 -0.00554251 0.000427651 0.00311135 -0.000615953 0.000111342 0.00118507 -0.00134905 0.000161802 2.77383e-05 -0.00018805 0.00243185 0.000240483 -7.21165e-05 -0.010361 -0.00140099 -0.00576417 0.000864047 0.000579835 0.0013627 -6.64577e-05 0.000301923 0.00495125 4.74057e-05 0.00169094 0.00181498 -5.89057e-05 0.00120439 
0.000144912 -0.00220796 0.00208292 0.000266922 -0.000721016 0.000192507 -0.00279271 0.1531 -0.00529171 0.0167091 0.0126689 -0.0180784 -0.00272743 -0.00136399 -0.0278093 0.000261761 -6.08491e-05 -0.00010671 0.00694229 -0.0271073 -0.00811067 -0.0044037 -0.004352 -0.0467136 0.000947054 0.0248833 0.0130205 0.00438321 0.011027 0.0091285 0.00816788 -0.0100788 -0.00467471 -0.000376439 -7.00211e-05 0.000507033 -0.00986456 -0.0251629 0.00363144 0.000161231 0.00152513 -0.00470678 -0.000859961 0.00138733 -0.00895273 -0.0027533 -0.000140633 0.00947335 -0.00878175 -0.000281526 -0.00202138 -0.0179327 -0.000491329 0.00145302 0.00317464 0.00178865 -0.00183664 -0.00677312 0.00426867 -0.000373478 -0.00315206 -0.00139289 -0.000949059 0.00251111 0.00132414 -0.00370274 -0.00035214 0.00801785 0.000116202 0.00104971 -0.000953685 0.00061294 -0.020817 0.00764964 0.000440212 -0.0125514 -0.00233107 -0.000219307 -0.000564022 -0.000935958 -0.00144466 5.06563e-05 -0.000136419 0.0112229 -5.94088e-05 -0.000575459 -0.0349218 0.0412968 -0.0147147 0.00228326 -0.00279385 -0.0213127 -0.000416629 0.000197852 0.00553741 0.000275534 0.00116946 0.00612952 0.000381337 0.000713065 
6.89695e-05 0.000681895 -0.000492673 -8.16862e-05 3.05331e-05 0.00213522 -0.000599312 -0.00529171 0.11622 -0.00375595 0.0427067 -0.0102612 -0.00305883 0.00343905 -0.0213182 0.000472638 -0.0431606 -0.000161762 -0.00986796 -0.0155329 -0.00832655 0.00268909 0.00229229 -0.0121895 0.00049424 -0.00668927 0.0507272 -0.00410274 -0.00957438 -0.00142541 0.0361332 -0.0120149 -0.00218014 0.000445778 -0.00123452 -0.000581616 -0.0251077 0.00957895 -0.00138572 -0.0139299 -0.00033236 2.07738e-06 -0.00252299 0.000160118 0.0131358 0.00711292 -0.000215016 -0.00760379 0.000293945 -0.000836863 0.00212895 0.000658534 0.000208472 0.0137403 0.017604 -0.00121825 0.00120477 -0.00486596 -0.0181726 -0.000293063 -0.00351001 -0.000947148 -0.00545032 -0.00523099 0.00628104 0.00326057 0.00052617 -0.00302595 0.00059177 -0.00131142 -0.000672942 -0.000465405 -0.0226734 0.0078932 -0.000526809 0.00344306 -0.0041619 -0.000150229 -0.00254924 0.00996053 -0.00122185 -0.000382955 -0.000804677 -0.0120769 0.00162007 -0.000317316 0.00665794 -0.0235896 -0.0204387 0.0013014 0.00264543 -0.01497 0.000406127 0.00167916 0.00192558 -0.000229547 0.0059947 -0.00296869 -0.000325264 -0.00216555 
0.000131812 0.00456702 0.00327369 -0.000302091 -0.000683888 -0.00230949 -0.00124722 0.0167091 -0.00375595 0.115697 0.00595497 -0.0108461 0.00451072 0.00474993 -0.0120842 -0.000210535 0.00791372 -0.000195271 -0.00946273 0.00300208 0.000824807 -0.0019875 0.00236135 -0.0337415 0.00354708 0.00181468 -0.00493842 -0.00452996 -0.0133336 0.00238093 -0.000691046 0.000936645 -0.00253624 4.24964e-05 0.000599525 -0.000278557 -0.0460942 0.00770637 0.00439862 -0.00549461 -0.000235454 0.00900085 -0.00694458 8.38252e-05 -0.00656367 -0.00370543 0.000244601 0.00428635 0.000736766 0.00461548 -0.000609128 -0.0154642 -3.94818e-05 0.00176691 0.00916545 -0.000476592 -0.00134013 0.00254186 -0.0048332 -0.000305028 0.00316523 -0.00452889 -0.00363075 -0.00301007 -0.000323498 -0.00123474 0.000573718 -0.0154866 -0.000133838 0.00044604 -0.000528477 0.000866794 -0.0227585 -0.00546423 -8.77842e-06 0.011016 0.000575738 -0.000245879 0.00267035 -0.00558014 0.000869257 -0.000283525 0.000796119 -0.0114663 0.00011857 0.000368868 0.00979018 0.0156156 0.00467397 -0.000322814 -0.00107244 -0.00378262 0.000595792 -0.000150479 0.00171953 0.000496392 0.000633541 -0.0036821 0.000150538 0.000227928 
-0.00129838 -0.0028713 0.00221351 -5.66127e-05 -0.00172494 0.00544568 -0.00600811 0.0126689 0.0427067 0.00595497 0.189408 -0.0178958 0.0084756 0.00370265 -0.0278311 -4.4778e-05 -0.022273 0.000559182 -0.0225593 -0.0412356 -0.0147274 -0.00169423 -0.0178515 -0.0870856 0.000357603 -0.00468226 0.0847213 -0.00313194 -0.0022963 0.00707601 0.0864555 -0.0134198 -0.00423429 -0.00040947 -0.00192139 -0.00120627 -0.080013 -0.0071673 0.00831332 0.0112017 -0.00130122 -0.0212381 0.00640144 0.000997491 0.062917 -0.00241022 -0.00017307 -0.0147516 -0.00121159 -0.002754 -0.0032294 -0.0172415 -0.000774163 0.00236943 0.019278 -0.00132073 0.0041459 -0.0120324 0.0078854 4.51465e-05 -0.00641784 -0.0107539 -0.00426176 -0.00806485 -0.0047901 0.00318213 -0.000887885 -0.053037 0.00050507 0.00583564 -0.00117686 -0.00024059 -0.0524442 0.0432833 -0.000991861 -0.00486833 -0.00966833 0.000406421 -0.0026498 0.00742784 -0.000735793 0.00053655 -0.00248352 -0.00249038 0.0015262 -0.000830096 -0.019188 0.00273283 0.0262154 0.000878807 -0.00453228 -0.00933083 -7.89598e-05 0.00159891 0.00394916 8.646e-05 0.00278873 -0.00876611 -0.000665714 -0.00282118 
-0.000490061 -0.000528123 0.000983369 0.000327248 -0.000670454 0.00364233 -0.00249178 -0.0180784 -0.0102612 -0.0108461 -0.0178958 0.141942 0.0004366 -0.00302854 0.00816437 -8.74063e-05 0.0211323 -0.000361216 -0.00201461 0.00972623 0.00751932 0.00236663 -0.0116944 -0.00644084 -0.00070926 -0.00705509 -0.0226298 -0.00620283 -0.0069748 0.000761708 -0.0128485 0.014864 0.00265991 -0.000420856 -0.000657253 -0.000407703 0.00870898 -0.00663507 -0.00292589 -0.00016862 -0.000729874 -0.00809812 -0.00130223 -0.000424886 -0.00230598 -0.00297229 -0.000652131 -0.00184341 0.00661558 0.00283497 -0.00250921 -0.0084919 0.000616458 -0.00435527 -0.00731352 -0.00140765 -0.00147216 -0.00516182 0.00368046 -5.55956e-05 0.00291007 -0.00242026 -0.00154644 -0.00638801 -0.00202648 -0.00181923 -0.000945198 -0.0100968 -0.000212441 -0.00119192 0.00273709 -0.000101706 0.0049482 0.00218755 -0.000383993 -0.0070309 -0.00242533 0.000165548 -0.00301394 -0.00341562 -0.00155216 0.000161318 -0.00119139 -0.00625506 -0.000730527 0.000860664 0.00567831 -0.00754844 0.0111866 -0.00133037 0.00125022 0.0164549 -0.000293032 -0.000365522 -0.00780214 -0.000327462 -0.00471372 -0.00479703 -0.00051465 -0.0034628 
-0.000220046 -0.00222365 0.000923482 -0.00175654 -0.00551353 -0.00115705 -0.00692625 -0.00272743 -0.00305883 0.00451072 0.0084756 0.0004366 0.0820344 -0.000456725 0.00179586 -0.00295552 0.0221705 -0.000313823 -0.0217024 -0.0126322 -0.00259113 0.00657364 -0.0144846 -0.00143505 -0.00190146 -0.0095018 0.0188072 0.0132187 0.00536167 -0.00411654 0.0101346 0.0058919 -0.00136902 -0.000495707 -9.07133e-05 -0.00213555 -0.0147048 0.0382044 -0.00120688 -0.00121166 -0.00472551 -0.00593103 -0.00544669 -0.000446716 0.0064133 -0.00398948 -0.000538499 -0.0168233 0.000682972 -0.000899895 -0.00651184 -0.00649468 -0.000874427 -0.00144856 0.000262849 -0.0081605 0.000608112 0.00102236 0.0209939 -0.000439145 0.00178586 -0.0255053 -0.00493306 -0.0150917 -0.000965306 -0.000178472 -0.00594283 -0.0236555 -0.000422027 -0.00136857 -0.00102085 -0.000615985 -0.00663091 0.00154622 -0.000760321 0.00416226 -0.007538 -0.000913704 -0.00117586 -0.000894719 -0.000911787 -0.00139866 -0.00415901 0.00315022 -0.000393847 -0.000178959 0.0364264 0.0110148 0.0154568 -0.00363884 -0.00211306 -0.000328971 1.82746e-06 -0.000209494 0.00198988 -0.000133638 -0.00568779 -0.0247363 -0.00138359 -0.00155071 
-0.000140131 -0.000132718 0.000147958 -7.25609e-05 -0.000134412 0.000358246 0.000411271 -0.00136399 0.00343905 0.00474993 0.00370265 -0.00302854 -0.000456725 0.0207954 -0.00552525 0.000281804 -0.00497568 0.000223053 -0.00189522 0.00217356 -0.000497939 -0.00116754 -8.49721e-05 -0.00787091 0.0005794 0.000455285 0.00190182 -0.00381166 -0.000886331 0.00017911 0.0020008 -0.00141355 -0.000204814 0.000241927 0.000335517 9.71081e-05 -0.00856999 -0.000480774 0.00138705 -0.00110953 -4.21169e-05 0.00337203 9.08533e-05 0.000545779 0.0012066 -0.000845651 0.000289945 -0.00127034 0.00350513 -0.000135543 -0.00010106 0.000844645 1.40349e-05 0.00238979 0.00364387 0.000232181 0.000498227 0.000291627 -0.000259549 0.000197703 -8.7556e-05 -0.000747274 -0.000251321 -0.000263743 0.000107434 0.000958611 0.000159271 -0.00385641 9.69943e-05 0.000448519 0.000904898 5.31189e-05 -0.00630138 -0.00282141 0.000229472 -0.000492158 -7.71675e-05 6.51658e-05 0.00122258 0.00292147 0.000462275 -1.07065e-05 0.000937731 -0.000833402 0.00164516 -4.06332e-05 -0.00739282 -0.00224165 -5.06786e-05 0.000388924 0.000399753 -0.00191907 0.000458672 0.000435723 -0.000494836 8.6596e-05 0.00106769 -0.000481465 0.000889522 0.000318248 
-0.000216744 0.000402728 -0.00660051 -0.000241323 0.000362947 -0.0161146 0.000304284 -0.0278093 -0.0213182 -0.0120842 -0.0278311 0.00816437 0.00179586 -0.00552525 0.173107 -0.000876304 0.0151866 -0.000625233 0.000757756 0.0189967 0.0140097 0.00428925 0.00839853 0.0496049 -0.00107775 -0.0100747 -0.0378737 0.0210768 -0.0308912 -0.00628034 -0.0318958 -0.00258432 -0.00127022 -0.000968382 -0.000422909 -0.00114304 0.0272398 0.000702118 -0.00220573 0.00158489 -0.00395943 0.00436035 0.0030659 -0.00196176 -0.0144313 -0.0163557 -0.00150851 -0.000878769 -0.0127845 -6.55782e-05 -0.000111531 0.0183434 -0.00141079 -0.0230735 -0.0343075 -0.00279393 -0.00170141 -0.0045321 0.0077182 0.00040984 -0.00180707 0.00104144 0.000564436 -0.00324949 -0.00947136 -0.00791189 -0.000953562 -0.00796718 -0.000491566 -0.00604299 -0.00100332 -0.000390822 0.0726246 -0.0254579 -4.5177e-05 0.00731103 -0.0096343 -6.44737e-05 0.00341347 -0.00941548 -0.00156925 -0.00103382 -0.00321546 -0.00353356 -0.00247314 0.000118286 0.0202458 0.00558361 -0.00467344 -0.00403041 -0.00113825 0.0122245 -0.00123936 -0.00453982 -0.0114375 -0.00068262 -0.00634255 -0.00589368 -0.001537 4.45684e-05 
5.34639e-05 0.000274513 -8.58176e-05 4.66208e-06 0.000196349 -0.000125638 0.000472564 0.000261761 0.000472638 -0.000210535 -4.4778e-05 -8.74063e-05 -0.00295552 0.000281804 -0.000876304 0.00531202 -0.00126722 0.000180218 0.000599063 0.000951716 0.000431145 -0.000602354 -5.72365e-05 -0.000796936 0.000231604 0.00149792 -0.000444941 -0.000498632 -0.000525298 -9.59197e-05 -0.000265276 -0.00051457 4.33272e-05 3.63462e-06 1.27912e-05 -1.15541e-05 0.00111382 -0.0023037 0.000244877 0.000341596 0.000113724 -0.00011856 -0.000102112 5.49132e-05 -0.000752531 -9.33514e-05 5.36034e-06 0.000111798 2.16449e-05 -3.58159e-05 7.70098e-06 0.000621352 0.000138961 -0.00018336 0.000675432 0.000300923 6.9181e-05 -4.65404e-05 -0.00169434 3.00091e-05 -4.40174e-05 0.000351794 1.10147e-05 0.00053563 2.75962e-06 8.11781e-05 0.00023684 0.000933855 2.6944e-05 -7.19774e-05 2.70571e-05 3.40343e-05 -4.03637e-05 0.000398997 0.000314875 -0.000461414 -9.36699e-06 -8.89831e-07 0.000119205 6.50478e-06 -6.80977e-05 5.81183e-05 -3.03953e-06 -0.000509595 0.000106155 -9.22103e-06 -0.00255016 -0.000280875 -0.00131332 9.21549e-05 4.57774e-05 0.000741449 5.77805e-06 8.92899e-05 -7.43987e-05 -4.70062e-06 6.54919e-05 0.000465471 0.00014956 0.000205252 
-0.00238119 -0.00106043 -0.000280167 -0.0015352 -0.00416355 -9.86487e-05 -0.00946204 -6.08491e-05 -0.0431606 0.00791372 -0.022273 0.0211323 0.0221705 -0.00497568 0.0151866 -0.00126722 0.135722 -0.00035082 -0.0199953 0.000771464 0.000342414 0.00763178 -0.0281161 -0.0139507 -0.000222246 0.00146124 -0.0292556 0.0169918 0.00964459 -0.00127128 -0.0278197 0.00914851 0.00320455 -0.00154023 0.000240075 -0.00127527 0.014972 0.0126143 -0.000645779 0.0124822 -0.00516862 -1.20673e-05 0.000178594 -0.000906345 -0.00639122 -0.00877237 -0.000337008 -0.0074249 -0.000654735 0.00100874 -0.0112653 -0.00980186 -0.000468985 -0.0105353 -0.0186055 -0.00511056 -0.00537275 0.00305771 0.0265376 -0.000289482 0.00323558 -0.0236913 0.00277577 -0.00990125 -0.00367208 -0.00592592 -0.00453015 -0.00923801 -0.00138527 0.00133582 -0.000337278 -0.000400834 0.0109589 0.00996498 -2.51307e-05 -0.0115162 -0.00319839 -4.5993e-05 0.000237101 -0.010792 -0.00279051 -2.16448e-05 -0.00437912 0.0128042 -0.00269209 0.00012005 0.0113825 0.0309307 0.0245576 -0.00266909 -0.00237709 0.019602 -0.000354581 -0.00164776 -0.00928462 -0.000389788 -0.0164793 -0.0180251 -0.000468259 0.00219951 
-1.0774e-05 -4.00586e-05 0.000110798 6.72231e-05 5.30982e-06 -2.63255e-05 0.000531624 -0.00010671 -0.000161762 -0.000195271 0.000559182 -0.000361216 -0.000313823 0.000223053 -0.000625233 0.000180218 -0.00035082 0.00466081 0.000114439 -0.000366954 0.000550106 -0.0012018 -5.98853e-05 -0.000388929 1.89356e-05 0.000278163 -0.000883655 -0.000386604 0.000629444 0.00030297 -0.000275502 0.000214915 0.000225215 1.40362e-05 3.04828e-05 2.70464e-05 -0.000949258 -0.00176056 -3.77004e-06 0.00137631 6.55672e-05 -1.5889e-05 0.000467235 7.10716e-05 0.00035905 -0.000191974 4.24561e-05 -0.000276997 3.9955e-05 -1.84659e-05 -2.95306e-06 -0.000328622 6.84546e-06 0.000353703 5.05462e-05 0.000118783 -5.71124e-05 0.000408941 -0.000910674 0.00012543 -2.2197e-05 -0.000158708 0.00029851 2.82368e-05 -5.13885e-05 0.00014403 2.29992e-05 -0.000814646 1.32975e-05 -1.06309e-05 0.000116829 1.14687e-06 -0.000648461 -0.000656258 0.000166618 -0.000163098 -2.86549e-05 1.1889e-05 0.000105757 5.20422e-05 0.000184141 1.83435e-05 3.00965e-05 0.000579527 5.19567e-05 5.0168e-05 -0.00189884 -0.000161896 -0.000534629 2.75243e-05 0.000160024 0.000261854 1.98603e-06 -1.32952e-05 0.00039686 -7.25339e-06 6.10993e-05 -0.000156981 4.02957e-05 0.000543436 
-0.00127943 -0.00108585 -0.00278177 -0.000484058 0.00345687 -0.00350493 0.00113331 0.00694229 -0.00986796 -0.00946273 -0.0225593 -0.00201461 -0.0217024 -0.00189522 0.000757756 0.000599063 -0.0199953 0.000114439 0.11978 0.0246922 0.00660767 -0.00765179 0.000433032 -0.00677431 -0.000620042 -0.00114845 -0.0229819 -0.00682833 -0.00856232 0.000490685 -0.0177377 -0.0101133 -0.00145854 0.000136397 0.00245378 0.00137227 0.0361393 -0.0429735 -0.000878999 -0.0122527 0.00537854 -0.0145099 -0.00208823 -0.000326636 -0.0139875 0.00311132 0.000303063 0.0158698 -0.00442134 -0.000994461 0.00108373 0.00363534 0.00031505 -0.00741761 -0.00481944 0.00493863 -0.000673245 0.000600424 -0.00752125 -0.00024346 -0.00239493 0.0190889 0.00291038 0.0214236 -0.00259779 -0.00227274 0.00116796 0.0389426 5.41895e-05 -0.0021136 -0.00105691 0.000538898 0.0233336 -0.00433412 0.000579099 -0.0037912 0.00740175 0.000133683 -0.0015757 -0.00108103 0.000595873 -0.00030607 0.00373958 0.0073241 -0.000293417 0.000598396 -0.0292391 -0.0253135 -0.0155987 0.00138556 0.00228178 -0.00880924 -0.000124162 0.000275332 -0.00552681 8.01855e-05 0.00196112 0.0194108 0.000804807 0.00567008 
0.000877754 -0.00137198 -0.00458759 -0.000997759 0.00298109 -0.00602806 -0.00219185 -0.0271073 -0.0155329 0.00300208 -0.0412356 0.00972623 -0.0126322 0.00217356 0.0189967 0.000951716 0.000771464 -0.000366954 0.0246922 0.174719 0.00923816 -0.00602127 0.00631907 0.0203992 0.00168656 -0.00118417 -0.0555311 -0.0121408 -0.0258018 -0.0051451 -0.0287108 -0.00679107 -0.00176631 -0.00023407 0.0016148 -0.000598407 0.037028 -0.000815068 -0.00355471 -0.0152787 0.00329564 0.0188199 -0.0079713 -0.000440455 -0.033229 -0.00796977 -0.000586326 -0.00423653 -0.00705868 -0.00174164 0.000263298 -0.000180841 0.00123183 -0.00155918 -0.0121935 0.00196804 -0.00142102 0.00868111 -0.00575853 -0.000488951 -0.00411721 0.00564637 -0.00417264 0.00610026 -0.00367907 -0.000986074 0.00543086 0.034922 -0.000217032 -0.00331467 -0.0010871 -9.28364e-06 0.0465524 -0.0252339 0.00138306 0.0130912 0.00810992 -0.000267783 0.00726174 -0.00561707 0.000168935 -0.000788251 0.00384856 -0.0148468 -0.000779754 0.00161114 -0.0112004 -0.0495639 -0.0186621 -0.000376425 0.00311095 0.0128375 -0.000117726 -0.000316726 -0.00242504 -0.000318793 -0.000268558 0.00776549 0.000551635 0.000997794 
-0.00073996 -0.000892759 -0.00127995 0.000447189 0.00103073 -0.0026929 -0.000606501 -0.00811067 -0.00832655 0.000824807 -0.0147274 0.00751932 -0.00259113 -0.000497939 0.0140097 0.000431145 0.000342414 0.000550106 0.00660767 0.00923816 0.0715 -0.00274026 0.00283866 0.0038706 -0.000351956 -0.00270037 -0.0196788 0.0021805 -0.00448568 -0.00195282 -0.00883082 0.0173344 -0.000901154 8.22396e-05 0.000792296 0.00060143 0.00145368 -0.0156921 -0.000738092 0.000521409 0.000260387 0.00533338 0.000374154 -8.245e-05 -0.00871763 -0.00315228 -3.87521e-05 -0.0010524 -0.00426143 0.000808232 -0.00075035 0.00349351 5.42102e-05 -0.00470385 -0.00178537 0.000372576 -0.000577176 -0.000326568 -0.00993162 0.000219049 -0.000466283 0.00154911 -0.000377983 -0.000377445 -0.00152467 -0.00168293 0.000427725 0.00366138 6.52544e-05 -0.00112974 -0.000469796 -0.00017502 0.00372269 -0.0122668 0.000899758 0.00291483 -0.00226874 -9.89745e-05 -0.000861565 -0.000148361 -0.000569825 -0.00017014 0.000107573 -0.00415357 -0.000306118 0.00052857 0.000449293 -0.013017 0.000594735 -0.000452285 0.000893514 0.00452873 -0.000114063 -0.00045108 -0.000395918 0.000178594 0.000177246 0.00280397 -0.000166616 -0.00103252 
8.23688e-05 0.000306096 -0.000105141 -0.00106704 -0.000917713 9.53952e-05 -0.00148436 -0.0044037 0.00268909 -0.0019875 -0.00169423 0.00236663 0.00657364 -0.00116754 0.00428925 -0.000602354 0.00763178 -0.0012018 -0.00765179 -0.00602127 -0.00274026 0.0294566 -0.00459861 0.00470675 -0.000915444 -0.00284223 0.00172376 0.00923169 -0.000624776 -0.00231763 -0.00116252 0.00088816 -0.000498878 -5.31386e-05 -0.00014168 -0.000581309 0.00478683 0.0106413 -0.00309538 -0.00412537 -0.00340647 -0.00165981 -0.0002383 -0.000912021 0.00197857 0.00105448 -0.000237476 -0.00297366 -7.88603e-05 -0.000379819 -0.00177986 0.00105764 -0.000214365 -0.0018348 -0.00015163 -0.00244417 -0.00123689 5.57348e-05 0.00772492 -0.000496363 0.000475788 -0.00460849 -0.00029855 -0.00379318 0.000451303 5.41251e-05 -0.0041113 -0.000492605 -0.000470801 -0.000664193 -0.000665122 -0.0010135 0.00224151 0.00515528 -0.000342065 -0.00202265 -0.00577154 -0.000164156 -5.28389e-05 -0.00150592 -0.00265587 -0.000271184 -0.0021572 0.000740147 -0.000183938 -0.000554103 0.0149575 0.00185677 0.0028898 -0.000947204 -0.00089737 -0.00329219 -5.34291e-05 -0.000227457 -0.00231326 -7.79489e-05 -0.00713357 -0.00804104 -0.000860703 -0.000473374 
-0.00055531 0.00162564 -0.00115587 0.000586445 0.00110483 -0.00224415 0.0116389 -0.004352 0.00229229 0.00236135 -0.0178515 -0.0116944 -0.0144846 -8.49721e-05 0.00839853 -5.72365e-05 -0.0281161 -5.98853e-05 0.000433032 0.00631907 0.00283866 -0.00459861 0.08921 0.0360715 0.000384719 0.00245628 -0.0186701 -0.00757234 -0.012967 -0.00106797 -0.00893895 -0.000584074 0.000482049 0.000768179 -0.000125421 0.00033376 -0.0111886 -0.00651294 -0.00181996 -0.00760621 0.00131332 0.0213253 -9.99461e-05 -4.9361e-05 -0.0157165 0.000813736 9.50375e-06 0.0141588 -0.00290073 0.00184658 0.0118171 0.00406068 0.000294357 -0.00298757 -0.00365854 0.00300177 0.000196989 0.000480344 -0.0286232 0.000195776 -0.000572482 0.00986306 -0.000450601 0.00204637 0.00346261 -0.00131003 0.00568165 0.000560091 0.0002758 -0.00218874 -0.000674668 0.000361841 0.00300679 -0.0208258 -0.000212057 0.00779213 0.0015233 3.02065e-05 0.000681869 0.00151071 0.0029429 0.000165189 0.00114465 -0.0121082 -5.45006e-05 4.53447e-05 -0.000637468 -0.00996506 -0.013071 0.00125112 0.00568764 -0.0102267 0.000384984 -0.000163598 0.00300638 0.000260776 0.00483927 0.00604449 0.00018175 -0.000765401 
0.00191456 0.00358006 -0.00848586 -0.00120366 0.00294658 -0.00552929 0.00618513 -0.0467136 -0.0121895 -0.0337415 -0.0870856 -0.00644084 -0.00143505 -0.00787091 0.0496049 -0.000796936 -0.0139507 -0.000388929 -0.00677431 0.0203992 0.0038706 0.00470675 0.0360715 0.249354 -0.00374419 -0.00272928 -0.079138 0.013164 -0.0376091 -0.0161476 -0.0526022 -0.0121671 0.00673526 0.000437979 -0.00301723 3.88377e-05 0.0529906 0.0371291 -0.0108494 -0.0250646 -0.00132933 0.00565089 0.00871509 -0.00195881 -0.0429871 -0.00252755 -0.00104371 0.00548794 -0.0114194 0.000870145 0.00646216 0.0354971 0.00094603 -0.00485814 -0.0201017 -0.00166461 -0.000141322 0.0149133 -0.0144378 0.00038952 0.00543641 0.0106676 0.00226522 -0.0024347 0.00420313 0.00169674 0.000945202 0.0352812 -9.70778e-05 -0.009214 -0.00193937 -0.00126124 0.0633903 -0.0763857 -0.0012612 0.0121054 0.00740979 -0.000453678 0.00185315 -0.0133226 0.000319182 -0.000874454 -0.000611056 -0.0189912 -0.0015475 -0.000594464 0.0454225 -0.00632519 -0.0476883 -0.00250102 0.00631347 -0.00219236 -0.00038577 -0.00299395 0.00422076 -0.000337715 0.000664389 0.00365863 -0.000793414 -0.0035635 
4.36814e-06 0.000605036 0.000240913 0.000349956 0.000117058 -4.23287e-05 -7.86087e-05 0.000947054 0.00049424 0.00354708 0.000357603 -0.00070926 -0.00190146 0.0005794 -0.00107775 0.000231604 -0.000222246 1.89356e-05 -0.000620042 0.00168656 -0.000351956 -0.000915444 0.000384719 -0.00374419 0.00969633 0.00151792 -0.000441354 -0.00252306 0.000419761 0.000781507 -0.00107623 -0.000105107 0.000144252 8.63511e-07 -7.8986e-05 1.05103e-05 -0.00411586 -0.000497601 0.000277899 -0.000189365 0.000124958 0.00205924 -8.82397e-05 4.59495e-05 0.000612902 0.000295388 3.98345e-05 -0.000342977 -0.000216376 0.000585711 0.00032841 -0.000752975 -2.599e-05 0.00126846 -0.000117525 -1.08896e-05 -4.92287e-05 0.000245083 -0.000821708 -2.08103e-05 8.58233e-05 0.000167154 -0.000138932 -0.000200171 3.76526e-06 6.54673e-05 0.000522744 0.000737041 7.29542e-06 8.17381e-05 -1.30815e-05 0.000101536 -0.00427401 -0.000172551 7.82557e-05 -2.03712e-05 -0.000142927 5.87712e-06 0.000341715 7.51829e-05 6.85479e-05 -6.46041e-07 0.000142813 -0.000591662 -1.3429e-05 0.000140144 -0.00280638 0.000684664 -0.00152269 -3.31054e-05 4.2881e-06 -0.000971639 0.000108684 7.16703e-05 -0.000283711 3.9264e-05 -3.88927e-05 0.000519061 4.34021e-05 0.000246122 
-0.000344661 -0.000766953 -0.00209781 0.000137369 0.000906423 0.00224433 -0.000444863 0.0248833 -0.00668927 0.00181468 -0.00468226 -0.00705509 -0.0095018 0.000455285 -0.0100747 0.00149792 0.00146124 0.000278163 -0.00114845 -0.00118417 -0.00270037 -0.00284223 0.00245628 -0.00272928 0.00151792 0.120527 -0.0168065 0.00245484 -0.00870254 0.000296667 -0.0127676 -0.00569055 0.00224291 0.000434094 -0.000683254 0.000632448 -0.00501495 -0.0222846 0.00549215 0.0102137 0.00069639 0.0140982 -0.00148419 0.00150069 -0.00834213 -0.00262903 -0.000235678 -0.00130301 -0.00473657 0.00599147 -9.50597e-05 -0.0107231 -0.000231954 0.00176587 -0.000500602 0.00186106 -0.00184018 -0.00468177 -0.00817579 2.34861e-07 0.0047417 0.000179281 0.00286408 0.00125077 -0.00165253 -0.00319512 0.00183173 0.0180217 -6.88348e-05 -0.00168253 -0.000447391 4.29365e-05 -0.0159721 -0.0136356 0.000297864 -0.009462 0.000489869 -0.000103087 -0.00206454 -2.78553e-05 -0.000725014 0.000667396 -0.000840825 0.00410887 -0.000261342 -0.000400311 -0.021792 0.022182 -0.0233767 0.00516706 0.000811632 -0.0046355 -8.68147e-05 -0.000254626 -0.00121547 3.55265e-05 -0.00223952 0.00428571 0.000318555 0.000173598 
0.000735053 -0.00354966 0.00281379 -0.00100871 -0.00250779 0.0001733 -0.00659005 0.0130205 0.0507272 -0.00493842 0.0847213 -0.0226298 0.0188072 0.00190182 -0.0378737 -0.000444941 -0.0292556 -0.000883655 -0.0229819 -0.0555311 -0.0196788 0.00172376 -0.0186701 -0.079138 -0.000441354 -0.0168065 0.219866 -0.000182358 -0.00896185 -0.00380997 0.0917264 -0.0223372 -0.00742695 -0.000208137 -0.00244848 -0.00167894 -0.0414074 0.0114743 0.00359487 -0.00863822 -0.00200714 -0.0285518 -0.0111024 0.000957939 0.0369143 0.00822682 -0.000810653 -0.017836 0.00359475 -0.00454012 -0.00344062 0.00571667 -0.000521967 0.0079626 0.0223724 -0.00350193 0.00649929 -0.0153112 0.0037531 -0.000673986 -0.00961422 -0.00846205 -0.0094813 -0.0102293 0.000201465 0.00180387 -0.00231367 -0.0402426 9.36455e-05 -0.000224449 -0.000775097 -0.000395467 -0.0304787 0.0778936 -0.00111925 -0.00851876 -0.0118889 -0.000482167 -0.00342848 0.010621 -0.00220362 -0.000369029 -0.00277157 -0.00830572 0.00125461 -0.00108542 0.019336 -0.0381954 0.0122225 0.00078494 -0.00582764 -0.0274391 0.000436458 0.00177641 0.0112306 0.000165292 0.0081914 -0.00921806 -0.000841763 -0.00105626 
-0.000623694 -0.00114864 -0.00275089 -0.00337114 -0.00403136 -0.0137238 -0.000449459 0.00438321 -0.00410274 -0.00452996 -0.00313194 -0.00620283 0.0132187 -0.00381166 0.0210768 -0.000498632 0.0169918 -0.000386604 -0.00682833 -0.0121408 0.0021805 0.00923169 -0.00757234 0.013164 -0.00252306 0.00245484 -0.000182358 0.0942069 -0.0207778 -0.00591464 -0.00191995 -0.000852968 0.000398975 -0.000793539 0.000110322 -0.00236243 0.0171035 0.0139811 -0.000459021 0.00519307 -0.00376231 -0.0101149 -0.00617326 -0.000722448 -0.0205277 0.00114499 -0.00128186 -0.00303907 -0.0107634 -0.0021495 -0.0019669 -0.000328059 -0.000514472 -0.00441786 -0.0138948 -0.00468083 -0.00620421 0.00256364 0.0133895 -0.000470582 0.00107779 -0.00542685 0.00255198 -0.00642717 -0.00303063 -0.00371957 -0.00708141 -0.0084032 -0.000616321 -0.00413174 -0.00527596 -0.000639795 0.0182854 1.90323e-05 -0.000252687 -0.00656242 -0.00710012 -0.000671899 0.000346698 -0.000547319 -0.00128852 -0.000392584 -0.00433307 -0.00377152 -0.00156073 -0.000536001 0.0234971 0.0148673 0.0164665 -0.00109005 -0.0052633 -0.00195934 -0.000559191 -0.00143992 -0.00367522 -0.000210591 -0.00393003 -0.014288 -0.00141609 -0.000201365 
-0.00216153 0.000653318 0.000307271 0.00292214 -0.00136324 0.00583404 0.00562785 0.011027 -0.00957438 -0.0133336 -0.0022963 -0.0069748 0.00536167 -0.000886331 -0.0308912 -0.000525298 0.00964459 0.000629444 -0.00856232 -0.0258018 -0.00448568 -0.000624776 -0.012967 -0.0376091 0.000419761 -0.00870254 -0.00896185 -0.0207778 0.167124 0.00820699 -0.0121557 0.0338139 -0.00370654 -0.00012987 -0.000445027 0.000333671 -0.00549799 -0.00981483 -0.0010078 0.0162936 -0.000706775 0.00812876 -0.00231673 0.00128474 0.0163114 0.00929939 0.000602853 -0.00950572 0.0145352 -0.00179462 -0.00197325 -0.0226254 -0.00068782 -0.00229972 0.00982023 -0.00233212 -0.000645902 0.00025808 0.0026553 -0.000296665 -0.00542173 -0.0052338 -0.00810441 -0.00449417 0.00197154 -0.000866227 -0.00194909 -0.0219069 3.85523e-05 0.00310931 0.00303776 -0.000157606 -0.0677166 0.00297214 -4.54817e-05 -0.00918308 -0.00284584 1.16215e-06 -0.00452015 0.0104766 -0.00108266 -0.000389512 -0.000700565 0.0551801 -0.000130711 -0.000331376 -0.028462 0.0264502 -0.0121162 0.000259216 -0.00304099 0.0160941 -0.000374169 0.00103411 0.0075203 -0.000119195 -0.00632956 -0.000321708 -0.000445664 0.00149083 
-0.000234373 0.0012063 0.00295868 0.00263292 -0.00031772 0.0038137 -0.00105586 0.0091285 -0.00142541 0.00238093 0.00707601 0.000761708 -0.00411654 0.00017911 -0.00628034 -9.59197e-05 -0.00127128 0.00030297 0.000490685 -0.0051451 -0.00195282 -0.00231763 -0.00106797 -0.0161476 0.000781507 0.000296667 -0.00380997 -0.00591464 0.00820699 0.0379636 -0.00226193 0.00010851 9.7315e-05 9.36757e-06 -0.000301215 5.92604e-05 -0.0131608 -0.00759119 9.68406e-05 0.00471037 0.000245614 -0.000413266 0.000627342 0.000418097 0.00955798 -0.00126802 0.000424809 0.000207481 0.00124113 0.000483082 -0.000569607 -0.00546192 -0.000141265 0.00590224 0.00285895 -0.000135242 -0.000517648 -0.000553263 -0.000912841 0.00019974 -0.00106471 -0.00132339 0.000522986 0.000644054 0.000489821 -0.000569967 0.000282628 -0.000496412 -8.6704e-06 0.00414377 0.00223769 0.000228596 -0.0183293 -0.000226078 -9.61308e-05 -0.002873 -0.00120363 0.000288341 -0.000910587 0.00810243 0.000115619 0.000247197 -0.00011476 0.00238591 5.27489e-05 -4.67044e-05 -0.0149045 0.00844081 -0.00545652 0.000274937 -0.000453453 0.00123629 -8.18823e-05 0.000412849 -0.00106078 -1.0346e-05 -0.000535211 -0.000831009 -8.86132e-05 -0.000408045 
-0.000572383 -0.00198655 0.000443811 -0.000742134 -0.0011131 0.00309517 -0.00257143 0.00816788 0.0361332 -0.000691046 0.0864555 -0.0128485 0.0101346 0.0020008 -0.0318958 -0.000265276 -0.0278197 -0.000275502 -0.0177377 -0.0287108 -0.00883082 -0.00116252 -0.00893895 -0.0526022 -0.00107623 -0.0127676 0.0917264 -0.00191995 -0.0121557 -0.00226193 0.149164 -0.00897901 -0.00430499 -0.000210386 -0.00138549 -0.00080505 -0.0475507 0.00871253 0.000907808 -0.00631149 -0.00109851 -0.0195116 -0.00208816 0.000482391 0.0349379 -0.00154706 -0.000217235 -0.0100378 -0.00866648 -0.00385416 -0.000842557 -0.00970251 -0.000462695 -0.00156243 0.0196433 -0.00172089 0.0024962 -0.00913667 0.0025955 -0.000111344 -0.00579393 -0.00632182 -0.00595003 -0.00637142 -0.00272577 0.0028652 -0.00090782 -0.0385772 3.66119e-05 0.00263594 -0.00118743 -0.000473834 -0.0363123 0.0435605 -0.000428752 -0.00103211 -0.00780239 -0.000241514 -0.00185416 0.0017913 -0.00176831 -0.000164411 -0.00165883 -0.0122716 0.00149563 -0.000676131 0.00190688 -0.0298752 0.0251156 -0.000523174 -0.00326125 -0.013393 0.000351154 0.00166734 0.0118001 0.000269647 0.0069722 -0.00622897 -0.000635986 -0.00207463 
-0.00150621 -8.87654e-05 0.00200321 0.000681401 -0.00062722 -0.00269801 0.000968693 -0.0100788 -0.0120149 0.000936645 -0.0134198 0.014864 0.0058919 -0.00141355 -0.00258432 -0.00051457 0.00914851 0.000214915 -0.0101133 -0.00679107 0.0173344 0.00088816 -0.000584074 -0.0121671 -0.000105107 -0.00569055 -0.0223372 -0.000852968 0.0338139 0.00010851 -0.00897901 0.113293 -0.000307512 0.000370506 0.00117019 0.000851198 -0.0237736 -0.00532358 -0.00133878 0.0210288 -0.000745602 0.0100924 -0.00299706 -0.000128625 -0.00776064 0.00402726 0.00043223 -0.00157709 1.06939e-05 0.00219133 0.000258031 -0.0109659 -7.34351e-05 -0.0109224 -0.0044416 -0.00190558 -0.00168362 -0.0054634 -0.00385067 0.000276621 -0.00220388 -0.00513397 0.00105529 -0.00360612 -0.00133662 -0.00256231 -0.000866485 -0.0220094 -0.00015198 -7.44517e-05 0.000875331 6.70367e-05 -0.0378554 -0.0150815 0.000118623 -0.00222545 -0.000885988 -0.000107973 -0.00128517 0.00174613 0.000955579 -9.31164e-05 -0.000199756 0.00399389 -0.000474654 0.00031516 0.00643874 0.00261482 0.0241266 -0.000685139 -0.000927836 0.0184476 -0.000260691 0.000257374 0.00178856 0.00012613 -0.00367227 -0.00452091 -0.000364489 -0.00137237 
-5.18749e-05 -0.000153905 0.00130382 0.000180498 -0.000237027 0.00141369 0.000333189 -0.00467471 -0.00218014 -0.00253624 -0.00423429 0.00265991 -0.00136902 -0.000204814 -0.00127022 4.33272e-05 0.00320455 0.000225215 -0.00145854 -0.00176631 -0.000901154 -0.000498878 0.000482049 0.00673526 0.000144252 0.00224291 -0.00742695 0.000398975 -0.00370654 9.7315e-05 -0.00430499 -0.000307512 0.0315141 0.000141086 0.000551396 -2.07341e-05 -0.00644041 -0.00381882 -0.000371484 0.00259368 7.7303e-05 -0.00175241 0.00744329 -0.000109631 3.23713e-05 -0.000688794 0.000200616 -0.000145103 -0.000894349 -0.000621478 5.39587e-05 -0.001944 0.000137005 0.00131803 -0.000288194 -0.000167384 -0.000311655 -0.00066516 -0.000160808 0.000209372 0.000195247 5.0422e-05 0.00415074 -0.000670759 0.00129491 -0.000197734 1.63074e-05 -0.00415501 4.38116e-05 0.000183142 0.000578637 3.85086e-05 -0.000376768 0.00114245 -3.17461e-07 -0.00126776 -0.000179248 0.000485664 0.000176062 -0.00172129 0.00111626 -4.22867e-05 -4.97704e-05 -0.00379501 -2.04547e-05 8.52657e-05 -0.00167972 -0.00148309 0.000116187 0.000188387 0.00134156 -0.00149288 0.000130591 0.000139219 -0.000722998 -8.21113e-06 -0.000783276 -0.000669264 0.000346088 -0.000557265 
