0.00602082 -0.00269808 0.000708987 0.000109805 0.000352259 0.00159858 3.43717e-05 0.000112424 0.000271536 -3.76431e-05 0.000149775 -0.000122785 -0.000999034 0.000258735 0.000709366 -7.10088e-05 -0.00185219 -0.000389911 0.00145041 -8.7247e-05 -0.000788316 0.000602703 0.000922799 -0.00118997 0.000264696 -0.0024111 0.00104858 -0.000570063 -0.00105676 -0.000112649 -0.0018503 -0.000721022 0.000388586 0.000137776 -0.00140957 0.000210196 0.000447538 0.000510075 -3.79893e-05 -2.09443e-05 0.000270316 -0.00033606 7.23715e-05 -0.00101874 0.000135454 -8.73933e-05 -5.80722e-05 0.000840377 0.000162812 1.19397e-05 0.000382352 -0.00266779 -0.001176 7.81322e-05 -5.90032e-05 0.00116806 -8.32216e-06 -0.000682244 -0.00249159 0.000196805 0.000232192 0.00010999 -6.24552e-07 0.000271765 0.000559964 0.000801603 0.00114072 0.000258891 4.13614e-07 -2.22238e-05 -9.45714e-05 0.000264986 0.000126255 0.000109409 -0.000267686 6.26435e-05 0.000273088 0.00103049 0.000189681 0.000769698 6.95572e-05 0.000400524 6.19812e-05 0.000392292 -0.000844033 3.63818e-06 -3.61132e-05 3.42781e-06 6.80892e-05 0.000337398 0.000972619 -0.000692246 -0.000173201 -0.000590242 0.000185271 0.000203979 -6.17272e-05 -0.000257942 -0.000517367 4.05784e-05 
-0.00269808 0.180324 -0.0428885 -0.0213128 -0.0430013 -0.00265999 -0.00811633 0.00703557 -0.00597463 -0.00924008 -0.00638849 -0.00720536 -0.00982612 -0.0189664 -0.0403722 -0.00185733 0.0682599 0.0451064 0.00458856 -0.0235232 0.00383437 -0.0621956 -0.0129871 -0.0467271 -0.0171048 -0.00276509 -0.0103358 0.022752 0.0118298 -0.00565159 0.0219242 0.0144418 0.00111378 -0.00556216 0.0347529 -0.0113946 -0.0297615 -0.0168334 0.0257525 -0.00130685 -0.0102638 -0.00688042 -0.0108536 0.0366619 0.00793665 -0.0547651 -0.0118747 -0.0315045 0.000806393 -0.0458076 -0.0215821 0.0525603 0.0261403 -0.0037125 -0.00127739 0.016494 -0.00142219 0.0102954 0.0545665 -0.00895897 -0.00306957 -0.00726065 -0.00184367 -0.00191686 -0.0103579 -0.000176469 -0.0093859 -0.00647896 -0.00140234 0.0252284 -0.00645936 -0.000275019 0.00189574 -0.00151549 -0.00168001 -0.0014839 -0.0107363 -0.00540359 -0.0100924 0.0287333 -0.01804 -0.00192677 -0.00287499 -0.0188846 0.0418947 -0.000520702 -0.00256954 -0.00109376 -0.0177411 -0.000996157 -0.00298611 -0.0341407 0.00864919 0.0472295 -0.00559872 0.00660758 0.0220069 0.0405084 -0.00605262 -0.00140805 
0.000708987 -0.0428885 0.114198 0.0088933 0.0324857 -0.0033853 -0.000881846 0.00731789 0.00221769 0.00231057 0.0033963 -0.00327761 0.00755939 0.00907414 0.0349179 -0.0172238 -0.0531255 -0.0364706 -0.00871053 0.00808438 -0.0118792 0.0188556 0.00188915 -0.0015831 0.0175877 -0.00344679 0.01198 -0.010057 -0.00582051 0.00376828 -0.0209655 -0.0295043 -0.00950007 -0.000326279 -0.00191661 0.00520326 -0.00163668 0.00524928 -0.00256899 -0.000740586 -0.000535504 -0.000393714 -0.000118749 -0.0343078 -0.000998889 0.0241042 -0.00530517 -0.00180303 -0.000870931 0.0292678 0.019637 -0.0307417 0.0137161 -0.000842996 -8.29813e-05 -0.00348009 0.00107267 -0.0105913 -0.0155187 0.0111096 0.00891712 -0.00195007 -0.00105597 0.00146577 -0.00272029 -0.00460383 -0.00931037 -0.000685466 -0.00118441 -0.00991053 0.0055291 -0.00152438 -0.00164367 0.000307845 -0.00253573 -0.00138527 0.000319211 -0.00750009 -0.00616574 -0.00828091 0.0218336 0.00775009 0.00276666 0.0212457 -0.0106665 -0.000144723 -0.00261804 -0.000440105 0.00354885 0.000571732 0.00274108 0.0417144 -0.00332637 -0.0262883 -0.00264619 -0.00585727 -0.013257 -0.0126471 -0.00372415 0.000257359 
0.000109805 -0.0213128 0.0088933 0.172764 0.0162423 -0.00173177 -0.00209645 -0.0258609 -0.00322385 0.00612929 0.00263256 -0.0028799 0.0208316 0.0145643 0.0279112 -0.00713018 -0.0441944 -0.0151871 -0.0246149 -0.0120046 0.0392294 0.0224869 0.00969306 -0.00367966 -0.0138998 -0.0161908 -0.00761202 -8.84265e-05 0.00563594 0.00906656 0.0207857 0.0485672 -0.026347 0.00270858 -0.000975414 -0.00382279 -0.0120738 -0.00835705 0.027871 0.000655372 -0.006007 0.0119694 0.000395802 -0.0264385 0.00466216 0.0156692 -0.00887276 0.00141708 -0.00149729 0.0020722 -0.00217276 -0.0194663 -0.0113698 -0.000115828 0.00143495 -0.0108437 1.96692e-06 -0.0191554 -0.0146634 -0.00386925 -0.00110479 0.00873845 -0.00119986 -0.00021443 -0.00356294 -0.00318937 -0.00394329 0.011678 -0.00219348 0.00165802 -0.00012531 -0.00306033 -0.000678769 0.000260733 0.00108635 0.00040016 0.00515794 -0.00479613 -0.00657717 -0.0188485 0.00246675 0.00215765 0.00319741 -0.00872303 0.00365328 0.000111171 -0.000490535 0.00117402 0.00696677 -0.000740467 -0.00319285 -0.0118537 -0.00759844 -0.0202489 0.00538775 -0.0104435 -0.0132508 -0.0369984 -0.00761131 -9.29144e-05 
0.000352259 -0.0430013 0.0324857 0.0162423 0.102749 -0.000766124 -7.17809e-05 -0.0114629 0.00402759 0.00790967 0.00419554 0.000245568 0.0254995 0.00174878 0.0269311 -0.00915155 -0.0304924 -0.0271091 -0.0106345 0.0123662 0.0179931 0.0286904 0.021353 0.0277288 0.00751098 0.00250059 0.000866328 -0.0203372 -0.00485719 -0.00111625 -0.00625089 -0.0122755 -0.00860062 0.000943443 -0.0347967 0.00586293 0.000199551 -1.19827e-07 -0.0173277 5.15106e-05 0.00392225 0.00975957 -0.00262309 -0.0349342 -0.000806822 0.0235463 -0.00267411 0.00142236 -0.000973565 0.0318402 0.00181066 -0.0346534 0.00758767 -5.5269e-05 0.00127157 0.00210578 0.000587554 -0.00663242 -0.0214715 -0.0125859 -0.00282172 0.00304449 0.000835837 0.00126059 -0.00211071 -0.00482412 -0.00263877 -0.00437855 0.000114252 -0.0121452 -0.00157061 -0.00162163 -0.000607366 0.000265936 -0.00577212 -0.00146366 0.00834501 -0.0049644 -0.000633937 -0.0267131 0.0177592 -0.00104915 0.00211486 0.0201584 -0.012647 0.000249171 -0.00252046 0.000961323 0.015727 -0.00028418 0.00125107 0.0211179 -0.00463536 -0.0324879 0.00166315 -0.00574507 -0.0202359 -0.0259691 0.00558103 0.000745667 
0.00159858 -0.00265999 -0.0033853 -0.00173177 -0.000766124 0.055861 -0.000489766 -0.00756413 0.00011242 0.000340953 0.000292232 0.000347372 -0.00466727 -0.00332556 0.00220354 0.00197923 -0.0173163 0.00775337 0.0150058 0.0015902 -8.78093e-05 -0.0114363 0.00961614 -0.00747433 -0.00204306 -0.0142805 0.00345071 -0.0104995 -0.00382205 -0.00243664 -0.016262 -0.0081283 0.00147615 0.00253837 -0.0167757 -0.00228497 0.000820572 0.00711556 -0.00426033 -0.000199795 0.00672736 -0.0034121 0.000553679 -0.00611349 0.0105628 -0.00394766 0.0059625 0.0114896 0.000284223 -0.00467022 -0.00398566 -0.0225586 -0.00960867 0.000477246 0.00140178 0.0199087 -0.000262992 -0.00523585 -0.0204517 -0.00539281 -0.000360806 -0.00162654 -0.000405985 -0.000362829 0.000175709 0.0219506 0.026951 -0.000909949 -0.000448198 0.00682817 -0.000403552 0.00394602 0.00288022 -9.53208e-05 -0.00352554 -0.000668051 0.00485046 0.0280856 0.00382935 -0.0135613 -0.00245992 -0.00093391 0.00135005 -0.00149564 0.000323621 9.79703e-05 -0.000272514 2.92289e-05 5.59793e-05 0.000180875 0.0173581 -0.00580427 -0.00201783 -0.0144819 -0.000759651 0.0128291 -0.00865166 -0.008968 -0.00576119 0.000319629 
3.43717e-05 -0.00811633 -0.000881846 -0.00209645 -7.17809e-05 -0.000489766 0.0289209 -0.00249477 -0.000325414 -0.000218116 0.000340895 -0.000160522 0.0011418 -0.00330272 -4.68385e-05 0.00118826 0.000693727 -0.0036951 -0.00347463 -0.000614474 -0.00262716 0.00188457 -0.00189532 0.00440322 0.00482146 0.00485344 -0.0004727 -0.00241573 -0.001645 -0.000223857 -0.0010983 0.00152449 0.00111517 0.000382437 0.00573542 -0.000866618 -0.0014005 -0.000710026 -0.00536104 0.000122009 0.00453871 -3.17338e-05 0.00167076 0.00335341 -0.00250778 0.0047029 0.0022384 -7.13681e-05 0.000352239 -0.00145015 0.000106104 0.000203511 -0.00361612 4.72022e-05 0.000757518 -0.00118053 8.81923e-05 -0.00171522 0.00180122 0.00535514 -0.000761872 -0.00142035 0.000185897 -0.000279303 0.00252515 -0.00112256 0.000649419 -0.00242433 -8.46835e-06 -0.00347135 -0.000112138 -9.87285e-05 -0.000351358 -1.69039e-05 0.00141387 0.00226103 0.00027292 0.00170574 0.000648954 -0.00219486 -0.001433 0.000604528 -0.000317584 -0.00257136 -0.00399392 -5.43932e-05 0.000109036 -6.43961e-05 -0.000432837 -7.50712e-05 -0.00392959 -0.00388742 -0.000941057 -0.00453546 -0.000625358 -0.000621111 -0.00100625 -0.00299738 0.00232098 -4.86944e-05 
0.000112424 0.00703557 0.00731789 -0.0258609 -0.0114629 -0.00756413 -0.00249477 0.141038 -0.00183748 -0.00287007 0.00017228 -0.000210573 -0.0246301 -0.0203773 0.0103669 -0.0138896 0.00928502 -0.055769 -0.012438 -0.0141061 -0.0111307 -0.0253272 -0.00141814 -0.0273386 0.0127531 0.0233907 -0.00378893 0.0330656 0.0245863 -0.00631976 0.046028 -0.0273239 -0.0162765 -0.00203431 0.0507025 -0.00849946 -0.00345438 -0.00671997 0.00235374 0.000384064 -0.0157064 -0.00528157 -0.00146519 -0.0222795 -0.0100628 -0.00239394 -0.00932202 -0.0193102 0.000961206 -0.0115747 0.0315498 0.0412985 0.0468101 -0.00145281 -0.000148486 -0.0518418 1.33811e-05 0.0301308 0.0301201 0.0102435 -0.00734543 -0.00145631 -0.000738103 0.000358201 -0.00588346 -0.0055877 -0.0132365 -0.0199822 -0.00180479 -0.0187436 -0.00287387 -0.00133885 -0.00213723 -0.000301997 -0.00336163 -0.00163383 -0.00276378 -0.010867 -0.0119925 0.019087 -0.00202002 0.000994895 -0.000935605 -0.00793461 0.00144889 -0.000472732 -0.000122617 -0.000737136 -0.00336188 0.000701452 -0.0253933 -0.0251697 0.0100226 0.0450034 -0.00240309 -0.00388573 -0.0046075 0.0325536 0.00344579 -0.00026004 
0.000271536 -0.00597463 0.00221769 -0.00322385 0.00402759 0.00011242 -0.000325414 -0.00183748 0.028006 3.00539e-05 0.00088843 0.000411145 -0.00110664 0.00231294 -0.00292826 -0.000461744 -0.000676824 -0.00661954 0.000624246 0.00332127 -0.00173953 0.00789573 -0.000687392 0.00647739 0.00236743 0.000642311 -0.00107337 -0.00227104 -0.00289555 -7.84773e-05 -0.00478564 -0.00545275 0.00311991 1.61347e-05 -0.00389367 0.00355968 0.00343336 0.000653589 -0.00519983 -4.29294e-05 0.000298443 0.00017024 -0.000329329 -0.000668986 -0.000650828 0.00162988 -0.00105711 -8.94458e-05 -0.000439289 0.00470489 0.000794677 -0.00449005 -0.00509713 3.67274e-05 3.40916e-05 0.000653269 -9.88384e-05 0.000233739 -0.00450682 -0.00244071 0.00059405 -0.000519928 -0.000101039 -0.000215369 0.00112929 -0.00101162 0.000551013 0.000417115 2.91326e-06 -0.00117048 -0.000141176 -0.000166237 -0.000188411 9.8542e-05 -0.00142914 0.000228728 0.000453329 -0.000978848 0.00154684 -0.00204299 0.00561343 -0.00039302 4.90783e-05 0.00218149 -0.00302571 0.000254654 -6.60846e-05 -9.04782e-06 0.00143071 -2.62622e-05 -0.00181915 0.000178223 -0.000861354 -0.00208796 9.21958e-05 -0.000845776 -0.00260515 -0.000588519 -0.00266191 0.00033191 
-3.76431e-05 -0.00924008 0.00231057 0.00612929 0.00790967 0.000340953 -0.000218116 -0.00287007 3.00539e-05 0.0186713 0.00192647 0.000521898 -0.000439461 -0.00065316 0.00721575 -0.00100373 -0.0063563 -0.00584578 -0.00241602 -0.000640761 0.00332786 0.00387521 0.00201943 0.00418029 0.00108631 -0.00209436 0.000836597 -0.00356991 0.00190122 0.000561509 0.00150111 0.00142445 -0.000765179 0.00194322 -0.00599316 0.00040063 0.000145094 -0.000388149 -0.0014637 0.000411358 -9.16566e-05 0.00206441 0.000460433 -0.00525981 -0.000918743 0.00591288 0.0012343 0.00181007 -8.73452e-05 0.00406009 -0.00108953 -0.00582265 -0.000971825 -7.4749e-05 0.000672141 -0.00600978 0.000119241 -0.00137977 -0.00631926 -0.00168749 0.000718826 -0.000180266 -4.6526e-05 0.000360864 0.000547959 -7.76575e-05 0.00115461 -0.00162695 -0.000186838 -0.00119203 0.000442966 4.59298e-05 6.9532e-05 0.000216329 0.000661548 -0.00023293 0.00291446 -0.000457285 0.000360583 -0.0039369 0.00012025 -0.00029678 1.05626e-05 0.001765 -0.00387837 8.86922e-05 6.39061e-05 0.00053487 0.00436656 7.81206e-05 -0.00212323 -0.000421554 -0.000870652 -0.00472343 0.000498947 -0.000291443 -0.00264732 -0.00417901 0.000870344 0.000182642 
0.000149775 -0.00638849 0.0033963 0.00263256 0.00419554 0.000292232 0.000340895 0.00017228 0.00088843 0.00192647 0.0136254 -0.000362868 -0.000936063 -0.000894788 0.00451133 -0.00155899 -0.00384616 -0.00382433 -0.00179107 0.00074428 -0.0019036 0.00157543 0.000516331 7.38896e-05 0.00168011 -0.00117995 0.000203929 -0.000371653 -0.000514239 -0.000284282 -0.00147554 -0.00193131 -0.000696763 0.00113831 -6.46565e-05 0.00103409 -0.000587906 -0.000271493 -0.00218783 0.000272195 -0.000720317 0.00071027 0.000504938 -0.00241914 -0.000236574 0.00511185 -1.31642e-05 -0.00141027 -6.37665e-06 0.000894166 0.00291077 -0.0036927 -0.00236405 -1.18713e-05 0.000917479 -0.00425874 -1.6312e-05 -0.000792577 -0.00254149 0.00121498 0.000629205 0.000127941 -0.000152168 1.94472e-05 -0.000178581 -0.000177653 -0.000200349 -0.000950279 -0.000153914 -0.00153051 0.000812759 6.86293e-05 -0.000111484 9.90697e-06 -0.000627229 -0.000202725 0.00256583 -0.000804424 -0.000487088 0.000821748 0.00153916 0.000326409 0.000500839 0.000327636 -0.00259819 0.000189867 -5.36042e-05 0.000133304 0.00334875 4.20182e-05 -0.00164084 -0.00165669 -0.000255538 -0.00182296 2.60542e-05 -0.00041588 0.000775242 0.000391428 -0.00100781 0.000293129 
-0.000122785 -0.00720536 -0.00327761 -0.0028799 0.000245568 0.000347372 -0.000160522 -0.000210573 0.000411145 0.000521898 -0.000362868 0.0315475 0.00363934 -0.00161715 -0.00164554 0.00510843 0.00291083 -0.00880854 0.00179808 0.00225872 -0.000750623 0.000431331 -0.000161485 0.0048445 -0.00275843 0.00606792 -0.000843846 -0.00176949 -0.0010503 -0.001089 -0.00252458 -0.00348067 0.00113543 7.12834e-05 -0.00743876 -0.00111049 0.00312512 -0.000387934 -0.00881157 0.000665582 0.00373495 0.00128999 0.00503215 -0.00105208 0.00108492 0.000266523 0.000846289 0.00640785 -0.000265741 -0.00178412 -0.000168339 -0.00285904 -0.00657978 0.000634727 -4.19328e-05 -0.00299559 -3.06531e-05 -0.00164711 -0.00233397 -0.0013092 0.000661534 -0.000441972 0.000741836 0.000102481 0.00109431 -0.000869663 0.00179784 -0.00243037 0.000549883 -0.00208722 -0.000716363 0.000908252 0.000297899 9.51653e-05 -0.000179825 -1.91756e-05 0.00121544 0.00141123 0.00484536 -0.00552994 0.000330709 -0.000296267 -0.000250473 -0.00146022 -0.00529496 -2.9255e-05 0.0011 7.97135e-05 0.000521786 0.000174176 -0.000647988 -0.00224779 0.0016384 0.000143748 -6.61983e-05 0.00108734 -0.000810467 -0.00218457 0.00169078 0.000182944 
-0.000999034 -0.00982612 0.00755939 0.0208316 0.0254995 -0.00466727 0.0011418 -0.0246301 -0.00110664 -0.000439461 -0.000936063 0.00363934 0.224842 0.0124832 0.0198498 0.00573122 -0.0131733 -0.0155607 -0.0223179 -0.00589983 0.027893 0.00286446 -0.000284554 0.0154268 -0.0256795 0.0196199 -0.00852801 -0.0681555 -0.0136568 -0.00085944 -0.025634 -0.00635735 -0.00524801 -0.00407417 -0.00338087 -0.0116114 -0.0061313 -0.00419306 -0.0111665 -0.000511177 0.0286136 0.000392237 0.00651336 -0.0298144 0.0189079 -0.00286954 0.0123798 0.0284082 -1.93031e-05 -0.00291147 -0.0247651 -0.0361346 0.00759705 0.00232961 0.00129973 0.0484547 -0.00042582 -0.0123509 0.00412499 -0.0238338 -0.00563435 -0.000153214 0.00133216 -0.00341446 0.00941514 -0.00652236 0.00928158 0.0145875 -0.000162024 -0.0240462 -0.00247738 -0.00381749 0.000268971 0.000320941 -0.00718541 -0.000689692 0.00199561 0.00959174 0.0299747 -0.0553904 0.0124585 -0.00287066 0.000402106 -0.0138115 0.0462211 -0.000281529 -0.00547431 -0.000828698 0.00117032 -0.00102285 0.0121504 0.0351672 -0.0165289 -0.0627642 0.004164 -0.0102616 -0.0336291 -0.0478087 -0.00215254 0.000175166 
0.000258735 -0.0189664 0.00907414 0.0145643 0.00174878 -0.00332556 -0.00330272 -0.0203773 0.00231294 -0.00065316 -0.000894788 -0.00161715 0.0124832 0.114398 -0.00555117 -0.00332557 -0.0243849 0.0252615 -0.00867968 0.00593815 0.0178472 0.0352923 -0.00763213 -0.0114461 -0.00548802 -0.0443519 0.00108401 -0.0239373 -0.0145816 0.0201998 -0.0508117 0.0253941 -0.00277543 -0.00226002 -0.0489964 0.0188076 0.0178291 0.0117309 0.027187 0.000316174 -0.00894144 -0.00571321 -0.00383753 -0.0334326 0.00571051 -0.00127791 -0.00156859 0.0135724 -0.00173924 0.0198606 -0.00581186 -0.0534553 -0.0274628 3.23701e-05 -0.00126172 0.0466384 0.00115164 -0.00624985 -0.0580982 -0.0137162 0.00599675 0.00226768 0.00217861 -0.00134174 0.000925546 -0.00388147 -0.00347354 0.0683237 0.00329777 0.0169929 0.00223794 -0.0014124 0.000639476 0.00059508 -0.0030914 0.0022611 -0.00130902 -0.00151942 0.00693258 -0.0234405 0.00209703 -0.00250426 0.00341062 0.0105702 0.00228841 -0.000212636 -0.00260481 -0.000430772 -0.00147742 0.00023723 0.0460044 0.0385055 -0.00505202 -0.027134 0.00440059 -0.00566136 -0.0210277 -0.0273761 -0.00984891 -0.000132144 
0.000709366 -0.0403722 0.0349179 0.0279112 0.0269311 0.00220354 -4.68385e-05 0.0103669 -0.00292826 0.00721575 0.00451133 -0.00164554 0.0198498 -0.00555117 0.149375 -0.0168488 -0.0264703 -0.0503351 -0.0197902 -0.0142252 0.0211885 0.0265706 0.0146676 0.00152138 0.0120485 0.00166837 -0.000497185 -0.024053 0.0141406 -0.00410695 0.0256046 0.00963833 -0.0177567 0.0048989 0.00784424 -0.000494263 -0.00281137 -0.00335555 0.0165193 -0.000673245 0.00115723 -0.00126494 0.00186314 -0.0539628 0.0148763 0.0321321 -0.00367435 -0.00110857 0.00377141 0.00709888 0.00821571 -0.038045 0.0188224 -0.00087646 0.000341412 -0.0279611 0.000151128 -0.0154151 -0.0111576 -0.0107631 0.000803779 0.00146933 0.00182995 0.00204961 -0.00226443 0.00656709 -0.00378098 -0.00803172 -0.00111293 -0.00626088 -0.00228555 -0.00217535 -0.00119608 -0.000126704 -0.00515365 0.00103561 0.00597945 -0.00185469 -0.00421157 -0.0390689 0.0155864 -0.00160751 0.0020946 0.0110793 -0.00609498 -0.000436764 -0.00248077 -0.000140598 0.00472832 -0.000334403 -0.0190611 0.00655852 -0.00745511 -0.0274647 0.00788062 -0.00466976 -0.0322328 -0.0287475 0.00767248 0.00037304 
-7.10088e-05 -0.00185733 -0.0172238 -0.00713018 -0.00915155 0.00197923 0.00118826 -0.0138896 -0.000461744 -0.00100373 -0.00155899 0.00510843 0.00573122 -0.00332557 -0.0168488 0.126343 -0.00456637 0.0255382 0.0189412 0.00887828 -0.0140409 -0.0361425 -0.00575251 -0.00836811 -0.0141742 -0.0370568 0.00557194 0.00480577 -0.0174396 -0.00509199 -0.0327588 -0.0300602 0.0379869 0.00281434 -0.0243711 -0.00741765 -0.000857697 0.00459044 -0.00715906 -0.000164346 0.0302691 -0.00653532 0.0107622 0.0412041 -0.0113535 -0.00979056 0.0305754 0.0343871 -0.00225188 -0.00547702 -0.00568966 -0.0348053 -0.0183523 0.00280121 0.000346738 0.00702433 0.000160992 0.00126664 -0.0263257 -0.00276149 0.000329561 -0.000111727 0.00329116 0.000495598 0.0169734 -0.00177612 0.0225169 -0.00533961 0.00320576 0.00576218 -0.00220678 0.000216273 0.00130902 0.000135881 -0.00808683 -5.03324e-06 0.000926767 0.0143796 0.0385377 -0.0243309 -0.00441184 -0.00127833 -2.97513e-06 -0.0033241 -0.0282153 0.000226112 0.00325879 -0.000455628 0.00490811 5.40212e-05 0.0173423 -0.00947001 -0.000783979 -0.0145463 -0.00536313 0.00369994 -0.00102047 0.0185454 -0.0125086 0.000134792 
-0.00185219 0.0682599 -0.0531255 -0.0441944 -0.0304924 -0.0173163 0.000693727 0.00928502 -0.000676824 -0.0063563 -0.00384616 0.00291083 -0.0131733 -0.0243849 -0.0264703 -0.00456637 0.246161 0.0189063 0.00928651 -0.0254416 -0.00810923 -0.00497955 -0.014327 -0.013976 -0.0171379 0.00937426 -0.011807 -0.00797164 0.00133568 -0.00525981 0.0505862 0.0226358 0.00977546 -0.00414701 0.0419316 0.00456127 0.00206984 -0.0182762 0.0258689 0.000625303 -0.0145604 -0.0207972 -0.00918001 0.0303554 -0.00419333 -0.0227659 -0.0115094 -0.0240571 0.00304444 -0.0387306 -0.0279024 0.0735081 -0.0051163 -0.00204823 -0.000560776 -0.0270506 -7.72872e-05 0.00523841 0.0795312 -0.0105884 0.00325787 -0.0102707 0.00239151 -0.000747097 -0.0148064 -0.0169138 -0.0329358 -0.0125372 0.0017706 0.0102455 -0.014518 -0.000740538 -0.00336264 -0.000757849 0.00716062 0.000365382 -0.00744919 -0.0259647 -0.00982538 0.0218212 -0.0127526 -0.00761744 -0.00600121 -0.0237031 -0.00103747 0.00018362 0.00135495 -0.000736313 -0.0121402 -0.00137029 -0.0467506 -0.0323246 0.00676425 0.045454 0.0029073 -0.0119325 0.00296835 0.0482262 0.0137596 -0.000354643 
-0.000389911 0.0451064 -0.0364706 -0.0151871 -0.0271091 0.00775337 -0.0036951 -0.055769 -0.00661954 -0.00584578 -0.00382433 -0.00880854 -0.0155607 0.0252615 -0.0503351 0.0255382 0.0189063 0.249184 0.0261887 0.0142482 0.0267235 -0.0364191 -0.00363996 -0.0357363 -0.0251937 -0.0791322 0.00899971 -0.015204 -0.0501972 -0.000787372 -0.07181 0.029299 0.026216 -0.00183661 -0.0757295 0.011056 -0.0251406 0.00659105 0.0259457 -0.000841374 -0.000280692 -0.0238229 -0.00986267 0.0419872 0.00377705 -0.0379887 0.0131173 0.019169 0.000991272 -0.00211213 -0.0282998 -0.0629639 -0.0493671 0.00191664 -0.00333638 0.06437 -0.00100638 -0.00875186 -0.037621 0.00270243 0.00744203 0.00462768 -0.000475557 0.000344638 0.00350439 0.00817183 0.029215 0.036566 0.00311789 0.0383629 0.00371656 0.00114911 0.00229061 -0.000805816 -0.0161812 0.00178738 -0.00520815 0.0160104 0.0119615 0.0122818 -0.0210269 -0.00193434 -0.000213351 0.00322909 -0.0164989 0.00041794 -0.00403224 0.000597185 -0.00542633 -0.000790546 0.0559751 0.00941879 0.00203487 0.00829768 0.00143211 0.0133612 0.0295446 0.0322239 -0.0423025 -0.00053879 
0.00145041 0.00458856 -0.00871053 -0.0246149 -0.0106345 0.0150058 -0.00347463 -0.012438 0.000624246 -0.00241602 -0.00179107 0.00179808 -0.0223179 -0.00867968 -0.0197902 0.0189412 0.00928651 0.0261887 0.180761 -0.00204393 -0.0243487 0.00963895 0.000306753 -0.00902533 -0.0136011 -0.0437536 0.00865849 -0.0229447 0.00135663 -0.00895424 -0.0304608 -0.0331914 0.0313025 -4.56202e-05 -0.0709127 0.00108952 0.0200139 0.0163476 0.00232273 -0.00094356 0.0046355 -0.00423291 -0.00459462 0.0116744 0.0164713 0.00515929 0.0242046 0.0264631 -0.00134429 -0.0139031 -0.000908488 -0.0317153 -0.00510233 -0.000405058 -0.00103676 0.0313928 -0.00013839 -0.0207566 -0.0572122 -0.0132649 0.0107881 -0.00823136 -0.000120968 0.00101491 0.00260313 0.0188687 0.0224403 -0.0119292 0.00332669 0.0333633 -0.00389765 0.0062675 0.00326506 4.3295e-05 -0.0065666 -0.00117558 -0.00251369 0.0217672 0.00578114 -0.0251899 -0.000547181 -0.00347172 0.000309208 0.0024986 -0.0148187 4.11079e-05 -0.00316681 0.00108172 -0.00606484 0.000770432 0.0194077 -0.00186739 0.00882595 -0.0173464 -0.00298114 0.0183886 -0.020471 0.00600875 0.00394038 -0.000416899 
-8.7247e-05 -0.0235232 0.00808438 -0.0120046 0.0123662 0.0015902 -0.000614474 -0.0141061 0.00332127 -0.000640761 0.00074428 0.00225872 -0.00589983 0.00593815 -0.0142252 0.00887828 -0.0254416 0.0142482 -0.00204393 0.100273 -0.00249798 -0.00284614 -0.000834472 0.00353855 0.00439953 0.00721923 0.00973317 0.00216555 -0.0178768 -0.000391241 -0.0416255 -0.0198842 -0.00969566 -0.000942105 -0.0191059 -0.00223951 -0.00206237 0.00470733 -0.0354271 -0.000198556 -0.00184769 0.00233995 -0.00248421 0.00150221 -0.00297109 -0.000706599 -0.000341175 0.00232642 -0.0016229 0.0197838 0.000378332 -0.0173586 -0.0252804 0.000922921 0.00112822 0.017678 -0.000486315 0.00222639 -0.013849 0.0091241 0.00509767 0.00310904 -0.000907198 -0.000668476 0.00121352 -0.00303905 0.000905129 0.00251238 -0.000701269 -0.00819794 0.00543221 -0.00118811 0.000204526 0.000193018 0.000121484 -0.000741459 0.000354273 0.00457805 0.00457959 0.00474979 -0.000780469 0.00118984 0.000548147 0.0110864 -0.0224126 0.000330606 -0.000675807 0.000367589 0.00542368 0.000958827 0.0316949 0.0247114 -0.00224434 -0.0119782 -0.00358078 -0.00100225 0.0127831 0.018858 -0.00861019 1.07133e-05 
-0.000788316 0.00383437 -0.0118792 0.0392294 0.0179931 -8.78093e-05 -0.00262716 -0.0111307 -0.00173953 0.00332786 -0.0019036 -0.000750623 0.027893 0.0178472 0.0211885 -0.0140409 -0.00810923 0.0267235 -0.0243487 -0.00249798 0.238579 0.0163393 0.0134993 -0.0214516 0.0086075 -0.0435491 0.00690897 -0.00639193 0.0120684 0.00170895 0.0270346 0.0802442 -0.0397208 0.000709865 -0.034628 -0.000299041 -0.0235502 -0.0128049 0.0551661 0.000966156 -0.0185926 0.000494608 0.00421033 -0.0526872 0.0230094 0.00415663 -0.019444 -0.0258259 0.00713046 0.00562571 0.00146435 -0.0691949 -0.0269516 0.000889443 -7.97315e-05 0.00899681 0.00118603 0.00856283 -0.0401785 -0.0149557 0.00453145 0.00736879 -0.00100553 0.00149307 -0.0104028 -0.00901015 0.00592652 0.0258037 -0.0013402 0.0303631 -0.00532863 -0.00385502 0.000118127 0.000447656 -0.0169661 0.00373286 0.00652007 -0.00349962 -0.00556758 -0.0616866 -0.0112972 -0.000932626 0.000671521 -0.00174218 0.00563743 -4.26653e-05 -0.00413356 0.00196211 0.00875022 0.000499773 0.0174037 -0.0159713 -0.00705998 0.00164289 0.0121098 -0.00207386 -0.0496954 -0.0474274 -0.0309586 -0.000371758 
0.000602703 -0.0621956 0.0188556 0.0224869 0.0286904 -0.0114363 0.00188457 -0.0253272 0.00789573 0.00387521 0.00157543 0.000431331 0.00286446 0.0352923 0.0265706 -0.0361425 -0.00497955 -0.0364191 0.00963895 -0.00284614 0.0163393 0.215971 -0.00816388 0.0228219 0.0067893 0.0024994 -0.0022452 -0.0399242 -0.01054 0.0141192 -0.01735 0.04648 -0.0140832 -0.00228192 -0.0561481 0.0195214 0.037597 0.00363887 0.0272325 0.000364122 -0.0110074 0.00966168 -0.00328071 -0.0469486 0.0109428 0.0498915 -0.00722556 -0.00217712 -0.000457444 0.0255773 0.00624636 -0.0143045 -0.0201342 -0.00241064 -0.000303322 0.0283407 0.000232401 -0.0158729 -0.0482148 -0.0251424 0.00309061 0.00111317 0.000738522 -0.00154376 -0.00628074 -0.0119528 -0.0248907 0.0310171 -0.00122682 -0.00658496 -0.00298925 -0.00328007 -0.00381129 0.000828815 0.00972265 0.00223037 -0.00115751 -0.0116972 -0.0165862 -0.0366441 0.0126001 -0.00345891 -0.000525165 0.011732 -0.0158252 -2.69894e-06 -0.00090158 7.58397e-05 0.00248516 -0.000640131 -0.00561504 0.0390168 -0.0121739 -0.0294689 0.00656388 -0.0156134 -0.0530308 -0.055311 0.02256 6.88567e-05 
0.000922799 -0.0129871 0.00188915 0.00969306 0.021353 0.00961614 -0.00189532 -0.00141814 -0.000687392 0.00201943 0.000516331 -0.000161485 -0.000284554 -0.00763213 0.0146676 -0.00575251 -0.014327 -0.00363996 0.000306753 -0.000834472 0.0134993 -0.00816388 0.0799352 -0.00186067 -0.00657467 -0.00973968 -0.000182645 -0.0159506 -0.00633358 -0.00398189 0.00567443 -0.0140448 -0.00852136 0.00442911 -0.0203716 -0.00217553 -0.00210272 0.00101008 -0.00694637 -0.000210727 0.00965019 -0.000920849 -0.000890903 -0.0150212 -0.00127484 -0.00122181 -0.00453732 -0.0055178 0.000520393 0.00681152 -0.000766208 -0.014452 0.00615485 0.00130298 0.00154017 0.000766243 0.00050919 -0.00133639 -0.00355933 -0.00794698 -0.00392976 0.00399331 0.000278021 0.00161508 -0.00216683 0.0110552 0.0123794 -0.00933046 -0.000592891 0.00575757 0.000109071 0.00142416 0.00288596 8.73499e-05 -0.00174041 0.000234286 0.00942567 0.00515566 -0.000729127 -0.0164646 -0.000549574 0.00129237 0.00400404 0.00546585 -0.00371477 0.000128243 -0.00132061 0.000967295 0.00597344 5.82378e-06 0.000522628 0.00372392 -0.00241677 -0.0145062 0.0044364 0.00992394 -0.0139122 -0.003122 0.0043067 0.000783195 
-0.00118997 -0.0467271 -0.0015831 -0.00367966 0.0277288 -0.00747433 0.00440322 -0.0273386 0.00647739 0.00418029 7.38896e-05 0.0048445 0.0154268 -0.0114461 0.00152138 -0.00836811 -0.013976 -0.0357363 -0.00902533 0.00353855 -0.0214516 0.0228219 -0.00186067 0.220421 0.0147759 0.0761398 -0.0149876 -0.0213752 -0.00705177 -0.00646438 0.00988025 0.00721903 0.0148133 -0.00336872 -0.00342827 -0.00269663 0.0182034 -0.00273163 -0.064204 -0.000791949 0.00932049 0.0191866 0.000653032 0.0241431 -0.0201593 0.0261999 0.0118403 0.0327458 -0.00230644 0.00585012 -0.00650185 0.00754712 -0.0259097 0.000612269 -0.00100869 -0.0114395 -0.000267642 -0.0100423 -0.000466951 -0.00299608 -0.0109199 -0.00287987 -0.000234215 -0.00290241 0.011019 -0.00494717 -0.00294155 -0.0219316 0.00283707 -0.0243057 0.000731022 -0.00223285 -0.000455944 -4.23153e-05 0.00236621 -0.00133732 -0.00208209 -0.00950232 0.00502403 -0.0053973 0.015535 -0.00620102 -0.00164293 -0.00121392 -0.0112997 -0.000736153 -0.00106806 0.000283267 0.00375998 -0.000963817 -0.0303447 -0.00605716 -0.00486167 -0.0370105 -0.0076773 -0.00809774 0.00970754 -0.04891 0.0140144 0.000406838 
0.000264696 -0.0171048 0.0175877 -0.0138998 0.00751098 -0.00204306 0.00482146 0.0127531 0.00236743 0.00108631 0.00168011 -0.00275843 -0.0256795 -0.00548802 0.0120485 -0.0141742 -0.0171379 -0.0251937 -0.0136011 0.00439953 0.0086075 0.0067893 -0.00657467 0.0147759 0.130945 0.00130404 0.00353786 0.0188895 -0.00437126 -0.0019746 0.00863312 -0.00159286 -0.0142748 0.00178902 0.0107166 0.00287367 -0.00260597 -0.00621778 -0.01285 -2.92729e-05 -0.00957202 -0.00290976 0.000328955 -0.0176965 -0.00913248 0.0221534 -0.00910847 -0.0135275 0.00389021 0.00954534 0.0170421 0.000807201 -0.0174981 -0.00103019 0.000960471 -0.0175557 -0.000314988 0.0055471 -0.0073723 0.0193601 0.00440344 -0.00195516 -0.00113451 0.000229407 -8.03964e-05 -0.00768511 -0.00837861 -0.00871356 -0.000837918 -0.00703423 0.000607461 -0.00202001 -0.000684958 0.000204369 0.00281912 -0.00190273 0.000694157 -0.00778332 -0.00793257 0.00907224 0.00166209 0.00283875 -0.000773733 0.00840363 0.00222382 -5.11403e-05 0.0022338 0.000500194 0.00135326 0.000455276 -0.00589027 -0.00664534 -0.000471905 0.000756219 -0.00254858 -0.00835564 0.00147304 -0.00704749 -0.011709 -2.0723e-05 
-0.0024111 -0.00276509 -0.00344679 -0.0161908 0.00250059 -0.0142805 0.00485344 0.0233907 0.000642311 -0.00209436 -0.00117995 0.00606792 0.0196199 -0.0443519 0.00166837 -0.0370568 0.00937426 -0.0791322 -0.0437536 0.00721923 -0.0435491 0.0024994 -0.00973968 0.0761398 0.00130404 0.240831 -0.0203487 -0.00608463 0.013149 -0.00349783 0.0405007 -0.0201348 -0.0312097 -0.00851518 0.0798335 -0.0148007 0.00255328 -0.0147542 -0.0547396 -0.000144379 -0.00668633 0.017602 0.00212257 -0.00391649 -0.0077131 0.00449445 -0.013242 -0.0172819 -0.00124335 -0.0073827 -0.0120666 0.101684 0.0408307 -0.00140212 0.00140998 -0.0301131 -0.00156645 0.00871931 0.101313 0.00607121 -0.0214033 -0.00356807 -0.00315118 -0.00367915 -0.00325279 -0.0177165 -0.032202 -0.0447908 -0.00488472 -0.0570436 0.00443129 -0.00495929 -0.00561852 -0.000924815 0.0206813 -0.00323645 -0.00740564 -0.01378 -0.0227583 0.0440708 0.0124774 -0.000587578 -0.00373726 -0.0200478 0.00944068 -0.00115715 -0.00177526 -0.00206926 -0.00342688 -0.000950211 -0.0585332 -0.00264806 -0.00657381 0.00412677 -0.00335982 -0.0123307 0.0196766 -0.0267096 0.0403162 -0.000538044 
0.00104858 -0.0103358 0.01198 -0.00761202 0.000866328 0.00345071 -0.0004727 -0.00378893 -0.00107337 0.000836597 0.000203929 -0.000843846 -0.00852801 0.00108401 -0.000497185 0.00557194 -0.011807 0.00899971 0.00865849 0.00973317 0.00690897 -0.0022452 -0.000182645 -0.0149876 0.00353786 -0.0203487 0.0522449 -8.07897e-05 -0.00724988 0.000149725 -0.0226266 -0.0134351 0.00398227 0.000613674 -0.0159558 -0.000890516 0.00230836 0.00514102 -0.0129886 -0.000160634 0.00071423 -0.00289996 0.0045747 -0.00305476 -0.000851451 -0.00298975 0.0028121 -0.00271988 -0.00042727 0.00839239 0.00377382 -0.0243669 -0.0101135 0.000288863 2.4878e-05 0.00790104 0.000400048 -0.00346453 -0.0218188 0.00710013 0.0149669 -0.000829286 -0.000467919 0.00159618 0.00028681 -0.000394941 0.000726744 0.00338084 0.000540684 0.00203453 0.00077673 0.00120019 0.00113651 0.000240633 -0.00170824 -0.000727583 0.00150452 0.00242563 0.00254602 -0.00635935 0.000348021 0.00210686 0.00079264 0.0105892 -0.00866021 0.000450116 -0.000564211 0.000387962 0.00366844 0.0024048 0.0183179 0.00482894 0.00136218 -0.00530561 -0.000577499 0.000733778 9.51508e-05 0.01717 -0.0056142 0.00010551 
-0.000570063 0.022752 -0.010057 -8.84265e-05 -0.0203372 -0.0104995 -0.00241573 0.0330656 -0.00227104 -0.00356991 -0.000371653 -0.00176949 -0.0681555 -0.0239373 -0.024053 0.00480577 -0.00797164 -0.015204 -0.0229447 0.00216555 -0.00639193 -0.0399242 -0.0159506 -0.0213752 0.0188895 -0.00608463 -8.07897e-05 0.182318 0.0377076 -0.00897337 0.0589951 -0.00224202 -0.0128003 0.0026663 0.0411685 -0.00781482 -0.0201844 -0.00905091 -0.0168951 0.000844606 -0.0166833 0.00332992 0.00571983 0.0206903 -0.0197025 -0.0102948 -0.0123761 -0.0294117 -0.00235504 -0.011865 0.0332264 0.0464767 0.00831463 -0.00111809 -0.00280386 -0.091139 -0.000798883 0.026038 0.0232189 0.0328447 -0.00836086 0.00215935 -0.00242598 0.000649923 -0.00636829 -0.0130585 -0.0216133 -0.0264787 -0.00324411 -0.00980067 0.00285682 -0.00379404 -0.00267158 -0.000100599 -0.0122742 -0.00344877 -0.0036279 -0.0177145 -0.0125086 0.0524502 -0.0130109 0.00142878 -0.00253865 -0.0130255 -0.0172787 -4.79102e-05 0.00747479 0.000117055 -0.00211844 0.000760521 -0.0293631 -0.0410441 0.0178634 0.086634 -0.00529173 -0.00723117 0.053278 0.0493511 -0.0207813 -0.000506554 
-0.00105676 0.0118298 -0.00582051 0.00563594 -0.00485719 -0.00382205 -0.001645 0.0245863 -0.00289555 0.00190122 -0.000514239 -0.0010503 -0.0136568 -0.0145816 0.0141406 -0.0174396 0.00133568 -0.0501972 0.00135663 -0.0178768 0.0120684 -0.01054 -0.00633358 -0.00705177 -0.00437126 0.013149 -0.00724988 0.0377076 0.155135 -0.00259084 0.0724309 0.0160612 -0.0147761 -0.000780194 0.0300136 -0.0041967 -0.00905868 -0.00381237 -0.00585821 0.000295105 -0.0120943 0.0104315 0.00091131 -0.0404353 0.00770881 0.00125022 -0.0056403 -0.0133004 -0.000352203 -0.00334192 0.0038602 0.0263749 0.0310676 -0.00105421 -0.00120133 -0.0583663 -0.000944323 0.0202705 0.00257062 -0.0177468 0.003174 -0.00561198 -0.00103932 -0.000827826 -0.00620086 0.00805597 -0.0069014 -0.0189876 -0.00201788 0.0030222 -0.0043214 0.00134642 -0.000315959 -0.000309338 -0.00261979 -0.00270037 -0.00186315 -0.00613968 -0.0122023 -0.0167467 -0.00815669 -0.000546138 -0.0011439 -0.0106651 0.00275394 -4.92396e-05 0.000160573 -0.000438792 -0.00331596 -0.000314431 -0.0205218 -0.0207047 0.00381203 0.0308235 -0.00157578 -0.000422349 -0.0201721 -0.0232387 0.011428 -8.78637e-05 
-0.000112649 -0.00565159 0.00376828 0.00906656 -0.00111625 -0.00243664 -0.000223857 -0.00631976 -7.84773e-05 0.000561509 -0.000284282 -0.001089 -0.00085944 0.0201998 -0.00410695 -0.00509199 -0.00525981 -0.000787372 -0.00895424 -0.000391241 0.00170895 0.0141192 -0.00398189 -0.00646438 -0.0019746 -0.00349783 0.000149725 -0.00897337 -0.00259084 0.0491492 -0.0115074 0.0177287 -0.00378805 -0.00105907 -0.00997821 0.00414326 0.00305561 -0.00130304 0.0091349 0.000110451 -0.00402885 -0.000222841 0.00123822 -0.0113163 -0.0035928 -0.000759356 -0.00274138 0.00027782 -0.000321671 0.00682558 -0.00273631 -0.00593092 -0.012154 -6.88125e-05 0.000408856 0.0115673 0.00022152 -0.0043659 -0.00495706 -0.00515522 0.00313015 0.000353485 -0.000333751 -0.000462861 -0.000605989 -0.000848532 -0.00500093 0.0194991 0.00104441 -0.000418834 0.00251193 -0.000639804 -0.000251643 0.000541996 0.00950369 0.00108 -0.000300549 -0.00273766 -0.00149822 -0.00466256 -0.00031181 0.00187898 -0.000429036 -0.00160634 0.00466535 4.36503e-05 -0.000750261 -4.90919e-05 -0.000944086 -5.15008e-05 0.00527951 0.0079102 -0.0017956 -0.0104545 0.00312921 -0.00294805 -0.00837104 -0.0130215 0.000689259 3.12468e-05 
-0.0018503 0.0219242 -0.0209655 0.0207857 -0.00625089 -0.016262 -0.0010983 0.046028 -0.00478564 0.00150111 -0.00147554 -0.00252458 -0.025634 -0.0508117 0.0256046 -0.0327588 0.0505862 -0.07181 -0.0304608 -0.0416255 0.0270346 -0.01735 0.00567443 0.00988025 0.00863312 0.0405007 -0.0226266 0.0589951 0.0724309 -0.0115074 0.249967 0.0332004 -0.0393897 0.00511384 0.0824848 -0.018054 -0.0089373 -0.0207061 0.0173747 0.00199168 -0.0150527 0.00951511 -0.000787759 -0.000934831 -0.015255 0.00764865 -0.025695 -0.0534172 0.00295658 -0.0266179 0.00999774 0.101516 0.040388 -0.00275094 -0.00207972 -0.13795 -0.000697129 0.0187471 0.0800371 -0.00111593 -0.0130535 -0.0107035 -0.00213563 0.00149817 -0.0157003 -0.0152445 -0.0366544 -0.0540657 -0.00571668 -0.0208215 -0.0138472 -0.00532719 -0.00481626 -0.000514587 0.00475216 -0.00110543 -0.000706048 -0.0338603 -0.0310664 0.014918 -0.0135989 0.000903171 -0.00247633 -0.0296043 0.0141008 0.000235231 0.00331048 0.00132484 -0.00542201 -0.00162537 -0.080614 -0.0564027 0.00951548 0.0766785 0.00763965 -0.0189633 -0.00252615 0.00239127 0.0185788 -0.000553605 
-0.000721022 0.0144418 -0.0295043 0.0485672 -0.0122755 -0.0081283 0.00152449 -0.0273239 -0.00545275 0.00142445 -0.00193131 -0.00348067 -0.00635735 0.0253941 0.00963833 -0.0300602 0.0226358 0.029299 -0.0331914 -0.0198842 0.0802442 0.04648 -0.0140448 0.00721903 -0.00159286 -0.0201348 -0.0134351 -0.00224202 0.0160612 0.0177287 0.0332004 0.231036 -0.0192848 -0.00484195 -0.00620013 0.00405162 -3.45547e-05 -0.0141996 0.0575119 0.00118905 -0.0305064 -0.00141154 -0.00535049 -0.0164752 0.00150476 0.00959474 -0.013092 -0.0128431 0.00586512 -0.0143521 -0.00731616 -0.00354486 -0.0498202 -0.00204178 -0.00124288 -0.00263992 -0.00182753 -0.021886 -0.015932 -0.0189985 -0.00464834 0.00321838 -0.00102213 -0.00259181 -0.00817058 -0.00857532 -0.0114914 0.0338853 -0.00141309 0.00858268 -0.00742576 -0.00410471 -0.00348915 0.000444776 0.00353313 0.00646742 -0.00273578 -0.0136771 -0.0157814 -0.0171634 -0.0142782 -0.00232333 -0.00231692 -0.0189553 0.0235208 -4.81161e-05 -0.00386738 0.000585036 -0.00649268 -0.00123285 -0.00855492 -0.0291058 -0.00521942 0.000772622 0.00936872 -0.0137171 -0.0174554 -0.0402764 0.0052022 -0.000457288 
0.000388586 0.00111378 -0.00950007 -0.026347 -0.00860062 0.00147615 0.00111517 -0.0162765 0.00311991 -0.000765179 -0.000696763 0.00113543 -0.00524801 -0.00277543 -0.0177567 0.0379869 0.00977546 0.026216 0.0313025 -0.00969566 -0.0397208 -0.0140832 -0.00852136 0.0148133 -0.0142748 -0.0312097 0.00398227 -0.0128003 -0.0147761 -0.00378805 -0.0393897 -0.0192848 0.118353 -0.000675143 -0.0241216 0.00466855 0.00902336 0.00979546 -0.0211905 -0.000250944 0.0261328 -0.00561102 0.00346718 0.0505232 -0.00854314 -0.00839632 0.0318491 0.0348469 -0.00234013 -0.00648302 -0.00647908 -0.0292493 -0.0166337 0.000976924 -0.00160543 0.0174468 0.000164636 -0.0120337 -0.0337794 -0.0122238 0.00138442 -0.00458295 0.00190431 1.32571e-05 0.0141746 0.00875068 0.0171629 -0.00308445 0.00524237 0.00421132 -0.00171544 0.0027324 -0.00029979 -4.39112e-07 -0.00692928 -0.000304993 -0.00191605 0.00782561 0.0262168 -0.00778824 -0.00242566 -0.00161387 -0.000486137 0.00167504 -0.0132823 -1.85855e-05 0.000446961 -0.00066063 -0.00274744 -8.68135e-05 -4.30533e-05 -0.0220237 0.00145733 -0.00631061 -0.00422323 0.00742475 0.0183648 0.0168388 -0.0104246 0.000595293 
0.000137776 -0.00556216 -0.000326279 0.00270858 0.000943443 0.00253837 0.000382437 -0.00203431 1.61347e-05 0.00194322 0.00113831 7.12834e-05 -0.00407417 -0.00226002 0.0048989 0.00281434 -0.00414701 -0.00183661 -4.56202e-05 -0.000942105 0.000709865 -0.00228192 0.00442911 -0.00336872 0.00178902 -0.00851518 0.000613674 0.0026663 -0.000780194 -0.00105907 0.00511384 -0.00484195 -0.000675143 0.0209173 0.0016544 -0.000837627 -0.000549301 -0.000656586 -0.000794442 0.000171615 0.00325669 -0.000954591 0.000412369 3.69519e-05 -2.47873e-05 0.000895977 -0.000413084 -0.00181147 -4.59255e-05 -0.000109263 -0.000488061 -0.00382051 -0.00464532 -4.14583e-06 0.000269216 -0.00638808 0.000389282 -0.00120877 -0.00100941 0.00491372 0.000317563 0.000589133 0.000648178 0.000318444 -0.000571892 0.00212618 0.00230521 -0.00231899 -0.000144354 0.00186612 1.58496e-05 7.46106e-05 0.000151747 3.28058e-05 -0.000710888 -0.000269751 0.00439492 0.000138159 -0.000319697 -0.00248177 -0.000590317 0.000150034 0.000736428 0.000583149 -0.00313612 -2.75327e-06 0.000300915 0.000316847 0.0017316 -5.76354e-05 -0.00249425 -0.00351532 0.000135476 -0.00335466 0.00107529 0.000884689 0.00174272 0.00224867 -0.00235698 0.000120368 
-0.00140957 0.0347529 -0.00191661 -0.000975414 -0.0347967 -0.0167757 0.00573542 0.0507025 -0.00389367 -0.00599316 -6.46565e-05 -0.00743876 -0.00338087 -0.0489964 0.00784424 -0.0243711 0.0419316 -0.0757295 -0.0709127 -0.0191059 -0.034628 -0.0561481 -0.0203716 -0.00342827 0.0107166 0.0798335 -0.0159558 0.0411685 0.0300136 -0.00997821 0.0824848 -0.00620013 -0.0241216 0.0016544 0.242495 -0.0217197 -0.0258551 -0.0179673 -0.00671942 -0.000568042 -0.0080635 0.00586607 -0.00428649 0.0157653 -0.00986142 -0.00685154 -0.0253558 -0.0450023 0.00345597 -0.029038 0.00111665 0.10974 0.0217007 -0.00187479 -0.000943949 -0.0771844 -0.000880004 0.0159991 0.114838 0.0346002 -0.0131713 -0.00363067 -0.002906 -0.00278523 -0.0116767 -0.0162446 -0.0278703 -0.0406636 -0.00501114 -0.0408465 -0.00511822 -0.00451169 -0.00435049 -0.000896471 0.00920213 -0.00218933 -0.00524961 -0.0285094 -0.0258681 0.0402223 -0.000651274 0.0053442 -0.00382081 -0.018794 0.0331096 -0.000835962 0.00499502 -0.00173477 -0.00999382 -0.000940846 -0.0584893 -0.0397392 -0.000519346 0.0329889 -0.00544615 -0.0170224 0.0439373 0.0279431 0.0186454 -0.000551202 
