0.0317886 -0.000374993 -0.000445739 -0.000349235 -0.00145041 -0.00155487 -0.000161266 -0.000550806 0.000618903 -0.00140698 0.00199644 -0.000817759 -0.000664238 -0.00672209 -0.00149977 0.00248688 -0.00100294 0.000657144 -0.00127418 -0.00160862 -0.00387526 0.000179636 3.63741e-05 0.00208069 -0.001372 -0.00286213 0.00395683 -0.000342587 -0.00067669 0.00242952 0.00226902 0.000128805 -0.000320203 -0.000930783 -0.00100757 0.000904057 -0.000399215 1.52165e-05 3.94771e-05 3.18197e-06 0.00135773 0.00280297 -0.000346064 -0.000253143 -0.0018981 0.000299867 -0.000158304 -0.000982218 0.00015882 -0.000750909 0.00104656 -0.00122433 0.000718043 -8.60798e-05 -0.000613355 -0.00130157 -8.54116e-05 -0.00319501 -4.00136e-05 -0.00217644 -0.000258611 -0.000556326 -0.000787642 0.00181064 -0.00325106 -3.26421e-05 -0.00142064 -0.000407471 -0.000673693 -0.000165781 -0.000445822 -0.000877144 -1.15855e-05 1.50018e-05 -8.70793e-05 -0.00179782 6.03245e-05 -0.00111568 9.63586e-05 3.79011e-05 0.00270527 -7.44448e-05 -0.000229427 -0.000435607 0.00169933 -0.000146205 -0.000472168 -0.00238524 -7.75435e-05 -0.000139444 -0.00151726 0.00607733 -0.000264112 -0.000906616 -0.000841374 -0.000646346 -0.000125108 -0.000176936 -3.45546e-05 -0.00333425 
-0.000374993 0.046953 -0.00159382 -0.000377094 -0.00912472 -0.0013545 0.000609814 -0.000169398 0.00312827 -0.00181659 -0.00250607 -0.00450688 0.000188979 0.00130691 0.000997042 0.00279407 0.000677555 -0.00139194 -0.00283851 -0.000238285 -0.00890066 -0.00015605 -0.00322159 0.00866247 -0.00239871 0.0074938 0.00328891 -0.000725842 -0.0050719 -0.000184987 -0.000558089 -0.000990371 -0.000485091 -0.00155259 -0.00117644 -0.000484471 8.88157e-05 -0.00161254 -0.000638096 -0.00690004 0.00431444 -0.00364642 0.000465976 -0.00175843 0.00289609 -1.27211e-05 -0.000484159 0.00368918 0.000249469 -0.00553719 0.000247328 0.00284052 0.00697255 0.000157994 -0.00144996 -0.00494105 0.000249078 -0.0113533 -0.000190122 -0.000504789 0.000550203 -0.00103006 0.00137536 -0.00102069 0.00521547 -8.42389e-05 -0.00115822 -0.000969881 -0.000819415 -0.000354874 -0.000121888 -0.00237356 -0.00108258 0.000619015 -0.000258977 -0.00045116 -2.43647e-05 0.0148621 0.000316914 -0.00366062 -0.00430977 -0.00116464 -0.000537995 -0.000325248 -0.00279929 -0.000100607 -0.000366155 -0.00715414 4.49321e-05 -0.000376242 0.00758331 0.000119582 -0.000472894 -0.00095607 0.000632411 -0.000599237 -0.000854799 -0.000329938 0.000706278 -0.00531182 
-0.000445739 -0.00159382 0.0413017 -0.00268805 -0.0120349 -0.00166058 -3.62045e-05 -0.00242397 0.00393228 -0.000828415 0.00705972 -0.00559278 -0.00128744 -0.0229334 0.00381649 0.00906413 -0.00116899 -0.00345139 -0.0201275 -0.000521065 -0.0124425 -0.00436868 -0.00461073 0.0183628 -0.0016121 -0.0173778 -0.00835001 0.00136641 -0.00701185 0.00218814 0.00847109 -0.000112086 -0.000432659 -0.000552566 -0.00128036 0.000168484 -0.0065885 0.00137128 -0.000529642 -0.00604089 0.00584697 0.00598618 -0.000547024 -0.00270351 -0.00449014 0.000197124 -0.00026386 -0.000821164 0.000281097 -0.00944345 0.000401766 -0.00232346 -0.00245988 0.00152319 -0.00825406 -0.00646992 -0.000106688 -0.0117367 7.25181e-06 -0.000175621 0.000622132 -0.000383435 0.00072579 0.00474923 -0.00410791 -0.000672862 -0.000666548 0.00420185 0.00189056 -0.000517076 -0.000559627 -0.00476162 0.00831735 0.00214832 -0.000173589 -0.00311702 0.000984856 0.0176838 0.000138946 0.0131419 0.0137687 -0.000985476 0.0158603 -0.00064261 0.00844743 0.00183517 -0.00129906 0.0084442 -8.60572e-05 -0.000311338 -0.00329063 0.0160731 0.0023709 0.000618357 -0.00220063 -0.000618172 -0.00131511 0.000775515 0.000438327 -0.0109739 
-0.000349235 -0.000377094 -0.00268805 0.0939443 -0.0107804 -0.00263569 0.000883123 -0.00351287 0.00357617 -0.0104372 -0.0126922 0.00195023 0.000452903 0.0144868 0.00896567 -0.00699416 0.00145437 -0.0122209 -0.00218049 -0.0072155 -0.00344528 -0.00629748 0.000628067 -0.0098096 -0.0109096 -0.0017557 0.0104981 -0.00237025 0.00807731 -0.00371817 -0.0264972 -0.00142068 -0.00206523 0.00273266 0.000153375 0.000287606 0.0268516 -0.0043606 0.00216868 0.00437392 -0.00295811 -0.0109016 -0.00248926 0.00382562 0.00182457 -8.27862e-05 -0.000551531 0.017803 -0.000457064 -0.00589517 -0.0003123 0.0083828 0.000939227 -0.000241058 -0.0021049 -0.0190473 0.000255246 0.0152796 0.000599492 -0.00144893 -0.000569092 -0.00152676 -0.004803 -0.0044679 0.00063103 -0.000785361 0.00553004 -0.000953627 -0.00193127 0.0008247 0.00263631 0.00511906 -0.00521984 -0.000884533 -0.000903215 -0.00625556 -4.79431e-05 -0.014475 -3.10853e-05 0.00051534 -0.00983732 -0.00172386 -0.00752967 0.00312467 -0.00413988 0.00165707 -0.00138352 0.0168143 0.000128953 -0.000427773 -0.00550751 -0.0112001 -0.00106204 -0.00196145 -0.00308029 0.00106236 0.00305088 -0.000101345 -0.00043469 0.0109781 
-0.00145041 -0.00912472 -0.0120349 -0.0107804 0.23187 -0.013367 -0.00503435 -0.00479908 -0.01494 0.0242693 -0.0319829 0.0233956 0.0104136 0.0738679 -0.00415697 -0.0386667 0.00484105 0.0069528 0.0916455 -0.0172664 0.0407954 -0.00444776 0.0195563 -0.0794459 -0.0769211 0.0473502 0.0243712 -0.00371713 0.029976 0.00295243 -0.0321085 0.00275902 0.00393549 0.00421035 -0.00608928 -0.00116741 0.024937 -0.00884531 -0.00580244 0.0605707 -0.0169405 -0.00283619 5.84812e-05 -0.0043595 -0.00625075 -0.000346091 -0.00166078 -0.0148127 -0.0039273 -0.00377759 -0.00375732 0.00509775 0.000797982 0.000732096 0.0189896 0.0272064 -0.000737156 0.0394042 1.52805e-05 -0.0253709 -0.00694178 -0.000431722 -0.0190546 -0.0130897 0.000992417 -0.00469952 -0.00238038 -0.00360075 0.00276875 -0.00267066 0.00334989 0.00553393 -0.0143923 -0.00538411 -0.00176117 0.0152165 -0.00128158 -0.101943 -0.000718512 -0.0315667 -0.00875518 -0.00182759 -0.0620072 -0.0016985 -0.0200339 -0.00450318 -0.00622298 0.0181345 -0.000823704 0.00159703 -0.0187384 -0.0313837 -0.00455718 -0.0052218 -0.0409937 -0.00500816 0.00630975 -0.0025232 -0.00265943 0.0189252 
-0.00155487 -0.0013545 -0.00166058 -0.00263569 -0.013367 0.0701442 0.00123967 -0.00154873 0.00286189 -0.00920593 0.0116259 -0.0015173 -0.000795709 -0.00629672 -0.00382267 -0.00554339 -0.00680924 0.000117493 -0.0223502 0.0079655 -0.00380588 0.0189691 0.00143312 -0.00969918 0.00985359 -0.00939792 0.00139769 -0.000356513 0.00245055 0.00611555 0.00082908 0.00105534 0.000839355 -0.00193227 0.00212896 -0.000558143 -0.00796909 0.00453995 0.0033088 -0.00775114 -0.000791061 -0.0102423 0.00336011 0.0102462 0.0160802 -0.000215086 -0.000355162 -0.00449694 0.00174604 0.00470891 0.000461431 -0.00408739 -0.00143879 0.000164895 -0.0106824 -0.00857804 -0.000124199 -0.0156841 3.25722e-05 0.00868168 0.000609868 0.00301872 0.00532594 -0.00108494 -0.00464977 0.00399322 0.00225413 -0.00106729 -0.00176102 0.00264315 -0.00119958 -0.0151501 -0.00437879 3.98555e-06 0.00135793 0.00467804 -0.000138418 0.000104926 0.000509301 -0.00360413 -0.00862432 -4.18212e-05 0.000138499 -0.000913327 0.0057622 0.0039677 0.00582928 -0.0128248 0.00103258 -1.32827e-05 0.00367608 -0.0031075 0.00519274 -0.00189469 0.0089979 0.000788455 0.00108715 0.000220544 0.0009687 -0.0174371 
-0.000161266 0.000609814 -3.62045e-05 0.000883123 -0.00503435 0.00123967 0.0166822 -0.00032696 0.00136358 -0.00103433 0.00090011 -0.00206598 -7.55345e-05 -0.00216374 -9.66663e-05 -0.00175626 -0.000487794 0.000309498 -0.00655665 -0.000192323 -0.00717821 0.000480199 -0.0011212 0.00399122 0.00502112 -0.000943935 -0.000551471 0.000227227 -0.00150444 0.000441659 -0.00147429 -0.000294639 -0.000355214 -0.00027355 -0.000189667 -9.98354e-05 -0.000473494 0.00333134 0.00072548 -0.00203358 0.000805334 -0.00263697 0.000414346 -0.000457935 -0.00125523 -4.39292e-05 -0.000161198 -0.00138426 0.000117429 -0.000196632 0.000163723 0.00210884 0.0016482 -0.000133357 -0.0038674 -0.00252941 -4.37515e-05 -0.00432052 -8.55469e-05 0.00065584 0.000659828 -0.000235914 0.000188894 -0.000716458 0.000701537 -8.5865e-05 0.00102619 -0.000324253 -0.000565954 -0.00011439 -0.000215622 -0.00297031 -0.000655184 0.000409761 1.15608e-05 0.00123623 0.0010096 0.00301889 -5.71788e-05 0.000420475 -0.000791823 -0.000300268 0.00344228 0.000159453 0.00164579 0.00154204 -0.000319871 -0.000194777 7.80206e-05 0.000196615 -7.59433e-06 0.00136971 7.84243e-05 0.000956596 0.00518234 -0.000136194 -0.000414182 0.000726539 6.73983e-05 -0.0045446 
-0.000550806 -0.000169398 -0.00242397 -0.00351287 -0.00479908 -0.00154873 -0.00032696 0.0631403 0.000328749 -0.00461845 -0.00321469 0.00232726 -0.000422482 0.00135669 -0.00414337 0.00299219 -0.00328617 -0.002334 0.00315034 -0.0014279 0.00324368 1.14411e-05 0.00378982 -0.00681576 -0.00182996 -0.00451638 -0.00219497 -0.000640201 0.00410912 0.000793369 -0.00714878 0.000267434 0.00108701 -0.00231192 0.00112809 8.1378e-05 -0.00605578 -0.00134823 -0.00149919 -0.0076227 -0.00254607 0.00776092 -0.00147197 -0.000351475 -0.00759504 -2.63277e-05 0.000681202 -0.00400411 -0.000853142 0.0101804 -0.000257144 -0.00108415 -0.002329 -0.000521777 0.0239767 -0.000946692 -0.000237565 -0.0052315 -0.000143202 0.000593896 -0.000434384 -0.00141321 -0.00208057 -0.00219173 0.00206155 0.00360389 -0.000859575 -0.00125814 -0.00240025 0.00242642 -0.000690701 0.0111024 -0.00355397 -0.00117702 0.000574432 -0.0041284 0.000205927 0.00176132 5.12725e-06 -0.00252959 -0.01076 0.00133851 -0.00652925 -0.00053421 -0.00374092 -0.000901735 -0.000895151 -0.00613902 -0.000203459 0.000864597 -0.00208266 -0.00786006 -2.01208e-05 -7.46568e-05 -0.00443109 0.00144898 -0.000874354 -0.000424612 0.000953777 0.0132038 
0.000618903 0.00312827 0.00393228 0.00357617 -0.01494 0.00286189 0.00136358 0.000328749 0.0477777 -0.00758325 -0.000125546 -0.00411982 -0.000782607 -0.01431 -0.00206233 0.000761246 -0.0068563 0.00542341 -0.0205586 -0.00327629 -0.0124134 -0.00346809 -0.0052982 0.0139939 0.000894537 -0.0174839 -0.00136005 -0.000185232 -0.00274954 0.00650707 -0.00538461 -0.000812256 -0.00151553 -0.00132556 -0.00161373 -0.000267522 -0.00162978 0.00520059 -0.000971854 -0.0048907 0.0193977 0.000620768 0.00601917 -0.000345399 -0.00296762 0.000101073 -0.000404416 -0.00396455 0.00436315 -0.0103643 2.22858e-05 -0.00265465 -0.000753949 0.000826268 -0.00883424 -0.0100309 -6.32935e-05 -0.0128824 -0.000258332 -0.00241926 2.29847e-05 -0.00102312 0.0033207 0.000617929 -0.00368072 0.000437434 -0.00117519 0.00175904 -0.0010008 -0.000184758 0.000463185 -0.000798457 9.50979e-05 0.00898351 -5.61759e-05 -0.000159491 0.000706797 0.00839865 0.000319458 -0.000517204 0.0106474 -0.00140878 0.0136526 -0.000123095 0.00278018 -0.000216581 -0.000930487 0.0060033 1.82251e-05 -0.000400713 -0.00167934 0.0135306 0.000608214 0.000106806 -0.000339975 -0.000853547 -0.000937174 0.00012909 0.000546613 0.0065473 
-0.00140698 -0.00181659 -0.000828415 -0.0104372 0.0242693 -0.00920593 -0.00103433 -0.00461845 -0.00758325 0.175298 0.00587639 0.00230965 -0.00351255 0.0246735 0.0391293 0.00435341 0.00811384 -0.0379948 0.0400354 -0.0146064 -0.0129597 -5.20625e-05 0.0188182 -0.029628 -0.0194729 0.0347142 -0.00509633 0.00771326 -0.0266028 -0.0113811 -0.0414408 -0.00183774 -0.00698357 -0.000398083 0.00104556 -0.00203914 -0.00772873 -0.00511852 -4.09285e-05 0.0160783 -0.0152173 -0.000449904 -0.00573127 -0.00722358 0.0341757 0.000882286 -0.00194359 0.0373433 -0.00128876 -0.0027268 0.00301841 0.00372834 0.00279728 0.00076386 -0.0374697 -0.0498132 -0.000480936 0.0247442 0.000992859 -0.00780823 -0.00247863 -0.000124492 -0.0014556 -0.00551877 0.00996498 -0.00415473 -0.00348705 -0.00570208 0.025503 -0.00182375 0.000302156 0.00100144 -0.00161411 -0.00343063 -0.00143591 -0.000486695 -0.000315568 -0.0392122 0.00042433 -0.0187161 -0.0139742 0.00268839 -0.0415507 0.0010375 -0.00457162 -0.00277566 -0.00791757 0.0215192 0.00024164 -0.000452694 -0.00893513 -0.0179039 -0.00333176 0.00814024 0.0305982 -0.00244904 -0.00600989 -0.000629791 -0.00137305 -0.016486 
0.00199644 -0.00250607 0.00705972 -0.0126922 -0.0319829 0.0116259 0.00090011 -0.00321469 -0.000125546 0.00587639 0.149587 -0.0158151 -0.00179837 -0.0275434 0.00348142 0.00681826 -0.000557749 -0.00015667 -0.0328232 0.010879 -0.025795 -0.0114318 -0.00585004 0.0171162 0.00329956 -0.0230971 -0.0184182 -0.000585571 -0.0247939 -0.00276367 -0.00465949 -0.00358868 -0.00242759 -0.00592204 0.0103465 0.00128036 -0.0241189 0.00325901 0.00113568 -0.0173272 -0.00360347 0.00506472 0.00800058 0.000214627 0.0330286 5.92282e-05 -0.00150685 -0.00429771 0.00167968 -0.000814106 0.00606211 -0.00767456 -0.00304712 -0.00168477 -0.0149205 -0.0281731 -0.000599015 -0.0232798 -0.000189135 0.00952371 0.00792756 0.00368586 0.0103101 -0.00197823 -0.00697103 -0.00175599 -0.0034036 -0.000661281 -0.00406678 -0.00232403 -0.00122393 -0.0177442 -0.00342057 0.00128349 -0.00118589 0.00224065 0.00104434 0.0394207 -0.000499437 0.00176276 0.0123892 -0.00441999 0.0186491 -0.0020368 0.0183192 0.00277029 0.00529527 -0.0103509 -0.000454956 -0.000868211 -0.00974199 0.023348 0.00293857 -0.000846212 0.0519859 -0.00452472 -0.00246645 -0.000363027 -0.000783243 -0.0297886 
-0.000817759 -0.00450688 -0.00559278 0.00195023 0.0233956 -0.0015173 -0.00206598 0.00232726 -0.00411982 0.00230965 -0.0158151 0.12486 0.00605668 0.00748614 -0.0125089 -0.0339361 -0.00700584 -0.00183766 0.021434 0.00555618 0.018792 -0.00532488 0.00202364 -0.0385998 0.00465288 0.00891035 -0.00561122 -0.00176762 0.0145042 0.00403567 -0.00697721 0.00804463 0.00530141 -0.00413166 0.00040369 -0.000513153 -0.00402576 -0.00562688 -0.00141048 -0.00303422 -0.00929662 -0.00425578 0.000592668 0.0126937 -0.0235251 -8.44356e-05 0.000550998 -0.00859078 -0.00146364 0.0465706 -0.00150701 0.000887162 -0.0038603 -0.000702312 -0.000491004 0.0132804 0.0015349 0.0548051 0.00137079 -0.0108997 -0.00186287 5.51754e-06 -0.0072903 -0.00727164 -0.0143007 0.00546069 -0.00183435 0.000724567 -0.0061633 0.000293363 -0.000961129 -0.00878461 -0.00175963 -0.00070833 -0.000767874 -0.00104403 -0.000549216 -0.0470004 0.000238286 -0.0123486 -0.00629728 0.0064758 -0.0260612 -0.000159068 -0.00882955 -0.00156419 -0.00320258 0.0106836 -0.000120181 3.25502e-05 0.0051029 -0.0178831 0.0034304 -0.00174521 -0.0287683 -0.00186757 -0.00475045 -0.000786737 0.000275119 0.019053 
-0.000664238 0.000188979 -0.00128744 0.000452903 0.0104136 -0.000795709 -7.55345e-05 -0.000422482 -0.000782607 -0.00351255 -0.00179837 0.00605668 0.0354635 0.00761181 -0.00177877 -0.00909739 -0.000324847 -0.00074317 0.00538161 -0.00161413 0.0032113 -0.000974888 0.00643118 -0.00830028 -0.00784482 0.00366006 -8.9666e-05 -0.000380511 0.00305464 -0.000125036 -0.00753449 0.000144332 -0.0005155 -0.000398814 0.000718678 -8.89275e-05 -0.000588464 -0.00202829 -0.000502461 -0.00184824 -0.000425452 -0.00299102 0.000277968 0.00259458 -0.000926979 -4.29621e-05 -0.000185713 -0.00164294 -0.000141535 -0.00219331 0.000103094 0.00559642 0.00115654 5.39082e-05 0.00260423 0.00097687 -9.72264e-05 0.000349013 -7.7424e-05 -0.000847526 -0.000454919 -0.000666208 -0.00193969 -0.00149553 -0.000719591 -0.000307915 -0.00144052 -0.000283143 -0.000957808 7.32292e-06 0.000664219 -0.0020834 -0.000747194 -0.000513218 -8.53342e-05 0.000745776 2.28781e-05 -0.0115103 -7.68817e-05 -0.00353214 0.000758512 0.00119219 -0.00498937 -0.000411609 -0.00198002 -0.000220452 -8.50503e-06 0.000407027 -6.99212e-05 0.000567858 -0.00143101 -0.00241195 -0.000538291 -0.000530867 -0.00175536 -0.000516412 0.00215062 0.000401138 -0.00023868 0.00218653 
-0.00672209 0.00130691 -0.0229334 0.0144868 0.0738679 -0.00629672 -0.00216374 0.00135669 -0.01431 0.0246735 -0.0275434 0.00748614 0.00761181 0.201139 0.0223187 -0.0331358 0.00969691 -0.00129698 0.0687448 -0.0242267 -0.00184777 0.00568795 0.0225467 -0.07186 -0.0353576 0.0638531 0.0308362 -0.000119796 0.020116 0.00162577 -0.0533901 -0.00361235 -0.00272262 -0.00140397 -0.00149405 -0.00476719 0.0449346 -0.0142679 -0.000195067 0.0249057 -0.0319745 -0.0418766 -0.00133106 0.00151802 0.0320193 -0.000817285 -0.00231729 0.0245542 -0.00512015 -0.003321 -0.000296492 0.0169075 0.00480067 -0.00324144 0.00344228 0.00282387 0.000213891 0.0124482 -0.00212131 -0.01321 -0.00525592 -0.00488281 -0.020728 -0.0240021 0.0267343 -0.00643374 0.00261673 -0.00539659 0.00559311 0.000219062 0.00512741 -0.00986028 -0.0231987 -0.00831261 -0.00203073 0.0143963 -0.00150465 -0.0704538 -0.00217551 -0.0230341 -0.0300452 0.00175098 -0.0578707 0.000693068 -0.0300351 -0.000951086 -0.00539932 0.00429813 -1.60242e-07 -0.000199076 0.00174139 -0.0609989 -0.00828992 -0.00308432 0.0267296 -0.000628459 0.0031403 -0.00198818 -0.00379624 0.00688725 
-0.00149977 0.000997042 0.00381649 0.00896567 -0.00415697 -0.00382267 -9.66663e-05 -0.00414337 -0.00206233 0.0391293 0.00348142 -0.0125089 -0.00177877 0.0223187 0.151228 0.0182319 0.00836473 -0.0312863 0.0123994 -0.0178848 -0.0265713 -0.00865763 0.0203318 -0.0202424 -0.016302 -0.000994469 0.00785969 0.00703927 -0.0262048 -0.00610978 -0.00960136 -0.00147156 -0.00670429 0.00238276 0.0140653 -0.00147952 0.0164516 9.67839e-05 0.00435682 -0.00712834 -0.00958647 -0.0195935 0.00107204 -0.00270856 0.0543506 0.00105172 -0.00167319 0.0438729 -6.64813e-05 -0.03927 0.00270172 0.000128724 -0.0047246 0.000246073 -0.0303944 -0.0235242 -0.000369476 -0.0299923 0.000965695 -0.000344221 0.00114333 -0.00322711 -0.000166565 0.00146094 0.00935431 -0.00351704 0.00130481 0.00197477 0.020286 -0.0016892 0.00180012 -0.0117822 -0.00523594 0.00321489 -0.00189222 -0.00167865 0.000462377 -0.0171462 -0.000520001 -0.00682123 -0.0143367 -0.000223323 -0.0228808 0.00227653 -0.00892894 0.000437655 -0.00297113 0.00583466 -0.000334165 0.000971438 -0.00737444 0.000670667 -0.00173528 0.00470639 0.0398708 -0.00260172 -0.00191912 -0.000714012 0.00156457 -0.0525892 
0.00248688 0.00279407 0.00906413 -0.00699416 -0.0386667 -0.00554339 -0.00175626 0.00299219 0.000761246 0.00435341 0.00681826 -0.0339361 -0.00909739 -0.0331358 0.0182319 0.207933 0.00698001 0.00831833 -0.0412101 -0.0188338 -0.0161414 -0.0108421 0.000349018 0.0583233 -0.0247688 -0.0552713 0.012425 -0.00483123 -0.0182154 -0.014148 0.0535194 -0.00278702 -0.00275146 -0.00641415 -0.00198441 0.000624606 -0.0466841 -0.0108816 0.00181856 -0.0167068 0.00391018 -0.00929641 -0.00707128 -0.00966514 0.000615187 0.00101234 -0.00184591 -0.0093701 0.00383665 -0.0283303 0.00222127 -0.0180341 -0.0027218 -0.00201431 0.0248912 0.0126627 -0.000775862 -0.0651643 -0.000882465 0.00411898 -0.00544011 0.000913695 0.003677 0.0204489 0.0149614 -0.00563819 -0.00278855 -0.000374029 0.0140337 -0.00281028 -0.00391873 0.0111292 0.0132879 0.00243353 -0.00228577 -0.0157766 -0.000582133 0.0633304 -0.00039306 0.017865 0.000558124 -0.00664879 0.019052 0.00210614 0.0155907 7.4933e-05 -0.00029333 -0.029889 1.86242e-05 -0.000886265 -0.0132723 0.0239491 -0.00154365 0.00631467 0.0177161 0.0148807 -0.00310973 -0.00134882 0.000657985 -0.0402891 
-0.00100294 0.000677555 -0.00116899 0.00145437 0.00484105 -0.00680924 -0.000487794 -0.00328617 -0.0068563 0.00811384 -0.000557749 -0.00700584 -0.000324847 0.00969691 0.00836473 0.00698001 0.0594611 0.00130934 0.0127023 -0.0125246 0.00301845 -0.0085178 -0.000963339 -0.00112486 -0.00095728 0.0176539 0.00745931 -0.00175977 -0.0169332 -0.00806426 -0.00293774 -0.00505664 -0.00389903 -0.00329194 2.70035e-06 -0.000372849 0.00592663 -0.0105841 0.000511141 0.00419475 -0.00767297 -0.014885 -0.00346659 -0.00573886 0.00707701 -0.000611351 -0.000842478 0.00773684 -0.00234535 -0.00216851 0.000487877 0.000514897 0.00228146 -9.5332e-06 -0.00388202 0.00851401 -0.000676227 0.00526031 -0.000369594 0.00343015 -0.000444543 0.000427698 -0.00185302 -0.00715839 -0.000235402 -0.00400766 6.05956e-05 -0.000631259 0.00132574 -0.00541252 0.000322005 0.00181015 0.000467012 -0.00233342 -0.00535774 -0.00864336 -0.000549887 0.0113943 -7.9166e-05 0.00155774 -0.0123312 0.00103812 0.000888244 0.000689599 -0.00310082 -3.7579e-05 0.000553437 0.00375321 -0.000570576 -0.00186999 -0.00885681 -0.00567666 -0.00282863 0.00107913 0.00856891 0.000658317 0.000275383 -0.000525162 -0.00217067 -0.000710004 
0.000657144 -0.00139194 -0.00345139 -0.0122209 0.0069528 0.000117493 0.000309498 -0.002334 0.00542341 -0.0379948 -0.00015667 -0.00183766 -0.00074317 -0.00129698 -0.0312863 0.00831833 0.00130934 0.130762 -0.0140949 0.00282021 0.0175631 -0.0132089 -0.0207441 0.0254306 0.0053922 -0.00619102 0.0131135 -0.00384644 0.0136985 -0.0021228 0.025214 -0.00494645 -0.00588949 -0.00457863 0.000383072 -0.00145582 -0.00845438 -0.00833767 -0.00695115 0.00134075 0.0100958 -0.0091456 0.00117019 0.00201984 -0.0223907 -0.0012441 -0.00108976 -0.0456479 -1.59163e-06 -0.00114689 -0.00467709 -0.00662271 0.00762183 -0.0027737 0.0111108 0.0409708 -0.000791297 -0.0102663 -0.00386345 -0.0155483 -0.00449861 -0.00254432 -0.00350303 -0.00288418 0.00529187 0.00021373 -0.00681749 0.00116535 -0.0152164 -0.00386773 -0.00351939 -0.00688737 -0.000953446 0.00108626 -0.00202299 0.0068835 0.000122243 0.0189984 0.000303538 0.00427397 0.00664165 -0.00535963 0.0220626 8.5653e-05 -0.00105861 0.000209989 -0.000232247 0.0002417 -0.000638924 -0.0011103 0.00108874 0.00848795 -0.00128245 -0.0107801 -0.0168504 -0.00126319 -0.000971592 -0.000265185 -0.00259692 0.00491675 
-0.00127418 -0.00283851 -0.0201275 -0.00218049 0.0916455 -0.0223502 -0.00655665 0.00315034 -0.0205586 0.0400354 -0.0328232 0.021434 0.00538161 0.0687448 0.0123994 -0.0412101 0.0127023 -0.0140949 0.220053 -0.0169407 0.0621171 0.00331638 0.0221232 -0.103023 -0.0705301 0.0863786 0.0350318 -0.00237973 0.0172924 -0.00458659 -0.035551 0.000808888 -0.00154513 0.00405737 0.00118712 -0.00161579 0.0377043 -0.00446038 -0.00705021 0.0378908 -0.0334514 0.0021502 -0.00539971 -0.00648362 0.00419582 -0.0001702 -0.00124217 0.0196235 -0.00842727 0.0127135 -0.004413 0.00841807 0.00675942 -0.000932643 0.0329376 0.0307176 -0.000170129 0.0469438 -0.000423807 -0.0137205 -0.00701695 -0.00267644 -0.0206439 -0.00904204 -0.00671123 -0.00131216 -0.0110376 -0.00263832 0.00738292 -0.000973139 0.00428233 0.023576 -0.00529465 -0.00663653 -0.00257926 0.00898304 -0.00189978 -0.113796 -0.000512103 -0.0467788 -0.0381411 0.0056826 -0.095657 -0.00107671 -0.0363804 -0.00854949 -0.0015802 -0.00429159 -0.00117288 0.00127063 -0.0154087 -0.0406674 -0.00920972 0.000468814 -0.041222 -0.00429484 0.00803377 -0.00235654 -0.00355342 0.022049 
-0.00160862 -0.000238285 -0.000521065 -0.0072155 -0.0172664 0.0079655 -0.000192323 -0.0014279 -0.00327629 -0.0146064 0.010879 0.00555618 -0.00161413 -0.0242267 -0.0178848 -0.0188338 -0.0125246 0.00282021 -0.0169407 0.10406 0.0122088 0.00248066 -0.00895416 0.00354239 0.0124279 -0.00140738 -0.0243354 -0.00218263 -0.00396354 -0.00406669 0.0124053 0.00150999 0.00118098 0.00412519 -0.000434709 0.00266788 -0.016475 0.000334072 0.00276924 -0.0130436 -0.00236516 0.0343984 -0.00143059 -0.00127451 -0.0104315 2.85327e-05 0.000216605 -0.0147697 0.000941682 0.00695175 -0.00118736 -0.00328401 -0.00384846 0.000421716 0.00923339 -0.00609858 0.00159737 0.00686454 -0.000159662 -0.00299945 0.00216508 -0.000766359 0.00165177 0.000882545 -0.00901223 0.00221506 -0.00154832 -0.00144542 -0.00391879 0.000446016 -0.000909704 0.011766 -0.0036845 -0.00181412 0.00170447 -0.00250856 0.000193926 0.0187294 0.00144429 0.00441862 -0.00667028 -0.00207844 0.00896136 -0.00142242 -0.00213457 0.00175454 0.00163903 -0.00894731 -2.30018e-05 0.0011116 0.013439 -0.00806699 0.00311433 0.000314021 -0.0151536 -0.000774224 -0.00287019 0.000782695 0.000232373 0.0102855 
-0.00387526 -0.00890066 -0.0124425 -0.00344528 0.0407954 -0.00380588 -0.00717821 0.00324368 -0.0124134 -0.0129597 -0.025795 0.018792 0.0032113 -0.00184777 -0.0265713 -0.0161414 0.00301845 0.0175631 0.0621171 0.0122088 0.158454 -0.000203986 -0.00132843 -0.0343936 -0.0371066 0.0161466 0.0127206 -0.0150542 0.0124942 -0.0161359 0.0144676 0.00155105 0.0029635 0.00467839 0.00268038 -0.000820078 -0.000492109 -0.020966 -0.00516089 0.0172001 -0.00983508 0.0271091 -0.0144869 0.00486617 -0.0426494 -0.000416363 0.00188088 -0.0143544 -0.00292624 0.0296219 -0.00872151 -0.00438837 -0.00510981 -0.00130077 0.0495645 0.0243369 0.00032576 0.0527277 0.000165605 -0.0107549 -0.00726372 -0.00158738 -0.0148436 0.00788976 -0.0229663 0.00120407 -0.00723342 -0.00114499 -2.98507e-05 -0.000653484 -0.0031588 0.0481645 -0.00290374 -0.00661389 -0.00133548 -0.00806103 -0.0015852 -0.0389085 0.000353105 -0.0158233 -0.0218091 -0.000683503 -0.0255487 -0.00209123 -0.00829693 -0.0067445 0.00275978 -0.0161679 -0.00115961 -0.000633623 0.0001026 -0.0142559 -0.00138195 -0.00452267 -0.0891858 -0.000164171 0.00394023 -0.00150657 -0.000415034 0.0513434 
0.000179636 -0.00015605 -0.00436868 -0.00629748 -0.00444776 0.0189691 0.000480199 1.14411e-05 -0.00346809 -5.20625e-05 -0.0114318 -0.00532488 -0.000974888 0.00568795 -0.00865763 -0.0108421 -0.0085178 -0.0132089 0.00331638 0.00248066 -0.000203986 0.110948 -0.002701 -0.0195685 -0.0092075 0.0180896 0.0119893 -0.00263545 0.0121118 0.00821198 -0.00746719 0.00445075 0.0063463 0.0022096 -0.000572337 -0.000962405 0.00487002 0.0120186 0.00116558 0.00613703 -0.00913438 -0.00755038 -0.000722868 0.00778574 0.00884252 -0.000288453 -0.00070133 0.000122766 -0.000291254 0.0277181 0.00153006 -0.00189687 -0.00390562 -0.000662914 -0.00651437 -0.0161793 0.000104516 -0.000865544 0.000108469 0.00545181 -0.000429179 0.00260477 -0.00465494 0.00611909 -0.0115246 0.00844336 0.00473077 -0.000179982 0.00269523 0.00467456 0.00156378 -0.0159689 -0.00592626 -0.00221262 0.00272789 0.000945856 -0.00037949 -0.0225603 0.000177666 -0.010144 -0.0177411 0.000328711 -0.0206065 -0.000206455 -0.0007059 -0.000410529 -0.0028191 -0.0196139 0.000773553 0.00127746 0.0128012 -0.010214 0.00309589 -0.00190218 -0.000258931 -0.000602604 0.00808255 -0.000498465 0.00165465 -0.0246953 
3.63741e-05 -0.00322159 -0.00461073 0.000628067 0.0195563 0.00143312 -0.0011212 0.00378982 -0.0052982 0.0188182 -0.00585004 0.00202364 0.00643118 0.0225467 0.0203318 0.000349018 -0.000963339 -0.0207441 0.0221232 -0.00895416 -0.00132843 -0.002701 0.101551 -0.0232175 -0.0141796 0.00467216 -0.004893 0.00475882 -0.0137586 -0.00244343 -0.0164749 2.66394e-05 -0.0039014 -0.00271241 0.00157249 -0.00101074 0.00275131 -0.0029038 0.000232632 0.0108659 -0.00767258 -0.0127287 -0.0011393 0.0015202 0.0249958 0.00093547 -0.000856643 0.0172445 -0.00103967 -0.0105189 -0.000439942 -0.00374013 0.0012475 0.00043452 0.00246194 -0.00492845 -0.000457988 -0.0117138 -0.000446359 0.000958337 -0.00118517 -0.00177384 -0.00238191 -0.00258841 0.018953 -0.00235896 -0.00172622 -0.00299837 0.0132015 -0.00104089 -0.000110124 -0.0108947 -0.0048557 -0.00153575 -0.00046831 -0.000972354 -0.000414911 -0.0294688 -0.000567056 -0.00711922 -0.012115 0.00980403 -0.0142509 -5.78403e-05 -0.00752925 -0.00119685 -0.00056277 -0.0176313 0.000557332 0.000629546 -0.00902222 -0.011139 -0.00148712 0.00189017 0.0188787 0.00093287 -0.00273455 0.000436949 -0.000885046 -0.012538 
0.00208069 0.00866247 0.0183628 -0.0098096 -0.0794459 -0.00969918 0.00399122 -0.00681576 0.0139939 -0.029628 0.0171162 -0.0385998 -0.00830028 -0.07186 -0.0202424 0.0583233 -0.00112486 0.0254306 -0.103023 0.00354239 -0.0343936 -0.0195685 -0.0232175 0.226653 0.0531988 -0.0561401 -0.0366968 -0.000781842 -0.0432448 -0.00776459 0.0515652 -0.00501791 -0.00389924 -0.00855307 -0.00845224 0.00126512 -0.0196002 -0.00397914 0.000583615 -0.0390048 0.0302327 0.0139241 -0.00387017 -0.0159561 -0.0246538 0.000102262 -0.00116587 -0.0280731 0.00390405 -0.0450238 0.000785161 -0.00940578 -0.00274452 4.03526e-05 -0.00672375 -0.0108748 -0.000446169 -0.056326 -0.001617 0.0110404 -0.00127878 0.000500381 0.0158838 0.0117018 -0.00331265 -0.00732451 0.00270527 0.00246835 -0.00794258 -0.00262915 -0.00494014 -0.00799693 0.0171657 0.00362137 0.00100762 -0.0104724 0.00116483 0.104439 -0.00117111 0.0370786 0.0512647 -0.00632239 0.0818162 -0.00134813 0.0289758 0.000154665 0.00171002 -0.00310136 -0.000119116 -0.00219029 0.00624669 0.0480397 -0.00207584 0.00186167 0.0129845 -0.00164609 -0.00644886 0.00261442 0.000348965 -0.0124878 
-0.001372 -0.00239871 -0.0016121 -0.0109096 -0.0769211 0.00985359 0.00502112 -0.00182996 0.000894537 -0.0194729 0.00329956 0.00465288 -0.00784482 -0.0353576 -0.016302 -0.0247688 -0.00095728 0.0053922 -0.0705301 0.0124279 -0.0371066 -0.0092075 -0.0141796 0.0531988 0.241096 -0.0303662 -0.0595746 0.0112747 -0.014588 -0.000714752 0.0206977 0.000786072 -0.0114677 -0.00491662 -0.000914768 0.0010515 -0.0198753 0.00861324 0.00532523 -0.047818 0.0150351 -0.0274968 0.00586885 -0.0123466 -0.011044 -0.000697849 0.00263305 -0.00954946 0.00127701 -0.0105774 -0.000804861 -0.000646056 -0.00806854 -0.000442632 -0.038425 0.00906133 -0.00052089 -0.0183539 -0.000884445 0.0309611 0.00983343 0.00328136 0.0227322 -0.00464807 0.00683706 0.000109094 0.000768518 0.00369066 -0.0111067 -0.00197268 -0.00243834 -0.0365635 0.00885557 0.00211762 0.000790145 0.0026478 0.000864034 0.0639885 -0.00062455 0.0240296 0.0156048 0.00856867 0.0689851 -0.00176227 0.00978171 0.00396043 0.00280716 -0.0055425 0.00022715 -0.00131318 0.023877 0.00532764 -0.000564987 0.00342238 0.0312897 -0.00334199 -0.0130352 0.00333495 -0.000782502 -0.0315927 
-0.00286213 0.0074938 -0.0173778 -0.0017557 0.0473502 -0.00939792 -0.000943935 -0.00451638 -0.0174839 0.0347142 -0.0230971 0.00891035 0.00366006 0.0638531 -0.000994469 -0.0552713 0.0176539 -0.00619102 0.0863786 -0.00140738 0.0161466 0.0180896 0.00467216 -0.0561401 -0.0303662 0.209841 0.0258351 -0.000636988 -0.0121774 -0.00600563 -0.054398 -0.00382029 -0.00385283 0.00511116 0.00062285 -0.00352836 0.03486 -0.00218423 -0.00235434 0.0248826 -0.0105348 -0.00640284 -0.00771682 -0.0052427 0.0110521 -0.00110574 -0.00258521 0.0267899 -0.00742316 0.0232979 -0.00147964 0.0112365 0.0092516 -0.0031921 -0.0144567 -0.0270336 -8.44637e-05 0.0405637 -0.00228034 -0.00294666 0.00208066 -0.000254907 -0.0111544 -0.0190673 -0.0105433 0.000101994 -0.00125292 -0.0053816 -0.00236081 -0.000140805 0.00454824 0.00408809 -0.0162459 -0.00911975 -0.00196282 0.00813138 -0.00182757 -0.0572002 -0.000461904 -0.0390622 -0.0505215 0.00643708 -0.0601783 0.000247308 -0.0233447 -0.00658057 -0.00630565 0.00546583 0.000174142 0.000994357 0.0116339 -0.0301855 -0.006976 -0.00359483 -0.0117115 -0.00632943 0.00522772 -0.00273222 -0.0037768 0.0161242 
0.00395683 0.00328891 -0.00835001 0.0104981 0.0243712 0.00139769 -0.000551471 -0.00219497 -0.00136005 -0.00509633 -0.0184182 -0.00561122 -8.9666e-05 0.0308362 0.00785969 0.012425 0.00745931 0.0131135 0.0350318 -0.0243354 0.0127206 0.0119893 -0.004893 -0.0366968 -0.0595746 0.0258351 0.186525 -0.00464379 0.0207348 0.0120009 -0.0277287 -0.00300879 0.00874629 -0.000512569 -0.00230577 0.000550722 0.0468311 0.00378348 -0.00292481 0.0230321 -0.00711277 -0.0361311 0.00359933 0.0143745 0.00630597 -0.00063592 -0.00153835 0.00795479 -0.00233247 -0.0116298 -0.00115861 0.0046762 0.0200249 0.000165794 -0.0110306 0.0115221 -0.000570122 -0.0109704 -0.000282715 -0.0109166 -0.00496743 -0.00252878 -0.000158522 -0.00559342 -0.0123889 0.00515758 -0.000570714 0.00273881 0.000504836 0.000645736 0.00405056 -0.0165013 -0.0118683 -0.00115582 -0.00185546 0.0047118 -0.000662524 -0.0491951 0.000145982 -0.0128563 -0.0361681 -0.00640104 -0.035644 0.00118107 -0.00779681 -0.000745477 -0.00213759 -0.017814 -0.000241409 0.00103779 -0.0112124 -0.0204057 -0.00149006 -0.000624667 -0.0114966 0.000177326 0.020213 -0.00200576 0.000997574 -0.0360819 
-0.000342587 -0.000725842 0.00136641 -0.00237025 -0.00371713 -0.000356513 0.000227227 -0.000640201 -0.000185232 0.00771326 -0.000585571 -0.00176762 -0.000380511 -0.000119796 0.00703927 -0.00483123 -0.00175977 -0.00384644 -0.00237973 -0.00218263 -0.0150542 -0.00263545 0.00475882 -0.000781842 0.0112747 -0.000636988 -0.00464379 0.0333153 -0.0044813 -0.000292247 -0.0046148 0.000158394 -0.000523539 0.00147494 -2.97079e-05 0.000217402 -0.0042693 0.00522607 0.00142479 -0.000449289 -0.00126886 -0.00666071 0.00247249 -0.00197034 0.00681647 2.86294e-05 -0.000246572 0.00661972 0.000185005 -0.00701056 0.000510185 0.0019191 0.00307793 0.000836297 -0.00695577 -0.000969273 -0.000103681 -0.00814053 -3.72414e-05 0.00240566 0.00056865 0.00057839 0.00708458 -0.00146423 0.00253506 -0.000560709 -0.000497164 0.000219406 0.000949281 -0.000397114 -3.52243e-05 -0.00423447 -0.000553513 -0.000207713 0.000277478 -0.000131062 0.000189098 -0.00333532 -0.000111418 -0.00028565 -0.00111804 0.00364601 -0.00255261 -0.000209593 -0.00196579 0.00139405 -0.00111708 0.000177203 -1.58333e-05 0.000527017 -0.00198651 -0.00218868 0.000108742 0.00139696 0.0112316 -0.000511582 -0.00123625 0.00160783 -7.81228e-05 -0.00879864 
-0.00067669 -0.0050719 -0.00701185 0.00807731 0.029976 0.00245055 -0.00150444 0.00410912 -0.00274954 -0.0266028 -0.0247939 0.0145042 0.00305464 0.020116 -0.0262048 -0.0182154 -0.0169332 0.0136985 0.0172924 -0.00396354 0.0124942 0.0121118 -0.0137586 -0.0432448 -0.014588 -0.0121774 0.0207348 -0.0044813 0.167289 0.00762041 -0.00886903 0.00458117 0.00618506 -0.000775899 -0.00417768 -0.0022081 0.00489751 -0.00528238 -0.00360013 0.0180711 -0.0121394 -0.0258044 0.000419064 0.0226747 -0.0302932 -0.000412909 0.00157952 -0.0235117 -0.000748499 0.0378717 -0.00229741 0.00367095 0.000276068 -0.00208698 0.0163435 0.0430097 5.83112e-05 0.034245 0.000833124 -0.00851915 -0.004102 -0.00263821 -0.0143203 -0.0030257 -0.00404502 0.00462102 0.0017728 -0.00325939 -0.00767548 0.00663133 -0.00216316 -0.022479 -0.00925159 -0.00291296 0.00216503 0.00876586 -0.000556843 -0.0476839 -0.000455147 -0.00979998 -0.00515041 -0.00192264 -0.0239564 0.000698671 -0.00906233 -0.00126178 -0.0032766 0.00969471 -0.000386498 -0.000297829 0.00693474 -0.010385 0.00334954 -0.0066162 -0.0364547 -0.000856528 0.00228312 -0.00132766 0.00174289 0.0111231 
0.00242952 -0.000184987 0.00218814 -0.00371817 0.00295243 0.00611555 0.000441659 0.000793369 0.00650707 -0.0113811 -0.00276367 0.00403567 -0.000125036 0.00162577 -0.00610978 -0.014148 -0.00806426 -0.0021228 -0.00458659 -0.00406669 -0.0161359 0.00821198 -0.00244343 -0.00776459 -0.000714752 -0.00600563 0.0120009 -0.000292247 0.00762041 0.0647819 0.00151289 0.00247719 0.00438507 -0.000896941 -0.00215766 -0.000287276 0.00165161 0.0214478 -0.00145607 -0.00349113 -0.000443453 -0.00506755 0.0165331 -0.00034742 -0.00140171 -0.000186989 -0.000601328 -0.00509334 -0.000265696 0.00123041 0.000536867 -0.00279141 -0.000750681 -0.000318528 -0.0160989 -0.00358506 -0.000190071 -0.0173608 -8.32e-05 -0.00243291 0.000181685 -0.000820684 0.00402181 -0.000429574 -0.00578857 0.00428364 0.000449803 0.0031888 -0.00272383 0.00263636 0.000620319 -0.0170351 -0.00224611 0.00504999 0.00258478 0.0141255 0.00029944 -0.0108576 -8.88517e-05 -0.00393502 0.0146998 -0.00126514 -0.00238387 -0.000869152 0.000684448 0.000140434 -0.0021941 -0.0112551 -5.26106e-05 0.000844223 0.00471098 0.00976805 0.00150336 -0.00127211 -0.000677066 -0.00111004 0.00220292 -0.000134807 0.000562729 -0.0209635 
0.00226902 -0.000558089 0.00847109 -0.0264972 -0.0321085 0.00082908 -0.00147429 -0.00714878 -0.00538461 -0.0414408 -0.00465949 -0.00697721 -0.00753449 -0.0533901 -0.00960136 0.0535194 -0.00293774 0.025214 -0.035551 0.0124053 0.0144676 -0.00746719 -0.0164749 0.0515652 0.0206977 -0.054398 -0.0277287 -0.0046148 -0.00886903 0.00151289 0.220097 0.00680974 0.00356175 -0.000563368 -0.00274563 0.000139788 -0.046096 0.00140602 0.00153191 -0.0339523 0.00368901 0.0197483 -0.000763642 -0.00914698 -0.0344783 -0.000360554 -0.000884879 -0.0208196 -0.000892922 0.00491443 -0.000750441 -0.0223873 -0.0142539 -0.00300237 0.0239423 0.0356537 -0.000985327 -0.0457189 -0.00106432 -0.0118489 -0.00459076 -0.00149679 -0.0047354 0.0275774 -0.00128507 0.000647818 -0.00554316 0.000871464 -0.00436113 -0.00258214 -0.00593318 -0.00482014 0.0124602 0.00286391 -0.000849473 -0.00756008 0.000195256 0.0537934 -0.000413234 0.0223056 0.0434688 -0.00555998 0.0398053 0.000567394 0.00889396 0.00190233 -0.00526752 -0.0422238 -0.00069644 -0.000684084 0.00442075 0.0387696 0.00552013 -0.00420615 -0.0332237 0.00369137 -0.0103749 -0.000572228 0.000235915 -0.0279244 
0.000128805 -0.000990371 -0.000112086 -0.00142068 0.00275902 0.00105534 -0.000294639 0.000267434 -0.000812256 -0.00183774 -0.00358868 0.00804463 0.000144332 -0.00361235 -0.00147156 -0.00278702 -0.00505664 -0.00494645 0.000808888 0.00150999 0.00155105 0.00445075 2.66394e-05 -0.00501791 0.000786072 -0.00382029 -0.00300879 0.000158394 0.00458117 0.00247719 0.00680974 0.0218202 0.0044366 0.00177941 -0.00020719 -0.000188953 -0.00279959 0.0027843 0.000286035 -0.00352215 -0.00182999 -0.00159761 6.77154e-05 0.00167794 -0.00351023 -3.77862e-05 -0.000100595 -0.00186258 0.00034807 0.00878362 -0.000191902 -0.00131996 -0.000816142 -6.41226e-06 -0.00123841 0.00425212 2.44701e-05 0.00407205 0.000636146 -0.00168395 -0.000238149 2.0696e-05 -0.00113375 0.00338258 -0.00222703 0.00174369 0.001032 0.000140382 -0.000580406 0.00083925 -0.000187093 -0.00485133 -0.000693096 -0.000161931 0.000926367 -0.000227427 -2.70725e-07 -0.00681599 1.49893e-05 -0.00134239 -0.00200005 -0.000100084 -0.00390248 -7.06335e-07 0.000805651 -0.000169398 -0.000664231 -0.00250061 3.82114e-06 0.000741454 0.000594136 0.000116225 0.00200917 -0.00016613 -0.00484217 -0.000431261 -0.000451454 -0.000179912 0.00102336 -0.00636361 
-0.000320203 -0.000485091 -0.000432659 -0.00206523 0.00393549 0.000839355 -0.000355214 0.00108701 -0.00151553 -0.00698357 -0.00242759 0.00530141 -0.0005155 -0.00272262 -0.00670429 -0.00275146 -0.00389903 -0.00588949 -0.00154513 0.00118098 0.0029635 0.0063463 -0.0039014 -0.00389924 -0.0114677 -0.00385283 0.00874629 -0.000523539 0.00618506 0.00438507 0.00356175 0.0044366 0.0430257 -6.60737e-05 -0.000715539 0.000385204 -0.00261021 0.00155067 -0.000309702 -0.00517806 -0.00239468 -0.00163964 0.00186148 0.00437256 -0.00608212 -0.000146661 4.8e-05 -0.0030783 -0.000129125 0.0102722 0.000189369 0.00189129 0.000878567 5.7141e-05 0.0026168 -0.00377905 0.000230901 4.71027e-05 0.00147928 -0.000900441 -0.000409355 -0.000199592 -0.000364387 0.00136662 -0.00412365 0.00481746 -0.000212616 -0.000910155 -0.00159563 0.00233027 1.98307e-05 -0.00187199 -0.00161895 -0.000701476 0.000676055 0.000951875 -0.000118989 -0.005906 0.000365313 -0.0018666 -0.00166062 -0.000717276 -0.00566029 -0.000127991 0.00164676 -0.000261346 -0.000619128 -0.00266169 -0.000116506 0.000638657 0.00345311 -0.00153659 0.00246955 -0.000655192 -0.00650765 -0.000649927 0.00208585 -0.000201171 0.00162829 -0.00976304 
-0.000930783 -0.00155259 -0.000552566 0.00273266 0.00421035 -0.00193227 -0.00027355 -0.00231192 -0.00132556 -0.000398083 -0.00592204 -0.00413166 -0.000398814 -0.00140397 0.00238276 -0.00641415 -0.00329194 -0.00457863 0.00405737 0.00412519 0.00467839 0.0022096 -0.00271241 -0.00855307 -0.00491662 0.00511116 -0.000512569 0.00147494 -0.000775899 -0.000896941 -0.000563368 0.00177941 -6.60737e-05 0.0436403 0.000262652 -8.52981e-05 0.00146158 0.00822703 0.000295069 0.00856536 -0.0014859 0.00535727 -0.000423389 -0.00257197 0.000818866 -6.53177e-05 -0.000101708 0.0070174 0.00024134 -0.00448305 -0.000419199 -0.000148087 -0.00164704 0.000179034 -0.00318561 -0.00928205 0.0001801 0.000215305 -7.37093e-05 -0.00280688 -0.000492309 0.00130472 0.000126268 0.00393379 -0.002842 0.000173164 0.00303774 0.000486497 0.00114656 -0.000357136 0.000532506 0.00289986 -0.00277931 -0.00065032 0.000383841 -0.00217786 -0.000106423 -0.0135637 0.000135464 -0.00208319 -0.00446199 -0.000132567 -0.00771575 -0.000257378 -0.00253387 0.000586241 -0.00167225 0.00183164 -0.000118967 0.00136308 -8.71334e-05 -0.000288794 0.00023606 0.000339536 -0.00356267 -0.000381802 0.000429071 -0.000250634 -1.04579e-05 -0.000448048 
