0.0568554 0.00276604 -0.00406525 0.00975769 0.000212055 -0.000550741 -0.00232723 -0.00347261 -0.00185672 0.000373674 -0.000194167 0.00131542 -0.000920931 -0.00491514 0.00289039 0.00751868 -0.00425091 -0.000209841 -0.00174519 0.00302417 0.0121043 -0.00240996 -1.36632e-05 -0.00279169 -0.00236849 0.00304332 -0.00562011 -0.00172879 0.000176814 -0.000500518 -0.00479005 -0.00159003 -0.00010275 -0.000458021 -6.72719e-05 -0.00315048 -0.00284337 -0.000794876 -6.83919e-05 -0.00147778 -0.00496995 0.0036532 -0.000107208 -0.00486263 -0.000406901 -0.00322734 -0.00215683 -0.000297319 -0.000543894 -0.00497261 -0.00376156 0.00664492 0.0001576 -0.000954261 0.00793842 0.00178014 0.00577982 0.00475778 0.00135422 -0.000476199 0.000267454 -0.000245739 -0.00149521 -0.00136242 -0.000101081 -9.76362e-05 -0.00359887 0.00304057 -0.000105899 0.000938942 3.09484e-05 -0.000351483 -0.00948348 -0.000430571 -0.00291176 -0.000632749 -0.000313684 0.0128488 -0.0053548 -0.00215197 -0.0145253 -0.00125927 0.00383808 2.44799e-06 -0.00181009 0.00122395 -0.00268233 0.000745493 -0.00261443 0.000280819 0.00997711 -0.0119764 -0.000484007 0.000312256 -0.000285209 -0.00534618 -0.00156804 -0.00744307 -0.00212978 -0.00282786 
0.00276604 0.0364494 0.00328422 1.72769e-05 -0.000801422 -0.000966749 -0.00238938 -0.000478699 0.000276628 0.0001981 -3.07156e-05 0.000356971 -0.000354975 0.00195112 -0.000674714 -0.00487171 -0.00545943 0.000358551 -0.00196262 -0.00231511 0.00544794 -0.00230632 -0.00483783 -0.00430975 0.00454473 -0.00288356 0.00713762 -0.00665118 0.00193742 -0.000501044 -0.00511147 0.000266113 0.000707423 0.00358943 -1.47872e-05 -0.00441639 0.00134296 -0.00162115 -0.00028672 -0.0013323 -0.00178564 0.000772733 -0.000157525 0.00140633 0.00258637 -0.00312509 -0.000306281 0.000342673 0.000103699 0.00786306 -0.000669089 0.00120354 0.000353194 -0.000848926 0.00301474 0.000240437 0.00183765 0.000845478 0.000462724 0.000369074 0.000869656 -0.000752311 -0.0014384 -0.000202801 -0.00054821 -4.01712e-05 0.000404072 -0.0015608 -4.5769e-05 -0.0109137 -0.00256554 0.000216679 0.00159292 -0.000451378 0.00155886 -1.43487e-05 0.000469876 -0.00867929 9.65686e-06 -0.00142006 -0.00789099 -0.000662286 0.00116209 0.000170633 0.00296044 0.000296041 0.00137182 -8.27237e-05 5.718e-05 -0.00138036 -0.00055678 -0.00197591 0.00019967 0.000599824 0.00140886 0.00373024 -0.000212704 -0.00362156 -0.000139724 -0.00248573 
-0.00406525 0.00328422 0.110924 -0.00527142 -0.002643 -0.00222342 0.00278713 0.000206963 0.00245136 6.85943e-05 -0.00194273 0.000302478 -0.00190811 -0.00521783 -0.00630738 -0.00243238 -0.00478095 -0.00209632 0.0213977 0.00600603 -0.00210773 -0.00237059 -0.0240217 -0.0100932 -0.00643451 0.0173587 0.00667738 0.00802792 0.000432514 0.00103074 0.0180208 0.00256665 0.000338533 5.42491e-05 -9.25969e-05 0.0227163 0.0023995 -0.00750226 -0.000668931 -0.00500243 -0.010646 -0.00295662 -0.00100527 -0.00442877 0.00753655 -0.000785814 -0.00291804 -0.000238698 -0.000907065 0.0270077 -0.00601031 -0.00123508 -0.000327158 -0.000244244 -0.00615615 -0.000926513 -0.00437286 -0.00337685 -0.00560315 -0.00395668 0.00557951 -0.00402405 -0.00563235 -0.00227887 -0.00373924 -0.000437343 -0.00315775 0.00861218 -0.000275733 -0.0195331 -0.00919112 -0.000465266 -0.0105767 0.00219894 -0.0127526 -0.00117074 -0.000505735 -0.0293799 -0.000768879 0.00338439 0.00939726 -0.00527281 -0.00991384 0.0031708 0.00877115 -0.00188432 -0.00184911 0.00167428 0.00600219 -0.0118633 -0.00244367 -0.0183415 -0.000996144 -0.000539734 -0.00185955 0.0163332 0.00273733 -0.0142542 7.26802e-05 -0.00314419 
0.00975769 1.72769e-05 -0.00527142 0.0797573 -0.0118555 0.00161111 0.0280813 -0.00249369 -0.00284048 -0.000565505 5.20878e-05 0.0010063 0.00230764 -6.80389e-05 0.013775 0.0170503 -0.00826796 -0.000613859 0.0109616 -0.0260436 0.0219985 -0.0192495 -0.0164376 0.00298106 -0.00616055 0.00947734 -0.00587096 -0.0259879 -4.00502e-05 0.00042337 0.0222026 -0.00122602 5.8866e-05 0.00136527 0.000146877 -0.0134472 -0.00272838 -0.00502081 0.00309445 -0.00039831 0.00865203 0.000242029 -0.000104399 0.00381372 -0.00277769 -0.00899058 -0.00154126 0.00105473 0.000772523 -0.00628581 0.00266886 0.00194682 -4.47176e-05 0.00623864 0.00943951 0.00147476 0.000417782 0.00744497 -0.0022569 0.0112071 -0.000796385 -0.00012661 -0.00429402 -0.00176471 0.00618711 -3.3311e-05 0.00780986 0.00521374 -0.000106252 -0.0292956 -0.00692828 -0.000676272 -0.0196415 0.00404662 -0.0130104 -0.00013285 -0.000976571 -0.00480173 -0.00238509 -0.00376194 -0.0223564 0.00150994 -0.00996371 -0.000484657 -0.00158156 -0.000848757 0.00067243 0.000581141 0.00257782 0.0185326 0.00218334 -6.14372e-05 5.53384e-05 -0.00102293 0.00210636 -0.0106476 -0.00462403 -0.0060565 -0.00568439 -0.0043235 
0.000212055 -0.000801422 -0.002643 -0.0118555 0.208996 -0.00291467 -0.0418024 -0.0158814 -0.00992564 -0.00185278 0.00394504 -0.00266281 -0.00542381 -0.0303684 -0.0101335 0.0537907 -0.0261772 -0.00549667 -0.0734377 -0.0264213 0.0328821 -0.0465116 0.0417488 -0.0404501 -0.0239703 -0.0274459 -0.0366505 0.0529504 -0.00418451 -0.00131251 -0.0293202 -0.000723679 -0.00076436 -0.00523549 -0.000412905 -0.055952 -0.00567067 0.0212209 -0.00236607 -0.00544613 0.0104446 0.00841694 -0.00238052 -0.0107219 -0.00851859 0.00711986 -0.00670924 -0.001542 -0.000430521 -0.0170591 0.0276602 -0.00401803 -0.000433924 -0.0108105 -0.00720943 -0.000849392 0.00142021 0.0440118 -0.00155008 -0.00693316 -0.00101227 -0.00750239 -0.00646502 -0.00601585 -0.0106892 2.01965e-05 -0.0166434 0.000187948 -8.38415e-05 0.0729513 -0.0174965 -0.0023397 -0.0200211 -0.00832486 0.0754229 -0.000526886 -0.00240555 0.0636216 -0.0191761 -0.00407786 -0.0444275 -0.00208536 -0.00721098 -0.00685702 -0.00332491 0.0224548 0.0425311 -0.00305233 -0.0183874 -0.0292037 0.0657034 0.0499275 -0.00191015 -0.00313535 -0.00562632 -0.0239916 -0.0163448 0.011284 -0.00323954 0.00603407 
-0.000550741 -0.000966749 -0.00222342 0.00161111 -0.00291467 0.0314481 0.000273353 0.000442915 -0.000649499 -0.000421056 0.00236103 -0.000187194 0.00451435 -0.00326165 -0.0013049 0.00379891 -0.00372644 -2.28098e-05 0.00297337 -0.0122066 0.00798517 -0.00677248 -0.00755651 -0.000512212 -0.00323112 0.00739683 -0.00162336 -0.00772878 -7.16648e-05 -0.000248098 0.0051415 -0.00111713 0.00036822 -0.000524345 3.57359e-05 -0.00791833 -0.00157993 0.000905368 0.000305664 -0.00118636 0.010302 0.00151189 7.28343e-05 -0.0019125 -0.00080601 -0.00364464 -0.00102653 0.000664717 -0.000305841 -0.00219224 -0.00257466 -0.000953344 -3.96365e-05 -0.000799245 -0.000702633 3.17101e-05 -0.000714179 0.00111119 -0.00118867 0.00232866 -0.00020881 -0.00101324 -0.00121623 0.000385053 -0.00184813 2.15424e-06 0.00330023 0.000396756 -3.65235e-05 -0.00131259 -0.00167124 -0.000215947 -0.000914079 0.00092677 0.00456094 9.55222e-06 -9.58049e-05 -0.00573519 0.000778978 -0.000522415 0.00162372 0.00144926 -0.00325013 -7.5245e-05 -0.000774128 -0.000189132 0.0103076 -2.67711e-05 -0.000910081 0.00240234 0.00374479 -0.00220272 -0.000267258 -0.00033325 0.000471936 -0.00311282 -0.000775349 -0.000765847 -0.000578273 -0.0025274 
-0.00232723 -0.00238938 0.00278713 0.0280813 -0.0418024 0.000273353 0.175681 0.0313332 0.00250309 -0.00272781 -0.00479104 -0.00114066 0.00364427 0.0508377 0.00363155 -0.0188158 -0.000923587 -0.000126377 0.0460142 -0.0193544 -0.0299598 0.000585099 -0.0720381 0.00680673 0.035163 0.0352888 0.0333994 -0.0714738 0.000235146 0.00133199 0.0760208 0.00727776 0.000437142 0.00513409 0.000196196 0.0143952 -0.00889382 -0.0243787 0.00450047 -0.00860234 -0.00853588 -0.00538034 -0.000114649 0.0377018 -0.000120611 0.0135709 0.0126622 0.00230334 0.000555369 -0.0113248 0.00193021 0.00499532 0.000869966 0.0143715 0.018797 -0.00011569 -0.00575129 -0.017261 0.0044313 0.0111567 -0.00113016 0.0122099 -0.0102541 -0.00082195 0.012341 0.000118307 -0.0164926 0.0074967 0.000634362 -0.087181 0.0197498 -6.29182e-06 -0.0527098 0.0101459 -0.0415607 0.005182 0.00149503 -0.0445561 0.011788 -0.00388445 0.000823584 -0.00246762 -0.0167957 -0.00075857 0.00844992 -0.0145717 -0.043317 0.00463729 0.0207051 -0.00368782 -0.0634106 -0.0224577 0.000483166 0.000456632 -0.000794648 0.02314 -0.00685026 -0.0200344 -0.014526 -0.00214262 
-0.00347261 -0.000478699 0.000206963 -0.00249369 -0.0158814 0.000442915 0.0313332 0.0748553 0.00524261 0.000527204 -0.00129045 -0.000186775 -0.000310722 0.0346421 -0.00435022 -0.0229668 0.0084009 0.000523316 -0.000638292 0.00789527 -0.0334866 -0.00675203 -0.0108817 0.00213013 0.0122383 -0.007868 0.00907677 -0.0173244 -0.000323511 0.000373529 0.00453335 0.00980792 0.00106584 0.000873127 0.000220882 -0.000783676 -0.00379804 -0.00601022 -0.000159727 -0.00204081 -0.00541411 -0.00525769 0.000328777 0.0207379 0.00440717 0.0122613 0.00892569 7.87597e-05 0.00143092 0.00285817 -0.00568345 0.00484943 0.000320076 0.000295187 0.00359881 -0.000410426 -0.00294639 -0.0113356 -0.00264485 0.00227352 7.09362e-05 0.0116409 -0.00752681 0.00282698 0.00149281 0.000199579 -0.0116963 -0.00160856 0.000774721 -0.0354948 0.0292727 3.84246e-06 -0.000763623 -0.000297889 -0.0114775 0.00444597 0.00155503 -0.011021 0.00812108 0.00160301 0.00188061 -0.00141297 0.00328291 0.000131688 0.0137659 -0.00538684 -0.0199677 -0.0010131 0.00255113 -0.0055519 -0.0455598 -0.00860882 -0.000204907 0.000572308 0.00113424 0.00600349 -0.00267118 -0.00424993 -0.00250436 -0.00587604 
-0.00185672 0.000276628 0.00245136 -0.00284048 -0.00992564 -0.000649499 0.00250309 0.00524261 0.0483781 -0.00080534 -0.00112132 9.50306e-06 0.000325749 0.00815567 -0.0023738 -0.0232997 -0.000161982 0.000514936 0.00465356 -0.000816421 -0.0206047 0.0139815 -0.00672173 -0.00205013 0.00884832 0.00299051 0.00977733 -0.00902693 -0.000102703 0.00223609 -0.00215308 -0.000152511 -0.000171551 0.00149016 -4.70979e-05 0.00696566 -0.00110423 -0.0054546 8.18229e-05 -0.00153911 -0.00258507 -0.00138718 -0.000240486 0.00182983 0.000341371 0.0106041 -0.000388588 -0.000390401 -0.00021003 2.169e-05 0.00263051 -7.96429e-05 0.000830203 -0.000233661 -0.00281448 -0.000110734 -0.00176264 -0.00882147 0.000835237 -0.000463609 0.000574083 -0.00114354 -0.00363827 0.00169945 -0.00225237 -0.000233765 -0.00958297 -0.000294383 -9.7589e-05 -0.0200883 0.00688574 0.00225871 -0.00487973 -0.000493802 -0.00645609 0.000179562 0.00429077 -0.0165455 0.00708883 -0.00102221 0.0168828 0.000513493 0.0035895 0.00215986 0.0032805 -0.00367862 -0.00205723 0.000130913 0.0019861 0.00525016 -0.0168687 -0.0067808 0.000905653 -0.000479148 -6.79241e-05 0.0273663 -0.00151338 -0.00526526 -0.00159249 -0.00351873 
0.000373674 0.0001981 6.85943e-05 -0.000565505 -0.00185278 -0.000421056 -0.00272781 0.000527204 -0.00080534 0.0242499 0.000194072 0.00028709 -0.000317385 0.000334308 0.00277276 0.000268472 -0.00140469 0.000658719 -8.14996e-05 0.00373104 -0.00317352 -0.000741605 -0.00269148 -0.00300135 0.00248828 -0.00193054 -0.00119641 0.0047634 0.000315923 -0.000408472 -0.000991403 -0.000503219 0.00026753 -0.000203437 -1.52273e-05 0.000256623 -0.000959215 -0.00178779 -0.000177887 0.00107526 -0.00268244 0.000125651 0.000470139 -0.00121697 0.00261626 -0.000695677 -4.19917e-05 2.2907e-05 -9.48817e-05 0.000479291 -0.000643972 0.000528526 3.7153e-05 0.000624506 0.00326598 -5.80041e-07 -0.000326003 0.00178516 -0.0011972 9.39858e-06 -0.000124389 6.3793e-05 -0.000581979 0.000804405 -0.00128691 -8.29167e-05 -0.00204684 -0.000283234 5.57614e-05 0.00178562 -0.000715264 6.49851e-05 -0.0033937 0.000964591 -0.0008368 -3.4639e-05 -9.18762e-05 0.00110802 -1.92403e-05 6.09715e-05 -0.00310508 -0.000385822 0.00335129 9.35604e-05 -0.000437064 -0.000578564 1.9124e-05 -0.000202946 -0.000608841 -0.00318116 -0.0013863 -0.00382509 -0.000245349 0.000448259 -0.000378172 -0.00296057 -0.000461177 -0.00106569 0.00026277 -0.000702128 
-0.000194167 -3.07156e-05 -0.00194273 5.20878e-05 0.00394504 0.00236103 -0.00479104 -0.00129045 -0.00112132 0.000194072 0.0305023 0.000413448 0.000329841 -0.00125457 0.00268444 0.000500239 0.00193846 -9.0925e-05 -0.0050333 -0.0032751 -0.00100635 -0.00970408 0.00133953 -0.0106867 -0.00285146 0.000244935 -0.000519812 0.00213216 -0.00029356 0.000311061 -0.00127799 -0.00076446 2.37394e-05 -0.000327325 6.08548e-05 -0.00359572 -0.000392076 1.19483e-05 2.63741e-05 -0.000869022 6.07286e-05 0.00254839 0.000866335 -0.000371348 0.0010816 -0.00314996 -0.000344267 -0.000211998 -0.000192778 -0.000293132 0.000137871 8.26674e-05 -9.75092e-05 -0.000586613 -0.00146663 0.000632731 0.00239683 -0.000747267 -0.000595231 0.00119733 -0.000203576 -0.000689349 -0.000167929 0.00131148 -0.000715654 9.9981e-05 -0.00051655 -0.000492775 0.0002556 0.00277922 0.000649286 -2.35584e-05 -0.00250883 -0.000831466 0.00453431 0.000247074 -0.000181781 -0.000261964 -0.00185403 0.00201371 -0.00126191 0.000516231 -0.00273126 0.000233197 -0.000575365 0.00113568 0.00450544 0.000266844 -0.0013954 0.00195176 -0.000294308 -0.00188306 -0.000348 0.000263379 2.68857e-05 -0.00194427 0.000469862 -0.0036083 0.00265705 0.00186588 
0.00131542 0.000356971 0.000302478 0.0010063 -0.00266281 -0.000187194 -0.00114066 -0.000186775 9.50306e-06 0.00028709 0.000413448 0.0120644 -2.00789e-05 -0.00092013 0.00218572 -0.00111363 0.000101261 0.000130155 -0.00046218 0.00127169 0.000712802 0.00117006 -0.000938584 0.000419361 -0.000490017 0.000687178 -0.00104206 -0.00124538 -5.57946e-05 0.000374185 -0.000942384 -2.02816e-05 0.00011583 0.000505737 3.43209e-05 -9.30361e-05 1.50445e-05 -0.00121014 1.23253e-05 0.000443974 -0.00107686 -0.000468736 0.000277071 -0.000723303 0.000516182 0.000303241 -0.000164118 7.01736e-05 2.44488e-05 -0.000789583 0.000123605 0.000893358 4.36571e-05 -9.04474e-05 0.000107373 0.000150273 0.00080652 -0.00132324 0.000586109 3.12558e-05 -7.43079e-05 -0.000313055 -0.000516419 0.000522898 0.00113889 2.84742e-05 -0.000395336 0.00111691 3.31681e-05 0.000614551 -0.000662471 6.64824e-05 -0.000210658 0.000764478 -0.00212732 -8.92079e-05 -6.33704e-05 -0.00210249 -0.000690656 0.000282324 -0.00129142 -0.000289806 -0.000563314 0.000345251 -2.35083e-05 0.000284122 -0.00284304 0.000219453 6.18193e-05 0.000357438 -0.00191759 -0.00132673 -0.00010365 0.000360024 -0.000102779 -0.000683387 -0.000421361 0.000163704 2.86261e-05 -7.78182e-05 
-0.000920931 -0.000354975 -0.00190811 0.00230764 -0.00542381 0.00451435 0.00364427 -0.000310722 0.000325749 -0.000317385 0.000329841 -2.00789e-05 0.0277191 0.0002149 0.00203364 0.00294261 -0.00175603 -0.000143279 0.0103434 -0.0121952 0.00466836 -0.00459752 -0.0137128 -0.000275684 0.00215811 0.0106126 0.00116148 -0.00910349 -3.93373e-05 -0.000573365 0.0066786 0.000260557 0.000154332 -0.000406392 1.30313e-05 -0.00441188 -0.00110926 -0.00176931 -4.07439e-07 -0.000407722 0.000598441 0.0012387 -0.000155068 0.000303687 0.000572904 -0.00326107 0.000900336 0.000445359 4.21784e-05 -0.00363221 0.00219294 -0.000774167 2.77791e-05 0.00356672 8.42593e-05 -1.60387e-05 -0.000808064 -0.000854176 0.000375845 0.0006829 -0.000214046 0.000234763 -0.000700111 -0.000105969 -6.54418e-05 -0.000146598 -0.000497087 0.000152644 -6.08859e-05 -0.00324111 -0.0019961 0.000144722 -0.0066307 -0.000401006 -0.000862884 0.000151048 0.000439259 -0.010897 0.00167445 -0.000766807 0.000289023 0.000988396 -0.00337798 -0.000132579 -0.000131062 -0.00207203 0.00655121 2.83738e-06 -0.00022513 0.00434519 0.00155931 -0.00145703 0.000640661 0.000129836 0.000156428 0.000302201 -0.00127349 -0.00209665 -0.000921221 -0.00134527 
-0.00491514 0.00195112 -0.00521783 -6.80389e-05 -0.0303684 -0.00326165 0.0508377 0.0346421 0.00815567 0.000334308 -0.00125457 -0.00092013 0.0002149 0.107825 -0.00537708 -0.0440046 0.00494507 0.00609647 0.0127707 0.0122709 -0.0546308 -0.00321995 -0.0263376 0.00207198 0.0359763 -0.00358558 0.0371941 -0.028534 0.00047513 -0.000883633 0.0192803 0.0133877 0.000395192 0.00671118 0.000101261 0.00988275 -0.00138696 -0.0142791 0.000954721 -0.00485445 -0.0136483 -0.00554317 0.000232571 0.0296932 0.0068749 -0.00071265 0.0166558 0.000191665 0.00312931 -0.000895251 0.00224349 0.00614433 0.000992546 0.013683 0.014921 -0.000545706 -0.00458602 -0.0227438 -0.00250118 0.00973425 0.000813355 0.017664 -0.00748997 0.00231629 0.0142939 0.000831804 -0.0174516 -0.00445074 0.000744358 -0.0506064 0.0371062 -0.000438871 -0.0158801 -0.000231644 -0.0218608 0.00552302 0.00179367 -0.0164127 0.0182404 -0.00177449 -0.0135889 0.000227087 0.00476967 -0.000271011 0.0067798 -0.00818433 -0.044823 -0.000918003 0.0138704 -0.00657061 -0.0736987 -0.0241962 0.00133364 -0.000403137 0.00365104 0.0204378 -0.00410114 -0.012655 -0.00552518 -0.00555947 
0.00289039 -0.000674714 -0.00630738 0.013775 -0.0101335 -0.0013049 0.00363155 -0.00435022 -0.0023738 0.00277276 0.00268444 0.00218572 0.00203364 -0.00537708 0.0967614 0.00171739 0.0180649 0.00110179 0.00915561 -0.011696 -0.00125084 -0.000586088 0.000299526 -0.0139279 -0.00387646 0.00815661 -0.0148951 -0.0122517 0.000342658 0.00365246 -0.000970711 -0.000555867 0.000229719 -0.00138922 0.000132726 0.0155037 -0.00316806 -0.00617003 0.00128342 0.00373509 -0.0125433 -0.00294779 0.000811788 0.000941239 -0.00337709 -0.00829673 -0.00298548 0.000293521 0.00077944 -0.00528383 -0.00240233 0.000914083 -0.000336132 0.00195389 -0.00130549 0.00264752 0.00162372 -0.0110253 -0.00283212 0.000651294 -0.000976254 0.000754904 0.000655003 0.00191017 0.00666761 0.000114911 0.00584277 0.000472958 -6.50358e-05 -0.0138348 0.00337816 0.00053746 -0.00618919 0.00272744 -0.0127893 -0.000521638 -0.00118731 0.00622269 -0.00833935 0.00738052 -0.00494967 -0.00223853 -0.000573525 -0.000878865 0.000449889 0.000931305 -0.00742692 0.00122124 -0.0035946 0.0123231 -0.00309903 -0.0112363 -0.00131249 0.00222578 0.00309188 -0.0154321 0.00381579 -0.0115431 -0.00203794 0.00137025 
0.00751868 -0.00487171 -0.00243238 0.0170503 0.0537907 0.00379891 -0.0188158 -0.0229668 -0.0232997 0.000268472 0.000500239 -0.00111363 0.00294261 -0.0440046 0.00171739 0.238798 -0.0205709 -0.00741528 -0.0557016 -0.0471596 0.106958 -0.0399544 -0.0119678 -0.00405342 -0.0380364 0.00802299 -0.073412 0.000638302 -0.00719182 -0.00289121 -0.0231589 -0.0101726 -0.000172592 -0.00951411 -0.000336007 -0.0875308 -0.0074132 0.0158833 -0.00108768 0.00277739 0.0119554 0.00570919 0.000288925 -0.0250533 -0.00999541 -0.0079229 -0.0207139 0.000240107 -0.000992718 -0.0244904 0.00429024 -0.00124531 -0.00108933 -0.00595979 -0.00579942 0.00048758 0.0121552 0.0536567 0.0121507 -0.00631524 -0.00462562 -0.0102893 -0.000832775 -0.00667983 0.000647325 -0.0019681 0.052301 0.0111485 -0.00110195 0.0622614 -0.0412851 -0.00505424 -0.0222733 -0.000864493 0.0157668 -0.00398121 -0.00529392 0.0506245 -0.0039946 -0.01609 -0.0471515 -0.00721156 -0.0222614 -0.005112 -0.0149305 0.0236447 0.0330169 0.000584829 -0.0170806 0.00595852 0.11228 0.0447693 -0.00308282 -0.00357075 -0.00537649 -0.0239709 -0.00813944 -0.0165421 -0.0115768 0.0105611 
-0.00425091 -0.00545943 -0.00478095 -0.00826796 -0.0261772 -0.00372644 -0.000923587 0.0084009 -0.000161982 -0.00140469 0.00193846 0.000101261 -0.00175603 0.00494507 0.0180649 -0.0205709 0.138713 0.000236046 -0.0027749 0.02215 -0.0294286 0.028366 -0.000174923 -0.0138478 -0.00287241 -0.00679514 -0.00851598 0.0150545 -0.000510994 0.00830565 -0.00414344 9.46824e-06 -0.000341966 -0.00233555 0.000159262 0.0368622 -0.00375232 -0.016773 -0.000741173 0.00728818 -0.0134382 -0.00561261 0.000603983 0.00399972 -0.00497568 0.0134667 -0.00215057 -0.000620627 -0.000151039 -0.0147014 -0.00389842 0.00240739 -0.000338837 -0.00224953 -0.00497791 0.000387408 -0.00497378 -0.0283157 -0.0048347 0.000474747 -0.00134173 0.00970235 -0.000337425 0.00334672 0.00531005 0.000835192 -0.0188975 -0.00393635 -0.000207501 -0.0209956 0.00464906 0.000575077 0.0301547 -0.000190206 -0.0209031 -0.00087795 0.000815123 0.00453437 -0.0144857 0.0145815 0.0294945 -0.00425359 0.000239263 0.00116271 -0.00510275 -0.0111517 -0.0214955 7.99338e-05 -0.000365631 -0.00766615 -0.0223803 -0.0246615 -0.00213687 0.00116473 -0.00262675 -0.013744 0.0227074 -0.00839028 0.0108723 0.0157155 
-0.000209841 0.000358551 -0.00209632 -0.000613859 -0.00549667 -2.28098e-05 -0.000126377 0.000523316 0.000514936 0.000658719 -9.0925e-05 0.000130155 -0.000143279 0.00609647 0.00110179 -0.00741528 0.000236046 0.0225413 -0.00553359 -0.00055908 -0.00922762 -0.00215519 0.000858793 -0.00184546 0.000691095 -0.00133513 -0.00042028 0.000118925 0.000513187 0.00016576 -0.00370547 0.00373707 0.000116742 0.000335143 -1.51085e-05 0.00182649 -0.000108924 0.000346056 0.000166093 -0.00041288 -0.00170746 -0.0008928 0.000654988 0.00233863 0.000368192 -0.00284178 0.000675423 0.000146878 0.00188493 0.0018199 -0.000602504 0.00135112 4.88643e-05 0.000576597 -0.000592728 -1.6661e-05 -7.15428e-06 -0.00254042 -0.00093033 0.00148672 0.000189186 0.0047364 -0.000273139 -0.00013215 0.00326344 0.000416351 0.000553728 -0.00055894 0.000338127 -0.00727542 0.0102855 0.000230855 0.00551724 0.00056555 -0.00312555 0.00120921 0.000317833 0.00336758 0.000822014 0.00159377 -0.00763003 -0.000519321 0.00469764 -0.000308876 -2.6585e-05 -0.00134924 -0.00780698 -0.000218442 -0.000842923 0.00339023 -0.0104029 -0.00426407 -2.23721e-05 0.000246079 0.00277274 0.000456536 -0.0009588 -0.00128611 0.00285596 -0.00154705 
-0.00174519 -0.00196262 0.0213977 0.0109616 -0.0734377 0.00297337 0.0460142 -0.000638292 0.00465356 -8.14996e-05 -0.0050333 -0.00046218 0.0103434 0.0127707 0.00915561 -0.0557016 -0.0027749 -0.00553359 0.24568 -0.0292186 -0.00101729 0.00443118 -0.0658506 0.0220608 0.0219153 0.0514061 0.0533936 -0.0608875 0.00320942 -0.00565275 0.0917251 -0.00689257 0.00048093 0.00581361 6.78709e-05 0.0548438 -0.0105218 -0.0154291 0.00272237 -0.00126828 -0.00382654 0.00744135 -0.00141431 0.00293441 0.0053732 -0.0094516 0.0157844 0.00251541 -0.00370285 0.000803712 -0.0172894 -0.00688642 -0.000605158 0.00223579 0.0108543 -0.0017796 -0.0119305 -0.033071 -0.00666555 0.0136011 0.00075367 -0.00776188 0.000989901 -0.00401023 0.00420175 0.00151584 -0.00849729 0.00602495 0.000249382 -0.0670805 -0.00901965 0.000513886 -0.0588312 0.00294516 -0.0353365 -0.000434687 0.00195636 -0.0854151 -0.00106894 0.00701778 0.0256852 0.00415572 -0.0324773 0.00180224 0.0090799 -0.0205473 0.04451 0.00274903 0.0187656 0.0267487 -0.0400448 -0.0517472 0.00351228 0.00139149 0.00151947 0.0303471 -0.011397 -0.0271393 -0.0147353 -0.0177231 
0.00302417 -0.00231511 0.00600603 -0.0260436 -0.0264213 -0.0122066 -0.0193544 0.00789527 -0.000816421 0.00373104 -0.0032751 0.00127169 -0.0121952 0.0122709 -0.011696 -0.0471596 0.02215 -0.00055908 -0.0292186 0.221029 -0.0741369 0.0495601 0.0320991 0.026776 0.0146312 -0.0458366 0.00923343 0.0605043 0.000582507 -0.00250445 -0.0208969 0.00162324 -0.00212384 0.00268355 -0.000440266 0.0577535 0.00660373 -0.0206069 -0.00423324 0.000671964 -0.0525048 -0.0161601 0.000969403 -0.00073934 0.00606794 0.0149923 -0.00471223 -0.00339804 -0.00338265 0.0347198 -0.0253046 0.00517664 -0.00168428 -0.00113485 0.000516806 -0.0024301 0.00361328 -0.0461622 -0.0115192 -0.0187515 0.000666674 0.00474692 0.0147984 0.00523087 -0.02302 -0.000934259 -0.0282679 -0.00388407 -0.000636216 0.0339068 0.0151099 -0.000702669 0.0385397 -0.000211508 -0.0292893 -0.00459105 -0.000920622 0.0246271 0.0154972 0.0049134 0.0331357 -0.00743362 0.0272525 -0.00200153 -0.00205167 -0.00815176 -0.0841931 -0.00238697 0.00898403 -0.0460075 -0.0482232 -0.0388868 -0.0017634 0.0018653 -0.000697164 -0.00277421 0.0159946 0.0112301 0.00588921 0.0184071 
0.0121043 0.00544794 -0.00210773 0.0219985 0.0328821 0.00798517 -0.0299598 -0.0334866 -0.0206047 -0.00317352 -0.00100635 0.000712802 0.00466836 -0.0546308 -0.00125084 0.106958 -0.0294286 -0.00922762 -0.00101729 -0.0741369 0.245193 -0.0336925 0.0160305 0.00638259 -0.0446336 0.0210136 -0.0500466 -0.0212236 -0.00459529 -0.00466422 -0.00883991 -0.0118246 0.000671958 -0.00666232 -0.000106969 -0.0729037 -0.00996155 0.0231974 0.000809587 -0.000259924 0.0338977 0.00907474 -0.00390902 -0.0302076 -0.011122 -0.0497597 -0.0151887 0.000870756 -0.00149005 -0.032633 -0.00317147 -0.00823676 -0.000543205 -0.00899103 -0.00865292 0.00169763 0.00920516 0.0610349 0.0155573 -0.00148625 -0.00492602 -0.0181028 -0.000925603 -0.010011 0.00290547 -0.00135757 0.0452663 0.00963142 -0.0011065 0.0517245 -0.0460868 -0.00381419 -0.0181435 -0.00563251 0.0341635 -0.00470208 -0.00533886 0.000359497 -0.0236382 -0.00851103 -0.046958 -0.00235909 -0.0358592 -0.00178214 -0.0149585 0.0239741 0.0774114 0.000683289 -0.0184175 0.0159502 0.125599 0.0398816 -0.00439034 -0.00467456 -0.00674965 -0.0391561 -0.00871281 -0.00306381 -0.00154352 -0.0191847 
-0.00240996 -0.00230632 -0.00237059 -0.0192495 -0.0465116 -0.00677248 0.000585099 -0.00675203 0.0139815 -0.000741605 -0.00970408 0.00117006 -0.00459752 -0.00321995 -0.000586088 -0.0399544 0.028366 -0.00215519 0.00443118 0.0495601 -0.0336925 0.247679 0.0156458 0.0197493 0.0244334 -0.0227637 0.00652989 0.0388721 0.00029397 0.001739 -0.0136334 -0.0166492 -0.000460778 0.000945032 -0.000623674 0.0657891 0.00401967 -0.0361869 -0.00224046 0.00504315 0.00751831 -0.0177666 0.000817345 -0.0227986 0.00222494 0.0447614 -0.00726373 -0.0038503 -0.00487798 0.0235022 0.000122873 -0.00459053 0.000497342 0.00420717 -0.00170563 -0.00131201 -0.0116961 -0.0627671 -0.00461155 -0.0056178 -0.000224297 -0.0102537 0.0128997 0.00807328 -0.0171604 -0.000644521 -0.038164 0.00603371 -0.000627806 -0.0287236 -0.0180656 0.00201419 0.00762121 0.00581855 -0.0563803 -0.002617 0.00291888 -0.0437679 -0.000493388 0.00612097 0.069466 -0.00916164 0.0126866 0.000415745 -0.00253866 -0.0121074 -0.0526504 -0.00156639 0.00771064 -0.026057 -0.0266414 -0.0485076 -0.00239431 0.00363668 -0.00840662 0.0249678 0.027066 0.00434773 -0.00882665 0.0241377 
-1.36632e-05 -0.00483783 -0.0240217 -0.0164376 0.0417488 -0.00755651 -0.0720381 -0.0108817 -0.00672173 -0.00269148 0.00133953 -0.000938584 -0.0137128 -0.0263376 0.000299526 -0.0119678 -0.000174923 0.000858793 -0.0658506 0.0320991 0.0160305 0.0156458 0.218968 0.0166759 -0.0383881 -0.0695754 -0.0297942 0.0863415 -0.00642247 -0.00108813 -0.0796383 -0.000446466 -0.000880651 -0.0053872 -0.000365571 -0.0168389 0.00621506 0.0160622 -0.00357215 0.00593311 -0.00346343 -0.00213149 -0.00210051 -0.00698274 -0.0178327 -0.0203186 -0.00243631 -0.00398915 0.000887781 -0.000722796 0.00646418 -0.00291333 -0.000885576 -0.0121709 -0.0139317 -0.00130125 -0.00457133 0.00218911 -0.00322536 -0.0115257 -0.0048428 -0.00550177 0.00662194 -0.00234459 -0.0167377 0.000297518 0.0149081 -0.00502015 -0.000528942 0.0593135 0.0148789 -0.00219935 0.0450708 -0.00557256 0.0383626 -0.00122029 -0.00468146 0.0454295 -0.0217906 0.00662786 -0.0196232 0.00206525 0.0244473 -0.00609958 -0.00824788 0.0216872 0.000144243 -0.00580521 -0.0274381 -0.0119381 0.016997 0.0347943 -0.00651078 -0.00475179 -0.000247838 -0.0407336 0.00678685 0.0142061 0.0107858 -0.00226449 
-0.00279169 -0.00430975 -0.0100932 0.00298106 -0.0404501 -0.000512212 0.00680673 0.00213013 -0.00205013 -0.00300135 -0.0106867 0.000419361 -0.000275684 0.00207198 -0.0139279 -0.00405342 -0.0138478 -0.00184546 0.0220608 0.026776 0.00638259 0.0197493 0.0166759 0.164825 -0.00698634 -0.00883873 -0.00423243 -0.00621895 -0.00555595 -0.0108713 7.99393e-05 7.00844e-05 1.75583e-05 -0.000377545 -0.000650429 0.0042906 -0.00128868 -0.00800285 -0.000372451 0.00455269 5.33077e-05 0.00374614 -0.00287023 0.000576871 -0.014726 -0.0128761 0.00422026 -0.000808566 -0.00309855 0.00768897 -0.0336392 -0.00402082 -0.00124474 -0.00305371 -0.0101373 -0.00446991 -0.00878998 0.00502125 0.00363512 -0.00656697 -0.00687656 -0.000923035 0.00525995 -0.00535524 -0.0165327 -0.00131308 0.0149377 -0.00782399 -0.000358945 0.00507707 0.0068281 -0.00403142 0.0203969 0.00452924 -0.024687 -0.00415406 -0.0032802 -0.000496197 0.00807509 -0.0082759 0.00227161 0.00334944 -0.00138255 -0.00327276 -0.00617307 -0.0125016 -0.00116599 -0.00224078 -0.000809904 0.008882 0.000205265 -0.0241953 -0.00329761 -0.00183948 0.00273057 0.0100661 -0.00353055 0.0130295 -0.00284199 0.00443296 
-0.00236849 0.00454473 -0.00643451 -0.00616055 -0.0239703 -0.00323112 0.035163 0.0122383 0.00884832 0.00248828 -0.00285146 -0.000490017 0.00215811 0.0359763 -0.00387646 -0.0380364 -0.00287241 0.000691095 0.0219153 0.0146312 -0.0446336 0.0244334 -0.0383881 -0.00698634 0.115578 0.00750337 0.0478285 -0.0284747 0.00359537 -0.00237185 0.0267563 -0.00220574 -0.000500141 0.00498209 -0.000162745 0.0228957 -0.00174151 -0.0160985 -4.09173e-05 -0.0057534 -0.0167728 -0.00316459 0.00134813 0.00868663 0.0126911 0.009714 0.00345426 -0.000631018 -0.000884186 0.000197508 -0.00197422 0.00524863 0.001595 0.00602978 0.0152781 -0.000161835 -0.00123674 -0.0205714 0.00193419 0.00288121 0.0021592 0.00706276 0.000319828 0.00609936 0.00700464 -0.000506584 -0.0260984 -0.0050338 0.000123997 -0.0435137 0.00540432 0.00352271 -0.0257373 -0.0010464 -0.0210804 0.000822332 0.00541397 -0.0160714 0.0129085 0.000432299 -0.00303716 -0.000242772 0.00534201 0.00168556 0.00293178 -0.00730008 -0.0258809 -5.09721e-05 0.0238677 -0.00978064 -0.0557158 -0.0258557 0.00566513 0.00327083 0.000331389 0.0191677 -0.00206203 -0.00903718 -0.00784763 -0.0058764 
0.00304332 -0.00288356 0.0173587 0.00947734 -0.0274459 0.00739683 0.0352888 -0.007868 0.00299051 -0.00193054 0.000244935 0.000687178 0.0106126 -0.00358558 0.00815661 0.00802299 -0.00679514 -0.00133513 0.0514061 -0.0458366 0.0210136 -0.0227637 -0.0695754 -0.00883873 0.00750337 0.125768 0.00494818 -0.0577278 0.00170729 -0.00134359 0.0444799 -0.00386201 2.06685e-06 -0.00055652 -1.09203e-06 0.0158936 -0.00305836 -0.00558121 0.00321661 -0.00532433 0.00685261 -0.00217863 0.000285313 0.000363014 -0.00100442 -0.0148444 -0.000512329 0.00320206 -0.000576854 -0.00548864 -0.00157869 0.000577356 0.000630134 0.000725233 0.000290293 0.000238608 -0.000262343 0.00480974 0.00479066 0.00212291 0.00184816 -0.00207553 -0.0039955 -0.00112045 0.0106901 -0.0004563 0.00974966 0.00808161 -0.000300928 -0.0330124 -0.0130251 -0.000400909 -0.0273612 0.000363297 -0.0195457 -2.87253e-05 -0.000607625 -0.0463297 -0.00369817 -0.00313715 0.010132 0.00140046 -0.0141911 0.00170021 -0.00297577 -0.00604912 0.0189582 0.00649093 0.00217042 0.0155651 0.0184435 -0.0143121 0.00284925 0.00026052 -0.00180857 0.0177595 -0.00660512 -0.0100345 -0.00691445 -0.00982362 
-0.00562011 0.00713762 0.00667738 -0.00587096 -0.0366505 -0.00162336 0.0333994 0.00907677 0.00977733 -0.00119641 -0.000519812 -0.00104206 0.00116148 0.0371941 -0.0148951 -0.073412 -0.00851598 -0.00042028 0.0533936 0.00923343 -0.0500466 0.00652989 -0.0297942 -0.00423243 0.0478285 0.00494818 0.142292 -0.0321894 0.00741092 0.000628896 0.0317192 0.00489372 -0.000437536 0.00918006 0.000400113 0.0269146 0.0113261 -0.0139576 0.00102873 -0.00645527 -0.0177748 -0.00125956 0.000565809 0.016777 0.0143002 -0.00648137 0.0154388 -0.000388159 -0.00017497 0.0147182 0.00433099 0.000965727 0.000655323 0.00937791 0.0102101 -0.000719367 -0.00560769 -0.0257929 -0.00311562 0.0109321 0.0058256 0.00345743 0.00244647 0.00511102 0.0130056 0.000391166 -0.0324261 -0.0048334 0.000490914 -0.0560657 0.00976131 0.00543039 -0.0254745 -0.00271704 -0.0229858 0.00328231 0.00444271 -0.0465154 0.0164876 -0.000426813 0.00275686 0.00301899 -0.0105894 0.00438845 0.0102768 -0.00658936 -0.0253519 0.000410424 0.0262099 -0.000451181 -0.0748646 -0.0282041 0.00770193 0.00289736 0.00283422 0.0306515 -0.00519029 -0.018904 -0.00864928 -0.00327011 
-0.00172879 -0.00665118 0.00802792 -0.0259879 0.0529504 -0.00772878 -0.0714738 -0.0173244 -0.00902693 0.0047634 0.00213216 -0.00124538 -0.00910349 -0.028534 -0.0122517 0.000638302 0.0150545 0.000118925 -0.0608875 0.0605043 -0.0212236 0.0388721 0.0863415 -0.00621895 -0.0284747 -0.0577278 -0.0321894 0.238891 -0.00321414 -0.00383121 -0.0717121 0.00106919 -0.00101621 -0.0065275 -0.00102452 0.00765382 0.0130521 0.00236963 -0.00436975 0.000524371 -0.0105019 -0.000165719 -4.38684e-05 -0.0325396 0.00582523 -9.60034e-05 -0.0162249 -0.00382869 -0.000755103 0.0407643 -0.00553006 -0.00374058 -0.00191385 -0.00439499 -0.0164822 -0.0037746 -0.0117073 0.00125261 -0.0138635 -0.0199783 0.00123911 -0.00801209 0.0207623 0.000119415 -0.0310677 4.94776e-05 -0.012933 -0.00726849 -0.000534967 0.0740703 -0.0191679 -0.00324708 0.0499666 -0.00678092 0.0353466 -0.00543253 -0.00479268 0.0318439 -0.00452765 -0.00241073 -0.0194388 -0.00805573 0.0249478 -0.00263772 -0.00614363 0.00415653 -0.00791822 -0.00386062 -0.0159833 -0.0537188 0.0121887 0.00484715 -0.00551727 -0.000946057 -0.00544871 -0.0320367 0.0119096 0.0185975 0.0134323 0.0186129 
0.000176814 0.00193742 0.000432514 -4.00502e-05 -0.00418451 -7.16648e-05 0.000235146 -0.000323511 -0.000102703 0.000315923 -0.00029356 -5.57946e-05 -3.93373e-05 0.00047513 0.000342658 -0.00719182 -0.000510994 0.000513187 0.00320942 0.000582507 -0.00459529 0.00029397 -0.00642247 -0.00555595 0.00359537 0.00170729 0.00741092 -0.00321414 0.017084 0.000390559 -0.000350472 -0.00045758 1.79784e-05 0.00281411 3.07447e-05 0.00515239 0.00140985 -0.00183506 -1.2978e-07 -0.000843704 -0.00114945 -0.000445361 0.000571917 0.000289633 0.00599779 -0.000396859 -0.000389151 1.32692e-05 -5.61595e-05 0.0045235 -0.00133942 0.00102946 0.000123803 0.000297068 0.00207871 0.000822681 0.000476825 -0.00327221 -0.000637035 -0.000112818 0.00283305 0.000250765 0.0041094 0.0018942 -0.000162278 7.00136e-05 -0.00280818 -1.3758e-05 4.05395e-05 -0.00570522 -0.00146313 0.000618348 -0.00259219 -9.58756e-05 -0.00277618 -0.000134262 0.000642595 -0.00575605 0.00309968 -0.000308862 0.00225436 -0.000285355 4.99473e-05 -4.91164e-05 0.000939897 -0.000666356 -0.0054484 0.000199614 -0.00019958 -0.000278139 -0.00723019 -0.00328519 0.00322845 0.000631447 0.000808557 -0.000485158 0.000272066 -0.00132897 -0.000850295 -0.000485556 
-0.000500518 -0.000501044 0.00103074 0.00042337 -0.00131251 -0.000248098 0.00133199 0.000373529 0.00223609 -0.000408472 0.000311061 0.000374185 -0.000573365 -0.000883633 0.00365246 -0.00289121 0.00830565 0.00016576 -0.00565275 -0.00250445 -0.00466422 0.001739 -0.00108813 -0.0108713 -0.00237185 -0.00134359 0.000628896 -0.00383121 0.000390559 0.031088 -0.000140078 -0.000275288 8.75406e-05 4.51752e-05 0.000233428 0.00540185 -0.0015734 -0.00264712 -5.4613e-05 2.08811e-05 -0.00370975 -0.00139753 7.95247e-05 0.00196262 -0.000438811 0.00651455 0.00018873 -0.000283335 -0.000195656 -0.00323267 0.0089068 0.000757138 2.05294e-06 8.20554e-05 -0.000794794 0.000572162 3.08929e-05 -0.00306815 -0.000743163 0.000213283 5.69833e-05 -1.26441e-05 -0.00201646 0.000472258 -0.00121704 0.000149874 -0.00366807 0.00151262 3.59245e-05 -0.00336106 -0.00160493 0.0018367 -0.00227748 0.000310288 -0.00432057 -0.000182098 0.000796098 -0.00508861 -0.00232506 0.00296619 0.00598536 -0.000110317 0.00416781 0.000436342 -0.000461654 -0.00134703 -0.00868882 -3.18228e-05 -0.00120928 0.000556456 -0.00535201 0.00540909 0.000227597 -0.000168593 -0.000657506 -0.00302559 0.0063748 -0.0037572 0.000499683 0.000140497 
-0.00479005 -0.00511147 0.0180208 0.0222026 -0.0293202 0.0051415 0.0760208 0.00453335 -0.00215308 -0.000991403 -0.00127799 -0.000942384 0.0066786 0.0192803 -0.000970711 -0.0231589 -0.00414344 -0.00370547 0.0917251 -0.0208969 -0.00883991 -0.0136334 -0.0796383 7.99393e-05 0.0267563 0.0444799 0.0317192 -0.0717121 -0.000350472 -0.000140078 0.206389 -0.00198818 -0.000562626 0.0043391 0.000434902 0.040656 -0.00980116 -0.0269354 0.00265601 -0.0109989 -0.0116766 0.00155809 -0.00141282 0.00978732 -0.00898942 -0.0115983 0.0120903 0.00172906 -0.00201928 -0.00884008 0.00334632 -0.00565039 0.000106164 0.00720952 0.0110797 0.00139686 -0.0057944 -0.000333209 -0.00621092 0.0166297 -0.00144381 0.00179969 -0.00551149 -0.0039105 0.00966786 0.000689159 -0.020582 0.0111792 2.2015e-05 -0.0492447 -0.00581283 0.000963234 -0.0586283 0.0104847 -0.0302854 0.00107806 0.000958103 -0.0364542 0.00850961 0.0100559 0.0104235 0.00530214 -0.0304271 -0.0021355 0.00335007 -0.0150447 0.00133279 0.00389261 0.0181146 -0.0128047 -0.0375713 -0.0311859 0.0016305 0.00191942 -0.000672029 0.0216335 -0.00541756 -0.0307248 -0.0134073 -0.0132009 
-0.00159003 0.000266113 0.00256665 -0.00122602 -0.000723679 -0.00111713 0.00727776 0.00980792 -0.000152511 -0.000503219 -0.00076446 -2.02816e-05 0.000260557 0.0133877 -0.000555867 -0.0101726 9.46824e-06 0.00373707 -0.00689257 0.00162324 -0.0118246 -0.0166492 -0.000446466 7.00844e-05 -0.00220574 -0.00386201 0.00489372 0.00106919 -0.00045758 -0.000275288 -0.00198818 0.043518 0.000219338 0.000228427 0.000225108 -0.00729505 0.000901018 0.00137723 -2.3989e-05 -0.00202339 -0.00461944 -0.00114554 -0.000115487 0.0106311 -0.000864603 -0.00599771 0.00239866 0.000442234 0.0046187 -0.000116302 0.00413532 0.00277905 -7.16986e-05 0.00197044 -0.000797505 -0.00032221 -0.00177009 0.00170691 -0.00216501 -0.000304668 -8.84391e-05 0.0110205 -0.00441433 -0.000986039 0.0030666 -1.22478e-05 -0.00114641 -0.00111175 0.000440939 -0.00568952 0.0139955 -0.000124204 0.00644447 0.000233193 -0.00391015 0.00117657 -0.000304406 0.00122982 -0.00142261 -0.0017437 -0.0184171 0.000750506 0.00398555 -0.000134264 0.00520069 -0.00212331 -0.0107132 -0.000503398 -0.00117615 -0.00260687 -0.0157618 -0.00129925 -0.000581432 -0.000526469 0.00249084 -0.00169746 -0.00202334 -1.15157e-05 -0.000424285 -0.00214254 
-0.00010275 0.000707423 0.000338533 5.8866e-05 -0.00076436 0.00036822 0.000437142 0.00106584 -0.000171551 0.00026753 2.37394e-05 0.00011583 0.000154332 0.000395192 0.000229719 -0.000172592 -0.000341966 0.000116742 0.00048093 -0.00212384 0.000671958 -0.000460778 -0.000880651 1.75583e-05 -0.000500141 2.06685e-06 -0.000437536 -0.00101621 1.79784e-05 8.75406e-05 -0.000562626 0.000219338 0.00545214 4.98124e-05 5.90153e-05 -0.00173877 -0.000174718 -0.000343026 0.000126614 0.000319727 0.000365139 -0.000147488 8.27241e-05 0.00057096 0.000643341 -0.000124439 -5.13569e-05 9.57751e-05 2.54566e-05 -0.000207786 -0.000535928 -7.33204e-05 3.46074e-05 -4.13537e-05 -2.91248e-05 -1.59482e-06 -0.00016604 0.000387137 -0.00022931 -7.17614e-05 -6.09431e-06 0.000176905 -0.000400014 2.56523e-05 -0.000185675 3.56429e-05 0.000223776 2.42399e-05 0.000104422 -0.00198945 0.000199129 -4.62213e-06 5.14423e-05 0.000665883 -0.000543574 0.000202819 3.59723e-05 -0.00150292 -0.00031191 0.000128071 -0.0013168 0.000184935 -0.000176421 0.000212785 0.000721917 -0.000146755 0.000644593 -4.86644e-05 -6.31534e-05 0.000214942 -0.00062497 0.000241921 2.75327e-05 -2.35589e-05 0.000240508 -0.000137559 -3.84643e-05 0.000781715 0.000225404 -0.000367514 
-0.000458021 0.00358943 5.42491e-05 0.00136527 -0.00523549 -0.000524345 0.00513409 0.000873127 0.00149016 -0.000203437 -0.000327325 0.000505737 -0.000406392 0.00671118 -0.00138922 -0.00951411 -0.00233555 0.000335143 0.00581361 0.00268355 -0.00666232 0.000945032 -0.0053872 -0.000377545 0.00498209 -0.00055652 0.00918006 -0.0065275 0.00281411 4.51752e-05 0.0043391 0.000228427 4.98124e-05 0.0180588 8.10776e-05 0.00667649 0.00053236 -0.00238693 0.000194578 -0.000832903 -0.0021808 -0.000403342 3.90638e-06 0.000889875 0.00246777 0.000139109 0.000926772 0.000100922 -9.24299e-05 0.00320303 -3.57027e-05 0.000826616 0.000319074 0.00160315 0.000466683 7.36445e-05 -0.000332663 -0.00352362 -0.000377894 0.00125908 0.000905049 -0.000307882 0.000245404 8.6191e-05 7.73295e-05 -2.89803e-05 -0.00315937 0.00107444 1.47876e-05 -0.00723753 -0.000854753 0.000513594 -0.00469593 0.00239702 -0.00338728 7.50947e-06 0.000559554 -0.00798094 0.0018322 -0.00085008 -0.000536245 -0.000661122 -0.000710753 0.000701209 0.00254607 -0.00119941 -0.00646461 -3.47157e-05 0.00164325 -0.00165965 -0.0113199 -0.00346489 0.00210661 0.000240631 0.000522826 0.00418877 -0.00108684 -0.00112606 -0.00104661 -0.000739938 
