0.13699 0.00453752 0.0463307 0.000135389 -0.00984374 0.00198437 0.0475759 0.0453827 -0.0139319 -0.0126869 0.0001547 0.00257716 0.00218715 -0.0076078 0.000795751 0.0490054 0.00659683 -0.0530138 0.0120496 0.031387 0.0163864 -0.0060215 0.00543672 -0.0656706 -0.0516687 -0.000428587 -0.000935755 0.0277369 -0.0151828 -0.02371 0.000329547 -0.0383269 -0.00230458 -0.0254202 -0.00975652 -0.00523223 -0.0363306 -0.00488121 -0.0540051 -0.0105001 -0.00522685 -0.00154016 -0.000380657 -0.0568572 0.0362841 -0.00032771 -6.96357e-05 0.000208991 0.0255706 -0.000244723 0.0551961 -0.00836058 -0.000192545 0.00158745 0.000321937 0.00463872 0.00122951 -0.00993742 -0.00228119 -0.0116298 -0.00461767 0.000744288 -0.00136928 0.00559934 -0.00070756 0.00101735 -0.00163552 -0.00814932 0.000129815 0.00461471 0.00453895 -0.0396228 0.00614393 -0.00333342 0.00508136 0.0190054 -0.00353186 -0.00986799 0.0230621 0.0027378 -0.00033515 0.000496418 2.43006e-05 0.000607555 0.00473621 -0.000675821 0.0238481 0.0111097 -0.000280562 -0.000146615 -0.0130157 -0.000624029 -0.00840112 -0.00478311 -0.000600694 -0.00368464 -0.00102123 -0.00580887 -0.00106804 -0.0183257 
0.00453752 0.110864 0.0138624 -0.00515645 -0.00740917 -0.000848173 0.00384636 0.0241209 0.00824823 0.000907501 0.00128597 -0.002792 -0.00150528 -0.0143093 0.00907701 0.0373509 0.0115068 -0.00465728 0.0290172 0.0361251 0.00021691 -0.00611978 0.00222126 -0.0317406 0.000537196 -0.000106386 -0.000788926 0.0148539 0.00648971 -0.0105053 -0.000992378 -0.052181 -0.000557923 -0.0239794 -0.0114261 -0.00394832 0.00255229 -0.00289246 -0.0381497 0.0352766 -0.00638593 -0.000227212 -5.37171e-05 -0.0294745 -0.008868 0.00210578 -5.64006e-05 -0.000210808 -0.000171021 -0.00038522 -0.00812477 -0.00573442 -0.000167724 -0.000175759 5.80094e-06 0.000294171 -0.00011881 -0.00381038 -0.000236303 -0.00644548 0.000974096 0.000167671 -0.000853957 -0.000916816 0.000726987 0.00113659 0.00624372 -0.000933885 -9.46661e-05 0.00158575 0.000173966 -0.0285758 -0.00076008 0.0010707 -0.00526645 -0.0180049 -0.00241388 -0.00654636 0.00527978 -0.000557566 0.000671618 0.0051699 4.84733e-05 -0.000227382 -0.00464016 -0.000896105 -0.00244431 0.000351875 2.52691e-05 6.16382e-05 -0.0109643 0.000364358 -0.00087936 -0.00315533 0.00618306 -0.00413603 0.000612326 0.00477629 0.000480458 -0.00842888 
0.0463307 0.0138624 0.249804 -0.00137533 -0.0294934 0.001645 0.0161661 0.0381111 0.00865053 0.0045761 -0.000675996 0.0166521 -0.00143097 -0.0103592 0.0254173 0.0241563 -0.0152683 -0.0267156 -0.014639 0.0305338 -0.00527132 0.0169631 0.00136377 -0.0291773 -0.0628771 -0.000837623 -0.00307481 0.0371659 0.0257649 -0.022618 -0.00220657 -0.022544 -0.000827273 -0.0224993 -0.036665 -0.0129227 -0.0867505 -0.0109387 -0.045092 -0.00478276 -0.00507153 -0.00417697 -0.000883398 -0.0507302 0.0295211 0.00104826 -0.000659994 -0.000767536 0.0260695 -0.0011055 0.0664749 -0.0219633 -0.000821896 -0.0016177 0.000365466 -0.000492249 0.00113939 -0.0135048 0.0187304 -0.00435325 0.000945596 0.000366744 -0.00254381 0.00950721 -0.000997449 0.00106199 -0.00218441 0.00765423 0.000253302 0.00100573 -0.000581185 -0.0531881 0.00261364 -0.00894137 -0.00712984 0.012675 -0.0174841 -0.0149674 -0.00477777 0.000394298 -0.000215137 -0.00922019 -5.60407e-05 -0.000685147 0.00628155 -0.00260943 0.00393619 0.00358331 -0.000241588 -0.000307443 -0.0388644 -0.00118648 0.0262796 -0.0109184 0.00364992 0.00854187 -0.00367909 0.0145173 -0.000407888 -0.047402 
0.000135389 -0.00515645 -0.00137533 0.0713883 0.00663215 -0.000228074 -0.00509019 -0.0156572 0.0121507 -0.00673569 -0.000203927 0.00916072 -0.000574779 -0.0118249 -0.0183171 -0.0136833 0.000616069 0.0123632 -0.0147932 -0.0187361 -0.00778244 -0.0131276 0.00349412 0.0120641 0.000123552 0.0010014 0.000560793 -0.0196411 -0.0110203 0.0136571 0.0010373 0.00981497 0.00126937 -0.00651342 0.00468671 -0.000681537 -0.0197258 -0.00174444 0.00427675 -0.00602499 -0.00891526 -0.00100323 5.00104e-05 0.00678363 0.00244284 -0.0001635 0.000673668 0.000230133 -0.00295826 0.000355942 -0.00686414 -0.00386727 -0.000376107 -0.000267217 -0.000269256 0.000216755 0.000380009 -0.00291224 0.0128401 -0.00209632 0.00514459 -0.000134839 0.00107383 0.00068201 -0.000162686 0.00130129 -0.00104027 -0.00331871 -5.29695e-05 0.000127985 0.00121088 0.0191409 0.000184831 0.00012976 -0.000170347 0.0104951 -0.00451212 -0.00268562 -0.00558035 -0.000165594 0.00171906 -0.00181418 8.12173e-06 -0.0020836 -0.0029041 0.00375826 0.000284287 -0.000830079 -0.000133909 5.4664e-05 0.00457648 -0.000341991 -0.00922777 -0.00120101 0.00637442 -0.000701039 -0.000426915 0.0130369 -0.000302293 0.00841207 
-0.00984374 -0.00740917 -0.0294934 0.00663215 0.118751 0.00048242 0.00237596 -0.04126 0.00358351 -0.007994 -0.00041675 0.00157751 -0.000487572 -0.00904515 -0.0355211 -0.0087529 -0.00623563 -0.00659551 -0.00593787 -0.033424 0.0119608 -0.0175015 3.54901e-05 0.0197921 0.00666098 -0.000316351 0.000834092 -0.005329 -0.00618342 0.0396694 -6.58178e-05 -0.00116185 0.000812073 -0.0106526 -0.00619098 -0.000208354 -0.00530247 -0.00142357 0.00869529 -0.01091 0.00403717 -0.000766489 0.000404468 0.00671059 0.0097021 -2.429e-05 -0.000133573 -3.71659e-05 0.000415996 -3.04505e-05 0.000167135 -0.0111066 -0.00105322 -0.000617999 0.000232652 -0.000251591 0.000395786 -0.0028532 0.0138266 -0.00609192 0.00170413 -0.000288135 -0.00052543 -0.00232699 -0.000872063 9.00446e-05 -0.00172405 -0.00678354 -8.15845e-05 -0.000813873 0.000324149 0.0132587 -0.00126903 -0.00240067 -0.00517302 0.0163147 -0.0036139 -0.00905985 -0.000680899 -0.00063831 0.00175637 -0.00375864 4.23948e-05 -0.000224577 0.00737401 0.000976416 0.000623904 -0.00145908 -0.00017243 -0.000127098 0.00492018 -0.000784143 -0.00051535 -0.000784232 -0.00239593 -0.00398785 -0.000789088 0.0396084 -0.000252867 -0.00261634 
0.00198437 -0.000848173 0.001645 -0.000228074 0.00048242 0.00887014 0.000555728 -0.000431508 3.04149e-05 -0.000137663 -1.65824e-05 -7.43745e-05 0.000208209 -0.000452751 -0.000160922 0.000459265 -0.000384477 -0.00189324 -0.00115343 -0.000610154 -0.000501241 -0.000211276 3.31919e-05 -0.000601162 -0.00270728 3.26934e-06 -8.71464e-05 0.00054379 -0.00115517 -0.000209128 0.000146854 -0.00131419 -9.38927e-05 0.00103022 -0.000993941 -0.000286337 -0.0022276 -9.68212e-05 -0.000262928 -0.000719255 -0.000492773 -0.000117943 -3.15992e-06 -0.000360841 0.000819983 -7.44901e-05 0.000155948 -4.53153e-06 -0.000211287 4.62966e-05 0.00184099 -0.000613087 1.78832e-05 -3.91371e-05 -3.67124e-05 9.59496e-05 3.30391e-06 -0.00036818 0.000136141 -0.000423424 -0.000183215 6.8989e-06 -4.79439e-05 0.000239883 3.25725e-05 0.000198164 -0.000114534 0.00110272 -4.26875e-06 0.000175791 1.40806e-05 -0.000443878 0.000266019 -0.000145349 0.000461322 0.000651864 -0.000248434 -0.000239569 -0.000736183 6.60173e-05 -4.84897e-08 4.17687e-05 -2.85148e-07 0.000158866 -5.39344e-05 -7.0512e-05 -7.12314e-05 0.000260803 -6.88958e-06 -6.106e-06 -0.000566685 -2.04494e-05 0.000521286 -0.000153212 0.000166862 -5.27708e-05 -6.58676e-05 0.000868025 -5.59911e-05 -0.000450671 
0.0475759 0.00384636 0.0161661 -0.00509019 0.00237596 0.000555728 0.133982 0.0207681 0.00293606 -0.0140057 -7.61263e-05 -0.00171311 -0.000118903 -0.0208931 -0.0413767 0.046494 0.0116635 -0.038171 -0.0197449 0.0150302 0.0143862 -0.0036462 0.00033058 -0.0456817 -0.0513273 -0.000234637 5.08753e-05 0.00258751 -0.0077194 -0.0131143 0.00302021 -0.0359575 -0.000774761 -0.0274457 -0.0219258 -0.00162307 -0.0383237 -0.00485427 -0.030109 -0.00506802 0.0205344 -0.000696872 -0.000366571 -0.0398814 0.0477099 -0.000855981 0.000340434 -0.00034405 0.0367609 -5.52466e-05 0.0376565 -0.0112974 -0.000712037 0.0022143 0.000907527 0.0031213 0.000882558 -0.0104313 0.00125654 -0.00982192 -0.00391794 0.000531309 -0.000821286 -0.00276069 9.47686e-05 0.00245127 -0.0011242 -0.00658716 0.000411719 -0.00175579 0.00154619 -0.0239047 0.000941918 -0.000950159 -0.00170583 0.0225256 -0.00358773 -0.0117937 0.0298849 0.00146487 0.00059667 0.00437038 6.08876e-05 0.00262485 0.00570981 -0.000219877 0.0287314 0.00828984 -0.0002703 -4.17327e-05 -0.00137786 -0.000898124 0.00101547 -0.00443932 0.00285313 -0.00421107 -9.85435e-05 0.00303049 -0.000894766 -0.0154701 
0.0453827 0.0241209 0.0381111 -0.0156572 -0.04126 -0.000431508 0.0207681 0.244793 -0.00977688 0.0129179 -0.000334467 -0.0071922 0.000373237 9.1525e-06 0.0380419 0.0802152 0.0153132 0.00924139 0.102089 0.114027 -0.00207406 -0.0462196 0.00408714 -0.108363 0.00669797 -0.00111078 -0.000506165 0.0540253 0.0130918 -0.0710428 -0.00379115 -0.0344451 -0.0008253 -0.0407714 -0.0158596 -0.00127447 0.00280243 -0.0131704 -0.111651 0.0272492 -0.00683215 0.00490824 -0.000542183 -0.11666 -0.000261162 -0.00218087 -0.00120767 -0.000143095 -0.00754025 -0.00116215 -0.000837028 -0.00310178 -0.000742315 -0.000409546 -0.000536025 0.00253331 -0.000142292 -0.0221314 -0.016738 -0.0276582 0.0018506 1.01741e-05 -0.00174828 -0.00968245 -0.00108118 -0.000579905 0.00704333 0.00524034 -0.000219621 -0.00194669 0.00384855 -0.0401243 0.00499686 0.00565789 -0.0109033 0.0128923 -0.0151356 -0.0172535 0.0112147 0.00181401 -0.00197209 0.00177686 -4.47573e-06 0.00918603 -0.00196545 -0.00390165 0.000871072 0.00360936 -0.000119469 -0.000147176 -0.0274919 -0.00105801 0.0118969 -0.00504914 0.00504657 -0.0119936 -0.000703212 -0.0399398 0.000203298 -0.0203539 
-0.0139319 0.00824823 0.00865053 0.0121507 0.00358351 3.04149e-05 0.00293606 -0.00977688 0.127878 0.0114939 -0.000639453 0.00774417 -0.00207796 -0.026046 -0.0436816 0.00597137 -0.00755109 0.050504 0.00134291 -0.00248081 -0.0293702 -0.0297811 -0.00110029 -0.00579752 0.0122967 0.000347935 0.00273237 -0.0354908 -0.0138438 0.0236345 0.000863016 0.026322 0.0046233 -0.0325606 -0.0155473 -0.0014682 -0.0200178 -0.000623862 -0.0182886 0.0143947 0.00331774 -0.00132724 0.000166614 -0.00190702 -0.00516024 0.00140344 -0.000598401 -0.00040091 -0.00376436 -0.000196165 -0.0248052 -0.010317 -0.000914777 0.00016451 -0.00054249 -0.000634196 -0.000182031 -0.0090416 0.0200325 -0.00985838 0.0142217 -0.00039647 0.000564091 -0.00362123 0.00110127 0.00194891 -0.000633088 0.00480698 0.000163153 -0.00269397 -0.00116918 0.0179937 -0.00209935 -0.000987937 -0.00704018 0.00814607 -0.00281549 -0.00753105 -0.00809917 -0.000657936 0.00180929 -0.00383994 5.44489e-05 -0.00168565 -0.00330791 0.0018391 -0.0040784 -0.00263929 -0.000279569 -0.00012014 0.00172173 -0.000183673 -0.00140583 -0.00324033 0.0216933 -0.00505165 -0.000857172 0.0282044 -0.000280748 -0.0106598 
-0.0126869 0.000907501 0.0045761 -0.00673569 -0.007994 -0.000137663 -0.0140057 0.0129179 0.0114939 0.094145 -1.64164e-05 -0.00344568 -0.00140634 0.00238039 0.015784 0.00213838 -0.00412029 0.0276538 0.0278352 0.015088 -0.0165846 -0.0186892 -0.000518503 -0.0205497 0.00810149 -8.3618e-05 0.000306391 0.00251181 0.0109989 -0.00747415 -0.000583083 -0.00421732 0.0040858 -0.0179316 0.0142674 0.0013969 -0.0119442 0.00123917 -0.0208249 0.00938004 -0.0109416 0.00150459 -7.91705e-05 -0.0241635 -0.00836485 -0.000672386 -0.000292298 -0.000268572 -0.00614686 -0.000310647 -0.00157099 0.000590663 -0.000546596 -0.000395636 1.34397e-05 -0.000890336 -0.00016698 0.00351849 -0.00396843 -0.00511944 -0.000728062 -0.000323939 0.000194727 -0.00252707 0.00130911 0.000429964 0.00161511 0.00758701 -7.77318e-05 0.000795026 0.00094966 -0.005008 -0.000568876 -0.00145867 -0.00145421 -0.0073911 -0.00589624 -0.00587403 -0.00863501 -0.000466107 -3.98465e-05 -0.00251204 3.0185e-05 4.71461e-05 -0.00150498 6.08556e-05 -0.00356972 -0.00210863 -6.65132e-06 -9.11444e-05 -0.00484787 -0.00017417 0.0161944 -0.000148393 0.00583786 -0.00312767 0.000520217 -0.00757767 0.0016308 -0.0100716 
0.0001547 0.00128597 -0.000675996 -0.000203927 -0.00041675 -1.65824e-05 -7.61263e-05 -0.000334467 -0.000639453 -1.64164e-05 0.00549694 -0.000161724 1.03874e-05 5.62606e-05 0.00133299 -0.000633318 0.00042903 -0.000956656 0.000213881 0.000169694 0.000305093 0.000614062 9.81291e-05 -0.000216455 -0.000695095 2.96196e-06 -9.35683e-06 7.08026e-06 -0.000458717 -0.000481839 -1.37423e-05 -0.00209535 -6.2524e-05 -8.93299e-05 0.000239043 -7.4522e-05 -0.000328152 -0.000116006 -0.000266473 0.000339113 -0.000682317 -4.16294e-05 9.33314e-05 -0.000434429 0.000337126 -1.19151e-06 -1.26642e-05 2.97413e-05 0.000129611 1.03795e-05 0.000908149 -0.000118709 2.33145e-05 -4.86789e-06 -8.22271e-06 -1.26992e-05 8.3875e-06 0.000823154 -0.00021363 8.08501e-05 -6.37069e-05 3.04797e-05 4.61296e-05 2.57897e-05 -1.43606e-06 -2.16334e-05 0.000292149 -0.000206198 4.54703e-06 0.000119789 -7.49097e-05 -0.000364797 -5.68744e-06 3.40976e-06 7.31566e-05 -0.00118559 -0.000288377 -0.000304819 0.000175705 1.02822e-06 -1.68513e-05 -4.60733e-05 -8.85553e-07 -0.000202138 0.000370951 8.40522e-06 9.27697e-05 0.000170672 6.40995e-06 1.07302e-05 -0.000395131 -8.6972e-06 -0.000183213 1.99269e-05 6.7701e-06 -0.00019118 1.90263e-05 -0.000562574 -2.42514e-06 1.84395e-05 
0.00257716 -0.002792 0.0166521 0.00916072 0.00157751 -7.43745e-05 -0.00171311 -0.0071922 0.00774417 -0.00344568 -0.000161724 0.0521895 0.000444476 -0.0167486 -0.0127176 -0.011114 -0.00179464 2.59497e-05 -0.0147382 -0.0177592 -0.0107662 0.000491288 1.94284e-05 0.00510296 -0.0152748 0.000300033 -0.000665817 -0.00751861 -0.0025456 0.00328266 -0.000534665 0.00642278 0.00209277 -0.00632276 -0.00733693 -0.00198445 -0.0137518 -0.00183227 -0.000298565 -0.00443881 -0.00108281 8.58305e-05 -3.64246e-05 -0.00574885 0.0119919 0.000816675 0.000670959 0.000492624 0.000136862 9.19452e-05 -0.00102539 -0.0004473 0.000733366 3.85539e-06 -0.000181214 0.000126506 0.000814448 -0.000311682 0.0125271 0.00213061 0.00968113 -3.70278e-05 -0.000109375 0.007871 -0.000528398 0.00127476 -0.000579621 0.00144495 7.16878e-05 -0.000452052 0.000826907 -0.00100754 0.00102926 0.000140463 -0.00207236 -0.00365881 -0.000618365 0.00251879 0.000894729 0.00053963 0.00137564 -0.00153208 -3.08568e-06 -0.00167841 0.000744229 0.0002926 0.000485561 0.000756796 0.000171929 9.25268e-06 -0.00346866 -0.00029494 0.00234998 -0.00075187 0.00516854 0.00211377 -0.000438979 0.0153484 -9.65995e-05 -0.00413173 
0.00218715 -0.00150528 -0.00143097 -0.000574779 -0.000487572 0.000208209 -0.000118903 0.000373237 -0.00207796 -0.00140634 1.03874e-05 0.000444476 0.0156791 -0.000262234 0.00475394 -0.00296522 0.000127768 -0.00565214 -0.00533107 -0.0040495 0.00100702 0.00331686 -0.000122702 0.000925977 -0.00105573 9.72982e-06 5.09978e-05 -0.00219149 -0.00211464 -0.00172394 -0.000148034 0.00140218 3.93147e-06 0.00277611 0.00104856 -0.000526578 0.00120501 0.000179739 0.00144908 -0.00135235 -0.00192438 -0.00012013 3.75982e-05 0.00113728 0.000424473 0.000219473 -1.69252e-05 0.000324615 -1.14428e-05 -4.83168e-05 3.91721e-05 -0.000572845 -8.39507e-05 2.64035e-06 6.54143e-07 0.000571443 0.000137219 0.000533076 -0.000817293 0.00245764 -0.000454766 0.000281367 4.6249e-05 0.000983827 -8.35725e-05 0.000143758 6.39735e-05 -0.000945286 8.81869e-05 7.77519e-05 -0.00011041 0.00269938 0.00130946 0.000464556 0.00026317 -0.00630998 -0.000717517 1.65269e-05 -0.00162596 0.00077359 -4.70803e-05 0.00131609 -1.76427e-06 -0.00083925 0.00135132 -0.000131357 -0.000157241 0.0007416 9.973e-06 5.59252e-05 -0.00125588 -6.20068e-05 -0.0017033 0.000188998 -0.000447344 -0.000148204 -9.28309e-05 -0.00149467 -0.000100106 0.0015008 
-0.0076078 -0.0143093 -0.0103592 -0.0118249 -0.00904515 -0.000452751 -0.0208931 9.1525e-06 -0.026046 0.00238039 5.62606e-05 -0.0167486 -0.000262234 0.07767 0.0337391 -0.00903774 -0.00756454 -0.00109288 0.0130697 0.00877678 0.0107937 0.0084398 -0.00298297 0.00541669 0.0173662 -0.000950594 -0.00404237 0.0177938 0.00189918 -0.00523258 -0.00279622 0.012149 -0.00403224 0.0184317 0.00601332 6.89192e-06 0.0306306 0.00193353 0.0148086 -0.00530066 -0.00560002 -0.000208993 -0.000118405 0.0206664 -0.015748 -0.00107648 -0.00205003 -0.000785191 -0.00407237 -0.000467409 0.00249252 0.00663524 -0.000330606 -0.00105975 -0.00113883 -0.00342824 -0.00106759 0.0034139 -0.023306 0.00348027 -0.0115114 -0.000583813 -0.000147523 -0.00606206 -0.000372195 -0.00480927 5.89367e-05 -0.000749837 -0.000185048 -0.00170731 -0.00637048 -0.00280817 -0.000555717 -0.001088 0.00391313 -0.00743757 0.00013569 0.0054409 -0.00266289 -0.00273212 -0.00287681 -0.00204862 -0.000109496 -0.00018715 -0.00139444 -0.00334494 -0.00398604 -0.00772932 -8.47215e-05 -0.000154903 0.000626736 5.91202e-05 -0.00142894 0.00186747 -0.0177491 0.000126329 -0.000443874 -0.0228589 -0.000457588 0.00537706 
0.000795751 0.00907701 0.0254173 -0.0183171 -0.0355211 -0.000160922 -0.0413767 0.0380419 -0.0436816 0.015784 0.00133299 -0.0127176 0.00475394 0.0337391 0.249955 -0.0212565 -0.00164432 -0.0313272 0.0318582 0.0354634 0.0197123 0.0222394 0.00084613 -0.00424277 0.0274917 -0.00089611 -0.00220508 0.0646689 0.0175005 -0.0363602 -0.00401572 -0.00481689 -0.00443146 0.0278953 0.0186835 -0.00658204 0.00450496 0.00363245 -0.00952158 -0.00680829 -0.0304901 -0.00158849 -0.00029558 -0.0168901 -0.0281908 -4.31257e-05 -0.00211311 -0.000542438 -0.013282 -0.00117821 0.0116414 0.0130781 -0.00109449 -0.00253522 -0.00178456 -0.00250121 -0.000546789 0.0161136 -0.0320845 0.0135512 -0.0146703 -2.15135e-06 -0.00297691 0.000424137 0.00122066 -0.00251177 0.0026113 0.00251573 0.000106402 0.00313755 -0.00291475 -0.0178329 0.00434 -0.00218883 -0.0117402 -0.0579978 -0.0133616 0.0012059 -0.0258909 0.000214789 -0.00220779 -0.00176917 -9.3478e-05 -0.0126892 -0.00143787 -0.00385623 -0.0222036 -0.00382006 -0.000309718 -0.000106079 -0.025029 -0.000420327 -0.0116294 0.00609359 -0.0163903 -0.00876015 -0.0014448 -0.0460178 0.00170165 -3.35067e-05 
0.0490054 0.0373509 0.0241563 -0.0136833 -0.0087529 0.000459265 0.046494 0.0802152 0.00597137 0.00213838 -0.000633318 -0.011114 -0.00296522 -0.00903774 -0.0212565 0.198467 0.0163073 -0.00812299 0.06705 0.094489 -0.0064811 -0.0472493 0.0044798 -0.113977 -0.0250221 -0.00061719 -0.000580139 0.0353428 -0.00695821 -0.036592 -0.00199344 -0.0825164 -0.000754696 -0.0539583 -0.0168537 -0.000604932 -0.0205055 -0.00693125 -0.0968384 0.0378007 0.0211378 -0.00173162 -0.000339354 -0.0887816 0.0159816 -0.000641826 -0.00101946 -0.000198807 0.0143115 -0.00065967 0.0210094 -0.0190087 -0.00138403 -6.93764e-05 0.00274874 0.000975632 -0.000445709 -0.0177156 -0.0093176 -0.0200373 -0.00563283 3.34674e-05 -0.00229037 -0.009702 0.00157875 0.00270328 0.00301856 0.00328246 0.00013663 -0.00177003 0.00467096 -0.0591103 -0.00084514 -0.00372783 -0.0064049 0.0179007 -0.000207242 -0.0191951 0.0393774 -0.000887225 -4.98237e-06 0.000687825 2.58404e-05 -1.86654e-05 0.00901632 -0.00109305 0.0112031 0.00195008 -0.000273686 -0.000268977 -0.00448672 0.000596548 0.0449067 -0.00661596 0.0112605 -0.0107729 0.00165308 -0.0167278 -0.00107993 -0.0234286 
0.00659683 0.0115068 -0.0152683 0.000616069 -0.00623563 -0.000384477 0.0116635 0.0153132 -0.00755109 -0.00412029 0.00042903 -0.00179464 0.000127768 -0.00756454 -0.00164432 0.0163073 0.0704423 -0.0138358 0.00262299 0.00908851 0.00490198 0.00233253 0.000970486 -0.0177559 -0.00295207 -9.99673e-05 0.000429605 0.000103567 0.00224202 -0.0110884 -0.000392697 -0.0167094 -0.000662087 -0.00381047 -0.000966037 0.00610416 0.00750292 0.000774488 -0.0104507 0.00907486 -0.00106031 0.00169525 -0.000165224 -0.012057 -0.00276302 -0.000461926 0.000826588 0.000928443 -0.00310868 0.000135189 -0.00382675 -0.00676025 -0.000212896 0.000846687 6.57386e-05 0.00191024 -0.000229274 -0.00211367 -0.00513891 -6.17235e-05 -0.00127144 0.000242922 3.17953e-06 -0.00167512 0.000718078 4.95036e-05 0.00132553 -0.00404631 -2.09014e-05 0.00140764 0.00150724 -0.00998007 0.00032004 0.00382482 -0.00195667 -0.00578166 -0.000710692 -0.00611337 0.00315338 0.00109889 -0.000244291 0.00720365 7.56371e-06 -0.000507417 -0.00324188 -0.000513302 -0.00148946 0.00402332 -2.32937e-05 4.447e-05 -0.00550935 -0.000269927 -0.00675304 -0.00177801 4.41613e-05 -0.00303308 0.000486491 -0.0044922 7.16551e-05 0.0095664 
-0.0530138 -0.00465728 -0.0267156 0.0123632 -0.00659551 -0.00189324 -0.038171 0.00924139 0.050504 0.0276538 -0.000956656 2.59497e-05 -0.00565214 -0.00109288 -0.0313272 -0.00812299 -0.0138358 0.24763 0.0721027 0.0224206 -0.0569725 -0.0842171 -0.00032018 -0.013512 0.060112 0.000206145 0.00412494 -0.0295446 -0.0194497 0.0230598 -0.000731165 0.0837386 0.00654516 -0.0650143 -0.0158406 0.00384631 0.0455289 -0.00309968 -0.0328475 0.0332392 -0.0129216 0.000176826 0.000520507 -0.0122972 -0.0358523 -9.25678e-05 -0.0023738 -0.00103196 -0.0340384 -0.000223212 -0.0633014 0.00213406 -0.00256203 -0.000794255 -0.000434757 -0.00247351 -0.000758648 -0.0193421 0.00765583 -0.0269744 0.0160734 -0.00112091 0.000535688 -0.0125892 0.00139621 -0.000674788 0.00178558 0.0119877 -0.00030024 -0.00757925 -0.00682128 0.0694279 -0.00417881 -0.00450961 -0.0111348 -0.00483916 -0.00262135 0.00404841 -0.0148258 -0.000232173 0.000114054 -0.00962671 7.43873e-06 -0.00179547 -0.0158807 0.00281799 -0.0167997 -0.00899013 -0.000383018 -0.000386145 0.0218705 -0.000195349 -0.0053966 0.00760889 0.0141808 -0.00535396 -0.00301144 0.00254964 -0.00125089 0.00231923 
0.0120496 0.0290172 -0.014639 -0.0147932 -0.00593787 -0.00115343 -0.0197449 0.102089 0.00134291 0.0278352 0.000213881 -0.0147382 -0.00533107 0.0130697 0.0318582 0.06705 0.00262299 0.0721027 0.249822 0.100034 -0.00724011 -0.0998783 0.00517837 -0.0965859 0.0590537 -0.00112558 7.1566e-05 0.0610309 0.00595766 -0.0273519 -0.00544466 -0.0184091 0.0023119 -0.0624606 0.00434046 0.00319948 0.0425084 -0.00436809 -0.118073 0.0350304 -0.0267227 0.00284647 5.99562e-06 -0.117292 -0.0248551 -0.000684709 -0.00196232 -0.000167617 -0.0265367 -0.00142925 -0.0204679 -0.0115461 -0.00155599 -0.00133202 0.000395298 -0.000696577 -0.000693188 -0.0142276 -0.0181431 -0.0316928 0.00626887 -0.00102247 -0.00274989 -0.0154468 0.00143152 -0.00084586 0.00564888 0.00373986 -0.00057931 0.00186354 0.00246347 -0.0119538 0.001169 -0.0050253 -0.0148545 0.0108282 -0.0171568 -0.0241962 0.0188858 -0.000481345 -0.00052725 -0.00384429 2.38331e-06 -0.000287449 -0.00250806 -0.00389607 -0.0135667 -0.00281828 -0.000238636 -0.000402832 -0.00395123 -0.000699596 0.0102476 0.00265242 0.004927 -0.0168905 -6.12964e-05 -0.0295189 0.000250369 -0.0106116 
0.031387 0.0361251 0.0305338 -0.0187361 -0.033424 -0.000610154 0.0150302 0.114027 -0.00248081 0.015088 0.000169694 -0.0177592 -0.0040495 0.00877678 0.0354634 0.094489 0.00908851 0.0224206 0.100034 0.2496 0.00628286 -0.0604749 0.00230402 -0.115441 -0.00654525 -0.00107728 -0.00280558 0.0637122 0.0149384 -0.0448209 -0.00386805 -0.0574115 0.00116078 -0.034216 -0.0211211 0.000718392 0.00910618 -0.00666378 -0.115711 0.0419561 -0.0210009 0.00153712 -0.000921758 -0.102733 -0.00587729 -0.00250062 -0.00198574 -0.000802917 0.00414254 -0.000837984 0.00982647 -0.0148433 -0.00227943 -0.00103399 9.01915e-05 -0.000121588 0.000385679 -0.0219828 -0.0254399 -0.0305849 -0.00777988 -1.36062e-05 -0.00251544 -0.0074519 0.00221129 -3.20205e-05 0.00653901 0.00628753 -0.000146404 -0.00120639 -0.00213952 -0.0415386 0.00289553 -0.000803029 -0.0127456 -0.00185278 -0.0163621 -0.0272735 0.00860825 -0.000321363 -0.00189416 0.00216627 -4.18635e-05 0.00665941 -0.00262295 -0.00233917 -0.000464626 -0.00131325 -0.000521346 -0.000327201 -0.0127454 -0.000586174 0.0280817 -0.00391528 0.00693684 -0.016638 -0.000479814 -0.0224018 -0.00124116 -0.0189033 
0.0163864 0.00021691 -0.00527132 -0.00778244 0.0119608 -0.000501241 0.0143862 -0.00207406 -0.0293702 -0.0165846 0.000305093 -0.0107662 0.00100702 0.0107937 0.0197123 -0.0064811 0.00490198 -0.0569725 -0.00724011 0.00628286 0.139536 0.00580917 -0.00154821 -0.0079426 -0.00408085 -0.000648961 -0.00703079 0.0461579 0.00244677 -0.0152407 -0.00292421 -0.0141288 -0.0074852 0.0243942 0.0169368 -0.00145297 0.0215725 0.00116963 0.010153 -0.0169881 -0.013157 -0.00237894 -0.000106561 0.0014394 0.00703368 -0.000497588 0.000334148 -9.94167e-06 0.00885553 -7.58033e-05 0.0243888 -0.0162343 -0.000182607 -0.00130304 -0.000427383 -0.000395385 0.000346027 0.00645558 -0.0176686 0.00534979 -0.00918164 2.52816e-05 -0.0004087 -0.000786773 -0.00372489 -0.00178838 -0.000918381 -0.0149922 0.000106461 0.00239759 0.00195276 -0.01939 -0.000814071 -0.00405375 -0.00211976 0.00581835 -0.0154573 -0.026125 -0.00732845 -0.000835272 -0.00135938 0.00154545 -7.01755e-05 -0.00662114 0.00180065 -0.00586545 0.00567496 -0.00107094 -0.000772825 -0.000180974 0.00257808 -0.000619309 -0.0103211 -0.00353903 -0.0146111 -0.00205785 -0.00238312 -0.0060816 0.000264858 0.00793464 
-0.0060215 -0.00611978 0.0169631 -0.0131276 -0.0175015 -0.000211276 -0.0036462 -0.0462196 -0.0297811 -0.0186892 0.000614062 0.000491288 0.00331686 0.0084398 0.0222394 -0.0472493 0.00233253 -0.0842171 -0.0998783 -0.0604749 0.00580917 0.214654 -0.00385568 0.0514114 -0.0316661 -0.000464661 0.000705669 -0.0318844 -0.0169988 -0.021141 -4.21265e-06 -0.012814 -0.00370129 0.0808436 -0.00105324 -0.00237774 -0.00132891 0.00146225 0.0723026 -0.0265527 -0.00106361 2.67951e-05 -0.000426572 0.0676248 0.00430328 -0.000652664 0.00107117 -0.000279735 0.0115489 0.00048025 0.0226248 0.0105919 0.00316269 0.00120886 -0.00101519 -0.000985671 -0.000605849 0.0159562 -0.0187396 0.0230416 -0.00894504 0.00179221 0.00139206 0.00890051 0.00020494 -0.00109951 -0.00229232 -0.00882278 -4.4167e-05 0.00195505 -0.00452653 -0.01008 -0.000537838 0.00450816 0.0139696 -0.0331776 0.0139106 0.0288686 -0.0038801 -0.000322884 -0.00122371 0.0098287 -4.75422e-05 -0.00278885 -0.00537277 -0.00305258 0.00607832 0.00189259 0.000670143 0.000442504 -0.0165125 0.000803284 -0.0177222 -0.00258826 -0.0100757 0.0152826 0.00232776 -0.0224426 -0.00123431 0.0114843 
0.00543672 0.00222126 0.00136377 0.00349412 3.54901e-05 3.31919e-05 0.00033058 0.00408714 -0.00110029 -0.000518503 9.81291e-05 1.94284e-05 -0.000122702 -0.00298297 0.00084613 0.0044798 0.000970486 -0.00032018 0.00517837 0.00230402 -0.00154821 -0.00385568 0.0164768 -0.00757484 -0.00132401 9.85313e-06 9.3609e-05 0.00146538 -0.00143187 -0.0016935 -0.000146503 -0.00520541 -5.60195e-05 -0.00368938 -0.00132309 -0.000446609 -0.00301453 3.43729e-05 -0.00579671 0.00131989 -0.00148848 -0.000134755 9.53861e-05 -0.00553174 0.000284509 6.87008e-05 -1.93379e-06 8.70371e-05 -0.00037893 -1.94509e-05 0.00113186 7.63919e-05 -0.000147488 -1.29226e-06 0.000359771 0.000644148 0.000144267 -0.000945194 -0.000827343 -0.00115658 0.000911355 5.01196e-05 -9.15534e-05 -0.000285176 0.000132756 0.0003361 -5.94007e-05 -0.000302561 4.87423e-06 0.000110087 0.000800724 -0.00247245 0.000454382 0.000336216 -0.000185933 -0.00163749 -0.000366205 -0.000415678 0.00187442 0.000819452 0.000124924 0.000141424 3.50236e-06 -0.000556629 0.000656795 5.69285e-05 0.00024889 0.00029886 -2.62571e-05 8.17799e-06 -0.000899395 1.1514e-05 -6.51517e-05 -0.000316332 0.000381281 -0.000582346 -4.74233e-05 -0.0014683 -7.5129e-05 0.00168426 
-0.0656706 -0.0317406 -0.0291773 0.0120641 0.0197921 -0.000601162 -0.0456817 -0.108363 -0.00579752 -0.0205497 -0.000216455 0.00510296 0.000925977 0.00541669 -0.00424277 -0.113977 -0.0177559 -0.013512 -0.0965859 -0.115441 -0.0079426 0.0514114 -0.00757484 0.236502 0.0234643 0.000640012 0.000372077 -0.0574778 -0.00202454 0.0576118 0.00363827 0.0353893 -0.0026278 0.0707482 0.0163742 -0.000885023 0.0064331 0.00576959 0.120535 -0.0477008 -0.00857869 -0.00239599 0.000271893 0.120885 -0.0263184 0.000797411 0.00107458 8.79754e-05 -0.0192708 0.000727145 -0.0370021 0.00980775 0.0014412 -0.000237085 -0.00300626 -0.00345876 -0.00126659 0.0209394 0.0188341 0.0256997 0.00090902 4.42604e-05 0.00156462 0.00695898 -0.00166847 -0.00250411 -0.00738662 -0.00833206 -0.000341828 -0.000629233 -0.00514768 0.0568964 -0.00431811 -0.00131113 0.00586646 -0.0060654 0.00224874 0.0252319 -0.0497729 -0.00212507 0.000357294 -0.00125282 -3.83881e-05 -0.00443016 -0.00599666 0.0021408 -0.0157994 -0.00448485 0.000458883 0.000230459 0.00788215 2.38744e-05 -0.0250612 0.00307447 -0.00888627 0.0122522 -0.00113924 0.035326 0.000567197 0.0189799 
-0.0516687 0.000537196 -0.0628771 0.000123552 0.00666098 -0.00270728 -0.0513273 0.00669797 0.0122967 0.00810149 -0.000695095 -0.0152748 -0.00105573 0.0173662 0.0274917 -0.0250221 -0.00295207 0.060112 0.0590537 -0.00654525 -0.00408085 -0.0316661 -0.00132401 0.0234643 0.196166 -0.000449174 0.00232836 -0.0337691 -0.0165248 0.0205784 -0.000491567 0.0538678 2.11425e-05 -0.00192045 0.0275444 0.0055496 0.0663034 0.00648064 0.00732239 0.0148803 -0.00376237 0.00164619 0.000342221 0.0315504 -0.0557885 -0.000627392 -0.0025319 -0.00109798 -0.0444366 -0.00155084 -0.0928698 0.0068039 -0.00290853 -0.00121899 -0.00191091 -0.00438282 -0.00117977 5.7728e-05 -0.0190622 0.00342156 0.000817271 -0.000849969 8.59549e-06 -0.0251733 0.000936998 -0.0025986 0.00206915 -0.00831646 -0.000516839 0.000447036 -0.00424542 0.039006 -0.00433891 0.00251153 -0.0095183 -0.0093561 0.00861175 0.00681771 -0.0145752 -0.00228551 -0.000890381 0.0013592 -4.2806e-05 -0.0102188 -0.0123644 -0.00153784 -0.0246557 -0.0127936 -0.000361183 -0.000495774 -0.000284721 -0.00077633 -0.0276621 0.00611834 -0.00117331 -0.00249764 -0.00140736 -0.0280861 0.000145267 0.0150832 
-0.000428587 -0.000106386 -0.000837623 0.0010014 -0.000316351 3.26934e-06 -0.000234637 -0.00111078 0.000347935 -8.3618e-05 2.96196e-06 0.000300033 9.72982e-06 -0.000950594 -0.00089611 -0.00061719 -9.99673e-05 0.000206145 -0.00112558 -0.00107728 -0.000648961 -0.000464661 9.85313e-06 0.000640012 -0.000449174 0.00293805 -2.6504e-05 -0.00117755 -0.000293845 3.68814e-05 0.000153152 -0.000245471 0.000361232 -3.07455e-05 0.000212219 0.000111687 -0.000594769 -4.04087e-05 0.000609726 -0.000215094 -0.000293798 -3.97122e-05 -6.94383e-07 0.000681031 -4.244e-05 5.91192e-05 0.000290488 4.86174e-05 -0.00015272 6.7925e-05 -0.00040538 7.34406e-06 3.90869e-05 2.55502e-06 -6.97755e-06 1.54892e-06 -7.71619e-06 0.000134588 0.00050326 0.000161788 0.000245089 -6.39961e-06 0.000192145 0.000135063 -2.36736e-05 0.000408013 -4.06107e-05 -0.000111889 2.43357e-09 -1.6934e-05 0.000277771 0.000668097 -2.24418e-05 -2.77645e-05 9.77834e-05 0.00024926 -7.89619e-05 -1.52767e-05 -0.000209877 1.74565e-07 0.000344406 7.98888e-07 1.66563e-06 -3.78142e-05 -0.00013223 0.000480509 -6.59033e-05 -4.82346e-05 1.12837e-05 -6.85272e-07 0.000866844 -9.60982e-06 -0.000271056 -1.83475e-05 0.00069903 -5.33477e-05 -1.55109e-05 0.000422462 8.35024e-06 0.000177502 
-0.000935755 -0.000788926 -0.00307481 0.000560793 0.000834092 -8.71464e-05 5.08753e-05 -0.000506165 0.00273237 0.000306391 -9.35683e-06 -0.000665817 5.09978e-05 -0.00404237 -0.00220508 -0.000580139 0.000429605 0.00412494 7.1566e-05 -0.00280558 -0.00703079 0.000705669 9.3609e-05 0.000372077 0.00232836 -2.6504e-05 0.0165076 -0.0081678 -0.00195305 0.00412424 0.000450554 0.0027018 0.00014231 -0.00277873 0.00104656 0.00266833 -0.00332231 -0.000401109 -0.0031614 -0.000689625 0.000183929 0.000223275 5.87073e-05 -0.00118673 -0.000343664 0.000109847 -4.07828e-05 -5.84347e-06 -0.000853359 -3.94105e-05 -0.00280904 -0.000518782 -5.12591e-05 0.000403615 -3.5692e-05 0.000311624 -3.18126e-05 -0.000632013 0.00160382 -0.000630846 -0.000159061 4.6318e-06 -0.000100044 -0.000479736 0.000168455 3.16663e-05 -2.53643e-05 -0.000981246 2.517e-05 -0.000243207 1.19357e-06 0.00518798 -0.000108672 0.000350582 -0.000680877 0.000796245 0.00130529 0.000448087 0.00110691 0.000649387 -1.51614e-05 8.06944e-05 3.47064e-05 -0.000290676 1.90416e-05 0.000981892 0.000377186 -0.000216654 -1.44353e-05 -2.3273e-06 0.000100597 -4.19231e-05 -0.00123528 -7.23784e-05 -2.60954e-05 3.53439e-05 -6.69657e-05 -0.000482406 8.32195e-05 0.000668426 
0.0277369 0.0148539 0.0371659 -0.0196411 -0.005329 0.00054379 0.00258751 0.0540253 -0.0354908 0.00251181 7.08026e-06 -0.00751861 -0.00219149 0.0177938 0.0646689 0.0353428 0.000103567 -0.0295446 0.0610309 0.0637122 0.0461579 -0.0318844 0.00146538 -0.0574778 -0.0337691 -0.00117755 -0.0081678 0.240233 0.0330709 -0.0553221 -0.00746299 -0.0381291 -0.00481831 0.000899168 -0.0293839 -0.00918032 -0.000451562 -0.00333629 -0.0460938 0.000266952 -0.0197342 0.000695939 0.000241696 -0.0977691 0.0129535 0.00156625 -0.00099873 -0.000391143 0.018637 -0.00163342 0.0642752 -0.00842178 -0.00217215 -0.00265357 0.000575985 -0.00109865 0.000479129 -0.00641825 -0.007764 -0.0137967 -0.00879459 -0.00127295 -0.0022521 0.00600555 -0.00271731 -0.00174662 -2.72033e-05 0.00851169 -0.000357787 0.00471864 -0.00240205 -0.074143 0.00155 -0.00902378 -0.0116958 -0.0100506 -0.0280944 -0.0271933 0.00218288 -0.00198106 -0.00162683 -0.00144729 -1.54979e-05 -0.00600577 0.0117221 -0.00369243 -0.0140901 -0.00064413 -0.000485083 -0.000232536 -0.00752908 -0.000667997 0.0236265 -0.00563934 -0.0103754 -0.0095702 -0.00362221 -0.0104366 0.00042648 -0.0152908 
-0.0151828 0.00648971 0.0257649 -0.0110203 -0.00618342 -0.00115517 -0.0077194 0.0130918 -0.0138438 0.0109989 -0.000458717 -0.0025456 -0.00211464 0.00189918 0.0175005 -0.00695821 0.00224202 -0.0194497 0.00595766 0.0149384 0.00244677 -0.0169988 -0.00143187 -0.00202454 -0.0165248 -0.000293845 -0.00195305 0.0330709 0.166018 -0.00168159 -0.000220271 -0.00648176 -0.000711884 -0.0144248 -0.013018 -0.00649801 -0.0197727 -0.000764114 0.0134378 0.00445924 0.0108431 0.00132826 -0.000372673 -0.00812706 -0.0145398 -0.00131898 -0.000147425 -0.000410603 -0.00707223 -0.000261413 0.017592 -0.00528268 -0.000774467 -0.00109337 -0.000657383 -0.000848067 5.07829e-05 -0.00388377 0.00123146 -0.000345749 -0.004038 -0.000624019 -0.00154676 0.0025008 -0.000552433 -0.000696044 0.00339668 0.009031 0.000168741 0.000177092 -0.00305444 -0.0364417 -0.001259 0.00016633 -0.00581915 -0.0039252 -0.00743965 -0.00995594 -0.0209795 -0.000903296 -0.00096456 -0.00180554 -1.63237e-05 0.00963357 -0.00571175 -0.00040121 -0.00971299 -0.00139275 -0.000146871 -0.000156909 -0.00824353 0.000195748 0.0128675 -0.00425956 -0.00574583 0.00273568 -0.000397802 -0.00226933 0.0018659 -0.0190725 
-0.02371 -0.0105053 -0.022618 0.0136571 0.0396694 -0.000209128 -0.0131143 -0.0710428 0.0236345 -0.00747415 -0.000481839 0.00328266 -0.00172394 -0.00523258 -0.0363602 -0.036592 -0.0110884 0.0230598 -0.0273519 -0.0448209 -0.0152407 -0.021141 -0.0016935 0.0576118 0.0205784 3.68814e-05 0.00412424 -0.0553221 -0.00168159 0.162544 0.00596421 0.0271009 0.00025773 -0.00484348 -0.000587271 -0.00149154 -0.0363561 -0.00372072 0.0336052 -0.0130987 -0.00142448 -0.00159325 0.000300203 0.0474951 -0.0169485 -0.000407332 -0.000417226 -3.91236e-05 -0.0114173 -0.000150956 -0.0303957 -0.0113259 -5.17929e-05 0.000747077 -0.00061217 -0.00169202 -0.000544451 0.00353028 0.0204386 0.00405955 0.00199655 -0.000512598 -0.000551665 0.00164878 1.48233e-05 0.000246737 -0.00264283 1.33397e-05 0.000200757 -0.002818 -0.000552043 0.0328735 -0.00117058 -0.00430601 -0.00515322 0.0228449 -0.00323966 -0.00896446 -0.0119713 -0.0010468 0.00131491 -0.00571136 4.16229e-05 0.00620231 -0.0036959 0.00546647 -0.00226423 -0.00406171 -0.000156972 -9.25245e-07 0.00651077 -0.000716468 -0.0115978 0.00488833 -0.00190912 0.00492119 -0.000410795 0.0448326 -0.000665117 -0.00707348 
0.000329547 -0.000992378 -0.00220657 0.0010373 -6.58178e-05 0.000146854 0.00302021 -0.00379115 0.000863016 -0.000583083 -1.37423e-05 -0.000534665 -0.000148034 -0.00279622 -0.00401572 -0.00199344 -0.000392697 -0.000731165 -0.00544466 -0.00386805 -0.00292421 -4.21265e-06 -0.000146503 0.00363827 -0.000491567 0.000153152 0.000450554 -0.00746299 -0.000220271 0.00596421 0.0188838 2.71547e-05 -2.94177e-05 0.00119501 0.000587263 -0.000476402 -0.0044884 -0.000436743 0.00366943 -0.00111714 -4.4628e-05 -0.000199533 2.30391e-05 0.00317984 -5.2464e-05 -0.000132345 0.000236494 -5.92388e-05 0.000282294 2.27498e-05 -0.00231387 -0.000923051 -3.88802e-05 0.000251365 -6.94523e-05 -0.000151233 -1.15213e-05 -0.000419111 6.94875e-05 -0.000577895 -0.00045694 -2.96429e-05 0.000135224 -0.00041688 2.42557e-05 0.000124809 -0.000280098 0.000668218 -1.1997e-05 0.000105498 -3.78407e-05 0.00226493 -4.73336e-05 -0.000362238 -6.11592e-05 0.00202701 -0.000734893 -0.000794667 -0.00121987 -5.24297e-05 -3.51109e-05 -5.91681e-05 3.92263e-07 -0.000298684 -0.000655909 0.000719761 0.00289111 -9.15379e-05 4.28043e-05 4.76619e-05 0.00186388 -6.60196e-05 -0.00194895 0.000166993 0.000359758 0.00111436 0.000209893 0.00222547 -4.84224e-05 -0.000944747 
-0.0383269 -0.052181 -0.022544 0.00981497 -0.00116185 -0.00131419 -0.0359575 -0.0344451 0.026322 -0.00421732 -0.00209535 0.00642278 0.00140218 0.012149 -0.00481689 -0.0825164 -0.0167094 0.0837386 -0.0184091 -0.0574115 -0.0141288 -0.012814 -0.00520541 0.0353893 0.0538678 -0.000245471 0.0027018 -0.0381291 -0.00648176 0.0271009 2.71547e-05 0.249557 0.00377187 -0.0278783 -0.0086636 0.000941651 0.048149 0.00168352 0.0492755 -0.0268142 0.00225182 0.00147212 0.000337091 0.0518613 -0.0232199 -0.00125472 -0.0020775 -0.00134093 -0.0224166 -0.000137909 -0.0464301 0.0185156 -0.00240817 -0.00151475 -0.00288674 -0.00377821 -4.38116e-05 -0.0213048 0.00194532 -0.00733343 0.00641798 -0.00106302 -0.00106876 -0.0126322 -0.00269398 -0.00289599 -0.0038638 0.00359329 -0.000235778 -0.00651083 -0.00547872 0.0729114 -0.00267486 0.00116032 -0.00218981 -0.0014854 0.0114288 0.0162042 -0.0212994 -0.00187156 -0.000847716 -0.0021846 -2.79006e-05 -0.0125148 -0.0119929 -0.00153766 -0.0157983 -0.00832816 -0.000772654 -0.000272955 0.00333241 -0.00220624 -0.0482397 0.0109177 -0.00283602 0.00620592 -0.00355187 -0.00416896 -0.00086118 0.00985077 
-0.00230458 -0.000557923 -0.000827273 0.00126937 0.000812073 -9.38927e-05 -0.000774761 -0.0008253 0.0046233 0.0040858 -6.2524e-05 0.00209277 3.93147e-06 -0.00403224 -0.00443146 -0.000754696 -0.000662087 0.00654516 0.0023119 0.00116078 -0.0074852 -0.00370129 -5.60195e-05 -0.0026278 2.11425e-05 0.000361232 0.00014231 -0.00481831 -0.000711884 0.00025773 -2.94177e-05 0.00377187 0.0170802 -0.00241122 0.000513394 -0.000150895 -0.00327349 -0.000421498 -0.00536131 0.000817275 -0.000334475 0.000222759 2.43213e-05 -0.00399521 -0.000150833 1.08379e-05 0.00024699 7.29081e-05 -0.00127199 -1.8965e-05 -0.00330278 0.000694257 -4.58233e-05 1.27985e-05 9.84232e-05 -5.83687e-05 5.78549e-05 -0.00103517 0.00330771 -0.00104155 0.00344152 -2.76061e-05 -0.000110758 -0.000142092 3.88409e-05 0.000590589 -0.000121278 0.000694199 -1.03819e-05 -0.000242394 0.000548598 0.00424231 -0.000125455 -0.00025389 -0.00049861 -0.00117126 -0.000584922 -0.000288682 -0.00120421 -9.86511e-05 0.000758651 -0.00012188 1.50172e-05 0.000807764 -0.000631297 0.00121862 -0.000693417 -0.000288882 -4.83454e-06 9.86694e-07 -0.000235338 -3.28046e-05 -0.00085822 -0.000223419 0.00262935 0.000168369 0.000177131 0.000489703 -4.56999e-05 -0.000794505 
-0.0254202 -0.0239794 -0.0224993 -0.00651342 -0.0106526 0.00103022 -0.0274457 -0.0407714 -0.0325606 -0.0179316 -8.93299e-05 -0.00632276 0.00277611 0.0184317 0.0278953 -0.0539583 -0.00381047 -0.0650143 -0.0624606 -0.034216 0.0243942 0.0808436 -0.00368938 0.0707482 -0.00192045 -3.07455e-05 -0.00277873 0.000899168 -0.0144248 -0.00484348 0.00119501 -0.0278783 -0.00241122 0.223265 0.023479 -0.00395336 0.014226 0.00209425 0.0648428 -0.0254547 -0.0290059 -0.000729003 -0.00015684 0.0676494 -0.0211928 -0.00160211 0.0013839 -4.52142e-06 -0.00505035 0.000542614 0.00268843 -0.00762337 0.00258569 -0.000285103 -0.0020325 -0.00214119 -0.000914746 0.0284683 -0.0176049 0.0295671 -0.00155 0.000265283 0.00354058 0.00289749 -5.78526e-05 -0.00225431 -0.0036532 -0.00361894 -8.2247e-05 0.00078803 -0.00274843 0.00887304 -0.0020243 0.00127663 0.0077213 -0.0158834 -0.00785892 0.00163842 -0.0328418 -0.00190271 -0.00152048 0.00721141 -5.68591e-05 -0.00175398 -0.0065587 -0.00309302 -0.00196021 -0.00500672 0.000620239 0.000562579 -0.0100761 0.000550893 -0.00943747 -0.00223362 -0.0105614 0.0108475 0.000550586 -0.02595 -0.00196615 0.0276753 
