0.190016 0.0391868 -0.00384451 0.002061 0.00738417 -0.0108217 0.00574525 -0.00110541 0.00330913 -0.00506125 -0.00445729 0.00971315 -0.00723026 -0.0201353 0.00615161 -0.0467193 0.023581 0.00283081 0.040033 -0.0374568 -7.15323e-05 -0.00485212 0.0772092 -0.0125771 0.0265691 0.0190937 -0.0225787 -0.0288643 -0.0576331 0.0375526 0.00584153 0.000727559 -0.0233276 -0.000574656 0.00831654 -0.00289901 -0.0092865 -0.00293358 -0.0262366 -0.0126152 -0.00841489 1.36008e-05 -0.00231551 0.00393938 1.85331e-05 -0.00366583 0.00129784 0.00106025 0.0060788 -0.0135406 -0.0391771 -0.00561503 0.0106822 -0.0308688 0.000295527 -0.00335732 -0.0192473 0.00957069 -0.00794319 0.0245104 -0.0206614 0.0124522 -0.0204631 -0.00752683 -0.0160735 0.000305287 -0.00220424 0.019569 -0.00313606 -0.00256723 0.0146168 -0.000858327 -0.000550984 -0.00130746 -0.00547442 0.00100734 -0.00240463 0.0092915 0.00644569 -0.00185847 0.0420966 -5.24245e-05 -0.00800615 0.0146062 -0.0176933 -0.0090899 -0.00115487 0.0183827 -0.0036648 -0.0232418 -0.00443593 -0.00849298 0.00179486 -0.00243253 0.0186113 -0.000908407 0.0124896 -0.0488506 -0.0356239 -0.0102972 
0.0391868 0.105915 0.00302598 0.00147138 -0.00436702 -0.00678319 0.0120017 0.00342955 -0.00506382 -0.00233934 -0.00284565 0.00219021 -0.00292481 -0.0211113 -0.0156464 -0.00705892 0.0179704 -0.00425037 0.0152198 -0.0142831 0.0197382 -0.00160072 0.0232385 -0.00517802 0.0022077 0.0197648 -0.0269926 -0.0127574 -0.0196972 0.022011 -0.00010411 -0.00421377 -0.0183214 -0.000233095 -0.00992521 -0.000720506 -0.00550032 -0.00620227 0.00522682 0.00351138 -0.00198253 -0.00150011 -0.000734428 -0.000745417 -0.00164177 0.000377886 -0.000268428 -2.0997e-05 0.00333444 -0.00813348 -0.0190091 -0.00151652 0.00925217 -0.0086173 0.000845475 -0.00571053 0.00214482 0.00336939 -0.00397194 0.0082582 -0.00460946 -0.00316858 -0.0140434 -0.00903964 -0.0183648 -0.00989797 -0.00345095 0.0246643 0.00201969 -0.00124749 -0.00443781 -0.000427909 0.000802073 0.000650736 -0.00245505 0.0147897 -0.00905386 0.00188545 -0.00342535 0.0020797 0.047669 -0.00224252 -0.0037162 0.0119168 -0.0141972 0.000244833 -0.0008425 0.0048086 -0.00392617 -0.0106402 0.000449575 -0.00582472 -0.000909936 -0.000800389 -0.00809441 -0.00404672 -0.01023 -0.0154604 -0.0130885 -0.00605652 
-0.00384451 0.00302598 0.0248489 0.00564659 -0.000418811 3.48606e-06 -0.00514006 -0.0009316 -0.000959378 -0.000222722 0.000783542 -0.0068974 0.000406742 0.000614619 -0.00210188 0.00341431 -0.00192097 0.00105649 0.00209169 -0.00173023 0.00362596 -0.00177712 -0.00244323 0.00497575 0.000702472 0.00141292 -0.0064826 -0.00184905 -0.00107312 -0.00422592 -2.05526e-05 -0.00114616 -0.00206826 7.0793e-05 -0.00119254 0.000441178 0.000198098 -0.00229463 0.00403004 -0.00176445 0.000433184 -0.000430317 0.00339993 -0.000626846 0.000101942 0.00386505 0.00104832 0.00063412 0.00142287 -0.000192358 -0.00286356 0.0030565 0.000305042 -0.000117443 0.000159395 -0.00180756 0.00267033 -0.00051967 -0.000974328 -0.0016962 -0.00359627 0.000122146 -0.00273199 -0.00259834 -0.00241845 -0.00133808 -4.81409e-05 0.00334561 -0.000610226 -3.89973e-06 -0.00373964 0.000179256 -5.2802e-05 0.00060402 -0.00173754 -0.00305044 -0.00032738 -3.97654e-05 -7.06593e-05 -0.000333913 0.000339342 -0.000984943 -0.000501141 0.00570132 -0.000723712 0.00252944 -0.000172598 -0.00180125 0.000475907 -0.000910345 0.000373303 -0.000293846 0.000388263 7.35723e-05 -0.00346498 -0.00110683 0.000488783 -0.000815964 -3.2077e-05 0.00417147 
0.002061 0.00147138 0.00564659 0.0350895 0.00104692 -0.0011932 0.00600502 -0.00207173 -0.00222567 0.000330108 0.00322316 -0.00625093 -0.000702229 0.000453176 -0.0062971 0.00493593 -0.00514579 0.00117309 9.06407e-05 -0.00429999 0.00557532 -0.00214616 -0.00297408 -0.00108073 5.16932e-05 0.00248564 -0.00580016 -0.00427116 -0.00267701 -0.00131427 0.00898055 -0.00177755 -0.000318829 -2.00862e-05 -0.00130844 -0.000132612 0.00143797 -0.00388253 -0.00339259 -0.000538783 0.00534769 -0.000589241 0.00785464 0.000667045 -0.000229047 0.000346446 0.000670602 0.000617686 0.00659814 -0.00188029 -0.00544516 0.000565108 0.00119441 0.00304852 -0.000474646 0.00562632 -0.00181137 -0.000907173 -0.00119727 -0.00319495 -0.00346455 -0.00117281 -0.00197287 -0.00194394 -0.00364823 -0.00297852 5.91252e-05 0.00423071 -0.000660395 -7.90074e-05 -0.00231664 4.27422e-05 -1.00361e-05 0.000572345 -0.00181345 0.000202174 -0.000943537 -7.43304e-05 -0.000363338 -0.00483686 -1.93737e-05 0.000127127 0.000749642 0.00074296 -0.000732171 -0.00103122 -0.000298225 -0.00394572 7.13317e-05 0.000492716 0.00197354 -0.00190224 0.000460044 -0.000327559 -0.00505675 -0.00136291 -0.00164213 -0.0056381 -0.000628436 0.00209541 
0.00738417 -0.00436702 -0.000418811 0.00104692 0.0561407 0.00801433 0.00230663 -0.00108199 -0.00190443 -7.59976e-05 -0.0020967 -0.00258536 -0.000460962 0.00948589 0.00399359 0.00714875 -0.00445739 0.0110293 0.0221093 0.0111254 0.00319805 0.00504549 0.0122706 -0.000544564 -0.0055888 -0.00230285 -0.00433085 -0.0111124 -0.0117523 -0.0110715 -0.00596333 0.000248685 0.00348375 -0.000127677 -0.00276668 -0.00070735 0.00254815 -0.00346401 -0.0100435 -0.00558917 0.000105117 -0.000858979 0.00224747 0.0011504 0.00278232 -0.000380671 -0.000520086 0.00153141 0.00446435 -0.000538854 0.00214915 -0.00044498 -0.00286734 -0.00457059 -0.000222957 -0.0028079 -0.00578297 -0.00217908 -0.00114709 -0.00203452 -0.00991868 -0.00127545 -0.00327332 -0.00623085 -0.00573544 0.0014432 -0.000101981 0.00645905 -0.000438909 -1.79927e-06 -0.00219319 -0.000415704 -0.00022945 -0.000137001 0.00407083 -0.00166655 0.0023382 -0.00145658 -0.00308185 -0.00316536 -0.00189636 0.00360506 0.00160268 -0.00301026 -0.00484806 -0.00155163 -0.00028905 -0.00747898 0.00304375 0.000181392 -0.000536361 0.00370723 0.0021164 0.000592115 -0.00224759 -0.00106026 -0.00296852 -0.0107248 -0.0145762 -0.00249009 
-0.0108217 -0.00678319 3.48606e-06 -0.0011932 0.00801433 0.0925246 -0.0178924 -0.00556098 0.00496357 0.00201866 -0.000695083 -0.0210541 0.00599878 -0.0243415 0.0314153 0.00675709 -0.032161 0.022213 -0.00415156 -2.15888e-05 0.00196641 -0.00323618 0.00824829 0.00339675 0.00418885 -0.00590857 0.0194695 0.00700626 -0.0189513 -0.0364635 -0.0032303 -0.00281549 0.0370879 9.68343e-05 0.0119497 -0.00153342 0.012079 -0.0154614 -0.0153537 -0.0217966 0.00930978 0.00224711 -0.000656053 -0.0022088 0.00336881 -0.00140752 -0.0016368 0.000162072 -0.00168441 0.008971 0.033469 -0.00195779 0.00724283 -0.00378007 0.000362668 -0.00192816 -0.0123232 0.00565367 -0.000216521 -0.00581645 -0.00284539 -0.00102307 0.00565275 0.000472372 -0.00689144 0.00869747 -0.00164721 -0.00430315 0.00294301 -0.000379686 -0.0180693 -0.000796012 -9.40248e-05 -0.000859213 0.0342124 -0.0397025 -0.00105824 -0.00244386 -0.0035657 -0.0129959 -0.0123086 -0.00360418 0.0145203 0.00175515 0.00719815 -0.00251572 0.00136344 -0.0148061 0.00299717 -0.0116619 -0.000994311 0.0205136 0.00196702 -0.000761528 -0.00203805 0.00487974 0.00950089 -0.0202132 -0.0163075 -0.00193006 
0.00574525 0.0120017 -0.00514006 0.00600502 0.00230663 -0.0178924 0.210912 0.00097006 -0.0243535 -0.00297178 0.0123415 0.0207227 -0.0113715 0.0410731 -0.0758029 0.0618512 0.0338634 -0.00289854 -0.00952008 -0.0226486 0.0230549 -0.0182008 -0.0229824 -0.0201239 -0.0115383 0.00573471 -0.0340632 -0.00853821 0.0404556 0.0549263 0.0123377 -0.0332496 -0.00345976 -0.000379992 -0.0195905 0.000848933 -0.00393145 -0.0219802 0.0171124 0.0342042 0.00748087 -0.0108568 -0.0118885 -0.0160726 -0.01038 -0.0202497 -0.000886322 -0.00104648 0.00137681 -0.0181374 -0.0349998 -0.00522837 -0.0029364 0.0262119 -0.00929139 -0.00222578 -0.000763519 -0.0154135 -0.0142213 0.00464389 0.016819 -0.0209872 0.0134754 -0.00476607 -0.0105003 -0.0267033 -0.0172655 0.0105688 -0.00325528 -0.00513684 0.0281189 -1.25532e-05 0.000910237 0.00095441 -0.0138388 0.0755299 -0.0497035 -0.0178385 0.00094408 -0.033 0.0245643 0.000780406 -0.000823313 -0.00270307 -0.00236017 -0.00378993 -0.00502508 -0.00438105 0.00164682 0.0184484 0.00162417 -0.00318304 -0.00922685 -0.00570658 -0.0552294 -0.0199911 -0.0327549 0.0144616 0.0485405 -0.000149761 
-0.00110541 0.00342955 -0.0009316 -0.00207173 -0.00108199 -0.00556098 0.00097006 0.0653805 -0.00180087 -0.00116734 -0.000670228 0.013691 -0.00167219 -0.00109174 -0.0070723 0.00784931 -0.00372988 -0.0138977 -0.000686585 0.00747731 -0.00659222 -0.00169671 0.0109623 0.00425373 -0.00835893 0.00642752 0.00788679 -0.00678486 -0.00856824 -0.00227894 -0.00470353 -0.00143611 -0.00816728 0.000326277 -0.00330035 0.000918854 -0.000508955 -0.00520869 -0.00663456 -0.00255359 -0.00212394 -0.00123126 -0.00377062 -0.00186207 -0.00066437 0.0014061 -0.000676174 -0.000359829 -0.00267744 -0.00325722 -0.0013499 0.00305484 -0.00368568 0.0116399 -0.000164974 -0.00640471 0.00485898 -0.00092142 0.00176467 0.0130588 -0.00564134 -0.00176865 6.91854e-05 -0.00473897 -0.00462403 -0.00389065 0.00137536 -0.00239513 0.00026682 -0.000613643 0.00712384 0.000206535 0.000822741 0.000955691 -0.00238779 0.0153987 -0.00416311 -0.000989173 -0.00222766 -0.00540627 0.00901584 0.00272095 -0.00265136 -0.00369769 -0.00150603 -0.00301634 -0.000407082 0.0116112 5.12493e-05 -0.00265267 -0.000882982 -0.00398991 -0.00147142 0.000177444 -0.00662984 -0.00161518 -0.00523865 0.00113639 -0.000628479 -0.00457133 
0.00330913 -0.00506382 -0.000959378 -0.00222567 -0.00190443 0.00496357 -0.0243535 -0.00180087 0.0666736 0.00106025 -0.00397735 -0.0142112 0.00410538 -0.0234676 0.0458455 -0.0376744 -0.0202579 0.000961351 -0.00202411 -0.012469 -0.00727551 0.00247896 0.0147183 -0.00347092 -0.00445762 -0.00423893 0.00400432 0.00917659 -0.0189597 -0.0335369 0.000471054 0.00556346 -0.00683617 -7.80686e-05 0.0231096 -0.000896359 -0.0019839 0.00804843 -0.0121649 -0.0145056 -0.00356804 0.00147515 -0.00208706 0.00202926 0.0011693 -0.000348043 0.00109099 -0.00013793 -0.00322762 0.000384403 -6.23119e-05 -0.0016671 0.000172449 -0.00944046 0.00238517 -0.0034315 -0.00725255 0.0116398 0.00231869 -3.8128e-05 0.00895738 0.00643248 -0.00549984 0.0163716 0.01172 0.0280751 0.00159727 -0.00566369 -0.001043 0.000133561 -0.00393346 -0.00062838 -0.000662164 -0.000655123 -0.00076426 -0.0306296 0.0165575 0.00690259 -0.00233896 -0.00782761 -0.00891514 -0.000358275 -0.00126407 0.0107984 0.000776362 -0.00508296 -0.000304236 0.013521 0.00143192 -0.00901384 -0.0014785 0.00315944 -0.000665975 0.00127737 0.0302203 0.00330182 0.0222106 -0.0136241 -0.00473333 -0.00545851 
-0.00506125 -0.00233934 -0.000222722 0.000330108 -7.59976e-05 0.00201866 -0.00297178 -0.00116734 0.00106025 0.0253696 0.00181375 -0.00309667 0.00129082 -0.0017984 0.00346483 -0.00106355 -0.00553302 0.00536474 -0.00167224 0.0010231 -0.00315905 -0.00243875 -0.00236322 -0.000215403 -0.00386423 -0.00117412 0.0040707 0.0050914 -0.00059092 -0.00271362 1.12536e-05 0.0017011 0.00107722 -3.28877e-05 0.00271522 -0.000157856 0.000394843 -0.00127551 0.000230075 -0.00316049 0.000760771 0.000502995 -0.00108896 -0.00104495 -0.000349592 -0.000307131 0.000364347 0.000118119 -0.000966176 -0.000220312 0.000622767 -0.000102965 -0.00103202 -0.00119761 -9.25721e-05 -0.00228165 -8.74442e-05 -0.000152301 0.000843403 3.58925e-05 0.00181022 0.000188672 0.0033801 -7.49017e-05 0.00176051 0.00015545 -0.000955047 -0.00281055 -0.000459197 -0.000253848 -0.0033745 -0.000227163 -5.44319e-05 -0.000297111 -0.000179984 -0.00632336 0.00073069 -0.000597766 -0.000262881 -0.00151376 -0.00206271 0.000220011 -0.000366816 4.07538e-05 0.000290438 -6.95403e-05 -7.72001e-05 -0.00582993 -0.000219301 0.00262704 -0.000406886 -0.00119408 -0.000486859 0.000200392 0.00264649 0.00305065 0.00122861 0.00111337 0.00401577 -0.000565357 
-0.00445729 -0.00284565 0.000783542 0.00322316 -0.0020967 -0.000695083 0.0123415 -0.000670228 -0.00397735 0.00181375 0.0557243 -0.0016561 -0.000212592 -0.0126505 -0.013346 -0.00436324 -0.00667932 -0.00124734 -0.0096599 -0.00546083 -0.00343386 -0.00352202 -0.0241354 -0.00346543 0.00732411 -0.00111557 0.000916931 0.00851698 0.00807646 0.00238545 0.00789973 -0.00379369 0.0129973 0.000134218 -0.00361039 -0.000105729 0.00798423 -0.00869222 -0.000984094 -0.0041915 0.00745071 -0.000768815 -0.00281289 -0.00248949 -0.000248637 -0.00237773 0.00262065 0.00043689 -0.00103146 -0.00268399 -0.002834 0.00163477 -0.00205914 0.00794566 -0.000437104 -0.00219967 -0.000890175 -0.00189945 -0.00150531 0.000978429 0.0100049 -0.00226585 0.00477025 -0.00318406 -0.00667583 -0.00558189 -0.00158082 -0.00226538 -0.00063083 -0.000465372 0.00806955 0.000778245 -0.00017484 0.00142091 0.000202402 -0.0119778 -0.00322846 -0.00106371 0.00760217 0.00328067 0.0098093 -0.00206348 0.00356338 -0.00282031 0.0185888 -0.00218647 -0.000244786 -0.0100208 -0.00273646 -0.00543385 0.00100674 -0.00205955 -0.0010638 -0.000878626 -0.00965082 -0.00261795 -0.00580641 0.00761846 0.00500834 0.00507125 
0.00971315 0.00219021 -0.0068974 -0.00625093 -0.00258536 -0.0210541 0.0207227 0.013691 -0.0142112 -0.00309667 -0.0016561 0.241761 0.00400977 0.00238065 -0.0481159 0.0454581 0.0506521 -0.0370039 -0.0203104 -0.00150803 -0.0249794 -0.016373 -0.00289748 -0.015259 -0.0032562 0.00946573 0.0574133 0.0335242 -0.00148868 0.0383421 -0.0415617 -0.0202223 -0.0174307 0.000638107 -0.0259242 -0.00475898 -0.000916805 -0.0182768 -0.0205136 -0.00884391 -0.0102558 0.00335199 -0.0263607 -0.0133512 0.000873126 -0.00684272 0.00514675 -0.0015857 -0.0036862 0.000947923 0.0158025 0.00386081 -0.01497 0.0297321 -0.00603093 -0.0170889 0.0040369 -0.00362109 -0.0031452 -0.00175695 0.0645837 -0.0123065 0.00691906 0.00782078 -0.0174921 -0.0236896 -0.0061688 -0.0257251 0.00194304 -0.00362597 0.00533791 0.000230541 0.00105063 -0.00271753 -0.00466782 0.038472 -0.0352458 -0.0071841 -0.0128666 0.0409513 0.0129883 0.00675126 -0.00969425 -0.0237798 -0.00739485 -0.0211191 0.00276999 0.00485468 -0.0140771 0.00651177 -0.00289628 -0.0130799 -0.00806445 -0.00470167 -0.025184 0.00829552 -0.0308069 0.0103209 -0.00401667 -0.00292207 
-0.00723026 -0.00292481 0.000406742 -0.000702229 -0.000460962 0.00599878 -0.0113715 -0.00167219 0.00410538 0.00129082 -0.000212592 0.00400977 0.0325808 -0.00924111 0.0102148 -0.000234825 -0.0098461 0.00473632 -0.00724546 0.00020162 -0.00469423 0.000343964 -0.00241769 0.000672577 -0.00334095 -0.00172922 0.0136204 0.0159719 -0.00593251 -0.0133738 -0.00330803 -0.00162431 0.00152013 0.000182908 -0.00172886 -0.000470613 0.0021918 -0.00495112 -0.00481238 -0.006857 0.000985261 3.91069e-05 -0.000281555 -0.0012778 0.00100258 -0.00175763 0.000747865 -0.000166354 -0.00188835 0.00723305 0.0171807 -0.000270449 0.00322089 -0.0020625 -0.000215934 -0.00167491 -0.0025053 -0.00103607 -0.00108573 -0.00412817 0.00967265 -0.00119057 0.00265176 0.0117743 -0.00208744 0.00411736 -0.00142559 -0.00380181 -4.94287e-05 -8.29758e-05 -0.00757093 0.000325709 0.000350744 -0.000355273 0.00439699 -0.0116966 -0.00303584 -0.000328731 -0.000138484 0.000153566 -0.00472415 -0.00115797 0.000396286 -0.00190034 0.00555061 -0.00184455 0.00035503 -0.00190807 -0.00119814 -0.00392389 -0.000184848 0.000695119 -0.000707908 0.000336041 -0.00405307 0.00735881 -0.00152417 -0.00151432 0.00239552 0.00214991 
-0.0201353 -0.0211113 0.000614619 0.000453176 0.00948589 -0.0243415 0.0410731 -0.00109174 -0.0234676 -0.0017984 -0.0126505 0.00238065 -0.00924111 0.237125 -0.085637 0.0927288 0.0913041 -0.0298305 0.0343117 0.0564095 0.0393023 -0.0257685 -0.0292229 0.00193825 -0.0388771 0.00377819 -0.0635304 -0.0580686 0.0763253 0.0784785 -0.0264231 -0.0166217 -0.051877 -0.000479055 -0.0207048 0.00489171 -0.0149906 0.0221446 0.0630329 0.0507371 -0.012398 -0.00454679 -0.0132414 -0.017473 0.000625504 -0.00277285 -0.00684555 -0.000925137 0.000767516 -0.0332658 -0.0434734 -0.000622115 -0.0335305 -0.0274497 -0.00536134 -0.0219987 0.0276936 -0.0108423 -0.00945176 -0.0118555 -0.029976 -0.00959989 -0.0120099 -0.0373039 0.0354711 -0.02332 -0.0115029 0.00550554 -0.0074506 -0.00442357 0.000318297 0.0016994 -0.000952108 -0.00173594 -0.0270024 0.0795012 -0.0248993 -0.0124498 -0.0152486 0.0178788 -0.0203512 0.00892419 -0.0186879 -0.00791629 -0.0261754 0.0244898 -0.00339213 -0.0266818 -0.000498543 0.0611747 -0.00782325 -0.0279224 -0.0073297 -0.00208289 -0.0319967 -0.0123302 -0.0361376 0.0603487 0.0547209 -0.00651073 
0.00615161 -0.0156464 -0.00210188 -0.0062971 0.00399359 0.0314153 -0.0758029 -0.0070723 0.0458455 0.00346483 -0.013346 -0.0481159 0.0102148 -0.085637 0.202271 -0.0843843 -0.0740875 0.0570494 0.0103231 -0.0358665 -0.0336529 0.0129976 0.0472602 6.63207e-05 -0.00642299 -0.0108045 0.0239891 0.025408 -0.0709683 -0.102131 0.00946258 0.0286575 0.0249393 -0.0002187 0.0368932 -0.00333098 0.00458013 0.00333163 -0.0520331 -0.051218 -0.00496204 0.00278753 0.0146461 0.0111853 0.00470501 0.00361914 0.000445675 0.000903009 -0.00658536 0.02604 0.0388064 -0.00607906 0.0248754 -0.0219446 0.00864345 -0.00150416 -0.0297636 0.0107488 0.00986524 0.0119056 -0.00249077 0.0255535 -0.0001804 0.0396397 -0.00355251 0.0470749 0.00605503 -0.00716514 -0.000697638 0.00440546 -0.00410752 -0.00238432 -0.00035343 -0.000828896 0.0205297 -0.0984204 0.0470983 0.015516 -0.00103845 -0.0283841 -0.0354374 -0.00239388 0.00902392 0.0101703 0.020339 -0.0150125 7.54913e-05 0.03972 0.00704964 -0.0390095 -0.00282104 0.0339223 0.00582881 0.00177416 0.0584113 0.0113961 0.0486546 -0.0564637 -0.0424493 -0.0165622 
-0.0467193 -0.00705892 0.00341431 0.00493593 0.00714875 0.00675709 0.0618512 0.00784931 -0.0376744 -0.00106355 -0.00436324 0.0454581 -0.000234825 0.0927288 -0.0843843 0.240307 0.0457915 -0.0272243 -0.018165 0.0438165 0.014703 -0.0408941 -0.0538044 0.0146814 -0.0358829 -0.0023946 -0.00446601 0.0120963 0.075624 0.0444324 -0.0443896 -0.0390906 -0.0208721 9.8145e-05 -0.0370652 0.00252077 0.00139699 -0.0319282 0.0525769 0.026546 0.00379251 -0.00700384 -0.0133457 -0.0260023 -0.0015298 -0.00258254 -0.00449416 -0.00123454 0.00502021 -0.00802016 0.00843019 0.00528824 -0.0136161 0.0199662 -0.0100419 -0.00554008 0.0282713 -0.0189652 -0.0145621 -0.0323627 0.0182653 -0.0225661 0.0166057 -0.0192515 -0.00266957 -0.0469224 -0.0167088 -0.0273127 -0.00303178 -0.00442867 -0.0194161 0.00283761 0.00166993 -0.00320042 -0.00149604 0.090684 -0.0555661 -0.0199435 -0.0227232 0.0150707 -0.0208484 0.00259885 -0.0106855 -0.0164197 -0.0102301 0.0195555 -0.00290928 -0.0218774 0.00152544 0.0428357 -0.00649393 -0.0033069 -0.0102023 -0.00361662 -0.0891716 -0.0093559 -0.054396 0.0545192 0.0729308 0.00712558 
0.023581 0.0179704 -0.00192097 -0.00514579 -0.00445739 -0.032161 0.0338634 -0.00372988 -0.0202579 -0.00553302 -0.00667932 0.0506521 -0.0098461 0.0913041 -0.0740875 0.0457915 0.224786 -0.0262593 0.0368454 -0.00444879 0.0416367 -0.0278749 -0.0275955 -0.0138048 -0.00330975 0.0241278 -0.068222 -0.0326362 0.0514633 0.0845439 -0.018356 -0.0120042 -0.0451482 -0.000696798 -0.0272896 0.00328813 -0.0116894 0.038978 0.0472789 0.0314578 -0.0084155 -0.00146236 -0.0156238 -0.00918775 -0.00147008 -0.00238934 0.000332632 -0.000657082 0.00306979 -0.0257073 -0.0396985 0.00447249 -0.0268345 -0.0194268 -0.00513986 -0.0122285 0.0222645 -0.00363127 -0.0102763 0.0154668 -0.0430056 -0.00775386 -0.025286 -0.0393035 -0.0166671 -0.0253115 -0.00263792 -0.0087449 -0.00302506 -0.00294163 -0.0316604 0.00188222 -7.38785e-05 -0.00323665 -0.0211478 0.0819215 -0.0301284 -0.00829716 -0.0166859 0.038761 0.0285139 0.00558004 -0.0138468 -0.0156041 -0.0232875 0.00728422 -0.00125149 -0.0314459 -0.0115828 0.024021 -0.00344234 -0.0221693 -0.00480965 -0.00348306 -0.0313101 -0.00807486 -0.0280054 0.0239443 0.0440322 0.000409338 
0.00283081 -0.00425037 0.00105649 0.00117309 0.0110293 0.022213 -0.00289854 -0.0138977 0.000961351 0.00536474 -0.00124734 -0.0370039 0.00473632 -0.0298305 0.0570494 -0.0272243 -0.0262593 0.221669 0.0405722 -0.0188733 0.00688525 0.007153 0.0205107 -0.00862601 -0.00845206 -0.0154531 -0.00911526 0.00903164 -0.0238427 -0.0249355 0.0192818 0.0257755 0.0349054 -0.00049051 0.00253041 -0.00214298 0.00214773 0.0147499 -0.0395526 -0.0266018 0.0138034 -0.00494046 0.01244 -0.00337025 -0.00106789 -0.00613717 0.00411876 0.00153552 -0.000636406 0.0132229 0.0105431 -0.00645589 0.00983393 -0.0164549 0.00427914 -0.0221821 -0.0325078 -0.00743585 -9.62048e-05 0.0255312 -0.0398707 0.0140338 0.0107886 -0.0103413 -0.0196938 0.00575458 -0.00648468 0.00513403 0.000939547 0.000461754 0.00530972 -0.00181233 -0.00208277 -0.00104834 0.0142347 -0.0473461 0.0135349 -0.00300151 0.00455552 -0.0275534 -0.0129048 -0.00185761 0.0165644 -0.0109755 -0.00151878 -0.00183375 -0.000924816 -0.0212337 0.00040858 -0.0224815 0.00197298 0.0188366 -0.00361479 0.00145516 0.0134871 0.00913714 0.00209401 -0.0549634 -0.0233562 -0.00875563 
0.040033 0.0152198 0.00209169 9.06407e-05 0.0221093 -0.00415156 -0.00952008 -0.000686585 -0.00202411 -0.00167224 -0.0096599 -0.0203104 -0.00724546 0.0343117 0.0103231 -0.018165 0.0368454 0.0405722 0.175906 0.00798609 0.0149145 0.00480996 0.0379075 -0.00155417 -0.0266458 0.0159749 -0.0819664 -0.0536525 -0.0399622 0.00584195 -0.0134699 0.0242939 -0.0260045 -0.000496836 -0.0015244 0.000327973 -0.0101731 0.0177107 -0.0171669 -0.00506087 -0.00795846 -0.00114024 0.0129716 0.00994788 0.00182536 0.0133712 -0.00381024 0.00332186 -3.03914e-06 -0.0191349 -0.0365484 -0.00390769 -0.017198 -0.0368479 0.00655268 -0.0109513 -0.0126998 0.000374571 0.00810487 0.0340136 -0.0686993 0.0190531 -0.0275489 -0.0219436 -0.0152366 0.0162333 0.00431155 0.031766 -0.000985522 0.00350491 0.00119861 1.19132e-05 -0.00121626 0.000101562 -0.0101433 0.0104349 0.0174079 0.00138331 -0.0121578 -0.0190125 0.0308356 0.0142231 -0.00479749 -0.000827331 -0.0263518 0.00577035 -0.00138734 -0.00628225 0.0159722 -0.0106687 -0.00345195 -0.00944269 0.00825674 0.00543099 0.0392658 -0.00423483 0.00194681 -0.0396393 -0.0275892 -0.0119336 
-0.0374568 -0.0142831 -0.00173023 -0.00429999 0.0111254 -2.15888e-05 -0.0226486 0.00747731 -0.012469 0.0010231 -0.00546083 -0.00150803 0.00020162 0.0564095 -0.0358665 0.0438165 -0.00444879 -0.0188733 0.00798609 0.213395 -0.00154987 0.0130413 -0.0201412 0.0118318 -0.0204422 -0.00982707 -0.000766918 -0.045373 0.0222276 -0.0106253 -0.0324296 0.00686163 0.0036427 0.00044655 -0.0106673 -0.000197807 0.0113144 -0.00438303 0.0346615 0.0387552 0.000429054 -0.00283897 -0.0174612 -0.00807125 0.00212738 -0.00152621 -0.00253509 -0.000395547 -0.0126109 -0.00194531 0.0132106 0.00664286 -0.0127188 0.00612027 -0.00199471 -0.00616098 0.0176119 -0.00381189 -0.0051838 -0.00817676 -0.0196722 -0.00290651 -0.00281433 -0.0231852 0.0518528 -0.00520421 -0.00713638 0.00240322 0.00180843 -0.00133641 -0.0151723 0.000972389 -0.000715584 -0.00089304 -0.00638245 -0.011858 -0.0118076 -0.00367412 -0.00925872 -0.00140701 -0.0248772 0.00249717 -0.0046227 -0.00510707 -0.010131 0.00668397 -6.92612e-05 -0.00555939 0.00184297 0.0209276 -0.000277775 -0.0166951 -0.00395578 0.00452207 -0.0202251 -0.0126975 -0.0149776 0.0283768 -0.0057377 -0.00298757 
-7.15323e-05 0.0197382 0.00362596 0.00557532 0.00319805 0.00196641 0.0230549 -0.00659222 -0.00727551 -0.00315905 -0.00343386 -0.0249794 -0.00469423 0.0393023 -0.0336529 0.014703 0.0416367 0.00688525 0.0149145 -0.00154987 0.170983 -0.0133675 -0.0195141 -0.00520819 0.0182325 0.0013334 -0.0510466 -0.0213313 0.0167052 0.0393213 -3.84643e-05 -0.00412225 -0.00696549 -0.000418666 -0.0133332 -0.000345086 -0.00677757 0.0398867 0.0343725 -0.0137054 0.00869487 -0.00226275 -0.00510611 -0.00850264 -0.00300113 -0.0073511 -0.00208709 0.000734336 0.00989662 -0.00546347 -0.0181207 -0.00136519 -0.0112046 -0.0292705 -0.00170787 -0.0228834 0.00634784 -0.00084287 -0.00864849 0.0128452 -0.0270982 -0.00404475 -0.0141509 -0.0276355 0.000483987 -0.0140663 -0.00377983 0.00423815 0.00091795 -0.00094658 -0.0431516 0.000493208 -0.000583866 -0.00269624 -0.00322065 0.0255591 -0.0208684 -0.00516421 -0.00590741 0.0282583 0.0155336 -0.0026948 0.00722761 -0.00418667 -0.00574336 0.00503861 -0.00120072 -0.034917 -0.00343061 0.0243444 -0.00165478 0.00444798 -0.00373336 -0.00138192 -0.0309013 -0.00435587 -0.0221934 0.00986123 -0.00507377 0.00382381 
-0.00485212 -0.00160072 -0.00177712 -0.00214616 0.00504549 -0.00323618 -0.0182008 -0.00169671 0.00247896 -0.00243875 -0.00352202 -0.016373 0.000343964 -0.0257685 0.0129976 -0.0408941 -0.0278749 0.007153 0.00480996 0.0130413 -0.0133675 0.113687 0.0298612 -0.00207638 4.80046e-05 -0.0015524 -0.00201057 -0.0175186 -0.0332434 -0.0272665 0.0101793 0.0230086 0.02685 -7.61142e-05 -0.00393277 -2.46638e-05 0.00344624 0.00988551 -0.0217641 -0.00551165 0.000177678 -0.000238231 0.00826127 0.0175246 0.00238227 -0.00371717 -0.000200043 -5.11025e-05 -0.00580492 0.0173085 0.0143035 -0.00084318 0.00748154 -0.00356523 0.00225322 0.00011223 -0.0138811 -0.00171008 0.00251144 -0.00359215 -0.0179338 0.00636565 -0.0089019 6.61642e-05 -0.00434484 0.0139113 0.00326038 0.0269841 0.000586114 0.00176991 0.0219829 9.4354e-06 -0.000754653 0.00170462 0.00122426 -0.0313701 0.00585972 0.00506029 0.0012177 -0.0150952 0.00266619 -0.000166578 0.00687128 -0.00601981 -0.00838973 -0.0024055 3.38815e-05 0.0167989 -0.00174891 -0.0153463 0.000991107 0.00723363 0.000856471 0.000898469 0.0312841 0.00105999 -0.00549013 -0.023354 -0.039426 -0.000772875 
0.0772092 0.0232385 -0.00244323 -0.00297408 0.0122706 0.00824829 -0.0229824 0.0109623 0.0147183 -0.00236322 -0.0241354 -0.00289748 -0.00241769 -0.0292229 0.0472602 -0.0538044 -0.0275955 0.0205107 0.0379075 -0.0201412 -0.0195141 0.0298612 0.248851 0.0040964 0.000970657 0.00831083 0.00209631 -0.0212053 -0.112204 -0.0114005 -0.0137485 0.0111605 -0.0220645 -0.000453562 0.0256184 -0.00565893 -0.0109805 -0.0254293 -0.0637817 -0.0231682 -0.0190562 0.00622021 0.00850113 0.0118785 0.00154897 0.00791863 -0.00165531 0.000472968 0.00752261 -0.00279337 -0.00791692 -0.00940991 0.0238565 -0.0389302 0.00138295 -0.0165362 -0.0485505 0.0126669 0.00301724 0.00742792 -0.00658534 0.01341 -0.0235429 0.0072602 -0.00130513 0.0273916 0.00594304 0.0346158 -0.000266952 -0.000121827 0.0414488 -0.00237843 0.000626767 -0.000909571 -0.000607743 -0.0221538 0.0198661 0.0138616 -0.00118903 -0.0349259 0.0186877 0.0017594 -0.00867681 0.0157396 -0.0438786 -0.0117697 0.00179379 0.0497626 0.00281379 -0.0388472 -0.00805778 -0.00946812 0.00688946 -0.00406053 0.0741342 0.0210106 0.0236491 -0.0813898 -0.0605066 -0.0302926 
-0.0125771 -0.00517802 0.00497575 -0.00108073 -0.000544564 0.00339675 -0.0201239 0.00425373 -0.00347092 -0.000215403 -0.00346543 -0.015259 0.000672577 0.00193825 6.63207e-05 0.0146814 -0.0138048 -0.00862601 -0.00155417 0.0118318 -0.00520819 -0.00207638 0.0040964 0.070873 0.00794859 0.000510838 0.00738355 0.00295773 -0.00381173 -0.0138103 -0.00654407 -0.0043858 -0.00126006 -0.000145389 -0.00316389 0.000421667 -0.00146549 -0.0082685 0.000234975 -0.0043342 -0.00335696 -0.000596575 -0.000697349 -0.00147783 -0.000450767 0.0126533 -0.000465947 -0.000135841 -0.00199983 0.00343948 0.00942188 0.00184368 -0.00352679 -0.00750707 -0.000318037 -0.00716504 0.00246632 -0.00342747 0.00231894 -0.00470757 -0.00724708 -0.00201769 0.00712723 -0.000259718 0.00980892 -0.00407526 0.0050653 -0.000869436 -0.000335398 0.000639735 -0.00175654 -0.000204462 -3.01813e-05 -0.000523477 0.00184546 -0.00269381 -0.00450859 0.00149723 0.00227461 -0.00169901 -0.00346828 0.00145045 -0.00180882 0.00460661 0.00541096 0.0135847 7.35519e-05 0.00702847 0.00576972 -0.00701813 -0.00135606 0.00483781 -0.0014581 0.000613096 -0.0122304 0.00198956 -0.00476291 -0.00086808 -0.0127088 0.00609703 
0.0265691 0.0022077 0.000702472 5.16932e-05 -0.0055888 0.00418885 -0.0115383 -0.00835893 -0.00445762 -0.00386423 0.00732411 -0.0032562 -0.00334095 -0.0388771 -0.00642299 -0.0358829 -0.00330975 -0.00845206 -0.0266458 -0.0204422 0.0182325 4.80046e-05 0.000970657 0.00794859 0.147805 -0.00620514 0.0248505 0.0136755 -0.0230067 0.00250172 0.00562327 0.00212716 0.0352072 -0.000297627 -0.00871724 -0.00223956 0.004794 0.0102574 -0.0047716 -0.0273065 0.00741727 0.00361208 -0.00959229 -0.00221307 -0.00145732 -0.00594053 0.00435806 -0.000650169 -0.00112931 0.0102021 0.0108733 -0.0015667 0.00534444 -0.00843006 -0.000269485 -0.00459389 -0.0138077 0.00213617 -0.00523858 0.00675747 -0.00952247 -0.0041062 -0.000529473 -0.0175023 -0.00774124 -0.013781 0.00116846 0.00167585 0.00066676 -0.00101884 -0.0104852 -0.000955027 0.000762287 -0.000741247 0.0154742 -0.0124408 -0.00424115 0.00439251 0.0105502 0.0321378 0.0205522 -0.0072668 0.0120623 -0.00143476 0.0226859 -0.00658393 0.00401223 -0.00623793 -0.00661389 -0.0173036 0.00218565 0.013758 -0.00178229 -0.00260051 -0.0100009 0.000729063 -0.00478329 -0.0219561 -0.0459813 0.0148816 
0.0190937 0.0197648 0.00141292 0.00248564 -0.00230285 -0.00590857 0.00573471 0.00642752 -0.00423893 -0.00117412 -0.00111557 0.00946573 -0.00172922 0.00377819 -0.0108045 -0.0023946 0.0241278 -0.0154531 0.0159749 -0.00982707 0.0013334 -0.0015524 0.00831083 0.000510838 -0.00620514 0.0597483 -0.017496 -0.013832 -0.00881543 0.00417899 -0.00494845 -0.00312586 -0.00952516 -5.22268e-05 -0.00472138 -0.000118125 -0.0017996 -0.00576071 0.000773364 0.00501158 -0.00299354 -0.000411412 -0.00126141 0.000620323 -0.000399885 0.00305384 -0.000310971 0.000242328 0.000688338 -0.00522686 -0.00985615 0.000552819 -6.08504e-05 -0.00315835 -0.00093306 -0.00260173 0.00571793 1.6584e-05 0.00191165 0.0179023 -0.011603 -0.000998507 -0.00738724 -0.00779959 -0.00636142 -0.00485571 0.000999681 0.00643383 0.000358998 -0.000309432 -0.00535418 -5.88005e-05 0.000436092 0.00119069 -0.00410471 0.0058012 -0.00593581 -0.000217712 -0.00206701 -0.0019604 0.0255181 0.00146703 -0.00318941 0.000681113 -0.00451606 -0.000490701 -0.000272057 -0.00103085 -0.00159854 -0.000547042 -8.28776e-06 -0.00431634 -0.000284163 -0.000284187 -0.00747291 -0.00136312 -0.00533212 -0.00626387 -0.00417146 -0.00145622 
-0.0225787 -0.0269926 -0.0064826 -0.00580016 -0.00433085 0.0194695 -0.0340632 0.00788679 0.00400432 0.0040707 0.000916931 0.0574133 0.0136204 -0.0635304 0.0239891 -0.00446601 -0.068222 -0.00911526 -0.0819664 -0.000766918 -0.0510466 -0.00201057 0.00209631 0.00738355 0.0248505 -0.017496 0.246157 0.0824908 -0.042907 -0.0389674 -0.0138413 -0.00649934 0.044231 0.000503426 -0.00379029 -0.00466831 0.0182425 -0.0150175 -0.0534626 -0.0371352 -0.00311885 0.00190104 -0.0247667 -0.0133082 0.00424942 -0.00821088 0.00459695 -0.00241114 -0.00889081 0.0298265 0.0774291 -0.000768794 0.000235552 0.0255151 -0.0034082 -0.00586116 -0.0280701 -0.0112952 -0.00326696 -0.0161669 0.0651382 -0.0129825 0.0467517 0.0378942 0.0287958 -0.00893702 -0.00185431 -0.0301834 0.00385172 -0.00171444 0.00568761 -0.00208166 0.00132385 -0.00346725 0.0233408 -0.0498211 -0.0141403 -0.00675281 0.00704811 0.0204757 -0.0221041 -0.00824133 0.00792557 -0.0288045 0.0395186 -0.0139878 0.0027582 0.0338748 -0.00209957 -0.0178413 -0.00108292 0.0117506 -0.0102596 0.0014665 -0.0195526 0.0188091 -0.00926816 -0.0129415 -0.0294889 -0.00518232 
-0.0288643 -0.0127574 -0.00184905 -0.00427116 -0.0111124 0.00700626 -0.00853821 -0.00678486 0.00917659 0.0050914 0.00851698 0.0335242 0.0159719 -0.0580686 0.025408 0.0120963 -0.0326362 0.00903164 -0.0536525 -0.045373 -0.0213313 -0.0175186 -0.0212053 0.00295773 0.0136755 -0.013832 0.0824908 0.193705 -0.00864568 -0.00914804 -0.0139531 -0.00882589 0.0111726 0.000218609 -0.011816 -0.00213731 -0.0035981 -0.0147515 -0.0270359 -0.0551742 -0.00856706 0.00338411 -0.00855556 -0.00871989 0.00104127 -0.012329 0.00786328 -0.00128827 0.000608543 0.0224507 0.0489254 -0.0037969 -0.000474858 -0.00378054 -0.00381251 0.00729701 -0.0179566 -0.0063639 -0.00890322 -0.0196144 0.0793288 -0.0100716 0.0376477 0.0464489 -0.00821196 -0.00110705 -0.00581568 -0.0322573 -4.8094e-05 -0.00165311 -0.0118452 -0.000687075 -0.000458668 -0.00366751 0.0109867 -0.0265466 -0.0146787 -0.00159763 -0.00569022 0.0321334 -0.0164815 -0.00998281 -0.000876998 -0.0163163 0.0264719 -0.0176397 0.00388652 -0.00107411 0.00339757 -0.0131622 -0.00476095 0.0190149 -0.0058669 -0.00330125 -0.0157726 0.0170746 -0.00700811 0.0028924 0.0165202 0.0162057 
-0.0576331 -0.0196972 -0.00107312 -0.00267701 -0.0117523 -0.0189513 0.0404556 -0.00856824 -0.0189597 -0.00059092 0.00807646 -0.00148868 -0.00593251 0.0763253 -0.0709683 0.075624 0.0514633 -0.0238427 -0.0399622 0.0222276 0.0167052 -0.0332434 -0.112204 -0.00381173 -0.0230067 -0.00881543 -0.042907 -0.00864568 0.207142 0.0589333 0.000703165 -0.0186523 -0.0251692 -0.000251252 -0.0233205 0.00591984 -0.00457176 0.0116443 0.0801229 0.0462578 0.00762006 -0.00325391 -0.00881257 -0.0123929 -0.00386702 -0.00853147 -0.000555697 -0.00109577 0.00223687 -0.0202414 -0.0442837 0.00601503 -0.0255554 0.0258957 -0.00510277 0.0143906 0.0581941 -0.0106602 -0.00968549 -0.0154513 0.0151151 -0.0119929 0.00491417 -0.0304568 0.00362202 -0.0297912 -0.00711746 -0.0321421 -0.00328478 -0.00245199 -0.0234029 0.00180563 -1.34546e-05 0.000226259 -0.0177907 0.0656488 -0.0200485 -0.0101171 -0.000802025 0.014813 -0.0231412 -0.000328159 -0.00882474 -0.00923338 -0.000760419 0.0166619 -0.00210378 -0.0710002 -0.0129431 0.0482413 -0.0015014 -0.0191312 -0.00469757 -0.00236509 -0.0496522 -0.0148892 -0.0237609 0.0940673 0.0864689 0.0223933 
0.0375526 0.022011 -0.00422592 -0.00131427 -0.0110715 -0.0364635 0.0549263 -0.00227894 -0.0335369 -0.00271362 0.00238545 0.0383421 -0.0133738 0.0784785 -0.102131 0.0444324 0.0845439 -0.0249355 0.00584195 -0.0106253 0.0393213 -0.0272665 -0.0114005 -0.0138103 0.00250172 0.00417899 -0.0389674 -0.00914804 0.0589333 0.235009 -0.00413764 -0.0183171 -0.0494377 -0.000884276 -0.0366517 0.00140696 -0.0202097 0.0144279 0.0451519 0.0224324 -0.0107891 -0.00235971 -0.0199072 -0.0158229 -0.00458942 -0.0159471 -0.00318223 0.00021415 0.00653691 -0.0349337 -0.0594072 -0.00673419 -0.0267019 0.00183637 -0.00574952 -0.00362493 0.021319 -0.00866449 -0.0196187 -0.00296157 0.016021 -0.00861931 -0.00721343 -0.0228746 -0.0151558 -0.044024 -0.0137031 0.00162989 -0.00451277 -0.00713337 0.0186375 0.000502473 -0.000970312 -0.00391439 -0.0238815 0.0820807 -0.0350672 0.000729956 -0.00134093 0.0297032 0.0215504 -0.00808026 -0.0105432 -0.0120249 -0.0389058 0.0118785 -0.00237647 -0.027359 -0.0166069 0.0387673 -0.00706797 -0.0439909 -0.0113505 -0.00424778 -0.022554 -0.00352687 -0.0341548 0.045745 0.0483242 0.00774091 
0.00584153 -0.00010411 -2.05526e-05 0.00898055 -0.00596333 -0.0032303 0.0123377 -0.00470353 0.000471054 1.12536e-05 0.00789973 -0.0415617 -0.00330803 -0.0264231 0.00946258 -0.0443896 -0.018356 0.0192818 -0.0134699 -0.0324296 -3.84643e-05 0.0101793 -0.0137485 -0.00654407 0.00562327 -0.00494845 -0.0138413 -0.0139531 0.000703165 -0.00413764 0.129007 -0.00260877 0.0151557 -0.000109661 0.0156016 -0.000614976 0.000358011 0.00105184 -0.0195977 -0.0162082 0.0126519 -0.00207508 0.00561482 0.00228675 -0.00238819 -0.00134581 -0.00130902 -0.000152852 0.00149033 0.00804211 -0.0106791 -0.00277053 0.0176778 0.0124366 -0.000627471 0.00826418 -0.00881647 0.000719049 0.00146481 0.00702023 -0.0138173 -0.00189137 -0.0028091 0.00574996 -0.00797103 -0.00087402 0.00214926 0.00204021 -0.00200909 -0.0015162 0.00940821 -0.000416202 0.000135594 0.00207269 -0.00177983 -0.030773 0.0137561 -0.00232442 0.023054 -0.0169486 -0.0005339 -0.00385718 0.00708137 0.0104941 0.0138317 -0.00261843 -0.00110994 0.00120179 -0.00644203 -0.0163087 0.00389012 0.00496237 -0.000302715 -0.00089326 0.00379139 -0.00373649 0.0250103 -0.0186134 0.000131161 0.00962659 
0.000727559 -0.00421377 -0.00114616 -0.00177755 0.000248685 -0.00281549 -0.0332496 -0.00143611 0.00556346 0.0017011 -0.00379369 -0.0202223 -0.00162431 -0.0166217 0.0286575 -0.0390906 -0.0120042 0.0257755 0.0242939 0.00686163 -0.00412225 0.0230086 0.0111605 -0.0043858 0.00212716 -0.00312586 -0.00649934 -0.00882589 -0.0186523 -0.0183171 -0.00260877 0.0696359 0.00521684 -0.000187356 0.00212449 -0.000668262 -0.00189914 0.0292702 -0.0129116 -0.00333329 -0.00163689 -0.0006119 0.0069508 0.00679076 0.000615352 -0.000291709 -0.000343561 0.000751207 -0.00283396 0.00171347 -0.00645565 -0.000969423 -0.00352668 -0.00875397 0.00612797 0.0035424 -0.00790514 0.0010016 0.00308401 0.0136748 -0.0246524 0.0158228 -0.00717475 -0.0043617 0.00125307 0.0109222 0.0046667 0.01043 0.00237039 0.0022574 0.00271709 0.000131126 -0.000675377 -5.57172e-05 -0.00269951 -0.0236251 0.0232218 0.00713781 -0.00195635 -0.00837524 -0.00712974 0.0018583 -0.000284109 -0.0060232 -0.00687341 -0.00236521 -0.000597906 0.00695454 0.000435327 -0.00771049 0.000611765 0.00178517 0.000545582 0.00295808 0.0276153 -0.00303122 0.00430569 -0.0133626 -0.0267705 -0.00403958 
-0.0233276 -0.0183214 -0.00206826 -0.000318829 0.00348375 0.0370879 -0.00345976 -0.00816728 -0.00683617 0.00107722 0.0129973 -0.0174307 0.00152013 -0.051877 0.0249393 -0.0208721 -0.0451482 0.0349054 -0.0260045 0.0036427 -0.00696549 0.02685 -0.0220645 -0.00126006 0.0352072 -0.00952516 0.044231 0.0111726 -0.0251692 -0.0494377 0.0151557 0.00521684 0.147367 0.000537614 -0.00480485 -0.00221003 0.0290304 -0.00767109 -0.0262264 -0.0244363 0.0194579 -0.00125131 -0.00662003 -0.00295287 0.00213737 -0.00597745 0.00120766 0.000200485 -0.0101695 0.0379312 0.0706955 -0.00304358 0.0047578 0.0020422 -0.00182465 -0.00939937 -0.0187795 -0.00762318 0.00421981 0.00421327 -0.0192778 -0.0022667 0.0136223 -0.00974534 -0.0136568 0.00200656 0.00252026 -0.00304443 0.00377423 0.00121057 -0.0162423 -0.000846083 -0.00053459 0.000138527 0.0423892 -0.0697895 -0.00059163 -0.00403064 0.00491577 -0.00440423 -0.00729761 -0.00260146 0.0351673 -0.0146287 0.0419101 -0.00570744 0.00299083 -0.0103336 -0.00131204 -0.022646 0.0065933 0.0410734 -0.0028224 -0.0017168 -0.0133933 -0.00535441 -0.0136942 -0.025863 -0.0431563 0.00660328 
-0.000574656 -0.000233095 7.0793e-05 -2.00862e-05 -0.000127677 9.68343e-05 -0.000379992 0.000326277 -7.80686e-05 -3.28877e-05 0.000134218 0.000638107 0.000182908 -0.000479055 -0.0002187 9.8145e-05 -0.000696798 -0.00049051 -0.000496836 0.00044655 -0.000418666 -7.61142e-05 -0.000453562 -0.000145389 -0.000297627 -5.22268e-05 0.000503426 0.000218609 -0.000251252 -0.000884276 -0.000109661 -0.000187356 0.000537614 0.00328106 2.6871e-05 -3.08387e-05 0.000400115 -0.000252658 -0.000447934 -0.000330091 0.000190851 1.27134e-05 -4.21334e-05 -2.90834e-05 4.73673e-05 -9.32113e-05 2.08167e-05 -1.21563e-05 -0.000177151 0.000129155 0.000744995 0.000229498 6.84146e-05 0.00112168 -3.26314e-05 0.000279541 0.000171303 -5.80831e-05 -6.5296e-05 -0.000246405 1.92868e-05 -0.000116295 -0.000234525 3.47663e-05 0.000268533 0.000145575 1.35916e-05 -0.000315325 0.000103359 4.60201e-05 -0.000324814 -2.35186e-05 3.22569e-05 0.000132667 -2.91199e-05 -0.000767435 -0.000196955 -7.00542e-05 -5.51351e-05 4.90188e-05 -0.000357663 0.000133324 0.00046139 7.98368e-05 0.000212935 -0.000215624 -8.09788e-06 -0.00012331 -4.39036e-05 0.000109142 0.000166614 0.000125748 -7.8292e-05 6.56643e-05 -0.00053381 -9.57697e-05 6.71973e-05 0.000252149 -0.000287556 -9.75609e-05 
0.00831654 -0.00992521 -0.00119254 -0.00130844 -0.00276668 0.0119497 -0.0195905 -0.00330035 0.0231096 0.00271522 -0.00361039 -0.0259242 -0.00172886 -0.0207048 0.0368932 -0.0370652 -0.0272896 0.00253041 -0.0015244 -0.0106673 -0.0133332 -0.00393277 0.0256184 -0.00316389 -0.00871724 -0.00472138 -0.00379029 -0.011816 -0.0233205 -0.0366517 0.0156016 0.00212449 -0.00480485 2.6871e-05 0.0853665 -0.000597031 -0.00271453 -0.0118667 -0.0144097 -0.00953304 -0.0050411 0.00263914 2.11167e-05 0.000886613 -0.00131444 0.00275838 -0.0011423 -0.000432956 -0.00380416 -0.00281907 -0.0110879 -0.00138987 0.0141391 0.000439573 0.00261868 -0.000385635 -0.00883247 0.0136522 0.00591172 -0.00262613 -0.00543643 0.00807002 -0.00486443 0.0082395 0.012085 0.0279677 -0.000747845 -0.00697483 -0.00233755 -0.000708964 0.005587 -0.000483171 -0.000318232 -0.00105316 -0.000502677 -0.0281144 0.0205784 0.00375024 0.00832414 -0.0176041 -0.0104698 0.00127926 -0.00187241 0.0252398 -0.00454298 -0.00395442 -0.000289264 0.00568599 0.00276641 -0.0118945 -0.000579877 -0.001814 0.00420336 0.00175389 0.0331335 0.00223716 0.0499153 -0.0147813 0.00544053 -0.0053842 
