0.0603847 0.00802407 -0.000261131 0.0016677 0.000543596 -0.00601284 -2.65624e-05 -0.00474634 -0.00297756 -0.000350487 -0.00164602 0.000550779 0.00917043 0.00259048 -0.000614669 0.000646359 -0.00589698 -0.00149503 -0.00350856 -0.0305953 -0.00386147 0.00066051 0.00208004 -0.000982769 -0.00220005 -3.67957e-05 0.00415654 -0.000820599 0.00142341 0.00365443 0.00950431 0.000536583 -0.000206686 -0.00213466 -0.000164224 -0.000180122 -0.00353225 0.00160321 -0.000897769 0.000172948 0.00242451 -0.000288961 0.00191782 0.00433166 -0.00028603 -0.0116698 0.000175759 3.91467e-05 8.17011e-05 -0.00148195 -0.00122638 -0.00295377 -0.000773417 0.00157994 -0.0012345 0.000241147 0.00368609 0.00628956 -0.00665475 -0.000262485 0.0027412 1.27752e-06 0.000632494 -0.00112957 -5.90208e-05 0.00120748 0.00529223 -0.000895337 0.00558399 -0.000909604 -0.00166293 0.000783635 0.000788831 5.20688e-05 0.000211808 0.00328268 0.000412236 0.000270653 -0.00418249 -0.000787203 -0.0101906 -0.000551774 0.000839602 -0.0149127 -0.000359942 -0.00959309 -0.00427621 -0.000217676 0.000145377 -0.00317825 -0.00229835 0.0010022 -0.0108208 0.00786232 0.00128611 8.51777e-05 0.00307406 0.00405441 -0.00165853 -8.2202e-05 
0.00802407 0.0950202 0.0001693 0.00370172 -0.00035957 -0.00807878 -0.000856614 0.00391686 -0.00262055 -0.000386018 -0.00111683 0.00100567 0.0427257 0.00961024 -0.0144352 -0.000774403 -0.0192329 0.0318101 -0.029438 -0.0319275 -0.0358818 0.0118873 -0.0115841 -0.00955165 0.0111742 -0.00777223 0.00603978 -0.0263191 -0.00631219 -0.0093653 -0.011395 -0.00186848 -0.000730569 0.0123425 0.000515674 0.000322977 -0.00524381 0.0121506 0.0233393 -0.000127047 -0.00147056 -0.000574632 0.00651864 0.0142659 -0.000932743 -0.0373413 0.000488383 -0.000484025 -0.00373807 -0.017903 -0.00197968 0.0146705 -0.000202288 0.0020818 -0.00197078 0.0110025 -0.00228152 0.000948874 -0.0157306 0.00070856 0.0361264 -0.000141127 -0.00314715 0.000310248 -0.00197715 -0.0029033 0.0221837 0.00145671 0.00412371 -0.00307056 -0.00475941 -0.00165082 0.00103652 -7.09509e-05 0.0113108 0.00127683 0.00413165 0.00558175 -0.03128 -0.0101349 0.00138987 0.0051527 0.00230198 -0.0302477 0.000793861 -0.0220939 0.00903835 3.18108e-05 0.000230154 -0.00635331 -0.00382315 -0.00412354 -0.00400449 -0.00512638 0.0188217 0.00243998 0.00275953 0.00539086 -0.00504593 -0.000389875 
-0.000261131 0.0001693 0.004774 1.15352e-05 -3.96201e-06 0.000397422 6.22363e-05 -0.000123784 0.00059681 0.000387842 0.000938713 -2.45576e-05 -0.00100949 0.000112088 -0.000601544 5.29534e-05 -0.00111438 -0.00127754 -0.00172359 -0.00195023 0.00115073 -0.00103155 0.00150163 -0.00183163 -0.000341343 -0.000141177 0.000254919 -0.000788244 0.00185007 -0.00112889 0.00140792 -0.000196657 0.000300161 -0.000152678 3.0066e-05 1.29948e-05 0.00122533 -6.45668e-05 -0.00142493 2.8232e-06 0.00069993 -1.01175e-05 9.80068e-05 -0.000175613 -2.87439e-05 -0.000302766 0.000155652 2.57817e-05 0.000336611 -0.00163735 -0.000116392 0.000503444 3.9365e-05 -5.12309e-06 0.000174341 0.000558317 0.000707662 0.000322647 -0.00111241 1.42926e-05 0.000146241 1.28816e-06 2.78156e-05 0.000196754 0.00109222 1.67582e-06 -0.000813528 0.000401783 -5.47869e-05 0.000136144 -0.000131856 0.000122766 0.00085414 2.58624e-06 -0.00017024 -0.000317581 0.000100521 2.21653e-05 0.00155936 -0.000445452 -0.000997623 7.77688e-06 0.000690058 -0.00225195 -2.35626e-05 0.00126401 0.000106733 1.33738e-05 8.1935e-05 -7.8955e-05 8.12755e-05 0.000155765 -0.000816131 -0.000808091 -0.000519404 -2.72343e-05 0.000727041 -0.000170521 -0.000450481 -1.12405e-05 
0.0016677 0.00370172 1.15352e-05 0.03743 -0.000827981 -0.0025353 -5.31973e-05 -0.00459761 0.00781333 0.00175412 0.000890033 0.000126874 -0.00194545 7.57688e-05 -0.0023738 0.00125763 -3.45433e-05 0.00225228 -0.0111325 -0.00724264 -0.00257533 -0.00461601 0.0019968 -0.00445989 0.00412327 0.00148902 0.00217453 -0.00553277 0.00974445 0.00142474 0.00732714 0.00798597 0.00202694 -0.000610782 -0.000253292 0.000110036 0.00639836 2.1336e-05 0.00499099 -3.66467e-05 0.000358449 0.000423902 0.000254679 -0.000443734 4.50369e-05 -0.0120953 0.000500548 9.4759e-05 0.00210625 -0.0107082 -3.99503e-07 -0.00497568 -0.00109939 0.00137261 0.000257627 -0.00160186 0.00270964 0.00309002 -0.00384576 0.00147619 -0.00134226 0.000134764 -0.00199772 0.00176045 0.00350279 0.00230687 -0.00547128 -0.00055401 0.000578484 0.00165174 0.00108368 -0.0014 -0.000511269 2.61426e-05 0.0064557 0.00155306 -0.000637007 0.000426479 -0.000868231 -0.00111008 -0.00674595 0.000457538 4.96597e-05 -0.0145387 2.24064e-05 -0.0154517 0.00128292 1.57959e-05 0.000606531 -0.00211818 0.000659025 -0.000454738 -0.0108862 -0.00066837 0.00283762 0.0013744 0.00246552 0.001942 -0.00237987 5.58084e-05 
0.000543596 -0.00035957 -3.96201e-06 -0.000827981 0.0347381 -0.00129709 -0.000271727 -0.00431903 -0.00119018 -0.0006016 0.000270058 -0.000126937 0.000850182 -0.000871656 -0.00528927 -0.000691855 -0.00678068 0.00278109 -0.00426972 0.00105362 -0.00872885 0.00431832 -0.00179452 -0.00723802 0.00255318 -0.00198842 0.00104605 -0.00808415 -0.00288589 0.00173854 -0.00239967 -0.00177277 -0.000154313 0.00131732 -4.15396e-05 -4.44623e-05 -0.001638 0.000334883 0.010366 1.64944e-07 0.0012191 -8.74077e-05 -0.000992109 0.000400823 -0.000358636 -0.00557606 -5.31603e-05 0.000217306 6.73788e-05 -0.00272199 -0.000884506 -0.00301263 -0.000406762 4.94549e-05 -0.000990853 -0.0010062 -0.00071985 0.00240148 0.0115472 -4.39224e-05 0.00213945 0.000129806 -0.00179497 0.00037482 -5.90456e-06 8.45231e-05 -0.00763943 -0.000341263 -0.000780544 -0.000582087 -0.00218075 -0.00138575 -0.000256337 -3.24561e-05 -0.000648495 0.000388629 -0.0011866 -0.000113699 -0.00463518 -0.000794197 0.00699895 -1.70312e-05 0.000218675 0.00542153 0.000923083 -0.0105703 0.00404665 -0.000131628 -0.000819296 -0.00134255 0.00416592 -0.00073959 0.001079 0.00489271 0.0112583 -0.000292299 -0.000720389 -0.000856549 -0.00133148 -0.000211196 
-0.00601284 -0.00807878 0.000397422 -0.0025353 -0.00129709 0.117012 5.35381e-05 -0.00735225 0.0104203 -0.000698219 0.000357544 -0.000628797 -0.0192953 -0.00511146 -0.00595732 -0.00238054 -0.0323615 -0.0386697 0.0022872 -0.0126242 0.0572165 0.00357467 -0.00627204 0.017226 -0.0141844 -0.00435867 0.00297634 0.0265645 0.00100855 0.00861973 -0.00409459 0.00516141 0.000952023 0.00196209 -0.000779291 -0.000520038 0.0132471 -0.00243562 -0.0414664 0.000120494 0.00202427 -0.00140618 -0.00363542 -0.00328158 -0.000522356 0.0470018 -0.000390589 0.00114748 -0.00449321 0.0158246 0.00023443 -0.00982746 -0.00207899 -0.000603391 0.00100761 0.00291941 -0.00158146 -0.00212477 -0.025864 -0.00130877 -0.0148245 -0.000256612 0.00472802 0.00322442 -0.0021101 -0.00264951 -0.00584847 -0.00202205 -0.00116263 -0.00308018 -0.00750337 0.000833039 -0.000977579 -0.00022862 -0.00767559 -0.00961967 -5.34597e-05 -0.00374574 0.0517193 0.00993066 -0.0383232 -0.000775009 0.00839315 -0.0023591 0.000950269 0.0428649 -0.0149069 0.000267721 -0.00235371 -0.00433256 4.6212e-06 -0.00347674 -0.0277005 -0.0228801 -0.0427441 -0.000948961 -0.00456409 -0.00416785 0.0442638 -0.000973295 
-2.65624e-05 -0.000856614 6.22363e-05 -5.31973e-05 -0.000271727 5.35381e-05 0.0105404 -0.000602595 0.000441678 -0.00016237 0.000251755 -2.45047e-05 -0.00267033 -0.000146318 1.62243e-05 0.000605014 -0.00148478 -0.00328274 -0.00431494 -0.00149603 0.00417596 -0.00411192 0.00397954 -0.00303349 -0.000225353 0.0018867 -0.000524568 -0.000288834 0.00313143 -0.000835011 0.0033601 0.000460925 0.00141067 -0.000626566 0.000118376 1.69083e-05 0.00126192 -0.00015871 -0.00133649 9.16023e-05 0.000435839 3.14804e-05 0.00121613 -0.000569048 0.000177057 0.00167709 -2.18763e-05 4.9412e-05 0.000330505 -0.00287528 -5.26369e-05 -0.00122678 0.00030189 8.27045e-06 0.00034671 -0.000170164 0.000243095 0.000411919 -0.00263143 0.00066034 -0.00147211 -2.50713e-06 0.000674946 -1.3853e-05 0.00176056 0.000189899 -0.00276973 0.000223847 -0.000174945 0.00205989 0.00166325 -0.00033812 0.000108853 3.07099e-05 -0.000470494 -0.000507144 3.40379e-05 -0.000140666 0.00443181 -0.000710208 -0.0027186 -0.00010273 0.000611359 -0.00425376 9.41323e-05 0.000738086 0.000139214 -2.23173e-06 1.27356e-06 0.00124089 -0.000350832 0.00207779 -0.00183216 -0.00131653 -0.00254502 -1.97431e-05 0.000488885 -0.000220368 -0.000225796 -5.57932e-05 
-0.00474634 0.00391686 -0.000123784 -0.00459761 -0.00431903 -0.00735225 -0.000602595 0.143805 -0.00528314 -0.00145455 0.00112256 -0.000800959 0.0257494 -0.00171864 0.0152737 -0.0024529 -0.0468656 -0.0280289 -0.0104568 0.00503781 0.00718239 0.0169133 -0.0103082 0.0211627 -0.013735 0.00576104 -0.000120688 -0.00501318 -0.00889704 0.00225633 -0.0162865 -0.0107789 -0.00250749 -0.00172234 -0.000149285 0.00197243 -0.00539061 -0.00301996 -0.0237739 0.000148074 -0.00404836 -0.000853705 -0.000691081 0.00983581 0.000807349 0.00938908 -0.000488132 -0.00112646 -0.000123982 0.00987896 -0.00190055 0.0592475 0.00587698 -0.000342079 0.00631777 0.00432908 -0.00329053 -0.00717255 -0.0353541 -0.00260712 0.0127546 -9.87285e-05 -0.00228274 -0.00312873 -0.0085696 -0.00155613 0.0226379 0.00782207 0.00649215 -0.00534766 -0.00660883 -0.00294876 0.00224778 -2.19577e-05 -0.00558588 -0.00879503 0.00011179 -0.00398878 -0.00420217 0.00468278 -0.0162893 -0.000935475 -0.00183766 -0.0059704 -0.00125607 0.0336614 -0.0196557 -0.000451257 -0.00177821 0.0127431 0.000178835 -0.00598202 -0.00328756 -0.0216039 -0.0364191 0.000270408 -0.0087898 0.00484707 -0.00762965 -0.000908503 
-0.00297756 -0.00262055 0.00059681 0.00781333 -0.00119018 0.0104203 0.000441678 -0.00528314 0.0800619 0.00854257 0.00527292 0.000542703 -0.0139156 0.000814106 0.00727473 0.0019384 -0.0205578 -0.0239325 -0.0225645 -0.0479858 0.0305907 -0.039519 0.0326292 -0.0387009 -0.00797403 0.0263661 0.0194376 -0.0197469 0.0491283 0.00262068 0.0430294 0.00143046 0.00441633 0.000158428 0.000964629 0.000454188 0.0419929 0.000179386 -0.0251023 0.000335603 0.00183065 0.00112824 -0.0024127 -0.00380098 -0.000668179 -0.0237004 0.000511136 -0.000570492 0.0120832 -0.040648 -0.00161848 -0.00827881 0.00349556 0.000820416 -0.00162183 -0.00105315 0.0115926 0.0216299 -0.0192784 0.0112558 -0.00885177 0.000724115 0.00174404 0.0213892 0.0294262 0.0152764 -0.0109975 0.000558924 0.000334365 0.00700809 0.00814211 -0.000907851 0.00301168 0.000122295 0.00023055 -0.00641859 0.005141 -0.00231707 0.0261396 -0.0120027 -0.0250619 0.00171405 0.00821981 -0.053526 0.00182284 -0.0209845 -0.00583401 -3.42963e-05 -0.000305233 0.000997624 -0.00107468 0.00539542 -0.0276028 -0.01679 -0.0310365 -0.000162688 0.0244435 -0.000375011 -0.00378518 0.000147411 
-0.000350487 -0.000386018 0.000387842 0.00175412 -0.0006016 -0.000698219 -0.00016237 -0.00145455 0.00854257 0.0378091 0.00859751 0.000392698 -0.0047881 -0.000126401 0.00241618 0.00327345 -0.0046774 -0.00518615 -0.0096467 -0.0158336 -0.000344585 -0.0152239 0.000388192 -0.0146641 -0.00323404 0.00170727 0.00412771 -0.00701747 0.0178463 -0.0012432 0.0158792 0.000924564 0.00317152 0.000320881 0.000508801 0.0010528 0.0116691 0.000681081 -0.00979073 0.000524276 0.000667361 8.65966e-05 0.00134689 0.00671988 0.000237731 -0.01062 0.000881224 0.000149555 0.00348055 -0.0122872 0.00188275 -0.00362372 -0.00108068 0.000138168 0.00181324 -0.000280095 -0.000643423 -0.0021424 -0.00524577 -0.000174804 -0.00249529 0.000359288 -0.000654294 0.00187841 -0.000298445 0.00253993 -0.0039398 0.00101123 0.0017869 -0.000572416 0.00956455 -0.000863006 -0.000153153 0.000145401 0.00458294 -0.00201261 0.00575954 0.00220949 -0.0038123 -0.00449692 -0.00594045 0.000529067 0.00627748 -0.0186516 0.00347262 -0.00469037 0.00514442 1.58928e-05 0.00178345 0.00313596 0.00392343 3.64884e-06 -0.00755757 -0.00588646 0.000894437 0.000329086 -0.00172948 -0.00101933 0.0013146 0.000260371 
-0.00164602 -0.00111683 0.000938713 0.000890033 0.000270058 0.000357544 0.000251755 0.00112256 0.00527292 0.00859751 0.033743 -8.93314e-06 -0.0115239 -0.000533938 0.0071957 -0.000400848 -0.00546777 -0.00790411 -0.0119117 -0.0148421 0.0047543 -0.00941338 0.00418336 -0.0158842 -0.00166683 0.0084534 0.00131758 0.000918523 0.00895015 -0.0038273 0.00534882 -0.00167806 0.000454657 -0.00190822 0.000458377 0.00026246 0.00824311 0.00141694 -0.011597 -6.00141e-06 0.0027336 6.71617e-05 0.000456717 -0.000647194 0.000701502 0.00211611 0.000461748 -0.000112175 0.00387754 -0.0134072 -0.000613269 0.00165503 0.00344693 -1.0852e-05 0.000859867 0.000510987 0.00052217 8.19381e-05 -0.00636675 0.000855647 -0.00291604 2.93798e-05 -0.00144219 0.00375834 0.000933541 0.00231318 -0.00593991 0.00728071 -0.000486138 -0.000676589 0.00168532 -0.000160916 8.41436e-05 4.15155e-05 0.000133637 -0.00212568 0.00392651 0.00514778 0.00416616 0.00269935 -0.00777162 0.000522122 0.00592565 -0.015461 0.000911553 0.00244162 0.00594764 -4.51342e-05 0.00226176 0.00692362 0.00207994 -0.0002141 -0.00950331 -0.00553786 -0.00430393 -9.62831e-05 0.00137276 -0.000492287 -0.00271046 4.34917e-05 
0.000550779 0.00100567 -2.45576e-05 0.000126874 -0.000126937 -0.000628797 -2.45047e-05 -0.000800959 0.000542703 0.000392698 -8.93314e-06 0.010873 0.000687539 0.00284509 0.00149469 0.00146126 0.000996344 0.00357481 0.000511465 -0.00459223 -0.0011761 -0.00225354 -0.000521613 -0.00231766 0.00068349 0.000217267 0.000348407 0.000185306 0.000430668 -0.00476361 2.43384e-05 0.000760129 0.000339759 -9.39301e-05 0.000631912 -4.31457e-05 1.26811e-05 0.00145812 -0.00192137 1.7128e-05 -7.49016e-05 -6.75572e-05 0.00028414 -0.00114396 9.7601e-05 -0.00146565 0.000442485 0.000113553 7.58176e-05 -0.0032149 -0.000100955 0.000517588 0.000255457 0.000217672 0.000200898 0.000347031 -4.4864e-05 0.000640252 -0.0022455 3.23639e-05 -0.000378054 1.74265e-05 0.000291458 0.000277658 -0.000204749 -7.91621e-05 -5.42858e-05 0.000297797 0.000180531 -0.000252046 0.000402633 0.00147686 0.000275645 9.92725e-06 0.000923852 -0.000190531 0.000533161 0.000375646 -0.00191656 -0.00138021 -0.000292756 0.000550395 5.45848e-05 -0.00333014 0.000184845 -0.000748531 0.000298205 -1.29884e-05 0.000957378 0.000464681 -1.95099e-05 7.05302e-05 -0.00161254 -0.00150729 -0.00247288 0.00030024 0.00223335 -0.000332777 -0.00134838 0.000215753 
0.00917043 0.0427257 -0.00100949 -0.00194545 0.000850182 -0.0192953 -0.00267033 0.0257494 -0.0139156 -0.0047881 -0.0115239 0.000687539 0.249474 0.0053263 -0.0287957 -0.00606149 -0.0150268 0.0540001 -0.0186736 -0.024257 -0.082272 0.043012 -0.0471643 0.0255555 0.0114036 -0.0279132 0.0112974 -0.0506058 -0.038493 -0.0121225 -0.0501931 -0.0109594 -0.00708811 0.0112622 -0.000833749 0.000772145 -0.0231597 0.00816661 0.0433284 -0.000814367 -0.00980475 -0.002476 0.00557238 0.0309584 -0.00283947 -0.043039 0.000910434 -0.000841073 -0.0127057 0.018735 -0.00168136 0.0247983 -0.000423383 -0.000944914 -0.0107003 0.00684593 -0.0103852 -0.0230671 -0.00489174 -0.00266868 0.0401566 -0.000609778 -0.0169097 -0.00688185 -0.0223432 -0.0129618 0.0566905 -0.00479308 0.0086 -0.0144515 -0.0120632 0.000902152 -0.000421471 5.5325e-05 0.012855 -0.00964173 -0.000283727 0.00116598 -0.0814496 -0.0253058 0.0372825 0.00257647 -0.00651912 0.0107166 0.00396116 -0.0130364 0.0048929 0.000892482 0.00284033 0.000990572 0.000618073 -0.019997 0.0269406 0.00624572 0.0359175 0.00298142 -0.0172723 0.00326326 0.0015895 -0.00174485 
0.00259048 0.00961024 0.000112088 7.57688e-05 -0.000871656 -0.00511146 -0.000146318 -0.00171864 0.000814106 -0.000126401 -0.000533938 0.00284509 0.0053263 0.0482138 0.00717346 0.00389445 -0.00286593 0.00433766 -0.000568358 -0.018478 -0.00534714 -0.00750807 0.00440222 -0.0134637 -0.00087193 -0.00151596 0.00407164 -0.00165502 0.000135865 -0.0123449 0.00527026 0.00457609 0.000963709 0.00379919 0.00224679 0.000368735 -0.00170724 0.000337969 -0.00614401 3.45833e-05 -0.000550194 -8.79075e-05 0.00327174 -0.00164323 0.00227667 -0.0126005 0.000100128 0.000430112 0.0020527 -0.0158916 -0.000266929 0.00228341 0.000914189 5.94052e-05 0.00060873 0.00295166 -0.000354988 0.00487087 -0.00997329 -4.9825e-05 -8.76033e-05 -5.09065e-05 0.00254085 0.00084092 0.00176626 -0.000360515 0.00167476 0.00143162 0.000977585 0.000275946 -0.000470178 0.00619823 0.000590804 0.000235321 0.00537506 -8.62507e-05 0.00452392 -0.000879656 -0.00896989 0.0055398 -0.00193686 0.000948363 -0.00106582 -0.0133111 -0.000530686 0.00519547 -0.00372969 0.00052841 0.00476833 -0.00125956 -0.00172014 0.00112949 -0.00683775 -0.00458474 -0.0119712 0.00225143 0.00678052 0.00258887 -0.00706585 0.000133431 
-0.000614669 -0.0144352 -0.000601544 -0.0023738 -0.00528927 -0.00595732 1.62243e-05 0.0152737 0.00727473 0.00241618 0.0071957 0.00149469 -0.0287957 0.00717346 0.179672 0.00916184 -0.0029989 -0.0562973 -0.01632 -0.0433292 0.0783509 -0.00539058 0.0296917 -0.0295396 -0.0144654 0.0341865 -0.00337179 0.0566164 0.0133594 -0.0132432 0.0193459 0.0133695 -0.000919293 -0.00552545 0.000532196 0.00132809 0.0149054 -0.00291518 -0.0711496 -0.000110096 -0.000724162 0.00263055 0.00449153 -0.0176728 0.0045717 0.0338958 -0.000714166 0.00324887 0.011961 -0.0423229 -0.00541812 0.00215009 0.00754262 0.00143749 0.00685705 0.00565094 0.00282247 -0.00303175 -0.0600304 0.00316235 -0.0221243 0.00100046 0.0108684 0.00368864 0.00471954 0.00673574 0.0155808 0.00799461 -0.00292426 0.00477926 0.00706158 0.00747643 -0.00190134 -5.55887e-07 0.00206915 -0.0171079 0.00496088 -0.00575945 0.0558409 0.0184376 -0.0594656 -0.00169932 -0.00495119 -0.0316158 -0.00319356 0.044424 -0.0198544 -0.000304938 0.00831495 0.0252685 -0.00373597 0.00793822 -0.0671957 -0.0338435 -0.0795859 0.00257811 0.006034 -0.00260965 -0.0192547 0.00312705 
0.000646359 -0.000774403 5.29534e-05 0.00125763 -0.000691855 -0.00238054 0.000605014 -0.0024529 0.0019384 0.00327345 -0.000400848 0.00146126 -0.00606149 0.00389445 0.00916184 0.0292965 0.00381189 -0.00276597 -0.0044767 -0.0104464 0.00842433 -0.01117 0.00720164 -0.014504 -0.00170089 0.0011278 0.00051707 0.00174889 0.00990847 -0.0131206 0.0132493 0.00580654 0.00263137 0.00029487 0.000194543 0.000662843 0.00360636 0.000366525 -0.0103019 0.000242896 -7.72361e-06 0.000234653 0.000520489 -0.00224713 0.000181091 0.00128994 0.000447989 0.000696523 -0.000106541 -0.0162158 -0.000501436 -0.000535788 -0.000669852 0.000635521 0.00165933 0.0017311 0.0012277 0.00183935 -0.00775742 -0.000218013 -0.0024912 0.000221833 0.00358439 0.00082052 0.00118761 0.002117 -0.00216749 -0.000227821 0.00113648 0.00121594 0.00158964 0.000744192 0.00234101 7.00171e-05 0.00357016 -0.00169848 0.00314468 -5.87826e-05 0.001083 -0.00363178 -0.00632455 0.000434606 0.000800651 -0.0137964 0.000116562 0.00215154 -0.000492897 0.00047182 0.000938218 0.00221192 0.00187129 0.00597452 -0.00722044 -0.00568193 -0.00890205 0.000390411 0.00639362 -0.000683916 -0.00451876 0.000976073 
-0.00589698 -0.0192329 -0.00111438 -3.45433e-05 -0.00678068 -0.0323615 -0.00148478 -0.0468656 -0.0205578 -0.0046774 -0.00546777 0.000996344 -0.0150268 -0.00286593 -0.0029989 0.00381189 0.221068 0.040992 0.0503003 0.051204 -0.0418486 -0.0101396 -0.00923272 -0.00817358 0.0125357 -0.0197782 -0.0145386 0.0151779 -0.0170846 -0.020954 -0.00380945 0.00260851 -0.00156941 -0.00657746 -0.000505599 -0.00163944 -0.0182803 -0.00520361 0.0142067 -0.000626447 -0.00246524 0.00304391 -0.0130273 -0.0211436 0.000137867 -0.0113531 -0.000217089 0.00144176 -0.00723648 0.00614876 0.00016815 -0.0249994 -0.00498604 -0.00195769 -0.000366064 -0.00547338 -0.0043813 -0.0189148 0.0545472 -0.00809186 -0.0150143 -7.59277e-05 -0.000355435 -0.00876073 -0.0145506 -0.0123485 -0.00471454 -0.00296846 -0.0034964 0.00289048 0.0109542 0.0029454 -0.00582653 0.000604275 0.00356338 -0.00138343 -0.00881877 -0.000706625 -0.0558014 -0.0257035 0.0345491 -0.00276636 -0.0104264 0.0404289 -0.00412676 -0.0226373 0.00424408 0.0005565 0.00323211 -0.00691249 0.00092613 0.00371537 0.0500688 0.0374871 0.0463625 -0.00121552 -0.0157704 -0.00209221 -0.0259317 0.00142762 
-0.00149503 0.0318101 -0.00127754 0.00225228 0.00278109 -0.0386697 -0.00328274 -0.0280289 -0.0239325 -0.00518615 -0.00790411 0.00357481 0.0540001 0.00433766 -0.0562973 -0.00276597 0.040992 0.228439 0.0432032 0.0284368 -0.140728 -0.00372829 -0.0422083 0.0145946 0.0542664 -0.0344637 -0.00262324 -0.0473668 -0.046626 -0.0373128 -0.0429187 -0.00631251 -0.00645426 0.0126462 -0.00149329 -0.00206926 -0.0248585 0.0104468 0.114 -0.000761246 -0.0065105 -0.00110123 -0.00922851 -0.00842195 -0.00212852 -0.0658759 0.00120166 -0.000426794 -0.0117905 0.00495408 0.0063922 0.0051484 -0.00779602 -9.29843e-05 -0.00792066 -0.000389907 -0.00915033 -0.0171667 0.075655 -0.00679111 0.026149 -0.000292544 -0.0134398 -0.00824176 -0.0137242 -0.0133437 -0.017079 -0.00373374 -0.00470762 -0.0105272 -0.00419792 -0.00180211 -0.00140824 4.12748e-06 0.0134628 0.0361318 -0.00839345 0.00958512 -0.113716 -0.0336778 0.0954742 0.00422888 -0.0115519 0.0358836 0.000174496 -0.0911805 0.0295706 0.00068624 0.00212036 -0.0231885 -0.00437748 -0.0128033 0.0559563 0.0518309 0.10955 0.00120912 -0.0151182 -0.00855612 -0.0317462 -0.000785576 
-0.00350856 -0.029438 -0.00172359 -0.0111325 -0.00426972 0.0022872 -0.00431494 -0.0104568 -0.0225645 -0.0096467 -0.0119117 0.000511465 -0.0186736 -0.000568358 -0.01632 -0.0044767 0.0503003 0.0432032 0.23922 0.0486914 -0.0212047 -0.00435858 -0.0268623 0.0342543 0.00279768 -0.0290358 -0.00546823 0.0394514 -0.0456326 -0.0184304 -0.0274045 -0.00118471 -0.00845886 -0.0122097 -0.00401862 -0.00327734 -0.0190816 -0.0102434 0.0114959 -0.000224808 -0.0089534 -0.0019529 -0.0151119 -0.0253733 -0.000822089 0.0421198 -0.00087112 -0.000385398 -0.0130025 0.0523661 0.00197132 -0.00864256 -0.00567912 -0.00390641 0.00128724 -0.0113556 -0.00766377 -0.0202121 0.0415707 -0.0128527 -0.0384717 2.13809e-06 0.0124717 -0.0106696 -0.0191239 -0.0176938 -0.0157522 -0.00854846 -0.00980809 -0.00806833 0.00585194 0.00735652 -0.00695549 -5.68737e-05 -0.0052619 0.00995482 -0.0170016 -0.00216117 -0.021072 -0.0145607 0.0250873 -0.00348253 -0.00826821 0.0730425 -0.00647776 -0.00501293 -0.0226859 -0.0012899 -8.34666e-05 -0.0217873 -0.0107755 -0.00583939 0.038954 0.0253384 0.0188262 -0.00136599 -0.0232106 -0.00815692 0.00852045 -0.000405287 
-0.0305953 -0.0319275 -0.00195023 -0.00724264 0.00105362 -0.0126242 -0.00149603 0.00503781 -0.0479858 -0.0158336 -0.0148421 -0.00459223 -0.024257 -0.018478 -0.0433292 -0.0104464 0.051204 0.0284368 0.0486914 0.229511 -0.046669 0.0305906 -0.0474631 0.0677646 0.00189091 -0.0395735 -0.0333899 0.00940163 -0.0529559 0.0244721 -0.048362 -0.0145673 -0.00475695 -0.00455178 -0.00333806 -0.00171103 -0.0332649 -0.0139069 0.0512391 -5.35667e-05 -0.0095475 -0.00207261 -0.0192303 -0.013677 -0.001073 0.0343041 -0.00187321 -0.00289169 -0.0194424 0.085741 0.00429553 -0.00283344 -0.0113988 -0.00404284 0.00357137 -0.0196051 -0.0161314 -0.0333333 0.0647428 -0.0146771 -0.00756221 -0.000711163 -0.00967443 -0.0193076 -0.0325579 -0.0216691 -0.0174428 -0.00823106 -0.00613472 -0.00659669 -0.00515673 -0.00863873 -0.00838371 -0.000243942 -0.00883158 0.0116862 -0.0160699 -0.00190547 -0.0349986 0.0138683 0.0552059 -0.00635648 -0.0129758 0.106211 -0.00742705 -0.00548722 0.00911848 -0.000793889 -0.0104519 -0.0022197 0.00584146 -0.00735417 0.081707 0.0354013 0.0328007 -0.00340348 -0.0403411 5.11117e-05 0.00141685 -0.00233514 
-0.00386147 -0.0358818 0.00115073 -0.00257533 -0.00872885 0.0572165 0.00417596 0.00718239 0.0305907 -0.000344585 0.0047543 -0.0011761 -0.082272 -0.00534714 0.0783509 0.00842433 -0.0418486 -0.140728 -0.0212047 -0.046669 0.249426 -0.0249045 0.0652469 -0.0274169 -0.0334186 0.0507635 0.000231215 0.0829821 0.0553704 0.0150734 0.0565507 0.0102719 0.00630652 -0.0135964 0.00271165 -8.8201e-05 0.0354845 -0.00833632 -0.140633 0.000385491 0.00563332 0.00104566 0.00666779 -0.034816 0.00230421 0.0996111 -0.00172526 0.00137199 0.0177573 -0.0311433 -0.00742161 -0.0118176 0.00809816 0.00208824 0.0106956 0.000736774 0.0138398 0.0232684 -0.0995906 0.00941017 -0.0538266 0.00031665 0.0241568 0.00994831 0.0221819 0.0185913 -0.0258026 0.00610864 -0.00753671 0.0127938 0.00619243 0.000427039 0.00292313 -0.000438536 -0.0169714 -0.0343602 0.00904989 -0.0142322 0.161023 0.0252465 -0.116498 -0.00189478 0.00410765 -0.0549996 -0.0025133 0.0991818 -0.037478 -0.000750071 -0.000131207 0.0252733 -0.0107497 0.0212213 -0.0950343 -0.0629066 -0.162813 -0.000797662 0.0255351 0.000187899 0.0242884 0.00134783 
0.00066051 0.0118873 -0.00103155 -0.00461601 0.00431832 0.00357467 -0.00411192 0.0169133 -0.039519 -0.0152239 -0.00941338 -0.00225354 0.043012 -0.00750807 -0.00539058 -0.01117 -0.0101396 -0.00372829 -0.00435858 0.0305906 -0.0249045 0.178455 -0.0586574 0.0634556 -0.00637403 -0.0252404 -0.0108138 0.00869486 -0.0572329 0.0306216 -0.0654147 -0.0029984 -0.00780378 0.00905522 -0.00355593 -0.00110936 -0.0392754 0.00124217 -0.00711017 -0.00132392 -0.00495252 -0.00095682 0.00449471 0.0159656 -0.00258353 0.0271116 -0.00142757 2.45685e-05 -0.0153286 0.0428684 -0.00983551 0.0208476 -0.000764875 -0.00180543 -0.00549689 0.00627753 -0.0147203 -0.022314 -0.00971075 -0.00713645 0.0269912 -0.000693014 -0.024989 -0.0146691 -0.0277379 -0.0173378 0.0660615 -0.00391213 0.00103564 -0.0128951 -0.0275278 0.00300917 -0.0031465 -0.000439514 -0.00707401 -0.0121719 -0.00574737 -0.00367397 -0.0184953 0.00726128 0.00246995 -0.00131115 -0.00669669 0.065387 -0.00281328 0.0334493 -0.00792681 0.000518084 -0.00613823 -0.00489816 0.00154742 -0.0259625 0.0157589 -0.0106612 0.0268133 -0.00219211 -0.0225345 0.00203388 0.0275251 -0.000976186 
0.00208004 -0.0115841 0.00150163 0.0019968 -0.00179452 -0.00627204 0.00397954 -0.0103082 0.0326292 0.000388192 0.00418336 -0.000521613 -0.0471643 0.00440222 0.0296917 0.00720164 -0.00923272 -0.0422083 -0.0268623 -0.0474631 0.0652469 -0.0586574 0.124666 -0.0714207 -0.00822197 0.0380658 0.00363135 -0.00625271 0.0589829 -0.00390221 0.0697363 0.00565022 0.00694901 -0.00958881 0.00381774 0.000798993 0.0294963 -0.00251903 -0.0394984 0.000529953 0.00599005 0.00241359 -0.00125684 -0.0126996 0.00097125 -0.00997757 -0.00018065 -0.000424618 0.0248724 -0.0636785 -0.00396362 -0.0153095 0.00306041 0.0010054 0.0021361 -0.00246321 0.0183805 0.0367857 -0.0293477 0.0115477 -0.021364 0.000552184 0.0217498 0.0114341 0.0375688 0.0290583 -0.0359075 0.00548723 -0.00466913 0.0175433 0.0150264 -0.00176446 0.00528938 -9.3334e-05 -0.00615611 -0.00834948 0.000401314 -0.00383965 0.0611358 -0.0129211 -0.0354188 -0.00052994 0.00397512 -0.0627696 -1.73569e-05 -0.00156252 -0.009914 -0.00078375 -0.00182826 0.00813067 -0.00472556 0.0298538 -0.0421652 -0.0274733 -0.0421793 -0.000554039 0.0382842 -0.00439175 -0.0173738 0.00124702 
-0.000982769 -0.00955165 -0.00183163 -0.00445989 -0.00723802 0.017226 -0.00303349 0.0211627 -0.0387009 -0.0146641 -0.0158842 -0.00231766 0.0255555 -0.0134637 -0.0295396 -0.014504 -0.00817358 0.0145946 0.0342543 0.0677646 -0.0274169 0.0634556 -0.0714207 0.242075 -0.0142549 -0.0302304 -0.0188299 0.0380162 -0.0690971 0.0357009 -0.0818628 -0.0103293 -0.00960053 0.00103353 -0.00447555 -0.00182484 -0.0380315 -0.0131999 0.0150518 -0.000747033 -0.00637594 -0.0031474 -0.00638041 0.011196 -0.0043644 0.0531955 -0.000797739 0.000294735 -0.0223436 0.111797 0.00458326 0.00790731 -0.00546213 -0.00361043 -0.00646301 -0.00762179 -0.0152076 -0.0289943 -0.00679491 -0.0122985 -0.00138278 -0.00105314 -0.0109579 -0.0170322 -0.0328388 -0.0223973 0.0139775 -0.0100449 -0.00313269 -0.0170407 -0.0296346 -0.000232391 -0.00409077 -0.000625603 -0.0144785 0.00552444 -0.00940992 -0.00857881 -0.0195352 0.00900441 -0.00473812 -0.00459584 -0.0120677 0.0843226 -0.00630722 0.0456382 -0.0294126 -0.000141628 -0.00498708 -0.0167155 -0.00420461 -0.0190775 0.0362413 0.0214039 0.0129145 -0.00312299 -0.043267 0.000830813 0.0428966 -0.00098611 
-0.00220005 0.0111742 -0.000341343 0.00412327 0.00255318 -0.0141844 -0.000225353 -0.013735 -0.00797403 -0.00323404 -0.00166683 0.00068349 0.0114036 -0.00087193 -0.0144654 -0.00170089 0.0125357 0.0542664 0.00279768 0.00189091 -0.0334186 -0.00637403 -0.00822197 -0.0142549 0.139263 -0.0103394 0.000280162 -0.0262111 -0.017461 -0.00658347 -0.0112848 -0.00304847 -0.00284738 0.00987049 -0.000114008 -0.000355713 -0.0109086 0.0068437 0.0366654 -0.000237649 -0.000814089 -0.0017676 -0.00250932 0.00164049 -0.00113451 -0.0322513 0.000191066 0.000295968 -0.00485931 -0.008102 -0.00164025 -0.00787482 -0.0036484 0.00389323 -0.00142082 0.00150413 -0.00221915 0.00384688 0.0305223 -0.00179558 0.000690144 -0.000194667 -0.00490021 -0.0029092 -0.00135669 -0.00514291 -0.00874536 0.000184216 0.00213644 0.000454418 0.00972254 -0.00158035 0.00233151 7.35176e-05 -0.00118971 0.00856575 -0.00142457 0.00651305 -0.0321252 -0.0159231 0.0115521 0.00429385 -0.00507845 -1.8231e-05 -0.000954951 -0.0270288 0.0128155 0.000159698 -0.00266385 -0.010172 -0.00487025 -0.00216143 -0.0160995 0.0223118 0.0392545 0.00174128 -0.00588273 -0.00424086 -0.0224262 0.000341097 
-3.67957e-05 -0.00777223 -0.000141177 0.00148902 -0.00198842 -0.00435867 0.0018867 0.00576104 0.0263661 0.00170727 0.0084534 0.000217267 -0.0279132 -0.00151596 0.0341865 0.0011278 -0.0197782 -0.0344637 -0.0290358 -0.0395735 0.0507635 -0.0252404 0.0380658 -0.0302304 -0.0103394 0.0975182 0.00455957 0.00154276 0.0325781 -0.00294493 0.0277952 -0.00106922 0.0038225 -0.00298477 0.00238375 7.92304e-05 0.0223323 8.93891e-05 -0.0353752 -7.93427e-05 7.41043e-05 0.00249512 0.00530933 -0.00918905 -1.56431e-05 -0.00430018 -0.000258109 -0.000785822 0.0155602 -0.0255227 -0.00268698 -0.00415594 0.0119335 0.000517536 0.00120975 -0.00319605 0.00820745 0.0124542 -0.0296206 0.0109737 -0.0160273 0.000469089 0.00810168 0.0106318 0.0172689 0.0166084 -0.00734254 0.00766248 -0.00357904 0.0040997 0.00483091 0.000674431 0.000110347 -7.27283e-05 -0.00330699 -0.00701911 0.00442245 -0.00336846 0.0375098 -0.00133358 -0.0293035 -5.75586e-05 0.00321146 -0.0458775 0.000751282 0.00199805 -0.00892207 -0.000331552 0.0024725 0.0234561 -0.00438341 0.00786061 -0.0332339 -0.019825 -0.050155 0.000535939 0.0205901 -0.0015882 -0.0169363 0.00250942 
0.00415654 0.00603978 0.000254919 0.00217453 0.00104605 0.00297634 -0.000524568 -0.000120688 0.0194376 0.00412771 0.00131758 0.000348407 0.0112974 0.00407164 -0.00337179 0.00051707 -0.0145386 -0.00262324 -0.00546823 -0.0333899 0.000231215 -0.0108138 0.00363135 -0.0188299 0.000280162 0.00455957 0.0553383 -0.0130387 0.0129108 0.00144557 0.0100001 -4.84512e-05 0.000322144 0.00394558 0.000308566 9.68309e-05 0.00730951 0.00365349 -0.0101095 2.55304e-05 0.000591998 -4.0109e-05 0.0051209 0.00637731 -0.000402115 -0.0193889 -6.07231e-05 -0.000350072 -0.000551931 -0.0148716 -0.00119382 -0.00038937 0.0023052 0.000951549 -0.00139897 0.000359665 0.00503956 0.00534895 -0.0023939 0.00391491 -0.00394092 4.93816e-05 0.000691799 0.00908993 0.00623163 0.00146286 0.00832809 0.00142059 0.00137362 0.000203804 1.36759e-05 0.00159571 0.00176235 0.00029567 0.000292014 -0.00275612 0.00240902 -0.000853126 -0.00560711 -0.00623852 -0.00826862 0.00250349 0.00243432 -0.0250861 0.00443083 -0.00876834 -0.0019587 -3.28006e-06 0.00093572 -0.00223302 0.000450731 -1.03801e-05 -0.0149619 -0.00732029 -0.00504416 0.00140678 0.00878234 -0.00057518 -0.000282156 -0.000171902 
-0.000820599 -0.0263191 -0.000788244 -0.00553277 -0.00808415 0.0265645 -0.000288834 -0.00501318 -0.0197469 -0.00701747 0.000918523 0.000185306 -0.0506058 -0.00165502 0.0566164 0.00174889 0.0151779 -0.0473668 0.0394514 0.00940163 0.0829821 0.00869486 -0.00625271 0.0380162 -0.0262111 0.00154276 -0.0130387 0.214631 -0.0324944 -0.0416343 -0.0241277 0.0139656 -0.00467675 -0.0141616 -0.000847587 -0.00186048 -0.00346824 -0.0031833 -0.0874809 -0.000888654 -0.000657528 -0.000838795 -0.00116854 -0.0258459 0.00172002 0.123512 -3.11716e-05 0.00514164 -0.00491103 -0.00388893 -0.0029293 -0.00254256 0.00182378 -0.00238933 0.00503716 0.00356563 -0.00694021 -0.0201522 -0.0698936 -0.00710563 -0.0280728 -0.000244373 0.00920477 -0.00755583 -0.0149533 -0.00928548 -0.000440044 -0.000334903 -0.00876603 -0.00676766 -0.0162341 0.00981135 -0.00589339 0.00031928 -0.00375164 -0.0199909 -0.00273232 -0.00543333 0.0729549 0.0353601 -0.0531536 -0.00298571 -0.00628282 0.0255841 -0.00288511 0.0935203 -0.0125615 -0.000686631 0.00734552 0.010195 -0.00271282 -0.00281395 -0.0271327 -0.023951 -0.0859202 0.00073708 -0.0144109 0.00405493 0.027667 0.00136151 
0.00142341 -0.00631219 0.00185007 0.00974445 -0.00288589 0.00100855 0.00313143 -0.00889704 0.0491283 0.0178463 0.00895015 0.000430668 -0.038493 0.000135865 0.0133594 0.00990847 -0.0170846 -0.046626 -0.0456326 -0.0529559 0.0553704 -0.0572329 0.0589829 -0.0690971 -0.017461 0.0325781 0.0129108 -0.0324944 0.124327 0.00865856 0.0795932 0.00267948 0.0133071 -0.00658621 0.00328356 0.00146859 0.0438235 -0.0030102 -0.0377394 0.00131042 0.00474357 0.00275643 0.00546206 -0.00217954 0.000118833 -0.0427027 0.000416484 -0.000981905 0.0202088 -0.0517234 -0.000268434 -0.0162618 0.00230241 0.00258989 0.00944514 -0.00454919 0.0201679 0.0275568 -0.0259927 0.0138902 -0.0180262 0.000390395 0.00985099 0.0165507 0.0310598 0.0261241 -0.0253703 0.0036637 0.00400906 0.0172057 0.0258347 -0.00433295 0.00404239 0.000246835 0.00289318 -0.00909889 0.0139055 -0.00196573 0.0423133 -0.0134215 -0.0376748 -7.51359e-05 0.0126021 -0.086197 0.00419651 -0.0215935 -0.0096634 -0.000591265 -0.000577304 0.00434341 0.000363562 0.0208934 -0.0449271 -0.0271718 -0.0456036 -0.000275749 0.0383129 0.000766086 -0.0120321 0.00132866 
0.00365443 -0.0093653 -0.00112889 0.00142474 0.00173854 0.00861973 -0.000835011 0.00225633 0.00262068 -0.0012432 -0.0038273 -0.00476361 -0.0121225 -0.0123449 -0.0132432 -0.0131206 -0.020954 -0.0373128 -0.0184304 0.0244721 0.0150734 0.0306216 -0.00390221 0.0357009 -0.00658347 -0.00294493 0.00144557 -0.0416343 0.00865856 0.169845 0.00777512 -0.0137638 -5.70764e-05 -0.0104872 -0.00235681 0.000179632 -0.00380971 -0.0107959 0.0158449 -5.84255e-05 -0.000940443 -0.000160302 -0.00336501 0.00574508 -0.00226614 -0.029607 -0.00255415 -0.00483647 0.0016226 0.0548587 -0.000900932 -0.024107 -0.00311512 -0.000835756 -0.00253821 -0.0116768 0.000658896 0.00768255 0.0299422 0.00298258 -0.0224794 -0.000544956 -0.00968062 -0.00102039 0.00168485 0.00402646 -0.00891381 -0.00387677 -0.0010593 0.00477244 0.00148296 -0.00811816 -0.00246407 -0.000665317 -0.0181055 -0.00320954 -0.00229679 -0.00584997 0.0138223 0.00911714 -0.0202649 -0.00480603 -0.000218469 0.0224047 -0.0014361 -0.00761516 -0.0107897 -0.00206864 -0.0107515 -0.00977623 -0.00289215 -0.00393355 -0.0130455 0.0128711 0.0103239 -0.00350568 -0.00698031 -0.00167495 0.00987639 -0.00377356 
0.00950431 -0.011395 0.00140792 0.00732714 -0.00239967 -0.00409459 0.0033601 -0.0162865 0.0430294 0.0158792 0.00534882 2.43384e-05 -0.0501931 0.00527026 0.0193459 0.0132493 -0.00380945 -0.0429187 -0.0274045 -0.048362 0.0565507 -0.0654147 0.0697363 -0.0818628 -0.0112848 0.0277952 0.0100001 -0.0241277 0.0795932 0.00777512 0.143155 0.00716774 0.0136032 -0.00382534 0.00213114 0.0013743 0.0332136 -0.000849172 -0.0367043 0.00135681 0.0100151 0.00228569 -0.00143901 -0.00474797 0.000814177 -0.0274903 0.000241418 -0.00117926 0.0153122 -0.0574372 -0.00245303 -0.0228092 -0.00288649 0.00155847 0.00643501 -0.00592917 0.0190692 0.0335312 -0.0157213 0.00542379 -0.0223412 0.000988676 0.0221 0.0115148 0.0390836 0.0156256 -0.0331666 0.000943372 0.00227066 0.0182206 0.0276676 -0.0020155 0.00526517 4.67297e-05 -0.00251378 -0.00623715 0.00538645 -0.00152989 0.0330201 -0.00635056 -0.0395972 0.000696728 0.00767121 -0.0813829 0.00250244 -0.028805 -0.00559226 -0.000658294 -0.00265458 0.00753966 -0.000267599 0.0257526 -0.0441492 -0.0263713 -0.0355036 -0.000865055 0.0337191 -0.0001367 -0.0194287 0.00069182 
0.000536583 -0.00186848 -0.000196657 0.00798597 -0.00177277 0.00516141 0.000460925 -0.0107789 0.00143046 0.000924564 -0.00167806 0.000760129 -0.0109594 0.00457609 0.0133695 0.00580654 0.00260851 -0.00631251 -0.00118471 -0.0145673 0.0102719 -0.0029984 0.00565022 -0.0103293 -0.00304847 -0.00106922 -4.84512e-05 0.0139656 0.00267948 -0.0137638 0.00716774 0.0654428 0.00221776 0.000516657 -3.45929e-05 -3.74613e-05 0.00561369 -0.000772891 -0.00998325 -0.00013522 0.00046401 -0.0002265 -0.0023477 -0.00512987 0.00288091 0.00141631 3.01424e-05 0.0023935 0.00245868 -0.018338 -0.000523625 -0.00472992 -0.00167784 0.00199596 -0.000759977 0.0014047 -0.000354457 -0.00320808 -0.0165409 4.15395e-06 -0.00112118 0.000329343 0.00461568 0.000478983 -0.00122927 -8.66175e-07 -0.00213119 -0.00115774 -0.00150034 0.000155113 0.000437404 0.00070597 -0.000464267 -2.60208e-06 0.00421121 0.00262612 3.11235e-05 -0.00134809 0.0107492 0.00935066 -0.00712027 -7.3698e-05 -0.00194722 -0.00639587 -0.00131861 -0.00643482 -0.00538579 0.000846366 0.00216295 -0.00465061 -0.00290826 0.000870748 -0.00895905 -0.00569546 -0.00554177 0.00120758 0.000752654 -0.000131656 0.000178406 0.000990825 
-0.000206686 -0.000730569 0.000300161 0.00202694 -0.000154313 0.000952023 0.00141067 -0.00250749 0.00441633 0.00317152 0.000454657 0.000339759 -0.00708811 0.000963709 -0.000919293 0.00263137 -0.00156941 -0.00645426 -0.00845886 -0.00475695 0.00630652 -0.00780378 0.00694901 -0.00960053 -0.00284738 0.0038225 0.000322144 -0.00467675 0.0133071 -5.70764e-05 0.0136032 0.00221776 0.0203542 0.000245964 0.00129963 0.000234428 0.00836333 -0.000420719 -0.00532238 0.000459349 0.000228861 0.000326078 0.000261512 0.000521475 2.56133e-05 -0.00659927 0.000230085 -0.000125778 0.00288803 -0.00519957 -0.000233298 -0.00244971 0.000196093 0.000205364 0.000209422 -0.000805991 -0.000180127 0.00104896 -0.00270911 0.000809886 -0.00230757 0.000109884 0.000425732 0.00234675 0.000835267 0.00248115 -0.00328724 -6.84445e-05 0.000861298 0.00105637 0.00420697 -0.000807763 4.83764e-05 0.000215869 -0.000511642 -0.0010546 0.00114647 0.000255965 0.00275398 -0.00154637 -0.00523727 0.000393611 0.00242835 -0.0103402 0.000262152 -0.00406381 -0.00150554 -5.00073e-05 -0.000390092 0.000416986 -1.61778e-05 0.00314206 -0.00550694 -0.00387767 -0.00422408 -4.93112e-05 0.00356241 0.00033749 -0.0017692 0.000100533 
-0.00213466 0.0123425 -0.000152678 -0.000610782 0.00131732 0.00196209 -0.000626566 -0.00172234 0.000158428 0.000320881 -0.00190822 -9.39301e-05 0.0112622 0.00379919 -0.00552545 0.00029487 -0.00657746 0.0126462 -0.0122097 -0.00455178 -0.0135964 0.00905522 -0.00958881 0.00103353 0.00987049 -0.00298477 0.00394558 -0.0141616 -0.00658621 -0.0104872 -0.00382534 0.000516657 0.000245964 0.0806323 1.86804e-05 -2.28472e-05 -0.00471657 0.00505873 0.00142496 0.000167976 -0.00166898 -0.000302597 0.00122755 0.00461988 0.000793683 -0.0146096 6.25329e-05 4.80524e-05 -0.00249644 -0.0115391 -0.0016287 0.0143519 0.0031682 0.000824554 0.00128381 0.00853928 -0.00014832 0.00243731 -0.0071575 -0.00165988 0.0195663 -8.85614e-05 -0.00201519 0.000249682 0.00309112 -0.00337593 0.00990757 -0.000455381 0.00248659 0.000807284 -0.00391945 -0.000948121 0.00433924 0.000300971 -0.00321567 0.00263479 0.00515406 -0.000439335 -0.0218344 -0.00260402 -0.00346411 0.00454724 -0.000413039 -0.0130478 0.000152668 -0.0162045 -0.0066943 0.00109133 0.000788112 -0.00635086 -0.0033157 -0.00337155 0.00429892 -0.0106937 -0.000684109 8.15761e-05 -0.000379417 -0.00294495 -0.00298028 -0.000193043 
