0.0103917 -0.00114137 -4.39371e-05 -2.49366e-05 -8.34545e-05 -0.000390637 -5.08336e-06 -0.000682522 0.000393079 0.0011828 -0.000988694 5.6802e-06 -0.000536775 -0.00065625 0.000728034 -0.00231906 0.000432438 -0.00142588 -0.000133135 -0.000311069 0.000578613 0.000749915 -9.22661e-05 -0.000511595 0.000920665 -0.000517307 -0.0017258 -4.22529e-05 -0.00126771 0.002177 9.22797e-05 0.00154282 0.00281587 -0.00108169 -0.00014092 0.000423449 0.00233537 -6.5745e-05 8.92069e-05 0.000167013 0.000307705 -0.00032357 -0.0028468 1.77471e-05 0.000560363 0.000157797 1.3457e-05 0.000264448 0.00128218 -8.29762e-05 -2.84798e-05 -5.15585e-05 -0.00128337 3.4793e-05 -0.00105555 5.61046e-05 1.173e-05 -0.000144481 -0.000238838 0.000285404 -0.000121648 -0.000139561 2.4387e-06 -0.000122377 -0.00101395 0.000200924 0.000306121 -0.00018808 0.000162621 -0.000842556 -4.02927e-06 -9.71473e-06 -0.000103416 0.000427107 0.000856128 9.56247e-05 4.19001e-05 1.08369e-06 4.4856e-05 -0.000267162 -5.58778e-05 -0.000125051 -0.000899997 1.92465e-05 -3.6201e-06 -0.00218242 -1.46158e-05 -0.0017566 0.000217325 0.000120059 3.43514e-05 -0.000151253 -0.00105368 -0.000391793 2.32843e-06 -0.000560378 0.000206661 -0.00102697 0.000612827 -9.08317e-05 
-0.00114137 0.128199 -0.00150228 -0.000302521 -0.00536553 0.00753125 -0.000488133 -0.00723621 0.0336117 0.00690347 0.0264982 -0.000421445 0.00606513 -0.00803803 -0.00638028 0.0031008 -0.0036595 -0.0146468 -0.00725512 0.00656579 -0.0240464 -0.00801959 -0.0191874 0.0367745 0.00189081 -0.00299893 -0.0139787 -0.000657333 -0.0249348 -0.0159597 0.00302953 -0.0118108 -0.00360525 -0.000955892 0.00207846 0.00164159 -0.0256208 0.00662633 8.94004e-05 -0.000872364 -0.00261199 -0.000937325 0.0371711 -9.37004e-05 0.00257944 -0.000185487 -0.000999958 0.0028951 -0.00821594 -0.00347406 -0.000244624 -0.000534836 0.041245 -0.000291601 0.0386249 -1.68021e-05 -7.91968e-05 0.00154062 -0.00326904 -0.001846 0.00158587 -0.00220675 -0.000148825 -0.0116279 -0.0177947 -0.00234664 0.000748159 -0.0064337 -0.000648501 -0.0126293 9.77049e-05 0.000809009 -0.00830473 -0.0027854 -0.00601139 0.00268098 -0.00288081 -0.000407522 -0.000119717 -0.00279939 0.00189921 -0.00300175 -0.0364981 1.29707e-05 -0.000207986 -0.0159466 -0.000238994 -0.0037701 -0.0264047 0.000258763 -0.00179954 -0.0132651 0.0177067 -0.00646232 -0.00109528 0.00260175 -0.00283566 0.0104284 -0.0124336 -0.000501551 
-4.39371e-05 -0.00150228 0.0361606 -6.09147e-06 -0.00167566 0.00347873 -2.14851e-05 -0.00212862 0.00439574 0.0141543 -0.00331661 0.000189811 0.00115766 0.00319583 -0.00153425 -0.00134971 -0.00274728 0.00257135 0.0009262 -0.000455372 0.0011972 0.000332124 0.0013676 0.00154727 -0.00397911 0.000932406 -0.0094744 0.00171646 0.00204916 -0.003834 0.0020013 -0.00383493 -0.00152617 0.00984421 -0.00395574 0.00273481 -0.0047651 -3.5066e-05 0.00286904 -0.000149943 0.000310479 0.00103078 0.00625145 8.8481e-05 -0.00821377 5.53826e-05 -0.000265874 -0.00125156 -0.00207328 -0.0010536 -6.80633e-05 -4.54908e-05 0.000981269 -7.39957e-05 0.00278677 1.26325e-05 5.07721e-06 0.000106829 0.0017174 -2.82821e-05 -0.00393355 -0.00025212 2.8594e-05 -0.0121673 -0.00150779 -0.000450307 0.000168223 0.000102363 -0.000229775 -0.00363559 0.000412846 0.000476685 4.95216e-05 -0.000769553 -0.00277044 0.000721021 -0.000485324 0.000124101 2.12088e-05 -0.000735639 0.000672168 -0.00134998 -0.0110549 -1.35618e-06 -2.02998e-06 0.00496887 -3.66775e-05 -0.000877051 -0.0134759 -0.000237447 0.000799815 -0.00143887 0.000744709 0.00150844 -0.000143289 0.00146025 -0.00051969 -0.00027252 -0.00259275 -7.76711e-05 
-2.49366e-05 -0.000302521 -6.09147e-06 0.00401346 0.00052065 7.00863e-05 7.14547e-05 0.00122361 -0.00186065 -0.000487367 -0.00032765 0.000154324 -0.00126144 -0.000454851 7.20397e-05 -0.000692917 -0.000645878 4.28734e-05 0.000997838 0.000151897 -0.00197327 0.000426555 0.00126693 0.000362923 0.0017457 -0.00026053 0.000694883 0.000311676 -0.000505547 -0.000112546 8.74696e-05 -0.000453222 6.7088e-05 -0.000543485 0.00049537 -6.60406e-06 -0.000820492 -0.00036438 0.000228251 5.90807e-05 1.40155e-05 0.000277829 0.000914691 3.14405e-05 -0.000581718 -5.40066e-06 0.000332953 -5.56037e-05 -0.000127603 -8.15838e-05 0.000154095 -4.39763e-05 -0.000163589 -1.41467e-06 0.000170439 8.66216e-06 2.01657e-05 0.000109649 -1.94616e-05 2.6404e-05 0.000385088 4.30953e-05 1.10222e-05 -0.00141383 -0.000320924 0.000220362 3.83851e-06 0.00020191 5.13848e-05 1.41534e-05 5.49667e-06 4.41718e-05 -0.000236693 -3.31326e-05 -0.000979246 2.20424e-05 0.000110464 0.000195006 -7.70742e-07 0.000572919 0.000211939 0.000656215 -0.00053809 -5.03649e-06 2.24285e-05 0.000713377 7.1894e-05 -0.000486522 -0.00206057 7.24101e-05 -8.64913e-05 -0.000611432 -0.00032859 -0.000205073 0.000203101 -1.34913e-05 -0.000107818 0.000616165 6.82792e-05 -2.88267e-05 
-8.34545e-05 -0.00536553 -0.00167566 0.00052065 0.0697326 -0.00118703 0.000368745 0.0109641 -0.0176772 -0.0189119 -0.0112136 0.000620254 -0.00658703 -0.00729824 0.000157808 -0.0063337 -0.0211563 0.0267385 0.000752969 0.00522913 -0.0201035 0.000286625 0.021317 -0.015183 0.0131492 0.00623413 0.0203287 0.000474213 -0.0120024 -0.00927651 0.0011563 -0.0102252 -0.00248679 0.00711207 0.0163784 -0.000672785 -0.0242821 -0.00628428 0.0055311 -0.000518683 0.00247568 -0.0021583 0.00215535 0.000249025 0.00252281 -0.000224654 -0.000121267 -0.00390189 -0.00489919 0.00016784 0.00023938 0.00142655 -0.000953407 -1.10208e-05 -0.00385014 -5.29977e-05 -7.69185e-06 0.000265369 0.000101848 -0.000732931 0.0152612 -0.00158408 0.000270468 -0.0113398 -0.00632847 0.000542067 -0.000387069 -0.000271498 1.23617e-05 -0.000646485 -5.03123e-05 -0.000581286 0.00661457 0.00156118 -0.0264806 0.00609034 0.00147782 0.00103896 -9.22412e-05 0.00112833 0.000248591 0.00280438 -0.00653434 -0.000104031 -2.06254e-05 0.0284765 0.000183604 0.00400497 -0.0224407 -0.000196949 -0.00133698 -0.0121554 -0.00238156 -0.00370823 0.000882842 -0.00587279 -0.00285309 0.0162285 0.0181525 -0.000831041 
-0.000390637 0.00753125 0.00347873 7.00863e-05 -0.00118703 0.0427583 -0.000117315 -0.00155849 0.0100446 0.00777469 0.00226608 5.83743e-05 0.00146404 -0.00547313 0.0010537 0.00956257 -0.00800447 -0.00040285 -0.000769861 0.00917343 -0.00788669 -0.00157001 0.000102833 0.0108563 0.0109322 -0.000332368 -0.0145141 0.00125492 -0.00603416 -0.00829468 0.00145815 -0.0093352 0.000234348 0.0161526 -0.000759521 -0.00018063 -0.0117985 0.000830612 0.00981727 -0.000114706 -0.000717791 -0.000530113 0.0169094 0.000235635 -0.0105897 -5.3532e-05 -0.000305612 -0.000817888 -0.00204521 -0.00128399 -0.000104308 -0.000383017 0.014885 -2.01296e-05 0.012453 3.62646e-05 -3.08771e-05 -2.88745e-05 -0.0007985 0.000292861 -0.0038894 -0.000704565 -5.87237e-05 -0.00970285 -0.00629143 -0.000624393 -3.26524e-05 -0.00224496 -0.000213146 -0.00522589 0.000462199 0.000124548 -0.00126897 -0.000774349 -0.0155331 0.00122475 -0.000688027 1.94551e-05 4.91689e-05 -0.000831967 2.00987e-05 -0.00112537 -0.0102777 5.07566e-05 -5.73538e-05 -0.00371562 -1.88989e-05 -0.00217104 -0.0169996 -0.000285493 -0.000719763 -0.00524565 -0.00322287 -0.00237111 -0.00019595 0.00244678 -0.00167132 0.000661603 -0.00357812 -0.000572393 
-5.08336e-06 -0.000488133 -2.14851e-05 7.14547e-05 0.000368745 -0.000117315 0.00400528 0.00079553 -0.00146356 -0.00115694 -0.000570106 4.33287e-05 -0.00136912 0.000295895 -0.00016622 0.000810477 -0.000825447 -0.000208071 0.000867658 0.000201118 -0.00109347 -0.000201398 0.000933611 -0.000803005 0.0002671 -7.60273e-05 0.000493132 0.000115432 -0.000292094 -0.000160128 0.000193725 -0.000519659 -0.00017569 -0.000638856 0.000741393 -3.20654e-05 -0.00029801 -0.000560608 -5.52454e-05 3.49916e-05 -2.59192e-05 0.000252808 -0.000554807 1.35496e-05 5.54125e-05 4.08729e-06 5.25466e-05 -0.000220285 -6.19198e-05 8.50863e-05 3.61467e-05 2.85183e-05 -0.000197693 -5.91873e-06 -0.00041398 1.52529e-05 3.15583e-05 -2.59907e-05 -1.17593e-05 -4.71286e-05 0.000946857 2.51356e-05 6.66525e-05 -0.00101191 0.000856862 -3.0277e-05 -3.71786e-05 0.000466063 0.000121276 6.5553e-06 1.35922e-05 0.000320185 0.00053395 -2.95848e-05 -0.00053157 0.00018121 0.000678003 3.14157e-05 -2.27209e-06 0.000239001 3.71786e-05 0.000786894 0.000112781 -3.75166e-06 1.61816e-05 0.000277791 0.000108345 0.00059057 -0.00213035 0.000308353 -7.94695e-05 -0.000194683 -0.000424486 -0.000189798 0.000163857 -0.000166451 7.14926e-05 -8.14782e-05 -3.39308e-06 5.74418e-06 
-0.000682522 -0.00723621 -0.00212862 0.00122361 0.0109641 -0.00155849 0.00079553 0.116045 -0.0452377 -0.0285653 -0.011129 0.00265022 -0.0310349 -0.00953668 -0.00758972 0.00448326 -0.0399061 0.0249309 0.0310173 5.14044e-05 -0.0241601 0.0152803 0.0453599 0.0232397 -0.00418821 -0.0025453 0.00806071 -0.000104982 0.0163462 -0.00415365 -0.0012465 -0.0110694 -0.00373237 -0.0100621 0.00902573 -0.0016321 -0.034188 -0.00663561 -0.000420792 0.000789602 0.00221319 -0.0018954 -0.0184683 0.000437623 0.00871406 -0.000416979 0.000697279 0.00835154 -0.00708198 -0.00167392 0.00104941 0.00190506 -0.00985641 -7.87755e-05 -0.00354007 -3.25237e-05 0.00023427 0.00377274 0.00120487 -0.00154986 0.00927895 -0.00138214 0.000487389 -0.0384881 -0.0127464 -0.000613137 0.000327527 -0.00327554 8.87115e-05 0.00411974 -6.5287e-05 0.00325828 -0.00864475 -0.000564913 -0.0137254 0.00606938 0.00264535 0.00216024 -7.18439e-05 0.000250856 0.00062695 0.0025088 -0.0264113 -0.000165562 -0.000134232 0.0465423 0.000374153 0.0176903 -0.00887031 0.000240002 -0.001465 -0.00168855 -0.00444182 -0.00311504 0.00241752 0.00701731 -0.00291559 0.0190116 -0.00639299 0.00455728 
0.000393079 0.0336117 0.00439574 -0.00186065 -0.0176772 0.0100446 -0.00146356 -0.0452377 0.220467 0.0801241 0.0263659 -0.00238359 0.0430813 0.00198037 -0.0178739 0.0182631 0.0169469 -0.0406097 -0.0274366 0.00352877 0.0205671 -0.0112117 -0.0481561 0.0305109 0.000710309 -0.00672778 -0.0355055 6.95915e-05 -0.0626933 -0.0310562 0.00217977 -0.0145763 -0.00322947 0.0413826 0.00101434 -0.00121493 0.00517196 0.00677048 0.000561441 -0.00275019 -0.0115955 -0.0033352 0.0774493 -0.000625483 0.0257715 0.000741995 -0.00123355 -0.0139252 -0.0190796 -0.00383294 -0.00156318 -0.00165508 0.0291072 -0.00179706 0.0333235 -5.71993e-05 -0.000660861 0.00119159 -0.00791556 -0.00281992 -0.038634 -0.000168375 -0.00130149 0.00594222 -0.0215406 -0.00523496 -0.00200217 -0.020193 -0.00263798 -0.0623774 5.6468e-05 -0.0012119 -0.0071472 -0.0137696 0.0043414 -0.00179407 -0.00943765 -0.00132932 -0.000233861 -0.0120008 0.000578856 -0.0128063 -0.0309815 0.000256489 -0.000768782 -0.0433665 -0.000727113 0.0108418 -0.0104557 -0.00142275 0.00118459 0.00398439 0.0175406 -0.00562083 -0.00470755 0.00966037 -0.00209926 -0.00699892 -0.0214685 -0.00591446 
0.0011828 0.00690347 0.0141543 -0.000487367 -0.0189119 0.00777469 -0.00115694 -0.0285653 0.0801241 0.240622 -0.0159296 -0.00124606 0.0336404 0.0231585 -0.0185549 -0.040431 0.00975484 -0.0403093 -0.0127484 -0.00264496 0.00773308 0.0112159 -0.0301658 0.0816023 -0.0259592 -0.00323793 -0.0397665 0.00308913 -0.0157008 -0.0413247 0.00368548 -0.00656798 -0.00372324 0.0566478 -0.0335146 0.00441031 0.0142899 -0.0140809 0.00854937 0.000194783 -0.00120981 0.0104242 0.0567683 -0.000275773 -0.0427291 6.0337e-05 -0.00271448 -0.0276335 -0.00306734 -0.0076729 -0.00090124 -0.00349719 -0.00468672 -0.00124163 0.0436569 -7.84846e-05 -0.000342962 0.00145706 -0.0040763 -0.00296634 -0.0457047 0.000741824 -0.000604669 -0.0216826 -0.024713 -0.00534792 0.000874492 -0.0129658 -0.00159342 -0.0455581 0.000118901 -0.00290042 -0.0226718 -0.008271 0.0258171 -0.00904073 -0.00851995 -0.00014487 -2.30249e-06 -0.00487197 -0.000816414 -0.00800514 -0.078959 -3.6072e-05 -0.000526541 0.00280378 -0.000530641 0.00353548 0.00447651 -0.000711546 -0.00194388 0.00937214 0.0180318 0.0063713 -0.00323128 0.0143407 -0.00356374 0.00772814 -0.000235679 -0.00403811 
-0.000988694 0.0264982 -0.00331661 -0.00032765 -0.0112136 0.00226608 -0.000570106 -0.011129 0.0263659 -0.0159296 0.178296 -0.000809082 -0.00206902 -0.0204167 0.00546438 0.0323978 0.0182048 -0.0454395 -0.00136009 -0.00364082 -0.00863824 -0.0212945 -0.0170773 0.00137422 -0.00300357 -0.00355853 -0.01589 -0.00156998 -0.0234695 0.0142012 -0.0023886 0.0224085 0.00389753 -0.0144275 0.0099839 0.000718884 0.0399399 -0.016959 -0.00703637 0.00420023 -0.00746507 -0.00990875 0.0108219 -0.000276497 0.0103928 0.000569691 0.000339997 -0.0107747 0.00575296 -0.0020371 -5.44487e-05 -0.00126672 0.0369843 -0.000621608 0.0352338 2.79242e-05 -7.73853e-05 0.00107611 -0.00466585 -0.000393462 0.00369391 0.00229795 -0.00040619 -0.0084764 -0.0169049 0.00425465 -0.00276323 -0.000170977 -0.000392654 -0.0221575 6.53007e-06 -0.00379557 0.00134132 -0.00463975 -0.00662963 -0.00297856 -0.00332126 -0.000795269 -8.54391e-05 -0.00332176 0.000438978 0.000992995 -0.000597987 0.0001735 -0.000168543 -0.0555508 -0.000299536 -0.0526646 0.00330813 -5.06591e-05 0.000426209 0.0329129 -0.0063866 -0.00426796 -0.00164116 -0.00410658 -0.00518553 -0.0176674 -0.0208192 -0.000952887 
5.6802e-06 -0.000421445 0.000189811 0.000154324 0.000620254 5.83743e-05 4.33287e-05 0.00265022 -0.00238359 -0.00124606 -0.000809082 0.00421963 -0.00158189 -0.000429584 -0.000231751 0.000523103 -0.0023338 0.00156501 0.00194285 -8.66733e-05 -0.00136002 0.0010578 0.00169477 2.27822e-06 -0.000332647 0.000330275 -0.000545593 6.00788e-05 0.000631792 -0.000548712 0.000102087 -0.000524214 -7.11864e-05 -0.000753064 0.00025831 -5.54111e-05 -0.00117619 -9.4078e-05 0.000103044 2.44318e-05 -0.000121154 0.000297706 -0.000899163 6.80933e-05 0.000275659 -5.0428e-06 3.30288e-05 0.000278632 -0.000203504 -0.000128002 0.000150075 0.000151937 -0.00027959 -2.83065e-06 -0.000428769 3.41466e-06 3.23537e-05 -1.00708e-05 0.000304218 -5.16989e-05 0.000112377 -3.4272e-05 8.01932e-06 -0.00161716 -0.000573941 0.000217228 0.000162251 1.14931e-05 0.000172485 0.000324635 1.34268e-05 8.23402e-05 -0.000374174 0.000100329 -0.000939147 8.35198e-05 0.000771457 0.000522209 2.85936e-05 -6.26542e-05 8.48648e-05 0.000167653 -0.00151254 4.96893e-06 7.46547e-06 0.00141068 0.000266282 -0.000156618 -0.00108112 -2.14814e-05 -7.28711e-05 -0.000496214 -8.44484e-05 -0.00014169 0.000931985 0.000112256 -0.00011992 0.000959348 -0.00032972 0.000344352 
-0.000536775 0.00606513 0.00115766 -0.00126144 -0.00658703 0.00146404 -0.00136912 -0.0310349 0.0430813 0.0336404 -0.00206902 -0.00158189 0.0976011 0.00522257 0.00298915 -0.01729 0.0214685 -0.00517467 -0.0217261 0.00121386 0.0280388 -0.00435489 -0.0289342 0.00827651 0.00487344 0.00419812 -0.01032 -0.00160471 0.00307667 -0.0314523 -0.000517372 -0.0253336 0.000524295 0.0197775 -0.0122935 -0.000506329 0.0181725 -0.00610324 0.000738199 -0.00213127 -0.00192595 0.00125325 0.029125 -0.000496799 -0.017446 -0.000152246 -0.000370956 -0.0144107 0.00310243 -0.00415362 -0.000659065 -0.00596129 0.00806932 -0.00270787 0.00461741 -0.00018839 -0.000441587 -0.000357 -0.00051622 -0.00068821 -0.0323781 -0.00140887 -0.00149636 0.0130093 -0.00237184 -0.00323473 0.000243721 -0.000281244 -0.00179915 -0.0139333 -0.000184262 -0.00174842 0.00431854 -0.00772982 0.0119842 -0.00110349 -0.0027758 -0.000701995 -0.000118821 -0.000212213 -0.000611521 -0.00718325 -0.0113918 0.000107101 -7.93701e-05 -0.00813215 -0.000226501 -0.0018226 -0.00912527 -0.00103116 0.000315358 -0.00365868 0.00806594 0.00139896 -0.00382212 0.00137541 0.00147594 0.00212351 -0.00520126 -0.00574275 
-0.00065625 -0.00803803 0.00319583 -0.000454851 -0.00729824 -0.00547313 0.000295895 -0.00953668 0.00198037 0.0231585 -0.0204167 -0.000429584 0.00522257 0.12288 -0.00158684 -0.0291524 0.00422591 -0.0205548 -0.00865691 -0.00347036 0.014317 0.00619496 -0.0123863 0.012102 -0.0245711 0.0036163 -0.0123321 -0.000673433 0.0154622 0.00682026 0.00136978 -0.0186461 -0.00126401 -0.000954701 -0.0151953 0.00444236 0.0173991 -0.0105415 -0.00262092 -0.000941983 -3.51834e-05 0.0161109 -0.0200304 -0.000172152 -0.0130856 0.000143503 -0.000758949 -0.00669535 -0.00628419 0.00159597 -0.000316538 -0.000977579 -0.0134977 -0.000436497 -0.0144325 -8.1235e-05 -4.28428e-05 -0.00158142 -2.86904e-05 -0.0016777 -0.0156748 -0.000459907 0.00030509 -0.00839397 -0.00130474 -0.00100099 0.00136305 0.00289029 -0.000951409 -0.00954844 -2.9123e-05 -0.00354121 -0.0101107 -0.00108919 0.0620836 -0.00258153 -0.00232938 -0.000515751 -0.000102781 -0.000538728 0.000487426 -0.00182331 -0.0250166 -5.62574e-05 0.000253726 -0.00944792 -8.42103e-05 0.00321687 0.000659751 -0.00110749 0.000159264 0.0191755 0.0118889 0.0124387 -0.000518251 0.00802598 0.00609031 -0.011074 0.0129567 0.000759126 
0.000728034 -0.00638028 -0.00153425 7.20397e-05 0.000157808 0.0010537 -0.00016622 -0.00758972 -0.0178739 -0.0185549 0.00546438 -0.000231751 0.00298915 -0.00158684 0.0612827 -0.00372005 0.00381385 -0.00219433 -0.00320881 -0.000514617 0.00341083 -0.00529578 -0.00789573 -0.0171064 0.015908 0.00241484 0.00138538 -0.000705548 -0.00465831 -0.000299388 -0.000187808 -0.00264546 0.0141976 -0.0049041 -0.00268371 0.00147313 0.00753481 0.00358146 -0.00148731 -0.000251625 -0.00139235 -0.00252075 -0.011008 -3.12952e-07 -0.0157041 -4.57443e-05 0.000332058 0.00216863 0.0111135 3.25185e-05 0.000344894 -0.000644549 -0.00196254 0.000425354 -0.00371733 5.35279e-05 -3.80745e-05 -0.00091671 0.000186824 0.00282427 0.00123847 -0.000440239 0.000286719 0.0209403 -0.00178033 0.00148704 -0.000174406 -0.00119247 0.000415732 0.00147426 8.21296e-06 -0.000693957 0.00296544 0.00125002 -0.00246653 -0.00138842 -0.00076295 -0.000239443 0.000141106 0.00214061 -0.000500046 0.000644975 0.016392 -9.18628e-05 8.2203e-05 -0.0142424 3.62165e-05 -0.00828308 -0.000238 -6.52669e-05 0.00129984 -0.00209735 -0.00613491 -0.00267631 7.13157e-05 -0.00381198 0.00389791 -0.00384979 0.00384177 -0.000806367 
-0.00231906 0.0031008 -0.00134971 -0.000692917 -0.0063337 0.00956257 0.000810477 0.00448326 0.0182631 -0.040431 0.0323978 0.000523103 -0.01729 -0.0291524 -0.00372005 0.242706 0.00334 -0.0143558 0.0268546 -0.00681217 0.0224277 -0.0267619 0.0220082 -0.0188232 -0.0126029 0.00319606 -0.0280773 -0.00248919 0.004828 0.000340923 -0.00199395 -0.0069717 -0.00389329 -0.0211557 -0.00180007 -0.00569013 -0.0151112 0.00466544 -0.00342527 -0.0014145 -0.0113277 -0.0075904 0.00541623 -0.000235705 0.00928408 0.00021024 -0.00224685 0.00328017 -0.0160041 -0.00398138 -0.000476531 -0.000733855 0.0204067 -7.01514e-06 0.0172335 8.07299e-05 -9.12999e-05 -0.0033936 -0.00459258 -8.97947e-05 -0.000118399 -0.00319237 -0.0010517 -0.0133923 0.00339718 -9.16279e-05 -0.00345086 -0.00135082 -0.00105945 0.00367457 0.000327618 0.00566224 0.0204409 -0.00466848 -0.0337586 -0.00409475 0.0095058 -0.0010556 -8.48978e-05 -0.00343508 0.00153279 -0.0089227 0.00436879 -0.000570914 -0.000490427 -0.0271693 -0.000154593 0.029163 -0.00388595 0.000284919 -0.000201457 0.0169511 -0.0346121 -0.0118291 -0.000412073 -0.00429749 -0.00840262 -0.0236042 -0.0325994 0.000666963 
0.000432438 -0.0036595 -0.00274728 -0.000645878 -0.0211563 -0.00800447 -0.000825447 -0.0399061 0.0169469 0.00975484 0.0182048 -0.0023338 0.0214685 0.00422591 0.00381385 0.00334 0.104329 -0.0520018 -0.01135 -0.0117153 0.0243305 -0.0073185 -0.0226245 -0.00346811 0.00822038 -0.00135894 0.00459159 -0.00424031 0.0116422 0.0128512 -0.00333127 0.0119665 0.00370979 -0.00537371 -0.0106063 0.000602124 0.0378575 -0.0136811 -0.0133651 0.000124835 -0.00443857 -0.00778228 -0.00073192 -0.000594787 -0.0116172 7.08287e-05 0.000241261 -0.0058669 0.00791244 -0.0022141 -0.000781994 -0.00551597 -0.00238592 -0.00190815 0.00608497 -4.05364e-05 -0.000247536 -0.00476338 -0.00251873 0.000646771 -0.00694042 -4.79929e-06 -0.00126111 0.0278697 0.0144759 -0.000354848 -0.0034485 0.00365641 -0.000282946 0.00189512 -0.000185098 -0.0025588 0.00389068 -0.00165399 0.0249893 -0.00847494 -0.0035764 -0.00255583 -0.000189397 0.00211256 -0.00283817 -0.00207698 0.0234102 -1.92961e-05 2.78811e-05 -0.0516318 -0.000908837 -0.0182755 0.0247652 -0.000209587 -0.000777533 0.0107641 -0.0045801 -0.000159104 -0.00255757 -0.00478485 0.00224391 -0.0330877 -0.00729712 -0.00165747 
-0.00142588 -0.0146468 0.00257135 4.28734e-05 0.0267385 -0.00040285 -0.000208071 0.0249309 -0.0406097 -0.0403093 -0.0454395 0.00156501 -0.00517467 -0.0205548 -0.00219433 -0.0143558 -0.0520018 0.213138 0.00157301 0.00263954 -0.0181869 -0.000700004 0.0251327 -0.0547504 -0.00737149 0.00852157 0.0225989 0.00336932 -0.00228082 -0.0158596 -4.05498e-05 -0.0239359 -0.00806037 -0.000488487 0.0156259 -0.00346096 -0.0876592 0.035323 0.00936693 -0.00190922 0.00418352 -0.00325539 -0.0112871 0.000260656 0.0273441 -0.000643297 0.000621196 0.0171437 -0.0194521 -0.000129023 0.000496509 0.00226145 -0.0130649 0.00181071 -0.0392292 -0.000173343 7.51073e-05 0.000257623 0.0108778 0.00146202 0.0109428 -0.00032007 0.000625882 -0.001178 -0.0255538 0.00152678 0.00168647 -0.00596209 -0.000785021 0.0170402 -0.000127833 0.00071713 0.00520175 0.00501125 -0.0620469 0.00629548 0.00707399 0.00223627 7.33875e-05 -0.00130606 0.000408922 0.000784767 0.0172605 -0.000124031 -0.000576458 0.084636 0.000733671 0.0353986 -0.0166886 -0.00115009 0.00601973 -0.0448637 0.00625396 -0.00460762 0.00100173 -0.0160222 -0.00471732 0.046267 0.0178675 0.000295753 
-0.000133135 -0.00725512 0.0009262 0.000997838 0.000752969 -0.000769861 0.000867658 0.0310173 -0.0274366 -0.0127484 -0.00136009 0.00194285 -0.0217261 -0.00865691 -0.00320881 0.0268546 -0.01135 0.00157301 0.0757501 -0.00229737 -0.00672923 0.00250689 0.0218064 0.00912448 0.00634663 0.00473677 -0.00219982 -0.000365133 0.0150879 0.00230337 -0.000838439 -0.000767396 -0.00173434 -0.0125677 0.00107863 -0.000927745 -0.0109065 -0.00906194 -7.28615e-05 0.00179785 -0.00229167 -0.000637688 -0.0101393 0.000338323 -0.00172144 -0.000114368 -0.000178268 -0.0015291 -0.00212846 -0.0022234 0.000691541 0.00028007 -0.00695316 -0.000306927 -0.00485163 0.000148073 0.000326903 0.000398423 0.00326273 -0.000729159 0.00577058 -0.00127507 -0.000109212 -0.0314404 -0.00418365 0.000306436 -0.000140901 -0.000579775 0.000174057 0.00961008 2.19978e-05 0.00454608 -0.00643189 -0.00110025 -0.0146372 -0.000375034 0.0060683 0.000757338 -4.34618e-05 -0.000264731 0.0011615 -0.00109269 -0.0169068 -0.000108057 3.17983e-05 0.0208646 2.55342e-05 0.0058221 -0.00585063 0.000873855 6.70817e-05 0.0102165 -0.00639799 -0.00349389 0.00174875 0.000118662 -0.0021116 -0.00279939 -0.00810074 0.00525857 
-0.000311069 0.00656579 -0.000455372 0.000151897 0.00522913 0.00917343 0.000201118 5.14044e-05 0.00352877 -0.00264496 -0.00364082 -8.66733e-05 0.00121386 -0.00347036 -0.000514617 -0.00681217 -0.0117153 0.00263954 -0.00229737 0.037759 -0.00927873 0.00509591 0.00523727 0.00373045 0.00723978 0.00260332 -0.00278765 0.00152163 -0.00538715 -0.00522295 0.0014537 -0.00574837 -0.00143847 0.0141759 0.000776996 -0.000160232 -0.0110783 -0.002641 0.00502807 -0.000135123 0.000709563 -0.000601488 0.0116897 0.000314464 -0.00777381 -6.70799e-06 7.84697e-05 -0.000538521 -0.00114431 0.000271066 -6.63857e-05 -8.26062e-05 0.0121286 -5.46799e-05 0.00193527 -9.56597e-06 5.4494e-05 0.000583371 -0.000563158 0.000375459 -0.00233994 -0.000607979 -5.27291e-05 -0.0145421 -0.00128868 -0.000487458 0.00045471 8.30511e-05 0.000189915 -0.00124824 3.36564e-05 0.00119249 -0.00398635 -0.000760657 -0.0113665 0.00265819 -0.000873135 0.000518737 -3.3383e-05 0.000279613 0.00013624 0.000150509 0.00192551 -1.21717e-06 6.76203e-05 0.00281854 -5.52592e-06 0.00998949 -0.0218684 0.000133538 -0.000177126 -0.00724848 -0.0031582 -0.00173885 -0.000275122 0.000634254 -9.48388e-05 -0.000486894 -0.00308044 -0.000393369 
0.000578613 -0.0240464 0.0011972 -0.00197327 -0.0201035 -0.00788669 -0.00109347 -0.0241601 0.0205671 0.00773308 -0.00863824 -0.00136002 0.0280388 0.014317 0.00341083 0.0224277 0.0243305 -0.0181869 -0.00672923 -0.00927873 0.148844 0.00560552 -0.0210369 -0.0142702 -0.0157087 0.00876634 -0.0286344 -0.00246536 0.039193 0.00423222 -0.00278152 -0.0244275 0.0032115 0.00242811 -0.0512499 -0.00158857 0.0307229 -0.0180914 -0.00366826 -0.0022027 -0.000957901 0.00190876 -0.0133563 -0.000827636 -0.0253667 -0.000174565 -0.00348245 -0.00596989 0.00674472 -0.00555183 -0.00132962 -0.00490673 -0.0175949 -0.00200052 -0.0223893 -3.55178e-05 -0.000577577 -0.00677245 0.00120417 0.00104909 -0.0404285 -0.00016012 -0.00154973 0.0220533 0.020013 -0.00215593 -0.0002143 0.00423961 -0.000846056 0.00898913 -0.000129979 0.0011533 0.0173584 -0.00993178 0.0374655 -0.00147872 0.000784146 -0.00189995 -0.000295405 -0.00202559 -0.000851608 -0.0159683 0.019045 -0.000106565 -0.00041791 -0.0230134 -0.000258865 0.0155148 0.0242734 -0.00116295 0.000954231 0.0216303 -0.018489 0.007159 -0.00235705 -0.000267288 0.00273874 -0.0285616 -0.00458284 -0.00185351 
0.000749915 -0.00801959 0.000332124 0.000426555 0.000286625 -0.00157001 -0.000201398 0.0152803 -0.0112117 0.0112159 -0.0212945 0.0010578 -0.00435489 0.00619496 -0.00529578 -0.0267619 -0.0073185 -0.000700004 0.00250689 0.00509591 0.00560552 0.105053 0.010515 0.0233751 -0.00882099 0.00197977 -0.0143606 0.0012784 0.0201385 0.00731097 -0.00188358 -0.00167439 -0.00258306 0.0315458 -0.0148522 0.00123518 -0.0188935 -0.0040649 0.00280239 -0.000975062 0.00460772 0.000597682 -0.0172214 8.04801e-05 -0.0180413 -0.000343232 -0.000689109 0.00309534 0.00137241 -0.00267959 4.44671e-05 -0.00117921 -0.0156941 -0.000469319 -0.0136454 -3.21768e-05 7.45013e-05 -0.00137756 2.78081e-05 -0.000690042 -0.0110923 -7.12494e-05 0.000109487 -0.0402444 0.00433835 -0.00228213 0.00420742 -0.0032924 -0.000380222 -0.00727215 -3.9995e-05 0.00187727 -0.0121761 -0.000426521 0.0131893 -0.000827781 -0.000885317 0.000393679 4.66687e-05 -0.000189833 -0.00059393 -0.00387636 -0.0194644 -0.000152416 -0.000153395 0.0245957 -5.5913e-06 0.00380855 -0.00223904 -0.000347823 -0.000707368 -0.00767685 0.012944 0.00106647 0.000442213 0.0168103 -0.000914719 -0.00625862 5.55549e-05 0.000697353 
-9.22661e-05 -0.0191874 0.0013676 0.00126693 0.021317 0.000102833 0.000933611 0.0453599 -0.0481561 -0.0301658 -0.0170773 0.00169477 -0.0289342 -0.0123863 -0.00789573 0.0220082 -0.0226245 0.0251327 0.0218064 0.00523727 -0.0210369 0.010515 0.129014 0.00684343 0.00589437 -0.00471874 0.0153479 0.00193298 0.00890976 -0.00205429 -0.00114575 -0.00791169 -0.00584061 -0.00666756 0.0190447 -0.00171801 -0.0376004 -0.0131765 0.00352278 0.000662677 -9.32e-05 -0.00100026 -0.021106 0.000671184 -0.000356281 -0.000157002 0.000444508 -0.0038208 -0.0100394 -0.00415097 0.000657092 0.00139696 -0.00616628 4.4488e-05 -0.00803329 1.41498e-05 0.000286279 -0.000730662 0.000306004 -0.000558651 0.00856907 -0.00258719 -0.00018476 -0.0524402 -0.00942532 0.00397038 -0.00114494 0.00539407 -0.000251079 0.00423304 8.78358e-05 0.00180331 -0.000864849 0.000300322 -0.0229459 0.00416918 0.00406946 0.000921825 -1.21077e-05 0.00539769 0.000363016 0.00829798 -0.0227582 -0.000263399 8.6538e-06 0.0569783 0.000445789 0.0210854 -0.0149128 0.00089034 -0.000833968 0.000572668 -0.0122709 -0.00371725 0.002018 -0.000906626 -0.00289211 0.00985175 -0.000786617 0.00263733 
-0.000511595 0.0367745 0.00154727 0.000362923 -0.015183 0.0108563 -0.000803005 0.0232397 0.0305109 0.0816023 0.00137422 2.27822e-06 0.00827651 0.012102 -0.0171064 -0.0188232 -0.00346811 -0.0547504 0.00912448 0.00373045 -0.0142702 0.0233751 0.00684343 0.240845 -0.0106171 -0.0195277 -0.0546791 -0.000226704 0.0309046 -0.0113624 0.00556806 -0.0109094 -0.00516573 0.0285553 -0.0268079 0.0013558 -0.0285363 -0.0309562 0.0106925 0.00217724 0.00257546 0.0151188 0.0486783 -0.000305822 -0.0660012 -0.000367448 -0.00209769 -0.0147813 -0.00452253 -0.0090069 -0.000199719 -0.00430229 0.0215237 -0.00177633 0.0545949 -3.97467e-05 6.27025e-05 0.0025345 -0.0049517 -0.00385698 -0.0378484 -0.00483278 -6.85704e-05 -0.08671 -0.032676 -0.000405026 0.00510873 -0.00883036 -0.00203565 -0.0348926 0.000359083 0.00107733 -0.0300216 -0.00641851 0.048161 -0.00414757 -0.00674719 0.000101892 -8.12682e-05 -0.00216329 0.00148421 -0.0056974 -0.128524 -0.000426129 -0.000104982 0.00412538 -0.000351812 -0.0298552 -0.0077905 -0.000984962 -0.0013413 0.0318649 0.0298536 0.0126846 -0.00184155 0.0304171 -0.00710866 0.00659649 -0.0120149 0.00309052 
0.000920665 0.00189081 -0.00397911 0.0017457 0.0131492 0.0109322 0.0002671 -0.00418821 0.000710309 -0.0259592 -0.00300357 -0.000332647 0.00487344 -0.0245711 0.015908 -0.0126029 0.00822038 -0.00737149 0.00634663 0.00723978 -0.0157087 -0.00882099 0.00589437 -0.0106171 0.176569 -0.0122703 0.0249509 5.39732e-05 -0.0413218 -0.0117554 0.000906918 -0.00149819 0.00634425 0.00242258 0.0174741 -0.00297905 -0.00950676 -0.00264856 0.00266199 -0.000921894 -0.00658945 -0.00521385 0.0299219 0.000136417 0.00279401 -0.000351813 0.00167614 -0.00847597 0.00405375 0.00172267 0.000106159 -0.0029714 0.0139121 -0.000532188 0.00227323 9.17443e-05 -3.07844e-06 -0.00038541 -0.00240314 0.00228603 0.029009 -0.00369229 -0.000145867 0.00926303 -0.00691972 -0.00145973 -0.00259736 -0.00909467 0.00105087 -0.0110336 9.97705e-05 0.00324227 -7.5913e-05 -0.000621928 -0.0478482 -0.0026308 -0.00225861 -0.000160991 0.000112421 -0.00067425 0.000630596 0.00231258 0.0158829 0.000151398 -0.000262143 0.0024482 -0.000201699 -0.0185446 -0.0413652 0.00181851 -0.00302452 -0.0285587 -0.00995578 -0.0107455 0.000306662 -0.0095427 -0.00365083 0.00214033 0.00753913 -0.00241545 
-0.000517307 -0.00299893 0.000932406 -0.00026053 0.00623413 -0.000332368 -7.60273e-05 -0.0025453 -0.00672778 -0.00323793 -0.00355853 0.000330275 0.00419812 0.0036163 0.00241484 0.00319606 -0.00135894 0.00852157 0.00473677 0.00260332 0.00876634 0.00197977 -0.00471874 -0.0195277 -0.0122703 0.0743013 -0.00104463 -0.000122892 0.013251 -0.00762367 -0.000828809 -0.0136257 -0.00172274 0.0148111 -0.0109661 0.000429196 -0.00883378 -0.00403582 -0.00134754 -4.3719e-05 -0.00129103 -0.00248337 -0.00761568 -5.06257e-05 -0.0100944 1.70397e-05 -0.000603596 0.00313528 -0.000308301 -0.0010749 -8.81389e-05 0.000790432 -0.00220437 -0.000317722 -0.0070443 2.82552e-05 -5.33072e-05 -0.00115431 0.00178581 0.000259357 -0.00265448 -0.00130365 -0.000131012 -0.00589208 0.00274326 0.000143026 0.000194181 0.0009044 -0.000316552 0.00283601 5.21057e-06 -0.000209534 0.00223193 -0.000532106 -0.00652443 -0.000729993 0.0029869 -0.000126767 -4.80597e-05 -0.000326652 -7.33498e-06 -0.00372412 0.0099872 -8.91922e-05 7.39886e-05 -0.00532888 3.57364e-05 0.0206148 -0.00196459 -3.4141e-05 -0.000527861 -0.00669291 -0.00487924 -0.000442405 -0.000350906 -0.00304981 0.000380465 -0.00665034 -0.00416369 -6.52432e-05 
-0.0017258 -0.0139787 -0.0094744 0.000694883 0.0203287 -0.0145141 0.000493132 0.00806071 -0.0355055 -0.0397665 -0.01589 -0.000545593 -0.01032 -0.0123321 0.00138538 -0.0280773 0.00459159 0.0225989 -0.00219982 -0.00278765 -0.0286344 -0.0143606 0.0153479 -0.0546791 0.0249509 -0.00104463 0.248162 -0.000637232 -0.0382687 -0.0214351 -0.00333652 0.0226922 -0.0139256 -0.0166928 0.0378775 -0.00128102 -0.00594278 -0.0163592 -0.0135801 -0.00243851 0.00023635 -0.0117775 0.00148194 0.000182278 0.0298264 0.000200538 0.00128855 -0.0210432 -0.014882 0.00759459 0.000966043 -0.000447047 -0.012504 0.000296734 0.00288445 -4.69792e-05 -0.000123966 0.00392832 -0.00304585 -0.00607597 0.0324859 -0.000845657 0.000187771 0.0209867 -7.7654e-05 0.000162948 -0.0013583 0.00276656 0.000658696 0.0278955 -0.000483717 -0.00329322 -0.00277857 0.00236472 -0.0372099 0.000259457 -0.00367906 0.000895913 -0.000590564 0.0106779 -0.00120944 0.00992737 0.0548227 -0.000468402 0.000211857 0.0323531 -0.000605614 0.00423544 -0.0251438 0.00184316 -0.00575117 -0.0721838 -0.00332615 -0.0221919 0.000340206 -0.0196478 0.00601926 0.0146786 0.0127271 -0.00204599 
-4.22529e-05 -0.000657333 0.00171646 0.000311676 0.000474213 0.00125492 0.000115432 -0.000104982 6.95915e-05 0.00308913 -0.00156998 6.00788e-05 -0.00160471 -0.000673433 -0.000705548 -0.00248919 -0.00424031 0.00336932 -0.000365133 0.00152163 -0.00246536 0.0012784 0.00193298 -0.000226704 5.39732e-05 -0.000122892 -0.000637232 0.0135696 -0.00132926 -0.00233325 0.000151582 0.00208283 -0.000512545 0.00291551 0.00219214 0.000463252 -0.00345806 -0.000951175 0.0015173 2.09301e-05 0.00133941 0.0004675 0.00140473 9.86674e-05 -0.00019558 1.59858e-06 0.00053147 -0.000575835 -0.000575237 -0.000404412 -6.64627e-06 1.67698e-05 0.000501778 0.000102411 -0.000427793 -7.08625e-06 -7.53034e-07 0.00035659 -1.65739e-05 -0.000108579 0.000139675 0.000805116 4.9774e-06 -0.00640696 -3.59851e-05 0.00057872 -6.73538e-05 -0.000367007 -2.73308e-05 -0.00141104 4.63305e-05 0.000427632 -0.000792834 -0.000173383 -0.00381298 0.000209665 -6.09947e-05 0.000316767 6.57921e-06 0.000162627 0.000137139 0.000453421 -0.00385439 -5.93436e-06 6.85904e-06 0.00214256 9.02021e-05 -0.00263205 -0.00472665 0.000121026 -0.000190553 -0.00246345 0.000387254 0.000627391 0.00020581 0.00195615 -0.00046691 0.00392683 -0.00139809 -3.28922e-05 
-0.00126771 -0.0249348 0.00204916 -0.000505547 -0.0120024 -0.00603416 -0.000292094 0.0163462 -0.0626933 -0.0157008 -0.0234695 0.000631792 0.00307667 0.0154622 -0.00465831 0.004828 0.0116422 -0.00228082 0.0150879 -0.00538715 0.039193 0.0201385 0.00890976 0.0309046 -0.0413218 0.013251 -0.0382687 -0.00132926 0.232331 0.0374076 -0.00394541 -0.018604 -0.0049548 0.00928284 -0.0476307 0.000777928 -0.00813582 -0.0377824 -0.00140947 0.000899948 0.0102834 0.00629946 -0.0421968 -0.000121901 -0.0910705 -0.00108159 -0.00162768 0.00175845 0.00752669 -0.00780809 -0.00059861 -0.00356692 -0.0255728 -0.00143728 -0.0338374 -0.000239945 9.61277e-05 -0.00434452 0.00780976 0.000843057 -0.0135726 -0.00360346 -0.000522198 -0.0626355 0.0411281 -0.000876504 0.00153536 0.0159133 0.000849988 0.0480929 -5.42812e-05 0.00476176 -0.0172502 -0.00154203 0.0394531 -0.000292976 0.0040621 -0.000306742 -0.00041891 0.00275832 -0.000334119 -0.00466018 -0.03089 -0.000597878 0.000766699 0.00320472 -5.23204e-05 -0.0200533 0.022384 -0.00129858 0.00553868 0.0355103 0.000870848 0.015951 -0.000788674 0.0149015 0.00132351 -0.0157365 -0.00965534 0.00541219 
0.002177 -0.0159597 -0.003834 -0.000112546 -0.00927651 -0.00829468 -0.000160128 -0.00415365 -0.0310562 -0.0413247 0.0142012 -0.000548712 -0.0314523 0.00682026 -0.000299388 0.000340923 0.0128512 -0.0158596 0.00230337 -0.00522295 0.00423222 0.00731097 -0.00205429 -0.0113624 -0.0117554 -0.00762367 -0.0214351 -0.00233325 0.0374076 0.162074 0.00232835 0.0126514 0.00730913 -0.0222061 -0.012965 0.000790748 0.00276114 -0.0106419 -0.00353325 0.0021088 0.00350349 -0.00529791 -0.0346626 -1.97297e-05 -0.0127063 0.000269204 -0.000182413 0.0140888 -0.00596261 0.00108708 -0.000389276 0.000996934 -0.00607872 0.000858446 -0.0188276 3.52885e-05 0.000386415 -0.00300663 0.000577055 0.00027315 0.0115018 0.000456711 0.00047839 -0.0181089 0.0127376 0.00390573 0.00117876 0.00385214 5.88573e-05 0.0183488 -6.21246e-05 -0.00272816 -0.00473872 0.00261073 0.0432824 -0.00131816 -0.000909304 -0.000747285 -7.67334e-05 0.00080415 -0.000890051 0.00179508 0.0245624 -0.000215288 5.88661e-05 -0.0275287 -9.63873e-05 -0.0377425 0.01828 -0.000185939 0.00528039 0.0324993 -0.0112403 0.00281899 0.00119728 -0.0101154 -0.0019684 -0.0210802 0.0127124 0.00218682 
9.22797e-05 0.00302953 0.0020013 8.74696e-05 0.0011563 0.00145815 0.000193725 -0.0012465 0.00217977 0.00368548 -0.0023886 0.000102087 -0.000517372 0.00136978 -0.000187808 -0.00199395 -0.00333127 -4.05498e-05 -0.000838439 0.0014537 -0.00278152 -0.00188358 -0.00114575 0.00556806 0.000906918 -0.000828809 -0.00333652 0.000151582 -0.00394541 0.00232835 0.0208196 -0.00363972 0.00104141 0.000494424 -0.000829463 0.000731507 -0.00561093 -0.00141799 0.00181285 -4.70003e-05 -0.000245738 0.00291456 0.00659961 2.59528e-05 -0.00372285 0.00017196 -0.000160043 -0.000970718 -0.00133641 -0.000111179 -8.73814e-06 9.7962e-05 0.00354768 -4.14343e-06 0.00420716 5.53073e-05 -9.76883e-07 2.09078e-05 8.48796e-05 -0.000222383 -0.000217425 -0.000430183 0.000691052 -0.00302168 -0.00224237 -5.93239e-05 0.000448349 -0.000964107 1.58082e-05 -0.00138882 9.73936e-05 -9.09818e-05 -0.000892668 -0.000234988 -0.00169135 -0.000237685 -0.0004588 0.000272235 -1.10379e-05 -0.000263362 0.000412014 -0.000650988 -0.00596813 1.98724e-05 1.53178e-05 0.00101264 -1.5205e-05 -0.00331805 -0.00777486 0.000198184 -0.000342107 -0.000252882 -0.0019496 -0.000168543 0.000476198 -0.00106299 9.73292e-05 0.00261841 0.00196486 -0.000227476 
0.00154282 -0.0118108 -0.00383493 -0.000453222 -0.0102252 -0.0093352 -0.000519659 -0.0110694 -0.0145763 -0.00656798 0.0224085 -0.000524214 -0.0253336 -0.0186461 -0.00264546 -0.0069717 0.0119665 -0.0239359 -0.000767396 -0.00574837 -0.0244275 -0.00167439 -0.00791169 -0.0109094 -0.00149819 -0.0136257 0.0226922 0.00208283 -0.018604 0.0126514 -0.00363972 0.181648 0.000614351 -0.0278514 0.0256649 0.00224935 0.0315166 0.0203087 -0.00746568 0.00284782 -0.000677351 -0.00778398 -0.030828 -8.47517e-05 0.0201412 0.000501262 0.00166166 0.000346752 0.0197489 0.00547586 -0.000270864 0.002427 -0.017964 0.00110461 -0.00480159 2.14145e-05 0.000200982 0.00110502 -0.00267575 0.000286385 0.0229494 0.00493855 0.000580319 0.00432903 -0.00970732 5.71673e-05 -0.00322764 -0.00517523 0.00115665 -0.00685357 -0.000194914 -0.00155171 0.000422052 0.0064272 -0.033071 -0.0029439 -0.00219032 -0.000513908 0.000323055 -0.00204422 -0.00169469 -0.00115339 0.0243257 -0.00017617 0.000238629 -0.0174999 -0.000438576 -0.0432474 0.0362427 0.000716583 0.00112115 0.00253984 -0.00253028 -0.00587385 0.000922621 -0.00473042 -0.00736181 -0.00335362 -0.0116149 0.00430258 
0.00281587 -0.00360525 -0.00152617 6.7088e-05 -0.00248679 0.000234348 -0.00017569 -0.00373237 -0.00322947 -0.00372324 0.00389753 -7.11864e-05 0.000524295 -0.00126401 0.0141976 -0.00389329 0.00370979 -0.00806037 -0.00173434 -0.00143847 0.0032115 -0.00258306 -0.00584061 -0.00516573 0.00634425 -0.00172274 -0.0139256 -0.000512545 -0.0049548 0.00730913 0.00104141 0.000614351 0.0479049 -0.00970204 -0.00482675 0.000293825 0.0132608 0.00283744 -0.000913356 -0.000165554 -0.00103452 -0.00166992 -0.00944094 -5.37116e-05 -0.00476365 7.1461e-05 0.000310865 0.00253785 0.00792346 -0.000799361 -3.36432e-05 -5.20859e-05 -0.0059219 -5.24313e-05 -0.00367044 6.59809e-05 5.04514e-05 -0.000699185 -0.000812422 0.00214033 -0.00325296 -0.000687515 0.000308555 0.0130235 -0.00201087 -4.75284e-05 -0.000263643 -0.00167298 0.000423543 -0.00475549 -2.46459e-06 -0.000946397 -0.0047172 0.000328528 0.00849036 -0.000949082 -0.0004187 -0.000124386 0.000227196 -0.00127816 -0.000311299 0.000759088 0.00118468 7.36036e-05 -6.06663e-06 -0.0135206 5.80375e-06 -0.00495055 0.00799203 -1.09749e-05 0.000344775 0.0121655 -0.00467888 -0.00160632 0.00046178 -0.00400562 0.00145931 -0.00529366 0.00172574 -0.000569651 
-0.00108169 -0.000955892 0.00984421 -0.000543485 0.00711207 0.0161526 -0.000638856 -0.0100621 0.0413826 0.0566478 -0.0144275 -0.000753064 0.0197775 -0.000954701 -0.0049041 -0.0211557 -0.00537371 -0.000488487 -0.0125677 0.0141759 0.00242811 0.0315458 -0.00666756 0.0285553 0.00242258 0.0148111 -0.0166928 0.00291551 0.00928284 -0.0222061 0.000494424 -0.0278514 -0.00970204 0.20616 -0.023728 -0.00143261 -0.0607622 -0.00847726 0.00973417 -0.00221612 0.00641368 -0.00356341 0.0402795 9.1886e-05 -0.0519335 -0.000498502 -0.00218543 -0.0136484 -0.00440213 -0.00564353 -0.000657285 -0.0025644 0.00201212 -0.000860909 0.00927771 -0.000117229 -0.000224832 0.00075261 -0.000807287 -0.00222962 -0.0229385 0.0012333 -0.000670168 -0.0392335 -0.00764962 -0.00367322 0.000285577 -0.0045173 -0.00113077 -0.0176456 0.000191853 0.00378499 -0.00734679 -0.00445641 -0.0264627 -0.00028572 -0.00540545 -0.000238316 -0.000108881 -0.00507408 -0.00118201 -0.00801387 -0.0278906 -0.000165692 -0.000163693 0.0189154 -0.000548055 -0.00331437 -0.0273692 -0.00223911 0.00281474 -0.0283265 0.0151016 0.0134584 -0.00222379 0.0284396 -0.00679332 -0.0083087 -0.00806816 -0.00207225 
