0.0820608 0.00179739 0.000742466 -4.97836e-06 -9.07208e-05 -0.00916465 -0.000185601 0.000419998 -0.00629123 -0.0143921 -0.00212676 -0.00177244 0.0319514 -0.031631 0.0109715 0.0307287 0.0252194 0.00860568 -0.000901845 -0.00972537 -0.00507526 -0.016575 -0.00324226 0.00155239 -0.0320443 -0.0086537 -0.000712393 -0.000286895 -0.00239205 -0.00879015 -0.00632687 0.00779871 0.000406771 -0.000241097 -0.000204031 -0.00049046 -0.00243515 -0.000118356 -0.00228458 6.26658e-05 -0.0140454 0.0134689 -0.000797965 0.0172386 0.0108827 -0.000199905 -5.4322e-05 0.0212273 -0.00059508 0.0011733 0.019807 -0.00393099 -0.00555568 0.000130094 -8.89021e-05 0.00780794 -0.0068755 -0.00379889 -0.0107759 0.00489105 -0.00068262 -0.000124116 -0.00224621 -0.00795616 6.72478e-05 0.0013503 -0.0133297 -0.000166653 -0.000412836 -0.00111717 0.00280321 0.00179669 -0.00312752 0.00683091 -0.0199848 -0.0212252 0.000560342 -0.00164841 -0.000474683 0.00593398 -0.00814696 -0.000333868 0.00243139 -0.00699533 -0.000771488 -0.000561977 -0.00117273 -0.00048116 0.00195955 9.2396e-06 -0.000591905 -0.0132403 -6.50316e-05 0.000144117 0.000146717 -0.000118715 -0.00134887 -0.00183739 -0.00151163 -0.000427309 
0.00179739 0.0694615 0.00753071 0.000704381 0.000397502 -0.00328042 0.000541109 -0.001036 -0.00518001 -0.00651962 -0.00249685 0.0100462 0.0107044 0.00015889 -0.00312445 0.0183684 -0.00136314 -0.0163992 0.00211441 -0.017829 0.00209252 0.0100338 -0.0138815 0.000237359 0.000932667 -0.0356313 7.54693e-05 0.000615526 0.00347705 0.0277189 0.00319736 0.000486961 -0.00181318 2.52049e-05 -0.00229981 0.00141577 -0.00170042 0.000254625 0.00970685 0.0031491 -0.00596137 0.00302765 0.00421354 0.0064152 -0.00534652 0.0103797 -0.000472059 0.000849713 -0.00301805 0.000898348 -0.0155056 0.00417397 -0.0214645 -6.8079e-05 -0.000923112 -0.00990221 -0.00681815 -0.00252107 -0.00757254 0.00129579 0.00118625 -9.95369e-05 0.00735827 -0.00705035 -8.10179e-06 0.000497028 0.00568876 -0.000164142 -0.000340163 -0.000653802 0.00892977 -0.00211146 -0.0148183 0.00103611 -0.0248379 -0.0318759 -0.000103717 7.09305e-06 0.00136524 0.010382 0.0142189 -0.00021695 0.0142442 -0.00604903 -0.000229996 -0.000529346 -0.00213429 -0.00305217 0.00146273 -3.34884e-05 0.0039112 -0.0100844 0.000807234 0.000655813 -0.000799362 4.90607e-05 0.00146869 -0.000971818 0.00652962 0.00199619 
0.000742466 0.00753071 0.0273912 0.00062632 2.60543e-05 -0.00304687 0.000358404 -0.000384673 -0.0021778 0.00180512 0.000265866 0.00838244 0.00169492 -0.00481126 -0.0027194 -0.0028007 -0.00598151 -0.00398552 0.000118517 -0.0143387 0.00561285 -0.00174459 0.000568336 -0.00291944 0.00341582 -0.0110579 0.000359148 -0.000100997 0.00175766 0.000665028 -0.00171578 0.00134326 0.00298775 0.00022242 2.09032e-05 0.000782223 0.00370564 -1.97186e-05 0.00541465 0.00587602 -0.000361918 -0.000672512 0.0057012 0.00140595 -0.000186453 0.00213497 0.000117093 -0.00701208 -0.00335974 0.000402897 -0.00773152 0.00251466 -0.00450928 0.00169341 -1.62366e-05 -0.00659561 -0.00236687 -0.00125703 -0.00914481 -0.000728599 0.00035682 0.000152514 -0.000416834 -0.00276704 -1.99971e-05 0.0010868 -0.00506078 5.68228e-08 0.000133125 -0.00032602 0.00951757 -0.00051708 -0.00298683 -0.000558641 -0.0169263 -0.0107156 0.000409875 0.00258342 0.00123494 0.0034768 0.00832281 2.61939e-05 0.0082866 -0.000902366 0.00600721 -0.000134195 0.000386006 -0.00116879 0.000593881 1.19315e-05 -0.000321584 -0.00292686 0.00029243 0.00191744 0.000531648 4.67833e-05 0.00188451 0.0014887 0.00137301 0.00173134 
-4.97836e-06 0.000704381 0.00062632 0.00384544 2.85294e-05 -0.000555176 3.65645e-05 -3.00353e-05 -0.000270731 2.60005e-05 0.000130494 0.000989032 -0.000522741 -0.000307277 -0.000157156 -0.00135313 -0.00151799 -0.000966038 3.36039e-05 -0.00238992 0.00101653 0.000599493 -0.000139564 -0.000524301 0.00044224 -0.00214059 0.000808433 7.11479e-05 0.000846836 2.49144e-05 0.00107484 0.000407514 0.000427615 5.32515e-05 -0.000140662 0.000663276 0.000238626 1.46253e-06 0.00110947 0.00104371 0.000124366 -0.00014533 0.00114012 -7.21665e-05 0.000456251 0.000500442 0.00023006 -0.00125191 -0.000449944 -0.000216696 -0.00157792 0.000332582 -0.00098121 0.000321027 0.000141217 -0.000705534 -0.000351546 -0.000100341 -0.00128724 -5.93134e-05 -2.26553e-05 -7.80015e-06 0.000119524 -0.000532523 3.09323e-06 0.000187022 9.69122e-05 -8.91753e-06 8.89983e-06 -1.63089e-06 0.00115497 -0.000122786 -0.00126368 -0.00017182 -0.00236734 -0.00165671 4.29699e-06 -5.66796e-07 0.000434478 0.000298622 0.000564698 -8.90075e-06 0.00082851 -0.000364976 0.00042823 -2.03876e-07 4.1702e-06 -0.000140325 -5.17339e-05 1.67147e-06 0.000406719 8.74984e-05 1.08835e-05 0.000279958 3.3281e-05 1.10588e-05 0.000544685 0.00028436 9.7065e-05 0.0005556 
-9.07208e-05 0.000397502 2.60543e-05 2.85294e-05 0.00221178 0.000148174 -2.96383e-06 -9.55661e-06 -0.000139913 -0.000162819 9.18119e-05 -4.35013e-05 -1.2582e-05 0.000130473 0.000210958 0.000175986 -0.00016138 -0.000481576 5.6473e-05 -0.000375956 -0.000329314 0.000129468 -3.91923e-06 0.00030244 -0.00026439 -0.00084048 6.72824e-05 4.10698e-05 7.42206e-05 0.000684938 -0.000190042 -7.22798e-05 -3.22356e-06 1.72628e-05 0.000224116 6.39161e-05 -4.30872e-05 0.000183863 5.5508e-05 7.24771e-05 -0.000268498 1.96605e-05 1.28776e-05 -0.000153902 -0.000225342 4.1977e-05 -1.26852e-05 -0.000266635 0.000120863 0.000117999 -0.00101796 -3.031e-05 -0.000427965 8.29617e-06 0.000207022 0.000157198 -0.000168334 -5.97181e-05 -0.000406921 2.3184e-05 1.55853e-05 -2.2715e-06 0.000127459 -0.000134284 4.68394e-06 4.37477e-05 -3.43486e-05 -6.94831e-06 -6.7448e-06 6.48925e-05 3.52215e-05 -4.7087e-05 -0.000157349 -6.9819e-05 -0.000785842 -0.000530351 8.25823e-06 2.05487e-05 0.00014323 0.000150717 0.00035388 -6.8975e-06 0.000193259 -7.03638e-05 -1.12752e-05 -1.02458e-05 -0.000102157 -0.000100427 0.00022651 -1.681e-06 0.00026682 -0.000327025 2.21384e-05 -6.63706e-08 -2.51508e-05 1.15037e-05 0.000492337 -1.43966e-05 0.000426246 2.82844e-07 
-0.00916465 -0.00328042 -0.00304687 -0.000555176 0.000148174 0.152813 -0.000279383 0.00131682 0.00235458 -0.00666905 -0.0044293 -0.0115024 -0.00568405 -0.00194962 -0.014635 0.0160744 0.01266 -0.0139848 -0.000361339 0.00978837 -0.0039946 0.00459119 -0.0126795 0.00839748 -0.012492 0.00984811 -0.00210232 -0.00124582 0.00134893 0.0110338 0.00577863 -0.00925648 -0.00448451 -0.000415166 -0.00539035 -0.00175856 -0.00152878 -0.000976391 -0.00355997 -0.00295507 0.0190319 -0.0231319 -0.00222252 -0.00580802 -0.00806424 -0.00773223 -0.00164137 -0.0030667 0.00118765 -0.00467109 -0.0180325 -0.000227207 -0.0262102 -0.000811856 0.00155535 -0.0132832 -0.00797534 -0.00575092 0.01035 -0.00183973 -0.000874888 -0.000321377 0.00151241 -0.00104215 9.95445e-06 -0.000579799 0.011864 -0.000222254 -7.11004e-05 0.00307343 0.00501133 -0.00440857 -0.023731 -0.0056503 0.0240838 0.0180929 -0.000163671 -0.00124244 0.00352675 -0.00361573 0.00554161 0.000678711 -0.00633666 0.00332487 -0.00350185 -0.00131504 -0.00270506 -0.00219361 -0.000284921 -0.000195364 -0.00147808 -0.0156265 -0.000463333 -0.00101582 -0.000887909 1.73405e-05 -0.00189813 0.00109107 0.00358295 -0.00101312 
-0.000185601 0.000541109 0.000358404 3.65645e-05 -2.96383e-06 -0.000279383 0.00389167 -7.39088e-05 -0.000243467 -0.000205842 0.000132425 0.00122013 -0.000424221 0.000113401 -5.43674e-05 -0.000869802 -0.000793155 -0.000929212 4.03669e-05 -0.000675688 -0.000323753 0.000424434 0.000352886 -1.76534e-05 0.00063726 -0.00108985 -2.34928e-05 -3.28599e-06 0.00026473 0.000239382 8.85671e-05 0.000200824 1.91304e-05 4.83277e-06 -0.000195053 0.000286741 0.000460918 1.54329e-05 0.000516358 0.000213749 -0.000375525 -0.000329189 0.000476125 0.000278471 -0.000360598 0.000264265 2.19279e-05 -0.000171719 0.000363744 0.000446883 -0.00170181 0.000527715 -0.000816154 7.84647e-05 3.28056e-05 -0.00144115 -0.000368664 -0.000142813 -0.000727804 -7.07249e-05 6.91372e-05 -7.01085e-06 1.36985e-05 -0.00023808 6.59569e-06 -9.34369e-06 -0.000112186 7.9853e-07 4.25602e-05 -4.45909e-05 0.000303813 -3.49633e-05 -0.000671278 -0.000170598 -0.000584831 -0.00103917 -7.87056e-06 1.42228e-06 8.41606e-05 -0.000158523 0.000982601 0.000145765 0.00100483 0.000246482 0.000575318 2.10697e-05 -0.000161643 -0.000112655 5.15891e-05 -1.29789e-06 -6.7374e-05 -0.000413978 -7.23192e-06 0.000133571 -4.77984e-05 7.13096e-06 0.000115165 0.000349158 2.19512e-05 6.07262e-05 
0.000419998 -0.001036 -0.000384673 -3.00353e-05 -9.55661e-06 0.00131682 -7.39088e-05 0.0214841 0.00224056 0.0025054 0.0019286 -0.00153905 0.00141351 -0.0034123 0.00372791 -0.00238399 -0.000517566 0.00151163 0.000539695 -0.00061879 -0.00660005 -0.00480881 -0.00688125 0.00667431 -0.00440245 0.00170209 -0.000345547 -5.87344e-05 -0.000885586 -0.00272491 -0.00158975 -0.001258 -0.000817752 -4.91723e-05 0.000717078 -0.000322436 -0.000249695 3.49407e-05 -3.99011e-05 -9.01928e-06 -0.00320586 -0.000564204 -0.000135648 -0.00189998 -0.00191763 -0.000670847 -1.94448e-05 -0.00507879 0.000430366 -0.000936238 0.0027645 0.000191478 0.00151434 -2.84081e-05 -0.000156267 -0.00311559 -0.000876425 0.00102126 0.000443745 -0.000398515 -0.000140869 6.69924e-05 -0.000828969 -9.59876e-05 2.29446e-05 0.000236444 -0.0012434 0.000132688 8.0975e-05 0.00122325 0.000267207 -0.000281116 0.00157802 0.00106984 0.000575509 0.00523191 2.06525e-05 0.000426317 -0.000466151 -0.000233883 -0.002513 -0.000118173 -0.000941122 -8.04639e-06 -0.000507773 0.000166499 0.00193078 0.000899584 0.00199425 2.30887e-05 0.000973793 -0.00156969 1.04072e-05 -0.000141677 -0.000167402 7.90064e-05 0.000196048 -0.000283222 -0.000221489 2.62602e-05 
-0.00629123 -0.00518001 -0.0021778 -0.000270731 -0.000139913 0.00235458 -0.000243467 0.00224056 0.0794212 0.00910861 -0.000901118 -0.00486484 -0.0140545 -0.00933972 -0.00143698 -0.0293126 -0.001253 0.0131504 -0.00110068 0.00433538 -0.0177068 -0.0189492 -0.00897945 -0.00395396 0.0138571 0.00963595 -0.000479723 0.000240381 -0.00652266 -0.015182 -0.00464818 -0.00450624 -0.00581204 -0.000294431 -0.00412937 -0.00115614 -0.00082436 -0.00015601 -0.00285928 -0.00171978 -0.00915322 -0.00198446 -0.000960748 -0.00888052 -0.0107967 -0.00307476 -0.000544486 -0.0334295 -0.00760126 -0.00581858 0.0190832 6.22146e-05 0.0325955 -0.000684002 -0.00180748 0.00586604 0.0096664 0.024303 -0.0193995 0.00332032 8.49392e-05 -5.60692e-05 -0.00106831 0.0077796 -6.20443e-05 -0.000531937 -0.00418883 -0.000340175 0.000859662 0.00170073 -0.00699319 0.00202648 0.0124943 0.00159762 0.0127031 0.0325107 -0.000218241 -0.00180609 -0.000991268 -0.000793955 -0.00913071 0.000569224 -0.00379765 -0.00523868 -0.00310101 0.00071532 0.0043707 0.000926937 0.00165171 5.54703e-05 -0.00146133 0.0112849 0.000555235 0.00172388 0.000134361 3.42202e-05 -0.00193638 0.000133132 -0.00220613 -0.000649684 
-0.0143921 -0.00651962 0.00180512 2.60005e-05 -0.000162819 -0.00666905 -0.000205842 0.0025054 0.00910861 0.153643 -0.0047614 -0.00857769 -0.0169135 0.0226101 -0.00423504 -0.0754541 -0.0561831 0.0540394 0.00245128 0.0051096 -0.0469005 -0.0222399 -0.0368055 -0.0138309 0.0466616 0.00692472 -0.00291568 0.00132843 0.00322081 -0.0274796 -0.0133356 -0.0130195 0.0343088 -0.000484273 -0.00708776 -0.00206075 -0.00431008 -0.000153889 0.00875098 0.00422205 -0.0282091 -0.00639581 1.85429e-05 0.00279119 -0.0150998 0.00107023 -0.000201499 -0.0762366 -0.0189646 -0.0124415 0.0166427 -0.00445054 0.0552854 0.000674051 -0.00396886 0.0112164 0.0328652 0.0116858 -0.0630242 -0.00104889 -0.00120531 0.000999256 0.0112125 -0.0217967 0.000155047 -0.00166933 -0.038495 -0.000664091 0.00198558 0.000272281 -0.00799217 0.00308466 0.0383949 -0.00541806 0.0153098 0.0430303 0.00073411 0.00485335 -0.00362845 0.00528747 0.0315686 -8.71755e-05 -0.00722009 -0.00202659 -0.00235816 -0.000777594 0.00196098 -0.00334024 -0.00211091 0.000201368 -0.0029132 0.056935 -0.00109342 -0.000393563 0.00129505 -0.000288529 0.0070781 -0.000288175 0.00455366 0.000628439 
-0.00212676 -0.00249685 0.000265866 0.000130494 9.18119e-05 -0.0044293 0.000132425 0.0019286 -0.000901118 -0.0047614 0.0415961 0.00147484 -0.00653145 -0.000785778 0.00293604 -0.00321841 -0.0125348 -0.00854561 0.000567078 -0.000844502 -0.00377306 0.00238996 0.00627208 0.0034645 -0.00647753 0.00044512 -0.000101671 -3.29137e-05 0.00116556 -0.00495148 -0.00217207 0.00685407 -0.00117788 -3.3584e-05 0.00355833 -0.000492212 0.00375712 0.00098485 -0.000874848 0.000750684 -0.00326315 -0.0027564 0.00106844 -0.00370419 -0.00419812 -0.000949802 3.78602e-05 -0.00916811 0.000175187 0.000989512 -0.00870527 0.000619466 0.00776168 -8.74637e-05 0.00185714 -0.00600698 -0.00212172 -0.00130173 0.00228567 -0.000778097 0.000161791 4.3172e-05 -0.00107891 0.00751201 6.98484e-05 0.00036971 -0.00172549 0.000156595 0.00056643 0.00113522 -0.00296575 -0.0011627 0.00803511 -0.000170164 -0.00266557 -0.00359036 4.01322e-05 0.00118407 -0.000722476 -0.00171147 -0.000210684 5.82436e-06 0.00132488 -0.00029364 0.00352851 0.000519869 0.00220059 0.00341912 0.0002132 8.78255e-05 -0.000158187 -0.00257708 1.24602e-05 7.88651e-06 0.00103523 0.000143948 0.00258091 0.00195834 -0.000766179 0.000229774 
-0.00177244 0.0100462 0.00838244 0.000989032 -4.35013e-05 -0.0115024 0.00122013 -0.00153905 -0.00486484 -0.00857769 0.00147484 0.0875007 0.0162977 -0.0135071 -0.00879102 0.0168216 -0.008022 -0.0365221 -3.41145e-05 -0.0168848 0.0243705 0.00501325 0.0142773 -0.000459008 -0.00290584 -0.0199122 0.00213098 0.000155361 0.00447284 0.00846794 -0.000785452 0.00261879 -0.0066246 -0.000242631 0.000739884 0.00542254 0.000719692 -0.000342499 9.9125e-06 0.00151592 -0.00694446 0.0156165 0.00395452 -7.38765e-05 0.0108307 0.013184 0.000526665 0.00969839 0.010159 0.00384814 -0.0188528 0.00709753 -0.0127336 0.00212253 -0.000423008 -0.00456321 -0.00829365 -0.00376588 -0.00198234 -0.00202235 0.00135985 -0.000191004 0.000265471 -0.00380893 -4.29016e-05 -0.000541329 -0.013952 2.08739e-05 -0.000202438 -0.00126016 0.0143783 -0.0023208 -0.00256908 -0.00188342 -0.0344875 -0.032353 -0.000203736 -0.00116263 0.00410895 -0.00349967 -0.0055997 -0.000273869 0.0193568 -0.00787119 0.00133147 -0.000599046 -0.000618942 -0.000399738 -0.000694016 -2.69599e-05 -0.00145833 -0.0133906 -0.000344474 0.0010452 -0.000695105 -0.000118433 -0.00137861 0.00328265 -0.00160647 0.00170725 
0.0319514 0.0107044 0.00169492 -0.000522741 -1.2582e-05 -0.00568405 -0.000424221 0.00141351 -0.0140545 -0.0169135 -0.00653145 0.0162977 0.178371 -0.0544084 0.00499803 0.071918 0.0563276 -0.00361549 0.000267549 -0.0180351 0.0102006 -0.0438827 0.00563044 0.00330791 -0.061513 -0.0112194 -0.00365839 0.000838335 -0.0119663 -0.0037587 -0.0167765 -0.00968962 0.00779631 -0.000882198 -0.0016273 0.00341703 -0.0093382 -0.000352621 -0.00354987 -0.00162655 -0.0215409 0.0375024 -0.00242677 0.0327716 0.0425866 0.00324481 -0.00174777 0.0431651 0.00840509 0.00470125 0.0448358 -0.00626731 -0.0450881 0.00114348 -0.00270804 0.0370679 -0.0213436 -0.00800775 0.0154523 0.00779517 -0.000500463 7.39821e-05 -0.00485875 -0.0182536 0.000170532 0.00460105 -0.0249884 7.96806e-05 -0.00086428 -0.00230432 0.0267983 -0.00120567 -0.0459084 0.00897321 -0.0654244 -0.0482093 0.000569783 -0.000943845 -0.00208603 -0.00354499 -0.0161687 -0.0012086 0.0142128 -0.0198355 -0.00963121 -0.00101402 -0.00813244 0.000459032 0.00250873 -0.000159856 -0.00133574 -0.0413596 0.000710609 -0.00187076 -0.00236854 1.03345e-05 -0.00392817 -0.00373406 -0.00320018 -0.000761073 
-0.031631 0.00015889 -0.00481126 -0.000307277 0.000130473 -0.00194962 0.000113401 -0.0034123 -0.00933972 0.0226101 -0.000785778 -0.0135071 -0.0544084 0.249919 -0.000298765 -0.0716529 -0.0646723 0.0470915 -0.000736514 0.010778 -0.0252009 0.0168743 -0.0115259 -0.0213052 0.104923 0.0204372 -0.00294683 -0.00031983 -0.00914149 0.0121319 0.0110434 -0.0246851 0.00492009 8.77999e-05 -0.0112407 -0.0056561 -0.0177686 0.000596441 0.00292838 -0.00378288 0.00894576 -0.029848 -0.00365918 -0.018481 -0.0293294 -0.000861356 0.00168533 -0.0166224 -0.00534435 0.017329 -0.0184246 -0.000747714 -0.0044823 -0.00350843 -0.00292643 -0.00762935 0.0104674 -0.00100933 0.0139969 -0.0138098 -0.00248434 -0.000439525 0.00905044 -0.0439347 -0.000196527 -0.00321567 0.0602346 -0.00259964 0.000388933 0.000150667 -0.0218738 -0.00200504 -0.020189 -0.0165859 0.0116749 0.032441 -0.000373759 0.00358656 -0.0047487 -3.23609e-05 0.00905911 -0.000326917 -0.0119821 -0.00328765 -0.0078558 -0.00075452 -0.000682783 -0.00258155 -0.00123473 -8.59937e-05 0.00194408 0.0242937 -0.00145664 -0.00265401 -0.00440851 -0.000354322 0.00209972 -0.00243988 -0.00375549 -0.00178155 
0.0109715 -0.00312445 -0.0027194 -0.000157156 0.000210958 -0.014635 -5.43674e-05 0.00372791 -0.00143698 -0.00423504 0.00293604 -0.00879102 0.00499803 -0.000298765 0.103864 -0.000746011 0.00928099 0.0225347 0.000679444 -0.00101811 -0.0260391 -0.0296037 -0.0156054 0.00890012 -0.0147224 0.00125709 -0.00244907 -4.42091e-06 0.00215475 -0.0163567 -0.00423707 -0.00186969 -0.00278761 -0.000161346 -0.0059418 -0.00139299 -0.00507829 0.0006042 0.000783392 5.11289e-05 -0.0191244 -0.00368137 -0.00119958 -0.00612609 -0.00666894 -0.000450288 0.00131493 0.0068954 0.000629575 0.0061476 0.0273388 -0.00448058 0.0125113 -0.000777025 0.000106893 0.00705451 0.00654217 -0.00302255 -0.00262337 0.000242437 -0.000684625 -0.000343653 0.00253778 -0.00213603 7.43755e-05 0.00290036 -0.0132728 -0.000682101 -0.000147665 -0.000674344 -0.00351139 -0.00198149 -0.0083947 0.0128454 0.00570338 0.00735016 -3.7929e-05 -0.0019309 -0.00225715 0.00446979 -0.0119335 -0.00044441 -0.00563628 -0.0114554 -0.00305861 0.000342288 -0.00247741 0.000875242 0.00478684 1.52612e-05 -0.00156404 0.00344355 0.000230769 -0.000326577 -0.000692912 -2.91283e-05 0.00304457 -0.00211353 -0.00264449 -0.000306442 
0.0307287 0.0183684 -0.0028007 -0.00135313 0.000175986 0.0160744 -0.000869802 -0.00238399 -0.0293126 -0.0754541 -0.00321841 0.0168216 0.071918 -0.0716529 -0.000746011 0.249787 0.0988747 -0.082057 -0.00245302 0.00449992 0.0661807 -0.0117133 6.47571e-05 0.0388166 -0.113011 -0.0142691 -0.00576259 -0.00237878 0.00460925 0.0540268 -0.00102625 0.0121289 -0.0249941 0.000388766 0.0111329 0.00221379 -0.0084768 -0.00200738 -0.0121828 -0.00626544 -0.00257594 0.0111721 -0.00446002 0.0197794 0.02038 0.0050852 -0.00342561 0.105307 0.0342148 0.00073347 -0.0345289 -0.0051653 -0.0913677 -0.00242899 0.00255733 -0.0198974 -0.0412991 -0.0193424 0.0527466 0.0080891 0.00257647 -0.000758077 -0.000543599 0.0172986 8.34172e-06 0.00352069 -0.00911761 0.000371093 -0.0032386 -0.00238484 0.0224284 -0.00658452 -0.0371914 0.0119988 -0.0230243 -0.0856196 -0.000924109 -0.00896711 -0.00189685 -0.00417561 -0.030663 -0.00206059 0.0134827 -0.00129009 -0.00364343 -0.0018049 -0.00919553 -0.00245331 0.00223893 -0.000427649 -0.000885844 -0.0731037 0.0011493 -0.00399852 -0.00227891 0.000546336 -0.00854097 -0.00438102 -0.00452083 5.87357e-05 
0.0252194 -0.00136314 -0.00598151 -0.00151799 -0.00016138 0.01266 -0.000793155 -0.000517566 -0.001253 -0.0561831 -0.0125348 -0.008022 0.0563276 -0.0646723 0.00928099 0.0988747 0.249908 -0.0058347 -0.00455651 0.00723662 0.0111581 -0.0467581 -0.0292523 0.020441 -0.0822503 -0.00552372 -0.00616801 -0.00349642 -0.00674638 0.0181333 -0.027538 -0.00188023 -0.0242966 -0.00111988 0.00277264 -0.00243353 -0.0176425 -0.00183799 -0.0134379 -0.00844649 -0.0298844 0.00481805 -0.00547455 0.022499 0.0084892 -0.00752741 -0.00467586 0.0837784 0.00581834 0.00326729 0.03861 -0.00595288 -0.0377061 -0.00371322 -0.00706255 0.0156915 -0.018981 -0.00683566 0.0412802 0.00919042 0.00216794 -0.00103935 -0.00640909 0.0330691 -4.86145e-05 -0.00289555 -0.013344 0.000635328 -0.00237159 -0.00152428 0.00172947 0.00743117 -0.0470861 0.0151196 0.0216959 -0.0118466 -7.53128e-05 -0.00809912 -0.0115651 -0.00380763 -0.0446181 -0.00130011 0.00313714 -0.00212269 -0.00875832 0.00061347 -0.00723069 -0.00721981 0.00174186 -0.000392043 -0.00454087 -0.0477992 0.00108878 -0.00181219 -0.00335643 -1.02566e-05 -0.00778624 -0.00880484 -0.00608336 -0.00190401 
0.00860568 -0.0163992 -0.00398552 -0.000966038 -0.000481576 -0.0139848 -0.000929212 0.00151163 0.0131504 0.0540394 -0.00854561 -0.0365221 -0.00361549 0.0470915 0.0225347 -0.082057 -0.0058347 0.247537 -0.00169237 0.00918993 -0.0859873 -0.0792847 -0.0446633 -0.0437081 0.0569516 0.0226172 -0.00688239 0.00173961 -0.0209993 -0.0637732 -0.0371224 -0.0298995 0.0339775 -0.00227776 -0.0173981 -0.00715665 -0.0219377 -0.00127676 0.00151716 0.000444658 -0.0593343 -0.0111473 -0.00430975 0.0145539 -0.0213399 -0.00544223 -0.00268722 -0.028897 -0.0444744 0.0127886 0.113918 -0.0122686 0.0684031 -0.00178398 -0.00817594 0.0472619 0.0296077 0.00839501 -0.0180388 -0.00234229 -0.00435163 0.000766546 -0.00162256 -0.0345709 7.14655e-05 -0.00185832 -0.0105392 -0.0018628 0.00172 -0.000481581 -0.0283926 0.0103817 0.0320746 0.00597136 0.0260812 0.0775408 0.00122093 0.00298262 -0.0160325 0.0028302 0.00954083 -0.000141503 -0.0216374 -0.0267234 -0.011122 -0.000420052 0.00375068 -0.00197545 -0.000541759 0.000116626 -0.00600413 0.0464292 -0.00170143 0.000463653 -0.00137423 -0.000495998 0.00312446 -0.00946524 -7.58777e-05 -0.00189027 
-0.000901845 0.00211441 0.000118517 3.36039e-05 5.6473e-05 -0.000361339 4.03669e-05 0.000539695 -0.00110068 0.00245128 0.000567078 -3.41145e-05 0.000267549 -0.000736514 0.000679444 -0.00245302 -0.00455651 -0.00169237 0.014807 -0.00336675 -0.00175111 0.00122526 -0.00244292 0.00305196 -0.00173975 -0.00288863 0.000208301 0.000549462 0.000334745 0.00178798 0.00220129 0.00138432 0.00206364 0.000581883 -0.000878998 0.000719341 0.000330112 0.000680259 0.00323885 0.000606963 -0.00204219 -0.000445407 0.00064725 0.00214779 0.000285913 0.000871831 0.000420656 -0.00338905 -0.000443563 0.000250307 -0.00202625 -1.19953e-05 -0.00370797 0.00116804 0.000598223 -0.0019803 -0.00112089 0.000418846 -0.00337091 -0.000434071 0.000198825 9.65755e-05 -5.19236e-05 -0.00109023 1.76997e-05 6.50755e-06 -0.000557436 5.30229e-05 7.17943e-05 0.000145993 -0.000433925 -0.000243058 -0.00163968 -0.000216927 -0.00178999 -0.00498477 3.7312e-05 0.00117117 0.000797925 0.000712045 0.00432335 -3.11803e-05 -0.000489585 -0.00171813 0.000198056 3.0137e-05 -0.000469653 -0.000591781 6.4032e-05 2.08962e-05 0.000894126 -0.00144503 -6.86034e-05 -7.25116e-06 0.000120198 9.56164e-06 0.00166623 0.000355893 0.00107329 0.00019297 
-0.00972537 -0.017829 -0.0143387 -0.00238992 -0.000375956 0.00978837 -0.000675688 -0.00061879 0.00433538 0.0051096 -0.000844502 -0.0168848 -0.0180351 0.010778 -0.00101811 0.00449992 0.00723662 0.00918993 -0.00336675 0.093741 -0.00440524 -0.0134016 -0.00429279 -0.000470577 0.000454857 0.0364814 -0.00527163 -0.00356147 -0.00392679 -0.00817544 -0.00178585 -0.00290868 -0.00454303 -0.00039827 0.001547 -0.00756436 -0.00541924 -0.00136692 -0.012714 -0.0114561 -0.00335951 -0.0208224 -0.0099969 -0.00555033 -0.0172073 -0.0104317 -0.000163897 0.00556561 0.0127914 -0.00416088 0.0137262 -0.0131205 0.0182268 -0.00552501 -0.000519887 -0.00699511 0.00670725 0.00167262 0.0102603 0.00032677 -0.00129547 -0.00035193 -0.00371964 0.012078 -0.000140084 -0.00310009 0.00726909 0.000363361 -2.15074e-05 -0.00115992 -0.0204248 -7.21317e-05 0.0227514 -0.00218268 0.0505746 0.02766 -0.000942623 -0.00295331 -0.00575384 -0.00736582 -0.0184348 0.00010025 -0.00724003 0.00487535 -0.00658355 -0.000702639 0.00310267 0.00165751 -0.00223342 6.19506e-06 -0.00494887 0.00957429 0.000222486 -0.00271657 -0.00133017 -2.20571e-05 -0.00701428 -0.00434827 -0.00948834 -0.00250922 
-0.00507526 0.00209252 0.00561285 0.00101653 -0.000329314 -0.0039946 -0.000323753 -0.00660005 -0.0177068 -0.0469005 -0.00377306 0.0243705 0.0102006 -0.0252009 -0.0260391 0.0661807 0.0111581 -0.0859873 -0.00175111 -0.00440524 0.248568 0.0333507 0.0472493 0.00774014 -0.022477 0.00730123 0.00243685 -0.00319989 0.0112164 0.0344081 0.0241501 0.0189693 -0.0238902 0.00198148 0.0193179 0.00429048 0.000917761 -0.000215704 -0.00812688 -0.00155372 0.0365196 -0.0196903 -0.000183183 -0.00504126 0.0169407 0.00301816 0.00147551 0.0293472 0.0147669 -0.0164211 -0.0438405 0.0027844 -0.0389852 -0.000108862 0.00580937 -0.0313444 -0.0161897 -0.015223 0.0183698 -0.00361727 0.00224703 -0.000107232 -0.00165221 0.00609409 -0.000290364 0.00362068 -0.00162674 0.0010377 -0.00245016 -0.00427945 0.0342743 -0.00662919 -0.0251965 -0.00637223 -0.0402923 -0.0890787 -0.00121821 -0.00396344 0.00457748 -0.0138461 -0.030601 -0.000829362 0.0154461 -0.0188506 -0.00211986 -0.000173374 0.00177373 -0.00769943 -0.00389935 -0.000227733 -0.000711062 -0.0313357 -0.00103251 -0.00127493 0.00128824 0.000519593 -0.0098824 0.00697801 -0.00655089 0.000967786 
-0.016575 0.0100338 -0.00174459 0.000599493 0.000129468 0.00459119 0.000424434 -0.00480881 -0.0189492 -0.0222399 0.00238996 0.00501325 -0.0438827 0.0168743 -0.0296037 -0.0117133 -0.0467581 -0.0792847 0.00122526 -0.0134016 0.0333507 0.223161 0.016104 0.0153405 0.014157 -0.0210018 0.00736324 -0.000236046 0.00120864 0.0531964 0.0355906 0.0123555 -0.0128793 -0.000213638 3.20809e-06 0.00383634 0.00471198 0.00159811 -0.00254537 -0.0013691 0.0452416 -0.0152475 0.00186425 -0.00244619 0.0149077 0.00419781 0.00108229 -0.0180854 -0.00143311 -0.00745841 -0.0844287 0.0103216 -0.0212418 -0.00104749 0.00696623 -0.0136532 -0.0175174 -0.0106992 0.0107915 -0.00449667 0.00344968 -0.000916492 0.00751691 -0.0134047 -0.000359055 -0.00354923 0.0444729 0.000661727 -0.000972646 -0.00125641 -0.00193333 -0.00519956 -0.0174908 -0.0137834 0.00909839 -0.0415593 -0.000538433 -0.00261929 0.00642825 -0.00957927 0.0155861 -0.000478672 -0.00738271 -0.00469336 9.91625e-05 -0.00114961 -0.0105777 -0.00605525 -0.00106188 -5.54911e-05 0.00807271 0.0110797 -0.00156943 -0.00202428 0.00172567 -0.000257576 -0.00605304 0.00823219 0.00442334 4.81086e-06 
-0.00324226 -0.0138815 0.000568336 -0.000139564 -3.91923e-06 -0.0126795 0.000352886 -0.00688125 -0.00897945 -0.0368055 0.00627208 0.0142773 0.00563044 -0.0115259 -0.0156054 6.47571e-05 -0.0292523 -0.0446633 -0.00244292 -0.00429279 0.0472493 0.016104 0.246662 -0.00214616 -0.0139776 0.0083275 0.00335735 -0.00103243 -0.0175545 -0.0142703 0.000414907 -0.00489868 -0.00769525 -0.00129822 -0.0143148 0.00475412 0.00146664 0.00185479 -0.00719565 -0.00474515 0.0454254 0.0189303 -0.000683866 -0.0197816 0.0210512 0.000387838 0.00148627 0.0179041 0.0103509 -0.00736504 -0.0207162 0.00146279 -0.0316162 0.000801983 0.00257466 0.0302033 -0.0200435 -0.0072157 0.0191727 -0.0114852 -0.000716073 -0.000421131 -0.0143197 0.00844274 -0.000428728 0.00158003 -0.00560125 -0.000846213 -0.000385645 -0.00305517 -0.00154084 -0.00828381 -0.00842755 -0.0130466 -0.0270225 0.0070777 -0.000546609 -0.000216736 0.00588294 -0.00878157 -0.00725474 0.00226931 -0.00448534 0.000461166 0.00575841 -0.00137903 -0.0144529 0.0113837 -0.00607147 -3.58606e-06 -0.00284698 -0.0417887 0.000744264 -0.00042321 4.52641e-05 0.000254287 -0.00371921 0.0109596 -0.00517025 -0.00230024 
0.00155239 0.000237359 -0.00291944 -0.000524301 0.00030244 0.00839748 -1.76534e-05 0.00667431 -0.00395396 -0.0138309 0.0034645 -0.000459008 0.00330791 -0.0213052 0.00890012 0.0388166 0.020441 -0.0437081 0.00305196 -0.000470577 0.00774014 0.0153405 -0.00214616 0.135726 -0.0299217 0.0038686 -0.00216274 -0.00104623 -0.0073425 0.0167739 -0.0104222 0.00215986 -0.0110686 4.89749e-05 0.0109698 0.00176918 -0.00112832 0.00179887 -0.00495173 -0.00182979 -0.0158492 -0.00799967 -0.000855794 -0.00626218 -0.00193108 -0.00546031 -0.00120494 -0.00584947 0.0308354 -0.0113731 -0.0252985 -0.000274286 -0.0206517 -0.000908464 0.00680573 -0.00943407 -0.00896495 -0.00310043 -0.00763901 0.00226878 0.00410974 -0.000124724 -0.00327515 0.00601175 -5.84439e-05 0.000292106 -0.0085394 0.000391898 -0.000406442 0.00118919 -0.00240977 -0.00432035 0.0103925 -0.00287371 -0.00312934 -0.00500189 -0.000372942 -0.00257097 0.000566762 -0.00457196 -0.00701037 -0.000668633 -0.000179443 -0.0114394 0.0034861 -0.000284876 -0.00317965 0.000181389 0.00561956 -1.52169e-05 0.000234298 -0.0132728 0.000218326 -0.000459773 -0.000900428 0.000555851 -0.00261281 0.00592541 0.000252698 -0.000734558 
-0.0320443 0.000932667 0.00341582 0.00044224 -0.00026439 -0.012492 0.00063726 -0.00440245 0.0138571 0.0466616 -0.00647753 -0.00290584 -0.061513 0.104923 -0.0147224 -0.113011 -0.0822503 0.0569516 -0.00173975 0.000454857 -0.022477 0.014157 -0.0139776 -0.0299217 0.246262 0.0114883 -0.000866215 0.000689726 -0.00198866 -0.0178536 0.00677838 -0.0225326 0.00784434 0.000927432 -0.000453523 -0.00451759 -0.00984893 -0.00142989 0.0136274 0.00443474 -0.0202847 -0.0199669 0.00295378 -0.0247412 -0.0319408 0.00552279 -0.000436463 -0.043027 -0.0233156 0.00338457 0.00800525 -0.00176203 0.0545029 -0.00264054 -0.00231621 0.013228 0.0188447 0.0149903 -0.0300281 -0.0119693 -0.00041663 0.000260104 -0.00206936 -0.055331 -0.000178984 -0.002612 0.0152996 -0.00270392 0.0016944 -0.000580028 -0.0200297 0.00132088 0.0223103 -0.0177698 0.000572113 0.0529528 -0.000637371 0.00142754 -0.0114852 -6.5556e-06 0.0197733 -0.000263336 -0.00683611 -0.0199039 -0.00406839 -0.00214945 0.00104775 -0.00895485 -0.00710885 0.000173939 -0.00154742 0.0579388 -0.00181054 0.00277861 -0.000369549 -0.00042095 0.00119366 -0.00241203 0.00551783 -0.000393649 
-0.0086537 -0.0356313 -0.0110579 -0.00214059 -0.00084048 0.00984811 -0.00108985 0.00170209 0.00963595 0.00692472 0.00044512 -0.0199122 -0.0112194 0.0204372 0.00125709 -0.0142691 -0.00552372 0.0226172 -0.00288863 0.0364814 0.00730123 -0.0210018 0.0083275 0.0038686 0.0114883 0.110553 -0.00508642 -0.00298669 -0.0118491 -0.030918 -0.00455864 -0.00847181 -0.00143795 -0.000365502 0.00145562 -0.00601354 -0.0042049 -0.000584027 -0.0139667 -0.00928696 -0.000948663 -0.0200903 -0.00883923 -0.0127866 -0.00341347 -0.0162748 -0.000538354 -0.00582437 0.0133757 -0.00788043 0.029044 -0.0102327 0.0234854 -0.00487896 0.000441342 0.00567479 0.00921819 0.00457486 0.00727119 -0.00195462 -0.00173588 0.000200847 -0.0107879 0.00311254 -1.38576e-05 -0.00173733 0.00240613 -0.000922272 0.000109047 -0.000509253 -0.0126058 0.000129671 0.0190272 -0.00487597 0.0323922 0.0345444 -0.000191737 -0.00106791 -0.00422074 -0.0107086 -0.0230601 -0.000185711 -0.0186732 0.00116742 -0.00772171 0.000194907 0.00300111 0.00248449 -0.00136729 5.50369e-05 -0.00614318 0.0146081 -0.00143921 -0.00319281 0.000203651 9.71968e-06 -0.00590526 -0.00159562 -0.00884391 -0.00394872 
-0.000712393 7.54693e-05 0.000359148 0.000808433 6.72824e-05 -0.00210232 -2.34928e-05 -0.000345547 -0.000479723 -0.00291568 -0.000101671 0.00213098 -0.00365839 -0.00294683 -0.00244907 -0.00576259 -0.00616801 -0.00688239 0.000208301 -0.00527163 0.00243685 0.00736324 0.00335735 -0.00216274 -0.000866215 -0.00508642 0.0230274 0.000209317 -0.000960981 0.00552928 0.0067127 -0.000149091 -0.000709356 2.38255e-05 -0.00123017 0.00310606 0.0015652 -2.88837e-05 0.000221982 -0.000241197 0.00579187 0.00325848 0.000406797 -0.000538495 0.00344634 -5.23289e-05 0.000189175 -0.00511604 -0.00045684 -0.001305 -0.00777296 0.00185015 -0.00363445 0.000426531 0.00104035 0.00080747 -0.00105658 -0.000820967 -0.00404765 -0.000444961 9.05692e-05 -1.68651e-05 -0.000762973 -0.000341539 1.99654e-05 -3.68553e-05 0.00528718 1.21963e-05 -2.9963e-05 -0.000177256 -0.000715833 -0.000304431 -0.00281025 -0.000766146 -0.00859294 -0.00298434 4.9139e-06 0.00135767 0.00499963 -0.000146791 0.00116209 7.06075e-05 0.000216873 0.00315226 0.000281812 -6.71354e-05 -0.000709563 -0.000551585 -0.000272235 7.87846e-06 0.00217911 -0.000484229 7.53897e-05 0.000508843 -0.000235669 6.57503e-05 -0.000305077 0.00264932 -4.09291e-06 0.000254781 
-0.000286895 0.000615526 -0.000100997 7.11479e-05 4.10698e-05 -0.00124582 -3.28599e-06 -5.87344e-05 0.000240381 0.00132843 -3.29137e-05 0.000155361 0.000838335 -0.00031983 -4.42091e-06 -0.00237878 -0.00349642 0.00173961 0.000549462 -0.00356147 -0.00319989 -0.000236046 -0.00103243 -0.00104623 0.000689726 -0.00298669 0.000209317 0.00978794 -7.58915e-05 -0.000947102 -9.04986e-05 -0.000731905 0.00193998 -9.37141e-06 -0.000507708 0.000397319 -0.000213504 3.24366e-06 0.00198886 0.000359063 -0.00105979 0.00303684 7.37082e-05 -1.07348e-05 0.000849428 0.000715243 -6.77164e-05 -0.00213179 -0.00108407 7.9806e-05 0.00154283 0.000161553 0.00059263 0.00116666 -1.03472e-05 -5.94886e-05 7.41716e-05 0.000383066 -0.00229619 0.000110619 -1.28073e-05 9.33344e-05 -4.81622e-05 -0.00109168 1.48146e-05 2.69871e-05 -0.000978119 4.6459e-06 8.61256e-05 0.000230597 0.000695463 0.000334799 -0.000603098 -3.31099e-05 -0.00167544 1.6659e-06 0.000106026 -3.81656e-05 -3.7804e-05 -0.000124836 0.00130216 -2.06966e-05 -0.000296201 -0.000424314 -0.000223532 4.17469e-05 -0.00017565 -0.000342466 0.000307389 -2.45882e-06 0.00135754 0.000376091 -6.00515e-06 6.92584e-05 -0.000106702 -2.07783e-05 0.00054114 3.51312e-05 0.000235009 -5.22893e-05 
-0.00239205 0.00347705 0.00175766 0.000846836 7.42206e-05 0.00134893 0.00026473 -0.000885586 -0.00652266 0.00322081 0.00116556 0.00447284 -0.0119663 -0.00914149 0.00215475 0.00460925 -0.00674638 -0.0209993 0.000334745 -0.00392679 0.0112164 0.00120864 -0.0175545 -0.0073425 -0.00198866 -0.0118491 -0.000960981 -7.58915e-05 0.0820677 0.0116725 0.00905034 0.0082049 -0.000568214 0.00118291 0.00866988 -0.000716638 0.00568537 -0.00043835 0.0151834 0.00973008 0.00594719 -0.00950531 0.0030357 0.00167941 -0.00319062 0.00107957 0.000775403 0.0103074 -0.00324006 -0.00130965 -0.0256312 -0.000375515 -0.0157997 7.69412e-06 -0.00181179 -0.0218538 -0.00676782 -0.00212755 0.00466583 -0.00181969 0.000294027 -8.26635e-05 0.00261895 0.0172551 5.48869e-05 0.00127164 -0.00725528 0.00077793 -0.000589922 -0.000912804 0.00753193 -0.00174093 -0.0175107 0.000286546 -0.00311688 -0.0358245 -1.20575e-05 0.000482606 -0.000310226 0.00370456 0.00611635 0.000325202 0.00680696 3.25726e-05 0.00199054 0.000668127 -0.00226538 -0.00261218 -0.00171602 -4.55278e-05 -1.8556e-05 -0.010616 5.24738e-06 -9.42005e-05 0.000877408 7.34111e-05 0.00831898 -0.00220832 0.00549632 0.00435331 
-0.00879015 0.0277189 0.000665028 2.49144e-05 0.000684938 0.0110338 0.000239382 -0.00272491 -0.015182 -0.0274796 -0.00495148 0.00846794 -0.0037587 0.0121319 -0.0163567 0.0540268 0.0181333 -0.0637732 0.00178798 -0.00817544 0.0344081 0.0531964 -0.0142703 0.0167739 -0.0178536 -0.030918 0.00552928 -0.000947102 0.0116725 0.154343 0.0205654 -0.00473865 -0.012247 0.000810298 0.00139377 0.00337576 -0.00289113 -0.000648651 0.00304471 0.00091409 0.0187017 -0.0121268 0.00145979 -0.00802963 -0.00454693 0.00613568 -0.00190464 0.0222727 0.00998484 -0.00221557 -0.0795287 0.00267449 -0.0579988 -0.00111795 -0.001455 -0.00572141 -0.0188202 -0.00830628 0.0157165 0.000399157 0.00322949 -0.000320875 0.00852375 -0.00155032 -0.000129268 -0.00117613 0.0398994 -0.000230782 -0.00152891 -0.00128948 0.00967417 -0.0053995 -0.043584 -0.00439597 -0.0199498 -0.0546119 -0.000506459 -0.00303431 0.00710111 0.00376025 0.000387555 -0.000864637 0.0130066 -0.00378781 -0.00502812 -0.00110803 -0.00818472 -0.00491204 0.00262591 -9.80308e-05 0.00791602 -0.0250765 0.000814145 -0.00137964 -0.000559287 0.000321606 -0.00203088 0.00038825 0.0108448 0.00143583 
-0.00632687 0.00319736 -0.00171578 0.00107484 -0.000190042 0.00577863 8.85671e-05 -0.00158975 -0.00464818 -0.0133356 -0.00217207 -0.000785452 -0.0167765 0.0110434 -0.00423707 -0.00102625 -0.027538 -0.0371224 0.00220129 -0.00178585 0.0241501 0.0355906 0.000414907 -0.0104222 0.00677838 -0.00455864 0.0067127 -9.04986e-05 0.00905034 0.0205654 0.0996703 0.00510039 -0.00865878 0.00123013 -0.00555764 0.00189272 0.00197941 -0.000139464 0.00980395 0.000498269 0.0350512 -0.00171551 0.00153551 -0.00639307 0.010074 0.000774425 0.00425404 0.00108006 -0.00396375 -0.00278949 -0.0321055 0.00267051 -0.033285 -0.000571852 -0.000958257 -0.0164227 -0.00995254 -0.00163974 0.0126427 -0.00232104 -0.000310747 -0.000191516 -0.00161099 -0.0103688 -0.000113619 0.00116778 0.0406942 0.00012695 -0.000623553 0.00122342 -0.000369611 -0.00354662 -0.0315316 -0.00367213 -0.00689214 -0.0336335 -0.00025562 0.000953968 0.0081065 0.00363434 0.00230771 0.00129571 -0.00521121 0.000733846 -0.00277125 -0.000115108 -0.00312946 -0.00250834 -0.00142895 -7.77364e-05 0.00708722 -0.0126804 -0.000119883 -0.000278519 0.000701432 0.000248643 -0.00163326 0.000396688 -0.000202277 0.000489736 
0.00779871 0.000486961 0.00134326 0.000407514 -7.22798e-05 -0.00925648 0.000200824 -0.001258 -0.00450624 -0.0130195 0.00685407 0.00261879 -0.00968962 -0.0246851 -0.00186969 0.0121289 -0.00188023 -0.0298995 0.00138432 -0.00290868 0.0189693 0.0123555 -0.00489868 0.00215986 -0.0225326 -0.00847181 -0.000149091 -0.000731905 0.0082049 -0.00473865 0.00510039 0.0798421 -0.00525084 0.00164516 0.0113353 -0.00110272 0.0179013 0.000593521 -0.000972643 0.00255009 -0.00358832 -0.00665312 0.00240348 0.0119032 0.000751116 0.000459516 0.00214072 0.0127156 0.00241429 -0.00429687 -0.0272338 -0.000925521 -0.00219603 0.00274884 0.0012793 -0.0309151 -0.00794684 -0.00333804 -0.00195336 0.00395527 0.000970872 -0.000217501 -0.00209372 0.0166008 7.21596e-05 -0.000519003 -0.00588918 0.00127668 -0.000479647 0.000532575 0.000520498 -0.0009035 0.00268329 0.00542338 -0.00395671 -0.0325059 -0.000185703 0.000413941 0.00118967 -0.00300196 0.00184304 -0.000155431 0.00833507 0.00313501 0.0105617 0.00152879 0.00743824 -0.00223414 -0.00131289 -1.7166e-05 0.00047177 -0.0137987 -0.000242522 8.84324e-06 0.00182166 -8.67858e-05 0.00293952 0.00175702 -0.000261419 0.000626574 
0.000406771 -0.00181318 0.00298775 0.000427615 -3.22356e-06 -0.00448451 1.91304e-05 -0.000817752 -0.00581204 0.0343088 -0.00117788 -0.0066246 0.00779631 0.00492009 -0.00278761 -0.0249941 -0.0242966 0.0339775 0.00206364 -0.00454303 -0.0238902 -0.0128793 -0.00769525 -0.0110686 0.00784434 -0.00143795 -0.000709356 0.00193998 -0.000568214 -0.012247 -0.00865878 -0.00525084 0.0822836 -0.000283592 -0.00509379 -0.000389218 -0.00279599 -4.71223e-05 0.00548617 0.00481242 -0.0159011 0.00014037 0.00121136 0.0211234 0.000259836 -0.000489004 -0.000968098 -0.0243081 -0.0092333 -0.00287137 0.0148392 -0.00396315 0.0082158 0.00121028 -0.000386149 0.0128388 -0.00152196 -0.00148046 -0.0242068 -0.000279887 -0.00076222 0.00111139 -0.00152214 -0.0115989 0.000126009 -0.000522217 -0.0108329 -0.00050153 0.00204513 -0.000434726 -0.00560993 0.00373621 -0.000943788 -0.00185634 -0.0136177 0.00197211 0.00164023 0.00431581 -0.0017228 0.0050817 0.0212617 -2.72797e-05 -0.00281237 -0.0067426 -0.00226149 -0.00060149 -0.000636488 -0.000396467 -0.00150782 8.76765e-05 -0.00130453 0.0160203 -0.000340919 0.000130226 0.00225341 -0.000110443 0.00666159 0.000131589 0.00631982 0.000637939 
-0.000241097 2.52049e-05 0.00022242 5.32515e-05 1.72628e-05 -0.000415166 4.83277e-06 -4.91723e-05 -0.000294431 -0.000484273 -3.3584e-05 -0.000242631 -0.000882198 8.77999e-05 -0.000161346 0.000388766 -0.00111988 -0.00227776 0.000581883 -0.00039827 0.00198148 -0.000213638 -0.00129822 4.89749e-05 0.000927432 -0.000365502 2.38255e-05 -9.37141e-06 0.00118291 0.000810298 0.00123013 0.00164516 -0.000283592 0.00531001 0.000910596 -3.61958e-05 0.000925117 5.12749e-05 0.000414089 0.000376912 0.000505934 -0.000611135 0.000180686 -8.08248e-05 0.000231845 -4.75041e-05 0.000135269 0.000920606 -7.60167e-05 0.000256896 -0.00258183 1.81667e-05 -0.00182094 0.000239636 -5.20416e-05 -0.00297575 -0.000534375 3.46956e-05 0.00061982 -0.000117475 -1.39643e-05 1.76842e-05 -6.72205e-05 -0.000484654 -4.61292e-07 0.000241106 0.000260888 -1.13747e-05 -2.3101e-05 0.000133735 0.000850755 -8.04774e-05 -0.00132025 0.000138859 -0.000453204 -0.00229595 -2.65867e-06 -3.71838e-05 2.60091e-05 0.000102661 -8.02644e-05 2.3287e-07 -6.05882e-05 -0.000107028 0.00062112 6.95575e-05 0.00027714 -0.000248922 -1.95644e-05 5.11144e-06 0.00022366 -0.000957011 7.17153e-05 -8.48683e-06 5.49935e-05 4.48003e-05 0.000289504 7.40274e-05 -5.65228e-06 0.000115486 
