0.176527 -0.00562226 0.00637949 0.00179969 0.0131055 -0.0163275 -0.00896228 -0.0741313 -0.0102159 -0.0534564 -0.0200828 0.0259452 0.0485737 0.038511 -0.0100457 -0.0422164 -0.049142 0.0384785 0.00342331 -0.000664525 -0.0126032 -0.00148525 0.032794 -0.0622214 0.0137732 0.0137068 -0.00925721 -0.0206245 -0.00719836 0.0341746 0.0003939 -0.0101564 0.0423259 -0.0273641 -0.000126007 0.00660675 0.00153183 -0.00651615 -0.0162304 -0.0023489 -0.00131057 -0.00252289 0.000891318 -0.0257308 0.0250911 0.00872475 -0.000745866 -9.04252e-05 0.00570187 0.000790419 0.014445 0.0011724 -0.00227064 -0.00611343 -0.00236528 -0.000719141 0.00055449 0.00200625 -0.000740853 -0.060901 -0.00756625 -0.00976425 0.0312367 -0.00586743 -0.0373888 0.00600576 0.0485488 -0.00652435 -0.000432697 0.0126688 -0.00239895 0.00649143 -0.00225733 0.0647046 -0.020303 -0.0500481 -0.00769332 0.00675717 -0.000380756 0.0288309 0.0019784 0.00027801 0.00446415 -0.00515143 0.000775997 0.00508412 0.00157962 -0.00396746 0.0066068 -0.0145082 -0.0126545 -0.00556787 0.00546199 -0.000995354 -0.00469279 -0.00331303 0.00172114 -0.0168613 -0.00286122 0.00108598 
-0.00562226 0.0362015 -0.000739058 -0.000345 0.000265821 0.00938162 -0.000378218 -0.00865083 0.000226595 -0.0103045 0.00726851 0.00110363 -0.000686285 0.00324415 0.00183816 0.00244429 0.00517863 0.00321926 -0.00205195 0.000236693 0.00735698 -0.0037939 -0.000715481 -0.00213857 -0.00817202 -0.0058283 0.00537935 0.00310227 0.00120418 -0.00339364 -0.000740298 -0.0124236 -0.00366002 -0.00284791 -0.000455253 -0.00233891 9.52228e-05 0.00373803 -0.000750933 0.00251626 0.00233183 1.57562e-05 1.0439e-05 0.00172188 0.00144785 -0.000530262 0.00454489 -3.45299e-05 0.00753812 -0.000282282 -0.0010428 -0.000360073 0.000463834 0.000188243 -0.000166841 0.000119407 8.12172e-05 -0.000105528 -0.000232429 -0.000665159 -0.000991017 -0.000983743 -0.00161906 0.000844076 -0.0121888 -0.00377257 -0.0022797 0.000136064 -8.50319e-05 -0.00120559 0.00207025 -0.000154778 0.000717853 -0.0024602 -0.00469357 0.00420495 -0.00117405 -0.000642109 0.000923699 -0.00471744 -0.000112684 -1.85182e-05 -0.000182986 -0.000629067 -0.000533866 0.00292705 -0.00140076 -0.000568165 -0.00208537 -0.00734263 0.0067303 0.00319308 0.00011074 -0.000180044 -0.000770075 -0.000162355 0.000407059 -0.00447229 0.00026808 -0.000114467 
0.00637949 -0.000739058 0.0336274 0.000240602 -0.000213011 -0.00159575 -5.83391e-05 -0.0097905 0.00203131 -0.0100825 -0.00408104 -0.000648601 0.00483254 0.0090795 -2.31011e-05 -0.00808453 -0.00952345 0.00131783 0.00551872 -0.000472827 -0.00705379 -0.00101099 -0.000138699 -0.00987335 0.000207659 0.00278171 0.00067591 -0.00563222 -0.000552968 -0.000317476 0.000169935 0.00238328 0.00282147 -0.00192808 0.00047826 0.00811981 0.000322261 0.00161154 0.0011901 0.000242017 -0.00104473 -0.000303466 8.34e-05 -0.0016909 0.00147861 0.00118309 0.000246292 0.000218222 -0.00206723 0.000254344 0.00242988 -0.000227737 -0.000283336 -0.000440315 -0.000398411 -0.000193902 0.000239888 0.000549158 0.000254372 -0.00896084 -0.000531133 -0.00223342 0.00303331 0.00150467 -0.00574921 -0.00408652 0.00622629 -0.00173997 -0.000176955 0.00132893 -0.000141431 -0.000297572 -0.000431184 0.00421483 0.00160156 -0.007971 -0.00100124 0.00115432 -0.000150543 0.00348146 7.64038e-05 5.3593e-05 0.00193629 -0.00115637 -0.000436624 0.000105121 0.000624684 0.00130652 0.00159177 -0.000674412 -0.00564736 -0.00124266 0.00163653 -8.53289e-05 -0.0011519 -0.000601751 0.00113679 -3.67521e-05 0.00105473 -6.19088e-05 
0.00179969 -0.000345 0.000240602 0.0104188 -4.88051e-05 -0.00139805 0.000354594 0.00028786 0.00113654 0.00128385 0.000929401 -0.000622242 -0.00107715 -0.00128142 1.94868e-06 -0.00274078 -0.00365498 -0.000213149 -0.00078771 0.000671138 -0.00307443 0.000237461 0.000308196 -0.00236054 2.1153e-05 -0.000286617 0.000188339 -0.000724767 0.00275177 -0.0014563 -0.000171502 0.000683474 -0.000337552 0.00170936 8.92415e-06 -0.000627563 0.000458063 -1.53714e-05 -0.00178718 -0.000159321 -0.000468388 0.000140402 -3.04396e-05 -0.000199181 -0.00110659 -0.000258568 -0.000535075 -1.23694e-05 -0.000649176 -2.76271e-05 0.000734561 0.000441181 0.000106835 -0.000176927 -0.000120099 3.21614e-05 0.000308196 0.000104113 0.000266627 -0.00242892 0.000311106 -0.000375953 -0.000112479 -0.000152604 -0.00160561 -0.000513891 0.00208762 -0.000497058 -8.25294e-05 0.00190197 -0.000308598 -6.1857e-05 -0.000130411 -0.000885715 -0.000929669 -0.00109871 0.000451268 -3.68491e-05 2.16955e-05 0.000892756 0.000204202 0.000208546 0.000491882 0.000549113 0.000740179 4.55713e-05 -0.000319386 0.000175335 0.0023025 -0.00195184 -0.00161938 -0.000165356 0.00229069 0.000319377 0.000254818 1.49551e-05 0.00104914 0.00031017 -0.000186119 -3.03473e-05 
0.0131055 0.000265821 -0.000213011 -4.88051e-05 0.0283317 -0.00546257 5.33698e-05 -0.0163193 -0.00334545 -0.0123718 0.000533427 0.00906246 0.00722151 0.00401578 0.000248907 -0.0115194 -0.0022137 0.00102962 0.00253573 0.000403054 -0.00069183 0.00101602 0.0133877 -0.00903722 -0.00698858 -0.000492948 -0.002523 -0.00282794 0.00129501 0.00170284 -0.00110508 -0.00516721 0.00557165 -0.00716987 -0.000249903 -0.00392057 0.000303307 0.00125565 -0.00671205 -0.000175269 -5.22879e-06 -0.000353439 0.000816868 -0.00357022 0.00274547 0.00270048 0.00299382 2.46689e-05 0.000939777 -0.000119934 0.0033995 0.000194899 -0.000370749 2.64746e-05 0.000138787 0.000554545 0.000655477 5.40622e-05 -0.000506831 -0.00884824 -0.000237121 0.0005412 0.00891236 -0.000763456 -0.00732903 0.000743505 0.00959379 0.00467751 0.000311421 0.00150984 -0.0012923 0.00462485 0.000135482 0.016022 -0.00594348 -0.0100014 -0.000518235 0.0014856 -5.29565e-05 -0.00192491 0.000750561 -4.19243e-05 0.000331485 -0.000929053 -0.000494145 0.000257815 0.000276076 4.80871e-05 -0.000305366 -0.00795538 -0.00262389 -0.00118077 0.000369742 0.000527443 -0.00118991 -0.000313097 -0.000386148 -0.00148277 -0.000409251 2.05019e-06 
-0.0163275 0.00938162 -0.00159575 -0.00139805 -0.00546257 0.208252 -0.0121311 0.0225399 -0.0172015 -0.0345066 0.0479339 -0.0143743 -0.0169052 0.0650582 -0.0127593 0.045789 -0.00157011 0.0483794 -0.0194713 -0.00855405 -0.046312 -0.0275667 -0.0185158 0.0341096 0.0213034 -0.0297055 -0.00446149 0.0232768 0.0131197 -0.0212668 -0.0170559 -0.0630907 -0.0208583 0.0216388 -0.00106275 -0.00348484 -0.00113992 -0.0145146 0.0224683 -0.00221173 -0.00400717 -0.0016831 -0.000605965 -0.0182024 -0.00708042 -0.00453425 -0.00611885 0.000528502 0.0267802 -0.00221224 -0.0218176 -0.00448013 0.00220123 -0.00156574 -0.000757833 -0.00213414 -0.000448281 -0.00105532 -0.00180169 0.0400459 -0.010986 -0.00367537 -0.0169552 -0.00577179 -0.0372741 -0.00584286 -0.0272442 -0.0173189 -0.000959593 -0.00817081 0.00827695 -0.00556154 0.00924978 -0.0397313 -0.0200238 0.0725353 0.0132583 0.00163667 0.000388243 -0.0247871 -0.00150437 -1.50592e-05 -0.00013463 -0.0132435 -0.00332692 -0.00715455 -0.00196348 -0.00983945 -0.0178575 -0.0275012 0.0491022 0.00234278 -0.00864891 0.000293331 0.0114421 0.0128061 -0.00373044 -0.00185026 -0.000204316 -0.000852121 
-0.00896228 -0.000378218 -5.83391e-05 0.000354594 5.33698e-05 -0.0121311 0.107697 -0.00678134 0.00391478 -0.00182632 -0.0183266 0.00374895 -0.0172578 -0.018251 0.0140678 0.0155373 0.024156 -0.041195 0.00707866 0.00308078 0.0238642 0.00193367 0.00254234 0.0142786 -0.0239095 -0.0149425 0.0196801 -0.0140314 -0.0114898 -0.0167408 0.0171129 0.0173264 -0.0161038 0.00558547 -0.000604722 0.0469524 0.000381738 -0.00463053 -0.0132833 0.000282215 0.00503788 -0.00181612 -0.000142009 0.0214482 -0.020584 -0.000652458 -0.00793427 -4.92528e-06 -0.00406549 0.000262324 -0.00593095 0.00350827 -0.000664342 -0.00129599 -0.000515776 -0.000138942 -7.60767e-05 -0.000349718 -0.000776797 0.00276197 -0.00319502 -0.00378695 -0.00729393 0.00535561 0.0101455 -0.0101319 -0.0119034 -0.006657 -0.000720104 -0.00377547 -0.00380302 0.0024709 -0.000489278 -0.0185987 0.0101096 0.000215055 -0.00294986 -0.00525933 0.00124663 -0.0115682 0.000857123 4.19579e-05 0.00026537 -0.00421866 -0.000536072 0.0123311 0.00485071 -0.00130141 -0.00676703 0.0175083 -0.0165933 -0.00470518 -0.00624951 0.00180778 -0.00348739 -0.00596518 -0.00584223 0.000890709 -0.000129651 0.00103613 
-0.0741313 -0.00865083 -0.0097905 0.00028786 -0.0163193 0.0225399 -0.00678134 0.222095 -0.00241562 0.122182 0.00730208 -0.0233189 -0.0784347 -0.0527671 -0.00961718 0.0591848 0.0417811 -0.0498729 -0.0178921 -0.00341082 -0.0141846 0.0386591 -0.0359509 0.0987828 -0.00721559 0.0122252 -0.0426278 0.0146606 0.0107865 -0.0178895 -0.0108621 0.0474885 -0.0626848 0.0429821 0.00169739 -0.0177146 -0.000183009 -0.00562715 0.00711025 -0.0107731 -0.00344256 -0.000905517 -0.00407534 0.0222483 -0.027425 -0.0168701 -0.0332523 -0.00038195 -0.0187881 -0.00359136 -0.0236317 -0.000825514 0.000575326 0.00201481 -0.00110825 -0.00284697 -0.00202575 -0.00223742 -0.00665649 0.075813 0.0108462 -0.00490653 -0.040366 -0.00352278 0.0737951 -0.00235914 -0.0652336 -0.00284649 -0.0060535 -0.0157454 -0.0181077 -0.0113434 0.00292531 -0.0890349 0.0177547 0.0379942 0.00603807 -0.0184876 -0.00132129 -0.0175997 -0.00370227 -0.000637472 -0.00705369 0.00151918 0.00229763 -0.0180571 -0.0211771 -0.00638302 -0.00277433 0.0508557 0.00819744 -0.023533 0.000304263 0.00434302 0.00982028 -0.00174878 0.00155017 0.0323036 2.22807e-05 -0.00180854 
-0.0102159 0.000226595 0.00203131 0.00113654 -0.00334545 -0.0172015 0.00391478 -0.00241562 0.124273 0.00140799 0.0065638 -0.00363376 0.00323561 -0.00610943 0.0185456 0.00107705 0.00145976 0.00181134 0.0172876 0.00501332 0.0302116 -0.0073051 0.0242715 -0.0211935 -0.0219706 -0.0126987 0.0129006 -0.0201851 0.000276625 0.00446674 -0.00167615 -0.00341039 -0.00451602 -0.00785486 0.00549651 0.00426175 0.000159998 -0.00223625 -0.021892 -0.00118617 0.00229983 -0.00195991 0.000263976 0.00278386 -0.000495585 -0.00219913 0.00397938 0.000121852 -0.00576795 -0.000840601 -0.0111493 0.000378938 -0.00150337 -0.00106885 -0.00191263 0.00199615 -0.000549787 0.000196075 -0.000450599 -0.0256976 -0.00202545 -0.00138322 -0.00525992 0.0101401 -0.00750169 -0.0132154 -0.00304308 -0.00522159 0.00225667 -0.00233118 -0.00104675 0.00317546 -0.00214067 0.00774389 -0.00689579 -0.0207033 0.00457697 -0.00530252 0.00012215 0.0145383 0.00207543 -0.000189314 -0.00190376 0.000323011 -0.00227492 0.0141509 0.00289552 0.0127095 -0.00359466 -0.0126849 -0.00535054 -0.00238414 -0.00368252 -0.00152379 -0.000918615 -0.00464216 -0.00450917 -0.0162332 0.0017547 9.20184e-05 
-0.0534564 -0.0103045 -0.0100825 0.00128385 -0.0123718 -0.0345066 -0.00182632 0.122182 0.00140799 0.249924 0.0143749 -0.0225488 -0.0518311 -0.0626689 -0.00736244 0.0245229 0.0516018 -0.0622854 -0.00372597 -0.00408935 -0.00577013 0.0452801 -0.02821 0.0689253 -0.0529375 0.024894 -0.0460802 -0.00242844 0.0118064 -0.0138421 -0.00282534 0.0600412 -0.0513523 0.00564112 -0.00497347 -0.0213246 -0.000911346 -0.00551783 -0.0193541 -0.00715602 0.000315928 0.000263719 -0.00377518 0.0422706 -0.0182 -0.0094259 -0.0189775 -0.000647161 -0.0246694 -0.00150711 -0.0185346 0.00219291 -0.00311649 0.00255142 -0.0013382 -0.00248773 -0.00170466 -0.00175748 -0.00894679 0.0418339 0.00966036 0.00914026 -0.0238345 -0.00295679 0.0907699 -0.0133264 -0.0448705 0.00255671 -0.00409292 -0.0104961 -0.00961561 -0.00676631 -0.00483556 -0.0541419 0.0399831 0.00362714 0.00513598 -0.0148313 -0.00195182 -0.00712079 -0.00363203 -0.000227448 -0.00608023 -0.000599383 0.0044311 -0.0205375 -0.0168695 -0.00222387 0.00296497 0.0426629 -0.0261342 -0.0152274 0.00291441 0.00779372 -0.00040854 -0.0131507 0.00284733 0.0237329 -1.43716e-05 -0.000757589 
-0.0200828 0.00726851 -0.00408104 0.000929401 0.000533427 0.0479339 -0.0183266 0.00730208 0.0065638 0.0143749 0.154228 -0.0155321 -0.00231463 0.0276881 -0.00537593 0.000756165 0.0109399 0.0397038 0.00323308 -0.00251895 -0.017095 0.0140216 0.00530601 -0.00304061 -0.0433823 -0.0143608 0.00708907 -0.0159561 0.0490521 -0.0233559 -0.00710584 -0.0316472 -0.0209215 -0.00916093 -0.0024106 -0.033913 -0.00113395 0.000820703 -0.00853019 -0.00396847 -0.00844999 0.000637558 0.00013155 -0.00577349 0.0123769 0.000770538 0.0126051 -0.000331323 0.00570066 -0.00144132 -0.00961492 -0.0025892 -0.00131138 -0.00205831 -0.00179931 -0.000328628 -0.000338009 -0.000439016 -0.00288238 -0.00231931 -0.00430786 -0.00188648 -0.00484426 -0.0034819 -0.00885304 -0.0223506 -0.0118225 -0.00324762 0.00195033 -0.00345419 0.0114252 -0.00176911 0.00302303 -0.00973742 0.00206318 0.0155024 0.0106001 -0.00400115 0.000450348 -0.0234972 -0.00167587 0.000324003 -0.000322672 -0.00784344 0.001643 -0.00438031 -0.00880782 -0.00606268 -0.00845642 -0.0354204 0.0176861 0.00895799 0.0172442 0.00149019 0.00267633 -0.00101154 0.00794987 -0.0111463 -0.000369949 -0.000311171 
0.0259452 0.00110363 -0.000648601 -0.000622242 0.00906246 -0.0143743 0.00374895 -0.0233189 -0.00363376 -0.0225488 -0.0155321 0.0897058 0.0160291 -0.00759934 -0.00297617 -0.0214643 0.00698173 -0.00331667 0.00085641 -0.00105932 0.0132625 -0.00565584 0.00336642 -0.00865167 -0.00856268 0.00131988 6.47745e-05 -0.00695287 -0.00825468 0.0120752 0.00264877 -0.0140807 0.0117044 -0.00828634 0.000298383 -0.00749412 0.000629616 0.00659731 -0.0095822 0.000621177 -0.000736925 -0.00107153 0.000971504 -0.00201728 0.000803539 -0.000740896 -0.00426229 -6.10749e-05 0.00875512 0.00139922 0.00706181 -0.000307275 -0.000999693 -0.000771544 0.00267135 0.00116199 0.000838366 0.000707985 -8.28245e-06 -0.0157284 -0.000111574 -0.00789747 0.0169684 -0.00318847 -0.0120693 0.0144685 0.0158319 -0.00120195 -9.52902e-05 -0.000846136 -0.00110638 0.00181937 0.00175979 0.0248774 -0.0180527 -0.0267279 -0.00261562 0.00143462 -0.000190398 0.00188787 0.00231948 -0.000130207 -0.00123671 -0.00137552 -0.000886335 -0.000800564 0.00158204 0.000336482 -0.00114665 0.00814077 -0.00667847 -0.00222538 -0.00069328 0.00249153 -0.00327501 -0.00145276 -0.00420588 -0.00391578 -0.000854172 -1.01028e-05 
0.0485737 -0.000686285 0.00483254 -0.00107715 0.00722151 -0.0169052 -0.0172578 -0.0784347 0.00323561 -0.0518311 -0.00231463 0.0160291 0.164054 0.0706535 -0.00776029 -0.0811701 -0.0596902 0.0905386 -0.0188753 -0.0053897 -0.0164197 -0.0317173 -0.00114211 -0.0691367 0.0406607 -0.0109739 0.00803298 -0.0282862 -0.00260303 0.052072 0.00794142 -0.0615472 0.0819535 -0.0416092 0.000725273 -0.0310334 -0.000361101 -0.00334985 -0.0184301 -0.00623377 -0.00997196 0.00164422 0.00113159 -0.0240591 0.0742738 0.00870143 0.00999688 0.000125823 0.00448304 0.00320509 0.0272544 -0.00252276 -0.00163285 -0.00243889 -0.00114136 -0.000741439 0.000272411 0.00133879 0.00748177 -0.0679887 -0.00688913 -0.0122298 0.0384321 -0.00559117 -0.0549218 -0.00341197 0.0560522 -0.000559463 0.00350481 0.017249 -0.00324733 0.00401155 0.00014921 0.1132 -0.0383453 -0.0615369 -0.00234787 0.0145109 -0.000781973 0.0563233 0.000932724 -0.00041728 -0.000549467 0.00124193 0.000882891 -0.00693043 0.0140062 0.00903005 0.00881337 -0.0551854 -0.00924341 0.00649838 -0.0055168 -0.0018493 -0.00871599 0.012559 -0.00765672 -0.0302963 -0.00289749 2.35392e-05 
0.038511 0.00324415 0.0090795 -0.00128142 0.00401578 0.0650582 -0.018251 -0.0527671 -0.00610943 -0.0626689 0.0276881 -0.00759934 0.0706535 0.204618 -0.0117174 -0.0509603 -0.0776803 0.0998405 -0.0226106 -0.00801529 -0.0880437 -0.0364528 0.0048275 -0.0351248 0.0474686 -0.0128224 -0.0124658 -0.0209307 0.0159166 0.0130077 -0.00647589 -0.0772807 0.0531382 -0.019023 -0.00186931 -0.021482 -0.000202609 -0.0091854 -0.0126745 -0.00448615 -0.0096071 -0.00154914 0.00134351 -0.0199155 0.0554506 0.00835343 0.00509762 0.000131205 0.0103811 -0.000631622 0.00811789 -0.00343447 0.000501127 -0.00323477 -0.00285577 -0.00185742 0.000195777 0.0012081 0.00527993 -0.0228758 -0.0102579 0.00453442 0.0250167 -0.00381403 -0.0632627 -0.0131781 0.043076 -0.00928363 0.00293119 0.0115707 -0.0039249 -0.000778506 0.00488221 0.0511266 -0.0349909 0.00182785 0.0152377 0.0185585 -0.000401006 0.00929034 -0.000993693 -0.000234168 0.00431851 -0.00725541 0.000255017 -0.00747062 0.00688381 -0.0026888 -0.00195019 -0.0653294 0.00289913 0.00137914 -0.00256587 -0.00316973 0.000337399 0.0253028 0.00139298 -0.00724397 -0.00192929 0.000916236 
-0.0100457 0.00183816 -2.31011e-05 1.94868e-06 0.000248907 -0.0127593 0.0140678 -0.00961718 0.0185456 -0.00736244 -0.00537593 -0.00297617 -0.00776029 -0.0117174 0.105907 -0.00952018 -0.00160728 -0.00368265 0.0110324 0.0077153 0.0078922 -0.0161751 -0.000125082 -0.0261494 -0.00616791 -0.00397431 0.00684186 -0.0152708 -0.00200428 -0.00312944 0.00824475 0.0243734 -0.0107114 -0.0119321 0.0012518 0.0116708 -0.000412223 -0.000823099 -0.00529335 0.000887937 -0.00376203 -0.000910957 0.00138865 -0.00811847 -0.000424696 0.0036429 -0.00106103 3.53544e-05 -0.00188215 0.000290706 -0.00769762 0.00205743 7.59348e-05 -3.22653e-05 1.74772e-05 0.00179908 -0.000430577 -0.000320031 0.00309425 -0.00728511 -0.00279846 0.00399411 -0.00569708 0.0138951 -0.00489595 0.00237359 -0.00857792 0.0045629 -0.000520651 -0.00207547 -0.00480745 0.000617149 0.000300086 -0.00865899 -0.0109888 -0.00876075 -0.000276981 -0.00184118 0.000963593 0.00109107 0.000962903 -0.000141315 0.00263718 -0.00209793 0.00129225 0.00690286 0.00328067 0.0168184 0.00227957 -0.0101769 -0.0011571 -0.0032544 0.00197388 -0.00216403 0.00125749 -0.00250383 0.00948678 -0.00948743 -0.000325925 0.000137889 
-0.0422164 0.00244429 -0.00808453 -0.00274078 -0.0115194 0.045789 0.0155373 0.0591848 0.00107705 0.0245229 0.000756165 -0.0214643 -0.0811701 -0.0509603 -0.00952018 0.193646 0.0795516 -0.0711986 -0.00653224 0.0028587 0.0389312 0.00374037 -0.013208 0.0694398 -0.0191416 -0.0446833 0.00600196 0.0434393 -0.0438629 -0.0462265 -0.0327004 0.03551 -0.0716337 0.0327286 -0.00102744 0.0278246 -0.000290931 -0.00591175 0.0388986 -0.00936874 0.00644698 -0.00849211 -0.00298323 0.0290023 -0.0748838 -0.00890581 -0.00119864 0.000207088 0.01212 -0.00513403 -0.045652 0.000628098 0.000984418 0.0043552 0.000316994 -0.00171864 -0.00379403 -0.00222066 -0.00603702 0.105735 -0.00104865 -0.00188008 -0.0391632 0.000971813 0.0490195 0.00545874 -0.0831896 0.00141627 -0.0022333 -0.0257486 0.00428265 -0.00565911 -0.0025391 -0.0882888 0.0420037 0.0773554 -0.00267503 -0.00902372 -0.000205041 -0.0508619 -0.00195056 -0.000220906 -0.0118193 -0.00763915 -0.00586622 0.00939491 -0.00669807 -0.00603302 -0.0359267 0.0791795 0.045933 0.00150001 -0.0302348 0.00188545 0.00614862 -0.0109449 -0.0335885 0.0101155 0.00243906 -0.000862584 
-0.049142 0.00517863 -0.00952345 -0.00365498 -0.0022137 -0.00157011 0.024156 0.0417811 0.00145976 0.0516018 0.0109399 0.00698173 -0.0596902 -0.0776803 -0.00160728 0.0795516 0.249997 -0.0924006 0.0231751 -0.00923434 0.0704611 0.0037389 -0.00417591 0.05419 -0.0745211 -0.0207305 0.00589363 -2.08983e-05 -0.0296058 -0.0322798 -0.0150324 0.0450741 -0.0618815 -0.031227 -0.00466886 0.0309008 -0.0012024 0.00474846 0.028869 0.000188785 0.0129968 -0.00643219 -0.00130626 0.0414724 -0.061172 -0.0106101 -0.00699859 -0.000223262 0.00450623 -0.00302679 -0.0311469 -0.00549684 -0.00165217 0.00516816 0.00277287 0.00263517 -0.0027941 -0.00202397 -0.00651559 0.0722492 0.00618213 -0.00194369 -0.0171628 0.00384506 0.0767863 -0.0234899 -0.0511149 0.0133522 -0.00202971 -0.0195315 0.00919525 -5.80148e-05 -0.000950106 -0.0584681 0.0561982 0.00559451 -0.00351772 -0.0203986 0.000244181 -0.0499172 -0.000403805 -0.000567868 -0.0109103 -0.0107363 -0.00489243 -0.00356398 -0.010307 -0.00678909 -0.0302281 0.0678113 0.00770525 0.0034842 -0.0201371 -0.00234256 -0.0162974 -0.0227269 -0.0272367 0.00704804 0.000417657 -0.00136932 
0.0384785 0.00321926 0.00131783 -0.000213149 0.00102962 0.0483794 -0.041195 -0.0498729 0.00181134 -0.0622854 0.0397038 -0.00331667 0.0905386 0.0998405 -0.00368265 -0.0711986 -0.0924006 0.244163 -0.0274042 -0.00146351 -0.0603132 -0.0339637 -0.0129068 -0.0568268 0.0533378 0.00261109 -0.0108555 -0.0291887 0.0366374 0.0437601 0.00482695 -0.0742134 0.0614701 -0.0402816 -0.000383161 -0.0710576 -0.00197275 -0.0182874 -0.000337925 -0.006806 -0.0207603 0.00520714 0.00126848 -0.0428626 0.0772719 0.00805224 0.011583 0.0002243 0.0149572 0.000127655 0.00963136 -0.00407536 -0.000720829 -0.00424119 -0.00364286 -0.0020303 0.000104385 0.000395731 0.00276836 -0.0519576 -0.0139894 -0.00786373 0.0230625 -0.00636663 -0.062943 0.00124827 0.0417892 -0.0151778 0.00193634 0.0117795 0.0107944 -0.00266453 0.00598571 0.0723712 -0.0576776 -0.0230869 0.00650294 0.0176147 -0.000874933 0.0423076 -0.000550257 -0.000437065 0.00493978 -0.00468945 0.00203476 -0.0126587 0.00237654 0.00621193 0.0150444 -0.0858564 0.0259193 0.005541 0.0139926 -0.00243269 -0.00567066 0.0207582 0.0155057 -0.0429367 -0.00375897 -8.0373e-05 
0.00342331 -0.00205195 0.00551872 -0.00078771 0.00253573 -0.0194713 0.00707866 -0.0178921 0.0172876 -0.00372597 0.00323308 0.00085641 -0.0188753 -0.0226106 0.0110324 -0.00653224 0.0231751 -0.0274042 0.136601 0.000637718 0.0333512 0.00734466 0.0150109 -0.00690832 -0.0373677 0.00735932 0.011562 -0.0162234 -0.00599931 -0.0161214 0.0102021 0.0176176 -0.0127994 -0.0158944 0.00326429 0.0153607 -0.000264042 0.00387383 -0.00567283 0.0138718 -0.000676497 -0.00153419 0.000954733 -0.0177308 -0.0251374 -0.000704711 0.00798126 0.000127149 0.00123618 -0.000766131 -0.00214421 0.00172876 -0.00199967 -0.00262817 3.66304e-05 0.000242832 0.00115808 1.10231e-05 -0.00039301 -0.0143466 -0.00295534 4.66021e-07 0.000247368 0.00675225 0.00845842 0.00169934 0.00740468 -0.00419665 -0.000299854 -0.00279795 -0.00331528 0.00410593 -0.00156816 -0.00885483 0.00272975 -0.0376725 -0.00450563 0.000330039 -5.40012e-05 -0.0111277 -1.92161e-05 -1.32958e-05 0.00174564 0.00248947 -0.00185324 0.00315356 -0.00279732 0.00131691 -0.00464013 0.00864017 -0.0149026 -0.00358234 0.00469512 -0.00428803 -0.0041723 -0.00767073 -0.000379051 0.00630715 0.00270609 -0.00012696 
-0.000664525 0.000236693 -0.000472827 0.000671138 0.000403054 -0.00855405 0.00308078 -0.00341082 0.00501332 -0.00408935 -0.00251895 -0.00105932 -0.0053897 -0.00801529 0.0077153 0.0028587 -0.00923434 -0.00146351 0.000637718 0.0344904 0.0061105 0.000843079 -0.000731942 -0.00284736 -0.0019678 -0.00138695 0.00217093 -0.00263495 -7.97152e-05 -0.000579258 0.000180221 0.00428811 -0.00324188 -0.00133187 0.000540494 -0.00425754 0.000525503 -0.000121279 -0.00456557 -0.000800893 -0.00143223 0.000609891 0.00011507 -0.00235473 -0.00221903 0.00197734 0.00604458 -6.12018e-06 -0.000638282 -0.000133653 -0.00149399 0.00594645 0.000348337 -0.000154545 -0.000315963 0.000283282 -8.70678e-06 0.000105575 -7.04873e-05 -0.00559828 0.00152075 -0.0010698 -0.00168274 0.0048597 -0.0045938 0.00339054 -0.00366726 9.7819e-05 0.000862416 -0.000850723 0.000610747 0.000619076 0.000200299 -0.00374211 -0.0060969 -0.00691882 -0.000548978 -0.000447782 2.61397e-05 0.00316784 0.000572161 7.46794e-05 0.000385015 0.00417129 0.000559697 0.00240297 -0.000998517 0.00363238 0.0015095 -0.00285571 0.00421636 0.00107776 0.000525181 -0.000233069 -0.000691051 -0.000222661 0.000993818 -0.00357282 0.000937922 0.000427929 
-0.0126032 0.00735698 -0.00705379 -0.00307443 -0.00069183 -0.046312 0.0238642 -0.0141846 0.0302116 -0.00577013 -0.017095 0.0132625 -0.0164197 -0.0880437 0.0078922 0.0389312 0.0704611 -0.0603132 0.0333512 0.0061105 0.248753 0.0114625 0.00269697 0.0193992 -0.0554007 -0.0284222 0.028782 0.0121604 -0.0348432 0.0197308 0.00567075 0.0196464 -0.0126344 -0.00462269 0.00102477 0.0167477 -0.00109508 0.00738697 -0.00446214 -0.00082509 0.0102307 -0.00432569 0.000607288 0.010786 -0.0313126 -0.00678145 0.0106081 -0.000456123 0.0119421 -0.0019512 -0.00548307 0.00142902 -0.00323531 0.00285651 -0.000277246 0.00321237 -0.00223052 -0.000161623 -0.00592753 -0.0117402 -0.00833909 -0.0185809 -0.0135288 0.00432861 0.025021 -0.00806308 -0.0238045 0.00443297 -0.00117186 -0.0151876 0.00304894 0.00511361 -0.00103055 -0.00100065 -0.000855203 -0.0368175 -0.0175616 -0.0188332 6.47657e-05 -0.0032552 0.00175066 -0.000440072 -0.0080308 -0.00291001 -0.00335294 0.0185801 0.00122238 0.00483433 -0.0219669 0.0397847 0.000371951 0.00910027 -0.0105199 -0.00288578 -0.0106275 -0.0184131 -0.0262877 -0.0327147 0.000254385 -0.000555275 
-0.00148525 -0.0037939 -0.00101099 0.000237461 0.00101602 -0.0275667 0.00193367 0.0386591 -0.0073051 0.0452801 0.0140216 -0.00565584 -0.0317173 -0.0364528 -0.0161751 0.00374037 0.0037389 -0.0339637 0.00734466 0.000843079 0.0114625 0.166693 0.0250712 0.00995909 -0.0555684 0.0337622 -0.00775285 -0.026023 0.0142212 -0.0301051 -0.0011809 0.0505046 -0.0290129 0.00121539 -0.0017327 0.0177831 4.35832e-05 0.0108174 -0.00597706 -0.000993043 0.00116731 0.000662365 -2.67698e-05 0.00302502 -0.00629563 -0.00205907 0.00291556 -0.00135353 -0.0071095 -0.0011025 0.0038125 0.00244385 -0.00437229 -0.00401194 -0.00392486 -0.00119339 0.000699538 -0.00052548 -0.0115107 -0.0183083 0.00656923 0.00114925 -0.010029 -0.00782937 0.0514932 -0.0288388 -0.00720533 0.00305626 -0.00493464 -0.00158516 0.00119048 -0.000244488 -0.000541404 -0.0213639 0.0279621 -0.0223321 -0.00675608 -0.00881286 -0.00091403 -0.0152373 -0.00119139 0.000109884 0.000389636 0.00367052 0.000847159 0.00294252 -0.00964551 -0.0155721 0.00396404 0.0169402 -0.0437186 -0.0240028 0.016785 0.000493328 -0.000304012 -0.014362 0.00841761 0.0106474 0.000892463 9.28715e-05 
0.032794 -0.000715481 -0.000138699 0.000308196 0.0133877 -0.0185158 0.00254234 -0.0359509 0.0242715 -0.02821 0.00530601 0.00336642 -0.00114211 0.0048275 -0.000125082 -0.013208 -0.00417591 -0.0129068 0.0150109 -0.000731942 0.00269697 0.0250712 0.153164 -0.0410718 -0.0394997 0.00903523 0.0074234 -0.00943659 0.00089223 -0.0100544 0.00171862 -0.013671 -0.0012292 -0.0162342 0.00192967 0.0136416 0.000795737 0.0024327 -0.0339758 0.00454675 0.0191573 -0.0021632 0.00206538 -0.00774454 0.0162056 0.00164897 0.0169153 -0.000188603 -0.00555712 -0.000915653 0.0172952 -0.000432732 -0.00192612 -0.00419584 -0.00144086 0.00241591 0.000412193 0.000632108 -0.00227171 -0.0387458 0.00290368 0.0132005 0.0134362 0.00752773 -0.0331515 -0.0210619 0.0227927 0.00403533 0.0013562 0.00433474 -0.00655455 0.0108462 0.00131731 0.0191209 -0.00391244 -0.0257877 0.00135884 -0.00036634 0.00148229 -0.00779009 0.00264186 -9.94714e-05 0.00194319 0.00174459 -0.00153399 0.0152451 0.000997413 -0.00283026 0.00196966 -0.0437249 -0.0241727 -0.00614152 0.00873046 0.000162853 -0.00324859 -0.00889756 0.00694841 -0.0107183 -0.000466424 0.00102655 
-0.0622214 -0.00213857 -0.00987335 -0.00236054 -0.00903722 0.0341096 0.0142786 0.0987828 -0.0211935 0.0689253 -0.00304061 -0.00865167 -0.0691367 -0.0351248 -0.0261494 0.0694398 0.05419 -0.0568268 -0.00690832 -0.00284736 0.0193992 0.00995909 -0.0410718 0.249929 0.0245249 -0.0179065 -0.0357082 0.0604537 -0.0117909 -0.0236345 -0.00765878 -0.0291911 -0.0408599 0.035027 -0.0055619 -0.0125159 -0.00184283 -0.00479414 0.00539707 -0.00998879 0.00721545 -0.0027296 -0.00299334 0.0240708 -0.034133 -0.0129837 -0.00564458 0.000133133 -0.00766547 -0.0018859 -0.0144345 -0.00126631 0.00315322 0.00416395 0.00298184 -0.000433862 -0.0015836 -0.0020461 -0.00710163 0.0843259 0.0100961 -0.00442377 -0.0283778 -0.00877482 0.031449 -0.000715638 -0.0525227 -0.00836988 -0.00431121 -0.0168448 -0.0151806 -0.00717309 0.00370645 -0.0705111 -0.026823 0.0418077 0.00588353 -0.010507 -0.00155423 -0.0315913 -0.00241121 -0.000293919 -0.00750678 0.000299869 -4.85531e-05 -0.0132466 -0.00668707 -0.015706 -0.0189625 0.0481542 0.0149514 -0.00310534 -0.0253879 0.00624856 0.000977151 0.000916723 -0.0242149 0.0232371 0.000666544 -0.000665923 
0.0137732 -0.00817202 0.000207659 2.1153e-05 -0.00698858 0.0213034 -0.0239095 -0.00721559 -0.0219706 -0.0529375 -0.0433823 -0.00856268 0.0406607 0.0474686 -0.00616791 -0.0191416 -0.0745211 0.0533378 -0.0373677 -0.0019678 -0.0554007 -0.0555684 -0.0394997 0.0245249 0.219337 -0.025386 -0.0124808 0.0451573 -0.0200829 0.018433 -0.00425903 -0.0780194 0.0587442 0.0205805 -0.000580732 -0.0172264 -0.000928962 -0.0137219 0.0145939 -0.00813876 -0.00954819 0.00154895 -0.0014787 -0.0322302 0.0245502 0.00212663 -0.0098032 0.000688476 -0.0135162 0.00277848 0.016755 -0.00168657 0.00373156 -0.0016255 0.00191257 -0.00289992 2.97002e-05 -5.4319e-05 0.00898347 0.00721748 -0.00383697 -0.0200048 0.0133489 -0.00606644 -0.0576336 0.0326736 0.0215093 -0.00913723 0.000458189 0.0129566 -0.0141275 -0.00511364 -0.00179616 0.0346394 -0.0623919 0.0260035 -0.000182462 0.0182569 -0.00106892 0.0348535 -0.00100608 -0.000374483 0.00174061 0.00572452 -0.00062328 -0.0137838 0.0145359 0.00193629 0.0100505 -0.000233867 0.032038 0.00841784 -0.0245358 -0.00554046 0.00521654 0.0264829 -0.00576382 0.000633545 0.000153319 -0.000432661 
0.0137068 -0.0058283 0.00278171 -0.000286617 -0.000492948 -0.0297055 -0.0149425 0.0122252 -0.0126987 0.024894 -0.0143608 0.00131988 -0.0109739 -0.0128224 -0.00397431 -0.0446833 -0.0207305 0.00261109 0.00735932 -0.00138695 -0.0284222 0.0337622 0.00903523 -0.0179065 -0.025386 0.17246 -0.0234487 -0.0265493 0.0263757 -0.000389252 0.0216947 0.0499172 -0.00933048 -0.0277227 -0.00081979 0.00543079 0.000654475 0.000801208 -0.00400952 0.00512773 0.000513956 0.0029025 0.000191351 -0.0247387 0.0127943 0.00142425 -0.00472397 -0.000479888 -0.0179572 0.000571173 0.0122572 -0.000801581 -0.00203031 -0.00410567 -0.00125982 -0.00161828 0.000637262 0.000971836 -0.00360718 -0.04189 0.00906917 0.0126814 -0.00020507 0.00127962 0.0365204 -0.013292 0.013809 -0.00157004 -0.00163586 0.00312736 -0.00155202 -0.00340555 0.00216716 -0.000500985 0.0135064 -0.0447857 -0.00494545 -0.0067673 -0.00090323 0.00211231 -0.00118572 8.31666e-05 0.00863693 -5.52214e-05 0.00352633 -0.0102935 -0.00923724 -0.00552556 0.02086 -0.0223001 -0.0302325 -0.00789768 0.0195959 -0.0053367 -0.00196046 -0.00828555 0.0294999 0.0251368 -0.00235176 0.000276243 
-0.00925721 0.00537935 0.00067591 0.000188339 -0.002523 -0.00446149 0.0196801 -0.0426278 0.0129006 -0.0460802 0.00708907 6.47745e-05 0.00803298 -0.0124658 0.00684186 0.00600196 0.00589363 -0.0108555 0.011562 0.00217093 0.028782 -0.00775285 0.0074234 -0.0357082 -0.0124808 -0.0234487 0.112145 -0.0100992 -0.00492828 -0.0121341 0.000863352 -0.0129833 0.000929951 0.00493894 -0.000879068 0.0316962 -8.28808e-05 0.00622961 0.000474023 0.00589863 0.00522887 0.000876558 4.68441e-05 0.00149883 0.00330745 -0.00241041 0.013665 -8.87206e-05 0.00446831 0.00208764 0.00643836 0.000586697 -0.000352904 -0.000954738 0.000735041 0.00189387 8.10128e-05 -0.0001551 0.00426093 -0.0313049 -0.00413532 -0.00293621 -0.00464804 0.00367831 -0.0220321 -0.0118587 -0.00277633 0.000531791 0.00319776 0.00185702 0.0113239 0.00146676 -0.00191575 0.00744569 -0.00253303 -0.00193533 -0.00481792 -0.00463444 0.000585544 -0.0079912 0.000723142 0.000301035 -0.00140375 -5.85466e-05 -0.00157473 0.0172156 0.00866738 0.00352181 -0.00267239 -0.0184694 -0.00416638 0.00907316 0.00299215 -0.00182437 0.00123602 -0.000480625 -0.00388407 -0.0133856 -0.000443999 -0.000241482 
-0.0206245 0.00310227 -0.00563222 -0.000724767 -0.00282794 0.0232768 -0.0140314 0.0146606 -0.0201851 -0.00242844 -0.0159561 -0.00695287 -0.0282862 -0.0209307 -0.0152708 0.0434393 -2.08983e-05 -0.0291887 -0.0162234 -0.00263495 0.0121604 -0.026023 -0.00943659 0.0604537 0.0451573 -0.0265493 -0.0100992 0.153915 -0.0175517 0.00627418 -0.00804114 -0.0403776 -0.0153896 0.0220506 -0.000296517 -0.0119093 -0.000772918 -0.000631075 0.0119916 -0.00480627 0.00399875 -0.00154931 -0.000738622 0.00539667 -0.0376569 -0.00308062 0.00451694 0.000451065 0.0034779 -0.00159 -0.0091698 -0.00101648 0.00315428 0.00160463 0.00190558 -0.00093868 -9.34879e-05 -0.00044526 -0.0016922 0.0670004 -0.00187006 -0.00578954 -0.00914821 -0.00353914 -0.02152 0.0253308 -0.0197106 -0.00363654 -0.00119918 -0.00662484 -0.00690529 -0.00240974 -0.00161567 -0.0306898 -0.0278354 0.0416033 -0.000955249 0.00685702 0.000341608 -0.0208689 -0.000969665 -0.000246511 -0.00396154 -0.00225476 -0.00113408 -0.00389088 -0.000891393 -0.00595503 -0.012027 0.0241781 0.0428055 0.00894113 -0.011159 -0.000872652 0.00222114 -0.0010934 -0.0110569 0.0120008 0.000119175 -0.000780477 
-0.00719836 0.00120418 -0.000552968 0.00275177 0.00129501 0.0131197 -0.0114898 0.0107865 0.000276625 0.0118064 0.0490521 -0.00825468 -0.00260303 0.0159166 -0.00200428 -0.0438629 -0.0296058 0.0366374 -0.00599931 -7.97152e-05 -0.0348432 0.0142212 0.00089223 -0.0117909 -0.0200829 0.0263757 -0.00492828 -0.0175517 0.110949 -0.00639378 0.00952963 -0.00977069 -0.0113478 0.00402631 -0.000995082 -0.0266955 -7.29455e-05 -0.00498836 -0.0230992 0.00191345 -0.00453251 0.00753231 -8.00845e-05 -0.0112309 0.0255284 0.000704673 0.000985132 -0.000221554 -0.00393736 -1.11025e-05 0.00836662 -0.00120234 -0.00042785 -0.00283115 -0.000295854 -8.15812e-05 0.00161355 0.000204366 -0.00172257 -0.0260748 -0.000248303 0.00742889 -0.0041211 -0.0041893 -0.0214303 -0.0155253 0.0144679 -0.00631416 -0.000333159 0.00563851 0.00129322 -0.00116813 0.00206479 -0.00286392 -0.0143919 0.00174285 0.0116187 -0.00279161 0.000339817 -0.00590044 -0.000624663 0.00019882 0.0100213 -0.00366085 0.00178754 -0.00613036 -0.00436527 -0.00383773 0.0168301 -0.0475697 -0.0093463 -0.000838797 0.0322596 3.10217e-05 0.00208317 -8.5881e-05 0.0352475 -0.00426458 -0.00200395 0.00012385 
0.0341746 -0.00339364 -0.000317476 -0.0014563 0.00170284 -0.0212668 -0.0167408 -0.0178895 0.00446674 -0.0138421 -0.0233559 0.0120752 0.052072 0.0130077 -0.00312944 -0.0462265 -0.0322798 0.0437601 -0.0161214 -0.000579258 0.0197308 -0.0301051 -0.0100544 -0.0236345 0.018433 -0.000389252 -0.0121341 0.00627418 -0.00639378 0.148655 0.000191948 -0.0149691 0.0445319 -0.0285545 0.00280537 -0.0315022 -0.00087767 -0.00140996 0.00652294 -0.00596609 -0.00714887 -5.78989e-05 0.000564777 -0.0132329 0.0225892 0.00261166 -0.00959083 -0.000201366 -0.00842212 0.00136851 0.00121603 -0.00144131 6.87803e-05 -0.00312831 -0.00255223 -0.000843334 4.89586e-05 0.00131379 -0.000410082 -0.0341769 -0.00462546 -0.011713 0.0137319 -0.00464352 -0.0186343 0.0177809 0.019476 -0.00101224 -0.000253436 4.10405e-05 -0.00156623 0.00213417 -0.00269919 0.0462116 -0.0242628 -0.0384567 -0.00478771 -0.00286145 -0.000708941 0.0500421 0.000641739 -0.000276979 -0.00346442 0.00130558 0.00165227 -0.00837279 -0.000502091 0.00829739 0.00274395 -0.0136362 0.0117158 0.000745397 0.00404079 -0.00258385 -0.00647166 0.00497907 -0.00764096 -0.0203576 -0.00062437 0.000225658 
0.0003939 -0.000740298 0.000169935 -0.000171502 -0.00110508 -0.0170559 0.0171129 -0.0108621 -0.00167615 -0.00282534 -0.00710584 0.00264877 0.00794142 -0.00647589 0.00824475 -0.0327004 -0.0150324 0.00482695 0.0102021 0.000180221 0.00567075 -0.0011809 0.00171862 -0.00765878 -0.00425903 0.0216947 0.000863352 -0.00804114 0.00952963 0.000191948 0.102672 -0.0115429 0.0038605 -0.0148632 -0.00126473 0.0111489 0.000528092 -0.00481914 -0.0197063 0.00361693 0.00216873 0.00569644 0.000713775 -0.00954216 0.00528748 -8.09951e-05 0.00881968 -5.50821e-05 -0.00617662 0.00050427 0.0136468 0.00177698 -0.00146965 -0.00190015 -0.00143983 0.000202975 0.000580402 0.000110736 0.000917467 -0.0334774 -0.00184338 -0.00828276 -0.0030821 0.000704158 -0.00972055 -0.00803396 0.0179221 -0.00415171 3.16843e-05 0.00746925 -0.00133062 -0.000662278 0.00081752 0.00856317 -0.0168321 -0.0237795 -0.00302069 -0.000208068 0.000514017 0.00558492 0.00134134 -0.000152995 0.00462609 -0.00269997 0.00548179 0.00116726 0.00670028 0.000829206 0.0173305 -0.0243122 -0.00967011 0.00107626 0.00997721 -0.000367409 -0.00430619 -0.0036092 0.0129922 -0.00789135 -0.00116506 0.00157999 
-0.0101564 -0.0124236 0.00238328 0.000683474 -0.00516721 -0.0630907 0.0173264 0.0474885 -0.00341039 0.0600412 -0.0316472 -0.0140807 -0.0615472 -0.0772807 0.0243734 0.03551 0.0450741 -0.0742134 0.0176176 0.00428811 0.0196464 0.0505046 -0.013671 -0.0291911 -0.0780194 0.0499172 -0.0129833 -0.0403776 -0.00977069 -0.0149691 -0.0115429 0.247747 -0.053784 -0.0129666 0.0024939 0.0345633 0.00124681 -0.000786955 0.0343166 -0.00181804 -0.0128529 -0.00244274 -0.000999575 0.0124601 -0.0563641 -0.00107823 -0.0291967 -0.000747999 -0.0117563 -0.00221977 -0.0262306 0.00309436 -0.00183664 0.00300474 -0.000691239 -0.00181499 -0.000945709 -0.000610719 -0.00359053 0.0228504 0.00390964 0.0189808 -0.019792 0.00319204 0.129332 -0.00381202 -0.0343308 0.00578074 -0.00435449 -0.0117776 0.00224032 -0.00616748 -0.00397697 -0.0595702 0.0918571 -0.0149669 -0.0134101 -0.0116055 -0.00182071 -0.0223773 -0.00150922 7.93676e-05 -0.00418466 -0.0027455 0.00205354 -0.000224033 -0.0133569 -0.000553832 -0.00173256 0.0715378 -0.0339465 -0.0178649 0.0125454 -0.00528072 -0.00143774 -0.0198644 0.00236296 0.0172238 -7.1171e-05 -0.000716435 
0.0423259 -0.00366002 0.00282147 -0.000337552 0.00557165 -0.0208583 -0.0161038 -0.0626848 -0.00451602 -0.0513523 -0.0209215 0.0117044 0.0819535 0.0531382 -0.0107114 -0.0716337 -0.0618815 0.0614701 -0.0127994 -0.00324188 -0.0126344 -0.0290129 -0.0012292 -0.0408599 0.0587442 -0.00933048 0.000929951 -0.0153896 -0.0113478 0.0445319 0.0038605 -0.053784 0.138295 -0.0256109 -0.00180522 -0.0217299 -0.000688334 -0.00609498 -0.00804508 -0.00489077 -0.00831328 0.00199643 0.000667686 -0.0223013 0.0552926 0.00516871 0.00061082 -6.66255e-05 -0.0116791 0.00391103 0.0319592 -0.00173008 -0.00106783 -0.00250643 -0.00151613 -0.00119195 0.000289193 0.00139993 0.00722783 -0.051782 -0.00239536 -0.0107868 0.0332851 -0.00538817 -0.0464666 0.00666503 0.0573453 -0.000709533 0.00300501 0.0193605 -0.00323194 0.00413004 -0.0011208 0.0883185 -0.0325061 -0.0454827 -0.00383133 0.0107791 -0.000880635 0.0445847 0.000784159 -0.000142772 -0.00231972 0.00346827 -0.000438023 -0.00704584 0.00892255 0.00348212 0.00991377 -0.0266684 -0.00981857 0.00910939 -0.0106116 -0.00320608 -0.00556577 0.0169589 -0.00803324 -0.0203804 -0.00132425 -0.000317323 
-0.0273641 -0.00284791 -0.00192808 0.00170936 -0.00716987 0.0216388 0.00558547 0.0429821 -0.00785486 0.00564112 -0.00916093 -0.00828634 -0.0416092 -0.019023 -0.0119321 0.0327286 -0.031227 -0.0402816 -0.0158944 -0.00133187 -0.00462269 0.00121539 -0.0162342 0.035027 0.0205805 -0.0277227 0.00493894 0.0220506 0.00402631 -0.0285545 -0.0148632 -0.0129666 -0.0256109 0.197775 0.000843996 0.000457205 0.000444851 -0.00105315 -0.00553272 0.00388632 0.00633707 -0.00213259 -0.00171098 0.020216 -0.0316448 -0.00777717 -0.0208968 0.000208039 -0.00200659 -0.00106558 -0.00261603 -0.00022173 0.00138886 0.00129709 0.00123926 -2.31798e-05 0.00016451 -0.000386432 0.0020947 0.00962106 -0.00539956 0.00728214 -0.0175631 -0.00597057 -0.0206652 0.00750835 -0.0187995 -0.0167565 -0.00211105 -0.00360503 -0.00113951 -0.00356041 -0.000737554 -0.0403974 -0.0236724 0.0778491 0.0051984 -0.00567927 0.000432892 -0.0158219 -0.00114184 0.000799002 0.00189689 0.00486534 -0.00151997 0.0107516 0.00376936 -0.00862698 -0.00231812 0.0332595 -0.0180682 -0.00781162 -0.00172623 0.0125252 0.0228391 -0.00627233 0.00508672 0.0272304 -0.00153862 -0.000935037 
-0.000126007 -0.000455253 0.00047826 8.92415e-06 -0.000249903 -0.00106275 -0.000604722 0.00169739 0.00549651 -0.00497347 -0.0024106 0.000298383 0.000725273 -0.00186931 0.0012518 -0.00102744 -0.00466886 -0.000383161 0.00326429 0.000540494 0.00102477 -0.0017327 0.00192967 -0.0055619 -0.000580732 -0.00081979 -0.000879068 -0.000296517 -0.000995082 0.00280537 -0.00126473 0.0024939 -0.00180522 0.000843996 0.0202728 -0.000308676 -7.24733e-05 0.00238239 0.000942515 -0.00057502 -0.00102288 6.99303e-05 0.000182906 -0.00242019 -0.000855138 -4.07628e-05 -0.00162657 2.33626e-05 -0.000564086 -0.000107295 -0.00035742 -9.31194e-05 0.000214186 -0.000160727 -6.48977e-05 -0.000167606 0.000184909 0.000315262 0.000539646 -0.00358156 -0.000608753 -0.00120761 -0.000718422 0.000842687 -0.00289144 0.00243509 0.000109798 -0.000912094 0.00016099 -9.3053e-05 0.000395115 9.0459e-06 -3.27562e-06 -0.00130882 -0.00146852 -0.00312878 0.00045263 0.000182141 0.000278904 0.00500144 0.000261898 -2.67011e-05 0.000116983 0.00132756 -3.48923e-05 0.00062571 -0.000681431 0.0031813 0.000311947 -0.00368083 0.000309724 -0.000494738 -0.000468215 -0.000493307 0.00058823 -0.000159021 -6.50484e-06 -0.00266747 0.000286061 -2.47119e-05 
