0.00141197 6.79339e-05 3.06429e-05 8.08802e-05 0.000167388 3.62806e-05 3.78158e-05 -1.14233e-05 0.000191689 9.43307e-05 -0.00034525 -2.5102e-05 -3.82774e-05 -0.000489372 1.13536e-05 -0.000427327 0.000378168 -8.74188e-05 4.70092e-05 -1.92592e-05 0.000238149 -0.000264491 -0.000249037 2.98238e-05 -0.000140924 -0.000325775 -0.000147999 -1.90778e-05 6.8799e-07 0.000353451 2.71378e-05 -4.52479e-05 -0.000146092 -0.000119134 1.72842e-05 1.51118e-05 6.71127e-05 1.67229e-05 -2.72468e-05 -0.000120645 -0.000402189 1.92615e-05 0.000229112 -0.000197529 0.000174069 -3.05894e-05 5.63515e-05 1.28355e-05 6.43082e-05 0.000245047 0.000115638 6.53804e-06 7.21686e-06 -0.000107335 6.83366e-07 1.29828e-05 -1.03949e-05 1.80619e-06 -2.2786e-05 -0.00010344 -0.000295549 -6.05168e-06 -0.00011236 -1.74806e-06 -0.000221655 0.000254881 1.51475e-05 2.354e-05 -5.87194e-06 0.000190439 0.000193121 -4.10984e-06 1.77642e-05 1.96611e-05 -2.22963e-06 -4.20956e-06 -7.85082e-05 0.000109954 9.78051e-06 1.04676e-05 6.26696e-07 -2.61049e-06 2.67731e-05 1.09913e-05 -0.000128768 5.64107e-05 -1.48467e-05 3.27877e-05 -0.000113328 -0.000131729 0.000169168 1.16483e-05 1.50419e-06 5.46073e-06 -0.000278366 -5.00966e-05 -9.91257e-05 2.33984e-05 2.316e-05 1.04692e-06 
6.79339e-05 0.00817094 -0.000301677 0.00396264 0.000418552 2.7763e-05 -6.92937e-05 0.000136537 0.00351266 -0.000112711 -0.00302464 0.00135131 -0.000264956 -0.00463454 0.000872509 -0.0049781 0.0013722 0.00023405 -3.66447e-05 7.57964e-05 0.00222341 -0.0030959 7.4369e-05 -0.000723375 -0.00306199 -0.00243613 -0.000830971 0.00201782 0.000246136 -0.000336561 0.00013684 -0.000272664 -0.00112939 0.00108764 0.00278321 0.00191786 0.0014618 0.000664757 -0.000135716 -0.00376972 -0.00399818 9.28531e-05 0.00442733 0.00133414 0.00140251 1.47235e-05 0.000699057 0.000166615 0.000129519 0.000450352 0.000253593 2.55366e-05 0.000559475 -0.000433197 0.00148617 7.12269e-06 -0.000189007 3.80274e-05 -0.000148526 -0.000757111 -0.00313481 -1.11681e-05 -0.000552262 0.000100528 -0.00548058 -0.00124666 0.000122954 -0.000123321 0.000153375 0.00306981 0.00238336 -5.50612e-05 0.000300964 0.000211819 7.52761e-05 3.39466e-05 -0.00175563 -0.000400271 -6.21224e-05 -3.08808e-05 8.06594e-05 -5.16389e-06 0.000237121 9.52834e-05 -0.00139516 4.06381e-05 0.0025641 0.000242567 -0.000376322 -0.000602614 0.000425319 -0.00028144 0.000553503 5.9003e-05 -0.00484752 0.000580496 -8.04544e-05 0.000107478 -0.000113002 -4.65279e-05 
3.06429e-05 -0.000301677 0.0761804 -0.000519012 0.0021356 -0.0022048 -0.00236686 0.000859079 0.000601158 -0.00184455 0.00181392 -0.000916931 -0.000281235 -0.0156608 0.00230136 0.000416537 0.00323515 0.00583063 0.00450688 0.000682414 0.0039519 0.00108888 0.0214594 0.00478732 0.0038042 -0.00543588 -0.00571756 -0.00326185 -0.00918859 0.00649517 -0.000318317 -0.00576004 -0.00463547 -0.00967034 0.00277243 -0.00279924 -0.00114831 -0.000319791 -0.00089968 -0.0235311 -0.0104945 -9.83625e-05 -0.000799273 3.78192e-06 0.00190067 0.00021178 -0.0004901 -7.86323e-06 -0.00245323 -0.00240512 -0.00427853 -0.000156879 -0.000543744 -0.00321657 -0.00148779 0.00155687 -0.000124728 9.24227e-05 -0.000894534 -0.00442483 -0.00304132 -0.00034438 -0.0037112 -0.000677459 0.00604239 -0.00944352 0.000330749 0.00284646 -0.00030713 -0.00040603 -0.00126274 -0.000527669 -0.00153666 -0.000291885 -0.000225304 0.000897546 -0.00726737 0.00532418 -0.00201376 0.000925493 0.00210458 0.0012702 0.000632053 -0.000105695 -0.0128377 -0.00078069 -0.000629996 0.00014893 0.00899663 -0.0047814 7.71038e-05 0.00355857 -0.000330564 -0.000310985 -8.2439e-05 0.00408383 -0.00327937 -0.000808484 -0.000710653 0.00041525 
8.08802e-05 0.00396264 -0.000519012 0.0147454 -0.000481946 -0.000195549 -5.45845e-05 4.1952e-05 0.00636705 -0.00016721 -0.00576477 0.00159435 -0.000323643 -0.00747761 0.00200966 -0.00836882 0.00378539 0.00188975 0.00013631 0.000131832 0.00443911 -0.00606286 0.00158378 -0.00110682 -0.00235115 -0.00478024 -0.00118803 0.00310254 -0.00125838 -0.000258562 0.000339949 -0.00231728 -0.000425279 0.00213566 0.00323144 0.00285008 0.00255169 0.000742032 -0.000110637 -0.00480697 -0.00621939 0.000252139 0.00631161 0.00286986 0.00317784 8.3095e-05 0.000895147 0.000226102 0.000227278 0.000226846 0.00125839 7.39056e-05 0.00192913 -0.000715649 0.00111459 -2.64188e-05 -0.000281795 9.27124e-06 -0.000224939 -0.00120954 -0.00560279 -8.04165e-05 -0.000108939 2.22185e-05 -0.00772031 -0.00379973 0.000430651 -0.000337188 -5.10641e-05 0.00337696 0.00359671 -0.000118445 0.00106407 0.000682208 0.000181832 4.95268e-05 -0.00324974 -0.00232682 1.69513e-05 -2.67189e-05 -1.22872e-05 4.69902e-05 0.000548785 -5.63819e-05 -0.00255503 -8.45908e-05 0.00351141 -5.64795e-05 -8.55852e-05 -0.00124285 0.000895746 -0.000462155 0.00152077 1.17179e-05 -0.00743034 0.00146101 0.000771493 -0.000167568 -0.000210197 -8.3073e-05 
0.000167388 0.000418552 0.0021356 -0.000481946 0.0571565 -0.000472987 0.00504504 -0.00297088 0.000674181 -0.000646505 -0.00809641 0.000605325 -0.00351281 -0.0129306 -0.00164991 0.00102015 0.0077756 0.00254222 0.00170385 -0.000523197 -0.000636507 9.82755e-05 -0.000281284 -0.00556486 -0.0214651 -0.0160529 -0.00471526 -0.000631813 0.00401065 0.00266796 0.00241068 -0.00248185 -0.000918464 -0.00743085 0.00259882 -0.000174489 -0.000431518 0.000196024 -0.000351593 -0.0115911 -0.00492854 7.02201e-06 0.000429241 -0.00764245 0.00311107 -0.00177875 0.000734189 0.000119443 0.00340395 0.000851921 0.00235983 9.66596e-05 -0.000810315 0.00242973 -0.0029193 -4.65657e-05 -0.00028751 0.000110225 -0.000735264 -0.00374712 0.00131547 -0.000487196 0.000786598 0.000283439 -0.00803411 0.0120111 2.9852e-06 -0.000378494 0.000291113 0.00250383 0.0016982 -0.000449064 0.000877596 -0.00013349 5.88093e-05 -0.000349228 -0.0128082 0.0167268 0.000201634 9.40801e-05 0.00124024 -0.000149912 -0.000537319 -0.000155973 -0.0021951 -0.000152988 -0.000338836 0.00113901 0.00154978 -0.00368633 1.51493e-05 -0.000252105 0.000468365 -1.47023e-05 0.000239355 0.0134902 -0.00214177 -0.000459032 -0.000574149 0.000332858 
3.62806e-05 2.7763e-05 -0.0022048 -0.000195549 -0.000472987 0.0440296 -0.00130793 0.0174905 -0.00027894 -0.0013119 -0.00718283 0.00933323 0.00707442 -0.0151644 -0.00256308 -0.0188105 0.0122234 0.00618204 0.00318549 0.00211996 -0.018909 0.00386637 -0.0209004 0.0121457 0.00794634 -0.018702 -0.00156952 0.00938937 0.00952865 0.00478386 0.000286906 -0.00846909 -0.0114562 -0.00960115 0.000338969 0.00149161 -0.00074552 3.9578e-05 -0.000347775 -0.0115104 -0.0107794 0.000288563 -0.00205965 0.00170002 -0.00222044 0.00385057 -0.000132616 -1.52361e-05 0.00481566 -0.00149945 0.00258928 0.000456101 0.00420694 0.00163054 0.00633579 0.00132283 -0.00103468 -1.66608e-05 0.0011069 0.00846045 -0.0221865 0.0024889 -0.00246566 -0.000237573 -0.00889178 -0.0214016 0.000830126 0.000392022 0.0111154 0.0118308 -0.000311401 0.00159587 -0.00104293 0.00089063 0.000493856 0.00945758 -0.00889398 0.00313375 -0.000428828 -0.000207452 0.000325377 9.07223e-06 -0.000276012 0.00165013 0.00634102 -0.000430714 -0.000166869 6.4483e-05 -0.00350821 -0.00222058 0.00218159 -0.00201815 0.000112994 0.000216701 -0.00887394 0.00772168 -0.0034858 0.00762654 -0.000307193 5.516e-05 
3.78158e-05 -6.92937e-05 -0.00236686 -5.45845e-05 0.00504504 -0.00130793 0.0467816 -0.000895116 0.000720255 4.26091e-05 -0.00970521 -0.00208441 -0.00120651 0.00380754 -0.00114393 0.00473809 -0.00218412 0.000557574 0.0109804 0.000522224 -0.00981462 -0.00323067 -0.015211 -0.0007002 0.0032253 -0.000619964 -0.00304408 -0.00134097 -0.000856003 0.00287138 0.000145842 -0.00636039 -0.00653961 -0.000348575 -0.00185954 0.00139962 5.42713e-05 0.000300292 1.04466e-05 0.000244361 -0.00330381 6.8403e-06 0.00159065 -0.00747847 -0.00252518 -0.00126589 -0.000188937 -5.46865e-06 0.00094719 -0.00058692 0.00103766 0.000257259 0.000922285 0.00623925 -0.00187077 0.000336237 -0.000471681 6.75574e-05 0.00154325 0.00062772 -0.00430081 -0.000245444 0.00364382 0.000333717 1.47392e-05 0.00216319 0.000417348 -0.00133505 0.00226178 -0.000809953 0.00424628 -0.000249288 -0.000712468 0.000304762 -6.84193e-05 -0.000313592 0.000867694 -0.00231945 -0.000988844 0.00014507 3.70776e-05 0.000239311 -0.000413971 -0.000190532 0.00222265 -0.00118705 -0.000994832 0.00131207 0.00154284 -0.000528572 0.000536916 -0.00107431 -0.000373407 -0.000153803 1.11721e-05 -0.00613264 -0.00340033 -0.000449797 -0.000405877 -7.18412e-05 
-1.14233e-05 0.000136537 0.000859079 4.1952e-05 -0.00297088 0.0174905 -0.000895116 0.0938836 0.00344024 -0.00210868 -0.00681693 0.0122496 0.00784781 -0.0302084 -0.00520555 -0.0204637 0.0118024 -0.00159294 0.00331084 0.000677008 -0.0225873 -0.00735079 -0.0153059 0.0148636 0.0294893 -0.0246555 -0.000358712 0.0139561 0.01919 0.0109736 0.000573542 -0.021178 -0.0237807 -0.0138732 -0.000930381 0.00377031 -0.000928623 -0.000221714 -0.00218607 -0.0155256 -0.0302829 1.18878e-05 -0.00127675 -0.0124758 -0.00100316 0.00867674 9.88015e-05 -5.60289e-05 0.00340797 -0.00305688 -0.000720086 0.000291228 0.0097926 -0.00840987 0.0086232 0.000415732 -0.00197365 -1.22398e-05 -0.000512418 0.0110279 -0.0324925 0.00610997 0.00793035 -0.000395473 -0.0110817 -0.0164661 0.000692174 -0.000670856 0.0120909 0.0103172 -0.00240557 0.00139429 -0.00144276 0.00117759 0.00144061 0.00512621 -0.00476322 0.00402534 0.00577943 2.93012e-05 -0.000386981 0.00066305 0.000200935 0.00198199 0.0092201 -0.00100405 0.000956138 0.0021774 -0.00269613 -0.00216043 0.00509721 -0.00221301 -0.000840296 0.000192535 -0.00455998 0.000224855 -0.00717998 0.00675465 -0.000715663 -7.39985e-05 
0.000191689 0.00351266 0.000601158 0.00636705 0.000674181 -0.00027894 0.000720255 0.00344024 0.0385161 -0.000212471 -0.00115066 0.00351544 -0.000323721 -0.00647724 -0.000924383 -0.00852308 0.0025171 -0.000956074 -0.00172803 -0.000749437 0.00169598 -0.0127465 -0.000935954 -0.00269908 0.00339756 -0.00321423 -0.000643572 0.00214256 -0.000390353 -0.0038258 0.00128582 -0.0102854 -0.00507387 0.00239229 0.00137502 0.00123064 0.00333721 0.00111152 -0.000791035 -0.00166327 -0.0047271 0.000427508 0.0104728 -0.00118643 0.00482061 -0.00123715 0.000973613 0.000165771 -0.000754442 0.00136964 0.00269032 0.000168951 0.0019629 0.00337533 -0.00129594 -6.22958e-05 -0.00078582 2.28462e-05 0.00029181 -0.00136904 -0.00474994 1.42835e-05 0.00030674 0.000115954 -0.0161097 0.00211363 0.000585078 -0.000907222 0.00133783 0.00248243 0.00592286 -4.73899e-05 0.000739869 0.000780251 0.00011691 0.00157168 0.000417549 -0.00670894 0.00238295 0.000146282 -0.000206209 -0.000128896 0.000433576 -4.41615e-05 -0.00410591 -0.000233975 0.000890627 0.00149193 -0.000883393 -0.00213704 0.000397194 -9.65071e-06 0.00251808 -0.000209173 -0.0107265 -0.00474908 -0.0016817 -0.000362827 -0.000417256 -0.000101922 
9.43307e-05 -0.000112711 -0.00184455 -0.00016721 -0.000646505 -0.0013119 4.26091e-05 -0.00210868 -0.000212471 0.0292087 -0.0106614 0.000134968 -0.00108082 -0.00191383 -0.00128658 0.00306442 -0.00150373 -0.00124637 0.0046735 -0.000526119 0.0097528 -0.00410998 -0.00688978 -0.00389379 -0.0107067 0.00183617 -0.00303822 -0.000572433 -0.0035673 -0.000556449 -0.000239654 0.0102559 0.00648508 0.0117599 0.00021225 -0.000970064 -0.000326939 2.55623e-05 -0.000227429 -0.00116016 0.000867146 -2.1092e-05 -0.000453568 -0.00400206 -0.00189495 -0.00108448 -0.000187066 -9.86168e-06 -0.00103224 0.00210061 -0.000923841 -0.000103686 -0.000919333 -0.00226896 -0.00100647 -0.000320429 0.0012462 -1.46575e-05 -0.000591584 -0.00269868 0.00412303 -0.000357051 -0.00223799 -0.000224264 0.00405418 0.00689787 -0.000132338 -0.000556725 0.000230176 -0.000839816 -0.000578598 -0.000196774 -0.00024735 -0.000164696 -7.40617e-05 -0.00055519 -0.00319611 0.00244581 -0.00115732 -7.34426e-05 -0.000215953 7.83423e-05 0.000132818 -6.75767e-05 -0.0027059 -0.000726343 -0.000169553 -0.000405567 -0.000286203 -0.00137019 -0.000391726 0.00041246 -0.000315998 0.000213635 0.000121203 -0.00418759 -0.00108563 -0.000367899 0.00093491 -0.000101922 
-0.00034525 -0.00302464 0.00181392 -0.00576477 -0.00809641 -0.00718283 -0.00970521 -0.00681693 -0.00115066 -0.0106614 0.248307 -0.0224759 0.00350006 0.073165 -0.00904733 -0.0111829 -0.0659007 -0.0229212 -0.0529941 -0.00883734 -0.057204 0.0508829 -0.00150073 0.0241248 0.0638412 0.0514144 0.0281552 -0.020019 0.0103275 -0.0126749 0.00113725 -0.00321154 -0.0787898 -0.0655864 -0.0223885 -0.0140563 -0.00796463 -0.00216529 -0.000659108 0.0506172 0.015248 -0.000385704 -0.00599815 0.0326748 -0.0101378 -0.00595683 -0.00351452 3.29605e-05 -0.0181719 -0.00876698 -0.0218606 0.000233494 -0.00634096 0.00626374 -0.0105886 -0.0051513 -0.00882737 -1.01555e-05 0.00467619 0.0279651 0.0309096 0.000362673 0.00168984 -0.000220164 -0.0096513 -0.0152527 -0.00112355 -0.00219162 -0.0208312 -0.0170053 -0.00889007 0.00277541 0.00165651 -0.000349243 -0.00199645 -0.00283703 0.0735816 -0.03377 0.0129374 -0.000327882 -0.00140031 -0.00237735 8.76137e-05 -0.000883898 0.0309098 0.00681964 -0.00965576 0.000434296 0.0032501 -0.0404088 -0.00633517 -0.00346284 -0.00150984 -0.0053104 0.00075863 -0.0456691 0.00841653 -0.00296506 0.00386905 -0.000376277 
-2.5102e-05 0.00135131 -0.000916931 0.00159435 0.000605325 0.00933323 -0.00208441 0.0122496 0.00351544 0.000134968 -0.0224759 0.0636826 0.00699638 -0.0391084 -0.00560091 -0.0336809 0.0340543 0.0187912 0.0152039 0.0042669 9.24693e-05 -0.00148139 -0.0168721 -0.000773497 -0.00796229 -0.0316259 -0.00640249 0.0294149 0.0202243 -0.00417771 -7.59045e-05 -0.0168244 -0.00105407 -0.00884012 0.0124699 0.0102689 -0.000955395 0.00105554 -0.000687293 -0.0245395 -0.0332662 0.000656306 -0.00014728 -0.00549123 -0.00229616 0.00136291 0.00013907 -1.56799e-05 0.0162099 -0.00225238 0.0158185 -0.000208415 0.00219532 0.000375294 0.0197299 0.000547431 -0.00117672 1.58938e-05 -0.00120103 0.00200099 -0.0283799 -0.000142347 -0.00400126 -0.00050675 -0.0212784 -0.0264384 0.000414706 -0.000492928 0.0267999 0.0146608 0.00332427 -0.000461945 0.000263952 0.000859646 0.00164073 0.00814787 -0.0167971 -0.00398938 -0.0017386 -0.000242748 0.000350497 -0.000260743 -0.00054297 0.00247856 -0.00837555 -0.00101623 0.00790593 0.000348307 -0.00238984 -0.00494544 0.00388396 -0.00210425 0.000805899 0.00100925 -0.00699618 0.0250521 -0.00483134 0.00603394 3.81549e-05 -0.000223563 
-3.82774e-05 -0.000264956 -0.000281235 -0.000323643 -0.00351281 0.00707442 -0.00120651 0.00784781 -0.000323721 -0.00108082 0.00350006 0.00699638 0.0650226 -0.00412002 -0.00630805 -0.011146 0.000863007 0.000911672 -0.00317291 -0.00146005 -0.0134855 0.00823524 -0.00918427 0.00862472 0.0185068 0.0039083 -0.00318604 0.00758677 -0.00754272 -0.00506314 -0.000509871 -0.0126874 -0.0175492 -0.00814325 -0.00291697 -0.000557272 -0.00120273 -0.000266991 -0.000502304 0.00459876 -0.00305539 0.00017784 -0.00295555 -0.0078298 0.00225947 0.00179761 -0.000176626 -2.44427e-05 0.00427763 -0.00198349 -0.00182236 0.000524368 -0.00113157 -0.00166109 0.00286313 -2.21028e-05 0.00229667 -3.25371e-05 0.000103382 0.0061977 -0.00610071 -0.000392076 -0.00310002 -0.000318927 -0.00250385 -0.0184472 0.000874247 -0.00151688 0.0050184 0.00969241 -0.00135437 -4.05431e-05 -0.00221758 0.00122479 0.000350617 0.0052249 0.00428758 -0.00950538 0.00302346 -0.000251818 -0.000251158 -5.53803e-05 -0.000506819 0.000926463 0.00288372 -0.00171359 0.0003062 -0.000642893 -0.00510674 -0.00627123 0.000627409 -0.00240286 -5.49469e-05 0.000245653 -0.0015493 -0.00304965 -0.000619242 0.00546998 0.000290061 8.45159e-05 
-0.000489372 -0.00463454 -0.0156608 -0.00747761 -0.0129306 -0.0151644 0.00380754 -0.0302084 -0.00647724 -0.00191383 0.073165 -0.0391084 -0.00412002 0.22607 -0.00387541 0.049582 -0.0880818 -0.0246034 -0.0331323 -0.00898599 -0.0577894 0.0330654 0.000490207 -0.0134565 0.0552069 0.106349 0.0300021 -0.035686 -0.05365 -0.0354203 -0.00330511 0.0241775 -0.0233538 -0.00400588 -0.0260226 -0.0168015 -0.0112075 -0.00297593 -0.00109978 0.0969222 0.0704514 -0.000885132 -0.0208828 0.00648461 -0.0317226 -0.00629708 -0.00356114 -0.000196394 -0.0193391 -0.00701091 -0.0156717 -0.000436298 -0.0141748 0.0185961 -0.0218667 -0.00643407 -0.00305634 -0.000246023 0.00543477 0.00820988 0.0507192 -0.0073293 0.0101158 0.0011894 0.0135357 0.0164565 -0.00204674 -0.00452789 -0.0217166 -0.0206711 -0.00762038 -0.000587526 -0.00439352 -0.00217739 -0.00161696 -0.00861951 0.0714409 -0.0593478 -0.00120455 0.000602069 -0.00427038 0.000230876 -0.00324075 -0.00275576 0.0347019 -0.00132302 -0.00855776 -0.000222487 -0.020736 -0.0208661 -0.0108052 0.00610207 -0.00763926 -0.00533506 0.0236185 -0.0749614 0.0065372 -0.00760468 0.000844351 -0.000512603 
1.13536e-05 0.000872509 0.00230136 0.00200966 -0.00164991 -0.00256308 -0.00114393 -0.00520555 -0.000924383 -0.00128658 -0.00904733 -0.00560091 -0.00630805 -0.00387541 0.0940474 0.00573148 -0.012357 -0.00315385 -0.00267347 0.00151695 0.00555393 0.00226308 0.0178177 -0.00937296 -0.0275714 0.013465 0.000999251 -0.00134074 -0.00565444 -0.00305163 -0.000555141 0.0209579 0.0246513 0.0130926 -0.00226661 0.000341684 -0.00172751 0.000900894 0.00854307 -0.0216064 -0.00748622 -4.66756e-06 0.00305561 0.0205504 -0.00396514 -0.0029588 -0.000581051 0.000113811 -0.00378754 -0.000270298 -0.00694864 -6.67395e-05 0.000394731 -0.0112572 0.000469946 -0.000750195 -0.000298616 0.000194048 -0.000780252 -0.0038961 0.00460143 0.000394106 -0.00251332 0.000143503 -0.00998347 -0.0191479 -0.00031291 0.000336563 -0.00450631 -0.00281944 -0.00182102 -0.000450336 0.00443673 -0.000250185 0.000361151 -0.00205069 -0.0150463 -0.00929652 -0.00162764 0.00056713 0.000263842 0.000229738 0.0012921 2.85228e-05 -0.0151898 -0.00117937 0.00270903 -0.000579718 -0.00112876 0.00253619 -0.000936781 -0.00322824 0.00407085 -0.000583892 -0.00665577 -0.00552258 0.015933 -0.000372314 -0.000298972 -0.000269323 
-0.000427327 -0.0049781 0.000416537 -0.00836882 0.00102015 -0.0188105 0.00473809 -0.0204637 -0.00852308 0.00306442 -0.0111829 -0.0336809 -0.011146 0.049582 0.00573148 0.165669 -0.0254906 -0.0249831 0.00294077 -0.00561097 0.00394477 -0.00823548 0.0124015 -0.0112003 -0.00277322 0.0364965 -0.0028936 -0.0323678 -0.020385 -0.00575541 -0.00225492 0.00580557 0.0127906 0.0202791 -0.00861462 -0.0186225 -0.00283202 -0.00220077 -0.00181179 0.0232787 0.0451787 -0.00113716 -0.0163621 -0.0460983 -0.0048213 -0.0145014 -0.00143004 -0.000357308 -0.0146904 0.00405003 -0.011585 -0.000545902 -0.00528319 0.00528037 -0.0278495 -0.00114679 0.00383091 -0.0001771 0.000813358 -0.0257941 0.0432867 -0.00321541 0.00695974 0.000758639 0.0466214 0.065341 -0.00198594 0.00266254 -0.019132 -0.0224649 -0.00466748 -0.00292899 -0.00772106 -0.0031419 -0.0020452 -0.0118305 -0.00894788 0.014838 0.000385527 -0.000499048 -0.00185174 -0.00063854 -0.00369987 -0.00322717 -0.0125132 -0.00151382 -0.0103013 -0.00178303 0.00950867 0.0128239 -0.00737176 0.00356712 -0.00657693 4.00574e-06 0.029503 -0.0340476 0.00319153 -0.00890795 -0.00109368 0.000735764 
0.000378168 0.0013722 0.00323515 0.00378539 0.0077756 0.0122234 -0.00218412 0.0118024 0.0025171 -0.00150373 -0.0659007 0.0340543 0.000863007 -0.0880818 -0.012357 -0.0254906 0.172423 0.0238864 0.0235045 6.73793e-05 0.0354578 -0.0283035 0.00698477 0.00201019 -0.0244447 -0.0896845 -0.0206679 0.0268327 0.0354097 0.00384936 0.00047316 -0.0547668 0.0312758 0.00096536 0.0151952 0.00649618 0.00426601 0.000599323 0.000651315 -0.0708682 -0.0548973 0.000727178 -0.000979011 -0.011505 0.0134576 -0.0032454 0.00307757 -0.000112094 0.0206653 -0.00247281 0.0274962 -0.000391588 0.00755442 -0.00810018 0.00968108 0.00398882 0.00250247 1.46579e-05 -0.00277431 -0.0130409 -0.0279424 -0.00140589 -0.0103324 -0.000588541 -0.00198796 -0.0145375 0.00100305 -0.00282037 0.0214627 0.0138979 0.00359886 -0.00154157 0.00470219 -0.000398872 -0.000341704 0.00470439 -0.0471654 0.0186218 -0.00450546 -0.000379537 0.000737775 -0.00221436 -0.000973949 0.0010115 -0.0210174 -0.00192578 0.00587244 -0.00124943 0.00119667 0.0143741 0.00266839 -0.00531339 0.00019614 0.00607409 -0.00910255 0.0852997 -0.00858941 0.00518408 -0.00177815 -0.000241308 
-8.74188e-05 0.00023405 0.00583063 0.00188975 0.00254222 0.00618204 0.000557574 -0.00159294 -0.000956074 -0.00124637 -0.0229212 0.0187912 0.000911672 -0.0246034 -0.00315385 -0.0249831 0.0238864 0.0898784 0.0193747 0.00443951 -0.00605988 -0.00361909 -0.0233916 0.0114772 0.00866928 -0.0221888 -0.00321723 0.0126499 -0.00676249 -0.00514472 -0.000615871 -0.0258244 0.00692848 -0.00183424 0.00162128 0.00742827 0.000583389 0.00123712 0.00111413 -0.00610934 -0.0226534 0.000255103 -0.00240394 0.0185188 -0.00505187 0.00333726 -0.000400566 -4.54384e-05 0.00524037 -0.0030328 0.00782184 9.30317e-06 0.00653654 0.00439781 0.0100474 0.0070402 -0.00179792 7.48928e-05 -0.0011894 -0.00119003 -0.0300896 -0.000948842 0.00014193 -0.000568399 -0.00671608 -0.0446641 -0.000214513 -0.00243722 0.0207572 0.00304554 0.00227293 4.90956e-05 -0.0029157 0.000427732 -0.000141361 0.0101446 -0.0101781 -0.007683 -0.00259992 0.0001199 0.00122679 -0.000567467 9.06917e-05 0.000556786 -0.00863215 -0.00157747 0.00455089 -0.000176632 -0.00178661 0.00174838 0.00363117 -0.00300046 0.00361019 -0.000401463 -0.00825288 0.0191178 -0.00551577 -4.14901e-05 -0.00104013 0.00122813 
4.70092e-05 -3.66447e-05 0.00450688 0.00013631 0.00170385 0.00318549 0.0109804 0.00331084 -0.00172803 0.0046735 -0.0529941 0.0152039 -0.00317291 -0.0331323 -0.00267347 0.00294077 0.0235045 0.0193747 0.109358 0.0142269 0.00766072 -0.0173505 -0.0164855 -0.00201072 -0.020431 -0.0176874 -0.012231 0.00912432 -0.00322567 0.00405229 -0.00025144 -0.00318998 0.00136508 0.0121193 0.00352757 0.00736385 -0.000779704 -0.000150948 0.000657922 -0.0328761 -0.0356105 0.000245425 0.0035711 -0.0130719 0.00147291 0.00923138 -0.000575213 -0.000103994 0.00901374 0.00169825 0.00626172 -2.60676e-05 0.00278789 -0.00669265 0.0179895 0.00217943 0.00538235 7.69247e-05 -0.00234201 -0.011737 -0.0238802 0.00186552 -0.00371838 -0.000627158 0.0105757 -0.0158677 0.000283052 -0.00102941 0.0153956 0.0002385 0.00171399 -0.00070509 -0.00130057 -0.000245936 0.000643681 -0.000115035 -0.0230882 0.00897489 -0.00315446 0.000594409 0.00167891 -0.000125813 -0.00128028 0.001029 -0.0161182 -0.00201391 0.00451923 -0.000900214 0.00880099 -0.00316876 0.00306067 0.00105193 -0.000862861 0.00158156 0.00254736 0.00861925 -0.00436505 0.00141704 -0.00115702 0.000765173 
-1.92592e-05 7.57964e-05 0.000682414 0.000131832 -0.000523197 0.00211996 0.000522224 0.000677008 -0.000749437 -0.000526119 -0.00883734 0.0042669 -0.00146005 -0.00898599 0.00151695 -0.00561097 6.73793e-05 0.00443951 0.0142269 0.0263861 -0.00183103 0.0016791 -0.00699336 -0.000977004 -0.00659723 -0.00777445 -0.00204972 0.00182885 0.00028491 0.0029868 1.79425e-05 -7.72993e-05 -0.00395411 0.000483433 0.000894716 0.00614061 -0.000434134 8.15011e-05 -6.91823e-05 -0.0103765 -0.00701022 0.000196952 0.000189582 0.00452565 -0.00106226 0.00672918 2.05441e-05 -1.51153e-05 0.000100164 -0.00070185 0.000659116 0.00013541 0.000956182 -0.00177282 0.00986324 0.000387733 -0.000323971 2.64157e-05 -0.000499489 -0.00155827 -0.00824489 0.00281764 -0.000505994 -0.000190405 -0.00131277 -0.0116163 -8.69063e-06 0.000128415 0.00103465 -5.84021e-05 4.0213e-05 8.37854e-06 -0.000308295 -5.26939e-05 0.000394438 0.000212391 -0.0058307 0.00382931 -0.000895938 2.74043e-05 0.00261846 0.00161244 -0.000344952 0.000649279 -0.00319622 -0.000496235 0.00174028 -0.000108639 -0.000127202 -0.0007335 0.00177951 -0.000886374 0.000638924 6.22625e-05 7.21294e-05 0.00643396 -0.00185324 0.000488167 -0.000288628 -3.87833e-05 
0.000238149 0.00222341 0.0039519 0.00443911 -0.000636507 -0.018909 -0.00981462 -0.0225873 0.00169598 0.0097528 -0.057204 9.24693e-05 -0.0134855 -0.0577894 0.00555393 0.00394477 0.0354578 -0.00605988 0.00766072 -0.00183103 0.247391 -0.0580578 0.0672891 -0.0209755 -0.119683 -0.0146305 -0.0514223 0.00230556 -0.00149327 0.00960079 -0.00117672 0.0524419 0.0886201 0.0668684 0.011595 0.000920438 0.00626962 0.000343062 -4.13531e-05 -0.0445471 -0.0145824 -0.000249453 0.0136099 -0.0146012 0.0210271 -0.00868607 0.00232611 -3.19355e-06 -0.00618107 0.0144303 -0.0101497 -0.000970429 -0.00865463 -0.0416549 0.00330919 -0.002998 0.00615572 -5.26294e-05 -0.0115345 -0.0372297 0.029095 -0.00394074 -0.0406581 -0.0023489 0.0179185 0.0749904 -0.00154619 -0.00471717 -0.0096658 -0.00612184 -0.00283599 -0.00346406 0.00660888 -0.00251569 0.000216476 -0.00930715 -0.0730539 0.0126266 -0.0123587 8.05779e-05 -0.000480249 0.00177388 0.00320918 -0.00304348 -0.0687248 0.000249097 0.00629192 -0.00475702 0.00701847 0.011241 -0.00120897 0.0135936 0.00215063 0.00295463 -0.0029123 0.0395685 -0.00399592 -0.00476056 0.00261763 -0.00140929 
-0.000264491 -0.0030959 0.00108888 -0.00606286 9.82755e-05 0.00386637 -0.00323067 -0.00735079 -0.0127465 -0.00410998 0.0508829 -0.00148139 0.00823524 0.0330654 0.00226308 -0.00823548 -0.0283035 -0.00361909 -0.0173505 0.0016791 -0.0580578 0.196561 -0.0458032 0.00838035 0.0149373 0.0158599 0.00715951 0.00238062 0.000376201 0.00544677 -0.00127981 0.015486 -0.0497193 -0.0573454 -0.00833193 0.0043875 -0.00785256 -0.00185184 -0.00033827 0.0173497 0.0124966 -0.000571138 -0.0188877 -0.000676015 -0.0128488 0.00126061 -0.0031636 -0.000138391 -0.00111916 -0.0130232 -0.00885463 -2.63523e-05 -0.00492049 0.0190094 0.0040664 -0.00222957 -0.00315608 -0.000160365 0.00359737 0.0138637 -0.00797345 0.000465252 0.00654002 0.00110479 0.00604906 -0.043424 -0.00163087 0.0030293 0.00172493 0.00608068 -0.00853555 0.000156149 -0.00449042 0.000279459 0.00030136 0.00184191 0.0228886 0.0100803 -0.000347614 -0.000602858 -0.000384908 -4.06106e-05 -0.00505955 0.00104098 0.0217245 -0.00134878 0.00271809 0.00041736 -0.0302793 -0.023855 0.00229354 -0.0121414 -0.00100321 -0.00394908 0.0171324 -0.00793321 -0.0047761 0.00242614 0.00295939 -0.00106954 
-0.000249037 7.4369e-05 0.0214594 0.00158378 -0.000281284 -0.0209004 -0.015211 -0.0153059 -0.000935954 -0.00688978 -0.00150073 -0.0168721 -0.00918427 0.000490207 0.0178177 0.0124015 0.00698477 -0.0233916 -0.0164855 -0.00699336 0.0672891 -0.0458032 0.249407 -0.0284797 -0.0353968 0.00830446 0.00133649 -0.0132839 -0.00273389 -0.028107 0.000659556 -0.00911086 0.0356875 0.0164216 0.00421222 -0.0145148 -0.00295074 -0.00118306 0.0039829 -0.033516 0.00589591 -0.000363643 0.00748155 0.0162655 0.0115734 -0.000573129 0.00253367 5.41228e-05 -0.00757028 0.00166443 -0.0122618 -0.00093915 -0.0087229 -0.0297534 -0.0179836 -0.00419801 0.0054647 4.82728e-05 -0.00428817 -0.0317089 0.0477895 -0.00586953 -0.00825634 -0.00125055 -0.0158182 0.0428924 -0.000236224 -0.0030872 -0.0188266 -0.013091 -0.00717205 -0.00382266 0.0079625 -0.00212962 -0.000923131 -0.0100113 0.00414642 -0.0465969 -0.00945648 0.00114643 -0.00013004 -0.00131212 0.0029023 -0.00249233 -0.0595897 0.00181957 -4.10948e-06 -0.00184717 0.0225338 0.0110135 -0.00744944 0.00884027 -0.00156841 0.00269164 0.000996001 0.0330569 0.0164595 -0.00585438 -0.00706585 -0.00184 
2.98238e-05 -0.000723375 0.00478732 -0.00110682 -0.00556486 0.0121457 -0.0007002 0.0148636 -0.00269908 -0.00389379 0.0241248 -0.000773497 0.00862472 -0.0134565 -0.00937296 -0.0112003 0.00201019 0.0114772 -0.00201072 -0.000977004 -0.0209755 0.00838035 -0.0284797 0.124042 0.0374437 -0.0232794 -0.00572703 0.00297024 -0.00468691 0.00569111 -0.000294514 -0.0290676 -0.029667 -0.0108509 -0.00677313 0.00549637 0.00127213 -0.000249195 -0.000648963 -0.0123529 -0.00892863 -6.57831e-05 -0.000541021 -0.00689877 0.00428511 0.000288862 -0.000575762 -8.91945e-05 -0.00105353 -0.000776215 -0.00303397 0.00113092 0.00513359 0.00712181 0.000219383 0.00117441 -0.00277617 -8.27756e-05 0.00182025 0.0173799 -0.0348369 0.00427037 -0.00435879 -0.00022584 -0.00342965 -0.030634 0.00043271 -0.0016336 0.00205208 0.00309695 0.00068711 0.00325017 -0.00211171 0.000581924 0.000220763 0.00730072 0.00111034 0.000819532 0.00465586 -0.000367174 0.000555598 -0.000992093 0.0011188 0.000795919 0.00706498 -0.00195918 -0.00187166 0.00254749 -0.0060437 0.00651824 0.00692543 0.00280333 0.000963702 -0.00101247 -0.00752764 -0.00695824 -0.00718985 0.00274311 -0.0012523 0.000329643 
-0.000140924 -0.00306199 0.0038042 -0.00235115 -0.0214651 0.00794634 0.0032253 0.0294893 0.00339756 -0.0107067 0.0638412 -0.00796229 0.0185068 0.0552069 -0.0275714 -0.00277322 -0.0244447 0.00866928 -0.020431 -0.00659723 -0.119683 0.0149373 -0.0353968 0.0374437 0.246263 0.0286969 0.040313 -0.00869946 -0.0191177 -0.0190115 -0.00165314 -0.0830878 -0.0885614 -0.0482273 -0.0187464 -0.00581991 -0.00151326 -0.00139385 -0.00549999 0.0608625 0.0135259 -0.000105903 -0.0155295 0.0147263 -0.008314 -0.000343473 -0.00263677 -0.000348515 -0.00500039 -0.0134975 -0.00376593 0.000126024 0.00644581 0.0219317 -0.00916715 0.00230258 -0.00731018 -0.000129809 0.00897558 0.0223803 -0.0190444 -0.00226061 0.025954 8.07667e-06 -0.00193238 -0.0562742 0.00132546 -0.0072073 0.00668526 -0.00345858 0.00241533 0.000868636 -0.00902022 0.0018912 -0.00119092 0.00837184 0.082308 -0.0499874 0.00651631 -0.0002993 -0.00151341 -0.000634827 -0.00274787 0.000139484 0.0503469 -0.00436192 -0.00847954 0.00413543 -0.0121606 -0.00802821 -0.00036908 -0.00933719 -0.00401814 -0.00324796 0.0061439 -0.0482913 -0.00560456 0.000790935 -0.00110677 -0.00027548 
-0.000325775 -0.00243613 -0.00543588 -0.00478024 -0.0160529 -0.018702 -0.000619964 -0.0246555 -0.00321423 0.00183617 0.0514144 -0.0316259 0.0039083 0.106349 0.013465 0.0364965 -0.0896845 -0.0221888 -0.0176874 -0.00777445 -0.0146305 0.0158599 0.00830446 -0.0232794 0.0286969 0.249995 0.0142278 -0.0237481 -0.0436338 -0.0345825 -0.00302703 0.0216913 -0.00155321 0.00762903 -0.0220325 -0.0122318 0.000223423 -0.00123427 0.000349603 0.07232 0.0395814 -0.000644604 -0.0128264 0.00686958 -0.0068988 -0.00116142 -0.00319858 -0.00020145 -0.01652 -0.00636641 -0.0248194 -0.000935595 -0.012748 0.00297442 -0.0124341 -0.0053621 0.00228284 -9.77946e-05 0.001381 -0.0133856 0.0288258 -0.00583704 0.00868898 0.00227698 0.00952886 0.0162295 -0.00207588 -0.00706284 -0.0187991 -0.0190245 -0.00520571 -0.000216082 -0.0051444 -0.00211001 -0.000997519 -0.00806165 0.0362256 -0.0579999 -0.00082526 0.00116187 -0.00371205 0.0032654 0.000664276 -0.00177223 0.0104354 -0.00435116 -0.00220945 -0.000621476 -0.0147059 -0.0278536 -0.00776486 0.0105101 -0.00328972 -0.00465766 0.0100668 -0.092896 0.0205856 -0.00568134 0.00227415 -0.000982753 
-0.000147999 -0.000830971 -0.00571756 -0.00118803 -0.00471526 -0.00156952 -0.00304408 -0.000358712 -0.000643572 -0.00303822 0.0281552 -0.00640249 -0.00318604 0.0300021 0.000999251 -0.0028936 -0.0206679 -0.00321723 -0.012231 -0.00204972 -0.0514223 0.00715951 0.00133649 -0.00572703 0.040313 0.0142278 0.100032 -0.00586399 -0.00448686 -0.00817514 -0.000371564 -0.0160969 -0.0263565 -0.024252 -0.00606055 -0.00336426 -0.00240373 -0.000512503 -0.000222682 0.0111488 0.00642217 -1.12765e-05 -0.00398014 0.0206539 -0.00952872 0.00473779 -0.000190502 6.12737e-05 -0.0025797 -0.00364029 -0.000527525 8.55097e-05 0.000884909 -6.90634e-05 -0.00396943 -0.000772703 -0.0025148 2.46871e-05 0.00460686 0.00967715 0.000149882 -0.0013543 0.0178399 0.00105156 -0.0184284 -0.0351214 -0.000226958 -0.00188507 -0.00361058 -0.00416911 -0.00217753 8.06215e-05 -0.00191822 0.000367077 -0.000472672 -0.00183947 0.0517418 -0.019215 0.00208725 7.68334e-05 -0.000654141 -0.000823864 -0.000571063 -0.000357147 0.0246756 0.000474667 -0.00202926 0.00200398 -0.00870557 -0.00701935 -0.00188297 -0.00326674 -0.000448111 -0.0011143 0.00236373 -0.0136425 0.00519008 -0.00123547 -0.00119895 -0.000261405 
-1.90778e-05 0.00201782 -0.00326185 0.00310254 -0.000631813 0.00938937 -0.00134097 0.0139561 0.00214256 -0.000572433 -0.020019 0.0294149 0.00758677 -0.035686 -0.00134074 -0.0323678 0.0268327 0.0126499 0.00912432 0.00182885 0.00230556 0.00238062 -0.0132839 0.00297024 -0.00869946 -0.0237481 -0.00586399 0.0578926 0.0139764 -0.00432885 0.000421593 -0.0150543 0.00601133 0.000940388 0.00530336 0.0143401 0.00125527 0.00103798 0.000546939 -0.0278716 -0.0325702 0.000498186 0.00289691 0.00386107 -0.000340716 0.000867035 -0.000146475 3.20977e-06 0.0122175 -0.0018831 0.00707143 -2.58917e-05 0.00134801 -0.00460995 0.014913 0.00180909 -0.00107702 3.04214e-05 -0.000716588 -0.00156501 -0.0256001 0.000779658 -0.00380115 -0.000337458 -0.0235918 -0.0271649 0.000403602 -0.00177909 0.0178715 0.0117458 0.000260159 -7.48067e-05 0.00136956 0.00130046 0.00275588 0.00543141 -0.0153071 -0.00343627 -0.00217458 -1.17761e-05 -0.000335664 -0.000184537 0.00171615 0.00228748 -0.00889775 -0.000704476 0.00637322 0.000786239 -0.00316624 0.00115701 0.00780413 -0.000269333 0.00242205 0.000724379 -0.0136607 0.0254419 -0.00208321 0.00582664 0.000457406 -0.000252976 
6.8799e-07 0.000246136 -0.00918859 -0.00125838 0.00401065 0.00952865 -0.000856003 0.01919 -0.000390353 -0.0035673 0.0103275 0.0202243 -0.00754272 -0.05365 -0.00565444 -0.020385 0.0354097 -0.00676249 -0.00322567 0.00028491 -0.00149327 0.000376201 -0.00273389 -0.00468691 -0.0191177 -0.0436338 -0.00448686 0.0139764 0.191027 0.0293686 0.00282889 -0.0399015 -0.0114093 -0.0143382 0.000677891 -0.00417587 -0.00309836 0.000318011 -0.00386068 -0.0307826 -0.0517323 0.000713492 0.00216262 -0.0146197 -0.00415457 -0.00488807 0.00196631 -8.57102e-05 0.0114699 -0.00598821 0.00834 -0.000386289 0.00535281 -0.00832125 0.00512292 -0.00170337 -0.00372241 4.60945e-06 0.000388348 0.0061298 -0.00801399 0.00566863 -0.000693365 -0.00132586 -0.0104677 0.0226021 0.000539353 -0.00586339 0.00817621 0.00516842 0.00129221 0.00100077 0.00216209 0.000737014 -0.000738623 0.00286887 -0.0216616 0.0238335 -0.00224312 -0.000721827 -0.000453972 -0.00089208 0.000823791 0.0017069 -0.00814227 0.00408699 -0.000496578 0.000152415 -0.0049689 -0.00478065 -0.000204384 -0.00351648 0.00201952 0.002066 -0.0110284 0.0250829 -0.0152274 0.00462637 2.13208e-05 -0.000839417 
0.000353451 -0.000336561 0.00649517 -0.000258562 0.00266796 0.00478386 0.00287138 0.0109736 -0.0038258 -0.000556449 -0.0126749 -0.00417771 -0.00506314 -0.0354203 -0.00305163 -0.00575541 0.00384936 -0.00514472 0.00405229 0.0029868 0.00960079 0.00544677 -0.028107 0.00569111 -0.0190115 -0.0345825 -0.00817514 -0.00432885 0.0293686 0.119797 0.0010225 0.0134787 -0.016541 -0.0058192 -0.00126437 -0.00201614 0.000715468 -0.000246878 -0.00275226 -0.0114202 -0.0260932 -5.6796e-05 0.00341792 -0.0213887 -0.00348487 0.0111535 0.000134508 5.41572e-05 0.00325504 0.00181981 -0.00304055 -0.000450501 0.000581618 -0.00984722 0.00572134 -0.000631617 0.000686527 -3.20906e-05 -0.00275627 -0.00137197 -0.0161351 0.00724584 -0.00835581 -0.000855474 0.0142403 0.00506704 -0.000181472 0.00133034 -0.0045455 0.00218305 -0.00131716 -1.27712e-05 -0.00248047 0.000199051 -9.84191e-05 -0.00125476 -0.0123184 0.0480697 0.00367577 -0.000394014 0.00129121 0.000280554 0.000950465 -0.000218287 0.000802383 0.00303818 -0.00151727 -0.000927229 -0.00115881 -0.00747571 0.00239598 -0.00198426 -0.000636015 -0.000757931 0.000911057 0.00755406 -0.00717482 0.00125066 -0.0013825 -0.000598365 
2.71378e-05 0.00013684 -0.000318317 0.000339949 0.00241068 0.000286906 0.000145842 0.000573542 0.00128582 -0.000239654 0.00113725 -7.59045e-05 -0.000509871 -0.00330511 -0.000555141 -0.00225492 0.00047316 -0.000615871 -0.00025144 1.79425e-05 -0.00117672 -0.00127981 0.000659556 -0.000294514 -0.00165314 -0.00302703 -0.000371564 0.000421593 0.00282889 0.0010225 0.0107143 -0.00171078 -0.00239294 -0.00124813 -0.000227956 0.000511462 0.000571436 8.9857e-05 -0.000183121 -0.00346085 -0.00113797 0.000127125 0.00110025 -0.00113848 0.00123939 0.00124066 0.000252301 3.06414e-05 0.000622143 -0.000114173 -0.000404845 -8.7985e-06 0.000583517 -0.00023235 -0.000248979 -9.58097e-05 -0.000228137 2.05895e-05 1.38702e-05 -7.24008e-05 -0.00130433 0.00102299 0.000938959 6.36212e-05 -0.00291121 0.000135911 0.000258386 -0.000247537 -0.000184514 0.000286457 0.00112121 0.000570032 3.5467e-05 0.000301117 0.000181262 0.000153778 -0.00146617 -5.55441e-05 -0.000369709 -1.98142e-05 0.000362968 -0.000108538 -5.91284e-05 0.000209195 -0.000544887 -0.000144518 -0.000102896 0.00021739 0.00127698 5.9365e-05 0.000455766 5.40218e-05 0.00145729 4.72552e-06 -0.00255271 0.00169336 -0.000670938 -1.15827e-05 -0.000115745 -4.08827e-05 
-4.52479e-05 -0.000272664 -0.00576004 -0.00231728 -0.00248185 -0.00846909 -0.00636039 -0.021178 -0.0102854 0.0102559 -0.00321154 -0.0168244 -0.0126874 0.0241775 0.0209579 0.00580557 -0.0547668 -0.0258244 -0.00318998 -7.72993e-05 0.0524419 0.015486 -0.00911086 -0.0290676 -0.0830878 0.0216913 -0.0160969 -0.0150543 -0.0399015 0.0134787 -0.00171078 0.229247 0.0172577 0.0175623 0.00438826 -0.0059213 -0.00696809 -0.00107045 0.000255789 0.0244122 0.0360733 -0.000479756 0.00920157 -0.000497809 -0.00804654 -0.00096106 -0.00262673 0.000185827 -0.00888584 0.0149037 -0.0170751 -0.000367208 -0.00870632 -0.0144772 -0.00130764 -0.00407651 0.00123571 2.59528e-05 -0.00765996 -0.0128357 0.0301112 -0.000529231 -0.0274584 -0.00206043 0.023492 0.0282256 -0.00157547 0.0119036 -0.0156577 -0.00418846 -0.00809677 -0.00173732 -0.00255656 -0.00175218 -3.66482e-06 -0.00670171 -0.00322701 0.0237833 -0.0101881 -0.000798532 -7.00633e-05 0.00196079 -0.00024863 -0.00117262 -0.00702054 0.000676812 -0.00331352 -0.00372866 0.0100153 -0.0222865 -0.00320194 -0.00011513 -0.00293964 -0.00292807 0.00254008 -0.0464869 -0.00225664 -0.00274027 0.00420447 -0.00117134 
-0.000146092 -0.00112939 -0.00463547 -0.000425279 -0.000918464 -0.0114562 -0.00653961 -0.0237807 -0.00507387 0.00648508 -0.0787898 -0.00105407 -0.0175492 -0.0233538 0.0246513 0.0127906 0.0312758 0.00692848 0.00136508 -0.00395411 0.0886201 -0.0497193 0.0356875 -0.029667 -0.0885614 -0.00155321 -0.0263565 0.00601133 -0.0114093 -0.016541 -0.00239294 0.0172577 0.213421 0.076329 0.00501916 0.00195598 0.00268049 0.000668316 0.00527239 -0.0352818 6.84444e-05 -0.000341196 0.00110988 0.017834 -0.00447902 -0.0108265 0.00165157 -0.000213009 -0.000208104 0.000565912 0.00119379 -0.00073376 -0.00591328 -0.0293861 -0.00288598 0.00119669 0.00111214 -3.80517e-05 -0.00558308 -0.0212557 0.0224836 -0.00360293 -0.016667 6.15723e-05 0.0130586 0.0112462 -0.000660692 -0.00207133 -0.00677609 -0.0075252 -0.00496218 -0.00187949 0.0117289 -0.0017619 -0.000240505 -0.00645069 -0.0629765 -0.00309408 -0.0109577 -8.74572e-07 -0.00164989 0.000988372 0.00183455 -0.00175003 -0.0508746 -0.00118622 0.00178938 -0.00416198 0.00400173 0.0246423 -0.0024987 0.00965183 0.00233022 0.00201628 0.00093757 0.0359133 0.0147232 -0.00296532 -0.00183832 0.000144616 
-0.000119134 0.00108764 -0.00967034 0.00213566 -0.00743085 -0.00960115 -0.000348575 -0.0138732 0.00239229 0.0117599 -0.0655864 -0.00884012 -0.00814325 -0.00400588 0.0130926 0.0202791 0.00096536 -0.00183424 0.0121193 0.000483433 0.0668684 -0.0573454 0.0164216 -0.0108509 -0.0482273 0.00762903 -0.024252 0.000940388 -0.0143382 -0.0058192 -0.00124813 0.0175623 0.076329 0.192506 -0.00382924 0.00154432 0.000212835 0.00116484 -0.000572747 -0.0250628 -0.00190612 -0.000161005 0.00611541 0.00694639 0.00591954 -0.00601603 0.000747584 -6.57886e-05 -0.00423989 0.0103475 -0.0110346 -0.000849439 -0.00287769 -0.0274567 -0.00740471 -0.00248531 0.00231944 3.22948e-05 -0.00366756 -0.0200072 0.0255615 -0.00211324 -0.0186372 -0.00135317 0.00369612 0.0384911 0.000373996 -0.00436283 -0.0116753 -0.0074396 -0.00064579 -0.00138355 -0.00227533 -0.00149729 -9.43584e-06 -0.00546311 -0.0292451 -0.0153757 -0.0085433 0.000139745 -0.00174649 0.000798221 0.00457079 -0.00118023 -0.0380308 -0.000496282 0.000756076 -0.00254008 -0.00478556 0.0304393 -0.00350641 0.00940288 0.0038017 0.000299277 -0.00509694 -0.00972751 -0.00391311 -0.00250925 -0.00233009 -0.00119891 
