0.143395 -0.000625208 -0.00120281 -0.0064104 -0.00425754 -0.00939051 -0.0113178 -0.0264749 -0.000144775 -0.00223193 -0.00762346 0.0142548 -0.0059102 -0.00210715 0.000938308 0.0158865 -0.0126289 -0.00398613 0.00135826 -0.0117167 0.0129796 0.000581801 -0.00194292 -0.00972749 0.00243611 -0.00544942 -0.00840482 0.023692 0.0133462 -0.00444924 -0.00269847 -0.00134252 -0.00171322 -0.00964829 -0.00234172 -0.0128728 -0.000400284 -0.00226446 -0.00687647 0.000268938 0.0210838 -0.000311556 -0.00241739 0.00500827 0.00123153 -9.33291e-06 0.00311598 -0.00270193 0.00365837 -0.0149446 -0.000234276 -0.00604143 -0.00650049 -0.00569693 -0.000568032 -0.000732316 -0.00508438 -0.00117165 -0.000863226 -0.00431151 -0.00411481 0.000380726 -0.00718236 -0.00209816 -0.000922252 0.00702886 -0.00133784 -0.000536605 -0.00507524 0.00267282 0.00287105 0.0101549 -0.000806551 0.00198794 0.000354436 -0.00271903 -0.00140631 0.00277296 0.0194333 0.00042522 -0.00642657 0.00337063 -0.00769747 -0.00201046 -0.00851156 0.0241749 -0.00708542 -0.00564727 -0.000454128 -0.00220633 -0.00098402 -0.00176679 -0.00141981 -0.0100794 -0.00232043 -0.00214621 -0.00115576 0.00105208 -0.00200287 -0.0240523 
-0.000625208 0.00455835 -6.18521e-06 -0.000149219 0.000380899 0.000634078 -0.000897268 -0.000764203 0.000283302 2.68693e-05 0.000785353 -0.000429181 0.000852118 0.000841548 0.000740807 -0.000492942 0.000406905 -0.00180205 0.000368757 0.00129976 -0.000254871 -0.00171429 -0.00013238 -0.00109525 -0.000769302 -0.000250793 0.000266776 -0.00131256 -0.0019829 -0.000458425 0.00151588 0.000287052 5.50885e-05 0.000149496 -0.000166422 0.000221199 0.000182746 0.000585106 -0.000995507 -0.000313276 -0.00146566 -7.92652e-06 -8.41971e-05 -7.72682e-05 8.89489e-05 1.3898e-06 8.76139e-05 0.000154186 -0.000173953 0.000795145 3.00047e-05 -7.77974e-05 0.000642975 -2.66361e-05 -0.000108316 -1.1099e-05 -0.00103593 0.000393606 -7.39118e-05 -0.000138241 0.000306953 -3.23783e-05 0.000521559 -8.90912e-06 7.30274e-05 -0.000270822 3.49074e-05 4.88916e-05 0.0011357 -1.91931e-05 1.71542e-08 0.000264508 -4.30817e-06 -0.00219549 -3.20451e-05 0.00036736 -0.000170538 -1.77462e-05 -0.000294913 1.30243e-05 -8.61869e-05 0.000203303 -7.10777e-05 -1.84311e-05 -0.000162205 0.000739358 0.000201303 0.000125407 0.000116856 -0.000139575 -3.80235e-06 -1.6117e-05 -8.86248e-05 0.000673558 -0.000258565 0.00027061 0.000209192 5.16447e-05 4.28149e-05 -0.000251859 
-0.00120281 -6.18521e-06 0.0762576 -0.00212209 -0.0108367 -0.00494003 0.017202 0.0155331 -0.00185334 0.00433597 -0.00270217 -0.0292901 -0.000172414 0.000255529 0.0164069 -0.00345997 0.00465999 0.00144262 -0.00653956 -0.00711337 0.00674376 0.00411538 -0.00115082 -0.0156385 -0.0241345 -0.00588597 -0.00309211 0.00787553 -0.00528178 -0.0161916 -0.00230901 0.000152544 -0.00158188 -0.00239921 0.00415167 0.00107116 0.000199412 -0.00272981 0.00233568 0.00527718 -0.0102792 0.000132824 -0.00118845 -0.0010437 -0.0236117 -1.56992e-06 0.00770906 0.000220374 -0.00535658 0.0243477 -0.000533605 0.00834724 -0.0060723 0.000164678 -0.00158717 0.00129734 0.00397455 -0.000326305 0.000486861 -0.00366429 0.00363777 -0.000771058 -0.00297137 -0.00110258 -0.000167501 0.00544349 0.000559309 0.00155174 -0.00523549 0.00170335 -0.00217844 -0.00189367 -0.000617754 0.00598554 0.000309806 -0.00116961 -0.00354177 -0.00155675 -0.00977651 -0.000346472 -0.00295216 0.00781426 -0.00155143 -0.00270522 0.0148202 0.00246593 0.0019171 -0.0037575 0.000735996 0.00499468 -0.00147527 -0.0025538 -0.000639338 -0.00353252 -0.000938225 -0.000462167 0.000785116 -0.00040017 -0.00115237 -0.00967329 
-0.0064104 -0.000149219 -0.00212209 0.0726688 -0.0080504 0.00204819 -0.0125517 0.00754594 -0.000826911 -0.00158041 -0.00607538 -0.00676554 0.000829554 0.000180051 0.00234506 -0.00221815 -0.00601351 0.00704913 0.00549534 0.0216558 0.00225367 -0.00174483 0.00563411 0.00584869 0.000495147 1.33783e-05 -0.00192877 -0.0160009 -0.00292171 -0.00960519 -0.00720056 -0.00290801 -0.00128745 0.000223663 -0.00210732 0.000803527 0.00101724 0.00693544 -0.0153607 0.0120994 0.0057872 -0.00111383 0.00156432 -0.0123794 0.0247275 2.11403e-05 -0.00154839 0.000564517 0.00562653 0.0072253 -3.74214e-05 -0.00195384 -0.00318293 -0.0012901 -0.00210325 0.00138212 -0.015441 -0.000568572 -0.000481244 -0.00666155 -0.00307633 -0.000554121 0.000259011 -0.000228215 -0.000525134 0.00317346 -0.000354196 -0.000651973 -0.00286293 0.000500086 -0.000190282 -0.00364294 0.00171787 -0.0282053 -0.000144678 -0.000383568 0.00058856 0.00153046 0.00995555 -0.000298128 -0.00540857 -0.000923832 -0.00200608 0.00714964 -0.00115833 0.010382 0.0046871 -0.00302965 0.000635067 0.00057438 -0.00086107 -0.00071301 -0.00115953 -0.00586325 -0.00456255 -0.00074672 0.000127259 -7.75502e-05 0.000119035 -0.0152217 
-0.00425754 0.000380899 -0.0108367 -0.0080504 0.137829 0.000863958 -0.0239131 -0.0309168 -0.00121915 0.00144144 0.00974151 0.0231747 -0.00271198 -0.00281686 0.014818 0.0160453 0.0142197 -0.00787814 0.000854861 -0.0208008 -0.0130891 -0.0472652 -0.00164379 0.0122915 0.00475364 0.0163368 -0.0219306 -0.0289481 0.0110436 0.0298565 -0.0143119 -0.0108893 -0.00587264 0.00805629 -0.00582079 0.00135493 0.000891965 -0.00439691 -0.0362921 -0.0195311 -0.00379836 0.00227483 0.0017596 -0.0169719 0.00553768 0.0001444 -0.0034447 -0.00187366 0.00853419 -0.0310112 0.00267089 0.00375676 0.0369922 -0.00316689 -0.00228334 -0.000739365 -0.0182917 -0.00298872 0.00292517 -0.0138124 0.0106637 -9.12925e-05 0.0190424 -0.000110711 -6.94964e-05 -0.00714393 0.00170427 0.000509942 -0.00436599 -0.00119667 0.00145722 0.0274242 -0.000686243 -0.0240976 -0.00168926 0.00137001 -0.00754524 -0.00166603 -0.0131926 -0.000307506 0.00818852 -0.00179383 0.00300004 -0.00520676 -0.00409665 -0.00466078 -0.00634812 0.0136178 -0.000294977 -0.00256102 -0.000140904 0.00440139 -0.00273719 0.0299381 -0.0177471 -0.00157622 0.00158364 0.00238497 -0.00179852 0.0390638 
-0.00939051 0.000634078 -0.00494003 0.00204819 0.000863958 0.0654572 -0.00870588 -0.00514767 0.00267788 -0.00119322 -0.00314784 0.00941541 -0.00303693 0.000685148 -0.0024522 -0.00595295 -0.00237675 0.000153172 0.00488168 0.00963349 -0.00726382 0.00905655 0.00402479 0.00273616 -0.00831733 -0.00371265 -0.00230823 -0.0108921 0.000102128 0.00256279 -0.00254124 -0.00299249 0.000757112 0.00852515 -0.00373167 0.0132874 -0.000751677 0.00877933 -0.0098268 -0.00747656 0.0086981 -0.0011037 -0.000173556 -0.00304687 0.0124462 -1.38376e-06 0.000205335 -0.00067504 0.00595865 -0.00143658 0.000964729 -0.00163478 0.000947076 -0.00116294 -0.000485221 -0.000275193 -0.0111402 0.000575953 -0.00025873 0.00398824 -0.00148238 -0.000647261 -0.000564297 0.00188906 0.000304417 -0.00260294 -0.000376567 0.00160681 0.00216336 -0.000553988 -0.00202535 -0.00261897 0.000290866 -0.0252515 0.00068085 0.000707512 -0.00218873 0.00108285 0.000853099 0.000223692 -0.001056 0.00152055 0.00075778 -0.00185032 -0.00430184 -0.00392822 -0.00515174 -0.00341363 0.000186045 -0.00172578 -0.0023352 -0.00192097 0.000974701 0.00543047 0.00250083 -0.000437997 0.000569859 -0.000225271 0.000404896 -0.0100019 
-0.0113178 -0.000897268 0.017202 -0.0125517 -0.0239131 -0.00870588 0.219812 0.0302213 0.00447304 0.00634001 0.0533805 -0.0333425 0.0317959 -0.00828186 0.0440356 -0.0543576 0.0120737 -0.0134644 -0.0108426 0.0154656 0.00694073 0.0349499 0.000921143 0.00046865 -0.0530023 -0.0154988 0.0556237 -0.0153737 -0.103098 -0.0701991 0.0280084 0.000969068 0.00774984 0.00261927 -0.00460051 -0.0117834 -0.00129253 -0.00213822 0.0411881 0.00203385 -0.0852392 -0.00248834 -0.00753518 -0.036738 -0.0624328 -2.02371e-05 0.00504694 -0.00228086 -0.0247132 0.0800439 -0.00160679 0.0142808 -0.0117544 0.0200789 0.0120097 -0.00106214 0.037503 0.00249904 -0.00680586 0.0171263 -0.0042854 -0.00253389 -0.0124367 -0.00574793 0.00125362 -0.00622194 0.00328274 -0.0015206 0.00478837 0.00122327 -0.0158469 -0.0104817 0.000267894 -0.0242043 0.00417987 0.00161613 0.00459091 0.00190152 -0.0588275 0.000927931 0.0323868 0.00695122 -0.000198158 -0.00234207 -0.0108186 -0.0144957 3.66892e-05 0.00723309 -0.000769013 0.00191754 0.00547301 -0.0151457 0.00977146 -0.0161308 -0.019557 0.000797682 -0.000245627 -0.00129462 0.00645197 0.0205297 
-0.0264749 -0.000764203 0.0155331 0.00754594 -0.0309168 -0.00514767 0.0302213 0.233983 -0.00336147 0.00102443 -0.0239134 -0.0432385 0.0182619 -0.000290859 -0.0127278 -0.0296711 -0.0151676 0.0158522 0.00471356 -0.00613254 -0.0118271 0.0314391 -0.00074522 0.0181284 0.00925707 -0.0246996 -0.0033574 0.00124249 0.00682812 -0.0135737 0.0038114 0.00134218 0.0153182 0.00115073 0.00180972 -0.0221834 0.00284972 -0.0069573 0.0224449 0.0383273 0.0309134 -0.00465934 0.000158901 -0.0111452 0.00972522 2.28785e-05 -0.00524792 0.00532955 -0.0261131 0.00960333 -0.00145106 -0.00711644 -0.0272966 0.00168142 -0.00149857 0.00227969 -0.0169102 -0.00395888 0.00148661 0.00891427 -0.0143827 -0.00322992 -0.00729515 -0.00248379 -0.00164313 -0.00040606 -0.00215592 0.00262075 0.00573233 0.00192214 -0.00702764 -0.0145082 0.0011058 0.0140191 -0.00190662 -0.00787181 0.00695005 -0.00645645 0.00579625 -0.000137715 -0.0106607 -0.00893768 -0.00405516 0.0104471 -0.00242243 -0.0576499 0.0291485 -0.0163963 -0.000966335 0.00212367 -0.0154595 -0.0186005 -0.000831283 -0.0340924 0.00924947 0.00100804 -0.00125417 -0.00142498 -0.000521422 -0.0119974 
-0.000144775 0.000283302 -0.00185334 -0.000826911 -0.00121915 0.00267788 0.00447304 -0.00336147 0.028606 0.00114297 0.00125694 0.00118783 -0.00245155 -0.000880969 0.0012404 -0.00251221 -0.00157336 -0.00884823 0.00793655 0.000857206 0.0060596 0.00256239 0.00152359 -0.00232258 -0.00569225 -0.0025624 0.00506831 -0.00421077 -0.00786176 -0.00703713 -0.00118185 0.00141468 0.000907112 -0.000583361 -0.00128494 -0.00036344 0.000669653 -0.000297238 -0.00209727 -0.00212065 -0.00966102 -0.00015862 -0.000549754 -0.00400725 -0.00195566 1.36546e-05 -0.000225347 -4.46952e-05 -0.0013117 0.00253317 -0.000153846 -0.000361903 -0.00225599 0.000526684 0.00391734 -0.000126839 -0.00270824 9.9621e-05 -0.000709336 0.000307586 -9.32428e-05 7.46635e-05 0.00315351 -0.000489743 0.000416071 -0.00193552 0.000266403 0.000432551 -0.00177345 0.000215905 -0.000172507 -0.000652946 0.000125168 -0.00691904 0.000337853 -0.000180607 -0.00045994 -0.000297569 -0.00379289 0.000189409 0.00848167 5.97493e-05 -0.00110516 -0.000921606 -0.00218073 0.00717552 -0.00220216 0.00233616 0.000206663 0.00101194 -0.000381318 -0.0011307 0.000297969 0.0023683 -0.00070945 -0.000355921 -0.00012049 3.16663e-05 0.00161902 0.00732707 
-0.00223193 2.68693e-05 0.00433597 -0.00158041 0.00144144 -0.00119322 0.00634001 0.00102443 0.00114297 0.026507 0.0014098 -0.00385041 0.00300069 0.00210356 0.00246352 -0.00388286 0.00831261 -0.0107458 0.00253406 -0.00136247 -0.00038223 -0.00641211 -0.000578655 -0.00368815 -0.00539591 0.00165945 0.00577754 -0.00877969 -0.0110406 -0.0039964 0.00332732 0.000827424 0.00156543 0.00280551 -0.00112321 -0.00123885 0.000705628 -0.000338295 0.000104842 0.000287534 -0.0113655 0.000740077 -0.000172352 -0.00231623 -0.00664577 1.41189e-05 0.00188954 -0.000197094 -0.00139538 0.00207675 8.37738e-05 0.000630088 0.000550771 0.000492493 0.00246284 -4.95006e-05 -0.00514429 0.00163371 0.000538557 -0.000321695 0.00149523 9.69644e-05 0.00234103 0.000138172 0.000878192 -0.00144379 0.000218198 0.00037064 -0.000553562 0.000330262 -0.0011967 4.6855e-05 -1.36506e-05 -0.00638088 0.000254982 -0.000579215 -0.00110164 -9.61066e-05 -0.00408555 0.000155353 0.002501 0.00084816 -0.00103293 -0.000955062 -0.000889099 0.00116122 0.000716754 0.00457492 0.000273262 0.00277779 0.000946922 -0.00145242 0.000771496 0.00320926 -0.00295296 0.000487553 0.000161251 0.000222863 0.000947607 0.0034204 
-0.00762346 0.000785353 -0.00270217 -0.00607538 0.00974151 -0.00314784 0.0533805 -0.0239134 0.00125694 0.0014098 0.14051 0.0104844 0.0199378 -0.000153048 0.0299723 -0.0248235 0.0140801 -0.0282238 0.00248526 0.01479 0.000248549 -0.0273841 -0.00150627 -0.0158773 -0.0445149 -0.0121214 0.0284821 -0.028623 -0.0691327 -0.0307638 0.0401576 -0.00657062 -0.00336325 -0.00879947 -0.00367983 0.00310749 5.0704e-05 0.00208383 -0.0277475 0.00453045 -0.0577433 -0.000212805 -0.0035969 -0.0162687 -0.027212 -1.64006e-05 0.00550981 -0.000564039 -0.0145043 0.0428942 -0.000893894 0.00949147 0.00284538 0.0116535 0.00341924 -0.000871975 -0.00633448 0.000662655 -0.00406007 -0.00606893 -6.91757e-05 -0.00049764 -0.006215 -0.00388529 0.00215748 -0.000727285 0.00395758 -0.000687805 0.0168848 -0.00120167 -0.00836396 0.00494758 0.00164425 -0.046635 0.000428552 0.00503572 0.00236102 -0.0037741 -0.0228555 0.000475571 0.0157163 0.0112547 0.00458015 -0.000878346 -0.00519332 0.030656 -0.0054063 0.0224913 -0.000312182 -0.00138714 0.0182912 -0.00640271 0.00463993 0.004094 -0.0125091 0.00362213 0.00111574 -0.000318684 0.00584606 0.0282441 
0.0142548 -0.000429181 -0.0292901 -0.00676554 0.0231747 0.00941541 -0.0333425 -0.0432385 0.00118783 -0.00385041 0.0104844 0.248539 -0.0429303 -0.00695806 0.0119809 0.0346374 -0.0230873 0.00477711 0.0365373 -0.00545457 0.0107832 -0.0137748 -0.00266529 0.0029459 -0.0419671 -0.0142514 -0.0430577 0.0102651 0.0208985 -0.00671924 -0.0213363 0.0148783 -0.0161178 -0.0125333 -0.00329073 0.00886365 0.00475763 0.00228499 -0.0571733 -0.0349098 0.012152 0.00365688 0.000133829 0.0251747 0.0295772 3.43612e-05 -0.00869986 -0.0063016 0.00720999 0.00355399 0.00298999 -0.0185707 -0.00997998 -0.00489108 -0.0056729 -0.00304647 -0.0536405 -0.00147446 -0.00255784 0.00456279 0.00300793 0.00251122 0.0116884 -0.00734738 -0.00111634 -0.0146618 -0.000622221 -0.00225621 -0.0202538 -0.00278237 -0.000648339 0.00967364 -0.000994676 -0.0201036 -0.00568501 0.00531122 0.00722153 0.00774131 0.00682911 -0.00153734 -0.00581184 -0.00494952 -0.00166984 -0.0112652 -0.0115946 0.0454142 -0.0300874 0.0133312 0.000574367 -0.00182947 -0.00491418 -0.00303866 -0.000699395 0.0165938 -0.0106315 -0.00568328 -0.00238067 8.47841e-05 0.00220968 0.0586389 
-0.0059102 0.000852118 -0.000172414 0.000829554 -0.00271198 -0.00303693 0.0317959 0.0182619 -0.00245155 0.00300069 0.0199378 -0.0429303 0.116395 0.00945264 -0.00515493 -0.0262286 0.0180357 -0.0258383 -0.00711092 0.022008 -0.0227297 -0.02586 5.30158e-05 -0.0152325 0.0182159 -0.00256122 0.0391761 -0.0268885 -0.0532014 -0.0126786 0.0611559 -0.0169659 0.0168575 0.00166467 0.00522262 -0.00218387 -0.00221728 0.00400127 0.0256401 0.0229925 -0.0293812 -0.00169825 -0.00119822 -0.0180063 -0.0158278 -5.37682e-06 -0.00144005 0.000928799 -0.014965 0.00566361 -0.00116789 0.00880182 -0.00183036 -0.000989795 0.00150273 -0.00010786 0.00644387 0.00336831 -0.00180017 0.00354338 -0.00446611 -0.00165983 -0.0045985 -0.000479523 0.00135344 0.0035534 0.00107377 -0.000397951 0.0237531 -0.000620997 -0.00621939 -0.00469997 -0.000734236 -0.0292489 0.00159047 0.00118373 -0.00459848 -0.00370384 -0.0079623 0.00108912 0.00112663 -0.00259558 -0.00233941 0.00188418 -0.00437083 -0.0132303 0.0102572 0.00264919 -2.91746e-05 -0.00336994 0.00665799 -0.00602061 -0.00225739 -0.0112584 -0.00764862 0.00700892 0.00042069 -0.000362536 -0.000964819 -0.0150822 
-0.00210715 0.000841548 0.000255529 0.000180051 -0.00281686 0.000685148 -0.00828186 -0.000290859 -0.000880969 0.00210356 -0.000153048 -0.00695806 0.00945264 0.0355818 -0.00910463 -0.00165881 0.00260815 -0.0100119 -0.00109285 0.00198629 -0.0071738 -0.0141752 -0.000972422 -0.00438205 0.00948016 0.00180681 0.00205392 -0.00734369 -0.0108295 0.00628197 0.0136107 0.000926806 0.00136966 0.00218547 0.00124987 0.000400688 0.000404692 0.00159363 -0.00362793 0.00383935 0.0013891 -0.000576942 0.00102219 0.00206701 0.00513588 -9.3384e-06 0.000242816 0.000629125 -0.00390696 -0.00639361 -0.000161782 0.00070984 -0.000411455 -0.0013999 -0.000795784 -5.52872e-05 -0.00442742 0.00304543 0.00119029 -0.00163345 0.00141861 -0.000328412 -0.00128241 0.00127263 0.00112337 -0.00123525 -0.000230055 0.000256967 0.00832173 -0.000214481 0.00213189 -0.00106318 -0.000228787 -0.0115429 0.000189085 -0.000194147 -0.00157106 -0.000286526 0.00733112 5.09052e-05 -0.0024899 0.00292045 -0.00113434 -0.000622209 -0.000453619 -0.00425402 0.00451241 -0.000339095 0.000680045 -0.00115526 0.00255207 0.000687835 -0.000726223 -0.00196161 -0.000620619 0.00231354 0.00167774 7.30779e-05 -0.000224384 -0.00805156 
0.000938308 0.000740807 0.0164069 0.00234506 0.014818 -0.0024522 0.0440356 -0.0127278 0.0012404 0.00246352 0.0299723 0.0119809 -0.00515493 -0.00910463 0.240031 0.0160895 0.014437 -0.0238696 0.0156479 0.0319274 0.0741588 -0.0105644 -0.0116111 -0.000546653 -0.0745271 -0.0127682 0.0114027 -0.0532917 -0.0553531 -0.0931809 0.0147005 -0.0215542 -0.00791529 0.00980575 -0.0211834 -0.00229362 0.00652452 0.00705112 -0.03111 -0.0194246 -0.042011 -0.00198725 -0.0105142 -0.0816218 -0.0547826 9.35697e-06 0.00613751 -0.00712464 0.0258512 0.0893041 0.0011613 0.00597786 -0.00808827 0.00537661 0.000808789 -0.000639586 -0.0635777 -0.00110182 -0.0121978 -0.0312715 -0.00322888 -0.00169082 0.0026693 -0.00924977 -0.00180627 -0.0237516 0.00220188 0.00199205 -0.00107397 -0.000444397 0.00091573 0.0204613 -0.00195189 -0.00288475 0.0016137 0.00906415 -0.0025243 0.00405062 -0.0383641 -0.00109111 0.0111871 0.0179963 0.000620918 -0.00593206 0.00936387 0.085159 -0.00892323 0.0200275 -0.000407177 0.00615065 0.00995378 0.00221447 -0.000586724 -0.00101163 -0.0442672 -0.00172329 0.00290861 0.000625904 0.00286401 0.0210794 
0.0158865 -0.000492942 -0.00345997 -0.00221815 0.0160453 -0.00595295 -0.0543576 -0.0296711 -0.00251221 -0.00388286 -0.0248235 0.0346374 -0.0262286 -0.00165881 0.0160895 0.154343 -0.0147049 0.0118246 0.00736635 -0.0200177 0.0101839 -0.0178761 -0.0125931 -0.00209697 0.0104668 0.00545755 -0.044004 -0.00126771 0.0476724 0.0306062 -0.0167396 -0.011357 -0.0154001 0.0150255 0.00242891 -0.0234609 -0.00114827 -0.00310167 -0.0107557 -0.0243563 0.0453848 0.000657842 -0.00139693 -0.00271758 0.00498684 6.6013e-06 -0.00598685 -0.00029251 0.0158995 -0.0212992 0.000180979 -0.00962602 0.0159547 -0.0145548 -0.00773107 -5.15383e-05 -0.011976 -0.00294523 -0.00152882 -0.0257888 -0.00132644 0.00113938 0.00980315 -0.000573454 -0.00235772 -0.0140563 -0.00274298 -0.00033277 -0.0109246 -0.00391984 0.00569398 0.00536126 -0.00143515 0.0340688 -0.00241184 0.00188768 -0.00671989 -0.0025958 0.010917 -0.00234328 -0.0232881 -0.00554111 -0.0113711 -0.0128621 0.00652192 0.0241708 -0.00681012 0.00346679 -0.000370638 -0.0031223 -0.00128948 0.00680056 -0.00932344 0.0216064 0.00407411 -0.00687385 -0.000381711 0.00062098 -0.00822693 0.0239968 
-0.0126289 0.000406905 0.00465999 -0.00601351 0.0142197 -0.00237675 0.0120737 -0.0151676 -0.00157336 0.00831261 0.0140801 -0.0230873 0.0180357 0.00260815 0.014437 -0.0147049 0.143136 -0.0280745 -0.00470826 0.00417563 0.00678437 -0.0174095 0.00981585 -0.00718019 -0.0231809 0.00840108 0.0290304 -0.0482162 -0.0317397 -0.0158376 0.0237808 -0.0114815 0.00211649 -0.00268347 -0.0059301 0.027198 0.000381913 -0.00337772 0.00177214 -0.00941365 -0.0332767 5.38025e-05 -0.00220893 -0.00866144 -0.0202702 -1.65735e-05 0.00837897 0.00190373 0.00355198 -0.00404063 -0.00080985 0.00377063 0.00620727 0.000653995 0.00972451 0.00121858 -0.0294239 0.00173773 -0.00242267 0.00926749 0.000344805 -0.000721881 0.00786732 -0.00163198 0.0019321 -0.00798397 0.000801309 0.00139492 0.00760483 -0.00135156 -0.00705536 0.00159655 -0.00133473 -0.00680202 0.00222527 -0.0021141 -0.00436186 -0.00356002 -0.014907 -0.000261114 0.0059907 0.00177341 -0.00123721 -0.000262851 -0.00391031 0.00213326 -0.0065466 -0.00168428 0.000363217 0.00442365 0.00623803 0.00374458 -0.000799362 0.027732 -0.0136825 0.00474557 0.000971429 0.000822427 0.000311665 -0.00878726 
-0.00398613 -0.00180205 0.00144262 0.00704913 -0.00787814 0.000153172 -0.0134644 0.0158522 -0.00884823 -0.0107458 -0.0282238 0.00477711 -0.0258383 -0.0100119 -0.0238696 0.0118246 -0.0280745 0.118047 -0.0282914 -0.0132999 -0.0217519 0.0413425 -0.000855288 0.00579246 0.026227 0.00592531 -0.024243 0.0440883 0.0475647 0.0263369 -0.0430092 0.00890886 -0.00830338 -0.00516173 0.00684807 0.00221472 -0.00693034 -0.00865096 0.0139548 0.0105343 0.0399436 -0.000474986 0.00224623 0.0189843 0.018563 -5.67281e-05 -0.00406697 -0.00240488 0.01046 -0.0019018 -5.08562e-05 -0.00437647 -0.00070035 -0.00474094 -0.010813 9.47095e-05 0.0282441 -0.00557124 0.00260156 -0.00243872 1.8581e-05 -0.000646036 -0.0125814 0.00122107 -0.00456156 0.00805532 -0.00317837 -0.0034214 -0.0139909 0.000568056 0.00132593 -0.0194324 0.00106039 0.0291189 -0.00356033 -0.00715253 -7.44044e-05 0.000209652 0.0180773 -0.000428984 -0.0231169 -0.00562297 0.00379508 0.00258387 0.00141758 -0.0396194 0.00843429 -0.0219613 -0.00085452 -0.00187572 -0.0130357 -0.00170578 -0.00196748 -0.0084462 0.0048192 -0.00441181 -0.000955733 -0.00229309 -0.0068653 -0.0381293 
0.00135826 0.000368757 -0.00653956 0.00549534 0.000854861 0.00488168 -0.0108426 0.00471356 0.00793655 0.00253406 0.00248526 0.0365373 -0.00711092 -0.00109285 0.0156479 0.00736635 -0.00470826 -0.0282914 0.121752 0.0113268 0.0161568 -0.0182476 -0.00340934 0.00327782 -0.0305494 -0.0115051 -0.0121123 -0.0220292 -0.00545687 -0.0298225 -0.00197262 0.0108325 -0.00215902 -0.00774029 -0.00631429 -0.00737398 0.00416946 0.010502 -0.0234817 -0.0155226 -0.0204341 0.00227211 -0.00181921 -0.0008649 0.0163299 2.906e-05 -0.00304837 -0.00144474 -0.000185419 0.0207187 -0.000380237 -0.00406303 -0.0118252 -0.000897802 -0.00377637 -0.000629414 -0.0297631 0.000119349 -0.0035618 0.00450375 -0.00483474 -0.0010686 0.0225864 -0.00183077 0.000228638 -0.00340727 -0.00025396 -5.5015e-05 -0.00612239 -0.000201587 0.00118521 0.0105576 -0.00128512 -0.0314774 -0.0013592 -0.0007583 0.00124911 -0.000132779 -0.00960659 -0.000707133 -0.00296903 -0.000742101 -0.00418895 -0.00429097 -0.00738928 0.0375822 -0.00952135 0.00371347 0.00062415 0.000201644 -0.00175409 -0.00633063 0.00101805 0.00270201 -0.000231253 -0.00150033 -0.000997535 0.00102764 0.00328995 0.0438567 
-0.0117167 0.00129976 -0.00711337 0.0216558 -0.0208008 0.00963349 0.0154656 -0.00613254 0.000857206 -0.00136247 0.01479 -0.00545457 0.022008 0.00198629 0.0319274 -0.0200177 0.00417563 -0.0132999 0.0113268 0.144247 0.0183043 -0.00319894 0.00374151 -0.0192942 -0.014651 -0.0124047 0.0297554 -0.0367883 -0.0599861 -0.0491302 0.0426198 -0.0176487 0.00525012 -0.00807365 -0.00560948 0.0106863 -0.002299 0.0146564 -0.00491672 0.0117392 -0.0325262 -0.00134499 -0.00359695 -0.0308225 0.00746857 -9.99831e-06 0.00488509 -0.000824405 0.0026302 0.044849 0.000108629 0.00326599 -0.0137951 0.000286169 -0.00249594 -0.000465579 -0.0207084 0.00307898 -0.00258417 -0.00191191 -0.00546323 -0.00081197 -0.00177634 -0.00126963 0.000183628 -0.00729502 0.00156005 -0.000528273 0.00897117 -0.00125091 -0.00778993 -0.00192192 0.00225108 -0.039057 0.00114021 0.00460285 0.00723165 0.00477998 -0.0115262 0.000455684 -0.000205294 0.000875773 -0.00587077 0.0102085 -0.00877252 0.0370785 -0.00584459 -0.00194323 0.000347548 0.00186031 0.00895512 -0.0029272 -0.00154134 -0.0213347 -0.00147574 0.00294693 -2.60008e-05 -0.000103468 -0.00244183 -0.0139858 
0.0129796 -0.000254871 0.00674376 0.00225367 -0.0130891 -0.00726382 0.00694073 -0.0118271 0.0060596 -0.00038223 0.000248549 0.0107832 -0.0227297 -0.0071738 0.0741588 0.0101839 0.00678437 -0.0217519 0.0161568 0.0183043 0.203251 -0.0191314 -0.00812048 0.00536407 -0.0580185 -0.0220991 0.00493719 -0.017384 -0.0225883 -0.0560865 -0.0145457 -0.0252032 -0.00508837 -0.000596457 -0.012292 0.00111117 0.00706508 -0.00233397 -0.00790007 -0.00972157 -0.025968 -0.0036471 -0.00516349 -0.048251 -0.0274029 1.22645e-05 0.0104559 -0.00157122 0.00465728 0.0628015 -0.00137213 -0.00602836 -0.0161711 0.00358779 0.00542949 -0.000597712 -0.0580111 -0.00211585 -0.00660387 -0.0146605 -0.0095421 0.00171749 0.00482339 -0.00415388 -0.00146849 -0.0177681 -0.000748592 -0.000450452 -0.0199273 3.28145e-05 0.00151106 0.0116184 -0.00347276 0.00340346 0.000787416 0.00290438 0.0125152 0.00255007 -0.00718397 -0.00150547 0.00463036 0.0174952 0.00115911 -0.0039834 0.0109812 0.0870619 -0.0208338 0.00540823 -0.000237547 0.014839 0.0094507 -1.86885e-05 -0.00268804 -0.00267129 -0.0192441 -0.00243025 -0.000955724 0.00157019 0.0048798 0.0228208 
0.000581801 -0.00171429 0.00411538 -0.00174483 -0.0472652 0.00905655 0.0349499 0.0314391 0.00256239 -0.00641211 -0.0273841 -0.0137748 -0.02586 -0.0141752 -0.0105644 -0.0178761 -0.0174095 0.0413425 -0.0182476 -0.00319894 -0.0191314 0.21433 0.00908305 -0.00633881 -0.0137499 -0.0133412 0.0181094 0.0442649 0.0289904 -0.0089772 -0.0386891 0.016457 0.00420464 -0.00750033 -0.00502546 0.00304472 -0.00679271 -0.0046144 0.0394729 -0.0178641 0.00745871 -0.00310098 -0.00565073 0.011663 0.00849903 -0.000149014 -0.00422023 -0.00278862 0.00657797 0.0123718 -0.00206577 -0.00685627 -0.0332819 -0.00614564 0.003676 -0.000421497 0.0325023 -0.000832549 -0.00116038 0.00894674 -0.00609452 0.000332157 -0.0193771 -0.00764568 -0.00189749 0.00873461 -0.00246209 -0.000277424 -0.00534257 0.00181116 -0.00655508 -0.0282753 0.00014444 0.0508483 0.00178625 -0.00576696 -0.0024911 -0.00205738 -0.0247475 0.000203899 -0.000988519 -0.00735722 0.0010081 -0.00235549 -0.00387356 -0.0425295 0.0176477 -0.0224793 -0.00182198 0.0012117 -0.0185505 -0.00685996 0.00212362 -0.015631 0.0100307 -0.00326637 -0.00207541 -0.00260905 -0.00299936 -0.0288701 
-0.00194292 -0.00013238 -0.00115082 0.00563411 -0.00164379 0.00402479 0.000921143 -0.00074522 0.00152359 -0.000578655 -0.00150627 -0.00266529 5.30158e-05 -0.000972422 -0.0116111 -0.0125931 0.00981585 -0.000855288 -0.00340934 0.00374151 -0.00812048 0.00908305 0.04667 -0.00243128 -0.00291457 -0.000668467 0.00297348 -0.0145506 -0.000281256 0.000479436 -0.000656546 -0.00293176 0.00241327 -0.00251064 -0.00116653 0.00247811 -8.13871e-05 -0.000803203 -0.00119938 0.00277365 -0.00429906 -0.000186461 -0.000704385 0.00514465 0.00992897 -1.5336e-05 -0.00122597 0.000225744 -0.00293318 -0.0102665 -0.000213719 0.00251918 -0.00198405 0.000733061 0.00166735 0.000578691 -0.00402106 0.000689737 0.00230606 -0.00120981 0.00204891 -0.000406981 0.00225906 -0.00107795 0.00103967 0.00655623 1.51103e-05 -0.000487808 -0.00190172 0.000121114 -0.00139494 -0.00150819 0.00131724 -0.00427352 0.00148593 -0.000801209 -0.000544274 -0.00015664 -0.00547891 0.000144333 0.0032593 -0.00265091 -0.00111324 0.00253322 -0.00246098 -0.0053942 -0.00198641 -0.00136514 2.27212e-05 -0.00129157 0.000205808 -0.00188376 0.00201397 0.00608804 -0.000314324 0.000145083 -0.000125604 0.000307517 0.00124964 -0.00539072 
-0.00972749 -0.00109525 -0.0156385 0.00584869 0.0122915 0.00273616 0.00046865 0.0181284 -0.00232258 -0.00368815 -0.0158773 0.0029459 -0.0152325 -0.00438205 -0.000546653 -0.00209697 -0.00718019 0.00579246 0.00327782 -0.0192942 0.00536407 -0.00633881 -0.00243128 0.197245 -0.00331596 0.00448112 -0.0321265 -0.0215806 0.0451585 0.0152834 -0.0374406 -0.0326382 7.95573e-06 0.0244926 -0.0124079 -0.0183023 0.00303269 -0.001241 0.00608911 -0.0216694 0.0620255 -0.00261076 -0.000473848 -0.0514349 0.0331477 -3.95005e-06 -0.00566241 -0.000787948 0.00835444 -0.0461941 0.000669527 -0.0115173 -0.000468043 0.0108571 0.000400346 0.000597999 -0.0287364 -0.00426378 -0.00230423 0.00174799 -0.00903523 -0.00113147 -0.0114026 -0.00397249 -0.000295109 -0.0195769 0.00113683 0.00166197 -0.00692807 -0.000453106 -0.0027154 0.00497423 -0.00227397 0.0358635 -0.0019757 0.00649189 0.00161233 -0.00515715 0.00574116 -0.00120038 0.0153491 -0.0123866 -0.00111356 0.00695308 0.00386749 -0.0192584 -0.0132163 0.00158477 -0.000968492 2.16828e-05 -0.00871575 0.00403663 -0.00436601 -0.0187312 -0.00279303 -0.00308039 -0.00100616 -0.000222751 -0.000848203 0.0341169 
0.00243611 -0.000769302 -0.0241345 0.000495147 0.00475364 -0.00831733 -0.0530023 0.00925707 -0.00569225 -0.00539591 -0.0445149 -0.0419671 0.0182159 0.00948016 -0.0745271 0.0104668 -0.0231809 0.026227 -0.0305494 -0.014651 -0.0580185 -0.0137499 -0.00291457 -0.00331596 0.232449 0.0224767 -0.0157517 0.0198626 0.0391405 0.0696607 0.0034142 0.00717293 -0.000789611 0.00251303 0.0192812 -0.00786693 -0.00345356 -0.00620243 0.0155748 0.0151061 0.0379538 -0.00289319 0.0088255 0.0371925 0.0506863 -7.86715e-05 -0.00832495 -0.00142203 -0.00372421 -0.0760625 -0.00217528 -0.00350937 0.0167589 -0.0115962 -0.00694515 -0.000401364 0.0420543 -0.00143456 0.00690984 -0.00510008 -0.00329083 -0.000658337 -0.0163945 0.0112717 -0.00129457 0.00252472 -0.00276701 -0.00380693 0.000415351 -0.000293241 0.00614053 -0.0110448 -0.00104616 -0.0002468 -0.000968916 -0.00547194 -0.0108651 -0.00822802 0.0672848 0.000441554 -0.0199104 -0.0111231 0.000101821 0.0117035 -0.00982529 -0.0629925 0.0278983 -0.017386 -0.000352995 -0.0118069 -0.00710626 0.00849871 -0.00632993 -0.0186127 -0.0128703 0.00333944 -0.00156941 -0.0011863 -0.00545722 -0.0526465 
-0.00544942 -0.000250793 -0.00588597 1.33783e-05 0.0163368 -0.00371265 -0.0154988 -0.0246996 -0.0025624 0.00165945 -0.0121214 -0.0142514 -0.00256122 0.00180681 -0.0127682 0.00545755 0.00840108 0.00592531 -0.0115051 -0.0124047 -0.0220991 -0.0133412 -0.000668467 0.00448112 0.0224767 0.0979628 -0.00832981 -0.00723303 0.0192808 0.0136273 -0.014158 0.00979 -0.00309677 0.0055666 -0.000229126 0.00136842 -0.00106368 -0.00307958 -0.00389524 -0.00927078 0.00175221 0.00292271 0.00378031 0.00649351 -0.00791587 -8.067e-06 -0.00312337 -0.00122287 0.0153053 -0.0255891 -9.73044e-05 0.000163328 0.018758 -0.00317423 -0.00126831 -4.5659e-05 0.0186153 0.000831309 0.00148639 -0.0072315 0.0090175 -0.00098075 -0.00219117 0.000430346 -0.000637245 -0.00250375 -0.000861779 -0.000634593 0.00120373 2.3815e-05 -0.00384189 -0.000938023 -0.000783551 0.0160906 -0.000515248 -0.00280865 -0.0033672 -0.000981585 -0.00778977 4.5211e-05 7.8406e-05 -0.00304991 0.00102221 -0.00165409 0.00140403 -0.0187501 -0.00230339 -0.001019 -0.000250885 -0.00202741 0.00158347 0.0190247 -0.00103097 0.00934278 -0.00794553 -1.95642e-05 0.000238582 0.000135481 -0.00152262 -0.0156818 
-0.00840482 0.000266776 -0.00309211 -0.00192877 -0.0219306 -0.00230823 0.0556237 -0.0033574 0.00506831 0.00577754 0.0284821 -0.0430577 0.0391761 0.00205392 0.0114027 -0.044004 0.0290304 -0.024243 -0.0121123 0.0297554 0.00493719 0.0181094 0.00297348 -0.0321265 -0.0157517 -0.00832981 0.162242 -0.0310427 -0.0839439 -0.0549011 0.053898 -0.0104732 0.0127126 -0.0131254 -0.00496949 0.00269957 -0.00197289 0.0012406 0.00764897 0.0125716 -0.0622996 -0.00330327 -0.00413394 -0.0335721 -0.0331226 -4.43953e-05 0.00835711 -0.000728838 -0.0109999 0.0286036 -0.00174138 0.0107049 -0.0132709 0.0068058 0.0147004 -0.000864474 0.00605313 0.00767795 -0.00296595 0.00227999 -0.00134785 0.00153516 -0.00445461 -0.00257359 0.00289196 0.0111866 -3.05629e-05 0.000201424 0.0188546 0.000852371 -0.00903476 -0.0109396 0.000863021 -0.0223227 0.00512231 0.0012606 0.000879174 0.0049874 -0.0276298 0.00152151 0.0199889 0.00370048 -0.00104039 0.00059287 -0.00205564 0.0118734 0.0207958 0.00684996 -0.000335738 -9.48182e-05 0.00890968 -0.00468504 0.00571557 -0.0147251 0.00382639 0.00492446 0.000129355 -0.000796008 0.00311675 -0.0212433 
0.023692 -0.00131256 0.00787553 -0.0160009 -0.0289481 -0.0108921 -0.0153737 0.00124249 -0.00421077 -0.00877969 -0.028623 0.0102651 -0.0268885 -0.00734369 -0.0532917 -0.00126771 -0.0482162 0.0440883 -0.0220292 -0.0367883 -0.017384 0.0442649 -0.0145506 -0.0215806 0.0198626 -0.00723303 -0.0310427 0.242371 0.0519474 0.0440325 -0.0550664 0.0330829 -0.00761401 -0.0158813 0.0159014 0.000890519 -0.00515952 -0.00960299 0.02297 -0.0110901 0.0467305 0.00196218 0.0061042 0.0515843 -0.00337848 -5.46988e-06 -0.00366555 7.88519e-05 -0.0168064 -0.0148435 -0.00122949 -0.00606109 -0.0162792 -0.00573852 -0.0094722 -0.00208711 0.0671586 -0.00410996 0.000892327 0.0176936 0.0014542 0.00125548 -0.0209647 0.00498491 -0.00228857 0.00693718 -0.00226203 -0.0049308 -0.0173452 0.00239364 0.00586003 -0.0222139 -0.00333629 0.0356587 -0.00349575 -0.00482916 -0.00557598 -0.00103956 0.0270011 0.000716395 -0.0250257 0.0071486 0.00552521 -0.00403519 0.002536 -0.0287442 -0.012364 -0.0148806 -0.000747124 0.00501257 -0.0120973 -0.0110566 -0.000458302 -0.0313321 0.0200609 -0.0022736 -0.00267325 -0.00173579 -0.000456528 -0.0552261 
0.0133462 -0.0019829 -0.00528178 -0.00292171 0.0110436 0.000102128 -0.103098 0.00682812 -0.00786176 -0.0110406 -0.0691327 0.0208985 -0.0532014 -0.0108295 -0.0553531 0.0476724 -0.0317397 0.0475647 -0.00545687 -0.0599861 -0.0225883 0.0289904 -0.000281256 0.0451585 0.0391405 0.0192808 -0.0839439 0.0519474 0.238579 0.0781041 -0.0868436 0.0100569 -0.009026 0.00362137 0.00378127 -0.0105897 -0.00399471 -0.0108096 -0.0124095 -0.0193472 0.10036 0.00505424 0.00449339 0.0304917 0.0547101 -2.97218e-05 -0.0120797 -0.00118485 0.0221935 -0.0970987 -0.000363455 -0.019437 0.00223469 -0.0106842 -0.0106309 0.000328331 -0.00504496 -0.00900403 0.00588966 0.00343597 -0.00721388 0.0014446 -0.00693986 0.00204588 -0.00349433 -0.00339897 -0.00304774 0.000654347 -0.0237369 -0.00133804 0.0127278 -0.0117016 -0.00248336 0.0862849 -0.00645882 -0.00699647 0.00212875 -0.00624637 0.0448919 -0.00128665 -0.0277543 -0.0142928 0.000411748 -0.00452636 0.0200467 -0.0407609 -0.00867939 -0.0227996 -0.000932565 -0.00405963 -0.0205152 0.00431078 -0.009661 0.00605625 0.0203185 -0.00701436 -0.00226073 -0.00126245 -0.00922052 0.00473048 
-0.00444924 -0.000458425 -0.0161916 -0.00960519 0.0298565 0.00256279 -0.0701991 -0.0135737 -0.00703713 -0.0039964 -0.0307638 -0.00671924 -0.0126786 0.00628197 -0.0931809 0.0306062 -0.0158376 0.0263369 -0.0298225 -0.0491302 -0.0560865 -0.0089772 0.000479436 0.0152834 0.0696607 0.0136273 -0.0549011 0.0440325 0.0781041 0.224187 -0.0398394 -0.00855518 -0.00378582 0.00970919 0.0117724 -0.00898003 -0.00633399 -0.00877375 -0.00580153 -0.0130772 0.0768567 0.00296225 0.00890078 0.0471575 0.0429772 -8.09111e-06 -0.00850651 0.00203471 -0.0145288 -0.102979 0.000276664 -0.00634992 0.0346622 -0.00995932 -0.00796716 0.000447103 0.0314577 -0.00428244 0.0105388 -0.00487942 0.00573981 -9.3387e-05 -0.00193544 0.00853283 -0.00169846 -0.00113062 -0.0024239 -0.00136058 -0.000551304 -0.00259619 0.0115791 -0.000608884 0.000411416 0.0250263 -0.00392109 -0.00571245 -0.00862267 -0.00997472 0.042398 0.000233092 -0.0219327 -0.00964962 0.00292932 -0.00462868 -0.00992621 -0.0577214 -0.00330699 -0.0146752 4.34425e-05 -0.00942333 -0.0104067 -0.00155582 -0.00545092 0.0131948 0.00920583 -0.0017079 -0.000973273 0.000426458 -0.00630418 -0.00398407 
-0.00269847 0.00151588 -0.00230901 -0.00720056 -0.0143119 -0.00254124 0.0280084 0.0038114 -0.00118185 0.00332732 0.0401576 -0.0213363 0.0611559 0.0136107 0.0147005 -0.0167396 0.0237808 -0.0430092 -0.00197262 0.0426198 -0.0145457 -0.0386891 -0.000656546 -0.0374406 0.0034142 -0.014158 0.053898 -0.0550664 -0.0868436 -0.0398394 0.175074 -0.0201805 0.00878054 -0.00957902 -0.00173491 4.73103e-05 -0.000355887 0.00569273 0.0111309 0.0267991 -0.0377702 -0.0039203 -0.00404562 -0.0114877 -0.0125037 -2.22093e-05 0.00864796 0.000671455 -0.0200734 0.0262248 -0.00130707 0.0109385 -0.0111118 0.00157454 0.00548181 -0.000378304 -0.0119352 0.00493002 -0.00330606 -0.00103938 -0.00313128 -0.00178858 -0.00928626 -0.0016222 0.00323701 0.00317944 0.00184579 -0.000921785 0.0317271 -0.00148267 -0.00545453 -0.00435281 -0.00146281 -0.0439406 0.00523058 0.00250104 -0.00236493 -0.00341433 0.00235624 0.00118184 0.00898542 0.00442433 -0.0064321 -0.00136183 -0.0108074 0.0160169 0.0111321 0.00828811 2.28955e-05 -0.00609994 0.0162545 -0.00753329 -0.00191739 -0.0203712 -0.000692898 0.00645064 0.00114705 -0.000569546 0.000498454 -0.0141734 
-0.00134252 0.000287052 0.000152544 -0.00290801 -0.0108893 -0.00299249 0.000969068 0.00134218 0.00141468 0.000827424 -0.00657062 0.0148783 -0.0169659 0.000926806 -0.0215542 -0.011357 -0.0114815 0.00890886 0.0108325 -0.0176487 -0.0252032 0.016457 -0.00293176 -0.0326382 0.00717293 0.00979 -0.0104732 0.0330829 0.0100569 -0.00855518 -0.0201805 0.139384 -0.00566933 -0.0105254 0.00343627 0.00513794 0.00236042 0.000207861 -0.00868726 -0.0125936 -0.046505 0.00562639 -0.00206153 0.0486725 -0.003715 -3.90353e-05 0.000275522 -0.00223383 -0.00485423 0.0147637 0.00060811 -0.00886624 0.00103394 -0.00462092 -0.00194201 -0.000789007 0.0367538 0.000614207 0.00196046 0.0184595 0.00415813 -0.00148591 0.0031179 0.00623631 -0.000456202 0.00535122 -0.00125331 -0.00194169 -0.0103159 0.00347794 -0.00258405 -0.00497368 -0.00181995 -0.0152074 -0.00197304 -0.00149254 -0.00680475 0.00358311 -0.0128195 0.000130947 -0.00899452 -0.00176455 -0.00154064 -3.07984e-05 -0.00269489 -0.0191548 -0.00234138 -0.000930627 0.000448391 -0.00183679 -0.00255121 0.0030773 0.00307423 0.00507299 -0.00421891 -0.00182893 0.000388476 -0.000476957 0.00597443 -0.0121971 
-0.00171322 5.50885e-05 -0.00158188 -0.00128745 -0.00587264 0.000757112 0.00774984 0.0153182 0.000907112 0.00156543 -0.00336325 -0.0161178 0.0168575 0.00136966 -0.00791529 -0.0154001 0.00211649 -0.00830338 -0.00215902 0.00525012 -0.00508837 0.00420464 0.00241327 7.95573e-06 -0.000789611 -0.00309677 0.0127126 -0.00761401 -0.009026 -0.00378582 0.00878054 -0.00566933 0.0394726 0.00108088 8.59529e-05 -0.00324526 -0.000785231 -0.000461512 0.0137318 0.00852892 -0.002993 -0.000658587 -0.000832208 -0.00913781 -0.00577557 -8.65522e-06 -0.00057205 0.00147495 -0.00423035 -0.00842586 -0.000357042 -0.00169919 -0.00345723 0.000211431 0.00246643 0.000172404 -0.00340559 0.000668858 -0.000428786 0.00323773 -0.00146416 -0.000289975 -0.00265816 -0.000923822 -6.94693e-05 0.00252983 -0.000341792 0.00119048 0.00653101 -0.000207702 -0.00199452 -0.0019615 0.00138127 0.00298426 0.000552955 -0.000915032 0.00103154 0.000591616 -0.00330446 0.000705755 0.00361398 -0.00117552 -0.000408983 0.000492318 2.06098e-05 -0.00886287 0.00286462 -0.00150114 -5.09663e-05 -0.000850751 -0.000564631 -0.00130132 0.000573366 -0.00403577 0.0070842 0.00110103 -0.000305898 -0.000189979 -0.000623877 -0.00518615 
-0.00964829 0.000149496 -0.00239921 0.000223663 0.00805629 0.00852515 0.00261927 0.00115073 -0.000583361 0.00280551 -0.00879947 -0.0125333 0.00166467 0.00218547 0.00980575 0.0150255 -0.00268347 -0.00516173 -0.00774029 -0.00807365 -0.000596457 -0.00750033 -0.00251064 0.0244926 0.00251303 0.0055666 -0.0131254 -0.0158813 0.00362137 0.00970919 -0.00957902 -0.0105254 0.00108088 0.104053 -0.00415911 -0.00651296 -0.000370247 0.00382697 0.00430387 -0.0128904 0.00599152 -0.000573546 -0.000528744 -0.0207446 -0.0153853 5.96747e-05 -0.00307078 -0.00094716 0.00690281 -0.0132686 0.00243816 -0.005987 0.0260907 0.00063726 -0.000372088 0.000339433 -0.0119995 -0.000103212 -0.00048789 -0.00697314 -0.000390979 1.49762e-05 0.0037381 0.00533633 -0.00025041 -0.00598527 0.000646217 0.0022875 0.000121784 -0.000800895 -0.00195788 0.00865686 0.000188456 -0.00428464 -0.000783331 -5.95231e-05 -0.00269905 -0.000945984 -0.0113661 -0.000570663 0.00246388 -0.00306623 -0.000680932 -0.00257494 -0.00440966 -0.0187801 -0.0101557 -0.00192384 3.00408e-05 -0.000435272 -0.0046114 0.00335799 0.000128216 0.0202087 -0.00775816 -0.00119631 0.00147032 0.000208143 -0.00108804 0.00579432 
-0.00234172 -0.000166422 0.00415167 -0.00210732 -0.00582079 -0.00373167 -0.00460051 0.00180972 -0.00128494 -0.00112321 -0.00367983 -0.00329073 0.00522262 0.00124987 -0.0211834 0.00242891 -0.0059301 0.00684807 -0.00631429 -0.00560948 -0.012292 -0.00502546 -0.00116653 -0.0124079 0.0192812 -0.000229126 -0.00496949 0.0159014 0.00378127 0.0117724 -0.00173491 0.00343627 8.59529e-05 -0.00415911 0.0562276 -0.00366189 -0.000233193 -0.00195159 0.00265898 0.0083501 0.00773794 -0.000310162 0.00325548 0.0146462 -0.00708778 -1.67293e-05 1.53886e-05 -0.000415029 -0.00488105 -0.00646032 -0.000265548 -0.00139923 -0.000374375 -0.000822081 -0.00178729 -0.000210756 0.0206374 -3.54335e-05 0.00281508 -0.00182537 0.000287643 0.000328237 -0.00383197 0.00335127 -0.000295255 0.000704398 -0.00030198 -0.000720667 -0.0035214 0.000302501 -0.0018684 -0.00373324 0.00143316 0.0072058 -0.000341446 -0.00194357 -0.00248837 -0.00150995 0.00473479 0.000311421 -0.0049736 -0.00247266 -0.00171222 0.000169638 0.00716041 -0.0118464 -0.00450408 -0.00341603 0.000315993 -0.00187598 -0.00101235 -0.00180733 -0.000755776 -0.00640194 -0.00306362 0.000350062 -0.000121216 -0.000205368 -0.00079232 -0.0125451 
