0.0184503 0.0026171 0.00124145 -4.28593e-05 0.00494773 -0.000276004 0.00433416 -0.00102482 0.00104188 -8.38824e-05 0.00514533 -0.00117169 -0.000727516 2.26064e-05 0.00833098 -0.0135074 -0.00638031 -0.00783124 0.00811871 0.00797091 -0.00193868 0.00523439 -0.00893035 0.00084017 -0.0106738 -0.0028351 0.000233263 -0.00105751 -0.00415395 -0.000727672 -0.00426241 -0.0012739 -0.00609758 -0.000445064 -0.00197577 -0.000378636 0.0118629 -5.03961e-05 -0.00124206 2.15303e-05 -0.0135144 -7.24117e-05 -0.000841498 -0.00021473 0.00221294 -7.99535e-05 -0.00388135 -0.000176156 -0.000110647 -0.00018665 -5.42522e-05 -0.000425508 -3.32105e-05 0.00409964 -0.00817799 1.39027e-07 -0.00372347 0.00197413 -6.26386e-06 -1.78988e-05 -0.00033065 2.30232e-05 -0.000152065 0.00369799 -4.04766e-05 -5.56748e-05 -2.6106e-05 0.00178941 0.000679491 1.57406e-05 0.000103999 0.000121264 0.000331229 -0.000258643 -0.000773205 0.00637099 0.00275818 -0.000188632 4.64912e-06 1.20831e-05 -0.00789923 0.000159151 0.00111028 0.00358751 0.00079306 0.000328562 0.000706619 4.27165e-05 0.000293286 1.48761e-05 0.000817319 0.000189552 0.00310428 -0.000977143 0.000246956 0.00557087 -0.000686725 0.000393303 -0.000538246 -0.00143489 
0.0026171 0.0268058 0.00167808 1.2778e-05 0.0118856 -0.00036464 0.00247282 -0.00146886 0.00196026 1.67349e-05 -0.000505368 -0.00228542 -0.000262162 -0.000532134 0.0127853 -0.0169454 -0.0109628 -0.00776498 0.012067 0.0119545 -0.00722202 0.00669833 -0.0115971 0.00151622 -0.0110116 -0.00387529 0.000293328 -0.000527481 -0.00679883 -0.000915102 -0.00444543 0.0078656 -0.0117139 0.00412247 -0.00398874 -0.000408489 0.0131865 8.89792e-05 -0.00179895 3.5796e-05 -0.0197046 7.6214e-05 -0.00117983 -0.00034884 0.00118885 -0.000785594 -0.00545529 -0.000248413 -0.000134462 0.000135528 -0.000112783 -0.000348386 -5.56979e-05 0.00860641 -0.00808065 2.58953e-05 -0.00568232 0.00262403 -5.93958e-06 3.41294e-05 -0.000402967 -0.000144994 0.00106538 0.00106306 -6.77015e-05 -0.000123828 -2.49143e-05 0.00169604 0.00417072 0.000287733 4.27161e-05 7.68858e-05 -0.000513247 -0.000365197 0.00517563 0.0154332 0.000331496 0.000165667 -4.67724e-06 0.000257373 -0.0131442 0.000950379 0.000895088 0.000682032 0.000356351 0.000352135 0.00075123 0.00048403 1.63015e-05 4.07603e-05 0.000513123 -0.000392002 0.00179826 -0.000735098 0.000229172 0.00452421 -0.00111963 -0.00124763 -0.000846206 -0.00544332 
0.00124145 0.00167808 0.0757699 0.000288356 -0.00844014 -0.000343961 0.00545981 -0.00362624 0.00117739 -0.000552385 0.021556 -0.00994043 -0.0100235 -0.000698409 -0.0070414 -0.0227029 0.00112454 -0.0160777 0.0143247 -0.00171648 0.0147766 0.000645161 -0.0122436 -0.00350602 -0.000266107 -0.0083939 0.00101987 -0.00491035 -0.00922922 8.29765e-05 0.0107485 0.00154713 0.00414721 -0.00439367 0.00767422 -0.00209403 0.00510735 -1.98849e-05 0.000376483 -0.000223152 -0.0051268 -0.000234238 -0.00154701 -0.000425629 0.000174937 -0.00161945 -0.0164757 0.000836126 -0.000506609 -0.000291313 -8.83e-05 2.21034e-05 0.00253493 -0.0048681 -0.0144758 2.87486e-05 0.00301874 0.000953177 4.77692e-06 -7.11052e-05 -0.00142768 0.00186686 0.00374998 0.00151806 7.50907e-05 0.000144799 -3.22501e-05 -0.000616066 -0.00127928 0.00278439 0.000142624 4.08622e-05 -0.000271804 0.000685401 -0.0129165 0.00127002 0.00802027 -0.000341633 0.000181165 0.000254489 -0.0148255 0.000566349 0.00241719 -0.00189418 -0.000292013 -0.000132444 -0.000123167 0.00328962 0.000642284 -0.000345861 0.00215743 0.000595669 0.00339109 0.0100483 0.000176346 -0.0107415 0.00228323 0.00374576 -0.00080141 -0.00815178 
-4.28593e-05 1.2778e-05 0.000288356 0.0060319 -0.00032811 0.00028454 -0.000158804 0.000230676 -0.000136263 5.42102e-05 -5.54801e-05 0.00130997 -0.000768064 0.00024909 -0.00174965 0.000349374 0.00197114 -0.00103263 -0.00101852 -0.00226664 -0.00260309 -0.000165715 0.000397501 -0.000232748 1.41849e-05 -0.000441511 -8.87623e-07 -0.000140159 0.000670619 0.00106898 0.000997696 -0.000467496 -0.00181819 0.000564459 -0.000583589 -3.46271e-05 -0.000626275 -2.72904e-05 -0.000358998 2.01324e-06 1.39857e-06 0.00013023 0.00314355 0.000310481 8.13963e-06 -4.9007e-05 0.000380182 0.000146643 1.07826e-05 7.87988e-05 6.05122e-05 -4.68191e-05 0.000470942 -0.00016552 -0.00249888 -5.45898e-07 -0.00133861 -0.000231888 -2.20562e-06 2.1815e-05 -3.78729e-05 0.000200387 -4.73963e-05 -0.000134479 9.87608e-05 3.03406e-06 -5.83756e-06 7.12693e-05 -0.000114288 -0.000145932 1.90631e-05 -7.49876e-06 -0.000210998 -2.24294e-06 0.000635712 -0.000132924 6.77894e-06 0.000354676 -2.58722e-05 1.46025e-05 -0.00206006 6.59185e-08 0.000137955 0.000130743 1.60272e-05 6.37776e-06 -1.81603e-05 0.0002076 4.37314e-05 7.89022e-05 1.61024e-05 0.000143835 -0.000288171 0.000958705 2.55374e-06 0.000509264 0.000602504 -6.56439e-05 -0.000130154 -0.000701012 
0.00494773 0.0118856 -0.00844014 -0.00032811 0.119305 -0.000112705 -0.00189672 -0.00630522 0.00541323 0.00283493 0.00267691 0.00720167 0.0206645 -0.00316027 0.0559832 -0.0510938 -0.0470526 0.00441396 0.0239906 0.0459133 -0.039159 0.0165897 -0.0287559 7.67264e-06 -0.0298682 -0.0141479 0.000254368 0.024443 0.015826 0.000104732 -0.0319993 0.020344 -0.031886 0.0070542 -0.00839109 -0.00312662 0.0423643 -0.000334371 -0.0126394 0.000720972 -0.0839388 0.00115835 -0.00552439 -0.000677436 0.00119856 -0.00266 -0.0210391 -0.00138077 -0.000677467 -0.00109091 -0.000625925 -0.00279349 -0.00171564 0.0359671 -0.0565247 -2.1188e-05 -0.0307032 0.00560545 -0.00014753 0.000836688 -0.00203976 -0.00107696 0.0014175 -0.000323337 -0.000231515 -0.000527563 -4.68573e-05 0.0117297 0.00579997 -0.00133959 -4.53553e-05 0.000253686 -0.00304301 -0.000408692 0.0408539 0.0283092 -0.00548309 -0.000123595 -0.000525587 4.39505e-06 -0.06313 0.000289578 -0.0024205 0.0202963 0.00197023 0.00259694 0.0015082 0.00158286 -0.000453561 0.000399322 -0.00416967 -0.00105459 -0.0055734 -0.00489569 0.000600512 0.0650677 -0.00472286 -0.00914455 -0.00234935 -0.0190391 
-0.000276004 -0.00036464 -0.000343961 0.00028454 -0.000112705 0.0179184 8.50183e-05 0.000786341 -0.000474762 -5.69555e-05 -0.00227152 0.00349979 -9.83557e-05 -0.000457183 -0.00080705 0.000258787 -0.00106988 -0.00102149 -0.00548273 -0.00654376 -0.0060689 -0.000701021 0.00255849 -0.0077625 -0.00188185 0.000813444 1.73146e-05 0.00188509 -0.000663022 0.00390405 0.00416937 0.0032267 -0.0061979 0.00554584 -0.00276503 -0.000144062 0.000607974 -7.98601e-05 -0.000525866 9.32974e-05 3.13029e-05 0.000491389 0.00314152 9.58331e-05 -6.21855e-05 -0.000101477 -0.00266749 0.000317434 -5.4186e-06 4.19615e-05 8.73662e-05 -0.000426244 -0.000189233 -0.000495622 -0.00570933 4.72582e-07 -0.00164777 0.000141751 0.000100519 3.09919e-05 0.00247107 -0.000102206 0.000661693 -0.000115282 1.96378e-05 0.000104511 0.000143433 0.000740712 0.000428131 0.000761723 -1.52508e-05 0.000141014 -0.000226303 0.00054977 0.00255036 -0.000861963 -0.000302025 0.000579496 0.000218445 1.75164e-05 0.000879908 0.000159618 -5.01513e-05 0.00126066 -1.15804e-05 3.46461e-06 0.000361542 -0.000121129 -0.000282831 1.59601e-05 -1.24472e-05 -3.71674e-05 0.000917242 0.00172108 9.25764e-05 -0.000475276 -0.000669014 -0.000389759 -0.00050909 -0.00327734 
0.00433416 0.00247282 0.00545981 -0.000158804 -0.00189672 8.50183e-05 0.0307406 -0.00160713 0.00292006 0.000180213 0.000795937 -0.00510276 -0.00345938 -0.000344854 0.0103898 -0.0123576 -0.00901645 -0.0166531 0.00753497 0.0118011 0.00588342 0.00464378 -0.0148293 -0.00224572 -0.00965251 -0.00391787 0.000442075 -0.00158351 -0.0178379 -0.00129601 -0.00584367 -0.000679032 -0.00316084 0.000279132 -0.00482727 -0.000360768 0.0131526 -4.80325e-05 -0.000403772 4.7773e-05 -0.0102793 -0.000156814 -0.00109856 -0.000250116 0.00058867 -0.000909331 -0.00616431 -0.000117268 -0.000110845 -0.000249969 0.000179109 0.000559936 0.000404689 -0.000965511 -0.000142936 2.31628e-05 0.00318673 0.00122558 -9.93004e-06 -9.94899e-08 -0.000716951 0.000175453 -6.82475e-05 0.00586296 1.63884e-05 -2.20142e-05 -2.83219e-05 0.00053538 0.000240806 0.00089376 0.000390697 0.000297797 0.00282209 0.000174634 -0.00650087 0.00327889 0.00446236 8.82961e-05 0.000211408 0.000214599 0.000774837 0.000435351 0.00490343 0.00138903 0.000269175 4.43515e-05 0.00105319 0.00047868 -0.000420327 -9.09996e-05 0.000924199 -4.92436e-05 0.0131434 -0.00141499 0.000514792 -0.00315336 -0.000961983 0.00252089 0.000801081 -0.00308391 
-0.00102482 -0.00146886 -0.00362624 0.000230676 -0.00630522 0.000786341 -0.00160713 0.0533887 -0.00147012 -0.000265663 -0.00728209 0.00845275 0.000427981 -0.000271883 -0.0154034 0.00789218 0.0109528 0.00197749 -0.00445993 -0.0225152 -0.00149051 -0.00370597 0.0155028 -0.0122564 -0.000313869 0.000729992 -4.07211e-05 -0.00221432 -5.81477e-05 -0.00048365 0.00129618 -0.00350265 -0.00999482 -0.00426515 -0.00151572 0.001517 -0.00786692 -0.000226352 0.00489249 0.000293115 0.0102387 1.63228e-06 0.00442911 0.00256478 -0.000275308 -0.000318554 0.0152928 0.000240207 -9.59387e-05 0.000522656 -7.24758e-06 0.000296937 -0.000987417 -0.0024015 -0.00287673 -4.681e-06 -0.0123707 -0.00301467 -4.35307e-05 0.000139114 0.00272065 -0.00029136 -0.000364137 -0.000944464 -0.000102873 0.000618589 3.32137e-06 -0.000845654 0.00103305 0.000458488 -5.204e-05 -4.15071e-06 -0.00175573 -0.000687449 -0.00281789 -0.00337329 -0.00221312 0.00151909 8.85282e-06 -0.000118851 0.0120881 -0.000268358 -0.000396757 -0.00316433 -0.000137542 -0.000231614 -0.00024078 -0.000444485 -0.000997551 0.000521338 -0.00172646 0.00273205 -0.00407704 -0.00239883 -0.000144724 0.00215808 0.00512976 -0.00282089 0.00117687 -0.00558233 
0.00104188 0.00196026 0.00117739 -0.000136263 0.00541323 -0.000474762 0.00292006 -0.00147012 0.0321544 -0.000164709 0.00795068 -0.00285899 0.00423516 0.00204081 0.0110022 -0.0159362 -0.0109563 -0.00856579 0.00932532 0.00643418 0.00571667 0.00594438 -0.013852 0.00220186 -0.00959508 -0.0008531 2.18392e-05 -0.00116979 -0.0100874 -0.00121851 -0.00894568 -0.00282759 -0.00849912 0.00324146 -0.00385936 -0.000511586 0.01351 -4.36745e-05 0.00140315 0.000178979 -0.0162447 -4.04234e-05 -0.00052188 -0.000373048 0.000488274 0.000428399 -0.00723965 -0.000166234 -0.000159043 -0.000121906 0.000307714 0.000464128 2.71008e-06 0.00396736 0.00169436 3.13086e-05 -0.00805194 0.0029804 4.93569e-05 -6.23784e-06 -0.000665894 -0.000177281 0.00144891 0.00256756 -5.82066e-05 -0.00011009 -6.48448e-05 0.000630713 0.000605601 0.001283 0.000368323 -1.05955e-05 0.00201825 -0.000361263 -0.00562063 0.00668782 -0.00142403 -4.63141e-05 0.000280613 0.000257981 -0.00721224 0.000292099 -0.000341508 -0.000689308 5.84771e-05 0.000247882 5.52302e-05 0.000388658 0.0011717 -4.78142e-05 0.00100265 -9.83252e-06 0.00715343 -0.00128709 0.000276412 0.000829096 -0.000737664 0.00299662 -0.000465007 -0.0046283 
-8.38824e-05 1.67349e-05 -0.000552385 5.42102e-05 0.00283493 -5.69555e-05 0.000180213 -0.000265663 -0.000164709 0.00837141 -0.000630693 -0.000521112 -0.000259883 3.92732e-05 0.000381826 0.000161536 -0.00194922 -0.000331341 0.000318233 0.000601681 0.000261149 -0.00071073 0.000690326 -0.00146762 -0.00179377 -0.000419879 -1.38141e-05 0.00210961 0.00035151 -0.000164585 -0.00203707 0.000663123 -0.000275733 -0.000152831 8.01584e-05 -0.000152044 -0.000777839 3.90982e-05 -0.000268534 0.000742238 -0.00204111 0.000142031 -0.000212712 3.8067e-05 -1.41146e-05 -0.000119223 -0.00157335 -5.35142e-05 7.4734e-05 -1.92529e-05 1.68699e-05 0.000353151 0.000233523 0.00103919 -0.00255597 1.01503e-06 -0.00195516 -0.000379483 -6.25933e-06 7.12903e-05 -0.00014767 8.83331e-06 -7.87401e-05 -0.000120926 2.68275e-06 4.14144e-05 1.32702e-05 2.09617e-05 0.000393434 -0.000135139 2.45245e-05 9.28202e-05 -0.000262946 0.000296199 0.000482875 -9.94707e-05 -0.000495556 -0.000179187 -3.18568e-05 0.000181711 -0.00243783 6.72926e-05 0.000496926 0.000636711 -3.04234e-05 0.000350209 0.000112285 0.000139568 0.000132703 -2.37564e-06 -0.000276797 -0.000107396 -0.000621977 -8.14737e-05 3.80143e-05 0.00295837 -5.41761e-05 -0.000178871 0.000816391 0.000148921 
0.00514533 -0.000505368 0.021556 -5.54801e-05 0.00267691 -0.00227152 0.000795937 -0.00728209 0.00795068 -0.000630693 0.140962 -0.0151824 0.000868801 0.00710264 -0.0145414 -0.0173849 -0.00216297 -0.00440968 0.0317601 -0.00531468 0.0283217 0.0114535 -0.0591059 0.00153326 -0.0158554 -0.0137162 0.00010313 -0.00362739 -0.00285415 -0.00206002 -0.0253083 -0.0122791 0.0262758 -0.00831049 0.0176131 -0.00260576 0.00480237 -0.000408192 -0.0085892 -0.000394167 -0.00426337 -0.000378204 -0.00471193 -0.0016314 6.96257e-05 -0.000866524 -0.0268842 6.22908e-05 0.000251001 -0.00185059 -1.77893e-05 0.000717312 0.00158621 -0.00215879 -0.0227197 1.55429e-05 -0.00372997 0.000990871 -0.000171973 -0.000227791 -0.0019307 0.00102869 0.00153803 0.00832498 0.000660243 -3.87681e-05 -9.58141e-05 6.19556e-06 -0.00191055 0.00367856 -0.000117542 4.39615e-05 0.00028775 0.00175896 -0.0132588 0.00395435 0.00612693 -0.000852371 -0.000328569 0.000808661 -0.0585553 -0.000275894 -0.00010829 -0.00120784 -0.000149525 0.00138473 0.00045049 0.0026494 0.00335764 -0.000643172 -0.00285164 0.00525112 -0.00865834 0.00822956 0.000714314 0.00113805 0.00781497 0.00837508 0.00120144 0.00405241 
-0.00117169 -0.00228542 -0.00994043 0.00130997 0.00720167 0.00349979 -0.00510276 0.00845275 -0.00285899 -0.000521112 -0.0151824 0.160552 0.0606632 0.000368655 -0.0117692 -0.00209236 0.0289451 0.00944781 -0.022771 -0.0385663 -0.0429479 0.00793874 0.0191079 -0.00371425 -0.012432 0.018081 0.000318545 -0.00831921 0.039294 0.00414747 -0.0391813 -0.0112558 -0.0783166 0.000442394 -0.0142476 -0.00259656 0.0139926 -0.000674292 -0.0122973 0.000173925 -0.0136299 -0.000150621 0.00502048 0.00158548 -0.000531379 0.0040517 0.0203255 -0.00128375 0.00275726 0.0013989 0.000391341 -0.00019169 -0.00249845 0.023084 -0.0311706 -1.78823e-05 -0.0726381 0.000513337 -3.33572e-05 -0.0001901 0.0113526 0.000821183 9.49349e-05 -0.00396086 0.000444111 -0.000563369 0.000214712 0.0024479 0.000469296 -0.000348481 0.000130219 -9.29842e-06 -0.0034859 -0.00120144 0.0131367 -0.000172474 -0.000570001 0.00421864 0.000305464 -0.000416954 -0.0269815 -0.000442981 0.00101989 0.00751778 0.000819159 -0.000571936 -8.83751e-05 0.000620681 7.96993e-05 0.000613998 -0.00110851 0.00179063 0.000692104 -0.000978184 -0.000250043 0.0117454 -0.00684718 -0.00902192 0.00495967 0.0110388 
-0.000727516 -0.000262162 -0.0100235 -0.000768064 0.0206645 -9.83557e-05 -0.00345938 0.000427981 0.00423516 -0.000259883 0.000868801 0.0606632 0.147688 0.00360817 0.0202776 -0.0160535 0.000174 0.0101313 -0.00983371 -0.0121262 -0.024479 0.0159489 -0.0245374 0.00252641 -0.0307528 0.0090761 -0.000346135 -0.00948118 0.0111799 -0.00596571 -0.0566234 -0.0155748 -0.0734337 0.00678341 -0.00511474 -0.00188579 0.0211627 -0.000494934 -0.0113599 0.00116906 -0.0316243 0.000535804 -0.00511074 0.000734155 0.000332803 0.00358947 0.0138563 -0.00118829 0.00234764 -7.60374e-05 0.000455372 0.00690871 -0.00316237 0.0178786 -0.00324959 7.47699e-05 -0.0631079 0.0211052 0.000129716 -0.000362754 0.0142691 -0.000824896 0.00113589 -0.00259817 -0.000142626 -0.00046374 0.000202496 0.0062833 -0.0019572 -6.20475e-05 9.74474e-05 -0.000165171 0.00120828 -0.00205945 -0.00211909 0.0124966 -0.00446534 0.00241228 0.00134256 -9.39412e-05 -0.0220119 -0.00025899 -0.00339608 0.00526835 0.000884652 -0.000345948 -2.73581e-05 0.00156742 0.000220214 8.00953e-05 0.000564738 0.000533339 0.0100384 -0.00593491 -0.000261828 0.011669 -0.0063691 -0.00426156 0.00865307 -0.00409803 
2.26064e-05 -0.000532134 -0.000698409 0.00024909 -0.00316027 -0.000457183 -0.000344854 -0.000271883 0.00204081 3.92732e-05 0.00710264 0.000368655 0.00360817 0.031983 -0.00192598 0.000670904 -0.000759029 -0.0119277 -0.000659363 0.000219977 0.00303513 0.00195607 -0.00387846 -0.00115241 -0.00373211 -0.00347952 -0.00014008 -0.00194329 -0.00519925 -0.00114612 -0.00475187 -0.00301379 0.00021108 -0.00186208 0.00125511 -7.5736e-05 -0.00186523 -0.000173198 -0.00124771 0.000105641 0.000770374 -9.64554e-05 0.000760836 0.000952653 -0.000119347 -0.000373728 -0.00289645 0.000187103 0.000244141 -7.63446e-05 -1.81944e-06 0.0016337 -0.000665012 -0.00279489 0.00833401 0.000109545 -0.00207376 0.000477659 4.57825e-05 -5.53895e-05 -0.000138666 0.000661615 0.00017722 0.00146293 -1.06214e-05 0.000208169 -3.45021e-05 -0.000343062 -0.000548819 0.000331303 8.61275e-05 -2.45055e-05 0.00224551 -0.000201459 -0.0057051 -0.000923471 0.000298824 -0.00010984 0.000234526 0.000291862 -0.000845727 0.000172529 -0.000832731 -0.00122413 -0.00010717 -0.000139183 -0.000116612 -0.000223255 0.000462135 -8.32471e-05 -0.000154876 0.00236037 0.000732179 -0.00146531 -6.57591e-05 -0.00379578 -0.000720086 0.00261534 0.0016584 0.000981729 
0.00833098 0.0127853 -0.0070414 -0.00174965 0.0559832 -0.00080705 0.0103898 -0.0154034 0.0110022 0.000381826 -0.0145414 -0.0117692 0.0202776 -0.00192598 0.249865 -0.0687891 -0.0923136 -0.0175184 0.0315994 0.102881 -0.0657313 0.0139751 -0.0490982 0.0131841 -0.027735 -0.0327232 0.00181916 0.000222093 -0.0305398 -0.0126435 -0.0438296 0.0396494 -0.0364169 0.030328 -0.031648 -0.00916816 0.0702366 -0.00103717 -0.0150398 -0.0003705 -0.0950061 -5.87551e-05 -0.0167973 -0.00542813 0.00187723 -0.00837785 -0.0583148 -0.00391838 -0.00141102 0.000816074 -0.00190165 -0.00331262 -0.00696508 0.0256664 -0.0279514 4.27302e-05 -0.0209507 0.0228001 -5.2869e-05 0.000530042 0.00142195 -0.00301949 0.00573231 0.00555783 -0.00094962 -0.00159306 -0.0005184 0.00764623 0.00752805 -0.00131028 0.000114504 -7.55811e-05 0.0068622 -0.0062153 0.0584519 0.028248 -0.0102904 -0.00549375 0.000419391 -0.00123706 -0.0129426 0.00209894 -0.00471772 0.0148087 0.00111979 0.00170835 0.00170956 0.00193208 -0.00299845 -0.000242726 0.000585958 -0.00522967 0.0359212 -0.00764648 0.000170086 0.0442303 -0.0142161 -0.0104342 -0.0108446 -0.0126477 
-0.0135074 -0.0169454 -0.0227029 0.000349374 -0.0510938 0.000258787 -0.0123576 0.00789218 -0.0159362 0.000161536 -0.0173849 -0.00209236 -0.0160535 0.000670904 -0.0687891 0.166626 0.0588859 0.0300184 -0.0680341 -0.0613445 0.0343737 -0.0308155 0.0496474 -0.00721638 0.0388379 0.00805974 -0.0023644 -0.00136773 0.0246726 0.00296698 0.00492409 -0.0205954 0.0481989 -0.00927308 0.0161027 0.0029432 -0.0801352 -0.00010975 0.00711949 0.000224008 0.0983761 -0.000133631 0.00646296 0.0024478 -0.00319471 0.00208531 0.035937 0.00068237 0.00114401 -0.000903494 0.000331356 0.00244622 0.00262375 -0.0422529 0.0375003 -6.90844e-05 0.00444806 -0.0138434 -0.000224689 -0.000253726 0.00180162 -0.000933948 -0.00576362 -0.00914803 -0.00020017 0.000872131 0.000145266 -0.0115062 -0.00959583 -0.00130027 -0.000384916 -0.000198227 -0.00870325 0.00260986 -0.0301599 -0.0372871 -0.00264143 -0.000192639 -0.000891423 -0.000504258 0.0498293 -0.00235545 -0.000340597 -0.0143527 -0.00239833 -0.00342491 -0.00199012 -0.00519221 -0.00118448 -0.00111886 -0.0084473 -0.00112985 -0.0232322 0.00683489 -0.00060605 -0.0353677 0.00616063 -0.000594572 0.00485472 0.0296142 
-0.00638031 -0.0109628 0.00112454 0.00197114 -0.0470526 -0.00106988 -0.00901645 0.0109528 -0.0109563 -0.00194922 -0.00216297 0.0289451 0.000174 -0.000759029 -0.0923136 0.0588859 0.246844 0.0289706 -0.0864142 -0.106239 0.0224992 -0.0329369 0.0500051 -0.0179027 0.0204151 0.0111216 -0.00219517 -0.0146619 0.0597527 0.00392352 0.0286003 -0.0375919 0.0152395 -0.0247819 0.0096189 -0.00186835 -0.0590176 0.000342728 -0.0301529 0.000672174 0.0747904 8.5795e-05 0.0165466 0.00388016 -0.00200223 0.00669747 0.0757384 0.00437762 0.00233934 -0.0013975 0.000280953 0.00103959 0.00251944 -0.0161048 -0.030378 -5.22679e-05 -0.00763097 -0.0176124 -0.000286084 -0.000694996 0.00636583 0.000229774 -0.00466331 -0.00851872 0.00109147 -0.00030104 0.000543209 -0.00540501 -0.00632027 -0.00596798 -6.77173e-05 -0.000186573 -0.0126793 0.00273082 -0.0101831 -0.0213417 0.00970196 0.00746798 -0.000985219 0.0007839 0.00316168 -0.00161666 0.0077397 -0.00794289 -0.000940303 -0.00183351 -0.00116119 -0.000375022 -0.00209264 -0.000741758 -0.00824642 0.00121639 -0.0340606 0.0163221 -4.40427e-05 -0.0299975 0.00221446 0.00363502 0.010271 -0.023613 
-0.00783124 -0.00776498 -0.0160777 -0.00103263 0.00441396 -0.00102149 -0.0166531 0.00197749 -0.00856579 -0.000331341 -0.00440968 0.00944781 0.0101313 -0.0119277 -0.0175184 0.0300184 0.0289706 0.126152 -0.0323253 -0.0282839 -0.0102694 -0.0161874 0.0313696 0.00325444 0.0112054 0.0104701 -0.0011334 0.00402159 0.0530212 0.00231968 -0.0053573 0.00463893 0.000307011 -0.00768045 0.00703861 -0.00103855 -0.0301764 -0.000544812 -0.0170519 -0.000540889 0.0282348 0.00017668 -0.00487898 0.000517869 -0.00233336 0.0028551 0.0310208 -0.00164983 0.000323271 -0.00133225 -0.000842961 -0.00577188 -0.00106116 0.00259102 -0.0121693 -0.000111952 -0.00445452 -0.00963656 -0.000519238 3.4964e-05 0.00261479 -0.00106643 -0.0011561 -0.0105721 -0.000380003 -0.000219214 0.000129388 -0.00362963 0.000817459 -0.000432721 -0.000662786 -0.000450791 -0.0149052 -5.23556e-05 0.0208987 -0.011145 -0.0138292 -0.000713693 -0.00115633 -0.00110258 -0.00550131 -0.00229893 -0.00290164 -0.00372637 -0.000995726 -0.000419723 -0.000863063 -0.00155551 -0.00229848 -0.000115317 -0.00890939 -0.00153726 -0.0269838 -3.90852e-05 -0.000829684 0.0074713 -0.00260268 -0.0172254 -0.000853614 -0.00682701 
0.00811871 0.012067 0.0143247 -0.00101852 0.0239906 -0.00548273 0.00753497 -0.00445993 0.00932532 0.000318233 0.0317601 -0.022771 -0.00983371 -0.000659363 0.0315994 -0.0680341 -0.0864142 -0.0323253 0.243735 0.0683131 -0.00191508 0.0151603 -0.0566405 0.0130599 -0.0257607 -0.0364754 0.00264041 -0.00466309 -0.0385892 -0.00743861 -0.0231941 0.00760458 -0.0212235 -0.0132446 0.0281101 -0.00394038 0.0324267 -0.000366565 0.0289526 1.75332e-05 -0.0641338 -0.000398902 -0.00868198 -0.00340162 0.00177071 -0.00392925 -0.0371236 -0.00373966 -0.00277107 -0.00101701 -0.000291609 -0.00244815 -0.00283864 0.0217553 -0.00966963 -6.07448e-05 -0.00487445 0.00595358 -0.00035167 -0.000196335 -0.00756477 -0.000119695 0.00451356 0.00419632 -0.000722053 -0.000795462 -0.000594526 0.000890619 0.0047994 0.00351566 -8.44382e-05 -0.000454863 0.000787092 -0.0042762 -0.0116806 0.0190103 -0.000611583 -0.00466737 7.70533e-05 0.000293436 -0.0743233 0.000188281 -0.00184091 0.00185623 -0.000335619 0.00167658 0.000657344 0.00346626 0.00582802 -0.000191027 0.00714165 0.00167817 0.00427386 -0.018408 7.49311e-05 0.0327567 0.00434594 0.000761003 -0.00869986 0.0344222 
0.00797091 0.0119545 -0.00171648 -0.00226664 0.0459133 -0.00654376 0.0118011 -0.0225152 0.00643418 0.000601681 -0.00531468 -0.0385663 -0.0121262 0.000219977 0.102881 -0.0613445 -0.106239 -0.0282839 0.0683131 0.248883 -0.0503973 0.022034 -0.0605773 0.011434 -0.013937 -0.051094 0.00129257 0.00450958 -0.0575823 -0.0105234 -0.0367258 0.029607 0.0049266 0.00405971 0.00490703 -0.0081445 0.0476061 0.000598947 -0.0108241 -0.00132462 -0.0764869 -0.000686027 -0.01929 -0.0015807 0.00215415 -0.00543592 -0.0482897 -0.00415817 -0.00319553 -0.000753034 -0.00159119 -0.00891649 -0.000390952 0.0138194 0.0248956 7.49776e-06 0.0136001 0.0139376 -0.0004335 0.00026086 -0.00986411 0.000105952 0.00217341 0.0082706 -0.000992037 -0.0015164 -0.000143003 0.00398337 0.0044654 -0.00185955 1.73303e-05 -0.000130338 0.00791923 -0.0032338 0.0281795 0.0247671 -0.00663914 -0.00303875 -0.000362428 0.00042343 -0.0430201 0.00154759 -0.00384613 0.018269 0.00136641 0.00113498 0.00171471 0.00201628 0.00248758 -0.000852005 -0.00131863 -0.00411376 0.0214625 -0.0186207 3.45999e-05 0.0241658 -0.00792894 -0.00434966 -0.0103064 0.020263 
-0.00193868 -0.00722202 0.0147766 -0.00260309 -0.039159 -0.0060689 0.00588342 -0.00149051 0.00571667 0.000261149 0.0283217 -0.0429479 -0.024479 0.00303513 -0.0657313 0.0343737 0.0224992 -0.0102694 -0.00191508 -0.0503973 0.249463 -0.0151487 -0.0346105 -0.00850924 -0.00448407 -0.00304665 -0.00179431 -0.00161009 -0.0197716 -0.0120356 0.0131726 -0.032761 0.0655753 -0.020912 -0.00301802 0.00875536 -0.0324832 0.00107497 0.026459 0.00100605 0.0457754 -0.00115896 -0.00341834 -0.00322732 -0.00101112 0.00503541 -0.00164638 -0.000448384 0.000190657 -0.00482316 0.000260102 0.00782004 0.00404288 -0.0299069 0.0330916 5.90946e-05 0.0379756 -0.00578746 -0.000391741 -0.000290346 -0.00582492 0.000790611 -0.00102099 0.00390989 -0.000268126 0.00109975 0.000164771 -0.00843929 -0.00504003 -0.00671179 0.000266273 1.1994e-05 -0.000650158 0.00472191 -0.0727223 -0.0100348 0.00954637 -0.00645333 -0.000348323 0.000760289 0.0385594 -0.00122852 0.00428193 -0.0162229 -0.00323166 -0.000923337 -0.000794837 -0.00168592 -0.00194601 -0.000259481 0.00609988 0.000315254 -0.00458435 -0.00234102 0.000442069 -0.0326483 0.008457 0.0149746 0.0062157 -0.035345 
0.00523439 0.00669833 0.000645161 -0.000165715 0.0165897 -0.000701021 0.00464378 -0.00370597 0.00594438 -0.00071073 0.0114535 0.00793874 0.0159489 0.00195607 0.0139751 -0.0308155 -0.0329369 -0.0161874 0.0151603 0.022034 -0.0151487 0.0924781 -0.0399393 0.00265439 -0.0199976 -0.00224165 0.000479378 -0.00320011 -0.0202499 -0.00413927 -0.0301401 -0.00901182 -0.0162227 0.000352381 -0.0128755 0.00147518 0.0337369 -0.000379588 -0.00348765 -0.000320023 -0.0287401 -0.000392182 -0.00261998 -0.000844729 0.00146656 0.00240159 -0.0206469 -0.000481523 0.000416777 0.000122526 0.000414187 -0.000135346 -0.00145585 0.0101026 0.00166757 3.3792e-05 -0.0108872 0.0105801 0.000130874 0.000110646 -0.000400707 -0.00019762 0.000125608 0.00556827 7.80129e-05 0.000590385 1.12159e-05 0.00566953 -0.00125922 0.0020554 -2.17768e-05 0.000418936 0.00557879 -0.000829142 0.000448978 0.0127768 0.00132524 -0.000698704 0.000197719 0.000138765 -0.0107127 5.88569e-05 -0.00130302 0.0070893 0.00211735 0.000250144 0.000432932 -0.000813223 0.000775797 0.000461859 0.000299694 0.000124492 0.0122742 -0.0050953 -6.3703e-05 0.00686792 -0.000573363 -0.00104725 -0.00227963 0.00149402 
-0.00893035 -0.0115971 -0.0122436 0.000397501 -0.0287559 0.00255849 -0.0148293 0.0155028 -0.013852 0.000690326 -0.0591059 0.0191079 -0.0245374 -0.00387846 -0.0490982 0.0496474 0.0500051 0.0313696 -0.0566405 -0.0605773 -0.0346105 -0.0399393 0.236148 -0.00243591 0.0334173 0.026817 0.000515809 0.00422114 0.0581556 0.00878464 0.0420107 0.00285823 -0.011928 -0.0150997 -0.00258119 -0.00530595 -0.0509977 -0.000529513 -0.000307263 -0.000479889 0.0504776 0.000277633 0.00241641 0.00225566 -0.00262903 -0.0115325 0.0418413 -0.000314779 -0.000982292 0.0021512 0.000481777 -0.000457358 0.00266331 -0.00682573 -0.00474839 -0.000198172 -0.00869627 -0.0280327 -6.00215e-05 -0.000916148 -0.00043106 -0.000838233 -0.00216091 -0.0124521 -0.000327361 0.000195376 -0.00013525 -0.0070464 0.000936098 -0.00273778 -0.000258482 -0.000606265 -0.0133939 -0.005036 0.00204152 -0.0215015 -0.0115983 0.00183635 -0.00115547 -0.00105127 0.0503626 -0.00153795 -0.00469406 -0.0146595 -0.00118244 -0.00216448 -0.00258514 -0.00494703 -0.00421883 -0.000575246 -0.0160958 -0.000140955 -0.0318126 0.00119825 -0.00134816 0.00566544 -0.00548614 -0.0254457 0.00376393 0.0205066 
0.00084017 0.00151622 -0.00350602 -0.000232748 7.67264e-06 -0.0077625 -0.00224572 -0.0122564 0.00220186 -0.00146762 0.00153326 -0.00371425 0.00252641 -0.00115241 0.0131841 -0.00721638 -0.0179027 0.00325444 0.0130599 0.011434 -0.00850924 0.00265439 -0.00243591 0.113479 0.00607931 0.013914 -4.26063e-06 -0.012589 0.0136561 -0.00849602 -0.00664774 -0.010395 -0.00863165 -0.00393614 0.00513366 -0.00742099 0.00914762 -0.00141198 -0.00525103 -0.00092751 -0.00609384 -0.000522809 -0.002055 -0.00335621 7.91021e-05 -0.00219624 -0.00220779 -0.00241971 -0.00075573 0.000107976 -0.000212547 -0.00130196 -0.00113079 0.00346797 0.0135233 -8.7135e-05 -0.00191741 -0.00174228 6.91166e-05 -0.000286507 -0.00711043 -0.00129541 -0.00166119 0.000634452 -0.00103003 -0.00221552 -0.000739946 0.00045209 -0.00394733 0.0019433 -7.95364e-05 -0.000927306 0.000819074 -0.0103899 -0.0131651 0.00283776 -0.00386608 -0.00367526 -0.00120679 -0.00135921 0.0029292 -0.000834371 -0.0073292 -0.00679532 0.000435854 -0.00119058 -0.0020426 -0.00195416 0.00178355 1.95964e-05 -0.0002104 -0.00496825 0.00517331 -0.0096475 -0.00105402 -0.000524661 -0.00107272 -0.00318445 -0.00447633 0.0104553 
-0.0106738 -0.0110116 -0.000266107 1.41849e-05 -0.0298682 -0.00188185 -0.00965251 -0.000313869 -0.00959508 -0.00179377 -0.0158554 -0.012432 -0.0307528 -0.00373211 -0.027735 0.0388379 0.0204151 0.0112054 -0.0257607 -0.013937 -0.00448407 -0.0199976 0.0334173 0.00607931 0.106755 0.00519811 -0.000696012 -0.00109165 0.00714901 0.00320711 0.0296953 0.00623988 0.0408031 -0.0049212 0.00672145 -0.00270975 -0.0425292 -0.000259056 -0.00263517 -0.00197143 0.0463036 -0.000622861 0.00365106 0.000315947 -0.00260138 -0.000781229 0.00902861 0.000546721 -0.000901877 6.67521e-05 -0.000726598 -0.00631091 -0.000623832 -0.0224346 0.0237474 -0.000193031 0.0412461 -0.0177553 -2.73199e-05 -0.000216273 -0.00558487 0.000211194 -0.00247858 -0.00843091 -3.65929e-05 -0.000481097 -0.000310615 -0.00794763 -0.00740185 -0.00128798 -0.000481325 -0.00085231 -0.00275163 -3.39003e-05 0.00140592 -0.0308667 -0.00179255 0.000387727 -0.0011599 -0.00103798 0.0270808 -0.00114026 -0.00299088 -0.0162302 -0.000977774 -0.00183334 -0.00303555 -0.00103558 0.000366499 7.35554e-05 -0.00161877 -0.00645842 -0.0137014 0.00313435 -0.0013468 -0.0329855 0.00034426 0.00145179 -0.00139295 0.0223358 
-0.0028351 -0.00387529 -0.0083939 -0.000441511 -0.0141479 0.000813444 -0.00391787 0.000729992 -0.0008531 -0.000419879 -0.0137162 0.018081 0.0090761 -0.00347952 -0.0327232 0.00805974 0.0111216 0.0104701 -0.0364754 -0.051094 -0.00304665 -0.00224165 0.026817 0.013914 0.00519811 0.143556 -0.000548762 -0.00280993 0.00698277 0.0024879 -0.000428882 -0.0142539 -0.0244671 0.00326159 -0.0269863 0.0034064 -0.00634152 -0.000601697 0.00120039 -0.000390549 0.0223895 -0.00053998 0.0023086 -0.000709069 -0.000844278 0.000405089 0.0156245 0.000532724 -8.32816e-05 -0.000347818 0.00138044 -0.000677363 -0.00115164 -0.00203755 0.00611824 -2.55656e-05 -0.0056533 -0.00282052 0.00079 -2.48737e-05 0.00278714 -0.000641767 -0.00172396 -0.00326289 7.89366e-05 0.000157001 4.84978e-05 0.000299241 -0.00352808 -0.000463139 9.86608e-05 -2.58085e-05 0.00606613 -0.00215312 -0.0164503 -0.00796941 -0.00222316 0.000689379 0.000618142 -0.000365822 0.033339 -0.000304112 -0.00380593 -0.00876774 0.000304883 -0.000428726 -0.000830484 -0.000215602 -0.00241634 0.000403522 -0.000957649 2.26442e-05 -0.00124881 -0.00673644 -0.00030967 -0.018965 -0.00481568 -0.00166012 0.00342087 -0.00338461 
0.000233263 0.000293328 0.00101987 -8.87623e-07 0.000254368 1.73146e-05 0.000442075 -4.07211e-05 2.18392e-05 -1.38141e-05 0.00010313 0.000318545 -0.000346135 -0.00014008 0.00181916 -0.0023644 -0.00219517 -0.0011334 0.00264041 0.00129257 -0.00179431 0.000479378 0.000515809 -4.26063e-06 -0.000696012 -0.000548762 0.00655438 0.000146176 -0.000685291 0.000261345 -0.000101606 0.00111375 -0.00267195 0.000255726 -0.000842307 -0.000168498 0.000777291 -2.42258e-05 4.73071e-05 -2.56598e-05 -0.0041139 1.59601e-05 -0.00019362 -3.15286e-05 4.44777e-05 -0.000199343 -0.00154377 -5.31061e-05 -4.89819e-05 -3.55223e-05 7.81335e-05 0.000139963 0.000105162 0.00142368 -0.00260815 7.53968e-07 -0.000366393 -9.61592e-05 -6.51095e-06 -1.10394e-05 -0.00013603 0.000131169 0.000910228 6.48274e-05 4.48037e-05 2.61633e-05 -4.25134e-06 -1.37869e-05 8.97922e-05 0.000745662 4.62925e-05 4.11012e-06 -7.19969e-05 -5.7121e-05 0.000483386 0.000245124 -0.000162429 -0.000108785 0.000101153 -6.18699e-06 -0.00173997 0.000120647 -0.000118557 0.000210147 0.00023645 4.44317e-05 2.57156e-05 8.59907e-05 0.000129152 -1.37317e-05 4.62126e-05 5.42993e-05 0.000676701 -0.000160469 1.07595e-05 0.000632553 -0.000108191 -0.000329647 -0.000176099 0.000731829 
-0.00105751 -0.000527481 -0.00491035 -0.000140159 0.024443 0.00188509 -0.00158351 -0.00221432 -0.00116979 0.00210961 -0.00362739 -0.00831921 -0.00948118 -0.00194329 0.000222093 -0.00136773 -0.0146619 0.00402159 -0.00466309 0.00450958 -0.00161009 -0.00320011 0.00422114 -0.012589 -0.00109165 -0.00280993 0.000146176 0.0707321 0.0117122 0.00839581 -0.00165622 0.0120392 0.0136281 -0.00220537 -0.00472252 -0.000587875 -0.00731239 0.000282405 -0.000495072 0.00129073 -0.0132054 0.000984547 -0.00213107 0.000513065 4.35852e-05 -0.00226366 -0.00658906 -0.000656234 0.00112316 -0.000477924 -2.18369e-08 0.000471687 0.00185608 0.00034868 -0.0323414 -2.89257e-05 -0.0029291 -0.00241713 -8.20696e-05 0.00101799 -0.000357381 -3.45214e-05 -0.000298106 -0.00102952 0.000193509 -0.000106279 0.000144072 -0.000701953 -8.81963e-05 -0.00149605 -6.85094e-05 0.000186801 -0.00229772 0.00332767 0.0127387 -0.000314814 -0.00381504 -0.00134037 -2.08653e-05 0.000451294 -0.0112264 -0.000134763 -0.00102178 0.00604031 -0.000106288 0.000672232 7.38466e-05 -0.000391047 -0.000857813 4.97596e-05 -0.00232985 -0.000855364 -0.00547471 1.83432e-05 4.47752e-05 0.0122126 -0.0024756 -0.00377729 0.00400157 -0.00846359 
-0.00415395 -0.00679883 -0.00922922 0.000670619 0.015826 -0.000663022 -0.0178379 -5.81477e-05 -0.0100874 0.00035151 -0.00285415 0.039294 0.0111799 -0.00519925 -0.0305398 0.0246726 0.0597527 0.0530212 -0.0385892 -0.0575823 -0.0197716 -0.0202499 0.0581556 0.0136561 0.00714901 0.00698277 -0.000685291 0.0117122 0.240962 0.00901738 0.0108253 -0.0221166 -0.0153393 -0.025898 0.010552 -0.0128291 -0.0326363 -0.00104646 -0.0322121 8.73325e-05 0.0145242 0.000528824 0.00324709 0.00358676 -0.00170389 -0.00195621 0.0463268 0.00053193 0.0015844 -0.000370187 -0.00158699 -0.00355464 0.000917581 0.0201545 -0.0580197 -0.000223062 -0.0482393 -0.0219164 -0.000629505 -0.000104944 0.00402796 -0.00146213 -0.00436608 -0.0100379 0.00023867 -0.00133696 5.07882e-05 0.00263068 -0.000208383 -0.00307509 -0.000449481 -0.000367081 -0.0203064 -0.000132483 0.0119281 -0.0071045 -0.00573063 0.002913 -0.0015683 -0.00103165 -0.06152 -0.00246491 0.000135467 0.00938323 0.000546762 0.000247632 -0.00168757 0.000779544 0.00109195 -0.000152055 -0.0115355 -0.000341142 -0.0396886 0.00611321 -0.000529503 0.0181228 -0.00475047 -0.0273229 0.00546268 -0.0170909 
-0.000727672 -0.000915102 8.29765e-05 0.00106898 0.000104732 0.00390405 -0.00129601 -0.00048365 -0.00121851 -0.000164585 -0.00206002 0.00414747 -0.00596571 -0.00114612 -0.0126435 0.00296698 0.00392352 0.00231968 -0.00743861 -0.0105234 -0.0120356 -0.00413927 0.00878464 -0.00849602 0.00320711 0.0024879 0.000261345 0.00839581 0.00901738 0.0427321 0.0155037 0.000745479 -0.00915578 -2.74e-05 0.00158151 -0.000665456 -0.00571 -0.000215395 -0.00356419 -4.88587e-05 0.00145861 -1.16161e-05 0.0056181 0.00137615 -0.000108293 -0.00153427 0.00443403 0.000458237 -0.000290979 -0.000201202 -0.00017315 -0.000768859 0.000707087 0.0015965 -0.018305 -1.68473e-05 0.000196302 -0.000618219 1.31989e-05 -6.47556e-05 0.000395712 0.00016743 1.55042e-05 -0.00110462 0.000516352 -7.96816e-05 -3.93982e-06 -0.000232637 -0.000393176 0.0015781 -1.55831e-05 0.000142077 -0.00106897 0.00394776 0.00105389 -0.00190814 -0.0012078 0.00216939 0.000186022 -0.000159086 -0.0148224 -8.4168e-05 0.00211087 -0.000100483 0.000174946 8.31582e-05 -8.66726e-05 -0.000178017 0.000192889 -0.000131358 -0.00111155 0.000442533 -0.00314154 0.00556179 0.00015906 -0.00459763 0.000445337 -0.00145974 -0.000599832 -0.00321531 
-0.00426241 -0.00444543 0.0107485 0.000997696 -0.0319993 0.00416937 -0.00584367 0.00129618 -0.00894568 -0.00203707 -0.0253083 -0.0391813 -0.0566234 -0.00475187 -0.0438296 0.00492409 0.0286003 -0.0053573 -0.0231941 -0.0367258 0.0131726 -0.0301401 0.0420107 -0.00664774 0.0296953 -0.000428882 -0.000101606 -0.00165622 0.0108253 0.0155037 0.231276 0.00773363 0.0306209 -0.0105478 -0.0122331 -0.000973278 -0.0358752 -0.00104684 0.0118794 -0.00163188 0.0337663 -0.00126652 0.00582628 -0.00115189 -0.00157093 -0.008612 0.00469083 0.0028729 -0.00162229 0.000665704 -0.000634639 -0.00482549 0.00144309 -0.0143494 0.0087953 -9.28006e-05 0.0690085 -0.023797 2.99233e-05 -0.00086189 -0.00262035 -0.00131837 -0.00164909 -0.00787607 1.35818e-05 -0.000275857 -0.000333827 -0.00281295 -0.0023858 -0.00173355 -0.000465547 -0.000568657 -0.00928381 -0.000667919 0.0166962 -0.0156542 -0.00249292 -0.0034254 9.42241e-05 -0.00184641 0.0453744 -0.0013722 0.000566565 -0.018978 -0.00124298 -0.000839629 -0.00193843 -0.00236257 -0.00334414 0.000113141 0.00128133 -0.00110882 -0.0232835 -0.00145627 -0.000628897 -0.034488 0.00233292 0.009968 -0.0102932 -0.037673 
-0.0012739 0.0078656 0.00154713 -0.000467496 0.020344 0.0032267 -0.000679032 -0.00350265 -0.00282759 0.000663123 -0.0122791 -0.0112558 -0.0155748 -0.00301379 0.0396494 -0.0205954 -0.0375919 0.00463893 0.00760458 0.029607 -0.032761 -0.00901182 0.00285823 -0.010395 0.00623988 -0.0142539 0.00111375 0.0120392 -0.0221166 0.000745479 0.00773363 0.106212 0.000981682 0.0156185 -0.0157008 -0.000408501 0.00202828 0.000886229 -0.00504668 -0.000410117 -0.0271048 0.000130143 -0.00362872 -0.00137827 -0.00040459 -0.00250048 -0.0202719 -0.000932714 -0.000689058 0.00170016 -0.000545327 -0.00318535 -0.00252922 0.00478855 -0.0169671 -8.25377e-06 0.0144981 -0.00609985 -3.9812e-05 0.000860783 0.000220201 0.000577232 0.0034609 -0.000570998 -8.31181e-05 -0.000272993 -0.000115732 -0.00104735 0.0088919 -0.000877574 -0.000126209 -3.73026e-05 -0.00235523 -0.000188404 0.0339128 0.00459165 0.000206113 -0.00147786 0.000180201 -0.000173088 -0.00233878 0.00156615 -0.00108267 -0.00339624 -0.000168203 0.00129359 -9.30073e-05 0.000317634 -0.00203147 0.000488439 -0.0031294 -0.00153806 -0.00175934 0.00287523 -0.000194253 0.00441162 -0.00470046 -0.00652061 -0.00351081 -0.0133336 
-0.00609758 -0.0117139 0.00414721 -0.00181819 -0.031886 -0.0061979 -0.00316084 -0.00999482 -0.00849912 -0.000275733 0.0262758 -0.0783166 -0.0734337 0.00021108 -0.0364169 0.0481989 0.0152395 0.000307011 -0.0212235 0.0049266 0.0655753 -0.0162227 -0.011928 -0.00863165 0.0408031 -0.0244671 -0.00267195 0.0136281 -0.0153393 -0.00915578 0.0306209 0.000981682 0.233441 -0.027326 0.0069929 0.00650733 -0.0621008 0.00116016 0.00936537 -0.000910711 0.0690421 -0.000603842 -0.00605399 -0.00369523 -0.00264041 0.00333932 -0.00833758 -0.000624243 -0.000514469 -0.00341387 -0.000728421 -0.00431025 -0.00054858 -0.0465846 0.0325181 -7.33606e-05 0.0850411 -0.0264587 -0.000565217 0.000430449 -0.0125983 -0.00102051 -0.00457437 -0.000418303 -6.1214e-05 5.8198e-05 9.94927e-05 -0.010054 -0.00638787 -0.00649793 -0.00068118 -0.000330553 -0.00285781 0.000837756 -0.00882349 -0.0272265 0.00742244 -0.00920114 -0.00136434 0.000250728 0.0548462 -0.00200132 -0.00544888 -0.0105347 -0.00323047 -0.000670758 -0.00118841 -0.00408263 -0.0018569 -0.000252683 -0.00521556 -0.00414871 -0.0278796 -0.004619 -0.000354446 -0.037097 0.00192011 0.011469 -0.00185111 -0.000185558 
-0.000445064 0.00412247 -0.00439367 0.000564459 0.0070542 0.00554584 0.000279132 -0.00426515 0.00324146 -0.000152831 -0.00831049 0.000442394 0.00678341 -0.00186208 0.030328 -0.00927308 -0.0247819 -0.00768045 -0.0132446 0.00405971 -0.020912 0.000352381 -0.0150997 -0.00393614 -0.0049212 0.00326159 0.000255726 -0.00220537 -0.025898 -2.74e-05 -0.0105478 0.0156185 -0.027326 0.0812799 -0.0140235 0.000156045 0.0264747 -0.00035659 -0.00280492 -0.000236044 -0.0217783 0.00083633 -0.00178766 -0.000815845 0.000727243 -0.00192736 -0.0123846 -0.00069682 -0.000513672 0.000503632 -0.000165438 0.00156815 -0.00131129 0.00275802 -0.00448769 6.49351e-05 -0.0189361 0.0165583 0.000445089 0.000333694 0.0019067 -0.000123043 9.88623e-05 0.000688106 -0.000200931 -0.000232607 -9.7345e-05 0.00232631 0.00221349 -0.000161567 1.69064e-05 0.000204788 0.00716823 6.75017e-05 0.00299365 0.00946995 -0.00306362 -0.000626702 0.000809871 -0.000149293 -0.00243116 0.0026026 -0.00116943 0.00144295 0.000112168 0.000431687 0.000844411 0.00070115 0.000437218 -0.000248913 0.0046742 -0.00120616 0.0254633 0.00813046 6.59394e-05 0.00454185 -0.00242596 -0.00206364 -0.000591886 -0.00872647 
