0.0721282 0.00120908 -0.000108365 -0.00377942 -0.000721223 0.00211793 -0.00902688 -0.00137156 -0.0103092 -0.00138481 0.00188081 -0.00042891 -0.00346467 -0.0122883 0.000363277 0.00460423 0.0127156 -0.00124941 -0.00181304 0.00034863 0.0104406 -0.0113064 3.64436e-05 -0.00459666 0.00373468 -0.00268302 0.00951786 -0.00912499 0.000117368 -0.00651524 -0.00223902 0.000504295 -0.0104255 -0.00159399 -0.000181536 0.000774211 0.00513842 -0.013744 -0.000110202 0.000312853 -0.0113608 0.00160137 0.000860284 0.0187318 -0.000547939 -0.00286865 0.00207954 0.0069535 -0.00050472 -0.000442965 0.00414133 -0.00048728 0.000242842 -0.000992011 -0.000926534 0.00607581 5.46224e-05 0.0018556 -0.000108176 -0.00628724 0.00218624 -0.00251679 -0.00229136 -2.92552e-05 -0.000832468 0.00101113 -0.0010169 -0.000514076 0.00151841 -0.0178095 -4.24846e-05 -0.000526926 -0.00054654 0.00242893 0.000951428 0.000499131 -3.39294e-05 0.00157527 -0.0040449 -0.00210869 -7.41549e-05 -0.000157483 -1.57512e-05 0.00151502 -0.014926 4.85789e-05 -0.000268052 0.000481533 -0.000615386 -0.0076952 -0.00549084 -0.000297715 -0.000455799 -0.000389049 0.000910467 -0.00465883 0.01906 1.63377e-05 0.00046454 -0.000857366 
0.00120908 0.00291424 0.00016056 0.00018318 -6.29424e-05 0.000656058 -0.000508162 0.000416165 -0.000458328 -7.5474e-06 0.000239483 -0.000317015 -0.000705913 -0.000321831 1.19193e-05 -0.000589804 -0.000664615 -0.000181319 -3.42925e-05 -0.000701503 -0.000827121 -3.88464e-06 1.17411e-05 -9.97247e-05 -0.000749008 -0.000152785 0.000107563 -0.00149042 2.59307e-05 8.94164e-06 -4.43081e-05 6.96099e-06 -0.000292581 0.000108263 0.000296496 0.000116125 0.000267627 -0.000819467 5.87149e-05 0.000294019 0.000284928 3.04853e-06 0.000140699 0.000129296 -2.00343e-07 -8.40178e-06 0.000138582 -0.000240913 7.02439e-05 -2.87111e-06 -5.58275e-05 6.2687e-06 4.09734e-05 -3.47172e-05 0.000355654 0.000117332 -3.28048e-05 -9.7033e-05 0.000353888 -0.00128697 0.000169501 -5.6775e-06 0.000124182 5.36915e-05 -3.74752e-05 0.000346933 -0.000313714 -2.92775e-05 4.84031e-05 -0.00095748 8.6194e-05 4.51711e-05 0.000229164 0.000100836 -2.24338e-06 0.000181442 -4.26641e-06 0.000334768 5.11353e-05 -8.82573e-05 2.04544e-05 1.06351e-05 7.43522e-06 9.0473e-05 -0.000887167 9.04547e-05 -2.42273e-06 0.000527472 0.000144281 0.000103987 -0.000102987 -9.95405e-06 4.88745e-06 0.000401244 0.000234475 -0.000176982 0.000287477 8.61212e-05 0.000482561 0.000412856 
-0.000108365 0.00016056 0.00745595 0.00042629 -2.57934e-05 0.000410852 -0.00141673 0.000398767 -0.00161615 0.000164525 -0.000277628 -0.000812862 -0.000503287 -0.000447524 -5.82995e-05 -0.000503649 -0.00160031 -0.000480482 -0.000197341 -0.00180686 -0.00303506 -9.52518e-05 -4.07944e-05 0.000258703 -0.000366983 -0.000843664 0.00070233 -0.00080486 8.08671e-07 0.000297257 -6.9857e-05 4.7633e-05 -0.00019824 0.000460857 0.00043219 -0.000708786 -7.9575e-05 0.000615775 0.000267329 8.0296e-05 0.000751708 -2.51633e-05 -2.28293e-05 -0.000726734 0.00108301 0.00103605 0.000133611 -0.00101279 -0.000201499 -4.14702e-05 -0.000354211 -2.45934e-05 0.000197153 -8.427e-06 0.000244535 0.000952133 -0.000115937 -0.000135683 9.38874e-05 -0.00202719 0.000490518 -0.000398815 0.000703135 0.000140519 -7.1809e-05 0.000231696 -0.000372323 -2.91193e-05 -0.00058534 -0.00205255 8.06233e-06 7.41929e-05 0.00049402 -5.6288e-05 0.000322992 0.000506804 4.6766e-06 0.000372208 -0.000186071 -0.000477099 0.000111062 7.46628e-05 1.6229e-05 -5.90722e-05 -0.00169762 0.000150325 2.33881e-05 0.00060789 0.000179327 0.00135492 -0.000384572 2.97233e-05 1.34873e-05 0.000307702 1.12067e-05 0.00266765 0.000208243 -2.44521e-05 0.00115198 0.000261183 
-0.00377942 0.00018318 0.00042629 0.0685251 0.00141347 0.000404969 -0.00296138 0.000253913 0.00819892 0.00152326 -0.00303174 -0.00278618 -0.0119973 -0.0114472 -0.000385298 -0.0107975 0.00607324 -0.0050717 0.00198514 -0.000707391 0.00395362 0.0136681 -0.000614482 -0.00229394 -0.00993506 0.00643179 0.0026535 -0.0150682 -0.00014005 -0.00620431 0.0146564 0.00119919 0.0166626 0.00372725 0.00153789 -0.00630421 0.000720321 -0.00871903 -0.000142192 -8.73348e-05 0.0120676 -3.60703e-05 0.000852586 -0.00627357 -0.000970354 -0.00245211 0.000341343 -0.00203685 0.00202342 -0.000458239 0.003201 -1.51074e-05 0.00043053 -0.00165833 -0.00187227 -0.0100883 0.000518704 -0.00517452 0.00163856 -0.00243114 -0.00126959 -0.00435938 -0.00298785 9.14338e-05 -0.000698013 0.000675143 -0.00418269 -0.000824879 -0.00572855 -0.0241653 0.00276842 0.00217356 0.00244925 -0.000501216 -0.0045994 0.00451816 0.00228502 -0.00159181 0.0065954 -0.00451306 0.000366705 0.000117914 -9.03996e-05 -0.000505632 -1.12784e-05 0.00317343 0.000191837 0.000177631 0.000570857 -0.00418794 -0.00052368 0.000281513 0.000271103 0.00189487 -0.000303729 -0.0117871 -0.00362676 -0.000114421 0.00599093 0.00264831 
-0.000721223 -6.29424e-05 -2.57934e-05 0.00141347 0.0478601 -0.00301453 -0.000601463 -0.000657684 -0.00260905 0.00394309 0.00129303 0.00557214 -0.00546383 -0.00623916 0.000427496 -0.003692 -0.00878767 -0.00322225 0.000848007 -0.00731735 -0.00253271 0.0136877 0.000968244 0.0041551 0.00270277 0.00657812 0.0015822 -0.00926671 -9.05702e-05 -0.00365293 0.00501171 -0.000388291 0.00361438 0.00547461 9.12563e-05 -0.0024959 -0.00100543 -0.0131394 0.000241367 0.000237858 0.000557102 0.000116608 -0.00142447 -0.00391501 -0.00727754 0.00366303 0.00081672 -0.000229165 -0.000240677 0.000380632 -0.00205901 -0.000172369 0.0025861 -0.000190785 -0.00104227 -0.00548857 -6.75123e-05 -0.000683569 0.000139936 0.00117857 -6.88687e-05 -0.0036442 -0.000344833 -0.000205402 -0.000687282 -0.000294025 -0.00169227 0.00262612 -0.00639958 -0.00457755 0.00386378 -0.000713643 0.00126758 -0.000108045 0.0028307 0.00460189 0.000354186 0.000985194 0.00884925 -0.00296559 0.000211701 -3.54459e-05 -0.00014621 0.000638332 -0.00137243 0.00259567 -2.16055e-05 -0.000127248 -8.55073e-05 -0.00623242 -0.00551237 0.00219089 -0.000331115 -0.000516376 -9.36639e-05 -0.00107589 -0.0096225 3.38412e-06 -0.00174951 0.000241338 
0.00211793 0.000656058 0.000410852 0.000404969 -0.00301453 0.0759241 -0.00123389 -0.00139326 -0.00599833 0.00161909 -0.00311038 -0.00047164 0.000111946 0.00262686 0.000566345 0.00183847 -0.00859452 -0.00343783 -0.00189344 -0.00990035 -0.0179424 0.0190519 0.00165432 -0.00637011 -0.00724303 0.000419378 -0.00403851 -0.00208683 0.00296482 0.0104394 -0.00741678 0.000140031 -0.0282812 -0.0013951 0.00197197 0.00673655 0.00013873 -0.00743944 3.12496e-05 -0.000742114 0.0100623 3.68063e-05 0.00711296 -0.00190855 -0.0147777 0.00348093 0.000343044 -0.0110384 -0.000284752 0.000361977 -0.00107112 0.00060482 -0.00020459 0.00163646 0.00238176 -0.0134939 0.00325101 -0.00284746 0.000464687 -0.0243419 0.00327292 0.00250965 -0.0001121 0.000619536 -0.00133636 0.00115057 -0.000556709 -0.000552188 -0.00360403 -0.000108186 0.0022886 0.00479927 0.000376999 -0.000310574 -0.00630598 0.00959079 -0.000546271 0.000629561 -0.000149965 -0.00189959 -0.000103898 -0.000542721 0.00066081 0.000657913 0.00792497 0.000808088 0.000232842 -6.07214e-05 0.00229239 0.00148924 -0.00119838 -0.000441107 0.000864485 -0.000304273 0.00016038 0.000657445 -0.0134797 -8.90122e-05 0.0104778 0.0126478 
-0.00902688 -0.000508162 -0.00141673 -0.00296138 -0.000601463 -0.00123389 0.172886 0.0027746 0.01866 -0.00189991 0.005154 0.0108759 -0.0237972 0.0122411 0.00249331 -0.0134586 -0.00933196 -0.00680762 -0.000341214 -0.0318688 -0.0226439 0.013242 -0.00161529 -0.00408741 -0.0201616 -0.021793 -0.0116261 0.0119748 -0.000161722 0.00479808 -0.0257365 -0.000517515 -0.0273812 -0.00109072 0.00309356 -0.00504246 0.00227551 0.0191881 -0.000484713 0.00572303 0.00113479 -0.000579386 -0.00132808 0.00763504 -0.011486 -0.0172977 -0.00157645 0.00764335 -0.00831128 0.000884412 -0.0120892 3.40039e-05 -0.00272614 0.00667778 -0.00105936 -0.00506541 -0.00282269 0.00233995 -0.000881978 -0.000886211 -0.00322575 -0.000982667 0.00325923 -0.000275894 0.00124481 -0.00170071 -0.0020897 -0.000819131 -0.0215222 0.026523 -0.00201076 -0.00161682 -0.000733752 -0.00210631 -0.0077533 -0.00036548 -0.00198441 -0.00486166 -0.00689739 0.019808 -0.000215567 -0.000251635 0.00049147 -0.00186413 0.0326523 0.00163145 -0.000576987 -0.00192584 0.00360737 0.0153826 0.00662623 0.000227021 -0.00168138 -0.00152604 8.71431e-05 -0.00485891 -0.0494144 -0.000153579 -0.00115531 0.0110052 
-0.00137156 0.000416165 0.000398767 0.000253913 -0.000657684 -0.00139326 0.0027746 0.0572437 -0.00368388 -0.00110656 0.00178347 -0.00689077 0.0118726 -0.00422805 8.87118e-05 -0.00729006 -0.00328993 0.000673482 0.000709608 -0.0122669 -0.00616781 -0.013693 -0.00039075 8.57691e-05 -0.0189847 -0.0150163 0.00190268 -0.0142143 0.00184274 0.0123348 -0.0021867 -0.000841827 -0.00619373 0.000386015 0.00167283 -0.00610978 -0.00119974 -0.0211693 0.000351257 0.00125022 -0.00227268 0.000243015 -0.000561768 -0.00181038 -0.000808716 0.00526364 0.000872677 0.00217727 0.00681178 0.000152363 -0.0019873 1.95855e-05 -0.000376116 0.0037314 0.0026023 0.000303599 -0.000792352 -0.00229621 0.00309947 -0.00625997 0.00131365 -0.00280559 0.0076434 0.00138418 0.0016676 -0.000146947 0.000503155 -0.000214596 -0.00836466 -0.00441672 -0.000372107 0.00343026 0.00185696 0.0027432 -0.0040546 -0.00158367 0.000719441 0.00558305 0.0047306 0.0127547 9.99302e-05 0.00165151 -0.000227423 -6.23466e-05 -0.0147475 -0.000476479 0.000271293 0.00379795 0.00761035 0.0145092 -0.000508844 -0.000297719 0.000789838 0.00378335 0.00028432 0.00701014 -0.0142937 0.0018217 0.00789121 0.00291565 
-0.0103092 -0.000458328 -0.00161615 0.00819892 -0.00260905 -0.00599833 0.01866 -0.00368388 0.207206 -0.00303133 0.00591547 -0.0105533 -0.00550099 0.0010944 -0.000858674 -0.0034318 0.0211573 -0.0276675 -0.000845421 0.00260144 0.00361871 -0.00347498 -0.000101958 0.00669629 -0.0091404 -0.0379813 -0.0123677 -0.00719837 -0.00276522 -0.00994669 -0.028157 -0.00299029 0.0220386 0.0048409 -0.00660427 -0.0216 0.000757653 0.0166608 -0.000293279 -0.00740266 -0.0232914 -0.00139979 -0.00353587 0.00350221 0.0330308 0.00317511 0.000249672 -0.0067092 -0.00132008 0.000841998 -0.00577757 -0.000826477 -0.00189692 -0.00757763 -0.005061 0.0211239 0.00124026 -0.0135736 0.00236852 -4.56398e-05 -0.00369955 -0.0188816 -0.00355271 -0.000248196 0.00394091 -0.000617587 -0.0224035 0.00192665 -0.0356355 0.00166653 -0.00622805 0.00238473 -0.000520936 0.00116915 -0.0043731 -0.0101003 0.000717547 -0.00295214 0.00313087 -0.00916156 -0.000287599 0.000223917 -0.00160273 -0.00280339 -0.00761034 -0.000337681 -0.000835663 -0.00172772 -0.00360896 0.0321346 0.0266199 -0.000722972 -0.00201388 -0.000792789 -0.00111991 0.00792805 -0.0317709 0.000850403 0.00541255 -0.00187194 
-0.00138481 -7.5474e-06 0.000164525 0.00152326 0.00394309 0.00161909 -0.00189991 -0.00110656 -0.00303133 0.0378518 -0.000575505 0.00137641 -0.00944207 -0.0037605 -0.000227945 -0.00750816 -0.0120054 0.00316997 0.00065409 -0.00289153 -0.010707 0.0107994 0.00253183 0.00148546 -0.00299038 0.00842672 -0.000760711 -0.00764117 0.00136553 -0.00536108 0.0041544 0.000717842 -0.00511098 0.0077097 -0.000262375 0.000670203 -0.000492558 -0.00344728 0.000386603 -0.00113212 0.00274383 0.000111146 -0.000248324 -0.00261805 -0.00851234 -0.00197189 -0.00035829 -0.00649696 -0.00110471 0.000341439 0.00315961 0.000852032 0.00299857 0.000255463 -0.00032491 -0.00868654 0.000907154 0.000835486 -0.000294754 -0.00742384 -0.000259037 -0.00133436 0.00493801 0.000314526 -0.000152512 0.000372248 -0.00022336 0.00144537 -0.000340927 -0.00279513 0.00302504 0.000458446 0.00174459 -0.000722681 0.000580955 0.010739 -4.65491e-05 0.00222537 0.00814187 -0.00228384 0.000205556 -0.00010717 0.000653129 0.000518534 0.00525809 0.00109395 0.00134043 0.000610266 -0.000545684 -0.00614941 -0.00309538 0.000430048 -9.7686e-05 -0.000328339 0.000387228 -0.00519127 -0.00559892 0.000132804 -0.00129131 0.00498093 
0.00188081 0.000239483 -0.000277628 -0.00303174 0.00129303 -0.00311038 0.005154 0.00178347 0.00591547 -0.000575505 0.0539345 0.00954767 0.000135644 -0.00628391 -0.000213131 -0.00363425 7.74465e-05 -0.00437181 -0.000460082 -0.00963163 0.00556587 -0.000278761 0.000419362 0.000898447 -0.00284382 -0.00465779 0.000225703 -0.00200343 -0.000574544 -0.00195739 -0.00563424 -0.000816535 -0.000888871 0.000436099 -0.00185202 -0.00342509 0.000760614 -0.00772504 -0.000171622 0.000372886 0.00104894 -0.000228666 -0.000151962 0.013076 -0.004964 -0.00146141 -0.000305867 -0.0017712 0.000461784 -0.000192024 5.2107e-06 -0.000462962 -0.000645439 -0.000510948 -0.000120001 0.00736249 -0.000630685 -0.00160995 -0.000786499 0.00231258 -0.000957035 -0.000454442 -0.00215771 -0.000239188 -0.000777235 -0.000469592 -0.00498079 0.000617726 -0.00428414 -0.00220589 -0.000797421 -0.000601022 -0.000376496 0.000346195 0.00574268 -0.000870409 -0.000376289 -0.00155448 -0.00176515 6.13405e-05 -6.21862e-05 0.000737414 -1.99632e-05 0.000348243 -0.00317757 -0.000275405 -0.000131504 0.000924787 -0.000312871 0.000544082 -0.00602757 -9.12729e-05 -0.000264518 -0.000247925 4.81094e-05 -0.00698531 -0.00370281 0.000294062 0.000152684 -0.000297721 
-0.00042891 -0.000317015 -0.000812862 -0.00278618 0.00557214 -0.00047164 0.0108759 -0.00689077 -0.0105533 0.00137641 0.00954767 0.157481 0.00430129 -0.0220063 -0.00106691 -0.00517697 0.00392274 0.000463668 -0.00453456 -0.0249424 0.0294185 0.052923 0.00142216 -0.0139524 0.0163498 0.0309865 -0.00703628 -0.00112356 -0.00241049 -0.0134266 -0.00585261 0.000854004 -0.0240057 -0.00250644 -0.00046654 0.0123244 0.000732496 -0.0446577 -0.000199066 -0.00179355 0.0352757 0.00016915 -0.00383533 0.0133732 -0.0502891 -0.00916113 -0.00113317 -0.00546206 -0.00513767 -0.000695661 -0.0057169 -0.00156857 -0.00215058 -0.00215811 0.00665112 -0.00102649 0.00106552 -0.00878591 -0.00364195 0.00380824 -0.000194359 -0.000707318 0.000878205 -0.000687154 -0.00131045 -0.0014761 -0.00157443 -0.00137322 -0.0216353 -0.00841322 0.00100225 -0.00101046 -0.00139087 -0.00223176 0.00237517 -0.00583224 -0.000611643 0.0030371 -0.00359452 0.00744843 -0.000311862 9.70539e-05 -0.00019617 -0.0012596 0.0362978 -0.00200216 7.37524e-05 -0.00141266 -0.0037392 -0.0149886 -0.0196956 0.00123362 -0.00114937 -0.000924763 -0.000237094 -0.0219519 -0.0394582 -0.000193153 -0.0045634 0.0109699 
-0.00346467 -0.000705913 -0.000503287 -0.0119973 -0.00546383 0.000111946 -0.0237972 0.0118726 -0.00550099 -0.00944207 0.000135644 0.00430129 0.242444 -0.00254643 -0.00101518 0.00892347 0.0896517 -0.0202278 -0.00518694 -0.0361391 0.0577685 -0.0271388 -0.00354512 -0.00804312 0.0212663 -0.089839 0.00429088 0.00730162 -0.00611385 -0.0033502 0.011235 -0.00328211 -0.0373402 -0.0151716 -0.0118679 -0.047504 -0.00731726 -0.0156745 -3.7138e-05 -0.0220706 0.0117683 -0.000966071 -0.00518959 0.0268652 0.0296777 0.0862445 0.00129527 0.0189825 0.0178234 -0.000996833 -0.0155853 -0.00394853 -0.00323068 -0.00680219 -0.00518199 0.0813985 0.00229579 -0.0218254 -0.00588736 0.0215068 0.00831111 -0.0219163 -0.0122186 -0.000692389 -0.00194964 -0.00129576 -0.0294728 0.00249957 -0.0561699 -0.0636351 -0.00205712 -0.00521947 -0.000459427 0.00921946 -0.0506132 -0.0137435 -0.00331436 -0.0145835 -0.00653634 0.00562626 -0.000591386 -0.00190742 -0.00154539 -0.00171772 -0.0316321 -0.00442473 -0.00072604 -0.000446472 -0.00119114 0.0624386 -0.0110803 -0.000456859 0.00114571 0.00278638 -0.00259832 0.068429 -0.0558493 -0.00112903 -0.0209015 -0.00364192 
-0.0122883 -0.000321831 -0.000447524 -0.0114472 -0.00623916 0.00262686 0.0122411 -0.00422805 0.0010944 -0.0037605 -0.00628391 -0.0220063 -0.00254643 0.150931 0.000228112 0.0113376 -0.0368311 -0.0161009 0.00129411 -0.0167583 -0.0420898 -0.0125651 -0.00324865 0.0303224 0.0056968 -0.0131723 -0.0124393 0.00574427 0.000155843 0.0307265 -0.0247615 -0.00247254 -0.00969767 -0.000405166 -0.000812594 0.000408288 -0.00470252 0.0276313 -0.000294129 -0.010153 -0.0187573 -0.00125983 -2.17704e-05 -0.0131605 0.031424 -0.00851219 -0.00053019 -0.00208827 -0.00209991 0.0028278 -0.00977796 0.0014839 -0.00132638 -0.00239445 0.00105262 0.000466759 -0.00236054 0.00112583 0.000381385 -0.00498243 -0.000876162 -0.0104783 -0.00326973 6.77852e-05 0.00267272 -0.00154064 -0.00835798 -0.00217381 -0.00829733 0.0489289 -0.00382611 -0.00180864 -0.00102682 -0.00101491 0.0137805 -0.00459516 -0.000554091 -0.00332419 -0.0127997 0.00739798 -0.00032432 0.000798469 0.000328337 -0.000756204 -0.0148492 -0.00118999 -0.000269701 -0.00164706 -0.001173 0.0269643 0.00233042 1.65143e-06 -0.00124395 -0.0022351 -0.000961293 0.0209975 0.00229899 5.47006e-05 -0.00589503 -0.00798918 
0.000363277 1.19193e-05 -5.82995e-05 -0.000385298 0.000427496 0.000566345 0.00249331 8.87118e-05 -0.000858674 -0.000227945 -0.000213131 -0.00106691 -0.00101518 0.000228112 0.0119319 -0.00176493 0.000221501 0.000128044 1.31354e-05 -0.000139821 -0.00123321 -0.000986309 0.00039947 -0.000401356 -0.00182271 -0.00250819 -7.77614e-05 -0.00012 6.56794e-05 0.000479024 0.000149769 0.000620108 -0.000204166 -0.000386827 9.94674e-05 -0.00152606 0.000187569 0.000306092 1.88616e-05 -0.000162064 -0.00107059 -4.33187e-05 0.000442992 -0.000503721 -0.00130917 -0.00116223 3.17192e-05 -0.000490296 -0.000346376 0.000235921 0.00136971 6.32909e-05 -2.24839e-05 0.000596938 0.000165888 0.000620086 0.000181575 -0.000567949 -6.43214e-05 -0.00112252 4.56669e-05 0.000340892 0.000144341 0.000182586 0.000665349 6.17681e-05 0.000201619 -4.67928e-05 0.000477661 -0.000951969 -0.000186037 0.000534917 2.12039e-06 0.000634177 -0.00122356 -0.0004444 -6.02469e-05 5.69682e-05 -0.000728079 -4.15959e-05 -1.13255e-06 0.000249153 -5.29121e-05 -4.05676e-05 -0.0012106 9.07171e-05 0.000105102 1.7351e-05 0.00045941 -0.00111085 0.00076019 0.000187763 0.00016559 -8.71907e-05 3.17473e-05 -0.000487988 0.000199573 0.000332191 0.000400066 -0.000319107 
0.00460423 -0.000589804 -0.000503649 -0.0107975 -0.003692 0.00183847 -0.0134586 -0.00729006 -0.0034318 -0.00750816 -0.00363425 -0.00517697 0.00892347 0.0113376 -0.00176493 0.0831105 0.0123355 -0.00764547 -0.00488262 0.00163742 0.0194812 -0.0158434 -0.00231574 -0.0108748 0.0244477 -0.00088771 -0.00382695 0.0168226 -0.00270167 0.00237733 -0.00930284 -0.00415593 -0.00974025 -0.0116633 0.000212939 0.00722138 0.00245155 0.00378271 -0.000741183 0.000448693 -0.0110261 8.77784e-05 0.00056662 -0.00645932 0.0223629 0.00989224 4.81487e-05 0.00871812 -0.00609044 -9.13679e-05 -0.00227418 -0.000766906 -0.00297997 -0.00746761 -0.00295614 0.00765694 -0.00540623 -7.72508e-05 -0.000919186 0.0135873 0.000402614 0.00463126 -0.0092462 -0.000967935 -0.00379976 -0.000793757 -0.0115023 -0.00231491 0.000261848 -0.00119627 -0.00411291 -0.00385653 -0.00218496 -0.00207733 -0.000155896 -0.00710181 -0.00146641 -0.0045673 -0.0221452 -0.00305986 -0.000357029 -0.00212069 -0.000514852 -0.000788079 -0.0137417 -0.00403209 -0.00101134 -0.00349168 -0.00408401 0.00937483 0.000293849 -0.000850663 -0.000755349 -0.00469921 -0.000942499 0.0167117 0.022518 -0.00216328 -0.000533825 -0.00856745 
0.0127156 -0.000664615 -0.00160031 0.00607324 -0.00878767 -0.00859452 -0.00933196 -0.00328993 0.0211573 -0.0120054 7.74465e-05 0.00392274 0.0896517 -0.0368311 0.000221501 0.0123355 0.249714 -0.0341557 -0.00890271 0.0291842 0.107965 -0.0333043 0.00139798 -0.0253441 0.0218042 -0.0759925 0.0206801 0.000644535 -0.00727293 -0.0406221 0.00149271 0.00459431 -0.0212403 -0.0161468 -0.00224888 -0.0549612 -0.00322733 -0.0217193 -0.000361689 -0.00108768 0.0110464 0.000224612 -0.0111302 0.0495985 0.0567001 0.0347639 -0.00119878 0.0470361 0.00715453 -7.25076e-05 0.00471033 -0.00259226 -0.000168789 -0.0106989 -0.00738576 0.064905 0.00405 -0.0285865 -0.00447428 0.024808 0.00346199 -0.0371548 -0.01712 -0.00126373 -0.00308817 0.00118127 -0.0472918 0.00210831 -0.0436701 -0.125515 0.000603859 -0.00446241 -0.00338843 0.00661064 -0.0419369 -0.0135733 -0.00342021 -0.0155817 -0.015306 -0.00365987 -0.000394621 -0.000376276 -0.00126569 -0.00205059 -0.0404985 -0.00117876 -0.00136069 0.000646967 -0.00569811 0.0113184 0.0173482 -0.00142973 0.000388561 0.00115828 -0.00171786 0.0389887 -0.0158235 -0.000132036 -0.0160203 -0.0140644 
-0.00124941 -0.000181319 -0.000480482 -0.0050717 -0.00322225 -0.00343783 -0.00680762 0.000673482 -0.0276675 0.00316997 -0.00437181 0.000463668 -0.0202278 -0.0161009 0.000128044 -0.00764547 -0.0341557 0.108388 0.00664221 0.0202271 -0.00965828 0.0103327 0.00146813 -0.0107784 -0.0204041 0.0385267 -0.00623365 -0.00125797 0.00476883 -0.00144676 0.00435827 0.00108072 -0.00548773 -0.0022033 -0.00312908 0.0124331 -0.00218309 -0.00339197 -3.3062e-05 -0.000881039 -0.015705 0.000361645 0.0104046 -0.00860955 -0.0356965 -0.0129971 -0.00103039 -0.00779108 -0.00390485 -0.000355949 0.00605067 0.00057685 0.00101651 0.0104308 -0.00207693 -0.0336154 -0.00081233 0.00942575 -0.000808969 -0.00765411 -0.00221802 0.025593 0.0124547 0.00144472 0.001277 0.00031615 0.01584 -0.000167208 0.0300603 0.0128771 -0.00110818 0.000920412 0.000849792 -0.00114545 -0.000968928 -0.00149396 -0.00117643 0.00621051 -0.00315424 -0.00161803 0.000147921 -0.00021634 0.000798799 -0.000106558 0.0343277 -0.000913715 0.00162688 0.000175501 0.00427745 -0.031795 0.00301007 -0.000390087 0.00134143 0.000487703 0.00322772 -0.0221191 -0.00256104 0.000811172 -0.0033368 -0.00574867 
-0.00181304 -3.42925e-05 -0.000197341 0.00198514 0.000848007 -0.00189344 -0.000341214 0.000709608 -0.000845421 0.00065409 -0.000460082 -0.00453456 -0.00518694 0.00129411 1.31354e-05 -0.00488262 -0.00890271 0.00664221 0.0313677 -0.00191132 -0.0100273 -0.00192311 -0.000233897 -0.000834965 -0.00706175 0.00393724 -0.000587922 -0.00619551 0.000664022 0.00248636 0.000256379 7.89824e-05 0.0020584 0.00100933 -0.000375198 0.000547512 0.00051647 -0.00157668 0.000261439 -0.000455391 -0.00380195 -0.000152858 0.0016012 -0.00252593 -0.00701535 0.00222988 -0.000188289 -0.00360332 -0.000690576 0.000263003 0.00130769 2.30813e-05 6.1028e-05 0.00143877 4.80517e-05 -0.00769728 -0.000381229 0.00538089 -0.000150483 -0.00304552 -0.000324092 0.00339164 0.0017872 0.000280093 0.000410698 7.48095e-05 0.00103675 0.000164667 0.00561197 0.00509583 0.000104271 0.000124836 0.000423916 -2.99139e-06 0.00100057 2.28067e-05 0.000976855 0.000532226 0.00541266 -0.00136229 3.78841e-05 3.53892e-05 4.00315e-06 -2.22352e-05 0.00546278 1.10424e-05 0.000238461 0.000136092 0.000671237 -0.00217426 -7.66443e-05 -0.00019919 0.000272877 0.000706291 0.000247773 -0.00285802 -0.00520164 0.000514353 -0.00145539 0.000730596 
0.00034863 -0.000701503 -0.00180686 -0.000707391 -0.00731735 -0.00990035 -0.0318688 -0.0122669 0.00260144 -0.00289153 -0.00963163 -0.0249424 -0.0361391 -0.0167583 -0.000139821 0.00163742 0.0291842 0.0202271 -0.00191132 0.236009 0.0702235 0.000302642 -0.00139364 -0.0336027 -0.0142605 0.0466654 -0.00103989 0.0211819 0.00120196 -0.0496538 0.026373 0.00103095 -0.00284496 -0.00384125 -0.0109821 -0.00222222 -0.00445534 0.0257812 -0.00104877 0.00643174 -0.0179467 0.000969415 0.00738101 0.0121196 -0.00370598 -0.0397817 -0.00285666 -0.0229628 -0.000565391 -3.65878e-05 0.0107358 -0.00235199 -0.00153867 0.00138671 -0.0132698 -0.049169 -0.00114061 -0.00370754 -0.00564454 0.00574385 -0.000846966 -0.00675472 -0.00444256 -0.000961158 -0.000203748 -0.000275551 0.0103537 -0.00124956 0.0468556 -0.0300603 -0.0037089 -0.00516763 -0.00111871 0.00158239 -0.019739 -0.0050878 -0.00069976 -0.00282367 -0.0159036 -0.0125169 0.000538977 -0.00260942 0.00037504 -0.00171883 0.0360924 -0.00042605 -0.000828164 -0.00327696 -0.000580698 -0.0832155 0.0450835 -0.00151478 0.00263918 -0.00159675 -0.000501974 -0.0399616 0.0627186 -0.00161514 -0.0215433 -0.0158195 
0.0104406 -0.000827121 -0.00303506 0.00395362 -0.00253271 -0.0179424 -0.0226439 -0.00616781 0.00361871 -0.010707 0.00556587 0.0294185 0.0577685 -0.0420898 -0.00123321 0.0194812 0.107965 -0.00965828 -0.0100273 0.0702235 0.238564 -0.0338371 -0.000998771 -0.0431323 0.00938509 -0.0198305 0.0163105 0.0161395 -0.00833674 -0.0548108 0.0126958 -0.00112449 -0.00930299 -0.0176055 -0.0166561 -0.0163504 0.00141632 0.00309024 -0.00157224 -0.0101058 0.011051 0.000544807 -0.00914114 0.0391366 0.0190258 0.00940676 -0.00212514 0.0200892 0.00665661 -0.00243065 -0.000775591 -0.00626517 -0.00609443 -0.00837844 -0.0152895 0.0494306 -0.000774537 -0.0256073 -0.00967915 0.037587 0.00224739 -0.0281795 -0.0180143 -0.00151475 -0.00643916 -0.000690629 -0.0255866 -0.000412715 -0.00479529 -0.0900062 -0.004831 -0.00975724 -0.00303831 0.00439906 -0.0452206 -0.0175527 -0.0017982 -0.0202497 -0.0250972 0.0034809 -0.000315657 -0.00395795 -0.00112819 -0.00239624 0.00455128 -0.00276339 -0.0014509 -0.00233507 -0.00494887 -0.0234454 0.0139657 -0.00172425 0.000826495 0.000610546 -0.00181404 -0.00993537 0.0245927 -0.00228614 -0.0320032 -0.0128606 
-0.0113064 -3.88464e-06 -9.52518e-05 0.0136681 0.0136877 0.0190519 0.013242 -0.013693 -0.00347498 0.0107994 -0.000278761 0.052923 -0.0271388 -0.0125651 -0.000986309 -0.0158434 -0.0333043 0.0103327 -0.00192311 0.000302642 -0.0338371 0.20268 0.0052149 -0.0129905 0.00722047 0.0827977 -0.0199016 -0.00826086 0.00561035 -0.00626316 0.0168691 0.00727022 -0.0424194 0.0100978 0.0137281 0.0159956 -0.00257243 -0.0620121 0.000394303 0.0203496 0.0279409 0.000202977 0.010232 0.0071169 -0.080328 -0.0406654 -0.00136226 -0.0274444 -0.00446232 -0.00101198 0.00262879 0.00138555 0.00338148 0.00448766 0.00530821 -0.066727 0.00761323 -0.00806892 -0.000256363 -0.0286951 -0.00374829 0.00212311 0.0122748 8.38823e-05 -0.000189863 -0.000729793 0.000927264 0.000229496 -0.0214298 0.00176238 0.0148702 0.00427269 0.00165785 -0.00321195 -0.00299331 0.0189422 0.00202772 0.0135752 0.00694866 -0.00664912 0.000121021 0.000599405 0.00221587 0.000260394 0.0754064 0.00240162 0.00176528 -0.00191011 2.58396e-05 -0.0523339 -0.0106229 0.00299706 -0.00112617 -0.0026404 0.00288181 -0.0350421 -0.0630145 -0.00015462 0.00901086 0.00377451 
3.64436e-05 1.17411e-05 -4.07944e-05 -0.000614482 0.000968244 0.00165432 -0.00161529 -0.00039075 -0.000101958 0.00253183 0.000419362 0.00142216 -0.00354512 -0.00324865 0.00039947 -0.00231574 0.00139798 0.00146813 -0.000233897 -0.00139364 -0.000998771 0.0052149 0.0200837 -0.000426648 -0.000781213 0.00499924 -0.00074042 -0.00327589 -2.47115e-05 -0.00284282 -0.00162211 0.00093769 -0.00728057 0.000756483 0.00124979 0.000960442 0.000396906 -0.00815564 2.67681e-05 -0.000357477 -0.000643535 -3.93485e-05 0.000546223 0.00451881 -0.00508857 -0.00212946 -0.000199473 0.000781327 0.000259061 -0.000139685 0.00181905 0.000469857 0.0014869 9.02057e-05 -6.89647e-05 -0.00509625 0.00412753 -0.00052097 0.000195078 -0.0054551 -0.000145308 0.000591831 0.00152637 0.00018269 0.000303261 0.000617433 -0.000493457 0.00137427 0.000158532 -0.00487706 0.00122115 0.000182355 -0.000122041 0.00041131 0.00109376 0.00226538 0.000160258 0.00258813 0.00190361 0.000141368 6.17368e-05 -5.70546e-05 0.000497042 0.000410941 0.00076204 9.77195e-06 0.000709195 0.000720932 5.06159e-05 -0.00509717 -0.00220805 0.000173009 0.000110146 -0.000205435 0.000403757 -0.00412511 -0.00187096 0.000144804 0.00131906 -0.000734748 
-0.00459666 -9.97247e-05 0.000258703 -0.00229394 0.0041551 -0.00637011 -0.00408741 8.57691e-05 0.00669629 0.00148546 0.000898447 -0.0139524 -0.00804312 0.0303224 -0.000401356 -0.0108748 -0.0253441 -0.0107784 -0.000834965 -0.0336027 -0.0431323 -0.0129905 -0.000426648 0.106246 0.00735192 -0.0218362 0.00148143 -0.0116763 -9.42353e-05 0.0125619 -0.00351282 -0.000463028 0.0255553 0.00943796 0.00106006 -0.0148437 -0.00224247 0.0141613 0.00114106 -0.00141916 -0.0178197 -0.000426609 -0.00281458 -0.0115462 0.0347932 0.00308187 0.000467656 0.00313019 -0.000320075 -1.60338e-06 -0.00336875 0.00247475 0.00328883 -0.00180572 -0.000831033 0.0093086 -1.25986e-05 -0.00265975 0.00299932 -0.000140582 -0.00204744 -0.00795102 -0.00383059 -6.72956e-05 0.00130081 0.000367719 -0.0103534 -0.000699064 -0.0117037 0.0087981 -0.000749585 0.000719567 -0.00052774 -0.00173757 0.0158359 -0.000639581 0.00112479 -0.00262377 0.00760518 -0.00835223 -4.16464e-05 0.00208591 -0.000398778 -0.000574212 -0.0337379 0.0018923 0.000116405 0.000265015 -0.00190352 0.0295037 -0.004402 0.000653956 -0.000773891 -0.00121875 -0.000303933 0.0146443 0.000370483 0.00110094 0.00752904 -0.00605578 
0.00373468 -0.000749008 -0.000366983 -0.00993506 0.00270277 -0.00724303 -0.0201616 -0.0189847 -0.0091404 -0.00299038 -0.00284382 0.0163498 0.0212663 0.0056968 -0.00182271 0.0244477 0.0218042 -0.0204041 -0.00706175 -0.0142605 0.00938509 0.00722047 -0.000781213 0.00735192 0.13826 -0.0181177 0.000991927 0.0216659 -0.00808245 0.00249982 0.00655242 -0.00119444 -0.00103561 -0.00900964 0.002223 -0.0146693 0.00171883 -0.00841916 2.04099e-05 -0.00755153 0.00968809 -0.000112251 -0.0114584 0.00553934 0.0187537 0.00425244 0.000456752 0.0145161 -0.00260562 -0.000938496 -0.00181663 -0.000235905 -0.000776329 -0.0132517 0.000238475 0.021529 -0.000339703 -0.0034182 -0.000831932 0.0289975 -0.000540263 -0.00449011 -0.0110298 -0.00186081 -0.00545316 -0.00217313 -0.0173967 -0.000816045 -0.0251781 -0.0142277 0.000365471 -0.00381387 -0.0053166 -0.00305477 0.00667552 -0.0082131 0.0010282 -0.00946164 -0.00941279 -0.015951 -0.000790214 -0.00138868 -0.00165106 -0.00199499 -0.0178185 -0.00437714 -0.00150086 -0.00216693 -0.0104743 0.00452006 -0.0164742 5.93311e-05 -0.00299893 -0.00489905 -0.00268185 0.0142358 0.0147065 -0.00233784 0.0025866 -0.0114866 
-0.00268302 -0.000152785 -0.000843664 0.00643179 0.00657812 0.000419378 -0.021793 -0.0150163 -0.0379813 0.00842672 -0.00465779 0.0309865 -0.089839 -0.0131723 -0.00250819 -0.00088771 -0.0759925 0.0385267 0.00393724 0.0466654 -0.0198305 0.0827977 0.00499924 -0.0218362 -0.0181177 0.238589 -0.0198447 -7.63503e-05 0.00606641 -0.0203003 0.0275833 0.00358933 -0.00712462 0.00871086 0.00188251 0.0659356 0.00189952 -0.0620183 -0.000434581 0.0185636 -0.018769 0.00192069 0.0115221 -0.00977839 -0.114742 -0.0545862 -0.00382728 -0.0533369 -0.00906501 -0.00146422 0.0185454 0.00187006 0.00257846 0.00518559 0.00267386 -0.12178 0.00305696 0.0203839 -0.00542407 -0.02201 -0.00386894 0.0327592 0.0134871 -0.000481639 -0.00154662 -0.000746094 0.0415035 -7.01522e-05 0.0657689 0.0513277 0.00795318 0.00141931 0.00121926 -0.00627224 0.0255616 0.0193222 -0.000842781 0.0167163 0.00192745 -0.000848628 0.000274225 -0.00129226 0.00221142 0.00249006 0.0971029 0.00198092 0.00162554 -0.00115895 -0.0021469 -0.0912745 -0.016535 0.00245938 -0.00189057 -0.00440342 0.00309038 -0.0786733 0.00662131 -0.000944121 -0.000505223 -0.00375233 
0.00951786 0.000107563 0.00070233 0.0026535 0.0015822 -0.00403851 -0.0116261 0.00190268 -0.0123677 -0.000760711 0.000225703 -0.00703628 0.00429088 -0.0124393 -7.77614e-05 -0.00382695 0.0206801 -0.00623365 -0.000587922 -0.00103989 0.0163105 -0.0199016 -0.00074042 0.00148143 0.000991927 -0.0198447 0.0741927 -0.00657867 -0.00110302 -0.0118925 -0.00528602 -0.00078864 0.00701725 -0.000240149 -0.00237086 -0.00988718 -0.00214745 0.00277639 -0.000146286 -0.00588022 -0.000191097 -0.000149229 -0.00234218 0.0058584 0.015774 0.00415809 0.000487421 0.0115359 0.00438915 -2.91071e-05 0.00260989 -0.000715171 -0.00105342 -0.0020568 -0.00193509 0.0274694 0.000746836 -0.00417822 -0.00143219 0.00556203 0.00197379 -0.00737803 -0.00240324 -0.000186345 -0.000624328 0.000121985 -0.00796198 0.000471991 0.00332723 -0.0280218 -0.00154457 -0.00133182 -0.000523436 0.00225875 -0.00263935 -0.00183139 -0.00080756 -0.00264391 -0.00335285 -0.00186952 9.67705e-05 0.000465888 -0.000349899 0.000715706 -0.0246545 0.000273624 -0.00023853 0.00261791 -0.000967416 0.00102718 -0.00704364 -9.34034e-05 -0.000255243 0.000439889 -0.000634222 0.00718569 0.0203683 -0.000128961 -0.00413606 -0.00182169 
-0.00912499 -0.00149042 -0.00080486 -0.0150682 -0.00926671 -0.00208683 0.0119748 -0.0142143 -0.00719837 -0.00764117 -0.00200343 -0.00112356 0.00730162 0.00574427 -0.00012 0.0168226 0.000644535 -0.00125797 -0.00619551 0.0211819 0.0161395 -0.00826086 -0.00327589 -0.0116763 0.0216659 -7.63503e-05 -0.00657867 0.115132 -0.00305032 -0.0103101 -0.00644505 -0.00242625 -0.0112531 -0.00698273 -0.00569956 -0.00030579 0.00117487 0.0412186 -0.00172662 -0.00900765 -0.00267923 -0.0020417 -0.00210961 0.000327526 0.00777408 -0.00592047 -0.00282863 2.90319e-05 -0.00664556 -0.000116851 -0.00662894 -0.00103034 -0.0050862 -0.00871901 -0.00914277 0.0104467 -0.00398102 -0.000107909 -0.00734303 0.0326225 -0.00277789 0.00614064 -0.00526044 -0.0030298 -0.00380916 -0.0055564 0.00322918 -0.00321113 0.00262153 0.0254491 -0.00599166 -0.00724864 -0.00509903 -0.00388763 -0.0126575 -0.00451154 -0.00674433 -0.0124852 -0.0159731 0.0039043 -0.00087162 -0.00367375 -0.000571163 -0.00308515 0.0222532 -0.00474982 -0.0015391 -0.00336248 -0.00488357 -0.00296947 -8.83623e-05 -0.00138904 -3.366e-05 -0.00638267 -0.00394421 -0.00256131 0.0104585 -0.00328469 -0.0150243 0.00145336 
0.000117368 2.59307e-05 8.08671e-07 -0.00014005 -9.05702e-05 0.00296482 -0.000161722 0.00184274 -0.00276522 0.00136553 -0.000574544 -0.00241049 -0.00611385 0.000155843 6.56794e-05 -0.00270167 -0.00727293 0.00476883 0.000664022 0.00120196 -0.00833674 0.00561035 -2.47115e-05 -9.42353e-05 -0.00808245 0.00606641 -0.00110302 -0.00305032 0.0168868 -0.000598332 -0.00120047 0.000348291 -0.00461831 0.00150724 -0.000219708 0.00356662 -0.000271943 -0.00139847 -1.42061e-05 -0.000611198 -0.00237177 0.000295611 0.00326476 -0.00166605 -0.00433223 -0.00239814 0.00044635 -0.00260359 -0.000648461 7.46428e-05 -1.71935e-05 3.47431e-05 -7.48408e-05 0.0010545 0.000352524 -0.00714812 1.84249e-06 -0.000147223 8.20384e-06 -0.00934484 1.77677e-05 0.00135129 0.00482169 0.000319675 0.000405402 -6.48616e-05 0.000537729 -0.00027441 0.000888359 0.0043738 0.000333377 0.00259203 0.000336808 4.91454e-05 -7.09461e-06 0.00386427 -7.72723e-05 0.00391172 0.000428645 0.000314381 -9.00532e-06 0.000716794 0.000800873 0.000740577 0.00320828 0.000294383 0.000357027 0.000462045 0.00230752 -0.00330918 0.00203599 0.000200747 0.000354556 -8.16145e-06 0.000589505 -0.00261427 -0.00242237 0.000709909 -0.000503797 0.0018813 
-0.00651524 8.94164e-06 0.000297257 -0.00620431 -0.00365293 0.0104394 0.00479808 0.0123348 -0.00994669 -0.00536108 -0.00195739 -0.0134266 -0.0033502 0.0307265 0.000479024 0.00237733 -0.0406221 -0.00144676 0.00248636 -0.0496538 -0.0548108 -0.00626316 -0.00284282 0.0125619 0.00249982 -0.0203003 -0.0118925 -0.0103101 -0.000598332 0.140779 -0.0102831 0.00126521 0.00728711 -0.00185014 0.00992499 0.00634975 -0.000343807 -0.0206308 0.000774247 0.00692444 0.0029212 -0.000445201 0.00171443 -0.0194155 -0.00777071 -0.0183042 0.00305318 -0.00255593 0.00126233 -0.00086013 -0.00463298 0.0032127 -0.00120631 0.0020894 0.0151483 -0.0243331 -0.000732698 0.00983398 0.00699724 -0.00859699 -0.00206288 0.0140888 -0.00016514 0.000724616 0.00134452 -0.000455258 0.00535584 -0.00116721 -0.0102382 0.0380324 -0.000203321 0.00827374 -0.000137911 -0.00127287 0.0260178 -0.00694777 0.00421524 0.00450459 0.000596897 0.000978723 -0.00027175 0.00298396 -0.000802204 0.000189847 -0.026852 -0.00147595 -0.000282876 -0.000743935 0.0037541 0.0265469 -0.0239869 -0.000570988 0.000381324 3.07556e-05 -0.000990369 0.00212664 -0.0133731 0.00099401 0.028755 -0.00532503 
-0.00223902 -4.43081e-05 -6.9857e-05 0.0146564 0.00501171 -0.00741678 -0.0257365 -0.0021867 -0.028157 0.0041544 -0.00563424 -0.00585261 0.011235 -0.0247615 0.000149769 -0.00930284 0.00149271 0.00435827 0.000256379 0.026373 0.0126958 0.0168691 -0.00162211 -0.00351282 0.00655242 0.0275833 -0.00528602 -0.00644505 -0.00120047 -0.0102831 0.132068 0.00472132 0.0238185 0.00230829 0.000117457 -0.01373 -0.00166055 -0.0270419 0.000349542 0.00892071 0.0132405 0.00251064 -0.00222069 -0.012398 -0.025403 -0.00589467 -0.000641882 -0.0210289 0.00562975 -0.00114501 0.0197309 -0.00112286 0.00171145 -0.000587663 -0.00345008 -0.0350748 0.0013597 -0.0100013 0.00075595 0.0053333 0.000341907 0.00127725 -0.00514852 -0.000586588 -0.00144926 0.00120562 -0.00154151 -0.000270555 0.0107919 -0.0279618 0.00450512 -0.00156467 0.00207439 0.000952712 -0.0100529 0.0114131 0.00140225 -0.00120465 0.0054906 -0.00943767 0.000546417 -0.00112903 0.000274409 -0.00134847 0.00842069 0.00271991 0.000473339 -8.92422e-05 0.00123098 -0.0283209 -0.0120344 0.000880606 0.00326456 0.00100855 -0.000934493 -0.0258233 0.0231574 -0.000569932 -0.00216416 -0.00261186 
0.000504295 6.96099e-06 4.7633e-05 0.00119919 -0.000388291 0.000140031 -0.000517515 -0.000841827 -0.00299029 0.000717842 -0.000816535 0.000854004 -0.00328211 -0.00247254 0.000620108 -0.00415593 0.00459431 0.00108072 7.89824e-05 0.00103095 -0.00112449 0.00727022 0.00093769 -0.000463028 -0.00119444 0.00358933 -0.00078864 -0.00242625 0.000348291 0.00126521 0.00472132 0.0194248 -0.00379693 -1.09101e-05 0.00197397 -0.000227869 -0.000171344 -0.00630372 0.000178067 0.00395685 -0.000519275 8.43951e-05 0.000914434 -0.000844135 -0.00454495 -0.00327344 -0.000179231 -0.00160495 -0.000151293 -4.08519e-05 0.00420629 0.00104918 0.000797963 0.000850064 0.000357352 -0.00930118 0.00241516 -0.000326386 0.000100154 -0.00309209 -0.000329896 7.71718e-05 0.00037203 0.000175724 -0.000364126 0.000128464 -0.00144439 0.000370479 -0.00046716 -0.00550155 0.00114453 0.000442131 0.000287214 -0.000100455 -9.50632e-06 0.000577294 0.000172747 0.00161291 -7.44122e-05 -0.000845555 2.81821e-05 3.70353e-06 0.000772853 8.05138e-05 0.00336062 0.000288868 0.000477254 5.10826e-05 0.000125415 -0.00491038 -8.44012e-05 4.02197e-05 0.000649614 -4.88427e-05 0.000290756 -0.00299377 -0.00384551 5.65541e-05 0.00109949 -0.00113125 
-0.0104255 -0.000292581 -0.00019824 0.0166626 0.00361438 -0.0282812 -0.0273812 -0.00619373 0.0220386 -0.00511098 -0.000888871 -0.0240057 -0.0373402 -0.00969767 -0.000204166 -0.00974025 -0.0212403 -0.00548773 0.0020584 -0.00284496 -0.00930299 -0.0424194 -0.00728057 0.0255553 -0.00103561 -0.00712462 0.00701725 -0.0112531 -0.00461831 0.00728711 0.0238185 -0.00379693 0.23032 0.00625912 -0.00930357 -0.0114327 -0.0020605 0.0161226 -6.46407e-05 -0.00729614 -0.0120228 -0.000265994 -0.0183223 -0.0310517 0.0282478 -0.0215538 0.000532435 0.00132565 -0.005004 -0.00139922 0.0171384 -0.00343158 -0.0016972 -0.00983917 0.00255292 0.0186102 -0.00668188 -0.0140026 0.00256102 0.0275392 -0.0130756 -0.0110923 -0.0132759 -0.00120445 0.00385016 -0.00103139 0.00872336 -0.00491874 0.0225743 0.019115 -0.00639287 -0.00216765 -0.000480473 -0.00532867 0.0242396 0.00121954 0.00145487 -0.0059749 0.0115177 -0.025892 4.20306e-05 0.000868 -0.00161749 0.000679571 -0.0580262 0.00218695 -0.00121769 -0.000310002 -0.00711707 0.0142979 -0.0101444 0.000183862 -0.0020508 0.00157487 -0.0036788 -0.0144751 0.0503019 0.00120605 0.00789279 -0.0101223 
-0.00159399 0.000108263 0.000460857 0.00372725 0.00547461 -0.0013951 -0.00109072 0.000386015 0.0048409 0.0077097 0.000436099 -0.00250644 -0.0151716 -0.000405166 -0.000386827 -0.0116633 -0.0161468 -0.0022033 0.00100933 -0.00384125 -0.0176055 0.0100978 0.000756483 0.00943796 -0.00900964 0.00871086 -0.000240149 -0.00698273 0.00150724 -0.00185014 0.00230829 -1.09101e-05 0.00625912 0.0405024 0.00136392 -0.00320847 -0.000414541 -0.00296454 9.79837e-05 0.000635794 -0.00210492 -0.000170441 0.000209761 -0.00434428 -0.00354059 -0.00735378 -2.86686e-05 -0.0034745 -0.00136265 0.000481245 1.7121e-05 0.00135207 0.000299867 -0.0009494 -0.00139571 -0.0106186 -0.000267801 -0.00116692 0.000889958 -0.00726451 -0.00074585 -0.00163621 0.00411216 -8.24738e-05 0.000604086 -0.000287068 0.00313297 -0.000449436 -0.00333682 0.00876436 0.00413012 0.000190918 0.00216226 -0.000917395 0.00964058 0.00706875 0.00032415 0.00255742 0.00824482 -0.00200651 0.000276336 0.00101794 0.000213515 0.000593318 -0.00354902 0.000924636 0.000421455 0.000374244 -0.000450495 -0.00201822 0.00174482 0.000185956 -0.000161913 -0.00041098 -0.000229689 -0.00553523 -0.00471746 0.000161282 -0.000258233 0.00359988 
