0.0179382 0.000236169 -0.00067355 0.00262083 0.00288495 0.00086348 -0.00272251 0.00615923 -0.00137817 -3.51447e-05 0.00667642 4.63763e-05 -0.00216382 -0.000403661 -0.000560308 0.00137937 0.000239695 0.00221325 -0.00704113 -0.000235343 -0.00819703 -0.00534063 -0.000186102 0.000348422 9.21136e-05 0.00530494 0.00466248 -0.000376891 0.00543495 0.0066357 0.00215459 -0.00154683 -0.00181574 0.00185266 -0.00314866 7.85009e-05 5.67258e-07 1.06041e-06 0.000362261 -0.00790176 -0.000152975 -0.000232628 -0.00576627 -0.00495253 -5.22601e-05 0.0026118 -0.000850059 -0.000833263 -5.93747e-05 0.00312967 0.000504452 -0.000356105 0.000178404 -0.00290569 -0.000350779 -0.00378533 -0.00209677 -0.000111347 -0.000523376 -0.00436109 -1.88371e-06 -7.5501e-05 0.000904375 -0.000796902 0.000672368 0.00060107 -0.000208654 2.82853e-05 0.00263037 -0.000801234 -0.000247616 -0.000537401 -0.00217047 -0.000118815 0.00443434 -0.00100265 -0.000195631 -0.000676738 -0.000160326 -0.00499772 0.00031997 -0.000498425 0.000278147 -0.000598874 -0.000427146 -0.000835219 0.00270671 0.00283319 0.000816126 -9.89525e-06 0.00410572 0.00295187 -0.000132709 1.37111e-05 -0.00818766 -0.00074932 -0.0024436 0.000194785 -0.000384159 -0.000725862 
0.000236169 0.0503538 0.0194508 0.0183179 -2.83617e-05 -0.0148616 -0.00954688 -0.000811416 -0.00449002 -0.00500451 0.00353209 -0.000467636 -0.00649996 0.00528714 -0.00317921 0.00421261 0.0355527 0.0434168 -0.0278569 -0.0016658 -0.0384644 -0.0309453 -0.0220788 -0.00278815 0.02221 -0.00145093 -0.024653 0.014258 -0.0123995 0.00169492 -0.00562361 -0.00770916 -0.00662762 -0.00348265 -0.0109428 0.000956221 0.000283176 0.00270061 0.00411451 -0.033904 0.00387399 -0.000962291 -0.034765 -0.0370418 3.6845e-05 -4.03168e-05 -0.00898351 0.00301676 -0.000630422 0.000621629 0.00323087 -0.00131174 0.00318152 -0.0106716 -0.00191871 0.0197666 -0.00294871 -0.000184995 0.00085991 -0.0308512 0.00148123 -0.000837331 0.00363125 -0.002487 -0.00725072 -0.000630636 0.00299114 -0.000366105 -0.00613506 -0.00310918 -0.00155545 -0.00157256 0.00683779 0.000779616 -0.00312174 -0.0105692 0.0177683 -0.0121351 -0.0084013 -0.0213871 -0.00359632 -0.00252941 0.0267039 -0.00150158 0.0305343 0.036888 0.0402801 -0.00205819 -0.010278 0.000827302 0.00129946 0.0205229 0.0282498 0.00214973 -0.0334017 -0.00375069 0.0296525 3.51408e-05 0.0350234 -0.00435487 
-0.00067355 0.0194508 0.0577892 0.0106236 -8.49437e-05 -0.00641068 0.0031453 -0.00477491 -0.00438704 -0.00343098 0.000803588 -0.000356051 -0.00220093 -0.000443146 -0.00385423 -0.000454094 0.0170469 0.0238491 -0.0133383 0.00249421 -0.0186844 -0.0231293 -0.0216639 -0.00482644 0.0099667 -0.00222129 -0.0197666 0.00349336 -0.0139649 -0.000150201 -0.00234884 -0.00853707 -0.00666855 -0.00101317 -0.00652531 0.000213689 0.000170349 0.00113471 0.00154227 -0.0168291 0.00315424 -0.000295779 -0.013908 -0.0188127 0.000357427 -0.000580916 -0.00856279 -0.00192755 -0.00028979 0.000306046 -8.27107e-06 -0.00121115 0.00309218 0.00156461 0.00398426 0.010334 -0.00328279 0.000208532 -0.000654902 -0.0175107 0.00135918 -0.00159495 0.0048218 -0.00216114 -0.00147317 -0.000598723 0.00129706 -0.00060216 -0.00714757 -0.00113568 -0.00172325 -0.000685682 -0.000199691 5.20416e-05 0.000812009 -0.00523144 0.0183512 -0.00927473 -0.00716134 -0.017408 -0.00364626 -0.000889559 0.00823197 -0.00134908 0.0180361 0.0182809 0.021212 -0.00278142 -0.00360836 0.000287781 -0.000219412 0.0151787 0.0167074 0.00320517 -0.0146992 -0.00323281 0.0210993 -8.93443e-05 0.0212444 -0.00420574 
0.00262083 0.0183179 0.0106236 0.064927 0.00180135 -0.0154797 -0.000149964 0.00190487 -0.00294255 -0.00318558 -0.00909918 0.000640449 -0.00464336 0.00351831 -0.00201529 0.00109385 0.0215663 0.0336151 -0.0146916 0.00680632 -0.0264183 -0.034146 -0.00338195 0.0108373 0.0142679 -0.000697961 -0.016446 0.00448389 -0.0135462 0.00789598 -0.00434707 -0.00880087 -0.00480386 -0.00221122 -0.00679371 0.000381484 0.000453786 0.00285219 0.00100984 -0.0386368 0.000512943 -0.000845499 -0.0278216 -0.0277572 -0.000670621 -0.00027636 -0.00155173 -0.000686123 0.000192819 0.0137507 0.00572368 -0.000559093 -6.80507e-05 -0.00454644 0.00297585 0.00868168 -0.000465055 0.00105359 -0.00132808 -0.0358899 0.000256571 -0.0018296 0.00600452 0.0043285 -0.00680345 -0.000767087 0.00180626 -0.000727023 -0.00685912 0.000587535 -0.00046074 -0.00175622 0.00256316 0.000677783 0.00755074 -0.0132355 0.0163325 -0.0113196 -0.0104216 -0.0198356 -0.00445448 -0.0011041 0.00837588 -0.0013659 0.0255388 0.0197435 0.0325551 0.00088995 -0.00930802 0.000986504 0.00113557 0.0158745 0.0145084 0.000821757 -0.0276821 -0.00359447 0.0221096 2.15544e-05 0.0167788 -0.00552934 
0.00288495 -2.83617e-05 -8.49437e-05 0.00180135 0.0335822 -0.00743189 -0.00589623 0.0160479 -0.000312027 0.00316682 0.00460543 0.000921717 -0.0024484 0.000107972 0.00173233 0.00398649 -0.00147015 0.00148188 -0.00830186 -0.000113731 -0.0179626 -0.00171372 0.00113216 0.00521002 0.0011784 0.00663699 -0.000391215 -0.00100214 0.0108361 0.00247567 0.00798165 -0.00384182 0.00381734 -0.000945593 -0.00469089 0.000602107 2.38852e-05 -0.000200652 0.000249889 -0.0147227 -6.4014e-05 -0.000284738 -0.0156194 -0.0161572 -0.000199424 0.00532326 0.00620821 -0.00103848 0.000794993 0.000745804 -0.000182766 -0.000972686 0.000131929 -0.00572864 0.000689949 -0.00375981 -0.000135492 -0.000224489 -0.000702147 -0.00758536 -0.000255524 0.00156547 0.000182111 -0.00220257 -0.00457598 0.000643854 -0.000313287 0.000331736 0.00132592 -0.00187876 0.00369942 -0.000542897 -0.00140678 -0.000285348 0.00826667 -0.00121988 -0.000340235 -0.00714636 -0.00193828 -0.00779447 -0.0004897 0.00568465 0.00773528 -8.7267e-05 -8.22735e-05 0.000614185 0.00151436 0.0124988 -0.00397862 -0.000176727 0.00795894 0.00282237 -0.000796438 -0.000139222 -0.0147702 -0.0019873 -0.000321155 4.45437e-05 -0.000406224 -0.00189654 
0.00086348 -0.0148616 -0.00641068 -0.0154797 -0.00743189 0.20463 0.0153416 -0.0232288 0.00291839 0.00372809 0.00360556 -0.00223431 -0.0250247 -0.000279639 -0.0220388 -0.00252405 -0.0318521 -0.0334615 0.0444121 -0.00552965 0.0480898 -0.00334693 0.00299329 -0.0113699 -0.015491 -0.00659881 0.0289307 -0.0128704 0.0277285 0.000917805 -0.00721598 -0.0134709 -0.030462 -0.00472038 -0.0173456 -0.00227416 -0.000985295 -0.00535449 -0.00244207 0.0361326 -0.00425747 0.000144194 0.0725694 0.0579485 -0.00112614 -0.0022454 -0.0449466 -0.00909197 -0.00117775 -0.00227964 -0.011372 0.00216212 -0.00375876 -0.00126466 -0.0107768 -0.0413442 -0.00526453 -0.00134001 -0.0041285 0.0492737 -0.00186508 -0.00893945 -0.00409534 -0.00292745 0.0399797 -0.000828209 -0.00367325 -0.000401672 -0.00769617 0.00405251 -0.0114603 -0.00668161 -0.0311741 -0.00276851 -0.012604 0.0137669 -0.0101496 0.0191368 0.00393816 0.0452893 -0.00795473 -0.0147663 -0.0385719 -0.000678566 -0.0253753 -0.0241933 -0.0287511 -0.0109903 0.0344889 -0.00170233 -0.00527469 -0.0195272 -0.0149233 -0.00193579 0.0565003 0.013516 -0.0263766 2.87999e-05 -0.020738 -0.017384 
-0.00272251 -0.00954688 0.0031453 -0.000149964 -0.00589623 0.0153416 0.158447 -0.00898534 -0.00582488 -0.0030654 -0.0155716 -0.000315329 0.00787819 -0.00594718 -0.0120844 -0.00873774 -0.0181808 -0.0203268 0.0197804 0.0074811 0.0316495 -0.0315055 -0.0401664 0.0188774 -0.00964189 -0.00331732 -0.0353413 -0.00757761 -0.0390204 -0.00197005 0.0190669 -0.0171746 -0.0149762 -0.00166043 0.00619243 -0.000947348 -0.000386261 -0.00246783 -0.000919393 0.0163378 0.002354 0.00644701 0.0452328 0.0170632 -0.0014307 -0.00200572 -0.00804571 0.00298173 0.000402623 -0.00351743 -0.00334018 0.00257272 -0.00325742 0.0242629 0.0128544 0.0134636 -0.00327053 -0.000943629 -0.0017114 0.00677245 -0.00146304 -0.00680224 -0.00232575 -0.00786498 0.0211667 -0.000890172 -0.00212262 -0.00214938 -0.0186352 0.00839717 -0.000543357 -0.0036785 0.00316642 -0.00148189 0.00617184 0.0234494 -0.000602792 -0.00106631 -0.015426 -0.0112315 -0.0124321 -0.00674916 -0.028052 -0.00361316 -0.00871778 -0.0154489 -0.013628 -0.00373336 0.00615699 -0.00110014 -0.00281858 -0.00739267 -0.00948384 -0.000501135 0.0343567 0.0148614 0.0143025 7.05306e-05 -0.0140792 -0.0147205 
0.00615923 -0.000811416 -0.00477491 0.00190487 0.0160479 -0.0232288 -0.00898534 0.0893545 0.00709264 0.00064684 0.0229255 0.00103202 -0.00864817 -0.00112924 0.0066787 0.0126242 0.00451182 0.00690113 -0.0163451 0.000398943 -0.0482316 -0.0173283 0.0148223 0.00694878 0.00682068 0.0173045 -0.0021564 0.0075096 0.0283101 0.00620124 0.0232197 -0.014317 0.00943629 -0.00895024 -0.0133732 -5.92208e-05 8.09141e-05 -0.000323885 0.000748794 -0.0267114 -8.20094e-05 -0.00135448 -0.0453186 -0.0422139 -0.000726773 0.00791277 0.0174779 0.000476199 0.000122781 0.00526732 0.000944911 -0.00257365 9.66822e-05 -0.0132539 -0.00139154 -0.00424863 -0.00341951 -0.000429731 -0.00162103 -0.0179992 -0.000647262 -0.000592913 0.00094345 -0.00251374 -0.0114557 0.00213692 -0.000600586 0.00125975 0.00441514 -0.00502368 0.0123449 -0.00118105 -0.00865361 0.000932885 0.0145529 -0.0130851 -0.00395672 -0.0134701 0.00213899 -0.0139081 -0.000570383 0.00914119 0.023749 -0.00203971 -0.000964189 0.0018907 0.0115432 0.02831 -0.00922711 0.000402034 0.0165387 0.0106475 0.000164894 9.99719e-05 -0.0503575 -0.00680014 0.00273083 0.000305593 0.00176152 -0.00093502 
-0.00137817 -0.00449002 -0.00438704 -0.00294255 -0.000312027 0.00291839 -0.00582488 0.00709264 0.0936561 0.000979415 -0.00525267 -0.000449031 -0.00270554 0.00576753 0.0039606 -0.000722057 -0.00690921 -0.0088703 -0.00183509 -0.00449414 -0.00312409 0.00669795 -0.00150943 0.00517928 -0.00191212 0.00523486 0.00608345 -0.00317878 0.000655549 -0.00159251 0.00767536 0.00231358 0.00154553 -0.00265164 0.0146865 -0.000342505 5.24053e-05 -0.00163131 -0.00142121 0.00583694 -0.00179273 -0.000555514 -0.000327081 -0.00445715 -0.000789513 0.000164303 0.00603627 -0.00508376 0.000450182 -0.00286294 -0.00193557 -0.00141372 -0.000353343 -0.00231577 -0.00315371 0.000471517 0.0108336 0.00104472 -0.00169956 0.0237246 0.000369251 -0.00165178 -0.00169311 3.87806e-05 -0.0065536 0.000342713 -0.00122034 0.000720873 -0.00589944 0.0085474 -0.00293307 -0.00153255 0.00232649 -0.000488725 0.00121928 -0.0122266 -0.00636216 -0.0138678 0.00523971 -0.011552 -0.00184869 0.00108653 -0.0115082 0.00115734 -0.00596622 -0.00396889 -0.00330305 0.00448366 -0.0121674 -0.000513691 -0.000958621 -0.00202074 -0.00467531 -0.000686988 -0.0143836 -0.00494813 -0.00385331 -2.52947e-05 -0.00613845 -0.000968763 
-3.51447e-05 -0.00500451 -0.00343098 -0.00318558 0.00316682 0.00372809 -0.0030654 0.00064684 0.000979415 0.0960012 -0.000124838 0.00208213 -0.0123084 -0.00363911 -0.00565633 0.0068543 -0.00946924 -0.0120866 0.00996149 -0.00194732 0.00330501 -0.0083263 0.0109378 -0.0108065 -0.000916386 0.00467227 0.0315884 -0.00470783 0.0146751 -0.00133961 -0.00621423 -0.000919854 -0.0117655 -0.00965307 6.56514e-05 0.000599025 -0.00032041 -0.00113788 -0.000180367 -0.00489553 -0.00157618 -0.000769176 0.00524808 0.0160182 0.000106459 0.00340012 -0.0108293 -0.00165411 0.000655574 0.00247062 -0.00515034 -0.00278212 0.00161964 0.00415093 0.000748973 -0.0118563 -0.00850201 0.000120929 -0.000840857 -0.0119618 -0.000386118 -0.00119338 -0.00162383 -0.00649087 -0.00317291 -0.000688434 -0.000891245 0.00071549 0.0138219 0.000209649 0.00498794 -0.000605451 -0.0166368 0.000345849 0.0149674 -0.00410196 -0.00523674 -0.00397094 -0.00734568 0.0248157 -0.00133281 -0.00450884 -0.00595551 7.89908e-05 -0.00574696 -0.00683166 -0.00973837 0.00105846 -0.0028473 -0.000585164 0.00255348 -0.00253257 -0.00455867 -0.00062265 0.00320166 0.00390065 -0.014195 3.26276e-05 -0.00733577 0.00170206 
0.00667642 0.00353209 0.000803588 -0.00909918 0.00460543 0.00360556 -0.0155716 0.0229255 -0.00525267 -0.000124838 0.165528 -0.000879649 -0.0116554 -0.00361203 -0.0176417 0.0241064 0.00641277 0.0151465 -0.00811479 0.00512729 -0.0240067 -0.0330039 -0.00890931 -0.0192142 0.00574012 0.00989657 -0.00853333 0.0209537 0.0298833 0.00854516 0.0130686 -0.0171986 -0.00939159 -0.0128489 -0.0205318 0.00167711 5.23359e-05 -0.000413283 0.00755097 -0.0142463 0.0033536 0.00114279 -0.0132017 -0.033086 -0.000674694 0.00543716 -0.0143844 0.00673425 -0.00162257 -0.00378374 -0.00150791 -0.00133266 0.00642065 -0.0195675 -0.00144856 -0.00765354 -0.00802488 -0.000389606 -0.00206999 -0.0260111 0.00047606 0.0056031 0.00109853 0.00695755 -0.0057846 -6.24011e-05 0.000913274 0.00127844 -0.00844193 -0.00859677 -0.00207611 -0.00263338 -0.0167281 0.00327473 0.00887561 -0.0208365 -0.00437005 -0.0130025 0.0259199 0.00543701 -0.00332561 -0.00723125 0.0364622 0.00126158 0.00318656 0.00473432 0.0052033 0.00314631 0.01036 0.000165059 0.0111425 0.00208212 0.00289385 0.000376075 -0.0409218 -0.00811576 -0.00894056 -0.000193466 0.018668 -0.0121726 
4.63763e-05 -0.000467636 -0.000356051 0.000640449 0.000921717 -0.00223431 -0.000315329 0.00103202 -0.000449031 0.00208213 -0.000879649 0.00988927 -0.000293351 -0.000207554 -7.24673e-05 0.000179258 -0.000941276 -0.000739016 -0.00135951 0.000653447 3.91989e-05 -0.000356534 -0.0033473 -0.000817616 0.000177891 0.000285801 7.8577e-05 -0.000145575 -0.00138019 -1.36621e-05 -0.00101279 0.000677141 0.000264613 0.00125829 0.00164074 0.00019187 0.00011381 0.000173343 -5.10731e-05 -0.00200232 4.49622e-05 -4.42457e-05 -0.00212622 -0.000262631 0.000432099 0.000824325 0.00133405 -0.00021662 0.000115349 5.2515e-05 -0.000319311 0.000465641 6.82259e-05 0.00179633 0.00105371 -0.00174923 0.000433413 0.000467388 -2.47927e-05 -0.00171833 -5.97089e-05 -0.00024377 1.6275e-05 -0.000662933 -0.000781455 6.80602e-05 0.000355679 0.000504622 5.93408e-05 0.000405736 0.00170566 0.000132595 -0.0011124 0.000132358 0.00399106 0.000682461 -5.98966e-05 0.000388023 -0.000455444 -0.00208369 0.000447589 0.000757394 -0.000396074 -0.00019875 -9.28394e-05 -0.000762756 -0.000776051 -0.000178804 -0.00144527 -3.53783e-05 0.000985854 -0.000207086 -0.000446147 -2.08041e-05 -0.00284666 -0.000531963 -0.00112912 3.6095e-05 -0.000671801 0.000999676 
-0.00216382 -0.00649996 -0.00220093 -0.00464336 -0.0024484 -0.0250247 0.00787819 -0.00864817 -0.00270554 -0.0123084 -0.0116554 -0.000293351 0.133616 -0.00295283 0.0208323 -0.00747695 -0.00514723 -0.0120556 0.00812341 0.00390544 -0.0027534 0.0248095 -0.0171782 -0.0107797 -0.00725449 -0.000175681 -0.0427953 -0.00785201 -0.0150954 -0.00450919 -0.00591839 0.0305957 0.030083 0.0134129 -0.0163152 0.000686489 -9.67855e-05 -0.0029816 -0.00203331 -0.00547657 0.00293201 -0.00131244 -0.0113938 -0.0153441 -8.04627e-06 -0.00177154 0.0286856 -0.00257144 -0.00012194 -0.00536424 0.00716178 -0.0030249 -0.00339288 -0.019372 -0.000198732 -0.00351314 0.0205096 -0.00105393 0.00316151 0.0244094 0.00123596 -0.00385398 -0.00269599 -0.00859784 -0.00142585 -0.00148772 -0.00202184 -0.00103422 -0.0124518 -0.00770935 -0.00397122 0.00570158 0.0226425 -0.00123489 -0.00425477 0.0256231 -0.00284133 -0.00327438 0.00028988 -0.0344392 0.00532667 0.0222553 -0.000918711 0.00349072 -0.000625765 -0.00185485 -0.0100673 -0.00149891 0.0116148 -0.000634911 -0.00319797 -0.00658404 -0.0069519 -0.000719048 -0.0137857 -0.00509584 0.0228023 -0.000313726 -0.0108465 -0.0115129 
-0.000403661 0.00528714 -0.000443146 0.00351831 0.000107972 -0.000279639 -0.00594718 -0.00112924 0.00576753 -0.00363911 -0.00361203 -0.000207554 -0.00295283 0.039322 -0.00303929 -0.00155563 0.00811067 0.0100208 -0.00123816 -0.00129398 -0.00701985 -0.002318 -0.00492889 0.00849532 0.0036927 -0.00150896 -0.0118128 0.00569572 -0.0037946 0.00048349 -0.000253195 -0.00393913 -0.00189487 -0.000859966 -0.00316058 -6.3973e-05 -9.06484e-05 -0.000662934 0.000496937 -0.00514047 2.09276e-05 -0.000302955 -0.00781604 -0.00768451 0.000516594 -5.58143e-05 -0.00562482 0.00367521 -0.000103836 -0.000790006 0.000326356 -0.000529923 0.0012231 -0.00309226 -0.00119572 -0.000785584 0.0149868 0.00150947 0.000207378 -0.0101394 0.000478401 -0.000232236 0.000429371 0.00165212 -0.00283602 -0.000276076 0.000127008 0.000983408 -0.00233763 -0.000824557 -0.00129204 -0.0009518 0.00817199 -0.000203934 -0.00326692 -0.00675265 0.000617193 -0.00396007 -0.0041195 -0.00155712 -0.00129711 -0.00161414 0.000469356 0.00125692 0.00282005 0.00903514 0.00925633 -0.000111414 -0.00314736 0.000379912 -0.000136175 0.00430822 0.00174006 -4.57784e-06 -0.0129059 -0.00144457 -4.71337e-05 -5.96035e-05 0.00575397 -0.000254309 
-0.000560308 -0.00317921 -0.00385423 -0.00201529 0.00173233 -0.0220388 -0.0120844 0.0066787 0.0039606 -0.00565633 -0.0176417 -7.24673e-05 0.0208323 -0.00303929 0.118846 -0.000176648 -0.00221131 -0.000285098 -0.00973002 -0.000177071 -0.0317161 0.0153221 0.00844164 -0.0115304 0.000935628 0.00538131 0.00173855 -0.00528931 0.00505289 -0.00184825 -0.000726343 0.0156746 0.0404814 0.011086 -0.0234942 0.000244411 -0.000183474 -0.00211662 -0.00230847 -0.0156411 0.00192242 -0.00152609 -0.0588352 -0.0444029 -0.000270007 -0.000593863 0.0379736 0.000417312 -0.000807486 0.000280106 0.00271793 -0.00361554 -0.00252576 -0.011865 -0.00540114 -0.0064506 0.00325618 -0.000807806 -0.00067665 0.0211537 0.00218818 -0.000504284 -0.00229844 -0.00926517 0.0047691 -0.000965474 -0.00171501 -0.00131239 0.00600202 -0.00622845 0.00257697 0.00100653 -0.0107799 0.00135288 -0.00291826 0.00496933 -0.00780151 -0.0198153 0.0210867 -0.0319524 0.000326316 0.0297637 0.0149824 0.00167232 0.00155207 0.0010673 0.00278881 0.00864011 -0.00366567 0.000503725 -0.000430045 -0.000564414 -0.00118437 -0.000427939 -0.0531299 -0.00552038 0.0254775 -0.000125152 -0.00209848 0.0232017 
0.00137937 0.00421261 -0.000454094 0.00109385 0.00398649 -0.00252405 -0.00873774 0.0126242 -0.000722057 0.0068543 0.0241064 0.000179258 -0.00747695 -0.00155563 -0.000176648 0.0538724 0.00429887 0.0122656 -0.0120196 0.00397979 -0.0240899 -0.0220375 0.00428932 0.000675948 0.0046073 0.00660736 -0.00700868 0.014864 0.0163764 -2.70422e-05 0.00422498 -0.00672993 -0.00288643 -0.0050829 -0.00947485 5.19499e-05 0.000138143 0.00664036 0.00350375 -0.0278007 -0.000666105 -0.000502443 -0.0206797 -0.0233787 -0.000631313 0.0044211 -0.00200381 0.00453769 -0.000254392 0.00479932 0.0048365 -0.000697904 0.00590401 -0.011273 -0.00198872 -0.00884992 -0.00599205 3.69301e-05 -0.000410817 -0.0204896 0.000735619 0.00154035 -0.00016183 0.000309732 -0.00420151 0.000232596 0.0039028 0.000827225 0.00243522 -0.00316098 0.00224306 -0.00120543 -0.00428416 0.000545363 0.00347765 -0.00885423 0.000568985 -0.00447024 0.0109397 -0.00236961 0.000217924 -0.000984089 0.0141616 1.1723e-05 0.00806509 0.00151997 0.00272657 0.00221681 0.0035742 0.000537784 0.00694559 0.00266247 0.00226376 -0.000119451 -0.0272068 -0.00243731 -0.00056622 0.000103994 0.00797781 0.000532967 
0.000239695 0.0355527 0.0170469 0.0215663 -0.00147015 -0.0318521 -0.0181808 0.00451182 -0.00690921 -0.00946924 0.00641277 -0.000941276 -0.00514723 0.00811067 -0.00221131 0.00429887 0.102781 0.0592498 -0.0465105 -0.00189608 -0.0586741 -0.0313949 -0.0143313 -0.00784307 0.0338597 -0.00332311 -0.0262941 0.00851969 -0.0254335 0.00171865 -0.00685307 -0.0125755 0.00884148 -0.00728469 -0.00961046 0.000602793 0.000551382 0.00429166 0.00366498 -0.0372613 0.00339652 -0.00140919 -0.0557973 -0.0533093 0.000880766 0.000251294 -0.00771607 0.00428398 -0.000961758 0.00371358 0.00175292 -0.00332349 0.00222126 -0.0167831 -0.00314734 0.0287441 0.00491726 -0.000432079 0.00572087 -0.0471779 0.00302392 -0.0013265 0.00995559 -0.00251903 -0.0157083 -0.000107222 0.0050209 -0.000959094 0.00135559 -0.00581905 -0.00036718 -0.0026282 0.0256415 0.00360912 -0.00650149 -0.0202119 0.0248374 -0.0245826 -0.0150174 -0.0367854 -0.00628133 -0.00199689 0.0370146 0.00210658 0.0341996 0.0453765 0.0558802 -0.000628301 -0.0242177 0.00358536 0.00189864 0.0240692 0.0376035 0.00352944 -0.0507412 -0.00666218 0.0322675 0.000109573 0.0456255 0.00417177 
0.00221325 0.0434168 0.0238491 0.0336151 0.00148188 -0.0334615 -0.0203268 0.00690113 -0.0088703 -0.0120866 0.0151465 -0.000739016 -0.0120556 0.0100208 -0.000285098 0.0122656 0.0592498 0.117222 -0.0445826 0.00482855 -0.0781845 -0.056423 -0.0192385 -0.00385625 0.0367446 -0.00224498 -0.0543216 0.0269881 -0.0208481 0.00827883 -0.00620387 -0.016567 -0.00444635 -0.000239553 -0.025835 0.00113563 0.000249881 0.00599284 0.00764406 -0.0751292 0.00587671 -0.00213883 -0.080796 -0.0791216 0.0022042 7.34616e-05 -0.0102539 0.00955233 -0.00128896 0.00720572 0.00802389 -0.00129318 0.0105164 -0.0177816 -0.00489189 0.0300024 -0.0036631 0.000363276 -0.000574616 -0.061232 0.00311333 -0.000252433 0.0131828 0.00597554 -0.0137249 -0.0014871 0.00785437 -6.83524e-05 -0.0137683 -0.00738994 -0.00343577 -0.00359426 0.00632006 0.00399138 -0.00565996 -0.02127 0.034442 -0.0261935 -0.00559663 -0.0359689 -0.00394427 -0.00101607 0.0502632 0.000506134 0.0531785 0.0605152 0.0747616 -0.0022379 -0.021663 0.00402697 0.0030299 0.0396198 0.0438019 0.00544704 -0.0724569 -0.00933905 0.0490319 0.000199328 0.0667839 -0.00905951 
-0.00704113 -0.0278569 -0.0133383 -0.0146916 -0.00830186 0.0444121 0.0197804 -0.0163451 -0.00183509 0.00996149 -0.00811479 -0.00135951 0.00812341 -0.00123816 -0.00973002 -0.0120196 -0.0465105 -0.0445826 0.167899 -0.00427218 0.0609503 0.031555 0.0117395 -0.00390129 -0.0293624 -0.0150415 0.00168262 -0.00924826 0.0185508 -0.0095789 -0.00482782 0.00744011 -0.0123658 -0.00270647 -0.0220531 -0.00391983 -0.00194492 -0.00885479 -0.00323581 0.0313036 -0.0041233 -0.00204018 0.0591064 0.0641751 0.000510273 -0.00519249 -0.00814461 -0.00438849 -0.000550471 -0.0106517 -0.0180564 -0.00118256 -0.0037358 -0.00393268 -0.00608667 -0.0195045 0.00527081 -0.000738864 -0.00604225 0.0602434 -0.0032395 -0.00863927 -0.00535301 0.00836044 0.0157418 -0.00350053 -0.00997938 0.000659242 -0.0230613 0.00023577 -0.0109821 0.00287463 -0.0182077 -0.00465098 -0.0150092 0.0272972 -0.00811359 0.0274269 -0.0032342 0.0525899 0.00559875 -0.0107353 -0.0263912 3.1497e-05 -0.0309523 -0.0297333 -0.0418386 -0.00837436 0.0359576 -0.00355266 -0.00930322 -0.0249152 -0.0287663 -0.00379947 0.0519499 0.0108991 -0.0215695 -0.00061502 -0.0307202 -0.0184404 
-0.000235343 -0.0016658 0.00249421 0.00680632 -0.000113731 -0.00552965 0.0074811 0.000398943 -0.00449414 -0.00194732 0.00512729 0.000653447 0.00390544 -0.00129398 -0.000177071 0.00397979 -0.00189608 0.00482855 -0.00427218 0.0493772 -0.00551352 -0.0230226 -0.00438271 -0.000280336 0.000504721 0.00142508 -0.0164089 0.000631312 -0.00773295 0.00105294 0.00639173 -0.00218335 -0.00372508 -0.00410209 -0.00293333 0.000280924 6.95238e-05 0.0034051 0.000471019 -0.0124405 0.00132835 0.00115055 -0.00355589 -0.0164899 -0.00060602 0.00051968 0.00334539 -0.000333324 4.09184e-05 0.00510127 0.00248632 -0.000686873 0.000664574 0.00329481 0.0113189 -0.00239444 -0.00498634 0.00110827 -0.000680649 -0.016928 -0.000258508 -0.0010094 0.00126638 0.00617085 -0.00297566 -0.000307293 0.00272842 -0.000375248 -0.00517717 0.00154342 -0.000951826 -0.00114073 -0.00549591 0.000857186 0.0137404 -0.00256254 0.00281842 -0.0088053 0.00940809 -0.0133249 -0.00134493 0.00253399 0.00332601 0.00433345 0.0075106 -0.000358645 0.00253698 -0.00136931 0.00322804 0.00101736 0.00147002 0.00175161 0.000728977 0.000215324 -0.00761338 -0.00285325 0.00790799 -3.58027e-05 0.00486457 -0.00263005 
-0.00819703 -0.0384644 -0.0186844 -0.0264183 -0.0179626 0.0480898 0.0316495 -0.0482316 -0.00312409 0.00330501 -0.0240067 3.91989e-05 -0.0027534 -0.00701985 -0.0317161 -0.0240899 -0.0586741 -0.0781845 0.0609503 -0.00551352 0.176698 0.0472505 0.00257228 0.000482419 -0.0399511 -0.0121833 0.043583 -0.019527 -0.0252696 -0.0100778 -0.0148405 0.0139248 -0.0320883 0.000297286 0.0400205 -0.00056426 -0.000504869 -0.00371014 -0.00785478 0.0862499 -0.00371971 0.0036902 0.12626 0.118581 0.000331345 -0.00634838 -0.021766 -0.00256277 0.000893814 -0.0103283 -0.01048 0.00566476 -0.00757956 0.0370746 0.00626493 -0.0185787 0.00177878 0.000890828 0.00127366 0.0519476 -0.00470461 0.00247473 -0.010997 0.000877979 0.0233016 -0.000919656 -0.00575486 -0.000842156 -0.00471708 0.0114605 -0.00567269 -0.000752088 -0.00220173 -0.00643558 -0.00368684 0.0166885 -0.0241417 0.0379399 0.000741647 0.0544336 -0.00930647 -0.0240408 -0.0661917 -0.00336438 -0.0403859 -0.0525047 -0.0690121 -0.0273005 0.0181508 -0.00408975 -0.0170909 -0.0424727 -0.0382968 -0.00439582 0.133865 0.0140879 -0.0606401 -0.000452988 -0.0555475 0.00310815 
-0.00534063 -0.0309453 -0.0231293 -0.034146 -0.00171372 -0.00334693 -0.0315055 -0.0173283 0.00669795 -0.0083263 -0.0330039 -0.000356534 0.0248095 -0.002318 0.0153221 -0.0220375 -0.0313949 -0.056423 0.031555 -0.0230226 0.0472505 0.213348 0.0235567 -0.0142689 -0.0281516 -0.0115681 0.0465917 -0.0291891 0.00214185 -0.0138105 -0.0264842 0.0369324 0.0339816 0.0167894 0.0171752 -0.00196983 5.64161e-06 -0.00649713 -0.010093 0.0813759 -0.0063003 -0.00305611 0.0355425 0.0531713 -0.000125059 -0.00631637 0.0134241 -0.0128856 0.000523822 -0.0175262 0.00235228 -0.00199871 -0.01102 0.00404564 -0.0137667 -0.0110608 0.0257074 -0.00347854 0.00349464 0.0836529 -0.00192736 0.00480637 -0.0101775 -0.00448631 -0.00389818 0.000378599 -0.00711078 -0.00136678 0.0178471 -0.00811285 0.00383764 0.00682337 0.0211139 -0.00359897 -0.029558 0.0343356 -0.0283714 0.00802036 -0.000216867 0.00506792 0.00951316 0.00994883 -0.03712 0.00108997 -0.0461184 -0.0343508 -0.053039 -0.00569669 -0.0177437 -0.00160815 -0.0102025 -0.0249301 -0.03229 -0.00330113 0.0584466 0.00381535 -0.0509909 -0.000538123 -0.045874 0.0120409 
-0.000186102 -0.0220788 -0.0216639 -0.00338195 0.00113216 0.00299329 -0.0401664 0.0148223 -0.00150943 0.0109378 -0.00890931 -0.0033473 -0.0171782 -0.00492889 0.00844164 0.00428932 -0.0143313 -0.0192385 0.0117395 -0.00438271 0.00257228 0.0235567 0.239345 0.0209624 -0.0142221 0.00510209 0.0385604 -0.00826179 0.0288012 -0.000248239 -0.00238475 0.00484289 0.000167599 -0.0212278 0.0017463 -0.00333766 -0.000882788 0.00238434 -0.00895747 0.00627212 -0.00813437 -0.00573222 0.000952938 0.0327206 -0.00269343 -0.00229407 0.00276734 -0.00939776 -0.00108052 0.00914678 0.00275995 -0.0081915 -0.00656578 0.00807704 -0.012237 -0.0244049 0.0108741 -0.00145772 0.00350485 0.0148836 -0.00295402 0.00374698 -0.0057188 0.00506199 -0.0175833 -0.00158354 -0.00397967 -0.000940812 0.0242039 -0.0151902 0.0049483 -0.0015499 0.000920245 -0.000695365 -0.0233428 -0.0312366 -0.0136375 -0.00740533 0.00325872 0.0586839 -0.0102453 -0.0040143 -0.0138604 0.00137074 -0.0281811 -0.0239433 -0.0109366 0.0123301 -0.0268848 0.00017662 -0.00428852 -0.00555276 -0.0192842 -0.00246198 0.000677311 -0.00433347 -0.0435687 -0.000795191 -0.0211119 0.0185597 
0.000348422 -0.00278815 -0.00482644 0.0108373 0.00521002 -0.0113699 0.0188774 0.00694878 0.00517928 -0.0108065 -0.0192142 -0.000817616 -0.0107797 0.00849532 -0.0115304 0.000675948 -0.00784307 -0.00385625 -0.00390129 -0.000280336 0.000482419 -0.0142689 0.0209624 0.167154 -0.00600336 -0.000535966 -0.0176336 -0.00645393 -0.0106104 0.00321965 0.00898279 -0.0310448 -0.0146462 -0.0101772 0.0250301 -0.000588432 0.00102512 0.000266723 -0.00394623 -0.0147203 0.000249293 -7.92099e-05 0.0196082 0.00431221 -0.00125468 -0.000479953 -0.00170854 -0.0031439 0.00174821 0.0103656 -0.00501392 -0.00310035 -0.00347303 0.00276782 0.00204737 0.0133526 0.0111887 0.00219501 -0.00495881 -0.0229485 -0.000705999 -0.00338096 -0.00141896 0.0100737 -0.0187897 -0.00123687 -0.0013182 -0.00127215 -0.00963474 -0.00184158 0.00195634 -0.00342534 0.0109973 -0.00177496 0.00330474 -0.00692484 0.00268359 0.0188514 -0.0281117 0.0163899 -0.0116687 -0.000997269 -0.0270652 -0.00245983 -0.00341756 -0.00498975 0.00680024 0.0118173 -0.00796518 -1.57975e-05 0.00195622 0.000143581 -0.0055674 -0.000512297 0.00512277 -0.00106022 -0.0141292 -7.45633e-05 -0.010251 -0.00681317 
9.21136e-05 0.02221 0.0099667 0.0142679 0.0011784 -0.015491 -0.00964189 0.00682068 -0.00191212 -0.000916386 0.00574012 0.000177891 -0.00725449 0.0036927 0.000935628 0.0046073 0.0338597 0.0367446 -0.0293624 0.000504721 -0.0399511 -0.0281516 -0.0142221 -0.00600336 0.0566245 -0.00336903 -0.0230761 0.00835757 -0.00688001 0.000383448 -0.000216794 -0.00786688 -0.00279621 -0.00471327 -0.0101766 0.000809605 8.21314e-05 0.00201497 0.00280155 -0.0326618 0.0008957 -0.00100838 -0.033606 -0.0340232 0.000880407 0.000352605 -0.00214934 0.000259445 -0.000372506 0.00295661 0.00192547 -0.0016673 0.0026437 -0.00810481 -0.00191111 0.0185728 -0.00351288 -0.000242178 0.000723118 -0.0279292 0.000598492 -1.74976e-05 0.00467685 -0.00161161 -0.0086265 -0.000528079 0.00469978 -0.000613448 -0.00297097 -0.00334495 0.000291304 -0.00149004 0.00520057 0.00249188 -0.00214284 -0.0101114 0.0103236 -0.0122558 -0.00711889 -0.017406 -0.00329464 0.00123799 0.0284857 -0.00144589 0.0218873 0.0281143 0.032637 0.000766695 -0.00965592 0.00254139 0.00458252 0.0188209 0.0231431 0.00157485 -0.0339341 -0.00396463 0.0194322 6.27123e-06 0.027942 -0.000813534 
0.00530494 -0.00145093 -0.00222129 -0.000697961 0.00663699 -0.00659881 -0.00331732 0.0173045 0.00523486 0.00467227 0.00989657 0.000285801 -0.000175681 -0.00150896 0.00538131 0.00660736 -0.00332311 -0.00224498 -0.0150415 0.00142508 -0.0121833 -0.0115681 0.00510209 -0.000535966 -0.00336903 0.0699184 0.0156267 -0.00169641 0.0125587 0.00412697 0.01676 -0.00502872 -0.00452408 -0.00334798 -0.0022427 0.000576249 0.000232684 0.00071146 -0.000236224 -0.0155696 0.00137106 8.09985e-05 -0.0205653 -0.0164779 -0.000395443 0.00640769 0.0033118 -0.000689142 0.00114246 0.00556297 0.00171968 -0.000966224 -0.000851178 -0.00198996 0.00214168 -0.0108514 -0.00301982 -0.000319234 -6.80273e-05 -0.0104868 -0.000128786 0.0017738 0.000150852 -0.00272515 -0.00441984 0.00093109 -0.000448459 0.000302248 0.00507156 -0.000414035 0.000232376 -0.000521576 -0.00624787 -0.000206224 0.0138288 -0.00994281 -0.00385105 -0.0133271 0.00842134 -0.0165918 -0.00191378 -0.00110094 -0.0048168 0.00128831 -0.00326596 -0.00181363 0.00304054 0.00947136 -0.00307773 -0.000266116 0.00611361 0.00388335 -0.00295807 4.10974e-05 -0.0176559 -0.00418944 -0.00327784 0.00022017 -0.00395264 0.00580493 
0.00466248 -0.024653 -0.0197666 -0.016446 -0.000391215 0.0289307 -0.0353413 -0.0021564 0.00608345 0.0315884 -0.00853333 7.8577e-05 -0.0427953 -0.0118128 0.00173855 -0.00700868 -0.0262941 -0.0543216 0.00168262 -0.0164089 0.043583 0.0465917 0.0385604 -0.0176336 -0.0230761 0.0156267 0.249594 -0.0307966 0.0339918 0.00136624 -0.00680647 0.00098196 -0.00314097 -0.00804936 0.016496 -0.00157736 -0.000211801 -0.00355283 -0.00639642 0.0610533 -0.00713091 0.00104662 0.0318184 0.0575216 0.000396666 0.00244845 -0.0127523 -0.0131194 0.000825762 0.00360178 -0.00136547 -0.000984219 -0.00906953 0.0199427 -0.000822622 -0.0371506 -0.00730995 -0.000774612 -0.00176795 0.0164663 -0.00305917 0.00107796 -0.0078131 -0.00146368 0.0150057 0.00321242 -0.00366988 0.00138925 0.0479867 0.00785917 0.00589348 -0.00545359 -0.0331603 -0.00188974 0.0149365 -0.0226471 -0.0265449 -0.0107551 0.00176591 0.0103409 -0.00916077 -0.011072 -0.0379487 -0.004598 -0.0364241 -0.0377048 -0.0435135 -0.000677506 -0.0174838 -0.00264137 0.000415384 -0.0235121 -0.0242168 -0.00306738 0.0483785 0.0109984 -0.0563187 0.00035807 -0.0380894 0.036007 
-0.000376891 0.014258 0.00349336 0.00448389 -0.00100214 -0.0128704 -0.00757761 0.0075096 -0.00317878 -0.00470783 0.0209537 -0.000145575 -0.00785201 0.00569572 -0.00528931 0.014864 0.00851969 0.0269881 -0.00924826 0.000631312 -0.019527 -0.0291891 -0.00826179 -0.00645393 0.00835757 -0.00169641 -0.0307966 0.0682542 0.00101362 0.00242465 -0.000473694 -0.0061701 -0.00783569 -0.00298071 -0.0117815 0.00013632 3.31526e-06 0.00396008 0.00748226 -0.0304205 0.000278895 -0.00117726 -0.0250667 -0.0221466 0.000116386 0.000429241 -0.00863728 0.0144345 -0.000831701 0.00127328 0.00707391 0.00144866 0.00955347 -0.00640309 -0.00295501 -0.00822433 -0.00260171 0.000321508 0.00111244 -0.0248931 0.000664013 0.00392945 -0.000622452 0.00424194 -0.00301478 -0.00037286 0.00344474 0.00178593 -0.00587865 -0.00311314 0.00139509 2.66826e-05 0.00306306 0.00210977 -0.00564144 -0.00672742 0.00465051 2.04282e-05 0.00140051 0.00584741 0.00182508 -0.0036349 0.0271985 -0.000675883 0.0162237 0.0111794 0.0133043 -0.00205112 0.00632779 0.000238636 0.00189805 0.00795976 0.00474388 -0.000292823 -0.0295287 -0.00477706 0.00835392 -1.1435e-05 0.0149151 -0.00470411 
0.00543495 -0.0123995 -0.0139649 -0.0135462 0.0108361 0.0277285 -0.0390204 0.0283101 0.000655549 0.0146751 0.0298833 -0.00138019 -0.0150954 -0.0037946 0.00505289 0.0163764 -0.0254335 -0.0208481 0.0185508 -0.00773295 -0.0252696 0.00214185 0.0288012 -0.0106104 -0.00688001 0.0125587 0.0339918 0.00101362 0.202076 0.00275948 0.0209834 -0.00954943 0.00393116 -0.00297503 -0.0512006 -0.000953118 -0.000874287 -0.00423667 0.000818354 -0.024376 -0.00395064 -0.00414382 -0.0207637 -0.0111589 -0.00285748 0.00386164 0.0152182 -0.00657443 -0.00179722 0.00325303 -0.00913868 -0.00567808 0.000322811 -0.0358031 -0.00981726 -0.0439774 -0.0116011 -0.00222717 -0.00457885 0.0283005 -0.000225797 -0.00381246 -0.00423672 0.000253781 0.000373069 0.00144925 -0.0037548 0.00342057 0.00924255 -0.0138999 -0.00446308 0.00238297 -0.034133 -0.000834579 0.000790411 -0.00370008 -0.0158788 0.00548252 0.0266178 0.0165931 0.0192748 0.00676909 0.0195743 0.00100887 -0.0146908 -0.0187114 -0.0216127 0.018599 0.0576472 -0.00181392 0.00687974 -0.00893274 -0.0141244 -0.00201762 -0.0279161 -0.00540679 -0.0203886 -0.000108569 -0.0156294 -0.0133941 
0.0066357 0.00169492 -0.000150201 0.00789598 0.00247567 0.000917805 -0.00197005 0.00620124 -0.00159251 -0.00133961 0.00854516 -1.36621e-05 -0.00450919 0.00048349 -0.00184825 -2.70422e-05 0.00171865 0.00827883 -0.0095789 0.00105294 -0.0100778 -0.0138105 -0.000248239 0.00321965 0.000383448 0.00412697 0.00136624 0.00242465 0.00275948 0.0321665 0.00293203 -0.00429286 -0.00377534 -0.000872104 -0.00408707 0.000140348 2.36604e-05 0.000126189 -6.66661e-05 -0.00968329 0.000281471 0.000295428 -0.0092643 -0.00909649 -7.77343e-05 0.0019772 -0.00330271 0.000849637 -0.000285428 0.00566945 0.000684871 -0.000367415 0.000203599 -0.00367021 0.000394792 -0.00530537 -0.0029628 0.000677571 -0.000769785 -0.0101981 -3.52219e-05 0.000184163 0.00354565 0.0029173 -0.000838564 0.000543211 0.000273641 0.000238147 -0.000183804 0.000250099 -0.000835864 -0.000708402 -0.00379202 -6.16372e-05 0.00547014 -0.0048957 0.00225106 -0.00485896 1.08145e-05 -0.00440483 -0.00185407 -0.000761065 0.00156202 3.32486e-05 0.00352946 0.00076884 0.0103609 0.0033136 -0.00318841 0.000592787 0.00382112 0.00732845 0.00143525 0.000235184 -0.0129575 -0.00199818 0.000522779 4.45118e-05 0.0018475 -0.00306561 
0.00215459 -0.00562361 -0.00234884 -0.00434707 0.00798165 -0.00721598 0.0190669 0.0232197 0.00767536 -0.00621423 0.0130686 -0.00101279 -0.00591839 -0.000253195 -0.000726343 0.00422498 -0.00685307 -0.00620387 -0.00482782 0.00639173 -0.0148405 -0.0264842 -0.00238475 0.00898279 -0.000216794 0.01676 -0.00680647 -0.000473694 0.0209834 0.00293203 0.112308 -0.019954 -0.00191385 -0.011737 -0.00827835 -0.000633392 -6.51576e-06 -0.00125607 6.43833e-05 -0.00364321 0.00024612 -0.000544513 -0.00621905 -0.0206035 -0.00154924 0.000522679 0.012331 -0.00577735 0.000380797 0.00122875 -0.00333402 -0.00278506 0.00123786 -0.00254353 0.00692685 -0.000776014 0.0042676 -0.000592815 -0.00015749 -0.00955878 -0.000481775 -0.00318702 -0.000281074 -0.00382344 0.00575327 -0.000373607 -0.000451505 -3.67078e-07 -0.000252849 -0.00176257 -0.00275833 -0.000665503 -0.00476419 -0.000268629 0.00699421 -0.0167068 -0.00356991 -0.0127625 0.00773922 -0.0133274 -0.00261288 0.00132158 -0.00403045 0.00159802 -0.0044629 -0.00790943 -0.00347761 0.0153718 0.0164507 7.18876e-05 0.006088 -0.000225177 -0.00470987 -0.000526049 -0.021228 -0.00514889 -0.000100974 6.0813e-05 -0.00509738 -0.00482305 
-0.00154683 -0.00770916 -0.00853707 -0.00880087 -0.00384182 -0.0134709 -0.0171746 -0.014317 0.00231358 -0.000919854 -0.0171986 0.000677141 0.0305957 -0.00393913 0.0156746 -0.00672993 -0.0125755 -0.016567 0.00744011 -0.00218335 0.0139248 0.0369324 0.00484289 -0.0310448 -0.00786688 -0.00502872 0.00098196 -0.0061701 -0.00954943 -0.00429286 -0.019954 0.148902 0.00330774 0.0292726 -0.0183074 2.95743e-05 -0.000257317 -0.000758576 -0.0027853 0.0136298 -0.00260929 -0.00136344 -0.00535103 0.0183794 0.000516416 -0.00173264 0.0155446 -0.00314991 0.000683447 -0.00479175 0.0159774 -0.00184502 -0.00337206 -0.00544567 -0.0061516 -0.0268355 0.000515411 -1.90353e-05 0.00278755 0.0397571 -0.000120682 0.0101869 -0.00259541 -0.000926575 -0.0155604 -0.000514012 -0.00142384 -0.000545095 0.00159547 0.00404047 -0.00682021 0.00354268 0.00722476 -0.00100106 -0.00796102 0.0286252 -0.0112848 0.0123022 0.00960296 -0.00237725 0.0136959 0.00318557 -0.0200239 -0.00355933 -0.015905 -0.0136874 -0.0135219 -0.00804878 -0.0134701 -0.00104269 -0.00463872 -0.00941308 -0.00892105 -0.00109862 0.000383746 0.00381665 -0.0188774 -0.000184776 -0.0147855 0.00161425 
-0.00181574 -0.00662762 -0.00666855 -0.00480386 0.00381734 -0.030462 -0.0149762 0.00943629 0.00154553 -0.0117655 -0.00939159 0.000264613 0.030083 -0.00189487 0.0404814 -0.00288643 0.00884148 -0.00444635 -0.0123658 -0.00372508 -0.0320883 0.0339816 0.000167599 -0.0146462 -0.00279621 -0.00452408 -0.00314097 -0.00783569 0.00393116 -0.00377534 -0.00191385 0.00330774 0.124828 0.00336093 -0.00377669 -3.73596e-05 -8.43247e-05 -0.0019136 -0.00115835 0.00692061 -0.00108765 -0.00131067 -0.0368383 -0.0408481 -0.000372604 -0.00103501 0.0445687 -0.0042886 -0.000693503 -0.00507748 0.00412473 -0.000173411 -0.00247549 -0.00392823 -0.00325692 -0.000382122 0.0157783 -0.00124738 -0.00108399 0.00612483 0.00226227 -0.00232078 -0.00196044 -0.00818818 -0.0100024 0.00134524 -0.00156598 -0.00145241 0.00491776 -0.00649921 0.00290081 0.0021553 0.00914574 0.00184272 -0.00993688 -0.00304021 -0.00536671 -0.0162309 0.0094872 -0.036556 0.0047913 0.0332438 0.0195288 0.00761293 -0.00435935 -0.00206713 -0.00982771 0.00818744 -0.00709448 -0.000253706 -0.00181341 -0.00507924 -0.00576049 -0.00082883 -0.0368764 -0.00484979 0.0183515 -0.000148874 -0.00587483 0.014238 
0.00185266 -0.00348265 -0.00101317 -0.00221122 -0.000945593 -0.00472038 -0.00166043 -0.00895024 -0.00265164 -0.00965307 -0.0128489 0.00125829 0.0134129 -0.000859966 0.011086 -0.0050829 -0.00728469 -0.000239553 -0.00270647 -0.00410209 0.000297286 0.0167894 -0.0212278 -0.0101772 -0.00471327 -0.00334798 -0.00804936 -0.00298071 -0.00297503 -0.000872104 -0.011737 0.0292726 0.00336093 0.102767 -0.00965571 0.00147583 3.33505e-06 0.000260922 -0.00193136 -0.0119957 -0.00025658 -0.00170222 -0.00891671 0.00236873 0.000845838 -0.00109884 0.0197496 -0.00496019 0.000903607 -0.00199224 0.0122443 7.4691e-05 -0.00140947 -0.00331891 -0.0033004 -0.0138096 0.00113964 -0.000796396 0.00013716 0.0204953 0.000204694 -0.000667348 -0.000646925 -0.00673675 -0.0101976 -0.000831914 -0.000199059 -0.00110945 -0.00858515 0.003728 -0.00344452 0.00120362 0.000966014 -0.000531598 -0.00392625 0.0313368 -0.000967092 0.0214851 0.00184254 -0.0281234 0.0185262 0.00460176 -0.00931032 -0.00160697 -0.00180884 -0.00455188 -0.00418717 -0.00360735 -0.00391102 -0.000247144 -0.00279691 -0.0027991 -0.0028545 -0.000415389 -0.000374126 -0.00253694 -0.0105045 8.60812e-05 -0.00567794 -0.000982042 
