0.0343921 -0.000104218 -0.000821941 -8.26986e-06 -0.000321612 0.00101107 9.92753e-05 -0.000260392 -0.0034925 -0.00120785 -2.82664e-05 -0.00165535 1.14259e-05 -0.000707367 -0.00198346 -0.00158091 -0.00171835 -0.00251718 0.000616854 -0.000160651 0.00145194 0.00106293 -0.000481314 0.000229065 -5.56352e-05 0.000726253 -0.00110587 -0.00176973 -0.00085298 0.000133451 0.000579566 0.000745281 -0.00128805 0.000437056 -0.00125674 -0.00159823 -0.00221747 -0.000113447 -0.000897547 -0.00113933 -0.00038018 -0.000348632 0.00197591 -2.75501e-05 5.77275e-06 -0.000378741 -0.000287429 -9.76719e-05 -2.44453e-05 0.00161134 -0.0125309 -0.00075351 -0.000498923 -0.000809618 -0.00602814 0.000166377 -0.000948594 0.00091258 0.00989537 -0.00030308 -0.000238908 -0.000446973 -0.00213126 -0.00132186 -0.00173762 -0.000316818 0.00589778 -7.9758e-05 -0.000236913 0.000119363 -5.66934e-05 1.60773e-05 0.00320863 8.97197e-05 3.85981e-05 0.000992075 -0.000250444 -0.00523378 -0.00251821 -0.00131549 -0.000102083 -3.59027e-05 -0.00461252 0.00673721 -0.000747906 -3.51801e-05 -0.00188615 -0.0016414 -2.07153e-05 -0.000269105 0.000750645 -8.84076e-05 -1.90695e-05 2.50828e-05 -0.000314619 0.00306078 0.00158614 4.5639e-05 -8.8723e-05 -0.000122827 
-0.000104218 0.00455625 -2.59462e-05 6.18273e-05 1.35555e-05 0.000321678 4.10598e-05 -8.58307e-05 0.00051837 -0.000184034 0.000452055 0.000680896 8.48288e-06 0.000322513 -0.00312194 0.00263282 -0.00112343 0.00135867 -0.00277988 5.35637e-05 -0.000823426 0.00109665 -0.00163207 -0.00244028 0.00145749 -0.000421047 0.000718099 -0.000957909 -0.000164207 0.000238576 0.00234055 -0.000166343 0.000404593 -4.47785e-05 -0.000112834 -7.53362e-05 0.00117619 6.79977e-05 -0.000181243 0.00109435 6.36731e-05 0.000481671 -0.0015288 -1.69236e-05 2.67917e-05 0.00170232 0.00152269 0.000804736 0.000116423 -0.00356231 -0.000987443 7.0922e-05 -9.02572e-05 0.000138728 -0.00150886 0.000268483 0.00112406 -2.73167e-05 -0.00208078 0.000349526 0.000757973 0.000105288 -0.000249382 8.74191e-05 0.0018639 9.36184e-05 -0.00191248 0.000225028 -0.000157015 2.76051e-05 1.62019e-05 -4.25263e-06 -0.00127608 1.89732e-05 0.000218126 -0.00278866 -7.71531e-05 0.000375838 -0.00100837 -0.000237348 0.000999535 3.05577e-05 0.00137872 -0.00287732 0.000465112 0.000178495 0.000252653 -0.000288322 1.37816e-05 -2.84145e-05 -0.000166475 6.81555e-06 1.54472e-05 0.000219667 -0.000145558 7.6815e-05 0.000961557 7.76808e-05 0.000567326 0.000143885 
-0.000821941 -2.59462e-05 0.0300949 0.000205006 0.00044836 0.000919615 4.51479e-05 -0.000237147 -0.00190444 0.000944231 -2.98216e-06 0.000870568 0.000896436 0.00112064 -0.00329553 0.0025511 -0.00646078 -0.000188458 -0.00321164 0.00213131 -0.00732138 0.00218387 -0.00657201 -0.00661335 -0.000838631 -0.00531624 0.000495401 -0.00517458 0.000120913 0.000292279 0.00182166 -0.0028794 -0.000961498 0.00141951 -0.0019713 0.000132941 -0.00133298 -8.23281e-05 0.00193481 9.10024e-05 9.07861e-05 -0.000257691 -0.00741873 2.24895e-05 -4.34435e-05 0.000135748 -0.000108263 -6.46949e-05 0.000164133 -0.0060511 0.00856246 0.0015337 0.00211599 0.00454549 0.00758484 0.00145532 0.00727735 -0.00028446 -0.00957945 -0.000288332 9.33943e-05 -0.000149287 0.00161685 -0.000179115 0.002788 0.000926166 -0.0104179 0.000113037 0.000707814 0.000821824 0.000106421 0.000466857 -0.0062352 0.000802514 -0.000128853 -0.0105617 0.000917529 -0.000624011 0.00232497 0.00425264 -0.000166795 4.66844e-05 0.00549254 0.000700094 0.000292396 0.000247473 0.000532999 -0.000161104 2.83966e-05 0.000101576 0.00216396 0.000419632 0.000214716 0.00141332 -0.000513995 -0.000638512 -0.00127075 0.000595783 0.000104385 -0.000144023 
-8.26986e-06 6.18273e-05 0.000205006 0.00959387 4.73136e-05 4.17515e-05 6.03074e-05 -3.9135e-05 -0.000705932 0.000118188 1.10357e-05 -0.000235344 0.000271603 -7.48346e-06 -0.00300897 0.00096015 -0.00390762 -0.00116573 -0.00201429 0.000206164 -0.00160932 0.00029848 -0.00270346 -0.00293804 6.54053e-05 0.00066895 0.000102363 -0.00112196 0.00161327 -2.78788e-05 0.00250188 -0.000825613 0.000163735 0.00162339 -0.00121306 0.00328662 -0.000676904 0.00013739 0.000171058 0.0021327 5.67958e-05 0.00026413 -0.00273443 -1.82834e-05 -1.82401e-05 0.00043893 0.000646892 0.000139508 3.53199e-05 -0.00404516 -0.000618611 0.000141093 -3.058e-05 0.00184804 0.00137862 1.34199e-05 0.00375431 0.000166462 -0.000812365 -3.38757e-05 7.35918e-05 0.000243975 -0.000594989 -0.000348013 0.000880629 0.00215852 -0.00222798 0.000145584 0.00127329 0.000150703 4.15524e-05 7.01602e-05 -0.00172688 6.70741e-05 8.32156e-06 -0.00309053 -0.000233049 -0.00102967 0.00032291 0.000923318 4.92167e-05 6.65488e-06 -0.00176898 0.000358782 -0.000124803 6.76765e-05 -0.000313047 -0.000468459 4.32688e-06 -3.60696e-06 0.00100377 0.000259739 2.9767e-05 0.000744977 -3.17511e-05 -0.000178667 0.000271851 0.000178691 6.6202e-05 3.37304e-05 
-0.000321612 1.35555e-05 0.00044836 4.73136e-05 0.0135931 -2.83275e-05 0.000341865 0.00276069 -0.000595162 -0.000498179 -1.18419e-05 0.00148712 -0.000109415 0.000380748 -0.00212241 0.00227922 -0.00275089 -0.000869868 -0.000499444 0.000668306 -0.00194532 -9.47523e-05 -0.00107925 -0.000967109 -0.000279373 -0.000768089 0.000985738 0.00206207 -0.000464537 -7.38926e-05 0.00063099 0.000689063 0.00122345 0.000743947 0.00362213 0.000707748 -0.000160521 6.37002e-05 0.00117843 7.73882e-05 0.00027704 8.20448e-05 0.000538763 3.98934e-05 4.65119e-05 -0.000307988 -0.000123455 -6.55599e-05 0.000239175 -0.00393928 0.00126318 0.000873014 1.12677e-05 0.000535032 -0.00396987 0.000369973 -0.000160359 0.000126824 -0.00465195 3.71033e-05 0.000837973 2.41552e-05 0.000525345 0.00191185 0.000111998 0.000166849 -0.00694194 0.000147042 1.76948e-05 -4.90037e-05 4.25373e-05 2.81828e-05 -0.00325471 5.54578e-05 -2.26335e-05 -0.00384351 0.00149811 -0.00124828 -0.00356582 6.35339e-06 -5.26918e-05 1.9641e-05 -0.000103434 -0.00447678 0.00301066 1.24693e-05 0.000357142 0.000460055 4.90481e-07 3.74099e-05 0.000917309 0.000216569 -1.47063e-06 1.27855e-06 0.00117004 3.48728e-05 0.000202222 6.46325e-05 -5.81286e-06 0.000101467 
0.00101107 0.000321678 0.000919615 4.17515e-05 -2.83275e-05 0.00681335 -2.22301e-06 -0.000160612 -0.00060754 -0.000364827 0.000123083 0.000237726 0.000328514 0.000135687 -0.00358124 0.00154206 -0.00149421 -0.000627456 -0.00358163 0.000120053 -0.00112244 0.00184816 -0.00198552 -0.00229506 0.000429554 0.00101947 0.0016173 -0.000815986 8.88338e-05 0.000285804 0.00196099 1.02219e-05 0.000156126 0.000118977 1.63345e-05 -2.34179e-05 0.000370892 5.17018e-05 -0.000210553 0.000562867 0.000804568 -8.76377e-05 -0.000561964 -4.97573e-06 0.000164571 0.000957675 0.000794903 0.000203338 0.0001515 -0.00215612 -0.00155431 0.000730697 0.000171742 -9.7272e-05 -0.00295761 9.89563e-05 0.00143571 -7.00841e-05 -0.00137725 5.06231e-05 0.000470496 0.000110691 -0.000252926 -7.34211e-05 0.000509093 0.00041814 -0.000495509 0.000145612 -8.52709e-05 1.11735e-05 7.80435e-06 4.65328e-05 -0.000652095 5.82504e-06 0.000167847 -0.00189492 0.000113336 0.00204325 -0.00116595 -0.000315626 0.000296271 5.87324e-05 0.000665843 -0.00359244 0.000173722 1.30874e-05 -0.000368481 0.000748869 8.13372e-06 -9.21088e-05 3.74038e-05 2.51168e-05 3.99017e-05 0.000187761 -5.67395e-05 0.000815355 0.00112878 3.00741e-05 0.000738569 0.000100249 
9.92753e-05 4.10598e-05 4.51479e-05 6.03074e-05 0.000341865 -2.22301e-06 0.00350438 0.000595819 0.000202029 9.86423e-05 4.15915e-07 0.000720849 -3.71811e-05 -2.00732e-05 -0.000330439 0.000376241 -0.000741209 -0.000183652 -0.000502824 3.59213e-05 -0.000535661 0.000109405 -0.000107488 -0.000884136 -0.000118095 -0.000690535 -8.55131e-05 0.000497611 5.26898e-05 0.000332884 0.000122806 0.000484468 0.000170201 -2.11453e-05 0.000921792 0.000773021 -0.000139343 -1.09277e-05 1.81163e-05 -9.58335e-05 -3.20576e-05 0.000206399 -0.000885092 -3.90824e-06 -2.33785e-06 2.21254e-05 3.06404e-05 1.30244e-05 7.70524e-06 -0.00141746 0.000361894 0.000157077 -6.94404e-05 0.000364961 -0.000827026 7.55814e-05 0.000243231 0.000197276 -0.000415029 1.63112e-05 4.04833e-05 -1.20364e-05 -0.000236839 0.000154338 0.000252422 -5.29956e-05 -0.00165674 0.000160379 -3.94138e-05 3.16397e-05 1.42653e-06 1.07717e-05 -0.000731905 9.2444e-06 1.10762e-05 -0.00142249 0.000189167 -0.00064009 -0.000335407 -2.70891e-05 3.44132e-05 1.647e-05 0.000236053 -0.000336612 0.000624893 6.04656e-06 0.000185937 3.0642e-07 1.77227e-06 0.000396568 2.77176e-05 8.27961e-05 4.88188e-05 3.12832e-05 -3.98118e-05 -7.54305e-05 -9.65191e-05 1.2492e-05 1.75944e-05 -2.32699e-05 
-0.000260392 -8.58307e-05 -0.000237147 -3.9135e-05 0.00276069 -0.000160612 0.000595819 0.026284 -0.00100427 -0.00130503 1.58623e-05 0.00582033 -0.000151139 0.000316611 -0.0010482 0.00107194 -0.00125924 -0.00353295 -0.000453052 1.29269e-05 -0.00331411 -5.27383e-05 0.000457309 -0.00299986 -0.000703634 0.000101303 -0.00102294 0.00678857 -0.000155064 -0.000163688 9.36704e-05 0.000221843 0.001489 -8.01401e-05 0.00265416 -1.43799e-05 0.000889174 6.80361e-05 0.00198163 -0.000121412 -3.34994e-05 0.0020998 -0.000639548 0.000248114 6.15988e-05 -0.000332789 -0.000169477 -3.10001e-05 0.000222179 -0.00422982 -0.00225896 0.00155382 -0.000254059 0.00060836 -0.00582503 9.32199e-05 0.000131391 0.000150224 0.00161837 0.000243654 0.000382088 0.000391002 -0.00101988 -6.4303e-05 -0.000901405 0.00217351 -0.0122356 0.00025183 0.000403616 8.90493e-05 -3.56477e-05 2.61591e-05 -0.00576349 0.000226167 -2.09073e-05 -0.00421541 0.00161655 -0.00686935 -0.00423784 0.00259739 5.73785e-05 -6.03094e-06 -0.00275869 -0.00168635 0.00434057 -1.60907e-05 -0.000943942 0.000105986 1.1237e-06 0.000569375 7.6178e-05 0.000682283 -8.98985e-06 0.000375335 0.000532019 -7.26334e-05 -0.000826152 0.000346461 -3.66821e-05 -0.000239149 
-0.0034925 0.00051837 -0.00190444 -0.000705932 -0.000595162 -0.00060754 0.000202029 -0.00100427 0.107045 0.0044224 -1.614e-05 0.0191338 -0.000312954 -0.000428841 0.000197178 0.00990773 -0.0159005 0.0388601 -0.00354015 0.00077841 0.00493706 -0.00287936 -0.00993293 -0.0189744 0.0174155 -0.0357295 0.0030001 0.0416522 -0.00202007 0.00239281 -0.00580163 -0.00662604 0.016859 -0.00282098 -0.0141576 0.006272 0.0231764 0.000461287 -0.00124553 0.0030315 0.000224757 0.00818758 -0.0152561 -0.000210217 -0.000160944 -0.00182593 0.000451793 0.00294974 -0.000176257 -0.0233013 0.00970103 0.000201532 -0.00219904 0.000121708 -0.0307862 -0.000754409 0.00157671 0.000168408 -0.0271094 0.00334662 -0.000514515 0.00221074 -0.00523676 0.00135179 -0.00519895 -0.00510519 -0.0330388 -0.000283351 -0.00371222 -0.000402908 -6.12947e-05 2.01397e-05 -0.00805456 0.000339313 -0.000614494 -0.0289401 -0.00499381 0.00731617 -0.0350416 0.0032062 0.00120835 0.000403282 0.0238453 -0.0347779 0.0011352 0.000138162 0.0223558 -0.000390501 -6.0233e-05 0.00587924 -0.00261198 9.73233e-05 5.71101e-05 -0.000932894 0.000676027 0.0013345 0.00230707 -0.000512321 0.000436927 -0.000550256 
-0.00120785 -0.000184034 0.000944231 0.000118188 -0.000498179 -0.000364827 9.86423e-05 -0.00130503 0.0044224 0.0697748 -7.57232e-05 -0.000988232 0.00212331 0.00122315 0.002712 -0.00130808 -0.0170334 0.00900218 0.00196192 -0.000161035 -0.0153745 0.00217084 -0.0020544 -0.0161358 0.00152884 -0.0131339 -0.00232516 -0.0176164 0.000865998 0.00191585 -0.00414406 0.0135535 0.00242137 -0.00140041 0.00158859 0.0043216 -0.00322568 -0.000392905 -0.00311973 -0.00142628 -0.000591629 0.0010627 -0.0187123 -0.000288613 -0.000243147 -0.0016372 -0.000662232 0.00122554 -0.000111261 -0.00273439 0.0120894 -0.000568022 -0.00172436 0.0100377 0.0113794 -0.000107885 -0.000366744 -0.00102072 -0.0144148 -0.000292995 -0.000543873 -0.000367503 -0.00422773 -0.000711344 0.00452632 0.00282948 -0.00622005 0.000281423 -0.000100642 0.00013256 1.01979e-06 0.000170373 0.00716901 -0.000326664 -0.000396112 -0.0139785 -0.00201452 -0.00311149 -0.00856031 0.000524192 -9.67191e-06 0.000121585 -1.48387e-05 0.00773107 -0.000633696 7.34884e-05 0.0123562 -0.00485532 9.84571e-06 0.00276515 -0.000211397 0.000281355 -3.19178e-05 0.00138227 -0.00138611 -0.00211963 7.91846e-05 0.000134823 -3.1716e-05 -0.000306576 
-2.82664e-05 0.000452055 -2.98216e-06 1.10357e-05 -1.18419e-05 0.000123083 4.15915e-07 1.58623e-05 -1.614e-05 -7.57232e-05 0.00167981 0.000323777 -1.87412e-05 7.05051e-05 -0.00101656 0.000996157 -0.000506076 -3.77773e-05 -0.0010111 3.59919e-05 8.4542e-06 0.0005905 -0.00049738 -0.000560451 0.000401969 0.000193509 0.000245332 -0.000311853 -3.54891e-05 5.75489e-05 0.000958593 -0.000158063 7.97542e-05 -4.78783e-06 -5.88011e-05 2.09288e-05 0.000262799 5.07107e-05 -3.45525e-05 0.000521782 4.89228e-05 0.000117077 -0.000435772 1.54502e-05 4.60891e-06 0.000571937 0.000632493 0.000251908 6.49565e-05 -0.00102059 -0.000713376 0.000240915 2.03217e-05 1.37162e-05 -0.000748858 0.000109973 0.000369327 -2.25909e-05 -0.000514416 5.72477e-05 0.000159708 6.8136e-05 -0.000127544 -3.97845e-05 8.00215e-05 0.000206392 -0.000493222 9.40531e-05 -5.23323e-05 1.22215e-05 7.62761e-06 3.1254e-06 -0.000410442 6.56292e-06 0.000157941 -0.000779057 0.000103878 -0.000143109 -0.00051729 -5.61068e-05 8.13319e-05 1.15361e-05 3.87396e-05 -0.000930005 0.000149387 3.59527e-05 -6.67701e-05 -6.44476e-05 2.35641e-06 -1.98183e-05 -5.18369e-05 6.03258e-07 1.86081e-05 8.57007e-05 5.72737e-06 2.19098e-05 0.000238369 6.73017e-05 0.000205823 0.000111523 
-0.00165535 0.000680896 0.000870568 -0.000235344 0.00148712 0.000237726 0.000720849 0.00582033 0.0191338 -0.000988232 0.000323777 0.0581625 -0.00049322 0.00114593 -0.00815348 0.01063 -0.000140719 0.00505982 -0.00908134 0.000771956 0.00259481 0.00570146 -0.00817457 -0.0108933 0.0062619 -0.013437 0.0043498 0.0212961 -0.0004161 0.000886459 0.00603736 -0.00421159 0.00928013 -0.00118338 0.00646566 -4.54315e-05 0.00698208 0.000372101 -0.000942916 0.00284234 0.00113567 0.000378356 -0.00415963 -0.00022164 -0.000119874 -0.00082205 0.000255914 0.00175709 0.00160506 -0.0148924 -0.0097058 0.00579401 0.00257716 -0.00175896 -0.0276105 0.0026165 0.000609775 -0.000846236 -0.00500309 0.00367655 -0.00026629 0.00173259 -0.00260498 7.28832e-05 -0.000697383 -0.000301038 -0.0217832 0.000351574 -0.00107354 0.000155572 6.08106e-05 0.000216836 -0.0139716 0.000843732 8.37703e-05 -0.0143791 -0.00299712 0.00480342 -0.0212544 0.00155799 0.00025626 0.000139905 0.00327244 -0.0241361 0.0098409 4.77903e-05 0.00202124 2.4293e-05 -1.09038e-05 0.00496651 -0.00221858 0.000197742 4.79298e-05 -0.000303945 0.000518045 -0.000585364 0.00112056 0.00101072 0.000252542 -0.000341974 
1.14259e-05 8.48288e-06 0.000896436 0.000271603 -0.000109415 0.000328514 -3.71811e-05 -0.000151139 -0.000312954 0.00212331 -1.87412e-05 -0.00049322 0.0137487 0.000241606 -0.00239726 0.000793498 0.000692011 -0.000915942 -0.00503619 -5.1774e-05 -0.00285736 0.00197554 -0.00132036 -0.00298137 -0.000262075 -0.00270546 0.00148399 -0.00296228 -0.000311241 9.6882e-05 0.000382992 0.000453219 -0.000497376 0.000240151 3.98624e-05 -0.000253026 -0.000977847 2.90655e-05 -0.000514221 0.000507122 -7.5774e-05 0.00026676 -0.00305355 -1.21491e-05 3.25062e-06 -0.000254791 -0.000157027 -0.000101884 -5.83686e-07 -0.000282407 -0.00307899 -0.000213564 0.000309699 0.000833218 0.00199226 0.00063484 0.000100671 -0.000198791 0.00050685 8.45538e-05 -0.000106349 -3.2209e-05 -1.25254e-06 -0.000293477 0.00238357 3.86552e-05 0.000972583 9.49546e-05 -0.000256843 0.000280143 -1.03624e-05 -4.19565e-06 0.00330264 -2.31946e-05 -5.5588e-05 -0.00314756 -0.000659135 0.00376685 -0.000234426 -0.000700038 -5.41624e-05 -9.36608e-07 0.000161486 -0.00114516 -0.000144157 1.56197e-05 -0.000539522 -0.000866143 4.25292e-05 -0.000242827 0.000108953 6.15778e-05 2.49094e-05 0.000460709 -0.000455977 -1.94178e-05 0.000736024 8.29926e-05 -4.6357e-06 2.80651e-06 
-0.000707367 0.000322513 0.00112064 -7.48346e-06 0.000380748 0.000135687 -2.00732e-05 0.000316611 -0.000428841 0.00122315 7.05051e-05 0.00114593 0.000241606 0.0225943 -0.00224435 0.000441049 0.000475543 0.000986206 -0.00270137 0.00104567 -0.0042814 0.000752287 -0.0069132 -0.000808303 0.00190931 -0.00588989 0.000995901 -0.00584442 0.000660877 8.65166e-05 0.0016893 -0.00207058 0.000793096 -0.000613006 -0.00321368 -0.00060844 -0.00110688 9.12329e-05 0.000514166 0.00121577 0.000419315 -0.000454586 -0.00404521 5.61326e-05 2.3978e-05 0.00235091 0.00126392 0.000811013 0.000127798 -0.00152906 0.00277162 -6.30445e-05 0.00150901 -0.000419423 0.000762649 0.000567701 0.00102985 6.77101e-05 -0.00683592 -0.000108173 0.00104782 0.00090905 -0.000421265 -0.000506102 0.0038115 -0.00123128 -0.0034549 0.000173166 -0.000208815 2.69949e-05 7.40775e-05 0.000140103 0.00300446 0.000134783 1.94783e-05 -0.00381295 -0.000113501 0.00117706 -0.0032398 0.00069719 0.000758165 -1.17058e-05 0.00138782 -0.00239654 0.00186029 0.000209377 0.000284629 -0.00128088 2.69684e-05 0.000124232 -0.000479095 -6.95196e-05 1.34361e-05 -8.39294e-05 -6.83561e-05 -0.000397013 0.000757372 0.00070152 0.000526349 -0.000145758 
-0.00198346 -0.00312194 -0.00329553 -0.00300897 -0.00212241 -0.00358124 -0.000330439 -0.0010482 0.000197178 0.002712 -0.00101656 -0.00815348 -0.00239726 -0.00224435 0.10366 -0.0340313 0.0144998 0.00424519 0.0600678 -0.00318086 -0.00776186 -0.0225902 0.0103687 0.0378991 -0.00923224 -0.0265717 -0.0164467 -0.00965283 -0.000732284 -0.00265286 -0.0507327 -0.00487115 -0.00432201 -0.0074247 -0.0170537 -0.0053979 -0.00711694 -0.00318622 5.19336e-05 -0.0157363 -0.0042782 -0.0024712 0.0152651 -0.000241111 -0.000836154 -0.0117551 -0.00784831 -0.0027238 -0.00222685 0.0388468 0.0206481 -0.00797821 0.000464116 -0.00905023 0.0284765 -0.00232964 -0.0181348 -0.000854476 0.0142853 -0.00213011 -0.00764567 -0.00236629 -0.00132515 -0.00125949 -0.0122112 -0.0150394 0.00885276 -0.00120177 0.000589142 -0.00163919 -0.000720882 -0.000237661 0.0314493 -8.31088e-05 -0.00191998 0.039926 0.00620589 -0.0230904 0.00192546 0.00328128 -0.00311015 -0.000549516 -0.0162242 0.0385378 -0.00635286 -0.000214091 0.0032773 -0.00426759 -0.000247932 0.0018284 -0.000106216 -0.00083167 -0.000720068 -0.00432699 0.000313512 -0.00607814 -0.0143708 -0.0017269 -0.00331879 -0.00283245 
-0.00158091 0.00263282 0.0025511 0.00096015 0.00227922 0.00154206 0.000376241 0.00107194 0.00990773 -0.00130808 0.000996157 0.01063 0.000793498 0.000441049 -0.0340313 0.0603015 -0.0139589 0.00330627 -0.0294571 0.00154261 -0.00234959 0.0153522 -0.00960073 -0.0302509 0.00651913 0.0106096 0.0149176 0.00696254 -0.00154844 0.00122794 0.02523 0.00230978 -0.000254941 0.00333642 0.0161992 0.000240984 0.0100682 0.00146881 -0.00199983 0.0164378 -0.000280802 0.00435552 -0.0159348 3.11867e-06 -0.000122339 0.00534969 0.00413038 0.00208109 0.00132831 -0.0393371 -0.00848053 0.00439313 -0.000113953 0.00381643 -0.0195303 0.00160192 0.0131403 -0.00036664 -0.0233182 0.00201088 0.0011814 0.0013813 -0.00129187 0.00145916 0.00835856 0.00895943 -0.0247633 0.00100143 -0.00170104 0.000854909 0.000396427 6.09566e-05 -0.0176199 0.000518446 0.00121633 -0.0317506 0.000919082 0.0161486 0.000316496 -0.00288943 0.0017009 0.000413785 0.00702734 -0.0377204 0.00390248 0.000251245 0.00360657 -0.000545719 0.000166779 -9.74708e-05 0.00172459 0.000944135 0.000319852 0.00327944 -0.0020349 0.00299821 0.00787707 0.000963434 0.00242948 0.00143871 
-0.00171835 -0.00112343 -0.00646078 -0.00390762 -0.00275089 -0.00149421 -0.000741209 -0.00125924 -0.0159005 -0.0170334 -0.000506076 -0.000140719 0.000692011 0.000475543 0.0144998 -0.0139589 0.211433 -0.0413926 0.0110771 -0.00349735 -0.0280196 -0.00865955 0.0136538 0.0145424 -0.0108141 -0.0341909 -0.012318 -0.0355149 0.00109041 -0.00760995 -0.00708556 -0.0169384 -0.00577683 -0.007339 -0.000899824 -0.0184583 0.00109943 -2.66672e-05 -0.000799866 -0.00281135 0.00060045 -0.0109253 -0.03652 -0.000526892 -0.000610331 -0.00295832 -0.00588794 -0.00392136 -0.000853023 0.0329107 0.0181528 -0.00367661 0.00305515 -0.012281 0.0471989 0.00107519 -0.0209389 -0.0001672 0.0478616 -0.00231738 -0.00378445 -0.00136381 -0.00663046 -0.00240178 0.00550303 -0.00938957 0.0241043 -0.00121133 -0.0158675 -0.0017946 -0.0004838 -0.000545084 0.0153504 0.000232004 0.000913643 0.0458617 -0.00858775 -0.00209473 0.0369031 -0.00796401 -0.00173533 -0.000562342 0.0115256 0.0149353 -0.00210299 -0.000522406 -0.0243683 -0.0204427 -0.000154724 -0.0063919 -0.0114564 -0.00223643 -0.00048784 -0.00494689 -0.00633887 -0.00378674 -0.00629262 -0.00133487 -0.0023708 -0.00636367 
-0.00251718 0.00135867 -0.000188458 -0.00116573 -0.000869868 -0.000627456 -0.000183652 -0.00353295 0.0388601 0.00900218 -3.77773e-05 0.00505982 -0.000915942 0.000986206 0.00424519 0.00330627 -0.0413926 0.148596 -0.00354011 0.0012242 0.0123093 -0.00103712 -0.01691 -0.0279493 0.0143163 -0.0085308 -0.000965621 0.0111197 -0.0048269 -0.0012214 -0.00703623 0.00749794 0.0105808 -0.000165818 0.00673841 -0.00877452 0.017549 0.00136979 -0.00189528 -0.00113118 -0.00119431 0.00956415 -0.0141712 0.000298387 -6.07153e-05 0.00141395 0.00162998 0.00362696 -0.000299068 -0.0139224 0.00938696 0.000636002 -0.00313635 0.0020692 -0.0104673 -0.000930051 0.00239761 -0.00021559 -0.0603238 0.00334733 0.00179543 0.000435453 -0.0139586 0.00158512 0.00429304 -0.00946425 -0.0222153 0.000143158 -0.00360203 -0.000532679 0.000402436 -3.00861e-05 -0.00757437 -0.000257387 0.000815344 -0.0190825 -0.00624132 -0.00678991 -0.0111858 -0.00571959 0.000924739 0.000500784 0.0247291 -0.0450087 -0.00231232 0.000483271 0.0348022 0.00243008 6.9077e-06 0.00188692 -0.00394854 -0.000409976 0.000169964 -0.000265625 -0.00569561 -0.000304252 -0.000824242 -0.000369803 0.000922383 0.00111285 
0.000616854 -0.00277988 -0.00321164 -0.00201429 -0.000499444 -0.00358163 -0.000502824 -0.000453052 -0.00354015 0.00196192 -0.0010111 -0.00908134 -0.00503619 -0.00270137 0.0600678 -0.0294571 0.0110771 -0.00354011 0.0938045 -0.00261988 -0.0102702 -0.0242535 0.0162736 0.0404584 -0.00931313 -0.0167723 -0.0221703 -0.0111233 0.000711916 -0.00229434 -0.0361425 -0.0163484 -0.0024027 -0.00978641 -0.0243881 -0.000166296 -0.00740746 -0.0029041 0.000712143 -0.0110293 -0.00321398 -0.00345037 0.00595394 -0.000181341 -0.000796169 -0.0104173 -0.00711745 -0.00346508 -0.00221178 0.031321 0.0280939 -0.00644333 -0.000692755 -0.00443251 0.0321759 -0.00285056 -0.0138322 -0.000135638 0.0134813 -0.00248093 -0.00678171 -0.00112098 0.00534029 -0.00167945 -0.0143924 -0.00723344 0.0114541 -0.00136958 0.00193493 -0.00124779 -0.000941804 -7.18993e-05 0.0260202 -0.00013313 -0.00187118 0.0299026 0.00608097 -0.0318484 0.00326121 0.0045207 -0.00287021 -0.000479068 -0.00617331 0.0444464 -0.00537383 -0.000267393 0.00151719 -0.0109132 -0.000293647 0.00155409 -0.000800483 -0.000673607 -0.000616679 -0.00400549 0.000526404 -0.00628493 -0.018725 -0.00198926 -0.00327035 -0.00331739 
-0.000160651 5.35637e-05 0.00213131 0.000206164 0.000668306 0.000120053 3.59213e-05 1.29269e-05 0.00077841 -0.000161035 3.59919e-05 0.000771956 -5.1774e-05 0.00104567 -0.00318086 0.00154261 -0.00349735 0.0012242 -0.00261988 0.0127039 0.00127946 0.00092944 -0.00607478 -0.00182594 0.000804088 -0.0027991 0.00261749 0.00208333 0.000547299 0.000138897 0.00182502 -0.00036427 0.00264649 0.000286294 0.00232432 0.000538081 -0.000115469 0.000229584 0.00110485 0.000543177 -9.36322e-06 0.000209232 -0.00023811 0.000242745 3.85872e-05 0.000481882 0.000692997 2.20488e-06 6.34894e-05 -0.00443336 -0.00169328 0.000140327 3.15369e-05 0.000280971 -0.00281465 0.000494095 0.00282703 0.000482253 -0.00279153 0.00106611 0.000363964 0.000399825 -0.000298323 0.000741863 0.000388063 -0.000489594 -0.00804153 0.00031279 0.000248167 3.30729e-05 0.000136868 0.000159643 -0.00367465 0.000185688 -5.99604e-05 -0.00543814 -0.000699283 -0.000998042 -0.0039977 0.00133805 0.000289188 3.82875e-05 -0.000221075 -0.00192544 0.00170474 0.000151923 0.000815544 0.000700336 1.61812e-05 2.77729e-05 0.000157819 0.000123439 4.96285e-05 0.000264833 0.000395948 -9.15157e-05 0.00225963 0.000709512 0.000325324 0.000146349 
0.00145194 -0.000823426 -0.00732138 -0.00160932 -0.00194532 -0.00112244 -0.000535661 -0.00331411 0.00493706 -0.0153745 8.4542e-06 0.00259481 -0.00285736 -0.0042814 -0.00776186 -0.00234959 -0.0280196 0.0123093 -0.0102702 0.00127946 0.219582 -0.0124033 -0.0132083 0.0271382 0.00853848 -0.0011214 -0.00136941 0.0418393 -0.0131448 -0.00302048 0.00465374 -0.0140121 0.000800898 -0.0013629 -0.023734 -0.00544494 -0.00204082 -0.000478703 -0.000152993 -0.0134362 -0.00156364 -0.00382222 0.0662197 -0.000775178 0.000101205 -0.00257856 0.00158519 7.46549e-06 -0.000254836 0.00681934 -0.0467069 -0.000640946 -0.00533768 -0.00954487 -0.0525884 -0.00147823 -0.000437063 0.00168724 -0.0114866 0.000991273 0.00359404 -0.0023104 -0.00593336 0.00532126 -0.0170279 -0.00977254 0.0105105 -0.000624352 -0.00248286 -0.00111473 3.32167e-05 -0.000193284 -0.00579168 -0.000548689 0.000776886 -0.0130626 -0.017321 0.00124328 -0.0301266 -0.00462458 -0.00100068 -0.000173466 0.0116243 -0.00859879 0.00130811 -0.000369548 -0.00287172 0.011533 -6.61414e-05 -0.00239801 -0.00883039 -0.000613787 0.000167971 -0.00248916 0.00757578 0.00415584 0.00524072 0.00103792 -0.000181014 0.00159176 
0.00106293 0.00109665 0.00218387 0.00029848 -9.47523e-05 0.00184816 0.000109405 -5.27383e-05 -0.00287936 0.00217084 0.0005905 0.00570146 0.00197554 0.000752287 -0.0225902 0.0153522 -0.00865955 -0.00103712 -0.0242535 0.00092944 -0.0124033 0.0497833 -0.00582637 -0.0246471 0.00245482 0.0062598 0.00884224 -0.00793524 -0.00150206 0.000488592 0.0157336 0.00741926 -0.0025299 0.00261838 0.0178117 -0.000826818 -2.87978e-05 0.00123786 -0.00213337 0.011791 0.000745281 0.000304175 -0.0118528 6.27803e-05 0.000219453 0.00459378 0.00177577 0.00050438 0.00182164 -0.0189493 -0.013602 0.00189404 0.0021851 0.0032439 -0.00787946 0.00260746 0.0062036 -0.000159533 -0.00644081 0.000806388 -0.000422145 0.000548044 -0.00348342 -0.000772525 0.00890524 0.00320908 -0.000692776 0.000910928 -8.48458e-05 0.00092233 0.000188599 0.000133008 -0.00467149 -6.17398e-05 0.00103505 -0.0105533 0.00165726 0.0113687 0.000105795 -0.00232371 0.00049017 3.37561e-05 -0.00658758 -0.020323 0.000646431 4.61052e-05 -0.00118785 0.00116215 0.000122446 -0.000452812 0.00154749 0.000115071 3.47997e-05 0.0032118 -0.00214267 0.000941608 0.00391594 0.0010903 0.00145103 0.000770697 
-0.000481314 -0.00163207 -0.00657201 -0.00270346 -0.00107925 -0.00198552 -0.000107488 0.000457309 -0.00993293 -0.0020544 -0.00049738 -0.00817457 -0.00132036 -0.0069132 0.0103687 -0.00960073 0.0136538 -0.01691 0.0162736 -0.00607478 -0.0132083 -0.00582637 0.117695 0.00150423 -0.0114944 0.0116218 -0.013586 -0.00797593 -0.000260496 -0.00405343 -0.0086109 -0.00197159 -0.0116357 -0.00396772 -0.00671675 -0.0122154 0.00405374 -0.00184125 -0.00271699 -0.00973306 -0.0026012 0.00182397 -0.0156132 -0.000239657 -0.00144293 -0.00599303 -0.00457916 -0.00189993 -0.000688531 0.0170951 0.0239918 -0.00139282 -0.00549858 -0.000624617 0.0287273 -0.00305699 -0.0130161 0.000367372 0.0178355 -0.0024229 -0.00430259 -0.00225046 0.000214484 0.00198496 -0.0108071 0.00341814 0.0264233 -0.000849215 -0.00715095 -0.000435602 -0.000624471 -0.00047419 0.0145871 -0.00125117 -0.00305279 0.0120156 0.0068243 -0.0374292 0.0315128 -0.000590473 -0.0029224 -0.000387 0.00947636 0.0205616 -0.00553979 -0.000797413 -0.00436377 -0.0243837 -0.000135793 -0.00199123 -0.00696749 1.84337e-05 -0.000390762 -0.00241135 -0.00655855 0.0005594 -0.00965893 -0.00257909 -0.00239117 -0.00144521 
0.000229065 -0.00244028 -0.00661335 -0.00293804 -0.000967109 -0.00229506 -0.000884136 -0.00299986 -0.0189744 -0.0161358 -0.000560451 -0.0108933 -0.00298137 -0.000808303 0.0378991 -0.0302509 0.0145424 -0.0279493 0.0404584 -0.00182594 0.0271382 -0.0246471 0.00150423 0.246129 -0.00385299 -0.0194077 -0.0246131 -0.0412862 -0.00437823 -0.000460782 -0.0252909 -0.0627183 0.0023324 -0.00775504 -0.0537157 0.00269635 -0.0118734 -0.00256309 0.00509395 -0.0134869 0.00168989 -0.00849908 0.0510543 -0.000846649 -0.000778351 -0.00892935 -0.00426195 -0.00484873 -0.0012358 0.0404394 -0.0121149 -0.00573191 -0.000129659 -0.0187381 0.00454446 -0.00279742 -0.0141291 0.000185942 0.0304389 -0.004141 -0.00136403 -0.00144182 0.0119445 -0.0153545 -0.0267046 -0.0210257 0.06103 -0.000978305 0.00348055 -0.00100178 -0.00111472 -0.00036138 0.0333154 -0.000195483 -0.00134787 0.0396022 -0.0122018 -0.00808416 -0.0290405 -0.0034784 -0.00243387 -0.000532343 -0.0346041 0.0679749 -0.00242189 -0.000339202 -0.0236672 0.00187982 -0.000157581 -0.00182873 -0.00837763 -0.00183244 -0.000356749 -0.00422789 0.0105978 -0.000166265 -0.0136167 -0.000742359 -0.00216252 -0.00228931 
-5.56352e-05 0.00145749 -0.000838631 6.54053e-05 -0.000279373 0.000429554 -0.000118095 -0.000703634 0.0174155 0.00152884 0.000401969 0.0062619 -0.000262075 0.00190931 -0.00923224 0.00651913 -0.0108141 0.0143163 -0.00931313 0.000804088 0.00853848 0.00245482 -0.0114944 -0.00385299 0.047362 -0.0152386 0.00388285 0.0044254 -0.00184707 0.000546089 0.0029792 -0.00254984 0.0104261 -0.000635408 -0.000396942 -2.66024e-05 0.00692032 0.000102148 -0.00146018 0.00458736 -0.000189411 0.00220256 -0.0125279 4.89546e-05 -4.32467e-05 0.00344049 0.00440339 0.0046571 0.000394384 -0.0108927 -0.0151056 -0.000409749 -0.000242261 -0.00143178 -0.0148773 0.000195934 0.00233002 0.00111004 -0.0176479 0.00324562 0.00366154 0.002892 -0.00426794 -0.000737046 -0.000869243 -0.000269187 -0.0140861 0.000242674 -0.000582766 -0.000194052 -3.28561e-06 2.07982e-05 -0.000224303 -6.64422e-05 -4.16115e-05 -0.0147428 -0.0031281 0.006187 -0.0175141 -0.00234003 0.00332015 8.0995e-05 0.0154576 -0.0134819 0.00246902 0.000315379 0.00510549 -0.00209754 1.73641e-05 0.00107201 -0.00132896 -0.000107105 0.00018187 -0.000599862 0.0031959 0.00140437 0.0062498 0.000195518 0.001461 0.000275777 
0.000726253 -0.000421047 -0.00531624 0.00066895 -0.000768089 0.00101947 -0.000690535 0.000101303 -0.0357295 -0.0131339 0.000193509 -0.013437 -0.00270546 -0.00588989 -0.0265717 0.0106096 -0.0341909 -0.0085308 -0.0167723 -0.0027991 -0.0011214 0.0062598 0.0116218 -0.0194077 -0.0152386 0.249746 0.0101159 0.00195751 0.00386122 -0.00400182 0.0207195 0.0230582 -0.0189794 0.00924033 0.0397885 -0.00446976 0.00197756 0.000619788 0.00099331 0.00595594 0.000692051 -0.000502466 0.0546965 0.00116281 0.000311077 0.00073657 0.00106381 -0.00240708 0.000818315 -0.0091834 -0.0598153 0.00197741 -0.000472453 -0.000458657 -0.0572494 -0.00440975 0.00583024 -0.00376092 0.0165408 -0.00182489 -0.000806907 -0.00359598 0.00401851 -0.000970944 -0.000273361 0.0126799 -0.000385989 -8.54101e-05 0.00302244 -0.000757704 0.000367304 -0.0001391 -0.0693074 -0.00073033 0.00207646 0.0176057 -0.000837505 0.00873488 0.0198897 -0.00487703 -0.000938978 -0.000143495 -0.0674311 -0.0446878 -0.00848255 -0.000338875 -0.00526646 0.0269707 -0.000143877 -0.00726716 0.00766187 0.000297373 -0.000146775 -1.22689e-06 -0.00633429 0.00162331 0.00130108 -0.000187875 0.000210821 0.00487426 
-0.00110587 0.000718099 0.000495401 0.000102363 0.000985738 0.0016173 -8.55131e-05 -0.00102294 0.0030001 -0.00232516 0.000245332 0.0043498 0.00148399 0.000995901 -0.0164467 0.0149176 -0.012318 -0.000965621 -0.0221703 0.00261749 -0.00136941 0.00884224 -0.013586 -0.0246131 0.00388285 0.0101159 0.0535406 0.0123941 -0.00245354 0.00075048 0.00952712 0.0106409 0.0021468 0.0031977 0.0201428 -0.00222366 -0.000638688 0.00122339 -0.0017726 0.0110534 0.000493687 0.000338428 0.00354582 5.74141e-05 0.000422033 0.00089317 0.00095397 6.89445e-05 0.000299241 -0.0176211 -0.0151702 6.72749e-05 -0.000658929 -0.00124593 -0.031159 0.00129435 0.00240584 -0.000667194 -0.01042 0.00280156 0.000619724 0.000608988 -0.00355724 0.00535397 0.00588389 0.00446048 -0.01537 0.000164149 -0.00121448 0.000225848 0.000725577 -1.97392e-05 -0.0142062 -7.54928e-05 0.000590935 -0.00668228 0.00463628 0.0209916 -0.00362749 -0.00278506 0.00123431 -2.71003e-05 -0.00754826 -0.0321238 0.00252916 0.000100046 -0.00146859 0.00879642 0.000161467 -0.000718065 0.000961868 0.000369877 -2.18746e-05 0.00160328 -0.00160209 0.000305789 0.0167175 0.000200083 0.000684352 0.000532484 
-0.00176973 -0.000957909 -0.00517458 -0.00112196 0.00206207 -0.000815986 0.000497611 0.00678857 0.0416522 -0.0176164 -0.000311853 0.0212961 -0.00296228 -0.00584442 -0.00965283 0.00696254 -0.0355149 0.0111197 -0.0111233 0.00208333 0.0418393 -0.00793524 -0.00797593 -0.0412862 0.0044254 0.00195751 0.0123941 0.231634 -0.00438053 -0.00194287 0.00118871 0.00289178 0.0200854 -0.00190474 0.0109277 -0.00143283 0.0194187 0.000482973 0.00333625 -0.00813233 0.000609881 0.0031639 0.0411361 -0.000117233 0.000500164 -0.0043973 -0.000804391 0.00170096 0.000258532 -0.0058415 -0.0253439 0.00327488 -0.00440453 -0.00473446 -0.0814243 -0.000385064 -0.000312037 0.00089412 0.0281093 0.00420283 -0.000798942 0.00040598 -0.0166575 0.00437906 -0.0171354 -0.00205925 -0.0402189 -0.00030686 -0.00494951 -0.00112751 -9.1448e-05 -0.000409045 -0.0675379 -0.000402399 -0.00162596 -0.0200373 -0.00575575 0.0164246 -0.0459318 0.0102426 -0.000287007 0.000113506 0.00138985 -0.0589678 0.00977935 -0.000276713 0.00702454 0.00640499 -0.000129267 0.00626318 -0.00675215 0.000714074 0.000110876 -0.00348658 -0.00185711 0.00155541 0.00217406 -0.000988614 -0.000884378 0.000419465 
-0.00085298 -0.000164207 0.000120913 0.00161327 -0.000464537 8.88338e-05 5.26898e-05 -0.000155064 -0.00202007 0.000865998 -3.54891e-05 -0.0004161 -0.000311241 0.000660877 -0.000732284 -0.00154844 0.00109041 -0.0048269 0.000711916 0.000547299 -0.0131448 -0.00150206 -0.000260496 -0.00437823 -0.00184707 0.00386122 -0.00245354 -0.00438053 0.0492313 -0.000190991 0.00229772 -0.00196745 0.000575006 -0.000323547 -0.000316958 0.00245733 -0.00312683 -0.000254347 0.000790621 -0.00152573 0.00117549 -0.000607722 -0.0127787 -0.00017599 -6.26645e-05 0.000884315 0.0015757 -0.000420445 -0.000127089 -0.00273754 0.00958468 0.000309156 -0.000381081 0.00547114 0.0057934 0.000205567 0.00463972 -0.0006153 -0.00058206 -0.000334615 1.68163e-05 0.000413693 -0.00327428 -0.00156417 0.000772385 0.00409973 -0.00723981 1.18272e-05 0.00194602 0.000173827 -5.03109e-06 0.000311561 -0.00211736 0.000225785 -0.000261858 -0.0108018 -0.0015918 -0.00991407 -0.00102074 0.00761933 -9.71572e-05 -2.65637e-05 -0.00226614 0.00305184 0.000127164 2.42977e-05 -0.00195678 -0.00197038 -2.63329e-05 0.000943979 0.000753917 0.000170615 9.71738e-05 -0.000514481 -0.00162715 -0.00119681 -0.00149941 -4.49751e-05 0.000143039 -0.000467395 
0.000133451 0.000238576 0.000292279 -2.78788e-05 -7.38926e-05 0.000285804 0.000332884 -0.000163688 0.00239281 0.00191585 5.75489e-05 0.000886459 9.6882e-05 8.65166e-05 -0.00265286 0.00122794 -0.00760995 -0.0012214 -0.00229434 0.000138897 -0.00302048 0.000488592 -0.00405343 -0.000460782 0.000546089 -0.00400182 0.00075048 -0.00194287 -0.000190991 0.0213813 0.000937178 0.00129373 0.000849745 2.57169e-05 -0.00340307 0.00450235 -0.00115478 7.92825e-05 0.000454414 5.78253e-06 0.000636643 -6.66014e-05 0.000877684 -5.0997e-05 5.81128e-05 5.06488e-05 0.00022458 0.000111617 0.000129828 -0.00472653 0.00234973 0.00160642 -0.000195472 0.000185598 -0.00618226 9.5026e-05 0.000691304 0.000197882 -0.00484249 6.53622e-05 0.000514836 -0.000335719 -0.00036103 -0.000681391 0.000879497 -0.000563867 -0.000226801 0.000140941 0.00051797 4.85622e-05 4.54247e-06 1.11551e-05 0.00229964 8.15712e-05 -2.23874e-05 -0.00727473 -0.000569668 0.00113671 -0.00594496 0.000325718 0.000164754 9.26269e-05 0.00258633 0.000265078 0.0018322 2.57979e-06 0.000196977 0.0018471 3.04397e-05 0.00130506 0.000577739 5.91512e-06 5.73081e-05 0.000642657 0.00146223 6.08528e-05 -3.14554e-05 0.00015657 5.22428e-05 0.000367772 
0.000579566 0.00234055 0.00182166 0.00250188 0.00063099 0.00196099 0.000122806 9.36704e-05 -0.00580163 -0.00414406 0.000958593 0.00603736 0.000382992 0.0016893 -0.0507327 0.02523 -0.00708556 -0.00703623 -0.0361425 0.00182502 0.00465374 0.0157336 -0.0086109 -0.0252909 0.0029792 0.0207195 0.00952712 0.00118871 0.00229772 0.000937178 0.0676698 -0.0026357 0.00108489 0.00276662 0.00221209 0.0033349 0.000996867 0.00232731 0.000525158 0.0117675 0.00189804 -0.000383716 -0.0170714 -0.000156937 0.00013577 0.0116396 0.00737517 0.00167277 0.00169836 -0.0315812 -0.0159427 0.00845535 0.000121066 0.00558556 -0.0110717 0.00210496 0.0165695 0.000108533 -0.00936606 0.000507567 0.00554433 0.000473972 -0.00356694 -0.00144236 0.00960366 0.00999095 -0.00575255 0.00108236 -0.00124335 0.000854175 0.00036118 0.000206206 -0.0189333 0.000117131 0.00123554 -0.0267181 -0.0029119 0.0125425 -3.74731e-05 -0.00156194 0.00160855 0.000277064 0.00586259 -0.0260932 0.00418163 0.000183309 -0.00419725 -0.000350372 2.7773e-05 -0.00125277 -0.000823806 0.000517611 0.000414599 0.00268261 0.000309656 0.00122348 0.00874144 0.00134814 0.00255363 0.00122554 
0.000745281 -0.000166343 -0.0028794 -0.000825613 0.000689063 1.02219e-05 0.000484468 0.000221843 -0.00662604 0.0135535 -0.000158063 -0.00421159 0.000453219 -0.00207058 -0.00487115 0.00230978 -0.0169384 0.00749794 -0.0163484 -0.00036427 -0.0140121 0.00741926 -0.00197159 -0.0627183 -0.00254984 0.0230582 0.0106409 0.00289178 -0.00196745 0.00129373 -0.0026357 0.125826 -0.00753362 0.00343514 0.0508456 -0.00429972 -0.00557575 -0.000437656 0.000647997 -0.00128491 5.74573e-05 0.00151971 0.00853787 0.000469545 0.000291631 -0.00141263 -0.00149083 0.000994443 -0.000350286 -0.00161296 -0.0146432 -0.00154819 -0.00123881 -0.000443492 -0.027605 -0.000287386 -0.00366116 0.00179667 -0.0157906 0.000873041 -0.000106353 -0.00102171 -0.00855374 0.00611419 0.00259599 -0.00242151 -0.0276089 0.000157193 -0.000412772 -0.000435667 0.000399421 -0.000249496 -0.00841887 -0.000322497 0.00123375 0.00253591 0.00173688 0.00149488 0.00978986 -0.00630885 0.000255175 -0.000144744 -0.0102017 -0.0218407 -0.0011954 -8.99927e-05 0.0120377 0.00622344 4.14032e-05 -0.000928038 0.00475033 8.57049e-05 -0.00012074 0.000228856 -0.00316775 0.00203997 0.0046278 -0.000593095 -0.000446796 0.00220719 
-0.00128805 0.000404593 -0.000961498 0.000163735 0.00122345 0.000156126 0.000170201 0.001489 0.016859 0.00242137 7.97542e-05 0.00928013 -0.000497376 0.000793096 -0.00432201 -0.000254941 -0.00577683 0.0105808 -0.0024027 0.00264649 0.000800898 -0.0025299 -0.0116357 0.0023324 0.0104261 -0.0189794 0.0021468 0.0200854 0.000575006 0.000849745 0.00108489 -0.00753362 0.0589424 -0.00159708 -0.00446539 5.60504e-05 0.000584892 0.000606644 -0.000413205 -0.00135932 0.00101061 0.00168991 -0.0051016 -0.000253129 0.000299668 0.00194625 0.00152141 0.00157663 -5.32736e-05 -0.00466432 -0.00583253 0.00399981 -0.00168762 -8.39456e-05 -0.0254609 0.000158147 -0.000803735 0.00188884 -0.00335868 0.00212042 0.00255366 0.00181529 -0.00453622 -0.00133018 -0.00234043 -0.00358628 -0.0125545 0.000308303 -0.00131611 -8.22019e-05 -0.000124395 0.000134141 -0.0065161 -1.09358e-05 -0.000339648 -0.013966 -0.00295901 0.00140522 -0.0276624 0.00219658 0.00189321 0.000474524 0.00832842 -0.0116684 0.00699034 9.09664e-05 0.00598631 -0.00255678 -2.60819e-05 0.00178131 -0.00246401 -0.000101664 0.000118468 -0.000756416 0.00381318 0.00117111 0.00592403 -8.59467e-05 0.0008873 -0.0005426 
0.000437056 -4.47785e-05 0.00141951 0.00162339 0.000743947 0.000118977 -2.11453e-05 -8.01401e-05 -0.00282098 -0.00140041 -4.78783e-06 -0.00118338 0.000240151 -0.000613006 -0.0074247 0.00333642 -0.007339 -0.000165818 -0.00978641 0.000286294 -0.0013629 0.00261838 -0.00396772 -0.00775504 -0.000635408 0.00924033 0.0031977 -0.00190474 -0.000323547 2.57169e-05 0.00276662 0.00343514 -0.00159708 0.0285141 0.00311457 -0.00055817 -0.00182246 0.000182083 0.00143499 0.00319442 -0.000300163 0.00135024 0.00323796 0.000120318 7.74637e-05 -0.000442797 -0.000176595 3.3065e-05 0.000257236 -0.00828567 -0.00546001 -0.00041469 -3.17616e-05 0.0022622 -0.000795855 6.85334e-05 0.00362273 -0.000469629 -0.00626188 -5.29847e-06 0.000528301 -0.000161032 -0.00122729 -0.000153401 0.00033174 0.00306011 -0.00455859 4.34285e-06 0.000862337 8.2445e-05 0.000737233 3.61516e-05 -0.0047722 0.000501404 0.000403728 -0.000605955 -0.000760203 0.0011517 0.00116316 -0.000957866 -4.5428e-05 4.03214e-05 -0.00608348 -0.00442539 -0.000200115 5.79204e-05 -0.00142864 0.00757369 3.66534e-05 -0.000447419 0.00187962 0.000461328 9.28811e-05 0.00154317 -0.00107424 -0.000513668 0.0020871 0.00030861 -1.70859e-05 0.000984472 
