0.2422 -0.00208595 1.14529e-05 -0.0158734 -0.0422583 -0.00545203 -0.00462113 -0.0002232 0.00662583 -0.00239166 0.00876065 -0.00172169 -0.0171355 0.0164202 -0.0783939 -0.00701855 -0.0272991 0.0211527 -0.0168358 -0.00269997 0.00980515 -0.00545423 0.0146038 0.0125941 -0.0361241 -0.00454316 -0.00206089 0.0291961 0.00179613 -0.00138138 -0.0104462 -0.00241804 0.000290936 0.0128545 -0.000241921 -0.000997648 0.0295558 -0.000368228 0.00104179 -0.00136101 -0.0111125 -0.000572038 0.00033151 -0.000394844 -0.00146059 -0.000390437 0.00251885 -0.000331532 0.0067149 0.00169944 -0.00470983 -0.00288785 -0.00112259 0.0422326 -0.000417275 -0.00581843 -0.00155181 0.00190309 0.00148427 0.0041455 -0.0200569 -7.03945e-05 -0.0186902 -0.0258664 0.0701682 -0.000654483 0.0403836 -1.83068e-05 -0.0221575 -2.895e-05 -0.00311315 -0.000263347 -0.00376464 -0.00157928 -0.00343057 -0.028402 0.0016297 -0.00999994 -4.14473e-05 -0.00221744 -0.00432622 -0.000597203 -0.010964 0.000415038 -0.00445977 -0.00827888 0.00063102 -0.0105922 -0.0023941 -0.00422575 -0.00292454 -0.00179604 -0.000999615 -0.000460726 -0.0151936 -0.00612326 -0.00192967 -0.000366571 -0.0498952 0.00489202 
-0.00208595 0.00635258 8.65477e-06 0.000114816 8.5978e-05 0.00103202 3.89127e-05 2.09695e-06 0.000100443 -3.20179e-05 0.000330278 8.24447e-05 -0.000319416 0.000738941 0.000405681 -5.03442e-05 -0.000164583 -9.0816e-05 -0.000580146 7.59993e-06 3.73128e-05 0.000158237 -0.00102571 -0.000441375 0.000131822 0.000460655 2.86627e-05 -0.000882189 2.98541e-05 0.000511116 5.76414e-05 -0.000494582 -7.0617e-05 1.0259e-06 6.77959e-06 1.19729e-05 -0.000136285 -0.00118503 -0.000808934 -3.82762e-05 -0.000134275 1.5676e-06 -9.92384e-06 2.37053e-05 5.37393e-05 -1.82236e-05 -6.68316e-05 -1.01952e-05 -7.37089e-05 9.05628e-05 -5.00624e-06 3.44456e-05 -1.68736e-05 -0.000298481 -3.43767e-06 7.93379e-05 -1.54565e-05 1.45002e-06 -7.36956e-05 -8.05021e-05 0.000728565 0.000135321 -0.000456945 -0.00143856 -0.000628914 1.0485e-05 8.76869e-05 1.79293e-05 -2.39943e-05 2.04794e-06 0.000116299 -1.37834e-05 0.000196047 -0.000917448 -0.000155903 1.53594e-05 -5.25395e-05 -0.000149683 -5.30286e-07 -9.19575e-05 0.000207234 -0.000139635 -8.69605e-05 -7.83469e-06 -3.22006e-05 1.85976e-05 -4.46318e-05 0.000300549 -2.13137e-05 3.51227e-05 0.00010143 7.23302e-06 6.07809e-06 5.38913e-05 0.000249732 -0.000136408 1.89424e-05 -0.00148589 0.00128664 0.000482499 
1.14529e-05 8.65477e-06 0.00465818 -0.000174986 -0.000452695 0.00121899 3.61936e-06 2.3007e-05 -9.16039e-05 -6.03869e-05 0.0013825 -1.022e-06 -0.000363341 0.000438942 -0.00104628 0.000276308 -0.000239352 -8.16845e-05 -0.000611651 -3.68959e-06 2.93666e-05 -0.000200999 -0.000359759 -0.00031228 -0.000306274 0.000117428 -2.20847e-05 -0.0001268 -0.000503871 -0.000252079 -0.000430489 -0.00032691 8.53862e-05 0.00132916 4.02255e-07 -1.04353e-05 -0.000265079 -0.00142521 -0.00228693 2.28909e-05 -6.88629e-05 2.7048e-05 3.49824e-06 8.75777e-06 -5.83768e-06 2.27535e-05 -7.25308e-05 3.69159e-05 -4.26424e-05 -2.62043e-06 5.40375e-05 -2.58799e-05 -1.7815e-05 -0.00054388 8.79625e-06 -7.1958e-05 -7.55912e-05 -8.24191e-06 -4.47997e-05 9.41832e-05 -4.24751e-06 9.21081e-06 -0.000414104 -0.00132215 -0.000228606 8.53941e-06 0.00216488 0.000125143 -0.000225609 -4.52178e-07 -1.46285e-05 -1.05552e-05 -2.77582e-05 -0.000829116 3.2222e-05 0.00107949 -1.71661e-05 0.000478317 5.65036e-06 -6.94856e-05 0.000476077 -0.000200579 -0.000178085 -1.02147e-05 6.76361e-06 -7.01605e-05 -9.22434e-05 -0.000295464 1.12236e-05 -0.000137222 -8.05077e-05 1.69861e-06 -8.45146e-06 -1.60814e-06 0.000888378 0.000122998 -8.2912e-05 -0.00133198 0.000713955 0.000603047 
-0.0158734 0.000114816 -0.000174986 0.0430688 0.00696962 -0.00223089 -0.000293905 -1.90512e-05 0.00129356 0.00126096 -0.00477986 3.31244e-06 -6.94869e-05 0.00146285 0.0135475 0.000925668 0.00193145 0.00168998 -0.00932901 0.000674075 -0.00184617 0.00254117 -0.00280076 -0.00258143 -0.00857762 0.000159204 -0.000214109 -0.0195852 -0.00176486 0.00175926 -0.0028244 -0.00199618 -0.000247389 -0.00359589 8.12759e-06 0.000581161 -0.00600288 0.00402367 -0.000383321 -0.000287354 0.0008454 -2.38149e-05 -6.96672e-05 9.15587e-05 6.57883e-05 -0.000191406 0.000767716 -7.75791e-05 -0.000261098 -0.00106677 0.00158775 -0.000265898 0.000173988 -0.00554179 -1.97027e-05 -0.00158292 -0.000736053 -0.00043742 0.000358804 -0.000794254 -0.00147383 -8.00079e-05 0.000683689 -0.00829478 0.00552994 3.10196e-05 -0.0100467 0.000123208 0.00107904 -1.22105e-05 -0.00028005 0.000101146 9.42963e-05 -0.00557883 -0.00347088 -0.000823799 -0.000236758 0.00274417 -1.33675e-05 -0.000663336 0.00212899 -0.0018422 0.00196521 -8.51127e-05 0.000536007 0.00533237 0.00109829 0.0022986 0.000681045 -0.000441868 -0.000381868 0.000477734 -3.51062e-05 0.000189551 0.00324245 0.00576655 0.000815235 0.00427294 0.00635276 -0.00114319 
-0.0422583 8.5978e-05 -0.000452695 0.00696962 0.139894 0.00133134 0.00563342 -0.000113201 -0.00502873 0.0013176 0.00185946 0.000184885 0.0129729 -0.00587026 0.0254358 -0.00374286 0.00919122 -0.00888267 -0.0152367 0.000442042 -0.0154968 0.0109949 -0.0465946 -0.0154951 0.0230687 -0.0049263 0.00046477 0.000651075 -0.00326104 -0.00959821 0.0380034 -0.00761132 -0.000522908 0.00565031 0.000364218 0.000271397 -0.00966594 0.0146657 0.0141985 -0.000671611 -0.00163582 -0.000211335 -0.000485294 2.21565e-07 -0.000106184 -0.000816387 -0.00606366 -0.000250295 -0.00210036 -0.00261397 -0.00183766 -0.00119932 0.00217526 -0.0267815 -0.000199138 0.0129705 -0.00241322 -0.00104921 -0.00246686 -0.00243934 0.0101061 -0.000287572 0.0189002 0.003601 -0.0141998 5.30794e-05 -0.00222183 0.000226477 0.0190286 5.78812e-05 0.000618669 -0.000109056 -0.000882557 -0.0134187 0.00203514 -0.0223848 -0.00145429 -0.0246999 3.28517e-05 -0.00304845 -0.00396648 0.00800291 0.00024497 0.000537639 -0.00126356 -0.000110066 0.00344792 0.00545098 0.000886517 -0.00400365 0.00113873 0.00184106 -8.11062e-05 -0.000104346 -0.0123741 0.00381674 0.00339549 -0.0470457 -0.00958457 -0.00288042 
-0.00545203 0.00103202 0.00121899 -0.00223089 0.00133134 0.215987 -0.00241998 4.4042e-05 -0.00899322 -0.000550876 0.0584632 0.000554584 -0.0152756 0.0736324 -0.0420643 -0.00200508 0.0438294 -0.011343 -0.0461012 -0.000805936 0.00474621 -0.0235494 -0.031074 -0.00186595 -0.0267954 0.0071099 -0.00146823 0.021553 0.0115065 -0.0142812 -0.0187724 -0.0278761 -0.0016392 0.0607389 -0.000443509 -0.00149202 0.0122405 -0.100188 -0.10581 5.76218e-05 -0.0060072 -0.000209091 -0.000184644 -0.000137711 0.000349464 1.26796e-05 -0.00267027 1.49123e-05 0.00121443 0.000946176 0.00268422 0.000248625 -6.31094e-05 0.000755673 0.000307708 -0.0121376 -0.00287522 0.00501833 0.000895373 -0.00042581 0.00497574 -0.000311241 -0.0276134 -0.0688618 0.0119429 0.000200664 0.0697215 0.000152402 -0.00781643 -3.04166e-05 0.00167348 -0.000573521 0.00143562 -0.0444176 0.0250377 0.0769733 -0.00310808 -0.0276362 -3.02054e-05 -0.00372177 0.00701831 -0.0116112 -0.0171438 -0.00202844 -3.99306e-05 0.0081857 -0.00830168 -0.0166167 -0.000267188 -0.00721456 -0.00183816 -0.00158113 -0.000321848 -0.000994959 0.00897177 -0.00269451 0.000710798 -0.0432895 0.0729319 -0.00115292 
-0.00462113 3.89127e-05 3.61936e-06 -0.000293905 0.00563342 -0.00241998 0.0109054 1.16839e-05 -0.000354479 0.00017967 -0.000866443 -1.43421e-05 0.000608397 -0.00618583 -0.00236312 -0.000383968 -0.000772468 -0.000572896 -0.00254182 0.000201087 -0.0031986 0.00401468 -0.00124755 -0.00383302 0.00340927 -0.000389934 0.00014418 0.000863291 -0.00153615 -0.00010643 0.00484037 0.00115279 8.64478e-05 0.000958805 7.68909e-05 2.5318e-05 -0.00104797 0.00228551 0.00137452 -1.70773e-05 -0.000111693 -1.77595e-05 9.77872e-06 5.48398e-06 -3.55194e-05 -4.21953e-05 -0.000440773 1.65483e-06 -0.000178196 -0.000330491 -7.66612e-05 -7.42442e-05 0.000404549 -0.00150109 -7.97485e-06 0.00451814 -3.36612e-06 -7.67841e-05 -0.000234391 -0.000248758 -0.000104766 1.67254e-05 0.00340378 8.02859e-05 -0.00476807 2.62367e-06 -0.00108065 -1.78292e-05 0.00556193 1.62912e-05 -4.64085e-06 7.23094e-05 -6.63179e-05 0.00268115 0.000166125 -0.00461134 -3.82775e-05 -0.00185478 2.5526e-07 -0.000126314 -0.000276966 0.000440771 0.000523117 7.94478e-05 6.41713e-05 -0.000491253 0.000918905 2.26497e-05 0.000123632 -0.000436596 0.000248805 2.79738e-05 -2.81278e-05 1.91869e-05 -0.000914796 -8.23824e-05 0.000719409 -0.00253957 -0.00309003 -0.000263716 
-0.0002232 2.09695e-06 2.3007e-05 -1.90512e-05 -0.000113201 4.4042e-05 1.16839e-05 0.00114461 8.1701e-05 4.57723e-05 0.000104428 1.11112e-05 -2.7075e-05 -3.65354e-05 6.25764e-05 0.000109016 3.74082e-05 0.000156023 -0.000299337 2.43093e-05 -2.651e-05 5.46575e-06 -6.04167e-05 -0.000152004 -0.000247472 3.35196e-06 -3.82247e-06 -0.000471046 -0.00013943 4.93602e-06 -8.32448e-05 -8.62701e-05 9.91859e-06 4.84e-05 4.26018e-09 -1.92157e-06 -8.83553e-05 -0.000303821 -0.000317463 -5.52854e-06 -2.622e-05 5.89734e-06 2.37712e-07 5.87721e-07 -4.11769e-07 4.54732e-05 7.31185e-05 2.44298e-06 -1.63437e-05 1.572e-05 1.19817e-05 7.39444e-06 1.15113e-05 -5.81685e-05 3.0283e-05 -5.3711e-05 -3.11256e-06 -6.85962e-06 -2.00784e-05 3.44792e-06 -2.89892e-06 1.07172e-05 -0.000130819 -0.000321432 -0.000135324 1.60324e-05 4.20256e-06 2.69964e-05 2.99756e-05 1.36617e-06 9.41213e-06 9.1823e-07 -2.84275e-07 -9.30228e-05 -2.87275e-05 0.000159354 3.9578e-06 0.000273488 2.76468e-07 -1.82526e-06 6.43462e-05 -2.03259e-05 3.19213e-05 1.46488e-05 1.22623e-05 6.01387e-05 1.70761e-07 0.000210769 -3.34663e-06 -2.89695e-05 -8.02448e-06 1.30696e-05 -9.41001e-07 -3.96768e-06 0.000314073 -3.15986e-05 -6.53444e-06 7.51229e-05 0.000253389 -1.59092e-05 
0.00662583 0.000100443 -9.16039e-05 0.00129356 -0.00502873 -0.00899322 -0.000354479 8.1701e-05 0.0356391 0.000263524 -0.00193413 -8.61411e-05 0.00170191 0.00742882 -0.00331524 0.00224459 -0.00313722 0.00215692 -0.00757215 -8.68245e-05 0.00061987 -0.000389293 -0.000271861 0.000701727 -0.00618087 0.00131704 -0.000192751 -0.00936487 0.00014755 0.00151347 -0.00141572 -0.00152611 -0.000467999 -0.00344769 3.81925e-05 -0.000101917 -0.00482775 0.000386534 0.00483916 -0.000123007 -0.000830924 -6.18129e-05 0.0001906 -2.54914e-05 -0.000116144 -9.52046e-05 0.00319511 -2.82716e-05 0.000623669 0.00126507 -0.000301736 -1.63375e-05 0.000409687 -0.000230865 -1.65851e-05 -0.00159 -0.000498118 -0.00030898 -0.000240582 -0.000285905 -0.00146465 -4.81745e-05 0.00164655 -0.00636021 0.00960226 4.25778e-05 -0.00771677 0.000152383 0.00216435 5.48886e-05 -0.00031888 0.000319579 -0.000186983 -0.00149065 -0.00353078 -0.00597493 -0.000263274 0.00307163 5.61335e-06 -0.000466162 -0.000435597 -0.00113349 0.00177675 -0.00016331 -0.000216962 0.00226704 0.000328049 -0.000683871 5.10689e-05 0.00236957 -0.000486685 9.75983e-05 -6.30027e-06 0.000125737 -0.000190997 0.00193911 0.00187592 -0.0033734 -0.00245926 -0.000146844 
-0.00239166 -3.20179e-05 -6.03869e-05 0.00126096 0.0013176 -0.000550876 0.00017967 4.57723e-05 0.000263524 0.0176181 -0.000405367 1.5689e-05 0.00101865 -0.00399747 0.00183816 0.000433351 0.000201257 0.00149336 -0.000139525 0.000246006 -0.000731713 0.000195315 -0.00240324 -0.00394765 -0.00321839 -0.000139242 5.58066e-05 -0.00466404 -0.000536448 0.000527209 -0.000767319 0.00116727 -0.00015622 0.00016481 -1.56311e-05 5.27173e-05 -0.00104955 0.0012439 -5.99741e-05 0.000258887 0.000798005 2.27222e-05 -5.23011e-05 4.09554e-05 -4.50685e-05 4.60524e-05 -8.70356e-05 -1.58369e-05 0.000102733 -0.000290933 -0.000142129 -5.29942e-06 0.000116281 -0.000880325 7.06788e-06 -0.00041753 -4.91337e-05 7.63735e-05 -0.000129443 0.000119454 -0.000308967 9.43163e-05 0.00242505 -0.000148369 0.000777267 -1.28051e-05 -0.00253352 9.11286e-05 0.000993377 -1.10902e-05 -0.000175801 4.48747e-05 0.000330646 0.00148416 -1.6282e-06 -0.00418742 -0.000143304 -0.00177289 -6.03616e-06 0.0011146 -0.000333165 -0.000182988 -0.000460469 8.03928e-05 1.91217e-05 0.00183566 0.00137808 0.00293522 -1.22324e-05 -0.000575106 0.000141154 5.94418e-05 -7.11937e-06 3.30731e-05 -0.00083434 0.000956198 0.000143254 -0.00136917 -0.00508143 -0.000325018 
0.00876065 0.000330278 0.0013825 -0.00477986 0.00185946 0.0584632 -0.000866443 0.000104428 -0.00193413 -0.000405367 0.130149 0.000244127 -0.01055 0.0370483 -0.0364205 0.0069062 0.0311634 -0.0120253 -0.0426039 -4.21377e-05 0.00213585 -0.0141668 -0.0307447 -0.0057175 -0.0134023 0.00284362 -0.000862603 -9.38502e-05 0.00701695 -0.00670264 -0.0185596 -0.014521 -0.00194452 0.0693985 -0.000134889 -0.000551822 -0.00207429 -0.057122 -0.0754365 -3.73712e-05 -0.002325 -0.000351358 0.000554369 -3.95296e-05 3.85967e-05 0.00244674 -0.00318543 -0.000123035 -0.00226849 0.00428614 -0.00113531 -0.000631091 0.000486308 -0.0156876 -0.000189936 -0.00625451 -0.000605079 0.00226451 -0.00162263 0.000407734 -0.00336224 -0.000100258 -0.0198189 -0.0454183 0.0180168 -0.000236228 0.0834591 0.000560353 0.0048314 2.27811e-05 0.000217485 -0.00027361 0.000113209 -0.0284702 0.0241987 0.0368369 -0.00157183 -0.020233 5.52379e-06 -0.00301887 -0.000607163 -0.00712267 -0.00953345 -0.000610403 -0.00125746 -0.00215814 -0.00415765 -0.00730094 -0.000258387 -0.00256339 8.456e-05 -0.000413772 -0.000201421 -0.00063265 -0.0102711 -0.0021305 -0.00185436 -0.0332237 0.0475625 0.00871913 
-0.00172169 8.24447e-05 -1.022e-06 3.31244e-06 0.000184885 0.000554584 -1.43421e-05 1.11112e-05 -8.61411e-05 1.5689e-05 0.000244127 0.0038932 -0.000256866 -0.000365456 0.000818448 -2.52362e-05 0.000134328 0.000302299 -0.000488241 -1.31664e-05 3.98734e-05 -7.25899e-05 -0.000399112 -0.00017645 -9.18949e-05 8.44073e-05 -1.70395e-06 -0.0011297 -0.000217671 0.000550516 -0.0002083 -0.000167167 0.000126334 -0.000231971 -6.20204e-06 -1.19937e-05 -0.000250325 -0.000950939 -0.000761927 0.00013305 1.84248e-06 2.82431e-05 2.96732e-06 4.64899e-05 2.74457e-05 2.37676e-05 5.73133e-05 1.09783e-05 -5.35894e-05 0.000383748 0.000280671 1.65593e-05 7.88738e-06 -0.000139915 1.12251e-05 -8.86164e-05 -1.93728e-05 2.26335e-05 0.000187976 0.000104664 0.000155382 2.82025e-06 -0.000520076 -0.0010315 -0.00173542 1.8838e-05 -0.000269759 1.45285e-05 0.000187087 9.92885e-07 0.000228609 3.58378e-06 7.48643e-05 -0.0006076 3.69164e-05 0.00043033 1.37938e-05 0.000247155 2.15797e-06 -3.40204e-05 0.000109223 -0.000157424 0.000191463 4.01366e-05 2.90363e-05 -9.70518e-05 -5.77331e-05 0.000779481 6.54911e-05 3.56887e-05 -4.63557e-05 -1.36709e-05 -1.16404e-06 -1.45534e-05 2.87496e-05 0.000102168 -7.33835e-06 0.000332224 0.000891335 0.00013019 
-0.0171355 -0.000319416 -0.000363341 -6.94869e-05 0.0129729 -0.0152756 0.000608397 -2.7075e-05 0.00170191 0.00101865 -0.01055 -0.000256866 0.0855784 -0.00348012 0.0276608 -0.0013 -0.0226438 0.000409975 0.00106679 -0.000122321 -0.00820146 -0.00608174 -0.0277079 -0.00361348 -0.00706938 -0.0019122 0.00205186 -0.00159983 -0.00456988 -0.0040558 0.0189755 -0.00345098 -0.000747846 -0.00276656 0.000264437 0.000681295 0.000240391 0.0255501 0.0157794 -0.000483828 -0.0019324 -8.65146e-05 -0.000162555 -9.99064e-05 -0.000237494 -0.000587327 -0.0027106 -0.000149408 0.000382933 0.001525 -0.000607647 2.31425e-05 7.17081e-05 -0.00301746 -0.000226861 -0.00158219 -0.00164195 -0.000965823 -0.00199578 -0.00103537 0.00405165 -0.000108859 0.0155935 0.0211007 0.0036311 5.21773e-05 -0.0128748 0.000196701 -0.000616037 5.13566e-05 -0.000796316 6.08662e-05 -0.000277183 0.00318021 -0.00827377 -0.0154246 -0.00065403 -0.0160465 -1.64614e-05 -0.000922743 -0.00192215 0.00331114 0.00111057 -0.000238151 -0.000778555 -0.00210262 -0.00118102 0.00454892 -5.83701e-05 -0.00234646 -0.00110294 0.00168185 -6.16135e-05 0.0011269 -0.00348782 0.0045339 -0.00203508 -0.01174 -0.0147302 -0.00215532 
0.0164202 0.000738941 0.000438942 0.00146285 -0.00587026 0.0736324 -0.00618583 -3.65354e-05 0.00742882 -0.00399747 0.0370483 -0.000365456 -0.00348012 0.222324 -0.0117275 0.0034259 0.0510847 -0.0256163 -0.0558157 -0.00261932 0.00789991 -0.0442353 -0.0308197 0.00927429 -0.0210317 0.00364893 -0.00270881 -0.0235142 0.0303321 -0.0259126 -0.0243259 -0.0403807 -0.0055574 0.0194613 3.56854e-05 -0.00138783 0.0187262 -0.094608 -0.0550272 -0.00157178 -0.00738397 -0.000948421 9.4289e-05 -0.000350259 5.14121e-06 0.00106992 0.00419307 -0.000120169 -4.90507e-05 0.0081262 6.26255e-05 0.000666738 -0.00108057 0.00273726 0.000382069 -0.0198273 -0.00370402 0.00266786 0.00613237 -0.00336295 -0.00644388 -0.000383094 -0.0240368 -0.0813385 0.0825043 -0.000642309 0.0493835 0.000201634 -0.00959341 7.86708e-06 0.00166127 -0.00066467 0.00151232 -0.0740349 0.0028092 0.0937623 2.16874e-05 0.00129621 2.87903e-05 -0.0103113 0.00410498 -0.00551331 -0.021476 -0.00270011 -0.00103228 0.000274517 -0.0142381 -0.0311779 -0.000618246 -0.00195671 0.00207665 0.000655823 -0.000245223 -7.03663e-05 0.0158012 0.00120096 -0.0029248 -0.0437631 0.0662001 0.00376262 
-0.0783939 0.000405681 -0.00104628 0.0135475 0.0254358 -0.0420643 -0.00236312 6.25764e-05 -0.00331524 0.00183816 -0.0364205 0.000818448 0.0276608 -0.0117275 0.244425 0.00147872 -0.0236808 0.00759439 0.0208822 -0.00101319 -0.00732056 -0.0168984 -0.0170802 -0.00190547 0.00636014 0.00132164 0.00137546 -0.0549771 0.00146136 0.00195482 -0.00444671 -0.0174408 -0.00292193 -0.0368222 0.000180704 0.00228172 -0.0301687 0.0296058 0.0406938 -0.00172818 0.00155311 0.000145591 -0.000949451 0.000101491 0.000340803 -0.00176429 -0.00705486 -0.000651487 -0.00474217 -0.00185309 0.00110959 -2.46536e-05 -0.000512362 -0.0272006 -9.01799e-06 -0.0103495 -0.00297668 -0.00360189 -0.00540137 0.00402284 0.0169467 -0.000389267 0.00376911 0.0261425 -0.0420502 -5.30912e-05 -0.0439466 -0.000256826 -0.0105212 2.80219e-05 0.00150051 -0.000371655 0.0012832 -0.000681517 -0.00627885 -0.00832763 -0.000404618 0.0230922 -0.00011209 -0.00514948 -0.00481234 0.0034781 0.0128357 -0.000397699 0.00078013 -0.00150579 -0.000692664 0.0199025 0.00115504 0.0146872 -0.00667334 0.00235722 0.000618624 0.000879947 0.0140728 0.00715604 0.00035472 0.00343771 0.00473645 -0.00442109 
-0.00701855 -5.03442e-05 0.000276308 0.000925668 -0.00374286 -0.00200508 -0.000383968 0.000109016 0.00224459 0.000433351 0.0069062 -2.52362e-05 -0.0013 0.0034259 0.00147872 0.0409697 0.00747778 4.48242e-05 -0.0011253 0.000502995 0.000688229 -0.00582737 0.0157317 -0.000573522 -0.00918145 0.00243466 -0.000246216 -0.0179244 -0.00157738 -0.000160246 -0.00691474 -0.0016026 -0.000233638 0.000526387 -6.57088e-05 7.06622e-05 -0.00542398 -0.0144403 -0.0182462 -0.000160237 0.000303668 4.63139e-05 0.000240304 0.000148373 4.96072e-05 0.000990534 -0.00112867 -4.24698e-05 -0.000208944 0.000206795 0.000607569 4.98558e-05 -0.000106794 -0.00699976 -5.98128e-05 -0.00183752 -0.000146009 -0.000239434 0.000252019 0.000111858 -0.000585721 3.82027e-05 -0.00628857 -0.0156321 -0.00369077 6.11385e-05 0.00662523 0.000457971 -0.00233492 3.13344e-05 -0.000397611 6.64877e-05 0.00149009 -0.00924655 -0.0030173 0.00842129 0.000589353 0.0165384 -2.50863e-06 0.000475645 0.00170656 -0.0024972 -0.00220646 -0.000132485 0.000979964 0.0093273 -0.00121156 0.000482625 0.000528941 9.63072e-05 4.40083e-05 6.44164e-05 7.61674e-06 -2.30062e-05 0.0115893 -0.000364476 -0.0004286 -0.00297778 0.0133968 -0.000236334 
-0.0272991 -0.000164583 -0.000239352 0.00193145 0.00919122 0.0438294 -0.000772468 3.74082e-05 -0.00313722 0.000201257 0.0311634 0.000134328 -0.0226438 0.0510847 -0.0236808 0.00747778 0.181704 -0.0222195 -0.0390692 -9.68063e-05 0.00992266 -0.0349063 0.0138309 0.00361173 0.00727075 0.00631034 -0.002626 -0.0351675 0.0110447 -0.014232 -0.0335082 -0.0138506 -0.00561686 0.0161859 -0.000572649 -0.0026993 -0.0232923 -0.0734074 -0.0372803 -0.000217301 -0.00499494 -0.00085769 0.000243318 -8.37857e-05 0.000715985 0.000898135 0.00840972 9.19086e-05 -0.00557103 0.000516006 0.00182388 -0.001288 -0.00181576 -0.0349749 -2.6133e-05 -0.00553853 -0.00337272 0.000227539 0.00235873 -0.00474715 -0.00227765 0.000108342 -0.0176401 -0.0648265 -0.000170918 -0.00099216 0.0294119 -0.000584103 0.00160774 -0.000185633 0.000932323 0.000137864 0.00191123 -0.052222 -0.0022585 0.0795988 0.000412871 0.0373008 -2.22687e-05 -0.00455033 0.00541529 -0.0114076 -0.0175407 -0.0017433 0.00112267 0.00520179 -0.0171516 -0.000146257 0.0003726 -0.00793922 0.00177068 -0.000987365 -0.000601374 -0.0014716 0.00329835 -0.00419242 0.000410688 0.0139035 0.0916486 0.0040982 
0.0211527 -9.0816e-05 -8.16845e-05 0.00168998 -0.00888267 -0.011343 -0.000572896 0.000156023 0.00215692 0.00149336 -0.0120253 0.000302299 0.000409975 -0.0256163 0.00759439 4.48242e-05 -0.0222195 0.105341 0.00104095 1.06898e-05 0.00209241 0.0114869 0.0259031 -0.000141894 0.000183795 -0.00306619 -0.000259651 0.00218614 -0.0130401 0.0194323 -0.0114787 0.0148697 0.00398463 -0.0154379 -4.50817e-05 -0.000332819 0.0192249 -0.0212686 -0.00177159 -0.000605136 -0.000996196 0.000348408 -1.07198e-05 0.000123651 -0.000407707 0.000578753 -0.0022258 0.000293405 0.00608236 -0.000978058 -0.000868987 -0.00104018 9.60306e-05 0.0147853 4.64269e-05 0.00249223 0.00213479 -0.000277814 -0.00022551 0.00208182 -0.00382099 -1.91858e-05 -0.0153013 -0.0140682 -0.0222656 0.000395669 -0.0118738 0.000124855 -0.00591268 3.09156e-05 -0.000957128 -9.37233e-05 -0.000616383 -0.0135087 -0.00914635 -0.0213307 0.000905123 -0.00623818 -7.31934e-06 -0.000162244 -0.00119969 -0.00514873 -0.00162169 0.00332548 8.19028e-06 0.00298525 0.00176934 0.0213484 0.000623322 0.00353351 -0.00174058 -0.000418902 -0.000255291 -0.000250419 0.00766891 -0.0030604 0.00415448 -0.00341381 -0.0179824 -0.00096885 
-0.0168358 -0.000580146 -0.000611651 -0.00932901 -0.0152367 -0.0461012 -0.00254182 -0.000299337 -0.00757215 -0.000139525 -0.0426039 -0.000488241 0.00106679 -0.0558157 0.0208822 -0.0011253 -0.0390692 0.00104095 0.226526 -0.00166448 -0.00389518 -0.0112184 0.0341816 0.00221334 0.041362 0.00666712 0.00109525 0.0535581 -0.0161489 -0.00734996 -0.0113516 0.00608443 0.00549661 -0.0459419 -0.000356686 0.00124624 0.00512495 0.037588 0.0291552 0.00175887 0.0134514 0.0012022 -0.000118766 -8.00752e-05 0.000212207 -0.000693141 -0.0116681 1.65483e-05 0.000326466 -0.00532386 -0.00304537 0.000805462 -0.00064656 0.00408748 -0.000422939 0.010091 0.00307611 -0.00209129 -0.00759035 0.00540058 0.00391755 -0.000305437 0.00348666 0.0760421 -0.0468604 0.000315094 -0.0623831 -0.000110374 -0.0144694 -0.000102113 -0.000913409 -0.000435158 -0.000407759 0.0383942 0.0131133 -0.0427899 0.000132579 0.00825407 -0.000113056 0.00608264 -0.00324202 -0.00374716 -0.00851238 8.89041e-05 -0.00088862 -0.00424184 0.00237396 -0.00702898 0.000874783 -0.0036693 -0.00475821 -0.000522418 0.000811332 -0.000108306 0.006221 -0.00591929 0.00158201 -0.0129179 -0.074561 -0.0084425 
-0.00269997 7.59993e-06 -3.68959e-06 0.000674075 0.000442042 -0.000805936 0.000201087 2.43093e-05 -8.68245e-05 0.000246006 -4.21377e-05 -1.31664e-05 -0.000122321 -0.00261932 -0.00101319 0.000502995 -9.68063e-05 1.06898e-05 -0.00166448 0.00611789 -0.000653923 0.00240319 0.000823865 -0.00137105 -0.000818061 -2.02185e-05 3.95828e-05 -0.00232376 -0.000329957 0.00133063 4.87105e-05 0.00117054 6.75958e-05 -0.000299206 9.51582e-07 0.000230344 -0.000456144 -9.64385e-05 -0.00140681 -2.00446e-05 0.00021194 2.71441e-06 3.84754e-05 7.11768e-05 3.15515e-05 -6.39165e-06 0.000191813 1.05238e-05 -8.4956e-05 -0.000170425 0.000280841 3.27907e-05 0.000135916 -0.000434921 1.64388e-05 -8.04371e-05 0.000517543 -6.20727e-05 -3.78849e-05 -8.38823e-05 -9.63471e-05 3.2267e-05 -0.000433656 -0.000960403 -0.00151468 -5.10298e-06 -0.000329379 9.07041e-05 0.000658657 4.70584e-06 -4.69476e-05 4.23364e-05 -1.05832e-05 -0.000119968 -0.000498855 -0.000696521 -1.85624e-05 -0.000713298 1.9245e-05 0.000345504 0.000241561 0.000117293 0.00120538 -1.62906e-05 0.000218134 0.000761246 0.00081647 0.0002398 8.97244e-05 -0.000107957 0.00125057 0.000101389 -6.44967e-06 -6.13519e-06 -9.13876e-05 0.000375456 0.000545646 0.000527566 0.00012692 -9.74466e-05 
0.00980515 3.73128e-05 2.93666e-05 -0.00184617 -0.0154968 0.00474621 -0.0031986 -2.651e-05 0.00061987 -0.000731713 0.00213585 3.98734e-05 -0.00820146 0.00789991 -0.00732056 0.000688229 0.00992266 0.00209241 -0.00389518 -0.000653923 0.0285575 -0.00555262 0.0096027 0.00986276 -0.00409371 0.000175147 -0.00126877 -0.00316515 0.00354203 0.00109726 -0.0150374 0.000815766 -0.000534058 0.00119286 -0.00023172 -0.000997536 8.19538e-05 -0.0111209 -0.00326161 -2.02927e-05 -0.00186593 -0.000158496 1.89015e-05 -6.93892e-05 -0.000235918 0.000113642 0.000929471 -1.02038e-05 -3.99715e-05 0.000754082 0.000242043 2.66692e-05 -0.00175376 0.000382018 1.2565e-05 -0.00399783 -8.15021e-06 1.20742e-05 0.000554145 -8.79072e-07 -0.00169336 4.71634e-05 -0.0113886 -0.00617272 0.00574435 -0.000305565 0.00408731 -0.000266401 -0.00736788 -0.000119786 -0.000489947 -2.9014e-05 0.000172207 -0.00559606 -0.0025111 0.0106058 0.000210897 0.00687574 -3.12421e-05 0.000154765 0.000436853 -0.00563609 -0.00257845 -0.000337427 4.85638e-05 0.000521085 -0.00356836 -0.000167193 -0.000318535 0.000100742 -8.32238e-05 -0.00173571 -0.000347747 -0.000607685 0.00206842 -0.000891888 -0.0015491 0.00971889 0.0110816 0.000723643 
-0.00545423 0.000158237 -0.000200999 0.00254117 0.0109949 -0.0235494 0.00401468 5.46575e-06 -0.000389293 0.000195315 -0.0141668 -7.25899e-05 -0.00608174 -0.0442353 -0.0168984 -0.00582737 -0.0349063 0.0114869 -0.0112184 0.00240319 -0.00555262 0.156023 0.015416 -0.00935533 0.00312994 -0.00624401 -7.38536e-05 0.00310971 -0.00776821 0.0222484 0.00678001 0.037766 0.0023656 -0.0102407 0.000170214 0.000490402 0.00682199 0.0209192 0.0105246 -0.000898072 -0.00536272 0.000253495 -0.000322824 4.91577e-05 -0.00061775 -0.000577582 -0.00104127 8.24649e-05 -0.00134904 -0.00234816 -0.00115521 -0.00168514 0.00311492 -0.0114088 0.000150226 0.00826467 0.00262335 -0.000827775 -0.000458756 -0.000431716 -0.00105604 -9.20801e-06 -0.00413925 -0.00301583 -0.0350984 0.000270023 -0.0106716 0.000226304 0.021626 2.0343e-06 -0.000550004 9.9634e-07 -0.00145601 -0.00291595 -0.000688259 -0.0579707 -0.00129898 -0.0269111 6.99005e-05 -0.00248255 -0.00476563 -0.00613836 0.0249402 0.00183473 -0.000406916 -0.0075085 0.0122662 0.00729007 -0.000268746 -0.00139754 0.0054811 -0.000775053 -0.000417964 -0.000422949 -0.00188666 0.00429452 0.00144091 0.0144963 -0.0275342 0.00416399 
0.0146038 -0.00102571 -0.000359759 -0.00280076 -0.0465946 -0.031074 -0.00124755 -6.04167e-05 -0.000271861 -0.00240324 -0.0307447 -0.000399112 -0.0277079 -0.0308197 -0.0170802 0.0157317 0.0138309 0.0259031 0.0341816 0.000823865 0.0096027 0.015416 0.239306 0.00740616 -0.00936225 0.00524278 -0.0015967 -0.0345629 -0.0138682 0.0086296 -0.0534989 0.0386208 0.00243607 -0.0467409 -0.000507761 -0.000924834 -0.0153619 -0.0504588 -0.0234871 -0.00115934 -0.00474418 0.000359175 0.000758622 0.000341192 -0.00043137 0.00179786 -0.00726993 -0.000300739 -0.000242013 -0.00522234 0.000555172 0.00382671 -0.000373497 -0.0305424 -0.000265598 0.00212366 0.000770588 -0.00207416 0.00376917 0.00578431 -0.0078331 0.000135509 -0.0266134 -0.025188 -0.0622247 0.000239528 -0.0158671 -0.000166474 -0.00810682 1.53532e-05 -0.00376327 -0.00039124 0.00151129 -0.0257648 -0.0332353 0.0144058 0.00436187 0.0863346 4.38397e-05 0.00231523 0.00231749 -0.0174086 0.00172334 0.00158531 0.00366232 0.0148811 -0.000400626 -0.000191159 0.000715272 0.00871735 0.00233225 -0.00158775 -0.000632625 -0.000929465 0.0299299 -0.00925374 0.0032956 0.0852226 0.0199785 -0.000402291 
0.0125941 -0.000441375 -0.00031228 -0.00258143 -0.0154951 -0.00186595 -0.00383302 -0.000152004 0.000701727 -0.00394765 -0.0057175 -0.00017645 -0.00361348 0.00927429 -0.00190547 -0.000573522 0.00361173 -0.000141894 0.00221334 -0.00137105 0.00986276 -0.00935533 0.00740616 0.0345904 -7.72777e-05 -0.00219172 -0.00124553 0.00284255 0.00290815 -0.000224847 -0.00838123 -0.00176057 -0.000661338 -0.00527623 -0.000161809 -0.000774166 0.00258447 -0.00219457 0.00706468 -0.000231668 -0.00145427 -0.000278277 -9.23438e-05 -0.000321744 -0.000511977 -0.000385847 -0.000216586 -4.33579e-05 0.000355111 0.000373112 -0.000109485 -0.000733285 -0.0019072 0.00459443 -0.000147888 -0.00375261 -0.00103821 -0.000454438 -0.000307898 -0.00152286 0.000238681 -0.000285168 -0.00917 0.00252083 0.00532785 -0.000392862 0.00066221 -0.00057996 -0.010032 -3.76412e-05 -0.000774264 -9.03051e-05 -6.72251e-06 -0.000798693 -0.00577717 0.00837559 0.000270868 0.00690786 -2.55156e-05 -0.00119725 -0.000498607 -0.00101111 -0.00225074 -0.000393829 -0.000273407 -0.00185742 -0.00494522 -0.00142509 -0.000256538 0.000352953 -0.000301819 -0.00177932 -9.14511e-05 -0.000541954 0.00161752 -0.00275335 -0.0016671 0.00556729 0.00457373 -0.000235217 
-0.0361241 0.000131822 -0.000306274 -0.00857762 0.0230687 -0.0267954 0.00340927 -0.000247472 -0.00618087 -0.00321839 -0.0134023 -9.18949e-05 -0.00706938 -0.0210317 0.00636014 -0.00918145 0.00727075 0.000183795 0.041362 -0.000818061 -0.00409371 0.00312994 -0.00936225 -7.72777e-05 0.188875 -0.00180923 -0.00092179 0.039774 -0.00866394 -0.0022262 0.0140957 0.00525686 0.00174003 -0.0301258 0.000400964 -0.000830936 -0.0230817 0.022519 0.0326819 0.000149056 0.00865395 9.94601e-05 -0.000309836 -0.000151227 0.000161656 1.63088e-05 -0.00560849 0.000220221 -0.00392724 -0.00492212 -0.0019184 -0.000535471 -0.000667502 -0.0154699 -0.000269484 0.0136681 -0.000949913 -0.00183488 -0.0036206 -0.00268701 0.0118802 -0.00049318 0.0135347 0.0238678 -0.0469211 -0.000159364 -0.0248144 -0.000577448 0.00325404 -3.08256e-05 0.00163499 -0.000340302 -0.000932919 0.00320283 0.0134735 -0.0316413 -0.00189295 -0.0221155 3.74674e-05 -0.00441944 -0.00346011 0.00967454 -0.00873745 0.0018076 -0.000603078 -0.0106553 -0.0031994 -0.000431657 0.000756308 0.00104457 0.00120272 -0.000488569 0.000244045 0.000168518 -0.0145041 -0.00300891 -0.00335749 -0.037742 -0.0177882 -0.00358778 
-0.00454316 0.000460655 0.000117428 0.000159204 -0.0049263 0.0071099 -0.000389934 3.35196e-06 0.00131704 -0.000139242 0.00284362 8.44073e-05 -0.0019122 0.00364893 0.00132164 0.00243466 0.00631034 -0.00306619 0.00666712 -2.02185e-05 0.000175147 -0.00624401 0.00524278 -0.00219172 -0.00180923 0.0411272 -0.000253124 -0.00492558 8.78969e-05 -0.00150305 -0.00469084 -0.00260935 -0.000388471 0.000639112 -6.08941e-05 -0.000214976 -0.00341051 -0.0125165 -0.0177674 -9.31453e-05 0.000673224 -2.06314e-05 -1.27023e-05 1.00552e-05 0.000369924 0.000190217 -0.000870656 6.30423e-05 -0.000364347 0.00142655 0.000501087 0.00127021 -0.00020353 -0.00625674 0.000141449 -0.000400874 -0.000377962 0.000117444 -0.000535012 7.03597e-05 -0.00159431 -5.44263e-05 -0.00320129 -0.00843838 0.000278513 0.000198943 -0.00166675 0.000192468 -0.00235888 1.30365e-05 -0.000292016 -2.56348e-05 4.75581e-05 -0.00723849 0.00425216 0.00912759 -0.000433729 0.00651317 -1.73852e-05 -7.89228e-05 0.0022304 -0.00126755 -0.00195428 -6.40578e-05 0.000102676 0.00283399 -0.00133781 -0.00288425 -0.00010876 -0.000418467 -0.000653749 -9.23904e-07 -3.22489e-06 -0.000129644 0.00820352 -0.000914915 5.7108e-05 -0.00498862 0.00373468 0.000475106 
-0.00206089 2.86627e-05 -2.20847e-05 -0.000214109 0.00046477 -0.00146823 0.00014418 -3.82247e-06 -0.000192751 5.58066e-05 -0.000862603 -1.70395e-06 0.00205186 -0.00270881 0.00137546 -0.000246216 -0.002626 -0.000259651 0.00109525 3.95828e-05 -0.00126877 -7.38536e-05 -0.0015967 -0.00124553 -0.00092179 -0.000253124 0.00650712 0.000722038 -0.000688083 -6.48863e-05 0.00197584 -0.000292332 -3.45514e-05 -9.26907e-05 1.42486e-05 5.29754e-05 0.000823855 0.00243332 0.000716327 2.5927e-06 2.36237e-05 -7.97565e-06 -1.86677e-05 1.79105e-07 -5.58755e-07 -2.2222e-05 -0.000166898 -1.14602e-05 -4.09263e-06 -6.42003e-05 -5.20737e-05 9.5755e-05 0.000199352 0.000402303 7.39977e-06 -0.000146815 0.000114131 5.71405e-05 -0.000158314 -2.09407e-05 -5.67489e-05 3.22646e-05 0.00203408 0.00246681 -0.00100338 8.27017e-05 -0.00128267 2.30055e-05 0.000204885 5.20855e-06 -5.12333e-07 1.75824e-06 -4.83985e-05 0.00148683 -0.000438165 -0.00267029 -6.1166e-05 -0.00111831 -8.28359e-07 0.000469534 -0.000126699 0.000491175 0.000707401 1.45913e-05 -4.58172e-05 3.86131e-07 0.000233379 -0.000144199 1.84708e-05 9.21976e-05 -0.000109796 4.51646e-05 5.64554e-05 0.000104658 -0.000566013 0.000445725 0.000177786 3.94015e-05 -0.00291367 -0.000177583 
0.0291961 -0.000882189 -0.0001268 -0.0195852 0.000651075 0.021553 0.000863291 -0.000471046 -0.00936487 -0.00466404 -9.38502e-05 -0.0011297 -0.00159983 -0.0235142 -0.0549771 -0.0179244 -0.0351675 0.00218614 0.0535581 -0.00232376 -0.00316515 0.00310971 -0.0345629 0.00284255 0.039774 -0.00492558 0.000722038 0.23849 -0.00787114 -0.00743462 0.0235379 0.00754182 0.00432995 0.0156266 -0.000321056 -0.00132477 0.0289422 0.0208513 0.0222429 0.0014383 0.0105641 0.000196617 -0.000776483 -0.000666921 -0.000413235 -0.000920481 -0.0173082 -6.83659e-05 0.00281963 -0.00335832 -0.0063817 -0.0037106 -0.00234538 0.0290123 -0.000873153 0.0166771 0.00130222 0.00180055 -0.00467349 -0.00188792 0.00508566 -0.000518503 0.0193792 0.063464 -0.0285317 6.02292e-05 -0.00680795 -0.000549984 -0.00956082 -9.11839e-05 0.000361022 -0.000491382 -0.00350041 0.0230026 0.0287449 -0.0422895 -0.00422476 -0.0761406 -0.0001553 -0.00127823 -0.00753999 -0.00133242 -0.0183058 0.000271889 -0.00477491 -0.024129 -0.00184256 -0.0208216 -0.00118964 -0.0095075 -0.00662819 -1.13752e-05 0.000347449 -0.000135511 -0.0350658 -0.0126092 -0.000405051 -0.0609712 -0.0614981 -0.00482448 
0.00179613 2.98541e-05 -0.000503871 -0.00176486 -0.00326104 0.0115065 -0.00153615 -0.00013943 0.00014755 -0.000536448 0.00701695 -0.000217671 -0.00456988 0.0303321 0.00146136 -0.00157738 0.0110447 -0.0130401 -0.0161489 -0.000329957 0.00354203 -0.00776821 -0.0138682 0.00290815 -0.00866394 8.78969e-05 -0.000688083 -0.00787114 0.0525112 -0.00292666 -0.00372179 -0.0161869 -0.00791147 0.00645218 -0.000185619 -0.000162936 0.00337311 -0.00903062 -0.00730193 -0.000348281 -0.00421046 -0.000883317 -0.000266963 -5.1034e-05 -0.000126135 -4.50515e-05 0.00118107 -0.000301297 0.000174258 0.0012353 -0.000160217 0.000303133 -7.35277e-05 0.00435794 0.00011725 -0.00660033 -0.000902427 0.000340672 0.000693309 -0.00245393 0.00039325 4.58646e-05 0.00111509 -0.0140877 0.0214104 -0.000297096 0.0110275 -7.33345e-05 -0.00187978 3.7705e-06 8.41804e-06 -0.000208714 0.000372265 -0.00186349 -0.000797536 0.0163951 -0.000559332 -0.000127262 -4.99131e-05 -0.00274372 -0.00298934 -0.000396246 -0.00514065 -0.00197486 -0.00120287 -0.00365657 -0.00300539 -0.00564822 -0.00111368 -0.00220344 -0.000521633 -0.000520188 1.70179e-06 -6.85585e-05 -0.0027798 0.00127751 0.000550617 -0.00536889 0.0136776 -0.0012772 
-0.00138138 0.000511116 -0.000252079 0.00175926 -0.00959821 -0.0142812 -0.00010643 4.93602e-06 0.00151347 0.000527209 -0.00670264 0.000550516 -0.0040558 -0.0259126 0.00195482 -0.000160246 -0.014232 0.0194323 -0.00734996 0.00133063 0.00109726 0.0222484 0.0086296 -0.000224847 -0.0022262 -0.00150305 -6.48863e-05 -0.00743462 -0.00292666 0.0661189 -0.000325051 0.0194854 0.000809522 -0.0102525 3.62673e-05 0.000888013 0.00300426 0.00198567 0.00505313 -0.000474742 0.00110822 6.2454e-05 0.000180769 0.00041677 -1.52791e-05 -0.000258924 -0.000956133 1.28662e-05 0.00110761 -0.00117194 0.000354551 5.05505e-05 0.000287647 0.0109483 -2.35562e-05 -0.00276631 0.00466403 -0.000308234 -0.00130947 -0.000810824 0.000100085 0.000100542 -0.00482418 -0.00350727 -0.0158299 0.000215887 -0.0106483 0.0001582 -0.001123 2.41094e-05 -0.00036183 4.33633e-05 -0.000525323 -0.00868774 -0.00446942 -0.028704 -0.000196195 -0.00735318 1.70489e-05 0.00109884 -0.00128089 -0.00150067 0.00297671 0.000727367 -1.01059e-05 0.000636151 0.000228439 0.0194671 -0.000134839 0.00581094 0.000466182 -0.000446131 -0.000153351 -0.000151706 0.0021742 -0.00243066 -0.000698397 0.007701 -0.0087688 0.000811011 
-0.0104462 5.76414e-05 -0.000430489 -0.0028244 0.0380034 -0.0187724 0.00484037 -8.32448e-05 -0.00141572 -0.000767319 -0.0185596 -0.0002083 0.0189755 -0.0243259 -0.00444671 -0.00691474 -0.0335082 -0.0114787 -0.0113516 4.87105e-05 -0.0150374 0.00678001 -0.0534989 -0.00838123 0.0140957 -0.00469084 0.00197584 0.0235379 -0.00372179 -0.000325051 0.142767 -0.00535561 0.000396119 -0.00320838 0.000581831 0.000955107 -0.00611798 0.054964 0.0396309 -0.000570973 -0.000405834 -0.000320767 -0.000324776 -0.000145622 -0.000710584 -0.000904516 -0.00566189 -0.000173731 -1.33121e-06 -0.00273677 -0.00188326 -0.00186498 0.00114828 0.022372 -0.000251454 0.00532622 -0.00278256 -0.00168007 -0.00273343 -0.00370587 0.00532809 -0.000352454 0.0338955 0.0254977 0.00308326 9.43388e-05 -0.0303741 -0.00023821 0.010779 3.95616e-05 -0.000261212 4.82601e-05 -0.00143247 0.0313845 -0.00927244 -0.0576321 -0.00203688 -0.0360672 1.24033e-05 -0.00140473 -0.00370768 0.0177578 0.0027048 -0.00018788 -0.00121017 -0.00616251 0.00959651 0.0101119 -0.000254523 -0.00208807 0.00132471 0.00131293 -0.000112745 0.000939372 -0.0119393 -0.0021927 -0.00159631 -0.0386146 -0.0471996 -0.00329984 
-0.00241804 -0.000494582 -0.00032691 -0.00199618 -0.00761132 -0.0278761 0.00115279 -8.62701e-05 -0.00152611 0.00116727 -0.014521 -0.000167167 -0.00345098 -0.0403807 -0.0174408 -0.0016026 -0.0138506 0.0148697 0.00608443 0.00117054 0.000815766 0.037766 0.0386208 -0.00176057 0.00525686 -0.00260935 -0.000292332 0.00754182 -0.0161869 0.0194854 -0.00535561 0.103819 0.00518206 -0.015542 -0.000159435 -0.000164063 0.00646142 0.00804945 0.0181018 -8.65855e-05 0.00592953 0.000144996 -0.000208761 0.00016071 -0.000404794 -0.000512678 -0.0034689 0.000375152 0.000791595 -0.00223853 -0.00104368 -0.000323053 -5.55124e-05 -0.00471075 -0.000187624 0.00902545 0.00223118 -0.00111081 -0.00119393 -6.25111e-05 -0.00394396 -7.1547e-05 -0.00719522 0.0164627 -0.0373943 -3.27301e-05 -0.015922 -0.000120489 0.00064868 -3.60925e-05 -0.0012188 0.000179685 -0.000608562 -0.00536092 -0.00601936 -0.032784 -0.000966374 -0.0114798 -6.75247e-06 0.000504744 -0.00275803 -0.00636821 0.00643615 0.0016662 0.000883863 -0.000856111 0.00261772 0.00218575 -4.2061e-05 -0.00101169 0.00072789 -0.000585938 -0.000201348 -3.40971e-05 -0.0017729 -0.00266243 -0.00216377 0.0287071 -0.0263898 0.00421065 
0.000290936 -7.0617e-05 8.53862e-05 -0.000247389 -0.000522908 -0.0016392 8.64478e-05 9.91859e-06 -0.000467999 -0.00015622 -0.00194452 0.000126334 -0.000747846 -0.0055574 -0.00292193 -0.000233638 -0.00561686 0.00398463 0.00549661 6.75958e-05 -0.000534058 0.0023656 0.00243607 -0.000661338 0.00174003 -0.000388471 -3.45514e-05 0.00432995 -0.00791147 0.000809522 0.000396119 0.00518206 0.0149972 -0.00198286 7.13896e-06 5.24481e-05 6.0079e-05 0.000456762 0.000741667 0.00052219 0.00143818 0.000424728 3.82729e-05 -8.73167e-06 2.04664e-05 -5.41867e-05 -0.000549211 0.000196811 -0.000104594 -8.59918e-05 -0.00019633 2.75043e-05 -4.0055e-06 -0.0014872 -1.81419e-05 0.00192031 0.000776551 7.73071e-05 -0.000359616 0.00147403 -0.000368785 -1.63913e-06 -0.000716794 0.00246783 -0.00546709 -3.38318e-06 -0.0030702 3.91607e-05 -0.000488034 1.06842e-07 -1.70017e-05 -2.82794e-05 -0.000110312 -0.000413317 0.00154636 -0.00487452 -0.000149975 -0.00191153 -3.81238e-06 0.000318571 0.000172526 -0.000454547 -0.000731037 0.000510771 0.000298123 -0.000338902 0.000658293 0.000109783 0.000231237 0.00054987 0.000657715 0.00012097 3.29227e-05 1.08528e-06 0.00113822 -0.000208906 -0.000154768 0.000783422 -0.00661799 0.000362265 
