0.0338457 -0.000131569 0.00406727 -0.000129908 0.00120992 0.000457963 -0.000377291 -0.000579134 0.00325244 -0.00452376 9.20793e-06 -0.00207873 -0.00119017 -0.000511999 0.000323677 0.000167841 0.00309657 0.00262494 0.000331384 -0.00237913 0.0026786 -0.000306737 -0.00356902 -0.000491968 0.00019499 -0.00119052 0.0013937 0.00745415 -0.00203272 6.99756e-05 -0.000685596 -0.000494222 -0.00149642 0.000911864 -0.00471531 -0.000126961 -0.00105422 -0.00530526 1.66007e-06 -0.000207114 4.12459e-05 -8.59424e-05 -0.0008661 -0.000496161 -0.00271491 0.00061954 -6.13544e-05 -0.000213119 -0.00168632 -0.00190893 0.000180566 -0.00991805 -0.00357054 -0.00611403 0.000277877 0.000516125 -0.00147498 -0.000169682 -0.002161 -0.00097053 0.00178167 -1.01131e-05 0.00418025 -0.000149301 0.000309975 -0.00209381 0.000313528 0.000595935 0.00123736 -0.000209329 -4.4629e-05 6.40998e-06 0.000659677 2.04221e-05 0.000130914 -4.95957e-05 -0.000222529 0.00198446 -0.000375508 7.08713e-05 -0.00143566 -0.000366843 -3.53854e-05 -0.000391039 0.000614564 -0.000326715 0.00517182 0.000140972 -0.00158373 -0.000236977 0.00207172 -0.000447683 -0.00318685 0.000301477 -0.000558419 -0.000471144 2.74055e-05 -0.00556696 -0.000325744 0.000730725 
-0.000131569 0.0222596 -0.000795541 0.000135618 0.00133005 -0.000101261 -4.48959e-05 -0.000363926 -0.000529567 0.00154598 0.000155724 0.00314303 -0.000660851 0.00500007 -0.000245943 2.5864e-05 0.000110082 -0.000936472 -0.00500043 -0.00666705 -0.00373381 0.00103921 -0.00264465 -0.0015637 -0.000417973 -0.00247963 0.00061917 -3.03648e-05 -0.0016075 0.000259454 -0.000434209 0.00187719 -0.000903232 0.000536564 -0.00115576 0.00130951 -0.00100452 -4.96721e-05 1.83019e-06 0.00106405 3.24493e-05 -5.55863e-05 0.000161781 -0.000170001 0.000809992 -0.000432579 -0.00074525 0.000742073 0.000850527 -0.000549251 -8.99775e-05 -0.00526572 -0.00112135 -0.00361606 9.93256e-05 -0.00147159 -0.000621011 0.000718916 -0.00151997 -0.000637021 0.000169429 0.000114297 0.00144625 -3.45919e-05 0.000516944 -0.000603384 0.000646229 -0.00370378 -0.00354648 -0.000142098 6.8292e-05 -3.77961e-06 -0.000250611 -5.63712e-05 -0.00035707 0.00040558 -0.000113298 -0.000195986 -0.000213153 0.000192427 -0.00093738 0.000398951 9.64545e-05 0.000724087 0.00208512 -0.000422187 0.000448821 0.000518462 0.000212663 6.59796e-05 0.000584656 -2.57293e-05 -0.000513916 -2.15523e-05 0.0016974 -0.00030797 0.000258756 0.00496292 -0.000471152 0.000276576 
0.00406727 -0.000795541 0.0443231 0.000363249 0.00381111 -0.000386407 -0.000465515 0.000232285 -0.00547129 -0.00159719 1.73031e-05 -0.0056144 -0.00201637 -0.00221852 5.60229e-05 0.00248467 -0.00127984 -0.000868813 -0.00280015 -0.00342873 0.00228526 -0.000627847 -0.00359418 0.00518417 -0.00220273 0.005492 0.00220407 0.00163699 -0.0032358 0.000377323 -0.00181617 -0.00107628 0.00265127 -0.00120832 -0.0128692 0.00212284 -0.000475444 -0.00562616 -1.63977e-06 -0.000379453 0.000316478 1.04931e-05 -0.00115245 -0.00106645 -0.00306811 -0.000851095 0.00544574 -1.44798e-05 -0.00386939 -0.00184446 -4.14921e-05 -0.00982067 -0.00808115 0.00161709 4.75713e-05 0.0130028 -0.000262592 -0.000295175 -0.00681114 -0.00140888 0.00211855 0.00038178 -0.000906094 0.000133625 0.00014421 -0.00248203 0.00202215 0.000135689 0.00877277 -0.000213646 -4.98734e-05 -9.74123e-06 0.00134083 0.000374044 0.000230991 -3.67139e-05 -0.000211501 0.00403924 0.0013195 -3.60091e-05 -0.00248131 -0.000624617 -1.12678e-05 -0.000298398 -0.000621697 0.00070974 0.00418851 -0.000105368 -0.00173945 0.000554643 0.000246981 -0.000609277 -0.00912589 -0.000659871 -0.000559615 -0.00122386 3.30181e-05 -0.00374227 -0.00019035 8.7041e-05 
-0.000129908 0.000135618 0.000363249 0.0140247 0.000372429 9.21307e-05 3.96937e-05 -4.09862e-05 -0.000651152 -0.000195755 2.55085e-05 0.00157324 -0.000685451 -0.000103638 -0.000304337 -0.000274198 -0.0017302 -0.000110522 8.15147e-05 -0.0057629 0.000919114 0.00138574 -0.000170991 0.00322242 -0.000453182 -0.000142098 0.000209527 -0.000375372 0.000621617 -5.66159e-05 -0.00060382 -0.00018987 -0.000197961 -0.000365164 0.00148734 0.00372579 -0.00058868 -0.0004455 -3.03125e-08 -5.96639e-05 -2.14073e-05 -9.27966e-06 -0.000104555 -0.000207857 -0.000803275 -0.000261614 -0.000376968 0.000212757 0.000307341 -0.000628657 -5.8825e-05 -0.00431033 -0.000629215 0.000354894 6.2512e-05 0.000342947 -0.000664888 -9.26679e-05 -0.00508958 -0.000139957 0.000550066 5.3824e-05 -0.000154237 0.000398733 -0.000331907 0.000679969 -1.15801e-05 -0.00135258 0.000798472 8.57784e-05 -1.0027e-05 7.74822e-06 -0.00014863 2.41341e-05 -0.000536835 -3.74158e-05 1.8252e-05 0.00116672 -0.000138824 -1.55401e-05 -0.000146625 0.0002099 1.73828e-05 -0.000148001 0.000469741 -0.00027085 -8.20793e-05 -1.71767e-05 -0.00060698 0.001028 -0.000189659 -0.000147169 -0.00431015 7.76371e-05 0.000255179 -0.00026519 -1.44624e-05 0.000571032 7.68534e-05 -7.65279e-05 
0.00120992 0.00133005 0.00381111 0.000372429 0.0461016 -0.000611866 -0.000396206 -3.79664e-05 -0.0030504 -0.00610031 0.00014049 0.00536118 7.82813e-06 0.000350941 0.00083739 -0.0015453 -0.00256826 0.00313706 -0.00051768 -0.00535017 -0.000949517 -0.000571605 -0.00795202 -0.00120759 -0.000140147 -0.00928536 0.00175964 -0.00281349 0.00192442 -0.000166187 -0.00246216 0.00345517 0.00216383 0.00400794 -0.00646137 0.00522907 -0.000209204 -0.000236328 2.21364e-06 0.00139945 -0.000189856 1.06403e-05 -0.00129978 -0.000679015 -0.00300686 -0.000301576 0.00211846 0.00072428 0.00169049 -0.0011805 -4.07205e-05 -0.0061094 -0.00687781 -0.00552709 -0.000302817 0.000206383 -0.0014197 -0.000335896 0.00492296 -0.00171231 0.000724538 7.88623e-05 -0.000566362 -7.65178e-06 0.000355546 -0.00197165 0.00147753 -0.0051732 -0.000183668 -7.38258e-05 -3.69662e-05 -5.40334e-05 0.00096274 -6.73971e-05 -0.000121167 0.000207316 -5.16489e-05 0.000154623 -0.000586404 2.96722e-05 0.00248251 0.000121912 -2.33253e-05 0.000786757 -0.000521677 -0.000977672 0.0049265 0.000126205 -0.000550999 5.39543e-05 0.00038006 0.000233722 -0.00369602 -0.00109075 0.00111801 -0.00109388 0.000264994 -0.00554767 -0.00242106 -0.000326876 
0.000457963 -0.000101261 -0.000386407 9.21307e-05 -0.000611866 0.0280263 -8.22642e-05 -0.000327527 0.00577519 -0.00277684 -6.1923e-06 0.00693414 0.00127313 -0.00130329 0.00158771 -0.000609082 0.000945611 0.00272651 -0.000904295 -0.00131413 0.000181975 -0.000380933 -0.00284038 -0.00231514 -0.000947341 -0.00558642 -7.11078e-05 0.00261841 0.000872106 0.000226976 -0.000264339 -0.000274401 0.00122877 -7.20741e-05 -0.000508339 0.00361471 0.00312468 -0.00295636 7.43534e-08 -0.000164192 -4.13748e-05 -9.8572e-05 0.000195509 0.000968423 -0.0014829 -0.00142878 -0.000782242 4.73775e-05 -0.00309256 -0.00124657 -8.56202e-05 0.00295257 -0.00165594 -0.00382855 -0.000127885 -0.00194826 -0.00174601 -0.00021583 0.00221044 -0.000584466 -0.000506789 -7.48214e-05 0.00171931 -6.69466e-05 -0.000603289 -0.000560688 0.000796271 -0.00177661 -0.00743165 0.000503466 0.000151507 -2.29021e-06 -5.2629e-05 -2.87097e-05 -0.000304759 0.000186298 0.000110462 -0.00139713 0.000498805 9.45301e-05 0.000190108 -4.12269e-05 1.85221e-05 -0.000623548 -0.000468327 -0.000183845 -0.00506444 -0.00010682 8.51775e-05 -0.000122254 0.000938656 -0.000156786 -0.00491921 0.000181634 -0.000574419 0.00042374 3.39961e-05 -0.00252848 -0.00116647 -6.1337e-05 
-0.000377291 -4.48959e-05 -0.000465515 3.96937e-05 -0.000396206 -8.22642e-05 0.0127993 5.19563e-05 -0.000607531 -0.00219312 4.43695e-05 -0.00197274 0.00176787 -0.000543926 -0.000356406 -0.000187153 9.0794e-05 -0.00227747 -0.00123744 -0.00033262 -0.000252186 0.00162686 0.00334438 -0.000429915 -0.000774405 -0.00623032 -0.00310953 -0.000985136 -0.000920136 0.000126106 -0.000510919 0.00151564 -0.000282097 -0.000267675 0.00346941 -0.0023219 0.000433796 0.0031705 3.90528e-06 -6.12449e-05 -0.000109848 0.0001383 0.0020724 9.22409e-05 -0.000576167 -0.000242176 0.000766796 5.42227e-05 -0.00261367 0.000205001 -3.16944e-05 -0.00312691 0.00413842 -0.00122446 -1.57642e-05 -0.000933092 -0.00113407 -3.76296e-05 -0.00301531 8.88871e-05 -0.00020983 1.66696e-05 0.00142913 -5.75782e-05 -0.000335113 0.00550199 -0.00139206 -0.00205127 -0.00597305 -7.73956e-05 -7.25361e-06 1.53804e-05 -0.000113088 0.000115013 -0.000474444 0.000233601 0.000150481 -0.000179491 -0.000640363 8.90487e-06 -0.00108558 0.000643071 3.27875e-05 0.000465338 8.45405e-05 0.000526092 0.000720056 -4.45022e-05 0.000687345 0.000415428 0.000235879 0.000135373 0.00191338 0.00121691 0.000285032 -0.000197907 -5.0718e-06 0.00246893 -0.000259814 4.24505e-05 
-0.000579134 -0.000363926 0.000232285 -4.09862e-05 -3.79664e-05 -0.000327527 5.19563e-05 0.0204807 -0.00104128 0.00253775 0.000269637 -0.00263245 0.00366467 -0.000686356 0.0031866 -0.000108141 -0.00448279 -0.0116927 -0.00248279 -0.00119137 -0.00384905 1.13701e-05 0.00143996 0.00619485 0.000249997 0.00242723 -0.00199954 -0.00141362 0.00135857 -5.31241e-06 -0.000421555 0.00277042 0.00570626 -0.000475871 -0.00536531 -0.000754929 -0.000244133 0.000326341 -6.08941e-07 8.08722e-05 0.000387989 -1.72337e-05 6.90642e-05 -0.000235951 0.000392008 0.00947498 0.0016506 -1.9175e-05 -0.0117147 0.00381295 -5.69532e-05 -0.00256036 -0.0029791 -0.00143448 1.64901e-05 -6.83019e-05 0.00366248 0.000211525 -0.00787276 -0.000476189 -0.000457116 0.00020167 -0.000498284 0.000108984 -0.000201017 -0.000149492 -0.00160425 0.00106397 -0.000963218 0.000657138 -1.90217e-05 0.000133666 0.00231813 0.000170202 0.00403994 5.97144e-06 0.000256409 0.000607631 0.000983674 -1.49005e-05 -0.00154561 0.000596132 0.000174357 -0.00017547 -0.000271162 0.000224461 -0.00352198 9.64426e-05 0.000649667 4.30596e-05 -0.000274517 0.000957771 -0.0056899 0.0002455 0.000261687 -0.000111836 0.000178529 -0.0025152 0.000797833 0.000205129 
0.00325244 -0.000529567 -0.00547129 -0.000651152 -0.0030504 0.00577519 -0.000607531 -0.00104128 0.178671 0.00199213 -7.40688e-05 0.0491183 0.00150172 0.0230598 0.000945046 -0.00607612 -0.0175623 0.0175124 -0.0174711 0.00462498 0.00140175 -0.000949927 0.0285508 -0.0221996 0.0116652 -0.0265182 -0.0129816 0.0273784 0.00276187 -5.72362e-05 0.0145252 -0.00593975 0.0108408 0.0138781 -0.0151392 0.0209944 0.0203153 0.00586074 1.48874e-05 -0.00108471 0.00109934 -0.000486029 -1.66361e-06 0.00873096 -0.00408075 0.000590964 0.00116586 -0.000306871 -0.0479002 -0.0022651 -0.00102239 0.0145928 -0.0251633 -0.0311802 -0.00133403 -0.0179271 -0.0122329 -0.00237528 -0.0410519 -0.00244569 -0.00449622 0.000537958 0.0110811 -0.00077347 0.00066499 -0.0066386 0.00170227 -0.0205088 -0.0129666 0.00109982 0.000238284 5.66389e-05 -0.00184963 0.00093967 0.00206671 0.00495285 -0.000100046 -0.00625874 -0.00115802 -8.67121e-05 -0.0162448 0.00368453 3.00961e-05 0.00296072 -0.00234274 -0.0033793 -0.0189219 -0.000242022 0.00410613 -0.00198687 0.000202834 0.00246261 -0.0568735 0.00124051 0.00223884 0.00758781 -0.00021079 -0.0322413 -0.00485406 0.000637939 
-0.00452376 0.00154598 -0.00159719 -0.000195755 -0.00610031 -0.00277684 -0.00219312 0.00253775 0.00199213 0.1709 -0.000193885 -0.0088088 -0.000436668 0.0134981 -0.00635996 -0.0059141 -0.0655563 -0.0593223 -0.0158379 0.00604413 -0.0596187 -0.00514934 -0.00220842 -0.00960783 -0.00480222 0.0243227 -0.00673206 -0.00184088 -0.00460034 -0.000706046 -0.0010656 -0.0047686 0.00128171 -0.0022451 -0.041469 0.0106658 -0.00227989 0.0217958 -9.4204e-06 0.000522617 -0.000282515 -0.000764762 -0.00039113 -0.00562267 0.0285335 0.00813471 0.00570063 -0.000248629 -0.00647423 0.0112846 -0.00108561 0.031487 -0.0243231 0.0250657 0.000989724 -0.00689826 -0.00473848 0.0040739 0.015894 -0.00724256 -0.00218792 -0.000668959 -0.0111924 -4.96213e-05 -0.00149959 -0.0105181 0.0143369 0.000971776 0.0197855 -0.000468156 0.000293876 0.000100148 -0.00208673 -0.000522115 0.00955602 -0.00156416 -0.000683669 -0.0105518 0.0164965 -0.00024859 -0.014081 -0.000633437 -0.000264401 -0.00352446 -0.00175567 -0.00322623 -0.0236165 0.00138481 -0.00513305 0.00092805 -0.00273948 0.00399561 0.00844784 0.00143532 0.0031424 -0.00155175 0.000139725 0.0173751 -0.0037425 0.00284197 
9.20793e-06 0.000155724 1.73031e-05 2.55085e-05 0.00014049 -6.1923e-06 4.43695e-05 0.000269637 -7.40688e-05 -0.000193885 0.00377848 -0.00033615 0.000485385 0.000536895 0.000733031 0.000408642 -0.000671308 -0.000997868 -0.00061275 -0.000971346 -0.00117243 0.000167767 -0.000525651 -0.000135222 -8.6107e-05 0.00017209 -0.000171063 -0.000181134 8.12e-05 1.20156e-05 0.000600616 0.000128117 0.000576187 3.5116e-07 -0.00121309 8.16779e-06 3.09887e-05 -0.000316924 7.02006e-07 0.000245469 5.69467e-05 -1.2923e-05 -4.33608e-05 -6.01618e-05 0.000735961 0.000160837 0.000315986 3.62013e-05 -0.000840744 3.81105e-05 3.38538e-05 -0.000508122 -0.000469466 -0.00044048 6.42473e-05 -8.48356e-05 0.000599493 3.52269e-05 -0.0010332 -0.000155565 0.000233827 5.73886e-06 0.000447563 8.70874e-05 0.000262045 -3.04078e-05 -6.64452e-06 0.000225228 -0.000361027 4.14886e-05 -2.46632e-06 4.30281e-06 0.000406612 1.45369e-05 0.000516512 -4.07496e-05 -1.31026e-06 0.000177711 0.000198411 6.78656e-06 0.000281204 2.64394e-05 2.0985e-05 -2.79062e-05 5.19574e-06 2.13027e-05 -0.000238222 8.32611e-05 0.0001832 6.19748e-05 -3.9252e-06 -1.43324e-05 -0.00143619 -4.28713e-05 5.72029e-05 -8.83229e-05 3.42352e-05 -0.000404263 -9.09923e-05 -4.3851e-06 
-0.00207873 0.00314303 -0.0056144 0.00157324 0.00536118 0.00693414 -0.00197274 -0.00263245 0.0491183 -0.0088088 -0.00033615 0.14693 -0.00296656 0.000273296 0.000638488 -0.00283588 -0.0183259 0.0292561 -0.00912589 0.00265998 -0.0130631 0.00453082 -0.00690309 -0.0157912 0.000317482 -0.0335763 -0.00487288 -0.0035646 0.0213589 -0.000123348 -0.00090534 -0.00239266 0.000888797 0.0109837 0.00253673 0.0324001 0.0117511 -0.00706814 -2.54206e-06 0.00137756 -0.000159822 7.6354e-05 -0.00336622 0.00649563 -0.0086683 -0.0060954 -0.0100514 0.000208349 -0.00527941 -0.00960496 -0.00065317 0.0148665 -0.0243929 -0.0190876 -0.00109132 -0.0157062 -0.011955 -0.00160027 0.0133329 -0.0013522 -0.00336656 -0.000411339 0.000140221 -0.000942684 0.00292322 -0.00758955 0.0224879 -0.0169411 -0.00815657 0.00108746 0.000253003 -0.000106026 -0.00130831 -2.55878e-05 -0.00552555 -6.20868e-05 0.000151017 -0.00546024 -0.00785302 -0.000145173 -0.00192034 0.00287046 0.000154738 0.000519041 -0.000734014 -0.00167883 -0.01938 0.000864815 0.0038645 -0.00277079 0.00162513 0.000608134 -0.0378536 0.00174021 0.000332711 0.00470954 0.00035404 -0.020251 -0.00629965 -0.000891653 
-0.00119017 -0.000660851 -0.00201637 -0.000685451 7.82813e-06 0.00127313 0.00176787 0.00366467 0.00150172 -0.000436668 0.000485385 -0.00296656 0.0582777 -0.00200324 -0.000214552 -0.00159845 -0.00716471 -0.0173057 -0.00204542 0.00838699 -0.00876971 0.000638645 0.00316921 -0.00132062 0.0106719 -0.00167639 -0.00153108 -0.00231133 -0.000996043 6.24782e-05 -0.00117299 0.00128531 0.00621313 -0.0018562 -0.0197464 -0.00351397 0.00425077 0.00228815 1.02731e-05 -0.00038903 -0.000251326 -9.04264e-05 -0.00129218 0.000760236 0.000734037 0.00203722 0.00548249 0.000508101 -0.0323495 0.00692005 -0.000188881 0.00553109 -0.00999371 -0.00252028 -0.00036562 -0.000625848 0.00432017 0.000332192 -0.0070351 -0.000402555 -0.000808469 -1.31038e-05 0.00168049 0.000320825 0.00530594 0.00640449 -0.00287101 0.000180712 -0.017077 0.00152233 0.00019452 -1.56545e-05 0.000375913 -5.33387e-05 0.00506601 0.000814313 0.00107219 -0.00279418 0.00642062 -3.51269e-06 -0.00483846 0.000165207 0.000138123 0.00240176 0.00055699 0.00267108 0.00447201 3.88207e-05 0.0109124 -0.000829809 -0.00034198 0.000307895 -0.0130464 0.00071416 -0.000683654 0.000166513 0.000569322 -0.00263169 -0.000126184 -0.000231583 
-0.000511999 0.00500007 -0.00221852 -0.000103638 0.000350941 -0.00130329 -0.000543926 -0.000686356 0.0230598 0.0134981 0.000536895 0.000273296 -0.00200324 0.0648229 0.000558908 0.00125455 -0.0122404 -0.00471791 -0.00578155 -0.0150059 -0.00996908 -0.00119671 0.0149184 -0.00495284 -0.00195413 -0.0137626 -0.00509077 -0.00170516 -0.00709486 -4.46251e-06 0.00289453 0.00132345 -0.000563034 0.00160207 -0.00530768 -0.00398941 0.00213638 0.00890387 1.10978e-05 0.000801617 0.000192882 -2.83513e-05 0.00166131 0.00205568 0.00505319 0.00164447 -8.48813e-05 0.000375896 0.00371677 0.00226395 -0.000323299 -0.00886811 0.00229851 -9.01336e-05 -0.000301622 -0.00321323 -0.00323412 0.000494137 -0.0151257 -0.00138148 0.000417403 0.00031407 0.00018724 3.38e-05 -0.0003299 0.000796564 -0.00325784 -0.00904291 -0.00906515 -0.000271447 -1.61023e-05 -1.86873e-05 -0.00104174 -0.000161099 0.00104588 8.34312e-05 -0.000262238 -0.00191932 0.000176052 0.000285208 -0.00470254 0.00084969 7.35055e-06 0.000309115 0.00184054 -0.00121284 -0.00486164 0.000458711 0.000365673 0.000354681 -0.000587466 0.00152464 -0.00370208 0.000182498 0.00379006 0.00107207 -7.23208e-05 -0.000979816 -0.00104359 0.000108837 
0.000323677 -0.000245943 5.60229e-05 -0.000304337 0.00083739 0.00158771 -0.000356406 0.0031866 0.000945046 -0.00635996 0.000733031 0.000638488 -0.000214552 0.000558908 0.0421393 0.000950797 -0.000148888 -0.0020295 -0.000479082 -0.00354645 -0.00255556 -0.000456733 -0.00615459 0.00286537 0.00268287 -0.00144422 0.000355199 -0.00129688 0.00461723 -0.000155762 -0.000294638 0.00246722 0.00965312 -0.000345058 -0.0116485 0.00330452 0.00256402 -0.00517204 4.47888e-07 3.41504e-05 -7.86569e-05 8.47496e-05 -0.000630678 -0.000612361 -0.00214635 0.00935372 -0.000614427 -0.000272563 -0.00695769 -0.00172755 7.5056e-05 -0.00271483 0.000910289 -0.00821423 -0.000179158 0.00302591 0.00131029 -0.000330385 -0.0054562 -0.00171243 -0.000440626 0.000212549 0.000476959 0.000173773 -0.000974235 -0.0012976 -0.00354694 0.00363624 -0.00241084 0.000559755 -5.51608e-05 7.67318e-06 0.00118362 -1.51744e-05 0.00117329 2.21278e-05 -0.000294349 -0.000385246 0.000660436 2.76609e-05 -0.00206532 -0.000499928 4.32371e-05 0.000352095 -0.000547849 -0.000854674 -0.0056465 0.000318044 -0.000168477 3.78585e-05 -0.000406857 -0.000369784 -0.00523293 -0.00119231 0.000598779 -0.000315721 0.000127671 -0.00471858 0.00164611 -0.000223281 
0.000167841 2.5864e-05 0.00248467 -0.000274198 -0.0015453 -0.000609082 -0.000187153 -0.000108141 -0.00607612 -0.0059141 0.000408642 -0.00283588 -0.00159845 0.00125455 0.000950797 0.0493415 -0.000835731 0.00178367 -0.000525118 -0.0119678 -0.00261888 0.000340849 -0.00471539 0.00623237 -0.00226078 -0.00828309 -0.00648925 -0.00397824 0.00436307 0.000460853 0.000687894 0.000710121 -0.000257089 -0.00109084 -0.00113015 -0.0168614 -0.00166672 -0.00189362 1.89055e-05 0.000599232 -0.000199438 4.32243e-05 -0.000844511 0.00290279 0.00851198 0.00399195 -0.00243813 -0.00025759 2.38303e-05 0.000808454 0.00156804 -0.0170624 0.00761938 -0.00499574 0.000320773 0.00468006 0.000487619 0.000678628 -0.00813274 0.00133207 0.00177433 0.000388451 0.00234745 -8.16735e-05 -0.000734056 -0.00195996 -0.00482348 0.00610443 -0.00998058 -0.000241986 -1.47698e-05 0.000177777 0.0029059 8.88981e-05 -0.000851093 -9.69324e-06 -0.000193035 0.00705575 0.00128538 0.000590486 -0.00200917 -7.94716e-06 0.000250101 -0.00107932 0.00234077 0.00108211 0.0121033 0.000465589 -0.00236187 -0.000714584 -9.25229e-05 -0.000342422 -0.00148343 -9.16647e-05 1.15983e-05 -0.000257908 9.71247e-05 0.00213365 0.00142583 -0.000444277 
0.00309657 0.000110082 -0.00127984 -0.0017302 -0.00256826 0.000945611 9.0794e-05 -0.00448279 -0.0175623 -0.0655563 -0.000671308 -0.0183259 -0.00716471 -0.0122404 -0.000148888 -0.000835731 0.159144 0.0280041 0.020874 -0.00353342 0.0578736 0.000964475 0.000932244 0.00491546 -0.000853399 -0.0148777 0.0240783 0.00565148 -0.00693674 -0.000151112 -0.00874542 0.00497174 -0.00319861 -0.0057614 0.0500746 -0.00902323 -0.00810308 -0.014405 -3.47977e-05 -0.000791487 -0.000840581 0.000260402 0.00217596 0.00168202 -0.0389322 -0.00421267 -0.00231429 -0.00275213 0.00381925 -0.0129789 0.000437033 -0.0281435 0.0205107 -0.0209707 -0.000837482 0.001625 0.00227636 -0.00529561 -0.011333 0.00287569 0.00130786 0.00036037 0.00482809 -0.000773704 -0.000923886 0.00370695 -0.0319837 -0.00240398 -0.00447772 -0.000515383 -0.000667239 -0.000226387 0.00292094 -0.000199305 -0.00842069 -0.00253765 -0.000425124 0.0052151 -0.013387 0.000314746 0.00540701 -0.00117931 -0.000130634 -0.00257504 0.00150857 -0.00016591 0.0160662 -0.00267774 0.00380949 -0.00239315 5.8996e-05 -0.00736868 0.00321623 -0.00266241 -0.00588852 -0.00840029 -0.00061541 -0.0125498 0.00654337 -0.00151202 
0.00262494 -0.000936472 -0.000868813 -0.000110522 0.00313706 0.00272651 -0.00227747 -0.0116927 0.0175124 -0.0593223 -0.000997868 0.0292561 -0.0173057 -0.00471791 -0.0020295 0.00178367 0.0280041 0.191837 0.0208031 0.0152819 0.024367 -0.000442774 -0.0050951 -0.0299112 -0.0136167 -0.0281123 0.00259641 0.0048497 0.00523228 -0.000761988 -0.00184364 -0.00909728 -0.0238586 0.00860937 0.0360733 -0.0327997 0.000498413 -0.0128837 -2.8172e-06 -0.0027231 -0.00121824 0.000211133 -0.00569947 0.00461477 -0.0208584 -0.0254784 -0.027972 -0.000625803 0.0571681 -0.00685332 0.00037312 -0.00437791 0.0171714 -0.0343632 -0.00229197 -0.00525136 -0.0144242 -0.00412644 0.0172803 0.00736483 0.00214918 -0.000217302 0.0068804 -0.000778878 -0.00629037 -0.00947741 -0.00402606 -0.00558605 0.00144452 -0.00404125 -0.000283506 -0.000354683 -0.0066285 -0.000560072 -0.0269479 0.00143884 -0.00208364 -0.0068849 -0.013982 0.000164199 0.00930048 -0.00298265 -5.96552e-05 0.00158573 -0.0016256 -0.00265811 0.0361245 -0.000528778 -0.0129154 -0.00317917 0.0022522 -0.00352144 0.0271643 -0.00708487 -0.000759285 0.00258817 -0.000546523 -0.0294421 -0.0170112 -0.00506356 
0.000331384 -0.00500043 -0.00280015 8.15147e-05 -0.00051768 -0.000904295 -0.00123744 -0.00248279 -0.0174711 -0.0158379 -0.00061275 -0.00912589 -0.00204542 -0.00578155 -0.000479082 -0.000525118 0.020874 0.0208031 0.0897505 0.0110569 0.0158235 -0.00370475 -0.020787 0.00165612 -0.00499306 0.0132656 0.0142362 0.000172256 0.00641466 -0.000602422 -0.0115239 -0.002159 -0.00560382 -0.00379028 0.00312337 0.00453537 -0.0169036 -0.00525148 -3.43726e-05 -0.00233715 -0.00318841 -0.000298869 -0.00708268 -0.00521048 -0.0155163 -0.00234445 -0.0110299 -0.00152537 0.022883 -0.000541728 -0.000299424 -0.00178236 0.010244 -0.014937 -0.00110618 0.00575208 -0.00254868 -0.00380632 0.0104367 -0.00293363 0.00137285 -0.000731321 -0.00545765 -0.000417082 -0.0045923 -0.00477736 -0.0050177 0.00711914 0.019058 7.88101e-05 -0.000930653 -0.000218525 -0.00228324 -0.000621225 -0.00616817 -0.00346919 -0.00158482 -4.85301e-06 -0.00316335 -0.000322274 0.00449525 -0.0048481 -0.000384438 -0.00112743 -0.00168604 0.000767485 0.00798004 -0.00240255 -0.0136052 -0.000647331 -0.000532343 -0.0042888 0.0144768 -0.0113197 -0.00502926 -0.00124832 -0.000295551 -0.00368059 0.00321477 -0.00248368 
-0.00237913 -0.00666705 -0.00342873 -0.0057629 -0.00535017 -0.00131413 -0.00033262 -0.00119137 0.00462498 0.00604413 -0.000971346 0.00265998 0.00838699 -0.0150059 -0.00354645 -0.0119678 -0.00353342 0.0152819 0.0110569 0.139702 -0.00335578 -0.00112559 0.000863823 -0.0368531 0.00763261 -0.00784679 -0.00221996 -0.00200565 0.0111857 -0.00180337 -0.00844892 -0.0118881 -0.00721492 -0.00122029 -0.0200581 -0.0177772 -0.00225334 0.0109464 -3.2215e-06 -0.00414733 -0.000812846 -0.000112091 -0.00418871 -0.00164239 -0.00386942 -0.00781942 -0.00219551 0.000221697 -0.0133583 0.00448421 -0.000487814 0.0538697 -0.0114441 -0.0102356 -0.00214668 -0.00574149 -0.00661673 -0.00305578 0.0310322 -0.00233408 -0.00513894 -0.00109773 -0.000633511 -0.00257905 -0.0029864 0.00235142 -0.0102659 0.0117752 0.0162931 -0.00145554 -3.75152e-06 -0.000296047 -0.00456196 -0.000219969 -0.000645333 0.00066613 -0.000333264 -0.0193008 0.000890672 -0.000898974 -0.000641876 -6.31493e-06 -0.000422281 0.00111808 -0.00794711 -0.00120505 0.0152897 -0.00159724 -0.00155489 -0.00625241 0.00124533 0.00063271 0.0104785 -0.00714366 -0.00421285 0.00238824 -0.00036242 -0.0146818 -0.00749175 -0.00145232 
0.0026786 -0.00373381 0.00228526 0.000919114 -0.000949517 0.000181975 -0.000252186 -0.00384905 0.00140175 -0.0596187 -0.00117243 -0.0130631 -0.00876971 -0.00996908 -0.00255556 -0.00261888 0.0578736 0.024367 0.0158235 -0.00335578 0.118041 -0.00285527 0.00640284 0.011526 -0.00580335 0.000142632 0.0208667 0.00391618 -0.00796199 0.000175876 -0.00401268 0.000895083 -0.010152 -0.00399696 0.0233904 0.00571772 -0.00294486 -0.0219657 -3.71119e-05 -0.00322667 -0.000874303 -3.58934e-05 -0.00235341 0.00192485 -0.0296369 -0.00208101 0.00258705 -0.00111228 0.00354717 -0.0187264 1.7718e-05 -0.0121891 0.00518762 -0.0106305 -0.00159048 0.00466791 -0.00138124 -0.00414455 -0.00892895 -0.0016783 0.000226813 0.000389213 0.00337454 -0.00071222 -0.00383478 -0.00201248 -0.00756672 -0.00724002 0.00912587 -1.12406e-05 -0.000583002 -0.000300408 -0.00072478 -0.000115118 -0.000254447 -1.70181e-05 -0.000914974 0.00388947 -0.00951162 -0.000164209 0.005778 -0.00253102 -0.000192784 -0.000622761 0.000131989 -0.00127771 0.00286617 -0.00273167 -0.00505162 0.00102236 -0.00026782 -0.00668965 0.00074914 -0.00107131 -0.00671169 -0.00122351 -0.000896789 -0.0130422 0.00328119 -0.000871259 
-0.000306737 0.00103921 -0.000627847 0.00138574 -0.000571605 -0.000380933 0.00162686 1.13701e-05 -0.000949927 -0.00514934 0.000167767 0.00453082 0.000638645 -0.00119671 -0.000456733 0.000340849 0.000964475 -0.000442774 -0.00370475 -0.00112559 -0.00285527 0.0273943 0.00428066 -0.00123318 0.00474839 -0.00550599 -0.00203057 0.00157102 -0.00192986 -9.13692e-05 -0.00111154 -0.000470886 0.000507292 -0.000196066 0.00723532 0.0021593 -0.00108749 0.00483036 6.63898e-06 5.6402e-05 -0.000180249 0.00021596 0.00320886 -0.00031962 -0.00189321 -0.00047962 -0.000497959 0.000547826 -0.0101729 -0.000615071 0.000102274 -0.00879013 -0.00263061 -0.00531064 0.000141697 -0.0016802 -0.000211758 9.79303e-05 -0.0101392 0.000553083 -0.000327067 -4.39362e-05 0.00235179 -0.000139411 -4.4361e-05 0.00508378 -0.00158335 -0.00230219 -0.004057 -6.64418e-05 8.35768e-05 2.65128e-05 -0.00052601 5.90415e-05 -0.000875 0.00017263 0.000568933 0.000466069 -0.0013926 0.000303797 -0.00202474 0.00212169 0.000122389 0.000758841 0.000209192 0.00175046 0.00270868 -4.50848e-05 0.00641866 -0.000154134 -8.56489e-05 0.00038829 -0.0089865 0.00268948 0.00253173 -0.000615251 2.10055e-05 0.000867479 -0.000750318 0.000298236 
-0.00356902 -0.00264465 -0.00359418 -0.000170991 -0.00795202 -0.00284038 0.00334438 0.00143996 0.0285508 -0.00220842 -0.000525651 -0.00690309 0.00316921 0.0149184 -0.00615459 -0.00471539 0.000932244 -0.0050951 -0.020787 0.000863823 0.00640284 0.00428066 0.169839 -0.00630087 0.00699812 -0.0478537 -0.0200497 0.00389576 -0.024721 -0.000136675 0.00865152 -0.00143647 -0.00938971 -0.00381233 0.0266818 -0.0310343 -0.000540729 0.0161583 7.99892e-06 -0.000986687 0.000183108 -9.69438e-05 0.0125355 0.011779 0.00398183 0.00348192 0.0154837 -0.000158306 -0.0290931 0.00526468 -0.000877818 -0.0246437 0.0284514 0.0020361 0.00179698 -0.0137165 -0.0111906 -0.00132849 -0.0604038 0.00509758 -0.00424138 0.001012 4.95007e-05 0.0004123 0.00610173 0.0260959 -0.00206522 -0.0294952 -0.03911 0.00194973 -8.28884e-05 -8.95419e-06 -0.00315761 -0.000298781 0.00540589 0.000942067 0.00235694 -0.00782261 -0.00518113 -0.000316586 -0.0176192 0.00263812 0.000159247 -0.00237336 -0.000721697 0.00816838 0.00878205 -0.000949129 0.0253262 -0.00231017 -0.00210116 0.00380438 -0.0131611 0.00608866 0.00244149 -0.00016886 -0.000317042 0.00189704 -0.00669351 0.00326932 
-0.000491968 -0.0015637 0.00518417 0.00322242 -0.00120759 -0.00231514 -0.000429915 0.00619485 -0.0221996 -0.00960783 -0.000135222 -0.0157912 -0.00132062 -0.00495284 0.00286537 0.00623237 0.00491546 -0.0299112 0.00165612 -0.0368531 0.011526 -0.00123318 -0.00630087 0.101512 -0.00607397 0.0156917 0.00106659 -0.00493608 0.00148145 -2.8999e-05 -0.00346247 0.00766564 0.00947988 -0.00381421 0.00625333 0.000102446 -0.00522837 -0.0174727 -9.14864e-06 0.000131598 0.000109771 3.43069e-05 0.00130291 -0.00221656 -0.00760265 0.0201053 0.00199194 -0.00031841 -0.0136661 -0.00186873 0.000444226 -0.0342313 0.00476297 0.0139906 0.000527418 0.0159171 0.0110228 -0.00075414 -0.0272586 0.00172834 0.00224601 0.000104285 -0.00456127 0.000862324 -0.00234977 -0.000639526 -0.0106631 0.00694708 0.00355075 0.00261676 -0.00012343 0.000196689 0.00402685 0.00014703 0.00777473 -0.00120087 -0.000314229 0.0171493 -0.00248873 0.000112793 -0.00891747 -0.0012046 3.12708e-05 -0.000494083 0.00640205 0.000791849 -0.0135211 -0.000114739 -0.00448584 0.00243642 -0.00120509 -0.00123437 -0.0161378 0.00187483 -0.000849791 -0.00292673 0.000577138 0.0103397 0.0104593 0.000922684 
0.00019499 -0.000417973 -0.00220273 -0.000453182 -0.000140147 -0.000947341 -0.000774405 0.000249997 0.0116652 -0.00480222 -8.6107e-05 0.000317482 0.0106719 -0.00195413 0.00268287 -0.00226078 -0.000853399 -0.0136167 -0.00499306 0.00763261 -0.00580335 0.00474839 0.00699812 -0.00607397 0.0918334 0.00311235 0.00103489 -0.00303276 0.00542213 -0.000357266 -0.00261754 -0.00233964 0.0165517 -0.000344443 -0.0158357 0.00534733 0.00609513 -0.00523346 -3.66309e-06 9.58357e-05 6.03448e-06 -0.000170734 0.00133498 0.00152706 -0.00775062 -0.000628681 0.00176279 0.000614511 -0.0295663 -0.00221324 -0.000477094 0.0158454 -0.0194774 0.00393641 -0.000429174 -0.00138963 0.00714277 -0.00087593 -0.0192658 0.00067924 -0.00157304 7.64666e-05 -0.00309923 0.000339438 0.00789686 0.00530121 -0.0126411 -0.0049881 -0.00960879 -0.000788154 1.0249e-05 -3.71654e-05 -0.00122979 -2.03958e-05 -0.0052599 -0.000263339 0.00118423 -1.91198e-05 0.00242082 -9.41935e-05 -0.00796362 -0.000241254 -7.90581e-05 0.00170542 -0.00110006 0.00342064 -0.00198313 -0.000535715 0.0233718 -0.00074122 0.000177188 0.002204 -0.038529 0.00234576 0.000559218 6.45202e-05 -1.1846e-05 -0.0115578 0.0003468 0.000825431 
-0.00119052 -0.00247963 0.005492 -0.000142098 -0.00928536 -0.00558642 -0.00623032 0.00242723 -0.0265182 0.0243227 0.00017209 -0.0335763 -0.00167639 -0.0137626 -0.00144422 -0.00828309 -0.0148777 -0.0281123 0.0132656 -0.00784679 0.000142632 -0.00550599 -0.0478537 0.0156917 0.00311235 0.17018 0.0196094 -0.000299263 -0.00734651 0.000136925 0.00572457 -0.00698762 0.00740132 -0.00871847 -0.0514368 0.0155282 -0.0111355 -0.0202046 -5.65501e-05 -0.00225579 0.000462343 -0.00126663 -0.0149016 -0.0159737 0.00167263 0.00755876 0.00853297 -0.000734765 0.0154872 -0.00970585 -0.000226008 0.0215167 -0.0401166 0.0259454 -0.00104441 0.0103083 0.0142039 0.00146329 0.00827024 -0.00612498 0.000216477 -8.98958e-05 -0.00733918 0.000564202 0.00106411 -0.0183509 0.00911071 0.00707078 0.0773115 0.000766389 -0.000569817 -1.73168e-05 0.000620712 -6.17379e-05 0.0108404 -0.00598021 -0.00230428 0.00674911 0.00924866 -0.000274575 0.0139705 -0.00584851 -0.000340905 0.000224145 -0.00237405 -0.00587913 -0.0158656 0.000308082 -0.0179238 0.00270784 -0.00345585 -0.00264988 -0.0110788 -0.00537572 -0.0109076 -0.0032282 -0.000443909 -0.00999139 0.00342568 0.000431053 
0.0013937 0.00061917 0.00220407 0.000209527 0.00175964 -7.11078e-05 -0.00310953 -0.00199954 -0.0129816 -0.00673206 -0.000171063 -0.00487288 -0.00153108 -0.00509077 0.000355199 -0.00648925 0.0240783 0.00259641 0.0142362 -0.00221996 0.0208667 -0.00203057 -0.0200497 0.00106659 0.00103489 0.0196094 0.0699921 0.00386566 -0.00413515 6.38353e-06 -0.0107957 0.00165406 -0.00370725 -0.00529225 -0.00868091 0.0107104 -0.00584846 -0.00425522 -3.39447e-05 -5.59267e-05 -0.00112712 -0.00048859 -0.00567969 -0.0069185 -0.0234809 0.00206605 0.00283147 -0.000354344 0.00747221 -0.0121642 -0.000199272 0.00104175 -0.0200293 -0.00401919 -0.0013918 0.00108711 0.00485231 -0.00186565 0.0160474 -0.00982327 -0.000410489 -7.85956e-05 -0.000242023 0.000200645 0.000836091 -0.00635721 0.00310867 0.00324587 0.0194048 -0.00013982 -0.000701994 -0.000315499 0.000495256 -0.000512636 0.00154391 -0.00175254 -0.000672326 0.00202883 -0.00163939 -3.97302e-05 0.00403443 -0.00640107 -0.00033467 -0.00126568 0.000818657 -0.000719807 0.000582563 -0.00100405 -0.00266828 -0.00024548 -0.00044753 -0.00414829 -0.00411008 8.48064e-05 -0.00225913 -0.00508015 -0.000849731 -0.0117276 0.00344884 0.000329613 
0.00745415 -3.03648e-05 0.00163699 -0.000375372 -0.00281349 0.00261841 -0.000985136 -0.00141362 0.0273784 -0.00184088 -0.000181134 -0.0035646 -0.00231133 -0.00170516 -0.00129688 -0.00397824 0.00565148 0.0048497 0.000172256 -0.00200565 0.00391618 0.00157102 0.00389576 -0.00493608 -0.00303276 -0.000299263 0.00386566 0.107523 -0.00522411 -0.000100427 -0.000456531 -0.00246992 0.00149796 0.000470075 0.00134187 0.00788364 -0.00398677 -0.00493299 -2.5967e-06 0.000280474 -5.2123e-05 0.000132452 -0.00234022 -0.00120531 -0.00662007 -0.00214238 0.000350268 -0.000612328 -0.0140793 -0.000201561 -0.000339233 -0.025495 -0.00972677 -0.004083 0.000125575 0.00437474 -0.00598918 -0.00105092 -0.0255667 -0.00257007 -0.00133396 -3.91037e-05 0.00716373 -0.000474632 0.000319309 -0.0074019 -0.00632468 -0.00337122 0.00813785 -8.8449e-05 -0.000156934 0.000419833 0.00186877 -1.74935e-06 0.00155167 0.00294213 -0.000527438 0.00405845 0.000259963 0.000634018 -0.00746527 -0.000720529 -7.9912e-05 0.00149537 -0.00064646 -0.002236 0.000329049 3.43895e-05 -0.000500175 -1.40793e-05 -0.00107361 -0.00117276 -0.0147124 -0.00149385 -0.00147546 0.000130092 4.66235e-05 -0.0161264 0.000827024 0.000246397 
-0.00203272 -0.0016075 -0.0032358 0.000621617 0.00192442 0.000872106 -0.000920136 0.00135857 0.00276187 -0.00460034 8.12e-05 0.0213589 -0.000996043 -0.00709486 0.00461723 0.00436307 -0.00693674 0.00523228 0.00641466 0.0111857 -0.00796199 -0.00192986 -0.024721 0.00148145 0.00542213 -0.00734651 -0.00413515 -0.00522411 0.128175 -0.000549205 -0.00219259 -0.00198758 0.0147004 0.00353874 -0.0241669 -0.00427523 -0.0024447 -0.0180067 -5.53496e-06 0.00249199 0.00125227 -0.000321476 -0.00208122 -0.000683612 -0.00195346 0.00874081 -0.00508628 -0.000473423 -0.0239636 0.00482456 -0.000350101 0.0343505 -0.0163801 -0.0229339 -0.00116752 0.00557713 0.00660289 -0.00115822 0.00398553 -0.00079026 -0.00270838 -0.000455406 0.000361682 -0.000616318 -0.00128696 -0.00882533 -0.0081667 0.0307956 -0.0236475 -7.48586e-05 0.00015028 -9.49063e-05 0.00504249 -0.000120312 -0.00188875 6.8926e-05 -0.000496834 0.00309788 9.09709e-05 -7.22964e-06 0.00450111 -0.000278803 -8.87417e-05 -0.0014667 -0.000868845 -0.00141386 -0.0113601 7.00566e-05 -0.0103707 -0.00180623 0.00113301 -0.00194157 -0.0234792 -0.000436032 -0.00205125 0.00215653 9.42594e-05 -0.0160291 0.00108931 -0.000891734 
6.99756e-05 0.000259454 0.000377323 -5.66159e-05 -0.000166187 0.000226976 0.000126106 -5.31241e-06 -5.72362e-05 -0.000706046 1.20156e-05 -0.000123348 6.24782e-05 -4.46251e-06 -0.000155762 0.000460853 -0.000151112 -0.000761988 -0.000602422 -0.00180337 0.000175876 -9.13692e-05 -0.000136675 -2.8999e-05 -0.000357266 0.000136925 6.38353e-06 -0.000100427 -0.000549205 0.00498546 0.000409602 0.000535248 0.000123258 -8.55247e-05 -0.000486899 -0.00108391 0.000194741 -0.000319457 5.46703e-07 4.03289e-05 7.56107e-05 -1.53595e-05 0.000122157 3.41785e-05 5.42176e-06 -0.000116399 0.00151769 -2.00267e-05 3.68208e-05 -0.00025298 -2.12672e-05 -0.0010869 -0.000157071 -0.00016034 -2.47458e-05 -0.000117264 0.000116243 0.00038786 -0.000479904 8.52757e-05 1.70056e-05 3.10298e-05 2.15394e-05 4.70576e-07 1.90274e-05 2.39259e-06 1.35527e-05 -0.000636592 -0.000496376 -2.49884e-05 -2.83773e-06 1.68608e-06 7.36088e-05 3.90508e-05 0.000600532 0.000128046 -7.92257e-06 3.38104e-05 -9.58078e-05 1.91975e-05 7.58352e-05 -4.65025e-05 6.67682e-06 -1.3023e-05 0.000237547 8.69713e-06 -0.000662053 4.55662e-05 -0.000226615 0.000196449 2.20448e-06 -2.5235e-05 0.000387417 0.000282789 -6.79999e-06 -4.17789e-06 -3.39354e-06 -0.000313088 -0.000111351 0.00013367 
-0.000685596 -0.000434209 -0.00181617 -0.00060382 -0.00246216 -0.000264339 -0.000510919 -0.000421555 0.0145252 -0.0010656 0.000600616 -0.00090534 -0.00117299 0.00289453 -0.000294638 0.000687894 -0.00874542 -0.00184364 -0.0115239 -0.00844892 -0.00401268 -0.00111154 0.00865152 -0.00346247 -0.00261754 0.00572457 -0.0107957 -0.000456531 -0.00219259 0.000409602 0.0585176 0.000433686 0.00658827 -0.000813919 -0.0019101 -0.000823116 0.00611132 -0.00492103 3.54606e-06 0.000469977 0.00159566 -0.000103367 0.00119409 0.000808011 0.0109984 -0.000163618 0.00182548 -0.000124312 -0.00831718 -0.00186193 -7.79593e-05 0.00591493 -0.00112895 -0.000894436 -0.000328279 -0.00335883 -0.00424196 0.000758229 -0.00777561 0.000948068 -3.77338e-05 4.73649e-06 0.00623781 4.45769e-05 -0.000942558 -0.00208309 0.00432843 -0.00408824 -0.0189058 0.000455499 8.27055e-05 6.1815e-05 -0.000265127 -6.16404e-05 0.00227466 0.000465427 0.00059733 -0.00158915 0.00338056 -6.67729e-05 0.00457084 -0.000246332 7.52338e-05 0.00115734 0.000407735 -0.00131839 -0.00853772 0.000124917 -0.00226608 -0.000656966 -0.000548079 0.000790378 -0.00629111 0.00249185 0.000166807 -8.97197e-05 -0.000137635 -0.00588571 -0.000686358 1.71684e-05 
-0.000494222 0.00187719 -0.00107628 -0.00018987 0.00345517 -0.000274401 0.00151564 0.00277042 -0.00593975 -0.0047686 0.000128117 -0.00239266 0.00128531 0.00132345 0.00246722 0.000710121 0.00497174 -0.00909728 -0.002159 -0.0118881 0.000895083 -0.000470886 -0.00143647 0.00766564 -0.00233964 -0.00698762 0.00165406 -0.00246992 -0.00198758 0.000535248 0.000433686 0.0389869 0.00339719 0.00168013 0.00165242 0.000642222 -0.000271934 -0.000515859 1.54239e-06 0.00147969 -0.000238644 -2.54117e-05 0.00115332 -0.000892435 -0.00245914 0.00542556 0.00458127 0.000193982 -0.00347565 -0.00161816 -0.000125435 -0.0119007 0.00162039 -0.00187253 -0.000189343 -0.00233507 0.000120233 -9.93958e-05 -0.000796297 -0.00169648 8.31632e-05 0.000174376 -0.000455583 4.1587e-05 -0.00059761 0.000145662 -0.00272351 -0.00126615 -0.00863985 0.00116826 -5.83515e-05 -2.7053e-05 0.000602451 3.69393e-06 0.00534593 0.00014582 -0.000178835 0.00284151 -0.00132533 0.000153743 0.000256044 4.40023e-05 2.85101e-05 -0.000426557 0.00133877 -0.000700987 -0.00357644 0.000179475 -0.00192733 0.000110194 -0.000256228 0.000174376 -0.000914194 0.00103965 0.00156658 -0.00121484 0.000174499 -0.00130592 -0.000236287 7.45968e-05 
-0.00149642 -0.000903232 0.00265127 -0.000197961 0.00216383 0.00122877 -0.000282097 0.00570626 0.0108408 0.00128171 0.000576187 0.000888797 0.00621313 -0.000563034 0.00965312 -0.000257089 -0.00319861 -0.0238586 -0.00560382 -0.00721492 -0.010152 0.000507292 -0.00938971 0.00947988 0.0165517 0.00740132 -0.00370725 0.00149796 0.0147004 0.000123258 0.00658827 0.00339719 0.0827827 0.000991284 -0.0249758 0.00259384 0.00630642 -0.00710955 -6.06278e-06 0.00251969 0.00127612 -0.000201177 -0.000920453 -0.00104845 -0.00319122 0.0126162 0.0111592 -0.000149393 -0.0355406 0.00137995 -0.000381281 0.00777318 -0.0167244 -0.0061124 -0.000648925 0.00670952 0.0103357 -0.000701436 -0.0164587 -0.00219002 -0.00126097 -0.000291405 -0.00172608 -2.66787e-05 0.0035252 -0.00387424 -0.00820896 0.000624464 -0.0222901 0.00136581 7.91392e-05 8.23729e-05 0.00752541 0.000100165 0.00177431 -0.000262201 0.00079552 0.00728256 0.00882928 3.24084e-05 -0.00443457 -0.000467969 9.7752e-05 0.00157122 0.000647961 -0.000782314 -0.0160999 -0.000152389 0.00567934 0.000393088 -0.00105987 0.000566077 -0.0371798 0.000930127 0.00136936 -0.000806135 0.000450903 -0.0127875 0.00284278 0.000435635 
