0.179708 0.000191283 -0.00170397 0.00793748 0.0184601 -0.00241316 -0.00300831 0.00607873 -0.0218766 -0.0131676 -0.0282333 0.00931807 0.0254233 -0.0326466 -0.0406443 -0.00821761 0.00933871 -0.0540152 0.0260698 0.034108 -0.0524048 -0.00724377 -0.0531243 0.0369016 0.0561915 -0.0029938 -0.0247344 -0.00589269 -0.000965559 0.0348761 -0.00286516 0.000427606 0.000452662 -0.00740992 -0.0226037 -0.00461314 -0.0191129 0.0011613 0.0404027 -0.00248604 0.0057437 0.0585452 0.0145174 -0.000857375 -0.00354789 -0.00466721 0.0229513 -0.00669889 -3.1024e-05 -0.00845759 -0.0553763 -0.056794 0.000291275 -0.0515241 -0.00168212 0.00017774 0.0340383 0.0333812 -0.00313836 -0.00531999 -0.00406346 -0.00024334 -0.000117303 0.0225127 -0.00714276 -0.00197648 -0.00215328 0.00523766 0.000350537 -0.0120838 0.0262039 -0.00961941 -0.000772117 -0.000713622 0.00985551 0.0184057 0.0150178 -0.00744993 -0.00653133 0.000515838 -0.00240421 -0.000951072 -0.00127033 0.0051062 -0.00308233 -0.00770649 0.00217324 0.0228974 -0.00115415 -2.58985e-05 -0.0132801 -0.0131349 -0.00147047 0.00730508 0.000269797 -0.000257007 -0.0313704 -0.000155216 -0.0452948 -0.00764862 
0.000191283 0.00753576 0.000116856 -0.000129737 -0.00116361 -0.000754588 8.66983e-05 -5.65435e-05 -0.000931401 0.00094801 0.000133896 -0.000305113 -0.000903887 -0.00205428 -1.8218e-05 0.00123772 -0.000325767 0.000562585 -0.000500207 -0.00093403 0.000901991 0.0026109 0.000733824 -0.00103238 -0.000475277 0.00208563 -0.000354378 -0.000195276 0.00102833 -0.00138917 -9.93762e-05 -0.000455395 -1.862e-06 -0.000176696 0.00109286 0.000971831 5.42132e-05 0.000221796 -0.00108889 -0.000122833 -0.000778558 -0.00261286 -0.000829318 1.2654e-05 -0.000124666 0.000659937 -0.00159668 3.3653e-06 -0.000114225 0.000202839 0.00280214 0.00359457 -5.87048e-05 0.000196013 -0.00167234 -2.67838e-05 -0.0032847 -0.00264028 -2.8353e-05 -0.000164581 0.000616778 0.000174566 -6.4011e-06 0.00077816 0.000108413 -6.62528e-05 -3.98331e-06 0.00101525 -5.79374e-06 0.000187068 -0.00082264 2.60899e-05 0.000191577 -0.000354348 -0.00122335 -0.000893648 -0.000975812 0.000225138 0.00132047 0.00167066 6.18669e-05 -0.000872638 -7.24934e-05 -0.00016505 -0.000105363 0.00318443 -0.000109712 -0.00239883 -0.00021338 -4.76281e-06 -0.000157897 -0.000912439 -9.48205e-05 -0.000401423 -0.000167175 0.000180858 -0.00080712 4.69247e-05 0.000651222 -0.000188864 
-0.00170397 0.000116856 0.0306814 0.000474234 -0.00214077 -0.0022966 0.000421918 0.0011404 0.00279849 0.00187811 -0.000706759 -0.00073156 0.00390127 -0.0031811 -0.00288754 0.000837614 -0.000663858 0.00160685 -0.00113021 -0.00387699 0.000553555 0.0035799 0.00211025 0.000404321 -0.0019919 0.00164908 -0.00169218 -0.0016963 0.00224299 -0.000297675 -2.68674e-05 -6.72456e-05 8.77646e-05 -0.000159174 0.00164346 -0.000453463 -0.00296724 0.000748679 -0.00111785 -4.16971e-05 -0.00243166 -0.000972186 -0.00141948 0.000190135 0.000598684 0.000136217 -0.00143243 -0.000574843 -0.000444718 -0.000932784 0.00012833 -0.00180019 2.21941e-05 -0.000478895 -0.00357296 0.000251898 -0.00129793 -0.00173437 0.000415754 -0.000441063 -0.0011564 -8.68489e-05 6.26217e-05 -0.0020463 0.000748 0.000895743 -0.00010836 0.000229511 -3.96166e-05 -0.0015554 -0.00490217 -0.00167847 -0.000122474 0.00226923 -0.000721663 -0.00242317 -0.0012687 0.000655071 -0.000521097 0.000440479 0.000414708 -0.00200352 -9.72665e-05 -0.000240201 0.0003494 0.000775479 -0.000471369 0.00281753 0.000602131 3.08373e-05 -0.000848034 0.00155561 0.000270421 -0.00187325 0.000560572 0.00038058 -0.000799875 -2.8971e-05 -0.000492608 -0.00082808 
0.00793748 -0.000129737 0.000474234 0.0849282 -0.0118206 -0.00400678 -0.00380684 0.00147204 0.0166604 0.00709014 -0.0101328 0.00179888 -0.00883027 -0.0133268 -0.0147057 0.00593445 -0.00163548 -0.0154746 0.0172282 0.00759719 -0.0134528 0.0180014 0.00203112 0.0077991 0.00587118 0.000211638 -0.0114469 -0.00544423 0.00270764 -0.0170348 0.00157488 0.00473065 -0.0004842 -0.00325942 0.00542052 0.0075141 -0.00650829 0.00228776 -0.00834255 -0.00136808 -0.00458562 0.0176056 0.00516317 0.000572567 0.000805988 0.000365605 -0.0188378 0.00576914 -0.00137852 0.00322555 -0.00971296 -0.0182446 -0.000303747 -0.0152287 -0.0188461 -0.000201099 -0.0171652 -0.0166785 0.00158045 -0.0021319 0.00473642 -0.000345803 0.000154023 0.00648038 0.0100228 0.0020937 -0.000631377 0.0182754 -0.000121591 0.00974948 -0.0174021 -0.00403942 -0.000220917 -0.000728825 0.0182112 0.020971 -0.00263114 0.00110765 0.00865965 7.29635e-05 0.00107799 -0.000459999 0.00384721 -0.000823913 0.00196383 0.000356794 -0.000546383 -0.0180662 0.00519716 -1.27075e-05 -0.00306479 -0.00904135 -0.000902417 0.00275374 0.00395999 -0.000392295 -0.015262 0.000678033 -0.0135823 -0.00192762 
0.0184601 -0.00116361 -0.00214077 -0.0118206 0.196072 0.00571901 0.0158447 -0.0342366 -0.00376671 -0.024198 -0.0118926 0.0142139 0.0310047 -0.0412288 -0.0311247 -0.019872 0.0312311 -0.0350092 -0.0503521 0.00115349 -0.0314056 -0.0258403 -0.0379023 0.0434602 0.0109323 -0.0132541 -0.0200866 -0.00747219 -0.00543308 0.0651662 -0.00242151 -0.00464547 -0.00107335 -0.00736657 -0.0370375 -0.00991346 -0.0306887 -0.00394306 0.0366514 0.00477902 -0.0240432 0.0201603 -0.0272413 -0.000782331 -0.000940379 -0.00046293 0.0869265 -0.00912067 0.00262149 -0.0109198 -0.0533478 -0.0530556 -0.000720146 -0.0221382 0.0305667 -0.00015907 0.0671892 0.0607767 -0.00120499 0.00678538 -0.00873192 0.000857651 0.000827456 -0.0103531 -0.00597121 -0.00210822 -0.00254746 -0.0184896 0.000106111 -0.0126612 0.0384631 0.0176824 -0.000634343 -0.00604671 -0.0123275 -0.0291179 0.0181272 0.00133756 -0.00770455 -0.00235391 -0.00238084 -0.0239587 -0.000337539 0.00859667 -0.00119676 -0.0218646 0.00196251 0.0635317 0.00427845 8.45491e-05 -0.0137913 0.0254333 0.00332805 0.0316935 -0.00619846 -0.00263058 -0.0192798 -0.000373037 -0.0320842 -0.0134552 
-0.00241316 -0.000754588 -0.0022966 -0.00400678 0.00571901 0.130788 0.000407481 0.024204 0.00757223 -0.013071 -0.0171452 0.0013271 0.00149409 0.0328964 -0.00989951 -0.0264625 -0.00187979 -0.0262737 0.0258926 0.00250311 -0.0350103 -0.0217724 0.0188277 0.0110123 0.00996491 -0.00348798 -0.0212747 0.0157112 -0.00885234 -0.0121404 -0.00227002 -0.00163822 -0.00104784 0.00453897 -0.0505911 -0.00730772 -0.0226564 -0.00417216 -0.028739 -0.000103333 0.0250007 0.0132245 0.0361096 -0.000907428 0.00171262 -0.00319254 0.0075335 0.000389288 -0.000779208 -0.00736091 -0.0436579 -0.0375416 0.00293239 -0.0361591 0.0173819 -0.0005013 0.00990236 0.0149333 -0.000692227 0.0141561 -0.0158475 -0.00110275 -0.000234251 -0.0197443 -0.00576462 -0.00252074 0.000715513 0.00974262 0.000275009 -0.00848875 -0.034647 -0.0068045 -0.000169955 -0.0120034 0.0262466 0.0303619 0.0104112 -0.005194 -0.0112865 -0.00117796 -0.00379931 0.0364518 -0.000672093 0.000230992 -0.000875103 -0.0143984 -0.000148407 -0.00569078 0.0060403 3.11774e-05 0.000382318 0.0246718 0.00109048 0.0164069 0.00468783 -0.00409548 0.0242712 -0.000243266 -0.0309943 0.01381 
-0.00300831 8.66983e-05 0.000421918 -0.00380684 0.0158447 0.000407481 0.0713481 -0.00413492 0.00646412 0.00870757 -0.0058082 -0.00276787 0.0225209 -0.0112762 -0.00392315 -0.00410572 -0.00211581 -0.00277195 -0.0132528 -0.00968244 -0.0143156 0.0207111 0.00763109 -0.00689237 -0.0136985 -0.00247356 -0.0089763 -0.00310745 -0.00344989 0.00484459 -0.000975725 -0.00187515 -0.000452136 -0.00274906 -0.0244316 -0.00312971 -0.0121086 -0.00249338 0.0153971 0.0034907 0.016884 0.00653767 -0.00953981 0.000443747 0.0019212 -0.000885502 0.020194 -0.000818613 -0.000546212 -0.00419985 -0.0128659 -0.0150113 -1.17308e-05 -0.00440338 0.000652829 -0.000291344 0.0110412 0.0168649 0.000559146 9.96753e-05 -0.00869417 -0.000563729 -3.43682e-05 -0.0100623 -0.00212001 -0.000379441 -0.000126883 -0.00819952 -5.48041e-05 0.00304938 -0.0120963 0.00275472 -0.000479824 -0.00529635 -0.00495683 -0.00929891 -0.010537 -0.00221296 -0.00114926 -3.34408e-05 0.0028158 -0.00939888 0.00249458 -0.00186175 -0.00140564 -0.0061299 -0.000584113 0.0280871 -0.00131801 -4.22252e-05 -0.00123635 0.0372007 0.000396283 -0.00225493 -0.00285591 -0.0016328 0.00368181 -5.5753e-05 -0.00818839 -0.00393734 
0.00607873 -5.65435e-05 0.0011404 0.00147204 -0.0342366 0.024204 -0.00413492 0.15103 -0.0220883 -0.00649671 -0.0148657 -0.00182679 -0.0178311 0.012804 0.00301286 -0.0183435 -0.00531803 -0.0327602 0.0448585 0.0296066 -0.0299291 0.00577918 0.0230299 -0.00464158 0.0506589 0.00553762 -0.0232219 0.00848226 -0.00427428 -0.0400958 -0.000634345 0.00766373 -0.000860667 -0.00146736 -0.0293146 -0.00577748 -0.0203777 -0.00486937 -0.00894651 -0.00304168 0.0455996 0.0335661 0.0695979 -2.63332e-05 0.00226321 -0.00263403 -0.038071 0.0097166 -0.00259639 -0.00493974 -0.0334014 -0.02095 0.00197127 -0.0266649 -0.0199195 -0.000486384 -0.0336742 -0.049401 -0.00156112 -0.000374364 -0.0107773 -0.00111465 -0.000456019 -0.00496579 -0.00425596 -0.00213804 0.00406 0.0376155 0.000411034 -0.000993096 -0.0524459 -0.00825648 -0.000183938 -0.0103354 0.0499508 0.0612385 -0.0207387 -0.00605016 -0.00439591 4.84158e-06 -0.00132875 0.0650679 -0.000499926 -0.000711258 -0.00356383 0.00230476 -0.00294445 -0.051959 -0.00164909 -0.000280926 -0.00142815 0.00150255 0.00355085 -0.00441059 0.00511194 -0.00330735 0.00402699 -0.00022705 -0.0239674 0.0205774 
-0.0218766 -0.000931401 0.00279849 0.0166604 -0.00376671 0.00757223 0.00646412 -0.0220883 0.169288 -0.00278608 -0.0276582 -0.00316211 0.0166475 0.0132606 -0.0453698 -0.0129419 -0.00489771 -0.0241886 0.0445283 -0.00236491 -0.0442261 0.000678621 0.0194727 -0.0180783 -0.0191754 -0.0103329 -0.0265477 -0.00529165 -0.0118976 0.00790149 -0.00493198 0.00790647 0.000379417 -0.00295038 -0.0270988 -0.00606174 -0.0233568 -0.00263276 0.0174728 0.00506303 0.00831994 0.0365918 -0.00541455 0.000212367 -0.000340894 -0.00125623 0.0128284 0.00059349 -0.000804307 -6.25229e-06 -0.0415696 -0.0524069 -0.00139493 -0.0466936 0.0143859 -0.000494511 0.0308997 0.0601855 9.30562e-05 -0.00419206 -0.00734547 -0.000864779 -0.000223894 -0.0129283 -0.00615723 -0.00199604 -0.000595762 -0.00382475 -0.000159289 0.0175719 -0.0179118 -0.00606427 -0.000645814 -0.00401829 -0.000343921 0.0112965 0.0249385 -0.00163214 -0.0122772 -0.000611514 -0.00489635 0.00712651 0.00281873 -0.00130729 -0.00114536 -0.00874124 0.00413536 0.0579286 0.00536712 0.000312392 -0.00561199 0.0198874 -0.00178292 -0.00410379 -0.00557084 -0.00475228 0.0402769 0.000441135 -0.0376637 -0.00994103 
-0.0131676 0.00094801 0.00187811 0.00709014 -0.024198 -0.013071 0.00870757 -0.00649671 -0.00278608 0.102611 0.0054928 -0.0039257 0.0055064 -0.0126957 0.00773496 0.0102848 -0.00276257 0.0347957 -0.0240691 -0.0154936 0.0184178 0.0374415 0.0121951 -0.0137603 -0.0354643 0.00433628 0.000336094 -0.00846283 0.00785121 -0.0185642 -0.00179505 -0.00573271 -0.000354726 -0.00559527 -0.00628722 0.0180844 -0.0103462 -0.00184234 -0.013844 -0.00135537 -0.000921127 -0.0325573 -0.0122147 0.00119548 0.00940661 0.00255969 -0.01963 0.00185445 -7.42594e-05 0.0012566 0.0339212 0.0294641 -0.000145717 0.0259658 -0.0151411 -0.000369612 -0.0198577 -0.0179079 0.00420149 -0.00337226 0.0034093 0.000462172 -9.15897e-05 -0.014441 0.012308 0.00520292 0.000829112 -0.00909009 -0.000157169 0.00182057 -0.017422 0.000893153 -0.000384486 -0.00482953 -0.0186311 -0.0132936 -0.0171949 0.0104112 0.023447 0.00194151 0.00515001 -0.00767823 0.00350147 -0.00233314 0.00023773 0.00228038 -0.00219561 -0.00579469 -0.00297572 -3.96442e-05 0.004752 0.00794038 -1.13147e-06 -0.00994168 -0.00445564 0.000840633 0.00545145 0.00100998 0.0154289 -0.00564259 
-0.0282333 0.000133896 -0.000706759 -0.0101328 -0.0118926 -0.0171452 -0.0058082 -0.0148657 -0.0276582 0.0054928 0.134817 -0.00611526 -0.0256043 -0.0120388 0.0381595 0.00908168 -0.0141517 0.0509587 -0.0455108 -0.024461 0.0966332 -0.027353 0.00540189 -0.0244908 -0.0491839 -0.00336442 0.0439182 -0.00272849 0.00395047 -0.0253936 -0.00125594 -0.00998 -0.000598771 -0.00380595 0.0668761 -0.00313412 0.0357695 0.0103051 -0.0104369 -0.00291728 -0.0299951 -0.0586747 -0.0230418 0.000745524 -0.000515911 -0.00126869 -0.0316214 -0.00273504 -0.00206275 0.0139299 0.0834687 0.0857897 -0.000606894 0.0741321 -0.0359768 -0.000429131 -0.0233506 -0.0570407 -0.00244403 -0.00313655 0.0297385 -0.000137051 -0.000149913 0.0316748 -0.00345669 0.00731531 -0.00305175 -0.0173531 -0.000160377 -0.00821139 0.0252198 0.0153638 -0.000846553 0.00265819 -0.0348659 -0.0278196 -0.0234284 -0.000282907 -0.0024922 -0.00104265 0.00729888 -0.0212881 -0.00186445 -0.00256315 -0.00117783 0.00292995 -0.00280794 -0.0514878 -0.00223888 9.043e-05 -0.00694533 -0.0211722 0.00186776 -0.000793149 -0.00621363 -2.56773e-05 -0.0223868 0.000158133 0.0671398 -0.00488799 
0.00931807 -0.000305113 -0.00073156 0.00179888 0.0142139 0.0013271 -0.00276787 -0.00182679 -0.00316211 -0.0039257 -0.00611526 0.0430767 -0.00460728 -0.00393802 -0.0078829 -0.00631635 0.00624186 -0.0118682 -0.0100716 -0.00345579 -0.0111052 0.000940335 -0.0144817 0.0214058 0.0151025 -0.000912387 -0.00546539 0.000672109 0.0036286 0.0130773 0.00205119 -0.00153239 2.21873e-05 -0.00186765 -0.0120174 0.000153183 -0.00647501 -0.0013594 -0.00335557 -1.62558e-05 -0.0038808 -0.00156991 -0.00188123 0.000287414 -9.05564e-05 -0.000442582 0.0094891 -0.00154062 0.000110504 -0.00210222 -0.0130838 -0.0138557 -0.000334396 -0.00559761 0.00876286 -9.44728e-05 0.00911644 0.0101047 0.000235625 0.00256678 -0.00444218 0.000430959 0.000473724 -0.0076315 0.00131113 -0.000606522 0.000591377 4.62193e-05 0.000249438 0.00184193 0.00669203 -0.00289116 0.000234199 -0.00165088 0.00259188 -0.00259469 0.0124709 0.000672969 0.00269448 -0.000202408 -0.000911218 -0.00313916 0.000720284 0.00201265 0.00211663 -0.00185848 0.000409175 0.00931046 -0.00152657 4.28032e-05 0.00070066 -0.00372832 -0.000566114 -0.00372698 0.000400173 0.00165724 -0.00540139 -6.99208e-05 -0.0092725 -0.00111775 
0.0254233 -0.000903887 0.00390127 -0.00883027 0.0310047 0.00149409 0.0225209 -0.0178311 0.0166475 0.0055064 -0.0256043 -0.00460728 0.163843 -0.0242694 -0.0404293 -0.0145999 0.00171447 -0.00279358 -0.00391716 -0.0108836 -0.0501789 0.023163 -0.00479263 -0.0125071 -0.0117301 -0.00706929 -0.0287516 -0.00650875 -0.0125125 0.0484355 -0.00425693 -0.00644561 0.000555945 -0.00554702 -0.0574651 0.00185203 -0.0303804 -0.004001 0.0419358 0.00338523 0.00434812 0.0190287 -0.0232378 -0.000356642 0.000747556 0.00111715 0.0758768 -0.00712163 -0.000155935 -0.00968348 -0.0404188 -0.0496337 0.00102552 -0.0327844 0.0252884 0.000422533 0.0528456 0.0743505 -0.00138197 -0.00032756 -0.0192903 -0.000814345 -0.00018584 -0.017942 -0.00567169 -0.00302513 0.00307353 -0.0229577 -0.000162179 -0.00329056 -0.00237777 -0.0141182 -0.000477834 -0.00919805 -0.0350559 -0.0219169 -0.00202435 1.68849e-06 -0.00109129 0.000831796 -0.00190604 -0.0220189 0.000542696 0.00414605 -0.00217731 -0.0209833 0.00316861 0.101313 0.000737269 -0.000220148 -0.00303745 0.0525234 0.0067136 0.0105583 -0.00574264 -0.00414551 5.55285e-05 -0.000285035 -0.0379187 -0.0101457 
-0.0326466 -0.00205428 -0.0031811 -0.0133268 -0.0412288 0.0328964 -0.0112762 0.012804 0.0132606 -0.0126957 -0.0120388 -0.00393802 -0.0242694 0.227719 -9.93533e-05 -0.0294011 -0.00403635 0.00325445 0.0585975 -0.0172767 -0.0154436 -0.0285658 0.0577226 -0.00296175 0.013552 -0.0111501 -0.0169954 0.0138489 -0.0326433 -0.0122366 -0.00607238 -0.00874011 0.000340207 0.00666656 -0.0191388 -0.0167588 -0.0104319 -0.0117514 -0.0273222 -0.000239355 0.0331679 0.000759222 0.0225685 -0.00267418 -0.00389568 -0.00383257 -0.00210943 0.00423136 -0.00338606 0.0117482 -0.00672256 -0.0190865 0.000601686 -0.00446794 0.0336363 -0.00183311 0.0405661 0.0230875 -0.00115291 0.00466137 -0.0360881 -0.00217482 -0.00160443 -0.0514187 -0.0105911 -0.00934775 0.00106018 0.000646524 -9.35392e-05 -0.00199458 -0.0537344 -0.0295808 -0.000312676 -0.027445 0.0300307 0.0112587 0.0106001 -0.0153371 -0.026366 -0.00361693 -0.0147444 0.0365218 -0.00460744 -0.0114254 0.000550728 0.0111688 -0.00178212 0.00727544 0.00106099 -0.000355685 0.00982733 -0.000243406 -0.00166589 -0.0129734 0.00744017 -0.00484734 0.0514465 -0.00106657 -0.00506385 0.0109851 
-0.0406443 -1.8218e-05 -0.00288754 -0.0147057 -0.0311247 -0.00989951 -0.00392315 0.00301286 -0.0453698 0.00773496 0.0381595 -0.0078829 -0.0404293 -9.93533e-05 0.184474 0.00386744 -0.0122651 0.0310743 -0.0534175 -0.0336803 0.0756102 0.000362909 0.000909986 -0.0217839 -0.05297 0.0177102 0.0586121 0.0149016 0.0190944 -0.0373873 0.00502813 -0.00775086 -0.000801653 0.00946616 0.0573578 -0.000829409 0.0546491 0.00157422 -0.00691386 -0.00402919 -0.0276143 -0.0640798 -0.0167494 -0.000536956 0.00211353 0.000760264 -0.0441179 0.00399529 -0.0014596 0.00476504 0.067635 0.087258 -0.000993346 0.0672146 -0.0164734 -0.000623792 -0.0513163 -0.0745913 0.00512066 0.0080011 0.01397 0.00149698 0.000369207 -0.00196369 0.00823976 0.000979959 -0.00173236 -0.0130112 -0.000183873 -0.00871418 -0.00434246 0.00971131 0.00140295 0.0170954 -0.028228 -0.0271364 -0.0287302 0.00257938 0.00325389 -0.00209819 -0.00119369 -0.0224758 -0.00105812 -0.00321355 -0.00109977 -0.00124409 -0.00477042 -0.0690744 -0.00693194 -3.39955e-05 0.0195164 -0.0135232 -0.00265565 -0.0212402 -0.00645556 -0.0023151 0.0108973 -0.000247455 0.0618659 0.0192018 
-0.00821761 0.00123772 0.000837614 0.00593445 -0.019872 -0.0264625 -0.00410572 -0.0183435 -0.0129419 0.0102848 0.00908168 -0.00631635 -0.0145999 -0.0294011 0.00386744 0.148952 -0.0157126 0.0289545 -5.77257e-05 0.000704525 0.0417805 0.00655098 -0.0102868 -0.014981 -0.02612 -0.000721799 0.0239777 -0.00972776 0.00861189 -0.0273548 0.0062739 -0.0058764 0.000916865 -0.00623648 0.0544585 0.0108456 0.0252358 0.0148741 -0.0277031 0.00105282 -0.0291171 -0.0369663 -0.0213402 0.000190202 0.0012584 -0.000380323 -0.0364967 -0.00240565 -0.00137747 0.0124599 0.0543353 0.0611713 0.000161722 0.0368814 -0.0336791 -0.000543491 -0.0564993 -0.0522071 0.00433128 -0.00498714 0.0171902 0.000190352 -8.19976e-05 0.0366422 3.70742e-05 0.00326236 -0.00134707 -0.0122966 -0.000263122 -0.00584963 0.0207962 0.00839856 -0.00044088 0.0116088 -0.0143381 -0.0176377 -0.0215678 -0.00399333 0.0186372 0.00392616 0.00733226 -0.024383 -0.000630278 -0.00400327 0.00262844 0.0275369 -0.00271417 -0.0274283 -0.00388997 -0.000163649 -0.00663717 -0.0271635 -0.00283326 -0.010497 -0.00492328 0.00326642 -0.009881 0.000839304 0.0346251 -0.00813775 
0.00933871 -0.000325767 -0.000663858 -0.00163548 0.0312311 -0.00187979 -0.00211581 -0.00531803 -0.00489771 -0.00276257 -0.0141517 0.00624186 0.00171447 -0.00403635 -0.0122651 -0.0157126 0.0946897 -0.0210414 -0.0227604 -0.000570121 -0.0215427 -0.00837512 -0.0219471 0.0231097 0.0123891 -0.00440915 -0.0137726 0.000214619 0.00274581 0.0337673 0.00179377 -0.00709509 0.00184413 0.000478168 -0.0378776 -0.00291524 -0.0157565 -0.00349937 -0.00355161 0.000275518 0.000459196 -0.00565952 -0.00330244 0.000631394 0.00303882 0.000933838 0.0404531 -0.00160046 0.000702562 -0.00449278 -0.0268134 -0.0285647 -0.000325496 -0.0244651 0.0334583 0.000483248 0.0209844 0.0334558 -0.00219791 0.00703162 -0.0078031 0.000128665 0.000100271 -0.017002 -0.00283587 0.00042516 0.000851544 -0.00964691 0.000144891 -0.0042795 0.00850017 0.0187606 0.000311306 -0.00504727 0.00391455 -0.0111861 0.00213504 -0.00238234 -0.00486882 -0.00115722 -0.00115863 0.00213099 8.26861e-06 0.00391964 0.00339538 -0.0102745 0.00101543 0.0309291 -6.51979e-05 0.000280856 -0.00372249 0.0160669 0.00182855 -0.000489721 -0.00288861 -0.00141753 -0.0028275 0.000295551 -0.0149539 -0.00430152 
-0.0540152 0.000562585 0.00160685 -0.0154746 -0.0350092 -0.0262737 -0.00277195 -0.0327602 -0.0241886 0.0347957 0.0509587 -0.0118682 -0.00279358 0.00325445 0.0310743 0.0289545 -0.0210414 0.211633 -0.0621541 -0.0309144 0.0908861 0.00895295 0.0354571 -0.0450741 -0.0662599 -0.00505786 0.0476937 -0.0175094 -0.00980257 -0.0262792 -0.00105544 -0.0121288 -0.00102747 -0.00651577 0.0592659 0.0129388 0.0282326 -0.00364255 -0.0242691 0.00306534 -0.0477114 -0.0832814 -0.034835 -0.000626095 3.1511e-05 0.00377474 -0.0432875 -0.000452099 -0.000418013 0.00800289 0.112514 0.0984196 -9.0901e-05 0.113455 -0.0399595 0.000306906 -0.0349445 -0.0441806 0.00297484 -0.00657569 0.00661168 -0.00104265 -0.000294802 -0.00930892 0.00760514 -0.00089871 -0.000752952 -0.0238853 -0.000398796 -0.00653255 0.0155341 0.0155513 -0.00175995 0.00105122 -0.0628478 -0.0381594 -0.0360874 0.00765159 0.0195883 7.02104e-05 0.00513973 -0.01951 0.000185224 -0.00780688 0.00176198 0.0120558 -0.00414617 -0.0221456 -0.00195837 -0.000280188 0.0145681 -0.0267059 -0.00150315 -0.0145956 -0.0105014 0.00346062 -0.017957 -0.000255713 0.0986736 -0.0147352 
0.0260698 -0.000500207 -0.00113021 0.0172282 -0.0503521 0.0258926 -0.0132528 0.0448585 0.0445283 -0.0240691 -0.0455108 -0.0100716 -0.00391716 0.0585975 -0.0534175 -5.77257e-05 -0.0227604 -0.0621541 0.249961 0.0458032 -0.0796429 -0.0139032 0.0430097 -0.00779565 0.0545584 -0.00324065 -0.0624877 0.00859741 -0.0214415 -0.0250381 -0.00575203 0.0209076 0.000534013 0.0100466 -0.0271646 -0.00933794 -0.0318608 -0.00634178 0.0050096 -0.00264477 0.0387161 0.0819457 0.0588691 -0.00182778 -0.00364925 -0.00214219 -0.0344468 0.00405495 -0.00420753 0.00499721 -0.0571953 -0.064598 0.00114188 -0.0785626 0.00424332 -0.000303678 0.0145905 0.00505282 -0.00333529 -0.00161005 -0.0290512 -0.00162109 -0.00111839 -0.00971114 -0.0141684 -0.00807732 -0.000891292 0.036693 0.000170782 0.00538937 -0.0783626 -0.0446971 -0.000480368 -0.0161299 0.056013 0.0727364 0.00880041 -0.00907779 -0.013905 -0.000365709 -0.0124934 0.0455633 -0.00272941 -0.00626891 -0.0055707 0.0217091 0.000588178 -0.00596027 -0.00298281 -0.000459301 -0.00717516 0.000568616 -0.00323572 0.000427737 0.0123166 -0.00555997 0.048654 -0.000283668 -0.0802797 0.0175352 
0.034108 -0.00093403 -0.00387699 0.00759719 0.00115349 0.00250311 -0.00968244 0.0296066 -0.00236491 -0.0154936 -0.024461 -0.00345579 -0.0108836 -0.0172767 -0.0336803 0.000704525 -0.000570121 -0.0309144 0.0458032 0.143657 -0.0354016 -0.019407 -0.0261165 7.51419e-05 0.0375367 -0.00359969 -0.0158857 -0.00686044 -0.00811684 -0.00867991 -0.00311449 0.0219351 -0.000496506 -0.00250777 0.00407544 -0.00758244 -0.00381328 0.000545073 0.0164078 -0.00298702 0.00342015 0.0594633 0.0360392 -0.000672186 -0.00269268 -0.00343511 -0.0195061 0.00353442 0.00317895 -0.00416624 -0.0328914 -0.0374189 -0.000260269 -0.0364221 -0.0303753 8.00647e-05 -0.0122264 -0.0219045 0.000207536 -0.00430141 0.00154321 -0.00064315 -0.000405409 0.023057 -0.00476116 -0.0022119 -0.000987556 0.0208158 0.000302449 -0.00676207 -0.00577883 -0.00926436 0.00031441 0.0038959 0.0276355 0.0626886 -0.00564473 -0.00571924 -0.0119489 -0.00125281 -0.00215797 0.0363292 -0.00031823 0.00364552 -0.00296837 -0.00659343 -0.00154601 -0.0286158 0.00452755 -0.000127588 -0.00742928 -0.0152299 -0.00260175 0.0133549 0.0073894 0.0034023 -0.00779797 -0.000216436 -0.0299057 0.0047907 
-0.0524048 0.000901991 0.000553555 -0.0134528 -0.0314056 -0.0350103 -0.0143156 -0.0299291 -0.0442261 0.0184178 0.0966332 -0.0111052 -0.0501789 -0.0154436 0.0756102 0.0417805 -0.0215427 0.0908861 -0.0796429 -0.0354016 0.190872 -0.0273216 0.00056622 -0.0392685 -0.0809148 0.00445288 0.0861081 -0.0113914 0.0137385 -0.0494685 0.00205977 -0.0130781 -0.000908593 -0.00278099 0.114672 0.00479095 0.0693115 0.0136121 -0.0317302 -0.00404552 -0.0523591 -0.09173 -0.0363637 0.000726729 -0.000798337 0.00228789 -0.0630854 -0.00182976 0.000272075 0.0181939 0.144497 0.150285 -0.00129857 0.115148 -0.0592011 -0.000585052 -0.0656034 -0.097931 0.00255509 -0.00751856 0.052794 0.000533035 0.000512111 0.0430172 0.00929829 0.00887957 -0.00459208 -0.0226196 -0.000344986 -0.0157799 0.028663 0.0234716 -0.00113478 0.0154186 -0.055623 -0.044764 -0.0399869 0.002724 0.00436605 -0.00143496 0.0100622 -0.029749 -0.00294003 -0.00438896 -0.000437425 0.0168961 -0.00553459 -0.0871811 -0.00320918 6.48199e-05 -0.00274345 -0.040744 -0.00253204 -0.00793228 -0.00747963 0.00278553 -0.0289325 0.000101518 0.114828 -0.00999257 
-0.00724377 0.0026109 0.0035799 0.0180014 -0.0258403 -0.0217724 0.0207111 0.00577918 0.000678621 0.0374415 -0.027353 0.000940335 0.023163 -0.0285658 0.000362909 0.00655098 -0.00837512 0.00895295 -0.0139032 -0.019407 -0.0273216 0.161482 0.03073 0.000370878 -0.0184542 0.0226239 -0.0234367 -0.00694264 0.0177082 -0.0217504 0.0042424 -0.00263289 -0.000412286 -0.00613745 -0.0395168 0.0237734 -0.0275948 -0.0045909 -0.0255805 0.000298978 0.0135885 -0.0167797 -0.0166963 0.00152859 0.00874929 0.0103154 -0.0203265 0.00548996 -0.00300088 -0.007334 0.00401388 0.00188456 -0.00130005 0.0100083 -0.00292653 3.62913e-06 -0.0260357 -0.0150973 0.000944183 -0.00276537 -0.0123927 0.00160352 0.000695675 -0.0297886 0.0196187 0.000711378 0.00435885 0.0096083 -0.000179636 0.0195271 -0.0383484 -0.0105864 -2.07267e-05 -0.00384064 0.0154516 -0.00887653 -0.00888104 0.016691 0.0426827 0.00491162 0.00137936 -0.0152903 0.00666559 -0.00140891 0.00267314 0.0126518 -0.00280369 0.0131966 -0.00321228 -0.000120892 0.00661452 0.0157981 0.00074113 -0.0198823 0.000578759 0.00149107 0.0120513 0.000220081 -0.0240516 -0.00767193 
-0.0531243 0.000733824 0.00211025 0.00203112 -0.0379023 0.0188277 0.00763109 0.0230299 0.0194727 0.0121951 0.00540189 -0.0144817 -0.00479263 0.0577226 0.000909986 -0.0102868 -0.0219471 0.0354571 0.0430097 -0.0261165 0.00056622 0.03073 0.174066 -0.0132193 -0.0307329 0.00394102 -0.028279 -0.00474594 -0.0127496 -0.0445652 -0.00328874 0.000163489 2.83133e-05 -0.00239856 -0.0118371 0.00220081 -0.032875 -0.0124606 -0.0315346 0.00232329 0.0267976 -0.014559 0.0202141 -0.000788209 0.00136271 0.0034064 -0.0309333 0.00431192 -0.0101389 0.00461945 0.0239357 0.0101356 0.00097226 0.0248643 -0.00343562 -0.000692786 0.00492019 -0.00854382 0.00122214 -0.00241626 -0.0377426 -0.000885176 -0.000473399 -0.0500757 0.00268205 -0.00437981 0.000224564 0.0125564 -0.000128719 0.0111452 -0.0758907 -0.0198392 -0.00106451 -0.0249371 0.0436938 0.0130861 -0.0127707 0.00608384 0.0101091 0.000188152 -0.0087169 0.0231995 0.00105274 -0.0153533 -0.00177062 0.00686478 -0.00145506 -0.0148864 -0.00381698 -0.000792319 0.00156298 0.0155107 0.00100438 -0.0107904 0.00376929 -0.00554667 0.039905 -0.000761747 0.000276475 -0.00130675 
0.0369016 -0.00103238 0.000404321 0.0077991 0.0434602 0.0110123 -0.00689237 -0.00464158 -0.0180783 -0.0137603 -0.0244908 0.0214058 -0.0125071 -0.00296175 -0.0217839 -0.014981 0.0231097 -0.0450741 -0.00779565 7.51419e-05 -0.0392685 0.000370878 -0.0132193 0.142116 0.0403416 0.000273781 -0.021503 -0.00662406 0.011095 0.0201336 0.00332916 -0.00419075 0.000128112 -0.00458914 -0.0390732 -0.00151228 -0.0278411 -0.0053771 -0.00818011 -0.00229053 0.0122911 0.0124817 0.0128744 -0.000149778 -0.000656888 -0.000540942 0.0131312 -0.00367155 0.000255975 -0.00800016 -0.0444604 -0.0487965 0.000248683 -0.0279186 0.0159845 0.000738669 0.0358604 0.0312317 0.00152796 0.00155516 -0.0163205 0.00119043 0.00122454 -0.0271573 0.00144548 -0.00292679 -0.00145464 0.00236697 0.000227576 0.00209719 -0.00669576 -0.00842313 0.000165297 -0.00839095 0.052264 0.00421641 0.0293523 -0.00183144 0.00606122 0.000450288 -0.00333148 -0.00288038 -0.000464672 0.00385851 0.00214311 -0.00407884 0.00035773 0.00507571 -0.00312814 -0.000184321 -0.000526007 -0.00678891 -0.000160517 -0.00415688 0.0102112 0.000901219 -0.00636328 -0.000220316 -0.0317122 -0.0046872 
0.0561915 -0.000475277 -0.0019919 0.00587118 0.0109323 0.00996491 -0.0136985 0.0506589 -0.0191754 -0.0354643 -0.0491839 0.0151025 -0.0117301 0.013552 -0.05297 -0.02612 0.0123891 -0.0662599 0.0545584 0.0375367 -0.0809148 -0.0184542 -0.0307329 0.0403416 0.228892 -0.0143993 -0.0467127 0.00161722 -0.0085652 0.0332834 0.00225606 -0.00515293 -0.00125109 -0.00619264 -0.0417139 -0.0117862 -0.0290592 -0.00880905 0.0109448 -0.00435022 0.0330893 0.0618648 0.0432209 -0.000542495 -0.00616539 -0.0043368 0.0232567 0.00683797 -0.000473713 -0.00955742 -0.0821225 -0.0831576 -0.000332931 -0.0791418 0.0265995 0.000595143 0.0320866 0.0216582 -0.00806329 -0.00574818 -0.0208254 -0.00251482 -0.000394115 0.00211844 -0.00791846 -0.00664581 -0.000263488 0.0368786 0.000326664 0.00469554 0.0176783 -0.0251845 6.41912e-05 -0.0106076 0.0547258 0.03772 0.0532591 -0.0102864 -0.0180263 -0.000621003 -0.00707996 0.0272343 -0.0039703 0.00414006 -0.00128803 0.0144726 -0.00137264 0.0135635 -0.000228552 -0.000140495 -0.013554 -0.0348102 -0.00194771 0.00386842 0.00889207 0.00104828 -0.0308194 -0.000578841 -0.0580175 0.0079132 
-0.0029938 0.00208563 0.00164908 0.000211638 -0.0132541 -0.00348798 -0.00247356 0.00553762 -0.0103329 0.00433628 -0.00336442 -0.000912387 -0.00706929 -0.0111501 0.0177102 -0.000721799 -0.00440915 -0.00505786 -0.00324065 -0.00359969 0.00445288 0.0226239 0.00394102 0.000273781 -0.0143993 0.0721321 -0.000683944 0.00778122 0.015389 -0.0137519 0.00240359 0.00118994 -0.000320669 0.0057749 -0.00243755 0.0089946 0.00114941 -0.000242893 -0.0143523 -0.00107877 -0.00984845 -0.00888125 -0.00306108 0.000488334 -0.000319349 0.00376378 -0.0162428 -0.0022168 0.000137649 0.000561845 0.0127924 0.0182326 -0.000377601 0.00162073 -0.00328488 0.000165666 -0.027922 -0.0215429 -0.00154277 0.00132911 0.000640178 0.00205537 0.000453849 -0.00231071 0.00472752 0.00166116 8.80518e-05 0.00235531 -7.75318e-05 -0.00119928 -0.0138411 -0.00627273 0.00128923 -1.57514e-05 0.00148337 0.0012034 -0.00421115 0.00717669 0.0168227 0.00213275 0.000989145 -0.0102558 0.000365587 0.00260382 -0.000451431 0.00769099 -0.000882892 -0.0205705 -0.00249958 -7.95544e-05 0.005851 -0.00743912 -0.000924227 -0.00851163 0.002883 0.000420137 0.00983064 -1.7708e-06 -0.00403825 0.00870524 
-0.0247344 -0.000354378 -0.00169218 -0.0114469 -0.0200866 -0.0212747 -0.0089763 -0.0232219 -0.0265477 0.000336094 0.0439182 -0.00546539 -0.0287516 -0.0169954 0.0586121 0.0239777 -0.0137726 0.0476937 -0.0624877 -0.0158857 0.0861081 -0.0234367 -0.028279 -0.021503 -0.0467127 -0.000683944 0.133566 -0.00210373 0.00500057 -0.02868 0.000671344 -0.00591461 -0.00141262 -0.000834207 0.0669236 -0.00457336 0.0596674 0.00749925 -0.00138938 -0.00255514 -0.0321348 -0.0524701 -0.0227226 -0.000222171 -0.00310152 -0.00285029 -0.034989 -0.00204295 0.00291025 0.00350894 0.0669853 0.0768857 -0.00139091 0.0658045 -0.0293249 0.000182545 -0.0462848 -0.0495019 0.00166513 -0.0038759 0.0353554 0.000373609 -4.04599e-05 0.0306274 -0.00161244 0.00519061 -0.00260744 -0.0156498 -0.000232431 -0.00946589 0.0444586 0.0213426 -0.000502413 0.0203743 -0.0369281 -0.0275796 -0.0165952 -0.00281447 -0.00522018 -0.00165347 0.00991733 -0.0219979 -0.00112964 -0.00172585 0.000361882 -0.00826162 -0.00317879 -0.0462331 -0.00406842 -7.18676e-05 0.012886 -0.0285337 -0.00226963 -0.00994236 -0.00559297 0.00259168 -0.0230359 2.9852e-05 0.0763856 -0.00418409 
-0.00589269 -0.000195276 -0.0016963 -0.00544423 -0.00747219 0.0157112 -0.00310745 0.00848226 -0.00529165 -0.00846283 -0.00272849 0.000672109 -0.00650875 0.0138489 0.0149016 -0.00972776 0.000214619 -0.0175094 0.00859741 -0.00686044 -0.0113914 -0.00694264 -0.00474594 -0.00662406 0.00161722 0.00778122 -0.00210373 0.0786428 -0.00338613 -0.0081331 -0.000820584 5.21746e-05 0.000361902 0.0126881 -0.00382599 -0.00184047 0.00800774 -0.000971693 -0.003228 -0.000807391 -0.00271506 0.00175191 -0.00369751 -0.000257958 0.000165755 -6.54626e-05 0.00463516 -0.000160317 0.00183443 -0.00109752 -0.00894249 -0.00143633 -0.00023761 -0.0188808 0.0128425 6.02395e-06 -0.0102921 0.00140204 3.58756e-05 0.0111958 0.000523718 -0.000352826 -0.000189653 0.00536915 -0.00215918 -0.00135624 0.000622948 -0.00786493 -9.17806e-05 -0.00287867 -0.00967287 -0.00547094 0.000729126 5.27531e-05 -0.0104134 -0.00601677 -0.00482858 0.00276812 -0.00532092 -0.000540598 -0.00224223 -0.00178796 -0.000391941 -0.000893441 0.00427604 -0.00715772 -0.000859418 -0.00877536 0.00343507 0.000155781 0.00888877 -0.00209248 0.0045974 0.00605072 -0.00205354 -0.000884418 0.0150585 -2.5918e-05 -0.0115916 0.0214383 
-0.000965559 0.00102833 0.00224299 0.00270764 -0.00543308 -0.00885234 -0.00344989 -0.00427428 -0.0118976 0.00785121 0.00395047 0.0036286 -0.0125125 -0.0326433 0.0190944 0.00861189 0.00274581 -0.00980257 -0.0214415 -0.00811684 0.0137385 0.0177082 -0.0127496 0.011095 -0.0085652 0.015389 0.00500057 -0.00338613 0.0706769 -0.0117251 0.0079507 -0.00498106 0.000220017 -0.000273638 0.00476618 0.00376998 0.00973802 0.00886192 -0.0136379 -0.00130336 -0.0112107 -0.020479 -0.00515901 0.000649994 0.00298602 0.00158469 -0.0170314 -0.00171892 -0.00101105 -0.00120055 0.0111162 0.0206215 -0.000511648 0.00188782 -0.00923754 0.00022495 -0.0308642 -0.0260615 -0.00063052 0.000684139 0.013616 0.00216466 0.00121321 0.0103635 0.0105015 0.00365799 -0.000741163 -0.00039346 5.47898e-05 -0.00100212 0.00597298 0.00535705 0.000730568 0.0119318 0.00281162 -0.00862862 -0.00786504 0.00892925 0.0133565 0.00300529 0.00291516 -0.012158 0.000723168 0.00207993 0.00286009 0.0075997 -0.00123564 -0.0220473 -0.00161006 0.000184257 0.00248068 -0.00931481 -0.000917104 -0.0062692 0.000596346 0.00294254 -0.00432981 0.000595856 0.002366 -0.00190225 
0.0348761 -0.00138917 -0.000297675 -0.0170348 0.0651662 -0.0121404 0.00484459 -0.0400958 0.00790149 -0.0185642 -0.0253936 0.0130773 0.0484355 -0.0122366 -0.0373873 -0.0273548 0.0337673 -0.0262792 -0.0250381 -0.00867991 -0.0494685 -0.0217504 -0.0445652 0.0201336 0.0332834 -0.0137519 -0.02868 -0.0081331 -0.0117251 0.175633 -0.00373141 -0.00997575 0.00150162 -0.00415238 -0.0445985 -0.00901342 -0.0337799 -0.00661105 0.0334921 0.00194731 -0.00604311 0.036893 -0.031121 -0.000418691 -0.00551542 -0.00389658 0.101291 -0.00822026 0.00170008 -0.0120348 -0.0607893 -0.0655232 -0.00209096 -0.0391867 0.0627946 0.00151891 0.0812255 0.108284 -0.00155302 0.00135453 -0.0228996 -0.00171146 0.000105171 -0.0264124 -0.00846891 -0.00372078 -0.00188076 -0.0248983 -0.000193632 -0.00516707 0.0731003 0.00507611 0.000124584 0.00480625 -0.03427 -0.0371265 0.0384018 -0.00948853 -0.0167274 -0.00166263 -0.00526076 -0.0269651 -0.00252685 0.00405476 -0.0008544 -0.0246116 0.00981405 0.109166 -0.00022019 -5.72611e-05 -0.011613 0.014257 -0.00195257 0.00151172 -0.0100471 -0.00539177 -0.0225495 -0.000409267 -0.0320265 -0.0122042 
-0.00286516 -9.93762e-05 -2.68674e-05 0.00157488 -0.00242151 -0.00227002 -0.000975725 -0.000634345 -0.00493198 -0.00179505 -0.00125594 0.00205119 -0.00425693 -0.00607238 0.00502813 0.0062739 0.00179377 -0.00105544 -0.00575203 -0.00311449 0.00205977 0.0042424 -0.00328874 0.00332916 0.00225606 0.00240359 0.000671344 -0.000820584 0.0079507 -0.00373141 0.024699 -0.00181284 -6.18927e-05 -0.000943155 -0.000253249 0.0023498 0.00261714 0.00101264 -0.00521848 -0.000294949 -0.000142883 -0.00801762 -0.00131872 9.88928e-05 0.000139554 0.00101692 -0.00460092 3.30904e-05 -0.000134003 -0.000283969 0.00179377 0.00450234 -0.000102162 0.00347207 -0.00167193 -0.000106405 -0.00875889 -0.0076885 -0.000335209 -0.0001079 0.000921934 0.000549286 0.000165865 0.000204 0.00256343 -8.20251e-05 -0.000362359 0.00129734 -2.05663e-05 -0.000860854 -0.000587918 0.00113729 -4.86935e-05 0.000631948 0.00273919 -0.00348439 -0.00236028 0.000853578 0.0055985 0.00130718 0.000198943 -0.00392848 -0.00023872 -9.47134e-05 0.00209242 0.00961 -0.000374692 -0.00625522 -0.0008758 9.4084e-05 -0.000729324 -0.00378887 -0.00036904 -0.00272405 0.00132589 0.00200322 -0.00391217 1.50375e-05 0.0046892 -0.00104863 
0.000427606 -0.000455395 -6.72456e-05 0.00473065 -0.00464547 -0.00163822 -0.00187515 0.00766373 0.00790647 -0.00573271 -0.00998 -0.00153239 -0.00644561 -0.00874011 -0.00775086 -0.0058764 -0.00709509 -0.0121288 0.0209076 0.0219351 -0.0130781 -0.00263289 0.000163489 -0.00419075 -0.00515293 0.00118994 -0.00591461 5.21746e-05 -0.00498106 -0.00997575 -0.00181284 0.0707189 -0.000561438 0.00723482 0.00994094 -0.000453784 -0.0090287 -0.00256203 0.00948685 -0.00063185 -0.000221927 0.0173549 0.0137608 -0.000379111 2.79039e-05 -5.56275e-05 -0.0109834 0.00367081 0.00240178 -0.000152728 -0.0125958 -0.0123508 0.00124402 -0.0107835 -0.0139819 0.000146857 -0.0114352 -0.00876789 0.000449896 0.000448456 -0.000386019 0.000265994 -0.000180101 -0.00145083 -0.00138029 -0.001251 0.000475475 0.0210811 8.52772e-05 0.00232141 -0.0180865 -0.00560905 6.95679e-05 -0.00362283 0.0078719 0.024454 -0.00155337 0.00144853 -0.00213206 -0.000772554 -0.0017562 0.00877098 0.00260791 0.00107324 -0.00135068 -0.00567537 0.000126553 -0.0140165 -0.00148051 -0.000114111 0.000662351 -0.00149004 -8.06847e-05 0.00907753 0.00553817 0.00170459 -0.00651717 -6.73462e-05 -0.0130838 0.00920675 
0.000452662 -1.862e-06 8.77646e-05 -0.0004842 -0.00107335 -0.00104784 -0.000452136 -0.000860667 0.000379417 -0.000354726 -0.000598771 2.21873e-05 0.000555945 0.000340207 -0.000801653 0.000916865 0.00184413 -0.00102747 0.000534013 -0.000496506 -0.000908593 -0.000412286 2.83133e-05 0.000128112 -0.00125109 -0.000320669 -0.00141262 0.000361902 0.000220017 0.00150162 -6.18927e-05 -0.000561438 0.0100649 -0.000207242 -0.000996016 -0.000121376 -0.00124527 0.000373718 0.000281404 0.000107468 -0.0012055 -0.00274596 -0.00089444 -1.42663e-06 0.000437794 0.000433072 0.00184333 5.3574e-05 -7.45511e-05 0.00105807 -0.000498468 -0.000883677 -5.6726e-05 -0.00110928 0.00258917 -1.56309e-05 0.00130246 0.00154789 0.00021791 0.00023985 -0.000829453 0.000102052 -1.66657e-05 -0.00136234 5.91611e-05 0.000127852 -0.000167464 -0.00126772 7.18708e-06 -0.000700673 -0.000846385 -0.000479357 -4.33121e-05 -0.000384928 -6.03346e-05 -0.00125057 -0.000243272 -0.000244653 0.00054318 5.6471e-05 -0.000173839 -0.000154909 0.000101389 3.82411e-05 0.000616345 -1.14101e-05 0.000382658 0.0017971 0.000485201 2.09198e-05 -0.000370934 -0.000737062 0.000235002 -0.000459527 -0.000195158 -5.30414e-05 0.000985343 3.54465e-06 -0.000868781 -0.00038028 
-0.00740992 -0.000176696 -0.000159174 -0.00325942 -0.00736657 0.00453897 -0.00274906 -0.00146736 -0.00295038 -0.00559527 -0.00380595 -0.00186765 -0.00554702 0.00666656 0.00946616 -0.00623648 0.000478168 -0.00651577 0.0100466 -0.00250777 -0.00278099 -0.00613745 -0.00239856 -0.00458914 -0.00619264 0.0057749 -0.000834207 0.0126881 -0.000273638 -0.00415238 -0.000943155 0.00723482 -0.000207242 0.0537966 0.00708198 -0.00241546 0.00364789 -0.00110135 -0.00442134 9.42992e-05 -0.00542556 -0.00470384 -0.00201412 -0.000189146 -0.00072388 -0.00102016 -0.00431984 0.000229406 0.000806338 -0.00127952 -0.00479676 0.00145063 7.39137e-05 -0.0064147 0.00954746 -0.000182798 -0.00860149 -0.00414349 -0.000499126 0.00939036 0.00224686 -0.000246376 -0.000144969 -4.10681e-05 -0.00191817 -0.000745183 0.000602972 -0.00194193 -1.05761e-05 -0.00140744 -0.00676869 -0.000297303 0.00124696 -0.00277706 -0.00515448 0.00197901 -0.000787177 0.00429773 -0.00378191 -0.000520129 -0.00122905 -0.00743065 7.97931e-06 0.000862763 0.000322074 0.000217853 -0.000381855 -0.00957472 -0.000846535 -1.59962e-05 0.00574923 -0.000846933 -0.00052562 -0.00259051 0.00171218 -0.000624107 0.0131394 -7.70881e-05 -0.00528537 0.0189491 
-0.0226037 0.00109286 0.00164346 0.00542052 -0.0370375 -0.0505911 -0.0244316 -0.0293146 -0.0270988 -0.00628722 0.0668761 -0.0120174 -0.0574651 -0.0191388 0.0573578 0.0544585 -0.0378776 0.0592659 -0.0271646 0.00407544 0.114672 -0.0395168 -0.0118371 -0.0390732 -0.0417139 -0.00243755 0.0669236 -0.00382599 0.00476618 -0.0445985 -0.000253249 0.00994094 -0.000996016 0.00708198 0.246769 -0.00474078 0.0818202 0.0142334 0.00226926 -0.000986571 -0.0733602 -0.0372675 -0.0306597 -0.000113219 -0.00599292 -0.00580101 -0.0786322 0.00256847 0.00251135 0.0201526 0.110452 0.112277 -0.00143433 0.0870495 -0.0862143 -0.000797535 -0.0646076 -0.101419 0.00608516 -0.00666732 0.0410627 -0.000459451 0.000176846 0.0726468 0.00434066 0.00436203 -0.00287146 -0.0133855 -0.000480428 -0.0143875 0.0302765 0.0114824 -0.000321413 0.0216978 -0.036045 -0.0186396 -0.0552235 0.00193149 -0.00810068 -0.0014731 0.00400999 -0.0328909 -0.00283179 -0.00506667 -0.0026002 0.0190329 -0.00377905 -0.0892834 0.000497011 -0.000110329 -0.0064223 -0.0660424 -0.00465557 -0.00952529 -1.23984e-05 0.00747592 -0.0456091 -0.000442824 0.0896607 0.00621819 
