0.112376 0.0324304 -0.0236799 -0.010948 -0.000759359 0.00152521 0.0027274 -0.0247359 -0.0156642 0.00348976 -0.00352727 -0.000708809 0.0176573 -0.00781083 -0.0083159 0.017017 0.00316816 -0.0143023 -0.00161938 -0.0064916 0.00302945 -0.0228455 0.0447374 -0.00880251 0.00477403 -0.00980239 -0.0128555 0.00967951 0.029625 -0.0100642 -0.0161591 -0.0183331 0.00987533 -0.00374795 2.48749e-05 -0.00197637 -0.009202 0.00239502 0.027186 0.000831928 -0.00397308 -0.0107234 -0.00449323 0.021727 -0.00359036 -0.0161042 0.0149168 -0.00206274 -0.0072896 -0.00041615 -0.0210761 0.00524286 -0.00436546 0.000555038 -0.00893234 5.5874e-05 -0.00104449 -0.000825903 0.0201575 -0.00519874 -0.00632415 -0.00062455 -0.00251401 -0.00303025 0.0123775 -0.0233097 0.00802073 -0.00245535 0.0180159 0.00336515 -0.00203553 0.0246243 -0.00244855 0.0222234 -0.00707921 -0.00212681 -0.00417901 -0.0100487 0.00589516 0.000528074 -0.00207543 -0.000682763 0.00289638 -0.00125654 -0.0104066 0.0199594 -0.0136226 -0.000891226 -0.0180035 -0.0215028 -0.000124506 -0.00282254 -0.0145599 -0.0008363 -0.00759541 -0.00325367 -0.00458344 -0.00386291 -0.00661043 -0.00179685 
0.0324304 0.22179 -0.0340668 -0.0296339 0.00609181 0.000125347 -0.00545488 -0.0302017 -0.0520207 0.0492915 -0.00765014 -0.00225998 0.00948716 -0.0157048 -0.0295266 0.0718898 0.00230602 -0.0422088 -0.0248137 0.0551119 0.00963535 -0.0335717 0.0515789 0.0181148 -0.0137585 -0.011692 -0.0377353 0.0501599 0.0341302 -0.0188562 -0.0493013 -0.00524819 -0.0198509 0.0829535 -0.0006118 -0.00362001 -0.0140381 -0.00669571 0.101105 -0.000326406 -0.00552049 -0.00142556 -0.00904722 0.0164581 -0.00141692 -0.0367589 0.0477591 -0.00679315 -0.0236931 -0.00237349 -0.0476436 0.000670305 0.0205931 -0.000921355 0.0124195 -0.000785325 -0.00114479 -0.00706692 0.0365096 -0.00427042 -0.0102927 0.000559831 -0.00623883 0.00816458 0.0309424 -0.0167915 -0.0330489 -0.0243957 -0.00565303 -0.00578621 -0.010202 0.00475505 -0.0029056 -0.00141183 -0.033002 -0.0119171 -0.0139702 -0.00595844 -0.0116139 0.00309591 -0.0073164 -0.00483204 -0.0114839 -0.00810337 -0.0196438 0.0228577 -0.059058 -0.00210279 -0.0161772 0.0346911 -0.00501994 -0.000695935 -0.0391792 -0.000330526 -0.00333425 -0.0106956 -0.0125845 -0.0139835 -0.0091143 0.0188745 
-0.0236799 -0.0340668 0.168745 -0.00163893 -0.00590455 -0.000748003 -0.0088194 0.0485427 0.0384361 0.00759332 0.00124194 -0.00163844 0.0187207 -0.0130911 0.00407279 -0.0377786 -0.00247369 -0.0533239 -0.0211653 -0.0332739 -0.00239098 0.0404953 0.00575253 -0.0326887 -0.00436486 0.00742083 0.0189714 -0.00574513 0.00881475 0.00690295 0.0330662 0.052535 -0.0104308 -0.0145697 -0.000425971 -0.00515875 -0.0206744 0.0030859 0.0129317 -0.0010466 -0.0145549 -0.036292 0.00754424 -0.0108921 -0.0135118 -0.0270594 0.00167965 0.0279598 0.034174 -0.00156013 0.0215441 -0.00790027 -0.0147782 -0.000670067 -0.0212712 -0.000494838 -0.00222313 0.00187918 -0.0286937 -0.00962532 -0.0159734 0.000581252 -0.00122943 -0.00711988 -0.0148417 -0.0404331 0.0459527 0.0186452 0.0555167 -0.00461887 -0.00378963 -0.00954176 -0.0027632 -0.0197271 -0.0158137 0.0132612 -0.00560393 -0.00799325 0.00356564 0.000547363 0.00678706 -0.00039231 0.000373661 0.000860881 0.0204451 -0.0180349 0.0599802 -0.00100972 -0.0354434 -0.0444704 -0.00129093 -0.00283829 0.0255581 -0.00168145 -0.0137413 -0.0115418 -0.00916874 0.00177716 -0.00914162 -0.00313338 
-0.010948 -0.0296339 -0.00163893 0.115033 -0.00287433 -0.000595734 0.00112829 0.0339433 0.0489422 -0.0392369 -0.00230405 -3.20373e-05 -0.0476573 0.0239927 0.021859 -0.057508 -0.00110618 0.00802603 -0.00830451 -0.012278 -0.00223786 0.0455007 -0.0170232 0.000468554 0.0034389 -0.00488671 0.0426498 -0.0179119 -0.0415297 0.0113497 0.0335208 -0.0330951 -0.00931503 -0.0169846 -0.000439235 -0.000768314 0.00945771 -0.00423282 -0.0304551 -0.000600035 -0.0093991 -0.0162257 -0.0025336 -0.00101074 -0.0075119 0.0102581 -0.0252256 -0.0012733 -0.00128509 -0.000217915 0.0230337 0.00148538 -0.00574097 -0.000214906 -0.0161023 -1.22779e-05 -0.000243747 -0.00287466 -0.012982 0.00795358 0.0136849 -0.000706149 -0.00225748 -0.00453224 -0.0228063 0.00170961 -0.0295268 -0.00599951 -0.0078073 -0.000719142 0.00169688 -0.0168984 -0.000862535 -0.0145902 -0.00879871 -0.00522752 0.0174809 0.0187528 0.00839165 -0.00155212 -0.000707083 -0.0017971 -0.0100701 -0.000461801 0.0246899 0.000597013 0.0422853 -0.000124348 0.00426132 -0.00210111 0.00161091 -0.00119727 0.0329115 -0.00111136 0.0172212 -0.00308324 0.00918974 0.0037897 0.00712427 -0.00805 
-0.000759359 0.00609181 -0.00590455 -0.00287433 0.0346635 -0.000156512 0.00131847 -0.00802489 -0.00376619 0.00530983 0.000944614 0.00153698 0.00143212 -0.00262797 0.00334257 0.0123225 0.0016731 0.00825535 -0.00190366 0.00837458 0.000186455 -0.00868721 -0.0107976 -0.0029608 0.00990649 -0.000718505 -0.00582219 -0.00147157 -0.00326794 -0.00129634 -0.00726726 -0.00435937 -0.00208561 0.00495012 2.40271e-05 -0.000451716 -0.00281646 -0.00116298 -0.0108486 9.4542e-06 0.00624918 0.0174419 -0.000868784 -0.00163417 0.000229694 -0.00228847 0.00235517 -0.00323529 -0.00227749 -0.000213604 -0.00300219 0.00262077 -0.000406577 -0.000198231 0.0178198 0.000216545 0.000156029 -0.000739867 0.00498765 -0.000749639 -0.00121232 -0.000162583 0.000714429 -0.00129782 0.00328058 0.00123379 -0.00442812 -0.00142673 -0.0112575 -0.000213604 -0.000521211 0.00663046 -0.000273752 -0.00216074 0.00114096 -0.00173775 -0.00206831 -0.000709407 -0.00239285 0.000560675 -0.000622112 -0.00129061 -0.00314303 2.85224e-05 0.00324066 -0.0064532 -0.00989993 -0.000417797 0.00548057 -0.0056017 -0.000470063 -0.000152556 -0.00402639 0.000200416 -0.00107975 -0.0013023 -5.96988e-05 -0.00177939 -0.00195771 -0.00116493 
0.00152521 0.000125347 -0.000748003 -0.000595734 -0.000156512 0.00689801 0.000233247 -0.000823418 -0.000384403 -0.000399346 0.000225314 0.000789741 -0.000431408 0.00120992 -0.000703095 -0.00157253 3.83997e-05 -0.00097162 0.000778334 -0.000909336 1.45327e-05 0.000530256 -0.000973103 0.000955565 -0.00161362 0.000980143 0.00139827 0.000840422 0.00177799 0.000106229 0.000557023 -0.000919154 -0.000424069 -0.0015148 1.20687e-05 -0.000209707 -0.000687232 8.75684e-05 -0.000810619 -1.00697e-05 -0.000519973 -0.000658344 -0.000147775 0.000195542 -0.000181507 0.000763633 -0.000660655 -4.64761e-05 -0.00044747 2.3643e-05 0.000322317 -0.000213498 -0.000585814 1.88603e-05 -0.000451795 -1.01267e-05 -9.02935e-05 1.14852e-05 -0.000114713 -0.000173528 -0.0003545 -2.44392e-05 5.51248e-05 0.000504478 0.0011004 0.000649657 4.03282e-05 -0.000379825 -0.00146702 -5.98604e-05 -1.78449e-05 -0.00120607 -4.21888e-05 -0.000332092 -0.000125102 0.0011147 0.00053976 0.000384515 1.44558e-05 -7.55072e-06 -8.52268e-05 0.00056041 0.000809276 2.20219e-09 -0.000339151 -0.000442379 -0.000788197 0.00011946 -0.00106865 -0.00108583 2.16122e-05 6.33139e-05 1.53856e-06 -1.97532e-05 -0.000209666 0.000531616 -0.00015217 -5.02758e-05 0.00031995 0.000167882 
0.0027274 -0.00545488 -0.0088194 0.00112829 0.00131847 0.000233247 0.0531302 -0.00361097 0.00320975 -0.0115183 0.00255501 0.00224322 -0.000626792 -0.00313046 0.000821943 -0.0126205 0.00685768 0.00732997 0.00542422 -0.00216068 0.00216698 -0.00329495 -0.00425251 -0.00402887 -0.00184327 0.000355467 -0.000831282 -0.00603766 0.00820762 0.00431104 -0.00375979 -0.0055143 -0.00178528 -0.0125712 0.000306905 0.00117843 -0.00321732 -0.00113145 -0.00387391 0.000708912 -0.00281003 0.00478351 -0.000249553 0.00185948 -0.00149218 -0.000949081 -0.00061684 -0.000193414 -0.00313567 0.00140484 -0.00687764 -0.0041657 0.000162043 0.000431926 -0.000433447 5.69141e-05 0.000599505 0.00126628 -0.00265781 -0.000105677 -0.00169904 -0.000255269 -6.95344e-06 -0.00146306 0.00452763 0.0016903 0.00596803 -0.00656651 -0.0154051 0.00127421 0.00214333 -0.0051824 -0.00040166 -0.00173727 0.0055035 -0.00112706 -0.00145215 0.00397565 0.00244123 3.30482e-05 -0.00109037 0.00221825 0.00835323 0.000753943 -0.00484643 -0.00233898 -0.0106202 1.8076e-05 -0.000689978 -0.00217319 0.00893281 -0.000804267 -0.00339483 0.00232944 0.0023987 0.00696013 -0.00020554 0.00531681 0.00704848 -0.00143504 
-0.0247359 -0.0302017 0.0485427 0.0339433 -0.00802489 -0.000823418 -0.00361097 0.223812 0.0796909 -0.0794032 -0.00145644 -0.00161573 -0.0851209 0.0275016 0.0166094 -0.110664 -0.00321784 -0.0474601 -0.0280553 -0.00406026 -0.00760502 0.14986 -0.0718806 -0.00197376 -0.0357665 0.00756266 0.0890459 -0.0393252 -0.0633567 0.018523 0.117539 -0.0218025 -0.0164853 -0.0477596 9.48451e-05 -0.00401849 -0.00239135 0.00420594 -0.0279195 0.00119656 -0.0259785 -0.0523033 0.0110586 -0.0141567 -0.0197239 -0.0092177 -0.0744795 0.01605 0.0357297 -0.00300685 0.093387 -0.0137594 -0.00781518 -0.00272918 -0.0397189 -0.000657039 -0.00275927 -0.00491599 -0.0249243 0.000565822 -0.0198317 -0.000341505 -0.00342634 0.00337118 -0.0450531 -0.0121229 0.00766218 -0.0140303 0.0363261 -0.00822584 -0.00594796 -0.0488197 -0.000177271 -0.0500142 -0.0261668 0.0120221 0.0290581 0.0417163 0.00107978 0.00110522 0.0112837 0.00960548 0.000696945 0.000484368 0.0502087 -0.0322223 0.078423 0.00212866 -0.0253123 0.000295787 0.00186341 -0.00213373 0.0681891 -0.00310412 0.0306396 -0.0167778 0.00271733 0.00272855 0.0262864 -0.014223 
-0.0156642 -0.0520207 0.0384361 0.0489422 -0.00376619 -0.000384403 0.00320975 0.0796909 0.143057 -0.0520221 0.00382046 0.00644455 -0.0483368 0.010624 0.0441023 -0.0749173 -0.00126308 -0.0196147 -0.0179825 -0.0413891 -0.00296162 0.0837731 -0.0410275 -0.023967 -0.00557786 -0.000409909 0.0736049 -0.0424492 -0.0491924 0.0310221 0.071374 -0.0213912 -0.0149599 -0.0397988 9.49185e-05 -0.00439546 -0.0119992 -0.00111423 -0.053409 -0.00029305 -0.0145248 -0.0165525 0.00369233 -0.00379005 -0.00966967 -0.0105657 -0.0380618 0.0156002 0.0211926 -0.000778617 0.0628339 -0.00264045 -0.0153877 0.00029097 -0.0160362 -0.000520321 -0.00230815 -0.00311395 -0.0209313 -0.0024844 -0.00417473 1.20394e-05 -0.00278297 -0.00532737 -0.0280866 -0.0217541 -0.00945469 -0.00259302 0.0215756 0.000829885 -0.00198215 -0.0221887 0.000465349 -0.0205368 -0.0165044 0.00411408 0.0188948 0.0165267 0.013759 -0.00242085 0.00390613 0.00257757 -0.010625 -1.62019e-05 0.0463918 -0.0218889 0.0591922 -0.000601021 -0.0168238 -0.0284599 0.0058149 0.000608275 0.0683367 -0.000854395 0.00731893 -0.00685315 0.00125048 0.0116643 0.00788022 -0.0113237 
0.00348976 0.0492915 0.00759332 -0.0392369 0.00530983 -0.000399346 -0.0115183 -0.0794032 -0.0520221 0.221446 0.00516703 -0.0025959 0.0852789 -0.0234917 -0.0374673 0.0829672 -0.00356845 -0.0189305 -0.0060826 0.0138148 0.00623016 -0.0769306 0.0515051 -0.0235029 0.00233344 -0.000249133 -0.0547782 0.0789299 0.0855243 -0.0240333 -0.0745953 0.0857007 -0.0186683 0.068939 -0.000955468 -0.00882632 -0.0439605 -0.00791568 0.0742058 -0.000569075 -0.00803329 0.00975284 -0.0120399 -0.00500869 -0.0051305 -0.0161771 0.086415 0.00330574 -0.0239412 -0.00201679 -0.0683313 -0.016883 -0.00352016 2.60683e-05 0.0170452 -0.00102707 -0.0012619 -0.00759935 0.00144206 -0.0137858 -0.0146878 -0.000306703 0.000730374 -0.00198223 0.0238223 -0.0358898 0.00502715 0.0291242 0.00883491 -0.00649857 0.000450591 0.0152463 -0.00455352 0.021967 -0.00504873 -0.00258324 -0.0183623 -0.0313025 -0.00176362 0.00145616 -0.00713735 -0.0147643 -0.0216331 -0.00223416 -0.0176112 -0.00590548 -0.0386075 -0.00382554 -0.0233121 0.000865395 -0.00310142 -0.00587199 -0.0418982 0.00154029 -0.0193592 -0.0141276 -0.0120767 -0.00830009 -0.0162739 0.0186975 
-0.00352727 -0.00765014 0.00124194 -0.00230405 0.000944614 0.000225314 0.00255501 -0.00145644 0.00382046 0.00516703 0.0339686 0.00389551 0.00817233 -0.00243527 0.000183785 0.00190826 0.000865386 -0.00396431 0.00266117 -0.00204177 0.00263942 -0.00676343 -0.00820681 -0.00696543 -0.00559883 0.010627 -0.00303428 -0.00279676 0.0072015 0.00130925 -0.00377807 0.011959 -0.00178085 -0.00825702 0.000247089 -0.000157665 -0.00507523 -0.00083533 -0.00537449 -0.000133949 -0.00276336 0.00623368 -0.000504755 -0.000815482 0.000367766 0.00309243 -0.00050601 0.000659316 -0.00115643 -6.26102e-05 -0.00369031 -0.00253299 -0.00277997 0.000320789 0.00080382 4.93473e-05 -0.000229863 -0.000179616 -0.00347821 -0.00124943 -0.000294672 7.83885e-06 0.00242526 -0.00141935 0.00740523 -0.00119954 0.00475914 0.00439302 -0.00748432 0.000917058 0.00169608 -0.00667515 -0.000377908 0.0102066 0.00727796 6.23415e-05 -0.00157616 -0.00340894 -0.00231178 0.000663303 -0.000593337 6.64563e-05 0.00147396 0.000333705 0.00305755 -0.00586576 -0.00817702 -0.000304982 -0.00399746 -0.00720906 0.00225895 -0.000551823 -0.00209408 -9.11814e-05 0.00175315 -0.000475616 -0.00102628 0.000604926 -0.00141133 -0.00185025 
-0.000708809 -0.00225998 -0.00163844 -3.20373e-05 0.00153698 0.000789741 0.00224322 -0.00161573 0.00644455 -0.0025959 0.00389551 0.0234836 -0.00332525 -7.99014e-05 0.00738986 -0.000213413 0.000722189 -0.00466429 -0.00182306 -0.00253575 0.0031965 0.00156091 -0.00107114 -0.00375472 -0.00241203 0.00151372 0.00150485 -0.00308031 -0.00239578 0.00680426 0.00338435 -0.0018407 -0.00149144 -0.00530659 -3.78698e-05 -0.000537442 -0.00214638 -0.000156721 -0.0021533 3.78336e-05 -0.00168533 0.00298319 0.000654244 0.000839579 -0.000663366 -0.00133975 -0.00164586 -0.00265674 9.42282e-05 3.64849e-05 -0.00167222 -0.000374713 -0.00108967 0.000433117 0.00128733 4.18344e-05 -0.000233346 -0.000169166 -0.000637835 -0.000853574 -0.000501123 -3.62181e-06 0.000546606 0.000272884 0.00155573 -0.00148956 -0.0044055 -0.00110378 0.00169608 0.000883676 -0.000574482 0.00208491 -0.000414382 0.000113176 0.00053728 -0.000291644 -0.000441855 1.853e-05 0.00224866 0.000212631 -0.000412203 0.00170469 -0.000664664 -4.807e-05 -0.000969829 -0.00212363 -0.00307504 0.000425238 -0.0016166 -0.00282334 0.000201946 -0.000444969 0.000801527 6.14683e-05 -0.00197501 9.59506e-05 -0.000360324 0.00125791 0.000650599 -0.00160943 
0.0176573 0.00948716 0.0187207 -0.0476573 0.00143212 -0.000431408 -0.000626792 -0.0851209 -0.0483368 0.0852789 0.00817233 -0.00332525 0.248446 -0.0362318 -0.0277214 0.0767813 -0.00148319 -0.00523544 0.0134678 -0.0160926 0.00279198 -0.113597 0.0531489 -0.0581138 -0.0284902 0.00691067 -0.0673131 0.00987808 0.0849012 -0.0152363 -0.067162 0.102668 0.0313571 0.0135506 0.000255277 -0.00116864 -0.0247526 0.000493331 0.0317895 -0.000695732 -0.00372764 0.00745562 -0.000428062 -0.0021094 -0.0100094 -0.0184646 0.057854 0.0114361 -0.0109845 -0.000527122 -0.0469209 -0.000151228 -0.00154795 0.00247878 0.0124441 -0.00154092 0.000906538 0.0081038 -0.0116962 -0.0191354 -0.0270761 -0.000412846 -0.00199161 -0.0162501 0.052548 -0.0457706 0.0720138 0.0287242 0.0296759 0.00506474 0.00757276 0.0535808 -0.00425489 0.0693046 0.0322098 0.000968485 -0.0269594 -0.035302 -0.0118879 0.000836734 -0.00454745 -0.0170144 0.0113607 0.0043142 -0.0352015 -0.0098997 -0.0699472 -0.00322936 -0.0380479 -0.0438027 -0.000285066 -0.00436568 -0.0531747 0.0039561 -0.0282526 0.00954193 -0.0190382 -0.00744307 -0.0307409 0.0113919 
-0.00781083 -0.0157048 -0.0130911 0.0239927 -0.00262797 0.00120992 -0.00313046 0.0275016 0.010624 -0.0234917 -0.00243527 -7.99014e-05 -0.0362318 0.0882176 -0.00229668 -0.0341831 -0.00162201 0.00367167 -0.00393305 -0.00789394 -0.00173657 0.037387 -0.0271487 0.0287609 -0.0122529 -0.00575749 0.0452614 -0.0188442 -0.0294833 -0.00265272 0.0402432 -0.0246568 -0.009722 -0.0306796 -0.000303914 -0.000282622 0.0236056 -0.00176613 -0.0233159 -0.000614704 -0.00466659 -0.00961237 -0.0024488 -0.00450109 -0.00204489 0.00226831 -0.0266517 -0.00806347 -0.00584327 -0.000943671 0.0297934 -0.00453559 -0.00875651 -0.000592383 -0.0103665 0.000336395 -0.000278613 -0.00172422 -0.0120441 0.00694364 -0.000981013 -0.000714055 0.00150056 0.00576621 -0.0169033 0.00918855 -0.0124821 -0.0125248 0.00425172 -0.00208027 -0.00107043 -0.0195583 0.000765796 -0.0157699 -0.0036087 0.00382546 0.0333559 0.0138013 0.00446333 -0.000624197 0.00155651 0.00642772 -0.00685287 6.21697e-05 0.00700869 -0.00139956 0.0166282 0.00242289 0.00027156 0.0151656 -0.000180767 -0.00145499 0.0285779 -0.000999757 0.00692408 -0.00367728 0.00203173 -0.000491979 0.0187352 -0.00435004 
-0.0083159 -0.0295266 0.00407279 0.021859 0.00334257 -0.000703095 0.000821943 0.0166094 0.0441023 -0.0374673 0.000183785 0.00738986 -0.0277214 -0.00229668 0.134586 -0.0196384 -0.00142694 0.011809 -0.00691008 -0.058525 -0.00204753 0.0219563 -0.00508344 4.58585e-05 0.0330032 -0.0149351 0.0197577 -0.0348007 -0.0532919 0.0252451 0.0225536 -0.0418093 0.0246553 0.00440791 0.000379346 -0.00493456 0.00232807 -0.00105668 -0.0321617 -0.00113471 -0.00544774 0.00982038 0.00178321 0.000994481 -0.00480054 -0.0255563 -0.0238001 -0.0020854 0.0103544 0.00349732 0.0159484 0.0352727 -0.00806263 -6.72298e-06 0.00284904 0.000696788 -0.00118109 -0.00189596 0.0196853 -0.00730996 0.0105404 4.05763e-05 -0.00259027 -0.00253995 -0.0188056 -0.0342843 -0.0272915 0.00252168 -0.00964667 0.0113921 -0.00166356 0.0088894 -0.000751718 -0.00634628 -0.00954847 -0.00216825 0.00452445 -0.00425053 0.00500873 -0.00234184 0.000738862 0.00557215 -0.0057008 0.000852453 -0.00130805 -0.000777323 0.0534317 -0.0015065 -0.00995866 -0.0185948 0.00412547 0.00308147 0.0382902 0.000172414 -0.011484 -0.00821845 0.00205789 0.00600256 -0.00683075 -0.00671161 
0.017017 0.0718898 -0.0377786 -0.057508 0.0123225 -0.00157253 -0.0126205 -0.110664 -0.0749173 0.0829672 0.00190826 -0.000213413 0.0767813 -0.0341831 -0.0196384 0.245831 -0.00483421 0.0222184 -0.00643855 0.0439817 0.00910335 -0.129298 0.0523323 -0.0142742 0.0342371 -0.0169331 -0.0976089 0.0468832 0.025924 -0.0198027 -0.113778 0.0211204 0.00840717 0.0645738 -0.000552743 -0.00247611 0.00783041 -0.0102864 0.0376333 0.000117437 0.0332202 0.061275 -0.014896 0.00322439 0.0191734 -0.0166241 0.0535492 -0.0189894 -0.0306656 0.0014552 -0.0603795 0.0173416 0.0196018 0.000939331 0.0464577 0.000159165 0.00141299 -0.0054013 0.0415663 -0.0022637 0.00912735 0.00019919 0.0020176 -0.00805322 0.0478643 -0.000291988 -0.0206335 0.0232198 -0.0228892 -0.00161219 -0.00994276 0.0509192 0.000450542 0.0296994 0.00287781 -0.0251579 -0.0338431 -0.0345445 -0.0154604 0.00288497 -0.0103315 -0.017895 -0.0343371 -0.00562227 -0.0336646 0.0285905 -0.0791821 -0.00595256 0.027585 0.0147519 -0.00603698 0.00325337 -0.0675123 0.000877505 -0.0166331 -0.0131387 -0.00904829 -0.00985706 -0.0288635 -0.00167221 
0.00316816 0.00230602 -0.00247369 -0.00110618 0.0016731 3.83997e-05 0.00685768 -0.00321784 -0.00126308 -0.00356845 0.000865386 0.000722189 -0.00148319 -0.00162201 -0.00142694 -0.00483421 0.0187624 0.00128136 0.00182555 -0.00120983 0.000585964 -0.0033496 0.000971453 -0.00213522 -0.00144586 0.00056072 -0.00221351 -0.000380893 0.00150747 0.000111749 -0.00332515 -0.00380067 -0.00179636 -0.00134967 -1.77609e-06 0.00210686 -0.0022426 1.53515e-05 0.00116916 0.000175518 -0.00144598 0.000695579 8.94358e-06 0.000942355 -0.000738261 0.00236392 0.00429157 -0.000190548 -0.000817936 0.00049588 -0.00283182 -0.000997454 -0.000794934 0.000105526 0.000549229 2.47233e-05 -1.13038e-05 -0.000286094 0.000476553 -0.000108606 -0.000420617 9.91049e-05 -0.000225525 0.00167736 0.00200828 -0.00024807 0.000353879 -0.00216457 -0.00369962 2.2306e-05 0.000188431 -0.00251576 -5.58699e-05 -0.00271482 0.000671607 -0.000611583 -0.000932896 -0.000536791 0.00114649 1.99163e-05 -0.000417918 0.000407279 0.00472088 -0.0002549 -0.000964988 -0.000323561 -0.00446359 -8.98538e-05 0.000283671 -0.0020201 0.00173194 -0.000223145 -0.00171018 0.000431697 0.00146696 0.00447108 0.000470548 0.00144168 0.000203464 0.000588692 
-0.0143023 -0.0422088 -0.0533239 0.00802603 0.00825535 -0.00097162 0.00732997 -0.0474601 -0.0196147 -0.0189305 -0.00396431 -0.00466429 -0.00523544 0.00367167 0.011809 0.0222184 0.00128136 0.214085 0.0451009 0.00904773 -0.00717377 -0.0584735 -0.0665123 0.016353 0.053413 -0.00473142 -0.028353 -0.000125338 -0.0248726 -0.0156861 -0.0510357 -0.025866 0.0156811 -0.0011337 8.74491e-05 0.0105783 0.0156111 -0.00868397 -0.0766587 0.00127297 0.0313327 0.0534836 -0.0028051 -0.00244861 0.00771053 0.0428888 0.00730225 -0.00976175 -0.0204727 0.00184274 -0.0168841 0.0108424 0.0140021 -0.0016879 0.0323197 0.000543038 0.00486786 -0.00127109 0.0192854 0.0190887 0.02437 -0.00110669 7.30935e-05 -0.00452296 -0.00661367 0.0539778 -0.00285396 -0.0147058 -0.0955703 0.0066833 0.0111591 -0.00933191 0.00293864 -0.0230185 0.0489795 -0.00686778 -0.00795709 -0.00453466 -0.0118589 -0.00125625 -0.00627248 -0.00588092 -0.000912611 0.00323429 -0.00766938 -0.0250968 -0.0275293 -0.00105234 0.0635755 -0.00544454 1.53286e-05 0.0103286 -0.0233484 -0.000325474 0.00559835 0.0187856 0.0177925 -0.00069706 -0.0141154 -0.0129869 
-0.00161938 -0.0248137 -0.0211653 -0.00830451 -0.00190366 0.000778334 0.00542422 -0.0280553 -0.0179825 -0.0060826 0.00266117 -0.00182306 0.0134678 -0.00393305 -0.00691008 -0.00643855 0.00182555 0.0451009 0.0997923 -0.0173838 -0.000687505 -0.0306065 -0.0069169 0.0116654 -0.00826084 0.00571534 -0.0166003 0.00403132 0.0189708 -0.00544651 -0.0201023 0.00464746 0.0140569 -0.0132274 0.00127651 0.00771792 -0.00395577 -0.00162201 -0.0207604 -0.000260712 -0.00404203 -0.00474196 0.00161034 -0.00049199 0.00233212 0.0238927 0.00205402 -0.00927051 -0.00817333 0.00162565 -0.0179427 -0.00439512 2.89672e-05 -0.000700684 -0.00827573 -0.000214819 0.00206228 0.00334808 0.00376722 0.00096722 0.00929106 0.000219469 -0.00166942 -0.00263529 0.0130534 0.0271512 0.0144157 0.000888697 -0.0295491 0.000802193 0.0121087 -0.0059417 -0.000596351 0.0134093 0.0439405 0.00199178 -0.00617961 -0.000747021 -0.00444458 -0.000502873 -0.000176187 -0.00176451 0.0204688 0.00318093 -0.0150105 -0.010621 -0.028543 0.000109432 0.0129882 -0.00820092 -0.000746989 -0.000459182 -0.0148759 0.000300157 -0.00440738 0.0208042 0.00146136 0.00157019 -0.00365333 -0.00313935 
-0.0064916 0.0551119 -0.0332739 -0.012278 0.00837458 -0.000909336 -0.00216068 -0.00406026 -0.0413891 0.0138148 -0.00204177 -0.00253575 -0.0160926 -0.00789394 -0.058525 0.0439817 -0.00120983 0.00904773 -0.0173838 0.248743 0.00115532 -0.0233765 -0.041083 0.00190926 -0.0258708 0.027067 -0.0252301 0.0299877 0.00665268 -0.0103319 -0.0400207 0.0104276 -0.0309895 -0.0208209 -0.000656286 0.00674354 0.00785837 -0.0118315 0.0228273 0.00193099 0.0263979 0.0342687 -0.0108529 -0.00352375 0.0166834 0.0476808 -0.00875038 -0.0414321 -0.0249254 -0.00354766 -0.0123674 -0.042707 0.0307188 -0.00196561 0.0315073 8.33349e-05 -0.000899157 -0.00970408 -0.0227955 0.0172819 -0.00721665 -0.00300752 0.00409178 -0.00183579 0.0261643 0.0851642 -0.018935 -0.00481915 -0.0390568 -0.0118521 -0.010169 0.00897408 0.0055633 -0.00889458 0.00690592 0.00443904 -0.0141045 0.0260134 -0.022226 0.0023031 -0.00832864 -0.00572302 -0.0349999 -0.0014058 -0.00150287 -0.0151852 -0.0835993 -0.000740432 0.0495773 0.0330343 -0.00409195 -0.00299907 -0.0462807 -0.0014543 0.0269278 0.000670773 0.00626672 -0.00756999 0.00676849 -0.0171945 
0.00302945 0.00963535 -0.00239098 -0.00223786 0.000186455 1.45327e-05 0.00216698 -0.00760502 -0.00296162 0.00623016 0.00263942 0.0031965 0.00279198 -0.00173657 -0.00204753 0.00910335 0.000585964 -0.00717377 -0.000687505 0.00115532 0.0386992 -0.00816416 0.0073624 -0.00138894 -0.00158919 -0.000833641 -0.00433937 0.0104106 0.00755151 0.00295833 -0.00716411 0.00600299 -0.00350905 0.00292584 -3.16612e-05 0.000586139 -0.00516309 -0.00103229 0.00759242 -0.000107086 -0.00308168 0.00112129 -0.000816868 0.00101118 -0.000155916 -0.00270321 0.00610723 9.90539e-05 -0.00243803 -3.37576e-05 -0.0125303 -0.00288391 -0.000624753 -6.75259e-06 -0.000559729 -0.000111439 -0.000537596 -0.0007633 0.00463011 -0.00104546 -0.00252031 0.000870194 -0.000384375 0.000239701 0.0132266 -0.00530983 0.002084 -0.00134241 -0.00326132 -0.000555494 -0.000573981 -0.00534143 -0.000486635 0.00343473 -0.00217014 -0.00104948 -0.001285 -0.00242264 -0.000910586 -0.000225647 -0.000655049 0.0011438 -0.00309135 -0.000245053 -0.00463444 -0.00264439 -0.0127182 0.000651342 -0.00182055 -0.00440962 -0.000128725 -0.00080643 -0.00445311 0.000113727 -0.00166216 -0.000817596 -0.000917921 -0.0013772 -0.00174583 -0.00113479 
-0.0228455 -0.0335717 0.0404953 0.0455007 -0.00868721 0.000530256 -0.00329495 0.14986 0.0837731 -0.0769306 -0.00676343 0.00156091 -0.113597 0.037387 0.0219563 -0.129298 -0.0033496 -0.0584735 -0.0306065 -0.0233765 -0.00816416 0.220508 -0.0615567 0.029326 -0.0153551 0.000498641 0.110287 -0.0416355 -0.0801805 0.0244121 0.124806 -0.0474324 -0.0241067 -0.0491961 -0.000214972 -0.0101202 -0.00346479 0.0079923 -0.0382589 -0.000415901 -0.0262756 -0.0530332 0.00753616 -0.0135254 -0.0131711 -0.00576594 -0.0872415 0.0121386 0.0360751 -0.00218378 0.0919666 -0.0101435 -0.0101051 -0.00233048 -0.0399344 -0.000721152 -0.00399401 -0.00377003 -0.0235748 -8.37275e-05 -0.0132506 -0.000244569 -0.000559169 0.0129572 -0.0568585 -0.00552484 -0.016898 -0.0160141 0.0418824 -0.00689565 -0.00709078 -0.0630928 -0.000841512 -0.0568403 -0.0387522 0.012216 0.038206 0.0424224 0.00741609 -0.00207099 0.0121115 0.0173313 0.000112247 -0.00114008 0.0483916 -0.0167084 0.0943135 0.0039669 -0.0260811 0.0132352 0.00199475 -0.00423165 0.0795284 -0.00271844 0.0217088 -0.0153657 0.0014845 0.00920064 0.039734 -0.0068935 
0.0447374 0.0515789 0.00575253 -0.0170232 -0.0107976 -0.000973103 -0.00425251 -0.0718806 -0.0410275 0.0515051 -0.00820681 -0.00107114 0.0531489 -0.0271487 -0.00508344 0.0523323 0.000971453 -0.0665123 -0.0069169 -0.041083 0.0073624 -0.0615567 0.23853 -0.00871904 -0.0139454 -0.0320086 -0.0529076 0.0401838 0.0518835 -0.00783766 -0.0512703 0.0290219 0.00329128 0.0616605 -0.000747342 -0.0103642 -0.0169173 0.00383289 0.118359 1.1712e-05 -0.0215704 -0.0381443 -0.00903804 0.0210234 -0.0022629 -0.0456377 0.0674448 0.00412636 -0.0134788 0.00144164 -0.0742285 0.0107492 -0.0104014 0.00213769 -0.033494 -0.000537103 -0.00191912 0.00481396 0.0189228 -0.0178894 0.000100736 0.000618127 -0.00740032 0.007041 0.0171352 -0.0610685 -0.0254789 0.0191276 0.0718755 0.00167747 -0.00488889 0.0339391 -0.00664537 0.040216 -0.0269669 -0.0133347 -0.0218092 -0.0338937 0.0160844 -0.00131754 -0.00762559 -0.000979037 0.00645778 -0.00560541 -0.047897 0.0675184 -0.00811198 -0.00179941 -0.0364931 -0.00120448 -0.00402592 -0.00692844 -0.0327146 0.00195098 -0.0287303 -0.00447453 -0.00907393 -0.00502323 -0.0236877 0.0254658 
-0.00880251 0.0181148 -0.0326887 0.000468554 -0.0029608 0.000955565 -0.00402887 -0.00197376 -0.023967 -0.0235029 -0.00696543 -0.00375472 -0.0581138 0.0287609 4.58585e-05 -0.0142742 -0.00213522 0.016353 0.0116654 0.00190926 -0.00138894 0.029326 -0.00871904 0.175731 0.0289767 -0.0147018 0.0117115 -0.00756005 -0.0493037 -0.00850463 -0.00477907 -0.0452958 -0.0103124 0.00984587 -0.000594732 0.000817765 0.0197643 -0.000673708 -0.00521846 -0.00134145 0.001186 0.00512581 -0.00503166 -0.00642292 0.0134019 -0.00751953 -0.0321286 -0.00896865 -0.0109449 0.00267911 -0.00632383 0.00942741 0.0195089 -0.00161901 0.00355908 3.32805e-05 -0.00169488 -0.00495695 0.0200553 0.00850211 0.0148281 0.00172917 0.00287596 0.0107666 -0.00888512 0.00392204 -0.0368722 -0.0167989 -0.0179048 -0.00310215 -0.000132061 -0.0435728 0.00426587 -0.0294462 -0.00471172 0.00208293 0.0154454 0.00812474 -0.0102526 -0.00189863 0.00027434 0.00635376 -0.00604267 -0.00236177 -0.0183621 0.0197931 0.00105169 0.00128854 0.0282773 0.03797 -0.00263144 0.00122661 0.00113331 0.000979835 -0.00526136 -0.00310364 0.00497328 -0.00487134 0.0290341 0.00906213 
0.00477403 -0.0137585 -0.00436486 0.0034389 0.00990649 -0.00161362 -0.00184327 -0.0357665 -0.00557786 0.00233344 -0.00559883 -0.00241203 -0.0284902 -0.0122529 0.0330032 0.0342371 -0.00144586 0.053413 -0.00826084 -0.0258708 -0.00158919 -0.0153551 -0.0139454 0.0289767 0.221296 -0.0103329 -0.0197639 -0.000815278 -0.0614371 -0.0162966 -0.0501964 -0.0630906 -0.000940335 0.0415876 -4.34458e-05 -0.00489614 0.0127009 -0.0062762 -0.0445629 -0.000953649 0.0315193 0.0640705 -0.00923842 1.68353e-05 0.00570038 -0.0129651 -0.00607479 0.0210664 -0.0105579 0.00281391 -0.0263166 0.0353029 -0.00483993 -0.00218794 0.0356228 0.00150728 -0.0028167 -0.00622091 0.0540689 -0.00268542 0.0301995 0.00293127 0.00649777 -0.00687163 -0.0209702 -0.0225183 -0.0337346 -0.00381458 -0.040552 0.00180077 -0.00230666 -0.00748281 0.00247457 -0.018994 -0.00983844 -0.0122515 0.00010362 -0.0173694 -0.00938938 -0.00247044 -0.00543105 -0.00210474 -0.0184441 -0.00630586 0.0211452 0.00410351 0.0452244 -0.00195888 0.0277768 -0.0132309 -0.00223773 0.0072013 -0.00571139 0.000164718 -0.0172045 -0.0175632 0.0054045 -0.00331672 -0.00646756 -0.00218866 
-0.00980239 -0.011692 0.00742083 -0.00488671 -0.000718505 0.000980143 0.000355467 0.00756266 -0.000409909 -0.000249133 0.010627 0.00151372 0.00691067 -0.00575749 -0.0149351 -0.0169331 0.00056072 -0.00473142 0.00571534 0.027067 -0.000833641 0.000498641 -0.0320086 -0.0147018 -0.0103329 0.0994849 0.00386679 0.0063586 0.0179936 -0.00168056 0.0149955 0.0129518 -0.00634436 -0.0148931 0.000525801 0.000672784 -0.0138477 -0.00352331 -0.0113116 -0.000621579 -0.00604693 0.00256161 0.0036541 -0.0020084 -0.0047579 0.0261075 -0.000790651 -0.00617435 -0.00133686 -0.000589238 0.00748223 -0.0100246 -0.00257946 4.99745e-05 0.000834886 -0.000153611 -0.00137039 -0.00168043 -0.0139676 -0.00273466 -0.001248 0.000283556 0.00336252 0.0021875 0.00461802 0.0144485 0.0267686 -0.00564828 -0.0149144 -0.00315239 -0.00106273 -0.0120686 -0.00164552 0.0041779 0.00766128 0.0106919 -0.00334383 -0.00254984 -0.00771482 0.00281466 0.000795148 -0.00119286 0.00141335 0.00147825 0.0113241 -0.0174648 -0.0155675 0.000875712 -0.00802376 -0.01899 -0.00131061 -0.00127011 -0.0115939 -0.00119684 0.00778691 0.00594039 0.00406584 -0.00193735 -0.00385637 -0.00726354 
-0.0128555 -0.0377353 0.0189714 0.0426498 -0.00582219 0.00139827 -0.000831282 0.0890459 0.0736049 -0.0547782 -0.00303428 0.00150485 -0.0673131 0.0452614 0.0197577 -0.0976089 -0.00221351 -0.028353 -0.0166003 -0.0252301 -0.00433937 0.110287 -0.0529076 0.0117115 -0.0197639 0.00386679 0.153505 -0.0409771 -0.0627289 0.0134806 0.0977099 -0.0352125 -0.0174932 -0.0489736 -0.00010427 -0.00481348 0.00846337 -0.0036439 -0.0591083 -0.00126039 -0.0154963 -0.0319578 -0.00288233 -0.00818692 -0.0101869 -0.000976181 -0.055138 0.00397422 0.00541868 -0.0015122 0.092959 -0.00734013 -0.0164006 -0.00106583 -0.0242496 -0.000684137 -0.00246512 -0.00402857 -0.0167447 -0.00213042 -0.00908621 -0.00111891 0.00107593 0.00660687 -0.0344641 -0.0125049 -0.0028591 -0.0105575 0.0149556 -0.00358669 -0.00461401 -0.0321619 0.00121627 -0.0339792 -0.0225528 0.0214883 0.0458225 0.0311565 0.00909072 -0.00157597 0.00908247 0.00307392 -0.012265 0.00159297 0.0402676 -0.0189899 0.0559687 0.00315657 -0.0273758 -0.00747468 0.00354967 -0.000302369 0.0651603 -0.00182209 0.0136573 -0.00563145 0.00086525 0.0135868 0.0235862 -0.0104602 
0.00967951 0.0501599 -0.00574513 -0.0179119 -0.00147157 0.000840422 -0.00603766 -0.0393252 -0.0424492 0.0789299 -0.00279676 -0.00308031 0.00987808 -0.0188442 -0.0348007 0.0468832 -0.000380893 -0.000125338 0.00403132 0.0299877 0.0104106 -0.0416355 0.0401838 -0.00756005 -0.000815278 0.0063586 -0.0409771 0.212229 0.0410844 -0.011059 -0.0510616 0.0466445 -0.0257297 0.049311 -0.000213062 -0.00315157 -0.0349485 -0.0094794 0.0537741 0.000196557 -0.00619016 -0.000126593 -0.0102165 0.00139423 0.000137511 0.0153329 0.0524968 0.00608436 -0.0210115 -0.00130679 -0.0461523 -0.0173576 -0.00344666 -5.49537e-05 -0.0131403 -0.000664884 -0.0027967 -0.00769428 0.00404102 0.00228051 0.00174135 -0.000964598 -0.00225916 -0.00393092 0.0291208 0.00522931 -0.0245253 0.0164007 -0.0298724 -0.00883588 -0.00868338 -0.0323703 -0.00293231 -0.00883638 -0.0181354 -0.00820262 -0.016096 -0.00301301 -0.00813925 0.0012777 -0.0070649 -0.00770898 -0.0169812 -0.0051019 -0.0112356 -0.0184942 -0.0326016 -0.00184297 0.0148852 0.0135008 -0.00465355 -0.00146817 -0.0360605 -0.00163446 0.00180363 0.000902981 -0.000718296 -0.00515821 -0.00792825 0.00799609 
0.029625 0.0341302 0.00881475 -0.0415297 -0.00326794 0.00177799 0.00820762 -0.0633567 -0.0491924 0.0855243 0.0072015 -0.00239578 0.0849012 -0.0294833 -0.0532919 0.025924 0.00150747 -0.0248726 0.0189708 0.00665268 0.00755151 -0.0801805 0.0518835 -0.0493037 -0.0614371 0.0179936 -0.0627289 0.0410844 0.238895 -0.016586 -0.0426341 0.103294 -0.0139681 0.0302494 -4.86786e-06 -0.000975372 -0.0502568 -0.000251213 0.0982695 0.00275998 -0.0285736 -0.032898 -0.00133298 0.0100173 -0.0108225 -0.00502815 0.114344 0.00870357 -0.0130467 -0.00254169 -0.0867018 -0.0307078 -0.0123129 -0.000893109 -0.0203763 -0.00135017 -0.00145537 0.00185809 -0.0198567 -0.0159063 -0.0204922 -0.00128412 -0.00620223 -0.00303359 0.0451508 -0.0143094 0.062516 -0.00438195 0.014238 -0.00697554 0.0116235 0.0140466 -0.00692776 0.0484153 0.018443 -0.00449014 -0.0227482 -0.0354607 0.0176921 0.00374825 -0.00514002 -0.00305892 0.0262071 0.00211214 -0.037322 0.00771449 -0.0565832 -0.000789798 -0.0379752 -0.0362745 -0.000968163 -0.00891221 -0.0431622 -5.88293e-05 -0.0219707 0.0149386 -0.0104154 -0.00674959 -0.0203202 0.0185406 
-0.0100642 -0.0188562 0.00690295 0.0113497 -0.00129634 0.000106229 0.00431104 0.018523 0.0310221 -0.0240333 0.00130925 0.00680426 -0.0152363 -0.00265272 0.0252451 -0.0198027 0.000111749 -0.0156861 -0.00544651 -0.0103319 0.00295833 0.0244121 -0.00783766 -0.00850463 -0.0162966 -0.00168056 0.0134806 -0.011059 -0.016586 0.0832145 0.0268615 -0.0084812 -0.00340889 -0.020934 0.000109029 -0.00044735 -0.00814408 0.000544084 -0.00955114 8.62609e-06 -0.00706655 -0.0114517 0.0051682 -0.00312793 -0.00400753 -0.00418903 -0.0177902 -0.00615715 0.0159959 0.000250465 0.0166653 -0.00409376 -0.00373162 0.000536914 -0.00725029 3.44981e-05 -0.000509251 -0.000934539 -0.00825667 -0.00356679 -0.00339871 0.000138517 -0.00155748 -0.00154045 0.002163 -0.00366158 -0.00849902 -0.00473147 0.0151921 0.00111763 -0.00277021 -0.00284687 1.80607e-05 -0.00328828 -0.0043763 -0.00117421 0.000924476 0.00765959 0.00880971 -0.000839276 -0.000832138 0.00770689 -0.00299498 0.00440786 -0.00497795 -0.00777555 0.0126125 0.000180205 -0.0113313 -0.00877644 0.0049753 -0.00160546 0.0237148 0.000960116 -0.00585263 0.00437125 -0.000256595 0.0113625 0.00520509 -0.00588773 
-0.0161591 -0.0493013 0.0330662 0.0335208 -0.00726726 0.000557023 -0.00375979 0.117539 0.071374 -0.0745953 -0.00377807 0.00338435 -0.067162 0.0402432 0.0225536 -0.113778 -0.00332515 -0.0510357 -0.0201023 -0.0400207 -0.00716411 0.124806 -0.0512703 -0.00477907 -0.0501964 0.0149955 0.0977099 -0.0510616 -0.0426341 0.0268615 0.193191 -0.0277518 -0.00199209 -0.0673827 0.000161395 -0.00571424 0.00447032 0.00813068 -0.0424193 -0.00157368 -0.0230439 -0.0506421 0.0139145 -0.0103996 -0.0141561 -0.0116244 -0.0713299 0.00135742 0.0372755 -0.00224889 0.0924591 -0.012248 -0.0225226 -0.000811295 -0.0358783 -0.000919198 -0.00166774 0.00124311 -0.0352281 -0.00172 -0.0170974 -0.0012416 -0.00182026 0.00835304 -0.035999 -0.0192611 0.0203838 -0.0171593 0.0520602 -0.00225135 -0.00146966 -0.0277092 -0.0017692 -0.0298933 -0.0235628 0.0166112 0.0358328 0.0318907 0.00846842 -0.000885565 0.0147814 0.0165749 0.0158896 0.00351423 0.02403 -0.0253074 0.0747884 0.00336842 -0.0337161 -0.0136047 -0.000214972 -0.00386231 0.0769654 -0.00252831 0.0163195 -0.010553 -0.000782081 -0.000628525 0.0244622 -0.0131265 
-0.0183331 -0.00524819 0.052535 -0.0330951 -0.00435937 -0.000919154 -0.0055143 -0.0218025 -0.0213912 0.0857007 0.011959 -0.0018407 0.102668 -0.0246568 -0.0418093 0.0211204 -0.00380067 -0.025866 0.00464746 0.0104276 0.00600299 -0.0474324 0.0290219 -0.0452958 -0.0630906 0.0129518 -0.0352125 0.0466445 0.103294 -0.0084812 -0.0277518 0.235821 -0.0212334 0.0260715 -0.000163004 0.00315456 -0.0408374 -0.00522592 0.062946 0.000796021 -0.0235355 -0.033046 0.0020378 -0.0105982 -0.0107457 -0.0103297 0.0593471 0.0247146 -0.00325031 -0.00239695 -0.0419799 -0.0326363 -0.00531201 -0.000410047 -0.0233414 -0.00157014 -0.000508157 -0.00345212 -0.0397888 -0.0102219 -0.0271031 -0.00105908 -0.001449 -0.00483117 0.0253621 -0.0303701 0.0539998 0.0151394 0.0437237 -0.00960073 0.0102737 -0.0152549 -0.00369314 0.0177936 0.020128 0.00528814 -0.0205547 -0.0259099 0.00268255 0.00379616 -0.00266897 -0.0113402 0.00720333 0.00412093 -0.0268875 -0.0269492 -0.0433363 -0.00239759 -0.0208075 -0.0218548 6.05745e-05 -0.00679144 -0.0226058 0.0012756 -0.0166687 0.00518182 -0.0129115 -0.00234602 -0.0205547 0.0165381 
0.00987533 -0.0198509 -0.0104308 -0.00931503 -0.00208561 -0.000424069 -0.00178528 -0.0164853 -0.0149599 -0.0186683 -0.00178085 -0.00149144 0.0313571 -0.009722 0.0246553 0.00840717 -0.00179636 0.0156811 0.0140569 -0.0309895 -0.00350905 -0.0241067 0.00329128 -0.0103124 -0.000940335 -0.00634436 -0.0174932 -0.0257297 -0.0139681 -0.00340889 -0.00199209 -0.0212334 0.102332 -0.01876 0.000183625 0.00151571 0.0199205 0.0104476 -0.0192687 -0.000516533 0.00896504 3.15253e-05 0.00842591 0.000638657 -0.000865084 -0.0137841 -0.0291237 -0.0108802 0.00769105 0.000820318 0.00601281 0.0235453 0.00446084 0.000995206 0.00516825 0.000540926 0.00340646 0.0143036 0.00549466 -0.0052221 0.0038463 -0.000409806 -0.00129295 -0.00478835 -0.00105181 -0.00898463 0.0187319 0.00412373 -0.00205579 0.0143493 0.0013188 0.0424974 -0.000692959 0.0237467 0.0141891 0.000243989 -0.00615224 -0.00833117 -0.0080704 -0.00143162 0.00183269 0.00140176 0.0197791 0.00467459 -0.0134444 -0.00498107 -0.00556593 -0.000137607 -0.00420635 -0.00984491 -0.000264807 0.00247583 -0.00831766 -0.000787411 -0.00568133 -0.00305987 -0.00389305 -0.00281799 -0.00537444 -0.0065525 
-0.00374795 0.0829535 -0.0145697 -0.0169846 0.00495012 -0.0015148 -0.0125712 -0.0477596 -0.0397988 0.068939 -0.00825702 -0.00530659 0.0135506 -0.0306796 0.00440791 0.0645738 -0.00134967 -0.0011337 -0.0132274 -0.0208209 0.00292584 -0.0491961 0.0616605 0.00984587 0.0415876 -0.0148931 -0.0489736 0.049311 0.0302494 -0.020934 -0.0673827 0.0260715 -0.01876 0.236609 -0.000892339 -0.0105167 -0.023456 -0.00939794 0.0801241 -0.000306251 -0.0128508 0.0101431 -0.00931532 0.00371548 -0.00554103 -0.0365345 0.0822614 0.028373 -0.0250083 0.00250453 -0.0742531 0.0237475 0.0158538 -0.00181812 0.0113494 -0.000659793 -0.00397234 -0.00956052 0.0635286 -0.0145275 0.0105209 0.00316178 -0.00679915 0.00753777 0.00153123 -0.0355722 -0.0371427 -0.0234499 -0.022636 -0.00510072 -0.00365054 -0.00445698 -0.00539599 -0.0204315 -0.0378628 -0.0190098 -0.0197786 -0.0260845 -0.00615923 0.00106937 -0.00840415 -0.0135755 -0.00876922 -0.00757911 -0.0145724 0.0176488 0.00226419 -0.00353039 -0.0162745 0.0350205 -0.00503207 0.00275511 -0.03488 0.0015826 -0.0226015 -0.0107056 -0.00921951 -0.00751823 -0.0213257 0.0316611 
2.48749e-05 -0.0006118 -0.000425971 -0.000439235 2.40271e-05 1.20687e-05 0.000306905 9.48451e-05 9.49185e-05 -0.000955468 0.000247089 -3.78698e-05 0.000255277 -0.000303914 0.000379346 -0.000552743 -1.77609e-06 8.74491e-05 0.00127651 -0.000656286 -3.16612e-05 -0.000214972 -0.000747342 -0.000594732 -4.34458e-05 0.000525801 -0.00010427 -0.000213062 -4.86786e-06 0.000109029 0.000161395 -0.000163004 0.000183625 -0.000892339 0.00417288 -3.58803e-06 -0.000271352 -7.59626e-05 -0.00147111 1.43294e-05 0.000300417 0.000569 0.000207079 -0.000158004 0.000573592 0.000222721 -0.000950379 0.000322539 6.68123e-05 3.77151e-05 0.000593865 6.57846e-05 -0.000175307 -3.36542e-05 0.000185693 -3.47362e-06 -2.07574e-05 0.000137288 0.000154479 0.00024865 -0.000209287 1.94002e-05 -2.79647e-05 -0.000129473 0.000313342 0.000204492 1.72992e-05 0.000304617 -0.000767182 -7.03444e-06 7.92738e-05 -0.000954552 4.30737e-05 0.000134154 0.000400793 0.00014365 -0.000206464 1.80828e-05 -0.000300018 3.051e-05 8.03691e-05 -5.14503e-05 0.00060841 3.54926e-05 -2.84468e-05 -0.000709775 -0.000686279 9.02665e-05 0.00020413 -0.000358321 0.000104408 -5.4737e-05 -0.000127701 4.08903e-05 -8.62259e-05 0.00036865 0.000154304 1.74635e-06 -1.94918e-05 -0.000170606 
