0.0416473 -0.00024661 0.000195415 -0.00550448 -0.000829775 0.00566003 0.0114595 -0.00241877 -0.0089324 -0.00161963 0.00235514 -0.00117498 -7.85011e-05 0.0109248 0.00531346 -0.00540829 -0.012735 -0.0060432 0.000101451 -0.00112045 -0.0139117 -0.00105911 0.00755619 -0.00129037 0.0117257 -0.00280697 0.000625987 -0.00337076 -0.00128764 -0.00156229 0.000110075 -0.000632611 0.0155145 -0.00198563 0.00149972 -0.000617433 0.0115724 0.00223772 2.31559e-05 -0.00703105 -0.00229159 -0.00265968 0.00103174 0.000104352 0.000477306 -0.00442437 0.0062566 -0.00595855 -0.00129035 -0.00913841 -0.00205563 0.000305779 0.0108948 0.00105202 0.0229666 -0.00426915 0.00145505 -0.000336434 0.00010631 -0.00317674 -0.00715068 0.00296851 0.00113161 -0.00719767 0.000827543 0.00112726 0.00104738 0.0047102 -2.02704e-06 -0.000391934 -0.00505755 0.000586972 -0.00152468 -0.00970137 -0.00306846 -0.00295224 0.000439859 0.000653613 2.88619e-05 -0.00475384 -0.00142844 -0.00148245 -0.00187565 0.00192526 -0.00397042 -0.000133563 -0.00103055 -0.00811757 -0.00276422 -0.0030667 0.0136979 -0.0124871 -0.000663551 -0.000167607 2.2177e-05 -0.00108784 0.000436453 0.000341399 -0.00574136 -3.20211e-05 
-0.00024661 0.0215101 -0.00017841 -0.00702869 0.000547459 -0.000207228 0.000664011 0.000507587 -0.00500385 0.00159716 -0.00198384 -0.00116616 -0.000121236 0.00663175 -0.00182661 -0.000308198 -0.00880761 -0.00986316 -0.00443391 -0.00166566 0.00376536 0.0028862 -0.00157218 0.00562993 -0.00318727 -0.00799502 0.00038439 -0.000314146 0.00176389 -0.000667608 4.38426e-06 -0.00260433 -0.00345658 0.00232478 -0.00545913 -0.00011938 0.00117208 0.00417884 -4.95915e-05 -0.00154416 -0.000614651 -0.000633445 0.00574482 -5.91752e-05 -0.00158074 -0.00109668 0.000142997 0.00523385 -0.000995215 -0.0069725 2.39903e-05 -0.000170424 -0.000169225 -0.0005019 -0.00213422 0.0109948 0.00214008 -0.000203021 0.000347184 0.00360964 0.0107694 -0.0101168 -0.000869126 0.00714071 0.00012842 0.00071428 -0.00164376 -0.00226665 -0.000111036 0.00103217 0.0030418 0.000244205 -0.00046102 -0.00738254 0.000689592 -0.000393371 -0.000201695 7.77461e-05 -1.88041e-05 -0.00227191 -0.000565536 -0.000952832 -0.00144934 0.000384536 0.00426654 -8.48527e-05 0.000991141 0.00838735 -0.00245985 -0.00148657 -0.00175086 -0.00460815 -0.000441937 -6.86645e-05 0.000343054 0.00417736 -5.77029e-05 7.37203e-05 0.00019242 0.000145008 
0.000195415 -0.00017841 0.0120746 -0.000190628 0.000629482 -0.000119696 -0.000513731 0.00110274 -0.000491062 0.00254869 0.00197689 -0.0008848 0.000591327 0.000874772 -0.00373258 0.00232169 -0.00290634 -0.0029683 -0.000291138 0.00593096 -0.00235803 0.000361207 -0.000409147 2.73375e-05 -0.00117859 0.00147333 0.000848641 -0.000842508 0.00413998 -0.000313792 6.25641e-05 0.00020369 -0.00115598 0.000802062 -0.00182274 0.000504869 -0.00219966 -0.00298171 5.89696e-05 -0.00157311 4.23082e-05 -0.000491431 0.000273921 -3.95604e-05 0.00229799 -0.00110168 0.000794105 -0.00234258 -0.000319742 -0.00168231 0.000546514 -8.50551e-05 -0.00118765 4.37909e-05 -0.00030234 -0.0010131 -0.000472778 -2.00425e-05 -0.000125359 -0.000691378 -0.00306576 -0.00216235 0.000448731 -0.000980799 -2.05806e-05 0.000281058 9.39808e-06 -0.00123801 0.000103923 0.00173082 0.00218731 0.00064319 -0.000120785 -0.00198959 -0.000699133 -0.000197502 0.00011074 5.26251e-05 -1.32602e-06 -0.000882175 0.000190109 0.000105792 0.00122767 1.59925e-05 -0.000429341 -2.63922e-05 -1.33487e-05 -0.000980159 0.00152962 0.0015246 0.000122626 -0.00202388 0.00220006 -5.3163e-05 4.46508e-06 -0.00029818 9.94261e-05 -9.73731e-05 -0.00105128 2.07202e-06 
-0.00550448 -0.00702869 -0.000190628 0.249967 0.000226807 -0.00663399 -0.00703999 -0.02074 0.117115 0.0216142 0.0089117 -0.00782001 -0.00387824 -0.0888722 0.0283524 -0.001848 0.0578069 0.0937626 0.00579955 0.011977 0.0647883 -0.0337775 -0.00518019 -0.0213251 0.00894714 0.0936593 -0.00337476 0.0139868 -0.0499237 0.00398183 -0.000375407 0.0305607 0.0399217 -0.0386312 0.0425678 -0.00145752 -0.00447633 -0.11426 0.0002435 0.0245234 -0.0349084 -0.025132 -0.0145953 -0.00252374 -0.00421361 0.0605859 0.00451761 -0.0622952 0.0177866 0.0413202 -0.0118232 0.00144115 -0.00729446 -0.0086558 -0.058748 -0.0553327 -0.0358209 0.0059452 -0.00234906 -0.033719 -0.10217 0.0228762 -0.00691004 -0.0461154 -0.0219372 -0.00344339 0.00362198 -0.0486956 0.000456073 -0.00135339 -0.0404356 -0.00405798 0.0150504 0.0547589 -0.0411652 -0.00315842 -0.00598907 0.00613971 0.000580419 -0.0206652 0.00683275 0.0168918 -0.0028855 -0.0177292 -0.0444523 -0.0116194 -0.0261268 -0.0350334 0.031188 -0.0273096 0.0128856 0.088237 -0.0112013 -0.000469924 -0.0131431 -0.0495699 0.00133521 -0.000129579 0.0529727 0.00137892 
-0.000829775 0.000547459 0.000629482 0.000226807 0.0220979 -8.16262e-06 -0.00151984 -0.000451917 0.000508846 0.00248527 -0.00166943 -0.00111124 -0.000479658 0.00254689 -0.00634437 0.00102474 -0.00200357 -0.00632819 -0.00386971 0.000184395 0.00237026 -0.000618734 -0.0011237 -4.20416e-05 0.00185131 0.00293095 0.000226613 0.000841341 0.00215853 -0.000135384 -1.44166e-05 -0.000917374 -0.000517628 0.00110134 -0.00463431 -0.000210019 -0.00188235 -0.00619031 -3.32364e-05 -0.0016418 0.000155872 0.00454097 -0.000332511 -0.000141873 -0.00167263 0.00285136 0.000928709 -0.0015225 -0.000241947 -0.00456071 -0.000842601 0.000260279 -0.000898405 6.70381e-05 -0.00343727 0.00818917 0.000389388 0.000314028 -0.000211822 -4.63291e-05 0.00564464 -0.00680992 -0.000932751 0.00730926 0.00219739 -9.66195e-05 -0.00117348 -0.00268804 9.08248e-05 0.000105502 -0.000647124 0.00116152 -0.000479157 -0.00610654 0.0036153 0.00139936 -0.000323331 -0.00118048 0.000159216 -0.00192144 -0.000382253 -0.000289774 -0.000263187 -0.000191585 -0.00023888 0.000158135 0.00124863 0.00224609 -0.00155959 -0.0011853 -0.00199801 -0.00175205 0.00257007 -2.98482e-05 7.86975e-05 -0.00209578 0.000106663 0.000403398 0.000786603 0.000120638 
0.00566003 -0.000207228 -0.000119696 -0.00663399 -8.16262e-06 0.0434378 0.00675688 -0.00243613 -0.00633386 -0.00167707 -0.00279899 -0.00378002 -1.38919e-05 0.00221972 -0.00264963 -0.00506598 -0.00396484 -0.0034612 0.00111878 -0.000827379 -0.010596 -0.00162153 0.00994431 -0.000839458 0.017578 -0.0065173 0.00135771 -0.00352192 -0.00276598 0.00448118 -5.27446e-05 -0.00379699 0.0127287 -0.000848992 -0.00707912 0.00116679 0.0032915 -0.00480383 0.000180309 0.00419919 -0.00348235 -0.000760773 0.00172187 -0.000123341 -0.00338834 -0.00170289 0.00130584 -0.00323404 0.00531052 -0.0104334 -0.00424359 -0.000179997 0.00398002 0.000912058 0.00441249 -0.00389208 0.00247269 0.00199239 0.00280965 -0.00235967 -0.00454672 -0.0100244 -0.00199425 -0.0010184 -0.000598399 -6.0546e-05 0.00812278 0.00992698 0.000365432 -0.000350924 -0.00423819 0.000355349 0.00337952 -0.0079942 -0.00200001 -0.00189276 -5.24259e-05 0.00329582 0.000237776 -0.000602243 0.00142888 -0.0017793 -0.00177794 0.000733838 -0.0024617 -0.000995645 -0.00093873 0.000142729 0.00303225 -0.00106199 -0.000621412 -0.00638047 -0.00140938 0.00042258 0.000362671 0.0029228 2.00572e-05 -6.14126e-05 -0.00450811 -0.000196069 
0.0114595 0.000664011 -0.000513731 -0.00703999 -0.00151984 0.00675688 0.0745788 -0.00342247 -0.0124982 0.00641577 0.00254618 -0.00267719 0.00127741 0.00269995 0.00842599 -0.00573363 -0.00986846 -0.00174828 -0.00555391 0.00123281 -0.0107353 -0.00600434 0.0060002 -0.00178286 0.0115839 -0.0228304 0.000387019 -0.00264479 -0.00274009 0.000148944 -2.41003e-05 -0.00137948 0.00711701 -0.00459706 -0.00856998 -0.000793346 0.0154864 0.0114707 0.000251456 -0.00744151 -0.0019906 -0.00503398 0.00119473 -0.000147552 0.00178597 -0.00328072 0.00296338 -0.00690985 0.00266697 -0.0102409 -0.00343065 0.000186521 0.00761367 0.00268177 0.0164666 -0.00445552 0.00396916 -0.000833854 0.000670915 -0.0018592 -0.00129221 -0.00205314 0.00621142 -0.00727417 -0.00128353 0.000229479 0.0062444 0.00872435 0.00116055 -0.000879834 -0.0047531 0.000342764 -0.00157585 -0.00947778 -0.00139115 -0.0043934 -0.000403725 0.0051053 -4.15938e-05 -0.00585412 -0.00148854 -0.00219758 -0.00244084 -0.00214771 -0.00322511 -0.000995501 -0.00121251 -0.0111187 -0.00272159 9.41298e-05 0.00494438 -0.0101601 -0.00233676 6.58605e-05 -0.00127633 0.00598743 -0.000211232 0.00168451 -0.00887782 -0.000111407 
-0.00241877 0.000507587 0.00110274 -0.02074 -0.000451917 -0.00243613 -0.00342247 0.0922092 -0.0100787 -0.00381478 0.000714117 0.00653045 -0.00030005 0.0120914 -0.00213326 0.000401107 -0.0313429 -0.00135796 -0.0046507 0.00256564 -0.00750547 0.00441995 0.0042496 -0.00220551 -0.00938124 -0.0104503 0.000715189 -0.000891048 0.0132177 -0.0052404 -0.000289297 0.0027661 -0.0124188 0.00548107 0.00706216 -0.00148626 0.00234389 -1.8036e-05 -6.41986e-05 -0.00552455 0.0050601 -0.000591058 -0.00263115 3.51188e-05 0.009261 -0.00445741 -0.00395902 -0.0176865 -0.00322256 0.00241941 -0.00318696 -0.000566863 -0.011039 -0.00137796 0.0224668 0.00253139 0.00200918 -0.00243298 -0.000709693 -0.0088672 0.0063775 -0.0148344 0.00243219 0.00661563 -0.00121119 -1.3183e-05 0.00681429 -0.007313 -0.000202937 0.00124099 0.0247973 -0.000973629 -0.00524067 -0.0172779 -0.00375115 0.0082667 0.0025795 -0.00052015 -0.000259469 -0.00568663 -0.00248011 -0.00326699 -0.000583239 0.000254823 0.00263503 0.00655898 0.00315825 0.0098111 -0.0101823 0.00580805 -0.00794789 -0.00372505 0.00264424 -0.00038416 -0.00372749 -0.00533429 -0.00034538 -0.000687199 0.0053405 -0.000196362 
-0.0089324 -0.00500385 -0.000491062 0.117115 0.000508846 -0.00633386 -0.0124982 -0.0100787 0.203964 0.0123567 -0.00172848 -0.00941595 -0.00715264 -0.0713208 0.0505075 -0.0168685 0.0653317 0.0721633 -0.0243383 0.00136792 0.076519 -0.0268734 -0.0232475 -0.01296 -0.0212482 0.071867 -0.00229948 0.00428225 -0.037665 0.00705696 -4.58203e-05 0.00965464 0.0114542 -0.0262771 0.0113289 0.00101781 -0.00336809 -0.0531087 0.000324752 0.0532774 -0.0209955 -0.0131154 -0.00960078 -0.00209355 -0.0118426 0.0368056 -0.00645299 -0.0544088 0.0112927 -0.000855291 -0.0320837 0.00069462 -0.0124437 -0.00764477 -0.0530577 -0.0427548 -0.0240978 0.0061338 -0.00237461 -0.0244617 -0.0614927 0.0338271 -0.00667752 -0.0311019 -0.0135008 -0.00233747 -0.0086775 -0.0320935 0.0010514 -0.00267737 -0.0316501 -0.00486919 0.0199464 0.072612 -0.0315949 -0.0139873 -0.0040899 0.0104367 0.000571856 -0.00627027 0.00792196 0.0151264 -0.0148681 -0.00953769 -0.0301868 -0.00632589 -0.0144551 -0.0404917 0.0185624 -0.0138297 -0.020787 0.105688 -0.0114895 -0.000440768 -0.00866767 -0.0279456 -0.000639099 -0.000606555 0.0392912 0.000771913 
-0.00161963 0.00159716 0.00254869 0.0216142 0.00248527 -0.00167707 0.00641577 -0.00381478 0.0123567 0.0849005 -0.00533517 -0.0049411 0.00337088 -0.00951831 -0.00398376 0.000998769 -0.018466 -0.00124993 -0.00718968 0.00827855 0.0136076 -0.00701407 -0.00155072 -0.000862218 0.00197032 0.0126547 0.00179084 -0.00366011 0.0108772 0.016172 -1.13668e-05 -0.00364289 -0.00750735 0.00154041 0.00303047 0.00149594 0.0294862 -0.0276021 0.000109284 -0.0100992 -0.00618143 -0.0020121 -0.00226013 0.000277813 0.0053578 0.012497 0.00745394 -0.0231873 0.00311573 -0.00969303 0.00410323 -1.49689e-05 -0.00623226 -0.000815306 -0.0157759 -0.00200957 -0.00197342 0.000612307 -0.000726232 -0.0132251 -0.0107575 -0.0264725 -0.00195297 -0.000226869 -0.00267478 0.00036224 -0.00312709 -0.0117029 0.00112358 0.00249011 -0.00649223 0.0061519 0.00569905 -0.0143886 0.000633 0.000600766 -0.000699952 0.00328497 0.000579158 -0.00982534 8.0777e-05 -0.000219211 0.00197516 0.00623802 -0.0084889 -0.000445874 -0.00387771 -0.00392293 0.000209169 -0.00427485 0.00627979 0.00108816 0.000180566 -0.000336 -0.00159249 -0.0087149 0.000337552 0.000198412 0.0149268 0.000887302 
0.00235514 -0.00198384 0.00197689 0.0089117 -0.00166943 -0.00279899 0.00254618 0.000714117 -0.00172848 -0.00533517 0.0952055 0.004739 -0.000569227 0.00226429 0.00496411 0.000491427 -0.0140634 0.00580654 -0.00106239 -0.00216663 -0.00585002 0.00416443 0.0015674 -0.00452546 -0.0154268 0.00293555 -0.000400012 0.000643133 0.00650467 0.00096549 -0.000141363 0.0147157 -0.00559472 -0.00552616 0.00579712 -0.00101279 0.0109242 -0.00971323 0.000364608 0.0121295 -0.000854112 -0.0019372 -0.00218879 0.00119561 0.00842717 -0.00906189 0.00452665 -0.0167697 -0.00282073 -0.00237946 -0.00691578 0.000366212 -0.00466445 -0.00017322 0.0223939 -0.015017 -0.00581048 0.00107278 -0.000653879 -0.00471555 -0.0194629 0.0155097 0.00931583 -0.00793329 -0.00382609 0.00108035 9.89623e-06 -0.00129923 -0.000213839 0.000760442 0.00285308 7.86737e-05 -0.00510561 -0.00288349 -0.0125519 -0.00153975 0.000167872 -0.00414279 -7.73474e-05 -0.00667022 -0.00172775 -0.00303535 0.0022116 -0.00157433 -0.00286828 0.000244597 -0.00331849 -0.0146316 -0.00457238 -0.00262705 0.0119397 -0.0104092 -0.00135206 -0.000334525 -0.00379588 -0.00529076 0.000881082 -0.000338866 0.00180835 -0.000416859 
-0.00117498 -0.00116616 -0.0008848 -0.00782001 -0.00111124 -0.00378002 -0.00267719 0.00653045 -0.00941595 -0.0049411 0.004739 0.0892046 0.000318544 -0.0114518 -0.0224596 -0.000963279 -0.0133253 -0.00916906 0.018433 -0.002228 -0.0036363 -0.00327253 0.00634257 -0.00217852 -0.0232911 -0.012045 -0.000639186 -0.00514151 -0.00646968 -0.00734947 -0.00010836 -0.00150903 -0.0157427 -0.00300653 0.0299284 -0.000842453 0.0066588 0.00827436 -0.000107514 -0.00680345 -0.0078372 -0.00618166 -0.00144165 0.00126369 0.0115107 0.0150854 -0.00773447 0.00453849 -0.00316899 0.0342532 0.0164011 -0.000646518 -0.00941798 0.000397099 1.14639e-05 -0.010743 -0.00515667 -0.0021061 -0.00153873 -0.00680927 -0.015139 0.0198854 0.00365779 -0.0103912 -0.0019821 0.00115881 -0.00323527 -0.00683688 -0.000377874 -0.000507941 -0.0110506 -0.000478069 -0.00547469 0.00672358 -0.00677803 0.0249832 0.00325548 -0.006076 -0.00020953 0.0106116 -0.000206969 0.00254892 0.0110775 -0.000152071 -0.00585291 -0.000568487 -0.00199896 -0.0025168 -0.00587682 0.00838652 0.0155369 -0.0107768 -0.00104052 -0.000236725 -0.00427842 0.00235922 -0.000185651 -0.000659666 -0.0128203 -0.000873299 
-7.85011e-05 -0.000121236 0.000591327 -0.00387824 -0.000479658 -1.38919e-05 0.00127741 -0.00030005 -0.00715264 0.00337088 -0.000569227 0.000318544 0.0350071 0.00118233 -0.00258123 0.00224876 -0.00651293 -0.00609854 0.00570264 0.000722138 -0.00538595 0.00110713 0.00332719 0.00172251 0.00234091 -0.00852549 4.34834e-05 -7.0874e-05 0.00353259 -0.000263517 -3.22692e-05 -0.00336319 -0.00409362 0.00228066 0.000905896 9.61224e-05 0.000122086 0.00101227 -4.8294e-05 -0.00601086 0.00513007 -0.00114865 -0.000346686 0.000103216 0.00566549 -0.000572879 -0.0021053 -0.00233054 -0.00158899 0.00319806 0.00468188 -0.000314947 0.00159408 0.000156376 0.0024838 0.000296319 0.00845031 -3.80711e-05 -0.000347621 -0.00302153 -0.00163091 -0.00622403 -0.00134175 -0.00181213 -0.000920868 0.000278572 -0.00111634 -0.000804189 0.000116545 0.00144745 0.00326357 -0.000591857 -0.00167625 -0.00947294 -0.00122088 -6.35697e-05 0.00176518 -0.00115805 8.39755e-05 -0.00178058 -0.00108234 -0.000236964 0.000279789 0.00122246 0.000887672 0.00149216 0.00246096 -0.00333026 -0.000826736 0.00158325 0.000202772 -0.0058346 0.000253489 -4.04487e-06 -0.000353875 -0.000216833 0.000237654 0.000241157 -0.00599961 0.000606887 
0.0109248 0.00663175 0.000874772 -0.0888722 0.00254689 0.00221972 0.00269995 0.0120914 -0.0713208 -0.00951831 0.00226429 -0.0114518 0.00118233 0.248267 0.000196978 0.0188484 -0.12007 -0.0600213 -0.0821014 -0.0299456 -0.0358556 0.0231823 -0.0134846 0.00716783 0.0323223 -0.0417203 0.000664337 -0.00730507 0.0436339 -0.0109274 -0.000240302 -0.0285645 0.00408588 0.0252197 -0.0292843 -0.00532529 0.029243 0.0450117 -0.00133967 -0.00355373 0.0303347 0.0231555 0.00280123 -0.00129984 -0.0129982 -0.0170358 0.00629465 0.0527866 -0.00731988 -0.0730451 -0.00423739 -0.0020621 0.0259163 0.00414082 0.0540414 0.0694642 0.0350076 -0.00701527 -0.00130695 0.0129193 0.0886899 -0.0589135 -0.00219835 0.0340659 0.0126723 -0.000445758 -0.00852726 0.00545517 -0.00111749 0.000369802 0.0561188 0.00500339 -0.0182228 -0.128163 0.0242417 -0.00685032 -0.0045883 -0.00976252 -0.0007519 -0.0556527 -0.0121384 -0.0243315 0.0185227 0.026382 0.0430694 0.00702449 0.0200782 0.0588045 -0.0491159 -0.0316893 0.0330695 -0.119067 0.00506373 -0.0017059 0.00884015 0.0093985 6.36133e-05 -0.000885867 0.0182056 6.88553e-05 
0.00531346 -0.00182661 -0.00373258 0.0283524 -0.00634437 -0.00264963 0.00842599 -0.00213326 0.0505075 -0.00398376 0.00496411 -0.0224596 -0.00258123 0.000196978 0.233092 0.0170448 0.0208288 0.0207419 -0.035943 -0.0271018 0.0306408 0.0288242 -0.0257534 -0.0118373 -0.0282657 0.0111 -0.00116141 0.00847373 -0.00880616 -0.0018748 -0.000829832 -0.00588655 0.0042725 -0.0221423 -0.0015157 -0.00437889 0.0428743 0.00351614 -0.000161595 0.051637 0.025185 -0.026947 -0.015621 -0.00150405 0.0010208 0.00692417 -0.0136214 -0.0595626 -0.0052662 -0.037253 -0.038803 -0.000474156 0.00314724 -0.00113857 0.0311095 0.00279205 -0.00517701 0.00735473 0.00293411 -0.0478085 0.00340004 0.0413656 0.000187394 -0.00866763 -0.0258966 -0.00490342 -0.0184052 -0.0057423 -0.000280616 -0.00659126 0.000549205 -0.000891377 -0.00875563 0.0117255 -0.046939 -0.0295168 0.00063884 0.00437228 -0.000454067 -0.0198108 -0.00204641 -0.0145036 -0.0191674 0.000842275 0.0248747 -0.00446415 3.22098e-05 -0.0203935 -0.0335535 -0.0278576 0.0019907 0.069916 0.000614039 -0.000496373 -0.0198375 -0.0243131 -0.000647111 -0.00187882 0.00832612 0.000450498 
-0.00540829 -0.000308198 0.00232169 -0.001848 0.00102474 -0.00506598 -0.00573363 0.000401107 -0.0168685 0.000998769 0.000491427 -0.000963279 0.00224876 0.0188484 0.0170448 0.168979 -0.0251451 -0.00650391 -0.00390114 0.00829707 -0.019561 0.0358037 -0.00737878 0.00338898 -0.0282885 -0.020401 0.00132221 0.0114684 0.00370393 -0.00691304 -4.50881e-05 -0.0148723 -0.0192296 0.0182072 0.00407551 -0.00276653 -0.0440328 -0.0147481 -0.000457603 0.0119669 0.0238122 -0.0121738 -0.00611315 5.50624e-05 0.0212992 -0.00238184 -0.0071297 -0.0123462 -0.00508209 0.00584063 0.0213907 -0.00102017 -0.0169648 0.00575188 -0.0205064 0.00330247 -0.00024831 -0.000590357 -0.00207103 -0.0175449 0.00729186 -0.0117387 9.13065e-05 0.00149203 -0.00868312 -0.00053261 -0.010415 -0.0172734 0.000267847 0.00563578 0.0165179 0.0028492 -0.00955258 -0.0326481 -0.00163667 -0.0114397 0.00275163 -0.0132181 -0.000172251 -0.00414293 -0.00524393 -0.00451881 0.0189156 -0.00153535 0.0220946 -0.00299285 0.0104684 0.032373 -0.00614984 -0.00517724 0.0266635 -0.0273359 0.0225406 9.59061e-05 -0.00860996 -0.00116818 -0.000813402 -0.00120988 -0.0218217 0.000549181 
-0.012735 -0.00880761 -0.00290634 0.0578069 -0.00200357 -0.00396484 -0.00986846 -0.0313429 0.0653317 -0.018466 -0.0140634 -0.0133253 -0.00651293 -0.12007 0.0208288 -0.0251451 0.249719 0.0727056 0.0416074 0.0192798 0.00896454 -0.030459 -0.0141942 -0.0140515 0.0129526 0.0552472 -0.00400204 0.00267709 -0.0478068 -0.00831348 0.000138982 0.0067128 0.0290592 -0.0351841 -0.0111121 -0.00169929 -0.0463418 0.00763895 1.55747e-05 0.006334 -0.0308058 -0.0181012 -0.00650056 -0.00266664 -0.0143971 -0.0039526 -0.00769357 -0.00178771 -0.00416039 0.0504136 -0.0181853 0.0016213 0.0040782 -0.00912732 -0.0484262 -0.058513 -0.0419178 0.00438468 -0.00383967 0.00786156 -0.0600448 0.0940547 -0.00485114 -0.0423692 -0.015156 -0.00171793 0.00182232 0.0242966 -0.000665931 -0.00520789 -0.0613003 -0.00645017 0.00842583 0.124699 -0.00967708 -0.0154771 -0.00259685 0.00195632 8.99579e-05 0.0461461 0.0104664 0.016611 -0.0211762 -0.0142405 -0.045236 -0.00868046 -0.0217558 -0.0660087 0.0378917 0.0197309 -0.0483405 0.101481 -0.00617973 0.0013143 0.00514056 0.00591256 -0.00130675 0.00161885 -0.0155232 -0.000624641 
-0.0060432 -0.00986316 -0.0029683 0.0937626 -0.00632819 -0.0034612 -0.00174828 -0.00135796 0.0721633 -0.00124993 0.00580654 -0.00916906 -0.00609854 -0.0600213 0.0207419 -0.00650391 0.0727056 0.244711 -0.00395411 0.00858882 -0.00918575 -0.0273216 -0.00100927 -0.0249878 -0.00129482 0.0630613 -0.00461277 0.00466213 -0.0656634 -0.0109712 -0.00120452 0.0243901 0.0210973 -0.0252828 0.0625746 -0.00492611 -0.0348733 -0.0519118 5.07456e-05 0.00025448 -0.0353274 -0.0279378 -0.0107268 -0.00207383 0.000605766 0.0265986 -0.0161476 -0.0331846 0.00986354 0.0493542 -0.0215955 0.00157171 -0.0245087 -0.00137877 -0.0226568 -0.086339 -0.036603 -0.00482611 -0.00505867 0.000531036 -0.0904749 0.0858611 0.00695456 -0.0593132 -0.0226833 -0.00419135 0.0264282 -0.000606732 0.000369783 -0.00291945 -0.0417452 -0.00962609 0.00619359 0.0842153 -0.0313516 -0.00617318 -0.00663801 -0.00396134 -0.000500217 0.0134139 0.00428077 0.00722216 0.00385874 -0.0122399 -0.0415024 -0.00812294 -0.0210578 -0.034035 0.0343398 0.00103792 0.0119715 0.0532683 -0.0202225 0.000562855 -0.00229897 -0.0160105 -0.00109199 -0.000152255 0.0240839 0.000137802 
0.000101451 -0.00443391 -0.000291138 0.00579955 -0.00386971 0.00111878 -0.00555391 -0.0046507 -0.0243383 -0.00718968 -0.00106239 0.018433 0.00570264 -0.0821014 -0.035943 -0.00390114 0.0416074 -0.00395411 0.180683 0.0321467 -0.0473532 -0.0048262 0.0295919 0.00288137 -0.0134195 0.00573693 -0.000922845 -0.00966231 -0.0255578 -0.00553168 0.000354042 0.0170469 0.00193187 -0.00431427 0.0202283 -0.000760446 -0.0285258 0.0087003 -0.000602442 -0.048471 -0.0147285 -0.0137597 0.00112998 0.00274901 0.0194997 -0.0119516 -0.0127023 -0.00484052 -0.00125081 0.0712769 0.0334005 -0.000307213 -0.00819289 -0.000645064 0.0035309 -0.0375018 -0.0179172 -0.000142018 -0.00182107 -0.00394381 -0.0498545 0.0387805 0.0036396 -0.0301809 -0.0024223 0.00233602 0.00330206 0.0160059 0.000333902 0.000713824 -0.0322944 -0.00010374 -0.00741495 0.0560191 -0.00650622 0.0118601 0.00818624 -0.00943668 -0.000135269 0.0549556 0.00212148 0.0122483 -0.00932604 -0.0072939 -0.0258898 -0.00446117 -0.0076262 -0.0469648 0.0280884 0.0358261 -0.00785086 0.00844828 0.00234916 0.000833635 -0.00433427 0.00431196 -0.000414452 -0.00101231 -0.0434116 -0.000134859 
-0.00112045 -0.00166566 0.00593096 0.011977 0.000184395 -0.000827379 0.00123281 0.00256564 0.00136792 0.00827855 -0.00216663 -0.002228 0.000722138 -0.0299456 -0.0271018 0.00829707 0.0192798 0.00858882 0.0321467 0.0974479 -0.0187975 -0.0104225 0.0126463 -0.00278451 -0.00822029 0.0176406 0.000258031 -0.00852534 0.00130703 -0.00439314 -3.35477e-05 -0.0076858 -0.00876751 -0.000597637 0.00195899 -8.51366e-05 -0.012055 -0.01341 3.34448e-05 -0.0144431 -0.00804965 -0.0071066 -0.00236405 3.72318e-05 0.00756344 -0.0124264 0.00145741 -0.0208998 0.00227511 0.0185459 0.0153197 -1.90902e-05 -0.0107234 -0.0011011 -0.0107839 -0.0143815 -0.00811529 -0.000695519 -0.00239813 -0.0136817 -0.0237445 -0.00324663 -0.000776495 -0.00920065 -0.00490712 0.0010803 0.0128579 -0.00248793 -0.00018546 0.00315049 0.00142819 -0.000234855 -0.0037983 0.0244695 -0.00746237 -0.00410879 -0.000176472 -0.00399369 3.12335e-05 0.0142827 0.00403826 0.00807042 0.000945976 -0.00149979 -0.00979907 -0.000465147 -0.00343163 -0.0144141 0.0166237 0.0217202 -0.00237706 0.00636973 0.00454101 -0.000355109 -0.00487011 0.00230465 -0.000176908 -0.00035472 -0.00896052 7.28049e-05 
-0.0139117 0.00376536 -0.00235803 0.0647883 0.00237026 -0.010596 -0.0107353 -0.00750547 0.076519 0.0136076 -0.00585002 -0.0036363 -0.00538595 -0.0358556 0.0306408 -0.019561 0.00896454 -0.00918575 -0.0473532 -0.0187975 0.242053 -0.0118236 -0.0290531 -0.0093727 -0.0391127 0.018541 -0.00213496 0.021694 0.00550801 0.0106025 6.9993e-05 0.00104064 -0.0273047 -0.0197435 0.000294036 0.00607309 0.0281801 -0.0408375 0.00146661 0.0668499 -0.000847422 0.00433706 -0.0075355 -0.00178989 -0.00895743 0.0231049 0.0102735 -0.0122096 0.00366699 -0.0322522 -0.0374423 0.00133112 -0.00972395 -0.00531968 -0.0665626 0.017642 -0.00540109 0.00597893 0.000562138 -0.0303908 0.0131045 -0.0348929 -0.00142211 0.0133576 -0.00114588 -0.00167656 -0.0185744 -0.0420732 -6.31511e-05 -0.00387522 0.0025796 -0.00590586 0.0147151 0.0153432 -0.00682799 0.0162754 -0.00389733 0.00263675 0.000236555 -0.0280496 0.00548576 0.000991635 -0.0138309 -0.0211478 0.0124787 -0.00449659 -0.0111633 -0.00879599 -0.00590484 -0.0208942 -0.0292397 0.0760481 -0.0060539 -0.00137851 -0.0088537 -0.0313991 -0.000197959 -0.000131301 0.0560542 0.00120626 
-0.00105911 0.0028862 0.000361207 -0.0337775 -0.000618734 -0.00162153 -0.00600434 0.00441995 -0.0268734 -0.00701407 0.00416443 -0.00327253 0.00110713 0.0231823 0.0288242 0.0358037 -0.030459 -0.0273216 -0.0048262 -0.0104225 -0.0118236 0.108765 -0.00592182 0.0119979 -0.0232119 -0.0390421 0.001081 0.0208101 0.0128342 -0.00673384 -9.50225e-06 -0.00186537 -0.0203819 0.0196258 -0.0149868 -0.000731847 -0.0283135 0.00628031 -0.000431793 0.0144417 0.0292913 -0.00202879 -0.00262297 -4.12267e-05 0.00403944 -0.012977 -0.00753451 0.00409123 -0.00352355 -0.0101362 -0.00533874 -6.44323e-05 -0.00535787 0.00365401 0.00593068 0.0164589 0.00838759 -0.0016721 0.00314472 -0.0037228 0.0223847 -0.00687512 -0.00113139 0.00180466 -0.0011007 0.00020696 -0.00500717 -0.0047274 -0.000538944 0.000358629 0.0204101 0.000801939 -0.00666302 -0.0264822 0.0079408 -0.00370779 0.00591549 -0.00709313 -0.000173452 -0.00022648 -0.00280863 -0.00496422 -0.00292641 -0.00347583 0.0328339 -0.00140009 0.0110495 0.0200684 -0.00674488 -0.00651707 0.00237448 -0.0240363 0.0114519 -0.000265146 -0.00388612 0.00042715 -0.000556045 -0.000870306 -0.0253926 -0.000296922 
0.00755619 -0.00157218 -0.000409147 -0.00518019 -0.0011237 0.00994431 0.0060002 0.0042496 -0.0232475 -0.00155072 0.0015674 0.00634257 0.00332719 -0.0134846 -0.0257534 -0.00737878 -0.0141942 -0.00100927 0.0295919 0.0126463 -0.0290531 -0.00592182 0.0918332 -0.00122874 0.0173827 -0.000267644 0.000880626 -0.00904224 -0.0108394 -0.00190127 -0.000288898 0.0080559 0.0190876 0.00119366 0.0227935 -0.000911198 0.0132855 -0.00679796 -0.000320241 -0.0201428 -0.00837651 -0.00691982 0.00105705 0.00132862 0.00537687 -0.00167853 0.00312947 -0.0201119 0.0019889 0.021762 0.0192901 -0.000265721 0.000554794 0.00121281 0.0144991 -0.0185818 -0.00408956 -0.00131451 -0.00051177 -0.00940531 -0.0249487 -0.0175537 -0.00293089 -0.0142348 -0.00300051 0.000395962 0.0185225 0.00486813 0.000498267 0.000249495 -0.0121288 -0.00104558 -0.00236665 -0.0121349 -0.00633365 0.00987639 0.0043521 0.00018439 1.75183e-05 0.00772512 0.00168673 -0.00233937 0.00375508 -0.00129603 -0.0104688 -0.00172756 -0.00288294 -0.00920395 0.00321851 0.00949944 0.0129697 -0.019327 0.000105766 -0.00012847 -0.00344401 -0.00191408 0.000293663 0.000358893 -0.00183652 -0.000394315 
-0.00129037 0.00562993 2.73375e-05 -0.0213251 -4.20416e-05 -0.000839458 -0.00178286 -0.00220551 -0.01296 -0.000862218 -0.00452546 -0.00217852 0.00172251 0.00716783 -0.0118373 0.00338898 -0.0140515 -0.0249878 0.00288137 -0.00278451 -0.0093727 0.0119979 -0.00122874 0.045381 -0.00931515 -0.0276159 0.000817289 -0.0016878 -0.0031748 -0.00119306 0.000312223 -0.00561919 -0.0104426 0.0186954 -0.0116777 -0.000295879 -0.0139363 0.0169055 -0.000198494 -0.00723576 0.00526385 0.00823835 0.0069928 0.000819744 -0.00122037 -0.00717666 -0.0030187 0.0189484 -0.00221314 -0.00885849 0.0101374 -0.000406491 -0.0036133 -0.00101646 -0.00855272 0.00968928 0.00836683 -0.00095408 0.00147274 0.019022 0.0189015 -0.00870621 -0.000129377 0.00262435 0.00937858 0.00188813 -0.003206 0.000740447 -3.84183e-05 0.00282105 0.00171334 0.000629745 -0.00246664 -0.00771777 0.0156231 -0.00143714 0.00209309 -0.00240602 5.34991e-05 0.00297605 -0.00111473 -0.00114541 -0.00247608 0.00179828 0.00203135 0.000442279 0.00672905 0.013887 -0.00397938 0.00397594 -0.00472475 -0.0168083 0.000381577 0.000159269 0.00484673 0.0109581 -0.000160079 0.000134937 -0.0106871 0.000234617 
0.0117257 -0.00318727 -0.00117859 0.00894714 0.00185131 0.017578 0.0115839 -0.00938124 -0.0212482 0.00197032 -0.0154268 -0.0232911 0.00234091 0.0323223 -0.0282657 -0.0282885 0.0129526 -0.00129482 -0.0134195 -0.00822029 -0.0391127 -0.0232119 0.0173827 -0.00931515 0.213266 0.0362459 0.000211776 -0.0102117 -0.0053173 0.016804 -0.000162776 -0.000348289 0.0912443 -0.00671151 -0.0285338 0.00042118 0.0210635 -0.0136132 -0.00091337 -0.0387914 -0.0205588 0.000808267 0.00199503 -0.00134186 -0.0150034 -0.0155195 0.0177465 -0.0125077 0.00596677 -0.0211243 -0.000365387 0.000111996 0.0481656 -0.00237224 0.023139 -0.0140937 0.00452816 0.0010347 0.00226986 0.00831276 -0.0210571 -0.0470002 -0.014565 0.00103453 0.0022748 -0.00109918 0.0118472 0.0151256 0.00138622 -0.00179979 -0.0216585 0.00261925 0.014016 -0.0531465 0.019155 -0.0182874 -0.00429532 0.0112352 0.000502631 -0.0144299 7.36025e-05 -0.00780994 0.00225032 -0.00342516 -0.0267705 -0.00124989 -0.0124228 -0.00950746 0.00091604 -0.0127861 -0.00112866 -0.0295267 0.000598746 0.000294544 0.0127133 0.00576045 0.0024182 0.00203131 0.0137292 0.00232569 
-0.00280697 -0.00799502 0.00147333 0.0936593 0.00293095 -0.0065173 -0.0228304 -0.0104503 0.071867 0.0126547 0.00293555 -0.012045 -0.00852549 -0.0417203 0.0111 -0.020401 0.0552472 0.0630613 0.00573693 0.0176406 0.018541 -0.0390421 -0.000267644 -0.0276159 0.0362459 0.230425 -0.00128582 -0.0107915 -0.00866491 0.0038215 -0.000578886 0.00823026 0.0493304 -0.0332292 0.0354508 0.000331532 0.0367928 -0.0714291 -0.000699328 -0.0187706 -0.0298433 -0.0250923 -0.0113095 -0.0021051 -0.00463804 0.0218731 0.0144362 -0.0550789 0.0109283 0.0115281 -0.00233316 0.000834777 -0.00947739 -0.0123117 0.00408287 -0.0192518 -0.0475359 0.00349798 -0.00496987 -0.0396069 -0.0636887 0.00422265 -0.00557805 -0.00499522 -0.0229055 -0.00384194 0.00374333 -0.0366554 -0.000237012 -0.00092329 -0.0270443 0.00154277 0.0115254 0.0280479 -0.0456483 -0.0212965 -0.00877766 0.012647 0.00034059 -0.010964 0.00478518 0.00676141 -0.000251689 -0.00444889 -0.0488385 -0.00291491 -0.0227568 -0.00964293 0.0132647 -0.00968366 0.00481077 0.060987 -0.00181801 -0.00102014 -0.00838385 -0.0349293 0.00128186 -0.00204432 0.029528 0.00036395 
0.000625987 0.00038439 0.000848641 -0.00337476 0.000226613 0.00135771 0.000387019 0.000715189 -0.00229948 0.00179084 -0.000400012 -0.000639186 4.34834e-05 0.000664337 -0.00116141 0.00132221 -0.00400204 -0.00461277 -0.000922845 0.000258031 -0.00213496 0.001081 0.000880626 0.000817289 0.000211776 -0.00128582 0.0100607 -0.000921371 0.00430066 0.00279425 -1.7055e-05 -0.00109885 -0.000681369 0.000730656 -0.0017639 0.000464983 -0.000313329 -0.00192525 4.62685e-05 -0.00121369 0.00180102 -0.000417482 0.000179235 -4.38404e-06 -0.000286531 -0.000673208 0.00149668 -0.00172074 0.000111781 -0.00264589 -0.00081418 -8.46756e-05 -0.000457002 -6.13465e-05 0.0014186 0.00115472 0.000442311 -0.00014058 0.00066422 -0.00111001 0.00163241 -0.00471853 -0.000350525 0.00290217 -0.000253939 0.00090678 1.83826e-05 -0.000800418 0.000140926 0.000515562 0.000853708 0.000765928 0.000979487 -0.00350559 0.000292544 -0.000194195 0.000136507 0.00242058 3.39901e-05 -0.00113465 -0.000305075 -0.000367432 -0.000451059 0.000427334 0.000720944 0.000508161 0.00155023 0.000975748 -0.000266773 -0.000253126 -0.000402324 -0.0020282 0.00104619 -2.72649e-05 0.000241604 -0.000586584 -1.66281e-05 3.73981e-05 -0.00174975 0.000208339 
-0.00337076 -0.000314146 -0.000842508 0.0139868 0.000841341 -0.00352192 -0.00264479 -0.000891048 0.00428225 -0.00366011 0.000643133 -0.00514151 -7.0874e-05 -0.00730507 0.00847373 0.0114684 0.00267709 0.00466213 -0.00966231 -0.00852534 0.021694 0.0208101 -0.00904224 -0.0016878 -0.0102117 -0.0107915 -0.000921371 0.100878 -0.000823662 -0.00232465 -0.000246463 0.0107215 -0.00938444 0.00211517 -0.00350272 0.0030132 -0.0309766 -0.0154239 -0.000213358 0.0207402 -0.000639667 0.00203637 -0.00361178 -0.000397972 0.00015005 -0.0052124 -0.00433814 0.00301446 0.000817611 0.00875356 -0.00534008 0.00100152 -0.000230446 0.00412215 -0.0204734 -0.00142475 -0.00223836 -0.00215626 0.00274906 -0.00410613 0.0055696 0.00400062 -7.41898e-05 -0.00247599 -0.00212911 -0.000926431 -0.00644095 -0.009454 9.23686e-05 -0.000429264 0.00366573 -0.00260174 -0.00176309 0.00468167 0.0042735 -0.00108189 -0.00124187 -0.00113892 -4.0833e-05 -0.00647936 0.00104878 -0.000313548 -0.00546318 -0.00427697 0.0122483 -0.000707861 -0.00235428 0.00833199 -0.000145662 -0.00996688 -0.00756387 0.000399581 -0.00201265 8.12819e-05 -0.000109193 -0.0108971 -6.23537e-05 0.000916316 -0.0227675 -0.000373136 
-0.00128764 0.00176389 0.00413998 -0.0499237 0.00215853 -0.00276598 -0.00274009 0.0132177 -0.037665 0.0108772 0.00650467 -0.00646968 0.00353259 0.0436339 -0.00880616 0.00370393 -0.0478068 -0.0656634 -0.0255578 0.00130703 0.00550801 0.0128342 -0.0108394 -0.0031748 -0.0053173 -0.00866491 0.00430066 -0.000823662 0.15274 0.00945362 -0.000344157 -0.0195777 -0.0216164 0.0129092 -0.0295089 0.00415866 0.0250802 -0.0165364 0.000375021 -0.0122255 0.0180243 0.0069305 -0.00670376 6.7155e-05 -0.00491011 -0.021908 0.0143696 -0.0121051 -0.00447522 -0.0382255 -0.00333223 -0.00119972 0.000886879 0.001632 0.0443766 0.0507997 0.0126462 -0.00166071 -0.000512253 -0.0200377 0.0548423 -0.0645917 -0.00620644 0.0496347 0.000287172 0.000629099 -0.00480284 -0.0124351 -0.000687509 0.00191775 0.0492734 0.00864765 -0.00345029 -0.0597354 0.000387444 -0.0044823 0.00241328 0.0113075 -8.136e-05 -0.0178088 -0.00365221 -0.00707828 0.0100833 0.00972251 0.0313561 0.00979552 0.00782549 0.0347019 -0.0166382 -0.00262283 -0.00726328 -0.0331526 0.00756207 -0.000674887 -0.00276157 -0.00871867 -0.000238894 -0.00100053 -0.0076695 -0.000180383 
-0.00156229 -0.000667608 -0.000313792 0.00398183 -0.000135384 0.00448118 0.000148944 -0.0052404 0.00705696 0.016172 0.00096549 -0.00734947 -0.000263517 -0.0109274 -0.0018748 -0.00691304 -0.00831348 -0.0109712 -0.00553168 -0.00439314 0.0106025 -0.00673384 -0.00190127 -0.00119306 0.016804 0.0038215 0.00279425 -0.00232465 0.00945362 0.0888799 -0.000199155 -0.00564616 -0.00144067 0.00122271 -0.000744255 0.00637622 0.00417873 -0.0198941 0.000390769 0.0100155 -0.00506624 0.00163224 -0.00095506 8.11435e-05 -0.00609272 -0.00689705 0.00820704 -0.0120255 0.00398465 -0.0211264 -0.00799966 -0.000605185 -0.000318636 2.06305e-05 -0.00675855 -0.00583748 -0.00141789 0.00244413 0.00695691 -0.00536771 -0.00562327 -0.0200884 -0.000840557 0.00373221 -0.00136767 0.000441991 -0.00272392 -0.00664498 0.000715947 0.000124165 -0.0143525 0.00530952 0.0166989 -0.00289961 0.00779324 -0.00349518 -0.000197355 0.0129897 0.000454238 -0.00288353 -0.000987517 -0.00153563 -0.00500558 0.00770738 -0.00611375 -0.00132728 -0.00401139 -0.010616 -0.000221214 -0.00393201 -0.0013335 0.00726708 -0.00213912 1.51456e-05 0.00655751 -0.00904837 0.000999355 0.00242126 0.0078259 0.000664386 
0.000110075 4.38426e-06 6.25641e-05 -0.000375407 -1.44166e-05 -5.27446e-05 -2.41003e-05 -0.000289297 -4.58203e-05 -1.13668e-05 -0.000141363 -0.00010836 -3.22692e-05 -0.000240302 -0.000829832 -4.50881e-05 0.000138982 -0.00120452 0.000354042 -3.35477e-05 6.9993e-05 -9.50225e-06 -0.000288898 0.000312223 -0.000162776 -0.000578886 -1.7055e-05 -0.000246463 -0.000344157 -0.000199155 0.00346731 -4.03325e-05 -0.000133585 -5.63501e-05 -0.000842743 0.000155952 -0.000491511 0.000607809 -1.30601e-06 -0.000385607 -0.000107571 0.000545841 0.000389928 -2.87973e-05 -0.000100576 -0.000506029 0.000181289 0.00118492 -0.000118602 3.24325e-05 -0.00040491 0.000108562 -5.65527e-05 -2.22271e-05 -0.000472508 -0.00017475 6.05075e-05 0.0001433 -3.40846e-05 0.000993956 0.000282314 0.000350425 -4.02831e-05 -0.000463519 0.00088265 -1.83606e-05 -7.578e-05 6.29756e-05 1.66003e-05 -6.22619e-06 -0.000206296 -4.05159e-05 3.91562e-05 4.38192e-05 0.000399474 -1.4493e-05 -5.05406e-06 -0.000141167 1.13227e-05 0.000122773 -9.87627e-05 0.000138305 -0.000153704 -6.58579e-05 -0.000241279 -1.65186e-05 -5.71685e-05 -0.000541453 0.000158468 0.000127721 -0.000230832 -0.000194856 6.59209e-06 9.98268e-06 0.000397876 0.000218421 -5.52009e-06 -2.1389e-05 -0.000307405 2.68635e-05 
-0.000632611 -0.00260433 0.00020369 0.0305607 -0.000917374 -0.00379699 -0.00137948 0.0027661 0.00965464 -0.00364289 0.0147157 -0.00150903 -0.00336319 -0.0285645 -0.00588655 -0.0148723 0.0067128 0.0243901 0.0170469 -0.0076858 0.00104064 -0.00186537 0.0080559 -0.00561919 -0.000348289 0.00823026 -0.00109885 0.0107215 -0.0195777 -0.00564616 -4.03325e-05 0.123543 0.0151437 -0.0104891 0.0247154 -0.00181062 -0.00403348 -0.0179804 0.000306601 0.000305039 -0.00825982 -0.00569183 -0.00413873 0.00186193 0.00136127 0.0153853 -0.00538067 -0.028655 0.00605625 0.0372555 -0.0087505 0.00127905 0.00635658 0.000521963 -0.000384893 -0.0226799 -0.011687 -0.00234075 -0.000941663 -0.00474381 -0.03382 0.0183206 0.00544621 -0.0165757 -0.0038943 -6.07366e-05 -0.00683851 -0.0100699 -0.00015139 -0.000436795 -0.00835007 -0.00246783 -0.00156772 -0.0100424 -0.0103306 0.0162832 -0.000270177 -0.00612846 -0.000213456 -0.00997225 0.00187131 0.0119713 -0.00589507 -0.00672875 -0.00933685 -0.00151125 -0.00656868 -0.0211 0.00719208 -0.00344207 0.00809428 0.0105686 -0.00365663 -0.000410501 -0.00260156 -0.00779294 0.000147074 -0.000304661 -0.00994805 -0.000578474 
0.0155145 -0.00345658 -0.00115598 0.0399217 -0.000517628 0.0127287 0.00711701 -0.0124188 0.0114542 -0.00750735 -0.00559472 -0.0157427 -0.00409362 0.00408588 0.0042725 -0.0192296 0.0290592 0.0210973 0.00193187 -0.00876751 -0.0273047 -0.0203819 0.0190876 -0.0104426 0.0912443 0.0493304 -0.000681369 -0.00938444 -0.0216164 -0.00144067 -0.000133585 0.0151437 0.181607 -0.0159728 -0.00557981 -0.000702016 0.00466047 -0.0324378 -0.000655742 -0.0274116 -0.0213703 -0.0106599 -0.000415279 -0.00040897 -0.00948122 0.0102056 0.0143675 -0.0421965 0.00770149 0.00234289 0.000960803 0.000764112 0.0390541 -0.00450072 0.0313585 -0.0306006 -0.011818 0.00199979 0.000876647 -0.0106528 -0.0472741 -0.00957317 -0.00919875 -0.0337574 -0.00213786 -0.00129497 -0.0034314 -0.000357318 0.00119391 -0.0021728 -0.0342238 -0.000321477 0.0144227 -0.0276611 -0.0097583 -0.0106722 -0.00329231 0.00863454 -0.000121542 -0.0160423 0.00268637 0.00143787 -0.00170986 -0.00974451 -0.0207787 -0.00468154 -0.00921074 -0.0269616 0.00965338 -0.0177389 0.017755 0.0141261 -0.00248405 5.11343e-05 0.00356495 -0.0151995 0.00165354 0.000434482 0.0192375 0.00179544 
-0.00198563 0.00232478 0.000802062 -0.0386312 0.00110134 -0.000848992 -0.00459706 0.00548107 -0.0262771 0.00154041 -0.00552616 -0.00300653 0.00228066 0.0252197 -0.0221423 0.0182072 -0.0351841 -0.0252828 -0.00431427 -0.000597637 -0.0197435 0.0196258 0.00119366 0.0186954 -0.00671151 -0.0332292 0.000730656 0.00211517 0.0129092 0.00122271 -5.63501e-05 -0.0104891 -0.0159728 0.0866537 -0.00684425 -0.000723966 -0.0192047 -0.00169988 -0.000369939 -0.00397197 0.00659292 0.0128002 0.00334848 7.34545e-05 0.00383119 -0.0122674 -0.00417456 0.0119909 -0.00397647 -0.0104624 0.0183507 -0.000932532 -0.00818801 0.00598322 -0.00175178 0.00641373 0.01366 -0.00195794 0.000684582 0.0133874 0.0232567 -0.0224197 -0.0031562 0.0035891 0.00682645 0.000453712 0.000109684 -0.00344194 2.28004e-05 0.00268196 0.0118465 0.00353354 -0.00436575 -0.0250784 0.0262094 -0.00397939 0.00167779 -0.0030003 -4.80798e-05 -0.00744734 -0.00303639 -0.00329769 0.00765949 0.00546503 0.0211564 0.00200089 0.00913234 0.0326561 -0.00827724 0.0009041 -0.00419536 -0.0343773 0.00250446 -0.00024133 0.00185425 0.00612345 -0.000289105 -0.000147566 -0.00899153 2.83007e-05 
