0.00970703 0.0003195 -1.75149e-05 -1.31753e-06 -4.6571e-05 -0.000247746 2.65573e-06 0.000119735 -0.000129038 0.00029655 0.000380569 -0.00020253 -0.000378012 0.000171673 -0.00156132 -0.000357677 -0.00130987 -0.00175421 -0.000669021 -0.00128748 9.5787e-05 0.000845486 0.000315892 -0.00209641 0.00236015 -0.00166114 -0.000137019 9.19462e-05 0.00104075 0.000332866 -0.000578963 0.000403022 -8.66279e-05 -8.08569e-06 6.42505e-05 -0.0004064 0.0012143 0.000696317 -0.000276148 -0.000816646 -2.21544e-05 -0.00127677 -0.00241935 -0.000134668 2.75784e-05 -0.000534198 -6.2258e-05 0.000122829 -0.000158546 6.17764e-05 0.000100104 7.28156e-05 2.38029e-05 -0.000685684 1.37488e-06 0.000689904 -0.000387387 0.00145682 -0.000220541 1.56901e-05 -0.00146994 0.000124491 -0.000409011 2.22253e-05 -0.000514761 -9.89938e-05 0.000133245 0.001032 5.38425e-06 9.06627e-06 -2.35816e-05 0.000142815 -6.06489e-06 -0.00014102 -0.00133839 7.45281e-05 6.52233e-06 -9.95415e-05 3.75176e-05 2.13434e-05 -0.000142022 4.05867e-05 -0.00114003 1.74048e-06 0.000952703 -0.000200346 -0.000262828 -6.15199e-06 -0.000466119 6.73205e-05 8.09331e-05 1.5259e-05 2.94899e-06 2.34222e-05 -4.10605e-05 -0.000111888 0.000123481 1.65947e-06 -0.000225076 0.00267777 
0.0003195 0.0343622 1.83358e-05 0.000141895 0.00112662 -0.00110632 1.28234e-05 0.000809173 0.00114728 -0.0018887 9.54446e-05 -0.00164387 -0.00605707 0.000578112 0.00266551 -0.0035576 -0.00429403 0.000376177 -0.00499396 -0.00583328 0.000278723 0.00280683 0.000665175 -0.00037523 -0.01019 0.0111853 -0.00269031 -0.000462712 -0.00529314 -0.00561758 -0.00271783 -0.00287428 0.00124205 0.000250659 -2.31832e-05 -0.0109404 -0.00183377 0.00019908 -0.000345219 -0.0107459 0.000224306 0.00242544 0.00240877 -0.00335167 0.00071972 -0.00502109 -4.11583e-05 -0.000157867 -0.000567411 6.43505e-05 0.00532565 0.00024287 -2.12857e-05 -0.000631429 8.97291e-05 -0.00166055 0.00591657 -0.000146218 0.00350948 -2.44804e-05 -0.00223105 0.000951683 -8.76364e-05 5.75406e-05 0.00408706 0.00331173 1.59624e-05 -0.000651538 -5.66661e-05 -0.00330564 -0.000111792 -0.000662303 0.00213088 -0.000900317 0.00617724 -0.000425981 2.69152e-05 -0.000233821 -0.000203422 -0.000550402 -0.000293059 0.000203987 -0.00218689 -7.41814e-05 -0.00320769 -0.000341774 0.00865792 -0.000687937 0.000568601 0.00137917 0.000437186 -2.3382e-05 0.00015259 -4.93835e-05 0.000216064 0.000274838 3.63825e-05 -0.00111178 -0.000311022 0.00492171 
-1.75149e-05 1.83358e-05 0.00479951 1.13721e-05 -0.00031027 0.00102725 7.53168e-05 0.000149132 -2.3661e-05 -0.00118198 6.76767e-05 0.000238017 -0.000786959 3.32351e-05 0.000522668 -0.00246079 -0.00081884 -0.000885506 -0.000410523 -0.00100283 -3.1621e-05 0.00151847 0.000131184 0.000905268 -0.00142805 0.00103524 -0.000255199 5.96392e-05 -0.00116048 -0.00125524 -0.00184122 0.00083515 0.000197719 -2.82768e-05 2.18157e-05 -0.00113684 -0.000285401 -9.39467e-05 -0.000166819 -0.000498224 4.70526e-05 -0.00058566 -0.00152429 -0.000150779 -1.88811e-05 0.000305904 0.000116311 -1.14563e-05 0.00035192 1.81102e-05 0.000185227 5.01822e-05 -1.22789e-07 0.00120828 5.34815e-06 -7.84702e-05 0.00108121 -3.20651e-05 0.000439285 1.4952e-05 -0.000647596 7.60496e-05 0.000818762 1.1521e-05 -0.000171556 0.000197597 -1.93133e-05 8.65193e-05 -1.81841e-06 0.000506056 0.000107978 0.000180751 -3.12889e-05 0.000191947 6.10592e-05 -0.000135553 7.98737e-06 0.000172445 5.48008e-05 0.000106774 -4.89145e-05 4.34651e-05 -0.000144523 1.76959e-05 -0.000695014 0.00116015 0.000569479 -6.20584e-05 -0.000131944 -3.92471e-05 3.11361e-05 -2.51417e-06 0.000111823 4.07315e-06 0.000189453 0.000113533 4.49733e-05 -0.000530541 0.00104442 -0.000237436 
-1.31753e-06 0.000141895 1.13721e-05 0.00294282 0.000163384 -0.000223753 4.28491e-05 -2.65918e-05 3.69063e-05 0.000238109 1.6758e-05 -5.02977e-05 9.38523e-05 4.59477e-05 -0.00018069 -0.000866048 -0.00016303 0.000164314 -0.00100231 0.000761255 9.23919e-05 -0.00062609 0.000122776 -0.000505126 0.000374191 -0.000500085 -1.98402e-05 -8.2899e-05 7.60757e-05 -0.000127625 -3.99746e-05 -0.000310523 -4.59386e-05 -9.05069e-05 2.60545e-06 -0.000598454 0.000634288 9.48211e-06 9.48334e-05 0.000151993 0.000170535 -0.000319946 7.32352e-06 -0.00026677 -1.36618e-05 -0.000197185 -7.19948e-06 4.06996e-05 -2.86905e-05 4.97134e-07 -9.83209e-05 -6.24422e-05 -1.05372e-07 -0.000267963 5.63307e-05 -0.000194016 -1.86217e-05 -0.000114548 -7.08969e-05 -3.79762e-06 -0.000206478 -2.26104e-05 -0.000189557 1.43275e-05 -6.37862e-05 4.15301e-05 3.44664e-05 -5.56135e-05 -1.24062e-06 -0.00021638 2.21588e-05 -8.97922e-05 0.000138047 7.83528e-05 -0.00012343 -7.83665e-05 1.00429e-05 -3.75317e-05 -9.90619e-06 -2.02099e-05 -3.22695e-05 -3.0876e-06 0.000902009 7.93994e-07 0.000438406 0.000121114 0.000137633 0.000167328 -5.51309e-05 -1.40871e-06 2.70801e-05 1.65055e-06 9.36374e-05 -2.58346e-05 1.90459e-05 6.57254e-05 -1.25304e-05 -0.000239197 -7.52551e-05 -0.000121953 
-4.6571e-05 0.00112662 -0.00031027 0.000163384 0.07961 -0.00866627 -0.000320458 -0.0031429 -0.00201992 0.0108604 -0.00090739 -0.00298225 0.0129868 -0.00203472 -0.00509642 0.0157851 0.00711038 0.00467318 0.000556594 0.00813941 -0.00180754 -0.00937498 -0.00193529 -0.0208 0.0107665 -0.00764148 0.011577 -0.00349999 -0.00493112 -0.00947408 0.0127122 -0.00584961 -0.0020055 0.00628021 -9.10377e-05 -0.0185545 -0.00503553 0.000623971 0.0131753 -0.00729964 -9.40367e-05 0.00977111 0.00405931 -0.00477405 0.00186869 -0.0054638 -0.000508092 0.000115458 0.000389114 0.000377041 -0.00203659 -0.00103001 -3.06047e-05 -0.0083046 1.65389e-06 -0.00553511 -0.0110199 -0.00177603 -0.00340114 -0.000138484 -0.00222732 -0.000615744 -0.0038643 -0.000214604 -0.00311169 -0.00224445 0.000205256 -0.00186645 -0.000161239 0.00572276 -0.000411158 -0.00282874 -0.00126085 0.00598182 -0.0201557 0.000874143 1.87162e-05 -0.00148367 -0.000498826 -0.000469955 -0.000781169 -0.000191084 -0.0050844 -0.000272208 0.0276642 -0.00153682 -0.0111695 -0.0032766 -0.000373244 -0.0013008 -0.000196164 -7.80319e-05 -5.78754e-05 -0.000808273 -0.000423989 0.000913095 -0.000130158 -0.00819052 -0.00280672 -0.00807734 
-0.000247746 -0.00110632 0.00102725 -0.000223753 -0.00866627 0.110512 0.000499127 -0.000308354 0.0045617 -0.00915771 0.000984959 0.0169684 -0.00965823 0.0100472 -0.00862356 -0.0190466 0.00481251 -0.0060085 0.00216847 -0.0244508 0.00313726 0.0225453 -0.00255531 -0.00669718 -0.0516381 -0.00675983 -0.00489421 0.000851008 -0.00754671 -0.000832409 -0.00671634 0.0191913 -0.00156562 0.00302669 -0.000198381 0.0192043 -0.0100767 0.0016677 -0.00372476 -0.0226931 0.00224801 -0.0112023 -0.0360115 0.0255509 -0.00146512 -0.0076079 -0.00034415 -0.000409279 0.00208542 0.000373472 0.000555712 -0.00169522 0.000253806 0.0152675 1.06675e-05 0.00622707 -0.00496673 -0.00281165 -0.00296692 0.000218505 0.00517593 0.00168769 -0.00335631 0.000210494 -0.00385781 0.00100935 -0.000695598 -0.00273737 -1.17392e-05 -0.000805005 0.000926698 0.000903104 0.00332558 -0.00173731 0.0145783 -0.00504416 0.000124702 -0.000383118 0.00119573 0.000443579 -0.00145828 0.000740355 -0.00654939 0.000453827 -0.025626 0.00464054 0.0114661 0.0111184 -0.0051154 -0.00190444 0.000255633 8.1522e-05 -0.000493655 0.00125981 0.00138288 -0.00149076 0.00081718 0.00334853 0.0105135 -0.00551196 
2.65573e-06 1.28234e-05 7.53168e-05 4.28491e-05 -0.000320458 0.000499127 0.00693883 8.0195e-05 0.000443023 -0.0017386 0.000353531 0.000612646 -0.00145544 0.000990563 0.00150213 -0.00180271 -0.000765997 -0.0028373 -0.001156 -0.000419786 0.000184929 0.00116862 0.000459572 0.00101061 -0.00190645 0.000512906 -4.91639e-05 -8.84913e-05 -0.00206877 -0.000587239 -0.00325949 0.000453728 0.00014245 0.000211338 1.19152e-05 -0.000906257 -0.000514259 -0.000107045 -0.000218092 -0.00193524 -8.65252e-05 2.25782e-05 -0.00259651 0.00101131 8.04093e-05 -0.000627985 0.000273986 6.68626e-05 0.000250802 5.49662e-06 -7.84497e-05 0.000565232 3.67305e-05 0.000787898 0.000152727 0.00065428 0.00126896 0.00104069 0.000149551 8.47363e-05 0.000294028 -5.11782e-06 0.000819784 5.78147e-05 0.000284795 0.000320347 5.63722e-05 0.000343271 -6.14099e-07 -0.000325891 5.37977e-05 0.000657673 0.000559939 3.33357e-05 -0.00154274 -0.000134601 1.92248e-05 0.000120286 6.32363e-05 4.01273e-06 5.65152e-05 7.211e-05 0.000386409 -2.7952e-06 -0.00140425 0.000618231 -0.000464298 0.00144384 -5.49969e-05 -5.45144e-05 7.03225e-05 2.84079e-05 7.73433e-06 0.000215338 0.000147277 0.000114538 -3.8584e-06 0.000811546 0.000484331 -0.000786577 
0.000119735 0.000809173 0.000149132 -2.65918e-05 -0.0031429 -0.000308354 8.0195e-05 0.0396794 0.000976452 -0.00855343 -0.000747807 -0.000703146 -0.0170761 0.0075484 0.00549163 -0.00689869 -0.0112479 -0.00336842 0.00395652 -0.00943799 0.0056033 0.00113721 0.000530766 0.00686393 -0.0148447 0.00448536 -0.004041 0.000251695 -0.00330349 -0.00234255 -0.0153877 -0.00409394 0.00266308 -0.00168253 8.34463e-05 -0.00192654 7.35497e-05 -0.000865548 -0.00209505 -0.0106301 6.59927e-05 -0.00228053 0.00460661 0.00919241 0.000494635 -0.00831449 -4.88844e-05 -8.17923e-05 -0.000725941 -8.04114e-05 0.00297833 -6.02296e-05 4.73052e-05 0.0123825 0.000166828 0.002307 -0.00228238 0.0022943 0.00315645 0.000127366 -0.000328893 0.00023695 0.00399591 -0.000133874 0.00490406 8.39661e-05 -0.00023965 0.000318047 0.000146399 -0.00374106 0.000358764 -0.000281101 0.00125271 -0.000195999 0.016737 -0.000869686 0.000146806 0.000326006 -0.000143907 -0.000274633 0.00011708 0.000200287 -0.00187046 0.000127953 -0.015023 -0.000198303 0.0119626 0.0034524 0.0006535 0.00124112 2.28866e-05 6.08602e-05 0.000121922 -2.63403e-05 -0.000463746 0.000436014 -0.000138405 -0.00164511 0.000657861 -0.00371049 
-0.000129038 0.00114728 -2.3661e-05 3.69063e-05 -0.00201992 0.0045617 0.000443023 0.000976452 0.0305778 -0.00332623 0.00015268 0.000507967 -0.00696937 0.0030472 -0.00136438 -0.00131922 -0.00453808 1.76124e-05 -0.00160361 -0.0044546 0.00316134 -0.00516169 -0.000562183 -0.000248842 -0.00448727 0.0059838 -0.00106335 4.25569e-06 5.73686e-07 -0.00390119 -0.00141961 0.00141227 -0.000360947 0.000482185 0.000130143 -0.00555329 0.000620675 -3.62496e-05 -0.000848529 -0.00826623 1.56707e-05 0.00373269 0.000200132 0.000403402 -0.000204822 -0.00522961 -7.23591e-05 -1.55743e-05 -0.00015561 6.68061e-06 0.00221428 0.000430234 3.38979e-05 -0.000180022 0.000125019 -0.00119022 -0.000642114 -0.00104082 -0.00067218 -4.47366e-06 -6.32049e-05 0.000736531 -0.00169141 8.41005e-05 0.000732289 0.00089064 -0.000111654 -0.00129418 -1.9504e-05 -0.0027251 0.000425221 -0.000958341 0.000766187 -0.000672051 0.0054883 -3.83715e-05 8.32274e-05 -0.00012905 -5.98013e-05 -0.000384473 5.09125e-05 -1.24974e-06 -0.00244551 -3.69679e-05 -0.00607823 0.000880705 0.00284729 0.00351738 0.000378789 -0.00014536 7.45736e-05 0.000141342 -2.21235e-05 0.000256617 0.000577715 0.000708852 -2.75796e-05 0.00106921 0.00191124 0.00192249 
0.00029655 -0.0018887 -0.00118198 0.000238109 0.0108604 -0.00915771 -0.0017386 -0.00855343 -0.00332623 0.165954 -0.00507595 -0.000994496 0.0344289 -0.00138167 -0.0521884 0.0503501 0.0570184 0.052784 -0.000935591 0.0521499 0.000795032 -0.0559527 -0.00668627 -0.0764636 0.0303082 -0.0693812 0.00618289 -0.015071 0.0278004 0.0302626 0.043797 -0.040684 -0.0157632 0.00648457 -0.000847542 0.00075199 0.0164264 0.00339489 0.00708315 0.0428114 0.00199438 -0.009322 0.0273868 0.00745929 -0.00160494 0.00755061 -0.00443228 0.000388206 -0.0016767 -0.000338299 -0.0193287 -0.00823655 -0.000379007 -0.0528006 0.000254311 -0.0113616 -0.0509476 -0.0242023 -0.0268453 -0.000176408 0.0283952 -0.00380645 -0.0342738 0.000332159 -0.0264355 -0.00615484 0.000232692 -0.0232183 -0.00114921 0.00605182 -0.00340798 -0.0207794 -0.00156913 0.00015054 0.00069887 -0.0085459 -0.000172736 -0.0110158 -0.00317268 -0.000801235 -0.00451383 -0.00129203 0.0254265 -0.00165891 0.054362 -0.00134047 -0.0155402 0.00426015 -0.0147775 -0.00659486 -0.000518841 6.08118e-05 -0.000986626 -0.00524226 -0.00178124 -0.000649189 -0.000653729 -0.0155267 -0.0131891 0.0025096 
0.000380569 9.54446e-05 6.76767e-05 1.6758e-05 -0.00090739 0.000984959 0.000353531 -0.000747807 0.00015268 -0.00507595 0.0300754 0.000806496 0.00512669 -0.000176223 0.000366513 -0.00643916 -0.00499068 -0.00723275 -0.00759262 -0.00373771 -0.000669148 0.00971325 0.000918361 0.00553424 -0.00560201 0.00211447 0.00309553 -0.000526029 -0.000101845 -0.00540662 -0.00152919 0.0157805 0.00068215 0.000678142 1.09583e-05 0.00773029 -0.00173442 7.71662e-05 -0.00137124 -0.00929705 -0.00023755 -0.0033615 -0.0101768 -0.0012793 1.10752e-07 -0.00501278 0.000213399 8.02698e-05 0.000241118 0.000196689 0.00379669 0.000331332 3.03978e-05 -0.00121307 7.30698e-06 0.000904065 0.000498854 0.00151177 0.000394536 -1.59594e-05 -0.0040967 0.000136651 -0.000697936 0.000563603 0.000324666 0.00263039 -0.000160755 0.000334159 -1.58175e-05 -0.00127231 0.000938135 0.0049864 0.00013897 -0.000614641 -0.00554109 -0.000671672 4.78698e-06 -2.35521e-05 0.000552114 0.00125449 4.46983e-05 0.000386256 0.00298683 0.000185809 -0.00296802 0.00153233 -0.00334384 -0.000390528 -0.00069252 -3.23941e-05 0.000412303 -1.39323e-05 0.000100128 0.00115115 4.40047e-05 0.000194131 0.000938896 -0.00270842 -0.000194345 -0.00493602 
-0.00020253 -0.00164387 0.000238017 -5.02977e-05 -0.00298225 0.0169684 0.000612646 -0.000703146 0.000507967 -0.000994496 0.000806496 0.0516373 0.00180727 0.00321802 -0.000188257 0.00662862 0.00813647 -0.00544414 -0.00537346 -0.0017246 0.00015128 -0.0015046 -0.00129286 -0.00638413 -0.0150419 -0.0125186 0.00186115 0.00296799 -0.014112 0.0108139 -0.00161611 -0.00372995 -0.000620333 0.00367171 -7.29781e-05 0.0178332 -0.000418899 -0.000955064 4.44312e-05 -0.00465069 -0.000786918 -0.00270874 -0.0183968 0.00986773 -0.000789882 -0.000245337 -0.000319971 2.4834e-06 8.7954e-05 -2.96919e-05 -0.00215775 -0.00139088 4.61339e-05 -8.39215e-05 4.4072e-05 0.00182812 -0.00845887 -0.00142416 -0.00219445 0.000288112 0.0132782 -0.000322875 -0.00179468 0.000628219 -0.00297657 2.684e-05 -0.000268399 -0.00253514 7.02314e-05 0.00387913 0.000671589 -0.000748975 0.000414892 0.000447686 -0.0103677 -0.00131746 -5.08253e-06 -0.000662428 0.0018997 -0.000241209 -0.00127702 6.19241e-05 0.00656787 0.000190449 -0.00781851 -0.000540478 -0.00565114 0.0048775 -0.000868324 -0.000752182 -0.00016908 -6.9687e-06 -0.00014135 -7.82772e-05 -0.000106504 -0.000788357 -0.000243276 -0.000638284 0.000597378 -0.0121482 
-0.000378012 -0.00605707 -0.000786959 9.38523e-05 0.0129868 -0.00965823 -0.00145544 -0.0170761 -0.00696937 0.0344289 0.00512669 0.00180727 0.241332 -0.0169892 -0.0145917 -0.0052925 0.0203081 0.0240229 -0.0555877 0.0459969 -0.0121344 -0.00728674 -0.000972854 -0.0103395 0.0382104 -0.0436971 0.0299289 -0.011297 -0.0149955 -0.00158349 0.0693515 0.00175042 -0.0102128 -0.00162161 -0.00107887 -0.00203596 -0.00308929 0.00352934 0.0147427 0.0590725 -0.00296544 -0.0161939 -0.0159854 -0.0359436 -0.00201165 0.049467 -0.00283656 0.000355123 0.0039657 -0.000653848 -0.0100958 -0.00851908 -0.000687937 -0.0475783 -0.000160216 -0.017476 0.00736018 -0.0104416 -0.0207044 -0.000621528 -0.0276744 -0.00505102 -0.0384119 -0.00113058 0.00232416 -0.0119558 0.000202265 -0.0101213 -0.000360048 0.0274152 -0.00168646 -0.0143247 0.00230045 0.00648665 -0.0615763 -0.00729724 -0.000188713 -0.0139185 -0.00273635 0.00336509 -0.00307469 -0.000414267 0.0272585 -0.00137542 0.0317847 -0.00352044 -0.0278783 -0.0182853 -0.0128458 -0.00697184 -0.00064715 -0.000218678 -0.00111947 -0.00389872 0.000664755 -0.00555855 -0.00138528 -0.00242855 -0.00750594 -0.0240146 
0.000171673 0.000578112 3.32351e-05 4.59477e-05 -0.00203472 0.0100472 0.000990563 0.0075484 0.0030472 -0.00138167 -0.000176223 0.00321802 -0.0169892 0.0348467 -0.000867924 -0.00279286 -0.000500398 -0.00691462 0.00165903 -0.00600345 0.00516654 -0.00193016 -0.000708693 -0.000291338 -0.0139647 0.000337727 -0.00329842 0.00117242 -0.00478282 0.0072987 -0.00987279 -0.00182403 -0.000273424 0.00138949 -6.40297e-05 0.00179674 -0.00152592 -0.000768469 -0.00204575 -0.0112535 -0.000357608 -0.00586488 0.00241419 0.0122598 -0.000129947 -0.00832261 -0.000206826 7.0267e-06 -0.000756423 -4.26293e-05 -0.000373288 0.000443305 0.000447278 0.00597106 0.000164226 0.00382487 -0.00645959 0.000662087 -0.000325399 9.36421e-05 -0.000778367 -3.66392e-05 0.000453117 0.000435876 -0.00115069 -0.000262268 -0.00019318 -0.000661322 0.000341753 -0.00249914 0.000832427 0.000233596 0.00114847 -0.00088487 0.0122854 -0.0012663 0.000115092 -0.000529357 0.00047371 -0.000393352 -0.000488713 0.000489158 0.00142038 3.76174e-05 -0.0134451 0.000581903 0.00319322 0.00963798 0.000663139 0.000888774 0.000278363 0.000132532 -7.20965e-05 2.34971e-05 9.66213e-05 3.50914e-05 -0.00010306 -0.00245888 0.00215315 -0.00325846 
-0.00156132 0.00266551 0.000522668 -0.00018069 -0.00509642 -0.00862356 0.00150213 0.00549163 -0.00136438 -0.0521884 0.000366513 -0.000188257 -0.0145917 -0.000867924 0.146636 -0.01665 -0.0208637 -0.00170543 0.0236211 0.0140649 -0.00283082 0.0153146 -0.000428498 0.0510019 -0.00843217 0.0325864 -0.0123729 -0.00261714 -0.0249393 -0.0429038 -0.0104415 -0.00463141 -0.000225079 -0.00842452 0.000601718 -0.0205876 -0.010788 -0.00196575 -0.00464308 -0.0544396 -0.00305168 0.048989 0.012907 -0.0217595 0.00151102 -0.002829 0.00243441 -0.000620536 0.00144585 -0.000436069 0.00417813 0.0039233 -6.05545e-05 0.0091718 -5.19542e-05 -0.00772466 0.00322495 -0.00509518 0.00140703 0.000412209 -0.0213287 -0.0011115 0.00343911 -0.000187732 0.0175663 0.0014883 -0.000677036 0.00346759 0.000219231 -0.000340571 0.000688441 -0.00352593 0.000379449 -0.00373947 -0.0145808 0.00162515 8.95624e-05 0.0123259 -0.00096582 0.00134057 0.00146726 -9.93378e-05 -0.0191306 -8.83907e-05 -0.0297207 -0.00108321 -0.00110556 -0.00224624 0.0202666 0.00236906 1.89562e-05 -0.000157359 0.000190286 -0.00059954 -0.00203301 0.00222846 -0.000468769 0.0280056 -0.000419767 -0.00136371 
-0.000357677 -0.0035576 -0.00246079 -0.000866048 0.0157851 -0.0190466 -0.00180271 -0.00689869 -0.00131922 0.0503501 -0.00643916 0.00662862 -0.0052925 -0.00279286 -0.01665 0.219423 0.0463907 0.0189283 0.0440212 -0.000727459 -0.00503693 -0.057288 -0.0140698 -0.0512028 0.034504 -0.0457507 0.0103394 -0.00129359 -0.0167819 0.0618206 0.0454338 -0.0601129 -0.0102842 0.00755738 0.000227755 0.0197762 0.00540307 -0.00554935 0.00588878 0.0162572 -0.00411708 0.0223056 0.0390503 0.0248771 0.00128649 -0.00536918 -0.00303898 0.000666067 -0.00774178 -0.000726737 -0.00414501 -0.0064096 7.32635e-05 -0.0281004 -0.000352142 -0.00792469 -0.0853665 -0.000159787 -0.0226334 0.000285713 0.055406 -0.000238999 -0.0188105 0.000527851 -0.0228587 -0.00808922 -0.000877654 -0.0234029 -0.000101866 0.0109015 -0.00177403 -0.0109001 -0.00779973 -0.000253785 -0.0195389 -0.00438913 -0.000198924 -0.00380154 -0.000962584 -0.00561569 -0.00329024 -0.000686235 -0.0127362 -0.00091201 0.028329 -0.00860599 -0.0308038 -0.00136559 -0.00270354 -0.00869077 -0.000829511 -7.98298e-05 -0.00152226 -0.00179189 -0.00687979 -0.00216053 -0.00108106 -0.0129463 -0.0201309 -0.033947 
-0.00130987 -0.00429403 -0.00081884 -0.00016303 0.00711038 0.00481251 -0.000765997 -0.0112479 -0.00453808 0.0570184 -0.00499068 0.00813647 0.0203081 -0.000500398 -0.0208637 0.0463907 0.154387 0.0190674 -0.0112625 0.00638525 0.000180567 -0.0120553 -0.010548 -0.0468351 0.00818784 -0.0698214 0.0078533 -0.00746686 -0.00405249 0.028702 0.0295982 -0.0345911 -0.0135178 0.00541117 -0.000962493 0.0138431 0.00393758 -0.0058285 0.00290511 0.0435227 0.000722647 -0.0201379 -0.0130839 0.0202226 -0.00620817 0.0116999 -0.00234171 0.000475428 0.000501196 -0.000951903 -0.0140953 -0.00861414 -3.22572e-05 -0.0295737 6.12649e-05 0.00201322 -0.0295175 -0.0154845 -0.0162196 -0.000903233 0.0381589 -0.00633773 -0.0176568 0.000272094 -0.0109563 -0.00643228 6.96298e-05 -0.0142769 -0.000285207 0.0177376 -0.00162421 -0.0113908 -0.00116209 0.000766291 -0.00371985 0.000291621 -0.000243586 -0.0086634 -0.000832235 -0.00115201 -0.00688737 -0.000479465 0.0258229 -0.000963543 0.0367685 -0.00170188 -0.00946908 -0.000611789 -0.0181065 -0.00822501 -0.000453763 -0.000100202 -0.00172186 -0.00297705 2.71771e-06 -0.00270637 -0.00082018 -0.0301708 -0.00742451 -0.0221944 
-0.00175421 0.000376177 -0.000885506 0.000164314 0.00467318 -0.0060085 -0.0028373 -0.00336842 1.76124e-05 0.052784 -0.00723275 -0.00544414 0.0240229 -0.00691462 -0.00170543 0.0189283 0.0190674 0.109522 0.00444935 0.0560099 0.000718181 -0.053616 -0.00283352 -0.0318081 0.0317366 -0.0322535 0.00304069 -0.0120619 0.0247258 -0.0122049 0.041379 -0.0317463 -0.0132761 -0.000970645 -0.000565281 -0.0219505 0.0092995 0.00222858 0.00313907 0.0151779 0.00208771 0.0206305 0.0361454 -0.01514 -0.00176206 0.00581228 -0.00460925 -0.000263757 -0.00147058 -0.000287909 -0.00491588 -0.0109501 -0.000473821 -0.0366646 -0.000104426 -0.0197899 -0.030262 -0.0325306 -0.0248405 -0.00014728 0.0069589 -0.000653055 -0.03567 -0.000575352 -0.00450562 -0.00379212 -8.83468e-06 -0.0231565 -0.00132621 -0.000183446 -0.00385898 -0.0221568 -0.0011806 -0.0023934 0.0159958 -0.00611926 -0.000112043 -0.00449523 -0.00382141 -0.000350884 -0.00211736 -0.00140314 0.0117267 -0.00148186 0.0336843 -0.0027319 0.00728105 -0.00466675 -0.0047788 -0.00251326 -0.000933238 -5.09523e-05 -0.00123072 -0.00567014 -0.00287345 0.00115783 -0.00116663 0.00147089 -0.00572225 0.0209383 
-0.000669021 -0.00499396 -0.000410523 -0.00100231 0.000556594 0.00216847 -0.001156 0.00395652 -0.00160361 -0.000935591 -0.00759262 -0.00537346 -0.0555877 0.00165903 0.0236211 0.0440212 -0.0112625 0.00444935 0.201435 -0.0117063 -0.00681552 0.0129095 -0.00520297 0.0166371 -0.0213125 0.0243594 -0.0168534 0.00654644 -0.00663362 -0.0131426 -0.00888313 -0.00732582 0.000646089 -0.00863547 -1.36256e-05 0.013271 -0.0124529 -0.00983324 -0.0112138 -0.0504847 -0.00435087 0.0455203 0.0347951 0.00278885 -0.000226916 -0.0381643 -0.000284977 -0.00143936 -0.00265685 0.000425778 0.000941017 0.00425422 7.47722e-05 0.0144886 -0.000497661 0.00396224 -0.0285977 -0.00687687 0.00233346 0.000574815 0.00221607 0.00159281 0.0125028 -0.00113837 -0.00928243 0.00299596 -0.00216795 -0.00256478 -0.000211263 -0.0221422 9.97602e-05 0.000569956 -0.00918907 -0.0089524 0.0152045 -0.00914873 -9.37954e-05 0.00559672 -0.000514184 -0.00177854 0.00207818 -0.00101746 -0.0613009 -0.000656915 -0.0142927 -0.00536637 -0.0189964 0.000973594 0.00668654 0.00139001 -0.000935036 -0.000414459 -0.000333911 -0.000121353 -0.00372593 -0.00019725 0.000758946 0.00338216 -0.00023872 0.0165298 
-0.00128748 -0.00583328 -0.00100283 0.000761255 0.00813941 -0.0244508 -0.000419786 -0.00943799 -0.0044546 0.0521499 -0.00373771 -0.0017246 0.0459969 -0.00600345 0.0140649 -0.000727459 0.00638525 0.0560099 -0.0117063 0.22711 -0.00118047 -0.0854192 -0.00295453 -0.036929 0.0539712 -0.0152594 0.00796807 -0.0149631 0.0147243 -0.0285095 0.0319211 -0.0420211 -0.0128554 -0.00916574 -0.000298286 -0.0277531 0.0103601 0.00436216 -0.00300564 -0.0124569 -0.000297771 0.0631809 0.0515583 -0.0421172 0.00157798 0.0253429 -0.00155518 5.89231e-06 -0.00345842 -0.000640813 -0.0119375 -0.00778204 -0.000303444 -0.0449608 -1.18752e-05 -0.0181112 -0.00775025 -0.0284139 -0.0249082 0.00021004 -0.0363835 -0.00206087 -0.0358303 -0.00216039 -0.012624 -0.00562606 0.000947133 -0.0245781 -0.00112622 -0.00389389 -0.00349038 -0.0222941 -0.000858009 0.000467413 -0.0313915 -0.0117911 -0.000106634 -0.0036713 -0.00260248 0.0022475 -0.00357376 -0.00143786 0.0314466 -0.00176215 0.0360949 -0.00128098 -0.0216059 -0.00578789 0.00616775 -0.000845704 -0.00104426 -0.000207824 -0.00053946 -0.00509044 -0.00176926 0.000524613 -0.00125448 0.0161903 -0.00780789 0.0404163 
9.5787e-05 0.000278723 -3.1621e-05 9.23919e-05 -0.00180754 0.00313726 0.000184929 0.0056033 0.00316134 0.000795032 -0.000669148 0.00015128 -0.0121344 0.00516654 -0.00283082 -0.00503693 0.000180567 0.000718181 -0.00681552 -0.00118047 0.0268668 -0.00657123 0.00020846 -0.00406943 -0.00548628 -0.00398475 -0.00161824 -0.000351284 0.0051043 0.00335619 -0.0125756 -0.00246233 -0.000508844 -0.00100186 0.000162822 -0.00536421 0.000786381 0.000219914 -0.000942487 0.000771686 0.00190531 -0.00478879 0.00263295 0.00799688 -0.000334321 -0.00586512 -0.00012136 9.04516e-05 3.657e-05 -6.39239e-05 -0.000403473 -0.000287094 5.46274e-05 0.00112487 0.000328213 0.00154526 -0.00542659 -0.000429216 -0.000382582 2.03272e-05 0.00688969 3.04551e-05 -0.00104464 4.54948e-05 -0.000544407 7.61081e-05 5.54162e-05 -0.000425085 1.66535e-05 -0.00138847 0.000254821 -0.000646174 0.000178966 0.000630176 0.00899212 0.000987755 7.12741e-05 -0.000201757 0.000113484 0.000121422 0.000308887 0.000219658 0.00860216 0.000107767 -0.00795018 0.00123074 0.00523238 0.00208491 -0.00152441 0.000307345 0.000272007 0.000123903 -2.92695e-05 0.000152607 0.00031886 0.000598557 -1.97093e-05 -0.00178754 0.00103165 -0.00272554 
0.000845486 0.00280683 0.00151847 -0.00062609 -0.00937498 0.0225453 0.00116862 0.00113721 -0.00516169 -0.0559527 0.00971325 -0.0015046 -0.00728674 -0.00193016 0.0153146 -0.057288 -0.0120553 -0.053616 0.0129095 -0.0854192 -0.00657123 0.223303 0.00761094 0.0285913 -0.0783033 0.0357662 -0.0154733 0.00801988 -0.0437468 -0.0431688 -0.0401788 0.0653834 0.0108695 -0.000965839 -0.000584742 0.0594842 -0.0250751 -0.00547922 -0.0048496 -0.0460975 -0.00430443 -0.01098 -0.0978541 0.0145348 -0.00145922 -0.00418742 0.00317256 -0.00133308 0.00400051 0.000490231 0.0005732 0.0050143 3.89485e-05 0.0369422 -0.000253502 0.0247565 0.0392577 0.0238929 0.0204968 -0.00068082 -5.09141e-05 -0.00186478 0.0361098 -0.000116294 0.0141126 0.00526943 -0.000271807 0.0271742 -1.81935e-05 -0.0038879 0.00277457 0.0181866 0.00179916 -0.00632337 -0.0328902 0.00405274 -7.13334e-05 0.000276886 0.00214826 0.00189349 -0.00161052 0.000872943 -0.0387097 0.00134296 0.00793966 0.00134576 -0.007355 -0.00473082 -0.0105457 0.00210291 0.000714046 -0.00032903 0.000654453 0.00383718 0.000852311 -0.00507732 0.00119621 -0.0041303 0.00718096 0.0177495 
0.000315892 0.000665175 0.000131184 0.000122776 -0.00193529 -0.00255531 0.000459572 0.000530766 -0.000562183 -0.00668627 0.000918361 -0.00129286 -0.000972854 -0.000708693 -0.000428498 -0.0140698 -0.010548 -0.00283352 -0.00520297 -0.00295453 0.00020846 0.00761094 0.0267619 0.00161722 -0.0018041 0.00211104 -0.000258829 0.0013263 0.000134581 -0.00669455 -0.00452257 0.00787435 0.00142848 -6.6126e-05 -2.7101e-05 -0.00584132 0.000783925 0.000908418 -0.00106993 -0.00635589 0.00145936 -0.000465426 -0.00422305 -0.00166332 -0.000219737 0.0012139 -1.13584e-05 -9.29545e-05 -0.000360084 0.000238128 -0.000330806 0.000247034 -1.97013e-05 0.00338812 1.20401e-05 -0.00074057 0.00415143 0.000582161 0.00186838 -4.17491e-05 -0.00608219 0.00036973 0.00225155 1.1658e-05 0.00376954 0.00297142 8.22613e-05 0.00226526 -1.85823e-05 -0.00216386 6.95612e-05 0.000718858 0.00152591 -0.000359396 -0.00254234 -0.000169573 -4.00811e-06 -0.000229609 -0.000118621 -0.000277 4.62635e-05 0.000119108 -0.00172892 0.000172976 0.000904622 -0.000119842 0.000599066 0.000239316 -0.000887095 0.00114128 -2.14129e-05 3.21175e-05 0.000340719 0.000325835 0.00139155 0.000404209 -0.000100868 0.00553884 0.0021481 0.00587357 
-0.00209641 -0.00037523 0.000905268 -0.000505126 -0.0208 -0.00669718 0.00101061 0.00686393 -0.000248842 -0.0764636 0.00553424 -0.00638413 -0.0103395 -0.000291338 0.0510019 -0.0512028 -0.0468351 -0.0318081 0.0166371 -0.036929 -0.00406943 0.0285913 0.00161722 0.247053 -0.0418357 0.0726807 -0.00471337 0.00758667 -0.0417758 -0.0101138 -0.0310927 0.0351563 0.010784 -0.00332807 0.000512845 0.0158826 -0.0302437 -0.0101209 -0.021769 -0.0348082 -0.00656662 0.00625548 -0.0129013 -0.0301222 -0.000451097 -0.0124292 0.00342184 -0.000254832 -0.00017986 -0.000317513 0.00217888 0.00792559 -0.000198766 0.037208 -0.000609148 0.00462995 0.0396208 0.0105729 0.0187231 1.65117e-05 -0.0299366 -0.00088142 0.0264092 -0.000148468 0.0195578 0.0103557 -0.00189872 0.0150674 0.000734121 -0.0158665 0.00138526 0.0138746 -0.00184363 0.00274984 -0.0058144 -0.00031396 8.10921e-05 0.00930655 -0.000393472 0.00181451 0.00322987 -0.000643454 -0.015812 0.000312744 -0.091231 0.00300195 0.0129607 -0.00406312 0.0165957 0.00339787 -0.00081505 -0.000381379 0.000582551 0.00315341 0.00374895 0.000897895 -0.00154781 0.00923526 0.0099929 -0.040348 
0.00236015 -0.01019 -0.00142805 0.000374191 0.0107665 -0.0516381 -0.00190645 -0.0148447 -0.00448727 0.0303082 -0.00560201 -0.0150419 0.0382104 -0.0139647 -0.00843217 0.034504 0.00818784 0.0317366 -0.0213125 0.0539712 -0.00548628 -0.0783033 -0.0018041 -0.0418357 0.248149 -0.0510509 -0.00320318 -0.0175177 0.0580687 0.00589346 0.037251 -0.0308864 -0.00995447 -0.0158367 0.000364956 -0.0674746 0.0331484 0.00555214 0.00660991 0.0717651 0.000664608 -0.00434451 0.057076 -0.0515558 -0.00393637 0.0394733 -0.00230038 0.00108654 -0.00749615 -0.00046612 -0.00754687 -0.00419856 -0.000390413 -0.0451866 -0.000487466 -0.019793 -0.0202695 -0.0086251 -0.018462 -8.09859e-05 -0.0186822 -0.00246586 -0.0314789 -0.00181902 -0.00951631 -0.0129127 0.000767038 -0.00295123 -0.000485959 0.000996359 -0.00264281 -0.0157986 -0.00661778 -0.00644908 -0.0239721 0.0044556 -0.000208431 -0.00368477 -0.00207286 -0.00144301 0.00132682 -0.00117466 -0.00215757 -0.00118136 0.0761971 -0.00580042 -0.0158011 -0.0164159 -0.0102895 -0.00462925 -0.000656283 4.42959e-05 -0.000743336 -0.00215881 -0.00368742 0.00612666 -0.00107694 -0.0057108 -0.0139071 0.0304973 
-0.00166114 0.0111853 0.00103524 -0.000500085 -0.00764148 -0.00675983 0.000512906 0.00448536 0.0059838 -0.0693812 0.00211447 -0.0125186 -0.0436971 0.000337727 0.0325864 -0.0457507 -0.0698214 -0.0322535 0.0243594 -0.0152594 -0.00398475 0.0357662 0.00211104 0.0726807 -0.0510509 0.20389 -0.00172166 0.00851538 -0.0337903 -0.0465408 -0.0377566 0.0202452 0.0135769 -0.0104024 0.000697105 -0.0377915 -0.0191107 -0.00416775 -0.0150004 -0.076852 -0.00422696 0.0514888 -0.00467803 -0.0254082 0.00398873 -0.0254455 0.00383579 -0.00129042 0.000328237 0.000232241 0.0137084 0.0120441 0.000152389 0.0390114 -0.000416404 0.00369932 0.066577 0.00775893 0.0277035 0.000763286 -0.0452823 0.00482377 0.0282197 -0.000932997 0.0204028 0.0133677 -0.000775471 0.0152466 -8.69877e-06 -0.0197881 0.00144318 0.0146802 0.00282378 -0.0025638 -0.0019222 0.00208697 0.000180155 0.0109254 -0.000151165 -0.00208088 0.00626235 -0.000215035 -0.0298787 -0.000145918 -0.045613 0.00366232 0.00293251 -0.00309185 0.0113398 0.00633805 -0.000342918 -0.000149409 0.00183302 0.00306713 0.00298442 0.00280801 -0.000772435 0.016602 0.00800335 0.00718554 
-0.000137019 -0.00269031 -0.000255199 -1.98402e-05 0.011577 -0.00489421 -4.91639e-05 -0.004041 -0.00106335 0.00618289 0.00309553 0.00186115 0.0299289 -0.00329842 -0.0123729 0.0103394 0.0078533 0.00304069 -0.0168534 0.00796807 -0.00161824 -0.0154733 -0.000258829 -0.00471337 -0.00320318 -0.00172166 0.100898 -0.00141667 -0.0201899 -0.00206393 0.014259 -0.0105689 -0.00088026 0.00632018 -0.00010288 -0.0148744 -0.00495991 -0.000959007 0.0141395 0.00468475 -9.63005e-05 0.00320214 -0.024989 -0.00687067 0.000424243 -0.00105178 -0.000611387 0.000683855 0.00116302 -3.25589e-05 -0.000212761 -0.00216084 -1.87876e-06 -0.00838094 -2.42742e-05 -0.00706475 0.00250903 -0.00501005 -0.00179801 0.000575539 0.00573097 -0.00091739 -0.00410439 -0.000427598 0.000715207 -0.00293817 6.6992e-05 -0.00512131 -0.000140683 0.00669112 -0.000458941 -0.00248253 -0.00119138 0.00489565 -0.0234592 0.00312653 -1.44895e-05 -0.00232643 -0.000535989 0.00067178 -0.00156118 -0.000167714 0.00753277 -0.000283075 0.0181812 -0.000570943 -0.00877623 -0.00399796 -0.00492424 -0.00120536 -0.000276003 -4.74811e-05 -0.000251957 -0.000410897 0.00234562 4.32855e-05 0.00083417 -0.00729606 -0.000769441 -0.0199003 
9.19462e-05 -0.000462712 5.96392e-05 -8.2899e-05 -0.00349999 0.000851008 -8.84913e-05 0.000251695 4.25569e-06 -0.015071 -0.000526029 0.00296799 -0.011297 0.00117242 -0.00261714 -0.00129359 -0.00746686 -0.0120619 0.00654644 -0.0149631 -0.000351284 0.00801988 0.0013263 0.00758667 -0.0175177 0.00851538 -0.00141667 0.0474581 -0.00802776 -0.0010268 -0.0105273 0.00127046 0.00488891 0.000640715 0.000270391 0.0117882 -0.00345697 -0.00120002 -0.000951188 -0.0118389 -0.000708709 -0.00912133 -0.0061845 0.00906689 -0.000282714 -0.00996774 0.000219851 6.1456e-05 -2.87353e-05 0.000155421 -0.000767248 0.00293117 9.2722e-05 0.0149401 1.26261e-06 0.00260209 -0.000989051 0.00556718 0.00445088 2.75461e-05 0.00276835 0.000793185 0.0127865 0.000845563 -0.000691821 0.000206253 -0.000260504 0.0031206 3.37823e-05 -0.00223642 0.000247905 0.00439638 0.000150409 -0.000814665 0.000992448 -0.000848359 -1.80876e-05 0.00121593 0.00188549 -0.000481976 0.00132662 -3.44609e-05 -0.00144975 0.000375869 -0.0131243 -0.000642718 -0.00209015 0.00435715 0.00384275 0.000445987 -1.11951e-06 -4.34281e-05 0.000101493 4.2291e-05 -0.00066108 -0.000217495 -0.000121879 -0.00258608 0.00295261 -0.00659498 
0.00104075 -0.00529314 -0.00116048 7.60757e-05 -0.00493112 -0.00754671 -0.00206877 -0.00330349 5.73686e-07 0.0278004 -0.000101845 -0.014112 -0.0149955 -0.00478282 -0.0249393 -0.0167819 -0.00405249 0.0247258 -0.00663362 0.0147243 0.0051043 -0.0437468 0.000134581 -0.0417758 0.0580687 -0.0337903 -0.0201899 -0.00802776 0.225058 -0.0137502 0.00568617 0.0269984 -0.00664328 -0.00723348 0.000235145 0.00252478 0.0279608 0.00682473 -0.000788966 0.017557 0.00566942 -0.0436277 0.0789044 -0.00543468 0.000898306 -0.0489466 -0.00143742 -0.000768636 -0.00470255 -8.15711e-05 -0.00534582 0.000248473 0.00011383 -0.0229148 4.15105e-05 -0.0142662 -0.0590058 -0.00591318 -0.0102178 -0.000366912 0.0044957 0.000782495 -0.017309 -0.000156389 -0.00987957 0.000455671 -0.00132782 -0.0104106 8.99881e-05 -0.0179311 -0.00134828 -0.00369908 0.00190885 -0.00750475 0.0194727 0.00395849 -0.000111284 -0.00143317 0.000114467 0.00380224 0.00472806 0.000505493 0.0139989 0.000699115 0.000985898 -0.00321146 -0.00783272 0.000805013 0.00373856 0.000826186 0.000607917 -4.77032e-05 -0.000975821 0.00216013 -0.00425001 0.0043717 0.000983299 0.00290017 -0.000318237 -0.00536112 
0.000332866 -0.00561758 -0.00125524 -0.000127625 -0.00947408 -0.000832409 -0.000587239 -0.00234255 -0.00390119 0.0302626 -0.00540662 0.0108139 -0.00158349 0.0072987 -0.0429038 0.0618206 0.028702 -0.0122049 -0.0131426 -0.0285095 0.00335619 -0.0431688 -0.00669455 -0.0101138 0.00589346 -0.0465408 -0.00206393 -0.0010268 -0.0137502 0.236289 0.0112302 -0.0234799 -0.00728656 0.0128495 -0.000374717 0.0246918 0.0132572 -0.00904823 0.00814541 0.0740595 -0.00367608 -0.0579904 0.0249782 0.0268782 0.00108547 -0.0124928 -0.00157647 0.0012799 -0.00391745 -0.00116285 -0.0105219 -0.00512191 0.000114014 -0.00858516 -0.000129771 0.000276324 -0.0517719 0.00379461 -0.00689685 -0.000107219 0.036235 -0.00368144 -0.0057313 0.000189882 -0.0213174 -0.00364494 0.000529361 -0.00709877 0.000303383 0.00507047 0.00014366 -0.00265499 -0.00495282 0.00526742 -0.00251681 0.00197815 -2.4783e-05 -0.00812291 0.000586662 -0.00431202 -0.00611943 0.000122325 -0.0023882 -0.000812835 -0.011686 -0.00377905 -0.0221419 0.00667717 0.00891247 -0.00411055 -0.00041377 0.000198596 -0.0005373 -0.00303596 -0.00442173 -0.00370156 -0.00113297 -0.03081 -0.00275199 -0.0363346 
-0.000578963 -0.00271783 -0.00184122 -3.99746e-05 0.0127122 -0.00671634 -0.00325949 -0.0153877 -0.00141961 0.043797 -0.00152919 -0.00161611 0.0693515 -0.00987279 -0.0104415 0.0454338 0.0295982 0.041379 -0.00888313 0.0319211 -0.0125756 -0.0401788 -0.00452257 -0.0310927 0.037251 -0.0377566 0.014259 -0.0105273 0.00568617 0.0112302 0.153531 -0.0246985 -0.0141175 -0.00306929 -0.00119519 -0.00370602 0.00233573 0.00244804 0.0087335 0.0310065 -0.00124584 0.0031854 0.0268667 -0.0250189 -0.00194173 0.0265506 -0.00348232 0.000105096 -2.45333e-05 -0.000395063 -0.00381539 -0.0117661 -0.000302298 -0.0472594 -0.000366578 -0.0264104 -0.0286672 -0.0161484 -0.0250231 5.66576e-05 -0.0123641 -0.0041926 -0.0423948 -0.000511476 0.000964341 -0.00486295 -0.000774573 -0.0222687 -0.000707126 0.0143669 -0.00203283 -0.0195199 -0.00229168 0.000370992 -0.00124151 -0.0063779 -0.000205713 -0.00985345 -0.0037185 -0.00328733 -0.00295002 -0.00106473 0.00520743 -0.00182808 0.0211661 -0.00531081 -0.0109031 -0.00459 0.00148913 -0.00718644 -0.000759715 -0.000178199 -0.00154632 -0.00692353 -0.00128337 -0.00257589 -0.00113673 0.000402218 -0.0155677 -0.00138463 
0.000403022 -0.00287428 0.00083515 -0.000310523 -0.00584961 0.0191913 0.000453728 -0.00409394 0.00141227 -0.040684 0.0157805 -0.00372995 0.00175042 -0.00182403 -0.00463141 -0.0601129 -0.0345911 -0.0317463 -0.00732582 -0.0420211 -0.00246233 0.0653834 0.00787435 0.0351563 -0.0308864 0.0202452 -0.0105689 0.00127046 0.0269984 -0.0234799 -0.0246985 0.171771 0.00857435 0.00831299 -5.22352e-05 0.0496482 -0.0160722 0.00469811 -0.00887098 -0.0477702 -5.19408e-05 -0.0191139 -0.029581 -0.00158704 0.00102457 -0.0255981 0.00111315 -0.000930234 0.00342934 0.000942084 0.00100819 0.000343705 -8.50596e-05 0.0151848 -0.000168075 0.0043256 0.00897266 0.0190677 0.0133349 -0.000304482 -0.0205592 -0.000848705 0.0157048 0.0001775 -0.00162598 0.00975627 -0.000943345 0.013086 -8.90415e-05 -0.0120413 0.00266094 0.0220283 2.27612e-05 -0.00432056 -0.0294048 0.000785327 7.81963e-06 0.00394237 0.00163381 0.00697556 -0.000437345 0.00121032 -0.0207376 0.00134064 -0.0100553 0.00291646 -0.0201214 0.000902955 0.00468628 0.00135902 0.00108162 -6.97433e-05 0.000191455 0.00447404 -0.00117987 -0.0022637 0.00154706 0.000849649 0.0125242 -0.0115971 
-8.66279e-05 0.00124205 0.000197719 -4.59386e-05 -0.0020055 -0.00156562 0.00014245 0.00266308 -0.000360947 -0.0157632 0.00068215 -0.000620333 -0.0102128 -0.000273424 -0.000225079 -0.0102842 -0.0135178 -0.0132761 0.000646089 -0.0128554 -0.000508844 0.0108695 0.00142848 0.010784 -0.00995447 0.0135769 -0.00088026 0.00488891 -0.00664328 -0.00728656 -0.0141175 0.00857435 0.0245768 -0.00111167 9.90398e-06 -0.000388731 -0.0020975 -0.000571327 -0.000877788 -0.0108069 -0.000291437 -0.00399292 -0.00731849 -0.000420713 -1.94738e-05 -0.00562716 0.000771494 -0.000105516 -0.000190867 0.000141475 0.00391456 0.000719531 -2.40935e-05 0.0164451 -3.84647e-05 0.000805752 0.0106575 0.00580623 0.0135076 -5.84757e-05 -0.00520895 0.000489119 0.0125588 -2.13434e-05 0.00491849 0.00158071 -0.000128461 0.00464133 1.55959e-05 -0.00177507 0.00048745 0.00867781 -0.000503371 -0.000575457 -0.000536453 -0.000510361 2.82297e-05 0.00308407 0.000425275 -0.000255849 0.000655184 7.382e-05 -0.00390251 0.000343013 -0.00872586 0.000604333 0.00209071 -0.000743376 -0.000230471 0.00136201 -1.76639e-05 -1.37839e-05 0.000530388 0.000972033 0.000439829 -0.00033139 -1.9188e-05 0.000143444 0.00358058 -0.00282906 
-8.08569e-06 0.000250659 -2.82768e-05 -9.05069e-05 0.00628021 0.00302669 0.000211338 -0.00168253 0.000482185 0.00648457 0.000678142 0.00367171 -0.00162161 0.00138949 -0.00842452 0.00755738 0.00541117 -0.000970645 -0.00863547 -0.00916574 -0.00100186 -0.000965839 -6.6126e-05 -0.00332807 -0.0158367 -0.0104024 0.00632018 0.000640715 -0.00723348 0.0128495 -0.00306929 0.00831299 -0.00111167 0.054085 5.17627e-05 0.0125512 -0.00225847 -6.83618e-05 1.46819e-05 -0.00258444 0.000426097 -0.00788104 -0.00834978 0.0124231 0.00269971 -0.0106893 -0.000324203 0.000144133 -0.000735323 -4.33206e-05 -0.00172841 -0.00121062 -5.59654e-05 -0.00356331 4.68361e-05 -0.000624995 -0.0151476 0.00175561 -0.00203654 -8.4119e-05 0.0081043 -0.000499227 -0.000472416 0.000656146 -0.00367718 0.00100182 -0.000195607 -0.000936662 -5.989e-05 0.00595279 0.000501827 -0.00117642 0.00094128 0.00109887 -0.00923692 0.00285029 3.90013e-05 -0.000384223 0.000839304 -0.000217912 -0.00135952 0.000355323 -0.00151905 0.000112247 -0.000889439 -0.000417106 -0.0066474 0.0061501 0.00444747 -0.000863737 0.000178436 6.76353e-05 -0.000103535 7.20647e-05 -0.00056684 -0.000661817 -9.43547e-05 -0.005447 0.000827346 -0.0155062 
