0.0554691 -0.00204026 -0.00600669 -0.00534222 -0.000609617 -0.00147532 -0.00155513 7.76685e-05 0.00201527 -0.00097457 -0.00444841 -0.00641032 0.00499875 -0.00178823 -0.00721304 0.000884562 -0.0163088 0.00216331 0.00251204 -0.0122947 -0.00281195 0.00819161 -0.00637464 -0.00956633 -0.00853296 0.0131968 -0.0104237 0.0144513 -4.98095e-05 -0.00137028 -0.000618825 0.00905569 -0.00970776 0.00468278 0.00549688 -0.00480175 0.00412251 -0.00082096 -0.00113191 -0.00472546 -0.0043815 0.00111763 -0.00073203 -0.00632352 0.00246483 -0.00234905 -0.00171484 0.00944189 0.0170626 -0.00113901 -0.000313883 0.00105256 0.000249987 -0.0013045 -0.00181404 -0.00697855 0.0177599 0.000272938 0.00339147 0.00202812 0.00155268 -0.0100111 0.00394245 -0.000451042 0.000870835 0.00151798 -0.000487216 0.00102101 0.00454542 -0.00212308 -0.00568628 -0.00700167 -0.00418043 0.00138396 -0.00105399 0.00340062 -0.000641519 -0.00835316 0.00237141 -0.000128902 -0.00125696 -0.00972195 -0.0015359 -0.000455057 0.000990799 0.0115292 0.00027237 0.00279845 0.00616758 -0.00514153 -0.000553047 -0.00494988 0.00163727 -0.00173569 -0.00115013 0.00652308 -0.00184654 -0.00159195 -0.0120102 0.00383662 
-0.00204026 0.0524486 0.02442 -0.0212755 -0.00158101 -0.000681471 0.0032722 -0.021309 -0.00419433 -5.7191e-05 0.0203453 -0.0044738 -0.00497896 -0.00185459 -0.00169738 0.0119654 0.00291078 -0.000200311 0.00274043 0.00380546 -0.00290603 -0.00210058 0.0187938 -0.0116596 -0.00660058 -0.0117468 -0.0137241 -0.00754617 -0.00109994 -0.00320761 -0.00119447 0.00130728 0.0123542 -0.00338047 0.0040793 -0.00336648 -0.00125256 -0.000270896 0.000296534 -0.000741902 0.0175081 -0.00263833 -0.000790625 -0.00494791 0.00512343 0.00300565 -0.00271044 -0.0125739 -0.0144172 0.00134757 -0.00499951 -0.000652213 -0.00530329 -0.00160921 -0.000651664 0.0216764 -0.00636143 -0.00604444 -0.000937348 -0.00102401 -0.00990562 0.0119463 -0.00937671 -0.00101353 -0.00184217 0.000383598 -0.000272871 -0.00584187 -0.00289269 0.00286828 -0.00589551 0.0247074 -0.000119871 -0.00490439 -0.00156818 -0.00341042 -0.00116693 -0.00638261 -0.00331001 -0.00238497 0.00214422 -0.000996416 0.00141286 0.000371609 -0.000879574 -0.00196594 0.000676879 -0.00450703 0.0100647 -0.00454637 0.000304121 0.00101412 0.00202065 -7.96341e-05 -0.00138752 -0.00308171 -7.91495e-05 0.00157634 0.0155466 -0.00382285 
-0.00600669 0.02442 0.106659 -0.0315707 -0.00466199 -0.00226337 0.0181411 -0.028084 -0.0188919 0.00284746 0.0406576 0.000131721 0.000106258 0.0075063 -0.00433019 0.0387416 0.0239525 -0.011338 0.00021324 -0.00908016 -0.0136099 -0.00224208 0.0399378 -0.0274509 -0.00911023 -0.0162256 -0.0151724 -0.00833438 -0.00217613 0.00973999 -0.00231389 -0.00346826 0.0222025 -0.0114136 -0.000698733 -0.00824097 -0.000634666 0.00136714 0.00840873 0.00213267 0.035938 -0.00551726 -0.000436619 -0.009437 0.00355976 0.00449708 -0.0103134 -0.0304102 -0.0368432 -0.00146142 -0.0047461 -0.00141065 -0.0123485 -0.00173057 -0.00272892 0.0263411 -0.00399495 -0.0175201 -0.00618244 -0.00259057 -0.026927 0.0406092 -0.0160675 -0.00165673 -0.00299921 -0.000768506 -0.00145897 -0.00737586 -0.00651615 0.00581376 -0.0137007 0.0546172 0.0004246 -0.0200007 0.00128048 -0.00805086 -0.00249826 -0.0170904 -0.0189813 -0.00447285 0.0028439 -0.00345735 -0.002536 0.000116792 -0.00262662 0.00088568 0.00141569 -0.0116059 0.0262844 -0.00663099 3.13691e-05 -0.00890047 -0.00675181 -0.000802871 -0.00408973 -0.0130274 0.00377013 0.00260199 0.0423064 -0.0065181 
-0.00534222 -0.0212755 -0.0315707 0.24844 0.00865801 -0.00464066 -0.0203591 0.024733 0.0381543 -0.00033242 -0.0502269 -0.0460842 0.0137634 0.0104962 0.0146118 -0.0920529 -0.0213437 -0.00757044 0.0420005 -0.0175934 0.00923561 -0.0434294 -0.0471397 0.110308 0.0140516 -0.0612482 -0.0211157 -0.0229435 0.00308839 -0.00755716 -0.00180051 0.00833911 -0.0640207 -0.037559 -0.0167228 0.0464021 -0.00649455 -0.000329617 -0.00465987 0.00318425 -0.0318993 -0.00189151 0.00484969 0.0262494 -0.0117913 -0.0015751 0.0204179 -0.00109146 0.0903914 -0.00269011 0.0283792 -0.00125198 -0.02524 -0.0045744 -0.00195843 -0.0783015 -0.0186669 0.0168658 0.0226324 -0.001461 0.10785 -0.0822197 0.0559768 0.00152299 0.00280802 -0.00564574 0.00266948 0.0116135 0.0127 -0.000805152 0.0146993 -0.0627625 -0.0227353 0.0589803 -0.016236 0.00858641 -0.000213316 0.0468433 0.0409262 0.0132669 0.00100151 -0.0841105 -0.0233116 0.0014571 0.00091275 -0.00151258 -0.00442561 0.0376311 -0.0362404 0.0428775 -0.00535211 0.0138588 -0.0419617 0.00166159 0.00772031 0.0264425 -0.00512127 -0.00526818 -0.102829 0.0192978 
-0.000609617 -0.00158101 -0.00466199 0.00865801 0.0528077 -0.00151345 -0.0145286 0.00346112 0.0211113 -0.00112815 -0.00546861 -0.010678 -0.000318544 0.0060059 0.0151633 -0.00956214 -0.0070964 0.0106682 0.0166651 -0.00856547 -0.0133219 -0.00287637 -0.00391805 0.0227282 -0.00751811 -0.00577875 -0.0119129 2.92994e-06 0.00376177 -0.00575296 0.00332251 -0.00119688 -0.0118836 -0.00512401 -0.00144373 0.0206735 0.000355852 0.00601752 -0.000777999 -0.0018419 -0.00376854 -0.00208982 0.00653802 0.00304618 -0.00297855 0.00193429 0.00399774 -0.00739372 0.000365718 0.0021387 -0.000228992 0.00218005 -0.00568551 -0.00138923 -0.00172126 -0.00779139 -0.00361458 0.00541673 0.0056252 -0.00032383 0.003406 -0.0115979 -0.00224213 -0.000560847 0.0128938 0.00175327 -0.000249294 -0.00333356 0.00451563 -0.00236707 -0.000828022 -0.0069741 -0.00388129 -0.00323375 -0.00303474 0.000471162 0.000826938 -0.00678878 0.00242642 0.00033544 0.00436136 -0.0129775 -0.00416617 0.00165814 0.000117164 -0.00217113 0.00117849 -0.00376231 -0.000778419 -0.00383166 -0.000601839 -0.0029667 -0.00561919 0.00365451 0.00599772 0.004142 -0.000502763 0.000147915 -0.0168727 0.00485509 
-0.00147532 -0.000681471 -0.00226337 -0.00464066 -0.00151345 0.0437237 -0.00538587 -0.00336022 -0.0060135 -0.000849175 0.00413456 0.0150842 -0.00276363 -0.0022566 -0.00154834 0.000894217 0.0102591 0.00131242 -0.0120293 0.0244639 0.00716479 -0.00427585 -0.000614618 -0.00814726 -0.00332446 -0.00524095 0.0136239 -0.0058157 -0.00112478 -0.00347869 -0.000639711 -0.00704221 0.000459574 0.00954656 -0.00117651 -0.00724556 -0.00143355 -0.00064579 -9.80852e-05 0.000116285 -0.00246683 -0.00165026 -0.000504531 -0.00393706 -0.00207403 -0.00150708 0.00403402 -0.00227714 -0.00918428 -0.00074805 -0.00380845 -0.000146468 0.00264287 0.00299331 -0.000630998 0.00212175 -0.00436954 -0.0149264 -0.00313368 -0.00155542 -0.0111902 -0.00073406 -0.00843351 6.16347e-05 -0.00100755 -0.000118051 0.000167114 -0.00674653 -0.00275171 0.00789561 0.00899337 0.0039724 0.00778048 -0.0081087 0.001397 -0.00160158 0.00277465 -0.000757912 -0.00701001 -0.00308677 0.00083536 0.0211784 -0.00253069 -0.000107199 -0.000170056 -0.00182722 -0.000825112 -0.0058512 -0.00612565 -0.000958814 6.03183e-05 0.00363171 -0.000117021 0.00531096 -0.00034824 -0.00603073 0.00371192 0.000210146 0.0165504 -0.00266329 
-0.00155513 0.0032722 0.0181411 -0.0203591 -0.0145286 -0.00538587 0.218683 -0.0252592 -0.029202 0.000504888 -0.000939485 -0.00320323 -0.00910547 0.0063397 -0.0193182 0.047071 -0.00342965 -0.029994 -0.00466696 -0.00132443 0.00473429 0.00402708 0.00019945 -0.0383717 0.0234594 0.0169273 -0.0173036 0.0193508 0.00392993 0.00489499 -0.00888441 0.0297138 -0.0110853 -0.0161215 0.0177351 -0.0177144 -0.00215961 -0.00475877 0.000584529 -0.0228534 0.00887048 0.000396286 -0.00846814 -0.00391245 -0.00699418 -0.00502915 -0.00119622 -0.0105108 0.0115617 -0.00852452 -0.00933666 -0.00705086 0.00586719 -0.00840218 -0.00381795 0.00969609 -0.0198676 0.00337326 -0.0153999 0.00427711 0.011405 0.0358822 -0.0134201 -0.00355279 -0.0120479 -0.000424871 -0.00282749 -0.011775 -0.0176826 -0.000642978 -0.0340251 0.0245318 -0.0121007 0.0149604 -0.00137504 -0.0189163 -0.00685886 -0.00678507 -0.00545696 0.006002 -0.00375413 0.00804789 0.00458793 -0.000484788 0.000458313 -0.00201075 -0.000848876 0.00576999 -0.000642618 -0.00425278 -7.66461e-05 -0.0107767 0.0158329 -0.00817351 -0.00202271 -0.0045054 -0.00404786 -0.00695928 0.0273974 -0.00600365 
7.76685e-05 -0.021309 -0.028084 0.024733 0.00346112 -0.00336022 -0.0252592 0.248632 0.00615529 0.00223206 -0.0336926 0.0333622 0.0312156 0.0012433 0.0218213 -0.0293325 0.032223 0.0304743 -0.0477803 -0.0078585 0.0423505 0.0242169 -0.0282285 -0.000380084 -0.0106044 0.0227071 0.0458885 0.0210141 -0.00522476 -0.00296525 -0.00146816 -0.0294961 0.00976669 -0.0323088 -0.0162206 -0.0141379 0.00390857 0.00458625 -0.00470696 -0.00833979 -0.0185522 -0.0071471 -0.0108367 -0.00315841 -0.0187169 -0.0188946 -0.0208418 0.0254601 0.00934484 0.000974482 -0.00749433 0.00146224 0.00544764 0.00226899 0.00219645 -0.00501651 0.0542998 0.060552 -0.0215381 0.00334784 0.00140641 0.00272031 0.0147772 -0.00797375 -0.0154335 -0.011815 0.0015083 -0.00323319 0.0105587 -0.0116025 0.011526 -0.0384682 -0.0202691 -0.0316062 -8.86381e-05 -0.0217508 -0.00654706 0.0021498 -0.0525716 -0.0181063 -0.0084721 0.00385093 0.00584115 -0.00101984 -0.00115489 0.0110576 -0.00586696 -0.0280424 0.00834971 -0.0236489 -0.00503251 -0.0067158 -0.0138611 -0.00564768 -0.00687043 -0.0218485 -0.0164675 -0.00362952 -0.00271939 0.024248 
0.00201527 -0.00419433 -0.0188919 0.0381543 0.0211113 -0.0060135 -0.029202 0.00615529 0.149058 -0.00363884 -0.0198952 -0.0397019 -6.40173e-05 0.00644315 0.0124138 -0.0350961 -0.0266955 0.00517399 0.0263151 -0.00209428 0.0184193 -0.0172083 -0.0142017 0.0766693 -0.029219 -0.0203573 -0.0323558 0.0023572 -2.48242e-05 -0.0138722 0.00884548 0.000290941 -0.0322695 -0.00978253 -0.00637203 0.0738005 -0.00211807 0.0047034 -0.00291941 0.00220004 -0.00752321 0.00828509 -0.000354549 -0.00179498 -0.00828093 0.000757602 0.0256224 0.0335843 0.021063 0.00814213 0.0224341 0.00119149 -0.01867 -0.00764405 -0.00468762 -0.0162666 0.00396197 0.0102346 0.009866 -3.07991e-05 0.0275153 -0.0404596 -0.00321522 -0.0011235 0.0183785 0.00800251 -0.00202855 -0.0160781 -0.000865951 -0.00609642 -0.00513896 -0.0136399 -0.011305 0.00660423 -0.0104077 0.0209878 -0.00436274 -0.0159244 0.0160045 -0.00345057 -0.000940985 -0.0340631 -0.00912851 0.00357315 -0.00031927 -0.00651221 0.00125726 0.00213903 -0.0145042 -0.0095672 -0.00221558 0.00417058 -0.0159709 -0.0018288 0.00797311 -0.00833975 -0.00456875 0.00207397 -0.0495622 0.00511046 
-0.00097457 -5.7191e-05 0.00284746 -0.00033242 -0.00112815 -0.000849175 0.000504888 0.00223206 -0.00363884 0.029733 0.0015557 0.00195571 0.00219466 0.00177061 0.00946562 0.000211095 0.0021158 -0.000941189 -0.00251602 -0.00537888 -0.00382796 -0.00224094 -4.74551e-05 -0.00627587 -0.000575963 0.00351339 0.00457662 0.00198317 -0.000467377 0.000497247 -0.000908587 -0.00144252 -0.00284259 -0.00267343 0.000579881 -0.00225546 -0.000589912 8.6206e-05 -0.000137271 -0.00211142 0.000149176 0.000841276 0.00074336 -0.00191176 -0.00120035 0.000298281 -0.000731132 -0.0068351 -0.00632352 -0.000893956 -0.00169291 0.000295391 4.19024e-05 0.000308197 0.00101641 -0.00215288 0.000597336 0.00549521 -0.00244566 0.0010299 -0.00266309 -0.000927276 -8.6711e-05 -0.000396605 -0.00151249 -0.000563453 -0.000324889 0.00279865 0.00360736 -0.000926107 0.00231203 -0.00226546 -0.00162763 -0.00138965 0.000121525 -0.00207254 0.000960135 -0.000277728 -0.00175011 -0.000408013 -0.000151279 -0.00406615 0.00105781 0.000356147 -0.000441568 9.27403e-05 0.00100663 -0.00313569 0.0104503 -0.00125643 0.000172466 -0.00129732 -0.00150278 -0.000462937 -0.0010759 0.0029298 -0.000631817 -0.000506793 -0.00276607 -0.00161819 
-0.00444841 0.0203453 0.0406576 -0.0502269 -0.00546861 0.00413456 -0.000939485 -0.0336926 -0.0198952 0.0015557 0.140339 0.00242176 -0.00810764 -0.00147412 -0.0119915 0.0322317 0.0484111 -0.013784 -0.000402166 0.00266017 -0.00655719 -0.00985813 0.0256811 -0.0361211 -0.0134496 -0.00299736 -0.0103624 -0.00622831 -0.00108313 0.0115519 -0.00113255 -0.0103515 0.0574188 0.00137908 0.000721889 -0.0190031 -0.000171969 0.00239134 0.00218161 -0.00176646 0.0223286 -0.00531209 -0.000188948 -0.0160117 0.00654217 0.00256929 -0.0107549 -0.0320799 -0.0403198 0.0107844 -0.0110268 -0.00245754 -0.0173494 0.00903535 0.000865282 0.0276596 -0.011396 -0.0186075 -0.00671877 -0.00351354 -0.0337032 0.0478178 -0.0247042 -0.00208453 -0.00423174 -0.00095971 -0.00138772 -0.000444285 -0.00281889 -0.00359455 -0.0137635 0.0546016 0.0022886 -0.0239265 0.00413361 -0.00763352 1.50248e-05 -0.0150197 -0.0205296 -0.00614959 -0.000245681 0.000326026 0.00118386 -0.000471877 -0.00217331 -0.00347529 -0.00127672 -0.0201579 0.00824236 -0.0156217 0.00465008 -0.00401599 0.0142811 -0.00287 -0.00513658 -0.0145002 0.0142055 0.00312112 0.0526269 -0.00521436 
-0.00641032 -0.0044738 0.000131721 -0.0460842 -0.010678 0.0150842 -0.00320323 0.0333622 -0.0397019 0.00195571 0.00242176 0.181269 0.00959635 0.00485293 0.00157583 0.043729 0.0591442 0.0106318 -0.0824366 0.0520383 0.033081 0.00352035 -0.0133296 -0.0609326 -0.0180805 -0.00607253 0.077643 -0.0177424 -0.00579926 -0.0148754 -0.00401367 -0.043515 0.0426638 0.0281217 -0.00615383 -0.0401547 0.00151497 0.0032787 -0.00355397 -0.00560836 -0.0128766 -0.00904359 -0.0088655 -0.0222398 -0.0106275 -0.0110993 -0.00846169 0.00848827 -0.0313068 -0.00498887 -0.0164884 -0.00142874 0.0310892 0.0049318 0.00601909 0.0404454 0.0118786 -0.0423112 -0.0193677 -0.00343481 -0.0519333 0.054142 -0.0419661 -0.00265065 -0.0113475 -0.00721133 -0.000442846 -0.0182828 -0.017657 0.00554819 0.0395288 0.00419028 0.0292708 -0.0405242 0.00203989 -0.0137942 0.00442074 -0.0173603 -0.0359766 -0.0149207 -0.00504444 0.0871589 0.0185907 -0.0019087 -0.00298126 -0.0066345 -0.00417058 -0.033896 -0.000754052 -0.0204554 -0.000648744 0.00175589 0.00494773 -0.00352847 -0.00772333 -0.0336283 0.00673528 -0.00278703 0.0788299 -0.0120397 
0.00499875 -0.00497896 0.000106258 0.0137634 -0.000318544 -0.00276363 -0.00910547 0.0312156 -6.40173e-05 0.00219466 -0.00810764 0.00959635 0.0943784 0.0122152 0.0137513 -0.00865838 0.00731972 0.000973492 -0.0295802 -0.00641618 0.00657761 0.0146409 -0.00927552 0.00294155 -0.0045301 0.00714748 0.00832482 -0.00444649 -0.000914003 0.00251857 0.000370664 -0.00618627 -0.00906331 -0.0118501 -0.00389646 -0.00516738 -0.000180203 0.00578847 -0.00100725 -0.00659749 -0.00581035 0.00193852 -0.00242974 0.00234215 -0.00650187 -0.00100697 -0.00316195 -0.0116856 0.00947676 0.000471862 0.00436051 0.00708186 0.000440049 -0.0019093 0.00583546 -0.00904325 0.0144261 0.000307539 -0.00860233 0.0045801 0.00164586 -0.00368113 -0.000779206 -0.0012912 -0.00558507 0.00134242 -0.000286268 -0.000832204 0.00200552 0.00415711 -0.00107541 -0.0139293 -0.00434521 -0.0119589 0.00107253 -0.00650614 0.001176 -0.00550281 -0.0148604 -0.00689274 -0.000696982 -0.0147189 0.00321323 -0.000423852 -0.000456022 0.00332567 -0.000561701 -0.00960871 0.00492979 0.00626611 -0.000958182 0.00475139 -0.00908857 0.000187913 -0.00282348 -0.00856382 -0.00150148 -0.000269547 -0.0121797 -0.00152186 
-0.00178823 -0.00185459 0.0075063 0.0104962 0.0060059 -0.0022566 0.0063397 0.0012433 0.00644315 0.00177061 -0.00147412 0.00485293 0.0122152 0.080474 0.00704146 -0.00207248 0.00866361 -0.00778299 -0.00297384 -0.00946119 0.00807494 -0.00755525 -0.00570234 0.0132403 -0.014846 -0.00156464 -0.00235031 -0.00217808 -0.000162114 -0.000435411 0.00349957 -0.00175581 -0.011102 -0.00631363 -0.00289662 0.0156243 -0.00120778 0.00204342 -0.000432353 -0.00441351 -0.00269727 -0.000895346 0.000342125 -0.00876057 -0.00531969 -0.0007776 -0.00283547 -0.00612053 0.00250789 -0.00120791 0.00665534 -0.000224655 0.00146059 -0.00341568 -0.0020045 -0.00439165 -0.00391382 -0.0145044 -0.00224291 -0.00191467 -0.00118005 1.01279e-05 -0.00474614 -0.0013808 0.00346186 -0.00204169 -0.000849072 -0.0116607 0.00228377 0.00690288 0.00028702 -0.00110534 -0.00525078 -0.00263116 -0.00227168 0.000672075 0.000519736 -0.00782635 -0.00359043 -0.00295525 0.000462411 -0.0126083 0.00169654 0.00165968 -0.000810158 -0.00146982 -0.000902762 -0.00550383 0.00501324 0.00276657 -0.000786133 -0.00651434 -0.00471769 0.00269684 -0.00010151 -0.00552352 0.00203978 -0.0020302 0.00388895 0.001402 
-0.00721304 -0.00169738 -0.00433019 0.0146118 0.0151633 -0.00154834 -0.0193182 0.0218213 0.0124138 0.00946562 -0.0119915 0.00157583 0.0137513 0.00704146 0.187796 -0.0350787 0.0417038 0.0166783 -0.000437807 0.0151428 0.0050992 -0.013716 -0.00529342 -0.00393959 -0.0129928 0.0029343 0.0374984 0.00848953 0.00151072 0.0120498 -0.00174849 -0.0245904 -0.019689 -0.0117688 -0.00535076 -0.00971247 -0.00346177 0.00816334 0.00257521 -0.00300148 -0.0119734 0.00441445 0.0017625 0.00801093 -0.00795003 0.00233489 -0.0138897 -0.0392901 -0.00501949 0.0029541 -0.0194656 0.00920238 0.0160632 -0.00390276 -0.000113958 -0.00951638 0.00996741 0.0449427 -0.0122116 0.00211686 -0.0303552 -0.0313692 0.00608563 -0.00452808 -0.00880504 0.000309003 -0.00158871 0.0123008 0.0079999 0.00692397 0.0441227 -0.0200649 -0.00299046 -0.0354636 -0.0100303 -0.0150113 0.00430808 -0.000397653 -0.0330135 0.000254494 -0.00305579 -0.00332581 -0.00342522 -0.0004207 -0.00027867 -0.00739478 0.00203189 -0.0327931 0.0176364 -0.00733551 -0.00243008 -0.0114379 -0.0030477 -0.00114235 -0.00286226 -0.018127 -0.00713061 0.00208312 -0.0235962 0.000323037 
0.000884562 0.0119654 0.0387416 -0.0920529 -0.00956214 0.000894217 0.047071 -0.0293325 -0.0350961 0.000211095 0.0322317 0.043729 -0.00865838 -0.00207248 -0.0350787 0.198435 0.0382002 -0.030055 -0.0301871 -0.0064524 -0.0407419 0.0152604 0.0316977 -0.0779976 0.00241081 0.0375459 -0.00147628 0.0325507 -0.00530249 4.50797e-05 -0.00260339 -0.0125623 0.0408995 0.0213372 0.00773074 -0.0447558 -0.00261751 -0.000291385 0.00116624 -0.00978816 0.0346456 -0.00448035 -0.00853435 -0.0191425 -0.00593926 -0.00443806 -0.0128549 -0.0223079 -0.0404421 -0.00872949 -0.0247827 -0.0015574 0.0102726 -0.00149739 -0.000356728 0.0310037 -0.0260758 -0.0200081 -0.0194931 -0.000731788 -0.0478132 0.0978684 -0.0377926 -0.00173323 -0.00803325 -0.00423549 -0.00218761 -0.0103657 -0.0165151 -0.003238 -0.00788298 0.0469281 0.0202893 -0.0223218 0.00867976 -0.0159584 -0.00179224 -0.0380757 -0.035045 -0.0110212 -0.00315946 0.053243 0.0224804 -0.0015012 -0.00179291 -0.000700456 0.000720994 -0.00705527 0.0136807 -0.0256192 0.0042644 -0.0229494 0.0155982 -0.00393595 -0.00793968 -0.00269276 0.00273938 -0.00213671 0.091992 -0.0158632 
-0.0163088 0.00291078 0.0239525 -0.0213437 -0.0070964 0.0102591 -0.00342965 0.032223 -0.0266955 0.0021158 0.0484111 0.0591442 0.00731972 0.00866361 0.0417038 0.0382002 0.231174 -0.00941763 -0.0504277 0.0257984 -0.0171027 -0.0434897 -0.00458149 -0.0327501 0.00354637 -0.0132333 0.0532611 -0.0136857 -0.00134193 0.0206316 -0.00421768 -0.0389615 0.0730102 0.00217168 -0.0139376 -0.0365559 0.00481765 0.00878032 -0.00259586 0.00183971 0.00376938 -0.00519945 0.00201949 0.00146991 -0.0116952 -0.00796503 -0.0234266 -0.0554165 -0.0605336 0.00716253 -0.0291409 0.00144826 0.00673102 0.0123815 0.0108278 0.0210359 -0.0238273 -0.00265504 -0.0184529 -0.00619215 -0.0615374 0.0648835 -0.0332914 -0.000853359 -0.0132454 -0.00851567 -0.00207598 -0.000353143 -0.0149012 0.00242597 0.0388714 0.0101979 0.0244525 -0.0589497 0.0227814 -0.020649 -9.54029e-05 -0.0140146 -0.0587411 -0.0141191 -0.00479068 0.0307445 0.015568 -0.000755454 -0.00553048 -0.0174613 -0.00442821 -0.0456479 -0.00697382 -0.00962249 0.000931709 -0.0231814 0.0107665 -0.00607152 -0.0054923 -0.0455657 0.00945963 0.00290357 0.0755039 0.00226947 
0.00216331 -0.000200311 -0.011338 -0.00757044 0.0106682 0.00131242 -0.029994 0.0304743 0.00517399 -0.000941189 -0.013784 0.0106318 0.000973492 -0.00778299 0.0166783 -0.030055 -0.00941763 0.15841 -0.00808604 0.0202823 0.0255504 -0.00293463 -0.0081076 0.00425659 -0.0147534 0.00182362 0.0235571 -0.00512474 0.00197217 -0.0105683 -0.00312591 -0.0117992 -0.016209 -0.000645792 -0.0020234 -0.00584795 0.00306205 0.00425432 0.000167787 -0.00489657 -0.00382255 -0.00594423 0.00232642 0.00747159 0.00838256 0.00722745 -0.010616 -0.0114887 -0.0165027 0.00749767 0.00423763 0.00505489 -0.00151025 -0.00535305 0.0155801 -0.00423413 0.0213177 0.022823 0.00315752 0.000679235 -0.0274153 -0.029224 0.00123953 -0.00316593 0.00234829 -0.00601661 0.00144792 -0.0121048 -0.00321682 -0.00582977 0.0143654 -0.00917552 -0.00976615 -0.0130944 -0.00330637 0.00349516 0.00103691 0.0103258 0.00135397 0.00186057 -0.00213459 -0.00743402 -0.0114221 -0.000448772 -0.00227453 -0.00595554 0.00187016 -0.0143979 0.0386815 -0.0169421 -0.00113986 0.0243522 -0.0212962 0.000358267 -0.00185304 -0.0104726 -0.00569241 0.00130437 -0.0416003 -0.00115135 
0.00251204 0.00274043 0.00021324 0.0420005 0.0166651 -0.0120293 -0.00466696 -0.0477803 0.0263151 -0.00251602 -0.000402166 -0.0824366 -0.0295802 -0.00297384 -0.000437807 -0.0301871 -0.0504277 -0.00808604 0.240569 -0.0451636 -0.0430698 -0.0116827 3.10004e-07 0.058312 0.0138078 -0.013537 -0.0599676 0.0205112 0.00171063 -0.0146228 0.00405947 0.0584079 -0.0622235 -0.0291328 0.00586797 0.0526013 -0.0121165 -0.00741105 0.00255515 -0.0108304 0.00542061 -0.00716524 0.0129457 0.0106757 0.00161252 0.00625537 0.00664606 -0.0246698 0.0212812 -0.00346905 0.00614791 -0.00460429 -0.0407605 -0.00062306 -0.0128444 -0.066694 -0.0032456 0.0326449 0.0239097 0.0018029 0.057646 -0.0575703 0.0518448 -0.00119556 0.0212749 0.00415008 -0.000581493 0.0224974 0.0126916 -0.00986031 -0.0219957 0.000630215 -0.0281809 0.0627298 -0.0240679 0.00624828 -0.0071851 0.0208211 0.0421732 0.0149938 0.00698711 -0.0739478 -0.0443908 0.00116597 -0.00549713 -0.000667588 0.0035787 0.0461467 0.023345 0.0125167 -0.00393575 -0.020951 -0.0268522 -0.000737175 0.000466643 0.0479998 0.00248922 0.000469742 -0.0737605 0.00567662 
-0.0122947 0.00380546 -0.00908016 -0.0175934 -0.00856547 0.0244639 -0.00132443 -0.0078585 -0.00209428 -0.00537888 0.00266017 0.0520383 -0.00641618 -0.00946119 0.0151428 -0.0064524 0.0257984 0.0202823 -0.0451636 0.199515 0.0945936 -0.015692 0.0119755 -0.0247223 -0.0381177 -0.0383946 0.0535439 -0.0121485 -0.00549905 -0.0247472 -0.00224017 -0.0311649 0.00227049 0.0158086 -0.00207795 -0.0131414 -0.00523236 -0.0037016 -0.00035065 0.0137644 -0.00252326 -0.00634716 -0.00818803 -0.0042874 -0.000389763 0.00105996 0.00759858 -0.00434691 -0.0144596 0.00117317 0.00591191 0.00117544 0.0112105 -0.00110163 0.00461048 0.0301731 -0.00895355 -0.0355927 -0.012181 -0.00513265 -0.0520982 -0.00790576 -0.0318896 -0.00295403 -0.0118936 -0.00458285 -0.000414886 -0.0411302 -0.0183983 0.0268226 0.031008 0.0330962 0.0151718 -0.035964 -0.00931246 -0.00280291 0.00258768 -0.0158545 -0.022848 -0.0177853 -0.0027197 0.0692097 -0.00743317 0.000267678 -0.00156722 -0.00710756 -0.00249979 -0.0339122 -0.0133842 -0.0173814 -1.58452e-05 0.0409689 -0.00112667 0.00617098 -0.00524996 -0.0382574 0.00708448 0.0029008 0.0399019 -0.0148594 
-0.00281195 -0.00290603 -0.0136099 0.00923561 -0.0133219 0.00716479 0.00473429 0.0423505 0.0184193 -0.00382796 -0.00655719 0.033081 0.00657761 0.00807494 0.0050992 -0.0407419 -0.0171027 0.0255504 -0.0430698 0.0945936 0.241744 -0.00429917 -0.0104341 0.00471304 -0.060913 -0.018637 0.0467024 -0.00994933 -0.00759437 -0.0227835 -0.00101816 -0.018509 -0.00924094 -0.00872825 -0.009084 0.0139319 -0.00435713 -0.00639372 -0.00151113 -0.00442901 -0.0146631 -0.012268 -0.0131878 -0.0241332 -0.0111038 -0.0070621 -0.00023577 0.0511436 0.0113988 0.000280098 0.0219505 -0.00119238 -0.00208158 -0.0109529 0.00694305 0.0309222 0.0534381 -0.0344364 -0.0139243 0.00253543 -0.0111556 -0.0149414 -0.0226303 -0.00472436 -0.010297 -0.0074032 0.00182387 -0.0548534 -0.0109151 0.0164413 0.00457977 0.0299282 -0.0170902 -0.0219891 -0.0128701 0.00543135 -0.00195686 -0.000939021 -0.0114311 -0.0287111 -0.00877545 0.0221665 0.000408743 -0.000812204 -0.00113111 -0.00156752 -0.00777513 -0.0365367 -0.00514937 -0.0110599 -0.000801723 0.0463819 -0.00890694 -0.00905203 -0.0045637 -0.0468296 -0.000950958 -0.00189097 0.000652041 -0.00361368 
0.00819161 -0.00210058 -0.00224208 -0.0434294 -0.00287637 -0.00427585 0.00402708 0.0242169 -0.0172083 -0.00224094 -0.00985813 0.00352035 0.0146409 -0.00755525 -0.013716 0.0152604 -0.0434897 -0.00293463 -0.0116827 -0.015692 -0.00429917 0.14321 0.0110012 -0.0406612 -0.00563024 0.0494481 -0.00123088 0.00544232 -0.00364656 -0.00109518 -0.00166582 -0.00545773 0.00946663 0.0017736 0.00735096 -0.022633 -0.00219205 -0.00318079 0.00544915 -0.00890529 0.00492017 0.00334332 -0.00355083 -0.00601143 -0.00329558 -0.00324988 -0.00466541 0.0276832 -0.00657849 -0.00187116 -0.00714404 0.00188337 0.0177963 0.00530114 -0.00423798 0.00804694 0.0295844 -0.0026119 -0.0117828 0.00115078 -0.022214 0.0132155 -0.0170234 -0.00152911 -0.00296002 0.00335141 0.00153483 0.0191516 -0.000408629 -0.0117777 -0.0177003 0.00561048 -0.00657626 -0.0267773 7.69665e-05 -0.00353027 -0.00365523 -0.0200017 -0.016725 -0.0069065 -0.000587528 0.0221649 0.00417248 -0.00136835 0.00256518 0.0228392 0.00169598 -0.00679091 0.00683701 -0.0131115 -0.000337279 -0.00498263 0.00660935 -0.00236425 0.000648301 0.00114214 -0.00589126 -0.00169876 0.0155297 -3.60262e-05 
-0.00637464 0.0187938 0.0399378 -0.0471397 -0.00391805 -0.000614618 0.00019945 -0.0282285 -0.0142017 -4.74551e-05 0.0256811 -0.0133296 -0.00927552 -0.00570234 -0.00529342 0.0316977 -0.00458149 -0.0081076 3.10004e-07 0.0119755 -0.0104341 0.0110012 0.118766 -0.0366296 0.000541013 -0.0182717 -0.043428 0.00378312 -0.00204252 0.00556852 0.00493138 -0.00215848 0.0160796 -0.00593622 0.00414237 -0.0209655 -0.00266642 -0.0010908 0.00694844 0.0235593 0.0483346 -0.00653679 -0.00553636 0.000186863 0.022158 0.0150906 -0.00906823 -0.0220427 -0.0424099 -0.000108288 -0.00865771 -0.00196403 -0.00993394 -0.00157698 -0.00373491 0.0250649 -0.00981001 -0.0153014 -0.00856991 -0.00107468 -0.0295264 0.0307807 -0.0167975 -0.00104143 -0.000485114 0.00165472 -0.00147402 -0.00296853 -0.00506856 0.00696437 -0.00934272 0.0459115 0.0057051 -0.0188873 -0.000169599 -0.00714708 0.00206706 -0.00440205 -0.0147747 -0.000893892 0.00180704 0.0057543 -0.00624437 -0.000433113 -0.00225438 0.0030326 0.00731448 -0.00788886 0.0161652 -0.0102502 0.00138838 0.000286908 0.00305895 0.00300605 -0.00410246 -0.00520742 -0.00209895 0.00291152 0.0240818 -0.00810929 
-0.00956633 -0.0116596 -0.0274509 0.110308 0.0227282 -0.00814726 -0.0383717 -0.000380084 0.0766693 -0.00627587 -0.0361211 -0.0609326 0.00294155 0.0132403 -0.00393959 -0.0779976 -0.0327501 0.00425659 0.058312 -0.0247223 0.00471304 -0.0406612 -0.0366296 0.213917 -0.00875192 -0.0674117 -0.0450755 -0.0327616 0.00403223 -0.0186013 0.00396797 0.0132977 -0.0603601 -0.023229 -0.0112848 0.0949191 -0.00621657 0.00541427 -0.00570689 -0.00111384 -0.0248986 -0.00270056 0.00788444 0.0170184 -0.00989054 0.00320554 0.0283628 0.0196236 0.0477178 0.00702257 0.0360412 -0.0033228 -0.0282673 -0.006013 -0.0043656 -0.0407352 -0.0238414 0.00369888 0.0238711 -0.00791345 0.0817539 -0.0669638 0.0177998 0.00311729 0.0207222 0.00512767 0.000998045 -0.0251983 0.0114028 0.00771312 -0.0101081 -0.0414843 -0.0216221 0.0520845 -0.018095 0.024398 -0.00302408 0.0201385 0.0567759 -0.00108261 0.00898231 -0.071576 -0.0207537 0.00296849 -0.00134597 -0.00602476 -0.00124589 0.0404471 -0.0300683 0.0440805 -0.00406837 0.00509794 -0.0268094 0.0097647 0.00577416 0.0168174 -0.00274237 0.00102801 -0.0806568 0.0207811 
-0.00853296 -0.00660058 -0.00911023 0.0140516 -0.00751811 -0.00332446 0.0234594 -0.0106044 -0.029219 -0.000575963 -0.0134496 -0.0180805 -0.0045301 -0.014846 -0.0129928 0.00241081 0.00354637 -0.0147534 0.0138078 -0.0381177 -0.060913 -0.00563024 0.000541013 -0.00875192 0.179427 0.0106288 -0.0167343 -0.0185749 0.00475586 0.00518398 0.00014719 0.0315986 -0.00701719 -0.0122691 0.000281858 -0.0186879 0.00034953 -0.00232222 0.00274949 0.00366048 -0.00135577 -0.00630047 -0.00132147 0.0349776 0.00400845 0.00607937 -0.00856055 -0.0501886 -0.00970908 -0.00567436 -0.0169298 -0.00441546 -0.00859303 0.00337149 0.00125263 -0.0309259 -0.0220055 0.0390518 -0.00342926 0.003589 0.0333302 0.00472987 0.0176173 0.0023746 -0.0107066 0.00643345 0.000482896 0.0343516 -0.0108049 -0.01157 0.00100004 -0.0193431 -0.00259978 0.0213033 0.0189988 -0.015001 -0.00228499 0.0567682 0.00479979 0.017632 0.00356618 -0.0113733 -0.0102331 -0.00214221 -0.00458918 -0.00897408 0.000771763 0.0244188 -0.0233956 0.0346761 -0.00154813 -0.0116711 -0.00959145 -0.00126494 -0.00182526 0.0284704 -0.00222981 0.000276241 -0.0235905 -0.0036264 
0.0131968 -0.0117468 -0.0162256 -0.0612482 -0.00577875 -0.00524095 0.0169273 0.0227071 -0.0203573 0.00351339 -0.00299736 -0.00607253 0.00714748 -0.00156464 0.0029343 0.0375459 -0.0132333 0.00182362 -0.013537 -0.0383946 -0.018637 0.0494481 -0.0182717 -0.0674117 0.0106288 0.186265 0.0336473 0.0352768 -0.00455111 0.0164138 -0.00257235 -0.0014963 -0.00641567 0.00810734 0.00925806 -0.0420713 -0.00584313 -0.00472371 -0.000543888 -0.00696653 -0.0098507 0.00723426 -0.00403394 -0.00562335 -0.0112025 -0.00906833 -0.0102802 0.0106911 0.0039429 -0.00496439 -0.0154322 0.00539722 0.0191775 0.00539847 0.000191821 -0.0138737 0.0260834 0.0309691 -0.0143199 0.0155796 -0.0255531 0.0161348 0.00518103 -0.00237398 -0.00361003 -0.00318502 -0.000322513 0.0223354 0.0020756 -0.0156296 -0.012688 -0.0143892 -0.011867 -0.0230422 0.012867 -0.00113697 -0.00503466 -0.00752729 -0.0240754 -0.00937284 -0.00521968 0.0100825 0.0141119 -0.00212614 0.00363101 0.0019397 -0.00108663 -0.00975005 0.0259453 -0.0210266 0.00153657 -0.00946611 0.00527495 -0.00589923 -0.00437998 0.00741034 -0.00756044 -0.00542749 0.010074 -0.0118063 
-0.0104237 -0.0137241 -0.0151724 -0.0211157 -0.0119129 0.0136239 -0.0173036 0.0458885 -0.0323558 0.00457662 -0.0103624 0.077643 0.00832482 -0.00235031 0.0374984 -0.00147628 0.0532611 0.0235571 -0.0599676 0.0535439 0.0467024 -0.00123088 -0.043428 -0.0450755 -0.0167343 0.0336473 0.242545 -0.0313455 -0.0108272 -0.00039737 -0.0110158 -0.051078 0.022446 0.0338121 -0.0118398 -0.0305794 -0.00324882 0.00244634 -0.00442853 0.00239725 -0.0291766 0.00492218 0.00147481 -0.0175426 -0.0268534 -0.0183227 -0.00810655 0.0073582 -0.0136866 -0.00596988 -0.0129442 0.00699056 0.0270265 0.00968216 0.0106611 0.010564 0.0108917 -0.0124769 -0.0293631 -0.00456589 -0.0518874 0.0132653 -0.00694594 0.00284774 -0.0180645 -0.0136465 0.00260133 -0.00154075 0.00226039 0.000207561 0.0373427 -0.0161284 0.0146253 -0.051902 0.0108577 -0.0134418 0.00337691 0.00999086 -0.0513464 -0.0263327 -0.00827846 0.0793884 0.0149052 -0.00269379 -0.00386743 -0.0148087 -0.00938569 -0.0524384 0.0116431 -0.00203273 -5.09849e-05 0.0126802 -0.00861246 -0.00125864 -0.00748606 -0.0425057 0.00609352 -0.00227446 0.0560006 -0.0262395 
0.0144513 -0.00754617 -0.00833438 -0.0229435 2.92994e-06 -0.0058157 0.0193508 0.0210141 0.0023572 0.00198317 -0.00622831 -0.0177424 -0.00444649 -0.00217808 0.00848953 0.0325507 -0.0136857 -0.00512474 0.0205112 -0.0121485 -0.00994933 0.00544232 0.00378312 -0.0327616 -0.0185749 0.0352768 -0.0313455 0.176797 0.000943511 -0.000332004 0.00657661 0.0154261 -0.0278923 -0.0105489 0.00150576 -0.0168397 0.00158253 -0.00186464 -0.00256001 -0.00991615 0.0058653 0.00228878 0.0014477 -0.00635633 -0.00504951 -0.00614068 -0.00771596 0.00614115 0.0150565 -0.00633679 -0.000562085 0.00290684 -0.00454774 -0.00151952 -0.00613498 -0.0152831 0.0213408 0.0250177 -0.00184179 0.00653696 -0.0164435 -0.0075594 0.0104146 -0.00403231 0.00693301 -8.53683e-06 -0.00118548 0.00514139 0.0156516 -0.00659238 -0.0153878 -0.0118561 -0.0116342 -0.00213395 -0.0058457 -0.0048248 -0.00148587 -0.0323215 -0.0173692 -0.00633157 -0.00218295 -0.0190114 0.00259398 -0.00057605 0.00407009 0.0131774 -0.000634328 -0.00419178 0.0351069 -0.0224156 0.000593704 -0.0148672 0.00434328 0.000328847 -0.00328468 0.00512561 -0.00621487 -0.00301462 -0.0135837 0.0071306 
-4.98095e-05 -0.00109994 -0.00217613 0.00308839 0.00376177 -0.00112478 0.00392993 -0.00522476 -2.48242e-05 -0.000467377 -0.00108313 -0.00579926 -0.000914003 -0.000162114 0.00151072 -0.00530249 -0.00134193 0.00197217 0.00171063 -0.00549905 -0.00759437 -0.00364656 -0.00204252 0.00403223 0.00475586 -0.00455111 -0.0108272 0.000943511 0.0257424 0.0017686 -4.15949e-05 0.0022604 -0.00377465 -0.00264585 0.000548842 -0.00297512 0.00525395 0.00150796 0.000817661 -0.0012472 -0.00171392 -0.000406655 0.00235903 0.00976603 0.00254751 0.00224352 -0.00145889 -0.00529884 -0.00104678 0.00233549 0.000692522 -0.000202418 -0.000359295 -0.000629989 -8.79882e-05 -0.00485971 -0.0037754 0.00856842 -0.00141848 0.000128603 0.000322265 -0.00499537 0.00211426 -0.000368895 0.000684755 0.00316534 -0.000237346 0.00499379 -0.00145757 -0.0013306 0.000178796 -0.00317889 -0.000819129 0.00445693 -0.00109879 -0.001052 -0.000404603 -0.00278764 0.00286369 0.00800628 0.00124582 -0.00666084 -0.00142555 6.4274e-05 0.000406425 -0.000116106 0.000515262 0.000789615 -0.00381624 -0.000259079 -0.000283913 -0.00204412 -0.00105726 0.000156666 0.00203936 0.00255253 0.000485732 0.00141797 -0.0083828 0.00394492 
-0.00137028 -0.00320761 0.00973999 -0.00755716 -0.00575296 -0.00347869 0.00489499 -0.00296525 -0.0138722 0.000497247 0.0115519 -0.0148754 0.00251857 -0.000435411 0.0120498 4.50797e-05 0.0206316 -0.0105683 -0.0146228 -0.0247472 -0.0227835 -0.00109518 0.00556852 -0.0186013 0.00518398 0.0164138 -0.00039737 -0.000332004 0.0017686 0.107864 -0.00147439 -0.0218895 0.02216 -0.00658986 -0.00161528 -0.0173966 0.00492739 -0.000561279 0.00474094 0.00345702 -0.000580841 0.00521603 -0.000895694 0.0128367 -0.00149493 0.00862253 -0.00824116 -0.012489 -0.00931462 0.000783468 -0.00576365 -0.000684471 -0.00234507 0.00342428 -0.000682143 0.00313889 -5.60586e-05 0.00919266 -0.0108353 0.000668731 -0.0150356 0.00590886 0.0161178 -0.00181643 -0.00692935 -0.00101607 -0.0011593 0.043718 0.0101571 -0.00820557 -0.00202485 0.00394687 0.00230555 -0.0203188 0.0051714 -0.00540207 -0.000995788 -0.00135385 -0.014781 0.00197189 -0.00267611 -0.00571179 -0.00238127 -0.000392987 -0.00061892 0.00051531 -0.00112847 -0.0114289 -0.0115064 0.00462654 0.000148609 -0.00977716 0.00776544 -0.00281451 -0.000675669 -0.0142385 -0.00274012 0.0031053 0.00446323 0.00688356 
-0.000618825 -0.00119447 -0.00231389 -0.00180051 0.00332251 -0.000639711 -0.00888441 -0.00146816 0.00884548 -0.000908587 -0.00113255 -0.00401367 0.000370664 0.00349957 -0.00174849 -0.00260339 -0.00421768 -0.00312591 0.00405947 -0.00224017 -0.00101816 -0.00166582 0.00493138 0.00396797 0.00014719 -0.00257235 -0.0110158 0.00657661 -4.15949e-05 -0.00147439 0.033103 0.00499654 -0.00529863 -0.00217581 -0.0011605 0.00957144 0.000143418 0.000914061 -6.98818e-05 0.00524561 0.00338969 0.000366413 0.00316558 -0.000988312 0.00232427 -0.000190113 -5.29878e-05 -0.000854257 -0.00449938 0.000469516 0.000265569 0.000206433 -0.0038395 -0.00101891 5.61205e-05 -0.00257443 0.00251798 -0.00735256 0.00140737 -0.000315862 0.00296975 -0.00287885 -0.00466226 -0.000119418 0.00630967 0.00374622 -0.000372083 -0.00393471 -0.00113751 0.000361606 -0.00184022 -0.00191471 0.00110365 -0.00199702 0.000321595 -3.64141e-05 0.000407507 -0.000873775 -0.00203157 -0.00129131 0.000638471 -0.00605923 -0.00170213 0.00268811 -0.000446776 -0.00133965 0.000109238 0.000269808 0.0015472 -0.0014333 0.000310901 0.00264649 -0.00319375 -0.00068541 0.0027535 -0.0010091 0.000401947 0.00132658 -0.00740003 -0.000327224 
0.00905569 0.00130728 -0.00346826 0.00833911 -0.00119688 -0.00704221 0.0297138 -0.0294961 0.000290941 -0.00144252 -0.0103515 -0.043515 -0.00618627 -0.00175581 -0.0245904 -0.0125623 -0.0389615 -0.0117992 0.0584079 -0.0311649 -0.018509 -0.00545773 -0.00215848 0.0132977 0.0315986 -0.0014963 -0.051078 0.0154261 0.0022604 -0.0218895 0.00499654 0.165339 -0.0414122 -0.0203826 0.0133571 0.0170125 0.000160377 -0.00435546 -0.00326317 -0.00816124 0.00830452 -0.00316307 0.00328825 -0.00239052 0.00770515 0.00012311 -0.00073049 -0.0187054 0.0214111 -0.00560669 0.00977244 -0.00410178 -0.0188751 -0.00803072 -0.00626392 -0.0355012 0.0018754 0.0196601 0.01219 0.0037715 0.0267557 -0.0275532 0.0279219 -0.0015458 0.00574101 0.0109379 -0.000438032 -0.0141187 -2.17121e-05 -0.0058507 -0.0228094 -0.000800992 -0.0154934 0.054271 -0.00947969 0.000915643 -0.00250133 0.0302235 0.028078 0.0130198 0.00395171 -0.043477 -0.01544 0.000785183 -0.00121396 0.00522581 0.00202175 0.0307287 -0.0030936 0.0132984 -0.000718204 -0.00101891 -0.0162487 -0.00312556 -0.00251211 0.0403199 -0.0031372 0.000305454 -0.0463177 -0.0111843 
-0.00970776 0.0123542 0.0222025 -0.0640207 -0.0118836 0.000459574 -0.0110853 0.00976669 -0.0322695 -0.00284259 0.0574188 0.0426638 -0.00906331 -0.011102 -0.019689 0.0408995 0.0730102 -0.016209 -0.0622235 0.00227049 -0.00924094 0.00946663 0.0160796 -0.0603601 -0.00701719 -0.00641567 0.022446 -0.0278923 -0.00377465 0.02216 -0.00529863 -0.0414122 0.187979 0.0137973 -0.00440318 -0.0407201 0.015631 0.000106555 0.00174438 -0.00105173 0.0151471 -0.00376033 -0.00439316 -0.021635 0.00423689 -0.00763978 -0.0181379 -0.00387823 -0.0594303 0.00795931 -0.0224334 -0.00366147 0.00234443 0.0107693 0.00460619 0.0649587 0.00674422 -0.0219711 -0.014736 -0.00655033 -0.0481841 0.0773099 -0.0403583 0.00115117 -0.0135234 -0.00534821 -0.000912684 0.00353447 -0.00987326 -0.0116301 0.00618246 0.0278515 0.0306518 -0.046126 0.0218239 -0.0123621 0.000315198 -0.0255511 -0.0406882 -0.00593865 -0.00483668 0.050161 0.0191903 -0.00210319 -0.00187436 -0.00412139 -0.0014866 -0.0299023 -0.0221387 -0.0202492 0.00374741 -0.0189234 0.0456356 -0.00670075 -0.00113472 -0.028273 0.00353394 -4.36833e-05 0.0872064 0.00267653 
0.00468278 -0.00338047 -0.0114136 -0.037559 -0.00512401 0.00954656 -0.0161215 -0.0323088 -0.00978253 -0.00267343 0.00137908 0.0281217 -0.0118501 -0.00631363 -0.0117688 0.0213372 0.00217168 -0.000645792 -0.0291328 0.0158086 -0.00872825 0.0017736 -0.00593622 -0.023229 -0.0122691 0.00810734 0.0338121 -0.0105489 -0.00264585 -0.00658986 -0.00217581 -0.0203826 0.0137973 0.118396 0.00207285 -0.0145616 -0.000707988 -6.46252e-05 -0.00185796 -0.0020331 -0.00563772 0.0118077 -0.00250195 -0.0150865 -0.00163085 -0.00423952 0.0050367 0.0251386 -0.0171559 -0.00359085 -0.00766691 0.000766095 0.0267576 0.000346245 -0.00340626 0.0238233 -0.0063642 -0.0291751 0.0025831 -0.00383004 -0.0311021 0.0175283 -0.0164073 0.00224618 0.000786531 0.00511467 -0.00126755 -0.0070476 -0.00730419 0.000371789 0.00302516 -5.28614e-05 0.0223561 -0.00964579 0.00695645 0.00570392 -0.00225012 -0.0112491 -0.00345019 -0.00761516 -0.000130608 0.0538791 0.0204533 -0.00107043 0.00123151 -0.00446781 -0.00103377 -0.0146 -0.0178847 -0.0103958 0.0003915 -0.00485357 0.0152839 0.00251927 -0.00308016 -0.0153082 0.0140326 0.00153762 0.0383661 -0.00874267 
0.00549688 0.0040793 -0.000698733 -0.0167228 -0.00144373 -0.00117651 0.0177351 -0.0162206 -0.00637203 0.000579881 0.000721889 -0.00615383 -0.00389646 -0.00289662 -0.00535076 0.00773074 -0.0139376 -0.0020234 0.00586797 -0.00207795 -0.009084 0.00735096 0.00414237 -0.0112848 0.000281858 0.00925806 -0.0118398 0.00150576 0.000548842 -0.00161528 -0.0011605 0.0133571 -0.00440318 0.00207285 0.042012 -0.00782604 0.000540616 -0.000976798 -0.000504915 -0.00343948 0.00357016 0.0020738 -0.00160566 -0.0032569 0.00661483 0.000718978 -0.00338557 -0.00465634 0.00430538 -0.000665554 -0.00220911 3.13452e-05 0.00672024 -0.00176331 -0.00117945 -0.00065435 -0.00420344 0.00176268 -0.000571204 -0.000200064 -0.0013797 -0.00242149 -0.000370704 -0.000575499 -0.00263953 0.00207318 -0.000286775 -0.000319911 0.00123797 -0.00181866 -0.0057787 0.00498276 -0.00268173 0.00446793 -0.00100387 -0.000943261 -0.000769192 -0.00296585 0.00842253 0.00345666 -0.000377605 0.00450809 -0.00302995 -0.000217305 -0.000657301 0.00160752 0.00234673 0.00570532 -0.0019864 -0.00344642 0.000151688 -0.00293045 0.00590852 -0.00124419 -0.00205468 0.00762419 -0.0017124 -0.000859477 -0.00142553 -0.00221924 
