0.12321 0.00226827 0.0021508 0.00211618 0.0020896 0.00212561 -0.00114125 -0.00132008 -0.00138231 -0.00140271 -0.00167996 -0.00171331 -0.00177767 -0.00179693 -0.00180096 -0.00177077 -0.00191744 -0.00181424 -0.00184484 -0.00191642 -0.00185732 -0.00192364 -0.0019037 -0.0017402 -0.00197194 -0.0018826 -0.00179865 -0.00184544 -0.00180092 -0.00173826 -0.00172573 -0.0017587 -0.00172785 -0.00164882 -0.00156875 -0.00162337 -0.00161845 -0.00165264 -0.00163721 -0.00164467 -0.00159729 -0.00154984 -0.00168922 -0.00145753 -0.00158303 -0.00151194 -0.00151308 -0.00154464 -0.00149839 -0.00160041 -0.00161256 -0.00156974 -0.00148992 -0.00144533 -0.00151085 -0.00146807 -0.00150793 -0.00151365 -0.00157285 -0.00153425 -0.00153342 -0.00154654 -0.00137239 -0.00146963 -0.00145244 -0.00157336 -0.00152882 -0.00154145 -0.0014917 -0.00150778 -0.00159625 -0.00142601 -0.00144246 -0.00145364 -0.00132206 -0.0014575 -0.00142003 -0.00153182 -0.00150018 -0.00157514 -0.00153644 -0.00153159 -0.00147004 -0.00159287 -0.0015352 -0.00158203 -0.00150536 -0.00149048 -0.00159295 -0.00148784 -0.00150481 -0.00143039 -0.00129129 -0.00127995 -0.0012504 -0.00113005 0.0019154 0.00197103 0.00210576 0.00212017 
0.00226827 0.123549 0.00217088 0.00222154 0.00211967 0.002134 0.001956 -0.00124736 -0.00136163 -0.00137854 -0.00157493 -0.00162803 -0.00174707 -0.00185404 -0.00185278 -0.00176598 -0.00199769 -0.00196102 -0.00190972 -0.00206824 -0.00190655 -0.00192223 -0.00179389 -0.00165376 -0.00198697 -0.00187974 -0.00179185 -0.00183912 -0.0017134 -0.00178605 -0.00180613 -0.00175381 -0.00183871 -0.00174246 -0.00161751 -0.00157306 -0.00162063 -0.00156337 -0.00164312 -0.00162309 -0.00156846 -0.00157617 -0.00160472 -0.00159002 -0.00166735 -0.00157421 -0.00154563 -0.00151637 -0.00155717 -0.00152013 -0.00149644 -0.00155489 -0.00148146 -0.00150913 -0.00147714 -0.00145957 -0.00151077 -0.00148448 -0.0015064 -0.00149407 -0.00155805 -0.00160611 -0.00140001 -0.00150707 -0.00152723 -0.00154185 -0.00146537 -0.00155147 -0.00148278 -0.00150492 -0.00157117 -0.00160335 -0.00151947 -0.0014964 -0.00145875 -0.00141828 -0.00145696 -0.00144396 -0.00156774 -0.0014483 -0.00151825 -0.00151633 -0.00146178 -0.00147749 -0.00144869 -0.00144758 -0.00150666 -0.00142179 -0.00145294 -0.0014859 -0.00145413 -0.00141583 -0.00145108 -0.00135237 -0.00134552 -0.00126252 -0.00111163 0.00183712 0.00205369 0.00204689 
0.0021508 0.00217088 0.124008 0.00230776 0.00215259 0.00227111 0.00222656 0.00200992 -0.00115194 -0.00131822 -0.00150444 -0.00155205 -0.0016972 -0.00178795 -0.0017703 -0.00181219 -0.00200158 -0.00197556 -0.0019526 -0.00201279 -0.00204099 -0.00204545 -0.00180405 -0.00191196 -0.00193521 -0.00195647 -0.00171812 -0.0017987 -0.00177561 -0.00175498 -0.00177462 -0.00177887 -0.00174943 -0.00170876 -0.00158783 -0.00162924 -0.00157684 -0.00165002 -0.00177006 -0.0016838 -0.00147339 -0.0016317 -0.00165 -0.00160939 -0.00156213 -0.00163118 -0.0015498 -0.00151469 -0.00153237 -0.0015068 -0.00137356 -0.00149258 -0.00152691 -0.00149062 -0.00154441 -0.00156216 -0.0014936 -0.0014939 -0.00150954 -0.00154231 -0.00146112 -0.00154378 -0.00154394 -0.00147732 -0.00143048 -0.00154357 -0.00149663 -0.0014196 -0.00156299 -0.00161638 -0.00151792 -0.00146745 -0.00156063 -0.00153919 -0.00151542 -0.00150631 -0.00145892 -0.00147838 -0.00149207 -0.00146502 -0.00144219 -0.0015275 -0.00157949 -0.00153679 -0.00150381 -0.00155614 -0.0014721 -0.00143014 -0.00145145 -0.0014804 -0.00151417 -0.00162122 -0.00138466 -0.00135989 -0.00148612 -0.0012908 -0.00129557 -0.00118978 0.00184125 0.00195919 
0.00211618 0.00222154 0.00230776 0.124356 0.00241153 0.00243168 0.00223368 0.00230116 0.00213303 -0.0012325 -0.00134465 -0.00149669 -0.00144855 -0.00180524 -0.0018382 -0.00182169 -0.00199288 -0.00195998 -0.0019875 -0.00206153 -0.00202118 -0.00192871 -0.00195919 -0.0018174 -0.00205779 -0.00196135 -0.00191956 -0.00180118 -0.00183155 -0.00171175 -0.00183468 -0.00180161 -0.0016851 -0.00173241 -0.0015909 -0.00164085 -0.0016104 -0.00170502 -0.00161998 -0.00159986 -0.00158158 -0.0015963 -0.00163649 -0.00163853 -0.00165131 -0.00166471 -0.00162233 -0.00154979 -0.00154371 -0.00149825 -0.00155127 -0.00157255 -0.00159204 -0.00150534 -0.00157256 -0.00159555 -0.00145238 -0.00153434 -0.00161079 -0.0016206 -0.00158638 -0.00151877 -0.0014632 -0.00144169 -0.00145357 -0.00152193 -0.00147138 -0.00152831 -0.00152715 -0.00155117 -0.0015741 -0.00154355 -0.00160008 -0.00157006 -0.00151245 -0.00145821 -0.00147252 -0.00155455 -0.00152838 -0.00148593 -0.00147991 -0.00148029 -0.00155661 -0.00146392 -0.00156748 -0.00152867 -0.00142372 -0.00143607 -0.00142793 -0.0015389 -0.00153958 -0.00151088 -0.00159085 -0.00156449 -0.00148498 -0.00143009 -0.00136907 -0.00124326 -0.00104212 0.00193981 
0.0020896 0.00211967 0.00215259 0.00241153 0.125206 0.00250478 0.00240003 0.00231082 0.0021358 0.00211337 -0.0012099 -0.00139015 -0.00152835 -0.00164734 -0.00179535 -0.00184661 -0.00197024 -0.00182811 -0.00190694 -0.00204164 -0.00199413 -0.00196615 -0.00194557 -0.00187962 -0.00198821 -0.00196206 -0.00171059 -0.00182948 -0.00178703 -0.00177292 -0.00180038 -0.00182881 -0.00174189 -0.00180598 -0.00176236 -0.001713 -0.00170395 -0.00164624 -0.00171383 -0.00173324 -0.00166467 -0.00160541 -0.00165767 -0.00163674 -0.00163413 -0.0015621 -0.00160649 -0.00162157 -0.00166163 -0.00150635 -0.00153354 -0.00154423 -0.00155197 -0.00166136 -0.00154371 -0.00147438 -0.00148822 -0.00151092 -0.00148121 -0.00152155 -0.00156053 -0.00162531 -0.00148353 -0.00151199 -0.00157978 -0.00159385 -0.00159492 -0.00154076 -0.00154575 -0.00150644 -0.00151276 -0.00156397 -0.00156479 -0.00156187 -0.00146268 -0.00149296 -0.00139468 -0.00163115 -0.00161764 -0.00150762 -0.00153512 -0.00150096 -0.00164135 -0.00160605 -0.00157131 -0.00152527 -0.00146841 -0.00146387 -0.00147953 -0.00147185 -0.00142368 -0.00153019 -0.00153219 -0.00154487 -0.00149648 -0.00154122 -0.00145469 -0.0013994 -0.00128198 -0.00120515 
0.00212561 0.002134 0.00227111 0.00243168 0.00250478 0.128349 0.00252545 0.00242173 0.00242719 0.00222132 0.00210745 -0.00138154 -0.00134888 -0.00161317 -0.00177061 -0.00187047 -0.00211938 -0.00215146 -0.00210198 -0.00212766 -0.00211321 -0.0020938 -0.00195665 -0.00198486 -0.00205616 -0.00214266 -0.0019126 -0.00194684 -0.00190529 -0.00181607 -0.00193365 -0.00188904 -0.00184242 -0.00181536 -0.00168378 -0.00174834 -0.00180662 -0.00178073 -0.00174362 -0.00178654 -0.00160707 -0.00172613 -0.00174002 -0.00178787 -0.00169165 -0.00169483 -0.00175894 -0.00161456 -0.00165308 -0.00158735 -0.0016509 -0.00174137 -0.0016506 -0.001717 -0.00164066 -0.00167004 -0.00170082 -0.00164095 -0.00164536 -0.00173404 -0.00172894 -0.00166956 -0.00157258 -0.00159765 -0.00159763 -0.00160993 -0.00166064 -0.00154148 -0.00156776 -0.00164891 -0.00160908 -0.00161085 -0.00159971 -0.00168137 -0.00155704 -0.00161887 -0.00151964 -0.00160281 -0.00166163 -0.00160967 -0.001588 -0.00167526 -0.00162448 -0.00158119 -0.00166773 -0.0017329 -0.00164295 -0.00158266 -0.00149756 -0.00163901 -0.00158839 -0.00156555 -0.00161174 -0.00162348 -0.00154613 -0.0015922 -0.00147768 -0.00142167 -0.00132839 -0.00117034 
-0.00114125 0.001956 0.00222656 0.00223368 0.00240003 0.00252545 0.129241 0.00255148 0.00246309 0.00235424 0.00222751 0.00204385 -0.00138215 -0.00154331 -0.00174272 -0.00172846 -0.00194015 -0.00190721 -0.00202163 -0.00215053 -0.00221843 -0.00216417 -0.00208465 -0.0019713 -0.00214185 -0.0019933 -0.00187864 -0.00189501 -0.00188645 -0.0018634 -0.00193857 -0.00187598 -0.00180553 -0.00180544 -0.00181935 -0.00180756 -0.00182618 -0.00180955 -0.00179148 -0.00187674 -0.00174556 -0.0016748 -0.00174935 -0.00170244 -0.0017617 -0.00168902 -0.00168045 -0.00172276 -0.0016637 -0.00166643 -0.00167766 -0.00164622 -0.00165658 -0.00165445 -0.00168649 -0.00163283 -0.00165662 -0.00159161 -0.00163148 -0.00156494 -0.00161609 -0.00160818 -0.00160323 -0.00159137 -0.00160956 -0.0017411 -0.00167486 -0.00171932 -0.00169716 -0.00164444 -0.00163618 -0.00162794 -0.00155609 -0.00164771 -0.00163364 -0.00158582 -0.00156755 -0.0016007 -0.00153141 -0.00161278 -0.00171181 -0.00171815 -0.00166252 -0.00163272 -0.00163811 -0.00168189 -0.00160605 -0.00164231 -0.00156631 -0.00163846 -0.00162459 -0.00159162 -0.00155839 -0.00167757 -0.00173697 -0.00161816 -0.00166677 -0.0015721 -0.00146269 -0.00124469 
-0.00132008 -0.00124736 0.00200992 0.00230116 0.00231082 0.00242173 0.00255148 0.130436 0.00264525 0.00251389 0.00244336 0.00232553 0.0022357 -0.00157269 -0.00161284 -0.00161089 -0.00192575 -0.00203113 -0.00201245 -0.00218236 -0.00206456 -0.00217128 -0.00211006 -0.00200319 -0.00207421 -0.00213644 -0.00202621 -0.00199065 -0.00198601 -0.00194953 -0.00197316 -0.00179694 -0.00178937 -0.00187335 -0.00172772 -0.0018199 -0.00188273 -0.00178574 -0.00184497 -0.00180411 -0.00176692 -0.00174738 -0.0017384 -0.00173463 -0.00172877 -0.00174906 -0.00162108 -0.00168874 -0.001699 -0.00173926 -0.00174621 -0.00174877 -0.00172931 -0.00172129 -0.00169661 -0.00167035 -0.00169274 -0.00169378 -0.00165186 -0.00166605 -0.00171427 -0.0017206 -0.00161466 -0.00153741 -0.00174267 -0.00162739 -0.00164244 -0.00161359 -0.00170175 -0.00162712 -0.00167266 -0.00164258 -0.00175999 -0.0016211 -0.00155137 -0.0016192 -0.00163837 -0.00165004 -0.00157655 -0.00163655 -0.0016672 -0.00166156 -0.00161619 -0.00168232 -0.00169115 -0.0016416 -0.00165848 -0.00152608 -0.00157025 -0.00163418 -0.00164901 -0.00168605 -0.00177104 -0.00167473 -0.00167628 -0.0015823 -0.0017026 -0.00159643 -0.00163627 -0.0014045 
-0.00138231 -0.00136163 -0.00115194 0.00213303 0.0021358 0.00242719 0.00246309 0.00264525 0.131594 0.00267454 0.00262963 0.00241324 0.00233469 0.00218715 -0.00151759 -0.00151583 -0.00165899 -0.00193453 -0.00193482 -0.00220634 -0.00211205 -0.00212699 -0.00217089 -0.00209083 -0.00214763 -0.00225718 -0.00205096 -0.00198265 -0.00193312 -0.00204074 -0.00193704 -0.00188829 -0.00181495 -0.00186443 -0.00173885 -0.00176343 -0.00186824 -0.00185987 -0.00185241 -0.00186198 -0.00173399 -0.00174937 -0.00187177 -0.0018086 -0.00180166 -0.001732 -0.00172792 -0.00172054 -0.00175483 -0.0016481 -0.00172883 -0.00172812 -0.00167593 -0.00175053 -0.00164565 -0.00168404 -0.00179107 -0.00171747 -0.00170363 -0.00179561 -0.00171318 -0.00163443 -0.0016701 -0.00156947 -0.00161336 -0.0017036 -0.00167653 -0.00177729 -0.00172177 -0.00166252 -0.00172641 -0.00165703 -0.00170784 -0.00165493 -0.00151716 -0.00151966 -0.0016171 -0.0016444 -0.00170136 -0.00164172 -0.00171338 -0.00168991 -0.00175811 -0.00166784 -0.0017164 -0.00179981 -0.00170642 -0.00155431 -0.00163198 -0.00163527 -0.00170917 -0.00167051 -0.00172023 -0.00174405 -0.00170594 -0.00169976 -0.0017395 -0.0016659 -0.00166038 -0.00152295 
-0.00140271 -0.00137854 -0.00131822 -0.0012325 0.00211337 0.00222132 0.00235424 0.00251389 0.00267454 0.129991 0.00250183 0.00252572 0.00235828 0.00221451 -0.00144265 -0.00149739 -0.00159657 -0.00188435 -0.00190055 -0.00205186 -0.00203839 -0.0020192 -0.00202926 -0.00192012 -0.00211333 -0.00202826 -0.00185389 -0.00180564 -0.00172632 -0.00177659 -0.0017991 -0.00193233 -0.0018329 -0.0018475 -0.00173246 -0.00174288 -0.00179669 -0.00175181 -0.00175243 -0.00179494 -0.00165084 -0.00174928 -0.00183885 -0.00171262 -0.00177429 -0.00165762 -0.00161675 -0.0016199 -0.00169965 -0.00172885 -0.00155057 -0.00166135 -0.0016423 -0.00160417 -0.00170314 -0.00163255 -0.00168344 -0.001639 -0.00170484 -0.00159184 -0.00158191 -0.00165283 -0.0015509 -0.00162291 -0.00164407 -0.00162817 -0.00172767 -0.00158105 -0.00157142 -0.0016142 -0.00163379 -0.00160011 -0.00161903 -0.00169562 -0.00154742 -0.00153375 -0.00155166 -0.00167538 -0.00158492 -0.00157885 -0.00168167 -0.00162422 -0.00171351 -0.0016463 -0.00166021 -0.00166288 -0.00170275 -0.00160364 -0.00153024 -0.00162569 -0.00163527 -0.00172196 -0.00171848 -0.00163981 -0.00167993 -0.00160851 -0.00162111 -0.00165924 -0.00157294 -0.00150319 
-0.00167996 -0.00157493 -0.00150444 -0.00134465 -0.0012099 0.00210745 0.00222751 0.00244336 0.00262963 0.00250183 0.134579 0.00269501 0.00262284 0.00261227 0.00242708 0.00237233 -0.00163312 -0.00163763 -0.00173731 -0.00198194 -0.00219663 -0.00213233 -0.00208945 -0.00206305 -0.00214197 -0.00219379 -0.00205202 -0.00199159 -0.00204184 -0.00193014 -0.00202045 -0.00203625 -0.00194583 -0.00189188 -0.00186042 -0.001937 -0.00191861 -0.00185562 -0.00186478 -0.00186557 -0.00177891 -0.00185448 -0.00186971 -0.00184048 -0.00183508 -0.00181007 -0.00182651 -0.00173305 -0.00168982 -0.00168809 -0.00174368 -0.00175909 -0.00181604 -0.00181969 -0.00176761 -0.00176709 -0.00175814 -0.00178596 -0.00175116 -0.00173779 -0.00172352 -0.00174397 -0.00165409 -0.00154506 -0.00183819 -0.0017631 -0.00183816 -0.00175597 -0.00178029 -0.00176345 -0.00173512 -0.0017839 -0.00169838 -0.0017219 -0.00165466 -0.00168876 -0.0016173 -0.00166196 -0.00170685 -0.00175405 -0.0017607 -0.00173842 -0.00169345 -0.00168561 -0.0017921 -0.00178202 -0.00176383 -0.00161106 -0.00169258 -0.00175335 -0.00169662 -0.00175675 -0.00173857 -0.00182213 -0.00173891 -0.00175229 -0.00172045 -0.00184011 -0.00177541 -0.00170995 
-0.00171331 -0.00162803 -0.00155205 -0.00149669 -0.00139015 -0.00138154 0.00204385 0.00232553 0.00241324 0.00252572 0.00269501 0.136403 0.00271476 0.00258894 0.00245115 0.00257657 0.00245677 -0.00168509 -0.00172176 -0.00191835 -0.00212899 -0.00202364 -0.00215867 -0.00210161 -0.00228099 -0.00228707 -0.00215867 -0.00215834 -0.00204806 -0.0019904 -0.00207853 -0.00201095 -0.00192093 -0.00198466 -0.00190512 -0.001894 -0.00188629 -0.0017941 -0.0018419 -0.00188356 -0.0018115 -0.00177033 -0.00184263 -0.00185526 -0.00184978 -0.00191222 -0.00180931 -0.00175516 -0.00175909 -0.00181758 -0.00170452 -0.00170902 -0.00177737 -0.00178666 -0.00180699 -0.00182335 -0.0017601 -0.00182385 -0.00175977 -0.00176975 -0.00175232 -0.001739 -0.00170769 -0.00167033 -0.00184443 -0.00179806 -0.00182344 -0.00177744 -0.00174072 -0.0018223 -0.00179433 -0.00179644 -0.00177262 -0.00174389 -0.00174679 -0.00165393 -0.00161328 -0.00177548 -0.00164403 -0.00177863 -0.00181946 -0.0017922 -0.00179142 -0.00177447 -0.00181602 -0.00170428 -0.00179524 -0.00169259 -0.00162589 -0.00181357 -0.0018256 -0.00170974 -0.00183988 -0.00177332 -0.00167514 -0.00171396 -0.00187495 -0.00177228 -0.00176288 -0.00169856 
-0.00177767 -0.00174707 -0.0016972 -0.00144855 -0.00152835 -0.00134888 -0.00138215 0.0022357 0.00233469 0.00235828 0.00262284 0.00271476 0.135684 0.00269086 0.00252926 0.00254511 0.00249197 -0.00155273 -0.00150759 -0.00182172 -0.00192835 -0.00205979 -0.00212354 -0.00205595 -0.00217706 -0.00211025 -0.00202645 -0.00195331 -0.00192432 -0.00194421 -0.00193718 -0.00185205 -0.0019748 -0.00193062 -0.00178741 -0.00179781 -0.00188043 -0.00178169 -0.00192015 -0.00185909 -0.0017974 -0.00186098 -0.00184076 -0.00183638 -0.00183246 -0.00177728 -0.00164054 -0.00188422 -0.001706 -0.00172602 -0.00170352 -0.00168806 -0.00170546 -0.0018057 -0.00169456 -0.0017359 -0.00180219 -0.00174373 -0.00174781 -0.00174906 -0.00166259 -0.00179032 -0.00173207 -0.00161998 -0.00170617 -0.00167359 -0.00177045 -0.00169186 -0.00170899 -0.00170699 -0.00176585 -0.00170637 -0.00178522 -0.00161794 -0.00164678 -0.00150689 -0.00155482 -0.00172616 -0.00167208 -0.00171927 -0.00174062 -0.00172057 -0.00180555 -0.00170357 -0.00170561 -0.00174639 -0.00171422 -0.00161928 -0.00160157 -0.00176393 -0.00171701 -0.00169508 -0.00171125 -0.00174628 -0.00167843 -0.00169617 -0.00178369 -0.00178255 -0.00168266 -0.0017144 
-0.00179693 -0.00185404 -0.00178795 -0.00180524 -0.00164734 -0.00161317 -0.00154331 -0.00157269 0.00218715 0.00221451 0.00261227 0.00258894 0.00269086 0.140384 0.00291457 0.00279873 0.00267728 0.00266987 0.00263736 -0.00161383 -0.00178424 -0.00193119 -0.00199596 -0.00212424 -0.00231565 -0.00223898 -0.00205809 -0.00206131 -0.00214337 -0.00196848 -0.00214998 -0.00205153 -0.00192832 -0.00206 -0.00200413 -0.00197565 -0.00199769 -0.00199022 -0.00194908 -0.00204927 -0.00186597 -0.001752 -0.00204446 -0.00193692 -0.0018493 -0.00194466 -0.0018248 -0.00187237 -0.00201212 -0.00182955 -0.00186263 -0.00187259 -0.00187817 -0.0018738 -0.0018304 -0.0018659 -0.0018098 -0.00185928 -0.00182835 -0.0018306 -0.001914 -0.00181735 -0.0017551 -0.00184371 -0.0018571 -0.00183954 -0.0018096 -0.00177589 -0.001789 -0.00185877 -0.00184082 -0.00188831 -0.00182172 -0.00181315 -0.0017498 -0.00175616 -0.00177539 -0.00179062 -0.00178066 -0.00176998 -0.00190355 -0.00179919 -0.00183231 -0.00182574 -0.00180791 -0.0018513 -0.00197244 -0.00174533 -0.00172466 -0.00182717 -0.00181777 -0.00187194 -0.00184446 -0.00183076 -0.00188222 -0.00188489 -0.00188297 -0.00179493 -0.00185461 -0.00171921 
-0.00180096 -0.00185278 -0.0017703 -0.0018382 -0.00179535 -0.00177061 -0.00174272 -0.00161284 -0.00151759 -0.00144265 0.00242708 0.00245115 0.00252926 0.00291457 0.139623 0.00305819 0.00294896 0.00279646 0.00274554 0.00255538 -0.00172294 -0.00162277 -0.0018048 -0.00188487 -0.00208039 -0.00214296 -0.00208111 -0.00201137 -0.00203699 -0.00191555 -0.00203329 -0.00197734 -0.00200392 -0.00195803 -0.00190597 -0.00182717 -0.00196317 -0.00194595 -0.00187486 -0.00189413 -0.00186807 -0.00190481 -0.00191675 -0.00192387 -0.00186321 -0.00189354 -0.00171143 -0.00179577 -0.00169039 -0.00184482 -0.00180449 -0.00184558 -0.00172514 -0.00172839 -0.0019195 -0.00183837 -0.00180849 -0.00190014 -0.00178598 -0.00179007 -0.00174278 -0.0017757 -0.00174216 -0.00168809 -0.00182454 -0.00189253 -0.00169909 -0.00184217 -0.00184565 -0.00182207 -0.00179327 -0.00187678 -0.00180269 -0.00191652 -0.00175988 -0.00179081 -0.00162918 -0.00182493 -0.00179855 -0.00176406 -0.00184706 -0.00177143 -0.00172938 -0.00176406 -0.00174837 -0.00180008 -0.00178038 -0.00178859 -0.00176485 -0.0018301 -0.00181979 -0.00179171 -0.00179355 -0.00182872 -0.00179543 -0.00183829 -0.00178189 -0.00183277 -0.00178109 -0.00174008 
-0.00177077 -0.00176598 -0.00181219 -0.00182169 -0.00184661 -0.00187047 -0.00172846 -0.00161089 -0.00151583 -0.00149739 0.00237233 0.00257657 0.00254511 0.00279873 0.00305819 0.141092 0.0029087 0.00264003 0.00270509 0.00254024 -0.00165549 -0.00170543 -0.00193063 -0.00190845 -0.00207735 -0.00226574 -0.00222072 -0.00212805 -0.00210402 -0.00204232 -0.00205405 -0.00202065 -0.00211482 -0.00198662 -0.00193287 -0.00194523 -0.00192726 -0.00192087 -0.00199163 -0.00189889 -0.00187749 -0.00187941 -0.00187955 -0.00185555 -0.00189201 -0.00194258 -0.00192398 -0.00187784 -0.00177264 -0.00181032 -0.00172727 -0.0018263 -0.0017989 -0.00188517 -0.00182113 -0.00183645 -0.0017909 -0.00175695 -0.00181219 -0.00176421 -0.00182161 -0.0017814 -0.00172213 -0.00169188 -0.00177186 -0.0017408 -0.00179099 -0.00182641 -0.00178447 -0.00178182 -0.00176898 -0.00179 -0.00178984 -0.0018303 -0.00175287 -0.00167894 -0.00168582 -0.00179801 -0.00178707 -0.00177361 -0.00179354 -0.00183541 -0.00179182 -0.00172696 -0.00182397 -0.00181842 -0.00178456 -0.00170925 -0.00169619 -0.00190547 -0.00181178 -0.001847 -0.00175666 -0.00188577 -0.00184234 -0.00184126 -0.00178077 -0.00177493 -0.0018138 -0.00182609 
-0.00191744 -0.00199769 -0.00200158 -0.00199288 -0.00197024 -0.00211938 -0.00194015 -0.00192575 -0.00165899 -0.00159657 -0.00163312 0.00245677 0.00249197 0.00267728 0.00294896 0.0029087 0.14644 0.00301242 0.00315352 0.00294576 0.00270404 0.00268393 -0.00167083 -0.00180985 -0.00203618 -0.00211372 -0.00218753 -0.00219034 -0.00221922 -0.00217672 -0.00220921 -0.00218426 -0.0021066 -0.00213842 -0.002017 -0.00207042 -0.00217516 -0.00198672 -0.00207325 -0.00204105 -0.00195232 -0.00201544 -0.00207603 -0.00204976 -0.00209471 -0.00208432 -0.00198213 -0.00196357 -0.00205104 -0.00196441 -0.00200153 -0.00188496 -0.00197375 -0.00198114 -0.00191487 -0.00193847 -0.00192228 -0.00193596 -0.0019378 -0.0018815 -0.0018941 -0.00200071 -0.00189768 -0.00180088 -0.00190068 -0.0019583 -0.00198362 -0.00194861 -0.00193645 -0.00194268 -0.00192944 -0.00187417 -0.00189006 -0.00189754 -0.0018337 -0.00185741 -0.00173205 -0.00194795 -0.00187508 -0.00197346 -0.00196455 -0.00200413 -0.00191834 -0.00187397 -0.00198743 -0.00192649 -0.00192253 -0.00189924 -0.00181193 -0.00197691 -0.00202674 -0.00191434 -0.00179812 -0.00203008 -0.00188851 -0.00193664 -0.00192339 -0.00195162 -0.0019329 -0.0018948 
-0.00181424 -0.00196102 -0.00197556 -0.00195998 -0.00182811 -0.00215146 -0.00190721 -0.00203113 -0.00193453 -0.00188435 -0.00163763 -0.00168509 -0.00155273 0.00266987 0.00279646 0.00264003 0.00301242 0.144552 0.00325782 0.00299071 0.00276037 0.00292136 0.00259563 -0.00158616 -0.00175962 -0.00190458 -0.00204635 -0.00201294 -0.00213417 -0.00208008 -0.00213395 -0.00211775 -0.00213601 -0.0021265 -0.00198894 -0.00192628 -0.00209956 -0.00200352 -0.00210759 -0.00199908 -0.0019314 -0.00200559 -0.00194841 -0.00196266 -0.00196916 -0.00195425 -0.00195056 -0.00192049 -0.00188373 -0.00189522 -0.00196104 -0.00185052 -0.00182246 -0.00183007 -0.00194905 -0.00188472 -0.00178281 -0.00188885 -0.00191823 -0.00191466 -0.00189579 -0.00180927 -0.00167828 -0.00176289 -0.00183716 -0.00183296 -0.00185197 -0.00190659 -0.00175461 -0.00191052 -0.0019052 -0.00195928 -0.00176418 -0.0018647 -0.00178569 -0.00178202 -0.00175073 -0.00185737 -0.00177915 -0.00182267 -0.00191849 -0.00182421 -0.0019842 -0.00180733 -0.00184546 -0.00187704 -0.00184745 -0.00174104 -0.00171821 -0.00181049 -0.0018405 -0.00187419 -0.00185776 -0.00188661 -0.00195875 -0.0018539 -0.00181527 -0.00189836 -0.00184961 -0.0017668 
-0.00184484 -0.00190972 -0.0019526 -0.0019875 -0.00190694 -0.00210198 -0.00202163 -0.00201245 -0.00193482 -0.00190055 -0.00173731 -0.00172176 -0.00150759 0.00263736 0.00274554 0.00270509 0.00315352 0.00325782 0.145446 0.00317494 0.00292128 0.00289856 0.00265359 -0.00162428 -0.00177698 -0.00185959 -0.00196456 -0.00215103 -0.00210218 -0.00205621 -0.00224842 -0.00220052 -0.00212967 -0.00212527 -0.00202008 -0.00201897 -0.00212707 -0.00204597 -0.00202412 -0.00201777 -0.00190697 -0.00193479 -0.00195087 -0.00193846 -0.00194563 -0.00208528 -0.00191406 -0.00184199 -0.00180559 -0.00189449 -0.00190886 -0.00194156 -0.00185139 -0.00185544 -0.00180419 -0.0019492 -0.00193608 -0.00193365 -0.00181948 -0.00175906 -0.00183605 -0.00189365 -0.00174426 -0.00187569 -0.00194166 -0.0018671 -0.00190376 -0.00195051 -0.00186985 -0.00180669 -0.00189393 -0.00184499 -0.0018996 -0.00193436 -0.0018142 -0.00178737 -0.0019146 -0.00180246 -0.00188357 -0.00184584 -0.00185054 -0.00177861 -0.00186798 -0.00193248 -0.0018749 -0.00198862 -0.00190679 -0.00175293 -0.00187187 -0.00191336 -0.00183983 -0.00185707 -0.00186209 -0.00178032 -0.00187269 -0.00185384 -0.00184172 -0.0018654 -0.0018536 -0.00190974 
-0.00191642 -0.00206824 -0.00201279 -0.00206153 -0.00204164 -0.00212766 -0.00215053 -0.00218236 -0.00220634 -0.00205186 -0.00198194 -0.00191835 -0.00182172 -0.00161383 0.00255538 0.00254024 0.00294576 0.00299071 0.00317494 0.149099 0.00310498 0.00320573 0.00302985 0.00272881 0.00253823 -0.00176562 -0.00178693 -0.00199097 -0.00205355 -0.00211576 -0.00226632 -0.00224 -0.00235029 -0.00207266 -0.00210413 -0.00212608 -0.00227471 -0.00217617 -0.0021158 -0.00197694 -0.00207803 -0.00208767 -0.00211731 -0.00206091 -0.00210395 -0.00212181 -0.00203157 -0.00206192 -0.0019879 -0.00189861 -0.00199563 -0.00197162 -0.0019626 -0.00197786 -0.00191549 -0.00194265 -0.00204824 -0.00194624 -0.00203918 -0.0020081 -0.0019317 -0.00197295 -0.0018764 -0.00191859 -0.00188314 -0.00198921 -0.00181371 -0.00208453 -0.00190067 -0.00191749 -0.00196726 -0.00199467 -0.00200141 -0.00200492 -0.00184692 -0.00192077 -0.00190439 -0.00189969 -0.00191418 -0.00197086 -0.0019948 -0.00187269 -0.00200934 -0.00190844 -0.00201985 -0.00199941 -0.00197223 -0.00184184 -0.0019318 -0.00193986 -0.00197165 -0.00200939 -0.00202703 -0.00196932 -0.00205137 -0.00197563 -0.00192294 -0.00203612 -0.00198178 -0.00183587 
-0.00185732 -0.00190655 -0.00204099 -0.00202118 -0.00199413 -0.00211321 -0.00221843 -0.00206456 -0.00211205 -0.00203839 -0.00219663 -0.00212899 -0.00192835 -0.00178424 -0.00172294 -0.00165549 0.00270404 0.00276037 0.00292128 0.00310498 0.146526 0.00339331 0.00314402 0.00285309 0.00280783 0.00265766 -0.00172131 -0.00170137 -0.0018826 -0.00192166 -0.00212194 -0.00209287 -0.00205753 -0.00209374 -0.00198532 -0.00187878 -0.00201499 -0.00201456 -0.00202894 -0.00201561 -0.00196293 -0.00194404 -0.0019039 -0.00193879 -0.00205774 -0.00209102 -0.0018656 -0.00193299 -0.00190945 -0.00189714 -0.00186488 -0.00193332 -0.00187893 -0.00180851 -0.00185888 -0.00192016 -0.00184912 -0.00203337 -0.00194473 -0.00198595 -0.00189625 -0.00179442 -0.00181462 -0.00174126 -0.00190701 -0.00187667 -0.0019121 -0.00191548 -0.00186307 -0.00187704 -0.00187677 -0.00187671 -0.00188678 -0.00190335 -0.0017852 -0.0017973 -0.0018748 -0.00186971 -0.00185099 -0.00192181 -0.00186938 -0.00189856 -0.00186757 -0.00193553 -0.00189878 -0.00185266 -0.00190893 -0.00185218 -0.00184619 -0.00192509 -0.00189531 -0.00190201 -0.00192561 -0.00188463 -0.00194401 -0.00187657 -0.00181311 -0.00192497 -0.00190301 -0.0018107 
-0.00192364 -0.00192223 -0.00204545 -0.00192871 -0.00196615 -0.0020938 -0.00216417 -0.00217128 -0.00212699 -0.0020192 -0.00213233 -0.00202364 -0.00205979 -0.00193119 -0.00162277 -0.00170543 0.00268393 0.00292136 0.00289856 0.00320573 0.00339331 0.146416 0.00320694 0.00283346 0.00286156 0.00265753 -0.00175465 -0.00185823 -0.00188039 -0.00180863 -0.00202973 -0.00207972 -0.00219035 -0.00208762 -0.00201252 -0.00201028 -0.00211075 -0.0019655 -0.00195558 -0.00202665 -0.00186091 -0.00193781 -0.00195391 -0.00200341 -0.00201725 -0.00204088 -0.00191868 -0.00188342 -0.00189591 -0.00196381 -0.00185106 -0.00189629 -0.00187363 -0.00193516 -0.00192309 -0.00184827 -0.00189805 -0.00190703 -0.00184592 -0.00185664 -0.0018709 -0.00196905 -0.00174652 -0.00172912 -0.0019149 -0.00181431 -0.00196252 -0.00195778 -0.00184737 -0.00199228 -0.00193367 -0.00197338 -0.00188113 -0.00180574 -0.00179597 -0.00187779 -0.00172403 -0.00185914 -0.00178516 -0.00189502 -0.00195004 -0.00197194 -0.00191793 -0.00187576 -0.0018866 -0.0019555 -0.00183666 -0.00178864 -0.00175875 -0.00185535 -0.00186523 -0.00197526 -0.00200887 -0.00187116 -0.00187037 -0.00189989 -0.00184045 -0.00197428 -0.00190297 -0.0018184 
-0.0019037 -0.00179389 -0.00180405 -0.00195919 -0.00194557 -0.00195665 -0.00208465 -0.00211006 -0.00217089 -0.00202926 -0.00208945 -0.00215867 -0.00212354 -0.00199596 -0.0018048 -0.00193063 -0.00167083 0.00259563 0.00265359 0.00302985 0.00314402 0.00320694 0.145432 0.00282158 0.00299272 0.00273241 0.00238263 -0.00169354 -0.00165912 -0.00154709 -0.0018973 -0.00207904 -0.00203259 -0.00210223 -0.00197989 -0.00190136 -0.00214998 -0.00203459 -0.00217009 -0.00194621 -0.00189624 -0.00192037 -0.00198697 -0.00197251 -0.00191216 -0.00197582 -0.00186618 -0.0019602 -0.00178511 -0.0019243 -0.00189858 -0.00190571 -0.00180152 -0.00178343 -0.00183788 -0.00197884 -0.00180582 -0.00188949 -0.00191111 -0.00178438 -0.00183032 -0.00186201 -0.00178843 -0.00181985 -0.0018957 -0.00184891 -0.00192643 -0.00183833 -0.00179848 -0.00194932 -0.00188632 -0.00196472 -0.00181572 -0.00188494 -0.00185295 -0.00173035 -0.00177757 -0.00185292 -0.00184099 -0.00193174 -0.00179521 -0.0018563 -0.00201072 -0.00189035 -0.00186705 -0.00185424 -0.00190808 -0.0017801 -0.00175096 -0.00193685 -0.00189591 -0.00183685 -0.00193311 -0.00189984 -0.00188318 -0.00193123 -0.00182479 -0.00186294 -0.0018698 -0.00178639 
-0.0017402 -0.00165376 -0.00191196 -0.0018174 -0.00187962 -0.00198486 -0.0019713 -0.00200319 -0.00209083 -0.00192012 -0.00206305 -0.00210161 -0.00205595 -0.00212424 -0.00188487 -0.00190845 -0.00180985 -0.00158616 -0.00162428 0.00272881 0.00285309 0.00283346 0.00282158 0.141008 0.0029682 0.00287014 0.00252066 0.00247842 -0.00151875 -0.00147214 -0.00157853 -0.0017041 -0.00181685 -0.00189436 -0.00169423 -0.00180305 -0.00207339 -0.00191813 -0.00191492 -0.00178688 -0.00185846 -0.00177016 -0.0018457 -0.00186382 -0.00181835 -0.00190095 -0.00178957 -0.00178295 -0.00182996 -0.0017997 -0.0018312 -0.00177831 -0.00185776 -0.00173736 -0.00172924 -0.00168239 -0.00172988 -0.00167103 -0.00178395 -0.0017874 -0.00167632 -0.00180406 -0.00165861 -0.00169328 -0.00177773 -0.00180839 -0.00170991 -0.00186711 -0.00181047 -0.00176969 -0.00181125 -0.00175016 -0.00181565 -0.00179861 -0.00166523 -0.00165585 -0.00161964 -0.00180828 -0.00168269 -0.0017045 -0.00173698 -0.00181109 -0.00178983 -0.00183433 -0.00171122 -0.00170659 -0.00174641 -0.00165534 -0.00158054 -0.00178639 -0.00174186 -0.00181121 -0.00173191 -0.0017515 -0.00178611 -0.00175568 -0.00185815 -0.00179328 -0.00175646 -0.00169513 
-0.00197194 -0.00198697 -0.00193521 -0.00205779 -0.00198821 -0.00205616 -0.00214185 -0.00207421 -0.00214763 -0.00211333 -0.00214197 -0.00228099 -0.00217706 -0.00231565 -0.00208039 -0.00207735 -0.00203618 -0.00175962 -0.00177698 0.00253823 0.00280783 0.00286156 0.00299272 0.0029682 0.146268 0.00296912 0.00266521 0.00259262 0.00249537 0.00230666 -0.00167134 -0.00172074 -0.00173678 -0.0017938 -0.00195577 -0.00187724 -0.00212459 -0.00204743 -0.00211155 -0.00200947 -0.00201682 -0.00197588 -0.00201443 -0.00202223 -0.00204422 -0.00203071 -0.00191565 -0.00202458 -0.00193978 -0.00193106 -0.00198733 -0.00195254 -0.00196692 -0.00194461 -0.00183732 -0.00193793 -0.00193898 -0.00194388 -0.00186196 -0.00189624 -0.00190609 -0.00197126 -0.00189727 -0.00183643 -0.00189879 -0.00201184 -0.00194551 -0.00186406 -0.00199846 -0.00194611 -0.0019484 -0.00207974 -0.00190419 -0.00201328 -0.00174937 -0.00182947 -0.00184343 -0.00194425 -0.00191717 -0.00200324 -0.00194675 -0.00188743 -0.00183099 -0.00196295 -0.0018932 -0.00186555 -0.00182571 -0.00189356 -0.00175409 -0.001829 -0.00185373 -0.00192858 -0.00183702 -0.00183241 -0.00193605 -0.00186709 -0.00198249 -0.00183543 -0.00197304 -0.00187097 
-0.0018826 -0.00187974 -0.00195647 -0.00196135 -0.00196206 -0.00214266 -0.0019933 -0.00213644 -0.00225718 -0.00202826 -0.00219379 -0.00228707 -0.00211025 -0.00223898 -0.00214296 -0.00226574 -0.00211372 -0.00190458 -0.00185959 -0.00176562 0.00265766 0.00265753 0.00273241 0.00287014 0.00296912 0.144141 0.00278086 0.00275724 0.00244387 0.00255504 0.00237215 -0.00162935 -0.00154188 -0.00179003 -0.00187831 -0.00177288 -0.0019693 -0.00207007 -0.0019711 -0.00205809 -0.00195818 -0.00194588 -0.00205235 -0.00198309 -0.00205152 -0.00198552 -0.00181917 -0.00194986 -0.00178303 -0.00185348 -0.00185427 -0.00191937 -0.00178978 -0.00191076 -0.00189138 -0.00190707 -0.00185768 -0.00196638 -0.0019097 -0.00196474 -0.00190302 -0.00188546 -0.00175343 -0.00181183 -0.00194035 -0.00187309 -0.00189765 -0.00192242 -0.00189363 -0.00193682 -0.00187754 -0.00185347 -0.00189664 -0.00182378 -0.00184658 -0.0018229 -0.00188707 -0.00183346 -0.00194929 -0.00186568 -0.00189338 -0.00192657 -0.00193155 -0.00183319 -0.00178688 -0.00191202 -0.00189842 -0.00181618 -0.00179813 -0.00181262 -0.00182398 -0.00185492 -0.00184731 -0.00183472 -0.00191501 -0.00191778 -0.00195361 -0.00185201 -0.00189729 -0.00184053 
-0.00179865 -0.00179185 -0.00171812 -0.00191956 -0.00171059 -0.0019126 -0.00187864 -0.00202621 -0.00205096 -0.00185389 -0.00205202 -0.00215867 -0.00202645 -0.00205809 -0.00208111 -0.00222072 -0.00218753 -0.00204635 -0.00196456 -0.00178693 -0.00172131 -0.00175465 0.00238263 0.00252066 0.00266521 0.00278086 0.139002 0.00292337 0.00265501 0.00265109 0.00255966 0.00231051 -0.00134799 -0.00141885 -0.00165724 -0.00147811 -0.00180214 -0.00191343 -0.00193783 -0.00192156 -0.00173587 -0.00186607 -0.00189964 -0.00190432 -0.00181362 -0.00190071 -0.0017424 -0.00180978 -0.00186523 -0.00177612 -0.00182828 -0.00179873 -0.00168164 -0.00182354 -0.00174619 -0.00171406 -0.00168098 -0.00167766 -0.00186168 -0.00173902 -0.00182576 -0.00177925 -0.00169679 -0.0017064 -0.0016939 -0.00167282 -0.0017193 -0.00164731 -0.0017595 -0.00186257 -0.00175571 -0.00188207 -0.00181851 -0.00188617 -0.00171885 -0.00169174 -0.00165065 -0.00172543 -0.00172885 -0.00183903 -0.00171383 -0.00170681 -0.00166264 -0.00182935 -0.00180579 -0.00176417 -0.00181374 -0.00170715 -0.00165466 -0.00175812 -0.00176982 -0.00182878 -0.00185415 -0.00182847 -0.00172687 -0.00170498 -0.00178368 -0.00183112 -0.00184839 -0.00173621 
-0.00184544 -0.00183912 -0.0017987 -0.00180118 -0.00182948 -0.00194684 -0.00189501 -0.00199065 -0.00198265 -0.00180564 -0.00199159 -0.00215834 -0.00195331 -0.00206131 -0.00201137 -0.00212805 -0.00219034 -0.00201294 -0.00215103 -0.00199097 -0.00170137 -0.00185823 -0.00169354 0.00247842 0.00259262 0.00275724 0.00292337 0.13727 0.00278249 0.00279858 0.00241969 0.00235763 0.00235738 -0.00139961 -0.00152781 -0.00143592 -0.00161218 -0.00174221 -0.00182672 -0.00181412 -0.0018662 -0.00165521 -0.00179952 -0.00188716 -0.00174397 -0.00187891 -0.00172084 -0.00183713 -0.00175054 -0.00170165 -0.00178799 -0.00169955 -0.00172223 -0.00172493 -0.00173668 -0.00177159 -0.00176401 -0.00172577 -0.00185516 -0.00180603 -0.00179745 -0.00178671 -0.00170982 -0.00164196 -0.00175187 -0.0016752 -0.00172071 -0.00178608 -0.00182319 -0.00182375 -0.00177721 -0.00187518 -0.00177226 -0.00173165 -0.00166801 -0.00172084 -0.00164871 -0.00178535 -0.00170099 -0.00178248 -0.00173894 -0.00168043 -0.00173073 -0.00171961 -0.00169126 -0.00174437 -0.00169508 -0.00168768 -0.00162143 -0.00172638 -0.00174557 -0.00171965 -0.00170786 -0.00175383 -0.00174647 -0.00175989 -0.00170044 -0.00167183 -0.00181498 -0.00167102 
-0.00180092 -0.0017134 -0.00177561 -0.00183155 -0.00178703 -0.00190529 -0.00188645 -0.00198601 -0.00193312 -0.00172632 -0.00204184 -0.00204806 -0.00192432 -0.00214337 -0.00203699 -0.00210402 -0.00221922 -0.00213417 -0.00210218 -0.00205355 -0.0018826 -0.00188039 -0.00165912 -0.00151875 0.00249537 0.00244387 0.00265501 0.00278249 0.135271 0.00277844 0.00265003 0.00247731 0.00228138 0.00220281 -0.00131876 -0.00131382 -0.00150926 -0.00163072 -0.00172392 -0.00173371 -0.00172753 -0.001739 -0.00185931 -0.00182863 -0.00199255 -0.00183196 -0.00172094 -0.00174547 -0.00162582 -0.00176031 -0.00173426 -0.0017246 -0.00161485 -0.00174347 -0.00171758 -0.00174789 -0.00164178 -0.00166977 -0.00163503 -0.00162384 -0.00174621 -0.00168517 -0.00165771 -0.00167162 -0.00162495 -0.00169386 -0.00175718 -0.00175849 -0.00174853 -0.00174688 -0.00163284 -0.00172868 -0.00164669 -0.00169221 -0.00160971 -0.00171812 -0.00171618 -0.00174703 -0.00178998 -0.00173609 -0.0016537 -0.00178951 -0.00167092 -0.00167239 -0.0017757 -0.00164548 -0.0017464 -0.00154157 -0.00155681 -0.00167136 -0.00177382 -0.00174102 -0.00173425 -0.00174003 -0.0016585 -0.00167054 -0.00184395 -0.00173514 -0.00174948 -0.00154978 
-0.00173826 -0.00178605 -0.00175498 -0.00171175 -0.00177292 -0.00181607 -0.0018634 -0.00194953 -0.00204074 -0.00177659 -0.00193014 -0.0019904 -0.00194421 -0.00196848 -0.00191555 -0.00204232 -0.00217672 -0.00208008 -0.00205621 -0.00211576 -0.00192166 -0.00180863 -0.00154709 -0.00147214 0.00230666 0.00255504 0.00265109 0.00279858 0.00277844 0.133667 0.00260179 0.00243988 0.00226572 0.0021754 -0.00135125 -0.00131643 -0.00139477 -0.00157898 -0.00163754 -0.00177023 -0.00169449 -0.0017435 -0.00175384 -0.0019174 -0.00177058 -0.00181287 -0.0017114 -0.00170095 -0.00173715 -0.00180492 -0.00173285 -0.00175544 -0.0016674 -0.00171125 -0.00170504 -0.00169004 -0.00174285 -0.00172374 -0.00168343 -0.0017739 -0.00173876 -0.00168972 -0.00165224 -0.00154216 -0.00167947 -0.00171319 -0.00176752 -0.00167749 -0.00170617 -0.00164388 -0.00165546 -0.00173264 -0.00167487 -0.0017015 -0.00161326 -0.00164861 -0.00161824 -0.0016002 -0.0017348 -0.0017363 -0.00177416 -0.0017194 -0.00170729 -0.00176324 -0.00167353 -0.00173372 -0.00171569 -0.00162887 -0.00159611 -0.00162946 -0.00158173 -0.00163828 -0.001768 -0.00168904 -0.00166082 -0.0016003 -0.00175453 -0.00173724 -0.00168606 -0.00159324 
-0.00172573 -0.00180613 -0.00177462 -0.00183468 -0.00180038 -0.00193365 -0.00193857 -0.00197316 -0.00193704 -0.0017991 -0.00202045 -0.00207853 -0.00193718 -0.00214998 -0.00203329 -0.00205405 -0.00220921 -0.00213395 -0.00224842 -0.00226632 -0.00212194 -0.00202973 -0.0018973 -0.00157853 -0.00167134 0.00237215 0.00255966 0.00241969 0.00265003 0.00260179 0.134577 0.00263727 0.00249622 0.00236476 0.0021325 0.00217115 -0.0012742 -0.00140178 -0.00159495 -0.00158875 -0.00176724 -0.00179863 -0.0017246 -0.00174683 -0.00186303 -0.00177952 -0.00170364 -0.00179639 -0.00174765 -0.00173374 -0.00175405 -0.00170904 -0.00173883 -0.0017212 -0.0018221 -0.00168888 -0.00166297 -0.00175895 -0.00183099 -0.00182659 -0.00174382 -0.00176268 -0.00160759 -0.00164245 -0.00174763 -0.00172824 -0.00174375 -0.00178416 -0.00169547 -0.00168081 -0.00172065 -0.00169897 -0.00184083 -0.00169537 -0.00168743 -0.00170306 -0.0017141 -0.00173174 -0.00174148 -0.00180743 -0.00181712 -0.00170455 -0.00169861 -0.00170037 -0.00177979 -0.00167202 -0.00175336 -0.00169755 -0.00170211 -0.00173571 -0.00168674 -0.00183353 -0.00170561 -0.00175051 -0.0017131 -0.00170898 -0.00173937 -0.00162404 -0.00179303 -0.00170035 
-0.0017587 -0.00175381 -0.00177887 -0.00180161 -0.00182881 -0.00188904 -0.00187598 -0.00179694 -0.00188829 -0.00193233 -0.00203625 -0.00201095 -0.00185205 -0.00205153 -0.00197734 -0.00202065 -0.00218426 -0.00211775 -0.00220052 -0.00224 -0.00209287 -0.00207972 -0.00207904 -0.0017041 -0.00172074 -0.00162935 0.00231051 0.00235763 0.00247731 0.00243988 0.00263727 0.133042 0.00266771 0.00245725 0.00227282 0.00219571 0.00209283 -0.00132699 -0.00136887 -0.00145762 -0.00162356 -0.0016734 -0.00178753 -0.0019211 -0.001827 -0.00177345 -0.00168739 -0.00165673 -0.00168875 -0.00177236 -0.00170426 -0.00176496 -0.00168115 -0.00167731 -0.0016625 -0.00183282 -0.00176242 -0.0017514 -0.00175578 -0.00167124 -0.00173315 -0.00181623 -0.0016042 -0.00165283 -0.00175297 -0.00180072 -0.00172124 -0.00170202 -0.00172189 -0.00164327 -0.00165628 -0.00175728 -0.00171272 -0.00173722 -0.0016057 -0.00161901 -0.00160946 -0.00166137 -0.00177645 -0.00172737 -0.001765 -0.00164679 -0.00156147 -0.00176031 -0.00177943 -0.00167001 -0.0018651 -0.00158454 -0.00166424 -0.00169461 -0.0016557 -0.00164184 -0.00169376 -0.00174707 -0.00170699 -0.00159173 -0.00173116 -0.00167846 -0.00164477 -0.00172651 
-0.00172785 -0.00183871 -0.00174943 -0.0016851 -0.00174189 -0.00184242 -0.00180553 -0.00178937 -0.00181495 -0.0018329 -0.00194583 -0.00192093 -0.0019748 -0.00192832 -0.00200392 -0.00211482 -0.0021066 -0.00213601 -0.00212967 -0.00235029 -0.00205753 -0.00219035 -0.00203259 -0.00181685 -0.00173678 -0.00154188 -0.00134799 0.00235738 0.00228138 0.00226572 0.00249622 0.00266771 0.131522 0.00253833 0.00230281 0.0022448 0.0021249 0.00207549 -0.00133296 -0.0013998 -0.00150574 -0.00158288 -0.00177659 -0.00178992 -0.00178025 -0.00172291 -0.00173673 -0.00169226 -0.00165838 -0.00170627 -0.00167858 -0.00169834 -0.00162606 -0.00165772 -0.0015992 -0.00168733 -0.0016847 -0.00167404 -0.00168231 -0.00169246 -0.00164935 -0.00163712 -0.001651 -0.00156144 -0.00168286 -0.00171977 -0.00169968 -0.00168573 -0.00168457 -0.00172976 -0.00175617 -0.00166466 -0.00177618 -0.00162304 -0.00170903 -0.00169259 -0.00159155 -0.00169921 -0.00175501 -0.00175613 -0.00176492 -0.00170554 -0.00158295 -0.00169704 -0.00173383 -0.00174074 -0.00167766 -0.00149476 -0.00162229 -0.00173351 -0.00169563 -0.0015763 -0.00161391 -0.00169057 -0.00171449 -0.00179544 -0.00169464 -0.00174697 -0.0016689 -0.00167278 
