0.122881 0.00219761 0.00219828 0.00208311 0.00194358 0.00202739 -0.00118007 -0.00128514 -0.00146622 -0.00146528 -0.00167178 -0.00175199 -0.00176811 -0.00182849 -0.00178806 -0.00177147 -0.00188323 -0.0018343 -0.00189933 -0.00192439 -0.00194221 -0.00183657 -0.00179138 -0.00166715 -0.00192495 -0.00194156 -0.0017005 -0.00174488 -0.00167342 -0.00165991 -0.00166927 -0.00173681 -0.00177512 -0.00170491 -0.00154687 -0.00160808 -0.00162482 -0.00161398 -0.00169581 -0.00161093 -0.00157359 -0.0015815 -0.00156224 -0.00159177 -0.00160235 -0.00155198 -0.00150252 -0.00151593 -0.0014902 -0.00147803 -0.00153728 -0.00154682 -0.00147283 -0.001532 -0.00152168 -0.00150346 -0.00153477 -0.00142464 -0.00151876 -0.00150108 -0.0015446 -0.00151582 -0.00139246 -0.00134654 -0.00155448 -0.00141397 -0.00156618 -0.00148763 -0.00157056 -0.00145238 -0.00156347 -0.0014963 -0.00151182 -0.00147413 -0.0014959 -0.00149351 -0.00146743 -0.00152159 -0.00149615 -0.0014717 -0.00152052 -0.00155752 -0.00156563 -0.00146588 -0.00157898 -0.00151133 -0.00151948 -0.00139242 -0.0014489 -0.00152988 -0.0015075 -0.00138544 -0.0012634 -0.00123433 -0.0012115 -0.00126332 0.00180796 0.00193722 0.00204291 0.00220416 
0.00219761 0.123376 0.00227321 0.0021658 0.00211126 0.00214465 0.00208847 -0.00117757 -0.00145412 -0.00135361 -0.00153309 -0.00168356 -0.00170579 -0.00186836 -0.00183879 -0.00187838 -0.00205601 -0.00191241 -0.0018963 -0.0019594 -0.00197179 -0.00191973 -0.00184198 -0.00171853 -0.00185884 -0.00204263 -0.00177459 -0.00176507 -0.00177292 -0.00161514 -0.00177795 -0.00168704 -0.0017958 -0.0016633 -0.0015766 -0.00165429 -0.00164415 -0.00155661 -0.00155529 -0.00167806 -0.00149303 -0.00146447 -0.00161869 -0.00160483 -0.00158946 -0.0016121 -0.00151035 -0.00146712 -0.00147589 -0.00158857 -0.0015081 -0.00144345 -0.00150961 -0.00155538 -0.00146749 -0.00157887 -0.00159236 -0.00154448 -0.00146149 -0.00157303 -0.00157819 -0.00151204 -0.00148004 -0.00147463 -0.00146769 -0.00150527 -0.0015106 -0.00146236 -0.00145812 -0.00146627 -0.0014563 -0.00152504 -0.00150416 -0.0015126 -0.00148514 -0.00145297 -0.0014317 -0.00154031 -0.00143215 -0.00153953 -0.00155636 -0.00149282 -0.00154866 -0.00153096 -0.00158176 -0.00148147 -0.00149719 -0.00143502 -0.00151866 -0.00154057 -0.00147403 -0.00152441 -0.00139045 -0.00131432 -0.00139791 -0.00124782 -0.00114561 0.00195571 0.00194465 0.00206223 
0.00219828 0.00227321 0.12392 0.00225689 0.002307 0.0022479 0.00216508 0.00207435 -0.0012102 -0.00125204 -0.00150156 -0.00153218 -0.00168472 -0.00184688 -0.00175981 -0.00177446 -0.00193746 -0.00186406 -0.00189648 -0.00194345 -0.00192674 -0.0020429 -0.00195451 -0.00177839 -0.00201206 -0.00197361 -0.00184322 -0.00170692 -0.00177963 -0.00165101 -0.00179476 -0.00171668 -0.00179503 -0.0016952 -0.00161908 -0.00157601 -0.0015926 -0.00165304 -0.0015569 -0.00172916 -0.00161219 -0.00153093 -0.00161187 -0.00163478 -0.00159699 -0.00159343 -0.00155199 -0.0014634 -0.00150626 -0.00158501 -0.00153604 -0.00146395 -0.00156538 -0.00143226 -0.00154456 -0.00157274 -0.00156306 -0.00151243 -0.00152786 -0.00149348 -0.0015584 -0.00145052 -0.00140659 -0.00153354 -0.00153053 -0.00156105 -0.0014759 -0.00149243 -0.00149318 -0.00160289 -0.00154825 -0.00160432 -0.0015769 -0.00161018 -0.00131465 -0.00142989 -0.00138857 -0.00143899 -0.00152539 -0.00154068 -0.00144147 -0.00161181 -0.0015617 -0.0015501 -0.00159637 -0.00154968 -0.00161485 -0.00150516 -0.00144997 -0.00151045 -0.00159812 -0.00152526 -0.00154066 -0.00146604 -0.00137854 -0.0013788 -0.00134819 -0.00112763 0.00192052 0.00197421 
0.00208311 0.0021658 0.00225689 0.124292 0.00230256 0.00239446 0.00233835 0.00218407 0.00204358 -0.00116525 -0.00138103 -0.00151149 -0.00152505 -0.00180968 -0.0018378 -0.00183273 -0.00203688 -0.00198218 -0.00188967 -0.00200964 -0.0020008 -0.00197563 -0.00197117 -0.00179008 -0.00208667 -0.00198872 -0.00190123 -0.00187163 -0.00178572 -0.00173136 -0.00179951 -0.00170459 -0.00170822 -0.00166256 -0.00163943 -0.00154637 -0.00164484 -0.00166176 -0.00157043 -0.00163042 -0.00154961 -0.00164973 -0.00168689 -0.00161167 -0.00166461 -0.00169783 -0.00145683 -0.0015034 -0.00156386 -0.00156902 -0.00158433 -0.00143938 -0.00149408 -0.00151904 -0.00146716 -0.00154262 -0.00158482 -0.00149834 -0.00156847 -0.00147972 -0.00155323 -0.00154338 -0.00143175 -0.00150319 -0.00163617 -0.00156443 -0.00144015 -0.00152749 -0.00145892 -0.00149636 -0.00153356 -0.00148371 -0.00146272 -0.00145845 -0.00146981 -0.0014711 -0.00142679 -0.00148554 -0.00156607 -0.00157209 -0.00148514 -0.00155752 -0.00152616 -0.0014732 -0.00147894 -0.0015523 -0.0015178 -0.00149886 -0.00142001 -0.00162925 -0.00153899 -0.00153403 -0.00146989 -0.00146641 -0.00154593 -0.0014384 -0.00144614 -0.00132648 -0.0011977 0.00191118 
0.00194358 0.00211126 0.002307 0.00230256 0.124765 0.0024195 0.00223544 0.00225978 0.00216457 0.00206574 -0.00129968 -0.00129611 -0.00145845 -0.00162314 -0.00186985 -0.00183204 -0.00190866 -0.00198982 -0.00186719 -0.00207005 -0.00187165 -0.00201168 -0.00194851 -0.00179605 -0.00196177 -0.00198141 -0.00175281 -0.00181762 -0.00177842 -0.00168424 -0.0017106 -0.00176049 -0.00171947 -0.00177678 -0.00162147 -0.00162084 -0.00160853 -0.00163657 -0.00166131 -0.00168567 -0.00157169 -0.00161485 -0.00165991 -0.00156802 -0.00164132 -0.00162232 -0.00151562 -0.00158896 -0.00151622 -0.00164217 -0.00150722 -0.00158711 -0.00154566 -0.00154081 -0.00161231 -0.00155533 -0.00157148 -0.00154259 -0.00157314 -0.00155103 -0.00161874 -0.00155453 -0.0014773 -0.00147689 -0.00160006 -0.00156381 -0.00159414 -0.00151319 -0.00154129 -0.00158858 -0.00161267 -0.00163418 -0.00153698 -0.00155881 -0.00140756 -0.00141727 -0.00145037 -0.00145366 -0.00146215 -0.00157859 -0.00146403 -0.00159668 -0.00147623 -0.00148163 -0.00161487 -0.00162338 -0.00154394 -0.00141589 -0.00150349 -0.00152652 -0.0015831 -0.00152697 -0.00157864 -0.00156932 -0.00155169 -0.0015111 -0.00137689 -0.00143092 -0.0013046 -0.00110521 
0.00202739 0.00214465 0.0022479 0.00239446 0.0024195 0.128346 0.00251108 0.00239726 0.00234338 0.00219239 0.00215589 -0.00138985 -0.0014131 -0.00168349 -0.00178894 -0.00179717 -0.00213478 -0.00207143 -0.00200911 -0.00215408 -0.00198571 -0.00210417 -0.00204774 -0.00186004 -0.00213852 -0.00212992 -0.0019758 -0.0018951 -0.00188026 -0.00191512 -0.00184576 -0.00185275 -0.00191729 -0.00186191 -0.00172219 -0.00172369 -0.00177053 -0.00179589 -0.00172984 -0.00174447 -0.00163639 -0.00173208 -0.00172743 -0.00174806 -0.00172881 -0.00170001 -0.00162483 -0.00160296 -0.00174488 -0.00169743 -0.00154826 -0.00162157 -0.00166305 -0.0016306 -0.00161852 -0.00158407 -0.00165396 -0.00160399 -0.00165066 -0.00168126 -0.00159824 -0.00163377 -0.00149994 -0.00159367 -0.00170072 -0.00165088 -0.00163711 -0.00158742 -0.00163114 -0.00162202 -0.00163743 -0.00166434 -0.00168583 -0.00161163 -0.00148633 -0.00142037 -0.00151368 -0.00167935 -0.00163066 -0.00166201 -0.00161444 -0.00160244 -0.00164279 -0.00163433 -0.0016243 -0.00159958 -0.0016899 -0.00158732 -0.00153061 -0.00157365 -0.00163723 -0.00159825 -0.00172982 -0.00174129 -0.00161041 -0.00155214 -0.00148907 -0.00142023 -0.00140046 -0.00121752 
-0.00118007 0.00208847 0.00216508 0.00233835 0.00223544 0.00251108 0.12943 0.00247511 0.00237016 0.00242665 0.00233421 0.00209247 -0.0013845 -0.0015878 -0.0017155 -0.00169707 -0.00202858 -0.00213192 -0.00207304 -0.00212263 -0.00202272 -0.00195125 -0.00209189 -0.00192185 -0.00213734 -0.0020724 -0.00194091 -0.00188908 -0.00182947 -0.00191357 -0.00188301 -0.0018897 -0.00189252 -0.00183929 -0.00175468 -0.00172842 -0.00186162 -0.00174379 -0.00176494 -0.00184891 -0.0016143 -0.00166491 -0.00176018 -0.00182632 -0.00169983 -0.00169394 -0.00169672 -0.00170854 -0.00169014 -0.0016675 -0.00168594 -0.00169788 -0.0017575 -0.00171308 -0.00166215 -0.00163414 -0.00165094 -0.00169188 -0.00169685 -0.00166755 -0.00167153 -0.00158023 -0.0015831 -0.00166694 -0.00160652 -0.00163444 -0.00170247 -0.00169481 -0.00174916 -0.00165345 -0.00160519 -0.00161712 -0.00170001 -0.00165345 -0.00156143 -0.00154866 -0.00152312 -0.0015688 -0.00160542 -0.0016567 -0.00161537 -0.00161208 -0.00163508 -0.00163554 -0.00167057 -0.0017337 -0.00164911 -0.00153449 -0.00153249 -0.00164945 -0.00160389 -0.00159951 -0.00167126 -0.00160784 -0.00167776 -0.00163977 -0.00171638 -0.00162483 -0.00144955 -0.00124748 
-0.00128514 -0.00117757 0.00207435 0.00218407 0.00225978 0.00239726 0.00247511 0.130375 0.0025933 0.00254038 0.00241786 0.0022379 0.00217661 -0.00151601 -0.00162009 -0.00169985 -0.00195371 -0.00200396 -0.00203205 -0.00217113 -0.00201236 -0.00213811 -0.0020953 -0.00195415 -0.00218267 -0.00206071 -0.0019304 -0.00188691 -0.00183936 -0.00184441 -0.00192714 -0.00184466 -0.00189263 -0.00180573 -0.00169193 -0.00166925 -0.00177343 -0.00183027 -0.00179787 -0.00184088 -0.00172677 -0.00179372 -0.00183056 -0.00177922 -0.00173016 -0.00173532 -0.00159688 -0.00177158 -0.00178885 -0.00163834 -0.00165291 -0.00170042 -0.00171562 -0.00164672 -0.00174073 -0.00168242 -0.00168166 -0.00158439 -0.00167337 -0.00168673 -0.00162985 -0.0017117 -0.00153685 -0.0016153 -0.00167562 -0.00158757 -0.00171126 -0.00166182 -0.00168477 -0.00164875 -0.00172084 -0.00170729 -0.00164818 -0.00174558 -0.0016186 -0.0016097 -0.00152858 -0.00162935 -0.00168277 -0.00169492 -0.00168441 -0.00167808 -0.00172315 -0.00171709 -0.00173176 -0.00169967 -0.00166922 -0.00164481 -0.00158276 -0.00159794 -0.00170816 -0.00158178 -0.00167022 -0.00166118 -0.00168416 -0.00163425 -0.00171999 -0.00168352 -0.00157218 -0.00140427 
-0.00146622 -0.00145412 -0.0012102 0.00204358 0.00216457 0.00234338 0.00237016 0.0025933 0.131649 0.00254911 0.00245175 0.0023696 0.00232575 0.0022702 -0.00152326 -0.00158556 -0.00171499 -0.0019283 -0.00195114 -0.0022485 -0.00212817 -0.00223989 -0.00201952 -0.00194544 -0.00218746 -0.00218955 -0.00199905 -0.0021171 -0.00193665 -0.00193746 -0.00190558 -0.00186556 -0.00193839 -0.00188141 -0.00180226 -0.00169721 -0.00185823 -0.00179252 -0.00191139 -0.00178832 -0.00166059 -0.00171861 -0.00178698 -0.00187149 -0.0018612 -0.00171756 -0.00167869 -0.00171861 -0.00169292 -0.00175581 -0.00170397 -0.00168939 -0.00173454 -0.00153714 -0.00168391 -0.00161525 -0.00168102 -0.00164548 -0.00175655 -0.00164576 -0.00176175 -0.00173396 -0.00155856 -0.0016659 -0.00169728 -0.00176835 -0.00165422 -0.00167398 -0.00166811 -0.00176373 -0.00173138 -0.00163567 -0.00165781 -0.00170794 -0.00161946 -0.00161405 -0.00164245 -0.00175993 -0.00170589 -0.00172708 -0.00162591 -0.00161677 -0.00156901 -0.00161196 -0.00157547 -0.00170777 -0.00168077 -0.00167615 -0.00156844 -0.00161234 -0.00171068 -0.00175563 -0.00169116 -0.00167064 -0.00161911 -0.00170542 -0.00170553 -0.00170201 -0.0016673 -0.00153218 
-0.00146528 -0.00135361 -0.00125204 -0.00116525 0.00206574 0.00219239 0.00242665 0.00254038 0.00254911 0.130223 0.00250361 0.00238452 0.0024282 0.00225859 -0.0013909 -0.00143047 -0.00169748 -0.00187544 -0.00190329 -0.00211294 -0.00199165 -0.00202661 -0.00208694 -0.00198452 -0.00209678 -0.0020515 -0.00191107 -0.00195382 -0.00185202 -0.0018956 -0.00186718 -0.00184392 -0.00182146 -0.00180878 -0.00172652 -0.0017116 -0.0017573 -0.00178076 -0.00172013 -0.00173021 -0.00169372 -0.00179119 -0.00172705 -0.00172657 -0.00171477 -0.00174733 -0.00164878 -0.00167405 -0.00165899 -0.00168347 -0.00161468 -0.00168348 -0.00166695 -0.00168614 -0.00178136 -0.0016659 -0.00167271 -0.00162873 -0.00160751 -0.00159442 -0.00158609 -0.00170993 -0.00144319 -0.00153704 -0.00172413 -0.00168841 -0.00158844 -0.00155217 -0.00164429 -0.00175116 -0.00165983 -0.00157919 -0.0016735 -0.00158462 -0.00157855 -0.00158334 -0.00156866 -0.00165776 -0.0016354 -0.00163994 -0.00155189 -0.00161354 -0.00165072 -0.00164692 -0.00163561 -0.00163755 -0.00165288 -0.00150614 -0.00152831 -0.00163793 -0.00154666 -0.00157254 -0.00164082 -0.00158734 -0.00167947 -0.00166539 -0.00164563 -0.00166924 -0.00162032 -0.00156437 
-0.00167178 -0.00153309 -0.00150156 -0.00138103 -0.00129968 0.00215589 0.00233421 0.00241786 0.00245175 0.00250361 0.13482 0.0027049 0.00271806 0.0025238 0.00240328 0.00236612 -0.00154233 -0.00182728 -0.00183519 -0.00203731 -0.00212072 -0.00224953 -0.0021092 -0.00200145 -0.00226178 -0.00215204 -0.00213703 -0.00207558 -0.00201979 -0.00199948 -0.00208755 -0.001996 -0.00193329 -0.00188572 -0.00191883 -0.00180069 -0.00192903 -0.00179363 -0.00184582 -0.0018931 -0.00178618 -0.00171655 -0.00184888 -0.00197585 -0.00183078 -0.0017637 -0.00176182 -0.00175354 -0.00177989 -0.00171376 -0.00182551 -0.00168852 -0.00179764 -0.00174495 -0.0017818 -0.00180711 -0.00170286 -0.0016947 -0.00178625 -0.00174355 -0.0017473 -0.0017157 -0.00168624 -0.00167218 -0.00175265 -0.00175495 -0.00173392 -0.00176088 -0.00168876 -0.0017689 -0.00178656 -0.00175777 -0.00177313 -0.00175066 -0.00169182 -0.00164027 -0.0015892 -0.0017299 -0.00177805 -0.00172798 -0.00172843 -0.00170787 -0.00173489 -0.00181445 -0.00168138 -0.00173739 -0.00172779 -0.00163658 -0.00165077 -0.00172557 -0.00177292 -0.0017896 -0.00172919 -0.00178126 -0.00170742 -0.00174247 -0.00170578 -0.00174394 -0.00175534 -0.00167651 
-0.00175199 -0.00168356 -0.00153218 -0.00151149 -0.00129611 -0.00138985 0.00209247 0.0022379 0.0023696 0.00238452 0.0027049 0.136723 0.00282021 0.00271392 0.00252541 0.0024786 0.00243552 -0.00161236 -0.00165441 -0.00203908 -0.00201581 -0.00200252 -0.00214318 -0.0021168 -0.00233229 -0.00223771 -0.00208353 -0.00208352 -0.00211735 -0.00205603 -0.00201924 -0.00195352 -0.00211715 -0.00189915 -0.00179403 -0.00185716 -0.00192499 -0.00196042 -0.0019029 -0.00193452 -0.00185678 -0.00177431 -0.00194383 -0.00197341 -0.00191922 -0.0018145 -0.00184733 -0.00181408 -0.00178799 -0.00180887 -0.00175469 -0.0017882 -0.00172592 -0.00177342 -0.00176124 -0.00174107 -0.00176701 -0.00183012 -0.00171477 -0.00176973 -0.00176921 -0.00179961 -0.00166599 -0.0017555 -0.00172365 -0.00176255 -0.00173601 -0.0017936 -0.00180203 -0.00184327 -0.00181515 -0.001785 -0.00184107 -0.00187328 -0.00172145 -0.00166559 -0.00167714 -0.0017977 -0.00172429 -0.00174175 -0.00180419 -0.00175647 -0.00177482 -0.00171252 -0.00179584 -0.0018185 -0.00173076 -0.00164308 -0.00165163 -0.00182574 -0.00168712 -0.0018072 -0.00184596 -0.00171973 -0.0017677 -0.00172901 -0.00174493 -0.00177689 -0.00177379 -0.00163689 
-0.00176811 -0.00170579 -0.00168472 -0.00152505 -0.00145845 -0.0014131 -0.0013845 0.00217661 0.00232575 0.0024282 0.00271806 0.00282021 0.135375 0.00268351 0.00256852 0.00269899 0.00230337 -0.00154871 -0.00161076 -0.00179171 -0.00202959 -0.00201658 -0.00213458 -0.00206314 -0.00218618 -0.00208074 -0.0020016 -0.00196529 -0.00196835 -0.00190613 -0.00191485 -0.00195923 -0.00194015 -0.0019312 -0.00176823 -0.00174246 -0.00191184 -0.00191388 -0.00179641 -0.00186044 -0.00173209 -0.00173817 -0.00184015 -0.00190708 -0.00189205 -0.00181709 -0.00179676 -0.00171621 -0.0017541 -0.00178142 -0.00164143 -0.00174357 -0.00178858 -0.00173518 -0.00177521 -0.00173052 -0.00172643 -0.00176252 -0.0016999 -0.00175869 -0.00168439 -0.00172477 -0.00171974 -0.00153498 -0.00175403 -0.00167689 -0.00166853 -0.00180208 -0.00178054 -0.00175658 -0.00171842 -0.00179762 -0.00164588 -0.00183994 -0.00161533 -0.00162918 -0.00162127 -0.0016285 -0.00172553 -0.00172154 -0.00173464 -0.0017499 -0.00170128 -0.00167724 -0.00170973 -0.0016479 -0.00168185 -0.00166986 -0.00160973 -0.00168581 -0.00176684 -0.0017013 -0.00162737 -0.00175778 -0.00168126 -0.00159175 -0.00170665 -0.0016723 -0.00170766 -0.00165296 
-0.00182849 -0.00186836 -0.00184688 -0.00180968 -0.00162314 -0.00168349 -0.0015878 -0.00151601 0.0022702 0.00225859 0.0025238 0.00271392 0.00268351 0.140701 0.00288011 0.00292372 0.00285835 0.00249477 0.00248513 -0.00172159 -0.00182865 -0.00189078 -0.00200366 -0.00208416 -0.00233524 -0.00231109 -0.00218126 -0.00218983 -0.00209793 -0.00209473 -0.00211291 -0.002036 -0.00206252 -0.00209348 -0.00193446 -0.00195147 -0.00199608 -0.0019971 -0.00197648 -0.00186786 -0.00184483 -0.00184616 -0.00193677 -0.0020332 -0.00195346 -0.00192701 -0.00188664 -0.00197508 -0.00190611 -0.00179845 -0.00178291 -0.00191457 -0.00183715 -0.00180215 -0.00184981 -0.00184032 -0.00186191 -0.0018803 -0.00186212 -0.00193623 -0.00194755 -0.00192606 -0.00173196 -0.00170957 -0.0018099 -0.00184677 -0.00188345 -0.00183831 -0.00189344 -0.00186005 -0.00180503 -0.00163333 -0.00174628 -0.00182664 -0.00173607 -0.00174867 -0.00175841 -0.00182044 -0.00175992 -0.00176873 -0.00181208 -0.0018336 -0.0018595 -0.00186626 -0.00185672 -0.00178857 -0.00187794 -0.00182555 -0.00171221 -0.00178127 -0.00179582 -0.00178917 -0.00183335 -0.00186635 -0.00186738 -0.00175429 -0.00188031 -0.00182517 -0.00186624 -0.00184461 
-0.00178806 -0.00183879 -0.00175981 -0.0018378 -0.00186985 -0.00178894 -0.0017155 -0.00162009 -0.00152326 -0.0013909 0.00240328 0.00252541 0.00256852 0.00288011 0.139626 0.00297016 0.0029879 0.00270679 0.00272692 0.00249324 -0.00168213 -0.00165524 -0.00180199 -0.00188583 -0.00209387 -0.00223418 -0.00210591 -0.00205916 -0.00211823 -0.00207102 -0.00203894 -0.00204968 -0.00204291 -0.00203894 -0.00187121 -0.00191679 -0.00192117 -0.00197506 -0.00183847 -0.00190462 -0.00178023 -0.00200354 -0.00190865 -0.00196073 -0.0018335 -0.00197104 -0.00185252 -0.00186864 -0.00176144 -0.00177046 -0.00176626 -0.00173073 -0.00175143 -0.00171064 -0.00178916 -0.0017953 -0.00175736 -0.00175669 -0.00172364 -0.00185268 -0.0018383 -0.00174016 -0.00182789 -0.00167941 -0.0017483 -0.00177688 -0.00178968 -0.00169062 -0.00178286 -0.00171345 -0.00176775 -0.00173198 -0.00177553 -0.00184554 -0.00163844 -0.00171958 -0.00176211 -0.00177268 -0.00186955 -0.00176632 -0.00180039 -0.00178652 -0.00175746 -0.00175967 -0.00175221 -0.00181208 -0.00183775 -0.00164937 -0.0016665 -0.00177712 -0.00183713 -0.00176587 -0.00185664 -0.00191146 -0.00177718 -0.00191688 -0.00180257 -0.00180955 -0.00188557 -0.0017067 
-0.00177147 -0.00187838 -0.00177446 -0.00183273 -0.00183204 -0.00179717 -0.00169707 -0.00169985 -0.00158556 -0.00143047 0.00236612 0.0024786 0.00269899 0.00292372 0.00297016 0.141257 0.00312018 0.00271639 0.00274308 0.00255966 -0.00169283 -0.00167895 -0.00183006 -0.00192657 -0.00212311 -0.00232082 -0.00202576 -0.00203688 -0.00202968 -0.00202801 -0.0022078 -0.00208986 -0.00201254 -0.00208822 -0.00194398 -0.00188686 -0.0019812 -0.00208243 -0.0020285 -0.00194329 -0.00186107 -0.00180472 -0.00200427 -0.00184748 -0.00197217 -0.00190809 -0.00188811 -0.00188588 -0.00181451 -0.00178413 -0.00184563 -0.00181174 -0.00187119 -0.00190229 -0.00178472 -0.00182571 -0.00177919 -0.00184798 -0.00183277 -0.001783 -0.00176988 -0.00178298 -0.00183953 -0.00167911 -0.00180695 -0.00177114 -0.00175447 -0.00181891 -0.00178806 -0.00173184 -0.00178465 -0.00176182 -0.0017523 -0.00183207 -0.00168455 -0.00172816 -0.00172213 -0.00178614 -0.00174491 -0.00180874 -0.00184029 -0.00177813 -0.00177816 -0.00188298 -0.00183303 -0.00180924 -0.00171147 -0.00172173 -0.00170976 -0.00186991 -0.0018036 -0.00181628 -0.00194146 -0.00183825 -0.00182811 -0.00183496 -0.00181128 -0.00175428 -0.00178458 -0.00182721 
-0.00188323 -0.00205601 -0.00193746 -0.00203688 -0.00190866 -0.00213478 -0.00202858 -0.00195371 -0.00171499 -0.00169748 -0.00154233 0.00243552 0.00230337 0.00285835 0.0029879 0.00312018 0.146311 0.00305609 0.00307792 0.00285783 0.0026437 0.0026578 -0.0017269 -0.00178033 -0.00200415 -0.00207609 -0.00224144 -0.00211898 -0.00218742 -0.00225169 -0.00222715 -0.00212508 -0.00217404 -0.00212912 -0.00205699 -0.00204331 -0.00218551 -0.00211747 -0.00211572 -0.00193013 -0.00200543 -0.00195363 -0.00210174 -0.00207148 -0.0019192 -0.00207809 -0.00195317 -0.00185927 -0.0018833 -0.00195038 -0.00190987 -0.00197737 -0.00196651 -0.00191839 -0.00191862 -0.00192977 -0.00183427 -0.00194354 -0.00194404 -0.00189433 -0.00190619 -0.00189459 -0.00181311 -0.0018469 -0.00193427 -0.00193958 -0.00200655 -0.00203376 -0.00191816 -0.00192846 -0.00191568 -0.00193121 -0.00192388 -0.0019419 -0.00184105 -0.00187765 -0.00182068 -0.00196121 -0.00198746 -0.00199845 -0.0019924 -0.00185109 -0.00206462 -0.00194882 -0.00190027 -0.00183142 -0.00194322 -0.00183752 -0.00187234 -0.00191444 -0.00199162 -0.00192538 -0.00187284 -0.00196654 -0.0019653 -0.00187066 -0.00193154 -0.00198809 -0.00189172 -0.00193059 
-0.0018343 -0.00191241 -0.00186406 -0.00198218 -0.00198982 -0.00207143 -0.00213192 -0.00200396 -0.0019283 -0.00187544 -0.00182728 -0.00161236 -0.00154871 0.00249477 0.00270679 0.00271639 0.00305609 0.14459 0.00329228 0.00319613 0.00299479 0.00300126 0.00271789 -0.00161676 -0.00179446 -0.00195961 -0.00201662 -0.00217388 -0.00203912 -0.00209029 -0.0022473 -0.00222059 -0.0021186 -0.00213566 -0.00194647 -0.00200137 -0.00202854 -0.0020141 -0.00205655 -0.00195387 -0.00191057 -0.00190297 -0.00202036 -0.00201226 -0.00199264 -0.00197927 -0.00186961 -0.00194934 -0.00198617 -0.0018726 -0.00179999 -0.00186581 -0.00190934 -0.00184985 -0.00180362 -0.00183771 -0.00179892 -0.00173899 -0.00181174 -0.00194203 -0.00178667 -0.00173831 -0.00173859 -0.00184641 -0.0018012 -0.00177638 -0.00203564 -0.00194157 -0.00188658 -0.00184581 -0.00188247 -0.00189467 -0.00185319 -0.00187262 -0.00171933 -0.00181193 -0.00173413 -0.0017943 -0.00180707 -0.00189835 -0.00196854 -0.00189351 -0.00187891 -0.00189852 -0.00177938 -0.00189492 -0.00182646 -0.00176434 -0.00172596 -0.0018956 -0.00197591 -0.00192376 -0.00190884 -0.00187083 -0.00179731 -0.0019572 -0.00183533 -0.00185444 -0.00183921 -0.00176248 
-0.00189933 -0.0018963 -0.00189648 -0.00188967 -0.00186719 -0.00200911 -0.00207304 -0.00203205 -0.00195114 -0.00190329 -0.00183519 -0.00165441 -0.00161076 0.00248513 0.00272692 0.00274308 0.00307792 0.00329228 0.145466 0.00326006 0.00295794 0.00285429 0.00272897 -0.00158501 -0.00171875 -0.00194883 -0.00207258 -0.00215437 -0.00215401 -0.00214492 -0.00221819 -0.00217664 -0.00209026 -0.00211655 -0.0019818 -0.00201799 -0.00203448 -0.00212319 -0.00206382 -0.00195269 -0.00202332 -0.0019381 -0.0021356 -0.00205212 -0.00200083 -0.00189875 -0.00191173 -0.00191615 -0.00189773 -0.00185041 -0.00193437 -0.00185548 -0.00183029 -0.00187927 -0.00179257 -0.0018272 -0.00180487 -0.00187041 -0.00181547 -0.00184034 -0.00191009 -0.0019462 -0.00172149 -0.00176271 -0.00196156 -0.00184017 -0.00179494 -0.00187258 -0.00193181 -0.00193842 -0.00184231 -0.0018985 -0.00193621 -0.00185816 -0.00177255 -0.00184357 -0.00177082 -0.00189084 -0.00179252 -0.00182313 -0.00195576 -0.00181231 -0.00197234 -0.00192359 -0.00191199 -0.00181856 -0.00193341 -0.00170195 -0.00178793 -0.00177199 -0.00186333 -0.00179207 -0.00187689 -0.0018659 -0.00186916 -0.00188195 -0.0018404 -0.00198303 -0.00198377 -0.00179077 
-0.00192439 -0.0019594 -0.00194345 -0.00200964 -0.00207005 -0.00215408 -0.00212263 -0.00217113 -0.0022485 -0.00211294 -0.00203731 -0.00203908 -0.00179171 -0.00172159 0.00249324 0.00255966 0.00285783 0.00319613 0.00326006 0.149358 0.00303036 0.00316095 0.00300584 0.00253936 0.00266577 -0.00168281 -0.00185053 -0.00197549 -0.00208542 -0.00214552 -0.00225204 -0.00220325 -0.00224446 -0.00227244 -0.00214342 -0.00209091 -0.00213775 -0.00214544 -0.00215491 -0.00212995 -0.00213614 -0.00209603 -0.00207004 -0.00209339 -0.00206544 -0.00204316 -0.00201286 -0.00200378 -0.00211778 -0.00201178 -0.0019448 -0.00202679 -0.00197107 -0.00194798 -0.00198497 -0.00201841 -0.00187817 -0.00199676 -0.00197718 -0.00198945 -0.00197175 -0.00206211 -0.00187984 -0.00192826 -0.00193886 -0.00189343 -0.0019226 -0.00193065 -0.00191496 -0.00200601 -0.00189431 -0.00197182 -0.00203484 -0.00191273 -0.00189841 -0.00187788 -0.00187538 -0.00196202 -0.0020015 -0.00194554 -0.00198759 -0.00197611 -0.00199712 -0.00198225 -0.00198086 -0.00189388 -0.00198765 -0.00184407 -0.00187669 -0.00192577 -0.00201414 -0.00199097 -0.00196197 -0.00204777 -0.00199626 -0.00191359 -0.00195789 -0.00192858 -0.00201709 -0.00181828 
-0.00194221 -0.00197179 -0.00192674 -0.0020008 -0.00187165 -0.00198571 -0.00202272 -0.00201236 -0.00212817 -0.00199165 -0.00212072 -0.00201581 -0.00202959 -0.00182865 -0.00168213 -0.00169283 0.0026437 0.00299479 0.00295794 0.00303036 0.146842 0.00325542 0.00325035 0.00281447 0.00278603 0.002562 -0.00158436 -0.00170637 -0.00196785 -0.00196082 -0.00210452 -0.00215642 -0.00210857 -0.00207139 -0.00210864 -0.00204071 -0.00210786 -0.00209503 -0.00203034 -0.00207955 -0.00197471 -0.00192078 -0.00196731 -0.00201836 -0.00197534 -0.00201403 -0.00186 -0.00188993 -0.0019313 -0.00188182 -0.00193641 -0.00189852 -0.00188459 -0.00196155 -0.0018073 -0.0019355 -0.00186851 -0.00193265 -0.00187925 -0.0019166 -0.00192642 -0.00198811 -0.00188884 -0.00187095 -0.00191104 -0.00188362 -0.00179469 -0.00193104 -0.00193971 -0.00192835 -0.00185579 -0.00195981 -0.00177076 -0.00187988 -0.00180902 -0.0018063 -0.00176697 -0.00182104 -0.0020182 -0.00193932 -0.00191038 -0.00189184 -0.00191585 -0.00190876 -0.00189378 -0.00185099 -0.00190845 -0.00189615 -0.00188327 -0.00195298 -0.00176727 -0.0018579 -0.00179189 -0.00193706 -0.00187053 -0.00183745 -0.00194449 -0.00193564 -0.0019253 -0.00176674 
-0.00183657 -0.00191973 -0.0020429 -0.00197563 -0.00201168 -0.00210417 -0.00195125 -0.00213811 -0.00223989 -0.00202661 -0.00224953 -0.00200252 -0.00201658 -0.00189078 -0.00165524 -0.00167895 0.0026578 0.00300126 0.00285429 0.00316095 0.00325542 0.146276 0.00308071 0.00284026 0.00280427 0.00269387 -0.00169085 -0.00166595 -0.00185311 -0.00177105 -0.0020107 -0.00214917 -0.00211941 -0.00212996 -0.00202663 -0.00192168 -0.00204784 -0.00210958 -0.00199922 -0.00196247 -0.00193143 -0.00188105 -0.00203346 -0.0019715 -0.0020373 -0.00198915 -0.00199288 -0.00186236 -0.00189323 -0.00193657 -0.00184802 -0.0018484 -0.00190751 -0.00179092 -0.00187051 -0.00185054 -0.00192728 -0.00185347 -0.00190897 -0.00201141 -0.00182899 -0.00186352 -0.00185394 -0.00184177 -0.00189703 -0.00188096 -0.00197704 -0.00187265 -0.00190684 -0.00190988 -0.00193189 -0.00205948 -0.00190569 -0.00189835 -0.00178198 -0.0017017 -0.00178728 -0.00189494 -0.00190147 -0.00187069 -0.00191681 -0.00192989 -0.00195584 -0.00184407 -0.00182686 -0.00198478 -0.0019343 -0.00179156 -0.00175674 -0.0018845 -0.00188114 -0.00188582 -0.0018905 -0.00190219 -0.00177888 -0.00190842 -0.00185784 -0.00184715 -0.00196542 -0.00177243 
-0.00179138 -0.00184198 -0.00195451 -0.00197117 -0.00194851 -0.00204774 -0.00209189 -0.0020953 -0.00201952 -0.00208694 -0.0021092 -0.00214318 -0.00213458 -0.00200366 -0.00180199 -0.00183006 -0.0017269 0.00271789 0.00272897 0.00300584 0.00325035 0.00308071 0.145803 0.00291957 0.00299797 0.00272602 0.00240223 -0.00165029 -0.00173659 -0.0017731 -0.00189923 -0.00201495 -0.00219793 -0.00211391 -0.00206443 -0.00201954 -0.00204672 -0.00208052 -0.00206704 -0.00199809 -0.00197779 -0.00189518 -0.0020253 -0.00202003 -0.00198114 -0.00209393 -0.00191884 -0.00187256 -0.00181911 -0.00182835 -0.00183298 -0.00192999 -0.00180599 -0.00201348 -0.00188851 -0.00188398 -0.00179269 -0.0018395 -0.00181849 -0.00182576 -0.00183717 -0.00190943 -0.00187566 -0.00178223 -0.00177578 -0.00182907 -0.00185292 -0.00182452 -0.00176864 -0.00185909 -0.00190443 -0.00190408 -0.00200867 -0.00195574 -0.0018052 -0.00183906 -0.00177278 -0.00190791 -0.00181727 -0.00188834 -0.00185191 -0.00188073 -0.00190408 -0.0018413 -0.00193805 -0.00189834 -0.00195114 -0.0018026 -0.00175333 -0.00186051 -0.00187911 -0.001863 -0.00176256 -0.00190968 -0.00188496 -0.00177868 -0.00187458 -0.00189574 -0.00180096 -0.00185928 
-0.00166715 -0.00171853 -0.00177839 -0.00179008 -0.00179605 -0.00186004 -0.00192185 -0.00195415 -0.00194544 -0.00198452 -0.00200145 -0.0021168 -0.00206314 -0.00208416 -0.00188583 -0.00192657 -0.00178033 -0.00161676 -0.00158501 0.00253936 0.00281447 0.00284026 0.00291957 0.140871 0.00313925 0.00286561 0.00267791 0.00241568 -0.00149529 -0.00147758 -0.00172263 -0.00175883 -0.00181624 -0.00192249 -0.00186613 -0.00184052 -0.00185276 -0.00188567 -0.00190846 -0.00189075 -0.001902 -0.00182844 -0.00188643 -0.00189771 -0.00182143 -0.0019578 -0.00183373 -0.00175613 -0.00181022 -0.00174489 -0.00175831 -0.00168743 -0.00168407 -0.00177031 -0.00181843 -0.00181887 -0.00176758 -0.00178851 -0.00171644 -0.00174635 -0.0018104 -0.00185468 -0.00166598 -0.00165778 -0.0018445 -0.00174074 -0.00173947 -0.00183824 -0.00175625 -0.00182627 -0.00176978 -0.00187926 -0.00181946 -0.00167905 -0.00169891 -0.00169371 -0.00162357 -0.00175189 -0.00176442 -0.00172451 -0.00177862 -0.00179168 -0.00173376 -0.00176513 -0.00166137 -0.00174783 -0.00182853 -0.00169619 -0.00166525 -0.00181749 -0.00171025 -0.00175546 -0.00180652 -0.00181114 -0.00168012 -0.00183412 -0.00178719 -0.00172253 -0.00178512 -0.00165752 
-0.00192495 -0.00185884 -0.00201206 -0.00208667 -0.00196177 -0.00213852 -0.00213734 -0.00218267 -0.00218746 -0.00209678 -0.00226178 -0.00233229 -0.00218618 -0.00233524 -0.00209387 -0.00212311 -0.00200415 -0.00179446 -0.00171875 0.00266577 0.00278603 0.00280427 0.00299797 0.00313925 0.1459 0.00313714 0.00280824 0.00258149 0.00242751 0.00242768 -0.00162421 -0.00166106 -0.00173824 -0.00178095 -0.0020187 -0.00199419 -0.00211063 -0.00207269 -0.00203428 -0.00207879 -0.00193881 -0.00191941 -0.00213142 -0.00205056 -0.00202674 -0.0020093 -0.00193507 -0.00197558 -0.00197211 -0.00198906 -0.00183644 -0.0019869 -0.00195322 -0.00197328 -0.00192025 -0.00191549 -0.00187287 -0.00190054 -0.00188944 -0.00201198 -0.00198457 -0.00197142 -0.00178519 -0.00180757 -0.00186046 -0.00187599 -0.00188175 -0.00192284 -0.00194107 -0.00186962 -0.00190309 -0.00189736 -0.00195552 -0.00189821 -0.00172672 -0.00178685 -0.00182651 -0.00188654 -0.00191833 -0.00188916 -0.00190462 -0.00197529 -0.00192794 -0.00189663 -0.00183386 -0.00195496 -0.00191174 -0.00184277 -0.00194082 -0.00196998 -0.00193628 -0.00197492 -0.00187376 -0.00187589 -0.00198222 -0.00192411 -0.00194793 -0.00192552 -0.00192599 -0.00180238 
-0.00194156 -0.00204263 -0.00197361 -0.00198872 -0.00198141 -0.00212992 -0.0020724 -0.00206071 -0.00218955 -0.0020515 -0.00215204 -0.00223771 -0.00208074 -0.00231109 -0.00223418 -0.00232082 -0.00207609 -0.00195961 -0.00194883 -0.00168281 0.002562 0.00269387 0.00272602 0.00286561 0.00313714 0.144054 0.00300241 0.00270125 0.00253736 0.00259742 0.00239763 -0.00139741 -0.00157316 -0.00168363 -0.00189486 -0.00183365 -0.00199441 -0.00195274 -0.00205982 -0.00202334 -0.00187273 -0.00190996 -0.00203384 -0.00191227 -0.0020707 -0.00194824 -0.0018841 -0.00185178 -0.00186616 -0.00185484 -0.00187685 -0.00203115 -0.00197615 -0.00186463 -0.00197358 -0.00191665 -0.00197875 -0.00186772 -0.00181772 -0.00191973 -0.00182678 -0.00186462 -0.00188801 -0.00176844 -0.00187243 -0.00196825 -0.00187539 -0.00191718 -0.00200956 -0.00187977 -0.00200708 -0.00189298 -0.00185071 -0.00182941 -0.00182215 -0.00177019 -0.00176509 -0.00189561 -0.00184894 -0.00185079 -0.00193571 -0.00189204 -0.00195439 -0.00182897 -0.00188597 -0.00193191 -0.00188313 -0.00179152 -0.00179504 -0.00190816 -0.00186943 -0.00191312 -0.00178322 -0.00189819 -0.00193745 -0.00181356 -0.00184789 -0.00189128 -0.00194253 -0.00189164 
-0.0017005 -0.00177459 -0.00184322 -0.00190123 -0.00175281 -0.0019758 -0.00194091 -0.0019304 -0.00199905 -0.00191107 -0.00213703 -0.00208353 -0.0020016 -0.00218126 -0.00210591 -0.00202576 -0.00224144 -0.00201662 -0.00207258 -0.00185053 -0.00158436 -0.00169085 0.00240223 0.00267791 0.00280824 0.00300241 0.139003 0.00278907 0.00256584 0.00257427 0.00247753 0.00242043 -0.00136652 -0.00154301 -0.00165232 -0.00173566 -0.00176726 -0.00184424 -0.0019345 -0.00190111 -0.0017536 -0.00185991 -0.00186645 -0.00184553 -0.00189492 -0.00196243 -0.00180831 -0.00174087 -0.00182324 -0.00180001 -0.0018256 -0.0017253 -0.00174653 -0.00183718 -0.00184858 -0.00184614 -0.00179214 -0.0017576 -0.00177192 -0.00174695 -0.00170751 -0.00168536 -0.00166952 -0.00165878 -0.00178467 -0.00183319 -0.00180228 -0.00172004 -0.00180829 -0.00174576 -0.00174243 -0.00179266 -0.00176891 -0.00175657 -0.00165879 -0.00171413 -0.00171147 -0.00178187 -0.0018047 -0.00180038 -0.0017203 -0.00184346 -0.00179951 -0.00172125 -0.00179091 -0.00174387 -0.00175066 -0.00175909 -0.001748 -0.00170497 -0.00177716 -0.00171816 -0.00176398 -0.00179051 -0.00172942 -0.00174323 -0.00176988 -0.00176652 -0.00175719 -0.00165644 
-0.00174488 -0.00176507 -0.00170692 -0.00187163 -0.00181762 -0.0018951 -0.00188908 -0.00188691 -0.0021171 -0.00195382 -0.00207558 -0.00208352 -0.00196529 -0.00218983 -0.00205916 -0.00203688 -0.00211898 -0.00217388 -0.00215437 -0.00197549 -0.00170637 -0.00166595 -0.00165029 0.00241568 0.00258149 0.00270125 0.00278907 0.13715 0.00267201 0.00274856 0.00248438 0.00234053 0.00235937 -0.00142825 -0.0014972 -0.00151023 -0.00157185 -0.00169671 -0.00190025 -0.00177104 -0.00183667 -0.00173925 -0.00182371 -0.00180889 -0.00183871 -0.00186311 -0.00165586 -0.00174712 -0.00184378 -0.00170935 -0.00167639 -0.0017924 -0.00166686 -0.00173488 -0.00182192 -0.00173758 -0.00173732 -0.00173118 -0.00176195 -0.00167246 -0.00168508 -0.00174825 -0.00168194 -0.00175539 -0.00176648 -0.00171322 -0.00169373 -0.00168651 -0.00173975 -0.00177987 -0.00174587 -0.00176749 -0.00173611 -0.0017704 -0.00165174 -0.00170579 -0.00164974 -0.00161403 -0.00182192 -0.00175261 -0.00175124 -0.00181587 -0.0017335 -0.00170656 -0.00176328 -0.00178587 -0.00174361 -0.0016891 -0.00173741 -0.00165462 -0.00175868 -0.00166331 -0.0017214 -0.00171545 -0.00176949 -0.00173458 -0.00175221 -0.00180209 -0.00167227 -0.00172681 
-0.00167342 -0.00177292 -0.00177963 -0.00178572 -0.00177842 -0.00188026 -0.00182947 -0.00183936 -0.00193665 -0.00185202 -0.00201979 -0.00211735 -0.00196835 -0.00209793 -0.00211823 -0.00202968 -0.00218742 -0.00203912 -0.00215401 -0.00208542 -0.00196785 -0.00185311 -0.00173659 -0.00149529 0.00242751 0.00253736 0.00256584 0.00267201 0.135252 0.00273268 0.00263988 0.00248403 0.00233482 0.00225415 -0.00138241 -0.00133071 -0.00153204 -0.00169004 -0.00178468 -0.00181774 -0.0017152 -0.00162785 -0.0017536 -0.00184033 -0.00194017 -0.00182663 -0.00173704 -0.00183944 -0.00169986 -0.00168437 -0.00181164 -0.00168418 -0.00170279 -0.00166187 -0.00174278 -0.0017115 -0.00169567 -0.00165869 -0.00166924 -0.00172634 -0.00176145 -0.00165667 -0.00164629 -0.00161706 -0.00178209 -0.00166987 -0.00172611 -0.00171846 -0.00176914 -0.00172678 -0.00172064 -0.00170624 -0.00170144 -0.00163393 -0.00167177 -0.00164943 -0.00167561 -0.00166581 -0.00168051 -0.00171414 -0.00173108 -0.001711 -0.00172419 -0.00170684 -0.00167178 -0.0016575 -0.00171975 -0.00164882 -0.00164005 -0.0017119 -0.00161164 -0.00176822 -0.00178352 -0.00166692 -0.00165413 -0.0015786 -0.00163157 -0.00174159 -0.00172513 -0.00165783 
-0.00165991 -0.00161514 -0.00165101 -0.00173136 -0.00168424 -0.00191512 -0.00191357 -0.00184441 -0.00193746 -0.0018956 -0.00199948 -0.00205603 -0.00190613 -0.00209473 -0.00207102 -0.00202801 -0.00225169 -0.00209029 -0.00214492 -0.00214552 -0.00196082 -0.00177105 -0.0017731 -0.00147758 0.00242768 0.00259742 0.00257427 0.00274856 0.00273268 0.133567 0.00258369 0.00250991 0.00233648 0.00212919 -0.00147716 -0.00140593 -0.00154622 -0.00158779 -0.00172216 -0.00180758 -0.0016649 -0.00175005 -0.00174997 -0.00178281 -0.00178331 -0.00182957 -0.00167213 -0.00167618 -0.00172874 -0.00166095 -0.00167166 -0.00172518 -0.00171324 -0.00172145 -0.00165413 -0.00163922 -0.00167986 -0.00171774 -0.00163575 -0.00162778 -0.00175713 -0.0016691 -0.00160631 -0.00165819 -0.00170437 -0.00174776 -0.0016926 -0.00169828 -0.00163245 -0.00172092 -0.00165624 -0.00162955 -0.00165427 -0.00172314 -0.00166287 -0.00165234 -0.00165624 -0.0016999 -0.00159901 -0.00168848 -0.00173108 -0.00175801 -0.0017566 -0.00163475 -0.00169345 -0.0017014 -0.00175648 -0.0015408 -0.00160079 -0.00167209 -0.00164497 -0.00171558 -0.00167611 -0.00165998 -0.00167656 -0.00168835 -0.00170462 -0.00165788 -0.00152936 -0.00164951 
-0.00166927 -0.00177795 -0.00179476 -0.00179951 -0.0017106 -0.00184576 -0.00188301 -0.00192714 -0.00190558 -0.00186718 -0.00208755 -0.00201924 -0.00191485 -0.00211291 -0.00203894 -0.0022078 -0.00222715 -0.0022473 -0.00221819 -0.00225204 -0.00210452 -0.0020107 -0.00189923 -0.00172263 -0.00162421 0.00239763 0.00247753 0.00248438 0.00263988 0.00258369 0.134884 0.00263641 0.00258325 0.00241268 0.00204735 0.0020602 -0.00136171 -0.00137165 -0.00155087 -0.00167913 -0.00172266 -0.00174796 -0.00184445 -0.00190854 -0.00191139 -0.00182175 -0.00173435 -0.00168282 -0.00183808 -0.00175609 -0.00176734 -0.00163125 -0.00173756 -0.00174715 -0.00181142 -0.00170378 -0.00176889 -0.00179417 -0.00175834 -0.00168045 -0.00174016 -0.00171203 -0.00167287 -0.00172339 -0.00167432 -0.00172684 -0.00179075 -0.00177617 -0.00169605 -0.00168027 -0.00172823 -0.00178294 -0.00170284 -0.00181583 -0.00161053 -0.00174976 -0.00167993 -0.00175486 -0.00171171 -0.00176464 -0.00164553 -0.00171604 -0.00168911 -0.00167127 -0.0016689 -0.00173547 -0.00175369 -0.00166467 -0.00165684 -0.00177924 -0.00178089 -0.00170986 -0.00170967 -0.00177623 -0.00175313 -0.00181994 -0.00175064 -0.00174761 -0.00180399 -0.00168081 
-0.00173681 -0.00168704 -0.00171668 -0.00170459 -0.00176049 -0.00185275 -0.0018897 -0.00184466 -0.00186556 -0.00184392 -0.001996 -0.00195352 -0.00195923 -0.002036 -0.00204968 -0.00208986 -0.00212508 -0.00222059 -0.00217664 -0.00220325 -0.00215642 -0.00214917 -0.00201495 -0.00175883 -0.00166106 -0.00139741 0.00242043 0.00234053 0.00248403 0.00250991 0.00263641 0.132938 0.00256703 0.00242656 0.00221901 0.00227541 0.00209629 -0.00135148 -0.00142572 -0.00157416 -0.00169078 -0.00170496 -0.00176286 -0.00184205 -0.00180052 -0.00179015 -0.00170823 -0.0017252 -0.00171085 -0.00182854 -0.00173987 -0.00161785 -0.00169614 -0.00167025 -0.0017315 -0.00177652 -0.00177074 -0.00177942 -0.00165656 -0.00172819 -0.00177656 -0.00169777 -0.00167646 -0.00176332 -0.00174797 -0.00166373 -0.00169087 -0.00165766 -0.00167458 -0.00174303 -0.00167797 -0.00166481 -0.00167111 -0.00179793 -0.00160002 -0.00172248 -0.00162196 -0.0016279 -0.00177471 -0.00169161 -0.00178853 -0.00172419 -0.00166116 -0.00176658 -0.00174147 -0.00166128 -0.00170058 -0.00160827 -0.00169475 -0.00174224 -0.00164248 -0.00182277 -0.00167463 -0.00166908 -0.0017107 -0.00167237 -0.00167712 -0.00168805 -0.00169834 -0.00169418 
-0.00177512 -0.0017958 -0.00179503 -0.00170822 -0.00171947 -0.00191729 -0.00189252 -0.00189263 -0.00193839 -0.00182146 -0.00193329 -0.00211715 -0.00194015 -0.00206252 -0.00204291 -0.00201254 -0.00217404 -0.0021186 -0.00209026 -0.00224446 -0.00210857 -0.00211941 -0.00219793 -0.00181624 -0.00173824 -0.00157316 -0.00136652 0.00235937 0.00233482 0.00233648 0.00258325 0.00256703 0.131612 0.00260493 0.00235159 0.00237775 0.00221661 0.00213056 -0.00132548 -0.00148014 -0.00147055 -0.00150142 -0.00172462 -0.00179847 -0.00176692 -0.00178933 -0.00168191 -0.0016908 -0.00164646 -0.00171812 -0.00170802 -0.00178231 -0.00167291 -0.0016755 -0.001728 -0.00173182 -0.00165267 -0.00176329 -0.00166324 -0.00167713 -0.00175114 -0.00172534 -0.0016347 -0.00162712 -0.00163451 -0.00169138 -0.00166402 -0.00169061 -0.00164198 -0.00167782 -0.00162514 -0.00169336 -0.00170503 -0.00171283 -0.00160835 -0.00166513 -0.00165752 -0.00159658 -0.00170682 -0.00168519 -0.00171054 -0.00159626 -0.00159124 -0.00177587 -0.00168916 -0.00166759 -0.00153576 -0.00166521 -0.00168949 -0.00168883 -0.00169348 -0.00177024 -0.00170667 -0.00170635 -0.00180505 -0.00163721 -0.00165437 -0.00164598 -0.00168892 -0.00160038 
