0.12304 0.00222693 0.00219569 0.00215053 0.00205906 0.00190463 -0.00121204 -0.00124668 -0.00144311 -0.00138516 -0.0016226 -0.00183392 -0.00165083 -0.0018618 -0.00183328 -0.00189989 -0.00188378 -0.00186719 -0.00185094 -0.00201967 -0.00194081 -0.00190466 -0.00196338 -0.00182972 -0.00185103 -0.00182631 -0.00182837 -0.00167522 -0.00170492 -0.00168943 -0.00172393 -0.00171605 -0.00168097 -0.00163557 -0.00155368 -0.0016155 -0.00160478 -0.00164839 -0.0016504 -0.00163309 -0.00153244 -0.00150376 -0.00163499 -0.00152604 -0.00155628 -0.00164398 -0.00153948 -0.00145113 -0.00145751 -0.00153859 -0.00150603 -0.00151382 -0.00156185 -0.00146024 -0.0015231 -0.00151771 -0.00159012 -0.00144265 -0.00148709 -0.00153479 -0.00147037 -0.00158008 -0.001476 -0.0014812 -0.00157642 -0.00155654 -0.00153934 -0.00151291 -0.00149423 -0.00146337 -0.00148031 -0.00149986 -0.00147765 -0.00151345 -0.00146599 -0.0014011 -0.00145341 -0.00153526 -0.00149867 -0.00158502 -0.00149785 -0.00153033 -0.0014976 -0.00148034 -0.00154929 -0.00151639 -0.00146523 -0.00140049 -0.00141348 -0.00151232 -0.00152286 -0.00137438 -0.0013371 -0.00125396 -0.00133283 -0.001116 0.0018959 0.00193729 0.00205157 0.00220867 
0.00222693 0.123303 0.0021873 0.00210992 0.00198484 0.0020928 0.00197429 -0.00114883 -0.00129628 -0.00142875 -0.00156684 -0.00161618 -0.00166566 -0.00183651 -0.00183869 -0.00174236 -0.00196984 -0.00186704 -0.00191401 -0.00188775 -0.00192515 -0.00201111 -0.00182967 -0.00180928 -0.0019196 -0.00196282 -0.00171655 -0.00176735 -0.00176495 -0.00178167 -0.00179511 -0.00176127 -0.00171792 -0.00170672 -0.0016428 -0.00158741 -0.00165975 -0.00169303 -0.00162049 -0.00164261 -0.0015664 -0.00155862 -0.00158795 -0.00157643 -0.00157729 -0.00166045 -0.00161026 -0.00149902 -0.0015254 -0.00151896 -0.00147715 -0.00155595 -0.00151012 -0.00146872 -0.00150055 -0.00150483 -0.00154941 -0.00144444 -0.00149418 -0.0015518 -0.00146258 -0.001559 -0.00143543 -0.00144066 -0.00151078 -0.00149659 -0.0015215 -0.0015419 -0.00150093 -0.00152764 -0.00154877 -0.00160561 -0.00148465 -0.00148352 -0.00140279 -0.00132302 -0.00144903 -0.0015048 -0.00147723 -0.00149177 -0.00142763 -0.00144571 -0.00160585 -0.00155825 -0.00150431 -0.00151088 -0.00152028 -0.00144136 -0.00135921 -0.00157002 -0.00148943 -0.00146625 -0.00136878 -0.00141 -0.00125567 -0.00115783 -0.0010648 0.00183422 0.0019462 0.00209694 
0.00219569 0.0021873 0.123947 0.00231736 0.00225169 0.00218508 0.00210225 0.00209493 -0.00126167 -0.00125202 -0.00156642 -0.00161133 -0.00166443 -0.00185831 -0.00188333 -0.00191982 -0.00192008 -0.00186717 -0.00193209 -0.00203657 -0.00189242 -0.00192849 -0.00195086 -0.00186599 -0.00203499 -0.00189754 -0.00173455 -0.00173573 -0.00168115 -0.00171275 -0.00173782 -0.00173484 -0.00176951 -0.00168721 -0.00155119 -0.00164257 -0.00169688 -0.00163282 -0.00167738 -0.00153509 -0.00154869 -0.00162749 -0.00168683 -0.00163073 -0.00156272 -0.00162074 -0.00155485 -0.00156981 -0.00154957 -0.00159601 -0.00150896 -0.00147296 -0.00148397 -0.00159133 -0.00158152 -0.00146698 -0.00157845 -0.00144989 -0.00144854 -0.00155461 -0.00148433 -0.00152764 -0.00144323 -0.00140774 -0.00145564 -0.00152433 -0.0014958 -0.00159725 -0.0014612 -0.00147735 -0.00162769 -0.00152204 -0.00154137 -0.00147796 -0.00144073 -0.00151512 -0.00139222 -0.00149164 -0.00143974 -0.00151446 -0.0015312 -0.0014721 -0.00158989 -0.00154614 -0.00152788 -0.00155166 -0.00149538 -0.00140729 -0.001368 -0.00145112 -0.00155181 -0.0015016 -0.00149027 -0.0014811 -0.00142877 -0.0013292 -0.00130354 -0.00125396 0.00185592 0.00193915 
0.00215053 0.00210992 0.00231736 0.124125 0.00230168 0.00239608 0.00226582 0.00205497 0.00215747 -0.00112115 -0.00131898 -0.00154661 -0.00158591 -0.00170772 -0.00185725 -0.00183698 -0.00195458 -0.00193682 -0.00203738 -0.00198676 -0.00201268 -0.0019263 -0.00196127 -0.00176239 -0.00201617 -0.00190659 -0.0017352 -0.00184807 -0.00182744 -0.0017393 -0.00178217 -0.00179465 -0.00175085 -0.00172859 -0.00163852 -0.00163558 -0.00172188 -0.00171122 -0.00166533 -0.00169708 -0.00159946 -0.00159176 -0.00164174 -0.00161318 -0.00154146 -0.00164344 -0.00152214 -0.00152894 -0.0014891 -0.00147747 -0.00154713 -0.0015709 -0.00151926 -0.00155771 -0.00158873 -0.0015297 -0.00155858 -0.00146421 -0.00161801 -0.00155191 -0.00149194 -0.00153988 -0.00144823 -0.0013813 -0.00145032 -0.00156885 -0.00148908 -0.0015176 -0.00151247 -0.00145594 -0.00148385 -0.00160418 -0.0015143 -0.00145113 -0.00152619 -0.00145335 -0.00149177 -0.00148778 -0.00143013 -0.00156714 -0.00148341 -0.00147407 -0.0015367 -0.00150187 -0.00146019 -0.00156516 -0.00144612 -0.00156012 -0.00151317 -0.00156683 -0.00159883 -0.00149494 -0.00156917 -0.00154319 -0.00151858 -0.00145978 -0.00127231 -0.0012824 -0.00119406 0.00193407 
0.00205906 0.00198484 0.00225169 0.00230168 0.124709 0.00243144 0.00233077 0.00226095 0.00215336 0.00205404 -0.00129896 -0.00136739 -0.00150351 -0.00169993 -0.00169659 -0.00180022 -0.00195578 -0.00190599 -0.00196537 -0.00197343 -0.00204974 -0.00196496 -0.00196735 -0.0018302 -0.00195564 -0.0019948 -0.00189846 -0.0018742 -0.00179222 -0.00180036 -0.00175921 -0.00173596 -0.00176669 -0.00176554 -0.00170436 -0.00166669 -0.00168902 -0.00176515 -0.00169986 -0.00171821 -0.00152109 -0.00158874 -0.0017447 -0.00170373 -0.00155886 -0.00172018 -0.00158244 -0.00156236 -0.00160017 -0.00152637 -0.00155693 -0.00157337 -0.00163707 -0.00156031 -0.00158617 -0.00158375 -0.00157001 -0.00145215 -0.00150253 -0.00142732 -0.00148056 -0.00148262 -0.00150424 -0.00143288 -0.00153202 -0.00147014 -0.00151997 -0.00153501 -0.00145981 -0.00152308 -0.00155634 -0.0014602 -0.0015473 -0.00152167 -0.0014468 -0.00150677 -0.00141723 -0.0015394 -0.00160487 -0.00151396 -0.00153136 -0.0015653 -0.00144204 -0.00152773 -0.00156759 -0.0015556 -0.00155898 -0.00152293 -0.00144789 -0.00158554 -0.00142262 -0.00156863 -0.00151569 -0.0014548 -0.00152481 -0.00146731 -0.00145086 -0.00134899 -0.00123794 -0.00106167 
0.00190463 0.0020928 0.00218508 0.00239608 0.00243144 0.12819 0.00246529 0.00236911 0.00231995 0.00226844 0.00211282 -0.00129617 -0.00146644 -0.00153997 -0.00184817 -0.00179454 -0.00203758 -0.00209757 -0.00211032 -0.00211733 -0.00197086 -0.00214483 -0.00210718 -0.00191551 -0.00207268 -0.00211429 -0.00186425 -0.00187177 -0.00191462 -0.00183767 -0.0018704 -0.00188644 -0.00187141 -0.00180922 -0.00178045 -0.00170235 -0.00177584 -0.00173476 -0.0018101 -0.00172713 -0.00171727 -0.00161915 -0.00174283 -0.00172402 -0.00177195 -0.0016895 -0.00167467 -0.0016097 -0.00168718 -0.00160974 -0.00163877 -0.00161888 -0.0016229 -0.00167448 -0.00169402 -0.00150683 -0.00165837 -0.00162643 -0.0016214 -0.00172967 -0.00157003 -0.00163274 -0.00154914 -0.00161862 -0.00154415 -0.00176905 -0.00165374 -0.00158121 -0.00168774 -0.00161955 -0.00160457 -0.00161459 -0.00158249 -0.0015146 -0.00163373 -0.00168538 -0.00148261 -0.00156103 -0.00165996 -0.0015243 -0.00163381 -0.00161833 -0.00164547 -0.00163173 -0.00162542 -0.00161915 -0.00166392 -0.00157644 -0.00152093 -0.00166669 -0.00159317 -0.00165402 -0.00161527 -0.0016104 -0.00157934 -0.00158462 -0.00149449 -0.00139931 -0.00135651 -0.00122966 
-0.00121204 0.00197429 0.00210225 0.00226582 0.00233077 0.00246529 0.129288 0.00250037 0.0024856 0.00228362 0.00225827 0.00213431 -0.00124065 -0.00155258 -0.00163344 -0.0017238 -0.00205692 -0.00199862 -0.00202825 -0.00222468 -0.00214512 -0.00212263 -0.00201561 -0.0019284 -0.00210706 -0.00208369 -0.0019582 -0.00192703 -0.0019466 -0.00183197 -0.00188055 -0.00194891 -0.00184885 -0.00185093 -0.00176589 -0.00172719 -0.00184249 -0.00186943 -0.00178033 -0.00180309 -0.00161562 -0.00175553 -0.00181754 -0.00164589 -0.00177015 -0.0016785 -0.00162089 -0.00164372 -0.00161433 -0.00162901 -0.00172947 -0.00172014 -0.0016672 -0.00172326 -0.00164425 -0.00165168 -0.00166011 -0.0016069 -0.00170493 -0.00171538 -0.00160101 -0.00157295 -0.00154713 -0.00154525 -0.00163162 -0.00166395 -0.00160276 -0.00157845 -0.00159227 -0.00166963 -0.00165927 -0.00159202 -0.00158876 -0.00165152 -0.00164422 -0.00146511 -0.00151823 -0.00166721 -0.00159927 -0.00165326 -0.00162482 -0.00161391 -0.00167248 -0.00167394 -0.0016257 -0.00166496 -0.00165823 -0.00158987 -0.00164049 -0.00169629 -0.00171757 -0.00162144 -0.00170261 -0.00166477 -0.00168165 -0.00159157 -0.00162288 -0.00161475 -0.00148696 -0.00121069 
-0.00124668 -0.00114883 0.00209493 0.00205497 0.00226095 0.00236911 0.00250037 0.130317 0.00258372 0.00250312 0.00242403 0.00218721 0.00217514 -0.00139752 -0.00160755 -0.00165884 -0.00176403 -0.0020069 -0.00202539 -0.00217374 -0.00200742 -0.00205175 -0.00208437 -0.00197628 -0.00217604 -0.00210666 -0.00199455 -0.00199656 -0.00187148 -0.00180362 -0.00189746 -0.00195592 -0.00190479 -0.00183327 -0.00178393 -0.00176257 -0.0018404 -0.0018112 -0.00175912 -0.00182503 -0.00158077 -0.00164558 -0.00176433 -0.00166911 -0.0017295 -0.00183666 -0.00176984 -0.00173914 -0.00165968 -0.0016816 -0.00162589 -0.00168189 -0.00166478 -0.00160331 -0.00166723 -0.00174546 -0.00173751 -0.00168335 -0.00165848 -0.00163779 -0.00167717 -0.00164257 -0.00161695 -0.00156234 -0.00169184 -0.00167306 -0.00175548 -0.0016319 -0.00167528 -0.00168889 -0.00167614 -0.00169406 -0.00164998 -0.00172636 -0.00159414 -0.00161308 -0.00161729 -0.00171635 -0.00163818 -0.0016845 -0.00167018 -0.00182441 -0.00171162 -0.00163179 -0.0016569 -0.00158519 -0.00154731 -0.00167509 -0.00155726 -0.00162054 -0.00171297 -0.00169242 -0.00170505 -0.00175408 -0.00164049 -0.0016441 -0.00170097 -0.00167245 -0.00156859 -0.00141952 
-0.00144311 -0.00129628 -0.00126167 0.00215747 0.00215336 0.00231995 0.0024856 0.00258372 0.131602 0.00249528 0.00251761 0.0024334 0.00234209 0.00228914 -0.00148324 -0.00155204 -0.00179199 -0.00200417 -0.00204309 -0.00225232 -0.0021337 -0.00210622 -0.00210318 -0.00190107 -0.00216076 -0.0020798 -0.00193775 -0.00191232 -0.00191528 -0.00181184 -0.00186656 -0.00197815 -0.00196942 -0.00192731 -0.00184118 -0.00178814 -0.00192451 -0.00187368 -0.0017716 -0.00185255 -0.00173201 -0.00170306 -0.00179834 -0.00178906 -0.00178222 -0.00177785 -0.00176741 -0.00171436 -0.00173153 -0.00174569 -0.00173222 -0.00176114 -0.00162355 -0.00170998 -0.00185345 -0.00166143 -0.00174664 -0.00169692 -0.00168625 -0.0017659 -0.00165145 -0.00159397 -0.00159024 -0.00169261 -0.0017082 -0.00174064 -0.00167184 -0.00161554 -0.00169768 -0.00168983 -0.00173027 -0.00166792 -0.00166999 -0.00171832 -0.00162643 -0.00154398 -0.00160798 -0.00171707 -0.00164918 -0.00174551 -0.0017736 -0.00174112 -0.00179129 -0.00167498 -0.00169899 -0.00163871 -0.00167511 -0.00160279 -0.00159307 -0.00164749 -0.00168091 -0.00160213 -0.00175365 -0.00164911 -0.00161559 -0.00160153 -0.00162163 -0.00172809 -0.00166646 -0.00153314 
-0.00138516 -0.00142875 -0.00125202 -0.00112115 0.00205404 0.00226844 0.00228362 0.00250312 0.00249528 0.129961 0.00253896 0.00240235 0.00237457 0.00227799 -0.00147444 -0.00158137 -0.00175523 -0.00195538 -0.00193603 -0.00205253 -0.00204429 -0.00207978 -0.00205425 -0.00189639 -0.00200579 -0.00214981 -0.00201292 -0.00184382 -0.00183744 -0.00185011 -0.00188915 -0.00188506 -0.00178638 -0.00181661 -0.00163588 -0.00167957 -0.0017927 -0.00173259 -0.00182435 -0.00177252 -0.0016474 -0.00164441 -0.00174578 -0.00177983 -0.00179452 -0.00169786 -0.00174935 -0.00167561 -0.00167368 -0.00166713 -0.00163643 -0.00155218 -0.00160719 -0.00156441 -0.00164395 -0.00161519 -0.00164701 -0.00154839 -0.00162656 -0.00168134 -0.00164102 -0.0016441 -0.00148585 -0.00158021 -0.00157913 -0.00159549 -0.00161193 -0.00168268 -0.0016717 -0.00158608 -0.00159533 -0.00165273 -0.00170587 -0.00165503 -0.00158584 -0.00152978 -0.0015085 -0.00159681 -0.00161544 -0.00155563 -0.00167379 -0.00166362 -0.00161171 -0.00167458 -0.00164491 -0.0016591 -0.00164398 -0.0015141 -0.00145803 -0.00164347 -0.00165426 -0.00167128 -0.00155387 -0.0016556 -0.00164104 -0.00163512 -0.00163327 -0.00162785 -0.00158575 -0.00150517 
-0.0016226 -0.00156684 -0.00156642 -0.00131898 -0.00129896 0.00211282 0.00225827 0.00242403 0.00251761 0.00253896 0.134644 0.00265502 0.00270012 0.00255661 0.00224234 0.00225507 -0.0016687 -0.00185484 -0.00182553 -0.00210171 -0.00216621 -0.00217491 -0.0020981 -0.00212863 -0.00221495 -0.00217847 -0.00202359 -0.00195674 -0.00197687 -0.00198031 -0.00201707 -0.00200535 -0.00195723 -0.00184393 -0.00182312 -0.00175988 -0.00187179 -0.00192759 -0.00184792 -0.00187258 -0.00179262 -0.00176728 -0.00184848 -0.00187644 -0.00182945 -0.00181001 -0.00172322 -0.00174626 -0.00169738 -0.00183009 -0.00178695 -0.00173711 -0.00174076 -0.00175909 -0.00176272 -0.0016708 -0.00166717 -0.00176291 -0.00171499 -0.00168814 -0.00180962 -0.00172849 -0.00162696 -0.00168326 -0.00173198 -0.00171628 -0.00172632 -0.00171151 -0.00173813 -0.00171138 -0.0017467 -0.00172938 -0.00184836 -0.00169031 -0.00158978 -0.00167476 -0.00172609 -0.00173993 -0.00172053 -0.00175939 -0.00167012 -0.00176307 -0.00180839 -0.00172431 -0.00174266 -0.00167215 -0.00181978 -0.0016609 -0.0017381 -0.00174628 -0.00189066 -0.00174024 -0.00170956 -0.00176856 -0.00169298 -0.00175732 -0.00174572 -0.00170966 -0.00164846 -0.00162546 
-0.00183392 -0.00161618 -0.00161133 -0.00154661 -0.00136739 -0.00129617 0.00213431 0.00218721 0.0024334 0.00240235 0.00265502 0.136562 0.00284871 0.00271671 0.00256054 0.0025988 0.00243126 -0.00161439 -0.00167349 -0.00191604 -0.00209025 -0.0021473 -0.00215602 -0.00213154 -0.00223748 -0.00216948 -0.00205913 -0.00199424 -0.00213305 -0.00195257 -0.00206626 -0.00203237 -0.00204533 -0.00199063 -0.00187944 -0.00184514 -0.00189206 -0.00196907 -0.00186575 -0.00196681 -0.00185745 -0.00184285 -0.00186278 -0.00188336 -0.00187021 -0.00180643 -0.00177387 -0.00176226 -0.0017611 -0.00178842 -0.00175526 -0.00175923 -0.00177549 -0.00183298 -0.00182298 -0.00174591 -0.00180686 -0.00178934 -0.00177281 -0.00176905 -0.00174728 -0.0018244 -0.00171514 -0.00174083 -0.00177578 -0.00173837 -0.0018607 -0.00174867 -0.00167628 -0.00176295 -0.00173209 -0.00179774 -0.00185481 -0.00179989 -0.00169964 -0.00165504 -0.00165378 -0.00175549 -0.00171862 -0.00180522 -0.0018096 -0.00180578 -0.00176574 -0.00173643 -0.00170551 -0.00179461 -0.00177845 -0.00172005 -0.00164214 -0.00170668 -0.00186626 -0.00176923 -0.0017975 -0.00182812 -0.0017777 -0.00177781 -0.00176102 -0.00175809 -0.00181557 -0.00171347 
-0.00165083 -0.00166566 -0.00166443 -0.00158591 -0.00150351 -0.00146644 -0.00124065 0.00217514 0.00234209 0.00237457 0.00270012 0.00284871 0.135507 0.00281216 0.00262956 0.00262057 0.00249071 -0.00152031 -0.00154109 -0.00181877 -0.00210176 -0.00198761 -0.00207841 -0.00193456 -0.00217372 -0.00213323 -0.00195281 -0.00195821 -0.00202257 -0.00193174 -0.00211954 -0.00202959 -0.00191309 -0.0018592 -0.00171197 -0.0018061 -0.0018916 -0.0018278 -0.00187511 -0.00186451 -0.0018082 -0.00177966 -0.00180268 -0.00190404 -0.00179113 -0.00187685 -0.00173428 -0.00172652 -0.00174453 -0.00180313 -0.00171649 -0.00165373 -0.00168659 -0.00172898 -0.00172743 -0.00163189 -0.00169745 -0.00173099 -0.00168983 -0.00183048 -0.00176036 -0.00177934 -0.00166901 -0.00167972 -0.00181396 -0.00172947 -0.00169986 -0.00164703 -0.00165669 -0.00176444 -0.0017149 -0.00173755 -0.00179034 -0.00172537 -0.00159948 -0.00170197 -0.00170184 -0.00172137 -0.00170122 -0.00174412 -0.00170189 -0.00174745 -0.00173994 -0.0017314 -0.00176842 -0.00173036 -0.00175884 -0.00161769 -0.00171012 -0.00173103 -0.00170933 -0.00169821 -0.00174541 -0.00161515 -0.00168576 -0.00171973 -0.00176813 -0.00177727 -0.00171877 -0.00159256 
-0.0018618 -0.00183651 -0.00185831 -0.00170772 -0.00169993 -0.00153997 -0.00155258 -0.00139752 0.00228914 0.00227799 0.00255661 0.00271671 0.00281216 0.140453 0.00279068 0.00286694 0.0026706 0.00238819 0.00252525 -0.00172188 -0.00185479 -0.00183082 -0.00196145 -0.00205785 -0.00227605 -0.00225418 -0.00211 -0.0020944 -0.00209578 -0.00208892 -0.00205651 -0.00209419 -0.00199096 -0.00210376 -0.00197229 -0.00193235 -0.00205294 -0.00201506 -0.00192675 -0.00195903 -0.00188936 -0.00185911 -0.00197839 -0.00196704 -0.00195478 -0.00187157 -0.00185692 -0.00184948 -0.00188823 -0.00185776 -0.0018808 -0.00186554 -0.00191237 -0.00195372 -0.00187576 -0.00192548 -0.00184288 -0.00184904 -0.00180859 -0.00184563 -0.00190471 -0.00178637 -0.00168453 -0.0017694 -0.00173441 -0.00182438 -0.00182458 -0.00186837 -0.00182782 -0.0018664 -0.00176105 -0.00187877 -0.00180352 -0.0018449 -0.0016727 -0.00176884 -0.00165391 -0.00178196 -0.00191772 -0.00184401 -0.00188119 -0.00186532 -0.0018252 -0.00191041 -0.00186783 -0.00186248 -0.00188411 -0.00177404 -0.00175833 -0.00183869 -0.001831 -0.00188508 -0.00179839 -0.00176945 -0.00181926 -0.0018671 -0.00182205 -0.0018365 -0.00178257 -0.00181318 
-0.00183328 -0.00183869 -0.00188333 -0.00185725 -0.00169659 -0.00184817 -0.00163344 -0.00160755 -0.00148324 -0.00147444 0.00224234 0.00256054 0.00262956 0.00279068 0.139881 0.00311235 0.00290874 0.00281359 0.0025727 0.00262023 -0.00176334 -0.00158749 -0.00178437 -0.00193823 -0.00205627 -0.00222062 -0.00208809 -0.00216454 -0.00205579 -0.00202624 -0.00221986 -0.00198423 -0.00206132 -0.00193054 -0.00183863 -0.00185462 -0.00191995 -0.00193744 -0.00199117 -0.00196696 -0.00188717 -0.00188676 -0.00194617 -0.0018584 -0.00188005 -0.00195855 -0.00179112 -0.00178021 -0.00191878 -0.00185697 -0.00171736 -0.00186597 -0.00180528 -0.00179521 -0.00176995 -0.00182475 -0.0018277 -0.00191792 -0.00181024 -0.00181069 -0.00181602 -0.00177257 -0.00164638 -0.00169686 -0.00169254 -0.00173271 -0.00166474 -0.00177545 -0.00185885 -0.00172241 -0.00179627 -0.00170923 -0.00167099 -0.00181476 -0.00170138 -0.00168884 -0.00171516 -0.00177971 -0.00179264 -0.00186541 -0.00182428 -0.00174504 -0.00178026 -0.00191973 -0.00189669 -0.00186476 -0.00178872 -0.00169762 -0.00177287 -0.0017234 -0.00180647 -0.00181339 -0.00181468 -0.00186767 -0.00169325 -0.00178032 -0.00173429 -0.00182999 -0.00178149 -0.00162874 
-0.00189989 -0.00174236 -0.00191982 -0.00183698 -0.00180022 -0.00179454 -0.0017238 -0.00165884 -0.00155204 -0.00158137 0.00225507 0.0025988 0.00262057 0.00286694 0.00311235 0.141314 0.00300429 0.00280991 0.00278039 0.0025893 -0.00163192 -0.00168916 -0.00177289 -0.00181244 -0.00207434 -0.00218103 -0.0021844 -0.00204934 -0.00211064 -0.00204471 -0.00202029 -0.00202658 -0.00203883 -0.00201613 -0.0019284 -0.00196079 -0.0019539 -0.00197362 -0.00191968 -0.00186595 -0.00184869 -0.0018086 -0.00196148 -0.00191898 -0.00196677 -0.00192249 -0.00181112 -0.00190884 -0.00176996 -0.0018643 -0.0017739 -0.00183068 -0.001808 -0.00183942 -0.00185298 -0.00181244 -0.00181125 -0.00187363 -0.00177478 -0.00191986 -0.00184763 -0.0017671 -0.00181758 -0.00180003 -0.00181712 -0.00181214 -0.00189416 -0.00185679 -0.00187275 -0.00180829 -0.00184998 -0.00173313 -0.00179608 -0.00188072 -0.00165151 -0.00180177 -0.00167652 -0.00177167 -0.00185833 -0.00192346 -0.00177903 -0.00176497 -0.00177735 -0.00173435 -0.00183285 -0.00177239 -0.00176453 -0.00165686 -0.00170912 -0.00180849 -0.00178362 -0.00181816 -0.00184561 -0.00180934 -0.00184341 -0.00176894 -0.00194348 -0.00183229 -0.00183919 -0.00178782 
-0.00188378 -0.00196984 -0.00192008 -0.00195458 -0.00195578 -0.00203758 -0.00205692 -0.00176403 -0.00179199 -0.00175523 -0.0016687 0.00243126 0.00249071 0.0026706 0.00290874 0.00300429 0.146048 0.0030256 0.00303495 0.00294443 0.00274802 0.00267554 -0.00163351 -0.00194365 -0.00206776 -0.00214593 -0.00213977 -0.0021239 -0.00222336 -0.00207224 -0.00226971 -0.00211244 -0.00226959 -0.00209526 -0.00196195 -0.00189122 -0.00210394 -0.00208711 -0.0021435 -0.00199341 -0.0020558 -0.00199949 -0.00207798 -0.00195497 -0.00206257 -0.0019458 -0.0020271 -0.00195724 -0.00193879 -0.00202105 -0.00190441 -0.00190944 -0.0019317 -0.00198044 -0.00191216 -0.00192064 -0.00186598 -0.00198352 -0.00188632 -0.00192954 -0.00198854 -0.00189942 -0.00184086 -0.00180527 -0.0019501 -0.00185538 -0.00197426 -0.0018749 -0.00192449 -0.00189714 -0.00187189 -0.00194167 -0.00198199 -0.00199689 -0.00181691 -0.00182442 -0.0018675 -0.00199638 -0.00188091 -0.00195466 -0.00198707 -0.00197346 -0.00191389 -0.00183901 -0.00186392 -0.00194237 -0.0018885 -0.00186756 -0.00180324 -0.00196374 -0.00199498 -0.00194057 -0.00200882 -0.00184228 -0.00193177 -0.00199596 -0.00195438 -0.00196878 -0.00196061 -0.00189589 
-0.00186719 -0.00186704 -0.00186717 -0.00193682 -0.00190599 -0.00209757 -0.00199862 -0.0020069 -0.00200417 -0.00195538 -0.00185484 -0.00161439 -0.00152031 0.00238819 0.00281359 0.00280991 0.0030256 0.144728 0.00334646 0.00323689 0.00290676 0.00287562 0.00269666 -0.00159294 -0.00168456 -0.00196039 -0.00199087 -0.00219179 -0.00211665 -0.00213383 -0.00213415 -0.00216261 -0.00213194 -0.00208669 -0.00189709 -0.00195592 -0.00203948 -0.00202718 -0.0020352 -0.00200412 -0.00187857 -0.00194002 -0.00199454 -0.00193556 -0.0019303 -0.00197253 -0.001867 -0.00181098 -0.00189595 -0.00191504 -0.00188638 -0.00182379 -0.00186504 -0.00189101 -0.00194951 -0.00189683 -0.00190308 -0.00197829 -0.00177206 -0.00196194 -0.00193064 -0.00187375 -0.0018411 -0.0017881 -0.00175943 -0.0018724 -0.00184332 -0.00192992 -0.00192252 -0.00177798 -0.00190695 -0.00187856 -0.00191987 -0.00189228 -0.0017623 -0.00176863 -0.00175347 -0.00187992 -0.00194575 -0.00188381 -0.00183601 -0.00192127 -0.0017804 -0.00189032 -0.00193854 -0.001797 -0.0017862 -0.00187305 -0.00180768 -0.00175327 -0.00184698 -0.00186124 -0.00186516 -0.00188334 -0.00187521 -0.00187777 -0.00181475 -0.00181566 -0.00195939 -0.00180354 
-0.00185094 -0.00191401 -0.00193209 -0.00203738 -0.00196537 -0.00211032 -0.00202825 -0.00202539 -0.00204309 -0.00193603 -0.00182553 -0.00167349 -0.00154109 0.00252525 0.0025727 0.00278039 0.00303495 0.00334646 0.145487 0.00324018 0.00298024 0.00300794 0.00281556 -0.00155636 -0.00175272 -0.00178388 -0.00208128 -0.00215115 -0.00208683 -0.00204853 -0.00210476 -0.00213115 -0.00203846 -0.00209117 -0.00198192 -0.00196803 -0.00200675 -0.00201543 -0.00204105 -0.00212119 -0.00196396 -0.00194696 -0.00199562 -0.00194034 -0.0019382 -0.00205271 -0.00193345 -0.00192784 -0.00195333 -0.00184994 -0.00191208 -0.00179042 -0.00182375 -0.00187579 -0.00180772 -0.00183597 -0.00193895 -0.00189582 -0.00195288 -0.00190276 -0.00180686 -0.00195053 -0.0017159 -0.00180689 -0.00185017 -0.00184813 -0.00190349 -0.0020381 -0.00186546 -0.00189751 -0.001912 -0.00194948 -0.00189357 -0.00191242 -0.00172115 -0.00179675 -0.00185315 -0.00191374 -0.0019654 -0.00186467 -0.00188477 -0.00180829 -0.00181401 -0.00194418 -0.00185458 -0.00181602 -0.00192274 -0.00178737 -0.00178241 -0.00186866 -0.00188756 -0.00188884 -0.00186569 -0.00180479 -0.00188685 -0.00186328 -0.00192785 -0.00182572 -0.00198935 -0.00182005 
-0.00201967 -0.00188775 -0.00203657 -0.00198676 -0.00197343 -0.00211733 -0.00222468 -0.00217374 -0.00225232 -0.00205253 -0.00210171 -0.00191604 -0.00181877 -0.00172188 0.00262023 0.0025893 0.00294443 0.00323689 0.00324018 0.14906 0.00315304 0.00331499 0.00292811 0.00265032 0.00257034 -0.00176178 -0.00185081 -0.00206304 -0.0020483 -0.00200641 -0.00229012 -0.00218639 -0.00223251 -0.00218147 -0.00205 -0.0020679 -0.0021197 -0.00203475 -0.00213315 -0.00206985 -0.00205705 -0.00202001 -0.00213829 -0.00219142 -0.00213546 -0.00202263 -0.00201201 -0.00195472 -0.00206488 -0.00198584 -0.00207332 -0.00195559 -0.00197318 -0.00199108 -0.00205048 -0.00204085 -0.00192921 -0.00198098 -0.00197978 -0.00196074 -0.00197226 -0.00198658 -0.00187339 -0.00190488 -0.00195108 -0.00199361 -0.00191844 -0.00203699 -0.0021189 -0.00196585 -0.0019879 -0.00194427 -0.00191096 -0.00206522 -0.00192005 -0.00184669 -0.00186558 -0.001933 -0.00197621 -0.00200684 -0.00198944 -0.00202724 -0.00201471 -0.001991 -0.00198195 -0.00193689 -0.0019511 -0.00189689 -0.0018394 -0.00199492 -0.00199042 -0.00192881 -0.0019991 -0.00196004 -0.00198874 -0.00192548 -0.00198852 -0.00199442 -0.00197947 -0.00185386 
-0.00194081 -0.00192515 -0.00189242 -0.00201268 -0.00204974 -0.00197086 -0.00214512 -0.00200742 -0.0021337 -0.00204429 -0.00216621 -0.00209025 -0.00210176 -0.00185479 -0.00176334 -0.00163192 0.00274802 0.00290676 0.00298024 0.00315304 0.146415 0.00334176 0.00318419 0.00280383 0.00263374 0.00254913 -0.00155313 -0.0017836 -0.00193559 -0.00189466 -0.00207742 -0.00215282 -0.00212492 -0.00210821 -0.00201701 -0.00193679 -0.00204273 -0.00199594 -0.00203482 -0.00193307 -0.00193979 -0.00200649 -0.00204265 -0.00195651 -0.00198254 -0.00203748 -0.00199489 -0.00188098 -0.00191606 -0.00189376 -0.0018121 -0.00178667 -0.00187792 -0.00203619 -0.0018983 -0.00184225 -0.0019754 -0.00187208 -0.00183603 -0.00179276 -0.00185025 -0.00193861 -0.001768 -0.00183886 -0.00200314 -0.00188026 -0.00200344 -0.0019413 -0.00190419 -0.00187657 -0.00188616 -0.00187472 -0.00186759 -0.00182389 -0.00180023 -0.00181993 -0.00173601 -0.00184909 -0.00182303 -0.00195143 -0.00185845 -0.00196707 -0.00186813 -0.00189153 -0.00191385 -0.00183964 -0.00192164 -0.00175841 -0.00171074 -0.00188522 -0.00189036 -0.00192657 -0.00196333 -0.00189792 -0.00189641 -0.00192511 -0.00195162 -0.00183791 -0.00192789 -0.00174511 
-0.00190466 -0.00201111 -0.00192849 -0.0019263 -0.00196496 -0.00214483 -0.00212263 -0.00205175 -0.00210622 -0.00207978 -0.00217491 -0.0021473 -0.00198761 -0.00183082 -0.00158749 -0.00168916 0.00267554 0.00287562 0.00300794 0.00331499 0.00334176 0.146313 0.00317238 0.00283246 0.00276662 0.00261854 -0.00171557 -0.00178094 -0.00194655 -0.00186919 -0.00203448 -0.00209705 -0.00211033 -0.00195754 -0.00207806 -0.00198793 -0.00198323 -0.0019645 -0.00197048 -0.00198199 -0.0018963 -0.0019284 -0.002016 -0.00201214 -0.00203426 -0.00198242 -0.00197101 -0.0018814 -0.0018415 -0.00187884 -0.00179414 -0.00189739 -0.00191749 -0.00186098 -0.0018796 -0.00198229 -0.00189098 -0.00191445 -0.00189844 -0.00182611 -0.00183132 -0.00187989 -0.00178651 -0.00184398 -0.00193553 -0.00183341 -0.00199276 -0.00196142 -0.00183494 -0.00193902 -0.00178634 -0.00194765 -0.00186242 -0.00190395 -0.00181131 -0.00188142 -0.00185927 -0.00197076 -0.00184803 -0.00202554 -0.0018469 -0.00187815 -0.00190026 -0.00184391 -0.00192146 -0.00191809 -0.001957 -0.00192213 -0.00177383 -0.00187556 -0.00186342 -0.00189284 -0.00193363 -0.00186009 -0.00193476 -0.00195255 -0.00186539 -0.00186961 -0.00194754 -0.00178669 
-0.00196338 -0.00182967 -0.00195086 -0.00196127 -0.00196735 -0.00210718 -0.00201561 -0.00208437 -0.00210318 -0.00205425 -0.0020981 -0.00215602 -0.00207841 -0.00196145 -0.00178437 -0.00177289 -0.00163351 0.00269666 0.00281556 0.00292811 0.00318419 0.00317238 0.14565 0.00299176 0.00284738 0.0026836 0.00240154 -0.00167751 -0.00177396 -0.00169081 -0.00190346 -0.00190822 -0.00212855 -0.0020213 -0.00188682 -0.00200602 -0.00211151 -0.00204389 -0.0019355 -0.00206016 -0.00185064 -0.00189569 -0.00196254 -0.00213218 -0.00210887 -0.00182194 -0.00179078 -0.00185559 -0.00185124 -0.00185439 -0.0018258 -0.0018915 -0.00188106 -0.00188363 -0.00183733 -0.00193601 -0.0019284 -0.00190597 -0.00189866 -0.00186301 -0.00186552 -0.0018831 -0.00181798 -0.00177732 -0.00182517 -0.00177676 -0.00185238 -0.00185547 -0.00186055 -0.00192031 -0.00189706 -0.00179986 -0.00182659 -0.00187063 -0.00173402 -0.00170193 -0.00183274 -0.00184996 -0.00186347 -0.0018931 -0.00188141 -0.00191895 -0.00191477 -0.00197555 -0.00190586 -0.00196367 -0.00191861 -0.00182551 -0.00174314 -0.00184634 -0.00193425 -0.00189371 -0.00198752 -0.00197652 -0.0018709 -0.00190585 -0.00193814 -0.00184312 -0.00192524 -0.00185312 
-0.00182972 -0.00180928 -0.00186599 -0.00176239 -0.0018302 -0.00191551 -0.0019284 -0.00197628 -0.00190107 -0.00189639 -0.00212863 -0.00213154 -0.00193456 -0.00205785 -0.00193823 -0.00181244 -0.00194365 -0.00159294 -0.00155636 0.00265032 0.00280383 0.00283246 0.00299176 0.14127 0.00300199 0.00277619 0.00255008 0.00243276 -0.00154221 -0.00141938 -0.00166348 -0.00169057 -0.00177679 -0.00191812 -0.00196632 -0.00188776 -0.0019049 -0.00184417 -0.00190153 -0.0018797 -0.00188681 -0.00180153 -0.00187332 -0.00191221 -0.00184665 -0.00192711 -0.00186897 -0.00180325 -0.00179164 -0.0017904 -0.0017746 -0.0017454 -0.00180907 -0.00173888 -0.00175993 -0.00180425 -0.00176392 -0.0018548 -0.00182298 -0.00176635 -0.00176307 -0.00176395 -0.00172023 -0.00175992 -0.00172599 -0.00180399 -0.00177229 -0.00180276 -0.00180009 -0.00163463 -0.00177233 -0.00171357 -0.00186862 -0.00174468 -0.00163818 -0.0016494 -0.00166162 -0.00172305 -0.0017168 -0.00171157 -0.00177911 -0.00180976 -0.00172124 -0.00176104 -0.00180739 -0.00174532 -0.00170082 -0.00173961 -0.0016508 -0.00177622 -0.00175435 -0.00178961 -0.00177235 -0.00182977 -0.00175704 -0.00168332 -0.00171779 -0.00175618 -0.00176403 -0.00169809 
-0.00185103 -0.0019196 -0.00203499 -0.00201617 -0.00195564 -0.00207268 -0.00210706 -0.00217604 -0.00216076 -0.00200579 -0.00221495 -0.00223748 -0.00217372 -0.00227605 -0.00205627 -0.00207434 -0.00206776 -0.00168456 -0.00175272 0.00257034 0.00263374 0.00276662 0.00284738 0.00300199 0.14567 0.00301973 0.00269292 0.00251604 0.00235704 0.00232463 -0.00156558 -0.00168238 -0.00181467 -0.00186569 -0.00198545 -0.00208688 -0.0020667 -0.00207412 -0.00201619 -0.00210796 -0.00188289 -0.0018995 -0.0021192 -0.00200525 -0.00202835 -0.00199659 -0.00194414 -0.00196445 -0.00189015 -0.00201191 -0.00189852 -0.00194461 -0.00192 -0.00187303 -0.00193049 -0.00188713 -0.00194166 -0.00195192 -0.00188747 -0.00187147 -0.00195723 -0.00191852 -0.00189124 -0.00184873 -0.001972 -0.00194732 -0.00188216 -0.00192592 -0.0018655 -0.00181511 -0.0018631 -0.00189522 -0.00191893 -0.00191883 -0.00185494 -0.00174233 -0.00185195 -0.00190878 -0.00193336 -0.00179359 -0.00197307 -0.00195376 -0.00195171 -0.00187306 -0.00194048 -0.00186649 -0.00189423 -0.00178351 -0.00180523 -0.00200566 -0.00187996 -0.00185243 -0.00178891 -0.00196748 -0.00184 -0.0018723 -0.00179528 -0.0018886 -0.00188574 -0.00192566 
-0.00182631 -0.00196282 -0.00189754 -0.00190659 -0.0019948 -0.00211429 -0.00208369 -0.00210666 -0.0020798 -0.00214981 -0.00217847 -0.00216948 -0.00213323 -0.00225418 -0.00222062 -0.00218103 -0.00214593 -0.00196039 -0.00178388 -0.00176178 0.00254913 0.00261854 0.0026836 0.00277619 0.00301973 0.144214 0.00275831 0.00275743 0.00239231 0.00247912 0.0023115 -0.00156654 -0.00160965 -0.0017286 -0.00179899 -0.00185 -0.00200409 -0.00194147 -0.00202916 -0.00189905 -0.0019339 -0.00191737 -0.00204932 -0.00194593 -0.0020578 -0.00201459 -0.00185613 -0.00189787 -0.00182522 -0.00199375 -0.00195115 -0.00186951 -0.0019022 -0.00193816 -0.00188219 -0.00177589 -0.00183729 -0.00191863 -0.00185722 -0.00189832 -0.0019304 -0.00190321 -0.00196318 -0.00177915 -0.00185116 -0.00189554 -0.0019176 -0.00184141 -0.00188064 -0.00198408 -0.00191776 -0.00196547 -0.0019265 -0.00186085 -0.00176413 -0.00179678 -0.00182454 -0.00183836 -0.00186539 -0.00186747 -0.00188255 -0.00190538 -0.00189651 -0.00189345 -0.00179298 -0.00182377 -0.00185999 -0.00187161 -0.00174525 -0.00181153 -0.00187861 -0.00182407 -0.00193428 -0.0019003 -0.00196202 -0.00198591 -0.00183828 -0.00190174 -0.00183944 -0.00177771 
-0.00182837 -0.00171655 -0.00173455 -0.0017352 -0.00189846 -0.00186425 -0.0019582 -0.00199455 -0.00193775 -0.00201292 -0.00202359 -0.00205913 -0.00195281 -0.00211 -0.00208809 -0.0021844 -0.00213977 -0.00199087 -0.00208128 -0.00185081 -0.00155313 -0.00171557 0.00240154 0.00255008 0.00269292 0.00275831 0.13916 0.00278215 0.00260773 0.00266745 0.00250762 0.00221686 -0.0013076 -0.0014539 -0.00160949 -0.00160691 -0.00171223 -0.00191551 -0.00187716 -0.00188388 -0.00177018 -0.00180974 -0.00195914 -0.0019418 -0.00192231 -0.00192112 -0.00179203 -0.00171843 -0.001813 -0.00179933 -0.0018298 -0.00183939 -0.00182533 -0.00176259 -0.00175897 -0.00175258 -0.0017638 -0.00177697 -0.00167379 -0.00168316 -0.00178553 -0.00175837 -0.00168261 -0.00167785 -0.00180684 -0.00175718 -0.00184936 -0.00172575 -0.00174074 -0.00166804 -0.00177938 -0.00170112 -0.00172335 -0.00162982 -0.00184028 -0.00167165 -0.00168283 -0.00176044 -0.00174467 -0.00177381 -0.00177048 -0.00189686 -0.00176809 -0.00174364 -0.00178369 -0.00181354 -0.00188804 -0.00178844 -0.00166836 -0.00173378 -0.00180209 -0.00178068 -0.00177912 -0.00175646 -0.00175074 -0.00176503 -0.00178992 -0.00182357 -0.00185021 -0.00172225 
-0.00167522 -0.00176735 -0.00173573 -0.00184807 -0.0018742 -0.00187177 -0.00192703 -0.00199656 -0.00191232 -0.00184382 -0.00195674 -0.00199424 -0.00195821 -0.0020944 -0.00216454 -0.00204934 -0.0021239 -0.00219179 -0.00215115 -0.00206304 -0.0017836 -0.00178094 -0.00167751 0.00243276 0.00251604 0.00275743 0.00278215 0.136886 0.00275311 0.00267943 0.00258528 0.00237556 0.00225086 -0.00139893 -0.001541 -0.00136754 -0.00167346 -0.00188081 -0.00179116 -0.00191008 -0.00180818 -0.00176576 -0.00189449 -0.00180172 -0.00188994 -0.00181204 -0.00177049 -0.0017066 -0.00178072 -0.00173028 -0.00176327 -0.00178678 -0.00179756 -0.00171949 -0.00180914 -0.00170539 -0.00173557 -0.00176938 -0.00172598 -0.00171468 -0.00173625 -0.00174019 -0.00171053 -0.00170705 -0.00176143 -0.0017185 -0.00173421 -0.00169315 -0.00176296 -0.00174343 -0.00169131 -0.0017959 -0.00175271 -0.00169918 -0.00167447 -0.00166711 -0.00163766 -0.00177817 -0.00174523 -0.00178797 -0.00175932 -0.00166421 -0.0017246 -0.00168834 -0.00173105 -0.00167791 -0.00175974 -0.00167206 -0.00168941 -0.00168147 -0.0017254 -0.00173577 -0.00177165 -0.00178861 -0.00173983 -0.00167417 -0.00163741 -0.00162096 -0.00163325 -0.00161448 
-0.00170492 -0.00176495 -0.00168115 -0.00182744 -0.00179222 -0.00191462 -0.0019466 -0.00187148 -0.00191528 -0.00183744 -0.00197687 -0.00213305 -0.00202257 -0.00209578 -0.00205579 -0.00211064 -0.00222336 -0.00211665 -0.00208683 -0.0020483 -0.00193559 -0.00194655 -0.00177396 -0.00154221 0.00235704 0.00239231 0.00260773 0.00275311 0.135466 0.00280433 0.0027045 0.00252088 0.00233607 0.00212617 -0.00134959 -0.00133403 -0.00147193 -0.00157687 -0.00162531 -0.00169079 -0.00165599 -0.00176119 -0.00176785 -0.00182791 -0.0017994 -0.00177953 -0.00173228 -0.00178914 -0.00172645 -0.00166806 -0.00164719 -0.00170103 -0.00167426 -0.00170934 -0.00168155 -0.001705 -0.00178731 -0.00175006 -0.00172268 -0.00171783 -0.00173642 -0.0017446 -0.00158652 -0.00165682 -0.00170661 -0.00178974 -0.00170681 -0.00170616 -0.00172073 -0.00169198 -0.00179016 -0.00165609 -0.00169674 -0.00174886 -0.00164199 -0.00164929 -0.00162271 -0.00166695 -0.00164054 -0.00167799 -0.00167518 -0.00170518 -0.00166705 -0.00174767 -0.00165335 -0.00179691 -0.00173686 -0.00164718 -0.0016678 -0.00178493 -0.00170533 -0.0017452 -0.00171348 -0.0017345 -0.00177594 -0.00171477 -0.00177019 -0.00167678 -0.00167101 -0.00166389 
-0.00168943 -0.00178167 -0.00171275 -0.0017393 -0.00180036 -0.00183767 -0.00183197 -0.00180362 -0.00181184 -0.00185011 -0.00198031 -0.00195257 -0.00193174 -0.00208892 -0.00202624 -0.00204471 -0.00207224 -0.00213383 -0.00204853 -0.00200641 -0.00189466 -0.00186919 -0.00169081 -0.00141938 0.00232463 0.00247912 0.00266745 0.00267943 0.00280433 0.133678 0.00254259 0.00248552 0.00232403 0.00219643 -0.00130057 -0.00135348 -0.00142456 -0.00165898 -0.00175621 -0.00168777 -0.00173952 -0.00172279 -0.0018027 -0.00181026 -0.00174346 -0.00174107 -0.00171338 -0.00170354 -0.00166996 -0.00169827 -0.00169498 -0.00175451 -0.00164413 -0.00172529 -0.00166031 -0.00169521 -0.00165862 -0.00170794 -0.00172587 -0.00167273 -0.00169431 -0.00175444 -0.0016034 -0.00160639 -0.00171936 -0.00172976 -0.001691 -0.00167775 -0.00167874 -0.00176327 -0.00170566 -0.00171464 -0.00164217 -0.00170702 -0.00158071 -0.00152088 -0.00157803 -0.00168919 -0.00165213 -0.00158406 -0.00180503 -0.00165032 -0.00177001 -0.00169911 -0.00173136 -0.00174569 -0.0018611 -0.00169508 -0.00171262 -0.00167288 -0.00172642 -0.00172434 -0.00170768 -0.00172121 -0.00165736 -0.00168217 -0.00172398 -0.00170906 -0.00173232 -0.00167619 
-0.00172393 -0.00179511 -0.00173782 -0.00178217 -0.00175921 -0.0018704 -0.00188055 -0.00189746 -0.00186656 -0.00188915 -0.00201707 -0.00206626 -0.00211954 -0.00205651 -0.00221986 -0.00202029 -0.00226971 -0.00213415 -0.00210476 -0.00229012 -0.00207742 -0.00203448 -0.00190346 -0.00166348 -0.00156558 0.0023115 0.00250762 0.00258528 0.0027045 0.00254259 0.134794 0.00260024 0.0024638 0.00240031 0.00220997 0.00213092 -0.00125513 -0.00143376 -0.00158028 -0.00159113 -0.00175894 -0.00178937 -0.00184838 -0.00184555 -0.00186281 -0.00180345 -0.0017822 -0.00173081 -0.00181332 -0.00176823 -0.00176634 -0.00174274 -0.00172821 -0.00182005 -0.00168878 -0.00176578 -0.00165115 -0.00177197 -0.00177701 -0.00178114 -0.00168164 -0.00168279 -0.00170238 -0.00165544 -0.00175757 -0.00170342 -0.00177598 -0.00171369 -0.00170171 -0.00184046 -0.00170893 -0.00181056 -0.00178396 -0.00171753 -0.00162362 -0.00163833 -0.00168089 -0.00179302 -0.00167036 -0.00176297 -0.00180376 -0.0017614 -0.00173876 -0.0017808 -0.00175515 -0.00172277 -0.00182111 -0.00163407 -0.00169156 -0.0017877 -0.00177167 -0.00175719 -0.00173416 -0.00168859 -0.00174513 -0.00165894 -0.00171982 -0.00173255 -0.00167351 -0.00176553 
-0.00171605 -0.00176127 -0.00173484 -0.00179465 -0.00173596 -0.00188644 -0.00194891 -0.00195592 -0.00197815 -0.00188506 -0.00200535 -0.00203237 -0.00202959 -0.00209419 -0.00198423 -0.00202658 -0.00211244 -0.00216261 -0.00213115 -0.00218639 -0.00215282 -0.00209705 -0.00190822 -0.00169057 -0.00168238 -0.00156654 0.00221686 0.00237556 0.00252088 0.00248552 0.00260024 0.132835 0.00260367 0.0024687 0.00223321 0.00220132 0.00200264 -0.00133254 -0.00149264 -0.00154102 -0.00162373 -0.00164482 -0.00174462 -0.00174751 -0.00179183 -0.00177913 -0.00174808 -0.00171962 -0.00177215 -0.00171885 -0.00173915 -0.00171855 -0.00178156 -0.00168387 -0.00173424 -0.00175667 -0.0016693 -0.00171677 -0.00178907 -0.00165834 -0.00169469 -0.00169979 -0.00155506 -0.00156738 -0.00163396 -0.00171377 -0.00164131 -0.0016321 -0.0016748 -0.001758 -0.0017424 -0.00176169 -0.00168408 -0.00163542 -0.00155675 -0.00164499 -0.00164775 -0.00172725 -0.00166499 -0.00172413 -0.0017776 -0.0018259 -0.0016915 -0.00163781 -0.00167542 -0.00171944 -0.00172133 -0.0017142 -0.00157861 -0.00167855 -0.00173089 -0.00176465 -0.00167428 -0.0017178 -0.00174595 -0.00167044 -0.00167359 -0.00166399 -0.00172559 -0.00163231 
-0.00168097 -0.00171792 -0.00176951 -0.00175085 -0.00176669 -0.00187141 -0.00184885 -0.00190479 -0.00196942 -0.00178638 -0.00195723 -0.00204533 -0.00191309 -0.00199096 -0.00206132 -0.00203883 -0.00226959 -0.00213194 -0.00203846 -0.00223251 -0.00212492 -0.00211033 -0.00212855 -0.00177679 -0.00181467 -0.00160965 -0.0013076 0.00225086 0.00233607 0.00232403 0.0024638 0.00260367 0.131494 0.00249035 0.0023172 0.00233165 0.00221362 0.00202821 -0.00128202 -0.00134349 -0.00141224 -0.00144416 -0.00161753 -0.0019019 -0.00182327 -0.00172802 -0.00178374 -0.00174697 -0.001726 -0.00171575 -0.00171741 -0.00166681 -0.00179776 -0.00174048 -0.00168054 -0.00165286 -0.00177553 -0.00166484 -0.00167169 -0.00163638 -0.00175003 -0.00166506 -0.00151324 -0.00153208 -0.00177611 -0.00161162 -0.00161126 -0.00172074 -0.00172314 -0.00169249 -0.00164209 -0.00166225 -0.00161885 -0.00167369 -0.00151696 -0.00163945 -0.00158985 -0.00170678 -0.00167317 -0.00172515 -0.00170901 -0.00169762 -0.00171976 -0.00174538 -0.00167152 -0.00168071 -0.00172892 -0.0016328 -0.00160305 -0.00156992 -0.00170576 -0.00171344 -0.00171205 -0.0016916 -0.00162301 -0.00163047 -0.00178685 -0.00173017 -0.00163327 -0.0016765 
