0.123257 0.00221409 0.00217008 0.00214044 0.0019399 0.00195712 -0.00109035 -0.00123939 -0.00147168 -0.0014399 -0.00158045 -0.0017996 -0.00167378 -0.00190051 -0.00176475 -0.00186815 -0.00200012 -0.00183837 -0.00189867 -0.00200217 -0.00188441 -0.00192587 -0.00181855 -0.0018537 -0.00187474 -0.00194327 -0.00173953 -0.00173787 -0.00176801 -0.00174143 -0.00177619 -0.00175726 -0.00156894 -0.00157931 -0.00156853 -0.00155244 -0.00170052 -0.0015723 -0.00161326 -0.00161282 -0.00149414 -0.00157836 -0.00162834 -0.00160821 -0.00163782 -0.00168245 -0.00148849 -0.0016348 -0.00154587 -0.00157998 -0.00154336 -0.00158532 -0.00155019 -0.00149404 -0.00148913 -0.00155378 -0.00146008 -0.00145037 -0.00150571 -0.00152243 -0.00154284 -0.00149159 -0.00145066 -0.00144844 -0.00152036 -0.00150281 -0.00153238 -0.00153867 -0.00153613 -0.00156708 -0.00150039 -0.00154099 -0.00146162 -0.00151607 -0.00139312 -0.00142907 -0.00147607 -0.00142481 -0.00154611 -0.00155053 -0.00147406 -0.00149618 -0.00150665 -0.0014956 -0.00155953 -0.0015449 -0.00150891 -0.00147958 -0.00139423 -0.00152969 -0.00143177 -0.0014419 -0.00132942 -0.00121011 -0.00122217 -0.00110257 0.00181232 0.00195655 0.00216771 0.00227191 
0.00221409 0.123329 0.00224232 0.0022212 0.0021329 0.00214595 0.0019785 -0.00120472 -0.001335 -0.00132054 -0.00151266 -0.00166321 -0.0017846 -0.0018699 -0.00176682 -0.00179501 -0.00196313 -0.00193502 -0.00191947 -0.00193071 -0.00198428 -0.00189921 -0.00193672 -0.00175432 -0.00187919 -0.00190084 -0.00182023 -0.00175367 -0.00174099 -0.00182232 -0.00177531 -0.00177803 -0.00176969 -0.00175037 -0.00150903 -0.00163272 -0.00163834 -0.00165012 -0.00163893 -0.00167949 -0.00151899 -0.00156201 -0.00164329 -0.00162803 -0.00162848 -0.00155852 -0.00145174 -0.00140917 -0.00160404 -0.00144102 -0.00143677 -0.00157436 -0.00153318 -0.00155957 -0.00144311 -0.00148261 -0.00147348 -0.00158158 -0.00155923 -0.00148239 -0.00158411 -0.00150407 -0.00144754 -0.00143926 -0.00149913 -0.00145883 -0.00156723 -0.0014143 -0.00162475 -0.00152237 -0.00154322 -0.00150848 -0.00154859 -0.00155851 -0.00142525 -0.00145895 -0.00142331 -0.00151937 -0.0015035 -0.00151598 -0.00163801 -0.00149111 -0.0015001 -0.00145407 -0.00156593 -0.00150874 -0.00152403 -0.00146706 -0.00141603 -0.00144865 -0.00144764 -0.00141221 -0.00135182 -0.00133248 -0.00137218 -0.00120874 -0.00117708 0.00199884 0.00195112 0.00205444 
0.00217008 0.00224232 0.123809 0.00232782 0.00220553 0.00222719 0.00215271 0.00198693 -0.00121342 -0.00131536 -0.00147272 -0.00157738 -0.00163064 -0.00181055 -0.00190888 -0.00184521 -0.00199773 -0.00194774 -0.00190619 -0.00198571 -0.00188924 -0.00187394 -0.00181522 -0.00174268 -0.00190428 -0.00193996 -0.0018059 -0.00174521 -0.00177571 -0.00176503 -0.00173896 -0.00173335 -0.00168079 -0.00169769 -0.00164713 -0.00156835 -0.00162993 -0.00162862 -0.00158941 -0.00166295 -0.001496 -0.0015731 -0.00162762 -0.00165872 -0.00163238 -0.00171164 -0.0015408 -0.00154754 -0.00152678 -0.00156991 -0.00143535 -0.00152299 -0.00158173 -0.00153228 -0.00158301 -0.00145169 -0.00149375 -0.00156493 -0.00158418 -0.00151771 -0.00154528 -0.0015023 -0.00152666 -0.00149711 -0.00155918 -0.00150367 -0.00148959 -0.00158371 -0.00154407 -0.00158121 -0.00147655 -0.00159122 -0.00143578 -0.00144615 -0.00147437 -0.00149831 -0.00144563 -0.00153473 -0.00158986 -0.00158439 -0.00145895 -0.00158097 -0.00153806 -0.00149506 -0.00153053 -0.00158111 -0.00149745 -0.00151075 -0.00146596 -0.00151019 -0.00150165 -0.00141324 -0.00142897 -0.00136744 -0.00137307 -0.00128795 -0.00134785 -0.00118254 0.00196906 0.00198844 
0.00214044 0.0022212 0.00232782 0.124387 0.00231803 0.00239892 0.00229779 0.002275 0.0021606 -0.00112932 -0.0013679 -0.00145687 -0.00148483 -0.00163668 -0.0018267 -0.00174541 -0.00195909 -0.00193045 -0.00190473 -0.00199219 -0.00195665 -0.0018899 -0.00197664 -0.00188921 -0.00203114 -0.00201233 -0.00191554 -0.00190993 -0.00176916 -0.00180589 -0.00184863 -0.00174449 -0.00174091 -0.00168424 -0.00169699 -0.00160772 -0.00168005 -0.00166129 -0.00165482 -0.00167678 -0.0015594 -0.00152472 -0.00168551 -0.0016805 -0.00166501 -0.00160484 -0.00158243 -0.00151876 -0.00154022 -0.00150912 -0.00151355 -0.00163019 -0.00149849 -0.00150519 -0.00159734 -0.00157053 -0.00157456 -0.00163676 -0.00152726 -0.00156774 -0.00150107 -0.00146846 -0.00147412 -0.00144403 -0.00151296 -0.00149372 -0.00148264 -0.00150704 -0.00151471 -0.00154158 -0.00153947 -0.00158903 -0.00151077 -0.00157136 -0.001418 -0.00146321 -0.00150868 -0.00159064 -0.00148552 -0.00150353 -0.00149617 -0.00151669 -0.00155626 -0.00162588 -0.00153939 -0.00162219 -0.0015521 -0.00146899 -0.00147906 -0.00153554 -0.00154155 -0.00157097 -0.00145882 -0.00151088 -0.0014912 -0.00144974 -0.00135519 -0.00133195 -0.00117832 0.0019535 
0.0019399 0.0021329 0.00220553 0.00231803 0.125138 0.00241902 0.00242521 0.00229985 0.00227452 0.00217514 -0.00129372 -0.00138727 -0.00153947 -0.00156482 -0.00182477 -0.00186358 -0.00204552 -0.00190603 -0.00195897 -0.0020288 -0.00192405 -0.00191501 -0.00191896 -0.00184793 -0.00193737 -0.00191508 -0.00186128 -0.00184551 -0.0018303 -0.00183392 -0.001786 -0.00177601 -0.00175823 -0.00167285 -0.00161692 -0.00159227 -0.00167782 -0.0016592 -0.00167885 -0.00164396 -0.00158527 -0.00163053 -0.00170204 -0.00168165 -0.00159791 -0.00165687 -0.00159304 -0.00156995 -0.00157963 -0.00151111 -0.00149812 -0.00160142 -0.00160134 -0.00147291 -0.00160502 -0.0016034 -0.00160228 -0.00156733 -0.00158984 -0.00151134 -0.00158354 -0.00147928 -0.00151457 -0.00146794 -0.00160207 -0.00148332 -0.0015222 -0.00157792 -0.00155254 -0.00161625 -0.0015754 -0.0015231 -0.00156298 -0.00156016 -0.00144999 -0.00144745 -0.00138113 -0.00153483 -0.00154313 -0.00158342 -0.00159082 -0.00150939 -0.0015748 -0.00151029 -0.00151556 -0.00153613 -0.00148898 -0.00149836 -0.0014985 -0.00155007 -0.00148041 -0.00149843 -0.00152667 -0.00159391 -0.00153742 -0.00166271 -0.00144115 -0.00141248 -0.00128821 -0.00118678 
0.00195712 0.00214595 0.00222719 0.00239892 0.00241902 0.128098 0.00251455 0.00238922 0.00230124 0.00223093 0.00219806 -0.00136955 -0.00146609 -0.00157355 -0.00180762 -0.00177192 -0.00204888 -0.00202408 -0.00202386 -0.00200995 -0.00204884 -0.00201813 -0.00195797 -0.00194307 -0.00199926 -0.00209304 -0.00196834 -0.00192507 -0.00188998 -0.00187387 -0.00191486 -0.00190242 -0.00175678 -0.00186731 -0.00176164 -0.00176434 -0.00179058 -0.00174389 -0.00179237 -0.00185958 -0.00168306 -0.00169508 -0.00171056 -0.00174175 -0.00169974 -0.00170949 -0.00174953 -0.00162721 -0.0016379 -0.00172656 -0.00165667 -0.00175682 -0.00159711 -0.00167864 -0.00164162 -0.00163124 -0.00164884 -0.00166118 -0.00164576 -0.00168906 -0.00152402 -0.00160892 -0.00158666 -0.00154315 -0.00163733 -0.00158897 -0.00159433 -0.00163012 -0.00160845 -0.00160762 -0.00164857 -0.00164485 -0.00159749 -0.00160271 -0.00154999 -0.00156764 -0.00152131 -0.0016574 -0.00166596 -0.00166726 -0.00165917 -0.00165768 -0.00166016 -0.00167824 -0.00168522 -0.00156848 -0.00158513 -0.00158079 -0.00146912 -0.00160022 -0.00162386 -0.00171174 -0.00158937 -0.00159423 -0.00160414 -0.00159158 -0.0015317 -0.00140484 -0.00135795 -0.00111936 
-0.00109035 0.0019785 0.00215271 0.00229779 0.00242521 0.00251455 0.129272 0.0026111 0.00239355 0.00236939 0.00224603 0.00210651 -0.00136279 -0.0015613 -0.00176844 -0.00174239 -0.0019591 -0.00203558 -0.00210507 -0.00219481 -0.00212137 -0.00208237 -0.00217336 -0.00192523 -0.00208551 -0.00208653 -0.00206655 -0.00193787 -0.00186158 -0.00186672 -0.00189939 -0.00187451 -0.00191055 -0.00187625 -0.00176855 -0.00165714 -0.00182239 -0.00180104 -0.00175597 -0.00172747 -0.00159734 -0.00169858 -0.00164361 -0.00179988 -0.00175957 -0.00177155 -0.00168459 -0.00164749 -0.00173925 -0.00162119 -0.00165792 -0.00168728 -0.00172414 -0.00152603 -0.00165965 -0.00166139 -0.00162077 -0.00166488 -0.00167118 -0.00168063 -0.0015798 -0.00165302 -0.00163912 -0.00157504 -0.00173976 -0.00169127 -0.00156507 -0.00162794 -0.0016718 -0.00169161 -0.0016173 -0.00172176 -0.00165749 -0.00165079 -0.00156852 -0.00156091 -0.00158333 -0.00159733 -0.00165762 -0.00159963 -0.00168977 -0.00160443 -0.00165831 -0.00170061 -0.00166777 -0.00168517 -0.00172882 -0.00153955 -0.00158916 -0.00171124 -0.00170318 -0.00160592 -0.0015305 -0.00165386 -0.00157188 -0.00164 -0.00156895 -0.00156166 -0.00138954 -0.00128049 
-0.00123939 -0.00120472 0.00198693 0.002275 0.00229985 0.00238922 0.0026111 0.130483 0.00256011 0.00243798 0.00233653 0.00225327 0.00226325 -0.00147591 -0.00162262 -0.0017095 -0.00186688 -0.00202704 -0.00208007 -0.00222964 -0.00225089 -0.00217884 -0.00208433 -0.00196436 -0.00223095 -0.00211742 -0.00198723 -0.00196524 -0.00185762 -0.00188177 -0.00191808 -0.00190989 -0.00186677 -0.00179043 -0.00182376 -0.00175093 -0.00185443 -0.00187382 -0.00170973 -0.00172526 -0.00166293 -0.00172451 -0.00181273 -0.00176674 -0.00183336 -0.00177236 -0.00169248 -0.00165541 -0.00171943 -0.00165908 -0.00163671 -0.00170304 -0.00163229 -0.0016244 -0.00166219 -0.00160896 -0.00170135 -0.00170504 -0.00170092 -0.00157834 -0.00166967 -0.00178131 -0.00170398 -0.0015483 -0.00165339 -0.00159338 -0.00166367 -0.00170049 -0.00155219 -0.00168242 -0.00163512 -0.00163311 -0.00164317 -0.0016548 -0.00157086 -0.00155649 -0.00158091 -0.0016598 -0.00168634 -0.00163255 -0.00163762 -0.00172936 -0.00171432 -0.00166681 -0.00169642 -0.00160795 -0.00169022 -0.00161124 -0.00165342 -0.0017128 -0.00165593 -0.00168265 -0.00176235 -0.00166873 -0.00172767 -0.00162604 -0.00160863 -0.00173813 -0.0014833 -0.00137059 
-0.00147168 -0.001335 -0.00121342 0.0021606 0.00227452 0.00230124 0.00239355 0.00256011 0.131924 0.0025489 0.00242027 0.00246349 0.00227143 0.00227754 -0.00144514 -0.00149664 -0.0016972 -0.00194758 -0.00190377 -0.00217042 -0.00213026 -0.00212605 -0.00211809 -0.0019488 -0.00217553 -0.00207724 -0.00201579 -0.00194723 -0.00204158 -0.00191018 -0.00189735 -0.00184736 -0.00198973 -0.0019337 -0.00181598 -0.00180295 -0.00190178 -0.00178758 -0.0019177 -0.00177425 -0.00172832 -0.00174781 -0.00185369 -0.00185328 -0.00181562 -0.00192742 -0.0017186 -0.00172323 -0.00172443 -0.00175605 -0.00166764 -0.00182444 -0.00163993 -0.00173572 -0.0017411 -0.00175345 -0.0017678 -0.00180591 -0.00172301 -0.00173434 -0.00168049 -0.00171381 -0.00161341 -0.00167551 -0.00171038 -0.0016817 -0.00166555 -0.00173732 -0.00172076 -0.00176661 -0.0016876 -0.00166767 -0.00165732 -0.0015905 -0.00159537 -0.00166154 -0.00160046 -0.00163285 -0.00166818 -0.00181559 -0.00180415 -0.00172016 -0.00162675 -0.00169153 -0.00162656 -0.0017059 -0.00171251 -0.00155872 -0.00146967 -0.00163033 -0.00166292 -0.00170209 -0.00155783 -0.00165984 -0.00167603 -0.00174509 -0.0016722 -0.00162314 -0.00168119 -0.00144482 
-0.0014399 -0.00132054 -0.00131536 -0.00112932 0.00217514 0.00223093 0.00236939 0.00243798 0.0025489 0.130251 0.00255257 0.00239242 0.00231568 0.00225572 -0.00139402 -0.00148883 -0.00169551 -0.0018104 -0.00182133 -0.00209155 -0.00213695 -0.00198509 -0.00205161 -0.00192316 -0.00209334 -0.00200909 -0.00193925 -0.00186776 -0.00194178 -0.0018496 -0.00182949 -0.00180305 -0.00193187 -0.00182568 -0.00171904 -0.00170945 -0.00176562 -0.00179374 -0.00172174 -0.00171946 -0.00159255 -0.00168209 -0.0017512 -0.00171949 -0.00171857 -0.00176217 -0.0017043 -0.00166812 -0.00168587 -0.00166 -0.0017046 -0.00160952 -0.00166746 -0.00160552 -0.00166878 -0.00168488 -0.00168234 -0.00165798 -0.00163668 -0.0016253 -0.00164171 -0.00166919 -0.00156572 -0.00159313 -0.00168802 -0.00173218 -0.00158933 -0.00162276 -0.0015806 -0.00166941 -0.00169722 -0.00161106 -0.00158827 -0.0016436 -0.00162151 -0.00150928 -0.00149715 -0.00165468 -0.00158443 -0.00158735 -0.00163002 -0.00163638 -0.00166209 -0.0016242 -0.00167683 -0.00163606 -0.00154456 -0.00158458 -0.00162714 -0.00156611 -0.00167587 -0.00162615 -0.00163161 -0.00171028 -0.00166745 -0.00168211 -0.00157699 -0.00160146 -0.00167531 -0.00153711 
-0.00158045 -0.00151266 -0.00147272 -0.0013679 -0.00129372 0.00219806 0.00224603 0.00233653 0.00242027 0.00255257 0.13485 0.00276326 0.00266605 0.00263472 0.0023929 0.00238807 -0.00151167 -0.00174667 -0.00180077 -0.00199466 -0.0022773 -0.00223255 -0.0022098 -0.0020829 -0.00232151 -0.00214915 -0.00206658 -0.00194382 -0.00197564 -0.00198384 -0.00206264 -0.0020001 -0.00201628 -0.00196482 -0.0018417 -0.00179644 -0.00190706 -0.0019417 -0.00184066 -0.00188402 -0.00171084 -0.00181261 -0.00183665 -0.00191396 -0.00181655 -0.00185927 -0.00180536 -0.00172569 -0.00171827 -0.00181535 -0.00175544 -0.00173746 -0.00171013 -0.00172121 -0.00173458 -0.00168983 -0.00175687 -0.00173891 -0.00170955 -0.00172753 -0.00176809 -0.00173222 -0.00169525 -0.00173124 -0.00168962 -0.00169739 -0.00180287 -0.00173513 -0.0017955 -0.00175804 -0.00176016 -0.00181622 -0.00179737 -0.00159792 -0.001786 -0.00180596 -0.00174189 -0.00174639 -0.00182092 -0.00179986 -0.0017998 -0.00172005 -0.00175143 -0.00172527 -0.001748 -0.00174556 -0.0016946 -0.00157042 -0.00157651 -0.00172393 -0.00172658 -0.00173486 -0.00173024 -0.00174996 -0.00167545 -0.00178372 -0.00178807 -0.00171205 -0.00175987 -0.00157868 
-0.0017996 -0.00166321 -0.00157738 -0.00145687 -0.00138727 -0.00136955 0.00210651 0.00225327 0.00246349 0.00239242 0.00276326 0.136703 0.00281903 0.00270537 0.00253484 0.0025544 0.00238483 -0.0016768 -0.00158875 -0.0018462 -0.002092 -0.00197764 -0.00223437 -0.0020377 -0.00235714 -0.00218034 -0.0020525 -0.00216499 -0.00205814 -0.00197292 -0.00204918 -0.00195818 -0.00209733 -0.00205993 -0.00189913 -0.00190616 -0.00194561 -0.00191592 -0.00195307 -0.00197026 -0.0018055 -0.00181713 -0.00192546 -0.00192636 -0.00187892 -0.00182924 -0.00179492 -0.00174879 -0.00178981 -0.0017669 -0.00180098 -0.0018425 -0.00175458 -0.00179999 -0.00175646 -0.00188038 -0.00184154 -0.00178532 -0.00174266 -0.00183397 -0.00176175 -0.00175532 -0.00175528 -0.00172245 -0.00174609 -0.00178164 -0.00182374 -0.0018308 -0.00182301 -0.00176242 -0.00173063 -0.00183186 -0.00172887 -0.00180982 -0.00171967 -0.00169784 -0.00166998 -0.00178758 -0.00185323 -0.00169229 -0.00177699 -0.00180155 -0.00179164 -0.00179634 -0.00176221 -0.00165101 -0.00176441 -0.00167478 -0.00160593 -0.00174848 -0.00179282 -0.00177537 -0.00174196 -0.00175294 -0.00176433 -0.00168583 -0.0017171 -0.00183434 -0.0017106 -0.00167838 
-0.00167378 -0.0017846 -0.00163064 -0.00148483 -0.00153947 -0.00146609 -0.00136279 0.00226325 0.00227143 0.00231568 0.00266605 0.00281903 0.135705 0.00270524 0.00255843 0.00256096 0.00244238 -0.00158082 -0.00165547 -0.00176606 -0.00206987 -0.00197112 -0.00212659 -0.00200552 -0.00229846 -0.00229525 -0.00201346 -0.0019234 -0.00205714 -0.00192189 -0.00200612 -0.001962 -0.00185309 -0.00188607 -0.00187266 -0.00186246 -0.00181073 -0.00189023 -0.00183929 -0.00189567 -0.00178195 -0.00175131 -0.00193197 -0.00181422 -0.00167345 -0.00195599 -0.00172028 -0.00168004 -0.00182503 -0.00171593 -0.0017544 -0.00166167 -0.00167786 -0.00174727 -0.00171269 -0.00175143 -0.00171781 -0.00179889 -0.00165549 -0.0017403 -0.00167513 -0.00180841 -0.00165455 -0.00172186 -0.00176793 -0.00169741 -0.00181895 -0.00166939 -0.0017149 -0.00168804 -0.00172947 -0.00170322 -0.00169495 -0.00174872 -0.0015238 -0.00164233 -0.00167272 -0.00171483 -0.00168618 -0.00167488 -0.00166329 -0.00169248 -0.00173366 -0.00167244 -0.00170403 -0.00161566 -0.00164315 -0.00167218 -0.00160064 -0.00161246 -0.00178424 -0.00165399 -0.00161781 -0.00168841 -0.00171921 -0.00172884 -0.00173234 -0.00177032 -0.00184439 -0.00157683 
-0.00190051 -0.0018699 -0.00181055 -0.00163668 -0.00156482 -0.00157355 -0.0015613 -0.00147591 0.00227754 0.00225572 0.00263472 0.00270537 0.00270524 0.140528 0.00295696 0.00287317 0.00280294 0.00240552 0.00258782 -0.00174097 -0.00189485 -0.00189386 -0.00209203 -0.00217842 -0.00226194 -0.00229258 -0.00207348 -0.00217987 -0.00213979 -0.00208751 -0.00206984 -0.00214262 -0.00210886 -0.00197809 -0.0019724 -0.00191592 -0.0020629 -0.00202636 -0.00201553 -0.00199219 -0.0019361 -0.00189098 -0.00202911 -0.00196733 -0.00203392 -0.00198127 -0.00187692 -0.00180974 -0.0019325 -0.00191386 -0.00194779 -0.00185596 -0.0017594 -0.00187512 -0.00188656 -0.00182977 -0.00186418 -0.00190507 -0.00176781 -0.00174562 -0.00183553 -0.00183927 -0.00177717 -0.00174311 -0.00178198 -0.00184182 -0.00176322 -0.00181913 -0.00178565 -0.00180351 -0.00180129 -0.00179846 -0.00176749 -0.00180677 -0.00168005 -0.00173317 -0.00168446 -0.00182091 -0.00182979 -0.00181127 -0.00190568 -0.00187377 -0.00191429 -0.00181037 -0.00191806 -0.00181711 -0.00175504 -0.00185122 -0.00171317 -0.00180492 -0.00178506 -0.00184969 -0.00182994 -0.00179794 -0.00188465 -0.00191726 -0.0018884 -0.00178922 -0.00186767 -0.00171331 
-0.00176475 -0.00176682 -0.00190888 -0.0018267 -0.00182477 -0.00180762 -0.00176844 -0.00162262 -0.00144514 -0.00139402 0.0023929 0.00253484 0.00255843 0.00295696 0.139593 0.00298026 0.0028333 0.0026599 0.00274424 0.00253747 -0.00166958 -0.00176558 -0.00187979 -0.00206017 -0.00218673 -0.00226426 -0.00211804 -0.00211679 -0.00210437 -0.00208932 -0.00198406 -0.0020614 -0.00201332 -0.00193383 -0.00181114 -0.00177416 -0.00198728 -0.00185794 -0.00188801 -0.00190691 -0.00181626 -0.0018304 -0.00198641 -0.0019683 -0.00190882 -0.00186704 -0.00182103 -0.0017947 -0.00181165 -0.00180783 -0.00180187 -0.00176031 -0.00181198 -0.00185714 -0.00168719 -0.00178923 -0.00168359 -0.00177162 -0.00178499 -0.00172404 -0.00180407 -0.00182441 -0.00175888 -0.00172047 -0.00182283 -0.0018651 -0.00179879 -0.00175456 -0.0018017 -0.00174637 -0.00177241 -0.00170644 -0.00176196 -0.00174084 -0.00166805 -0.00168446 -0.00166476 -0.00169544 -0.00184577 -0.00182574 -0.00171253 -0.00180109 -0.00187583 -0.00180373 -0.00184994 -0.00177233 -0.00173836 -0.00176042 -0.00168033 -0.00175582 -0.00175662 -0.00178634 -0.0018688 -0.00178853 -0.00178933 -0.00177353 -0.00180013 -0.00181621 -0.00184676 -0.00166452 
-0.00186815 -0.00179501 -0.00184521 -0.00174541 -0.00186358 -0.00177192 -0.00174239 -0.0017095 -0.00149664 -0.00148883 0.00238807 0.0025544 0.00256096 0.00287317 0.00298026 0.141048 0.00294632 0.00280856 0.00275628 0.00258232 -0.00164095 -0.00170134 -0.00184044 -0.00183105 -0.00209473 -0.00218532 -0.00213594 -0.00211144 -0.00201459 -0.00209496 -0.00199065 -0.00196261 -0.00202593 -0.0020278 -0.00194454 -0.00194578 -0.00186618 -0.0018586 -0.00189814 -0.00192518 -0.00186178 -0.00188345 -0.00198557 -0.00198784 -0.00183308 -0.00191606 -0.0018549 -0.00176433 -0.00183578 -0.00182998 -0.00177919 -0.00189638 -0.00180595 -0.00178109 -0.00187888 -0.00182277 -0.00179226 -0.00174425 -0.0018269 -0.00177378 -0.00186221 -0.00183265 -0.00178264 -0.00171975 -0.00190854 -0.00183067 -0.00177131 -0.00182875 -0.00182455 -0.00181623 -0.00183803 -0.00183405 -0.00176802 -0.001866 -0.00177704 -0.00166367 -0.00175359 -0.00176547 -0.00182822 -0.00177371 -0.00188724 -0.00183203 -0.00175779 -0.00181866 -0.001868 -0.00177719 -0.00184118 -0.00163155 -0.00168558 -0.00170308 -0.00185284 -0.00179686 -0.00179457 -0.00189591 -0.00182312 -0.00189434 -0.00191505 -0.00185137 -0.00182546 -0.0017245 
-0.00200012 -0.00196313 -0.00199773 -0.00195909 -0.00204552 -0.00204888 -0.0019591 -0.00186688 -0.0016972 -0.00169551 -0.00151167 0.00238483 0.00244238 0.00280294 0.0028333 0.00294632 0.146217 0.00297635 0.00299621 0.00296007 0.00262736 0.00262433 -0.00164449 -0.00183738 -0.00204868 -0.00216225 -0.00233125 -0.00226004 -0.00225558 -0.00212828 -0.00215464 -0.0021231 -0.00222234 -0.00212519 -0.00193318 -0.00202045 -0.00214334 -0.00204851 -0.00209143 -0.00204353 -0.00201478 -0.00186975 -0.00206112 -0.00200562 -0.00198498 -0.00202647 -0.00197718 -0.00196316 -0.00192813 -0.0020281 -0.00185349 -0.00194054 -0.00193114 -0.00206046 -0.00197255 -0.0019076 -0.00206148 -0.00197119 -0.00184749 -0.00193864 -0.00198468 -0.00202923 -0.00176215 -0.00182634 -0.00185987 -0.00194628 -0.00192261 -0.0019607 -0.00200513 -0.00188008 -0.00189306 -0.00192328 -0.00184146 -0.00197373 -0.00177179 -0.0018654 -0.00181329 -0.00205116 -0.00175368 -0.00191638 -0.00192165 -0.00204069 -0.00198721 -0.00183702 -0.00185908 -0.00190967 -0.00196271 -0.00176367 -0.0018024 -0.0019691 -0.0018949 -0.0019418 -0.00190263 -0.00193269 -0.0019434 -0.00189153 -0.00198091 -0.0018953 -0.00188285 -0.00184972 
-0.00183837 -0.00193502 -0.00194774 -0.00193045 -0.00190603 -0.00202408 -0.00203558 -0.00202704 -0.00194758 -0.0018104 -0.00174667 -0.0016768 -0.00158082 0.00240552 0.0026599 0.00280856 0.00297635 0.144571 0.00323308 0.00314052 0.00285194 0.00284018 0.00265539 -0.00162811 -0.00177148 -0.00191575 -0.00195379 -0.00211218 -0.00209049 -0.00198493 -0.00200838 -0.00210296 -0.00213027 -0.00199782 -0.00190445 -0.00198324 -0.00191606 -0.00199133 -0.00201131 -0.00202795 -0.00198699 -0.00183716 -0.00203473 -0.00205981 -0.00200645 -0.00207228 -0.00196568 -0.00194818 -0.00193165 -0.00185988 -0.00180946 -0.00190586 -0.00177846 -0.0018421 -0.00180238 -0.00187243 -0.00188663 -0.0018941 -0.00192841 -0.00184118 -0.00182657 -0.00190952 -0.00178404 -0.00178117 -0.00182264 -0.00188407 -0.00189708 -0.00177965 -0.00180091 -0.00188576 -0.00180216 -0.0018013 -0.00184804 -0.00195195 -0.00187797 -0.0018404 -0.00178007 -0.00192248 -0.0017906 -0.00189698 -0.00182459 -0.00190156 -0.0019036 -0.0017778 -0.0018866 -0.00182694 -0.00180455 -0.00181086 -0.00178502 -0.00192914 -0.00193266 -0.00187132 -0.00185123 -0.00190679 -0.0018656 -0.00184313 -0.00184212 -0.00181768 -0.0019251 -0.00175181 
-0.00189867 -0.00191947 -0.00190619 -0.00190473 -0.00195897 -0.00202386 -0.00210507 -0.00208007 -0.00190377 -0.00182133 -0.00180077 -0.00158875 -0.00165547 0.00258782 0.00274424 0.00275628 0.00299621 0.00323308 0.145623 0.00310512 0.00273125 0.00282992 0.00259408 -0.00164114 -0.00166635 -0.00189005 -0.00205471 -0.00205446 -0.00209002 -0.00208814 -0.00215552 -0.00210906 -0.00216064 -0.00208321 -0.00192369 -0.00188369 -0.00200098 -0.00203507 -0.00205913 -0.00203635 -0.00195208 -0.00192437 -0.00184774 -0.00194977 -0.00193529 -0.00199635 -0.00184442 -0.00191523 -0.00179229 -0.00179233 -0.00183752 -0.00186251 -0.00193654 -0.00190098 -0.00191976 -0.00188268 -0.00186775 -0.00179789 -0.0018441 -0.0018591 -0.00181344 -0.00186114 -0.00188522 -0.00183484 -0.00178766 -0.00186379 -0.00190912 -0.0018155 -0.00185277 -0.00190133 -0.00187661 -0.00192527 -0.00196246 -0.00192051 -0.00176535 -0.0018837 -0.0017928 -0.00196317 -0.00196693 -0.0019563 -0.00190371 -0.00183391 -0.00192952 -0.00192339 -0.00185973 -0.0018426 -0.00193612 -0.00181966 -0.00187903 -0.00179867 -0.00200179 -0.00183614 -0.00190638 -0.00182601 -0.00187761 -0.00189771 -0.00191868 -0.00183224 -0.00187058 -0.00181114 
-0.00200217 -0.00193071 -0.00198571 -0.00199219 -0.0020288 -0.00200995 -0.00219481 -0.00222964 -0.00217042 -0.00209155 -0.00199466 -0.0018462 -0.00176606 -0.00174097 0.00253747 0.00258232 0.00296007 0.00314052 0.00310512 0.149453 0.00313723 0.00323225 0.00293393 0.00277004 0.00262057 -0.00167705 -0.00185957 -0.00204697 -0.00208537 -0.00213938 -0.00215684 -0.00224047 -0.00229067 -0.00218823 -0.00211372 -0.00198998 -0.00209646 -0.00210443 -0.0020381 -0.00214868 -0.00207966 -0.00198316 -0.0021232 -0.00200795 -0.00205082 -0.00205793 -0.00204728 -0.00211366 -0.00201743 -0.0020915 -0.00206066 -0.0019827 -0.00201 -0.00199599 -0.00203829 -0.0019838 -0.0020271 -0.00193439 -0.00203487 -0.00202008 -0.00199446 -0.00190404 -0.00188647 -0.0018402 -0.00197218 -0.00203733 -0.00194243 -0.00203962 -0.00200193 -0.00204952 -0.00207956 -0.00200416 -0.00197386 -0.00199233 -0.00192946 -0.00193543 -0.0019173 -0.00188074 -0.00202453 -0.0020427 -0.00194247 -0.00194468 -0.0019754 -0.0019431 -0.00188996 -0.00197594 -0.00202055 -0.00187596 -0.0020256 -0.00196458 -0.00196037 -0.00192102 -0.00201008 -0.00198668 -0.00201321 -0.00198495 -0.00196989 -0.00197433 -0.00192325 -0.00190221 
-0.00188441 -0.00198428 -0.00188924 -0.00195665 -0.00192405 -0.00204884 -0.00212137 -0.00225089 -0.00213026 -0.00213695 -0.0022773 -0.002092 -0.00206987 -0.00189485 -0.00166958 -0.00164095 0.00262736 0.00285194 0.00273125 0.00313723 0.146283 0.00325673 0.00318618 0.00293799 0.00273012 0.00259432 -0.00165744 -0.00163377 -0.00182028 -0.00178505 -0.00198349 -0.00212899 -0.00201114 -0.0020802 -0.00195059 -0.00199711 -0.00202078 -0.00203445 -0.00208859 -0.00193168 -0.00197848 -0.00183097 -0.00182113 -0.00203208 -0.00196561 -0.00204128 -0.0019873 -0.00191639 -0.00181462 -0.00196768 -0.00199104 -0.00191145 -0.00194975 -0.0019956 -0.00196432 -0.00196559 -0.00197948 -0.00179877 -0.00192327 -0.00189822 -0.00181321 -0.00192967 -0.00178147 -0.00181403 -0.00185462 -0.00193775 -0.00186186 -0.00184349 -0.00178223 -0.00191926 -0.0018785 -0.00193676 -0.00178949 -0.00185494 -0.00180898 -0.00173972 -0.00177457 -0.00191482 -0.00193297 -0.00193463 -0.00199826 -0.0018514 -0.0018996 -0.00190308 -0.00185303 -0.00189784 -0.00187927 -0.00189373 -0.00179794 -0.00176013 -0.00193165 -0.00184461 -0.00184681 -0.00176259 -0.00183723 -0.00185114 -0.00186106 -0.00187949 -0.00195513 -0.00190132 
-0.00192587 -0.00189921 -0.00187394 -0.0018899 -0.00191501 -0.00201813 -0.00208237 -0.00217884 -0.00212605 -0.00198509 -0.00223255 -0.00197764 -0.00197112 -0.00189386 -0.00176558 -0.00170134 0.00262433 0.00284018 0.00282992 0.00323225 0.00325673 0.146325 0.00320348 0.00295424 0.00284185 0.0024812 -0.00161987 -0.00166066 -0.00190424 -0.00176784 -0.00207714 -0.0020209 -0.00208383 -0.00210668 -0.00199912 -0.00196406 -0.00208142 -0.00196865 -0.00204686 -0.00198669 -0.00196521 -0.00194345 -0.00203341 -0.0020275 -0.00206655 -0.0019381 -0.00187034 -0.00195778 -0.00188087 -0.001891 -0.00187018 -0.00200508 -0.00193698 -0.00199959 -0.00204329 -0.001994 -0.00193837 -0.00187886 -0.00196887 -0.00188285 -0.00189133 -0.00189053 -0.00181434 -0.00176753 -0.00193803 -0.00189037 -0.00180991 -0.00186277 -0.0019249 -0.00185983 -0.00184506 -0.00185779 -0.00180356 -0.00196131 -0.00187712 -0.001828 -0.00177656 -0.00180607 -0.00180354 -0.0019239 -0.00184842 -0.00191518 -0.00190464 -0.00192252 -0.0019148 -0.00192235 -0.00195828 -0.00181788 -0.0018474 -0.00180093 -0.00183687 -0.00194736 -0.00186812 -0.00187887 -0.0018865 -0.00189905 -0.00193148 -0.00189703 -0.00181386 -0.00182836 
-0.00181855 -0.00193672 -0.00181522 -0.00197664 -0.00191896 -0.00195797 -0.00217336 -0.00208433 -0.00211809 -0.00205161 -0.0022098 -0.00223437 -0.00212659 -0.00209203 -0.00187979 -0.00184044 -0.00164449 0.00265539 0.00259408 0.00293393 0.00318618 0.00320348 0.145519 0.00310479 0.00286044 0.00278773 0.00248905 -0.00153313 -0.00167169 -0.00168151 -0.00183289 -0.00198593 -0.00213087 -0.00211942 -0.00201365 -0.00200082 -0.00202013 -0.00196396 -0.00200763 -0.00202973 -0.00185567 -0.00197965 -0.00189196 -0.0019879 -0.00206587 -0.00199392 -0.00180004 -0.00181539 -0.00195564 -0.00186956 -0.0018281 -0.00186655 -0.00191786 -0.00188291 -0.00188565 -0.00191624 -0.00198138 -0.00176342 -0.00183818 -0.00195138 -0.00187064 -0.00192393 -0.00181089 -0.00184403 -0.00192789 -0.00194703 -0.00190723 -0.00189225 -0.00188527 -0.00190818 -0.00182472 -0.0018581 -0.00173646 -0.0018356 -0.00175866 -0.00183857 -0.00173954 -0.00182295 -0.00193178 -0.00184327 -0.00186899 -0.00191447 -0.00190455 -0.00190255 -0.00184246 -0.00184045 -0.00182998 -0.00186052 -0.00182869 -0.00189653 -0.00182684 -0.00189495 -0.00180116 -0.00189879 -0.00187712 -0.00192691 -0.00189533 -0.00187216 -0.00185949 -0.00176723 
-0.0018537 -0.00175432 -0.00174268 -0.00188921 -0.00184793 -0.00194307 -0.00192523 -0.00196436 -0.0019488 -0.00192316 -0.0020829 -0.0020377 -0.00200552 -0.00217842 -0.00206017 -0.00183105 -0.00183738 -0.00162811 -0.00164114 0.00277004 0.00293799 0.00295424 0.00310479 0.14109 0.00311711 0.00293912 0.00266546 0.00231793 -0.0015835 -0.00147768 -0.00164994 -0.00174934 -0.00191947 -0.0019412 -0.00184308 -0.00179866 -0.00194072 -0.00183584 -0.0020081 -0.00186844 -0.00178436 -0.00180668 -0.0019194 -0.00184483 -0.00187104 -0.00188422 -0.0018799 -0.00183699 -0.00184847 -0.00184674 -0.0018064 -0.00179864 -0.0018181 -0.00178048 -0.00182962 -0.00177338 -0.00175146 -0.00178517 -0.00178152 -0.00175378 -0.00172424 -0.00173269 -0.00160414 -0.00167387 -0.00169917 -0.00176058 -0.00182201 -0.00175869 -0.00175067 -0.00174523 -0.00169357 -0.00169683 -0.00159914 -0.00178774 -0.00171152 -0.00165902 -0.0016357 -0.00172967 -0.00175486 -0.00172218 -0.00172033 -0.00176403 -0.00187281 -0.0017518 -0.00178372 -0.00174165 -0.00168806 -0.00175561 -0.00169165 -0.00183451 -0.00172315 -0.00194784 -0.00176955 -0.00180238 -0.00186206 -0.001803 -0.00174197 -0.00177577 -0.00181105 -0.00168227 
-0.00187474 -0.00187919 -0.00190428 -0.00203114 -0.00193737 -0.00199926 -0.00208551 -0.00223095 -0.00217553 -0.00209334 -0.00232151 -0.00235714 -0.00229846 -0.00226194 -0.00218673 -0.00209473 -0.00204868 -0.00177148 -0.00166635 0.00262057 0.00273012 0.00284185 0.00286044 0.00311711 0.146289 0.00307827 0.00277323 0.00269757 0.00248692 0.00248985 -0.00153254 -0.00167242 -0.00173909 -0.00183658 -0.00193677 -0.00194228 -0.00195723 -0.00208273 -0.00208361 -0.00210965 -0.00197695 -0.00197498 -0.00209274 -0.0020862 -0.00208168 -0.00207396 -0.00194558 -0.00203568 -0.00194651 -0.00194967 -0.00196304 -0.0019657 -0.00189482 -0.00199197 -0.00203689 -0.00200318 -0.00197953 -0.00191362 -0.00188743 -0.00195188 -0.0018912 -0.00196102 -0.00183516 -0.0018363 -0.00184944 -0.00192747 -0.00188023 -0.00197423 -0.00191516 -0.00197182 -0.00186852 -0.00191359 -0.00192307 -0.00190906 -0.00172363 -0.00187054 -0.00182728 -0.00186102 -0.00190647 -0.00194347 -0.00195087 -0.00191077 -0.00186827 -0.00190124 -0.00188457 -0.00183466 -0.00185449 -0.00190396 -0.00184667 -0.00186277 -0.0019211 -0.0019712 -0.00194893 -0.00202052 -0.00194198 -0.00195856 -0.00196491 -0.00193427 -0.00198737 -0.0018654 
-0.00194327 -0.00190084 -0.00193996 -0.00201233 -0.00191508 -0.00209304 -0.00208653 -0.00211742 -0.00207724 -0.00200909 -0.00214915 -0.00218034 -0.00229525 -0.00229258 -0.00226426 -0.00218532 -0.00216225 -0.00191575 -0.00189005 -0.00167705 0.00259432 0.0024812 0.00278773 0.00293912 0.00307827 0.144305 0.00288284 0.00272737 0.00251328 0.00252099 0.00243283 -0.00147389 -0.00164959 -0.00175906 -0.00183602 -0.00177259 -0.00186867 -0.00204567 -0.00200205 -0.00196596 -0.0019532 -0.00188373 -0.00196907 -0.0020497 -0.0020288 -0.00199588 -0.00197445 -0.00200074 -0.0019623 -0.00187093 -0.00186192 -0.00191174 -0.00190268 -0.00187283 -0.00181836 -0.00192925 -0.00195314 -0.00185624 -0.00184184 -0.00185782 -0.00183054 -0.00186211 -0.00180114 -0.00178191 -0.00187311 -0.00181369 -0.001954 -0.00193765 -0.0018242 -0.00192889 -0.00193216 -0.00191388 -0.00179708 -0.00188688 -0.00176946 -0.00180907 -0.00182046 -0.00191807 -0.00183918 -0.00185611 -0.00188159 -0.00192014 -0.00201956 -0.00198767 -0.00189951 -0.00196668 -0.00190621 -0.00177906 -0.0018165 -0.00185516 -0.00194345 -0.00189132 -0.00192786 -0.00188467 -0.00186761 -0.00186116 -0.00190186 -0.0019402 -0.00201915 -0.00186879 
-0.00173953 -0.00182023 -0.0018059 -0.00191554 -0.00186128 -0.00196834 -0.00206655 -0.00198723 -0.00201579 -0.00193925 -0.00206658 -0.0020525 -0.00201346 -0.00207348 -0.00211804 -0.00213594 -0.00233125 -0.00195379 -0.00205471 -0.00185957 -0.00165744 -0.00161987 0.00248905 0.00266546 0.00277323 0.00288284 0.139031 0.00283834 0.00255575 0.00271552 0.00239191 0.00233338 -0.00139273 -0.00143416 -0.00159464 -0.001535 -0.00173159 -0.00177453 -0.00194814 -0.00200805 -0.00175083 -0.00178766 -0.00192111 -0.00182818 -0.0019031 -0.00195574 -0.00167406 -0.00183717 -0.0018689 -0.0017718 -0.00180871 -0.0017841 -0.00176337 -0.00178622 -0.00171417 -0.00174577 -0.00183514 -0.00174742 -0.00175686 -0.00178377 -0.00173976 -0.00176568 -0.00170054 -0.0016567 -0.00179775 -0.00185237 -0.00176668 -0.00183725 -0.00173742 -0.00182458 -0.00171223 -0.0017375 -0.00176372 -0.00185913 -0.00173489 -0.00173107 -0.00172633 -0.00178719 -0.00180801 -0.00168129 -0.00177717 -0.00179946 -0.00183495 -0.00178611 -0.00175912 -0.00172858 -0.00173107 -0.00168674 -0.00169412 -0.00173964 -0.00174929 -0.00164541 -0.00171743 -0.0018346 -0.0017576 -0.00180575 -0.00171442 -0.0017093 -0.00175993 -0.00172637 
-0.00173787 -0.00175367 -0.00174521 -0.00190993 -0.00184551 -0.00192507 -0.00193787 -0.00196524 -0.00194723 -0.00186776 -0.00194382 -0.00216499 -0.0019234 -0.00217987 -0.00211679 -0.00211144 -0.00226004 -0.00211218 -0.00205446 -0.00204697 -0.00163377 -0.00166066 -0.00153313 0.00231793 0.00269757 0.00272737 0.00283834 0.136852 0.00271479 0.0027045 0.0026148 0.00237173 0.00227045 -0.0012821 -0.00152316 -0.00156565 -0.00170127 -0.00182995 -0.00185747 -0.00189044 -0.00177454 -0.00173067 -0.00183417 -0.00172536 -0.00183981 -0.00184814 -0.00171118 -0.00178481 -0.0017499 -0.0017397 -0.00177851 -0.00173653 -0.00167743 -0.00170583 -0.00183403 -0.00175888 -0.00173567 -0.00171053 -0.00166332 -0.00168034 -0.00171365 -0.00169456 -0.00160777 -0.00166118 -0.00171083 -0.00167134 -0.00164651 -0.00166412 -0.00171571 -0.00168716 -0.00173125 -0.00172388 -0.00177899 -0.00176055 -0.00169906 -0.00169133 -0.00175289 -0.00170704 -0.00175544 -0.00168875 -0.00173463 -0.00174752 -0.00170299 -0.00179973 -0.00170737 -0.00178495 -0.00177105 -0.00170339 -0.00171789 -0.00175344 -0.00174757 -0.0017632 -0.00175131 -0.00178935 -0.00185191 -0.00174398 -0.00174365 -0.00165887 -0.0017978 -0.00173027 
-0.00176801 -0.00174099 -0.00177571 -0.00176916 -0.0018303 -0.00188998 -0.00186158 -0.00185762 -0.00204158 -0.00194178 -0.00197564 -0.00205814 -0.00205714 -0.00213979 -0.00210437 -0.00201459 -0.00225558 -0.00209049 -0.00209002 -0.00208537 -0.00182028 -0.00190424 -0.00167169 -0.0015835 0.00248692 0.00251328 0.00255575 0.00271479 0.135071 0.00280098 0.00262902 0.00248938 0.00238096 0.00227693 -0.00135334 -0.00136376 -0.00153886 -0.00162029 -0.00169245 -0.00176908 -0.00178223 -0.00167296 -0.00183404 -0.00181221 -0.00184561 -0.00183118 -0.0017306 -0.00168036 -0.00186933 -0.0016623 -0.00171611 -0.00170149 -0.00167193 -0.0016612 -0.00173888 -0.00169211 -0.00172224 -0.00174054 -0.00173486 -0.00178505 -0.00162692 -0.00173629 -0.00166216 -0.00171056 -0.00165442 -0.00169481 -0.00164863 -0.00171133 -0.00173733 -0.00174417 -0.00167533 -0.00173982 -0.00168448 -0.00168455 -0.00169493 -0.00158401 -0.00161622 -0.00172113 -0.00170653 -0.00169553 -0.00169216 -0.00180136 -0.00176771 -0.001696 -0.00172561 -0.00168986 -0.00176201 -0.0016155 -0.00162031 -0.00174467 -0.0016651 -0.00158007 -0.00171871 -0.00166761 -0.00163821 -0.00153762 -0.00164311 -0.00170987 -0.00171214 -0.00165148 
-0.00174143 -0.00182232 -0.00176503 -0.00180589 -0.00183392 -0.00187387 -0.00186672 -0.00188177 -0.00191018 -0.0018496 -0.00198384 -0.00197292 -0.00192189 -0.00208751 -0.00208932 -0.00209496 -0.00212828 -0.00198493 -0.00208814 -0.00213938 -0.00178505 -0.00176784 -0.00168151 -0.00147768 0.00248985 0.00252099 0.00271552 0.0027045 0.00280098 0.133723 0.00261177 0.00245105 0.00236552 0.00215143 -0.00138159 -0.0013798 -0.00149848 -0.00164945 -0.0016513 -0.0018076 -0.00167841 -0.0016825 -0.00175039 -0.00180455 -0.00174772 -0.00178016 -0.00166785 -0.00174744 -0.00176375 -0.0017497 -0.00174193 -0.00171896 -0.00167595 -0.00165091 -0.00161517 -0.00169243 -0.00165508 -0.0016607 -0.00171061 -0.00166696 -0.00164781 -0.00169436 -0.00147885 -0.00161582 -0.00164375 -0.00160847 -0.00168483 -0.00173554 -0.00175481 -0.00166286 -0.00164043 -0.00168756 -0.0017447 -0.00158121 -0.00166227 -0.00154881 -0.00161961 -0.0016568 -0.00169137 -0.00173232 -0.00174825 -0.00174658 -0.00166838 -0.00167087 -0.00180003 -0.00175888 -0.00177443 -0.00162607 -0.00168186 -0.00173386 -0.0017187 -0.00169507 -0.00179275 -0.00172026 -0.00164649 -0.00172339 -0.00166619 -0.00175593 -0.00175715 -0.00167448 
-0.00177619 -0.00177531 -0.00173896 -0.00184863 -0.001786 -0.00191486 -0.00189939 -0.00191808 -0.00189735 -0.00182949 -0.00206264 -0.00204918 -0.00200612 -0.00206984 -0.00198406 -0.00199065 -0.00215464 -0.00200838 -0.00215552 -0.00215684 -0.00198349 -0.00207714 -0.00183289 -0.00164994 -0.00153254 0.00243283 0.00239191 0.0026148 0.00262902 0.00261177 0.134443 0.00264321 0.00248043 0.00229355 0.00209117 0.00211932 -0.00136013 -0.00148543 -0.00156938 -0.0016158 -0.00176068 -0.00172225 -0.00181814 -0.00179936 -0.00180747 -0.00187613 -0.00170412 -0.00175497 -0.00176481 -0.00178088 -0.00167395 -0.00166033 -0.00176656 -0.00173793 -0.00171463 -0.0017036 -0.00167965 -0.00171116 -0.00165265 -0.00176382 -0.00169841 -0.00175009 -0.00166905 -0.00163613 -0.00173486 -0.00186253 -0.0017917 -0.00177789 -0.0018055 -0.0017921 -0.00174781 -0.00164687 -0.00166613 -0.00170354 -0.00168037 -0.00171111 -0.0017005 -0.00175059 -0.00174971 -0.00182764 -0.00176584 -0.00179565 -0.00184737 -0.00176099 -0.00177723 -0.00175776 -0.00169386 -0.00165907 -0.00162484 -0.00183642 -0.00179156 -0.00180874 -0.00177462 -0.00180153 -0.00171467 -0.00182878 -0.00166645 -0.0017416 -0.00169318 -0.00172651 
-0.00175726 -0.00177803 -0.00173335 -0.00174449 -0.00177601 -0.00190242 -0.00187451 -0.00190989 -0.00184736 -0.00180305 -0.0020001 -0.00195818 -0.001962 -0.00214262 -0.0020614 -0.00196261 -0.0021231 -0.00210296 -0.00210906 -0.00224047 -0.00212899 -0.0020209 -0.00198593 -0.00174934 -0.00167242 -0.00147389 0.00233338 0.00237173 0.00248938 0.00245105 0.00264321 0.132688 0.00256142 0.00251363 0.00228608 0.00226036 0.00205268 -0.00133075 -0.00138144 -0.00154777 -0.00164007 -0.00160128 -0.0017717 -0.0017072 -0.00175415 -0.00188023 -0.00171764 -0.0017896 -0.0016722 -0.00167366 -0.00174282 -0.00171019 -0.0017086 -0.00180377 -0.00167542 -0.00172352 -0.00173034 -0.0017436 -0.00175237 -0.00175329 -0.00174497 -0.00174498 -0.00162532 -0.0016143 -0.00167836 -0.00168858 -0.00165609 -0.00170944 -0.00164566 -0.00168066 -0.00166914 -0.00167059 -0.00167624 -0.0016633 -0.00166598 -0.00159648 -0.00167301 -0.00174665 -0.00177298 -0.00178612 -0.00172302 -0.00171597 -0.00174454 -0.00172602 -0.00180788 -0.001792 -0.00171571 -0.00158562 -0.00164104 -0.00179636 -0.00170258 -0.00170497 -0.00175546 -0.00174378 -0.00166613 -0.00169282 -0.00167591 -0.0016562 -0.00180068 -0.00166363 
-0.00156894 -0.00176969 -0.00168079 -0.00174091 -0.00175823 -0.00175678 -0.00191055 -0.00186677 -0.00198973 -0.00193187 -0.00201628 -0.00209733 -0.00185309 -0.00210886 -0.00201332 -0.00202593 -0.00222234 -0.00213027 -0.00216064 -0.00229067 -0.00201114 -0.00208383 -0.00213087 -0.00191947 -0.00173909 -0.00164959 -0.00139273 0.00227045 0.00238096 0.00236552 0.00248043 0.00256142 0.131644 0.00253964 0.00232329 0.00221343 0.00215352 0.00219975 -0.00132954 -0.00132738 -0.00154151 -0.00145516 -0.00170674 -0.00173297 -0.00169936 -0.00184372 -0.0017407 -0.00171801 -0.00165844 -0.00170294 -0.00171383 -0.00165799 -0.00163898 -0.00167124 -0.00168562 -0.00171599 -0.00165819 -0.00172159 -0.00167195 -0.00163966 -0.00162878 -0.00166798 -0.00151662 -0.00155803 -0.00173985 -0.00173669 -0.00171158 -0.00178862 -0.00162205 -0.0016991 -0.00170405 -0.00174719 -0.00163425 -0.00170521 -0.0016142 -0.00163801 -0.00163404 -0.00171247 -0.001762 -0.0017281 -0.00169064 -0.00173375 -0.00174815 -0.00168551 -0.00165028 -0.00168208 -0.00176086 -0.00162318 -0.00162297 -0.00166372 -0.00177548 -0.00164047 -0.00165148 -0.00159433 -0.00170787 -0.00159658 -0.00171905 -0.00169591 -0.00164388 -0.00164581 
