0.123111 0.00221141 0.00212628 0.00207578 0.00198004 0.00194923 -0.00124317 -0.00127982 -0.00147265 -0.001406 -0.00166434 -0.00180382 -0.00171632 -0.00188182 -0.00181307 -0.00180541 -0.00186458 -0.00195403 -0.00177706 -0.00210867 -0.00188459 -0.00198165 -0.00190827 -0.00179163 -0.00192575 -0.00192407 -0.00173372 -0.00182453 -0.00170895 -0.00166391 -0.00181106 -0.00168093 -0.00163153 -0.00167467 -0.00157816 -0.00171163 -0.00160825 -0.00159146 -0.0016133 -0.0016039 -0.00148747 -0.00151016 -0.00158439 -0.00158132 -0.00156795 -0.00162048 -0.00154354 -0.00160599 -0.00155625 -0.0015228 -0.00149226 -0.00150936 -0.0014481 -0.00150472 -0.00149818 -0.00142059 -0.00151048 -0.0015744 -0.00150093 -0.00150648 -0.0014854 -0.00143917 -0.0014329 -0.00144004 -0.00148 -0.00150482 -0.00146958 -0.00142196 -0.00149574 -0.00149136 -0.00137428 -0.00144221 -0.00152923 -0.00148288 -0.00143994 -0.00147634 -0.00154596 -0.00154628 -0.00150428 -0.00149503 -0.00147787 -0.00153518 -0.00144405 -0.00151188 -0.0014753 -0.00155898 -0.00151165 -0.00146909 -0.00141382 -0.00156296 -0.00145981 -0.00144284 -0.00137929 -0.00117059 -0.00128499 -0.00116309 0.00183279 0.00200688 0.00214504 0.00210928 
0.00221141 0.123323 0.0022798 0.00216425 0.00210006 0.00207913 0.00205878 -0.00118008 -0.00134951 -0.00135665 -0.00158519 -0.0016798 -0.00161738 -0.00175431 -0.00184877 -0.00190726 -0.00198562 -0.00185795 -0.00192351 -0.00187831 -0.00194905 -0.00200879 -0.00192823 -0.00178849 -0.00199532 -0.00192679 -0.00180368 -0.00175925 -0.00177275 -0.00170957 -0.00170261 -0.00170441 -0.00172519 -0.00173435 -0.00163928 -0.00163422 -0.00157246 -0.00170489 -0.00166892 -0.00161904 -0.00148191 -0.00149399 -0.00159245 -0.00160193 -0.00155297 -0.00167504 -0.00151648 -0.00150119 -0.00158406 -0.00154235 -0.00156138 -0.00161084 -0.00154835 -0.00148406 -0.00152609 -0.00153287 -0.00149316 -0.00149148 -0.00146652 -0.00151058 -0.00152318 -0.0015466 -0.0013852 -0.00144373 -0.00157027 -0.00149245 -0.0015175 -0.00146617 -0.00147015 -0.00149531 -0.00147322 -0.0014964 -0.00147375 -0.00149204 -0.00139848 -0.00147234 -0.00150329 -0.00150728 -0.00148311 -0.00153258 -0.00150278 -0.00146775 -0.00157549 -0.00157095 -0.0015798 -0.00156367 -0.00155531 -0.00132971 -0.00137312 -0.00154313 -0.00148296 -0.0014764 -0.00137949 -0.00129756 -0.0012993 -0.00113192 -0.00111378 0.00188939 0.00195454 0.00196513 
0.00212628 0.0022798 0.123592 0.00227084 0.00216082 0.00219094 0.00212372 0.00215761 -0.00119149 -0.00126472 -0.00154753 -0.00154779 -0.00157574 -0.0018563 -0.00177296 -0.00183157 -0.0019686 -0.00185885 -0.00190889 -0.00196231 -0.00194942 -0.00194475 -0.00185749 -0.00179036 -0.00194172 -0.0018336 -0.00175643 -0.00176334 -0.00172278 -0.00168554 -0.00165636 -0.00173853 -0.00174038 -0.00169634 -0.00167008 -0.00155206 -0.00164894 -0.00171254 -0.00177485 -0.00166842 -0.00155822 -0.00157627 -0.00160797 -0.00165195 -0.00161606 -0.00160941 -0.00151289 -0.00153666 -0.00155162 -0.00152013 -0.00155613 -0.00146908 -0.00153681 -0.00152102 -0.00158366 -0.00151798 -0.00157983 -0.00154732 -0.00158619 -0.00154834 -0.00161828 -0.00149879 -0.00137501 -0.00143211 -0.0014253 -0.00161538 -0.00149155 -0.00153673 -0.00147852 -0.00143697 -0.00157442 -0.00154428 -0.00155841 -0.00158027 -0.00149229 -0.00152387 -0.00139869 -0.00145521 -0.00156355 -0.00146977 -0.00158315 -0.00163195 -0.00153706 -0.00152004 -0.00143773 -0.00153349 -0.00146654 -0.00153616 -0.0013998 -0.00151302 -0.00149532 -0.00148905 -0.00150294 -0.00141084 -0.0013538 -0.00130086 -0.00121518 -0.00120657 0.00190304 0.00197587 
0.00207578 0.00216425 0.00227084 0.124307 0.00234539 0.00226052 0.002268 0.00226083 0.00201537 -0.00120835 -0.00133208 -0.00153807 -0.00152285 -0.00178753 -0.00176863 -0.00177926 -0.00197382 -0.00185077 -0.00194132 -0.00193816 -0.00179225 -0.0018894 -0.00194313 -0.00172938 -0.00193631 -0.0018954 -0.00178839 -0.00167769 -0.00166694 -0.00179578 -0.00176676 -0.00176429 -0.00174661 -0.00170209 -0.001582 -0.00159287 -0.00155537 -0.00169084 -0.00160519 -0.00163198 -0.0015956 -0.00160941 -0.00162864 -0.00174664 -0.00168283 -0.00156347 -0.00151533 -0.00155329 -0.00156599 -0.00155 -0.00152107 -0.00161578 -0.00151316 -0.00162144 -0.00155503 -0.00158377 -0.00161179 -0.00151483 -0.00153715 -0.00156942 -0.00163242 -0.0015579 -0.00140851 -0.0014351 -0.00157435 -0.00158253 -0.00158606 -0.00156577 -0.00158498 -0.00153207 -0.00152252 -0.00158189 -0.00149824 -0.0014968 -0.00142371 -0.00141815 -0.00145343 -0.00159995 -0.00150632 -0.00148526 -0.00152176 -0.00153683 -0.00155748 -0.00151787 -0.00154443 -0.00153114 -0.00152364 -0.00143575 -0.00158856 -0.00163394 -0.00155537 -0.00157803 -0.00154949 -0.0015435 -0.00158438 -0.00141299 -0.00135686 -0.00116161 -0.00119777 0.00185753 
0.00198004 0.00210006 0.00216082 0.00234539 0.124744 0.00233485 0.00235187 0.00224934 0.00217301 0.00208163 -0.00121158 -0.0013648 -0.0014245 -0.00163414 -0.00186036 -0.00181894 -0.0019554 -0.00196525 -0.00204064 -0.00190856 -0.00192209 -0.00207012 -0.00190196 -0.00180667 -0.00204716 -0.00194658 -0.00182334 -0.00173133 -0.00173949 -0.00175103 -0.00169549 -0.00183653 -0.00176243 -0.00172684 -0.00167285 -0.00169771 -0.00170252 -0.00177092 -0.00165415 -0.00170306 -0.00156658 -0.00161126 -0.00164658 -0.0016153 -0.00163351 -0.00164929 -0.00154351 -0.00153873 -0.00159523 -0.0016211 -0.00154848 -0.00158242 -0.00153086 -0.00150535 -0.001532 -0.00151338 -0.00156975 -0.00148901 -0.00152259 -0.0014323 -0.00150809 -0.00150877 -0.0014399 -0.00148676 -0.00155611 -0.00153285 -0.00153761 -0.00150413 -0.00153342 -0.00151609 -0.00153009 -0.00158021 -0.00152707 -0.00162229 -0.00154667 -0.00150605 -0.00142641 -0.00156391 -0.00156561 -0.00153698 -0.00153437 -0.00156123 -0.001599 -0.00150512 -0.00152362 -0.00155396 -0.00157056 -0.00151387 -0.00144978 -0.00148266 -0.00147452 -0.00156039 -0.00149177 -0.00150609 -0.00157491 -0.00155956 -0.0014574 -0.00136196 -0.00125299 -0.00106412 
0.00194923 0.00207913 0.00219094 0.00226052 0.00233485 0.127962 0.00250472 0.00242515 0.00233463 0.00227156 0.00220928 -0.0013585 -0.00142115 -0.00158368 -0.00183553 -0.00178494 -0.00217644 -0.00206102 -0.00211461 -0.00216651 -0.00199925 -0.00207016 -0.00198834 -0.00197277 -0.00211369 -0.00206944 -0.00188224 -0.00189986 -0.00187598 -0.00179904 -0.00187807 -0.00189385 -0.00179108 -0.0018428 -0.00174748 -0.00171639 -0.0018251 -0.00172007 -0.00177379 -0.00184068 -0.00164167 -0.00164918 -0.00170593 -0.00171694 -0.00182029 -0.00175592 -0.00165549 -0.00166372 -0.00169257 -0.00170526 -0.00162311 -0.00159481 -0.00167637 -0.00166651 -0.0016305 -0.00155455 -0.00168917 -0.0014944 -0.00163904 -0.0016405 -0.00152554 -0.00163534 -0.00153758 -0.00156807 -0.0015832 -0.0016864 -0.00155749 -0.00164144 -0.00167579 -0.00156518 -0.00162461 -0.00155657 -0.00165439 -0.00161717 -0.0016038 -0.00145435 -0.00157765 -0.00157097 -0.00162669 -0.00162775 -0.00167459 -0.00158348 -0.00151921 -0.00158356 -0.00169924 -0.00160797 -0.00164721 -0.00150094 -0.00154802 -0.00165995 -0.00159211 -0.00162895 -0.0016477 -0.00156323 -0.00167694 -0.00156858 -0.00147974 -0.00145393 -0.00137197 -0.00120588 
-0.00124317 0.00205878 0.00212372 0.002268 0.00235187 0.00250472 0.129029 0.00252734 0.00248627 0.00237495 0.00222924 0.00221582 -0.00125199 -0.00149263 -0.0017437 -0.0017774 -0.00199322 -0.00209129 -0.00210221 -0.00218336 -0.00199059 -0.00200567 -0.0020739 -0.00198057 -0.00208012 -0.00209049 -0.00190909 -0.00199141 -0.0019484 -0.00190158 -0.00197817 -0.00183912 -0.00187956 -0.00184285 -0.00175337 -0.00174246 -0.00181463 -0.00182814 -0.00179957 -0.0017974 -0.00172869 -0.00163224 -0.00183615 -0.00174178 -0.00177755 -0.00176793 -0.00169966 -0.00167887 -0.00166148 -0.00165257 -0.00167791 -0.00166498 -0.00167901 -0.00169293 -0.00168056 -0.00166593 -0.00171014 -0.00163676 -0.00168464 -0.00168235 -0.0015573 -0.0017127 -0.00150779 -0.00162006 -0.00164854 -0.00164691 -0.00165779 -0.00165271 -0.00167837 -0.00165049 -0.00163842 -0.00155848 -0.00160846 -0.00161529 -0.00145805 -0.00154831 -0.00148097 -0.0016294 -0.00165819 -0.0017017 -0.00162458 -0.00170579 -0.0015797 -0.00162748 -0.00163426 -0.00167064 -0.00164496 -0.00158627 -0.00150841 -0.00163619 -0.0016433 -0.00164954 -0.00160954 -0.00157379 -0.00164795 -0.00161086 -0.00158545 -0.0015409 -0.00142875 -0.00135285 
-0.00127982 -0.00118008 0.00215761 0.00226083 0.00224934 0.00242515 0.00252734 0.130103 0.00253448 0.00243401 0.00235082 0.00227263 0.00220233 -0.00153155 -0.00158089 -0.00171315 -0.00175256 -0.00207674 -0.00210715 -0.0020888 -0.00204864 -0.00210217 -0.00215382 -0.00192945 -0.00215337 -0.00209777 -0.00192991 -0.00199819 -0.00187892 -0.00192293 -0.00195972 -0.00195146 -0.00189423 -0.00180983 -0.00173673 -0.00185193 -0.00181022 -0.00177368 -0.00183115 -0.00176202 -0.00167709 -0.00173137 -0.00177161 -0.0017913 -0.00171202 -0.00173321 -0.00169119 -0.00167087 -0.00177217 -0.00178244 -0.0017266 -0.00157398 -0.00168698 -0.00170257 -0.00164157 -0.0016956 -0.00168575 -0.00163123 -0.00160564 -0.00161194 -0.00165083 -0.00161498 -0.00156404 -0.00155335 -0.00163121 -0.00161929 -0.00162186 -0.00164075 -0.00166389 -0.00165966 -0.00162867 -0.00160939 -0.00163726 -0.00170924 -0.00152494 -0.00158457 -0.00156094 -0.00168106 -0.00170335 -0.0016211 -0.00172661 -0.00165101 -0.00160579 -0.0016143 -0.0017171 -0.00176684 -0.00163258 -0.0016823 -0.00160638 -0.00169049 -0.0016845 -0.00166208 -0.00177427 -0.00174463 -0.00162149 -0.00175424 -0.00164594 -0.0016851 -0.0015772 -0.00139237 
-0.00147265 -0.00134951 -0.00119149 0.00201537 0.00217301 0.00233463 0.00248627 0.00253448 0.13135 0.00252292 0.00251149 0.00245167 0.00242858 0.00223893 -0.00143895 -0.00152567 -0.00182421 -0.00193002 -0.00192816 -0.00222419 -0.00206408 -0.00216211 -0.00216674 -0.0019902 -0.00217407 -0.00210086 -0.00199421 -0.00204044 -0.00196662 -0.0019975 -0.00189682 -0.00185688 -0.00196991 -0.00188953 -0.00172702 -0.00171911 -0.0018742 -0.00184532 -0.00179862 -0.0017115 -0.0017262 -0.00177352 -0.00176231 -0.00185493 -0.00179251 -0.00183903 -0.00170223 -0.00179936 -0.00167887 -0.00177907 -0.00174969 -0.00174794 -0.0016864 -0.00170583 -0.00165868 -0.00162901 -0.00171166 -0.00167505 -0.00168833 -0.00168777 -0.00168677 -0.00167391 -0.00161241 -0.00166524 -0.0016643 -0.00168643 -0.00168666 -0.0016335 -0.0017289 -0.00167155 -0.00170223 -0.00170849 -0.00168706 -0.00170191 -0.00162679 -0.00164085 -0.00169008 -0.00172584 -0.00166617 -0.00167963 -0.00174702 -0.00164875 -0.0016834 -0.00170423 -0.00166283 -0.00173858 -0.00166792 -0.00157959 -0.00158873 -0.00167535 -0.00164564 -0.00170373 -0.00169251 -0.00163193 -0.00170177 -0.00164667 -0.00163894 -0.00159466 -0.00157025 -0.00150764 
-0.001406 -0.00135665 -0.00126472 -0.00120835 0.00208163 0.00227156 0.00237495 0.00243401 0.00252292 0.129791 0.00263365 0.00244648 0.00232708 0.00236053 -0.00147774 -0.00150107 -0.00164072 -0.00188003 -0.00185528 -0.00204892 -0.00207938 -0.00200538 -0.00202214 -0.0020166 -0.00201311 -0.00203852 -0.00193693 -0.00192942 -0.00192205 -0.00181961 -0.00191483 -0.00179563 -0.00184729 -0.00185612 -0.00173315 -0.00165054 -0.00182956 -0.00180235 -0.00163137 -0.0017087 -0.00159609 -0.00163698 -0.0017665 -0.00174306 -0.00170936 -0.00183989 -0.00166415 -0.00168725 -0.00171452 -0.00169724 -0.00172304 -0.00160861 -0.00159133 -0.00168618 -0.0015784 -0.00161762 -0.00161505 -0.00168344 -0.00163223 -0.00162724 -0.00158998 -0.00160828 -0.0016328 -0.00156807 -0.00161972 -0.00160621 -0.00162263 -0.00167014 -0.00167113 -0.0016904 -0.00159184 -0.00163989 -0.00167607 -0.00154566 -0.00151452 -0.00166339 -0.00159796 -0.00165041 -0.00165932 -0.00158666 -0.00165111 -0.00164747 -0.00160767 -0.00164637 -0.00164643 -0.00169396 -0.0016097 -0.00158791 -0.00150341 -0.00161252 -0.00160067 -0.00160708 -0.00165887 -0.00162471 -0.00159058 -0.00157743 -0.00162441 -0.00163859 -0.00154656 -0.00155318 
-0.00166434 -0.00158519 -0.00154753 -0.00133208 -0.00121158 0.00220928 0.00222924 0.00235082 0.00251149 0.00263365 0.134709 0.00273939 0.00266229 0.00255527 0.00235101 0.00249918 -0.00155156 -0.00185578 -0.00176476 -0.00195665 -0.00207986 -0.00231039 -0.00216234 -0.00183272 -0.00221613 -0.00220918 -0.00205584 -0.00204077 -0.00196212 -0.00203524 -0.00199942 -0.00191199 -0.00195447 -0.00197918 -0.00186098 -0.00183795 -0.00186699 -0.00194263 -0.00191694 -0.00179967 -0.00184442 -0.00181319 -0.00191513 -0.00186343 -0.00186766 -0.00189988 -0.00178709 -0.00176386 -0.00175835 -0.00166424 -0.001855 -0.00174245 -0.00174979 -0.00166327 -0.00174323 -0.00184485 -0.00171982 -0.00171518 -0.00184659 -0.00167273 -0.00169976 -0.00178665 -0.00173263 -0.00165751 -0.00171296 -0.00179073 -0.00182137 -0.00171326 -0.00177306 -0.00172552 -0.00174579 -0.00175126 -0.00174183 -0.00174591 -0.00168089 -0.00170407 -0.00154953 -0.00174538 -0.00173402 -0.00173847 -0.00169491 -0.0017954 -0.00178817 -0.00176164 -0.00180098 -0.00184395 -0.00182684 -0.00165009 -0.00170596 -0.00174755 -0.00173905 -0.00167151 -0.0016701 -0.00173735 -0.00168561 -0.00171818 -0.00171386 -0.00177617 -0.00177061 -0.00162733 
-0.00180382 -0.0016798 -0.00154779 -0.00153807 -0.0013648 -0.0013585 0.00221582 0.00227263 0.00245167 0.00244648 0.00273939 0.136738 0.00271858 0.00271052 0.00242961 0.00240159 0.00240495 -0.00158432 -0.00159406 -0.00193296 -0.00195905 -0.0020065 -0.00212853 -0.00210136 -0.00229492 -0.00225682 -0.00206885 -0.0020927 -0.00209442 -0.00197119 -0.00199632 -0.00210144 -0.00204277 -0.00209271 -0.00185213 -0.00185905 -0.00196023 -0.00204944 -0.0019293 -0.0018429 -0.0017777 -0.00178553 -0.00188473 -0.00197677 -0.00181288 -0.00186828 -0.00168609 -0.00183833 -0.001756 -0.00185369 -0.00180035 -0.00175604 -0.00181503 -0.00178122 -0.00178723 -0.00180359 -0.00174434 -0.00187512 -0.00172953 -0.00179922 -0.00175001 -0.00183929 -0.00170949 -0.00167396 -0.00174008 -0.00182195 -0.00175509 -0.00173403 -0.00181374 -0.00173071 -0.00178935 -0.00184165 -0.0018026 -0.00179397 -0.00171332 -0.00170563 -0.00176247 -0.00168366 -0.00178717 -0.00173213 -0.00181625 -0.00176668 -0.00174592 -0.00176825 -0.00172018 -0.00180326 -0.00183033 -0.0017168 -0.00166651 -0.00183391 -0.00159779 -0.00177203 -0.001745 -0.00179294 -0.00182476 -0.00169169 -0.0017954 -0.00177816 -0.00175698 -0.00168987 
-0.00171632 -0.00161738 -0.00157574 -0.00152285 -0.0014245 -0.00142115 -0.00125199 0.00220233 0.00242858 0.00232708 0.00266229 0.00271858 0.135546 0.00273521 0.00254562 0.00247063 0.00246888 -0.00163752 -0.0015737 -0.00180709 -0.00199605 -0.00199606 -0.00218474 -0.0019599 -0.00217971 -0.00219515 -0.00204565 -0.00198454 -0.00195376 -0.00196217 -0.00205384 -0.00194191 -0.00187783 -0.00186372 -0.00174697 -0.00180088 -0.00185915 -0.00178938 -0.00185483 -0.00184484 -0.00174136 -0.0017868 -0.00187654 -0.00184876 -0.00171864 -0.0018279 -0.00172493 -0.00166988 -0.00166486 -0.00173185 -0.00167613 -0.00176891 -0.00173326 -0.00167125 -0.00173186 -0.00166225 -0.00188628 -0.00173583 -0.00174861 -0.00172447 -0.00168674 -0.00180097 -0.00162345 -0.00160547 -0.00171206 -0.0018509 -0.00164454 -0.00168026 -0.00175439 -0.00167218 -0.00173974 -0.00173194 -0.00163702 -0.0017775 -0.00160971 -0.00165555 -0.00162213 -0.00166229 -0.00186544 -0.00172162 -0.00172421 -0.00172924 -0.00175621 -0.00169236 -0.00174452 -0.00179305 -0.00178729 -0.00171061 -0.00165893 -0.00167861 -0.00173176 -0.0017229 -0.00176326 -0.00167178 -0.00178568 -0.00165732 -0.00171821 -0.00182327 -0.0017089 -0.0016238 
-0.00188182 -0.00175431 -0.0018563 -0.00178753 -0.00163414 -0.00158368 -0.00149263 -0.00153155 0.00223893 0.00236053 0.00255527 0.00271052 0.00273521 0.140603 0.00290463 0.00292782 0.00276419 0.00258275 0.00250561 -0.00172378 -0.00182305 -0.00190688 -0.00195435 -0.00215789 -0.00235586 -0.00240458 -0.00212448 -0.00208504 -0.00209973 -0.00208238 -0.00210371 -0.00204529 -0.00203396 -0.00204153 -0.00193291 -0.00187133 -0.00204296 -0.00193832 -0.00201681 -0.00204741 -0.00184394 -0.00183088 -0.00195872 -0.00196243 -0.00194914 -0.00199066 -0.00185406 -0.00195643 -0.00184725 -0.00178281 -0.00189484 -0.00185221 -0.00181291 -0.00189119 -0.00191569 -0.00181551 -0.00188029 -0.00186558 -0.00177327 -0.00173959 -0.00180114 -0.00180509 -0.00167167 -0.00179502 -0.00179517 -0.00184965 -0.00188568 -0.00183372 -0.00187297 -0.00186608 -0.0018785 -0.00187298 -0.00185561 -0.00182721 -0.00177475 -0.00173753 -0.00179041 -0.00185462 -0.00186446 -0.00185071 -0.00190984 -0.00183393 -0.00181428 -0.0018435 -0.00189055 -0.00186528 -0.00184439 -0.00177441 -0.00180643 -0.00188191 -0.00181376 -0.00176521 -0.001897 -0.00192475 -0.00173846 -0.00180149 -0.00182311 -0.00186244 -0.00183013 -0.0017533 
-0.00181307 -0.00184877 -0.00177296 -0.00176863 -0.00186036 -0.00183553 -0.0017437 -0.00158089 -0.00143895 -0.00147774 0.00235101 0.00242961 0.00254562 0.00290463 0.13985 0.00300607 0.0029022 0.00271392 0.00279791 0.00255276 -0.0015744 -0.00158751 -0.00188949 -0.00198972 -0.00214362 -0.00227156 -0.00212654 -0.00211625 -0.00199675 -0.00198267 -0.00206463 -0.00190575 -0.00197718 -0.00205397 -0.00183184 -0.00191937 -0.00199858 -0.00192394 -0.00200498 -0.00190841 -0.00178252 -0.0017914 -0.00190856 -0.00186948 -0.00193475 -0.00183432 -0.00181564 -0.00179919 -0.0018238 -0.00180774 -0.00181255 -0.00183361 -0.00181223 -0.00184992 -0.00181844 -0.0018615 -0.00176643 -0.00180552 -0.00185756 -0.00173932 -0.00178343 -0.00176335 -0.00175128 -0.00165368 -0.00180615 -0.00177291 -0.00172923 -0.00179507 -0.00189285 -0.00178564 -0.00185736 -0.00184135 -0.00182654 -0.00177581 -0.00169836 -0.00163702 -0.00165393 -0.00171935 -0.00177465 -0.00184976 -0.00180289 -0.00179922 -0.00181643 -0.00172154 -0.0017863 -0.00181121 -0.0018662 -0.00169424 -0.00167667 -0.00185271 -0.00175045 -0.00177768 -0.00174996 -0.00192365 -0.00173362 -0.00187284 -0.00184783 -0.00178007 -0.00177297 -0.00171769 
-0.00180541 -0.00190726 -0.00183157 -0.00177926 -0.00181894 -0.00178494 -0.0017774 -0.00171315 -0.00152567 -0.00150107 0.00249918 0.00240159 0.00247063 0.00292782 0.00300607 0.141219 0.00299195 0.00269758 0.00272564 0.00266737 -0.00160443 -0.00176234 -0.00179279 -0.00198138 -0.00210977 -0.00233309 -0.00208129 -0.00213971 -0.00199263 -0.00206483 -0.0021327 -0.00205756 -0.00214111 -0.00204754 -0.00193528 -0.00195953 -0.00201 -0.00200035 -0.00206785 -0.00189701 -0.00190082 -0.00185489 -0.00197399 -0.00197928 -0.00193472 -0.00189662 -0.00169614 -0.00177442 -0.00176792 -0.00176396 -0.00184128 -0.0017986 -0.0018505 -0.00183879 -0.00189935 -0.00179798 -0.00180809 -0.00179486 -0.00179482 -0.00182499 -0.00181837 -0.00186287 -0.00172898 -0.0017334 -0.00172262 -0.00180001 -0.00180249 -0.00176364 -0.00178864 -0.00168213 -0.00182376 -0.00187333 -0.00181309 -0.00179444 -0.00176012 -0.00169524 -0.00172384 -0.0018126 -0.00175576 -0.00184984 -0.00183992 -0.00191018 -0.00173453 -0.00166912 -0.00178164 -0.00176792 -0.00182297 -0.00168274 -0.00172038 -0.0017963 -0.00174049 -0.0017847 -0.00176167 -0.00182082 -0.00174189 -0.00185585 -0.00192386 -0.00178237 -0.00178611 -0.0017301 
-0.00186458 -0.00198562 -0.0019686 -0.00197382 -0.0019554 -0.00217644 -0.00199322 -0.00175256 -0.00182421 -0.00164072 -0.00155156 0.00240495 0.00246888 0.00276419 0.0029022 0.00299195 0.146305 0.00305233 0.00305879 0.00288767 0.0026181 0.00264092 -0.00156762 -0.00181839 -0.00195235 -0.00214807 -0.00218956 -0.00223103 -0.00218845 -0.00220146 -0.00224342 -0.00217151 -0.00219384 -0.00209839 -0.00204495 -0.00206048 -0.00215323 -0.00213628 -0.00205929 -0.00213763 -0.00194765 -0.00201606 -0.00208882 -0.00205569 -0.00209711 -0.00198593 -0.00202542 -0.00198804 -0.00196612 -0.00192858 -0.00191956 -0.00198153 -0.00201809 -0.00183806 -0.00192897 -0.00192795 -0.00192166 -0.00190289 -0.00191455 -0.00192102 -0.00185705 -0.00191307 -0.00184753 -0.00184426 -0.00193573 -0.00192721 -0.0019626 -0.00199195 -0.00194772 -0.00200012 -0.00192236 -0.00194089 -0.00198538 -0.00194462 -0.00180836 -0.00187648 -0.00178308 -0.00188159 -0.00191127 -0.00197311 -0.00192733 -0.00190867 -0.00197463 -0.00200322 -0.00191063 -0.00195951 -0.00190602 -0.0018233 -0.00178428 -0.001846 -0.0018892 -0.00186669 -0.00199597 -0.00194313 -0.0019489 -0.00190089 -0.00178782 -0.00191398 -0.00196387 -0.00193002 
-0.00195403 -0.00185795 -0.00185885 -0.00185077 -0.00196525 -0.00206102 -0.00209129 -0.00207674 -0.00193002 -0.00188003 -0.00185578 -0.00158432 -0.00163752 0.00258275 0.00271392 0.00269758 0.00305233 0.144658 0.00320092 0.00305802 0.00287195 0.00281547 0.00273466 -0.00166643 -0.00180125 -0.00197035 -0.00205904 -0.00213082 -0.00207197 -0.00219464 -0.00208788 -0.00223623 -0.00219437 -0.00209434 -0.00193233 -0.00190677 -0.00196321 -0.00204993 -0.00199656 -0.001986 -0.00191615 -0.00182915 -0.00193787 -0.0020276 -0.0019981 -0.0020533 -0.00189416 -0.00189277 -0.00193783 -0.00194417 -0.00191264 -0.00189097 -0.00186643 -0.00186159 -0.00178895 -0.00192616 -0.00186379 -0.0018735 -0.00187676 -0.00189579 -0.00194048 -0.00180164 -0.00177015 -0.00177387 -0.00182359 -0.00180714 -0.00187532 -0.00191231 -0.00184306 -0.00179787 -0.00176342 -0.00184621 -0.00179564 -0.00189438 -0.00172772 -0.00182531 -0.00169129 -0.0018353 -0.00181715 -0.00184657 -0.0018006 -0.00183789 -0.00193371 -0.00186609 -0.00182746 -0.00184732 -0.00190857 -0.00177621 -0.00180457 -0.00187442 -0.00183591 -0.00181248 -0.0018866 -0.00190316 -0.00185656 -0.0018206 -0.00190602 -0.00181173 -0.00185636 -0.00169748 
-0.00177706 -0.00192351 -0.00190889 -0.00194132 -0.00204064 -0.00211461 -0.00210221 -0.00210715 -0.00192816 -0.00185528 -0.00176476 -0.00159406 -0.0015737 0.00250561 0.00279791 0.00272564 0.00305879 0.00320092 0.145689 0.00308709 0.00283316 0.00279907 0.002736 -0.00150639 -0.00189891 -0.00183437 -0.00211535 -0.00207998 -0.00197565 -0.0021507 -0.00215739 -0.00211021 -0.00208748 -0.00200757 -0.00194072 -0.00210175 -0.00205845 -0.0019733 -0.00192972 -0.00199585 -0.00193633 -0.00198125 -0.00201471 -0.00200764 -0.00203252 -0.00198874 -0.00178694 -0.00192532 -0.00190556 -0.00189474 -0.00194724 -0.00191494 -0.00196762 -0.00187572 -0.00186454 -0.00181085 -0.00191607 -0.00182638 -0.00188803 -0.00189094 -0.00189467 -0.00178807 -0.00182296 -0.00182572 -0.00188953 -0.0018686 -0.00181729 -0.00181981 -0.00190768 -0.00178564 -0.00187008 -0.00187726 -0.00185128 -0.00196699 -0.00181341 -0.00184259 -0.00180403 -0.00182743 -0.00186172 -0.00189689 -0.00192709 -0.00192205 -0.00192114 -0.00197691 -0.0018507 -0.00191526 -0.00190144 -0.00173754 -0.00174333 -0.00191524 -0.00179339 -0.00183404 -0.00185556 -0.0018978 -0.00188534 -0.00183374 -0.00189408 -0.00198354 -0.00188034 -0.00180193 
-0.00210867 -0.00187831 -0.00196231 -0.00193816 -0.00190856 -0.00216651 -0.00218336 -0.0020888 -0.00222419 -0.00204892 -0.00195665 -0.00193296 -0.00180709 -0.00172378 0.00255276 0.00266737 0.00288767 0.00305802 0.00308709 0.149547 0.00319551 0.00327648 0.00298207 0.00242898 0.00275474 -0.00176176 -0.00185337 -0.00201448 -0.00202448 -0.00211037 -0.00223706 -0.00210722 -0.00217575 -0.00219755 -0.00194495 -0.00209757 -0.00214691 -0.00211797 -0.00208863 -0.00212542 -0.00203817 -0.00197594 -0.00209582 -0.00210232 -0.00217136 -0.00220414 -0.00198927 -0.00206248 -0.00203426 -0.00205565 -0.0019645 -0.00211025 -0.00200612 -0.00203874 -0.0020387 -0.00195738 -0.00190389 -0.00207918 -0.00194367 -0.00200505 -0.00198362 -0.00202021 -0.00191805 -0.00180182 -0.00199461 -0.00196382 -0.00199733 -0.00191265 -0.00196199 -0.00204976 -0.00190585 -0.00201507 -0.00191513 -0.00201193 -0.00194215 -0.0018915 -0.00196898 -0.00196421 -0.00197864 -0.00199891 -0.00199104 -0.0020277 -0.00200113 -0.00197309 -0.00203589 -0.00205208 -0.00195417 -0.00181033 -0.00185031 -0.00201228 -0.00194467 -0.00188881 -0.00188152 -0.0020955 -0.00208031 -0.00200185 -0.00192211 -0.00202788 -0.00201387 -0.00196851 
-0.00188459 -0.00194905 -0.00194942 -0.00179225 -0.00192209 -0.00199925 -0.00199059 -0.00204864 -0.00206408 -0.00207938 -0.00207986 -0.00195905 -0.00199605 -0.00182305 -0.0015744 -0.00160443 0.0026181 0.00287195 0.00283316 0.00319551 0.14662 0.00313779 0.00318428 0.00281474 0.002854 0.00265168 -0.00176948 -0.00187889 -0.00182497 -0.00184897 -0.00207882 -0.00213876 -0.00207023 -0.00206094 -0.0019774 -0.00200296 -0.00212015 -0.00207158 -0.00205969 -0.00212985 -0.0019587 -0.00188963 -0.00212133 -0.00196161 -0.00214353 -0.00202414 -0.00192453 -0.00187642 -0.00196345 -0.00193205 -0.00194998 -0.0019294 -0.00187106 -0.00192864 -0.00195055 -0.00182143 -0.00189228 -0.00192246 -0.0018531 -0.00189366 -0.00184532 -0.00177046 -0.00189371 -0.00186866 -0.00194985 -0.00188812 -0.00193083 -0.0020037 -0.00184071 -0.00194266 -0.00186333 -0.00192552 -0.00194183 -0.00192129 -0.00178617 -0.00183394 -0.00177264 -0.00189419 -0.00180294 -0.00181876 -0.00193409 -0.001912 -0.00190471 -0.00193888 -0.00198114 -0.00192003 -0.00193173 -0.00184442 -0.00178662 -0.00188924 -0.00183126 -0.00175805 -0.0019042 -0.00181189 -0.00189801 -0.00184789 -0.00189697 -0.00198186 -0.00195887 -0.0017981 
-0.00198165 -0.00200879 -0.00194475 -0.0018894 -0.00207012 -0.00207016 -0.00200567 -0.00210217 -0.00216211 -0.00200538 -0.00231039 -0.0020065 -0.00199606 -0.00190688 -0.00158751 -0.00176234 0.00264092 0.00281547 0.00279907 0.00327648 0.00313779 0.146186 0.00321255 0.00278783 0.00287579 0.00262523 -0.00163738 -0.00166235 -0.00187798 -0.00185916 -0.00202685 -0.00210052 -0.00210427 -0.00217158 -0.00198934 -0.00202669 -0.00203071 -0.00210536 -0.00202209 -0.00207094 -0.00194025 -0.00198226 -0.00208816 -0.0020179 -0.00197989 -0.00198573 -0.00186595 -0.00193474 -0.00193621 -0.00191149 -0.00184213 -0.00178632 -0.00187654 -0.00183571 -0.00190214 -0.00187591 -0.00189042 -0.00190401 -0.00192594 -0.00193328 -0.00188817 -0.00190496 -0.00178125 -0.00175398 -0.0018433 -0.00184181 -0.00178802 -0.00189886 -0.00179677 -0.0018258 -0.00181925 -0.00194873 -0.00187658 -0.00189402 -0.00178796 -0.00180789 -0.00183141 -0.00196579 -0.00189815 -0.00190974 -0.00181228 -0.00189601 -0.00189029 -0.00191653 -0.00194985 -0.00188885 -0.0018497 -0.00180516 -0.00179254 -0.00192699 -0.00186536 -0.00187875 -0.00185932 -0.00185463 -0.00189691 -0.00181862 -0.00185908 -0.00192301 -0.00189914 -0.00180187 
-0.00190827 -0.00192823 -0.00185749 -0.00194313 -0.00190196 -0.00198834 -0.0020739 -0.00215382 -0.00216674 -0.00202214 -0.00216234 -0.00212853 -0.00218474 -0.00195435 -0.00188949 -0.00179279 -0.00156762 0.00273466 0.002736 0.00298207 0.00318428 0.00321255 0.145621 0.00283543 0.00289592 0.0027086 0.00247403 -0.00162136 -0.00160891 -0.00170426 -0.00184138 -0.001984 -0.00200527 -0.00215743 -0.00191789 -0.0019389 -0.00204201 -0.00205628 -0.00191337 -0.00203731 -0.00186719 -0.00198231 -0.00199328 -0.00201265 -0.00199574 -0.0019927 -0.00189805 -0.0018699 -0.00190573 -0.00191767 -0.00185688 -0.00183675 -0.00191468 -0.00191118 -0.00180151 -0.00182974 -0.00190446 -0.00185939 -0.00196238 -0.00195726 -0.0018296 -0.00193315 -0.00188525 -0.00176695 -0.00183863 -0.00188641 -0.00187936 -0.00188081 -0.00177099 -0.00180753 -0.00181758 -0.00188252 -0.0019231 -0.00186726 -0.00181346 -0.00178787 -0.00182921 -0.00185695 -0.00193667 -0.00188322 -0.00185392 -0.00185714 -0.00193565 -0.00189213 -0.00188579 -0.00189163 -0.00194521 -0.0018131 -0.00181845 -0.00197762 -0.00185282 -0.00190728 -0.00187466 -0.00184946 -0.00189625 -0.00190939 -0.00186934 -0.001855 -0.00185878 -0.00184227 
-0.00179163 -0.00178849 -0.00179036 -0.00172938 -0.00180667 -0.00197277 -0.00198057 -0.00192945 -0.0019902 -0.0020166 -0.00183272 -0.00210136 -0.0019599 -0.00215789 -0.00198972 -0.00198138 -0.00181839 -0.00166643 -0.00150639 0.00242898 0.00281474 0.00278783 0.00283543 0.141321 0.00301148 0.00296564 0.00256445 0.00236354 -0.00150303 -0.001447 -0.00164527 -0.00170241 -0.00161217 -0.00195222 -0.0017903 -0.00179648 -0.00184165 -0.00185302 -0.00191536 -0.00185882 -0.00184518 -0.00181842 -0.00188137 -0.00182429 -0.0018646 -0.00184368 -0.00181968 -0.00182637 -0.00182863 -0.00173869 -0.00172433 -0.00178092 -0.00182998 -0.00186494 -0.00176249 -0.00181725 -0.0017401 -0.00183028 -0.00186093 -0.00172862 -0.00180386 -0.00178172 -0.00171312 -0.00170761 -0.00181989 -0.00178308 -0.00172794 -0.00176946 -0.00172867 -0.00182908 -0.0017011 -0.00176064 -0.00178272 -0.00184938 -0.00164033 -0.00173326 -0.00167237 -0.00172501 -0.00172417 -0.00177115 -0.00182418 -0.00179224 -0.00169121 -0.00177405 -0.00168773 -0.00178407 -0.00168697 -0.00176529 -0.00171784 -0.00175589 -0.0016923 -0.0017659 -0.00178843 -0.0017577 -0.00173654 -0.00185761 -0.00178696 -0.00177923 -0.00183428 -0.00163145 
-0.00192575 -0.00199532 -0.00194172 -0.00193631 -0.00204716 -0.00211369 -0.00208012 -0.00215337 -0.00217407 -0.00201311 -0.00221613 -0.00229492 -0.00217971 -0.00235586 -0.00214362 -0.00210977 -0.00195235 -0.00180125 -0.00189891 0.00275474 0.002854 0.00287579 0.00289592 0.00301148 0.146024 0.0031834 0.00279252 0.00268656 0.0024074 0.00251094 -0.00154406 -0.00169244 -0.00175917 -0.00191318 -0.00189406 -0.00211343 -0.00207602 -0.00204206 -0.00211822 -0.00199422 -0.00205701 -0.00203696 -0.00206673 -0.00203594 -0.00199075 -0.00203408 -0.00192397 -0.00188034 -0.00195463 -0.00194899 -0.00186103 -0.00192799 -0.00189338 -0.00196897 -0.00190356 -0.00198998 -0.00193385 -0.00194448 -0.00194767 -0.00197716 -0.00186903 -0.0018405 -0.0017416 -0.00181947 -0.00194483 -0.00192828 -0.00186974 -0.0018935 -0.00192571 -0.00199187 -0.00184486 -0.00191117 -0.00188094 -0.00183572 -0.00182431 -0.00191754 -0.00186828 -0.0019737 -0.00196067 -0.00195291 -0.00192397 -0.00199512 -0.00196624 -0.0019734 -0.00194113 -0.00199166 -0.00180941 -0.00185488 -0.00185074 -0.00193052 -0.00193143 -0.00191497 -0.00194384 -0.00192169 -0.00189332 -0.00188474 -0.00189398 -0.00200547 -0.00192 -0.00189866 
-0.00192407 -0.00192679 -0.0018336 -0.0018954 -0.00194658 -0.00206944 -0.00209049 -0.00209777 -0.00210086 -0.00203852 -0.00220918 -0.00225682 -0.00219515 -0.00240458 -0.00227156 -0.00233309 -0.00214807 -0.00197035 -0.00183437 -0.00176176 0.00265168 0.00262523 0.0027086 0.00296564 0.0031834 0.144298 0.00291132 0.00261679 0.00258221 0.00264269 0.00239054 -0.00158743 -0.00157146 -0.00179115 -0.00181779 -0.00178751 -0.00197637 -0.00207733 -0.00208831 -0.0020494 -0.00191277 -0.00195772 -0.00205833 -0.00197953 -0.0020102 -0.00200487 -0.00189578 -0.00189175 -0.0018566 -0.00194685 -0.00188768 -0.00179412 -0.00192015 -0.00192133 -0.00192618 -0.0019947 -0.00185648 -0.0018964 -0.00184009 -0.00200538 -0.00198105 -0.00191978 -0.00177898 -0.00175249 -0.00194725 -0.00178979 -0.00193581 -0.00190506 -0.00189009 -0.00195495 -0.00185374 -0.00185162 -0.00191958 -0.0019149 -0.00183154 -0.00182017 -0.00181808 -0.00189096 -0.00183601 -0.00194537 -0.00186124 -0.00181725 -0.00194427 -0.00190417 -0.001918 -0.00191925 -0.00182645 -0.00184453 -0.00176086 -0.00191234 -0.00195397 -0.00185412 -0.00182707 -0.00190441 -0.00185043 -0.00183005 -0.0018576 -0.00188058 -0.00197045 -0.00179005 
-0.00173372 -0.00180368 -0.00175643 -0.00178839 -0.00182334 -0.00188224 -0.00190909 -0.00192991 -0.00199421 -0.00193693 -0.00205584 -0.00206885 -0.00204565 -0.00212448 -0.00212654 -0.00208129 -0.00218956 -0.00205904 -0.00211535 -0.00185337 -0.00176948 -0.00163738 0.00247403 0.00256445 0.00279252 0.00291132 0.13904 0.00296857 0.00255771 0.00261441 0.0023758 0.00232551 -0.0014749 -0.00152898 -0.0016608 -0.00165085 -0.00177659 -0.00189956 -0.00185796 -0.00180904 -0.00187808 -0.00181963 -0.00185457 -0.00197369 -0.00184422 -0.00191253 -0.0017863 -0.00176189 -0.00182892 -0.00176524 -0.00172218 -0.00176967 -0.00175669 -0.00176104 -0.00177044 -0.00179643 -0.00178952 -0.00181765 -0.00182101 -0.00180232 -0.00181904 -0.00181753 -0.00173971 -0.00162089 -0.0017383 -0.00183023 -0.00178591 -0.00176245 -0.00171521 -0.00178768 -0.00179664 -0.0017536 -0.00178955 -0.00182743 -0.00167495 -0.00163771 -0.00172031 -0.00180321 -0.00177551 -0.00173354 -0.0017977 -0.00179691 -0.0017124 -0.00173032 -0.00172697 -0.00173149 -0.00163704 -0.00176096 -0.00168562 -0.0017823 -0.00177996 -0.00180779 -0.00174365 -0.0017622 -0.0018028 -0.00175076 -0.00179237 -0.00165289 -0.00173534 -0.00172967 
-0.00182453 -0.00175925 -0.00176334 -0.00167769 -0.00173133 -0.00189986 -0.00199141 -0.00199819 -0.00204044 -0.00192942 -0.00204077 -0.0020927 -0.00198454 -0.00208504 -0.00211625 -0.00213971 -0.00223103 -0.00213082 -0.00207998 -0.00201448 -0.00187889 -0.00166235 -0.00162136 0.00236354 0.00268656 0.00261679 0.00296857 0.13737 0.00272683 0.00273762 0.00257358 0.00239208 0.0023101 -0.00131273 -0.00142887 -0.00156008 -0.00161956 -0.001782 -0.00181697 -0.0018411 -0.00180188 -0.00181145 -0.00187095 -0.001911 -0.00184024 -0.00184595 -0.00177736 -0.00172087 -0.00178937 -0.00177174 -0.00171415 -0.00169725 -0.00174329 -0.00182086 -0.00172423 -0.00177037 -0.00167932 -0.00176905 -0.00177722 -0.00181965 -0.00176296 -0.00172976 -0.0015926 -0.0016479 -0.00170391 -0.00171982 -0.00172753 -0.00171776 -0.00164879 -0.00180215 -0.00171662 -0.00172144 -0.00166943 -0.00169841 -0.00161573 -0.00159533 -0.00170156 -0.00177239 -0.00170023 -0.00178795 -0.00171852 -0.00172515 -0.00174549 -0.00166427 -0.00175915 -0.00181562 -0.00171128 -0.00177592 -0.00165847 -0.00176426 -0.00177187 -0.0017563 -0.00176642 -0.00171465 -0.00174344 -0.00173479 -0.00181907 -0.00176951 -0.00183177 -0.00175675 
-0.00170895 -0.00177275 -0.00172278 -0.00166694 -0.00173949 -0.00187598 -0.0019484 -0.00187892 -0.00196662 -0.00192205 -0.00196212 -0.00209442 -0.00195376 -0.00209973 -0.00199675 -0.00199263 -0.00218845 -0.00207197 -0.00197565 -0.00202448 -0.00182497 -0.00187798 -0.00160891 -0.00150303 0.0024074 0.00258221 0.00255771 0.00272683 0.135304 0.00275657 0.00269075 0.00239829 0.00231095 0.00224608 -0.00137388 -0.0013818 -0.00152262 -0.00162857 -0.0017605 -0.00186472 -0.00175145 -0.00178464 -0.00189647 -0.00177734 -0.00181701 -0.00183291 -0.00174709 -0.00174045 -0.0017642 -0.00168182 -0.00170163 -0.00168359 -0.00172452 -0.00171769 -0.00171684 -0.00167045 -0.00169874 -0.00177446 -0.00173715 -0.0017455 -0.00172037 -0.00174573 -0.0016713 -0.00168953 -0.00174397 -0.00171138 -0.00174171 -0.00183833 -0.00174692 -0.00173245 -0.00167229 -0.00166247 -0.00168585 -0.00165775 -0.00166805 -0.00158595 -0.00155 -0.00172642 -0.00173744 -0.00165399 -0.00169187 -0.00181172 -0.00173222 -0.00174003 -0.00174 -0.00168473 -0.00167995 -0.00164899 -0.00159588 -0.00170257 -0.00164634 -0.00165351 -0.00177637 -0.00178262 -0.00169526 -0.00175695 -0.00164479 -0.00178778 -0.00174622 -0.00164719 
-0.00166391 -0.00170957 -0.00168554 -0.00179578 -0.00175103 -0.00179904 -0.00190158 -0.00192293 -0.0019975 -0.00181961 -0.00203524 -0.00197119 -0.00196217 -0.00208238 -0.00198267 -0.00206483 -0.00220146 -0.00219464 -0.0021507 -0.00211037 -0.00184897 -0.00185916 -0.00170426 -0.001447 0.00251094 0.00264269 0.00261441 0.00273762 0.00275657 0.133922 0.00258455 0.00236689 0.00233198 0.00218247 -0.001234 -0.00131823 -0.00151132 -0.00158965 -0.00167063 -0.00179787 -0.00171652 -0.00162517 -0.0019028 -0.00182873 -0.00172887 -0.00180668 -0.00168894 -0.00169233 -0.00163933 -0.00173737 -0.00162945 -0.00173252 -0.00168436 -0.00174728 -0.0016375 -0.00163281 -0.00170803 -0.00168505 -0.00169501 -0.00172952 -0.00171285 -0.00162217 -0.00160297 -0.00158778 -0.00171717 -0.0017056 -0.00158611 -0.00169733 -0.00155652 -0.00171142 -0.00165295 -0.0017201 -0.00166665 -0.00168684 -0.00159716 -0.00159589 -0.00160089 -0.00172979 -0.00163124 -0.0017165 -0.00168012 -0.00170905 -0.00163509 -0.00178011 -0.00174051 -0.00174341 -0.00170184 -0.00176028 -0.00168254 -0.00170846 -0.00169851 -0.00176371 -0.00167416 -0.00171928 -0.00174404 -0.00178801 -0.00179901 -0.00168823 -0.00176368 -0.00174092 
-0.00181106 -0.00170261 -0.00165636 -0.00176676 -0.00169549 -0.00187807 -0.00197817 -0.00195972 -0.00189682 -0.00191483 -0.00199942 -0.00199632 -0.00205384 -0.00210371 -0.00206463 -0.0021327 -0.00224342 -0.00208788 -0.00215739 -0.00223706 -0.00207882 -0.00202685 -0.00184138 -0.00164527 -0.00154406 0.00239054 0.0023758 0.00257358 0.00269075 0.00258455 0.134895 0.00263253 0.00261441 0.00246303 0.00216148 0.00226429 -0.00134917 -0.00133092 -0.00160934 -0.00165394 -0.00180032 -0.0017517 -0.00185367 -0.00182928 -0.00188758 -0.00183286 -0.00176888 -0.00177971 -0.00185326 -0.00181472 -0.00173551 -0.0016788 -0.00186633 -0.00178301 -0.00173685 -0.00169276 -0.00173181 -0.00176562 -0.00177281 -0.00179364 -0.00164207 -0.00180619 -0.001714 -0.00171544 -0.00176163 -0.0017797 -0.00172359 -0.00173832 -0.00172975 -0.0017743 -0.0017062 -0.00172634 -0.00176445 -0.00174628 -0.00168448 -0.00167674 -0.00175461 -0.00172955 -0.00177602 -0.00176355 -0.0017405 -0.00170908 -0.0017098 -0.00176926 -0.00179454 -0.00165919 -0.00175931 -0.00166709 -0.00164833 -0.00170966 -0.00176791 -0.00177843 -0.00173454 -0.0017798 -0.00173563 -0.00179633 -0.00183967 -0.00180718 -0.00177321 -0.00160836 
-0.00168093 -0.00170441 -0.00173853 -0.00176429 -0.00183653 -0.00189385 -0.00183912 -0.00195146 -0.00185688 -0.00179563 -0.00191199 -0.00210144 -0.00194191 -0.00204529 -0.00190575 -0.00205756 -0.00217151 -0.00223623 -0.00211021 -0.00210722 -0.00213876 -0.00210052 -0.001984 -0.00170241 -0.00169244 -0.00158743 0.00232551 0.00239208 0.00239829 0.00236689 0.00263253 0.132769 0.00262283 0.00246724 0.00224632 0.00223639 0.00205006 -0.00133584 -0.00134249 -0.00156474 -0.001667 -0.00159255 -0.00186431 -0.00169699 -0.00172476 -0.00184753 -0.00176835 -0.00168021 -0.00171327 -0.0017096 -0.00172728 -0.00173329 -0.0017145 -0.00174023 -0.00171815 -0.00177421 -0.00169461 -0.00168598 -0.00168308 -0.00166321 -0.00169147 -0.00170444 -0.0016452 -0.00157203 -0.00170653 -0.00168654 -0.00180543 -0.00177098 -0.00167189 -0.00176876 -0.0016957 -0.00169642 -0.00171263 -0.00169555 -0.00172318 -0.00158413 -0.00158393 -0.00170526 -0.00169287 -0.00168173 -0.00169098 -0.00163847 -0.00172454 -0.00165709 -0.0017095 -0.00171203 -0.00167041 -0.00163866 -0.00171058 -0.00169416 -0.00176437 -0.00173893 -0.00172574 -0.0018154 -0.0017209 -0.00173662 -0.00172133 -0.0017575 -0.00171573 -0.00167092 
-0.00163153 -0.00172519 -0.00174038 -0.00174661 -0.00176243 -0.00179108 -0.00187956 -0.00189423 -0.00196991 -0.00184729 -0.00195447 -0.00204277 -0.00187783 -0.00203396 -0.00197718 -0.00214111 -0.00219384 -0.00219437 -0.00208748 -0.00217575 -0.00207023 -0.00210427 -0.00200527 -0.00161217 -0.00175917 -0.00157146 -0.0014749 0.0023101 0.00231095 0.00233198 0.00261441 0.00262283 0.131607 0.00252186 0.0022768 0.00234027 0.00218216 0.00198047 -0.00124788 -0.0014001 -0.00155712 -0.00158789 -0.00172966 -0.00176648 -0.00177237 -0.00180099 -0.00179249 -0.00175496 -0.00172216 -0.00168271 -0.00167251 -0.0016287 -0.00163605 -0.00173043 -0.00175442 -0.00161782 -0.00164772 -0.00158566 -0.00177115 -0.00160779 -0.00168583 -0.00172115 -0.00157018 -0.0015872 -0.00162472 -0.00175143 -0.00169142 -0.00165697 -0.00164503 -0.00166598 -0.00168955 -0.00172083 -0.00167202 -0.00160232 -0.00166181 -0.00164014 -0.00168218 -0.00168736 -0.00166175 -0.00173928 -0.00174952 -0.00165665 -0.00176914 -0.00163584 -0.00172545 -0.00166454 -0.00164477 -0.00158794 -0.00165169 -0.00170218 -0.00182576 -0.0016613 -0.00174646 -0.00169745 -0.00174071 -0.00180961 -0.001721 -0.00164981 -0.00169272 -0.00167778 
