0.123003 0.00223094 0.0022358 0.00211623 0.00207679 0.00201939 -0.00114274 -0.00120525 -0.00135757 -0.00145478 -0.0016864 -0.00170813 -0.00169097 -0.00176467 -0.00185516 -0.0017572 -0.00197597 -0.00182797 -0.00188113 -0.00202679 -0.00190643 -0.0019145 -0.00196323 -0.0018293 -0.00195338 -0.00184856 -0.00185053 -0.00167541 -0.00177549 -0.00176705 -0.00176534 -0.00171726 -0.00172192 -0.00161017 -0.00158698 -0.0015953 -0.00153777 -0.00168684 -0.00164659 -0.00157231 -0.00150976 -0.00156911 -0.00157844 -0.00166104 -0.00163907 -0.00163052 -0.00150035 -0.00155158 -0.00150682 -0.00151146 -0.00164948 -0.00155419 -0.00145148 -0.00150106 -0.00151276 -0.00152717 -0.00140512 -0.00147147 -0.00156406 -0.00151807 -0.0015037 -0.00150285 -0.00149557 -0.00137556 -0.0015512 -0.00150359 -0.00155506 -0.00151988 -0.00145687 -0.00151754 -0.00151456 -0.0015649 -0.00154341 -0.0015294 -0.00149205 -0.00148537 -0.00149955 -0.00151892 -0.00152147 -0.00153598 -0.00144516 -0.00145772 -0.00150074 -0.00151186 -0.00144855 -0.00153704 -0.00143945 -0.00146384 -0.00145938 -0.00156521 -0.00140189 -0.00136104 -0.00132048 -0.00111205 -0.00121718 -0.00114753 0.00178892 0.00189588 0.00212486 0.00215731 
0.00223094 0.123257 0.00222906 0.00216809 0.00205855 0.00211575 0.00200661 -0.00116767 -0.0013148 -0.00135105 -0.00151607 -0.00161129 -0.00167857 -0.00182546 -0.00180531 -0.00172876 -0.00195667 -0.00191815 -0.00192044 -0.00198214 -0.00186259 -0.00188249 -0.0018858 -0.00187892 -0.0018959 -0.00195558 -0.00176629 -0.00178168 -0.00163452 -0.00162327 -0.00177268 -0.00172299 -0.00173379 -0.00170717 -0.00156116 -0.00160203 -0.0015981 -0.00164919 -0.00165239 -0.00163099 -0.00161612 -0.00157422 -0.00168196 -0.00161774 -0.00165892 -0.00163584 -0.00149806 -0.00145719 -0.00151172 -0.0015095 -0.00150732 -0.0014972 -0.00150712 -0.00162747 -0.0015138 -0.00159073 -0.00149993 -0.00145209 -0.00161314 -0.00142243 -0.00138719 -0.0014949 -0.0014186 -0.00149739 -0.00158688 -0.00151107 -0.00143648 -0.00150332 -0.00149205 -0.00150589 -0.00148978 -0.00156975 -0.00150874 -0.00158648 -0.00148088 -0.00142431 -0.00148968 -0.00148947 -0.00152937 -0.00148856 -0.00152351 -0.00147676 -0.00149215 -0.00157044 -0.00157547 -0.00147273 -0.00148123 -0.00147842 -0.00140139 -0.00153956 -0.00149661 -0.00153956 -0.00143936 -0.00130997 -0.00126989 -0.00116787 -0.00114238 0.00172013 0.00198452 0.00206371 
0.0022358 0.00222906 0.123759 0.00230426 0.00223317 0.00220555 0.00208067 0.00199301 -0.00125547 -0.00127765 -0.00145642 -0.00153848 -0.00164274 -0.00185914 -0.0018709 -0.00189122 -0.00193672 -0.00186954 -0.0018629 -0.00200054 -0.00193415 -0.00187496 -0.00177552 -0.00173572 -0.00189309 -0.00179343 -0.0018456 -0.00171308 -0.00174586 -0.00182131 -0.00174211 -0.00171113 -0.0016686 -0.00164644 -0.00160044 -0.00159248 -0.00164012 -0.00159231 -0.0015835 -0.00158056 -0.00161489 -0.00159904 -0.00166093 -0.00166533 -0.00165337 -0.00165207 -0.00162625 -0.00161355 -0.00151375 -0.00159363 -0.00154253 -0.0016437 -0.0015472 -0.00156506 -0.00158839 -0.00161614 -0.00161094 -0.00148894 -0.0014998 -0.00156286 -0.00159608 -0.00157668 -0.00145668 -0.0014166 -0.00143148 -0.0014948 -0.00145056 -0.00147433 -0.00152688 -0.00155871 -0.00160102 -0.00153298 -0.00142656 -0.00150629 -0.00150415 -0.00144085 -0.00137414 -0.00145206 -0.00145732 -0.00146857 -0.00145942 -0.00155999 -0.0015013 -0.00152923 -0.00157404 -0.00147142 -0.00145669 -0.00151375 -0.00144853 -0.0015652 -0.00149713 -0.00149806 -0.00158876 -0.00145657 -0.00141577 -0.00133571 -0.0013022 -0.00119468 0.00194126 0.00194356 
0.00211623 0.00216809 0.00230426 0.124193 0.00217995 0.00232469 0.00210507 0.00205475 0.00209311 -0.00116769 -0.00139232 -0.00144933 -0.00147607 -0.00164595 -0.00181236 -0.0017675 -0.00195978 -0.00189597 -0.0019336 -0.00201452 -0.00201422 -0.00194077 -0.00182702 -0.00184029 -0.00196067 -0.00190145 -0.00170782 -0.00176301 -0.00170988 -0.00173914 -0.00171258 -0.00166572 -0.00180102 -0.00172957 -0.00164065 -0.00161837 -0.00165412 -0.00162848 -0.00167563 -0.00165035 -0.0015333 -0.00162502 -0.00169067 -0.00154024 -0.00163428 -0.00166956 -0.00154639 -0.00162965 -0.00156275 -0.00155038 -0.00157519 -0.00156056 -0.00151529 -0.00155519 -0.00155585 -0.00161066 -0.00154084 -0.00156574 -0.00155798 -0.001512 -0.00157135 -0.00151199 -0.00149313 -0.00144339 -0.00148712 -0.00159001 -0.00151689 -0.00152184 -0.00155016 -0.0015389 -0.0015321 -0.0014718 -0.00151938 -0.0014733 -0.00148331 -0.00143576 -0.00146199 -0.0014746 -0.00155552 -0.00152945 -0.00145231 -0.0015754 -0.00156024 -0.00139196 -0.00161377 -0.00148102 -0.00149013 -0.00154302 -0.00147383 -0.00154539 -0.00145011 -0.00147323 -0.0015932 -0.00150844 -0.00154257 -0.0014992 -0.0013755 -0.00128471 -0.00121816 0.00192267 
0.00207679 0.00205855 0.00223317 0.00217995 0.125086 0.0024288 0.00242147 0.00227289 0.00233611 0.00217619 -0.00124953 -0.00142219 -0.00144822 -0.00162722 -0.00173444 -0.00185333 -0.00197706 -0.00192992 -0.00189128 -0.00200312 -0.00190221 -0.00196454 -0.00193642 -0.0018441 -0.0020349 -0.00188236 -0.00181447 -0.00184887 -0.00166637 -0.00181706 -0.00177551 -0.00183705 -0.00174547 -0.00175221 -0.00168369 -0.00158379 -0.00168782 -0.00165425 -0.00161414 -0.00170924 -0.00160243 -0.0016285 -0.0016655 -0.00161801 -0.00158414 -0.00167527 -0.00153254 -0.001549 -0.00156992 -0.00150827 -0.00160388 -0.00155285 -0.00155531 -0.00159701 -0.00158944 -0.00159853 -0.00152434 -0.00151037 -0.00156052 -0.00153058 -0.00155603 -0.00150333 -0.00150255 -0.00150315 -0.00155222 -0.00159816 -0.00158441 -0.00156083 -0.00156156 -0.00150897 -0.00147651 -0.001478 -0.00155807 -0.00156251 -0.00143185 -0.00152231 -0.00156468 -0.00149085 -0.0015138 -0.00150854 -0.00158606 -0.00149615 -0.00160458 -0.00157686 -0.00152302 -0.00152446 -0.00161503 -0.00155186 -0.00150022 -0.00155793 -0.00163335 -0.00158563 -0.00153359 -0.00151514 -0.00158466 -0.00160399 -0.00148594 -0.00134134 -0.00126881 -0.00119542 
0.00201939 0.00211575 0.00220555 0.00232469 0.0024288 0.128247 0.00243989 0.00230567 0.00223631 0.00225519 0.00208904 -0.0015067 -0.00136023 -0.00171724 -0.00179726 -0.00192476 -0.00206988 -0.00199285 -0.00197506 -0.00205709 -0.00200864 -0.00203417 -0.00204873 -0.00188579 -0.00197383 -0.00207849 -0.00188332 -0.00182907 -0.00186188 -0.00184866 -0.00188665 -0.00192367 -0.0018586 -0.00186281 -0.00175461 -0.00178343 -0.0018188 -0.00172182 -0.00176402 -0.00180811 -0.00163419 -0.00173501 -0.00172581 -0.00175096 -0.00165334 -0.00170885 -0.00167514 -0.00168852 -0.00172751 -0.00161706 -0.00158016 -0.00170479 -0.00169718 -0.00160367 -0.00173417 -0.00165022 -0.00153079 -0.00158289 -0.00160037 -0.00162341 -0.00160536 -0.00161936 -0.001591 -0.00152012 -0.00164304 -0.00160159 -0.00155967 -0.00155843 -0.0015947 -0.00170801 -0.00157427 -0.00167712 -0.00162787 -0.00160772 -0.00149778 -0.00159287 -0.0015088 -0.00162863 -0.0015987 -0.00157465 -0.00161853 -0.00164546 -0.00161345 -0.00162165 -0.00163064 -0.00167397 -0.00158534 -0.00155014 -0.00151007 -0.00162882 -0.00164514 -0.00170532 -0.00163677 -0.00169301 -0.00161415 -0.0015891 -0.0015846 -0.00140532 -0.00135449 -0.0012112 
-0.00114274 0.00200661 0.00208067 0.00210507 0.00242147 0.00243989 0.128972 0.00243613 0.0024912 0.00235891 0.00221816 0.00209491 -0.00124867 -0.00148912 -0.00169716 -0.00172344 -0.00193068 -0.00196257 -0.00210466 -0.00215394 -0.00213012 -0.00203495 -0.00204179 -0.00194117 -0.00212927 -0.00219771 -0.00198964 -0.00190995 -0.00190936 -0.00184008 -0.00191297 -0.00190222 -0.00185966 -0.00182857 -0.00180199 -0.00177666 -0.00171078 -0.00181312 -0.00173091 -0.00182615 -0.00173292 -0.00164074 -0.00181966 -0.00177 -0.0017631 -0.00181588 -0.00168012 -0.00167704 -0.00164071 -0.00168122 -0.0016831 -0.00162159 -0.00164984 -0.00152661 -0.00164896 -0.00167027 -0.00170975 -0.00158925 -0.00160185 -0.00166543 -0.0016425 -0.00159744 -0.00152186 -0.00160666 -0.00174452 -0.00155828 -0.00166354 -0.00168844 -0.00161851 -0.00165216 -0.00165693 -0.0017029 -0.00162637 -0.00162116 -0.00158347 -0.00152731 -0.0015518 -0.00162018 -0.00159662 -0.00163562 -0.00164007 -0.00162317 -0.00164531 -0.00160647 -0.00162131 -0.00164348 -0.00164875 -0.0015662 -0.00152783 -0.00165146 -0.00165052 -0.00163844 -0.00165721 -0.001675 -0.00160191 -0.00159507 -0.00158025 -0.00156036 -0.00146893 -0.00127868 
-0.00120525 -0.00116767 0.00199301 0.00205475 0.00227289 0.00230567 0.00243613 0.129993 0.00256635 0.00241958 0.00253988 0.00221333 0.00226344 -0.00145782 -0.00157014 -0.00166721 -0.00189075 -0.00201736 -0.00203675 -0.00218043 -0.00207355 -0.0021346 -0.00208868 -0.00197248 -0.00213067 -0.00211616 -0.00183642 -0.00198611 -0.00191526 -0.00192592 -0.00190196 -0.00199373 -0.00194998 -0.00186875 -0.00168999 -0.00171957 -0.00184372 -0.00183125 -0.00179652 -0.00182537 -0.00173138 -0.00162643 -0.00176406 -0.00178091 -0.00173554 -0.00176493 -0.00168948 -0.00166626 -0.00150398 -0.00165388 -0.00178547 -0.00160145 -0.00160681 -0.00174763 -0.00157331 -0.00161315 -0.00163676 -0.00157493 -0.00157024 -0.00165288 -0.00169879 -0.00162436 -0.00154804 -0.00163066 -0.00169852 -0.00168417 -0.00166239 -0.00168425 -0.00170572 -0.00167508 -0.00161883 -0.00159525 -0.00170271 -0.00170552 -0.00159189 -0.00167083 -0.00149439 -0.00165745 -0.00166631 -0.00172484 -0.00166761 -0.00166357 -0.00162469 -0.0016424 -0.00167816 -0.00163602 -0.00163845 -0.00176211 -0.00164096 -0.00176807 -0.00165548 -0.00166083 -0.00173373 -0.00160094 -0.00160847 -0.00165477 -0.00167938 -0.00171457 -0.00150419 -0.00140999 
-0.00135757 -0.0013148 -0.00125547 0.00209311 0.00233611 0.00223631 0.0024912 0.00256635 0.131279 0.00254151 0.00243537 0.00239408 0.00233644 0.0022088 -0.00148799 -0.00156751 -0.00186363 -0.00197391 -0.00192916 -0.00215736 -0.00203199 -0.0020861 -0.00217293 -0.00192583 -0.00214124 -0.00203982 -0.00194479 -0.00195725 -0.00195395 -0.00188001 -0.00198109 -0.00191182 -0.00195411 -0.0019605 -0.00176467 -0.00171603 -0.00193921 -0.00176395 -0.00172019 -0.00180194 -0.00169131 -0.00168034 -0.00182812 -0.00178204 -0.00178534 -0.0017769 -0.00172841 -0.00175935 -0.00163781 -0.00166032 -0.00177198 -0.00167224 -0.00159478 -0.00170109 -0.0017734 -0.00167779 -0.00171855 -0.00175272 -0.00165094 -0.00167908 -0.00174662 -0.00168402 -0.00165323 -0.00157757 -0.00167014 -0.00169348 -0.00170563 -0.0017471 -0.00173706 -0.00169744 -0.00166924 -0.00159624 -0.00164502 -0.00166471 -0.00158975 -0.00158639 -0.00167342 -0.00170252 -0.00167466 -0.00169973 -0.00176119 -0.00171827 -0.00169359 -0.0017266 -0.00172728 -0.00163732 -0.00170158 -0.00156218 -0.00156416 -0.001777 -0.00171326 -0.00162731 -0.0017059 -0.00177126 -0.00170809 -0.00173005 -0.00161542 -0.00168601 -0.00163158 -0.00156861 
-0.00145478 -0.00135105 -0.00127765 -0.00116769 0.00217619 0.00225519 0.00235891 0.00241958 0.00254151 0.130238 0.00257501 0.00238403 0.00244822 0.0022828 -0.00141841 -0.00147424 -0.00183987 -0.00185931 -0.00196345 -0.00209675 -0.00198214 -0.00205379 -0.00199836 -0.00199251 -0.00212391 -0.00211947 -0.0019227 -0.00186707 -0.00190113 -0.00185679 -0.00190215 -0.00188092 -0.00191273 -0.00187836 -0.00171983 -0.00165394 -0.00174619 -0.00169926 -0.00172592 -0.00176719 -0.00174671 -0.00160459 -0.00176694 -0.00179956 -0.00163727 -0.00173178 -0.00166467 -0.00168412 -0.00166433 -0.0015731 -0.00165937 -0.00158596 -0.0017577 -0.00165385 -0.00168054 -0.00174804 -0.00163159 -0.00159228 -0.00170008 -0.00162302 -0.00161953 -0.00167224 -0.00156977 -0.00166104 -0.00170167 -0.00156209 -0.00164091 -0.00162087 -0.00155164 -0.00164108 -0.00161113 -0.00165443 -0.00162457 -0.0016332 -0.00160498 -0.00157781 -0.0015208 -0.00161345 -0.00166219 -0.00153984 -0.00159277 -0.0016313 -0.00164961 -0.0016376 -0.00161615 -0.00160721 -0.00156616 -0.00156178 -0.00152875 -0.00164094 -0.00156951 -0.00158691 -0.00168105 -0.00157336 -0.00159161 -0.00167822 -0.00170293 -0.00168794 -0.0016127 -0.00156682 
-0.0016864 -0.00151607 -0.00145642 -0.00139232 -0.00124953 0.00208904 0.00221816 0.00253988 0.00243537 0.00257501 0.134674 0.00278827 0.00265764 0.00258601 0.00231015 0.00233107 -0.00157259 -0.00179935 -0.00169886 -0.00191702 -0.00218408 -0.00207311 -0.00219317 -0.00201949 -0.00227154 -0.00221103 -0.00210563 -0.00208866 -0.00212773 -0.00199904 -0.00197369 -0.00210707 -0.00196364 -0.00203443 -0.00191935 -0.00184813 -0.00190389 -0.00185993 -0.00181814 -0.00185119 -0.00179225 -0.00180506 -0.00182664 -0.001858 -0.00182352 -0.00175877 -0.00172772 -0.00179449 -0.00172986 -0.00172166 -0.00175173 -0.0017631 -0.0017454 -0.00168072 -0.00175962 -0.00169294 -0.00170153 -0.00176202 -0.00174051 -0.00163485 -0.00176088 -0.00175779 -0.00162863 -0.00166701 -0.00169869 -0.00172911 -0.00173333 -0.0017414 -0.00177923 -0.00175656 -0.00171207 -0.00178232 -0.00175939 -0.00174132 -0.00168895 -0.00169266 -0.00166318 -0.00173704 -0.00170107 -0.00172411 -0.00173254 -0.00174572 -0.00166672 -0.00182731 -0.00170473 -0.00172584 -0.00175752 -0.00174897 -0.00167563 -0.00174367 -0.00174833 -0.0017435 -0.00170106 -0.00187812 -0.00176657 -0.00174574 -0.00176386 -0.0017806 -0.00170104 -0.00168024 
-0.00170813 -0.00161129 -0.00153848 -0.00144933 -0.00142219 -0.0015067 0.00209491 0.00221333 0.00239408 0.00238403 0.00278827 0.13654 0.00271815 0.00270036 0.00247394 0.00260288 0.00241627 -0.00159195 -0.00169699 -0.00193231 -0.00200531 -0.00208463 -0.00215268 -0.0020701 -0.0022854 -0.00231911 -0.00207237 -0.00200976 -0.00211369 -0.00199497 -0.00207902 -0.00195865 -0.00192438 -0.00197173 -0.00184696 -0.001873 -0.00199418 -0.00191831 -0.00192684 -0.00186811 -0.00184906 -0.00177245 -0.00182445 -0.00191199 -0.0018975 -0.00183969 -0.00176346 -0.00180127 -0.00189757 -0.00178119 -0.00177179 -0.00173787 -0.00175407 -0.00173331 -0.00171109 -0.00176533 -0.00179376 -0.00173226 -0.00180912 -0.00174988 -0.00175981 -0.00170161 -0.0016913 -0.00167246 -0.00179696 -0.00181885 -0.00180918 -0.00197295 -0.00182016 -0.00178241 -0.0018181 -0.00176358 -0.00182652 -0.00168738 -0.00157584 -0.00173791 -0.00175684 -0.00173847 -0.00176776 -0.00176007 -0.00181121 -0.00181666 -0.00162179 -0.00176097 -0.00178064 -0.00180127 -0.00175485 -0.00176177 -0.00168825 -0.00172166 -0.00183059 -0.0017848 -0.00172852 -0.00187793 -0.00178945 -0.00173658 -0.0017503 -0.00174914 -0.00176772 -0.00171022 
-0.00169097 -0.00167857 -0.00164274 -0.00147607 -0.00144822 -0.00136023 -0.00124867 0.00226344 0.00233644 0.00244822 0.00265764 0.00271815 0.135439 0.00279736 0.00248788 0.00247604 0.0023532 -0.00155013 -0.00160645 -0.00182331 -0.0019661 -0.00204619 -0.00210045 -0.00198284 -0.00213704 -0.0021981 -0.00204546 -0.0019618 -0.00204215 -0.00190243 -0.00198987 -0.00200233 -0.00194747 -0.00186415 -0.00183888 -0.00184119 -0.00188626 -0.00181411 -0.0017892 -0.00182287 -0.00182325 -0.00171307 -0.00192336 -0.00192988 -0.00181441 -0.00181191 -0.00170757 -0.00164072 -0.00174006 -0.0016928 -0.00163634 -0.00173673 -0.00172497 -0.0016769 -0.00178719 -0.00175125 -0.00183237 -0.00176647 -0.00167421 -0.00175808 -0.00173933 -0.00165616 -0.00175071 -0.00169727 -0.0017501 -0.00169655 -0.00172194 -0.00172724 -0.00168616 -0.00177408 -0.00173933 -0.00177826 -0.00166992 -0.00169971 -0.00168828 -0.00168558 -0.00164331 -0.00166069 -0.00162513 -0.00169804 -0.00164412 -0.00176199 -0.00171158 -0.00173528 -0.00174408 -0.00168807 -0.0016752 -0.00159244 -0.00163562 -0.00166306 -0.00160928 -0.00173375 -0.0016712 -0.0018157 -0.00176693 -0.00169476 -0.00175675 -0.00175595 -0.00170774 -0.00168081 
-0.00176467 -0.00182546 -0.00185914 -0.00164595 -0.00162722 -0.00171724 -0.00148912 -0.00145782 0.0022088 0.0022828 0.00258601 0.00270036 0.00279736 0.140543 0.00272528 0.00300219 0.00278965 0.00249107 0.00259285 -0.00165379 -0.00185586 -0.00183651 -0.00194448 -0.00216595 -0.00238993 -0.00233978 -0.00211065 -0.00198702 -0.00205151 -0.00201409 -0.00218016 -0.00208379 -0.0020969 -0.00205323 -0.0019703 -0.00195287 -0.00206833 -0.00196388 -0.0020709 -0.0017919 -0.00195369 -0.00194233 -0.00191994 -0.00194476 -0.00198318 -0.00182999 -0.00183083 -0.00182369 -0.00189389 -0.00191298 -0.00180988 -0.00189349 -0.00185213 -0.00188728 -0.00183277 -0.00189756 -0.00176486 -0.00179725 -0.00189755 -0.00185733 -0.00180969 -0.00182428 -0.0018011 -0.00176499 -0.00175909 -0.00181021 -0.00177846 -0.0019147 -0.0018946 -0.00183897 -0.00187589 -0.00183761 -0.00179514 -0.00182981 -0.00174364 -0.00167471 -0.00173059 -0.00190338 -0.00187416 -0.00181061 -0.00188304 -0.00186372 -0.00187208 -0.00183784 -0.00192021 -0.00179942 -0.00182308 -0.00178507 -0.00171868 -0.00190215 -0.00191415 -0.00192173 -0.00181135 -0.00181006 -0.00183222 -0.00183642 -0.00189331 -0.00192705 -0.00185406 -0.00174817 
-0.00185516 -0.00180531 -0.0018709 -0.00181236 -0.00173444 -0.00179726 -0.00169716 -0.00157014 -0.00148799 -0.00141841 0.00231015 0.00247394 0.00248788 0.00272528 0.139667 0.00297743 0.00295547 0.00267292 0.00269929 0.00248959 -0.00161604 -0.00168137 -0.00173697 -0.00189067 -0.00212712 -0.00228435 -0.00203459 -0.00200684 -0.00203735 -0.00202773 -0.0020891 -0.00212295 -0.00201911 -0.00197615 -0.00191149 -0.00184414 -0.00189756 -0.00194949 -0.00192779 -0.00184828 -0.00180871 -0.0017095 -0.00188554 -0.00184814 -0.00192003 -0.00193758 -0.00177102 -0.00177265 -0.00180481 -0.00180438 -0.0017889 -0.00182007 -0.00170814 -0.00168219 -0.00172732 -0.00185811 -0.0017467 -0.00185147 -0.00190206 -0.00182167 -0.00179154 -0.00180246 -0.00184279 -0.00170298 -0.00181876 -0.00178294 -0.00187267 -0.0017896 -0.00178861 -0.00176786 -0.00173161 -0.00181763 -0.00181086 -0.00172937 -0.0016817 -0.00165818 -0.00169631 -0.00175735 -0.00179142 -0.00182533 -0.00186571 -0.00181864 -0.00182171 -0.00182911 -0.00179582 -0.0017969 -0.001792 -0.00173961 -0.00169203 -0.00171457 -0.00184306 -0.0018575 -0.00181467 -0.0018412 -0.00170128 -0.00187952 -0.00170047 -0.00178296 -0.0017863 -0.00167826 
-0.0017572 -0.00172876 -0.00189122 -0.0017675 -0.00185333 -0.00192476 -0.00172344 -0.00166721 -0.00156751 -0.00147424 0.00233107 0.00260288 0.00247604 0.00300219 0.00297743 0.141363 0.00304675 0.00269426 0.00273235 0.00262717 -0.00170138 -0.00167634 -0.0018701 -0.00195382 -0.00220827 -0.00225905 -0.00209354 -0.00212823 -0.00217429 -0.00203677 -0.00206138 -0.00218068 -0.00204051 -0.00194555 -0.00192129 -0.00193846 -0.00188911 -0.00192975 -0.00188862 -0.00189138 -0.00188158 -0.00189748 -0.00185503 -0.00190625 -0.0020023 -0.00193118 -0.00188677 -0.00185306 -0.00186213 -0.00176727 -0.00182067 -0.00179495 -0.00186215 -0.00173486 -0.00186046 -0.0018418 -0.00177164 -0.00179005 -0.00195472 -0.00190467 -0.00174714 -0.00175547 -0.00173196 -0.00177472 -0.00181298 -0.00173053 -0.00178376 -0.00190574 -0.00177865 -0.00194973 -0.00184466 -0.00186441 -0.0017562 -0.00172657 -0.0017423 -0.00173579 -0.0017254 -0.0017639 -0.00183669 -0.00181408 -0.00174043 -0.00178264 -0.00180701 -0.00179863 -0.00181894 -0.00170706 -0.00178513 -0.00171418 -0.00179883 -0.00179093 -0.00177146 -0.00183061 -0.00179601 -0.00178571 -0.00177155 -0.00176659 -0.00180985 -0.00185998 -0.00185551 -0.00175897 
-0.00197597 -0.00195667 -0.00193672 -0.00195978 -0.00197706 -0.00206988 -0.00193068 -0.00189075 -0.00186363 -0.00183987 -0.00157259 0.00241627 0.0023532 0.00278965 0.00295547 0.00304675 0.146448 0.00311963 0.00307322 0.00311996 0.00285445 0.00272171 -0.00156744 -0.00177473 -0.00197837 -0.00215086 -0.00224496 -0.00213501 -0.00217276 -0.00215365 -0.0023492 -0.00218502 -0.00223701 -0.00212297 -0.00200175 -0.00198995 -0.00215915 -0.0020902 -0.00209165 -0.00205016 -0.00202247 -0.00198971 -0.00208374 -0.00205487 -0.00213981 -0.00213668 -0.0020056 -0.00193101 -0.00197948 -0.00198274 -0.00193147 -0.00189061 -0.00192812 -0.00195274 -0.00193083 -0.00204778 -0.00193458 -0.00196002 -0.00194931 -0.00194418 -0.00190486 -0.00187643 -0.00185529 -0.00177362 -0.00188169 -0.00200257 -0.0019106 -0.00196924 -0.00191957 -0.00190916 -0.00189257 -0.00194302 -0.00191777 -0.00186751 -0.00187025 -0.0017997 -0.00190946 -0.00186264 -0.00186191 -0.0019733 -0.00195042 -0.00195209 -0.00197763 -0.00195485 -0.00208167 -0.00198662 -0.00194472 -0.00188333 -0.00179042 -0.0019343 -0.00191559 -0.0018994 -0.00200432 -0.00191784 -0.00195784 -0.0019752 -0.00191505 -0.00194801 -0.00193734 -0.00184617 
-0.00182797 -0.00191815 -0.00186954 -0.00189597 -0.00192992 -0.00199285 -0.00196257 -0.00201736 -0.00197391 -0.00185931 -0.00179935 -0.00159195 -0.00155013 0.00249107 0.00267292 0.00269426 0.00311963 0.144895 0.0032848 0.00313512 0.00279719 0.0028448 0.00272285 -0.00167182 -0.00179695 -0.00184245 -0.00203647 -0.002133 -0.00208301 -0.00203443 -0.00227292 -0.00208564 -0.00225409 -0.00206436 -0.00203425 -0.00201365 -0.00204846 -0.00218043 -0.00199445 -0.00200249 -0.00189613 -0.00195069 -0.00190272 -0.00186764 -0.00198955 -0.00190613 -0.00181234 -0.00190463 -0.00196272 -0.00188366 -0.00191349 -0.0019181 -0.00188596 -0.00187746 -0.00188196 -0.00181899 -0.0018825 -0.00184741 -0.00184209 -0.00182104 -0.00178975 -0.00183097 -0.00170326 -0.00179845 -0.00178529 -0.00186034 -0.00183929 -0.00185728 -0.00178698 -0.00189933 -0.00185976 -0.00186836 -0.00184571 -0.00190654 -0.00181848 -0.00175516 -0.00179611 -0.00192713 -0.00194985 -0.00184496 -0.00184399 -0.00187845 -0.00181266 -0.00198542 -0.00188805 -0.0018712 -0.00189459 -0.00179429 -0.00169833 -0.00193676 -0.00192915 -0.00182836 -0.00187996 -0.00181507 -0.00186435 -0.00196138 -0.00188635 -0.00190771 -0.00189102 -0.00186499 
-0.00188113 -0.00192044 -0.0018629 -0.0019336 -0.00189128 -0.00197506 -0.00210466 -0.00203675 -0.00192916 -0.00196345 -0.00169886 -0.00169699 -0.00160645 0.00259285 0.00269929 0.00273235 0.00307322 0.0032848 0.145468 0.00305894 0.0028303 0.0028618 0.00261337 -0.00159161 -0.00173504 -0.00196931 -0.00202044 -0.00210929 -0.00205193 -0.00209987 -0.00217485 -0.0020082 -0.00217779 -0.00203933 -0.00197447 -0.00198725 -0.00205263 -0.00204948 -0.0020609 -0.00193672 -0.00191024 -0.00194379 -0.00208908 -0.00196519 -0.00192531 -0.00192226 -0.00199267 -0.00192419 -0.00185321 -0.00190724 -0.00191954 -0.00191839 -0.00191217 -0.00189902 -0.00196477 -0.00184458 -0.00189645 -0.00186982 -0.0018573 -0.00195938 -0.00179966 -0.00190276 -0.00172008 -0.00171862 -0.0017665 -0.00192804 -0.00183533 -0.00180992 -0.00178296 -0.0018674 -0.00182374 -0.00185128 -0.00198262 -0.00185189 -0.00187998 -0.00168463 -0.00183931 -0.00178086 -0.0019249 -0.00187133 -0.00185181 -0.00183663 -0.00191295 -0.00191473 -0.00189581 -0.00186655 -0.00184239 -0.00172091 -0.00189218 -0.00191419 -0.00195241 -0.00182433 -0.00188668 -0.00192318 -0.00182786 -0.00198734 -0.00200988 -0.00180223 -0.00191387 -0.00180241 
-0.00202679 -0.00198214 -0.00200054 -0.00201452 -0.00200312 -0.00205709 -0.00215394 -0.00218043 -0.00215736 -0.00209675 -0.00191702 -0.00193231 -0.00182331 -0.00165379 0.00248959 0.00262717 0.00311996 0.00313512 0.00305894 0.149486 0.00307224 0.00321784 0.00302922 0.00271624 0.00261375 -0.00170932 -0.00187691 -0.00195514 -0.00212522 -0.0020442 -0.00230975 -0.00221249 -0.00231647 -0.00213896 -0.00205736 -0.00203427 -0.0021086 -0.00212526 -0.00215407 -0.0021002 -0.00201743 -0.00202516 -0.00214961 -0.00217084 -0.00206632 -0.0020882 -0.00211513 -0.00192727 -0.00197906 -0.0020255 -0.00198367 -0.00202139 -0.00204343 -0.00185657 -0.00206069 -0.00201783 -0.00199341 -0.0019594 -0.00207854 -0.0019745 -0.00201619 -0.00192653 -0.00194376 -0.00194985 -0.00197157 -0.00192943 -0.00199056 -0.00205578 -0.00195638 -0.00199331 -0.00192963 -0.00204712 -0.0020461 -0.00194262 -0.00179429 -0.00197247 -0.00194671 -0.00200287 -0.00197987 -0.00205803 -0.00199486 -0.00198051 -0.00197935 -0.00200262 -0.00194847 -0.00203136 -0.00200533 -0.00187424 -0.00192248 -0.0019759 -0.00198398 -0.00202273 -0.00189771 -0.00200001 -0.0019448 -0.00202858 -0.00183257 -0.0020313 -0.0019805 -0.00185424 
-0.00190643 -0.00186259 -0.00193415 -0.00201422 -0.00190221 -0.00200864 -0.00213012 -0.00207355 -0.00203199 -0.00198214 -0.00218408 -0.00200531 -0.0019661 -0.00185586 -0.00161604 -0.00170138 0.00285445 0.00279719 0.0028303 0.00307224 0.14672 0.00329956 0.00315914 0.00273294 0.00289368 0.00262995 -0.00172506 -0.00170761 -0.0017177 -0.00191663 -0.00203319 -0.00222914 -0.00209211 -0.00216209 -0.00197852 -0.00193909 -0.00208293 -0.00206807 -0.00215794 -0.00207003 -0.00192648 -0.0019721 -0.00199362 -0.00207563 -0.00201604 -0.00196525 -0.00203612 -0.00193897 -0.00197561 -0.00187102 -0.00185565 -0.00187983 -0.00191654 -0.00192093 -0.00196103 -0.00196804 -0.00184216 -0.00191904 -0.00189952 -0.00194205 -0.00193997 -0.0018119 -0.00176757 -0.00180774 -0.0018174 -0.00187257 -0.00188183 -0.00187625 -0.00182468 -0.00192081 -0.00186861 -0.00193739 -0.00193403 -0.00185468 -0.00183753 -0.00177071 -0.00185358 -0.00196365 -0.0019879 -0.00193576 -0.00193865 -0.00184736 -0.00195777 -0.00193674 -0.00195693 -0.0018181 -0.00193899 -0.00183593 -0.00179067 -0.00188722 -0.00193585 -0.00181148 -0.00188722 -0.00183897 -0.00189022 -0.00184324 -0.00180153 -0.00185069 -0.0019766 -0.00185022 
-0.0019145 -0.00188249 -0.00187496 -0.00194077 -0.00196454 -0.00203417 -0.00203495 -0.0021346 -0.0020861 -0.00205379 -0.00207311 -0.00208463 -0.00204619 -0.00183651 -0.00168137 -0.00167634 0.00272171 0.0028448 0.0028618 0.00321784 0.00329956 0.146462 0.00331076 0.00284903 0.00279388 0.00270788 -0.00163485 -0.00163673 -0.00176176 -0.00180777 -0.00202527 -0.00204218 -0.00210504 -0.00206851 -0.00196362 -0.00201547 -0.00209633 -0.00201922 -0.00211024 -0.00198764 -0.0019242 -0.00195845 -0.00204918 -0.00200837 -0.00198311 -0.00195005 -0.00189159 -0.00187108 -0.00187585 -0.00186597 -0.00185661 -0.00192083 -0.00181772 -0.00182079 -0.00186156 -0.00188359 -0.00189895 -0.00188953 -0.00194003 -0.00190082 -0.00196306 -0.00196042 -0.00182887 -0.00174989 -0.00191545 -0.001913 -0.001911 -0.00190021 -0.00184943 -0.00198395 -0.00188899 -0.00194615 -0.00192853 -0.00185174 -0.00188958 -0.00177428 -0.00192011 -0.00191197 -0.00185484 -0.00190551 -0.0019138 -0.00189848 -0.00196726 -0.00190176 -0.0019521 -0.00190656 -0.00200188 -0.00191105 -0.00183279 -0.00191816 -0.00192422 -0.00183652 -0.00189819 -0.00200372 -0.00196442 -0.00200829 -0.0019215 -0.00199484 -0.00190232 -0.00180246 
-0.00196323 -0.0018858 -0.00177552 -0.00182702 -0.00193642 -0.00204873 -0.00204179 -0.00208868 -0.00217293 -0.00199836 -0.00219317 -0.00215268 -0.00210045 -0.00194448 -0.00173697 -0.0018701 -0.00156744 0.00272285 0.00261337 0.00302922 0.00315914 0.00331076 0.145564 0.00298827 0.00300478 0.0028612 0.00247431 -0.00153128 -0.00169802 -0.00161435 -0.00189848 -0.0020876 -0.00205255 -0.00209613 -0.00208883 -0.00211986 -0.002039 -0.00212724 -0.00205476 -0.00206084 -0.00198174 -0.00196413 -0.00200935 -0.00203428 -0.00196361 -0.00205424 -0.00188354 -0.0019391 -0.0019767 -0.00190985 -0.0019567 -0.00189452 -0.00186057 -0.00189869 -0.00189622 -0.00184652 -0.00189777 -0.0017873 -0.00196578 -0.00185397 -0.00189848 -0.0018833 -0.0017956 -0.00173899 -0.00187435 -0.00182893 -0.00188119 -0.00186659 -0.00182747 -0.00179933 -0.0019158 -0.00188863 -0.00178148 -0.00183078 -0.00173253 -0.00180994 -0.00186285 -0.00196685 -0.00193951 -0.00192942 -0.00186598 -0.00191742 -0.00188729 -0.00185743 -0.0018691 -0.00186782 -0.00191367 -0.00170827 -0.00188452 -0.00179544 -0.00179374 -0.00190337 -0.00192198 -0.00190805 -0.0018265 -0.00183136 -0.00193732 -0.00188454 -0.00190328 -0.00185135 
-0.0018293 -0.00187892 -0.00173572 -0.00184029 -0.0018441 -0.00188579 -0.00194117 -0.00197248 -0.00192583 -0.00199251 -0.00201949 -0.0020701 -0.00198284 -0.00216595 -0.00189067 -0.00195382 -0.00177473 -0.00167182 -0.00159161 0.00271624 0.00273294 0.00284903 0.00298827 0.141353 0.00309153 0.00292686 0.00255227 0.00235421 -0.00149535 -0.00147307 -0.00170329 -0.00175965 -0.00185314 -0.00192703 -0.00189116 -0.00179445 -0.00186583 -0.00192456 -0.00198026 -0.00190571 -0.00175947 -0.00181045 -0.00182569 -0.00190656 -0.0019675 -0.0018994 -0.00174689 -0.00177519 -0.00175572 -0.00173529 -0.00167775 -0.00170568 -0.00168841 -0.00168516 -0.00176569 -0.00175611 -0.00165916 -0.00173863 -0.00188867 -0.00174961 -0.00172341 -0.00177595 -0.0016618 -0.00166878 -0.00178447 -0.00178404 -0.00177459 -0.00174221 -0.00177668 -0.00177583 -0.00173739 -0.001805 -0.00185813 -0.0017603 -0.00173319 -0.001644 -0.00172047 -0.00174511 -0.00177551 -0.00181931 -0.00173163 -0.00175573 -0.00179273 -0.00187956 -0.00179427 -0.0018279 -0.00182716 -0.00178548 -0.00166113 -0.00169119 -0.00178735 -0.00171258 -0.00176857 -0.00175067 -0.00179902 -0.00177513 -0.00179869 -0.00180289 -0.00179604 -0.0017224 
-0.00195338 -0.0018959 -0.00189309 -0.00196067 -0.0020349 -0.00197383 -0.00212927 -0.00213067 -0.00214124 -0.00212391 -0.00227154 -0.0022854 -0.00213704 -0.00238993 -0.00212712 -0.00220827 -0.00197837 -0.00179695 -0.00173504 0.00261375 0.00289368 0.00279388 0.00300478 0.00309153 0.146133 0.00306453 0.00276364 0.00257096 0.00244107 0.00248808 -0.00160976 -0.00164459 -0.00185554 -0.00187955 -0.00206078 -0.00201966 -0.00209426 -0.002075 -0.00211407 -0.00205184 -0.00196639 -0.00207679 -0.00206062 -0.00213891 -0.00204696 -0.00207573 -0.00197133 -0.00194371 -0.00186998 -0.00187046 -0.00194804 -0.00189254 -0.00182778 -0.00187054 -0.00197277 -0.00186456 -0.00197947 -0.00192485 -0.00188716 -0.00190123 -0.00203138 -0.00187733 -0.00184006 -0.00192168 -0.001838 -0.0019403 -0.00193655 -0.00189068 -0.0018478 -0.00192047 -0.00190229 -0.00199416 -0.00194332 -0.00188347 -0.00187741 -0.00185111 -0.00172898 -0.00197915 -0.00198558 -0.00186853 -0.00194803 -0.00193637 -0.00200571 -0.00189107 -0.00183282 -0.00192145 -0.00191747 -0.00179321 -0.00183255 -0.00195101 -0.0019094 -0.00191184 -0.00199308 -0.00180715 -0.00186278 -0.00191505 -0.00199196 -0.00194736 -0.00186991 -0.00190099 
-0.00184856 -0.00195558 -0.00179343 -0.00190145 -0.00188236 -0.00207849 -0.00219771 -0.00211616 -0.00203982 -0.00211947 -0.00221103 -0.00231911 -0.0021981 -0.00233978 -0.00228435 -0.00225905 -0.00215086 -0.00184245 -0.00196931 -0.00170932 0.00262995 0.00270788 0.0028612 0.00292686 0.00306453 0.144291 0.00279943 0.00276549 0.00264033 0.002574 0.00230105 -0.00150167 -0.00167298 -0.00168682 -0.00182881 -0.00191006 -0.00202029 -0.00211077 -0.00198844 -0.0020538 -0.00199101 -0.00192295 -0.00199459 -0.00203759 -0.0019693 -0.00192318 -0.00202011 -0.00183066 -0.0018397 -0.00193657 -0.00192049 -0.00190528 -0.0018799 -0.00190744 -0.00189388 -0.00192782 -0.00189244 -0.00190355 -0.00185588 -0.00183983 -0.00192558 -0.00186572 -0.00174597 -0.00190101 -0.00182312 -0.00191434 -0.00189189 -0.00187494 -0.00191316 -0.00183338 -0.00192158 -0.00190795 -0.00184252 -0.00198207 -0.001793 -0.00182466 -0.00177204 -0.00186484 -0.0019225 -0.00195683 -0.0018972 -0.00195749 -0.00193139 -0.00192066 -0.00182028 -0.00185825 -0.00194057 -0.0017993 -0.00178096 -0.00178808 -0.00181503 -0.00190109 -0.00188327 -0.00190217 -0.00195818 -0.00195309 -0.00194642 -0.00193148 -0.00189918 -0.00181854 
-0.00185053 -0.00176629 -0.0018456 -0.00170782 -0.00181447 -0.00188332 -0.00198964 -0.00183642 -0.00194479 -0.0019227 -0.00210563 -0.00207237 -0.00204546 -0.00211065 -0.00203459 -0.00209354 -0.00224496 -0.00203647 -0.00202044 -0.00187691 -0.00172506 -0.00163485 0.00247431 0.00255227 0.00276364 0.00279943 0.138974 0.00266494 0.00263397 0.00254614 0.00244847 0.00225955 -0.0014259 -0.00152399 -0.00165071 -0.00157425 -0.00167848 -0.00189216 -0.00186554 -0.00192471 -0.00179274 -0.00180141 -0.00193118 -0.00194871 -0.00184727 -0.00182521 -0.00182267 -0.00181564 -0.00169995 -0.00177856 -0.00166586 -0.00171811 -0.00187697 -0.00177177 -0.00171662 -0.0017548 -0.00185346 -0.00172771 -0.00169332 -0.00174457 -0.00171658 -0.00183056 -0.00167428 -0.00165933 -0.00179437 -0.00178829 -0.00185021 -0.00178287 -0.00175934 -0.00179307 -0.00169699 -0.00183671 -0.00182941 -0.00171406 -0.00168225 -0.00173082 -0.00176798 -0.00179754 -0.00170772 -0.00180667 -0.00181956 -0.00168453 -0.00168013 -0.0017844 -0.00170591 -0.0018168 -0.00174927 -0.00167835 -0.00164527 -0.00166798 -0.00178756 -0.00180128 -0.00177827 -0.00177066 -0.0018734 -0.00176354 -0.00172853 -0.00169953 -0.00185603 -0.00172169 
-0.00167541 -0.00178168 -0.00171308 -0.00176301 -0.00184887 -0.00182907 -0.00190995 -0.00198611 -0.00195725 -0.00186707 -0.00208866 -0.00200976 -0.0019618 -0.00198702 -0.00200684 -0.00212823 -0.00213501 -0.002133 -0.00210929 -0.00195514 -0.00170761 -0.00163673 -0.00153128 0.00235421 0.00257096 0.00276549 0.00266494 0.137026 0.00270391 0.00268571 0.00254684 0.00240862 0.00227716 -0.00134163 -0.00149972 -0.0014626 -0.00156176 -0.00177841 -0.00184409 -0.00182619 -0.00186046 -0.00176692 -0.00180948 -0.00189843 -0.00184081 -0.0018871 -0.00185833 -0.00184514 -0.00182645 -0.00179667 -0.00173854 -0.00171319 -0.00174983 -0.00171859 -0.00181595 -0.00177131 -0.0017849 -0.00179585 -0.00179718 -0.00175769 -0.0017671 -0.00172531 -0.0016645 -0.00162097 -0.00179151 -0.00176101 -0.00167116 -0.0017918 -0.00168553 -0.00172125 -0.00170025 -0.00174345 -0.0016701 -0.00180307 -0.00168155 -0.00162175 -0.00175792 -0.00173931 -0.00174639 -0.00171852 -0.00168512 -0.00171157 -0.00176206 -0.00175417 -0.00166444 -0.00180405 -0.00176438 -0.00172795 -0.00162505 -0.00174429 -0.00167476 -0.00174405 -0.0017897 -0.00171285 -0.00177091 -0.00182094 -0.00174124 -0.00169914 -0.00167368 -0.00168199 
-0.00177549 -0.00163452 -0.00174586 -0.00170988 -0.00166637 -0.00186188 -0.00190936 -0.00191526 -0.00195395 -0.00190113 -0.00212773 -0.00211369 -0.00204215 -0.00205151 -0.00203735 -0.00217429 -0.00217276 -0.00208301 -0.00205193 -0.00212522 -0.0017177 -0.00176176 -0.00169802 -0.00149535 0.00244107 0.00264033 0.00263397 0.00270391 0.135338 0.00274937 0.00268234 0.00239069 0.00233294 0.00218817 -0.00129556 -0.00133515 -0.00155017 -0.00165465 -0.00174179 -0.00182475 -0.00171492 -0.00179617 -0.0017562 -0.00180401 -0.00184575 -0.00178176 -0.0016472 -0.00181609 -0.00181025 -0.00166373 -0.00170066 -0.00173031 -0.00170725 -0.00166114 -0.00171389 -0.00167053 -0.00169004 -0.00168135 -0.00170977 -0.00165849 -0.00180717 -0.00165636 -0.00160207 -0.00164739 -0.00166414 -0.00177889 -0.00169042 -0.00172394 -0.00175899 -0.00180916 -0.00168664 -0.00173898 -0.00173 -0.0016739 -0.00174624 -0.00156713 -0.00161983 -0.00183427 -0.00186415 -0.00171968 -0.00166944 -0.00180069 -0.00170674 -0.00169525 -0.00167992 -0.00179676 -0.00165365 -0.00166962 -0.00166636 -0.0016628 -0.00173945 -0.00173369 -0.00164286 -0.00168869 -0.00174637 -0.00178739 -0.00167305 -0.00169528 -0.00172935 -0.00165582 
-0.00176705 -0.00162327 -0.00182131 -0.00173914 -0.00181706 -0.00184866 -0.00184008 -0.00192592 -0.00188001 -0.00185679 -0.00199904 -0.00199497 -0.00190243 -0.00201409 -0.00202773 -0.00203677 -0.00215365 -0.00203443 -0.00209987 -0.0020442 -0.00191663 -0.00180777 -0.00161435 -0.00147307 0.00248808 0.002574 0.00254614 0.00268571 0.00274937 0.133644 0.00256499 0.00236983 0.00237191 0.00220913 -0.00133042 -0.00134947 -0.00146708 -0.00159515 -0.0016184 -0.00171944 -0.0017442 -0.00172579 -0.00176317 -0.0017843 -0.00176837 -0.00178365 -0.00177479 -0.00164233 -0.00173302 -0.00170109 -0.00176298 -0.0017509 -0.00167981 -0.00172702 -0.00170313 -0.00169192 -0.00164637 -0.00178308 -0.00169113 -0.00171741 -0.0017157 -0.00164074 -0.00157963 -0.00164889 -0.00158 -0.0016793 -0.00174583 -0.00173981 -0.00183077 -0.00162626 -0.00169206 -0.00165133 -0.00174028 -0.00169438 -0.0016139 -0.00160286 -0.00164645 -0.00172289 -0.00169024 -0.00176539 -0.00171642 -0.00166991 -0.0017144 -0.00171476 -0.0016139 -0.00166486 -0.00170156 -0.00166305 -0.00159926 -0.00170039 -0.00168206 -0.0016539 -0.0016707 -0.00168772 -0.00162393 -0.00170751 -0.00182201 -0.00168895 -0.00174881 -0.00165966 
-0.00176534 -0.00177268 -0.00174211 -0.00171258 -0.00177551 -0.00188665 -0.00191297 -0.00190196 -0.00198109 -0.00190215 -0.00197369 -0.00207902 -0.00198987 -0.00218016 -0.0020891 -0.00206138 -0.0023492 -0.00227292 -0.00217485 -0.00230975 -0.00203319 -0.00202527 -0.00189848 -0.00170329 -0.00160976 0.00230105 0.00244847 0.00254684 0.00268234 0.00256499 0.134555 0.00269941 0.00252024 0.002397 0.00211773 0.00224778 -0.00127871 -0.00138447 -0.00154194 -0.00159083 -0.0017671 -0.00171838 -0.00181446 -0.00191485 -0.00177866 -0.0017978 -0.00179395 -0.00179907 -0.00184074 -0.001754 -0.00177851 -0.00172098 -0.00175216 -0.00172042 -0.00173237 -0.00169496 -0.00171666 -0.00172638 -0.00169136 -0.00174528 -0.00173551 -0.00170264 -0.00165627 -0.00166812 -0.0017606 -0.00179402 -0.00167974 -0.00166773 -0.00176141 -0.00178568 -0.00177652 -0.00176474 -0.00178467 -0.00181756 -0.00167671 -0.00170635 -0.00173981 -0.0017757 -0.00173674 -0.00178304 -0.00173271 -0.00176116 -0.00172662 -0.00164336 -0.00174736 -0.00174346 -0.00171367 -0.0016548 -0.00159141 -0.00172763 -0.00176874 -0.00179905 -0.00169544 -0.00168313 -0.00175272 -0.00164999 -0.00170478 -0.00167238 -0.00177099 -0.00161127 
-0.00171726 -0.00172299 -0.00171113 -0.00166572 -0.00183705 -0.00192367 -0.00190222 -0.00199373 -0.00191182 -0.00188092 -0.00210707 -0.00195865 -0.00200233 -0.00208379 -0.00212295 -0.00218068 -0.00218502 -0.00208564 -0.0020082 -0.00221249 -0.00222914 -0.00204218 -0.0020876 -0.00175965 -0.00164459 -0.00150167 0.00225955 0.00240862 0.00239069 0.00236983 0.00269941 0.133129 0.00259903 0.00246374 0.00224834 0.00223497 0.00210323 -0.00128637 -0.00146456 -0.00145806 -0.0016009 -0.00159698 -0.00176355 -0.00182778 -0.00187869 -0.00181197 -0.00167726 -0.0017912 -0.00170239 -0.00167967 -0.00173212 -0.00174709 -0.00169863 -0.00166718 -0.00174704 -0.00166218 -0.00171187 -0.00174808 -0.00161474 -0.00167643 -0.00176994 -0.00168601 -0.00156439 -0.00162881 -0.00172039 -0.00163379 -0.00174525 -0.00168904 -0.00178237 -0.00174621 -0.00172044 -0.00159814 -0.00173513 -0.00168563 -0.00167745 -0.00181003 -0.00168627 -0.00171244 -0.00171962 -0.00175145 -0.00176176 -0.00174257 -0.00168892 -0.00166818 -0.00166418 -0.00176784 -0.00171006 -0.00161529 -0.00162732 -0.00163115 -0.00167045 -0.00175384 -0.00169228 -0.00172017 -0.00174455 -0.00174301 -0.00169991 -0.00168693 -0.00162483 -0.0016074 
-0.00172192 -0.00173379 -0.0016686 -0.00180102 -0.00174547 -0.0018586 -0.00185966 -0.00194998 -0.00195411 -0.00191273 -0.00196364 -0.00192438 -0.00194747 -0.0020969 -0.00201911 -0.00204051 -0.00223701 -0.00225409 -0.00217779 -0.00231647 -0.00209211 -0.00210504 -0.00205255 -0.00185314 -0.00185554 -0.00167298 -0.0014259 0.00227716 0.00233294 0.00237191 0.00252024 0.00259903 0.131355 0.00242437 0.00235287 0.00235814 0.0021727 0.00201661 -0.00127231 -0.00137152 -0.00154752 -0.00161044 -0.00162336 -0.0017901 -0.00177654 -0.00175766 -0.00162743 -0.00164961 -0.00172393 -0.0016468 -0.00168575 -0.00170439 -0.00161448 -0.00172333 -0.00165537 -0.00174158 -0.00166212 -0.00169886 -0.00163186 -0.00170177 -0.00167613 -0.00167588 -0.00155239 -0.00159237 -0.00166473 -0.00155141 -0.00160664 -0.00166985 -0.00168347 -0.00165624 -0.00165858 -0.00166798 -0.00168344 -0.00165272 -0.00159226 -0.00158811 -0.00161714 -0.00172417 -0.00175756 -0.00174251 -0.00166574 -0.00168169 -0.00172982 -0.00170486 -0.0016694 -0.00168732 -0.00167819 -0.00168473 -0.00165804 -0.00170633 -0.00164325 -0.0017044 -0.00171212 -0.00167842 -0.00159737 -0.00161748 -0.00166371 -0.00166742 -0.00166669 -0.00149343 
