0.123063 0.00227746 0.00221749 0.00209829 0.00204022 0.00204466 -0.00112167 -0.00126318 -0.00137379 -0.00142466 -0.00159418 -0.00174554 -0.0017023 -0.00188029 -0.00180066 -0.00174184 -0.00191532 -0.00177847 -0.00191918 -0.00200146 -0.00187756 -0.00195199 -0.00198152 -0.00182871 -0.00191315 -0.00198942 -0.00178849 -0.00178725 -0.00164417 -0.00173287 -0.00173054 -0.00164566 -0.00161992 -0.00171986 -0.00159504 -0.00160937 -0.00165178 -0.00158411 -0.00165006 -0.00167688 -0.0015632 -0.00157443 -0.00163189 -0.00157647 -0.0016476 -0.00154383 -0.00157716 -0.00152088 -0.00145708 -0.00154179 -0.00157484 -0.00158445 -0.00157719 -0.00148833 -0.00144343 -0.0014516 -0.001536 -0.00147104 -0.0014652 -0.00160454 -0.00151023 -0.00149349 -0.00149045 -0.00152639 -0.0014954 -0.0015405 -0.00152467 -0.00158265 -0.00152141 -0.00150574 -0.00142919 -0.00148629 -0.00151094 -0.00149812 -0.00144571 -0.00142873 -0.00141397 -0.00146217 -0.00161914 -0.00143508 -0.0014144 -0.00153432 -0.00156216 -0.00153497 -0.00149794 -0.00149249 -0.00152363 -0.00149232 -0.00148859 -0.00153325 -0.00146655 -0.00139097 -0.00129875 -0.00124735 -0.00132238 -0.00120697 0.00199007 0.00201391 0.00205466 0.00219979 
0.00227746 0.123491 0.00222337 0.00225246 0.00213552 0.00214137 0.00191224 -0.00119793 -0.00127188 -0.00137845 -0.00161754 -0.00165076 -0.00168747 -0.00181064 -0.00181647 -0.00182082 -0.00188875 -0.00183417 -0.00191566 -0.00191317 -0.00188998 -0.00195634 -0.00181137 -0.00184317 -0.00192376 -0.00191608 -0.00176226 -0.0017907 -0.00163441 -0.00165493 -0.00179282 -0.00179578 -0.00168338 -0.00166238 -0.00166139 -0.00161971 -0.00166655 -0.00167626 -0.00169366 -0.00171126 -0.00151741 -0.00154479 -0.00168768 -0.00161962 -0.00157086 -0.0015896 -0.00155578 -0.00158285 -0.00157068 -0.00154061 -0.00154812 -0.00150596 -0.0015579 -0.00144736 -0.00147014 -0.00152305 -0.00150526 -0.00155546 -0.00148692 -0.00150317 -0.00145461 -0.0014698 -0.00144384 -0.00140949 -0.0015613 -0.00155027 -0.00161236 -0.00152882 -0.00147692 -0.00151586 -0.00148062 -0.00143476 -0.00157441 -0.00151117 -0.00148864 -0.00144194 -0.00149016 -0.00155042 -0.00151668 -0.00158365 -0.00144339 -0.00146145 -0.00151924 -0.00154715 -0.00151933 -0.00147064 -0.0015236 -0.00151313 -0.00148169 -0.00149696 -0.00150226 -0.00146371 -0.00145024 -0.0012387 -0.00131277 -0.00130001 -0.00120084 0.00194987 0.00199069 0.00200033 
0.00221749 0.00222337 0.123976 0.00238544 0.00217966 0.00230223 0.00211371 0.00210938 -0.0012563 -0.00119869 -0.00145855 -0.00147139 -0.0016175 -0.00183467 -0.00178258 -0.00186271 -0.00187856 -0.00191903 -0.00189953 -0.00200355 -0.00201868 -0.00194442 -0.00186909 -0.001805 -0.0018875 -0.00195811 -0.00170502 -0.00175388 -0.0017898 -0.00180184 -0.00175311 -0.0017011 -0.00171309 -0.0017448 -0.00159918 -0.00163203 -0.00165162 -0.00175906 -0.00167106 -0.00166551 -0.00158283 -0.00155437 -0.00174745 -0.00168486 -0.00157032 -0.00163546 -0.00155565 -0.001506 -0.00142606 -0.00147702 -0.00149224 -0.00156842 -0.0014334 -0.00153041 -0.00156112 -0.00150717 -0.00147947 -0.00155817 -0.00148371 -0.00148469 -0.0015071 -0.00156878 -0.001479 -0.00150553 -0.00148377 -0.00159036 -0.00158579 -0.00152461 -0.0015998 -0.00149239 -0.00151315 -0.00147242 -0.00155585 -0.00151146 -0.00149982 -0.00144184 -0.00132922 -0.00155562 -0.00147569 -0.00157726 -0.00143906 -0.00157038 -0.00147572 -0.00150729 -0.00155735 -0.00155314 -0.00156284 -0.00149412 -0.00146793 -0.00153094 -0.0015377 -0.00152813 -0.00151684 -0.0014836 -0.00147616 -0.00132781 -0.00132544 -0.00122978 0.00180632 0.00198615 
0.00209829 0.00225246 0.00238544 0.124414 0.0024095 0.00239747 0.00225214 0.0021547 0.00206704 -0.00121802 -0.00137079 -0.00153421 -0.00159199 -0.00177399 -0.00189964 -0.00190084 -0.00190923 -0.00192366 -0.00202402 -0.00202029 -0.00199294 -0.00197828 -0.00199296 -0.0017989 -0.00197561 -0.00191122 -0.0018214 -0.00182517 -0.00177452 -0.00178605 -0.0018424 -0.00175154 -0.00158577 -0.00165468 -0.00155287 -0.00158468 -0.00165273 -0.00168445 -0.00170443 -0.0016221 -0.00158708 -0.00166295 -0.00152175 -0.00164129 -0.00177655 -0.00158408 -0.00143517 -0.00148431 -0.00151932 -0.00157799 -0.0015185 -0.00151682 -0.00155289 -0.00154706 -0.00146821 -0.00145101 -0.00156232 -0.00160652 -0.0014995 -0.00155594 -0.00156201 -0.00154577 -0.0014641 -0.00152003 -0.00147391 -0.00150664 -0.00160157 -0.00158295 -0.00148811 -0.00139326 -0.00145425 -0.0015809 -0.00151558 -0.00155247 -0.0014716 -0.00145063 -0.00143949 -0.00157013 -0.00152301 -0.00149695 -0.00152324 -0.00157474 -0.00157649 -0.00151203 -0.00153304 -0.00149291 -0.00151569 -0.00144815 -0.0014567 -0.00158978 -0.00156979 -0.00156716 -0.00157363 -0.00156099 -0.00157141 -0.00143988 -0.00142227 -0.00129816 -0.00117088 0.00188784 
0.00204022 0.00213552 0.00217966 0.0024095 0.124866 0.00250328 0.00243903 0.00233621 0.00225738 0.00222718 -0.00132079 -0.00145734 -0.00143892 -0.00163294 -0.00182456 -0.001869 -0.00201718 -0.0019965 -0.00197801 -0.00207684 -0.00208414 -0.00186897 -0.00191642 -0.00184715 -0.00199484 -0.00195284 -0.00176295 -0.00169398 -0.00167734 -0.00176777 -0.001728 -0.00172989 -0.00171244 -0.00172637 -0.00162909 -0.00166774 -0.00166796 -0.00171558 -0.00170483 -0.00169334 -0.00159397 -0.00160858 -0.00167459 -0.0016411 -0.00163078 -0.00160463 -0.00161589 -0.00161366 -0.00156234 -0.00155288 -0.00158475 -0.00153677 -0.00160782 -0.00158831 -0.00154741 -0.00162711 -0.00153464 -0.00154564 -0.0014976 -0.00146092 -0.00158865 -0.00152431 -0.00150677 -0.00143584 -0.00159705 -0.00155704 -0.00152415 -0.00157941 -0.00150036 -0.00159047 -0.00152533 -0.00146892 -0.00152476 -0.00152772 -0.00150377 -0.00153281 -0.0015301 -0.00160464 -0.00152505 -0.00148725 -0.00159533 -0.00158339 -0.00147947 -0.00158314 -0.00152892 -0.00161558 -0.00151262 -0.00154241 -0.00144727 -0.00153954 -0.00151501 -0.00157398 -0.00157308 -0.00156156 -0.0015817 -0.00156197 -0.00148497 -0.00135095 -0.0012435 -0.00110241 
0.00204466 0.00214137 0.00230223 0.00239747 0.00250328 0.128275 0.0024842 0.00246066 0.0023377 0.00226619 0.00207183 -0.00135949 -0.00144476 -0.00159039 -0.00186805 -0.00175784 -0.00201689 -0.0019532 -0.00200621 -0.00209867 -0.00204263 -0.0021079 -0.00211143 -0.00194376 -0.00207636 -0.0020625 -0.00198496 -0.00196135 -0.00184334 -0.0019247 -0.00191677 -0.00183914 -0.00185482 -0.00176607 -0.00179652 -0.00170754 -0.00177521 -0.00183021 -0.00175984 -0.00182701 -0.00170317 -0.00170383 -0.0017734 -0.00167408 -0.00175033 -0.00170178 -0.00164339 -0.00168135 -0.00168812 -0.00169906 -0.00155084 -0.0016256 -0.00156608 -0.00163769 -0.00172108 -0.00160311 -0.00165554 -0.00175761 -0.00161247 -0.00175413 -0.00165084 -0.00161993 -0.00149407 -0.00164697 -0.00161199 -0.0016323 -0.00170055 -0.00162682 -0.00168673 -0.00163902 -0.00171513 -0.00153084 -0.00155943 -0.00166348 -0.00149483 -0.00148753 -0.00161471 -0.00168109 -0.00164202 -0.00156245 -0.00163482 -0.00166538 -0.00165338 -0.00165149 -0.00162674 -0.0015327 -0.00157343 -0.00156732 -0.00154091 -0.00157748 -0.00166156 -0.0016793 -0.00161881 -0.00160808 -0.00157083 -0.00162036 -0.00160632 -0.00140027 -0.00131696 -0.00118747 
-0.00112167 0.00191224 0.00211371 0.00225214 0.00243903 0.0024842 0.129045 0.00265294 0.00242994 0.00234434 0.00224511 0.00215503 -0.00126457 -0.00152348 -0.00170351 -0.00179548 -0.00192855 -0.0020831 -0.00196841 -0.00204622 -0.00203996 -0.0020511 -0.00214193 -0.00195899 -0.00221968 -0.00210734 -0.00192451 -0.0019215 -0.00190095 -0.00182948 -0.00186069 -0.00187931 -0.00188618 -0.00191532 -0.00174083 -0.00170795 -0.00177577 -0.00181067 -0.00178056 -0.00174855 -0.00171654 -0.00172299 -0.0017854 -0.00176012 -0.00185648 -0.00175481 -0.00170307 -0.0017363 -0.00162674 -0.00168403 -0.00162689 -0.00164668 -0.00166064 -0.00165153 -0.00168053 -0.00161284 -0.00170172 -0.00160118 -0.00162254 -0.00162291 -0.00165692 -0.00168142 -0.00155226 -0.0015715 -0.00163978 -0.00170838 -0.00167417 -0.00168541 -0.0015617 -0.00162805 -0.00165223 -0.00164262 -0.00163995 -0.00160735 -0.0015557 -0.00159795 -0.00157843 -0.00170609 -0.00166988 -0.00173986 -0.00164078 -0.0016632 -0.00165775 -0.00160402 -0.00156349 -0.00157446 -0.00153947 -0.00155869 -0.00161541 -0.00163463 -0.00160212 -0.00171644 -0.00168319 -0.00159661 -0.00168597 -0.00165452 -0.00166224 -0.00149774 -0.00149367 -0.00126956 
-0.00126318 -0.00119793 0.00210938 0.0021547 0.00233621 0.00246066 0.00265294 0.130766 0.00270485 0.0025625 0.00245146 0.00230896 0.00219311 -0.00141592 -0.00162642 -0.00165146 -0.00195206 -0.00198433 -0.00209977 -0.0021991 -0.00215067 -0.00222467 -0.0020251 -0.00206911 -0.00223048 -0.0021689 -0.00204572 -0.00196303 -0.00195466 -0.00198254 -0.00185544 -0.00199547 -0.0018568 -0.00186675 -0.00178804 -0.00180326 -0.00184638 -0.00188217 -0.00178792 -0.00177991 -0.0017855 -0.00169958 -0.00174083 -0.00180829 -0.00182594 -0.00174612 -0.00164644 -0.00165766 -0.00168642 -0.00160615 -0.00161184 -0.00164324 -0.0016535 -0.00158792 -0.00173296 -0.00169734 -0.00167581 -0.00163695 -0.00162617 -0.00165232 -0.00173743 -0.00166785 -0.0015322 -0.00159366 -0.00162632 -0.00172016 -0.00170101 -0.0016404 -0.0016398 -0.00169262 -0.0017289 -0.00173728 -0.00163068 -0.00163385 -0.00165034 -0.00167386 -0.00164201 -0.00171282 -0.0016549 -0.00173261 -0.00161065 -0.00173497 -0.00162836 -0.00163969 -0.0016767 -0.00168707 -0.00169969 -0.00156907 -0.00152696 -0.00168131 -0.00169916 -0.00166631 -0.0016575 -0.0016682 -0.0017353 -0.0017366 -0.00172485 -0.0017102 -0.00157656 -0.00133437 
-0.00137379 -0.00127188 -0.0012563 0.00206704 0.00225738 0.0023377 0.00242994 0.00270485 0.131541 0.00256385 0.00267226 0.0024902 0.00234512 0.00234018 -0.00142734 -0.00150422 -0.00179063 -0.00184042 -0.00198898 -0.00214922 -0.0021908 -0.00213837 -0.00206033 -0.00204949 -0.00223537 -0.00214765 -0.00212784 -0.00197488 -0.00198239 -0.00196642 -0.00206797 -0.00206482 -0.00184876 -0.00186295 -0.00183758 -0.00174097 -0.00183979 -0.0018067 -0.00181488 -0.00177903 -0.0017672 -0.00176281 -0.00182032 -0.00184512 -0.00177723 -0.0017824 -0.00172122 -0.00165832 -0.0016758 -0.00165857 -0.00167455 -0.00170574 -0.001736 -0.00164779 -0.00175879 -0.00164344 -0.00174816 -0.00171817 -0.00173788 -0.00167235 -0.00161692 -0.00174367 -0.00156423 -0.00160218 -0.00162481 -0.00175323 -0.00171137 -0.00173919 -0.00180205 -0.0017097 -0.00157263 -0.00176364 -0.00177713 -0.00165019 -0.00163604 -0.00162351 -0.00164771 -0.00177741 -0.00177051 -0.00162196 -0.00164447 -0.00175819 -0.00163255 -0.00165321 -0.0017307 -0.0016421 -0.00152113 -0.00169336 -0.00171044 -0.00160913 -0.00176023 -0.00170271 -0.00167215 -0.00172887 -0.00166296 -0.00171836 -0.00174856 -0.00165549 -0.00170107 -0.00144366 
-0.00142466 -0.00137845 -0.00119869 -0.00121802 0.00222718 0.00226619 0.00234434 0.0025625 0.00256385 0.129932 0.00257168 0.00251934 0.00229377 0.00227375 -0.00144223 -0.00151056 -0.00165505 -0.00190288 -0.00184036 -0.00214187 -0.00198411 -0.0021013 -0.00206256 -0.00194034 -0.00213899 -0.00210046 -0.00195013 -0.00193501 -0.00181977 -0.00187225 -0.00186219 -0.00181863 -0.00188251 -0.00183221 -0.00175259 -0.001702 -0.00184875 -0.00172387 -0.00177544 -0.00179177 -0.00162068 -0.00170383 -0.00167797 -0.00171173 -0.00161371 -0.00165074 -0.00166357 -0.00159221 -0.00167935 -0.00161634 -0.00171845 -0.00164313 -0.00174073 -0.00164812 -0.00162857 -0.00166182 -0.00171592 -0.00170961 -0.00158712 -0.00154174 -0.00166249 -0.00159825 -0.00143897 -0.0015237 -0.00164342 -0.00162228 -0.00161246 -0.00159957 -0.00165286 -0.00170871 -0.00160372 -0.00167135 -0.00165829 -0.00166512 -0.00159486 -0.00155795 -0.00156531 -0.00161777 -0.00176858 -0.00163842 -0.00174439 -0.00166869 -0.00172557 -0.00156587 -0.0016342 -0.00162742 -0.00166381 -0.00148373 -0.00154292 -0.00164518 -0.00165057 -0.00167813 -0.00163575 -0.00152412 -0.00160501 -0.00159711 -0.00165702 -0.00163008 -0.0015901 -0.00154736 
-0.00159418 -0.00161754 -0.00145855 -0.00137079 -0.00132079 0.00207183 0.00224511 0.00245146 0.00267226 0.00257168 0.134874 0.00274083 0.00264411 0.00256176 0.00240863 0.00230924 -0.00148198 -0.00170596 -0.00166365 -0.00199503 -0.0021701 -0.00221587 -0.00210579 -0.00201771 -0.00224091 -0.00224241 -0.00202363 -0.00207883 -0.00207543 -0.00209449 -0.00207431 -0.00201383 -0.00200029 -0.00191796 -0.00185177 -0.00197123 -0.00181934 -0.00183699 -0.00187503 -0.00183853 -0.00174868 -0.001715 -0.00190331 -0.00190794 -0.00180422 -0.00183947 -0.0018475 -0.00176266 -0.00169174 -0.00172394 -0.00172279 -0.00170676 -0.00174777 -0.00179348 -0.00178258 -0.00181249 -0.0016866 -0.0018051 -0.00172831 -0.00179116 -0.00173153 -0.00166808 -0.00166199 -0.00172754 -0.00174204 -0.0017541 -0.00176295 -0.0017454 -0.0018598 -0.00177849 -0.00178957 -0.00174727 -0.00176661 -0.00174439 -0.00165678 -0.00176247 -0.00164938 -0.00164462 -0.00182745 -0.00169371 -0.00178464 -0.00171309 -0.00177885 -0.00173655 -0.00173339 -0.00174612 -0.00166774 -0.0016846 -0.00169458 -0.00167871 -0.00178217 -0.00170353 -0.0017439 -0.00168268 -0.00168543 -0.00173001 -0.00171828 -0.00180809 -0.00183022 -0.00173961 
-0.00174554 -0.00165076 -0.00147139 -0.00153421 -0.00145734 -0.00135949 0.00215503 0.00230896 0.0024902 0.00251934 0.00274083 0.136826 0.00277731 0.00280245 0.00256245 0.0025215 0.00244811 -0.00176107 -0.0017307 -0.00189748 -0.00207946 -0.0020703 -0.00215921 -0.00205428 -0.00227303 -0.00224826 -0.00211585 -0.00212281 -0.00209468 -0.00201221 -0.00209342 -0.00206946 -0.00210548 -0.00205089 -0.00183538 -0.00186668 -0.0018612 -0.00194891 -0.00183394 -0.00193936 -0.00176232 -0.00181576 -0.00193423 -0.00194073 -0.00190996 -0.00187633 -0.00180515 -0.00187513 -0.00185797 -0.00180404 -0.00172595 -0.00172867 -0.00185342 -0.00175242 -0.00170785 -0.00180277 -0.00187492 -0.00176162 -0.00177963 -0.00180908 -0.00178967 -0.00183525 -0.00169997 -0.001754 -0.00184192 -0.00188053 -0.00173999 -0.00178964 -0.00167153 -0.00178529 -0.0017359 -0.00175054 -0.00183471 -0.0017554 -0.00170569 -0.00172639 -0.00170617 -0.00175931 -0.00177765 -0.00175247 -0.00177822 -0.00189251 -0.001762 -0.00175543 -0.00169817 -0.00173624 -0.00174672 -0.00172699 -0.0016798 -0.00180065 -0.00177215 -0.0017837 -0.00176726 -0.00172548 -0.00177206 -0.00170161 -0.00173094 -0.00172461 -0.00181531 -0.00166959 
-0.0017023 -0.00168747 -0.0016175 -0.00159199 -0.00143892 -0.00144476 -0.00126457 0.00219311 0.00234512 0.00229377 0.00264411 0.00277731 0.135441 0.00274192 0.0026653 0.00259426 0.0024076 -0.00149521 -0.00153892 -0.00184502 -0.00199436 -0.00201419 -0.00203241 -0.00201826 -0.00221658 -0.00220645 -0.00210073 -0.00200466 -0.00196547 -0.00196632 -0.00202557 -0.00201685 -0.00189232 -0.00194426 -0.00183291 -0.00176107 -0.00185045 -0.00184791 -0.00185614 -0.0018512 -0.00174554 -0.00175991 -0.0018236 -0.00175951 -0.00187984 -0.00182278 -0.00181502 -0.0017072 -0.00180166 -0.0017342 -0.00165298 -0.00172081 -0.00172431 -0.00172839 -0.00174436 -0.00182345 -0.00175732 -0.00166398 -0.0017256 -0.00173354 -0.00175944 -0.00171779 -0.00156552 -0.00171985 -0.00168053 -0.00177131 -0.00174648 -0.00166599 -0.00169799 -0.00168555 -0.00174481 -0.00169967 -0.00174806 -0.00160791 -0.00161253 -0.00170851 -0.00154398 -0.0017304 -0.0017331 -0.00176759 -0.0016791 -0.00165302 -0.00174407 -0.00178557 -0.00171569 -0.00174116 -0.00167765 -0.00165121 -0.00173946 -0.00173566 -0.00169751 -0.00169583 -0.00172065 -0.00168002 -0.00173843 -0.00173265 -0.00166672 -0.00172908 -0.00165792 -0.0016059 
-0.00188029 -0.00181064 -0.00183467 -0.00177399 -0.00163294 -0.00159039 -0.00152348 -0.00141592 0.00234018 0.00227375 0.00256176 0.00280245 0.00274192 0.140835 0.00294127 0.00287736 0.00277677 0.00253261 0.00253178 -0.00167527 -0.00199125 -0.00186802 -0.00205401 -0.0022018 -0.00221282 -0.00229584 -0.00222259 -0.00219325 -0.00201342 -0.00203602 -0.00221508 -0.00201584 -0.00207161 -0.00208974 -0.00206634 -0.00185815 -0.00198935 -0.0019589 -0.00203326 -0.00195571 -0.00184226 -0.00184807 -0.00197614 -0.00204919 -0.00189729 -0.00190546 -0.00184787 -0.00194166 -0.00196519 -0.00192055 -0.00186036 -0.00182774 -0.00184386 -0.00188633 -0.00182527 -0.00185744 -0.00183939 -0.00181883 -0.00185023 -0.00185956 -0.0018427 -0.00177857 -0.00175049 -0.00172313 -0.00183089 -0.00195208 -0.00190942 -0.00189884 -0.00177627 -0.00187861 -0.00178347 -0.00184637 -0.00194877 -0.00173999 -0.00174067 -0.00173324 -0.00167968 -0.00180897 -0.00179428 -0.00187691 -0.00174119 -0.00182693 -0.00177927 -0.00182239 -0.00189156 -0.00182141 -0.00185839 -0.00173724 -0.0018485 -0.00188556 -0.00188496 -0.00185541 -0.00183669 -0.00184338 -0.00198251 -0.00181307 -0.00185456 -0.00185449 -0.00186497 -0.00177624 
-0.00180066 -0.00181647 -0.00178258 -0.00189964 -0.00182456 -0.00186805 -0.00170351 -0.00162642 -0.00142734 -0.00144223 0.00240863 0.00256245 0.0026653 0.00294127 0.139921 0.00299525 0.00296769 0.00272862 0.00269399 0.00259682 -0.00165735 -0.00168782 -0.00183844 -0.00193764 -0.00206651 -0.00220373 -0.00218246 -0.00207587 -0.00202904 -0.0020235 -0.00215455 -0.00207052 -0.00219796 -0.00199941 -0.00181904 -0.00188875 -0.00191388 -0.00199002 -0.00183753 -0.00184603 -0.00179665 -0.00178647 -0.00191975 -0.0018804 -0.00191808 -0.00187725 -0.00184212 -0.00182475 -0.00179447 -0.00183733 -0.00185893 -0.00178769 -0.00173393 -0.00184899 -0.0018836 -0.00184724 -0.00181127 -0.00184663 -0.00185747 -0.00185592 -0.00180306 -0.00184054 -0.00177661 -0.00170191 -0.00173955 -0.00182301 -0.00170323 -0.00177654 -0.0018371 -0.00183493 -0.00179338 -0.00191344 -0.00191549 -0.00180469 -0.00169509 -0.0017488 -0.00167058 -0.00170413 -0.00184083 -0.00173839 -0.00174503 -0.00184771 -0.00182533 -0.00172598 -0.00179276 -0.00172598 -0.00169415 -0.00168507 -0.0017502 -0.00177432 -0.00177427 -0.00179673 -0.00181544 -0.00178299 -0.00179772 -0.00178763 -0.00181625 -0.00183261 -0.00169335 -0.00173618 
-0.00174184 -0.00182082 -0.00186271 -0.00190084 -0.001869 -0.00175784 -0.00179548 -0.00165146 -0.00150422 -0.00151056 0.00230924 0.0025215 0.00259426 0.00287736 0.00299525 0.141179 0.00302685 0.00261535 0.00279985 0.00260485 -0.0016322 -0.00154179 -0.0017292 -0.00198388 -0.00217783 -0.00226972 -0.00215618 -0.00206749 -0.00209042 -0.00200832 -0.00215624 -0.00209934 -0.00196634 -0.00206491 -0.00183452 -0.0019351 -0.0019033 -0.00198443 -0.00193652 -0.00192689 -0.0017947 -0.00189217 -0.00203215 -0.00192967 -0.00186951 -0.00181317 -0.00180802 -0.00184569 -0.00180968 -0.00177424 -0.0018099 -0.00187141 -0.00188436 -0.00183557 -0.00183909 -0.00180018 -0.00174374 -0.00182845 -0.00186738 -0.00177436 -0.00175757 -0.00184639 -0.00180267 -0.00165254 -0.0017939 -0.00182388 -0.00173554 -0.00181802 -0.00185834 -0.00182959 -0.00182592 -0.0018073 -0.00173297 -0.00181619 -0.00176056 -0.00172023 -0.00171465 -0.00179393 -0.00188882 -0.00177354 -0.00179802 -0.00187251 -0.00185849 -0.00181433 -0.0018934 -0.00178151 -0.00184531 -0.0017264 -0.00180953 -0.00189093 -0.00176484 -0.00175045 -0.00173597 -0.00182274 -0.00181741 -0.00175824 -0.00174542 -0.00185639 -0.00180902 -0.00171678 
-0.00191532 -0.00188875 -0.00187856 -0.00190923 -0.00201718 -0.00201689 -0.00192855 -0.00195206 -0.00179063 -0.00165505 -0.00148198 0.00244811 0.0024076 0.00277677 0.00296769 0.00302685 0.146314 0.00305645 0.00297248 0.00286393 0.00261136 0.00266767 -0.00164993 -0.00183383 -0.0020442 -0.00212087 -0.0021967 -0.00230809 -0.00215962 -0.00218384 -0.00227836 -0.00219726 -0.00214498 -0.00218105 -0.00216951 -0.00206925 -0.00210778 -0.00209698 -0.00204253 -0.00208153 -0.00209853 -0.00195449 -0.002027 -0.00210315 -0.00203679 -0.00190986 -0.0019164 -0.00195872 -0.00186749 -0.00189905 -0.00190472 -0.00202067 -0.00201854 -0.00206035 -0.00195705 -0.00192529 -0.00188823 -0.00190197 -0.00193752 -0.00193947 -0.00190763 -0.00196991 -0.00183111 -0.00182341 -0.00197821 -0.00201867 -0.00198865 -0.00189097 -0.00195408 -0.00192759 -0.00194834 -0.00189368 -0.00189523 -0.00188493 -0.001867 -0.00182093 -0.00185474 -0.00190731 -0.00198865 -0.00187877 -0.00192473 -0.00189576 -0.00188772 -0.00190898 -0.00180683 -0.00199353 -0.00193257 -0.00186391 -0.00193332 -0.00200458 -0.00196739 -0.00187932 -0.0020255 -0.00188723 -0.00187347 -0.00183811 -0.00188751 -0.00193354 -0.00199336 -0.00181987 
-0.00177847 -0.00183417 -0.00191903 -0.00192366 -0.0019965 -0.0019532 -0.0020831 -0.00198433 -0.00184042 -0.00190288 -0.00170596 -0.00176107 -0.00149521 0.00253261 0.00272862 0.00261535 0.00305645 0.144565 0.00309906 0.0030507 0.00278014 0.00278191 0.00270387 -0.00151825 -0.00186479 -0.00192111 -0.0019986 -0.00204482 -0.0021971 -0.00213518 -0.0021197 -0.0021513 -0.00206883 -0.00212285 -0.00206285 -0.00186967 -0.00201969 -0.00199086 -0.00205938 -0.00190063 -0.00197334 -0.00192496 -0.00193631 -0.00195876 -0.00193651 -0.00195683 -0.0018088 -0.0018584 -0.00187897 -0.00182378 -0.00187182 -0.00189155 -0.00193723 -0.00190791 -0.00189386 -0.00186946 -0.00181699 -0.00186258 -0.00180648 -0.00185563 -0.00185198 -0.00180607 -0.00178611 -0.00181908 -0.00182179 -0.00186149 -0.00189378 -0.00188547 -0.00183801 -0.00184645 -0.00184534 -0.00193836 -0.00185748 -0.00178067 -0.00182682 -0.00180737 -0.00174985 -0.00179056 -0.00180991 -0.00191545 -0.00187419 -0.00188094 -0.00193146 -0.00186553 -0.00190889 -0.0018273 -0.00181616 -0.00172727 -0.00176736 -0.00187513 -0.00187689 -0.00185098 -0.00189514 -0.00188592 -0.00185786 -0.00193803 -0.00187155 -0.00187207 -0.00186322 -0.0018024 
-0.00191918 -0.00191566 -0.00189953 -0.00202402 -0.00197801 -0.00200621 -0.00196841 -0.00209977 -0.00198898 -0.00184036 -0.00166365 -0.0017307 -0.00153892 0.00253178 0.00269399 0.00279985 0.00297248 0.00309906 0.1453 0.00315221 0.00285744 0.00282187 0.00258135 -0.00147777 -0.00187876 -0.00181336 -0.00197737 -0.0020956 -0.00206993 -0.00209235 -0.00206533 -0.00219243 -0.00208992 -0.00206036 -0.00209145 -0.00201212 -0.00212658 -0.00202971 -0.00202851 -0.00199526 -0.00182449 -0.00196114 -0.00207609 -0.00198348 -0.00199707 -0.00194329 -0.00197034 -0.0018607 -0.00180913 -0.00191299 -0.00186407 -0.00188349 -0.00179672 -0.00188417 -0.00191024 -0.00183406 -0.00186828 -0.00190852 -0.00191143 -0.00183202 -0.00182923 -0.00199335 -0.00172773 -0.00180799 -0.00184776 -0.00180029 -0.0018674 -0.00188457 -0.00180201 -0.00190112 -0.00177549 -0.00193378 -0.00199267 -0.00182349 -0.00169345 -0.00165099 -0.00187027 -0.00183428 -0.0018815 -0.00184131 -0.00188262 -0.00195942 -0.0019582 -0.0018473 -0.0018213 -0.00192749 -0.00187993 -0.00168391 -0.00174093 -0.00188761 -0.00186594 -0.00185141 -0.00180697 -0.00192465 -0.00195104 -0.00185242 -0.00188013 -0.00194102 -0.00195194 -0.00173469 
-0.00200146 -0.00191317 -0.00200355 -0.00202029 -0.00207684 -0.00209867 -0.00204622 -0.0021991 -0.00214922 -0.00214187 -0.00199503 -0.00189748 -0.00184502 -0.00167527 0.00259682 0.00260485 0.00286393 0.0030507 0.00315221 0.14978 0.00313958 0.00313891 0.00293865 0.00265934 0.00272461 -0.00177289 -0.001907 -0.00201362 -0.0022192 -0.00198868 -0.00233958 -0.00224567 -0.00217756 -0.00223164 -0.00213122 -0.00207835 -0.0021792 -0.00213756 -0.00201591 -0.00209769 -0.00206471 -0.0020152 -0.00218827 -0.00205002 -0.00199958 -0.00198852 -0.0020663 -0.00203866 -0.00198356 -0.00200347 -0.00195074 -0.00188196 -0.00202683 -0.0019086 -0.00199365 -0.0018649 -0.00205925 -0.00197834 -0.00192083 -0.00200153 -0.0020372 -0.00202231 -0.00188404 -0.00197428 -0.00190896 -0.00205722 -0.0020023 -0.00201852 -0.00201186 -0.00202086 -0.00196266 -0.00195653 -0.00193579 -0.00197917 -0.00182524 -0.00188688 -0.00184351 -0.00199692 -0.00192851 -0.00202764 -0.00204182 -0.00195671 -0.00205546 -0.00202888 -0.00203175 -0.00189913 -0.0019525 -0.0020517 -0.00185848 -0.00205459 -0.00200619 -0.00191685 -0.00204913 -0.00193131 -0.00197856 -0.00202329 -0.00206926 -0.00196166 -0.00201931 -0.00189857 
-0.00187756 -0.00188998 -0.00201868 -0.00199294 -0.00208414 -0.00204263 -0.00203996 -0.00215067 -0.0021908 -0.00198411 -0.0021701 -0.00207946 -0.00199436 -0.00199125 -0.00165735 -0.0016322 0.00261136 0.00278014 0.00285744 0.00313958 0.146546 0.00328304 0.00313655 0.0029056 0.00272413 0.00264618 -0.00163347 -0.00175683 -0.00187752 -0.00195896 -0.00208864 -0.00206038 -0.0021061 -0.00215072 -0.00199242 -0.00196635 -0.00198241 -0.0020123 -0.00200166 -0.00196084 -0.00194991 -0.00195587 -0.00202931 -0.00199427 -0.00193249 -0.00191552 -0.00188968 -0.00190507 -0.00196238 -0.00191066 -0.00185349 -0.00195169 -0.00190589 -0.00193142 -0.00185112 -0.00200415 -0.00193595 -0.00197171 -0.00195674 -0.00191175 -0.00185609 -0.00178966 -0.00177067 -0.00187647 -0.00186551 -0.00182174 -0.00192013 -0.00190596 -0.00176921 -0.00179875 -0.00186676 -0.00196592 -0.00189314 -0.00187161 -0.00181724 -0.00178492 -0.00178209 -0.00187045 -0.0018413 -0.00180222 -0.00186262 -0.00195431 -0.00185899 -0.00185689 -0.00183241 -0.00184979 -0.00190662 -0.0018682 -0.00186441 -0.00192072 -0.00183526 -0.001928 -0.00191121 -0.00191348 -0.00197534 -0.00196174 -0.00185907 -0.00180669 -0.00194926 -0.00178097 
-0.00195199 -0.00195634 -0.00194442 -0.00197828 -0.00186897 -0.0021079 -0.0020511 -0.00222467 -0.00213837 -0.0021013 -0.00221587 -0.0020703 -0.00201419 -0.00186802 -0.00168782 -0.00154179 0.00266767 0.00278191 0.00282187 0.00313891 0.00328304 0.146237 0.00322521 0.0028454 0.00286856 0.0025532 -0.00155951 -0.00173651 -0.00193775 -0.00182288 -0.00207403 -0.00205414 -0.00207996 -0.00215884 -0.00193888 -0.00205582 -0.00205183 -0.00204966 -0.00197457 -0.00204034 -0.00193298 -0.00199435 -0.00196728 -0.0019407 -0.00191421 -0.00189162 -0.00186767 -0.00202923 -0.00188287 -0.00192488 -0.00181111 -0.001866 -0.00189395 -0.00193903 -0.001884 -0.00187056 -0.00189694 -0.00186165 -0.00184859 -0.0018195 -0.00192011 -0.00183503 -0.00183985 -0.00177451 -0.00201871 -0.00188838 -0.0019529 -0.00185344 -0.0019478 -0.001872 -0.0018832 -0.00189148 -0.0019025 -0.00185849 -0.00176605 -0.00179172 -0.00184395 -0.00197268 -0.00191235 -0.00188867 -0.00185593 -0.00180714 -0.00186931 -0.00194425 -0.00188873 -0.00197329 -0.00184993 -0.0018141 -0.00181446 -0.00188698 -0.00186378 -0.00185307 -0.00188176 -0.00186736 -0.00194351 -0.00185321 -0.0019025 -0.00190702 -0.00193277 -0.00180692 
-0.00198152 -0.00181137 -0.00186909 -0.00199296 -0.00191642 -0.00211143 -0.00214193 -0.0020251 -0.00206033 -0.00206256 -0.00210579 -0.00215921 -0.00203241 -0.00205401 -0.00183844 -0.0017292 -0.00164993 0.00270387 0.00258135 0.00293865 0.00313655 0.00322521 0.145809 0.00289198 0.00290104 0.00284068 0.00244272 -0.001574 -0.00183963 -0.0017257 -0.00185647 -0.00202336 -0.00200115 -0.00203316 -0.00191687 -0.00193314 -0.00195071 -0.00201567 -0.00195639 -0.00191261 -0.00186161 -0.00199961 -0.00201012 -0.00198142 -0.00189279 -0.00194251 -0.00196513 -0.00191395 -0.00194346 -0.00193688 -0.00195319 -0.001874 -0.00195937 -0.00182762 -0.00187395 -0.00182957 -0.00188831 -0.00194597 -0.00194469 -0.00181202 -0.00181891 -0.00188828 -0.00170931 -0.0018329 -0.00191071 -0.00190294 -0.00188573 -0.00179525 -0.00188313 -0.00195448 -0.00191731 -0.00179104 -0.00197178 -0.0018316 -0.00183374 -0.00178774 -0.00176812 -0.00192859 -0.0018824 -0.0019607 -0.00184295 -0.00200789 -0.00190541 -0.00187794 -0.00186845 -0.00192746 -0.00179103 -0.00179863 -0.00180783 -0.00178477 -0.00188062 -0.00193128 -0.00189985 -0.00193013 -0.0018573 -0.00190633 -0.00187937 -0.00192899 -0.00191621 -0.00183736 
-0.00182871 -0.00184317 -0.001805 -0.0017989 -0.00184715 -0.00194376 -0.00195899 -0.00206911 -0.00204949 -0.00194034 -0.00201771 -0.00205428 -0.00201826 -0.0022018 -0.00193764 -0.00198388 -0.00183383 -0.00151825 -0.00147777 0.00265934 0.0029056 0.0028454 0.00289198 0.141197 0.00301389 0.00278378 0.00254492 0.00230271 -0.00147441 -0.0014526 -0.00160818 -0.00171891 -0.00187903 -0.00192085 -0.00191335 -0.00186975 -0.00195102 -0.0019987 -0.00194392 -0.00182021 -0.00185341 -0.00174944 -0.00180854 -0.00185101 -0.00188497 -0.00189191 -0.00170056 -0.0018071 -0.00176938 -0.0016518 -0.00173786 -0.00179333 -0.00175287 -0.00171518 -0.00179175 -0.00172563 -0.00178316 -0.00183238 -0.00176333 -0.00167191 -0.00167858 -0.00180998 -0.00169305 -0.00164029 -0.00175714 -0.00183759 -0.00181509 -0.00189129 -0.00176443 -0.00183177 -0.00185377 -0.00175735 -0.00176181 -0.00176034 -0.00170635 -0.00166089 -0.00170208 -0.00173836 -0.00166431 -0.00172065 -0.00179574 -0.00169424 -0.00173246 -0.00171007 -0.00179879 -0.00174951 -0.00181224 -0.00169182 -0.00162856 -0.00177385 -0.00170055 -0.00175313 -0.00175458 -0.00178077 -0.00175616 -0.00174769 -0.00182041 -0.00179228 -0.0017035 -0.00168854 
-0.00191315 -0.00192376 -0.0018875 -0.00197561 -0.00199484 -0.00207636 -0.00221968 -0.00223048 -0.00223537 -0.00213899 -0.00224091 -0.00227303 -0.00221658 -0.00221282 -0.00206651 -0.00217783 -0.0020442 -0.00186479 -0.00187876 0.00272461 0.00272413 0.00286856 0.00290104 0.00301389 0.146104 0.00310093 0.00277764 0.00271547 0.00248405 0.00240408 -0.00150594 -0.00171724 -0.00181323 -0.00189982 -0.00200224 -0.0019208 -0.00205706 -0.00211766 -0.00203268 -0.00198499 -0.00202311 -0.00193527 -0.00202634 -0.00201447 -0.00205694 -0.00200024 -0.00197216 -0.00199156 -0.00200239 -0.00199686 -0.002011 -0.0019075 -0.00191801 -0.00203866 -0.00191808 -0.00193929 -0.00194809 -0.00195937 -0.00188436 -0.00190944 -0.00187776 -0.00190406 -0.001852 -0.00179709 -0.00189485 -0.00184998 -0.00191171 -0.00192327 -0.00198272 -0.00188708 -0.00193603 -0.00190267 -0.00185015 -0.00189837 -0.00186025 -0.00177598 -0.00187383 -0.00184845 -0.00184303 -0.00189812 -0.001963 -0.00193489 -0.00194128 -0.00190532 -0.00192182 -0.00183793 -0.0019111 -0.00192179 -0.00175922 -0.00194799 -0.00185837 -0.00185428 -0.00188922 -0.00194654 -0.00193211 -0.00199862 -0.00190701 -0.00191774 -0.00194916 -0.00187723 
-0.00198942 -0.00191608 -0.00195811 -0.00191122 -0.00195284 -0.0020625 -0.00210734 -0.0021689 -0.00214765 -0.00210046 -0.00224241 -0.00224826 -0.00220645 -0.00229584 -0.00220373 -0.00226972 -0.00212087 -0.00192111 -0.00181336 -0.00177289 0.00264618 0.0025532 0.00284068 0.00278378 0.00310093 0.144404 0.00294401 0.00275436 0.00263678 0.00256717 0.00241425 -0.00157421 -0.00154385 -0.00178089 -0.00184916 -0.00184667 -0.00201199 -0.00206605 -0.00213743 -0.00205831 -0.00192556 -0.0019466 -0.00200182 -0.00199879 -0.0020516 -0.00203196 -0.00189298 -0.00185228 -0.00186262 -0.00193912 -0.00181921 -0.00190655 -0.00189123 -0.00190214 -0.0019561 -0.00191717 -0.00189701 -0.0018304 -0.00185197 -0.00194202 -0.0018736 -0.00184272 -0.00182183 -0.0017288 -0.00187851 -0.00185155 -0.00187115 -0.0018768 -0.00187359 -0.00192588 -0.00188642 -0.00180473 -0.00186461 -0.00189768 -0.00181872 -0.00183423 -0.00178952 -0.00189083 -0.00183102 -0.00183688 -0.00187035 -0.00186647 -0.00195021 -0.0019212 -0.00191545 -0.00183874 -0.00180784 -0.00183792 -0.00187716 -0.00186536 -0.00190089 -0.00190758 -0.00192415 -0.00198794 -0.00195259 -0.00188737 -0.00195369 -0.0019422 -0.00196124 -0.00178338 
-0.00178849 -0.00176226 -0.00170502 -0.0018214 -0.00176295 -0.00198496 -0.00192451 -0.00204572 -0.00212784 -0.00195013 -0.00202363 -0.00211585 -0.00210073 -0.00222259 -0.00218246 -0.00215618 -0.0021967 -0.0019986 -0.00197737 -0.001907 -0.00163347 -0.00155951 0.00244272 0.00254492 0.00277764 0.00294401 0.138817 0.00277899 0.00271902 0.00263824 0.00236046 0.00230038 -0.00143587 -0.00151335 -0.0016282 -0.00150781 -0.00174635 -0.00191001 -0.00191737 -0.00192357 -0.00178437 -0.00181492 -0.00190958 -0.00177261 -0.00195774 -0.00191436 -0.00180098 -0.00176231 -0.00179149 -0.00174443 -0.00182685 -0.00182392 -0.00182964 -0.00164102 -0.00172413 -0.00173066 -0.00177075 -0.00188709 -0.00177663 -0.00163592 -0.0017404 -0.00181829 -0.00169743 -0.00166223 -0.00190623 -0.00178421 -0.00184911 -0.00182297 -0.00179229 -0.00176748 -0.001757 -0.00164061 -0.00180139 -0.00170079 -0.00159931 -0.00164998 -0.00175843 -0.00177597 -0.00173053 -0.00174686 -0.00168729 -0.00172375 -0.00182661 -0.00180214 -0.00180088 -0.00175773 -0.00175544 -0.00171912 -0.00167072 -0.0018019 -0.00176877 -0.00175656 -0.00172112 -0.0017396 -0.00177408 -0.00170403 -0.00168932 -0.00167957 -0.00187453 -0.00163912 
-0.00178725 -0.0017907 -0.00175388 -0.00182517 -0.00169398 -0.00196135 -0.0019215 -0.00196303 -0.00197488 -0.00193501 -0.00207883 -0.00212281 -0.00200466 -0.00219325 -0.00207587 -0.00206749 -0.00230809 -0.00204482 -0.0020956 -0.00201362 -0.00175683 -0.00173651 -0.001574 0.00230271 0.00271547 0.00275436 0.00277899 0.137098 0.00278351 0.0028116 0.00254308 0.00248937 0.00234001 -0.00142725 -0.00141677 -0.00153608 -0.00165247 -0.00172299 -0.001799 -0.0019625 -0.00178879 -0.00189287 -0.00190274 -0.00183087 -0.00185646 -0.00186723 -0.00172333 -0.00170653 -0.00177985 -0.00171777 -0.00171784 -0.00176218 -0.00167267 -0.00179072 -0.00165467 -0.001793 -0.0018195 -0.00182471 -0.00174259 -0.00180438 -0.00181538 -0.00182745 -0.00167748 -0.0016734 -0.00172461 -0.00171266 -0.00168222 -0.00181501 -0.00169849 -0.00172238 -0.00173486 -0.00166665 -0.00176134 -0.00170952 -0.00159713 -0.00163083 -0.00159519 -0.001695 -0.00173783 -0.00175023 -0.00174887 -0.00180199 -0.00175029 -0.0017241 -0.00174698 -0.00166734 -0.00177387 -0.00174968 -0.00158345 -0.00175035 -0.00172787 -0.00179752 -0.00170484 -0.0017572 -0.00174428 -0.00172201 -0.00165923 -0.00177207 -0.00169721 -0.00166514 
-0.00164417 -0.00163441 -0.0017898 -0.00177452 -0.00167734 -0.00184334 -0.00190095 -0.00195466 -0.00198239 -0.00181977 -0.00207543 -0.00209468 -0.00196547 -0.00201342 -0.00202904 -0.00209042 -0.00215962 -0.0021971 -0.00206993 -0.0022192 -0.00187752 -0.00193775 -0.00183963 -0.00147441 0.00248405 0.00263678 0.00271902 0.00278351 0.135484 0.00288931 0.00269811 0.00262313 0.0023659 0.00224561 -0.00131233 -0.00141717 -0.00150937 -0.00164332 -0.00182187 -0.00185458 -0.00179508 -0.00173718 -0.00179734 -0.00179907 -0.00179767 -0.00183557 -0.00173329 -0.00175006 -0.00174083 -0.00171593 -0.00165827 -0.00180369 -0.00174628 -0.00169034 -0.00181423 -0.00179351 -0.00172493 -0.00174971 -0.00166512 -0.00169395 -0.00163569 -0.00172965 -0.00165904 -0.00164144 -0.00172644 -0.00171282 -0.00174967 -0.00165499 -0.00178144 -0.00177999 -0.00165566 -0.00169866 -0.00169391 -0.0017469 -0.00167128 -0.00163616 -0.00164804 -0.001713 -0.00165074 -0.00179378 -0.00175995 -0.00174184 -0.00175965 -0.00178815 -0.00176133 -0.00182908 -0.00168865 -0.00166343 -0.00167641 -0.00167945 -0.00174326 -0.00168159 -0.00178719 -0.00173435 -0.0017033 -0.00170123 -0.00168061 -0.00170231 -0.00162041 -0.00158204 
-0.00173287 -0.00165493 -0.00180184 -0.00178605 -0.00176777 -0.0019247 -0.00182948 -0.00198254 -0.00196642 -0.00187225 -0.00209449 -0.00201221 -0.00196632 -0.00203602 -0.0020235 -0.00200832 -0.00218384 -0.00213518 -0.00209235 -0.00198868 -0.00195896 -0.00182288 -0.0017257 -0.0014526 0.00240408 0.00256717 0.00263824 0.0028116 0.00288931 0.134063 0.00268063 0.00250418 0.00231445 0.00215588 -0.00142986 -0.00137189 -0.0014747 -0.0016084 -0.00165136 -0.00181362 -0.00176301 -0.00153522 -0.00177539 -0.00174889 -0.00185915 -0.00179647 -0.00166812 -0.00167657 -0.00173605 -0.00166973 -0.00179878 -0.00177298 -0.0017156 -0.00174842 -0.00167145 -0.00171323 -0.00171947 -0.00173511 -0.00162801 -0.001687 -0.00168821 -0.00164918 -0.00151933 -0.0016602 -0.00169351 -0.00174845 -0.00169458 -0.00173556 -0.00173245 -0.0017318 -0.00161927 -0.00172742 -0.00164409 -0.00182653 -0.00164786 -0.00163529 -0.00159219 -0.00173506 -0.00162542 -0.00175558 -0.00171663 -0.00173873 -0.00165416 -0.00170611 -0.00166618 -0.00176338 -0.00170854 -0.00166782 -0.00166004 -0.00173225 -0.00164231 -0.00164326 -0.0016435 -0.00160429 -0.00181335 -0.00165433 -0.00173097 -0.0016585 -0.00174088 -0.00163289 
-0.00173054 -0.00179282 -0.00175311 -0.0018424 -0.001728 -0.00191677 -0.00186069 -0.00185544 -0.00206797 -0.00186219 -0.00207431 -0.00209342 -0.00202557 -0.00221508 -0.00215455 -0.00215624 -0.00227836 -0.0021197 -0.00206533 -0.00233958 -0.00208864 -0.00207403 -0.00185647 -0.00160818 -0.00150594 0.00241425 0.00236046 0.00254308 0.00269811 0.00268063 0.134335 0.00271392 0.00256379 0.00232431 0.00217431 0.00214845 -0.00137949 -0.00138316 -0.00156714 -0.00162747 -0.00165698 -0.00172996 -0.00181224 -0.00181998 -0.00185447 -0.00186245 -0.00175484 -0.00171192 -0.00172854 -0.00175056 -0.00179328 -0.0017194 -0.00174518 -0.00171163 -0.00185428 -0.00176099 -0.00172819 -0.00173296 -0.00173361 -0.00177745 -0.00174795 -0.00174349 -0.00169145 -0.00166862 -0.00171013 -0.0016437 -0.00168629 -0.00168166 -0.00168454 -0.00174345 -0.00167558 -0.0017445 -0.00173316 -0.00171098 -0.00172036 -0.00178222 -0.0016342 -0.00167885 -0.00175685 -0.00172821 -0.00181068 -0.00169321 -0.00176474 -0.00175521 -0.00178007 -0.00176613 -0.0018655 -0.00166353 -0.00164193 -0.00162559 -0.00169606 -0.00168242 -0.00172504 -0.00172865 -0.00177099 -0.00170384 -0.00167472 -0.00173777 -0.00173801 -0.00170485 
-0.00164566 -0.00179578 -0.0017011 -0.00175154 -0.00172989 -0.00183914 -0.00187931 -0.00199547 -0.00206482 -0.00181863 -0.00201383 -0.00206946 -0.00201685 -0.00201584 -0.00207052 -0.00209934 -0.00219726 -0.0021513 -0.00219243 -0.00224567 -0.00206038 -0.00205414 -0.00202336 -0.00171891 -0.00171724 -0.00157421 0.00230038 0.00248937 0.00262313 0.00250418 0.00271392 0.132823 0.0025632 0.00243541 0.00214105 0.00227153 0.0020498 -0.00132425 -0.00138806 -0.00152456 -0.001636 -0.00159488 -0.00182582 -0.00175207 -0.00179094 -0.00182699 -0.00176258 -0.00173008 -0.00174378 -0.00169143 -0.00171039 -0.00169431 -0.00164865 -0.00169922 -0.00170648 -0.00173898 -0.00170309 -0.00169374 -0.00172392 -0.00171789 -0.00177684 -0.00179366 -0.00161942 -0.00160185 -0.00167957 -0.00160665 -0.00171301 -0.00172417 -0.00175279 -0.00169036 -0.00177736 -0.0016813 -0.00167444 -0.00168968 -0.00168939 -0.00159785 -0.00164919 -0.00171997 -0.00176151 -0.00176596 -0.00165514 -0.00164319 -0.00166548 -0.00167395 -0.00171061 -0.00166216 -0.00166329 -0.00164644 -0.00168503 -0.00168452 -0.00182545 -0.00170656 -0.00173483 -0.00177228 -0.00168083 -0.00169417 -0.00173182 -0.00164696 -0.00173068 -0.00166602 
-0.00161992 -0.00168338 -0.00171309 -0.00158577 -0.00171244 -0.00185482 -0.00188618 -0.0018568 -0.00184876 -0.00188251 -0.00200029 -0.00210548 -0.00189232 -0.00207161 -0.00219796 -0.00196634 -0.00214498 -0.00206883 -0.00208992 -0.00217756 -0.0021061 -0.00207996 -0.00200115 -0.00187903 -0.00181323 -0.00154385 -0.00143587 0.00234001 0.0023659 0.00231445 0.00256379 0.0025632 0.131468 0.00249393 0.00237165 0.00233623 0.00213131 0.00208085 -0.00130472 -0.00141923 -0.00155661 -0.00152169 -0.00175271 -0.0017838 -0.00171278 -0.0017647 -0.00170918 -0.0016126 -0.00172981 -0.00169917 -0.00175946 -0.00174723 -0.00172196 -0.00165382 -0.00173749 -0.00165825 -0.00172194 -0.00167443 -0.00170245 -0.00166131 -0.00172421 -0.00169536 -0.00160207 -0.00162816 -0.0018092 -0.00174784 -0.00160617 -0.00166233 -0.00174281 -0.00181675 -0.00162124 -0.00163298 -0.00175196 -0.00159323 -0.00163415 -0.00159816 -0.00162331 -0.00170771 -0.00170951 -0.00166297 -0.00172056 -0.00164344 -0.00166652 -0.00168382 -0.00162679 -0.00167154 -0.00167514 -0.0015526 -0.00166456 -0.00175049 -0.00173886 -0.00176295 -0.00170666 -0.00169577 -0.00177996 -0.00164139 -0.00168781 -0.00172221 -0.00162668 -0.00161757 
