0.123031 0.00230778 0.00221354 0.00211896 0.00212014 0.00202536 -0.0011879 -0.00128161 -0.00139381 -0.00142053 -0.00162965 -0.00187762 -0.00176093 -0.00191491 -0.00175868 -0.00188414 -0.00193545 -0.00190906 -0.00191372 -0.00197337 -0.0018063 -0.00194273 -0.00177777 -0.001771 -0.00187556 -0.00193735 -0.00176985 -0.00173417 -0.00178266 -0.00162447 -0.00170406 -0.00173999 -0.00168059 -0.00175475 -0.00160183 -0.00154055 -0.00165862 -0.00155801 -0.00162583 -0.00163038 -0.00155645 -0.00158064 -0.00165207 -0.00166106 -0.00151652 -0.00162939 -0.00145994 -0.00150874 -0.00150692 -0.00157023 -0.00150359 -0.00147308 -0.00148767 -0.00148271 -0.00149213 -0.0015678 -0.00163154 -0.00156471 -0.00156275 -0.00146267 -0.00158139 -0.00152245 -0.00145925 -0.00146065 -0.00151347 -0.00155128 -0.00149293 -0.00155622 -0.00148455 -0.00152062 -0.00156923 -0.00153489 -0.00145 -0.00152806 -0.00143615 -0.00145795 -0.0014777 -0.00147482 -0.00146969 -0.00145344 -0.00153499 -0.00149666 -0.00153255 -0.00150612 -0.00144311 -0.00152694 -0.00144121 -0.0015062 -0.00139895 -0.00158703 -0.00147916 -0.0014085 -0.00136896 -0.001181 -0.0011659 -0.00118032 0.00190961 0.00199631 0.00211973 0.00213807 
0.00230778 0.123445 0.00229358 0.00227234 0.00210512 0.00221763 0.00202761 -0.00115976 -0.00132993 -0.00142058 -0.00164643 -0.00162562 -0.00170831 -0.00183485 -0.00179911 -0.00187653 -0.0020189 -0.00183119 -0.00191855 -0.00205378 -0.00194551 -0.00198637 -0.00184497 -0.00172702 -0.00189868 -0.00199681 -0.00184447 -0.00175639 -0.00168509 -0.00168615 -0.00179239 -0.00177389 -0.00162976 -0.00177208 -0.00169187 -0.0015762 -0.00166734 -0.00161556 -0.00171364 -0.00161893 -0.001512 -0.00163751 -0.00166472 -0.00159522 -0.00157988 -0.00157472 -0.00161513 -0.00162857 -0.00146866 -0.00155977 -0.00153846 -0.00153684 -0.00148997 -0.00150152 -0.00149959 -0.0014419 -0.0015299 -0.00148007 -0.00146048 -0.00149861 -0.00146168 -0.00143567 -0.0014063 -0.00144497 -0.00151514 -0.00138792 -0.00151722 -0.00153206 -0.00160408 -0.0014998 -0.00151924 -0.00146435 -0.0015147 -0.00152932 -0.00145149 -0.00142478 -0.00154131 -0.00152649 -0.00148075 -0.0015162 -0.00150862 -0.00156195 -0.00154043 -0.00152168 -0.00148351 -0.00150117 -0.00149072 -0.00151558 -0.00146835 -0.00149644 -0.00145044 -0.00146157 -0.00147368 -0.00131371 -0.00129774 -0.00128922 -0.00115937 0.00179126 0.00198254 0.00212446 
0.00221354 0.00229358 0.123889 0.0022718 0.00219808 0.00231311 0.00216015 0.00207442 -0.00129471 -0.00125696 -0.00148915 -0.00164344 -0.00158474 -0.00179501 -0.00188745 -0.00182861 -0.00192003 -0.00187172 -0.00186111 -0.0020788 -0.00198668 -0.00183102 -0.00193609 -0.0017677 -0.00199441 -0.00200858 -0.00178625 -0.00172773 -0.00180775 -0.00171915 -0.00179296 -0.0017133 -0.00161821 -0.00168678 -0.00154872 -0.00163228 -0.00168797 -0.00162974 -0.00162742 -0.0016347 -0.00153192 -0.00153084 -0.00169362 -0.00165058 -0.00150513 -0.00166559 -0.00158987 -0.00157821 -0.00160911 -0.0015276 -0.00157901 -0.00154347 -0.00157358 -0.00149515 -0.00139426 -0.00142323 -0.0015514 -0.00144305 -0.00149909 -0.00148834 -0.00149195 -0.00145974 -0.00144273 -0.00143136 -0.00156697 -0.00153547 -0.00156543 -0.00155846 -0.00156973 -0.00152702 -0.00154558 -0.0015552 -0.00152109 -0.00158099 -0.00141979 -0.00139122 -0.00150901 -0.00150552 -0.00156873 -0.00155664 -0.00154148 -0.00160776 -0.00157917 -0.00152561 -0.00154287 -0.00157141 -0.00152721 -0.00144703 -0.00149044 -0.00147796 -0.00152576 -0.0015163 -0.00147982 -0.00140918 -0.00149128 -0.00133701 -0.00123652 -0.00111381 0.00182784 0.00200349 
0.00211896 0.00227234 0.0022718 0.12447 0.00232277 0.00231267 0.00231152 0.00221123 0.00210403 -0.00107122 -0.00143304 -0.00146976 -0.00152585 -0.00179976 -0.00181006 -0.00188051 -0.00193661 -0.00181943 -0.00197531 -0.00204744 -0.0019226 -0.00191996 -0.00199603 -0.00176515 -0.00197102 -0.001935 -0.00186745 -0.00179265 -0.00184835 -0.00168558 -0.00191485 -0.00178679 -0.00170351 -0.00164834 -0.00162619 -0.00160552 -0.00176253 -0.00168835 -0.00159486 -0.00167114 -0.00161833 -0.00159594 -0.00165886 -0.00151757 -0.00167254 -0.00173247 -0.00152366 -0.00149997 -0.00157886 -0.00153846 -0.00154524 -0.00156907 -0.00158763 -0.00154171 -0.00151323 -0.00152912 -0.00153325 -0.00154443 -0.00157849 -0.001586 -0.00156957 -0.00156011 -0.00149754 -0.00148039 -0.00150001 -0.00163375 -0.0015288 -0.00146506 -0.00156684 -0.00155408 -0.00150557 -0.00151857 -0.00156189 -0.00151704 -0.00143967 -0.00139969 -0.00143259 -0.0015467 -0.00155765 -0.00162686 -0.0016074 -0.00153231 -0.00150988 -0.00149893 -0.00146592 -0.00156492 -0.001494 -0.00152739 -0.0014689 -0.00153966 -0.00151749 -0.00153233 -0.00157379 -0.00149831 -0.00147017 -0.00140043 -0.00124655 -0.00129041 -0.00119128 0.00193685 
0.00212014 0.00210512 0.00219808 0.00232277 0.124968 0.00253103 0.00238856 0.00234215 0.00214524 0.00206519 -0.00124861 -0.00138807 -0.00136853 -0.00165768 -0.00179551 -0.00176993 -0.00196945 -0.00197829 -0.00188868 -0.00211589 -0.00193655 -0.00194829 -0.00201503 -0.00184107 -0.00194067 -0.00211493 -0.00182418 -0.00175885 -0.00174561 -0.00170362 -0.00187557 -0.0017544 -0.00175406 -0.0016696 -0.00168781 -0.00157357 -0.00173713 -0.00175305 -0.00169423 -0.00161211 -0.00157494 -0.00161379 -0.00155257 -0.00168884 -0.00168769 -0.00153546 -0.00158339 -0.00161898 -0.00154763 -0.00148537 -0.0015014 -0.00150969 -0.00158366 -0.00165298 -0.0015799 -0.00158278 -0.00162093 -0.0015339 -0.00159896 -0.00156319 -0.00153519 -0.00150288 -0.00142495 -0.00143367 -0.00154124 -0.00155906 -0.00154382 -0.00158079 -0.0015269 -0.00153538 -0.00154246 -0.00147578 -0.00163794 -0.00157356 -0.00145051 -0.00149009 -0.00150584 -0.0015788 -0.00156717 -0.00155194 -0.0015449 -0.00156021 -0.00151345 -0.00154938 -0.00164373 -0.00155869 -0.0016079 -0.00151569 -0.0015594 -0.00155359 -0.00149915 -0.00152766 -0.00152986 -0.00154892 -0.00156053 -0.00153339 -0.00136666 -0.00138602 -0.00123339 -0.00109865 
0.00202536 0.00221763 0.00231311 0.00231267 0.00253103 0.128186 0.00243857 0.00244174 0.00232279 0.00224041 0.00202415 -0.00129765 -0.00148549 -0.00151197 -0.00184208 -0.00186178 -0.00209092 -0.00205263 -0.00203192 -0.00210912 -0.0020954 -0.00210485 -0.00204614 -0.00194881 -0.00220533 -0.0020613 -0.00193708 -0.00195166 -0.00186879 -0.00183717 -0.00192972 -0.00195537 -0.00187573 -0.00188953 -0.00168519 -0.00167827 -0.00176738 -0.00176748 -0.0017925 -0.00175342 -0.001631 -0.00166766 -0.00166864 -0.00173492 -0.00159987 -0.0016943 -0.00167378 -0.00167665 -0.00172226 -0.00170884 -0.00168513 -0.00166918 -0.00169486 -0.0017137 -0.00180488 -0.0016537 -0.00166877 -0.00161576 -0.00160084 -0.00156084 -0.0015721 -0.00163669 -0.00155896 -0.00147516 -0.00169273 -0.00160413 -0.00163354 -0.00159426 -0.00158695 -0.00162554 -0.00157343 -0.00163548 -0.00159672 -0.0016095 -0.00154388 -0.00155452 -0.00152817 -0.00162145 -0.00164797 -0.00167039 -0.00161285 -0.00169814 -0.00155824 -0.00161965 -0.00164469 -0.0016122 -0.00163618 -0.00148466 -0.00147535 -0.00160175 -0.0015815 -0.00165053 -0.00167966 -0.00152346 -0.00162022 -0.00163234 -0.00153082 -0.00151357 -0.00125661 -0.00127881 
-0.0011879 0.00202761 0.00216015 0.00231152 0.00238856 0.00243857 0.128985 0.00250963 0.00236417 0.0022795 0.00229163 0.00211469 -0.0013337 -0.00160901 -0.00174381 -0.00173787 -0.0019689 -0.00201609 -0.00202966 -0.00215154 -0.00219309 -0.00213965 -0.00202768 -0.00190176 -0.00215137 -0.00226611 -0.00199604 -0.00208041 -0.0018764 -0.00185539 -0.00192702 -0.00186024 -0.00179433 -0.00189287 -0.0017385 -0.00166376 -0.00186689 -0.00176064 -0.00172396 -0.00171079 -0.00173998 -0.00169139 -0.00175172 -0.00175886 -0.00173593 -0.00173911 -0.00164894 -0.00176747 -0.0015647 -0.00166204 -0.00161226 -0.00162082 -0.00162228 -0.0016379 -0.0016304 -0.00169272 -0.00167753 -0.00167778 -0.00160854 -0.00164965 -0.00163152 -0.00160424 -0.00144083 -0.00152382 -0.00169498 -0.0015717 -0.00167976 -0.00160025 -0.00166848 -0.00161321 -0.00164827 -0.00164352 -0.00170264 -0.00165488 -0.0015714 -0.00151706 -0.00153528 -0.0016027 -0.00159596 -0.00162814 -0.0015944 -0.00168517 -0.00166253 -0.00163534 -0.00159096 -0.00166137 -0.00162337 -0.00149904 -0.00154992 -0.00161876 -0.00156714 -0.00165471 -0.001655 -0.00168092 -0.00167302 -0.00170385 -0.00166813 -0.00157277 -0.00148153 -0.00126943 
-0.00128161 -0.00115976 0.00207442 0.00221123 0.00234215 0.00244174 0.00250963 0.130176 0.00255648 0.00244865 0.00230101 0.00236008 0.00205121 -0.00150549 -0.00170912 -0.00161145 -0.00175333 -0.00205784 -0.00201674 -0.00217312 -0.00217714 -0.00198697 -0.00212745 -0.00196103 -0.00222619 -0.00208301 -0.00202078 -0.00196452 -0.00203795 -0.00196714 -0.00198655 -0.00187811 -0.00182377 -0.00181375 -0.0017956 -0.00172267 -0.00180383 -0.00187262 -0.00176576 -0.00168797 -0.00169742 -0.00165635 -0.00177808 -0.0017621 -0.00180358 -0.00172745 -0.0016548 -0.00174853 -0.0016502 -0.00167301 -0.00173591 -0.00161974 -0.00167166 -0.00169809 -0.00164014 -0.00165031 -0.00171226 -0.0015771 -0.0016466 -0.00163468 -0.00171268 -0.00175629 -0.00157453 -0.00162571 -0.00168236 -0.00165364 -0.00173271 -0.00163338 -0.00165995 -0.001669 -0.00165157 -0.00167974 -0.00165545 -0.00162515 -0.00163992 -0.00157719 -0.00156541 -0.00171409 -0.00173089 -0.00156109 -0.00167855 -0.00174379 -0.00175834 -0.00176057 -0.00171218 -0.00166646 -0.00155237 -0.00159117 -0.00157914 -0.00161167 -0.00166734 -0.0016516 -0.00162481 -0.00161533 -0.00172984 -0.00163088 -0.00162589 -0.00154306 -0.00155628 -0.00136356 
-0.00139381 -0.00132993 -0.00129471 0.00210403 0.00214524 0.00232279 0.00236417 0.00255648 0.13176 0.00261784 0.00249213 0.00250194 0.00230565 0.00226377 -0.00161458 -0.00157998 -0.00165251 -0.00195377 -0.00196676 -0.00219344 -0.00215375 -0.00206008 -0.00211992 -0.00202212 -0.00224177 -0.00208465 -0.00198788 -0.00199713 -0.0019551 -0.00184756 -0.00190217 -0.00187177 -0.00198791 -0.00186956 -0.00170992 -0.00176293 -0.00181129 -0.0017773 -0.00178791 -0.00185584 -0.00170658 -0.00171003 -0.00181007 -0.00186798 -0.0018968 -0.00177284 -0.00172097 -0.00174078 -0.00171779 -0.00180563 -0.00172412 -0.00168912 -0.001601 -0.00163776 -0.00177512 -0.00168792 -0.00175486 -0.00171778 -0.00165459 -0.00175168 -0.0016726 -0.00168575 -0.00155299 -0.00162461 -0.00166901 -0.00174265 -0.00171017 -0.00175133 -0.00162769 -0.00173321 -0.00174856 -0.00165899 -0.00174128 -0.00161238 -0.00161954 -0.00158661 -0.00158594 -0.00163026 -0.00173132 -0.00168693 -0.00167619 -0.0017369 -0.00170642 -0.00164974 -0.00169907 -0.00168847 -0.00173233 -0.00165161 -0.00160937 -0.0016454 -0.00172192 -0.00166854 -0.00165744 -0.0017075 -0.00174123 -0.00170979 -0.00164302 -0.00169861 -0.00163969 -0.00154938 
-0.00142053 -0.00142058 -0.00125696 -0.00107122 0.00206519 0.00224041 0.0022795 0.00244865 0.00261784 0.13003 0.00256513 0.00252479 0.00243071 0.00226014 -0.00147495 -0.00139994 -0.00164714 -0.00181202 -0.00187391 -0.00222212 -0.00194702 -0.00195304 -0.00208075 -0.00192701 -0.0020916 -0.00210938 -0.00187436 -0.00188679 -0.00198979 -0.00190546 -0.00194334 -0.00186809 -0.00181009 -0.00185389 -0.00176237 -0.00170112 -0.00176734 -0.00177899 -0.00175414 -0.00177196 -0.00167165 -0.00173796 -0.00168061 -0.00177321 -0.00170134 -0.00163345 -0.00167642 -0.00171833 -0.00160905 -0.00173484 -0.00169398 -0.00159221 -0.00165426 -0.0016237 -0.00157616 -0.00165904 -0.00156665 -0.00163465 -0.00157764 -0.00170747 -0.00160983 -0.00168517 -0.00158723 -0.00162432 -0.00164205 -0.00164062 -0.00155295 -0.00169824 -0.00158708 -0.00164894 -0.00159112 -0.00171248 -0.00161739 -0.00161793 -0.00164167 -0.00151712 -0.00154072 -0.00166224 -0.00163478 -0.00168454 -0.00160871 -0.00164428 -0.00161732 -0.00163929 -0.00165692 -0.001613 -0.00157541 -0.00161082 -0.00152485 -0.00166625 -0.00164193 -0.00161754 -0.00169141 -0.00166738 -0.00166155 -0.00164275 -0.00163357 -0.00153836 -0.00161354 -0.00150207 
-0.00162965 -0.00164643 -0.00148915 -0.00143304 -0.00124861 0.00202415 0.00229163 0.00230101 0.00249213 0.00256513 0.134791 0.00282272 0.00265398 0.00254249 0.00235853 0.00229948 -0.00150651 -0.00171291 -0.00179583 -0.00204991 -0.00218967 -0.00212728 -0.00220146 -0.00206833 -0.00216094 -0.00214882 -0.00204694 -0.00208138 -0.00194708 -0.00204646 -0.00205127 -0.00193859 -0.00198861 -0.00194252 -0.00180959 -0.00186466 -0.00189827 -0.00191141 -0.00186014 -0.00186644 -0.00178138 -0.00180078 -0.00186266 -0.00185454 -0.00183811 -0.00188014 -0.00178513 -0.00166215 -0.00176938 -0.00174746 -0.00175872 -0.00166461 -0.00169965 -0.00173038 -0.00172854 -0.00169197 -0.00178758 -0.00175635 -0.00180062 -0.00171602 -0.00174348 -0.00172731 -0.00170661 -0.00162001 -0.00176171 -0.00176357 -0.0018305 -0.00171767 -0.00173234 -0.00171315 -0.0017846 -0.00173753 -0.00177373 -0.00181245 -0.00166968 -0.00160831 -0.0016175 -0.00179842 -0.00168057 -0.00175793 -0.00177745 -0.00177793 -0.00174735 -0.00186412 -0.00164749 -0.0017417 -0.0017579 -0.00171695 -0.001675 -0.00170408 -0.00166113 -0.00185169 -0.00172451 -0.00173554 -0.00178311 -0.00169823 -0.00169459 -0.00180647 -0.001665 -0.00157683 
-0.00187762 -0.00162562 -0.00164344 -0.00146976 -0.00138807 -0.00129765 0.00211469 0.00236008 0.00250194 0.00252479 0.00282272 0.136574 0.00282389 0.00286993 0.00247847 0.00258627 0.00248674 -0.00168051 -0.0017476 -0.00187881 -0.00207633 -0.00201583 -0.00218789 -0.00213029 -0.00224228 -0.00217037 -0.00206606 -0.00210206 -0.00209152 -0.00202247 -0.00202815 -0.00200006 -0.0019793 -0.00200171 -0.00189234 -0.00182379 -0.00196439 -0.00180456 -0.00190756 -0.001912 -0.00186896 -0.0018598 -0.0019786 -0.00183581 -0.00197421 -0.00188623 -0.0017918 -0.00179111 -0.00181761 -0.00176565 -0.00185775 -0.00182396 -0.00174462 -0.00182619 -0.00181403 -0.00177998 -0.00180569 -0.00181028 -0.00180062 -0.00179324 -0.00175146 -0.00181938 -0.00175181 -0.00169909 -0.00172329 -0.00176794 -0.00179275 -0.00174664 -0.00165907 -0.00177419 -0.00170153 -0.00174439 -0.00175644 -0.00172096 -0.0016838 -0.00166682 -0.00167324 -0.00181428 -0.00180215 -0.00179371 -0.00181685 -0.00173124 -0.00180289 -0.00183791 -0.00175537 -0.00174676 -0.0018307 -0.00167225 -0.00168278 -0.0017745 -0.00182607 -0.00178247 -0.00183841 -0.0017622 -0.00187026 -0.00178378 -0.00176628 -0.00179106 -0.0018223 -0.00175279 
-0.00176093 -0.00170831 -0.00158474 -0.00152585 -0.00136853 -0.00148549 -0.0013337 0.00205121 0.00230565 0.00243071 0.00265398 0.00282389 0.135277 0.00261824 0.00250313 0.00253357 0.00248987 -0.00162158 -0.00146723 -0.0017741 -0.0019929 -0.00193893 -0.00213702 -0.00203894 -0.00217459 -0.00216825 -0.00201037 -0.00198244 -0.00199361 -0.00190021 -0.00188635 -0.00193444 -0.00197236 -0.0019362 -0.00178477 -0.00186805 -0.00188211 -0.00191933 -0.00186125 -0.00176033 -0.00171252 -0.00177799 -0.00180714 -0.00193668 -0.00185025 -0.00187955 -0.00176838 -0.0017805 -0.001735 -0.00169114 -0.00165978 -0.00170108 -0.00168599 -0.0017441 -0.00169059 -0.00178109 -0.00164328 -0.00176444 -0.00171109 -0.00168412 -0.00163362 -0.00161502 -0.00166821 -0.00169014 -0.00165074 -0.00168132 -0.00170837 -0.00176607 -0.00169121 -0.00174424 -0.00169953 -0.00176489 -0.00177482 -0.0016385 -0.00161679 -0.00156292 -0.00157547 -0.00168979 -0.00167233 -0.00180784 -0.00172811 -0.00183985 -0.00169087 -0.00170595 -0.00176618 -0.00167195 -0.00170698 -0.00159252 -0.00166993 -0.00179929 -0.00173718 -0.00174687 -0.00181559 -0.001711 -0.00168826 -0.0016417 -0.00170752 -0.00171352 -0.00172552 -0.00159857 
-0.00191491 -0.00183485 -0.00179501 -0.00179976 -0.00165768 -0.00151197 -0.00160901 -0.00150549 0.00226377 0.00226014 0.00254249 0.00286993 0.00261824 0.140818 0.00280947 0.00288709 0.00275555 0.00244651 0.00254996 -0.00166341 -0.00193265 -0.00186366 -0.00195408 -0.00204504 -0.00236459 -0.00226485 -0.00215976 -0.00214768 -0.00217202 -0.00211288 -0.00208556 -0.00204899 -0.00210738 -0.00209726 -0.00189069 -0.00191907 -0.0019625 -0.00201612 -0.00199131 -0.00194361 -0.00191826 -0.00196733 -0.0020469 -0.00194008 -0.00200036 -0.00196967 -0.00190697 -0.00179622 -0.00185518 -0.00185956 -0.00192951 -0.00182577 -0.00181536 -0.00174891 -0.00177362 -0.0018215 -0.00181014 -0.00179268 -0.00184665 -0.00185021 -0.00181914 -0.00185925 -0.00182697 -0.00169094 -0.00185945 -0.00178151 -0.00186507 -0.00185778 -0.00184559 -0.00179707 -0.00177579 -0.00184163 -0.00178028 -0.0018582 -0.00173263 -0.00172468 -0.00179433 -0.00183892 -0.00193669 -0.00184077 -0.00185485 -0.00187515 -0.00192172 -0.00187266 -0.00180264 -0.00187748 -0.0018725 -0.00172838 -0.0017214 -0.00180724 -0.00190788 -0.00178168 -0.00187022 -0.00189072 -0.00183216 -0.00182714 -0.00175485 -0.00186567 -0.00189351 -0.00168997 
-0.00175868 -0.00179911 -0.00188745 -0.00181006 -0.00179551 -0.00184208 -0.00174381 -0.00170912 -0.00161458 -0.00147495 0.00235853 0.00247847 0.00250313 0.00280947 0.139628 0.00308244 0.00293828 0.00272781 0.00265461 0.00265483 -0.00162836 -0.00171973 -0.00173585 -0.00202674 -0.00210812 -0.00216094 -0.00211346 -0.00212813 -0.00208742 -0.00201748 -0.00209085 -0.00202019 -0.00210711 -0.00201992 -0.00189765 -0.00200058 -0.00201621 -0.00203014 -0.00191586 -0.0019495 -0.0018434 -0.00180411 -0.00189392 -0.00181426 -0.00187528 -0.00197996 -0.00170549 -0.00173807 -0.00184642 -0.00171371 -0.00178734 -0.00177702 -0.00176812 -0.00182172 -0.00173955 -0.0017824 -0.00172651 -0.00174369 -0.00174215 -0.00179745 -0.0017575 -0.00178529 -0.00175941 -0.00167108 -0.00180042 -0.00175706 -0.0018668 -0.00185421 -0.00182325 -0.00174704 -0.00179324 -0.00171287 -0.00183084 -0.00193486 -0.00173367 -0.00171915 -0.00170056 -0.00181242 -0.00176962 -0.00173198 -0.00176787 -0.00177608 -0.0017661 -0.00186561 -0.00180277 -0.00179466 -0.00185247 -0.00163306 -0.00162011 -0.00174114 -0.00172816 -0.00180245 -0.00171945 -0.00167487 -0.00177949 -0.00178627 -0.00183926 -0.00171839 -0.00178085 -0.00171526 
-0.00188414 -0.00187653 -0.00182861 -0.00188051 -0.00176993 -0.00186178 -0.00173787 -0.00161145 -0.00157998 -0.00139994 0.00229948 0.00258627 0.00253357 0.00288709 0.00308244 0.141513 0.00307939 0.00266804 0.00275378 0.00264207 -0.00162025 -0.0016303 -0.00178978 -0.00195217 -0.00216112 -0.00218115 -0.00210431 -0.00211451 -0.00202108 -0.00197423 -0.00204839 -0.00207992 -0.00205255 -0.00203445 -0.00187804 -0.00194785 -0.00197211 -0.00200729 -0.0019291 -0.00193583 -0.00193825 -0.00189604 -0.00188648 -0.00191909 -0.00192653 -0.00196065 -0.00188136 -0.00188212 -0.00187695 -0.00192859 -0.00181563 -0.00174231 -0.00179622 -0.00183378 -0.00189217 -0.00182229 -0.00179223 -0.00181505 -0.00186373 -0.00180515 -0.00191025 -0.00179315 -0.00174173 -0.00183176 -0.00176025 -0.00190003 -0.00186923 -0.00177294 -0.0017554 -0.00190351 -0.00180515 -0.00175772 -0.00167779 -0.00178853 -0.0017029 -0.00168924 -0.00161363 -0.00177492 -0.00179572 -0.00181788 -0.00173382 -0.00185882 -0.00181754 -0.00179269 -0.00183318 -0.00181839 -0.00183931 -0.00170123 -0.00173453 -0.00177763 -0.0017998 -0.00180256 -0.0017349 -0.00186067 -0.00185869 -0.00181443 -0.0018492 -0.00190156 -0.0018938 -0.00182052 
-0.00193545 -0.0020189 -0.00192003 -0.00193661 -0.00196945 -0.00209092 -0.0019689 -0.00175333 -0.00165251 -0.00164714 -0.00150651 0.00248674 0.00248987 0.00275555 0.00293828 0.00307939 0.146519 0.00306827 0.00301841 0.00292458 0.00254707 0.00264352 -0.00171624 -0.00183907 -0.00211447 -0.00224917 -0.00226759 -0.00220596 -0.00217471 -0.00206277 -0.00217434 -0.00228366 -0.00219055 -0.00213885 -0.00205131 -0.00203853 -0.00203161 -0.00204044 -0.00201448 -0.00202858 -0.00207997 -0.0019675 -0.00207859 -0.00205284 -0.00211826 -0.00217126 -0.00205205 -0.00191291 -0.00196959 -0.0019438 -0.00189589 -0.00198146 -0.00197979 -0.00191157 -0.00204125 -0.00197833 -0.00200988 -0.00190503 -0.00196325 -0.00195132 -0.00195123 -0.00194273 -0.00188024 -0.00192715 -0.00197297 -0.00190344 -0.00198533 -0.00195709 -0.00187808 -0.00185585 -0.00196932 -0.00185777 -0.0018787 -0.00189377 -0.00178117 -0.00190132 -0.00187728 -0.00190422 -0.00184282 -0.00192669 -0.00187865 -0.00190176 -0.0019068 -0.00191395 -0.00190204 -0.00188505 -0.00196709 -0.00180415 -0.00186429 -0.00195966 -0.00196885 -0.00192625 -0.00194557 -0.00189039 -0.0019439 -0.00193542 -0.00201961 -0.00193818 -0.00192618 -0.00191919 
-0.00190906 -0.00183119 -0.00187172 -0.00181943 -0.00197829 -0.00205263 -0.00201609 -0.00205784 -0.00195377 -0.00181202 -0.00171291 -0.00168051 -0.00162158 0.00244651 0.00272781 0.00266804 0.00306827 0.144445 0.00322856 0.00320707 0.00290774 0.00275013 0.00263871 -0.0016128 -0.00176251 -0.00188272 -0.001956 -0.00201925 -0.00216017 -0.00203754 -0.00209549 -0.00207668 -0.00219155 -0.00210403 -0.00187866 -0.0019298 -0.00198296 -0.00206163 -0.00201577 -0.00197783 -0.00200954 -0.00193175 -0.00205238 -0.00198713 -0.00192199 -0.00192198 -0.00188242 -0.00190375 -0.00193227 -0.00190562 -0.00181534 -0.00186544 -0.00191808 -0.00187561 -0.00190778 -0.0018981 -0.0019447 -0.00178892 -0.00188035 -0.0018994 -0.0018338 -0.00178922 -0.00182826 -0.00180875 -0.00188559 -0.0018465 -0.00185269 -0.00193196 -0.00195865 -0.00181637 -0.00184112 -0.00180643 -0.00189388 -0.00187867 -0.00178182 -0.00185964 -0.00183153 -0.00182245 -0.00189085 -0.00196158 -0.00178795 -0.00182854 -0.00186014 -0.00188579 -0.00189092 -0.00184049 -0.00191803 -0.00183624 -0.00180578 -0.00172712 -0.0018506 -0.00183063 -0.00176777 -0.00174181 -0.00184778 -0.00184727 -0.00184831 -0.00181073 -0.00195573 -0.00178159 
-0.00191372 -0.00191855 -0.00186111 -0.00197531 -0.00188868 -0.00203192 -0.00202966 -0.00201674 -0.00196676 -0.00187391 -0.00179583 -0.0017476 -0.00146723 0.00254996 0.00265461 0.00275378 0.00301841 0.00322856 0.145535 0.00315995 0.00278355 0.0028815 0.00268442 -0.00162333 -0.00174133 -0.00180074 -0.00198141 -0.00216442 -0.00209016 -0.00207383 -0.00223888 -0.00207305 -0.00216129 -0.00204917 -0.00189251 -0.0019519 -0.00202277 -0.00204168 -0.00199428 -0.00196593 -0.00199313 -0.00188735 -0.00200682 -0.00204316 -0.00192861 -0.00207731 -0.00188989 -0.00186875 -0.00195487 -0.00194202 -0.00190404 -0.00188111 -0.00182414 -0.00192693 -0.00189248 -0.00189927 -0.00181699 -0.00192837 -0.00189359 -0.00191366 -0.0018948 -0.00184886 -0.0017817 -0.00184632 -0.00188644 -0.00182262 -0.00187591 -0.00185757 -0.00184238 -0.00182519 -0.00191689 -0.00188953 -0.00192341 -0.00186063 -0.00177245 -0.00184566 -0.00184109 -0.00191971 -0.00188848 -0.00196359 -0.00190438 -0.00182069 -0.00183191 -0.00192561 -0.00188208 -0.00187923 -0.00188705 -0.00177405 -0.00178345 -0.00188213 -0.00184998 -0.00185008 -0.0018579 -0.00186366 -0.00194845 -0.00182745 -0.00177446 -0.00186885 -0.00189098 -0.00181787 
-0.00197337 -0.00205378 -0.0020788 -0.00204744 -0.00211589 -0.00210912 -0.00215154 -0.00217312 -0.00219344 -0.00222212 -0.00204991 -0.00187881 -0.0017741 -0.00166341 0.00265483 0.00264207 0.00292458 0.00320707 0.00315995 0.149339 0.00316952 0.00318436 0.00294067 0.00258708 0.00262685 -0.00167241 -0.00191516 -0.00196105 -0.00222273 -0.00205906 -0.00216423 -0.00217923 -0.00223156 -0.00208411 -0.00214358 -0.0021223 -0.00220126 -0.00209483 -0.00218467 -0.0020475 -0.00197005 -0.00206521 -0.00210238 -0.00200166 -0.00211077 -0.00217429 -0.00197706 -0.00203008 -0.00206423 -0.00204731 -0.00198419 -0.00202304 -0.00200711 -0.00189718 -0.00204641 -0.0019638 -0.00200384 -0.00195853 -0.00190371 -0.00199646 -0.00193344 -0.00204835 -0.00187162 -0.00180678 -0.00189258 -0.00190776 -0.001975 -0.00196402 -0.00204699 -0.00196347 -0.00200479 -0.00203743 -0.00189031 -0.00192225 -0.00198111 -0.00186153 -0.00191756 -0.00191518 -0.00196597 -0.00198057 -0.00211985 -0.00204113 -0.00189027 -0.0020261 -0.00201395 -0.00196118 -0.00187641 -0.00179652 -0.00183104 -0.00194313 -0.00202086 -0.00195926 -0.00205177 -0.00200798 -0.00197151 -0.00191509 -0.00210799 -0.00195892 -0.00194627 -0.00201402 
-0.0018063 -0.00194551 -0.00198668 -0.0019226 -0.00193655 -0.0020954 -0.00219309 -0.00217714 -0.00215375 -0.00194702 -0.00218967 -0.00207633 -0.0019929 -0.00193265 -0.00162836 -0.00162025 0.00254707 0.00290774 0.00278355 0.00316952 0.146484 0.00326804 0.00310882 0.00288113 0.00271602 0.00267631 -0.00169454 -0.00180348 -0.00190102 -0.00183203 -0.00203686 -0.00215949 -0.00215829 -0.00216655 -0.00200891 -0.00197163 -0.00215513 -0.00208496 -0.00205084 -0.00210752 -0.00201327 -0.00191116 -0.00209064 -0.00196127 -0.00199387 -0.00195342 -0.00189847 -0.00199496 -0.00190995 -0.00192886 -0.0019038 -0.00195641 -0.00193011 -0.00189856 -0.001839 -0.0019279 -0.00182861 -0.00201118 -0.00193663 -0.00188093 -0.00189211 -0.00181186 -0.00178406 -0.00183976 -0.00181661 -0.00186664 -0.00189488 -0.0017959 -0.00186438 -0.00190156 -0.00185532 -0.00193729 -0.00189419 -0.00182359 -0.00175559 -0.00178108 -0.00173584 -0.0017736 -0.00193711 -0.00181182 -0.00182208 -0.00191961 -0.0018774 -0.00183511 -0.00199142 -0.00191239 -0.00190387 -0.00178716 -0.00168306 -0.00178089 -0.00188371 -0.00193663 -0.00188027 -0.00181487 -0.00193108 -0.00184467 -0.00186939 -0.00187273 -0.001962 -0.00175584 
-0.00194273 -0.00198637 -0.00183102 -0.00191996 -0.00194829 -0.00210485 -0.00213965 -0.00198697 -0.00206008 -0.00195304 -0.00212728 -0.00201583 -0.00193893 -0.00186366 -0.00171973 -0.0016303 0.00264352 0.00275013 0.0028815 0.00318436 0.00326804 0.146389 0.00302964 0.00276111 0.00280288 0.002596 -0.00164799 -0.00174203 -0.00177708 -0.00184047 -0.00196717 -0.00220192 -0.00215829 -0.00215338 -0.00200554 -0.00195584 -0.00200725 -0.00199818 -0.0020567 -0.00193799 -0.0019083 -0.00182742 -0.00210183 -0.00193099 -0.00200498 -0.00201326 -0.00183781 -0.00190294 -0.00183641 -0.00188221 -0.00189394 -0.00186205 -0.00182453 -0.00191688 -0.00186796 -0.00193104 -0.00188619 -0.00190613 -0.00190136 -0.00193469 -0.00183277 -0.00187541 -0.00180383 -0.00189243 -0.00193263 -0.001976 -0.00197221 -0.00193132 -0.00190414 -0.00195211 -0.00193644 -0.00190812 -0.00189926 -0.00188814 -0.0017927 -0.00185002 -0.00179676 -0.00186474 -0.00193461 -0.00194587 -0.00188963 -0.0018388 -0.00190847 -0.00199437 -0.00185675 -0.00188325 -0.00185617 -0.00178244 -0.00171656 -0.00186238 -0.00188138 -0.00187045 -0.00187226 -0.00189837 -0.0019576 -0.00190788 -0.00183298 -0.00194549 -0.00200329 -0.00186852 
-0.00177777 -0.00184497 -0.00193609 -0.00199603 -0.00201503 -0.00204614 -0.00202768 -0.00212745 -0.00211992 -0.00208075 -0.00220146 -0.00218789 -0.00213702 -0.00195408 -0.00173585 -0.00178978 -0.00171624 0.00263871 0.00268442 0.00294067 0.00310882 0.00302964 0.145582 0.00290715 0.00299413 0.00279309 0.00246338 -0.00159233 -0.00165939 -0.0017919 -0.00189798 -0.00198551 -0.00219285 -0.0021587 -0.00195295 -0.00205899 -0.00198572 -0.00209482 -0.00196789 -0.00200471 -0.00188733 -0.00187068 -0.00198947 -0.0018853 -0.00199211 -0.00200025 -0.00191862 -0.00190809 -0.00187426 -0.00180652 -0.0019096 -0.00193912 -0.00188574 -0.00187431 -0.0018719 -0.00198289 -0.00175859 -0.00182996 -0.0018052 -0.00191241 -0.00187767 -0.00186912 -0.00181402 -0.00183247 -0.0018519 -0.00183317 -0.00180178 -0.00197897 -0.00193624 -0.0018 -0.00190557 -0.00184978 -0.00185613 -0.00179043 -0.00174967 -0.00179959 -0.00175068 -0.00187637 -0.00186301 -0.00177087 -0.00184341 -0.00179958 -0.00194378 -0.00195289 -0.00188828 -0.00187477 -0.00191574 -0.00180864 -0.00181912 -0.00186514 -0.00189454 -0.00183428 -0.00182552 -0.00187693 -0.00188023 -0.00192973 -0.00185621 -0.00190708 -0.00185388 -0.00182435 
-0.001771 -0.00172702 -0.0017677 -0.00176515 -0.00184107 -0.00194881 -0.00190176 -0.00196103 -0.00202212 -0.00192701 -0.00206833 -0.00213029 -0.00203894 -0.00204504 -0.00202674 -0.00195217 -0.00183907 -0.0016128 -0.00162333 0.00258708 0.00288113 0.00276111 0.00290715 0.141248 0.0030412 0.00291328 0.00259086 0.00238696 -0.00155079 -0.00142245 -0.00170214 -0.00181753 -0.00192302 -0.00192915 -0.00191672 -0.0018758 -0.00202693 -0.00185672 -0.00209757 -0.00199511 -0.00179644 -0.00181468 -0.00193901 -0.00189368 -0.00183399 -0.00191964 -0.00180321 -0.00181381 -0.00172915 -0.00181544 -0.00179297 -0.00177377 -0.00174536 -0.00176092 -0.00174164 -0.0017221 -0.00172931 -0.00180031 -0.00172384 -0.00175183 -0.00170383 -0.00178864 -0.00169806 -0.00162904 -0.00171396 -0.0017159 -0.00181749 -0.00182615 -0.00180207 -0.00169344 -0.00177422 -0.00174671 -0.00171841 -0.00175505 -0.00161881 -0.00173565 -0.00162597 -0.00174577 -0.00171396 -0.00180233 -0.00177029 -0.00175483 -0.00177741 -0.00173245 -0.00177445 -0.00179571 -0.00169663 -0.00165186 -0.00166148 -0.00170838 -0.00173795 -0.00175625 -0.00179578 -0.00178659 -0.00172054 -0.00174486 -0.00176489 -0.00170662 -0.00170396 -0.00166629 
-0.00187556 -0.00189868 -0.00199441 -0.00197102 -0.00194067 -0.00220533 -0.00215137 -0.00222619 -0.00224177 -0.0020916 -0.00216094 -0.00224228 -0.00217459 -0.00236459 -0.00210812 -0.00216112 -0.00211447 -0.00176251 -0.00174133 0.00262685 0.00271602 0.00280288 0.00299413 0.0030412 0.145981 0.00312212 0.00278795 0.00261814 0.00243998 0.00253802 -0.00159563 -0.00168648 -0.00183989 -0.00182323 -0.00209737 -0.0019948 -0.00216355 -0.00195261 -0.00207176 -0.00205987 -0.00205541 -0.00194193 -0.00208595 -0.00200627 -0.00207439 -0.00207897 -0.00199147 -0.00192519 -0.00205151 -0.00185349 -0.00187634 -0.00190322 -0.00190035 -0.0018633 -0.00189303 -0.00194024 -0.00186441 -0.00191102 -0.00191634 -0.00182896 -0.00190136 -0.00193174 -0.00179034 -0.00172344 -0.00186631 -0.00186731 -0.00187942 -0.0019911 -0.00192991 -0.00189228 -0.00187677 -0.00191724 -0.00182834 -0.00194044 -0.00182627 -0.0018166 -0.00183185 -0.00194259 -0.00188675 -0.00192167 -0.00198255 -0.00199422 -0.00199184 -0.0018714 -0.00190338 -0.0020225 -0.00199441 -0.00186339 -0.00183243 -0.00199801 -0.001922 -0.00190687 -0.00183958 -0.00189688 -0.00190371 -0.00190152 -0.00193352 -0.00195953 -0.00191449 -0.00180088 
-0.00193735 -0.00199681 -0.00200858 -0.001935 -0.00211493 -0.0020613 -0.00226611 -0.00208301 -0.00208465 -0.00210938 -0.00214882 -0.00217037 -0.00216825 -0.00226485 -0.00216094 -0.00218115 -0.00224917 -0.00188272 -0.00180074 -0.00167241 0.00267631 0.002596 0.00279309 0.00291328 0.00312212 0.144122 0.00283188 0.00268288 0.00255532 0.00257078 0.00237329 -0.00151145 -0.00169948 -0.00185764 -0.00194977 -0.00185697 -0.00204363 -0.00195159 -0.0019643 -0.00208258 -0.00187585 -0.00192287 -0.00199394 -0.00202675 -0.00189827 -0.00201422 -0.00185132 -0.00195833 -0.00184619 -0.00191035 -0.00194355 -0.00192075 -0.00189546 -0.00177842 -0.00190853 -0.0019108 -0.00190455 -0.00186614 -0.00193487 -0.00188252 -0.0019633 -0.00186635 -0.00172023 -0.00175015 -0.00182067 -0.00190178 -0.0018286 -0.00188504 -0.00191471 -0.00188732 -0.00179228 -0.00188654 -0.001882 -0.00190138 -0.00167762 -0.00183713 -0.00178239 -0.00192072 -0.00188303 -0.00184227 -0.00182654 -0.00191211 -0.0019524 -0.00193023 -0.00181336 -0.00196497 -0.00192756 -0.00181814 -0.00181374 -0.00190955 -0.00190958 -0.00194471 -0.00192176 -0.00186162 -0.00198118 -0.00187158 -0.00186239 -0.00199248 -0.00188235 -0.00173942 
-0.00176985 -0.00184447 -0.00178625 -0.00186745 -0.00182418 -0.00193708 -0.00199604 -0.00202078 -0.00198788 -0.00187436 -0.00204694 -0.00206606 -0.00201037 -0.00215976 -0.00211346 -0.00210431 -0.00226759 -0.001956 -0.00198141 -0.00191516 -0.00169454 -0.00164799 0.00246338 0.00259086 0.00278795 0.00283188 0.139111 0.00279961 0.00271798 0.0026519 0.00252441 0.00230512 -0.0014636 -0.00162965 -0.00164421 -0.00158139 -0.00172634 -0.0017915 -0.00185895 -0.00194742 -0.00174703 -0.00179968 -0.00199195 -0.00183146 -0.00183525 -0.00186648 -0.00178954 -0.00178708 -0.00168625 -0.00178824 -0.00185103 -0.00185035 -0.00177273 -0.0018082 -0.00172953 -0.00183476 -0.00167988 -0.00181342 -0.0017475 -0.00180405 -0.00180486 -0.00182653 -0.00174633 -0.00164844 -0.00171811 -0.00168933 -0.00159889 -0.00177984 -0.00175751 -0.00182342 -0.00181578 -0.00178416 -0.00171273 -0.00176182 -0.00171662 -0.00168332 -0.00163531 -0.00181955 -0.00179299 -0.00181612 -0.00181021 -0.00179866 -0.00172259 -0.00177261 -0.0017262 -0.0018161 -0.00179475 -0.00167808 -0.00172072 -0.00181539 -0.00185579 -0.00174636 -0.00180869 -0.00171787 -0.00174877 -0.00178011 -0.00177082 -0.00182357 -0.00172914 -0.00168661 
-0.00173417 -0.00175639 -0.00172773 -0.00179265 -0.00175885 -0.00195166 -0.00208041 -0.00196452 -0.00199713 -0.00188679 -0.00208138 -0.00210206 -0.00198244 -0.00214768 -0.00212813 -0.00211451 -0.00220596 -0.00201925 -0.00216442 -0.00196105 -0.00180348 -0.00174203 -0.00159233 0.00238696 0.00261814 0.00268288 0.00279961 0.137326 0.00270772 0.0027687 0.00263278 0.00238757 0.00217351 -0.00137879 -0.00142373 -0.001523 -0.00177219 -0.00164154 -0.0017861 -0.00179476 -0.00182742 -0.00173789 -0.00179379 -0.00175783 -0.00182394 -0.00177269 -0.00173356 -0.00180791 -0.00178874 -0.00179004 -0.00178308 -0.00175714 -0.00178171 -0.00176762 -0.00173796 -0.00172788 -0.00170269 -0.00174329 -0.00172366 -0.00177499 -0.00169944 -0.00165667 -0.00163367 -0.00163832 -0.00170152 -0.00166696 -0.00178656 -0.00179843 -0.00168324 -0.00170919 -0.00163753 -0.0016796 -0.00172472 -0.00173745 -0.00159499 -0.00170522 -0.00158884 -0.00175955 -0.00170547 -0.00171404 -0.00171117 -0.00175828 -0.00180745 -0.00175783 -0.0017759 -0.00174733 -0.0016778 -0.00170484 -0.00174165 -0.00181036 -0.00187488 -0.00174309 -0.00178073 -0.00181175 -0.00179253 -0.00181665 -0.00176055 -0.00181058 -0.00178728 -0.00164275 
-0.00178266 -0.00168509 -0.00180775 -0.00184835 -0.00174561 -0.00186879 -0.0018764 -0.00203795 -0.0019551 -0.00198979 -0.00194708 -0.00209152 -0.00199361 -0.00217202 -0.00208742 -0.00202108 -0.00217471 -0.00216017 -0.00209016 -0.00222273 -0.00190102 -0.00177708 -0.00165939 -0.00155079 0.00243998 0.00255532 0.00271798 0.00270772 0.135267 0.00281073 0.00273602 0.00250194 0.0023628 0.00223223 -0.00126977 -0.00138274 -0.00157566 -0.00155796 -0.0016706 -0.00188816 -0.0017089 -0.00178871 -0.00180822 -0.00176883 -0.00177696 -0.00177286 -0.00168906 -0.00169453 -0.00181797 -0.00174973 -0.00170622 -0.00167408 -0.00168272 -0.00172699 -0.00175535 -0.00165482 -0.00176308 -0.00166401 -0.00161182 -0.00170664 -0.00171249 -0.00177095 -0.00166068 -0.00159949 -0.00163241 -0.00166842 -0.00173752 -0.00175699 -0.00175579 -0.00165971 -0.00162943 -0.00166851 -0.00174805 -0.00171636 -0.00168372 -0.00161637 -0.00162181 -0.00165398 -0.00169276 -0.00172483 -0.0018134 -0.00166316 -0.00181164 -0.00176003 -0.00177766 -0.00175012 -0.00169707 -0.00166691 -0.00169535 -0.00170075 -0.00172929 -0.00164253 -0.0017746 -0.00158093 -0.00169816 -0.00171414 -0.00174438 -0.00167888 -0.00176191 -0.00164762 
-0.00162447 -0.00168615 -0.00171915 -0.00168558 -0.00170362 -0.00183717 -0.00185539 -0.00196714 -0.00184756 -0.00190546 -0.00204646 -0.00202247 -0.00190021 -0.00211288 -0.00201748 -0.00197423 -0.00206277 -0.00203754 -0.00207383 -0.00205906 -0.00183203 -0.00184047 -0.0017919 -0.00142245 0.00253802 0.00257078 0.0026519 0.0027687 0.00281073 0.133843 0.00265718 0.00245305 0.00237987 0.00215833 -0.00132538 -0.00137266 -0.00144116 -0.00169152 -0.00167311 -0.00181688 -0.00173672 -0.00173659 -0.00187264 -0.00184956 -0.00174074 -0.00178458 -0.00172209 -0.00161938 -0.00173201 -0.00176465 -0.0017962 -0.00177102 -0.00171506 -0.00174055 -0.00173173 -0.00168495 -0.0016624 -0.00167852 -0.00174066 -0.00177571 -0.0016275 -0.00172922 -0.00160512 -0.00152905 -0.00174787 -0.0016966 -0.00162858 -0.00170609 -0.00169426 -0.00168637 -0.00162221 -0.00171193 -0.00167071 -0.00176469 -0.00166602 -0.00169816 -0.00166648 -0.00171213 -0.00173966 -0.00170291 -0.00174586 -0.00165425 -0.00172332 -0.001689 -0.00171394 -0.00172848 -0.00171422 -0.00165928 -0.00161631 -0.00166148 -0.00173712 -0.00169096 -0.00186312 -0.00169336 -0.00172784 -0.0016896 -0.00167687 -0.0016626 -0.00172078 -0.00165531 
-0.00170406 -0.00179239 -0.00179296 -0.00191485 -0.00187557 -0.00192972 -0.00192702 -0.00198655 -0.00190217 -0.00194334 -0.00205127 -0.00202815 -0.00188635 -0.00208556 -0.00209085 -0.00204839 -0.00217434 -0.00209549 -0.00223888 -0.00216423 -0.00203686 -0.00196717 -0.00189798 -0.00170214 -0.00159563 0.00237329 0.00252441 0.00263278 0.00273602 0.00265718 0.134537 0.0027149 0.00261572 0.00236036 0.00205215 0.0020954 -0.0013822 -0.00148227 -0.00153367 -0.0016611 -0.0016418 -0.00165518 -0.00188892 -0.00178265 -0.00180179 -0.00185032 -0.00178343 -0.00177228 -0.00170702 -0.00178504 -0.00182368 -0.00176552 -0.00178953 -0.0017758 -0.00173791 -0.00177862 -0.00165495 -0.0017079 -0.0017075 -0.00174882 -0.00173672 -0.00183826 -0.00165382 -0.00170197 -0.0017081 -0.00176619 -0.00168301 -0.00172919 -0.00171728 -0.00180403 -0.00172112 -0.00171147 -0.00169728 -0.00172659 -0.00162812 -0.00165973 -0.00168659 -0.00170114 -0.00164169 -0.00171882 -0.0017208 -0.00178012 -0.00180047 -0.00176344 -0.00170405 -0.00178467 -0.00174067 -0.00162723 -0.00160353 -0.00186971 -0.00181734 -0.00181297 -0.00173567 -0.00179442 -0.00177658 -0.00178204 -0.00166282 -0.00183589 -0.00176226 -0.00164334 
-0.00173999 -0.00177389 -0.0017133 -0.00178679 -0.0017544 -0.00195537 -0.00186024 -0.00187811 -0.00187177 -0.00186809 -0.00193859 -0.00200006 -0.00193444 -0.00204899 -0.00202019 -0.00207992 -0.00228366 -0.00207668 -0.00207305 -0.00217923 -0.00215949 -0.00220192 -0.00198551 -0.00181753 -0.00168648 -0.00151145 0.00230512 0.00238757 0.00250194 0.00245305 0.0027149 0.13299 0.00259878 0.00235472 0.00217559 0.0022158 0.00214371 -0.00138114 -0.00139693 -0.00164567 -0.00161742 -0.00175047 -0.00177077 -0.00179596 -0.00174891 -0.00176891 -0.00170931 -0.00166967 -0.00171201 -0.00178556 -0.00168239 -0.00166376 -0.00164575 -0.00177171 -0.00171884 -0.00176847 -0.00170889 -0.00176093 -0.00176745 -0.00170731 -0.00181691 -0.00174885 -0.00158262 -0.00163586 -0.00171414 -0.00180383 -0.00170016 -0.00167155 -0.00172323 -0.00173303 -0.00170783 -0.00173231 -0.00174688 -0.00163898 -0.00163973 -0.00162513 -0.00157693 -0.00170572 -0.00173175 -0.00162902 -0.00177486 -0.00172484 -0.00171566 -0.00179117 -0.00169424 -0.00166654 -0.00164934 -0.00163823 -0.00163596 -0.00172018 -0.00165797 -0.00163536 -0.00175414 -0.00168834 -0.00173704 -0.00165535 -0.0017037 -0.00176932 -0.00166448 -0.00155265 
-0.00168059 -0.00162976 -0.00161821 -0.00170351 -0.00175406 -0.00187573 -0.00179433 -0.00182377 -0.00198791 -0.00181009 -0.00198861 -0.0019793 -0.00197236 -0.00210738 -0.00210711 -0.00205255 -0.00219055 -0.00219155 -0.00216129 -0.00223156 -0.00215829 -0.00215829 -0.00219285 -0.00192302 -0.00183989 -0.00169948 -0.0014636 0.00217351 0.0023628 0.00237987 0.00261572 0.00259878 0.131437 0.00260566 0.0023168 0.00226192 0.00214697 0.00214321 -0.00127239 -0.00146822 -0.00158426 -0.00146508 -0.00162525 -0.00176363 -0.00170582 -0.00180898 -0.00166477 -0.001693 -0.00167963 -0.00174364 -0.00162907 -0.00166749 -0.00164639 -0.00165267 -0.00169451 -0.0016419 -0.00169939 -0.00170199 -0.00178993 -0.00171556 -0.00173581 -0.00170621 -0.00154877 -0.00160862 -0.00170005 -0.00166602 -0.00166136 -0.00165044 -0.00165407 -0.001682 -0.00170283 -0.00169925 -0.00163484 -0.00167183 -0.00161079 -0.00157694 -0.00161909 -0.00169311 -0.0016573 -0.00172332 -0.00173843 -0.00163773 -0.0017957 -0.00161267 -0.00170216 -0.00165464 -0.00169949 -0.00151815 -0.00167165 -0.00170614 -0.00164048 -0.00171192 -0.0016719 -0.00168416 -0.00170918 -0.00164049 -0.00165834 -0.00167368 -0.0016816 -0.00162189 
