0.123014 0.00231594 0.00216806 0.00210792 0.00196631 0.00198017 -0.00109452 -0.00137908 -0.00138188 -0.00138869 -0.0016121 -0.00178611 -0.00159497 -0.00183174 -0.00181417 -0.00187865 -0.00193943 -0.0018329 -0.00184978 -0.00206495 -0.00189676 -0.00183116 -0.00189761 -0.00175111 -0.00194309 -0.00194184 -0.00179402 -0.00177522 -0.00179956 -0.00175122 -0.00172927 -0.00175169 -0.00166723 -0.00175837 -0.00165766 -0.00155764 -0.00162354 -0.00159948 -0.00160062 -0.00159781 -0.00160548 -0.00157742 -0.00170881 -0.00158635 -0.00160172 -0.00155809 -0.00157606 -0.00151749 -0.00148714 -0.00145447 -0.00150689 -0.00150063 -0.00148184 -0.00150589 -0.00148453 -0.00152359 -0.00141985 -0.00153667 -0.00159421 -0.00147722 -0.00156379 -0.00157203 -0.0013392 -0.00150402 -0.00146236 -0.00148703 -0.00149819 -0.00151098 -0.00151725 -0.0013784 -0.00148034 -0.00148301 -0.00146354 -0.00149365 -0.0014466 -0.00142661 -0.00140419 -0.0014997 -0.00149885 -0.00142774 -0.00148082 -0.00151705 -0.00156702 -0.00156304 -0.00149421 -0.00153423 -0.00148862 -0.00143866 -0.00143971 -0.00151581 -0.00145729 -0.00147472 -0.0012481 -0.00133375 -0.00125885 -0.00121999 0.00191821 0.00193401 0.00205515 0.00210743 
0.00231594 0.123513 0.00228426 0.00215993 0.00207907 0.00204371 0.00201083 -0.00128906 -0.00124277 -0.00130352 -0.00158152 -0.00164525 -0.00171268 -0.00174694 -0.00176679 -0.00181779 -0.0019992 -0.00192042 -0.00185679 -0.00200564 -0.00186513 -0.00190738 -0.00180701 -0.00173508 -0.00190472 -0.00186395 -0.0017765 -0.00174714 -0.00174545 -0.0016619 -0.00173202 -0.00179702 -0.00167632 -0.00171085 -0.00152205 -0.00158888 -0.00165126 -0.00161035 -0.00162661 -0.00164252 -0.00155669 -0.00156092 -0.00154834 -0.00163009 -0.00154774 -0.00170184 -0.00160559 -0.00151413 -0.00154636 -0.00151644 -0.00152615 -0.00159951 -0.00155251 -0.00150347 -0.00154091 -0.00156926 -0.00155179 -0.00155116 -0.00159673 -0.00157496 -0.00147294 -0.00156244 -0.0013819 -0.00140419 -0.00153807 -0.00154685 -0.00162763 -0.001542 -0.0015713 -0.00152173 -0.00155644 -0.0015056 -0.00144706 -0.00150562 -0.00139491 -0.00142521 -0.00147346 -0.00159896 -0.00143086 -0.00143295 -0.00149512 -0.00151313 -0.0015313 -0.0015559 -0.0014995 -0.00141981 -0.00156148 -0.00138954 -0.0015199 -0.00153746 -0.00144514 -0.00150189 -0.00146644 -0.00136337 -0.00133913 -0.0012885 -0.00114485 0.00186567 0.00194771 0.0020479 
0.00216806 0.00228426 0.123842 0.00227083 0.00217028 0.00210683 0.00215177 0.00206105 -0.00124005 -0.00125218 -0.0014246 -0.00148678 -0.00164081 -0.00191016 -0.00181147 -0.00187889 -0.00188181 -0.00188215 -0.00194506 -0.00207895 -0.00186673 -0.00191645 -0.00201453 -0.00190266 -0.00194407 -0.00196153 -0.0017192 -0.00167189 -0.00166923 -0.00173493 -0.00175257 -0.00176184 -0.0016847 -0.00176409 -0.00170933 -0.00165547 -0.00172025 -0.0016241 -0.00160512 -0.00160778 -0.00163974 -0.00156135 -0.00166457 -0.00166425 -0.00163555 -0.00157486 -0.00158004 -0.00151071 -0.00153117 -0.00153022 -0.00153999 -0.00154846 -0.00151518 -0.00146772 -0.0015239 -0.00155373 -0.00150747 -0.00155099 -0.00145701 -0.00148318 -0.00149605 -0.00156547 -0.00146364 -0.00140928 -0.00153784 -0.00154997 -0.00162909 -0.00156667 -0.0015932 -0.00150262 -0.00150383 -0.00154971 -0.0015313 -0.00144714 -0.00140534 -0.00143576 -0.00144217 -0.00153763 -0.00148437 -0.00144335 -0.00158487 -0.00146305 -0.00157995 -0.00149366 -0.0014998 -0.00142284 -0.0014574 -0.0015351 -0.00147046 -0.00150523 -0.0015403 -0.00144581 -0.00149992 -0.00145053 -0.00141381 -0.0013389 -0.00126759 -0.00111379 0.00188997 0.0019921 
0.00210792 0.00215993 0.00227083 0.124389 0.00244562 0.00236186 0.00221965 0.00211267 0.00216022 -0.00117099 -0.00135264 -0.00149289 -0.00152863 -0.00178307 -0.00180435 -0.00182547 -0.00197262 -0.00196461 -0.0019106 -0.0019639 -0.00189193 -0.00192172 -0.00200668 -0.00186514 -0.00194642 -0.00193154 -0.00177906 -0.00180336 -0.00170934 -0.00172733 -0.00168466 -0.00172168 -0.00174255 -0.00170101 -0.00161547 -0.00168979 -0.00177158 -0.00169323 -0.00169529 -0.00170327 -0.001584 -0.00150176 -0.00175581 -0.00162163 -0.00166516 -0.00160146 -0.00154095 -0.00156135 -0.00148752 -0.00149257 -0.00152842 -0.00156021 -0.00149548 -0.00166333 -0.00150006 -0.0015754 -0.00146611 -0.00157079 -0.00145274 -0.00152975 -0.00146024 -0.00156614 -0.00147097 -0.0015099 -0.00154929 -0.001566 -0.00147742 -0.00161427 -0.00153404 -0.00149933 -0.00153024 -0.00148584 -0.00155383 -0.00153743 -0.00151082 -0.00146706 -0.00145918 -0.00151116 -0.00149697 -0.00155923 -0.00150796 -0.00149909 -0.00144962 -0.00157827 -0.00159431 -0.00158645 -0.00156078 -0.00146992 -0.00147077 -0.00155316 -0.00150719 -0.00149872 -0.00154159 -0.00151518 -0.00155365 -0.00144101 -0.00139845 -0.00125545 -0.00122918 0.00186803 
0.00196631 0.00207907 0.00217028 0.00244562 0.124938 0.0024757 0.00240852 0.00226796 0.00216818 0.00209191 -0.00129546 -0.00143919 -0.00137545 -0.0016814 -0.00175082 -0.00188658 -0.00199167 -0.00184431 -0.00199482 -0.00214921 -0.00193926 -0.00202093 -0.00200371 -0.00178205 -0.00199514 -0.00191475 -0.00189821 -0.00177505 -0.00178789 -0.00179969 -0.001785 -0.00172958 -0.00178706 -0.00177789 -0.00164358 -0.00162282 -0.00168274 -0.00165078 -0.001726 -0.00165308 -0.00152793 -0.00155483 -0.00169667 -0.00164611 -0.00173088 -0.00165752 -0.00163672 -0.00152873 -0.00159353 -0.00152437 -0.00162162 -0.00155459 -0.00153559 -0.00152477 -0.00151025 -0.00152608 -0.0014924 -0.00151306 -0.00154252 -0.00155049 -0.00156028 -0.00149687 -0.00150175 -0.0014849 -0.00149364 -0.00155478 -0.00151537 -0.00157968 -0.00150144 -0.00152145 -0.00144826 -0.00149799 -0.00153198 -0.00147391 -0.00152019 -0.00150219 -0.00145199 -0.00152876 -0.001573 -0.00155978 -0.00163487 -0.00160729 -0.00155551 -0.00150069 -0.00141572 -0.00151581 -0.00149765 -0.00148763 -0.0014799 -0.0015714 -0.00166256 -0.00152666 -0.00151464 -0.00144498 -0.00161878 -0.00150301 -0.00145941 -0.00142961 -0.00131508 -0.00111959 
0.00198017 0.00204371 0.00210683 0.00236186 0.0024757 0.128215 0.00258772 0.00238452 0.00228504 0.00218467 0.00213118 -0.00137486 -0.0014261 -0.00166648 -0.00180729 -0.0017656 -0.002082 -0.00192762 -0.00197362 -0.00213034 -0.00203831 -0.00209776 -0.00209847 -0.00201965 -0.00209143 -0.00201114 -0.00199489 -0.00190825 -0.001924 -0.00184367 -0.00191362 -0.00185134 -0.00180079 -0.00184919 -0.00171911 -0.00176061 -0.00174753 -0.00175251 -0.00177603 -0.00170109 -0.00170909 -0.00169408 -0.0017539 -0.00182403 -0.00169482 -0.00172671 -0.00168113 -0.00151392 -0.00163158 -0.001623 -0.00159233 -0.00165399 -0.00156978 -0.00162853 -0.00160473 -0.00157024 -0.00163685 -0.00172231 -0.00156733 -0.00165863 -0.00167773 -0.00161653 -0.00160956 -0.0015215 -0.00160375 -0.00162998 -0.00157276 -0.00161547 -0.00167864 -0.00162293 -0.00163998 -0.00164521 -0.00165014 -0.00169759 -0.00140013 -0.00156739 -0.00158739 -0.00168288 -0.00169819 -0.00161278 -0.00155971 -0.00167278 -0.00165924 -0.00155601 -0.00157325 -0.00163836 -0.00169933 -0.00156346 -0.00161079 -0.00160106 -0.00165385 -0.00164239 -0.00165017 -0.00163656 -0.0015764 -0.00167325 -0.00146496 -0.00140768 -0.00129542 -0.00118114 
-0.00109452 0.00201083 0.00215177 0.00221965 0.00240852 0.00258772 0.129426 0.00247011 0.00239921 0.00233546 0.00227007 0.00210745 -0.00132383 -0.00150051 -0.00177075 -0.0017586 -0.00192846 -0.0020217 -0.00211101 -0.0021849 -0.00209959 -0.00210286 -0.00207701 -0.00193278 -0.00220984 -0.00204484 -0.00190887 -0.0018766 -0.00180532 -0.00198797 -0.00187962 -0.00188806 -0.00193191 -0.00179902 -0.0016729 -0.00170116 -0.00173606 -0.00184664 -0.00180645 -0.00179212 -0.00161376 -0.00167663 -0.0018074 -0.00176532 -0.00175873 -0.00175024 -0.00166108 -0.00174577 -0.00167104 -0.00163489 -0.00166827 -0.00170178 -0.00164508 -0.00167522 -0.00172809 -0.00157572 -0.00163095 -0.00166721 -0.00171882 -0.00167318 -0.00156942 -0.00164198 -0.00161829 -0.001613 -0.00165141 -0.00156702 -0.00164908 -0.00160111 -0.00168376 -0.00152897 -0.00164613 -0.00158009 -0.00170886 -0.00161391 -0.00148434 -0.00151186 -0.00157202 -0.00160762 -0.00159289 -0.00161478 -0.00165829 -0.00165208 -0.00174553 -0.00173215 -0.00160671 -0.0016693 -0.00166199 -0.00155027 -0.00171682 -0.00164167 -0.00167544 -0.00167367 -0.00167519 -0.0016366 -0.00171466 -0.00168256 -0.00171606 -0.00163356 -0.00140957 -0.00131494 
-0.00137908 -0.00128906 0.00206105 0.00211267 0.00226796 0.00238452 0.00247011 0.130313 0.00260073 0.00253585 0.00238196 0.00238941 0.00220833 -0.00140006 -0.00154579 -0.00164299 -0.00188392 -0.00213619 -0.00211615 -0.00218135 -0.0020709 -0.00215311 -0.00217698 -0.00196392 -0.00215442 -0.00211298 -0.0019752 -0.00192725 -0.00192647 -0.00194409 -0.00194652 -0.00181805 -0.00179874 -0.00185284 -0.0018008 -0.00176088 -0.00183851 -0.00185134 -0.00186504 -0.00175909 -0.00168052 -0.0017756 -0.00189175 -0.00177965 -0.00176082 -0.00175319 -0.00163049 -0.00174534 -0.0016512 -0.00170086 -0.00160511 -0.00161622 -0.00165423 -0.00171403 -0.00152935 -0.00170061 -0.00168359 -0.00162833 -0.00167518 -0.00175208 -0.00172016 -0.00165079 -0.00164908 -0.00160792 -0.00167938 -0.00164903 -0.00160054 -0.00162407 -0.00174182 -0.00168728 -0.00172458 -0.00168002 -0.0017212 -0.00168781 -0.0015492 -0.00153615 -0.00155878 -0.00167462 -0.00172958 -0.00159384 -0.00172334 -0.00164742 -0.0017181 -0.0015669 -0.00154946 -0.00159283 -0.00164858 -0.00165509 -0.00166583 -0.00162836 -0.00161167 -0.00158781 -0.00159827 -0.00164968 -0.00166049 -0.00166331 -0.00169792 -0.00162819 -0.00160679 -0.00135995 
-0.00138188 -0.00124277 -0.00124005 0.00216022 0.00216818 0.00228504 0.00239921 0.00260073 0.131641 0.00241326 0.00258057 0.00233943 0.00230974 0.00216709 -0.00152822 -0.00154109 -0.00170154 -0.00196718 -0.00202472 -0.00228484 -0.00208259 -0.00216962 -0.00211054 -0.00211456 -0.00214284 -0.00209253 -0.00192154 -0.00193368 -0.00190515 -0.00196257 -0.00199365 -0.00202652 -0.00192354 -0.00180742 -0.00190164 -0.00178986 -0.00195476 -0.00190356 -0.00185887 -0.00181862 -0.00172687 -0.00177352 -0.00174434 -0.00176802 -0.0017679 -0.00178414 -0.00166486 -0.00175075 -0.0016692 -0.00160442 -0.00161649 -0.00164614 -0.00168341 -0.00167784 -0.00172852 -0.00170996 -0.0016279 -0.00169323 -0.00173524 -0.00173474 -0.00162162 -0.00169091 -0.00164261 -0.0015618 -0.00170104 -0.00171073 -0.00165033 -0.00178531 -0.00170609 -0.00170134 -0.00165293 -0.00164144 -0.00169022 -0.00177609 -0.00155472 -0.00168396 -0.00155739 -0.00170232 -0.00167782 -0.00171933 -0.00171625 -0.00173865 -0.00168668 -0.00173364 -0.00165007 -0.00164162 -0.00175623 -0.00154578 -0.00157232 -0.00163038 -0.00169632 -0.00167011 -0.00162148 -0.0017351 -0.001658 -0.00171683 -0.00168782 -0.00167969 -0.00162182 -0.00144353 
-0.00138869 -0.00130352 -0.00125218 -0.00117099 0.00209191 0.00218467 0.00233546 0.00253585 0.00241326 0.129861 0.00256432 0.0025096 0.00241673 0.00223847 -0.00154637 -0.00148414 -0.00163374 -0.00199176 -0.00189066 -0.00211247 -0.00202844 -0.00200038 -0.00203505 -0.00196278 -0.00205267 -0.00208755 -0.00202239 -0.00196219 -0.00185449 -0.00188141 -0.00200469 -0.00182336 -0.00181652 -0.00178257 -0.00166983 -0.00175815 -0.00180624 -0.00185413 -0.00173949 -0.00179183 -0.00163612 -0.00170418 -0.00178483 -0.00183077 -0.00176414 -0.00175112 -0.00154857 -0.00170403 -0.00168673 -0.00169322 -0.00154437 -0.00173315 -0.00157627 -0.00164487 -0.0015924 -0.00161289 -0.00164378 -0.00162011 -0.00171104 -0.00162097 -0.00171601 -0.00154028 -0.00154966 -0.00156437 -0.00160098 -0.00161111 -0.00155077 -0.00161876 -0.00158108 -0.00157614 -0.00157677 -0.00164329 -0.00166427 -0.00155852 -0.00157663 -0.00157305 -0.00149381 -0.00145886 -0.00165504 -0.00165509 -0.00162991 -0.00162536 -0.00161382 -0.00163135 -0.00152951 -0.00166136 -0.00166897 -0.00157611 -0.00149263 -0.00159027 -0.00166253 -0.0015831 -0.00161257 -0.00160276 -0.00170675 -0.0017036 -0.00163003 -0.00165573 -0.00161083 -0.00148739 
-0.0016121 -0.00158152 -0.0014246 -0.00135264 -0.00129546 0.00213118 0.00227007 0.00238196 0.00258057 0.00256432 0.134696 0.00257591 0.00270724 0.00246664 0.00224037 0.00240455 -0.00153642 -0.00186064 -0.00175997 -0.00199759 -0.00217522 -0.00218068 -0.00213121 -0.00214177 -0.00223871 -0.00218255 -0.00193956 -0.00209262 -0.00210126 -0.00189368 -0.0020708 -0.00205707 -0.00196108 -0.00187014 -0.00192914 -0.00171983 -0.00192161 -0.00191037 -0.00187446 -0.00193757 -0.00181048 -0.00178413 -0.00187251 -0.00183155 -0.00186175 -0.0017991 -0.00168888 -0.00181261 -0.00180258 -0.00167942 -0.00175761 -0.00176446 -0.00169974 -0.00177779 -0.00168032 -0.00172146 -0.00173057 -0.00178567 -0.00176438 -0.00168594 -0.00177953 -0.00176071 -0.00165747 -0.00163397 -0.00174608 -0.00173256 -0.00169225 -0.00169458 -0.00167801 -0.00180636 -0.00168277 -0.00167141 -0.00169082 -0.00165574 -0.00164555 -0.00167119 -0.00168745 -0.00175173 -0.00178786 -0.00171897 -0.00173881 -0.00171429 -0.001641 -0.00176101 -0.00168757 -0.0018386 -0.00169748 -0.00165989 -0.00173643 -0.00179815 -0.0018076 -0.0017472 -0.00175054 -0.00175722 -0.00180904 -0.0017672 -0.00171439 -0.00173868 -0.00175144 -0.00169612 
-0.00178611 -0.00164525 -0.00148678 -0.00149289 -0.00143919 -0.00137486 0.00210745 0.00238941 0.00233943 0.0025096 0.00257591 0.136578 0.00275373 0.00267728 0.00250396 0.00254671 0.00242007 -0.00162157 -0.00157637 -0.00189861 -0.00209006 -0.00208391 -0.00205884 -0.00201226 -0.00219456 -0.00224199 -0.00203988 -0.00193275 -0.0021355 -0.00212381 -0.00201102 -0.00200605 -0.00200359 -0.00209097 -0.00188516 -0.00177604 -0.00201009 -0.00200937 -0.00196576 -0.00186732 -0.00178149 -0.00191473 -0.00183779 -0.00189979 -0.00194045 -0.00199007 -0.00176345 -0.00180744 -0.00180809 -0.0018124 -0.00171976 -0.00182421 -0.00176482 -0.00176874 -0.00171146 -0.00184673 -0.00177096 -0.00172497 -0.00176281 -0.00176687 -0.00174773 -0.00180803 -0.0016881 -0.00171405 -0.00180819 -0.00177688 -0.00183516 -0.00182357 -0.00175034 -0.00173509 -0.00176832 -0.00177 -0.0017447 -0.00182999 -0.00166874 -0.00168788 -0.00167588 -0.00176105 -0.00181191 -0.00186975 -0.00185798 -0.00169236 -0.00176808 -0.001806 -0.0017393 -0.00181117 -0.00180473 -0.00167731 -0.00162613 -0.00178536 -0.00174646 -0.00177615 -0.00183439 -0.00172198 -0.00174319 -0.00164972 -0.00180007 -0.00177639 -0.00178002 -0.00165203 
-0.00159497 -0.00171268 -0.00164081 -0.00152863 -0.00137545 -0.0014261 -0.00132383 0.00220833 0.00230974 0.00241673 0.00270724 0.00275373 0.135455 0.00279146 0.00245661 0.00265081 0.00256069 -0.00166127 -0.00156065 -0.00191326 -0.00209875 -0.00192988 -0.00215212 -0.00204693 -0.00211724 -0.00212459 -0.00202473 -0.00204078 -0.00202084 -0.00190262 -0.00207625 -0.00194669 -0.00195202 -0.00189908 -0.00173222 -0.00181438 -0.00181716 -0.00190438 -0.0018819 -0.00183169 -0.00182225 -0.00182534 -0.0018405 -0.00187561 -0.00183043 -0.00176217 -0.00173622 -0.00177967 -0.00176552 -0.00179106 -0.00174873 -0.00177205 -0.00175581 -0.00176115 -0.00166222 -0.00175459 -0.00184968 -0.00167952 -0.00173423 -0.00175584 -0.00174612 -0.00175766 -0.00164636 -0.00166642 -0.00172656 -0.0016404 -0.00176116 -0.00172406 -0.00169783 -0.0017439 -0.0017481 -0.0017114 -0.0016596 -0.00168121 -0.0015755 -0.00161444 -0.0016726 -0.00170191 -0.00168374 -0.00168449 -0.00167138 -0.00165064 -0.00174721 -0.00169332 -0.0016753 -0.00165364 -0.00171044 -0.00159531 -0.00172489 -0.00174048 -0.00166263 -0.00170025 -0.00165969 -0.00172328 -0.00174878 -0.00177171 -0.00164803 -0.00179814 -0.00175921 -0.00157794 
-0.00183174 -0.00174694 -0.00191016 -0.00178307 -0.0016814 -0.00166648 -0.00150051 -0.00140006 0.00216709 0.00223847 0.00246664 0.00267728 0.00279146 0.140297 0.00287933 0.00287544 0.00274715 0.00254574 0.00245552 -0.00172637 -0.0018814 -0.00184921 -0.00198107 -0.00211443 -0.00229252 -0.0023115 -0.00216035 -0.00198539 -0.00213277 -0.0021266 -0.00213739 -0.00206416 -0.00195214 -0.00195716 -0.00188667 -0.00192542 -0.00200131 -0.00199855 -0.00193421 -0.00199011 -0.00192597 -0.00187358 -0.00183394 -0.00199333 -0.00189366 -0.00194881 -0.00187224 -0.00186648 -0.00186825 -0.00184714 -0.00179837 -0.00179039 -0.00185145 -0.00178387 -0.00180912 -0.0019161 -0.00179981 -0.00185804 -0.00184493 -0.00188513 -0.00185172 -0.00185003 -0.00173786 -0.00181234 -0.00187802 -0.00186108 -0.00181101 -0.00182636 -0.00181362 -0.00182721 -0.00188407 -0.00187095 -0.00184306 -0.00185672 -0.00174654 -0.00170781 -0.00171725 -0.00187043 -0.00182878 -0.00181538 -0.00184964 -0.00179496 -0.00181639 -0.00184036 -0.00172439 -0.00185665 -0.00188775 -0.00175323 -0.00177663 -0.00181546 -0.00187897 -0.00182124 -0.00182964 -0.00186487 -0.00181001 -0.00180034 -0.00188093 -0.00190404 -0.00194643 -0.00168961 
-0.00181417 -0.00176679 -0.00181147 -0.00180435 -0.00175082 -0.00180729 -0.00177075 -0.00154579 -0.00152822 -0.00154637 0.00224037 0.00250396 0.00245661 0.00287933 0.139794 0.00311708 0.00301471 0.00271398 0.00270956 0.00248998 -0.00173367 -0.00159696 -0.00183042 -0.00189278 -0.00208389 -0.00216475 -0.00215107 -0.00204732 -0.0019507 -0.00215072 -0.0020375 -0.00204554 -0.0020363 -0.00197003 -0.00189557 -0.00189061 -0.0018975 -0.00192031 -0.00189017 -0.00190547 -0.00187941 -0.00181413 -0.0019096 -0.00189724 -0.00186873 -0.00191924 -0.00183449 -0.00180032 -0.00183171 -0.00181206 -0.00173355 -0.00178591 -0.00180505 -0.00174707 -0.00180237 -0.00186822 -0.00187255 -0.00181617 -0.00179515 -0.00179445 -0.00171501 -0.00175801 -0.00169471 -0.00179814 -0.00183173 -0.00170721 -0.00183812 -0.00175964 -0.00183961 -0.00180641 -0.00182529 -0.0018605 -0.00177054 -0.00192193 -0.00174228 -0.00170409 -0.00161908 -0.00176695 -0.0018926 -0.00183998 -0.00180044 -0.00180569 -0.0016942 -0.00181212 -0.00182343 -0.00185213 -0.00176756 -0.00175621 -0.00170288 -0.00182817 -0.00173678 -0.00182814 -0.00184793 -0.00183996 -0.00172246 -0.00170836 -0.00174488 -0.00173897 -0.00166769 -0.00172518 
-0.00187865 -0.00181779 -0.00187889 -0.00182547 -0.00188658 -0.0017656 -0.0017586 -0.00164299 -0.00154109 -0.00148414 0.00240455 0.00254671 0.00265081 0.00287544 0.00311708 0.141152 0.00295371 0.00263191 0.00277589 0.00256114 -0.00177307 -0.00171539 -0.00182877 -0.00200558 -0.00215599 -0.00225318 -0.00209969 -0.0021621 -0.00212511 -0.00205382 -0.00200476 -0.00206261 -0.00203158 -0.00201764 -0.00189914 -0.00186588 -0.00203437 -0.00198503 -0.00183632 -0.00190479 -0.00186487 -0.0018443 -0.00195058 -0.00191596 -0.00186822 -0.00195246 -0.00178784 -0.00177017 -0.0017443 -0.00189501 -0.00185658 -0.00181494 -0.00179627 -0.00180941 -0.00177728 -0.00177198 -0.00176643 -0.00182196 -0.00175732 -0.00179772 -0.00181237 -0.0018609 -0.00160879 -0.00167196 -0.00178597 -0.00177669 -0.00184065 -0.00188235 -0.00176872 -0.00176074 -0.00188382 -0.00184382 -0.00175455 -0.00181527 -0.00171529 -0.00178435 -0.0017732 -0.00177793 -0.00176799 -0.00183106 -0.00189977 -0.00175312 -0.00183683 -0.00172368 -0.00192185 -0.00188966 -0.0017711 -0.00177011 -0.00168243 -0.00179013 -0.00180347 -0.00174744 -0.0018987 -0.00186071 -0.00183328 -0.00170202 -0.00183322 -0.00186514 -0.00175082 -0.00176119 
-0.00193943 -0.0019992 -0.00188181 -0.00197262 -0.00199167 -0.002082 -0.00192846 -0.00188392 -0.00170154 -0.00163374 -0.00153642 0.00242007 0.00256069 0.00274715 0.00301471 0.00295371 0.146071 0.00308486 0.00296523 0.00296874 0.00269279 0.00256345 -0.00158058 -0.00174019 -0.00189027 -0.00215741 -0.00222456 -0.00222876 -0.00223869 -0.00219431 -0.00231209 -0.00223882 -0.00218832 -0.00218283 -0.0020689 -0.00193055 -0.0021002 -0.00205982 -0.00210405 -0.00210603 -0.00192017 -0.00199278 -0.00197014 -0.00206723 -0.00199894 -0.00197829 -0.00196507 -0.0019138 -0.00201725 -0.0019893 -0.00190646 -0.00190712 -0.00193241 -0.00194186 -0.00193891 -0.00183509 -0.00196435 -0.0019661 -0.00193586 -0.00201105 -0.00196444 -0.00199051 -0.00182921 -0.00188055 -0.00196732 -0.00181322 -0.00189683 -0.00198925 -0.00194624 -0.00192301 -0.00202841 -0.00196346 -0.00196566 -0.00195574 -0.00180477 -0.00191989 -0.00184926 -0.00183935 -0.00191141 -0.00193771 -0.00196564 -0.00196215 -0.00194526 -0.00187232 -0.00193504 -0.00191495 -0.00196564 -0.00182777 -0.00178935 -0.00186293 -0.00197121 -0.00193283 -0.00194165 -0.00191948 -0.00196409 -0.00194585 -0.00188928 -0.00194459 -0.00194361 -0.00192297 
-0.0018329 -0.00192042 -0.00188215 -0.00196461 -0.00184431 -0.00192762 -0.0020217 -0.00213619 -0.00196718 -0.00199176 -0.00186064 -0.00162157 -0.00166127 0.00254574 0.00271398 0.00263191 0.00308486 0.144658 0.00315097 0.00314336 0.00275858 0.00281217 0.00267919 -0.0015766 -0.001787 -0.00186443 -0.00198961 -0.0021094 -0.00210118 -0.00204894 -0.00210289 -0.00198232 -0.00209633 -0.00204877 -0.00189945 -0.00189639 -0.00204853 -0.00195971 -0.00198725 -0.00197406 -0.00192051 -0.00193011 -0.00200087 -0.00200719 -0.00191933 -0.00198978 -0.00191552 -0.00192829 -0.00195826 -0.0017936 -0.00194553 -0.00190307 -0.00188968 -0.00188079 -0.00191593 -0.00180547 -0.00193347 -0.00185614 -0.00191663 -0.00181907 -0.0017932 -0.00179595 -0.00170119 -0.00184013 -0.00173408 -0.00184927 -0.0018127 -0.00186885 -0.00188294 -0.0017989 -0.0018753 -0.00191103 -0.00185385 -0.00182102 -0.00175638 -0.00175876 -0.00172171 -0.00192838 -0.00197599 -0.00192873 -0.00194512 -0.00187255 -0.00187283 -0.00192961 -0.00195219 -0.00187735 -0.00188248 -0.00178471 -0.00177865 -0.00190728 -0.00192189 -0.00194905 -0.00177171 -0.00190057 -0.00177255 -0.00187155 -0.00185765 -0.00182813 -0.00173869 -0.00182095 
-0.00184978 -0.00185679 -0.00194506 -0.0019106 -0.00199482 -0.00197362 -0.00211101 -0.00211615 -0.00202472 -0.00189066 -0.00175997 -0.00157637 -0.00156065 0.00245552 0.00270956 0.00277589 0.00296523 0.00315097 0.145537 0.00311323 0.00286814 0.00286507 0.00258809 -0.00162102 -0.00182934 -0.00193852 -0.00206972 -0.00216786 -0.00216156 -0.00206173 -0.00215088 -0.00203123 -0.0020532 -0.00211507 -0.0020591 -0.00196473 -0.00200608 -0.00195994 -0.00200259 -0.00187022 -0.00185739 -0.00180824 -0.00190252 -0.00191756 -0.00195852 -0.00196802 -0.00186724 -0.00197214 -0.00182642 -0.00186933 -0.0018735 -0.00194505 -0.00190939 -0.00182691 -0.00190648 -0.00185245 -0.00198353 -0.00192483 -0.00194065 -0.00192041 -0.00188098 -0.00189424 -0.00183633 -0.00180703 -0.00182107 -0.00191162 -0.00187105 -0.00177568 -0.00183992 -0.00190984 -0.00182609 -0.00187312 -0.00179873 -0.00190673 -0.00183895 -0.00170116 -0.00184453 -0.00183978 -0.00196434 -0.0018461 -0.00185936 -0.00194922 -0.00190876 -0.00181703 -0.00179703 -0.00185142 -0.00190868 -0.00182451 -0.00173143 -0.00189824 -0.0019544 -0.00186937 -0.001938 -0.00187278 -0.00197288 -0.00187902 -0.00189147 -0.0019072 -0.00178336 -0.0017636 
-0.00206495 -0.00200564 -0.00207895 -0.0019639 -0.00214921 -0.00213034 -0.0021849 -0.00218135 -0.00228484 -0.00211247 -0.00199759 -0.00189861 -0.00191326 -0.00172637 0.00248998 0.00256114 0.00296874 0.00314336 0.00311323 0.149423 0.00325956 0.00305243 0.00301611 0.00253899 0.0026779 -0.00184294 -0.00185808 -0.00195013 -0.00197826 -0.00202992 -0.00225871 -0.00219177 -0.00222252 -0.00213089 -0.00203461 -0.00202999 -0.00204028 -0.00211111 -0.00214015 -0.0021182 -0.00201919 -0.00194163 -0.00213472 -0.00202092 -0.00211851 -0.00216588 -0.00204353 -0.00198145 -0.00191802 -0.00199491 -0.00192124 -0.00198959 -0.00198267 -0.00201196 -0.00198987 -0.0019682 -0.0020228 -0.00207289 -0.0019932 -0.00202406 -0.00205376 -0.00201387 -0.00194122 -0.00190843 -0.0019862 -0.00192223 -0.00191667 -0.00190499 -0.00198072 -0.00194803 -0.00200763 -0.0019637 -0.00185942 -0.0019939 -0.00194704 -0.00182728 -0.00189791 -0.00202405 -0.00189382 -0.00197826 -0.00197091 -0.00200485 -0.00197763 -0.00204373 -0.00197347 -0.00198894 -0.00197396 -0.00191334 -0.00183649 -0.00205207 -0.00199614 -0.00200744 -0.00196199 -0.00191616 -0.00203179 -0.00193052 -0.00193631 -0.00201801 -0.00197875 -0.00181732 
-0.00189676 -0.00186513 -0.00186673 -0.00189193 -0.00193926 -0.00203831 -0.00209959 -0.0020709 -0.00208259 -0.00202844 -0.00217522 -0.00209006 -0.00209875 -0.0018814 -0.00173367 -0.00177307 0.00269279 0.00275858 0.00286814 0.00325956 0.146562 0.00313056 0.00309568 0.00288479 0.00280477 0.00268603 -0.00168021 -0.00182357 -0.00190328 -0.00181846 -0.00218376 -0.00214012 -0.00217728 -0.00218044 -0.00200227 -0.00205322 -0.00202926 -0.00203734 -0.00198727 -0.00212461 -0.00193615 -0.00188739 -0.00202618 -0.0019788 -0.00200261 -0.00196828 -0.00186646 -0.00192368 -0.00189932 -0.00187134 -0.00193509 -0.0019001 -0.00193325 -0.00193711 -0.00189842 -0.00192921 -0.00182863 -0.00196919 -0.00194135 -0.00197418 -0.00193723 -0.00192771 -0.00178567 -0.00175953 -0.00182975 -0.00194703 -0.0018425 -0.00189652 -0.00192104 -0.00189837 -0.00191031 -0.0019381 -0.00176326 -0.00192083 -0.00185288 -0.00174915 -0.0017995 -0.00173326 -0.00192859 -0.00187047 -0.00187206 -0.00181111 -0.00187164 -0.00195493 -0.00195682 -0.00193542 -0.0018596 -0.00180635 -0.00184203 -0.00183861 -0.00184986 -0.0018276 -0.00181831 -0.00188801 -0.00188724 -0.00191003 -0.00181748 -0.00187376 -0.00189778 -0.00173254 
-0.00183116 -0.00190738 -0.00191645 -0.00192172 -0.00202093 -0.00209776 -0.00210286 -0.00215311 -0.00216962 -0.00200038 -0.00218068 -0.00208391 -0.00192988 -0.00184921 -0.00159696 -0.00171539 0.00256345 0.00281217 0.00286507 0.00305243 0.00313056 0.146203 0.00312668 0.00281305 0.00288186 0.00261232 -0.00161905 -0.00183226 -0.00192726 -0.00176141 -0.00207076 -0.00217021 -0.00208515 -0.00222456 -0.00188298 -0.00197691 -0.002017 -0.00205071 -0.00206608 -0.00202193 -0.00201027 -0.00197634 -0.00202878 -0.00206918 -0.00198437 -0.00194457 -0.00186662 -0.00191439 -0.00193036 -0.00184402 -0.00183819 -0.00186608 -0.00192197 -0.0018982 -0.00186566 -0.00188471 -0.00187759 -0.00185744 -0.00182 -0.00192379 -0.00181738 -0.0019007 -0.00177492 -0.00181852 -0.00196085 -0.00183096 -0.00198857 -0.0018407 -0.0018435 -0.00186811 -0.00187004 -0.0018718 -0.00193675 -0.00187434 -0.00176766 -0.00178579 -0.00174188 -0.00189618 -0.00189799 -0.00184639 -0.00179552 -0.00188008 -0.00184939 -0.00180185 -0.00193289 -0.00189712 -0.00181573 -0.00181249 -0.00177625 -0.0019118 -0.00192113 -0.00191267 -0.0019048 -0.00191862 -0.00189752 -0.00187879 -0.00189958 -0.00191178 -0.00192786 -0.00177596 
-0.00189761 -0.00180701 -0.00201453 -0.00200668 -0.00200371 -0.00209847 -0.00207701 -0.00217698 -0.00211054 -0.00203505 -0.00213121 -0.00205884 -0.00215212 -0.00198107 -0.00183042 -0.00182877 -0.00158058 0.00267919 0.00258809 0.00301611 0.00309568 0.00312668 0.145701 0.00287709 0.00293798 0.00276071 0.00244656 -0.0017068 -0.00167483 -0.00176273 -0.00195713 -0.002062 -0.00214186 -0.00213785 -0.00195727 -0.00183532 -0.00196145 -0.00194677 -0.00209818 -0.00199579 -0.00188467 -0.00189149 -0.00204813 -0.00196356 -0.00196263 -0.00192665 -0.00188604 -0.00190049 -0.00185842 -0.00180693 -0.00185612 -0.00175253 -0.00185773 -0.00197312 -0.00181132 -0.00184993 -0.00187803 -0.00184039 -0.00187042 -0.0019054 -0.00191469 -0.00184181 -0.00185399 -0.00180879 -0.00180478 -0.00188387 -0.00187226 -0.00187633 -0.00191943 -0.00190472 -0.00185823 -0.0019019 -0.00187942 -0.00195665 -0.00170232 -0.00182259 -0.0017685 -0.00191113 -0.00184096 -0.00192126 -0.00191501 -0.00188562 -0.00186913 -0.0019413 -0.00184842 -0.00181134 -0.0019291 -0.00173073 -0.00178689 -0.00185704 -0.00178664 -0.00183162 -0.00193549 -0.00180611 -0.00191204 -0.00193224 -0.00187927 -0.00187124 -0.00180194 -0.00190174 
-0.00175111 -0.00173508 -0.00190266 -0.00186514 -0.00178205 -0.00201965 -0.00193278 -0.00196392 -0.00211456 -0.00196278 -0.00214177 -0.00201226 -0.00204693 -0.00211443 -0.00189278 -0.00200558 -0.00174019 -0.0015766 -0.00162102 0.00253899 0.00288479 0.00281305 0.00287709 0.141385 0.0030224 0.0030408 0.00251006 0.00233753 -0.00159226 -0.00145507 -0.00164168 -0.00183203 -0.00193428 -0.00195246 -0.00181928 -0.00176685 -0.00189028 -0.001826 -0.00188228 -0.00179625 -0.00189888 -0.00176413 -0.00181214 -0.0018166 -0.00196089 -0.0017476 -0.00179702 -0.00174284 -0.00182285 -0.00173653 -0.00177261 -0.00178451 -0.00184764 -0.00180119 -0.00175779 -0.00177807 -0.00171849 -0.00182973 -0.00183595 -0.00172245 -0.00175227 -0.0016707 -0.00175221 -0.0016189 -0.00168289 -0.00176667 -0.00176122 -0.00166962 -0.00177876 -0.00167235 -0.00179844 -0.00183095 -0.00175879 -0.00180824 -0.0016199 -0.00165951 -0.00169221 -0.0017853 -0.00176618 -0.00174752 -0.00173709 -0.00172561 -0.00184792 -0.00190683 -0.00173237 -0.00173342 -0.00181018 -0.00167602 -0.00168526 -0.00169012 -0.00182638 -0.00172315 -0.00176607 -0.0018187 -0.00179349 -0.00184339 -0.00175005 -0.00176064 -0.00176605 -0.001706 
-0.00194309 -0.00190472 -0.00194407 -0.00194642 -0.00199514 -0.00209143 -0.00220984 -0.00215442 -0.00214284 -0.00205267 -0.00223871 -0.00219456 -0.00211724 -0.00229252 -0.00208389 -0.00215599 -0.00189027 -0.001787 -0.00182934 0.0026779 0.00280477 0.00288186 0.00293798 0.0030224 0.146017 0.00315145 0.00263038 0.00261052 0.00246361 0.00240445 -0.00166494 -0.00164149 -0.00175725 -0.00190655 -0.00201104 -0.00195357 -0.00212196 -0.00209039 -0.00208935 -0.00205279 -0.00198351 -0.00197836 -0.00213171 -0.00200255 -0.00205676 -0.00206218 -0.00184674 -0.00190946 -0.00199018 -0.00196789 -0.00188728 -0.00193084 -0.00191836 -0.00201945 -0.0019299 -0.00197403 -0.00196189 -0.00188758 -0.00188925 -0.00199133 -0.00194614 -0.00191285 -0.00179112 -0.00173224 -0.00191449 -0.00196169 -0.00186045 -0.00204457 -0.00194418 -0.00192181 -0.00197599 -0.00193704 -0.00192515 -0.00188333 -0.00183304 -0.00184003 -0.00174597 -0.00195094 -0.00198133 -0.00196565 -0.00193524 -0.00191427 -0.00198311 -0.00193927 -0.00192464 -0.00199241 -0.00189959 -0.00177171 -0.00172796 -0.00191855 -0.00197777 -0.00193159 -0.00189872 -0.00190886 -0.00188892 -0.0018894 -0.00195118 -0.00183497 -0.00187276 -0.00179082 
-0.00194184 -0.00186395 -0.00196153 -0.00193154 -0.00191475 -0.00201114 -0.00204484 -0.00211298 -0.00209253 -0.00208755 -0.00218255 -0.00224199 -0.00212459 -0.0023115 -0.00216475 -0.00225318 -0.00215741 -0.00186443 -0.00193852 -0.00184294 0.00268603 0.00261232 0.00276071 0.0030408 0.00315145 0.144151 0.00286351 0.00288517 0.00247286 0.00256732 0.00244659 -0.00153646 -0.00159922 -0.00179385 -0.00179553 -0.001857 -0.00202811 -0.00212844 -0.00206611 -0.00210406 -0.00200583 -0.0018979 -0.00202736 -0.00214526 -0.00200086 -0.00197376 -0.00191963 -0.00187017 -0.001894 -0.00186209 -0.0018546 -0.0019465 -0.00190189 -0.00186212 -0.00200431 -0.00185825 -0.00183729 -0.00190763 -0.00186065 -0.00195686 -0.00189616 -0.00189022 -0.00177958 -0.00173102 -0.00188706 -0.00192191 -0.00182175 -0.00193554 -0.00195875 -0.00188886 -0.00188246 -0.00188595 -0.00190082 -0.00184302 -0.00178334 -0.00181043 -0.00182358 -0.00191354 -0.00187656 -0.00188494 -0.00184327 -0.00197718 -0.0019756 -0.00185153 -0.00196923 -0.0018807 -0.00184893 -0.00174308 -0.00176826 -0.00189234 -0.00183254 -0.00186873 -0.00188585 -0.0018657 -0.00190459 -0.00194862 -0.0019549 -0.0019437 -0.00197521 -0.00185215 
-0.00179402 -0.0017765 -0.0017192 -0.00177906 -0.00189821 -0.00199489 -0.00190887 -0.0019752 -0.00192154 -0.00202239 -0.00193956 -0.00203988 -0.00202473 -0.00216035 -0.00215107 -0.00209969 -0.00222456 -0.00198961 -0.00206972 -0.00185808 -0.00168021 -0.00161905 0.00244656 0.00251006 0.00263038 0.00286351 0.13885 0.00275899 0.0026547 0.00268669 0.00239196 0.00233482 -0.0013203 -0.00149585 -0.00154771 -0.00171413 -0.00174484 -0.00189156 -0.00185633 -0.00188608 -0.00185157 -0.00184808 -0.00194226 -0.00188623 -0.00198193 -0.00194073 -0.00178053 -0.00186687 -0.00179258 -0.00177773 -0.00174841 -0.00171557 -0.00164786 -0.00181262 -0.00174763 -0.00180961 -0.00175962 -0.00182449 -0.00176115 -0.00168789 -0.00172759 -0.00180081 -0.001647 -0.00163006 -0.00166705 -0.00185301 -0.00173931 -0.00175519 -0.00178939 -0.0018104 -0.00176412 -0.00173121 -0.00175565 -0.00179329 -0.00174674 -0.00163757 -0.00162032 -0.00172716 -0.00174403 -0.00172682 -0.00176547 -0.00176255 -0.00186969 -0.00182933 -0.00174427 -0.00175769 -0.00179703 -0.00168017 -0.0017134 -0.001704 -0.00179553 -0.00175969 -0.00184476 -0.00176591 -0.00170685 -0.00189985 -0.00168707 -0.00170311 -0.00177265 -0.00161533 
-0.00177522 -0.00174714 -0.00167189 -0.00180336 -0.00177505 -0.00190825 -0.0018766 -0.00192725 -0.00193368 -0.00196219 -0.00209262 -0.00193275 -0.00204078 -0.00198539 -0.00204732 -0.0021621 -0.00222876 -0.0021094 -0.00216786 -0.00195013 -0.00182357 -0.00183226 -0.0017068 0.00233753 0.00261052 0.00288517 0.00275899 0.137255 0.00279796 0.00271301 0.00268628 0.00244145 0.002321 -0.00140219 -0.00159354 -0.00144405 -0.00161344 -0.00170347 -0.00183913 -0.00179244 -0.00188117 -0.0018287 -0.00186169 -0.00182332 -0.00187313 -0.00183741 -0.00177592 -0.0017317 -0.00169268 -0.00183633 -0.00179031 -0.00180426 -0.00180373 -0.00176873 -0.00170092 -0.00167107 -0.00176355 -0.00180541 -0.00178135 -0.00176581 -0.00170029 -0.00179138 -0.00155206 -0.00172969 -0.00165618 -0.00176859 -0.00182792 -0.0017811 -0.00169384 -0.00174968 -0.00170233 -0.00173891 -0.00169371 -0.00169679 -0.00169513 -0.00170872 -0.00164608 -0.00180313 -0.00174197 -0.00172191 -0.00170002 -0.00181028 -0.00171034 -0.00179231 -0.00170879 -0.00175363 -0.00169784 -0.00166725 -0.00161613 -0.0017597 -0.00182538 -0.00178592 -0.00181078 -0.00176787 -0.00172823 -0.0017907 -0.00173099 -0.00173877 -0.00176569 -0.00160098 
-0.00179956 -0.00174545 -0.00166923 -0.00170934 -0.00178789 -0.001924 -0.00180532 -0.00192647 -0.00190515 -0.00185449 -0.00210126 -0.0021355 -0.00202084 -0.00213277 -0.0019507 -0.00212511 -0.00223869 -0.00210118 -0.00216156 -0.00197826 -0.00190328 -0.00192726 -0.00167483 -0.00159226 0.00246361 0.00247286 0.0026547 0.00279796 0.135207 0.00279243 0.00262612 0.00245614 0.00236165 0.0022291 -0.00121183 -0.00130595 -0.0014331 -0.00163582 -0.00169648 -0.00177616 -0.00174344 -0.00163891 -0.00186117 -0.00174548 -0.00187576 -0.00174702 -0.0017268 -0.00166528 -0.00179311 -0.00174012 -0.00168282 -0.0017207 -0.00169979 -0.00163044 -0.00175313 -0.00169064 -0.00162903 -0.00167095 -0.00167543 -0.00174967 -0.00173887 -0.00164704 -0.00169704 -0.00172063 -0.00165105 -0.00175104 -0.00168367 -0.00169082 -0.00166776 -0.00177783 -0.00170216 -0.00187275 -0.0017031 -0.00173227 -0.00167153 -0.00162662 -0.00160313 -0.00165045 -0.00172446 -0.00168022 -0.0017731 -0.00183738 -0.00176738 -0.0017764 -0.00169566 -0.00174672 -0.0016943 -0.00164364 -0.00164154 -0.00176446 -0.00176695 -0.0017275 -0.00170299 -0.00172043 -0.00169481 -0.00174888 -0.00168045 -0.0017121 -0.00164102 -0.00166419 
-0.00175122 -0.0016619 -0.00173493 -0.00172733 -0.00179969 -0.00184367 -0.00198797 -0.00194409 -0.00196257 -0.00188141 -0.00189368 -0.00212381 -0.00190262 -0.0021266 -0.00215072 -0.00205382 -0.00219431 -0.00204894 -0.00206173 -0.00202992 -0.00181846 -0.00176141 -0.00176273 -0.00145507 0.00240445 0.00256732 0.00268669 0.00271301 0.00279243 0.133916 0.00265879 0.00265492 0.0023653 0.00216323 -0.00124939 -0.00131026 -0.00144614 -0.00158083 -0.00174635 -0.00170513 -0.00173538 -0.00172809 -0.00178086 -0.0018482 -0.00191021 -0.00187217 -0.00166067 -0.00161617 -0.00174855 -0.00174757 -0.00173169 -0.0017176 -0.00170655 -0.00167431 -0.00162449 -0.0016381 -0.00170009 -0.00168639 -0.00161987 -0.00168929 -0.00182433 -0.0015816 -0.00168309 -0.00155378 -0.00174169 -0.00169612 -0.0017832 -0.00167731 -0.00169149 -0.00167589 -0.00167991 -0.00161874 -0.00172259 -0.00171147 -0.00172585 -0.00167093 -0.00165041 -0.00167375 -0.0017517 -0.00173863 -0.00165716 -0.00174596 -0.00174525 -0.00166842 -0.00171269 -0.00169532 -0.00179464 -0.00167209 -0.00160415 -0.00174871 -0.00167276 -0.00177831 -0.00163019 -0.00168481 -0.00167902 -0.00164772 -0.00173844 -0.00169454 -0.00165677 -0.00168957 
-0.00172927 -0.00173202 -0.00175257 -0.00168466 -0.001785 -0.00191362 -0.00187962 -0.00194652 -0.00199365 -0.00200469 -0.0020708 -0.00201102 -0.00207625 -0.00213739 -0.0020375 -0.00200476 -0.00231209 -0.00210289 -0.00215088 -0.00225871 -0.00218376 -0.00207076 -0.00195713 -0.00164168 -0.00166494 0.00244659 0.00239196 0.00268628 0.00262612 0.00265879 0.13482 0.00275138 0.00252631 0.00230966 0.00216009 0.00220124 -0.00128756 -0.00143946 -0.0016275 -0.00162914 -0.00176621 -0.0017272 -0.00194713 -0.00187838 -0.00192752 -0.00177483 -0.00179607 -0.00170076 -0.00168135 -0.00182334 -0.00180607 -0.00170679 -0.0016181 -0.00166922 -0.00171264 -0.00181319 -0.00166452 -0.00174693 -0.00175925 -0.00167606 -0.00170106 -0.00168192 -0.00175001 -0.00162974 -0.00174574 -0.00177619 -0.00174657 -0.00174773 -0.00176429 -0.00175594 -0.00170095 -0.00171743 -0.00175793 -0.00191142 -0.00160227 -0.00164141 -0.00171936 -0.00168137 -0.00168445 -0.00167153 -0.00172208 -0.00176809 -0.00176353 -0.00178114 -0.00178123 -0.00177038 -0.00171823 -0.00172658 -0.0016506 -0.00170453 -0.00168484 -0.00174557 -0.00182655 -0.00169246 -0.00178249 -0.00182789 -0.00176251 -0.00171552 -0.00176201 -0.00172316 
-0.00175169 -0.00179702 -0.00176184 -0.00172168 -0.00172958 -0.00185134 -0.00188806 -0.00181805 -0.00202652 -0.00182336 -0.00205707 -0.00200605 -0.00194669 -0.00206416 -0.00204554 -0.00206261 -0.00223882 -0.00198232 -0.00203123 -0.00219177 -0.00214012 -0.00217021 -0.002062 -0.00183203 -0.00164149 -0.00153646 0.00233482 0.00244145 0.00245614 0.00265492 0.00275138 0.132818 0.00257239 0.00233482 0.00222293 0.00220039 0.0019657 -0.00126171 -0.0014205 -0.00144047 -0.00166302 -0.0015525 -0.0017858 -0.00178963 -0.00179753 -0.00188436 -0.00175674 -0.00170528 -0.0017065 -0.00175966 -0.00173681 -0.00177675 -0.00169418 -0.0017832 -0.00164491 -0.00169185 -0.00170628 -0.00171915 -0.00176812 -0.00166986 -0.00170667 -0.00173389 -0.00157606 -0.00159421 -0.00160015 -0.00168856 -0.00172554 -0.0017556 -0.00171365 -0.00178486 -0.00176775 -0.0018049 -0.00177356 -0.00182254 -0.00166435 -0.00164006 -0.00163584 -0.00172761 -0.00173265 -0.00166052 -0.00165846 -0.00174359 -0.00171366 -0.00173455 -0.00167811 -0.00165603 -0.00172794 -0.0016197 -0.00152462 -0.00169393 -0.00178009 -0.00173822 -0.00175183 -0.00174116 -0.00160461 -0.0017075 -0.00174318 -0.00167958 -0.00164228 -0.00161263 
-0.00166723 -0.00167632 -0.0016847 -0.00174255 -0.00178706 -0.00180079 -0.00193191 -0.00179874 -0.00192354 -0.00181652 -0.00196108 -0.00200359 -0.00195202 -0.00195214 -0.0020363 -0.00203158 -0.00218832 -0.00209633 -0.0020532 -0.00222252 -0.00217728 -0.00208515 -0.00214186 -0.00193428 -0.00175725 -0.00159922 -0.0013203 0.002321 0.00236165 0.0023653 0.00252631 0.00257239 0.131725 0.00252814 0.0023015 0.0022622 0.00226004 0.00200924 -0.00133814 -0.00142518 -0.00151688 -0.00153533 -0.00172919 -0.00181655 -0.00182493 -0.00179559 -0.00165854 -0.00170594 -0.00171281 -0.00171012 -0.00173889 -0.00175674 -0.00167713 -0.00169529 -0.00171089 -0.00168543 -0.00168473 -0.00160941 -0.00162994 -0.00171281 -0.0016464 -0.00168809 -0.00165518 -0.00160198 -0.00166906 -0.00173566 -0.00167406 -0.00171527 -0.00168979 -0.00169302 -0.00158945 -0.00163001 -0.00170735 -0.00162543 -0.0016518 -0.00166182 -0.00155768 -0.00166758 -0.00175732 -0.00177576 -0.0016654 -0.00168744 -0.00174391 -0.00169456 -0.0016613 -0.0017171 -0.0016016 -0.00169399 -0.00165837 -0.00170018 -0.00170301 -0.00166376 -0.00172765 -0.0016939 -0.0017903 -0.00178078 -0.00164044 -0.00171338 -0.00169447 -0.00159624 
