0.122906 0.00229168 0.0021381 0.00205809 0.00193846 0.00205562 -0.00108632 -0.00125126 -0.00136061 -0.00139089 -0.00162695 -0.00173252 -0.00167641 -0.00180658 -0.00182823 -0.00184656 -0.00190141 -0.00190257 -0.00189843 -0.00193235 -0.00192331 -0.00184734 -0.00177743 -0.00172905 -0.00194265 -0.00186106 -0.00176395 -0.00179015 -0.00161314 -0.00164225 -0.00180797 -0.00167895 -0.00159158 -0.0016353 -0.00159366 -0.00159371 -0.00162284 -0.00161515 -0.00166306 -0.00163562 -0.00162194 -0.00152291 -0.00161055 -0.00163415 -0.00157102 -0.00157995 -0.0015795 -0.00150157 -0.0015049 -0.00153224 -0.00147094 -0.00154754 -0.0015235 -0.00160088 -0.00145112 -0.0015119 -0.00145371 -0.00147273 -0.0014388 -0.00149762 -0.00154643 -0.00147021 -0.00146927 -0.00142721 -0.00149615 -0.00153654 -0.00142605 -0.0015506 -0.00149934 -0.00157074 -0.00153107 -0.00146484 -0.00146193 -0.00147117 -0.00141336 -0.00146396 -0.00152597 -0.0015726 -0.00153298 -0.00161183 -0.00157196 -0.00156398 -0.00146465 -0.00157452 -0.00145479 -0.00149151 -0.00159324 -0.00154019 -0.0013713 -0.00144265 -0.00141345 -0.001479 -0.00129587 -0.00133337 -0.00126567 -0.00121844 0.00181023 0.00199888 0.00199813 0.00211879 
0.00229168 0.123628 0.00230158 0.0021586 0.00200767 0.00215581 0.00213947 -0.00119494 -0.00120533 -0.00129588 -0.00150853 -0.00162436 -0.00171072 -0.00183959 -0.00184267 -0.00186333 -0.00200663 -0.00186554 -0.00193716 -0.00198273 -0.00185586 -0.00183976 -0.00195383 -0.0018301 -0.00198633 -0.00192283 -0.00183787 -0.00181277 -0.00173829 -0.00167387 -0.00182968 -0.00169826 -0.00166881 -0.00165832 -0.00160151 -0.00160551 -0.00175893 -0.00166732 -0.00161717 -0.00161397 -0.00149104 -0.00154502 -0.00167381 -0.00166087 -0.00160829 -0.00170505 -0.00155053 -0.00150381 -0.00148269 -0.00151937 -0.00152276 -0.0015325 -0.00156615 -0.00151742 -0.00158383 -0.00153709 -0.00156128 -0.0015557 -0.00155422 -0.00159129 -0.00146166 -0.00160995 -0.00150433 -0.00139729 -0.00159455 -0.00152574 -0.00150616 -0.00148972 -0.00151082 -0.00152332 -0.00139456 -0.00147811 -0.00150822 -0.00153767 -0.00151041 -0.00137189 -0.00150688 -0.00146813 -0.00159132 -0.00153189 -0.00148227 -0.00152135 -0.00157413 -0.00156342 -0.00146093 -0.00153678 -0.00155515 -0.00135417 -0.00139407 -0.00151272 -0.00148127 -0.00151585 -0.0013706 -0.00130366 -0.00138465 -0.00118938 -0.00114016 0.00184786 0.00201602 0.00212716 
0.0021381 0.00230158 0.123977 0.0022692 0.00223383 0.00228488 0.0022335 0.00208694 -0.00131919 -0.00120806 -0.00145205 -0.00152981 -0.00154685 -0.00180969 -0.00183551 -0.00177197 -0.0020016 -0.0018908 -0.00187284 -0.0019991 -0.00201124 -0.00194492 -0.0019817 -0.00175428 -0.00207797 -0.0020383 -0.00180943 -0.00184271 -0.00175689 -0.00169798 -0.00183424 -0.00178015 -0.00176941 -0.00167717 -0.001582 -0.00158998 -0.00168954 -0.00161427 -0.00157283 -0.00162322 -0.00157583 -0.00158008 -0.00157054 -0.0015728 -0.00158705 -0.00160279 -0.00154111 -0.00154722 -0.00146673 -0.00153417 -0.00155041 -0.00150508 -0.00156282 -0.00150853 -0.00165191 -0.00147626 -0.00149936 -0.00149741 -0.00159819 -0.00156586 -0.00151899 -0.00154293 -0.00152488 -0.00144004 -0.0014983 -0.00153787 -0.001636 -0.00155535 -0.00149114 -0.00159292 -0.00152702 -0.00150192 -0.00145244 -0.00156272 -0.00143345 -0.00141676 -0.00149669 -0.0014592 -0.00159116 -0.00149844 -0.00154803 -0.00151769 -0.0015052 -0.00162233 -0.00152985 -0.00146424 -0.0014848 -0.00148569 -0.00139484 -0.00153679 -0.00150507 -0.00152113 -0.00139993 -0.00141807 -0.00139582 -0.0013787 -0.00124332 -0.00114508 0.00181814 0.00191106 
0.00205809 0.0021586 0.0022692 0.124436 0.00228369 0.00230663 0.00225189 0.00204831 0.00218886 -0.00114715 -0.00146901 -0.00151057 -0.0015424 -0.00176578 -0.00173808 -0.0019047 -0.00200183 -0.00191296 -0.00191628 -0.00209245 -0.00199435 -0.00201817 -0.00182569 -0.00179207 -0.00202998 -0.00195738 -0.00187126 -0.00173492 -0.00186141 -0.00175217 -0.00170009 -0.00175194 -0.00167285 -0.00157545 -0.0015576 -0.00162647 -0.00170066 -0.00166749 -0.00156459 -0.00161661 -0.00159631 -0.00152198 -0.00165846 -0.00163968 -0.00165703 -0.00162154 -0.0016034 -0.00156084 -0.00149231 -0.00149763 -0.0016007 -0.00155792 -0.00154419 -0.00162788 -0.00159443 -0.00161487 -0.00159304 -0.00148089 -0.00159065 -0.00155323 -0.00156174 -0.00150542 -0.00145563 -0.00146669 -0.00158489 -0.0016063 -0.00152443 -0.00154294 -0.00149182 -0.00157417 -0.00146356 -0.0014857 -0.00160103 -0.00155637 -0.00147766 -0.00141239 -0.00147037 -0.00155316 -0.00150754 -0.00157251 -0.00157377 -0.00154555 -0.00156975 -0.00149592 -0.00149915 -0.00147948 -0.00146789 -0.00141523 -0.00146488 -0.00148848 -0.00146588 -0.00145551 -0.00147919 -0.00149408 -0.00150501 -0.00138588 -0.00139486 -0.0012375 -0.00114755 0.0018575 
0.00193846 0.00200767 0.00223383 0.00228369 0.125023 0.00244507 0.00237599 0.00229436 0.00211141 0.00219726 -0.00125363 -0.00133553 -0.00138594 -0.00163451 -0.00176474 -0.00182909 -0.00202732 -0.0019182 -0.00192076 -0.00205686 -0.0018807 -0.00196969 -0.00194886 -0.00182769 -0.00196478 -0.0019175 -0.00177485 -0.00179091 -0.00177545 -0.00183825 -0.00180669 -0.0017681 -0.0017898 -0.00168945 -0.00168025 -0.00163406 -0.00169674 -0.001681 -0.00165801 -0.00169364 -0.00156856 -0.0016145 -0.00163388 -0.00165039 -0.00166462 -0.00163977 -0.0015439 -0.0015606 -0.00161898 -0.00158167 -0.00157631 -0.00153666 -0.00149747 -0.0015158 -0.00157197 -0.00160074 -0.00153622 -0.00154168 -0.0015032 -0.00153794 -0.001565 -0.00155259 -0.00148498 -0.00136594 -0.00164514 -0.00147567 -0.00143815 -0.00159906 -0.0015678 -0.00147634 -0.00154933 -0.00151752 -0.00157075 -0.00153683 -0.00145562 -0.00158548 -0.00147618 -0.00150666 -0.00159318 -0.00150411 -0.00156689 -0.00151197 -0.00157737 -0.00163686 -0.00161254 -0.00152124 -0.00160616 -0.00152277 -0.00148728 -0.0015011 -0.00149846 -0.00154316 -0.001522 -0.00156029 -0.0014951 -0.0015735 -0.0015033 -0.00138425 -0.00133624 -0.00107575 
0.00205562 0.00215581 0.00228488 0.00230663 0.00244507 0.128112 0.00253817 0.00245507 0.00230732 0.00225981 0.00209562 -0.00141673 -0.00136145 -0.0016468 -0.00182155 -0.00187304 -0.00196375 -0.00197901 -0.00200756 -0.00217374 -0.00213727 -0.00206442 -0.00201763 -0.00195748 -0.00215834 -0.00213838 -0.00194271 -0.00194044 -0.00190582 -0.00191803 -0.00193001 -0.00178266 -0.00189124 -0.00183547 -0.00179773 -0.00170402 -0.00168379 -0.00178618 -0.0017035 -0.00164797 -0.00170509 -0.00173065 -0.00175502 -0.0017898 -0.00167929 -0.00175776 -0.00158482 -0.0016663 -0.00165302 -0.00161072 -0.00165022 -0.00163482 -0.00167007 -0.00154809 -0.00161452 -0.00163075 -0.00160782 -0.00162847 -0.00167301 -0.00162507 -0.00162226 -0.00160696 -0.00160187 -0.00147949 -0.00159008 -0.00166857 -0.00163025 -0.00162755 -0.00158394 -0.00168371 -0.00164054 -0.00153101 -0.00165713 -0.00168099 -0.00152477 -0.00156088 -0.00157279 -0.00154986 -0.00158779 -0.00155619 -0.00167434 -0.00163193 -0.00162346 -0.00162909 -0.00161656 -0.0016197 -0.00158534 -0.00161494 -0.00159617 -0.00168237 -0.00167986 -0.00164237 -0.0016532 -0.00165774 -0.00163091 -0.00166702 -0.00149739 -0.00142923 -0.00133842 -0.00118696 
-0.00108632 0.00213947 0.0022335 0.00225189 0.00237599 0.00253817 0.12954 0.00255041 0.00244334 0.00238593 0.00230678 0.00208728 -0.00124349 -0.001613 -0.00171031 -0.0018341 -0.00205044 -0.00207749 -0.0021179 -0.00216926 -0.00208554 -0.00220943 -0.00208695 -0.00190937 -0.00224774 -0.00220649 -0.0018717 -0.00194506 -0.00188437 -0.0018028 -0.00190339 -0.00192079 -0.00194081 -0.00199341 -0.00173142 -0.0017448 -0.0018177 -0.00179459 -0.00174189 -0.00175166 -0.00169 -0.00169302 -0.00176757 -0.00176948 -0.00171296 -0.00179436 -0.00161745 -0.00158971 -0.00164312 -0.00164882 -0.00164631 -0.0015659 -0.00166862 -0.00169885 -0.00169976 -0.00166125 -0.0016708 -0.00167837 -0.00171668 -0.00168181 -0.00169178 -0.00165662 -0.00165009 -0.00154912 -0.00164585 -0.00162953 -0.0016478 -0.00162323 -0.00158595 -0.00164152 -0.0016359 -0.00166815 -0.00165168 -0.00161456 -0.00156133 -0.00154776 -0.00152356 -0.00162257 -0.0016028 -0.00161794 -0.00173204 -0.00173687 -0.00172938 -0.00160863 -0.00162704 -0.00171419 -0.00173753 -0.00161404 -0.00152965 -0.00164761 -0.00157302 -0.00166082 -0.00162402 -0.00162707 -0.00169893 -0.00165324 -0.00154514 -0.00148445 -0.00147331 -0.00136114 
-0.00125126 -0.00119494 0.00208694 0.00204831 0.00229436 0.00245507 0.00255041 0.130321 0.00252897 0.00257924 0.00238328 0.00229606 0.00218933 -0.00148931 -0.00162736 -0.00159722 -0.00196141 -0.00208113 -0.0020105 -0.00223251 -0.0022128 -0.0021132 -0.00206866 -0.00195901 -0.00214295 -0.00211837 -0.00199808 -0.00195931 -0.00194621 -0.00184584 -0.00181535 -0.00183758 -0.0018369 -0.00175322 -0.00173526 -0.00176085 -0.00188137 -0.0017518 -0.00166584 -0.00181383 -0.0017653 -0.0016446 -0.00180799 -0.0017568 -0.00172809 -0.00181252 -0.00172075 -0.001685 -0.00160778 -0.00171473 -0.00164131 -0.00174334 -0.00158704 -0.00171359 -0.00169324 -0.00168475 -0.00175772 -0.0016903 -0.00167364 -0.00171467 -0.00172104 -0.00167206 -0.00162542 -0.00161089 -0.0016987 -0.00159388 -0.00174473 -0.00172707 -0.00172046 -0.00172661 -0.00168631 -0.00163439 -0.00173443 -0.00168769 -0.00155015 -0.00154717 -0.00159408 -0.00158568 -0.00164972 -0.00162197 -0.00165866 -0.00166742 -0.00166618 -0.00163426 -0.00161915 -0.00162311 -0.00171371 -0.00156945 -0.00161327 -0.00166651 -0.00172799 -0.00171484 -0.00175064 -0.00164955 -0.00171052 -0.00164142 -0.00162122 -0.00160306 -0.00154759 -0.00139633 
-0.00136061 -0.00120533 -0.00131919 0.00218886 0.00211141 0.00230732 0.00244334 0.00252897 0.131607 0.0026029 0.00248824 0.00243283 0.00231186 0.00230631 -0.00157303 -0.00161236 -0.00190873 -0.002012 -0.001971 -0.00213431 -0.00211308 -0.00212522 -0.00204675 -0.00199971 -0.00216504 -0.00206337 -0.00205887 -0.00194493 -0.0018626 -0.00179617 -0.00192914 -0.00185171 -0.00186364 -0.00186584 -0.00175033 -0.00169341 -0.00191406 -0.00177959 -0.00186128 -0.00187142 -0.00165461 -0.00172592 -0.00181588 -0.00175996 -0.00182596 -0.00188596 -0.00174567 -0.00164362 -0.00173074 -0.00166527 -0.00169311 -0.00172264 -0.00170452 -0.00169515 -0.00170916 -0.00177357 -0.00169906 -0.001768 -0.00167395 -0.00176489 -0.001728 -0.00170116 -0.00151138 -0.00156813 -0.00172643 -0.00167792 -0.0016667 -0.0017349 -0.00173587 -0.00166877 -0.00171521 -0.00167237 -0.00170588 -0.00175906 -0.00158519 -0.00164547 -0.00168271 -0.0016798 -0.00173705 -0.00172579 -0.00175009 -0.00165862 -0.00162086 -0.00172975 -0.00165866 -0.00171372 -0.00168726 -0.00160269 -0.00162779 -0.00172534 -0.00172458 -0.00166595 -0.00165959 -0.00164653 -0.00175143 -0.00169845 -0.0017255 -0.00165362 -0.00163675 -0.00145407 
-0.00139089 -0.00129588 -0.00120806 -0.00114715 0.00219726 0.00225981 0.00238593 0.00257924 0.0026029 0.129852 0.00247593 0.00241159 0.00233522 0.00228266 -0.00141634 -0.00150229 -0.00172431 -0.00193542 -0.00180147 -0.00214916 -0.00199931 -0.00206496 -0.00201035 -0.00187014 -0.00204861 -0.00205873 -0.0020183 -0.001873 -0.00180394 -0.00186259 -0.00183132 -0.00190847 -0.00187892 -0.00186794 -0.00178032 -0.00173877 -0.00181264 -0.00175488 -0.00174255 -0.00174744 -0.00166594 -0.00165036 -0.00169646 -0.00179823 -0.0017987 -0.00174359 -0.00168112 -0.0017043 -0.00169911 -0.00167705 -0.00165744 -0.00164371 -0.00156751 -0.00163522 -0.00170701 -0.00160758 -0.00163405 -0.00167273 -0.00158814 -0.00162655 -0.00167641 -0.00156947 -0.00155062 -0.00150048 -0.00162661 -0.00161188 -0.00158648 -0.00157735 -0.00159249 -0.00165199 -0.00166539 -0.00168634 -0.00158702 -0.0016419 -0.00155667 -0.00158311 -0.00156132 -0.00156193 -0.0015886 -0.00178776 -0.00155301 -0.00168958 -0.00165252 -0.00163082 -0.00160578 -0.00156409 -0.00164908 -0.00156329 -0.00156053 -0.00166218 -0.00161926 -0.00159201 -0.00172187 -0.00164542 -0.00168766 -0.00163371 -0.00164388 -0.0015867 -0.00170239 -0.00155629 
-0.00162695 -0.00150853 -0.00145205 -0.00146901 -0.00125363 0.00209562 0.00230678 0.00238328 0.00248824 0.00247593 0.134906 0.00267568 0.00260229 0.00255615 0.00231901 0.00232296 -0.00158542 -0.00177343 -0.0017774 -0.00194215 -0.00209389 -0.00217693 -0.00214696 -0.00193174 -0.00217315 -0.00227248 -0.00209514 -0.00201051 -0.00205063 -0.00209007 -0.00201549 -0.00205828 -0.00200516 -0.00199519 -0.00184636 -0.00181149 -0.00193479 -0.00189154 -0.00177302 -0.00187514 -0.00176379 -0.00172571 -0.00186141 -0.0018566 -0.00184851 -0.00184677 -0.00183504 -0.00173818 -0.00179634 -0.00183647 -0.00177382 -0.00178449 -0.00166127 -0.00173299 -0.00174261 -0.00177068 -0.00178135 -0.00174465 -0.00177407 -0.00174531 -0.00176099 -0.00174957 -0.00160944 -0.00157469 -0.00174998 -0.00173153 -0.00171813 -0.0018502 -0.00173031 -0.00176613 -0.00181051 -0.00180999 -0.00167363 -0.00173604 -0.00164371 -0.00172765 -0.0017272 -0.00172942 -0.00168216 -0.00173909 -0.00177547 -0.0016744 -0.00172789 -0.00166342 -0.00174585 -0.00178882 -0.00173336 -0.00161765 -0.00173144 -0.00166672 -0.00176943 -0.00173232 -0.00163667 -0.0017548 -0.00178332 -0.00178579 -0.0017441 -0.00170114 -0.00171765 -0.00160468 
-0.00173252 -0.00162436 -0.00152981 -0.00151057 -0.00133553 -0.00141673 0.00208728 0.00229606 0.00243283 0.00241159 0.00267568 0.13673 0.00287903 0.00267482 0.00252662 0.00239584 0.00233653 -0.00162903 -0.00166022 -0.00190724 -0.00202696 -0.0020583 -0.00212302 -0.00196898 -0.00229934 -0.00219323 -0.00207648 -0.00201831 -0.00213449 -0.00190362 -0.00205078 -0.0020565 -0.0020152 -0.00197263 -0.0018285 -0.00188963 -0.00193031 -0.00186091 -0.00189732 -0.00189095 -0.00182423 -0.00183261 -0.00189828 -0.00191434 -0.00193277 -0.00185185 -0.0017913 -0.00190124 -0.00182381 -0.00183209 -0.0018601 -0.00184053 -0.00171408 -0.00171065 -0.00179067 -0.00176212 -0.00172593 -0.00184091 -0.00176593 -0.00181534 -0.00177408 -0.0017399 -0.0016259 -0.00173136 -0.0018277 -0.00168944 -0.00184461 -0.00169185 -0.00173658 -0.00173208 -0.00171653 -0.00184495 -0.00175342 -0.00191666 -0.00170121 -0.00172124 -0.00169593 -0.00182893 -0.00175882 -0.00177668 -0.00171733 -0.00176886 -0.00175855 -0.00178631 -0.00172887 -0.00184114 -0.00180833 -0.00175576 -0.00171585 -0.00175423 -0.00174508 -0.00174364 -0.00177693 -0.00179711 -0.00179007 -0.00175774 -0.0017424 -0.00179617 -0.00181295 -0.00177065 
-0.00167641 -0.00171072 -0.00154685 -0.0015424 -0.00138594 -0.00136145 -0.00124349 0.00218933 0.00231186 0.00233522 0.00260229 0.00287903 0.135366 0.00263145 0.00250903 0.00249123 0.00237888 -0.00161348 -0.0016285 -0.00182033 -0.00206541 -0.0018619 -0.00205075 -0.00210394 -0.00219349 -0.00212885 -0.00200774 -0.00195832 -0.00199715 -0.0019 -0.00197044 -0.0018472 -0.00181011 -0.00187402 -0.00176419 -0.00175944 -0.00188772 -0.00186329 -0.0018816 -0.00185969 -0.00178688 -0.00179691 -0.00175056 -0.00180366 -0.00177414 -0.00185413 -0.001831 -0.00169995 -0.00178269 -0.001704 -0.00170376 -0.00169938 -0.00177613 -0.00172811 -0.00159241 -0.00170288 -0.00169883 -0.00172992 -0.00172347 -0.00170833 -0.00167705 -0.00172366 -0.00160365 -0.00160166 -0.00171065 -0.0018298 -0.00169968 -0.00174633 -0.00170943 -0.00177768 -0.00173784 -0.00170332 -0.0016823 -0.00170959 -0.00175222 -0.00176589 -0.00164411 -0.00166245 -0.00170969 -0.00175634 -0.00170435 -0.00172334 -0.00179158 -0.0016718 -0.00172953 -0.00167864 -0.00168644 -0.00163323 -0.0016837 -0.00174245 -0.00169237 -0.00172345 -0.00166675 -0.00182021 -0.00171656 -0.00171309 -0.00179444 -0.00174523 -0.00179792 -0.00161424 
-0.00180658 -0.00183959 -0.00180969 -0.00176578 -0.00163451 -0.0016468 -0.001613 -0.00148931 0.00230631 0.00228266 0.00255615 0.00267482 0.00263145 0.140544 0.00279644 0.00286033 0.00268092 0.00240314 0.00246254 -0.00174805 -0.00187185 -0.00185284 -0.0019906 -0.00218962 -0.00229371 -0.00231161 -0.00211893 -0.00204094 -0.00205524 -0.00194001 -0.00206811 -0.00210948 -0.00207892 -0.0019802 -0.00193769 -0.00184156 -0.00199472 -0.00196601 -0.00197922 -0.001983 -0.00185566 -0.00187611 -0.00190405 -0.00198581 -0.00201728 -0.00197837 -0.00187157 -0.00183886 -0.00173958 -0.00191039 -0.00187924 -0.00174241 -0.0019442 -0.00175814 -0.00183291 -0.0017754 -0.0018061 -0.00189007 -0.00183343 -0.00186059 -0.00178518 -0.00182884 -0.00169517 -0.00178093 -0.00183578 -0.0019209 -0.00190416 -0.00182565 -0.00179163 -0.00183748 -0.00183787 -0.00190567 -0.00180658 -0.00180616 -0.00175967 -0.00171869 -0.00178926 -0.00191825 -0.00187018 -0.0018919 -0.00181729 -0.00183233 -0.00180922 -0.0017839 -0.00188866 -0.0018702 -0.00184706 -0.0017518 -0.00170932 -0.00186942 -0.00178689 -0.001874 -0.00179751 -0.00187246 -0.00188961 -0.00182209 -0.00184086 -0.00190218 -0.00181285 -0.00165314 
-0.00182823 -0.00184267 -0.00183551 -0.00173808 -0.00176474 -0.00182155 -0.00171031 -0.00162736 -0.00157303 -0.00141634 0.00231901 0.00252662 0.00250903 0.00279644 0.139668 0.00303027 0.0029851 0.00283759 0.00275237 0.00258834 -0.0016572 -0.00163201 -0.00173242 -0.00187914 -0.00203138 -0.00228735 -0.00208056 -0.00202213 -0.00213047 -0.00204735 -0.00206878 -0.00207786 -0.00208516 -0.00201756 -0.00187702 -0.00195089 -0.0019287 -0.0018803 -0.00189691 -0.00198517 -0.00184332 -0.00184492 -0.00186559 -0.00186972 -0.00192071 -0.00178689 -0.00185957 -0.00178683 -0.00182893 -0.00175617 -0.00177011 -0.001858 -0.00188985 -0.0017856 -0.00188788 -0.00186985 -0.00182326 -0.00179287 -0.00170006 -0.00184896 -0.00174698 -0.00182603 -0.00179329 -0.0017366 -0.00181661 -0.00171879 -0.00191029 -0.00176391 -0.00168099 -0.0017293 -0.00182786 -0.00182128 -0.00182821 -0.00181062 -0.00173766 -0.00175424 -0.00176995 -0.0017677 -0.00181901 -0.00173967 -0.00172807 -0.00174836 -0.00171206 -0.00172718 -0.001807 -0.00180294 -0.00181874 -0.00177653 -0.00175123 -0.00180088 -0.00179323 -0.00171662 -0.00177186 -0.00168086 -0.00184388 -0.0017126 -0.00185026 -0.00182299 -0.00181867 -0.00171475 
-0.00184656 -0.00186333 -0.00177197 -0.0019047 -0.00182909 -0.00187304 -0.0018341 -0.00159722 -0.00161236 -0.00150229 0.00232296 0.00239584 0.00249123 0.00286033 0.00303027 0.141329 0.00304258 0.00281136 0.00280154 0.00266169 -0.00164988 -0.001803 -0.00189773 -0.00190256 -0.00217798 -0.00227979 -0.00211597 -0.00218398 -0.00195039 -0.00210354 -0.00210727 -0.0020908 -0.00207526 -0.00202107 -0.00192211 -0.00189163 -0.0018768 -0.00199927 -0.00193886 -0.00188919 -0.00181246 -0.00186276 -0.00193947 -0.00191961 -0.00197818 -0.00192576 -0.00181585 -0.00187281 -0.00181269 -0.00190098 -0.00180366 -0.0017305 -0.00174912 -0.00184211 -0.00181539 -0.00182592 -0.00176321 -0.00179203 -0.00177807 -0.00180179 -0.00187005 -0.00180129 -0.00168576 -0.00176273 -0.00179503 -0.00184583 -0.00189218 -0.00179541 -0.00182914 -0.00180511 -0.00182116 -0.0017797 -0.00174535 -0.00188376 -0.0016386 -0.00178132 -0.00179374 -0.00182377 -0.00171456 -0.00179976 -0.00177826 -0.00178008 -0.00172513 -0.0017565 -0.00180213 -0.0017876 -0.00184461 -0.00168545 -0.00173147 -0.00180986 -0.00175534 -0.00171092 -0.00181457 -0.00180189 -0.00179017 -0.0017054 -0.00190163 -0.00185351 -0.00187413 -0.00171967 
-0.00190141 -0.00200663 -0.0020016 -0.00200183 -0.00202732 -0.00196375 -0.00205044 -0.00196141 -0.00190873 -0.00172431 -0.00158542 0.00233653 0.00237888 0.00268092 0.0029851 0.00304258 0.146178 0.00293372 0.00306636 0.00305459 0.00270787 0.00257254 -0.00164376 -0.00180062 -0.00186412 -0.0020102 -0.00222151 -0.0021546 -0.00223807 -0.00213692 -0.00219618 -0.00214905 -0.00214374 -0.00218839 -0.00197654 -0.00196595 -0.00212403 -0.00203654 -0.00214208 -0.00207702 -0.00192908 -0.00196042 -0.00202736 -0.00196184 -0.00207813 -0.00202241 -0.00190826 -0.00195452 -0.00206061 -0.00195643 -0.0018863 -0.00194777 -0.00189137 -0.00199638 -0.00194247 -0.00189047 -0.00186129 -0.00202483 -0.00195989 -0.00199541 -0.00189461 -0.00198681 -0.00193282 -0.001839 -0.00192397 -0.00189492 -0.00189052 -0.00182717 -0.00189139 -0.00188252 -0.00195185 -0.00193221 -0.00189399 -0.0018664 -0.0019096 -0.00191046 -0.00183256 -0.00194127 -0.00185872 -0.00198002 -0.00183269 -0.00200072 -0.00190609 -0.00191312 -0.00189281 -0.00196268 -0.00197016 -0.00188445 -0.00183167 -0.00195979 -0.00193402 -0.00198004 -0.00197328 -0.00197689 -0.00198251 -0.00188278 -0.00185279 -0.00194368 -0.00193805 -0.00182055 
-0.00190257 -0.00186554 -0.0018908 -0.00191296 -0.0019182 -0.00197901 -0.00207749 -0.00208113 -0.002012 -0.00193542 -0.00177343 -0.00162903 -0.00161348 0.00240314 0.00283759 0.00281136 0.00293372 0.144501 0.00316695 0.0031185 0.00283191 0.00280311 0.00264676 -0.00167885 -0.0017847 -0.00177737 -0.00201929 -0.00212068 -0.00210582 -0.00206304 -0.00208811 -0.00211442 -0.00211824 -0.00209398 -0.00182235 -0.00190914 -0.00205493 -0.00201075 -0.00203617 -0.00193835 -0.00182112 -0.00184489 -0.00197832 -0.00192617 -0.00195118 -0.00196654 -0.001856 -0.00183555 -0.00190365 -0.00188677 -0.00185489 -0.00193179 -0.00188658 -0.00185977 -0.00182909 -0.00183114 -0.00189695 -0.0017995 -0.00192794 -0.00186297 -0.00188011 -0.00191077 -0.00177447 -0.00179117 -0.00182265 -0.00200488 -0.00193211 -0.00187985 -0.00186152 -0.00187613 -0.00190506 -0.00181818 -0.00184287 -0.00188624 -0.00179076 -0.00175495 -0.00178607 -0.00179954 -0.00183218 -0.00181686 -0.00181505 -0.00186424 -0.00183699 -0.00185793 -0.0019168 -0.00182257 -0.00187538 -0.00176004 -0.00181105 -0.00189961 -0.00180422 -0.00193339 -0.00197041 -0.00181083 -0.00187172 -0.00183055 -0.00179853 -0.00194428 -0.001941 -0.00174458 
-0.00189843 -0.00193716 -0.00187284 -0.00191628 -0.00192076 -0.00200756 -0.0021179 -0.0020105 -0.001971 -0.00180147 -0.0017774 -0.00166022 -0.0016285 0.00246254 0.00275237 0.00280154 0.00306636 0.00316695 0.145611 0.00303918 0.00287316 0.00289947 0.00269105 -0.00164344 -0.00185331 -0.00182643 -0.00200342 -0.00213381 -0.00203682 -0.00207644 -0.00218705 -0.00208606 -0.00219783 -0.0020465 -0.00200522 -0.00193267 -0.00205706 -0.00194533 -0.00200409 -0.00207595 -0.00191053 -0.00187925 -0.00196314 -0.00197537 -0.00202494 -0.00190507 -0.00181945 -0.00191337 -0.00184061 -0.00187952 -0.00195644 -0.00186378 -0.00193845 -0.00197733 -0.00190638 -0.00190794 -0.00195083 -0.00197952 -0.00178909 -0.00191024 -0.00184389 -0.00185572 -0.00180606 -0.00181631 -0.00183328 -0.00191405 -0.0018635 -0.00188058 -0.00195189 -0.00185068 -0.00176446 -0.00190507 -0.00181837 -0.00184548 -0.0017754 -0.00174906 -0.00175224 -0.00196679 -0.00188257 -0.00187379 -0.00182787 -0.00187852 -0.00194373 -0.00189198 -0.00182866 -0.00184076 -0.00191166 -0.00176943 -0.00179244 -0.00189257 -0.00181859 -0.0019783 -0.00186402 -0.00191578 -0.00198334 -0.0019607 -0.00185283 -0.00187972 -0.0018773 -0.0017831 
-0.00193235 -0.00198273 -0.0019991 -0.00209245 -0.00205686 -0.00217374 -0.00216926 -0.00223251 -0.00213431 -0.00214916 -0.00194215 -0.00190724 -0.00182033 -0.00174805 0.00258834 0.00266169 0.00305459 0.0031185 0.00303918 0.149539 0.00312316 0.00320908 0.00298254 0.00279311 0.00271352 -0.00179498 -0.00193042 -0.00198564 -0.00202887 -0.00206981 -0.00221311 -0.00220173 -0.00229442 -0.00219716 -0.00204254 -0.00216841 -0.00211997 -0.00218258 -0.00211993 -0.00216944 -0.00197461 -0.00206224 -0.00200303 -0.00218198 -0.00213919 -0.00212162 -0.00198305 -0.00206142 -0.00205316 -0.00190907 -0.00191913 -0.0019965 -0.00185934 -0.00207854 -0.00198561 -0.00203618 -0.00195819 -0.00209306 -0.00197234 -0.00197318 -0.00195501 -0.00200518 -0.00197077 -0.00193397 -0.00200099 -0.00201545 -0.00198377 -0.00195719 -0.00201373 -0.00195018 -0.00194734 -0.00203643 -0.00199186 -0.00192859 -0.00192792 -0.00191497 -0.00190908 -0.00195885 -0.00190786 -0.00201264 -0.00189991 -0.00202491 -0.00197591 -0.00195031 -0.00193133 -0.00199342 -0.00195035 -0.00185364 -0.00190115 -0.00195453 -0.00193077 -0.00194727 -0.00194759 -0.00201246 -0.00204015 -0.00197719 -0.00203877 -0.00204759 -0.00201293 -0.00188988 
-0.00192331 -0.00185586 -0.00201124 -0.00199435 -0.0018807 -0.00213727 -0.00208554 -0.0022128 -0.00211308 -0.00199931 -0.00209389 -0.00202696 -0.00206541 -0.00187185 -0.0016572 -0.00164988 0.00270787 0.00283191 0.00287316 0.00312316 0.1467 0.00328295 0.00319916 0.00281235 0.00292895 0.00263584 -0.00169341 -0.00170462 -0.00187001 -0.00185369 -0.00210025 -0.00207379 -0.0021237 -0.00212392 -0.0019853 -0.00198591 -0.0020152 -0.00201032 -0.00203102 -0.00203448 -0.00190915 -0.0018993 -0.00204202 -0.00196749 -0.00197685 -0.0020316 -0.00190092 -0.00191043 -0.00191629 -0.00185408 -0.00188469 -0.001821 -0.00188165 -0.00188943 -0.00184901 -0.00197153 -0.00190243 -0.00192891 -0.00206804 -0.00190329 -0.00192317 -0.00191372 -0.00178606 -0.00186515 -0.00184504 -0.00187038 -0.00181988 -0.0019279 -0.00198109 -0.00184901 -0.00196568 -0.00193593 -0.00192562 -0.00189663 -0.00183468 -0.00181653 -0.00183748 -0.00180094 -0.00182062 -0.00191854 -0.001932 -0.00186492 -0.00184789 -0.00187329 -0.00181513 -0.00193597 -0.00188835 -0.00175228 -0.00183496 -0.00189661 -0.00196953 -0.00193237 -0.00182744 -0.00192994 -0.00197564 -0.00197969 -0.00197831 -0.00192256 -0.00191844 -0.00179327 
-0.00184734 -0.00183976 -0.00194492 -0.00201817 -0.00196969 -0.00206442 -0.00220943 -0.0021132 -0.00212522 -0.00206496 -0.00217693 -0.0020583 -0.0018619 -0.00185284 -0.00163201 -0.001803 0.00257254 0.00280311 0.00289947 0.00320908 0.00328295 0.146439 0.00319427 0.00284048 0.00278404 0.00262905 -0.00166985 -0.00186752 -0.00185977 -0.00191062 -0.0020022 -0.0020235 -0.00217969 -0.00206703 -0.00198914 -0.00205571 -0.00215738 -0.00203177 -0.00214623 -0.00200981 -0.00197982 -0.00192519 -0.00200457 -0.00205749 -0.0019908 -0.00197401 -0.00188185 -0.00186655 -0.00193019 -0.00190369 -0.00192935 -0.00186009 -0.00179926 -0.00192039 -0.00190448 -0.00196638 -0.00193592 -0.00195169 -0.00184512 -0.00189294 -0.00192145 -0.00188502 -0.00171939 -0.00182459 -0.00191805 -0.00185998 -0.00184704 -0.00182666 -0.00190032 -0.00184896 -0.00197124 -0.00195917 -0.00185369 -0.00181937 -0.00182881 -0.0018296 -0.00179083 -0.00183012 -0.00181302 -0.0019538 -0.00185002 -0.0019962 -0.00187183 -0.00186579 -0.00180891 -0.00187246 -0.00189031 -0.00175179 -0.00190252 -0.00185166 -0.00185021 -0.00191249 -0.00179022 -0.00187914 -0.00184545 -0.0018759 -0.00196351 -0.0017588 -0.00193215 -0.00191188 
-0.00177743 -0.00195383 -0.0019817 -0.00182569 -0.00194886 -0.00201763 -0.00208695 -0.00206866 -0.00204675 -0.00201035 -0.00214696 -0.00212302 -0.00205075 -0.0019906 -0.00173242 -0.00189773 -0.00164376 0.00264676 0.00269105 0.00298254 0.00319916 0.00319427 0.145786 0.00286713 0.00307106 0.00279146 0.00234963 -0.00162979 -0.00175579 -0.00170731 -0.00183417 -0.00205239 -0.00211359 -0.00202382 -0.00189489 -0.0019263 -0.00202511 -0.00200832 -0.00205483 -0.00213693 -0.00181983 -0.00189997 -0.00210365 -0.00201565 -0.00195593 -0.00192299 -0.00191202 -0.00187953 -0.00180083 -0.00185477 -0.00188999 -0.0019762 -0.00189991 -0.00181106 -0.00189931 -0.00181552 -0.0020052 -0.00191872 -0.00186002 -0.00188462 -0.00183827 -0.00196326 -0.00180155 -0.00183292 -0.00187516 -0.00189462 -0.00197589 -0.00194325 -0.00186278 -0.00188498 -0.00186333 -0.00182996 -0.00196296 -0.00193692 -0.00182564 -0.00175691 -0.00176728 -0.00192815 -0.00188106 -0.00187254 -0.00182687 -0.0018712 -0.0018655 -0.00185631 -0.00187495 -0.00187728 -0.00188091 -0.00184494 -0.00186307 -0.00191336 -0.00190263 -0.0018398 -0.00187402 -0.00184987 -0.00181766 -0.00198692 -0.00187439 -0.0019444 -0.00191037 -0.00181531 
-0.00172905 -0.0018301 -0.00175428 -0.00179207 -0.00182769 -0.00195748 -0.00190937 -0.00195901 -0.00199971 -0.00187014 -0.00193174 -0.00196898 -0.00210394 -0.00218962 -0.00187914 -0.00190256 -0.00180062 -0.00167885 -0.00164344 0.00279311 0.00281235 0.00284048 0.00286713 0.140932 0.00310144 0.00288404 0.00250473 0.00230321 -0.00144929 -0.00162462 -0.00165223 -0.00170948 -0.00196905 -0.0019671 -0.00188853 -0.00180484 -0.00195911 -0.0019328 -0.00195228 -0.00179868 -0.00187768 -0.00178716 -0.00185885 -0.00185008 -0.00178397 -0.00196777 -0.00172658 -0.00181007 -0.00180157 -0.00183971 -0.00173948 -0.00174328 -0.00175403 -0.00171657 -0.00172642 -0.00176145 -0.0017791 -0.00177181 -0.00176802 -0.00185396 -0.00181043 -0.00178212 -0.00164819 -0.0016967 -0.00173329 -0.00178566 -0.00167782 -0.00175 -0.00179094 -0.00170062 -0.00184536 -0.00179777 -0.00177317 -0.00175022 -0.00166956 -0.00178275 -0.00181953 -0.00172358 -0.00177111 -0.0016695 -0.0016569 -0.00176622 -0.00166038 -0.00173682 -0.00171647 -0.00172526 -0.00174384 -0.00163251 -0.00167977 -0.0018578 -0.0016997 -0.00173249 -0.00182659 -0.00177641 -0.00173245 -0.00175362 -0.00170947 -0.0018142 -0.00182241 -0.00166312 
-0.00194265 -0.00198633 -0.00207797 -0.00202998 -0.00196478 -0.00215834 -0.00224774 -0.00214295 -0.00216504 -0.00204861 -0.00217315 -0.00229934 -0.00219349 -0.00229371 -0.00203138 -0.00217798 -0.00186412 -0.0017847 -0.00185331 0.00271352 0.00292895 0.00278404 0.00307106 0.00310144 0.146077 0.00318002 0.00277289 0.00260718 0.00245532 0.00235812 -0.00149732 -0.00158524 -0.00172607 -0.00173796 -0.00198885 -0.00201157 -0.00206648 -0.00200219 -0.00210463 -0.00202034 -0.0020389 -0.00205379 -0.00206603 -0.00209399 -0.00212827 -0.00214234 -0.00207183 -0.00193642 -0.00190136 -0.00192888 -0.00184753 -0.00200856 -0.0019796 -0.00199867 -0.00201952 -0.00191818 -0.00187056 -0.00192016 -0.00180474 -0.00189484 -0.00192755 -0.00178894 -0.00183953 -0.0019737 -0.00187556 -0.00201156 -0.00186341 -0.00196526 -0.00196455 -0.00194698 -0.00192268 -0.00191699 -0.00189552 -0.0019172 -0.0018484 -0.00176172 -0.00177429 -0.00195445 -0.0019483 -0.00190413 -0.00183112 -0.00196771 -0.00201876 -0.00194592 -0.00185982 -0.00189612 -0.0018486 -0.00187173 -0.0019215 -0.00196639 -0.00187877 -0.00197101 -0.00193969 -0.00189857 -0.00189184 -0.00190794 -0.00186844 -0.00188286 -0.00200729 -0.00187472 
-0.00186106 -0.00192283 -0.0020383 -0.00195738 -0.0019175 -0.00213838 -0.00220649 -0.00211837 -0.00206337 -0.00205873 -0.00227248 -0.00219323 -0.00212885 -0.00231161 -0.00228735 -0.00227979 -0.0020102 -0.00177737 -0.00182643 -0.00179498 0.00263584 0.00262905 0.00279146 0.00288404 0.00318002 0.144119 0.00287431 0.00276772 0.00254981 0.00246387 0.00228749 -0.00157526 -0.00168995 -0.00177621 -0.001752 -0.00191421 -0.00211172 -0.00202824 -0.00201931 -0.00191366 -0.00189716 -0.00200846 -0.0019502 -0.00213816 -0.00196592 -0.00207819 -0.00186752 -0.00195996 -0.00190171 -0.00185015 -0.00185393 -0.00191354 -0.00191029 -0.0018599 -0.00193549 -0.00181552 -0.00198805 -0.00191697 -0.00196299 -0.00193634 -0.00196124 -0.001809 -0.00178292 -0.00186063 -0.00179355 -0.00190938 -0.0018978 -0.00188919 -0.00190885 -0.00188741 -0.00186247 -0.00188453 -0.00183304 -0.00195881 -0.00171876 -0.00169573 -0.00180538 -0.00186749 -0.00186941 -0.00189765 -0.00187156 -0.0019082 -0.00194301 -0.00190869 -0.00189936 -0.00184382 -0.00186587 -0.00172526 -0.00191928 -0.00185264 -0.00188022 -0.00188899 -0.00182475 -0.00177698 -0.00187912 -0.00190545 -0.00195951 -0.00189682 -0.00188504 -0.00179944 
-0.00176395 -0.00183787 -0.00180943 -0.00187126 -0.00177485 -0.00194271 -0.0018717 -0.00199808 -0.00205887 -0.0020183 -0.00209514 -0.00207648 -0.00200774 -0.00211893 -0.00208056 -0.00211597 -0.00222151 -0.00201929 -0.00200342 -0.00193042 -0.00169341 -0.00166985 0.00234963 0.00250473 0.00277289 0.00287431 0.138957 0.0027133 0.00259704 0.00268299 0.00238917 0.00228388 -0.00135859 -0.00150434 -0.00154685 -0.00147568 -0.00171277 -0.0018925 -0.00194079 -0.00180956 -0.00178477 -0.00186181 -0.00192652 -0.00182543 -0.00183429 -0.00189891 -0.00179049 -0.00177277 -0.00177171 -0.00176868 -0.0017589 -0.00171888 -0.00177002 -0.00175588 -0.0018119 -0.00174323 -0.00169816 -0.00174089 -0.00181241 -0.00171194 -0.00184825 -0.00181065 -0.00173434 -0.00172427 -0.00188309 -0.00175473 -0.00180078 -0.00177797 -0.00177952 -0.00170283 -0.00176116 -0.00178413 -0.00170366 -0.00171925 -0.00166008 -0.00171292 -0.00162972 -0.00174865 -0.00181195 -0.00179268 -0.00169069 -0.00176607 -0.00178538 -0.00171774 -0.00179481 -0.00175505 -0.00176757 -0.00163776 -0.00171698 -0.0017804 -0.00182747 -0.0017424 -0.00173355 -0.00181909 -0.00180913 -0.00173206 -0.00167709 -0.0018433 -0.00171119 -0.00169866 
-0.00179015 -0.00181277 -0.00184271 -0.00173492 -0.00179091 -0.00194044 -0.00194506 -0.00195931 -0.00194493 -0.001873 -0.00201051 -0.00201831 -0.00195832 -0.00204094 -0.00202213 -0.00218398 -0.0021546 -0.00212068 -0.00213381 -0.00198564 -0.00170462 -0.00186752 -0.00162979 0.00230321 0.00260718 0.00276772 0.0027133 0.137034 0.00276963 0.0027623 0.00244564 0.00239676 0.00221767 -0.00133733 -0.00142555 -0.00154289 -0.00165226 -0.00170815 -0.00178964 -0.00178875 -0.00175597 -0.00176305 -0.00197455 -0.00182042 -0.00194411 -0.00183928 -0.00174174 -0.00173503 -0.00182846 -0.001769 -0.00173299 -0.00175599 -0.00175121 -0.00172716 -0.00174291 -0.00173805 -0.00168868 -0.00168648 -0.00172067 -0.00177887 -0.00174177 -0.00175296 -0.00166742 -0.00168683 -0.00170266 -0.00180265 -0.00171324 -0.00177237 -0.00174423 -0.00171874 -0.00178866 -0.0017986 -0.00177637 -0.00172778 -0.00162598 -0.00165545 -0.00170213 -0.00175779 -0.00171696 -0.00169704 -0.00162498 -0.00173639 -0.00169534 -0.00177146 -0.00169858 -0.00171323 -0.00169011 -0.00174713 -0.00165402 -0.0017936 -0.00175041 -0.0017783 -0.00175378 -0.00164663 -0.0016927 -0.00166634 -0.00177147 -0.00173959 -0.00169258 -0.00164639 
-0.00161314 -0.00173829 -0.00175689 -0.00186141 -0.00177545 -0.00190582 -0.00188437 -0.00194621 -0.0018626 -0.00180394 -0.00205063 -0.00213449 -0.00199715 -0.00205524 -0.00213047 -0.00195039 -0.00223807 -0.00210582 -0.00203682 -0.00202887 -0.00187001 -0.00185977 -0.00175579 -0.00144929 0.00245532 0.00254981 0.00259704 0.00276963 0.13531 0.00272269 0.00254081 0.00250451 0.00233225 0.00219415 -0.00134086 -0.00130558 -0.00154713 -0.00164284 -0.00179225 -0.0017826 -0.00174653 -0.00174134 -0.00176584 -0.00185043 -0.00176697 -0.0018506 -0.00172783 -0.00166026 -0.00173019 -0.00172743 -0.00170624 -0.00172211 -0.00177689 -0.00173431 -0.00178546 -0.00173837 -0.00176137 -0.00171007 -0.00170245 -0.00162496 -0.00168096 -0.00169742 -0.00159041 -0.00174019 -0.00168583 -0.00173264 -0.00174952 -0.00172611 -0.00168094 -0.00171284 -0.00177954 -0.00177566 -0.00179058 -0.00172736 -0.00162296 -0.00159924 -0.00160005 -0.00166987 -0.00164895 -0.00168443 -0.00165332 -0.0017617 -0.00167654 -0.00161782 -0.00159 -0.00178478 -0.0017058 -0.00165072 -0.00161731 -0.00172344 -0.00179202 -0.00169091 -0.00172815 -0.00173355 -0.00178962 -0.00172617 -0.00171366 -0.00167723 -0.00169644 -0.00169951 
-0.00164225 -0.00167387 -0.00169798 -0.00175217 -0.00183825 -0.00191803 -0.0018028 -0.00184584 -0.00179617 -0.00186259 -0.00209007 -0.00190362 -0.0019 -0.00194001 -0.00204735 -0.00210354 -0.00213692 -0.00206304 -0.00207644 -0.00206981 -0.00185369 -0.00191062 -0.00170731 -0.00162462 0.00235812 0.00246387 0.00268299 0.0027623 0.00272269 0.133658 0.00258195 0.0023972 0.00224829 0.00214043 -0.00136833 -0.00133601 -0.00145614 -0.00161743 -0.00171919 -0.00180309 -0.00168789 -0.00160246 -0.00174574 -0.00174924 -0.00180323 -0.00172342 -0.00180465 -0.00173607 -0.00173228 -0.00169093 -0.00175874 -0.00168434 -0.00171556 -0.00172487 -0.00168928 -0.00175014 -0.00171944 -0.00179842 -0.00159372 -0.00161693 -0.00159731 -0.00160354 -0.00166749 -0.00165828 -0.00168554 -0.0016612 -0.00166109 -0.00173565 -0.00162918 -0.00163474 -0.00164043 -0.00176031 -0.00165647 -0.0017545 -0.00162439 -0.00162835 -0.00159681 -0.00172199 -0.00169171 -0.00176071 -0.00172096 -0.00175674 -0.0016652 -0.0017587 -0.00171794 -0.00166108 -0.00174004 -0.0015749 -0.00157274 -0.00169449 -0.00164553 -0.00165979 -0.00170626 -0.00179684 -0.00164523 -0.00167701 -0.00171563 -0.00168743 -0.00168879 -0.00167682 
-0.00180797 -0.00182968 -0.00183424 -0.00170009 -0.00180669 -0.00193001 -0.00190339 -0.00181535 -0.00192914 -0.00183132 -0.00201549 -0.00205078 -0.00197044 -0.00206811 -0.00206878 -0.00210727 -0.00219618 -0.00208811 -0.00218705 -0.00221311 -0.00210025 -0.0020022 -0.00183417 -0.00165223 -0.00149732 0.00228749 0.00238917 0.00244564 0.00254081 0.00258195 0.134236 0.00257242 0.00254223 0.00238309 0.00209879 0.00211735 -0.0013365 -0.001463 -0.00148189 -0.00168019 -0.00179759 -0.00166348 -0.00181792 -0.00183963 -0.0018895 -0.00176366 -0.00171881 -0.00184729 -0.00182954 -0.00172662 -0.00173019 -0.00168707 -0.0016539 -0.00180637 -0.00170352 -0.00167047 -0.00174312 -0.00178105 -0.00172842 -0.00171278 -0.00171057 -0.00170692 -0.0016216 -0.00165162 -0.0017139 -0.00167538 -0.00178933 -0.00185072 -0.00172847 -0.00182892 -0.00179054 -0.00178548 -0.00179894 -0.00172877 -0.00164037 -0.00159231 -0.00161374 -0.00173666 -0.00172338 -0.0017258 -0.00161495 -0.0017875 -0.0017933 -0.00172912 -0.00164053 -0.00176858 -0.00168997 -0.00161175 -0.00164242 -0.00173958 -0.00173355 -0.00177386 -0.00176375 -0.00170376 -0.00178832 -0.0017264 -0.00166493 -0.0017478 -0.00170986 -0.00163952 
-0.00167895 -0.00169826 -0.00178015 -0.00175194 -0.0017681 -0.00178266 -0.00192079 -0.00183758 -0.00185171 -0.00190847 -0.00205828 -0.0020565 -0.0018472 -0.00210948 -0.00207786 -0.0020908 -0.00214905 -0.00211442 -0.00208606 -0.00220173 -0.00207379 -0.0020235 -0.00205239 -0.00170948 -0.00158524 -0.00157526 0.00228388 0.00239676 0.00250451 0.0023972 0.00257242 0.132891 0.00259836 0.00241935 0.0022042 0.00227202 0.0021479 -0.0013508 -0.00138495 -0.00159701 -0.00162425 -0.00167836 -0.00178531 -0.00182374 -0.0017677 -0.00180882 -0.00171532 -0.0018188 -0.00170808 -0.00172359 -0.00169644 -0.00169659 -0.00171796 -0.00186605 -0.00166141 -0.00168468 -0.00171781 -0.00172683 -0.0017281 -0.0016848 -0.0017475 -0.00163458 -0.00152434 -0.00160724 -0.00176938 -0.0017446 -0.00168622 -0.00171771 -0.00167617 -0.00172926 -0.00176286 -0.00164839 -0.00178766 -0.00166102 -0.0016642 -0.00154269 -0.00163413 -0.00170631 -0.0017032 -0.00172416 -0.00161907 -0.00160375 -0.00179281 -0.00181972 -0.0017127 -0.00174496 -0.00171974 -0.00158785 -0.0017057 -0.00165272 -0.00171621 -0.00161568 -0.00177977 -0.00177293 -0.00174841 -0.00172356 -0.00169779 -0.00169174 -0.00174734 -0.00180632 
-0.00159158 -0.00166881 -0.00176941 -0.00167285 -0.0017898 -0.00189124 -0.00194081 -0.0018369 -0.00186364 -0.00187892 -0.00200516 -0.0020152 -0.00181011 -0.00207892 -0.00208516 -0.00207526 -0.00214374 -0.00211824 -0.00219783 -0.00229442 -0.0021237 -0.00217969 -0.00211359 -0.00196905 -0.00172607 -0.00168995 -0.00135859 0.00221767 0.00233225 0.00224829 0.00254223 0.00259836 0.131562 0.00263124 0.00233615 0.00223162 0.00226085 0.00208568 -0.00130726 -0.00138301 -0.001499 -0.00152847 -0.00171019 -0.00175379 -0.00179976 -0.00176298 -0.00174445 -0.00177897 -0.00169935 -0.00169772 -0.00173843 -0.00169423 -0.00172129 -0.00175741 -0.00170507 -0.00169437 -0.00170302 -0.00165633 -0.00169498 -0.00167986 -0.00166004 -0.00175707 -0.00156899 -0.00151146 -0.00164475 -0.00169007 -0.00169861 -0.00172412 -0.00168909 -0.00165813 -0.0016516 -0.00177802 -0.00170069 -0.00175764 -0.00158865 -0.00161531 -0.00154357 -0.00175153 -0.0016921 -0.00165581 -0.00167301 -0.00167693 -0.00168523 -0.00164736 -0.00166289 -0.00163032 -0.00174316 -0.00153553 -0.00156935 -0.00164082 -0.00169232 -0.0017003 -0.00168502 -0.00164146 -0.00165801 -0.0016728 -0.00161363 -0.00168354 -0.0017302 -0.00156865 
