0.123273 0.00223559 0.00212384 0.00203398 0.00198971 0.00196303 -0.00121909 -0.00129663 -0.00147715 -0.00147112 -0.00171057 -0.00177651 -0.00170244 -0.00187488 -0.00182198 -0.00183078 -0.00198209 -0.00187205 -0.00190064 -0.00205313 -0.00202672 -0.00198287 -0.00192198 -0.00175057 -0.00199269 -0.00188914 -0.00177185 -0.00183409 -0.00172363 -0.00163316 -0.00173702 -0.00174622 -0.00176467 -0.00164167 -0.00163105 -0.00159702 -0.00165525 -0.00158811 -0.00159868 -0.00162058 -0.00153371 -0.00150899 -0.0015901 -0.00160314 -0.00162778 -0.00153695 -0.00154785 -0.0015058 -0.00152504 -0.00152883 -0.00160654 -0.00146026 -0.00147064 -0.00148026 -0.00145666 -0.00150379 -0.00148952 -0.00152195 -0.00154717 -0.0015678 -0.00152586 -0.00148761 -0.00145481 -0.00141772 -0.00152539 -0.00148318 -0.00145516 -0.00155796 -0.00154472 -0.00153446 -0.00146879 -0.00147782 -0.00148424 -0.00147978 -0.00143472 -0.00145687 -0.0014105 -0.00148032 -0.00144861 -0.00149319 -0.00151467 -0.00137293 -0.00145894 -0.00142702 -0.00142721 -0.00147301 -0.00148794 -0.00139886 -0.00138437 -0.00151836 -0.00148321 -0.00135609 -0.00141376 -0.00122205 -0.00120465 -0.00125827 0.00178694 0.00204122 0.00211578 0.00216874 
0.00223559 0.12335 0.00224318 0.00220794 0.00213295 0.00213452 0.00202248 -0.00133635 -0.00137141 -0.00135276 -0.00151684 -0.00171385 -0.00175584 -0.00180134 -0.00180434 -0.00178108 -0.00199372 -0.00182282 -0.00182517 -0.00193721 -0.00185262 -0.00175535 -0.00185543 -0.00180892 -0.00198713 -0.00194462 -0.00179627 -0.00175011 -0.00169673 -0.00171348 -0.00177381 -0.00174966 -0.0017103 -0.00164573 -0.00162169 -0.00157333 -0.00172295 -0.00168811 -0.00165046 -0.00159229 -0.00150816 -0.00162102 -0.00160126 -0.0015839 -0.00158695 -0.0015571 -0.00158479 -0.0015085 -0.00144968 -0.00151442 -0.0015226 -0.00153438 -0.00162212 -0.00149911 -0.00162169 -0.00145563 -0.00153307 -0.0015241 -0.00148318 -0.00147672 -0.00150714 -0.00152262 -0.00145938 -0.00149765 -0.00157365 -0.00147489 -0.00148779 -0.00158307 -0.00152201 -0.00159448 -0.00150028 -0.00156111 -0.00159571 -0.00149415 -0.00148751 -0.00140062 -0.00136876 -0.00151535 -0.00144514 -0.00158029 -0.00149922 -0.00154977 -0.00152918 -0.00147833 -0.00147068 -0.00149545 -0.00144551 -0.00142135 -0.00144558 -0.00146866 -0.00144128 -0.00154504 -0.00142937 -0.00135043 -0.00134913 -0.00124054 -0.00110795 0.00180149 0.0019419 0.00205959 
0.00212384 0.00224318 0.123677 0.00219757 0.00222353 0.0022148 0.00214533 0.00202857 -0.00114787 -0.00126678 -0.00143522 -0.0015557 -0.00157734 -0.00185364 -0.0017821 -0.00184537 -0.00195467 -0.00184177 -0.00197578 -0.00201536 -0.00188917 -0.00193097 -0.00188821 -0.00183151 -0.00192817 -0.00194041 -0.00176632 -0.00186565 -0.00174658 -0.00175541 -0.00172555 -0.0016892 -0.00167674 -0.00178589 -0.00166039 -0.00154925 -0.0017607 -0.00163927 -0.00158465 -0.0016847 -0.00155505 -0.00151908 -0.0016322 -0.00163417 -0.00159561 -0.00156172 -0.0015783 -0.00152894 -0.00148585 -0.00154374 -0.0015129 -0.00154242 -0.00148903 -0.00150062 -0.00150959 -0.00151527 -0.00150146 -0.00151067 -0.00146361 -0.00158741 -0.00152168 -0.00150429 -0.00150975 -0.00141381 -0.0015079 -0.00155987 -0.0016126 -0.00153228 -0.00149649 -0.00150109 -0.00152653 -0.00156045 -0.00153029 -0.00154133 -0.00144739 -0.00151969 -0.00134398 -0.00149853 -0.00153563 -0.0015916 -0.00156284 -0.00154722 -0.00152915 -0.00150408 -0.00140182 -0.00148216 -0.00151045 -0.00143925 -0.00147809 -0.00149195 -0.00151628 -0.00153531 -0.00144704 -0.00137894 -0.00148212 -0.00135375 -0.00123466 -0.00119293 0.00181772 0.00198927 
0.00203398 0.00220794 0.00219757 0.124292 0.00231868 0.00228584 0.00237783 0.00221461 0.00216937 -0.00108597 -0.00139313 -0.00144 -0.00148374 -0.00174406 -0.00180931 -0.00181811 -0.00199051 -0.00198096 -0.00195836 -0.00201347 -0.00181328 -0.00192752 -0.00187045 -0.00181869 -0.00196981 -0.00200608 -0.00179774 -0.00183934 -0.00179859 -0.00174042 -0.00175044 -0.00177577 -0.00181767 -0.00172781 -0.00158474 -0.00157134 -0.00165257 -0.00161312 -0.00174611 -0.00166208 -0.0015366 -0.00161221 -0.00166569 -0.00162813 -0.00161688 -0.00157151 -0.00161822 -0.00148598 -0.00160167 -0.00146772 -0.00158742 -0.00159036 -0.00155102 -0.00159209 -0.00157488 -0.00161336 -0.00159772 -0.00159036 -0.00156711 -0.0015584 -0.00149207 -0.00151086 -0.00138189 -0.00145376 -0.00157071 -0.00152756 -0.00149954 -0.00151689 -0.00151016 -0.0015006 -0.00150541 -0.00151426 -0.00151748 -0.00156909 -0.00150594 -0.00149869 -0.00144829 -0.00151346 -0.00160953 -0.00151486 -0.00147941 -0.00151057 -0.00153032 -0.00155641 -0.00153978 -0.00160023 -0.00153843 -0.00148305 -0.00146202 -0.00154352 -0.00144857 -0.00150095 -0.00152348 -0.00148111 -0.00159748 -0.00149727 -0.00134517 -0.00125544 -0.00112611 0.00191095 
0.00198971 0.00213295 0.00222353 0.00231868 0.124938 0.00243206 0.00246115 0.00243531 0.00217813 0.00212358 -0.00134152 -0.00136052 -0.00149867 -0.0017048 -0.00181867 -0.00183618 -0.00191757 -0.00193117 -0.0018759 -0.00208092 -0.001961 -0.00205399 -0.00201695 -0.00186971 -0.00207207 -0.00201061 -0.00183146 -0.0017755 -0.00177984 -0.00169883 -0.00176237 -0.00178449 -0.00179925 -0.00164395 -0.00171444 -0.00155633 -0.00172003 -0.00173079 -0.00163738 -0.00169776 -0.0015464 -0.00156547 -0.00168499 -0.00161996 -0.0016565 -0.00161591 -0.00157926 -0.00159705 -0.0014918 -0.00154356 -0.00145173 -0.00155975 -0.00156905 -0.00151056 -0.00150518 -0.00152862 -0.00147671 -0.00154708 -0.00152433 -0.00155415 -0.00151884 -0.0016054 -0.00149169 -0.00135884 -0.00159481 -0.00154865 -0.00157337 -0.00153433 -0.00158255 -0.00151248 -0.00159415 -0.00167031 -0.00150545 -0.00158992 -0.00140621 -0.00147068 -0.00145797 -0.00151105 -0.00148035 -0.00156615 -0.0015501 -0.00148771 -0.00150196 -0.00164405 -0.00167805 -0.00153835 -0.00163614 -0.00155862 -0.00151256 -0.00151256 -0.00160348 -0.00159426 -0.00154165 -0.00149583 -0.00155137 -0.00153753 -0.00143664 -0.00139068 -0.00121313 -0.00106499 
0.00196303 0.00213452 0.0022148 0.00228584 0.00243206 0.128116 0.00245605 0.00239208 0.00239543 0.00212534 0.00219068 -0.00132821 -0.00143166 -0.00166065 -0.0018176 -0.00192242 -0.00215702 -0.00197812 -0.00195961 -0.00215632 -0.00214524 -0.00206378 -0.00197601 -0.00196199 -0.00202877 -0.00207716 -0.00194044 -0.0019247 -0.00188747 -0.00186346 -0.00182137 -0.00188437 -0.0018973 -0.00188659 -0.00175544 -0.00172751 -0.0017814 -0.0018307 -0.00170783 -0.00165297 -0.00160753 -0.00161397 -0.00168128 -0.00168375 -0.00165429 -0.00169345 -0.00161516 -0.00162884 -0.00159067 -0.00164866 -0.00169037 -0.00164034 -0.00165569 -0.00165805 -0.00167127 -0.00159791 -0.00164729 -0.00162276 -0.00161919 -0.00162281 -0.00168294 -0.0016575 -0.00164812 -0.00153359 -0.00162154 -0.00166793 -0.00168902 -0.00166114 -0.00171049 -0.00157718 -0.00155507 -0.00170269 -0.00162685 -0.00154222 -0.00156395 -0.00152831 -0.00148251 -0.00165431 -0.00162392 -0.00163578 -0.00154367 -0.00161948 -0.00162895 -0.00158564 -0.00160582 -0.00166088 -0.0016924 -0.00154828 -0.00152304 -0.00160074 -0.00165856 -0.0016537 -0.00159895 -0.00165233 -0.00158225 -0.00161467 -0.00149459 -0.00143753 -0.00140533 -0.00116428 
-0.00121909 0.00202248 0.00214533 0.00237783 0.00246115 0.00245605 0.129029 0.00254226 0.00244123 0.00230183 0.00222801 0.00218432 -0.00131726 -0.00147625 -0.00163802 -0.00180274 -0.00202982 -0.00204466 -0.00208495 -0.00217758 -0.00203962 -0.00206604 -0.00215354 -0.00198926 -0.00208713 -0.00206565 -0.00195961 -0.00188918 -0.00180498 -0.00187744 -0.00186888 -0.00193957 -0.00184639 -0.00189004 -0.00176599 -0.00173501 -0.00184586 -0.00178024 -0.0018243 -0.00181928 -0.00167314 -0.00172769 -0.00180622 -0.00172225 -0.00185064 -0.00170516 -0.00165969 -0.00155382 -0.00162196 -0.00163978 -0.00164705 -0.0016122 -0.00163055 -0.00170831 -0.00169456 -0.00163086 -0.00161476 -0.00158021 -0.00164546 -0.00166845 -0.00168741 -0.00162237 -0.00153432 -0.00162957 -0.00165351 -0.00167034 -0.00154479 -0.00162426 -0.00160441 -0.00167184 -0.0017073 -0.00167093 -0.00169927 -0.0015958 -0.00160139 -0.00154759 -0.00155041 -0.00162518 -0.00167261 -0.00171675 -0.00166353 -0.0016206 -0.00170307 -0.0016932 -0.00162675 -0.00166432 -0.00168825 -0.00155932 -0.00149478 -0.00156715 -0.00171013 -0.00168451 -0.0016441 -0.00166996 -0.00158869 -0.00159154 -0.00160876 -0.00158433 -0.00146421 -0.00130132 
-0.00129663 -0.00133635 0.00202857 0.00221461 0.00243531 0.00239208 0.00254226 0.13014 0.00258376 0.00247127 0.0023246 0.00239566 0.00216681 -0.00139755 -0.00168811 -0.00160806 -0.00195702 -0.00196994 -0.00207538 -0.00212984 -0.00214837 -0.00208794 -0.00208827 -0.00192579 -0.0021869 -0.002143 -0.0019135 -0.00184183 -0.00185054 -0.00194961 -0.00187481 -0.00197351 -0.00198035 -0.00192896 -0.00173557 -0.00172554 -0.00185827 -0.00180572 -0.00180059 -0.00177993 -0.00169065 -0.00167944 -0.00174405 -0.00173971 -0.00180206 -0.00176652 -0.00156671 -0.00170115 -0.00164329 -0.00176621 -0.00164198 -0.00173395 -0.00160401 -0.00166464 -0.00166487 -0.00159802 -0.00160073 -0.00168761 -0.00166149 -0.0015988 -0.0017293 -0.00160322 -0.00159118 -0.00159785 -0.00165773 -0.00167127 -0.0016719 -0.00155892 -0.00173409 -0.00163008 -0.001686 -0.00168648 -0.00173155 -0.00160862 -0.00154162 -0.00158868 -0.00151646 -0.00161168 -0.00165368 -0.00175535 -0.00165087 -0.00161446 -0.0017508 -0.00175173 -0.00163436 -0.00175865 -0.00173015 -0.00160326 -0.00157998 -0.00164232 -0.00166329 -0.00173124 -0.00170244 -0.0017341 -0.00169087 -0.00166707 -0.00161486 -0.00172415 -0.00165174 -0.0013593 
-0.00147715 -0.00137141 -0.00114787 0.00216937 0.00217813 0.00239543 0.00244123 0.00258376 0.131484 0.00261552 0.00249287 0.00237506 0.00225797 0.00227827 -0.00152085 -0.00150121 -0.001851 -0.00190118 -0.00191723 -0.00217952 -0.00217595 -0.00207046 -0.00206355 -0.0020831 -0.00221392 -0.00218345 -0.00211308 -0.00195408 -0.00190056 -0.00186492 -0.0019643 -0.00199183 -0.00193317 -0.00185522 -0.00171452 -0.00181294 -0.00196034 -0.00181561 -0.00179147 -0.00184821 -0.00163585 -0.00175882 -0.00183644 -0.00179791 -0.00180361 -0.00177737 -0.00167174 -0.0017528 -0.00164669 -0.0016732 -0.00164464 -0.00176142 -0.00163729 -0.00170505 -0.00177735 -0.00169051 -0.00165433 -0.00173505 -0.00160901 -0.00160843 -0.00164101 -0.001616 -0.00160305 -0.00163602 -0.00175366 -0.00171105 -0.00168058 -0.00167808 -0.00176813 -0.00172691 -0.00173274 -0.00175006 -0.00168818 -0.00163868 -0.00158255 -0.00159976 -0.00159412 -0.00165113 -0.00174272 -0.00169159 -0.0016738 -0.0016701 -0.00165725 -0.00173478 -0.00167653 -0.00169177 -0.0017345 -0.00152304 -0.00164615 -0.00159462 -0.00165116 -0.00164526 -0.00163052 -0.00177821 -0.00162579 -0.00174506 -0.0017535 -0.0017131 -0.00170477 -0.00158022 
-0.00147112 -0.00135276 -0.00126678 -0.00108597 0.00212358 0.00212534 0.00230183 0.00247127 0.00261552 0.129922 0.00259212 0.0024234 0.00238884 0.00235854 -0.00138196 -0.00152008 -0.00172293 -0.00191203 -0.00191433 -0.00212381 -0.0019933 -0.00201406 -0.00218131 -0.00195644 -0.00207929 -0.00207778 -0.00185097 -0.00188015 -0.00191605 -0.00177263 -0.00184562 -0.00190767 -0.00188844 -0.00181739 -0.00166992 -0.00177427 -0.00184851 -0.0017095 -0.00175225 -0.00170351 -0.0016066 -0.00162984 -0.00164708 -0.00171515 -0.00176308 -0.00170519 -0.00162522 -0.00177158 -0.00163052 -0.0016503 -0.00164128 -0.00155349 -0.00169386 -0.00166251 -0.00159279 -0.00166414 -0.00158583 -0.0016015 -0.00160375 -0.00163433 -0.00164621 -0.00163506 -0.00151814 -0.00158033 -0.00159962 -0.00160367 -0.00164497 -0.00163781 -0.00165903 -0.00167123 -0.00163148 -0.00167957 -0.00157697 -0.00157497 -0.00155321 -0.00154836 -0.0015385 -0.00168022 -0.00165891 -0.00170224 -0.00164995 -0.00162364 -0.00166354 -0.00166495 -0.00165956 -0.00156984 -0.00165474 -0.00153844 -0.00159107 -0.00162921 -0.00164291 -0.00169592 -0.00164513 -0.001678 -0.00163975 -0.00168553 -0.00168057 -0.00162126 -0.0015625 -0.00151691 
-0.00171057 -0.00151684 -0.00143522 -0.00139313 -0.00134152 0.00219068 0.00222801 0.0023246 0.00249287 0.00259212 0.134578 0.00268562 0.0026047 0.00259626 0.00235075 0.00233781 -0.00166696 -0.00177257 -0.00186162 -0.00202815 -0.0023049 -0.00213197 -0.00224158 -0.00201091 -0.00224506 -0.00222458 -0.00212122 -0.00199834 -0.00201997 -0.00196707 -0.00202604 -0.00199431 -0.00192089 -0.00195126 -0.00180087 -0.00180697 -0.00196845 -0.00184957 -0.0018218 -0.00177472 -0.00171954 -0.00173172 -0.00186708 -0.00184417 -0.00183104 -0.00191562 -0.00175322 -0.00172837 -0.00171977 -0.00174784 -0.00174693 -0.00167908 -0.00171945 -0.00168186 -0.0017747 -0.00170245 -0.00172994 -0.00170144 -0.00170606 -0.00168568 -0.00170143 -0.00175164 -0.00171941 -0.00173518 -0.0017532 -0.00174367 -0.00177362 -0.00178944 -0.00177094 -0.00182468 -0.00172332 -0.00175051 -0.00169307 -0.00175686 -0.00167897 -0.00164222 -0.00155656 -0.00167878 -0.00172701 -0.00173494 -0.00171432 -0.00178404 -0.00172546 -0.00168539 -0.00171744 -0.00180036 -0.00181001 -0.00158262 -0.0017112 -0.00170681 -0.00177728 -0.00183771 -0.00167399 -0.00173484 -0.00170021 -0.00176877 -0.0017378 -0.00180219 -0.00167988 -0.00163224 
-0.00177651 -0.00171385 -0.0015557 -0.00144 -0.00136052 -0.00132821 0.00218432 0.00239566 0.00237506 0.0024234 0.00268562 0.136361 0.00278802 0.00275305 0.00253591 0.00243087 0.00238845 -0.00171402 -0.00170534 -0.00191186 -0.00200492 -0.00216341 -0.00215073 -0.00209338 -0.00231848 -0.00222012 -0.00209879 -0.00196472 -0.0020535 -0.00196955 -0.00212911 -0.00199592 -0.00194141 -0.00213191 -0.00183915 -0.00193908 -0.00192109 -0.00193792 -0.00185254 -0.00193166 -0.00180065 -0.00178709 -0.00188171 -0.00196632 -0.00179645 -0.00190776 -0.00176211 -0.00180701 -0.00177584 -0.00174057 -0.0017578 -0.00176827 -0.00178261 -0.0017528 -0.0018011 -0.00189187 -0.00174291 -0.00167656 -0.00172864 -0.00171299 -0.00172856 -0.00174064 -0.00168525 -0.00169195 -0.00192099 -0.00182302 -0.00179158 -0.00174796 -0.00181881 -0.00174186 -0.00182868 -0.00171059 -0.00177831 -0.00180902 -0.00172129 -0.00170576 -0.00170969 -0.00173369 -0.00182159 -0.00172772 -0.00175521 -0.00176267 -0.0018426 -0.0017442 -0.00177516 -0.00177973 -0.00171958 -0.00168581 -0.00164726 -0.00170886 -0.00175871 -0.00178317 -0.00175137 -0.00176642 -0.00179091 -0.00180581 -0.0018113 -0.0017243 -0.00177013 -0.00169719 
-0.00170244 -0.00175584 -0.00157734 -0.00148374 -0.00149867 -0.00143166 -0.00131726 0.00216681 0.00225797 0.00238884 0.0026047 0.00278802 0.13521 0.00276305 0.00250564 0.00254582 0.00243514 -0.00152858 -0.00158208 -0.0018971 -0.00199418 -0.00196234 -0.00200993 -0.00192909 -0.00219486 -0.00207421 -0.0019705 -0.0019486 -0.00199276 -0.00197762 -0.00201744 -0.00200784 -0.00196135 -0.00188277 -0.00184215 -0.00176012 -0.00186875 -0.00190345 -0.00187543 -0.00186954 -0.00170498 -0.00168291 -0.00175857 -0.00187766 -0.00176329 -0.00185288 -0.00168923 -0.0018081 -0.00169756 -0.00174497 -0.00167805 -0.00178742 -0.00172809 -0.00176492 -0.00171537 -0.00166431 -0.00171377 -0.00178652 -0.00164292 -0.00170817 -0.00176533 -0.00177713 -0.00166695 -0.00171458 -0.00170336 -0.00166237 -0.00166966 -0.0017111 -0.00176892 -0.00171059 -0.00164841 -0.00176724 -0.00180605 -0.00171204 -0.00163515 -0.00161098 -0.00155919 -0.00172078 -0.00173216 -0.00167231 -0.00172883 -0.00169873 -0.00169083 -0.00174548 -0.0016792 -0.00174084 -0.00178902 -0.00161615 -0.00161731 -0.00172551 -0.001716 -0.00169014 -0.0016422 -0.00174209 -0.00172993 -0.00170613 -0.00170025 -0.00171979 -0.00167598 -0.00170984 
-0.00187488 -0.00180134 -0.00185364 -0.00174406 -0.0017048 -0.00166065 -0.00147625 -0.00139755 0.00227827 0.00235854 0.00259626 0.00275305 0.00276305 0.140361 0.00277778 0.00280546 0.00269868 0.00258773 0.00257486 -0.00168917 -0.00184044 -0.00196455 -0.00194268 -0.00215569 -0.00227956 -0.00234837 -0.00220515 -0.00210664 -0.0020457 -0.00206541 -0.00210089 -0.00204448 -0.00209449 -0.00208877 -0.00202176 -0.00199759 -0.00194814 -0.00198055 -0.00198556 -0.00203586 -0.00190577 -0.00190667 -0.00188897 -0.00204755 -0.00200798 -0.00199315 -0.00196558 -0.00174904 -0.00188231 -0.00182163 -0.00190531 -0.00188215 -0.001843 -0.0018109 -0.00186145 -0.00176996 -0.00186411 -0.00184418 -0.00189851 -0.00185185 -0.00178514 -0.0018508 -0.00172041 -0.00166949 -0.00180882 -0.00184103 -0.00182895 -0.00186114 -0.00189583 -0.00181325 -0.00177695 -0.00188944 -0.00173014 -0.0017927 -0.00173337 -0.00168362 -0.00183511 -0.00190517 -0.00187678 -0.00182299 -0.00188836 -0.00189344 -0.00183713 -0.00180398 -0.00188832 -0.00180196 -0.00172876 -0.00170571 -0.0017363 -0.00184667 -0.00179544 -0.00177682 -0.00184424 -0.00184008 -0.00188724 -0.00182591 -0.00181922 -0.00183823 -0.00179485 -0.00172627 
-0.00182198 -0.00180434 -0.0017821 -0.00180931 -0.00181867 -0.0018176 -0.00163802 -0.00168811 -0.00152085 -0.00138196 0.00235075 0.00253591 0.00250564 0.00277778 0.139678 0.00293654 0.00294409 0.00271092 0.00273357 0.00262439 -0.0016424 -0.00167431 -0.00180049 -0.00194481 -0.0020826 -0.00219277 -0.00209736 -0.00220203 -0.00204319 -0.0020723 -0.00215226 -0.00206277 -0.00201984 -0.00199424 -0.00193566 -0.00194661 -0.00202831 -0.00195 -0.00194313 -0.0019392 -0.00180186 -0.00188334 -0.00199424 -0.00188956 -0.00188443 -0.00185855 -0.00185987 -0.00184385 -0.00174896 -0.00174924 -0.00184595 -0.00180996 -0.00183037 -0.00176392 -0.00172293 -0.00184216 -0.00181944 -0.00179374 -0.00176461 -0.00181962 -0.00173204 -0.00180742 -0.0016248 -0.00174034 -0.001782 -0.00182072 -0.00170355 -0.00176147 -0.00169986 -0.00169812 -0.00179553 -0.00178547 -0.00174886 -0.00181509 -0.00175771 -0.00175854 -0.00173485 -0.00177114 -0.00182281 -0.00179018 -0.00181728 -0.00180239 -0.0018324 -0.00185502 -0.0017201 -0.00172113 -0.00172999 -0.00171712 -0.00162303 -0.00181388 -0.0018241 -0.00177032 -0.001726 -0.00178478 -0.0018216 -0.00185919 -0.00171618 -0.00180076 -0.00168095 -0.00169715 
-0.00183078 -0.00178108 -0.00184537 -0.00181811 -0.00183618 -0.00192242 -0.00180274 -0.00160806 -0.00150121 -0.00152008 0.00233781 0.00243087 0.00254582 0.00280546 0.00293654 0.141238 0.00298012 0.0027778 0.00292381 0.00257993 -0.00166408 -0.0017179 -0.00180766 -0.00193202 -0.00207174 -0.00218178 -0.00207915 -0.00216342 -0.00201612 -0.00210829 -0.00207843 -0.00222087 -0.00206891 -0.00210908 -0.00188215 -0.00194593 -0.0019417 -0.00192318 -0.00196281 -0.00196106 -0.00185283 -0.00187986 -0.00188489 -0.00191871 -0.00179736 -0.00202632 -0.00182396 -0.00182737 -0.00184933 -0.00179815 -0.00180091 -0.00187091 -0.00180487 -0.00186037 -0.00180607 -0.00184539 -0.00178638 -0.00182358 -0.0019253 -0.00177577 -0.00187118 -0.00180589 -0.00169812 -0.0017539 -0.00181282 -0.00182419 -0.00177521 -0.0016699 -0.00182086 -0.00184369 -0.00177837 -0.00180509 -0.00184568 -0.00180919 -0.00168051 -0.00165536 -0.0016918 -0.00174602 -0.00182071 -0.00168038 -0.00174103 -0.00190496 -0.0018297 -0.001801 -0.00183534 -0.00181226 -0.00176537 -0.00177854 -0.00166994 -0.00188075 -0.00183186 -0.00183353 -0.00177506 -0.00175453 -0.00177664 -0.0017976 -0.00179296 -0.00186722 -0.00179123 -0.0016673 
-0.00198209 -0.00199372 -0.00195467 -0.00199051 -0.00191757 -0.00215702 -0.00202982 -0.00195702 -0.001851 -0.00172293 -0.00166696 0.00238845 0.00243514 0.00269868 0.00294409 0.00298012 0.146047 0.00307366 0.00312646 0.00291172 0.00272664 0.0027636 -0.00155198 -0.00180753 -0.00199759 -0.00201542 -0.00217411 -0.00221286 -0.00218999 -0.0021357 -0.00221254 -0.00226074 -0.00219793 -0.00218926 -0.00205156 -0.00206065 -0.00198556 -0.00224297 -0.00204906 -0.00209631 -0.00202154 -0.00200536 -0.00209522 -0.0019974 -0.00211562 -0.00206987 -0.00195511 -0.00198873 -0.00191991 -0.00200592 -0.00191138 -0.00187221 -0.00191251 -0.0018988 -0.00194672 -0.00191274 -0.00195758 -0.00185225 -0.00187302 -0.00192574 -0.00188921 -0.00198216 -0.0018475 -0.00180652 -0.00197895 -0.00178695 -0.00195114 -0.00194617 -0.00199857 -0.00190423 -0.00194726 -0.00190488 -0.00195972 -0.00192432 -0.00178054 -0.00189314 -0.00179171 -0.00192017 -0.00188971 -0.0019072 -0.00187542 -0.00188504 -0.00192635 -0.00191095 -0.00199822 -0.00195795 -0.00187929 -0.00190976 -0.00184069 -0.00189535 -0.00189425 -0.00189775 -0.00192569 -0.00187699 -0.00191735 -0.00193312 -0.00194912 -0.00194746 -0.0019258 -0.001846 
-0.00187205 -0.00182282 -0.00184177 -0.00198096 -0.00193117 -0.00197812 -0.00204466 -0.00196994 -0.00190118 -0.00191203 -0.00177257 -0.00171402 -0.00152858 0.00258773 0.00271092 0.0027778 0.00307366 0.144592 0.00315581 0.00308984 0.00275124 0.00282546 0.00260366 -0.00165754 -0.00183439 -0.00195555 -0.00207203 -0.00211854 -0.00215259 -0.0021394 -0.00215017 -0.00215065 -0.00216686 -0.00212445 -0.00196954 -0.00194232 -0.00207421 -0.00204971 -0.00206633 -0.00202916 -0.00192225 -0.00191663 -0.00205053 -0.00201596 -0.0019825 -0.00197065 -0.00182656 -0.00191872 -0.00179989 -0.00179435 -0.00186734 -0.00184352 -0.00181012 -0.00187665 -0.00185893 -0.00190784 -0.00183126 -0.0018543 -0.00196754 -0.00180312 -0.00194015 -0.00182849 -0.00175196 -0.00187677 -0.0017854 -0.00177167 -0.0018567 -0.00173957 -0.00180375 -0.00178617 -0.0018015 -0.00195346 -0.00174013 -0.00183364 -0.00180842 -0.00179961 -0.00176317 -0.00180485 -0.0018312 -0.00189441 -0.00182956 -0.00181259 -0.00187606 -0.00183011 -0.00184464 -0.00185496 -0.00180362 -0.00180308 -0.00175105 -0.00190232 -0.00188689 -0.00197793 -0.00185724 -0.00181587 -0.00201135 -0.00186169 -0.00191747 -0.00181615 -0.00183304 -0.00176998 
-0.00190064 -0.00182517 -0.00197578 -0.00195836 -0.0018759 -0.00195961 -0.00208495 -0.00207538 -0.00191723 -0.00191433 -0.00186162 -0.00170534 -0.00158208 0.00257486 0.00273357 0.00292381 0.00312646 0.00315581 0.145403 0.00329661 0.00289017 0.00293632 0.00273392 -0.00159255 -0.00182254 -0.00182357 -0.0020714 -0.00222693 -0.00214309 -0.00221139 -0.00216224 -0.00222778 -0.00218184 -0.00224679 -0.00199827 -0.00204394 -0.00208519 -0.00199003 -0.0019817 -0.00200838 -0.00195561 -0.00191903 -0.00200159 -0.00193161 -0.00203823 -0.00192886 -0.00184405 -0.00191491 -0.00190675 -0.00186672 -0.00198712 -0.00182811 -0.00194512 -0.00186618 -0.00188047 -0.00183456 -0.00184641 -0.00181316 -0.0018776 -0.00181485 -0.00191294 -0.00186968 -0.00185616 -0.00176584 -0.00181763 -0.00193452 -0.00185773 -0.00190948 -0.00194213 -0.0017769 -0.00187763 -0.00185083 -0.00185151 -0.00187939 -0.00182036 -0.00179786 -0.00184093 -0.00186543 -0.00179541 -0.00194687 -0.0019272 -0.00186199 -0.00181132 -0.00191239 -0.00191001 -0.00181149 -0.00192523 -0.0018502 -0.00177766 -0.00186548 -0.00184286 -0.0017276 -0.00187808 -0.00188644 -0.00192108 -0.00184842 -0.00183614 -0.00189267 -0.00182175 -0.00184207 
-0.00205313 -0.00193721 -0.00201536 -0.00201347 -0.00208092 -0.00215632 -0.00217758 -0.00212984 -0.00217952 -0.00212381 -0.00202815 -0.00191186 -0.0018971 -0.00168917 0.00262439 0.00257993 0.00291172 0.00308984 0.00329661 0.149639 0.00314793 0.00318648 0.00311405 0.00269874 0.00263827 -0.00172135 -0.0019634 -0.00206351 -0.00211974 -0.00209901 -0.00229379 -0.00221229 -0.00222135 -0.00221328 -0.00206082 -0.0021777 -0.00215401 -0.00221841 -0.00214027 -0.00220109 -0.00208517 -0.00200434 -0.00211562 -0.00205997 -0.00218182 -0.00211391 -0.00200106 -0.00196176 -0.00206519 -0.00201547 -0.00200685 -0.00199929 -0.00202494 -0.00193181 -0.00201925 -0.0019803 -0.00198664 -0.00189759 -0.0020308 -0.00184705 -0.00193342 -0.0020345 -0.00194596 -0.00192248 -0.00202248 -0.00193749 -0.00196887 -0.00196215 -0.00195339 -0.00204501 -0.00204277 -0.00198101 -0.00201344 -0.00190441 -0.00193048 -0.00196325 -0.00191011 -0.00205068 -0.00198187 -0.00182659 -0.00193177 -0.00191089 -0.00193983 -0.00195354 -0.00200796 -0.00194611 -0.00197886 -0.00194603 -0.00186563 -0.00200963 -0.0019403 -0.00201625 -0.00207247 -0.00189994 -0.00193954 -0.00194592 -0.00189158 -0.00195757 -0.00197077 -0.00188992 
-0.00202672 -0.00185262 -0.00188917 -0.00181328 -0.001961 -0.00214524 -0.00203962 -0.00214837 -0.00217595 -0.0019933 -0.0023049 -0.00200492 -0.00199418 -0.00184044 -0.0016424 -0.00166408 0.00272664 0.00275124 0.00289017 0.00314793 0.146609 0.00330794 0.0031285 0.00285122 0.00275356 0.00265336 -0.00165991 -0.00166974 -0.00186789 -0.00183886 -0.00200688 -0.00213881 -0.00209557 -0.00204267 -0.00204326 -0.00198937 -0.00204631 -0.00211686 -0.00209451 -0.00201224 -0.00189441 -0.00192714 -0.00196359 -0.00200125 -0.00192872 -0.00201019 -0.00196997 -0.00201869 -0.00189646 -0.00186296 -0.00200012 -0.00187082 -0.00193791 -0.00183597 -0.00190089 -0.00188977 -0.00192952 -0.00193175 -0.00184188 -0.00187867 -0.00193834 -0.00203335 -0.00174918 -0.00176955 -0.00180348 -0.00184269 -0.00185126 -0.00194802 -0.001909 -0.00193839 -0.0019042 -0.00187118 -0.00186248 -0.00192311 -0.00180318 -0.00176671 -0.00179106 -0.00197956 -0.00187836 -0.0019673 -0.00194621 -0.00191994 -0.00194237 -0.00192903 -0.00189775 -0.00188838 -0.00180423 -0.0018637 -0.00174797 -0.00187646 -0.00188844 -0.0018179 -0.00188113 -0.00186923 -0.00198681 -0.00189479 -0.00186202 -0.00198229 -0.00194793 -0.00173259 
-0.00198287 -0.00175535 -0.00193097 -0.00192752 -0.00205399 -0.00206378 -0.00206604 -0.00208794 -0.00207046 -0.00201406 -0.00213197 -0.00216341 -0.00196234 -0.00196455 -0.00167431 -0.0017179 0.0027636 0.00282546 0.00293632 0.00318648 0.00330794 0.1465 0.00315451 0.00281873 0.00290606 0.00265991 -0.00165036 -0.00171396 -0.00190953 -0.0018148 -0.00196792 -0.00221371 -0.00216672 -0.00205473 -0.00206178 -0.00192836 -0.00202847 -0.00210064 -0.00202483 -0.00197697 -0.0019292 -0.00195818 -0.00195119 -0.00199332 -0.00203205 -0.00196489 -0.00192122 -0.00201089 -0.00182995 -0.00182834 -0.00188925 -0.00180831 -0.00188771 -0.00191322 -0.00187089 -0.00176322 -0.0019612 -0.00187174 -0.00190068 -0.00192009 -0.00189949 -0.00198062 -0.00181783 -0.00183112 -0.00186328 -0.00192009 -0.00187063 -0.00187006 -0.00186431 -0.00189325 -0.00186862 -0.00185229 -0.00183087 -0.00192384 -0.00179929 -0.00180126 -0.0018253 -0.00191642 -0.00191522 -0.00199788 -0.00200026 -0.0018937 -0.00194674 -0.00193162 -0.00198564 -0.0019329 -0.00194475 -0.00177852 -0.00177884 -0.00190148 -0.00191434 -0.0018977 -0.00187228 -0.00193595 -0.00189744 -0.00191264 -0.00197737 -0.00187632 -0.00191216 -0.0018408 
-0.00192198 -0.00185543 -0.00188821 -0.00187045 -0.00201695 -0.00197601 -0.00215354 -0.00208827 -0.00206355 -0.00218131 -0.00224158 -0.00215073 -0.00200993 -0.00194268 -0.00180049 -0.00180766 -0.00155198 0.00260366 0.00273392 0.00311405 0.0031285 0.00315451 0.145538 0.00292625 0.00295015 0.00266468 0.00240436 -0.00160262 -0.00162588 -0.00173332 -0.00186135 -0.00193292 -0.00199672 -0.00203142 -0.00195074 -0.00204066 -0.00202691 -0.00199761 -0.00206883 -0.00201129 -0.00187367 -0.00188817 -0.00203126 -0.00206506 -0.00204795 -0.00198938 -0.00200954 -0.00192854 -0.00185889 -0.00196294 -0.00192103 -0.00196195 -0.00183307 -0.00183788 -0.00189268 -0.00183505 -0.00184176 -0.00189966 -0.00191008 -0.00190419 -0.00198524 -0.00195291 -0.00176758 -0.0018522 -0.00184215 -0.00185569 -0.00174319 -0.00192999 -0.00189481 -0.00184332 -0.00186686 -0.00183555 -0.00188783 -0.00185771 -0.00171172 -0.00174901 -0.00176008 -0.0018532 -0.00181251 -0.00186677 -0.00189379 -0.00183987 -0.00194239 -0.00186748 -0.00192846 -0.00195513 -0.00189491 -0.00183342 -0.00180277 -0.00191291 -0.00186374 -0.00189312 -0.00189898 -0.00179895 -0.00193986 -0.00192353 -0.00186472 -0.00182177 -0.00180158 -0.00177887 
-0.00175057 -0.00180892 -0.00183151 -0.00181869 -0.00186971 -0.00196199 -0.00198926 -0.00192579 -0.0020831 -0.00195644 -0.00201091 -0.00209338 -0.00192909 -0.00215569 -0.00194481 -0.00193202 -0.00180753 -0.00165754 -0.00159255 0.00269874 0.00285122 0.00281873 0.00292625 0.141271 0.00297832 0.00277168 0.00255332 0.0023765 -0.00149456 -0.00147257 -0.00166935 -0.00178761 -0.00186131 -0.00189187 -0.00188865 -0.00187165 -0.00192561 -0.0019428 -0.00187595 -0.00186247 -0.00175764 -0.00177045 -0.00186992 -0.00177892 -0.00181255 -0.00188123 -0.00178286 -0.00185565 -0.00179367 -0.00173472 -0.00167304 -0.00180263 -0.00171969 -0.00173522 -0.00181165 -0.00174592 -0.0017978 -0.00172506 -0.00179145 -0.00166275 -0.0018144 -0.00171429 -0.00176162 -0.00163763 -0.00176872 -0.00165525 -0.00173951 -0.00173484 -0.00175465 -0.00179773 -0.00176792 -0.00170119 -0.00174441 -0.00181855 -0.0016466 -0.00172659 -0.00173056 -0.00176866 -0.00175321 -0.00191893 -0.00176784 -0.00179687 -0.00183373 -0.00176243 -0.001798 -0.00176962 -0.00172092 -0.00171806 -0.00164614 -0.00175203 -0.00172844 -0.00178229 -0.00174019 -0.00169024 -0.00177697 -0.00168598 -0.00185664 -0.00183085 -0.0017672 -0.00169908 
-0.00199269 -0.00198713 -0.00192817 -0.00196981 -0.00207207 -0.00202877 -0.00208713 -0.0021869 -0.00221392 -0.00207929 -0.00224506 -0.00231848 -0.00219486 -0.00227956 -0.0020826 -0.00207174 -0.00199759 -0.00183439 -0.00182254 0.00263827 0.00275356 0.00290606 0.00295015 0.00297832 0.146373 0.00313695 0.00270565 0.00271424 0.00239228 0.00257167 -0.00152604 -0.00173814 -0.00173014 -0.00182684 -0.00200874 -0.00202071 -0.00205435 -0.00199472 -0.00201552 -0.00205368 -0.00204607 -0.00189141 -0.00204423 -0.00188285 -0.00208944 -0.00203538 -0.00190747 -0.00191825 -0.00194409 -0.00196101 -0.00194535 -0.00193302 -0.00194428 -0.0019062 -0.00203967 -0.00186681 -0.00200036 -0.00199789 -0.00192938 -0.00191128 -0.00198906 -0.00198058 -0.0018801 -0.0019173 -0.00187099 -0.00189919 -0.00180733 -0.00190003 -0.00198079 -0.00197616 -0.00197891 -0.00199304 -0.00195145 -0.001942 -0.0019054 -0.00191134 -0.00185133 -0.00196817 -0.00185543 -0.00195375 -0.00198327 -0.00182285 -0.00186521 -0.00192779 -0.00194345 -0.00193592 -0.002011 -0.00191358 -0.00188694 -0.00189892 -0.00185591 -0.00185219 -0.00194282 -0.00180366 -0.00191778 -0.00192908 -0.00191969 -0.00191488 -0.0019661 -0.00176056 
-0.00188914 -0.00194462 -0.00194041 -0.00200608 -0.00201061 -0.00207716 -0.00206565 -0.002143 -0.00218345 -0.00207778 -0.00222458 -0.00222012 -0.00207421 -0.00234837 -0.00219277 -0.00218178 -0.00201542 -0.00195555 -0.00182357 -0.00172135 0.00265336 0.00265991 0.00266468 0.00277168 0.00313695 0.14404 0.00291188 0.00282989 0.00243223 0.00266023 0.00239912 -0.0015705 -0.00159178 -0.00177504 -0.00179981 -0.00186597 -0.00198241 -0.00203109 -0.00199481 -0.00198498 -0.0019164 -0.00197791 -0.00200673 -0.00197702 -0.00193492 -0.00201927 -0.00196593 -0.00186777 -0.00190684 -0.00182494 -0.00180622 -0.00190757 -0.00189453 -0.00194025 -0.00192917 -0.00190124 -0.00181469 -0.00187445 -0.00187524 -0.00191674 -0.00186945 -0.00186353 -0.00185351 -0.00181009 -0.00188441 -0.00186417 -0.00188324 -0.00203944 -0.00190418 -0.00188252 -0.00189544 -0.00185624 -0.00188177 -0.0018951 -0.00177653 -0.00179097 -0.00181592 -0.00191056 -0.00194702 -0.0018448 -0.00188306 -0.00190501 -0.00193083 -0.00201032 -0.00191812 -0.00191039 -0.00186455 -0.00175887 -0.00181148 -0.00191141 -0.00192585 -0.00191932 -0.00189346 -0.00194586 -0.00185895 -0.00183479 -0.00191739 -0.0018576 -0.00189302 -0.00179041 
-0.00177185 -0.00179627 -0.00176632 -0.00179774 -0.00183146 -0.00194044 -0.00195961 -0.0019135 -0.00211308 -0.00185097 -0.00212122 -0.00209879 -0.0019705 -0.00220515 -0.00209736 -0.00207915 -0.00217411 -0.00207203 -0.0020714 -0.0019634 -0.00165991 -0.00165036 0.00240436 0.00255332 0.00270565 0.00291188 0.139265 0.00273349 0.00254837 0.00265641 0.00242996 0.00231454 -0.00137935 -0.00146945 -0.00157392 -0.00166156 -0.0017943 -0.00189088 -0.00190756 -0.00186873 -0.00183051 -0.00188756 -0.00190925 -0.00196994 -0.00185372 -0.00187349 -0.00178944 -0.00181965 -0.00176405 -0.00175896 -0.00180302 -0.00181113 -0.00178332 -0.00172729 -0.00182524 -0.00175873 -0.00174818 -0.00172345 -0.00174039 -0.00178013 -0.00182162 -0.00181634 -0.00175036 -0.00176926 -0.00166963 -0.00172876 -0.00186506 -0.00181073 -0.00177469 -0.00173513 -0.00184881 -0.00174622 -0.0018188 -0.00188756 -0.00162364 -0.00165236 -0.0016298 -0.00171424 -0.00166916 -0.00179197 -0.00181707 -0.00181439 -0.00179743 -0.00171255 -0.0017496 -0.00178784 -0.00165338 -0.00169594 -0.00170785 -0.00167574 -0.00168341 -0.00175666 -0.00170683 -0.00175822 -0.00176072 -0.00169275 -0.00178452 -0.00173676 -0.00177703 -0.00172273 
-0.00183409 -0.00175011 -0.00186565 -0.00183934 -0.0017755 -0.0019247 -0.00188918 -0.00184183 -0.00195408 -0.00188015 -0.00199834 -0.00196472 -0.0019486 -0.00210664 -0.00220203 -0.00216342 -0.00221286 -0.00211854 -0.00222693 -0.00206351 -0.00166974 -0.00171396 -0.00160262 0.0023765 0.00271424 0.00282989 0.00273349 0.137319 0.00268163 0.00272682 0.00260559 0.00230399 0.00229145 -0.00135955 -0.001461 -0.00144459 -0.00168456 -0.00170856 -0.00180171 -0.00180589 -0.00177516 -0.00179974 -0.00186075 -0.00184727 -0.00187375 -0.00187322 -0.00183093 -0.0017834 -0.00166837 -0.00182202 -0.00160565 -0.00169445 -0.00175345 -0.00173126 -0.00181381 -0.00175627 -0.00172 -0.00176471 -0.00172802 -0.0017487 -0.00182172 -0.00175678 -0.0017584 -0.00171534 -0.00173979 -0.00175258 -0.00167523 -0.001723 -0.00174115 -0.00179458 -0.00168621 -0.00176423 -0.00174685 -0.00180639 -0.00162184 -0.00162986 -0.0016131 -0.00175179 -0.00175872 -0.00167617 -0.00173685 -0.00181333 -0.00174178 -0.00170388 -0.00178294 -0.00176054 -0.00175921 -0.00162 -0.00161112 -0.00183785 -0.0018124 -0.00175084 -0.00172552 -0.00175287 -0.00167719 -0.00165911 -0.00177026 -0.00181514 -0.00179781 -0.00165732 
-0.00172363 -0.00169673 -0.00174658 -0.00179859 -0.00177984 -0.00188747 -0.00180498 -0.00185054 -0.00190056 -0.00191605 -0.00201997 -0.0020535 -0.00199276 -0.0020457 -0.00204319 -0.00201612 -0.00218999 -0.00215259 -0.00214309 -0.00211974 -0.00186789 -0.00190953 -0.00162588 -0.00149456 0.00239228 0.00243223 0.00254837 0.00268163 0.13541 0.00289992 0.00252359 0.00244773 0.00234646 0.00215739 -0.00133097 -0.00136242 -0.00146921 -0.00175456 -0.00168099 -0.00186142 -0.00182045 -0.00173633 -0.00183357 -0.0017786 -0.00179966 -0.00189575 -0.00180444 -0.0017204 -0.00174206 -0.00175004 -0.00171561 -0.00170114 -0.00169578 -0.00175895 -0.00174862 -0.0017337 -0.00171747 -0.00163651 -0.00167649 -0.00171199 -0.00160799 -0.00164264 -0.0015723 -0.00160916 -0.00171872 -0.00169393 -0.00168944 -0.00158626 -0.00166198 -0.00173841 -0.00174089 -0.00176675 -0.00178074 -0.0016954 -0.00169637 -0.00170163 -0.00172167 -0.00170541 -0.00169609 -0.00163809 -0.00166443 -0.00169648 -0.001755 -0.0017213 -0.00166727 -0.00173444 -0.00169852 -0.0016359 -0.00161806 -0.0017703 -0.00171608 -0.00179369 -0.00170854 -0.00171684 -0.00169415 -0.00167556 -0.00164064 -0.00163939 -0.00174055 -0.00167209 
-0.00163316 -0.00171348 -0.00175541 -0.00174042 -0.00169883 -0.00186346 -0.00187744 -0.00194961 -0.00186492 -0.00177263 -0.00196707 -0.00196955 -0.00197762 -0.00206541 -0.0020723 -0.00210829 -0.0021357 -0.0021394 -0.00221139 -0.00209901 -0.00183886 -0.0018148 -0.00173332 -0.00147257 0.00257167 0.00266023 0.00265641 0.00272682 0.00289992 0.133907 0.00259184 0.00241314 0.00231555 0.00220453 -0.00138139 -0.0013779 -0.00149127 -0.00160918 -0.00167689 -0.00182786 -0.00168012 -0.00171209 -0.00179786 -0.00182795 -0.00178739 -0.00184436 -0.00176607 -0.00174448 -0.00167787 -0.00175751 -0.00181094 -0.00181336 -0.00171604 -0.00171428 -0.0016761 -0.00168551 -0.00170037 -0.00167248 -0.00176099 -0.00172482 -0.00165621 -0.00162324 -0.00161769 -0.00155475 -0.00164001 -0.0017272 -0.00172475 -0.0016983 -0.00177785 -0.00178637 -0.00172924 -0.00170979 -0.00175397 -0.00173648 -0.00169641 -0.00155986 -0.00158975 -0.00166984 -0.00165995 -0.00170775 -0.00165534 -0.00168065 -0.00175037 -0.00171539 -0.00174937 -0.00169552 -0.00181534 -0.00161465 -0.00156558 -0.0015534 -0.00174673 -0.00173672 -0.00163975 -0.00164964 -0.00165419 -0.00162109 -0.00166209 -0.00166883 -0.00176176 -0.00168152 
-0.00173702 -0.00177381 -0.00172555 -0.00175044 -0.00176237 -0.00182137 -0.00186888 -0.00187481 -0.0019643 -0.00184562 -0.00202604 -0.00212911 -0.00201744 -0.00210089 -0.00215226 -0.00207843 -0.00221254 -0.00215017 -0.00216224 -0.00229379 -0.00200688 -0.00196792 -0.00186135 -0.00166935 -0.00152604 0.00239912 0.00242996 0.00260559 0.00252359 0.00259184 0.134769 0.00271892 0.00260016 0.00230525 0.00204001 0.00219042 -0.00130868 -0.0014645 -0.00159472 -0.00166267 -0.00172318 -0.00180031 -0.00188947 -0.00182905 -0.00181059 -0.00182968 -0.00172457 -0.00181124 -0.00173499 -0.0017492 -0.00170967 -0.00170138 -0.00179408 -0.00174993 -0.00179924 -0.00170314 -0.00178883 -0.00175497 -0.00180404 -0.00177278 -0.00173468 -0.00174027 -0.00158149 -0.00159659 -0.00169366 -0.00179593 -0.00173343 -0.00169326 -0.00181126 -0.00173046 -0.00167008 -0.0017411 -0.00165549 -0.00176513 -0.00169219 -0.00175301 -0.00169853 -0.0017596 -0.00173455 -0.00174912 -0.0017607 -0.00179658 -0.00170404 -0.00175748 -0.00183771 -0.00172941 -0.00177358 -0.00164069 -0.00168384 -0.00177868 -0.00176857 -0.00174746 -0.00170298 -0.00176545 -0.00176074 -0.00173851 -0.00178021 -0.00178485 -0.00167985 -0.00166346 
-0.00174622 -0.00174966 -0.0016892 -0.00177577 -0.00178449 -0.00188437 -0.00193957 -0.00197351 -0.00199183 -0.00190767 -0.00199431 -0.00199592 -0.00200784 -0.00204448 -0.00206277 -0.00222087 -0.00226074 -0.00215065 -0.00222778 -0.00221229 -0.00213881 -0.00221371 -0.00193292 -0.00178761 -0.00173814 -0.0015705 0.00231454 0.00230399 0.00244773 0.00241314 0.00271892 0.133053 0.00260106 0.00242706 0.00226519 0.00221748 0.00201767 -0.00123166 -0.00137047 -0.00148763 -0.00152897 -0.00157844 -0.00161232 -0.00169364 -0.00184723 -0.00183658 -0.00176578 -0.00175225 -0.00170503 -0.00172413 -0.00176761 -0.00173041 -0.00170623 -0.00176203 -0.00169669 -0.00177312 -0.00181044 -0.00175498 -0.00172959 -0.00158088 -0.00165008 -0.00169666 -0.00156972 -0.00161797 -0.00164533 -0.00174304 -0.00163676 -0.00183521 -0.00174414 -0.00160555 -0.00165658 -0.00162997 -0.00162414 -0.00171093 -0.00164181 -0.00156587 -0.0016402 -0.00166746 -0.00179095 -0.00170376 -0.00166051 -0.00170642 -0.00171523 -0.0017582 -0.00171369 -0.00172708 -0.00166842 -0.00164247 -0.00168694 -0.00170006 -0.00174599 -0.00164692 -0.00172196 -0.00181284 -0.00167546 -0.00161961 -0.00175143 -0.00170032 -0.00167062 -0.00163142 
-0.00176467 -0.0017103 -0.00167674 -0.00181767 -0.00179925 -0.0018973 -0.00184639 -0.00198035 -0.00193317 -0.00188844 -0.00192089 -0.00194141 -0.00196135 -0.00209449 -0.00201984 -0.00206891 -0.00219793 -0.00216686 -0.00218184 -0.00222135 -0.00209557 -0.00216672 -0.00199672 -0.00186131 -0.00173014 -0.00159178 -0.00137935 0.00229145 0.00234646 0.00231555 0.00260016 0.00260106 0.131742 0.00249211 0.00243348 0.00228946 0.00226274 0.00211896 -0.00124186 -0.00131928 -0.00157021 -0.00156742 -0.00167627 -0.00173896 -0.00175831 -0.00175968 -0.00177389 -0.00164867 -0.00173559 -0.00169997 -0.00167019 -0.00166688 -0.00174403 -0.00162326 -0.00164415 -0.00166952 -0.00172438 -0.00171357 -0.00169006 -0.00168446 -0.00167557 -0.00165926 -0.00156722 -0.00161432 -0.00172937 -0.00175158 -0.00167281 -0.00162977 -0.0016693 -0.00176119 -0.00161883 -0.00160688 -0.00173732 -0.00157728 -0.00162214 -0.00162957 -0.00160028 -0.00173551 -0.00166983 -0.00174892 -0.00167571 -0.00176618 -0.00168996 -0.00169208 -0.0017423 -0.0017113 -0.00163595 -0.00164621 -0.00164599 -0.00175854 -0.00174573 -0.00173109 -0.00173944 -0.00174745 -0.00169819 -0.00174823 -0.0016697 -0.00161588 -0.00171351 -0.00161208 
