0.122931 0.0022023 0.00219234 0.00204501 0.0019201 0.00202728 -0.00126539 -0.00124286 -0.00140924 -0.00138612 -0.00165948 -0.00178362 -0.00167605 -0.00195308 -0.00187177 -0.00184983 -0.0018897 -0.00193987 -0.00192991 -0.00195303 -0.00188498 -0.00180816 -0.00194573 -0.00176739 -0.00202297 -0.00186576 -0.00178491 -0.00178893 -0.00166517 -0.0017171 -0.00173306 -0.00175955 -0.00172039 -0.00172929 -0.00153727 -0.00152986 -0.00155539 -0.0016423 -0.00165691 -0.00152912 -0.00158256 -0.00155675 -0.00163963 -0.00155552 -0.00152464 -0.00152517 -0.00157642 -0.00143348 -0.00160505 -0.00148736 -0.00157899 -0.00165332 -0.0015284 -0.0015434 -0.00154376 -0.00146387 -0.00153254 -0.00149534 -0.00154813 -0.00146046 -0.00153107 -0.00155065 -0.0013738 -0.00138996 -0.00153201 -0.00150701 -0.00147397 -0.00157279 -0.00156153 -0.00148751 -0.00154477 -0.00146872 -0.00151137 -0.00145713 -0.00143206 -0.00137539 -0.00146169 -0.00150966 -0.00152147 -0.00144168 -0.00145084 -0.00152371 -0.00147611 -0.00144253 -0.00139134 -0.00150682 -0.00150397 -0.00143211 -0.00133539 -0.00155438 -0.00147786 -0.00141831 -0.00128992 -0.00124497 -0.00114232 -0.00123197 0.00182337 0.00193477 0.00219492 0.00214432 
0.0022023 0.123493 0.00224619 0.00218436 0.00198026 0.00210982 0.00207665 -0.00116342 -0.00143406 -0.0013564 -0.00151693 -0.00167221 -0.0017421 -0.00181112 -0.00176813 -0.00184039 -0.00195578 -0.00179632 -0.00186277 -0.00206577 -0.00182563 -0.00187384 -0.00190163 -0.00182127 -0.00191261 -0.00188833 -0.00178159 -0.00174771 -0.00174096 -0.00168284 -0.001713 -0.00178358 -0.00168421 -0.00160448 -0.00155781 -0.00156751 -0.00160703 -0.00174906 -0.00165385 -0.00167662 -0.00153724 -0.00151798 -0.00161782 -0.00160079 -0.00159546 -0.00157516 -0.00154262 -0.00146272 -0.00148243 -0.00153 -0.00154576 -0.00156068 -0.00158493 -0.00145067 -0.00157278 -0.00152798 -0.00144964 -0.00155516 -0.00137964 -0.00146946 -0.00149302 -0.00149324 -0.00145259 -0.00142085 -0.00150652 -0.00148445 -0.00152198 -0.00151536 -0.0014904 -0.00147833 -0.00152623 -0.00152564 -0.00154877 -0.00144945 -0.00153138 -0.00159043 -0.0015037 -0.00149543 -0.00148572 -0.00161208 -0.00149686 -0.00157243 -0.00153596 -0.00149026 -0.00157632 -0.00151125 -0.00158141 -0.00144737 -0.00152282 -0.0015541 -0.00149965 -0.00145339 -0.0013294 -0.00131281 -0.00130139 -0.00123239 -0.00120076 0.00182031 0.00197452 0.00197469 
0.00219234 0.00224619 0.123925 0.00234847 0.00216772 0.0022122 0.00214636 0.00207257 -0.00117364 -0.00123221 -0.00139289 -0.00153124 -0.0016591 -0.00177447 -0.00176865 -0.00179433 -0.00189057 -0.00197543 -0.00195153 -0.00203048 -0.00196279 -0.00183969 -0.00195188 -0.00180125 -0.0020027 -0.00184328 -0.00177396 -0.00174817 -0.00171872 -0.00173343 -0.00178223 -0.00175862 -0.00166634 -0.00177249 -0.00161926 -0.00161848 -0.00169476 -0.00165211 -0.00162172 -0.0016743 -0.00152557 -0.00158814 -0.00157226 -0.00171798 -0.00165443 -0.00160248 -0.00158996 -0.00155028 -0.00155329 -0.00163037 -0.00152899 -0.00156435 -0.00152481 -0.00143545 -0.00155587 -0.00150803 -0.00157258 -0.00155421 -0.00151159 -0.00152505 -0.00154423 -0.00159648 -0.00136829 -0.00145277 -0.00154943 -0.0015399 -0.00152908 -0.00156275 -0.00153803 -0.00159475 -0.00159434 -0.00157613 -0.00154743 -0.00156554 -0.00146119 -0.00139182 -0.00148192 -0.00145446 -0.00149057 -0.00153567 -0.00153298 -0.00150977 -0.00148215 -0.00150572 -0.00152878 -0.00146672 -0.00155315 -0.00142455 -0.00143407 -0.00153955 -0.00151294 -0.00144451 -0.00151257 -0.00146565 -0.00140434 -0.00130666 -0.00124792 -0.0011982 0.00190349 0.00190724 
0.00204501 0.00218436 0.00234847 0.124173 0.00219286 0.0022906 0.00217633 0.00211833 0.0021311 -0.00120901 -0.00123382 -0.0014829 -0.0015307 -0.00174225 -0.00183457 -0.0018422 -0.00187024 -0.00184507 -0.00191501 -0.00202514 -0.00190924 -0.0019975 -0.00200243 -0.00179333 -0.00200409 -0.00190285 -0.0017996 -0.00178726 -0.00177076 -0.00174612 -0.00179294 -0.00178813 -0.00165723 -0.00166195 -0.00158574 -0.00156948 -0.00164068 -0.00166223 -0.0016535 -0.00164346 -0.00159652 -0.0016305 -0.00167162 -0.00166833 -0.00159418 -0.00157145 -0.00150245 -0.00156228 -0.00152992 -0.00163933 -0.00150649 -0.00162376 -0.00150294 -0.00153836 -0.00157856 -0.00159062 -0.00152979 -0.00151903 -0.00157324 -0.00142844 -0.00152646 -0.00156597 -0.00145513 -0.00148654 -0.00151953 -0.00157751 -0.00148963 -0.00150731 -0.00152251 -0.00156652 -0.00156568 -0.00158201 -0.00150134 -0.00150137 -0.00146604 -0.00147683 -0.00148742 -0.00159133 -0.00156827 -0.00154445 -0.00149117 -0.00155654 -0.00154381 -0.00147856 -0.00146529 -0.00158852 -0.00155347 -0.00142348 -0.00148199 -0.0014656 -0.00147934 -0.00150704 -0.00144078 -0.00147708 -0.00149282 -0.00141527 -0.00133534 -0.00131215 -0.00116113 0.00176817 
0.0019201 0.00198026 0.00216772 0.00219286 0.125109 0.00248417 0.00231627 0.0023491 0.00220685 0.00210757 -0.00133456 -0.00138746 -0.00145829 -0.0016991 -0.00180679 -0.00169603 -0.00196421 -0.00184936 -0.00190058 -0.00203485 -0.00195131 -0.00204142 -0.00192691 -0.00179152 -0.00195389 -0.00199048 -0.00183739 -0.00175528 -0.00181926 -0.00179345 -0.00181453 -0.00184732 -0.00176258 -0.00175979 -0.00169149 -0.00162721 -0.00163653 -0.00163615 -0.00170781 -0.00156401 -0.00161133 -0.00168741 -0.00174436 -0.00167149 -0.00165423 -0.00165234 -0.00155142 -0.00158485 -0.00159989 -0.00154071 -0.00153173 -0.00160007 -0.00160668 -0.00158972 -0.0016274 -0.00149483 -0.00146561 -0.00153238 -0.00150813 -0.00151991 -0.00158183 -0.00149485 -0.0014799 -0.00149122 -0.00155701 -0.0015028 -0.00155584 -0.00154053 -0.00155318 -0.00151558 -0.00149721 -0.00141843 -0.00154752 -0.00151109 -0.00135951 -0.00149545 -0.00145707 -0.00151988 -0.00149617 -0.00161678 -0.00157386 -0.001478 -0.00148359 -0.00156909 -0.00155322 -0.00157253 -0.00154105 -0.00152464 -0.00149891 -0.00153658 -0.00154604 -0.00153973 -0.00157815 -0.0015242 -0.00152629 -0.00150478 -0.00150839 -0.0013384 -0.00126414 -0.00116633 
0.00202728 0.00210982 0.0022122 0.0022906 0.00248417 0.128385 0.00247339 0.00244237 0.00232664 0.00217071 0.002148 -0.00131451 -0.0013869 -0.00160388 -0.00178929 -0.00171597 -0.00193885 -0.00190188 -0.00197689 -0.00208653 -0.00198631 -0.00207775 -0.00199414 -0.00184363 -0.00208193 -0.00201161 -0.00194777 -0.00187667 -0.00185885 -0.00188341 -0.00191969 -0.00191591 -0.00187026 -0.00181715 -0.00175038 -0.0017606 -0.00176795 -0.00179084 -0.00181486 -0.00168401 -0.00162318 -0.00174888 -0.00178717 -0.00175369 -0.00165246 -0.00166139 -0.00168057 -0.001592 -0.00171703 -0.00170686 -0.00165873 -0.00169403 -0.00167449 -0.00163641 -0.00154493 -0.00161809 -0.00182589 -0.00171917 -0.00160062 -0.0016061 -0.00161331 -0.00165782 -0.00155325 -0.00151912 -0.00169086 -0.00167434 -0.00159729 -0.00166981 -0.00169808 -0.00167192 -0.00165487 -0.00170681 -0.00169315 -0.00167197 -0.00152718 -0.0015451 -0.00156368 -0.00170655 -0.00164074 -0.00166802 -0.00156453 -0.00173532 -0.00162436 -0.00164638 -0.00161333 -0.00163198 -0.00161861 -0.00158773 -0.00151485 -0.00165676 -0.00159363 -0.00160147 -0.00159446 -0.00157154 -0.00177729 -0.00163563 -0.0015655 -0.00141277 -0.00127232 -0.00125818 
-0.00126539 0.00207665 0.00214636 0.00217633 0.00231627 0.00247339 0.129217 0.00253321 0.0023265 0.00234184 0.00235028 0.0020284 -0.00131237 -0.00151666 -0.00166992 -0.00176457 -0.00197598 -0.00207408 -0.00202456 -0.00224853 -0.0020913 -0.00208212 -0.0021509 -0.00195855 -0.00220428 -0.0021586 -0.00191124 -0.0018921 -0.00190273 -0.0018454 -0.0018433 -0.00189538 -0.00182426 -0.00179748 -0.00178171 -0.00166078 -0.0017785 -0.00176019 -0.00178191 -0.00177727 -0.00161631 -0.00176228 -0.00181963 -0.00167411 -0.00177077 -0.00167952 -0.00169102 -0.00174595 -0.00170905 -0.00171079 -0.00163481 -0.00167135 -0.00167186 -0.00165416 -0.00167467 -0.00159806 -0.00167217 -0.0016375 -0.00156138 -0.0016765 -0.00156937 -0.00162 -0.00157528 -0.00150599 -0.00162913 -0.00173148 -0.00164859 -0.00168325 -0.00161073 -0.00165697 -0.00167412 -0.00164954 -0.00165072 -0.00162903 -0.00152206 -0.00160127 -0.00147591 -0.00164629 -0.00165036 -0.0016528 -0.00160417 -0.00165672 -0.00164727 -0.00161091 -0.00172869 -0.00165615 -0.00154911 -0.00160072 -0.00157855 -0.00165233 -0.00171248 -0.00160104 -0.00163915 -0.00163534 -0.00167066 -0.00167554 -0.00159751 -0.00155242 -0.00141333 -0.00123921 
-0.00124286 -0.00116342 0.00207257 0.00211833 0.0023491 0.00244237 0.00253321 0.130402 0.0026721 0.00251091 0.0023485 0.00237078 0.00225788 -0.0014507 -0.00164347 -0.00163053 -0.00183271 -0.00204088 -0.00210568 -0.00217753 -0.00211849 -0.00201518 -0.00202378 -0.00198072 -0.00215147 -0.00212997 -0.0019894 -0.00192418 -0.00186729 -0.00177569 -0.00193643 -0.00200396 -0.00195753 -0.00191922 -0.00176355 -0.00174782 -0.00182253 -0.00182246 -0.00182576 -0.00181067 -0.00169789 -0.00172447 -0.00180436 -0.00179214 -0.00170262 -0.00181806 -0.00170484 -0.00170043 -0.00170387 -0.00173492 -0.0017065 -0.00175895 -0.00172416 -0.00172817 -0.00172616 -0.00172272 -0.00169273 -0.00165776 -0.0016827 -0.00167215 -0.00172644 -0.00159729 -0.0015693 -0.00153489 -0.00167365 -0.00166895 -0.00168561 -0.00160636 -0.00159324 -0.00166157 -0.00169634 -0.00166672 -0.00169472 -0.00173239 -0.00163519 -0.0016281 -0.00151129 -0.00161829 -0.00165232 -0.00171996 -0.0016263 -0.00162547 -0.00176317 -0.00165976 -0.00166591 -0.00178828 -0.00164293 -0.00159319 -0.00163387 -0.00168801 -0.0016551 -0.00166011 -0.00159903 -0.00169987 -0.0016749 -0.00165828 -0.00163322 -0.00166096 -0.00153964 -0.00140783 
-0.00140924 -0.00143406 -0.00117364 0.0021311 0.00220685 0.00232664 0.0023265 0.0026721 0.13178 0.00262765 0.00263818 0.00250928 0.00235479 0.00229335 -0.00153892 -0.00151567 -0.00180448 -0.00197865 -0.00206658 -0.0023116 -0.00214273 -0.00207768 -0.00216862 -0.00188628 -0.00212553 -0.00208722 -0.00205058 -0.00194988 -0.00209061 -0.00190485 -0.00202917 -0.0019885 -0.00182843 -0.00194761 -0.00180511 -0.00188227 -0.00182992 -0.00189698 -0.00194738 -0.00182555 -0.00172918 -0.00169235 -0.00176047 -0.00180401 -0.00188714 -0.00182495 -0.00181514 -0.00167625 -0.00166852 -0.00171235 -0.00165117 -0.00173928 -0.00170862 -0.00174162 -0.0016974 -0.00166896 -0.00170262 -0.00177504 -0.00166821 -0.00169026 -0.0017314 -0.00166485 -0.00158213 -0.00157325 -0.00173077 -0.00166183 -0.00173264 -0.00176986 -0.00167974 -0.00171991 -0.00169613 -0.0016245 -0.00176828 -0.00174472 -0.00156298 -0.00157989 -0.00165206 -0.00173692 -0.00167638 -0.00164565 -0.00175288 -0.00177612 -0.00170845 -0.00165817 -0.00161934 -0.00168399 -0.00166053 -0.00158773 -0.00156163 -0.00171207 -0.0015976 -0.001653 -0.00166972 -0.00162801 -0.0017573 -0.00161616 -0.00161483 -0.00163278 -0.00159477 -0.00153638 
-0.00138612 -0.0013564 -0.00123221 -0.00120901 0.00210757 0.00217071 0.00234184 0.00251091 0.00262765 0.130012 0.00252483 0.00247149 0.00234228 0.00221797 -0.00145827 -0.00142711 -0.00160789 -0.00201517 -0.00188123 -0.00203265 -0.00211456 -0.00192066 -0.00212339 -0.00190235 -0.00215273 -0.00206219 -0.00191041 -0.00197511 -0.00193629 -0.00193079 -0.00200324 -0.0019502 -0.00181353 -0.00190715 -0.00171008 -0.00174364 -0.00177019 -0.00168625 -0.00175555 -0.00168466 -0.00165584 -0.00157259 -0.00170851 -0.00161512 -0.00168984 -0.00173462 -0.00164593 -0.0016696 -0.00168137 -0.00160828 -0.00166527 -0.00162672 -0.00163535 -0.00167569 -0.00162558 -0.00159705 -0.00164091 -0.00166754 -0.00159461 -0.00168017 -0.00154976 -0.00154213 -0.00167241 -0.00151333 -0.0015785 -0.00162404 -0.00161401 -0.00153488 -0.00169591 -0.00169221 -0.00162487 -0.0015306 -0.00155436 -0.00171234 -0.00156196 -0.00156697 -0.00154635 -0.00159979 -0.00163292 -0.00157457 -0.00163545 -0.00158721 -0.00168091 -0.00162104 -0.00160694 -0.00155025 -0.00172932 -0.00157142 -0.00166733 -0.0017268 -0.00161515 -0.00171739 -0.00173463 -0.00158869 -0.00158328 -0.00162435 -0.00166796 -0.00163476 -0.00161579 -0.00159701 
-0.00165948 -0.00151693 -0.00139289 -0.00123382 -0.00133456 0.002148 0.00235028 0.0023485 0.00263818 0.00252483 0.134853 0.00273501 0.00262535 0.00269901 0.00229705 0.00242083 -0.00159137 -0.00173706 -0.00175653 -0.0020784 -0.00220172 -0.00204135 -0.0023138 -0.00198096 -0.00230653 -0.00223722 -0.00213493 -0.00198285 -0.00197813 -0.00197991 -0.00210981 -0.00198458 -0.00196473 -0.00193224 -0.00185643 -0.00176512 -0.00188368 -0.00193528 -0.00192948 -0.00176525 -0.00178265 -0.00178516 -0.00186396 -0.00177914 -0.00189966 -0.00185029 -0.00184581 -0.00179781 -0.00167574 -0.00171872 -0.00176544 -0.00182385 -0.00168612 -0.00176928 -0.00180858 -0.00176847 -0.00179102 -0.00181714 -0.00173273 -0.00180337 -0.00178784 -0.00170623 -0.00167739 -0.00160477 -0.00174581 -0.00177555 -0.00171419 -0.00176456 -0.001779 -0.00169904 -0.00170273 -0.001724 -0.00178677 -0.00174872 -0.00165207 -0.00165623 -0.00170282 -0.00173773 -0.00168485 -0.00172151 -0.00168865 -0.00173039 -0.00175086 -0.0017777 -0.00176362 -0.00184884 -0.00166071 -0.00166778 -0.00168976 -0.00168698 -0.0018538 -0.00174613 -0.00177788 -0.00174947 -0.00178211 -0.00175771 -0.00182022 -0.00172447 -0.00179725 -0.00164353 
-0.00178362 -0.00167221 -0.00153124 -0.0014829 -0.00138746 -0.00131451 0.0020284 0.00237078 0.00250928 0.00247149 0.00273501 0.13675 0.0027819 0.0027705 0.00238514 0.00247038 0.00237807 -0.00164256 -0.00162426 -0.00184009 -0.00195839 -0.00204221 -0.00226471 -0.00198346 -0.00235959 -0.00226515 -0.00212851 -0.0020872 -0.00204432 -0.00198138 -0.00208275 -0.00207194 -0.00195126 -0.00198204 -0.00190766 -0.00186412 -0.00201658 -0.00190795 -0.00194793 -0.00186313 -0.00184435 -0.00184726 -0.00191763 -0.00185353 -0.00183243 -0.00188455 -0.00178245 -0.00182817 -0.00177771 -0.00182929 -0.00175986 -0.00178948 -0.00177446 -0.00188786 -0.00176057 -0.00185342 -0.00171966 -0.00184242 -0.00186678 -0.00174621 -0.00171003 -0.00177899 -0.00178687 -0.00171535 -0.00176992 -0.00176785 -0.00179425 -0.00180546 -0.00183542 -0.00179432 -0.00174613 -0.00176266 -0.00176181 -0.00179852 -0.00173166 -0.0017495 -0.00162501 -0.00176916 -0.00176456 -0.00174263 -0.00181581 -0.00179649 -0.00170038 -0.00174542 -0.00179873 -0.00175352 -0.00178806 -0.00170818 -0.00170307 -0.00171574 -0.00172829 -0.00177392 -0.00180258 -0.00171674 -0.00190845 -0.00173131 -0.00172872 -0.00178891 -0.00174201 -0.00160737 
-0.00167605 -0.0017421 -0.0016591 -0.0015307 -0.00145829 -0.0013869 -0.00131237 0.00225788 0.00235479 0.00234228 0.00262535 0.0027819 0.135605 0.00284186 0.00253927 0.00258356 0.00234702 -0.00159951 -0.00156932 -0.0017074 -0.00201252 -0.00194942 -0.00218398 -0.00201229 -0.00231765 -0.00212569 -0.00200585 -0.00196494 -0.00188648 -0.0019536 -0.00199229 -0.00202682 -0.00196914 -0.0020162 -0.00183424 -0.00181995 -0.00192933 -0.00179036 -0.00180444 -0.00183665 -0.00178655 -0.00172034 -0.00186103 -0.0018353 -0.00192178 -0.00185324 -0.00173912 -0.00176264 -0.00171237 -0.00180723 -0.00179358 -0.00181308 -0.00179873 -0.00168119 -0.00173035 -0.00169778 -0.00177849 -0.00168395 -0.00177528 -0.00165809 -0.00172455 -0.00162074 -0.00162587 -0.00160935 -0.00169752 -0.00173348 -0.00168951 -0.00168436 -0.0018165 -0.00174781 -0.00169953 -0.00165023 -0.00174361 -0.00167085 -0.00162252 -0.00162224 -0.00163083 -0.0017647 -0.001777 -0.00176998 -0.00165362 -0.00176601 -0.00174409 -0.00161895 -0.00173512 -0.0016774 -0.00174622 -0.00162527 -0.00161799 -0.00177453 -0.00170228 -0.00164848 -0.0017602 -0.00174413 -0.00166754 -0.00174157 -0.00163192 -0.00172232 -0.00171786 -0.00159875 
-0.00195308 -0.00181112 -0.00177447 -0.00174225 -0.0016991 -0.00160388 -0.00151666 -0.0014507 0.00229335 0.00221797 0.00269901 0.0027705 0.00284186 0.140703 0.00298512 0.00280693 0.00268024 0.00244426 0.00254013 -0.0016654 -0.00180976 -0.00177008 -0.00203773 -0.00200591 -0.00228222 -0.00228883 -0.00217021 -0.00214857 -0.00199822 -0.00201049 -0.00211316 -0.00220816 -0.00201596 -0.00205928 -0.00208695 -0.0019858 -0.00197131 -0.001972 -0.00205728 -0.00193903 -0.00185369 -0.00189287 -0.00201127 -0.00196876 -0.00205314 -0.00200562 -0.00191235 -0.0018297 -0.00191824 -0.00174956 -0.00187068 -0.00184934 -0.00180816 -0.00189953 -0.00189989 -0.00181661 -0.00182221 -0.00186068 -0.0019708 -0.00188683 -0.00177964 -0.00184932 -0.00183315 -0.00168657 -0.00186627 -0.00191163 -0.00186547 -0.00184351 -0.00186227 -0.00195462 -0.00172868 -0.00182477 -0.00183785 -0.001808 -0.00175486 -0.00172566 -0.00174518 -0.00185329 -0.00181335 -0.00184826 -0.00178714 -0.0018409 -0.00184445 -0.0018438 -0.00180144 -0.00184116 -0.00181612 -0.00175436 -0.00171434 -0.00185716 -0.0018061 -0.00186133 -0.00190874 -0.00188311 -0.00182281 -0.00192181 -0.00185192 -0.00185871 -0.00185564 -0.00169116 
-0.00187177 -0.00176813 -0.00176865 -0.00183457 -0.00180679 -0.00178929 -0.00166992 -0.00164347 -0.00153892 -0.00145827 0.00229705 0.00238514 0.00253927 0.00298512 0.139795 0.0030641 0.00297333 0.00273942 0.00281372 0.00253474 -0.00166577 -0.00168547 -0.00175438 -0.002015 -0.00208721 -0.00215589 -0.00198981 -0.00212413 -0.00198828 -0.00200938 -0.00203879 -0.0019646 -0.00198051 -0.00205702 -0.00186433 -0.00191144 -0.00193637 -0.00197922 -0.00191888 -0.0020177 -0.00185171 -0.00181339 -0.00198489 -0.00191238 -0.00185632 -0.00196735 -0.00194085 -0.001855 -0.00185851 -0.00186977 -0.00179947 -0.00184706 -0.00182115 -0.00189317 -0.00183083 -0.00176706 -0.0018454 -0.0018196 -0.0018734 -0.00176938 -0.00177761 -0.00175949 -0.00167401 -0.00172641 -0.00188326 -0.00172042 -0.00178501 -0.00174253 -0.00180641 -0.00171781 -0.00169946 -0.00175987 -0.00171686 -0.00180108 -0.00174013 -0.00171775 -0.00169066 -0.00185194 -0.00178903 -0.00176 -0.00175838 -0.00186133 -0.00178699 -0.00187783 -0.0018199 -0.00179929 -0.00184304 -0.00164989 -0.00177324 -0.00171283 -0.00185319 -0.00171336 -0.00173328 -0.0017956 -0.00178663 -0.00175838 -0.00176445 -0.00181182 -0.00175631 -0.00168061 
-0.00184983 -0.00184039 -0.00179433 -0.0018422 -0.00169603 -0.00171597 -0.00176457 -0.00163053 -0.00151567 -0.00142711 0.00242083 0.00247038 0.00258356 0.00280693 0.0030641 0.141431 0.00291995 0.00273244 0.00275634 0.00255028 -0.00178169 -0.00176327 -0.00186547 -0.00186017 -0.00210105 -0.00216265 -0.00214436 -0.00212125 -0.00211222 -0.00205243 -0.00214758 -0.0020439 -0.00208809 -0.00208561 -0.00181311 -0.0019948 -0.00196738 -0.00196039 -0.00200126 -0.00202814 -0.00184031 -0.00182703 -0.00192797 -0.0018909 -0.00191585 -0.00189854 -0.00182006 -0.00181676 -0.00182533 -0.00188518 -0.00184582 -0.00185979 -0.00179548 -0.00185931 -0.00175704 -0.00179584 -0.00176897 -0.00184985 -0.00185248 -0.00179841 -0.00177462 -0.00178612 -0.00172093 -0.00171155 -0.00180799 -0.00177385 -0.00177948 -0.00176441 -0.00185586 -0.00184807 -0.001821 -0.00175008 -0.00177239 -0.00180182 -0.00169807 -0.00167257 -0.00178569 -0.00185317 -0.00181232 -0.00187278 -0.00175944 -0.00182937 -0.00175888 -0.00181297 -0.00184689 -0.0017975 -0.00178323 -0.00171358 -0.00169782 -0.00175575 -0.00183487 -0.00187459 -0.00182828 -0.0017818 -0.00181063 -0.00184219 -0.00194265 -0.00182807 -0.00177444 -0.0017979 
-0.0018897 -0.00195578 -0.00189057 -0.00187024 -0.00196421 -0.00193885 -0.00197598 -0.00183271 -0.00180448 -0.00160789 -0.00159137 0.00237807 0.00234702 0.00268024 0.00297333 0.00291995 0.146271 0.00308148 0.00290384 0.00298668 0.00261368 0.00258057 -0.00159239 -0.00183991 -0.00195727 -0.00220008 -0.00215587 -0.00232684 -0.00219208 -0.00220535 -0.00233848 -0.00219093 -0.00216542 -0.00216977 -0.00203535 -0.0020145 -0.00203523 -0.00213694 -0.00198156 -0.00204297 -0.00197543 -0.00199048 -0.00195156 -0.0020422 -0.00209658 -0.00194947 -0.00192572 -0.00194195 -0.00194297 -0.00193717 -0.00195133 -0.00204657 -0.00197748 -0.00187339 -0.00195615 -0.00191943 -0.00190678 -0.00188342 -0.00199667 -0.00188202 -0.00195232 -0.00196252 -0.00193574 -0.00184193 -0.00197434 -0.00193445 -0.00193061 -0.00188936 -0.00200405 -0.00188862 -0.00200682 -0.00182852 -0.00186025 -0.00196222 -0.0019188 -0.00185308 -0.0017505 -0.00200373 -0.00184871 -0.00200079 -0.00196981 -0.00195355 -0.00186152 -0.00195176 -0.00192126 -0.00190905 -0.00188427 -0.00180201 -0.00183943 -0.00191318 -0.00191055 -0.00196176 -0.00195178 -0.00194894 -0.00200745 -0.00190482 -0.00194018 -0.00192705 -0.00193037 -0.00185031 
-0.00193987 -0.00179632 -0.00197543 -0.00184507 -0.00184936 -0.00190188 -0.00207408 -0.00204088 -0.00197865 -0.00201517 -0.00173706 -0.00164256 -0.00159951 0.00244426 0.00273942 0.00273244 0.00308148 0.144756 0.00323433 0.00311863 0.00290959 0.0028799 0.00269742 -0.00160008 -0.00177422 -0.00194096 -0.00207767 -0.0022668 -0.00211153 -0.00216205 -0.00217082 -0.00221512 -0.0020873 -0.00211043 -0.00191139 -0.00194844 -0.00200531 -0.00200398 -0.0019919 -0.00201817 -0.00191057 -0.00192165 -0.00205153 -0.00202456 -0.00191513 -0.00192983 -0.00183826 -0.00191527 -0.00183563 -0.00187443 -0.00188155 -0.00183479 -0.0018013 -0.00183764 -0.00188512 -0.00186421 -0.0019419 -0.00191682 -0.00186851 -0.00181857 -0.00196209 -0.00188209 -0.00172119 -0.00180342 -0.00183253 -0.00186363 -0.00182478 -0.00180111 -0.00187432 -0.00187227 -0.00194097 -0.00186972 -0.00186089 -0.00182414 -0.00186192 -0.00181513 -0.00181456 -0.00188717 -0.00190438 -0.00194984 -0.00188003 -0.00183052 -0.00193039 -0.00186093 -0.00191114 -0.00181549 -0.00183568 -0.00177443 -0.00181049 -0.00184655 -0.00173624 -0.00188616 -0.0018809 -0.00185077 -0.0018279 -0.00182742 -0.00181717 -0.00180489 -0.00181513 -0.00182574 
-0.00192991 -0.00186277 -0.00195153 -0.00191501 -0.00190058 -0.00197689 -0.00202456 -0.00210568 -0.00206658 -0.00188123 -0.00175653 -0.00162426 -0.00156932 0.00254013 0.00281372 0.00275634 0.00290384 0.00323433 0.145573 0.00305386 0.00283351 0.00291812 0.00262861 -0.00161565 -0.00172855 -0.00196036 -0.00203556 -0.00215191 -0.00205518 -0.00216801 -0.00217739 -0.00216627 -0.00212415 -0.00204642 -0.00201144 -0.00200409 -0.00205615 -0.00199248 -0.00208382 -0.00204898 -0.00190902 -0.00185949 -0.00199259 -0.00208066 -0.00195545 -0.00203131 -0.00200421 -0.00189945 -0.00186763 -0.00205538 -0.00187256 -0.00180162 -0.00185369 -0.00186599 -0.00185882 -0.00182076 -0.00182471 -0.00190915 -0.001884 -0.00189075 -0.0018878 -0.00195327 -0.00184416 -0.00180142 -0.00182478 -0.00193937 -0.00190837 -0.00193285 -0.00183869 -0.00178901 -0.0018482 -0.00178325 -0.00187234 -0.0018727 -0.0017485 -0.00177287 -0.00180645 -0.00186184 -0.00181578 -0.0018913 -0.00188135 -0.00186103 -0.00186701 -0.00190636 -0.00192403 -0.00191619 -0.00185436 -0.00177815 -0.00171335 -0.00191949 -0.00185123 -0.00189024 -0.001757 -0.00187482 -0.00177113 -0.0018111 -0.00198258 -0.00186125 -0.00187356 -0.00173968 
-0.00195303 -0.00206577 -0.00203048 -0.00202514 -0.00203485 -0.00208653 -0.00224853 -0.00217753 -0.0023116 -0.00203265 -0.0020784 -0.00184009 -0.0017074 -0.0016654 0.00253474 0.00255028 0.00298668 0.00311863 0.00305386 0.148963 0.00310829 0.00305894 0.00287278 0.00263481 0.00263175 -0.00171629 -0.00197655 -0.00192113 -0.001974 -0.00206281 -0.00224498 -0.00216393 -0.00215245 -0.00213754 -0.00194339 -0.00206028 -0.00212285 -0.00207112 -0.00221089 -0.00209365 -0.00202414 -0.00198094 -0.00202518 -0.002186 -0.00216804 -0.00215444 -0.00196689 -0.00203673 -0.00200357 -0.00195759 -0.00200981 -0.00202705 -0.00196995 -0.00202758 -0.00212463 -0.0019972 -0.0019645 -0.00196999 -0.00198507 -0.00203425 -0.00193431 -0.00191946 -0.00189153 -0.0018925 -0.00193241 -0.0019911 -0.00202504 -0.00192316 -0.00191731 -0.0019668 -0.00197762 -0.00195652 -0.00195822 -0.00187233 -0.00192095 -0.00179227 -0.00179373 -0.00197148 -0.00199759 -0.00205654 -0.00192736 -0.00196817 -0.00184824 -0.00197318 -0.00191379 -0.00189227 -0.00194413 -0.00196881 -0.0019462 -0.00195254 -0.00192999 -0.00201269 -0.0020382 -0.0020004 -0.00197003 -0.00203245 -0.00193196 -0.00199779 -0.00193414 -0.00191815 
-0.00188498 -0.00182563 -0.00196279 -0.00190924 -0.00195131 -0.00198631 -0.0020913 -0.00211849 -0.00214273 -0.00211456 -0.00220172 -0.00195839 -0.00201252 -0.00180976 -0.00166577 -0.00178169 0.00261368 0.00290959 0.00283351 0.00310829 0.146617 0.00325046 0.00320658 0.00276215 0.00280485 0.0025825 -0.00164847 -0.00175808 -0.00194759 -0.00176618 -0.002021 -0.00213497 -0.00212232 -0.00206828 -0.0019904 -0.00196853 -0.00198699 -0.00202475 -0.00205387 -0.0020163 -0.00197298 -0.00188132 -0.00203797 -0.00197354 -0.00198405 -0.00204247 -0.00185996 -0.0019485 -0.00187825 -0.00193409 -0.00185139 -0.00184863 -0.00191929 -0.00191314 -0.00196021 -0.00186547 -0.00188004 -0.00184028 -0.00176662 -0.00190128 -0.00185761 -0.00185221 -0.00179417 -0.00177181 -0.00194063 -0.00193633 -0.0018346 -0.00188569 -0.00193102 -0.00199237 -0.00200247 -0.00188218 -0.00185105 -0.00188863 -0.00177041 -0.0018288 -0.0019475 -0.00194171 -0.00187194 -0.00189056 -0.00188186 -0.0019588 -0.00189753 -0.00194444 -0.00188388 -0.00184867 -0.00188948 -0.00178717 -0.00186101 -0.00186627 -0.00195843 -0.00191077 -0.0018785 -0.00196013 -0.00187939 -0.00188985 -0.00194387 -0.00188286 -0.00186335 -0.00184594 
-0.00180816 -0.00187384 -0.00183969 -0.0019975 -0.00204142 -0.00207775 -0.00208212 -0.00201518 -0.00207768 -0.00192066 -0.00204135 -0.00204221 -0.00194942 -0.00177008 -0.00168547 -0.00176327 0.00258057 0.0028799 0.00291812 0.00305894 0.00325046 0.146282 0.00305713 0.00287054 0.00276372 0.00257364 -0.00159717 -0.00172411 -0.00182099 -0.00196554 -0.00195161 -0.00217621 -0.00209359 -0.00212461 -0.00194255 -0.00206707 -0.00200738 -0.0020339 -0.00206459 -0.00206623 -0.00193525 -0.00199985 -0.00201529 -0.00205913 -0.00193421 -0.00201823 -0.00195541 -0.00197457 -0.00193156 -0.00184722 -0.0018153 -0.00183398 -0.00180737 -0.00195482 -0.0019508 -0.00197611 -0.00191428 -0.00193125 -0.00196826 -0.00190108 -0.0018856 -0.00201403 -0.00176903 -0.00180511 -0.0018574 -0.00190327 -0.00178099 -0.00181449 -0.00188132 -0.00183195 -0.00185685 -0.0018151 -0.00177102 -0.00181969 -0.0018666 -0.00177758 -0.00175226 -0.00198247 -0.0018896 -0.00190746 -0.00201085 -0.00195426 -0.00203828 -0.00183008 -0.00186399 -0.00192391 -0.00185583 -0.00173391 -0.00184565 -0.00181462 -0.00199033 -0.00185284 -0.00188402 -0.00196334 -0.00184607 -0.0018287 -0.00193642 -0.00193556 -0.00198726 -0.00181222 
-0.00194573 -0.00190163 -0.00195188 -0.00200243 -0.00192691 -0.00199414 -0.0021509 -0.00202378 -0.00216862 -0.00212339 -0.0023138 -0.00226471 -0.00218398 -0.00203773 -0.00175438 -0.00186547 -0.00159239 0.00269742 0.00262861 0.00287278 0.00320658 0.00305713 0.145352 0.00300501 0.00278419 0.00263057 0.002298 -0.00152647 -0.0017307 -0.00170384 -0.00192465 -0.00198888 -0.00197722 -0.00207764 -0.0020105 -0.00193322 -0.00199343 -0.00193251 -0.00191526 -0.00202172 -0.00194919 -0.00185693 -0.00204998 -0.00203205 -0.00201213 -0.00186816 -0.00194309 -0.0019203 -0.00180806 -0.00193135 -0.00182147 -0.00186127 -0.00183787 -0.001817 -0.00181508 -0.00182325 -0.00192781 -0.00188488 -0.00189239 -0.00181294 -0.00187294 -0.00188093 -0.00176519 -0.00179611 -0.00176922 -0.0018697 -0.00181045 -0.00185323 -0.0017824 -0.00191888 -0.00185541 -0.00187979 -0.00198557 -0.0019109 -0.00171834 -0.00181128 -0.00185072 -0.00187122 -0.00175041 -0.00188502 -0.00186669 -0.00203043 -0.00174914 -0.00186613 -0.00187763 -0.00184669 -0.00185493 -0.00181171 -0.00174214 -0.00181905 -0.00187576 -0.00183956 -0.00193597 -0.00183464 -0.00177911 -0.00190463 -0.00180109 -0.00179177 -0.00187419 -0.00179 
-0.00176739 -0.00182127 -0.00180125 -0.00179333 -0.00179152 -0.00184363 -0.00195855 -0.00198072 -0.00188628 -0.00190235 -0.00198096 -0.00198346 -0.00201229 -0.00200591 -0.002015 -0.00186017 -0.00183991 -0.00160008 -0.00161565 0.00263481 0.00276215 0.00287054 0.00300501 0.141077 0.00310635 0.00291292 0.00250668 0.00238584 -0.00152809 -0.00149236 -0.00155253 -0.00176188 -0.00183434 -0.00190382 -0.00188045 -0.00191505 -0.0019423 -0.0019088 -0.00188323 -0.00201435 -0.00177907 -0.00179505 -0.00188996 -0.00190377 -0.00179746 -0.0018593 -0.00181801 -0.00173705 -0.00175066 -0.00181749 -0.00183357 -0.00180401 -0.0017788 -0.00173762 -0.00171873 -0.00186455 -0.00180019 -0.00175718 -0.00160943 -0.00185393 -0.00181239 -0.00174646 -0.00165108 -0.00168138 -0.00187282 -0.00173503 -0.00176347 -0.00173692 -0.00170072 -0.00183468 -0.00175907 -0.00173707 -0.00166351 -0.00182959 -0.00168672 -0.00170078 -0.00172911 -0.0017204 -0.00182663 -0.00181241 -0.00184656 -0.00176166 -0.0018714 -0.0018267 -0.00175813 -0.00181952 -0.00175714 -0.00161045 -0.00175454 -0.00177937 -0.00173732 -0.00179861 -0.0017668 -0.00185351 -0.00173878 -0.00174657 -0.0017382 -0.00183344 -0.00173299 -0.00154646 
-0.00202297 -0.00191261 -0.0020027 -0.00200409 -0.00195389 -0.00208193 -0.00220428 -0.00215147 -0.00212553 -0.00215273 -0.00230653 -0.00235959 -0.00231765 -0.00228222 -0.00208721 -0.00210105 -0.00195727 -0.00177422 -0.00172855 0.00263175 0.00280485 0.00276372 0.00278419 0.00310635 0.146064 0.00308033 0.00266247 0.00256568 0.0024675 0.00241577 -0.00155586 -0.00165898 -0.00173555 -0.00188663 -0.0019276 -0.00204222 -0.0020883 -0.00209961 -0.00208953 -0.0019969 -0.00196004 -0.00191244 -0.00205523 -0.00207754 -0.00214989 -0.00213803 -0.00198742 -0.00194255 -0.00195428 -0.00186396 -0.00194446 -0.00186441 -0.00188746 -0.00184704 -0.00196507 -0.00187818 -0.00196738 -0.00187922 -0.00182082 -0.00191049 -0.00184975 -0.00195197 -0.00185771 -0.00173838 -0.0018907 -0.0019024 -0.001829 -0.00193637 -0.00184129 -0.00199995 -0.00183483 -0.00193728 -0.00184697 -0.00195033 -0.00190774 -0.00176967 -0.00177586 -0.00190695 -0.00195633 -0.00189107 -0.0018765 -0.00195676 -0.00190633 -0.00194035 -0.00187046 -0.00190543 -0.0019316 -0.00182141 -0.00178571 -0.00183327 -0.00193265 -0.0020055 -0.00184034 -0.0020045 -0.00201702 -0.001828 -0.00193336 -0.00198107 -0.001968 -0.00181991 
-0.00186576 -0.00188833 -0.00184328 -0.00190285 -0.00199048 -0.00201161 -0.0021586 -0.00212997 -0.00208722 -0.00206219 -0.00223722 -0.00226515 -0.00212569 -0.00228883 -0.00215589 -0.00216265 -0.00220008 -0.00194096 -0.00196036 -0.00171629 0.0025825 0.00257364 0.00263057 0.00291292 0.00308033 0.144216 0.00291335 0.00269622 0.00250877 0.00242555 0.00233259 -0.00156586 -0.00171638 -0.00167223 -0.00181401 -0.00181727 -0.0020291 -0.00205516 -0.00202866 -0.00200678 -0.00195285 -0.00200865 -0.00207153 -0.00203612 -0.00195724 -0.00199048 -0.00192262 -0.00191021 -0.00188567 -0.00188353 -0.00189067 -0.00191607 -0.00180571 -0.00177583 -0.00190629 -0.00195901 -0.00192416 -0.0018573 -0.00181791 -0.00189007 -0.00190049 -0.00188384 -0.00174628 -0.00182275 -0.00182715 -0.00189908 -0.00185128 -0.0018812 -0.0018995 -0.00194128 -0.00197543 -0.00181355 -0.00194145 -0.00193171 -0.00187918 -0.00181715 -0.00189846 -0.00183428 -0.00184831 -0.00189763 -0.00191826 -0.00185708 -0.00188308 -0.00184322 -0.00173959 -0.00191117 -0.00189823 -0.00182298 -0.00177709 -0.00186991 -0.00188517 -0.0018931 -0.00186534 -0.00187075 -0.0018735 -0.00196133 -0.00188516 -0.00193737 -0.00185672 -0.00177223 
-0.00178491 -0.00178159 -0.00177396 -0.0017996 -0.00183739 -0.00194777 -0.00191124 -0.0019894 -0.00205058 -0.00191041 -0.00213493 -0.00212851 -0.00200585 -0.00217021 -0.00198981 -0.00214436 -0.00215587 -0.00207767 -0.00203556 -0.00197655 -0.00164847 -0.00159717 0.002298 0.00250668 0.00266247 0.00291335 0.139151 0.00284629 0.00258907 0.00279132 0.00240953 0.00244574 -0.00139065 -0.00156457 -0.00150321 -0.00163315 -0.00176805 -0.00195514 -0.00184136 -0.00190098 -0.00178093 -0.00179632 -0.00192169 -0.0018306 -0.00187491 -0.00199819 -0.00176887 -0.00180981 -0.00178342 -0.00175403 -0.00180441 -0.00165025 -0.00173587 -0.00171021 -0.00181243 -0.00172055 -0.00181862 -0.00182821 -0.00174299 -0.00177055 -0.00178098 -0.00180691 -0.00164387 -0.00171922 -0.00179542 -0.00173666 -0.00185864 -0.00184444 -0.00167134 -0.00172707 -0.00177705 -0.00182321 -0.00174634 -0.00183584 -0.0017535 -0.00168705 -0.00176946 -0.00172335 -0.00173593 -0.00172872 -0.00175356 -0.00175669 -0.00176378 -0.00182565 -0.00180841 -0.00176988 -0.00173499 -0.00158726 -0.00179318 -0.00172944 -0.00173219 -0.00172658 -0.00177428 -0.00174286 -0.0017797 -0.00175011 -0.00181383 -0.00176347 -0.0017922 -0.00172887 
-0.00178893 -0.00174771 -0.00174817 -0.00178726 -0.00175528 -0.00187667 -0.0018921 -0.00192418 -0.00194988 -0.00197511 -0.00198285 -0.0020872 -0.00196494 -0.00214857 -0.00212413 -0.00212125 -0.00232684 -0.0022668 -0.00215191 -0.00192113 -0.00175808 -0.00172411 -0.00152647 0.00238584 0.00256568 0.00269622 0.00284629 0.137202 0.00275814 0.00272501 0.00258738 0.0024152 0.00217155 -0.0014232 -0.00146586 -0.00144736 -0.00173886 -0.00179164 -0.00184705 -0.00181599 -0.00167382 -0.00177893 -0.00185053 -0.00191088 -0.00182879 -0.00185639 -0.00170585 -0.00182312 -0.00178732 -0.00177679 -0.00176031 -0.00169409 -0.00167906 -0.00171824 -0.00171853 -0.00170794 -0.00181335 -0.001706 -0.0017038 -0.00169319 -0.0017258 -0.00169176 -0.00156964 -0.001759 -0.0017969 -0.00176865 -0.00175093 -0.00170736 -0.00169128 -0.00173649 -0.00173758 -0.00174159 -0.00174061 -0.0017596 -0.00165071 -0.00167362 -0.00168239 -0.00181753 -0.00167254 -0.00181745 -0.00176237 -0.00167981 -0.00176174 -0.00174609 -0.00176376 -0.00174937 -0.0017616 -0.00167523 -0.00168689 -0.00184763 -0.00172676 -0.00170174 -0.00175705 -0.00168208 -0.0016816 -0.00171171 -0.00172621 -0.001806 -0.00171046 -0.00165682 
-0.00166517 -0.00174096 -0.00171872 -0.00177076 -0.00181926 -0.00185885 -0.00190273 -0.00186729 -0.00209061 -0.00193629 -0.00197813 -0.00204432 -0.00188648 -0.00199822 -0.00198828 -0.00211222 -0.00219208 -0.00211153 -0.00205518 -0.001974 -0.00194759 -0.00182099 -0.0017307 -0.00152809 0.0024675 0.00250877 0.00258907 0.00275814 0.13555 0.00280125 0.00269537 0.00241216 0.00241623 0.00231434 -0.00129338 -0.00126582 -0.00151487 -0.00160332 -0.00160413 -0.00179064 -0.00179918 -0.00176614 -0.00183833 -0.00180205 -0.00189075 -0.00184224 -0.00177963 -0.00181033 -0.00179951 -0.00180145 -0.00179614 -0.0017773 -0.00173214 -0.00175952 -0.00168409 -0.00167638 -0.00173736 -0.00171284 -0.00169954 -0.00170222 -0.00168848 -0.00168357 -0.00167867 -0.00162324 -0.00163016 -0.00171577 -0.00161211 -0.00174759 -0.00167157 -0.00179266 -0.00184961 -0.00170701 -0.00170929 -0.00168679 -0.00165855 -0.00165811 -0.00159611 -0.00165553 -0.00168568 -0.00171146 -0.00163986 -0.00175107 -0.00176187 -0.00184272 -0.00165324 -0.00175103 -0.00169866 -0.00161813 -0.00167336 -0.00176799 -0.00162102 -0.00180431 -0.00174548 -0.00177084 -0.00175822 -0.00172517 -0.00176771 -0.00180966 -0.00172776 -0.00164484 
-0.0017171 -0.00168284 -0.00173343 -0.00174612 -0.00179345 -0.00188341 -0.0018454 -0.00177569 -0.00190485 -0.00193079 -0.00197991 -0.00198138 -0.0019536 -0.00201049 -0.00200938 -0.00205243 -0.00220535 -0.00216205 -0.00216801 -0.00206281 -0.00176618 -0.00196554 -0.00170384 -0.00149236 0.00241577 0.00242555 0.00279132 0.00272501 0.00280125 0.134246 0.00263581 0.00252427 0.00223879 0.00215883 -0.0014621 -0.0013806 -0.00151827 -0.00155916 -0.00163777 -0.00186917 -0.00173696 -0.00177647 -0.00182552 -0.00173508 -0.00182939 -0.00184189 -0.00168995 -0.00173007 -0.00170524 -0.00175052 -0.0016908 -0.0016633 -0.00169428 -0.00168257 -0.00171576 -0.00169564 -0.00174087 -0.00169646 -0.00162969 -0.00181101 -0.00164855 -0.00171343 -0.00156859 -0.00166417 -0.00170423 -0.00177943 -0.00173363 -0.00174458 -0.00169348 -0.00173566 -0.00164906 -0.0016997 -0.00164807 -0.00168013 -0.00165216 -0.00161815 -0.00157059 -0.00176627 -0.00171579 -0.00169343 -0.00167365 -0.00167712 -0.00172403 -0.00165892 -0.00170392 -0.00158954 -0.0017089 -0.00156598 -0.00158658 -0.00169074 -0.00173491 -0.0017179 -0.00163573 -0.00181547 -0.00171287 -0.00168563 -0.00174004 -0.00170148 -0.00171787 -0.00164771 
-0.00173306 -0.001713 -0.00178223 -0.00179294 -0.00181453 -0.00191969 -0.0018433 -0.00193643 -0.00202917 -0.00200324 -0.00210981 -0.00208275 -0.00199229 -0.00211316 -0.00203879 -0.00214758 -0.00233848 -0.00217082 -0.00217739 -0.00224498 -0.002021 -0.00195161 -0.00192465 -0.00155253 -0.00155586 0.00233259 0.00240953 0.00258738 0.00269537 0.00263581 0.134566 0.00274447 0.00264427 0.00247164 0.00208535 0.00219125 -0.0013815 -0.0013944 -0.00162872 -0.00159572 -0.00174515 -0.00171079 -0.00186329 -0.0018098 -0.00181766 -0.00191066 -0.00177022 -0.00178308 -0.0017409 -0.0017291 -0.00167797 -0.00179499 -0.0017589 -0.00183242 -0.0017888 -0.00174347 -0.00173771 -0.00174796 -0.00175826 -0.00171889 -0.00172009 -0.00169418 -0.00154466 -0.00165995 -0.00172392 -0.00174296 -0.00167205 -0.00165606 -0.00178063 -0.00176779 -0.00174401 -0.00175235 -0.00182367 -0.00178604 -0.00174968 -0.00169252 -0.00165331 -0.00171075 -0.00171863 -0.00174222 -0.00167425 -0.00175653 -0.00174252 -0.00173753 -0.00174754 -0.00172043 -0.00176582 -0.00164706 -0.001648 -0.00176477 -0.00172287 -0.00169696 -0.00174589 -0.00182753 -0.00180269 -0.00173783 -0.00162347 -0.00168579 -0.00182825 -0.00172294 
-0.00175955 -0.00178358 -0.00175862 -0.00178813 -0.00184732 -0.00191591 -0.00189538 -0.00200396 -0.0019885 -0.0019502 -0.00198458 -0.00207194 -0.00202682 -0.00220816 -0.0019646 -0.0020439 -0.00219093 -0.00221512 -0.00216627 -0.00216393 -0.00213497 -0.00217621 -0.00198888 -0.00176188 -0.00165898 -0.00156586 0.00244574 0.0024152 0.00241216 0.00252427 0.00274447 0.133107 0.00261571 0.00253456 0.00225346 0.0021936 0.00210301 -0.00129063 -0.00142582 -0.00149878 -0.00164539 -0.00167083 -0.00185473 -0.00182621 -0.00178935 -0.00180149 -0.00174211 -0.00178387 -0.00173717 -0.00170118 -0.00176162 -0.00171205 -0.00168026 -0.00173936 -0.00173287 -0.00170594 -0.00169924 -0.00173211 -0.00176312 -0.00167542 -0.00163049 -0.00171166 -0.00164009 -0.00171217 -0.00166584 -0.00165006 -0.00164448 -0.00174681 -0.00174858 -0.00173485 -0.00178652 -0.00172114 -0.00170944 -0.00171373 -0.00167525 -0.00157258 -0.0016014 -0.0016869 -0.0016026 -0.00163494 -0.00164828 -0.00166207 -0.00170812 -0.00172527 -0.0016648 -0.00170995 -0.00175664 -0.00161997 -0.00166739 -0.0018348 -0.0016709 -0.00162059 -0.00168025 -0.00179278 -0.00166299 -0.00164933 -0.00175366 -0.00162808 -0.00171587 -0.00160411 
-0.00172039 -0.00168421 -0.00166634 -0.00165723 -0.00176258 -0.00187026 -0.00182426 -0.00195753 -0.00182843 -0.00181353 -0.00196473 -0.00195126 -0.00196914 -0.00201596 -0.00198051 -0.00208809 -0.00216542 -0.0020873 -0.00212415 -0.00215245 -0.00212232 -0.00209359 -0.00197722 -0.00183434 -0.00173555 -0.00171638 -0.00139065 0.00217155 0.00241623 0.00223879 0.00264427 0.00261571 0.131549 0.00257709 0.00241365 0.00242556 0.00212113 0.00203782 -0.00115227 -0.00142696 -0.00151006 -0.0016295 -0.00169968 -0.00178118 -0.00179173 -0.00174217 -0.00171377 -0.0016846 -0.00170022 -0.00173933 -0.00176305 -0.00167675 -0.00172009 -0.00171194 -0.00173978 -0.0017386 -0.00170156 -0.00168622 -0.00169531 -0.00169434 -0.00176716 -0.00166147 -0.00168887 -0.00160449 -0.00169153 -0.0017433 -0.00171296 -0.00172535 -0.00168922 -0.00172673 -0.00169979 -0.00171877 -0.00168222 -0.00171046 -0.00163873 -0.00164092 -0.00166971 -0.00167559 -0.00170447 -0.00168489 -0.00172126 -0.00172561 -0.00173069 -0.00166046 -0.00167938 -0.00174133 -0.00159209 -0.00167017 -0.00165178 -0.00167969 -0.00169254 -0.00176599 -0.00167422 -0.00165356 -0.0016245 -0.00171804 -0.00161282 -0.00165014 -0.00169458 -0.00158251 
