0.122973 0.00224745 0.00215927 0.00206988 0.00205082 0.00201179 -0.00120461 -0.00125628 -0.0014189 -0.00144672 -0.00168766 -0.0018221 -0.00177715 -0.0018307 -0.00177455 -0.00185958 -0.00195966 -0.00198191 -0.00184826 -0.00205214 -0.00186432 -0.00190781 -0.00188221 -0.00174299 -0.00189962 -0.00190644 -0.00177417 -0.00170882 -0.00173719 -0.00167974 -0.00182291 -0.00175481 -0.00161268 -0.00172387 -0.00162447 -0.00158957 -0.00162925 -0.00161846 -0.00164677 -0.00151783 -0.00155487 -0.00142517 -0.00156586 -0.00166926 -0.00167576 -0.00155054 -0.00150679 -0.00144309 -0.00146411 -0.00153338 -0.00152006 -0.00147199 -0.0014823 -0.00143942 -0.00148901 -0.00151123 -0.00150347 -0.0014745 -0.00146737 -0.00147034 -0.00150738 -0.00146258 -0.00147943 -0.00148501 -0.00149547 -0.0015058 -0.00155254 -0.00149581 -0.00151615 -0.00151685 -0.00158136 -0.00152819 -0.00153961 -0.00154912 -0.0014536 -0.0014938 -0.00129345 -0.00149554 -0.00156189 -0.00143985 -0.00145847 -0.00149694 -0.00167398 -0.00158693 -0.00149336 -0.00153558 -0.0015433 -0.00144773 -0.00151189 -0.00149402 -0.0014387 -0.00138256 -0.00126833 -0.00122067 -0.00121904 -0.00115315 0.00187285 0.00207664 0.00202571 0.00217321 
0.00224745 0.123274 0.00232479 0.00211171 0.00211932 0.00211109 0.00198919 -0.00120799 -0.00134366 -0.00122818 -0.00159642 -0.00165993 -0.00169084 -0.00175743 -0.00182591 -0.0018061 -0.00197678 -0.00193304 -0.00189997 -0.00204456 -0.00191701 -0.00202906 -0.00195692 -0.00178491 -0.00195402 -0.00182648 -0.00178041 -0.00170366 -0.00173298 -0.00165452 -0.00180633 -0.00170338 -0.00163722 -0.00168117 -0.00156403 -0.00150054 -0.00168748 -0.00162444 -0.00154134 -0.0015876 -0.0015961 -0.00160961 -0.00156428 -0.00154078 -0.00170507 -0.00156657 -0.00151585 -0.00149673 -0.0014877 -0.00164698 -0.00156295 -0.00159454 -0.00145229 -0.00148155 -0.00160823 -0.00156727 -0.001522 -0.00148432 -0.00146271 -0.0015458 -0.00153425 -0.00149452 -0.00139608 -0.00142775 -0.00152991 -0.00149283 -0.00154355 -0.00159528 -0.00151389 -0.00152719 -0.0015178 -0.00155779 -0.00153841 -0.00152561 -0.00143427 -0.0014131 -0.00142997 -0.00146723 -0.00149236 -0.00151675 -0.00152095 -0.00152897 -0.00151391 -0.00152385 -0.00151696 -0.00149173 -0.00147696 -0.00142719 -0.00141734 -0.00155915 -0.00148362 -0.00157242 -0.00142525 -0.00138893 -0.00133841 -0.00130409 -0.00116774 0.00190761 0.00203937 0.00213734 
0.00215927 0.00232479 0.123665 0.00220659 0.00221315 0.00220369 0.00208882 0.00199185 -0.00117081 -0.00125953 -0.00149045 -0.00157083 -0.00161567 -0.00186923 -0.00179202 -0.00186763 -0.00195909 -0.00187261 -0.00200189 -0.0020036 -0.00193706 -0.00190464 -0.0018289 -0.00178841 -0.00188 -0.00201993 -0.00172118 -0.00189738 -0.0017371 -0.00171817 -0.00190343 -0.00171962 -0.00174199 -0.00171403 -0.00164601 -0.00161019 -0.00175888 -0.00163756 -0.00169697 -0.00163579 -0.00154795 -0.00158741 -0.00162999 -0.00147741 -0.00168933 -0.00157045 -0.00154344 -0.00150129 -0.00149861 -0.00158706 -0.00149536 -0.00151657 -0.00146787 -0.00151247 -0.00155292 -0.00148427 -0.00152046 -0.00153067 -0.00149127 -0.00151736 -0.00155131 -0.00156522 -0.00137579 -0.00143631 -0.00147197 -0.00142069 -0.00144729 -0.00157203 -0.0014723 -0.00151712 -0.00146187 -0.00160525 -0.00150907 -0.00152895 -0.00144096 -0.00147673 -0.00142558 -0.00162285 -0.00141209 -0.00155755 -0.00151294 -0.00151594 -0.00147276 -0.00149557 -0.00152821 -0.00143127 -0.00146627 -0.00142441 -0.00148928 -0.00156807 -0.00147405 -0.00147049 -0.00153267 -0.00144134 -0.00133894 -0.00140362 -0.00126331 -0.00124266 0.00185087 0.00193191 
0.00206988 0.00211171 0.00220659 0.124318 0.00227042 0.00235612 0.00232155 0.0020389 0.00204585 -0.00113336 -0.00138967 -0.00147024 -0.00148657 -0.00180688 -0.00170337 -0.00180053 -0.00201202 -0.001874 -0.00189861 -0.00207224 -0.00191293 -0.00195414 -0.00194471 -0.00181947 -0.00186601 -0.00194158 -0.00184837 -0.00174644 -0.00178686 -0.00167182 -0.0017557 -0.00175348 -0.00175035 -0.00174938 -0.00160296 -0.00155916 -0.0016855 -0.00166469 -0.00168327 -0.00163574 -0.00151178 -0.00158004 -0.00162017 -0.00161943 -0.00158119 -0.00169735 -0.00150426 -0.00140275 -0.00158033 -0.00154917 -0.00147926 -0.00162056 -0.00148105 -0.0015843 -0.00149411 -0.00143722 -0.00158136 -0.00143898 -0.00156967 -0.00159019 -0.00158124 -0.00158293 -0.00143113 -0.00149572 -0.0015867 -0.00155916 -0.00153606 -0.00163523 -0.00153765 -0.00146791 -0.00158763 -0.00155934 -0.0015041 -0.00152565 -0.00145316 -0.00144488 -0.00150929 -0.00152272 -0.00160507 -0.00154337 -0.00149815 -0.00160984 -0.00151019 -0.00158071 -0.00156905 -0.00158021 -0.00156556 -0.00146538 -0.00152723 -0.00151689 -0.00150215 -0.00147748 -0.00149708 -0.00154333 -0.00149991 -0.00133604 -0.00138289 -0.0012379 -0.00114652 0.00187914 
0.00205082 0.00211932 0.00221315 0.00227042 0.125135 0.00233455 0.00238051 0.00230535 0.00224976 0.00210193 -0.00125314 -0.00139301 -0.00145853 -0.00163854 -0.00183832 -0.00194269 -0.0020469 -0.00187478 -0.00192784 -0.00209242 -0.00198913 -0.00207973 -0.00195515 -0.00178665 -0.00189676 -0.00200408 -0.00183528 -0.00183156 -0.00181987 -0.00181943 -0.00185665 -0.00173439 -0.00164454 -0.00176519 -0.00173405 -0.00160678 -0.00170002 -0.00172663 -0.00169687 -0.00167983 -0.00156275 -0.00154177 -0.00167144 -0.00169513 -0.00156563 -0.00171824 -0.00159855 -0.00153593 -0.00148786 -0.0016061 -0.00146372 -0.00150834 -0.0015707 -0.00160528 -0.00158253 -0.00160528 -0.00163905 -0.00161744 -0.00149119 -0.00156183 -0.00152698 -0.00157748 -0.00154472 -0.00147923 -0.00148545 -0.00156273 -0.00153596 -0.00150203 -0.0015492 -0.00155542 -0.00160581 -0.00147583 -0.00149518 -0.00149814 -0.00146673 -0.00150474 -0.00144077 -0.00155972 -0.00151708 -0.00153531 -0.00145749 -0.00160607 -0.0015788 -0.00146701 -0.00160168 -0.00160509 -0.00153632 -0.00147442 -0.00147928 -0.00159034 -0.00150094 -0.00152889 -0.00151411 -0.00150843 -0.00151799 -0.00153628 -0.00131025 -0.00135551 -0.00124342 -0.00107225 
0.00201179 0.00211109 0.00220369 0.00235612 0.00233455 0.128421 0.00250221 0.00238631 0.0022733 0.00212665 0.00215325 -0.00139043 -0.00138845 -0.00150528 -0.00175554 -0.00178799 -0.00206979 -0.00194112 -0.00192549 -0.00212745 -0.0020271 -0.00195469 -0.00201361 -0.00186189 -0.00209787 -0.00204035 -0.0019653 -0.00191069 -0.00197065 -0.00191364 -0.00194498 -0.00186464 -0.00185081 -0.00187325 -0.00178105 -0.00168654 -0.00178735 -0.00176481 -0.00176467 -0.00172067 -0.00166416 -0.00164355 -0.00171869 -0.00174881 -0.00173103 -0.00169049 -0.00169158 -0.00167998 -0.00164993 -0.00172784 -0.0017019 -0.00157776 -0.00155642 -0.00165966 -0.00162164 -0.00165246 -0.0016348 -0.00163343 -0.00158993 -0.0016348 -0.00159708 -0.00169555 -0.00160795 -0.00152335 -0.00155568 -0.00165269 -0.0016608 -0.00170793 -0.00165441 -0.00164951 -0.00167713 -0.00166131 -0.00167014 -0.00168572 -0.00142436 -0.00152132 -0.00158717 -0.00167272 -0.00160052 -0.00169943 -0.00157038 -0.0016199 -0.0016605 -0.00167338 -0.00161348 -0.0017102 -0.00153254 -0.00156608 -0.00161835 -0.0016757 -0.00155006 -0.00167566 -0.00167366 -0.00153385 -0.00166171 -0.00157314 -0.00157767 -0.00150298 -0.00131723 -0.00117336 
-0.00120461 0.00198919 0.00208882 0.00232155 0.00238051 0.00250221 0.129336 0.00256614 0.00250241 0.00230482 0.00228598 0.00223094 -0.00127437 -0.00151677 -0.00178955 -0.00177496 -0.00200827 -0.00192279 -0.00204278 -0.00210774 -0.00206823 -0.00207655 -0.00204522 -0.00193332 -0.00206009 -0.00203251 -0.00201142 -0.00193819 -0.00186293 -0.00186701 -0.0018749 -0.00190025 -0.00180236 -0.00194655 -0.00181415 -0.0017856 -0.0017613 -0.00195336 -0.00174578 -0.00177604 -0.00168829 -0.00170357 -0.00166352 -0.00181388 -0.00180204 -0.00181087 -0.00166997 -0.00167499 -0.0017169 -0.00163979 -0.0016635 -0.00165866 -0.0016715 -0.00166361 -0.00167187 -0.00165608 -0.00162746 -0.00161999 -0.00157551 -0.0017083 -0.00163936 -0.00167295 -0.00157285 -0.00159341 -0.00159602 -0.00161677 -0.00166021 -0.00162059 -0.00158753 -0.00166421 -0.00164097 -0.00164206 -0.00169266 -0.00169011 -0.00158439 -0.00159209 -0.00156813 -0.00168277 -0.00173035 -0.00168957 -0.0016711 -0.00170407 -0.00162065 -0.00163409 -0.00167137 -0.0017053 -0.00163973 -0.00163955 -0.00153959 -0.00161208 -0.00160337 -0.0016303 -0.0016496 -0.00163855 -0.00170513 -0.00163487 -0.0015626 -0.00153362 -0.00135186 -0.00142585 
-0.00125628 -0.00120799 0.00199185 0.0020389 0.00230535 0.00238631 0.00256614 0.130441 0.0026422 0.00247829 0.00240169 0.00230926 0.00221586 -0.00143801 -0.00158661 -0.00160311 -0.00176532 -0.00196388 -0.00207697 -0.0021923 -0.00209811 -0.00215649 -0.00214511 -0.00199004 -0.00211066 -0.00205514 -0.00201915 -0.00190642 -0.00194226 -0.00183974 -0.00190596 -0.00189852 -0.00194783 -0.00188889 -0.00175807 -0.00178884 -0.00180332 -0.00172992 -0.00174956 -0.0017882 -0.00173843 -0.00162661 -0.00171602 -0.00177515 -0.00181741 -0.00176379 -0.00163348 -0.00168029 -0.00168075 -0.0015506 -0.00172656 -0.00169462 -0.0016519 -0.00172822 -0.00157407 -0.00170503 -0.00159823 -0.00167163 -0.00173339 -0.00168661 -0.00175385 -0.00164543 -0.00159798 -0.00163958 -0.00164511 -0.00167857 -0.00172953 -0.00168819 -0.00166776 -0.0016068 -0.00178217 -0.00169373 -0.00165578 -0.00160539 -0.00164874 -0.00161497 -0.00159856 -0.00170844 -0.00177738 -0.00166274 -0.00165596 -0.00168428 -0.00165687 -0.00169536 -0.00175162 -0.00163151 -0.00159777 -0.00159439 -0.0015396 -0.00162196 -0.0016748 -0.00173514 -0.00164502 -0.00175318 -0.00172345 -0.00171338 -0.0016224 -0.00164917 -0.00159484 -0.00147036 
-0.0014189 -0.00134366 -0.00117081 0.00204585 0.00224976 0.0022733 0.00250241 0.0026422 0.131679 0.00254321 0.002417 0.00249928 0.00233297 0.00227611 -0.00156024 -0.00148374 -0.00174206 -0.00200899 -0.00194443 -0.00210465 -0.00215791 -0.00210991 -0.00213784 -0.00205956 -0.00221061 -0.00221186 -0.00196429 -0.00194907 -0.00188261 -0.00194935 -0.00194115 -0.00196944 -0.00185533 -0.00191556 -0.00181821 -0.00165358 -0.00181448 -0.00189804 -0.00188149 -0.00185168 -0.00168672 -0.00180323 -0.00180369 -0.00182584 -0.00176015 -0.00182399 -0.00168328 -0.00172925 -0.00177687 -0.00162318 -0.0016847 -0.00169331 -0.00163517 -0.00169452 -0.00164865 -0.00175913 -0.001688 -0.00171354 -0.0016046 -0.00164847 -0.00171654 -0.00174025 -0.00165356 -0.00165521 -0.00172976 -0.00172176 -0.00172482 -0.00174606 -0.00170414 -0.00169283 -0.00169699 -0.00166136 -0.00163273 -0.00162275 -0.00158738 -0.00158935 -0.00170969 -0.00171727 -0.00165827 -0.00173559 -0.00172653 -0.0016772 -0.00166336 -0.00167175 -0.00171429 -0.00167715 -0.0017082 -0.00165553 -0.00162116 -0.0017111 -0.00163933 -0.00171611 -0.00169311 -0.00168203 -0.00171305 -0.00175396 -0.00160924 -0.00164417 -0.00166729 -0.00152459 
-0.00144672 -0.00122818 -0.00125953 -0.00113336 0.00210193 0.00212665 0.00230482 0.00247829 0.00254321 0.130015 0.00262942 0.00243082 0.00241462 0.0023109 -0.00134923 -0.00143168 -0.00171695 -0.00183485 -0.00188444 -0.00210325 -0.00191961 -0.00203018 -0.00208816 -0.00197003 -0.00212995 -0.00208762 -0.00191472 -0.00194987 -0.00186541 -0.00187629 -0.00188803 -0.00190596 -0.00181016 -0.00179241 -0.00174519 -0.00173464 -0.00182242 -0.00179261 -0.00175991 -0.00183295 -0.00160427 -0.00174312 -0.00180348 -0.00179596 -0.00172388 -0.00173479 -0.001554 -0.00171691 -0.00169656 -0.00167176 -0.00163164 -0.00164069 -0.00174034 -0.00163155 -0.00165685 -0.00161484 -0.00172877 -0.0015312 -0.00165438 -0.00160441 -0.00156056 -0.00166203 -0.00157057 -0.00158416 -0.00163741 -0.00160628 -0.00159124 -0.00168598 -0.00158604 -0.00159319 -0.00165979 -0.00165415 -0.00165057 -0.00166499 -0.00153719 -0.00161486 -0.00153817 -0.00165719 -0.00160963 -0.00154751 -0.00167402 -0.00162438 -0.0016824 -0.00162535 -0.00169079 -0.00166926 -0.00166648 -0.00151644 -0.00163708 -0.00166892 -0.00153076 -0.00161286 -0.00161678 -0.00164283 -0.00158652 -0.00157011 -0.00165822 -0.00155789 -0.00160631 -0.00152267 
-0.00168766 -0.00159642 -0.00149045 -0.00138967 -0.00125314 0.00215325 0.00228598 0.00240169 0.002417 0.00262942 0.134679 0.00271538 0.00260275 0.00259744 0.00236513 0.00233158 -0.00151686 -0.0017316 -0.0018248 -0.00193197 -0.00215467 -0.00212408 -0.00224177 -0.00208492 -0.00224402 -0.00228387 -0.00204063 -0.00198279 -0.0019845 -0.00205661 -0.00207913 -0.00193856 -0.00200963 -0.00197085 -0.00178769 -0.00178472 -0.00191173 -0.00190466 -0.00180748 -0.00180179 -0.00187915 -0.00177351 -0.00180012 -0.00178865 -0.00190809 -0.00183418 -0.00171085 -0.00177763 -0.00179846 -0.00177155 -0.00177548 -0.00173092 -0.00179608 -0.00172999 -0.00179841 -0.00175964 -0.00177615 -0.00177441 -0.00174201 -0.0017041 -0.00172357 -0.00182969 -0.00163093 -0.00170447 -0.00172601 -0.00170671 -0.00167522 -0.00171703 -0.00163351 -0.00171276 -0.0017616 -0.00177363 -0.00169552 -0.00178868 -0.00165779 -0.00174277 -0.00171238 -0.00187243 -0.00171166 -0.00179503 -0.00173217 -0.0018097 -0.00170989 -0.00171488 -0.00171405 -0.00170316 -0.00169285 -0.00166229 -0.00154331 -0.00165682 -0.00170609 -0.00177981 -0.0017008 -0.00175001 -0.00181896 -0.00174652 -0.00182002 -0.00172996 -0.00173219 -0.00163751 
-0.0018221 -0.00165993 -0.00157083 -0.00147024 -0.00139301 -0.00139043 0.00223094 0.00230926 0.00249928 0.00243082 0.00271538 0.136987 0.00272238 0.00256785 0.00251571 0.00257976 0.00250821 -0.00173167 -0.00163655 -0.0018725 -0.00206984 -0.00213877 -0.0021115 -0.00214031 -0.00230972 -0.00222023 -0.0020639 -0.00214776 -0.00198981 -0.00207813 -0.00201231 -0.00205745 -0.00204194 -0.00189737 -0.00192433 -0.00183818 -0.00205387 -0.00195508 -0.00184674 -0.00198919 -0.00191631 -0.00185841 -0.00191005 -0.0018943 -0.00186377 -0.0018633 -0.00171224 -0.00187312 -0.00178652 -0.00185506 -0.00173215 -0.00168815 -0.00173194 -0.00185745 -0.00178634 -0.0018074 -0.00182182 -0.00177678 -0.00183546 -0.00175169 -0.00176178 -0.00171995 -0.00175756 -0.00171416 -0.00183202 -0.00172491 -0.00162643 -0.00171697 -0.00182629 -0.00168241 -0.00184771 -0.00166293 -0.00189198 -0.00175423 -0.00172089 -0.00168551 -0.00174139 -0.00184501 -0.00174175 -0.00170582 -0.00174287 -0.00176117 -0.00182332 -0.0016973 -0.00175851 -0.00174512 -0.00182089 -0.00166677 -0.00168642 -0.00181502 -0.00175231 -0.00184071 -0.00175985 -0.00174336 -0.00180566 -0.00179521 -0.00176901 -0.0017966 -0.00177815 -0.00179311 
-0.00177715 -0.00169084 -0.00161567 -0.00148657 -0.00145853 -0.00138845 -0.00127437 0.00221586 0.00233297 0.00241462 0.00260275 0.00272238 0.135253 0.00274714 0.00244056 0.00254506 0.0024439 -0.00145306 -0.0016237 -0.00185426 -0.0020567 -0.0020617 -0.00209025 -0.00206275 -0.00216138 -0.00225081 -0.00205871 -0.00207171 -0.00199486 -0.00201029 -0.00196657 -0.00193611 -0.00189114 -0.00183315 -0.00178854 -0.00174223 -0.0018973 -0.00178043 -0.00189199 -0.00186951 -0.00182305 -0.00173839 -0.00185916 -0.00179334 -0.00169782 -0.00188545 -0.00173122 -0.00158249 -0.00170792 -0.00170722 -0.00176502 -0.00170357 -0.00176841 -0.00169805 -0.00172471 -0.00167982 -0.00166764 -0.00168175 -0.00164337 -0.00176756 -0.00178611 -0.00167692 -0.00167998 -0.00163588 -0.00172909 -0.00162572 -0.00167447 -0.00171092 -0.0017278 -0.00177767 -0.0017678 -0.00171136 -0.00163062 -0.00175476 -0.00170339 -0.00174927 -0.00167208 -0.00165468 -0.00166797 -0.00169321 -0.00176481 -0.0016501 -0.00174598 -0.00174345 -0.00170081 -0.00169842 -0.00175626 -0.00164712 -0.00165811 -0.00165585 -0.00171186 -0.00173545 -0.00170668 -0.00171709 -0.00166532 -0.00172081 -0.00167495 -0.00169994 -0.00172091 -0.00165002 
-0.0018307 -0.00175743 -0.00186923 -0.00180688 -0.00163854 -0.00150528 -0.00151677 -0.00143801 0.00227611 0.0023109 0.00259744 0.00256785 0.00274714 0.140441 0.00276188 0.00281979 0.00279253 0.00246838 0.00248388 -0.00179042 -0.00187507 -0.00185352 -0.00197848 -0.00209184 -0.00232994 -0.00235093 -0.00214321 -0.00211656 -0.00215206 -0.00209902 -0.00220699 -0.00211521 -0.00200222 -0.00208752 -0.00184413 -0.00187913 -0.00200475 -0.00198415 -0.00201699 -0.00200259 -0.00187552 -0.00187104 -0.00194567 -0.00194304 -0.00198098 -0.00197068 -0.00185428 -0.00187637 -0.00186358 -0.00176573 -0.00177888 -0.00183969 -0.00178892 -0.00182818 -0.00184111 -0.0017826 -0.00188618 -0.00184609 -0.00185523 -0.00182632 -0.00185684 -0.00181064 -0.00173726 -0.00179998 -0.00185943 -0.00179395 -0.00177731 -0.00186338 -0.00188744 -0.00182702 -0.00184199 -0.00186483 -0.00179239 -0.00185961 -0.00167527 -0.00173482 -0.00171673 -0.00183336 -0.00190174 -0.00186471 -0.00188637 -0.00191236 -0.00177706 -0.0018515 -0.00170681 -0.00186966 -0.00180226 -0.00174202 -0.00175033 -0.00180387 -0.00187648 -0.00190051 -0.00183172 -0.00178044 -0.00180287 -0.00190645 -0.001803 -0.00182834 -0.00192233 -0.00170593 
-0.00177455 -0.00182591 -0.00179202 -0.00170337 -0.00183832 -0.00175554 -0.00178955 -0.00158661 -0.00156024 -0.00134923 0.00236513 0.00251571 0.00244056 0.00276188 0.139648 0.00301711 0.00293321 0.00255988 0.00277698 0.00264174 -0.00164936 -0.00166896 -0.0017419 -0.00192859 -0.00210305 -0.00228305 -0.00219374 -0.00215124 -0.00213434 -0.00205084 -0.00209326 -0.00199652 -0.00203374 -0.00189049 -0.00185358 -0.00191991 -0.00189559 -0.0018979 -0.00188741 -0.00196359 -0.00186567 -0.0018447 -0.00179387 -0.00192815 -0.00191241 -0.00194872 -0.00170667 -0.00184828 -0.001739 -0.00176564 -0.00178106 -0.00186826 -0.00180736 -0.00176073 -0.00184525 -0.00183549 -0.00176574 -0.00179682 -0.00182236 -0.00177484 -0.00175294 -0.00174146 -0.00175091 -0.00166672 -0.00181472 -0.00178336 -0.00184234 -0.00169928 -0.00183562 -0.00173737 -0.00182729 -0.00183965 -0.00181225 -0.00178825 -0.00171608 -0.00166601 -0.00171604 -0.00182583 -0.00165019 -0.00174936 -0.0018104 -0.00186153 -0.00178915 -0.00179185 -0.00180075 -0.00180327 -0.00175424 -0.0017274 -0.00168959 -0.00180646 -0.00173895 -0.00179701 -0.00173244 -0.00183001 -0.00180946 -0.00179223 -0.00179902 -0.00181552 -0.00185934 -0.00171204 
-0.00185958 -0.0018061 -0.00186763 -0.00180053 -0.00194269 -0.00178799 -0.00177496 -0.00160311 -0.00148374 -0.00143168 0.00233158 0.00257976 0.00254506 0.00281979 0.00301711 0.141182 0.00299417 0.00275417 0.00293022 0.00263107 -0.00168506 -0.00167602 -0.00170693 -0.00198105 -0.00209261 -0.00229827 -0.0021291 -0.00208438 -0.00208946 -0.00209722 -0.00217704 -0.00211656 -0.00198784 -0.00205664 -0.00193989 -0.00198233 -0.00196678 -0.00189646 -0.0019321 -0.00196675 -0.00186267 -0.00190466 -0.00188488 -0.00187676 -0.00193351 -0.00188091 -0.00184985 -0.00174201 -0.00177296 -0.00184594 -0.00192633 -0.00173726 -0.00178383 -0.00180816 -0.00178093 -0.00188547 -0.00177731 -0.0018516 -0.00183051 -0.00182255 -0.00172269 -0.00182187 -0.00165271 -0.00170962 -0.00178027 -0.00178059 -0.00182181 -0.00179169 -0.00189828 -0.00178421 -0.00179103 -0.00172843 -0.00185696 -0.00190239 -0.00182504 -0.00165551 -0.00178916 -0.00182818 -0.00188916 -0.00182808 -0.00172474 -0.00185104 -0.00198362 -0.001812 -0.00169121 -0.00174404 -0.00170365 -0.00171761 -0.00173862 -0.00177356 -0.00176445 -0.00179458 -0.00180634 -0.00184335 -0.0018104 -0.0018498 -0.00182545 -0.00180532 -0.00188199 -0.00182684 
-0.00195966 -0.00197678 -0.00195909 -0.00201202 -0.0020469 -0.00206979 -0.00200827 -0.00176532 -0.00174206 -0.00171695 -0.00151686 0.00250821 0.0024439 0.00279253 0.00293321 0.00299417 0.146314 0.00305792 0.00309507 0.00274476 0.00261616 0.00266151 -0.00159165 -0.00182159 -0.00205258 -0.00208592 -0.00225424 -0.00226064 -0.00215746 -0.00220412 -0.00225665 -0.00212919 -0.00217958 -0.00221331 -0.0019682 -0.00208912 -0.00210306 -0.00214837 -0.00215326 -0.00203715 -0.0020275 -0.00198433 -0.00208807 -0.00202268 -0.00202355 -0.00205354 -0.00191526 -0.00190592 -0.00195357 -0.00201833 -0.00195482 -0.00194451 -0.00192941 -0.00199102 -0.001984 -0.00193975 -0.00199029 -0.001874 -0.0019429 -0.00195549 -0.00201261 -0.00193625 -0.00187368 -0.00177154 -0.00184828 -0.00193087 -0.00190887 -0.00194269 -0.00201221 -0.00191459 -0.00189593 -0.00181496 -0.00193915 -0.00185724 -0.00177673 -0.00182739 -0.00181362 -0.00183362 -0.00194664 -0.00192705 -0.0019651 -0.00192197 -0.00202071 -0.00195606 -0.00183291 -0.00187718 -0.00193638 -0.00181389 -0.00193002 -0.00197671 -0.00192451 -0.0019892 -0.00187247 -0.00192405 -0.00189361 -0.00192491 -0.00195425 -0.00190334 -0.00194703 -0.00183421 
-0.00198191 -0.00193304 -0.00187261 -0.001874 -0.00187478 -0.00194112 -0.00192279 -0.00196388 -0.00200899 -0.00183485 -0.0017316 -0.00173167 -0.00145306 0.00246838 0.00255988 0.00275417 0.00305792 0.144525 0.00312795 0.00296397 0.00286342 0.00287712 0.00269859 -0.00163159 -0.00175015 -0.00194996 -0.00207037 -0.00208642 -0.00203984 -0.00204759 -0.00223799 -0.00212913 -0.00210897 -0.00202363 -0.00203737 -0.00199144 -0.00200343 -0.00205722 -0.00194225 -0.00207336 -0.00191911 -0.00182239 -0.0019537 -0.00192794 -0.00192516 -0.00199407 -0.00184506 -0.00181915 -0.00189616 -0.00182818 -0.00191039 -0.00191496 -0.00183857 -0.0019136 -0.00195956 -0.00180847 -0.00183391 -0.00191304 -0.00185856 -0.00184435 -0.00191861 -0.00188086 -0.00174864 -0.00181164 -0.00192551 -0.00186101 -0.00184612 -0.00177095 -0.0018675 -0.00192184 -0.00186005 -0.00192488 -0.00192057 -0.00186495 -0.00172114 -0.00169685 -0.0017981 -0.00186791 -0.00187036 -0.00190312 -0.00189609 -0.00194117 -0.00198113 -0.00198883 -0.00181749 -0.0017906 -0.00179962 -0.00178886 -0.00170052 -0.00184875 -0.00183855 -0.00178429 -0.00182145 -0.00181673 -0.00179489 -0.00191123 -0.00187079 -0.00179852 -0.00189774 -0.0017968 
-0.00184826 -0.00189997 -0.00200189 -0.00189861 -0.00192784 -0.00192549 -0.00204278 -0.00207697 -0.00194443 -0.00188444 -0.0018248 -0.00163655 -0.0016237 0.00248388 0.00277698 0.00293022 0.00309507 0.00312795 0.145354 0.0031568 0.00284718 0.00285688 0.00269242 -0.001548 -0.00171005 -0.00182822 -0.00207648 -0.00214944 -0.00212977 -0.00207748 -0.00221397 -0.00219261 -0.0021202 -0.00210509 -0.00197248 -0.00205807 -0.00204292 -0.00192374 -0.00207129 -0.00209611 -0.00189646 -0.00202012 -0.00205325 -0.0020431 -0.00193685 -0.00204746 -0.00189172 -0.00196245 -0.00184943 -0.0018234 -0.00199427 -0.00193235 -0.00187296 -0.0019432 -0.00194634 -0.00186666 -0.00196796 -0.00185212 -0.00192613 -0.00180543 -0.00190913 -0.0018573 -0.00175051 -0.0018647 -0.00186123 -0.00187474 -0.00193125 -0.00192717 -0.00188846 -0.00198279 -0.0018623 -0.00192086 -0.00190766 -0.00176505 -0.00181233 -0.00183915 -0.0017157 -0.00183514 -0.00184495 -0.00187147 -0.00179802 -0.0019379 -0.0018404 -0.00177273 -0.00182278 -0.00179475 -0.00178563 -0.00170995 -0.00170462 -0.00183622 -0.00185076 -0.00186623 -0.00178766 -0.00180337 -0.00184503 -0.0018788 -0.00193929 -0.00188404 -0.00193574 -0.00182249 
-0.00205214 -0.00204456 -0.0020036 -0.00207224 -0.00209242 -0.00212745 -0.00210774 -0.0021923 -0.00210465 -0.00210325 -0.00193197 -0.0018725 -0.00185426 -0.00179042 0.00264174 0.00263107 0.00274476 0.00296397 0.0031568 0.149408 0.00317088 0.00312981 0.00297858 0.00269018 0.002614 -0.00167687 -0.00185907 -0.00187898 -0.00208285 -0.00212326 -0.00229822 -0.00231389 -0.00220423 -0.00212001 -0.00213953 -0.00203955 -0.00210401 -0.00213054 -0.00213432 -0.00206827 -0.00210647 -0.00201237 -0.00210652 -0.0021604 -0.00204355 -0.00210455 -0.00206879 -0.00200806 -0.00192577 -0.00202795 -0.00201938 -0.00198274 -0.00194856 -0.0020046 -0.0019062 -0.00195761 -0.00198059 -0.00197683 -0.00190597 -0.00190116 -0.0020028 -0.00192738 -0.00194367 -0.00197165 -0.00197219 -0.00196982 -0.00199323 -0.00185742 -0.00201584 -0.00210576 -0.00187365 -0.00197454 -0.00196236 -0.00201716 -0.00182072 -0.00185184 -0.00185007 -0.00192821 -0.00197702 -0.00195658 -0.00191793 -0.00195152 -0.0020237 -0.00202529 -0.00192864 -0.00196901 -0.00194974 -0.00189324 -0.00184142 -0.00198714 -0.00199024 -0.00198191 -0.00195903 -0.00199462 -0.00200458 -0.00200749 -0.00207558 -0.00198093 -0.00207926 -0.00192578 
-0.00186432 -0.00191701 -0.00193706 -0.00191293 -0.00198913 -0.0020271 -0.00206823 -0.00209811 -0.00215791 -0.00191961 -0.00215467 -0.00206984 -0.0020567 -0.00187507 -0.00164936 -0.00168506 0.00261616 0.00286342 0.00284718 0.00317088 0.146319 0.003319 0.00302907 0.00286797 0.00294222 0.00258962 -0.00164432 -0.00171762 -0.00188352 -0.00185586 -0.00204024 -0.00216705 -0.00205192 -0.00214359 -0.00197725 -0.00200771 -0.00205064 -0.00198004 -0.00197094 -0.0020532 -0.00198794 -0.00188421 -0.00206458 -0.00205289 -0.00190047 -0.00203634 -0.00184428 -0.0019393 -0.00188089 -0.00193434 -0.00197276 -0.00199141 -0.00185938 -0.0018882 -0.00195617 -0.00184772 -0.00182518 -0.00185722 -0.00189358 -0.00192248 -0.00188339 -0.00190681 -0.00181048 -0.00189338 -0.00189698 -0.00197837 -0.00192218 -0.00182943 -0.00189746 -0.00200921 -0.00192144 -0.00193815 -0.00193009 -0.0019128 -0.00181072 -0.00189622 -0.00187871 -0.00188615 -0.0018283 -0.00191722 -0.00185686 -0.00185454 -0.00195093 -0.00187949 -0.00189404 -0.00177247 -0.00191312 -0.00185147 -0.00183946 -0.00175666 -0.00183962 -0.00183095 -0.00189476 -0.00183246 -0.00184456 -0.00186136 -0.00183678 -0.00190325 -0.00191391 -0.00182489 
-0.00190781 -0.00202906 -0.00190464 -0.00195414 -0.00207973 -0.00195469 -0.00207655 -0.00215649 -0.00210991 -0.00203018 -0.00212408 -0.00213877 -0.0020617 -0.00185352 -0.00166896 -0.00167602 0.00266151 0.00287712 0.00285688 0.00312981 0.003319 0.146275 0.0031551 0.00272617 0.00293247 0.00264409 -0.00170653 -0.00177745 -0.00189042 -0.00188646 -0.00204378 -0.00213169 -0.00204842 -0.00217388 -0.00207247 -0.00202317 -0.00203941 -0.00209629 -0.00208452 -0.00205265 -0.00181585 -0.00193386 -0.00203747 -0.00203165 -0.00197381 -0.00202605 -0.00183568 -0.00197467 -0.0018785 -0.0018275 -0.00195165 -0.0019069 -0.0018836 -0.00187869 -0.00193232 -0.00185874 -0.00182316 -0.00192779 -0.00189544 -0.00186475 -0.00192698 -0.00197407 -0.0018931 -0.00170539 -0.00193521 -0.00183248 -0.00189968 -0.00186047 -0.00191701 -0.001941 -0.00187191 -0.00174859 -0.00184329 -0.00189738 -0.00178182 -0.00176314 -0.00184563 -0.00182629 -0.0018854 -0.00187775 -0.00191409 -0.00183487 -0.00187114 -0.00183552 -0.00188509 -0.00192194 -0.0018152 -0.00175586 -0.00180057 -0.00195417 -0.00187068 -0.00182907 -0.00186884 -0.00200144 -0.00186567 -0.00187915 -0.00187948 -0.00185966 -0.00188531 -0.00181136 
-0.00188221 -0.00195692 -0.0018289 -0.00194471 -0.00195515 -0.00201361 -0.00204522 -0.00214511 -0.00213784 -0.00208816 -0.00224177 -0.0021115 -0.00209025 -0.00197848 -0.0017419 -0.00170693 -0.00159165 0.00269859 0.00269242 0.00297858 0.00302907 0.0031551 0.145607 0.00296986 0.00302328 0.0026963 0.0023112 -0.00172921 -0.00181123 -0.00166203 -0.00191978 -0.00195369 -0.00208425 -0.00205107 -0.00206989 -0.00197104 -0.00208867 -0.00216751 -0.00199479 -0.00191077 -0.00192357 -0.00184944 -0.00196896 -0.00195171 -0.00202159 -0.00199494 -0.00187145 -0.00195286 -0.0019169 -0.00182041 -0.00192354 -0.00179639 -0.00178851 -0.00192836 -0.0019449 -0.00187642 -0.00185043 -0.00180562 -0.00191899 -0.00196773 -0.00190087 -0.00184104 -0.00179514 -0.0017807 -0.00189896 -0.00190715 -0.0017739 -0.00191586 -0.00180242 -0.00193574 -0.0018807 -0.00194621 -0.0018363 -0.00186542 -0.00168812 -0.0018689 -0.00177612 -0.0017803 -0.00185484 -0.00177137 -0.00195959 -0.00185528 -0.00185126 -0.00189881 -0.00189308 -0.00179753 -0.00191422 -0.00179476 -0.00178976 -0.00188129 -0.00182973 -0.00178661 -0.00188169 -0.00189651 -0.00192878 -0.00193158 -0.00191118 -0.0018606 -0.00190831 -0.00182338 
-0.00174299 -0.00178491 -0.00178841 -0.00181947 -0.00178665 -0.00186189 -0.00193332 -0.00199004 -0.00205956 -0.00197003 -0.00208492 -0.00214031 -0.00206275 -0.00209184 -0.00192859 -0.00198105 -0.00182159 -0.00163159 -0.001548 0.00269018 0.00286797 0.00272617 0.00296986 0.141381 0.0030093 0.00281965 0.00255541 0.00249617 -0.00152965 -0.00146502 -0.00166045 -0.00173462 -0.00186377 -0.00193235 -0.00197774 -0.00178628 -0.00183073 -0.00189817 -0.00188018 -0.00190438 -0.00181589 -0.00176545 -0.0019558 -0.00176023 -0.00186805 -0.00195869 -0.00182954 -0.00172036 -0.00189624 -0.00183291 -0.00179245 -0.00176372 -0.00174373 -0.00177721 -0.00176228 -0.00171769 -0.00168489 -0.00172928 -0.00172643 -0.00171906 -0.001819 -0.00176373 -0.00172766 -0.00163985 -0.00183277 -0.00171678 -0.00169264 -0.00183389 -0.00183977 -0.00172976 -0.00168111 -0.00177027 -0.00175672 -0.00174077 -0.00167289 -0.00169916 -0.00173582 -0.00172167 -0.00175329 -0.00177235 -0.00169373 -0.00179185 -0.00184766 -0.00174403 -0.00186456 -0.00183261 -0.00179711 -0.00170508 -0.00160915 -0.00178387 -0.00180174 -0.0017895 -0.00176853 -0.00174269 -0.0017817 -0.00177006 -0.00181791 -0.00170955 -0.00176176 -0.00169187 
-0.00189962 -0.00195402 -0.00188 -0.00186601 -0.00189676 -0.00209787 -0.00206009 -0.00211066 -0.00221061 -0.00212995 -0.00224402 -0.00230972 -0.00216138 -0.00232994 -0.00210305 -0.00209261 -0.00205258 -0.00175015 -0.00171005 0.002614 0.00294222 0.00293247 0.00302328 0.0030093 0.146113 0.00305706 0.00272777 0.00266776 0.00238259 0.00241822 -0.00155393 -0.00175779 -0.00185157 -0.00193762 -0.00196286 -0.00207115 -0.00215622 -0.00213864 -0.0020529 -0.00207852 -0.00197419 -0.00205096 -0.00201465 -0.00206814 -0.00202597 -0.00208147 -0.00186064 -0.001952 -0.00188606 -0.00187499 -0.00189106 -0.00187804 -0.0018872 -0.00192336 -0.00187601 -0.00202622 -0.00192794 -0.00190889 -0.00200576 -0.001925 -0.00188748 -0.00183482 -0.00191722 -0.00174453 -0.00187386 -0.00188074 -0.0018491 -0.00190688 -0.00197628 -0.00188994 -0.00193423 -0.00198749 -0.00190572 -0.0020112 -0.00185744 -0.00177107 -0.00190478 -0.00190724 -0.00192625 -0.00184857 -0.00192991 -0.00205316 -0.00203094 -0.00190225 -0.00186971 -0.00192374 -0.00190249 -0.00188097 -0.00176646 -0.00201501 -0.00200821 -0.0019191 -0.00197227 -0.00192986 -0.00200478 -0.00195111 -0.00185967 -0.00199559 -0.00188445 -0.00181408 
-0.00190644 -0.00182648 -0.00201993 -0.00194158 -0.00200408 -0.00204035 -0.00203251 -0.00205514 -0.00221186 -0.00208762 -0.00228387 -0.00222023 -0.00225081 -0.00235093 -0.00228305 -0.00229827 -0.00208592 -0.00194996 -0.00182822 -0.00167687 0.00258962 0.00264409 0.0026963 0.00281965 0.00305706 0.14438 0.00290482 0.00260511 0.00247231 0.00254677 0.0023268 -0.00154044 -0.00174667 -0.00170967 -0.00182055 -0.0018556 -0.00203948 -0.00213932 -0.00209308 -0.00196178 -0.00200983 -0.00201889 -0.00213215 -0.00197624 -0.00195209 -0.00199918 -0.00194535 -0.0019007 -0.00181529 -0.00185879 -0.00192095 -0.00188601 -0.00179744 -0.00192962 -0.00190261 -0.00191356 -0.00193758 -0.00185276 -0.0019545 -0.00180892 -0.00182004 -0.0018678 -0.00173655 -0.00176301 -0.00185007 -0.00191369 -0.00183867 -0.00184865 -0.00178996 -0.00187579 -0.00191059 -0.00189457 -0.00177951 -0.00188177 -0.00184972 -0.00189641 -0.00172022 -0.00185112 -0.00189114 -0.00182722 -0.00184507 -0.00188573 -0.00185151 -0.00183925 -0.00190549 -0.00184754 -0.00196483 -0.00185588 -0.00168846 -0.00183373 -0.00188683 -0.00195639 -0.0019174 -0.00182785 -0.00190503 -0.0018974 -0.00194025 -0.00185621 -0.00191748 -0.00184001 
-0.00177417 -0.00178041 -0.00172118 -0.00184837 -0.00183528 -0.0019653 -0.00201142 -0.00201915 -0.00196429 -0.00191472 -0.00204063 -0.0020639 -0.00205871 -0.00214321 -0.00219374 -0.0021291 -0.00225424 -0.00207037 -0.00207648 -0.00185907 -0.00164432 -0.00170653 0.0023112 0.00255541 0.00272777 0.00290482 0.139147 0.00272466 0.00273161 0.00261386 0.00253988 0.00230573 -0.00138814 -0.00154708 -0.00169966 -0.00166579 -0.00178519 -0.00181255 -0.00178837 -0.00192502 -0.00182669 -0.0018165 -0.0019251 -0.00176941 -0.00177738 -0.00185932 -0.001801 -0.0016758 -0.00177086 -0.00178029 -0.0017719 -0.0017348 -0.00172102 -0.00175893 -0.00177478 -0.00178379 -0.00166246 -0.00175561 -0.00171479 -0.00177085 -0.00176928 -0.00175406 -0.00168828 -0.00177922 -0.00184871 -0.00169926 -0.00175257 -0.00178903 -0.001811 -0.00171355 -0.00173663 -0.00176725 -0.00180151 -0.00174441 -0.00172589 -0.00166532 -0.00163079 -0.00172444 -0.00176468 -0.00184414 -0.00181223 -0.0017593 -0.00176834 -0.00174852 -0.00181147 -0.00185084 -0.00178608 -0.00162575 -0.00156118 -0.00175758 -0.0017797 -0.00182036 -0.00177416 -0.00185417 -0.00171593 -0.00177749 -0.00180215 -0.00185266 -0.00185065 -0.00170521 
-0.00170882 -0.00170366 -0.00189738 -0.00174644 -0.00183156 -0.00191069 -0.00193819 -0.00190642 -0.00194907 -0.00194987 -0.00198279 -0.00214776 -0.00207171 -0.00211656 -0.00215124 -0.00208438 -0.00226064 -0.00208642 -0.00214944 -0.00187898 -0.00171762 -0.00177745 -0.00172921 0.00249617 0.00266776 0.00260511 0.00272466 0.137049 0.00274947 0.00267571 0.00252823 0.00234467 0.00229967 -0.00131605 -0.00154557 -0.00144735 -0.00155537 -0.0017105 -0.00172267 -0.00175847 -0.00167984 -0.00173495 -0.00188729 -0.00188119 -0.00184498 -0.00180563 -0.00182211 -0.00180729 -0.00192023 -0.00176364 -0.00179445 -0.00177152 -0.00180573 -0.00171331 -0.00173181 -0.00178772 -0.00169677 -0.0016858 -0.00175578 -0.00172087 -0.00175875 -0.00170548 -0.0016062 -0.00165361 -0.00171027 -0.00170258 -0.00171079 -0.00177194 -0.00172845 -0.00167158 -0.00173961 -0.0016948 -0.00171113 -0.00177162 -0.00166951 -0.00168625 -0.00159646 -0.00167875 -0.00175289 -0.00168609 -0.00177509 -0.00173371 -0.00183091 -0.00169783 -0.00168576 -0.0017535 -0.00177807 -0.00163263 -0.00167618 -0.00175455 -0.00178551 -0.00176551 -0.00182814 -0.0016709 -0.00177629 -0.00178402 -0.00174368 -0.00172038 -0.0017013 -0.00167626 
-0.00173719 -0.00173298 -0.0017371 -0.00178686 -0.00181987 -0.00197065 -0.00186293 -0.00194226 -0.00188261 -0.00186541 -0.0019845 -0.00198981 -0.00199486 -0.00215206 -0.00213434 -0.00208946 -0.00215746 -0.00203984 -0.00212977 -0.00208285 -0.00188352 -0.00189042 -0.00181123 -0.00152965 0.00238259 0.00247231 0.00273161 0.00274947 0.135285 0.00281027 0.00266562 0.00252491 0.00237695 0.0021336 -0.00147843 -0.0014253 -0.00151817 -0.00159696 -0.00177024 -0.00179728 -0.00173833 -0.00171968 -0.00178798 -0.0018162 -0.00186082 -0.00182098 -0.00174294 -0.00180304 -0.00178001 -0.00173301 -0.00181182 -0.0016957 -0.00175301 -0.00173838 -0.00169231 -0.00168323 -0.00171945 -0.00165246 -0.0016373 -0.00170013 -0.00163684 -0.00174515 -0.00175319 -0.00161626 -0.00170616 -0.00167658 -0.00176605 -0.00170571 -0.00178852 -0.00169174 -0.00170235 -0.00163005 -0.00173143 -0.00169211 -0.00158956 -0.00164352 -0.0015978 -0.00166557 -0.00167503 -0.00176278 -0.00166645 -0.00169333 -0.00170329 -0.00154499 -0.00173184 -0.00164306 -0.00169393 -0.00155042 -0.00157879 -0.00169188 -0.00175039 -0.00174427 -0.00172905 -0.00170343 -0.0017204 -0.00172494 -0.00173637 -0.00170512 -0.00177381 -0.00158976 
-0.00167974 -0.00165452 -0.00171817 -0.00167182 -0.00181943 -0.00191364 -0.00186701 -0.00183974 -0.00194935 -0.00187629 -0.00205661 -0.00207813 -0.00201029 -0.00209902 -0.00205084 -0.00209722 -0.00220412 -0.00204759 -0.00207748 -0.00212326 -0.00185586 -0.00188646 -0.00166203 -0.00146502 0.00241822 0.00254677 0.00261386 0.00267571 0.00281027 0.133928 0.0027149 0.00239732 0.00226979 0.00231177 -0.00129101 -0.00134551 -0.00148885 -0.001579 -0.00168953 -0.00171471 -0.00176288 -0.00171417 -0.00187122 -0.00180174 -0.00176265 -0.00179346 -0.00174283 -0.00168238 -0.00173052 -0.00170014 -0.00174113 -0.00167099 -0.00178911 -0.00172589 -0.00165673 -0.0017075 -0.001545 -0.00168942 -0.00171419 -0.00171761 -0.00176657 -0.00159592 -0.00157693 -0.00162192 -0.00170127 -0.0017578 -0.00161993 -0.00180926 -0.0017405 -0.00176001 -0.00178364 -0.00164947 -0.00173075 -0.00167416 -0.00160679 -0.00157513 -0.00157068 -0.00166346 -0.00169683 -0.00164506 -0.00170007 -0.00169902 -0.00165139 -0.00170189 -0.00171131 -0.00164842 -0.00169755 -0.00164699 -0.00164092 -0.00168081 -0.00175302 -0.00169729 -0.00174615 -0.00165766 -0.00172526 -0.00175807 -0.0017782 -0.00171378 -0.00166244 -0.00153856 
-0.00182291 -0.00180633 -0.00190343 -0.0017557 -0.00185665 -0.00194498 -0.0018749 -0.00190596 -0.00194115 -0.00188803 -0.00207913 -0.00201231 -0.00196657 -0.00220699 -0.00209326 -0.00217704 -0.00225665 -0.00223799 -0.00221397 -0.00229822 -0.00204024 -0.00204378 -0.00191978 -0.00166045 -0.00155393 0.0023268 0.00253988 0.00252823 0.00266562 0.0027149 0.134534 0.00259086 0.00257567 0.00238259 0.00219582 0.00216726 -0.00134148 -0.00136326 -0.00150227 -0.00165206 -0.00181805 -0.0018127 -0.00193597 -0.00190712 -0.00183046 -0.00184687 -0.00178484 -0.00180305 -0.00182285 -0.00186818 -0.00174376 -0.00167342 -0.00172136 -0.00173426 -0.00163809 -0.00166491 -0.00168856 -0.00168945 -0.00170866 -0.00174466 -0.0017407 -0.00177373 -0.00162787 -0.00171621 -0.00173129 -0.00170741 -0.00168013 -0.00179834 -0.00168445 -0.00170978 -0.0018013 -0.00176161 -0.00175263 -0.0017 -0.0016941 -0.00167507 -0.00162164 -0.0017095 -0.0017898 -0.0016757 -0.0016695 -0.00170702 -0.00165501 -0.00173848 -0.00175982 -0.00171708 -0.00165873 -0.00163805 -0.0016321 -0.0016859 -0.00177995 -0.0016855 -0.0017152 -0.00172712 -0.00168589 -0.00172888 -0.001667 -0.00173106 -0.00177272 -0.0017586 
-0.00175481 -0.00170338 -0.00171962 -0.00175348 -0.00173439 -0.00186464 -0.00190025 -0.00189852 -0.00196944 -0.00190596 -0.00193856 -0.00205745 -0.00193611 -0.00211521 -0.00199652 -0.00211656 -0.00212919 -0.00212913 -0.00219261 -0.00231389 -0.00216705 -0.00213169 -0.00195369 -0.00173462 -0.00175779 -0.00154044 0.00230573 0.00234467 0.00252491 0.00239732 0.00259086 0.132825 0.00259559 0.00234685 0.00216843 0.00215041 0.00199851 -0.00141154 -0.00140912 -0.00158203 -0.00158916 -0.0015709 -0.00177464 -0.00174105 -0.0018262 -0.00185977 -0.00177472 -0.00179652 -0.00172958 -0.00171615 -0.00172421 -0.00170673 -0.00177569 -0.00174999 -0.00169717 -0.00185023 -0.00165471 -0.00170352 -0.00167918 -0.00167361 -0.00162918 -0.00167627 -0.00169272 -0.00155809 -0.00171291 -0.00161558 -0.00177461 -0.00178191 -0.00165899 -0.00174145 -0.00171454 -0.00163237 -0.00159431 -0.0016972 -0.00166456 -0.00162068 -0.00163463 -0.00165861 -0.00171529 -0.00167969 -0.00169353 -0.0016837 -0.00166448 -0.00163484 -0.0016269 -0.00173783 -0.00161373 -0.00160727 -0.00153793 -0.00170175 -0.00170517 -0.00168097 -0.00172183 -0.00163462 -0.00171915 -0.00166988 -0.00181916 -0.00170896 -0.00166616 -0.00155548 
-0.00161268 -0.00163722 -0.00174199 -0.00175035 -0.00164454 -0.00185081 -0.00180236 -0.00194783 -0.00185533 -0.00181016 -0.00200963 -0.00204194 -0.00189114 -0.00200222 -0.00203374 -0.00198784 -0.00217958 -0.00210897 -0.0021202 -0.00220423 -0.00205192 -0.00204842 -0.00208425 -0.00186377 -0.00185157 -0.00174667 -0.00138814 0.00229967 0.00237695 0.00226979 0.00257567 0.00259559 0.131431 0.00253722 0.002188 0.0023389 0.00219588 0.00208409 -0.00136711 -0.00138319 -0.00146941 -0.00158328 -0.00178471 -0.00179891 -0.00171116 -0.00182029 -0.00172506 -0.00179445 -0.00175098 -0.00163437 -0.00171049 -0.0017114 -0.00172012 -0.00161572 -0.00159087 -0.00166368 -0.00172871 -0.00173913 -0.00161022 -0.00173458 -0.00171186 -0.00176178 -0.00162179 -0.00160926 -0.0016182 -0.00164125 -0.00171567 -0.00167455 -0.00171359 -0.0017242 -0.00162976 -0.00166502 -0.00168796 -0.00173871 -0.00157822 -0.00163732 -0.00160487 -0.00171466 -0.00178274 -0.00163245 -0.00174761 -0.00169471 -0.00169642 -0.00163704 -0.00173688 -0.0016361 -0.00167467 -0.00159997 -0.00166093 -0.00163526 -0.00178617 -0.00166325 -0.00173879 -0.00170703 -0.00166426 -0.00166111 -0.00161929 -0.00167834 -0.00169879 -0.00157664 
