0.123244 0.00227872 0.00222741 0.00215777 0.00204976 0.00202741 -0.00111749 -0.00127889 -0.00145102 -0.00149441 -0.00156364 -0.00168672 -0.0016843 -0.00169798 -0.00178319 -0.00180126 -0.00194723 -0.00194437 -0.00195932 -0.00201266 -0.00196067 -0.00184929 -0.00196447 -0.00176781 -0.00189823 -0.00199138 -0.00182597 -0.00175993 -0.00170855 -0.00168131 -0.00180602 -0.00172112 -0.0017102 -0.00162972 -0.00164612 -0.00157569 -0.00168275 -0.0016336 -0.00169396 -0.00171288 -0.00162862 -0.00158398 -0.00164644 -0.00154089 -0.00161067 -0.00150345 -0.00151127 -0.00154683 -0.00151432 -0.00149439 -0.00148341 -0.0015466 -0.00152749 -0.00148256 -0.00158613 -0.00151877 -0.00160229 -0.00159445 -0.00153366 -0.00154348 -0.00148904 -0.00155718 -0.00147609 -0.00138169 -0.00151146 -0.00149719 -0.00157769 -0.00148145 -0.00148685 -0.0014054 -0.00148514 -0.00148821 -0.00143299 -0.00141609 -0.00145807 -0.00147175 -0.00150279 -0.00144692 -0.00146121 -0.00148494 -0.00153356 -0.00151213 -0.00145013 -0.00148563 -0.00140209 -0.00151374 -0.00148436 -0.00143906 -0.0014712 -0.00147225 -0.00147961 -0.00144398 -0.00128799 -0.00133529 -0.00134925 -0.00116598 0.00185023 0.00190642 0.00212041 0.0021182 
0.00227872 0.123371 0.00223404 0.00228895 0.00207411 0.00210768 0.00204116 -0.00126642 -0.00129013 -0.00128747 -0.00159572 -0.00172045 -0.00167627 -0.00187685 -0.00179608 -0.0018692 -0.00185003 -0.00188996 -0.00180446 -0.00192646 -0.00186755 -0.00201685 -0.00192658 -0.00182241 -0.00201001 -0.00191344 -0.00183012 -0.00172918 -0.00172973 -0.00173026 -0.00173955 -0.00173452 -0.00178176 -0.00166149 -0.00154602 -0.00157469 -0.00164969 -0.00165721 -0.00167308 -0.00168618 -0.00159443 -0.00157962 -0.00169539 -0.00166092 -0.00161042 -0.00162684 -0.00158551 -0.00154204 -0.00151833 -0.00152774 -0.00146803 -0.00155888 -0.00149899 -0.00143059 -0.00158105 -0.00146256 -0.00156427 -0.00150691 -0.00150708 -0.00150031 -0.00154042 -0.00155499 -0.00149874 -0.00149839 -0.00152225 -0.00142271 -0.00160034 -0.00154235 -0.0014991 -0.00152632 -0.00154465 -0.00146456 -0.00154626 -0.00152415 -0.00147482 -0.00143589 -0.00138406 -0.00149346 -0.00154577 -0.00150516 -0.00154381 -0.00148323 -0.00153233 -0.00159923 -0.00157592 -0.00149133 -0.00147713 -0.00138772 -0.00145018 -0.00138487 -0.0014523 -0.00150943 -0.00135547 -0.00127624 -0.0012455 -0.00123411 -0.00121185 0.00197689 0.00201949 0.00209295 
0.00222741 0.00223404 0.123738 0.00227944 0.00224635 0.00229759 0.00227427 0.00204977 -0.00119376 -0.00119737 -0.00145999 -0.00151261 -0.00150996 -0.00180389 -0.0018457 -0.00181181 -0.00202577 -0.0019627 -0.00199654 -0.00201702 -0.00197342 -0.00201869 -0.00195594 -0.00177823 -0.00194212 -0.00192767 -0.00183483 -0.00176772 -0.00184813 -0.00177228 -0.00176081 -0.00174763 -0.00174936 -0.00166432 -0.00160728 -0.0015527 -0.00170687 -0.00158507 -0.00155482 -0.00168009 -0.00153143 -0.00155095 -0.00157188 -0.00153092 -0.00166161 -0.00158032 -0.00158542 -0.00157899 -0.00159435 -0.00151223 -0.00152723 -0.00155894 -0.00160137 -0.0014589 -0.00156463 -0.00154565 -0.0014834 -0.00158838 -0.0014976 -0.00153275 -0.00153962 -0.00147861 -0.00141983 -0.0014178 -0.00151228 -0.00148156 -0.00154877 -0.00162089 -0.00151852 -0.00159933 -0.0015415 -0.00148843 -0.00158107 -0.00148863 -0.00140832 -0.00144606 -0.00145654 -0.00154988 -0.001502 -0.00155662 -0.00142366 -0.00153594 -0.00150887 -0.00155709 -0.00149352 -0.00155213 -0.00156008 -0.00142797 -0.00147221 -0.00149823 -0.0015591 -0.00147986 -0.0015016 -0.00143404 -0.00137579 -0.00145843 -0.00127681 -0.00109805 0.00188135 0.00196392 
0.00215777 0.00228895 0.00227944 0.124472 0.00226746 0.00234701 0.00231382 0.00214025 0.00208743 -0.00110985 -0.00139972 -0.00147222 -0.00145213 -0.00170271 -0.00175599 -0.00179346 -0.00199228 -0.00190271 -0.00198125 -0.00201636 -0.00195796 -0.00195772 -0.00191333 -0.00184276 -0.00197858 -0.0019814 -0.00182731 -0.00180287 -0.00177664 -0.00166649 -0.00178102 -0.00174454 -0.00172656 -0.00171886 -0.00163812 -0.00167673 -0.00170856 -0.00169953 -0.00166262 -0.00165418 -0.00152948 -0.0015523 -0.00170822 -0.0016599 -0.0016404 -0.00156246 -0.00154447 -0.00163056 -0.0015871 -0.00158003 -0.00157383 -0.0015937 -0.00153256 -0.00155969 -0.00161281 -0.0015388 -0.00148264 -0.00160303 -0.00157624 -0.0015799 -0.00152339 -0.00146618 -0.00144074 -0.00141164 -0.00160363 -0.00162214 -0.001506 -0.00158444 -0.00152886 -0.00146752 -0.00157046 -0.00146279 -0.00153561 -0.00154626 -0.00151519 -0.00144752 -0.00144284 -0.00152655 -0.00156667 -0.00149194 -0.00151042 -0.001577 -0.00152991 -0.00160045 -0.0015568 -0.00157378 -0.00156184 -0.00149694 -0.0013528 -0.00150236 -0.00149533 -0.00152631 -0.00152153 -0.00158149 -0.00153312 -0.00141768 -0.00135794 -0.00117419 -0.00113187 0.00185056 
0.00204976 0.00207411 0.00224635 0.00226746 0.124854 0.00243446 0.00235956 0.00231618 0.00217138 0.0020303 -0.00122014 -0.00134451 -0.00147009 -0.00166529 -0.0018474 -0.00178784 -0.00195927 -0.00184119 -0.00191801 -0.00218837 -0.00193194 -0.00197256 -0.00198412 -0.00181916 -0.0020051 -0.00189434 -0.00180233 -0.00172033 -0.00167806 -0.00181028 -0.0017922 -0.00172369 -0.00175656 -0.0017374 -0.00158403 -0.00162836 -0.00164441 -0.00159639 -0.00168604 -0.00166388 -0.00148693 -0.00164191 -0.00168428 -0.00165801 -0.00152275 -0.00164577 -0.00157764 -0.00155557 -0.00154897 -0.00155157 -0.00159216 -0.00159007 -0.00152345 -0.001553 -0.00163422 -0.00148827 -0.00155387 -0.0015698 -0.00153766 -0.00158987 -0.00144177 -0.00144605 -0.00147373 -0.00147262 -0.00152272 -0.00156676 -0.00165192 -0.00153963 -0.00159534 -0.00159159 -0.00158149 -0.00159852 -0.00152056 -0.00148319 -0.00149516 -0.00142218 -0.00150227 -0.00153987 -0.00164361 -0.00159741 -0.00152417 -0.00160068 -0.00159764 -0.00158418 -0.00157464 -0.0015133 -0.00156102 -0.0013741 -0.0015032 -0.00159816 -0.00158968 -0.0015568 -0.00154765 -0.0014911 -0.00155468 -0.00162791 -0.00145108 -0.00134035 -0.00121012 -0.00113768 
0.00202741 0.00210768 0.00229759 0.00234701 0.00243446 0.128387 0.00250896 0.00240593 0.00225812 0.0023107 0.0020416 -0.00138612 -0.00140214 -0.00159548 -0.00179054 -0.0019453 -0.00213159 -0.00195812 -0.00204717 -0.00211153 -0.00212436 -0.00200942 -0.00213818 -0.0019396 -0.00196702 -0.00214919 -0.00189709 -0.00183123 -0.00192582 -0.00188191 -0.0018367 -0.00191075 -0.00184121 -0.00183056 -0.00178494 -0.00168509 -0.00180207 -0.00180166 -0.00179795 -0.00174721 -0.00167774 -0.00175159 -0.00169602 -0.00163353 -0.00172717 -0.00179675 -0.00170027 -0.00174161 -0.0015763 -0.0016337 -0.00161083 -0.00163046 -0.00160264 -0.00167532 -0.00167207 -0.00159205 -0.00155369 -0.00163911 -0.00168967 -0.00166556 -0.00160816 -0.00168487 -0.00159818 -0.00164458 -0.00156607 -0.00167308 -0.00162983 -0.00166402 -0.00156519 -0.0016078 -0.00156482 -0.00163361 -0.00163129 -0.00157481 -0.0015678 -0.00160817 -0.0014745 -0.00158729 -0.00162094 -0.00171768 -0.00169897 -0.00156461 -0.00158884 -0.0016485 -0.00165795 -0.00166457 -0.00161715 -0.00162337 -0.00163846 -0.00165621 -0.00162443 -0.00153562 -0.00156379 -0.00162165 -0.00160543 -0.00156831 -0.00152189 -0.00146959 -0.0012566 -0.00124177 
-0.00111749 0.00204116 0.00227427 0.00231382 0.00235956 0.00250896 0.129361 0.00256038 0.00249417 0.00235693 0.00227826 0.00218013 -0.00132233 -0.00156494 -0.00175206 -0.00183277 -0.00194382 -0.002118 -0.00201844 -0.00221996 -0.00205016 -0.00205059 -0.00204843 -0.00193091 -0.00208459 -0.00206945 -0.00197011 -0.00197466 -0.00183345 -0.00192741 -0.00192029 -0.00193128 -0.00194172 -0.00180188 -0.00181488 -0.00180872 -0.00182287 -0.00182652 -0.00171981 -0.00179556 -0.00174334 -0.00157076 -0.00176773 -0.00169921 -0.00169019 -0.00165391 -0.00170832 -0.00172466 -0.00168925 -0.0017496 -0.00164967 -0.00161065 -0.00163516 -0.00169141 -0.00166011 -0.00164899 -0.00163527 -0.00168699 -0.00171697 -0.00170285 -0.00163243 -0.00165293 -0.00155827 -0.00161429 -0.00160479 -0.0016368 -0.00167444 -0.00167177 -0.00165324 -0.00168118 -0.00162901 -0.00164622 -0.00164383 -0.0015551 -0.00158538 -0.00153904 -0.00161532 -0.00168976 -0.00162217 -0.00161755 -0.00166698 -0.00169868 -0.00165932 -0.00164259 -0.00161109 -0.00167122 -0.00167772 -0.00159316 -0.00154745 -0.00170872 -0.00170468 -0.00159258 -0.00167837 -0.00165728 -0.00168866 -0.00166534 -0.00165649 -0.00148693 -0.00144871 -0.00130138 
-0.00127889 -0.00126642 0.00204977 0.00214025 0.00231618 0.00240593 0.00256038 0.129996 0.0024487 0.00242469 0.00230436 0.00230804 0.00222426 -0.0014378 -0.00157796 -0.00160549 -0.00191178 -0.00205821 -0.00202041 -0.00211579 -0.00205438 -0.00211589 -0.00208331 -0.0020014 -0.00205687 -0.0020963 -0.00202298 -0.00200038 -0.00199272 -0.00190113 -0.00185855 -0.00188583 -0.00185681 -0.00186996 -0.0018439 -0.00178684 -0.001816 -0.00183939 -0.00180867 -0.00173894 -0.00173462 -0.00166292 -0.00172505 -0.00177485 -0.00174428 -0.0016914 -0.00169413 -0.00165747 -0.00162443 -0.00174073 -0.00162841 -0.00170012 -0.00164785 -0.00163026 -0.00167512 -0.00167277 -0.00163301 -0.00162181 -0.0016602 -0.00171247 -0.00159709 -0.00169315 -0.00160542 -0.00148334 -0.00170594 -0.0016318 -0.00171691 -0.00172732 -0.00164048 -0.00169856 -0.00164162 -0.00173057 -0.00163089 -0.00166932 -0.00158689 -0.00159433 -0.00160427 -0.00169241 -0.00172255 -0.00160658 -0.00167438 -0.00168581 -0.0016981 -0.00167259 -0.00157294 -0.00170686 -0.00159581 -0.00156107 -0.00158872 -0.00159786 -0.00167202 -0.00166601 -0.00170595 -0.00175239 -0.00163487 -0.00172046 -0.00155265 -0.00163016 -0.00154713 -0.00142817 
-0.00145102 -0.00129013 -0.00119376 0.00208743 0.00217138 0.00225812 0.00249417 0.0024487 0.131627 0.00253695 0.00253601 0.00237074 0.00229947 0.00231746 -0.00145408 -0.0014749 -0.00173495 -0.00189511 -0.00192259 -0.00221635 -0.0022216 -0.00207871 -0.00209564 -0.00200977 -0.00208696 -0.00216615 -0.00198187 -0.00190095 -0.0018895 -0.00190732 -0.00192835 -0.00191232 -0.00192433 -0.00189196 -0.00175977 -0.00178879 -0.0018383 -0.00174588 -0.00189664 -0.00179746 -0.00178301 -0.0017076 -0.00183281 -0.00187987 -0.00186382 -0.00180128 -0.00173851 -0.001798 -0.00178339 -0.00172481 -0.00167756 -0.00167419 -0.00176801 -0.00168189 -0.00163173 -0.00165711 -0.00164617 -0.00176554 -0.00174941 -0.00168065 -0.00170729 -0.00170773 -0.00162068 -0.0015414 -0.00169923 -0.00176806 -0.00170267 -0.00169015 -0.00164271 -0.00168599 -0.00172067 -0.00170254 -0.00158714 -0.00169605 -0.00160365 -0.00161136 -0.00160366 -0.00169029 -0.00165927 -0.00167177 -0.00175294 -0.00174484 -0.00168732 -0.00164431 -0.00167761 -0.00171018 -0.00162686 -0.00160039 -0.0016286 -0.0016965 -0.00172085 -0.00166446 -0.00171984 -0.00167556 -0.00165884 -0.00167438 -0.00175436 -0.00174499 -0.00168491 -0.00146668 
-0.00149441 -0.00128747 -0.00119737 -0.00110985 0.0020303 0.0023107 0.00235693 0.00242469 0.00253695 0.130009 0.00254623 0.00248887 0.00244066 0.00219738 -0.00146585 -0.00148461 -0.00160544 -0.00192607 -0.00187962 -0.00213186 -0.00203879 -0.00205754 -0.00209336 -0.00196401 -0.00209771 -0.00202668 -0.00194451 -0.00188645 -0.00187312 -0.00193122 -0.00187754 -0.0019159 -0.00175692 -0.00186451 -0.00164961 -0.00176195 -0.0017735 -0.00179462 -0.00182104 -0.00176417 -0.00179845 -0.00162456 -0.00175582 -0.00178975 -0.00171908 -0.0017435 -0.00167787 -0.00176474 -0.00171957 -0.00159609 -0.00165136 -0.00175963 -0.00161979 -0.00163897 -0.00155471 -0.00162948 -0.0016309 -0.00162962 -0.00160951 -0.00159082 -0.00160693 -0.00161462 -0.00148869 -0.00161461 -0.0016541 -0.00162285 -0.00165876 -0.00162673 -0.00154884 -0.00163443 -0.00167283 -0.00160994 -0.00156661 -0.00163418 -0.00159666 -0.00154848 -0.00146454 -0.00164706 -0.00159956 -0.00164987 -0.00164252 -0.00164645 -0.00166949 -0.00157832 -0.00152425 -0.00162176 -0.00169254 -0.00151052 -0.00164151 -0.00166077 -0.0016071 -0.00163713 -0.00165826 -0.00160328 -0.00161155 -0.00168344 -0.00153163 -0.00165881 -0.00161473 -0.00150738 
-0.00156364 -0.00159572 -0.00145999 -0.00139972 -0.00122014 0.0020416 0.00227826 0.00230436 0.00253601 0.00254623 0.134863 0.00276153 0.00264659 0.00271566 0.00236313 0.00240855 -0.0015517 -0.00176764 -0.0016853 -0.00196777 -0.00213325 -0.00233193 -0.00216621 -0.00211647 -0.0022534 -0.00221914 -0.00206186 -0.00198891 -0.00201217 -0.00202141 -0.00198505 -0.00194925 -0.00193543 -0.0019076 -0.00188733 -0.00181178 -0.0018992 -0.00183437 -0.0018517 -0.00197878 -0.00174784 -0.00177262 -0.00176441 -0.00184669 -0.00185903 -0.00183226 -0.00176745 -0.00177431 -0.00177092 -0.00174486 -0.0017243 -0.00175835 -0.00175106 -0.0018016 -0.00178082 -0.00177908 -0.00177215 -0.0018606 -0.00169102 -0.00173934 -0.00179458 -0.00162607 -0.00170702 -0.00169199 -0.00171719 -0.00175594 -0.0017423 -0.0018102 -0.00174177 -0.00174121 -0.00171217 -0.00173802 -0.00174081 -0.00174991 -0.00160857 -0.00166054 -0.00177731 -0.00178537 -0.00173283 -0.00173498 -0.00175315 -0.00173783 -0.0017789 -0.00177652 -0.00174133 -0.00177422 -0.00169863 -0.00171206 -0.00169965 -0.00177318 -0.00174201 -0.00173828 -0.00173579 -0.00168561 -0.00179402 -0.0017806 -0.00168655 -0.00167158 -0.00184979 -0.00167065 
-0.00168672 -0.00172045 -0.00151261 -0.00147222 -0.00134451 -0.00138612 0.00218013 0.00230804 0.00237074 0.00248887 0.00276153 0.136434 0.00282484 0.00268584 0.00253248 0.0026661 0.00239256 -0.00171191 -0.00165596 -0.00184511 -0.00216498 -0.00201977 -0.00224617 -0.00206266 -0.00221406 -0.00218969 -0.00215895 -0.00202342 -0.00202682 -0.00200008 -0.00199871 -0.00208132 -0.00199621 -0.00196966 -0.00184898 -0.00186534 -0.00196711 -0.00189971 -0.00190996 -0.00194223 -0.00184085 -0.00182031 -0.00198809 -0.00182316 -0.00188094 -0.00191523 -0.00182282 -0.00182592 -0.00179818 -0.00178678 -0.00180728 -0.00177461 -0.00177991 -0.00184468 -0.00176489 -0.00175857 -0.00174353 -0.00182013 -0.00171069 -0.00168343 -0.00170422 -0.0018322 -0.00166084 -0.00163858 -0.00182024 -0.00175964 -0.00182105 -0.0018513 -0.00172654 -0.00171144 -0.00180052 -0.00176628 -0.00170538 -0.0017825 -0.00164793 -0.00172929 -0.00171109 -0.00182866 -0.00177465 -0.00182811 -0.00179583 -0.00175523 -0.00180629 -0.00174113 -0.00187303 -0.00184497 -0.00177388 -0.00158354 -0.00172116 -0.00177808 -0.00179465 -0.00175088 -0.00179404 -0.00191628 -0.00185965 -0.00178434 -0.00171678 -0.00167305 -0.00181416 -0.00165659 
-0.0016843 -0.00167627 -0.00150996 -0.00145213 -0.00147009 -0.00140214 -0.00132233 0.00222426 0.00229947 0.00244066 0.00264659 0.00282484 0.135219 0.0027936 0.00249124 0.0025631 0.00230489 -0.00161802 -0.00151858 -0.00191457 -0.00203336 -0.00203019 -0.00212153 -0.00197825 -0.00228036 -0.00220732 -0.00208156 -0.00203853 -0.001926 -0.00190853 -0.0020163 -0.0018765 -0.00192466 -0.00196134 -0.00188512 -0.00180166 -0.00182495 -0.00189871 -0.00193545 -0.00180399 -0.00179045 -0.00175385 -0.00185855 -0.0019041 -0.00177876 -0.00187678 -0.00170257 -0.00183727 -0.00180775 -0.00172419 -0.00178518 -0.00170663 -0.00174966 -0.00168481 -0.00173856 -0.00179223 -0.00168124 -0.00169757 -0.0018004 -0.00156937 -0.00172673 -0.00172038 -0.00157076 -0.00154737 -0.00174229 -0.0016718 -0.00169034 -0.00169262 -0.00179911 -0.00167289 -0.00169673 -0.00170458 -0.0017541 -0.00169989 -0.00161773 -0.00157617 -0.00155658 -0.00170808 -0.00165608 -0.00156029 -0.00178675 -0.00176634 -0.00174039 -0.001748 -0.00166446 -0.00174471 -0.0016719 -0.00163401 -0.00161577 -0.00173924 -0.0016298 -0.00172393 -0.00173333 -0.00167696 -0.00168607 -0.00168842 -0.00175917 -0.00175472 -0.00160387 -0.00173265 
-0.00169798 -0.00187685 -0.00180389 -0.00170271 -0.00166529 -0.00159548 -0.00156494 -0.0014378 0.00231746 0.00219738 0.00271566 0.00268584 0.0027936 0.140377 0.00275841 0.00295501 0.00269565 0.00250591 0.00245586 -0.00181387 -0.00186712 -0.00185106 -0.00198891 -0.00202127 -0.00233051 -0.00230889 -0.00207883 -0.00208898 -0.0020977 -0.00209206 -0.00221124 -0.00218058 -0.00211404 -0.00211456 -0.00193907 -0.00202092 -0.00195144 -0.00198492 -0.00197259 -0.00190315 -0.00182986 -0.00182434 -0.00200367 -0.00190026 -0.00181967 -0.00198373 -0.00195221 -0.00186605 -0.0018394 -0.00180939 -0.0019089 -0.00180876 -0.00184074 -0.00188739 -0.00182109 -0.00188232 -0.00182632 -0.0018731 -0.00185377 -0.00189521 -0.00183333 -0.00184621 -0.00182948 -0.00183317 -0.00180089 -0.00186348 -0.0018674 -0.00190468 -0.00183993 -0.00184394 -0.00181172 -0.00183565 -0.00181496 -0.00180793 -0.00164125 -0.00181807 -0.00173381 -0.00181928 -0.00182449 -0.00184311 -0.00182012 -0.00182004 -0.00179794 -0.00181532 -0.00186888 -0.00174377 -0.00182448 -0.00172002 -0.00172716 -0.00186107 -0.00181443 -0.00179765 -0.00186966 -0.00191343 -0.00189438 -0.0018239 -0.00181246 -0.0018387 -0.0018516 -0.00172698 
-0.00178319 -0.00179608 -0.0018457 -0.00175599 -0.0018474 -0.00179054 -0.00175206 -0.00157796 -0.00145408 -0.00146585 0.00236313 0.00253248 0.00249124 0.00275841 0.139755 0.00306919 0.00300598 0.00277128 0.00276838 0.00250208 -0.00169351 -0.00176135 -0.00188004 -0.00193618 -0.00209814 -0.00214715 -0.00208001 -0.00211055 -0.00205827 -0.00208981 -0.00202897 -0.00212934 -0.00209432 -0.00202917 -0.00193664 -0.00185785 -0.00201322 -0.00193194 -0.00196178 -0.00189114 -0.00178651 -0.00172701 -0.00194564 -0.0018954 -0.00181403 -0.00187672 -0.00185145 -0.00184183 -0.00175928 -0.00177209 -0.00172041 -0.00180076 -0.0018459 -0.00180579 -0.00171943 -0.00190372 -0.001792 -0.00176853 -0.00176914 -0.00181331 -0.00182712 -0.00176762 -0.00178078 -0.00170984 -0.00180873 -0.00171888 -0.0017916 -0.00178177 -0.00180829 -0.00183945 -0.00173777 -0.00180757 -0.00174639 -0.0017943 -0.00163332 -0.00173728 -0.00172586 -0.00175036 -0.00184111 -0.00171741 -0.00174946 -0.0018397 -0.00174551 -0.00178074 -0.00180925 -0.00176034 -0.00172238 -0.0017211 -0.00175779 -0.00176732 -0.00184706 -0.00175657 -0.00183142 -0.00187065 -0.00181219 -0.00183343 -0.00173144 -0.00181606 -0.00180446 -0.00172742 
-0.00180126 -0.0018692 -0.00181181 -0.00179346 -0.00178784 -0.0019453 -0.00183277 -0.00160549 -0.0014749 -0.00148461 0.00240855 0.0026661 0.0025631 0.00295501 0.00306919 0.141493 0.00308774 0.00274077 0.00287244 0.00269772 -0.00165036 -0.00158171 -0.00172144 -0.00195868 -0.00218245 -0.00218047 -0.00208592 -0.00209163 -0.00204814 -0.00210188 -0.00209182 -0.00204553 -0.00212515 -0.00203995 -0.00198623 -0.00186107 -0.0020089 -0.00190423 -0.00189915 -0.00183797 -0.00182123 -0.00190768 -0.00192261 -0.001884 -0.00190802 -0.00200835 -0.00181544 -0.00186933 -0.00182066 -0.00189818 -0.00190383 -0.00176277 -0.00181611 -0.00174523 -0.00182622 -0.00177736 -0.0018314 -0.00179554 -0.00189177 -0.00179589 -0.00186113 -0.00175772 -0.00178058 -0.00170792 -0.00189861 -0.00183994 -0.00187825 -0.00182537 -0.00184436 -0.00183247 -0.00180353 -0.00190154 -0.0017966 -0.00191471 -0.00176898 -0.00173489 -0.0017221 -0.00171573 -0.00185431 -0.00186272 -0.00190841 -0.00181864 -0.00188976 -0.00183241 -0.00183795 -0.00185865 -0.00178889 -0.00175839 -0.00180556 -0.00183424 -0.00188608 -0.00182187 -0.00177749 -0.00182419 -0.00187131 -0.0017992 -0.00179987 -0.00178519 -0.00182356 -0.00171936 
-0.00194723 -0.00185003 -0.00202577 -0.00199228 -0.00195927 -0.00213159 -0.00194382 -0.00191178 -0.00173495 -0.00160544 -0.0015517 0.00239256 0.00230489 0.00269565 0.00300598 0.00308774 0.146024 0.00302357 0.00298709 0.00290746 0.00259786 0.00266543 -0.00169806 -0.00183071 -0.00195411 -0.00218276 -0.00225706 -0.0022359 -0.00215041 -0.00219363 -0.00224838 -0.00213966 -0.00222744 -0.00221649 -0.00199603 -0.00211613 -0.00207359 -0.00221226 -0.00206135 -0.00201192 -0.00199358 -0.00199254 -0.00195074 -0.00210072 -0.00200768 -0.00200672 -0.00192319 -0.00186808 -0.00198444 -0.00191801 -0.00186015 -0.0018311 -0.00202052 -0.00200214 -0.00187324 -0.00187236 -0.00195161 -0.00204412 -0.00193385 -0.00195398 -0.00199239 -0.00192912 -0.00187473 -0.00183421 -0.0019007 -0.00197967 -0.00191793 -0.00195375 -0.00186612 -0.00191768 -0.00191716 -0.00197483 -0.00194557 -0.00192942 -0.00175561 -0.00175011 -0.00184921 -0.00190949 -0.00188933 -0.00191136 -0.00188411 -0.00193813 -0.00196128 -0.00186301 -0.0019627 -0.00195923 -0.00189448 -0.00183726 -0.00184005 -0.00195439 -0.00188237 -0.00190204 -0.00185647 -0.00196529 -0.0019865 -0.00191311 -0.00189893 -0.00187723 -0.00194668 -0.0018216 
-0.00194437 -0.00188996 -0.0019627 -0.00190271 -0.00184119 -0.00195812 -0.002118 -0.00205821 -0.00189511 -0.00192607 -0.00176764 -0.00171191 -0.00161802 0.00250591 0.00277128 0.00274077 0.00302357 0.14471 0.00326276 0.00309446 0.00285361 0.00285729 0.00276385 -0.00162465 -0.00184915 -0.00186205 -0.00193241 -0.00210972 -0.00214729 -0.00211108 -0.00214268 -0.0021907 -0.00214905 -0.00210066 -0.001962 -0.00207872 -0.00209341 -0.00187241 -0.00196503 -0.00208794 -0.00200119 -0.00196219 -0.0019754 -0.00202626 -0.00196244 -0.00202158 -0.00192793 -0.0019401 -0.00180794 -0.00185717 -0.00187519 -0.00192744 -0.00176611 -0.00182293 -0.00178226 -0.00187737 -0.00190848 -0.00186463 -0.00185281 -0.00192281 -0.00187925 -0.00187008 -0.00178147 -0.00176235 -0.00186606 -0.00191349 -0.00185448 -0.0018193 -0.00185605 -0.00187695 -0.00179089 -0.00184817 -0.00186126 -0.00174319 -0.00169047 -0.00180805 -0.00169111 -0.00183814 -0.00178652 -0.00188499 -0.00188866 -0.00186272 -0.00185704 -0.00188311 -0.00190359 -0.00182478 -0.00185481 -0.00185479 -0.00175566 -0.00181036 -0.0017574 -0.00186053 -0.0019233 -0.00197803 -0.00189664 -0.00188524 -0.0018499 -0.00189398 -0.00193385 -0.00173195 
-0.00195932 -0.00180446 -0.00199654 -0.00198125 -0.00191801 -0.00204717 -0.00201844 -0.00202041 -0.00192259 -0.00187962 -0.0016853 -0.00165596 -0.00151858 0.00245586 0.00276838 0.00287244 0.00298709 0.00326276 0.145453 0.00310552 0.00273745 0.00288558 0.00266691 -0.00159282 -0.00175475 -0.0017871 -0.00202196 -0.00208901 -0.00216933 -0.00207851 -0.0021375 -0.00209836 -0.00200889 -0.00209056 -0.00197286 -0.0019458 -0.00198804 -0.00203419 -0.00207719 -0.00193845 -0.00187686 -0.00196576 -0.00205228 -0.00201056 -0.00194088 -0.00196605 -0.0018844 -0.00190255 -0.00186784 -0.00194317 -0.00185703 -0.00198363 -0.00187212 -0.00191129 -0.00189373 -0.00175566 -0.00192131 -0.00190847 -0.00193093 -0.00183056 -0.00192419 -0.00190228 -0.00176861 -0.00188211 -0.00191044 -0.00194082 -0.00189245 -0.00183253 -0.0019001 -0.00194762 -0.00186264 -0.00184716 -0.00191727 -0.00182379 -0.00179747 -0.00180519 -0.00175439 -0.00180176 -0.00180932 -0.00197593 -0.00187051 -0.00188333 -0.00196287 -0.00178263 -0.00196617 -0.00185589 -0.0018481 -0.00178012 -0.00188366 -0.0018236 -0.0018887 -0.00201154 -0.00187933 -0.0019137 -0.00190849 -0.00181606 -0.00180275 -0.00188311 -0.00180951 -0.00186062 
-0.00201266 -0.00192646 -0.00201702 -0.00201636 -0.00218837 -0.00211153 -0.00221996 -0.00211579 -0.00221635 -0.00213186 -0.00196777 -0.00184511 -0.00191457 -0.00181387 0.00250208 0.00269772 0.00290746 0.00309446 0.00310552 0.149428 0.0030463 0.00309527 0.0030104 0.00270566 0.00249205 -0.00173632 -0.0019446 -0.00192294 -0.00206438 -0.00214376 -0.00228708 -0.00226178 -0.0022527 -0.00228068 -0.00211715 -0.00205634 -0.0021728 -0.00209277 -0.00217791 -0.00210395 -0.00195428 -0.00200508 -0.00215177 -0.0022004 -0.00207625 -0.00205807 -0.00191076 -0.00197586 -0.0020551 -0.00188123 -0.0020587 -0.00187458 -0.00191684 -0.00195291 -0.00199363 -0.00189738 -0.00195114 -0.0019302 -0.001882 -0.00189712 -0.00203864 -0.00196111 -0.00185225 -0.00183721 -0.00204538 -0.00205019 -0.00199842 -0.00189299 -0.00189215 -0.00198955 -0.00190939 -0.00195043 -0.00205452 -0.00207944 -0.00192127 -0.00196057 -0.0019313 -0.00195992 -0.00197707 -0.00198032 -0.00192809 -0.00187067 -0.00198313 -0.00188697 -0.00198962 -0.00197206 -0.00200047 -0.00185059 -0.00191029 -0.00202873 -0.00204437 -0.00191409 -0.00199025 -0.00191162 -0.00198922 -0.00197072 -0.00192118 -0.00198678 -0.00207585 -0.00184188 
-0.00196067 -0.00186755 -0.00197342 -0.00195796 -0.00193194 -0.00212436 -0.00205016 -0.00205438 -0.0022216 -0.00203879 -0.00213325 -0.00216498 -0.00203336 -0.00186712 -0.00169351 -0.00165036 0.00259786 0.00285361 0.00273745 0.0030463 0.146507 0.00341695 0.00308536 0.00280442 0.00274508 0.00259364 -0.00164624 -0.00180035 -0.00180159 -0.00171867 -0.00208671 -0.00218714 -0.00208589 -0.00213681 -0.00192911 -0.00197019 -0.00209881 -0.0020195 -0.00215014 -0.00214236 -0.00189687 -0.00201489 -0.00199348 -0.00200004 -0.00203693 -0.00196671 -0.00187757 -0.00184856 -0.00190595 -0.00195434 -0.00197731 -0.00193014 -0.0017927 -0.00188022 -0.00181272 -0.00185967 -0.00188636 -0.00192959 -0.00182425 -0.00181319 -0.00183971 -0.00180828 -0.00177656 -0.00185141 -0.00185717 -0.00187801 -0.00188869 -0.00192894 -0.00192944 -0.00188712 -0.00184955 -0.00181686 -0.00188147 -0.001835 -0.00184135 -0.00182043 -0.00182632 -0.00186491 -0.00184329 -0.00186235 -0.00197681 -0.00190938 -0.00194625 -0.00184024 -0.00184008 -0.00187116 -0.00190849 -0.00178457 -0.0018199 -0.00182967 -0.00186877 -0.00181563 -0.001966 -0.00187077 -0.00187144 -0.00191328 -0.0018865 -0.00191815 -0.00197388 -0.00179146 
-0.00184929 -0.00201685 -0.00201869 -0.00195772 -0.00197256 -0.00200942 -0.00205059 -0.00211589 -0.00207871 -0.00205754 -0.00233193 -0.00201977 -0.00203019 -0.00185106 -0.00176135 -0.00158171 0.00266543 0.00285729 0.00288558 0.00309527 0.00341695 0.146286 0.00304026 0.00289017 0.00274413 0.0025337 -0.00163674 -0.00176308 -0.00186648 -0.00173199 -0.00201651 -0.0021031 -0.00223142 -0.00212476 -0.00197061 -0.002028 -0.00204903 -0.00195074 -0.00195274 -0.00205713 -0.00195742 -0.00199958 -0.00209707 -0.00194402 -0.00200093 -0.00198542 -0.00192285 -0.00187958 -0.00190692 -0.00188243 -0.0019121 -0.00179589 -0.00195256 -0.00192495 -0.00185523 -0.00188398 -0.00197177 -0.00194406 -0.00194023 -0.00190182 -0.00188657 -0.00195232 -0.0018481 -0.00181167 -0.0019554 -0.00180161 -0.00188937 -0.00185984 -0.00189191 -0.00199218 -0.00183344 -0.00182715 -0.00179125 -0.00180603 -0.00173136 -0.00179106 -0.00176306 -0.0018837 -0.00184461 -0.00176949 -0.00186184 -0.00192152 -0.00190092 -0.00184388 -0.00190705 -0.00191013 -0.00191531 -0.00176986 -0.00171815 -0.00186602 -0.00187332 -0.00195358 -0.00199 -0.00190909 -0.00192444 -0.00189168 -0.0019421 -0.00185739 -0.00185102 -0.00183268 
-0.00196447 -0.00192658 -0.00195594 -0.00191333 -0.00198412 -0.00213818 -0.00204843 -0.00208331 -0.00209564 -0.00209336 -0.00216621 -0.00224617 -0.00212153 -0.00198891 -0.00188004 -0.00172144 -0.00169806 0.00276385 0.00266691 0.0030104 0.00308536 0.00304026 0.145644 0.00302005 0.00293577 0.00271268 0.00236025 -0.00164537 -0.00177578 -0.001707 -0.00188263 -0.00201234 -0.00213024 -0.00212154 -0.0019972 -0.00188291 -0.00209959 -0.00200953 -0.00203349 -0.00209169 -0.00196443 -0.00188788 -0.0019896 -0.00197643 -0.00192918 -0.00201084 -0.00191277 -0.00192668 -0.0018526 -0.00179451 -0.00189127 -0.00182583 -0.00182785 -0.00185978 -0.00172346 -0.00183306 -0.00189622 -0.00187591 -0.00184381 -0.00181863 -0.00174781 -0.00186488 -0.00168397 -0.0017824 -0.0018102 -0.00186211 -0.00189233 -0.00188417 -0.00194082 -0.00188355 -0.0019202 -0.00188484 -0.00179577 -0.00187358 -0.00176768 -0.00173894 -0.00177715 -0.00183603 -0.00186956 -0.00190184 -0.00192457 -0.00183004 -0.00183658 -0.00197097 -0.00189364 -0.0019176 -0.00188454 -0.00185516 -0.00171712 -0.00181668 -0.00178283 -0.00191779 -0.00192494 -0.00191725 -0.00188716 -0.00177959 -0.00200518 -0.00183807 -0.00199427 -0.00177181 
-0.00176781 -0.00182241 -0.00177823 -0.00184276 -0.00181916 -0.0019396 -0.00193091 -0.0020014 -0.00200977 -0.00196401 -0.00211647 -0.00206266 -0.00197825 -0.00202127 -0.00193618 -0.00195868 -0.00183071 -0.00162465 -0.00159282 0.00270566 0.00280442 0.00289017 0.00302005 0.141205 0.00292022 0.00279603 0.00259967 0.00232891 -0.00157634 -0.00145569 -0.00158995 -0.00169367 -0.00186242 -0.00198347 -0.0017848 -0.00177666 -0.00194977 -0.00191797 -0.00193458 -0.00189542 -0.00178883 -0.00175239 -0.00189412 -0.00191214 -0.00187936 -0.00194721 -0.00190587 -0.00182964 -0.00183288 -0.00186834 -0.00186784 -0.00169684 -0.00179855 -0.00183793 -0.00182857 -0.00172549 -0.00172895 -0.00175333 -0.00178624 -0.00170073 -0.00180053 -0.00180569 -0.00171259 -0.00176768 -0.00169678 -0.00183244 -0.00170484 -0.00176661 -0.0016976 -0.00180297 -0.00171589 -0.00177326 -0.00178323 -0.00175088 -0.00174627 -0.00178704 -0.00166655 -0.00164443 -0.00174907 -0.00171757 -0.0017463 -0.0017527 -0.00171636 -0.00171994 -0.0017457 -0.00170115 -0.00173708 -0.00173889 -0.00164422 -0.00172381 -0.00176048 -0.00177797 -0.00169476 -0.0016646 -0.00170432 -0.00173419 -0.00176768 -0.00181219 -0.0017968 -0.00165494 
-0.00189823 -0.00201001 -0.00194212 -0.00197858 -0.0020051 -0.00196702 -0.00208459 -0.00205687 -0.00208696 -0.00209771 -0.0022534 -0.00221406 -0.00228036 -0.00233051 -0.00209814 -0.00218245 -0.00195411 -0.00184915 -0.00175475 0.00249205 0.00274508 0.00274413 0.00293577 0.00292022 0.14604 0.00309105 0.00283948 0.00258811 0.00241935 0.00243451 -0.00168187 -0.00172967 -0.00187729 -0.00190881 -0.00192758 -0.00192829 -0.00207452 -0.00207831 -0.00207233 -0.00210975 -0.0019628 -0.00194852 -0.0020359 -0.00201025 -0.00204668 -0.00210158 -0.00194006 -0.00184036 -0.00192759 -0.00189284 -0.00195465 -0.00190539 -0.00191341 -0.00195303 -0.00182707 -0.00187199 -0.0019353 -0.0018739 -0.00183528 -0.00192591 -0.00196775 -0.00183102 -0.00183556 -0.00185966 -0.00188849 -0.00187163 -0.00193891 -0.00191127 -0.00186049 -0.0018673 -0.00184808 -0.00191028 -0.00198338 -0.00195762 -0.00188491 -0.00176962 -0.001884 -0.00197793 -0.00187211 -0.0018619 -0.00188184 -0.0018325 -0.00192938 -0.00192158 -0.00187847 -0.00187802 -0.00205 -0.00179003 -0.00184143 -0.00188058 -0.00197714 -0.00196677 -0.00196497 -0.00187367 -0.00199834 -0.00195449 -0.00187106 -0.0020012 -0.00197489 -0.0018665 
-0.00199138 -0.00191344 -0.00192767 -0.0019814 -0.00189434 -0.00214919 -0.00206945 -0.0020963 -0.00216615 -0.00202668 -0.00221914 -0.00218969 -0.00220732 -0.00230889 -0.00214715 -0.00218047 -0.00218276 -0.00186205 -0.0017871 -0.00173632 0.00259364 0.0025337 0.00271268 0.00279603 0.00309105 0.144326 0.00289207 0.00266154 0.00250429 0.00244208 0.00228675 -0.00152038 -0.00158039 -0.00169672 -0.00185045 -0.00179124 -0.00193732 -0.00194173 -0.00205758 -0.00192334 -0.00198275 -0.00193245 -0.00200847 -0.0020529 -0.00194686 -0.00209339 -0.00186446 -0.00194916 -0.00195112 -0.00196119 -0.00188006 -0.00185296 -0.00181007 -0.00189474 -0.00186877 -0.00192086 -0.00187295 -0.00195111 -0.0019427 -0.00194109 -0.00186341 -0.001959 -0.00186434 -0.00181287 -0.00175271 -0.00186312 -0.00188788 -0.00184157 -0.00193214 -0.00194334 -0.00185221 -0.00183513 -0.00187639 -0.00193464 -0.00175491 -0.00177958 -0.00186382 -0.00189447 -0.00179867 -0.0019563 -0.00180997 -0.00181225 -0.00182617 -0.00191616 -0.00192708 -0.00187751 -0.00195671 -0.00190131 -0.0017874 -0.00185465 -0.00194088 -0.00192878 -0.00189882 -0.00190551 -0.00186982 -0.00182938 -0.00190876 -0.0018329 -0.00194639 -0.00182838 
-0.00182597 -0.00183012 -0.00183483 -0.00182731 -0.00180233 -0.00189709 -0.00197011 -0.00202298 -0.00198187 -0.00194451 -0.00206186 -0.00215895 -0.00208156 -0.00207883 -0.00208001 -0.00208592 -0.00225706 -0.00193241 -0.00202196 -0.0019446 -0.00164624 -0.00163674 0.00236025 0.00259967 0.00283948 0.00289207 0.13903 0.00285683 0.00267359 0.00261207 0.00242702 0.00229518 -0.00145755 -0.00149879 -0.00166548 -0.00158636 -0.00185101 -0.00190597 -0.00192121 -0.00183133 -0.00177124 -0.00185024 -0.00195416 -0.00186944 -0.00194689 -0.00190138 -0.00176862 -0.00184639 -0.00183031 -0.00178039 -0.00181559 -0.00178029 -0.00176069 -0.00179693 -0.00176256 -0.00175369 -0.00170122 -0.0017283 -0.00179556 -0.00183453 -0.00177483 -0.00174976 -0.00162167 -0.00166777 -0.00183013 -0.00170201 -0.00168032 -0.00177808 -0.00182194 -0.00177437 -0.00175688 -0.00183373 -0.00173961 -0.00180166 -0.00170118 -0.00164771 -0.00163044 -0.00170379 -0.00172656 -0.00175295 -0.0016936 -0.00174 -0.00171692 -0.00184358 -0.00176268 -0.00175189 -0.0017111 -0.00174595 -0.00167133 -0.00179 -0.00176246 -0.0017056 -0.00182006 -0.00172856 -0.00172585 -0.00182802 -0.00179617 -0.00180045 -0.00178647 -0.0016208 
-0.00175993 -0.00172918 -0.00176772 -0.00180287 -0.00172033 -0.00183123 -0.00197466 -0.00200038 -0.00190095 -0.00188645 -0.00198891 -0.00202342 -0.00203853 -0.00208898 -0.00211055 -0.00209163 -0.0022359 -0.00210972 -0.00208901 -0.00192294 -0.00180035 -0.00176308 -0.00164537 0.00232891 0.00258811 0.00266154 0.00285683 0.137395 0.00271393 0.00279356 0.00263481 0.00249211 0.00228466 -0.00144028 -0.00149232 -0.00147097 -0.00161983 -0.00180202 -0.00177279 -0.00186241 -0.00188761 -0.00184324 -0.00181776 -0.00191375 -0.00178481 -0.00189301 -0.00176099 -0.00171018 -0.00176995 -0.00182395 -0.00178072 -0.0017601 -0.00184336 -0.00175744 -0.00173342 -0.00178349 -0.00173316 -0.00170682 -0.00182813 -0.00168825 -0.00178526 -0.00173586 -0.00161099 -0.0016781 -0.00163003 -0.00169339 -0.00175327 -0.00172908 -0.00177586 -0.00176067 -0.00180912 -0.0017393 -0.00178905 -0.00177394 -0.00175979 -0.00167389 -0.00169647 -0.00174472 -0.00171725 -0.00170743 -0.00172586 -0.00170538 -0.00171647 -0.00172597 -0.00172798 -0.00168295 -0.00165278 -0.00160539 -0.00169931 -0.00177935 -0.00176477 -0.00179503 -0.00176504 -0.00171683 -0.00184481 -0.00177043 -0.0017526 -0.00180678 -0.0017026 -0.00168326 
-0.00170855 -0.00172973 -0.00184813 -0.00177664 -0.00167806 -0.00192582 -0.00183345 -0.00199272 -0.0018895 -0.00187312 -0.00201217 -0.00202682 -0.001926 -0.0020977 -0.00205827 -0.00204814 -0.00215041 -0.00214729 -0.00216933 -0.00206438 -0.00180159 -0.00186648 -0.00177578 -0.00157634 0.00241935 0.00250429 0.00267359 0.00271393 0.135568 0.00278436 0.00265981 0.00241827 0.00239953 0.00218669 -0.00132992 -0.00129388 -0.00147697 -0.00162311 -0.00167798 -0.00174853 -0.00180523 -0.00170363 -0.00185 -0.00184027 -0.00178419 -0.00184433 -0.00163358 -0.00170994 -0.00169172 -0.00165168 -0.00166966 -0.00168976 -0.00171767 -0.00172123 -0.00172748 -0.00177217 -0.00162257 -0.00176467 -0.00169801 -0.00173284 -0.00170446 -0.00162298 -0.00173534 -0.00165809 -0.00172614 -0.00176812 -0.00176519 -0.00172792 -0.00170787 -0.00165379 -0.00173306 -0.00172831 -0.00170533 -0.0017844 -0.00169181 -0.00168507 -0.0016081 -0.00180923 -0.00173534 -0.00182241 -0.00172021 -0.00172965 -0.00182143 -0.00172819 -0.00169286 -0.0017249 -0.00171824 -0.00164179 -0.00175144 -0.00164944 -0.00174713 -0.00167814 -0.00170757 -0.00172709 -0.00168108 -0.00168424 -0.00172829 -0.00167536 -0.00175236 -0.00163846 
-0.00168131 -0.00173026 -0.00177228 -0.00166649 -0.00181028 -0.00188191 -0.00192741 -0.00190113 -0.00190732 -0.00193122 -0.00202141 -0.00200008 -0.00190853 -0.00209206 -0.00208981 -0.00210188 -0.00219363 -0.00211108 -0.00207851 -0.00214376 -0.00171867 -0.00173199 -0.001707 -0.00145569 0.00243451 0.00244208 0.00261207 0.00279356 0.00278436 0.134107 0.00257966 0.00236839 0.0023371 0.00218753 -0.00134888 -0.00133713 -0.0014699 -0.00158121 -0.00164152 -0.00173716 -0.00170915 -0.00173851 -0.0018369 -0.0017541 -0.00183207 -0.00180833 -0.00168637 -0.00168467 -0.00174325 -0.00173161 -0.00167048 -0.00167416 -0.00166122 -0.0017531 -0.00172898 -0.00168838 -0.00174151 -0.00177896 -0.00163859 -0.00167401 -0.00167111 -0.00172603 -0.00170699 -0.00168999 -0.0017681 -0.00164467 -0.00167997 -0.00162661 -0.00168163 -0.00172017 -0.00170468 -0.00171764 -0.00164765 -0.00169331 -0.00165496 -0.00162142 -0.00167988 -0.0016469 -0.00162553 -0.00170286 -0.00171009 -0.00163812 -0.00168971 -0.00171241 -0.00168735 -0.0017002 -0.00173079 -0.00168293 -0.00153874 -0.00162321 -0.00168362 -0.00168558 -0.00174781 -0.00168134 -0.00168888 -0.0017048 -0.00171209 -0.00170475 -0.00173761 -0.00176221 
-0.00180602 -0.00173955 -0.00176081 -0.00178102 -0.0017922 -0.0018367 -0.00192029 -0.00185855 -0.00192835 -0.00187754 -0.00198505 -0.00199871 -0.0020163 -0.00221124 -0.00202897 -0.00209182 -0.00224838 -0.00214268 -0.0021375 -0.00228708 -0.00208671 -0.00201651 -0.00188263 -0.00158995 -0.00168187 0.00228675 0.00242702 0.00263481 0.00265981 0.00257966 0.134366 0.00266987 0.00243826 0.00235838 0.00219047 0.00211568 -0.00140377 -0.00146103 -0.0014643 -0.00168271 -0.00176916 -0.00176737 -0.00183023 -0.00183001 -0.00188611 -0.00181997 -0.00182673 -0.00172415 -0.00180992 -0.00179843 -0.00179605 -0.00170141 -0.00172356 -0.00169784 -0.00171025 -0.0017306 -0.00172814 -0.00173989 -0.00172228 -0.00179967 -0.00176078 -0.0018088 -0.00168855 -0.00158647 -0.00174902 -0.00168045 -0.00175295 -0.00169229 -0.00172885 -0.00168614 -0.00178508 -0.00175493 -0.00173454 -0.00181418 -0.00166304 -0.00173148 -0.00162895 -0.00173317 -0.00165025 -0.00174048 -0.00175471 -0.00159341 -0.00168532 -0.00168839 -0.00169098 -0.00169701 -0.0017393 -0.00164259 -0.00166144 -0.00174056 -0.00172302 -0.0017935 -0.00175334 -0.00174556 -0.00176572 -0.00170336 -0.0017356 -0.00174921 -0.00172471 -0.00163833 
-0.00172112 -0.00173452 -0.00174763 -0.00174454 -0.00172369 -0.00191075 -0.00193128 -0.00188583 -0.00191232 -0.0019159 -0.00194925 -0.00208132 -0.0018765 -0.00218058 -0.00212934 -0.00204553 -0.00213966 -0.0021907 -0.00209836 -0.00226178 -0.00218714 -0.0021031 -0.00201234 -0.00169367 -0.00172967 -0.00152038 0.00229518 0.00249211 0.00241827 0.00236839 0.00266987 0.132794 0.00255854 0.00249121 0.00219929 0.00216164 0.00213145 -0.00141041 -0.00129321 -0.00147688 -0.00163171 -0.00165248 -0.0018105 -0.00185018 -0.00181158 -0.0018525 -0.0017064 -0.00164274 -0.00181264 -0.00178526 -0.00174477 -0.00167257 -0.00170401 -0.00166043 -0.00171514 -0.0017546 -0.00173067 -0.00174338 -0.00161787 -0.00165778 -0.00177086 -0.00173276 -0.00165441 -0.00158997 -0.00164943 -0.00176591 -0.00166263 -0.00175079 -0.00170248 -0.00169426 -0.00165882 -0.00170832 -0.0017212 -0.00167746 -0.00161795 -0.00160535 -0.00157407 -0.00166468 -0.00166843 -0.00167922 -0.00168366 -0.00177036 -0.00167164 -0.00171538 -0.00171838 -0.00163466 -0.00178254 -0.0016634 -0.00166634 -0.00175286 -0.00167505 -0.0018209 -0.00169303 -0.00165059 -0.00171617 -0.00158404 -0.00160275 -0.00173521 -0.00169443 -0.00163484 
-0.0017102 -0.00178176 -0.00174936 -0.00172656 -0.00175656 -0.00184121 -0.00194172 -0.00185681 -0.00192433 -0.00175692 -0.00193543 -0.00199621 -0.00192466 -0.00211404 -0.00209432 -0.00212515 -0.00222744 -0.00214905 -0.00200889 -0.0022527 -0.00208589 -0.00223142 -0.00213024 -0.00186242 -0.00187729 -0.00158039 -0.00145755 0.00228466 0.00239953 0.0023371 0.00243826 0.00255854 0.131754 0.00263684 0.00229451 0.00225993 0.00219407 0.00203292 -0.00130958 -0.00137536 -0.00164419 -0.00143643 -0.00173973 -0.00170156 -0.00172272 -0.00175519 -0.00174663 -0.0016931 -0.00161626 -0.00175237 -0.00162949 -0.00165202 -0.00168864 -0.0016599 -0.00169318 -0.00172683 -0.00164939 -0.00167839 -0.00164297 -0.00164649 -0.00167997 -0.00173362 -0.00166811 -0.00157192 -0.00167723 -0.00173931 -0.00156517 -0.00159059 -0.00167333 -0.00175477 -0.00167323 -0.00168845 -0.00171832 -0.00165117 -0.00162216 -0.0016211 -0.00166027 -0.00169419 -0.00167577 -0.00174798 -0.00169709 -0.00170418 -0.0016398 -0.00166017 -0.00170933 -0.00165331 -0.00158606 -0.0015923 -0.00153457 -0.00165409 -0.00169685 -0.00172478 -0.00170061 -0.00173289 -0.0016959 -0.00175116 -0.00169934 -0.00176145 -0.00172954 -0.00160148 
