0.123014 0.00234805 0.00226137 0.00217104 0.0019279 0.00204119 -0.00117527 -0.00136222 -0.00136265 -0.00146652 -0.00166009 -0.00174172 -0.00168635 -0.00185992 -0.00182318 -0.00181866 -0.00196215 -0.00191199 -0.00182892 -0.00190553 -0.00182001 -0.00193643 -0.00197536 -0.00177999 -0.00193095 -0.00186343 -0.00179262 -0.00171995 -0.00171242 -0.00166755 -0.00171228 -0.00176575 -0.00169534 -0.00168471 -0.00163374 -0.00154332 -0.0016145 -0.00161035 -0.00163481 -0.00160708 -0.00160683 -0.00148388 -0.00161876 -0.00160955 -0.00161142 -0.00161796 -0.001481 -0.00145146 -0.00156286 -0.00151155 -0.00153679 -0.00145767 -0.00145572 -0.00151656 -0.00155595 -0.0015107 -0.00161801 -0.00153137 -0.00142972 -0.00151296 -0.00152764 -0.0014598 -0.00155063 -0.0014394 -0.00143701 -0.00150312 -0.00161263 -0.00148156 -0.00150208 -0.00150722 -0.00155042 -0.00158639 -0.00157012 -0.00148398 -0.00144512 -0.00143898 -0.00146872 -0.00148663 -0.00144216 -0.00148102 -0.00155354 -0.00150436 -0.00154671 -0.00146346 -0.00145231 -0.00154592 -0.0015361 -0.00138771 -0.00142086 -0.00156726 -0.00154774 -0.00137831 -0.00133884 -0.00127329 -0.00131304 -0.00110272 0.00189739 0.00196071 0.00205114 0.00218019 
0.00234805 0.123551 0.00224404 0.00220461 0.00215083 0.00219285 0.00200461 -0.00113054 -0.00131509 -0.00134222 -0.00149368 -0.00169652 -0.0016734 -0.00187697 -0.00186297 -0.0018429 -0.0019045 -0.00192057 -0.00187947 -0.00205044 -0.00202123 -0.00199284 -0.00198014 -0.0017824 -0.00194661 -0.00193497 -0.00177576 -0.00176655 -0.00181852 -0.00168403 -0.00181418 -0.00164815 -0.00174089 -0.00170063 -0.00154464 -0.00168448 -0.00171908 -0.0017187 -0.0016536 -0.00153238 -0.00157095 -0.00148543 -0.00162091 -0.00161682 -0.00161565 -0.00157314 -0.00156533 -0.00158157 -0.00151805 -0.00152371 -0.00157241 -0.0014462 -0.00152949 -0.00150205 -0.00157476 -0.00155739 -0.00151426 -0.00160774 -0.00149981 -0.00148537 -0.00151011 -0.00148798 -0.00144418 -0.00142351 -0.001478 -0.00148981 -0.0014572 -0.00159454 -0.00143145 -0.00150373 -0.00155036 -0.0014789 -0.00154092 -0.0015033 -0.00131006 -0.00143203 -0.00138195 -0.00148773 -0.00154856 -0.00150526 -0.00146342 -0.00159057 -0.0015089 -0.00156176 -0.00151706 -0.00147131 -0.00148712 -0.00145781 -0.00144496 -0.00157469 -0.00153081 -0.00149585 -0.00149801 -0.00136642 -0.0013136 -0.00126006 -0.00113279 0.00189381 0.00196214 0.00209326 
0.00226137 0.00224404 0.124237 0.00228069 0.00222332 0.00220691 0.00220526 0.00198305 -0.00120292 -0.00126203 -0.00139579 -0.00165892 -0.00162872 -0.00187211 -0.00183901 -0.00181578 -0.00195168 -0.0019983 -0.00185133 -0.00207675 -0.00195044 -0.00192898 -0.00197785 -0.00186502 -0.00197712 -0.00186075 -0.00175408 -0.00181126 -0.00178119 -0.00169004 -0.0017808 -0.00172292 -0.00173439 -0.00164516 -0.00159472 -0.00154421 -0.00175983 -0.00163555 -0.00163945 -0.00164072 -0.00153803 -0.00162322 -0.00160001 -0.00160656 -0.00162449 -0.00162555 -0.00156232 -0.00156708 -0.00148156 -0.00159426 -0.00147572 -0.00151386 -0.00156224 -0.00153104 -0.00145999 -0.00154862 -0.00152041 -0.00149368 -0.00158679 -0.00146046 -0.0015573 -0.00157138 -0.00146844 -0.00142696 -0.00152348 -0.00147243 -0.00154415 -0.00141779 -0.00152992 -0.00150796 -0.00144035 -0.00147081 -0.0014786 -0.00156387 -0.00146185 -0.00147965 -0.00149407 -0.00161714 -0.00160614 -0.0015528 -0.00156444 -0.0015288 -0.00162899 -0.00161721 -0.00153497 -0.00143491 -0.00142045 -0.00146126 -0.00143469 -0.00148822 -0.00144236 -0.00149339 -0.00152332 -0.00148794 -0.00149434 -0.00136746 -0.0013564 -0.00118535 0.00183163 0.00199979 
0.00217104 0.00220461 0.00228069 0.124509 0.00233149 0.00235357 0.00228787 0.00215722 0.0019856 -0.00111838 -0.00139678 -0.00149606 -0.00143139 -0.00175093 -0.00187343 -0.00178889 -0.00199273 -0.00188418 -0.00187938 -0.00202954 -0.00188894 -0.00181825 -0.00192418 -0.00184034 -0.00198007 -0.00197067 -0.00184979 -0.00180163 -0.00187027 -0.00173007 -0.00183182 -0.0017564 -0.00173842 -0.00169171 -0.00165919 -0.00156622 -0.00176773 -0.00168752 -0.00165765 -0.00160698 -0.00150316 -0.00150061 -0.00160013 -0.00163385 -0.00162699 -0.00159686 -0.00163841 -0.00143572 -0.00156699 -0.0016209 -0.00148157 -0.00147218 -0.00155832 -0.00159028 -0.00156293 -0.00154329 -0.00158772 -0.00152441 -0.00153961 -0.00155073 -0.00154018 -0.00149282 -0.00143221 -0.0014024 -0.00155406 -0.00150469 -0.00149118 -0.0015478 -0.00160894 -0.00154606 -0.0015962 -0.00157388 -0.00148127 -0.00161026 -0.00149375 -0.00146838 -0.00144631 -0.00151223 -0.00160361 -0.00150777 -0.00155206 -0.0016203 -0.00149073 -0.00160574 -0.00154315 -0.00152857 -0.00153671 -0.00154005 -0.00145559 -0.00158551 -0.00155358 -0.00161754 -0.00151453 -0.00155498 -0.00152788 -0.00149527 -0.00135877 -0.00116349 -0.00116471 0.0019559 
0.0019279 0.00215083 0.00222332 0.00233149 0.125225 0.00249559 0.00235724 0.00230908 0.00224162 0.0021075 -0.00121091 -0.00133927 -0.00141209 -0.0016057 -0.00177255 -0.00187833 -0.00185805 -0.00190212 -0.00196831 -0.00201792 -0.00202264 -0.00183617 -0.00193557 -0.00182819 -0.00209238 -0.00198916 -0.00181961 -0.00180711 -0.00174968 -0.00175981 -0.00183677 -0.00175836 -0.0017432 -0.00172834 -0.00169605 -0.00168704 -0.00167827 -0.00166873 -0.00177872 -0.00164047 -0.00171898 -0.0016018 -0.00159912 -0.00154044 -0.00164255 -0.00159927 -0.00151958 -0.0015051 -0.00175783 -0.00165968 -0.00157528 -0.00153634 -0.00150361 -0.00158954 -0.00160072 -0.00154692 -0.00153373 -0.00153449 -0.00152147 -0.00151111 -0.00148922 -0.00159246 -0.00150517 -0.00146009 -0.00146707 -0.00159919 -0.00151819 -0.00156658 -0.00156624 -0.00158588 -0.0015919 -0.0015951 -0.00154226 -0.00149863 -0.00143545 -0.00145896 -0.00147729 -0.00152824 -0.00159976 -0.0015623 -0.00153767 -0.00170766 -0.00151848 -0.00150605 -0.00149658 -0.00153868 -0.0016124 -0.00156927 -0.00154368 -0.00155623 -0.00161497 -0.00152818 -0.00160386 -0.00147098 -0.00153855 -0.00163603 -0.00140985 -0.00134712 -0.00125726 -0.00111677 
0.00204119 0.00219285 0.00220691 0.00235357 0.00249559 0.128309 0.00244205 0.00232581 0.00225213 0.00223242 0.00201714 -0.00146406 -0.00136322 -0.00160942 -0.00181927 -0.0017792 -0.00210425 -0.00209831 -0.00201242 -0.00210302 -0.00204309 -0.0020993 -0.00211843 -0.00190525 -0.00216838 -0.00215009 -0.00195645 -0.00191248 -0.0019068 -0.00180983 -0.00185832 -0.00188492 -0.00183013 -0.00182168 -0.00174135 -0.00169539 -0.00172475 -0.0017669 -0.00179709 -0.00177295 -0.0017219 -0.0016961 -0.00177674 -0.00166491 -0.00177357 -0.00168836 -0.00167569 -0.00170496 -0.00161217 -0.00161566 -0.00164578 -0.0015677 -0.0015626 -0.00163918 -0.00165353 -0.00161451 -0.00154554 -0.00161147 -0.00163017 -0.00163941 -0.00159113 -0.00171589 -0.00150552 -0.00155185 -0.00166747 -0.00162316 -0.00156589 -0.00153786 -0.00158157 -0.0016513 -0.00163616 -0.00162531 -0.00162019 -0.00156349 -0.00156945 -0.00159925 -0.00152551 -0.00167525 -0.00163149 -0.00170951 -0.00150606 -0.00168009 -0.00162687 -0.00162812 -0.0015818 -0.00160178 -0.00165985 -0.00151203 -0.00156709 -0.00165508 -0.00168983 -0.00165254 -0.00166602 -0.00160961 -0.00170583 -0.00159167 -0.00149237 -0.00145661 -0.00131869 -0.0011626 
-0.00117527 0.00200461 0.00220526 0.00228787 0.00235724 0.00244205 0.129106 0.00254782 0.00248581 0.00233973 0.00211259 0.00218404 -0.00130943 -0.00155587 -0.00175185 -0.00177075 -0.00195346 -0.0020513 -0.00209252 -0.00215692 -0.00208115 -0.00199207 -0.00201138 -0.00193527 -0.00222235 -0.00206509 -0.00195251 -0.00190684 -0.00192229 -0.00183231 -0.00182432 -0.00179085 -0.00180654 -0.00189296 -0.00169663 -0.00180618 -0.0018433 -0.00173731 -0.00179954 -0.00171016 -0.00179553 -0.00169954 -0.00179115 -0.00172922 -0.00169171 -0.00177671 -0.00168672 -0.00168737 -0.00170651 -0.00163952 -0.00168826 -0.00163921 -0.00155129 -0.0016568 -0.0016343 -0.0017373 -0.00169498 -0.00161057 -0.00165578 -0.00164231 -0.00165564 -0.00161648 -0.00163576 -0.0015406 -0.00162177 -0.00158808 -0.00158902 -0.00169759 -0.00167088 -0.00162165 -0.00162471 -0.00165836 -0.00170548 -0.00163097 -0.00151182 -0.00164389 -0.00161125 -0.00168487 -0.00172533 -0.00173498 -0.00165902 -0.00164245 -0.00161676 -0.00168038 -0.00165016 -0.00176225 -0.00165329 -0.0015189 -0.00158779 -0.00161694 -0.00163153 -0.00161285 -0.00165031 -0.00169269 -0.00169219 -0.00155575 -0.00165294 -0.00143962 -0.00142113 -0.00120579 
-0.00136222 -0.00113054 0.00198305 0.00215722 0.00230908 0.00232581 0.00254782 0.130245 0.00252892 0.00234607 0.00235756 0.002268 0.00223376 -0.00145985 -0.00151253 -0.0016603 -0.00191229 -0.00204042 -0.00207935 -0.00211348 -0.00213432 -0.00211863 -0.00211626 -0.0019686 -0.00213676 -0.00207629 -0.00196741 -0.00192246 -0.00188028 -0.00187781 -0.00188052 -0.00190634 -0.00192817 -0.00191454 -0.0017489 -0.00170322 -0.00188409 -0.00184013 -0.00172993 -0.00177476 -0.0017594 -0.00166591 -0.00169959 -0.00166633 -0.00171109 -0.00171246 -0.00169721 -0.00166765 -0.0016838 -0.00169286 -0.00172964 -0.00166875 -0.00166969 -0.0016862 -0.00163935 -0.00162581 -0.00164392 -0.00167204 -0.00172883 -0.00163096 -0.00163759 -0.00175014 -0.00153324 -0.0016076 -0.00173281 -0.00163445 -0.00168452 -0.00161038 -0.00169106 -0.00164897 -0.00164948 -0.00163658 -0.00167329 -0.00157032 -0.00160759 -0.00161079 -0.00155756 -0.00166698 -0.00178433 -0.0016347 -0.0017002 -0.00165233 -0.00166744 -0.00167205 -0.00159614 -0.00160183 -0.00162688 -0.00164212 -0.00154701 -0.00172261 -0.00170147 -0.00165534 -0.00173079 -0.00165783 -0.0016897 -0.00168021 -0.00170386 -0.00168791 -0.00156812 -0.00144454 
-0.00136265 -0.00131509 -0.00120292 0.0019856 0.00224162 0.00225213 0.00248581 0.00252892 0.131639 0.00259545 0.00255079 0.0025508 0.00240081 0.00235039 -0.00150593 -0.00143463 -0.00180169 -0.00205769 -0.00186007 -0.00227124 -0.00225841 -0.00221231 -0.00218615 -0.00207077 -0.00217124 -0.00210079 -0.00199203 -0.00198462 -0.00191482 -0.00186447 -0.00206975 -0.0020176 -0.00188995 -0.00189386 -0.00184261 -0.00167456 -0.00178596 -0.00178193 -0.00180241 -0.00172937 -0.00174847 -0.00171137 -0.00175306 -0.00176847 -0.0017931 -0.00181263 -0.0017662 -0.00168024 -0.0016846 -0.00172592 -0.00166678 -0.00171436 -0.00167966 -0.00180994 -0.00157279 -0.00176209 -0.001771 -0.00164492 -0.00175021 -0.00161016 -0.00163168 -0.00173995 -0.00167688 -0.00163029 -0.00157063 -0.00169065 -0.00168528 -0.00161636 -0.00165096 -0.00177363 -0.00160249 -0.00166214 -0.00157057 -0.00174806 -0.00159022 -0.00157843 -0.00171356 -0.00177773 -0.00175676 -0.00173791 -0.00173166 -0.00170301 -0.00170121 -0.00176174 -0.00170943 -0.00173239 -0.00166423 -0.00169593 -0.00165416 -0.00167736 -0.00168838 -0.00166343 -0.00169613 -0.00166924 -0.00169117 -0.00174983 -0.00168097 -0.00169986 -0.00161458 -0.00151138 
-0.00146652 -0.00134222 -0.00126203 -0.00111838 0.0021075 0.00223242 0.00233973 0.00234607 0.00259545 0.130139 0.00255396 0.00246344 0.00238598 0.00229758 -0.00140199 -0.00130601 -0.00157085 -0.00184921 -0.00187237 -0.00213066 -0.00207282 -0.00197895 -0.00203939 -0.00187124 -0.00210534 -0.00216751 -0.00192289 -0.00186967 -0.0018534 -0.00187268 -0.00200516 -0.00200653 -0.00190475 -0.0018849 -0.00178942 -0.00181706 -0.00188016 -0.00172311 -0.00181254 -0.00165004 -0.00172201 -0.00168703 -0.00171393 -0.00163587 -0.00175043 -0.00167015 -0.00170096 -0.00166051 -0.00165967 -0.00166932 -0.0016154 -0.00166928 -0.00161861 -0.00167116 -0.00161777 -0.00163361 -0.00166553 -0.00165017 -0.00172767 -0.00163941 -0.00162842 -0.00172605 -0.00156948 -0.00151409 -0.00166419 -0.00157836 -0.00153526 -0.00154291 -0.00163226 -0.0015801 -0.00164008 -0.00159221 -0.00163342 -0.00168759 -0.00149144 -0.00161531 -0.00160532 -0.00166123 -0.00171401 -0.00166582 -0.00161392 -0.00166433 -0.00163248 -0.00167503 -0.00162855 -0.00163532 -0.00165326 -0.00150251 -0.00158512 -0.00160677 -0.00162901 -0.00148275 -0.0016565 -0.00165144 -0.00160725 -0.00159802 -0.00167441 -0.00162647 -0.00157854 -0.00155571 
-0.00166009 -0.00149368 -0.00139579 -0.00139678 -0.00121091 0.00201714 0.00211259 0.00235756 0.00255079 0.00255396 0.134857 0.00271368 0.00263638 0.00262678 0.00239835 0.00249763 -0.00157484 -0.00191173 -0.00172198 -0.00197338 -0.00222171 -0.00216847 -0.00228088 -0.00198469 -0.00221362 -0.0022405 -0.0021692 -0.0020182 -0.00201488 -0.00205662 -0.00196953 -0.0020577 -0.00195917 -0.00199358 -0.0019534 -0.00183774 -0.00190576 -0.0019253 -0.00198921 -0.0018339 -0.00179749 -0.00167374 -0.00189279 -0.0019213 -0.00196817 -0.00188847 -0.00171992 -0.00181785 -0.00169482 -0.00176344 -0.00179436 -0.00174716 -0.00172101 -0.00187678 -0.00177855 -0.00177453 -0.00173507 -0.0017813 -0.00174855 -0.00173241 -0.00172219 -0.00176479 -0.00159874 -0.00166019 -0.0016632 -0.0018524 -0.00164541 -0.00170859 -0.00177544 -0.00168327 -0.00182256 -0.00168564 -0.00176115 -0.00174999 -0.00159676 -0.00164009 -0.00167423 -0.00176501 -0.00178762 -0.00177795 -0.00167928 -0.00170766 -0.00171727 -0.00175774 -0.00171758 -0.00172253 -0.00165579 -0.00160721 -0.00161829 -0.00161521 -0.00174768 -0.00170677 -0.00178956 -0.0016784 -0.00179026 -0.00174816 -0.00175051 -0.0017323 -0.00165438 -0.00162919 
-0.00174172 -0.00169652 -0.00165892 -0.00149606 -0.00133927 -0.00146406 0.00218404 0.002268 0.0025508 0.00246344 0.00271368 0.136966 0.00282551 0.00271593 0.0025315 0.00254579 0.00234141 -0.00172187 -0.00169087 -0.00195874 -0.00215516 -0.00205423 -0.00217092 -0.00209754 -0.00225926 -0.00229938 -0.00209535 -0.00206509 -0.00200997 -0.00204305 -0.00204173 -0.00202895 -0.00199449 -0.00192756 -0.0019036 -0.00183525 -0.0018803 -0.00197336 -0.00193016 -0.00183744 -0.0018545 -0.0018315 -0.00189634 -0.0018929 -0.00194328 -0.00182165 -0.00189852 -0.0017879 -0.00182053 -0.00185955 -0.0017832 -0.00178092 -0.00176777 -0.00189865 -0.00180105 -0.00171329 -0.00183013 -0.00176666 -0.00171613 -0.00180439 -0.00186319 -0.00176904 -0.00171104 -0.00171555 -0.00178069 -0.00176636 -0.00171919 -0.00177107 -0.00181085 -0.00179186 -0.0016966 -0.00162114 -0.00178893 -0.00171357 -0.00176079 -0.00166802 -0.00186873 -0.00184551 -0.0017705 -0.00175359 -0.00178468 -0.00179936 -0.00172267 -0.00183963 -0.00177233 -0.00177284 -0.00177759 -0.00168917 -0.00169873 -0.00178146 -0.00180562 -0.00191077 -0.00179007 -0.00170448 -0.00166959 -0.00168234 -0.00168412 -0.00181927 -0.00167166 -0.00170329 
-0.00168635 -0.0016734 -0.00162872 -0.00143139 -0.00141209 -0.00136322 -0.00130943 0.00223376 0.00240081 0.00238598 0.00263638 0.00282551 0.13529 0.00269961 0.00254423 0.0024933 0.00237265 -0.00160007 -0.00156027 -0.00181188 -0.00200832 -0.00200479 -0.00217084 -0.0019081 -0.00217842 -0.00211534 -0.00210783 -0.00196298 -0.00198274 -0.0019753 -0.0020327 -0.00202261 -0.00200724 -0.00192654 -0.00179207 -0.0019105 -0.00193429 -0.00188091 -0.00186721 -0.00183009 -0.00179406 -0.00180075 -0.00176954 -0.00177953 -0.00183638 -0.00183558 -0.00169611 -0.00171251 -0.00174145 -0.00178504 -0.00177435 -0.0017779 -0.00171328 -0.00179709 -0.00173625 -0.00171847 -0.00173934 -0.00169506 -0.00173067 -0.00170964 -0.00175415 -0.0017672 -0.00168879 -0.00155782 -0.00165697 -0.00161121 -0.00169756 -0.00170588 -0.00171318 -0.00171946 -0.00169432 -0.00166228 -0.00166515 -0.00170079 -0.00162415 -0.00172546 -0.00161562 -0.00166595 -0.00171848 -0.00182012 -0.00165081 -0.00162326 -0.00168888 -0.00172386 -0.00163592 -0.00176127 -0.00174152 -0.00157885 -0.00163811 -0.00169833 -0.00173853 -0.00170526 -0.00175145 -0.00171055 -0.00174746 -0.00176414 -0.00170677 -0.00173538 -0.00170889 -0.00156968 
-0.00185992 -0.00187697 -0.00187211 -0.00175093 -0.0016057 -0.00160942 -0.00155587 -0.00145985 0.00235039 0.00229758 0.00262678 0.00271593 0.00269961 0.14031 0.00280725 0.00282292 0.00273491 0.00240651 0.00234575 -0.00181674 -0.00192546 -0.00187632 -0.00200213 -0.00208162 -0.00232915 -0.00231705 -0.00211395 -0.0021415 -0.00207185 -0.0020762 -0.00211753 -0.00215741 -0.00200919 -0.002139 -0.00190069 -0.00196855 -0.00192739 -0.0020144 -0.00200052 -0.00198627 -0.00186035 -0.00192463 -0.00194569 -0.00194098 -0.0019728 -0.00193728 -0.00183073 -0.00188331 -0.00187272 -0.00189689 -0.00182954 -0.00176941 -0.00186873 -0.00185312 -0.00176292 -0.00193264 -0.00178032 -0.0018415 -0.00179601 -0.00181549 -0.00178348 -0.00184345 -0.00171565 -0.00173465 -0.0018913 -0.0017334 -0.00181487 -0.00178854 -0.00191147 -0.00185636 -0.00182917 -0.00176074 -0.00177439 -0.00175397 -0.0016421 -0.00173213 -0.00174716 -0.00185153 -0.00177269 -0.00176188 -0.00174051 -0.0018486 -0.00183098 -0.00182968 -0.00184145 -0.00182262 -0.00191319 -0.00174675 -0.00169981 -0.00174292 -0.00183053 -0.00180888 -0.00187542 -0.00179538 -0.0019674 -0.0018819 -0.00186104 -0.0018761 -0.00189301 -0.00173362 
-0.00182318 -0.00186297 -0.00183901 -0.00187343 -0.00177255 -0.00181927 -0.00175185 -0.00151253 -0.00150593 -0.00140199 0.00239835 0.0025315 0.00254423 0.00280725 0.139763 0.00312047 0.00286599 0.00268465 0.00273311 0.00262294 -0.00167758 -0.00165797 -0.00185955 -0.00197176 -0.00215904 -0.00234876 -0.00212029 -0.0020507 -0.00205002 -0.00208143 -0.00209976 -0.00208141 -0.0020385 -0.00199993 -0.00199754 -0.00194885 -0.00201696 -0.00192675 -0.00197993 -0.00189988 -0.00190309 -0.00181156 -0.00197033 -0.00196693 -0.0019701 -0.00201017 -0.00175509 -0.00178223 -0.00175265 -0.00185316 -0.00190898 -0.00180701 -0.00182622 -0.00178374 -0.00178192 -0.00184803 -0.00175155 -0.00175958 -0.00177391 -0.00179491 -0.00175226 -0.00175528 -0.00166118 -0.00170239 -0.00173213 -0.00174865 -0.00182842 -0.00177601 -0.00171822 -0.00189687 -0.00173514 -0.00182994 -0.00174606 -0.00167627 -0.00165059 -0.00163999 -0.00162487 -0.00163945 -0.00172691 -0.00175158 -0.00176894 -0.00180967 -0.00184006 -0.00173678 -0.00171625 -0.00178431 -0.00180011 -0.00171028 -0.00166204 -0.0017608 -0.00185622 -0.00180294 -0.00176699 -0.0017551 -0.00187039 -0.00178691 -0.00175642 -0.00185786 -0.00175568 -0.00174118 
-0.00181866 -0.0018429 -0.00181578 -0.00178889 -0.00187833 -0.0017792 -0.00177075 -0.0016603 -0.00143463 -0.00130601 0.00249763 0.00254579 0.0024933 0.00282292 0.00312047 0.141194 0.00292912 0.00279459 0.00267105 0.00265031 -0.00167586 -0.00170426 -0.00181666 -0.00192299 -0.00222437 -0.00217937 -0.00208085 -0.00212861 -0.00208646 -0.00201455 -0.00218083 -0.0020738 -0.00192753 -0.00201604 -0.00186072 -0.00189629 -0.00198821 -0.00197563 -0.00200785 -0.00185614 -0.00197727 -0.00185794 -0.00192271 -0.00201298 -0.00186101 -0.00201873 -0.00189514 -0.00179226 -0.00186094 -0.00190556 -0.00185249 -0.00183557 -0.00185019 -0.00183202 -0.00178732 -0.00178548 -0.00178322 -0.00184171 -0.00180647 -0.0018365 -0.00178852 -0.00187716 -0.00174213 -0.00168951 -0.00171953 -0.00178338 -0.00176363 -0.00176721 -0.00176337 -0.00173224 -0.00181834 -0.00186707 -0.00168288 -0.00186638 -0.00176418 -0.00172502 -0.00174398 -0.00182646 -0.00179464 -0.0018719 -0.00184463 -0.00180787 -0.00176207 -0.00178694 -0.00183632 -0.0018256 -0.00183277 -0.00176228 -0.00172534 -0.00180728 -0.00182678 -0.00181598 -0.0018393 -0.00187649 -0.00184851 -0.00188014 -0.00178949 -0.00178352 -0.00181406 -0.00163845 
-0.00196215 -0.0019045 -0.00195168 -0.00199273 -0.00185805 -0.00210425 -0.00195346 -0.00191229 -0.00180169 -0.00157085 -0.00157484 0.00234141 0.00237265 0.00273491 0.00286599 0.00292912 0.146067 0.00296737 0.00306433 0.00293657 0.00268798 0.00260595 -0.00150007 -0.00174581 -0.00198857 -0.00210499 -0.00210109 -0.00215005 -0.0022915 -0.00221314 -0.00235727 -0.00226814 -0.00215044 -0.0020825 -0.00199205 -0.00200322 -0.0019711 -0.00204189 -0.00200952 -0.00199131 -0.00202826 -0.00207328 -0.00207823 -0.00204547 -0.00203991 -0.00202561 -0.00196085 -0.0019179 -0.0018713 -0.00194476 -0.00190723 -0.0019539 -0.00181919 -0.00197386 -0.00201925 -0.00190909 -0.00189196 -0.00189605 -0.00200023 -0.00201163 -0.00203652 -0.00182158 -0.00178223 -0.00182505 -0.00186259 -0.00197758 -0.00197907 -0.00199389 -0.00188594 -0.00187202 -0.00195962 -0.00198076 -0.00188619 -0.00192749 -0.00189596 -0.00183657 -0.00181331 -0.00199612 -0.00186553 -0.00195798 -0.00201342 -0.00191779 -0.00192945 -0.00190065 -0.00186858 -0.00201286 -0.00188713 -0.00172072 -0.00187842 -0.00196549 -0.00191108 -0.00187429 -0.00186329 -0.00203543 -0.0019141 -0.00197978 -0.00194424 -0.00198321 -0.00193733 -0.00196336 
-0.00191199 -0.00192057 -0.0019983 -0.00188418 -0.00190212 -0.00209831 -0.0020513 -0.00204042 -0.00205769 -0.00184921 -0.00191173 -0.00172187 -0.00160007 0.00240651 0.00268465 0.00279459 0.00296737 0.144585 0.00321643 0.00305349 0.00289504 0.00275764 0.00277338 -0.00155172 -0.00175183 -0.00185062 -0.00208614 -0.00206813 -0.00207989 -0.0020282 -0.00214797 -0.00209548 -0.00204995 -0.0020925 -0.00192276 -0.00194817 -0.00204029 -0.0019675 -0.00204185 -0.00196662 -0.00185402 -0.00186047 -0.00199776 -0.00190146 -0.00193577 -0.00202484 -0.00187022 -0.00184659 -0.00182097 -0.00181568 -0.00186737 -0.00190494 -0.00188614 -0.00185685 -0.00171996 -0.00186428 -0.00184232 -0.00189765 -0.00175746 -0.00187905 -0.00183449 -0.00190492 -0.00172229 -0.00175871 -0.00187063 -0.00184848 -0.00188906 -0.00190273 -0.00191634 -0.00193289 -0.00177955 -0.00179889 -0.00185564 -0.00191938 -0.00178402 -0.00186942 -0.00176735 -0.00188097 -0.00175745 -0.00183031 -0.00181647 -0.00196159 -0.00186151 -0.00181452 -0.00199728 -0.0018403 -0.00187267 -0.0017527 -0.00183318 -0.00181657 -0.00178179 -0.00189363 -0.00183821 -0.00189822 -0.00186465 -0.00197522 -0.00194919 -0.00184567 -0.00179124 -0.00186473 
-0.00182892 -0.00187947 -0.00185133 -0.00187938 -0.00196831 -0.00201242 -0.00209252 -0.00207935 -0.00186007 -0.00187237 -0.00172198 -0.00169087 -0.00156027 0.00234575 0.00273311 0.00267105 0.00306433 0.00321643 0.145543 0.00308359 0.00268945 0.00288177 0.00276084 -0.00147582 -0.00185723 -0.00193845 -0.00208505 -0.00217813 -0.00221292 -0.00206308 -0.00220934 -0.00220603 -0.00206927 -0.00209526 -0.00206974 -0.00189512 -0.00204742 -0.00201338 -0.00204277 -0.00204501 -0.00198657 -0.00191223 -0.00206566 -0.00201381 -0.00200758 -0.0019361 -0.00183436 -0.00192777 -0.0018497 -0.00189591 -0.00190105 -0.0019019 -0.00192123 -0.00191459 -0.00186581 -0.00185068 -0.00185376 -0.00187404 -0.00192195 -0.00185172 -0.00182265 -0.00184791 -0.00177642 -0.00167093 -0.00189203 -0.00188172 -0.00190821 -0.00184107 -0.001864 -0.00179105 -0.00177075 -0.0018901 -0.00184912 -0.00187757 -0.00170144 -0.00181896 -0.00182033 -0.00186054 -0.00192619 -0.00190971 -0.00189054 -0.00178775 -0.00186182 -0.00184191 -0.00191815 -0.00186964 -0.00188776 -0.00173093 -0.00181226 -0.00179765 -0.00187187 -0.00189273 -0.00188376 -0.00191966 -0.00188969 -0.00191956 -0.00189311 -0.00190241 -0.00185827 -0.00175146 
-0.00190553 -0.00205044 -0.00207675 -0.00202954 -0.00201792 -0.00210302 -0.00215692 -0.00211348 -0.00227124 -0.00213066 -0.00197338 -0.00195874 -0.00181188 -0.00181674 0.00262294 0.00265031 0.00293657 0.00305349 0.00308359 0.149562 0.0030847 0.00307862 0.0029686 0.0026468 0.00268336 -0.00177236 -0.00193483 -0.00206296 -0.00212354 -0.00212179 -0.00227528 -0.00220598 -0.00234058 -0.00223757 -0.00207621 -0.00197331 -0.00213138 -0.00220437 -0.00209125 -0.00217062 -0.00201806 -0.00198171 -0.00203832 -0.0021563 -0.00197133 -0.00214721 -0.0020591 -0.0019491 -0.00201354 -0.00206116 -0.00203417 -0.00207143 -0.00201164 -0.00197572 -0.00188814 -0.00205005 -0.00196177 -0.00200637 -0.00196612 -0.00190075 -0.0019387 -0.00200186 -0.00180506 -0.0019038 -0.00198291 -0.00198421 -0.00197383 -0.00193418 -0.00198733 -0.00200903 -0.00192204 -0.00203243 -0.00203918 -0.00190063 -0.001809 -0.00183707 -0.00195061 -0.00188306 -0.00200861 -0.00201904 -0.00200135 -0.00194221 -0.00203819 -0.00195771 -0.00189039 -0.00206228 -0.00198515 -0.00179258 -0.00190218 -0.00194298 -0.00194803 -0.00187095 -0.00195146 -0.00194983 -0.00199834 -0.00198798 -0.0020024 -0.00199429 -0.00193292 -0.00189699 
-0.00182001 -0.00202123 -0.00195044 -0.00188894 -0.00202264 -0.00204309 -0.00208115 -0.00213432 -0.00225841 -0.00207282 -0.00222171 -0.00215516 -0.00200832 -0.00192546 -0.00167758 -0.00167586 0.00268798 0.00289504 0.00268945 0.0030847 0.146666 0.00318227 0.00301035 0.00279239 0.00266647 0.00248567 -0.00173014 -0.00183739 -0.0019137 -0.00179836 -0.00213772 -0.00213497 -0.00208986 -0.00203472 -0.00206771 -0.00202054 -0.00207997 -0.00197257 -0.00193379 -0.00199796 -0.00188702 -0.00198725 -0.00207075 -0.00203636 -0.00205078 -0.00196857 -0.00196657 -0.00187799 -0.00188133 -0.00173452 -0.00191949 -0.00187254 -0.00184492 -0.00187717 -0.00191026 -0.00185476 -0.00189062 -0.00192824 -0.00184028 -0.00184985 -0.00186047 -0.00184216 -0.00178081 -0.00183291 -0.00189122 -0.00192546 -0.00186354 -0.00192215 -0.00192168 -0.00196972 -0.00192861 -0.00184407 -0.00185891 -0.0018421 -0.00177853 -0.00187807 -0.001711 -0.00181885 -0.00184237 -0.00188983 -0.0018242 -0.0017673 -0.00189297 -0.0019006 -0.0018488 -0.00192572 -0.00178801 -0.00180961 -0.00179242 -0.00182185 -0.00177666 -0.00192855 -0.00187499 -0.00185253 -0.00183179 -0.00199525 -0.00184867 -0.0018276 -0.0018537 -0.0018412 
-0.00193643 -0.00199284 -0.00192898 -0.00181825 -0.00183617 -0.0020993 -0.00199207 -0.00211863 -0.00221231 -0.00197895 -0.00216847 -0.00205423 -0.00200479 -0.00187632 -0.00165797 -0.00170426 0.00260595 0.00275764 0.00288177 0.00307862 0.00318227 0.146141 0.00315549 0.00286298 0.00282207 0.00269139 -0.00168441 -0.00172367 -0.00183324 -0.00178462 -0.00206584 -0.00202888 -0.00213995 -0.00210992 -0.00204973 -0.00191775 -0.00210323 -0.00200696 -0.00206659 -0.0020856 -0.00192615 -0.00191964 -0.00205255 -0.00196017 -0.00198338 -0.00202844 -0.00181927 -0.00190469 -0.00187404 -0.00198327 -0.0018292 -0.001908 -0.00189808 -0.00195107 -0.00186633 -0.00195226 -0.00186477 -0.00184114 -0.00190139 -0.00188495 -0.00184433 -0.00190901 -0.00177281 -0.00180375 -0.00186448 -0.00193529 -0.00192567 -0.0019208 -0.00185743 -0.00195928 -0.00182662 -0.00191574 -0.00185332 -0.00191523 -0.00183538 -0.00181303 -0.00179451 -0.00182437 -0.00178793 -0.00184377 -0.00185408 -0.0017685 -0.00192394 -0.00182222 -0.00191156 -0.00188712 -0.0018486 -0.00177232 -0.00175099 -0.00187054 -0.00182576 -0.00197827 -0.0019696 -0.00196605 -0.00184934 -0.00196467 -0.00191204 -0.00203829 -0.0019443 -0.00178901 
-0.00197536 -0.00198014 -0.00197785 -0.00192418 -0.00193557 -0.00211843 -0.00201138 -0.00211626 -0.00218615 -0.00203939 -0.00228088 -0.00217092 -0.00217084 -0.00200213 -0.00185955 -0.00181666 -0.00150007 0.00277338 0.00276084 0.0029686 0.00301035 0.00315549 0.145473 0.00299824 0.00291678 0.00270447 0.00247008 -0.00158871 -0.0017961 -0.00164387 -0.0019021 -0.00196936 -0.00219764 -0.00207093 -0.00192017 -0.00185662 -0.00205981 -0.00197734 -0.00199679 -0.00208525 -0.00189661 -0.00191692 -0.00197666 -0.00197585 -0.00197811 -0.00190697 -0.00182253 -0.00180445 -0.00194043 -0.00192425 -0.00188472 -0.00188122 -0.00186523 -0.00183299 -0.00187006 -0.00186464 -0.00190656 -0.00193511 -0.00199423 -0.00186416 -0.00189624 -0.0018554 -0.00185174 -0.00182126 -0.00187751 -0.00175016 -0.00180694 -0.00187388 -0.00185474 -0.00190613 -0.00175767 -0.00183465 -0.00194071 -0.00179242 -0.00177653 -0.00172431 -0.00168165 -0.0018707 -0.00183067 -0.0018694 -0.00182836 -0.00181346 -0.00191678 -0.00194524 -0.00184574 -0.00195166 -0.00183371 -0.0018353 -0.00171855 -0.00187972 -0.00179579 -0.00184854 -0.00192502 -0.00199616 -0.00190731 -0.00194641 -0.00183056 -0.00189232 -0.00199189 -0.00178429 
-0.00177999 -0.0017824 -0.00186502 -0.00184034 -0.00182819 -0.00190525 -0.00193527 -0.0019686 -0.00207077 -0.00187124 -0.00198469 -0.00209754 -0.0019081 -0.00208162 -0.00197176 -0.00192299 -0.00174581 -0.00155172 -0.00147582 0.0026468 0.00279239 0.00286298 0.00299824 0.141079 0.00294005 0.00275606 0.00254767 0.0023979 -0.00152498 -0.00144971 -0.0017508 -0.00172508 -0.00183007 -0.00191345 -0.00201224 -0.00183067 -0.00193875 -0.00199322 -0.00196858 -0.00200907 -0.00179053 -0.00184397 -0.00190556 -0.00190715 -0.0019125 -0.00185342 -0.00181535 -0.0018065 -0.00179501 -0.00173662 -0.00167186 -0.00176855 -0.00172967 -0.0018072 -0.00175939 -0.00170828 -0.00184649 -0.00174569 -0.00186607 -0.00170909 -0.00177061 -0.00175426 -0.00159409 -0.00163201 -0.00172148 -0.00180092 -0.00167213 -0.00172039 -0.00173294 -0.00179667 -0.00174698 -0.00173681 -0.00172111 -0.00169337 -0.00162287 -0.00176939 -0.00154904 -0.00177362 -0.00177749 -0.00177804 -0.00179306 -0.00174504 -0.00176273 -0.00171228 -0.00172275 -0.00176851 -0.00181563 -0.00169056 -0.00169896 -0.00178026 -0.00176001 -0.00179286 -0.00173371 -0.00180158 -0.00180253 -0.00187554 -0.00176657 -0.00171844 -0.00169432 -0.00170929 
-0.00193095 -0.00194661 -0.00197712 -0.00198007 -0.00209238 -0.00216838 -0.00222235 -0.00213676 -0.00217124 -0.00210534 -0.00221362 -0.00225926 -0.00217842 -0.00232915 -0.00215904 -0.00222437 -0.00198857 -0.00175183 -0.00185723 0.00268336 0.00266647 0.00282207 0.00291678 0.00294005 0.146049 0.00312229 0.0028523 0.00268192 0.00240217 0.00246642 -0.00148202 -0.00167021 -0.00174516 -0.00187874 -0.0019948 -0.00191839 -0.00202063 -0.0021136 -0.00196591 -0.00209493 -0.00194468 -0.00197255 -0.0021212 -0.00209095 -0.00199563 -0.00199921 -0.00185946 -0.00187472 -0.00192277 -0.00191518 -0.00195877 -0.00192963 -0.00196094 -0.00189379 -0.00192682 -0.00193012 -0.00192454 -0.00190782 -0.00199062 -0.00190493 -0.00188593 -0.00186551 -0.00175795 -0.00184225 -0.00198513 -0.00194012 -0.0019371 -0.00191186 -0.00188447 -0.00192365 -0.00197191 -0.00185613 -0.00192323 -0.00189879 -0.00190357 -0.0018486 -0.00181631 -0.00189373 -0.00189849 -0.00195713 -0.00197127 -0.00190856 -0.0018744 -0.00186248 -0.00187175 -0.00203342 -0.00191838 -0.00178192 -0.00188862 -0.00182654 -0.00186883 -0.00195802 -0.00189955 -0.00189894 -0.00201881 -0.00187038 -0.00205251 -0.00202489 -0.00175494 -0.00181519 
-0.00186343 -0.00193497 -0.00186075 -0.00197067 -0.00198916 -0.00215009 -0.00206509 -0.00207629 -0.00210079 -0.00216751 -0.0022405 -0.00229938 -0.00211534 -0.00231705 -0.00234876 -0.00217937 -0.00210499 -0.00185062 -0.00193845 -0.00177236 0.00248567 0.00269139 0.00270447 0.00275606 0.00312229 0.144506 0.00285918 0.00279597 0.00261234 0.00249581 0.00242046 -0.0015473 -0.00157834 -0.00171938 -0.00186973 -0.00174159 -0.00202095 -0.0020927 -0.0019158 -0.00201194 -0.00189092 -0.00195541 -0.00200496 -0.00203932 -0.00204122 -0.00191317 -0.00200659 -0.00187307 -0.00188099 -0.00187213 -0.00187926 -0.00193565 -0.00196708 -0.00193708 -0.00178903 -0.00189334 -0.00193834 -0.00196895 -0.00186753 -0.00186156 -0.00189539 -0.00187512 -0.00182283 -0.00176653 -0.00204306 -0.00196553 -0.00188158 -0.0018602 -0.00189771 -0.00190217 -0.0018372 -0.0019272 -0.00186988 -0.00189051 -0.00170236 -0.00176905 -0.00176958 -0.00189793 -0.001894 -0.001829 -0.00184534 -0.00193292 -0.00180184 -0.00193415 -0.0018652 -0.00193456 -0.00188317 -0.00179554 -0.0018218 -0.00190297 -0.00188887 -0.00194646 -0.00195324 -0.00193531 -0.00194751 -0.00182654 -0.00193275 -0.00185892 -0.00192916 -0.00185815 
-0.00179262 -0.00177576 -0.00175408 -0.00184979 -0.00181961 -0.00195645 -0.00195251 -0.00196741 -0.00199203 -0.00192289 -0.0021692 -0.00209535 -0.00210783 -0.00211395 -0.00212029 -0.00208085 -0.00210109 -0.00208614 -0.00208505 -0.00193483 -0.00173014 -0.00168441 0.00247008 0.00254767 0.0028523 0.00285918 0.139125 0.00282991 0.00264928 0.00276069 0.00253068 0.00227621 -0.00134195 -0.00152913 -0.00162039 -0.00161595 -0.00176985 -0.00197922 -0.00189997 -0.00193254 -0.00178797 -0.00182826 -0.0018496 -0.00191116 -0.00185156 -0.00188621 -0.00179691 -0.00174937 -0.00171208 -0.00178275 -0.00171118 -0.00174299 -0.00167084 -0.00175993 -0.00179954 -0.00176056 -0.00184768 -0.00177856 -0.00178823 -0.00171838 -0.00187626 -0.00178067 -0.00174682 -0.00165151 -0.00178348 -0.0017775 -0.00170652 -0.00180979 -0.0017586 -0.00170807 -0.00174162 -0.00178743 -0.00187717 -0.00174026 -0.0016603 -0.00166238 -0.00177061 -0.00178821 -0.00179099 -0.0017937 -0.00172908 -0.00180909 -0.00174724 -0.00180703 -0.00192883 -0.00181187 -0.00178439 -0.00172712 -0.00163673 -0.00175026 -0.0017173 -0.00173717 -0.00179581 -0.00177855 -0.00173327 -0.00176085 -0.00171588 -0.00173041 -0.00176222 -0.00171099 
-0.00171995 -0.00176655 -0.00181126 -0.00180163 -0.00180711 -0.00191248 -0.00190684 -0.00192246 -0.00198462 -0.00186967 -0.0020182 -0.00206509 -0.00196298 -0.0021415 -0.0020507 -0.00212861 -0.00215005 -0.00206813 -0.00217813 -0.00206296 -0.00183739 -0.00172367 -0.00158871 0.0023979 0.00268192 0.00279597 0.00282991 0.137452 0.00275494 0.00274743 0.00253811 0.00239009 0.00229479 -0.0013795 -0.00145334 -0.00159558 -0.00164073 -0.0018119 -0.00187587 -0.00190356 -0.00181899 -0.00177147 -0.00186905 -0.00187029 -0.00188402 -0.00179371 -0.00183439 -0.00174043 -0.00176566 -0.00180063 -0.0016966 -0.00177977 -0.00172742 -0.00172616 -0.00181197 -0.00169093 -0.00172082 -0.00176368 -0.00173858 -0.00169417 -0.00162449 -0.00179323 -0.00154506 -0.00168673 -0.00168305 -0.00174662 -0.00177656 -0.00180824 -0.00181165 -0.00173326 -0.00181345 -0.00175959 -0.00177379 -0.00170316 -0.00165764 -0.0017329 -0.00166081 -0.00175868 -0.00189205 -0.00175189 -0.00175225 -0.00173498 -0.00184801 -0.00177733 -0.00171039 -0.00166112 -0.00178458 -0.00167227 -0.00162051 -0.00167839 -0.00167756 -0.00164729 -0.00166018 -0.00181426 -0.00178715 -0.00176593 -0.00175154 -0.00175982 -0.00170102 -0.00172749 
-0.00171242 -0.00181852 -0.00178119 -0.00187027 -0.00174968 -0.0019068 -0.00192229 -0.00188028 -0.00191482 -0.0018534 -0.00201488 -0.00200997 -0.00198274 -0.00207185 -0.00205002 -0.00208646 -0.0022915 -0.00207989 -0.00221292 -0.00212354 -0.0019137 -0.00183324 -0.0017961 -0.00152498 0.00240217 0.00261234 0.00264928 0.00275494 0.13536 0.00266008 0.00266064 0.0024768 0.00232825 0.00224607 -0.00131275 -0.0013197 -0.00152274 -0.0016039 -0.00166422 -0.00177326 -0.00174517 -0.00178177 -0.00178246 -0.00178696 -0.00186869 -0.00190456 -0.00168193 -0.00173823 -0.00180128 -0.00172733 -0.00166542 -0.00173865 -0.001693 -0.00176818 -0.00174287 -0.00172722 -0.00174984 -0.00177853 -0.00168389 -0.00170706 -0.0017201 -0.00173674 -0.00158236 -0.00164682 -0.00161029 -0.0017478 -0.00169585 -0.0017456 -0.00172975 -0.00176928 -0.00174157 -0.00162807 -0.00167205 -0.00169231 -0.00156421 -0.00163365 -0.00164766 -0.00171605 -0.00166771 -0.00167379 -0.00171224 -0.00172041 -0.001679 -0.00169404 -0.00171494 -0.00166843 -0.0016969 -0.00166064 -0.00160564 -0.00171161 -0.00175117 -0.00173086 -0.00176925 -0.0017129 -0.00165371 -0.00163555 -0.00165745 -0.00165138 -0.00172156 -0.00171059 
-0.00166755 -0.00168403 -0.00169004 -0.00173007 -0.00175981 -0.00180983 -0.00183231 -0.00187781 -0.00186447 -0.00187268 -0.00205662 -0.00204305 -0.0019753 -0.0020762 -0.00208143 -0.00201455 -0.00221314 -0.0020282 -0.00206308 -0.00212179 -0.00179836 -0.00178462 -0.00164387 -0.00144971 0.00246642 0.00249581 0.00276069 0.00274743 0.00266008 0.133911 0.00260542 0.00245419 0.00240239 0.00213306 -0.00134543 -0.00138076 -0.00156204 -0.00167449 -0.00161758 -0.00174717 -0.00169428 -0.00169528 -0.00189815 -0.00180523 -0.0018101 -0.00173041 -0.00170714 -0.00170334 -0.00175293 -0.00167026 -0.00168026 -0.0017631 -0.00168873 -0.00166215 -0.00170798 -0.00170318 -0.00164826 -0.00164897 -0.00173109 -0.00172739 -0.00171736 -0.00173453 -0.0016184 -0.00153293 -0.00166698 -0.00174085 -0.00159352 -0.00170559 -0.00175494 -0.00173818 -0.00167519 -0.00172519 -0.00172343 -0.00170455 -0.00162607 -0.00161188 -0.00161008 -0.00168502 -0.00167485 -0.001672 -0.00181644 -0.00171469 -0.00173831 -0.00172297 -0.00172901 -0.00174695 -0.0016871 -0.00164017 -0.00154329 -0.00168103 -0.0016824 -0.00173387 -0.00168841 -0.0016977 -0.00171864 -0.00174286 -0.00176781 -0.00173593 -0.0017606 -0.00168239 
-0.00171228 -0.00181418 -0.0017808 -0.00183182 -0.00183677 -0.00185832 -0.00182432 -0.00188052 -0.00206975 -0.00200516 -0.00196953 -0.00204173 -0.0020327 -0.00211753 -0.00209976 -0.00218083 -0.00235727 -0.00214797 -0.00220934 -0.00227528 -0.00213772 -0.00206584 -0.0019021 -0.0017508 -0.00148202 0.00242046 0.00253068 0.00253811 0.00266064 0.00260542 0.134719 0.00273707 0.00255091 0.00244513 0.0021064 0.00213367 -0.00134261 -0.00139011 -0.0015305 -0.00161862 -0.00173257 -0.00177026 -0.00177899 -0.00182582 -0.00182205 -0.00187643 -0.00177346 -0.00183459 -0.00174627 -0.00164478 -0.00175535 -0.00171117 -0.00172507 -0.00180049 -0.00176846 -0.00179733 -0.00185635 -0.00171629 -0.00176815 -0.001742 -0.00188873 -0.00166787 -0.00161581 -0.00173146 -0.00174985 -0.00178326 -0.00172545 -0.00177134 -0.00171034 -0.00165229 -0.0017201 -0.00171017 -0.00173179 -0.00170775 -0.00166884 -0.00167497 -0.0015693 -0.00164511 -0.00169484 -0.00169162 -0.0017337 -0.00167836 -0.00173815 -0.00155865 -0.00183211 -0.0017343 -0.00171959 -0.00171823 -0.0016593 -0.00166468 -0.00180152 -0.00175291 -0.00177561 -0.00179806 -0.00177572 -0.001766 -0.0017619 -0.00177134 -0.00167393 -0.00171016 
-0.00176575 -0.00164815 -0.00172292 -0.0017564 -0.00175836 -0.00188492 -0.00179085 -0.00190634 -0.0020176 -0.00200653 -0.0020577 -0.00202895 -0.00202261 -0.00215741 -0.00208141 -0.0020738 -0.00226814 -0.00209548 -0.00220603 -0.00220598 -0.00213497 -0.00202888 -0.00196936 -0.00172508 -0.00167021 -0.0015473 0.00227621 0.00239009 0.0024768 0.00245419 0.00273707 0.133026 0.00267949 0.00243161 0.0021921 0.0022826 0.00205137 -0.00129299 -0.00141828 -0.00158159 -0.00175969 -0.00163573 -0.00174593 -0.00185839 -0.00185897 -0.00181435 -0.00170352 -0.00173482 -0.00173054 -0.00172318 -0.00175137 -0.00173529 -0.00171303 -0.00167451 -0.00176018 -0.00169745 -0.00175937 -0.00171191 -0.00165397 -0.0017178 -0.00171922 -0.00167255 -0.00156655 -0.00161954 -0.0016959 -0.00172099 -0.00164778 -0.00163719 -0.00165425 -0.00167927 -0.00169155 -0.00171713 -0.00169722 -0.0016534 -0.0015916 -0.00160564 -0.0015454 -0.00166406 -0.00158836 -0.00176364 -0.00170422 -0.00178246 -0.00174239 -0.00175256 -0.00168822 -0.0018176 -0.00170961 -0.00169713 -0.00157846 -0.00173512 -0.00176924 -0.00166258 -0.0016651 -0.00174783 -0.00167346 -0.00170629 -0.00176402 -0.00169638 -0.00174843 -0.001661 
-0.00169534 -0.00174089 -0.00173439 -0.00173842 -0.0017432 -0.00183013 -0.00180654 -0.00192817 -0.00188995 -0.00190475 -0.00195917 -0.00199449 -0.00200724 -0.00200919 -0.0020385 -0.00192753 -0.00215044 -0.00204995 -0.00206927 -0.00234058 -0.00208986 -0.00213995 -0.00219764 -0.00183007 -0.00174516 -0.00157834 -0.00134195 0.00229479 0.00232825 0.00240239 0.00255091 0.00267949 0.131706 0.00256741 0.00241906 0.00229304 0.00225736 0.00202931 -0.00127196 -0.00136364 -0.00157126 -0.00147662 -0.0017121 -0.0018001 -0.00175425 -0.00171069 -0.0017302 -0.00178921 -0.00172001 -0.00174193 -0.00161545 -0.00169503 -0.00166015 -0.00168213 -0.00168272 -0.0017063 -0.00166222 -0.00168961 -0.00176327 -0.00164501 -0.00168303 -0.00174114 -0.00155797 -0.00173971 -0.00177788 -0.0016963 -0.00172422 -0.0017305 -0.00165414 -0.00168316 -0.00174273 -0.00161999 -0.0016371 -0.00176183 -0.00167348 -0.00161288 -0.00162542 -0.00167984 -0.00172054 -0.00167957 -0.0016927 -0.00170977 -0.00166813 -0.00165311 -0.00156366 -0.00170331 -0.00175281 -0.00163655 -0.00156565 -0.0017151 -0.00170016 -0.0017714 -0.00168744 -0.00161068 -0.00172998 -0.00173154 -0.00175335 -0.00179691 -0.00169119 -0.00172852 
