0.123052 0.00231651 0.00213936 0.0020966 0.00206879 0.00202361 -0.00116024 -0.00135886 -0.00141438 -0.00145651 -0.00166578 -0.00173043 -0.00169059 -0.00187288 -0.00183185 -0.00180107 -0.00196266 -0.00187876 -0.00191182 -0.00201011 -0.00195258 -0.00189768 -0.00184868 -0.0017655 -0.00194344 -0.00194383 -0.00179865 -0.00166919 -0.00164771 -0.00172503 -0.00178813 -0.00158658 -0.00165218 -0.00161092 -0.00158974 -0.00155784 -0.0016531 -0.00165199 -0.00164756 -0.00162682 -0.0015515 -0.0015741 -0.00165497 -0.00160199 -0.00160702 -0.00158376 -0.00152506 -0.00155366 -0.00152453 -0.00149998 -0.00152172 -0.00147312 -0.00158071 -0.00153545 -0.00143879 -0.00161494 -0.00143097 -0.00158983 -0.00155854 -0.00151838 -0.00151248 -0.00151138 -0.0014249 -0.00146845 -0.00148637 -0.0014909 -0.00148725 -0.00149438 -0.00149765 -0.0014283 -0.00138588 -0.00157023 -0.00151071 -0.00154799 -0.00147026 -0.00140572 -0.00139469 -0.00144894 -0.00155443 -0.00143941 -0.00157903 -0.00152701 -0.00155197 -0.00154112 -0.00150217 -0.0015231 -0.00153265 -0.00139898 -0.0014994 -0.00145797 -0.00149519 -0.0014063 -0.00134283 -0.00122559 -0.00127793 -0.00115763 0.0018767 0.0019316 0.00202098 0.00226522 
0.00231651 0.123484 0.00237194 0.00224699 0.00212057 0.00221618 0.0020643 -0.00118414 -0.00124917 -0.00124166 -0.00150615 -0.00168401 -0.0016258 -0.0018261 -0.00181568 -0.00185579 -0.00203303 -0.00187373 -0.00195071 -0.00202448 -0.00186772 -0.00201792 -0.0019178 -0.00172379 -0.00197649 -0.00189149 -0.00178393 -0.00179904 -0.00178143 -0.00174727 -0.00182068 -0.00171388 -0.00172855 -0.00169542 -0.00169937 -0.00163205 -0.00163876 -0.00162003 -0.00158735 -0.00156013 -0.00156808 -0.00149515 -0.00156139 -0.00161561 -0.00158374 -0.00170588 -0.00146944 -0.00153175 -0.00151616 -0.00147545 -0.00160699 -0.00155895 -0.00151888 -0.00154721 -0.00159108 -0.00154984 -0.00153123 -0.00156927 -0.00156872 -0.0013853 -0.00153565 -0.00147822 -0.00147659 -0.00146932 -0.00150579 -0.00152925 -0.00153593 -0.00147647 -0.00148614 -0.0015026 -0.00148885 -0.00145655 -0.00150986 -0.00155447 -0.00144575 -0.00146646 -0.00150456 -0.00153843 -0.00147731 -0.00149926 -0.00155566 -0.00149004 -0.00153626 -0.00151508 -0.00147022 -0.00155354 -0.0015284 -0.00149188 -0.00146598 -0.00150434 -0.00146288 -0.00157766 -0.00145654 -0.00132332 -0.00136155 -0.0012656 -0.00112673 0.00187375 0.00192163 0.00203099 
0.00213936 0.00237194 0.123666 0.00231897 0.00221572 0.00226058 0.00222626 0.00206753 -0.00135022 -0.0012492 -0.0014328 -0.00157194 -0.00156264 -0.001858 -0.00182653 -0.00181259 -0.00199662 -0.00180134 -0.00201031 -0.00200185 -0.00194062 -0.00195109 -0.00188824 -0.00181677 -0.00187824 -0.00196666 -0.00185481 -0.00176335 -0.00170215 -0.00178994 -0.00179668 -0.00174007 -0.00175636 -0.00169384 -0.00169382 -0.00156729 -0.00168833 -0.0017303 -0.00167546 -0.0016571 -0.00162453 -0.00155808 -0.00155995 -0.00157537 -0.00167364 -0.00170153 -0.0015497 -0.00151791 -0.00157153 -0.00151763 -0.00157241 -0.00156165 -0.00148895 -0.00145928 -0.00155641 -0.00154114 -0.00154064 -0.00143521 -0.00146426 -0.00146432 -0.00154534 -0.0014939 -0.00145567 -0.00143482 -0.00152573 -0.00147498 -0.00149251 -0.00139859 -0.00161527 -0.00148808 -0.00151293 -0.00139777 -0.00153761 -0.00152368 -0.00140322 -0.00150072 -0.00131199 -0.00150896 -0.00155197 -0.00157056 -0.00145268 -0.0015927 -0.00150319 -0.00152566 -0.00151958 -0.00152604 -0.00159397 -0.00136157 -0.00144962 -0.00147161 -0.00156127 -0.00144937 -0.00153212 -0.00149136 -0.00147176 -0.00141533 -0.00123092 -0.00120311 0.00174789 0.00204113 
0.0020966 0.00224699 0.00231897 0.124415 0.00227852 0.00233217 0.00220232 0.00218286 0.00202138 -0.00106786 -0.00130026 -0.0014947 -0.00147994 -0.00179386 -0.00176927 -0.001792 -0.00198815 -0.00193529 -0.00192196 -0.0020875 -0.00191711 -0.00201803 -0.00185918 -0.00182235 -0.001941 -0.00189908 -0.00187544 -0.00177532 -0.00174997 -0.00173569 -0.00181294 -0.0017338 -0.00176802 -0.00165304 -0.0017105 -0.00161581 -0.00160049 -0.00166038 -0.00160145 -0.00171059 -0.00154714 -0.00153358 -0.0015306 -0.00171816 -0.00162653 -0.00167597 -0.00148544 -0.00150515 -0.00157277 -0.00160657 -0.00160466 -0.00153034 -0.0015571 -0.00153824 -0.00156799 -0.00149534 -0.00155755 -0.00154552 -0.00148422 -0.00149683 -0.00143549 -0.0015468 -0.00144177 -0.00141359 -0.00155282 -0.0015576 -0.00151641 -0.00147156 -0.00154055 -0.00159425 -0.00153926 -0.0014773 -0.00150652 -0.00150945 -0.00144381 -0.00143266 -0.0015076 -0.00149685 -0.00156897 -0.00152522 -0.00151875 -0.00154383 -0.00161644 -0.00164644 -0.00148636 -0.00154843 -0.00155942 -0.00154326 -0.00153307 -0.00159199 -0.00150874 -0.00157168 -0.001528 -0.00150646 -0.00155 -0.00153674 -0.00139207 -0.00122585 -0.00121479 0.00187707 
0.00206879 0.00212057 0.00221572 0.00227852 0.124944 0.00243307 0.00243885 0.0022854 0.0023253 0.00221648 -0.00123671 -0.00145479 -0.00141805 -0.00163131 -0.00174863 -0.00184358 -0.00193232 -0.00188768 -0.00196711 -0.00217399 -0.0020588 -0.0019837 -0.00200986 -0.00177582 -0.0020792 -0.00194364 -0.00185073 -0.00185255 -0.00182322 -0.0016741 -0.00181814 -0.00173402 -0.00175645 -0.00173384 -0.0016024 -0.0015807 -0.0016355 -0.00162245 -0.00167918 -0.00163962 -0.00158212 -0.00148351 -0.00167241 -0.00160346 -0.00166224 -0.00171093 -0.00158667 -0.00168096 -0.00153427 -0.00150108 -0.00151631 -0.00153018 -0.00159417 -0.00151189 -0.00161616 -0.00151547 -0.00157462 -0.00159174 -0.00156104 -0.00153354 -0.00155923 -0.00163448 -0.00147725 -0.00146258 -0.00152823 -0.00151444 -0.00149102 -0.00154782 -0.00157807 -0.00154248 -0.00160317 -0.00161608 -0.0015504 -0.00161312 -0.00146247 -0.00149828 -0.00146504 -0.00156967 -0.00155854 -0.0016026 -0.00155163 -0.00159159 -0.00154617 -0.00152142 -0.00156481 -0.0015918 -0.0015383 -0.00140741 -0.00147472 -0.00151706 -0.00152665 -0.00153274 -0.00167485 -0.00161182 -0.00148822 -0.00156293 -0.0013938 -0.0013451 -0.00120876 -0.00109126 
0.00202361 0.00221618 0.00226058 0.00233217 0.00243307 0.128133 0.00252252 0.00243289 0.00233992 0.00229141 0.00211042 -0.0013607 -0.00142753 -0.00162451 -0.00174537 -0.00174889 -0.00199678 -0.00201046 -0.0020272 -0.00210867 -0.00206454 -0.00212757 -0.00205631 -0.00199426 -0.00215238 -0.00215754 -0.00184084 -0.00191947 -0.00185769 -0.00182278 -0.00189622 -0.00188171 -0.00183985 -0.0018905 -0.00169434 -0.00170627 -0.00179581 -0.00172448 -0.00182477 -0.00174716 -0.0015974 -0.00162304 -0.00168921 -0.00176781 -0.00170543 -0.00172273 -0.00167106 -0.00162598 -0.00165692 -0.00166689 -0.00160278 -0.00159281 -0.00160054 -0.00156196 -0.00163187 -0.00163813 -0.00159136 -0.00168478 -0.00167947 -0.00160598 -0.00154471 -0.00167918 -0.00154734 -0.00154959 -0.00156333 -0.00160667 -0.00180983 -0.00164769 -0.00163411 -0.00165067 -0.00167417 -0.00162235 -0.00168016 -0.00159379 -0.00163363 -0.00151993 -0.00157629 -0.00165675 -0.0015565 -0.00157416 -0.00171467 -0.00171748 -0.00164532 -0.00171528 -0.00164585 -0.00167668 -0.00165704 -0.00151922 -0.00150991 -0.00167509 -0.00166291 -0.00164462 -0.00166711 -0.00165896 -0.00161088 -0.00162029 -0.00146806 -0.00144163 -0.00135208 -0.0012114 
-0.00116024 0.0020643 0.00222626 0.00220232 0.00243885 0.00252252 0.12912 0.00256944 0.00239189 0.00243512 0.00217767 0.00221892 -0.00136127 -0.00154448 -0.00166901 -0.00169667 -0.00192635 -0.00205276 -0.00198842 -0.00208276 -0.00198758 -0.00210794 -0.0020836 -0.00199698 -0.00205944 -0.00213472 -0.00199677 -0.0019657 -0.00191026 -0.001907 -0.00191304 -0.00202836 -0.00191113 -0.00194766 -0.00176076 -0.00176577 -0.00187868 -0.00183711 -0.00188736 -0.00180827 -0.00175971 -0.00166525 -0.00181487 -0.00177181 -0.00179443 -0.0017278 -0.00165711 -0.00168188 -0.00164423 -0.0017233 -0.00161495 -0.00167143 -0.00165678 -0.00166848 -0.00169151 -0.00165892 -0.00158125 -0.00153892 -0.00168782 -0.00161614 -0.00156946 -0.00171829 -0.00157044 -0.00156287 -0.00164742 -0.00163529 -0.00162837 -0.00173406 -0.00170699 -0.00161147 -0.00165483 -0.00160803 -0.00154579 -0.00159403 -0.00158654 -0.00153283 -0.00150719 -0.00165251 -0.00170784 -0.00165651 -0.0016421 -0.00164857 -0.00161718 -0.00163362 -0.00164964 -0.00172742 -0.00157752 -0.00167651 -0.00157862 -0.00167261 -0.00165805 -0.00162886 -0.00154974 -0.00159242 -0.00162874 -0.00170166 -0.00164543 -0.0014965 -0.00126907 -0.00134551 
-0.00135886 -0.00118414 0.00206753 0.00218286 0.0022854 0.00243289 0.00256944 0.130141 0.00251847 0.00251928 0.00245617 0.00229277 0.00226638 -0.00148738 -0.00154563 -0.00150523 -0.00178505 -0.00201066 -0.00208964 -0.00219903 -0.00209253 -0.00209979 -0.00213962 -0.00193063 -0.00207297 -0.00213198 -0.00193569 -0.00191389 -0.00185975 -0.00193213 -0.00197345 -0.00194658 -0.00182558 -0.00193089 -0.00176915 -0.00176513 -0.00179399 -0.00181682 -0.00179306 -0.0018056 -0.00177594 -0.00172717 -0.00173597 -0.00168946 -0.00178245 -0.00174047 -0.00162383 -0.00166958 -0.0017353 -0.00162434 -0.00167023 -0.00167753 -0.00168221 -0.00165672 -0.00171133 -0.00169807 -0.00168467 -0.00163208 -0.00170339 -0.0016101 -0.00167127 -0.00182133 -0.00154804 -0.00161032 -0.00174098 -0.00160994 -0.0017176 -0.00160904 -0.0016884 -0.00165472 -0.00162354 -0.00167825 -0.00163366 -0.00174442 -0.00156081 -0.00163898 -0.00150056 -0.00168303 -0.00171132 -0.00179588 -0.00171889 -0.00167518 -0.00165761 -0.00165076 -0.00162098 -0.00168994 -0.00174715 -0.00163977 -0.00156007 -0.00167909 -0.00165162 -0.00170226 -0.00157204 -0.00171675 -0.00171307 -0.00167784 -0.00173948 -0.00162328 -0.00150506 -0.00142312 
-0.00141438 -0.00124917 -0.00135022 0.00202138 0.0023253 0.00233992 0.00239189 0.00251847 0.131619 0.00259349 0.00256814 0.00244543 0.00242378 0.00224082 -0.00163184 -0.00150608 -0.00182387 -0.00200899 -0.00206148 -0.00222695 -0.00214482 -0.00224046 -0.00217837 -0.00205212 -0.00213649 -0.00209118 -0.00198789 -0.00202836 -0.00196615 -0.00188735 -0.00195369 -0.00193364 -0.00199237 -0.00184752 -0.00175352 -0.00175178 -0.00173605 -0.00183587 -0.0017967 -0.00186824 -0.00183777 -0.00174151 -0.00179714 -0.00181555 -0.0017898 -0.00180855 -0.00171075 -0.00167537 -0.00177642 -0.00172566 -0.00169862 -0.00172524 -0.00161596 -0.00178214 -0.0016895 -0.00166274 -0.00172568 -0.00170545 -0.00169993 -0.00164004 -0.00173018 -0.0017772 -0.0016883 -0.00161284 -0.0016231 -0.00177906 -0.0017621 -0.00169337 -0.00175086 -0.00168678 -0.00155943 -0.0016886 -0.0015946 -0.00167533 -0.00154588 -0.00163811 -0.00155442 -0.00163283 -0.00154185 -0.00170964 -0.00163026 -0.00161314 -0.001636 -0.00159991 -0.00166705 -0.00163941 -0.00169554 -0.00158214 -0.00169638 -0.00178176 -0.00167873 -0.00178712 -0.00167306 -0.0017099 -0.00168078 -0.00166696 -0.00164382 -0.00168711 -0.0015858 -0.00150895 
-0.00145651 -0.00124166 -0.0012492 -0.00106786 0.00221648 0.00229141 0.00243512 0.00251928 0.00259349 0.129981 0.00262811 0.00248196 0.00245803 0.00227676 -0.00140196 -0.00140707 -0.00162782 -0.00192548 -0.00195225 -0.00205205 -0.00205738 -0.00212462 -0.00197389 -0.00183844 -0.00207302 -0.00205193 -0.00192695 -0.00188932 -0.00187833 -0.00192365 -0.00195318 -0.00196363 -0.00185974 -0.00180931 -0.00175921 -0.00177917 -0.00173202 -0.00169261 -0.00174001 -0.00181356 -0.00174585 -0.00171418 -0.00182467 -0.00176228 -0.00175379 -0.00175644 -0.00161461 -0.00159483 -0.00169927 -0.00166602 -0.00166172 -0.00168624 -0.00162014 -0.00161335 -0.00166547 -0.00169316 -0.00162646 -0.00157699 -0.00166996 -0.0016833 -0.00162867 -0.00162597 -0.0015727 -0.00158685 -0.00160834 -0.00160768 -0.00167257 -0.00169227 -0.00162641 -0.00159502 -0.00171779 -0.00157099 -0.00163632 -0.00162513 -0.00160725 -0.00158154 -0.00164325 -0.00159325 -0.00160038 -0.00171163 -0.00161422 -0.00167302 -0.00157196 -0.00165329 -0.00159492 -0.0016768 -0.00159606 -0.00165111 -0.00160076 -0.0015845 -0.00169201 -0.00164666 -0.00164358 -0.00161494 -0.00167608 -0.0016884 -0.0016463 -0.00168217 -0.00156271 -0.00145762 
-0.00166578 -0.00150615 -0.0014328 -0.00130026 -0.00123671 0.00211042 0.00217767 0.00245617 0.00256814 0.00262811 0.135002 0.00278901 0.00261939 0.00257863 0.00238246 0.00240991 -0.00147908 -0.00166601 -0.0018119 -0.00190373 -0.00214968 -0.00214481 -0.00209163 -0.0019828 -0.00227204 -0.00223011 -0.00205401 -0.00210502 -0.00199179 -0.00199633 -0.00206732 -0.00203634 -0.00197528 -0.00208143 -0.00183836 -0.00184669 -0.00186416 -0.00192188 -0.00186844 -0.00192068 -0.00170177 -0.00177001 -0.00189801 -0.00190747 -0.00192154 -0.00191718 -0.00175562 -0.00174812 -0.00170015 -0.00169541 -0.00168945 -0.00175383 -0.00168804 -0.00181449 -0.00176916 -0.00175904 -0.00174062 -0.0017079 -0.00170423 -0.00175013 -0.00178758 -0.00175622 -0.00175041 -0.00161941 -0.00175488 -0.00171106 -0.00172726 -0.0017539 -0.0017647 -0.00182851 -0.0018608 -0.00174119 -0.0017095 -0.00183237 -0.00174033 -0.00166624 -0.00167754 -0.0017783 -0.00170366 -0.00171487 -0.00170796 -0.00176701 -0.00170834 -0.00170613 -0.00185516 -0.00173163 -0.00180016 -0.00162489 -0.0016341 -0.00170643 -0.00185955 -0.00179351 -0.00172873 -0.00181282 -0.00180306 -0.00177929 -0.00180745 -0.00177756 -0.00173567 -0.00167043 
-0.00173043 -0.00168401 -0.00157194 -0.0014947 -0.00145479 -0.0013607 0.00221892 0.00229277 0.00244543 0.00248196 0.00278901 0.136839 0.00282314 0.00272561 0.00246985 0.00263162 0.00244454 -0.00169375 -0.00175443 -0.00194569 -0.00195669 -0.0020673 -0.00225417 -0.00212633 -0.00228476 -0.00222397 -0.00211033 -0.00212217 -0.00196973 -0.00199331 -0.00203401 -0.00200029 -0.00212856 -0.00185719 -0.0019005 -0.00184422 -0.00197817 -0.00195309 -0.00193765 -0.00194427 -0.00181237 -0.00183874 -0.00192152 -0.00192443 -0.00190552 -0.00184963 -0.00182165 -0.00181305 -0.00180196 -0.00176138 -0.00186211 -0.00176693 -0.00184922 -0.00188292 -0.00173349 -0.00173666 -0.00183666 -0.00180745 -0.00176444 -0.00175585 -0.00178542 -0.00175774 -0.00179109 -0.00173523 -0.00175175 -0.00177102 -0.00182729 -0.00181338 -0.00178236 -0.00180982 -0.001755 -0.00175672 -0.00183343 -0.0017892 -0.00164311 -0.00162697 -0.0016176 -0.00174034 -0.00176179 -0.00174469 -0.00177761 -0.00180628 -0.0016849 -0.0017589 -0.00177714 -0.00182768 -0.0017833 -0.00176647 -0.00165236 -0.0017047 -0.00175433 -0.00179529 -0.00178411 -0.00179054 -0.00179965 -0.00180421 -0.00172974 -0.0017854 -0.00176777 -0.00169485 
-0.00169059 -0.0016258 -0.00156264 -0.00147994 -0.00141805 -0.00142753 -0.00136127 0.00226638 0.00242378 0.00245803 0.00261939 0.00282314 0.135144 0.00266079 0.00255619 0.00261036 0.0025195 -0.00153356 -0.00159341 -0.00176598 -0.00189217 -0.00203381 -0.00209354 -0.00199891 -0.0021959 -0.00211023 -0.00205383 -0.00198728 -0.00203107 -0.00197109 -0.00217086 -0.00200215 -0.00202344 -0.00197239 -0.00187339 -0.00186976 -0.00171207 -0.00186846 -0.00195989 -0.00188873 -0.00177309 -0.00180281 -0.00178596 -0.00186945 -0.00181865 -0.00176226 -0.00185363 -0.00176675 -0.00177026 -0.00177042 -0.00170152 -0.00172651 -0.00170806 -0.00165044 -0.00169926 -0.00172 -0.00162551 -0.0017012 -0.00165072 -0.00171556 -0.00169967 -0.00175786 -0.0017168 -0.00163324 -0.00169347 -0.00174193 -0.0016983 -0.0016625 -0.00167036 -0.00167871 -0.00172028 -0.00173762 -0.00175249 -0.00163272 -0.00166698 -0.0016249 -0.00164323 -0.00175306 -0.00180153 -0.00175422 -0.00163578 -0.0017099 -0.00175384 -0.00163082 -0.00171326 -0.00170689 -0.00180035 -0.00159674 -0.00159773 -0.00171193 -0.00179146 -0.00166171 -0.00164553 -0.00167302 -0.00174766 -0.00181649 -0.00175276 -0.00170251 -0.00173195 -0.00162149 
-0.00187288 -0.0018261 -0.001858 -0.00179386 -0.00163131 -0.00162451 -0.00154448 -0.00148738 0.00224082 0.00227676 0.00257863 0.00272561 0.00266079 0.140441 0.00284315 0.00294712 0.0028396 0.0025029 0.0025125 -0.00165922 -0.00181032 -0.00181076 -0.00199089 -0.00214441 -0.00224612 -0.00226354 -0.00215832 -0.00224843 -0.00209328 -0.00213287 -0.00209061 -0.00213336 -0.00214242 -0.00198268 -0.00196432 -0.00186204 -0.00196303 -0.00196147 -0.0019874 -0.00196474 -0.00185128 -0.00185875 -0.00195301 -0.00188361 -0.0019673 -0.00197602 -0.00183483 -0.00192632 -0.00184294 -0.00189325 -0.00182607 -0.00192679 -0.00183496 -0.00190436 -0.00187713 -0.00191793 -0.00182089 -0.00178671 -0.00192943 -0.00190259 -0.00188183 -0.00178322 -0.00168314 -0.00178631 -0.00182753 -0.00184117 -0.00186674 -0.00177366 -0.00177633 -0.00188759 -0.00186197 -0.00188489 -0.00182428 -0.00176918 -0.0017612 -0.00182523 -0.00175596 -0.00178523 -0.00179672 -0.00183028 -0.00188986 -0.00187159 -0.00177738 -0.00178046 -0.00184623 -0.00183487 -0.00183425 -0.00183062 -0.0017032 -0.00185262 -0.00187092 -0.00178874 -0.00177377 -0.00190859 -0.00178216 -0.00178119 -0.00177107 -0.00180255 -0.00187336 -0.00183048 
-0.00183185 -0.00181568 -0.00182653 -0.00176927 -0.00174863 -0.00174537 -0.00166901 -0.00154563 -0.00163184 -0.00140196 0.00238246 0.00246985 0.00255619 0.00284315 0.139901 0.00297712 0.00302089 0.00276703 0.00272445 0.0026552 -0.00164744 -0.0016933 -0.00180254 -0.00189694 -0.00213799 -0.00219194 -0.00213066 -0.00209064 -0.0021025 -0.00189407 -0.00206762 -0.00216951 -0.00198649 -0.00192132 -0.00191879 -0.00183307 -0.00193446 -0.00186191 -0.00192551 -0.00195651 -0.0017811 -0.00178511 -0.00192668 -0.00187859 -0.00188899 -0.00197826 -0.00187278 -0.0018472 -0.00178201 -0.00180626 -0.00183906 -0.00175645 -0.00178851 -0.00180631 -0.00177553 -0.00176248 -0.00179226 -0.00182355 -0.00171566 -0.00176722 -0.00176054 -0.00174393 -0.00182188 -0.00176011 -0.00177899 -0.0018094 -0.00171906 -0.00180132 -0.0017985 -0.00177183 -0.0017988 -0.00186039 -0.00173046 -0.00187827 -0.00168382 -0.00174437 -0.00169023 -0.00178995 -0.00179552 -0.00180088 -0.00177534 -0.00180009 -0.00185756 -0.00175877 -0.00178929 -0.00179373 -0.00182131 -0.00173726 -0.00171765 -0.00182383 -0.00184255 -0.0018368 -0.00192 -0.00186308 -0.00182551 -0.00193195 -0.00175935 -0.00187858 -0.00179 -0.00171315 
-0.00180107 -0.00185579 -0.00181259 -0.001792 -0.00184358 -0.00174889 -0.00169667 -0.00150523 -0.00150608 -0.00140707 0.00240991 0.00263162 0.00261036 0.00294712 0.00297712 0.141261 0.0029725 0.00278666 0.00271221 0.00255444 -0.00169464 -0.00166566 -0.00176931 -0.00190025 -0.00211004 -0.00223142 -0.00219447 -0.00212009 -0.00215016 -0.00202298 -0.00217697 -0.00202233 -0.00214559 -0.00202087 -0.00195026 -0.00185038 -0.00198269 -0.00201981 -0.00196313 -0.00200006 -0.00183552 -0.00188663 -0.00197535 -0.00192143 -0.00198315 -0.00190569 -0.00182991 -0.00197177 -0.00184728 -0.00178918 -0.00180026 -0.00182849 -0.00173439 -0.00194133 -0.00179016 -0.0018069 -0.00176922 -0.00176204 -0.00191448 -0.00182675 -0.00182735 -0.00187329 -0.00173145 -0.00183595 -0.00189198 -0.00176242 -0.00176862 -0.00181792 -0.0017905 -0.00179189 -0.00175732 -0.0018927 -0.0018799 -0.0018368 -0.00169297 -0.00172815 -0.00183945 -0.001808 -0.00178747 -0.00183764 -0.00179429 -0.00178493 -0.00182202 -0.00186955 -0.00180896 -0.00186004 -0.00165982 -0.00171746 -0.0016879 -0.00183573 -0.00173242 -0.00173103 -0.00176073 -0.00182659 -0.00185838 -0.0017266 -0.00178471 -0.00183114 -0.00177006 -0.00176902 
-0.00196266 -0.00203303 -0.00199662 -0.00198815 -0.00193232 -0.00199678 -0.00192635 -0.00178505 -0.00182387 -0.00162782 -0.00147908 0.00244454 0.0025195 0.0028396 0.00302089 0.0029725 0.146137 0.00306517 0.00298041 0.00299867 0.0026924 0.00264723 -0.00157257 -0.00180505 -0.00204939 -0.00218625 -0.0021676 -0.00222085 -0.00213187 -0.00224485 -0.00224533 -0.00227055 -0.00208379 -0.00214278 -0.002099 -0.00204607 -0.00206676 -0.00206999 -0.00221259 -0.00209506 -0.00193799 -0.00195625 -0.002082 -0.00209177 -0.00213633 -0.00202982 -0.00191404 -0.00201352 -0.00199769 -0.00192953 -0.00187068 -0.00201464 -0.00194884 -0.00203024 -0.00194795 -0.00186619 -0.00198818 -0.00191765 -0.00182674 -0.00192718 -0.00197733 -0.00184765 -0.00181113 -0.0018588 -0.00198379 -0.00190867 -0.00193791 -0.00195462 -0.00187336 -0.00190464 -0.00193945 -0.00196145 -0.00192639 -0.00195461 -0.00179724 -0.00184005 -0.00183805 -0.00195596 -0.0019785 -0.0019125 -0.00202277 -0.00190325 -0.00193029 -0.00190719 -0.00200188 -0.00186939 -0.00200496 -0.00180148 -0.00180168 -0.00188746 -0.00195792 -0.00182282 -0.00191323 -0.00195711 -0.0019474 -0.00195966 -0.00194611 -0.00191742 -0.00204716 -0.00186692 
-0.00187876 -0.00187373 -0.00180134 -0.00193529 -0.00188768 -0.00201046 -0.00205276 -0.00201066 -0.00200899 -0.00192548 -0.00166601 -0.00169375 -0.00153356 0.0025029 0.00276703 0.00278666 0.00306517 0.144583 0.00311795 0.00312533 0.00278463 0.00275713 0.00261524 -0.00154385 -0.00182035 -0.00193489 -0.00204082 -0.00213391 -0.00218603 -0.00208865 -0.00212537 -0.00211307 -0.00210754 -0.00212429 -0.001973 -0.00181646 -0.00211107 -0.0020483 -0.00206854 -0.00198037 -0.00196274 -0.0019014 -0.00199969 -0.00195603 -0.00204468 -0.00198835 -0.00185172 -0.00177935 -0.0019798 -0.00191706 -0.00192577 -0.00179902 -0.00192841 -0.00187874 -0.00188666 -0.00185887 -0.00190501 -0.0019083 -0.00192212 -0.00181396 -0.00185514 -0.00191521 -0.00175241 -0.00174501 -0.0018544 -0.00187119 -0.0018984 -0.00189686 -0.00183382 -0.00184224 -0.00181829 -0.00186226 -0.00186315 -0.00190631 -0.00179749 -0.00170418 -0.00167728 -0.00181753 -0.00184412 -0.00185957 -0.00182275 -0.00183556 -0.00188448 -0.00187306 -0.00188504 -0.00185365 -0.00181424 -0.00173426 -0.00177128 -0.0018327 -0.00182423 -0.00183731 -0.00189631 -0.0018523 -0.00185307 -0.00180062 -0.00191103 -0.00187853 -0.00185853 -0.00176815 
-0.00191182 -0.00195071 -0.00201031 -0.00192196 -0.00196711 -0.0020272 -0.00198842 -0.00208964 -0.00206148 -0.00195225 -0.0018119 -0.00175443 -0.00159341 0.0025125 0.00272445 0.00271221 0.00298041 0.00311795 0.145652 0.0031518 0.00283443 0.00291783 0.00272967 -0.00164444 -0.00178995 -0.00186419 -0.00203082 -0.0020935 -0.00209833 -0.00207456 -0.00205763 -0.0020195 -0.00215345 -0.0020806 -0.00198944 -0.00201103 -0.00202483 -0.00194518 -0.00209047 -0.00199815 -0.00190033 -0.00196866 -0.00204306 -0.00188457 -0.00194757 -0.00197584 -0.00185052 -0.00193816 -0.00189397 -0.0020149 -0.00189687 -0.00186513 -0.00182014 -0.0018437 -0.00187175 -0.00183859 -0.00194357 -0.00187444 -0.00192172 -0.00189299 -0.00196692 -0.00188516 -0.00185401 -0.00172656 -0.00189576 -0.00189693 -0.00183608 -0.00188846 -0.00188248 -0.00179259 -0.00188098 -0.00189182 -0.00193619 -0.00186546 -0.00181065 -0.00182655 -0.00178872 -0.00187233 -0.0018338 -0.00194469 -0.00179945 -0.00191404 -0.00184552 -0.00192424 -0.00184015 -0.00184958 -0.00186071 -0.00176576 -0.00178965 -0.0018467 -0.0018417 -0.00190345 -0.00188062 -0.00176705 -0.00188544 -0.00176574 -0.00188953 -0.00185077 -0.00186806 -0.00177622 
-0.00201011 -0.00202448 -0.00200185 -0.0020875 -0.00217399 -0.00210867 -0.00208276 -0.00219903 -0.00222695 -0.00205205 -0.00190373 -0.00194569 -0.00176598 -0.00165922 0.0026552 0.00255444 0.00299867 0.00312533 0.0031518 0.149564 0.00325291 0.00311227 0.00295644 0.00277489 0.00275912 -0.00157882 -0.00196309 -0.00188209 -0.00215384 -0.00215322 -0.00228086 -0.00228812 -0.00214078 -0.00224509 -0.00215181 -0.00198187 -0.00220236 -0.00208775 -0.00222875 -0.00212193 -0.00203287 -0.00214004 -0.00215655 -0.00205177 -0.00209421 -0.00211115 -0.00201209 -0.00198954 -0.00187566 -0.00202379 -0.00195166 -0.00190857 -0.00195369 -0.00204494 -0.00191381 -0.00199471 -0.00195577 -0.0020272 -0.00196406 -0.00193152 -0.00199385 -0.00205467 -0.00192812 -0.0018788 -0.00197296 -0.00201219 -0.00204249 -0.00202119 -0.00203759 -0.00191679 -0.00200773 -0.00196389 -0.00190946 -0.00204423 -0.00180492 -0.00187339 -0.00188815 -0.00199229 -0.00189634 -0.00192394 -0.0020214 -0.00196959 -0.00195694 -0.0019648 -0.00204138 -0.00207788 -0.00198479 -0.00195138 -0.00194575 -0.00200367 -0.00196059 -0.00201224 -0.00197613 -0.00209466 -0.00204834 -0.00199369 -0.00198976 -0.00193169 -0.00204636 -0.00193476 
-0.00195258 -0.00186772 -0.00194062 -0.00191711 -0.0020588 -0.00206454 -0.00198758 -0.00209253 -0.00214482 -0.00205738 -0.00214968 -0.00195669 -0.00189217 -0.00181032 -0.00164744 -0.00169464 0.0026924 0.00278463 0.00283443 0.00325291 0.146553 0.00346683 0.00311523 0.0028466 0.0028538 0.00260719 -0.0016469 -0.00177123 -0.00195362 -0.00180942 -0.00201294 -0.00209169 -0.00208096 -0.00217525 -0.00206207 -0.00202203 -0.0021686 -0.00211558 -0.00209599 -0.00199436 -0.00202301 -0.00199915 -0.00207118 -0.00194405 -0.00207574 -0.00196602 -0.00188553 -0.0019586 -0.00197488 -0.00196349 -0.00187917 -0.00191039 -0.00195736 -0.00184424 -0.00185897 -0.00190902 -0.00187718 -0.00193057 -0.00196732 -0.00197059 -0.00191282 -0.00184951 -0.0018208 -0.00180348 -0.00188991 -0.00193072 -0.0019248 -0.00191084 -0.00193424 -0.00192122 -0.001847 -0.00181866 -0.00184156 -0.00192642 -0.00170243 -0.00185875 -0.00179695 -0.00190485 -0.00186229 -0.00196926 -0.0019072 -0.00185291 -0.00186448 -0.0019246 -0.00193605 -0.0018236 -0.00180701 -0.00180845 -0.00189674 -0.00184205 -0.00191856 -0.00185306 -0.00192943 -0.00191837 -0.00195283 -0.00183433 -0.00183723 -0.00187893 -0.00189399 -0.00169937 
-0.00189768 -0.00201792 -0.00195109 -0.00201803 -0.0019837 -0.00212757 -0.00210794 -0.00209979 -0.00224046 -0.00212462 -0.00214481 -0.0020673 -0.00203381 -0.00181076 -0.0016933 -0.00166566 0.00264723 0.00275713 0.00291783 0.00311227 0.00346683 0.146293 0.00321788 0.00278033 0.00272994 0.00253058 -0.00158058 -0.00177425 -0.00192085 -0.00172836 -0.00192565 -0.00213958 -0.00216558 -0.00212718 -0.00201525 -0.00196233 -0.00206296 -0.00199397 -0.00206965 -0.00204147 -0.00189603 -0.00196363 -0.00197145 -0.00191044 -0.00209326 -0.00191304 -0.00191558 -0.00189044 -0.00187791 -0.00193846 -0.00188289 -0.00185898 -0.00186917 -0.00197865 -0.00197224 -0.001759 -0.00190023 -0.00185078 -0.0018 -0.001904 -0.00188406 -0.00195705 -0.00184409 -0.00181421 -0.00187079 -0.00198397 -0.00189576 -0.00193652 -0.00189365 -0.00193082 -0.00190243 -0.00174293 -0.0018184 -0.00194512 -0.00169565 -0.00180531 -0.00181743 -0.0019232 -0.00183954 -0.00192876 -0.00193029 -0.00184284 -0.00194806 -0.00189064 -0.00188943 -0.00186377 -0.00185013 -0.00183266 -0.00179165 -0.00185275 -0.00176717 -0.00185879 -0.00188153 -0.00185605 -0.00194856 -0.00186777 -0.00194653 -0.00184044 -0.00192359 -0.00180189 
-0.00184868 -0.0019178 -0.00188824 -0.00185918 -0.00200986 -0.00205631 -0.0020836 -0.00213962 -0.00217837 -0.00197389 -0.00209163 -0.00225417 -0.00209354 -0.00199089 -0.00180254 -0.00176931 -0.00157257 0.00261524 0.00272967 0.00295644 0.00311523 0.00321788 0.14561 0.00287615 0.00294759 0.00267172 0.0023938 -0.00163834 -0.00170387 -0.00171541 -0.00183442 -0.00201558 -0.00214409 -0.00203296 -0.00199285 -0.00203525 -0.00199515 -0.00208136 -0.00216964 -0.00209311 -0.00191671 -0.00190524 -0.00202661 -0.00202114 -0.00196486 -0.00185262 -0.00188572 -0.00184614 -0.00188053 -0.00184875 -0.00185574 -0.00179278 -0.00182668 -0.00181738 -0.00190922 -0.00184955 -0.00192414 -0.00196191 -0.00183439 -0.00182241 -0.00183148 -0.00187512 -0.00180893 -0.00171637 -0.00178937 -0.00188393 -0.00189745 -0.00176769 -0.00188209 -0.00185742 -0.00190796 -0.00188562 -0.00193013 -0.00183342 -0.00178575 -0.00185015 -0.00178012 -0.0018995 -0.00187466 -0.00189796 -0.00186709 -0.00184971 -0.00186059 -0.00186823 -0.00190164 -0.00191893 -0.00185166 -0.00180843 -0.00176338 -0.00188156 -0.00182473 -0.00197066 -0.00197339 -0.0019485 -0.00188454 -0.0018971 -0.0019266 -0.00189749 -0.00190347 -0.00165577 
-0.0017655 -0.00172379 -0.00181677 -0.00182235 -0.00177582 -0.00199426 -0.00199698 -0.00193063 -0.00205212 -0.00183844 -0.0019828 -0.00212633 -0.00199891 -0.00214441 -0.00189694 -0.00190025 -0.00180505 -0.00154385 -0.00164444 0.00277489 0.0028466 0.00278033 0.00287615 0.141181 0.00306487 0.00281673 0.00248181 0.00234439 -0.00148994 -0.00146138 -0.0015848 -0.00164587 -0.00183479 -0.00194256 -0.00183869 -0.00185873 -0.00192651 -0.00188509 -0.00183569 -0.00185896 -0.00190476 -0.00188743 -0.00185385 -0.00177274 -0.00189039 -0.0018589 -0.00192732 -0.00179829 -0.00183559 -0.00180743 -0.00180184 -0.00177049 -0.00175125 -0.00182761 -0.00170741 -0.00175149 -0.00181252 -0.00184233 -0.00182679 -0.00181569 -0.00174063 -0.00182957 -0.00172032 -0.00171043 -0.00171814 -0.00183598 -0.00173816 -0.00181912 -0.00172811 -0.00178296 -0.00171188 -0.001729 -0.00168216 -0.00169331 -0.00157503 -0.00173029 -0.00169222 -0.00177178 -0.00181084 -0.00182201 -0.00173194 -0.00178207 -0.00180674 -0.0017731 -0.00174645 -0.00180293 -0.00172253 -0.0016834 -0.00169695 -0.0018458 -0.00174035 -0.00170033 -0.00175 -0.0017219 -0.00178958 -0.00176072 -0.00170268 -0.00174495 -0.00175528 -0.00170037 
-0.00194344 -0.00197649 -0.00187824 -0.001941 -0.0020792 -0.00215238 -0.00205944 -0.00207297 -0.00213649 -0.00207302 -0.00227204 -0.00228476 -0.0021959 -0.00224612 -0.00213799 -0.00211004 -0.00204939 -0.00182035 -0.00178995 0.00275912 0.0028538 0.00272994 0.00294759 0.00306487 0.146052 0.0030721 0.00287391 0.00268736 0.00251618 0.00244485 -0.00156262 -0.00171068 -0.00166234 -0.0018968 -0.00197665 -0.00204944 -0.00206039 -0.00210029 -0.00210545 -0.00208385 -0.0019475 -0.0020361 -0.002031 -0.00205176 -0.00197441 -0.00210768 -0.00187131 -0.00197293 -0.00196614 -0.00192561 -0.00197624 -0.00187663 -0.00194108 -0.00191976 -0.00189168 -0.00192939 -0.00206028 -0.00193713 -0.00189598 -0.00200956 -0.0019883 -0.00199929 -0.00173718 -0.00187509 -0.00185138 -0.00187279 -0.00186914 -0.00197044 -0.00197405 -0.00200128 -0.00188468 -0.00187906 -0.00199757 -0.00190399 -0.00175984 -0.00186789 -0.00180803 -0.00181158 -0.00190213 -0.00201754 -0.00196012 -0.0019239 -0.00193834 -0.00193593 -0.00189823 -0.0019366 -0.001972 -0.00174593 -0.00186318 -0.00193694 -0.00188744 -0.00191568 -0.00187859 -0.00192127 -0.00193721 -0.00193549 -0.00198517 -0.00189684 -0.00197772 -0.00183449 
-0.00194383 -0.00189149 -0.00196666 -0.00189908 -0.00194364 -0.00215754 -0.00213472 -0.00213198 -0.00209118 -0.00205193 -0.00223011 -0.00222397 -0.00211023 -0.00226354 -0.00219194 -0.00223142 -0.00218625 -0.00193489 -0.00186419 -0.00157882 0.00260719 0.00253058 0.00267172 0.00281673 0.0030721 0.144005 0.00272636 0.0027506 0.00239745 0.00251193 0.00233245 -0.00154131 -0.00159687 -0.00168881 -0.00171807 -0.00189354 -0.00207127 -0.00205852 -0.00198207 -0.00209225 -0.00187878 -0.00193821 -0.00202317 -0.00209338 -0.00204377 -0.00204068 -0.00190424 -0.00193623 -0.00179447 -0.00193951 -0.00189763 -0.00188517 -0.00190971 -0.00187968 -0.00187063 -0.00188987 -0.00189784 -0.0018464 -0.00192968 -0.00181357 -0.00177185 -0.00189526 -0.00175621 -0.00180802 -0.00190038 -0.0018584 -0.001924 -0.00187431 -0.00189947 -0.00184623 -0.00188925 -0.00186195 -0.00184462 -0.00182525 -0.00181584 -0.00184769 -0.00179044 -0.00189052 -0.00182335 -0.0018831 -0.00191279 -0.00187615 -0.00187949 -0.00181771 -0.00188532 -0.00192677 -0.00184742 -0.00192779 -0.00180168 -0.00195864 -0.0018335 -0.00179652 -0.00193416 -0.00191903 -0.00170644 -0.00185492 -0.0018975 -0.00183313 -0.00192153 -0.00180294 
-0.00179865 -0.00178393 -0.00185481 -0.00187544 -0.00185073 -0.00184084 -0.00199677 -0.00193569 -0.00198789 -0.00192695 -0.00205401 -0.00211033 -0.00205383 -0.00215832 -0.00213066 -0.00219447 -0.0021676 -0.00204082 -0.00203082 -0.00196309 -0.0016469 -0.00158058 0.0023938 0.00248181 0.00287391 0.00272636 0.139344 0.00272332 0.0026235 0.00268357 0.00251359 0.00230573 -0.00138608 -0.00146681 -0.00156551 -0.00169053 -0.00178979 -0.0018896 -0.0018629 -0.00185461 -0.00173506 -0.00176038 -0.00195948 -0.00192579 -0.0017976 -0.00186667 -0.00176876 -0.00168134 -0.00171797 -0.00173268 -0.00183233 -0.00180224 -0.0017995 -0.00170761 -0.00182575 -0.00183084 -0.00184039 -0.00181173 -0.00191525 -0.00186356 -0.00176044 -0.00171465 -0.00167956 -0.00167179 -0.00175815 -0.00177433 -0.00182236 -0.0017536 -0.00173366 -0.00177951 -0.00174938 -0.00180759 -0.00173495 -0.00173876 -0.00172796 -0.00171905 -0.0017832 -0.00175947 -0.00172908 -0.00176219 -0.00179782 -0.00170153 -0.0018349 -0.00181216 -0.00172426 -0.00176895 -0.00172778 -0.00165294 -0.00160144 -0.00181194 -0.00184785 -0.00179968 -0.00181884 -0.00170266 -0.00175026 -0.00175787 -0.00174171 -0.00174267 -0.00174698 -0.00170335 
-0.00166919 -0.00179904 -0.00176335 -0.00177532 -0.00185255 -0.00191947 -0.0019657 -0.00191389 -0.00202836 -0.00188932 -0.00210502 -0.00212217 -0.00198728 -0.00224843 -0.00209064 -0.00212009 -0.00222085 -0.00213391 -0.0020935 -0.00188209 -0.00177123 -0.00177425 -0.00163834 0.00234439 0.00268736 0.0027506 0.00272332 0.13726 0.00270148 0.00272859 0.00258969 0.00243838 0.00237145 -0.00132417 -0.00142845 -0.00154552 -0.00160661 -0.00179667 -0.00173143 -0.00186472 -0.00170699 -0.00178114 -0.00184187 -0.00174023 -0.00189697 -0.00183498 -0.00168846 -0.00182366 -0.00179738 -0.00175177 -0.00167949 -0.00166016 -0.00175463 -0.00175214 -0.00175412 -0.00180682 -0.0018025 -0.00174244 -0.00173233 -0.00174066 -0.00168169 -0.00174496 -0.00157375 -0.00166143 -0.00176723 -0.00177384 -0.00170393 -0.0017431 -0.0017831 -0.00175097 -0.00175349 -0.00168723 -0.0017093 -0.00163798 -0.00167847 -0.0016566 -0.00163872 -0.00172473 -0.00177428 -0.00169857 -0.0017676 -0.00180716 -0.00174698 -0.00174022 -0.00176151 -0.00180422 -0.00177365 -0.00164104 -0.00176532 -0.00175468 -0.00176665 -0.00172812 -0.00175213 -0.00182866 -0.00172206 -0.00183217 -0.0018246 -0.00172569 -0.00167036 -0.00168915 
-0.00164771 -0.00178143 -0.00170215 -0.00174997 -0.00182322 -0.00185769 -0.00191026 -0.00185975 -0.00196615 -0.00187833 -0.00199179 -0.00196973 -0.00203107 -0.00209328 -0.0021025 -0.00215016 -0.00213187 -0.00218603 -0.00209833 -0.00215384 -0.00195362 -0.00192085 -0.00170387 -0.00148994 0.00251618 0.00239745 0.0026235 0.00270148 0.135229 0.0027357 0.00266363 0.00245884 0.00235362 0.00223 -0.00137031 -0.00138093 -0.00162455 -0.0016333 -0.00170865 -0.00175682 -0.00174583 -0.00171565 -0.00180414 -0.00186853 -0.00179788 -0.00185172 -0.00173114 -0.00171628 -0.0017835 -0.00170749 -0.00162467 -0.00168158 -0.00166535 -0.00167936 -0.00170444 -0.00174563 -0.00172342 -0.0017458 -0.00177122 -0.00176267 -0.00165523 -0.00167289 -0.00170403 -0.00158862 -0.00169316 -0.0017281 -0.0017116 -0.00172339 -0.00170981 -0.0016557 -0.00167701 -0.00165944 -0.00166345 -0.00166841 -0.00165387 -0.00160022 -0.00164368 -0.00168624 -0.00178141 -0.00178965 -0.00168121 -0.00159865 -0.00169438 -0.00170531 -0.00164931 -0.00169198 -0.0017804 -0.00165515 -0.00166728 -0.00173071 -0.00168145 -0.00173456 -0.00166384 -0.00169441 -0.00168388 -0.00164526 -0.00173111 -0.00172492 -0.0017599 -0.0016152 
-0.00172503 -0.00174727 -0.00178994 -0.00173569 -0.0016741 -0.00182278 -0.001907 -0.00193213 -0.00188735 -0.00192365 -0.00199633 -0.00199331 -0.00197109 -0.00213287 -0.00189407 -0.00202298 -0.00224485 -0.00208865 -0.00207456 -0.00215322 -0.00180942 -0.00172836 -0.00171541 -0.00146138 0.00244485 0.00251193 0.00268357 0.00272859 0.0027357 0.133912 0.00260911 0.00243742 0.00240437 0.00224338 -0.00127058 -0.00146512 -0.00145802 -0.00159158 -0.00170027 -0.00182003 -0.0017801 -0.00176723 -0.0018284 -0.00185048 -0.00176273 -0.00183151 -0.00169899 -0.00172887 -0.00182096 -0.00162016 -0.00165463 -0.00174075 -0.00179951 -0.00169698 -0.00166736 -0.00175476 -0.00182051 -0.00172542 -0.00167576 -0.00167511 -0.00165907 -0.00173551 -0.00166065 -0.00161259 -0.00175479 -0.00171716 -0.00165984 -0.00159801 -0.00169411 -0.0016259 -0.00171817 -0.00166469 -0.00173638 -0.00171491 -0.00157088 -0.00153971 -0.00167436 -0.00169317 -0.00173355 -0.00164877 -0.00161924 -0.00173843 -0.00172656 -0.00169946 -0.00175356 -0.00170062 -0.00163863 -0.00166062 -0.00169206 -0.00168611 -0.00172871 -0.00170892 -0.00168589 -0.00165271 -0.001675 -0.00169372 -0.00168878 -0.00161549 -0.00166508 -0.0016315 
-0.00178813 -0.00182068 -0.00179668 -0.00181294 -0.00181814 -0.00189622 -0.00191304 -0.00197345 -0.00195369 -0.00195318 -0.00206732 -0.00203401 -0.00217086 -0.00209061 -0.00206762 -0.00217697 -0.00224533 -0.00212537 -0.00205763 -0.00228086 -0.00201294 -0.00192565 -0.00183442 -0.0015848 -0.00156262 0.00233245 0.00251359 0.00258969 0.00266363 0.00260911 0.134711 0.00271202 0.00257545 0.0024636 0.00210778 0.00206304 -0.00133995 -0.00142073 -0.00155489 -0.00172997 -0.00178338 -0.00176063 -0.0017734 -0.00174451 -0.00177145 -0.00179364 -0.00177661 -0.00167304 -0.00175288 -0.001795 -0.00181736 -0.00177605 -0.00175016 -0.00177842 -0.00170184 -0.00178816 -0.00182623 -0.0017398 -0.00179486 -0.00163926 -0.00172689 -0.00176639 -0.00159434 -0.00159827 -0.00170586 -0.00176319 -0.00172088 -0.00179059 -0.0017407 -0.00177775 -0.00175644 -0.00183784 -0.00182305 -0.0016668 -0.00169402 -0.00153721 -0.00168197 -0.00177388 -0.0016773 -0.00177317 -0.0017822 -0.00176765 -0.00173311 -0.00178035 -0.00174211 -0.00178313 -0.00170373 -0.00166448 -0.00173775 -0.00181502 -0.0017818 -0.00173798 -0.00174419 -0.0017498 -0.0016793 -0.001779 -0.00164696 -0.00163648 -0.00176617 -0.00165847 
-0.00158658 -0.00171388 -0.00174007 -0.0017338 -0.00173402 -0.00188171 -0.00202836 -0.00194658 -0.00193364 -0.00196363 -0.00203634 -0.00200029 -0.00200215 -0.00213336 -0.00216951 -0.00202233 -0.00227055 -0.00211307 -0.0020195 -0.00228812 -0.00209169 -0.00213958 -0.00201558 -0.00164587 -0.00171068 -0.00154131 0.00230573 0.00243838 0.00245884 0.00243742 0.00271202 0.133041 0.0026412 0.0024538 0.002277 0.00224483 0.00204982 -0.00123028 -0.00131376 -0.00153559 -0.00166883 -0.0015589 -0.00178335 -0.00175856 -0.0018258 -0.00178771 -0.00184571 -0.00165864 -0.00177299 -0.00165116 -0.00180829 -0.00174741 -0.00180244 -0.00173236 -0.00174836 -0.00165663 -0.00173068 -0.00176224 -0.00162772 -0.00170051 -0.00174433 -0.00177068 -0.00159722 -0.00160463 -0.00165762 -0.00166918 -0.00172553 -0.00173764 -0.00178191 -0.00168915 -0.00169184 -0.00176138 -0.00168242 -0.00171227 -0.00155973 -0.00163605 -0.0016577 -0.00171151 -0.00172246 -0.00171274 -0.00168942 -0.00171353 -0.00170677 -0.0017736 -0.00166192 -0.00174516 -0.00174714 -0.00159284 -0.00169561 -0.00177898 -0.00172463 -0.00158292 -0.00172054 -0.00178156 -0.00169439 -0.00177793 -0.00168526 -0.00164632 -0.0016847 -0.00166114 
-0.00165218 -0.00172855 -0.00175636 -0.00176802 -0.00175645 -0.00183985 -0.00191113 -0.00182558 -0.00199237 -0.00185974 -0.00197528 -0.00212856 -0.00202344 -0.00214242 -0.00198649 -0.00214559 -0.00208379 -0.00210754 -0.00215345 -0.00214078 -0.00208096 -0.00216558 -0.00214409 -0.00183479 -0.00166234 -0.00159687 -0.00138608 0.00237145 0.00235362 0.00240437 0.00257545 0.0026412 0.131606 0.00247816 0.00217903 0.00232436 0.00209493 0.00203695 -0.00118024 -0.00143004 -0.00147195 -0.00148094 -0.00166648 -0.00177153 -0.00171715 -0.00172822 -0.00161201 -0.00170678 -0.00172201 -0.0016916 -0.00164457 -0.00169609 -0.00167681 -0.00168836 -0.00163542 -0.00169883 -0.00171063 -0.00176424 -0.00168474 -0.00171405 -0.00167727 -0.00168749 -0.00155699 -0.00151902 -0.00172196 -0.00169815 -0.00170681 -0.00165244 -0.00169991 -0.00167577 -0.00161182 -0.00164764 -0.00172547 -0.00165065 -0.00165019 -0.00157401 -0.00165713 -0.00170663 -0.00171292 -0.00168542 -0.00169694 -0.00172384 -0.00171398 -0.0017071 -0.00168541 -0.00183277 -0.00175198 -0.00158316 -0.00171014 -0.00170748 -0.00159496 -0.00169801 -0.00171782 -0.00172054 -0.00173823 -0.00158882 -0.00175305 -0.00167851 -0.00167123 -0.001633 
