0.12311 0.00223433 0.00218744 0.00219856 0.00202956 0.00200694 -0.00122123 -0.00127752 -0.00142702 -0.00147133 -0.00161178 -0.00169778 -0.00167784 -0.00183878 -0.0018043 -0.0018388 -0.00191133 -0.00177444 -0.00195682 -0.00204562 -0.00186457 -0.00186594 -0.00183748 -0.00184482 -0.00201748 -0.00189929 -0.00193422 -0.00170353 -0.00177273 -0.00171608 -0.00170998 -0.00173304 -0.00171775 -0.00171644 -0.00166052 -0.00157303 -0.00170237 -0.00165353 -0.00174256 -0.00160432 -0.00151854 -0.00159344 -0.00161853 -0.00160625 -0.00163463 -0.00163125 -0.00156571 -0.00153701 -0.00156052 -0.00145345 -0.00151429 -0.00144127 -0.00147008 -0.00147163 -0.00153361 -0.00156755 -0.00146263 -0.00145647 -0.00144761 -0.00148952 -0.00147294 -0.0015317 -0.00147053 -0.00147613 -0.00147326 -0.00149218 -0.00150474 -0.00146529 -0.00157076 -0.00157754 -0.0014495 -0.00149449 -0.00146117 -0.00142954 -0.00142741 -0.00145399 -0.00137793 -0.0014041 -0.00150335 -0.0014686 -0.00153106 -0.00150043 -0.00155966 -0.00151484 -0.00158699 -0.00151337 -0.00146989 -0.00144193 -0.00141158 -0.0014162 -0.00152043 -0.00137792 -0.00131705 -0.00128104 -0.0012103 -0.00117478 0.00186924 0.00191271 0.00202887 0.00215334 
0.00223433 0.123588 0.0022312 0.00221325 0.00211084 0.00211651 0.00200282 -0.00126651 -0.00135329 -0.00131335 -0.00155955 -0.0016707 -0.00174681 -0.00184122 -0.00178045 -0.00179102 -0.00190617 -0.00196344 -0.00186795 -0.00200192 -0.00189094 -0.00185364 -0.00186802 -0.00182204 -0.0018486 -0.00195539 -0.00172474 -0.00184746 -0.00163937 -0.00163446 -0.00179826 -0.00180239 -0.00172184 -0.0016394 -0.00155755 -0.00156203 -0.00163887 -0.00160473 -0.00162593 -0.0015779 -0.00155653 -0.00157516 -0.00168297 -0.00160701 -0.00155181 -0.00173973 -0.00157801 -0.00158714 -0.00155448 -0.00160453 -0.00148463 -0.00152834 -0.00156873 -0.00154033 -0.00154956 -0.00154464 -0.00147613 -0.00152115 -0.00155556 -0.00149636 -0.00142804 -0.00155236 -0.00146135 -0.00140539 -0.00148554 -0.00161523 -0.00151813 -0.00153232 -0.00145294 -0.00150495 -0.00151023 -0.00150527 -0.00153701 -0.00153244 -0.00143132 -0.0015098 -0.00144406 -0.00151291 -0.00155185 -0.00150359 -0.00145865 -0.00150165 -0.0015916 -0.00148788 -0.00157787 -0.00145538 -0.00150727 -0.00144605 -0.00151411 -0.00148312 -0.00147446 -0.00148859 -0.00140649 -0.00136886 -0.00126149 -0.00127409 -0.00120079 0.00183455 0.00200751 0.00213281 
0.00218744 0.0022312 0.123899 0.00222916 0.00212439 0.00226431 0.00217783 0.00213869 -0.00117378 -0.00129004 -0.00144432 -0.00154225 -0.0015776 -0.00186589 -0.00175969 -0.00183209 -0.00199919 -0.00197363 -0.00189483 -0.00200562 -0.00195748 -0.00193569 -0.00190145 -0.00181353 -0.0019071 -0.00195906 -0.00179006 -0.00172984 -0.00181623 -0.00167747 -0.00182293 -0.0016706 -0.00181885 -0.00180369 -0.0015842 -0.00160572 -0.00168986 -0.00168928 -0.00162939 -0.00163952 -0.00157553 -0.00158242 -0.00153628 -0.00157668 -0.00157357 -0.00157489 -0.00150061 -0.00156784 -0.00157523 -0.00149003 -0.00160047 -0.00155323 -0.00158257 -0.00148487 -0.00158955 -0.00160674 -0.00154032 -0.00157665 -0.00158155 -0.00159538 -0.00151035 -0.00147783 -0.00144166 -0.00139893 -0.00155812 -0.00148936 -0.00146028 -0.00149878 -0.00148743 -0.00149422 -0.00148417 -0.00150598 -0.00155813 -0.00151248 -0.00141663 -0.00142349 -0.00136223 -0.00150388 -0.00147467 -0.00153924 -0.00152475 -0.00144166 -0.00154271 -0.00160877 -0.00160487 -0.00154906 -0.00153586 -0.00148042 -0.00142271 -0.00154227 -0.00153018 -0.00154037 -0.00151158 -0.00144758 -0.00149373 -0.00130981 -0.00126846 -0.00121135 0.00197566 0.00200145 
0.00219856 0.00221325 0.00222916 0.124275 0.00234824 0.00231364 0.00225711 0.00219573 0.00207651 -0.00110054 -0.00135413 -0.00147524 -0.00150119 -0.0017351 -0.00185713 -0.00183528 -0.00191519 -0.00191643 -0.00179917 -0.00194318 -0.00193307 -0.00193928 -0.00185006 -0.00178054 -0.00199006 -0.00189694 -0.00185869 -0.00182085 -0.00175902 -0.0017417 -0.00182702 -0.00178617 -0.00166978 -0.00176673 -0.00165659 -0.00163906 -0.00164843 -0.00167516 -0.00171265 -0.00168004 -0.00157717 -0.00159638 -0.00170926 -0.00164888 -0.00158696 -0.00163822 -0.00150422 -0.00154931 -0.00155715 -0.00160331 -0.00157661 -0.00152549 -0.00143648 -0.0016255 -0.00149048 -0.00152063 -0.00156144 -0.00156599 -0.00168436 -0.00157135 -0.00151635 -0.00160676 -0.00139233 -0.00150087 -0.00158328 -0.00155793 -0.00151397 -0.00161545 -0.00155242 -0.00162678 -0.0014688 -0.00146511 -0.00145209 -0.00157472 -0.00140841 -0.00142872 -0.00146336 -0.00154563 -0.00147702 -0.00156153 -0.00155605 -0.00143307 -0.00151374 -0.00157642 -0.00149424 -0.00148327 -0.00154309 -0.00152152 -0.00145611 -0.00153739 -0.00157646 -0.00155104 -0.00160868 -0.00155756 -0.00149555 -0.00139827 -0.0013978 -0.00128395 -0.00111432 0.00189701 
0.00202956 0.00211084 0.00212439 0.00234824 0.12506 0.00242433 0.00238972 0.00238648 0.00216413 0.00213902 -0.00126322 -0.00136258 -0.00143235 -0.0017221 -0.00185306 -0.00179245 -0.00191068 -0.00190799 -0.00194889 -0.00203218 -0.00199824 -0.00197394 -0.00195786 -0.00180815 -0.00202018 -0.0020051 -0.00186204 -0.00177169 -0.00179866 -0.0017522 -0.00181346 -0.00168175 -0.00181131 -0.00166828 -0.00149478 -0.00167435 -0.00165116 -0.00160188 -0.00173896 -0.00170972 -0.0016411 -0.0015141 -0.00173285 -0.00166434 -0.00163167 -0.00164377 -0.00156362 -0.00160438 -0.00154883 -0.0015768 -0.00162917 -0.00144824 -0.00157756 -0.00157648 -0.00156526 -0.00155601 -0.00161139 -0.00148056 -0.00156073 -0.0015532 -0.00157535 -0.00155184 -0.00146763 -0.00154706 -0.00158218 -0.00155816 -0.00151815 -0.00160949 -0.00160356 -0.00161969 -0.00155005 -0.00160265 -0.00149989 -0.00148086 -0.00141106 -0.00148675 -0.00148256 -0.00158451 -0.00158889 -0.00152829 -0.00151976 -0.00155218 -0.0015255 -0.00148029 -0.00147224 -0.00153886 -0.00160756 -0.00147782 -0.00139078 -0.00151675 -0.00162932 -0.0015906 -0.00150375 -0.00143118 -0.00153384 -0.00151036 -0.00147808 -0.00139624 -0.00132463 -0.00114893 
0.00200694 0.00211651 0.00226431 0.00231364 0.00242433 0.12819 0.00248325 0.00245712 0.00240037 0.00223387 0.0021074 -0.00132932 -0.00140564 -0.00159807 -0.00184321 -0.00172721 -0.00207706 -0.00209396 -0.00204896 -0.00210998 -0.00207632 -0.00210416 -0.0019608 -0.00186009 -0.00212609 -0.00207896 -0.00202194 -0.00195334 -0.00193507 -0.00186208 -0.00191126 -0.00184159 -0.00181845 -0.00185397 -0.00174095 -0.00171154 -0.00174155 -0.00177314 -0.00171177 -0.00180721 -0.00163716 -0.0017275 -0.00171213 -0.00180163 -0.00171207 -0.00168475 -0.00171284 -0.00166136 -0.00152615 -0.00168578 -0.00169868 -0.00169893 -0.00166173 -0.0016046 -0.00160252 -0.00174158 -0.0016 -0.00162271 -0.00163545 -0.00160423 -0.00159548 -0.00166273 -0.00154163 -0.00160314 -0.00162001 -0.00164445 -0.00149704 -0.00162607 -0.00166654 -0.00168799 -0.00167233 -0.00162489 -0.0016528 -0.00162265 -0.00153086 -0.00150613 -0.00152163 -0.00165256 -0.00159823 -0.00160554 -0.00165603 -0.00164008 -0.00156895 -0.0016836 -0.00162951 -0.0015987 -0.00160105 -0.00164454 -0.0015323 -0.00160542 -0.00162327 -0.00165411 -0.00164171 -0.00156913 -0.00164096 -0.00156138 -0.00152775 -0.00150165 -0.00133187 -0.00119785 
-0.00122123 0.00200282 0.00217783 0.00225711 0.00238972 0.00248325 0.129223 0.00244082 0.00241161 0.00236823 0.00227115 0.0022277 -0.0013357 -0.00156398 -0.00171936 -0.00167066 -0.00190917 -0.00202996 -0.00200087 -0.00225537 -0.0021108 -0.00214292 -0.00214484 -0.00198681 -0.00216563 -0.00216652 -0.00197434 -0.00192356 -0.00195928 -0.00184138 -0.0019307 -0.00182351 -0.00174046 -0.00180611 -0.00172876 -0.00177544 -0.00180068 -0.00183118 -0.00183115 -0.00180678 -0.00168963 -0.00164689 -0.00176895 -0.00173315 -0.00176399 -0.0017285 -0.00164524 -0.00159315 -0.00168731 -0.001634 -0.00167524 -0.00165799 -0.00169588 -0.00165699 -0.00158496 -0.00165127 -0.0016164 -0.00163773 -0.0016511 -0.00170742 -0.00161008 -0.00168906 -0.00154138 -0.0015612 -0.00166508 -0.00162625 -0.00164206 -0.00165649 -0.00167524 -0.00165509 -0.00165952 -0.00165241 -0.00161762 -0.00165091 -0.0015175 -0.00160216 -0.0016031 -0.00168828 -0.00158039 -0.00166636 -0.00162192 -0.00167879 -0.0015624 -0.00162759 -0.00158137 -0.00166336 -0.00160892 -0.00155567 -0.00155496 -0.00159279 -0.00165274 -0.00163223 -0.00165152 -0.00168706 -0.00164358 -0.00169289 -0.00165152 -0.00162761 -0.00145797 -0.00132555 
-0.00127752 -0.00126651 0.00213869 0.00219573 0.00238648 0.00245712 0.00244082 0.130757 0.00261685 0.00247194 0.00242801 0.00230003 0.00232008 -0.00153432 -0.00162608 -0.00166556 -0.00195671 -0.00204155 -0.00210264 -0.00211877 -0.00213618 -0.00208315 -0.00204878 -0.00195178 -0.00221487 -0.00216857 -0.00192645 -0.00197601 -0.00201121 -0.00183562 -0.00195338 -0.00186745 -0.00191958 -0.00182039 -0.00170016 -0.00178316 -0.00181471 -0.00173217 -0.00179081 -0.00175926 -0.00170187 -0.00172481 -0.0017593 -0.00169127 -0.00182417 -0.00178473 -0.00163706 -0.00172553 -0.00161149 -0.00169061 -0.00170508 -0.00169659 -0.00165607 -0.00170086 -0.00165504 -0.00167532 -0.00171859 -0.00165957 -0.00167942 -0.00165715 -0.00174406 -0.0016036 -0.00163145 -0.00159783 -0.0017176 -0.0016917 -0.00162834 -0.00170217 -0.00164495 -0.00172565 -0.00163723 -0.00177235 -0.00169785 -0.00171995 -0.00155074 -0.00159626 -0.00154671 -0.00170003 -0.00173046 -0.00186731 -0.00168128 -0.00166297 -0.00166143 -0.00161204 -0.00166877 -0.00172276 -0.00167437 -0.00150149 -0.00164484 -0.0016841 -0.00167488 -0.00172099 -0.0017094 -0.00165187 -0.00168562 -0.00170748 -0.00167247 -0.00162632 -0.00158621 -0.00141914 
-0.00142702 -0.00135329 -0.00117378 0.00207651 0.00216413 0.00240037 0.00241161 0.00261685 0.13153 0.00262226 0.00243803 0.00241838 0.00244608 0.00220028 -0.00146598 -0.0015604 -0.0017762 -0.00195282 -0.00190737 -0.00225158 -0.00207211 -0.00217579 -0.00205915 -0.00189956 -0.00210317 -0.00218357 -0.0019857 -0.00195573 -0.00193636 -0.00189953 -0.00198931 -0.00194729 -0.00192167 -0.00194797 -0.00181888 -0.00170226 -0.00188979 -0.00182131 -0.00173358 -0.00177974 -0.0017414 -0.00174353 -0.001781 -0.00179606 -0.0018067 -0.00182899 -0.00174571 -0.00177856 -0.00169609 -0.00165445 -0.00172818 -0.00167782 -0.00168105 -0.00173161 -0.00172257 -0.00163687 -0.0017309 -0.00168308 -0.00165917 -0.00169548 -0.00166652 -0.00175171 -0.0016282 -0.0016454 -0.00171167 -0.00165826 -0.00164973 -0.00167653 -0.00171601 -0.00171926 -0.00167795 -0.00174359 -0.00173669 -0.00176441 -0.00163406 -0.00159549 -0.00150953 -0.0017158 -0.00165647 -0.00169567 -0.00170365 -0.00167176 -0.00165895 -0.00167833 -0.00170544 -0.00174656 -0.00171477 -0.00161675 -0.00168823 -0.00179199 -0.00171502 -0.00171405 -0.00166603 -0.00163107 -0.0016588 -0.00159949 -0.0016545 -0.00167824 -0.00168443 -0.00158355 
-0.00147133 -0.00131335 -0.00129004 -0.00110054 0.00213902 0.00223387 0.00236823 0.00247194 0.00262226 0.130174 0.00266565 0.0024978 0.00236151 0.00215046 -0.00145545 -0.00148269 -0.00171406 -0.00192985 -0.00203578 -0.00213247 -0.00206178 -0.00202452 -0.00204163 -0.00191674 -0.00202506 -0.00212716 -0.00197558 -0.00194446 -0.00183349 -0.00182051 -0.00196686 -0.00186764 -0.00192828 -0.00180418 -0.0017704 -0.00165429 -0.00181056 -0.00181617 -0.00174067 -0.00178131 -0.0017039 -0.00164043 -0.00170088 -0.00174037 -0.00169228 -0.00172167 -0.00164343 -0.00163537 -0.00164602 -0.00167602 -0.00160344 -0.00170728 -0.00166799 -0.00163453 -0.00164687 -0.0016386 -0.00157307 -0.00162371 -0.001659 -0.00163587 -0.00167618 -0.00162197 -0.00153273 -0.00144171 -0.00160336 -0.00162004 -0.0016259 -0.0017117 -0.00161675 -0.00159984 -0.00160737 -0.0016191 -0.00168266 -0.00165512 -0.00157609 -0.00161515 -0.00158383 -0.00171688 -0.00159821 -0.00157433 -0.0015253 -0.00162837 -0.00162033 -0.00163827 -0.00161981 -0.00163998 -0.00162849 -0.0015864 -0.00157244 -0.00162553 -0.00168181 -0.0016215 -0.00161617 -0.00157432 -0.00165399 -0.00160316 -0.00160365 -0.00168793 -0.00163692 -0.00161387 
-0.00161178 -0.00155955 -0.00144432 -0.00135413 -0.00126322 0.0021074 0.00227115 0.00242801 0.00243803 0.00266565 0.134868 0.00274092 0.00270598 0.00264875 0.00240652 0.00236062 -0.00156628 -0.00178192 -0.00164714 -0.00200164 -0.00216534 -0.00210846 -0.00222667 -0.00209669 -0.0022156 -0.00221281 -0.00199527 -0.00197379 -0.00194745 -0.00204095 -0.00211138 -0.00200862 -0.00195206 -0.00201357 -0.0019584 -0.0018183 -0.00187398 -0.0018967 -0.00189983 -0.00184302 -0.00180295 -0.0018198 -0.00191165 -0.00194786 -0.00179295 -0.00187302 -0.00169234 -0.00178269 -0.00166216 -0.00175073 -0.00174991 -0.00178077 -0.00170474 -0.00188895 -0.00178718 -0.00172302 -0.00174406 -0.00170112 -0.00174256 -0.00176883 -0.00168178 -0.00176948 -0.00163823 -0.00168962 -0.00177627 -0.00171804 -0.00180404 -0.00180486 -0.00178789 -0.00177753 -0.00177483 -0.00171252 -0.00181047 -0.00175276 -0.00159977 -0.00167017 -0.0016962 -0.00181941 -0.00176144 -0.00166444 -0.00168504 -0.0018948 -0.00164049 -0.00180624 -0.00182986 -0.00178644 -0.00175474 -0.00165992 -0.00164708 -0.00169233 -0.00175841 -0.0017248 -0.00169307 -0.00178292 -0.00175902 -0.00169712 -0.00179484 -0.00174971 -0.00175938 -0.00159861 
-0.00169778 -0.0016707 -0.00154225 -0.00147524 -0.00136258 -0.00132932 0.0022277 0.00230003 0.00241838 0.0024978 0.00274092 0.136731 0.00275859 0.00269013 0.00254722 0.00247767 0.00237066 -0.00159565 -0.00162701 -0.0019552 -0.00214215 -0.00210285 -0.00220304 -0.00206821 -0.00232924 -0.00223103 -0.00209116 -0.00209587 -0.00193532 -0.00207161 -0.00208628 -0.00210235 -0.00202425 -0.00199733 -0.00183288 -0.00187033 -0.00200797 -0.00191515 -0.00196661 -0.00190799 -0.00181948 -0.00186446 -0.0019087 -0.00182632 -0.00180781 -0.00185841 -0.00171547 -0.00178615 -0.00180688 -0.00183178 -0.00174606 -0.00181861 -0.00182218 -0.00183078 -0.00174869 -0.00176233 -0.001834 -0.00171724 -0.00177513 -0.00180483 -0.00177757 -0.00184555 -0.00169891 -0.00172461 -0.00177948 -0.00176562 -0.00182006 -0.00179997 -0.00183669 -0.00182075 -0.00177129 -0.00178946 -0.00183734 -0.0018212 -0.00165384 -0.0017064 -0.0015825 -0.00176892 -0.00173788 -0.00172182 -0.00173077 -0.00185164 -0.0017222 -0.0018311 -0.00172532 -0.00175033 -0.00173447 -0.00167372 -0.00163983 -0.00184598 -0.00178388 -0.00179981 -0.00180468 -0.00178712 -0.00174874 -0.00169563 -0.00181409 -0.00174957 -0.00177252 -0.00171619 
-0.00167784 -0.00174681 -0.0015776 -0.00150119 -0.00143235 -0.00140564 -0.0013357 0.00232008 0.00244608 0.00236151 0.00270598 0.00275859 0.135243 0.00292702 0.00254816 0.00253507 0.00242801 -0.00155073 -0.00155332 -0.00173914 -0.00191225 -0.00199216 -0.00210044 -0.00212364 -0.00208516 -0.00213327 -0.00200711 -0.00199977 -0.0019055 -0.0019754 -0.00195277 -0.00207749 -0.00198208 -0.00197982 -0.00185421 -0.00183412 -0.00185141 -0.00191366 -0.00188586 -0.00184853 -0.00183337 -0.00175495 -0.00184554 -0.00181425 -0.00178818 -0.00190203 -0.00173296 -0.00173495 -0.00180256 -0.00168793 -0.00174053 -0.00172841 -0.0016806 -0.00171931 -0.00172573 -0.00170418 -0.00160923 -0.00177721 -0.0017432 -0.00172546 -0.00168367 -0.00173756 -0.00173647 -0.00173049 -0.00171678 -0.0017255 -0.00170003 -0.00171979 -0.00171404 -0.00172606 -0.00172534 -0.00179465 -0.00176831 -0.00165411 -0.0017547 -0.00162147 -0.00158737 -0.00174753 -0.00168892 -0.00166411 -0.00173975 -0.00174712 -0.0017139 -0.00167402 -0.00172411 -0.00169391 -0.00168771 -0.00170013 -0.00154444 -0.00181016 -0.00169193 -0.00177434 -0.00171472 -0.0016763 -0.00174749 -0.00170033 -0.00170737 -0.00171303 -0.00173406 -0.00159618 
-0.00183878 -0.00184122 -0.00186589 -0.0017351 -0.0017221 -0.00159807 -0.00156398 -0.00153432 0.00220028 0.00215046 0.00264875 0.00269013 0.00292702 0.140599 0.00290083 0.00280917 0.00285047 0.00256692 0.0025389 -0.00162297 -0.00192519 -0.00183782 -0.00198047 -0.00211345 -0.00231013 -0.00239039 -0.00220698 -0.00208482 -0.00202003 -0.00215785 -0.00216061 -0.0021766 -0.00207115 -0.00208358 -0.00204828 -0.00188272 -0.00205786 -0.00193781 -0.00196746 -0.00190077 -0.00184546 -0.00182279 -0.00207468 -0.0019584 -0.00195199 -0.00184834 -0.00182905 -0.0018126 -0.00178277 -0.00178962 -0.0018119 -0.00181183 -0.00181198 -0.00189426 -0.00179475 -0.00185986 -0.00185768 -0.0018604 -0.00183832 -0.00187694 -0.00185714 -0.00190673 -0.0017699 -0.00171677 -0.00182384 -0.00181078 -0.00190096 -0.00185543 -0.00189845 -0.00188019 -0.00180355 -0.00187197 -0.00185327 -0.00190651 -0.00170328 -0.00180172 -0.00177278 -0.00187638 -0.00178681 -0.00186174 -0.00179982 -0.00174861 -0.00187672 -0.0018784 -0.00183811 -0.00176547 -0.00179141 -0.00175499 -0.00176063 -0.00186373 -0.00192223 -0.0019209 -0.00181292 -0.00185841 -0.00183483 -0.00176971 -0.00181674 -0.00182691 -0.00185041 -0.00176308 
-0.0018043 -0.00178045 -0.00175969 -0.00185713 -0.00185306 -0.00184321 -0.00171936 -0.00162608 -0.00146598 -0.00145545 0.00240652 0.00254722 0.00254816 0.00290083 0.139876 0.00303805 0.00299489 0.00275919 0.00271547 0.00252866 -0.00159944 -0.00159257 -0.00184965 -0.00195919 -0.00200857 -0.00228319 -0.00204731 -0.00209076 -0.00202968 -0.00205736 -0.0021417 -0.00205239 -0.0020523 -0.00202348 -0.00183278 -0.00190136 -0.00190818 -0.00191183 -0.0018598 -0.0019208 -0.00173904 -0.00180835 -0.00192469 -0.00185965 -0.00183461 -0.0018915 -0.00177196 -0.00176619 -0.0017703 -0.00177751 -0.0018684 -0.00183471 -0.00179079 -0.00192805 -0.00180403 -0.0018773 -0.00185415 -0.00180114 -0.00176543 -0.00181437 -0.00177505 -0.00178076 -0.00172975 -0.00171621 -0.00182485 -0.00180395 -0.00175392 -0.0018623 -0.00185192 -0.00177952 -0.00174217 -0.00178262 -0.0017258 -0.00181637 -0.00172494 -0.0017514 -0.00167225 -0.00171671 -0.0017585 -0.00179158 -0.00176721 -0.00177024 -0.00182203 -0.00178829 -0.00176747 -0.00183132 -0.00178993 -0.00180456 -0.00166941 -0.00185281 -0.00179211 -0.00184281 -0.00186764 -0.00186852 -0.00182998 -0.00182773 -0.00194096 -0.00182278 -0.00184472 -0.00168466 
-0.0018388 -0.00179102 -0.00183209 -0.00183528 -0.00179245 -0.00172721 -0.00167066 -0.00166556 -0.0015604 -0.00148269 0.00236062 0.00247767 0.00253507 0.00280917 0.00303805 0.14131 0.00299443 0.00280197 0.00278311 0.00255655 -0.00169098 -0.00168823 -0.00185058 -0.00191859 -0.00211901 -0.00226629 -0.00217294 -0.0020689 -0.00203033 -0.00203705 -0.00207863 -0.00206911 -0.00203081 -0.00207483 -0.00190365 -0.00197373 -0.00191222 -0.0020192 -0.00198872 -0.00192536 -0.00187009 -0.00188939 -0.00194544 -0.0018641 -0.00188163 -0.00194954 -0.00188286 -0.00178718 -0.00185177 -0.00177015 -0.00186619 -0.00187474 -0.0017689 -0.00179365 -0.0018562 -0.00189789 -0.00192261 -0.00176808 -0.00180673 -0.00172029 -0.00186253 -0.0017799 -0.00174758 -0.00170597 -0.00184144 -0.001763 -0.00187728 -0.00179 -0.00180113 -0.00184176 -0.00179697 -0.00178855 -0.00183907 -0.00184005 -0.00173196 -0.00179738 -0.00167399 -0.00185526 -0.00180632 -0.00177557 -0.00178453 -0.00173986 -0.00177031 -0.00187523 -0.00181772 -0.00182919 -0.00180458 -0.00171007 -0.00175504 -0.00180524 -0.00183758 -0.00183235 -0.00172852 -0.0017767 -0.00184481 -0.00187254 -0.00174123 -0.00173559 -0.00179854 -0.00170858 
-0.00191133 -0.00190617 -0.00199919 -0.00191519 -0.00191068 -0.00207706 -0.00190917 -0.00195671 -0.0017762 -0.00171406 -0.00156628 0.00237066 0.00242801 0.00285047 0.00299489 0.00299443 0.146111 0.00308555 0.00308321 0.00305746 0.00261298 0.00264978 -0.00154911 -0.00183878 -0.00194592 -0.00205527 -0.00231139 -0.00223559 -0.00223944 -0.00221007 -0.00219138 -0.00228305 -0.00219622 -0.00215768 -0.00205587 -0.00211229 -0.00207186 -0.00212585 -0.00211594 -0.00211241 -0.00198356 -0.00193967 -0.00192409 -0.00199688 -0.00209567 -0.00204 -0.00187326 -0.00192611 -0.0018341 -0.00202164 -0.00200475 -0.00189841 -0.00196109 -0.00201626 -0.00191674 -0.00191667 -0.00189801 -0.00193535 -0.0019799 -0.00181822 -0.0019367 -0.00191833 -0.00182868 -0.0018798 -0.00206593 -0.00198303 -0.00197598 -0.00190431 -0.00191544 -0.00198316 -0.00192244 -0.00195232 -0.00192974 -0.00196057 -0.00178106 -0.00188747 -0.00176347 -0.00188474 -0.0019296 -0.00189569 -0.00192115 -0.00203075 -0.00197428 -0.0019368 -0.00189757 -0.00190485 -0.00190225 -0.00188533 -0.00192133 -0.00189562 -0.00204784 -0.00194475 -0.00199453 -0.00182536 -0.00190346 -0.00199412 -0.00193501 -0.00187748 -0.00188988 -0.00182721 
-0.00177444 -0.00196344 -0.00197363 -0.00191643 -0.00190799 -0.00209396 -0.00202996 -0.00204155 -0.00195282 -0.00192985 -0.00178192 -0.00159565 -0.00155073 0.00256692 0.00275919 0.00280197 0.00308555 0.144585 0.00321214 0.00307627 0.00280056 0.002825 0.0026525 -0.00161603 -0.00166916 -0.00188767 -0.00196963 -0.00213616 -0.00204184 -0.00213838 -0.00203963 -0.00216733 -0.00208346 -0.00215052 -0.00204123 -0.00191339 -0.00204527 -0.00188297 -0.00204101 -0.00206907 -0.00196263 -0.00186658 -0.00189867 -0.00192606 -0.00196619 -0.00197138 -0.00186737 -0.00189583 -0.0018935 -0.0018636 -0.00190143 -0.0017958 -0.00187117 -0.00183068 -0.00194685 -0.00188617 -0.00202234 -0.00186358 -0.00190221 -0.00184504 -0.00194268 -0.00179185 -0.00178458 -0.0017026 -0.00182356 -0.00192791 -0.00187987 -0.00186726 -0.0018484 -0.00187879 -0.00198284 -0.00188689 -0.00181504 -0.00185647 -0.00179202 -0.00184169 -0.00179353 -0.00190385 -0.00183764 -0.00181509 -0.00185584 -0.0019019 -0.00192434 -0.00198177 -0.00186367 -0.00182362 -0.00185443 -0.00179925 -0.00181425 -0.00181105 -0.00184887 -0.00179693 -0.00190338 -0.0018522 -0.00177875 -0.00187819 -0.00186144 -0.00178924 -0.00188664 -0.001785 
-0.00195682 -0.00186795 -0.00189483 -0.00179917 -0.00194889 -0.00204896 -0.00200087 -0.00210264 -0.00190737 -0.00203578 -0.00164714 -0.00162701 -0.00155332 0.0025389 0.00271547 0.00278311 0.00308321 0.00321214 0.145257 0.00320402 0.00281217 0.00279086 0.0027342 -0.00163389 -0.00177033 -0.00195313 -0.00196948 -0.00215721 -0.0021032 -0.00208451 -0.00221734 -0.00222642 -0.00216135 -0.00210745 -0.00202889 -0.00192663 -0.00193601 -0.00195592 -0.00188393 -0.00195555 -0.00190125 -0.00186799 -0.00210108 -0.00199678 -0.00198491 -0.0019307 -0.00182698 -0.00183292 -0.00187141 -0.00190749 -0.00188704 -0.001937 -0.00182614 -0.00196368 -0.00188429 -0.00188305 -0.00199195 -0.00186294 -0.00186103 -0.00193597 -0.00189656 -0.00188107 -0.00181495 -0.00179095 -0.00186354 -0.00183949 -0.00185254 -0.00196177 -0.00191066 -0.00185327 -0.00185028 -0.00184985 -0.00184071 -0.00194306 -0.00175607 -0.00184312 -0.0018762 -0.00182493 -0.00187429 -0.00197381 -0.0018607 -0.00183872 -0.00189136 -0.00186359 -0.00186561 -0.00186821 -0.00188595 -0.00182034 -0.0017902 -0.001923 -0.00177956 -0.00187066 -0.00183824 -0.00183542 -0.00192194 -0.00198644 -0.00190194 -0.00177195 -0.00186853 -0.00173513 
-0.00204562 -0.00200192 -0.00200562 -0.00194318 -0.00203218 -0.00210998 -0.00225537 -0.00211877 -0.00225158 -0.00213247 -0.00200164 -0.0019552 -0.00173914 -0.00162297 0.00252866 0.00255655 0.00305746 0.00307627 0.00320402 0.14939 0.00312935 0.00308525 0.00293299 0.00259392 0.00258531 -0.00178551 -0.00192531 -0.00195332 -0.00197917 -0.00215311 -0.00224598 -0.00220333 -0.00228312 -0.00213294 -0.00197148 -0.00215102 -0.00209248 -0.00218407 -0.0020879 -0.00208004 -0.00204347 -0.00201519 -0.00207081 -0.0021416 -0.00210579 -0.00204336 -0.00194776 -0.00185885 -0.00194612 -0.00189502 -0.00200467 -0.00194186 -0.00200701 -0.00194449 -0.00191633 -0.00200433 -0.00205218 -0.00205129 -0.00197799 -0.00193421 -0.00194148 -0.00191266 -0.00186467 -0.00190759 -0.00196157 -0.00203116 -0.00191125 -0.00198736 -0.00191543 -0.00202992 -0.00198419 -0.00193266 -0.00202965 -0.00191674 -0.00183052 -0.00189477 -0.00185009 -0.00198676 -0.00203164 -0.00201388 -0.00196009 -0.00199322 -0.00199013 -0.00188573 -0.00200713 -0.00197038 -0.0019496 -0.00198886 -0.00192781 -0.00205237 -0.00209962 -0.00203335 -0.00199824 -0.00200476 -0.00205844 -0.00195969 -0.00202821 -0.00211052 -0.00195763 -0.00188289 
-0.00186457 -0.00189094 -0.00195748 -0.00193307 -0.00199824 -0.00207632 -0.0021108 -0.00213618 -0.00207211 -0.00206178 -0.00216534 -0.00214215 -0.00191225 -0.00192519 -0.00159944 -0.00169098 0.00261298 0.00280056 0.00281217 0.00312935 0.146378 0.00320162 0.00310889 0.00283548 0.0026798 0.00257919 -0.00170038 -0.00182379 -0.0019853 -0.00194303 -0.00203592 -0.00211136 -0.00210792 -0.00213187 -0.00199489 -0.00197908 -0.00198566 -0.00205689 -0.00200202 -0.00204049 -0.00190449 -0.00182241 -0.00204521 -0.00195548 -0.00200188 -0.00198205 -0.001971 -0.00189729 -0.00191835 -0.00197791 -0.00189782 -0.0019884 -0.00183533 -0.00186001 -0.00194373 -0.00189017 -0.00193978 -0.0019161 -0.00187042 -0.00189697 -0.00183601 -0.00186804 -0.00179849 -0.00176905 -0.00180807 -0.00176767 -0.00188091 -0.0018581 -0.001897 -0.00183682 -0.00178602 -0.00184153 -0.00189391 -0.00187032 -0.00176985 -0.00173364 -0.0017385 -0.00185841 -0.00181712 -0.00178301 -0.00190283 -0.00185734 -0.00193142 -0.00193046 -0.00187664 -0.00186596 -0.00186362 -0.00173809 -0.00184679 -0.00190553 -0.00188492 -0.00196283 -0.0019757 -0.00192891 -0.00189818 -0.00183395 -0.00185277 -0.00194079 -0.00189927 -0.0018789 
-0.00186594 -0.00185364 -0.00193569 -0.00193928 -0.00197394 -0.00210416 -0.00214292 -0.00208315 -0.00217579 -0.00202452 -0.00210846 -0.00210285 -0.00199216 -0.00183782 -0.00159257 -0.00168823 0.00264978 0.002825 0.00279086 0.00308525 0.00320162 0.146176 0.00310916 0.00286474 0.00279906 0.00271986 -0.00159863 -0.00170554 -0.00182364 -0.00177337 -0.00191382 -0.00209951 -0.00223576 -0.00211176 -0.00200915 -0.00197434 -0.00210288 -0.00208038 -0.00188607 -0.0018778 -0.0018815 -0.00189008 -0.00201798 -0.00191787 -0.00193303 -0.002057 -0.00196692 -0.00190009 -0.00182611 -0.00185194 -0.00194212 -0.0018624 -0.00182997 -0.00199703 -0.00195636 -0.00198293 -0.0019929 -0.00198614 -0.00189793 -0.00192741 -0.00190713 -0.00192866 -0.0016658 -0.0018456 -0.00198583 -0.00192496 -0.00185604 -0.00180401 -0.00189097 -0.00196702 -0.00194727 -0.00193106 -0.00188494 -0.00183544 -0.0017849 -0.00181131 -0.00176561 -0.00184964 -0.00186006 -0.00184294 -0.00187854 -0.00200583 -0.00193704 -0.00184548 -0.00186844 -0.00189191 -0.00191238 -0.00179928 -0.00177975 -0.00190289 -0.00181263 -0.00193892 -0.00185538 -0.00194194 -0.00190372 -0.00185609 -0.00190147 -0.00189886 -0.00189796 -0.00187173 
-0.00183748 -0.00186802 -0.00190145 -0.00185006 -0.00195786 -0.0019608 -0.00214484 -0.00204878 -0.00205915 -0.00204163 -0.00222667 -0.00220304 -0.00210044 -0.00198047 -0.00184965 -0.00185058 -0.00154911 0.0026525 0.0027342 0.00293299 0.00310889 0.00310916 0.145593 0.00290561 0.00298093 0.00273109 0.00231191 -0.00178999 -0.00165859 -0.00160838 -0.00196927 -0.002013 -0.00212824 -0.00208222 -0.00205864 -0.00188685 -0.00202421 -0.00209487 -0.00194918 -0.0020164 -0.00186701 -0.00192312 -0.00200848 -0.00195083 -0.00206432 -0.00197617 -0.00173769 -0.00195209 -0.00185834 -0.0018491 -0.00178219 -0.00191588 -0.00193341 -0.00194391 -0.00194725 -0.00192158 -0.00190432 -0.00188364 -0.0019243 -0.00188957 -0.00190831 -0.00183428 -0.00176901 -0.00181066 -0.00187355 -0.00181147 -0.00179982 -0.00184499 -0.00191921 -0.00182963 -0.00184607 -0.00188216 -0.00182944 -0.00181029 -0.00176496 -0.00181191 -0.00175013 -0.0018969 -0.0019058 -0.00188763 -0.00184019 -0.00189351 -0.00191416 -0.00182617 -0.00187529 -0.00187463 -0.00189409 -0.00186877 -0.00188433 -0.00190445 -0.00186821 -0.00191357 -0.00188599 -0.00190344 -0.00187279 -0.00179952 -0.00189717 -0.00183353 -0.00183124 -0.00174965 
-0.00184482 -0.00182204 -0.00181353 -0.00178054 -0.00180815 -0.00186009 -0.00198681 -0.00195178 -0.00189956 -0.00191674 -0.00209669 -0.00206821 -0.00212364 -0.00211345 -0.00195919 -0.00191859 -0.00183878 -0.00161603 -0.00163389 0.00259392 0.00283548 0.00286474 0.00290561 0.141205 0.0030301 0.00280313 0.00245073 0.0023592 -0.00139813 -0.00150211 -0.00166539 -0.00180404 -0.00187676 -0.00189492 -0.00183806 -0.00193804 -0.00193094 -0.00184921 -0.00183923 -0.00188566 -0.00185616 -0.00185558 -0.00187382 -0.00184894 -0.00187854 -0.00184031 -0.0017431 -0.00183262 -0.00177053 -0.00175382 -0.00180728 -0.00185536 -0.00184501 -0.00174292 -0.00179613 -0.00176248 -0.00173342 -0.00171022 -0.00173658 -0.00179053 -0.00182188 -0.00180226 -0.00164293 -0.00165232 -0.00169879 -0.00162881 -0.00175872 -0.00174768 -0.00178388 -0.0017527 -0.00176913 -0.00164656 -0.00171595 -0.00166354 -0.00173917 -0.00172931 -0.00163712 -0.00181439 -0.00179596 -0.00172669 -0.00179323 -0.00173683 -0.00183593 -0.0017551 -0.00180713 -0.00175636 -0.00176226 -0.00163505 -0.0017193 -0.00186756 -0.00169153 -0.0017887 -0.00174367 -0.00182107 -0.00171666 -0.00177167 -0.00174269 -0.00164954 -0.00178474 -0.00163242 
-0.00201748 -0.0018486 -0.0019071 -0.00199006 -0.00202018 -0.00212609 -0.00216563 -0.00221487 -0.00210317 -0.00202506 -0.0022156 -0.00232924 -0.00208516 -0.00231013 -0.00200857 -0.00211901 -0.00194592 -0.00166916 -0.00177033 0.00258531 0.0026798 0.00279906 0.00298093 0.0030301 0.145967 0.00299379 0.00273575 0.00253845 0.00241162 0.00235896 -0.00165708 -0.00172832 -0.00177636 -0.00189111 -0.00202858 -0.00194106 -0.0020531 -0.00199706 -0.00205196 -0.00206333 -0.00200327 -0.00192944 -0.0020007 -0.0020763 -0.00200838 -0.0019885 -0.00187385 -0.00196918 -0.00200982 -0.00195679 -0.00193069 -0.00195779 -0.00195504 -0.00197086 -0.00191775 -0.00192649 -0.00197249 -0.00195739 -0.00194467 -0.00190225 -0.00188374 -0.00192788 -0.00173975 -0.00184535 -0.0020029 -0.00189588 -0.00197659 -0.00188915 -0.00190929 -0.00186665 -0.00198495 -0.00192669 -0.00187219 -0.00188061 -0.00190184 -0.0017934 -0.00186589 -0.0019855 -0.00190518 -0.00193617 -0.00187934 -0.00192751 -0.00188208 -0.00192349 -0.00185811 -0.00191856 -0.00185728 -0.00175873 -0.00179517 -0.00193419 -0.00190884 -0.00193282 -0.00183916 -0.00190302 -0.00195582 -0.00196697 -0.00186984 -0.0018797 -0.00192021 -0.00186887 
-0.00189929 -0.00195539 -0.00195906 -0.00189694 -0.0020051 -0.00207896 -0.00216652 -0.00216857 -0.00218357 -0.00212716 -0.00221281 -0.00223103 -0.00213327 -0.00239039 -0.00228319 -0.00226629 -0.00205527 -0.00188767 -0.00195313 -0.00178551 0.00257919 0.00271986 0.00273109 0.00280313 0.00299379 0.144296 0.00284477 0.00277318 0.00259865 0.00251905 0.00237517 -0.00161072 -0.00162061 -0.00178267 -0.0018477 -0.00175067 -0.00206645 -0.00205972 -0.0019788 -0.0020216 -0.0019716 -0.00195559 -0.00197097 -0.00207718 -0.00196794 -0.00196544 -0.00189236 -0.00181352 -0.00191633 -0.00186082 -0.00180606 -0.00180469 -0.00190516 -0.00186232 -0.00195193 -0.0018517 -0.00191135 -0.00195611 -0.00188995 -0.00192842 -0.00191425 -0.00193963 -0.0017961 -0.00178934 -0.00203753 -0.00189484 -0.00195756 -0.00181991 -0.001813 -0.00189572 -0.00190247 -0.00190818 -0.00179933 -0.00183867 -0.00172494 -0.00178439 -0.00181608 -0.00190896 -0.00190605 -0.00187266 -0.00187541 -0.00187087 -0.00189326 -0.00183533 -0.00187013 -0.00194239 -0.00188522 -0.00176092 -0.00181259 -0.00192439 -0.00191212 -0.0018411 -0.00187273 -0.00189701 -0.00184383 -0.00187758 -0.00181947 -0.00187481 -0.00190255 -0.0017647 
-0.00193422 -0.00172474 -0.00179006 -0.00185869 -0.00186204 -0.00202194 -0.00197434 -0.00192645 -0.0019857 -0.00197558 -0.00199527 -0.00209116 -0.00200711 -0.00220698 -0.00204731 -0.00217294 -0.00231139 -0.00196963 -0.00196948 -0.00192531 -0.00170038 -0.00159863 0.00231191 0.00245073 0.00273575 0.00284477 0.138976 0.00274962 0.00259409 0.00255491 0.00257338 0.0023326 -0.00144484 -0.00152655 -0.0015632 -0.00158935 -0.00185105 -0.00188505 -0.00189114 -0.00183615 -0.00178987 -0.0017671 -0.00194154 -0.00176289 -0.0019313 -0.00192184 -0.0017213 -0.00175311 -0.00181552 -0.0017533 -0.00179159 -0.00164816 -0.00183214 -0.00181482 -0.00174289 -0.0018335 -0.00185859 -0.00169753 -0.00176465 -0.00168115 -0.00178437 -0.00179136 -0.00174954 -0.00164951 -0.0018337 -0.00173291 -0.00168387 -0.00172009 -0.001757 -0.00171659 -0.00179475 -0.00175477 -0.00175882 -0.00176285 -0.00164529 -0.0016966 -0.00166769 -0.00177191 -0.00175291 -0.00166117 -0.00176198 -0.00170876 -0.00166169 -0.00178403 -0.00169281 -0.00172495 -0.00181241 -0.0017362 -0.00168903 -0.00183437 -0.00183965 -0.00184422 -0.00174808 -0.00175993 -0.00169844 -0.00173964 -0.00174417 -0.00174071 -0.00172518 -0.00173197 
-0.00170353 -0.00184746 -0.00172984 -0.00182085 -0.00177169 -0.00195334 -0.00192356 -0.00197601 -0.00195573 -0.00194446 -0.00197379 -0.00209587 -0.00199977 -0.00208482 -0.00209076 -0.0020689 -0.00223559 -0.00213616 -0.00215721 -0.00195332 -0.00182379 -0.00170554 -0.00178999 0.0023592 0.00253845 0.00277318 0.00274962 0.13726 0.00281225 0.00274774 0.00255908 0.00242618 0.0023208 -0.00136402 -0.00152157 -0.00136026 -0.00161144 -0.00187691 -0.00181338 -0.00178646 -0.00178855 -0.00184951 -0.00190205 -0.0018957 -0.00183955 -0.00181565 -0.00172225 -0.00177174 -0.00177013 -0.00172153 -0.00174311 -0.00169774 -0.0017762 -0.00172627 -0.00171375 -0.00180894 -0.00171142 -0.00183396 -0.00174521 -0.00173528 -0.00173353 -0.00178429 -0.0016095 -0.00164417 -0.00172054 -0.00171137 -0.00184045 -0.00180849 -0.0017226 -0.00175799 -0.00172943 -0.00167355 -0.00174789 -0.00173912 -0.00160622 -0.00171219 -0.00169017 -0.00175945 -0.0017558 -0.00175642 -0.00174438 -0.00179074 -0.00177417 -0.00174797 -0.00172265 -0.00171517 -0.00187204 -0.00166493 -0.00173083 -0.0017084 -0.00175514 -0.00175148 -0.00168193 -0.00169035 -0.00170467 -0.00165853 -0.00162307 -0.00167939 -0.00182525 -0.0015573 
-0.00177273 -0.00163937 -0.00181623 -0.00175902 -0.00179866 -0.00193507 -0.00195928 -0.00201121 -0.00193636 -0.00183349 -0.00194745 -0.00193532 -0.0019055 -0.00202003 -0.00202968 -0.00203033 -0.00223944 -0.00204184 -0.0021032 -0.00197917 -0.0019853 -0.00182364 -0.00165859 -0.00139813 0.00241162 0.00259865 0.00259409 0.00281225 0.135382 0.00281555 0.00264672 0.00250043 0.00235541 0.00215388 -0.00135295 -0.00135261 -0.00152315 -0.00160107 -0.00170901 -0.00177192 -0.00172701 -0.00174806 -0.00191356 -0.00181369 -0.00184712 -0.00176345 -0.00172814 -0.00171178 -0.00179097 -0.0017754 -0.00177338 -0.00173835 -0.0017912 -0.00178416 -0.0016994 -0.00177785 -0.00167203 -0.00176971 -0.00174477 -0.00171159 -0.00176939 -0.00168082 -0.0016791 -0.00163122 -0.00172773 -0.00168902 -0.00172824 -0.00175283 -0.00174788 -0.00169143 -0.00170408 -0.0016634 -0.00161232 -0.00176033 -0.00175746 -0.00153457 -0.00157003 -0.00174979 -0.00169323 -0.00172773 -0.00177847 -0.00169025 -0.00169208 -0.00177282 -0.00179578 -0.0017437 -0.00169211 -0.00167334 -0.00168146 -0.00163438 -0.00170776 -0.00166885 -0.00168677 -0.00172934 -0.00172746 -0.0017764 -0.00164688 -0.00172496 -0.00175402 -0.00167147 
-0.00171608 -0.00163446 -0.00167747 -0.0017417 -0.0017522 -0.00186208 -0.00184138 -0.00183562 -0.00189953 -0.00182051 -0.00204095 -0.00207161 -0.0019754 -0.00215785 -0.00205736 -0.00203705 -0.00221007 -0.00213838 -0.00208451 -0.00215311 -0.00194303 -0.00177337 -0.00160838 -0.00150211 0.00235896 0.00251905 0.00255491 0.00274774 0.00281555 0.133817 0.00272545 0.00251727 0.00238121 0.00214152 -0.00121738 -0.00142203 -0.00140271 -0.00168881 -0.0016109 -0.00181485 -0.00177375 -0.00176389 -0.00167503 -0.0017748 -0.00176054 -0.00174988 -0.0016775 -0.00173477 -0.00171968 -0.00173956 -0.00179555 -0.00172773 -0.00173023 -0.00172838 -0.00180468 -0.00174481 -0.00178699 -0.00163164 -0.00172098 -0.00173018 -0.0016967 -0.00162503 -0.00162281 -0.00149482 -0.00160986 -0.00177257 -0.00172829 -0.0017207 -0.00165808 -0.00178511 -0.00171856 -0.00170701 -0.00171053 -0.00168931 -0.00158545 -0.00155869 -0.0016531 -0.00168863 -0.00166538 -0.00175763 -0.00168814 -0.00166328 -0.0017076 -0.00164814 -0.00173096 -0.00171275 -0.00166105 -0.00164375 -0.00160236 -0.00169198 -0.00176657 -0.00167023 -0.00166416 -0.00164305 -0.00166969 -0.00177691 -0.00173323 -0.00173884 -0.00161444 -0.00164229 
-0.00170998 -0.00179826 -0.00182293 -0.00182702 -0.00181346 -0.00191126 -0.0019307 -0.00195338 -0.00198931 -0.00196686 -0.00211138 -0.00208628 -0.00195277 -0.00216061 -0.0021417 -0.00207863 -0.00219138 -0.00203963 -0.00221734 -0.00224598 -0.00203592 -0.00191382 -0.00196927 -0.00166539 -0.00165708 0.00237517 0.00257338 0.00255908 0.00264672 0.00272545 0.134403 0.00270275 0.00263098 0.0024336 0.00215025 0.00214934 -0.0013692 -0.00143256 -0.00147801 -0.00160123 -0.00177261 -0.00174851 -0.00178028 -0.00173931 -0.0018052 -0.00186918 -0.00178506 -0.00170437 -0.00180391 -0.00173103 -0.00172864 -0.00179697 -0.00170979 -0.00178188 -0.00173435 -0.00178226 -0.00171283 -0.00178492 -0.00180278 -0.00171978 -0.00173739 -0.00176655 -0.00162235 -0.00162514 -0.00173104 -0.00186608 -0.00175498 -0.00171096 -0.00177383 -0.00170486 -0.00176785 -0.00178022 -0.0017624 -0.00161621 -0.00167336 -0.00169661 -0.00165459 -0.00176817 -0.0017033 -0.00178007 -0.00171574 -0.00172324 -0.00167934 -0.00174158 -0.00164088 -0.00169802 -0.00182565 -0.00169381 -0.00177352 -0.00172325 -0.00179588 -0.00180831 -0.00167216 -0.00177007 -0.0017485 -0.00167502 -0.00169013 -0.00169254 -0.00176533 -0.00165594 
-0.00173304 -0.00180239 -0.0016706 -0.00178617 -0.00168175 -0.00184159 -0.00182351 -0.00186745 -0.00194729 -0.00186764 -0.00200862 -0.00210235 -0.00207749 -0.0021766 -0.00205239 -0.00206911 -0.00228305 -0.00216733 -0.00222642 -0.00220333 -0.00211136 -0.00209951 -0.002013 -0.00180404 -0.00172832 -0.00161072 0.0023326 0.00242618 0.00250043 0.00251727 0.00270275 0.132794 0.00261929 0.00244705 0.00216778 0.00219158 0.00209503 -0.00126996 -0.00139313 -0.00145633 -0.00158813 -0.00163364 -0.00178367 -0.00173521 -0.00179254 -0.00178631 -0.00163025 -0.00170736 -0.00174662 -0.00169868 -0.00172996 -0.00168836 -0.00180324 -0.00165004 -0.00173953 -0.00171578 -0.00166474 -0.0017284 -0.00164031 -0.00174751 -0.0017453 -0.00173621 -0.00167509 -0.00166456 -0.00169252 -0.0017809 -0.00175582 -0.00162967 -0.00162908 -0.00170281 -0.00168387 -0.00163998 -0.00164818 -0.00174888 -0.00153733 -0.00161098 -0.00162355 -0.00171681 -0.00163769 -0.00167826 -0.00169958 -0.00176977 -0.00169873 -0.00171523 -0.00169641 -0.00173096 -0.00173296 -0.00157663 -0.00164662 -0.00177577 -0.00177887 -0.00173293 -0.00165594 -0.00168854 -0.0017434 -0.00168658 -0.00170706 -0.00179198 -0.00168245 -0.00166118 
-0.00171775 -0.00172184 -0.00181885 -0.00166978 -0.00181131 -0.00181845 -0.00174046 -0.00191958 -0.00192167 -0.00192828 -0.00195206 -0.00202425 -0.00198208 -0.00207115 -0.0020523 -0.00203081 -0.00219622 -0.00208346 -0.00216135 -0.00228312 -0.00210792 -0.00223576 -0.00212824 -0.00187676 -0.00177636 -0.00162061 -0.00144484 0.0023208 0.00235541 0.00238121 0.00263098 0.00261929 0.131608 0.00241699 0.0022666 0.00233535 0.00221291 0.0019933 -0.00126417 -0.00133641 -0.00146346 -0.0014944 -0.00159498 -0.00173027 -0.00162529 -0.00175555 -0.00173376 -0.00166419 -0.00158502 -0.00167065 -0.0017131 -0.00162265 -0.00171896 -0.00170316 -0.00172672 -0.00164779 -0.00170703 -0.00166149 -0.00169945 -0.00166654 -0.00169179 -0.00172417 -0.0016483 -0.00152909 -0.00159934 -0.00176049 -0.00167583 -0.00166799 -0.00168965 -0.00178592 -0.00166012 -0.00170939 -0.00168968 -0.00167265 -0.00154422 -0.00160923 -0.00153627 -0.00170226 -0.00166628 -0.00172222 -0.00168989 -0.00178591 -0.00167287 -0.00164525 -0.00169035 -0.00176167 -0.00177813 -0.00162201 -0.00163189 -0.00170653 -0.0017287 -0.00171142 -0.00161727 -0.00169751 -0.00165711 -0.00180543 -0.00178098 -0.00167713 -0.00172164 -0.00159442 
