0.123011 0.00223731 0.00212473 0.00206471 0.00203536 0.00202143 -0.00117765 -0.00131015 -0.00131008 -0.00137485 -0.00169877 -0.00170168 -0.00175298 -0.00172256 -0.00181673 -0.00178514 -0.00185434 -0.00193929 -0.00185653 -0.00196189 -0.00190896 -0.00191328 -0.00187078 -0.00176007 -0.00199816 -0.00187944 -0.0018665 -0.0017708 -0.00173179 -0.00172707 -0.00177506 -0.00177694 -0.00174494 -0.00171971 -0.00153475 -0.0015136 -0.00154697 -0.00166676 -0.00167797 -0.00160183 -0.001573 -0.00151708 -0.00171519 -0.00163634 -0.0015887 -0.00158771 -0.00143258 -0.00142271 -0.00145904 -0.00157054 -0.0014757 -0.00150382 -0.00155516 -0.0014758 -0.00161855 -0.00150375 -0.00156637 -0.00151498 -0.00153794 -0.00149493 -0.00153553 -0.00154296 -0.00155901 -0.00148414 -0.00157199 -0.00156726 -0.00147905 -0.00144517 -0.00151911 -0.00152489 -0.00138433 -0.00143225 -0.00144089 -0.00148368 -0.00152613 -0.00139991 -0.00139487 -0.00151163 -0.00145 -0.00151947 -0.00148124 -0.0015047 -0.00161396 -0.00153229 -0.00152318 -0.00150397 -0.00150156 -0.00144675 -0.00139016 -0.0015439 -0.00151304 -0.0014298 -0.00122196 -0.0011655 -0.00120469 -0.00113055 0.00183772 0.00194998 0.00213952 0.00205618 
0.00223731 0.123478 0.00222769 0.00225901 0.00207634 0.0021384 0.00205393 -0.00121727 -0.00129527 -0.00127896 -0.00145866 -0.00154762 -0.00166113 -0.00190966 -0.00174166 -0.00175981 -0.00190853 -0.00185994 -0.00189973 -0.00204939 -0.00203384 -0.00192203 -0.00189481 -0.00179751 -0.00205657 -0.00198978 -0.00177058 -0.00178565 -0.00174432 -0.00170797 -0.0017465 -0.00175067 -0.00173444 -0.0016457 -0.00159718 -0.0016372 -0.00167947 -0.00163459 -0.00167004 -0.00156573 -0.00146381 -0.00157821 -0.00157232 -0.0016976 -0.0016654 -0.00153488 -0.00151555 -0.00159262 -0.00155107 -0.00151218 -0.00154212 -0.00150541 -0.00150429 -0.00147354 -0.0015841 -0.00148189 -0.00153939 -0.00157338 -0.00149752 -0.00152635 -0.00150655 -0.00155316 -0.00138105 -0.00151002 -0.00153936 -0.0014902 -0.00150203 -0.00154715 -0.00154018 -0.00157509 -0.00148682 -0.00159105 -0.00155838 -0.00153395 -0.00139854 -0.00146267 -0.00144674 -0.00148394 -0.00151464 -0.00150616 -0.00158503 -0.00146947 -0.00146021 -0.00148062 -0.00151663 -0.00152076 -0.00152954 -0.00150151 -0.0014111 -0.00142702 -0.00149144 -0.00156822 -0.00138311 -0.00129888 -0.00123971 -0.00127684 -0.00117967 0.00187358 0.00191324 0.00207421 
0.00212473 0.00222769 0.123781 0.00221983 0.00222775 0.00217847 0.00220843 0.00210451 -0.00117214 -0.00122793 -0.00153394 -0.00158854 -0.00166531 -0.00182617 -0.00177735 -0.00176701 -0.00183263 -0.00197853 -0.00191047 -0.00197928 -0.00194968 -0.00180405 -0.00178071 -0.00186225 -0.00198668 -0.00194692 -0.00186085 -0.00183883 -0.0017581 -0.00182669 -0.00181428 -0.00179218 -0.0016815 -0.0016698 -0.00163154 -0.00158145 -0.00169137 -0.00170853 -0.00158303 -0.00164282 -0.00157241 -0.00147326 -0.00161541 -0.00163534 -0.00163679 -0.00159834 -0.00147504 -0.00154951 -0.00159803 -0.0015546 -0.00152304 -0.00152976 -0.00152674 -0.00142693 -0.00152389 -0.00154764 -0.00160448 -0.00160793 -0.00150091 -0.00156446 -0.00151214 -0.00145295 -0.00142141 -0.00148386 -0.00145202 -0.001475 -0.00155298 -0.0015592 -0.00150806 -0.0015634 -0.0015188 -0.00155429 -0.00145133 -0.00157072 -0.00148902 -0.00147505 -0.00137716 -0.00149506 -0.0015239 -0.00147045 -0.00155505 -0.00160289 -0.0015677 -0.00149115 -0.00146149 -0.00151415 -0.00153525 -0.00139177 -0.00139851 -0.00156892 -0.00150844 -0.00144342 -0.00139543 -0.00148074 -0.00140596 -0.00139774 -0.0013413 -0.00118651 0.00187094 0.00194535 
0.00206471 0.00225901 0.00221983 0.124251 0.00229461 0.00223037 0.00221514 0.00218202 0.00202248 -0.00109819 -0.00135026 -0.00137702 -0.00145501 -0.00181375 -0.00180229 -0.00185452 -0.00193664 -0.00192039 -0.00197535 -0.00207992 -0.00194004 -0.00190155 -0.00194979 -0.00183677 -0.00194495 -0.00196452 -0.00182361 -0.00179126 -0.00187176 -0.00174221 -0.00175663 -0.00174627 -0.00175499 -0.00169095 -0.00154261 -0.00166352 -0.00167077 -0.00168544 -0.00169471 -0.00166416 -0.00156848 -0.0015658 -0.00162632 -0.00162734 -0.00162706 -0.00164019 -0.00152527 -0.00153347 -0.00155104 -0.00156005 -0.00152582 -0.00148053 -0.00159881 -0.00151983 -0.00145962 -0.00151931 -0.00146991 -0.00155154 -0.00153369 -0.00151872 -0.00155402 -0.00153311 -0.00144636 -0.00137524 -0.00153396 -0.00149837 -0.00149286 -0.00147469 -0.00156793 -0.00159425 -0.00156585 -0.00150164 -0.0015007 -0.0014589 -0.00154599 -0.00152191 -0.00148834 -0.00148391 -0.0015492 -0.00146404 -0.00155653 -0.00156715 -0.0015211 -0.0015741 -0.00147098 -0.00156086 -0.00157725 -0.00152405 -0.00146943 -0.0014851 -0.00160431 -0.00158601 -0.00146726 -0.00146119 -0.00154299 -0.00141355 -0.00135564 -0.00128118 -0.0011717 0.00190554 
0.00203536 0.00207634 0.00222775 0.00229461 0.124889 0.00232924 0.0022536 0.00235787 0.0022211 0.00217342 -0.00130557 -0.00136538 -0.0013755 -0.00160356 -0.00179443 -0.00184836 -0.00198069 -0.00194735 -0.0019559 -0.00205915 -0.00203188 -0.00187119 -0.0019803 -0.00172371 -0.0019525 -0.00202171 -0.00179089 -0.0018444 -0.00173795 -0.0018145 -0.0019128 -0.0017709 -0.00177007 -0.00173478 -0.00160947 -0.00165967 -0.00167284 -0.00163361 -0.00161728 -0.00166265 -0.00153689 -0.00158259 -0.00167256 -0.00161555 -0.00167725 -0.00157363 -0.00159773 -0.00156155 -0.00163064 -0.0015445 -0.00158385 -0.00150524 -0.00161403 -0.00153685 -0.00148671 -0.00157597 -0.00162013 -0.00162297 -0.00153199 -0.00161399 -0.00153535 -0.00154402 -0.00143798 -0.00143665 -0.00149604 -0.00150424 -0.00156033 -0.00145957 -0.00151653 -0.00155182 -0.00155844 -0.00145041 -0.00148199 -0.00152213 -0.00153124 -0.00144059 -0.00150991 -0.00154827 -0.00155147 -0.00151644 -0.00167334 -0.00157388 -0.00160053 -0.001634 -0.00151161 -0.0016288 -0.00154379 -0.00145184 -0.00139943 -0.00154063 -0.00155542 -0.00153505 -0.00151433 -0.00148022 -0.00151428 -0.00148245 -0.00142824 -0.00143014 -0.00130883 -0.00116401 
0.00202143 0.0021384 0.00217847 0.00223037 0.00232924 0.128047 0.00253929 0.00237641 0.00227748 0.00227278 0.00208933 -0.00141411 -0.00144508 -0.00170434 -0.00183224 -0.00175817 -0.00209876 -0.00196915 -0.00200322 -0.00218717 -0.00207267 -0.00202911 -0.00199484 -0.00192011 -0.00217837 -0.00207126 -0.0018739 -0.0018991 -0.00195572 -0.00185283 -0.00192251 -0.0017907 -0.00188015 -0.0017887 -0.00171688 -0.00167597 -0.00172262 -0.00176227 -0.00176235 -0.00163296 -0.00162388 -0.00164233 -0.00170206 -0.00178671 -0.00173362 -0.00166669 -0.00166864 -0.00165583 -0.00171823 -0.00172979 -0.00163285 -0.0016601 -0.00163985 -0.00169375 -0.00167314 -0.00159281 -0.00165813 -0.0016253 -0.00155709 -0.00151308 -0.00161021 -0.00170223 -0.00151241 -0.00159615 -0.00158517 -0.00162118 -0.00156813 -0.00164996 -0.0015789 -0.00164448 -0.0016579 -0.00164924 -0.00161918 -0.0016157 -0.00151889 -0.00154768 -0.00163159 -0.00159211 -0.0015423 -0.00168456 -0.00156007 -0.00166046 -0.00157911 -0.00167667 -0.0016454 -0.00161917 -0.00164443 -0.00151144 -0.00158556 -0.0016533 -0.00157447 -0.00162093 -0.0015371 -0.00161454 -0.00169271 -0.00159387 -0.00151078 -0.0013784 -0.0013949 -0.00122935 
-0.00117765 0.00205393 0.00220843 0.00221514 0.0022536 0.00253929 0.129289 0.00251129 0.00239246 0.00247013 0.00218823 0.00216562 -0.00123285 -0.00148164 -0.00170474 -0.00178521 -0.00206127 -0.00197065 -0.00207816 -0.00214891 -0.00209061 -0.00200837 -0.00198596 -0.00195568 -0.00216462 -0.00208193 -0.00203912 -0.00192324 -0.00189044 -0.00193163 -0.00195633 -0.00199316 -0.0019016 -0.00187349 -0.00171702 -0.00176382 -0.00180328 -0.00190051 -0.00179886 -0.00168873 -0.00170631 -0.00171655 -0.00180038 -0.00178132 -0.0017576 -0.00167905 -0.00163422 -0.00164644 -0.00164885 -0.00174934 -0.00167465 -0.00162735 -0.00167483 -0.00165754 -0.00171758 -0.00167337 -0.00166315 -0.00161609 -0.00165828 -0.00160066 -0.00160794 -0.00156391 -0.0015882 -0.00151202 -0.00160457 -0.00171655 -0.00151304 -0.00163637 -0.00159357 -0.0015777 -0.00163355 -0.00162248 -0.00167369 -0.001609 -0.00165522 -0.00157489 -0.00160172 -0.00162862 -0.00172153 -0.00167938 -0.00169345 -0.00161123 -0.00163882 -0.00172579 -0.0016652 -0.00164641 -0.00158362 -0.00149358 -0.00157306 -0.00163969 -0.0017135 -0.00164394 -0.00158548 -0.00170329 -0.00172121 -0.00158773 -0.00164874 -0.00154901 -0.00141367 -0.00134304 
-0.00131015 -0.00121727 0.00210451 0.00218202 0.00235787 0.00237641 0.00251129 0.130463 0.00265203 0.00255185 0.00232438 0.00234633 0.00223845 -0.00141542 -0.00168159 -0.00163074 -0.00187689 -0.0021029 -0.00206475 -0.00218045 -0.00204523 -0.00214346 -0.00213612 -0.00198095 -0.00221681 -0.0021857 -0.00191644 -0.00190558 -0.00192776 -0.00193163 -0.00197818 -0.00188744 -0.00187658 -0.00188803 -0.00178128 -0.00181536 -0.00180593 -0.00176965 -0.00184183 -0.00183144 -0.00170387 -0.00177218 -0.00178499 -0.0018114 -0.00180077 -0.00184883 -0.0016888 -0.00164249 -0.00173662 -0.00167465 -0.00170033 -0.00162116 -0.00173936 -0.00164255 -0.00166907 -0.0016699 -0.00169966 -0.00168831 -0.00162379 -0.00154854 -0.00169528 -0.00165146 -0.0016221 -0.00161276 -0.00164544 -0.00165484 -0.00180533 -0.00163704 -0.00165745 -0.00162975 -0.00168259 -0.00169148 -0.00159605 -0.00163364 -0.00152638 -0.00160847 -0.00157597 -0.00166388 -0.00170943 -0.00162969 -0.00163864 -0.00167699 -0.00168972 -0.00165147 -0.00166803 -0.00165445 -0.00170486 -0.00160561 -0.00166369 -0.00175136 -0.00165731 -0.00169251 -0.00160795 -0.00163918 -0.0016386 -0.00168954 -0.00172666 -0.00159251 -0.00144952 -0.00136815 
-0.00131008 -0.00129527 -0.00117214 0.00202248 0.0022211 0.00227748 0.00239246 0.00265203 0.13175 0.00259336 0.00252197 0.00240155 0.00234362 0.00222977 -0.00150811 -0.00164008 -0.001773 -0.00189885 -0.00212743 -0.00233215 -0.00213954 -0.00206656 -0.00202685 -0.00194711 -0.00223843 -0.00213567 -0.00201687 -0.00195139 -0.00189386 -0.00196068 -0.00196448 -0.00187401 -0.0019853 -0.00192166 -0.00174992 -0.00170982 -0.00188776 -0.00186353 -0.00186835 -0.00179024 -0.00174183 -0.0017562 -0.00180062 -0.00179922 -0.00182988 -0.00176047 -0.00175539 -0.00171784 -0.0016763 -0.0016814 -0.00164368 -0.00163113 -0.00177164 -0.00174082 -0.00170377 -0.00177397 -0.00165445 -0.00177169 -0.00174544 -0.00167901 -0.00168128 -0.00169928 -0.00158727 -0.00164011 -0.00171409 -0.00158419 -0.0017801 -0.00169286 -0.00163279 -0.00167808 -0.00173648 -0.00179079 -0.00164791 -0.00166142 -0.00165138 -0.0016496 -0.00168422 -0.00165274 -0.0016579 -0.00167114 -0.00163541 -0.00184603 -0.00174081 -0.0016884 -0.00173593 -0.00165419 -0.00173813 -0.0016367 -0.00156848 -0.00159723 -0.00163782 -0.00164937 -0.00175742 -0.00168467 -0.00162843 -0.00162709 -0.001636 -0.00164457 -0.00163785 -0.00148353 
-0.00137485 -0.00127896 -0.00122793 -0.00109819 0.00217342 0.00227278 0.00247013 0.00255185 0.00259336 0.130167 0.00264688 0.00249565 0.00236455 0.00235357 -0.00157897 -0.00152507 -0.0016574 -0.00198797 -0.00192818 -0.00214815 -0.00207312 -0.00205675 -0.001972 -0.00204214 -0.0021016 -0.00207945 -0.00187872 -0.00198666 -0.0019084 -0.00191708 -0.001954 -0.00202073 -0.00185201 -0.00181972 -0.00175878 -0.00168137 -0.00173595 -0.00172302 -0.00178609 -0.00171809 -0.00171908 -0.00169599 -0.00175304 -0.00173983 -0.00163059 -0.00176396 -0.00166659 -0.00166354 -0.00165029 -0.0016394 -0.00166975 -0.00172026 -0.00166627 -0.0016958 -0.00168804 -0.00160263 -0.00159034 -0.00161526 -0.00160965 -0.00151462 -0.00158623 -0.00163363 -0.00167489 -0.00149098 -0.00165368 -0.00163999 -0.00170875 -0.00157634 -0.0016206 -0.00162787 -0.00165726 -0.00160264 -0.00167385 -0.00160548 -0.00154135 -0.00167474 -0.00153779 -0.00169172 -0.00168766 -0.00159971 -0.00168697 -0.00170406 -0.00173639 -0.0016601 -0.0016196 -0.00168241 -0.00157945 -0.00151531 -0.00154656 -0.00160669 -0.0016618 -0.00154011 -0.00160808 -0.00167367 -0.00163049 -0.00163788 -0.00162618 -0.00157862 -0.00159886 -0.00154472 
-0.00169877 -0.00145866 -0.00153394 -0.00135026 -0.00130557 0.00208933 0.00218823 0.00232438 0.00252197 0.00264688 0.134987 0.00266672 0.00269515 0.00257679 0.00236888 0.00231616 -0.00155134 -0.0017558 -0.00174441 -0.00209992 -0.00212389 -0.00209518 -0.00222361 -0.00211332 -0.00224815 -0.00223871 -0.00207622 -0.00207466 -0.00201933 -0.00199622 -0.00207949 -0.00197706 -0.00201077 -0.00192375 -0.00189013 -0.00180605 -0.0019233 -0.00194305 -0.00190216 -0.00193825 -0.00176071 -0.00176293 -0.00177633 -0.00183195 -0.00184963 -0.00191121 -0.00179581 -0.00174555 -0.00169658 -0.00176839 -0.00178465 -0.00176383 -0.00173362 -0.00176642 -0.00174075 -0.00169184 -0.00170756 -0.00172141 -0.00178784 -0.00168302 -0.00174551 -0.00171728 -0.00168013 -0.00167107 -0.0018015 -0.00172211 -0.00170729 -0.00170935 -0.00173931 -0.00170942 -0.00169625 -0.00176224 -0.00175571 -0.00179898 -0.00166994 -0.00168093 -0.00171133 -0.00170119 -0.00172526 -0.00169592 -0.00172391 -0.00170155 -0.0017848 -0.00170962 -0.00181782 -0.00165208 -0.00170916 -0.00166812 -0.00167442 -0.00167943 -0.00168255 -0.00174098 -0.00174006 -0.00175875 -0.0017472 -0.001821 -0.00172903 -0.00173016 -0.00177995 -0.00174851 
-0.00170168 -0.00154762 -0.00158854 -0.00137702 -0.00136538 -0.00141411 0.00216562 0.00234633 0.00240155 0.00249565 0.00266672 0.136628 0.00292752 0.00274666 0.0025266 0.00248702 0.00241752 -0.00158514 -0.0016181 -0.00195095 -0.00203205 -0.00211696 -0.00215358 -0.00215263 -0.00226255 -0.00227065 -0.00210926 -0.00216044 -0.00202801 -0.00205873 -0.00200606 -0.00198951 -0.00203393 -0.001928 -0.00187901 -0.0018705 -0.00194297 -0.00191716 -0.00188243 -0.001804 -0.00184719 -0.00185642 -0.00191619 -0.00182677 -0.00191149 -0.00201684 -0.00176581 -0.00183051 -0.00178367 -0.00188134 -0.00181719 -0.00181027 -0.00173213 -0.00182322 -0.00181761 -0.00182619 -0.00179716 -0.00183509 -0.00174251 -0.00184718 -0.00176652 -0.00178663 -0.00169966 -0.00163868 -0.00168752 -0.0018408 -0.00179161 -0.00171868 -0.00175389 -0.00182122 -0.00179628 -0.00170587 -0.00175669 -0.0017514 -0.00175848 -0.00180762 -0.00166586 -0.00182457 -0.00174699 -0.00176094 -0.0017461 -0.00168784 -0.00179029 -0.00177628 -0.00177676 -0.00176059 -0.0018323 -0.00169146 -0.00169185 -0.00180297 -0.00176917 -0.00175868 -0.00174059 -0.00183191 -0.00176215 -0.00181056 -0.00182057 -0.00180138 -0.00171726 -0.00172849 
-0.00175298 -0.00166113 -0.00166531 -0.00145501 -0.0013755 -0.00144508 -0.00123285 0.00223845 0.00234362 0.00236455 0.00269515 0.00292752 0.135318 0.00267891 0.00254869 0.00261874 0.0024976 -0.00168049 -0.00159748 -0.00189927 -0.00192245 -0.00198198 -0.00198839 -0.00199205 -0.00218729 -0.00212619 -0.00203025 -0.00188709 -0.0019166 -0.00197517 -0.00195238 -0.0018785 -0.00198579 -0.00190235 -0.00181203 -0.00188583 -0.00190154 -0.00191264 -0.00189143 -0.00180601 -0.00178298 -0.00173709 -0.00180348 -0.00185482 -0.00187132 -0.00182664 -0.00176623 -0.00176755 -0.00174598 -0.00174467 -0.00169405 -0.00176162 -0.00171989 -0.00168726 -0.00174457 -0.00171198 -0.00179637 -0.00173398 -0.00168084 -0.00166346 -0.00174106 -0.00176229 -0.00175173 -0.001708 -0.00174128 -0.00167761 -0.0017781 -0.00172376 -0.00165189 -0.00169601 -0.0017115 -0.00169374 -0.00169956 -0.00170336 -0.00167261 -0.00160883 -0.00158376 -0.00171899 -0.00164399 -0.00171886 -0.0017158 -0.00173438 -0.00174335 -0.00173858 -0.00178003 -0.00175373 -0.00175782 -0.00163373 -0.00174601 -0.00172217 -0.00171047 -0.00175499 -0.00166103 -0.00174398 -0.00167825 -0.00176758 -0.00172525 -0.00173175 -0.00167317 -0.0016762 
-0.00172256 -0.00190966 -0.00182617 -0.00181375 -0.00160356 -0.00170434 -0.00148164 -0.00141542 0.00222977 0.00235357 0.00257679 0.00274666 0.00267891 0.140344 0.00288229 0.00290422 0.00276723 0.00245017 0.00251437 -0.00168595 -0.00183677 -0.00190315 -0.00197547 -0.00209218 -0.00230884 -0.00228581 -0.00222411 -0.00219009 -0.00209697 -0.00210714 -0.00222494 -0.00203466 -0.00216027 -0.00207323 -0.00191908 -0.00191619 -0.00201493 -0.00194957 -0.00198834 -0.0020065 -0.00176964 -0.00190797 -0.00194017 -0.00193318 -0.00198151 -0.00198727 -0.00180865 -0.00188296 -0.00177947 -0.00185228 -0.00191447 -0.00185292 -0.00182906 -0.00179661 -0.00186392 -0.00187784 -0.00181944 -0.00177275 -0.00184475 -0.00184643 -0.00183673 -0.00177329 -0.00172059 -0.0017082 -0.00188071 -0.0018691 -0.00175339 -0.0017864 -0.00185771 -0.00181965 -0.00190633 -0.00186159 -0.00184981 -0.00181527 -0.00174994 -0.00172865 -0.00180165 -0.00184361 -0.00179265 -0.00183942 -0.00183234 -0.00185717 -0.00176952 -0.00183657 -0.00180261 -0.00185902 -0.00184556 -0.0017982 -0.00171376 -0.00182759 -0.00184926 -0.00177851 -0.00182175 -0.00187539 -0.00180844 -0.00184624 -0.00195065 -0.00184354 -0.00188467 -0.00171978 
-0.00181673 -0.00174166 -0.00177735 -0.00180229 -0.00179443 -0.00183224 -0.00170474 -0.00168159 -0.00150811 -0.00157897 0.00236888 0.0025266 0.00254869 0.00288229 0.139575 0.00294659 0.00291625 0.00269594 0.00273459 0.00257634 -0.00163862 -0.00167443 -0.00182265 -0.00185829 -0.00211855 -0.00218345 -0.00216944 -0.00207405 -0.00200683 -0.00208069 -0.00205358 -0.00193753 -0.00209265 -0.00201829 -0.0018153 -0.0019446 -0.0020184 -0.00199829 -0.00181841 -0.00178036 -0.00187138 -0.0018906 -0.00185043 -0.00189101 -0.00183294 -0.00187856 -0.00183619 -0.00183888 -0.00184382 -0.00183672 -0.00183315 -0.00178339 -0.00187793 -0.00173412 -0.00177355 -0.00183303 -0.0017674 -0.00178549 -0.00176041 -0.00173674 -0.00182032 -0.00181022 -0.00176018 -0.00173662 -0.00176644 -0.00180854 -0.0017114 -0.00169519 -0.00182538 -0.00173583 -0.00182156 -0.00180481 -0.00177751 -0.00177383 -0.00174499 -0.00174256 -0.00171752 -0.00175462 -0.0017557 -0.0017574 -0.00174895 -0.00177058 -0.00187945 -0.00178131 -0.00179605 -0.00174103 -0.00186173 -0.00173037 -0.00172758 -0.00173027 -0.00179981 -0.00182251 -0.00188306 -0.00175576 -0.0017174 -0.00178412 -0.00176714 -0.00181563 -0.00179098 -0.00174889 
-0.00178514 -0.00175981 -0.00176701 -0.00185452 -0.00184836 -0.00175817 -0.00178521 -0.00163074 -0.00164008 -0.00152507 0.00231616 0.00248702 0.00261874 0.00290422 0.00294659 0.140971 0.00288154 0.00274768 0.00278001 0.00257874 -0.00163376 -0.00170455 -0.00174894 -0.00199705 -0.00216817 -0.00212179 -0.00205589 -0.00211745 -0.00209478 -0.00200109 -0.00202148 -0.00203595 -0.00208203 -0.0019849 -0.00183304 -0.0019805 -0.00200493 -0.00199444 -0.00189715 -0.0019727 -0.00179413 -0.00190213 -0.00191594 -0.0019429 -0.0018965 -0.00193289 -0.00181233 -0.00189333 -0.00182025 -0.00181123 -0.00184489 -0.00177106 -0.00187072 -0.00178157 -0.00174532 -0.00183217 -0.00184994 -0.00178808 -0.00184959 -0.00168079 -0.0018963 -0.00187986 -0.00167584 -0.00170823 -0.00187273 -0.00182833 -0.00178481 -0.00184136 -0.00191234 -0.00175614 -0.00187665 -0.00174286 -0.00179865 -0.00175081 -0.00159937 -0.00168349 -0.00176964 -0.00181428 -0.00180983 -0.00181121 -0.00176924 -0.00187177 -0.00179167 -0.00184497 -0.00181591 -0.00189607 -0.00173774 -0.0016988 -0.00164173 -0.00187411 -0.00184964 -0.00176982 -0.00174494 -0.00167862 -0.00190111 -0.00182439 -0.00172909 -0.00180108 -0.00187686 -0.00176061 
-0.00185434 -0.00190853 -0.00183263 -0.00193664 -0.00198069 -0.00209876 -0.00206127 -0.00187689 -0.001773 -0.0016574 -0.00155134 0.00241752 0.0024976 0.00276723 0.00291625 0.00288154 0.145997 0.00299086 0.00306492 0.00297218 0.00267389 0.00259828 -0.0016967 -0.00183906 -0.00197376 -0.00202627 -0.00225333 -0.00218621 -0.00220343 -0.00207364 -0.00231741 -0.00221604 -0.00215685 -0.00225666 -0.00198276 -0.0021042 -0.00210598 -0.00211811 -0.00205863 -0.00205409 -0.00194008 -0.00213096 -0.00212828 -0.00213342 -0.00209015 -0.0020979 -0.00195216 -0.0019068 -0.00196477 -0.00185753 -0.00191662 -0.00198601 -0.00196871 -0.00190862 -0.00197323 -0.00205789 -0.00202513 -0.00180453 -0.00194097 -0.00189164 -0.00197057 -0.00178559 -0.00184204 -0.00194985 -0.00193266 -0.00202022 -0.00193587 -0.00196475 -0.0019621 -0.00194148 -0.00194103 -0.00183192 -0.00193234 -0.00191651 -0.00180346 -0.00184076 -0.00184033 -0.00194275 -0.00196741 -0.00192821 -0.00181162 -0.00187651 -0.00189599 -0.00187242 -0.00184412 -0.00193624 -0.00186803 -0.0017924 -0.00185464 -0.00191013 -0.00190169 -0.00187755 -0.00193361 -0.0019703 -0.00188727 -0.00200649 -0.00187578 -0.00192134 -0.0018421 -0.00181897 
-0.00193929 -0.00185994 -0.00197853 -0.00192039 -0.00194735 -0.00196915 -0.00197065 -0.0021029 -0.00189885 -0.00198797 -0.0017558 -0.00158514 -0.00168049 0.00245017 0.00269594 0.00274768 0.00299086 0.144584 0.0031568 0.0031065 0.00281379 0.00277267 0.00253906 -0.00155719 -0.00187086 -0.00184852 -0.00205421 -0.0021725 -0.00212945 -0.00207729 -0.0020627 -0.0021593 -0.00205325 -0.0020533 -0.00191175 -0.00200722 -0.00202634 -0.00202747 -0.00197114 -0.00201511 -0.00190231 -0.00178371 -0.00193238 -0.00200991 -0.00196187 -0.00213078 -0.00178305 -0.00184129 -0.00188962 -0.00184432 -0.00189609 -0.00185101 -0.00183572 -0.00183459 -0.0019341 -0.00186937 -0.00188107 -0.00183414 -0.00186658 -0.00182597 -0.00190199 -0.00178051 -0.00178238 -0.00176163 -0.00187675 -0.0018465 -0.00181931 -0.0017809 -0.0018634 -0.0018521 -0.00184694 -0.00179005 -0.00174801 -0.00182983 -0.00173359 -0.00173527 -0.00180576 -0.00186402 -0.00186382 -0.00191094 -0.00186764 -0.00184171 -0.00182167 -0.00188961 -0.00185931 -0.00195579 -0.00188871 -0.00175463 -0.00167962 -0.00183156 -0.00181728 -0.00195401 -0.00187072 -0.0019908 -0.001838 -0.00191786 -0.00178328 -0.00189066 -0.00185559 -0.00185374 
-0.00185653 -0.00189973 -0.00191047 -0.00197535 -0.0019559 -0.00200322 -0.00207816 -0.00206475 -0.00212743 -0.00192818 -0.00174441 -0.0016181 -0.00159748 0.00251437 0.00273459 0.00278001 0.00306492 0.0031568 0.145624 0.00315637 0.00281445 0.00277569 0.0026152 -0.00156301 -0.00175874 -0.00190412 -0.00207316 -0.00214677 -0.00209069 -0.00220798 -0.00215551 -0.00212848 -0.00209471 -0.00214424 -0.00202422 -0.00195206 -0.00209209 -0.00208637 -0.00215881 -0.00202429 -0.00188413 -0.00198538 -0.00193434 -0.00203568 -0.00197737 -0.00207182 -0.00192776 -0.0019354 -0.00187672 -0.00186598 -0.00188279 -0.00188685 -0.00182532 -0.00193996 -0.0018059 -0.00191406 -0.00191192 -0.00180494 -0.00188349 -0.0019269 -0.00190799 -0.00188454 -0.00177214 -0.00175641 -0.0018233 -0.00193252 -0.00185873 -0.00191579 -0.0018342 -0.0017929 -0.00187569 -0.00184641 -0.00193685 -0.00179902 -0.00175512 -0.00172802 -0.00176277 -0.00177048 -0.00185975 -0.00179132 -0.0018358 -0.00183586 -0.00197427 -0.00180188 -0.00185974 -0.00192553 -0.00182167 -0.0017466 -0.00178697 -0.00185918 -0.00182362 -0.00191728 -0.00192964 -0.00189077 -0.0019561 -0.00178752 -0.00178196 -0.00190314 -0.00180825 -0.0017446 
-0.00196189 -0.00204939 -0.00197928 -0.00207992 -0.00205915 -0.00218717 -0.00214891 -0.00218045 -0.00233215 -0.00214815 -0.00209992 -0.00195095 -0.00189927 -0.00168595 0.00257634 0.00257874 0.00297218 0.0031065 0.00315637 0.149469 0.0031343 0.00319496 0.00302039 0.00279169 0.0026918 -0.00175807 -0.00190705 -0.00197436 -0.0020755 -0.00205161 -0.00229744 -0.00216498 -0.00219291 -0.00222447 -0.00210143 -0.00208514 -0.00202029 -0.00209455 -0.00214051 -0.00212571 -0.00203536 -0.00201825 -0.00218547 -0.00223852 -0.00213762 -0.00203941 -0.00200176 -0.00204503 -0.00196765 -0.00200745 -0.0020222 -0.00197491 -0.00204123 -0.00199062 -0.00193328 -0.00191089 -0.00201295 -0.00199578 -0.00194023 -0.00199516 -0.00195983 -0.00197437 -0.00188173 -0.00186588 -0.00195949 -0.00205083 -0.00191917 -0.00201211 -0.00198836 -0.00201817 -0.0020618 -0.00194776 -0.00196831 -0.0019445 -0.00184144 -0.00180842 -0.00173709 -0.00197637 -0.00201841 -0.00204873 -0.00194446 -0.00200612 -0.00197709 -0.00198019 -0.00190918 -0.00192405 -0.00193041 -0.00190852 -0.0019967 -0.00195288 -0.00203844 -0.00192552 -0.0019745 -0.00202567 -0.00196029 -0.00196104 -0.00193713 -0.00199359 -0.0019649 -0.00192851 
-0.00190896 -0.00203384 -0.00194968 -0.00194004 -0.00203188 -0.00207267 -0.00209061 -0.00204523 -0.00213954 -0.00207312 -0.00212389 -0.00203205 -0.00192245 -0.00183677 -0.00163862 -0.00163376 0.00267389 0.00281379 0.00281445 0.0031343 0.146527 0.00327407 0.00301322 0.00282704 0.00282724 0.00262873 -0.00158039 -0.00167458 -0.00192041 -0.00187073 -0.00205335 -0.00206518 -0.00208006 -0.00205303 -0.0019136 -0.00195085 -0.00214929 -0.00200303 -0.00199421 -0.00205033 -0.00187319 -0.00195684 -0.00199393 -0.00213882 -0.00206282 -0.00207913 -0.00186855 -0.00191999 -0.0018399 -0.00198215 -0.0020046 -0.00193826 -0.00195682 -0.00188638 -0.00202482 -0.00190925 -0.0019091 -0.00188655 -0.0019079 -0.0019695 -0.00186856 -0.00193606 -0.00180509 -0.00178891 -0.00182837 -0.00196506 -0.00187053 -0.00182659 -0.00189688 -0.00190207 -0.00181178 -0.00185513 -0.00189825 -0.00183825 -0.00171975 -0.0016971 -0.00176245 -0.00183034 -0.00192792 -0.00183973 -0.00192057 -0.00187686 -0.00199813 -0.00197228 -0.00184594 -0.00189061 -0.00198452 -0.00182784 -0.00175671 -0.0019779 -0.00179382 -0.00194715 -0.00184549 -0.00191345 -0.00180934 -0.00187826 -0.00191049 -0.00184209 -0.00195483 -0.00177794 
-0.00191328 -0.00192203 -0.00180405 -0.00190155 -0.00187119 -0.00202911 -0.00200837 -0.00214346 -0.00206656 -0.00205675 -0.00209518 -0.00211696 -0.00198198 -0.00190315 -0.00167443 -0.00170455 0.00259828 0.00277267 0.00277569 0.00319496 0.00327407 0.146418 0.00311279 0.00285537 0.00283891 0.0026246 -0.00163522 -0.0017894 -0.00185264 -0.00191041 -0.002018 -0.00206612 -0.00215955 -0.00204162 -0.0020641 -0.00190217 -0.00205649 -0.00202459 -0.00206806 -0.0020598 -0.00189722 -0.00193635 -0.00199867 -0.00196418 -0.0020592 -0.00201775 -0.00198223 -0.00193876 -0.00190048 -0.00182354 -0.00186222 -0.0019217 -0.00193671 -0.00195313 -0.00182585 -0.00181216 -0.0019107 -0.00184343 -0.00194332 -0.00192447 -0.00182137 -0.0018759 -0.00181197 -0.00177689 -0.00189459 -0.00192854 -0.00191555 -0.00187212 -0.00184044 -0.00191904 -0.00182345 -0.00199475 -0.00194141 -0.0018833 -0.00189691 -0.00180366 -0.00172267 -0.00183083 -0.00188185 -0.00185135 -0.00178267 -0.0018701 -0.00190797 -0.00196701 -0.00192145 -0.00191015 -0.00180868 -0.0018467 -0.00183285 -0.00194431 -0.00202521 -0.00193865 -0.00193159 -0.00183668 -0.00196078 -0.00195116 -0.00193296 -0.00183159 -0.00191781 -0.00176751 
-0.00187078 -0.00189481 -0.00178071 -0.00194979 -0.0019803 -0.00199484 -0.00198596 -0.00213612 -0.00202685 -0.001972 -0.00222361 -0.00215358 -0.00198839 -0.00197547 -0.00182265 -0.00174894 -0.0016967 0.00253906 0.0026152 0.00302039 0.00301322 0.00311279 0.14552 0.00287873 0.00285317 0.00273476 0.00256145 -0.00163625 -0.00170586 -0.00170677 -0.00187681 -0.00197924 -0.00212798 -0.00205791 -0.00199718 -0.00197249 -0.00198013 -0.00200861 -0.00211568 -0.00212284 -0.0019825 -0.00183054 -0.00199908 -0.00200108 -0.00208255 -0.00192448 -0.00193877 -0.00192815 -0.00190783 -0.00191366 -0.00195356 -0.00194374 -0.00178873 -0.00199254 -0.00181484 -0.00189182 -0.00189712 -0.00182506 -0.00182494 -0.00195577 -0.00188482 -0.0018892 -0.00180621 -0.00172877 -0.00186974 -0.00194922 -0.00185019 -0.00185899 -0.00187998 -0.0018862 -0.00188486 -0.00184886 -0.00189798 -0.00184917 -0.00171383 -0.00172939 -0.00168724 -0.00182551 -0.00183368 -0.00182258 -0.00185406 -0.00184002 -0.0018234 -0.00189819 -0.00193659 -0.0018623 -0.00183651 -0.00184883 -0.00184088 -0.00195796 -0.00181192 -0.00184899 -0.00196397 -0.00189986 -0.00186421 -0.00190027 -0.00183572 -0.00185018 -0.00189836 -0.00169447 
-0.00176007 -0.00179751 -0.00186225 -0.00183677 -0.00172371 -0.00192011 -0.00195568 -0.00198095 -0.00194711 -0.00204214 -0.00211332 -0.00215263 -0.00199205 -0.00209218 -0.00185829 -0.00199705 -0.00183906 -0.00155719 -0.00156301 0.00279169 0.00282704 0.00285537 0.00287873 0.141305 0.00303912 0.002832 0.00247236 0.00239412 -0.00152345 -0.00147875 -0.00166575 -0.00172734 -0.00188547 -0.00189955 -0.00190816 -0.00185887 -0.00199668 -0.00196147 -0.00180025 -0.00179254 -0.00181454 -0.00175202 -0.00180776 -0.00176566 -0.00193802 -0.00183643 -0.00187799 -0.00180195 -0.00186368 -0.00181319 -0.00177842 -0.00187872 -0.00172814 -0.00178554 -0.00172244 -0.00175334 -0.00181766 -0.00181825 -0.00185134 -0.0017905 -0.0018123 -0.00177927 -0.0017627 -0.00170923 -0.00176563 -0.00172251 -0.00175695 -0.00172411 -0.00185814 -0.00173106 -0.00177804 -0.00176822 -0.00181811 -0.00182559 -0.00162046 -0.00167165 -0.00173088 -0.00170929 -0.0017847 -0.00173345 -0.0017242 -0.00170256 -0.00166535 -0.00175098 -0.0017295 -0.00174147 -0.00172608 -0.00168948 -0.00172805 -0.00170162 -0.00173532 -0.00174525 -0.00173606 -0.00181633 -0.00180134 -0.00178796 -0.00172243 -0.00172122 -0.00171369 -0.0017092 
-0.00199816 -0.00205657 -0.00198668 -0.00194495 -0.0019525 -0.00217837 -0.00216462 -0.00221681 -0.00223843 -0.0021016 -0.00224815 -0.00226255 -0.00218729 -0.00230884 -0.00211855 -0.00216817 -0.00197376 -0.00187086 -0.00175874 0.0026918 0.00282724 0.00283891 0.00285317 0.00303912 0.146138 0.00314725 0.00285269 0.00264208 0.00251389 0.00229246 -0.00154203 -0.00165285 -0.00173326 -0.00182877 -0.00201636 -0.00195483 -0.00208721 -0.00208682 -0.00203654 -0.00191832 -0.00191576 -0.00195678 -0.00208907 -0.00200701 -0.00201019 -0.00204951 -0.00192547 -0.00198797 -0.00193445 -0.00197203 -0.00190054 -0.0019122 -0.00191261 -0.00195374 -0.0019466 -0.00194126 -0.00191727 -0.00195078 -0.00187597 -0.00192356 -0.00188589 -0.00189419 -0.00186232 -0.0018816 -0.00189037 -0.00194255 -0.0019135 -0.00183698 -0.00195093 -0.00189502 -0.00191934 -0.00192492 -0.00194345 -0.00182975 -0.00187929 -0.00182148 -0.00174092 -0.00188312 -0.00191691 -0.00197059 -0.00186562 -0.00202288 -0.00191472 -0.00187734 -0.00193382 -0.0019589 -0.00194062 -0.0018527 -0.00180529 -0.00189348 -0.00197403 -0.00186139 -0.00197149 -0.00191341 -0.0019554 -0.00205796 -0.00192541 -0.0019073 -0.00194365 -0.00180285 
-0.00187944 -0.00198978 -0.00194692 -0.00196452 -0.00202171 -0.00207126 -0.00208193 -0.0021857 -0.00213567 -0.00207945 -0.00223871 -0.00227065 -0.00212619 -0.00228581 -0.00218345 -0.00212179 -0.00202627 -0.00184852 -0.00190412 -0.00175807 0.00262873 0.0026246 0.00273476 0.002832 0.00314725 0.144513 0.0028393 0.00279253 0.00257976 0.00252269 0.00233261 -0.00146571 -0.0016909 -0.00182225 -0.00188608 -0.0018357 -0.00212587 -0.00197426 -0.00210117 -0.00206346 -0.00191427 -0.00191469 -0.00218234 -0.00191214 -0.00206043 -0.00200437 -0.00191394 -0.00189366 -0.00183161 -0.00190156 -0.00194104 -0.00179755 -0.00191493 -0.00194436 -0.00190121 -0.00196267 -0.00200102 -0.00197693 -0.00185828 -0.00185101 -0.00189152 -0.00189331 -0.00171389 -0.00170973 -0.00191469 -0.00189566 -0.00191348 -0.00185661 -0.00189637 -0.00194004 -0.00187631 -0.0019057 -0.00188615 -0.00193752 -0.00173314 -0.00184439 -0.001795 -0.00192752 -0.00186118 -0.00186585 -0.00181071 -0.00193393 -0.00182805 -0.00199052 -0.00192041 -0.00185452 -0.00189713 -0.00185072 -0.00180543 -0.00188895 -0.00197387 -0.00183395 -0.00184924 -0.00187279 -0.00195601 -0.00187225 -0.00185315 -0.00191531 -0.00184352 -0.00177515 
-0.0018665 -0.00177058 -0.00186085 -0.00182361 -0.00179089 -0.0018739 -0.00203912 -0.00191644 -0.00201687 -0.00187872 -0.00207622 -0.00210926 -0.00203025 -0.00222411 -0.00216944 -0.00205589 -0.00225333 -0.00205421 -0.00207316 -0.00190705 -0.00158039 -0.00163522 0.00256145 0.00247236 0.00285269 0.0028393 0.138897 0.00280643 0.00250784 0.00271916 0.00253115 0.00229218 -0.00139369 -0.00145539 -0.0016217 -0.0015715 -0.00174756 -0.00186257 -0.00184987 -0.00195993 -0.00182834 -0.00178819 -0.00190887 -0.00187033 -0.0018847 -0.00187803 -0.00176198 -0.00182839 -0.00173572 -0.00172721 -0.00168351 -0.00185233 -0.00183856 -0.00183678 -0.00182464 -0.00173495 -0.00179479 -0.00177116 -0.00180303 -0.0018048 -0.00174784 -0.00174431 -0.00164008 -0.00166427 -0.00181047 -0.00169475 -0.00180089 -0.00177525 -0.00184346 -0.00173432 -0.00177349 -0.00178255 -0.00178361 -0.0017144 -0.00171638 -0.00162303 -0.00164052 -0.00179677 -0.00176173 -0.00188189 -0.00178605 -0.00169673 -0.00169098 -0.00182856 -0.00174712 -0.00173916 -0.00179064 -0.00166825 -0.00165675 -0.00181403 -0.00176364 -0.00179082 -0.00170722 -0.00181873 -0.00178608 -0.00171077 -0.00175675 -0.0017999 -0.00176827 -0.0016041 
-0.0017708 -0.00178565 -0.00183883 -0.00179126 -0.0018444 -0.0018991 -0.00192324 -0.00190558 -0.00195139 -0.00198666 -0.00207466 -0.00216044 -0.00188709 -0.00219009 -0.00207405 -0.00211745 -0.00218621 -0.0021725 -0.00214677 -0.00197436 -0.00167458 -0.0017894 -0.00163625 0.00239412 0.00264208 0.00279253 0.00280643 0.137127 0.00268086 0.00273635 0.0025457 0.00243338 0.0023645 -0.00141998 -0.00145947 -0.0014858 -0.00162368 -0.00166527 -0.00190113 -0.00178413 -0.00173981 -0.0017242 -0.00188766 -0.00178711 -0.00174421 -0.00187735 -0.00187596 -0.00167369 -0.00171591 -0.00172234 -0.00183587 -0.00164728 -0.00173704 -0.00183792 -0.00171889 -0.00168617 -0.00173408 -0.00174038 -0.00179194 -0.00177882 -0.00181881 -0.0017023 -0.00165714 -0.00166609 -0.00180924 -0.00167601 -0.0017025 -0.00172307 -0.00165195 -0.00170276 -0.00177205 -0.00168484 -0.00171047 -0.00171216 -0.0017404 -0.00177838 -0.00168873 -0.00172557 -0.00176403 -0.00178635 -0.00176112 -0.00171076 -0.00169852 -0.00174004 -0.00170349 -0.0017282 -0.00169037 -0.00172316 -0.00158068 -0.00175786 -0.0017753 -0.00173876 -0.00176805 -0.00176125 -0.00178791 -0.00177949 -0.0017633 -0.00180995 -0.00176658 -0.00162823 
-0.00173179 -0.00174432 -0.0017581 -0.00187176 -0.00173795 -0.00195572 -0.00189044 -0.00192776 -0.00189386 -0.0019084 -0.00201933 -0.00202801 -0.0019166 -0.00209697 -0.00200683 -0.00209478 -0.00220343 -0.00212945 -0.00209069 -0.0020755 -0.00192041 -0.00185264 -0.00170586 -0.00152345 0.00251389 0.00257976 0.00250784 0.00268086 0.135579 0.00284699 0.00250778 0.00246891 0.00237182 0.00229822 -0.00136907 -0.00140932 -0.00153586 -0.00156243 -0.00174234 -0.00184911 -0.0017005 -0.00173677 -0.0017974 -0.00185939 -0.00182515 -0.00179404 -0.00165995 -0.00175662 -0.00171633 -0.00166486 -0.00178348 -0.00170048 -0.00174579 -0.00172691 -0.00173023 -0.0016455 -0.00173694 -0.0017298 -0.00175733 -0.00162373 -0.00178362 -0.00177417 -0.00165511 -0.00158227 -0.00171566 -0.00175864 -0.00170839 -0.00173348 -0.00170511 -0.00161741 -0.00162833 -0.0016827 -0.00171806 -0.00171769 -0.00165968 -0.00163425 -0.00165697 -0.00173016 -0.00172774 -0.00179681 -0.00176977 -0.00179971 -0.0016494 -0.0016651 -0.00168175 -0.00167446 -0.00172423 -0.00158773 -0.00165258 -0.00179118 -0.00171767 -0.0017474 -0.00169578 -0.00166482 -0.00176283 -0.0017199 -0.00171769 -0.00168863 -0.00181422 -0.00160082 
-0.00172707 -0.00170797 -0.00182669 -0.00174221 -0.0018145 -0.00185283 -0.00193163 -0.00193163 -0.00196068 -0.00191708 -0.00199622 -0.00205873 -0.00197517 -0.00210714 -0.00208069 -0.00200109 -0.00207364 -0.00207729 -0.00220798 -0.00205161 -0.00187073 -0.00191041 -0.00170677 -0.00147875 0.00229246 0.00252269 0.00271916 0.00273635 0.00284699 0.133546 0.00263276 0.00249192 0.00227915 0.00219913 -0.00131379 -0.00127483 -0.00149217 -0.0015803 -0.00174942 -0.00176666 -0.00174368 -0.00170617 -0.00181096 -0.00175959 -0.00177028 -0.00186356 -0.00171634 -0.00174705 -0.00159559 -0.00177169 -0.00169063 -0.00158385 -0.00168395 -0.0016838 -0.00174905 -0.00171232 -0.00168686 -0.00170949 -0.00171215 -0.00166937 -0.0016825 -0.00166566 -0.00169763 -0.00156853 -0.00167911 -0.0017587 -0.00169867 -0.00165582 -0.00168015 -0.00172601 -0.0017017 -0.00170072 -0.00173016 -0.00166141 -0.00171059 -0.00156179 -0.00169144 -0.00167768 -0.00160044 -0.00167321 -0.00172896 -0.00160214 -0.00166186 -0.001707 -0.00165896 -0.00164216 -0.00163336 -0.0016011 -0.0015858 -0.00173075 -0.00167923 -0.00167717 -0.00168208 -0.00165996 -0.0015566 -0.0016928 -0.00173687 -0.00168097 -0.00166989 -0.00160546 
-0.00177506 -0.0017465 -0.00181428 -0.00175663 -0.0019128 -0.00192251 -0.00195633 -0.00197818 -0.00196448 -0.001954 -0.00207949 -0.00200606 -0.00195238 -0.00222494 -0.00205358 -0.00202148 -0.00231741 -0.0020627 -0.00215551 -0.00229744 -0.00205335 -0.002018 -0.00187681 -0.00166575 -0.00154203 0.00233261 0.00253115 0.0025457 0.00250778 0.00263276 0.134438 0.00263223 0.00247611 0.00236558 0.00210054 0.00204957 -0.00129815 -0.00147623 -0.00155496 -0.00169512 -0.0017354 -0.0017746 -0.0019414 -0.00176376 -0.00190962 -0.00179877 -0.00173253 -0.00164266 -0.00174651 -0.00172 -0.00169352 -0.00163672 -0.00176774 -0.00166952 -0.00171026 -0.00173221 -0.00175188 -0.00171642 -0.0017726 -0.00176667 -0.00174344 -0.00168234 -0.00155607 -0.00164324 -0.00176407 -0.00175435 -0.00166398 -0.00173226 -0.00176954 -0.00181174 -0.00168754 -0.00175888 -0.00173166 -0.00171995 -0.00165802 -0.00167829 -0.00175558 -0.00174158 -0.00172025 -0.00175583 -0.00166981 -0.00175676 -0.00164543 -0.0016784 -0.00174931 -0.00174782 -0.00169702 -0.00163586 -0.00162613 -0.00173559 -0.00170847 -0.00175718 -0.00179951 -0.00171619 -0.00174508 -0.00174433 -0.00169551 -0.00174981 -0.00172525 -0.00158463 
-0.00177694 -0.00175067 -0.00179218 -0.00174627 -0.0017709 -0.0017907 -0.00199316 -0.00188744 -0.00187401 -0.00202073 -0.00197706 -0.00198951 -0.0018785 -0.00203466 -0.00193753 -0.00203595 -0.00221604 -0.0021593 -0.00212848 -0.00216498 -0.00206518 -0.00206612 -0.00197924 -0.00172734 -0.00165285 -0.00146571 0.00229218 0.00243338 0.00246891 0.00249192 0.00263223 0.132754 0.00260415 0.00247731 0.00214032 0.00220127 0.00213749 -0.00127419 -0.00144805 -0.00152337 -0.00156429 -0.0016225 -0.00178002 -0.00185553 -0.00181763 -0.0018436 -0.00164044 -0.00175838 -0.0017167 -0.00172157 -0.00170431 -0.00171582 -0.00171055 -0.00162936 -0.00173546 -0.00171173 -0.00164109 -0.00173124 -0.0017541 -0.00165877 -0.00175443 -0.00165857 -0.00162517 -0.00157614 -0.0016811 -0.00170907 -0.00170679 -0.00165225 -0.00166307 -0.00174453 -0.00169006 -0.00179065 -0.0017241 -0.00175455 -0.00166826 -0.00171753 -0.00163099 -0.00170017 -0.00171582 -0.00182031 -0.0017583 -0.00174757 -0.00169432 -0.00175931 -0.00172124 -0.00174959 -0.00172283 -0.00164218 -0.0015838 -0.00162597 -0.00178598 -0.00176432 -0.00166566 -0.00164427 -0.00168826 -0.00174657 -0.00174922 -0.00175906 -0.00174994 -0.00165084 
-0.00174494 -0.00173444 -0.0016815 -0.00175499 -0.00177007 -0.00188015 -0.0019016 -0.00187658 -0.0019853 -0.00185201 -0.00201077 -0.00203393 -0.00198579 -0.00216027 -0.00209265 -0.00208203 -0.00215685 -0.00205325 -0.00209471 -0.00219291 -0.00208006 -0.00215955 -0.00212798 -0.00188547 -0.00173326 -0.0016909 -0.00139369 0.0023645 0.00237182 0.00227915 0.00247611 0.00260415 0.131424 0.00258298 0.00237298 0.00234885 0.00221049 0.00211411 -0.00127314 -0.001415 -0.00155143 -0.001431 -0.00161283 -0.001727 -0.00185379 -0.00179671 -0.00170051 -0.00162371 -0.00173723 -0.00175263 -0.00171104 -0.00163378 -0.00175522 -0.00166106 -0.00172534 -0.00165834 -0.00168593 -0.00156306 -0.00176024 -0.00171009 -0.00171351 -0.0016837 -0.00162842 -0.0016204 -0.00161241 -0.00164459 -0.00161467 -0.00175155 -0.00169284 -0.00175556 -0.00170295 -0.00173655 -0.00172716 -0.00164538 -0.00157015 -0.00157806 -0.00159806 -0.00159798 -0.00172093 -0.00172137 -0.00161531 -0.00168711 -0.00170118 -0.00168882 -0.00161949 -0.00155874 -0.00172798 -0.00165867 -0.00171043 -0.00166842 -0.00166975 -0.00167278 -0.00165573 -0.00175054 -0.00171617 -0.00162633 -0.0016331 -0.00169875 -0.00169971 -0.00161961 
