0.122897 0.00223048 0.00217692 0.0021861 0.00198614 0.00198391 -0.00117209 -0.00130476 -0.00143126 -0.00140657 -0.00164492 -0.00171595 -0.00173416 -0.00176072 -0.00181338 -0.0017996 -0.00205403 -0.00184876 -0.00182018 -0.00194709 -0.00183706 -0.00186459 -0.00185399 -0.00163878 -0.00196447 -0.00179915 -0.00179844 -0.00178855 -0.00173986 -0.00167302 -0.00178263 -0.00172287 -0.00165899 -0.00174091 -0.00162967 -0.0015652 -0.00163328 -0.00161025 -0.00159867 -0.00163515 -0.00142508 -0.00146263 -0.00156593 -0.00154814 -0.00165022 -0.00163268 -0.00160395 -0.00153881 -0.00158184 -0.00148598 -0.00152927 -0.00154011 -0.00154936 -0.00151424 -0.00158515 -0.00153736 -0.00145102 -0.00151954 -0.00152227 -0.00148787 -0.00148869 -0.00153845 -0.00142393 -0.00145876 -0.00151802 -0.00147946 -0.00151887 -0.00140283 -0.00156369 -0.00155422 -0.00150006 -0.00154166 -0.00152347 -0.00149736 -0.00139423 -0.00147414 -0.00145766 -0.00149778 -0.00144159 -0.00155758 -0.00151286 -0.00154046 -0.00151042 -0.00155003 -0.00157087 -0.00154773 -0.00153706 -0.00148515 -0.00140459 -0.00138405 -0.00153272 -0.00140691 -0.00132188 -0.00126025 -0.00121918 -0.00116051 0.00191404 0.00192304 0.00210609 0.00209426 
0.00223048 0.123527 0.00231147 0.00218696 0.00209311 0.00213387 0.002034 -0.001213 -0.00132328 -0.00143469 -0.00148224 -0.00162482 -0.00169067 -0.00186596 -0.00175325 -0.00178607 -0.00188649 -0.00190807 -0.00192876 -0.00210446 -0.00187858 -0.00187726 -0.00192863 -0.00177461 -0.0020142 -0.00184436 -0.00191165 -0.00179295 -0.00172164 -0.00170532 -0.00176732 -0.00176915 -0.00169571 -0.00178664 -0.00158401 -0.00162682 -0.00164949 -0.00158217 -0.00168445 -0.00168729 -0.00151978 -0.00153633 -0.00155079 -0.00154698 -0.00161301 -0.00166696 -0.00155119 -0.00156472 -0.00150876 -0.00150599 -0.00150824 -0.00161775 -0.00152972 -0.00149308 -0.00156482 -0.00151866 -0.00148554 -0.00154396 -0.00149705 -0.00145283 -0.00151569 -0.00146833 -0.00143835 -0.0014256 -0.00152 -0.00147524 -0.00156698 -0.0015267 -0.00152822 -0.00151861 -0.00155384 -0.00154 -0.00146993 -0.00151454 -0.00136858 -0.00145749 -0.00141067 -0.00151927 -0.00143124 -0.00158305 -0.0015138 -0.00155278 -0.0014836 -0.00150161 -0.00151632 -0.00151626 -0.00146487 -0.00140179 -0.00145752 -0.0015575 -0.00146925 -0.00142816 -0.00139789 -0.0013967 -0.00133164 -0.00127859 -0.00114891 0.00187719 0.00192051 0.00199537 
0.00217692 0.00231147 0.123715 0.00228729 0.00211976 0.00226357 0.0021457 0.00195678 -0.00135522 -0.00122339 -0.00140723 -0.00153803 -0.00164077 -0.0017989 -0.00181607 -0.00182709 -0.00194358 -0.00184163 -0.00198065 -0.00207073 -0.00191051 -0.0019587 -0.00187192 -0.0018362 -0.00191924 -0.00203831 -0.00169599 -0.00180968 -0.00179376 -0.00179423 -0.00174333 -0.00172737 -0.00174783 -0.00166522 -0.00157588 -0.00157269 -0.00163618 -0.00161052 -0.00160964 -0.00163973 -0.0015311 -0.00155559 -0.00167388 -0.00162875 -0.00165011 -0.00161359 -0.00146118 -0.00143428 -0.0014998 -0.00151061 -0.00152259 -0.00156326 -0.00160081 -0.00145242 -0.00157639 -0.00148423 -0.0014749 -0.00149111 -0.0015261 -0.00147813 -0.00151001 -0.00149335 -0.00140604 -0.00144781 -0.00153175 -0.00150987 -0.00160189 -0.00152032 -0.00153475 -0.00150469 -0.0014996 -0.00145396 -0.0015516 -0.00154484 -0.00149502 -0.00141596 -0.00143463 -0.00144284 -0.00150669 -0.00146944 -0.00151343 -0.00158714 -0.00144616 -0.00161259 -0.0014956 -0.001535 -0.0015495 -0.0014955 -0.00143976 -0.00148379 -0.00162286 -0.00151269 -0.00146124 -0.00148693 -0.00150078 -0.00137858 -0.00124886 -0.00120029 0.00184737 0.00195104 
0.0021861 0.00218696 0.00228729 0.124533 0.00230661 0.00231991 0.00229193 0.00211418 0.001971 -0.00105695 -0.00138833 -0.00142517 -0.00148083 -0.00182012 -0.00184036 -0.00192797 -0.00198485 -0.00187408 -0.00195776 -0.00205579 -0.00191283 -0.00199229 -0.00199563 -0.00190377 -0.00201363 -0.00194083 -0.00185313 -0.00180508 -0.00179786 -0.00162889 -0.00173676 -0.001719 -0.00177111 -0.0018476 -0.00164394 -0.00160412 -0.00166929 -0.00169769 -0.00163659 -0.00166172 -0.00153287 -0.00161312 -0.00167692 -0.00161932 -0.00155749 -0.00154858 -0.00155246 -0.00158984 -0.00151164 -0.00157571 -0.00158076 -0.00156182 -0.00154737 -0.00154205 -0.00153715 -0.00154941 -0.00160498 -0.00146202 -0.0015456 -0.00162541 -0.00148661 -0.00156421 -0.00147002 -0.0014372 -0.00159017 -0.00149263 -0.00152404 -0.00154796 -0.00152066 -0.00162033 -0.00148918 -0.00150984 -0.00148 -0.00154937 -0.00145743 -0.00144635 -0.00137423 -0.00148488 -0.00155063 -0.0016128 -0.0015105 -0.00156281 -0.00165077 -0.00148484 -0.00151552 -0.00160971 -0.0015539 -0.00140382 -0.00144458 -0.00158974 -0.00145482 -0.00154895 -0.00153067 -0.00148388 -0.00143646 -0.00132757 -0.00133907 -0.00124364 -0.00130339 0.00198487 
0.00198614 0.00209311 0.00211976 0.00230661 0.124664 0.00242164 0.00240978 0.00211917 0.00209033 0.00214972 -0.00120593 -0.0013591 -0.00144633 -0.00163058 -0.00173014 -0.00193817 -0.00197197 -0.00188835 -0.00197036 -0.00206902 -0.00196089 -0.00195172 -0.00194857 -0.00183006 -0.00195098 -0.00195387 -0.00183941 -0.00178967 -0.00177839 -0.00176655 -0.0017724 -0.00171463 -0.00173837 -0.0018118 -0.00169345 -0.00162058 -0.00164328 -0.00167331 -0.00164989 -0.00155942 -0.00151516 -0.00155615 -0.00165295 -0.00158372 -0.00158431 -0.00162678 -0.00160043 -0.00157224 -0.00146553 -0.0015827 -0.00154773 -0.00152242 -0.00167436 -0.0015627 -0.00155493 -0.00151468 -0.00157796 -0.00151569 -0.00151767 -0.00152951 -0.00155953 -0.00153053 -0.00143918 -0.00138458 -0.00152689 -0.00156752 -0.00147354 -0.00150985 -0.00157612 -0.00151206 -0.0016107 -0.00152061 -0.00148887 -0.00151306 -0.00146285 -0.00153368 -0.00153169 -0.00157316 -0.00146129 -0.00157053 -0.00161807 -0.00156267 -0.00156642 -0.00148426 -0.00152911 -0.00156057 -0.00149117 -0.00145602 -0.00148012 -0.00148685 -0.00156946 -0.00157493 -0.00152066 -0.00160867 -0.00157262 -0.0015105 -0.00147357 -0.00142537 -0.00132258 -0.00108571 
0.00198391 0.00213387 0.00226357 0.00231991 0.00242164 0.12815 0.00238591 0.00239683 0.00227907 0.00215139 0.00210596 -0.00130693 -0.00141304 -0.00165043 -0.00187981 -0.00178283 -0.00203863 -0.00202448 -0.00212006 -0.00206312 -0.00199969 -0.00209318 -0.00195386 -0.00191614 -0.00210524 -0.00204936 -0.00199183 -0.00197415 -0.00183551 -0.0017698 -0.00196568 -0.00193873 -0.00186934 -0.0018793 -0.00178649 -0.00172553 -0.00175837 -0.0017406 -0.00177539 -0.00180132 -0.00168716 -0.00167649 -0.00173587 -0.00179548 -0.00181791 -0.00175086 -0.00161323 -0.00160695 -0.00162431 -0.00163069 -0.00162338 -0.00166037 -0.00163793 -0.00159015 -0.00168821 -0.0015529 -0.00167049 -0.00152277 -0.00159296 -0.00167754 -0.00165177 -0.0016012 -0.00149256 -0.00150833 -0.00158259 -0.00159153 -0.00174203 -0.00163701 -0.00158482 -0.00164201 -0.00168758 -0.00155491 -0.00158312 -0.00175439 -0.00155894 -0.0015198 -0.00159099 -0.00172726 -0.00149606 -0.00166885 -0.00164803 -0.00163728 -0.00158775 -0.00166448 -0.00159656 -0.00156598 -0.00160526 -0.00166394 -0.00149772 -0.00155897 -0.00164721 -0.00158961 -0.00162519 -0.0015271 -0.00154804 -0.0016434 -0.00154299 -0.00135822 -0.00137912 -0.00116478 
-0.00117209 0.002034 0.0021457 0.00229193 0.00240978 0.00238591 0.129394 0.00240493 0.00248632 0.00230811 0.00225837 0.00210417 -0.00134102 -0.00155381 -0.00170867 -0.00166659 -0.00199572 -0.00199328 -0.00212413 -0.00221067 -0.00211737 -0.00205184 -0.00199501 -0.00193298 -0.00218381 -0.00208918 -0.0019621 -0.00191691 -0.00189934 -0.00190443 -0.00192418 -0.00191052 -0.00186769 -0.00185537 -0.00166518 -0.00173752 -0.00174097 -0.00187723 -0.00187882 -0.00180372 -0.0017243 -0.00170001 -0.00178107 -0.00187663 -0.00173339 -0.00178553 -0.00164637 -0.00166135 -0.00156792 -0.00163792 -0.00163554 -0.00158039 -0.00171487 -0.00165627 -0.00168032 -0.00164163 -0.00163031 -0.00161828 -0.00165741 -0.00163051 -0.00152355 -0.0016997 -0.00155825 -0.00153609 -0.00162273 -0.00165637 -0.00168887 -0.00164853 -0.00164036 -0.00169835 -0.00164017 -0.00164362 -0.00163102 -0.00166677 -0.00155624 -0.00154149 -0.0015891 -0.00154873 -0.00161543 -0.00159679 -0.0017134 -0.00166129 -0.00173981 -0.00167418 -0.00158441 -0.00162054 -0.00165633 -0.00150586 -0.00160806 -0.00164664 -0.00174466 -0.00169899 -0.00163249 -0.00161865 -0.0016337 -0.00160183 -0.0015492 -0.00160249 -0.00149524 -0.00129266 
-0.00130476 -0.001213 0.00195678 0.00211418 0.00211917 0.00239683 0.00240493 0.130144 0.00250403 0.00240617 0.00232252 0.0022927 0.00214905 -0.00143276 -0.0015713 -0.00172816 -0.00191325 -0.00199768 -0.00196345 -0.00220448 -0.00215473 -0.00204357 -0.00208918 -0.00193059 -0.00212268 -0.00209936 -0.00205681 -0.00185047 -0.00195142 -0.00196978 -0.00193592 -0.0019188 -0.00190106 -0.00190917 -0.00175551 -0.00177144 -0.00187026 -0.00178625 -0.00183617 -0.00171437 -0.00177437 -0.0016579 -0.00170491 -0.00175132 -0.00177129 -0.00173425 -0.00165111 -0.00162838 -0.0016909 -0.00164562 -0.00171534 -0.00163563 -0.00165535 -0.00173862 -0.00165481 -0.0016969 -0.00166347 -0.00169508 -0.00168608 -0.00162214 -0.00157087 -0.00160425 -0.00158022 -0.00151584 -0.0016628 -0.0016287 -0.00168974 -0.00172005 -0.0016922 -0.00158295 -0.00163903 -0.00175172 -0.00161448 -0.00163086 -0.00155506 -0.00152149 -0.00159973 -0.00165575 -0.00178488 -0.00166831 -0.00173779 -0.00167142 -0.00173779 -0.00163746 -0.0016668 -0.00160489 -0.00152837 -0.00153134 -0.00152756 -0.00165044 -0.0016548 -0.00160307 -0.0016265 -0.00164599 -0.00167257 -0.0016735 -0.0015652 -0.00165662 -0.00152547 -0.00145392 
-0.00143126 -0.00132328 -0.00135522 0.001971 0.00209033 0.00227907 0.00248632 0.00250403 0.131718 0.00264847 0.00255272 0.00241176 0.00235648 0.00224446 -0.00146157 -0.00157221 -0.00176411 -0.00192836 -0.00189536 -0.00222407 -0.00214035 -0.00206572 -0.00207724 -0.00200052 -0.00215703 -0.00222876 -0.00204107 -0.00191628 -0.00195595 -0.00191401 -0.00202494 -0.00184266 -0.00190904 -0.00185852 -0.00172393 -0.00174844 -0.00171382 -0.00184218 -0.0018477 -0.00175356 -0.001725 -0.00175471 -0.00190865 -0.00184579 -0.00171468 -0.001727 -0.00175786 -0.00175436 -0.00167125 -0.00168767 -0.00163365 -0.00179772 -0.00170875 -0.00170043 -0.00170254 -0.00175172 -0.00167373 -0.00166382 -0.00171488 -0.00170512 -0.00168406 -0.00167437 -0.00173583 -0.00164094 -0.00170802 -0.00164678 -0.00169514 -0.00165374 -0.00167828 -0.00163662 -0.00171194 -0.00175109 -0.00173675 -0.00165407 -0.00165827 -0.00161554 -0.00160357 -0.0016598 -0.00168968 -0.0016653 -0.00161331 -0.00166973 -0.00166931 -0.00172555 -0.00165217 -0.00168366 -0.00166724 -0.0016737 -0.00167904 -0.0017165 -0.00170555 -0.00171441 -0.00170368 -0.00169998 -0.00165905 -0.00171271 -0.00167726 -0.00168177 -0.0016885 -0.00145291 
-0.00140657 -0.00143469 -0.00122339 -0.00105695 0.00214972 0.00215139 0.00230811 0.00240617 0.00264847 0.13024 0.00256735 0.0024104 0.00241905 0.00225747 -0.0014714 -0.00147642 -0.00176748 -0.00183434 -0.00189941 -0.00208125 -0.00206664 -0.00202044 -0.00205695 -0.00181494 -0.00212191 -0.00213303 -0.00184993 -0.00197368 -0.00180968 -0.00187593 -0.00190246 -0.0018597 -0.00185366 -0.00192548 -0.00176417 -0.00160466 -0.00173182 -0.00175021 -0.00172122 -0.00177272 -0.00171727 -0.00155789 -0.00180323 -0.00184936 -0.00180028 -0.00175223 -0.00179048 -0.00168743 -0.00160107 -0.00167443 -0.00162973 -0.00165849 -0.00169498 -0.00168473 -0.0016308 -0.00170079 -0.00164209 -0.00155201 -0.00157702 -0.00153082 -0.0016611 -0.00166352 -0.00156826 -0.00158164 -0.00156791 -0.00167142 -0.00165858 -0.00149457 -0.00163651 -0.00165385 -0.0017091 -0.00164494 -0.00164296 -0.0016571 -0.00160771 -0.00159995 -0.00154525 -0.00165903 -0.00167837 -0.00172702 -0.00163319 -0.00162457 -0.00171819 -0.00154527 -0.00157473 -0.00165569 -0.00161196 -0.001484 -0.00158037 -0.00158857 -0.00156808 -0.00158468 -0.00165239 -0.0015605 -0.00165747 -0.00170101 -0.00166724 -0.00160905 -0.00166053 -0.00145574 
-0.00164492 -0.00148224 -0.00140723 -0.00138833 -0.00120593 0.00210596 0.00225837 0.00232252 0.00255272 0.00256735 0.134589 0.00275046 0.00266972 0.00265432 0.00240493 0.00236939 -0.00148912 -0.00183054 -0.00174593 -0.00207116 -0.00218156 -0.00222908 -0.00208838 -0.00203025 -0.0022385 -0.00226439 -0.00197722 -0.00197187 -0.002106 -0.00197267 -0.00199085 -0.00199412 -0.0020587 -0.00197619 -0.00192556 -0.00185573 -0.0019058 -0.0018374 -0.00185044 -0.00182521 -0.00180927 -0.00178219 -0.00190451 -0.00198106 -0.00186134 -0.00180216 -0.0017242 -0.00181495 -0.00176459 -0.0017911 -0.00183612 -0.00166316 -0.00175479 -0.00166757 -0.00174301 -0.00175672 -0.00170132 -0.00168638 -0.00177743 -0.00169561 -0.0017228 -0.00183803 -0.00162701 -0.00168717 -0.00170921 -0.00182476 -0.00173626 -0.00176504 -0.00171289 -0.00178814 -0.00181085 -0.00171177 -0.00180914 -0.00168133 -0.00168979 -0.00163008 -0.00168168 -0.00160898 -0.00176466 -0.00173815 -0.00169634 -0.0017104 -0.00177944 -0.00179839 -0.001829 -0.00179149 -0.00173088 -0.00168333 -0.00172495 -0.00172943 -0.00175485 -0.00170683 -0.00172457 -0.001687 -0.0017984 -0.00172566 -0.00175548 -0.00173186 -0.00167131 -0.00161429 
-0.00171595 -0.00162482 -0.00153803 -0.00142517 -0.0013591 -0.00130693 0.00210417 0.0022927 0.00241176 0.0024104 0.00275046 0.136806 0.0028367 0.00275161 0.00256208 0.00259386 0.0025413 -0.00162456 -0.00164301 -0.00189256 -0.0021798 -0.00199994 -0.00216338 -0.00206166 -0.00229637 -0.0022966 -0.00207098 -0.002036 -0.0019587 -0.00199483 -0.00211048 -0.0021188 -0.00204217 -0.00189308 -0.0018813 -0.00190477 -0.0019418 -0.00191764 -0.00193456 -0.00188394 -0.0017973 -0.00176734 -0.00193855 -0.00184946 -0.0018828 -0.00179168 -0.00184292 -0.00180198 -0.00182729 -0.00178191 -0.00181408 -0.00179821 -0.00177052 -0.00178366 -0.00186403 -0.00179467 -0.00182895 -0.00180096 -0.00187801 -0.00182209 -0.00175815 -0.00167315 -0.00173829 -0.00173625 -0.00179112 -0.00170923 -0.00172559 -0.00176211 -0.00180209 -0.00183236 -0.00184463 -0.0017431 -0.00180232 -0.00184006 -0.00170046 -0.00166661 -0.00159325 -0.00177357 -0.00181855 -0.00178638 -0.00185035 -0.00180063 -0.00186577 -0.00178984 -0.00175455 -0.00182139 -0.00178578 -0.00163924 -0.00175084 -0.00179262 -0.00176327 -0.0017742 -0.00182143 -0.0018317 -0.00186029 -0.00176254 -0.00180741 -0.00179896 -0.00175349 -0.0016858 
-0.00173416 -0.00169067 -0.00164077 -0.00148083 -0.00144633 -0.00141304 -0.00134102 0.00214905 0.00235648 0.00241905 0.00266972 0.0028367 0.135358 0.00276236 0.00254489 0.00255091 0.00249063 -0.00159264 -0.00149484 -0.0017912 -0.00198162 -0.00197564 -0.00214894 -0.00194046 -0.00228472 -0.00214591 -0.00198143 -0.00199553 -0.0020431 -0.0019436 -0.0020668 -0.00190737 -0.00193272 -0.00193065 -0.00190891 -0.00182403 -0.00192992 -0.00194268 -0.00185184 -0.00188243 -0.00169291 -0.00181719 -0.00191363 -0.00181373 -0.00171985 -0.00182229 -0.00174006 -0.00165914 -0.00172504 -0.001654 -0.00177228 -0.00169641 -0.00171897 -0.00175955 -0.00173069 -0.00178071 -0.00156915 -0.00164355 -0.00160249 -0.00173596 -0.00179658 -0.001739 -0.00167394 -0.00170938 -0.00167988 -0.00169591 -0.00167788 -0.00161607 -0.00178084 -0.00173047 -0.00166806 -0.00167058 -0.00170627 -0.00169248 -0.00164048 -0.0016202 -0.00168867 -0.00174844 -0.00174459 -0.00177264 -0.00174161 -0.00169746 -0.00169952 -0.00170492 -0.00171473 -0.00173795 -0.00176502 -0.00170775 -0.00165631 -0.00175352 -0.00172862 -0.00166943 -0.00170025 -0.00172912 -0.00169269 -0.00174618 -0.00174107 -0.00177485 -0.00171024 -0.00160274 
-0.00176072 -0.00186596 -0.0017989 -0.00182012 -0.00163058 -0.00165043 -0.00155381 -0.00143276 0.00224446 0.00225747 0.00265432 0.00275161 0.00276236 0.140626 0.00285239 0.00288802 0.00277808 0.00242766 0.00256749 -0.00167508 -0.00188092 -0.00197634 -0.0019628 -0.00221053 -0.00239271 -0.00233324 -0.00217585 -0.00225384 -0.00206177 -0.00201215 -0.00217853 -0.0020758 -0.00208342 -0.00192298 -0.00196434 -0.00192069 -0.00194139 -0.0019436 -0.00200005 -0.00199063 -0.00182646 -0.00192797 -0.00193449 -0.0019479 -0.00196118 -0.00183 -0.00187928 -0.00190987 -0.00187715 -0.00184576 -0.00181889 -0.00190763 -0.00180841 -0.00186801 -0.00190666 -0.00180543 -0.00178296 -0.00177987 -0.00185168 -0.0019394 -0.00183084 -0.00192369 -0.00169164 -0.00179688 -0.00187684 -0.0018883 -0.00178761 -0.00180541 -0.00175502 -0.00188644 -0.00187948 -0.00185814 -0.00183493 -0.00183593 -0.0017929 -0.00177795 -0.00176781 -0.00187733 -0.00190629 -0.00180296 -0.00182354 -0.00178463 -0.00181867 -0.00185793 -0.00185742 -0.00182548 -0.0017971 -0.00171524 -0.001842 -0.00189447 -0.00177429 -0.00172303 -0.00182833 -0.00183931 -0.00185211 -0.00183737 -0.00188341 -0.00182463 -0.00187865 -0.00169691 
-0.00181338 -0.00175325 -0.00181607 -0.00184036 -0.00173014 -0.00187981 -0.00170867 -0.0015713 -0.00146157 -0.0014714 0.00240493 0.00256208 0.00254489 0.00285239 0.139568 0.0029886 0.00284664 0.00266348 0.00265534 0.00242741 -0.00160182 -0.00161295 -0.00177229 -0.00192255 -0.00207951 -0.00212154 -0.00207723 -0.00205117 -0.00208124 -0.00200313 -0.00207323 -0.00199146 -0.00208915 -0.00210695 -0.00185551 -0.00187724 -0.00188924 -0.00187659 -0.00185612 -0.00188225 -0.00178062 -0.00189893 -0.00195415 -0.00186716 -0.00194156 -0.00188733 -0.00175203 -0.00179005 -0.00191384 -0.00184005 -0.00182404 -0.00181955 -0.00176724 -0.00170739 -0.00178997 -0.00175151 -0.00181721 -0.0017474 -0.00177586 -0.00186066 -0.00182239 -0.00168508 -0.00160752 -0.00172273 -0.00179295 -0.0018122 -0.00180535 -0.00177944 -0.00185386 -0.00178109 -0.00182307 -0.00173809 -0.00172655 -0.00173064 -0.00171821 -0.00175047 -0.00177901 -0.0018302 -0.00176853 -0.00180551 -0.00183744 -0.00178407 -0.00185649 -0.00178173 -0.00172401 -0.00176225 -0.00182366 -0.00177915 -0.00177991 -0.00183481 -0.00182257 -0.00180211 -0.0018155 -0.0018117 -0.00181919 -0.00172899 -0.00176755 -0.0018248 -0.00172659 -0.00174502 
-0.0017996 -0.00178607 -0.00182709 -0.00192797 -0.00193817 -0.00178283 -0.00166659 -0.00172816 -0.00157221 -0.00147642 0.00236939 0.00259386 0.00255091 0.00288802 0.0029886 0.141354 0.00301506 0.00280497 0.00273428 0.00256511 -0.00169629 -0.00169259 -0.00175999 -0.00184803 -0.00213171 -0.00212457 -0.00207388 -0.00204698 -0.00207527 -0.00207173 -0.00213763 -0.00207451 -0.00211038 -0.00190207 -0.0018787 -0.00196385 -0.00189173 -0.00202874 -0.0019082 -0.00195174 -0.00186955 -0.00181853 -0.00194588 -0.00193825 -0.00188832 -0.00198667 -0.00190264 -0.0018968 -0.00190505 -0.00182672 -0.0017812 -0.00178156 -0.00178112 -0.00182453 -0.00182983 -0.00186286 -0.00178322 -0.00178529 -0.00187396 -0.00182174 -0.00182824 -0.00178041 -0.0017827 -0.001802 -0.00184587 -0.00178227 -0.00179105 -0.00176446 -0.00178842 -0.0018148 -0.00186882 -0.00187812 -0.00182582 -0.00166995 -0.00177112 -0.00165249 -0.00168144 -0.00181794 -0.00181308 -0.00173235 -0.00177724 -0.00175054 -0.00179365 -0.00187732 -0.00174034 -0.00183917 -0.00171489 -0.00177365 -0.00171777 -0.00186945 -0.00181539 -0.00176721 -0.00193205 -0.00182327 -0.00176605 -0.00182573 -0.00193164 -0.00186985 -0.00196713 -0.00164353 
-0.00205403 -0.00188649 -0.00194358 -0.00198485 -0.00197197 -0.00203863 -0.00199572 -0.00191325 -0.00176411 -0.00176748 -0.00148912 0.0025413 0.00249063 0.00277808 0.00284664 0.00301506 0.145903 0.00301761 0.00304733 0.00295091 0.00265349 0.00267814 -0.00154236 -0.00178909 -0.00200976 -0.00205217 -0.00224781 -0.00217046 -0.00218488 -0.0020805 -0.00227001 -0.00208885 -0.0021391 -0.00215117 -0.00202058 -0.00204206 -0.00211932 -0.00216729 -0.00212318 -0.00216916 -0.00197544 -0.00192982 -0.00213358 -0.00197876 -0.00199107 -0.00206175 -0.00191299 -0.00195695 -0.00199184 -0.00194632 -0.0019549 -0.00191074 -0.00189726 -0.00196977 -0.00195773 -0.00192722 -0.00190346 -0.0019054 -0.00193545 -0.00207366 -0.00195358 -0.00193471 -0.0017884 -0.00187065 -0.00198453 -0.00198224 -0.00191309 -0.0018661 -0.00191324 -0.0019233 -0.00196957 -0.00178737 -0.0019591 -0.001862 -0.00179601 -0.00190734 -0.00177136 -0.00196682 -0.00190972 -0.00195227 -0.00186314 -0.00190951 -0.0020471 -0.00199082 -0.00199451 -0.00183386 -0.00201618 -0.00179649 -0.00185012 -0.00192113 -0.00186703 -0.00184616 -0.00197559 -0.00199783 -0.00200894 -0.00190945 -0.00185444 -0.00192208 -0.00198277 -0.00183301 
-0.00184876 -0.00190807 -0.00184163 -0.00187408 -0.00188835 -0.00202448 -0.00199328 -0.00199768 -0.00192836 -0.00183434 -0.00183054 -0.00162456 -0.00159264 0.00242766 0.00266348 0.00280497 0.00301761 0.14465 0.00324825 0.0031349 0.00284333 0.00279874 0.00263263 -0.00154499 -0.00182772 -0.00183611 -0.0019733 -0.00224921 -0.00214049 -0.00208033 -0.00203578 -0.00211853 -0.00213187 -0.00214382 -0.00195186 -0.00198182 -0.00199373 -0.00200243 -0.00204241 -0.0020248 -0.00194703 -0.00196977 -0.00187847 -0.00196975 -0.00209214 -0.00206546 -0.00190426 -0.00197374 -0.00183963 -0.00186472 -0.00183995 -0.00189441 -0.00186061 -0.00186086 -0.00181683 -0.00181009 -0.00182166 -0.0018634 -0.001819 -0.00192104 -0.00190782 -0.00185388 -0.00183816 -0.00182302 -0.0017949 -0.00186885 -0.00185287 -0.0018639 -0.00185698 -0.00189681 -0.00179457 -0.00194298 -0.00188483 -0.00180653 -0.00182973 -0.00177282 -0.0017094 -0.00182082 -0.00186981 -0.0018221 -0.00181319 -0.00190189 -0.00190259 -0.00185247 -0.00189777 -0.00195503 -0.00182505 -0.00177926 -0.00179631 -0.00187001 -0.00194636 -0.00188028 -0.00181582 -0.00184905 -0.0018787 -0.00188485 -0.00185682 -0.00179819 -0.00187761 -0.00175042 
-0.00182018 -0.00192876 -0.00198065 -0.00195776 -0.00197036 -0.00212006 -0.00212413 -0.00196345 -0.00189536 -0.00189941 -0.00174593 -0.00164301 -0.00149484 0.00256749 0.00265534 0.00273428 0.00304733 0.00324825 0.145524 0.00306904 0.00278971 0.00286909 0.00270763 -0.00153511 -0.00185851 -0.00197517 -0.00197542 -0.0020419 -0.00211852 -0.00216857 -0.00215497 -0.00201029 -0.00207134 -0.00212699 -0.00195442 -0.00190843 -0.0020667 -0.00201543 -0.00198743 -0.00198393 -0.00196439 -0.00192661 -0.00197578 -0.0019597 -0.00190476 -0.00204887 -0.00183658 -0.00176392 -0.00194853 -0.00175652 -0.00193263 -0.00189094 -0.00187728 -0.00187716 -0.00191682 -0.00180582 -0.00195086 -0.00189683 -0.00191926 -0.00188825 -0.00195094 -0.00185663 -0.00178609 -0.00177196 -0.00194435 -0.00191178 -0.00186438 -0.00190219 -0.00184236 -0.00191263 -0.00186192 -0.00182089 -0.00187178 -0.00192525 -0.00177821 -0.00177519 -0.00178191 -0.0018885 -0.00189279 -0.00182539 -0.00183592 -0.00186802 -0.00197203 -0.00192641 -0.00191156 -0.00186001 -0.0019004 -0.00176583 -0.00178463 -0.00183505 -0.00187714 -0.00180038 -0.00190221 -0.00192941 -0.00198012 -0.00178604 -0.00185782 -0.00190211 -0.00190419 -0.00190964 
-0.00194709 -0.00210446 -0.00207073 -0.00205579 -0.00206902 -0.00206312 -0.00221067 -0.00220448 -0.00222407 -0.00208125 -0.00207116 -0.00189256 -0.0017912 -0.00167508 0.00242741 0.00256511 0.00295091 0.0031349 0.00306904 0.149781 0.00309798 0.00310804 0.003028 0.00267144 0.00263177 -0.00169136 -0.00178234 -0.00189281 -0.00208583 -0.00206327 -0.00222332 -0.00226316 -0.00215262 -0.00221234 -0.00197381 -0.00196936 -0.00221392 -0.00207149 -0.00207358 -0.00209229 -0.002029 -0.00207686 -0.0020595 -0.00214396 -0.00212801 -0.00208373 -0.00200937 -0.00200133 -0.00199912 -0.00199197 -0.00202519 -0.0019504 -0.00189909 -0.00204212 -0.00206492 -0.00193082 -0.00197017 -0.00202609 -0.00198723 -0.00202488 -0.00193225 -0.00187101 -0.00188004 -0.00179415 -0.0019288 -0.00198792 -0.00198627 -0.00198555 -0.002021 -0.0020705 -0.00203324 -0.00196306 -0.00198796 -0.00190366 -0.00201242 -0.00191916 -0.00193218 -0.00208134 -0.00199424 -0.00199267 -0.00199477 -0.00196771 -0.0019144 -0.0019043 -0.00193105 -0.0019401 -0.0019672 -0.00178802 -0.0018179 -0.00203168 -0.00203862 -0.00205721 -0.00195254 -0.00206365 -0.00208503 -0.0020083 -0.00212853 -0.00198682 -0.00204064 -0.00190424 
-0.00183706 -0.00187858 -0.00191051 -0.00191283 -0.00196089 -0.00199969 -0.00211737 -0.00215473 -0.00214035 -0.00206664 -0.00218156 -0.0021798 -0.00198162 -0.00188092 -0.00160182 -0.00169629 0.00265349 0.00284333 0.00278971 0.00309798 0.146526 0.00320362 0.00311705 0.00282712 0.00275355 0.00260388 -0.00162353 -0.00166733 -0.00176691 -0.00186748 -0.00197375 -0.00203125 -0.00204188 -0.00213538 -0.00197419 -0.00195009 -0.00199546 -0.00198182 -0.00205056 -0.00210576 -0.00193222 -0.00189097 -0.00205063 -0.00201501 -0.00201259 -0.00203864 -0.00180519 -0.00194754 -0.00188307 -0.0018842 -0.00185677 -0.0020116 -0.00189093 -0.00190258 -0.00189269 -0.00192027 -0.00191025 -0.00194094 -0.0018722 -0.00187161 -0.00194883 -0.00188349 -0.00174613 -0.00177428 -0.00187878 -0.00193166 -0.00194619 -0.00190993 -0.00189361 -0.00190213 -0.00190496 -0.00196376 -0.00185942 -0.00186937 -0.00188376 -0.001852 -0.00173317 -0.00194361 -0.00184419 -0.00194207 -0.00182186 -0.00177234 -0.0019595 -0.00187962 -0.00193471 -0.00185214 -0.00186876 -0.00179918 -0.00176427 -0.00193407 -0.0019492 -0.00189786 -0.00197044 -0.00199211 -0.00185847 -0.00193848 -0.00182566 -0.00198874 -0.00186894 -0.00173233 
-0.00186459 -0.00187726 -0.0019587 -0.00199229 -0.00195172 -0.00209318 -0.00205184 -0.00204357 -0.00206572 -0.00202044 -0.00222908 -0.00199994 -0.00197564 -0.00197634 -0.00161295 -0.00169259 0.00267814 0.00279874 0.00286909 0.00310804 0.00320362 0.146194 0.00316588 0.00286501 0.00278522 0.00257008 -0.00161246 -0.00172792 -0.00174246 -0.00183838 -0.00205128 -0.0020854 -0.00204505 -0.00217204 -0.00192697 -0.00195992 -0.00207412 -0.00197919 -0.00199131 -0.00199907 -0.00196606 -0.00190193 -0.00198362 -0.00203182 -0.00190356 -0.00194389 -0.00193612 -0.00191854 -0.00190339 -0.00189721 -0.00193265 -0.00197749 -0.00187519 -0.0018387 -0.00196837 -0.00186849 -0.00194362 -0.00194397 -0.00188742 -0.00188937 -0.00189668 -0.00188669 -0.00180214 -0.00183616 -0.00187077 -0.00190061 -0.00189706 -0.00204113 -0.00205971 -0.00196453 -0.0018831 -0.00190254 -0.00191015 -0.00188326 -0.00179019 -0.00192452 -0.00178001 -0.00182676 -0.00185315 -0.00186931 -0.00188276 -0.00182903 -0.00189696 -0.0018833 -0.00191804 -0.00185028 -0.00193054 -0.00173077 -0.00177827 -0.00189127 -0.00188115 -0.0018872 -0.00192004 -0.00185956 -0.001882 -0.00177309 -0.0018561 -0.00193188 -0.0018968 -0.0018575 
-0.00185399 -0.00192863 -0.00187192 -0.00199563 -0.00194857 -0.00195386 -0.00199501 -0.00208918 -0.00207724 -0.00205695 -0.00208838 -0.00216338 -0.00214894 -0.0019628 -0.00177229 -0.00175999 -0.00154236 0.00263263 0.00270763 0.003028 0.00311705 0.00316588 0.145618 0.00282954 0.00293882 0.00287519 0.00235761 -0.00157374 -0.0017433 -0.00161892 -0.00188663 -0.00198226 -0.00209907 -0.00218156 -0.00206567 -0.00191073 -0.00203018 -0.00205102 -0.00201738 -0.00194955 -0.00189322 -0.00192435 -0.00196125 -0.00196502 -0.00195355 -0.0019397 -0.00194752 -0.00192619 -0.00190025 -0.00192226 -0.001834 -0.00182435 -0.00195268 -0.0019317 -0.00195488 -0.00191494 -0.00188124 -0.00193105 -0.00197558 -0.00185966 -0.00195504 -0.00185045 -0.00178165 -0.00186141 -0.00188283 -0.00197905 -0.00191355 -0.00182853 -0.00189103 -0.00198106 -0.00190319 -0.00188193 -0.00186783 -0.00185622 -0.00176936 -0.00183845 -0.00172705 -0.00192869 -0.00195113 -0.00182576 -0.00186873 -0.00188366 -0.00184139 -0.00186676 -0.00189923 -0.00177557 -0.00189356 -0.0017401 -0.00178488 -0.0018463 -0.0018118 -0.00194239 -0.00184563 -0.00188704 -0.00193741 -0.00187286 -0.00182225 -0.00186155 -0.00186808 -0.00183407 
-0.00163878 -0.00177461 -0.0018362 -0.00190377 -0.00183006 -0.00191614 -0.00193298 -0.00193059 -0.00200052 -0.00181494 -0.00203025 -0.00206166 -0.00194046 -0.00221053 -0.00192255 -0.00184803 -0.00178909 -0.00154499 -0.00153511 0.00267144 0.00282712 0.00286501 0.00282954 0.141177 0.00310458 0.00290185 0.00249191 0.00232441 -0.00147073 -0.00150625 -0.00159118 -0.00171503 -0.00184519 -0.00195677 -0.00180253 -0.00185813 -0.00197329 -0.00195286 -0.00196882 -0.00190024 -0.00179441 -0.00172711 -0.00191601 -0.00189624 -0.00190972 -0.0019737 -0.00176979 -0.00183203 -0.0017934 -0.001752 -0.00167351 -0.00179334 -0.0017861 -0.00177937 -0.00178689 -0.00177426 -0.00180457 -0.00180936 -0.00169151 -0.00176579 -0.00183446 -0.00171398 -0.00165162 -0.00178217 -0.00183258 -0.00180034 -0.00175782 -0.00169654 -0.00183495 -0.00175103 -0.00175236 -0.00176223 -0.00173632 -0.00168222 -0.00178942 -0.00166487 -0.00169831 -0.00177409 -0.00179917 -0.00159909 -0.00175611 -0.00178933 -0.00172913 -0.00172313 -0.00182952 -0.00181092 -0.00189912 -0.00170868 -0.00180555 -0.00174847 -0.00174851 -0.00167582 -0.00166519 -0.00175137 -0.00176821 -0.00177184 -0.00179025 -0.00176318 -0.00167865 -0.00183509 
-0.00196447 -0.0020142 -0.00191924 -0.00201363 -0.00195098 -0.00210524 -0.00218381 -0.00212268 -0.00215703 -0.00212191 -0.0022385 -0.00229637 -0.00228472 -0.00239271 -0.00207951 -0.00213171 -0.00200976 -0.00182772 -0.00185851 0.00263177 0.00275355 0.00278522 0.00293882 0.00310458 0.146026 0.00318422 0.00277723 0.0026076 0.00247489 0.00247895 -0.00155998 -0.00168067 -0.00179093 -0.00181766 -0.00193571 -0.00190511 -0.00211362 -0.00208104 -0.0020741 -0.00202676 -0.0020115 -0.00201705 -0.00210344 -0.00213883 -0.001987 -0.00198952 -0.00197113 -0.00185504 -0.00191914 -0.00192536 -0.00190849 -0.00193639 -0.0018262 -0.00182403 -0.00195169 -0.00195676 -0.00188053 -0.00195178 -0.00199339 -0.00197726 -0.00188522 -0.00186402 -0.00184576 -0.0017978 -0.00196763 -0.0019142 -0.00187586 -0.00193173 -0.0020155 -0.00195163 -0.00183399 -0.00196006 -0.00190941 -0.00185026 -0.00186673 -0.0018067 -0.00179265 -0.0019312 -0.00188908 -0.00185515 -0.00197958 -0.0019509 -0.0019933 -0.00195399 -0.00194454 -0.00195208 -0.00188123 -0.00176152 -0.00183089 -0.00192505 -0.00187386 -0.00186916 -0.00181473 -0.00198457 -0.00183157 -0.00189633 -0.00190766 -0.00195477 -0.00200931 -0.00192084 
-0.00179915 -0.00184436 -0.00203831 -0.00194083 -0.00195387 -0.00204936 -0.00208918 -0.00209936 -0.00222876 -0.00213303 -0.00226439 -0.0022966 -0.00214591 -0.00233324 -0.00212154 -0.00212457 -0.00205217 -0.00183611 -0.00197517 -0.00169136 0.00260388 0.00257008 0.00287519 0.00290185 0.00318422 0.144124 0.00284326 0.00265645 0.00263101 0.00252312 0.00244364 -0.00151632 -0.00168842 -0.00169 -0.00182779 -0.00179405 -0.00195571 -0.00204608 -0.00207737 -0.00201832 -0.00192524 -0.00191613 -0.00205272 -0.00200325 -0.00200967 -0.0019677 -0.0019315 -0.00197312 -0.00197399 -0.00183314 -0.00180002 -0.00191442 -0.00173383 -0.00185333 -0.00191589 -0.00192863 -0.00192649 -0.0018816 -0.00189812 -0.0018148 -0.00185947 -0.00182393 -0.00182706 -0.00185397 -0.00194093 -0.00186865 -0.00198631 -0.00182519 -0.00193119 -0.00193962 -0.00181854 -0.00188143 -0.00185387 -0.00183239 -0.00177699 -0.00186385 -0.00189554 -0.00193375 -0.00190868 -0.00195764 -0.00192475 -0.00190845 -0.00185179 -0.00194226 -0.00192884 -0.00187329 -0.00195073 -0.00180107 -0.00178949 -0.00192153 -0.00195158 -0.00188956 -0.00198109 -0.00191131 -0.00189525 -0.00188505 -0.00185144 -0.00191021 -0.00189237 -0.00183298 
-0.00179844 -0.00191165 -0.00169599 -0.00185313 -0.00183941 -0.00199183 -0.0019621 -0.00205681 -0.00204107 -0.00184993 -0.00197722 -0.00207098 -0.00198143 -0.00217585 -0.00207723 -0.00207388 -0.00224781 -0.0019733 -0.00197542 -0.00178234 -0.00162353 -0.00161246 0.00235761 0.00249191 0.00277723 0.00284326 0.138684 0.00277121 0.00261211 0.00250424 0.00244685 0.00235362 -0.00131338 -0.00144935 -0.00173113 -0.00161403 -0.00181905 -0.00185546 -0.00195281 -0.00190815 -0.00174399 -0.00174177 -0.00197364 -0.00179 -0.00192375 -0.00195167 -0.00185701 -0.00185389 -0.00178019 -0.00177461 -0.00175473 -0.00183347 -0.00175792 -0.00179649 -0.00172654 -0.00176047 -0.00189076 -0.00173686 -0.00170808 -0.00182226 -0.00177265 -0.00170392 -0.00164743 -0.00171561 -0.00176028 -0.00172083 -0.0017749 -0.00173306 -0.00180539 -0.00178796 -0.00169303 -0.00178863 -0.00181241 -0.00174963 -0.00167141 -0.00165812 -0.00159651 -0.00168816 -0.00179674 -0.00172214 -0.00178051 -0.00171844 -0.00171427 -0.00191728 -0.00181218 -0.0018307 -0.00176173 -0.00158566 -0.00167767 -0.00171872 -0.00183912 -0.00166312 -0.0016413 -0.0017325 -0.00170703 -0.00173097 -0.00181365 -0.00169257 -0.00177604 -0.00173672 
-0.00178855 -0.00179295 -0.00180968 -0.00180508 -0.00178967 -0.00197415 -0.00191691 -0.00185047 -0.00191628 -0.00197368 -0.00197187 -0.002036 -0.00199553 -0.00225384 -0.00205117 -0.00204698 -0.00217046 -0.00224921 -0.0020419 -0.00189281 -0.00166733 -0.00172792 -0.00157374 0.00232441 0.0026076 0.00265645 0.00277121 0.136978 0.0026774 0.00268423 0.00252354 0.0024797 0.00221226 -0.00129112 -0.00151005 -0.00153268 -0.00166705 -0.0016352 -0.00178298 -0.00182686 -0.00178299 -0.00182814 -0.00187798 -0.00180018 -0.00181836 -0.00178469 -0.00181121 -0.00186172 -0.00175987 -0.00169892 -0.00176492 -0.00176506 -0.00172486 -0.00166629 -0.00172879 -0.00175052 -0.0017297 -0.00172567 -0.00177326 -0.00178141 -0.00178846 -0.0016356 -0.00169775 -0.00165234 -0.00175346 -0.00176892 -0.00178555 -0.00177122 -0.0018879 -0.00178282 -0.00171325 -0.00181407 -0.00167715 -0.00170395 -0.00163652 -0.00166346 -0.0015771 -0.00174809 -0.00177987 -0.00175065 -0.00178028 -0.00167389 -0.00166832 -0.00177546 -0.00181476 -0.00177979 -0.00168016 -0.00166348 -0.00162026 -0.00171237 -0.00170314 -0.00171377 -0.00167439 -0.00169261 -0.00182074 -0.00168197 -0.00170555 -0.00169878 -0.00181149 -0.00167903 
-0.00173986 -0.00172164 -0.00179376 -0.00179786 -0.00177839 -0.00183551 -0.00189934 -0.00195142 -0.00195595 -0.00180968 -0.002106 -0.0019587 -0.0020431 -0.00206177 -0.00208124 -0.00207527 -0.00218488 -0.00214049 -0.00211852 -0.00208583 -0.00176691 -0.00174246 -0.0017433 -0.00147073 0.00247489 0.00263101 0.00261211 0.0026774 0.135204 0.00266583 0.00264139 0.0026641 0.00244944 0.00222998 -0.00134129 -0.0014086 -0.0014529 -0.00158877 -0.00169783 -0.00182182 -0.00176897 -0.00178918 -0.0017491 -0.00179442 -0.00181476 -0.00187861 -0.00172973 -0.0017709 -0.00181445 -0.00172003 -0.00164631 -0.00174592 -0.00172889 -0.00177406 -0.00176493 -0.00174805 -0.00169265 -0.00177656 -0.00173237 -0.00178242 -0.00168616 -0.00175381 -0.00171036 -0.00156756 -0.00169446 -0.00166973 -0.00173204 -0.00164583 -0.00181549 -0.00171924 -0.00173711 -0.00163961 -0.00175935 -0.00168025 -0.00165343 -0.00161016 -0.00161303 -0.00171772 -0.00186229 -0.00169141 -0.0017844 -0.00173765 -0.00169532 -0.00171451 -0.00177315 -0.00171615 -0.0016463 -0.00167597 -0.00164246 -0.00159637 -0.00176344 -0.00169631 -0.00167638 -0.00164886 -0.00168098 -0.0016731 -0.00163942 -0.00173951 -0.0017131 -0.00168141 
-0.00167302 -0.00170532 -0.00179423 -0.00162889 -0.00176655 -0.0017698 -0.00190443 -0.00196978 -0.00191401 -0.00187593 -0.00197267 -0.00199483 -0.0019436 -0.00201215 -0.00200313 -0.00207173 -0.0020805 -0.00208033 -0.00216857 -0.00206327 -0.00186748 -0.00183838 -0.00161892 -0.00150625 0.00247895 0.00252312 0.00250424 0.00268423 0.00266583 0.133635 0.00248686 0.00245606 0.00239452 0.00213506 -0.00128193 -0.00136781 -0.0015381 -0.00157293 -0.00161836 -0.0017253 -0.00174346 -0.00177657 -0.00180884 -0.00175444 -0.00176753 -0.0018176 -0.00170553 -0.00175384 -0.00170785 -0.00169904 -0.00165474 -0.00161137 -0.00170686 -0.00171393 -0.0016357 -0.00173928 -0.0017502 -0.00177781 -0.00174579 -0.00175739 -0.0016955 -0.00165112 -0.00162994 -0.00156805 -0.00166004 -0.00162075 -0.0016539 -0.00168097 -0.00169369 -0.00167069 -0.00169383 -0.00164627 -0.00172856 -0.00170525 -0.0016097 -0.00167093 -0.0016483 -0.0017125 -0.00169451 -0.00176392 -0.00170688 -0.00170506 -0.00171622 -0.00170652 -0.00176243 -0.00162816 -0.00167188 -0.00163013 -0.00162364 -0.00171554 -0.00159939 -0.00160784 -0.00173729 -0.00182431 -0.00167695 -0.00172368 -0.00169232 -0.001672 -0.00165158 -0.00155753 
-0.00178263 -0.00176732 -0.00174333 -0.00173676 -0.0017724 -0.00196568 -0.00192418 -0.00193592 -0.00202494 -0.00190246 -0.00199085 -0.00211048 -0.0020668 -0.00217853 -0.00207323 -0.00213763 -0.00227001 -0.00203578 -0.00215497 -0.00222332 -0.00197375 -0.00205128 -0.00188663 -0.00159118 -0.00155998 0.00244364 0.00244685 0.00252354 0.00264139 0.00248686 0.134727 0.00271147 0.00251433 0.00238829 0.00218133 0.00214237 -0.00127939 -0.0013622 -0.00151877 -0.00163432 -0.00172432 -0.0017439 -0.00184381 -0.00181543 -0.00189756 -0.00171304 -0.00169746 -0.0017131 -0.00181641 -0.00166913 -0.00168487 -0.00172076 -0.00168801 -0.00172321 -0.0016925 -0.00174123 -0.00169445 -0.00171372 -0.00177194 -0.00177087 -0.00175295 -0.00179952 -0.00168184 -0.00160058 -0.00178428 -0.0017504 -0.00178007 -0.00165349 -0.00176904 -0.00181413 -0.00180352 -0.00174029 -0.00173804 -0.0017947 -0.00171213 -0.00169977 -0.00172163 -0.00177805 -0.00178251 -0.00173084 -0.00171105 -0.00174086 -0.00183895 -0.00171605 -0.0017465 -0.00179165 -0.0017533 -0.00171179 -0.00168258 -0.00169004 -0.00167887 -0.00183134 -0.00174309 -0.00177263 -0.00163994 -0.00176394 -0.0017711 -0.00173666 -0.0017993 -0.00170942 
-0.00172287 -0.00176915 -0.00172737 -0.001719 -0.00171463 -0.00193873 -0.00191052 -0.0019188 -0.00184266 -0.0018597 -0.00199412 -0.0021188 -0.00190737 -0.0020758 -0.00199146 -0.00207451 -0.00208885 -0.00211853 -0.00201029 -0.00226316 -0.00203125 -0.0020854 -0.00198226 -0.00171503 -0.00168067 -0.00151632 0.00235362 0.0024797 0.0026641 0.00245606 0.00271147 0.132746 0.00257222 0.00246252 0.0022353 0.00225886 0.00203245 -0.00130219 -0.00147998 -0.00154591 -0.00165713 -0.00166965 -0.00178275 -0.00172612 -0.0017835 -0.00184374 -0.00169691 -0.00169736 -0.00175083 -0.00180189 -0.00165509 -0.00164534 -0.00168124 -0.00175975 -0.00175405 -0.00168662 -0.0017636 -0.00173478 -0.00166915 -0.00170157 -0.00171669 -0.00175213 -0.00163475 -0.00165987 -0.00177515 -0.00165166 -0.00173487 -0.00167803 -0.00176878 -0.00169389 -0.00178189 -0.00174014 -0.0017273 -0.00176246 -0.00168676 -0.00160892 -0.00151698 -0.00174814 -0.00176059 -0.00179775 -0.00173724 -0.00176906 -0.00172796 -0.00176182 -0.00174839 -0.00176937 -0.00165657 -0.00160126 -0.00161837 -0.00175064 -0.00166861 -0.00169817 -0.0017609 -0.00169997 -0.00174551 -0.00174924 -0.00174491 -0.00170588 -0.00163665 -0.00165908 
-0.00165899 -0.00169571 -0.00174783 -0.00177111 -0.00173837 -0.00186934 -0.00186769 -0.00190106 -0.00190904 -0.00185366 -0.0020587 -0.00204217 -0.00193272 -0.00208342 -0.00208915 -0.00211038 -0.0021391 -0.00213187 -0.00207134 -0.00215262 -0.00204188 -0.00204505 -0.00209907 -0.00184519 -0.00179093 -0.00168842 -0.00131338 0.00221226 0.00244944 0.00239452 0.00251433 0.00257222 0.131422 0.0025828 0.00232578 0.00232254 0.00219949 0.00214308 -0.00132249 -0.00136929 -0.00153192 -0.00149907 -0.00166151 -0.00167491 -0.00173625 -0.00173776 -0.00176805 -0.00172512 -0.00172626 -0.0017239 -0.00174066 -0.00160755 -0.00167208 -0.00169904 -0.00173779 -0.00164382 -0.00170982 -0.00166505 -0.0016905 -0.00164366 -0.00174988 -0.00170958 -0.00157972 -0.00159574 -0.00164149 -0.00164872 -0.00176053 -0.00165967 -0.00167181 -0.00169103 -0.00168306 -0.00168313 -0.00156637 -0.00156538 -0.00163563 -0.00166374 -0.0016587 -0.00162872 -0.00172067 -0.00162585 -0.00167046 -0.00168771 -0.00167245 -0.00174024 -0.001762 -0.00169057 -0.00169813 -0.00163805 -0.00168046 -0.00167971 -0.00167821 -0.00181736 -0.00167897 -0.00175289 -0.00177379 -0.00166342 -0.00172425 -0.0017323 -0.00166687 -0.00165676 
