0.122889 0.00226468 0.00209278 0.00211316 0.00193058 0.00191503 -0.00122052 -0.00130056 -0.00137892 -0.00146897 -0.00165427 -0.00176238 -0.00171453 -0.00184962 -0.00185895 -0.00174797 -0.00189315 -0.00194297 -0.00188123 -0.00205504 -0.00183498 -0.00203844 -0.0019698 -0.00187401 -0.00203099 -0.00192079 -0.00181103 -0.00180426 -0.00167243 -0.00176075 -0.00170317 -0.00179698 -0.00175927 -0.00170086 -0.00163031 -0.00153064 -0.00158689 -0.00161808 -0.00168912 -0.00165125 -0.00156651 -0.00155793 -0.00168925 -0.00166054 -0.0015715 -0.00160671 -0.00157946 -0.00157625 -0.00139408 -0.00145619 -0.00158225 -0.00152668 -0.00149455 -0.00153212 -0.00150931 -0.00153653 -0.00154195 -0.00143871 -0.0015561 -0.00151064 -0.0014554 -0.00147668 -0.00139314 -0.00148075 -0.00144943 -0.00148962 -0.00144322 -0.00146566 -0.00145696 -0.0015183 -0.00139447 -0.00146187 -0.00137508 -0.00137637 -0.00140807 -0.00146055 -0.00139372 -0.00147472 -0.00154859 -0.00154014 -0.001573 -0.00149893 -0.00149229 -0.00143174 -0.00138909 -0.00149288 -0.00144 -0.00143311 -0.00139193 -0.00146586 -0.00146507 -0.00134532 -0.00125461 -0.00130229 -0.00118796 -0.00111045 0.00197447 0.00202775 0.00206723 0.00206264 
0.00226468 0.123551 0.00224668 0.00222238 0.0020828 0.00209479 0.00207611 -0.00120015 -0.00125047 -0.00133876 -0.0015412 -0.00172866 -0.00174142 -0.00188808 -0.00180044 -0.00174804 -0.00190755 -0.00184618 -0.00190473 -0.00215674 -0.00197256 -0.00192695 -0.00197311 -0.00181421 -0.00189997 -0.00184838 -0.00178137 -0.00179415 -0.00170649 -0.00174442 -0.00170286 -0.00178998 -0.00163237 -0.00172161 -0.00155778 -0.00157937 -0.00153045 -0.00166261 -0.00168939 -0.00166156 -0.00156896 -0.00150941 -0.00154985 -0.00168467 -0.00161142 -0.00166901 -0.00154363 -0.00152195 -0.00153136 -0.00153965 -0.00145594 -0.00150631 -0.00157244 -0.00154573 -0.00151804 -0.00144477 -0.0015567 -0.00150619 -0.00145572 -0.00140095 -0.00155349 -0.0015773 -0.00137082 -0.00149444 -0.00150223 -0.0015399 -0.00150726 -0.00158945 -0.00149614 -0.00158824 -0.00152451 -0.00157632 -0.00149554 -0.00157708 -0.00144641 -0.00148863 -0.00134416 -0.00150859 -0.00151112 -0.00151161 -0.00151603 -0.00158988 -0.00154202 -0.00152994 -0.00146226 -0.00152558 -0.00153541 -0.00140956 -0.00142858 -0.00147869 -0.00139136 -0.00143789 -0.00144414 -0.0013827 -0.00129968 -0.00116426 -0.00119057 0.00179286 0.00199208 0.00194352 
0.00209278 0.00224668 0.12357 0.00224457 0.00217445 0.00220165 0.00215027 0.00194239 -0.00121 -0.00133576 -0.00143515 -0.00156019 -0.00155689 -0.00184863 -0.00173948 -0.00191511 -0.00189576 -0.00183482 -0.00194118 -0.00212723 -0.00184884 -0.00202437 -0.0019386 -0.00184398 -0.00201578 -0.00193696 -0.00175722 -0.00182414 -0.00169048 -0.00169447 -0.00180365 -0.00166521 -0.00164155 -0.00168344 -0.00156401 -0.00157236 -0.00161889 -0.00169577 -0.00165987 -0.00164133 -0.00156452 -0.00148504 -0.00159006 -0.00162412 -0.00158786 -0.00156267 -0.00153171 -0.00152025 -0.00151917 -0.00152427 -0.00152684 -0.00157777 -0.00159595 -0.00155625 -0.00149416 -0.00151074 -0.00155066 -0.00151143 -0.0014769 -0.00152756 -0.00156475 -0.00153734 -0.00147876 -0.00139211 -0.00159364 -0.00155949 -0.00148809 -0.00145284 -0.00157742 -0.00154466 -0.00144081 -0.00159603 -0.0015613 -0.00151485 -0.0013839 -0.00144919 -0.00138178 -0.00153948 -0.00138345 -0.00146794 -0.00154067 -0.001499 -0.00152441 -0.00148904 -0.00149076 -0.00146316 -0.0014696 -0.00147461 -0.00143993 -0.00150291 -0.00152496 -0.00160276 -0.00156998 -0.00143728 -0.00142442 -0.00142767 -0.00121026 -0.00120799 0.00195152 0.00199174 
0.00211316 0.00222238 0.00224457 0.124384 0.00221767 0.00220582 0.00231811 0.00209462 0.00199074 -0.00107178 -0.00137848 -0.00140363 -0.0015457 -0.00177609 -0.00180254 -0.00179052 -0.00194175 -0.00194277 -0.00188485 -0.00204794 -0.00202006 -0.00195822 -0.00195422 -0.00175107 -0.00198595 -0.00206134 -0.00180848 -0.00167871 -0.00168253 -0.00171803 -0.00180693 -0.00176084 -0.00172142 -0.00166539 -0.00155318 -0.00166714 -0.00164629 -0.00149877 -0.0016237 -0.00167824 -0.00154005 -0.00161602 -0.00160058 -0.00156891 -0.00164167 -0.00166775 -0.00153212 -0.00150714 -0.00160379 -0.00150973 -0.00153392 -0.00155707 -0.00148475 -0.00152875 -0.00151307 -0.00157059 -0.0014719 -0.00161466 -0.00158073 -0.00155693 -0.00154097 -0.00159879 -0.00150078 -0.00152085 -0.00153803 -0.0015707 -0.00155361 -0.00156071 -0.00151652 -0.00150063 -0.00151139 -0.00151627 -0.00151359 -0.00152617 -0.00144672 -0.00148956 -0.00146995 -0.00157834 -0.00157825 -0.00145937 -0.0014639 -0.00160471 -0.00158094 -0.00157703 -0.00154954 -0.00150664 -0.00151649 -0.00154059 -0.00144673 -0.00151153 -0.001569 -0.00151771 -0.00152315 -0.00152782 -0.00146626 -0.00143665 -0.00132365 -0.00125734 -0.00120895 0.00185503 
0.00193058 0.0020828 0.00217445 0.00221767 0.124931 0.00237679 0.00233324 0.00219164 0.00215816 0.00203988 -0.00130453 -0.00146268 -0.00139755 -0.00171083 -0.0018489 -0.00190965 -0.00203218 -0.00192311 -0.00196023 -0.00202297 -0.00194642 -0.00205415 -0.00188147 -0.00183132 -0.00203547 -0.00192878 -0.00185307 -0.00181088 -0.00179295 -0.00175249 -0.00181418 -0.0017103 -0.00170268 -0.00172734 -0.00166568 -0.00155733 -0.0016768 -0.00154437 -0.00172363 -0.00168695 -0.0016075 -0.00152448 -0.00162004 -0.001692 -0.0015227 -0.00164172 -0.00161236 -0.00166446 -0.00146925 -0.00161982 -0.00151734 -0.00160198 -0.00144488 -0.00145259 -0.00155465 -0.00154222 -0.00153612 -0.00156439 -0.0014789 -0.00152512 -0.00153964 -0.00147148 -0.00150909 -0.00156858 -0.00151076 -0.00148478 -0.00149614 -0.00155322 -0.0015055 -0.00151019 -0.00151906 -0.0015251 -0.00161004 -0.00161895 -0.00155204 -0.00145339 -0.00152288 -0.00146958 -0.00146268 -0.001497 -0.00154544 -0.00165296 -0.00162934 -0.00162531 -0.00156231 -0.0014819 -0.00150418 -0.00141043 -0.00147402 -0.00148201 -0.00147165 -0.001566 -0.00159565 -0.00148104 -0.00149142 -0.00145258 -0.00140357 -0.00138518 -0.00125621 -0.0011231 
0.00191503 0.00209479 0.00220165 0.00220582 0.00237679 0.128175 0.00253551 0.00231667 0.00230842 0.00216041 0.00212281 -0.00134129 -0.00142925 -0.00167839 -0.00174073 -0.0018017 -0.00208123 -0.00203506 -0.0021013 -0.00211411 -0.00205971 -0.00208682 -0.00204255 -0.00187782 -0.00205408 -0.00205878 -0.00199266 -0.0018343 -0.00185287 -0.00176463 -0.00179996 -0.0019329 -0.00182666 -0.00183701 -0.00168538 -0.00168834 -0.00178882 -0.00175427 -0.00179344 -0.00176639 -0.00157887 -0.00167883 -0.00175315 -0.00178754 -0.00181055 -0.00164089 -0.00168159 -0.00164444 -0.00167608 -0.00164837 -0.00159229 -0.00163648 -0.0016626 -0.00161949 -0.0016289 -0.00160323 -0.00160312 -0.00173504 -0.00170721 -0.00171839 -0.00153387 -0.00167039 -0.00159967 -0.00151125 -0.00160637 -0.00166144 -0.00154568 -0.00164072 -0.00165307 -0.00157866 -0.00163232 -0.00168452 -0.00161194 -0.00158224 -0.00156893 -0.00151054 -0.00149931 -0.00154382 -0.00155262 -0.00163932 -0.0016642 -0.00157256 -0.00166602 -0.00157147 -0.00157733 -0.00162407 -0.00159222 -0.00142231 -0.00155504 -0.00158684 -0.00168897 -0.00165888 -0.00161035 -0.00168149 -0.00170545 -0.00164086 -0.00149836 -0.00147459 -0.00140455 -0.00116322 
-0.00122052 0.00207611 0.00215027 0.00231811 0.00233324 0.00253551 0.129131 0.00246652 0.00248951 0.00234973 0.00214877 0.00221463 -0.00133182 -0.00159883 -0.00178783 -0.00169023 -0.00195522 -0.00206883 -0.00206108 -0.00214002 -0.00210819 -0.00213872 -0.00223415 -0.00187129 -0.00213962 -0.00201801 -0.00188575 -0.00195504 -0.00190916 -0.00191202 -0.00183525 -0.00194592 -0.00183541 -0.00181301 -0.00166839 -0.00167504 -0.00177514 -0.00185872 -0.00173557 -0.0017536 -0.001751 -0.00174688 -0.00178352 -0.00177326 -0.00169601 -0.00170294 -0.00163759 -0.00165299 -0.00170477 -0.0016807 -0.00166825 -0.001563 -0.00163556 -0.00166948 -0.00159745 -0.00155898 -0.00165266 -0.00165167 -0.00163347 -0.00155874 -0.00169009 -0.00169532 -0.00157704 -0.00153092 -0.00168188 -0.00169595 -0.00168674 -0.00159037 -0.00167395 -0.00170229 -0.00165821 -0.00166688 -0.00166516 -0.00167293 -0.0016061 -0.0015625 -0.00147604 -0.00168631 -0.00163272 -0.00163696 -0.001663 -0.00167674 -0.00172519 -0.00170241 -0.00169227 -0.00168295 -0.00160827 -0.00161388 -0.00156408 -0.0016069 -0.00156046 -0.00166039 -0.00158019 -0.00155818 -0.00162125 -0.00169171 -0.00164824 -0.00156222 -0.00148748 -0.00127828 
-0.00130056 -0.00120015 0.00194239 0.00209462 0.00219164 0.00231667 0.00246652 0.130409 0.00260597 0.00256868 0.00230937 0.00238948 0.00224499 -0.00133018 -0.00152883 -0.00162707 -0.00186699 -0.00205028 -0.00210086 -0.00220862 -0.00208309 -0.00216985 -0.00208945 -0.0018896 -0.00209879 -0.00212284 -0.00194402 -0.00198583 -0.00191966 -0.00197477 -0.00195336 -0.00186059 -0.00190307 -0.00192653 -0.00177874 -0.00182042 -0.00180267 -0.00181584 -0.00178108 -0.00188598 -0.00170503 -0.00171422 -0.00168412 -0.00176952 -0.00178483 -0.00177895 -0.00166189 -0.00168175 -0.00175314 -0.00173631 -0.00173901 -0.00171186 -0.00172929 -0.00171396 -0.00175304 -0.00169539 -0.00174548 -0.0016783 -0.00162515 -0.00163291 -0.00174747 -0.00157485 -0.00154962 -0.0015686 -0.00166895 -0.00159404 -0.00162869 -0.00154243 -0.00173302 -0.00162017 -0.00160498 -0.0016488 -0.00168559 -0.00168663 -0.00160238 -0.00161046 -0.00150847 -0.00160732 -0.00160836 -0.00165549 -0.00161621 -0.00168051 -0.00172552 -0.0017268 -0.00163571 -0.00164225 -0.00167658 -0.0015638 -0.00146137 -0.00165599 -0.00173828 -0.00173209 -0.00169502 -0.00165376 -0.00165458 -0.00171246 -0.00158312 -0.00169545 -0.001546 -0.00138405 
-0.00137892 -0.00125047 -0.00121 0.00199074 0.00215816 0.00230842 0.00248951 0.00260597 0.131722 0.0026358 0.00260504 0.00245047 0.00246598 0.00227278 -0.00162815 -0.00153334 -0.00180396 -0.00198492 -0.00193678 -0.00217028 -0.00211622 -0.00211643 -0.00205243 -0.00200749 -0.00220895 -0.00205852 -0.00197334 -0.00198377 -0.00197805 -0.00192427 -0.0019619 -0.00191382 -0.00188361 -0.00179541 -0.00188511 -0.00174359 -0.00184176 -0.00187877 -0.00182392 -0.001764 -0.00165263 -0.00171353 -0.00182184 -0.00180973 -0.0017816 -0.00177038 -0.00164152 -0.00171993 -0.00183989 -0.00174598 -0.00174389 -0.0018306 -0.00178656 -0.00167802 -0.0016821 -0.0016745 -0.00178882 -0.00169284 -0.00166006 -0.00167474 -0.00179018 -0.00174249 -0.00159166 -0.00159121 -0.00173541 -0.00170392 -0.00173237 -0.00171517 -0.00169059 -0.0016358 -0.00176921 -0.00177179 -0.00168757 -0.00169095 -0.00157755 -0.00159623 -0.00160893 -0.00166452 -0.00167173 -0.00170075 -0.00174675 -0.00164223 -0.00170667 -0.0016655 -0.00167261 -0.00175749 -0.00164978 -0.00156307 -0.00155135 -0.00165474 -0.00169456 -0.00168421 -0.001789 -0.00165577 -0.00170795 -0.00172822 -0.00175917 -0.00168128 -0.0016237 -0.00158573 
-0.00146897 -0.00133876 -0.00133576 -0.00107178 0.00203988 0.00216041 0.00234973 0.00256868 0.0026358 0.130043 0.00250038 0.00245658 0.00246741 0.00224482 -0.00146557 -0.0014133 -0.00168681 -0.00183792 -0.00187276 -0.00207941 -0.0020182 -0.00192238 -0.00211825 -0.00193225 -0.00213735 -0.00206231 -0.00192932 -0.00188572 -0.00192409 -0.00177114 -0.00187395 -0.00183073 -0.00190591 -0.00171522 -0.00177012 -0.00169485 -0.00170543 -0.00178584 -0.00178746 -0.00174748 -0.00169577 -0.00174962 -0.00171704 -0.00177137 -0.00178592 -0.00176927 -0.00161834 -0.00173244 -0.00167771 -0.00161814 -0.00163925 -0.00160045 -0.00160043 -0.00164472 -0.00159822 -0.00164903 -0.00166843 -0.00160172 -0.0016201 -0.00156173 -0.00161654 -0.00157699 -0.00155757 -0.0015984 -0.00159093 -0.00163762 -0.00171033 -0.00165238 -0.0016392 -0.00167396 -0.00165166 -0.00157014 -0.00169153 -0.00159217 -0.00159889 -0.00161641 -0.00161023 -0.00173313 -0.00164017 -0.00163577 -0.00157381 -0.00166892 -0.00161932 -0.00165317 -0.00167172 -0.00163938 -0.00163541 -0.00148795 -0.00155935 -0.0016404 -0.00156142 -0.00159794 -0.00162761 -0.00163865 -0.0016844 -0.00170445 -0.0016601 -0.00165401 -0.0016792 -0.00150636 
-0.00165427 -0.0015412 -0.00143515 -0.00137848 -0.00130453 0.00212281 0.00214877 0.00230937 0.00260504 0.00250038 0.134833 0.00287653 0.00262591 0.00253652 0.00237559 0.00238381 -0.00160192 -0.00178065 -0.00187557 -0.00203655 -0.00215095 -0.0021828 -0.00212753 -0.00203997 -0.002364 -0.00223647 -0.00199615 -0.00202292 -0.00208224 -0.0020733 -0.00202127 -0.0020697 -0.00197935 -0.00198413 -0.00180322 -0.00186134 -0.00189373 -0.00189182 -0.00176131 -0.00194578 -0.0018027 -0.001757 -0.00181822 -0.00186599 -0.00184703 -0.00174762 -0.00172434 -0.00172382 -0.00185537 -0.00174389 -0.00177899 -0.00167777 -0.0018303 -0.00177579 -0.0017765 -0.00177478 -0.00176288 -0.0016797 -0.0017366 -0.00165859 -0.00178338 -0.00169076 -0.00170233 -0.00165871 -0.00177009 -0.00171319 -0.00170868 -0.00173451 -0.00176501 -0.00178324 -0.00165557 -0.00176115 -0.00165959 -0.00176424 -0.00160845 -0.00167389 -0.00164638 -0.00172437 -0.00171275 -0.0017382 -0.00174677 -0.0017435 -0.00181038 -0.00179022 -0.00174556 -0.00165978 -0.00168947 -0.00168721 -0.00167111 -0.00169774 -0.00170156 -0.00184421 -0.00175623 -0.00180021 -0.00176484 -0.00174107 -0.00178094 -0.00172403 -0.0016846 -0.00158961 
-0.00176238 -0.00172866 -0.00156019 -0.00140363 -0.00146268 -0.00134129 0.00221463 0.00238948 0.00245047 0.00245658 0.00287653 0.136948 0.00271666 0.00281981 0.00245411 0.00266133 0.00247809 -0.0016498 -0.00170361 -0.0019212 -0.00206683 -0.0020906 -0.00226066 -0.00212073 -0.00236447 -0.00227931 -0.00215891 -0.00211968 -0.00205461 -0.00208686 -0.00203638 -0.00208326 -0.00194103 -0.00202663 -0.00185284 -0.00182657 -0.00192174 -0.00196574 -0.00191968 -0.00190924 -0.00184353 -0.00183337 -0.00192515 -0.0018682 -0.00186534 -0.00191378 -0.00184792 -0.00185629 -0.00185114 -0.00181207 -0.00180969 -0.00179946 -0.00181068 -0.00173433 -0.00174707 -0.00180099 -0.00176427 -0.00173763 -0.00182103 -0.00173297 -0.00177962 -0.00170713 -0.00175592 -0.00173168 -0.00181294 -0.00175329 -0.00182005 -0.0018139 -0.00188123 -0.00177903 -0.00177547 -0.00174454 -0.00175113 -0.00173289 -0.00164424 -0.00166404 -0.00166026 -0.00173222 -0.00173565 -0.00171642 -0.00175133 -0.00185855 -0.00171868 -0.00181385 -0.0017759 -0.0018031 -0.00178756 -0.001712 -0.00174105 -0.0016967 -0.00172759 -0.00181345 -0.00179123 -0.00187531 -0.00181677 -0.00179503 -0.0016889 -0.00178464 -0.00180132 -0.0017273 
-0.00171453 -0.00174142 -0.00155689 -0.0015457 -0.00139755 -0.00142925 -0.00133182 0.00224499 0.00246598 0.00246741 0.00262591 0.00271666 0.135486 0.00271793 0.0025569 0.00255353 0.00241512 -0.00160185 -0.0016451 -0.00179039 -0.00205308 -0.00193964 -0.00197452 -0.00204564 -0.00225301 -0.00215783 -0.00202918 -0.00209405 -0.00197405 -0.00195431 -0.00191333 -0.00194417 -0.00197943 -0.00193079 -0.00184491 -0.00183417 -0.00181688 -0.00189647 -0.00185749 -0.00181815 -0.00174226 -0.00186795 -0.0018062 -0.00177248 -0.00174788 -0.00182541 -0.00168271 -0.00167987 -0.00181439 -0.00160975 -0.00170837 -0.00175995 -0.00168108 -0.00167302 -0.00175639 -0.00176037 -0.00166496 -0.00166744 -0.00173806 -0.00172105 -0.00171832 -0.00171538 -0.00167564 -0.00161958 -0.0016556 -0.00165883 -0.00179009 -0.00169681 -0.00168042 -0.00169278 -0.00169794 -0.00165389 -0.00171586 -0.00170908 -0.00162236 -0.00166256 -0.00164359 -0.00170506 -0.00178601 -0.00171862 -0.00173845 -0.00178184 -0.00174313 -0.00171839 -0.00175863 -0.00177135 -0.0018201 -0.00167407 -0.00166812 -0.00176597 -0.00178611 -0.00173607 -0.00167866 -0.00174563 -0.00178517 -0.00169412 -0.00168352 -0.0017793 -0.00174612 -0.00161224 
-0.00184962 -0.00188808 -0.00184863 -0.00177609 -0.00171083 -0.00167839 -0.00159883 -0.00133018 0.00227278 0.00224482 0.00253652 0.00281981 0.00271793 0.140662 0.00287021 0.00291709 0.00282262 0.00245388 0.00249307 -0.0016903 -0.00189856 -0.00189358 -0.00196076 -0.00217812 -0.00239467 -0.00226906 -0.00220107 -0.00222791 -0.00213013 -0.00210516 -0.00210941 -0.00209766 -0.00212233 -0.00202047 -0.00198996 -0.00194448 -0.00195552 -0.00198878 -0.00202112 -0.00197192 -0.00185777 -0.00182498 -0.0019078 -0.00201621 -0.00206502 -0.00202359 -0.00186048 -0.00194113 -0.00186139 -0.00179323 -0.00173158 -0.00184465 -0.00183761 -0.0017356 -0.00180168 -0.00177642 -0.00172424 -0.00180617 -0.00176634 -0.0019078 -0.00183548 -0.00189375 -0.0017104 -0.00175169 -0.00184971 -0.00184866 -0.00197204 -0.00182935 -0.00182816 -0.0017551 -0.00179729 -0.00181969 -0.00181565 -0.00184019 -0.00169978 -0.00174206 -0.0017619 -0.00178794 -0.0018703 -0.00178146 -0.00184539 -0.00181006 -0.00181535 -0.00174841 -0.00184648 -0.00179029 -0.00184452 -0.00177561 -0.00181105 -0.00186286 -0.00187161 -0.00183188 -0.00187825 -0.00192949 -0.00193117 -0.00180488 -0.00183294 -0.00185004 -0.00181218 -0.00179191 
-0.00185895 -0.00180044 -0.00173948 -0.00180254 -0.0018489 -0.00174073 -0.00178783 -0.00152883 -0.00162815 -0.00146557 0.00237559 0.00245411 0.0025569 0.00287021 0.139858 0.00300796 0.00297434 0.00270859 0.00274161 0.00265618 -0.00164234 -0.00161089 -0.00175839 -0.00205998 -0.00219393 -0.00223978 -0.00217275 -0.00210628 -0.00211978 -0.00204029 -0.0020546 -0.00209095 -0.00199646 -0.0020471 -0.00184342 -0.0019214 -0.00191531 -0.00195744 -0.001855 -0.00195852 -0.00188974 -0.0018165 -0.00186807 -0.0018794 -0.00178599 -0.00183426 -0.00179691 -0.00178944 -0.00178607 -0.00185965 -0.00175628 -0.00183003 -0.00185221 -0.00177955 -0.00190289 -0.00173252 -0.00178644 -0.00178806 -0.00190665 -0.00178389 -0.00174672 -0.00180082 -0.00172052 -0.00178004 -0.00180016 -0.00175377 -0.00177479 -0.00179208 -0.00175908 -0.00182576 -0.00170095 -0.00184041 -0.00172562 -0.00174351 -0.00169409 -0.00175488 -0.0017237 -0.00174997 -0.0018265 -0.00176471 -0.0018022 -0.00179621 -0.00173006 -0.00180238 -0.00176451 -0.00187684 -0.00183795 -0.00177824 -0.00173733 -0.00179943 -0.00176156 -0.00185011 -0.00175128 -0.0017546 -0.00173608 -0.00173065 -0.00175901 -0.00190255 -0.00183311 -0.00171049 
-0.00174797 -0.00174804 -0.00191511 -0.00179052 -0.00190965 -0.0018017 -0.00169023 -0.00162707 -0.00153334 -0.0014133 0.00238381 0.00266133 0.00255353 0.00291709 0.00300796 0.141388 0.00288975 0.00277958 0.00271387 0.00257128 -0.00165749 -0.00183432 -0.00183126 -0.00193057 -0.00217956 -0.00228975 -0.00205449 -0.00216017 -0.00202241 -0.00208157 -0.00215091 -0.0020827 -0.00203949 -0.00208471 -0.00201496 -0.00186706 -0.00205826 -0.00203897 -0.00201176 -0.00199323 -0.00177817 -0.00195513 -0.00192591 -0.00190017 -0.00196288 -0.00181227 -0.00183368 -0.00183336 -0.00182747 -0.00180417 -0.00180879 -0.00183186 -0.00187312 -0.00178129 -0.00177836 -0.00180999 -0.00185885 -0.00184543 -0.00173504 -0.00187134 -0.0018461 -0.0018554 -0.0017113 -0.00180018 -0.00187497 -0.0018741 -0.00177608 -0.00185225 -0.0018124 -0.00181685 -0.00181815 -0.00186958 -0.00170087 -0.00180842 -0.0016694 -0.00173603 -0.00169661 -0.00181107 -0.00170904 -0.00167341 -0.00172518 -0.0018229 -0.0018836 -0.00172389 -0.00183675 -0.00175389 -0.00179361 -0.0017025 -0.00172023 -0.0017238 -0.00182425 -0.0018486 -0.00175576 -0.0017387 -0.00177185 -0.00178324 -0.00175366 -0.00188989 -0.00184158 -0.00187197 
-0.00189315 -0.00190755 -0.00189576 -0.00194175 -0.00203218 -0.00208123 -0.00195522 -0.00186699 -0.00180396 -0.00168681 -0.00160192 0.00247809 0.00241512 0.00282262 0.00297434 0.00288975 0.146187 0.00306856 0.0031103 0.00289022 0.002552 0.00250806 -0.00161905 -0.00176855 -0.00206055 -0.00211019 -0.00218106 -0.00217951 -0.00216732 -0.00204833 -0.00221161 -0.00214037 -0.00212886 -0.00219481 -0.00210245 -0.00208417 -0.00204476 -0.0021229 -0.00216068 -0.00209103 -0.00199861 -0.00194374 -0.00209058 -0.00205012 -0.00208401 -0.00205762 -0.00198088 -0.00190122 -0.00194811 -0.00185203 -0.00192168 -0.00200105 -0.00190395 -0.00192652 -0.00186541 -0.00192496 -0.00180395 -0.00189992 -0.0018443 -0.00190447 -0.00190203 -0.00196498 -0.00183811 -0.00191277 -0.00196553 -0.00188844 -0.0019386 -0.00195576 -0.00193957 -0.00190586 -0.00193793 -0.00200042 -0.00190097 -0.00196315 -0.00185592 -0.00184419 -0.0018656 -0.00190366 -0.00198745 -0.00195165 -0.00188831 -0.00201047 -0.00191799 -0.00200849 -0.00192255 -0.00198445 -0.00187584 -0.00179688 -0.00189057 -0.00190871 -0.00193867 -0.00198528 -0.0019215 -0.00190717 -0.00190455 -0.00193739 -0.00192536 -0.00199623 -0.00192735 -0.00184031 
-0.00194297 -0.00184618 -0.00183482 -0.00194277 -0.00192311 -0.00203506 -0.00206883 -0.00205028 -0.00198492 -0.00183792 -0.00178065 -0.0016498 -0.00160185 0.00245388 0.00270859 0.00277958 0.00306856 0.144495 0.00326345 0.00307938 0.00280736 0.00288879 0.0027681 -0.00156136 -0.0016811 -0.00181561 -0.0020332 -0.00210763 -0.00203861 -0.00205145 -0.00216947 -0.00213034 -0.00202481 -0.0021243 -0.00190128 -0.00189074 -0.00209655 -0.00208358 -0.00190803 -0.0020199 -0.00182603 -0.00191214 -0.00208141 -0.0019342 -0.00203278 -0.00203662 -0.00183122 -0.00205144 -0.00185001 -0.00184226 -0.00193662 -0.00181121 -0.00184944 -0.00189899 -0.00190868 -0.00185393 -0.00183484 -0.00183706 -0.00182845 -0.00193999 -0.00189628 -0.0018856 -0.0019315 -0.00179949 -0.0017638 -0.00190717 -0.00187677 -0.00186343 -0.0018906 -0.00196264 -0.00189659 -0.00194534 -0.00181221 -0.00180084 -0.00175158 -0.00172365 -0.00182851 -0.00181891 -0.00189099 -0.00180265 -0.0018497 -0.00189491 -0.00184573 -0.00178371 -0.0018252 -0.00192094 -0.00193265 -0.00177496 -0.00187001 -0.00188209 -0.00178518 -0.0018001 -0.00183755 -0.00179809 -0.00190458 -0.0018221 -0.00191508 -0.00190568 -0.00194051 -0.00174069 
-0.00188123 -0.00190473 -0.00194118 -0.00188485 -0.00196023 -0.0021013 -0.00206108 -0.00210086 -0.00193678 -0.00187276 -0.00187557 -0.00170361 -0.0016451 0.00249307 0.00274161 0.00271387 0.0031103 0.00326345 0.145434 0.00311128 0.00294352 0.00292743 0.00273532 -0.00154905 -0.00160085 -0.00179106 -0.00200344 -0.0020172 -0.00206437 -0.00213674 -0.00211936 -0.00214373 -0.0021322 -0.00211487 -0.00201459 -0.0019408 -0.00208657 -0.00202117 -0.00195311 -0.00204856 -0.00190091 -0.00191559 -0.0019392 -0.00199046 -0.00207292 -0.0019505 -0.00189286 -0.00194293 -0.00185473 -0.00189758 -0.00196869 -0.00194889 -0.00195506 -0.00178066 -0.0019502 -0.0018982 -0.00177778 -0.00185708 -0.00186999 -0.00184272 -0.0019019 -0.00193441 -0.00179997 -0.00190988 -0.00187401 -0.0019341 -0.00196043 -0.00188576 -0.00182414 -0.00177573 -0.00188658 -0.00188528 -0.00180862 -0.00175215 -0.00172215 -0.00179945 -0.00185722 -0.00186844 -0.00187843 -0.00196027 -0.00195434 -0.00192287 -0.00202113 -0.00178181 -0.00188709 -0.00190154 -0.0018728 -0.00183307 -0.0018937 -0.00184845 -0.00181595 -0.00184884 -0.0018552 -0.00187154 -0.00185101 -0.00189449 -0.00187898 -0.00191038 -0.00186271 -0.00173468 
-0.00205504 -0.00215674 -0.00212723 -0.00204794 -0.00202297 -0.00211411 -0.00214002 -0.00220862 -0.00217028 -0.00207941 -0.00203655 -0.0019212 -0.00179039 -0.0016903 0.00265618 0.00257128 0.00289022 0.00307938 0.00311128 0.149488 0.00316352 0.00312343 0.00293882 0.00263237 0.0026052 -0.00174986 -0.00186772 -0.00193458 -0.002037 -0.00209262 -0.00214729 -0.00212858 -0.0021332 -0.00216518 -0.00206345 -0.00209231 -0.00227462 -0.00211645 -0.00213112 -0.00212254 -0.00204927 -0.00199486 -0.00213122 -0.00203795 -0.00209037 -0.00206641 -0.00187975 -0.00209358 -0.00197437 -0.00199849 -0.00199922 -0.00199363 -0.00192031 -0.00200356 -0.00203381 -0.00195902 -0.00201216 -0.00197137 -0.00195713 -0.00191303 -0.00194591 -0.0019899 -0.00187043 -0.00189095 -0.00198894 -0.0019544 -0.00200833 -0.0019666 -0.00201028 -0.00188889 -0.00196119 -0.0020425 -0.00197226 -0.00190828 -0.00193451 -0.00198208 -0.00187048 -0.00198379 -0.00198507 -0.00193826 -0.00186879 -0.00195037 -0.00208947 -0.00203613 -0.00199282 -0.0019403 -0.00200778 -0.00183725 -0.00196221 -0.00200909 -0.0020185 -0.00199586 -0.00193455 -0.00199654 -0.00200798 -0.00199846 -0.0019757 -0.00195726 -0.00195845 -0.00193206 
-0.00183498 -0.00197256 -0.00184884 -0.00202006 -0.00194642 -0.00205971 -0.00210819 -0.00208309 -0.00211622 -0.0020182 -0.00215095 -0.00206683 -0.00205308 -0.00189856 -0.00164234 -0.00165749 0.002552 0.00280736 0.00294352 0.00316352 0.1465 0.00307946 0.00309527 0.00281028 0.00274779 0.00253537 -0.00163457 -0.00169919 -0.0018749 -0.00187442 -0.00208712 -0.00210652 -0.00218535 -0.00215222 -0.00186063 -0.00193621 -0.00211513 -0.00203062 -0.00213144 -0.00212209 -0.00184981 -0.00204075 -0.0020183 -0.00204925 -0.00197374 -0.00203525 -0.00190759 -0.00198463 -0.00175655 -0.00190695 -0.00190271 -0.00186624 -0.00181841 -0.0018687 -0.00184299 -0.00178959 -0.00189854 -0.00191607 -0.00187626 -0.00196152 -0.00181654 -0.00191676 -0.00179775 -0.00183541 -0.00182859 -0.0018808 -0.00187577 -0.00189388 -0.00190376 -0.00194858 -0.00190778 -0.00182884 -0.00180074 -0.00178738 -0.0017895 -0.00182788 -0.00185872 -0.00188262 -0.00186671 -0.00188064 -0.00184507 -0.00192691 -0.00189912 -0.00189945 -0.00195578 -0.00191252 -0.00187977 -0.00172424 -0.00179662 -0.00191184 -0.00182272 -0.00191055 -0.00184312 -0.00180692 -0.00196698 -0.00198479 -0.00192645 -0.00181287 -0.00193487 -0.00179349 
-0.00203844 -0.00192695 -0.00202437 -0.00195822 -0.00205415 -0.00208682 -0.00213872 -0.00216985 -0.00211643 -0.00192238 -0.0021828 -0.0020906 -0.00193964 -0.00189358 -0.00161089 -0.00183432 0.00250806 0.00288879 0.00292743 0.00312343 0.00307946 0.146429 0.00324495 0.00283294 0.00288029 0.00258155 -0.00161274 -0.00180539 -0.00189348 -0.00179966 -0.00210139 -0.00206938 -0.00206935 -0.00192297 -0.00193374 -0.00188431 -0.00209529 -0.00194222 -0.00199427 -0.00206521 -0.00200613 -0.00190284 -0.00195811 -0.00201193 -0.00207927 -0.00193127 -0.00197323 -0.00183124 -0.00186554 -0.00187764 -0.00193714 -0.00188921 -0.00181321 -0.00187934 -0.00186856 -0.00177489 -0.00188771 -0.00190892 -0.00194995 -0.00184563 -0.00195096 -0.00191175 -0.00178862 -0.00186551 -0.00184707 -0.00190229 -0.00197108 -0.00190357 -0.00188855 -0.00184796 -0.00190271 -0.00189008 -0.00192562 -0.001872 -0.00176671 -0.00188513 -0.00176859 -0.00186754 -0.00192034 -0.00197025 -0.00182907 -0.00193911 -0.0018817 -0.00192506 -0.0018738 -0.0018705 -0.00188386 -0.00177876 -0.00182071 -0.00180919 -0.00188663 -0.00185689 -0.00175448 -0.00189557 -0.00183358 -0.00193226 -0.00192892 -0.00187058 -0.00193687 -0.00197262 
-0.0019698 -0.00197311 -0.0019386 -0.00195422 -0.00188147 -0.00204255 -0.00223415 -0.00208945 -0.00205243 -0.00211825 -0.00212753 -0.00226066 -0.00197452 -0.00196076 -0.00175839 -0.00183126 -0.00161905 0.0027681 0.00273532 0.00293882 0.00309527 0.00324495 0.145646 0.0030188 0.00298585 0.00283449 0.00239018 -0.00161428 -0.00173718 -0.00167666 -0.00189564 -0.0018868 -0.0021121 -0.00211312 -0.0020293 -0.00198458 -0.00196502 -0.00204765 -0.002005 -0.00204865 -0.00191228 -0.00198396 -0.00204536 -0.00202103 -0.0019472 -0.00193264 -0.00189657 -0.00196731 -0.00188065 -0.00193946 -0.00192094 -0.00177792 -0.00191223 -0.00195404 -0.00192403 -0.00200719 -0.00190516 -0.00183356 -0.00189462 -0.00192635 -0.00193092 -0.00185926 -0.00176967 -0.00177138 -0.00182838 -0.00189104 -0.00191826 -0.00180013 -0.00183791 -0.00188234 -0.00194443 -0.00185273 -0.00191636 -0.00187145 -0.00179654 -0.00178932 -0.00186356 -0.00181471 -0.00180321 -0.0018944 -0.00190194 -0.00181747 -0.00191141 -0.00185323 -0.00194666 -0.00177971 -0.0019147 -0.00175167 -0.0017135 -0.00182062 -0.00183287 -0.00185078 -0.00189373 -0.00197819 -0.00186217 -0.00195753 -0.00190254 -0.00179742 -0.0018525 -0.00179806 
-0.00187401 -0.00181421 -0.00184398 -0.00175107 -0.00183132 -0.00187782 -0.00187129 -0.0018896 -0.00200749 -0.00193225 -0.00203997 -0.00212073 -0.00204564 -0.00217812 -0.00205998 -0.00193057 -0.00176855 -0.00156136 -0.00154905 0.00263237 0.00281028 0.00283294 0.0030188 0.141169 0.0030556 0.00281705 0.00264384 0.00238017 -0.00143616 -0.0012776 -0.00162835 -0.00161449 -0.00180448 -0.00202758 -0.0018917 -0.00185654 -0.00199226 -0.00186748 -0.0018773 -0.00181626 -0.00169614 -0.00182077 -0.00179548 -0.00190666 -0.00194916 -0.00190257 -0.00177724 -0.00180409 -0.00180339 -0.00173648 -0.00174521 -0.00174969 -0.00180372 -0.00183599 -0.00180669 -0.00179367 -0.00177336 -0.00174573 -0.00165636 -0.00178483 -0.00181864 -0.00175237 -0.00172069 -0.00164832 -0.00184519 -0.00179837 -0.00173534 -0.00175222 -0.00179535 -0.00183014 -0.00179521 -0.00172348 -0.00184604 -0.00179912 -0.00158826 -0.00165433 -0.00168256 -0.00175647 -0.00173788 -0.00179927 -0.00174306 -0.00180296 -0.0017817 -0.00180995 -0.0017588 -0.00177321 -0.00184813 -0.00172848 -0.00166228 -0.00182531 -0.00171741 -0.0018294 -0.00176164 -0.00168146 -0.00181339 -0.00179238 -0.00171959 -0.00171497 -0.00186166 -0.00173089 
-0.00203099 -0.00189997 -0.00201578 -0.00198595 -0.00203547 -0.00205408 -0.00213962 -0.00209879 -0.00220895 -0.00213735 -0.002364 -0.00236447 -0.00225301 -0.00239467 -0.00219393 -0.00217956 -0.00206055 -0.0016811 -0.00160085 0.0026052 0.00274779 0.00288029 0.00298585 0.0030556 0.145953 0.0030918 0.00278775 0.00261975 0.00247734 0.00252235 -0.00157359 -0.00164419 -0.00187368 -0.00186629 -0.00195336 -0.00203138 -0.00205314 -0.00200461 -0.00205823 -0.00208559 -0.0019515 -0.00180835 -0.00197095 -0.00196854 -0.00201807 -0.00201282 -0.00201897 -0.00198591 -0.00196005 -0.00189889 -0.00193708 -0.00187066 -0.00199427 -0.00196711 -0.00188375 -0.00188691 -0.00187913 -0.00197082 -0.00197756 -0.00196464 -0.00192405 -0.00188495 -0.00182764 -0.00182723 -0.00192183 -0.00189417 -0.00187271 -0.00193252 -0.00191225 -0.00195243 -0.00194631 -0.00194268 -0.00186688 -0.00192166 -0.00185689 -0.00183907 -0.00175812 -0.00208735 -0.00199372 -0.00189527 -0.00196591 -0.00193307 -0.00190115 -0.00190459 -0.00194728 -0.00193572 -0.00189273 -0.0018023 -0.00174114 -0.00183388 -0.0019269 -0.00191613 -0.00187938 -0.00192286 -0.00196026 -0.00190356 -0.00186846 -0.00187498 -0.00192719 -0.0018627 
-0.00192079 -0.00184838 -0.00193696 -0.00206134 -0.00192878 -0.00205878 -0.00201801 -0.00212284 -0.00205852 -0.00206231 -0.00223647 -0.00227931 -0.00215783 -0.00226906 -0.00223978 -0.00228975 -0.00211019 -0.00181561 -0.00179106 -0.00174986 0.00253537 0.00258155 0.00283449 0.00281705 0.0030918 0.14425 0.00299361 0.0026746 0.0025822 0.00256843 0.00241899 -0.00141998 -0.00163641 -0.0017994 -0.00185979 -0.00182042 -0.00208003 -0.00201175 -0.00211396 -0.00207665 -0.00191896 -0.001963 -0.00207142 -0.00202556 -0.00191939 -0.00196955 -0.00187762 -0.00199663 -0.00192979 -0.00186664 -0.00189885 -0.00183918 -0.00202587 -0.00193291 -0.00190285 -0.0018707 -0.00184396 -0.00190918 -0.00190927 -0.0019062 -0.0018555 -0.00193171 -0.00186775 -0.00177229 -0.0019108 -0.0019159 -0.00184786 -0.00179396 -0.00178928 -0.00182054 -0.0018724 -0.00190033 -0.00196524 -0.00179767 -0.00182565 -0.00181626 -0.00175797 -0.00193075 -0.00185778 -0.00196552 -0.0019705 -0.00185511 -0.00188912 -0.00194779 -0.00195173 -0.0018855 -0.0018532 -0.0017466 -0.001765 -0.00197905 -0.00184584 -0.00190444 -0.00191312 -0.00188071 -0.00193281 -0.00189258 -0.00191865 -0.00190282 -0.00193406 -0.00183259 
-0.00181103 -0.00178137 -0.00175722 -0.00180848 -0.00185307 -0.00199266 -0.00188575 -0.00194402 -0.00197334 -0.00192932 -0.00199615 -0.00215891 -0.00202918 -0.00220107 -0.00217275 -0.00205449 -0.00218106 -0.0020332 -0.00200344 -0.00186772 -0.00163457 -0.00161274 0.00239018 0.00264384 0.00278775 0.00299361 0.139166 0.00283745 0.00261403 0.00265851 0.00246 0.00234244 -0.00129988 -0.00160296 -0.00159403 -0.00164951 -0.00186139 -0.0019427 -0.00186802 -0.00190259 -0.0017017 -0.00177022 -0.00189717 -0.0018468 -0.00188584 -0.00188473 -0.00184837 -0.00184385 -0.00174655 -0.00181484 -0.00175818 -0.00180868 -0.00178701 -0.00186278 -0.00193874 -0.0018449 -0.00181726 -0.00182016 -0.00182262 -0.00182142 -0.00182969 -0.00176736 -0.00168638 -0.00166233 -0.00174849 -0.00177389 -0.00170702 -0.00174585 -0.00179211 -0.00173039 -0.0018386 -0.001732 -0.00171476 -0.00172991 -0.00173495 -0.00171392 -0.00166966 -0.00171906 -0.00168788 -0.00173216 -0.00185752 -0.00172386 -0.00179812 -0.00178379 -0.0018015 -0.0016436 -0.00175512 -0.0016995 -0.00169656 -0.00175768 -0.00179644 -0.00184929 -0.00169382 -0.00175538 -0.00177524 -0.00172808 -0.00176317 -0.00186219 -0.00181935 -0.0016932 
-0.00180426 -0.00179415 -0.00182414 -0.00167871 -0.00181088 -0.0018343 -0.00195504 -0.00198583 -0.00198377 -0.00188572 -0.00202292 -0.00211968 -0.00209405 -0.00222791 -0.00210628 -0.00216017 -0.00217951 -0.00210763 -0.0020172 -0.00193458 -0.00169919 -0.00180539 -0.00161428 0.00238017 0.00261975 0.0026746 0.00283745 0.137214 0.00278634 0.00269915 0.00254499 0.00241594 0.00225735 -0.00138332 -0.00153772 -0.00151927 -0.00171039 -0.0017838 -0.00173167 -0.00178015 -0.00163449 -0.00176886 -0.00187584 -0.00182268 -0.00185393 -0.00189565 -0.00172186 -0.00177339 -0.00177476 -0.00178339 -0.00176695 -0.00181186 -0.00178603 -0.00178668 -0.00175885 -0.00176571 -0.00186098 -0.00172278 -0.00168632 -0.00172758 -0.00171711 -0.00176791 -0.00171466 -0.0016967 -0.00171404 -0.00179816 -0.00168852 -0.00181838 -0.00170631 -0.00184709 -0.00172131 -0.00173977 -0.00169215 -0.00182479 -0.00164306 -0.00155318 -0.00167056 -0.00175399 -0.00179667 -0.00178226 -0.0017066 -0.00171525 -0.00160336 -0.00169204 -0.00164899 -0.00169813 -0.00181982 -0.00169562 -0.00172642 -0.00175794 -0.00170672 -0.00173867 -0.0017052 -0.00170653 -0.00176182 -0.00170872 -0.00165955 -0.00170086 -0.00169087 -0.00166973 
-0.00167243 -0.00170649 -0.00169048 -0.00168253 -0.00179295 -0.00185287 -0.00190916 -0.00191966 -0.00197805 -0.00192409 -0.00208224 -0.00205461 -0.00197405 -0.00213013 -0.00211978 -0.00202241 -0.00216732 -0.00203861 -0.00206437 -0.002037 -0.0018749 -0.00189348 -0.00173718 -0.00143616 0.00247734 0.0025822 0.00261403 0.00278634 0.1352 0.00287361 0.00263581 0.00244421 0.00237128 0.00217061 -0.00134877 -0.00126935 -0.00160977 -0.00168438 -0.00171569 -0.00180434 -0.00174663 -0.00175816 -0.00183295 -0.00187113 -0.00181554 -0.00187839 -0.0017145 -0.00177399 -0.00176344 -0.00176084 -0.00178874 -0.0017372 -0.00180532 -0.00166083 -0.0017566 -0.00177556 -0.00164045 -0.00172877 -0.00158316 -0.00169197 -0.0015701 -0.00170489 -0.00158142 -0.00164854 -0.00171787 -0.00170311 -0.00165249 -0.00170439 -0.00173732 -0.00169604 -0.00178525 -0.0016164 -0.00173944 -0.00174272 -0.00163554 -0.0016195 -0.00156477 -0.00170653 -0.00165268 -0.00180441 -0.00176793 -0.00183306 -0.00171059 -0.00170566 -0.00166382 -0.00172271 -0.00174442 -0.00161589 -0.00166869 -0.00169312 -0.00175282 -0.00172547 -0.00176356 -0.00177097 -0.00172382 -0.00172685 -0.00166681 -0.00166556 -0.00176279 -0.00160964 
-0.00176075 -0.00174442 -0.00169447 -0.00171803 -0.00175249 -0.00176463 -0.00191202 -0.00197477 -0.00192427 -0.00177114 -0.0020733 -0.00208686 -0.00195431 -0.00210516 -0.00204029 -0.00208157 -0.00204833 -0.00205145 -0.00213674 -0.00209262 -0.00187442 -0.00179966 -0.00167666 -0.0012776 0.00252235 0.00256843 0.00265851 0.00269915 0.00287361 0.133912 0.00264398 0.00253052 0.00230313 0.00224326 -0.00142089 -0.00135693 -0.00162453 -0.00159832 -0.00171025 -0.00180065 -0.00165988 -0.00167238 -0.00185062 -0.00179078 -0.0018115 -0.00183401 -0.00165261 -0.00169948 -0.00176753 -0.00164545 -0.00168219 -0.0016949 -0.00169781 -0.00165942 -0.00168847 -0.00176744 -0.00170317 -0.00178633 -0.0017079 -0.0018198 -0.00163304 -0.00170421 -0.00166096 -0.0016362 -0.00165477 -0.00170863 -0.00170908 -0.00174336 -0.00165371 -0.00162327 -0.0016431 -0.00166185 -0.00179087 -0.00168999 -0.00162286 -0.00166779 -0.00158145 -0.00177171 -0.00168497 -0.00169498 -0.00174056 -0.00178077 -0.00170793 -0.00161258 -0.00174209 -0.00165915 -0.00173737 -0.00160171 -0.00163623 -0.00175942 -0.00165879 -0.00179291 -0.00172415 -0.00159703 -0.00177377 -0.00169383 -0.00170552 -0.00173863 -0.00169472 -0.00164133 
-0.00170317 -0.00170286 -0.00180365 -0.00180693 -0.00181418 -0.00179996 -0.00183525 -0.00195336 -0.0019619 -0.00187395 -0.00202127 -0.00203638 -0.00191333 -0.00210941 -0.0020546 -0.00215091 -0.00221161 -0.00216947 -0.00211936 -0.00214729 -0.00208712 -0.00210139 -0.00189564 -0.00162835 -0.00157359 0.00241899 0.00246 0.00254499 0.00263581 0.00264398 0.134497 0.00262196 0.00250275 0.00234457 0.00210383 0.00207833 -0.00137456 -0.00147455 -0.00155268 -0.00165042 -0.00172403 -0.00176729 -0.00179834 -0.00181784 -0.00181301 -0.00189315 -0.00169354 -0.00180223 -0.00175928 -0.00175821 -0.00182955 -0.00172892 -0.00168158 -0.00180379 -0.00175922 -0.00180695 -0.00181385 -0.00177366 -0.00177774 -0.00171509 -0.00168341 -0.00169866 -0.0015847 -0.00170037 -0.0017208 -0.00167659 -0.00175909 -0.00177881 -0.00166594 -0.00176614 -0.00174674 -0.00169021 -0.00170023 -0.00170755 -0.00166067 -0.00168329 -0.00172645 -0.00168537 -0.00184752 -0.00174096 -0.00171525 -0.00175546 -0.00177279 -0.00170307 -0.00173716 -0.00179042 -0.00177551 -0.0016705 -0.00168851 -0.00173225 -0.00170522 -0.00173071 -0.00171866 -0.00174316 -0.00167284 -0.00166537 -0.0017743 -0.00173691 -0.00181024 -0.00168638 
-0.00179698 -0.00178998 -0.00166521 -0.00176084 -0.0017103 -0.0019329 -0.00194592 -0.00186059 -0.00191382 -0.00183073 -0.0020697 -0.00208326 -0.00194417 -0.00209766 -0.00209095 -0.0020827 -0.00214037 -0.00213034 -0.00214373 -0.00212858 -0.00210652 -0.00206938 -0.0018868 -0.00161449 -0.00164419 -0.00141998 0.00234244 0.00241594 0.00244421 0.00253052 0.00262196 0.132924 0.00258669 0.00241298 0.00215969 0.00219624 0.00205554 -0.00135428 -0.00139319 -0.0015674 -0.00167506 -0.00169519 -0.00184929 -0.00178457 -0.00176871 -0.00185331 -0.00174577 -0.00167407 -0.0017129 -0.00165543 -0.00174486 -0.00164259 -0.00176613 -0.00168627 -0.00174983 -0.00174288 -0.00177224 -0.00169699 -0.00179006 -0.00177212 -0.00168272 -0.00165474 -0.00158411 -0.00161934 -0.00174847 -0.00169827 -0.00175956 -0.00173263 -0.00172406 -0.00173931 -0.00165732 -0.00167706 -0.00170518 -0.00169072 -0.0016171 -0.00164734 -0.0016597 -0.00169524 -0.00175703 -0.00172916 -0.00169462 -0.0017352 -0.00173175 -0.00165335 -0.00167621 -0.0017035 -0.00167701 -0.00170918 -0.00165928 -0.00177733 -0.00169126 -0.00178041 -0.0017055 -0.00171749 -0.00168265 -0.00168547 -0.0017005 -0.00170612 -0.00160811 -0.0016625 
-0.00175927 -0.00163237 -0.00164155 -0.00172142 -0.00170268 -0.00182666 -0.00183541 -0.00190307 -0.00188361 -0.00190591 -0.00197935 -0.00194103 -0.00197943 -0.00212233 -0.00199646 -0.00203949 -0.00212886 -0.00202481 -0.0021322 -0.0021332 -0.00218535 -0.00206935 -0.0021121 -0.00180448 -0.00187368 -0.00163641 -0.00129988 0.00225735 0.00237128 0.00230313 0.00250275 0.00258669 0.131488 0.00255582 0.00227145 0.00233392 0.00208507 0.00202511 -0.0013417 -0.00135284 -0.00144743 -0.00149857 -0.00168142 -0.00182457 -0.00180561 -0.0017268 -0.0016117 -0.00163024 -0.00175044 -0.00167416 -0.00169953 -0.00173595 -0.00165087 -0.00171071 -0.00172 -0.00176132 -0.00159734 -0.00167537 -0.00169289 -0.00168532 -0.0017582 -0.00171993 -0.00166606 -0.00163088 -0.00167378 -0.00161475 -0.0016429 -0.00171667 -0.00162744 -0.00172601 -0.00168419 -0.00172598 -0.00178248 -0.00168439 -0.00165983 -0.00166954 -0.00162731 -0.00165117 -0.00165758 -0.00176489 -0.00174597 -0.00166854 -0.00173539 -0.00172541 -0.00167313 -0.00173322 -0.00169464 -0.0016269 -0.00169087 -0.00166524 -0.00164709 -0.00168069 -0.00168853 -0.00169887 -0.00164104 -0.00169856 -0.00169093 -0.00159494 -0.00165922 -0.00159209 
