0.122863 0.00226022 0.00212496 0.00201039 0.00196635 0.00203005 -0.0011893 -0.00133824 -0.00143045 -0.0013769 -0.00171429 -0.00169352 -0.00168719 -0.00177535 -0.00177963 -0.00176649 -0.00183229 -0.00191657 -0.0018475 -0.00197006 -0.00184897 -0.00185148 -0.00187836 -0.0017362 -0.00196666 -0.00198246 -0.00186456 -0.00181862 -0.00180306 -0.00168487 -0.00179384 -0.00168689 -0.00166082 -0.00173389 -0.00158844 -0.0015295 -0.00161443 -0.00152242 -0.00167881 -0.00165944 -0.00153733 -0.00151528 -0.00166959 -0.00164652 -0.00163941 -0.00156105 -0.00151519 -0.0015148 -0.00158144 -0.0015654 -0.00153942 -0.00154538 -0.0014761 -0.00150991 -0.00145486 -0.00151675 -0.00155761 -0.00155529 -0.0014782 -0.00146849 -0.00150196 -0.00148411 -0.00142555 -0.00142168 -0.00150546 -0.00149794 -0.00147745 -0.00151649 -0.00144734 -0.00160925 -0.00149111 -0.0015618 -0.00147475 -0.0015286 -0.00143967 -0.00137996 -0.00144562 -0.00151865 -0.00152939 -0.00146732 -0.00149003 -0.00151557 -0.00144482 -0.00152535 -0.00146879 -0.0014938 -0.00152427 -0.00138816 -0.00144804 -0.00146598 -0.00139696 -0.00133203 -0.00139343 -0.00126102 -0.00121447 -0.00110097 0.00192156 0.0019737 0.00199516 0.00211177 
0.00226022 0.123608 0.00229906 0.00214509 0.00208947 0.00209937 0.00197522 -0.00127146 -0.00138965 -0.0014886 -0.0015287 -0.00165857 -0.00174061 -0.00188852 -0.00180676 -0.00187781 -0.00204061 -0.00190794 -0.00188542 -0.001987 -0.00196418 -0.00198533 -0.00190419 -0.00183989 -0.00197475 -0.00193519 -0.00176591 -0.0017527 -0.00174501 -0.00179399 -0.00174197 -0.00176976 -0.00173671 -0.00165084 -0.00161778 -0.0014938 -0.0015868 -0.00158646 -0.00165237 -0.00160638 -0.00155657 -0.00153134 -0.00158347 -0.00161143 -0.00162892 -0.00158619 -0.00149006 -0.00148697 -0.00156881 -0.0016025 -0.00144852 -0.00149305 -0.00152892 -0.00158847 -0.00160145 -0.00144854 -0.00152157 -0.00155077 -0.00148968 -0.00156647 -0.00151498 -0.00146042 -0.00144083 -0.00143638 -0.00149921 -0.00144946 -0.00146248 -0.00154149 -0.00154484 -0.00150228 -0.00146553 -0.00155077 -0.00146608 -0.00150517 -0.00133708 -0.00150311 -0.00147673 -0.00145194 -0.00152607 -0.00150566 -0.00153232 -0.00150954 -0.00150872 -0.00145366 -0.00147322 -0.00146733 -0.00145076 -0.00142041 -0.00149765 -0.0014982 -0.00150615 -0.00153594 -0.0014748 -0.00124005 -0.0013585 -0.00130667 -0.0010731 0.001922 0.00200823 0.00200042 
0.00212496 0.00229906 0.123674 0.00224343 0.00211309 0.00224132 0.00218352 0.00200434 -0.00122235 -0.00127828 -0.00141935 -0.00153234 -0.00151588 -0.00182389 -0.00179636 -0.00173568 -0.00201787 -0.00195824 -0.00194905 -0.00206329 -0.00199509 -0.00190085 -0.00197335 -0.00185805 -0.00194866 -0.00203297 -0.00176222 -0.00170668 -0.00164352 -0.00171232 -0.00176871 -0.00174275 -0.00169316 -0.00167843 -0.00164531 -0.00151114 -0.00162545 -0.00164656 -0.00165059 -0.0015711 -0.00166243 -0.00147044 -0.00168082 -0.00155576 -0.00163954 -0.00162788 -0.0016185 -0.00148541 -0.00154786 -0.00156469 -0.00155717 -0.00158105 -0.00149193 -0.00151959 -0.00158615 -0.00152549 -0.0014304 -0.00148357 -0.0016096 -0.00147136 -0.00158807 -0.00152281 -0.00138416 -0.00141334 -0.00158607 -0.00151339 -0.00148813 -0.00155427 -0.00145483 -0.00158914 -0.00135605 -0.00151607 -0.00153901 -0.00157742 -0.00150315 -0.00139199 -0.00146063 -0.00148204 -0.00147702 -0.00157511 -0.00154267 -0.00148426 -0.00149885 -0.00152901 -0.00153539 -0.00148927 -0.00151045 -0.00144071 -0.00145683 -0.00144007 -0.00156007 -0.00156274 -0.00147917 -0.00150331 -0.00144404 -0.00138788 -0.00124948 -0.00111512 0.00182401 0.00198318 
0.00201039 0.00214509 0.00224343 0.124214 0.00219825 0.00235107 0.00234465 0.00218281 0.00204665 -0.00118373 -0.00143975 -0.00141561 -0.00154802 -0.00179008 -0.0017382 -0.00185437 -0.00196684 -0.00185675 -0.00189963 -0.00202129 -0.00188886 -0.00188069 -0.00194511 -0.00184949 -0.00197411 -0.00192684 -0.00182568 -0.00182242 -0.00175363 -0.00173617 -0.00179932 -0.00181812 -0.00177011 -0.00170672 -0.00158121 -0.0015949 -0.00164424 -0.00168378 -0.00160054 -0.00164394 -0.00170553 -0.00155197 -0.00158813 -0.00162563 -0.001617 -0.00167827 -0.00158964 -0.00152272 -0.00151552 -0.00161045 -0.00150894 -0.00153348 -0.00155236 -0.00155474 -0.00149734 -0.0015437 -0.00149346 -0.00154113 -0.00155808 -0.00149587 -0.00150746 -0.00148424 -0.00148445 -0.00142058 -0.00148951 -0.00151253 -0.00152697 -0.00155595 -0.00152675 -0.00153106 -0.00148927 -0.00148516 -0.00149399 -0.00152961 -0.00140804 -0.00148882 -0.00146181 -0.00145842 -0.00159079 -0.00153601 -0.00156185 -0.00147598 -0.00153643 -0.00148209 -0.0015132 -0.00153032 -0.00151742 -0.00144294 -0.00149025 -0.0015486 -0.00162707 -0.00152491 -0.00153548 -0.00149637 -0.00147266 -0.00145244 -0.00136784 -0.00129042 -0.00119692 0.00175215 
0.00196635 0.00208947 0.00211309 0.00219825 0.124607 0.00244539 0.00231102 0.0022442 0.00223642 0.00202591 -0.00133617 -0.00140478 -0.00138694 -0.00164136 -0.00178971 -0.00177754 -0.00202382 -0.00187419 -0.00191217 -0.00204962 -0.00195072 -0.00185661 -0.00190578 -0.0018079 -0.00200682 -0.00195139 -0.00189757 -0.00176113 -0.00170715 -0.00181342 -0.00179068 -0.00178236 -0.00170316 -0.00166954 -0.00166784 -0.00153872 -0.00172289 -0.00165286 -0.00161778 -0.00173486 -0.00158797 -0.00160774 -0.00160456 -0.00163061 -0.00155337 -0.00164375 -0.00145542 -0.00156235 -0.00155945 -0.00150908 -0.00158666 -0.00160698 -0.00147597 -0.00155364 -0.00152082 -0.00157821 -0.00158845 -0.00150088 -0.0014919 -0.00156957 -0.00152565 -0.0014612 -0.00148702 -0.00153231 -0.00163371 -0.00158431 -0.00164584 -0.00151443 -0.00152652 -0.00150869 -0.00160351 -0.00155094 -0.00149062 -0.0015709 -0.00139152 -0.0014924 -0.00149528 -0.00157968 -0.00156118 -0.00158762 -0.00153642 -0.00157836 -0.00152384 -0.00155623 -0.00154141 -0.00153679 -0.00155597 -0.00144617 -0.00148957 -0.00149707 -0.00143137 -0.00156654 -0.00155447 -0.00152706 -0.00150399 -0.00153568 -0.00140499 -0.00133605 -0.00131527 -0.00113411 
0.00203005 0.00209937 0.00224132 0.00235107 0.00244539 0.128159 0.00242881 0.00242472 0.00225492 0.00217792 0.0020977 -0.00137114 -0.00138521 -0.00159385 -0.00181958 -0.00185313 -0.00211675 -0.00209155 -0.00210495 -0.00211185 -0.00207157 -0.00208443 -0.00212122 -0.00186167 -0.00212539 -0.00202712 -0.0019522 -0.00194714 -0.0018852 -0.00188763 -0.00190785 -0.00182598 -0.00180516 -0.00186145 -0.00170638 -0.00168368 -0.00170966 -0.00172385 -0.00173198 -0.00174803 -0.00159764 -0.00166223 -0.00164894 -0.00174574 -0.00173036 -0.00180583 -0.00169416 -0.00160802 -0.00164779 -0.00165523 -0.00169535 -0.00170096 -0.00161799 -0.00157439 -0.00165194 -0.00161994 -0.00165253 -0.00169268 -0.00164641 -0.00159032 -0.00152208 -0.00157334 -0.00161961 -0.00156897 -0.00166841 -0.00163415 -0.00169975 -0.00167353 -0.00167824 -0.00161211 -0.00155191 -0.00156555 -0.00168416 -0.00160369 -0.00159573 -0.00151944 -0.0015349 -0.00154943 -0.00160708 -0.00165176 -0.00160421 -0.00164296 -0.00161342 -0.00166309 -0.00166343 -0.00158375 -0.00170871 -0.0015459 -0.00149564 -0.00170773 -0.00167499 -0.00156188 -0.00150196 -0.00167089 -0.00166343 -0.00157299 -0.00143687 -0.00137503 -0.00135371 -0.00120199 
-0.0011893 0.00197522 0.00218352 0.00234465 0.00231102 0.00242881 0.129255 0.00253911 0.00237509 0.00231208 0.00232284 0.00218265 -0.0013927 -0.00148115 -0.00173708 -0.00165353 -0.00205666 -0.00207191 -0.00206277 -0.00216716 -0.00200233 -0.00207943 -0.00195375 -0.00199447 -0.00216512 -0.00206574 -0.00199625 -0.00193233 -0.00193054 -0.00184267 -0.0019236 -0.00194004 -0.00190614 -0.00193143 -0.00175002 -0.00169293 -0.00177163 -0.00187807 -0.00184383 -0.00180725 -0.0016955 -0.0017676 -0.00177849 -0.00174981 -0.00169704 -0.00172686 -0.0016899 -0.00166173 -0.00161854 -0.00160956 -0.00165342 -0.00162199 -0.00158357 -0.00161662 -0.00162624 -0.00170433 -0.00164792 -0.00163097 -0.00161547 -0.00166748 -0.00167678 -0.00163511 -0.001561 -0.00164275 -0.00158723 -0.00158883 -0.00173273 -0.00166453 -0.00161183 -0.00163102 -0.00175708 -0.00169816 -0.00167194 -0.00169688 -0.00152313 -0.00146547 -0.00155552 -0.00160485 -0.00164913 -0.00165043 -0.00157508 -0.00168714 -0.00162748 -0.00170112 -0.0016135 -0.00165485 -0.00166874 -0.00155214 -0.00145192 -0.00165602 -0.00162571 -0.00160176 -0.00170065 -0.00165402 -0.00162893 -0.0017269 -0.0015956 -0.00154935 -0.00144862 -0.00132315 
-0.00133824 -0.00127146 0.00200434 0.00218281 0.0022442 0.00242472 0.00253911 0.13021 0.00246953 0.00246733 0.00235515 0.00235166 0.00224589 -0.00145624 -0.00165015 -0.00163195 -0.00184694 -0.00205265 -0.00204902 -0.00220247 -0.00216674 -0.00215959 -0.00210051 -0.00194788 -0.00207269 -0.00207774 -0.00198259 -0.00195206 -0.00190227 -0.00181685 -0.00199647 -0.00191177 -0.00182338 -0.00182572 -0.00173841 -0.00183212 -0.00187676 -0.00181461 -0.001864 -0.00184619 -0.00171595 -0.00165759 -0.00181682 -0.00171041 -0.00178966 -0.00177356 -0.00172015 -0.0017011 -0.00174329 -0.00172862 -0.00168209 -0.00164103 -0.00169168 -0.00168002 -0.0016851 -0.0015915 -0.00159572 -0.00168922 -0.00169488 -0.00162152 -0.00173345 -0.00158068 -0.00154423 -0.00160405 -0.00169335 -0.00171892 -0.00159676 -0.00171411 -0.00165412 -0.00171374 -0.00166912 -0.00164332 -0.00172105 -0.00165411 -0.00156181 -0.00155986 -0.001508 -0.00167924 -0.00159834 -0.00157838 -0.00165433 -0.00157714 -0.00167182 -0.00169758 -0.00160285 -0.00156653 -0.00167119 -0.001671 -0.00167562 -0.00159478 -0.00164659 -0.0017092 -0.00170802 -0.00166963 -0.00167553 -0.00159931 -0.00162727 -0.00160093 -0.0016294 -0.00138195 
-0.00143045 -0.00138965 -0.00122235 0.00204665 0.00223642 0.00225492 0.00237509 0.00246953 0.131279 0.00253996 0.00240013 0.00251686 0.00231507 0.00218933 -0.0015679 -0.00152716 -0.00179142 -0.00199602 -0.0019785 -0.00218247 -0.00212734 -0.00202486 -0.0021367 -0.00203016 -0.00219129 -0.00208481 -0.00202575 -0.00201575 -0.00198098 -0.00203188 -0.00201614 -0.00195926 -0.00200713 -0.0018934 -0.00182568 -0.00176326 -0.00184788 -0.00178076 -0.00182146 -0.0018608 -0.00168717 -0.00167769 -0.00178818 -0.00174661 -0.00172819 -0.00166117 -0.00173002 -0.00170328 -0.00174286 -0.00167684 -0.00165963 -0.00175337 -0.00167782 -0.00162393 -0.00166091 -0.00171264 -0.0016475 -0.00162354 -0.00176324 -0.00172699 -0.00169579 -0.00166068 -0.00162024 -0.00159407 -0.00162737 -0.00162099 -0.00173515 -0.00170499 -0.00165278 -0.00171549 -0.00166939 -0.0016902 -0.00166445 -0.0017482 -0.00156219 -0.0015065 -0.00166289 -0.00159071 -0.00170143 -0.00172016 -0.00164317 -0.00170374 -0.00162044 -0.00167011 -0.00159335 -0.00163843 -0.00158947 -0.00158743 -0.00163141 -0.00167102 -0.00165968 -0.00166947 -0.00161989 -0.00165369 -0.00167533 -0.00171781 -0.00175014 -0.00169354 -0.00174977 -0.00143832 
-0.0013769 -0.0014886 -0.00127828 -0.00118373 0.00202591 0.00217792 0.00231208 0.00246733 0.00253996 0.129725 0.00240684 0.00240608 0.00246658 0.00227627 -0.00143383 -0.00142561 -0.0016223 -0.00185156 -0.00186524 -0.00211254 -0.00200796 -0.0020633 -0.00202855 -0.00197892 -0.00215021 -0.00210851 -0.00198759 -0.00183638 -0.0018851 -0.00185068 -0.00195047 -0.00184165 -0.00187007 -0.0018674 -0.00178695 -0.00158279 -0.00178205 -0.00177305 -0.00180648 -0.00178872 -0.00159888 -0.00169953 -0.0017258 -0.00176725 -0.00186985 -0.00171134 -0.00163398 -0.00162048 -0.00164235 -0.00167732 -0.00166708 -0.00165442 -0.0016278 -0.00155065 -0.00158576 -0.00159485 -0.00161959 -0.00168142 -0.00166412 -0.00165859 -0.00162325 -0.00154363 -0.00151951 -0.00155891 -0.00148349 -0.0016766 -0.00164836 -0.00159777 -0.00161459 -0.00163739 -0.00164375 -0.00158949 -0.00160703 -0.00161738 -0.00150293 -0.00153742 -0.00153367 -0.001658 -0.00161457 -0.00155274 -0.00162112 -0.00165357 -0.00168581 -0.00166235 -0.00161696 -0.00158642 -0.00166447 -0.00151301 -0.00152091 -0.00168555 -0.00157287 -0.0017029 -0.00148197 -0.00170864 -0.00163128 -0.00161729 -0.00160928 -0.00164203 -0.0015442 -0.00148683 
-0.00171429 -0.0015287 -0.00141935 -0.00143975 -0.00133617 0.0020977 0.00232284 0.00235515 0.00240013 0.00240684 0.134631 0.00270039 0.0025201 0.00254544 0.00228132 0.00247329 -0.00158217 -0.00173246 -0.00177669 -0.00195196 -0.00214242 -0.00212493 -0.0021106 -0.00207564 -0.00227914 -0.00211988 -0.00210846 -0.00198371 -0.00199702 -0.00197684 -0.00201598 -0.00201664 -0.00197495 -0.00190583 -0.00176937 -0.00186817 -0.00188437 -0.00184372 -0.00183295 -0.00182271 -0.00181662 -0.00173188 -0.00189927 -0.0019143 -0.0018242 -0.00182989 -0.00176212 -0.00177111 -0.00178074 -0.00183195 -0.00170179 -0.00169454 -0.00169091 -0.00175196 -0.0016846 -0.00177807 -0.00165997 -0.00175886 -0.0017618 -0.00169613 -0.00182073 -0.00170391 -0.00168811 -0.00165229 -0.00172953 -0.001806 -0.00171583 -0.0018199 -0.00183113 -0.00181 -0.00180254 -0.00171992 -0.00179372 -0.00170152 -0.00163469 -0.00168925 -0.00169401 -0.0017298 -0.00167329 -0.00173957 -0.00174165 -0.00173812 -0.0017787 -0.00170407 -0.00173164 -0.00171874 -0.00166224 -0.00169877 -0.00169094 -0.00177497 -0.001719 -0.00179537 -0.00166837 -0.00172325 -0.00174333 -0.00164137 -0.00172772 -0.001789 -0.0015737 -0.00168149 
-0.00169352 -0.00165857 -0.00153234 -0.00141561 -0.00140478 -0.00137114 0.00218265 0.00235166 0.00251686 0.00240608 0.00270039 0.136644 0.00266675 0.00276987 0.00249063 0.00268016 0.00230868 -0.00175916 -0.00158086 -0.00191773 -0.00208787 -0.00215842 -0.00216568 -0.00218657 -0.00229383 -0.00228238 -0.00214832 -0.00199945 -0.00202282 -0.00205019 -0.00200155 -0.00204031 -0.00197959 -0.00197901 -0.00186977 -0.00183309 -0.0018938 -0.00187872 -0.00189564 -0.00193425 -0.00178063 -0.00190258 -0.00196768 -0.0018892 -0.00192593 -0.0018597 -0.00178671 -0.00181386 -0.00177546 -0.00166203 -0.00181698 -0.00174072 -0.00175174 -0.00186388 -0.00177137 -0.00183156 -0.00180772 -0.00170382 -0.00184414 -0.001762 -0.00184666 -0.00176155 -0.00168848 -0.00172962 -0.00178145 -0.00175897 -0.00180055 -0.00175634 -0.00172525 -0.00173447 -0.00171848 -0.00175574 -0.00185279 -0.00176064 -0.00172151 -0.00170096 -0.00164724 -0.00174896 -0.00171465 -0.00176353 -0.00181485 -0.00177401 -0.00179259 -0.0017586 -0.0018034 -0.00183356 -0.00183358 -0.00168874 -0.00169093 -0.00174165 -0.00176984 -0.00183726 -0.00171625 -0.00172383 -0.00182614 -0.00176719 -0.00183925 -0.00171678 -0.00184963 -0.00167879 
-0.00168719 -0.00174061 -0.00151588 -0.00154802 -0.00138694 -0.00138521 -0.0013927 0.00224589 0.00231507 0.00246658 0.0025201 0.00266675 0.135392 0.00274822 0.00248963 0.00262821 0.00244391 -0.00152798 -0.00156535 -0.00183107 -0.00201037 -0.00192002 -0.00212337 -0.00197573 -0.00210631 -0.00207399 -0.00201293 -0.0020327 -0.00200459 -0.00200707 -0.00203435 -0.00191624 -0.00189401 -0.00194299 -0.00186534 -0.00169084 -0.00186639 -0.00188624 -0.001841 -0.00183522 -0.00171379 -0.00173526 -0.0018172 -0.00177246 -0.00180784 -0.00175199 -0.00174986 -0.0017285 -0.00174672 -0.00182116 -0.00179563 -0.00177523 -0.00173357 -0.00177291 -0.00172992 -0.00173564 -0.00177859 -0.00179241 -0.00176182 -0.00166979 -0.00179907 -0.00167645 -0.00164479 -0.00164631 -0.00178435 -0.00176422 -0.00164564 -0.00163994 -0.0016502 -0.00176309 -0.00181678 -0.00174112 -0.00171657 -0.00168711 -0.00170387 -0.00170167 -0.00163336 -0.00180435 -0.00176261 -0.00171318 -0.00164931 -0.00165364 -0.00166812 -0.0016571 -0.00166293 -0.00169779 -0.00168865 -0.00160272 -0.00170332 -0.00175227 -0.00176848 -0.00173353 -0.00176487 -0.00173075 -0.00172094 -0.00162263 -0.001695 -0.00168883 -0.00176628 -0.00158333 
-0.00177535 -0.00188852 -0.00182389 -0.00179008 -0.00164136 -0.00159385 -0.00148115 -0.00145624 0.00218933 0.00227627 0.00254544 0.00276987 0.00274822 0.14025 0.00275556 0.00292821 0.00276229 0.00259242 0.00250462 -0.00170683 -0.00177239 -0.00199195 -0.0019188 -0.0020971 -0.00233225 -0.00232854 -0.00217462 -0.00212888 -0.00210137 -0.0020675 -0.00212317 -0.00207906 -0.00207575 -0.00207938 -0.00182814 -0.00189052 -0.00194659 -0.00198127 -0.00193808 -0.00193002 -0.00177949 -0.00186459 -0.00196068 -0.00204187 -0.0019969 -0.00191531 -0.00185216 -0.00180086 -0.00191592 -0.0018104 -0.00184352 -0.00187812 -0.00184707 -0.00182003 -0.00192432 -0.00185732 -0.00192777 -0.00193248 -0.0018448 -0.0018549 -0.00187275 -0.00180005 -0.00186649 -0.00166403 -0.00187512 -0.00184026 -0.00177918 -0.00185105 -0.00182337 -0.00182999 -0.00191504 -0.00170524 -0.00186022 -0.00187029 -0.00173111 -0.00177943 -0.00169042 -0.00185214 -0.00184027 -0.00184231 -0.0018548 -0.00182815 -0.0018602 -0.00184169 -0.00189229 -0.00183351 -0.00192318 -0.00174049 -0.00184792 -0.00175865 -0.0017329 -0.00190409 -0.00174423 -0.00178755 -0.00182667 -0.00184207 -0.00177746 -0.00183141 -0.00180394 -0.00179064 
-0.00177963 -0.00180676 -0.00179636 -0.0017382 -0.00178971 -0.00181958 -0.00173708 -0.00165015 -0.0015679 -0.00143383 0.00228132 0.00249063 0.00248963 0.00275556 0.140025 0.0029776 0.00290987 0.00275446 0.00279273 0.00257487 -0.00155793 -0.00168896 -0.00182829 -0.00191887 -0.00209358 -0.00237209 -0.00201997 -0.00204525 -0.0020406 -0.00206874 -0.00210794 -0.00213153 -0.00202424 -0.0020402 -0.00188905 -0.00196328 -0.00190015 -0.0019216 -0.00195048 -0.00198543 -0.00178084 -0.00191772 -0.00186967 -0.00185618 -0.00189118 -0.00185187 -0.00184119 -0.00185982 -0.00174439 -0.00180921 -0.00186337 -0.00173221 -0.00182546 -0.00170923 -0.00168151 -0.00183524 -0.00184606 -0.00168349 -0.00173016 -0.00171904 -0.00183745 -0.00183629 -0.00168569 -0.0016685 -0.00179374 -0.00182908 -0.00182568 -0.0017724 -0.00176459 -0.00175414 -0.00183708 -0.00180176 -0.00174701 -0.00181023 -0.00172518 -0.00165911 -0.00179905 -0.00179481 -0.00181016 -0.00188663 -0.00184549 -0.00175344 -0.00179141 -0.00179171 -0.0018295 -0.00178797 -0.00180023 -0.00178045 -0.00176885 -0.00185972 -0.00177462 -0.00182335 -0.00174589 -0.00176842 -0.00179578 -0.00180206 -0.0016831 -0.00182645 -0.00175122 -0.00171856 
-0.00176649 -0.00187781 -0.00173568 -0.00185437 -0.00177754 -0.00185313 -0.00165353 -0.00163195 -0.00152716 -0.00142561 0.00247329 0.00268016 0.00262821 0.00292821 0.0029776 0.141258 0.00307642 0.0026946 0.0027572 0.00266498 -0.0016498 -0.00169719 -0.00185611 -0.00199586 -0.00217202 -0.002231 -0.00210278 -0.00202764 -0.00205202 -0.00202069 -0.00202464 -0.00207744 -0.00194249 -0.001951 -0.00186285 -0.00195062 -0.002019 -0.00198608 -0.00206938 -0.0019555 -0.00182951 -0.00186994 -0.00195676 -0.00190902 -0.00187897 -0.00191827 -0.00181705 -0.00190642 -0.00187244 -0.0018332 -0.00184545 -0.00187261 -0.00185657 -0.0018099 -0.00183895 -0.00182705 -0.00188345 -0.00188562 -0.00187633 -0.00181674 -0.00179521 -0.00182423 -0.00169517 -0.00172681 -0.0018262 -0.00176009 -0.00173352 -0.00186224 -0.00178297 -0.00180416 -0.00170597 -0.00183389 -0.00188905 -0.00171708 -0.00173607 -0.00177879 -0.00179465 -0.00175583 -0.00179479 -0.0018354 -0.00192187 -0.00183715 -0.00195866 -0.00185126 -0.00189851 -0.00183878 -0.00177264 -0.00176477 -0.0018808 -0.00186752 -0.00188043 -0.00175245 -0.00174576 -0.0018133 -0.00181586 -0.00178999 -0.00175725 -0.00175278 -0.00180301 -0.00173187 
-0.00183229 -0.00204061 -0.00201787 -0.00196684 -0.00202382 -0.00211675 -0.00205666 -0.00184694 -0.00179142 -0.0016223 -0.00158217 0.00230868 0.00244391 0.00276229 0.00290987 0.00307642 0.146145 0.00312698 0.00316711 0.00293139 0.00265077 0.00261686 -0.00173668 -0.00177868 -0.00211118 -0.00216946 -0.002192 -0.00224873 -0.00224826 -0.00225412 -0.00220553 -0.0021123 -0.00222591 -0.00222809 -0.00204946 -0.00195788 -0.00207164 -0.00207574 -0.00214456 -0.00204527 -0.00194242 -0.00195906 -0.00207989 -0.00203412 -0.00203093 -0.00202743 -0.00185041 -0.00186469 -0.00199915 -0.00196915 -0.00193949 -0.00190149 -0.00195035 -0.00189879 -0.00185217 -0.00189776 -0.00179165 -0.00192441 -0.0019605 -0.00189019 -0.00186697 -0.00204022 -0.00181522 -0.00187718 -0.00178671 -0.00197075 -0.00190807 -0.00194513 -0.00195656 -0.00201001 -0.00199696 -0.00191697 -0.0019244 -0.00192979 -0.00178271 -0.00184478 -0.00183655 -0.00189209 -0.00195168 -0.00200393 -0.00192464 -0.00194387 -0.00206824 -0.00183357 -0.00195608 -0.00198713 -0.00190946 -0.00181441 -0.00183339 -0.00198961 -0.00191526 -0.00187388 -0.00183992 -0.00191355 -0.00198749 -0.00189972 -0.00196226 -0.00192549 -0.00196538 -0.0018221 
-0.00191657 -0.00190794 -0.00195824 -0.00185675 -0.00187419 -0.00209155 -0.00207191 -0.00205265 -0.00199602 -0.00185156 -0.00173246 -0.00175916 -0.00152798 0.00259242 0.00275446 0.0026946 0.00312698 0.144666 0.00329789 0.00311765 0.00293241 0.0028776 0.0027385 -0.00150692 -0.00180295 -0.001855 -0.00201754 -0.00207847 -0.00211241 -0.00207147 -0.0021385 -0.00209167 -0.00219325 -0.00208952 -0.00199734 -0.00196219 -0.00201694 -0.00203278 -0.0020565 -0.00199967 -0.00197001 -0.00183527 -0.00198032 -0.00197717 -0.00206211 -0.00198855 -0.00190793 -0.00203072 -0.00190329 -0.00175792 -0.00191086 -0.00188637 -0.00182024 -0.00186026 -0.00191182 -0.00190368 -0.00184986 -0.00177356 -0.00188065 -0.00182778 -0.00183215 -0.00191501 -0.0016985 -0.00166704 -0.00188461 -0.00187712 -0.00184232 -0.00185215 -0.00195936 -0.00186986 -0.00185251 -0.00196085 -0.00182988 -0.00184915 -0.00180166 -0.00184207 -0.0018193 -0.00188396 -0.00182025 -0.00184728 -0.00180032 -0.00189978 -0.00185946 -0.00185566 -0.00188504 -0.00191411 -0.00191285 -0.00183873 -0.0017989 -0.00192151 -0.00187921 -0.00177896 -0.00184112 -0.00180361 -0.0018627 -0.00188478 -0.00189396 -0.00183651 -0.00188273 -0.00188547 
-0.0018475 -0.00188542 -0.00194905 -0.00189963 -0.00191217 -0.00210495 -0.00206277 -0.00204902 -0.0019785 -0.00186524 -0.00177669 -0.00158086 -0.00156535 0.00250462 0.00279273 0.0027572 0.00316711 0.00329789 0.145728 0.00309262 0.00292392 0.00282073 0.00258994 -0.00163272 -0.00185588 -0.00204412 -0.00198701 -0.00199526 -0.00209756 -0.00214223 -0.00223473 -0.00209278 -0.00213826 -0.00213434 -0.00193922 -0.00191985 -0.00205392 -0.00200074 -0.00196561 -0.00193385 -0.00185954 -0.00188909 -0.00197419 -0.0019545 -0.00191311 -0.00197048 -0.00189683 -0.00183985 -0.00197202 -0.00193098 -0.0018836 -0.00191282 -0.00182825 -0.00187372 -0.00190812 -0.00192475 -0.00189552 -0.00184375 -0.0019905 -0.0018825 -0.00183953 -0.0018457 -0.00178446 -0.00174951 -0.00190447 -0.001894 -0.00197307 -0.00199201 -0.00187065 -0.00187325 -0.00191749 -0.00188927 -0.00186621 -0.00183099 -0.00178127 -0.00179678 -0.00173984 -0.00193115 -0.001914 -0.00192861 -0.00193722 -0.00184386 -0.00186797 -0.0019521 -0.00190086 -0.00191364 -0.00203105 -0.0017855 -0.00177595 -0.00191456 -0.00186877 -0.0018237 -0.00189916 -0.00190608 -0.00189619 -0.00188477 -0.00181207 -0.00185065 -0.00191295 -0.00178578 
-0.00197006 -0.001987 -0.00206329 -0.00202129 -0.00204962 -0.00211185 -0.00216716 -0.00220247 -0.00218247 -0.00211254 -0.00195196 -0.00191773 -0.00183107 -0.00170683 0.00257487 0.00266498 0.00293139 0.00311765 0.00309262 0.149332 0.00327614 0.00313127 0.0031 0.00280208 0.00257557 -0.00166229 -0.00193966 -0.00195366 -0.00203801 -0.00205639 -0.00223004 -0.00222642 -0.00224253 -0.00221665 -0.00209723 -0.00201455 -0.00222867 -0.00218138 -0.00229565 -0.0021637 -0.00209611 -0.00202032 -0.00203675 -0.00217308 -0.00220148 -0.00212319 -0.00196906 -0.00203211 -0.0020552 -0.00200302 -0.00205992 -0.00195008 -0.00199529 -0.00199295 -0.00196329 -0.00197596 -0.0019725 -0.00203021 -0.00193358 -0.00200568 -0.00193627 -0.00199812 -0.00185082 -0.00185779 -0.00193209 -0.00201756 -0.00201934 -0.00196785 -0.00193214 -0.00197243 -0.0019841 -0.00201812 -0.00185805 -0.00196934 -0.00184256 -0.00182343 -0.00190984 -0.00194264 -0.00207727 -0.00204599 -0.00199756 -0.00200141 -0.00200025 -0.00202769 -0.0020236 -0.0018914 -0.00195412 -0.00182681 -0.00192368 -0.00203977 -0.00202879 -0.00188449 -0.00199817 -0.00198614 -0.00187703 -0.00201741 -0.00199624 -0.00189923 -0.00195531 -0.00190154 
-0.00184897 -0.00196418 -0.00199509 -0.00188886 -0.00195072 -0.00207157 -0.00200233 -0.00216674 -0.00212734 -0.00200796 -0.00214242 -0.00208787 -0.00201037 -0.00177239 -0.00155793 -0.0016498 0.00265077 0.00293241 0.00292392 0.00327614 0.146522 0.00323177 0.00314829 0.00281401 0.00269588 0.0026146 -0.00160275 -0.00173621 -0.00187836 -0.00182411 -0.00208236 -0.0021156 -0.00216409 -0.00204854 -0.00203428 -0.00193541 -0.00191671 -0.00191498 -0.00199301 -0.00191607 -0.0019269 -0.00183459 -0.00204857 -0.00208805 -0.00198071 -0.00203436 -0.00190762 -0.00182079 -0.00182187 -0.00184276 -0.0018013 -0.00190959 -0.00191186 -0.00194599 -0.00190542 -0.00191247 -0.00188866 -0.00194697 -0.0019341 -0.0019031 -0.00181525 -0.00197157 -0.00191334 -0.001747 -0.00197641 -0.00193782 -0.00193108 -0.00189269 -0.00190104 -0.00204026 -0.00185876 -0.0018541 -0.00195052 -0.00192528 -0.00179135 -0.00186911 -0.00188312 -0.00188067 -0.00190269 -0.00197372 -0.00194738 -0.00198411 -0.00198137 -0.00191821 -0.00185315 -0.00185585 -0.00187701 -0.00179803 -0.00183555 -0.00184569 -0.00195027 -0.00187365 -0.00193529 -0.00189069 -0.00190536 -0.00199145 -0.00194657 -0.00194669 -0.00184084 -0.00184446 
-0.00185148 -0.00198533 -0.00190085 -0.00188069 -0.00185661 -0.00208443 -0.00207943 -0.00215959 -0.00202486 -0.0020633 -0.00212493 -0.00215842 -0.00192002 -0.00199195 -0.00168896 -0.00169719 0.00261686 0.0028776 0.00282073 0.00313127 0.00323177 0.146257 0.00307595 0.0028953 0.0027319 0.00262224 -0.00167691 -0.00179043 -0.0018718 -0.00185032 -0.00195092 -0.00215502 -0.00214426 -0.00205033 -0.00195365 -0.00201564 -0.00201908 -0.00198791 -0.00207552 -0.00204661 -0.00195056 -0.00193215 -0.00200185 -0.00205293 -0.00198369 -0.00199494 -0.00190303 -0.00185627 -0.00199304 -0.00180797 -0.00198219 -0.00181494 -0.00197092 -0.00180319 -0.00186453 -0.00188394 -0.00182198 -0.00184981 -0.00190911 -0.00191306 -0.00190733 -0.00186639 -0.00180984 -0.00188296 -0.00193114 -0.0018665 -0.00193307 -0.0018918 -0.00194124 -0.00190908 -0.00196576 -0.00190396 -0.00183179 -0.00189922 -0.00175079 -0.00184678 -0.00181894 -0.00189724 -0.00190474 -0.00187404 -0.00193624 -0.00187216 -0.00187234 -0.0018615 -0.00190279 -0.00183497 -0.00182974 -0.00179491 -0.00184935 -0.00194208 -0.00189716 -0.00184835 -0.00193712 -0.00189254 -0.00188476 -0.00187663 -0.00186261 -0.00185414 -0.00185526 -0.00167655 
-0.00187836 -0.00190419 -0.00197335 -0.00194511 -0.00190578 -0.00212122 -0.00195375 -0.00210051 -0.0021367 -0.00202855 -0.0021106 -0.00216568 -0.00212337 -0.0019188 -0.00182829 -0.00185611 -0.00173668 0.0027385 0.00258994 0.0031 0.00314829 0.00307595 0.145567 0.00286451 0.00297964 0.0027239 0.00243302 -0.0016376 -0.00166487 -0.001746 -0.00190055 -0.00206999 -0.00214904 -0.00201721 -0.00197273 -0.00197102 -0.00199811 -0.00207225 -0.00202562 -0.00210965 -0.00190956 -0.00190857 -0.00198909 -0.00204854 -0.00195806 -0.00199706 -0.00185812 -0.00191702 -0.00187145 -0.00184527 -0.00179165 -0.00182042 -0.00190008 -0.00180435 -0.00186212 -0.00181016 -0.00179415 -0.00184336 -0.00189248 -0.00182054 -0.00184244 -0.00185097 -0.00187773 -0.00179732 -0.00187749 -0.00196836 -0.00186384 -0.00192472 -0.00184394 -0.00185942 -0.00193278 -0.00192546 -0.00190157 -0.00185635 -0.00179123 -0.00167052 -0.00177991 -0.00191416 -0.00181459 -0.00175335 -0.00196744 -0.00178363 -0.00190379 -0.00192151 -0.00190221 -0.00183326 -0.00185329 -0.00174259 -0.00181706 -0.00190189 -0.00192711 -0.00192242 -0.00191779 -0.00184766 -0.00193078 -0.00194867 -0.00183823 -0.0018863 -0.00192709 -0.0017381 
-0.0017362 -0.00183989 -0.00185805 -0.00184949 -0.0018079 -0.00186167 -0.00199447 -0.00194788 -0.00203016 -0.00197892 -0.00207564 -0.00218657 -0.00197573 -0.0020971 -0.00191887 -0.00199586 -0.00177868 -0.00150692 -0.00163272 0.00280208 0.00281401 0.0028953 0.00286451 0.14112 0.00299723 0.00288681 0.00257226 0.00232709 -0.00146849 -0.00143955 -0.00165574 -0.00178294 -0.00181972 -0.00197618 -0.00188513 -0.00187571 -0.00195937 -0.00195025 -0.00198818 -0.00198977 -0.00186619 -0.00182564 -0.00192607 -0.00191913 -0.00188581 -0.00182913 -0.00176273 -0.00175217 -0.00180393 -0.00171106 -0.00176617 -0.00175924 -0.00184242 -0.00170977 -0.00182139 -0.00185494 -0.00174014 -0.0017524 -0.00175506 -0.00167415 -0.00169866 -0.00180826 -0.00166162 -0.00165557 -0.00176875 -0.00176086 -0.00173131 -0.00173397 -0.00182856 -0.00179242 -0.00180128 -0.00168882 -0.001744 -0.00177873 -0.00161485 -0.00165522 -0.00165312 -0.00166442 -0.00172969 -0.00176832 -0.00178103 -0.00172211 -0.00171537 -0.00169524 -0.00173129 -0.00180685 -0.00178311 -0.0017462 -0.00177061 -0.00183008 -0.00169901 -0.00173435 -0.0017531 -0.00172092 -0.00167115 -0.00175656 -0.00173412 -0.00175928 -0.00185384 -0.00165561 
-0.00196666 -0.00197475 -0.00194866 -0.00197411 -0.00200682 -0.00212539 -0.00216512 -0.00207269 -0.00219129 -0.00215021 -0.00227914 -0.00229383 -0.00210631 -0.00233225 -0.00209358 -0.00217202 -0.00211118 -0.00180295 -0.00185588 0.00257557 0.00269588 0.0027319 0.00297964 0.00299723 0.146177 0.00310874 0.00277988 0.00257579 0.00250489 0.00251016 -0.00164021 -0.00163337 -0.00182565 -0.00178642 -0.00199304 -0.00190896 -0.00199855 -0.00199636 -0.00213369 -0.00206541 -0.00195681 -0.00210206 -0.00200988 -0.00213533 -0.0020904 -0.00211626 -0.00194195 -0.00194445 -0.00197624 -0.00198706 -0.00195617 -0.00189259 -0.00191143 -0.00190236 -0.00197223 -0.00183527 -0.00198029 -0.00198925 -0.00182378 -0.00195263 -0.00194243 -0.00185967 -0.00179827 -0.00182863 -0.00188028 -0.00186146 -0.00188084 -0.00189553 -0.00200768 -0.00188753 -0.00184328 -0.00199291 -0.00196357 -0.00190938 -0.00179108 -0.00173349 -0.0019087 -0.00187634 -0.00186853 -0.00190224 -0.00189118 -0.00188567 -0.0019355 -0.00202753 -0.00189367 -0.00184427 -0.00190311 -0.00182363 -0.00184043 -0.00191783 -0.00178365 -0.00193459 -0.00191566 -0.00188306 -0.00191678 -0.00186809 -0.00191746 -0.00190207 -0.00192522 -0.00191445 
-0.00198246 -0.00193519 -0.00203297 -0.00192684 -0.00195139 -0.00202712 -0.00206574 -0.00207774 -0.00208481 -0.00210851 -0.00211988 -0.00228238 -0.00207399 -0.00232854 -0.00237209 -0.002231 -0.00216946 -0.001855 -0.00204412 -0.00166229 0.0026146 0.00262224 0.0027239 0.00288681 0.00310874 0.144155 0.00289524 0.00276264 0.00256755 0.00259543 0.00237878 -0.00153217 -0.00158327 -0.00161795 -0.00197489 -0.00180578 -0.00200483 -0.00198184 -0.00200438 -0.00199544 -0.00201296 -0.00202183 -0.00197796 -0.00202178 -0.00201971 -0.00202277 -0.00191348 -0.00183849 -0.00191255 -0.00191143 -0.00189486 -0.00186059 -0.00189022 -0.00190485 -0.00187217 -0.0018576 -0.00181625 -0.00181668 -0.00191317 -0.00184871 -0.00186218 -0.00182073 -0.00180392 -0.00178107 -0.00181201 -0.00185982 -0.00185621 -0.00187864 -0.00201269 -0.00190703 -0.00192299 -0.00194461 -0.00194162 -0.00180424 -0.00191522 -0.00174596 -0.00179111 -0.00188995 -0.0019168 -0.00186028 -0.00196 -0.00182797 -0.00187341 -0.00187995 -0.00184103 -0.00180108 -0.00187249 -0.00184483 -0.00176604 -0.00192348 -0.00191378 -0.00191887 -0.00196703 -0.00194313 -0.00198992 -0.00189945 -0.00197721 -0.00195872 -0.00191118 -0.00175447 
-0.00186456 -0.00176591 -0.00176222 -0.00182568 -0.00189757 -0.0019522 -0.00199625 -0.00198259 -0.00202575 -0.00198759 -0.00210846 -0.00214832 -0.00201293 -0.00217462 -0.00201997 -0.00210278 -0.002192 -0.00201754 -0.00198701 -0.00193966 -0.00160275 -0.00167691 0.00243302 0.00257226 0.00277988 0.00289524 0.138903 0.00274802 0.00259199 0.00253991 0.00245477 0.00234028 -0.00137933 -0.00148222 -0.00160827 -0.00157335 -0.00177519 -0.00185235 -0.00192374 -0.00183116 -0.00183226 -0.00183655 -0.00184817 -0.00201558 -0.00173214 -0.00188612 -0.00183883 -0.00174405 -0.00177294 -0.00177121 -0.00170282 -0.00177224 -0.00173803 -0.00183714 -0.00173474 -0.00173978 -0.00166366 -0.00182137 -0.00170296 -0.00173777 -0.00177789 -0.00172543 -0.00171519 -0.00171695 -0.00170217 -0.00175113 -0.00165928 -0.00168649 -0.00187795 -0.00187789 -0.00178353 -0.00174166 -0.00174233 -0.00171028 -0.00169534 -0.00173847 -0.00164459 -0.00173661 -0.00178204 -0.00173516 -0.00181274 -0.00175876 -0.00174498 -0.00177305 -0.00175723 -0.00177395 -0.00174603 -0.001621 -0.00164706 -0.00178781 -0.00177372 -0.00170187 -0.00178043 -0.00183395 -0.00191687 -0.00169681 -0.00179998 -0.00180134 -0.00178038 -0.00175257 
-0.00181862 -0.0017527 -0.00170668 -0.00182242 -0.00176113 -0.00194714 -0.00193233 -0.00195206 -0.00201575 -0.00183638 -0.00198371 -0.00199945 -0.0020327 -0.00212888 -0.00204525 -0.00202764 -0.00224873 -0.00207847 -0.00199526 -0.00195366 -0.00173621 -0.00179043 -0.0016376 0.00232709 0.00257579 0.00276264 0.00274802 0.137005 0.00260435 0.00269194 0.00250801 0.00233483 0.00216088 -0.00135714 -0.00153702 -0.0015525 -0.00164398 -0.00175184 -0.00186835 -0.00184917 -0.00182146 -0.00181129 -0.00183008 -0.00197105 -0.00184099 -0.00187041 -0.00167655 -0.00177958 -0.00173377 -0.00174014 -0.0017446 -0.00171134 -0.00170555 -0.00177043 -0.0017871 -0.00174956 -0.00181337 -0.0017733 -0.00172631 -0.00172463 -0.00174455 -0.00176465 -0.00163726 -0.00169491 -0.00178166 -0.00170557 -0.00167745 -0.00171494 -0.00174191 -0.00174708 -0.00174242 -0.00167143 -0.00169209 -0.00177876 -0.00171342 -0.00165523 -0.00161448 -0.00177394 -0.0017851 -0.00170306 -0.00174674 -0.00174123 -0.00176033 -0.00174298 -0.00162809 -0.00176994 -0.00171783 -0.00162629 -0.00160353 -0.0017321 -0.00163396 -0.0017061 -0.00171104 -0.00167433 -0.00170611 -0.00175066 -0.00177309 -0.00162205 -0.00175027 -0.00163692 
-0.00180306 -0.00174501 -0.00164352 -0.00175363 -0.00170715 -0.0018852 -0.00193054 -0.00190227 -0.00198098 -0.0018851 -0.00199702 -0.00202282 -0.00200459 -0.00210137 -0.0020406 -0.00205202 -0.00224826 -0.00211241 -0.00209756 -0.00203801 -0.00187836 -0.0018718 -0.00166487 -0.00146849 0.00250489 0.00256755 0.00259199 0.00260435 0.135493 0.00281501 0.00264156 0.00252786 0.00236239 0.00221666 -0.0013957 -0.00135598 -0.00160734 -0.00157016 -0.00162993 -0.00180585 -0.00167451 -0.00178162 -0.00174909 -0.00173272 -0.00179291 -0.00185933 -0.00177748 -0.00182174 -0.00170668 -0.00178084 -0.00179781 -0.00169756 -0.00170871 -0.00183251 -0.00176964 -0.00174158 -0.00166861 -0.00167102 -0.0017054 -0.00173343 -0.00177304 -0.00172981 -0.00152743 -0.00165844 -0.00165328 -0.00170054 -0.00170067 -0.00173027 -0.00170871 -0.00178529 -0.00179074 -0.00172565 -0.00173214 -0.00174607 -0.00170964 -0.00161899 -0.00167978 -0.00178958 -0.00170738 -0.00170957 -0.00168997 -0.00170376 -0.00176136 -0.00173639 -0.00168497 -0.00169307 -0.00175761 -0.00160493 -0.00165241 -0.00167463 -0.00165886 -0.00166547 -0.00173051 -0.00170842 -0.00168406 -0.00173732 -0.00169688 -0.00177689 -0.00173245 -0.00159498 
-0.00168487 -0.00179399 -0.00171232 -0.00173617 -0.00181342 -0.00188763 -0.00184267 -0.00181685 -0.00203188 -0.00185068 -0.00197684 -0.00205019 -0.00200707 -0.0020675 -0.00206874 -0.00202069 -0.00225412 -0.00207147 -0.00214223 -0.00205639 -0.00182411 -0.00185032 -0.001746 -0.00143955 0.00251016 0.00259543 0.00253991 0.00269194 0.00281501 0.133883 0.00263085 0.00251299 0.00228917 0.00231175 -0.00141225 -0.00137702 -0.00155252 -0.00155204 -0.00170082 -0.00191853 -0.00169466 -0.00175397 -0.00184814 -0.00178871 -0.00183791 -0.00187525 -0.00176614 -0.00172716 -0.00168207 -0.00177703 -0.00167466 -0.00163523 -0.00158583 -0.0016514 -0.0016405 -0.00168516 -0.00167336 -0.00160751 -0.00172953 -0.00167853 -0.0016665 -0.00175199 -0.00162239 -0.00160923 -0.00170252 -0.00172203 -0.00171076 -0.0017473 -0.00163239 -0.00170369 -0.0016529 -0.00166441 -0.00168048 -0.00172678 -0.00159817 -0.00162581 -0.00155479 -0.00164892 -0.00168312 -0.00166818 -0.00174226 -0.00174572 -0.00174106 -0.00175155 -0.00160291 -0.00168104 -0.00171191 -0.00163513 -0.00159235 -0.00172753 -0.00169289 -0.0017267 -0.0017089 -0.0015315 -0.00176613 -0.00171009 -0.00174545 -0.00171412 -0.00164975 -0.00165897 
-0.00179384 -0.00174197 -0.00176871 -0.00179932 -0.00179068 -0.00190785 -0.0019236 -0.00199647 -0.00201614 -0.00195047 -0.00201598 -0.00200155 -0.00203435 -0.00212317 -0.00210794 -0.00202464 -0.00220553 -0.0021385 -0.00223473 -0.00223004 -0.00208236 -0.00195092 -0.00190055 -0.00165574 -0.00164021 0.00237878 0.00245477 0.00250801 0.00264156 0.00263085 0.134478 0.00271936 0.00260357 0.00243756 0.00212336 0.0020915 -0.00143113 -0.00143407 -0.00154179 -0.00173747 -0.00176991 -0.0017424 -0.00184463 -0.00176154 -0.00179094 -0.00181512 -0.00168735 -0.00181356 -0.00178241 -0.00177449 -0.00171728 -0.00177965 -0.00173437 -0.00168252 -0.0017729 -0.00170984 -0.0017154 -0.00168494 -0.00173618 -0.0017665 -0.0017455 -0.00164674 -0.00168105 -0.00167463 -0.00171721 -0.00178195 -0.00174243 -0.00166826 -0.00174555 -0.00173197 -0.00167465 -0.00174436 -0.00180568 -0.00173404 -0.00167357 -0.00160809 -0.00165717 -0.00177072 -0.00173578 -0.00170855 -0.00173687 -0.00168609 -0.0017604 -0.00170936 -0.0016529 -0.00172843 -0.00179579 -0.00175633 -0.00158428 -0.00173573 -0.001796 -0.00170755 -0.00175206 -0.00181068 -0.00180984 -0.00171797 -0.00174188 -0.00169627 -0.00169799 -0.00168088 
-0.00168689 -0.00176976 -0.00174275 -0.00181812 -0.00178236 -0.00182598 -0.00194004 -0.00191177 -0.00195926 -0.00184165 -0.00201664 -0.00204031 -0.00191624 -0.00207906 -0.00213153 -0.00207744 -0.0021123 -0.00209167 -0.00209278 -0.00222642 -0.0021156 -0.00215502 -0.00206999 -0.00178294 -0.00163337 -0.00153217 0.00234028 0.00233483 0.00252786 0.00251299 0.00271936 0.133064 0.0024628 0.00254539 0.00221769 0.00225424 0.00204668 -0.0011885 -0.00144125 -0.0014645 -0.00170187 -0.00162712 -0.00183308 -0.00178834 -0.00181994 -0.00178668 -0.00174681 -0.00166045 -0.00175955 -0.00179081 -0.00168409 -0.00168764 -0.00169252 -0.00165578 -0.00170297 -0.00179041 -0.00174463 -0.0017055 -0.00171988 -0.00171885 -0.00180402 -0.00171306 -0.00163543 -0.00159494 -0.00176578 -0.00175906 -0.00163464 -0.00164464 -0.00166955 -0.00174172 -0.00173586 -0.00167668 -0.00172215 -0.0016708 -0.00171515 -0.00156372 -0.00161218 -0.0017552 -0.00172043 -0.0017253 -0.0017599 -0.00173367 -0.00181942 -0.00171301 -0.00170951 -0.00167994 -0.00171873 -0.00165334 -0.00164929 -0.00174314 -0.00166403 -0.00171531 -0.0017395 -0.00173734 -0.00166892 -0.00168746 -0.0016901 -0.00172324 -0.00170693 -0.00158967 
-0.00166082 -0.00173671 -0.00169316 -0.00177011 -0.00170316 -0.00180516 -0.00190614 -0.00182338 -0.00200713 -0.00187007 -0.00197495 -0.00197959 -0.00189401 -0.00207575 -0.00202424 -0.00194249 -0.00222591 -0.00219325 -0.00213826 -0.00224253 -0.00216409 -0.00214426 -0.00214904 -0.00181972 -0.00182565 -0.00158327 -0.00137933 0.00216088 0.00236239 0.00228917 0.00260357 0.0024628 0.131719 0.00259283 0.00236651 0.00230177 0.00206292 0.00205637 -0.00128238 -0.00142546 -0.0014842 -0.0014933 -0.00173606 -0.00176351 -0.00179883 -0.00174128 -0.00171784 -0.00173581 -0.00172644 -0.00174344 -0.00173525 -0.00171415 -0.00167897 -0.00170099 -0.00171289 -0.001672 -0.00162103 -0.00169323 -0.00165546 -0.00174008 -0.00167185 -0.00163077 -0.00162647 -0.00156801 -0.00163128 -0.00165947 -0.00158594 -0.00172316 -0.00179409 -0.00160419 -0.00172094 -0.00169164 -0.00167849 -0.0016653 -0.00162759 -0.00156455 -0.00159119 -0.00180292 -0.00168181 -0.001721 -0.00167102 -0.00177924 -0.00173876 -0.00164177 -0.00176408 -0.00171378 -0.00170394 -0.00163803 -0.00148028 -0.00170677 -0.00167313 -0.00172529 -0.00163993 -0.00157096 -0.00162109 -0.00169427 -0.00163536 -0.00165884 -0.00170217 -0.0016744 
