0.123238 0.00227682 0.00216307 0.00220437 0.00194471 0.00194957 -0.00113908 -0.0013186 -0.00141999 -0.00145462 -0.00153148 -0.00182291 -0.00174619 -0.00184835 -0.00189666 -0.00183997 -0.00200701 -0.00198438 -0.00191839 -0.00190423 -0.00203886 -0.00201763 -0.001947 -0.00167458 -0.00200099 -0.00197938 -0.00174213 -0.00166033 -0.0017728 -0.0017767 -0.00179851 -0.00166292 -0.0017352 -0.00177579 -0.00155408 -0.00163685 -0.00162259 -0.00164912 -0.00156443 -0.00163947 -0.00154088 -0.00148955 -0.00154728 -0.00158133 -0.00169112 -0.0015114 -0.00153325 -0.00157173 -0.00148422 -0.00145982 -0.00147833 -0.00151747 -0.00153424 -0.00157123 -0.00155972 -0.00147868 -0.0014677 -0.00152906 -0.00150638 -0.00152593 -0.00145928 -0.00149021 -0.00138483 -0.00146766 -0.00158269 -0.00154601 -0.00154401 -0.0015252 -0.00153458 -0.0015691 -0.00143361 -0.00149734 -0.00157035 -0.00155932 -0.00149767 -0.00143844 -0.00142758 -0.00147119 -0.00156977 -0.0014508 -0.00147506 -0.00152791 -0.00147015 -0.00148965 -0.00140204 -0.00153935 -0.00139787 -0.0014086 -0.00144277 -0.00146216 -0.00142212 -0.00139039 -0.00136703 -0.00117726 -0.0011896 -0.00113213 0.00192351 0.00199446 0.00211469 0.00216544 
0.00227682 0.123411 0.00229479 0.00223185 0.00205735 0.0021108 0.00194903 -0.00123529 -0.00140504 -0.00133745 -0.00156939 -0.00171249 -0.00165675 -0.00182111 -0.00176731 -0.0018365 -0.00199856 -0.00187646 -0.00185346 -0.00208501 -0.00194289 -0.00192955 -0.00196867 -0.0018138 -0.00204322 -0.00186771 -0.0018319 -0.00178222 -0.0017524 -0.0017684 -0.00185793 -0.00168458 -0.0017462 -0.00163172 -0.00162891 -0.00155612 -0.00166332 -0.0016421 -0.00160288 -0.00156854 -0.00155815 -0.00159778 -0.00160729 -0.00163314 -0.00161842 -0.00161566 -0.00156771 -0.00150644 -0.0015511 -0.00148876 -0.00161792 -0.00150413 -0.00151083 -0.00149332 -0.00155146 -0.00142608 -0.00145425 -0.00149382 -0.0015048 -0.00159609 -0.00156942 -0.00160824 -0.0014914 -0.00145377 -0.00145581 -0.00153493 -0.00148424 -0.001567 -0.00150685 -0.00148634 -0.00149869 -0.00144283 -0.00141712 -0.00149402 -0.00148029 -0.00144783 -0.00136706 -0.00155643 -0.00149002 -0.00147229 -0.00148339 -0.00151176 -0.0014755 -0.00145331 -0.00147627 -0.00147852 -0.00150129 -0.00148677 -0.00148525 -0.00141488 -0.00147138 -0.0015503 -0.00134715 -0.00124524 -0.00138285 -0.00122567 -0.00111944 0.00189933 0.00193565 0.00210158 
0.00216307 0.00229479 0.123772 0.0023475 0.00214913 0.00223359 0.00217395 0.00205206 -0.00124853 -0.00126811 -0.00148297 -0.00154995 -0.00155709 -0.00181147 -0.00185241 -0.00183445 -0.0019899 -0.00187748 -0.001967 -0.00203406 -0.00186966 -0.0019197 -0.00196003 -0.00178083 -0.00195577 -0.001937 -0.00174326 -0.00171276 -0.0017571 -0.00166982 -0.00176167 -0.00173057 -0.00172622 -0.00173523 -0.00164033 -0.00167484 -0.00161036 -0.00159635 -0.00165559 -0.00164051 -0.00151368 -0.00150888 -0.00169745 -0.00163134 -0.00165988 -0.00159673 -0.00157748 -0.00159338 -0.00154609 -0.00155559 -0.00154489 -0.00158689 -0.001501 -0.00152932 -0.00153291 -0.00145183 -0.00157655 -0.00147688 -0.00153423 -0.00158894 -0.00152896 -0.00147041 -0.00151052 -0.00151464 -0.00154555 -0.00155109 -0.00151872 -0.00146033 -0.00157543 -0.00153534 -0.00154715 -0.00158996 -0.00156633 -0.00146678 -0.0015491 -0.00146052 -0.00149337 -0.00155916 -0.00154541 -0.00151897 -0.0014917 -0.00148184 -0.00145909 -0.00153104 -0.0014783 -0.00153138 -0.00155792 -0.00139123 -0.00139264 -0.00152964 -0.00150339 -0.00149125 -0.00152314 -0.00145912 -0.00130804 -0.00134874 -0.00114639 -0.00118091 0.00192769 0.00195495 
0.00220437 0.00223185 0.0023475 0.124226 0.00224636 0.00228537 0.00219753 0.00208599 0.00206384 -0.00123915 -0.00137832 -0.00145665 -0.00147157 -0.00174503 -0.00184217 -0.00179181 -0.00191428 -0.00191359 -0.00195808 -0.00206743 -0.0018954 -0.00191598 -0.0019226 -0.00182347 -0.00205138 -0.00192899 -0.00178568 -0.00178126 -0.00178513 -0.00178551 -0.00178419 -0.00177466 -0.00174002 -0.00173455 -0.00158459 -0.00169331 -0.00176439 -0.0017335 -0.00166407 -0.00160085 -0.00160824 -0.00151574 -0.00167393 -0.00163274 -0.0016393 -0.00163249 -0.00158294 -0.00161169 -0.00152659 -0.00160982 -0.00150321 -0.0015504 -0.00151858 -0.00145467 -0.00148792 -0.00157689 -0.00160358 -0.00154117 -0.00149985 -0.00153447 -0.00158206 -0.00148488 -0.00144257 -0.00154082 -0.00148168 -0.0015051 -0.00154838 -0.00139855 -0.00149886 -0.00151932 -0.00157638 -0.00150769 -0.00147725 -0.0015448 -0.00157417 -0.00146522 -0.00149006 -0.0015577 -0.00152722 -0.00149922 -0.00151091 -0.0015102 -0.00150554 -0.00153731 -0.00145844 -0.0014829 -0.00154071 -0.00139274 -0.00144663 -0.00154478 -0.00153674 -0.00153286 -0.00152375 -0.00149562 -0.00150406 -0.00138783 -0.00137842 -0.0013014 -0.00115372 0.00190911 
0.00194471 0.00205735 0.00214913 0.00224636 0.125062 0.00250919 0.00240874 0.00228055 0.00222017 0.00206742 -0.00117485 -0.00146128 -0.00141638 -0.00169596 -0.00183096 -0.00182989 -0.00202714 -0.00194324 -0.00193945 -0.00196822 -0.00190477 -0.00203055 -0.00200509 -0.00181505 -0.0020416 -0.00191747 -0.00172954 -0.00174897 -0.00174471 -0.00182082 -0.00184009 -0.00173068 -0.00182402 -0.00180014 -0.00169133 -0.0016525 -0.00169688 -0.00161877 -0.00172547 -0.00159774 -0.00159045 -0.00154827 -0.00162488 -0.00164684 -0.00164879 -0.00161559 -0.00153442 -0.00151876 -0.00165005 -0.00150028 -0.0015561 -0.00157151 -0.001577 -0.00148318 -0.00154406 -0.00155928 -0.00150761 -0.00155763 -0.00160587 -0.00153296 -0.00158207 -0.00147825 -0.00150647 -0.00147979 -0.00149227 -0.00151491 -0.00147257 -0.00154039 -0.00157233 -0.00155173 -0.00155425 -0.00155963 -0.00164691 -0.00158119 -0.001448 -0.00148315 -0.00151199 -0.00150314 -0.00157343 -0.00147675 -0.00156361 -0.00160196 -0.00150083 -0.00152629 -0.0015492 -0.00153769 -0.00157026 -0.00156787 -0.00153578 -0.00157022 -0.00151981 -0.00158356 -0.00147903 -0.00147787 -0.00152081 -0.00153964 -0.00139656 -0.0013741 -0.00124892 -0.0011558 
0.00194957 0.0021108 0.00223359 0.00228537 0.00250919 0.128283 0.00254194 0.00238027 0.00224588 0.00220292 0.00215243 -0.0013856 -0.00141612 -0.00172106 -0.00184651 -0.00183466 -0.00211836 -0.002061 -0.00203108 -0.00218163 -0.00216462 -0.00203645 -0.00209061 -0.00192162 -0.00226006 -0.00202884 -0.00194454 -0.00193603 -0.00181357 -0.00184129 -0.00184053 -0.00177516 -0.00177616 -0.00185976 -0.00166059 -0.0017875 -0.0017251 -0.00178739 -0.00170147 -0.0017699 -0.00158065 -0.00162555 -0.00174745 -0.00172753 -0.00175323 -0.00177578 -0.00165447 -0.00166265 -0.00172384 -0.00174208 -0.00163881 -0.00161567 -0.00158863 -0.00166342 -0.00163155 -0.00164029 -0.00156719 -0.00162717 -0.00162292 -0.00166838 -0.00166525 -0.00164358 -0.00159256 -0.00168751 -0.00160688 -0.00168377 -0.00166317 -0.00159644 -0.00159501 -0.00167684 -0.00151161 -0.00155795 -0.0016598 -0.00168756 -0.0016006 -0.00151567 -0.0014728 -0.00161476 -0.00161964 -0.00157639 -0.00158067 -0.00169832 -0.00164743 -0.00157866 -0.00151085 -0.00162098 -0.00166215 -0.00151699 -0.00164054 -0.00161081 -0.00162094 -0.00161947 -0.00164352 -0.00158927 -0.0016578 -0.00155099 -0.00151703 -0.00140897 -0.00132795 -0.00108977 
-0.00113908 0.00194903 0.00217395 0.00219753 0.00240874 0.00254194 0.129321 0.00251887 0.00231667 0.00220047 0.0023057 0.00215115 -0.0013434 -0.00154697 -0.00171985 -0.00175313 -0.00191973 -0.00205633 -0.00203782 -0.00224367 -0.00204666 -0.00207902 -0.00218211 -0.00200753 -0.00218842 -0.00215195 -0.00197406 -0.00202774 -0.00184382 -0.00197485 -0.00199142 -0.00194835 -0.00191288 -0.001886 -0.00180392 -0.00184457 -0.00173997 -0.00172103 -0.00172342 -0.0016988 -0.00167104 -0.00171454 -0.00175871 -0.00178008 -0.00170741 -0.00168386 -0.00173981 -0.00161683 -0.0016406 -0.00165691 -0.00170986 -0.00169456 -0.00162762 -0.00157679 -0.00165505 -0.00166145 -0.00158648 -0.00167491 -0.00174328 -0.00157798 -0.00163175 -0.00158657 -0.0015622 -0.00153902 -0.00162996 -0.00159526 -0.00153934 -0.00161362 -0.00162385 -0.00163656 -0.00161013 -0.00161941 -0.00163669 -0.00164019 -0.00158759 -0.00156496 -0.00158497 -0.00153735 -0.00165213 -0.00170482 -0.00163982 -0.00166107 -0.00165297 -0.00166761 -0.00164054 -0.00162978 -0.00165748 -0.00156321 -0.00156689 -0.0016388 -0.00156136 -0.00170118 -0.00166416 -0.00162261 -0.00164579 -0.00161853 -0.00159441 -0.0015309 -0.0014376 -0.00130943 
-0.0013186 -0.00123529 0.00205206 0.00208599 0.00228055 0.00238027 0.00251887 0.130124 0.00253232 0.0025119 0.00236198 0.00239752 0.00213056 -0.00142579 -0.00159231 -0.00161695 -0.00187191 -0.00208043 -0.00203107 -0.00224326 -0.00211763 -0.00216743 -0.00212083 -0.00200624 -0.00217192 -0.00212067 -0.00205842 -0.0019066 -0.00188295 -0.00198517 -0.00188643 -0.00192833 -0.00183669 -0.00187907 -0.00178697 -0.00177227 -0.00182425 -0.00188034 -0.00180154 -0.00178246 -0.00168132 -0.00166814 -0.00181169 -0.00167052 -0.0017983 -0.00177006 -0.00169295 -0.00165107 -0.00169114 -0.00165437 -0.00157927 -0.00168481 -0.00175118 -0.00170312 -0.00163604 -0.00175711 -0.00165502 -0.00165942 -0.00169179 -0.00159549 -0.00157938 -0.0017574 -0.00151423 -0.00160958 -0.00169818 -0.00163216 -0.001663 -0.00169638 -0.00171351 -0.00157594 -0.00154738 -0.00165703 -0.00161851 -0.00165423 -0.00154266 -0.00169654 -0.00163162 -0.00170823 -0.0016808 -0.00155519 -0.00161322 -0.00172003 -0.00172467 -0.00162919 -0.00161189 -0.00166453 -0.00162744 -0.00159834 -0.00156916 -0.00178747 -0.00165093 -0.00158814 -0.00165431 -0.00166733 -0.00158216 -0.00165935 -0.00161325 -0.00167997 -0.00149246 -0.00137528 
-0.00141999 -0.00140504 -0.00124853 0.00206384 0.00222017 0.00224588 0.00231667 0.00253232 0.131376 0.00254237 0.00251947 0.00255616 0.00233482 0.002255 -0.00161208 -0.00156188 -0.00174824 -0.00197457 -0.00196141 -0.00220858 -0.00220148 -0.00209931 -0.00216392 -0.0021079 -0.00222502 -0.00210499 -0.00202492 -0.00199923 -0.00194001 -0.00201857 -0.00188566 -0.00191414 -0.0018639 -0.00196912 -0.00173968 -0.00173651 -0.00185905 -0.00186686 -0.00187562 -0.00183332 -0.00174932 -0.00174891 -0.0017304 -0.00172343 -0.00171365 -0.0018025 -0.00175328 -0.00174938 -0.0017132 -0.0016466 -0.0017518 -0.00170885 -0.00171023 -0.00167988 -0.00174818 -0.00174135 -0.00166656 -0.00171755 -0.00172931 -0.00170017 -0.00165379 -0.00165052 -0.00163654 -0.00155603 -0.00157296 -0.00162036 -0.00162699 -0.0017199 -0.00170802 -0.00166169 -0.00160426 -0.00169971 -0.00166186 -0.00175542 -0.00161145 -0.00153334 -0.00158416 -0.00164258 -0.00166293 -0.00169256 -0.00159479 -0.00171861 -0.00167668 -0.00158296 -0.00165257 -0.00161946 -0.00165335 -0.0015978 -0.00165524 -0.00174713 -0.00168492 -0.00167258 -0.00161055 -0.001699 -0.00169744 -0.00170655 -0.00166305 -0.00166926 -0.00164345 -0.00150811 
-0.00145462 -0.00133745 -0.00126811 -0.00123915 0.00206742 0.00220292 0.00220047 0.0025119 0.00254237 0.130014 0.00252901 0.00251631 0.00236271 0.00232964 -0.00151466 -0.00150605 -0.00182584 -0.00184668 -0.00189969 -0.00211027 -0.00206364 -0.00201612 -0.00212506 -0.00190912 -0.00214507 -0.00204912 -0.00195273 -0.00190113 -0.00178693 -0.00190122 -0.00195174 -0.00186373 -0.00187058 -0.00179797 -0.00164958 -0.00172944 -0.0018096 -0.00176939 -0.00178876 -0.00173701 -0.00167354 -0.00164706 -0.00166429 -0.00175487 -0.00162619 -0.00170841 -0.0015971 -0.00163758 -0.00163679 -0.00159187 -0.00163695 -0.0016493 -0.00166647 -0.00165647 -0.00166105 -0.00170171 -0.00169138 -0.00167776 -0.00164257 -0.00164956 -0.00164208 -0.00155593 -0.00155157 -0.00149319 -0.00162982 -0.00160386 -0.00163015 -0.00169698 -0.00168654 -0.00157537 -0.00162217 -0.00159401 -0.00157806 -0.00150542 -0.0016419 -0.00157498 -0.00153019 -0.00158825 -0.0016235 -0.00165321 -0.00166866 -0.00163603 -0.00161192 -0.00160006 -0.00161999 -0.00152512 -0.00166986 -0.00167017 -0.00156765 -0.0015821 -0.00157053 -0.00165092 -0.00161439 -0.00163461 -0.00162455 -0.00168669 -0.00157439 -0.00168743 -0.00157251 -0.00154059 
-0.00153148 -0.00156939 -0.00148297 -0.00137832 -0.00117485 0.00215243 0.0023057 0.00236198 0.00251947 0.00252901 0.134486 0.00274401 0.00255094 0.00257027 0.00232884 0.00233711 -0.00152909 -0.00182716 -0.00173542 -0.00206623 -0.00207232 -0.00218659 -0.00219605 -0.00208976 -0.00222747 -0.00219108 -0.00210414 -0.00194464 -0.00195428 -0.00192307 -0.00197672 -0.00200755 -0.00202114 -0.00189999 -0.00180727 -0.00177644 -0.001846 -0.00181193 -0.00196006 -0.00189185 -0.00180496 -0.00180213 -0.00183638 -0.00183817 -0.00188651 -0.00186794 -0.00178844 -0.00176972 -0.00175355 -0.0017712 -0.00166997 -0.00175028 -0.0016872 -0.00169176 -0.00175484 -0.00181136 -0.00171899 -0.00178039 -0.00175004 -0.00175833 -0.00173111 -0.00171353 -0.00169301 -0.00180017 -0.00177685 -0.00170077 -0.0017587 -0.00177619 -0.00173386 -0.00174306 -0.001692 -0.00181421 -0.00164883 -0.00174375 -0.00166781 -0.0016357 -0.00167449 -0.00176882 -0.00174841 -0.00176469 -0.00178752 -0.00173122 -0.00185729 -0.00165855 -0.00177611 -0.00178662 -0.00176242 -0.00173196 -0.00163586 -0.00173374 -0.00167772 -0.00177243 -0.00173617 -0.00177849 -0.0016982 -0.00172445 -0.00170227 -0.00171676 -0.00168782 -0.00166881 
-0.00182291 -0.00171249 -0.00154995 -0.00145665 -0.00146128 -0.0013856 0.00215115 0.00239752 0.00255616 0.00251631 0.00274401 0.136667 0.00269389 0.00282339 0.00251868 0.00255612 0.00233886 -0.00167024 -0.00162213 -0.00181443 -0.002036 -0.00217512 -0.00212853 -0.00208922 -0.00228438 -0.0022752 -0.00209846 -0.00204639 -0.00200264 -0.00203077 -0.00219075 -0.00203912 -0.00191093 -0.00200097 -0.00186311 -0.00183626 -0.00199878 -0.00186151 -0.00195718 -0.00195987 -0.00176192 -0.00186035 -0.00186478 -0.00190418 -0.00189971 -0.00182847 -0.00184341 -0.0018134 -0.00175942 -0.00180582 -0.00175604 -0.00179869 -0.00170829 -0.00177434 -0.00175499 -0.00177344 -0.00179642 -0.00182325 -0.00169872 -0.00174049 -0.00179421 -0.00186518 -0.00172753 -0.00168933 -0.00177147 -0.00180873 -0.00179506 -0.00176996 -0.00177467 -0.00180765 -0.00180399 -0.00182405 -0.00172701 -0.00171231 -0.00178043 -0.0015795 -0.00173134 -0.00178739 -0.00172309 -0.00179017 -0.00176005 -0.00174696 -0.00170621 -0.00170433 -0.00175568 -0.00173536 -0.00184708 -0.00177627 -0.00167319 -0.00181342 -0.00180886 -0.0017497 -0.00173548 -0.00178311 -0.00183551 -0.00181747 -0.00187601 -0.00179033 -0.00175526 -0.00178307 
-0.00174619 -0.00165675 -0.00155709 -0.00147157 -0.00141638 -0.00141612 -0.0013434 0.00213056 0.00233482 0.00236271 0.00255094 0.00269389 0.135318 0.00288966 0.00256565 0.00256871 0.00247165 -0.00150158 -0.00142829 -0.00179361 -0.00196753 -0.00196628 -0.00212399 -0.0019427 -0.00220151 -0.00209971 -0.00209867 -0.00196238 -0.00189779 -0.00195369 -0.00203728 -0.0019493 -0.00188004 -0.00199473 -0.00186258 -0.00176855 -0.00190019 -0.00189952 -0.00190113 -0.00187788 -0.00178827 -0.00177374 -0.00177323 -0.00189087 -0.00186676 -0.00183881 -0.00173405 -0.00170679 -0.00168917 -0.00171415 -0.00173439 -0.00172597 -0.00177153 -0.00174871 -0.00172385 -0.00174078 -0.00176461 -0.00181658 -0.00169394 -0.00168397 -0.00172692 -0.00173278 -0.00166198 -0.00168477 -0.00173325 -0.00171021 -0.00170501 -0.00174399 -0.00173287 -0.00163971 -0.00168941 -0.00171092 -0.00171508 -0.0016529 -0.00151508 -0.00169275 -0.0016784 -0.00172214 -0.00165049 -0.00167733 -0.00163669 -0.0017531 -0.00171609 -0.00163607 -0.00168187 -0.00173663 -0.00170035 -0.00166668 -0.00169761 -0.00171621 -0.00166862 -0.00177141 -0.00175479 -0.00170478 -0.00167884 -0.00173499 -0.0018084 -0.00171968 -0.00177288 -0.0017582 
-0.00184835 -0.00182111 -0.00181147 -0.00174503 -0.00169596 -0.00172106 -0.00154697 -0.00142579 0.002255 0.00232964 0.00257027 0.00282339 0.00288966 0.14046 0.00283382 0.00283127 0.00286976 0.00250928 0.00247479 -0.00168188 -0.00175783 -0.00186475 -0.00195563 -0.0021068 -0.00219378 -0.00228466 -0.00209894 -0.00210833 -0.00204036 -0.00212714 -0.00211352 -0.00210986 -0.00202775 -0.00203056 -0.00194821 -0.00191072 -0.00194756 -0.00199746 -0.00195729 -0.0019681 -0.00182221 -0.00192259 -0.00201561 -0.00193544 -0.0019695 -0.00198125 -0.00180818 -0.00187906 -0.00186353 -0.00194019 -0.00185611 -0.00185156 -0.00185532 -0.00183511 -0.00184702 -0.00196763 -0.00179041 -0.00186748 -0.00186797 -0.0017939 -0.00189804 -0.00186586 -0.0017531 -0.00178338 -0.00184461 -0.00181048 -0.00179916 -0.00191395 -0.00180543 -0.00181843 -0.00178096 -0.00179498 -0.00191078 -0.0018178 -0.00186817 -0.00178789 -0.00176641 -0.00175829 -0.00185986 -0.00187376 -0.00195289 -0.0018912 -0.00183394 -0.00181427 -0.00186005 -0.00187373 -0.00183517 -0.00176552 -0.00168908 -0.00191393 -0.0018761 -0.00189324 -0.00178564 -0.00185129 -0.00184105 -0.00185814 -0.00187953 -0.00180494 -0.00179645 -0.00180293 
-0.00189666 -0.00176731 -0.00185241 -0.00184217 -0.00183096 -0.00184651 -0.00171985 -0.00159231 -0.00161208 -0.00151466 0.00232884 0.00251868 0.00256565 0.00283382 0.139656 0.00295226 0.00295004 0.00264482 0.00277508 0.00263834 -0.00150629 -0.00167178 -0.00180783 -0.00186022 -0.00212827 -0.00216536 -0.00208301 -0.00205583 -0.00192492 -0.00199209 -0.00204516 -0.00215537 -0.00209949 -0.00194711 -0.00191179 -0.00190795 -0.00183333 -0.00195281 -0.00200745 -0.00201493 -0.00182505 -0.00187026 -0.00189226 -0.00197604 -0.00193973 -0.00192483 -0.00176566 -0.00175347 -0.00175978 -0.00181555 -0.001777 -0.00180551 -0.00173159 -0.00181182 -0.00180413 -0.00173486 -0.00171761 -0.00184538 -0.00174108 -0.00170105 -0.00175374 -0.00177989 -0.00164281 -0.00162987 -0.00182368 -0.0018499 -0.00180171 -0.00190077 -0.00182225 -0.0018023 -0.00173264 -0.00176386 -0.00181539 -0.00179812 -0.00166203 -0.00168023 -0.00156933 -0.00167312 -0.00176804 -0.00165924 -0.00181427 -0.00176157 -0.00184852 -0.00181941 -0.00180084 -0.00187708 -0.00179665 -0.00185218 -0.00175498 -0.00180687 -0.00179886 -0.00183977 -0.00183768 -0.00179796 -0.00174222 -0.00180298 -0.00187385 -0.00185287 -0.00176205 -0.0017556 
-0.00183997 -0.0018365 -0.00183445 -0.00179181 -0.00182989 -0.00183466 -0.00175313 -0.00161695 -0.00156188 -0.00150605 0.00233711 0.00255612 0.00256871 0.00283127 0.00295226 0.141323 0.00297036 0.00284391 0.00283225 0.00277032 -0.00170541 -0.00158936 -0.00177891 -0.00199031 -0.00206256 -0.00232435 -0.00207346 -0.0020946 -0.00211735 -0.00198776 -0.00217342 -0.00209396 -0.00207091 -0.00197369 -0.00190828 -0.001864 -0.00192534 -0.00201687 -0.00192484 -0.00192766 -0.00190825 -0.00190442 -0.00188689 -0.00194232 -0.00189919 -0.0019148 -0.00179014 -0.00183327 -0.00181165 -0.00172945 -0.00177258 -0.00191206 -0.00185794 -0.00185371 -0.00176485 -0.0018209 -0.00188107 -0.00181264 -0.00190271 -0.00171016 -0.00186577 -0.00183567 -0.00179263 -0.00178949 -0.00180678 -0.00175184 -0.00177112 -0.0017609 -0.00188016 -0.00182324 -0.00185724 -0.00187665 -0.00173923 -0.00177577 -0.00170308 -0.00171461 -0.00173389 -0.00178673 -0.00176166 -0.00177255 -0.00181399 -0.00189494 -0.00173247 -0.0017686 -0.00187539 -0.00185124 -0.00188168 -0.00170703 -0.00181551 -0.00180174 -0.00183334 -0.00185863 -0.00180875 -0.00186312 -0.00176344 -0.00186274 -0.0019053 -0.00172656 -0.00178784 -0.00171699 
-0.00200701 -0.00199856 -0.0019899 -0.00191428 -0.00202714 -0.00211836 -0.00191973 -0.00187191 -0.00174824 -0.00182584 -0.00152909 0.00233886 0.00247165 0.00286976 0.00295004 0.00297036 0.146175 0.0030668 0.00320424 0.00308213 0.00278459 0.00254126 -0.00160862 -0.00178333 -0.00200029 -0.00214999 -0.00221488 -0.00230399 -0.00217106 -0.00214886 -0.00230188 -0.00217101 -0.00221449 -0.00209369 -0.00195798 -0.00197946 -0.0021328 -0.00207525 -0.00214572 -0.00205062 -0.00194348 -0.00196723 -0.00210709 -0.00202215 -0.00207433 -0.00211 -0.00190691 -0.00179902 -0.00199624 -0.00201094 -0.00194987 -0.00190975 -0.00197126 -0.00192413 -0.00198086 -0.00195521 -0.00195425 -0.00192477 -0.00199486 -0.00188416 -0.00201018 -0.00202802 -0.00182785 -0.00182777 -0.00196996 -0.00200621 -0.00189832 -0.00187768 -0.00203784 -0.00190728 -0.00202429 -0.00193587 -0.00186502 -0.00190973 -0.00173113 -0.00178935 -0.00184059 -0.00192383 -0.00189603 -0.00189623 -0.0018536 -0.00194001 -0.00198055 -0.00188099 -0.00184659 -0.00195567 -0.00197228 -0.00183307 -0.0017816 -0.00200392 -0.00196332 -0.00189921 -0.00198335 -0.00196409 -0.00189852 -0.00199142 -0.00195553 -0.00191612 -0.00194526 -0.00184573 
-0.00198438 -0.00187646 -0.00187748 -0.00191359 -0.00194324 -0.002061 -0.00205633 -0.00208043 -0.00197457 -0.00184668 -0.00182716 -0.00167024 -0.00150158 0.00250928 0.00264482 0.00284391 0.0030668 0.144783 0.00327749 0.00304526 0.00292607 0.00289917 0.0026905 -0.00159541 -0.00179632 -0.00182706 -0.00195039 -0.00211694 -0.00217973 -0.00212911 -0.00215952 -0.00214008 -0.00210257 -0.00207426 -0.00190974 -0.0018457 -0.00204678 -0.00210291 -0.00202388 -0.0020682 -0.00193738 -0.00190832 -0.0020269 -0.00196091 -0.00200824 -0.00198498 -0.00186954 -0.00185486 -0.00199624 -0.0018223 -0.00177235 -0.00179456 -0.00187083 -0.00179122 -0.00184924 -0.00181257 -0.00188313 -0.00183477 -0.00191107 -0.00190207 -0.00192304 -0.00186968 -0.001769 -0.00178412 -0.00192188 -0.00193202 -0.00191484 -0.00182864 -0.00187487 -0.0019439 -0.00190992 -0.00181535 -0.00189229 -0.00179051 -0.00170114 -0.001798 -0.00180541 -0.00185255 -0.00185334 -0.00188343 -0.00186759 -0.00185654 -0.00185887 -0.00197272 -0.00199044 -0.00177517 -0.00190631 -0.00179451 -0.00178108 -0.00180879 -0.00186434 -0.00187114 -0.00191756 -0.00186897 -0.00182658 -0.00182724 -0.0019192 -0.00189139 -0.00182144 -0.00172927 
-0.00191839 -0.00185346 -0.001967 -0.00195808 -0.00193945 -0.00203108 -0.00203782 -0.00203107 -0.00196141 -0.00189969 -0.00173542 -0.00162213 -0.00142829 0.00247479 0.00277508 0.00283225 0.00320424 0.00327749 0.145716 0.00312555 0.00289072 0.00291343 0.00285163 -0.00161349 -0.0017892 -0.00189289 -0.00211868 -0.00217475 -0.0021602 -0.0021287 -0.00209843 -0.00218435 -0.00210518 -0.0021661 -0.00202723 -0.00193035 -0.00211595 -0.00197899 -0.00200371 -0.00196692 -0.00192486 -0.00189855 -0.00196921 -0.00203668 -0.00200144 -0.00195039 -0.0019367 -0.00192569 -0.00181982 -0.00185371 -0.0018694 -0.00189372 -0.00188925 -0.00190506 -0.00191566 -0.00185598 -0.00187164 -0.00175401 -0.00186579 -0.00188395 -0.00193081 -0.00190125 -0.00181558 -0.00173013 -0.00194804 -0.00193838 -0.00190866 -0.00194351 -0.00197036 -0.00193039 -0.00187786 -0.00190785 -0.00187757 -0.00180248 -0.00181473 -0.00184259 -0.0018032 -0.00184697 -0.00200832 -0.00178136 -0.00180836 -0.00194399 -0.00192194 -0.00193157 -0.0019341 -0.00190956 -0.00187177 -0.0017959 -0.00186587 -0.00195291 -0.00192023 -0.00193157 -0.00185633 -0.00186845 -0.00188142 -0.00185315 -0.00181723 -0.00185663 -0.00189043 -0.00180983 
-0.00190423 -0.00208501 -0.00203406 -0.00206743 -0.00196822 -0.00218163 -0.00224367 -0.00224326 -0.00220858 -0.00211027 -0.00206623 -0.00181443 -0.00179361 -0.00168188 0.00263834 0.00277032 0.00308213 0.00304526 0.00312555 0.149383 0.00339566 0.00317905 0.00301817 0.00273002 0.00266134 -0.00162219 -0.00192001 -0.00201965 -0.00213811 -0.00212825 -0.00229657 -0.00240291 -0.00220308 -0.00224176 -0.00215123 -0.00210756 -0.0021702 -0.00216103 -0.0020866 -0.00206404 -0.00207203 -0.00196836 -0.00219752 -0.00219623 -0.00211766 -0.00203591 -0.0020202 -0.00192036 -0.00193077 -0.00198852 -0.0020242 -0.0019243 -0.00201502 -0.00200658 -0.00199406 -0.00202962 -0.00198009 -0.00198251 -0.001965 -0.00192484 -0.00200716 -0.00199473 -0.00194381 -0.00187262 -0.00197923 -0.00201142 -0.00194777 -0.00193589 -0.00205872 -0.00194346 -0.00184906 -0.00196442 -0.00191477 -0.00195218 -0.00192434 -0.00184655 -0.00187758 -0.00198585 -0.00197688 -0.00196374 -0.00203275 -0.00200115 -0.00196827 -0.0019374 -0.0020675 -0.00205106 -0.00201953 -0.00189645 -0.00200525 -0.00199799 -0.00195401 -0.0019384 -0.0019567 -0.00197353 -0.00200843 -0.00197775 -0.00192964 -0.00202047 -0.0019575 -0.00197542 
-0.00203886 -0.00194289 -0.00186966 -0.0018954 -0.00190477 -0.00216462 -0.00204666 -0.00211763 -0.00220148 -0.00206364 -0.00207232 -0.002036 -0.00196753 -0.00175783 -0.00150629 -0.00170541 0.00278459 0.00292607 0.00289072 0.00339566 0.146737 0.00327118 0.00326971 0.0028223 0.00290563 0.00264711 -0.00160666 -0.00179598 -0.00194485 -0.00191706 -0.00209354 -0.00213858 -0.00217595 -0.00211753 -0.00203517 -0.00202475 -0.00208926 -0.00208443 -0.00208323 -0.00202554 -0.00196575 -0.00196347 -0.00200878 -0.00201638 -0.00191082 -0.00209904 -0.00194469 -0.00190059 -0.00192142 -0.00186793 -0.00187409 -0.00191383 -0.00187689 -0.00190509 -0.00192818 -0.00194923 -0.00184733 -0.0018849 -0.00189109 -0.00191952 -0.0019085 -0.00187419 -0.00180703 -0.00182034 -0.00192649 -0.00195663 -0.00187442 -0.00191389 -0.00199086 -0.00185885 -0.00192717 -0.00192439 -0.00187248 -0.00190482 -0.00181306 -0.00176671 -0.00182176 -0.0019357 -0.00192427 -0.00194273 -0.00197823 -0.00185788 -0.00180592 -0.00194822 -0.00193485 -0.0019408 -0.0019701 -0.00180637 -0.00182034 -0.00204649 -0.00194909 -0.001893 -0.00192491 -0.00188407 -0.00185414 -0.00184756 -0.0019311 -0.00188458 -0.00182811 -0.00176694 
-0.00201763 -0.00192955 -0.0019197 -0.00191598 -0.00203055 -0.00203645 -0.00207902 -0.00216743 -0.00209931 -0.00201612 -0.00218659 -0.00217512 -0.00196628 -0.00186475 -0.00167178 -0.00158936 0.00254126 0.00289917 0.00291343 0.00317905 0.00327118 0.146577 0.00314563 0.00273418 0.00287665 0.00266558 -0.00166104 -0.00170495 -0.00183923 -0.00190304 -0.00193293 -0.00209562 -0.00209061 -0.00212663 -0.00201344 -0.00197446 -0.00207085 -0.00210315 -0.00199412 -0.0020809 -0.00197066 -0.00191963 -0.00209946 -0.00201492 -0.00201753 -0.00207529 -0.00194982 -0.00194112 -0.00192539 -0.0019957 -0.00184197 -0.00188847 -0.00187544 -0.0019336 -0.00185792 -0.00185861 -0.00197732 -0.00192563 -0.00181843 -0.00198473 -0.00187918 -0.00186143 -0.0018029 -0.0017266 -0.00192446 -0.00188333 -0.00183889 -0.00198853 -0.00185782 -0.00190289 -0.00193175 -0.00194097 -0.00192487 -0.00190487 -0.00170208 -0.00176083 -0.00189739 -0.00179683 -0.00187032 -0.00193862 -0.00180295 -0.00189056 -0.00179467 -0.00193203 -0.00191531 -0.00193223 -0.00194898 -0.00178204 -0.00176874 -0.00186893 -0.00179511 -0.00181168 -0.00185042 -0.00186976 -0.00192391 -0.00198374 -0.00196045 -0.00193224 -0.00175048 -0.00182625 
-0.001947 -0.00196867 -0.00196003 -0.0019226 -0.00200509 -0.00209061 -0.00218211 -0.00212083 -0.00216392 -0.00212506 -0.00219605 -0.00212853 -0.00212399 -0.00195563 -0.00180783 -0.00177891 -0.00160862 0.0026905 0.00285163 0.00301817 0.00326971 0.00314563 0.145674 0.00288991 0.00300499 0.00264474 0.00240174 -0.00153171 -0.00173275 -0.0017244 -0.00188188 -0.00197111 -0.00205058 -0.00206844 -0.00194933 -0.00198086 -0.00204213 -0.00200569 -0.00209934 -0.00188855 -0.00187022 -0.00190363 -0.00200135 -0.00195929 -0.00190698 -0.00205607 -0.00187435 -0.00192144 -0.00187071 -0.0018634 -0.00188584 -0.00191205 -0.00192177 -0.00197696 -0.00185583 -0.00181034 -0.00188259 -0.00189558 -0.00192141 -0.00189171 -0.00186383 -0.00181784 -0.00186161 -0.00170567 -0.00192847 -0.00183314 -0.00186115 -0.00194246 -0.00186979 -0.00193743 -0.00188356 -0.00192403 -0.00196562 -0.00188927 -0.00173359 -0.00182994 -0.00185489 -0.00184272 -0.00194031 -0.00192327 -0.00182752 -0.0019156 -0.0018158 -0.00190935 -0.00187224 -0.00197419 -0.00192815 -0.00179854 -0.00177403 -0.00173575 -0.00185239 -0.00180788 -0.00185528 -0.00190097 -0.00187596 -0.00183539 -0.00181811 -0.00179044 -0.00190314 -0.00179751 
-0.00167458 -0.0018138 -0.00178083 -0.00182347 -0.00181505 -0.00192162 -0.00200753 -0.00200624 -0.0021079 -0.00190912 -0.00208976 -0.00208922 -0.0019427 -0.0021068 -0.00186022 -0.00199031 -0.00178333 -0.00159541 -0.00161349 0.00273002 0.0028223 0.00273418 0.00288991 0.141489 0.00314421 0.0028988 0.00264468 0.00235509 -0.00158556 -0.00138166 -0.00164218 -0.00166957 -0.00183801 -0.00195606 -0.00176517 -0.00186361 -0.00193611 -0.00197463 -0.00185009 -0.00184758 -0.00184601 -0.00178723 -0.00195564 -0.00185214 -0.00191756 -0.00189806 -0.00178609 -0.00176338 -0.00182399 -0.00178099 -0.00181494 -0.00183906 -0.0018105 -0.00179721 -0.0018248 -0.00177193 -0.00174225 -0.0017245 -0.00187046 -0.001729 -0.00185202 -0.00172214 -0.0017503 -0.00167329 -0.00180955 -0.00172169 -0.00174882 -0.00165445 -0.00179919 -0.00175207 -0.00178242 -0.00173007 -0.00174003 -0.0018023 -0.00163125 -0.00165079 -0.0017276 -0.00173034 -0.00175445 -0.00182299 -0.00176436 -0.00178712 -0.00172377 -0.00178612 -0.00178193 -0.00176718 -0.0017544 -0.00174708 -0.00163869 -0.0018692 -0.00176237 -0.0017321 -0.00172637 -0.00178972 -0.00176722 -0.00181618 -0.00180507 -0.00168705 -0.00184825 -0.00172045 
-0.00200099 -0.00204322 -0.00195577 -0.00205138 -0.0020416 -0.00226006 -0.00218842 -0.00217192 -0.00222502 -0.00214507 -0.00222747 -0.00228438 -0.00220151 -0.00219378 -0.00212827 -0.00206256 -0.00200029 -0.00179632 -0.0017892 0.00266134 0.00290563 0.00287665 0.00300499 0.00314421 0.146091 0.00312423 0.00282336 0.00259257 0.00239865 0.00239267 -0.00161197 -0.0016822 -0.00173575 -0.00195427 -0.00196863 -0.00194909 -0.00206031 -0.00195098 -0.00206242 -0.00202529 -0.00202236 -0.00194311 -0.00199694 -0.00198461 -0.00202313 -0.00200251 -0.00194781 -0.00194603 -0.00193817 -0.00198266 -0.00189711 -0.00194167 -0.00206095 -0.00193288 -0.00192821 -0.00188701 -0.00177389 -0.00199646 -0.00193912 -0.00189969 -0.00185431 -0.00192493 -0.00183374 -0.00182345 -0.00198532 -0.00184001 -0.00188462 -0.00197789 -0.00186413 -0.00187542 -0.00187685 -0.00193349 -0.0019094 -0.00192837 -0.00188348 -0.00190521 -0.00185186 -0.00193003 -0.00196534 -0.0019469 -0.00195388 -0.00192095 -0.00193575 -0.00192471 -0.00194849 -0.00187579 -0.00182299 -0.00183145 -0.00187415 -0.00191599 -0.00191406 -0.00193127 -0.00190212 -0.00191642 -0.00191801 -0.00194442 -0.00192985 -0.00189605 -0.00196149 -0.00189018 
-0.00197938 -0.00186771 -0.001937 -0.00192899 -0.00191747 -0.00202884 -0.00215195 -0.00212067 -0.00210499 -0.00204912 -0.00219108 -0.0022752 -0.00209971 -0.00228466 -0.00216536 -0.00232435 -0.00214999 -0.00182706 -0.00189289 -0.00162219 0.00264711 0.00266558 0.00264474 0.0028988 0.00312423 0.144658 0.00290083 0.00280908 0.00249996 0.00254929 0.00236668 -0.00157002 -0.00168417 -0.00171877 -0.0018604 -0.0018411 -0.00199563 -0.00198611 -0.00204396 -0.00197923 -0.0020031 -0.00194509 -0.00195127 -0.00196422 -0.00190766 -0.00205735 -0.00187748 -0.00192389 -0.00185729 -0.00193871 -0.00191974 -0.00194766 -0.00200798 -0.00194345 -0.00206073 -0.00202244 -0.00192678 -0.00199722 -0.00201004 -0.00186237 -0.00176143 -0.00193751 -0.00178011 -0.00179224 -0.0019218 -0.00186316 -0.00194952 -0.0019325 -0.00183745 -0.00187775 -0.00177872 -0.0019354 -0.00197047 -0.00199033 -0.00186125 -0.00180845 -0.00183936 -0.00188531 -0.00185214 -0.00191955 -0.0019223 -0.00189896 -0.0017622 -0.00190927 -0.0018904 -0.00183348 -0.00181455 -0.00176925 -0.00175698 -0.00187011 -0.00185719 -0.00193432 -0.00194061 -0.00191244 -0.00195223 -0.00190258 -0.00190275 -0.00187193 -0.00198655 -0.0018593 
-0.00174213 -0.0018319 -0.00174326 -0.00178568 -0.00172954 -0.00194454 -0.00197406 -0.00205842 -0.00202492 -0.00195273 -0.00210414 -0.00209846 -0.00209867 -0.00209894 -0.00208301 -0.00207346 -0.00221488 -0.00195039 -0.00211868 -0.00192001 -0.00160666 -0.00166104 0.00240174 0.00264468 0.00282336 0.00290083 0.139321 0.00282249 0.0026097 0.0026152 0.00245989 0.00231253 -0.00138162 -0.00148506 -0.00162225 -0.0016931 -0.0017257 -0.00189445 -0.00185671 -0.00183949 -0.00178239 -0.001764 -0.0018361 -0.00185555 -0.00197521 -0.00190472 -0.0018251 -0.00187532 -0.00176035 -0.00178593 -0.00176155 -0.00177524 -0.00173907 -0.00171896 -0.00180027 -0.00172638 -0.00185034 -0.00177047 -0.00183097 -0.00177182 -0.00174918 -0.00172688 -0.00167571 -0.0017358 -0.00179044 -0.00164443 -0.00175662 -0.00181767 -0.0017485 -0.00168716 -0.0017777 -0.00186383 -0.00163164 -0.00186386 -0.00169877 -0.00168358 -0.00174441 -0.00179648 -0.00186166 -0.00181326 -0.00169896 -0.00173776 -0.00180246 -0.00177853 -0.00177397 -0.00174147 -0.00182015 -0.0016821 -0.00162388 -0.00170894 -0.00182596 -0.00191435 -0.00183898 -0.00184355 -0.00177443 -0.00178723 -0.00182263 -0.00178042 -0.00176026 -0.00170381 
-0.00166033 -0.00178222 -0.00171276 -0.00178126 -0.00174897 -0.00193603 -0.00202774 -0.0019066 -0.00199923 -0.00190113 -0.00194464 -0.00204639 -0.00196238 -0.00210833 -0.00205583 -0.0020946 -0.00230399 -0.00211694 -0.00217475 -0.00201965 -0.00179598 -0.00170495 -0.00153171 0.00235509 0.00259257 0.00280908 0.00282249 0.137239 0.00271538 0.00278238 0.00245585 0.00240692 0.00233097 -0.00128292 -0.0014618 -0.00151557 -0.00163188 -0.0017139 -0.00185487 -0.00182804 -0.00185944 -0.00186924 -0.00182938 -0.0018399 -0.0018121 -0.00183779 -0.00178344 -0.0017298 -0.00189028 -0.00177505 -0.00174615 -0.00172231 -0.0017703 -0.0018216 -0.00168908 -0.00179085 -0.00175524 -0.00170932 -0.00173687 -0.00173977 -0.00168813 -0.00180152 -0.00174636 -0.00160081 -0.00176802 -0.00179935 -0.00177351 -0.00178849 -0.00173075 -0.00177089 -0.00173816 -0.00176344 -0.0016884 -0.0017308 -0.001671 -0.00166294 -0.00173607 -0.00174795 -0.00175137 -0.00173943 -0.00168349 -0.0017614 -0.00179466 -0.00167931 -0.00166072 -0.00170486 -0.00180507 -0.00164877 -0.00160799 -0.00175045 -0.00179802 -0.00178449 -0.00170488 -0.00181223 -0.00167985 -0.00171423 -0.00181057 -0.00169445 -0.00172655 -0.00167669 
-0.0017728 -0.0017524 -0.0017571 -0.00178513 -0.00174471 -0.00181357 -0.00184382 -0.00188295 -0.00194001 -0.00178693 -0.00195428 -0.00200264 -0.00189779 -0.00204036 -0.00192492 -0.00211735 -0.00217106 -0.00217973 -0.0021602 -0.00213811 -0.00194485 -0.00183923 -0.00173275 -0.00158556 0.00239865 0.00249996 0.0026097 0.00271538 0.13538 0.00273029 0.00263376 0.00249225 0.0022971 0.00219317 -0.00137502 -0.00142623 -0.00146995 -0.00155576 -0.00171682 -0.00181801 -0.00178184 -0.0017282 -0.00182205 -0.00176143 -0.00186653 -0.00181121 -0.00171963 -0.00170491 -0.00168864 -0.00171565 -0.00173301 -0.00170959 -0.00163494 -0.00170155 -0.00161744 -0.00182539 -0.00166452 -0.00169838 -0.00173447 -0.00176594 -0.00174575 -0.00169052 -0.00166755 -0.00164275 -0.00168354 -0.00165379 -0.00173793 -0.00169025 -0.00168178 -0.00169435 -0.00169656 -0.00167156 -0.00169944 -0.00170093 -0.00171006 -0.00158723 -0.00165463 -0.00167477 -0.00171209 -0.00173346 -0.00174202 -0.00171432 -0.00174788 -0.00170184 -0.0017115 -0.00169739 -0.00172077 -0.00161009 -0.00159197 -0.00177503 -0.00172573 -0.00184142 -0.00169367 -0.00170759 -0.00174243 -0.00177791 -0.00178236 -0.00175923 -0.00165856 -0.00170457 
-0.0017767 -0.0017684 -0.00166982 -0.00178551 -0.00182082 -0.00184129 -0.00197485 -0.00198517 -0.00201857 -0.00190122 -0.00192307 -0.00203077 -0.00195369 -0.00212714 -0.00199209 -0.00198776 -0.00214886 -0.00212911 -0.0021287 -0.00212825 -0.00191706 -0.00190304 -0.0017244 -0.00138166 0.00239267 0.00254929 0.0026152 0.00278238 0.00273029 0.133648 0.00266924 0.00250551 0.00229646 0.00219458 -0.00129584 -0.0012725 -0.00142097 -0.00168937 -0.00168198 -0.00170235 -0.001687 -0.00167395 -0.00172279 -0.00188395 -0.00180032 -0.00182373 -0.00172955 -0.0017139 -0.00164256 -0.00164938 -0.00168712 -0.00177049 -0.0017248 -0.00164759 -0.0016834 -0.00173958 -0.00170876 -0.00169764 -0.00163013 -0.00169568 -0.00171958 -0.00163295 -0.00160416 -0.00160824 -0.0016573 -0.00174978 -0.00166428 -0.00169324 -0.00170048 -0.00174886 -0.00168609 -0.00173877 -0.00163123 -0.00168562 -0.00159084 -0.00161763 -0.00160051 -0.00169475 -0.00170884 -0.00165745 -0.00169031 -0.00174929 -0.00161033 -0.0017384 -0.00171315 -0.00168341 -0.00180864 -0.00153013 -0.00157485 -0.00161269 -0.00166167 -0.00173274 -0.00165499 -0.00175648 -0.00162255 -0.00167844 -0.00167781 -0.00170042 -0.00174981 -0.00165348 
-0.00179851 -0.00185793 -0.00176167 -0.00178419 -0.00184009 -0.00184053 -0.00199142 -0.00188643 -0.00188566 -0.00195174 -0.00197672 -0.00219075 -0.00203728 -0.00211352 -0.00204516 -0.00217342 -0.00230188 -0.00215952 -0.00209843 -0.00229657 -0.00209354 -0.00193293 -0.00188188 -0.00164218 -0.00161197 0.00236668 0.00245989 0.00245585 0.00263376 0.00266924 0.134619 0.00270848 0.00250723 0.00233068 0.00212028 0.00214832 -0.00132634 -0.00149018 -0.00159322 -0.0015828 -0.00176015 -0.00169069 -0.00177377 -0.00177298 -0.00193095 -0.00186328 -0.00175815 -0.00174908 -0.00168086 -0.00169357 -0.00170659 -0.00170028 -0.00161854 -0.00184769 -0.00174518 -0.00175069 -0.00182716 -0.00168398 -0.0017301 -0.00169001 -0.00165811 -0.00174617 -0.00168904 -0.00162161 -0.00171108 -0.00162676 -0.00172703 -0.00177547 -0.00166824 -0.00172891 -0.00176813 -0.00178971 -0.00177681 -0.00169007 -0.00163171 -0.00169596 -0.00165697 -0.00178114 -0.00172192 -0.00172133 -0.00172292 -0.00183288 -0.00170961 -0.00178965 -0.00179925 -0.00181179 -0.00166216 -0.00164688 -0.00162927 -0.00170116 -0.0017238 -0.00174641 -0.00180994 -0.00172818 -0.00172518 -0.00175175 -0.00175453 -0.00171344 -0.00171066 -0.00174318 
-0.00166292 -0.00168458 -0.00173057 -0.00177466 -0.00173068 -0.00177516 -0.00194835 -0.00192833 -0.00191414 -0.00186373 -0.00200755 -0.00203912 -0.0019493 -0.00210986 -0.00215537 -0.00209396 -0.00217101 -0.00214008 -0.00218435 -0.00240291 -0.00213858 -0.00209562 -0.00197111 -0.00166957 -0.0016822 -0.00157002 0.00231253 0.00240692 0.00249225 0.00250551 0.00270848 0.132861 0.00255616 0.00258455 0.00229228 0.00219434 0.00205883 -0.00124088 -0.0013698 -0.00148371 -0.00170147 -0.00160115 -0.00172998 -0.00179261 -0.00177639 -0.00180557 -0.00175236 -0.00176044 -0.00176454 -0.00169918 -0.00161567 -0.00169617 -0.00166975 -0.00172682 -0.001712 -0.0017677 -0.00173701 -0.00162469 -0.00178166 -0.00173464 -0.00168948 -0.00174527 -0.0016851 -0.00158426 -0.00175891 -0.00174901 -0.00171905 -0.00169581 -0.001698 -0.00179949 -0.00175088 -0.00172759 -0.00169889 -0.00161073 -0.00159709 -0.001677 -0.00157504 -0.00164648 -0.00160801 -0.00167401 -0.00177318 -0.00175329 -0.0017806 -0.00171469 -0.00169709 -0.0016803 -0.00175015 -0.00160631 -0.00159645 -0.00176361 -0.00174593 -0.00173284 -0.00170765 -0.00177335 -0.00165376 -0.00176327 -0.00169808 -0.00173025 -0.00170471 -0.00171971 
-0.0017352 -0.0017462 -0.00172622 -0.00174002 -0.00182402 -0.00177616 -0.00191288 -0.00183669 -0.0018639 -0.00187058 -0.00202114 -0.00191093 -0.00188004 -0.00202775 -0.00209949 -0.00207091 -0.00221449 -0.00210257 -0.00210518 -0.00220308 -0.00217595 -0.00209061 -0.00205058 -0.00183801 -0.00173575 -0.00168417 -0.00138162 0.00233097 0.0022971 0.00229646 0.00250723 0.00255616 0.13159 0.00253866 0.00238397 0.00224744 0.00219509 0.00198965 -0.00130262 -0.00139291 -0.0015073 -0.00138137 -0.00171948 -0.0017374 -0.00179348 -0.00179851 -0.00170294 -0.00159101 -0.00169362 -0.00166366 -0.00166539 -0.00165534 -0.00160214 -0.00161116 -0.00165473 -0.00176275 -0.00179676 -0.0016801 -0.0016979 -0.0017114 -0.00175485 -0.00165758 -0.00159913 -0.00156201 -0.00169639 -0.00171303 -0.00170097 -0.00173356 -0.00173851 -0.00173582 -0.0016111 -0.00177313 -0.00169692 -0.00162024 -0.00159849 -0.00170596 -0.00163352 -0.00165957 -0.00167536 -0.00177867 -0.00173164 -0.00170221 -0.00172334 -0.0015668 -0.00166824 -0.00168314 -0.00166001 -0.00155896 -0.00170413 -0.00170535 -0.00169184 -0.00172299 -0.00168812 -0.00155048 -0.00167725 -0.00170191 -0.00169629 -0.00169371 -0.00175543 -0.00166004 
