0.12341 0.00225869 0.00217944 0.00215021 0.00194108 0.0019823 -0.00117363 -0.00130073 -0.00136388 -0.00146527 -0.00161467 -0.00181294 -0.00165295 -0.00186962 -0.00178751 -0.00183983 -0.00181935 -0.00192011 -0.00186279 -0.00199312 -0.00197124 -0.00191535 -0.00184832 -0.00176201 -0.00189673 -0.00184668 -0.00166924 -0.00176198 -0.00172465 -0.00163888 -0.00188851 -0.00176414 -0.00174652 -0.00171932 -0.00159635 -0.00158053 -0.00171344 -0.00167707 -0.00159732 -0.00156682 -0.0015726 -0.00166788 -0.00158929 -0.0016084 -0.00163105 -0.00160438 -0.00156204 -0.00156873 -0.001566 -0.00151191 -0.001485 -0.00155236 -0.00151932 -0.00153009 -0.00144671 -0.00147471 -0.00156831 -0.00153631 -0.0015162 -0.0014857 -0.001486 -0.00145752 -0.00136517 -0.00147357 -0.00155573 -0.00147001 -0.00151265 -0.00152362 -0.00151829 -0.00149355 -0.00148872 -0.0015855 -0.0015291 -0.00153986 -0.00153101 -0.00143788 -0.00139227 -0.0015048 -0.00153215 -0.00154886 -0.00153133 -0.00153709 -0.00146665 -0.00153726 -0.00152987 -0.00149802 -0.00147534 -0.00144904 -0.00145636 -0.00144376 -0.00147276 -0.00130072 -0.00133247 -0.00126643 -0.00125683 -0.00116694 0.00188063 0.00198739 0.00207202 0.00216344 
0.00225869 0.123601 0.00229553 0.00220329 0.0021089 0.00209529 0.00203522 -0.00124233 -0.0012779 -0.00130365 -0.00149649 -0.00166286 -0.00160293 -0.00184663 -0.00180423 -0.00179752 -0.00197727 -0.00194602 -0.00189187 -0.00199111 -0.00193512 -0.00198533 -0.00190013 -0.00179739 -0.00197432 -0.00195449 -0.00181743 -0.00170541 -0.0016807 -0.00167491 -0.00172965 -0.0017307 -0.00162577 -0.00173441 -0.00162229 -0.00159907 -0.00159707 -0.00170487 -0.00168464 -0.00171259 -0.00155005 -0.00161058 -0.00168723 -0.00150912 -0.00156749 -0.00159756 -0.00157143 -0.00155212 -0.00151572 -0.00146679 -0.00153811 -0.00157687 -0.00152816 -0.00146589 -0.00150013 -0.00146379 -0.00143725 -0.00153297 -0.00153089 -0.00155861 -0.00154789 -0.00154237 -0.00146255 -0.00144801 -0.00155326 -0.0015752 -0.00147342 -0.00147284 -0.00148903 -0.00152246 -0.00152955 -0.0014704 -0.00153585 -0.00146085 -0.00144784 -0.00150709 -0.00147432 -0.00155263 -0.00158727 -0.0015147 -0.00146435 -0.00157812 -0.00155387 -0.00151602 -0.00155176 -0.00151302 -0.00164391 -0.00140376 -0.00144051 -0.00148969 -0.00145275 -0.00157479 -0.00139235 -0.00135175 -0.00133688 -0.00129144 -0.00111417 0.00195843 0.00197872 0.00206974 
0.00217944 0.00229553 0.124009 0.00227654 0.00217025 0.00215861 0.00215431 0.00204925 -0.00116778 -0.00131788 -0.00139859 -0.00152327 -0.0016534 -0.00176234 -0.00184618 -0.00184525 -0.00201683 -0.00194558 -0.00201188 -0.00209148 -0.00199315 -0.00187526 -0.00190079 -0.00178186 -0.00193099 -0.00189507 -0.00171434 -0.00169895 -0.00171534 -0.00176597 -0.0016846 -0.00172381 -0.00168402 -0.0017357 -0.00158949 -0.00159031 -0.00164966 -0.00161302 -0.00168013 -0.00163408 -0.00154324 -0.00157565 -0.00162908 -0.0015907 -0.00164214 -0.0016955 -0.00157642 -0.0015765 -0.00156766 -0.00148243 -0.00156657 -0.00161307 -0.00152454 -0.00149602 -0.0015681 -0.00158416 -0.00151484 -0.0015265 -0.00151534 -0.00154675 -0.00151549 -0.00150198 -0.00144884 -0.00146979 -0.00147179 -0.00155452 -0.00154334 -0.0015089 -0.00159643 -0.00154194 -0.00152454 -0.00151548 -0.00148953 -0.00154991 -0.00140348 -0.00139411 -0.00137433 -0.00151227 -0.00153491 -0.00155991 -0.00155275 -0.00159559 -0.00150716 -0.00151829 -0.00154688 -0.00155483 -0.00155052 -0.0014524 -0.00145375 -0.00149306 -0.00155401 -0.00149211 -0.00146544 -0.00139192 -0.00140196 -0.00132286 -0.00131441 -0.00117775 0.00185803 0.00197875 
0.00215021 0.00220329 0.00227654 0.124378 0.00226259 0.00236951 0.0023548 0.00216421 0.00215767 -0.0012265 -0.00134148 -0.00146621 -0.00150376 -0.00178656 -0.00179246 -0.00180579 -0.00187244 -0.00197995 -0.00198042 -0.00205479 -0.00196646 -0.00194896 -0.00193854 -0.00188108 -0.00203964 -0.00184761 -0.00177312 -0.00178111 -0.00178118 -0.00175246 -0.00176889 -0.00174862 -0.001747 -0.00170087 -0.00174219 -0.00165198 -0.00167555 -0.00166156 -0.00171664 -0.00173105 -0.00155066 -0.00157253 -0.00166042 -0.00168803 -0.00166086 -0.00161895 -0.00154231 -0.00153196 -0.0015646 -0.00156553 -0.00152213 -0.00156319 -0.00145388 -0.00157621 -0.00155041 -0.00159403 -0.00153613 -0.00154402 -0.0015331 -0.00142615 -0.00152942 -0.0015095 -0.00144801 -0.00140271 -0.00146238 -0.00162748 -0.00150575 -0.00158028 -0.00160255 -0.0015489 -0.00151969 -0.00159915 -0.00148576 -0.0014841 -0.0015352 -0.00142933 -0.00139478 -0.00149724 -0.00148045 -0.00153457 -0.00160257 -0.00150543 -0.00151098 -0.0015358 -0.00150361 -0.00145374 -0.00156616 -0.00143125 -0.00143354 -0.00154802 -0.00148361 -0.00152912 -0.00153183 -0.00151615 -0.0015795 -0.0015349 -0.00146696 -0.00119536 -0.00114908 0.00185814 
0.00194108 0.0021089 0.00217025 0.00226259 0.124926 0.00251678 0.00241985 0.00233985 0.00215924 0.00203948 -0.00127062 -0.00134041 -0.00140897 -0.00167017 -0.00186019 -0.00182586 -0.00197414 -0.00184718 -0.00201361 -0.00201284 -0.0018949 -0.00198049 -0.00195593 -0.00187226 -0.00201563 -0.00193268 -0.00188337 -0.00172523 -0.00176929 -0.00172714 -0.00178616 -0.00180848 -0.00186107 -0.00165232 -0.00169002 -0.00153011 -0.001669 -0.00170009 -0.00165193 -0.0016545 -0.00156938 -0.0015786 -0.00168565 -0.00154674 -0.00160188 -0.0016236 -0.00159014 -0.00156154 -0.0016521 -0.00151706 -0.00156591 -0.00157008 -0.0015864 -0.00154223 -0.0014876 -0.00161311 -0.00159605 -0.00140829 -0.00147971 -0.00154572 -0.00152556 -0.0014973 -0.00147405 -0.00148421 -0.00151895 -0.00149749 -0.00153652 -0.00156534 -0.00157467 -0.00155264 -0.00151685 -0.00151865 -0.00152194 -0.00157788 -0.00154517 -0.00146986 -0.0014531 -0.00152823 -0.00160783 -0.00159729 -0.00159606 -0.00166268 -0.0015832 -0.00156875 -0.00151887 -0.00152696 -0.00165211 -0.00144897 -0.00147132 -0.00154269 -0.00152876 -0.00151201 -0.00156356 -0.00150802 -0.0015183 -0.00157587 -0.00146259 -0.00137493 -0.0012862 -0.00111271 
0.0019823 0.00209529 0.00215861 0.00236951 0.00251678 0.128118 0.0025319 0.00242004 0.00233578 0.00230751 0.00213409 -0.00136245 -0.00139583 -0.00162863 -0.00177392 -0.0019115 -0.00207248 -0.00200831 -0.00191519 -0.00223511 -0.00195477 -0.00198659 -0.00197707 -0.00197622 -0.00215383 -0.00211318 -0.00190872 -0.00200558 -0.00184278 -0.00185674 -0.0018549 -0.00193957 -0.00188323 -0.00186351 -0.00170645 -0.001648 -0.00181248 -0.00175857 -0.00168601 -0.00174579 -0.00167332 -0.00164938 -0.00173026 -0.00174028 -0.0017229 -0.00170665 -0.0017235 -0.00163233 -0.0015883 -0.00163475 -0.0016318 -0.00163902 -0.00160118 -0.0016544 -0.00162469 -0.00161186 -0.00159598 -0.00161148 -0.00162454 -0.00164372 -0.00167735 -0.00164425 -0.00159239 -0.00148381 -0.00163606 -0.00163419 -0.00158232 -0.00159074 -0.0016199 -0.00165989 -0.00159866 -0.00162188 -0.00161696 -0.00167267 -0.00156368 -0.00154084 -0.00161533 -0.00163612 -0.0015714 -0.00162569 -0.00165993 -0.00160673 -0.00167104 -0.00160223 -0.00160136 -0.00161395 -0.00168825 -0.00159525 -0.00155253 -0.00163791 -0.00164445 -0.00171339 -0.00169213 -0.00156649 -0.00164033 -0.00158582 -0.00156172 -0.00152169 -0.00136829 -0.00124411 
-0.00117363 0.00203522 0.00215431 0.0023548 0.00241985 0.0025319 0.129171 0.00243278 0.00240526 0.00233222 0.00218177 0.00218226 -0.00133929 -0.00161657 -0.00172866 -0.00174313 -0.00204973 -0.00205601 -0.00198316 -0.00219785 -0.00208012 -0.00207526 -0.00201514 -0.00189894 -0.0021048 -0.00210308 -0.00205058 -0.00199046 -0.00180937 -0.0018103 -0.00193578 -0.00187429 -0.00188057 -0.00174947 -0.00174245 -0.00180137 -0.00180227 -0.00181459 -0.0016963 -0.00175787 -0.00166932 -0.00170908 -0.00172223 -0.00171149 -0.00183717 -0.00178729 -0.00173453 -0.00164247 -0.00179511 -0.0015812 -0.00166534 -0.00167849 -0.00162376 -0.00165205 -0.00162654 -0.00170039 -0.00155847 -0.00162984 -0.00168173 -0.0016438 -0.00164812 -0.00165165 -0.00167871 -0.00164095 -0.00161841 -0.0016501 -0.00163668 -0.00168674 -0.0015688 -0.00163578 -0.00166365 -0.00173968 -0.00163283 -0.00167514 -0.00166931 -0.00149459 -0.00165652 -0.00168265 -0.00175646 -0.00163011 -0.00152458 -0.00165559 -0.00157249 -0.00160791 -0.00164345 -0.00162211 -0.00156422 -0.001574 -0.00157792 -0.00154954 -0.00155973 -0.00166729 -0.00157921 -0.0016357 -0.00165738 -0.00163362 -0.00165596 -0.00163008 -0.00146682 -0.00127551 
-0.00130073 -0.00124233 0.00204925 0.00216421 0.00233985 0.00242004 0.00243278 0.130195 0.00248767 0.00237935 0.00237151 0.00224347 0.00219921 -0.00151738 -0.00158011 -0.00165734 -0.00193737 -0.00202262 -0.00215005 -0.00216699 -0.00217195 -0.00216092 -0.00211112 -0.00201364 -0.00222294 -0.00210546 -0.002027 -0.00193598 -0.00182862 -0.00191712 -0.00201432 -0.00192679 -0.00188381 -0.00181717 -0.00176712 -0.00171491 -0.00182004 -0.00172076 -0.00171879 -0.00178792 -0.00178027 -0.00178269 -0.00178163 -0.00166463 -0.00170436 -0.00171695 -0.00167435 -0.00158864 -0.00171595 -0.00169001 -0.0016889 -0.00159953 -0.00164422 -0.00167117 -0.00170328 -0.00171627 -0.00164277 -0.00157711 -0.00166059 -0.00172994 -0.00160353 -0.00173457 -0.00154479 -0.00154326 -0.00168636 -0.00171123 -0.00170188 -0.00169227 -0.00169857 -0.00161016 -0.00171562 -0.00167815 -0.00159812 -0.00161115 -0.0015726 -0.0016706 -0.0016546 -0.0017115 -0.00165045 -0.00165965 -0.00168554 -0.00167811 -0.00166816 -0.00157785 -0.00166607 -0.00157658 -0.00162508 -0.00165867 -0.00154232 -0.00162741 -0.00167246 -0.00160981 -0.00159297 -0.00164275 -0.00170985 -0.00157425 -0.00160477 -0.0016426 -0.00153052 -0.00137269 
-0.00136388 -0.0012779 -0.00116778 0.00215767 0.00215924 0.00233578 0.00240526 0.00248767 0.131687 0.00258972 0.00256398 0.00237789 0.00240054 0.00218843 -0.00142716 -0.00155499 -0.00175158 -0.00200258 -0.00194063 -0.00219455 -0.00207378 -0.00216959 -0.00235616 -0.00206898 -0.00226146 -0.00220252 -0.00204565 -0.00187936 -0.0019652 -0.00192494 -0.00195525 -0.00192113 -0.00183159 -0.0019111 -0.00180484 -0.00178482 -0.00184867 -0.00178986 -0.00183369 -0.00183948 -0.00179814 -0.0017531 -0.00184728 -0.00175931 -0.0017639 -0.00173428 -0.00170224 -0.00171753 -0.00170732 -0.00173394 -0.00167481 -0.001692 -0.00168231 -0.00169904 -0.00162112 -0.00172023 -0.00165645 -0.00168571 -0.00177544 -0.00153987 -0.0017768 -0.00172989 -0.00167159 -0.0015012 -0.00162566 -0.00173403 -0.00160868 -0.00169389 -0.00174828 -0.00175621 -0.00174245 -0.00168818 -0.00171561 -0.0016631 -0.00161014 -0.00164898 -0.0017468 -0.00166232 -0.00170607 -0.00157424 -0.00167271 -0.00166436 -0.00171411 -0.00165207 -0.00167461 -0.00169881 -0.00174761 -0.00155199 -0.001589 -0.00171828 -0.00164201 -0.00165657 -0.00170095 -0.00166479 -0.00172374 -0.00158952 -0.00165068 -0.00174584 -0.00172624 -0.00155213 
-0.00146527 -0.00130365 -0.00131788 -0.0012265 0.00203948 0.00230751 0.00233222 0.00237935 0.00258972 0.129986 0.00258751 0.00243308 0.00234813 0.00225646 -0.0013703 -0.00142324 -0.00179092 -0.001835 -0.001873 -0.00201599 -0.00191506 -0.00210067 -0.0020628 -0.00190908 -0.00217421 -0.00210336 -0.00185196 -0.00196105 -0.00193616 -0.0018666 -0.00193413 -0.0018448 -0.00178224 -0.00184538 -0.00176879 -0.00169204 -0.00181963 -0.00172318 -0.00185538 -0.00172188 -0.00168775 -0.00164651 -0.00182655 -0.00175466 -0.00168446 -0.00178554 -0.00165205 -0.00159126 -0.0017549 -0.00162691 -0.00172088 -0.00163535 -0.00165339 -0.00166831 -0.00165717 -0.00156867 -0.00164787 -0.00168601 -0.00171395 -0.00170268 -0.0016817 -0.00156414 -0.0015018 -0.00160069 -0.00163119 -0.00152644 -0.00160688 -0.0015469 -0.00161047 -0.00155869 -0.00162668 -0.00157168 -0.0016267 -0.00164248 -0.0016179 -0.00156318 -0.00151938 -0.00159145 -0.00163591 -0.00173537 -0.00158792 -0.00162366 -0.00162268 -0.00152153 -0.00165539 -0.00158842 -0.00170383 -0.00163655 -0.00151859 -0.00153865 -0.00161215 -0.00158699 -0.0016178 -0.00164377 -0.00172938 -0.00163766 -0.00162049 -0.00159157 -0.0016334 -0.00147402 
-0.00161467 -0.00149649 -0.00139859 -0.00134148 -0.00127062 0.00213409 0.00218177 0.00237151 0.00256398 0.00258751 0.13462 0.00275534 0.00265973 0.00241812 0.00238034 0.00237182 -0.00162216 -0.00177132 -0.00176423 -0.00202588 -0.0022673 -0.00232663 -0.00219772 -0.00209015 -0.00221896 -0.00231855 -0.00210935 -0.00209434 -0.00205053 -0.00195453 -0.00211444 -0.00198324 -0.00209143 -0.00192168 -0.00187797 -0.00191143 -0.00180545 -0.0019005 -0.00195573 -0.0019112 -0.0017861 -0.00176704 -0.00181751 -0.00185287 -0.00193166 -0.00184959 -0.00188941 -0.00175041 -0.00160608 -0.00176252 -0.00172854 -0.00169435 -0.00173545 -0.00176324 -0.00178218 -0.0017677 -0.00174264 -0.00168278 -0.00173586 -0.00174287 -0.00166507 -0.00175132 -0.00178604 -0.0017304 -0.00173915 -0.00169841 -0.00174126 -0.00175413 -0.00171165 -0.0017161 -0.0016844 -0.00161618 -0.00168437 -0.00174427 -0.00166022 -0.0016418 -0.00165937 -0.00167167 -0.00177106 -0.00170198 -0.0017381 -0.00173234 -0.00188861 -0.00176472 -0.0017107 -0.00172916 -0.00161926 -0.00166829 -0.00156828 -0.0016846 -0.00170536 -0.00157307 -0.00169802 -0.00176379 -0.00174288 -0.00178288 -0.00165896 -0.0017117 -0.00177871 -0.00160026 
-0.00181294 -0.00166286 -0.00152327 -0.00146621 -0.00134041 -0.00136245 0.00218226 0.00224347 0.00237789 0.00243308 0.00275534 0.136457 0.00271454 0.00269319 0.00249504 0.00252656 0.00243976 -0.00166963 -0.00160269 -0.00186292 -0.00196658 -0.00194322 -0.00212918 -0.00207991 -0.00224957 -0.00227811 -0.00212076 -0.00213399 -0.00204586 -0.00197203 -0.00204886 -0.0019974 -0.00206851 -0.00199752 -0.00194509 -0.00183606 -0.00194413 -0.00193998 -0.00188086 -0.00191086 -0.00186423 -0.00183997 -0.00199052 -0.0018202 -0.00179791 -0.00191116 -0.00175113 -0.00176057 -0.00181059 -0.00177584 -0.00176625 -0.00180608 -0.00180427 -0.00182066 -0.00176313 -0.00171816 -0.00179102 -0.0017798 -0.00184068 -0.00177132 -0.00174941 -0.00178151 -0.00174117 -0.00171257 -0.00176711 -0.00173532 -0.0019111 -0.00179272 -0.00187623 -0.0017586 -0.00187056 -0.00176566 -0.00175889 -0.00173555 -0.00168627 -0.00162145 -0.0016812 -0.00170635 -0.00184316 -0.00170074 -0.00168711 -0.0017617 -0.00181207 -0.00185693 -0.00176341 -0.00181965 -0.00179221 -0.00171615 -0.00171483 -0.00172003 -0.00170939 -0.00172942 -0.00175712 -0.00174538 -0.00181671 -0.00180676 -0.00177537 -0.00175258 -0.00179224 -0.00161841 
-0.00165295 -0.00160293 -0.0016534 -0.00150376 -0.00140897 -0.00139583 -0.00133929 0.00219921 0.00240054 0.00234813 0.00265973 0.00271454 0.135511 0.00273286 0.00248567 0.00251467 0.00236504 -0.00160745 -0.00156214 -0.00182375 -0.00197518 -0.00191396 -0.00205951 -0.00198173 -0.00224138 -0.0021162 -0.00202367 -0.00206906 -0.00207214 -0.00191146 -0.00193083 -0.00195813 -0.00190786 -0.00194482 -0.00182235 -0.00171577 -0.00187624 -0.00182993 -0.00184571 -0.00176548 -0.00175648 -0.00178101 -0.00190747 -0.00182113 -0.00180265 -0.00175592 -0.00178638 -0.00184453 -0.00171025 -0.00181041 -0.00175711 -0.00174017 -0.00166323 -0.00179223 -0.00170142 -0.00177405 -0.0016949 -0.00178306 -0.00178911 -0.00178317 -0.00171094 -0.00170475 -0.00159789 -0.0015685 -0.00172862 -0.00164023 -0.00165793 -0.0016961 -0.00180451 -0.0016936 -0.00173612 -0.00175488 -0.00178587 -0.00178848 -0.00161698 -0.00172493 -0.00160789 -0.00175457 -0.00166358 -0.00175357 -0.00170072 -0.00172523 -0.00163051 -0.00169343 -0.00167912 -0.00174494 -0.0017167 -0.00168093 -0.001616 -0.0016922 -0.00170663 -0.00177288 -0.00169296 -0.00174994 -0.00169099 -0.00173472 -0.00172509 -0.00171816 -0.00175141 -0.00155192 
-0.00186962 -0.00184663 -0.00176234 -0.00178656 -0.00167017 -0.00162863 -0.00161657 -0.00151738 0.00218843 0.00225646 0.00241812 0.00269319 0.00273286 0.140423 0.00283225 0.00287096 0.00270037 0.00253633 0.00266732 -0.00168194 -0.00179897 -0.00181263 -0.00201956 -0.00210333 -0.0023322 -0.00235169 -0.00215839 -0.00206376 -0.00216107 -0.00205894 -0.00209704 -0.00199537 -0.00202102 -0.00202533 -0.00189741 -0.00196338 -0.00199439 -0.00196198 -0.0018905 -0.00199105 -0.00185686 -0.00195171 -0.00193559 -0.00195116 -0.00193919 -0.00190751 -0.00181382 -0.00184008 -0.00180834 -0.00181919 -0.00179828 -0.00188387 -0.00179993 -0.00172067 -0.00185627 -0.00183124 -0.00190942 -0.00191007 -0.00190021 -0.00193588 -0.0018208 -0.00181814 -0.00173423 -0.00179105 -0.00184574 -0.00185659 -0.00179258 -0.00175317 -0.00188932 -0.00191968 -0.00188916 -0.00198228 -0.00184057 -0.00190085 -0.00179351 -0.00181712 -0.00171342 -0.00178194 -0.00178728 -0.00186497 -0.00179595 -0.00185708 -0.00181243 -0.00187344 -0.00186148 -0.00185786 -0.00182211 -0.00174511 -0.00175561 -0.00187082 -0.00189734 -0.00180047 -0.00175934 -0.00183401 -0.00188498 -0.00181021 -0.00179122 -0.00170567 -0.00180023 -0.00174479 
-0.00178751 -0.00180423 -0.00184618 -0.00179246 -0.00186019 -0.00177392 -0.00172866 -0.00158011 -0.00142716 -0.0013703 0.00238034 0.00249504 0.00248567 0.00283225 0.139593 0.0030773 0.00293675 0.0025984 0.00270136 0.00258833 -0.00165316 -0.00172186 -0.00174214 -0.0018894 -0.00207231 -0.00220235 -0.00215771 -0.00202539 -0.00206382 -0.00202571 -0.00209904 -0.00196631 -0.00199726 -0.00205006 -0.0018147 -0.00195637 -0.00195702 -0.00191943 -0.00189883 -0.00193125 -0.0018538 -0.0017662 -0.00189285 -0.00191537 -0.00193972 -0.0018621 -0.00185131 -0.00175546 -0.00172225 -0.00177313 -0.00177715 -0.00177954 -0.00175883 -0.00176493 -0.00179396 -0.00177574 -0.00175967 -0.00178073 -0.00184887 -0.00184783 -0.00169669 -0.00181789 -0.00168366 -0.00171658 -0.00167996 -0.0017002 -0.0018631 -0.00177358 -0.00175971 -0.00183324 -0.00174981 -0.00182372 -0.00184335 -0.00190463 -0.00172607 -0.00179306 -0.00172563 -0.00182371 -0.00178412 -0.00180573 -0.00186606 -0.00181353 -0.00175897 -0.00178514 -0.00180901 -0.00179055 -0.00179575 -0.00167203 -0.00172184 -0.00174151 -0.00183927 -0.00182528 -0.00186986 -0.00176796 -0.00179359 -0.00179853 -0.00187898 -0.0018562 -0.0017506 -0.00171493 
-0.00183983 -0.00179752 -0.00184525 -0.00180579 -0.00182586 -0.0019115 -0.00174313 -0.00165734 -0.00155499 -0.00142324 0.00237182 0.00252656 0.00251467 0.00287096 0.0030773 0.141353 0.00300223 0.00277771 0.00283028 0.00263754 -0.00178152 -0.0017021 -0.00172497 -0.00196449 -0.00204529 -0.0021907 -0.00213188 -0.00217288 -0.00210157 -0.00200942 -0.00215809 -0.0020367 -0.00208452 -0.00212779 -0.00191022 -0.00183837 -0.00196215 -0.00199923 -0.00190782 -0.00187674 -0.00182712 -0.00180709 -0.00186593 -0.001887 -0.00195036 -0.00184338 -0.00189865 -0.00180679 -0.00185556 -0.00195233 -0.00178578 -0.00182615 -0.0018385 -0.00177987 -0.00179937 -0.00188543 -0.00190143 -0.00178813 -0.00179354 -0.00176611 -0.0018011 -0.00174611 -0.00169383 -0.00181155 -0.0018177 -0.00177672 -0.00188264 -0.00187085 -0.00180623 -0.00181191 -0.00182454 -0.00174663 -0.00171755 -0.00181443 -0.00170388 -0.00171809 -0.00172481 -0.00179043 -0.00190601 -0.00179506 -0.00179098 -0.00182159 -0.00185646 -0.00179953 -0.00187634 -0.00190183 -0.00182782 -0.00174909 -0.00171675 -0.00177942 -0.00182476 -0.00178784 -0.00187085 -0.0018264 -0.00182446 -0.00188735 -0.00176546 -0.00179285 -0.00183118 -0.00168189 
-0.00181935 -0.00197727 -0.00201683 -0.00187244 -0.00197414 -0.00207248 -0.00204973 -0.00193737 -0.00175158 -0.00179092 -0.00162216 0.00243976 0.00236504 0.00270037 0.00293675 0.00300223 0.145791 0.00313209 0.00310353 0.00292175 0.00267432 0.00265107 -0.00165325 -0.00199715 -0.00198697 -0.00213216 -0.00228605 -0.00207912 -0.00215934 -0.00209094 -0.00216628 -0.00214883 -0.00221588 -0.0021794 -0.00199606 -0.00202513 -0.00208081 -0.00202433 -0.00213242 -0.00215726 -0.00193665 -0.00188986 -0.00197512 -0.00208391 -0.00197095 -0.00215173 -0.00194139 -0.00193909 -0.00194964 -0.00200001 -0.00192541 -0.00197467 -0.00191201 -0.00188668 -0.00197884 -0.00194893 -0.00197617 -0.00185556 -0.00192041 -0.00187624 -0.00182981 -0.00192295 -0.00176805 -0.00187083 -0.00203327 -0.00198349 -0.00196723 -0.00189529 -0.00193457 -0.00194629 -0.00191913 -0.00184264 -0.00188977 -0.00193334 -0.00188232 -0.00185017 -0.00181226 -0.00186827 -0.00190773 -0.00194014 -0.00182703 -0.00198219 -0.00192448 -0.00186035 -0.00181348 -0.00194038 -0.00195281 -0.0018141 -0.00182593 -0.00194731 -0.0019941 -0.00190926 -0.0020084 -0.00188803 -0.00196702 -0.00198175 -0.00194454 -0.00192053 -0.00189147 -0.00183847 
-0.00192011 -0.00194602 -0.00194558 -0.00197995 -0.00184718 -0.00200831 -0.00205601 -0.00202262 -0.00200258 -0.001835 -0.00177132 -0.00166963 -0.00160745 0.00253633 0.0025984 0.00277771 0.00313209 0.144576 0.00321989 0.00311141 0.00283641 0.00297412 0.00281912 -0.00147155 -0.00170727 -0.00194814 -0.00204869 -0.00216711 -0.00216956 -0.00212346 -0.0020999 -0.00223837 -0.00204855 -0.00202486 -0.00204311 -0.00198194 -0.00203592 -0.00193917 -0.00210202 -0.00212389 -0.00196678 -0.00200689 -0.00205649 -0.00193165 -0.00199148 -0.00197091 -0.001789 -0.00183145 -0.00184044 -0.00190298 -0.00180929 -0.00178344 -0.00193965 -0.0019196 -0.00187788 -0.00182819 -0.00185592 -0.00181013 -0.00188679 -0.00186137 -0.00185625 -0.00182387 -0.00186113 -0.0018074 -0.00181927 -0.001889 -0.00195304 -0.00194043 -0.00189733 -0.00194407 -0.00187772 -0.00186819 -0.00188104 -0.00175694 -0.00173865 -0.00175543 -0.00171918 -0.00192 -0.00178342 -0.0018471 -0.00181752 -0.00187852 -0.00180768 -0.0018828 -0.00190651 -0.00184231 -0.00184888 -0.00176663 -0.00178676 -0.00191349 -0.00188999 -0.00185344 -0.00184339 -0.00180944 -0.00186416 -0.00179968 -0.0019325 -0.00185891 -0.00180931 -0.00178495 
-0.00186279 -0.00189187 -0.00201188 -0.00198042 -0.00201361 -0.00191519 -0.00198316 -0.00215005 -0.00194063 -0.001873 -0.00176423 -0.00160269 -0.00156214 0.00266732 0.00270136 0.00283028 0.00310353 0.00321989 0.145278 0.00312135 0.00292537 0.00282546 0.00272875 -0.00163032 -0.00177018 -0.00198044 -0.00209491 -0.0021532 -0.00217993 -0.0020839 -0.00226899 -0.00213615 -0.00211522 -0.00213202 -0.00202228 -0.0019858 -0.00208733 -0.00195038 -0.00203237 -0.00210826 -0.00185333 -0.0019395 -0.001968 -0.00195637 -0.00198088 -0.00206403 -0.00187951 -0.00190778 -0.00191605 -0.00190316 -0.00185453 -0.00189653 -0.00187338 -0.00185569 -0.00192999 -0.00183355 -0.00183028 -0.00192415 -0.00182011 -0.00188429 -0.00186533 -0.00187905 -0.00185874 -0.00179856 -0.00193839 -0.00192887 -0.00174417 -0.00190427 -0.00196804 -0.00194248 -0.00179565 -0.00194055 -0.00183605 -0.00186212 -0.00175894 -0.00176638 -0.00172485 -0.00175767 -0.00188291 -0.00188489 -0.00174236 -0.00186409 -0.00177404 -0.00180224 -0.00187057 -0.00188887 -0.00181077 -0.00173547 -0.00178406 -0.0018614 -0.00192357 -0.0019057 -0.00195331 -0.00180778 -0.0019393 -0.00185343 -0.00187012 -0.00189255 -0.00190673 -0.00182246 
-0.00199312 -0.00199111 -0.00209148 -0.00205479 -0.00201284 -0.00223511 -0.00219785 -0.00216699 -0.00219455 -0.00201599 -0.00202588 -0.00186292 -0.00182375 -0.00168194 0.00258833 0.00263754 0.00292175 0.00311141 0.00312135 0.149483 0.00315477 0.00316298 0.00299672 0.00269138 0.00263475 -0.00167942 -0.00194542 -0.00199104 -0.0020223 -0.0020703 -0.00234448 -0.0022091 -0.00220591 -0.00225195 -0.00208017 -0.00214527 -0.00216088 -0.00211445 -0.00214474 -0.00213587 -0.001998 -0.00205125 -0.00206315 -0.00216955 -0.00216798 -0.00212111 -0.00198217 -0.00199468 -0.00194736 -0.00204412 -0.001942 -0.00201358 -0.00194918 -0.00196285 -0.00199692 -0.00203051 -0.00198384 -0.00191883 -0.00204284 -0.00196859 -0.00191444 -0.00194431 -0.00192737 -0.00178048 -0.00201549 -0.00197633 -0.00195586 -0.00196275 -0.00193551 -0.00201546 -0.00187907 -0.00196913 -0.00203999 -0.00204399 -0.00192724 -0.00189648 -0.00187507 -0.00194559 -0.00205107 -0.00195566 -0.001997 -0.00190404 -0.00199836 -0.00196558 -0.00197944 -0.00202038 -0.00201304 -0.00188747 -0.00189633 -0.00190009 -0.00201166 -0.00190495 -0.00200533 -0.00196606 -0.00194845 -0.00204816 -0.0019371 -0.00197858 -0.00194921 -0.00198373 
-0.00197124 -0.00193512 -0.00199315 -0.00196646 -0.0018949 -0.00195477 -0.00208012 -0.00217195 -0.00207378 -0.00191506 -0.0022673 -0.00196658 -0.00197518 -0.00179897 -0.00165316 -0.00178152 0.00267432 0.00283641 0.00292537 0.00315477 0.146378 0.00341541 0.00319495 0.00281676 0.0027628 0.00275465 -0.00163924 -0.00182565 -0.00178221 -0.00188718 -0.00202587 -0.00212037 -0.00211491 -0.00214484 -0.00198024 -0.00189063 -0.00213068 -0.00198326 -0.00213058 -0.00202568 -0.00201797 -0.00196962 -0.0020654 -0.00201394 -0.00197537 -0.00197299 -0.00193294 -0.00183526 -0.00187165 -0.00193003 -0.00192419 -0.00184736 -0.00194513 -0.00189507 -0.00183906 -0.00184671 -0.00188005 -0.00193057 -0.00191645 -0.00189465 -0.00188245 -0.00188979 -0.00167619 -0.00176824 -0.00192446 -0.00190014 -0.0017562 -0.00196709 -0.00194693 -0.00188251 -0.00191368 -0.00193088 -0.00190381 -0.00191245 -0.00182385 -0.00182431 -0.00187938 -0.00191726 -0.00186399 -0.00187365 -0.00196999 -0.00194733 -0.00192322 -0.00188348 -0.00184384 -0.0018693 -0.00192321 -0.00181484 -0.00184049 -0.00192785 -0.00194847 -0.00191701 -0.00193158 -0.0017716 -0.00198905 -0.00189113 -0.00195073 -0.00184959 -0.00188969 -0.00180892 
-0.00191535 -0.00198533 -0.00187526 -0.00194896 -0.00198049 -0.00198659 -0.00207526 -0.00216092 -0.00216959 -0.00210067 -0.00232663 -0.00194322 -0.00191396 -0.00181263 -0.00172186 -0.0017021 0.00265107 0.00297412 0.00282546 0.00316298 0.00341541 0.146109 0.00310507 0.00277092 0.00276033 0.00266492 -0.00157009 -0.00185966 -0.00188948 -0.0018651 -0.00196496 -0.00211632 -0.00212135 -0.00212451 -0.00197716 -0.00185269 -0.00197679 -0.00202622 -0.0020708 -0.00203991 -0.00192295 -0.00189219 -0.00202891 -0.0020973 -0.00201426 -0.00197967 -0.00181665 -0.00174106 -0.00184709 -0.00202777 -0.0018789 -0.00191038 -0.00189365 -0.00194996 -0.00196379 -0.00195351 -0.00186144 -0.00191147 -0.00195002 -0.00191959 -0.00185611 -0.00194179 -0.00182378 -0.00182653 -0.00185415 -0.00189718 -0.00193024 -0.00180131 -0.00194895 -0.00194465 -0.0018966 -0.00184027 -0.00196327 -0.00185977 -0.00175245 -0.00178654 -0.00183674 -0.00183744 -0.00193099 -0.00190656 -0.00190515 -0.00197963 -0.00188811 -0.00190182 -0.00186796 -0.00188341 -0.00182486 -0.00174443 -0.00183756 -0.00187836 -0.00186301 -0.00190604 -0.00187094 -0.00184255 -0.00182339 -0.00195164 -0.00186886 -0.00186409 -0.00187374 -0.00179355 
-0.00184832 -0.00190013 -0.00190079 -0.00193854 -0.00195593 -0.00197707 -0.00201514 -0.00211112 -0.00235616 -0.0020628 -0.00219772 -0.00212918 -0.00205951 -0.00201956 -0.00174214 -0.00172497 -0.00165325 0.00281912 0.00272875 0.00299672 0.00319495 0.00310507 0.145307 0.00291619 0.003012 0.00264786 0.00236626 -0.00152436 -0.00174401 -0.00184243 -0.00197019 -0.00202632 -0.00207017 -0.00217608 -0.00204424 -0.00191857 -0.00196758 -0.00199361 -0.0020366 -0.0020915 -0.00188409 -0.00193001 -0.00189319 -0.00199877 -0.00188091 -0.00196909 -0.00189079 -0.00185005 -0.00184233 -0.00193561 -0.00186733 -0.00190622 -0.00190272 -0.00189236 -0.0018435 -0.00190486 -0.00190334 -0.00198584 -0.00194823 -0.00180845 -0.00181613 -0.00172103 -0.00184988 -0.00175361 -0.00181281 -0.00176852 -0.00184871 -0.00184992 -0.00182171 -0.00190232 -0.00184822 -0.00190194 -0.00188999 -0.00190202 -0.00168926 -0.00182322 -0.00174951 -0.00193155 -0.00182722 -0.00186078 -0.0018345 -0.00186847 -0.00193609 -0.00188969 -0.00188198 -0.00185044 -0.00191963 -0.00180775 -0.00184353 -0.00186698 -0.00194853 -0.00187233 -0.00186623 -0.00195994 -0.00191203 -0.00182725 -0.00184413 -0.0018987 -0.00190527 -0.00175688 
-0.00176201 -0.00179739 -0.00178186 -0.00188108 -0.00187226 -0.00197622 -0.00189894 -0.00201364 -0.00206898 -0.00190908 -0.00209015 -0.00207991 -0.00198173 -0.00210333 -0.0018894 -0.00196449 -0.00199715 -0.00147155 -0.00163032 0.00269138 0.00281676 0.00277092 0.00291619 0.141526 0.00305012 0.00279424 0.00252326 0.00248905 -0.00145983 -0.00152703 -0.00166194 -0.00184048 -0.00179176 -0.00184389 -0.00184296 -0.00183186 -0.00200555 -0.00186949 -0.00183389 -0.00187335 -0.00174082 -0.00183581 -0.00183044 -0.00190682 -0.00202175 -0.00184082 -0.00181643 -0.00179543 -0.00177477 -0.00182289 -0.0018061 -0.00183708 -0.00180613 -0.00179044 -0.00176071 -0.00179559 -0.00177146 -0.00183237 -0.0018058 -0.00180949 -0.00180973 -0.00175296 -0.00167549 -0.0016882 -0.00174765 -0.00181484 -0.00167683 -0.00177096 -0.0017414 -0.00177422 -0.0017682 -0.00181956 -0.00166982 -0.00178948 -0.00166101 -0.00176678 -0.00170907 -0.00182888 -0.00178862 -0.0016239 -0.00168952 -0.00184672 -0.00178714 -0.00172277 -0.00179874 -0.00174407 -0.00179883 -0.00164766 -0.00167076 -0.00170791 -0.00177054 -0.00168086 -0.00185922 -0.00168965 -0.00164256 -0.00170203 -0.00172511 -0.00181952 -0.00175798 -0.00168627 
-0.00189673 -0.00197432 -0.00193099 -0.00203964 -0.00201563 -0.00215383 -0.0021048 -0.00222294 -0.00226146 -0.00217421 -0.00221896 -0.00224957 -0.00224138 -0.0023322 -0.00207231 -0.00204529 -0.00198697 -0.00170727 -0.00177018 0.00263475 0.0027628 0.00276033 0.003012 0.00305012 0.146082 0.00316504 0.00282572 0.0026384 0.00255366 0.00247683 -0.0015073 -0.0016706 -0.00176031 -0.00182405 -0.00194394 -0.00202894 -0.00216693 -0.00203475 -0.00209602 -0.00200255 -0.00185419 -0.00189899 -0.00210722 -0.00209824 -0.00208575 -0.0021254 -0.00196205 -0.00198834 -0.00195141 -0.0019899 -0.00190426 -0.00187439 -0.00189033 -0.00199633 -0.00193475 -0.00185391 -0.00194472 -0.00189337 -0.00195647 -0.00188609 -0.00187078 -0.00189569 -0.00184821 -0.00179915 -0.00185216 -0.00194747 -0.00197368 -0.00188189 -0.00193175 -0.00193343 -0.00202354 -0.0019616 -0.00194134 -0.00191624 -0.00192782 -0.00180984 -0.00188727 -0.00190735 -0.00197686 -0.00187671 -0.00195625 -0.00191265 -0.00201459 -0.00191683 -0.00190061 -0.00190673 -0.00196369 -0.00183359 -0.00182152 -0.00181521 -0.00196715 -0.00188818 -0.00196977 -0.00185164 -0.00195634 -0.00186053 -0.00189339 -0.00191103 -0.00193813 -0.00189075 
-0.00184668 -0.00195449 -0.00189507 -0.00184761 -0.00193268 -0.00211318 -0.00210308 -0.00210546 -0.00220252 -0.00210336 -0.00231855 -0.00227811 -0.0021162 -0.00235169 -0.00220235 -0.0021907 -0.00213216 -0.00194814 -0.00198044 -0.00167942 0.00275465 0.00266492 0.00264786 0.00279424 0.00316504 0.144312 0.00294512 0.00272423 0.00253109 0.0024712 0.0023063 -0.00155209 -0.00166765 -0.00168648 -0.00176737 -0.001843 -0.00197453 -0.00206163 -0.00197707 -0.00199545 -0.0019266 -0.00194709 -0.00202514 -0.00197672 -0.00204106 -0.00196973 -0.00199346 -0.00187201 -0.00195433 -0.001868 -0.00198568 -0.001895 -0.00186179 -0.00180306 -0.00192291 -0.00193091 -0.0018865 -0.00186008 -0.00188431 -0.00182521 -0.00179777 -0.00190424 -0.00186731 -0.00173811 -0.00195025 -0.00187326 -0.00188329 -0.00200651 -0.00191218 -0.00192155 -0.00185054 -0.00180158 -0.00181768 -0.00192096 -0.00184518 -0.00181846 -0.00182493 -0.0019543 -0.001807 -0.00185728 -0.00185775 -0.00185822 -0.00189934 -0.00194336 -0.00190702 -0.00182805 -0.00193374 -0.00177203 -0.00188397 -0.00192619 -0.00183125 -0.00188926 -0.00187283 -0.00190657 -0.00195034 -0.00195164 -0.00190903 -0.00186261 -0.00184207 -0.00188183 
-0.00166924 -0.00181743 -0.00171434 -0.00177312 -0.00188337 -0.00190872 -0.00205058 -0.002027 -0.00204565 -0.00185196 -0.00210935 -0.00212076 -0.00202367 -0.00215839 -0.00215771 -0.00213188 -0.00228605 -0.00204869 -0.00209491 -0.00194542 -0.00163924 -0.00157009 0.00236626 0.00252326 0.00282572 0.00294512 0.13929 0.00282781 0.00272554 0.00254536 0.0025347 0.00228779 -0.00141949 -0.00149688 -0.0015262 -0.00164657 -0.00176534 -0.00187379 -0.00187741 -0.00188116 -0.00192358 -0.00170332 -0.00181606 -0.0018057 -0.00189051 -0.00193943 -0.00184722 -0.00172028 -0.00178535 -0.00180822 -0.00183042 -0.00170854 -0.00179122 -0.0018061 -0.00171456 -0.00175913 -0.00178211 -0.00178563 -0.00178194 -0.00167515 -0.00186571 -0.00176175 -0.00170624 -0.00167737 -0.00168986 -0.00177945 -0.00176866 -0.00182318 -0.00180508 -0.001757 -0.00182194 -0.00177259 -0.0017551 -0.00178442 -0.00176086 -0.00168265 -0.00159018 -0.00175934 -0.00179355 -0.00182126 -0.00173453 -0.00175198 -0.00178974 -0.00174666 -0.00178854 -0.00174962 -0.00168707 -0.00173324 -0.00177896 -0.00172258 -0.00186999 -0.00175132 -0.00180064 -0.00185115 -0.00176279 -0.001776 -0.00175337 -0.00183149 -0.00173309 -0.00169333 
-0.00176198 -0.00170541 -0.00169895 -0.00178111 -0.00172523 -0.00200558 -0.00199046 -0.00193598 -0.00187936 -0.00196105 -0.00209434 -0.00213399 -0.00206906 -0.00206376 -0.00202539 -0.00217288 -0.00207912 -0.00216711 -0.0021532 -0.00199104 -0.00182565 -0.00185966 -0.00152436 0.00248905 0.0026384 0.00272423 0.00282781 0.137155 0.00289674 0.00254813 0.00257624 0.00248017 0.00230328 -0.00135386 -0.00152488 -0.00145694 -0.00162577 -0.00173389 -0.00183857 -0.00181587 -0.00178836 -0.00176762 -0.00180776 -0.00181124 -0.00179992 -0.00181012 -0.00172567 -0.00182655 -0.00176006 -0.00176746 -0.00179912 -0.00180185 -0.00173529 -0.00177359 -0.00176421 -0.00177187 -0.00176718 -0.00175045 -0.00179729 -0.00171913 -0.00171737 -0.00170542 -0.00170088 -0.00166723 -0.00168127 -0.00170219 -0.00174074 -0.00177628 -0.00177219 -0.00171736 -0.00171643 -0.00174953 -0.00165832 -0.00171709 -0.00174673 -0.00164127 -0.00166807 -0.00168745 -0.00173074 -0.00169486 -0.00171756 -0.00170088 -0.00176851 -0.00178695 -0.00179773 -0.00180188 -0.0017479 -0.00174798 -0.00170051 -0.00177653 -0.00174784 -0.00172564 -0.00173063 -0.00179731 -0.00182398 -0.00170619 -0.00174213 -0.00167363 -0.00176817 -0.00168638 
-0.00172465 -0.0016807 -0.00171534 -0.00178118 -0.00176929 -0.00184278 -0.00180937 -0.00182862 -0.0019652 -0.00193616 -0.00205053 -0.00204586 -0.00207214 -0.00216107 -0.00206382 -0.00210157 -0.00215934 -0.00216956 -0.00217993 -0.0020223 -0.00178221 -0.00188948 -0.00174401 -0.00145983 0.00255366 0.00253109 0.00272554 0.00289674 0.135321 0.00287325 0.00267526 0.00255053 0.00237928 0.00228329 -0.00129126 -0.00135098 -0.00152739 -0.00160488 -0.00181928 -0.00182356 -0.00169208 -0.00169811 -0.00180718 -0.00183578 -0.00183675 -0.00176634 -0.00168209 -0.00180751 -0.00177509 -0.00178229 -0.00173101 -0.00169109 -0.00168377 -0.00173964 -0.00172831 -0.00174185 -0.00164225 -0.00173545 -0.00172129 -0.00172769 -0.00167871 -0.00177846 -0.00159446 -0.00169902 -0.00167556 -0.00168894 -0.00172163 -0.00180791 -0.00179717 -0.00179277 -0.00166072 -0.00174649 -0.00166828 -0.0017397 -0.00172873 -0.00168289 -0.0015967 -0.00169037 -0.00188361 -0.00177774 -0.00174491 -0.00167784 -0.00174075 -0.00178358 -0.00161323 -0.00179057 -0.00172221 -0.00160943 -0.00159896 -0.00183599 -0.00168746 -0.00173339 -0.00176071 -0.001685 -0.00174793 -0.00173963 -0.00167751 -0.0017003 -0.00172298 -0.00160967 
-0.00163888 -0.00167491 -0.00176597 -0.00175246 -0.00172714 -0.00185674 -0.0018103 -0.00191712 -0.00192494 -0.0018666 -0.00195453 -0.00197203 -0.00191146 -0.00205894 -0.00202571 -0.00200942 -0.00209094 -0.00212346 -0.0020839 -0.0020703 -0.00188718 -0.0018651 -0.00184243 -0.00152703 0.00247683 0.0024712 0.00254536 0.00254813 0.00287325 0.133709 0.00263076 0.00249031 0.00240354 0.00210236 -0.00140869 -0.00138215 -0.0015417 -0.00160177 -0.00164424 -0.00179687 -0.0017949 -0.00174797 -0.00176719 -0.00179422 -0.00181129 -0.0018081 -0.00171697 -0.00172741 -0.00167281 -0.00175548 -0.00169966 -0.00165856 -0.00167316 -0.00169447 -0.00168602 -0.00176344 -0.0016887 -0.00163714 -0.00179838 -0.00170921 -0.00165351 -0.00170729 -0.00159766 -0.00156798 -0.00175042 -0.00175518 -0.00169074 -0.00170105 -0.00171602 -0.0017319 -0.0017122 -0.0016784 -0.00163176 -0.00169782 -0.00165686 -0.0015151 -0.00155243 -0.00167747 -0.00171488 -0.00157487 -0.00164268 -0.00165656 -0.00158152 -0.00168508 -0.00165652 -0.00172339 -0.00167024 -0.0016316 -0.00153856 -0.00173248 -0.00169934 -0.00166646 -0.00170524 -0.0016807 -0.00177664 -0.0017326 -0.00174262 -0.0016629 -0.00181613 -0.00162751 
-0.00188851 -0.00172965 -0.0016846 -0.00176889 -0.00178616 -0.0018549 -0.00193578 -0.00201432 -0.00195525 -0.00193413 -0.00211444 -0.00204886 -0.00193083 -0.00209704 -0.00209904 -0.00215809 -0.00216628 -0.0020999 -0.00226899 -0.00234448 -0.00202587 -0.00196496 -0.00197019 -0.00166194 -0.0015073 0.0023063 0.0025347 0.00257624 0.00267526 0.00263076 0.134659 0.00266157 0.00247754 0.00236987 0.00216604 0.00215467 -0.00138259 -0.00148646 -0.00154425 -0.00165504 -0.00178646 -0.00166519 -0.0018532 -0.00185993 -0.00178705 -0.00180213 -0.00172727 -0.00169208 -0.00174238 -0.00169106 -0.00173796 -0.0017503 -0.00172539 -0.00178991 -0.00172329 -0.00187027 -0.00178357 -0.00175021 -0.00172181 -0.00167575 -0.00173708 -0.00173473 -0.00169216 -0.00169919 -0.00170503 -0.00176528 -0.00173539 -0.00176934 -0.00170432 -0.00168013 -0.00181424 -0.00168062 -0.00169567 -0.00173509 -0.00167594 -0.00159469 -0.00164722 -0.00174866 -0.00175121 -0.00166914 -0.0017673 -0.00170745 -0.00174651 -0.00177652 -0.0017004 -0.00175704 -0.00173353 -0.00164834 -0.00162697 -0.00181576 -0.00169885 -0.00176929 -0.00178248 -0.00173092 -0.0016903 -0.0017457 -0.0017853 -0.00178783 -0.00177855 -0.00171357 
-0.00176414 -0.0017307 -0.00172381 -0.00174862 -0.00180848 -0.00193957 -0.00187429 -0.00192679 -0.00192113 -0.0018448 -0.00198324 -0.0019974 -0.00195813 -0.00199537 -0.00196631 -0.0020367 -0.00214883 -0.00223837 -0.00213615 -0.0022091 -0.00212037 -0.00211632 -0.00202632 -0.00184048 -0.0016706 -0.00155209 0.00228779 0.00248017 0.00255053 0.00249031 0.00266157 0.133003 0.00255425 0.00251999 0.00236655 0.00228106 0.0019075 -0.001379 -0.00142005 -0.0015365 -0.00177206 -0.00165581 -0.00169821 -0.00182199 -0.00167327 -0.00175843 -0.001788 -0.00178799 -0.00173253 -0.00180757 -0.00169066 -0.00165126 -0.00176934 -0.00169846 -0.00163315 -0.0017547 -0.00163262 -0.00181859 -0.00174285 -0.00169078 -0.00168957 -0.00176662 -0.001586 -0.00160131 -0.00171839 -0.00163248 -0.0017478 -0.00176648 -0.00174112 -0.00168705 -0.00173172 -0.00174486 -0.00171849 -0.00176629 -0.00161256 -0.00165602 -0.00159662 -0.00171386 -0.00172562 -0.00170778 -0.0017091 -0.00171018 -0.00170698 -0.00171179 -0.00177733 -0.00172473 -0.00169581 -0.00165878 -0.00168251 -0.00171538 -0.00164783 -0.0017025 -0.00172374 -0.00178108 -0.00164666 -0.00170289 -0.00168567 -0.00176588 -0.00162897 -0.00162259 
-0.00174652 -0.00162577 -0.00168402 -0.001747 -0.00186107 -0.00188323 -0.00188057 -0.00188381 -0.00183159 -0.00178224 -0.00209143 -0.00206851 -0.00190786 -0.00202102 -0.00199726 -0.00208452 -0.00221588 -0.00204855 -0.00211522 -0.00220591 -0.00211491 -0.00212135 -0.00207017 -0.00179176 -0.00176031 -0.00166765 -0.00141949 0.00230328 0.00237928 0.00240354 0.00247754 0.00255425 0.131273 0.00255569 0.00236926 0.00232545 0.0020752 0.0020494 -0.00124815 -0.00140454 -0.00160122 -0.00154096 -0.00166592 -0.00180019 -0.00183686 -0.00174512 -0.001638 -0.00170114 -0.00166602 -0.00167396 -0.00177353 -0.00164294 -0.00174219 -0.00178396 -0.00168058 -0.00172935 -0.00164149 -0.00169937 -0.00175241 -0.001759 -0.00172519 -0.00172055 -0.00161731 -0.00158104 -0.00163589 -0.00171743 -0.00168268 -0.00165612 -0.00168517 -0.00174313 -0.00168518 -0.0016313 -0.00163514 -0.00164519 -0.00151039 -0.00158569 -0.00156454 -0.00170049 -0.00172721 -0.00168723 -0.0016856 -0.00169786 -0.00165737 -0.0016584 -0.00159949 -0.00164096 -0.00162357 -0.00156836 -0.00159594 -0.00175832 -0.00162308 -0.0015426 -0.00170911 -0.00168719 -0.00172147 -0.00169196 -0.0016954 -0.00172552 -0.0016702 -0.00172167 
