0.123089 0.00220685 0.00225203 0.00212244 0.00199361 0.00199431 -0.00115378 -0.00127714 -0.00130726 -0.00142552 -0.00165425 -0.00177927 -0.00175709 -0.00182537 -0.0017688 -0.00180299 -0.00202374 -0.00186264 -0.00182515 -0.00197533 -0.00189427 -0.0019729 -0.0018743 -0.00177362 -0.00187034 -0.00188529 -0.00189752 -0.0017433 -0.00179397 -0.00169095 -0.00166712 -0.00178653 -0.00166691 -0.00167691 -0.00167152 -0.00158834 -0.00170494 -0.00161073 -0.00171797 -0.00168448 -0.00159205 -0.00149718 -0.00170115 -0.00150487 -0.00162068 -0.00158905 -0.00151561 -0.00151447 -0.00159516 -0.00154501 -0.00139833 -0.00159458 -0.00150751 -0.00151025 -0.00159887 -0.00152467 -0.00158098 -0.00144394 -0.00148259 -0.00152939 -0.00153488 -0.00156046 -0.00136045 -0.00147226 -0.00152444 -0.00146976 -0.00145398 -0.00149306 -0.00155208 -0.00148238 -0.00153076 -0.00157086 -0.00146171 -0.00142814 -0.00146679 -0.00138969 -0.00145296 -0.00158413 -0.00139571 -0.00151044 -0.0014803 -0.00152003 -0.00149757 -0.00145971 -0.00140341 -0.00154669 -0.0014131 -0.00140465 -0.00140107 -0.00141749 -0.00152235 -0.00145609 -0.00124544 -0.00127663 -0.00125646 -0.00122258 0.0018664 0.00196907 0.00207199 0.00210926 
0.00220685 0.123536 0.00227488 0.00228397 0.0020959 0.00214799 0.00214736 -0.00120838 -0.00126619 -0.00132027 -0.00149246 -0.00161424 -0.00172248 -0.00184823 -0.00183801 -0.0018112 -0.00200048 -0.00195462 -0.00198738 -0.00203082 -0.00198899 -0.00187953 -0.00194311 -0.00187461 -0.00192714 -0.00189437 -0.00183016 -0.00180757 -0.00168945 -0.00161647 -0.00171209 -0.00169233 -0.00173544 -0.00163587 -0.00162489 -0.00162067 -0.00174941 -0.00160348 -0.00163309 -0.00168677 -0.00160141 -0.0015212 -0.00153194 -0.00164267 -0.00163972 -0.00163827 -0.00149026 -0.00147622 -0.00157525 -0.00149093 -0.00154828 -0.00159778 -0.00155549 -0.00153953 -0.00151539 -0.00151722 -0.00157301 -0.00150855 -0.00140775 -0.00150468 -0.00149018 -0.00142335 -0.00142987 -0.00143759 -0.00159658 -0.00145628 -0.00147512 -0.00154062 -0.00156565 -0.00161227 -0.00158618 -0.00152855 -0.0015267 -0.00147983 -0.00133168 -0.00138946 -0.00148524 -0.00159067 -0.00147322 -0.00151457 -0.00154532 -0.00148373 -0.00160228 -0.00152275 -0.00152254 -0.00151699 -0.0014469 -0.00149073 -0.00134919 -0.00154199 -0.00145817 -0.00152467 -0.0013889 -0.00139324 -0.00133923 -0.00122661 -0.00115293 0.00184692 0.00196068 0.00205519 
0.00225203 0.00227488 0.123956 0.00238769 0.00222568 0.00230594 0.00207842 0.00210042 -0.00119867 -0.00130862 -0.00147095 -0.00159503 -0.00160296 -0.00195268 -0.0018079 -0.00172756 -0.0020175 -0.00190278 -0.00186189 -0.00210229 -0.00193209 -0.00189897 -0.00206625 -0.00182612 -0.00201958 -0.00193924 -0.00175801 -0.00177486 -0.00173373 -0.00178792 -0.00169076 -0.00173012 -0.00168371 -0.00169796 -0.00165936 -0.00158094 -0.00166765 -0.00163147 -0.00166002 -0.00166613 -0.00157587 -0.00154312 -0.00165212 -0.00165185 -0.00168563 -0.0016491 -0.00156461 -0.00151071 -0.00151642 -0.00154047 -0.00156748 -0.00152334 -0.00156477 -0.0015319 -0.0014862 -0.00153643 -0.0015836 -0.00146904 -0.00156515 -0.00153101 -0.00151024 -0.0015814 -0.00141886 -0.00148649 -0.00161394 -0.00154651 -0.00153068 -0.00157612 -0.00157189 -0.00150862 -0.00160256 -0.00145889 -0.00157505 -0.00153787 -0.00145068 -0.00136913 -0.0014602 -0.00158244 -0.00150072 -0.00148442 -0.001472 -0.00146833 -0.00150234 -0.00148321 -0.00152574 -0.00149242 -0.00152194 -0.00146405 -0.00141927 -0.00144446 -0.00148388 -0.00147694 -0.00147859 -0.00145015 -0.00145973 -0.00140765 -0.00121111 -0.00114181 0.00189896 0.00199297 
0.00212244 0.00228397 0.00238769 0.124216 0.00248111 0.00235779 0.00232962 0.00222712 0.00222206 -0.00116045 -0.00128147 -0.00148483 -0.00159981 -0.00177929 -0.00182712 -0.00186264 -0.00197432 -0.00188538 -0.00193994 -0.00204715 -0.00196749 -0.00193171 -0.00193073 -0.00192325 -0.00204394 -0.00193721 -0.00176757 -0.00179864 -0.00176008 -0.00178587 -0.00183001 -0.00174813 -0.00176279 -0.00172324 -0.00162529 -0.00161496 -0.00171577 -0.00173163 -0.0016284 -0.00167154 -0.00155232 -0.00152253 -0.00161478 -0.00167392 -0.00162398 -0.00161271 -0.00160162 -0.0016159 -0.00156841 -0.00161407 -0.00147407 -0.00145466 -0.00147192 -0.00158624 -0.00146993 -0.00156916 -0.00147356 -0.00153635 -0.00150253 -0.00147761 -0.00155477 -0.00150825 -0.00150736 -0.00148904 -0.00157659 -0.00153021 -0.00159468 -0.0016449 -0.00155719 -0.00151818 -0.00152277 -0.00153576 -0.00160685 -0.00156085 -0.00151749 -0.00143543 -0.00148534 -0.00158356 -0.00155765 -0.00152201 -0.00151573 -0.00149214 -0.00153474 -0.0015578 -0.00155771 -0.00156881 -0.00156218 -0.0014249 -0.00143141 -0.00154621 -0.00151174 -0.00155053 -0.00152442 -0.00146188 -0.00149295 -0.00145729 -0.00134799 -0.0012631 -0.00114963 0.00188909 
0.00199361 0.0020959 0.00222568 0.00248111 0.124917 0.0024736 0.00242145 0.00241466 0.00222047 0.00218115 -0.00127583 -0.00135913 -0.00146211 -0.00169387 -0.00185906 -0.00186368 -0.00207202 -0.00197126 -0.00194788 -0.00206522 -0.0019752 -0.00194788 -0.00195912 -0.00187504 -0.00196815 -0.00191875 -0.00199107 -0.00176838 -0.00183156 -0.0017307 -0.00172446 -0.00176915 -0.00169473 -0.00177485 -0.00162293 -0.0016666 -0.00173112 -0.00172709 -0.00173891 -0.00168846 -0.00164221 -0.00149823 -0.00162366 -0.00169923 -0.00166886 -0.00158888 -0.00159321 -0.00155671 -0.00149343 -0.00159597 -0.00152005 -0.00162899 -0.00155492 -0.00144318 -0.0016032 -0.00150084 -0.00154893 -0.00151913 -0.00157895 -0.00159091 -0.00149559 -0.00148349 -0.00154038 -0.00145765 -0.00150194 -0.00155718 -0.00152277 -0.00152128 -0.00157969 -0.00154876 -0.00154548 -0.00152805 -0.00154726 -0.00161794 -0.00148709 -0.00138149 -0.00151534 -0.00148376 -0.00155917 -0.00153246 -0.00158145 -0.00153434 -0.00157841 -0.00153259 -0.00154493 -0.00158947 -0.0015337 -0.00158822 -0.00148157 -0.0015993 -0.00155231 -0.001526 -0.00149614 -0.00155167 -0.00154091 -0.0014816 -0.00144837 -0.00135706 -0.00129562 -0.00108077 
0.00199431 0.00214799 0.00230594 0.00235779 0.0024736 0.128276 0.00245276 0.00247898 0.00230365 0.00221739 0.00215683 -0.00138575 -0.00143424 -0.00168727 -0.0018344 -0.00186143 -0.00204517 -0.00208668 -0.00202104 -0.00218373 -0.00199987 -0.00198474 -0.00202961 -0.00204064 -0.00204861 -0.00208762 -0.00192062 -0.00202588 -0.0017982 -0.00193124 -0.00190782 -0.00182981 -0.00178695 -0.00177569 -0.00177046 -0.00176286 -0.00185619 -0.001655 -0.00171148 -0.00176125 -0.00160427 -0.00167327 -0.00177177 -0.00174433 -0.00167811 -0.00175879 -0.0016005 -0.00157864 -0.00162036 -0.00162545 -0.00165184 -0.00160006 -0.00165658 -0.00158848 -0.00169625 -0.00161034 -0.00162409 -0.0016811 -0.00163276 -0.00158546 -0.00161627 -0.00161313 -0.00154401 -0.00156657 -0.00171074 -0.00168574 -0.00165143 -0.00165179 -0.00171144 -0.00161248 -0.00179423 -0.00163396 -0.00163736 -0.00169568 -0.00154363 -0.00149279 -0.00155053 -0.00166157 -0.00162768 -0.0015646 -0.00165198 -0.0017142 -0.00159222 -0.00167961 -0.00164447 -0.00166929 -0.00162014 -0.00163678 -0.00153266 -0.00162976 -0.001666 -0.00159579 -0.00155042 -0.00164852 -0.00164341 -0.00149676 -0.00152726 -0.0014737 -0.00125274 -0.00116716 
-0.00115378 0.00214736 0.00207842 0.00232962 0.00242145 0.00245276 0.129203 0.00251191 0.00237182 0.00233983 0.0022608 0.00215181 -0.00130692 -0.00160038 -0.00173295 -0.00175862 -0.00204379 -0.00196383 -0.00206646 -0.00218728 -0.0022043 -0.00207939 -0.00208117 -0.00201971 -0.00210675 -0.00203356 -0.0019519 -0.00185068 -0.00186879 -0.00179823 -0.00186288 -0.00196341 -0.00186666 -0.00186743 -0.00168502 -0.00177643 -0.0017307 -0.00182909 -0.00172859 -0.00176097 -0.0016089 -0.00176819 -0.00181734 -0.0017737 -0.00180023 -0.00167095 -0.00173443 -0.00157484 -0.00168616 -0.00169391 -0.00167407 -0.0016812 -0.00164865 -0.00167081 -0.00168264 -0.00160026 -0.00162362 -0.00164943 -0.00171869 -0.00162861 -0.00164855 -0.00160485 -0.00155512 -0.00154821 -0.00170134 -0.00163884 -0.00154618 -0.00165638 -0.0016245 -0.00163049 -0.00171739 -0.00168317 -0.00156141 -0.00164152 -0.00160682 -0.00158171 -0.00157315 -0.00167571 -0.00168471 -0.00170712 -0.0017061 -0.00160991 -0.00159812 -0.00159425 -0.00165817 -0.00168939 -0.0016683 -0.00158124 -0.00157161 -0.0016219 -0.00165026 -0.00163858 -0.00165322 -0.00161457 -0.00158751 -0.00161598 -0.00167108 -0.00148318 -0.00151265 -0.00136946 
-0.00127714 -0.00120838 0.00210042 0.00222712 0.00241466 0.00247898 0.00251191 0.130326 0.00263625 0.00247565 0.0024348 0.00227995 0.00224977 -0.00142236 -0.00170812 -0.00163705 -0.00193473 -0.00202764 -0.00206689 -0.00219707 -0.00214322 -0.00206671 -0.00212306 -0.00198226 -0.00211198 -0.00211944 -0.00192659 -0.00193368 -0.0019315 -0.0019382 -0.00194759 -0.00187094 -0.00182214 -0.00186027 -0.00182846 -0.00178881 -0.00179839 -0.00183665 -0.00179727 -0.00186118 -0.00174509 -0.00167646 -0.00177159 -0.00182997 -0.00182482 -0.00176351 -0.00182181 -0.0017286 -0.00168622 -0.00169415 -0.00165199 -0.00167185 -0.00169408 -0.00167771 -0.00176391 -0.00171942 -0.00163612 -0.00163751 -0.00165067 -0.00172693 -0.00164444 -0.00155177 -0.00155976 -0.00156482 -0.00173726 -0.00165937 -0.00165603 -0.00161049 -0.00164225 -0.00160643 -0.00170154 -0.0016439 -0.00167413 -0.00170725 -0.0016724 -0.00169753 -0.00162846 -0.00176132 -0.00166236 -0.00173618 -0.00170871 -0.00166838 -0.00169976 -0.00164104 -0.00165652 -0.00162356 -0.00167253 -0.00153863 -0.00159401 -0.00166477 -0.00164316 -0.0016295 -0.00166424 -0.00151154 -0.00167153 -0.00161602 -0.00163828 -0.0016289 -0.00158014 -0.00142636 
-0.00130726 -0.00126619 -0.00119867 0.00222206 0.00222047 0.00230365 0.00237182 0.00263625 0.131769 0.00263681 0.0026023 0.00236611 0.00234674 0.00219202 -0.00151872 -0.00161557 -0.00178701 -0.00187739 -0.0019894 -0.00216857 -0.00211553 -0.00223092 -0.00209295 -0.00195638 -0.00219223 -0.00214175 -0.00195788 -0.00198039 -0.00202135 -0.00184665 -0.00197644 -0.00200967 -0.00199886 -0.00194806 -0.00182708 -0.00191266 -0.00188258 -0.00189178 -0.0018394 -0.00187205 -0.00172664 -0.00170354 -0.00184847 -0.00179475 -0.00179353 -0.0017801 -0.0017343 -0.00169654 -0.00167519 -0.00176693 -0.00173375 -0.001818 -0.00160141 -0.00163012 -0.00175601 -0.00164567 -0.00175543 -0.00171383 -0.00171728 -0.00166488 -0.00172921 -0.00168802 -0.00160289 -0.00155681 -0.00167827 -0.00178561 -0.00162448 -0.00170719 -0.00163069 -0.00164621 -0.00175829 -0.0016627 -0.00172217 -0.00168127 -0.00159215 -0.00164389 -0.00161139 -0.00170058 -0.00167977 -0.00164955 -0.00160482 -0.00162576 -0.0016403 -0.00174525 -0.00164032 -0.00166402 -0.00169571 -0.00161779 -0.00162359 -0.0017424 -0.00165046 -0.00168311 -0.00171755 -0.0016489 -0.00175521 -0.00169609 -0.00174915 -0.00168833 -0.00166604 -0.00148134 
-0.00142552 -0.00132027 -0.00130862 -0.00116045 0.00218115 0.00221739 0.00233983 0.00247565 0.00263681 0.129983 0.00251252 0.00236835 0.00235156 0.00220914 -0.0014542 -0.00143335 -0.00166959 -0.00180168 -0.00183256 -0.00202034 -0.00205427 -0.00193279 -0.00205871 -0.00188215 -0.00213989 -0.00200932 -0.00189152 -0.00191122 -0.00187087 -0.0018331 -0.00194619 -0.0019337 -0.00191564 -0.00181511 -0.00170558 -0.00167652 -0.00178635 -0.00175239 -0.00175048 -0.00177155 -0.00172619 -0.0017528 -0.00180126 -0.00176775 -0.00171776 -0.00180445 -0.00162903 -0.00156896 -0.00162278 -0.00165842 -0.00162535 -0.00164586 -0.00167187 -0.00169546 -0.00167526 -0.00168154 -0.00163737 -0.00173287 -0.00168965 -0.00158152 -0.00153127 -0.00173698 -0.00158192 -0.00156814 -0.00152849 -0.0017354 -0.00167516 -0.0016411 -0.00161767 -0.00161763 -0.00164794 -0.00169697 -0.00160318 -0.00163549 -0.00150703 -0.00153944 -0.0015378 -0.00159727 -0.00157709 -0.00163147 -0.00164535 -0.00169163 -0.0016465 -0.00160146 -0.0015749 -0.00165102 -0.00156338 -0.0015019 -0.00154546 -0.0015788 -0.00160891 -0.00157879 -0.00158534 -0.00171093 -0.00165505 -0.00165052 -0.00160861 -0.00168097 -0.00169068 -0.00154757 
-0.00165425 -0.00149246 -0.00147095 -0.00128147 -0.00127583 0.00215683 0.0022608 0.0024348 0.0026023 0.00251252 0.134674 0.00273297 0.00267155 0.00250651 0.00228594 0.00242434 -0.00150724 -0.001723 -0.0017579 -0.00210525 -0.00218486 -0.00220904 -0.00222413 -0.00206396 -0.00220382 -0.00209666 -0.00201211 -0.00210053 -0.00197659 -0.00192397 -0.0019838 -0.00201198 -0.00200009 -0.00189886 -0.00182496 -0.00189093 -0.0018456 -0.00188705 -0.00185662 -0.0017648 -0.00173858 -0.00183185 -0.00181568 -0.00195134 -0.00189728 -0.00181771 -0.00182513 -0.00174085 -0.00177236 -0.00179403 -0.00169183 -0.00179407 -0.00175293 -0.00171062 -0.00173247 -0.00177067 -0.00176363 -0.0017224 -0.0018082 -0.00169925 -0.00175995 -0.00166937 -0.00162535 -0.00166925 -0.00178329 -0.00178449 -0.00177874 -0.00179524 -0.00179397 -0.00174589 -0.00184197 -0.00165789 -0.00180535 -0.00180901 -0.00169455 -0.00165777 -0.001634 -0.00171357 -0.00170834 -0.00176076 -0.00167319 -0.00178301 -0.00174967 -0.00179136 -0.00177075 -0.00178023 -0.00176809 -0.00166423 -0.00171452 -0.00168479 -0.00173452 -0.00162738 -0.00173752 -0.00176807 -0.00171148 -0.0017996 -0.00172697 -0.00168107 -0.00181693 -0.00173119 
-0.00177927 -0.00161424 -0.00159503 -0.00148483 -0.00135913 -0.00138575 0.00215181 0.00227995 0.00236611 0.00236835 0.00273297 0.136578 0.00277905 0.0026463 0.00259485 0.00264298 0.00235186 -0.00165625 -0.00174129 -0.00184999 -0.00213381 -0.002011 -0.00212131 -0.00210979 -0.00225703 -0.00229163 -0.00209874 -0.00208954 -0.00212653 -0.00207556 -0.00212942 -0.00197965 -0.00197999 -0.00197438 -0.00190195 -0.00192964 -0.00191197 -0.00187529 -0.00189572 -0.00180073 -0.00174534 -0.00181061 -0.00198875 -0.00187809 -0.00179627 -0.00190157 -0.00188051 -0.00179053 -0.00177573 -0.00180788 -0.00186636 -0.00170214 -0.00175978 -0.00180173 -0.0017637 -0.00172855 -0.00182274 -0.00179198 -0.00172799 -0.00175346 -0.00171105 -0.00175004 -0.00158819 -0.00171148 -0.00176091 -0.00179642 -0.00182873 -0.00175556 -0.0018011 -0.00178553 -0.00184769 -0.00166987 -0.00185371 -0.00182894 -0.0018157 -0.00172461 -0.00172362 -0.00180047 -0.00177294 -0.00184753 -0.00178003 -0.00168782 -0.001668 -0.00173837 -0.00167868 -0.00176844 -0.00172044 -0.00169295 -0.00176988 -0.00183805 -0.00179323 -0.0017708 -0.00178164 -0.00178149 -0.00176778 -0.00176963 -0.00171475 -0.00175108 -0.00174384 -0.00164761 
-0.00175709 -0.00172248 -0.00160296 -0.00159981 -0.00146211 -0.00143424 -0.00130692 0.00224977 0.00234674 0.00235156 0.00267155 0.00277905 0.135349 0.00272097 0.00252713 0.00260418 0.00242533 -0.00155349 -0.00158137 -0.00186447 -0.00200541 -0.00209409 -0.00211592 -0.00204174 -0.00232325 -0.00213736 -0.00199594 -0.00210489 -0.00196655 -0.00195391 -0.00202841 -0.0019333 -0.0019253 -0.00193596 -0.00189287 -0.00183242 -0.00183074 -0.00186207 -0.0017937 -0.00180777 -0.00175152 -0.00179744 -0.0019111 -0.00188647 -0.00179044 -0.00190587 -0.00170529 -0.00159117 -0.00167655 -0.00165054 -0.00169838 -0.00174276 -0.00163456 -0.001727 -0.00169063 -0.00171769 -0.0016804 -0.00176346 -0.00173666 -0.00172772 -0.00171531 -0.00172853 -0.00167176 -0.00154443 -0.0016204 -0.00173511 -0.00178803 -0.00173243 -0.00175016 -0.00165696 -0.00175826 -0.00172093 -0.00174383 -0.00170481 -0.00162706 -0.00156861 -0.00161796 -0.00173148 -0.00166786 -0.00184193 -0.00169163 -0.00168672 -0.00177398 -0.00160898 -0.00163766 -0.00167596 -0.00171706 -0.00158131 -0.0016104 -0.00180195 -0.00174561 -0.00161908 -0.00176138 -0.00179231 -0.00179068 -0.00168151 -0.00178354 -0.00164149 -0.00162688 -0.00161901 
-0.00182537 -0.00184823 -0.00195268 -0.00177929 -0.00169387 -0.00168727 -0.00160038 -0.00142236 0.00219202 0.00220914 0.00250651 0.0026463 0.00272097 0.140302 0.00273211 0.00270283 0.00266661 0.00239712 0.00252445 -0.00170174 -0.00172047 -0.00189756 -0.0020032 -0.00210687 -0.00227556 -0.00224614 -0.0021317 -0.0021616 -0.00211241 -0.002041 -0.00216799 -0.002096 -0.00203129 -0.00203407 -0.00185043 -0.00189309 -0.00200248 -0.00194065 -0.0019249 -0.0019559 -0.00188179 -0.00192992 -0.00194969 -0.00183878 -0.0019093 -0.00197984 -0.00193376 -0.00182766 -0.00187014 -0.00183609 -0.00178735 -0.00185051 -0.001842 -0.00184935 -0.00176933 -0.00174381 -0.00179595 -0.00188475 -0.00192614 -0.00184079 -0.00176424 -0.00183336 -0.00175089 -0.00163931 -0.0017589 -0.00188558 -0.00177299 -0.0018105 -0.00179488 -0.00173426 -0.00180819 -0.00182254 -0.00190046 -0.00179741 -0.00164596 -0.00172488 -0.00177968 -0.00190406 -0.00186015 -0.00169685 -0.00183296 -0.00188161 -0.00180205 -0.00184878 -0.00177758 -0.00184119 -0.00186823 -0.0017145 -0.00173283 -0.00187629 -0.00186719 -0.00175422 -0.00188653 -0.00180486 -0.00186109 -0.00182881 -0.00184062 -0.00187499 -0.00190675 -0.0017623 
-0.0017688 -0.00183801 -0.0018079 -0.00182712 -0.00185906 -0.0018344 -0.00173295 -0.00170812 -0.00151872 -0.0014542 0.00228594 0.00259485 0.00252713 0.00273211 0.139816 0.00303378 0.0029563 0.00262698 0.00274965 0.00276657 -0.00154372 -0.00153277 -0.00176331 -0.0018558 -0.00221333 -0.00228643 -0.00211194 -0.00211953 -0.00212054 -0.00200753 -0.00214597 -0.00204823 -0.00193539 -0.00198451 -0.00183486 -0.00184969 -0.00184817 -0.0019545 -0.00190982 -0.00192815 -0.0017554 -0.00180164 -0.00191816 -0.00188762 -0.00192523 -0.00184004 -0.00188014 -0.00179027 -0.001822 -0.00183413 -0.00184883 -0.0017908 -0.00175737 -0.00180065 -0.00170768 -0.00169788 -0.00177284 -0.00184328 -0.00173759 -0.00181522 -0.00178208 -0.00187971 -0.00168765 -0.00178711 -0.0018204 -0.00183173 -0.00179569 -0.00184038 -0.00179101 -0.00177365 -0.00186315 -0.00180845 -0.00176523 -0.00189306 -0.00163986 -0.00175244 -0.0016923 -0.00180847 -0.00181727 -0.00178606 -0.00177993 -0.00177389 -0.00178332 -0.00175562 -0.00176132 -0.00190331 -0.00175171 -0.00171687 -0.00166143 -0.00172887 -0.00178439 -0.00183194 -0.00190339 -0.00177944 -0.00183903 -0.00173062 -0.00177725 -0.00183508 -0.00180299 -0.00180263 
-0.00180299 -0.0018112 -0.00172756 -0.00186264 -0.00186368 -0.00186143 -0.00175862 -0.00163705 -0.00161557 -0.00143335 0.00242434 0.00264298 0.00260418 0.00270283 0.00303378 0.141363 0.00297535 0.00271611 0.00280725 0.00252173 -0.00164738 -0.00166298 -0.00182674 -0.00199161 -0.00209256 -0.00227992 -0.00211895 -0.00223645 -0.00207811 -0.0019543 -0.00211895 -0.00224082 -0.00208973 -0.0020835 -0.00189535 -0.00182445 -0.00202406 -0.00201247 -0.00194263 -0.0019061 -0.00194726 -0.00187739 -0.0019694 -0.00187258 -0.00180505 -0.00194199 -0.00188028 -0.00176707 -0.00179122 -0.00180869 -0.00188398 -0.0017522 -0.0017671 -0.00183422 -0.00174904 -0.001775 -0.00174093 -0.00176005 -0.00173996 -0.00167022 -0.00186422 -0.00190351 -0.00171959 -0.00169366 -0.001808 -0.00173088 -0.00180548 -0.00185804 -0.0017821 -0.00183702 -0.00178145 -0.00178299 -0.00185168 -0.00182736 -0.00177623 -0.00169376 -0.00162114 -0.00188099 -0.00183969 -0.00179681 -0.00176716 -0.0017986 -0.00183581 -0.00180249 -0.0018525 -0.00186109 -0.00183523 -0.00166588 -0.00172447 -0.00186235 -0.00187095 -0.00176374 -0.00186202 -0.00186148 -0.00182279 -0.00182646 -0.00180135 -0.00184022 -0.0018059 -0.00174181 
-0.00202374 -0.00200048 -0.0020175 -0.00197432 -0.00207202 -0.00204517 -0.00204379 -0.00193473 -0.00178701 -0.00166959 -0.00150724 0.00235186 0.00242533 0.00266661 0.0029563 0.00297535 0.146153 0.00313706 0.00305568 0.00298793 0.00257067 0.00277841 -0.00165748 -0.00189798 -0.00200177 -0.0020449 -0.0023408 -0.00219786 -0.00214366 -0.00211919 -0.00220598 -0.0021487 -0.00216275 -0.00214347 -0.00194737 -0.00194832 -0.0021166 -0.00213999 -0.00210782 -0.00210946 -0.00192999 -0.0019327 -0.00207404 -0.00203298 -0.00201385 -0.00205762 -0.00188976 -0.00188971 -0.00190824 -0.00194542 -0.00200877 -0.00196682 -0.00190202 -0.0019349 -0.00194465 -0.00186581 -0.00197161 -0.00197232 -0.00204236 -0.0018305 -0.00197096 -0.00186934 -0.0018149 -0.00182795 -0.00194518 -0.00194017 -0.00198845 -0.00182931 -0.00194913 -0.00195244 -0.00192773 -0.00192477 -0.00186716 -0.00193815 -0.00196379 -0.00183495 -0.00178167 -0.00196078 -0.00196924 -0.00191207 -0.00184663 -0.00192723 -0.00202311 -0.00188293 -0.00183947 -0.00194532 -0.0020101 -0.00184177 -0.00183144 -0.00188927 -0.00186994 -0.00198374 -0.00192105 -0.0019973 -0.00188688 -0.0018925 -0.00185486 -0.00193331 -0.0020297 -0.0018596 
-0.00186264 -0.00195462 -0.00190278 -0.00188538 -0.00197126 -0.00208668 -0.00196383 -0.00202764 -0.00187739 -0.00180168 -0.001723 -0.00165625 -0.00155349 0.00239712 0.00262698 0.00271611 0.00313706 0.14472 0.00320229 0.00316547 0.00290137 0.00289951 0.00269396 -0.00162874 -0.00182866 -0.00193329 -0.00209773 -0.00212444 -0.00208892 -0.00206368 -0.00207339 -0.0021356 -0.00202687 -0.00203308 -0.00208607 -0.00189114 -0.00198648 -0.00199098 -0.00198199 -0.00187803 -0.00185893 -0.00188118 -0.00192202 -0.00189382 -0.00190392 -0.00198133 -0.00186777 -0.0018539 -0.00193056 -0.00183354 -0.00188413 -0.00192123 -0.00190055 -0.00189413 -0.00186572 -0.00192671 -0.00182942 -0.00187763 -0.0018275 -0.00179091 -0.0018476 -0.00182004 -0.00187913 -0.00183514 -0.00187699 -0.00186893 -0.00187366 -0.00187574 -0.00191078 -0.00188739 -0.0018489 -0.00192156 -0.00189079 -0.00190296 -0.00176705 -0.0017813 -0.00176641 -0.00182757 -0.00190318 -0.00181579 -0.001867 -0.00194651 -0.00187435 -0.00188201 -0.00191209 -0.00188844 -0.00192626 -0.00189174 -0.00177684 -0.00185979 -0.00185778 -0.0019204 -0.00182658 -0.00186712 -0.00192188 -0.00192599 -0.00186147 -0.00190909 -0.00190078 -0.00178267 
-0.00182515 -0.00198738 -0.00186189 -0.00193994 -0.00194788 -0.00202104 -0.00206646 -0.00206689 -0.0019894 -0.00183256 -0.0017579 -0.00174129 -0.00158137 0.00252445 0.00274965 0.00280725 0.00305568 0.00320229 0.145421 0.00313861 0.00288156 0.00289984 0.00275951 -0.00162756 -0.00177277 -0.0019385 -0.00201005 -0.00228922 -0.00214734 -0.00214824 -0.00218804 -0.00225903 -0.00213267 -0.00200559 -0.00198885 -0.00193755 -0.00197952 -0.00197283 -0.00203053 -0.0019538 -0.00184914 -0.00198268 -0.00194731 -0.00194998 -0.00196215 -0.00199719 -0.00193162 -0.00192348 -0.0019082 -0.0018282 -0.00187789 -0.00182417 -0.00183519 -0.00179887 -0.00188038 -0.00185354 -0.00186652 -0.00182936 -0.00192357 -0.0018537 -0.00186676 -0.00177 -0.00186331 -0.00181903 -0.00186046 -0.00182269 -0.00185515 -0.00186076 -0.0018771 -0.0017887 -0.00197434 -0.00187361 -0.0018825 -0.00187179 -0.00183176 -0.0018178 -0.00180367 -0.00191069 -0.00180052 -0.00187738 -0.00193199 -0.00192344 -0.00191755 -0.00193472 -0.00188877 -0.00202473 -0.00189092 -0.00182612 -0.00175848 -0.0018633 -0.00178659 -0.00175498 -0.00187961 -0.00184263 -0.00194998 -0.00196057 -0.0018896 -0.00180407 -0.00196896 -0.00179037 
-0.00197533 -0.00203082 -0.00210229 -0.00204715 -0.00206522 -0.00218373 -0.00218728 -0.00219707 -0.00216857 -0.00202034 -0.00210525 -0.00184999 -0.00186447 -0.00170174 0.00276657 0.00252173 0.00298793 0.00316547 0.00313861 0.149499 0.00319949 0.00326597 0.00306427 0.00264539 0.002626 -0.00165662 -0.00188725 -0.00209341 -0.00213398 -0.00208774 -0.00239015 -0.00215533 -0.00213629 -0.00218313 -0.00216896 -0.00197951 -0.00218656 -0.00213963 -0.0021098 -0.00219343 -0.0020825 -0.00197099 -0.00215813 -0.00210122 -0.00205717 -0.00200376 -0.00197446 -0.00200782 -0.00198358 -0.00197637 -0.00205458 -0.00202045 -0.00200215 -0.00199378 -0.00193988 -0.00197907 -0.00208611 -0.00197143 -0.00197461 -0.00202404 -0.00201242 -0.00199449 -0.00191528 -0.00187041 -0.00202576 -0.00199113 -0.00198825 -0.00195317 -0.00198069 -0.0020202 -0.00197944 -0.00204325 -0.00195178 -0.00195975 -0.00186721 -0.00196034 -0.00185166 -0.00205969 -0.0019985 -0.00196114 -0.00194562 -0.00192537 -0.00200413 -0.00193163 -0.00199002 -0.00193343 -0.00199873 -0.00190415 -0.00189387 -0.00192648 -0.0018637 -0.00201137 -0.0019805 -0.0019867 -0.0021166 -0.00191726 -0.00195575 -0.00199679 -0.00198656 -0.00186441 
-0.00189427 -0.00198899 -0.00193209 -0.00196749 -0.0019752 -0.00199987 -0.0022043 -0.00214322 -0.00211553 -0.00205427 -0.00218486 -0.00213381 -0.00200541 -0.00172047 -0.00154372 -0.00164738 0.00257067 0.00290137 0.00288156 0.00319949 0.146565 0.00312158 0.00310832 0.0027716 0.00278373 0.00264016 -0.00162567 -0.0017066 -0.00187491 -0.00179858 -0.00206201 -0.00209295 -0.00210949 -0.00203157 -0.00200121 -0.00215747 -0.00206194 -0.002071 -0.00194511 -0.0019917 -0.00194119 -0.00178609 -0.001908 -0.00198707 -0.00194499 -0.00190002 -0.00197567 -0.00196832 -0.00199554 -0.00190221 -0.0019214 -0.00198236 -0.0018898 -0.00200231 -0.0019456 -0.00185919 -0.00190176 -0.00185178 -0.00195619 -0.00182465 -0.00184021 -0.00185814 -0.0016923 -0.00187384 -0.00187689 -0.00184695 -0.00191825 -0.00190614 -0.0018601 -0.00189051 -0.00192389 -0.0018695 -0.00193599 -0.00181798 -0.00188007 -0.00181212 -0.00180821 -0.00195719 -0.00188232 -0.00189408 -0.00190916 -0.00192513 -0.00189826 -0.00185671 -0.00188236 -0.00192941 -0.00187454 -0.00179925 -0.00167521 -0.00200432 -0.00190708 -0.00184803 -0.00187893 -0.00194789 -0.00182356 -0.00191545 -0.00189195 -0.00202123 -0.00194161 -0.00178357 
-0.0019729 -0.00187953 -0.00189897 -0.00193171 -0.00194788 -0.00198474 -0.00207939 -0.00206671 -0.00223092 -0.00193279 -0.00220904 -0.002011 -0.00209409 -0.00189756 -0.00153277 -0.00166298 0.00277841 0.00289951 0.00289984 0.00326597 0.00312158 0.146458 0.00312689 0.00280522 0.00282956 0.00248389 -0.00159075 -0.00180716 -0.0019323 -0.00183604 -0.00202352 -0.00217952 -0.00208208 -0.00201581 -0.00206856 -0.00198937 -0.00200322 -0.00204065 -0.00202805 -0.00205527 -0.00191752 -0.00196771 -0.00195614 -0.00202679 -0.00195788 -0.00188716 -0.00187166 -0.00195466 -0.00193161 -0.00188034 -0.00189528 -0.0018718 -0.00190335 -0.00190985 -0.00188116 -0.00183895 -0.00185389 -0.00193995 -0.00194689 -0.00195684 -0.00174437 -0.00190215 -0.00185411 -0.001817 -0.00192923 -0.00189445 -0.00193487 -0.00194731 -0.00188774 -0.00189879 -0.00187587 -0.001973 -0.00188571 -0.00193259 -0.00188236 -0.00172865 -0.00176295 -0.00191459 -0.00188317 -0.00190884 -0.00188534 -0.00201394 -0.00197072 -0.00197377 -0.0019627 -0.00194474 -0.00185958 -0.00187067 -0.00177328 -0.00185532 -0.00184848 -0.00199509 -0.00179013 -0.00186936 -0.00184716 -0.00188008 -0.00184905 -0.00199423 -0.00179416 -0.00179889 
-0.0018743 -0.00194311 -0.00206625 -0.00193073 -0.00195912 -0.00202961 -0.00208117 -0.00212306 -0.00209295 -0.00205871 -0.00222413 -0.00212131 -0.00211592 -0.0020032 -0.00176331 -0.00182674 -0.00165748 0.00269396 0.00275951 0.00306427 0.00310832 0.00312689 0.145602 0.00295549 0.0029704 0.0028345 0.0023702 -0.00169831 -0.00176297 -0.00167515 -0.00190304 -0.00203045 -0.00201565 -0.00205948 -0.00197448 -0.00198198 -0.0020252 -0.00209938 -0.00209482 -0.00204139 -0.00191813 -0.00186042 -0.00195606 -0.00206972 -0.00200574 -0.00196819 -0.00186789 -0.00196346 -0.00196741 -0.00190739 -0.00188493 -0.00190992 -0.00177116 -0.00182096 -0.0018422 -0.00185291 -0.00183926 -0.00180995 -0.00185001 -0.0019187 -0.00171974 -0.00188583 -0.00183805 -0.00192282 -0.00179821 -0.00183435 -0.00192175 -0.00177883 -0.00186833 -0.00186253 -0.00193033 -0.00184719 -0.00180036 -0.00190441 -0.0019056 -0.0017763 -0.00172863 -0.00181137 -0.00188756 -0.00189335 -0.00184982 -0.00183462 -0.00187809 -0.00195285 -0.00196001 -0.0019112 -0.00187991 -0.00191908 -0.00184803 -0.00192072 -0.00181614 -0.00189124 -0.00183458 -0.00185216 -0.00191912 -0.00185901 -0.00182032 -0.00183636 -0.00189829 -0.00167035 
-0.00177362 -0.00187461 -0.00182612 -0.00192325 -0.00187504 -0.00204064 -0.00201971 -0.00198226 -0.00195638 -0.00188215 -0.00206396 -0.00210979 -0.00204174 -0.00210687 -0.0018558 -0.00199161 -0.00189798 -0.00162874 -0.00162756 0.00264539 0.0027716 0.00280522 0.00295549 0.141154 0.00306147 0.00292793 0.00258843 0.00245058 -0.00153532 -0.00137698 -0.0015418 -0.00179743 -0.00187646 -0.00192662 -0.0019024 -0.00173946 -0.00195799 -0.0019493 -0.00180695 -0.00189578 -0.00176588 -0.00177588 -0.00190939 -0.00185214 -0.00183583 -0.00197782 -0.00181164 -0.00186504 -0.00178685 -0.00178345 -0.00176567 -0.00179351 -0.00177787 -0.00170777 -0.00178041 -0.00173335 -0.00186721 -0.00180081 -0.00172269 -0.00177851 -0.00171165 -0.00176419 -0.00170471 -0.0017572 -0.00179833 -0.00171564 -0.00177038 -0.00173124 -0.00170971 -0.0017721 -0.0017166 -0.00177845 -0.00170164 -0.00174706 -0.00168663 -0.00161151 -0.00161373 -0.00172339 -0.00172698 -0.00177228 -0.00170409 -0.00172951 -0.0018051 -0.00174886 -0.00176803 -0.00182519 -0.0017223 -0.00169149 -0.0016692 -0.00176244 -0.00173802 -0.0017474 -0.00174443 -0.00168613 -0.00180557 -0.00177417 -0.00180214 -0.00181743 -0.00174452 -0.00168413 
-0.00187034 -0.00192714 -0.00201958 -0.00204394 -0.00196815 -0.00204861 -0.00210675 -0.00211198 -0.00219223 -0.00213989 -0.00220382 -0.00225703 -0.00232325 -0.00227556 -0.00221333 -0.00209256 -0.00200177 -0.00182866 -0.00177277 0.002626 0.00278373 0.00282956 0.0029704 0.00306147 0.146285 0.00315864 0.00281364 0.00268465 0.00247419 0.00243425 -0.00150653 -0.00172641 -0.00171173 -0.00193585 -0.00198125 -0.00200372 -0.00212281 -0.00206932 -0.00205556 -0.00198269 -0.00202058 -0.00192849 -0.00208224 -0.00198465 -0.00201516 -0.00203905 -0.00197129 -0.00189812 -0.00191758 -0.00187826 -0.00197347 -0.00186785 -0.00188664 -0.00190757 -0.00194363 -0.00196646 -0.00190698 -0.00189404 -0.00196205 -0.00192898 -0.00194766 -0.00194118 -0.00182894 -0.00192685 -0.00190605 -0.00186943 -0.00199437 -0.00187334 -0.00187949 -0.00192506 -0.00187618 -0.00187909 -0.00191167 -0.00188754 -0.00183096 -0.00188591 -0.00178715 -0.00198129 -0.00182076 -0.00191454 -0.00191541 -0.00196439 -0.00195837 -0.00197433 -0.00197862 -0.00196833 -0.00201183 -0.00181794 -0.00193067 -0.00189271 -0.00201345 -0.00188824 -0.00195073 -0.00189508 -0.00199118 -0.00198605 -0.00189547 -0.0019629 -0.00193285 -0.00185918 
-0.00188529 -0.00189437 -0.00193924 -0.00193721 -0.00191875 -0.00208762 -0.00203356 -0.00211944 -0.00214175 -0.00200932 -0.00209666 -0.00229163 -0.00213736 -0.00224614 -0.00228643 -0.00227992 -0.0020449 -0.00193329 -0.0019385 -0.00165662 0.00264016 0.00248389 0.0028345 0.00292793 0.00315864 0.144562 0.0028181 0.00279161 0.00253365 0.00261616 0.00239542 -0.00159018 -0.00156991 -0.00182194 -0.001907 -0.00185595 -0.00205048 -0.00205619 -0.00203182 -0.00208877 -0.00195078 -0.00190499 -0.0020198 -0.00207155 -0.00195368 -0.00201022 -0.00192041 -0.00194009 -0.00185305 -0.00199334 -0.00203472 -0.00188146 -0.00191461 -0.00188505 -0.00191976 -0.00196951 -0.00189818 -0.00183813 -0.00187781 -0.00194458 -0.00182399 -0.00187491 -0.0017253 -0.00174165 -0.00192709 -0.00193054 -0.00194553 -0.00189808 -0.00184765 -0.0018637 -0.00193388 -0.00183349 -0.00181659 -0.00183471 -0.00184089 -0.00190383 -0.00175802 -0.00190495 -0.00193386 -0.00186289 -0.00183199 -0.00196287 -0.00199419 -0.00195186 -0.00179628 -0.00189732 -0.00193686 -0.00175911 -0.00177571 -0.00188822 -0.00186761 -0.00186714 -0.00189592 -0.00183145 -0.00193995 -0.00197409 -0.00194997 -0.0019551 -0.00195526 -0.0018976 
-0.00189752 -0.00183016 -0.00175801 -0.00176757 -0.00199107 -0.00192062 -0.0019519 -0.00192659 -0.00195788 -0.00189152 -0.00201211 -0.00209874 -0.00199594 -0.0021317 -0.00211194 -0.00211895 -0.0023408 -0.00209773 -0.00201005 -0.00188725 -0.00162567 -0.00159075 0.0023702 0.00258843 0.00281364 0.0028181 0.139048 0.00273078 0.00267568 0.00260393 0.00243315 0.00232479 -0.00135502 -0.00153245 -0.00159843 -0.00157692 -0.00181004 -0.0018702 -0.00182875 -0.0019032 -0.00183003 -0.00178978 -0.00183413 -0.00185288 -0.00182648 -0.00183863 -0.0017444 -0.00172952 -0.00170837 -0.00178255 -0.00182327 -0.00180989 -0.00183542 -0.00182448 -0.00173967 -0.00177673 -0.00174106 -0.00183405 -0.00180645 -0.00180077 -0.0018003 -0.00171014 -0.001659 -0.00162086 -0.00182136 -0.00170152 -0.00174317 -0.00175428 -0.0017567 -0.00173005 -0.00172656 -0.00173432 -0.00175911 -0.00175764 -0.00171211 -0.00177385 -0.00169682 -0.00178127 -0.00175187 -0.00170354 -0.00177192 -0.00185732 -0.0018384 -0.00178821 -0.00181001 -0.001769 -0.00178064 -0.00163614 -0.00170576 -0.0017655 -0.00180179 -0.00170052 -0.00180159 -0.00168229 -0.001837 -0.00179132 -0.00175783 -0.00180117 -0.00183449 -0.00166355 
-0.0017433 -0.00180757 -0.00177486 -0.00179864 -0.00176838 -0.00202588 -0.00185068 -0.00193368 -0.00198039 -0.00191122 -0.00210053 -0.00208954 -0.00210489 -0.0021616 -0.00211953 -0.00223645 -0.00219786 -0.00212444 -0.00228922 -0.00209341 -0.0017066 -0.00180716 -0.00169831 0.00245058 0.00268465 0.00279161 0.00273078 0.137268 0.00281608 0.00274142 0.00254848 0.00243698 0.0022218 -0.00130731 -0.00150728 -0.00150164 -0.00164682 -0.00169042 -0.00183478 -0.00191545 -0.00180709 -0.00171683 -0.00184088 -0.00188733 -0.00172049 -0.00181588 -0.00172909 -0.00174044 -0.00177715 -0.00170106 -0.00176626 -0.00172667 -0.00176321 -0.00177196 -0.00163173 -0.00174529 -0.00180524 -0.00176285 -0.00174834 -0.00176613 -0.00177399 -0.00180952 -0.00160217 -0.00166223 -0.00168243 -0.00179921 -0.0017418 -0.00171379 -0.00172738 -0.00171361 -0.00170889 -0.00174479 -0.00167461 -0.00169773 -0.00165451 -0.00161959 -0.00156587 -0.00181466 -0.00171519 -0.00176499 -0.00171673 -0.00182805 -0.00176735 -0.00177478 -0.00176025 -0.00163615 -0.0016973 -0.00171317 -0.00163808 -0.00170781 -0.00167966 -0.00175702 -0.00174056 -0.00184671 -0.0017452 -0.00169744 -0.00169021 -0.00172575 -0.00179096 -0.00163811 
-0.00179397 -0.00168945 -0.00173373 -0.00176008 -0.00183156 -0.0017982 -0.00186879 -0.0019315 -0.00202135 -0.00187087 -0.00197659 -0.00212653 -0.00196655 -0.00211241 -0.00212054 -0.00207811 -0.00214366 -0.00208892 -0.00214734 -0.00213398 -0.00187491 -0.0019323 -0.00176297 -0.00153532 0.00247419 0.00253365 0.00267568 0.00281608 0.135395 0.00275919 0.00261799 0.00256045 0.00237167 0.00222918 -0.00135356 -0.00123876 -0.00149513 -0.00160999 -0.00182374 -0.0018206 -0.00174654 -0.00167927 -0.00179947 -0.00183512 -0.00184378 -0.00181923 -0.00167491 -0.00168956 -0.00170779 -0.00166358 -0.00176078 -0.00170631 -0.00177667 -0.00181283 -0.0017058 -0.00174258 -0.00177426 -0.00180037 -0.00179394 -0.00168664 -0.00162238 -0.00168538 -0.00159502 -0.00167249 -0.00177886 -0.00173395 -0.00165691 -0.00182046 -0.00173204 -0.00178768 -0.0018633 -0.00169779 -0.0017349 -0.00170537 -0.00154984 -0.00169673 -0.00160187 -0.00157675 -0.00175307 -0.0016898 -0.00169819 -0.00160963 -0.00173284 -0.00170821 -0.00160002 -0.00175065 -0.00170179 -0.00163491 -0.00171498 -0.00174212 -0.00171901 -0.00164459 -0.00167808 -0.0017185 -0.00169708 -0.00169254 -0.0017475 -0.00169929 -0.0017033 -0.00162466 
-0.00169095 -0.00161647 -0.00178792 -0.00178587 -0.0017307 -0.00193124 -0.00179823 -0.0019382 -0.00184665 -0.0018331 -0.00192397 -0.00207556 -0.00195391 -0.002041 -0.00200753 -0.0019543 -0.00211919 -0.00206368 -0.00214824 -0.00208774 -0.00179858 -0.00183604 -0.00167515 -0.00137698 0.00243425 0.00261616 0.00260393 0.00274142 0.00275919 0.133512 0.00263613 0.00240221 0.00224094 0.00208787 -0.00136586 -0.0013458 -0.00155576 -0.00164424 -0.00181014 -0.00181035 -0.00175592 -0.00168535 -0.00178711 -0.00176592 -0.00178956 -0.00177818 -0.00177146 -0.00180909 -0.00183407 -0.00176105 -0.00171162 -0.00170492 -0.00169181 -0.00171373 -0.00161418 -0.00172422 -0.00171884 -0.00169066 -0.00169775 -0.00174071 -0.00166352 -0.0016838 -0.00159411 -0.00163022 -0.0017051 -0.00166583 -0.00171217 -0.00164838 -0.00168208 -0.00168259 -0.00168949 -0.00161073 -0.00170942 -0.00169715 -0.00166655 -0.00164022 -0.00161823 -0.0016429 -0.00172642 -0.00165603 -0.00161048 -0.00175456 -0.00165798 -0.0016537 -0.00167692 -0.00167688 -0.00175936 -0.00174994 -0.00161688 -0.00164381 -0.00169703 -0.00173741 -0.00166406 -0.00162953 -0.00167393 -0.00164222 -0.00167061 -0.00163717 -0.00167068 -0.00158643 
-0.00166712 -0.00171209 -0.00169076 -0.00183001 -0.00172446 -0.00190782 -0.00186288 -0.00194759 -0.00197644 -0.00194619 -0.0019838 -0.00212942 -0.00202841 -0.00216799 -0.00214597 -0.00211895 -0.00220598 -0.00207339 -0.00218804 -0.00239015 -0.00206201 -0.00202352 -0.00190304 -0.0015418 -0.00150653 0.00239542 0.00243315 0.00254848 0.00261799 0.00263613 0.134366 0.00263675 0.00257559 0.00234819 0.00210579 0.00217092 -0.00128024 -0.00145407 -0.00153426 -0.00169126 -0.00183506 -0.00177843 -0.00184594 -0.00182806 -0.00184306 -0.00183107 -0.00169847 -0.00175507 -0.00177671 -0.00177144 -0.00177206 -0.00170818 -0.00176333 -0.00173389 -0.00172009 -0.00171473 -0.00181051 -0.00179545 -0.0017245 -0.00173713 -0.00169841 -0.00177705 -0.00160917 -0.00174086 -0.00176855 -0.00176721 -0.00171827 -0.00172343 -0.00169444 -0.00171239 -0.00171403 -0.00183138 -0.00169741 -0.00171812 -0.00164117 -0.00171608 -0.00165555 -0.00176368 -0.00173422 -0.00171198 -0.0017705 -0.00173764 -0.00163719 -0.00168694 -0.00174656 -0.0017682 -0.00175544 -0.00163152 -0.0016958 -0.00166846 -0.00169177 -0.00175448 -0.00174552 -0.0017641 -0.00170079 -0.00170285 -0.00172714 -0.00177871 -0.00167978 -0.00166058 
-0.00178653 -0.00169233 -0.00173012 -0.00174813 -0.00176915 -0.00182981 -0.00196341 -0.00187094 -0.00200967 -0.0019337 -0.00201198 -0.00197965 -0.0019333 -0.002096 -0.00204823 -0.00224082 -0.0021487 -0.0021356 -0.00225903 -0.00215533 -0.00209295 -0.00217952 -0.00203045 -0.00179743 -0.00172641 -0.00159018 0.00232479 0.00243698 0.00256045 0.00240221 0.00263675 0.132559 0.0025783 0.00236164 0.00224012 0.00212144 0.00212374 -0.0013058 -0.00135416 -0.0014871 -0.00160645 -0.00159069 -0.00176588 -0.00173389 -0.00173189 -0.00159641 -0.00160821 -0.00179406 -0.00181175 -0.00173234 -0.00168179 -0.00165797 -0.00163309 -0.00173982 -0.00175388 -0.00167614 -0.00175611 -0.00171056 -0.00169121 -0.00178665 -0.00170189 -0.00176247 -0.00165595 -0.00165811 -0.00174785 -0.00166313 -0.00173714 -0.00168489 -0.00167989 -0.00171829 -0.00168009 -0.00169712 -0.00175838 -0.00158619 -0.00156011 -0.0016254 -0.00160711 -0.0016558 -0.00170442 -0.00164638 -0.00162132 -0.00170943 -0.00176713 -0.0017032 -0.00165641 -0.00164981 -0.00170992 -0.00164673 -0.00166445 -0.00170462 -0.00169304 -0.00170018 -0.00174505 -0.00169504 -0.00172912 -0.00166943 -0.00166786 -0.0017439 -0.00164047 -0.00173255 
-0.00166691 -0.00173544 -0.00168371 -0.00176279 -0.00169473 -0.00178695 -0.00186666 -0.00182214 -0.00199886 -0.00191564 -0.00200009 -0.00197999 -0.0019253 -0.00203129 -0.00193539 -0.00208973 -0.00216275 -0.00202687 -0.00213267 -0.00213629 -0.00210949 -0.00208208 -0.00201565 -0.00187646 -0.00171173 -0.00156991 -0.00135502 0.0022218 0.00237167 0.00224094 0.00257559 0.0025783 0.131627 0.00256787 0.00235517 0.00239419 0.00210769 0.00206111 -0.00120573 -0.00139627 -0.00149646 -0.00145493 -0.00167651 -0.0017679 -0.00177695 -0.00175132 -0.00169414 -0.00170782 -0.00168962 -0.00176087 -0.00176649 -0.00165718 -0.00166921 -0.00171608 -0.00174107 -0.0017198 -0.00174494 -0.00169111 -0.00170932 -0.00170356 -0.00174865 -0.00170563 -0.00161545 -0.00167326 -0.00171303 -0.00167284 -0.00165789 -0.00173493 -0.00179911 -0.00161927 -0.00169644 -0.00172281 -0.00174549 -0.00180385 -0.00158873 -0.00168313 -0.00159275 -0.00171768 -0.00169323 -0.00164499 -0.00165251 -0.00171142 -0.00167644 -0.00156936 -0.00171542 -0.00167321 -0.0016762 -0.00159753 -0.00169885 -0.00166603 -0.00160308 -0.00172711 -0.00173435 -0.00173546 -0.00174327 -0.00164644 -0.00173162 -0.00169089 -0.00176552 -0.00168561 
