0.122963 0.00221715 0.00206786 0.00204753 0.00203537 0.00190947 -0.00111475 -0.00125689 -0.00144261 -0.00139193 -0.00165028 -0.0017001 -0.00168776 -0.0019625 -0.00182691 -0.00185508 -0.00190169 -0.00185722 -0.00189344 -0.00209568 -0.00191431 -0.00182974 -0.00192932 -0.00172657 -0.00199303 -0.00187632 -0.00177138 -0.00177364 -0.00175126 -0.00164104 -0.00173288 -0.0017204 -0.00171726 -0.0016926 -0.00164497 -0.0016996 -0.00174171 -0.00158514 -0.00165791 -0.00158154 -0.00157971 -0.00152685 -0.00159039 -0.00156381 -0.00162205 -0.0015583 -0.00153388 -0.00148603 -0.00163334 -0.00157057 -0.00149152 -0.00151668 -0.00156616 -0.00144889 -0.00153502 -0.00151943 -0.0014975 -0.0014878 -0.00150089 -0.00149555 -0.00144974 -0.00149936 -0.00141632 -0.00141425 -0.00140439 -0.00148196 -0.00148566 -0.00151467 -0.00151053 -0.00147748 -0.00149191 -0.00147939 -0.00141528 -0.00148923 -0.00142746 -0.00140443 -0.00142743 -0.00155623 -0.00148258 -0.00139866 -0.00154379 -0.00142759 -0.0014792 -0.00152543 -0.00154985 -0.00149923 -0.00150225 -0.00145117 -0.00140048 -0.00146928 -0.00148132 -0.00133856 -0.00129484 -0.0012523 -0.00129091 -0.00114023 0.00186875 0.00185386 0.00208418 0.0021685 
0.00221715 0.123568 0.00224133 0.00227366 0.00200683 0.00211251 0.00199142 -0.0013226 -0.00134123 -0.00137225 -0.00146099 -0.00171807 -0.00181224 -0.00180659 -0.00192024 -0.00189722 -0.00186875 -0.00188891 -0.00196615 -0.00194559 -0.00194158 -0.00202833 -0.00181844 -0.00178038 -0.00192722 -0.0019563 -0.00184422 -0.00173295 -0.00171239 -0.0017344 -0.00177613 -0.00171616 -0.00171794 -0.00164156 -0.00163659 -0.00155544 -0.00162467 -0.00168953 -0.00158525 -0.00156812 -0.00157074 -0.00163099 -0.00166764 -0.00159954 -0.00159176 -0.00156868 -0.00143553 -0.00154734 -0.0014642 -0.00146824 -0.00150734 -0.00150845 -0.00155323 -0.00151722 -0.00154696 -0.00147608 -0.00160748 -0.00151934 -0.0015613 -0.00144911 -0.00151019 -0.00147678 -0.00144706 -0.00137942 -0.00146677 -0.00143429 -0.0014333 -0.00155076 -0.00150843 -0.00153386 -0.00156942 -0.00150722 -0.00153505 -0.00150335 -0.00149062 -0.00141991 -0.00147335 -0.00147344 -0.00153725 -0.0014716 -0.00148919 -0.00148135 -0.00158656 -0.00149383 -0.00158087 -0.00146345 -0.00150211 -0.00142548 -0.00152879 -0.00150768 -0.00147159 -0.00150721 -0.00135736 -0.00132359 -0.001409 -0.00122451 -0.00108899 0.00189448 0.00190035 0.00205771 
0.00206786 0.00224133 0.123906 0.00225746 0.00235068 0.00224052 0.00219148 0.00208437 -0.00120789 -0.00128616 -0.00153621 -0.00163854 -0.00171426 -0.00186885 -0.00182835 -0.00191607 -0.0019253 -0.00188432 -0.00184563 -0.00193238 -0.0018639 -0.00190649 -0.00188024 -0.0017149 -0.00191167 -0.00189968 -0.001781 -0.00171556 -0.00173652 -0.00171851 -0.00173501 -0.00171041 -0.00164163 -0.00163138 -0.00165283 -0.00154925 -0.00164747 -0.00162649 -0.00172267 -0.00162063 -0.00167959 -0.00165124 -0.00167009 -0.00163973 -0.00150406 -0.00159188 -0.00148568 -0.0014812 -0.00154975 -0.00147706 -0.00160509 -0.00149214 -0.00154672 -0.0015322 -0.00153277 -0.00156821 -0.00151148 -0.00151105 -0.00149656 -0.0015563 -0.0015427 -0.00159838 -0.00152252 -0.00143703 -0.00147935 -0.00152943 -0.0015884 -0.00147689 -0.0015005 -0.00153894 -0.00154087 -0.00159566 -0.00151329 -0.00145921 -0.00143838 -0.00144066 -0.00148134 -0.00155994 -0.0015179 -0.00151134 -0.00162333 -0.00156151 -0.00154345 -0.00161516 -0.00156906 -0.00151922 -0.00150099 -0.00149491 -0.00144454 -0.00156192 -0.00155333 -0.00155232 -0.00149335 -0.00144424 -0.00138454 -0.00140541 -0.00123016 -0.00117375 0.00196651 0.00197033 
0.00204753 0.00227366 0.00225746 0.124412 0.00227742 0.00234356 0.00227869 0.0021071 0.00205159 -0.0010767 -0.00133929 -0.00150261 -0.00160927 -0.00172612 -0.00171027 -0.00181338 -0.00200803 -0.00181961 -0.00196025 -0.00191139 -0.00191199 -0.00185058 -0.00185155 -0.00169146 -0.00207336 -0.00198242 -0.0018048 -0.0018835 -0.00172992 -0.00182977 -0.00178579 -0.00179988 -0.00172597 -0.00165668 -0.00167189 -0.00163019 -0.00169522 -0.00174608 -0.00168343 -0.00163543 -0.00157698 -0.00159232 -0.00169561 -0.00173061 -0.00160403 -0.00167914 -0.00155924 -0.00157715 -0.00159672 -0.00152859 -0.00160953 -0.00149518 -0.00160831 -0.00150635 -0.00150568 -0.00153693 -0.00154377 -0.00154104 -0.00158758 -0.0015208 -0.00150021 -0.00154715 -0.00139355 -0.00145 -0.00155805 -0.00149699 -0.00151272 -0.00160334 -0.00157861 -0.00155571 -0.00151326 -0.0015045 -0.00158348 -0.00155857 -0.0014119 -0.00141307 -0.00148784 -0.00154561 -0.00154118 -0.00162902 -0.00148972 -0.00151944 -0.00155892 -0.00161536 -0.00145744 -0.00148343 -0.00144863 -0.001477 -0.00141994 -0.00155793 -0.00150958 -0.00152007 -0.00152826 -0.00146621 -0.001534 -0.00141699 -0.00138462 -0.0012532 -0.00115141 0.00184012 
0.00203537 0.00200683 0.00235068 0.00227742 0.124885 0.00251592 0.00217666 0.00213471 0.00213178 0.00210805 -0.00130964 -0.0013725 -0.00152131 -0.00162495 -0.00182895 -0.00188072 -0.00201242 -0.00188683 -0.0020228 -0.00200712 -0.0019176 -0.00191131 -0.00192232 -0.00182772 -0.00197102 -0.00199304 -0.00192087 -0.00183841 -0.00179679 -0.00173985 -0.00174449 -0.00167327 -0.0017867 -0.00169779 -0.00167522 -0.00155917 -0.00169998 -0.00170278 -0.00160262 -0.00169383 -0.00166706 -0.0015093 -0.00166613 -0.00165852 -0.00163307 -0.00163567 -0.00152431 -0.00156461 -0.0014643 -0.00163844 -0.00153949 -0.00148301 -0.00157563 -0.001551 -0.00151007 -0.00154658 -0.00155029 -0.00154618 -0.00145503 -0.00148532 -0.00152222 -0.00153133 -0.00150815 -0.00150669 -0.00151106 -0.0015439 -0.0015577 -0.00155156 -0.00160535 -0.0015511 -0.00150936 -0.00156365 -0.00153024 -0.00154937 -0.00145488 -0.00153949 -0.00143782 -0.00155001 -0.00156624 -0.00150371 -0.00159705 -0.0014684 -0.00156723 -0.00156162 -0.00163291 -0.00151611 -0.0015097 -0.00151976 -0.0015165 -0.00153521 -0.0015297 -0.0015513 -0.00148486 -0.00155951 -0.00150967 -0.00142345 -0.00148945 -0.001341 -0.00124328 -0.00112599 
0.00190947 0.00211251 0.00224052 0.00234356 0.00251592 0.128423 0.00249188 0.00247392 0.00235066 0.00224215 0.00218104 -0.00130293 -0.00146279 -0.00161914 -0.00176555 -0.00182321 -0.00209582 -0.00195718 -0.00209579 -0.00214557 -0.0021123 -0.00201844 -0.00206903 -0.00194405 -0.00214908 -0.00204513 -0.00190664 -0.00180328 -0.00185054 -0.00194113 -0.00191354 -0.00188207 -0.00186182 -0.00185246 -0.00168355 -0.00169502 -0.00180644 -0.00172397 -0.00168933 -0.0017907 -0.00177528 -0.00171937 -0.00173665 -0.00165926 -0.00172726 -0.00172595 -0.00158807 -0.00165715 -0.00168998 -0.00165736 -0.0016033 -0.00169044 -0.00170295 -0.00161861 -0.00166523 -0.00165806 -0.00171884 -0.00173427 -0.00160938 -0.00163623 -0.0016971 -0.00156023 -0.00153628 -0.00153397 -0.00160486 -0.00167407 -0.00167269 -0.00165015 -0.00163177 -0.00162373 -0.00161455 -0.00171129 -0.0015919 -0.00163921 -0.00171309 -0.00154014 -0.00158891 -0.00159275 -0.00160025 -0.00160296 -0.00154205 -0.001636 -0.00161157 -0.00159512 -0.00160673 -0.0016375 -0.00157966 -0.00161775 -0.00162809 -0.00159729 -0.00169179 -0.0016549 -0.00163914 -0.00163522 -0.00158646 -0.0015803 -0.00150911 -0.00144905 -0.00131523 -0.00121143 
-0.00111475 0.00199142 0.00219148 0.00227869 0.00217666 0.00249188 0.129068 0.00246486 0.00244733 0.00240671 0.00230557 0.00207985 -0.00138312 -0.00154475 -0.00168157 -0.00168855 -0.00200961 -0.00199551 -0.00203529 -0.00217738 -0.00212497 -0.0020158 -0.00201983 -0.00189213 -0.00209817 -0.0019295 -0.00205866 -0.00191038 -0.0019435 -0.00186075 -0.00181957 -0.00183906 -0.00189783 -0.00182177 -0.00172801 -0.00168845 -0.00185655 -0.00184979 -0.00176195 -0.00175404 -0.00179966 -0.00167708 -0.00181302 -0.00169824 -0.00185499 -0.00183144 -0.0015901 -0.0016818 -0.00158204 -0.0016258 -0.00163473 -0.00166567 -0.00168304 -0.00162599 -0.00165687 -0.00170834 -0.00180627 -0.00176186 -0.00165382 -0.00164598 -0.00165009 -0.00174037 -0.00157379 -0.00157195 -0.00166361 -0.00163219 -0.00168738 -0.00170827 -0.00167312 -0.00156617 -0.00176263 -0.00164365 -0.00165088 -0.00159878 -0.00148283 -0.0015978 -0.00152139 -0.00161094 -0.0017118 -0.00160644 -0.00161431 -0.00168879 -0.00169769 -0.00165794 -0.00173337 -0.0016238 -0.00161223 -0.00152437 -0.00154318 -0.00157474 -0.00157504 -0.00161805 -0.00167948 -0.00153878 -0.0016704 -0.00160803 -0.00151124 -0.00153707 -0.00141677 -0.00132531 
-0.00125689 -0.0013226 0.00208437 0.0021071 0.00213471 0.00247392 0.00246486 0.130123 0.0025754 0.00243718 0.00240752 0.00231288 0.0021917 -0.00143349 -0.0015064 -0.00165934 -0.00178709 -0.00206859 -0.00207321 -0.00214981 -0.00205472 -0.00223039 -0.00211948 -0.0020421 -0.00211027 -0.00218556 -0.00208213 -0.00202953 -0.00187972 -0.00183592 -0.00190147 -0.00185275 -0.00189503 -0.00187125 -0.00178203 -0.00174151 -0.00178729 -0.00173833 -0.00176224 -0.00176788 -0.00168858 -0.001731 -0.00182625 -0.00173518 -0.0017276 -0.00176314 -0.00165223 -0.00171228 -0.00161791 -0.00169376 -0.00160886 -0.00161454 -0.00168731 -0.00169381 -0.00163056 -0.00164626 -0.00162055 -0.00164955 -0.00162374 -0.00165926 -0.00169876 -0.00164556 -0.001669 -0.00150205 -0.00163093 -0.00163636 -0.00166824 -0.00162884 -0.00172765 -0.0016513 -0.0016697 -0.00173789 -0.00164469 -0.00169111 -0.00159505 -0.00162276 -0.00153338 -0.00170872 -0.00157578 -0.00161377 -0.00163348 -0.00167389 -0.001649 -0.00177675 -0.00165103 -0.00161777 -0.00171671 -0.00151947 -0.00157865 -0.00171798 -0.00160936 -0.00167318 -0.0016649 -0.00169034 -0.00167835 -0.00154623 -0.00165401 -0.00176582 -0.00164541 -0.00148981 
-0.00144261 -0.00134123 -0.00120789 0.00205159 0.00213178 0.00235066 0.00244733 0.0025754 0.131573 0.00257037 0.0025953 0.00242027 0.00238644 0.00221791 -0.00157941 -0.00151964 -0.00188298 -0.00197637 -0.00198063 -0.00215683 -0.00207841 -0.00211751 -0.00205114 -0.00199692 -0.00218596 -0.00208154 -0.00202232 -0.00196741 -0.00196363 -0.00190038 -0.00196344 -0.00192995 -0.00190632 -0.00184186 -0.00180225 -0.00178194 -0.00190364 -0.00186693 -0.00186523 -0.00183112 -0.00177184 -0.00172495 -0.00186869 -0.00186126 -0.00176727 -0.00181066 -0.00172353 -0.00170828 -0.00162308 -0.00175801 -0.0017698 -0.0017277 -0.00164842 -0.00166845 -0.00171322 -0.00170957 -0.00170909 -0.00170836 -0.00169193 -0.00170112 -0.00167865 -0.00164483 -0.00159251 -0.00156827 -0.00165525 -0.00172053 -0.00166605 -0.00168772 -0.00169953 -0.00168801 -0.00168816 -0.00163502 -0.00179556 -0.00166896 -0.00169785 -0.0015762 -0.0015579 -0.00165222 -0.00166159 -0.00164386 -0.00172151 -0.00164059 -0.00169217 -0.00172738 -0.00171018 -0.00165168 -0.00154988 -0.00156097 -0.00165815 -0.00181256 -0.00161436 -0.0017707 -0.00173721 -0.00167767 -0.00161927 -0.00162849 -0.00165106 -0.00177032 -0.00162085 -0.00151555 
-0.00139193 -0.00137225 -0.00128616 -0.0010767 0.00210805 0.00224215 0.00240671 0.00243718 0.00257037 0.130122 0.0026107 0.00249535 0.00236388 0.00231416 -0.00150729 -0.00147182 -0.00171344 -0.00197917 -0.00201464 -0.00198689 -0.0020526 -0.00205875 -0.0021611 -0.00196684 -0.00211537 -0.00212538 -0.00192918 -0.00198076 -0.0018256 -0.00177986 -0.00193455 -0.00180359 -0.00181652 -0.00182978 -0.00177169 -0.00168339 -0.00184155 -0.00184945 -0.00176556 -0.00183015 -0.00176941 -0.00169957 -0.00184213 -0.00177301 -0.00183959 -0.0016909 -0.00163861 -0.00167491 -0.00159959 -0.0016833 -0.00153399 -0.00157567 -0.00168372 -0.00164852 -0.00159542 -0.00158654 -0.00156809 -0.00161112 -0.00161224 -0.00171574 -0.00159476 -0.00164457 -0.00149419 -0.00148072 -0.0016632 -0.00167978 -0.00173803 -0.00159423 -0.00169103 -0.00160905 -0.00157781 -0.00163656 -0.00163287 -0.00166656 -0.00160126 -0.00153515 -0.00148238 -0.00162082 -0.00161256 -0.00163398 -0.00164679 -0.00161627 -0.00166787 -0.00168002 -0.00167177 -0.00159243 -0.00160057 -0.00151252 -0.00152011 -0.0015932 -0.00164085 -0.00153566 -0.00166934 -0.00152129 -0.00162637 -0.00166887 -0.00165488 -0.00158721 -0.00166443 -0.00154708 
-0.00165028 -0.00146099 -0.00153621 -0.00133929 -0.00130964 0.00218104 0.00230557 0.00240752 0.0025953 0.0026107 0.134825 0.00268378 0.00267323 0.00259596 0.00234126 0.00252129 -0.0016174 -0.00165871 -0.00183345 -0.00197037 -0.00209357 -0.00214633 -0.00212811 -0.00198303 -0.00220003 -0.00216959 -0.00208196 -0.0019564 -0.00197403 -0.001977 -0.00201916 -0.00197372 -0.00196764 -0.00195401 -0.00186559 -0.00177183 -0.00179246 -0.00203276 -0.00180743 -0.00197106 -0.00191214 -0.0018009 -0.00192162 -0.00184856 -0.00180981 -0.00188459 -0.00183196 -0.0017814 -0.00181362 -0.00171957 -0.00169288 -0.00179245 -0.00184427 -0.00167096 -0.00171719 -0.00169293 -0.00182131 -0.00170911 -0.00182201 -0.00177785 -0.00176845 -0.00176739 -0.00172606 -0.0017306 -0.00170334 -0.00172987 -0.00176561 -0.00176023 -0.00167536 -0.00179795 -0.00169968 -0.00175839 -0.00167572 -0.00173785 -0.00167382 -0.00173027 -0.00171671 -0.00177714 -0.0017308 -0.00170496 -0.0016861 -0.00176621 -0.00171588 -0.00176915 -0.00180079 -0.00173456 -0.00181921 -0.00167373 -0.00168516 -0.00180118 -0.00182777 -0.00177907 -0.00180402 -0.00175783 -0.00180576 -0.00173352 -0.0017454 -0.00180298 -0.00168614 -0.00160853 
-0.0017001 -0.00171807 -0.00163854 -0.00150261 -0.0013725 -0.00130293 0.00207985 0.00231288 0.00242027 0.00249535 0.00268378 0.136853 0.0026961 0.00267225 0.00249587 0.00250653 0.00238741 -0.00168922 -0.00169947 -0.00184129 -0.00195987 -0.00201429 -0.00217726 -0.00208934 -0.00216327 -0.00228804 -0.00214451 -0.00208324 -0.00196186 -0.00204562 -0.00207558 -0.00189236 -0.00207396 -0.00198334 -0.00192301 -0.00184446 -0.00192078 -0.00196863 -0.00193986 -0.00194396 -0.00179806 -0.00183815 -0.00191852 -0.00191629 -0.00191385 -0.00185542 -0.00175632 -0.00178429 -0.00177923 -0.00175423 -0.00179467 -0.0018513 -0.00179395 -0.00180546 -0.00184514 -0.00171413 -0.00173816 -0.00177969 -0.00177532 -0.001801 -0.00180954 -0.00183566 -0.00174466 -0.00174078 -0.00183657 -0.00172258 -0.00177155 -0.0018061 -0.00180501 -0.00178253 -0.00183671 -0.00176254 -0.00176477 -0.00172822 -0.00174539 -0.00170516 -0.00166406 -0.00174476 -0.00172621 -0.00175664 -0.00176438 -0.00184371 -0.00170038 -0.0017339 -0.00182379 -0.00176137 -0.00171185 -0.00166544 -0.00168451 -0.00178238 -0.00176714 -0.00174215 -0.00187998 -0.00177653 -0.00184353 -0.00175568 -0.00182723 -0.00174519 -0.00167984 -0.00165378 
-0.00168776 -0.00181224 -0.00171426 -0.00160927 -0.00152131 -0.00146279 -0.00138312 0.0021917 0.00238644 0.00236388 0.00267323 0.0026961 0.135113 0.00264497 0.00250647 0.00252522 0.00250717 -0.00159614 -0.00145451 -0.00177585 -0.00194763 -0.00197181 -0.00209384 -0.00209741 -0.0021584 -0.00224032 -0.002056 -0.00190771 -0.0019431 -0.00192989 -0.00205544 -0.00186408 -0.00188289 -0.00195727 -0.00179664 -0.00184155 -0.00191524 -0.00195815 -0.0018648 -0.00189087 -0.00169128 -0.00187674 -0.00181376 -0.00181032 -0.00178788 -0.00181157 -0.00169977 -0.00171932 -0.00165737 -0.00174639 -0.00170327 -0.00168909 -0.00164723 -0.00174365 -0.0017962 -0.00175596 -0.0017862 -0.00169308 -0.00170127 -0.00170162 -0.00174572 -0.00165775 -0.00160174 -0.00155067 -0.00173537 -0.00181512 -0.00172663 -0.00166394 -0.00163702 -0.0016955 -0.00163249 -0.00172121 -0.00169673 -0.00170359 -0.00169997 -0.00157037 -0.00166716 -0.00163961 -0.00172469 -0.00173369 -0.00170117 -0.0016847 -0.00165948 -0.00174769 -0.00169483 -0.00165167 -0.00165944 -0.00162787 -0.00165015 -0.00170304 -0.00165556 -0.00172059 -0.0017245 -0.00164071 -0.00164089 -0.00174109 -0.00171097 -0.00167174 -0.00174159 -0.00173953 
-0.0019625 -0.00180659 -0.00186885 -0.00172612 -0.00162495 -0.00161914 -0.00154475 -0.00143349 0.00221791 0.00231416 0.00259596 0.00267225 0.00264497 0.140445 0.00278305 0.00284832 0.00262573 0.00255984 0.00250705 -0.00157922 -0.00186857 -0.00188439 -0.00201065 -0.00223343 -0.00241143 -0.00229166 -0.00212714 -0.00211582 -0.00215034 -0.00196703 -0.00215193 -0.00218669 -0.00208506 -0.00208393 -0.00189536 -0.00186613 -0.00193003 -0.00189493 -0.00197632 -0.00191994 -0.00187263 -0.00192708 -0.00191425 -0.00198063 -0.00194079 -0.00206173 -0.00190479 -0.00183044 -0.00180003 -0.00188036 -0.00183112 -0.00185946 -0.00184643 -0.00185069 -0.00192711 -0.00180453 -0.00187955 -0.00184574 -0.00186088 -0.00179863 -0.00181738 -0.00180322 -0.001783 -0.00171196 -0.00178335 -0.00179812 -0.00182522 -0.00175241 -0.00187663 -0.00183225 -0.00189009 -0.00183583 -0.00184958 -0.00176711 -0.00180175 -0.00174039 -0.00175208 -0.00172844 -0.00186893 -0.00184841 -0.00191866 -0.00189979 -0.00185095 -0.0018624 -0.00186715 -0.00190525 -0.00177826 -0.00166044 -0.00174035 -0.00178545 -0.00176851 -0.00175699 -0.00184526 -0.00183938 -0.00179471 -0.00179087 -0.00187281 -0.00179014 -0.00186113 -0.00172588 
-0.00182691 -0.00192024 -0.00182835 -0.00171027 -0.00182895 -0.00176555 -0.00168157 -0.0015064 -0.00157941 -0.00150729 0.00234126 0.00249587 0.00250647 0.00278305 0.139416 0.00297324 0.00289278 0.00263654 0.00286387 0.00253355 -0.00162456 -0.00161301 -0.00174627 -0.00191598 -0.00206466 -0.00224692 -0.00214768 -0.00201012 -0.0020087 -0.00200468 -0.00198659 -0.00211395 -0.00195125 -0.00200162 -0.0019554 -0.00185833 -0.00195542 -0.00195943 -0.00188673 -0.00193076 -0.00188285 -0.00190616 -0.00187672 -0.00183189 -0.00186599 -0.00187527 -0.00174803 -0.00178773 -0.00173522 -0.0017285 -0.00182658 -0.00187572 -0.00179062 -0.00179303 -0.00182066 -0.00176068 -0.00179465 -0.00183324 -0.00175538 -0.00178852 -0.00180402 -0.00175381 -0.00170057 -0.00172874 -0.00177196 -0.0018557 -0.00175503 -0.00180496 -0.0018896 -0.00183841 -0.00172644 -0.00170684 -0.00183734 -0.00175345 -0.00173793 -0.0016902 -0.00162981 -0.00181591 -0.00174985 -0.00170011 -0.00182377 -0.00183998 -0.0018617 -0.00174767 -0.00177363 -0.00185098 -0.00182561 -0.00175536 -0.00173259 -0.00179645 -0.00173262 -0.00174135 -0.00180971 -0.00177604 -0.00180533 -0.00175932 -0.00190234 -0.00181887 -0.00173508 -0.00168893 
-0.00185508 -0.00189722 -0.00191607 -0.00181338 -0.00188072 -0.00182321 -0.00168855 -0.00165934 -0.00151964 -0.00147182 0.00252129 0.00250653 0.00252522 0.00284832 0.00297324 0.141206 0.00298324 0.00273339 0.00279445 0.00255066 -0.00165137 -0.00163447 -0.00175088 -0.00194881 -0.00216021 -0.00231493 -0.00214455 -0.00201616 -0.00203316 -0.0020144 -0.00205688 -0.00207031 -0.00201861 -0.0020497 -0.00189696 -0.00184751 -0.00195516 -0.00201019 -0.00199019 -0.00194486 -0.00188306 -0.00185983 -0.00185708 -0.00181103 -0.00194266 -0.0019116 -0.00188278 -0.00183635 -0.00178989 -0.00181806 -0.00186778 -0.00177994 -0.00179097 -0.00182927 -0.00179891 -0.00184043 -0.00184033 -0.0017259 -0.00182007 -0.00178907 -0.00182054 -0.00181053 -0.00170156 -0.00171342 -0.00176861 -0.001816 -0.00177451 -0.00186909 -0.0018006 -0.00186918 -0.00182053 -0.00180926 -0.00179931 -0.00177253 -0.00177769 -0.00173992 -0.00162411 -0.00179814 -0.00180608 -0.00183561 -0.00178784 -0.00190553 -0.0017778 -0.00185008 -0.00180988 -0.00179371 -0.00179458 -0.00177106 -0.00183895 -0.00178005 -0.00182001 -0.00173987 -0.00179289 -0.00187003 -0.00192445 -0.00178374 -0.00181787 -0.00181856 -0.00185183 -0.00167673 
-0.00190169 -0.00186875 -0.0019253 -0.00200803 -0.00201242 -0.00209582 -0.00200961 -0.00178709 -0.00188298 -0.00171344 -0.0016174 0.00238741 0.00250717 0.00262573 0.00289278 0.00298324 0.146355 0.00313012 0.00300683 0.00301181 0.00263209 0.00262695 -0.00165709 -0.00179998 -0.00203791 -0.00219503 -0.00230517 -0.00217175 -0.00220349 -0.00212994 -0.0022211 -0.00217454 -0.00220749 -0.00211912 -0.00205477 -0.00204914 -0.00210029 -0.00215201 -0.00203775 -0.00207097 -0.00202565 -0.00192085 -0.00208449 -0.00205516 -0.00210597 -0.00198958 -0.00197755 -0.00193368 -0.00200584 -0.00197328 -0.00191747 -0.00192582 -0.00193791 -0.00192503 -0.00193441 -0.00194943 -0.00184624 -0.0019309 -0.00190082 -0.00193121 -0.00181856 -0.00192979 -0.00175282 -0.00182594 -0.0018676 -0.00199466 -0.00195109 -0.00195151 -0.00203282 -0.00206136 -0.00196127 -0.00194501 -0.00199934 -0.00192077 -0.00185994 -0.00171971 -0.00185034 -0.00199823 -0.00188637 -0.00202176 -0.00197689 -0.00192205 -0.00198986 -0.00196433 -0.00183207 -0.00190598 -0.00181944 -0.00174898 -0.00174196 -0.00201691 -0.00195013 -0.00182713 -0.00188882 -0.0019349 -0.00189096 -0.00193443 -0.00205767 -0.00193279 -0.00195076 -0.00174308 
-0.00185722 -0.00188891 -0.00188432 -0.00181961 -0.00188683 -0.00195718 -0.00199551 -0.00206859 -0.00197637 -0.00197917 -0.00165871 -0.00168922 -0.00159614 0.00255984 0.00263654 0.00273339 0.00313012 0.144585 0.00313006 0.00315339 0.00287029 0.00302471 0.00272658 -0.00156857 -0.00169999 -0.00192912 -0.00202412 -0.00215269 -0.00222046 -0.00212745 -0.00223301 -0.00214402 -0.00202162 -0.00208525 -0.00201231 -0.00192356 -0.00195447 -0.00200878 -0.00205551 -0.00200225 -0.00185837 -0.00195026 -0.00197881 -0.00205785 -0.00193983 -0.00193876 -0.00193302 -0.00194994 -0.00189846 -0.00192483 -0.00178445 -0.00189626 -0.00189394 -0.00182374 -0.00186525 -0.00191958 -0.00180903 -0.00191341 -0.00189438 -0.00188859 -0.00193241 -0.00183013 -0.00181303 -0.00165951 -0.00180826 -0.00187372 -0.00191259 -0.00186894 -0.0018944 -0.00183696 -0.00183916 -0.00190542 -0.00184522 -0.00177523 -0.00179595 -0.00187614 -0.00178661 -0.00186126 -0.00185105 -0.00188136 -0.00182493 -0.00196539 -0.00183243 -0.00190387 -0.00186605 -0.00197521 -0.00183197 -0.00175093 -0.00174704 -0.00192304 -0.001834 -0.00171199 -0.00185966 -0.00192667 -0.00193012 -0.00184321 -0.0018542 -0.00194757 -0.001837 -0.00179739 
-0.00189344 -0.00196615 -0.00184563 -0.00196025 -0.0020228 -0.00209579 -0.00203529 -0.00207321 -0.00198063 -0.00201464 -0.00183345 -0.00169947 -0.00145451 0.00250705 0.00286387 0.00279445 0.00300683 0.00313006 0.145647 0.00309927 0.00284777 0.00274513 0.0026806 -0.0015618 -0.00181379 -0.00202484 -0.00205152 -0.00202729 -0.00216906 -0.00206052 -0.00221976 -0.00200064 -0.00210662 -0.00208676 -0.00197511 -0.00193444 -0.00203739 -0.00202153 -0.00200726 -0.00190368 -0.00195575 -0.00186493 -0.00201126 -0.00197084 -0.00200877 -0.00193232 -0.00190898 -0.00193611 -0.00188848 -0.00183139 -0.00193008 -0.00191223 -0.0018693 -0.00175477 -0.00192542 -0.00189085 -0.00186153 -0.001967 -0.00191885 -0.00184618 -0.00184471 -0.00191843 -0.00187804 -0.00172731 -0.00180292 -0.00189344 -0.00183337 -0.00192522 -0.00180378 -0.00183718 -0.00195074 -0.00192213 -0.00196289 -0.0018513 -0.00173816 -0.00177727 -0.00175987 -0.00191622 -0.00179332 -0.0018806 -0.0018419 -0.00193978 -0.00185287 -0.00188044 -0.00194398 -0.00191457 -0.00183337 -0.00170303 -0.00176691 -0.00189897 -0.00182327 -0.0019823 -0.00181369 -0.00183577 -0.00202171 -0.00181865 -0.00181459 -0.00183131 -0.0019158 -0.00180957 
-0.00209568 -0.00194559 -0.00193238 -0.00191139 -0.00200712 -0.00214557 -0.00217738 -0.00214981 -0.00215683 -0.00198689 -0.00197037 -0.00184129 -0.00177585 -0.00157922 0.00253355 0.00255066 0.00301181 0.00315339 0.00309927 0.149393 0.0031645 0.00308893 0.00304359 0.00270967 0.00271147 -0.00176138 -0.00186206 -0.00199549 -0.00215759 -0.0020241 -0.00233806 -0.00228764 -0.00235377 -0.00224811 -0.00213623 -0.00223324 -0.00213778 -0.00211685 -0.00213943 -0.00218817 -0.0020681 -0.00199614 -0.00205889 -0.00205477 -0.00209227 -0.00201731 -0.00202638 -0.00203821 -0.00202973 -0.00197727 -0.00199806 -0.00188018 -0.00202045 -0.0020176 -0.00190559 -0.00194323 -0.00193257 -0.00199465 -0.00201871 -0.00191981 -0.00203569 -0.00198811 -0.00182974 -0.00184411 -0.00195647 -0.00204343 -0.0019889 -0.00197511 -0.00193321 -0.00199176 -0.0020209 -0.00205357 -0.00206735 -0.0020231 -0.0019302 -0.00185414 -0.0019379 -0.00202001 -0.00200782 -0.00197479 -0.00193822 -0.0019571 -0.00196012 -0.00201598 -0.00192174 -0.00193226 -0.00203897 -0.00185357 -0.00188065 -0.00216935 -0.00193394 -0.00199947 -0.00210619 -0.00190287 -0.00203285 -0.0019455 -0.00195448 -0.00194563 -0.0019783 -0.00187076 
-0.00191431 -0.00194158 -0.0018639 -0.00191199 -0.0019176 -0.0021123 -0.00212497 -0.00205472 -0.00207841 -0.0020526 -0.00209357 -0.00195987 -0.00194763 -0.00186857 -0.00162456 -0.00165137 0.00263209 0.00287029 0.00284777 0.0031645 0.146611 0.00345973 0.00315184 0.00287103 0.00292409 0.00253715 -0.00161635 -0.00182026 -0.00192622 -0.00176753 -0.00200201 -0.00212528 -0.00212319 -0.00208601 -0.00200495 -0.00202155 -0.00199613 -0.00194896 -0.00198502 -0.00199661 -0.00185354 -0.00196448 -0.00200089 -0.00203141 -0.00200408 -0.00206542 -0.0019824 -0.00201978 -0.00203201 -0.00193524 -0.00183496 -0.00203294 -0.00193023 -0.00195271 -0.00193402 -0.00199518 -0.00185844 -0.00187379 -0.00187276 -0.00187116 -0.00198139 -0.00189537 -0.00186969 -0.00181194 -0.00196906 -0.00193763 -0.00189683 -0.00207738 -0.00188791 -0.00188656 -0.00190932 -0.00193822 -0.00188443 -0.00188544 -0.00173452 -0.00180869 -0.00166679 -0.00190259 -0.00190374 -0.00189306 -0.00188735 -0.0018985 -0.00182073 -0.00189075 -0.00192818 -0.00197749 -0.00189177 -0.00180202 -0.00178638 -0.00186267 -0.00193188 -0.00180554 -0.00185263 -0.00194497 -0.00183834 -0.00205794 -0.00190644 -0.0018936 -0.00191147 -0.0018569 
-0.00182974 -0.00202833 -0.00190649 -0.00185058 -0.00191131 -0.00201844 -0.0020158 -0.00223039 -0.00211751 -0.00205875 -0.00214633 -0.00201429 -0.00197181 -0.00188439 -0.00161301 -0.00163447 0.00262695 0.00302471 0.00274513 0.00308893 0.00345973 0.146339 0.00312111 0.0027708 0.00282906 0.0026066 -0.00163415 -0.00186718 -0.00187884 -0.00187344 -0.00202467 -0.00211522 -0.00204907 -0.00209471 -0.00195232 -0.00202577 -0.00208532 -0.0020958 -0.00204063 -0.00203328 -0.00190888 -0.00198084 -0.00201725 -0.00203351 -0.00204129 -0.00202332 -0.00190077 -0.0019771 -0.00185524 -0.00200615 -0.0018526 -0.00178459 -0.00181559 -0.00185511 -0.00173184 -0.00189675 -0.00177586 -0.00192117 -0.00190568 -0.00188667 -0.00183588 -0.00189006 -0.00183619 -0.00176877 -0.00188786 -0.00191822 -0.00188231 -0.00188509 -0.00198962 -0.00199932 -0.00190662 -0.00183265 -0.00198277 -0.00190569 -0.00188523 -0.00180342 -0.00179162 -0.0019345 -0.00192601 -0.00192249 -0.00192001 -0.00187746 -0.00193399 -0.00189027 -0.00187324 -0.00196029 -0.00191332 -0.00181967 -0.00187058 -0.00188938 -0.00195945 -0.00185734 -0.0018148 -0.00186571 -0.00190949 -0.00185909 -0.0018306 -0.00185991 -0.00197701 -0.00177377 
-0.00192932 -0.00181844 -0.00188024 -0.00185155 -0.00192232 -0.00206903 -0.00201983 -0.00211948 -0.00205114 -0.0021611 -0.00212811 -0.00217726 -0.00209384 -0.00201065 -0.00174627 -0.00175088 -0.00165709 0.00272658 0.0026806 0.00304359 0.00315184 0.00312111 0.145543 0.00285133 0.00304998 0.00270243 0.00236951 -0.00159625 -0.0015914 -0.0016458 -0.00199043 -0.00198806 -0.00205457 -0.00206401 -0.00194134 -0.00196601 -0.0020444 -0.00204527 -0.00196935 -0.00200207 -0.00199561 -0.00190084 -0.00213002 -0.00201164 -0.00200785 -0.00196331 -0.00185818 -0.00186059 -0.00197124 -0.00186051 -0.00183932 -0.00197413 -0.00193032 -0.00196565 -0.00190874 -0.00193869 -0.0019108 -0.00202589 -0.00184206 -0.00190812 -0.00186493 -0.00186229 -0.00186229 -0.00177543 -0.00196716 -0.00183923 -0.00184424 -0.00196657 -0.00184486 -0.00185144 -0.00191134 -0.0019528 -0.00189884 -0.00186653 -0.00170846 -0.00182236 -0.00178742 -0.00183619 -0.00186141 -0.00189504 -0.00184523 -0.00189342 -0.00184196 -0.00191072 -0.0018806 -0.00192307 -0.00190045 -0.00178383 -0.00168169 -0.00179221 -0.00187405 -0.0018593 -0.00185055 -0.0018864 -0.00184935 -0.00177363 -0.00191705 -0.00189669 -0.00186526 -0.00170717 
-0.00172657 -0.00178038 -0.0017149 -0.00169146 -0.00182772 -0.00194405 -0.00189213 -0.0020421 -0.00199692 -0.00196684 -0.00198303 -0.00208934 -0.00209741 -0.00223343 -0.00191598 -0.00194881 -0.00179998 -0.00156857 -0.0015618 0.00270967 0.00287103 0.0027708 0.00285133 0.141315 0.00310373 0.00285153 0.00246046 0.00230601 -0.00150033 -0.00144836 -0.001524 -0.00178609 -0.00173179 -0.00199618 -0.00194401 -0.00185184 -0.00195315 -0.0019053 -0.00194624 -0.00194206 -0.00178191 -0.00180694 -0.00181067 -0.00187267 -0.00190471 -0.00188638 -0.00173644 -0.00181994 -0.00182322 -0.00183198 -0.00177616 -0.00175202 -0.00177827 -0.00174286 -0.00186001 -0.00168742 -0.001772 -0.00175574 -0.00175874 -0.00171284 -0.00188403 -0.00182332 -0.0017049 -0.00174987 -0.00177711 -0.00173541 -0.00174099 -0.00174443 -0.0018194 -0.00176375 -0.00171927 -0.00178586 -0.00174939 -0.00174989 -0.00175558 -0.00170135 -0.00176867 -0.00180524 -0.00170592 -0.00164312 -0.00172957 -0.00164472 -0.0017782 -0.00164609 -0.00175049 -0.00182185 -0.00176595 -0.0017358 -0.00168551 -0.00179183 -0.00180912 -0.0017552 -0.00176364 -0.00171879 -0.00178691 -0.00183435 -0.00166453 -0.00177426 -0.00173855 -0.00173494 
-0.00199303 -0.00192722 -0.00191167 -0.00207336 -0.00197102 -0.00214908 -0.00209817 -0.00211027 -0.00218596 -0.00211537 -0.00220003 -0.00216327 -0.0021584 -0.00241143 -0.00206466 -0.00216021 -0.00203791 -0.00169999 -0.00181379 0.00271147 0.00292409 0.00282906 0.00304998 0.00310373 0.146055 0.00311164 0.00281688 0.00259176 0.00241859 0.00249179 -0.0015541 -0.00175686 -0.00180895 -0.00190088 -0.00207861 -0.00197553 -0.00203708 -0.00206926 -0.00201355 -0.00206683 -0.00198149 -0.00193858 -0.00211554 -0.00195779 -0.00205889 -0.00211506 -0.00202728 -0.00187631 -0.0020094 -0.00198044 -0.00189567 -0.00202094 -0.00194335 -0.00192006 -0.00190911 -0.00196882 -0.00195523 -0.00200978 -0.00188841 -0.00195394 -0.00190668 -0.00188672 -0.0018644 -0.0017375 -0.00176566 -0.00192871 -0.00188417 -0.00182103 -0.00198482 -0.00188396 -0.0019476 -0.00194063 -0.00206491 -0.00188248 -0.0019169 -0.00185879 -0.00176857 -0.00192814 -0.00180349 -0.00187404 -0.00198855 -0.00192157 -0.00198438 -0.00202057 -0.00195696 -0.00188861 -0.00188776 -0.00182907 -0.00183102 -0.00189478 -0.00195932 -0.00192989 -0.00190109 -0.00197574 -0.00183597 -0.00203518 -0.00198174 -0.00191159 -0.00184298 -0.00184581 
-0.00187632 -0.0019563 -0.00189968 -0.00198242 -0.00199304 -0.00204513 -0.0019295 -0.00218556 -0.00208154 -0.00212538 -0.00216959 -0.00228804 -0.00224032 -0.00229166 -0.00224692 -0.00231493 -0.00219503 -0.00192912 -0.00202484 -0.00176138 0.00253715 0.0026066 0.00270243 0.00285153 0.00311164 0.144467 0.00297231 0.00268842 0.00261688 0.00252971 0.00242228 -0.00160005 -0.0015432 -0.00176488 -0.00187136 -0.00190711 -0.0021197 -0.00201319 -0.00201114 -0.00212037 -0.001959 -0.00193684 -0.00197862 -0.00199644 -0.00194514 -0.00201374 -0.001906 -0.00180246 -0.00191749 -0.00186633 -0.00187047 -0.00193583 -0.0018736 -0.00193654 -0.00194427 -0.00191374 -0.00188727 -0.00190815 -0.00190327 -0.00192753 -0.00194023 -0.00192461 -0.00183481 -0.00177641 -0.00186874 -0.00185841 -0.00179919 -0.00181687 -0.0018886 -0.00187903 -0.00192422 -0.00184602 -0.00198363 -0.00189683 -0.00174099 -0.00177044 -0.00177144 -0.00189042 -0.00190102 -0.00196097 -0.00189455 -0.00189776 -0.00192897 -0.00188687 -0.00185053 -0.00188875 -0.0017983 -0.00163364 -0.00182076 -0.00188456 -0.001848 -0.00192243 -0.00195281 -0.0018579 -0.00180146 -0.0018911 -0.00192622 -0.00195341 -0.00191228 -0.0017725 
-0.00177138 -0.00184422 -0.001781 -0.0018048 -0.00192087 -0.00190664 -0.00205866 -0.00208213 -0.00202232 -0.00192918 -0.00208196 -0.00214451 -0.002056 -0.00212714 -0.00214768 -0.00214455 -0.00230517 -0.00202412 -0.00205152 -0.00186206 -0.00161635 -0.00163415 0.00236951 0.00246046 0.00281688 0.00297231 0.139146 0.00282854 0.00263781 0.00262574 0.00251567 0.00228599 -0.0013536 -0.00153011 -0.00161489 -0.00151157 -0.0017031 -0.00187071 -0.00182249 -0.00195763 -0.00177525 -0.00173519 -0.00187546 -0.00188807 -0.00189391 -0.00184977 -0.00189174 -0.00182104 -0.00179874 -0.00177507 -0.00193609 -0.0017574 -0.00171731 -0.00175027 -0.00176751 -0.00177242 -0.00175129 -0.00181105 -0.00175864 -0.00188809 -0.00182018 -0.0017803 -0.00169152 -0.00168764 -0.00174063 -0.00175089 -0.00179535 -0.00169146 -0.00179603 -0.00172739 -0.00173511 -0.0017437 -0.00171639 -0.00182067 -0.00159291 -0.00168532 -0.00166689 -0.00180575 -0.00172053 -0.00173018 -0.001828 -0.00170392 -0.00179941 -0.00178457 -0.00177039 -0.00180547 -0.00178236 -0.00173494 -0.00171924 -0.00172439 -0.00178874 -0.00184585 -0.001688 -0.00177669 -0.00169354 -0.00173229 -0.00167946 -0.00173166 -0.00175652 -0.0017194 
-0.00177364 -0.00173295 -0.00171556 -0.0018835 -0.00183841 -0.00180328 -0.00191038 -0.00202953 -0.00196741 -0.00198076 -0.0019564 -0.00208324 -0.00190771 -0.00211582 -0.00201012 -0.00201616 -0.00217175 -0.00215269 -0.00202729 -0.00199549 -0.00182026 -0.00186718 -0.00159625 0.00230601 0.00259176 0.00268842 0.00282854 0.137154 0.00274924 0.00276014 0.00259108 0.00240425 0.00224302 -0.00126828 -0.00143301 -0.00147595 -0.00162421 -0.00180456 -0.00178336 -0.00180084 -0.00171407 -0.00181438 -0.00184313 -0.00178476 -0.00178407 -0.00191406 -0.0017245 -0.00176596 -0.0017733 -0.00176743 -0.00170117 -0.00184103 -0.001753 -0.00176715 -0.00179046 -0.00168649 -0.00179935 -0.00174398 -0.00178855 -0.00172288 -0.00179906 -0.00171561 -0.00167262 -0.00165694 -0.00169123 -0.00178832 -0.00176697 -0.00175824 -0.00172367 -0.00171178 -0.00171364 -0.00171696 -0.00172156 -0.00167262 -0.00166404 -0.00172306 -0.0016745 -0.00176191 -0.00177019 -0.00168023 -0.00179398 -0.00167126 -0.00175809 -0.00178817 -0.00178952 -0.00168903 -0.00174991 -0.00171012 -0.00171512 -0.001755 -0.0017646 -0.00177579 -0.00176156 -0.0018029 -0.00174592 -0.00171422 -0.00169835 -0.00171641 -0.00175415 -0.00175381 
-0.00175126 -0.00171239 -0.00173652 -0.00172992 -0.00179679 -0.00185054 -0.0019435 -0.00187972 -0.00196363 -0.0018256 -0.00197403 -0.00196186 -0.0019431 -0.00215034 -0.0020087 -0.00203316 -0.00220349 -0.00222046 -0.00216906 -0.00215759 -0.00192622 -0.00187884 -0.0015914 -0.00150033 0.00241859 0.00261688 0.00263781 0.00274924 0.13544 0.00274638 0.00258471 0.00252735 0.0022869 0.0022378 -0.00128839 -0.00141023 -0.00152224 -0.00154009 -0.0017723 -0.0018077 -0.00171273 -0.0017428 -0.00181124 -0.00178633 -0.00181583 -0.00183591 -0.00179646 -0.00169053 -0.00169986 -0.00179141 -0.00172399 -0.00173454 -0.00166491 -0.00180558 -0.00168022 -0.00169908 -0.00167229 -0.00166167 -0.00171075 -0.00168962 -0.0017354 -0.00171748 -0.00167293 -0.00163999 -0.00176828 -0.00167766 -0.00175103 -0.00175584 -0.00165574 -0.00172785 -0.00171948 -0.00174052 -0.00176008 -0.00167112 -0.00167706 -0.00160601 -0.00165229 -0.00172058 -0.0017068 -0.00172324 -0.00168065 -0.0016785 -0.00172511 -0.00172549 -0.00163657 -0.00164346 -0.00180043 -0.00169114 -0.00170757 -0.00172367 -0.00179175 -0.00174168 -0.00168098 -0.00174114 -0.00163891 -0.00173121 -0.00178992 -0.00171688 -0.0017269 -0.00161903 
-0.00164104 -0.0017344 -0.00171851 -0.00182977 -0.00173985 -0.00194113 -0.00186075 -0.00183592 -0.00190038 -0.00177986 -0.001977 -0.00204562 -0.00192989 -0.00196703 -0.00200468 -0.0020144 -0.00212994 -0.00212745 -0.00206052 -0.0020241 -0.00176753 -0.00187344 -0.0016458 -0.00144836 0.00249179 0.00252971 0.00262574 0.00276014 0.00274638 0.133905 0.00262229 0.00239742 0.0022482 0.00217201 -0.00139639 -0.00129361 -0.0015922 -0.001603 -0.00172543 -0.00175263 -0.00173553 -0.00170751 -0.00184988 -0.00175287 -0.00178275 -0.00192319 -0.00186512 -0.00172386 -0.00171048 -0.0017457 -0.00170461 -0.00182914 -0.00180252 -0.00184389 -0.00169114 -0.00168093 -0.00171868 -0.00167618 -0.00174971 -0.00172261 -0.00168826 -0.00167935 -0.00164367 -0.0016398 -0.0017036 -0.00173304 -0.0017049 -0.00174949 -0.00172334 -0.00162859 -0.00177709 -0.00162327 -0.00171183 -0.00167166 -0.0016358 -0.00165311 -0.00159335 -0.00172301 -0.00166686 -0.00174163 -0.00164403 -0.00170425 -0.00163412 -0.00167381 -0.00169034 -0.00174965 -0.00159942 -0.00155857 -0.00160718 -0.00163847 -0.00165443 -0.00163513 -0.00162227 -0.001664 -0.00169524 -0.00163393 -0.00170974 -0.00174105 -0.00170608 -0.00166824 
-0.00173288 -0.00177613 -0.00173501 -0.00178579 -0.00174449 -0.00191354 -0.00181957 -0.00190147 -0.00196344 -0.00193455 -0.00201916 -0.00207558 -0.00205544 -0.00215193 -0.00198659 -0.00205688 -0.0022211 -0.00223301 -0.00221976 -0.00233806 -0.00200201 -0.00202467 -0.00199043 -0.001524 -0.0015541 0.00242228 0.00251567 0.00259108 0.00258471 0.00262229 0.134595 0.00273891 0.00251019 0.00234834 0.00207446 0.00225327 -0.00134088 -0.00144999 -0.00147574 -0.0016892 -0.00171301 -0.00178609 -0.00188334 -0.00186096 -0.00179008 -0.00184287 -0.00181567 -0.00168657 -0.00177732 -0.00180393 -0.00173575 -0.00173217 -0.00172693 -0.00172478 -0.00173817 -0.00177798 -0.00174456 -0.00183322 -0.00173127 -0.00173085 -0.00177158 -0.00171662 -0.00161435 -0.00171612 -0.00166235 -0.00178533 -0.00177588 -0.00168877 -0.00172476 -0.001763 -0.00171067 -0.00166508 -0.00175338 -0.00172351 -0.00165052 -0.00166029 -0.00167544 -0.00182021 -0.00174416 -0.00171837 -0.00186068 -0.00176032 -0.00177014 -0.00182008 -0.00163387 -0.00168879 -0.00173023 -0.00157402 -0.00158695 -0.00188513 -0.00168176 -0.00170217 -0.00177097 -0.00184315 -0.00167427 -0.00175258 -0.00181106 -0.00172719 -0.00174 -0.001752 
-0.0017204 -0.00171616 -0.00171041 -0.00179988 -0.00167327 -0.00188207 -0.00183906 -0.00185275 -0.00192995 -0.00180359 -0.00197372 -0.00189236 -0.00186408 -0.00218669 -0.00211395 -0.00207031 -0.00217454 -0.00214402 -0.00200064 -0.00228764 -0.00212528 -0.00211522 -0.00198806 -0.00178609 -0.00175686 -0.00160005 0.00228599 0.00240425 0.00252735 0.00239742 0.00273891 0.133022 0.00261107 0.00243858 0.00230241 0.00216614 0.00200058 -0.00132225 -0.001377 -0.00154965 -0.00171016 -0.00165868 -0.00184327 -0.00175724 -0.00181367 -0.0018249 -0.00176324 -0.00177183 -0.0017728 -0.001789 -0.00178041 -0.00177778 -0.00168432 -0.00165113 -0.00166801 -0.00172612 -0.00177691 -0.0018309 -0.00178859 -0.00172515 -0.00164876 -0.00179442 -0.00169537 -0.00173671 -0.00173028 -0.00174594 -0.00166275 -0.00166114 -0.00166611 -0.00164403 -0.00170667 -0.00163561 -0.00167712 -0.0017756 -0.00157002 -0.00162109 -0.00163524 -0.0017371 -0.00169894 -0.00166679 -0.00164388 -0.00171834 -0.00160471 -0.00170001 -0.00167953 -0.00177644 -0.00174088 -0.00164017 -0.00166043 -0.00170085 -0.00171133 -0.00169055 -0.00171988 -0.00168248 -0.00168816 -0.0016348 -0.00174856 -0.00166957 -0.00181183 -0.00159243 
-0.00171726 -0.00171794 -0.00164163 -0.00172597 -0.0017867 -0.00186182 -0.00189783 -0.00189503 -0.00190632 -0.00181652 -0.00196764 -0.00207396 -0.00188289 -0.00208506 -0.00195125 -0.00201861 -0.00220749 -0.00202162 -0.00210662 -0.00235377 -0.00212319 -0.00204907 -0.00205457 -0.00173179 -0.00180895 -0.0015432 -0.0013536 0.00224302 0.0022869 0.0022482 0.00251019 0.00261107 0.131592 0.00252732 0.00227743 0.00234212 0.00216491 0.00213545 -0.00129323 -0.00136634 -0.00144074 -0.00152323 -0.00160991 -0.00180581 -0.00172213 -0.00176197 -0.00171489 -0.00174718 -0.00170186 -0.0017505 -0.00184529 -0.00173143 -0.00170205 -0.00170993 -0.00167448 -0.00168932 -0.0017106 -0.00165687 -0.0016563 -0.00170814 -0.00170013 -0.00166973 -0.00161504 -0.0016099 -0.0016694 -0.00161341 -0.00164063 -0.00172524 -0.00176408 -0.00169485 -0.00169445 -0.00176785 -0.00168951 -0.00178019 -0.00155195 -0.00159429 -0.00167773 -0.00175679 -0.00170682 -0.00167832 -0.00170447 -0.00170074 -0.00171723 -0.00164927 -0.00171146 -0.00165619 -0.00170021 -0.0016299 -0.00158381 -0.0016729 -0.00166156 -0.00172577 -0.00165085 -0.00159571 -0.0016539 -0.00177656 -0.00173267 -0.00169139 -0.0016991 -0.00160253 
