0.123105 0.00220818 0.00221066 0.00208853 0.00204846 0.00205289 -0.0011458 -0.00122558 -0.00141304 -0.00140477 -0.00159149 -0.00179599 -0.00170053 -0.00186699 -0.00188384 -0.00177789 -0.00193323 -0.00186744 -0.00183818 -0.00200686 -0.00185368 -0.00191697 -0.00196547 -0.00188007 -0.00201861 -0.00197056 -0.00173731 -0.00172893 -0.00168647 -0.00172503 -0.00171258 -0.00175734 -0.00168508 -0.00159897 -0.00157742 -0.00156266 -0.00166316 -0.00161818 -0.00167518 -0.00165102 -0.00142234 -0.00155517 -0.00154857 -0.00169074 -0.00165207 -0.00163291 -0.0015652 -0.00150516 -0.00150481 -0.00144877 -0.00144929 -0.00151749 -0.00143448 -0.00148462 -0.00152113 -0.00145232 -0.00144252 -0.00147513 -0.0014904 -0.00154 -0.00154985 -0.00142975 -0.00149353 -0.00150096 -0.0015064 -0.00142374 -0.00153081 -0.00149395 -0.00139056 -0.0015725 -0.00151697 -0.00153422 -0.00158185 -0.00144012 -0.0014094 -0.00146317 -0.0014688 -0.00157208 -0.00147611 -0.00151592 -0.00153061 -0.00151814 -0.00149685 -0.00144558 -0.00152375 -0.00155749 -0.00148194 -0.0014123 -0.00143142 -0.00154798 -0.00149841 -0.00140184 -0.00132704 -0.0012599 -0.00129369 -0.00113722 0.001791 0.0019183 0.00196148 0.0021198 
0.00220818 0.123562 0.00223108 0.00221957 0.00212675 0.00215939 0.00202218 -0.00113739 -0.00138573 -0.00136156 -0.00146976 -0.00160733 -0.00171609 -0.00178052 -0.00175138 -0.001772 -0.00191929 -0.0019374 -0.00194826 -0.00195158 -0.0019188 -0.00192961 -0.00184486 -0.00185288 -0.00198497 -0.00198564 -0.00178108 -0.00178592 -0.00178521 -0.00173193 -0.00177705 -0.00172294 -0.00174086 -0.00175989 -0.00161866 -0.00159377 -0.00157567 -0.00168494 -0.00171204 -0.00164768 -0.00164229 -0.00161876 -0.00166113 -0.00163952 -0.00163992 -0.00161266 -0.00155848 -0.00154396 -0.00148938 -0.0015357 -0.00153321 -0.00151765 -0.00151955 -0.00152928 -0.00153649 -0.00146249 -0.00149924 -0.00149817 -0.00154433 -0.00153562 -0.00145193 -0.00149607 -0.00147349 -0.00138436 -0.00150639 -0.00154402 -0.00156296 -0.00149397 -0.00152618 -0.00155998 -0.0015092 -0.00152973 -0.00147167 -0.00145939 -0.00148198 -0.00148035 -0.0014201 -0.00163363 -0.00151292 -0.00153362 -0.00150957 -0.00147657 -0.0015226 -0.00151552 -0.00149579 -0.0015241 -0.00152002 -0.00145184 -0.00141982 -0.00144088 -0.00145821 -0.00146989 -0.00134052 -0.00133435 -0.00122858 -0.00120595 -0.00113266 0.00180452 0.00197482 0.00206037 
0.00221066 0.00223108 0.123816 0.00227325 0.00221378 0.00228319 0.00215213 0.00199571 -0.00122462 -0.00129051 -0.00147579 -0.00162504 -0.00153151 -0.00182005 -0.00182394 -0.00187542 -0.00200869 -0.00192966 -0.00183529 -0.00200953 -0.0018545 -0.00194729 -0.00184917 -0.00176822 -0.00190759 -0.00194373 -0.00175765 -0.00174233 -0.00174234 -0.00171741 -0.00185219 -0.00166664 -0.00173191 -0.00175951 -0.00154748 -0.00154147 -0.00163645 -0.0016822 -0.00163125 -0.0015904 -0.00153545 -0.00142543 -0.00155427 -0.00164654 -0.00157473 -0.00162128 -0.00150677 -0.00154507 -0.00160262 -0.00155336 -0.00152507 -0.00154962 -0.00154316 -0.00158931 -0.00155573 -0.00148221 -0.00157136 -0.00160856 -0.00150508 -0.00150199 -0.00153439 -0.00159084 -0.00140315 -0.00149893 -0.0015275 -0.00157072 -0.00150734 -0.00157886 -0.00151546 -0.00154614 -0.00151734 -0.00153932 -0.00153675 -0.00157766 -0.00140775 -0.00147413 -0.00151607 -0.00150939 -0.00154635 -0.00153019 -0.00152569 -0.0015193 -0.00149392 -0.00156214 -0.00158568 -0.00150364 -0.001471 -0.00141643 -0.00143205 -0.00154974 -0.00160782 -0.00159036 -0.00159032 -0.00137339 -0.00144528 -0.00135338 -0.00123607 -0.00109696 0.00182944 0.00209387 
0.00208853 0.00221957 0.00227325 0.124439 0.00229742 0.00239392 0.00226986 0.00219175 0.00207829 -0.0012694 -0.00131159 -0.00148849 -0.00155799 -0.00176592 -0.00183626 -0.00179597 -0.00191848 -0.00196438 -0.00191307 -0.00190706 -0.00201258 -0.001957 -0.00192807 -0.00181592 -0.0018497 -0.00195499 -0.00185588 -0.00178367 -0.00180071 -0.00174749 -0.00178416 -0.00178788 -0.00175866 -0.00165866 -0.00157679 -0.00165708 -0.00170998 -0.00160588 -0.00172528 -0.0016931 -0.00159136 -0.0015454 -0.00168532 -0.00161499 -0.00160608 -0.00166119 -0.00158847 -0.00152312 -0.00156373 -0.00154168 -0.00149119 -0.00155133 -0.00155613 -0.00151715 -0.00159122 -0.00159805 -0.00159643 -0.00160094 -0.00148964 -0.00156043 -0.00156091 -0.00148621 -0.00145371 -0.00147089 -0.00151903 -0.00145999 -0.00156677 -0.00147157 -0.00152638 -0.00150797 -0.00154777 -0.00150808 -0.0015715 -0.00146037 -0.00143771 -0.0015472 -0.00142928 -0.00149378 -0.001519 -0.0015644 -0.00158897 -0.00152016 -0.00152312 -0.00157433 -0.00145975 -0.0014529 -0.00157962 -0.00147255 -0.00150369 -0.00147959 -0.00153407 -0.00158891 -0.00150668 -0.00152273 -0.00154431 -0.00149792 -0.00137091 -0.00122647 -0.00119994 0.00186334 
0.00204846 0.00212675 0.00221378 0.00229742 0.125019 0.00249579 0.00240439 0.00234262 0.00223749 0.00211116 -0.00126536 -0.001407 -0.00134838 -0.00166438 -0.00187162 -0.001856 -0.00198947 -0.00196061 -0.00187028 -0.00205685 -0.00189051 -0.00196068 -0.00200874 -0.00183298 -0.00203522 -0.00195852 -0.00185509 -0.00177762 -0.00181265 -0.00174669 -0.00180673 -0.00171105 -0.00177414 -0.00173316 -0.00159928 -0.00165109 -0.00166027 -0.00163278 -0.00167314 -0.00159933 -0.00151204 -0.00152406 -0.00161899 -0.00167642 -0.00160651 -0.00162082 -0.0015789 -0.00157568 -0.00162405 -0.00149717 -0.00160593 -0.00159767 -0.0014909 -0.00153455 -0.0015294 -0.00161316 -0.00149292 -0.00149131 -0.00160944 -0.00155007 -0.00148007 -0.00156327 -0.00147777 -0.00148027 -0.00160824 -0.00165678 -0.00162024 -0.00157694 -0.00151195 -0.00152883 -0.00155602 -0.00164588 -0.00152534 -0.00157824 -0.0015303 -0.00144716 -0.00143552 -0.00148637 -0.00151215 -0.0015522 -0.0015638 -0.00163242 -0.00154318 -0.00159461 -0.0015589 -0.00159064 -0.00162685 -0.00150567 -0.00147546 -0.00150339 -0.00158193 -0.00155418 -0.00155709 -0.00161609 -0.00159399 -0.00152169 -0.00149052 -0.00127873 -0.00124652 -0.00112772 
0.00205289 0.00215939 0.00228319 0.00239392 0.00249579 0.128264 0.00243818 0.00244593 0.00239543 0.00232833 0.00201824 -0.00135497 -0.00140369 -0.00157212 -0.0017449 -0.00182373 -0.00204171 -0.00199828 -0.00201042 -0.0020839 -0.00207421 -0.0020754 -0.00198168 -0.00197109 -0.00207507 -0.00201501 -0.00190758 -0.00191062 -0.00189481 -0.0019185 -0.00191175 -0.00185955 -0.00180893 -0.00180842 -0.00172593 -0.00174005 -0.00183509 -0.0018323 -0.00184396 -0.00175949 -0.00179666 -0.00164857 -0.00178867 -0.00173569 -0.00175873 -0.00180034 -0.00170048 -0.00165976 -0.00171179 -0.00166842 -0.00157314 -0.00158523 -0.00156588 -0.00169909 -0.00168073 -0.00166648 -0.0015838 -0.00158325 -0.00170872 -0.00162271 -0.00163947 -0.00169222 -0.00151333 -0.00152984 -0.00162711 -0.00174822 -0.00162386 -0.00161803 -0.00166974 -0.00163661 -0.00153777 -0.00166681 -0.00159935 -0.00161649 -0.00149865 -0.00146509 -0.00154831 -0.00161121 -0.00164087 -0.00161973 -0.00167591 -0.00165473 -0.00169562 -0.00168774 -0.00166686 -0.00165057 -0.00158744 -0.00153362 -0.00155906 -0.0016372 -0.00158222 -0.0015682 -0.00167601 -0.00165322 -0.00159357 -0.00158816 -0.00150379 -0.00153736 -0.00138243 -0.00121774 
-0.0011458 0.00202218 0.00215213 0.00226986 0.00240439 0.00243818 0.129257 0.0025387 0.00243266 0.00229625 0.0022035 0.00216782 -0.00130278 -0.00149618 -0.00167616 -0.00178522 -0.00199725 -0.00197322 -0.00197903 -0.00208319 -0.00202664 -0.00207809 -0.00200999 -0.00192574 -0.00207864 -0.00208636 -0.00190688 -0.00198148 -0.00179654 -0.00188237 -0.00198408 -0.00189938 -0.00192464 -0.00186299 -0.00169257 -0.00169689 -0.00186211 -0.00180058 -0.00178418 -0.0018733 -0.00178255 -0.00168695 -0.00174579 -0.00170844 -0.00170989 -0.00182283 -0.00167319 -0.00169672 -0.00161003 -0.00165181 -0.00163704 -0.00165299 -0.00163702 -0.00156832 -0.00163972 -0.00173898 -0.00166752 -0.00166611 -0.00161918 -0.00157386 -0.0016844 -0.00158477 -0.00164174 -0.00164208 -0.00169852 -0.00172607 -0.00162253 -0.00170912 -0.00164219 -0.00166442 -0.00166328 -0.00164117 -0.00156174 -0.00166425 -0.0015909 -0.00159519 -0.00151443 -0.00168139 -0.0016644 -0.0015651 -0.00169155 -0.00161622 -0.00168183 -0.00164983 -0.00163925 -0.00165826 -0.00175835 -0.00163306 -0.00156055 -0.00159342 -0.0015793 -0.00169553 -0.00160571 -0.00164634 -0.00164263 -0.00166177 -0.00159545 -0.00164157 -0.00152655 -0.00126662 
-0.00122558 -0.00113739 0.00199571 0.00219175 0.00234262 0.00244593 0.0025387 0.130311 0.00253968 0.00254524 0.00235357 0.00231235 0.00228685 -0.00128876 -0.00153724 -0.00154696 -0.00179054 -0.0020431 -0.00200496 -0.00218043 -0.00208384 -0.0020836 -0.00213873 -0.00198877 -0.00221372 -0.00206005 -0.00201262 -0.00202355 -0.00188337 -0.00186566 -0.00191027 -0.00194572 -0.00183239 -0.00173695 -0.00188253 -0.00177338 -0.00182432 -0.00186094 -0.00184732 -0.00178737 -0.00170289 -0.00169472 -0.0017257 -0.00174533 -0.00187069 -0.0016995 -0.00169838 -0.00176311 -0.00173435 -0.00171325 -0.00170628 -0.00171625 -0.00173363 -0.00161308 -0.00174477 -0.00164468 -0.001705 -0.0016912 -0.0016423 -0.0016307 -0.00162112 -0.00172952 -0.00161785 -0.00159677 -0.00169587 -0.00164775 -0.00163816 -0.00165408 -0.00171147 -0.00170904 -0.001666 -0.00164478 -0.00166258 -0.00167738 -0.00155829 -0.00159109 -0.00158105 -0.00162144 -0.00170827 -0.00168091 -0.00161407 -0.0017146 -0.0016932 -0.00175451 -0.00168383 -0.00160866 -0.0017069 -0.00154894 -0.00159346 -0.00162769 -0.00166914 -0.0017381 -0.00173522 -0.00172679 -0.00176972 -0.00170238 -0.00166365 -0.00170366 -0.00152587 -0.00138333 
-0.00141304 -0.00138573 -0.00122462 0.00207829 0.00223749 0.00239543 0.00243266 0.00253968 0.131682 0.00261076 0.00261453 0.00247784 0.00243678 0.00226081 -0.00146831 -0.00152274 -0.00174763 -0.00201003 -0.00188892 -0.0021918 -0.00222902 -0.002149 -0.00206545 -0.00191745 -0.00216123 -0.00208802 -0.00192335 -0.00197393 -0.00190727 -0.0019881 -0.00197774 -0.00197147 -0.00192068 -0.0018477 -0.00179015 -0.00179387 -0.00184173 -0.00190941 -0.00189408 -0.00184973 -0.0018174 -0.00171679 -0.00177246 -0.00177019 -0.0017728 -0.00178158 -0.00174652 -0.00172712 -0.00173879 -0.0016723 -0.00162411 -0.00166329 -0.00166881 -0.0017078 -0.00178561 -0.00173247 -0.00166281 -0.00175047 -0.00181753 -0.0018036 -0.00160053 -0.00164704 -0.0015908 -0.00157442 -0.00166317 -0.00169781 -0.00167704 -0.0017049 -0.00165607 -0.0017654 -0.00165818 -0.0017021 -0.00167134 -0.00176491 -0.00154672 -0.00156407 -0.00156515 -0.00174711 -0.00172869 -0.00169028 -0.00168156 -0.00167685 -0.00168539 -0.0016114 -0.00172168 -0.00169384 -0.0017069 -0.0016707 -0.00165346 -0.00172378 -0.00154386 -0.00177361 -0.00173914 -0.00175909 -0.00173725 -0.0017529 -0.00166657 -0.00169797 -0.00171655 -0.00155322 
-0.00140477 -0.00136156 -0.00129051 -0.0012694 0.00211116 0.00232833 0.00229625 0.00254524 0.00261076 0.130163 0.00258315 0.00240597 0.00236086 0.00216812 -0.0014545 -0.00148965 -0.00170415 -0.00181841 -0.00198438 -0.00202014 -0.0019281 -0.00191353 -0.00204234 -0.00190144 -0.00207876 -0.00205499 -0.00195517 -0.0018767 -0.00190519 -0.00189234 -0.00195365 -0.00187148 -0.00191892 -0.00174857 -0.00167726 -0.00175781 -0.00184284 -0.00185877 -0.00178076 -0.00177245 -0.00172711 -0.00170571 -0.00171188 -0.00173075 -0.00175041 -0.00171022 -0.0017116 -0.00172987 -0.00160464 -0.00165283 -0.00163472 -0.00158332 -0.00166943 -0.00160559 -0.00156393 -0.00158292 -0.0016682 -0.00169517 -0.00169305 -0.00156612 -0.00160643 -0.00168347 -0.0015495 -0.00148894 -0.00170176 -0.00171168 -0.00160185 -0.00153263 -0.00159585 -0.00156766 -0.00158982 -0.00156808 -0.00161707 -0.00161727 -0.00155798 -0.00159908 -0.00151239 -0.00162016 -0.00163906 -0.0016897 -0.00160988 -0.0016653 -0.00167134 -0.00161211 -0.00167787 -0.00160961 -0.00162454 -0.00156406 -0.0016353 -0.00165668 -0.0016844 -0.00165314 -0.00162939 -0.00164041 -0.00167294 -0.00162579 -0.00160396 -0.00169391 -0.00165455 -0.00151082 
-0.00159149 -0.00146976 -0.00147579 -0.00131159 -0.00126536 0.00201824 0.0022035 0.00235357 0.00261453 0.00258315 0.134689 0.00273392 0.00276478 0.00253259 0.00240317 0.00234065 -0.00158715 -0.00162302 -0.00182477 -0.00200246 -0.00200831 -0.00223456 -0.00213291 -0.00203305 -0.00223225 -0.00221454 -0.00209264 -0.00204648 -0.00205659 -0.0019233 -0.0020541 -0.00199262 -0.00199897 -0.00197536 -0.00179843 -0.00183188 -0.00192242 -0.00197433 -0.00185722 -0.00188669 -0.00176494 -0.00180145 -0.00189935 -0.00183948 -0.00184236 -0.00183732 -0.00170711 -0.00175447 -0.00176852 -0.00177639 -0.00167711 -0.00177857 -0.00178034 -0.00178277 -0.00182023 -0.00175645 -0.00177896 -0.0017672 -0.0017402 -0.00175266 -0.00172335 -0.00177207 -0.0016782 -0.00163187 -0.00172449 -0.00171741 -0.0016317 -0.00175206 -0.00165572 -0.00170145 -0.00167715 -0.00175374 -0.0017175 -0.00172873 -0.00156314 -0.00165915 -0.00157291 -0.00177081 -0.00179162 -0.00174723 -0.00178502 -0.00173058 -0.00170781 -0.00172365 -0.00178341 -0.00178368 -0.00178438 -0.00168623 -0.00167747 -0.00177396 -0.00177153 -0.00180165 -0.00176014 -0.00182164 -0.00179018 -0.00183363 -0.00171392 -0.00188587 -0.00175456 -0.00165365 
-0.00179599 -0.00160733 -0.00162504 -0.00148849 -0.001407 -0.00135497 0.00216782 0.00231235 0.00247784 0.00240597 0.00273392 0.136815 0.00273197 0.00285888 0.00255822 0.00263789 0.00248594 -0.00166225 -0.00173367 -0.00181651 -0.00206509 -0.0021243 -0.00217311 -0.00202317 -0.00233948 -0.00221182 -0.00211025 -0.00213511 -0.00210057 -0.00195137 -0.001999 -0.00199004 -0.00190804 -0.00205653 -0.00183806 -0.00177877 -0.00202564 -0.00198552 -0.0020054 -0.001901 -0.00188989 -0.00189954 -0.00199243 -0.00180366 -0.00192663 -0.00186673 -0.00178629 -0.00178155 -0.00180599 -0.00178718 -0.00178522 -0.00178987 -0.0017296 -0.00177558 -0.00178659 -0.00180847 -0.00170075 -0.0017715 -0.00173265 -0.00175828 -0.00174244 -0.00186431 -0.00164629 -0.00172006 -0.00174976 -0.00187265 -0.00183227 -0.0017906 -0.00175694 -0.00177954 -0.00182716 -0.00173914 -0.00177691 -0.00180693 -0.00162136 -0.00167699 -0.00171888 -0.00178494 -0.00184844 -0.00175856 -0.00181644 -0.00174999 -0.00181753 -0.00177949 -0.00174314 -0.00177688 -0.00181942 -0.00183089 -0.00167844 -0.00174098 -0.00177683 -0.0018019 -0.00181048 -0.00182121 -0.00174909 -0.0017477 -0.00178475 -0.0017309 -0.00179711 -0.00170605 
-0.00170053 -0.00171609 -0.00153151 -0.00155799 -0.00134838 -0.00140369 -0.00130278 0.00228685 0.00243678 0.00236086 0.00276478 0.00273197 0.13538 0.00287791 0.00264788 0.00246667 0.00252779 -0.00157406 -0.00159059 -0.00182209 -0.00198768 -0.00201495 -0.00211245 -0.00202261 -0.00222657 -0.00207037 -0.0020432 -0.00200927 -0.00192164 -0.00191139 -0.00202136 -0.00205855 -0.00195904 -0.00190754 -0.00181292 -0.0019339 -0.00190388 -0.00189927 -0.00191384 -0.00183324 -0.00179678 -0.0018177 -0.0018281 -0.00174686 -0.00178491 -0.00188242 -0.00172456 -0.00172667 -0.00169341 -0.00173288 -0.00174398 -0.00181041 -0.00179531 -0.00176839 -0.00182536 -0.00172975 -0.00170647 -0.00178238 -0.00175818 -0.00167286 -0.00164714 -0.00173603 -0.00166939 -0.00161476 -0.00178193 -0.00179127 -0.00167257 -0.00173207 -0.00169667 -0.00170406 -0.00174053 -0.00167501 -0.00163805 -0.00165919 -0.00162796 -0.0016744 -0.0016881 -0.00163972 -0.00173134 -0.0017362 -0.0018074 -0.00186147 -0.00166977 -0.00164448 -0.00170815 -0.00168641 -0.00174559 -0.00157256 -0.00161302 -0.00170112 -0.00173655 -0.00174434 -0.00174685 -0.00174046 -0.00169748 -0.00168021 -0.00174597 -0.00171403 -0.00171531 -0.00165539 
-0.00186699 -0.00178052 -0.00182005 -0.00176592 -0.00166438 -0.00157212 -0.00149618 -0.00128876 0.00226081 0.00216812 0.00253259 0.00285888 0.00287791 0.140637 0.00292607 0.0029044 0.00279307 0.00258276 0.0026216 -0.00176173 -0.00180209 -0.00186332 -0.0020505 -0.00215347 -0.0023065 -0.00230205 -0.00214369 -0.00215779 -0.00214126 -0.00207587 -0.00217896 -0.00206085 -0.00209142 -0.00217204 -0.00196827 -0.00196014 -0.00195736 -0.00199587 -0.00204069 -0.00206792 -0.00191109 -0.00185811 -0.00205144 -0.00191156 -0.0019508 -0.00196449 -0.00193625 -0.00183789 -0.00190374 -0.00189006 -0.00183396 -0.00175137 -0.00190819 -0.00183587 -0.00178403 -0.00187469 -0.00175209 -0.00180757 -0.00181951 -0.00184585 -0.00176877 -0.00188676 -0.00172768 -0.00171697 -0.00182757 -0.00175296 -0.00187587 -0.00181341 -0.00194436 -0.00190549 -0.00187273 -0.00195265 -0.00179048 -0.00184197 -0.00173822 -0.00181578 -0.00176538 -0.00178777 -0.00183469 -0.00185888 -0.00190618 -0.00185235 -0.00187701 -0.00185079 -0.0019174 -0.00171634 -0.00182984 -0.00173526 -0.00174085 -0.00183725 -0.00189845 -0.00185378 -0.00186525 -0.00180106 -0.00187014 -0.00187066 -0.0018769 -0.0019275 -0.00177483 -0.00174804 
-0.00188384 -0.00175138 -0.00182394 -0.00183626 -0.00187162 -0.0017449 -0.00167616 -0.00153724 -0.00146831 -0.0014545 0.00240317 0.00255822 0.00264788 0.00292607 0.139671 0.00304159 0.00301122 0.00260861 0.00270741 0.00250948 -0.00165489 -0.00168367 -0.00187493 -0.00189513 -0.00222924 -0.00221691 -0.00202445 -0.00207043 -0.00204784 -0.00208172 -0.00210476 -0.00217121 -0.0020001 -0.00205076 -0.00194346 -0.00191477 -0.00193973 -0.00188412 -0.00198803 -0.00200445 -0.0019032 -0.0017841 -0.00186822 -0.00189531 -0.00191942 -0.0018442 -0.00173465 -0.00187895 -0.00181329 -0.00178274 -0.00181269 -0.00186403 -0.00179989 -0.00173007 -0.00166725 -0.00183711 -0.00180503 -0.00181545 -0.00174405 -0.0017777 -0.00175835 -0.00177651 -0.00172088 -0.00174628 -0.00183367 -0.00188343 -0.00185237 -0.00179895 -0.00179517 -0.00184545 -0.00179509 -0.00177902 -0.00173438 -0.00180766 -0.00163176 -0.00163863 -0.00167224 -0.00180185 -0.00183249 -0.0017606 -0.00176186 -0.00182019 -0.00173374 -0.00177865 -0.00179971 -0.00178988 -0.00182495 -0.0016476 -0.001638 -0.00183028 -0.00174577 -0.00178184 -0.00184845 -0.00183026 -0.00176104 -0.00177737 -0.00187262 -0.0017274 -0.00181184 -0.00173205 
-0.00177789 -0.001772 -0.00187542 -0.00179597 -0.001856 -0.00182373 -0.00178522 -0.00154696 -0.00152274 -0.00148965 0.00234065 0.00263789 0.00246667 0.0029044 0.00304159 0.14103 0.0030003 0.00263507 0.00262756 0.00244858 -0.00166589 -0.00169816 -0.00185229 -0.00200206 -0.00225159 -0.00227221 -0.00208567 -0.00212497 -0.00201483 -0.00201598 -0.00198428 -0.00211101 -0.00200981 -0.00203573 -0.00193051 -0.00188017 -0.00196988 -0.00190422 -0.00195002 -0.00192853 -0.00191999 -0.00187077 -0.00190023 -0.00188376 -0.00192581 -0.00197451 -0.00172762 -0.00182688 -0.00180088 -0.00184346 -0.00179346 -0.00181194 -0.00181046 -0.0019393 -0.00182205 -0.00188341 -0.00183959 -0.00185895 -0.00181613 -0.00178305 -0.00177864 -0.00186112 -0.00172632 -0.00170177 -0.00171534 -0.00184346 -0.00179502 -0.00171444 -0.00183562 -0.00180533 -0.00169064 -0.00180725 -0.00176506 -0.00182678 -0.00169828 -0.0016941 -0.00167593 -0.00183035 -0.00176538 -0.00176748 -0.00176844 -0.00182356 -0.00184287 -0.00174618 -0.00183427 -0.0017473 -0.0018774 -0.00164628 -0.0017302 -0.00183658 -0.0018104 -0.00182331 -0.00176681 -0.00186382 -0.00181606 -0.00182533 -0.00183069 -0.00178632 -0.00175378 -0.0017387 
-0.00193323 -0.00191929 -0.00200869 -0.00191848 -0.00198947 -0.00204171 -0.00199725 -0.00179054 -0.00174763 -0.00170415 -0.00158715 0.00248594 0.00252779 0.00279307 0.00301122 0.0030003 0.146321 0.00314616 0.0031206 0.00291716 0.00271887 0.00271111 -0.00167586 -0.00176454 -0.00194224 -0.002093 -0.00230825 -0.00226863 -0.00213526 -0.00217165 -0.00218584 -0.00224281 -0.00224401 -0.0021731 -0.00204844 -0.00205324 -0.00221869 -0.00212525 -0.00219356 -0.00208911 -0.00205407 -0.0019207 -0.0021248 -0.00205363 -0.00204838 -0.00205782 -0.00193583 -0.00202801 -0.00204319 -0.00198794 -0.00196107 -0.00192817 -0.00195949 -0.00190346 -0.00189954 -0.00203891 -0.00199543 -0.00192647 -0.00185902 -0.00195753 -0.00191507 -0.00190595 -0.00183475 -0.00193148 -0.00192599 -0.00192453 -0.0018754 -0.00197615 -0.00197533 -0.0019858 -0.00191399 -0.00201794 -0.00201943 -0.00192742 -0.00183271 -0.00181478 -0.00188673 -0.00195846 -0.0019601 -0.00190314 -0.00184592 -0.00191578 -0.0019985 -0.00194333 -0.00197362 -0.00190152 -0.00194595 -0.00176576 -0.00181427 -0.00189935 -0.00190256 -0.00194649 -0.00187831 -0.00187176 -0.00186084 -0.00180748 -0.00197299 -0.00191374 -0.0019845 -0.0018708 
-0.00186744 -0.0019374 -0.00192966 -0.00196438 -0.00196061 -0.00199828 -0.00197322 -0.0020431 -0.00201003 -0.00181841 -0.00162302 -0.00166225 -0.00157406 0.00258276 0.00260861 0.00263507 0.00314616 0.144514 0.00327285 0.0030351 0.0028116 0.00302928 0.00262756 -0.00161578 -0.00190228 -0.00197904 -0.00207719 -0.00202813 -0.00205946 -0.00210983 -0.00211872 -0.00207344 -0.00200949 -0.00212135 -0.00199702 -0.00198121 -0.00206071 -0.00206486 -0.00196233 -0.00205589 -0.00186955 -0.00192919 -0.00197595 -0.00205459 -0.00195128 -0.00195251 -0.00191103 -0.00185708 -0.00189511 -0.00193022 -0.00176469 -0.00185428 -0.00183651 -0.00185893 -0.0018711 -0.00195375 -0.00187831 -0.00188423 -0.00179881 -0.00187436 -0.0018422 -0.00177352 -0.00173261 -0.00167432 -0.00183091 -0.00184078 -0.00187661 -0.00176285 -0.00186884 -0.00189003 -0.00193311 -0.0018532 -0.00183921 -0.00189074 -0.00186953 -0.00177233 -0.00177051 -0.00185483 -0.00190016 -0.001947 -0.00188942 -0.00188108 -0.00185959 -0.00195898 -0.00188223 -0.00185934 -0.0018341 -0.00178451 -0.00187093 -0.00174868 -0.00187225 -0.00186651 -0.00190007 -0.00181087 -0.00179363 -0.00180573 -0.00183935 -0.00188703 -0.00185943 -0.00185559 
-0.00183818 -0.00194826 -0.00183529 -0.00191307 -0.00187028 -0.00201042 -0.00197903 -0.00200496 -0.00188892 -0.00198438 -0.00182477 -0.00173367 -0.00159059 0.0026216 0.00270741 0.00262756 0.0031206 0.00327285 0.145494 0.00312729 0.00292982 0.00298853 0.00271228 -0.00166127 -0.00184326 -0.00193418 -0.0020669 -0.00208583 -0.00209471 -0.00208865 -0.00217048 -0.00216201 -0.00209559 -0.00208428 -0.00206885 -0.00195733 -0.00202357 -0.0020459 -0.00204286 -0.00193809 -0.00190958 -0.00187231 -0.00197833 -0.00213647 -0.00190236 -0.00202569 -0.00195192 -0.00195561 -0.00182828 -0.00183446 -0.00187622 -0.00187487 -0.00188243 -0.00188105 -0.0018542 -0.0019436 -0.00192061 -0.00189674 -0.00182992 -0.00189762 -0.00190454 -0.0018857 -0.00176505 -0.00185887 -0.00193255 -0.00190853 -0.0018705 -0.00184421 -0.0019335 -0.0019327 -0.00184389 -0.00189333 -0.00190425 -0.00190872 -0.00179846 -0.0017405 -0.00183962 -0.00185297 -0.0018844 -0.00193012 -0.00180381 -0.00190501 -0.00180525 -0.00191048 -0.00194149 -0.00186989 -0.0017548 -0.0017795 -0.00174173 -0.00191276 -0.00189034 -0.00200821 -0.00182315 -0.00191787 -0.0018619 -0.0018717 -0.00189063 -0.001867 -0.00183476 -0.00174095 
-0.00200686 -0.00195158 -0.00200953 -0.00190706 -0.00205685 -0.0020839 -0.00208319 -0.00218043 -0.0021918 -0.00202014 -0.00200246 -0.00181651 -0.00182209 -0.00176173 0.00250948 0.00244858 0.00291716 0.0030351 0.00312729 0.149307 0.00303321 0.00322004 0.00299638 0.00266456 0.00272084 -0.00177631 -0.0018179 -0.00201271 -0.00211237 -0.00210914 -0.00224797 -0.00231967 -0.00216855 -0.0022471 -0.00212765 -0.00203904 -0.00221028 -0.00209866 -0.00208051 -0.00202112 -0.00198779 -0.0020495 -0.00208267 -0.00203585 -0.002093 -0.00210903 -0.0020007 -0.00199433 -0.00198385 -0.0020447 -0.00198722 -0.00199749 -0.00194789 -0.00198344 -0.00200612 -0.00201174 -0.00194013 -0.00207556 -0.00196314 -0.00193371 -0.00196927 -0.00204623 -0.00184351 -0.00188576 -0.00193435 -0.00199146 -0.00197612 -0.00203431 -0.00200984 -0.00193485 -0.00185634 -0.00204883 -0.00198428 -0.00201152 -0.00190207 -0.00187086 -0.00196153 -0.00199287 -0.00188023 -0.00204355 -0.0020354 -0.00195789 -0.00194081 -0.00197117 -0.00203845 -0.00198194 -0.00196839 -0.00187 -0.0018929 -0.00202555 -0.00195 -0.00196662 -0.00194455 -0.00202156 -0.0019379 -0.00200829 -0.00201739 -0.00192296 -0.00197534 -0.00186329 
-0.00185368 -0.0019188 -0.0018545 -0.00201258 -0.00189051 -0.00207421 -0.00202664 -0.00208384 -0.00222902 -0.0019281 -0.00200831 -0.00206509 -0.00198768 -0.00180209 -0.00165489 -0.00166589 0.00271887 0.0028116 0.00292982 0.00303321 0.146537 0.0033544 0.00302845 0.00277939 0.00278316 0.0025614 -0.00163976 -0.00176799 -0.00195933 -0.00179596 -0.00196334 -0.00209814 -0.00214469 -0.00214903 -0.00206493 -0.00194484 -0.00203597 -0.00204237 -0.00199326 -0.00197798 -0.00192008 -0.00195658 -0.00194275 -0.00205615 -0.00204091 -0.00204112 -0.0019119 -0.00192153 -0.00187298 -0.001875 -0.00193083 -0.00192592 -0.00192465 -0.00182203 -0.00188232 -0.00194939 -0.00187462 -0.00186273 -0.00189544 -0.00189665 -0.00187293 -0.00192214 -0.00175429 -0.0018601 -0.00192239 -0.00187018 -0.00189961 -0.0019566 -0.00181202 -0.00190476 -0.00193833 -0.00189539 -0.00191824 -0.00187116 -0.00181303 -0.00174096 -0.00182684 -0.00195449 -0.0018774 -0.00192872 -0.00189259 -0.00189656 -0.00190837 -0.00181762 -0.00197457 -0.00188577 -0.00187558 -0.00179643 -0.00184963 -0.00197274 -0.00185256 -0.00196498 -0.00186212 -0.00198505 -0.00178713 -0.00192418 -0.00187657 -0.00193057 -0.001988 -0.0018193 
-0.00191697 -0.00192961 -0.00194729 -0.001957 -0.00196068 -0.0020754 -0.00207809 -0.0020836 -0.002149 -0.00191353 -0.00223456 -0.0021243 -0.00201495 -0.00186332 -0.00168367 -0.00169816 0.00271111 0.00302928 0.00298853 0.00322004 0.0033544 0.146339 0.0030853 0.00269091 0.00288211 0.00255267 -0.0015582 -0.00175489 -0.00181788 -0.0019385 -0.00208957 -0.00210417 -0.00209608 -0.00216612 -0.00201107 -0.00196991 -0.00203967 -0.00200036 -0.00195209 -0.00204975 -0.00190149 -0.00195883 -0.00198871 -0.00209557 -0.00195755 -0.00210307 -0.00196139 -0.00193801 -0.00199267 -0.001962 -0.001941 -0.00191973 -0.00194639 -0.00191241 -0.00181016 -0.00194594 -0.0019994 -0.00198325 -0.00197089 -0.00189331 -0.00184537 -0.00191953 -0.00183454 -0.00179004 -0.00185312 -0.00182469 -0.00194179 -0.00187597 -0.00185423 -0.00185363 -0.00183733 -0.00184567 -0.00176258 -0.00184116 -0.00191107 -0.00191165 -0.00182183 -0.00191574 -0.00195201 -0.00185161 -0.00191157 -0.00199422 -0.00197615 -0.00180119 -0.00193386 -0.00184748 -0.00170467 -0.00187879 -0.00178557 -0.00188538 -0.0018194 -0.001943 -0.00185655 -0.00181931 -0.00185688 -0.00181572 -0.00185618 -0.00190318 -0.00191066 -0.00175036 
-0.00196547 -0.00184486 -0.00184917 -0.00192807 -0.00200874 -0.00198168 -0.00200999 -0.00213873 -0.00206545 -0.00204234 -0.00213291 -0.00217311 -0.00211245 -0.0020505 -0.00187493 -0.00185229 -0.00167586 0.00262756 0.00271228 0.00299638 0.00302845 0.0030853 0.145776 0.00296674 0.00294165 0.00273015 0.00244665 -0.00158665 -0.00168249 -0.00172464 -0.00179608 -0.00193143 -0.0021768 -0.00197454 -0.00198624 -0.00199665 -0.0020897 -0.00204204 -0.00194572 -0.00203628 -0.00191679 -0.00194621 -0.00197565 -0.00194085 -0.00207213 -0.00194307 -0.00190826 -0.00185556 -0.00194868 -0.00193775 -0.00190368 -0.00193126 -0.00181058 -0.00187954 -0.00186402 -0.00193353 -0.00199822 -0.00194275 -0.00185212 -0.00180219 -0.00178037 -0.00182682 -0.00179282 -0.00184085 -0.00188893 -0.0019204 -0.00191813 -0.0018352 -0.0019377 -0.00191599 -0.00184519 -0.00191459 -0.00188039 -0.00191536 -0.00179482 -0.00179487 -0.00190721 -0.00183993 -0.00184283 -0.00187962 -0.00204139 -0.00186894 -0.00185773 -0.00192821 -0.00183768 -0.00173716 -0.00184057 -0.00169209 -0.00173486 -0.0019115 -0.00192361 -0.00181408 -0.00189253 -0.00179042 -0.00191186 -0.00182633 -0.00188946 -0.00186665 -0.00182786 -0.00180723 
-0.00188007 -0.00185288 -0.00176822 -0.00181592 -0.00183298 -0.00197109 -0.00192574 -0.00198877 -0.00191745 -0.00190144 -0.00203305 -0.00202317 -0.00202261 -0.00215347 -0.00189513 -0.00200206 -0.00176454 -0.00161578 -0.00166127 0.00266456 0.00277939 0.00269091 0.00296674 0.141077 0.00298275 0.00275808 0.00258884 0.00233638 -0.00138388 -0.00142784 -0.00154637 -0.00179663 -0.00186721 -0.00193735 -0.00188181 -0.00187971 -0.00186325 -0.00193118 -0.0019031 -0.00183472 -0.0018102 -0.00183341 -0.0019284 -0.00188055 -0.00191217 -0.00190456 -0.00184068 -0.00187016 -0.00179217 -0.00187097 -0.0018329 -0.00184807 -0.00178553 -0.00172348 -0.00180627 -0.00173452 -0.00180256 -0.00184798 -0.00172195 -0.0016902 -0.00180921 -0.00176987 -0.00169786 -0.00161537 -0.00168214 -0.00178191 -0.0016814 -0.00177534 -0.00174173 -0.00175783 -0.00169691 -0.00173464 -0.00185992 -0.00184987 -0.00172075 -0.00166083 -0.00169717 -0.00179121 -0.00178007 -0.00178406 -0.00182313 -0.00176732 -0.00166302 -0.00167133 -0.00173992 -0.00171591 -0.00164694 -0.00162576 -0.00157599 -0.00180144 -0.00173729 -0.00173932 -0.00171585 -0.0017309 -0.00170427 -0.00167973 -0.00175315 -0.00174349 -0.00171081 -0.00169524 
-0.00201861 -0.00198497 -0.00190759 -0.0018497 -0.00203522 -0.00207507 -0.00207864 -0.00221372 -0.00216123 -0.00207876 -0.00223225 -0.00233948 -0.00222657 -0.0023065 -0.00222924 -0.00225159 -0.00194224 -0.00190228 -0.00184326 0.00272084 0.00278316 0.00288211 0.00294165 0.00298275 0.145875 0.00314364 0.00274217 0.00246728 0.00256593 0.00244445 -0.00154688 -0.00169121 -0.00183066 -0.00176477 -0.0020562 -0.00185678 -0.0020649 -0.00211713 -0.00194104 -0.00204474 -0.00196899 -0.00196124 -0.00201717 -0.00205243 -0.00203551 -0.00205688 -0.00200726 -0.00186465 -0.00199556 -0.00187809 -0.00189873 -0.00196675 -0.00189227 -0.00186598 -0.00200768 -0.00182549 -0.00194474 -0.00206479 -0.00194599 -0.00199698 -0.00199406 -0.00199287 -0.00185792 -0.00186822 -0.00194748 -0.00192957 -0.00193078 -0.00199377 -0.00194509 -0.00187201 -0.00189501 -0.00183703 -0.00191775 -0.00203006 -0.00176554 -0.00187243 -0.00188397 -0.00189405 -0.00187092 -0.00186134 -0.00188668 -0.0018326 -0.00196507 -0.00193034 -0.00185505 -0.00189445 -0.00179296 -0.0017471 -0.00186405 -0.00195325 -0.00188649 -0.0019647 -0.00190239 -0.0018923 -0.00189246 -0.0018718 -0.0018906 -0.00186884 -0.0018981 -0.00176111 
-0.00197056 -0.00198564 -0.00194373 -0.00195499 -0.00195852 -0.00201501 -0.00208636 -0.00206005 -0.00208802 -0.00205499 -0.00221454 -0.00221182 -0.00207037 -0.00230205 -0.00221691 -0.00227221 -0.002093 -0.00197904 -0.00193418 -0.00177631 0.0025614 0.00255267 0.00273015 0.00275808 0.00314364 0.144418 0.00280566 0.00277092 0.00266791 0.00252595 0.00242114 -0.00160142 -0.00158887 -0.00163159 -0.00184423 -0.00188483 -0.00201216 -0.00206546 -0.00206013 -0.00193895 -0.00197603 -0.00189174 -0.00197996 -0.00195232 -0.00194677 -0.00205816 -0.00194728 -0.00194118 -0.00197344 -0.00194377 -0.00202323 -0.00187084 -0.00190665 -0.00188945 -0.00189984 -0.0019596 -0.00183954 -0.00180568 -0.00185693 -0.00183582 -0.00195083 -0.00189823 -0.00178345 -0.00175144 -0.00187707 -0.00185094 -0.0018836 -0.00194127 -0.00196759 -0.00193747 -0.00191975 -0.00194653 -0.00192305 -0.00189226 -0.00180428 -0.00174262 -0.00177342 -0.00190826 -0.00192119 -0.00185085 -0.00194635 -0.00187999 -0.0018089 -0.00197459 -0.00183723 -0.00187444 -0.00186707 -0.00183884 -0.00178233 -0.00190019 -0.00188033 -0.00188764 -0.0019032 -0.00181472 -0.0019356 -0.0018581 -0.00192851 -0.00187646 -0.00185202 -0.00187075 
-0.00173731 -0.00178108 -0.00175765 -0.00185588 -0.00185509 -0.00190758 -0.00190688 -0.00201262 -0.00192335 -0.00195517 -0.00209264 -0.00211025 -0.0020432 -0.00214369 -0.00202445 -0.00208567 -0.00230825 -0.00207719 -0.0020669 -0.0018179 -0.00163976 -0.0015582 0.00244665 0.00258884 0.00274217 0.00280566 0.139058 0.00283343 0.0026699 0.00260107 0.00244414 0.00230136 -0.00149123 -0.00143139 -0.00162456 -0.00160522 -0.0017144 -0.00178666 -0.00187919 -0.00188807 -0.00182412 -0.00174477 -0.00197678 -0.00194887 -0.00186907 -0.00178409 -0.00178068 -0.00183288 -0.00182182 -0.00187814 -0.0017984 -0.001774 -0.00185007 -0.00171885 -0.0018705 -0.00179428 -0.0017948 -0.00176492 -0.00179418 -0.00183654 -0.00175355 -0.00170767 -0.00169422 -0.00165288 -0.00171825 -0.00174657 -0.00181903 -0.00179009 -0.00185495 -0.00178912 -0.00178271 -0.00173176 -0.00182081 -0.00177622 -0.00166856 -0.0016084 -0.00165248 -0.00171885 -0.00172627 -0.00171362 -0.00175235 -0.00187966 -0.00174217 -0.00175982 -0.00172572 -0.00170283 -0.00178533 -0.00167265 -0.00168209 -0.00172526 -0.00180245 -0.00177716 -0.00176367 -0.00179997 -0.00177701 -0.0017532 -0.00178494 -0.00178197 -0.00183249 -0.00172577 
-0.00172893 -0.00178592 -0.00174233 -0.00178367 -0.00177762 -0.00191062 -0.00198148 -0.00202355 -0.00197393 -0.0018767 -0.00204648 -0.00213511 -0.00200927 -0.00215779 -0.00207043 -0.00212497 -0.00226863 -0.00202813 -0.00208583 -0.00201271 -0.00176799 -0.00175489 -0.00158665 0.00233638 0.00246728 0.00277092 0.00283343 0.137342 0.00272962 0.0028236 0.00254717 0.00241887 0.00223745 -0.00138744 -0.00150169 -0.00156104 -0.00153408 -0.00173083 -0.00183099 -0.00190132 -0.00167301 -0.00176018 -0.00187029 -0.00187273 -0.00180041 -0.00191111 -0.00167532 -0.00173745 -0.00182813 -0.00179474 -0.00177638 -0.00172326 -0.00175315 -0.00169962 -0.00166675 -0.00181491 -0.00173414 -0.00172552 -0.0017805 -0.00163638 -0.00177332 -0.00170235 -0.0017002 -0.00158069 -0.00176558 -0.00171856 -0.00170925 -0.00171585 -0.0016797 -0.00173054 -0.00180528 -0.00176838 -0.00175065 -0.00168773 -0.00176739 -0.00164732 -0.00167076 -0.00170109 -0.00180147 -0.00169574 -0.00179205 -0.00178319 -0.00172404 -0.00175568 -0.00170551 -0.00167037 -0.00178697 -0.00167808 -0.00164688 -0.00180785 -0.00173652 -0.00171593 -0.00170877 -0.00176036 -0.00181644 -0.00180017 -0.00172396 -0.0017271 -0.00175367 -0.001726 
-0.00168647 -0.00178521 -0.00174234 -0.00180071 -0.00181265 -0.00189481 -0.00179654 -0.00188337 -0.00190727 -0.00190519 -0.00205659 -0.00210057 -0.00192164 -0.00214126 -0.00204784 -0.00201483 -0.00213526 -0.00205946 -0.00209471 -0.00211237 -0.00195933 -0.00181788 -0.00168249 -0.00138388 0.00256593 0.00266791 0.0026699 0.00272962 0.135421 0.00277952 0.00263386 0.00240021 0.00250334 0.0022347 -0.00136919 -0.00133983 -0.00155365 -0.00160967 -0.00175148 -0.00179852 -0.00173238 -0.00168206 -0.00182703 -0.00188847 -0.00173865 -0.00186125 -0.00174059 -0.00184192 -0.00175107 -0.00178231 -0.00175071 -0.00172027 -0.0017793 -0.00172446 -0.00172193 -0.00163453 -0.00174362 -0.0017165 -0.0016507 -0.00168408 -0.00168863 -0.00179202 -0.00169016 -0.00168333 -0.0017377 -0.00176974 -0.00174853 -0.00169879 -0.00175584 -0.00172105 -0.00174127 -0.00170694 -0.00175553 -0.00175271 -0.00152448 -0.00158988 -0.00168943 -0.0017263 -0.00163493 -0.00166509 -0.00173329 -0.00167305 -0.00160652 -0.00176162 -0.00172323 -0.00169698 -0.00172623 -0.00163463 -0.0017526 -0.0017234 -0.00181157 -0.00169179 -0.00177024 -0.0017257 -0.00171472 -0.00171945 -0.00172137 -0.00181504 -0.0017049 -0.00169031 
-0.00172503 -0.00173193 -0.00171741 -0.00174749 -0.00174669 -0.0019185 -0.00188237 -0.00186566 -0.0019881 -0.00189234 -0.0019233 -0.00195137 -0.00191139 -0.00207587 -0.00208172 -0.00201598 -0.00217165 -0.00210983 -0.00208865 -0.00210914 -0.00179596 -0.0019385 -0.00172464 -0.00142784 0.00244445 0.00252595 0.00260107 0.0028236 0.00277952 0.133735 0.00256868 0.00244166 0.00227282 0.0022397 -0.0013742 -0.00127462 -0.00148707 -0.00155296 -0.00167453 -0.00177646 -0.00164973 -0.00167824 -0.00178581 -0.00180367 -0.00177392 -0.00180155 -0.00167643 -0.00169162 -0.0017744 -0.00174654 -0.00174605 -0.00174147 -0.00167621 -0.0017046 -0.00170347 -0.00164324 -0.00162259 -0.00166162 -0.00168892 -0.00173607 -0.00177024 -0.00174321 -0.00162846 -0.00161655 -0.00171991 -0.00168556 -0.00168787 -0.00170162 -0.00165814 -0.00158422 -0.00165008 -0.00167618 -0.00175164 -0.00176668 -0.00165937 -0.00158123 -0.00160636 -0.00168682 -0.00165699 -0.00172281 -0.00168856 -0.00169773 -0.00165679 -0.00179996 -0.00173806 -0.00171598 -0.00173561 -0.00169597 -0.00156893 -0.00168463 -0.00175328 -0.00168789 -0.00172085 -0.0016222 -0.0016733 -0.00162986 -0.00174884 -0.0017399 -0.00171675 -0.00161594 
-0.00171258 -0.00177705 -0.00185219 -0.00178416 -0.00180673 -0.00191175 -0.00198408 -0.00191027 -0.00197774 -0.00195365 -0.0020541 -0.001999 -0.00202136 -0.00217896 -0.00210476 -0.00198428 -0.00218584 -0.00211872 -0.00217048 -0.00224797 -0.00196334 -0.00208957 -0.00179608 -0.00154637 -0.00154688 0.00242114 0.00244414 0.00254717 0.00263386 0.00256868 0.134757 0.00255584 0.00252506 0.00238651 0.00211864 0.00211201 -0.0013137 -0.00144957 -0.00155288 -0.00167967 -0.00169612 -0.00180111 -0.00187263 -0.00182559 -0.00178228 -0.00186899 -0.00172003 -0.00168957 -0.00174604 -0.00181021 -0.00179742 -0.00166925 -0.00178329 -0.00181814 -0.00178857 -0.00165579 -0.00167651 -0.00176736 -0.00180953 -0.00168449 -0.00181627 -0.00180962 -0.00176078 -0.00165557 -0.00174431 -0.00164901 -0.00172631 -0.00170379 -0.00173518 -0.00172804 -0.00175304 -0.00175167 -0.00167131 -0.00169459 -0.00162926 -0.00163414 -0.00166923 -0.00179415 -0.00168483 -0.0017442 -0.00172625 -0.00180099 -0.00175258 -0.00171953 -0.00173571 -0.00169144 -0.00181065 -0.0016384 -0.00169246 -0.00170902 -0.00171199 -0.00170769 -0.00178162 -0.00181067 -0.00184017 -0.00181741 -0.00176649 -0.00171751 -0.00174515 -0.00160223 
-0.00175734 -0.00172294 -0.00166664 -0.00178788 -0.00171105 -0.00185955 -0.00189938 -0.00194572 -0.00197147 -0.00187148 -0.00199262 -0.00199004 -0.00205855 -0.00206085 -0.00217121 -0.00211101 -0.00224281 -0.00207344 -0.00216201 -0.00231967 -0.00209814 -0.00210417 -0.00193143 -0.00179663 -0.00169121 -0.00160142 0.00230136 0.00241887 0.00240021 0.00244166 0.00255584 0.13291 0.00248745 0.00247755 0.00215502 0.00225055 0.00206743 -0.00132238 -0.00145724 -0.00146611 -0.00165549 -0.001671 -0.00179808 -0.00180599 -0.0018206 -0.00173166 -0.00164207 -0.00166089 -0.00174104 -0.00169485 -0.00172295 -0.00169426 -0.00172942 -0.0017345 -0.00167716 -0.00165574 -0.00165337 -0.00166712 -0.00167358 -0.00171705 -0.00179322 -0.00160146 -0.00159995 -0.00164517 -0.00168626 -0.00168687 -0.00168281 -0.00171109 -0.0016768 -0.0016475 -0.00169764 -0.00172702 -0.0016662 -0.00174027 -0.00166963 -0.00166014 -0.00160041 -0.00173937 -0.00162301 -0.00165305 -0.00176075 -0.00169286 -0.00169309 -0.00166487 -0.00165251 -0.00176913 -0.00178584 -0.0015766 -0.00165166 -0.00164492 -0.00176663 -0.00167728 -0.00175568 -0.00177081 -0.00167463 -0.00177201 -0.00172565 -0.00164727 -0.00164366 -0.00164078 
-0.00168508 -0.00174086 -0.00173191 -0.00175866 -0.00177414 -0.00180893 -0.00192464 -0.00183239 -0.00192068 -0.00191892 -0.00199897 -0.00190804 -0.00195904 -0.00209142 -0.0020001 -0.00200981 -0.00224401 -0.00200949 -0.00209559 -0.00216855 -0.00214469 -0.00209608 -0.0021768 -0.00186721 -0.00183066 -0.00158887 -0.00149123 0.00223745 0.00250334 0.00227282 0.00252506 0.00248745 0.131543 0.0024952 0.00235956 0.00230051 0.00212226 0.00199985 -0.00136636 -0.00127867 -0.00145741 -0.00149231 -0.00169798 -0.00178212 -0.00171942 -0.00171422 -0.00177698 -0.00167422 -0.00179848 -0.00163191 -0.00160381 -0.00175638 -0.00165646 -0.00170609 -0.00162646 -0.00170584 -0.00173431 -0.0016572 -0.00171773 -0.0016934 -0.0017397 -0.00169084 -0.00163952 -0.00153454 -0.00162178 -0.00168362 -0.00179308 -0.00162445 -0.00170902 -0.00166401 -0.00165655 -0.00162831 -0.00162609 -0.00167174 -0.00155317 -0.00153183 -0.00154657 -0.00171795 -0.001669 -0.00159041 -0.00170756 -0.00162974 -0.00174852 -0.00170431 -0.00166591 -0.00174288 -0.00169659 -0.00169152 -0.00156819 -0.00166654 -0.00169925 -0.00171461 -0.00173848 -0.00174887 -0.00171948 -0.0017712 -0.00168778 -0.00174929 -0.00163885 -0.00164025 
