0.123264 0.0022491 0.00224847 0.00212855 0.00202964 0.00205898 -0.00111627 -0.00130306 -0.00148656 -0.00138451 -0.00167908 -0.00188318 -0.00166309 -0.00185975 -0.00183605 -0.00183783 -0.00186541 -0.00186802 -0.00188892 -0.00197848 -0.00189162 -0.00191335 -0.00194666 -0.00168265 -0.0018237 -0.00198361 -0.00174151 -0.00169963 -0.00171297 -0.00180326 -0.00177255 -0.00172525 -0.00174947 -0.00168111 -0.00163675 -0.00162348 -0.00162023 -0.00158643 -0.00162473 -0.00168077 -0.0015278 -0.00150426 -0.00153801 -0.00157158 -0.00159283 -0.00159532 -0.00154514 -0.00156627 -0.00153656 -0.00151644 -0.00151529 -0.00155595 -0.00148111 -0.00149225 -0.00151752 -0.00148608 -0.00148556 -0.00150588 -0.00150861 -0.00151084 -0.00156392 -0.00149534 -0.00145474 -0.0014758 -0.00157318 -0.00158434 -0.00152436 -0.00152488 -0.00154776 -0.00156617 -0.0014731 -0.00150618 -0.00145099 -0.00145973 -0.00141366 -0.00157388 -0.00147932 -0.00148833 -0.00150915 -0.00145571 -0.00150532 -0.00142525 -0.00142768 -0.0015222 -0.00146482 -0.00150409 -0.00154603 -0.00140836 -0.00154875 -0.00146311 -0.00151684 -0.00141334 -0.0013344 -0.00127815 -0.00123091 -0.00113982 0.00194598 0.00196527 0.00198514 0.00207764 
0.0022491 0.123595 0.00235624 0.00214759 0.00203659 0.00206074 0.00197719 -0.00128187 -0.0013036 -0.00132159 -0.00153703 -0.00166795 -0.00172806 -0.0018931 -0.00175287 -0.00169612 -0.00196849 -0.00187776 -0.00193775 -0.00200639 -0.00190826 -0.00194427 -0.00193004 -0.00182711 -0.00207423 -0.0020334 -0.00189366 -0.00174405 -0.00173629 -0.00172389 -0.0018284 -0.00169265 -0.00159902 -0.00168848 -0.00166155 -0.00155895 -0.00160266 -0.00163708 -0.00169004 -0.00160987 -0.00156172 -0.00163144 -0.00162197 -0.00161069 -0.00155504 -0.00158353 -0.00160002 -0.00154841 -0.00143705 -0.00152754 -0.00153829 -0.00160237 -0.00148506 -0.00147255 -0.00163382 -0.00151194 -0.00154537 -0.00149559 -0.00148287 -0.00149948 -0.00147202 -0.00144741 -0.00143137 -0.0014288 -0.00146296 -0.00142144 -0.00158969 -0.00164641 -0.00150495 -0.00155186 -0.00151466 -0.00155619 -0.00151903 -0.00148259 -0.00138926 -0.00145933 -0.00141742 -0.00150789 -0.00150762 -0.00147807 -0.0015154 -0.00167933 -0.00141545 -0.00142985 -0.00150378 -0.00150644 -0.00145149 -0.00144819 -0.00148395 -0.00145615 -0.00145094 -0.00142377 -0.00149653 -0.00130752 -0.00137672 -0.0012129 -0.00114336 0.00189538 0.00198326 0.0020913 
0.00224847 0.00235624 0.123671 0.00229729 0.00222171 0.00221251 0.00219567 0.00197425 -0.00126268 -0.00117711 -0.00149049 -0.00158806 -0.00168725 -0.00176138 -0.00178439 -0.00188593 -0.00194504 -0.00191563 -0.00194821 -0.00210515 -0.00200042 -0.00196795 -0.00185592 -0.00182327 -0.00193288 -0.00196907 -0.00179955 -0.00181246 -0.00175133 -0.00170269 -0.00175641 -0.00178722 -0.0017199 -0.00159348 -0.00160884 -0.00166733 -0.00168104 -0.0016276 -0.00165932 -0.00168763 -0.00149108 -0.00161852 -0.001604 -0.00159627 -0.00157184 -0.00165631 -0.0015975 -0.00152521 -0.00153402 -0.00164613 -0.0015969 -0.00150076 -0.00153193 -0.00147633 -0.00147809 -0.00149372 -0.00147321 -0.00156482 -0.00144247 -0.00152201 -0.00150767 -0.00157942 -0.00135917 -0.00141938 -0.00148696 -0.00154478 -0.00146893 -0.00149346 -0.00155828 -0.00152308 -0.00150226 -0.00147129 -0.00147045 -0.00154618 -0.00146561 -0.00139734 -0.001458 -0.00149863 -0.00150908 -0.00150431 -0.00152436 -0.00149932 -0.00155584 -0.00145563 -0.00144028 -0.001675 -0.00142753 -0.00144083 -0.0014775 -0.00154566 -0.00154102 -0.00151487 -0.00158395 -0.00144013 -0.00145276 -0.00133875 -0.00124132 -0.00116317 0.00181843 0.00196378 
0.00212855 0.00214759 0.00229729 0.124364 0.00227726 0.00230491 0.00228785 0.00217016 0.00199088 -0.00111246 -0.00143216 -0.00157989 -0.00145125 -0.00165618 -0.00182262 -0.00189112 -0.00195459 -0.00187555 -0.00203301 -0.00203274 -0.00196815 -0.00192556 -0.00189898 -0.00181339 -0.00200913 -0.00188643 -0.00181305 -0.00184358 -0.00169679 -0.0017657 -0.00181549 -0.00172561 -0.00171843 -0.00168357 -0.00170095 -0.00165797 -0.00161121 -0.00166842 -0.00160905 -0.00167258 -0.00152766 -0.0015704 -0.00160844 -0.00171384 -0.00164128 -0.00158314 -0.00155589 -0.00149979 -0.00161097 -0.00147463 -0.00151208 -0.00152137 -0.00152642 -0.0014629 -0.00150803 -0.00149943 -0.00156549 -0.00152185 -0.00152303 -0.00157614 -0.00153027 -0.00152241 -0.00152963 -0.00140301 -0.00157029 -0.00153511 -0.00153651 -0.0015431 -0.00152845 -0.00151282 -0.00157133 -0.00157713 -0.00151834 -0.00159007 -0.00144615 -0.00144948 -0.00151399 -0.00153287 -0.00146648 -0.00154503 -0.00148529 -0.00151751 -0.00147972 -0.00148896 -0.00152828 -0.00155548 -0.00161034 -0.00139227 -0.00143608 -0.00155126 -0.00152822 -0.00158332 -0.00156285 -0.00151191 -0.00155423 -0.00145027 -0.0013669 -0.00132697 -0.00118135 0.00189309 
0.00202964 0.00203659 0.00222171 0.00227726 0.124852 0.00242879 0.00241061 0.00228145 0.00221927 0.00209234 -0.00139393 -0.00135283 -0.00143793 -0.0016848 -0.00182845 -0.00175582 -0.00195089 -0.00185377 -0.00193169 -0.00202814 -0.00185574 -0.00206568 -0.00197423 -0.00183825 -0.00196666 -0.00187356 -0.0017617 -0.00184092 -0.00177147 -0.00171172 -0.00180272 -0.00177685 -0.00178839 -0.00171891 -0.00170921 -0.00167725 -0.00168361 -0.00165055 -0.00164711 -0.00163079 -0.00162426 -0.00160288 -0.00169125 -0.00169003 -0.00164995 -0.00162553 -0.00157695 -0.00153873 -0.00161939 -0.00152824 -0.00156567 -0.00156132 -0.00153887 -0.00151224 -0.0015332 -0.00161222 -0.00156828 -0.00155581 -0.00156822 -0.00153515 -0.00143078 -0.0015863 -0.00145376 -0.00153211 -0.00148494 -0.00161281 -0.00161935 -0.00154393 -0.00157496 -0.00161867 -0.00152249 -0.00153616 -0.00153658 -0.0016213 -0.00143687 -0.00151533 -0.00150379 -0.00150357 -0.00157646 -0.00157142 -0.00146682 -0.00152398 -0.00163051 -0.0015425 -0.00150765 -0.00155063 -0.0015774 -0.00143006 -0.00144313 -0.00146535 -0.00148224 -0.00152768 -0.00149293 -0.00151383 -0.00156767 -0.00147943 -0.00141325 -0.00134261 -0.00134301 -0.00110534 
0.00205898 0.00206074 0.00221251 0.00230491 0.00242879 0.128133 0.00246331 0.00239195 0.00234661 0.00230676 0.00205991 -0.00139859 -0.00147425 -0.00165569 -0.00187019 -0.00179942 -0.00209368 -0.00199194 -0.00209996 -0.00217919 -0.00193758 -0.0021193 -0.00199908 -0.00198805 -0.00207949 -0.00209044 -0.00187396 -0.00193872 -0.00187133 -0.00189217 -0.00194196 -0.00181707 -0.00181947 -0.0018721 -0.00168774 -0.00167152 -0.00178589 -0.00176311 -0.0018185 -0.0017989 -0.001665 -0.00165062 -0.00174613 -0.00180136 -0.00175329 -0.00165392 -0.00165397 -0.00165057 -0.00154908 -0.00161995 -0.0015686 -0.00164432 -0.00159349 -0.00159019 -0.00165416 -0.00162015 -0.00166313 -0.00156169 -0.00161467 -0.00169095 -0.00168479 -0.00161134 -0.00153345 -0.00152565 -0.00164605 -0.0017128 -0.00160915 -0.00164469 -0.00158347 -0.00161644 -0.00166465 -0.00161497 -0.00158262 -0.00167975 -0.00155498 -0.00153504 -0.00153828 -0.00158995 -0.00165061 -0.00160353 -0.00167642 -0.00160669 -0.00157503 -0.00163894 -0.00157118 -0.00160687 -0.0016238 -0.001543 -0.00158266 -0.00163134 -0.00164871 -0.0016384 -0.00161182 -0.0015977 -0.00165912 -0.00161797 -0.00150641 -0.00150334 -0.00131913 -0.00115234 
-0.00111627 0.00197719 0.00219567 0.00228785 0.00241061 0.00246331 0.129138 0.0024572 0.0023595 0.00232722 0.00223055 0.00226819 -0.00130513 -0.00157762 -0.00183959 -0.00167591 -0.00197188 -0.00204274 -0.00207843 -0.00213236 -0.00209242 -0.0020804 -0.0020614 -0.00195651 -0.00215758 -0.00206348 -0.00193368 -0.00197401 -0.00186166 -0.00182024 -0.00190508 -0.00189155 -0.00189369 -0.00190228 -0.00172397 -0.00162192 -0.00177657 -0.00181808 -0.00176527 -0.00174728 -0.00161759 -0.00174199 -0.00171868 -0.00174371 -0.00173736 -0.00170949 -0.00169214 -0.00156608 -0.00162834 -0.00166755 -0.00171247 -0.00166275 -0.00159349 -0.00171358 -0.00156598 -0.00165633 -0.00171983 -0.00163054 -0.00165977 -0.0016398 -0.00166045 -0.00160877 -0.00161352 -0.00160998 -0.00165671 -0.0016127 -0.0017273 -0.0016626 -0.00169919 -0.00164366 -0.00159376 -0.00169113 -0.00167591 -0.00163819 -0.00152615 -0.0015473 -0.0016334 -0.00162801 -0.0016559 -0.00165843 -0.00161391 -0.00177243 -0.00166296 -0.00172092 -0.00162186 -0.00166652 -0.00166338 -0.00162227 -0.00157572 -0.00168933 -0.00161595 -0.00165846 -0.00159266 -0.00162148 -0.00165402 -0.00161934 -0.00154533 -0.00156976 -0.00139668 -0.001325 
-0.00130306 -0.00128187 0.00197425 0.00217016 0.00228145 0.00239195 0.0024572 0.130347 0.00250404 0.00255552 0.00247255 0.00231382 0.00214445 -0.00149655 -0.00164812 -0.00169458 -0.00185207 -0.00203534 -0.00199179 -0.00222016 -0.00208792 -0.00211014 -0.0021038 -0.00197092 -0.00205942 -0.00211679 -0.00197216 -0.00194333 -0.0018942 -0.00187216 -0.0018716 -0.0018532 -0.00189148 -0.00188606 -0.00185655 -0.00175893 -0.00183463 -0.00184758 -0.00181532 -0.00171643 -0.00175435 -0.00178363 -0.00182497 -0.00176066 -0.00170079 -0.0017809 -0.00172781 -0.00161271 -0.00161104 -0.00174094 -0.00164666 -0.00161957 -0.00164124 -0.00165888 -0.0017632 -0.00166705 -0.00169128 -0.00166018 -0.00159313 -0.00165923 -0.00161741 -0.00163348 -0.00156497 -0.00154469 -0.00163494 -0.00176213 -0.0015613 -0.00165828 -0.0016337 -0.00161383 -0.00174875 -0.0016626 -0.00177126 -0.00168888 -0.00157304 -0.00157581 -0.00161495 -0.00175866 -0.0015441 -0.00165239 -0.0016094 -0.00159784 -0.00165973 -0.0017256 -0.00165301 -0.00170418 -0.00168394 -0.00163607 -0.00160292 -0.00171979 -0.00176505 -0.00163405 -0.00163473 -0.00165193 -0.0016903 -0.001614 -0.00170636 -0.00163181 -0.00157379 -0.00141879 
-0.00148656 -0.0013036 -0.00126268 0.00199088 0.00221927 0.00234661 0.0023595 0.00250404 0.131486 0.00256493 0.00251447 0.0023689 0.00234262 0.00222227 -0.00155764 -0.00160533 -0.00181265 -0.00191246 -0.00195135 -0.00223056 -0.00208327 -0.0021268 -0.00212615 -0.00205947 -0.00219747 -0.0020787 -0.00198037 -0.00199863 -0.00191071 -0.00189918 -0.00200974 -0.00188792 -0.00194048 -0.00187285 -0.00175552 -0.00179635 -0.00181836 -0.00176718 -0.00182591 -0.00182641 -0.00172213 -0.00162014 -0.00175849 -0.00176664 -0.00175044 -0.0017345 -0.00162374 -0.00170678 -0.00171414 -0.00168643 -0.00165107 -0.00161966 -0.00175012 -0.00168922 -0.00168166 -0.00175963 -0.00167257 -0.00177043 -0.00171741 -0.00166782 -0.00172835 -0.00171161 -0.00153808 -0.00161105 -0.00168182 -0.00168002 -0.00169665 -0.00181873 -0.00170226 -0.00165554 -0.00169475 -0.00176844 -0.00171973 -0.00169212 -0.00158968 -0.0015866 -0.00161365 -0.00173337 -0.00169389 -0.00160921 -0.00167674 -0.00166923 -0.00169638 -0.00170695 -0.00169368 -0.00169017 -0.00170194 -0.00154954 -0.00158246 -0.00176274 -0.00169753 -0.00163398 -0.00169235 -0.00168996 -0.00171435 -0.00173189 -0.00157725 -0.00162627 -0.00162198 -0.00153149 
-0.00138451 -0.00132159 -0.00117711 -0.00111246 0.00209234 0.00230676 0.00232722 0.00255552 0.00256493 0.130191 0.00250475 0.00243736 0.002307 0.00225621 -0.00143027 -0.0014976 -0.00167169 -0.00180578 -0.00188538 -0.0021315 -0.00204237 -0.00207877 -0.00201957 -0.00184178 -0.00209937 -0.00203239 -0.00188178 -0.00191756 -0.00193679 -0.00182826 -0.00190404 -0.00175812 -0.00185587 -0.00186344 -0.00177009 -0.00171335 -0.00183792 -0.00182097 -0.00179884 -0.00176748 -0.00159614 -0.00173169 -0.00179887 -0.00173634 -0.00174035 -0.00162812 -0.00174681 -0.00170234 -0.00161645 -0.00169868 -0.00168468 -0.00164668 -0.00168587 -0.0016397 -0.00160571 -0.00163408 -0.00167891 -0.0016432 -0.00172352 -0.0016742 -0.00164284 -0.00153086 -0.00153211 -0.00156909 -0.00167161 -0.00164683 -0.0016825 -0.00168124 -0.00166014 -0.00162598 -0.00164141 -0.00160325 -0.00164147 -0.0015506 -0.00159432 -0.00156486 -0.00154635 -0.00167566 -0.00166841 -0.00169416 -0.0016541 -0.00158976 -0.00156597 -0.00167673 -0.00169125 -0.0016306 -0.00161977 -0.00162315 -0.00152848 -0.00160788 -0.00164404 -0.00161649 -0.00173683 -0.00160321 -0.00166533 -0.00159042 -0.00158179 -0.0016064 -0.00160246 -0.00148609 
-0.00167908 -0.00153703 -0.00149049 -0.00143216 -0.00139393 0.00205991 0.00223055 0.00247255 0.00251447 0.00250475 0.134923 0.00267268 0.0026164 0.00248726 0.00237212 0.00242293 -0.00156832 -0.00185161 -0.00182158 -0.00203206 -0.00218737 -0.00218587 -0.00216195 -0.0019585 -0.0022958 -0.00219895 -0.00207231 -0.0019963 -0.00197857 -0.0020047 -0.00201088 -0.00192205 -0.00200774 -0.00194391 -0.00180717 -0.00180291 -0.00183213 -0.00194508 -0.00187388 -0.00176788 -0.0017996 -0.00167855 -0.00185818 -0.00178041 -0.00182567 -0.00189441 -0.00172186 -0.00176365 -0.00174617 -0.00179101 -0.00187793 -0.0017545 -0.00164162 -0.0017123 -0.00175526 -0.00173785 -0.00169726 -0.00182441 -0.00177811 -0.00174592 -0.00170667 -0.00177167 -0.00162798 -0.00157886 -0.0017366 -0.00174359 -0.00172398 -0.00178683 -0.00168413 -0.00180802 -0.00173024 -0.00174921 -0.00182772 -0.00170832 -0.00162424 -0.0017191 -0.00165242 -0.00175916 -0.00183109 -0.00182125 -0.00174408 -0.00162064 -0.00171782 -0.00177326 -0.00169351 -0.00177597 -0.00175733 -0.00165523 -0.001544 -0.00175748 -0.00178911 -0.00183333 -0.00176868 -0.00176104 -0.00181833 -0.00176882 -0.00168797 -0.00174384 -0.00173 -0.00160046 
-0.00188318 -0.00166795 -0.00158806 -0.00157989 -0.00135283 -0.00139859 0.00226819 0.00231382 0.0023689 0.00243736 0.00267268 0.136726 0.00284084 0.00278272 0.0025513 0.00262413 0.00248226 -0.00166237 -0.00166547 -0.0018835 -0.00205426 -0.00201047 -0.00219997 -0.00210718 -0.00232614 -0.00225443 -0.0020892 -0.00203357 -0.00196234 -0.00210837 -0.00206186 -0.00190817 -0.00199758 -0.00200587 -0.00191384 -0.00183807 -0.00191702 -0.00197148 -0.00192092 -0.00191875 -0.00181617 -0.00169865 -0.00202649 -0.00190439 -0.00186188 -0.00182062 -0.0017828 -0.00184992 -0.00179524 -0.00175653 -0.00175959 -0.00183328 -0.00167304 -0.00181562 -0.00176221 -0.0018223 -0.00184682 -0.00183715 -0.00179328 -0.00177296 -0.00180826 -0.0017461 -0.00169733 -0.00165819 -0.00172807 -0.00172894 -0.00180833 -0.00177201 -0.00174545 -0.0017496 -0.0017534 -0.00176049 -0.00178412 -0.00173713 -0.0017544 -0.00172182 -0.00161556 -0.00181628 -0.00169821 -0.00171225 -0.00179174 -0.00175506 -0.00180285 -0.00184478 -0.00185996 -0.0018204 -0.00180866 -0.00163917 -0.00171244 -0.00181399 -0.00170113 -0.00175391 -0.00182864 -0.00180695 -0.0018552 -0.00178326 -0.00181999 -0.00180442 -0.00185172 -0.0017078 
-0.00166309 -0.00172806 -0.00168725 -0.00145125 -0.00143793 -0.00147425 -0.00130513 0.00214445 0.00234262 0.002307 0.0026164 0.00284084 0.135362 0.00280339 0.00250177 0.00256525 0.00235629 -0.00158492 -0.0015865 -0.00186453 -0.00200593 -0.00189946 -0.00221077 -0.00202487 -0.00220349 -0.00214516 -0.00195354 -0.00201728 -0.00201735 -0.00201618 -0.0019814 -0.00194485 -0.00202541 -0.00184739 -0.00183885 -0.00183013 -0.00181815 -0.00183112 -0.00173641 -0.00178623 -0.0017572 -0.00178965 -0.00187191 -0.00184657 -0.00178319 -0.00177939 -0.00173142 -0.00174139 -0.00177035 -0.00174865 -0.00172898 -0.00176535 -0.00175989 -0.00169364 -0.00175947 -0.0016308 -0.0017155 -0.00171623 -0.00172552 -0.00171478 -0.00165708 -0.00177747 -0.00159818 -0.00158901 -0.00166473 -0.00163574 -0.00167009 -0.00178108 -0.00170227 -0.00168809 -0.00169427 -0.00185211 -0.0017756 -0.00178179 -0.0016863 -0.00164611 -0.00166258 -0.0016564 -0.00179898 -0.00166009 -0.0016997 -0.00168284 -0.00176518 -0.00166599 -0.00167722 -0.00171153 -0.00175332 -0.00161344 -0.00171006 -0.00172548 -0.00171135 -0.00173125 -0.00182643 -0.00167286 -0.00167269 -0.00164882 -0.0015829 -0.00168434 -0.00179789 -0.00158228 
-0.00185975 -0.0018931 -0.00176138 -0.00165618 -0.0016848 -0.00165569 -0.00157762 -0.00149655 0.00222227 0.00225621 0.00248726 0.00278272 0.00280339 0.14063 0.00290743 0.0029202 0.00285791 0.00246257 0.00258122 -0.00168624 -0.00191603 -0.00184004 -0.00184687 -0.00217766 -0.0021809 -0.00232404 -0.00210941 -0.00223576 -0.00218885 -0.00206064 -0.00220497 -0.00211575 -0.00205056 -0.00211806 -0.00190697 -0.00196808 -0.00200243 -0.0019538 -0.00194547 -0.00192249 -0.00185578 -0.0018661 -0.0019753 -0.00192976 -0.00205946 -0.00202042 -0.00194329 -0.00183852 -0.0018967 -0.00177675 -0.00187042 -0.00185093 -0.00187967 -0.00182713 -0.00180067 -0.0018789 -0.00188216 -0.00184938 -0.00183172 -0.00180191 -0.00179954 -0.00184949 -0.00175489 -0.00166783 -0.00184465 -0.00186972 -0.00191303 -0.00193644 -0.00190856 -0.00188939 -0.00182547 -0.00185644 -0.00181984 -0.00181518 -0.00172669 -0.00175572 -0.00168236 -0.00186367 -0.00193232 -0.00184021 -0.00180294 -0.00178435 -0.0017817 -0.00184227 -0.00178201 -0.0017711 -0.00191452 -0.00166808 -0.0017714 -0.00182007 -0.00188816 -0.00183025 -0.00182682 -0.001938 -0.00184558 -0.00186176 -0.0018495 -0.00175853 -0.00182838 -0.00181898 
-0.00183605 -0.00175287 -0.00178439 -0.00182262 -0.00182845 -0.00187019 -0.00183959 -0.00164812 -0.00155764 -0.00143027 0.00237212 0.0025513 0.00250177 0.00290743 0.139696 0.0029371 0.0029542 0.00271813 0.00268259 0.00253375 -0.00170551 -0.00164232 -0.00181408 -0.0019248 -0.00204066 -0.00225443 -0.00202836 -0.00212111 -0.00201748 -0.00193565 -0.00204438 -0.00205403 -0.00188406 -0.00197268 -0.00182609 -0.00190724 -0.00188117 -0.0019519 -0.00193268 -0.00190474 -0.0018232 -0.00181541 -0.00196048 -0.00201553 -0.00195522 -0.00185207 -0.00185124 -0.00182261 -0.00180732 -0.00177871 -0.00175745 -0.00175128 -0.00172506 -0.00177816 -0.00169804 -0.0018883 -0.00180158 -0.00173284 -0.0017923 -0.00179707 -0.00180721 -0.00186944 -0.00171684 -0.00174608 -0.00183636 -0.0017619 -0.00177035 -0.0017765 -0.00179287 -0.0018469 -0.00183602 -0.00176475 -0.00174961 -0.00173947 -0.00166914 -0.00171663 -0.00163863 -0.00170614 -0.00182024 -0.00181369 -0.00182698 -0.00179813 -0.00184223 -0.00181761 -0.00177683 -0.00182728 -0.00179598 -0.00174808 -0.00175277 -0.00178287 -0.00176079 -0.00185879 -0.00179351 -0.00177528 -0.00187451 -0.00175804 -0.00179486 -0.00176239 -0.00179836 -0.0017127 
-0.00183783 -0.00169612 -0.00188593 -0.00189112 -0.00175582 -0.00179942 -0.00167591 -0.00169458 -0.00160533 -0.0014976 0.00242293 0.00262413 0.00256525 0.0029202 0.0029371 0.141116 0.00301274 0.00271523 0.00276602 0.00256534 -0.00167114 -0.00162418 -0.00175575 -0.00189296 -0.00209277 -0.0021381 -0.0021159 -0.00202158 -0.00197999 -0.00207649 -0.00208878 -0.00208024 -0.00201101 -0.00202028 -0.00193069 -0.00193854 -0.00196535 -0.00207064 -0.0019899 -0.00187262 -0.00182448 -0.00196331 -0.00193666 -0.00191923 -0.00195132 -0.00185936 -0.00184797 -0.00182463 -0.00174276 -0.00176031 -0.00179051 -0.00186119 -0.00194365 -0.00174512 -0.00180177 -0.00183494 -0.00189293 -0.00180768 -0.00176446 -0.00176797 -0.00183595 -0.00181294 -0.00174288 -0.0016962 -0.0017304 -0.0017518 -0.00178874 -0.00185349 -0.00172013 -0.00179253 -0.00180454 -0.00178061 -0.00173029 -0.00186992 -0.00173495 -0.00170238 -0.00170979 -0.00187948 -0.00186038 -0.00184071 -0.0018459 -0.00189359 -0.00185017 -0.0018271 -0.00182644 -0.00177765 -0.00180329 -0.0017455 -0.00177658 -0.00180304 -0.0018672 -0.00180517 -0.00187718 -0.0019259 -0.00180663 -0.00183142 -0.00186596 -0.00185269 -0.00183447 -0.00167391 
-0.00186541 -0.00196849 -0.00194504 -0.00195459 -0.00195089 -0.00209368 -0.00197188 -0.00185207 -0.00181265 -0.00167169 -0.00156832 0.00248226 0.00235629 0.00285791 0.0029542 0.00301274 0.146234 0.00306708 0.00313075 0.00293928 0.00257861 0.00270099 -0.001659 -0.00192788 -0.00199261 -0.00215059 -0.00209828 -0.00219363 -0.00221288 -0.0021459 -0.00233346 -0.00217335 -0.00215765 -0.00207909 -0.00204031 -0.00208651 -0.00218785 -0.00207097 -0.00203049 -0.00203944 -0.00189516 -0.00202773 -0.00208582 -0.00198529 -0.00200866 -0.00202091 -0.00205847 -0.00197004 -0.0019891 -0.00195358 -0.00196295 -0.00194888 -0.00190111 -0.00196223 -0.0019394 -0.00197726 -0.00197288 -0.00201223 -0.0018321 -0.00197104 -0.00179707 -0.00195972 -0.00179274 -0.00179714 -0.00194841 -0.0019189 -0.00188216 -0.00193045 -0.00202204 -0.00199849 -0.00189086 -0.00187399 -0.00201123 -0.0019402 -0.00189999 -0.0019005 -0.00181231 -0.00197526 -0.00185481 -0.0020229 -0.00192895 -0.00192492 -0.00191553 -0.0018088 -0.00194094 -0.00192554 -0.00198716 -0.00186039 -0.00190939 -0.00193905 -0.001944 -0.00186331 -0.00194612 -0.00193417 -0.00191364 -0.00197907 -0.0019594 -0.00183771 -0.00194295 -0.00191451 
-0.00186802 -0.00187776 -0.00191563 -0.00187555 -0.00185377 -0.00199194 -0.00204274 -0.00203534 -0.00191246 -0.00180578 -0.00185161 -0.00166237 -0.00158492 0.00246257 0.00271813 0.00271523 0.00306708 0.144342 0.00322779 0.00302572 0.00274706 0.00272528 0.00269287 -0.00157654 -0.00164856 -0.00188499 -0.00202938 -0.00217458 -0.00214707 -0.00210434 -0.00215038 -0.00211929 -0.00218302 -0.00203163 -0.00198379 -0.00196692 -0.00199294 -0.00194956 -0.00206682 -0.00201077 -0.00186877 -0.00190185 -0.00200103 -0.00201042 -0.00191189 -0.00200867 -0.00191814 -0.00183275 -0.00187531 -0.00187284 -0.00179219 -0.00184336 -0.00197041 -0.00188304 -0.00181731 -0.00191163 -0.00188702 -0.00187159 -0.00182504 -0.00185976 -0.00184434 -0.00189105 -0.00182659 -0.00174118 -0.00183564 -0.00185619 -0.00181954 -0.0018734 -0.00184015 -0.00172129 -0.00182706 -0.0018404 -0.00178928 -0.00179359 -0.00177022 -0.00181519 -0.0017726 -0.001877 -0.00185752 -0.0019079 -0.00189481 -0.00182291 -0.00192051 -0.00193156 -0.00190254 -0.00183739 -0.00190506 -0.00174881 -0.00178089 -0.00183404 -0.00185616 -0.00182747 -0.00184897 -0.00179027 -0.00190049 -0.00181932 -0.00188758 -0.001884 -0.00179833 -0.00187106 
-0.00188892 -0.00193775 -0.00194821 -0.00203301 -0.00193169 -0.00209996 -0.00207843 -0.00199179 -0.00195135 -0.00188538 -0.00182158 -0.00166547 -0.0015865 0.00258122 0.00268259 0.00276602 0.00313075 0.00322779 0.145582 0.00311962 0.00286177 0.00282774 0.00278854 -0.00158914 -0.00180698 -0.0018504 -0.00201683 -0.0020653 -0.00215453 -0.00219115 -0.00209239 -0.0022048 -0.00203125 -0.00206487 -0.00191455 -0.00204818 -0.00207191 -0.0020125 -0.00199633 -0.00205184 -0.00198157 -0.00179189 -0.00193626 -0.00196918 -0.00195087 -0.00195346 -0.0018323 -0.00192202 -0.00186643 -0.00191247 -0.0019953 -0.00189918 -0.00185946 -0.0018883 -0.00182121 -0.00183178 -0.00195793 -0.00182658 -0.00197943 -0.00183971 -0.00191957 -0.00186754 -0.00174738 -0.0017253 -0.00187927 -0.00189638 -0.00189513 -0.00201652 -0.00189724 -0.00199074 -0.00181816 -0.00191418 -0.00186628 -0.00182935 -0.0018696 -0.00182733 -0.00174345 -0.00182305 -0.00187622 -0.00183618 -0.00184957 -0.00191348 -0.00185167 -0.00189505 -0.00183826 -0.00192457 -0.0018548 -0.00182467 -0.0018305 -0.00186135 -0.00185577 -0.00181803 -0.001907 -0.00188318 -0.00192855 -0.00185064 -0.00185453 -0.00186289 -0.00195173 -0.00177482 
-0.00197848 -0.00200639 -0.00210515 -0.00203274 -0.00202814 -0.00217919 -0.00213236 -0.00222016 -0.00223056 -0.0021315 -0.00203206 -0.0018835 -0.00186453 -0.00168624 0.00253375 0.00256534 0.00293928 0.00302572 0.00311962 0.14933 0.00325202 0.00324331 0.00304902 0.00269433 0.0026401 -0.00173338 -0.0019117 -0.00193131 -0.00204472 -0.00206596 -0.00214819 -0.00219329 -0.00219643 -0.00218804 -0.00207235 -0.00208418 -0.00215582 -0.0021269 -0.00214339 -0.00223392 -0.00216504 -0.00204528 -0.00211187 -0.00206869 -0.00214234 -0.00211109 -0.00198331 -0.00203678 -0.00203804 -0.00208068 -0.00196703 -0.00206057 -0.00197385 -0.00195197 -0.00200424 -0.00200606 -0.00197666 -0.00200517 -0.00206492 -0.00199687 -0.00202203 -0.00213105 -0.00181828 -0.0018003 -0.00201508 -0.00198531 -0.00186733 -0.00197868 -0.00195313 -0.0018339 -0.00197251 -0.00202211 -0.00197252 -0.00195555 -0.00187942 -0.00183713 -0.00184353 -0.00195065 -0.00188064 -0.00184417 -0.00196028 -0.00199362 -0.0019019 -0.00189369 -0.00189833 -0.00194949 -0.00188572 -0.00190787 -0.00187335 -0.0019767 -0.00198984 -0.00203031 -0.00195209 -0.00210005 -0.00201377 -0.0019981 -0.00206265 -0.00207081 -0.00193536 -0.00190437 
-0.00189162 -0.00190826 -0.00200042 -0.00196815 -0.00185574 -0.00193758 -0.00209242 -0.00208792 -0.00208327 -0.00204237 -0.00218737 -0.00205426 -0.00200593 -0.00191603 -0.00170551 -0.00167114 0.00257861 0.00274706 0.00286177 0.00325202 0.146565 0.00340014 0.00315405 0.00286175 0.00290136 0.00259457 -0.00160947 -0.00174961 -0.00189268 -0.00191705 -0.00212978 -0.0022201 -0.00217988 -0.00217829 -0.001924 -0.00207074 -0.00209063 -0.00206339 -0.00213026 -0.00197584 -0.00200853 -0.00194238 -0.00199794 -0.00203648 -0.00205669 -0.00203759 -0.00202853 -0.00195604 -0.00194235 -0.00192669 -0.00188743 -0.00186467 -0.00195171 -0.00190795 -0.00187471 -0.00190804 -0.00191615 -0.00188363 -0.00191438 -0.00185033 -0.00177961 -0.00184222 -0.00181846 -0.00181946 -0.00193486 -0.00192853 -0.00187834 -0.00182407 -0.0018897 -0.0018916 -0.0018435 -0.00189281 -0.00186155 -0.00181371 -0.00188011 -0.00184773 -0.00180928 -0.00188817 -0.00187456 -0.00190984 -0.00186966 -0.0019429 -0.00184637 -0.00195343 -0.00186584 -0.00178569 -0.00190109 -0.0018699 -0.00173164 -0.00183171 -0.00178267 -0.00183545 -0.00181852 -0.00188844 -0.00191152 -0.00188533 -0.00193368 -0.00179479 -0.00197574 -0.00183217 
-0.00191335 -0.00194427 -0.00196795 -0.00192556 -0.00206568 -0.0021193 -0.0020804 -0.00211014 -0.0021268 -0.00207877 -0.00218587 -0.00201047 -0.00189946 -0.00184004 -0.00164232 -0.00162418 0.00270099 0.00272528 0.00282774 0.00324331 0.00340014 0.146469 0.00320913 0.00275683 0.00277737 0.00263177 -0.00167848 -0.00178772 -0.00184807 -0.00182266 -0.00195985 -0.0022157 -0.00206614 -0.00203107 -0.00192933 -0.00200219 -0.00209442 -0.00200015 -0.00202077 -0.00201084 -0.00198429 -0.00186552 -0.00195931 -0.00205722 -0.00193242 -0.00205253 -0.00190081 -0.00190587 -0.00190965 -0.00190981 -0.00195121 -0.00197847 -0.00196474 -0.00194876 -0.00192645 -0.0018191 -0.00184205 -0.00195838 -0.00191001 -0.00188385 -0.00187077 -0.00198739 -0.00184605 -0.00174342 -0.0018461 -0.00183781 -0.0018489 -0.00191862 -0.00185285 -0.00186458 -0.00189723 -0.00195211 -0.00186416 -0.00191383 -0.00183969 -0.00185436 -0.00179568 -0.00192717 -0.00188373 -0.00188834 -0.00190592 -0.0018811 -0.00184393 -0.00182454 -0.00188941 -0.00193709 -0.00185665 -0.00180678 -0.00184174 -0.00188981 -0.00188915 -0.00182057 -0.00190939 -0.00191551 -0.00193153 -0.00196072 -0.00192732 -0.00188069 -0.00191933 -0.00181507 
-0.00194666 -0.00193004 -0.00185592 -0.00189898 -0.00197423 -0.00199908 -0.0020614 -0.0021038 -0.00212615 -0.00201957 -0.00216195 -0.00219997 -0.00221077 -0.00184687 -0.00181408 -0.00175575 -0.001659 0.00269287 0.00278854 0.00304902 0.00315405 0.00320913 0.145462 0.00291679 0.00288756 0.00269137 0.00234557 -0.00173825 -0.0016778 -0.00176874 -0.00188527 -0.0020377 -0.00213247 -0.00210706 -0.00189662 -0.00204015 -0.00203062 -0.0020422 -0.00197917 -0.00202388 -0.00198705 -0.00193225 -0.00205813 -0.00195716 -0.00189708 -0.00203202 -0.00182547 -0.00192854 -0.00193197 -0.00180638 -0.00188799 -0.00183436 -0.00183925 -0.00179519 -0.00181017 -0.00189197 -0.00188237 -0.00181243 -0.00188401 -0.0018682 -0.00181922 -0.00192697 -0.00190529 -0.00174463 -0.00189812 -0.00184964 -0.00178322 -0.00178155 -0.00190259 -0.00191593 -0.00195442 -0.00191692 -0.00183609 -0.00179436 -0.00179671 -0.00173183 -0.00172306 -0.00176041 -0.00181556 -0.00189548 -0.00188777 -0.00187651 -0.00192798 -0.00186924 -0.00197772 -0.00193609 -0.00185516 -0.00183252 -0.00182124 -0.00188107 -0.00192315 -0.00188482 -0.00183595 -0.00182695 -0.0018475 -0.00187869 -0.00188811 -0.00191501 -0.00189196 -0.00190085 
-0.00168265 -0.00182711 -0.00182327 -0.00181339 -0.00183825 -0.00198805 -0.00195651 -0.00197092 -0.00205947 -0.00184178 -0.0019585 -0.00210718 -0.00202487 -0.00217766 -0.0019248 -0.00189296 -0.00192788 -0.00157654 -0.00158914 0.00269433 0.00286175 0.00275683 0.00291679 0.141252 0.00308751 0.00274108 0.00258696 0.00233783 -0.00142785 -0.00146754 -0.00167074 -0.00178686 -0.00184916 -0.00184917 -0.00180962 -0.00174759 -0.00185613 -0.00188969 -0.00183702 -0.00180692 -0.00181322 -0.00189492 -0.00188727 -0.00189957 -0.00189769 -0.00190176 -0.00183352 -0.00181503 -0.00174709 -0.001798 -0.00177847 -0.00175926 -0.00179043 -0.00172354 -0.00173513 -0.0018602 -0.00170714 -0.00172881 -0.00172793 -0.00178584 -0.0017154 -0.00174067 -0.0016168 -0.00171807 -0.00175706 -0.00184836 -0.00177213 -0.00182965 -0.00174084 -0.0017891 -0.00177177 -0.00168271 -0.00173784 -0.00177174 -0.00166579 -0.00176103 -0.00163223 -0.00178608 -0.00176129 -0.00184743 -0.0017918 -0.00180942 -0.00180255 -0.00182567 -0.00171491 -0.00178405 -0.00172334 -0.00168107 -0.00170942 -0.00175788 -0.00172979 -0.00175522 -0.00175482 -0.00170558 -0.00179045 -0.00182811 -0.00168734 -0.00181646 -0.00173774 -0.00181951 
-0.0018237 -0.00207423 -0.00193288 -0.00200913 -0.00196666 -0.00207949 -0.00215758 -0.00205942 -0.00219747 -0.00209937 -0.0022958 -0.00232614 -0.00220349 -0.0021809 -0.00204066 -0.00209277 -0.00199261 -0.00164856 -0.00180698 0.0026401 0.00290136 0.00277737 0.00288756 0.00308751 0.146308 0.00309636 0.00276159 0.0027039 0.00250462 0.00242178 -0.00160375 -0.00173058 -0.00177221 -0.00194505 -0.00198485 -0.00199822 -0.00193436 -0.00205161 -0.002046 -0.00204807 -0.0020622 -0.00199061 -0.00205065 -0.00203508 -0.0020027 -0.00201308 -0.00199476 -0.00202319 -0.00190683 -0.00198071 -0.00190565 -0.00198327 -0.00198819 -0.00198702 -0.00192467 -0.0019387 -0.00182696 -0.00193343 -0.00196375 -0.00195046 -0.00188196 -0.00197594 -0.001875 -0.00191321 -0.00199444 -0.0019386 -0.00199219 -0.00195126 -0.00198756 -0.00183846 -0.00185457 -0.00192443 -0.00187793 -0.00187804 -0.00195107 -0.00176956 -0.00176723 -0.00189185 -0.00190037 -0.00191057 -0.00195293 -0.00192698 -0.0019266 -0.00190898 -0.00188252 -0.00192868 -0.00191538 -0.00183679 -0.00190509 -0.00204531 -0.00196372 -0.00191984 -0.00186584 -0.00198899 -0.00193449 -0.00188301 -0.00184391 -0.0020073 -0.00191207 -0.00190255 
-0.00198361 -0.0020334 -0.00196907 -0.00188643 -0.00187356 -0.00209044 -0.00206348 -0.00211679 -0.0020787 -0.00203239 -0.00219895 -0.00225443 -0.00214516 -0.00232404 -0.00225443 -0.0021381 -0.00215059 -0.00188499 -0.0018504 -0.00173338 0.00259457 0.00263177 0.00269137 0.00274108 0.00309636 0.144029 0.00280711 0.0027128 0.00258086 0.00252427 0.00234641 -0.00153733 -0.00163378 -0.00169491 -0.00179727 -0.00191801 -0.00199122 -0.0020096 -0.00201892 -0.00206588 -0.00195871 -0.00193727 -0.00195811 -0.00203011 -0.001988 -0.00199616 -0.00184466 -0.00196825 -0.00192331 -0.00191032 -0.00186481 -0.00184987 -0.00194554 -0.00183505 -0.00182501 -0.00191051 -0.0019062 -0.00190971 -0.00193348 -0.00192479 -0.00187137 -0.00176704 -0.00188343 -0.00169566 -0.00192986 -0.00191326 -0.00193871 -0.00186009 -0.00192262 -0.0019333 -0.00186901 -0.0018886 -0.00187814 -0.00193021 -0.00178193 -0.00185789 -0.00182461 -0.00186503 -0.00185294 -0.00188499 -0.00192615 -0.00187391 -0.00183268 -0.00188084 -0.00184118 -0.00179514 -0.00188915 -0.00178326 -0.00183993 -0.00185201 -0.00197805 -0.00183088 -0.00179722 -0.00198366 -0.00176978 -0.00188679 -0.00184238 -0.00192128 -0.0018882 -0.00184504 
-0.00174151 -0.00189366 -0.00179955 -0.00181305 -0.0017617 -0.00187396 -0.00193368 -0.00197216 -0.00198037 -0.00188178 -0.00207231 -0.0020892 -0.00195354 -0.00210941 -0.00202836 -0.0021159 -0.00209828 -0.00202938 -0.00201683 -0.0019117 -0.00160947 -0.00167848 0.00234557 0.00258696 0.00276159 0.00280711 0.13902 0.00289461 0.00271012 0.00264094 0.00254555 0.00232537 -0.00151072 -0.00154483 -0.00156077 -0.00161009 -0.00183954 -0.00186215 -0.00194313 -0.00186041 -0.00181289 -0.00187296 -0.00194792 -0.00188728 -0.00198989 -0.00194607 -0.00173266 -0.00174471 -0.00192755 -0.00170661 -0.00186208 -0.00190816 -0.0017175 -0.00174578 -0.00182864 -0.00183233 -0.00176531 -0.00176331 -0.00181349 -0.00176909 -0.00183914 -0.00176321 -0.00169769 -0.0016949 -0.00174442 -0.00182555 -0.00181034 -0.00180892 -0.00177759 -0.00170638 -0.00186685 -0.00177077 -0.00180993 -0.00173016 -0.00160389 -0.00170051 -0.00168437 -0.00177548 -0.00178752 -0.00177783 -0.00169269 -0.00164156 -0.00173551 -0.00169329 -0.00177989 -0.00172581 -0.00178187 -0.00177815 -0.0015819 -0.00171533 -0.0017566 -0.00176887 -0.00170161 -0.00177782 -0.0017901 -0.00167411 -0.00183278 -0.00181743 -0.00177387 -0.00177301 
-0.00169963 -0.00174405 -0.00181246 -0.00184358 -0.00184092 -0.00193872 -0.00197401 -0.00194333 -0.00199863 -0.00191756 -0.0019963 -0.00203357 -0.00201728 -0.00223576 -0.00212111 -0.00202158 -0.00219363 -0.00217458 -0.0020653 -0.00193131 -0.00174961 -0.00178772 -0.00173825 0.00233783 0.0027039 0.0027128 0.00289461 0.137366 0.00279631 0.0026899 0.00253985 0.00246864 0.00221998 -0.00130373 -0.00148401 -0.00139055 -0.00164927 -0.00174869 -0.00187808 -0.00185037 -0.00174168 -0.00190579 -0.00181514 -0.00188651 -0.0019327 -0.00185733 -0.00178835 -0.00171485 -0.00174547 -0.00187241 -0.00174896 -0.00177804 -0.00171915 -0.00175708 -0.00173585 -0.00177576 -0.00170831 -0.00169711 -0.00180504 -0.00168406 -0.00167819 -0.00184966 -0.0016947 -0.00161327 -0.00170341 -0.00172611 -0.00170007 -0.00168146 -0.00182103 -0.00174341 -0.0017135 -0.00172013 -0.00175181 -0.00176089 -0.0016742 -0.00171287 -0.00167712 -0.00172047 -0.00173917 -0.00171074 -0.00183406 -0.00173032 -0.00179891 -0.00172951 -0.00181573 -0.00178438 -0.00166816 -0.00172104 -0.00162113 -0.00175617 -0.00173527 -0.00166455 -0.00170792 -0.00176776 -0.00173881 -0.00173738 -0.00167344 -0.00172793 -0.00173119 -0.001641 
-0.00171297 -0.00173629 -0.00175133 -0.00169679 -0.00177147 -0.00187133 -0.00186166 -0.0018942 -0.00191071 -0.00193679 -0.00197857 -0.00196234 -0.00201735 -0.00218885 -0.00201748 -0.00197999 -0.00221288 -0.00214707 -0.00215453 -0.00204472 -0.00189268 -0.00184807 -0.0016778 -0.00142785 0.00250462 0.00258086 0.00271012 0.00279631 0.135308 0.00281657 0.00254004 0.00249435 0.00227313 0.00218795 -0.0013338 -0.0012611 -0.00160793 -0.00164908 -0.0017691 -0.00180004 -0.00171043 -0.00174609 -0.00184243 -0.00181541 -0.00172644 -0.00186142 -0.00176605 -0.00173017 -0.00170441 -0.0018211 -0.00173614 -0.0017584 -0.00171261 -0.00175574 -0.00161818 -0.00171674 -0.00167065 -0.00180969 -0.00174296 -0.00181827 -0.00165082 -0.00179574 -0.00161573 -0.00165621 -0.0016699 -0.00164031 -0.00171324 -0.001685 -0.00166679 -0.00168766 -0.00172993 -0.0016532 -0.0017789 -0.00169393 -0.00167223 -0.0016514 -0.00168973 -0.00167832 -0.00179894 -0.00177837 -0.00172281 -0.00168738 -0.00174 -0.00172585 -0.00179456 -0.00168759 -0.00174361 -0.00157812 -0.00163494 -0.00169181 -0.00168696 -0.00174964 -0.00170562 -0.00169897 -0.00171513 -0.00184142 -0.00168057 -0.00168521 -0.00175513 -0.00160186 
-0.00180326 -0.00172389 -0.00170269 -0.0017657 -0.00171172 -0.00189217 -0.00182024 -0.00187216 -0.00189918 -0.00182826 -0.0020047 -0.00210837 -0.00201618 -0.00206064 -0.00193565 -0.00207649 -0.0021459 -0.00210434 -0.00219115 -0.00206596 -0.00191705 -0.00182266 -0.00176874 -0.00146754 0.00242178 0.00252427 0.00264094 0.0026899 0.00281657 0.133781 0.00257533 0.00245093 0.00235706 0.00213416 -0.00137176 -0.00129114 -0.00148097 -0.00149381 -0.00169791 -0.00178382 -0.00172895 -0.0016896 -0.00176399 -0.00179027 -0.00184959 -0.00177118 -0.00175499 -0.00175794 -0.00180474 -0.00169948 -0.00172725 -0.00164392 -0.00166557 -0.00166755 -0.00162719 -0.00165968 -0.00175141 -0.00169473 -0.0016578 -0.00169142 -0.0017215 -0.00157014 -0.00163403 -0.00164647 -0.00166403 -0.00161838 -0.00163717 -0.00161161 -0.00167673 -0.00170932 -0.00179361 -0.00172906 -0.00168982 -0.00170485 -0.00165521 -0.00167816 -0.00169978 -0.00174322 -0.00160813 -0.0018213 -0.00169434 -0.00175739 -0.00171917 -0.00168417 -0.00166319 -0.00164849 -0.00161573 -0.0015944 -0.00164152 -0.00173896 -0.00168181 -0.00169825 -0.00170016 -0.00164282 -0.00162387 -0.00170754 -0.00183828 -0.00173254 -0.00163592 -0.00153922 
-0.00177255 -0.0018284 -0.00175641 -0.00181549 -0.00180272 -0.00194196 -0.00190508 -0.0018716 -0.00200974 -0.00190404 -0.00201088 -0.00206186 -0.0019814 -0.00220497 -0.00204438 -0.00208878 -0.00233346 -0.00215038 -0.00209239 -0.00214819 -0.00212978 -0.00195985 -0.00188527 -0.00167074 -0.00160375 0.00234641 0.00254555 0.00253985 0.00254004 0.00257533 0.134511 0.00266021 0.00259522 0.00234494 0.00226072 0.00221549 -0.00127596 -0.00139232 -0.00154273 -0.0016336 -0.00170071 -0.00177107 -0.00183415 -0.00180412 -0.00184883 -0.00182465 -0.00179842 -0.00180179 -0.00174273 -0.00171814 -0.00175322 -0.00166503 -0.00169853 -0.00177144 -0.00168482 -0.00179251 -0.00176956 -0.00174274 -0.00171182 -0.00184129 -0.00176276 -0.00160826 -0.00165708 -0.00168719 -0.00176142 -0.00174291 -0.00174202 -0.00167904 -0.00181496 -0.00171785 -0.00171094 -0.00174421 -0.00170171 -0.00174265 -0.00158407 -0.00174118 -0.00173968 -0.00176087 -0.00177466 -0.00179026 -0.0017564 -0.00185956 -0.00171589 -0.00176134 -0.00170393 -0.00166087 -0.00165303 -0.00164873 -0.00163692 -0.00177701 -0.00178413 -0.0017192 -0.001711 -0.00178881 -0.00172484 -0.00182045 -0.00167016 -0.00174429 -0.00173836 -0.00170183 
-0.00172525 -0.00169265 -0.00178722 -0.00172561 -0.00177685 -0.00181707 -0.00189155 -0.0018532 -0.00188792 -0.00175812 -0.00192205 -0.00190817 -0.00194485 -0.00211575 -0.00205403 -0.00208024 -0.00217335 -0.00211929 -0.0022048 -0.00219329 -0.0022201 -0.0022157 -0.0020377 -0.00178686 -0.00173058 -0.00153733 0.00232537 0.00246864 0.00249435 0.00245093 0.00266021 0.132959 0.00254366 0.00263017 0.0022078 0.00220809 0.00206651 -0.00129214 -0.00144555 -0.00152091 -0.0016259 -0.00163348 -0.0018508 -0.00172771 -0.00187458 -0.00177161 -0.00170773 -0.00171195 -0.00169798 -0.00173564 -0.00168623 -0.00171771 -0.00180687 -0.00178118 -0.0017221 -0.0016547 -0.00173875 -0.00177448 -0.00170033 -0.00169526 -0.0016622 -0.00170111 -0.00171459 -0.00166361 -0.00169588 -0.00165874 -0.00167628 -0.00171765 -0.00171717 -0.0017153 -0.00170879 -0.00173127 -0.00176428 -0.00159435 -0.00163351 -0.00171564 -0.0016524 -0.00171447 -0.00169891 -0.00178902 -0.00171715 -0.00177484 -0.00181033 -0.00174506 -0.0016596 -0.00168034 -0.0017033 -0.00170599 -0.00161082 -0.00170548 -0.00173351 -0.00167916 -0.001706 -0.00165171 -0.00171428 -0.00169356 -0.00163212 -0.00169299 -0.00173823 -0.00170208 
-0.00174947 -0.00159902 -0.0017199 -0.00171843 -0.00178839 -0.00181947 -0.00189369 -0.00189148 -0.00194048 -0.00185587 -0.00200774 -0.00199758 -0.00202541 -0.00205056 -0.00188406 -0.00201101 -0.00215765 -0.00218302 -0.00203125 -0.00219643 -0.00217988 -0.00206614 -0.00213247 -0.00184916 -0.00177221 -0.00163378 -0.00151072 0.00221998 0.00227313 0.00235706 0.00259522 0.00254366 0.131655 0.0025805 0.00233141 0.00237368 0.00217366 0.00201532 -0.00131316 -0.00149037 -0.00142401 -0.00145117 -0.00161032 -0.00178253 -0.00174767 -0.0017097 -0.00164114 -0.00177549 -0.00175996 -0.00173401 -0.00160981 -0.00164339 -0.00167464 -0.00165745 -0.00165387 -0.00177211 -0.0017763 -0.00165473 -0.00172487 -0.00165862 -0.00169201 -0.00164454 -0.00163388 -0.00161371 -0.00173802 -0.00172217 -0.00171132 -0.00162515 -0.00167972 -0.00173767 -0.00174932 -0.00167692 -0.00170539 -0.00166102 -0.00168605 -0.00167308 -0.00157259 -0.0016386 -0.00167656 -0.00173898 -0.00166772 -0.00166509 -0.00174576 -0.00165749 -0.0017013 -0.00161923 -0.00168068 -0.00159009 -0.00159315 -0.00168462 -0.00167819 -0.00167929 -0.00173642 -0.00167251 -0.00173438 -0.00174838 -0.0016979 -0.00173925 -0.00169076 -0.00162895 
