0.122943 0.00217818 0.0022521 0.0020917 0.00202583 0.00199295 -0.00117183 -0.00126308 -0.00148102 -0.00145893 -0.00164031 -0.00183999 -0.00174239 -0.00181473 -0.00182516 -0.00186314 -0.0019164 -0.00190607 -0.00188577 -0.00206112 -0.0018542 -0.0019464 -0.00194705 -0.00168339 -0.00190298 -0.00185005 -0.00173645 -0.00168507 -0.00162384 -0.00162147 -0.00173057 -0.00169726 -0.00166843 -0.00173602 -0.0015874 -0.00161816 -0.00163729 -0.00170029 -0.00153282 -0.00160609 -0.00143004 -0.00149948 -0.00161588 -0.00162382 -0.00156629 -0.00163473 -0.00150568 -0.00159407 -0.00153883 -0.00147823 -0.00139829 -0.00151617 -0.00154709 -0.00146095 -0.00154317 -0.00153794 -0.00156899 -0.00148937 -0.0014865 -0.00150105 -0.00147551 -0.00152062 -0.00144847 -0.00145792 -0.00148342 -0.00154234 -0.00151493 -0.00149154 -0.00151129 -0.00151785 -0.00146235 -0.00151094 -0.00158404 -0.0014776 -0.00150894 -0.00141635 -0.00145801 -0.00155837 -0.00153911 -0.00143308 -0.00151615 -0.00157416 -0.00145138 -0.00154533 -0.00144375 -0.00147173 -0.00154657 -0.00145603 -0.0014624 -0.00154451 -0.00148231 -0.00139332 -0.00133784 -0.00119604 -0.00118328 -0.00118386 0.00185663 0.0019802 0.00203683 0.00211524 
0.00217818 0.123328 0.00223175 0.00215514 0.00205552 0.00209525 0.00204769 -0.00115467 -0.00124322 -0.00140495 -0.00147534 -0.001669 -0.00171149 -0.00186802 -0.00178251 -0.00177409 -0.00203132 -0.00191175 -0.00196249 -0.00192408 -0.00188379 -0.00182972 -0.00186896 -0.00177384 -0.00198446 -0.00181089 -0.00182763 -0.00171936 -0.00176512 -0.00172528 -0.0017731 -0.00175023 -0.00168794 -0.00167655 -0.00152779 -0.00161102 -0.00161571 -0.00170987 -0.00158518 -0.00153578 -0.00146233 -0.00149685 -0.0016452 -0.0016597 -0.00161974 -0.00171384 -0.00160977 -0.00153445 -0.00152998 -0.00156981 -0.00155469 -0.00150602 -0.00150341 -0.00154547 -0.00147961 -0.00149827 -0.00152233 -0.00147572 -0.00149584 -0.0015001 -0.00149147 -0.00149722 -0.00143159 -0.0014819 -0.00153411 -0.00151933 -0.00157228 -0.00147394 -0.00152657 -0.00151891 -0.00150682 -0.00150971 -0.00162861 -0.00148232 -0.00143481 -0.00142597 -0.00142698 -0.00150567 -0.00149321 -0.00152816 -0.00153543 -0.00155353 -0.00145881 -0.00147219 -0.00155976 -0.00156552 -0.00155092 -0.00151431 -0.00144075 -0.00152792 -0.00147865 -0.00142142 -0.00142007 -0.00124384 -0.00133089 -0.00128251 -0.00110122 0.00184961 0.00205116 0.00195368 
0.0022521 0.00223175 0.123662 0.00231859 0.00224554 0.00229405 0.00209507 0.00209996 -0.00120966 -0.00126843 -0.00139072 -0.00160446 -0.00162327 -0.0018826 -0.00175773 -0.00195422 -0.00188102 -0.00187879 -0.00192252 -0.00199633 -0.00194041 -0.0019315 -0.00193071 -0.00179271 -0.00192115 -0.00196856 -0.00179215 -0.00167139 -0.00177133 -0.00175168 -0.00184599 -0.00177578 -0.00167227 -0.00168137 -0.00161855 -0.0015144 -0.00163202 -0.00158438 -0.0016447 -0.00162702 -0.00160006 -0.00158881 -0.0016294 -0.0016482 -0.00165814 -0.00159683 -0.00152975 -0.00147281 -0.00154521 -0.00153644 -0.00159728 -0.00154828 -0.00154192 -0.00142672 -0.00157407 -0.00154002 -0.00150972 -0.0015188 -0.00150902 -0.00153521 -0.00156502 -0.00154465 -0.00145267 -0.0014494 -0.00146004 -0.00155971 -0.00148037 -0.00157499 -0.00149439 -0.00156548 -0.00159053 -0.00157957 -0.00157744 -0.0015095 -0.00143063 -0.00152778 -0.00147785 -0.00150811 -0.00146718 -0.00152617 -0.00140994 -0.0015814 -0.00153436 -0.00151294 -0.00153859 -0.00157909 -0.00159198 -0.00145902 -0.00147898 -0.00154335 -0.00149874 -0.0014843 -0.00153174 -0.0013597 -0.00143677 -0.0013389 -0.00121082 -0.00110565 0.001898 0.00198475 
0.0020917 0.00215514 0.00231859 0.124258 0.00232085 0.00223206 0.00218181 0.00217715 0.00207546 -0.00128345 -0.00134806 -0.00151485 -0.00152094 -0.00178341 -0.00182888 -0.00182596 -0.00203606 -0.0019197 -0.00188227 -0.00202513 -0.00192644 -0.00194838 -0.00202513 -0.00179665 -0.00188404 -0.00193033 -0.00178168 -0.00182886 -0.00177079 -0.00172436 -0.00183626 -0.00178661 -0.00176289 -0.00171017 -0.00156508 -0.00166922 -0.00169532 -0.00170116 -0.0016736 -0.00175811 -0.00155291 -0.00154925 -0.00157304 -0.00170588 -0.0016825 -0.0016377 -0.00153814 -0.00150069 -0.0015191 -0.00148108 -0.0015137 -0.00154405 -0.00150809 -0.00150518 -0.00157807 -0.00143937 -0.00148253 -0.00150062 -0.00157969 -0.00157991 -0.00151991 -0.00157315 -0.00137681 -0.00147197 -0.00142077 -0.00146916 -0.00148739 -0.00154077 -0.00157095 -0.00155358 -0.00152148 -0.00154633 -0.00154479 -0.0015603 -0.00150653 -0.0013884 -0.00145003 -0.0015618 -0.00152497 -0.00151034 -0.00158158 -0.00151262 -0.00152947 -0.00142077 -0.00155434 -0.00162675 -0.00155004 -0.00145501 -0.00143435 -0.00150334 -0.001525 -0.001498 -0.00138809 -0.00152531 -0.00150791 -0.00138842 -0.00138356 -0.00131398 -0.00118471 0.00188672 
0.00202583 0.00205552 0.00224554 0.00232085 0.125101 0.00242059 0.00244491 0.00229938 0.00218763 0.00196999 -0.00131538 -0.00139744 -0.00141303 -0.00178776 -0.00192988 -0.00189799 -0.00194536 -0.00191051 -0.00192432 -0.00198567 -0.00184088 -0.00194572 -0.00188035 -0.00187699 -0.00202157 -0.00193803 -0.00187332 -0.00175241 -0.00175751 -0.00171876 -0.00172316 -0.00175714 -0.00171463 -0.00177997 -0.00160047 -0.00161653 -0.0017086 -0.00173151 -0.00165136 -0.00168498 -0.00161663 -0.00155147 -0.00162225 -0.00166906 -0.00159476 -0.00166087 -0.00154462 -0.00150301 -0.00155043 -0.00160727 -0.00167067 -0.00155756 -0.00161157 -0.00155636 -0.00155314 -0.00156373 -0.00153998 -0.00157086 -0.00152946 -0.00151768 -0.00161184 -0.00145605 -0.00148252 -0.00149065 -0.00148735 -0.00153759 -0.00164405 -0.00146322 -0.00163025 -0.00153307 -0.00155541 -0.00156091 -0.0015299 -0.0015629 -0.00148993 -0.00146761 -0.00139163 -0.0015016 -0.00155696 -0.00157603 -0.00153329 -0.00158403 -0.00155327 -0.00150259 -0.00153216 -0.00162641 -0.00160715 -0.00147 -0.00153992 -0.00156192 -0.00155925 -0.00155672 -0.00146963 -0.00148063 -0.00153575 -0.00152564 -0.00141228 -0.00140889 -0.00128746 -0.00112231 
0.00199295 0.00209525 0.00229405 0.00223206 0.00242059 0.128256 0.00249821 0.00245045 0.00235484 0.00215755 0.00215895 -0.00137327 -0.00146621 -0.00159612 -0.00174981 -0.0017801 -0.00207207 -0.00203371 -0.00206367 -0.00217709 -0.00207027 -0.00204174 -0.00205423 -0.00193804 -0.00211913 -0.00201984 -0.00193921 -0.00187007 -0.0018758 -0.00187665 -0.00191471 -0.00180726 -0.00180146 -0.00188031 -0.00168521 -0.00164611 -0.0018648 -0.00176257 -0.00170743 -0.00170431 -0.00156344 -0.001695 -0.00168281 -0.00169648 -0.00169373 -0.00167964 -0.00168337 -0.00161006 -0.00163044 -0.00152043 -0.00163926 -0.0016257 -0.00161378 -0.00165135 -0.00170166 -0.00167105 -0.0016178 -0.00156031 -0.00164018 -0.00165136 -0.00166589 -0.00164823 -0.00156631 -0.00155406 -0.00165236 -0.00166394 -0.00159664 -0.00153589 -0.00167444 -0.00157349 -0.00171596 -0.00172338 -0.00168437 -0.00166964 -0.00159754 -0.00163415 -0.00159472 -0.00164693 -0.00159338 -0.00159841 -0.00166111 -0.00158621 -0.00164742 -0.00153896 -0.00159033 -0.00165676 -0.00169695 -0.00168742 -0.00156899 -0.00167212 -0.00166568 -0.0016389 -0.00166888 -0.00156673 -0.00161512 -0.00164904 -0.00155144 -0.00144178 -0.00132669 -0.00117137 
-0.00117183 0.00204769 0.00209507 0.00218181 0.00244491 0.00249821 0.128941 0.00246587 0.00249085 0.00231111 0.00222058 0.00218848 -0.00134602 -0.00163838 -0.00185109 -0.00175826 -0.00213124 -0.0020581 -0.00198796 -0.00212154 -0.00206432 -0.00198844 -0.00211187 -0.00204122 -0.00205073 -0.00211421 -0.00196081 -0.00189158 -0.00180949 -0.00177515 -0.00191023 -0.00183294 -0.00190769 -0.00178016 -0.00172458 -0.00175386 -0.00184134 -0.00182703 -0.00171048 -0.0018123 -0.00165591 -0.00169026 -0.00172978 -0.00180953 -0.00170781 -0.00185241 -0.00163791 -0.0016491 -0.00168593 -0.00166852 -0.00174513 -0.00166436 -0.00166832 -0.00167257 -0.00165298 -0.00158797 -0.00168432 -0.00160746 -0.00172432 -0.0016754 -0.00159876 -0.00165431 -0.00155602 -0.00154714 -0.00162716 -0.00161046 -0.00169485 -0.00165691 -0.00159818 -0.00164864 -0.00158061 -0.00157486 -0.00157505 -0.00162119 -0.0015986 -0.00161394 -0.00148117 -0.00165558 -0.00164116 -0.00166102 -0.00160668 -0.00163511 -0.00162679 -0.00156822 -0.00166954 -0.00162206 -0.00161553 -0.0015891 -0.00158412 -0.00163522 -0.00169536 -0.001656 -0.00169023 -0.00160097 -0.00161984 -0.00165958 -0.00161895 -0.00147172 -0.0015069 -0.00127488 
-0.00126308 -0.00115467 0.00209996 0.00217715 0.00229938 0.00245045 0.00246587 0.130194 0.00255157 0.00244412 0.0024097 0.00229479 0.00216417 -0.00156179 -0.00154155 -0.00167275 -0.00190821 -0.00202604 -0.00201926 -0.00212181 -0.00209937 -0.00216806 -0.00217263 -0.00195374 -0.00218915 -0.0021281 -0.00197485 -0.00189123 -0.00195179 -0.00190368 -0.00194861 -0.00190627 -0.00185986 -0.00181869 -0.00179579 -0.00176623 -0.00182551 -0.00165682 -0.00181787 -0.00178954 -0.00170188 -0.00175471 -0.00173193 -0.00175817 -0.00171762 -0.00181446 -0.00175613 -0.00169707 -0.00166006 -0.0016793 -0.00171798 -0.00170801 -0.00168662 -0.00170349 -0.00166815 -0.00170932 -0.0016534 -0.00159634 -0.00172711 -0.00167359 -0.00156437 -0.00170516 -0.00160039 -0.00159374 -0.00171706 -0.00168857 -0.00164458 -0.0016824 -0.00167715 -0.00170311 -0.00155927 -0.00168427 -0.0016649 -0.00156481 -0.00157568 -0.00162679 -0.00172827 -0.00159424 -0.00158947 -0.00167542 -0.0016917 -0.00167487 -0.0016577 -0.00161528 -0.00168313 -0.00165956 -0.00168101 -0.00159716 -0.00160648 -0.00161566 -0.00169301 -0.00170462 -0.00158799 -0.00169366 -0.0016705 -0.00163705 -0.00173598 -0.00153982 -0.00152802 -0.00143587 
-0.00148102 -0.00124322 -0.00120966 0.00207546 0.00218763 0.00235484 0.00249085 0.00255157 0.131671 0.00259461 0.00247249 0.00250649 0.00237335 0.00222758 -0.00155338 -0.00153376 -0.00173306 -0.00191671 -0.00209196 -0.00227652 -0.00200261 -0.00219687 -0.00218832 -0.00206992 -0.0021718 -0.00222075 -0.00196731 -0.00198565 -0.00193896 -0.00186613 -0.00191684 -0.00189534 -0.00187537 -0.00181038 -0.00174426 -0.00171997 -0.00186222 -0.00180337 -0.00185774 -0.00187251 -0.00179611 -0.00169305 -0.00173545 -0.00174531 -0.00176786 -0.00188397 -0.00165818 -0.00171817 -0.00169318 -0.00180085 -0.00164985 -0.00175021 -0.00173144 -0.00173215 -0.0016756 -0.00175857 -0.00167047 -0.00171978 -0.00172259 -0.00172025 -0.00169207 -0.00170625 -0.00158039 -0.00161771 -0.00167827 -0.00154739 -0.00162743 -0.00168911 -0.00168547 -0.00172794 -0.00167006 -0.00170957 -0.00165317 -0.00174976 -0.00166555 -0.00165546 -0.00158507 -0.00172114 -0.00179947 -0.00171448 -0.00166486 -0.0016803 -0.00166376 -0.00166036 -0.00169467 -0.00174756 -0.00168814 -0.00162567 -0.00155858 -0.00174863 -0.0017149 -0.00158752 -0.00171323 -0.00167742 -0.00169746 -0.001782 -0.00162273 -0.00168901 -0.00165589 -0.00152908 
-0.00145893 -0.00140495 -0.00126843 -0.00128345 0.00196999 0.00215755 0.00231111 0.00244412 0.00259461 0.130126 0.00250887 0.00243576 0.00233619 0.00224708 -0.00137424 -0.0014787 -0.0016984 -0.00194434 -0.0018835 -0.00211388 -0.00203949 -0.00211371 -0.00202847 -0.00188406 -0.00203891 -0.00202643 -0.00186556 -0.0019211 -0.00196942 -0.00187081 -0.0019103 -0.00191123 -0.00188024 -0.00191994 -0.00174581 -0.00171119 -0.00172676 -0.00179502 -0.00173086 -0.00175082 -0.00161439 -0.00176155 -0.00176797 -0.00167678 -0.00164583 -0.00169781 -0.00169712 -0.00173492 -0.00166305 -0.00162061 -0.00166423 -0.00159548 -0.00163484 -0.00155674 -0.00154192 -0.00166284 -0.00156261 -0.00167277 -0.00155794 -0.00167929 -0.00170017 -0.001612 -0.00142097 -0.00156372 -0.00163357 -0.00158663 -0.00166757 -0.00161201 -0.00161106 -0.00164673 -0.00156547 -0.00163476 -0.00163303 -0.00167507 -0.00152642 -0.00143866 -0.00150529 -0.00166663 -0.0016361 -0.00172305 -0.00170413 -0.00167767 -0.00166845 -0.00161934 -0.00168263 -0.00162779 -0.00160738 -0.00154361 -0.00156905 -0.0016255 -0.0016551 -0.00163463 -0.00165481 -0.00163034 -0.00161751 -0.00158257 -0.00155444 -0.00158767 -0.00154987 -0.0015226 
-0.00164031 -0.00147534 -0.00139072 -0.00134806 -0.00131538 0.00215895 0.00222058 0.0024097 0.00247249 0.00250887 0.134732 0.00272084 0.00268543 0.0025742 0.00235286 0.00236444 -0.00153071 -0.00179333 -0.00177852 -0.00198939 -0.00223361 -0.00219998 -0.00213197 -0.00202724 -0.00225848 -0.00215673 -0.00222988 -0.00207056 -0.0020051 -0.00193279 -0.00200906 -0.00197236 -0.00197068 -0.00199995 -0.00184683 -0.00185186 -0.00187737 -0.00191809 -0.00185773 -0.00178366 -0.00180122 -0.00172285 -0.0018613 -0.00174639 -0.00181407 -0.00185966 -0.00175615 -0.00179472 -0.00171752 -0.0017677 -0.00183258 -0.00176473 -0.00178384 -0.00182362 -0.00167269 -0.00176603 -0.00174655 -0.00170746 -0.00178252 -0.00183212 -0.00176017 -0.00175594 -0.00166409 -0.00173531 -0.00173287 -0.00174242 -0.00168623 -0.00171601 -0.00177513 -0.00171098 -0.00167597 -0.00174619 -0.0017341 -0.00180832 -0.00164907 -0.00174616 -0.00167902 -0.00170103 -0.00169342 -0.00171235 -0.00178792 -0.00176186 -0.00172503 -0.00172444 -0.00170715 -0.00172367 -0.00175946 -0.00167329 -0.00163807 -0.00164551 -0.00172165 -0.00173465 -0.00176594 -0.00175859 -0.00173012 -0.00164978 -0.00188313 -0.00184252 -0.00169619 -0.00169691 
-0.00183999 -0.001669 -0.00160446 -0.00151485 -0.00139744 -0.00137327 0.00218848 0.00229479 0.00250649 0.00243576 0.00272084 0.1366 0.00290794 0.00274101 0.00249893 0.0024897 0.00239665 -0.00163987 -0.00159537 -0.0017986 -0.00208345 -0.0019986 -0.0020737 -0.00210623 -0.00221055 -0.00223959 -0.00206754 -0.00218439 -0.00201589 -0.00201928 -0.00201083 -0.00209448 -0.00198449 -0.00199827 -0.0018255 -0.0018678 -0.00190938 -0.00199305 -0.00190837 -0.00189301 -0.00174378 -0.00178589 -0.00194346 -0.00187571 -0.00191254 -0.00186661 -0.00175726 -0.0018288 -0.00174656 -0.00173222 -0.00185222 -0.00180747 -0.00172471 -0.00170879 -0.00175577 -0.00172584 -0.00180635 -0.00183676 -0.0016256 -0.00178216 -0.00179099 -0.00178051 -0.00167362 -0.0018781 -0.00191032 -0.00179833 -0.00181277 -0.00172632 -0.0018454 -0.0018132 -0.00194059 -0.00179253 -0.00183715 -0.00183367 -0.00173623 -0.0016644 -0.00171675 -0.00175749 -0.00182274 -0.00180335 -0.00180963 -0.00177117 -0.00174737 -0.00171836 -0.00176507 -0.00175344 -0.00165972 -0.00170829 -0.00165762 -0.00176288 -0.00172086 -0.00175256 -0.00179604 -0.00178292 -0.00173995 -0.00180236 -0.00183318 -0.00176436 -0.00187151 -0.00169308 
-0.00174239 -0.00171149 -0.00162327 -0.00152094 -0.00141303 -0.00146621 -0.00134602 0.00216417 0.00237335 0.00233619 0.00268543 0.00290794 0.135428 0.00289275 0.00261797 0.00241334 0.00222654 -0.0015743 -0.00161715 -0.00172178 -0.00195634 -0.00208018 -0.00218992 -0.00193209 -0.00221091 -0.00210981 -0.00199377 -0.00200135 -0.00191657 -0.00198548 -0.00198759 -0.00193823 -0.00205448 -0.00191767 -0.00183271 -0.00171038 -0.00193595 -0.00187469 -0.00188036 -0.00185689 -0.00169268 -0.00176728 -0.00180088 -0.00179274 -0.00179625 -0.00173265 -0.00179703 -0.00177399 -0.0017005 -0.00174208 -0.00172667 -0.00166655 -0.0016694 -0.00167121 -0.00171139 -0.00158309 -0.00172494 -0.00178937 -0.00172947 -0.00175213 -0.00175258 -0.00173022 -0.0016365 -0.0016817 -0.00170268 -0.00174022 -0.00167967 -0.00166529 -0.001696 -0.00169466 -0.00179481 -0.00168021 -0.0016527 -0.00175302 -0.00164016 -0.00162325 -0.00163969 -0.00177828 -0.00175861 -0.00175298 -0.00177493 -0.0017551 -0.00170735 -0.00174705 -0.00180643 -0.00170391 -0.00175516 -0.00164284 -0.00167535 -0.00170816 -0.00168097 -0.00177585 -0.00172011 -0.00174733 -0.00177584 -0.00166817 -0.00164013 -0.00174747 -0.00162754 -0.00161065 
-0.00181473 -0.00186802 -0.0018826 -0.00178341 -0.00178776 -0.00159612 -0.00163838 -0.00156179 0.00222758 0.00224708 0.0025742 0.00274101 0.00289275 0.140669 0.00291989 0.00282517 0.00277541 0.00255564 0.00261226 -0.00176187 -0.00186626 -0.00188588 -0.00199171 -0.00212096 -0.00232232 -0.00226126 -0.00220497 -0.00211379 -0.00211933 -0.00201871 -0.00214521 -0.00203757 -0.00208547 -0.00201043 -0.00196345 -0.00191193 -0.00192916 -0.0020246 -0.00190601 -0.00194793 -0.00185529 -0.00189288 -0.00186198 -0.00201642 -0.00185768 -0.00190834 -0.00193371 -0.00191923 -0.00185785 -0.00187543 -0.00189975 -0.00189573 -0.00192442 -0.00185172 -0.00183128 -0.00178422 -0.00183509 -0.0018392 -0.00187062 -0.00181401 -0.0018906 -0.00184596 -0.00174492 -0.00182048 -0.00187984 -0.00180138 -0.00183305 -0.00184105 -0.00192545 -0.00189119 -0.00187135 -0.00172556 -0.00178041 -0.0017621 -0.0017472 -0.00179887 -0.0016407 -0.00183969 -0.00175221 -0.0018049 -0.00186865 -0.00183591 -0.00190417 -0.0017408 -0.00188053 -0.00181213 -0.00179151 -0.00167604 -0.00177269 -0.00185846 -0.00178942 -0.00191038 -0.00185074 -0.00190899 -0.00188877 -0.00184743 -0.00192003 -0.001866 -0.00187766 -0.00175633 
-0.00182516 -0.00178251 -0.00175773 -0.00182888 -0.00192988 -0.00174981 -0.00185109 -0.00154155 -0.00155338 -0.00137424 0.00235286 0.00249893 0.00261797 0.00291989 0.139745 0.00301996 0.00279865 0.00265207 0.00270686 0.00258538 -0.00164036 -0.0017251 -0.00175137 -0.00197773 -0.00199905 -0.00222391 -0.0020849 -0.0020765 -0.00198138 -0.00200127 -0.00214413 -0.00209173 -0.00203275 -0.00203716 -0.00184281 -0.00189891 -0.00187642 -0.00198908 -0.00187517 -0.00194135 -0.00187745 -0.00184125 -0.00193007 -0.00190012 -0.00188993 -0.00192506 -0.00181857 -0.00181126 -0.00181048 -0.00172653 -0.00177688 -0.00176111 -0.00177794 -0.00175813 -0.00182068 -0.00179312 -0.001835 -0.00179762 -0.00182945 -0.00182151 -0.00183662 -0.00179068 -0.00161067 -0.00175437 -0.00194332 -0.00178894 -0.00173887 -0.00178798 -0.001889 -0.00177894 -0.00175364 -0.00181056 -0.00176765 -0.0016872 -0.00168212 -0.00172554 -0.00168676 -0.00182829 -0.00179331 -0.00180642 -0.00178232 -0.00176161 -0.0018111 -0.00182777 -0.00179812 -0.00181185 -0.00172117 -0.00170528 -0.00172001 -0.00169192 -0.0018523 -0.00172909 -0.00178467 -0.00177509 -0.00179999 -0.00177406 -0.00189447 -0.00171013 -0.00178445 -0.0018138 
-0.00186314 -0.00177409 -0.00195422 -0.00182596 -0.00189799 -0.0017801 -0.00175826 -0.00167275 -0.00153376 -0.0014787 0.00236444 0.0024897 0.00241334 0.00282517 0.00301996 0.141597 0.0030161 0.00281289 0.00277855 0.00256507 -0.00170026 -0.00159436 -0.00188374 -0.00196933 -0.00217294 -0.00219139 -0.00225079 -0.00210038 -0.0020521 -0.00202172 -0.00202545 -0.00213388 -0.00204047 -0.00200971 -0.0019183 -0.00188268 -0.00192054 -0.00193592 -0.00197138 -0.00189473 -0.00185882 -0.00177907 -0.00199634 -0.00204753 -0.00185069 -0.00184271 -0.00184957 -0.00174686 -0.00176784 -0.00183189 -0.00175516 -0.00191287 -0.00183757 -0.00183651 -0.00177547 -0.00186668 -0.00176752 -0.00181476 -0.00185119 -0.00177054 -0.00187778 -0.00183847 -0.00175831 -0.0017507 -0.00171397 -0.00181345 -0.00175298 -0.00179881 -0.00181549 -0.00181501 -0.00173893 -0.00182716 -0.00189342 -0.0018108 -0.00170854 -0.00178857 -0.00166717 -0.00182443 -0.00179888 -0.00183303 -0.00178031 -0.00189327 -0.00182655 -0.00187031 -0.00181657 -0.00185425 -0.00183003 -0.00170225 -0.00172879 -0.00173129 -0.00174404 -0.00185172 -0.00172972 -0.00183725 -0.0018249 -0.00179465 -0.00187104 -0.00185371 -0.00179447 -0.0017527 
-0.0019164 -0.00203132 -0.00188102 -0.00203606 -0.00194536 -0.00207207 -0.00213124 -0.00190821 -0.00173306 -0.0016984 -0.00153071 0.00239665 0.00222654 0.00277541 0.00279865 0.0030161 0.146244 0.00299205 0.00312179 0.0028874 0.00270449 0.00268715 -0.00165249 -0.00176374 -0.00195006 -0.00213464 -0.00216934 -0.00214892 -0.00212466 -0.00228181 -0.00222672 -0.00220765 -0.00220725 -0.0022632 -0.00200379 -0.00200199 -0.002055 -0.00211794 -0.00196859 -0.00206207 -0.00205121 -0.00200747 -0.00203436 -0.00207654 -0.00211523 -0.00206912 -0.00197963 -0.00198734 -0.00195159 -0.00191168 -0.00188283 -0.00192928 -0.00184796 -0.00196277 -0.00188459 -0.00192461 -0.00190459 -0.00191415 -0.00182897 -0.00194901 -0.00199153 -0.00196908 -0.00180227 -0.00180565 -0.00194813 -0.00193439 -0.00187807 -0.00190946 -0.0019228 -0.00194275 -0.00186813 -0.00195598 -0.00199176 -0.00180537 -0.00182707 -0.00183723 -0.0018422 -0.00179523 -0.0019119 -0.0018936 -0.0020003 -0.00205416 -0.00193999 -0.00196293 -0.00201437 -0.00190499 -0.00193947 -0.00187674 -0.00180023 -0.00188748 -0.00190572 -0.00197492 -0.00189247 -0.00190984 -0.00187425 -0.00197354 -0.00197284 -0.00192979 -0.00190729 -0.00186015 
-0.00190607 -0.00191175 -0.00187879 -0.0019197 -0.00191051 -0.00203371 -0.0020581 -0.00202604 -0.00191671 -0.00194434 -0.00179333 -0.00163987 -0.0015743 0.00255564 0.00265207 0.00281289 0.00299205 0.144639 0.00319535 0.003081 0.00279076 0.00283048 0.00265651 -0.00154056 -0.00172724 -0.001944 -0.00198745 -0.00202086 -0.0020779 -0.00201444 -0.0022046 -0.00220972 -0.00213305 -0.00207893 -0.00190818 -0.00210781 -0.00203679 -0.00193507 -0.00201555 -0.00203274 -0.00188531 -0.0018795 -0.00199874 -0.00202123 -0.00199676 -0.0020069 -0.00189213 -0.00193336 -0.00190388 -0.00183769 -0.00185289 -0.0017905 -0.00174759 -0.00190176 -0.00183722 -0.00190102 -0.00178217 -0.00178254 -0.00189535 -0.00189895 -0.00184505 -0.00180246 -0.0018237 -0.00167595 -0.00191425 -0.00193599 -0.00189732 -0.00193755 -0.00192934 -0.0018335 -0.00179731 -0.0018989 -0.00180564 -0.00176985 -0.00169837 -0.0017424 -0.00177341 -0.00185932 -0.00193095 -0.00173034 -0.0018082 -0.00185863 -0.00180493 -0.00192995 -0.00184845 -0.0018794 -0.00183225 -0.00175386 -0.00178388 -0.0017387 -0.00186971 -0.00193147 -0.00194854 -0.0019892 -0.00183658 -0.00189173 -0.00188322 -0.00198313 -0.00198414 -0.00181494 
-0.00188577 -0.00196249 -0.00192252 -0.00188227 -0.00192432 -0.00206367 -0.00198796 -0.00201926 -0.00209196 -0.0018835 -0.00177852 -0.00159537 -0.00161715 0.00261226 0.00270686 0.00277855 0.00312179 0.00319535 0.145248 0.00309711 0.00278248 0.00283022 0.00271409 -0.00153862 -0.00168416 -0.00185792 -0.00195112 -0.00214382 -0.00218883 -0.00223703 -0.00212193 -0.00215495 -0.0021006 -0.00211647 -0.00195493 -0.00210159 -0.00202577 -0.00200104 -0.00199203 -0.0020861 -0.00196135 -0.00187962 -0.00195857 -0.00204417 -0.00204236 -0.00203243 -0.00198944 -0.00179661 -0.0020202 -0.00188086 -0.00189305 -0.00181361 -0.0018902 -0.00179066 -0.00183941 -0.00194901 -0.00189077 -0.00185351 -0.00180597 -0.00188064 -0.00185224 -0.00179703 -0.00186287 -0.00177784 -0.00191337 -0.00186677 -0.00186531 -0.00192908 -0.00188329 -0.00188607 -0.00190291 -0.00181919 -0.0018468 -0.00180899 -0.0017918 -0.00180075 -0.00175942 -0.00178063 -0.00177987 -0.00184755 -0.00185109 -0.0018506 -0.0018127 -0.0019253 -0.00193337 -0.00186659 -0.00186745 -0.00181751 -0.00180327 -0.0018215 -0.00183796 -0.00190559 -0.00189464 -0.00188264 -0.00185444 -0.00189544 -0.00179965 -0.00187919 -0.00187531 -0.00185656 
-0.00206112 -0.00192408 -0.00199633 -0.00202513 -0.00198567 -0.00217709 -0.00212154 -0.00212181 -0.00227652 -0.00211388 -0.00198939 -0.0017986 -0.00172178 -0.00176187 0.00258538 0.00256507 0.0028874 0.003081 0.00309711 0.14947 0.00319908 0.0030994 0.00305101 0.00266806 0.00264417 -0.00173586 -0.00183011 -0.00193418 -0.00207802 -0.00205359 -0.00229013 -0.00223942 -0.00221661 -0.0021973 -0.00207914 -0.00220126 -0.00216917 -0.00215036 -0.002151 -0.00211425 -0.002102 -0.00199974 -0.00206872 -0.00203439 -0.00204482 -0.00217258 -0.00193391 -0.00199443 -0.00202643 -0.00194785 -0.00194666 -0.00192429 -0.00200067 -0.00202623 -0.00197634 -0.0020334 -0.001894 -0.00186879 -0.00205744 -0.00202543 -0.00209016 -0.00194834 -0.00184138 -0.0019064 -0.00193738 -0.00191251 -0.00197913 -0.00196302 -0.0020591 -0.00205002 -0.00191298 -0.0020168 -0.00194406 -0.00202972 -0.00187059 -0.00190759 -0.00186681 -0.00203237 -0.00190663 -0.00199752 -0.00200043 -0.00188068 -0.0020504 -0.00198118 -0.00201784 -0.00194961 -0.00202267 -0.00200403 -0.0019112 -0.00195658 -0.00202942 -0.00199779 -0.00196969 -0.00196713 -0.00197046 -0.00202512 -0.00199462 -0.00199747 -0.00196001 -0.00189585 
-0.0018542 -0.00188379 -0.00194041 -0.00192644 -0.00184088 -0.00207027 -0.00206432 -0.00209937 -0.00200261 -0.00203949 -0.00223361 -0.00208345 -0.00195634 -0.00186626 -0.00164036 -0.00170026 0.00270449 0.00279076 0.00278248 0.00319908 0.146393 0.00326146 0.00316663 0.00284574 0.00292965 0.00262633 -0.0017157 -0.00177722 -0.0018827 -0.00187427 -0.00202522 -0.00205628 -0.00212685 -0.00214383 -0.00205964 -0.0020329 -0.00203833 -0.00211574 -0.00196292 -0.00207526 -0.00202096 -0.00195688 -0.00208119 -0.00206856 -0.00201045 -0.00190886 -0.00189582 -0.00191675 -0.00188598 -0.00194681 -0.00188754 -0.00184209 -0.00194803 -0.00175596 -0.00191294 -0.00188154 -0.00189402 -0.00189679 -0.00185678 -0.0019327 -0.00182498 -0.00193211 -0.00181262 -0.001927 -0.00193253 -0.00197359 -0.00194678 -0.00193321 -0.00191213 -0.0018808 -0.00184994 -0.00198758 -0.00177981 -0.00182693 -0.00177223 -0.00183468 -0.0017535 -0.00189684 -0.00188461 -0.00189367 -0.00194374 -0.00183762 -0.00190672 -0.001907 -0.00198338 -0.00189305 -0.001912 -0.00181515 -0.00178679 -0.00191065 -0.00184579 -0.0018377 -0.00185862 -0.0018492 -0.00192699 -0.00188854 -0.00194421 -0.0019203 -0.00184655 -0.00174081 
-0.0019464 -0.00182972 -0.0019315 -0.00194838 -0.00194572 -0.00204174 -0.00198844 -0.00216806 -0.00219687 -0.00211371 -0.00219998 -0.0019986 -0.00208018 -0.00188588 -0.0017251 -0.00159436 0.00268715 0.00283048 0.00283022 0.0030994 0.00326146 0.146596 0.00313897 0.00288203 0.00291766 0.00261599 -0.00166895 -0.00172497 -0.00184154 -0.00181738 -0.00210626 -0.00202267 -0.00211314 -0.00214701 -0.00201615 -0.00199221 -0.00207778 -0.00201813 -0.00206468 -0.00196906 -0.00201085 -0.00203163 -0.00202548 -0.00190041 -0.00219341 -0.00201271 -0.00191782 -0.00190698 -0.00193142 -0.00194671 -0.00187889 -0.00188507 -0.0018786 -0.00188633 -0.00180817 -0.00184988 -0.00187203 -0.00190752 -0.00187197 -0.00198014 -0.00191249 -0.00195891 -0.00180024 -0.00185821 -0.00176838 -0.00192475 -0.00189869 -0.00190079 -0.00193738 -0.00189788 -0.00191998 -0.00187034 -0.00200531 -0.00190889 -0.00174249 -0.00173358 -0.00174308 -0.00189345 -0.00187792 -0.00184248 -0.00183269 -0.00181916 -0.00195493 -0.00187193 -0.0019094 -0.00190874 -0.00184119 -0.00176712 -0.00172459 -0.00191526 -0.0019114 -0.00188427 -0.00188088 -0.00193155 -0.00182237 -0.00195533 -0.00194207 -0.00190312 -0.0018979 -0.00191985 
-0.00194705 -0.00186896 -0.00193071 -0.00202513 -0.00188035 -0.00205423 -0.00211187 -0.00217263 -0.00218832 -0.00202847 -0.00213197 -0.0020737 -0.00218992 -0.00199171 -0.00175137 -0.00188374 -0.00165249 0.00265651 0.00271409 0.00305101 0.00316663 0.00313897 0.14559 0.00293494 0.00293737 0.00275676 0.00250131 -0.00171179 -0.00183052 -0.0017081 -0.00188311 -0.0019936 -0.00210758 -0.00207144 -0.0020217 -0.00202104 -0.00205549 -0.00200057 -0.00203619 -0.00202759 -0.00196426 -0.00179291 -0.00191255 -0.00207283 -0.0019283 -0.00198695 -0.0018827 -0.00195315 -0.00186664 -0.0019159 -0.00183456 -0.00187031 -0.00188272 -0.00183138 -0.00193006 -0.00182421 -0.00189135 -0.00186608 -0.00174077 -0.00190284 -0.00191154 -0.00188255 -0.00177676 -0.00171298 -0.00182135 -0.00184782 -0.00186782 -0.00188639 -0.00185416 -0.00186073 -0.00188357 -0.00186176 -0.00197837 -0.00186106 -0.00178127 -0.00177064 -0.00185821 -0.0019215 -0.00189993 -0.00191688 -0.00184463 -0.00189323 -0.00186062 -0.00185826 -0.00187491 -0.00185164 -0.00177365 -0.00177575 -0.00177536 -0.00182822 -0.00179206 -0.00182663 -0.00193407 -0.00194451 -0.00190291 -0.0019 -0.00191259 -0.00180254 -0.00192129 -0.00181783 
-0.00168339 -0.00177384 -0.00179271 -0.00179665 -0.00187699 -0.00193804 -0.00204122 -0.00195374 -0.00206992 -0.00188406 -0.00202724 -0.00210623 -0.00193209 -0.00212096 -0.00197773 -0.00196933 -0.00176374 -0.00154056 -0.00153862 0.00266806 0.00284574 0.00288203 0.00293494 0.141319 0.00310617 0.00290125 0.00242856 0.00240241 -0.0015458 -0.00145069 -0.00164465 -0.00173453 -0.00172937 -0.00186605 -0.00189351 -0.00186133 -0.00184282 -0.00193407 -0.00192639 -0.00182141 -0.0017915 -0.00186731 -0.00182814 -0.00191886 -0.0019492 -0.00178628 -0.0017905 -0.00177917 -0.00173142 -0.00172542 -0.0017527 -0.00179164 -0.00176164 -0.0017884 -0.00178811 -0.00179608 -0.001791 -0.0017617 -0.00183252 -0.00179139 -0.0017477 -0.00180394 -0.0016477 -0.00171595 -0.00179842 -0.00187551 -0.0017785 -0.00178992 -0.0017736 -0.00171225 -0.00188657 -0.00172231 -0.00171574 -0.00177468 -0.0016789 -0.00170703 -0.00170888 -0.00172135 -0.00183666 -0.001852 -0.00169425 -0.00176719 -0.00175298 -0.00179003 -0.00182214 -0.00173068 -0.00181669 -0.00165512 -0.00164859 -0.0017334 -0.0017703 -0.00172821 -0.00180243 -0.00179145 -0.0017231 -0.00182283 -0.00181816 -0.00176083 -0.00180353 -0.00174805 
-0.00190298 -0.00198446 -0.00192115 -0.00188404 -0.00202157 -0.00211913 -0.00205073 -0.00218915 -0.0021718 -0.00203891 -0.00225848 -0.00221055 -0.00221091 -0.00232232 -0.00199905 -0.00217294 -0.00195006 -0.00172724 -0.00168416 0.00264417 0.00292965 0.00291766 0.00293737 0.00310617 0.14588 0.00318945 0.0027773 0.00252807 0.00235107 0.00246522 -0.00161439 -0.00161626 -0.00174124 -0.00186591 -0.002109 -0.00194719 -0.00202633 -0.00204619 -0.00209393 -0.00209529 -0.0019416 -0.00192084 -0.00200099 -0.00203463 -0.00200465 -0.00198814 -0.00195437 -0.00188752 -0.00191611 -0.00189867 -0.00195058 -0.00193925 -0.0020006 -0.00192762 -0.00197281 -0.00194901 -0.00195894 -0.00199628 -0.00197628 -0.00192686 -0.00189396 -0.00188134 -0.00196655 -0.00175235 -0.00196529 -0.00195673 -0.00185677 -0.0018877 -0.00187826 -0.00193231 -0.00187785 -0.0019196 -0.00190535 -0.00188379 -0.00177174 -0.00189909 -0.00181625 -0.00195982 -0.00194273 -0.00194292 -0.00189878 -0.00191748 -0.00191581 -0.00196442 -0.00206552 -0.00197569 -0.00196207 -0.00188815 -0.001882 -0.00191344 -0.00191471 -0.00193379 -0.00194925 -0.00185594 -0.002024 -0.00207917 -0.00198142 -0.00186764 -0.00189369 -0.00183177 
-0.00185005 -0.00181089 -0.00196856 -0.00193033 -0.00193803 -0.00201984 -0.00211421 -0.0021281 -0.00222075 -0.00202643 -0.00215673 -0.00223959 -0.00210981 -0.00226126 -0.00222391 -0.00219139 -0.00213464 -0.001944 -0.00185792 -0.00173586 0.00262633 0.00261599 0.00275676 0.00290125 0.00318945 0.144254 0.0030265 0.00281454 0.00265049 0.00254375 0.00230351 -0.00142501 -0.00154101 -0.00174231 -0.00189467 -0.00188594 -0.00204164 -0.00196855 -0.00202507 -0.00205207 -0.00193515 -0.00201211 -0.00191762 -0.00205921 -0.00209672 -0.0020588 -0.00188437 -0.00202708 -0.00187343 -0.00196031 -0.0018985 -0.00198246 -0.00185629 -0.00186425 -0.00193762 -0.00186137 -0.00179044 -0.00192334 -0.0019555 -0.00193432 -0.0019588 -0.00180904 -0.00185385 -0.00180038 -0.00187003 -0.00191315 -0.00193571 -0.00186276 -0.00190512 -0.00198134 -0.00182891 -0.0018875 -0.001906 -0.00190161 -0.00175199 -0.00178551 -0.00184875 -0.00186246 -0.00190151 -0.00192221 -0.00190682 -0.0019293 -0.00194799 -0.001846 -0.00188837 -0.00189653 -0.00183073 -0.00169799 -0.00175481 -0.00187889 -0.00185472 -0.00191645 -0.00199681 -0.00192275 -0.00195967 -0.00197071 -0.00193285 -0.00195699 -0.00187744 -0.00196262 
-0.00173645 -0.00182763 -0.00179215 -0.00178168 -0.00187332 -0.00193921 -0.00196081 -0.00197485 -0.00196731 -0.00186556 -0.00222988 -0.00206754 -0.00199377 -0.00220497 -0.0020849 -0.00225079 -0.00216934 -0.00198745 -0.00195112 -0.00183011 -0.0017157 -0.00166895 0.00250131 0.00242856 0.0027773 0.0030265 0.139042 0.00284795 0.00254048 0.00261839 0.00244747 0.00238719 -0.00145848 -0.00146306 -0.00170364 -0.00154363 -0.00183596 -0.00182795 -0.00188039 -0.00194459 -0.00179907 -0.00181205 -0.00179808 -0.00190831 -0.00176887 -0.00182996 -0.0017477 -0.00181455 -0.00184345 -0.00180298 -0.00173747 -0.0017566 -0.00177264 -0.00185789 -0.00180562 -0.00179101 -0.00172519 -0.00183354 -0.00174969 -0.00179532 -0.00176042 -0.00187244 -0.00164219 -0.00170591 -0.00168968 -0.00176946 -0.00180837 -0.00179885 -0.00180412 -0.00193409 -0.00177845 -0.00179033 -0.00176324 -0.00176228 -0.00171794 -0.00161288 -0.00170719 -0.00165753 -0.00176658 -0.00178456 -0.00179861 -0.00181774 -0.00177186 -0.00170841 -0.0017417 -0.00179307 -0.00176838 -0.00170966 -0.00168625 -0.00169648 -0.00176446 -0.00180274 -0.00174361 -0.00174896 -0.00178142 -0.00174672 -0.00175693 -0.00177792 -0.00169863 -0.00169619 
-0.00168507 -0.00171936 -0.00167139 -0.00182886 -0.00175241 -0.00187007 -0.00189158 -0.00189123 -0.00198565 -0.0019211 -0.00207056 -0.00218439 -0.00200135 -0.00211379 -0.0020765 -0.00210038 -0.00214892 -0.00202086 -0.00214382 -0.00193418 -0.00177722 -0.00172497 -0.00171179 0.00240241 0.00252807 0.00281454 0.00284795 0.13711 0.00273145 0.00276657 0.00251216 0.00245529 0.00227336 -0.00131436 -0.00152842 -0.00146323 -0.00160253 -0.00178978 -0.00173962 -0.0018849 -0.00175612 -0.0017654 -0.00189433 -0.00182061 -0.00191028 -0.00194382 -0.00178448 -0.00184041 -0.00174461 -0.00173451 -0.00174151 -0.00181494 -0.00180288 -0.00178536 -0.00173398 -0.00171656 -0.00180764 -0.00183107 -0.00174993 -0.0018122 -0.00167845 -0.00175425 -0.00169678 -0.00160974 -0.00168762 -0.00175954 -0.0017492 -0.00174114 -0.00168486 -0.00173291 -0.00173064 -0.00165612 -0.00167859 -0.00177027 -0.00169125 -0.00168661 -0.00169238 -0.00175843 -0.00170602 -0.00185661 -0.00164395 -0.00176959 -0.00169584 -0.00168567 -0.00180807 -0.00177189 -0.00177754 -0.0016344 -0.00167898 -0.00168492 -0.00170258 -0.00173169 -0.00172809 -0.00183797 -0.00179703 -0.00172967 -0.00170142 -0.00179567 -0.00179088 -0.00161528 
-0.00162384 -0.00176512 -0.00177133 -0.00177079 -0.00175751 -0.0018758 -0.00180949 -0.00195179 -0.00193896 -0.00196942 -0.0020051 -0.00201589 -0.00191657 -0.00211933 -0.00198138 -0.0020521 -0.00212466 -0.0020779 -0.00218883 -0.00207802 -0.0018827 -0.00184154 -0.00183052 -0.0015458 0.00235107 0.00265049 0.00254048 0.00273145 0.135143 0.00279093 0.00255726 0.00256113 0.00238417 0.00219025 -0.00145158 -0.00136375 -0.00150307 -0.00165376 -0.00165523 -0.00189141 -0.00175973 -0.00175886 -0.00180184 -0.00184804 -0.00187077 -0.00173052 -0.00176704 -0.00170831 -0.00170645 -0.00172528 -0.00175593 -0.00172681 -0.00178919 -0.0016999 -0.00173383 -0.00172408 -0.00168828 -0.00169579 -0.0017302 -0.00162205 -0.00170099 -0.00165508 -0.00168277 -0.00161809 -0.00164063 -0.00177905 -0.00160549 -0.00171811 -0.00175288 -0.00165251 -0.00162129 -0.00174273 -0.00169179 -0.00167521 -0.00164515 -0.00166738 -0.00166992 -0.00167033 -0.00162434 -0.00171954 -0.00168815 -0.00173194 -0.00175553 -0.00163163 -0.00168558 -0.00176263 -0.00166166 -0.00161512 -0.00165241 -0.00183681 -0.00171833 -0.00169728 -0.00177412 -0.00170251 -0.00169679 -0.00170478 -0.00170943 -0.00175937 -0.00162038 -0.00170595 
-0.00162147 -0.00172528 -0.00175168 -0.00172436 -0.00171876 -0.00187665 -0.00177515 -0.00190368 -0.00186613 -0.00187081 -0.00193279 -0.00201928 -0.00198548 -0.00201871 -0.00200127 -0.00202172 -0.00228181 -0.00201444 -0.00223703 -0.00205359 -0.00187427 -0.00181738 -0.0017081 -0.00145069 0.00246522 0.00254375 0.00261839 0.00276657 0.00279093 0.133893 0.00259748 0.00239627 0.00230333 0.00211553 -0.00140319 -0.00138741 -0.0015854 -0.00164839 -0.00163478 -0.00172259 -0.00168787 -0.00177368 -0.00183336 -0.00181573 -0.00180794 -0.0018258 -0.00173157 -0.00176885 -0.0016826 -0.00163011 -0.00179049 -0.00176589 -0.00174171 -0.00167569 -0.00173574 -0.00178465 -0.00172938 -0.0016416 -0.00166549 -0.00176112 -0.00169305 -0.00167633 -0.00162961 -0.00163788 -0.00165896 -0.00160951 -0.00178008 -0.00171524 -0.00168959 -0.00171062 -0.00165094 -0.00160404 -0.0016413 -0.00177996 -0.00155934 -0.00153457 -0.00161234 -0.00170946 -0.00165152 -0.00167526 -0.00175464 -0.00173209 -0.00167023 -0.00181354 -0.00166372 -0.00169111 -0.00174799 -0.00154643 -0.00162384 -0.00171927 -0.00167781 -0.0017349 -0.00169484 -0.00173053 -0.00167753 -0.00167462 -0.00165529 -0.00169761 -0.0016676 -0.00161584 
-0.00173057 -0.0017731 -0.00184599 -0.00183626 -0.00172316 -0.00191471 -0.00191023 -0.00194861 -0.00191684 -0.0019103 -0.00200906 -0.00201083 -0.00198759 -0.00214521 -0.00214413 -0.00202545 -0.00222672 -0.0022046 -0.00212193 -0.00229013 -0.00202522 -0.00210626 -0.00188311 -0.00164465 -0.00161439 0.00230351 0.00244747 0.00251216 0.00255726 0.00259748 0.134366 0.00263976 0.00261319 0.0024761 0.00211453 0.00210455 -0.00125075 -0.00134181 -0.00157687 -0.00166316 -0.00175038 -0.00173045 -0.0019058 -0.00187813 -0.00179955 -0.00194319 -0.001755 -0.00170734 -0.00170858 -0.00172859 -0.00167327 -0.00169795 -0.00170739 -0.00173514 -0.0018087 -0.0016945 -0.00181513 -0.00177105 -0.0017025 -0.00176687 -0.00175829 -0.0017395 -0.00163968 -0.00164919 -0.00165835 -0.00172085 -0.00172521 -0.00175134 -0.00168496 -0.00176923 -0.00178362 -0.00165218 -0.00174652 -0.00172192 -0.00166369 -0.00171941 -0.0016231 -0.00169082 -0.00176483 -0.00163703 -0.00167693 -0.00174964 -0.00171534 -0.00174763 -0.00179904 -0.00179163 -0.00164524 -0.00163286 -0.00174405 -0.00177623 -0.00163096 -0.00172936 -0.00178607 -0.00174749 -0.00168017 -0.00179052 -0.00176474 -0.00169784 -0.00176132 -0.00170417 
-0.00169726 -0.00175023 -0.00177578 -0.00178661 -0.00175714 -0.00180726 -0.00183294 -0.00190627 -0.00189534 -0.00191123 -0.00197236 -0.00209448 -0.00193823 -0.00203757 -0.00209173 -0.00213388 -0.00220765 -0.00220972 -0.00215495 -0.00223942 -0.00205628 -0.00202267 -0.0019936 -0.00173453 -0.00161626 -0.00142501 0.00238719 0.00245529 0.00256113 0.00239627 0.00263976 0.133271 0.00253361 0.00255632 0.00222158 0.00225887 0.00216152 -0.00135359 -0.00137578 -0.00157661 -0.00156654 -0.00168761 -0.00184302 -0.00190475 -0.00180293 -0.00180138 -0.001796 -0.00179592 -0.00169497 -0.00166995 -0.00180444 -0.00165129 -0.00168913 -0.00171528 -0.00172001 -0.00176722 -0.00178735 -0.00179876 -0.00180758 -0.00165981 -0.00174552 -0.00171918 -0.00162897 -0.00165473 -0.00167154 -0.00171484 -0.00172814 -0.00174309 -0.00176601 -0.00172251 -0.00171615 -0.0016314 -0.00172161 -0.00171596 -0.00166822 -0.00163023 -0.00162717 -0.0016843 -0.00167255 -0.00172227 -0.00172612 -0.00174725 -0.00169166 -0.00171453 -0.00163956 -0.00171801 -0.00167446 -0.00167093 -0.00167026 -0.0017747 -0.00174188 -0.00171671 -0.00170827 -0.00177284 -0.00167005 -0.00168929 -0.00177154 -0.00178174 -0.00171023 -0.00164958 
-0.00166843 -0.00168794 -0.00167227 -0.00176289 -0.00171463 -0.00180146 -0.00190769 -0.00185986 -0.00187537 -0.00188024 -0.00197068 -0.00198449 -0.00205448 -0.00208547 -0.00203275 -0.00204047 -0.00220725 -0.00213305 -0.0021006 -0.00221661 -0.00212685 -0.00211314 -0.00210758 -0.00172937 -0.00174124 -0.00154101 -0.00145848 0.00227336 0.00238417 0.00230333 0.00261319 0.00253361 0.131573 0.00256186 0.00232219 0.00222998 0.00216406 0.00205049 -0.00129627 -0.00142641 -0.00149861 -0.00150364 -0.00170269 -0.00177785 -0.00168661 -0.00180246 -0.00174612 -0.00177464 -0.00172101 -0.00161365 -0.00175456 -0.00176336 -0.0017673 -0.00167328 -0.00176216 -0.00163635 -0.00177787 -0.00176332 -0.00175759 -0.00168449 -0.0017377 -0.00173154 -0.00163617 -0.00168426 -0.00174794 -0.0016507 -0.00168166 -0.00164462 -0.00166448 -0.00168561 -0.00161789 -0.00167974 -0.00159428 -0.00165325 -0.0016375 -0.00159997 -0.00156444 -0.00168768 -0.00162842 -0.00171034 -0.00163781 -0.00169658 -0.00170209 -0.00176762 -0.0016901 -0.00162215 -0.00164629 -0.00159782 -0.00165573 -0.00171581 -0.00171806 -0.00163465 -0.00164427 -0.00166015 -0.00172064 -0.00173053 -0.00163029 -0.00166215 -0.00164297 -0.00163075 
