0.123151 0.0022926 0.0021216 0.00205888 0.00201701 0.00202746 -0.00121252 -0.00124883 -0.0014421 -0.00147656 -0.00167518 -0.00171948 -0.00166015 -0.00179066 -0.00183807 -0.00194263 -0.00193819 -0.00189558 -0.00193349 -0.0020337 -0.00190737 -0.00191444 -0.00182422 -0.00174005 -0.00194909 -0.00193311 -0.00172743 -0.00182513 -0.00171318 -0.00177215 -0.00173277 -0.00171959 -0.00170255 -0.00166163 -0.00148878 -0.00167357 -0.00162745 -0.00165164 -0.00162835 -0.0015842 -0.00161153 -0.00153404 -0.00157045 -0.0016581 -0.0015908 -0.00158071 -0.0015844 -0.0015189 -0.00152165 -0.00148929 -0.00153629 -0.00150062 -0.00147291 -0.00159651 -0.001505 -0.00155819 -0.00158712 -0.00154538 -0.00157952 -0.00143034 -0.00152006 -0.00156116 -0.00137112 -0.00146907 -0.00154821 -0.00157893 -0.00152984 -0.00144562 -0.00148921 -0.00150296 -0.00144856 -0.00146967 -0.00155759 -0.00148721 -0.00137878 -0.00139553 -0.00141442 -0.00144825 -0.00145887 -0.00143455 -0.0014895 -0.00151399 -0.00157842 -0.00151444 -0.00146027 -0.00148674 -0.00151197 -0.00139756 -0.00142522 -0.0014504 -0.00153022 -0.00136889 -0.00134181 -0.00124627 -0.00124325 -0.00118656 0.00190115 0.0020244 0.00210822 0.00210816 
0.0022926 0.123442 0.00228025 0.00226907 0.00215501 0.00212186 0.00200707 -0.00120042 -0.00127109 -0.00135095 -0.00155755 -0.00171943 -0.00177323 -0.00189373 -0.00178899 -0.00190302 -0.00194063 -0.00191351 -0.00188646 -0.00200497 -0.00202252 -0.00194246 -0.00188242 -0.00184441 -0.00195083 -0.00191003 -0.00175062 -0.00185983 -0.00174325 -0.00166189 -0.00178259 -0.00173908 -0.00172479 -0.00163377 -0.00164995 -0.00156774 -0.00163771 -0.00163434 -0.00162058 -0.00160053 -0.00158002 -0.00165765 -0.00161016 -0.00158066 -0.00168047 -0.00157346 -0.00153748 -0.00150322 -0.00149968 -0.00150548 -0.0015602 -0.00159022 -0.00146466 -0.00145953 -0.00144219 -0.00153106 -0.00160887 -0.00154555 -0.00149749 -0.00148353 -0.0015258 -0.00152138 -0.00143333 -0.00140091 -0.00153449 -0.00149646 -0.00153047 -0.00158057 -0.00154142 -0.00154907 -0.00145028 -0.00151902 -0.00150943 -0.00155676 -0.00138216 -0.00144558 -0.00145544 -0.00146106 -0.00152203 -0.00148708 -0.00148618 -0.00152935 -0.00151791 -0.00156027 -0.00147242 -0.00149126 -0.00153572 -0.00134832 -0.00144369 -0.00145288 -0.00154593 -0.00149377 -0.00140052 -0.00134475 -0.00129516 -0.00120251 -0.00113449 0.00179894 0.00200372 0.00206193 
0.0021216 0.00228025 0.123637 0.00225796 0.00225473 0.00218425 0.00215554 0.00199447 -0.00120422 -0.00129266 -0.00145753 -0.00160265 -0.00163752 -0.00183556 -0.00174617 -0.00178743 -0.00195607 -0.00194245 -0.00188518 -0.00191913 -0.00195381 -0.00190484 -0.00188235 -0.00185397 -0.00193634 -0.00192089 -0.00189488 -0.00177266 -0.0017399 -0.00178077 -0.0016863 -0.00168302 -0.00173422 -0.00165167 -0.00167964 -0.00157673 -0.00164529 -0.00165132 -0.00158125 -0.00162154 -0.00155157 -0.00151532 -0.00162942 -0.00164047 -0.00166275 -0.0015871 -0.00155478 -0.00161154 -0.00152709 -0.00158861 -0.00147963 -0.00149713 -0.00151817 -0.00149712 -0.00152492 -0.00148005 -0.00153531 -0.00150496 -0.00157685 -0.0015213 -0.00152188 -0.00149694 -0.00150521 -0.00152772 -0.00156232 -0.00149525 -0.00148908 -0.00148481 -0.00151189 -0.00149566 -0.00156108 -0.00154262 -0.00149916 -0.00158627 -0.00147151 -0.00147367 -0.00142878 -0.00155666 -0.00158904 -0.00147373 -0.00147512 -0.00147658 -0.00151529 -0.00147641 -0.00146343 -0.00141922 -0.00155487 -0.00149774 -0.00142859 -0.00154782 -0.00152826 -0.00148159 -0.00146729 -0.00143675 -0.00143232 -0.00127374 -0.00124162 -0.00123152 0.00181165 0.00194594 
0.00205888 0.00226907 0.00225796 0.124313 0.00239398 0.00234241 0.00224958 0.00216021 0.00205712 -0.00120017 -0.001404 -0.00147747 -0.00151793 -0.00175287 -0.00173019 -0.00191709 -0.002015 -0.00195705 -0.00188096 -0.00193819 -0.00199314 -0.00193337 -0.00189901 -0.00182923 -0.00193936 -0.00195543 -0.00180434 -0.00173727 -0.00171243 -0.00167185 -0.00181674 -0.00179286 -0.0017293 -0.00170257 -0.00162401 -0.00159267 -0.00171321 -0.00162129 -0.00164693 -0.00164888 -0.00152049 -0.00157343 -0.00159831 -0.0016631 -0.00161899 -0.00162065 -0.00154887 -0.00153299 -0.0015287 -0.00148397 -0.00153629 -0.00146299 -0.00153259 -0.00153921 -0.0014692 -0.00153548 -0.00153431 -0.00145526 -0.00150351 -0.00159991 -0.00157045 -0.00151087 -0.00144371 -0.00144694 -0.00148697 -0.00144276 -0.00154926 -0.00149161 -0.00161637 -0.00148215 -0.00145488 -0.00165017 -0.00161196 -0.00157867 -0.00145287 -0.00152522 -0.00153147 -0.00149427 -0.00161191 -0.00159346 -0.00162163 -0.00151361 -0.00155757 -0.00159993 -0.00159323 -0.00154546 -0.00155711 -0.00152205 -0.00152836 -0.00154023 -0.00150408 -0.00156037 -0.00147194 -0.0015775 -0.00151285 -0.00145878 -0.00136669 -0.00127094 -0.00110919 0.00186864 
0.00201701 0.00215501 0.00225473 0.00239398 0.125091 0.00243047 0.00230137 0.00235028 0.00213033 0.00207295 -0.00128679 -0.00143751 -0.00140535 -0.00176209 -0.00182606 -0.00184699 -0.00197136 -0.00190369 -0.00202276 -0.00202577 -0.00197301 -0.00188681 -0.00195514 -0.00180215 -0.00197143 -0.00194384 -0.00184403 -0.00177783 -0.00171654 -0.00182259 -0.00181006 -0.00176434 -0.00179387 -0.0016927 -0.00160066 -0.00161742 -0.00167657 -0.00171791 -0.00165254 -0.00167775 -0.00156499 -0.00158599 -0.00164883 -0.00165777 -0.00165124 -0.00159639 -0.00159738 -0.0016082 -0.00151194 -0.00155635 -0.00152527 -0.00161647 -0.00150565 -0.00152404 -0.00159879 -0.00155743 -0.00163415 -0.00154017 -0.00155275 -0.00154692 -0.00156013 -0.00151827 -0.00150508 -0.00145367 -0.00156013 -0.00155284 -0.00158524 -0.00154745 -0.00159472 -0.00159297 -0.00151978 -0.00157813 -0.00152048 -0.00151171 -0.00145256 -0.00144312 -0.00154771 -0.00160666 -0.0015421 -0.00149714 -0.00154018 -0.00150619 -0.00153517 -0.00154994 -0.00155457 -0.00150924 -0.0015513 -0.00144115 -0.00145552 -0.00158202 -0.00159993 -0.00158627 -0.00148114 -0.00154342 -0.00151409 -0.00156671 -0.00146296 -0.00140111 -0.00125444 -0.00110592 
0.00202746 0.00212186 0.00218425 0.00234241 0.00243047 0.128177 0.00249393 0.00248439 0.0022862 0.00217705 0.00220542 -0.00136788 -0.00140459 -0.00165008 -0.00173821 -0.00188247 -0.00208231 -0.00203658 -0.00200367 -0.00215742 -0.00208058 -0.00217355 -0.00212433 -0.0020283 -0.00205981 -0.00211159 -0.00206174 -0.00201057 -0.00180189 -0.00189949 -0.0019628 -0.00195056 -0.0018954 -0.0018471 -0.00174937 -0.00173318 -0.00165476 -0.00169273 -0.00173689 -0.00171132 -0.0016493 -0.00171776 -0.00164434 -0.00167883 -0.00180146 -0.0017203 -0.00162616 -0.00164162 -0.00163161 -0.00164492 -0.00164985 -0.00155777 -0.00163947 -0.00161322 -0.00159265 -0.00160715 -0.00160725 -0.00167436 -0.00158007 -0.00158774 -0.00171145 -0.00160749 -0.00155654 -0.00156773 -0.00165142 -0.00161036 -0.00161865 -0.00159338 -0.00160574 -0.00158805 -0.00164963 -0.00162137 -0.00161698 -0.00157219 -0.0015513 -0.00148087 -0.00156304 -0.00160402 -0.00160619 -0.00165434 -0.00167764 -0.00160164 -0.00166886 -0.00166748 -0.00165666 -0.00165429 -0.00167122 -0.00150361 -0.00151467 -0.00156098 -0.00160298 -0.00157819 -0.00159057 -0.00163854 -0.00162518 -0.00159333 -0.0015913 -0.00142956 -0.00138046 -0.00121759 
-0.00121252 0.00200707 0.00215554 0.00224958 0.00230137 0.00249393 0.128993 0.00234793 0.00240446 0.00237002 0.00224509 0.00211396 -0.0013188 -0.0015406 -0.00170997 -0.00171874 -0.00196895 -0.00199156 -0.00198375 -0.00207412 -0.00211185 -0.00196359 -0.00210432 -0.00188742 -0.00210825 -0.00214351 -0.00198744 -0.00194241 -0.00191392 -0.00191303 -0.0019195 -0.0020082 -0.00189291 -0.00183972 -0.00181018 -0.00178244 -0.00179451 -0.00180861 -0.00174055 -0.00175493 -0.00161952 -0.00172784 -0.00170165 -0.00176468 -0.00188085 -0.00178803 -0.00170313 -0.00166459 -0.00158639 -0.00158812 -0.00162604 -0.00163352 -0.00169844 -0.00162059 -0.00164977 -0.00160438 -0.00164897 -0.00165319 -0.0015878 -0.00169928 -0.00163456 -0.00169863 -0.00157077 -0.00154379 -0.00160467 -0.00163934 -0.00168647 -0.00166713 -0.00169119 -0.00154732 -0.00160366 -0.0015799 -0.00163488 -0.00169923 -0.00156294 -0.00152464 -0.00161734 -0.00165929 -0.00169687 -0.00165443 -0.00163827 -0.00166485 -0.00163707 -0.00162748 -0.00158119 -0.00167176 -0.00163568 -0.00162112 -0.00154526 -0.00156167 -0.00163585 -0.00154314 -0.00162667 -0.00156385 -0.00168883 -0.00160396 -0.00168258 -0.00151898 -0.00142491 -0.0012986 
-0.00124883 -0.00120042 0.00199447 0.00216021 0.00235028 0.00248439 0.00234793 0.12992 0.00249471 0.00245041 0.00238954 0.00237903 0.00228172 -0.00141217 -0.00154204 -0.00157522 -0.00187255 -0.00194945 -0.00210242 -0.00213824 -0.00205001 -0.00203286 -0.002099 -0.00183413 -0.0020691 -0.00207442 -0.00200996 -0.00187887 -0.00194298 -0.00193562 -0.00200245 -0.00200424 -0.00186785 -0.00187838 -0.00176708 -0.00181691 -0.0018029 -0.00181665 -0.00178802 -0.00180251 -0.00171553 -0.00171339 -0.00178753 -0.00182379 -0.00188813 -0.00180748 -0.00173579 -0.00172922 -0.00168733 -0.00175282 -0.00171696 -0.00171346 -0.0016845 -0.00164785 -0.00163744 -0.00165429 -0.00169403 -0.00167297 -0.0016511 -0.00166093 -0.0016328 -0.00165835 -0.00162719 -0.00158226 -0.00167288 -0.0016205 -0.00160823 -0.00177325 -0.00173448 -0.00169415 -0.0016104 -0.00166421 -0.00164718 -0.00162035 -0.00160399 -0.00154883 -0.00157425 -0.00161208 -0.00175335 -0.00161742 -0.00169514 -0.00163537 -0.00165223 -0.00171213 -0.00157068 -0.00163722 -0.00160189 -0.00159417 -0.00154081 -0.00168248 -0.00162911 -0.00169158 -0.00165596 -0.00168565 -0.00166059 -0.00162814 -0.0016325 -0.00171727 -0.00150337 -0.00138026 
-0.0014421 -0.00127109 -0.00120422 0.00205712 0.00213033 0.0022862 0.00240446 0.00249471 0.13158 0.00257262 0.00251881 0.00246078 0.00241991 0.0022702 -0.00153632 -0.00157699 -0.00175093 -0.00197343 -0.00197591 -0.00222106 -0.00214275 -0.00213147 -0.00221693 -0.00190474 -0.00211457 -0.00210854 -0.00204756 -0.00205655 -0.00185327 -0.00182369 -0.00200183 -0.00192025 -0.00189183 -0.00186876 -0.00183415 -0.00177108 -0.00185486 -0.00185091 -0.00186689 -0.00185793 -0.00172691 -0.00172398 -0.00180078 -0.00194956 -0.00178952 -0.00178351 -0.00177575 -0.00178476 -0.00173457 -0.00172286 -0.00169621 -0.00172112 -0.00169904 -0.00166411 -0.00161066 -0.00170692 -0.00171848 -0.00171387 -0.00166701 -0.00167221 -0.00174804 -0.00176016 -0.00157637 -0.00163001 -0.00171012 -0.00162042 -0.00161928 -0.00166074 -0.00166309 -0.00172828 -0.00163977 -0.00159802 -0.00169843 -0.00177167 -0.00152606 -0.0015717 -0.0016225 -0.00170441 -0.00163506 -0.00167147 -0.00170534 -0.00178008 -0.00163619 -0.00166225 -0.00159818 -0.00165575 -0.0016162 -0.00156457 -0.00162983 -0.00173403 -0.00168037 -0.00172315 -0.00176704 -0.00173291 -0.00174266 -0.00166033 -0.00167578 -0.00172187 -0.00158254 -0.00143789 
-0.00147656 -0.00135095 -0.00129266 -0.00120017 0.00207295 0.00217705 0.00237002 0.00245041 0.00257262 0.13003 0.00245813 0.0024527 0.00238152 0.00221748 -0.00144658 -0.00157127 -0.00168604 -0.00188089 -0.00188185 -0.00217543 -0.00205841 -0.00202814 -0.00209851 -0.00192747 -0.00212558 -0.00197615 -0.00186142 -0.00190134 -0.00194015 -0.00181871 -0.00190378 -0.00182233 -0.00185645 -0.00180734 -0.00174275 -0.00173361 -0.00177125 -0.00186246 -0.00181864 -0.00170007 -0.00165853 -0.0017016 -0.00170809 -0.00171977 -0.00168424 -0.00167351 -0.00164502 -0.00170154 -0.00170065 -0.00171239 -0.00154369 -0.00155902 -0.00164932 -0.00156063 -0.00169593 -0.00170662 -0.00168267 -0.00166607 -0.00167529 -0.00176722 -0.00163768 -0.00169345 -0.00158852 -0.00143416 -0.00161923 -0.00162201 -0.00169867 -0.00160729 -0.00165736 -0.00165423 -0.00160135 -0.00171811 -0.00156169 -0.00164387 -0.00154261 -0.0015562 -0.00148514 -0.00166589 -0.00155106 -0.00154645 -0.00171365 -0.00156548 -0.00163739 -0.00166177 -0.00158162 -0.0015374 -0.00156675 -0.00156913 -0.00154543 -0.00166279 -0.0016629 -0.0016295 -0.00163961 -0.00157706 -0.00162192 -0.0015234 -0.00158996 -0.00160312 -0.001615 -0.0014648 
-0.00167518 -0.00155755 -0.00145753 -0.001404 -0.00128679 0.00220542 0.00224509 0.00238954 0.00251881 0.00245813 0.134915 0.00267278 0.00265675 0.00254818 0.00240102 0.00241545 -0.00147297 -0.00176166 -0.00182784 -0.00202358 -0.00215548 -0.00210035 -0.00220579 -0.00204848 -0.00225947 -0.00217074 -0.00206999 -0.00200335 -0.00210062 -0.00200543 -0.00199263 -0.00193183 -0.00201276 -0.00183408 -0.00183621 -0.00177096 -0.00186456 -0.00189281 -0.00191688 -0.00188961 -0.00184301 -0.00184652 -0.00184914 -0.00179459 -0.00195551 -0.00190786 -0.00178252 -0.00174414 -0.00171614 -0.00175898 -0.00184891 -0.00193137 -0.00170822 -0.00185629 -0.00174219 -0.00166719 -0.00173102 -0.00178396 -0.00173594 -0.00170484 -0.00170735 -0.00165759 -0.00162181 -0.00158949 -0.00171247 -0.00179712 -0.0016969 -0.00170629 -0.00171951 -0.00173406 -0.00170126 -0.00173022 -0.00178907 -0.00174804 -0.00169703 -0.00161501 -0.00167577 -0.0017786 -0.0017364 -0.00170155 -0.00171949 -0.00176655 -0.00174991 -0.00178064 -0.00177104 -0.001755 -0.00173755 -0.00161316 -0.00162131 -0.00174765 -0.00175637 -0.00171432 -0.00178867 -0.00183142 -0.0017342 -0.00181445 -0.00182368 -0.00184668 -0.00173056 -0.00157098 
-0.00171948 -0.00171943 -0.00160265 -0.00147747 -0.00143751 -0.00136788 0.00211396 0.00237903 0.00246078 0.0024527 0.00267278 0.136794 0.00282788 0.0028016 0.00255714 0.00255874 0.00242237 -0.00159048 -0.00158213 -0.00199067 -0.00206701 -0.00207302 -0.00221684 -0.00207123 -0.00235128 -0.00226362 -0.00210454 -0.00202074 -0.00200089 -0.00199377 -0.00199211 -0.00209316 -0.00200042 -0.00199065 -0.00189639 -0.00177135 -0.00197399 -0.00192594 -0.00199682 -0.0019701 -0.0018785 -0.00187903 -0.00190043 -0.00187882 -0.00190852 -0.00192028 -0.0017364 -0.00173422 -0.00188122 -0.00178651 -0.00185835 -0.00175294 -0.00185646 -0.0017839 -0.00177552 -0.00170265 -0.00183632 -0.00181305 -0.00184861 -0.00173387 -0.00180196 -0.00193673 -0.00171919 -0.00167199 -0.0018162 -0.00179995 -0.00177942 -0.00173048 -0.00174201 -0.00185704 -0.00174764 -0.00175181 -0.00176019 -0.00178307 -0.0016902 -0.00165673 -0.00176222 -0.00179699 -0.00182371 -0.00187033 -0.00171443 -0.00171984 -0.00172966 -0.00178559 -0.00182329 -0.00177621 -0.00181331 -0.001583 -0.00170347 -0.00169722 -0.00174747 -0.00173075 -0.00177041 -0.00169076 -0.00170921 -0.00177883 -0.0017433 -0.00180508 -0.0017786 -0.0017157 
-0.00166015 -0.00177323 -0.00163752 -0.00151793 -0.00140535 -0.00140459 -0.0013188 0.00228172 0.00241991 0.00238152 0.00265675 0.00282788 0.135351 0.00275068 0.00259214 0.00254979 0.00240376 -0.00160157 -0.00164818 -0.00184109 -0.00190001 -0.00198678 -0.00207066 -0.0019786 -0.00209919 -0.00216514 -0.00198577 -0.00200847 -0.00202515 -0.00183586 -0.00203893 -0.00191109 -0.00192015 -0.00190901 -0.00178929 -0.00180937 -0.00186727 -0.0019512 -0.00187904 -0.00197215 -0.00177456 -0.00176105 -0.00187534 -0.00188572 -0.0018735 -0.00188874 -0.00178641 -0.00175569 -0.00170547 -0.00168366 -0.00166564 -0.00169527 -0.00170987 -0.00168186 -0.00168525 -0.00180754 -0.00182305 -0.00178797 -0.00175458 -0.00178222 -0.00174392 -0.00172854 -0.00169914 -0.00158609 -0.00178506 -0.0017098 -0.00174139 -0.00175625 -0.00170593 -0.00163229 -0.00171425 -0.00168068 -0.00173926 -0.00174261 -0.00163569 -0.00159425 -0.00152177 -0.00178002 -0.00157454 -0.00168563 -0.0017729 -0.00172054 -0.00169895 -0.00176283 -0.00162975 -0.00172322 -0.00175058 -0.00162227 -0.00166936 -0.00176214 -0.001586 -0.00177969 -0.00167927 -0.00169722 -0.00174349 -0.00172873 -0.00172559 -0.00173495 -0.00173581 -0.00163952 
-0.00179066 -0.00189373 -0.00183556 -0.00175287 -0.00176209 -0.00165008 -0.0015406 -0.00141217 0.0022702 0.00221748 0.00254818 0.0028016 0.00275068 0.140613 0.00288616 0.00272881 0.00275206 0.00235524 0.00250189 -0.00164873 -0.00184578 -0.00182236 -0.00201983 -0.00210368 -0.00233002 -0.00224313 -0.00225052 -0.00220418 -0.00219687 -0.00208428 -0.00203077 -0.00206709 -0.00205396 -0.00206398 -0.00203443 -0.00198552 -0.00191285 -0.00196957 -0.00206177 -0.0020181 -0.00191348 -0.00184256 -0.00195912 -0.00187905 -0.00200138 -0.00193894 -0.00176377 -0.00179373 -0.00182488 -0.0018661 -0.00176766 -0.00178967 -0.00184047 -0.00184019 -0.00179502 -0.00194671 -0.00186146 -0.00181092 -0.00186445 -0.00185865 -0.00176993 -0.00179586 -0.00178124 -0.00178338 -0.00182031 -0.0018289 -0.00182397 -0.00187026 -0.00193178 -0.00184072 -0.00181779 -0.00183689 -0.00183839 -0.00181911 -0.00172078 -0.00174565 -0.00166027 -0.00183433 -0.00190012 -0.00181904 -0.00174833 -0.0019677 -0.00187528 -0.00188174 -0.00182933 -0.00175649 -0.00182555 -0.00175009 -0.00180599 -0.00191742 -0.00178033 -0.00184677 -0.00170115 -0.00186304 -0.00186873 -0.00185926 -0.00181249 -0.00183217 -0.00178295 -0.00173884 
-0.00183807 -0.00178899 -0.00174617 -0.00173019 -0.00182606 -0.00173821 -0.00170997 -0.00154204 -0.00153632 -0.00144658 0.00240102 0.00255714 0.00259214 0.00288616 0.139696 0.002954 0.00290288 0.00263703 0.0027833 0.00242698 -0.00163405 -0.00158922 -0.00167304 -0.00179322 -0.00221726 -0.00229079 -0.00214853 -0.00204163 -0.00206965 -0.00200955 -0.00205876 -0.00205184 -0.00203063 -0.00212484 -0.00188544 -0.00186847 -0.00197597 -0.00197733 -0.00200975 -0.00181927 -0.00180416 -0.00183243 -0.00182675 -0.00187232 -0.00191103 -0.00188898 -0.00189849 -0.00180601 -0.0018471 -0.00187405 -0.00184594 -0.0018132 -0.0018147 -0.00188622 -0.00182648 -0.00179339 -0.00180444 -0.00179624 -0.00171797 -0.00184034 -0.00175544 -0.00177635 -0.00173704 -0.00174386 -0.00180965 -0.00179524 -0.00179088 -0.001799 -0.00179889 -0.00179042 -0.00179045 -0.00177455 -0.00187744 -0.00175622 -0.0017642 -0.00171094 -0.00174297 -0.00176828 -0.00174388 -0.0017971 -0.00173948 -0.00183866 -0.00165021 -0.00174091 -0.0018384 -0.00174103 -0.00171417 -0.00174526 -0.0016792 -0.00180232 -0.00178637 -0.00179781 -0.00175011 -0.00186377 -0.00184565 -0.00183609 -0.00171609 -0.00185125 -0.00182122 -0.00168369 
-0.00194263 -0.00190302 -0.00178743 -0.00191709 -0.00184699 -0.00188247 -0.00171874 -0.00157522 -0.00157699 -0.00157127 0.00241545 0.00255874 0.00254979 0.00272881 0.002954 0.141097 0.00301338 0.00283669 0.00282439 0.00269084 -0.00158157 -0.001652 -0.00186734 -0.00194689 -0.00210604 -0.00223346 -0.00209867 -0.00216186 -0.00210224 -0.00201298 -0.00214858 -0.00203526 -0.00205075 -0.00208401 -0.0018391 -0.00192578 -0.00192353 -0.0018776 -0.00197987 -0.00195178 -0.00175411 -0.00193651 -0.00194814 -0.00191421 -0.00186683 -0.00193406 -0.00169693 -0.0017646 -0.00178416 -0.00182856 -0.00181151 -0.00178263 -0.00185249 -0.00183446 -0.00176221 -0.00177733 -0.00179695 -0.00185491 -0.00185756 -0.00180167 -0.00185858 -0.00174498 -0.00166538 -0.00173158 -0.00186288 -0.00179241 -0.00176343 -0.00185893 -0.00181211 -0.00181089 -0.00178366 -0.00184442 -0.00181307 -0.00185262 -0.00178893 -0.00170092 -0.00172544 -0.00181574 -0.00180099 -0.00185247 -0.0017884 -0.00176196 -0.00173414 -0.00179134 -0.00178004 -0.0018124 -0.00172984 -0.00166935 -0.00177687 -0.00175662 -0.00194355 -0.00179571 -0.00178611 -0.00184945 -0.00194065 -0.00178297 -0.00184526 -0.00185172 -0.0018385 -0.00169404 
-0.00193819 -0.00194063 -0.00195607 -0.002015 -0.00197136 -0.00208231 -0.00196895 -0.00187255 -0.00175093 -0.00168604 -0.00147297 0.00242237 0.00240376 0.00275206 0.00290288 0.00301338 0.146246 0.00311398 0.00307618 0.00309495 0.0026386 0.00268448 -0.00154636 -0.00178891 -0.00188443 -0.00214986 -0.00234199 -0.00223416 -0.00226266 -0.00228606 -0.00212498 -0.00231209 -0.00210715 -0.00211354 -0.00202406 -0.00205271 -0.00223143 -0.00207162 -0.00206844 -0.00208465 -0.00192082 -0.00211676 -0.00211026 -0.00200542 -0.00206313 -0.00206544 -0.00196119 -0.0019489 -0.0019025 -0.00182437 -0.00193787 -0.00197576 -0.00184687 -0.00192092 -0.00194955 -0.00189061 -0.00197228 -0.00195238 -0.00204552 -0.00192882 -0.00192515 -0.00188222 -0.0018524 -0.0018249 -0.00187971 -0.00182723 -0.00194726 -0.00193498 -0.00193259 -0.00200529 -0.00193055 -0.00203123 -0.00187482 -0.00188127 -0.00179533 -0.00183675 -0.00185326 -0.00196526 -0.00191983 -0.00195299 -0.00199897 -0.00190509 -0.00199332 -0.0020002 -0.00194737 -0.00199485 -0.00195433 -0.00186475 -0.0018073 -0.00194297 -0.00181323 -0.00190157 -0.00193991 -0.00197795 -0.00197636 -0.00195184 -0.00191994 -0.00200888 -0.00184232 -0.00187538 
-0.00189558 -0.00191351 -0.00194245 -0.00195705 -0.00190369 -0.00203658 -0.00199156 -0.00194945 -0.00197343 -0.00188089 -0.00176166 -0.00159048 -0.00160157 0.00235524 0.00263703 0.00283669 0.00311398 0.144639 0.00317742 0.00316657 0.00284287 0.00285868 0.00271096 -0.0015155 -0.00178952 -0.00193149 -0.00202493 -0.00219758 -0.00216751 -0.0021363 -0.00214465 -0.00217551 -0.00207542 -0.0020908 -0.00204415 -0.00201378 -0.00212348 -0.00202226 -0.00198095 -0.00203362 -0.00189625 -0.00197971 -0.00193254 -0.00205112 -0.00190335 -0.00198819 -0.00196506 -0.00191807 -0.00187088 -0.00186099 -0.00169416 -0.00180211 -0.00183367 -0.00183798 -0.00176171 -0.00191448 -0.00186566 -0.00187334 -0.00179062 -0.00187376 -0.00181477 -0.00179338 -0.00179527 -0.00177963 -0.00184415 -0.00183699 -0.00183354 -0.00189746 -0.00195212 -0.00181485 -0.00185291 -0.00189874 -0.00184592 -0.00185865 -0.00175383 -0.0017007 -0.00177262 -0.00184149 -0.00186453 -0.00184933 -0.00191499 -0.00189738 -0.00181284 -0.00186232 -0.00192012 -0.0018187 -0.00191663 -0.00173207 -0.00174468 -0.00175409 -0.00195239 -0.00189102 -0.00183668 -0.00190017 -0.00193167 -0.00189211 -0.00184392 -0.00196272 -0.00190807 -0.00176634 
-0.00193349 -0.00188646 -0.00188518 -0.00188096 -0.00202276 -0.00200367 -0.00198375 -0.00210242 -0.00197591 -0.00188185 -0.00182784 -0.00158213 -0.00164818 0.00250189 0.0027833 0.00282439 0.00307618 0.00317742 0.145731 0.00312995 0.00285606 0.00282974 0.00272859 -0.00162978 -0.00181434 -0.00186691 -0.00189138 -0.00217717 -0.00216257 -0.00217963 -0.00220908 -0.00203702 -0.00208429 -0.00213226 -0.00194374 -0.00201355 -0.00206765 -0.00207081 -0.00198197 -0.00203363 -0.00190485 -0.00191994 -0.00194573 -0.00196772 -0.00193286 -0.00200733 -0.0018529 -0.00189887 -0.00181322 -0.00187888 -0.00198849 -0.00181407 -0.00177129 -0.00189238 -0.00183424 -0.00183779 -0.00189742 -0.00182297 -0.00182287 -0.00188215 -0.00188024 -0.00193504 -0.00184218 -0.00181203 -0.00190075 -0.00196763 -0.00190144 -0.00185526 -0.00199888 -0.00187688 -0.00188621 -0.00184255 -0.00184365 -0.00192651 -0.00180688 -0.00174009 -0.00183254 -0.00185143 -0.00185547 -0.00179107 -0.00177493 -0.00191877 -0.00195478 -0.00190773 -0.00190759 -0.00188451 -0.00180094 -0.00176893 -0.0017897 -0.0019097 -0.00193186 -0.00202433 -0.00195057 -0.00186528 -0.0019131 -0.00183457 -0.00191416 -0.00188785 -0.00192426 -0.00183187 
-0.0020337 -0.00200497 -0.00191913 -0.00193819 -0.00202577 -0.00215742 -0.00207412 -0.00213824 -0.00222106 -0.00217543 -0.00202358 -0.00199067 -0.00184109 -0.00164873 0.00242698 0.00269084 0.00309495 0.00316657 0.00312995 0.149432 0.00318438 0.00317375 0.00294598 0.00267761 0.00267195 -0.00169278 -0.00194483 -0.00191759 -0.00215252 -0.00207934 -0.00237499 -0.0023148 -0.00212027 -0.00219667 -0.00205492 -0.00206249 -0.00217105 -0.00223034 -0.00215113 -0.00222972 -0.00208826 -0.00207825 -0.00205906 -0.00215459 -0.00214774 -0.00219779 -0.00205117 -0.00207745 -0.00206907 -0.00198362 -0.0019815 -0.00202169 -0.00189361 -0.00198755 -0.00194736 -0.00199747 -0.001958 -0.00193044 -0.00203773 -0.00200722 -0.00201427 -0.00183063 -0.00184612 -0.0017883 -0.00204439 -0.00202143 -0.00194319 -0.00200966 -0.00201362 -0.00199873 -0.00194427 -0.00203086 -0.00193967 -0.00201066 -0.00186715 -0.00188249 -0.0018377 -0.00195328 -0.00195458 -0.00197477 -0.00196308 -0.00193622 -0.00191764 -0.00202159 -0.00194514 -0.00192826 -0.00206 -0.00190598 -0.00185278 -0.00195404 -0.00197686 -0.00197179 -0.00199588 -0.00197997 -0.00191873 -0.00199207 -0.0020178 -0.00188814 -0.00202019 -0.00188826 
-0.00190737 -0.00202252 -0.00195381 -0.00199314 -0.00197301 -0.00208058 -0.00211185 -0.00205001 -0.00214275 -0.00205841 -0.00215548 -0.00206701 -0.00190001 -0.00184578 -0.00163405 -0.00158157 0.0026386 0.00284287 0.00285606 0.00318438 0.146374 0.00333475 0.00312407 0.00284468 0.00285458 0.0026464 -0.00160129 -0.00175844 -0.00188359 -0.00184298 -0.00209637 -0.00219996 -0.00206397 -0.00202044 -0.00203134 -0.00204894 -0.00217904 -0.00199182 -0.00206033 -0.00202417 -0.0019476 -0.00185383 -0.00204942 -0.00199923 -0.00200747 -0.00201445 -0.00193014 -0.00193165 -0.00197532 -0.0019584 -0.00196158 -0.00184611 -0.00182737 -0.00186679 -0.0019535 -0.00192465 -0.00192944 -0.00191603 -0.00193406 -0.00191258 -0.00182281 -0.0017977 -0.00183314 -0.00168569 -0.00183127 -0.00186191 -0.00199233 -0.00194374 -0.00180463 -0.00187757 -0.00192994 -0.00181775 -0.00176412 -0.00184084 -0.00182579 -0.00179674 -0.00175032 -0.00176761 -0.00186013 -0.00194649 -0.00194111 -0.0018366 -0.00191369 -0.00194463 -0.00194131 -0.00189772 -0.00192986 -0.00176178 -0.00192411 -0.00180199 -0.00197433 -0.00174507 -0.00195416 -0.00190966 -0.00185626 -0.00196494 -0.00197257 -0.00192763 -0.0019383 -0.00179465 
-0.00191444 -0.00194246 -0.00190484 -0.00193337 -0.00188681 -0.00217355 -0.00196359 -0.00203286 -0.00213147 -0.00202814 -0.00210035 -0.00207302 -0.00198678 -0.00182236 -0.00158922 -0.001652 0.00268448 0.00285868 0.00282974 0.00317375 0.00333475 0.146373 0.00319109 0.00272933 0.00275058 0.00259701 -0.00170959 -0.00172305 -0.00183473 -0.00176681 -0.00208173 -0.002101 -0.00204776 -0.00210056 -0.00195513 -0.00200691 -0.00215285 -0.00214288 -0.00207129 -0.00203037 -0.00195101 -0.00195242 -0.00208042 -0.00197129 -0.00198358 -0.00194176 -0.0019467 -0.00185037 -0.00195795 -0.00187665 -0.00197731 -0.00187826 -0.00186494 -0.00189646 -0.00184003 -0.00185887 -0.00181658 -0.00182106 -0.00192094 -0.00192941 -0.00190402 -0.00197709 -0.00177601 -0.00178292 -0.00185019 -0.00176216 -0.00198174 -0.00197894 -0.00194094 -0.00190913 -0.00199124 -0.00189855 -0.00187287 -0.0020283 -0.00172007 -0.0018178 -0.00191411 -0.00190552 -0.001928 -0.00188463 -0.00182994 -0.00185744 -0.00193396 -0.00188285 -0.00183344 -0.00186722 -0.00195752 -0.00181938 -0.00177098 -0.00182617 -0.00196413 -0.00185509 -0.00188733 -0.00184757 -0.00195662 -0.00188236 -0.00197351 -0.00187756 -0.00188143 -0.00181766 
-0.00182422 -0.00188242 -0.00188235 -0.00189901 -0.00195514 -0.00212433 -0.00210432 -0.002099 -0.00221693 -0.00209851 -0.00220579 -0.00221684 -0.00207066 -0.00201983 -0.00167304 -0.00186734 -0.00154636 0.00271096 0.00272859 0.00294598 0.00312407 0.00319109 0.145467 0.00295307 0.00283622 0.00275692 0.00235252 -0.00158761 -0.00173709 -0.00168516 -0.00190732 -0.00192039 -0.00210648 -0.00212394 -0.00191358 -0.00191556 -0.00204978 -0.00204066 -0.00198134 -0.00198721 -0.00190917 -0.00191931 -0.00201079 -0.00196029 -0.00200219 -0.00205397 -0.00191494 -0.00195352 -0.0018836 -0.00194755 -0.00190609 -0.00182724 -0.00189551 -0.00187474 -0.00184979 -0.00183475 -0.00179672 -0.00189114 -0.00186541 -0.00186897 -0.0018103 -0.00180955 -0.00170598 -0.00183794 -0.00181783 -0.00181681 -0.00190133 -0.00186665 -0.00183962 -0.0019308 -0.00187302 -0.00182325 -0.00188916 -0.00194853 -0.00172902 -0.00182079 -0.00184879 -0.00198519 -0.00188559 -0.00193644 -0.0019459 -0.00185199 -0.00191466 -0.00190806 -0.00182872 -0.00187896 -0.00191275 -0.00180164 -0.00183392 -0.00195768 -0.0018223 -0.00188278 -0.00185663 -0.00181423 -0.00186252 -0.00182782 -0.00179198 -0.00182387 -0.00186364 -0.00180217 
-0.00174005 -0.00184441 -0.00185397 -0.00182923 -0.00180215 -0.0020283 -0.00188742 -0.00183413 -0.00190474 -0.00192747 -0.00204848 -0.00207123 -0.0019786 -0.00210368 -0.00179322 -0.00194689 -0.00178891 -0.0015155 -0.00162978 0.00267761 0.00284468 0.00272933 0.00295307 0.14142 0.00302565 0.00283689 0.00252519 0.00240688 -0.00151451 -0.00156394 -0.00168195 -0.00169475 -0.00185423 -0.00191553 -0.00181527 -0.00183118 -0.00195916 -0.00199265 -0.00205108 -0.00193792 -0.00185721 -0.00181401 -0.00187986 -0.00193057 -0.00181542 -0.00183655 -0.00180462 -0.00184657 -0.00179732 -0.00184164 -0.00179687 -0.00171326 -0.00184021 -0.0017392 -0.0018059 -0.00177278 -0.00175267 -0.001719 -0.00180973 -0.00175937 -0.00181038 -0.00176987 -0.00168646 -0.00151465 -0.00172057 -0.00178741 -0.00177078 -0.00180021 -0.00177706 -0.00177102 -0.00169293 -0.00169263 -0.00167086 -0.00171609 -0.00163591 -0.0018061 -0.00179747 -0.00177032 -0.00173975 -0.00182403 -0.00177596 -0.00171352 -0.00182379 -0.00176432 -0.00174702 -0.00176066 -0.001741 -0.00169941 -0.00175881 -0.00174051 -0.00179073 -0.00183514 -0.00179638 -0.00171798 -0.00178354 -0.00173384 -0.00171817 -0.00177027 -0.00180865 -0.00171186 
-0.00194909 -0.00195083 -0.00193634 -0.00193936 -0.00197143 -0.00205981 -0.00210825 -0.0020691 -0.00211457 -0.00212558 -0.00225947 -0.00235128 -0.00209919 -0.00233002 -0.00221726 -0.00210604 -0.00188443 -0.00178952 -0.00181434 0.00267195 0.00285458 0.00275058 0.00283622 0.00302565 0.146071 0.00305241 0.00282247 0.00257606 0.0023931 0.00245421 -0.00150054 -0.00172828 -0.00171161 -0.00195445 -0.00205497 -0.00201611 -0.00204046 -0.0021606 -0.00214746 -0.00205885 -0.00192861 -0.00191736 -0.00206358 -0.00210173 -0.0019284 -0.0020855 -0.00189117 -0.00195025 -0.00193872 -0.00188231 -0.00197349 -0.00198364 -0.00191835 -0.00190823 -0.00191671 -0.00188014 -0.00193984 -0.00191799 -0.00187279 -0.00183992 -0.00197367 -0.00195952 -0.00180845 -0.00180271 -0.00194093 -0.00190871 -0.00197505 -0.00187299 -0.00185003 -0.00194282 -0.00197336 -0.00191355 -0.00191561 -0.00192477 -0.0018736 -0.00185955 -0.00186362 -0.00195684 -0.00188933 -0.00190432 -0.00191887 -0.00196089 -0.00199305 -0.00191304 -0.00192301 -0.00183979 -0.00200964 -0.00190187 -0.00174633 -0.00191782 -0.00190074 -0.00188611 -0.00197775 -0.00198181 -0.00193398 -0.00189851 -0.00191582 -0.00187139 -0.00184598 -0.0017742 
-0.00193311 -0.00191003 -0.00192089 -0.00195543 -0.00194384 -0.00211159 -0.00214351 -0.00207442 -0.00210854 -0.00197615 -0.00217074 -0.00226362 -0.00216514 -0.00224313 -0.00229079 -0.00223346 -0.00214986 -0.00193149 -0.00186691 -0.00169278 0.0026464 0.00259701 0.00275692 0.00283689 0.00305241 0.144265 0.00279732 0.00282936 0.00250333 0.00256131 0.00225073 -0.00157206 -0.00157862 -0.00174013 -0.00180058 -0.00187822 -0.00202174 -0.00212266 -0.00197572 -0.00207063 -0.0018608 -0.00188935 -0.00203077 -0.00202545 -0.0019364 -0.00202473 -0.00196891 -0.00194801 -0.00193857 -0.0019789 -0.00194458 -0.00188871 -0.00201388 -0.00193343 -0.00196482 -0.00183779 -0.00188289 -0.00192257 -0.00182178 -0.00187435 -0.00184922 -0.00188539 -0.00177412 -0.00176736 -0.00178983 -0.00190408 -0.00187066 -0.00183534 -0.0020108 -0.00195725 -0.00193032 -0.00198766 -0.00189856 -0.00192164 -0.00183239 -0.00182631 -0.00179155 -0.00192403 -0.00180683 -0.00189881 -0.00195831 -0.00193504 -0.00191504 -0.00181565 -0.00186055 -0.00184616 -0.00189482 -0.00176802 -0.0017516 -0.00184571 -0.00189368 -0.00186441 -0.00186901 -0.00180382 -0.00192015 -0.00182074 -0.00192791 -0.00183672 -0.00185016 -0.00172443 
-0.00172743 -0.00175062 -0.00189488 -0.00180434 -0.00184403 -0.00206174 -0.00198744 -0.00200996 -0.00204756 -0.00186142 -0.00206999 -0.00210454 -0.00198577 -0.00225052 -0.00214853 -0.00209867 -0.00234199 -0.00202493 -0.00189138 -0.00194483 -0.00160129 -0.00170959 0.00235252 0.00252519 0.00282247 0.00279732 0.139297 0.00281414 0.00265494 0.00258089 0.0025121 0.00236614 -0.0014883 -0.00150509 -0.00161846 -0.00165931 -0.00174638 -0.001852 -0.00182708 -0.00188724 -0.0017774 -0.00185506 -0.00190314 -0.00193562 -0.00186945 -0.00190087 -0.00189654 -0.0017825 -0.00174886 -0.00180588 -0.00178893 -0.00174881 -0.00172266 -0.00171302 -0.00177745 -0.00174479 -0.00173721 -0.00171167 -0.00181542 -0.00174362 -0.00180804 -0.00172399 -0.00170248 -0.00174284 -0.00179672 -0.00174371 -0.00176299 -0.00167799 -0.00172655 -0.00179187 -0.0017647 -0.00174117 -0.00178539 -0.00177256 -0.00168829 -0.00171992 -0.00166181 -0.00173971 -0.00178709 -0.00173341 -0.00183276 -0.0017751 -0.00171086 -0.00181709 -0.00178934 -0.00175904 -0.00176847 -0.00168357 -0.00164276 -0.00173508 -0.00176931 -0.00179482 -0.00178815 -0.00175075 -0.0017304 -0.00174038 -0.00170289 -0.00176385 -0.00183927 -0.0017336 
-0.00182513 -0.00185983 -0.00177266 -0.00173727 -0.00177783 -0.00201057 -0.00194241 -0.00187887 -0.00205655 -0.00190134 -0.00200335 -0.00202074 -0.00200847 -0.00220418 -0.00204163 -0.00216186 -0.00223416 -0.00219758 -0.00217717 -0.00191759 -0.00175844 -0.00172305 -0.00158761 0.00240688 0.00257606 0.00282936 0.00281414 0.136909 0.00283298 0.00273816 0.00246556 0.00242064 0.0020884 -0.00136267 -0.00143139 -0.00153581 -0.00161749 -0.00165712 -0.00178767 -0.00175652 -0.00179348 -0.0016672 -0.00175697 -0.00181775 -0.00180676 -0.00180031 -0.00163545 -0.00175398 -0.00175896 -0.00176455 -0.00177311 -0.00173979 -0.00176164 -0.00169635 -0.00180738 -0.00175704 -0.00177251 -0.00177701 -0.00171403 -0.00172924 -0.00169501 -0.00179506 -0.00167486 -0.00160243 -0.00174116 -0.00177119 -0.00168225 -0.00170824 -0.00175473 -0.00179433 -0.00180236 -0.00173326 -0.00168973 -0.00170128 -0.00165996 -0.00170691 -0.00163223 -0.0017081 -0.00174255 -0.00171608 -0.00174285 -0.00173349 -0.00171637 -0.00175624 -0.00177879 -0.00167903 -0.00171076 -0.00163456 -0.00168614 -0.00171988 -0.00177629 -0.00164191 -0.00182486 -0.00180176 -0.00170014 -0.00174092 -0.00173428 -0.00179281 -0.00179 -0.00177831 
-0.00171318 -0.00174325 -0.0017399 -0.00171243 -0.00171654 -0.00180189 -0.00191392 -0.00194298 -0.00185327 -0.00194015 -0.00210062 -0.00200089 -0.00202515 -0.00219687 -0.00206965 -0.00210224 -0.00226266 -0.00216751 -0.00216257 -0.00215252 -0.00188359 -0.00183473 -0.00173709 -0.00151451 0.0023931 0.00250333 0.00265494 0.00283298 0.135358 0.00287022 0.00264105 0.00239456 0.00239941 0.00222585 -0.00134992 -0.00145181 -0.00153824 -0.00160531 -0.0016937 -0.00177083 -0.00165987 -0.00172107 -0.00179527 -0.00169729 -0.00172848 -0.00184035 -0.00175446 -0.00178833 -0.00176851 -0.00170726 -0.00168115 -0.00155611 -0.00168692 -0.00165784 -0.00172539 -0.00169951 -0.00180726 -0.00175526 -0.00168634 -0.00185715 -0.00165875 -0.00175965 -0.00160818 -0.00167633 -0.00170819 -0.00167476 -0.00171644 -0.00167502 -0.00175366 -0.00176393 -0.00181103 -0.0016962 -0.00167129 -0.00171583 -0.0016389 -0.00169829 -0.00159984 -0.00161245 -0.00166982 -0.00172074 -0.00176524 -0.00173115 -0.00169169 -0.00173335 -0.00179833 -0.00167877 -0.00173064 -0.00170575 -0.00171661 -0.0017406 -0.00169625 -0.00163743 -0.00171358 -0.00167937 -0.00159569 -0.00168285 -0.00168888 -0.00166854 -0.00176411 -0.00175395 
-0.00177215 -0.00166189 -0.00178077 -0.00167185 -0.00182259 -0.00189949 -0.00191303 -0.00193562 -0.00182369 -0.00181871 -0.00200543 -0.00199377 -0.00183586 -0.00208428 -0.00200955 -0.00201298 -0.00228606 -0.0021363 -0.00217963 -0.00207934 -0.00184298 -0.00176681 -0.00168516 -0.00156394 0.00245421 0.00256131 0.00258089 0.00273816 0.00287022 0.133735 0.00263811 0.00245325 0.00232629 0.00224431 -0.0013549 -0.00137 -0.00150107 -0.00158553 -0.0016459 -0.00176155 -0.00165918 -0.00168225 -0.00174228 -0.00177931 -0.00176725 -0.00182622 -0.00174718 -0.00166453 -0.0017163 -0.00162683 -0.0017302 -0.00168239 -0.00169194 -0.00166027 -0.00171255 -0.00168466 -0.00172961 -0.00169932 -0.00170345 -0.00176182 -0.00166874 -0.00176899 -0.00165145 -0.00167529 -0.00172703 -0.00170195 -0.00167012 -0.00166618 -0.00177401 -0.00172512 -0.00178698 -0.0016946 -0.00168924 -0.00171246 -0.00163638 -0.00163604 -0.00168884 -0.0016543 -0.00174806 -0.00175085 -0.00176302 -0.00165006 -0.00176126 -0.00166565 -0.00171518 -0.00160274 -0.00168896 -0.00155404 -0.00159628 -0.00166069 -0.00165377 -0.00169113 -0.00165589 -0.00167943 -0.00167709 -0.00180714 -0.00179004 -0.00164034 -0.00168489 -0.00156889 
-0.00173277 -0.00178259 -0.0016863 -0.00181674 -0.00181006 -0.0019628 -0.0019195 -0.00200245 -0.00200183 -0.00190378 -0.00199263 -0.00199211 -0.00203893 -0.00203077 -0.00205876 -0.00214858 -0.00212498 -0.00214465 -0.00220908 -0.00237499 -0.00209637 -0.00208173 -0.00190732 -0.00168195 -0.00150054 0.00225073 0.0025121 0.00246556 0.00264105 0.00263811 0.134729 0.00274547 0.00251297 0.00236213 0.00217398 0.00213572 -0.00140012 -0.00146007 -0.00156068 -0.00168017 -0.00178791 -0.00171659 -0.00184525 -0.00177655 -0.00184255 -0.00184076 -0.00164432 -0.00172948 -0.00175688 -0.00180415 -0.00172595 -0.00177358 -0.00176867 -0.00168134 -0.00174106 -0.00179458 -0.00182449 -0.00172082 -0.00166935 -0.0016607 -0.00174061 -0.00176981 -0.00163815 -0.00166256 -0.00176542 -0.00172699 -0.00180125 -0.00168392 -0.00172446 -0.00170896 -0.00170767 -0.00158026 -0.00164947 -0.00169122 -0.00166756 -0.00164957 -0.00166574 -0.00171499 -0.00169336 -0.00177926 -0.00177311 -0.00177873 -0.00159478 -0.00179094 -0.00173468 -0.00173168 -0.00168173 -0.0016771 -0.00165284 -0.0017626 -0.00179575 -0.00172167 -0.00178411 -0.00179442 -0.00179974 -0.00182089 -0.00174965 -0.00178467 -0.0018632 -0.00164548 
-0.00171959 -0.00173908 -0.00168302 -0.00179286 -0.00176434 -0.00195056 -0.0020082 -0.00200424 -0.00192025 -0.00182233 -0.00193183 -0.00209316 -0.00191109 -0.00206709 -0.00205184 -0.00203526 -0.00231209 -0.00217551 -0.00203702 -0.0023148 -0.00219996 -0.002101 -0.00192039 -0.00169475 -0.00172828 -0.00157206 0.00236614 0.00242064 0.00239456 0.00245325 0.00274547 0.133053 0.00254733 0.0024028 0.00228045 0.00222236 0.00218707 -0.00128764 -0.00135151 -0.0015803 -0.00164752 -0.00157344 -0.00185213 -0.00176958 -0.00183833 -0.00177043 -0.00174638 -0.00171514 -0.00171942 -0.00169725 -0.00167065 -0.0016322 -0.00171284 -0.00159723 -0.00171139 -0.00172294 -0.00174317 -0.00175635 -0.00174309 -0.00167622 -0.00170945 -0.00176856 -0.0016001 -0.00166546 -0.00173077 -0.00171188 -0.00176328 -0.00172603 -0.00170803 -0.00177631 -0.00175468 -0.00172355 -0.00166112 -0.0016816 -0.00160232 -0.00159103 -0.00164928 -0.00171002 -0.00168994 -0.00173316 -0.00171726 -0.00169944 -0.00161795 -0.00179825 -0.00175493 -0.0017412 -0.00172534 -0.00168127 -0.00164157 -0.0017514 -0.00174871 -0.00175741 -0.00161945 -0.00171464 -0.00172102 -0.00161284 -0.00180576 -0.00164267 -0.00169646 -0.00160347 
-0.00170255 -0.00172479 -0.00173422 -0.0017293 -0.00179387 -0.0018954 -0.00189291 -0.00186785 -0.00189183 -0.00185645 -0.00201276 -0.00200042 -0.00192015 -0.00205396 -0.00203063 -0.00205075 -0.00210715 -0.00207542 -0.00208429 -0.00212027 -0.00206397 -0.00204776 -0.00210648 -0.00185423 -0.00171161 -0.00157862 -0.0014883 0.0020884 0.00239941 0.00232629 0.00251297 0.00254733 0.13107 0.00261001 0.00226808 0.00231936 0.00221251 0.0020427 -0.0013221 -0.00144914 -0.00146397 -0.00147613 -0.0017492 -0.00172851 -0.0017181 -0.00175584 -0.00167354 -0.00171733 -0.00166435 -0.00164273 -0.00160234 -0.00167287 -0.00164305 -0.00168405 -0.00174476 -0.00166007 -0.00168736 -0.0016471 -0.00169784 -0.00163256 -0.00169973 -0.00176729 -0.0016657 -0.001664 -0.00170427 -0.00174042 -0.00165985 -0.0016842 -0.00167437 -0.00171152 -0.00161806 -0.00163958 -0.00168776 -0.001582 -0.00157418 -0.00156707 -0.00159562 -0.0016853 -0.0016577 -0.00168613 -0.0016187 -0.00171648 -0.00173633 -0.00167899 -0.00166806 -0.00167732 -0.00168752 -0.00163072 -0.00158611 -0.00167328 -0.00171225 -0.0016846 -0.00166012 -0.00178628 -0.00168157 -0.00169187 -0.00175282 -0.00164936 -0.00168824 -0.00172316 
