0.123037 0.0021873 0.00217983 0.00209972 0.00198914 0.002044 -0.00115545 -0.00126332 -0.0013471 -0.00139152 -0.00165327 -0.00175137 -0.00155865 -0.0017818 -0.00178144 -0.00184823 -0.00195419 -0.00200256 -0.00193215 -0.00191903 -0.00190389 -0.00175264 -0.00190058 -0.00181823 -0.00198275 -0.00194924 -0.00175548 -0.00174606 -0.00171942 -0.00173005 -0.00176991 -0.00173691 -0.00171232 -0.00173033 -0.00159168 -0.0016141 -0.00166521 -0.00167842 -0.00161399 -0.00166088 -0.00159085 -0.00154512 -0.00153656 -0.00154519 -0.00167099 -0.00158922 -0.00149507 -0.00156155 -0.00146639 -0.00151048 -0.00157395 -0.00147398 -0.00150533 -0.00149835 -0.00145703 -0.00154273 -0.00151254 -0.00144428 -0.00151042 -0.00140364 -0.00153901 -0.00155671 -0.00147242 -0.00139952 -0.00145271 -0.00150783 -0.00153223 -0.00145955 -0.00150251 -0.00155382 -0.00152361 -0.0014387 -0.00151077 -0.0015368 -0.00144819 -0.0014356 -0.00135706 -0.00151863 -0.00150851 -0.00153405 -0.0014536 -0.00151835 -0.00146472 -0.00152602 -0.00149952 -0.00150097 -0.00151336 -0.00148898 -0.00145817 -0.00146705 -0.00155469 -0.00147023 -0.00137215 -0.00124013 -0.00127789 -0.00116805 0.00186635 0.00197596 0.00212819 0.00206088 
0.0021873 0.123658 0.00224187 0.00222188 0.00215714 0.00224489 0.00200732 -0.00121139 -0.00130351 -0.00130407 -0.00151595 -0.00171538 -0.00168031 -0.00180467 -0.00182739 -0.00175921 -0.00191572 -0.00195103 -0.00185641 -0.00206801 -0.00184121 -0.00190018 -0.00189117 -0.00186044 -0.002055 -0.00193847 -0.00178688 -0.00180854 -0.00180855 -0.00173053 -0.00169944 -0.00170413 -0.0018038 -0.00182391 -0.00157289 -0.00158191 -0.00165605 -0.00159835 -0.00169421 -0.00156404 -0.00150693 -0.00157787 -0.00159285 -0.00157672 -0.00158896 -0.00167179 -0.00155048 -0.00149861 -0.00151271 -0.00149996 -0.00156603 -0.00143335 -0.00153535 -0.00152958 -0.00146506 -0.0014581 -0.00152079 -0.00149366 -0.00163755 -0.0015089 -0.0015369 -0.00146721 -0.00149146 -0.00137351 -0.00150046 -0.00157403 -0.00147422 -0.00155053 -0.00149564 -0.0015095 -0.00154993 -0.00150837 -0.00151588 -0.00147481 -0.00146498 -0.00153837 -0.00142754 -0.00155629 -0.00150191 -0.00158286 -0.00154981 -0.0015762 -0.00149792 -0.00149299 -0.00152387 -0.00157292 -0.00145467 -0.00153115 -0.00147521 -0.00159611 -0.00147738 -0.00146188 -0.00139545 -0.00128485 -0.00127891 -0.00124817 -0.00119238 0.00188785 0.0019637 0.0020925 
0.00217983 0.00224187 0.123934 0.0022442 0.00219713 0.00219419 0.00208663 0.00212384 -0.0011304 -0.00131579 -0.00141943 -0.00173483 -0.00154899 -0.00182582 -0.0018257 -0.00182377 -0.00197931 -0.00193404 -0.00182047 -0.00195636 -0.00193873 -0.00191893 -0.00200185 -0.00175803 -0.00189433 -0.00188515 -0.00179043 -0.00165879 -0.00179602 -0.00172789 -0.00175276 -0.00171719 -0.00169083 -0.00174544 -0.00165852 -0.00160848 -0.00166433 -0.00162367 -0.00165171 -0.00162545 -0.00156186 -0.00157207 -0.00166611 -0.00160388 -0.0015915 -0.00164776 -0.00150997 -0.00161608 -0.00158126 -0.00154241 -0.00157658 -0.00154632 -0.00149387 -0.00155595 -0.00158192 -0.00158337 -0.00150106 -0.00149998 -0.00153139 -0.00151063 -0.00152989 -0.00144674 -0.00152178 -0.00139273 -0.00150389 -0.0015507 -0.00146674 -0.00157598 -0.00153636 -0.00153235 -0.00152454 -0.00145726 -0.00154522 -0.0015162 -0.00155027 -0.00150845 -0.00145962 -0.00155522 -0.0015722 -0.0015296 -0.00145163 -0.00155676 -0.0014923 -0.00145225 -0.00149439 -0.00161841 -0.00155228 -0.00146279 -0.00142228 -0.00154233 -0.00151869 -0.00148845 -0.00146108 -0.00137654 -0.00145361 -0.00132223 -0.00126434 -0.00121186 0.00192471 0.00198935 
0.00209972 0.00222188 0.0022442 0.124385 0.00233893 0.00234349 0.00221224 0.00219352 0.00205739 -0.00117552 -0.0012052 -0.00156941 -0.00151169 -0.00175306 -0.00176795 -0.00182704 -0.00192948 -0.0019888 -0.00186883 -0.00206225 -0.00201613 -0.00190568 -0.00192945 -0.00180032 -0.0019435 -0.00195611 -0.00178392 -0.00180486 -0.00175529 -0.00182436 -0.00179909 -0.00175317 -0.00171452 -0.00166771 -0.00164616 -0.00164213 -0.00163736 -0.00166944 -0.00167354 -0.00160852 -0.00156906 -0.00157646 -0.00165423 -0.00163191 -0.00159704 -0.00166107 -0.0014828 -0.00151569 -0.00159248 -0.00154468 -0.00160439 -0.0016282 -0.00156565 -0.00160758 -0.00155705 -0.00159878 -0.00154205 -0.00154871 -0.0015572 -0.00158483 -0.00141955 -0.00143133 -0.00144354 -0.0014345 -0.00145803 -0.0015466 -0.00148754 -0.00159003 -0.00154675 -0.00152624 -0.00159173 -0.00147923 -0.00154625 -0.00151393 -0.00147247 -0.00149207 -0.0015325 -0.00153057 -0.00161708 -0.0015317 -0.00152867 -0.00153956 -0.00152615 -0.00139371 -0.00151063 -0.00158933 -0.0015344 -0.0014513 -0.00151915 -0.00154956 -0.00152654 -0.00145407 -0.0015193 -0.00151879 -0.00156725 -0.00143361 -0.00134407 -0.00131016 -0.00119831 0.00192057 
0.00198914 0.00215714 0.00219713 0.00233893 0.125109 0.00242227 0.00237549 0.00219698 0.00220029 0.00217801 -0.00120308 -0.00143668 -0.00147681 -0.00162156 -0.00190012 -0.00183531 -0.00202866 -0.00192344 -0.00191662 -0.00201979 -0.00198416 -0.00190099 -0.00196882 -0.00183598 -0.00204298 -0.00189829 -0.00187058 -0.00185988 -0.00180307 -0.00180975 -0.00171426 -0.00172844 -0.0017437 -0.00178896 -0.00164267 -0.00155531 -0.00170096 -0.0017335 -0.0016944 -0.00162302 -0.00159746 -0.00162876 -0.00159442 -0.00174437 -0.00163614 -0.00160506 -0.00157643 -0.00152555 -0.00155642 -0.00151122 -0.00161394 -0.00165416 -0.00154358 -0.00155355 -0.0015971 -0.00153748 -0.00155954 -0.00153977 -0.00164946 -0.00160034 -0.00153454 -0.00154966 -0.00147653 -0.00141438 -0.00157635 -0.00149242 -0.00148998 -0.00155416 -0.0015549 -0.00150766 -0.00154623 -0.0015388 -0.00148071 -0.00161594 -0.00148786 -0.00144812 -0.00148697 -0.0015129 -0.00154789 -0.00159402 -0.00154846 -0.00151978 -0.00154513 -0.00150968 -0.00155176 -0.00156561 -0.00152348 -0.00146817 -0.00145826 -0.00161265 -0.00158103 -0.00157627 -0.00147819 -0.00154018 -0.00154759 -0.0015526 -0.00147935 -0.00132045 -0.001163 -0.00112652 
0.002044 0.00224489 0.00219419 0.00234349 0.00242227 0.1283 0.00240602 0.0023987 0.00233567 0.00227952 0.00209651 -0.00138718 -0.0013369 -0.00159227 -0.00190409 -0.00180831 -0.00205383 -0.00201684 -0.00195743 -0.00202368 -0.00213278 -0.00209919 -0.00206284 -0.00193686 -0.00222836 -0.00208663 -0.00201222 -0.00189133 -0.00184519 -0.00178176 -0.00185637 -0.00188312 -0.0018111 -0.00198291 -0.00173871 -0.00169801 -0.00183014 -0.0018156 -0.00171014 -0.00180075 -0.00167174 -0.00163143 -0.00172688 -0.00159375 -0.00175376 -0.00170835 -0.00168015 -0.00167224 -0.00165331 -0.00164275 -0.0016757 -0.00154186 -0.00162935 -0.00159464 -0.00162128 -0.00167707 -0.00174105 -0.00168986 -0.00168553 -0.00170473 -0.00169611 -0.00169117 -0.0015891 -0.00164053 -0.00162079 -0.00166072 -0.00159238 -0.00161288 -0.00163361 -0.00160017 -0.00167832 -0.00157924 -0.00163559 -0.00166709 -0.00152007 -0.00147693 -0.00156131 -0.00162827 -0.00162594 -0.00161924 -0.00155297 -0.00157031 -0.00159246 -0.00154964 -0.00159575 -0.00159321 -0.00157439 -0.00154138 -0.00159482 -0.00160705 -0.00162968 -0.00159043 -0.00164935 -0.0016452 -0.00168838 -0.00168528 -0.00156194 -0.00142508 -0.00128508 -0.00122351 
-0.00115545 0.00200732 0.00208663 0.00221224 0.00237549 0.00240602 0.128932 0.00248674 0.00239646 0.00227502 0.00218895 0.00211046 -0.00128875 -0.00152052 -0.00174277 -0.001831 -0.00197321 -0.00205033 -0.00199075 -0.00224573 -0.00201424 -0.00204421 -0.00212338 -0.00194086 -0.0021483 -0.00200647 -0.00193276 -0.00199044 -0.00192675 -0.00191917 -0.00188627 -0.00198859 -0.00186274 -0.00173669 -0.00183216 -0.0017775 -0.00178915 -0.00181338 -0.00174411 -0.00173651 -0.00165182 -0.00169627 -0.00174393 -0.0017642 -0.00168242 -0.00174233 -0.00166209 -0.00162938 -0.00164913 -0.00160218 -0.0016166 -0.00168193 -0.00165594 -0.0016427 -0.00165421 -0.00159874 -0.00156261 -0.00168671 -0.00157434 -0.00162979 -0.00160212 -0.00155043 -0.00153701 -0.001481 -0.00164771 -0.00166915 -0.00161956 -0.00159175 -0.00163042 -0.00171899 -0.00165274 -0.00166445 -0.00169435 -0.00158906 -0.00153501 -0.00152218 -0.00156226 -0.00160901 -0.00164332 -0.00159446 -0.00175218 -0.00170477 -0.00169963 -0.00158065 -0.00168993 -0.00165248 -0.00166887 -0.00165978 -0.00156812 -0.00161909 -0.00159039 -0.0017074 -0.00158365 -0.00163619 -0.00168733 -0.00168392 -0.00161212 -0.00151367 -0.00136143 -0.00125165 
-0.00126332 -0.00121139 0.00212384 0.00219352 0.00219698 0.0023987 0.00248674 0.130192 0.00250661 0.00250258 0.00234055 0.00235257 0.00235191 -0.00151164 -0.0016612 -0.00162647 -0.00186423 -0.00203648 -0.0019815 -0.00216653 -0.00214345 -0.00210239 -0.00211219 -0.00201381 -0.00215784 -0.00200575 -0.00200303 -0.00188236 -0.00187747 -0.00185281 -0.00203323 -0.00187087 -0.00191613 -0.00180759 -0.00179482 -0.00184224 -0.00181009 -0.00177485 -0.00187076 -0.00174028 -0.00177793 -0.0017365 -0.00185621 -0.00177477 -0.00174756 -0.00180028 -0.00172072 -0.00168592 -0.00163553 -0.00174488 -0.00163853 -0.00167815 -0.0016025 -0.00166848 -0.00165731 -0.00164997 -0.00157919 -0.00164528 -0.0016512 -0.00163431 -0.00168242 -0.0016267 -0.00155539 -0.00159217 -0.00165355 -0.00169097 -0.00169447 -0.00159457 -0.00176929 -0.00160158 -0.00165177 -0.00171003 -0.00171984 -0.00156923 -0.00150266 -0.00157455 -0.00168699 -0.00165956 -0.0016988 -0.00165661 -0.00176263 -0.00175929 -0.00168773 -0.00160685 -0.00161095 -0.00167524 -0.00157915 -0.00160762 -0.00151247 -0.00161174 -0.00165916 -0.00164851 -0.00163708 -0.00174786 -0.00172687 -0.00164727 -0.00176062 -0.00168029 -0.00156646 -0.0014469 
-0.0013471 -0.00130351 -0.0011304 0.00205739 0.00220029 0.00233567 0.00239646 0.00250661 0.131492 0.00258017 0.00249975 0.00236102 0.00239131 0.00221361 -0.0015445 -0.00163127 -0.00176199 -0.00192187 -0.00188763 -0.00213459 -0.00217736 -0.0021315 -0.0020755 -0.00203581 -0.00222922 -0.00214864 -0.00197214 -0.0019772 -0.0019582 -0.00197786 -0.00198494 -0.00192864 -0.00181721 -0.00187729 -0.00188639 -0.00176118 -0.00168514 -0.00177684 -0.00189387 -0.00185409 -0.00176163 -0.00172105 -0.00179669 -0.00186416 -0.00182193 -0.00169485 -0.00172095 -0.00164961 -0.00170499 -0.00164674 -0.00172396 -0.00164723 -0.00171239 -0.00167061 -0.00177605 -0.00169516 -0.0016045 -0.00171997 -0.00171373 -0.00169519 -0.00168374 -0.00168068 -0.00157322 -0.00159177 -0.00163535 -0.00168992 -0.00161355 -0.0017272 -0.00169715 -0.00165997 -0.0017149 -0.00164138 -0.0016946 -0.00155277 -0.00163435 -0.00163766 -0.00163204 -0.0016499 -0.00163576 -0.00169799 -0.0017186 -0.00172747 -0.0016966 -0.00173962 -0.00166099 -0.00168511 -0.00167789 -0.00159229 -0.0015839 -0.00173992 -0.00168906 -0.00172192 -0.00169055 -0.0016845 -0.0016433 -0.0017831 -0.00180573 -0.0017355 -0.00174131 -0.00151961 
-0.00139152 -0.00130407 -0.00131579 -0.00117552 0.00217801 0.00227952 0.00227502 0.00250258 0.00258017 0.129977 0.00258749 0.00251445 0.00241982 0.00227622 -0.00144237 -0.00155992 -0.00172203 -0.00182703 -0.00181089 -0.00215675 -0.00208198 -0.00206969 -0.00215325 -0.00191145 -0.00216804 -0.00209529 -0.00200284 -0.00199467 -0.00185631 -0.00188654 -0.00197191 -0.00187728 -0.00172228 -0.00177318 -0.00171171 -0.00175326 -0.00176521 -0.00178019 -0.00168274 -0.00180458 -0.00174212 -0.00166773 -0.00180569 -0.00171091 -0.00172422 -0.00173858 -0.00163196 -0.00165265 -0.00159795 -0.0016199 -0.00170606 -0.00166291 -0.00166566 -0.00170007 -0.00165269 -0.00152664 -0.00167587 -0.00161585 -0.00165424 -0.00166622 -0.00168904 -0.001619 -0.00153202 -0.00151555 -0.00165099 -0.00161139 -0.0016003 -0.00155583 -0.00161362 -0.00158399 -0.00156448 -0.00158835 -0.00162896 -0.00161704 -0.00154683 -0.0014691 -0.00158528 -0.00159794 -0.00165477 -0.00163662 -0.00163183 -0.00158775 -0.00175515 -0.00159546 -0.00165351 -0.00164706 -0.00160729 -0.00153142 -0.00150057 -0.0016142 -0.00168187 -0.00163605 -0.00167499 -0.00160029 -0.00165835 -0.00163035 -0.00165509 -0.00172061 -0.00164916 -0.00151228 
-0.00165327 -0.00151595 -0.00141943 -0.0012052 -0.00120308 0.00209651 0.00218895 0.00234055 0.00249975 0.00258749 0.134615 0.00268581 0.002631 0.00251844 0.002363 0.00244093 -0.00162058 -0.00166979 -0.00172069 -0.00205537 -0.00223857 -0.00209775 -0.00218122 -0.00205728 -0.00232121 -0.00222971 -0.00204812 -0.00202237 -0.00200179 -0.00197742 -0.00197426 -0.0019798 -0.00197949 -0.00195794 -0.00185349 -0.0017832 -0.00188094 -0.00182927 -0.00189697 -0.00187969 -0.00192146 -0.00179484 -0.00186023 -0.00189579 -0.00177489 -0.00187318 -0.00179645 -0.0018041 -0.00172734 -0.00182926 -0.00175289 -0.00170465 -0.00178422 -0.0017457 -0.00169394 -0.00158937 -0.00175711 -0.00179275 -0.00186511 -0.00176077 -0.00163522 -0.00171488 -0.00167725 -0.00170737 -0.00179687 -0.0017441 -0.00163856 -0.00179659 -0.00174299 -0.00170691 -0.0017342 -0.00171478 -0.00170769 -0.00177348 -0.00159214 -0.0016344 -0.00168393 -0.00172005 -0.00179665 -0.00167367 -0.00175309 -0.00176732 -0.00176635 -0.00174694 -0.00172404 -0.00175062 -0.00172056 -0.00161812 -0.00169571 -0.00170344 -0.00177 -0.00171879 -0.00177097 -0.00178435 -0.00169972 -0.00171205 -0.00172018 -0.00184507 -0.00181277 -0.00171813 
-0.00175137 -0.00171538 -0.00173483 -0.00156941 -0.00143668 -0.00138718 0.00211046 0.00235257 0.00236102 0.00251445 0.00268581 0.136515 0.00282678 0.00271436 0.00241039 0.00245357 0.00242204 -0.00157887 -0.00165449 -0.00183314 -0.00210474 -0.00201694 -0.0021113 -0.00201753 -0.00215078 -0.00227746 -0.00206496 -0.00205839 -0.0020635 -0.0020067 -0.00198753 -0.00212354 -0.00200658 -0.00196853 -0.00182597 -0.00183238 -0.00195511 -0.00193819 -0.00187908 -0.00197359 -0.00180012 -0.00176949 -0.00193107 -0.00193932 -0.00184606 -0.00185829 -0.00185919 -0.00185804 -0.00176101 -0.00181714 -0.00172126 -0.00169674 -0.00165406 -0.00177898 -0.00175753 -0.00174423 -0.0018299 -0.00179791 -0.00176149 -0.00183646 -0.00174692 -0.0018346 -0.00169187 -0.00159953 -0.00177336 -0.00171494 -0.00178654 -0.00173266 -0.00175993 -0.00167442 -0.00173749 -0.00170798 -0.00179395 -0.00169529 -0.00176203 -0.00166404 -0.00163159 -0.00181445 -0.00181902 -0.00175894 -0.00175962 -0.00172208 -0.00182203 -0.00184794 -0.00174938 -0.00171152 -0.00172657 -0.0018061 -0.00173676 -0.00182063 -0.0018258 -0.00178709 -0.00183491 -0.00181767 -0.00187029 -0.00176274 -0.00176057 -0.00178044 -0.0017929 -0.0016898 
-0.00155865 -0.00168031 -0.00154899 -0.00151169 -0.00147681 -0.0013369 -0.00128875 0.00235191 0.00239131 0.00241982 0.002631 0.00282678 0.135523 0.00278233 0.00266509 0.00250848 0.00252213 -0.00148206 -0.00153728 -0.00186035 -0.0020175 -0.00210063 -0.00206422 -0.00198299 -0.00222536 -0.00212508 -0.00195112 -0.00206071 -0.00195155 -0.00197182 -0.00200737 -0.00195666 -0.00199158 -0.00182257 -0.00179226 -0.00177613 -0.0018876 -0.00183825 -0.00184256 -0.00188557 -0.00171018 -0.00183589 -0.00183632 -0.00183963 -0.00179149 -0.00187676 -0.00172716 -0.00182685 -0.00167649 -0.00171809 -0.00172361 -0.00175929 -0.00175695 -0.0017668 -0.00177994 -0.0017299 -0.0017561 -0.00176935 -0.0018466 -0.00159807 -0.00169711 -0.00170971 -0.00168073 -0.00161808 -0.00172225 -0.00172779 -0.00182657 -0.00173919 -0.00174553 -0.00180087 -0.00169265 -0.00178648 -0.00172687 -0.00174535 -0.0017014 -0.00168575 -0.00171382 -0.00175382 -0.00164337 -0.00178241 -0.00178078 -0.00173727 -0.00179317 -0.00161194 -0.00173733 -0.00169845 -0.00172332 -0.00173137 -0.00160931 -0.00177208 -0.00170968 -0.00165081 -0.00165114 -0.0017132 -0.00183068 -0.00177877 -0.00173114 -0.00167724 -0.00174085 -0.00158489 
-0.0017818 -0.00180467 -0.00182582 -0.00175306 -0.00162156 -0.00159227 -0.00152052 -0.00151164 0.00221361 0.00227622 0.00251844 0.00271436 0.00278233 0.14034 0.00289321 0.00301987 0.00271172 0.00259132 0.00262388 -0.00168892 -0.00185709 -0.00191626 -0.00201032 -0.0022165 -0.0023377 -0.0023677 -0.00208795 -0.00213004 -0.00209703 -0.00212165 -0.00215442 -0.00210198 -0.00216459 -0.00204694 -0.00181069 -0.0020121 -0.00200757 -0.00196421 -0.00191703 -0.00204065 -0.00180128 -0.00189411 -0.00185318 -0.00192224 -0.00191341 -0.00199689 -0.00186605 -0.00181215 -0.00185065 -0.00182843 -0.00185458 -0.00187979 -0.00183236 -0.00182614 -0.00174685 -0.00176667 -0.00185674 -0.00185814 -0.00190731 -0.00175358 -0.00176724 -0.00181443 -0.00174994 -0.00175806 -0.0017554 -0.00184872 -0.00178452 -0.00175577 -0.00177657 -0.00189466 -0.00183397 -0.00187669 -0.00181995 -0.00190978 -0.00172032 -0.00182816 -0.0017173 -0.00189582 -0.0018922 -0.00186768 -0.00189826 -0.00189399 -0.0019615 -0.00188329 -0.00187484 -0.00183945 -0.00175073 -0.00169607 -0.00170725 -0.00189362 -0.00182578 -0.00187271 -0.00187735 -0.00176957 -0.00184358 -0.00190929 -0.00184356 -0.00183438 -0.00189908 -0.00186072 
-0.00178144 -0.00182739 -0.0018257 -0.00176795 -0.00190012 -0.00190409 -0.00174277 -0.0016612 -0.0015445 -0.00144237 0.002363 0.00241039 0.00266509 0.00289321 0.139697 0.00299836 0.00302479 0.00270945 0.00265931 0.00250301 -0.00157771 -0.00165416 -0.00183602 -0.00201134 -0.00202263 -0.00218709 -0.00206747 -0.0021101 -0.00200399 -0.00196355 -0.00211575 -0.00199624 -0.00201985 -0.00205826 -0.00187953 -0.00181165 -0.00203749 -0.00189978 -0.00195627 -0.00201569 -0.00188226 -0.00186542 -0.00185764 -0.00198903 -0.00180831 -0.00192976 -0.0018878 -0.00177447 -0.00179547 -0.00178985 -0.0017905 -0.0018111 -0.00177382 -0.00174793 -0.00177135 -0.00182355 -0.00173691 -0.00183881 -0.00181835 -0.00171216 -0.00180291 -0.00177754 -0.0017169 -0.00168616 -0.00179934 -0.00178661 -0.00174447 -0.00177105 -0.0017297 -0.00166422 -0.00188667 -0.00176526 -0.0017417 -0.00183316 -0.00172582 -0.00175219 -0.001653 -0.00179762 -0.00185472 -0.00183616 -0.0018691 -0.00180578 -0.00177097 -0.00179346 -0.00176482 -0.0017662 -0.00172614 -0.00171174 -0.00166303 -0.00179659 -0.0017547 -0.00182335 -0.00176561 -0.00179956 -0.0018416 -0.0017746 -0.00177606 -0.00182602 -0.00184987 -0.00169215 
-0.00184823 -0.00175921 -0.00182377 -0.00182704 -0.00183531 -0.00180831 -0.001831 -0.00162647 -0.00163127 -0.00155992 0.00244093 0.00245357 0.00250848 0.00301987 0.00299836 0.141281 0.00294238 0.00284777 0.00269504 0.00254085 -0.00158324 -0.00166381 -0.00174794 -0.00199608 -0.00208681 -0.0022629 -0.00204407 -0.00205646 -0.00207851 -0.00204217 -0.00214126 -0.00210315 -0.00204079 -0.00208629 -0.00186573 -0.0018518 -0.00198817 -0.00198931 -0.00197812 -0.00195332 -0.00192357 -0.00193519 -0.00194295 -0.00194576 -0.00189074 -0.00194515 -0.00178953 -0.00182534 -0.00185912 -0.00186793 -0.00183146 -0.00184425 -0.00183518 -0.00179752 -0.00179766 -0.00179967 -0.00187168 -0.0017865 -0.00176572 -0.00183456 -0.0018054 -0.0017742 -0.00169691 -0.00174706 -0.00189725 -0.00185705 -0.00176262 -0.00190602 -0.00185202 -0.00177649 -0.00177251 -0.00177609 -0.00176231 -0.00184863 -0.00165217 -0.00170837 -0.00161955 -0.0017957 -0.00171614 -0.00180231 -0.00177705 -0.00186699 -0.00185712 -0.00181966 -0.0018237 -0.00187415 -0.00177541 -0.0016766 -0.00173045 -0.00181766 -0.00182045 -0.00182698 -0.00181265 -0.00179004 -0.0017591 -0.00180819 -0.00177219 -0.0017595 -0.00188238 -0.00174926 
-0.00195419 -0.00191572 -0.00197931 -0.00192948 -0.00202866 -0.00205383 -0.00197321 -0.00186423 -0.00176199 -0.00172203 -0.00162058 0.00242204 0.00252213 0.00271172 0.00302479 0.00294238 0.146517 0.0030517 0.0031712 0.00297859 0.00268184 0.00270047 -0.00154782 -0.00173239 -0.00201429 -0.00217171 -0.00223464 -0.00224606 -0.00226133 -0.00212505 -0.00229669 -0.00209553 -0.00210346 -0.00211544 -0.00212196 -0.00208388 -0.00212254 -0.00216249 -0.00217673 -0.00202336 -0.00208574 -0.00199638 -0.00209774 -0.00204741 -0.00206709 -0.00197857 -0.00200531 -0.00210832 -0.002034 -0.00198342 -0.00181381 -0.0018767 -0.00182911 -0.0019551 -0.00191905 -0.00195388 -0.00191603 -0.00198834 -0.0018993 -0.00198358 -0.00197944 -0.00195174 -0.00183246 -0.00186127 -0.00208024 -0.00194984 -0.00189953 -0.00203381 -0.00192575 -0.00191181 -0.00187307 -0.00193863 -0.00187397 -0.00184994 -0.00182878 -0.00189532 -0.00172026 -0.00191584 -0.00195283 -0.00193086 -0.00193293 -0.00195493 -0.00191 -0.00196331 -0.00196661 -0.00184752 -0.00199058 -0.00190754 -0.00176379 -0.00190952 -0.00198328 -0.00189574 -0.00195261 -0.00196484 -0.00199725 -0.00196293 -0.00200078 -0.00193087 -0.00191399 -0.00179163 
-0.00200256 -0.00195103 -0.00193404 -0.0019888 -0.00192344 -0.00201684 -0.00205033 -0.00203648 -0.00192187 -0.00182703 -0.00166979 -0.00157887 -0.00148206 0.00259132 0.00270945 0.00284777 0.0030517 0.14501 0.00329251 0.00315753 0.00283709 0.00288127 0.00276157 -0.00162889 -0.00184892 -0.00185218 -0.00213977 -0.00208905 -0.00214278 -0.00212637 -0.0021903 -0.00212428 -0.00210158 -0.00205335 -0.00206448 -0.00202234 -0.00194855 -0.00197675 -0.00205491 -0.00201801 -0.00196792 -0.00198362 -0.00202872 -0.00207675 -0.00199473 -0.00186818 -0.00182207 -0.00184232 -0.00192794 -0.00190541 -0.00189559 -0.00182891 -0.00190112 -0.00182497 -0.00180159 -0.00185087 -0.00179627 -0.00192937 -0.00192445 -0.00188035 -0.00186869 -0.00188891 -0.00179499 -0.00178403 -0.00189691 -0.00187624 -0.00188892 -0.00181686 -0.0019019 -0.00178016 -0.00180601 -0.00186016 -0.00184422 -0.00193156 -0.00172076 -0.00171086 -0.00181886 -0.00193186 -0.00180839 -0.00197077 -0.00187791 -0.00195784 -0.00186659 -0.00190389 -0.00183722 -0.00177406 -0.00192186 -0.00182549 -0.00181315 -0.00190395 -0.00183602 -0.00181744 -0.00188294 -0.00191635 -0.00185597 -0.00187771 -0.00191368 -0.00191319 -0.00192045 -0.0018065 
-0.00193215 -0.00185641 -0.00182047 -0.00186883 -0.00191662 -0.00195743 -0.00199075 -0.0019815 -0.00188763 -0.00181089 -0.00172069 -0.00165449 -0.00153728 0.00262388 0.00265931 0.00269504 0.0031712 0.00329251 0.145648 0.00315018 0.00293418 0.00296379 0.00259293 -0.00162231 -0.0017617 -0.00187776 -0.00204396 -0.00209458 -0.00213119 -0.00211842 -0.00212883 -0.0021645 -0.00214473 -0.00217618 -0.0019847 -0.00206374 -0.00202778 -0.00213071 -0.00195968 -0.00210005 -0.00191915 -0.00193258 -0.00203533 -0.00193433 -0.00193845 -0.00206676 -0.00190925 -0.00192824 -0.00185584 -0.00190774 -0.00185674 -0.00202758 -0.00194486 -0.00187618 -0.00183436 -0.0018901 -0.00186745 -0.00188463 -0.00183262 -0.00186063 -0.00185347 -0.00188681 -0.00180189 -0.0017706 -0.00189296 -0.00189211 -0.00197141 -0.00186854 -0.00191016 -0.0019434 -0.0019062 -0.00189022 -0.00184825 -0.001825 -0.00183573 -0.00180868 -0.00176802 -0.00188244 -0.0018671 -0.00182402 -0.00193664 -0.0019108 -0.00204142 -0.00183275 -0.00193553 -0.00188321 -0.0017831 -0.00170497 -0.00175949 -0.00181203 -0.00183924 -0.00194189 -0.00188702 -0.00191326 -0.0019251 -0.00196872 -0.00193753 -0.00192851 -0.00195891 -0.0018153 
-0.00191903 -0.00206801 -0.00195636 -0.00206225 -0.00201979 -0.00202368 -0.00224573 -0.00216653 -0.00213459 -0.00215675 -0.00205537 -0.00183314 -0.00186035 -0.00168892 0.00250301 0.00254085 0.00297859 0.00315753 0.00315018 0.149168 0.00306731 0.0032022 0.00299442 0.00271831 0.00264641 -0.00174175 -0.00195882 -0.00203254 -0.00208528 -0.00205998 -0.00217768 -0.0022209 -0.00230539 -0.00221128 -0.00209386 -0.00207656 -0.00216152 -0.00215091 -0.00214082 -0.00207675 -0.00206241 -0.00202872 -0.00208866 -0.00211955 -0.00210338 -0.00211202 -0.00203828 -0.00202957 -0.00203095 -0.00196556 -0.00204952 -0.0020256 -0.00199234 -0.00195397 -0.00196563 -0.00200248 -0.00193805 -0.00193277 -0.00196027 -0.001949 -0.0020603 -0.0019503 -0.00187487 -0.00188881 -0.00192558 -0.0019769 -0.00198728 -0.00198576 -0.00191095 -0.00196695 -0.00201038 -0.00196679 -0.00201316 -0.00197955 -0.00187245 -0.00186558 -0.00190744 -0.00204335 -0.00191113 -0.00193994 -0.00193317 -0.00195372 -0.00194274 -0.00199677 -0.00198135 -0.00193943 -0.00197013 -0.00184778 -0.00182933 -0.00202031 -0.00188806 -0.00196626 -0.00193684 -0.00193516 -0.0020354 -0.00196877 -0.00197138 -0.00196018 -0.00204875 -0.00193073 
-0.00190389 -0.00184121 -0.00193873 -0.00201613 -0.00198416 -0.00213278 -0.00201424 -0.00214345 -0.00217736 -0.00208198 -0.00223857 -0.00210474 -0.0020175 -0.00185709 -0.00157771 -0.00158324 0.00268184 0.00283709 0.00293418 0.00306731 0.146765 0.00331414 0.00311141 0.00282581 0.00279915 0.00263214 -0.00171421 -0.00171748 -0.00187143 -0.00177517 -0.00209094 -0.00208371 -0.00210358 -0.00203037 -0.00212105 -0.00203215 -0.00204187 -0.00199109 -0.00206879 -0.00210181 -0.00197543 -0.00195807 -0.00205499 -0.00200835 -0.00200278 -0.00205264 -0.00184486 -0.00207103 -0.00191574 -0.00187897 -0.00198216 -0.00185834 -0.00185245 -0.00187693 -0.00190739 -0.0018659 -0.0019021 -0.00195022 -0.00192376 -0.00190534 -0.00188337 -0.00182421 -0.00176892 -0.00188174 -0.00178966 -0.00190647 -0.00181143 -0.00180165 -0.00196414 -0.00189554 -0.0018822 -0.00192106 -0.00200503 -0.00187766 -0.00179692 -0.0018184 -0.00186478 -0.00193318 -0.00190006 -0.00183538 -0.00193345 -0.00179988 -0.00186429 -0.00194867 -0.00190491 -0.00190862 -0.00183793 -0.00177804 -0.00182901 -0.00193215 -0.00193352 -0.00183753 -0.00191644 -0.00188499 -0.00181153 -0.0019659 -0.00185226 -0.0018899 -0.00193642 -0.00169665 
-0.00175264 -0.00190018 -0.00191893 -0.00190568 -0.00190099 -0.00209919 -0.00204421 -0.00210239 -0.0021315 -0.00206969 -0.00209775 -0.00201694 -0.00210063 -0.00191626 -0.00165416 -0.00166381 0.00270047 0.00288127 0.00296379 0.0032022 0.00331414 0.146313 0.00325205 0.00276731 0.00285893 0.00249064 -0.00166007 -0.00177411 -0.00193528 -0.00185702 -0.00209345 -0.002184 -0.00206932 -0.00212178 -0.00195339 -0.00199338 -0.001986 -0.00206851 -0.0020693 -0.00199473 -0.00194792 -0.00205217 -0.00202785 -0.00202838 -0.00203561 -0.00198019 -0.00191536 -0.00187513 -0.00192587 -0.00184329 -0.00190798 -0.00179766 -0.00192097 -0.00182078 -0.00199836 -0.00189638 -0.0019547 -0.00185131 -0.00189743 -0.00193079 -0.00190268 -0.00189378 -0.00179702 -0.00183783 -0.00187378 -0.00188635 -0.00186737 -0.00193495 -0.00194994 -0.00186279 -0.00193185 -0.00190045 -0.00189742 -0.00198123 -0.00184965 -0.0018385 -0.00176981 -0.00195199 -0.0019427 -0.00201234 -0.00185737 -0.00189413 -0.00173817 -0.00185702 -0.00188723 -0.00184369 -0.00196024 -0.00183602 -0.00181142 -0.00189181 -0.00185782 -0.00184332 -0.00193579 -0.00187864 -0.00184144 -0.00190811 -0.00189186 -0.00179079 -0.00186599 -0.0018272 
-0.00190058 -0.00189117 -0.00200185 -0.00192945 -0.00196882 -0.00206284 -0.00212338 -0.00211219 -0.0020755 -0.00215325 -0.00218122 -0.0021113 -0.00206422 -0.00201032 -0.00183602 -0.00174794 -0.00154782 0.00276157 0.00259293 0.00299442 0.00311141 0.00325205 0.14557 0.00302155 0.00306887 0.00274951 0.0025074 -0.00156011 -0.00172202 -0.00169718 -0.00194119 -0.00186694 -0.00227469 -0.00206206 -0.00202493 -0.00202132 -0.00202146 -0.00202324 -0.00211085 -0.00206378 -0.00195852 -0.00191837 -0.00191646 -0.00201725 -0.00198557 -0.0019839 -0.00180497 -0.00200535 -0.0018903 -0.00185495 -0.00187072 -0.00184982 -0.00185762 -0.00188189 -0.00195042 -0.00194392 -0.0018392 -0.00192622 -0.00180292 -0.001875 -0.00192261 -0.00186021 -0.00184105 -0.00180655 -0.00189158 -0.00185741 -0.00192918 -0.00185264 -0.00192293 -0.00192802 -0.00182479 -0.00193307 -0.00187357 -0.0017544 -0.00174961 -0.00170134 -0.00177122 -0.00189288 -0.00195309 -0.0018153 -0.00187642 -0.00181599 -0.00178767 -0.0018739 -0.00189211 -0.00189908 -0.00189381 -0.00176128 -0.00177444 -0.00188551 -0.00196014 -0.00186883 -0.001857 -0.00196601 -0.00191881 -0.00185932 -0.00175441 -0.00191386 -0.00192 -0.00182913 
-0.00181823 -0.00186044 -0.00175803 -0.00180032 -0.00183598 -0.00193686 -0.00194086 -0.00201381 -0.00203581 -0.00191145 -0.00205728 -0.00201753 -0.00198299 -0.0022165 -0.00201134 -0.00199608 -0.00173239 -0.00162889 -0.00162231 0.00271831 0.00282581 0.00276731 0.00302155 0.141155 0.00301261 0.0028726 0.00242765 0.00239678 -0.00143314 -0.00143525 -0.0016592 -0.00174645 -0.00177 -0.0020509 -0.00177555 -0.00171414 -0.00195687 -0.00189808 -0.00188697 -0.00188828 -0.00180381 -0.00172687 -0.00192153 -0.00187197 -0.0018067 -0.00187479 -0.00170296 -0.00178692 -0.00183578 -0.00171737 -0.00177607 -0.001693 -0.00176065 -0.00176466 -0.00171724 -0.00173986 -0.00179116 -0.00176746 -0.00180401 -0.00184434 -0.0018026 -0.00174943 -0.00171044 -0.00167063 -0.00175647 -0.00173464 -0.00181731 -0.00178833 -0.00183356 -0.00173193 -0.00176344 -0.00178985 -0.00177731 -0.00172744 -0.00165286 -0.0017122 -0.00174794 -0.00177124 -0.00177225 -0.00168744 -0.00174015 -0.00174968 -0.00180685 -0.00177393 -0.00170499 -0.00173895 -0.00179489 -0.00170434 -0.00168863 -0.00177936 -0.00177408 -0.00176517 -0.00178479 -0.00182947 -0.00175129 -0.00178589 -0.00173008 -0.00177262 -0.00171816 -0.00170821 
-0.00198275 -0.002055 -0.00189433 -0.0019435 -0.00204298 -0.00222836 -0.0021483 -0.00215784 -0.00222922 -0.00216804 -0.00232121 -0.00215078 -0.00222536 -0.0023377 -0.00202263 -0.00208681 -0.00201429 -0.00184892 -0.0017617 0.00264641 0.00279915 0.00285893 0.00306887 0.00301261 0.146147 0.00306835 0.00275127 0.00273633 0.00243889 0.0023318 -0.00144743 -0.00167266 -0.0017895 -0.00183332 -0.00203241 -0.00201499 -0.00194985 -0.0020959 -0.00202869 -0.00211485 -0.00202593 -0.00194348 -0.00204568 -0.00212203 -0.00207054 -0.0019925 -0.0019383 -0.00183215 -0.00200529 -0.00203996 -0.00202811 -0.00191033 -0.00193717 -0.00189919 -0.00196689 -0.00197069 -0.00190614 -0.0018488 -0.00178777 -0.00189669 -0.00199897 -0.00191843 -0.0019314 -0.00184503 -0.00192783 -0.00193409 -0.00195292 -0.00190769 -0.00193331 -0.00193341 -0.00195182 -0.00197965 -0.00197725 -0.00191842 -0.00172133 -0.00182071 -0.00186005 -0.00190053 -0.00188603 -0.00189585 -0.00188955 -0.00190126 -0.00195313 -0.00190155 -0.00199524 -0.00187025 -0.00199138 -0.00169865 -0.00185 -0.00179471 -0.00189884 -0.00182913 -0.00196716 -0.00192586 -0.00195387 -0.00193517 -0.00194283 -0.00186892 -0.00197816 -0.00175266 
-0.00194924 -0.00193847 -0.00188515 -0.00195611 -0.00189829 -0.00208663 -0.00200647 -0.00200575 -0.00214864 -0.00209529 -0.00222971 -0.00227746 -0.00212508 -0.0023677 -0.00218709 -0.0022629 -0.00217171 -0.00185218 -0.00187776 -0.00174175 0.00263214 0.00249064 0.00274951 0.0028726 0.00306835 0.144107 0.0028544 0.00281444 0.00256561 0.00259464 0.00242468 -0.00149569 -0.00165726 -0.00180053 -0.0018472 -0.00179956 -0.00199562 -0.00198919 -0.0019749 -0.00206776 -0.00193102 -0.00197145 -0.00206515 -0.00202386 -0.00200929 -0.00203995 -0.00186999 -0.00196391 -0.00187118 -0.0018544 -0.00186077 -0.0019177 -0.00196752 -0.0019158 -0.00191235 -0.00192711 -0.001936 -0.00182561 -0.00185923 -0.00185408 -0.00186358 -0.00183884 -0.00182778 -0.00191625 -0.00188342 -0.00183957 -0.00190994 -0.00192226 -0.00188679 -0.00186784 -0.0018502 -0.00194257 -0.00189434 -0.00184945 -0.00185207 -0.00172078 -0.00182428 -0.00180962 -0.00188539 -0.00194207 -0.00193845 -0.00191006 -0.00181037 -0.00183432 -0.00195124 -0.00195887 -0.00192873 -0.00170651 -0.0018544 -0.00188705 -0.00184834 -0.00185998 -0.00195554 -0.00186706 -0.00192374 -0.00189402 -0.0018713 -0.00187154 -0.00188463 -0.00182375 
-0.00175548 -0.00178688 -0.00179043 -0.00178392 -0.00187058 -0.00201222 -0.00193276 -0.00200303 -0.00197214 -0.00200284 -0.00204812 -0.00206496 -0.00195112 -0.00208795 -0.00206747 -0.00204407 -0.00223464 -0.00213977 -0.00204396 -0.00195882 -0.00171421 -0.00166007 0.0025074 0.00242765 0.00275127 0.0028544 0.139234 0.00270216 0.0025959 0.00265299 0.002494 0.00234024 -0.00138579 -0.0015312 -0.00166496 -0.00159471 -0.00177699 -0.00190837 -0.00184505 -0.0019061 -0.0018021 -0.00181146 -0.00184292 -0.00185997 -0.00179896 -0.00184926 -0.00180164 -0.00184488 -0.00176007 -0.00181238 -0.00182411 -0.00173694 -0.00175103 -0.00179019 -0.00179612 -0.00174951 -0.00175199 -0.00171058 -0.00174319 -0.00177841 -0.00170322 -0.00174351 -0.00164798 -0.00170944 -0.00171823 -0.00181698 -0.00178051 -0.0017971 -0.00171418 -0.00167777 -0.00176296 -0.0018064 -0.00180033 -0.00182021 -0.00168539 -0.00172988 -0.00169546 -0.00182633 -0.00180351 -0.00178513 -0.00177167 -0.00184172 -0.00177023 -0.00180164 -0.00181234 -0.00189004 -0.00177185 -0.00171479 -0.00157927 -0.00178572 -0.00179008 -0.00170781 -0.00175557 -0.00178179 -0.00167407 -0.0017358 -0.00167367 -0.00180059 -0.00179339 -0.00172885 
-0.00174606 -0.00180854 -0.00165879 -0.00180486 -0.00185988 -0.00189133 -0.00199044 -0.00188236 -0.0019772 -0.00199467 -0.00202237 -0.00205839 -0.00206071 -0.00213004 -0.0021101 -0.00205646 -0.00224606 -0.00208905 -0.00209458 -0.00203254 -0.00171748 -0.00177411 -0.00156011 0.00239678 0.00273633 0.00281444 0.00270216 0.136961 0.0026259 0.00274942 0.00250012 0.00231899 0.00225386 -0.00145695 -0.00144819 -0.001576 -0.00171464 -0.00183612 -0.00186071 -0.00180369 -0.00178738 -0.00183303 -0.00194252 -0.00180321 -0.0018653 -0.0018836 -0.00171214 -0.00169162 -0.00169417 -0.00170895 -0.00176271 -0.00178276 -0.00173157 -0.00172896 -0.0017722 -0.0017441 -0.00163775 -0.00171289 -0.00171764 -0.0016656 -0.00176067 -0.00178192 -0.00163346 -0.00162564 -0.00173999 -0.00167319 -0.00174 -0.00173902 -0.00183884 -0.00170091 -0.00168217 -0.00175433 -0.00175361 -0.00176232 -0.00165548 -0.00165183 -0.00172754 -0.00168146 -0.00179599 -0.00173159 -0.00163989 -0.00176463 -0.00161302 -0.00166196 -0.00167533 -0.00179631 -0.00171092 -0.00175855 -0.00166147 -0.00174302 -0.00169616 -0.0016895 -0.00167358 -0.00169911 -0.00170294 -0.00179581 -0.00178203 -0.00173944 -0.00169576 -0.00168879 
-0.00171942 -0.00180855 -0.00179602 -0.00175529 -0.00180307 -0.00184519 -0.00192675 -0.00187747 -0.0019582 -0.00185631 -0.00200179 -0.0020635 -0.00195155 -0.00209703 -0.00200399 -0.00207851 -0.00226133 -0.00214278 -0.00213119 -0.00208528 -0.00187143 -0.00193528 -0.00172202 -0.00143314 0.00243889 0.00256561 0.0025959 0.0026259 0.135214 0.00278545 0.00262643 0.00243673 0.00233341 0.00222542 -0.00138076 -0.00139055 -0.00152966 -0.00163922 -0.00167528 -0.0017527 -0.00167089 -0.00171194 -0.00179922 -0.00180808 -0.00175901 -0.00189667 -0.00164586 -0.00168423 -0.00175967 -0.00171464 -0.00164022 -0.00165907 -0.00165976 -0.00159061 -0.001683 -0.0017456 -0.00173639 -0.00162508 -0.00166621 -0.0016643 -0.00168696 -0.00171709 -0.0016227 -0.00165698 -0.0017693 -0.00167399 -0.00173042 -0.00169855 -0.00171771 -0.00169296 -0.00162572 -0.00163038 -0.00169836 -0.00170791 -0.00163075 -0.00166005 -0.00159438 -0.00172538 -0.0017882 -0.00180755 -0.00169748 -0.00174331 -0.0017628 -0.00163388 -0.00167976 -0.00169333 -0.00170592 -0.00171665 -0.00165306 -0.00166881 -0.00174679 -0.001715 -0.0017247 -0.00178021 -0.00182445 -0.00175656 -0.00171529 -0.00184136 -0.00172923 -0.00161044 
-0.00173005 -0.00173053 -0.00172789 -0.00182436 -0.00180975 -0.00178176 -0.00191917 -0.00185281 -0.00197786 -0.00188654 -0.00197742 -0.0020067 -0.00197182 -0.00212165 -0.00196355 -0.00204217 -0.00212505 -0.00212637 -0.00211842 -0.00205998 -0.00177517 -0.00185702 -0.00169718 -0.00143525 0.0023318 0.00259464 0.00265299 0.00274942 0.00278545 0.133827 0.00261692 0.00245385 0.00228836 0.00219153 -0.00136032 -0.00131309 -0.00150218 -0.00155029 -0.00169909 -0.00178093 -0.00168351 -0.00174924 -0.0017952 -0.00181031 -0.00175746 -0.00181003 -0.00171591 -0.00183367 -0.00161891 -0.00167115 -0.00168429 -0.00168905 -0.00167896 -0.00172033 -0.00170129 -0.00165453 -0.00158182 -0.00175838 -0.00167805 -0.00164232 -0.00174361 -0.00160068 -0.00167576 -0.00166481 -0.00178811 -0.00161501 -0.00169562 -0.00166944 -0.00174399 -0.00180949 -0.0017133 -0.00167328 -0.00172516 -0.0016521 -0.00165178 -0.00170058 -0.00152784 -0.00160836 -0.00179321 -0.00174715 -0.00162395 -0.00161806 -0.00171218 -0.00176026 -0.00169858 -0.00176001 -0.00175197 -0.00152188 -0.00164923 -0.00164773 -0.00169203 -0.00167569 -0.00168652 -0.00172694 -0.00168219 -0.00176807 -0.00175053 -0.00169374 -0.00166549 -0.00164897 
-0.00176991 -0.00169944 -0.00175276 -0.00179909 -0.00171426 -0.00185637 -0.00188627 -0.00203323 -0.00198494 -0.00197191 -0.00197426 -0.00198753 -0.00200737 -0.00215442 -0.00211575 -0.00214126 -0.00229669 -0.0021903 -0.00212883 -0.00217768 -0.00209094 -0.00209345 -0.00194119 -0.0016592 -0.00144743 0.00242468 0.002494 0.00250012 0.00262643 0.00261692 0.134482 0.00265157 0.00251948 0.00237252 0.00223238 0.00223715 -0.00132054 -0.00143083 -0.00151231 -0.0015944 -0.00180737 -0.00178922 -0.00191987 -0.0018415 -0.00183539 -0.00186234 -0.00174041 -0.001672 -0.00174725 -0.00182618 -0.00164459 -0.001763 -0.00172169 -0.00176789 -0.00178719 -0.00178542 -0.00168 -0.00169084 -0.00176058 -0.00176418 -0.00160835 -0.00168803 -0.00174701 -0.00166448 -0.00162835 -0.00179576 -0.0017877 -0.00174015 -0.00183679 -0.00175092 -0.00170483 -0.00168768 -0.00186279 -0.00177608 -0.0016919 -0.00159341 -0.00162836 -0.00176499 -0.00175252 -0.00175401 -0.00170322 -0.00180404 -0.00165166 -0.00179023 -0.0016932 -0.00174808 -0.00176798 -0.00165574 -0.00165624 -0.00170882 -0.00174445 -0.00167739 -0.0016851 -0.00175511 -0.001739 -0.00182142 -0.00172492 -0.0017894 -0.00178352 -0.00165371 
-0.00173691 -0.00170413 -0.00171719 -0.00175317 -0.00172844 -0.00188312 -0.00198859 -0.00187087 -0.00192864 -0.00187728 -0.0019798 -0.00212354 -0.00195666 -0.00210198 -0.00199624 -0.00210315 -0.00209553 -0.00212428 -0.0021645 -0.0022209 -0.00208371 -0.002184 -0.00186694 -0.00174645 -0.00167266 -0.00149569 0.00234024 0.00231899 0.00243673 0.00245385 0.00265157 0.132709 0.0025975 0.00236743 0.00224226 0.00216443 0.00199494 -0.0012807 -0.00152266 -0.00148171 -0.00156473 -0.00153477 -0.00176334 -0.0018325 -0.00183499 -0.00171194 -0.00175238 -0.00167421 -0.00176897 -0.00173886 -0.00171363 -0.00160889 -0.00172575 -0.00175679 -0.00168678 -0.00176276 -0.00174569 -0.00179449 -0.00176914 -0.00178546 -0.00169676 -0.00166207 -0.00161311 -0.00166932 -0.00169706 -0.00174057 -0.00169075 -0.00158094 -0.00168816 -0.00169623 -0.00166532 -0.00166718 -0.00170027 -0.00176739 -0.00167776 -0.00164195 -0.0015675 -0.00169043 -0.00170104 -0.00171869 -0.00167812 -0.00166955 -0.00173637 -0.00174006 -0.00168053 -0.00172372 -0.00170915 -0.00172236 -0.00161073 -0.00170281 -0.00164495 -0.00167929 -0.00163929 -0.0016718 -0.00164639 -0.00170842 -0.00171299 -0.00176338 -0.00180073 -0.00158859 
-0.00171232 -0.0018038 -0.00169083 -0.00171452 -0.0017437 -0.0018111 -0.00186274 -0.00191613 -0.00181721 -0.00172228 -0.00197949 -0.00200658 -0.00199158 -0.00216459 -0.00201985 -0.00204079 -0.00210346 -0.00210158 -0.00214473 -0.00230539 -0.00210358 -0.00206932 -0.00227469 -0.00177 -0.0017895 -0.00165726 -0.00138579 0.00225386 0.00233341 0.00228836 0.00251948 0.0025975 0.131216 0.00261039 0.00236182 0.00223025 0.00223648 0.0020778 -0.00136393 -0.00141707 -0.0015107 -0.00156761 -0.00171588 -0.00181891 -0.00179923 -0.0017662 -0.0016954 -0.00178783 -0.00166033 -0.0016771 -0.00173465 -0.00174244 -0.00164023 -0.00159624 -0.00166253 -0.00163783 -0.00174236 -0.00156346 -0.00170566 -0.0016216 -0.00170445 -0.00169355 -0.00167795 -0.00152821 -0.00171919 -0.00167908 -0.0015942 -0.00164547 -0.00172373 -0.00167606 -0.00174669 -0.00168114 -0.00167515 -0.00172933 -0.00161787 -0.00160623 -0.00159394 -0.00169157 -0.00168957 -0.00165638 -0.00173936 -0.00163834 -0.00158363 -0.00174096 -0.00165948 -0.00171678 -0.00163277 -0.0016745 -0.00158906 -0.00158808 -0.00179465 -0.00162859 -0.00169567 -0.00160233 -0.00163143 -0.00167758 -0.00162792 -0.00171625 -0.00171069 -0.00161726 
