0.122959 0.00226314 0.00209696 0.00203721 0.00208633 0.00205672 -0.00119997 -0.00124039 -0.00141558 -0.00138182 -0.00165897 -0.00177685 -0.00165328 -0.00178464 -0.00178061 -0.00190868 -0.00204214 -0.00182361 -0.00186649 -0.00198171 -0.00194266 -0.00192531 -0.00187518 -0.00178385 -0.0018868 -0.00194405 -0.00183808 -0.0016784 -0.00173584 -0.0018065 -0.00178441 -0.0017583 -0.0016768 -0.00166002 -0.00154078 -0.00158311 -0.00164402 -0.00160278 -0.00160608 -0.00157687 -0.00153244 -0.00151047 -0.00155922 -0.00156228 -0.00162555 -0.00165315 -0.00152477 -0.00157469 -0.00151573 -0.00151736 -0.00144978 -0.00150787 -0.00152008 -0.00152914 -0.00155554 -0.00148161 -0.00151537 -0.00154483 -0.00151485 -0.00149194 -0.00155839 -0.00150495 -0.00139054 -0.00140531 -0.00143812 -0.00151325 -0.00152207 -0.00151343 -0.00154013 -0.00143064 -0.00152866 -0.00143555 -0.00151002 -0.00155005 -0.0014664 -0.00146576 -0.00140261 -0.00149626 -0.0016133 -0.00144692 -0.00155835 -0.00145749 -0.00146792 -0.00151833 -0.00150636 -0.00144035 -0.00148747 -0.0014447 -0.00142051 -0.0014787 -0.00151525 -0.00142934 -0.00130175 -0.00129479 -0.00122563 -0.00119804 0.00186207 0.00198336 0.00203547 0.00214798 
0.00226314 0.123349 0.00216014 0.00215848 0.00204243 0.00217483 0.00199225 -0.00115599 -0.00129247 -0.00137454 -0.00156401 -0.00171045 -0.00173034 -0.00184065 -0.00183046 -0.00183642 -0.00192379 -0.00189521 -0.00189697 -0.00199761 -0.00198365 -0.00196859 -0.00189729 -0.00178847 -0.00188916 -0.0019165 -0.00182539 -0.00171289 -0.00175702 -0.00179654 -0.00182151 -0.00174335 -0.00168475 -0.00172807 -0.00158561 -0.00160184 -0.00169907 -0.00165275 -0.00155835 -0.00169942 -0.00158597 -0.00155341 -0.00159383 -0.00155305 -0.00165626 -0.00166915 -0.00151103 -0.00157693 -0.00157904 -0.00147628 -0.00149959 -0.00149403 -0.00154529 -0.00146185 -0.00146616 -0.00153072 -0.00148342 -0.00143916 -0.00159534 -0.00146939 -0.00149435 -0.00153684 -0.00136533 -0.00145181 -0.00145999 -0.00144422 -0.0015629 -0.00149494 -0.0014178 -0.00144369 -0.00147999 -0.00148782 -0.00141628 -0.00158133 -0.00154919 -0.00146091 -0.00141264 -0.00143274 -0.00164077 -0.00155953 -0.00157463 -0.00150605 -0.00154927 -0.00150753 -0.00144509 -0.00149588 -0.00141249 -0.00139 -0.00138492 -0.00151712 -0.00148883 -0.00153639 -0.00145772 -0.00130934 -0.00128168 -0.00121873 -0.00118966 0.00189422 0.00189378 0.0021293 
0.00209696 0.00216014 0.123808 0.00228823 0.00222953 0.00225503 0.002131 0.00199057 -0.0011732 -0.00124049 -0.00147889 -0.00165737 -0.00158432 -0.00183703 -0.00183426 -0.00177702 -0.00194933 -0.00184002 -0.00179717 -0.00197457 -0.00190329 -0.00191539 -0.00193713 -0.00170177 -0.00184668 -0.00192277 -0.00181226 -0.00181687 -0.00171211 -0.0017976 -0.00181053 -0.00177372 -0.00184852 -0.00171157 -0.001678 -0.00158959 -0.00174473 -0.00161899 -0.00162622 -0.00159304 -0.00152313 -0.00156769 -0.00168398 -0.00150839 -0.0016039 -0.00158302 -0.00151686 -0.00149577 -0.00154178 -0.00154839 -0.00155186 -0.00147224 -0.0015025 -0.00150057 -0.00153313 -0.00159025 -0.00157927 -0.00157968 -0.00153242 -0.00144615 -0.00144854 -0.00148068 -0.00152103 -0.00150485 -0.00152574 -0.00151681 -0.0015884 -0.00147649 -0.00152582 -0.00147629 -0.00151669 -0.00151871 -0.00151756 -0.00152344 -0.00146541 -0.00149352 -0.00148483 -0.0015102 -0.00156967 -0.00152183 -0.00151737 -0.00154094 -0.00152435 -0.00157784 -0.00149781 -0.00146831 -0.00146955 -0.00140031 -0.00146334 -0.00144485 -0.00153204 -0.00143901 -0.00151459 -0.00137414 -0.00141646 -0.00140512 -0.00136778 -0.00125814 0.00175186 0.0020527 
0.00203721 0.00215848 0.00228823 0.124492 0.00231731 0.00229076 0.00226059 0.00218742 0.00201936 -0.00125601 -0.00142908 -0.00151414 -0.0015327 -0.0017511 -0.00186105 -0.00183207 -0.00207965 -0.00181495 -0.00184235 -0.00206455 -0.00190804 -0.00185146 -0.00191953 -0.00178953 -0.00193978 -0.00193764 -0.00182857 -0.00179341 -0.00174817 -0.00174171 -0.00181293 -0.00175525 -0.00170988 -0.00168555 -0.00151665 -0.00158979 -0.00177266 -0.00169711 -0.00159084 -0.00167327 -0.00155314 -0.00159643 -0.00160679 -0.00157446 -0.00167241 -0.00156514 -0.0014231 -0.00155531 -0.00154842 -0.00150875 -0.00148653 -0.00150721 -0.00152764 -0.00150958 -0.00161555 -0.00146327 -0.00150175 -0.00157891 -0.00156801 -0.00153827 -0.00149409 -0.00158338 -0.00140078 -0.00141139 -0.00147793 -0.00149036 -0.00153572 -0.0015529 -0.00159491 -0.0015314 -0.00156874 -0.00161196 -0.00150874 -0.00159208 -0.00156489 -0.00146017 -0.00150688 -0.00150742 -0.00149088 -0.00153497 -0.00155304 -0.0015621 -0.0015098 -0.00154012 -0.00155277 -0.00155583 -0.00140614 -0.00151787 -0.00150557 -0.00154073 -0.0015581 -0.00157325 -0.00145048 -0.00151731 -0.0016517 -0.00148133 -0.00137084 -0.00121924 -0.0012722 0.00184719 
0.00208633 0.00204243 0.00222953 0.00231731 0.124862 0.00243059 0.00225971 0.00221608 0.00221783 0.00215755 -0.00136895 -0.00148037 -0.00142954 -0.00168006 -0.00174551 -0.00177182 -0.00193853 -0.00188468 -0.00190643 -0.00200914 -0.00195469 -0.00186423 -0.00195054 -0.00178966 -0.00184033 -0.00191999 -0.00184791 -0.0018373 -0.00179908 -0.00176315 -0.001882 -0.00165839 -0.00182424 -0.00166764 -0.0016492 -0.00170072 -0.00170468 -0.00171584 -0.00159216 -0.00166482 -0.00163193 -0.00158904 -0.00169561 -0.00164113 -0.00172625 -0.00168466 -0.00160643 -0.00158048 -0.00155819 -0.00159362 -0.00154604 -0.00159853 -0.00149384 -0.00154655 -0.00156127 -0.00159186 -0.00154453 -0.00143834 -0.00156979 -0.00154356 -0.00153164 -0.00157278 -0.00152209 -0.00136516 -0.00147219 -0.001541 -0.00159899 -0.00141595 -0.00151701 -0.00154581 -0.00154826 -0.00160668 -0.00152818 -0.00153586 -0.00152192 -0.00153167 -0.00147548 -0.0015109 -0.00149742 -0.00148491 -0.00160649 -0.00155359 -0.00156784 -0.00163831 -0.00154822 -0.00151494 -0.00156081 -0.00154618 -0.0015074 -0.00157901 -0.00152346 -0.00149443 -0.0015431 -0.00142207 -0.00152484 -0.00151418 -0.001462 -0.00142563 -0.001218 -0.0011622 
0.00205672 0.00217483 0.00225503 0.00229076 0.00243059 0.128103 0.0023676 0.00247642 0.00226854 0.00232628 0.00217675 -0.00139479 -0.00140938 -0.00163694 -0.00175047 -0.00180523 -0.00212531 -0.00201772 -0.00200498 -0.00221239 -0.002088 -0.00205716 -0.00212746 -0.0020028 -0.00208823 -0.00204271 -0.00186163 -0.00184229 -0.00188656 -0.00181118 -0.00186451 -0.00188894 -0.00180955 -0.0018583 -0.00162795 -0.00162728 -0.00175426 -0.00176 -0.00173897 -0.0017677 -0.00167007 -0.0017463 -0.00177081 -0.0017164 -0.00171598 -0.0017895 -0.00166155 -0.00165379 -0.00164176 -0.00160318 -0.00163142 -0.00169504 -0.00157736 -0.00156876 -0.00174093 -0.00156069 -0.0016435 -0.00164754 -0.00164116 -0.00159506 -0.00162327 -0.00162866 -0.0015735 -0.00157269 -0.00160891 -0.00162919 -0.00164163 -0.00163488 -0.00169588 -0.00176416 -0.00163132 -0.0016893 -0.00173519 -0.00164788 -0.00155866 -0.0015767 -0.00163345 -0.00169751 -0.00164251 -0.00166842 -0.0016625 -0.00160218 -0.00160366 -0.00159631 -0.0014511 -0.00167082 -0.00155282 -0.00153918 -0.00162975 -0.00154312 -0.00165526 -0.00155013 -0.00163269 -0.00162651 -0.00157844 -0.00151582 -0.00146496 -0.0014367 -0.0013987 -0.00122894 
-0.00119997 0.00199225 0.002131 0.00226059 0.00225971 0.0023676 0.129272 0.00244569 0.0023757 0.00231452 0.00235711 0.00213764 -0.00122408 -0.0014898 -0.00171885 -0.00177828 -0.00195191 -0.00202308 -0.00194034 -0.00219461 -0.00201727 -0.00213606 -0.00206751 -0.00193331 -0.00208598 -0.00209087 -0.00198372 -0.001948 -0.00191231 -0.00187221 -0.00187334 -0.00184911 -0.00185508 -0.00180157 -0.00173413 -0.00173892 -0.00171464 -0.00178933 -0.00181768 -0.00184882 -0.00168707 -0.00172183 -0.00173042 -0.00166859 -0.00175891 -0.0017167 -0.00168722 -0.00166595 -0.00171766 -0.00167099 -0.00168416 -0.0016568 -0.00169976 -0.00165339 -0.00167592 -0.00167925 -0.00167396 -0.00163946 -0.00160302 -0.00164399 -0.00166952 -0.00157622 -0.00161847 -0.00157176 -0.00168716 -0.00156702 -0.00166292 -0.00163087 -0.00164189 -0.00159995 -0.00163788 -0.00164982 -0.00159966 -0.00166667 -0.0015899 -0.00156993 -0.00164605 -0.00167262 -0.00167941 -0.00158061 -0.00158837 -0.00166688 -0.00169681 -0.00168393 -0.00155906 -0.0016549 -0.00170195 -0.00164225 -0.00150523 -0.00165194 -0.00162747 -0.00165437 -0.00163552 -0.0016739 -0.00165364 -0.00165793 -0.00164407 -0.00155155 -0.0014297 -0.00128967 
-0.00124039 -0.00115599 0.00199057 0.00218742 0.00221608 0.00247642 0.00244569 0.130243 0.00259902 0.00246329 0.0024222 0.00229162 0.00216104 -0.00136971 -0.00165481 -0.00164005 -0.00180345 -0.00205914 -0.0020442 -0.00214469 -0.00213283 -0.00212175 -0.00214641 -0.00192218 -0.00210545 -0.00206222 -0.00188506 -0.00199112 -0.0018591 -0.0019151 -0.00199756 -0.00185904 -0.00193724 -0.0019584 -0.00171657 -0.00175197 -0.00178441 -0.00187766 -0.00172962 -0.0017537 -0.00177533 -0.00166622 -0.00185453 -0.00174512 -0.00185726 -0.00170883 -0.00167597 -0.00174274 -0.00170769 -0.001632 -0.00167898 -0.00169505 -0.00164964 -0.00168992 -0.00167134 -0.00173715 -0.00166691 -0.00169334 -0.00172667 -0.00167718 -0.00166264 -0.00159816 -0.00154995 -0.00164474 -0.00166315 -0.00164075 -0.00157266 -0.0016958 -0.00164864 -0.00164311 -0.00165895 -0.00165993 -0.00166126 -0.00159711 -0.00163238 -0.00151716 -0.00155104 -0.00174601 -0.00160805 -0.00161328 -0.00162001 -0.0017145 -0.001596 -0.00163653 -0.00160205 -0.00170307 -0.00168533 -0.00167424 -0.00167401 -0.00173343 -0.00170421 -0.0016826 -0.00167287 -0.00159297 -0.00173133 -0.00161192 -0.00175335 -0.00170473 -0.00153915 -0.00142734 
-0.00141558 -0.00129247 -0.0011732 0.00201936 0.00221783 0.00226854 0.0023757 0.00259902 0.131851 0.00256217 0.00256129 0.00241488 0.00230814 0.00222302 -0.00156977 -0.00149088 -0.00165262 -0.00198724 -0.00192225 -0.0020382 -0.00208679 -0.00208356 -0.00220365 -0.00192334 -0.00209765 -0.00210464 -0.00201646 -0.00203356 -0.00198046 -0.00203865 -0.00200812 -0.00193931 -0.00197022 -0.00187025 -0.00176878 -0.00178684 -0.00182255 -0.00191182 -0.00175509 -0.00192402 -0.00169126 -0.00178618 -0.0018597 -0.00183961 -0.00174934 -0.00173914 -0.00171847 -0.00174199 -0.00167481 -0.00171653 -0.00167677 -0.00170883 -0.00168849 -0.0015992 -0.00177338 -0.00163446 -0.00165938 -0.00167127 -0.0016749 -0.00171977 -0.00168465 -0.00166802 -0.0016759 -0.00168755 -0.0016935 -0.00167331 -0.00175899 -0.00162886 -0.0017727 -0.00165234 -0.00169887 -0.00161277 -0.00171567 -0.00166397 -0.00161872 -0.00170883 -0.00161582 -0.00173585 -0.00173088 -0.00167273 -0.00175209 -0.00177964 -0.0016256 -0.0017125 -0.00178604 -0.00173636 -0.00156865 -0.0016627 -0.00163153 -0.00174575 -0.0016954 -0.00168801 -0.00170333 -0.00174109 -0.00162923 -0.00160912 -0.0016547 -0.00166245 -0.00160879 -0.00154623 
-0.00138182 -0.00137454 -0.00124049 -0.00125601 0.00215755 0.00232628 0.00231452 0.00246329 0.00256217 0.130278 0.00255384 0.00248727 0.00235271 0.0023577 -0.00157344 -0.00146006 -0.00168908 -0.001778 -0.00186565 -0.00210607 -0.00210175 -0.00208652 -0.00207982 -0.00189646 -0.00206062 -0.00206259 -0.00195565 -0.00182591 -0.0018921 -0.00188761 -0.00186917 -0.00188178 -0.00190778 -0.00190569 -0.00182022 -0.0017105 -0.00170792 -0.00178831 -0.00169111 -0.00186203 -0.00174279 -0.00170312 -0.00168678 -0.00174827 -0.00170759 -0.00174302 -0.00164582 -0.00166237 -0.00161834 -0.00171254 -0.00168504 -0.00161677 -0.00165387 -0.00167271 -0.00171682 -0.00170705 -0.00167183 -0.00160602 -0.00166821 -0.00161508 -0.00158958 -0.00172262 -0.00154551 -0.00155862 -0.00160315 -0.00161198 -0.00161492 -0.00158176 -0.00164294 -0.00163336 -0.00167933 -0.00163462 -0.00166026 -0.00158422 -0.00147991 -0.00157412 -0.00152097 -0.00159056 -0.00156871 -0.00155024 -0.00163803 -0.00165995 -0.00169635 -0.00166034 -0.00167979 -0.00167467 -0.00163306 -0.00160463 -0.00156664 -0.00163595 -0.0015623 -0.00164681 -0.00164543 -0.00167421 -0.00157167 -0.00166181 -0.00164371 -0.00168488 -0.00155486 -0.00150824 
-0.00165897 -0.00156401 -0.00147889 -0.00142908 -0.00136895 0.00217675 0.00235711 0.0024222 0.00256129 0.00255384 0.1351 0.00277257 0.00271134 0.00257509 0.00234956 0.00242255 -0.00157869 -0.00171429 -0.00174446 -0.00204924 -0.00218194 -0.00224486 -0.00220747 -0.00209481 -0.00218083 -0.00217922 -0.00199633 -0.00205847 -0.00197734 -0.00197419 -0.00198659 -0.00200204 -0.00202198 -0.00191713 -0.00185256 -0.00177132 -0.0019114 -0.00194402 -0.00188635 -0.00183758 -0.00183442 -0.00177325 -0.00179199 -0.0018015 -0.00181008 -0.00189798 -0.00178201 -0.00175974 -0.00183018 -0.00182204 -0.00186492 -0.00174124 -0.00166531 -0.00174574 -0.00181574 -0.00171357 -0.0018095 -0.00173675 -0.00174699 -0.0018051 -0.00179229 -0.0017216 -0.00168712 -0.00168336 -0.00170307 -0.00169019 -0.00180595 -0.00181292 -0.00179425 -0.0017387 -0.00175358 -0.00173496 -0.001775 -0.00170469 -0.00172336 -0.0016086 -0.00172978 -0.00184408 -0.00164816 -0.00175318 -0.00164679 -0.0017937 -0.00178741 -0.0017384 -0.00171548 -0.00178594 -0.00172379 -0.00162098 -0.00173526 -0.00168672 -0.00175816 -0.00174464 -0.0018054 -0.00169653 -0.00174028 -0.00180178 -0.00174112 -0.00178552 -0.00180864 -0.0016203 
-0.00177685 -0.00171045 -0.00165737 -0.00151414 -0.00148037 -0.00139479 0.00213764 0.00229162 0.00241488 0.00248727 0.00277257 0.136762 0.0027061 0.00269762 0.00247922 0.0025995 0.00243106 -0.00167656 -0.00166099 -0.00194774 -0.00204774 -0.00205343 -0.00218429 -0.00217228 -0.00232394 -0.00229188 -0.00208215 -0.00204198 -0.00203393 -0.00214162 -0.00218731 -0.002096 -0.00196127 -0.00204432 -0.00187697 -0.00185032 -0.00204036 -0.00192596 -0.0019346 -0.00208855 -0.00184225 -0.00171521 -0.00178929 -0.0019029 -0.00183872 -0.00182972 -0.00184284 -0.00182311 -0.00177175 -0.00178767 -0.00184388 -0.00179505 -0.00175608 -0.00174504 -0.00178688 -0.00179602 -0.0017818 -0.00179089 -0.00171726 -0.00180217 -0.00173295 -0.00176876 -0.00163655 -0.00166321 -0.00177215 -0.00176896 -0.00176986 -0.00175157 -0.00178369 -0.00179461 -0.00183168 -0.00176637 -0.00175782 -0.00172732 -0.0016788 -0.00170462 -0.00163283 -0.00177902 -0.00167473 -0.00170763 -0.00178423 -0.00175139 -0.00167832 -0.001724 -0.00176936 -0.0018102 -0.00169912 -0.0016474 -0.00173711 -0.0017323 -0.00174622 -0.00174992 -0.0017363 -0.00174101 -0.00182427 -0.00179621 -0.00179188 -0.00174271 -0.00170339 -0.00175401 
-0.00165328 -0.00173034 -0.00158432 -0.0015327 -0.00142954 -0.00140938 -0.00122408 0.00216104 0.00230814 0.00235271 0.00271134 0.0027061 0.135638 0.00262782 0.00260209 0.00258698 0.0024281 -0.00162039 -0.00155517 -0.00181338 -0.00191401 -0.00189922 -0.0021073 -0.00199973 -0.00222116 -0.00204553 -0.00201194 -0.00191956 -0.00199335 -0.00200145 -0.00204638 -0.00202058 -0.00201013 -0.00199573 -0.00183307 -0.00180707 -0.00192108 -0.00190136 -0.00183659 -0.00183526 -0.00178697 -0.00171456 -0.00181159 -0.00182084 -0.0018931 -0.00188102 -0.00168806 -0.00170057 -0.00171094 -0.00180171 -0.00181951 -0.00172839 -0.00167555 -0.00170244 -0.00165106 -0.00173886 -0.00172231 -0.00169179 -0.00173576 -0.00173915 -0.00175595 -0.00178224 -0.00169577 -0.00169924 -0.00176966 -0.00174155 -0.00173801 -0.00169898 -0.00169612 -0.00166747 -0.00174584 -0.00173861 -0.00164626 -0.001675 -0.00176376 -0.00162748 -0.0016744 -0.00172733 -0.00174477 -0.00170996 -0.00164309 -0.00177336 -0.00168232 -0.00172612 -0.00164482 -0.00174156 -0.00176956 -0.00167681 -0.00157038 -0.00169478 -0.00172117 -0.00173827 -0.00173581 -0.00167228 -0.00173337 -0.00169168 -0.00169057 -0.00168758 -0.00168977 -0.00165327 
-0.00178464 -0.00184065 -0.00183703 -0.0017511 -0.00168006 -0.00163694 -0.0014898 -0.00136971 0.00222302 0.0023577 0.00257509 0.00269762 0.00262782 0.14038 0.00289112 0.00276115 0.00283446 0.00246606 0.00256399 -0.00171115 -0.00185884 -0.00192452 -0.00208117 -0.00213534 -0.00237809 -0.00238926 -0.00214009 -0.00223451 -0.0020738 -0.00207972 -0.00214954 -0.00222831 -0.00212224 -0.00212682 -0.00201831 -0.00190675 -0.00203614 -0.00194456 -0.00202502 -0.00196345 -0.001909 -0.00195484 -0.00185874 -0.00193507 -0.00196524 -0.00197323 -0.00180752 -0.00188486 -0.00185492 -0.00183172 -0.00195721 -0.00187378 -0.00179902 -0.00177662 -0.00182212 -0.00185582 -0.00185124 -0.00178961 -0.00185486 -0.00179317 -0.00184703 -0.00186282 -0.00180972 -0.00160192 -0.00183256 -0.00184267 -0.00185309 -0.00179862 -0.00177052 -0.00190297 -0.00195838 -0.0018277 -0.00183983 -0.00180039 -0.00173822 -0.0018299 -0.00168709 -0.00193928 -0.00179129 -0.00174338 -0.0018953 -0.00184823 -0.00175768 -0.00184132 -0.00181123 -0.00188368 -0.00181202 -0.00171252 -0.00171019 -0.00185185 -0.00179435 -0.00176407 -0.00178141 -0.00178132 -0.00176658 -0.00172241 -0.00178587 -0.00177268 -0.00182712 -0.00171419 
-0.00178061 -0.00183046 -0.00183426 -0.00186105 -0.00174551 -0.00175047 -0.00171885 -0.00165481 -0.00156977 -0.00157344 0.00234956 0.00247922 0.00260209 0.00289112 0.139939 0.00301156 0.0028481 0.00271168 0.0027691 0.00259334 -0.00160831 -0.00163532 -0.00179826 -0.00204622 -0.00210737 -0.00217503 -0.00214943 -0.00203864 -0.00205317 -0.00206206 -0.00205254 -0.00190361 -0.00209529 -0.00202883 -0.001897 -0.00187841 -0.00192084 -0.00201079 -0.00182821 -0.00189886 -0.00182247 -0.00182068 -0.00191139 -0.00185888 -0.00184795 -0.00188078 -0.0017863 -0.00185867 -0.00178199 -0.0017403 -0.00174955 -0.00180128 -0.00178961 -0.00182591 -0.00170882 -0.00183069 -0.00179353 -0.00175847 -0.00174578 -0.00176175 -0.00178406 -0.0017198 -0.00177068 -0.00168313 -0.00177241 -0.00179849 -0.00177813 -0.00173726 -0.00184812 -0.00183029 -0.00182456 -0.00180905 -0.00176954 -0.0017754 -0.00169111 -0.0016504 -0.0017549 -0.00181566 -0.00179962 -0.00183301 -0.00186619 -0.00180822 -0.00183311 -0.00189229 -0.00186193 -0.00190607 -0.00183007 -0.00168094 -0.00172366 -0.00176733 -0.00180659 -0.0017831 -0.00181388 -0.00178534 -0.00183513 -0.0018563 -0.00171969 -0.00181895 -0.00184052 -0.00173756 
-0.00190868 -0.00183642 -0.00177702 -0.00183207 -0.00177182 -0.00180523 -0.00177828 -0.00164005 -0.00149088 -0.00146006 0.00242255 0.0025995 0.00258698 0.00276115 0.00301156 0.141371 0.00292025 0.00278932 0.00273835 0.00258145 -0.00172301 -0.00163304 -0.00180998 -0.00209407 -0.00212895 -0.00213728 -0.00226484 -0.00213496 -0.00206294 -0.00207758 -0.0021574 -0.00218019 -0.00206142 -0.00198238 -0.00195341 -0.00184425 -0.001992 -0.00196396 -0.00192969 -0.0019933 -0.00187852 -0.00188898 -0.00189745 -0.00196575 -0.00188388 -0.00181233 -0.00184975 -0.00187862 -0.0018355 -0.00183223 -0.00177924 -0.00180408 -0.00179737 -0.00178621 -0.00182824 -0.00180985 -0.00176506 -0.00173094 -0.0018662 -0.00182626 -0.00176044 -0.00183528 -0.0017571 -0.00162427 -0.0017805 -0.00185558 -0.00174543 -0.00178778 -0.00186837 -0.00175249 -0.00180999 -0.00184511 -0.00188959 -0.00183772 -0.00168188 -0.00165906 -0.00168474 -0.0018059 -0.00185158 -0.0018469 -0.00180206 -0.00175892 -0.00178566 -0.0017905 -0.00178843 -0.00186043 -0.00175424 -0.0017129 -0.0017005 -0.0018218 -0.00184791 -0.00183495 -0.00180391 -0.00188796 -0.00182188 -0.00186365 -0.00190049 -0.00180184 -0.00174573 -0.00167717 
-0.00204214 -0.00192379 -0.00194933 -0.00207965 -0.00193853 -0.00212531 -0.00195191 -0.00180345 -0.00165262 -0.00168908 -0.00157869 0.00243106 0.0024281 0.00283446 0.0028481 0.00292025 0.146367 0.00312436 0.0029593 0.0029943 0.00263288 0.00260132 -0.00160095 -0.00183646 -0.00193448 -0.00209168 -0.00214748 -0.00218426 -0.0021258 -0.00213002 -0.0022659 -0.00220938 -0.00220391 -0.00213707 -0.00205958 -0.00207058 -0.00206457 -0.00215515 -0.00214198 -0.00211073 -0.00201331 -0.00196858 -0.00209394 -0.00202632 -0.00207474 -0.00202922 -0.00190869 -0.00196416 -0.00196935 -0.00195483 -0.00190154 -0.00196913 -0.00189103 -0.00201983 -0.00193673 -0.00190668 -0.00193368 -0.00190021 -0.00183329 -0.00195728 -0.00182146 -0.00194178 -0.00183375 -0.00185023 -0.00191717 -0.0019527 -0.00196136 -0.00190291 -0.00186272 -0.00195117 -0.00192551 -0.00192151 -0.00199245 -0.00195308 -0.00183485 -0.00190486 -0.00182637 -0.00190648 -0.00201202 -0.00194469 -0.00192789 -0.00187136 -0.00183199 -0.00200885 -0.0018734 -0.00187647 -0.00199232 -0.00180769 -0.00179405 -0.00188418 -0.00192768 -0.00193028 -0.00195825 -0.00198015 -0.0019534 -0.00201698 -0.00196698 -0.00196513 -0.0020008 -0.00189929 
-0.00182361 -0.00189521 -0.00184002 -0.00181495 -0.00188468 -0.00201772 -0.00202308 -0.00205914 -0.00198724 -0.001778 -0.00171429 -0.00167656 -0.00162039 0.00246606 0.00271168 0.00278932 0.00312436 0.144516 0.00322894 0.00318607 0.00273748 0.00272364 0.00266226 -0.0017072 -0.00183888 -0.00190773 -0.00208711 -0.0021821 -0.00205195 -0.00221586 -0.00217402 -0.00216764 -0.00211559 -0.00201554 -0.00198079 -0.00184923 -0.00204303 -0.00202315 -0.00201754 -0.00201008 -0.00191705 -0.00181868 -0.00198167 -0.00196407 -0.00205283 -0.00188783 -0.00192499 -0.00187412 -0.00187143 -0.00185607 -0.00186745 -0.00187291 -0.00184589 -0.00188206 -0.00190182 -0.00191404 -0.00182562 -0.00190028 -0.00189157 -0.0018986 -0.00194566 -0.00183028 -0.00183794 -0.00177481 -0.00185801 -0.00186642 -0.00193199 -0.00183248 -0.00185989 -0.0019144 -0.00183841 -0.00186375 -0.00189357 -0.00189466 -0.00167445 -0.00173721 -0.00181377 -0.00184109 -0.00181996 -0.001943 -0.00178666 -0.00185037 -0.0018987 -0.0018931 -0.00183492 -0.00183115 -0.00184741 -0.00171737 -0.00171037 -0.00179262 -0.00180241 -0.00185499 -0.00187258 -0.00191614 -0.00187452 -0.00178548 -0.00194175 -0.00181824 -0.00188124 -0.00179252 
-0.00186649 -0.00189697 -0.00179717 -0.00184235 -0.00190643 -0.00200498 -0.00194034 -0.0020442 -0.00192225 -0.00186565 -0.00174446 -0.00166099 -0.00155517 0.00256399 0.0027691 0.00273835 0.0029593 0.00322894 0.145397 0.00306313 0.00300644 0.00268479 0.00270945 -0.00156735 -0.00183722 -0.00188557 -0.00204904 -0.00218001 -0.00208936 -0.00210587 -0.0022192 -0.00211102 -0.00209716 -0.0021287 -0.00203823 -0.00208088 -0.0020471 -0.00204352 -0.00196828 -0.00201062 -0.00191477 -0.001866 -0.00191169 -0.00198253 -0.00185979 -0.00202834 -0.00184337 -0.00190462 -0.00185554 -0.00187543 -0.00194428 -0.00194575 -0.00193822 -0.00187518 -0.00183714 -0.00186083 -0.00194648 -0.00191453 -0.00187468 -0.00190124 -0.00188808 -0.00181103 -0.00189575 -0.00176278 -0.00188215 -0.00193775 -0.00192859 -0.00179965 -0.00181028 -0.00192371 -0.00189782 -0.00186328 -0.00192063 -0.00185368 -0.00173097 -0.00181381 -0.0018304 -0.00186105 -0.00189699 -0.00183875 -0.00188738 -0.00183737 -0.00183488 -0.00180033 -0.00184789 -0.00183985 -0.00177368 -0.00181235 -0.00181315 -0.00191667 -0.00186718 -0.00181034 -0.0019687 -0.00201554 -0.00193964 -0.00191536 -0.00197872 -0.00188797 -0.00183494 -0.00180455 
-0.00198171 -0.00199761 -0.00197457 -0.00206455 -0.00200914 -0.00221239 -0.00219461 -0.00214469 -0.0020382 -0.00210607 -0.00204924 -0.00194774 -0.00181338 -0.00171115 0.00259334 0.00258145 0.0029943 0.00318607 0.00306313 0.14934 0.00304113 0.00325101 0.00299025 0.00261704 0.00264587 -0.00161778 -0.00187352 -0.00195545 -0.0020467 -0.00207921 -0.00221635 -0.00233476 -0.00220971 -0.00209082 -0.00198995 -0.00199563 -0.00212305 -0.00213972 -0.00208578 -0.00202415 -0.00203408 -0.00205896 -0.00210825 -0.00213957 -0.00214918 -0.00204826 -0.00204443 -0.00196513 -0.00200926 -0.00201449 -0.00202421 -0.00200174 -0.00197827 -0.00191889 -0.00193647 -0.00200088 -0.00191012 -0.00201669 -0.00195441 -0.00195916 -0.00195328 -0.00196212 -0.00189934 -0.00195038 -0.00192997 -0.00197476 -0.00201438 -0.00195155 -0.00187961 -0.0020903 -0.00189282 -0.0019791 -0.00195344 -0.00205969 -0.001899 -0.00197504 -0.00195677 -0.00208079 -0.00211716 -0.00198777 -0.00197763 -0.00202664 -0.00187296 -0.00200253 -0.00201489 -0.0018875 -0.00199311 -0.0018114 -0.0019844 -0.00203998 -0.00194724 -0.00205076 -0.0019708 -0.00203728 -0.00202586 -0.00194202 -0.00199397 -0.00195821 -0.00196507 -0.00199375 
-0.00194266 -0.00198365 -0.00190329 -0.00190804 -0.00195469 -0.002088 -0.00201727 -0.00213283 -0.00208679 -0.00210175 -0.00218194 -0.00204774 -0.00191401 -0.00185884 -0.00160831 -0.00172301 0.00263288 0.00273748 0.00300644 0.00304113 0.146411 0.0032489 0.00311088 0.00283337 0.00289508 0.0027528 -0.00165848 -0.00174879 -0.00180568 -0.00183211 -0.00207705 -0.00207158 -0.00205767 -0.00231709 -0.00199999 -0.00207193 -0.00204964 -0.00200074 -0.00192453 -0.00198996 -0.00189092 -0.00192512 -0.00199232 -0.00197444 -0.00205754 -0.00201029 -0.00185733 -0.00202209 -0.00189369 -0.0019583 -0.00193695 -0.00190581 -0.00192752 -0.00193031 -0.00175233 -0.00191573 -0.00197002 -0.00188039 -0.00191492 -0.00196249 -0.00187042 -0.0018846 -0.00185772 -0.00184212 -0.00189019 -0.00188331 -0.00194032 -0.00195725 -0.00178857 -0.00190362 -0.00191188 -0.00184884 -0.00196502 -0.00194361 -0.00178417 -0.00176486 -0.00173074 -0.00191704 -0.00186089 -0.00184044 -0.00193198 -0.00186735 -0.00186786 -0.00191878 -0.00181864 -0.00189782 -0.00189982 -0.00180508 -0.00181417 -0.00197447 -0.00190088 -0.0018545 -0.00186369 -0.00188164 -0.00180665 -0.0018576 -0.00186108 -0.00193988 -0.00192988 -0.00185638 
-0.00192531 -0.00196859 -0.00191539 -0.00185146 -0.00186423 -0.00205716 -0.00213606 -0.00212175 -0.00208356 -0.00208652 -0.00224486 -0.00205343 -0.00189922 -0.00192452 -0.00163532 -0.00163304 0.00260132 0.00272364 0.00268479 0.00325101 0.0032489 0.146512 0.00312254 0.00292366 0.00285371 0.00266087 -0.00159 -0.00171838 -0.00189759 -0.00178726 -0.00195534 -0.00211518 -0.00214354 -0.00212751 -0.00193036 -0.00205117 -0.00200451 -0.00209756 -0.00209271 -0.00199702 -0.00193244 -0.00192134 -0.00200371 -0.00195318 -0.00214056 -0.00205228 -0.00192338 -0.00192656 -0.00180442 -0.00186645 -0.00190402 -0.00179604 -0.00195431 -0.00192441 -0.00185643 -0.00184214 -0.00190257 -0.00191556 -0.00195061 -0.00201201 -0.00195544 -0.0018756 -0.00183921 -0.00174343 -0.00192538 -0.00187403 -0.00181979 -0.00192239 -0.00193871 -0.00197602 -0.00185889 -0.00182865 -0.00191546 -0.0019364 -0.00177811 -0.00181493 -0.00176381 -0.00180898 -0.0020256 -0.00195211 -0.00182331 -0.00183828 -0.00193528 -0.00180968 -0.00188027 -0.00183521 -0.00193562 -0.00168857 -0.00176565 -0.00181738 -0.00195421 -0.00201801 -0.00189813 -0.00189144 -0.00189952 -0.00197484 -0.00189593 -0.00194232 -0.00192071 -0.00181431 
-0.00187518 -0.00189729 -0.00193713 -0.00191953 -0.00195054 -0.00212746 -0.00206751 -0.00214641 -0.00220365 -0.00207982 -0.00220747 -0.00218429 -0.0021073 -0.00208117 -0.00179826 -0.00180998 -0.00160095 0.00266226 0.00270945 0.00299025 0.00311088 0.00312254 0.145684 0.00290348 0.00288246 0.0027702 0.00239143 -0.00157035 -0.00170179 -0.00168507 -0.00188463 -0.00190065 -0.00204425 -0.00206401 -0.00198638 -0.00190547 -0.00204761 -0.0019206 -0.00207958 -0.00202038 -0.00191081 -0.00199217 -0.00198734 -0.00198918 -0.00204684 -0.00199896 -0.00186877 -0.00184989 -0.00183727 -0.00186081 -0.00186863 -0.00180472 -0.00190986 -0.00194521 -0.00182721 -0.00196822 -0.00190706 -0.00192738 -0.00192682 -0.00189529 -0.00186196 -0.00184459 -0.00182575 -0.00177219 -0.00193708 -0.00190053 -0.00190459 -0.00186029 -0.00186724 -0.00187708 -0.00184545 -0.00184395 -0.00186372 -0.00186005 -0.00176144 -0.00185924 -0.00181726 -0.00183877 -0.00190499 -0.00192366 -0.00186538 -0.00180572 -0.00189514 -0.0018237 -0.00184519 -0.00181152 -0.00192867 -0.00167231 -0.00171746 -0.00189569 -0.00178354 -0.00190143 -0.0018548 -0.00180459 -0.00196433 -0.00192117 -0.00185073 -0.00183124 -0.00194891 -0.00180844 
-0.00178385 -0.00178847 -0.00170177 -0.00178953 -0.00178966 -0.0020028 -0.00193331 -0.00192218 -0.00192334 -0.00189646 -0.00209481 -0.00217228 -0.00199973 -0.00213534 -0.00204622 -0.00209407 -0.00183646 -0.0017072 -0.00156735 0.00261704 0.00283337 0.00292366 0.00290348 0.141372 0.00300373 0.00303273 0.00259932 0.00246442 -0.00142247 -0.00146116 -0.00160263 -0.00163125 -0.00175611 -0.00189888 -0.00198616 -0.00179877 -0.001916 -0.0019303 -0.00195346 -0.00196024 -0.00181033 -0.00184126 -0.00195665 -0.00196376 -0.00192544 -0.00186401 -0.00192239 -0.00179679 -0.00179973 -0.0017684 -0.00171169 -0.00175252 -0.00167616 -0.00178771 -0.00178997 -0.00176441 -0.00174764 -0.0017405 -0.00166408 -0.00174056 -0.00184979 -0.00176289 -0.00163198 -0.0016305 -0.00178811 -0.00164939 -0.00177689 -0.00181729 -0.00175316 -0.00185777 -0.00174126 -0.00170581 -0.00171307 -0.00169937 -0.00174579 -0.00168148 -0.00164611 -0.00182062 -0.001744 -0.00182414 -0.00181567 -0.00170972 -0.00186557 -0.00186915 -0.00171638 -0.00173446 -0.00179739 -0.00168026 -0.00168131 -0.00186456 -0.00182264 -0.00179133 -0.00185912 -0.00185584 -0.0018032 -0.00178082 -0.00164389 -0.00170404 -0.00170215 -0.00168608 
-0.0018868 -0.00188916 -0.00184668 -0.00193978 -0.00184033 -0.00208823 -0.00208598 -0.00210545 -0.00209765 -0.00206062 -0.00218083 -0.00232394 -0.00222116 -0.00237809 -0.00210737 -0.00212895 -0.00193448 -0.00183888 -0.00183722 0.00264587 0.00289508 0.00285371 0.00288246 0.00300373 0.146056 0.00305141 0.00282262 0.00258991 0.00240326 0.00233742 -0.00149346 -0.00169202 -0.00184171 -0.00205999 -0.00200176 -0.00206586 -0.00201983 -0.00206413 -0.00207815 -0.00203542 -0.00197214 -0.0020074 -0.00206564 -0.00207528 -0.00200951 -0.00208288 -0.00182507 -0.0018647 -0.00198593 -0.00191647 -0.00196265 -0.00185138 -0.00195193 -0.00187845 -0.00190256 -0.00191201 -0.001958 -0.00197817 -0.00187065 -0.00200361 -0.0018775 -0.0018474 -0.00186337 -0.00186877 -0.00183234 -0.00191507 -0.00192482 -0.00197531 -0.00187254 -0.00194729 -0.00195776 -0.00187156 -0.00193331 -0.00196264 -0.00186847 -0.0018384 -0.00180624 -0.00195374 -0.00197629 -0.00191965 -0.00191503 -0.00180917 -0.00194149 -0.00199881 -0.00198832 -0.00186286 -0.00194576 -0.00175878 -0.00187602 -0.00194682 -0.002012 -0.00201694 -0.00190519 -0.00196945 -0.00190175 -0.00195073 -0.00190435 -0.00186662 -0.00188591 -0.00185436 
-0.00194405 -0.0019165 -0.00192277 -0.00193764 -0.00191999 -0.00204271 -0.00209087 -0.00206222 -0.00210464 -0.00206259 -0.00217922 -0.00229188 -0.00204553 -0.00238926 -0.00217503 -0.00213728 -0.00209168 -0.00190773 -0.00188557 -0.00161778 0.0027528 0.00266087 0.0027702 0.00303273 0.00305141 0.144201 0.00284918 0.00273711 0.0024187 0.00259036 0.00229043 -0.00152338 -0.00149561 -0.00168552 -0.00184747 -0.00184633 -0.00201 -0.00193549 -0.00199123 -0.00193606 -0.00194998 -0.00192411 -0.00195567 -0.00202119 -0.00194198 -0.00205681 -0.00190542 -0.00189922 -0.00185335 -0.00185688 -0.00185391 -0.00192894 -0.00190302 -0.00193678 -0.00191085 -0.00189227 -0.00189523 -0.00195958 -0.00188136 -0.00191855 -0.00191776 -0.00190587 -0.00177138 -0.00182233 -0.0019917 -0.00181227 -0.00198069 -0.00193256 -0.00195715 -0.00200447 -0.00191022 -0.00188756 -0.00191797 -0.00193901 -0.00190186 -0.00186118 -0.00178708 -0.00194746 -0.00181294 -0.00195773 -0.00185028 -0.00194667 -0.0020116 -0.0018581 -0.00194348 -0.00189924 -0.00191538 -0.00185646 -0.00190307 -0.00187945 -0.00185909 -0.00184689 -0.00182407 -0.00192388 -0.00196732 -0.00190298 -0.00190742 -0.00188195 -0.0018695 -0.00184714 
-0.00183808 -0.00182539 -0.00181226 -0.00182857 -0.00184791 -0.00186163 -0.00198372 -0.00188506 -0.00201646 -0.00195565 -0.00199633 -0.00208215 -0.00201194 -0.00214009 -0.00214943 -0.00226484 -0.00214748 -0.00208711 -0.00204904 -0.00187352 -0.00165848 -0.00159 0.00239143 0.00259932 0.00282262 0.00284918 0.139091 0.00275033 0.00268643 0.0027373 0.00253399 0.00228 -0.00132954 -0.00132215 -0.00165931 -0.00157685 -0.00178611 -0.00179523 -0.00186968 -0.00189184 -0.00179273 -0.00186588 -0.00188556 -0.0018979 -0.00191809 -0.00187859 -0.001842 -0.00170068 -0.00178231 -0.00176152 -0.00189002 -0.00178217 -0.00174425 -0.00175713 -0.00187754 -0.00178594 -0.00179301 -0.00179015 -0.00175248 -0.00174824 -0.00182254 -0.00178191 -0.00178236 -0.00173651 -0.00171737 -0.0017051 -0.00180344 -0.00179998 -0.00181981 -0.00182598 -0.00182715 -0.00175714 -0.0017757 -0.00173787 -0.00165475 -0.00157497 -0.00164176 -0.00179576 -0.00180303 -0.00175929 -0.00173634 -0.00178554 -0.0018267 -0.0017067 -0.00178113 -0.00174455 -0.00179232 -0.00168232 -0.00169397 -0.00172276 -0.00183103 -0.00178399 -0.00172141 -0.0018206 -0.00179088 -0.00182005 -0.00172363 -0.00175708 -0.00178542 -0.0017305 
-0.0016784 -0.00171289 -0.00181687 -0.00179341 -0.0018373 -0.00184229 -0.001948 -0.00199112 -0.00203356 -0.00182591 -0.00205847 -0.00204198 -0.00191956 -0.00223451 -0.00203864 -0.00213496 -0.00218426 -0.0021821 -0.00218001 -0.00195545 -0.00174879 -0.00171838 -0.00157035 0.00246442 0.00258991 0.00273711 0.00275033 0.13704 0.00269784 0.00270698 0.00252621 0.00238426 0.00240142 -0.00144585 -0.00154501 -0.00149418 -0.00173744 -0.00168788 -0.00182654 -0.00184736 -0.00181669 -0.00168496 -0.00184145 -0.00192162 -0.00178665 -0.00182831 -0.00170537 -0.00175115 -0.00170686 -0.0017673 -0.00177849 -0.0016884 -0.00172075 -0.00179654 -0.00167784 -0.00174803 -0.00178189 -0.0017474 -0.00177453 -0.00176913 -0.00172915 -0.00177068 -0.00158673 -0.00162731 -0.00173423 -0.00171461 -0.00171818 -0.00168117 -0.00173493 -0.00171106 -0.00175741 -0.00178923 -0.00189236 -0.0017701 -0.00163567 -0.00167548 -0.00162769 -0.00178059 -0.00177372 -0.00170119 -0.0016689 -0.00176904 -0.00180102 -0.00174409 -0.00170223 -0.0016918 -0.00173531 -0.00164688 -0.00165029 -0.00179543 -0.00179906 -0.00169274 -0.00179647 -0.00177624 -0.00167831 -0.00172758 -0.00170549 -0.00178238 -0.00169233 -0.00170656 
-0.00173584 -0.00175702 -0.00171211 -0.00174817 -0.00179908 -0.00188656 -0.00191231 -0.0018591 -0.00198046 -0.0018921 -0.00197734 -0.00203393 -0.00199335 -0.0020738 -0.00205317 -0.00206294 -0.0021258 -0.00205195 -0.00208936 -0.0020467 -0.00180568 -0.00189759 -0.00170179 -0.00142247 0.00240326 0.0024187 0.00268643 0.00269784 0.134945 0.00280986 0.00259059 0.00249807 0.00240557 0.00230174 -0.00133909 -0.00135713 -0.00153431 -0.00156041 -0.00165569 -0.00181044 -0.00177653 -0.00175396 -0.00185685 -0.00187116 -0.0019028 -0.00186218 -0.00181806 -0.00165963 -0.00171881 -0.00166411 -0.00160917 -0.00167733 -0.00167711 -0.00175879 -0.00165952 -0.00170191 -0.00176876 -0.00170562 -0.00176048 -0.00178048 -0.00181023 -0.00175815 -0.00168342 -0.0015246 -0.00172968 -0.00169984 -0.00173655 -0.00168954 -0.00167875 -0.00174091 -0.00159056 -0.00165773 -0.00170088 -0.00164823 -0.00165874 -0.001603 -0.0015098 -0.00174116 -0.00166772 -0.00175987 -0.00166164 -0.0017574 -0.00172264 -0.00176253 -0.00174553 -0.00171117 -0.00180361 -0.00155103 -0.00162205 -0.00177411 -0.00171901 -0.0017062 -0.00170837 -0.00168983 -0.00177802 -0.00175462 -0.00174184 -0.00171152 -0.00176447 -0.00162336 
-0.0018065 -0.00179654 -0.0017976 -0.00174171 -0.00176315 -0.00181118 -0.00187221 -0.0019151 -0.00203865 -0.00188761 -0.00197419 -0.00214162 -0.00200145 -0.00207972 -0.00206206 -0.00207758 -0.00213002 -0.00221586 -0.00210587 -0.00207921 -0.00183211 -0.00178726 -0.00168507 -0.00146116 0.00233742 0.00259036 0.0027373 0.00270698 0.00280986 0.133818 0.00260405 0.00247696 0.00227725 0.00223253 -0.00130984 -0.00127137 -0.0014732 -0.00162467 -0.00166014 -0.00170766 -0.00169875 -0.00180965 -0.00180977 -0.00179176 -0.00172826 -0.00176945 -0.00174122 -0.00174472 -0.0017254 -0.0017542 -0.00172026 -0.00162684 -0.00168935 -0.00168048 -0.00166217 -0.00168053 -0.00177099 -0.00173536 -0.00167795 -0.00171712 -0.00170821 -0.00175056 -0.00164595 -0.00159835 -0.00169713 -0.00171697 -0.00166259 -0.00171134 -0.00170101 -0.00168764 -0.00173151 -0.00168578 -0.00164504 -0.00163286 -0.00161951 -0.00156438 -0.00156865 -0.00166422 -0.00170227 -0.00164675 -0.00178139 -0.00171319 -0.00167284 -0.00172712 -0.00179312 -0.00166455 -0.00167472 -0.00155634 -0.00163426 -0.00173129 -0.00168471 -0.00161008 -0.00166829 -0.0016331 -0.00174501 -0.00169995 -0.00160169 -0.00170163 -0.00166769 -0.00164404 
-0.00178441 -0.00182151 -0.00181053 -0.00181293 -0.001882 -0.00186451 -0.00187334 -0.00199756 -0.00200812 -0.00186917 -0.00198659 -0.00218731 -0.00204638 -0.00214954 -0.00205254 -0.0021574 -0.0022659 -0.00217402 -0.0022192 -0.00221635 -0.00207705 -0.00195534 -0.00188463 -0.00160263 -0.00149346 0.00229043 0.00253399 0.00252621 0.00259059 0.00260405 0.134543 0.00262055 0.00258762 0.00247841 0.00217359 0.0021726 -0.00127316 -0.00146328 -0.00148351 -0.00162357 -0.00169344 -0.00170608 -0.00179901 -0.00181524 -0.00178741 -0.00184032 -0.0017771 -0.00174306 -0.00174302 -0.0017305 -0.00172912 -0.00167844 -0.00182513 -0.00173831 -0.00167417 -0.00170597 -0.00172013 -0.0017766 -0.00177686 -0.00169071 -0.00173841 -0.00164289 -0.00165548 -0.00167118 -0.00175052 -0.00171986 -0.00171258 -0.00169853 -0.00167327 -0.00175583 -0.00172004 -0.00170914 -0.00167647 -0.00166317 -0.00170797 -0.00164996 -0.00164788 -0.0017682 -0.00173654 -0.00178192 -0.00172809 -0.00176156 -0.00177569 -0.00178568 -0.00174113 -0.00190254 -0.00175574 -0.0016144 -0.00172003 -0.00172305 -0.00177075 -0.00174928 -0.00167735 -0.00171665 -0.00178821 -0.00187376 -0.00180986 -0.00178283 -0.00169738 -0.0016806 
-0.0017583 -0.00174335 -0.00177372 -0.00175525 -0.00165839 -0.00188894 -0.00184911 -0.00185904 -0.00193931 -0.00188178 -0.00200204 -0.002096 -0.00202058 -0.00222831 -0.00190361 -0.00218019 -0.00220938 -0.00216764 -0.00211102 -0.00233476 -0.00207158 -0.00211518 -0.00190065 -0.00163125 -0.00169202 -0.00152338 0.00228 0.00238426 0.00249807 0.00247696 0.00262055 0.132773 0.00262084 0.00244221 0.00223412 0.00225381 0.00210688 -0.00129776 -0.00130007 -0.00140766 -0.00160887 -0.00160718 -0.00178247 -0.00176515 -0.00176217 -0.00178447 -0.00172676 -0.00172287 -0.00172151 -0.00176413 -0.00169595 -0.00171025 -0.00174634 -0.00170707 -0.00178509 -0.0015759 -0.00177879 -0.00171394 -0.00170037 -0.00165248 -0.00166966 -0.0017619 -0.00168251 -0.00169074 -0.00176353 -0.00175027 -0.00175336 -0.00171118 -0.0017825 -0.00179436 -0.00163497 -0.00171329 -0.00172862 -0.00165038 -0.00160843 -0.00159347 -0.00158061 -0.00168097 -0.00175232 -0.00174864 -0.0017695 -0.00168101 -0.00178749 -0.00179824 -0.00159374 -0.00170149 -0.00169554 -0.00168206 -0.00160736 -0.00167206 -0.00170639 -0.00173216 -0.00173972 -0.00166771 -0.00172706 -0.00165827 -0.00176066 -0.00172943 -0.00168302 -0.00163361 
-0.0016768 -0.00168475 -0.00184852 -0.00170988 -0.00182424 -0.00180955 -0.00185508 -0.00193724 -0.00197022 -0.00190778 -0.00202198 -0.00196127 -0.00201013 -0.00212224 -0.00209529 -0.00206142 -0.00220391 -0.00211559 -0.00209716 -0.00220971 -0.00205767 -0.00214354 -0.00204425 -0.00175611 -0.00184171 -0.00149561 -0.00132954 0.00240142 0.00240557 0.00227725 0.00258762 0.00262084 0.131489 0.00256147 0.00229987 0.00223707 0.00210572 0.00201861 -0.00134596 -0.00140264 -0.00149156 -0.00148505 -0.00162495 -0.00172085 -0.00183894 -0.00177629 -0.00173594 -0.00173767 -0.00174376 -0.00165628 -0.00171568 -0.00175092 -0.00171863 -0.00170627 -0.00174413 -0.00176103 -0.00173124 -0.00163887 -0.00173467 -0.00167545 -0.00160376 -0.00164122 -0.00165371 -0.00163098 -0.0016211 -0.00167493 -0.00167452 -0.00170315 -0.0016569 -0.00163303 -0.0016135 -0.00168036 -0.00163713 -0.00164789 -0.00164911 -0.00157558 -0.00158477 -0.00163995 -0.00162461 -0.00174205 -0.00173418 -0.00164627 -0.00167133 -0.00173311 -0.00162511 -0.00176159 -0.00173066 -0.00161479 -0.00163161 -0.00170724 -0.00175904 -0.00168172 -0.00157108 -0.00175165 -0.00162811 -0.00164511 -0.00167851 -0.00172555 -0.00173442 -0.00155742 
