0.12308 0.00228721 0.00212157 0.002099 0.00192841 0.00203218 -0.00124977 -0.00129866 -0.00140211 -0.0013062 -0.00164873 -0.00171779 -0.00168812 -0.0018599 -0.00176239 -0.00177456 -0.00198011 -0.00189981 -0.0019925 -0.00206467 -0.00191265 -0.00198661 -0.00180258 -0.00173147 -0.00197128 -0.00193473 -0.00180528 -0.00180936 -0.00169593 -0.00175556 -0.00178875 -0.00167328 -0.00173516 -0.00169897 -0.00165602 -0.00163051 -0.00159058 -0.00162062 -0.00160945 -0.00154617 -0.00149326 -0.00148993 -0.00151282 -0.00159442 -0.00158704 -0.00160517 -0.0014705 -0.00147054 -0.00149487 -0.00157976 -0.00148113 -0.00149253 -0.00146059 -0.00153016 -0.00153815 -0.00151375 -0.00155512 -0.00153564 -0.00153341 -0.00152664 -0.00147207 -0.0015181 -0.00143225 -0.00148112 -0.00154325 -0.00151236 -0.00158463 -0.00143231 -0.00146945 -0.00153327 -0.00154063 -0.00146601 -0.00146563 -0.00155591 -0.00141186 -0.00155196 -0.00141895 -0.00150062 -0.00143792 -0.00144159 -0.0014014 -0.00155969 -0.00146034 -0.00143855 -0.00150103 -0.00146928 -0.00147663 -0.00150467 -0.00140552 -0.00149301 -0.00151691 -0.00142749 -0.00133641 -0.00117632 -0.00126167 -0.00116992 0.00183614 0.00191024 0.00200958 0.00213013 
0.00228721 0.123582 0.00221868 0.00215592 0.00216155 0.00214636 0.00198751 -0.00126459 -0.00126948 -0.00128239 -0.00154299 -0.00180419 -0.00170602 -0.00187684 -0.00185867 -0.00181627 -0.00194432 -0.00181266 -0.00193117 -0.00206982 -0.00191495 -0.00194535 -0.00197788 -0.00175648 -0.0019434 -0.00191141 -0.0018132 -0.00174061 -0.00171568 -0.00176237 -0.00177393 -0.00173306 -0.00170275 -0.00176102 -0.00160856 -0.00158009 -0.001714 -0.0016134 -0.00167834 -0.00161772 -0.00158342 -0.00150525 -0.00156947 -0.00163499 -0.00166974 -0.00158106 -0.00156302 -0.00148122 -0.00151595 -0.00154241 -0.00145324 -0.0015347 -0.00147226 -0.00146339 -0.00153119 -0.00152865 -0.0015089 -0.00154989 -0.00152757 -0.00149223 -0.00158611 -0.00146035 -0.00141678 -0.00150323 -0.00151473 -0.0015247 -0.00149974 -0.00151002 -0.00152405 -0.0014877 -0.00147609 -0.00151648 -0.00143951 -0.00150193 -0.00136324 -0.00139601 -0.00142369 -0.0015677 -0.00147458 -0.00155379 -0.00159685 -0.00151236 -0.00162593 -0.00153409 -0.00152207 -0.00143412 -0.00152018 -0.00147738 -0.00140387 -0.0015281 -0.00151524 -0.00144 -0.00136882 -0.00125956 -0.00133608 -0.0012526 -0.00118079 0.00185515 0.00195419 0.00205169 
0.00212157 0.00221868 0.123796 0.0022301 0.00209965 0.0022369 0.00209089 0.00207465 -0.00124219 -0.00135083 -0.00141695 -0.00158315 -0.00156981 -0.00182255 -0.00175944 -0.00178612 -0.00194013 -0.00188735 -0.00189399 -0.00187902 -0.00192873 -0.0019365 -0.00194543 -0.00173398 -0.00197683 -0.00190254 -0.00177296 -0.00172557 -0.00180079 -0.00182267 -0.0017429 -0.00176135 -0.00165258 -0.00170759 -0.00154046 -0.00158212 -0.00172005 -0.0016762 -0.0016236 -0.00165333 -0.00156476 -0.0015975 -0.00159372 -0.00169048 -0.00164843 -0.00155868 -0.00155162 -0.00157269 -0.00154851 -0.00154071 -0.00155724 -0.00154366 -0.00152271 -0.00145551 -0.00149985 -0.00144439 -0.00162443 -0.00148073 -0.00148535 -0.00152816 -0.00148406 -0.00151219 -0.0014638 -0.00149838 -0.00153376 -0.00159215 -0.00150056 -0.00151784 -0.00146572 -0.0015362 -0.00149447 -0.00159091 -0.00147404 -0.00158919 -0.0014518 -0.00144819 -0.00149063 -0.00150742 -0.00140382 -0.00159294 -0.00155649 -0.00148962 -0.00144949 -0.00152901 -0.0015475 -0.00149637 -0.00149925 -0.00148313 -0.00148536 -0.00152764 -0.00151355 -0.0014893 -0.00151558 -0.00148231 -0.00143748 -0.00134237 -0.00120768 -0.00116261 0.00183471 0.00200633 
0.002099 0.00215592 0.0022301 0.124393 0.0023437 0.0023402 0.00219594 0.00203767 0.00210333 -0.00117197 -0.00139388 -0.00144515 -0.00149991 -0.0016904 -0.00176296 -0.00183849 -0.00198015 -0.0018808 -0.00195537 -0.00205025 -0.00189211 -0.00184572 -0.00188531 -0.00187821 -0.00200839 -0.00198706 -0.0018152 -0.00177689 -0.00177983 -0.00179321 -0.00183528 -0.00177507 -0.00179541 -0.00174195 -0.00155285 -0.001622 -0.00164544 -0.00164167 -0.00163994 -0.00156476 -0.00160428 -0.00162067 -0.001601 -0.00166951 -0.00164469 -0.00167308 -0.00152046 -0.00156125 -0.00166344 -0.00153872 -0.00157669 -0.00152975 -0.00155115 -0.00151216 -0.00160855 -0.00150176 -0.00163776 -0.00156315 -0.0015779 -0.00155499 -0.00153469 -0.00152452 -0.00149832 -0.00139982 -0.00150226 -0.00149905 -0.00156987 -0.00147915 -0.00151168 -0.0014967 -0.00149965 -0.00145187 -0.00150303 -0.00149888 -0.00146733 -0.00141155 -0.00148539 -0.00149579 -0.00148242 -0.00147552 -0.00155512 -0.00150529 -0.00155017 -0.00151595 -0.00148392 -0.00147569 -0.00156959 -0.0014914 -0.00158387 -0.00149317 -0.00160276 -0.00150407 -0.00154168 -0.00153796 -0.00152303 -0.00142496 -0.00134204 -0.00125983 -0.00126585 0.00197184 
0.00192841 0.00216155 0.00209965 0.0023437 0.125053 0.00244796 0.00233295 0.0022858 0.00221788 0.00207384 -0.0013168 -0.00149137 -0.00138987 -0.00162941 -0.00182616 -0.00181204 -0.00198273 -0.00188466 -0.00188289 -0.00209807 -0.00197093 -0.00191477 -0.00198495 -0.00177159 -0.0019802 -0.0018963 -0.00184892 -0.00168452 -0.0017125 -0.0018028 -0.00183739 -0.00174542 -0.00167751 -0.00172351 -0.00160489 -0.00156625 -0.00166896 -0.00174488 -0.0017188 -0.00177943 -0.00155351 -0.0015673 -0.00164082 -0.00162865 -0.0016934 -0.0015909 -0.00154448 -0.00160407 -0.00159915 -0.00157765 -0.00169368 -0.00157582 -0.0015425 -0.00144583 -0.00162107 -0.00158138 -0.00159073 -0.00153669 -0.00164608 -0.00159426 -0.00155482 -0.00153746 -0.00148642 -0.00144955 -0.00163741 -0.001601 -0.00162521 -0.00149144 -0.00148118 -0.00152103 -0.00155747 -0.00146965 -0.00149225 -0.00159914 -0.00141653 -0.00153469 -0.00140284 -0.00151389 -0.00153978 -0.0015852 -0.00155104 -0.00156598 -0.00148398 -0.00153913 -0.00149789 -0.00157455 -0.00154062 -0.00143353 -0.00151385 -0.00151359 -0.00150923 -0.00157468 -0.00156441 -0.00156898 -0.00156437 -0.00143253 -0.00150538 -0.00141728 -0.00122146 -0.00109917 
0.00203218 0.00214636 0.0022369 0.0023402 0.00244796 0.128288 0.00242167 0.00231528 0.00231522 0.00226001 0.00209672 -0.00138726 -0.00138933 -0.00164794 -0.0018382 -0.00185162 -0.00206973 -0.00196646 -0.00200286 -0.00210798 -0.0020905 -0.00207337 -0.00192084 -0.00201281 -0.00211285 -0.00196123 -0.00189467 -0.00183468 -0.00188977 -0.00180996 -0.00189166 -0.00183852 -0.00184001 -0.0017682 -0.00169402 -0.00170986 -0.00168825 -0.00179107 -0.00180454 -0.00175131 -0.00177973 -0.00173017 -0.00177101 -0.00182875 -0.0017485 -0.00167166 -0.00166178 -0.00168616 -0.00168779 -0.00165754 -0.00169454 -0.00159508 -0.00161906 -0.00160482 -0.00165339 -0.00157942 -0.0015677 -0.00166565 -0.00165157 -0.00160149 -0.00163592 -0.00158237 -0.00159868 -0.00149868 -0.00164021 -0.00151659 -0.00166681 -0.00157491 -0.00166719 -0.00161011 -0.00166805 -0.00167518 -0.0017125 -0.00167685 -0.001499 -0.0015598 -0.00153957 -0.00163319 -0.00168221 -0.00172469 -0.00165968 -0.00166151 -0.00160713 -0.00165656 -0.00160701 -0.00161546 -0.00158908 -0.00156162 -0.00157136 -0.00159474 -0.00166972 -0.00166671 -0.00160734 -0.00172499 -0.00157076 -0.00157044 -0.0014978 -0.00146344 -0.00136646 -0.00118119 
-0.00124977 0.00198751 0.00209089 0.00219594 0.00233295 0.00242167 0.128984 0.00254614 0.00247739 0.0023452 0.00221089 0.00207361 -0.00127216 -0.00148672 -0.00179726 -0.00173481 -0.00201974 -0.0019391 -0.00204118 -0.00215761 -0.00217099 -0.00195138 -0.00207745 -0.00194038 -0.00211131 -0.00206378 -0.00193711 -0.00194887 -0.00189704 -0.00191006 -0.00192434 -0.00191637 -0.00183885 -0.00179113 -0.00178268 -0.00179242 -0.00175172 -0.00179057 -0.00173135 -0.00172674 -0.00159988 -0.00172755 -0.00177662 -0.00164826 -0.00178577 -0.00172315 -0.00170783 -0.00169769 -0.00164264 -0.00181788 -0.00163048 -0.00159583 -0.00161979 -0.00172178 -0.00161022 -0.00165454 -0.00161488 -0.00157974 -0.00163946 -0.0016865 -0.0017013 -0.00165442 -0.00159144 -0.00161009 -0.00168532 -0.00178004 -0.0015559 -0.00167592 -0.00166433 -0.00179189 -0.00159229 -0.0016238 -0.00173999 -0.00164024 -0.00157728 -0.00155571 -0.00157939 -0.00160907 -0.00155505 -0.00160552 -0.0016581 -0.00162637 -0.00168548 -0.00153718 -0.0015964 -0.00167029 -0.00165697 -0.00151856 -0.00151693 -0.00164173 -0.00166135 -0.00164691 -0.00163507 -0.00162747 -0.0015507 -0.00163495 -0.00157708 -0.00146641 -0.00144542 -0.00129075 
-0.00129866 -0.00126459 0.00207465 0.00203767 0.0022858 0.00231528 0.00254614 0.130388 0.00261978 0.00246625 0.00244253 0.00229744 0.00221504 -0.00138884 -0.0016261 -0.00171014 -0.00190624 -0.00200634 -0.00205209 -0.00222758 -0.00204926 -0.00203241 -0.00205515 -0.00196016 -0.00214041 -0.00210073 -0.00201595 -0.00186958 -0.00188057 -0.0019205 -0.00187972 -0.00186945 -0.00187143 -0.00187586 -0.00181837 -0.00174248 -0.00190848 -0.00178306 -0.00179681 -0.00170213 -0.00169027 -0.00170773 -0.00168365 -0.00178532 -0.00179829 -0.00171467 -0.0017453 -0.00178613 -0.00176683 -0.00173006 -0.00167955 -0.00171602 -0.00169956 -0.00164983 -0.00156079 -0.00170197 -0.0016322 -0.00172947 -0.0017199 -0.00158795 -0.00167456 -0.00164841 -0.00163363 -0.00156842 -0.00164025 -0.00174679 -0.00165378 -0.00168646 -0.00174299 -0.00171305 -0.00170259 -0.0015722 -0.00170832 -0.00171423 -0.00156275 -0.00162216 -0.00163356 -0.00171141 -0.00160684 -0.00171831 -0.00161313 -0.00168678 -0.00167394 -0.00159641 -0.00169177 -0.00166268 -0.00168791 -0.00158024 -0.00159304 -0.00161608 -0.00167978 -0.00162236 -0.00171858 -0.00161013 -0.00163316 -0.00173025 -0.00162214 -0.00165908 -0.00153747 -0.00137387 
-0.00140211 -0.00126948 -0.00124219 0.00210333 0.00221788 0.00231522 0.00247739 0.00261978 0.131294 0.00255478 0.00252437 0.00245686 0.00236132 0.00228319 -0.00153182 -0.00156367 -0.00186041 -0.00201264 -0.00199424 -0.002193 -0.00216363 -0.00214568 -0.00223005 -0.00191594 -0.00218064 -0.00205503 -0.00205146 -0.0020007 -0.00188489 -0.00180515 -0.00187348 -0.00194486 -0.00200055 -0.00186655 -0.0018225 -0.00183061 -0.0018689 -0.00186551 -0.0017706 -0.00182429 -0.00163832 -0.00178648 -0.00177214 -0.00173175 -0.00175597 -0.00177283 -0.00176538 -0.00166208 -0.001802 -0.00166225 -0.00171936 -0.00175252 -0.00174003 -0.00171567 -0.00173582 -0.0016781 -0.00169472 -0.00169633 -0.0015947 -0.00168385 -0.00168229 -0.00164274 -0.00157712 -0.00160213 -0.00163151 -0.00162523 -0.00172899 -0.00165125 -0.00170742 -0.00157795 -0.00176746 -0.00172046 -0.00169026 -0.00164928 -0.00155403 -0.00161089 -0.0015725 -0.00174183 -0.00174706 -0.00168793 -0.00168457 -0.00171319 -0.00168434 -0.0017278 -0.00165673 -0.00172244 -0.00174076 -0.00157187 -0.00162029 -0.00174963 -0.0017618 -0.00173686 -0.00165227 -0.00168725 -0.00164328 -0.00172613 -0.00164448 -0.00169826 -0.00154765 -0.00153956 
-0.0013062 -0.00128239 -0.00135083 -0.00117197 0.00207384 0.00226001 0.0023452 0.00246625 0.00255478 0.130089 0.00254279 0.00240357 0.00240453 0.00223506 -0.00150707 -0.00137731 -0.00174047 -0.00196796 -0.00196157 -0.00208411 -0.00218071 -0.00201957 -0.00202358 -0.00194707 -0.00209665 -0.00200617 -0.00194158 -0.00191292 -0.00189427 -0.00182261 -0.0019146 -0.00194992 -0.00188556 -0.00181983 -0.0017168 -0.00183653 -0.00181077 -0.00172602 -0.00172068 -0.00177182 -0.00169525 -0.00166518 -0.00162706 -0.00167281 -0.00168169 -0.00172448 -0.00158416 -0.00166207 -0.00161046 -0.0016756 -0.00166401 -0.00163485 -0.00164239 -0.0016084 -0.0016442 -0.00167796 -0.00175119 -0.00168943 -0.00160896 -0.0016151 -0.00159195 -0.0016251 -0.00154288 -0.00159074 -0.00163573 -0.00161364 -0.00161146 -0.00159104 -0.00172717 -0.00166646 -0.00162669 -0.00161773 -0.0015666 -0.00162914 -0.0015097 -0.00150508 -0.00159598 -0.00156812 -0.0016437 -0.00157693 -0.00164478 -0.00168139 -0.00166889 -0.0015521 -0.00159789 -0.00164001 -0.00158938 -0.00154536 -0.00158961 -0.00160737 -0.00169379 -0.00166496 -0.00172527 -0.00161851 -0.00158042 -0.00163448 -0.00168887 -0.00159563 -0.00162556 -0.00151192 
-0.00164873 -0.00154299 -0.00141695 -0.00139388 -0.0013168 0.00209672 0.00221089 0.00244253 0.00252437 0.00254279 0.134762 0.0026454 0.00256939 0.0024643 0.00230172 0.00225839 -0.0015855 -0.00179193 -0.00172036 -0.00205049 -0.0022619 -0.00219498 -0.0021594 -0.00204342 -0.00221319 -0.00213461 -0.00202456 -0.00207291 -0.0020386 -0.00197375 -0.00200609 -0.00194613 -0.00194607 -0.00191236 -0.00182173 -0.00182298 -0.00186266 -0.00184474 -0.00189235 -0.00179241 -0.00173541 -0.00181635 -0.00186722 -0.00195037 -0.00181781 -0.00187816 -0.00171339 -0.00171339 -0.00178132 -0.00181476 -0.00177529 -0.00175894 -0.00176305 -0.00174226 -0.00175386 -0.00173965 -0.00181856 -0.00170727 -0.00167248 -0.00175573 -0.00165499 -0.00181261 -0.00164272 -0.00170633 -0.0017596 -0.00176481 -0.00180275 -0.0017099 -0.00179928 -0.00185164 -0.00178272 -0.00176608 -0.0018327 -0.00171189 -0.00172574 -0.00169901 -0.00166039 -0.00171968 -0.00172502 -0.00175367 -0.00174241 -0.00172406 -0.00171806 -0.00162032 -0.00176969 -0.00171518 -0.00170768 -0.00160932 -0.00167857 -0.00168409 -0.00164343 -0.00156509 -0.00170851 -0.00166952 -0.00171422 -0.00175773 -0.00165714 -0.0018072 -0.0017469 -0.00169018 
-0.00171779 -0.00180419 -0.00158315 -0.00144515 -0.00149137 -0.00138726 0.00207361 0.00229744 0.00245686 0.00240357 0.0026454 0.136668 0.00278922 0.00267028 0.00252403 0.00256263 0.00233382 -0.00169931 -0.0017668 -0.00191644 -0.00202572 -0.00206014 -0.00211974 -0.00202086 -0.00225754 -0.0020629 -0.00206232 -0.00205128 -0.00197732 -0.0019142 -0.00201538 -0.00204089 -0.00199897 -0.00205529 -0.00181913 -0.00191121 -0.00192343 -0.00187687 -0.00200926 -0.00183613 -0.00185326 -0.00178265 -0.00189493 -0.00191269 -0.00192303 -0.00187883 -0.00184001 -0.00177094 -0.00181699 -0.00175421 -0.00178225 -0.00174994 -0.00173846 -0.00184935 -0.00177227 -0.00184685 -0.00178832 -0.0018401 -0.00186417 -0.00182639 -0.00175484 -0.0018028 -0.00171445 -0.0016464 -0.00173979 -0.00178612 -0.00175025 -0.00178603 -0.00185696 -0.00182661 -0.00180253 -0.00173868 -0.00180524 -0.00177117 -0.00168744 -0.00169468 -0.00169316 -0.00177903 -0.00171469 -0.00175501 -0.00160507 -0.00170209 -0.00170661 -0.00181308 -0.00174195 -0.00175719 -0.00181678 -0.00166768 -0.00165626 -0.00173474 -0.00174826 -0.00176219 -0.00170014 -0.0017593 -0.00177563 -0.0018916 -0.00173537 -0.00184811 -0.00178124 -0.00178038 
-0.00168812 -0.00170602 -0.00156981 -0.00149991 -0.00138987 -0.00138933 -0.00127216 0.00221504 0.00236132 0.00240453 0.00256939 0.00278922 0.135044 0.00269052 0.00249883 0.00256152 0.00242759 -0.00167651 -0.00155745 -0.00181676 -0.00200405 -0.00203418 -0.00202614 -0.00200315 -0.00224366 -0.0021769 -0.00196352 -0.00208315 -0.00195651 -0.00194146 -0.0020033 -0.00210496 -0.00204551 -0.00179974 -0.00182886 -0.00179994 -0.00179765 -0.00173931 -0.00184208 -0.00174722 -0.00166324 -0.00173122 -0.00178611 -0.00172264 -0.00185218 -0.00175379 -0.00178803 -0.00164894 -0.00180545 -0.00177878 -0.00177155 -0.00175574 -0.00165769 -0.00177608 -0.00173022 -0.00173007 -0.00175578 -0.00172117 -0.00173065 -0.00167873 -0.00171199 -0.00174676 -0.00162184 -0.00162156 -0.0017294 -0.00170103 -0.00171116 -0.00171089 -0.00177266 -0.00175037 -0.00172601 -0.00160994 -0.00171781 -0.00178053 -0.00159058 -0.00169468 -0.00164346 -0.00178599 -0.00177132 -0.00166702 -0.00167733 -0.00173242 -0.00167365 -0.00164294 -0.00162492 -0.0016799 -0.00171923 -0.0015946 -0.00165539 -0.00166563 -0.00173978 -0.00172024 -0.00174741 -0.00178359 -0.00171357 -0.00173121 -0.00173838 -0.00174 -0.00168529 -0.00168599 
-0.0018599 -0.00187684 -0.00182255 -0.0016904 -0.00162941 -0.00164794 -0.00148672 -0.00138884 0.00228319 0.00223506 0.0024643 0.00267028 0.00269052 0.140335 0.00270994 0.00285671 0.00268854 0.00252608 0.00251343 -0.00164806 -0.00205469 -0.00184039 -0.00198472 -0.00219065 -0.0022199 -0.00228882 -0.00216683 -0.00202699 -0.0021123 -0.00214754 -0.0021061 -0.00201963 -0.00212507 -0.00201778 -0.00197116 -0.00180827 -0.0020659 -0.00195749 -0.00206036 -0.00198263 -0.00193144 -0.00188838 -0.00193747 -0.00188263 -0.00192216 -0.00190659 -0.00181639 -0.00181849 -0.00175231 -0.00182064 -0.0018117 -0.00183918 -0.0018345 -0.0017654 -0.00185978 -0.00176382 -0.00186407 -0.00181062 -0.00185805 -0.00183533 -0.00182864 -0.00187718 -0.00173838 -0.00168774 -0.0018566 -0.00188535 -0.00198628 -0.00189612 -0.00179844 -0.00183168 -0.00190938 -0.00184101 -0.00174566 -0.00186042 -0.00173226 -0.00185335 -0.00164064 -0.00182334 -0.0018247 -0.00180976 -0.00180636 -0.00191126 -0.00184907 -0.00183596 -0.00181085 -0.0018568 -0.00183545 -0.00180777 -0.00174403 -0.00179872 -0.00180004 -0.00177249 -0.00178357 -0.00181111 -0.00187529 -0.00187526 -0.00181011 -0.00186602 -0.00176243 -0.00181671 
-0.00176239 -0.00185867 -0.00175944 -0.00176296 -0.00182616 -0.0018382 -0.00179726 -0.0016261 -0.00153182 -0.00150707 0.00230172 0.00252403 0.00249883 0.00270994 0.139341 0.00296398 0.00299639 0.00279077 0.00283656 0.00245554 -0.00152914 -0.00158562 -0.001719 -0.00177026 -0.00197219 -0.0021996 -0.00205942 -0.0020543 -0.00200395 -0.00194537 -0.00201512 -0.00193949 -0.00195854 -0.00204771 -0.00189545 -0.00192677 -0.00190243 -0.00196366 -0.00198614 -0.00200478 -0.0018283 -0.00184932 -0.00196506 -0.00188771 -0.00195557 -0.00192367 -0.00177974 -0.00182429 -0.00178366 -0.00182607 -0.00179034 -0.00183878 -0.00186612 -0.00181775 -0.00185191 -0.0017842 -0.00177859 -0.00181509 -0.00186142 -0.00169923 -0.00180526 -0.00175086 -0.00166894 -0.0016648 -0.00172331 -0.00177603 -0.00180162 -0.00181657 -0.00178049 -0.00182209 -0.00179032 -0.00177869 -0.00174416 -0.00182463 -0.00173578 -0.00170153 -0.00172777 -0.00175091 -0.00180075 -0.00184664 -0.00183102 -0.00189051 -0.0018103 -0.00163297 -0.00175331 -0.00183031 -0.00175877 -0.00174337 -0.00169974 -0.00180449 -0.00182916 -0.00170665 -0.00178563 -0.00180855 -0.0018047 -0.00183961 -0.0017877 -0.00178182 -0.00177518 -0.00175757 
-0.00177456 -0.00181627 -0.00178612 -0.00183849 -0.00181204 -0.00185162 -0.00173481 -0.00171014 -0.00156367 -0.00137731 0.00225839 0.00256263 0.00256152 0.00285671 0.00296398 0.140923 0.00304248 0.00279399 0.00268368 0.00260561 -0.0015819 -0.0016535 -0.00165426 -0.00195853 -0.00214284 -0.00229771 -0.00210606 -0.00213167 -0.00204044 -0.00198131 -0.00203812 -0.00199794 -0.00207241 -0.00206541 -0.00195066 -0.00194651 -0.00203243 -0.00196566 -0.00192482 -0.00190596 -0.00180053 -0.00195993 -0.00198526 -0.00190443 -0.00177778 -0.00186848 -0.00194782 -0.00186422 -0.00176496 -0.0018036 -0.00185356 -0.00183786 -0.00171943 -0.00185082 -0.00179127 -0.00173539 -0.00185652 -0.0017682 -0.00179964 -0.00176949 -0.00184407 -0.00182607 -0.00166445 -0.00174886 -0.00177224 -0.00182555 -0.00187426 -0.00169463 -0.00175483 -0.001847 -0.00187247 -0.00184734 -0.00181137 -0.00177369 -0.00175048 -0.00173502 -0.0017113 -0.00182229 -0.00183765 -0.00182283 -0.00187252 -0.00193667 -0.00176933 -0.00183228 -0.00181979 -0.00183774 -0.00172845 -0.00179346 -0.00174255 -0.00176445 -0.00174798 -0.00179181 -0.00178145 -0.00182216 -0.00178455 -0.00181125 -0.00188459 -0.00179257 -0.00179916 -0.00173029 
-0.00198011 -0.00194432 -0.00194013 -0.00198015 -0.00198273 -0.00206973 -0.00201974 -0.00190624 -0.00186041 -0.00174047 -0.0015855 0.00233382 0.00242759 0.00268854 0.00299639 0.00304248 0.146132 0.00307287 0.00304741 0.00291334 0.00263911 0.00269379 -0.00157856 -0.00184575 -0.00195548 -0.00213669 -0.00219986 -0.00219598 -0.00220681 -0.00209369 -0.0022871 -0.00223179 -0.00219577 -0.00213231 -0.00210471 -0.00205376 -0.00206299 -0.0020489 -0.00207581 -0.00209828 -0.00202356 -0.00199689 -0.00200879 -0.00200497 -0.00193363 -0.00199413 -0.00188333 -0.00198039 -0.00188679 -0.00189015 -0.00197082 -0.00188338 -0.00196236 -0.00194455 -0.00196089 -0.00196904 -0.00199538 -0.0019706 -0.00189903 -0.00199064 -0.00192438 -0.001995 -0.00182425 -0.00181463 -0.00186751 -0.00191689 -0.00198869 -0.00200202 -0.00194473 -0.00197546 -0.00190891 -0.00195094 -0.00188307 -0.00187181 -0.00184388 -0.00180722 -0.00178944 -0.00193508 -0.00200802 -0.00185388 -0.00194909 -0.00190519 -0.0018901 -0.0018615 -0.00193848 -0.00196748 -0.00193029 -0.00174702 -0.00182477 -0.00195446 -0.00185785 -0.00195269 -0.00190975 -0.001931 -0.0019725 -0.00196287 -0.00192842 -0.00189004 -0.00196804 -0.00187665 
-0.00189981 -0.00181266 -0.00188735 -0.0018808 -0.00188466 -0.00196646 -0.0019391 -0.00200634 -0.00201264 -0.00196796 -0.00179193 -0.00169931 -0.00167651 0.00252608 0.00279077 0.00279399 0.00307287 0.144466 0.00320486 0.00300241 0.0028096 0.0027301 0.00264725 -0.00160246 -0.00175156 -0.00198968 -0.00198353 -0.00198815 -0.00208698 -0.00199697 -0.00216149 -0.00218565 -0.00206287 -0.00207118 -0.0019465 -0.00189098 -0.00198893 -0.00194296 -0.00204373 -0.00206408 -0.00189563 -0.00194174 -0.00201229 -0.00197622 -0.00190566 -0.00197354 -0.00185318 -0.00188887 -0.00188183 -0.00194354 -0.00189235 -0.00179189 -0.00178447 -0.00195895 -0.00182655 -0.00181283 -0.00190378 -0.00194109 -0.00187378 -0.00181664 -0.00187016 -0.00181317 -0.00185388 -0.00169205 -0.00182465 -0.00181653 -0.0017658 -0.00183186 -0.00183479 -0.00182729 -0.00193678 -0.00182372 -0.00190089 -0.00188568 -0.00176675 -0.00174647 -0.00167948 -0.00184524 -0.00191486 -0.00184535 -0.00186833 -0.00196307 -0.00188309 -0.00182802 -0.0020009 -0.00178096 -0.00186815 -0.00182215 -0.00180297 -0.00200488 -0.00196014 -0.00183113 -0.0019381 -0.00179733 -0.00189738 -0.00180384 -0.00188342 -0.00185604 -0.00184947 -0.00187142 
-0.0019925 -0.00193117 -0.00189399 -0.00195537 -0.00188289 -0.00200286 -0.00204118 -0.00205209 -0.00199424 -0.00196157 -0.00172036 -0.0017668 -0.00155745 0.00251343 0.00283656 0.00268368 0.00304741 0.00320486 0.145659 0.00310093 0.00277669 0.00281134 0.00270951 -0.00165649 -0.00172188 -0.00192161 -0.0020015 -0.00213648 -0.00222062 -0.00217549 -0.00213987 -0.00211395 -0.00206942 -0.0020858 -0.00204704 -0.00189343 -0.00200509 -0.00199409 -0.00211794 -0.00204501 -0.00189763 -0.00182548 -0.00203394 -0.00193844 -0.00192615 -0.00198509 -0.00191042 -0.00186019 -0.00195176 -0.0019535 -0.0019462 -0.00182219 -0.00186214 -0.00188366 -0.00183268 -0.00192333 -0.00185593 -0.00185501 -0.00182381 -0.0017816 -0.0017665 -0.00192795 -0.00170946 -0.00173616 -0.00191487 -0.00178588 -0.00186452 -0.00191425 -0.00187086 -0.00199455 -0.00193172 -0.00189132 -0.0018232 -0.00198391 -0.00181638 -0.00167732 -0.00174564 -0.00195844 -0.00192069 -0.00191202 -0.00194308 -0.0018603 -0.00199355 -0.00187503 -0.00185261 -0.00186682 -0.00190997 -0.00185927 -0.00172758 -0.00185653 -0.00184574 -0.0018252 -0.00187509 -0.00180456 -0.0018196 -0.00196854 -0.00192222 -0.00180574 -0.00185988 -0.00175876 
-0.00206467 -0.00206982 -0.00187902 -0.00205025 -0.00209807 -0.00210798 -0.00215761 -0.00222758 -0.002193 -0.00208411 -0.00205049 -0.00191644 -0.00181676 -0.00164806 0.00245554 0.00260561 0.00291334 0.00300241 0.00310093 0.149276 0.00317001 0.00311861 0.00298676 0.00267405 0.00275834 -0.0017051 -0.00189799 -0.00196125 -0.00212967 -0.00197246 -0.00224429 -0.00228039 -0.00220121 -0.00219735 -0.00210814 -0.00213934 -0.00218302 -0.00214946 -0.00214452 -0.00218209 -0.00197713 -0.00204095 -0.00217313 -0.00208312 -0.00202783 -0.00205331 -0.00204683 -0.00196522 -0.00196484 -0.00209321 -0.00197437 -0.00194125 -0.00201532 -0.00199861 -0.00195776 -0.00198043 -0.00200338 -0.00200933 -0.00194137 -0.00192605 -0.00196639 -0.0019364 -0.00185778 -0.00185485 -0.00201292 -0.00205629 -0.00189041 -0.00198562 -0.00197028 -0.00196514 -0.00202705 -0.0018786 -0.00183914 -0.00200113 -0.00187474 -0.00183318 -0.00190159 -0.00198015 -0.00191927 -0.00198328 -0.00198453 -0.00205829 -0.00190349 -0.00196469 -0.00192593 -0.00203377 -0.00199415 -0.00192217 -0.00186016 -0.00204697 -0.00202714 -0.00200147 -0.00193042 -0.00189371 -0.00194022 -0.0020097 -0.00201275 -0.00198016 -0.00196091 -0.00184367 
-0.00191265 -0.00191495 -0.00192873 -0.00189211 -0.00197093 -0.0020905 -0.00217099 -0.00204926 -0.00216363 -0.00218071 -0.0022619 -0.00202572 -0.00200405 -0.00205469 -0.00152914 -0.0015819 0.00263911 0.0028096 0.00277669 0.00317001 0.146438 0.00336882 0.00307918 0.0029096 0.00286607 0.00265974 -0.00163208 -0.00176818 -0.00189839 -0.00173096 -0.00207292 -0.00207187 -0.00207392 -0.0020826 -0.00193573 -0.00198059 -0.00196012 -0.00207582 -0.00207759 -0.00202675 -0.00194677 -0.00193701 -0.00202859 -0.00199084 -0.00193704 -0.00214673 -0.00195512 -0.00190843 -0.00189706 -0.00194621 -0.00193643 -0.00194395 -0.00185996 -0.00187529 -0.0018588 -0.00182344 -0.00188055 -0.00187783 -0.00174984 -0.00185387 -0.00190699 -0.00192601 -0.00184616 -0.00180759 -0.00194928 -0.00187091 -0.00194663 -0.00196423 -0.00191948 -0.00191952 -0.00186933 -0.00192922 -0.00186561 -0.00194022 -0.00174315 -0.00182192 -0.00175037 -0.00193328 -0.00197146 -0.00186342 -0.00195153 -0.00181591 -0.00193515 -0.00185392 -0.00189929 -0.00181619 -0.0019289 -0.00178694 -0.00186064 -0.0019008 -0.00192467 -0.00186032 -0.00187983 -0.00190787 -0.00181968 -0.00189089 -0.00190954 -0.0018619 -0.00180994 -0.00188504 
-0.00198661 -0.00194535 -0.0019365 -0.00184572 -0.00191477 -0.00207337 -0.00195138 -0.00203241 -0.00214568 -0.00201957 -0.00219498 -0.00206014 -0.00203418 -0.00184039 -0.00158562 -0.0016535 0.00269379 0.0027301 0.00281134 0.00311861 0.00336882 0.14634 0.00305293 0.00284525 0.00274931 0.00253818 -0.0016123 -0.00178934 -0.00186827 -0.00182676 -0.0020006 -0.00216546 -0.00210625 -0.00212381 -0.00207014 -0.00192745 -0.00205258 -0.00209682 -0.00202626 -0.00208141 -0.00191677 -0.00193647 -0.0020224 -0.00197768 -0.00193096 -0.00200489 -0.00195348 -0.00178721 -0.00194487 -0.0019775 -0.00192209 -0.00190079 -0.00193422 -0.00190225 -0.0019025 -0.00196141 -0.00184092 -0.00185154 -0.00195865 -0.00192364 -0.00189441 -0.00187023 -0.00186995 -0.00172456 -0.00183841 -0.00184722 -0.00193144 -0.00183516 -0.00191706 -0.00197215 -0.00186882 -0.00188297 -0.00186168 -0.00190124 -0.00185074 -0.00175369 -0.00177445 -0.00181095 -0.00189268 -0.00199244 -0.00184781 -0.00193859 -0.00187829 -0.00188941 -0.00195349 -0.00192502 -0.001929 -0.00173203 -0.00181482 -0.00185072 -0.00190359 -0.00186965 -0.001899 -0.00185569 -0.00186294 -0.00187475 -0.00182637 -0.00180607 -0.00195594 -0.00182748 
-0.00180258 -0.00197788 -0.00194543 -0.00188531 -0.00198495 -0.00192084 -0.00207745 -0.00205515 -0.00223005 -0.00202358 -0.0021594 -0.00211974 -0.00202614 -0.00198472 -0.001719 -0.00165426 -0.00157856 0.00264725 0.00270951 0.00298676 0.00307918 0.00305293 0.14558 0.00299248 0.00290325 0.00277895 0.00245832 -0.00163177 -0.00171976 -0.00175538 -0.00188612 -0.00188404 -0.00209135 -0.00205004 -0.00199375 -0.00187191 -0.00206475 -0.00194615 -0.00198295 -0.00204926 -0.00201801 -0.0019397 -0.00205679 -0.00202313 -0.00198922 -0.00188008 -0.00189688 -0.00189331 -0.00196407 -0.00189027 -0.00186105 -0.00192732 -0.00187893 -0.00189203 -0.0018942 -0.00191054 -0.00183244 -0.00190426 -0.00189736 -0.00191661 -0.00186461 -0.00185695 -0.00176752 -0.00184318 -0.00192227 -0.00190891 -0.00191303 -0.00180794 -0.00189496 -0.00187738 -0.00183646 -0.00192702 -0.00192866 -0.00188145 -0.00179109 -0.00181079 -0.00183267 -0.00182908 -0.00186037 -0.00197914 -0.00193352 -0.0018528 -0.00187114 -0.00180851 -0.00187299 -0.00183265 -0.0018346 -0.00180541 -0.00184632 -0.0019066 -0.00182272 -0.00188027 -0.00197318 -0.00185568 -0.00194417 -0.00178549 -0.00191328 -0.00186983 -0.00192582 -0.0017816 
-0.00173147 -0.00175648 -0.00173398 -0.00187821 -0.00177159 -0.00201281 -0.00194038 -0.00196016 -0.00191594 -0.00194707 -0.00204342 -0.00202086 -0.00200315 -0.00219065 -0.00177026 -0.00195853 -0.00184575 -0.00160246 -0.00165649 0.00267405 0.0029096 0.00284525 0.00299248 0.14141 0.00308363 0.00282632 0.0026362 0.00238281 -0.00151724 -0.00152081 -0.0016585 -0.00188373 -0.00184402 -0.00192465 -0.001917 -0.00187996 -0.00191688 -0.00194299 -0.00183094 -0.00186623 -0.0017814 -0.00184157 -0.00183074 -0.00188055 -0.00191034 -0.00181343 -0.00179084 -0.00176357 -0.00187013 -0.00177642 -0.0017665 -0.00177879 -0.00169672 -0.00177165 -0.0017632 -0.00181033 -0.00174457 -0.00175458 -0.00177325 -0.0017232 -0.00171491 -0.00181059 -0.00167956 -0.00170611 -0.00181794 -0.00180936 -0.00176573 -0.00180325 -0.00166676 -0.00177803 -0.00179499 -0.00185578 -0.00174911 -0.00172932 -0.00164515 -0.00176417 -0.00172316 -0.00166965 -0.00176393 -0.00175212 -0.00177963 -0.00177773 -0.00180035 -0.00189187 -0.00164422 -0.00181576 -0.001829 -0.00171585 -0.00168843 -0.00176972 -0.00181813 -0.00183383 -0.00177818 -0.0016918 -0.00173771 -0.00174848 -0.00176874 -0.00181168 -0.00188204 -0.00169367 
-0.00197128 -0.0019434 -0.00197683 -0.00200839 -0.0019802 -0.00211285 -0.00211131 -0.00214041 -0.00218064 -0.00209665 -0.00221319 -0.00225754 -0.00224366 -0.0022199 -0.00197219 -0.00214284 -0.00195548 -0.00175156 -0.00172188 0.00275834 0.00286607 0.00274931 0.00290325 0.00308363 0.146121 0.00307188 0.00278125 0.00252472 0.00251389 0.00236241 -0.00162396 -0.00168281 -0.00181712 -0.00189645 -0.00201314 -0.00201299 -0.00216998 -0.00210026 -0.00195449 -0.0020728 -0.00194417 -0.00188992 -0.00215338 -0.0020792 -0.00193587 -0.00210882 -0.00196834 -0.00194783 -0.00187688 -0.00208616 -0.00192254 -0.00195642 -0.0018937 -0.00196632 -0.00185472 -0.00187399 -0.00192075 -0.00189629 -0.00191345 -0.00184865 -0.00198214 -0.00199682 -0.00183768 -0.00191972 -0.00191089 -0.00191203 -0.00195958 -0.00199923 -0.00198237 -0.00190805 -0.00195155 -0.0019194 -0.00193854 -0.00189781 -0.00178651 -0.00174479 -0.00181915 -0.00181405 -0.00190846 -0.00190471 -0.00191083 -0.00189647 -0.00191649 -0.0020051 -0.00184486 -0.00194374 -0.00196778 -0.00179631 -0.00175664 -0.00193992 -0.00196655 -0.0019543 -0.0019568 -0.00202579 -0.00198911 -0.00187984 -0.00190706 -0.00187711 -0.0019758 -0.00174973 
-0.00193473 -0.00191141 -0.00190254 -0.00198706 -0.0018963 -0.00196123 -0.00206378 -0.00210073 -0.00205503 -0.00200617 -0.00213461 -0.0020629 -0.0021769 -0.00228882 -0.0021996 -0.00229771 -0.00213669 -0.00198968 -0.00192161 -0.0017051 0.00265974 0.00253818 0.00277895 0.00282632 0.00307188 0.144498 0.00280866 0.00260765 0.00258094 0.00246184 0.00223883 -0.00158247 -0.00161336 -0.00173593 -0.00186881 -0.00189349 -0.00204008 -0.00198624 -0.00198548 -0.00202319 -0.00196458 -0.00187601 -0.00203535 -0.00200739 -0.00191163 -0.00203481 -0.00191064 -0.00192833 -0.0019074 -0.001883 -0.00183698 -0.00195879 -0.00194991 -0.00189508 -0.00186498 -0.00195874 -0.00194 -0.00187853 -0.00188999 -0.00192212 -0.00196539 -0.00181496 -0.00175224 -0.00184845 -0.00181052 -0.00194951 -0.00181887 -0.00189008 -0.00190666 -0.00191217 -0.00196169 -0.00199697 -0.00185028 -0.00191348 -0.00172874 -0.00172399 -0.00180652 -0.00182376 -0.00185014 -0.0018632 -0.00192565 -0.00183428 -0.00192449 -0.00184083 -0.00182085 -0.00199629 -0.00188255 -0.00178225 -0.00179291 -0.00194282 -0.00195959 -0.00189529 -0.0018502 -0.00194174 -0.0019712 -0.00185259 -0.0019359 -0.00200184 -0.00194708 -0.00176927 
-0.00180528 -0.0018132 -0.00177296 -0.0018152 -0.00184892 -0.00189467 -0.00193711 -0.00201595 -0.00205146 -0.00194158 -0.00202456 -0.00206232 -0.00196352 -0.00216683 -0.00205942 -0.00210606 -0.00219986 -0.00198353 -0.0020015 -0.00189799 -0.00163208 -0.0016123 0.00245832 0.0026362 0.00278125 0.00280866 0.13916 0.00274354 0.00266543 0.00261369 0.00252726 0.00237948 -0.00132777 -0.0015054 -0.00163212 -0.0016174 -0.00181135 -0.00185048 -0.00184216 -0.00190994 -0.00186672 -0.00180901 -0.00190999 -0.00190146 -0.00188367 -0.00184933 -0.00178665 -0.00188332 -0.0017162 -0.00179772 -0.0017631 -0.00179509 -0.00179468 -0.001815 -0.00178896 -0.00175345 -0.00184104 -0.00169851 -0.00179324 -0.00175604 -0.00181713 -0.00170694 -0.00168488 -0.00173028 -0.00180823 -0.00190079 -0.00180679 -0.00171095 -0.00177662 -0.00175647 -0.0017985 -0.00180808 -0.00169109 -0.00181546 -0.00167988 -0.00172391 -0.00171021 -0.00168708 -0.00174698 -0.00175396 -0.00174366 -0.00171341 -0.00178468 -0.00171213 -0.00174598 -0.00176908 -0.00183566 -0.00166981 -0.00170792 -0.0018533 -0.00176311 -0.0018154 -0.00179991 -0.00179734 -0.0017159 -0.00186289 -0.00171325 -0.00177659 -0.00180577 -0.00176766 
-0.00180936 -0.00174061 -0.00172557 -0.00177689 -0.00168452 -0.00183468 -0.00194887 -0.00186958 -0.0020007 -0.00191292 -0.00207291 -0.00205128 -0.00208315 -0.00202699 -0.0020543 -0.00213167 -0.00219598 -0.00198815 -0.00213648 -0.00196125 -0.00176818 -0.00178934 -0.00163177 0.00238281 0.00252472 0.00260765 0.00274354 0.136952 0.00272084 0.00259065 0.00250486 0.00231024 0.00229299 -0.00134847 -0.00149465 -0.00142498 -0.00162279 -0.00175705 -0.00175279 -0.00174187 -0.00173964 -0.00178335 -0.00181212 -0.00179639 -0.00182709 -0.00178622 -0.00170744 -0.00177795 -0.0017357 -0.0017234 -0.00182438 -0.00178246 -0.00176822 -0.00176957 -0.00179495 -0.00172211 -0.00173512 -0.00174769 -0.00167645 -0.00180112 -0.00166011 -0.0016429 -0.0016906 -0.00164395 -0.00164447 -0.00171469 -0.00174842 -0.00183994 -0.00172379 -0.00170423 -0.00170572 -0.00172393 -0.00177214 -0.0017892 -0.00165528 -0.00157686 -0.00165254 -0.00173199 -0.00174475 -0.00169647 -0.0018607 -0.00180532 -0.00176161 -0.0016963 -0.00176876 -0.0017203 -0.00178068 -0.00173896 -0.00164116 -0.00173417 -0.00172845 -0.00175896 -0.00177733 -0.00171711 -0.00181107 -0.00172894 -0.00174814 -0.00173141 -0.0018046 -0.00160509 
-0.00169593 -0.00171568 -0.00180079 -0.00177983 -0.0017125 -0.00188977 -0.00189704 -0.00188057 -0.00188489 -0.00189427 -0.0020386 -0.00197732 -0.00195651 -0.0021123 -0.00200395 -0.00204044 -0.00220681 -0.00208698 -0.00222062 -0.00212967 -0.00189839 -0.00186827 -0.00171976 -0.00151724 0.00251389 0.00258094 0.00266543 0.00272084 0.135414 0.00273399 0.00255732 0.0024979 0.00229978 0.00221521 -0.00130498 -0.00134545 -0.0014502 -0.00159821 -0.00165768 -0.00182598 -0.00176156 -0.00176474 -0.00178339 -0.0019112 -0.00186014 -0.00176524 -0.00175915 -0.00175109 -0.00175098 -0.00174201 -0.00175929 -0.00165399 -0.00172753 -0.00165241 -0.00179323 -0.00177912 -0.0016922 -0.00176673 -0.00166316 -0.00170537 -0.00173969 -0.00175826 -0.00158065 -0.00166714 -0.00170793 -0.00169557 -0.00173194 -0.00169643 -0.00178998 -0.00166382 -0.0017794 -0.0017596 -0.00172726 -0.00177181 -0.00161355 -0.00164326 -0.00169204 -0.00171135 -0.00167119 -0.00173755 -0.00174672 -0.0017453 -0.00176796 -0.00174379 -0.00164539 -0.00169263 -0.00170236 -0.00167018 -0.00152755 -0.00168499 -0.00167462 -0.00175998 -0.00171706 -0.0016989 -0.00167829 -0.00169536 -0.0017508 -0.00171205 -0.00171218 -0.00158207 
-0.00175556 -0.00176237 -0.00182267 -0.00179321 -0.0018028 -0.00180996 -0.00191006 -0.0019205 -0.00180515 -0.00182261 -0.00197375 -0.0019142 -0.00194146 -0.00214754 -0.00194537 -0.00198131 -0.00209369 -0.00199697 -0.00217549 -0.00197246 -0.00173096 -0.00182676 -0.00175538 -0.00152081 0.00236241 0.00246184 0.00261369 0.00259065 0.00273399 0.133935 0.00263176 0.00244138 0.00230964 0.00231215 -0.00143236 -0.00132757 -0.00151712 -0.00157942 -0.00171373 -0.00184857 -0.00171814 -0.0017691 -0.00180048 -0.00184015 -0.00187474 -0.00177792 -0.00168362 -0.00173738 -0.00168915 -0.00178855 -0.00173041 -0.00165007 -0.00164321 -0.00162404 -0.00169697 -0.00167482 -0.00170351 -0.00167279 -0.00169837 -0.00160868 -0.00163726 -0.00164342 -0.00151 -0.00159944 -0.00173309 -0.00167371 -0.00178795 -0.00177349 -0.00167934 -0.00160251 -0.00163872 -0.00165946 -0.00167805 -0.00173532 -0.00160373 -0.00167334 -0.00172637 -0.00168876 -0.00168132 -0.00176129 -0.00167544 -0.00170755 -0.00173411 -0.00174521 -0.00168091 -0.00173293 -0.00168928 -0.00166013 -0.00169146 -0.00169647 -0.00162697 -0.00165068 -0.00166974 -0.00169295 -0.00178002 -0.00176519 -0.00169478 -0.0016764 -0.00167371 -0.00168056 
-0.00178875 -0.00177393 -0.0017429 -0.00183528 -0.00183739 -0.00189166 -0.00192434 -0.00187972 -0.00187348 -0.0019146 -0.00200609 -0.00201538 -0.0020033 -0.0021061 -0.00201512 -0.00203812 -0.0022871 -0.00216149 -0.00213987 -0.00224429 -0.00207292 -0.0020006 -0.00188612 -0.0016585 -0.00162396 0.00223883 0.00252726 0.00250486 0.00255732 0.00263176 0.134247 0.0026991 0.00251657 0.00234032 0.00207326 0.00220823 -0.00129193 -0.0014337 -0.00157349 -0.00163734 -0.00173902 -0.00165348 -0.00187941 -0.0018954 -0.00174677 -0.00185797 -0.00182682 -0.00176057 -0.00177677 -0.00172722 -0.00171581 -0.00182208 -0.0018209 -0.00169834 -0.00175738 -0.00174757 -0.0017165 -0.00171949 -0.00167962 -0.00167429 -0.00176202 -0.00174171 -0.00159492 -0.0016908 -0.00173801 -0.00178107 -0.00173678 -0.00169731 -0.0017259 -0.00165887 -0.00171144 -0.00174359 -0.00170738 -0.00169136 -0.00166355 -0.00158835 -0.00159624 -0.00172286 -0.00181259 -0.00172743 -0.00167372 -0.00181282 -0.00172877 -0.00178412 -0.00175247 -0.00173029 -0.00169635 -0.00164923 -0.00159848 -0.00169907 -0.00169647 -0.0017589 -0.00173598 -0.00174424 -0.00185972 -0.00170845 -0.00175838 -0.00175346 -0.00173974 -0.00169923 
-0.00167328 -0.00173306 -0.00176135 -0.00177507 -0.00174542 -0.00183852 -0.00191637 -0.00186945 -0.00194486 -0.00194992 -0.00194613 -0.00204089 -0.00210496 -0.00201963 -0.00193949 -0.00199794 -0.00223179 -0.00218565 -0.00211395 -0.00228039 -0.00207187 -0.00216546 -0.00188404 -0.00188373 -0.00168281 -0.00158247 0.00237948 0.00231024 0.0024979 0.00244138 0.0026991 0.133041 0.00257769 0.00237779 0.00231252 0.00224834 0.00203857 -0.0012501 -0.00139625 -0.001577 -0.00161431 -0.00169334 -0.00184977 -0.00180396 -0.00175367 -0.00183733 -0.00170607 -0.00179444 -0.00171643 -0.00163751 -0.0016656 -0.00174782 -0.00164976 -0.00171059 -0.00171095 -0.00172339 -0.00169261 -0.00166418 -0.00174119 -0.00152179 -0.00176975 -0.00175413 -0.00167102 -0.00155345 -0.00175587 -0.00168918 -0.00176563 -0.00177948 -0.00173693 -0.00175933 -0.00171271 -0.00161807 -0.00173181 -0.00165159 -0.00170237 -0.00159253 -0.00166463 -0.00175443 -0.0016851 -0.00170872 -0.00165781 -0.00167285 -0.00167527 -0.00173011 -0.00167271 -0.0017346 -0.00173347 -0.00158042 -0.00167189 -0.00165702 -0.00173422 -0.00173717 -0.00171397 -0.00168941 -0.00169109 -0.00171499 -0.00175572 -0.0017335 -0.00184822 -0.00166624 
-0.00173516 -0.00170275 -0.00165258 -0.00179541 -0.00167751 -0.00184001 -0.00183885 -0.00187143 -0.00200055 -0.00188556 -0.00194607 -0.00199897 -0.00204551 -0.00212507 -0.00195854 -0.00207241 -0.00219577 -0.00206287 -0.00206942 -0.00220121 -0.00207392 -0.00210625 -0.00209135 -0.00184402 -0.00181712 -0.00161336 -0.00132777 0.00229299 0.00229978 0.00230964 0.00251657 0.00257769 0.131471 0.00257136 0.00232662 0.00227652 0.0021007 0.00201517 -0.00131517 -0.00134697 -0.00156102 -0.0015444 -0.00168801 -0.00169758 -0.00178083 -0.00172503 -0.00170913 -0.00168785 -0.00168592 -0.00165734 -0.00169317 -0.0017187 -0.00165804 -0.00167749 -0.00163479 -0.00174271 -0.00163936 -0.00174372 -0.00158631 -0.00170519 -0.00164347 -0.00169959 -0.00166311 -0.00157847 -0.00155817 -0.00157062 -0.0017001 -0.00172563 -0.00170099 -0.00157776 -0.00173927 -0.00169923 -0.00170695 -0.00169943 -0.00163056 -0.00163012 -0.00166301 -0.00173111 -0.00167698 -0.00162152 -0.00172853 -0.00168529 -0.00171854 -0.00172214 -0.00175253 -0.00166618 -0.0017277 -0.00162912 -0.00164631 -0.00161343 -0.0017375 -0.00171652 -0.001675 -0.00171336 -0.0016739 -0.00168856 -0.00166919 -0.00169658 -0.00169017 -0.00164362 
