0.123237 0.00217085 0.00213098 0.00207398 0.00206534 0.00205578 -0.0012319 -0.00130299 -0.0014235 -0.00141088 -0.00160269 -0.00174679 -0.00166155 -0.00181012 -0.00180193 -0.00180747 -0.00189958 -0.00184655 -0.00193185 -0.00199684 -0.00185232 -0.001899 -0.00187995 -0.00176611 -0.00196018 -0.0019131 -0.00174687 -0.00170614 -0.00174694 -0.00168805 -0.00176274 -0.00170777 -0.00171422 -0.00172165 -0.00166015 -0.00161642 -0.00170769 -0.0016383 -0.00168233 -0.00157529 -0.00158635 -0.00158111 -0.00160505 -0.00166438 -0.00152612 -0.00158281 -0.00161321 -0.00146383 -0.00150763 -0.00149372 -0.00153592 -0.00152664 -0.00153969 -0.00153642 -0.00147566 -0.00144917 -0.00156474 -0.00153594 -0.00148731 -0.00152843 -0.00150629 -0.00147803 -0.00145115 -0.00149884 -0.00153081 -0.00145334 -0.00149653 -0.00152573 -0.00152433 -0.00158027 -0.00146926 -0.00152225 -0.0015275 -0.00146549 -0.0014145 -0.00138184 -0.00142582 -0.00148101 -0.00155487 -0.00145854 -0.00156396 -0.00153795 -0.00147583 -0.00153044 -0.00152583 -0.00160395 -0.00142899 -0.00147193 -0.00141451 -0.00147419 -0.00149227 -0.00139525 -0.00124154 -0.00126348 -0.00129283 -0.00117066 0.00195092 0.00198664 0.00207973 0.00210258 
0.00217085 0.123391 0.00242283 0.00216837 0.00206157 0.00215598 0.00198515 -0.00121571 -0.00129916 -0.00139992 -0.00148864 -0.0016818 -0.00177606 -0.00192188 -0.00180851 -0.00176173 -0.00192792 -0.00190785 -0.00191154 -0.00203615 -0.0019271 -0.00197553 -0.00190937 -0.00180211 -0.00194828 -0.00200451 -0.00175706 -0.00175402 -0.00175807 -0.00170178 -0.00185431 -0.00178694 -0.00167457 -0.00167238 -0.00161498 -0.00160506 -0.00159817 -0.00160077 -0.00159885 -0.00156925 -0.00160623 -0.00158727 -0.00153079 -0.00163759 -0.00157612 -0.00159143 -0.00159635 -0.00142902 -0.0015089 -0.00158434 -0.00154749 -0.00155209 -0.0015091 -0.00138118 -0.00162668 -0.0015441 -0.00158319 -0.00156227 -0.00147058 -0.00156419 -0.00150575 -0.00152463 -0.00137754 -0.00146976 -0.00153323 -0.00146196 -0.00151767 -0.00144864 -0.00157046 -0.00150377 -0.00161887 -0.00147659 -0.00155055 -0.0015766 -0.00139449 -0.00143394 -0.00143596 -0.00151954 -0.00146533 -0.00145509 -0.00155233 -0.00149118 -0.00155698 -0.00150543 -0.00146492 -0.00152062 -0.00149027 -0.00135182 -0.00143735 -0.00151504 -0.00150127 -0.00142042 -0.00141556 -0.00132857 -0.00132461 -0.00125099 -0.00115725 0.00192746 0.0020328 0.00204815 
0.00213098 0.00242283 0.123741 0.00230654 0.00214868 0.00224358 0.00214169 0.0019933 -0.00118986 -0.00121908 -0.00145035 -0.00154482 -0.00167042 -0.00180564 -0.00177097 -0.0018676 -0.001944 -0.00191963 -0.00196742 -0.0020069 -0.00191957 -0.00197119 -0.00192651 -0.00178428 -0.00194477 -0.00201468 -0.00182078 -0.00183025 -0.00176961 -0.00176787 -0.00176214 -0.00178179 -0.00166239 -0.00169638 -0.00151018 -0.00165116 -0.00163443 -0.00161421 -0.00170717 -0.00164721 -0.00163021 -0.00155207 -0.00158594 -0.00158177 -0.00153509 -0.00153757 -0.00149169 -0.00157228 -0.0015269 -0.00158434 -0.001437 -0.00153418 -0.00147377 -0.00154985 -0.00153854 -0.00159903 -0.00151901 -0.00155436 -0.00155432 -0.00154752 -0.0014984 -0.00146819 -0.00143437 -0.00139575 -0.00152708 -0.00149022 -0.001435 -0.00141263 -0.00149751 -0.00153337 -0.00155667 -0.00147554 -0.00151668 -0.00153417 -0.00139387 -0.00151334 -0.00147617 -0.00156596 -0.00152175 -0.00154297 -0.00152449 -0.00143968 -0.00157714 -0.00156992 -0.00153668 -0.00152104 -0.00157063 -0.00153535 -0.00146541 -0.00150697 -0.00150358 -0.00154273 -0.00138163 -0.00148348 -0.00139025 -0.00141509 -0.00121577 -0.00122047 0.00190751 0.00183297 
0.00207398 0.00216837 0.00230654 0.124406 0.0023849 0.00228184 0.00219178 0.00214486 0.00213424 -0.00116002 -0.00128465 -0.00141097 -0.00149368 -0.00170051 -0.00186314 -0.00182065 -0.00200459 -0.00190073 -0.00195389 -0.00198679 -0.00193458 -0.00196878 -0.00181055 -0.00184655 -0.00205492 -0.00190655 -0.0018205 -0.00183168 -0.00183118 -0.0017891 -0.00183091 -0.00173957 -0.00170861 -0.00169146 -0.00161133 -0.00162164 -0.00165232 -0.00166026 -0.00157233 -0.00166213 -0.00160624 -0.00157814 -0.00160576 -0.00159277 -0.00162374 -0.00163965 -0.00155428 -0.00153212 -0.00152379 -0.00160231 -0.00148655 -0.00154802 -0.00157395 -0.00157759 -0.00154946 -0.00147752 -0.00153008 -0.00153278 -0.00156115 -0.00144665 -0.00150839 -0.00158671 -0.00146752 -0.00158144 -0.0015821 -0.00161932 -0.0014646 -0.00149295 -0.0015734 -0.00153833 -0.00157068 -0.00150592 -0.0015288 -0.00150454 -0.00142863 -0.00152234 -0.00154385 -0.00155872 -0.00151505 -0.00157879 -0.00148905 -0.00156974 -0.00144259 -0.00148338 -0.00154264 -0.00157169 -0.00161047 -0.001393 -0.00146274 -0.00161757 -0.00159208 -0.00157087 -0.00150756 -0.00149638 -0.00150035 -0.00139588 -0.00132301 -0.00135231 -0.00110513 0.00187304 
0.00206534 0.00206157 0.00214868 0.0023849 0.124839 0.00240634 0.00241353 0.00219461 0.00219279 0.00215045 -0.0012297 -0.00139415 -0.00137364 -0.0017278 -0.00180963 -0.00191089 -0.00195865 -0.00185316 -0.00188853 -0.0020983 -0.00195261 -0.001989 -0.00189704 -0.0018171 -0.00197865 -0.00197115 -0.0017981 -0.0017973 -0.00172743 -0.00172457 -0.00178056 -0.00171248 -0.00173326 -0.0017328 -0.00170453 -0.00160229 -0.00168797 -0.00164469 -0.00172703 -0.00165136 -0.00163394 -0.00155497 -0.00166061 -0.00171529 -0.00162787 -0.00164629 -0.00147755 -0.0015575 -0.00150368 -0.00159138 -0.00158325 -0.00151541 -0.00153273 -0.00155657 -0.00154994 -0.00149247 -0.00155876 -0.00157753 -0.00158456 -0.00154597 -0.00151353 -0.00160329 -0.00146675 -0.00149702 -0.00155506 -0.00155527 -0.00157895 -0.00160639 -0.00153735 -0.00164658 -0.00156119 -0.00163745 -0.00149623 -0.00148837 -0.001466 -0.00147961 -0.00147206 -0.00155932 -0.00149455 -0.00157022 -0.00156168 -0.00156631 -0.00161195 -0.00157243 -0.0016501 -0.00158928 -0.00150131 -0.00144064 -0.00144085 -0.00157509 -0.00146619 -0.00156423 -0.00159038 -0.00156803 -0.00154543 -0.00148005 -0.00144642 -0.00132732 -0.00113574 -0.00109809 
0.00205578 0.00215598 0.00224358 0.00228184 0.00240634 0.12808 0.00252035 0.00233895 0.00221384 0.00234825 0.00210464 -0.00133411 -0.00136491 -0.00170213 -0.00185668 -0.00187633 -0.00199545 -0.00200397 -0.00204244 -0.0021917 -0.00211466 -0.00207254 -0.0019775 -0.00186644 -0.00208607 -0.00202832 -0.00194002 -0.0018827 -0.00184965 -0.00197328 -0.00188114 -0.00187125 -0.00183603 -0.00183483 -0.00167879 -0.00171018 -0.00185199 -0.00177539 -0.00183642 -0.00176153 -0.00168837 -0.00176786 -0.00167524 -0.00170089 -0.00161467 -0.00167977 -0.0015923 -0.00159214 -0.00156103 -0.00162786 -0.00169136 -0.00161823 -0.00155903 -0.00159273 -0.00167284 -0.0016497 -0.00161877 -0.00161131 -0.00160009 -0.00164605 -0.00159673 -0.00162208 -0.00155008 -0.00158693 -0.0016329 -0.0016457 -0.00157837 -0.00169917 -0.0016482 -0.00160607 -0.0017258 -0.00169105 -0.00170298 -0.00163718 -0.00154462 -0.00156883 -0.00143612 -0.00169989 -0.00168927 -0.00163137 -0.00162692 -0.00167092 -0.00166637 -0.00164533 -0.0015788 -0.00165328 -0.00155035 -0.00155626 -0.0015649 -0.00167853 -0.00157691 -0.00163454 -0.00156292 -0.00159636 -0.00160771 -0.00167283 -0.00144445 -0.00149172 -0.00133181 -0.00118815 
-0.0012319 0.00198515 0.00214169 0.00219178 0.00241353 0.00252035 0.128912 0.00248068 0.00236652 0.00233355 0.00223098 0.00226333 -0.00133929 -0.00151412 -0.00167235 -0.00167691 -0.00194694 -0.0020106 -0.00204778 -0.00209884 -0.00210185 -0.0020684 -0.00208155 -0.00202776 -0.00205001 -0.00203582 -0.00200079 -0.00189284 -0.00180607 -0.00184517 -0.00196499 -0.00193901 -0.00184481 -0.00185445 -0.00174091 -0.0017465 -0.00177929 -0.00174584 -0.00179289 -0.00179226 -0.0016294 -0.00163248 -0.00172804 -0.00176347 -0.00181134 -0.00176803 -0.00169928 -0.00168594 -0.00166875 -0.00165637 -0.00167303 -0.00176209 -0.00162673 -0.00163268 -0.00162493 -0.00165623 -0.00177655 -0.00166548 -0.00164392 -0.00171203 -0.00171384 -0.00164887 -0.00149004 -0.00170757 -0.00169099 -0.0017053 -0.00162595 -0.00160707 -0.00168567 -0.00169684 -0.00161799 -0.00163704 -0.00159344 -0.00166376 -0.0015175 -0.00158883 -0.00159445 -0.00162654 -0.00166921 -0.00169743 -0.00161607 -0.00170196 -0.00167243 -0.0016577 -0.00160458 -0.00158472 -0.00163341 -0.00159365 -0.0016193 -0.00168433 -0.00158592 -0.00148924 -0.00160547 -0.00163103 -0.00164403 -0.00154806 -0.00146941 -0.0015527 -0.00145441 -0.00124655 
-0.00130299 -0.00121571 0.0019933 0.00214486 0.00219461 0.00233895 0.00248068 0.13015 0.00237424 0.0024468 0.00241899 0.00235535 0.00215862 -0.00151148 -0.00153925 -0.00154433 -0.00181005 -0.00202061 -0.00211054 -0.00218247 -0.00207183 -0.00201782 -0.00206747 -0.00196622 -0.00215588 -0.00212353 -0.0020559 -0.00194361 -0.00187695 -0.00187001 -0.00190682 -0.00190587 -0.00168272 -0.00179046 -0.00176708 -0.0016548 -0.00185427 -0.00174666 -0.0018429 -0.00171262 -0.00169957 -0.00173166 -0.00172074 -0.0016641 -0.00176983 -0.00171601 -0.00163899 -0.00166536 -0.00173102 -0.00164277 -0.00167289 -0.00165907 -0.00170655 -0.00164261 -0.00168861 -0.00173091 -0.0017265 -0.0017447 -0.00169258 -0.00164991 -0.00167146 -0.00167394 -0.0016293 -0.00160487 -0.00168144 -0.001573 -0.00167182 -0.00165225 -0.00171097 -0.00167949 -0.00166816 -0.00165779 -0.00171984 -0.00159772 -0.00162579 -0.00161236 -0.00158404 -0.00169691 -0.0016403 -0.00170275 -0.00163524 -0.00171499 -0.00168479 -0.00166337 -0.00162002 -0.00162304 -0.00169561 -0.00162196 -0.00154587 -0.00173301 -0.00164993 -0.00164064 -0.0016653 -0.00167232 -0.00175437 -0.00164978 -0.00166136 -0.00168419 -0.00151188 -0.00142893 
-0.0014235 -0.00129916 -0.00118986 0.00213424 0.00219279 0.00221384 0.00236652 0.00237424 0.131608 0.00265251 0.00251663 0.0025145 0.00223969 0.00225505 -0.00145985 -0.0016071 -0.00180802 -0.00186666 -0.00195204 -0.00218055 -0.0020597 -0.00215631 -0.00210099 -0.00206905 -0.00211156 -0.00218271 -0.0020118 -0.0020364 -0.0019569 -0.00191714 -0.00192122 -0.00188729 -0.00192263 -0.00190041 -0.00179351 -0.00183518 -0.00179556 -0.00182437 -0.00176791 -0.00180825 -0.00176859 -0.00175478 -0.00178403 -0.00171115 -0.0017523 -0.00163827 -0.00166175 -0.00173381 -0.00176713 -0.0016469 -0.00170694 -0.00174927 -0.00169575 -0.00165357 -0.00160979 -0.00165985 -0.00175613 -0.00161647 -0.0017383 -0.00181076 -0.00163402 -0.00164894 -0.00163556 -0.00173327 -0.00167681 -0.00175175 -0.00169659 -0.00176982 -0.00174121 -0.00178519 -0.00165857 -0.00187713 -0.00167561 -0.00169236 -0.00154929 -0.00157861 -0.0015433 -0.00168219 -0.00164966 -0.00180587 -0.00173954 -0.00174793 -0.00171018 -0.00168722 -0.00175573 -0.00168446 -0.00161449 -0.00163991 -0.00161494 -0.0017129 -0.00159974 -0.00169999 -0.00158801 -0.00162183 -0.00160321 -0.00170395 -0.00165877 -0.00165386 -0.00167703 -0.00150729 
-0.00141088 -0.00139992 -0.00121908 -0.00116002 0.00215045 0.00234825 0.00233355 0.0024468 0.00265251 0.130197 0.00252612 0.00248213 0.00247357 0.00226077 -0.00145429 -0.00142918 -0.00177768 -0.00193494 -0.00192908 -0.00206517 -0.00212993 -0.00202939 -0.00209583 -0.00199815 -0.00206202 -0.00206553 -0.00208709 -0.00189656 -0.00184066 -0.00173627 -0.00187008 -0.00186543 -0.00185639 -0.00174999 -0.00169016 -0.00181325 -0.00179911 -0.00182248 -0.00175032 -0.00181713 -0.00163194 -0.00171172 -0.00167126 -0.00172253 -0.0016914 -0.00159947 -0.00158558 -0.00161707 -0.00159308 -0.00157528 -0.00170744 -0.00160031 -0.00158541 -0.00156249 -0.00170235 -0.00168096 -0.00162209 -0.0017027 -0.00171517 -0.0015473 -0.00164213 -0.00163075 -0.00154705 -0.00152097 -0.00166354 -0.00163872 -0.00161708 -0.00167902 -0.00169006 -0.00159721 -0.00169852 -0.00173823 -0.00168063 -0.00166412 -0.00151716 -0.00157409 -0.00155824 -0.00159598 -0.00160961 -0.00162751 -0.00165834 -0.00165734 -0.00169225 -0.00160301 -0.00162953 -0.00166116 -0.00164039 -0.00154192 -0.0016272 -0.00164315 -0.00165728 -0.0016732 -0.00169694 -0.00166437 -0.00165947 -0.00160717 -0.00167062 -0.00163201 -0.00171052 -0.00147285 
-0.00160269 -0.00148864 -0.00145035 -0.00128465 -0.0012297 0.00210464 0.00223098 0.00241899 0.00251663 0.00252612 0.134579 0.00276867 0.00265161 0.00249999 0.00248082 0.00239028 -0.00160706 -0.00170522 -0.001817 -0.0020735 -0.00214139 -0.00217369 -0.00215063 -0.00207277 -0.0022204 -0.00224394 -0.00213615 -0.00200903 -0.00199798 -0.00196864 -0.00217755 -0.00203089 -0.00202852 -0.00190821 -0.00188182 -0.00183719 -0.00198239 -0.00192674 -0.00192198 -0.00183339 -0.00174859 -0.00185469 -0.00184892 -0.0018065 -0.00182692 -0.00182636 -0.00181566 -0.00182785 -0.0017474 -0.00177732 -0.00172907 -0.00174987 -0.00175287 -0.00178364 -0.00180109 -0.00171579 -0.00174296 -0.00169546 -0.00174556 -0.00172744 -0.00168275 -0.00171249 -0.00168072 -0.00167172 -0.00167315 -0.00168301 -0.00168471 -0.00171702 -0.00176038 -0.00177677 -0.00166729 -0.00174041 -0.001838 -0.00175188 -0.00171259 -0.00157812 -0.00162998 -0.00179849 -0.00171769 -0.00175216 -0.00175998 -0.00165958 -0.00181304 -0.00174306 -0.00177109 -0.00182006 -0.0017744 -0.00164146 -0.00167217 -0.00173635 -0.00177945 -0.00174387 -0.00175465 -0.00167262 -0.00175503 -0.00170843 -0.00163917 -0.00178871 -0.00163269 -0.00164698 
-0.00174679 -0.0016818 -0.00154482 -0.00141097 -0.00139415 -0.00133411 0.00226333 0.00235535 0.0025145 0.00248213 0.00276867 0.136542 0.00280194 0.00260771 0.0024696 0.00255237 0.00235823 -0.00174192 -0.00165219 -0.00189992 -0.00208258 -0.00200657 -0.00210406 -0.00212552 -0.00228728 -0.00226498 -0.00218392 -0.00215837 -0.00209401 -0.00196033 -0.00206795 -0.00205393 -0.00209503 -0.00204243 -0.00188395 -0.00179187 -0.00204242 -0.00187535 -0.00196869 -0.00192732 -0.00174801 -0.00177959 -0.00195127 -0.00177191 -0.00193702 -0.00183311 -0.00181613 -0.00180056 -0.00178011 -0.00171678 -0.00177986 -0.00184388 -0.00178603 -0.00183228 -0.00178164 -0.00168458 -0.00177804 -0.00171314 -0.00172997 -0.0017263 -0.00179927 -0.00182099 -0.00172067 -0.00171018 -0.0016733 -0.00179904 -0.00182309 -0.00181924 -0.00177452 -0.00184262 -0.00175345 -0.00183346 -0.00173533 -0.00184287 -0.00178441 -0.00168717 -0.00167021 -0.0018132 -0.00173773 -0.00180875 -0.00180646 -0.00176618 -0.00180618 -0.00173587 -0.00178073 -0.00175408 -0.0017796 -0.00172033 -0.00164661 -0.00179181 -0.00184544 -0.00167968 -0.00173093 -0.00174834 -0.00179695 -0.00169866 -0.00180335 -0.0017179 -0.00172149 -0.00172276 
-0.00166155 -0.00177606 -0.00167042 -0.00149368 -0.00137364 -0.00136491 -0.00133929 0.00215862 0.00223969 0.00247357 0.00265161 0.00280194 0.135347 0.00277399 0.00247518 0.00265629 0.00246631 -0.00150894 -0.00152142 -0.00185145 -0.00206312 -0.00196759 -0.00216021 -0.00203566 -0.00211618 -0.00218287 -0.00206525 -0.00206327 -0.00202497 -0.00190857 -0.00190752 -0.00194116 -0.00194372 -0.0019005 -0.00178872 -0.00182974 -0.00184873 -0.00180189 -0.00182709 -0.00175478 -0.00175051 -0.00167602 -0.00184147 -0.00191267 -0.0018703 -0.00185937 -0.00177518 -0.00185178 -0.00178496 -0.00174372 -0.00164758 -0.00164172 -0.00164728 -0.00165452 -0.0016986 -0.00174685 -0.00178821 -0.00176314 -0.00170243 -0.00175225 -0.00162628 -0.00179412 -0.0016837 -0.00163194 -0.00172926 -0.00168724 -0.00176735 -0.0017634 -0.00177912 -0.00171646 -0.00169888 -0.00177176 -0.00166471 -0.00171102 -0.0016206 -0.0016002 -0.00164094 -0.00166467 -0.0016849 -0.00171149 -0.00173921 -0.00167194 -0.00169123 -0.00164314 -0.00170858 -0.00174671 -0.00171048 -0.00160277 -0.00172685 -0.00167142 -0.0016883 -0.00175689 -0.0017745 -0.00175029 -0.00178914 -0.00174219 -0.00172142 -0.00176584 -0.0017192 -0.00167458 
-0.00181012 -0.00192188 -0.00180564 -0.00170051 -0.0017278 -0.00170213 -0.00151412 -0.00151148 0.00225505 0.00226077 0.00249999 0.00260771 0.00277399 0.140503 0.00285644 0.0029118 0.00279118 0.00257892 0.00248257 -0.00156718 -0.00183394 -0.00183847 -0.00193599 -0.00217607 -0.00232213 -0.00234437 -0.00221833 -0.00216341 -0.00222066 -0.00216132 -0.00210417 -0.00200972 -0.00213884 -0.00201057 -0.00189921 -0.00178295 -0.00195497 -0.00196493 -0.00198733 -0.00195779 -0.00183593 -0.00194754 -0.00197838 -0.00199712 -0.00183405 -0.00200487 -0.00190046 -0.00182176 -0.00187389 -0.00182678 -0.00184277 -0.00178577 -0.00176139 -0.00184603 -0.00181276 -0.0018843 -0.00181128 -0.00196557 -0.00180927 -0.00181787 -0.00184447 -0.00184598 -0.00189155 -0.00170431 -0.0018712 -0.00188371 -0.00176472 -0.0017233 -0.00188583 -0.00186484 -0.00177246 -0.00183824 -0.00192002 -0.00183382 -0.0017182 -0.00173496 -0.0016873 -0.00181515 -0.00186565 -0.00185711 -0.0018527 -0.00184644 -0.00185708 -0.00181684 -0.0018308 -0.00184384 -0.0018502 -0.00183514 -0.00177097 -0.0017845 -0.00180502 -0.00184412 -0.00184637 -0.00187879 -0.0018803 -0.00181095 -0.00181572 -0.00178134 -0.00186147 -0.00174237 
-0.00180193 -0.00180851 -0.00177097 -0.00186314 -0.00180963 -0.00185668 -0.00167235 -0.00153925 -0.00145985 -0.00145429 0.00248082 0.0024696 0.00247518 0.00285644 0.139813 0.00299776 0.00300737 0.00272865 0.00271825 0.0025494 -0.00158789 -0.00162308 -0.00175615 -0.00191832 -0.00214124 -0.00229373 -0.00217509 -0.00211496 -0.00210954 -0.00206688 -0.00215577 -0.00195201 -0.00194717 -0.00198839 -0.00195348 -0.00190296 -0.00180643 -0.00198713 -0.002085 -0.00193915 -0.00182978 -0.0018672 -0.00198339 -0.00197224 -0.00193766 -0.00183641 -0.00192015 -0.00185593 -0.00183466 -0.00177707 -0.00178839 -0.00188249 -0.00184922 -0.00180508 -0.00178401 -0.00172981 -0.0017799 -0.00184251 -0.00173819 -0.00178217 -0.00177195 -0.00176236 -0.00169564 -0.00169527 -0.00172849 -0.00180196 -0.00181872 -0.00175614 -0.00172114 -0.00178283 -0.00186724 -0.00182397 -0.00180801 -0.00175726 -0.00166645 -0.00179349 -0.00170503 -0.0017252 -0.00185688 -0.00184968 -0.00178585 -0.00173804 -0.00175688 -0.00176857 -0.00176653 -0.00179438 -0.00173714 -0.00172932 -0.00168499 -0.00176894 -0.00171203 -0.00180179 -0.00180501 -0.00178206 -0.0017971 -0.00183855 -0.00178896 -0.0017978 -0.00175413 -0.00176338 
-0.00180747 -0.00176173 -0.0018676 -0.00182065 -0.00191089 -0.00187633 -0.00167691 -0.00154433 -0.0016071 -0.00142918 0.00239028 0.00255237 0.00265629 0.0029118 0.00299776 0.141257 0.00293147 0.0027454 0.00268198 0.00261437 -0.00164472 -0.00156301 -0.00181156 -0.00188522 -0.00209638 -0.00226489 -0.00208475 -0.00210486 -0.00205705 -0.00206388 -0.00207405 -0.00207882 -0.00210929 -0.00210388 -0.00211459 -0.00185994 -0.00198572 -0.00199396 -0.00204828 -0.00192981 -0.00182188 -0.00188718 -0.00196278 -0.00201887 -0.00188985 -0.00192391 -0.00184574 -0.00185467 -0.00185918 -0.00181667 -0.00183146 -0.0018032 -0.00189551 -0.0017815 -0.00175275 -0.00173253 -0.00179231 -0.00175408 -0.00180677 -0.00188071 -0.00180801 -0.00181925 -0.0016531 -0.00174039 -0.00179519 -0.00182046 -0.00187765 -0.00176438 -0.00179182 -0.00180414 -0.00170365 -0.00180827 -0.00189819 -0.0018418 -0.0016979 -0.00179145 -0.00174604 -0.00187476 -0.00179353 -0.00180962 -0.00179658 -0.00180236 -0.00176566 -0.0017929 -0.00176017 -0.001759 -0.00175335 -0.00175654 -0.00167441 -0.0017281 -0.00185638 -0.00181103 -0.00191589 -0.00179349 -0.00184399 -0.00185246 -0.00184135 -0.00181049 -0.00175059 -0.0017459 
-0.00189958 -0.00192792 -0.001944 -0.00200459 -0.00195865 -0.00199545 -0.00194694 -0.00181005 -0.00180802 -0.00177768 -0.00160706 0.00235823 0.00246631 0.00279118 0.00300737 0.00293147 0.146216 0.00304227 0.00311476 0.0029226 0.0027425 0.00266931 -0.00173436 -0.00169034 -0.0020001 -0.00213132 -0.00227643 -0.00220305 -0.00219073 -0.00218802 -0.00220198 -0.00224897 -0.00218924 -0.00217741 -0.00204015 -0.0019999 -0.00210639 -0.00211161 -0.00209016 -0.00212994 -0.00195386 -0.00202991 -0.00202075 -0.00210855 -0.00207211 -0.00206936 -0.00201022 -0.0020067 -0.00207245 -0.00188205 -0.00198089 -0.00203003 -0.00190899 -0.00192227 -0.0019081 -0.00183807 -0.00191169 -0.00190626 -0.00196453 -0.00191027 -0.00187209 -0.00183124 -0.00182353 -0.00190743 -0.00196677 -0.00188638 -0.00193886 -0.00187329 -0.00197275 -0.00189063 -0.00196316 -0.00184392 -0.00183958 -0.00188719 -0.0018667 -0.00184946 -0.00182842 -0.00191334 -0.00199964 -0.00195391 -0.00197331 -0.00187928 -0.00194526 -0.00192877 -0.00204759 -0.00189261 -0.00192444 -0.0019048 -0.00189612 -0.00187389 -0.00202858 -0.00196296 -0.00188057 -0.00192139 -0.00195941 -0.00184624 -0.00180902 -0.00197728 -0.00191109 -0.00189452 
-0.00184655 -0.00190785 -0.00191963 -0.00190073 -0.00185316 -0.00200397 -0.0020106 -0.00202061 -0.00186666 -0.00193494 -0.00170522 -0.00174192 -0.00150894 0.00257892 0.00272865 0.0027454 0.00304227 0.144733 0.00315408 0.00305343 0.00286518 0.00283272 0.00266576 -0.00152102 -0.00180186 -0.00187729 -0.00203291 -0.00215646 -0.00215913 -0.00204917 -0.00221664 -0.00208474 -0.00213363 -0.00206267 -0.00188767 -0.00201708 -0.00206113 -0.00203716 -0.00204566 -0.00193121 -0.00185669 -0.00196768 -0.0020103 -0.0018886 -0.00203312 -0.00200354 -0.00188664 -0.00193455 -0.00185032 -0.00189517 -0.00194494 -0.00192429 -0.00188211 -0.00193709 -0.00186643 -0.00192601 -0.00188826 -0.00191309 -0.00192636 -0.00175602 -0.00186608 -0.0018612 -0.00176055 -0.00175486 -0.0018896 -0.00181545 -0.00186259 -0.00191091 -0.00188254 -0.00185298 -0.00193808 -0.00188322 -0.00175842 -0.00183147 -0.00176252 -0.00182286 -0.00171537 -0.00179845 -0.00188632 -0.00189496 -0.00182615 -0.00188489 -0.00187758 -0.00183346 -0.00181884 -0.00189299 -0.00184971 -0.00175833 -0.00176499 -0.00179483 -0.00186777 -0.00188234 -0.00185859 -0.00188151 -0.00190157 -0.00195396 -0.00183913 -0.00188924 -0.0019463 -0.00174165 
-0.00193185 -0.00191154 -0.00196742 -0.00195389 -0.00188853 -0.00204244 -0.00204778 -0.00211054 -0.00195204 -0.00192908 -0.001817 -0.00165219 -0.00152142 0.00248257 0.00271825 0.00268198 0.00311476 0.00315408 0.145684 0.00321492 0.0028807 0.00292564 0.00270203 -0.00158294 -0.00187531 -0.00180288 -0.00200112 -0.00217202 -0.00205256 -0.00213228 -0.00208487 -0.00211629 -0.0021567 -0.00212276 -0.00186291 -0.0019038 -0.00208327 -0.00214972 -0.00209126 -0.00196059 -0.00187878 -0.0019498 -0.00199612 -0.00209952 -0.00192442 -0.00187431 -0.00190785 -0.00187787 -0.00189204 -0.00191037 -0.00194965 -0.00192377 -0.00186366 -0.00189688 -0.00184324 -0.00184746 -0.0019321 -0.00193451 -0.00183256 -0.00177579 -0.00187334 -0.00187311 -0.00185784 -0.00184487 -0.00191023 -0.00186046 -0.00192803 -0.00188073 -0.00181733 -0.00190865 -0.00179561 -0.00189766 -0.00190306 -0.00190565 -0.00180991 -0.00184257 -0.00169131 -0.00193918 -0.00188202 -0.00182385 -0.00186732 -0.00189714 -0.00189108 -0.00187171 -0.0019083 -0.00190645 -0.00189177 -0.00176564 -0.00173885 -0.00191935 -0.00188946 -0.00180223 -0.0019166 -0.00197824 -0.00181446 -0.00181637 -0.00186736 -0.00191073 -0.00190279 -0.00176942 
-0.00199684 -0.00203615 -0.0020069 -0.00198679 -0.0020983 -0.0021917 -0.00209884 -0.00218247 -0.00218055 -0.00206517 -0.0020735 -0.00189992 -0.00185145 -0.00156718 0.0025494 0.00261437 0.0029226 0.00305343 0.00321492 0.149409 0.00314491 0.00331046 0.00301582 0.00266482 0.00270236 -0.00168278 -0.00186943 -0.00199634 -0.00220192 -0.00204248 -0.0022225 -0.00226164 -0.00217395 -0.00213127 -0.00214879 -0.00206777 -0.00208792 -0.00221952 -0.00212833 -0.00213515 -0.00196198 -0.0020143 -0.00211151 -0.00201532 -0.00207211 -0.00208441 -0.00207498 -0.00200373 -0.00202462 -0.00199758 -0.00202265 -0.00197711 -0.00200138 -0.00205075 -0.00192929 -0.00186186 -0.00196115 -0.00194596 -0.00195721 -0.00203512 -0.00200864 -0.00194478 -0.00189034 -0.00199458 -0.0019971 -0.00201205 -0.00200763 -0.00198798 -0.00202904 -0.00198892 -0.00187521 -0.00204919 -0.00195376 -0.0018682 -0.00185648 -0.00189484 -0.00181692 -0.0019254 -0.0019209 -0.00200435 -0.00206075 -0.00202372 -0.00199685 -0.00203548 -0.00201805 -0.00204174 -0.00201252 -0.00191063 -0.0018874 -0.00195618 -0.00194362 -0.00202456 -0.00201304 -0.00201857 -0.00198619 -0.001986 -0.00194339 -0.00203207 -0.002037 -0.00193956 
-0.00185232 -0.0019271 -0.00191957 -0.00193458 -0.00195261 -0.00211466 -0.00210185 -0.00207183 -0.0020597 -0.00212993 -0.00214139 -0.00208258 -0.00206312 -0.00183394 -0.00158789 -0.00164472 0.0027425 0.00286518 0.0028807 0.00314491 0.146942 0.00327813 0.00320039 0.00288645 0.00287225 0.00252474 -0.00169507 -0.00180404 -0.00185885 -0.00189953 -0.00207326 -0.00207116 -0.00209494 -0.00214375 -0.00204992 -0.00199708 -0.00203657 -0.00208218 -0.00213608 -0.00205719 -0.00199119 -0.00196147 -0.00205138 -0.00202653 -0.00202172 -0.0019843 -0.00193029 -0.00192522 -0.00193572 -0.0019782 -0.00186799 -0.00187294 -0.00196916 -0.00194261 -0.00189239 -0.00190259 -0.00186178 -0.00190028 -0.00191689 -0.00182845 -0.00177071 -0.0019815 -0.00187421 -0.00179795 -0.00189929 -0.00194086 -0.00193711 -0.00187889 -0.00192595 -0.00180436 -0.00178584 -0.00182909 -0.00185793 -0.00189841 -0.0019194 -0.00184497 -0.00183033 -0.00191295 -0.00193467 -0.00184833 -0.00189556 -0.00175558 -0.00193128 -0.00188023 -0.00191181 -0.00176926 -0.00189676 -0.00183239 -0.00180112 -0.00194363 -0.00181709 -0.00193299 -0.0018327 -0.00196475 -0.00188031 -0.00186341 -0.00202018 -0.00197781 -0.00190226 -0.00187738 
-0.001899 -0.00197553 -0.00197119 -0.00196878 -0.001989 -0.00207254 -0.0020684 -0.00201782 -0.00215631 -0.00202939 -0.00217369 -0.00200657 -0.00196759 -0.00183847 -0.00162308 -0.00156301 0.00266931 0.00283272 0.00292564 0.00331046 0.00327813 0.146554 0.00321386 0.00286004 0.0028493 0.0027374 -0.00175537 -0.00184268 -0.00183938 -0.00185433 -0.00195086 -0.00207596 -0.00211113 -0.00199148 -0.00201871 -0.00194833 -0.0021137 -0.00209235 -0.00209596 -0.00214386 -0.0019453 -0.00196632 -0.00201327 -0.0019866 -0.00203363 -0.00196244 -0.00177543 -0.00191235 -0.00185716 -0.00186559 -0.00183719 -0.00195111 -0.00191564 -0.00191957 -0.00187874 -0.00191029 -0.00189736 -0.00184518 -0.00190968 -0.00191548 -0.00194594 -0.00194662 -0.00176612 -0.00182598 -0.00189967 -0.00176483 -0.00195253 -0.00190494 -0.00189138 -0.00181347 -0.00196203 -0.00194836 -0.00184893 -0.0019578 -0.00197034 -0.00182183 -0.00178952 -0.00189698 -0.00191973 -0.00201062 -0.00190587 -0.00188251 -0.00190628 -0.00198751 -0.00188283 -0.00197044 -0.00189115 -0.00183744 -0.00181143 -0.00192116 -0.00195457 -0.00190521 -0.00191911 -0.0018594 -0.00192919 -0.00186427 -0.00189709 -0.00186488 -0.00197124 -0.00177908 
-0.00187995 -0.00190937 -0.00192651 -0.00181055 -0.00189704 -0.0019775 -0.00208155 -0.00206747 -0.00210099 -0.00209583 -0.00215063 -0.00210406 -0.00216021 -0.00193599 -0.00175615 -0.00181156 -0.00173436 0.00266576 0.00270203 0.00301582 0.00320039 0.00321386 0.145613 0.00297494 0.00297744 0.00277314 0.00240413 -0.00162928 -0.00166932 -0.00173998 -0.00179943 -0.00185503 -0.00203662 -0.00210516 -0.00195205 -0.00196031 -0.00206835 -0.00218005 -0.00205749 -0.00202141 -0.00200437 -0.00196116 -0.00200093 -0.00207903 -0.00195472 -0.00200395 -0.00184132 -0.001976 -0.00194185 -0.00179971 -0.00191662 -0.00188008 -0.00197874 -0.00193812 -0.00199623 -0.00184282 -0.00188835 -0.00190484 -0.00182663 -0.00187991 -0.00193664 -0.00181022 -0.00179496 -0.00166856 -0.00189291 -0.0019031 -0.00189375 -0.00190434 -0.00192117 -0.00192618 -0.00190926 -0.00175947 -0.00192978 -0.00183988 -0.00185858 -0.0018098 -0.00182742 -0.00180321 -0.00190201 -0.00176055 -0.00185185 -0.00187619 -0.00181628 -0.00191567 -0.00196843 -0.00183651 -0.00188065 -0.00177839 -0.00184772 -0.00187949 -0.00186858 -0.00194488 -0.00188936 -0.0018813 -0.00189738 -0.00179932 -0.00188508 -0.00194902 -0.00184105 -0.00179152 
-0.00176611 -0.00180211 -0.00178428 -0.00184655 -0.0018171 -0.00186644 -0.00202776 -0.00196622 -0.00206905 -0.00199815 -0.00207277 -0.00212552 -0.00203566 -0.00217607 -0.00191832 -0.00188522 -0.00169034 -0.00152102 -0.00158294 0.00266482 0.00288645 0.00286004 0.00297494 0.141392 0.00295133 0.00288876 0.00247699 0.00233145 -0.00150603 -0.00153208 -0.00161336 -0.00177822 -0.00184046 -0.00198944 -0.0019471 -0.00184287 -0.00192704 -0.00182805 -0.00199556 -0.00183414 -0.00179664 -0.00177248 -0.0018771 -0.00192585 -0.00191103 -0.00189534 -0.00193694 -0.00173468 -0.00173283 -0.00168178 -0.00168353 -0.00171314 -0.00169564 -0.00174604 -0.00179401 -0.00178556 -0.00174742 -0.00170442 -0.00172107 -0.00179842 -0.00178132 -0.00174623 -0.00159142 -0.00169966 -0.00174028 -0.00174701 -0.00186701 -0.00176762 -0.00177882 -0.0017953 -0.00178945 -0.00192566 -0.00181511 -0.0018441 -0.00169616 -0.00175166 -0.00163921 -0.00166126 -0.0017531 -0.00171596 -0.00183431 -0.00173485 -0.00175583 -0.00175515 -0.0017566 -0.00173162 -0.00174912 -0.00174164 -0.00174063 -0.0017891 -0.00174969 -0.00176382 -0.00170766 -0.00173399 -0.00173191 -0.00173484 -0.00175208 -0.00187519 -0.00175782 -0.0016845 
-0.00196018 -0.00194828 -0.00194477 -0.00205492 -0.00197865 -0.00208607 -0.00205001 -0.00215588 -0.00211156 -0.00206202 -0.0022204 -0.00228728 -0.00211618 -0.00232213 -0.00214124 -0.00209638 -0.0020001 -0.00180186 -0.00187531 0.00270236 0.00287225 0.0028493 0.00297744 0.00295133 0.14624 0.00316549 0.00284358 0.00267452 0.00243956 0.00236635 -0.00146694 -0.00170822 -0.00177683 -0.00193484 -0.00206453 -0.00191305 -0.00200856 -0.00207902 -0.0021363 -0.00215498 -0.00195328 -0.00194719 -0.00206021 -0.00209461 -0.00209918 -0.0020651 -0.00196586 -0.00198013 -0.00195113 -0.00198472 -0.0020014 -0.00187854 -0.00190793 -0.00194378 -0.00198757 -0.00180848 -0.00175843 -0.00191806 -0.00192967 -0.00192604 -0.00191681 -0.00192833 -0.00190716 -0.00191107 -0.00186609 -0.00194857 -0.001867 -0.00188739 -0.0019512 -0.00185147 -0.00190585 -0.00193762 -0.00190489 -0.00188897 -0.00184414 -0.00179348 -0.00190187 -0.00191947 -0.00197217 -0.00184207 -0.00191321 -0.00197732 -0.00185603 -0.00194481 -0.00198841 -0.00192606 -0.00199834 -0.00183929 -0.00187014 -0.00201264 -0.00190861 -0.00188236 -0.00198634 -0.00196348 -0.00196516 -0.001952 -0.00194942 -0.00190638 -0.00187429 -0.00180411 
-0.0019131 -0.00200451 -0.00201468 -0.00190655 -0.00197115 -0.00202832 -0.00203582 -0.00212353 -0.00218271 -0.00206553 -0.00224394 -0.00226498 -0.00218287 -0.00234437 -0.00229373 -0.00226489 -0.00213132 -0.00187729 -0.00180288 -0.00168278 0.00252474 0.0027374 0.00277314 0.00288876 0.00316549 0.144294 0.0029115 0.002709 0.00259018 0.00246417 0.00242973 -0.00149888 -0.00152917 -0.00174096 -0.00183018 -0.00182089 -0.00207347 -0.00205695 -0.00200668 -0.00189617 -0.00191282 -0.00192456 -0.00207015 -0.00193141 -0.00199576 -0.00197539 -0.00201344 -0.00191471 -0.00206362 -0.0018973 -0.00181084 -0.00193487 -0.00185341 -0.00192088 -0.0018526 -0.00196696 -0.00185499 -0.00180307 -0.00183797 -0.00181211 -0.00190238 -0.00189727 -0.00183844 -0.00177759 -0.00183766 -0.00190564 -0.00184835 -0.00190495 -0.00189316 -0.00186016 -0.00191631 -0.00185628 -0.00199044 -0.00181567 -0.00191328 -0.00175026 -0.00183796 -0.00188116 -0.00191845 -0.0018759 -0.00199958 -0.00192264 -0.00183418 -0.00189078 -0.00188536 -0.00188063 -0.00189211 -0.00178564 -0.00184298 -0.00197846 -0.00192931 -0.00192316 -0.00189847 -0.00187911 -0.00187435 -0.00184705 -0.00195733 -0.00202078 -0.00186437 -0.00182512 
-0.00174687 -0.00175706 -0.00182078 -0.0018205 -0.0017981 -0.00194002 -0.00200079 -0.0020559 -0.0020118 -0.00208709 -0.00213615 -0.00218392 -0.00206525 -0.00221833 -0.00217509 -0.00208475 -0.00227643 -0.00203291 -0.00200112 -0.00186943 -0.00169507 -0.00175537 0.00240413 0.00247699 0.00284358 0.0029115 0.139275 0.00287481 0.00261842 0.00266863 0.0025315 0.00240634 -0.00136255 -0.00150497 -0.00159565 -0.00165133 -0.00182638 -0.00188662 -0.00185548 -0.00183205 -0.00176043 -0.00176544 -0.00182793 -0.00177945 -0.00190984 -0.00187004 -0.00180137 -0.00176657 -0.00178216 -0.00173766 -0.00183031 -0.00171945 -0.00172028 -0.00176706 -0.00188349 -0.00176563 -0.00184321 -0.0016982 -0.00180769 -0.00172299 -0.00173434 -0.00172343 -0.00171491 -0.00164454 -0.00183426 -0.00178446 -0.00177263 -0.00175635 -0.00173319 -0.00176685 -0.0018613 -0.00181833 -0.0017965 -0.00163979 -0.00166772 -0.00165893 -0.0017027 -0.00167285 -0.00181304 -0.00178925 -0.00173323 -0.00179546 -0.00176657 -0.00188662 -0.00176038 -0.00174447 -0.00172853 -0.00165491 -0.00168038 -0.00177916 -0.00178159 -0.00184043 -0.00176829 -0.0017516 -0.00179554 -0.00178074 -0.00178489 -0.00172793 -0.00183992 -0.00171788 
-0.00170614 -0.00175402 -0.00183025 -0.00183168 -0.0017973 -0.0018827 -0.00189284 -0.00194361 -0.0020364 -0.00189656 -0.00200903 -0.00215837 -0.00206327 -0.00216341 -0.00211496 -0.00210486 -0.00220305 -0.00215646 -0.00217202 -0.00199634 -0.00180404 -0.00184268 -0.00162928 0.00233145 0.00267452 0.002709 0.00287481 0.137399 0.00280826 0.0026864 0.00249652 0.00249603 0.0022917 -0.00135814 -0.00147105 -0.00149517 -0.00167151 -0.00167764 -0.00187077 -0.00188745 -0.00184394 -0.00172657 -0.00188751 -0.00174597 -0.00186438 -0.00193648 -0.00176088 -0.00177908 -0.00183203 -0.00173512 -0.00176121 -0.00175583 -0.00173364 -0.00174263 -0.00164779 -0.00172211 -0.00167675 -0.0017118 -0.00176986 -0.00167927 -0.00166944 -0.001748 -0.00166839 -0.00165052 -0.00174644 -0.00178322 -0.0017719 -0.00169321 -0.00176037 -0.00174679 -0.00181113 -0.00180218 -0.00167452 -0.00170804 -0.00164604 -0.00164889 -0.00161082 -0.00171621 -0.0017537 -0.0018192 -0.00175981 -0.00171065 -0.00172659 -0.00170848 -0.00173436 -0.00178315 -0.0017123 -0.00170105 -0.00166597 -0.0016694 -0.00174635 -0.00184078 -0.00175139 -0.00173097 -0.00169761 -0.00172036 -0.00180166 -0.00173803 -0.00176749 -0.00163867 
-0.00174694 -0.00175807 -0.00176961 -0.00183118 -0.00172743 -0.00184965 -0.00180607 -0.00187695 -0.0019569 -0.00184066 -0.00199798 -0.00209401 -0.00202497 -0.00222066 -0.00210954 -0.00205705 -0.00219073 -0.00215913 -0.00205256 -0.00220192 -0.00185885 -0.00183938 -0.00166932 -0.00150603 0.00243956 0.00259018 0.00261842 0.00280826 0.135601 0.00276143 0.00264675 0.0025142 0.00241901 0.00214493 -0.00132208 -0.00139784 -0.00149055 -0.00166805 -0.00174339 -0.00178748 -0.00178593 -0.00174073 -0.00181536 -0.00182187 -0.00186772 -0.00174524 -0.00180291 -0.00183115 -0.00184532 -0.00174271 -0.0016956 -0.00167047 -0.00164284 -0.00175768 -0.00182368 -0.00167998 -0.00166208 -0.00170393 -0.00167833 -0.00177579 -0.00166574 -0.00168243 -0.00164729 -0.0016025 -0.00167841 -0.00172111 -0.00168922 -0.00170672 -0.00172381 -0.00178677 -0.00178846 -0.00158124 -0.0018449 -0.00162666 -0.00166789 -0.00166073 -0.00156556 -0.00172655 -0.00175632 -0.00178232 -0.00167819 -0.0016883 -0.00166197 -0.00173559 -0.00169023 -0.00169377 -0.00172573 -0.00170126 -0.00165483 -0.00163089 -0.00168248 -0.00175942 -0.00170743 -0.00170704 -0.00177127 -0.00170082 -0.00171451 -0.00172686 -0.00170409 -0.00166022 
-0.00168805 -0.00170178 -0.00176787 -0.0017891 -0.00172457 -0.00197328 -0.00184517 -0.00187001 -0.00191714 -0.00173627 -0.00196864 -0.00196033 -0.00190857 -0.00216132 -0.00206688 -0.00206388 -0.00218802 -0.00204917 -0.00213228 -0.00204248 -0.00189953 -0.00185433 -0.00173998 -0.00153208 0.00236635 0.00246417 0.00266863 0.0026864 0.00276143 0.133957 0.00258569 0.00235772 0.0023773 0.00219185 -0.00130936 -0.00138896 -0.00148923 -0.00153403 -0.00171572 -0.0018516 -0.00167888 -0.00172641 -0.00172761 -0.00177737 -0.00177221 -0.00181619 -0.0017737 -0.00166028 -0.00176857 -0.00175766 -0.00168066 -0.00158366 -0.0017478 -0.00175237 -0.00176169 -0.00165755 -0.00170795 -0.00174482 -0.00177404 -0.00169034 -0.00171882 -0.00160205 -0.0015593 -0.00163102 -0.00166498 -0.0017461 -0.00169662 -0.00162691 -0.00169287 -0.00171358 -0.0018026 -0.00158768 -0.00171449 -0.00177572 -0.00156766 -0.00148919 -0.00161164 -0.00160038 -0.00171869 -0.00168875 -0.00171522 -0.00169317 -0.00166092 -0.0017643 -0.00173382 -0.00170011 -0.00170312 -0.00174467 -0.0016375 -0.00167963 -0.0017163 -0.00161124 -0.00165364 -0.00171139 -0.00164272 -0.00167149 -0.00161913 -0.00172032 -0.00174234 -0.00165685 
-0.00176274 -0.00185431 -0.00176214 -0.00183091 -0.00178056 -0.00188114 -0.00196499 -0.00190682 -0.00192122 -0.00187008 -0.00217755 -0.00206795 -0.00190752 -0.00210417 -0.00215577 -0.00207405 -0.00220198 -0.00221664 -0.00208487 -0.0022225 -0.00207326 -0.00195086 -0.00179943 -0.00161336 -0.00146694 0.00242973 0.0025315 0.00249652 0.00264675 0.00258569 0.134415 0.00256176 0.00251062 0.00239223 0.0021656 0.00214152 -0.00136976 -0.00151311 -0.00153833 -0.00159765 -0.00169139 -0.0017516 -0.00186011 -0.00174076 -0.00184804 -0.00179847 -0.00181321 -0.00168576 -0.00180432 -0.00173725 -0.00180127 -0.00165614 -0.00174172 -0.00173059 -0.00178016 -0.00179229 -0.00173893 -0.00165631 -0.00172859 -0.00179777 -0.00177837 -0.00174502 -0.00165393 -0.00169929 -0.00163695 -0.00167466 -0.00170613 -0.00171009 -0.00180985 -0.0017426 -0.00172176 -0.0017698 -0.00176611 -0.00168636 -0.00160717 -0.00168329 -0.00167735 -0.00180753 -0.00165486 -0.00176957 -0.0017936 -0.00179565 -0.0016868 -0.00178449 -0.0017928 -0.00180162 -0.00167288 -0.00167743 -0.00164741 -0.001682 -0.00170812 -0.00174311 -0.00176068 -0.0017197 -0.00177164 -0.00182376 -0.00169399 -0.00182122 -0.00170789 -0.00166626 
-0.00170777 -0.00178694 -0.00178179 -0.00173957 -0.00171248 -0.00187125 -0.00193901 -0.00190587 -0.00188729 -0.00186543 -0.00203089 -0.00205393 -0.00194116 -0.00200972 -0.00195201 -0.00207882 -0.00224897 -0.00208474 -0.00211629 -0.00226164 -0.00207116 -0.00207596 -0.00185503 -0.00177822 -0.00170822 -0.00149888 0.00240634 0.00249603 0.0025142 0.00235772 0.00256176 0.133111 0.00257221 0.00253963 0.00223005 0.00225124 0.00204972 -0.00135806 -0.0014524 -0.00145302 -0.00162045 -0.00165982 -0.00183225 -0.00180197 -0.00180017 -0.00176687 -0.00167424 -0.00173365 -0.00179298 -0.00174698 -0.00174085 -0.00167961 -0.00176816 -0.00168924 -0.00178266 -0.0016832 -0.00169745 -0.00177198 -0.00190396 -0.00172618 -0.00174687 -0.0016965 -0.00164288 -0.00161512 -0.00166702 -0.00166157 -0.00168679 -0.00174963 -0.00176945 -0.00176868 -0.0017422 -0.0017025 -0.00172549 -0.00173422 -0.00165404 -0.00165054 -0.00156458 -0.00171048 -0.00170201 -0.00171414 -0.00167247 -0.00168071 -0.00177838 -0.00166438 -0.00165974 -0.00165312 -0.00165811 -0.00171857 -0.00164167 -0.00163276 -0.00172195 -0.00169471 -0.00177197 -0.00181411 -0.00174295 -0.00183418 -0.00163712 -0.00175302 -0.00171611 -0.00163959 
-0.00171422 -0.00167457 -0.00166239 -0.00170861 -0.00173326 -0.00183603 -0.00184481 -0.00168272 -0.00192263 -0.00185639 -0.00202852 -0.00209503 -0.00194372 -0.00213884 -0.00194717 -0.00210929 -0.00218924 -0.00213363 -0.0021567 -0.00217395 -0.00209494 -0.00211113 -0.00203662 -0.00184046 -0.00177683 -0.00152917 -0.00136255 0.0022917 0.00241901 0.0023773 0.00251062 0.00257221 0.13164 0.00260681 0.00222732 0.00223317 0.00221916 0.00206859 -0.00126409 -0.00134742 -0.00148664 -0.00154565 -0.00169139 -0.00182313 -0.00179861 -0.00174515 -0.00162313 -0.00170691 -0.00172982 -0.00183142 -0.00169331 -0.0016442 -0.00169739 -0.00170374 -0.00166997 -0.00171177 -0.00167908 -0.00173798 -0.0016758 -0.00174539 -0.00170113 -0.00166709 -0.00164261 -0.00156559 -0.00169496 -0.00164928 -0.00165926 -0.00166129 -0.00167702 -0.00166507 -0.00159141 -0.00174044 -0.00176432 -0.00168926 -0.00160946 -0.00157433 -0.00162055 -0.00169348 -0.00176293 -0.00164001 -0.00181425 -0.0017707 -0.00174249 -0.00170399 -0.00175778 -0.00174557 -0.00173721 -0.00167022 -0.00162192 -0.00166383 -0.00166371 -0.00162799 -0.00173796 -0.00174986 -0.00165396 -0.00167247 -0.00167997 -0.00166645 -0.00173793 -0.0016226 
