0.123069 0.00220911 0.00205904 0.00204118 0.00196374 0.00201013 -0.00126336 -0.0012894 -0.00145492 -0.001499 -0.001595 -0.00177664 -0.00175905 -0.00179188 -0.0018938 -0.00185329 -0.00192581 -0.00192236 -0.00182463 -0.00196424 -0.00195517 -0.00189586 -0.00186217 -0.00178739 -0.00196789 -0.00180455 -0.00177488 -0.00178079 -0.00178132 -0.00174834 -0.00170793 -0.00168388 -0.0017175 -0.00169769 -0.00163532 -0.00151286 -0.00166289 -0.00160665 -0.00160794 -0.00167725 -0.00158174 -0.00157102 -0.00166117 -0.00161684 -0.0014997 -0.00158768 -0.00146471 -0.0015164 -0.00148254 -0.0015142 -0.00149011 -0.00152263 -0.00148713 -0.00152736 -0.00144432 -0.00144181 -0.00148286 -0.00150832 -0.00153727 -0.00142822 -0.00152873 -0.00148357 -0.00145412 -0.00140418 -0.00147089 -0.00145886 -0.00150056 -0.00150249 -0.00158572 -0.00153397 -0.00154593 -0.00151206 -0.00150658 -0.00153094 -0.00143505 -0.00142439 -0.00150761 -0.0015458 -0.00157402 -0.00148452 -0.00145921 -0.00154093 -0.00155938 -0.00138885 -0.00147147 -0.0014147 -0.00150932 -0.00144437 -0.00132378 -0.00146601 -0.00144016 -0.00144266 -0.00131843 -0.00124154 -0.00116676 -0.00117091 0.00183675 0.00195491 0.00207848 0.00217358 
0.00220911 0.123546 0.00232373 0.00219192 0.0021142 0.00217845 0.00201723 -0.0011824 -0.00136425 -0.00145333 -0.00161829 -0.00166976 -0.00171955 -0.00185558 -0.00183339 -0.00187031 -0.00189161 -0.00188735 -0.00189047 -0.00201271 -0.00199116 -0.00187462 -0.00200964 -0.00176102 -0.00204012 -0.0019191 -0.00179852 -0.0017554 -0.00174741 -0.00164236 -0.001844 -0.00178687 -0.00170685 -0.00169262 -0.00161854 -0.00160072 -0.00161379 -0.00167798 -0.00159584 -0.00166738 -0.00151746 -0.00155178 -0.00158837 -0.00155849 -0.00167674 -0.00157303 -0.00143967 -0.00150349 -0.00155346 -0.00137745 -0.00155951 -0.00151408 -0.00150943 -0.00151389 -0.00157374 -0.00150971 -0.00157825 -0.00158225 -0.00147339 -0.00152597 -0.00147514 -0.00145979 -0.00143177 -0.0014512 -0.00159633 -0.0015352 -0.00150128 -0.00152398 -0.00153769 -0.00149972 -0.00149193 -0.00154313 -0.00152977 -0.00143866 -0.00136877 -0.00138527 -0.00144515 -0.00150405 -0.00154559 -0.00152513 -0.00157952 -0.00155983 -0.00149609 -0.00152361 -0.00146162 -0.00152434 -0.00149249 -0.00141848 -0.0015201 -0.00147641 -0.00144687 -0.00149156 -0.00146495 -0.00127423 -0.00129992 -0.00120648 -0.00116576 0.00177563 0.00196119 0.00214754 
0.00205904 0.00232373 0.123838 0.00219299 0.00220349 0.00222063 0.00211109 0.00208757 -0.00112842 -0.00119638 -0.00142528 -0.00159025 -0.00161157 -0.00174238 -0.00180162 -0.0018158 -0.00191637 -0.00190838 -0.00192979 -0.00202092 -0.00194466 -0.00192586 -0.00185711 -0.0016771 -0.00189609 -0.00190638 -0.0018214 -0.00183171 -0.00180483 -0.00171374 -0.00175412 -0.00175836 -0.00183257 -0.00168424 -0.00162104 -0.00154898 -0.00167079 -0.00163103 -0.00171066 -0.00160287 -0.00151848 -0.00153394 -0.00166171 -0.00168944 -0.00156157 -0.00166533 -0.00153563 -0.00155571 -0.00149079 -0.00146969 -0.00156459 -0.0014257 -0.00145732 -0.00156793 -0.00156652 -0.0014713 -0.00166828 -0.00162036 -0.00155244 -0.00145536 -0.00152322 -0.00147916 -0.00138842 -0.00145568 -0.00156862 -0.00149143 -0.00144681 -0.00158436 -0.00155722 -0.00153416 -0.00151826 -0.00153311 -0.00149295 -0.00148653 -0.00143019 -0.00140684 -0.00148519 -0.00154472 -0.0014925 -0.00153773 -0.00148062 -0.00155148 -0.001525 -0.00162897 -0.00157242 -0.0015284 -0.00150797 -0.00142907 -0.00146324 -0.0015659 -0.00157156 -0.00146034 -0.00152885 -0.00150061 -0.00139834 -0.00132408 -0.00131013 -0.00126903 0.00184952 0.0019998 
0.00204118 0.00219192 0.00219299 0.124269 0.0022555 0.0023197 0.00230914 0.0021541 0.00215209 -0.00116183 -0.00137506 -0.00152156 -0.00148513 -0.0016996 -0.00187133 -0.00189314 -0.00194885 -0.00190946 -0.00194808 -0.00198192 -0.00192507 -0.00191344 -0.0018609 -0.00180811 -0.00194041 -0.00186502 -0.00183352 -0.00182211 -0.00171332 -0.00170682 -0.00179198 -0.00173853 -0.0017244 -0.00166756 -0.00162789 -0.00152827 -0.00168473 -0.00164362 -0.00169986 -0.00164469 -0.0015489 -0.00168307 -0.00169439 -0.00161794 -0.00160361 -0.00166317 -0.00158057 -0.00151926 -0.0015487 -0.00148597 -0.00142464 -0.00146436 -0.00149774 -0.00145899 -0.00159127 -0.00158157 -0.00156275 -0.00149143 -0.00152985 -0.00157766 -0.00153043 -0.00155693 -0.00147536 -0.00139386 -0.00149997 -0.00158157 -0.00152029 -0.00154026 -0.0014729 -0.00149783 -0.00152392 -0.00148232 -0.00154484 -0.00161136 -0.00151414 -0.00155831 -0.00147629 -0.001593 -0.00161305 -0.00158417 -0.00156429 -0.00146271 -0.00152817 -0.0015476 -0.0015135 -0.00156858 -0.00157013 -0.0014504 -0.0014931 -0.00149299 -0.0015394 -0.00150963 -0.00149926 -0.00151812 -0.00154901 -0.00147018 -0.00134605 -0.0012643 -0.00119835 0.00183331 
0.00196374 0.0021142 0.00220349 0.0022555 0.124833 0.00240463 0.00244458 0.00225515 0.00218602 0.00214738 -0.00127093 -0.00142034 -0.0014961 -0.00174459 -0.00180129 -0.00181332 -0.00200453 -0.00201851 -0.00191152 -0.00212727 -0.0020061 -0.00185963 -0.00194715 -0.00180154 -0.00197302 -0.00197767 -0.00186601 -0.00174114 -0.00171464 -0.00180282 -0.00175725 -0.00179704 -0.00173499 -0.00176136 -0.00172689 -0.00152734 -0.00171613 -0.00172539 -0.00176458 -0.00173645 -0.00159776 -0.0016113 -0.00164962 -0.0016709 -0.00164103 -0.00159761 -0.00154343 -0.0015034 -0.00155654 -0.00158059 -0.00159663 -0.00150303 -0.0015448 -0.00153403 -0.00154144 -0.00152095 -0.00144163 -0.00154226 -0.00157419 -0.00158201 -0.00154913 -0.00155839 -0.0014221 -0.00152191 -0.00149765 -0.00159044 -0.00147232 -0.00159878 -0.00148752 -0.00153684 -0.00154276 -0.00152049 -0.00148939 -0.00158162 -0.00142026 -0.00147877 -0.0015535 -0.00149651 -0.00151715 -0.00150183 -0.00152475 -0.0015471 -0.00164213 -0.00148616 -0.00148463 -0.0015922 -0.00154876 -0.00156911 -0.00142427 -0.00159898 -0.00146661 -0.00153615 -0.00148852 -0.00156175 -0.00150104 -0.00148311 -0.00141873 -0.00127441 -0.00122954 -0.00121388 
0.00201013 0.00217845 0.00222063 0.0023197 0.00240463 0.127983 0.00241854 0.00233741 0.00233731 0.00221338 0.00223055 -0.00149797 -0.00139992 -0.00156159 -0.00181865 -0.00186652 -0.00204516 -0.00186271 -0.00213655 -0.00225441 -0.00202112 -0.00219395 -0.00201028 -0.00191725 -0.0019908 -0.00208426 -0.00189482 -0.00179929 -0.0018806 -0.00187811 -0.00188877 -0.00178129 -0.00182871 -0.00177293 -0.00176189 -0.00174184 -0.001807 -0.00179543 -0.00175115 -0.00181228 -0.00166963 -0.00170795 -0.00168977 -0.00168576 -0.00170788 -0.00178645 -0.00157334 -0.001529 -0.00169505 -0.00162001 -0.00167912 -0.00167076 -0.00168158 -0.00160928 -0.0016819 -0.0016764 -0.00160107 -0.0016721 -0.00162092 -0.00165771 -0.00159083 -0.00162333 -0.00154884 -0.00156928 -0.00160836 -0.00159288 -0.00162122 -0.0016818 -0.00166612 -0.0016408 -0.00164583 -0.00158936 -0.00162625 -0.00168649 -0.00149394 -0.00153465 -0.00158672 -0.00157985 -0.00161494 -0.00154213 -0.00167565 -0.00153861 -0.00164957 -0.00163504 -0.00165751 -0.00166171 -0.00159339 -0.00158204 -0.00157991 -0.00164369 -0.00169103 -0.00155799 -0.0016202 -0.00159614 -0.00162522 -0.00152614 -0.00147073 -0.00148181 -0.00140561 -0.00114695 
-0.00126336 0.00201723 0.00211109 0.00230914 0.00244458 0.00241854 0.129249 0.00249145 0.00245646 0.00226435 0.00222299 0.0020868 -0.00143023 -0.00156869 -0.00170172 -0.00180937 -0.00200983 -0.00201993 -0.00200839 -0.00216611 -0.00214219 -0.00197631 -0.00203168 -0.00189337 -0.00207657 -0.00218967 -0.00195883 -0.00202621 -0.00193815 -0.00189646 -0.00194152 -0.00181655 -0.0019028 -0.00182271 -0.00167662 -0.00168104 -0.00181409 -0.00177576 -0.00181241 -0.00180678 -0.00163495 -0.00166587 -0.00166529 -0.00179597 -0.00172128 -0.00165621 -0.00167029 -0.00165069 -0.00164975 -0.00165114 -0.0016706 -0.00164851 -0.00164322 -0.00169092 -0.00161767 -0.00162676 -0.00170691 -0.0016277 -0.00157548 -0.0016762 -0.00159669 -0.0016733 -0.00157101 -0.00156501 -0.00157877 -0.00165252 -0.00164497 -0.00169231 -0.00156458 -0.00166189 -0.0016499 -0.00158477 -0.00167633 -0.00163221 -0.00156327 -0.00163317 -0.00159974 -0.00163363 -0.00166796 -0.00169366 -0.00171694 -0.00158273 -0.00159237 -0.00164015 -0.0016373 -0.00167723 -0.00170789 -0.00153173 -0.00159834 -0.00168418 -0.00164807 -0.00149598 -0.00154428 -0.0017728 -0.00175296 -0.00165083 -0.00163719 -0.00159522 -0.00145424 -0.00121305 
-0.0012894 -0.0011824 0.00208757 0.0021541 0.00225515 0.00233741 0.00249145 0.130264 0.00257458 0.0024645 0.00241478 0.00234325 0.00226207 -0.00143835 -0.00154989 -0.00162382 -0.00189197 -0.00201075 -0.00204711 -0.00215665 -0.0022035 -0.00206357 -0.00206459 -0.00191652 -0.00212629 -0.00216642 -0.00195868 -0.00203736 -0.00183207 -0.00184219 -0.0019094 -0.00179412 -0.00200913 -0.00182142 -0.0017666 -0.00182159 -0.00178883 -0.00181313 -0.00181615 -0.00185689 -0.00173176 -0.00176793 -0.00181676 -0.00180282 -0.00175842 -0.00177355 -0.00168589 -0.00166981 -0.0017191 -0.00170959 -0.00163338 -0.00164585 -0.0017033 -0.00156972 -0.00168469 -0.00171654 -0.00173806 -0.00170185 -0.00167931 -0.00161101 -0.00166728 -0.00164081 -0.00170571 -0.00164664 -0.00169591 -0.0017057 -0.00162184 -0.00171141 -0.00165897 -0.00175689 -0.00171827 -0.00166055 -0.00166577 -0.00156631 -0.00167937 -0.00162417 -0.00160117 -0.00172124 -0.0015777 -0.00166355 -0.00173932 -0.00161293 -0.00168109 -0.0016528 -0.00166336 -0.00162446 -0.00158015 -0.00153993 -0.00154844 -0.00163989 -0.0015927 -0.0016534 -0.00164402 -0.00167244 -0.00160992 -0.00160565 -0.00165316 -0.00168899 -0.00159611 -0.00144281 
-0.00145492 -0.00136425 -0.00112842 0.00215209 0.00218602 0.00233731 0.00245646 0.00257458 0.131731 0.00261784 0.00256608 0.00241318 0.00237915 0.00226274 -0.00155547 -0.00149249 -0.00189574 -0.00198127 -0.00197291 -0.00225316 -0.00217101 -0.00223434 -0.00212066 -0.00191998 -0.00208356 -0.00216102 -0.00200247 -0.00200346 -0.00196514 -0.00189913 -0.00206646 -0.0018507 -0.00197542 -0.00192855 -0.00180067 -0.0017995 -0.0019068 -0.00184886 -0.00171504 -0.00190648 -0.00178302 -0.00177133 -0.00176598 -0.001755 -0.00178297 -0.00179503 -0.00169683 -0.00172351 -0.00173337 -0.00178037 -0.001761 -0.00173725 -0.0017431 -0.00160097 -0.00172627 -0.00172719 -0.00162707 -0.00166254 -0.00162498 -0.00167034 -0.0016272 -0.00171121 -0.00153874 -0.00161511 -0.00171169 -0.00172804 -0.00168779 -0.00172289 -0.00168655 -0.0017025 -0.00172734 -0.00169634 -0.00167999 -0.00166273 -0.00168253 -0.0015798 -0.00150841 -0.00162925 -0.00164089 -0.00172201 -0.00171786 -0.00168041 -0.00172682 -0.00169736 -0.00176077 -0.00179974 -0.00161218 -0.0015811 -0.00157906 -0.00157712 -0.00163746 -0.00169945 -0.00170496 -0.00176531 -0.00174297 -0.00170733 -0.00168068 -0.00174844 -0.00163846 -0.00143175 
-0.001499 -0.00145333 -0.00119638 -0.00116183 0.00214738 0.00221338 0.00226435 0.0024645 0.00261784 0.130192 0.00258418 0.00253939 0.00236839 0.00225414 -0.00142607 -0.00137402 -0.00174094 -0.00184205 -0.00197228 -0.00205815 -0.00210938 -0.00204359 -0.00200367 -0.00194224 -0.0022019 -0.00210424 -0.00192381 -0.00198327 -0.00186493 -0.00184175 -0.001934 -0.00193625 -0.00179484 -0.00181738 -0.00169565 -0.00168925 -0.00176008 -0.00180501 -0.00178414 -0.00177742 -0.00168626 -0.00159258 -0.00171448 -0.00170455 -0.00176237 -0.00180897 -0.00167288 -0.00154852 -0.00170588 -0.00169528 -0.0016175 -0.00158745 -0.00173496 -0.00160449 -0.00169172 -0.0016451 -0.00161272 -0.00165722 -0.00159748 -0.0016484 -0.00157686 -0.00165262 -0.0015029 -0.00162214 -0.00163722 -0.00159525 -0.00160687 -0.00168393 -0.00166167 -0.00158502 -0.0017156 -0.00160247 -0.00163355 -0.00157922 -0.00154156 -0.00156948 -0.00157082 -0.00162929 -0.00158289 -0.0017593 -0.0016391 -0.00168818 -0.00161989 -0.00160966 -0.00168047 -0.00158052 -0.00164244 -0.00151637 -0.00153732 -0.00164888 -0.00170588 -0.00165234 -0.00157982 -0.00161281 -0.00159279 -0.00166365 -0.00158952 -0.00154697 -0.00160491 -0.00159991 
-0.001595 -0.00161829 -0.00142528 -0.00137506 -0.00127093 0.00223055 0.00222299 0.00241478 0.00256608 0.00258418 0.134697 0.00278066 0.00255617 0.00260547 0.00230103 0.00223895 -0.00150085 -0.00179521 -0.00173368 -0.00199491 -0.00211496 -0.00213168 -0.00211281 -0.00213469 -0.00215896 -0.00227871 -0.00207368 -0.00196747 -0.00194464 -0.00199214 -0.00202957 -0.00200151 -0.00202122 -0.00196671 -0.00185323 -0.00191011 -0.00192815 -0.00190959 -0.00186157 -0.0019346 -0.00181582 -0.0017848 -0.00180291 -0.0018041 -0.00177636 -0.00179146 -0.0017858 -0.00170561 -0.0017346 -0.00180061 -0.00171516 -0.00169867 -0.00179712 -0.00181501 -0.00176623 -0.00183893 -0.00170902 -0.00174849 -0.00173722 -0.00174636 -0.00176929 -0.00175494 -0.00166643 -0.00167216 -0.00179906 -0.00171004 -0.00169904 -0.00178919 -0.00177547 -0.00170268 -0.00174329 -0.00178228 -0.00176051 -0.00167842 -0.0016376 -0.00161414 -0.00168085 -0.00169141 -0.00172754 -0.0017658 -0.00181122 -0.00177359 -0.00179976 -0.00179684 -0.00175252 -0.00176194 -0.00179128 -0.00166039 -0.0016914 -0.00178988 -0.00171728 -0.00173478 -0.00174103 -0.0017157 -0.0016856 -0.00176628 -0.00165478 -0.00171913 -0.00175342 -0.00165173 
-0.00177664 -0.00166976 -0.00159025 -0.00152156 -0.00142034 -0.00149797 0.0020868 0.00234325 0.00241318 0.00253939 0.00278066 0.136625 0.00283766 0.00267532 0.00245477 0.00242811 0.00240154 -0.00165453 -0.0016237 -0.00187794 -0.00212764 -0.00212895 -0.00215106 -0.00207989 -0.00227704 -0.00224088 -0.00213169 -0.00198289 -0.00205433 -0.00202192 -0.00207086 -0.00207414 -0.00205823 -0.00201285 -0.00173911 -0.00178952 -0.00191885 -0.00182783 -0.00189048 -0.00187965 -0.00181324 -0.00196702 -0.00196093 -0.00185046 -0.00185261 -0.00189231 -0.0017257 -0.0017906 -0.00167119 -0.00168536 -0.00176843 -0.00181325 -0.00171816 -0.001795 -0.00180305 -0.00184031 -0.00172739 -0.00186514 -0.00182468 -0.00176853 -0.00184898 -0.00179632 -0.00164856 -0.0016522 -0.00180732 -0.00169966 -0.00175246 -0.0017891 -0.00172431 -0.00180857 -0.00185359 -0.00181362 -0.00182209 -0.00172787 -0.00163481 -0.00168797 -0.0016762 -0.00175733 -0.0018259 -0.00176766 -0.00179593 -0.00182798 -0.00184936 -0.00183041 -0.00173774 -0.00168732 -0.00168497 -0.00162786 -0.00172241 -0.0017828 -0.00177647 -0.0017837 -0.00188071 -0.00175502 -0.00180378 -0.00171758 -0.00174486 -0.00178452 -0.00177767 -0.00169655 
-0.00175905 -0.00171955 -0.00161157 -0.00148513 -0.0014961 -0.00139992 -0.00143023 0.00226207 0.00237915 0.00236839 0.00255617 0.00283766 0.135343 0.00267584 0.00255022 0.00252054 0.00257005 -0.00152071 -0.00157835 -0.00174345 -0.00198798 -0.00206088 -0.00214988 -0.00195649 -0.0022072 -0.00227592 -0.00210064 -0.00203837 -0.00187235 -0.00202117 -0.0019411 -0.00198529 -0.00198159 -0.00193366 -0.00181173 -0.00183908 -0.00177932 -0.00182384 -0.00190193 -0.00190782 -0.00168198 -0.00183399 -0.00188959 -0.001852 -0.00184196 -0.00176714 -0.00176785 -0.00166318 -0.00176609 -0.00163411 -0.00174568 -0.00171084 -0.00174446 -0.0016154 -0.00166949 -0.00171775 -0.00158716 -0.0017044 -0.00172915 -0.00170257 -0.00167417 -0.0017251 -0.00162453 -0.00162125 -0.00174192 -0.00174546 -0.00169831 -0.00163264 -0.00173592 -0.00170626 -0.00182087 -0.00166263 -0.00169812 -0.00159308 -0.00168469 -0.00163623 -0.00161249 -0.00163121 -0.00186184 -0.00168629 -0.00177816 -0.0016601 -0.00167571 -0.00165513 -0.00168619 -0.00182475 -0.0017383 -0.00166068 -0.00162846 -0.00170762 -0.00176866 -0.00172353 -0.00171466 -0.0017372 -0.00172531 -0.00170912 -0.00174061 -0.00173782 -0.00183524 -0.00161779 
-0.00179188 -0.00185558 -0.00174238 -0.0016996 -0.00174459 -0.00156159 -0.00156869 -0.00143835 0.00226274 0.00225414 0.00260547 0.00267532 0.00267584 0.140652 0.00279895 0.00292549 0.00293356 0.00245775 0.00251751 -0.00164668 -0.0018705 -0.00194193 -0.00196395 -0.00214374 -0.00240997 -0.00235895 -0.00218101 -0.00212838 -0.00213371 -0.00208637 -0.00220581 -0.00212922 -0.0020933 -0.00203236 -0.00192705 -0.00189723 -0.00197048 -0.00197317 -0.00198426 -0.00198646 -0.00187366 -0.00184955 -0.00193866 -0.00196041 -0.00191695 -0.00194181 -0.00182809 -0.00184358 -0.00186234 -0.00179461 -0.00177076 -0.00190705 -0.00184419 -0.00187527 -0.00193736 -0.00184784 -0.00184427 -0.00183359 -0.00181579 -0.0018238 -0.00188012 -0.00183356 -0.00177007 -0.0017853 -0.00186064 -0.00179262 -0.0018329 -0.00172937 -0.00180302 -0.00174961 -0.00186314 -0.00184908 -0.00189269 -0.00186087 -0.00177561 -0.00178097 -0.00174035 -0.00188673 -0.00184107 -0.00193098 -0.00187928 -0.00186893 -0.00180223 -0.00181077 -0.00186425 -0.00189869 -0.00177812 -0.00165348 -0.00180474 -0.00177963 -0.00179001 -0.00190864 -0.00184921 -0.00180506 -0.00188654 -0.00179865 -0.00177134 -0.0018024 -0.00196517 -0.00180574 
-0.0018938 -0.00183339 -0.00180162 -0.00187133 -0.00180129 -0.00181865 -0.00170172 -0.00154989 -0.00155547 -0.00142607 0.00230103 0.00245477 0.00255022 0.00279895 0.139863 0.00306698 0.00294668 0.00268169 0.0026346 0.00250617 -0.00175665 -0.00160629 -0.00183454 -0.00184677 -0.00221473 -0.00225288 -0.00201419 -0.00212541 -0.00201771 -0.00194646 -0.00203646 -0.00191355 -0.00198609 -0.00200313 -0.00195201 -0.00195958 -0.00196562 -0.00200475 -0.00195314 -0.00199549 -0.0018761 -0.00191962 -0.00202678 -0.00196146 -0.00174676 -0.00192653 -0.00181875 -0.0017559 -0.00172099 -0.00177499 -0.00182609 -0.00185238 -0.00184036 -0.00181532 -0.00168323 -0.00188704 -0.00184173 -0.00179565 -0.00188223 -0.00182815 -0.00171313 -0.00175151 -0.00171375 -0.0016374 -0.00172258 -0.00177037 -0.00176712 -0.00178061 -0.00179609 -0.00183327 -0.0017273 -0.00177311 -0.00173985 -0.00172161 -0.0015863 -0.00167058 -0.00168609 -0.00182572 -0.00179436 -0.00181266 -0.0017518 -0.00187431 -0.00183283 -0.00183605 -0.00179715 -0.00176828 -0.00175463 -0.00165028 -0.0016372 -0.00181832 -0.00175994 -0.00174974 -0.00177471 -0.00176723 -0.00184311 -0.00174164 -0.0017273 -0.00178148 -0.00191283 -0.0017828 
-0.00185329 -0.00187031 -0.0018158 -0.00189314 -0.00181332 -0.00186652 -0.00180937 -0.00162382 -0.00149249 -0.00137402 0.00223895 0.00242811 0.00252054 0.00292549 0.00306698 0.141204 0.0029713 0.00265907 0.00265982 0.00265408 -0.00169593 -0.00169759 -0.00175708 -0.00200471 -0.00220794 -0.00222189 -0.00203389 -0.00209934 -0.0020926 -0.00207581 -0.00216182 -0.0019598 -0.00199829 -0.00198542 -0.00193871 -0.00195815 -0.00184704 -0.00192683 -0.00198767 -0.00198573 -0.00187465 -0.00186343 -0.00199776 -0.0020086 -0.00193998 -0.00183444 -0.00184084 -0.00183282 -0.00174757 -0.00177856 -0.0017312 -0.00184325 -0.00174816 -0.00175585 -0.00186738 -0.00182337 -0.0017953 -0.00177992 -0.00183438 -0.00188075 -0.00184236 -0.00177426 -0.00168466 -0.00177306 -0.00181054 -0.0017907 -0.00174108 -0.00181459 -0.00187106 -0.0017922 -0.00170704 -0.00180854 -0.00177546 -0.00174112 -0.00173807 -0.00169534 -0.00166292 -0.00182082 -0.00187317 -0.00179996 -0.00190877 -0.00180082 -0.00174618 -0.00178811 -0.00175491 -0.00179609 -0.00173585 -0.00173243 -0.00169704 -0.00183059 -0.0018269 -0.00180002 -0.00182944 -0.00177407 -0.00187981 -0.00187458 -0.0018425 -0.00182265 -0.00184003 -0.00170438 
-0.00192581 -0.00189161 -0.00191637 -0.00194885 -0.00200453 -0.00204516 -0.00200983 -0.00189197 -0.00189574 -0.00174094 -0.00150085 0.00240154 0.00257005 0.00293356 0.00294668 0.0029713 0.146479 0.00318198 0.00305367 0.00302307 0.0026279 0.00270655 -0.00169674 -0.00185296 -0.00202963 -0.00207832 -0.00214807 -0.00220449 -0.00220724 -0.00220756 -0.0021183 -0.00209379 -0.00224667 -0.00214177 -0.002004 -0.0020618 -0.00202464 -0.00196925 -0.00212338 -0.00201246 -0.0019822 -0.00210299 -0.00201246 -0.00206898 -0.0020756 -0.00208185 -0.00194599 -0.00191388 -0.00192026 -0.00201206 -0.00194604 -0.00196104 -0.0019083 -0.00195124 -0.00192713 -0.00209703 -0.00180296 -0.0019669 -0.00199397 -0.00202714 -0.00191093 -0.00194995 -0.00181562 -0.00179336 -0.00187095 -0.00204167 -0.00190352 -0.00193303 -0.0020001 -0.00199559 -0.00190215 -0.00191383 -0.00190814 -0.0018881 -0.00185679 -0.00185469 -0.00183087 -0.00200266 -0.00202056 -0.00208045 -0.00192793 -0.00203554 -0.00196373 -0.00198208 -0.00195923 -0.00192265 -0.00196523 -0.0018293 -0.00181785 -0.00201212 -0.00195568 -0.00196232 -0.00201947 -0.00185363 -0.00199157 -0.00195777 -0.00195051 -0.00188351 -0.00199494 -0.00174666 
-0.00192236 -0.00188735 -0.00190838 -0.00190946 -0.00201851 -0.00186271 -0.00201993 -0.00201075 -0.00198127 -0.00184205 -0.00179521 -0.00165453 -0.00152071 0.00245775 0.00268169 0.00265907 0.00318198 0.144646 0.00316485 0.00314744 0.00277473 0.00294599 0.00274766 -0.00168211 -0.00173323 -0.00186374 -0.00205404 -0.00212956 -0.00207405 -0.00208532 -0.00216767 -0.00208478 -0.00213781 -0.0020976 -0.00196926 -0.00207027 -0.00196528 -0.00199032 -0.00208785 -0.0019718 -0.00188206 -0.00201668 -0.00197695 -0.0019632 -0.00193597 -0.00194312 -0.00187435 -0.00193253 -0.00190874 -0.00180436 -0.00189872 -0.00191718 -0.00182166 -0.00179907 -0.00195455 -0.00187173 -0.00196067 -0.00190437 -0.00193238 -0.00196091 -0.00183035 -0.00183552 -0.0018567 -0.00177182 -0.00185176 -0.00181005 -0.00195379 -0.00183304 -0.00181077 -0.00188231 -0.00183374 -0.00184001 -0.00183198 -0.00180043 -0.00174401 -0.00180735 -0.00172282 -0.0019051 -0.00177919 -0.00171968 -0.00190744 -0.00185865 -0.00185381 -0.00192552 -0.00185321 -0.00192382 -0.00186017 -0.00181956 -0.00178773 -0.00190737 -0.00188937 -0.00195529 -0.00186852 -0.00177641 -0.00183667 -0.0017608 -0.00182967 -0.00184472 -0.00193426 -0.00183619 
-0.00182463 -0.00189047 -0.00192979 -0.00194808 -0.00191152 -0.00213655 -0.00200839 -0.00204711 -0.00197291 -0.00197228 -0.00173368 -0.0016237 -0.00157835 0.00251751 0.0026346 0.00265982 0.00305367 0.00316485 0.145702 0.00311149 0.00297137 0.00277983 0.00270963 -0.00154449 -0.00190207 -0.00190238 -0.00202163 -0.00217022 -0.00226562 -0.00206673 -0.00224421 -0.00213929 -0.00203739 -0.00205159 -0.00206037 -0.00205015 -0.0020285 -0.00199401 -0.00199337 -0.00198248 -0.00184968 -0.00204206 -0.00194418 -0.00199034 -0.00195538 -0.00198267 -0.00183676 -0.00184205 -0.00195387 -0.00187428 -0.00187303 -0.00192766 -0.00192954 -0.0018789 -0.00192521 -0.00193372 -0.00195035 -0.00187063 -0.00186447 -0.00179439 -0.00190768 -0.00181463 -0.00181312 -0.00176599 -0.00180882 -0.00182292 -0.00193645 -0.00185288 -0.00189851 -0.00189163 -0.00194079 -0.00195241 -0.00182562 -0.00183225 -0.00180208 -0.00174868 -0.00173366 -0.00182905 -0.00193456 -0.00176296 -0.00189734 -0.00189612 -0.00193239 -0.00190301 -0.00194214 -0.00180543 -0.00185007 -0.0016789 -0.0017921 -0.00191514 -0.00189275 -0.00190194 -0.00189304 -0.0018129 -0.00190144 -0.00185965 -0.00180188 -0.00189585 -0.00189675 -0.00171061 
-0.00196424 -0.00201271 -0.00202092 -0.00198192 -0.00212727 -0.00225441 -0.00216611 -0.00215665 -0.00225316 -0.00205815 -0.00199491 -0.00187794 -0.00174345 -0.00164668 0.00250617 0.00265408 0.00302307 0.00314744 0.00311149 0.149528 0.0031585 0.0032893 0.00301016 0.00253293 0.00249935 -0.00171662 -0.00194313 -0.00192188 -0.0021418 -0.00210055 -0.00216848 -0.00215925 -0.00219266 -0.0022402 -0.00210973 -0.00211664 -0.00209435 -0.00210368 -0.00205669 -0.00206254 -0.00193427 -0.00203644 -0.00204277 -0.00217272 -0.0020323 -0.00206712 -0.0020025 -0.00201904 -0.00196147 -0.00202946 -0.00187508 -0.00202364 -0.0020858 -0.00193931 -0.00202563 -0.0020276 -0.00199209 -0.00202946 -0.00205916 -0.0020124 -0.00200437 -0.00205105 -0.00185483 -0.00189971 -0.00193999 -0.00206982 -0.00196437 -0.00192601 -0.00191971 -0.00194851 -0.00197909 -0.0020675 -0.00196644 -0.00205118 -0.00181483 -0.00193416 -0.00193672 -0.00202237 -0.00186008 -0.00197079 -0.00209343 -0.002013 -0.00201738 -0.00187469 -0.00199606 -0.00204139 -0.00193034 -0.00187511 -0.00191166 -0.00202106 -0.00201939 -0.00195612 -0.00207153 -0.00194302 -0.00203213 -0.00190867 -0.00199431 -0.00197716 -0.00198722 -0.00186076 
-0.00195517 -0.00199116 -0.00194466 -0.00192507 -0.0020061 -0.00202112 -0.00214219 -0.0022035 -0.00217101 -0.00210938 -0.00211496 -0.00212764 -0.00198798 -0.0018705 -0.00175665 -0.00169593 0.0026279 0.00277473 0.00297137 0.0031585 0.14669 0.0033413 0.00322004 0.00284816 0.00281579 0.00259199 -0.00170954 -0.00179727 -0.00189651 -0.00179654 -0.00204474 -0.00210732 -0.00200731 -0.00202032 -0.00199117 -0.00202944 -0.00210132 -0.00206062 -0.0019751 -0.0020322 -0.00201781 -0.00202574 -0.0020653 -0.00203152 -0.00193175 -0.00195476 -0.00194164 -0.00193589 -0.00186453 -0.0019748 -0.00193295 -0.00190547 -0.00187929 -0.00182444 -0.0018886 -0.00190487 -0.00192195 -0.00189261 -0.00189 -0.00188304 -0.00193991 -0.00179541 -0.00178408 -0.00189337 -0.00190891 -0.00191399 -0.00191041 -0.00192238 -0.00190652 -0.00189895 -0.00186525 -0.00189393 -0.00186265 -0.00189221 -0.00182278 -0.00179923 -0.00188182 -0.00184072 -0.00187445 -0.00190278 -0.00189895 -0.00195945 -0.00194738 -0.00186074 -0.0018762 -0.00195064 -0.00187205 -0.0017443 -0.00187829 -0.00181523 -0.00182112 -0.00172743 -0.0018582 -0.00190239 -0.00187086 -0.00183262 -0.00190412 -0.00191626 -0.00181552 -0.00181917 
-0.00189586 -0.00187462 -0.00192586 -0.00191344 -0.00185963 -0.00219395 -0.00197631 -0.00206357 -0.00223434 -0.00204359 -0.00213168 -0.00212895 -0.00206088 -0.00194193 -0.00160629 -0.00169759 0.00270655 0.00294599 0.00277983 0.0032893 0.0033413 0.146415 0.00321723 0.00288908 0.00270463 0.00265046 -0.00165604 -0.00163785 -0.00185283 -0.00185932 -0.00197484 -0.00220727 -0.00206344 -0.00215736 -0.00196979 -0.0020113 -0.00210457 -0.00201865 -0.0020219 -0.00206236 -0.00201541 -0.00198644 -0.00207367 -0.00201366 -0.0020073 -0.00204398 -0.00198333 -0.00186277 -0.00188589 -0.00195502 -0.00186772 -0.00192617 -0.00190476 -0.00181705 -0.00185549 -0.00189493 -0.0018722 -0.00191009 -0.00183667 -0.00198307 -0.00193779 -0.00192038 -0.00176486 -0.00185229 -0.0018951 -0.00185964 -0.00187507 -0.00193 -0.00194285 -0.00189901 -0.00188153 -0.0018909 -0.00180791 -0.00185535 -0.00172991 -0.00174316 -0.00184409 -0.00183835 -0.00189672 -0.00189291 -0.00202641 -0.00192833 -0.00196515 -0.00193197 -0.00184408 -0.00185548 -0.00184586 -0.00181523 -0.00176445 -0.00175848 -0.0020118 -0.00190305 -0.00194255 -0.00188969 -0.0018909 -0.00184075 -0.00195897 -0.00191116 -0.00195131 -0.00180447 
-0.00186217 -0.00200964 -0.00185711 -0.0018609 -0.00194715 -0.00201028 -0.00203168 -0.00206459 -0.00212066 -0.00200367 -0.00211281 -0.00215106 -0.00214988 -0.00196395 -0.00183454 -0.00175708 -0.00169674 0.00274766 0.00270963 0.00301016 0.00322004 0.00321723 0.145629 0.00296767 0.00288766 0.00278494 0.00241137 -0.00152343 -0.00169283 -0.00171174 -0.00188721 -0.00199858 -0.00208684 -0.00208494 -0.00197235 -0.00200798 -0.0020884 -0.00200986 -0.00194804 -0.00202913 -0.00192679 -0.00201347 -0.00211473 -0.00194997 -0.00203828 -0.00199407 -0.0018808 -0.00194077 -0.00181297 -0.00182375 -0.00196776 -0.00184383 -0.00186396 -0.0019193 -0.00195887 -0.00180444 -0.00189915 -0.00185171 -0.00190829 -0.00188896 -0.00196006 -0.00188431 -0.00185946 -0.00178667 -0.00184015 -0.00183786 -0.00185204 -0.00187735 -0.00181735 -0.00193918 -0.001934 -0.00192625 -0.00186359 -0.0018708 -0.00172735 -0.00182897 -0.00188298 -0.00182613 -0.00180697 -0.00197452 -0.00191699 -0.00191769 -0.00189959 -0.00184238 -0.00185125 -0.00190169 -0.00184141 -0.00180827 -0.00179564 -0.00181493 -0.00198309 -0.00181736 -0.00193721 -0.00187414 -0.00192312 -0.00178955 -0.00187946 -0.00183773 -0.00189497 -0.00188622 
-0.00178739 -0.00176102 -0.0016771 -0.00180811 -0.00180154 -0.00191725 -0.00189337 -0.00191652 -0.00191998 -0.00194224 -0.00213469 -0.00207989 -0.00195649 -0.00214374 -0.00184677 -0.00200471 -0.00185296 -0.00168211 -0.00154449 0.00253293 0.00284816 0.00288908 0.00296767 0.141196 0.00306167 0.00297167 0.0024746 0.00246126 -0.00161336 -0.00143734 -0.00163011 -0.00172469 -0.00182997 -0.00187807 -0.00175812 -0.00183695 -0.00189275 -0.00191856 -0.00189223 -0.00198841 -0.00182247 -0.0018854 -0.00189237 -0.00191871 -0.00194451 -0.00188681 -0.00180949 -0.00167519 -0.00176425 -0.00184531 -0.00175662 -0.00176073 -0.00174489 -0.00174859 -0.00181725 -0.00179546 -0.00173454 -0.0018081 -0.00169391 -0.00177744 -0.00180802 -0.00180394 -0.00171034 -0.00163043 -0.00172428 -0.00174848 -0.00175589 -0.00174959 -0.00180372 -0.00178038 -0.00182157 -0.00182923 -0.00187256 -0.00172854 -0.00167766 -0.00172187 -0.00173213 -0.001691 -0.00181146 -0.00180496 -0.00183136 -0.00175026 -0.00171542 -0.00174683 -0.00179531 -0.00170666 -0.00174583 -0.00166035 -0.00165859 -0.00172107 -0.00179963 -0.00171984 -0.00172836 -0.00180039 -0.00174973 -0.00186512 -0.00175907 -0.00178508 -0.00177828 -0.00172691 
-0.00196789 -0.00204012 -0.00189609 -0.00194041 -0.00197302 -0.0019908 -0.00207657 -0.00212629 -0.00208356 -0.0022019 -0.00215896 -0.00227704 -0.0022072 -0.00240997 -0.00221473 -0.00220794 -0.00202963 -0.00173323 -0.00190207 0.00249935 0.00281579 0.00270463 0.00288766 0.00306167 0.146136 0.00307417 0.00274078 0.00264678 0.00247177 0.00236299 -0.00155875 -0.00165717 -0.00170863 -0.00193733 -0.00200806 -0.00195817 -0.00200297 -0.00202817 -0.00202139 -0.00202579 -0.00193172 -0.0019435 -0.00201383 -0.00201214 -0.00193861 -0.00206909 -0.00192592 -0.00193062 -0.00198249 -0.00192197 -0.0018868 -0.00186477 -0.00193515 -0.00196585 -0.00194337 -0.00197131 -0.00196462 -0.00197825 -0.00203779 -0.00187469 -0.00191269 -0.00192212 -0.0018007 -0.00179368 -0.00182682 -0.00189134 -0.00194677 -0.00193402 -0.00205245 -0.00185349 -0.00185409 -0.00191054 -0.00190404 -0.0019348 -0.00194096 -0.00173696 -0.00178712 -0.00196125 -0.00194955 -0.00193363 -0.00196624 -0.00184598 -0.00194199 -0.00196449 -0.00191313 -0.00189823 -0.00189894 -0.00188847 -0.00180549 -0.00191881 -0.00190127 -0.00181929 -0.00184941 -0.00199252 -0.0018827 -0.00190424 -0.00198755 -0.0018983 -0.00192946 -0.00191144 
-0.00180455 -0.0019191 -0.00190638 -0.00186502 -0.00197767 -0.00208426 -0.00218967 -0.00216642 -0.00216102 -0.00210424 -0.00227871 -0.00224088 -0.00227592 -0.00235895 -0.00225288 -0.00222189 -0.00207832 -0.00186374 -0.00190238 -0.00171662 0.00259199 0.00265046 0.00278494 0.00297167 0.00307417 0.144136 0.00285307 0.00278888 0.00248917 0.00250399 0.00233935 -0.00155591 -0.00169787 -0.00167092 -0.00190272 -0.00187146 -0.00202807 -0.00206663 -0.00186926 -0.00198907 -0.00195622 -0.00193486 -0.00196564 -0.00197201 -0.00199752 -0.00186168 -0.0019089 -0.00186764 -0.00196799 -0.00198761 -0.00194347 -0.00198849 -0.00191218 -0.00187713 -0.00183137 -0.00189769 -0.00182043 -0.00188192 -0.00189756 -0.00192847 -0.00176718 -0.00188485 -0.00176821 -0.00185156 -0.00184218 -0.00183391 -0.00187308 -0.00184692 -0.00186102 -0.00181014 -0.00194666 -0.00178595 -0.00183178 -0.00182616 -0.00177916 -0.00181916 -0.00188673 -0.0018326 -0.00195158 -0.0018669 -0.00185042 -0.00189047 -0.00188878 -0.00191666 -0.00184078 -0.00179028 -0.00191711 -0.00180628 -0.0018203 -0.00189608 -0.00189726 -0.00198052 -0.00190055 -0.00192642 -0.00188888 -0.00194657 -0.00198651 -0.00196009 -0.00201662 -0.00177772 
-0.00177488 -0.00179852 -0.0018214 -0.00183352 -0.00186601 -0.00189482 -0.00195883 -0.00195868 -0.00200247 -0.00192381 -0.00207368 -0.00213169 -0.00210064 -0.00218101 -0.00201419 -0.00203389 -0.00214807 -0.00205404 -0.00202163 -0.00194313 -0.00170954 -0.00165604 0.00241137 0.0024746 0.00274078 0.00285307 0.13886 0.00283337 0.00263716 0.0026984 0.00244051 0.00224813 -0.00142343 -0.001538 -0.0015658 -0.00157359 -0.00175125 -0.00191549 -0.00186298 -0.00190524 -0.00173091 -0.00182971 -0.00188813 -0.00192876 -0.00182334 -0.00183558 -0.00185849 -0.00173236 -0.0017848 -0.00178911 -0.001796 -0.00176719 -0.00176919 -0.00167175 -0.00167475 -0.00182739 -0.00171043 -0.00182221 -0.0018093 -0.00179152 -0.00171093 -0.00172805 -0.00176975 -0.0017364 -0.00165381 -0.00175746 -0.00175412 -0.00180348 -0.0017635 -0.00181126 -0.00183869 -0.00176175 -0.00178509 -0.00176614 -0.00168008 -0.00166485 -0.0016924 -0.00168098 -0.0017378 -0.00171367 -0.00175881 -0.00176978 -0.00186074 -0.0016881 -0.0016774 -0.00175795 -0.00173241 -0.00173424 -0.00164739 -0.0017598 -0.0017914 -0.00182078 -0.00172333 -0.00182874 -0.00174595 -0.00174371 -0.00182561 -0.00172565 -0.00180722 -0.00171086 
-0.00178079 -0.0017554 -0.00183171 -0.00182211 -0.00174114 -0.00179929 -0.00202621 -0.00203736 -0.00200346 -0.00198327 -0.00196747 -0.00198289 -0.00203837 -0.00212838 -0.00212541 -0.00209934 -0.00220449 -0.00212956 -0.00217022 -0.00192188 -0.00179727 -0.00163785 -0.00152343 0.00246126 0.00264678 0.00278888 0.00283337 0.137124 0.0027308 0.00257529 0.00255201 0.00242923 0.00228354 -0.00138263 -0.00148387 -0.00149803 -0.00160968 -0.00176265 -0.00179891 -0.00178542 -0.00175426 -0.00178158 -0.00183526 -0.00179349 -0.00178464 -0.00181333 -0.001719 -0.0017359 -0.00177255 -0.00180812 -0.00176562 -0.00173392 -0.00166321 -0.00172141 -0.00173318 -0.00173176 -0.00176544 -0.00179348 -0.00177064 -0.00165971 -0.00175278 -0.00174723 -0.00165769 -0.00174014 -0.00172251 -0.00172982 -0.00170978 -0.00178656 -0.00171851 -0.00171769 -0.00178582 -0.00177855 -0.00179936 -0.00174869 -0.0016674 -0.00168229 -0.00159775 -0.00173366 -0.00169833 -0.00179098 -0.00175137 -0.00184788 -0.00175874 -0.00182802 -0.0017377 -0.00179119 -0.00173023 -0.00165979 -0.00167391 -0.00169091 -0.0017146 -0.00176521 -0.00166949 -0.00175689 -0.00182296 -0.00182057 -0.00174589 -0.00170188 -0.00179382 -0.00163385 
-0.00178132 -0.00174741 -0.00180483 -0.00171332 -0.00171464 -0.0018806 -0.00193815 -0.00183207 -0.00196514 -0.00186493 -0.00194464 -0.00205433 -0.00187235 -0.00213371 -0.00201771 -0.0020926 -0.00220724 -0.00207405 -0.00226562 -0.0021418 -0.00189651 -0.00185283 -0.00169283 -0.00161336 0.00247177 0.00248917 0.00263716 0.0027308 0.135198 0.00274282 0.00266678 0.00246249 0.00241076 0.00224019 -0.0013379 -0.00128132 -0.00163026 -0.00163332 -0.00168196 -0.00175562 -0.00178885 -0.00167181 -0.00176305 -0.00180797 -0.00174835 -0.00177714 -0.001719 -0.00177276 -0.00173138 -0.00171283 -0.00163748 -0.00162768 -0.00171449 -0.00162052 -0.00166342 -0.00168245 -0.00172384 -0.00173037 -0.00175895 -0.0017963 -0.00169891 -0.00170366 -0.00152734 -0.00160185 -0.00164946 -0.00166675 -0.00174024 -0.00173184 -0.00172629 -0.00172411 -0.0017247 -0.00184718 -0.00175478 -0.00171101 -0.00156793 -0.00172095 -0.0016494 -0.00167795 -0.00170698 -0.00169936 -0.00174821 -0.0017112 -0.00170642 -0.00185037 -0.00167656 -0.00174929 -0.00174821 -0.001658 -0.00164565 -0.00172479 -0.00164577 -0.00169026 -0.00175728 -0.00172347 -0.00174195 -0.00178179 -0.0017828 -0.00170541 -0.00168994 -0.00161084 
-0.00174834 -0.00164236 -0.00171374 -0.00170682 -0.00180282 -0.00187811 -0.00189646 -0.00184219 -0.00189913 -0.00184175 -0.00199214 -0.00202192 -0.00202117 -0.00208637 -0.00194646 -0.00207581 -0.00220756 -0.00208532 -0.00206673 -0.00210055 -0.00179654 -0.00185932 -0.00171174 -0.00143734 0.00236299 0.00250399 0.0026984 0.00257529 0.00274282 0.133715 0.00263261 0.00239925 0.00238015 0.00220341 -0.00132734 -0.00131066 -0.00151989 -0.00166702 -0.00175478 -0.0018219 -0.00171461 -0.00176093 -0.00182044 -0.00180673 -0.00190141 -0.00178084 -0.00170284 -0.0016432 -0.00166977 -0.0017427 -0.00166231 -0.0016156 -0.00168627 -0.00184911 -0.00163075 -0.00167307 -0.00165293 -0.00178284 -0.00173204 -0.00160901 -0.00172874 -0.00168341 -0.0016442 -0.00161163 -0.00165908 -0.00160721 -0.00178766 -0.00174371 -0.00177366 -0.00168066 -0.00165433 -0.00171092 -0.00165167 -0.00171505 -0.00161573 -0.00163459 -0.00162556 -0.00168894 -0.00170299 -0.00169894 -0.00171359 -0.00164833 -0.00173881 -0.00167969 -0.0016758 -0.00168746 -0.0017141 -0.00155389 -0.00159863 -0.00164024 -0.00166018 -0.00163173 -0.0016766 -0.00168495 -0.00169075 -0.0016903 -0.00165509 -0.00167385 -0.00171158 -0.00164967 
-0.00170793 -0.001844 -0.00175412 -0.00179198 -0.00175725 -0.00188877 -0.00194152 -0.0019094 -0.00206646 -0.001934 -0.00202957 -0.00207086 -0.0019411 -0.00220581 -0.00203646 -0.00216182 -0.0021183 -0.00216767 -0.00224421 -0.00216848 -0.00204474 -0.00197484 -0.00188721 -0.00163011 -0.00155875 0.00233935 0.00244051 0.00255201 0.00266678 0.00263261 0.134528 0.00264431 0.00242581 0.00231511 0.00220445 0.00226081 -0.00132671 -0.00143188 -0.00150492 -0.00157023 -0.0018074 -0.00167914 -0.00182604 -0.00178923 -0.00187793 -0.00172344 -0.00175138 -0.00172824 -0.00178178 -0.00169819 -0.00171906 -0.00176172 -0.00179769 -0.00170682 -0.00170402 -0.00176027 -0.00179083 -0.0017206 -0.00178858 -0.00173916 -0.00168732 -0.0017253 -0.00167879 -0.0016309 -0.0017826 -0.00174988 -0.00178505 -0.0017197 -0.00178933 -0.00176453 -0.00177507 -0.00169771 -0.00177718 -0.00173198 -0.0015934 -0.00165574 -0.00168439 -0.00174921 -0.00179837 -0.00171837 -0.00171807 -0.00171428 -0.0017314 -0.00171851 -0.00178055 -0.00163734 -0.00179428 -0.00166329 -0.00167461 -0.00181437 -0.0018025 -0.00175548 -0.00173919 -0.00176003 -0.00170425 -0.00167647 -0.00173538 -0.00179168 -0.00181425 -0.00166867 
-0.00168388 -0.00178687 -0.00175836 -0.00173853 -0.00179704 -0.00178129 -0.00181655 -0.00179412 -0.0018507 -0.00193625 -0.00200151 -0.00207414 -0.00198529 -0.00212922 -0.00191355 -0.0019598 -0.00209379 -0.00208478 -0.00213929 -0.00215925 -0.00210732 -0.00220727 -0.00199858 -0.00172469 -0.00165717 -0.00155591 0.00224813 0.00242923 0.00246249 0.00239925 0.00264431 0.133156 0.00267219 0.00245352 0.00223404 0.00229944 0.00215151 -0.00132021 -0.00145617 -0.00146444 -0.00166539 -0.00167172 -0.00186933 -0.00181101 -0.001941 -0.00187626 -0.00176699 -0.00171636 -0.00177599 -0.00168885 -0.00172913 -0.00171449 -0.00171956 -0.00172828 -0.00167892 -0.00172183 -0.00172627 -0.00171504 -0.00167863 -0.00167173 -0.00176487 -0.00169532 -0.0015859 -0.00161675 -0.00177 -0.00174653 -0.00166052 -0.00174346 -0.00172364 -0.00175173 -0.0017113 -0.0016718 -0.00176378 -0.00171893 -0.00161764 -0.00159295 -0.00160293 -0.0016845 -0.00172159 -0.00161408 -0.00167418 -0.00170751 -0.00174845 -0.00173995 -0.00176962 -0.00170114 -0.00173051 -0.0016524 -0.00166207 -0.00182013 -0.00168138 -0.00172716 -0.00173115 -0.00178053 -0.00181039 -0.00173108 -0.00177592 -0.00176488 -0.00171435 -0.00162608 
-0.0017175 -0.00170685 -0.00183257 -0.0017244 -0.00173499 -0.00182871 -0.0019028 -0.00200913 -0.00197542 -0.00179484 -0.00202122 -0.00205823 -0.00198159 -0.0020933 -0.00198609 -0.00199829 -0.00224667 -0.00213781 -0.00203739 -0.00219266 -0.00200731 -0.00206344 -0.00208684 -0.00182997 -0.00170863 -0.00169787 -0.00142343 0.00228354 0.00241076 0.00238015 0.00242581 0.00267219 0.131825 0.00250921 0.0022753 0.00222891 0.00219168 0.00199218 -0.00132288 -0.00140683 -0.00158758 -0.0014339 -0.00172898 -0.00176284 -0.00172429 -0.00185772 -0.00170631 -0.00170863 -0.0016973 -0.00169852 -0.00171706 -0.0016796 -0.00169176 -0.00167534 -0.00163177 -0.00161473 -0.00163933 -0.00175843 -0.0017358 -0.00177778 -0.00175039 -0.00172677 -0.00158784 -0.00153433 -0.00171521 -0.00167568 -0.00176272 -0.00160437 -0.00177419 -0.00167207 -0.00167272 -0.00162433 -0.00160856 -0.00168734 -0.00166624 -0.0016453 -0.00159481 -0.00163416 -0.00181399 -0.00167516 -0.00164938 -0.00167049 -0.00164707 -0.00168613 -0.00181548 -0.00174768 -0.00160503 -0.00165963 -0.00165083 -0.00159669 -0.00165625 -0.00161974 -0.00165976 -0.00178073 -0.00162478 -0.00172752 -0.00169595 -0.0016865 -0.00160966 -0.00162358 
