0.122925 0.00220046 0.00223944 0.00199624 0.00199654 0.00199897 -0.00115627 -0.00124522 -0.00133101 -0.00143206 -0.00164478 -0.00175265 -0.00168705 -0.00186843 -0.00183175 -0.00189475 -0.00189286 -0.00186191 -0.00188314 -0.00198078 -0.00195081 -0.00192547 -0.00192203 -0.00178674 -0.00206145 -0.00185448 -0.00183018 -0.00179971 -0.0017345 -0.0016695 -0.00175208 -0.00174493 -0.00173489 -0.00174647 -0.0015257 -0.00148502 -0.00168492 -0.00157331 -0.00164264 -0.0016529 -0.00156259 -0.00153416 -0.00155606 -0.00155394 -0.00155771 -0.00162015 -0.00160238 -0.00153997 -0.00146206 -0.00148479 -0.00142004 -0.00157791 -0.00147984 -0.00142759 -0.00151965 -0.00149223 -0.00157745 -0.00149394 -0.00151036 -0.00157506 -0.00153644 -0.00134962 -0.00147173 -0.00138644 -0.00139363 -0.00147421 -0.00154157 -0.00151406 -0.00156805 -0.00146183 -0.00150451 -0.00148948 -0.00162403 -0.00150637 -0.0014495 -0.00139169 -0.00130687 -0.00150885 -0.00156278 -0.00146647 -0.00153992 -0.00141741 -0.00150719 -0.00144903 -0.00154611 -0.00157596 -0.00158023 -0.00142471 -0.00140522 -0.0014944 -0.00154349 -0.00141568 -0.00132127 -0.0012414 -0.00121255 -0.00113219 0.00187084 0.00200401 0.00204317 0.00212889 
0.00220046 0.123312 0.00223528 0.00204944 0.00202562 0.00210431 0.00198239 -0.00119573 -0.00131068 -0.00128907 -0.00151997 -0.00171958 -0.00168552 -0.00183536 -0.00180181 -0.0018672 -0.00194947 -0.00193913 -0.00188471 -0.00196347 -0.00191409 -0.00198402 -0.00194487 -0.00180394 -0.00189527 -0.00194382 -0.00188794 -0.0017912 -0.00176547 -0.00176502 -0.00182165 -0.00168859 -0.0017351 -0.00172492 -0.0016726 -0.00160615 -0.00160772 -0.0016774 -0.00167463 -0.00166242 -0.0015025 -0.00161025 -0.00160168 -0.00161285 -0.00155381 -0.00165471 -0.00154498 -0.00150676 -0.00144016 -0.00147625 -0.00144324 -0.00141294 -0.00154787 -0.00152858 -0.00142549 -0.00147639 -0.00151287 -0.00146278 -0.00154028 -0.0015066 -0.00152 -0.00150844 -0.00132978 -0.00152976 -0.00150659 -0.0014753 -0.00148306 -0.00149137 -0.00151053 -0.00149588 -0.00141823 -0.00152136 -0.00155806 -0.00148486 -0.00139912 -0.00154873 -0.00148473 -0.00149517 -0.00150896 -0.00152871 -0.00149991 -0.001587 -0.00146687 -0.00148499 -0.0015768 -0.00162218 -0.00151959 -0.00142395 -0.00145045 -0.0014583 -0.00151899 -0.00140715 -0.00136087 -0.00125367 -0.0012537 -0.00111074 -0.00118979 0.00190143 0.00200093 0.00206088 
0.00223944 0.00223528 0.123958 0.00225838 0.00221689 0.00216235 0.00217521 0.00213623 -0.00121467 -0.00133222 -0.00148581 -0.0015604 -0.0016077 -0.00175813 -0.00183484 -0.00178206 -0.00191193 -0.0018441 -0.0019342 -0.00203606 -0.00190381 -0.00194397 -0.00193616 -0.00185161 -0.00190897 -0.00191498 -0.00187403 -0.00174115 -0.00186911 -0.00168301 -0.00170102 -0.0017969 -0.00177762 -0.00164334 -0.00166181 -0.00161397 -0.00168233 -0.00165294 -0.00161302 -0.00163518 -0.00158341 -0.00148999 -0.00161532 -0.00160112 -0.00174617 -0.00165271 -0.00148903 -0.0015159 -0.00159846 -0.00153451 -0.001482 -0.00148114 -0.00154185 -0.00153257 -0.00151299 -0.00151157 -0.00142888 -0.00154917 -0.0015055 -0.00141673 -0.00155151 -0.00153312 -0.00148713 -0.00142062 -0.00154948 -0.00147438 -0.00161975 -0.00155588 -0.00155741 -0.00150805 -0.0015472 -0.00157026 -0.00159843 -0.00153002 -0.00149871 -0.00144556 -0.00151077 -0.00157839 -0.00155175 -0.0014879 -0.00149619 -0.00153425 -0.00144771 -0.00154701 -0.00151964 -0.00151519 -0.00150279 -0.00151764 -0.0014706 -0.00154876 -0.00146515 -0.00143118 -0.00154298 -0.00141119 -0.00146933 -0.00130897 -0.00124545 -0.00117324 0.00184975 0.00198847 
0.00199624 0.00204944 0.00225838 0.124292 0.00229113 0.00233934 0.00229314 0.00209722 0.0020078 -0.00112906 -0.00137631 -0.00141372 -0.00150435 -0.0016419 -0.00178109 -0.00177977 -0.00187339 -0.0018701 -0.00198595 -0.00201083 -0.00197104 -0.00193164 -0.00195051 -0.00179005 -0.00196742 -0.00190419 -0.001777 -0.00186781 -0.00175136 -0.00169509 -0.00177926 -0.00171875 -0.0017412 -0.00178282 -0.00161878 -0.00159453 -0.00165301 -0.00159635 -0.00169714 -0.00161495 -0.00162253 -0.00154498 -0.00159384 -0.00158099 -0.00165939 -0.0017428 -0.00154371 -0.00154572 -0.00153686 -0.00158892 -0.00155484 -0.00147118 -0.00157006 -0.00154731 -0.00146686 -0.00145568 -0.00152653 -0.00153556 -0.00154843 -0.00154867 -0.00157275 -0.00149423 -0.0014186 -0.00148255 -0.0015644 -0.00159252 -0.00151346 -0.00150763 -0.00154521 -0.00155475 -0.00147371 -0.00156014 -0.00157075 -0.00157083 -0.00147143 -0.00146644 -0.00148463 -0.00154528 -0.00154383 -0.00148091 -0.00150617 -0.0015527 -0.00155905 -0.00154051 -0.00153713 -0.0015024 -0.00158113 -0.00144538 -0.0014121 -0.00150992 -0.00146226 -0.00146512 -0.00152542 -0.00151512 -0.00155997 -0.00144648 -0.00143304 -0.00138608 -0.0012212 0.00190428 
0.00199654 0.00202562 0.00221689 0.00229113 0.124895 0.00246175 0.00230598 0.00215529 0.00213518 0.00205954 -0.00127654 -0.00140475 -0.00145601 -0.00165587 -0.00182208 -0.00171377 -0.00197925 -0.00194215 -0.00190667 -0.00201883 -0.00193089 -0.0019521 -0.00188375 -0.00187769 -0.0020306 -0.00185114 -0.00185384 -0.00176089 -0.00175074 -0.00184722 -0.00175302 -0.00176032 -0.00178332 -0.00170398 -0.00159172 -0.00162419 -0.00165316 -0.0017174 -0.00162363 -0.00166455 -0.0015663 -0.00151643 -0.00160366 -0.00167431 -0.00167417 -0.00161433 -0.0016158 -0.00157334 -0.00157738 -0.00159049 -0.00151761 -0.00153044 -0.00149239 -0.00151038 -0.00157402 -0.0015707 -0.00151103 -0.00157362 -0.00151394 -0.0015582 -0.00151153 -0.00147818 -0.00149165 -0.00153402 -0.0015087 -0.00152298 -0.00153737 -0.00157098 -0.00152013 -0.00154058 -0.001534 -0.00151833 -0.00161894 -0.00160423 -0.00141587 -0.00142897 -0.00138809 -0.00152799 -0.00149943 -0.00157252 -0.00159295 -0.00161497 -0.00156901 -0.0016351 -0.00163461 -0.00158497 -0.00166442 -0.00145799 -0.00149786 -0.00157388 -0.00152847 -0.00153187 -0.00151864 -0.00154109 -0.00153043 -0.00145997 -0.00149315 -0.00130791 -0.00122175 -0.00111077 
0.00199897 0.00210431 0.00216235 0.00233934 0.00246175 0.128186 0.00249619 0.00241111 0.00223237 0.0022359 0.0021535 -0.00135079 -0.00132384 -0.00168448 -0.00182124 -0.00185341 -0.00203109 -0.00200402 -0.00202081 -0.00208551 -0.00202792 -0.00205259 -0.00202678 -0.00190188 -0.00204618 -0.00206214 -0.00197582 -0.00192271 -0.00182248 -0.00179683 -0.00192739 -0.00191946 -0.00186068 -0.00193873 -0.00175549 -0.00175688 -0.00179483 -0.00174062 -0.00175361 -0.00177967 -0.00171799 -0.00162609 -0.00167782 -0.00167621 -0.00172306 -0.0016763 -0.00163915 -0.00158384 -0.00169871 -0.00164683 -0.00168955 -0.00163206 -0.00166624 -0.00151107 -0.00163412 -0.0015979 -0.0017209 -0.00163144 -0.00159079 -0.00151594 -0.00152964 -0.0016098 -0.0015636 -0.00153168 -0.0016662 -0.00160519 -0.00160957 -0.00160941 -0.00161673 -0.00170646 -0.00159602 -0.00169558 -0.00157571 -0.00163289 -0.00158198 -0.00166066 -0.00153646 -0.00160034 -0.00167875 -0.00161832 -0.00162013 -0.00170967 -0.00158073 -0.00169174 -0.00164032 -0.00158439 -0.0016724 -0.00162225 -0.00154007 -0.00168238 -0.00168755 -0.00163411 -0.00165252 -0.00158594 -0.00160115 -0.00160414 -0.00157802 -0.00140279 -0.0013471 -0.00122578 
-0.00115627 0.00198239 0.00217521 0.00229314 0.00230598 0.00249619 0.129116 0.00255159 0.00253075 0.00230842 0.00227402 0.00220811 -0.00129332 -0.001562 -0.00170107 -0.00180524 -0.00202579 -0.00198919 -0.00213195 -0.00213569 -0.00205059 -0.0021782 -0.00204659 -0.0019661 -0.00197117 -0.00213184 -0.0019084 -0.00187723 -0.00190289 -0.00185677 -0.00193676 -0.00190563 -0.00187877 -0.00187207 -0.00175627 -0.00170169 -0.00179366 -0.00187263 -0.00178541 -0.00178546 -0.00178573 -0.00166568 -0.00173743 -0.00183265 -0.00183963 -0.00166795 -0.00169267 -0.00165522 -0.00173737 -0.00163618 -0.00161949 -0.00164566 -0.00160695 -0.00168537 -0.0016683 -0.00167383 -0.00161326 -0.00168841 -0.00161088 -0.00161827 -0.00166918 -0.0016246 -0.00153229 -0.00152919 -0.00160519 -0.00164091 -0.00163066 -0.00164396 -0.00172257 -0.00165834 -0.0016282 -0.00161776 -0.0016844 -0.00161697 -0.00163878 -0.00165331 -0.00156941 -0.00157178 -0.00166988 -0.00159348 -0.00160269 -0.00170181 -0.00160958 -0.00169917 -0.00169339 -0.0017396 -0.0016823 -0.00161931 -0.00157235 -0.00162639 -0.0016689 -0.00157359 -0.0016683 -0.00164311 -0.00158141 -0.00153339 -0.00159535 -0.00153466 -0.00142492 -0.00131101 
-0.00124522 -0.00119573 0.00213623 0.00209722 0.00215529 0.00241111 0.00255159 0.130125 0.00255828 0.00244302 0.00236425 0.00226372 0.00225237 -0.00152954 -0.00163266 -0.00165554 -0.00192142 -0.00214422 -0.00211127 -0.00216043 -0.00210822 -0.00202167 -0.00212448 -0.00193711 -0.00217695 -0.00211569 -0.00200536 -0.0019197 -0.00182165 -0.00189592 -0.00203598 -0.00182094 -0.00198431 -0.00187591 -0.0017621 -0.00176021 -0.00181856 -0.00177228 -0.00182451 -0.0018 -0.00178716 -0.00168734 -0.00175754 -0.00172412 -0.00185176 -0.00175341 -0.00171709 -0.00168497 -0.0016738 -0.00158815 -0.00168 -0.00175822 -0.00163355 -0.00169208 -0.00168464 -0.00164693 -0.00166042 -0.00166096 -0.00172984 -0.0015888 -0.00164551 -0.00161747 -0.0015807 -0.0015461 -0.00162479 -0.00162751 -0.00164818 -0.00169087 -0.00161683 -0.00168348 -0.00166864 -0.0016492 -0.0016611 -0.00160532 -0.00153671 -0.00152394 -0.0014759 -0.00160323 -0.00158474 -0.00163002 -0.00164463 -0.00169496 -0.00170711 -0.00173217 -0.00167121 -0.0015915 -0.00162706 -0.00158499 -0.00157498 -0.00164247 -0.0017508 -0.00168621 -0.00177185 -0.00163307 -0.00170773 -0.001699 -0.00170584 -0.00155554 -0.00158197 -0.00143641 
-0.00133101 -0.00131068 -0.00121467 0.0020078 0.00213518 0.00223237 0.00253075 0.00255828 0.131662 0.00258194 0.0024754 0.00243376 0.00235331 0.00223756 -0.00150929 -0.00150179 -0.00177153 -0.00208098 -0.00195357 -0.00225302 -0.00210606 -0.00205554 -0.00207482 -0.00203354 -0.00216691 -0.00213919 -0.00191971 -0.0019674 -0.00191027 -0.00194907 -0.00196827 -0.00190645 -0.00192519 -0.00189107 -0.0017594 -0.00172718 -0.00185391 -0.00177053 -0.00181303 -0.00182877 -0.00184772 -0.00173793 -0.00184926 -0.00182635 -0.00190575 -0.00191944 -0.00175593 -0.00167897 -0.00168644 -0.00173941 -0.00174777 -0.00175415 -0.00165097 -0.00169263 -0.00169705 -0.00177748 -0.00171106 -0.00178443 -0.00172526 -0.0017097 -0.00174321 -0.00163548 -0.00160832 -0.00158801 -0.00165722 -0.00162119 -0.00161831 -0.00170045 -0.00165066 -0.00169553 -0.0017696 -0.00169286 -0.00173402 -0.00174097 -0.00158247 -0.00167522 -0.00154347 -0.00165159 -0.001628 -0.00167005 -0.00167527 -0.00169313 -0.0015561 -0.00163894 -0.00174627 -0.0017396 -0.00172203 -0.00165359 -0.00153225 -0.0016854 -0.00175474 -0.00169154 -0.00166791 -0.00165369 -0.00172032 -0.00160024 -0.00169642 -0.00167917 -0.00155731 -0.00144713 
-0.00143206 -0.00128907 -0.00133222 -0.00112906 0.00205954 0.0022359 0.00230842 0.00244302 0.00258194 0.130193 0.00254248 0.0025322 0.00231779 0.0023155 -0.00148366 -0.00151549 -0.00183315 -0.00186682 -0.00183497 -0.00214212 -0.00198596 -0.00198455 -0.00208707 -0.00198964 -0.00202759 -0.00199952 -0.00188985 -0.00188286 -0.00181224 -0.00185521 -0.0019522 -0.00183461 -0.00178623 -0.00178249 -0.00170862 -0.00173611 -0.00185427 -0.00172122 -0.00172461 -0.00179121 -0.00163003 -0.00164535 -0.00179051 -0.00173796 -0.00177303 -0.00162502 -0.00162906 -0.00164408 -0.00166226 -0.00171492 -0.00165731 -0.00170849 -0.00162986 -0.00161083 -0.00162416 -0.00170609 -0.00167904 -0.00155501 -0.00161412 -0.00159654 -0.00161402 -0.00154398 -0.00151284 -0.00161629 -0.00164979 -0.00148711 -0.00167219 -0.00163655 -0.00173568 -0.00173762 -0.00174776 -0.00169969 -0.00161763 -0.00170672 -0.00152242 -0.00158558 -0.00149197 -0.00166856 -0.00160345 -0.0016792 -0.00169535 -0.00169949 -0.00165515 -0.00159245 -0.00163639 -0.00168393 -0.00168985 -0.00159297 -0.00156855 -0.00163216 -0.00161533 -0.00169458 -0.00160609 -0.00156507 -0.00166383 -0.00158692 -0.00161009 -0.00159373 -0.00160425 -0.00151575 
-0.00164478 -0.00151997 -0.00148581 -0.00137631 -0.00127654 0.0021535 0.00227402 0.00236425 0.0024754 0.00254248 0.134659 0.00278859 0.00265193 0.00256034 0.00242374 0.00237782 -0.00167494 -0.00176378 -0.0018798 -0.00207891 -0.00221913 -0.00209166 -0.00216435 -0.00216821 -0.00225972 -0.00227126 -0.00203977 -0.00206987 -0.00188587 -0.00196713 -0.0021172 -0.00200582 -0.00196924 -0.00196087 -0.00186306 -0.00182761 -0.00196954 -0.0018231 -0.00179712 -0.00184922 -0.00182864 -0.00172616 -0.00183031 -0.00185876 -0.0018768 -0.00180562 -0.00170956 -0.00187924 -0.00159548 -0.0017246 -0.00164179 -0.00172076 -0.00172479 -0.00181902 -0.00165083 -0.0019018 -0.00179111 -0.00170396 -0.00179241 -0.00169303 -0.00178467 -0.0017286 -0.00160358 -0.00164119 -0.00165669 -0.00172653 -0.00175702 -0.00174966 -0.00182107 -0.00185938 -0.00176902 -0.00172275 -0.00180598 -0.0018009 -0.00166377 -0.00168662 -0.00165236 -0.00166703 -0.00171866 -0.00167724 -0.0017979 -0.00185364 -0.00179429 -0.00164114 -0.00185698 -0.00172618 -0.00173787 -0.00157304 -0.00171335 -0.00173944 -0.00174222 -0.00173731 -0.00168999 -0.00167853 -0.00171391 -0.00168079 -0.00176512 -0.0017663 -0.00165945 -0.00161597 
-0.00175265 -0.00171958 -0.0015604 -0.00141372 -0.00140475 -0.00135079 0.00220811 0.00226372 0.00243376 0.0025322 0.00278859 0.136677 0.00272059 0.00268795 0.00259492 0.00254287 0.00245952 -0.0017534 -0.00163225 -0.00188397 -0.00205248 -0.00207107 -0.0021572 -0.00205922 -0.00219125 -0.00226242 -0.00215973 -0.00206737 -0.00208518 -0.0019612 -0.00215293 -0.00197494 -0.0020091 -0.00195139 -0.00193792 -0.001938 -0.00189966 -0.00193151 -0.00189879 -0.00200932 -0.00179672 -0.00183751 -0.00187168 -0.00188021 -0.00193067 -0.00189659 -0.00181246 -0.00189267 -0.0017538 -0.00173803 -0.00173359 -0.00169852 -0.00170344 -0.00182487 -0.00183873 -0.00171497 -0.00180692 -0.00174609 -0.00183043 -0.00169131 -0.00184565 -0.00177069 -0.00169585 -0.00173043 -0.0017966 -0.00170577 -0.00178735 -0.00173608 -0.00178801 -0.00173211 -0.00176362 -0.00171688 -0.00176788 -0.00186226 -0.00172716 -0.00169138 -0.00169536 -0.00184571 -0.00174266 -0.00171896 -0.00168735 -0.00175719 -0.00181067 -0.0017293 -0.00177485 -0.00180462 -0.00183978 -0.00168087 -0.00168235 -0.0017172 -0.00184448 -0.00186294 -0.00181291 -0.00185993 -0.00180595 -0.00178966 -0.00182177 -0.00178669 -0.00181113 -0.00166768 
-0.00168705 -0.00168552 -0.0016077 -0.00150435 -0.00145601 -0.00132384 -0.00129332 0.00225237 0.00235331 0.00231779 0.00265193 0.00272059 0.135292 0.00271088 0.00255954 0.00252816 0.00238216 -0.00155923 -0.00162037 -0.00191253 -0.00200411 -0.00201372 -0.0021668 -0.00203132 -0.00220875 -0.00213282 -0.00202502 -0.00202613 -0.00202887 -0.00201587 -0.00205737 -0.00197617 -0.00195341 -0.00199504 -0.0017528 -0.00183791 -0.00185677 -0.001901 -0.00174627 -0.00188347 -0.00173669 -0.00178949 -0.0018431 -0.00183322 -0.00179309 -0.00187204 -0.00167305 -0.00174552 -0.0018283 -0.00166369 -0.00178177 -0.00173076 -0.00168553 -0.00172893 -0.00166516 -0.00166725 -0.00161542 -0.00174161 -0.00167903 -0.00167774 -0.00166362 -0.00163269 -0.00152286 -0.00161729 -0.00164094 -0.00161452 -0.00175625 -0.00173325 -0.00167414 -0.00171035 -0.00178312 -0.00173285 -0.00165425 -0.00167041 -0.0016337 -0.00164439 -0.00163855 -0.00173978 -0.00174451 -0.00172319 -0.00176512 -0.00170431 -0.00175445 -0.00181404 -0.00173789 -0.00160638 -0.00167819 -0.00160954 -0.0016105 -0.0016976 -0.00174475 -0.0018018 -0.00175732 -0.00166742 -0.00179338 -0.00178901 -0.00167154 -0.00171308 -0.00167974 -0.0016274 
-0.00186843 -0.00183536 -0.00175813 -0.0016419 -0.00165587 -0.00168448 -0.001562 -0.00152954 0.00223756 0.0023155 0.00256034 0.00268795 0.00271088 0.140434 0.00279775 0.00277398 0.00268601 0.00245394 0.00257 -0.00164402 -0.00185843 -0.00175149 -0.0019144 -0.00207686 -0.00226595 -0.00238778 -0.00211617 -0.00217399 -0.00207675 -0.00210435 -0.0021437 -0.00211447 -0.00213501 -0.00204778 -0.00185622 -0.00199679 -0.0019604 -0.00188805 -0.00195397 -0.00205804 -0.0019524 -0.00187928 -0.00197315 -0.00200815 -0.00207278 -0.00198421 -0.00195921 -0.00192119 -0.00183595 -0.00183539 -0.00182067 -0.00180771 -0.00182519 -0.00189368 -0.00184253 -0.00187464 -0.00181855 -0.00186042 -0.00184107 -0.00178514 -0.00176583 -0.00185186 -0.00174644 -0.00171456 -0.00179922 -0.00185826 -0.0018787 -0.00185247 -0.00183211 -0.00179386 -0.00184743 -0.00182449 -0.00179511 -0.0018796 -0.00172273 -0.00178755 -0.00181579 -0.00179761 -0.0018491 -0.00183338 -0.00185035 -0.00186245 -0.00177473 -0.00186011 -0.00181876 -0.00186179 -0.00187061 -0.00163775 -0.00173588 -0.00180576 -0.00180255 -0.00172607 -0.0018055 -0.00178891 -0.00180575 -0.00189039 -0.00186325 -0.00182504 -0.0018055 -0.00173888 
-0.00183175 -0.00180181 -0.00183484 -0.00178109 -0.00182208 -0.00182124 -0.00170107 -0.00163266 -0.00150929 -0.00148366 0.00242374 0.00259492 0.00255954 0.00279775 0.139934 0.00303366 0.00293279 0.00275141 0.00273109 0.00266234 -0.00173499 -0.00172888 -0.00191149 -0.00198619 -0.00204015 -0.00227635 -0.00210302 -0.00200363 -0.00209685 -0.00204326 -0.0021147 -0.00203151 -0.0020509 -0.00194979 -0.00184492 -0.00190066 -0.00193597 -0.00187268 -0.00193245 -0.00191775 -0.00182647 -0.00180628 -0.00194806 -0.00184031 -0.00186828 -0.00187294 -0.00184186 -0.00186723 -0.00189874 -0.00182203 -0.00177171 -0.0018703 -0.00186078 -0.0018035 -0.00171686 -0.0017726 -0.00183616 -0.00175707 -0.00183774 -0.00177614 -0.00183384 -0.0017596 -0.00165764 -0.00180249 -0.00185358 -0.00179092 -0.00181852 -0.00178199 -0.00182895 -0.00181169 -0.00175867 -0.00181827 -0.00180247 -0.00181505 -0.00172365 -0.00171791 -0.00175067 -0.00176613 -0.00183597 -0.00175308 -0.00181914 -0.00183428 -0.00180341 -0.00168558 -0.00180037 -0.00172301 -0.00176868 -0.00171275 -0.00171326 -0.00172667 -0.00173822 -0.00187345 -0.00179937 -0.00180645 -0.00181384 -0.00177885 -0.00176778 -0.00176878 -0.00179302 -0.00172261 
-0.00189475 -0.0018672 -0.00178206 -0.00177977 -0.00171377 -0.00185341 -0.00180524 -0.00165554 -0.00150179 -0.00151549 0.00237782 0.00254287 0.00252816 0.00277398 0.00303366 0.141065 0.00286304 0.00277021 0.00269814 0.00262619 -0.0015765 -0.00165293 -0.00183025 -0.00193149 -0.00211724 -0.00226345 -0.00207326 -0.00210239 -0.00216156 -0.00207099 -0.00214354 -0.00209982 -0.0020164 -0.0020552 -0.00196984 -0.00187073 -0.00201404 -0.0019388 -0.00189781 -0.00188632 -0.00190968 -0.00183373 -0.00191976 -0.00186018 -0.0019091 -0.00186162 -0.00180806 -0.00185687 -0.00184561 -0.00172574 -0.0019258 -0.00183686 -0.00180446 -0.00175383 -0.00180827 -0.00184318 -0.00182581 -0.00177187 -0.00182018 -0.00175786 -0.00182082 -0.00180669 -0.00176679 -0.00173707 -0.00177509 -0.0018163 -0.00181539 -0.00186259 -0.00170351 -0.00184824 -0.00187229 -0.0018177 -0.00183018 -0.00179249 -0.00172634 -0.00177616 -0.00171535 -0.00178449 -0.00178321 -0.00179265 -0.00181712 -0.00185299 -0.00187235 -0.00178179 -0.00177164 -0.0018326 -0.00186217 -0.00159516 -0.00167653 -0.00182571 -0.00177149 -0.00175681 -0.00184953 -0.00190582 -0.00182814 -0.00177992 -0.00183147 -0.00168216 -0.00173963 -0.00168282 
-0.00189286 -0.00194947 -0.00191193 -0.00187339 -0.00197925 -0.00203109 -0.00202579 -0.00192142 -0.00177153 -0.00183315 -0.00167494 0.00245952 0.00238216 0.00268601 0.00293279 0.00286304 0.146236 0.00286452 0.00308397 0.00294276 0.00264301 0.00256823 -0.00168287 -0.00171931 -0.00196637 -0.00208673 -0.00218694 -0.00221938 -0.00222069 -0.00219316 -0.0021821 -0.0021839 -0.0021897 -0.00214161 -0.00201693 -0.00201505 -0.00202035 -0.00210527 -0.00202797 -0.00201028 -0.00197753 -0.00199601 -0.00205438 -0.00213912 -0.00205718 -0.00190035 -0.00191476 -0.00197015 -0.00187709 -0.00185142 -0.00202587 -0.0019608 -0.00200939 -0.00191698 -0.00194546 -0.00201411 -0.00208068 -0.00199784 -0.00203691 -0.00193777 -0.00189086 -0.00200552 -0.00187617 -0.00185861 -0.00183092 -0.0019733 -0.00186748 -0.00197894 -0.00195519 -0.001862 -0.00198148 -0.00191449 -0.00180765 -0.00190761 -0.00189927 -0.0018126 -0.00186666 -0.00191247 -0.00190894 -0.00192628 -0.00182528 -0.00199955 -0.00190247 -0.00191464 -0.00186997 -0.00186934 -0.00190309 -0.00175287 -0.00179476 -0.00184561 -0.00186715 -0.00184678 -0.00197081 -0.00192014 -0.00191902 -0.00203817 -0.00192293 -0.00189166 -0.00199734 -0.00187674 
-0.00186191 -0.00193913 -0.0018441 -0.0018701 -0.00194215 -0.00200402 -0.00198919 -0.00214422 -0.00208098 -0.00186682 -0.00176378 -0.0017534 -0.00155923 0.00245394 0.00275141 0.00277021 0.00286452 0.144534 0.00334162 0.00325061 0.00286314 0.00282219 0.00266619 -0.00167727 -0.00191521 -0.00195467 -0.00203751 -0.00206732 -0.00212378 -0.002015 -0.00214163 -0.00221431 -0.00212769 -0.00209016 -0.00214717 -0.00193022 -0.00202001 -0.00204775 -0.00197531 -0.00202446 -0.00188845 -0.00188258 -0.00199431 -0.00198476 -0.00203704 -0.00205107 -0.00187305 -0.00182151 -0.00186527 -0.00188118 -0.00179398 -0.00192186 -0.0019118 -0.00191087 -0.00192338 -0.00179727 -0.00185393 -0.0018448 -0.00179905 -0.00185657 -0.0018668 -0.00177474 -0.0017061 -0.00177861 -0.00188126 -0.00177706 -0.00189034 -0.00180936 -0.00187825 -0.00189004 -0.00182549 -0.00189857 -0.00187451 -0.00179753 -0.00182861 -0.00175189 -0.00182483 -0.00172072 -0.00176791 -0.00184426 -0.00184871 -0.00187462 -0.00185913 -0.00186214 -0.00180193 -0.00177661 -0.00177277 -0.00172733 -0.00169308 -0.00180301 -0.00185837 -0.00197714 -0.00192216 -0.00187137 -0.00192254 -0.00188843 -0.00189984 -0.00186669 -0.00190438 -0.00177952 
-0.00188314 -0.00188471 -0.0019342 -0.00198595 -0.00190667 -0.00202081 -0.00213195 -0.00211127 -0.00195357 -0.00183497 -0.0018798 -0.00163225 -0.00162037 0.00257 0.00273109 0.00269814 0.00308397 0.00334162 0.145435 0.00317893 0.00287685 0.00293196 0.00268025 -0.0015917 -0.00165033 -0.00184752 -0.00201791 -0.00211424 -0.00211017 -0.0020542 -0.0021798 -0.00213743 -0.00212179 -0.00208064 -0.00195586 -0.00200763 -0.00197944 -0.00198996 -0.00203267 -0.00199188 -0.00192868 -0.00185453 -0.0020912 -0.00207467 -0.00193367 -0.00209117 -0.00191681 -0.00192434 -0.00185082 -0.00193953 -0.00184587 -0.00192149 -0.00190362 -0.00191809 -0.00185903 -0.00186668 -0.00183806 -0.00192334 -0.00194619 -0.00184673 -0.00188996 -0.00191331 -0.001818 -0.00180554 -0.00181566 -0.00188676 -0.00187403 -0.00188145 -0.00184373 -0.00181502 -0.00186254 -0.00186877 -0.00176191 -0.00181889 -0.00186756 -0.00178005 -0.00183081 -0.00186265 -0.00197471 -0.00196177 -0.00194768 -0.0019132 -0.00187245 -0.00195226 -0.00184882 -0.00192035 -0.00188369 -0.00178806 -0.00173093 -0.00180858 -0.00187129 -0.00185319 -0.00188407 -0.00190459 -0.0018096 -0.00190652 -0.00189787 -0.00182976 -0.00189203 -0.00176191 
-0.00198078 -0.00196347 -0.00203606 -0.00201083 -0.00201883 -0.00208551 -0.00213569 -0.00216043 -0.00225302 -0.00214212 -0.00207891 -0.00188397 -0.00191253 -0.00164402 0.00266234 0.00262619 0.00294276 0.00325061 0.00317893 0.149427 0.00325107 0.00319513 0.00302771 0.00259576 0.00265365 -0.00170366 -0.00190157 -0.00197176 -0.00203968 -0.00212278 -0.00227144 -0.00220829 -0.00231718 -0.00226282 -0.00213543 -0.00205328 -0.00214942 -0.00213197 -0.00221908 -0.0020622 -0.00199686 -0.00197471 -0.00211721 -0.00204897 -0.00214073 -0.00222316 -0.00202985 -0.00197824 -0.00201597 -0.00194281 -0.00211027 -0.0020451 -0.00205548 -0.00202014 -0.00203252 -0.00194729 -0.00190731 -0.00198768 -0.00198327 -0.00204733 -0.00197938 -0.00200445 -0.00186922 -0.00192101 -0.00191535 -0.00203618 -0.00195698 -0.00203456 -0.00208367 -0.00194312 -0.00208872 -0.00197069 -0.00200544 -0.00200145 -0.0018719 -0.00194684 -0.00176775 -0.00190871 -0.00192248 -0.00202254 -0.00194523 -0.00190288 -0.00197048 -0.00194482 -0.00197394 -0.0019248 -0.00195249 -0.0018477 -0.00192127 -0.00192758 -0.0019727 -0.00194924 -0.00207886 -0.00202857 -0.00197096 -0.0019708 -0.00196821 -0.00197151 -0.00202027 -0.00185636 
-0.00195081 -0.00191409 -0.00190381 -0.00197104 -0.00193089 -0.00202792 -0.00205059 -0.00210822 -0.00210606 -0.00198596 -0.00221913 -0.00205248 -0.00200411 -0.00185843 -0.00173499 -0.0015765 0.00264301 0.00286314 0.00287685 0.00325107 0.146725 0.00329445 0.00314241 0.00284853 0.00277779 0.00262729 -0.00172485 -0.0018166 -0.00183315 -0.00191045 -0.00210546 -0.00212435 -0.00215761 -0.00207116 -0.00204988 -0.00195326 -0.00207938 -0.00198981 -0.00197618 -0.00200896 -0.00186682 -0.00198307 -0.00204517 -0.00204664 -0.00200261 -0.00203875 -0.00199292 -0.00186453 -0.00188257 -0.00195411 -0.00199243 -0.00195922 -0.0019777 -0.00191875 -0.00189612 -0.00191028 -0.00189989 -0.00195435 -0.00189518 -0.00185601 -0.0018755 -0.00196989 -0.00181374 -0.00187264 -0.00183341 -0.0018622 -0.00176925 -0.00177631 -0.00185575 -0.00181433 -0.00184551 -0.00184112 -0.00196274 -0.0019051 -0.00180625 -0.00184732 -0.00184093 -0.00184791 -0.00182743 -0.00202983 -0.00193215 -0.00197171 -0.00186947 -0.00190876 -0.00187411 -0.0019139 -0.00185882 -0.00178175 -0.00176691 -0.00188413 -0.00189483 -0.00193916 -0.00198602 -0.00183871 -0.00199582 -0.00187611 -0.00186923 -0.00188115 -0.00184666 -0.00182993 
-0.00192547 -0.00198402 -0.00194397 -0.00193164 -0.0019521 -0.00205259 -0.0021782 -0.00202167 -0.00205554 -0.00198455 -0.00209166 -0.00207107 -0.00201372 -0.00175149 -0.00172888 -0.00165293 0.00256823 0.00282219 0.00293196 0.00319513 0.00329445 0.146261 0.00308573 0.00295162 0.00270477 0.00266555 -0.00161944 -0.00173084 -0.00187513 -0.00180356 -0.00204547 -0.00214489 -0.00209358 -0.00202646 -0.00193268 -0.00203739 -0.0019082 -0.00199239 -0.00207128 -0.00193184 -0.00190075 -0.00197433 -0.0019207 -0.00192443 -0.00198699 -0.00204253 -0.00199938 -0.00189841 -0.00196458 -0.00192115 -0.00190668 -0.00185561 -0.00198096 -0.00190286 -0.00193165 -0.00187962 -0.00187551 -0.00198523 -0.0020133 -0.0019467 -0.00198175 -0.00197981 -0.00179666 -0.00189689 -0.00189917 -0.00189994 -0.00181511 -0.00191628 -0.00194829 -0.00189005 -0.00195195 -0.0018534 -0.00194896 -0.00194888 -0.00183881 -0.0017254 -0.00190269 -0.0018841 -0.00188972 -0.00201717 -0.00190922 -0.00184127 -0.00188877 -0.00196797 -0.00179788 -0.00180242 -0.00188697 -0.00184538 -0.00173679 -0.00187238 -0.00188861 -0.00188187 -0.00178224 -0.00187944 -0.00182188 -0.00188074 -0.00185824 -0.00190397 -0.0019721 -0.00171394 
-0.00192203 -0.00194487 -0.00193616 -0.00195051 -0.00188375 -0.00202678 -0.00204659 -0.00212448 -0.00207482 -0.00208707 -0.00216435 -0.0021572 -0.0021668 -0.0019144 -0.00191149 -0.00183025 -0.00168287 0.00266619 0.00268025 0.00302771 0.00314241 0.00308573 0.145705 0.00304245 0.0030172 0.00274981 0.00232556 -0.00167681 -0.00171022 -0.00169617 -0.00182522 -0.00200457 -0.00215017 -0.00200984 -0.00195778 -0.00194053 -0.0020276 -0.00192626 -0.00199396 -0.00206841 -0.00185313 -0.00190602 -0.00194869 -0.00206554 -0.00196712 -0.00203784 -0.00187424 -0.00188086 -0.00194113 -0.00191567 -0.00189371 -0.00186713 -0.00188183 -0.00197061 -0.00192766 -0.00187151 -0.00190818 -0.00198314 -0.0019449 -0.00189733 -0.00188262 -0.00190778 -0.0017788 -0.00176727 -0.00180333 -0.00191522 -0.00181121 -0.00178666 -0.00187166 -0.00181787 -0.00184422 -0.00187934 -0.00180755 -0.00188733 -0.00172054 -0.00185535 -0.00170266 -0.00198155 -0.00184369 -0.00194578 -0.0018813 -0.0018889 -0.00189096 -0.00186377 -0.00190757 -0.00184366 -0.00185709 -0.00170727 -0.00178482 -0.00189122 -0.00190654 -0.00190009 -0.00186455 -0.00188764 -0.00185498 -0.00192107 -0.0018771 -0.00187879 -0.00191237 -0.00176415 
-0.00178674 -0.00180394 -0.00185161 -0.00179005 -0.00187769 -0.00190188 -0.0019661 -0.00193711 -0.00203354 -0.00198964 -0.00216821 -0.00205922 -0.00203132 -0.00207686 -0.00198619 -0.00193149 -0.00171931 -0.00167727 -0.0015917 0.00259576 0.00284853 0.00295162 0.00304245 0.141409 0.00303452 0.00271749 0.00258406 0.00246567 -0.00143823 -0.00154073 -0.00178052 -0.0017363 -0.00181476 -0.00191338 -0.00182681 -0.00188115 -0.00189656 -0.00196433 -0.00186323 -0.00179633 -0.00181133 -0.00174606 -0.00192288 -0.00182844 -0.00187763 -0.00185796 -0.0018245 -0.00177932 -0.00174107 -0.00171636 -0.00178894 -0.00170947 -0.00175997 -0.00177598 -0.00167418 -0.00173862 -0.00182207 -0.00176857 -0.00179471 -0.00185507 -0.00182452 -0.00172675 -0.00173696 -0.00169213 -0.00182676 -0.00172608 -0.00183852 -0.00174082 -0.00180092 -0.00178797 -0.00175923 -0.00170987 -0.00178995 -0.00185242 -0.0017491 -0.00168865 -0.00170121 -0.00186305 -0.00180141 -0.00177048 -0.00179534 -0.00178589 -0.00183167 -0.00173621 -0.00172586 -0.00173535 -0.00186141 -0.00162837 -0.00166761 -0.00168499 -0.00170604 -0.00179956 -0.00172508 -0.00182017 -0.00172987 -0.00175604 -0.00170934 -0.00178808 -0.00170059 -0.0016491 
-0.00206145 -0.00189527 -0.00190897 -0.00196742 -0.0020306 -0.00204618 -0.00197117 -0.00217695 -0.00216691 -0.00202759 -0.00225972 -0.00219125 -0.00220875 -0.00226595 -0.00204015 -0.00211724 -0.00196637 -0.00191521 -0.00165033 0.00265365 0.00277779 0.00270477 0.0030172 0.00303452 0.145903 0.00310119 0.00271888 0.00261666 0.00243198 0.00236513 -0.0015735 -0.00166982 -0.00172993 -0.00188675 -0.00189717 -0.0019991 -0.00204818 -0.00201378 -0.0020669 -0.00197732 -0.00199555 -0.00199111 -0.00202512 -0.00211063 -0.00200632 -0.0020496 -0.00197507 -0.00198243 -0.00196175 -0.00197592 -0.00197152 -0.00194551 -0.00200651 -0.00185615 -0.00185633 -0.00190943 -0.00188725 -0.00198498 -0.00197637 -0.00193921 -0.00194058 -0.00198471 -0.00181808 -0.0018962 -0.00191626 -0.00192942 -0.00186199 -0.00189312 -0.00193908 -0.00181273 -0.00200409 -0.00194642 -0.0019256 -0.00192033 -0.00192796 -0.00190951 -0.00185954 -0.00195264 -0.00183596 -0.00198376 -0.00187278 -0.00191379 -0.00197659 -0.00201997 -0.00193207 -0.00189846 -0.00196954 -0.00182897 -0.00175004 -0.00195393 -0.00187196 -0.00193254 -0.00193908 -0.00182581 -0.00193747 -0.00182916 -0.0017966 -0.00202938 -0.00187218 -0.00177961 
-0.00185448 -0.00194382 -0.00191498 -0.00190419 -0.00185114 -0.00206214 -0.00213184 -0.00211569 -0.00213919 -0.00199952 -0.00227126 -0.00226242 -0.00213282 -0.00238778 -0.00227635 -0.00226345 -0.00208673 -0.00195467 -0.00184752 -0.00170366 0.00262729 0.00266555 0.00274981 0.00271749 0.00310119 0.144221 0.00282195 0.0026935 0.00264581 0.00242767 0.00233314 -0.00156969 -0.00159238 -0.00165094 -0.00181495 -0.00186104 -0.00209174 -0.00202407 -0.00204516 -0.00204911 -0.00194058 -0.00185349 -0.00200336 -0.00208725 -0.00195339 -0.00193974 -0.00185802 -0.00191546 -0.00196227 -0.00195058 -0.00194028 -0.00187163 -0.00193017 -0.00189988 -0.00195379 -0.00201732 -0.00192013 -0.00188836 -0.00190822 -0.00186296 -0.00196014 -0.0018801 -0.001807 -0.00182667 -0.00197342 -0.00188711 -0.00181183 -0.00192583 -0.0019698 -0.00185185 -0.00189965 -0.00190955 -0.00199884 -0.00187522 -0.00176982 -0.00181273 -0.00180945 -0.00183596 -0.00180002 -0.00188738 -0.00188562 -0.00189249 -0.00176462 -0.00192045 -0.00186663 -0.00178904 -0.00179045 -0.00181341 -0.00183205 -0.00189009 -0.00182067 -0.00188584 -0.00187767 -0.00177836 -0.0018277 -0.00182478 -0.00197281 -0.00190784 -0.00185716 -0.00185516 
-0.00183018 -0.00188794 -0.00187403 -0.001777 -0.00185384 -0.00197582 -0.0019084 -0.00200536 -0.00191971 -0.00188985 -0.00203977 -0.00215973 -0.00202502 -0.00211617 -0.00210302 -0.00207326 -0.00218694 -0.00203751 -0.00201791 -0.00190157 -0.00172485 -0.00161944 0.00232556 0.00258406 0.00271888 0.00282195 0.138975 0.0028752 0.00272334 0.00254902 0.00247864 0.00230968 -0.00127442 -0.00146688 -0.00163883 -0.00158365 -0.00190553 -0.00192559 -0.00190316 -0.00193363 -0.00187018 -0.00182927 -0.00188858 -0.00182561 -0.00188712 -0.00186307 -0.00179923 -0.00177308 -0.00176966 -0.00176703 -0.00183512 -0.00171807 -0.00175368 -0.00169449 -0.00179945 -0.00181814 -0.001762 -0.00181344 -0.00174101 -0.0018007 -0.00177465 -0.00174679 -0.00169345 -0.00168222 -0.00168254 -0.00177386 -0.00170113 -0.00179551 -0.00173593 -0.00181747 -0.00180827 -0.00170514 -0.00166981 -0.00176919 -0.00180978 -0.00171373 -0.00176362 -0.00176996 -0.00177312 -0.00171112 -0.00180045 -0.00182777 -0.00178649 -0.00170271 -0.00172346 -0.00181752 -0.00184685 -0.00166734 -0.00161732 -0.00175672 -0.00173184 -0.00174057 -0.0017813 -0.00181261 -0.00167569 -0.00167848 -0.00176978 -0.00179966 -0.00173617 -0.00162338 
-0.00179971 -0.0017912 -0.00174115 -0.00186781 -0.00176089 -0.00192271 -0.00187723 -0.0019197 -0.0019674 -0.00188286 -0.00206987 -0.00206737 -0.00202613 -0.00217399 -0.00200363 -0.00210239 -0.00221938 -0.00206732 -0.00211424 -0.00197176 -0.0018166 -0.00173084 -0.00167681 0.00246567 0.00261666 0.0026935 0.0028752 0.137163 0.00278997 0.00272758 0.00265381 0.00240699 0.00232078 -0.00124739 -0.00137962 -0.00150417 -0.00166874 -0.00182542 -0.00186891 -0.0017381 -0.00170455 -0.00176395 -0.00193326 -0.00190263 -0.00184695 -0.00184776 -0.00171945 -0.00173986 -0.0017604 -0.00170677 -0.00182933 -0.00178142 -0.00173969 -0.00176958 -0.00167229 -0.00179983 -0.0017616 -0.00184328 -0.00168934 -0.00175313 -0.00180988 -0.00183634 -0.00167925 -0.00166195 -0.00175935 -0.00165142 -0.00172037 -0.00183529 -0.00168985 -0.00167846 -0.00177496 -0.00180704 -0.00167883 -0.00168826 -0.00169306 -0.00167424 -0.0017028 -0.00177147 -0.00173306 -0.00179591 -0.00176135 -0.00171986 -0.00169648 -0.00171361 -0.00169108 -0.00170851 -0.00179462 -0.00168655 -0.0016751 -0.0017785 -0.0018014 -0.00175975 -0.0017466 -0.0017973 -0.00172166 -0.00174416 -0.00175177 -0.001818 -0.00173093 -0.00160531 
-0.0017345 -0.00176547 -0.00186911 -0.00175136 -0.00175074 -0.00182248 -0.00190289 -0.00182165 -0.00191027 -0.00181224 -0.00188587 -0.00208518 -0.00202887 -0.00207675 -0.00209685 -0.00216156 -0.00222069 -0.00212378 -0.00211017 -0.00203968 -0.00183315 -0.00187513 -0.00171022 -0.00143823 0.00243198 0.00264581 0.00272334 0.00278997 0.135365 0.00270658 0.00259249 0.00243657 0.0022869 0.00224145 -0.00128863 -0.00129094 -0.00159648 -0.00169917 -0.0017716 -0.00180877 -0.00166206 -0.00175935 -0.00187871 -0.00181516 -0.00180783 -0.00174326 -0.0017009 -0.00174652 -0.00176764 -0.00175333 -0.00164145 -0.00171375 -0.00169905 -0.0017118 -0.00174424 -0.00169659 -0.00168144 -0.00172502 -0.00163759 -0.00171652 -0.00172588 -0.00175218 -0.00166324 -0.00160815 -0.00166822 -0.00172629 -0.00168181 -0.00172738 -0.00169229 -0.00176194 -0.00171159 -0.00178862 -0.00168383 -0.00173303 -0.00160299 -0.00164456 -0.00164817 -0.00173778 -0.00161935 -0.00168443 -0.00169718 -0.00174118 -0.00174071 -0.00171379 -0.00173584 -0.00177623 -0.0016538 -0.00163728 -0.00171198 -0.00179463 -0.00175643 -0.001708 -0.00173208 -0.00174019 -0.00172339 -0.00179033 -0.00163169 -0.00176939 -0.00171409 -0.00170596 
-0.0016695 -0.00176502 -0.00168301 -0.00169509 -0.00184722 -0.00179683 -0.00185677 -0.00189592 -0.00194907 -0.00185521 -0.00196713 -0.0019612 -0.00201587 -0.00210435 -0.00204326 -0.00207099 -0.00219316 -0.002015 -0.0020542 -0.00212278 -0.00191045 -0.00180356 -0.00169617 -0.00154073 0.00236513 0.00242767 0.00254902 0.00272758 0.00270658 0.133873 0.00256458 0.00240313 0.00227505 0.00231162 -0.00143445 -0.00126671 -0.00154277 -0.00162862 -0.00163307 -0.00176921 -0.00170329 -0.00172138 -0.00176789 -0.0017361 -0.00175616 -0.00175221 -0.0017217 -0.00169813 -0.00170737 -0.00170907 -0.00174005 -0.00168049 -0.00182051 -0.00165274 -0.00176956 -0.0016415 -0.00166844 -0.00166593 -0.00164295 -0.00167545 -0.0017067 -0.00164406 -0.00161199 -0.00158153 -0.00162295 -0.00164838 -0.00171101 -0.00174837 -0.00166295 -0.0017336 -0.00167734 -0.00167305 -0.0016954 -0.00174546 -0.00164448 -0.00166064 -0.00157948 -0.00176035 -0.00168848 -0.00173348 -0.0016284 -0.0017635 -0.00167981 -0.00170665 -0.00172974 -0.00174739 -0.00170923 -0.00152293 -0.00157035 -0.00171356 -0.00172878 -0.0016812 -0.00167548 -0.0017052 -0.00170136 -0.00175745 -0.00164303 -0.00173527 -0.00167146 -0.00158457 
-0.00175208 -0.00182165 -0.00170102 -0.00177926 -0.00175302 -0.00192739 -0.00193676 -0.00203598 -0.00196827 -0.0019522 -0.0021172 -0.00215293 -0.00205737 -0.0021437 -0.0021147 -0.00214354 -0.0021821 -0.00214163 -0.0021798 -0.00227144 -0.00210546 -0.00204547 -0.00182522 -0.00178052 -0.0015735 0.00233314 0.00247864 0.00265381 0.00259249 0.00256458 0.13496 0.00277816 0.00262524 0.00248987 0.00215893 0.00215402 -0.00145257 -0.00142222 -0.00160093 -0.00161326 -0.00177195 -0.00177051 -0.00186101 -0.00181076 -0.00179407 -0.00177655 -0.00180444 -0.00173356 -0.00174006 -0.00181672 -0.00174845 -0.00173072 -0.00171385 -0.00169087 -0.00167709 -0.00180572 -0.00175752 -0.00172487 -0.00175315 -0.00176998 -0.00168012 -0.00171409 -0.00163618 -0.00168397 -0.00173828 -0.00167161 -0.00172106 -0.00172796 -0.00178406 -0.00169663 -0.00175083 -0.00178219 -0.00165459 -0.00172522 -0.00171115 -0.00162374 -0.00164561 -0.0017778 -0.00179285 -0.00177152 -0.00181747 -0.00172908 -0.00177761 -0.00179139 -0.00171674 -0.00166329 -0.00166929 -0.00174217 -0.00172161 -0.00176391 -0.00174832 -0.00173426 -0.00176308 -0.00168355 -0.00181899 -0.00177649 -0.00177696 -0.00170502 -0.00171529 -0.00158207 
-0.00174493 -0.00168859 -0.0017969 -0.00171875 -0.00176032 -0.00191946 -0.00190563 -0.00182094 -0.00190645 -0.00183461 -0.00200582 -0.00197494 -0.00197617 -0.00211447 -0.00203151 -0.00209982 -0.0021839 -0.00221431 -0.00213743 -0.00220829 -0.00212435 -0.00214489 -0.00200457 -0.0017363 -0.00166982 -0.00156969 0.00230968 0.00240699 0.00243657 0.00240313 0.00277816 0.132715 0.00264728 0.00244539 0.00228942 0.00221157 0.00210152 -0.00132474 -0.00139464 -0.00149239 -0.00161871 -0.00156955 -0.00169598 -0.00182671 -0.00182326 -0.00180521 -0.00168213 -0.00170819 -0.00175982 -0.00165712 -0.00171671 -0.00174643 -0.00177075 -0.00165074 -0.00174391 -0.00164553 -0.00165822 -0.00166664 -0.00173271 -0.00172059 -0.00170404 -0.00173127 -0.00162403 -0.00167873 -0.00173044 -0.00171741 -0.0017314 -0.00168705 -0.00168977 -0.00176111 -0.0017557 -0.0017082 -0.00175823 -0.0016926 -0.00164175 -0.00169252 -0.00169704 -0.00169497 -0.00177485 -0.00169912 -0.00174489 -0.00173202 -0.00167393 -0.00166877 -0.0016151 -0.00165742 -0.00175009 -0.00161034 -0.00164854 -0.00183035 -0.0017026 -0.00167413 -0.00176331 -0.001732 -0.00167942 -0.00161166 -0.00172836 -0.00173148 -0.00171075 -0.00160606 
-0.00173489 -0.0017351 -0.00177762 -0.0017412 -0.00178332 -0.00186068 -0.00187877 -0.00198431 -0.00192519 -0.00178623 -0.00196924 -0.0020091 -0.00195341 -0.00213501 -0.0020509 -0.0020164 -0.0021897 -0.00212769 -0.00212179 -0.00231718 -0.00215761 -0.00209358 -0.00215017 -0.00181476 -0.00172993 -0.00159238 -0.00127442 0.00232078 0.0022869 0.00227505 0.00262524 0.00264728 0.131419 0.00255247 0.00223079 0.00237472 0.00223899 0.00205784 -0.00128026 -0.00131908 -0.00154421 -0.00154145 -0.0016799 -0.00170605 -0.00170869 -0.00175299 -0.00164153 -0.0017597 -0.00178918 -0.00171745 -0.00173112 -0.00170257 -0.00169879 -0.00161272 -0.00170985 -0.00172869 -0.00168033 -0.00172506 -0.0016292 -0.00166293 -0.00162045 -0.00172623 -0.00159795 -0.00160261 -0.00164962 -0.00163813 -0.00171596 -0.00173356 -0.00168317 -0.00169449 -0.00169035 -0.00166885 -0.0016285 -0.00169619 -0.00157693 -0.00159878 -0.00158256 -0.00166193 -0.00176831 -0.00167305 -0.00172139 -0.00164879 -0.00170298 -0.00160477 -0.00163603 -0.00170869 -0.00171061 -0.00163197 -0.00163798 -0.00170374 -0.00164263 -0.0016706 -0.00175744 -0.00173653 -0.00171063 -0.00171291 -0.00172261 -0.00167668 -0.00166099 -0.00159153 
