0.12322 0.0021854 0.00220969 0.00206123 0.00198353 0.00199005 -0.00115193 -0.00135147 -0.00134522 -0.00146064 -0.00154324 -0.00178806 -0.00172655 -0.00177164 -0.00175133 -0.00174616 -0.00194736 -0.00195487 -0.00188715 -0.00199996 -0.00189632 -0.00192199 -0.00199888 -0.00176502 -0.00198466 -0.00189184 -0.00173732 -0.00175728 -0.00171384 -0.00176295 -0.00169209 -0.00171051 -0.00169454 -0.00172487 -0.00163806 -0.00158257 -0.00162703 -0.00162356 -0.0016679 -0.00164277 -0.00154947 -0.00151098 -0.00159451 -0.00160894 -0.00162513 -0.00154283 -0.001477 -0.00153921 -0.0014931 -0.00146136 -0.00147833 -0.00151372 -0.0014272 -0.00153744 -0.00152195 -0.00157327 -0.0015552 -0.00158621 -0.00146941 -0.00154039 -0.00148055 -0.00149995 -0.00139678 -0.00145253 -0.00147559 -0.00153747 -0.00145051 -0.0014377 -0.00143801 -0.00138372 -0.00152745 -0.00146702 -0.00144158 -0.0015574 -0.00146631 -0.00142176 -0.00157706 -0.00156132 -0.0015539 -0.00145709 -0.00151636 -0.00150527 -0.00148681 -0.00146772 -0.0014738 -0.00153255 -0.00151716 -0.00146481 -0.00150351 -0.00151803 -0.00147812 -0.00147969 -0.00127363 -0.00128523 -0.00126033 -0.00123585 0.00187319 0.00198978 0.00209243 0.00204232 
0.0021854 0.123635 0.00235011 0.00220256 0.00217126 0.00213835 0.00204529 -0.00124825 -0.00128972 -0.00123211 -0.00154568 -0.00161674 -0.00175866 -0.00182806 -0.00182382 -0.00179016 -0.00199396 -0.00192356 -0.0018671 -0.00204624 -0.00198907 -0.00185074 -0.00197737 -0.00181575 -0.00192993 -0.00191547 -0.00185338 -0.00180357 -0.00175649 -0.00171621 -0.00182847 -0.00163961 -0.00174319 -0.00164702 -0.00151493 -0.00160688 -0.00159002 -0.00164878 -0.00168293 -0.00165056 -0.00156622 -0.00153923 -0.00160714 -0.00158217 -0.00164109 -0.00150777 -0.00154656 -0.00155923 -0.00155758 -0.00147239 -0.00142585 -0.00157212 -0.00159363 -0.00145259 -0.00152727 -0.00148943 -0.00149422 -0.00155898 -0.00155218 -0.00149837 -0.00147539 -0.00145484 -0.00139319 -0.00140952 -0.00155361 -0.00155653 -0.00149563 -0.00155041 -0.00144117 -0.00143689 -0.00157369 -0.00153256 -0.0015627 -0.00156099 -0.00139689 -0.00144441 -0.00148537 -0.00148163 -0.00148853 -0.00152969 -0.00153906 -0.00151431 -0.00154525 -0.00152107 -0.00145563 -0.00157994 -0.00155138 -0.00141523 -0.0014753 -0.00149343 -0.00152095 -0.00153978 -0.00142493 -0.00134368 -0.00132524 -0.0013073 -0.00122188 0.00184012 0.00191217 0.00198624 
0.00220969 0.00235011 0.123703 0.00226632 0.00223819 0.00221104 0.002178 0.00203052 -0.00125367 -0.00122672 -0.00150195 -0.00162182 -0.00168017 -0.00188325 -0.00189245 -0.00187145 -0.00187028 -0.00192455 -0.00179704 -0.00199474 -0.00191503 -0.00198613 -0.00186632 -0.00185535 -0.00195643 -0.00185025 -0.0018173 -0.00184952 -0.00175741 -0.00173869 -0.00182849 -0.00171063 -0.00166806 -0.00173904 -0.00164385 -0.00162366 -0.00171558 -0.00166343 -0.00168969 -0.0016722 -0.00163926 -0.00156134 -0.00170697 -0.00157765 -0.00160284 -0.00159173 -0.00151123 -0.00150204 -0.00156152 -0.00148575 -0.00156941 -0.00154852 -0.00149719 -0.00154547 -0.00150787 -0.00148807 -0.00155927 -0.00149456 -0.00158167 -0.00159174 -0.0015111 -0.00149264 -0.00145807 -0.00150669 -0.00155537 -0.00155787 -0.00148471 -0.00151468 -0.00153273 -0.00151743 -0.00155916 -0.00151734 -0.00152862 -0.00147953 -0.00142462 -0.0014188 -0.0014456 -0.00154746 -0.00154146 -0.00142338 -0.00157114 -0.00149795 -0.00151792 -0.00160082 -0.00144143 -0.00155016 -0.0015013 -0.00139114 -0.00136123 -0.00150012 -0.00149265 -0.00149891 -0.00145768 -0.00139388 -0.00142048 -0.00131271 -0.0013162 -0.00116115 0.00191181 0.0020943 
0.00206123 0.00220256 0.00226632 0.12422 0.00222066 0.00224846 0.00218419 0.00216271 0.00202879 -0.00116658 -0.00140977 -0.00153587 -0.00153632 -0.00170825 -0.00182777 -0.00184671 -0.00198727 -0.00194283 -0.00191846 -0.00197902 -0.00193034 -0.0019172 -0.00184577 -0.00176799 -0.00200949 -0.00201503 -0.00182426 -0.00177785 -0.00177033 -0.00171204 -0.00178564 -0.00168815 -0.0016656 -0.00175687 -0.00161289 -0.00166075 -0.00165534 -0.00161903 -0.00162585 -0.00174231 -0.00164267 -0.0015719 -0.00174725 -0.00158372 -0.00160828 -0.001569 -0.00158447 -0.00158447 -0.00144864 -0.00154113 -0.00146021 -0.0015743 -0.00148794 -0.00156956 -0.00150524 -0.00152215 -0.00156293 -0.00158362 -0.00150563 -0.00150006 -0.0015349 -0.00160145 -0.00147869 -0.0014325 -0.00150961 -0.00154343 -0.00149262 -0.0015866 -0.00156107 -0.00154174 -0.00153743 -0.00152685 -0.00150856 -0.00157963 -0.00145868 -0.00142001 -0.00145585 -0.00154427 -0.00149581 -0.00147656 -0.00160649 -0.00151351 -0.00147474 -0.00145277 -0.00159147 -0.00161485 -0.00151712 -0.00135639 -0.00144649 -0.0015548 -0.00159923 -0.00146714 -0.00151812 -0.00153309 -0.00145477 -0.00140795 -0.00139 -0.00117022 -0.00124136 0.00199678 
0.00198353 0.00217126 0.00223819 0.00222066 0.125062 0.00246674 0.00226117 0.00229286 0.00216145 0.00212103 -0.00128519 -0.00133986 -0.00138496 -0.00167889 -0.0019038 -0.00176673 -0.00195227 -0.00191791 -0.00196142 -0.00195256 -0.00200554 -0.00188039 -0.00192547 -0.00181095 -0.00195087 -0.00195722 -0.00178604 -0.00182644 -0.00179779 -0.00168424 -0.00180147 -0.00180362 -0.00179514 -0.00177585 -0.0016485 -0.00163709 -0.0017099 -0.00168723 -0.00169394 -0.0016329 -0.00160607 -0.00161173 -0.001648 -0.00167259 -0.00164126 -0.0016542 -0.00150908 -0.00166291 -0.00155258 -0.00156934 -0.00157551 -0.00160671 -0.00151963 -0.00157312 -0.00158252 -0.00161377 -0.00152436 -0.00151741 -0.00158829 -0.00148865 -0.00155358 -0.00159455 -0.001469 -0.00145722 -0.00158221 -0.00155111 -0.00154004 -0.00158995 -0.001466 -0.00160519 -0.00159364 -0.0015893 -0.00163008 -0.00150213 -0.00144435 -0.00149012 -0.00155196 -0.00147324 -0.00151577 -0.00152537 -0.00160748 -0.00155065 -0.00149437 -0.00149787 -0.0015709 -0.0015094 -0.00149213 -0.00145138 -0.0014627 -0.00155168 -0.00152785 -0.00155927 -0.00155667 -0.001496 -0.00152274 -0.00158557 -0.00146237 -0.00129906 -0.00124892 -0.00113475 
0.00199005 0.00213835 0.00221104 0.00224846 0.00246674 0.1282 0.00248158 0.00234943 0.002274 0.00221778 0.00211833 -0.0013309 -0.00141272 -0.00167982 -0.0017656 -0.00185287 -0.00205476 -0.00202323 -0.00208385 -0.00207829 -0.00196422 -0.0021066 -0.00201339 -0.00182739 -0.00217745 -0.00203727 -0.00186909 -0.00200703 -0.0018109 -0.00178501 -0.00184112 -0.0017374 -0.00183731 -0.00185722 -0.00172569 -0.00165307 -0.00173956 -0.00177255 -0.00185737 -0.0016933 -0.0016857 -0.00157825 -0.00183157 -0.00169539 -0.0017997 -0.00171153 -0.00162008 -0.00173082 -0.00159994 -0.00163811 -0.00158535 -0.00162811 -0.00161107 -0.00172391 -0.00167621 -0.00176193 -0.00163511 -0.00168873 -0.00163855 -0.0015952 -0.00166215 -0.00159165 -0.00164397 -0.0015576 -0.00163457 -0.00172548 -0.00160567 -0.00161994 -0.00160652 -0.00172826 -0.00165058 -0.00159509 -0.00159244 -0.00165287 -0.00150492 -0.00152965 -0.00151326 -0.00164198 -0.00168979 -0.00159823 -0.00168997 -0.00169983 -0.00162556 -0.00168454 -0.00162067 -0.00158591 -0.00162746 -0.0015537 -0.00161618 -0.0016477 -0.00163359 -0.00154566 -0.00158206 -0.00158488 -0.0016007 -0.0015582 -0.00157172 -0.00138841 -0.00134466 -0.0011595 
-0.00115193 0.00204529 0.002178 0.00218419 0.00226117 0.00248158 0.129272 0.00251911 0.00256101 0.00230394 0.00216206 0.00225262 -0.00128949 -0.00159151 -0.00172376 -0.00173676 -0.00199669 -0.00204634 -0.00199334 -0.00208655 -0.0020636 -0.00209715 -0.00202298 -0.00192112 -0.00204179 -0.00216177 -0.00192905 -0.00186984 -0.00194382 -0.00194289 -0.00195269 -0.00187012 -0.00176513 -0.00187419 -0.00169843 -0.00170928 -0.00174377 -0.00176022 -0.00184035 -0.00183648 -0.00172461 -0.00164724 -0.00176799 -0.00179341 -0.00174405 -0.00176316 -0.00165509 -0.00163013 -0.00166992 -0.00165754 -0.00159102 -0.00167888 -0.0016054 -0.00160824 -0.00169743 -0.00163929 -0.00170522 -0.00171868 -0.00166343 -0.0016105 -0.00176214 -0.00163535 -0.00161478 -0.00165552 -0.00163143 -0.00169837 -0.00162013 -0.00163379 -0.00161242 -0.00164361 -0.00171939 -0.00158128 -0.00173687 -0.00163917 -0.00157352 -0.00153211 -0.00156439 -0.00160123 -0.00173739 -0.00168125 -0.00165003 -0.00162425 -0.00176962 -0.0016254 -0.00167548 -0.00160735 -0.00164133 -0.00157856 -0.00164712 -0.00169312 -0.0015776 -0.00168379 -0.00165385 -0.00159944 -0.00162664 -0.00160939 -0.00165575 -0.00153409 -0.00136067 -0.00130118 
-0.00135147 -0.00124825 0.00203052 0.00216271 0.00229286 0.00234943 0.00251911 0.13027 0.00256853 0.00246337 0.00239029 0.00232656 0.00221399 -0.00139001 -0.00170787 -0.00158047 -0.00194681 -0.00202919 -0.00205017 -0.00217834 -0.00206247 -0.00208021 -0.00213826 -0.00187498 -0.00208518 -0.00205367 -0.00195921 -0.00202207 -0.0018275 -0.00186259 -0.00193732 -0.00197675 -0.00199797 -0.0019114 -0.00179737 -0.00172887 -0.00193865 -0.00184475 -0.00172495 -0.00175386 -0.00170546 -0.00181358 -0.00174562 -0.00178054 -0.00178193 -0.00179141 -0.00162289 -0.00165025 -0.00164718 -0.0016493 -0.00166447 -0.00161847 -0.0016243 -0.00161293 -0.00168016 -0.00173937 -0.0016814 -0.00169252 -0.00158021 -0.0016716 -0.00171608 -0.00168644 -0.00161632 -0.0015365 -0.00166207 -0.00169043 -0.0017157 -0.00167232 -0.00166256 -0.00176644 -0.00172981 -0.0017166 -0.00154382 -0.00166149 -0.00159946 -0.00158509 -0.00155108 -0.00164922 -0.00168783 -0.00170272 -0.00163619 -0.00166614 -0.00165735 -0.00175584 -0.00165623 -0.00163536 -0.00168077 -0.00155499 -0.00158368 -0.00164968 -0.00168186 -0.00170202 -0.00158018 -0.00163415 -0.00167727 -0.00160517 -0.00164346 -0.00166136 -0.00151637 -0.00144328 
-0.00134522 -0.00128972 -0.00125367 0.00202879 0.00216145 0.002274 0.00256101 0.00256853 0.13156 0.00254722 0.00261869 0.00245448 0.00232688 0.00223439 -0.0015863 -0.00155906 -0.00177526 -0.0019018 -0.00200917 -0.00225725 -0.00216942 -0.00205821 -0.00210928 -0.00199435 -0.00225355 -0.00214411 -0.00201714 -0.00191052 -0.00194764 -0.00191148 -0.00194819 -0.0019874 -0.00190781 -0.00191372 -0.00183008 -0.00181596 -0.00185253 -0.00176618 -0.00184996 -0.00187703 -0.00172794 -0.00172028 -0.00181141 -0.00176203 -0.00185423 -0.00175689 -0.00170264 -0.00170027 -0.00171031 -0.00169702 -0.00178068 -0.00161538 -0.00164072 -0.00169878 -0.00170135 -0.00170972 -0.00168214 -0.0016944 -0.00168353 -0.00167431 -0.00167233 -0.0016174 -0.00162587 -0.00157571 -0.00168612 -0.00170261 -0.00161563 -0.0017579 -0.00166907 -0.0017304 -0.00169702 -0.00171788 -0.00169211 -0.00171929 -0.00159096 -0.00162051 -0.00163865 -0.00168701 -0.0016876 -0.00164882 -0.00172226 -0.00172799 -0.00166692 -0.00164494 -0.00171602 -0.00169674 -0.00157792 -0.0016567 -0.00158346 -0.0017579 -0.00162952 -0.0016904 -0.00169814 -0.00178802 -0.00172052 -0.00159969 -0.00173833 -0.00173676 -0.0015875 -0.00147676 
-0.00146064 -0.00123211 -0.00122672 -0.00116658 0.00212103 0.00221778 0.00230394 0.00246337 0.00254722 0.129956 0.00257273 0.00242777 0.00230902 0.00224207 -0.00143393 -0.00145216 -0.00171734 -0.00183229 -0.00190803 -0.00217771 -0.0020167 -0.00206797 -0.00205192 -0.00191016 -0.00214493 -0.00212604 -0.00195728 -0.00187623 -0.00192553 -0.00185683 -0.00192688 -0.00191455 -0.0018929 -0.00183191 -0.00177258 -0.00173443 -0.00169148 -0.00170511 -0.00177647 -0.00181878 -0.00153914 -0.00167525 -0.00171213 -0.00177363 -0.00175346 -0.00170006 -0.00167577 -0.00171613 -0.00170057 -0.00161214 -0.00161161 -0.00162842 -0.00161172 -0.00161657 -0.00165136 -0.00161013 -0.00169503 -0.00166924 -0.0016286 -0.00159308 -0.00163879 -0.00165514 -0.00161045 -0.00160974 -0.00155893 -0.00169279 -0.00153944 -0.00163003 -0.0016652 -0.00163692 -0.00157527 -0.00156236 -0.00167424 -0.00171787 -0.00155502 -0.00154903 -0.00161591 -0.0015983 -0.00164919 -0.00155503 -0.00165786 -0.00168398 -0.00163408 -0.00163974 -0.00161566 -0.00162174 -0.00155914 -0.00149687 -0.00157684 -0.00159846 -0.00164905 -0.00158736 -0.00162764 -0.00170774 -0.00150887 -0.00160716 -0.00158799 -0.00162734 -0.00161256 -0.00149062 
-0.00154324 -0.00154568 -0.00150195 -0.00140977 -0.00128519 0.00211833 0.00216206 0.00239029 0.00261869 0.00257273 0.134348 0.00276976 0.00271486 0.00264572 0.00233242 0.00245193 -0.00156649 -0.00166463 -0.00181125 -0.001901 -0.0020366 -0.00216103 -0.0021038 -0.00210406 -0.00228009 -0.00226829 -0.00197768 -0.00200807 -0.00199318 -0.00201962 -0.00210037 -0.00205247 -0.00198357 -0.00190436 -0.00182722 -0.00178333 -0.00186867 -0.00193611 -0.00188009 -0.00190606 -0.00184388 -0.00180665 -0.00197685 -0.0018569 -0.00196682 -0.00179618 -0.0017694 -0.00183788 -0.00175491 -0.00177777 -0.00180542 -0.00168949 -0.00178785 -0.00177814 -0.00170935 -0.00177104 -0.00179643 -0.00176151 -0.0016598 -0.00168027 -0.00172184 -0.00178144 -0.00171189 -0.0016826 -0.00171219 -0.0017169 -0.001749 -0.00179421 -0.00171923 -0.00181399 -0.00172448 -0.00168948 -0.00171017 -0.00173208 -0.00158108 -0.00167221 -0.00159759 -0.00175769 -0.00166448 -0.00173043 -0.00170015 -0.00178676 -0.00181696 -0.00179598 -0.00176758 -0.00172953 -0.00171875 -0.00168935 -0.00170588 -0.00162321 -0.0017213 -0.00177641 -0.00176078 -0.00175918 -0.00173887 -0.00177172 -0.00169221 -0.00164589 -0.0017696 -0.00164129 
-0.00178806 -0.00161674 -0.00162182 -0.00153587 -0.00133986 -0.0013309 0.00225262 0.00232656 0.00245448 0.00242777 0.00276976 0.136607 0.00277038 0.00276863 0.00243888 0.00252841 0.00237925 -0.00171855 -0.00157886 -0.00189858 -0.00202568 -0.00207524 -0.00221173 -0.00213882 -0.00233455 -0.00221745 -0.00216946 -0.0020565 -0.00210023 -0.0019644 -0.0020805 -0.00206577 -0.00193759 -0.00195562 -0.00189838 -0.00180848 -0.0019332 -0.00191101 -0.00188957 -0.00200985 -0.00182706 -0.00188884 -0.00187682 -0.00195716 -0.00189908 -0.00180205 -0.00180859 -0.00178801 -0.0017895 -0.00182981 -0.00183591 -0.00177715 -0.00179861 -0.00175971 -0.00172059 -0.00178573 -0.00171888 -0.0017719 -0.00178851 -0.00178769 -0.00184242 -0.00182852 -0.00170841 -0.00161959 -0.00181049 -0.00182741 -0.00179845 -0.00177454 -0.00180981 -0.0017966 -0.00165916 -0.00175134 -0.00186367 -0.00177109 -0.00162733 -0.00173011 -0.00164298 -0.00168394 -0.0017435 -0.00178655 -0.0016831 -0.00176634 -0.00179488 -0.00183958 -0.00179582 -0.00173034 -0.00174358 -0.00164099 -0.0017006 -0.00178853 -0.00175738 -0.00184986 -0.00158885 -0.00182021 -0.00180009 -0.00175834 -0.00170674 -0.00183457 -0.00190248 -0.00172107 
-0.00172655 -0.00175866 -0.00168017 -0.00153632 -0.00138496 -0.00141272 -0.00128949 0.00221399 0.00232688 0.00230902 0.00271486 0.00277038 0.135241 0.00274417 0.0024346 0.00245716 0.00256441 -0.00155519 -0.00161586 -0.00185357 -0.00192603 -0.00197712 -0.0021578 -0.0019656 -0.00224643 -0.00214003 -0.00209369 -0.00204521 -0.00195851 -0.00192539 -0.00196887 -0.00195548 -0.00179017 -0.00200533 -0.00181429 -0.00175862 -0.00183879 -0.0018884 -0.0017467 -0.00184537 -0.00176065 -0.00183385 -0.00184089 -0.00192106 -0.00183226 -0.00195063 -0.00168523 -0.00170141 -0.00177591 -0.00177353 -0.00176986 -0.00174399 -0.00174165 -0.00168401 -0.00177636 -0.00168849 -0.00178907 -0.00162907 -0.00166442 -0.00163861 -0.00173978 -0.00175135 -0.00168352 -0.00158798 -0.00173845 -0.00178968 -0.00164015 -0.00175648 -0.00165207 -0.00167172 -0.00165113 -0.00181599 -0.00168481 -0.00169446 -0.00162178 -0.00163517 -0.00164919 -0.001652 -0.0016588 -0.00179171 -0.00168594 -0.0016683 -0.001699 -0.00168374 -0.00167252 -0.00175809 -0.00168741 -0.00157371 -0.00167815 -0.00164375 -0.0017291 -0.00168397 -0.00180701 -0.00175673 -0.00168674 -0.00172817 -0.00168427 -0.00174114 -0.00163769 -0.00164279 
-0.00177164 -0.00182806 -0.00188325 -0.00170825 -0.00167889 -0.00167982 -0.00159151 -0.00139001 0.00223439 0.00224207 0.00264572 0.00276863 0.00274417 0.140591 0.00284734 0.00273622 0.00276892 0.0025834 0.00249291 -0.0017386 -0.00186663 -0.00190724 -0.00201955 -0.00207497 -0.00220392 -0.00236334 -0.00218281 -0.00212241 -0.00217953 -0.00203525 -0.00215194 -0.00208728 -0.00212109 -0.00205764 -0.00197259 -0.00185718 -0.00205641 -0.00192337 -0.00195745 -0.00186702 -0.00189093 -0.00189829 -0.00199454 -0.00196557 -0.00198238 -0.00193943 -0.00181244 -0.00177167 -0.00182697 -0.00183863 -0.00177002 -0.00189126 -0.00187074 -0.00178187 -0.00189133 -0.00194014 -0.00182112 -0.00184227 -0.00179024 -0.00186088 -0.00190683 -0.00169597 -0.00181637 -0.00174397 -0.00187276 -0.00184585 -0.00188218 -0.0019018 -0.00187037 -0.00186125 -0.00181378 -0.00186506 -0.00173648 -0.0018669 -0.00170642 -0.00174519 -0.00168121 -0.00182125 -0.00190017 -0.00186733 -0.00183198 -0.00190894 -0.00189908 -0.00183741 -0.00184826 -0.0019106 -0.00188322 -0.00167788 -0.00178272 -0.0018732 -0.00180444 -0.00182497 -0.00187492 -0.00180125 -0.00180757 -0.00178601 -0.00177644 -0.00192316 -0.00177377 -0.00176916 
-0.00175133 -0.00182382 -0.00189245 -0.00182777 -0.0019038 -0.0017656 -0.00172376 -0.00170787 -0.0015863 -0.00143393 0.00233242 0.00243888 0.0024346 0.00284734 0.139538 0.0030742 0.00304537 0.0026417 0.00263115 0.00260254 -0.00167399 -0.00170131 -0.001766 -0.00199726 -0.00214979 -0.00225372 -0.00213697 -0.002079 -0.00203605 -0.00195203 -0.00205395 -0.00201677 -0.00205851 -0.00197905 -0.00180589 -0.00186394 -0.0020274 -0.001963 -0.00194392 -0.00192073 -0.00181486 -0.00182856 -0.00189076 -0.00192625 -0.00193788 -0.00186123 -0.00174761 -0.00170576 -0.00180562 -0.00171182 -0.00175424 -0.00175991 -0.00176145 -0.00173707 -0.00178852 -0.0017797 -0.00178169 -0.00179151 -0.00187882 -0.00177495 -0.00183111 -0.00178801 -0.00165202 -0.00171334 -0.00178213 -0.00178198 -0.00173948 -0.00177591 -0.00179021 -0.00170565 -0.00175648 -0.00177659 -0.00178273 -0.00181024 -0.00171924 -0.00177292 -0.00165495 -0.00180445 -0.00182449 -0.00182493 -0.00182359 -0.00178994 -0.00180373 -0.00184687 -0.00170956 -0.00178605 -0.00181978 -0.00169595 -0.00165692 -0.0017598 -0.00182127 -0.0017836 -0.0017533 -0.00178656 -0.00182754 -0.00169699 -0.00183305 -0.0017879 -0.0017925 -0.00169052 
-0.00174616 -0.00179016 -0.00187145 -0.00184671 -0.00176673 -0.00185287 -0.00173676 -0.00158047 -0.00155906 -0.00145216 0.00245193 0.00252841 0.00245716 0.00273622 0.0030742 0.14107 0.00297741 0.00285023 0.00281261 0.00258067 -0.00165616 -0.00170362 -0.00185903 -0.00190281 -0.00208908 -0.00228977 -0.00215625 -0.00211996 -0.00200896 -0.00198786 -0.00213498 -0.00214856 -0.00196856 -0.0019463 -0.00194686 -0.00189023 -0.00197033 -0.00200806 -0.00190995 -0.00202857 -0.00188235 -0.00187605 -0.00199494 -0.00192235 -0.00197047 -0.00192432 -0.00182241 -0.00188127 -0.00188957 -0.00183923 -0.00181045 -0.00180627 -0.00192589 -0.00180402 -0.00184914 -0.0019 -0.001814 -0.00174121 -0.00179888 -0.00185711 -0.0017757 -0.00176864 -0.00176728 -0.00183293 -0.0018454 -0.00176826 -0.00178009 -0.00184288 -0.00187723 -0.00175464 -0.00183228 -0.00178534 -0.00176507 -0.00181045 -0.00170967 -0.00170078 -0.00166231 -0.0017995 -0.001755 -0.0018287 -0.00186834 -0.00173703 -0.00185299 -0.00171792 -0.00176214 -0.00174833 -0.00174064 -0.00171044 -0.00169004 -0.00189201 -0.00183024 -0.00187571 -0.00185522 -0.00179687 -0.00182051 -0.00179494 -0.00175909 -0.00174588 -0.00171295 -0.00172661 
-0.00194736 -0.00199396 -0.00187028 -0.00198727 -0.00195227 -0.00205476 -0.00199669 -0.00194681 -0.00177526 -0.00171734 -0.00156649 0.00237925 0.00256441 0.00276892 0.00304537 0.00297741 0.146141 0.00309759 0.00306191 0.0029757 0.00260978 0.00264702 -0.00163713 -0.00183776 -0.00196207 -0.00213033 -0.00221232 -0.00220307 -0.00221606 -0.00210661 -0.00220578 -0.00219696 -0.002073 -0.00209563 -0.00197555 -0.00207124 -0.00208078 -0.00215406 -0.00196508 -0.00205093 -0.0020339 -0.0019724 -0.00205131 -0.00207644 -0.00205805 -0.00212551 -0.00197701 -0.00186019 -0.00205348 -0.00194206 -0.00196984 -0.00195908 -0.00196427 -0.00186009 -0.00199037 -0.0018986 -0.00194007 -0.00189345 -0.00191509 -0.00194396 -0.00194507 -0.00195786 -0.00179753 -0.00189114 -0.00189734 -0.00183561 -0.00195592 -0.00193117 -0.00194106 -0.00198233 -0.00193184 -0.00194854 -0.00196464 -0.00199667 -0.00190366 -0.00183339 -0.00180825 -0.00188026 -0.00180873 -0.00192371 -0.00192474 -0.00193277 -0.00198115 -0.00194093 -0.00183676 -0.00193217 -0.00199698 -0.00182208 -0.00187756 -0.00198722 -0.00198558 -0.00196806 -0.00195587 -0.00192351 -0.00196435 -0.00190439 -0.00191534 -0.00195826 -0.00194708 -0.00191116 
-0.00195487 -0.00192356 -0.00192455 -0.00194283 -0.00191791 -0.00202323 -0.00204634 -0.00202919 -0.0019018 -0.00183229 -0.00166463 -0.00171855 -0.00155519 0.0025834 0.0026417 0.00285023 0.00309759 0.144859 0.00326507 0.00323587 0.00281826 0.00272312 0.00264091 -0.0016263 -0.00182766 -0.00207204 -0.0019748 -0.00211983 -0.00217584 -0.0020492 -0.00214403 -0.00202468 -0.00203762 -0.00204446 -0.00195478 -0.00199671 -0.00209887 -0.00204656 -0.00194137 -0.00199888 -0.00187278 -0.00180678 -0.00202691 -0.00198243 -0.0019682 -0.00204798 -0.00188216 -0.00196736 -0.00186931 -0.00181607 -0.00188617 -0.00186641 -0.00192448 -0.00188377 -0.00187737 -0.00185032 -0.00193167 -0.0019061 -0.00191873 -0.00187814 -0.00188476 -0.00188496 -0.00171501 -0.0019037 -0.00182845 -0.00186221 -0.00183602 -0.00183264 -0.00183243 -0.00183935 -0.00183892 -0.00191385 -0.00181003 -0.00192114 -0.00177669 -0.00185099 -0.00180434 -0.00188232 -0.00182636 -0.00189695 -0.00187814 -0.00191865 -0.00190897 -0.00187503 -0.00172909 -0.00189314 -0.00183472 -0.00181759 -0.00173773 -0.00181684 -0.00192031 -0.00186723 -0.0018036 -0.00185531 -0.00178907 -0.00194241 -0.00184648 -0.00186123 -0.00192165 -0.00182533 
-0.00188715 -0.0018671 -0.00179704 -0.00191846 -0.00196142 -0.00208385 -0.00199334 -0.00205017 -0.00200917 -0.00190803 -0.00181125 -0.00157886 -0.00161586 0.00249291 0.00263115 0.00281261 0.00306191 0.00326507 0.145447 0.00324268 0.00281378 0.00276999 0.00271549 -0.00172867 -0.00185688 -0.00189474 -0.00202062 -0.00209772 -0.00203369 -0.00210332 -0.00216764 -0.00208495 -0.00214495 -0.00200673 -0.00206712 -0.00200696 -0.00198148 -0.00211239 -0.00204476 -0.00200048 -0.00195932 -0.00193858 -0.00194444 -0.00197744 -0.00202804 -0.00193599 -0.0020008 -0.00177347 -0.00184705 -0.00191754 -0.00182242 -0.0018103 -0.00188352 -0.00177727 -0.00185585 -0.00186747 -0.00195709 -0.00190174 -0.00185035 -0.00189285 -0.00192598 -0.00189108 -0.00182867 -0.00178197 -0.00183393 -0.00183908 -0.00188922 -0.00190163 -0.00187025 -0.00182762 -0.00185543 -0.00189845 -0.00195296 -0.00192179 -0.00183733 -0.00175768 -0.00167182 -0.00185334 -0.00181132 -0.00183164 -0.00192343 -0.00185462 -0.00192092 -0.00191035 -0.00182077 -0.00186098 -0.00176905 -0.00184699 -0.00187578 -0.00195513 -0.00184539 -0.00186806 -0.00190908 -0.00192348 -0.00187593 -0.00185821 -0.00186414 -0.00190859 -0.00187022 -0.00183428 
-0.00199996 -0.00204624 -0.00199474 -0.00197902 -0.00195256 -0.00207829 -0.00208655 -0.00217834 -0.00225725 -0.00217771 -0.001901 -0.00189858 -0.00185357 -0.0017386 0.00260254 0.00258067 0.0029757 0.00323587 0.00324268 0.14952 0.00323604 0.00321096 0.00296549 0.00262298 0.0025594 -0.00170231 -0.00185033 -0.00204698 -0.00210426 -0.0020357 -0.00224311 -0.00233587 -0.00222321 -0.00213799 -0.00207713 -0.00208867 -0.0021188 -0.00209434 -0.00213214 -0.00219846 -0.00201159 -0.00209827 -0.00209398 -0.00218573 -0.00208144 -0.00210305 -0.00199443 -0.00202473 -0.00193158 -0.00195181 -0.00203104 -0.00201752 -0.00196558 -0.00194208 -0.00194658 -0.00201585 -0.00205915 -0.00216793 -0.00199171 -0.00200247 -0.00201418 -0.0020209 -0.00184173 -0.00194346 -0.00196953 -0.00193006 -0.00197268 -0.00201096 -0.00190411 -0.00201368 -0.00184195 -0.00198959 -0.00188274 -0.00190917 -0.00189508 -0.00187428 -0.00188949 -0.00200319 -0.00199577 -0.00191317 -0.00204496 -0.00192935 -0.00197702 -0.00198752 -0.00203285 -0.00191846 -0.00199592 -0.00205984 -0.00189956 -0.00192982 -0.00192181 -0.00196733 -0.00196122 -0.00195087 -0.00207251 -0.00205663 -0.001965 -0.00209743 -0.00204924 -0.00197062 
-0.00189632 -0.00198907 -0.00191503 -0.00193034 -0.00200554 -0.00196422 -0.0020636 -0.00206247 -0.00216942 -0.0020167 -0.0020366 -0.00202568 -0.00192603 -0.00186663 -0.00167399 -0.00165616 0.00260978 0.00281826 0.00281378 0.00323604 0.146546 0.00329659 0.00312748 0.00279138 0.00273445 0.00263013 -0.00173896 -0.00175001 -0.00194938 -0.00186918 -0.00206051 -0.00216473 -0.00218557 -0.00210061 -0.00186337 -0.00197145 -0.00201958 -0.0020764 -0.00194581 -0.00206752 -0.0019097 -0.00205458 -0.00201274 -0.00197002 -0.00207004 -0.00206326 -0.00194626 -0.00192648 -0.00187766 -0.00190375 -0.00190602 -0.00189112 -0.00180859 -0.00186322 -0.00184685 -0.0018919 -0.00188606 -0.00182283 -0.0019024 -0.00191333 -0.00191687 -0.00188731 -0.00180283 -0.00187716 -0.00187854 -0.00190889 -0.00183405 -0.00191341 -0.00183231 -0.00185219 -0.00189961 -0.00192233 -0.00188177 -0.00182574 -0.00187598 -0.00184909 -0.00178082 -0.00201449 -0.00191406 -0.00185654 -0.00194634 -0.00180792 -0.00186149 -0.00195783 -0.00181244 -0.0018689 -0.00190323 -0.00176943 -0.00176557 -0.00185763 -0.00202673 -0.00191857 -0.00190696 -0.00191912 -0.00194955 -0.00191934 -0.00186644 -0.00185465 -0.0019302 -0.00180995 
-0.00192199 -0.00185074 -0.00198613 -0.0019172 -0.00188039 -0.0021066 -0.00209715 -0.00208021 -0.00205821 -0.00206797 -0.00216103 -0.00207524 -0.00197712 -0.00190724 -0.00170131 -0.00170362 0.00264702 0.00272312 0.00276999 0.00321096 0.00329659 0.146589 0.00314441 0.00274659 0.00288557 0.00256934 -0.00165575 -0.00176349 -0.00194233 -0.00189514 -0.00201438 -0.00208141 -0.00207806 -0.00215502 -0.00201707 -0.00205251 -0.00204616 -0.0020562 -0.0020216 -0.002048 -0.0019767 -0.00189133 -0.00196851 -0.00211365 -0.00198558 -0.0019614 -0.00185359 -0.00184115 -0.00185336 -0.0018698 -0.00193037 -0.00188954 -0.00193723 -0.00191669 -0.00182749 -0.00194138 -0.0018593 -0.00189587 -0.00193057 -0.00186634 -0.00183068 -0.0019846 -0.00182206 -0.00187449 -0.00192341 -0.00192361 -0.00191229 -0.00182559 -0.00193866 -0.00174066 -0.00189747 -0.00191644 -0.00184743 -0.00183649 -0.0018775 -0.00184205 -0.00183691 -0.00183615 -0.00183996 -0.00185832 -0.00182073 -0.00186846 -0.00190943 -0.00194646 -0.00193942 -0.00183672 -0.00194842 -0.00177695 -0.00192419 -0.00185832 -0.00192532 -0.00184264 -0.00181667 -0.00190739 -0.00189005 -0.00187015 -0.0018928 -0.00192959 -0.00184879 -0.00183664 
-0.00199888 -0.00197737 -0.00186632 -0.00184577 -0.00192547 -0.00201339 -0.00202298 -0.00213826 -0.00210928 -0.00205192 -0.0021038 -0.00221173 -0.0021578 -0.00201955 -0.001766 -0.00185903 -0.00163713 0.00264091 0.00271549 0.00296549 0.00312748 0.00314441 0.145505 0.00298441 0.0029383 0.00273025 0.00239164 -0.00163045 -0.00163221 -0.00166269 -0.00191625 -0.00203168 -0.00206686 -0.00195698 -0.00202341 -0.0019986 -0.0020714 -0.0019732 -0.00197113 -0.0019767 -0.00189491 -0.00183161 -0.00184055 -0.00197805 -0.00188448 -0.00199922 -0.00193721 -0.00187519 -0.00183097 -0.00187598 -0.00183556 -0.00178975 -0.00182017 -0.00186669 -0.00181224 -0.00194365 -0.00189846 -0.00186464 -0.00179458 -0.00190767 -0.00191307 -0.00189117 -0.00178623 -0.00178723 -0.00194129 -0.00188642 -0.0019425 -0.00194845 -0.00183154 -0.0017905 -0.00185831 -0.00185083 -0.00186687 -0.00186769 -0.0017818 -0.00177803 -0.00174956 -0.0019245 -0.00194223 -0.00187473 -0.00185565 -0.00203453 -0.00189861 -0.00187286 -0.00183026 -0.00190838 -0.00192933 -0.00191878 -0.00177615 -0.0018625 -0.00194284 -0.00190402 -0.00183536 -0.00188839 -0.00191342 -0.0018749 -0.00190337 -0.00191185 -0.00190179 -0.00186999 
-0.00176502 -0.00181575 -0.00185535 -0.00176799 -0.00181095 -0.00182739 -0.00192112 -0.00187498 -0.00199435 -0.00191016 -0.00210406 -0.00213882 -0.0019656 -0.00207497 -0.00199726 -0.00190281 -0.00183776 -0.0016263 -0.00172867 0.00262298 0.00279138 0.00274659 0.00298441 0.141124 0.00298484 0.00277788 0.00260854 0.00238645 -0.0014419 -0.00152684 -0.00165753 -0.00174529 -0.00180628 -0.00196257 -0.00180025 -0.00191251 -0.00193412 -0.00188392 -0.00191711 -0.00192097 -0.00179703 -0.00184836 -0.00184169 -0.0018973 -0.00190451 -0.00187588 -0.00178569 -0.00176628 -0.00168265 -0.00174098 -0.00175777 -0.00175759 -0.0017471 -0.0018069 -0.00178598 -0.00176129 -0.00178034 -0.00171281 -0.00179021 -0.00178281 -0.00176619 -0.00171234 -0.00170433 -0.00164724 -0.00173506 -0.00175256 -0.00185403 -0.0017645 -0.00175398 -0.00173296 -0.00173649 -0.00184023 -0.00175504 -0.00174823 -0.00173703 -0.00163183 -0.00153396 -0.00175312 -0.00178489 -0.0017286 -0.00176734 -0.00184757 -0.00175956 -0.00177862 -0.00182562 -0.00177552 -0.00179126 -0.00167289 -0.00168322 -0.0017537 -0.00175634 -0.00171313 -0.00185445 -0.00174704 -0.001737 -0.00174865 -0.00173838 -0.0017382 -0.00175108 -0.00166293 
-0.00198466 -0.00192993 -0.00195643 -0.00200949 -0.00195087 -0.00217745 -0.00204179 -0.00208518 -0.00225355 -0.00214493 -0.00228009 -0.00233455 -0.00224643 -0.00220392 -0.00214979 -0.00208908 -0.00196207 -0.00182766 -0.00185688 0.0025594 0.00273445 0.00288557 0.0029383 0.00298484 0.146185 0.00312479 0.00268352 0.00266752 0.0024548 0.00250844 -0.00159756 -0.00175041 -0.00181863 -0.00185399 -0.00203928 -0.00208429 -0.00206934 -0.00206683 -0.00208111 -0.00211121 -0.00198 -0.00199864 -0.0021325 -0.00198333 -0.00198126 -0.00199383 -0.00197294 -0.00196696 -0.00197371 -0.00201665 -0.0018873 -0.00194068 -0.0018576 -0.00188248 -0.00188759 -0.00193068 -0.00197765 -0.00201917 -0.00193774 -0.00187365 -0.00193951 -0.00194015 -0.00179105 -0.00175746 -0.00186069 -0.00188495 -0.00191079 -0.00182487 -0.00189761 -0.001879 -0.00197372 -0.00194397 -0.00187008 -0.00202445 -0.00186493 -0.00188718 -0.00181111 -0.00192537 -0.00188765 -0.0019556 -0.00192346 -0.00192233 -0.00194758 -0.00189998 -0.00184528 -0.00199051 -0.00189425 -0.00188697 -0.00170802 -0.00191762 -0.00188787 -0.00186989 -0.00188211 -0.00189294 -0.00190766 -0.00178504 -0.00191347 -0.0018725 -0.00192079 -0.00187664 
-0.00189184 -0.00191547 -0.00185025 -0.00201503 -0.00195722 -0.00203727 -0.00216177 -0.00205367 -0.00214411 -0.00212604 -0.00226829 -0.00221745 -0.00214003 -0.00236334 -0.00225372 -0.00228977 -0.00213033 -0.00207204 -0.00189474 -0.00170231 0.00263013 0.00256934 0.00273025 0.00277788 0.00312479 0.144029 0.0028175 0.00273406 0.00269688 0.0025587 0.00239316 -0.00150741 -0.00154572 -0.00170966 -0.0018621 -0.00195025 -0.00186522 -0.00203782 -0.00193871 -0.00194849 -0.00190946 -0.00187606 -0.00197137 -0.00204246 -0.0019781 -0.00191041 -0.00190306 -0.00182263 -0.00183527 -0.00191441 -0.00186912 -0.00205577 -0.00196101 -0.00186168 -0.00192856 -0.0019035 -0.00179978 -0.00189423 -0.00193944 -0.00187006 -0.0017328 -0.00189877 -0.00197615 -0.00181102 -0.00187487 -0.00185003 -0.0019065 -0.00186079 -0.00183807 -0.00187372 -0.00193542 -0.0018646 -0.0019502 -0.00188229 -0.00184771 -0.00179208 -0.00172196 -0.00189695 -0.0018614 -0.00192089 -0.0019736 -0.00189821 -0.00195275 -0.00190684 -0.00190429 -0.00188804 -0.00193713 -0.00182519 -0.00174196 -0.00190506 -0.00187207 -0.00188405 -0.00183817 -0.00186211 -0.00181434 -0.00195614 -0.00184844 -0.00188922 -0.00186465 -0.00190688 
-0.00173732 -0.00185338 -0.0018173 -0.00182426 -0.00178604 -0.00186909 -0.00192905 -0.00195921 -0.00201714 -0.00195728 -0.00197768 -0.00216946 -0.00209369 -0.00218281 -0.00213697 -0.00215625 -0.00221232 -0.0019748 -0.00202062 -0.00185033 -0.00173896 -0.00165575 0.00239164 0.00260854 0.00268352 0.0028175 0.139032 0.00270631 0.00266709 0.00261795 0.00247568 0.00227892 -0.00138937 -0.0014367 -0.00168778 -0.0016152 -0.0017327 -0.0019179 -0.00196606 -0.0018148 -0.00174157 -0.00188469 -0.00186392 -0.0019216 -0.00184565 -0.00175493 -0.00181964 -0.00184696 -0.00176937 -0.0017907 -0.00184907 -0.00172665 -0.00172555 -0.0017693 -0.00176137 -0.00180936 -0.00180932 -0.00175601 -0.00176771 -0.00183925 -0.00177197 -0.00178809 -0.00180533 -0.00162575 -0.00175688 -0.00174025 -0.00175013 -0.0017074 -0.0018122 -0.00172213 -0.00177093 -0.00182144 -0.00176475 -0.00176037 -0.00164 -0.00165369 -0.00161385 -0.00180942 -0.00172558 -0.0016598 -0.00176565 -0.00170185 -0.00173039 -0.00178477 -0.0017141 -0.00175792 -0.00172561 -0.00167926 -0.00174858 -0.00172108 -0.00184715 -0.00175551 -0.00174811 -0.00177438 -0.00174411 -0.00171093 -0.00173796 -0.00180252 -0.0018119 -0.00178469 
-0.00175728 -0.00180357 -0.00184952 -0.00177785 -0.00182644 -0.00200703 -0.00186984 -0.00202207 -0.00191052 -0.00187623 -0.00200807 -0.0020565 -0.00204521 -0.00212241 -0.002079 -0.00211996 -0.00220307 -0.00211983 -0.00209772 -0.00204698 -0.00175001 -0.00176349 -0.00163045 0.00238645 0.00266752 0.00273406 0.00270631 0.137012 0.00274873 0.00273181 0.00265861 0.00236424 0.00232024 -0.00130926 -0.0015033 -0.00144402 -0.00159987 -0.00168707 -0.00183359 -0.00190239 -0.00170972 -0.00183942 -0.00177557 -0.00178001 -0.00177921 -0.00183649 -0.00169369 -0.00175965 -0.00178962 -0.00176512 -0.0017415 -0.0017849 -0.00181323 -0.00165952 -0.00175817 -0.00169579 -0.00165188 -0.00180597 -0.00181927 -0.0017716 -0.0017393 -0.00178899 -0.00177551 -0.00169231 -0.00172858 -0.00176641 -0.00182297 -0.00174939 -0.00167287 -0.00174076 -0.00175203 -0.00171096 -0.00172912 -0.00179631 -0.00161236 -0.00164834 -0.00172104 -0.00170154 -0.00163458 -0.00174844 -0.00171536 -0.00173911 -0.00171785 -0.00164782 -0.00181828 -0.00175056 -0.00177997 -0.00161864 -0.00178018 -0.00178416 -0.00168166 -0.00176386 -0.00171224 -0.00174252 -0.00165073 -0.00179298 -0.00175364 -0.00168051 -0.00174988 -0.00166559 
-0.00171384 -0.00175649 -0.00175741 -0.00177033 -0.00179779 -0.0018109 -0.00194382 -0.0018275 -0.00194764 -0.00192553 -0.00199318 -0.00210023 -0.00195851 -0.00217953 -0.00203605 -0.00200896 -0.00221606 -0.00217584 -0.00203369 -0.00210426 -0.00194938 -0.00194233 -0.00163221 -0.0014419 0.0024548 0.00269688 0.00266709 0.00274873 0.135418 0.00282107 0.00266155 0.00250275 0.00231547 0.00216524 -0.00144919 -0.00142946 -0.00149359 -0.00168927 -0.00177739 -0.00178486 -0.00175499 -0.00176842 -0.00175682 -0.00181388 -0.00181994 -0.00183234 -0.00171538 -0.00173024 -0.00174343 -0.00179032 -0.00177143 -0.00172734 -0.00170468 -0.00175204 -0.00167565 -0.00160884 -0.00166421 -0.00169565 -0.00169717 -0.00164109 -0.00164606 -0.00167881 -0.00160365 -0.00159873 -0.00166369 -0.00173587 -0.00174078 -0.00173886 -0.00173737 -0.0016868 -0.0016643 -0.00175813 -0.0017529 -0.00183916 -0.00170441 -0.00163534 -0.00171649 -0.0017168 -0.00175288 -0.00174244 -0.00168429 -0.00181527 -0.00183403 -0.00170464 -0.00169015 -0.0017175 -0.00174069 -0.00164931 -0.00157362 -0.00174035 -0.00162719 -0.00172917 -0.00176479 -0.00170143 -0.00164685 -0.00167883 -0.00168514 -0.0016908 -0.00169849 -0.00165466 
-0.00176295 -0.00171621 -0.00173869 -0.00171204 -0.00168424 -0.00178501 -0.00194289 -0.00186259 -0.00191148 -0.00185683 -0.00201962 -0.0019644 -0.00192539 -0.00203525 -0.00195203 -0.00198786 -0.00210661 -0.0020492 -0.00210332 -0.0020357 -0.00186918 -0.00189514 -0.00166269 -0.00152684 0.00250844 0.0025587 0.00261795 0.00273181 0.00282107 0.133956 0.00272183 0.00235513 0.00234792 0.00220945 -0.00134938 -0.00134353 -0.00146269 -0.00160325 -0.00165168 -0.00183949 -0.00168906 -0.00176385 -0.00173548 -0.00181483 -0.00177317 -0.00187254 -0.00172348 -0.00171246 -0.00160295 -0.0017637 -0.00166461 -0.00173264 -0.00175663 -0.00161844 -0.00169753 -0.00168168 -0.00169837 -0.00182192 -0.00166178 -0.0017305 -0.0016356 -0.00169187 -0.00164133 -0.00156203 -0.00166966 -0.00163118 -0.00172576 -0.00170492 -0.00177601 -0.00175466 -0.00174859 -0.00165838 -0.00173224 -0.00166756 -0.00163533 -0.00157734 -0.00157586 -0.00170918 -0.00174584 -0.00176731 -0.00176834 -0.00173988 -0.00176888 -0.00170823 -0.00172542 -0.00184637 -0.00179022 -0.00172805 -0.00165682 -0.00171287 -0.0015806 -0.00172132 -0.00168505 -0.00177594 -0.00175678 -0.00171719 -0.00165358 -0.00166768 -0.00173203 -0.00161098 
-0.00169209 -0.00182847 -0.00182849 -0.00178564 -0.00180147 -0.00184112 -0.00195269 -0.00193732 -0.00194819 -0.00192688 -0.00210037 -0.0020805 -0.00196887 -0.00215194 -0.00205395 -0.00213498 -0.00220578 -0.00214403 -0.00216764 -0.00224311 -0.00206051 -0.00201438 -0.00191625 -0.00165753 -0.00159756 0.00239316 0.00247568 0.00265861 0.00266155 0.00272183 0.134625 0.0026989 0.00257163 0.00252738 0.00215231 0.00214013 -0.00131726 -0.00145144 -0.00152393 -0.00162983 -0.00167742 -0.00181825 -0.00177386 -0.00192016 -0.00179352 -0.00185339 -0.00177969 -0.00171758 -0.001831 -0.00184209 -0.00181251 -0.00183198 -0.00176684 -0.00171124 -0.0017428 -0.00177995 -0.00174081 -0.0016352 -0.00178909 -0.00172799 -0.00168997 -0.00170819 -0.00156048 -0.00173833 -0.00171331 -0.00170989 -0.00170725 -0.00174161 -0.00175337 -0.00181197 -0.0018005 -0.0018387 -0.00176777 -0.00171548 -0.00169752 -0.00167398 -0.00161404 -0.00176391 -0.00180052 -0.00171416 -0.00178636 -0.0017168 -0.00177648 -0.00175027 -0.00172426 -0.00178307 -0.00171592 -0.00164697 -0.00159223 -0.00179888 -0.00174221 -0.0017645 -0.00177433 -0.00171895 -0.00164861 -0.00174168 -0.00175352 -0.001713 -0.00179814 -0.00165145 
-0.00171051 -0.00163961 -0.00171063 -0.00168815 -0.00180362 -0.0017374 -0.00187012 -0.00197675 -0.0019874 -0.00191455 -0.00205247 -0.00206577 -0.00195548 -0.00208728 -0.00201677 -0.00214856 -0.00219696 -0.00202468 -0.00208495 -0.00233587 -0.00216473 -0.00208141 -0.00203168 -0.00174529 -0.00175041 -0.00150741 0.00227892 0.00236424 0.00250275 0.00235513 0.0026989 0.133241 0.00253634 0.00246124 0.002247 0.00228812 0.00211672 -0.00125429 -0.00133901 -0.00154145 -0.00171533 -0.00167192 -0.00173544 -0.00181834 -0.00182313 -0.00173576 -0.00173143 -0.00173393 -0.00172269 -0.00174987 -0.0017692 -0.00170517 -0.00175037 -0.00172434 -0.00178721 -0.00166476 -0.001705 -0.00172026 -0.0017683 -0.00170302 -0.0016999 -0.00174342 -0.00160575 -0.00169734 -0.0016921 -0.00174698 -0.00165441 -0.00167814 -0.00176791 -0.00169164 -0.00169486 -0.0017161 -0.00165914 -0.00166316 -0.00155239 -0.00165161 -0.00163686 -0.0017481 -0.00174971 -0.00171954 -0.00176355 -0.00171108 -0.00172973 -0.0016493 -0.00173808 -0.00170558 -0.00165321 -0.00164985 -0.00166188 -0.00169384 -0.00176433 -0.00169109 -0.00169968 -0.0017094 -0.00165385 -0.00180178 -0.00174819 -0.00177911 -0.00173189 -0.00162709 
-0.00169454 -0.00174319 -0.00166806 -0.0016656 -0.00179514 -0.00183731 -0.00176513 -0.00199797 -0.00190781 -0.0018929 -0.00198357 -0.00193759 -0.00179017 -0.00212109 -0.00205851 -0.00196856 -0.002073 -0.00203762 -0.00214495 -0.00222321 -0.00218557 -0.00207806 -0.00206686 -0.00180628 -0.00181863 -0.00154572 -0.00138937 0.00232024 0.00231547 0.00234792 0.00257163 0.00253634 0.131559 0.00252546 0.00240235 0.00227862 0.00211754 0.00201742 -0.00130349 -0.00146083 -0.00149517 -0.00153065 -0.00170821 -0.00183312 -0.00178684 -0.00176668 -0.00172793 -0.00172439 -0.00163313 -0.00174422 -0.00166223 -0.00166816 -0.00167444 -0.00168378 -0.00169895 -0.00167914 -0.00171922 -0.00171422 -0.00169546 -0.00174094 -0.00164725 -0.0016647 -0.00160479 -0.00160958 -0.00168848 -0.00165351 -0.00172628 -0.00167294 -0.0016466 -0.001697 -0.00168711 -0.00166297 -0.00168539 -0.00170964 -0.00165593 -0.00164935 -0.0015829 -0.0016035 -0.00173534 -0.00172566 -0.001701 -0.00174704 -0.00175184 -0.0017283 -0.00169966 -0.00161496 -0.00177593 -0.00162924 -0.00159775 -0.001753 -0.00173497 -0.00166235 -0.00172252 -0.00167471 -0.00171755 -0.00163141 -0.00166626 -0.00169244 -0.00172539 -0.00160898 
