0.123117 0.00229137 0.0022312 0.00212783 0.00204334 0.00199798 -0.00113067 -0.00127641 -0.00144013 -0.00139139 -0.00165838 -0.0017488 -0.00175478 -0.00180664 -0.00178529 -0.00176003 -0.00193656 -0.00188141 -0.00185979 -0.00208463 -0.00185903 -0.00185738 -0.00191997 -0.00177409 -0.00198959 -0.00185857 -0.001859 -0.00179593 -0.00169087 -0.00175343 -0.00176695 -0.00176864 -0.00171081 -0.00171971 -0.00155542 -0.0016458 -0.00166266 -0.0016513 -0.0016086 -0.00170288 -0.00155956 -0.00161129 -0.00162343 -0.00168395 -0.0015736 -0.00154485 -0.00153229 -0.00155742 -0.00151605 -0.00151084 -0.00153394 -0.00151452 -0.00144637 -0.00154026 -0.00153253 -0.00144867 -0.00157399 -0.00153014 -0.00142674 -0.00150727 -0.00150156 -0.00157715 -0.0013989 -0.00140567 -0.00149715 -0.00154048 -0.00148351 -0.0014837 -0.00149007 -0.00148321 -0.0015854 -0.00154513 -0.00153951 -0.00154634 -0.00134722 -0.00139338 -0.00140396 -0.00152537 -0.00141701 -0.00145396 -0.00151546 -0.0015031 -0.0015113 -0.0015139 -0.0014695 -0.00149772 -0.00152409 -0.00144573 -0.00138166 -0.00154654 -0.00140813 -0.00140187 -0.00129633 -0.00125029 -0.00132185 -0.00121217 0.00185385 0.00197509 0.00203508 0.00217888 
0.00229137 0.12354 0.00229799 0.00216261 0.00217577 0.00201729 0.0019681 -0.00123151 -0.00129247 -0.00140254 -0.00159157 -0.00173695 -0.00169243 -0.00175849 -0.00173663 -0.00182294 -0.00187324 -0.00184577 -0.00194622 -0.00201343 -0.00181094 -0.00184104 -0.00188061 -0.0017892 -0.00196338 -0.00188368 -0.00178472 -0.00175104 -0.001669 -0.00179223 -0.00176304 -0.00172987 -0.00169623 -0.00163124 -0.00151506 -0.00151313 -0.0016562 -0.0016988 -0.00165655 -0.00167917 -0.00154431 -0.00161248 -0.00161367 -0.00161277 -0.0016718 -0.00159491 -0.0015959 -0.00148115 -0.00154084 -0.00152218 -0.00148042 -0.00155668 -0.00149219 -0.00150462 -0.0015082 -0.00155617 -0.00147829 -0.00149579 -0.00154464 -0.00155772 -0.00153985 -0.00147303 -0.0014493 -0.00144167 -0.00154476 -0.00151507 -0.00148442 -0.0015107 -0.00153844 -0.00156104 -0.00151466 -0.00143453 -0.00147777 -0.00148502 -0.00136419 -0.00147001 -0.00132525 -0.00151644 -0.00151455 -0.00147384 -0.00147556 -0.00156399 -0.00145911 -0.00154267 -0.00148315 -0.00151074 -0.0015515 -0.00150109 -0.00153609 -0.00162999 -0.0014442 -0.00157008 -0.00148846 -0.00137203 -0.00137006 -0.00135806 -0.0011923 0.00185564 0.00198466 0.00200467 
0.0022312 0.00229799 0.123887 0.00239393 0.0021876 0.00226716 0.0021151 0.00199505 -0.00117624 -0.00117822 -0.00139954 -0.00166716 -0.00161942 -0.0018758 -0.00176561 -0.00188271 -0.00205379 -0.00184247 -0.00182386 -0.001989 -0.00193768 -0.00193385 -0.00204861 -0.00189817 -0.00197758 -0.00191182 -0.00183815 -0.00172516 -0.00173187 -0.00177219 -0.00182914 -0.00173641 -0.00181709 -0.00172638 -0.00164444 -0.00161911 -0.00168981 -0.00166248 -0.00154713 -0.00168605 -0.0015494 -0.00155928 -0.00164615 -0.001647 -0.00166392 -0.00160323 -0.00148797 -0.00149143 -0.00150439 -0.00152091 -0.00150542 -0.00144518 -0.00147924 -0.00158385 -0.0015468 -0.00159789 -0.00153708 -0.00153882 -0.0015079 -0.00158087 -0.00150928 -0.00157743 -0.00145213 -0.00151716 -0.00157972 -0.00144228 -0.00150545 -0.00153199 -0.00154205 -0.00146691 -0.00145257 -0.0015388 -0.00152652 -0.00143969 -0.00141292 -0.00148358 -0.00137149 -0.00144582 -0.0015242 -0.00151707 -0.0014617 -0.00160738 -0.00151716 -0.00156839 -0.00156361 -0.00156001 -0.00149745 -0.00141772 -0.00134731 -0.00149239 -0.00146424 -0.00151162 -0.00157981 -0.00150356 -0.00147549 -0.00137337 -0.00126456 -0.00115214 0.001881 0.00194227 
0.00212783 0.00216261 0.00239393 0.124471 0.00236455 0.00235471 0.00213306 0.00211292 0.0020212 -0.00114299 -0.00137205 -0.00143712 -0.00154086 -0.00171301 -0.0018392 -0.00184419 -0.00193704 -0.00193108 -0.00195478 -0.0020937 -0.00200724 -0.00189339 -0.00199125 -0.00183631 -0.00197409 -0.00192426 -0.00179333 -0.00175486 -0.00172835 -0.00182063 -0.00180731 -0.00175676 -0.00177332 -0.00168535 -0.00160089 -0.00163523 -0.00159611 -0.00168136 -0.00164845 -0.00168893 -0.00152698 -0.00156877 -0.00160883 -0.0016207 -0.00165553 -0.00159801 -0.00155978 -0.00149783 -0.00159512 -0.00159722 -0.00160884 -0.00155685 -0.00154237 -0.00150208 -0.0014807 -0.00151194 -0.00153404 -0.0014836 -0.00155817 -0.00155917 -0.00154431 -0.00153261 -0.00148329 -0.00143763 -0.00155327 -0.00144053 -0.00155999 -0.0016277 -0.00153349 -0.00151203 -0.00153386 -0.00152589 -0.00147245 -0.00153324 -0.00143664 -0.00146825 -0.00150498 -0.00153162 -0.00157704 -0.00159486 -0.00150065 -0.00163992 -0.00156698 -0.001515 -0.00138765 -0.00152641 -0.00156467 -0.00136666 -0.0014657 -0.00150051 -0.00149944 -0.00149379 -0.00157364 -0.00158086 -0.00155029 -0.00152586 -0.00135872 -0.00125194 -0.00114085 0.00184138 
0.00204334 0.00217577 0.0021876 0.00236455 0.125176 0.00248018 0.00241356 0.00229929 0.00225729 0.00211931 -0.00121725 -0.00140826 -0.0013431 -0.00159318 -0.001782 -0.00193159 -0.00194664 -0.00201124 -0.00196095 -0.00199696 -0.00198966 -0.00200015 -0.00185012 -0.00181483 -0.00197708 -0.00197981 -0.00182826 -0.00195595 -0.00178705 -0.00175509 -0.00166066 -0.00179795 -0.00183243 -0.00177506 -0.00168815 -0.00161001 -0.00163458 -0.00167144 -0.00161325 -0.00169084 -0.00162286 -0.00164521 -0.00166318 -0.00163355 -0.00159968 -0.0016722 -0.00149453 -0.00158016 -0.00162648 -0.00155351 -0.00154564 -0.00157593 -0.00160421 -0.00151971 -0.00162334 -0.00148498 -0.00151728 -0.00158421 -0.00154539 -0.00154944 -0.00161685 -0.00155622 -0.00158983 -0.0015488 -0.00151986 -0.00155555 -0.00155578 -0.00150324 -0.001638 -0.00164172 -0.00150619 -0.00150323 -0.00154684 -0.00154746 -0.00147916 -0.00151954 -0.00142447 -0.00148702 -0.00147068 -0.00158367 -0.00152239 -0.00156795 -0.00147553 -0.00155015 -0.00157403 -0.00156859 -0.00155472 -0.00144637 -0.00151843 -0.00158469 -0.00159357 -0.00160254 -0.00150882 -0.00150405 -0.00151607 -0.00166056 -0.00143625 -0.00138258 -0.00131697 -0.00109354 
0.00199798 0.00201729 0.00226716 0.00235471 0.00248018 0.128254 0.00235762 0.00241918 0.00240587 0.00230249 0.00210484 -0.0013714 -0.00145067 -0.00167612 -0.00178989 -0.00189426 -0.00214996 -0.00203743 -0.00202957 -0.0021518 -0.00206938 -0.00215063 -0.00204667 -0.00194932 -0.0021221 -0.00207071 -0.00194919 -0.00185664 -0.00181888 -0.00194558 -0.00186689 -0.00183112 -0.00187606 -0.00186747 -0.00168124 -0.00175535 -0.00176496 -0.00180355 -0.00177192 -0.00175534 -0.00174522 -0.00173708 -0.00176533 -0.00162528 -0.00169516 -0.00166039 -0.0015784 -0.0015671 -0.00157363 -0.00166271 -0.00167772 -0.00168195 -0.00158309 -0.00171967 -0.00168796 -0.00170217 -0.0016896 -0.0016114 -0.00170075 -0.00160799 -0.00162698 -0.00157434 -0.00148716 -0.00158746 -0.00160981 -0.00155984 -0.00166017 -0.00161298 -0.00156545 -0.00162043 -0.00165394 -0.00155466 -0.00155229 -0.00162051 -0.00152069 -0.00149915 -0.00159874 -0.00162527 -0.00165779 -0.00171437 -0.00165689 -0.00165003 -0.0016802 -0.00150959 -0.00161648 -0.0016544 -0.00158555 -0.00149175 -0.00150578 -0.00158168 -0.00160756 -0.00156413 -0.00168265 -0.00164236 -0.00155867 -0.00159286 -0.00160386 -0.00146429 -0.00135493 -0.00127934 
-0.00113067 0.0019681 0.0021151 0.00213306 0.00241356 0.00235762 0.129155 0.00246511 0.00237345 0.00230065 0.00234885 0.00221664 -0.00131214 -0.00150501 -0.00175014 -0.00169868 -0.00196843 -0.00198688 -0.00210004 -0.0021379 -0.00212007 -0.00212129 -0.00214843 -0.00197923 -0.0021239 -0.00204063 -0.00193995 -0.00182942 -0.00186586 -0.00183062 -0.00188806 -0.00187501 -0.00191399 -0.00182278 -0.00174848 -0.00176258 -0.00175015 -0.00176326 -0.00171663 -0.00176149 -0.00171312 -0.00167779 -0.00169548 -0.00173904 -0.00173834 -0.00177229 -0.00168196 -0.00163485 -0.00169204 -0.00179812 -0.00169753 -0.00171692 -0.00164713 -0.00158789 -0.00174897 -0.00156757 -0.00169032 -0.00170742 -0.00172773 -0.00165782 -0.00170406 -0.00159798 -0.00158463 -0.00147819 -0.00158104 -0.00166325 -0.00167464 -0.00165547 -0.00152691 -0.0016806 -0.00163875 -0.00174773 -0.00155487 -0.00156135 -0.00159984 -0.00162207 -0.00156232 -0.00166279 -0.00163204 -0.00164578 -0.00167759 -0.00166954 -0.00161563 -0.00167736 -0.00168214 -0.00168274 -0.00160499 -0.00151777 -0.00154566 -0.00164457 -0.00166284 -0.00170861 -0.00166659 -0.00159319 -0.00156755 -0.0016294 -0.00160518 -0.00154343 -0.00144199 -0.00125195 
-0.00127641 -0.00123151 0.00199505 0.00211292 0.00229929 0.00241918 0.00246511 0.130406 0.00262497 0.00248992 0.00243353 0.00226242 0.00228628 -0.00147125 -0.00162914 -0.0016351 -0.00188148 -0.0021209 -0.0021119 -0.00220759 -0.00212706 -0.00217342 -0.00203631 -0.00188961 -0.00217739 -0.00205948 -0.00198044 -0.00191399 -0.0018981 -0.00191453 -0.00196925 -0.00193986 -0.00199691 -0.0019438 -0.00174774 -0.00177904 -0.00182122 -0.0018459 -0.00172919 -0.00188852 -0.0017525 -0.00170493 -0.0017832 -0.00171511 -0.00181229 -0.00168623 -0.00161199 -0.00160114 -0.00168075 -0.00167936 -0.00164772 -0.00170221 -0.00157517 -0.00167623 -0.00167617 -0.00172987 -0.00169687 -0.00161947 -0.00172097 -0.00166427 -0.00165496 -0.00161967 -0.00161878 -0.00161496 -0.00178548 -0.00167578 -0.00170213 -0.00167039 -0.00169883 -0.00163745 -0.00171661 -0.00164499 -0.00155833 -0.00167549 -0.00159079 -0.00153623 -0.00160815 -0.00164669 -0.00166032 -0.00167854 -0.00166255 -0.00167651 -0.00163082 -0.00161058 -0.00159398 -0.00171374 -0.00162084 -0.00155772 -0.00158887 -0.00167662 -0.00169875 -0.00165254 -0.00176567 -0.00160844 -0.00165803 -0.00166857 -0.0017096 -0.00165371 -0.00158587 -0.00133366 
-0.00144013 -0.00129247 -0.00117624 0.0020212 0.00225729 0.00240587 0.00237345 0.00262497 0.131826 0.00257712 0.00251874 0.00235989 0.00240733 0.00218123 -0.00153108 -0.00157974 -0.00176425 -0.00196557 -0.00190509 -0.00211361 -0.00213078 -0.00211095 -0.00219861 -0.00202369 -0.00224131 -0.00214864 -0.00203636 -0.00208424 -0.00196554 -0.0018372 -0.00197793 -0.00196414 -0.00193765 -0.00187824 -0.00186669 -0.00175918 -0.00177573 -0.00190572 -0.00183944 -0.00183516 -0.00175289 -0.00175296 -0.00174451 -0.00182957 -0.00181615 -0.00170709 -0.00173916 -0.00168905 -0.00163354 -0.00168318 -0.00167607 -0.0017829 -0.0016604 -0.00161604 -0.00165587 -0.00166561 -0.00163723 -0.00167152 -0.00172182 -0.00174817 -0.00172495 -0.00173513 -0.00159607 -0.00162939 -0.00175883 -0.00168756 -0.00176333 -0.00163604 -0.00164008 -0.00162855 -0.00170397 -0.00163053 -0.00173161 -0.00170386 -0.00161835 -0.00168686 -0.00167023 -0.00167244 -0.00170039 -0.00166342 -0.0017491 -0.00166625 -0.001631 -0.00171959 -0.00171348 -0.00171906 -0.00169458 -0.00157624 -0.0016317 -0.00168479 -0.00163983 -0.00168598 -0.0016619 -0.00175227 -0.00163055 -0.00170149 -0.00171637 -0.00173803 -0.00168563 -0.00150457 
-0.00139139 -0.00140254 -0.00117822 -0.00114299 0.00211931 0.00230249 0.00230065 0.00248992 0.00257712 0.129959 0.0025602 0.002304 0.0023723 0.00229267 -0.00146823 -0.00148219 -0.00167624 -0.0019111 -0.00191164 -0.00206068 -0.00203359 -0.0020387 -0.00202519 -0.00200009 -0.0020719 -0.00210594 -0.00190358 -0.00185519 -0.0019591 -0.00171435 -0.00183512 -0.00189923 -0.00195018 -0.00185413 -0.00168328 -0.0016222 -0.00177938 -0.00174562 -0.00175819 -0.0017768 -0.00167633 -0.0016631 -0.00182183 -0.00175261 -0.00164174 -0.0018115 -0.00162713 -0.00170635 -0.00163816 -0.00164327 -0.00160463 -0.00168132 -0.00157642 -0.00169416 -0.00162962 -0.00163675 -0.00157632 -0.00163865 -0.00161365 -0.00163013 -0.00167541 -0.00164993 -0.00154785 -0.00164064 -0.00158598 -0.00164743 -0.00156019 -0.00164989 -0.00164109 -0.00161096 -0.00159914 -0.00161157 -0.00157583 -0.00165625 -0.00149101 -0.00158251 -0.00158078 -0.00164193 -0.00159069 -0.00168586 -0.00162004 -0.00159373 -0.0017415 -0.00172772 -0.00172025 -0.00165503 -0.00166726 -0.00147299 -0.00155826 -0.00158727 -0.00168258 -0.001652 -0.00166524 -0.00160728 -0.00158909 -0.00165643 -0.00157688 -0.00155699 -0.00165674 -0.00156462 
-0.00165838 -0.00159157 -0.00139954 -0.00137205 -0.00121725 0.00210484 0.00234885 0.00243353 0.00251874 0.0025602 0.134575 0.00259833 0.00267555 0.002575 0.00228677 0.00239669 -0.00161042 -0.00177785 -0.00186114 -0.00207943 -0.00214493 -0.00212741 -0.0022488 -0.00199416 -0.00218074 -0.0022369 -0.00204826 -0.00200361 -0.00199491 -0.00197576 -0.00205345 -0.00195495 -0.00197143 -0.00194109 -0.00191826 -0.00185199 -0.00189362 -0.00183713 -0.00197801 -0.00186801 -0.00182512 -0.00178034 -0.00186913 -0.00171076 -0.00192096 -0.00187391 -0.00176904 -0.00171608 -0.00176889 -0.00177261 -0.00172472 -0.00174099 -0.00177502 -0.00174924 -0.00188797 -0.00183949 -0.00171374 -0.00173284 -0.00179058 -0.00177427 -0.00173913 -0.00176621 -0.00164855 -0.00173173 -0.00169743 -0.00169427 -0.00175059 -0.00167048 -0.00174954 -0.00167275 -0.00165666 -0.00173783 -0.00173108 -0.00179251 -0.00157242 -0.00159986 -0.00160784 -0.00172411 -0.00171637 -0.00177385 -0.00172372 -0.00178462 -0.00178161 -0.00178507 -0.00175299 -0.00174867 -0.00173975 -0.00168487 -0.00164786 -0.00164599 -0.00175838 -0.00173755 -0.00167631 -0.00171614 -0.00175713 -0.00170624 -0.00170928 -0.00169944 -0.00174344 -0.00171412 
-0.0017488 -0.00173695 -0.00166716 -0.00143712 -0.00140826 -0.0013714 0.00221664 0.00226242 0.00235989 0.002304 0.00259833 0.136621 0.00268548 0.00268155 0.00251271 0.00250072 0.00238595 -0.00178064 -0.00163848 -0.00199097 -0.00216788 -0.00209504 -0.00219256 -0.00211689 -0.00232739 -0.00223362 -0.00210284 -0.00207886 -0.00196779 -0.00193023 -0.00204303 -0.00195903 -0.0020057 -0.0019382 -0.00186774 -0.001838 -0.00189384 -0.00195426 -0.00181972 -0.0018355 -0.00175546 -0.00172346 -0.00189453 -0.00188441 -0.00185772 -0.00188931 -0.00171472 -0.00176684 -0.00175358 -0.00181674 -0.00176375 -0.001825 -0.00177328 -0.00177336 -0.00179088 -0.00174 -0.00187446 -0.00174785 -0.00177415 -0.00170579 -0.00181367 -0.00179561 -0.00173789 -0.00175382 -0.00170965 -0.00189544 -0.00184925 -0.00172757 -0.0017355 -0.00178266 -0.00170292 -0.00165561 -0.0017581 -0.00182682 -0.00155793 -0.00162406 -0.00163392 -0.00179296 -0.00171657 -0.0016617 -0.00170406 -0.00172545 -0.001741 -0.00172773 -0.001796 -0.00178503 -0.00174643 -0.00168591 -0.00166409 -0.00182763 -0.00173345 -0.00196213 -0.00182188 -0.00174346 -0.00179806 -0.00181769 -0.00181602 -0.00175902 -0.00179147 -0.00177715 
-0.00175478 -0.00169243 -0.00161942 -0.00154086 -0.0013431 -0.00145067 -0.00131214 0.00228628 0.00240733 0.0023723 0.00267555 0.00268548 0.135257 0.00276186 0.00255231 0.00257991 0.0023785 -0.00168993 -0.00162856 -0.00183163 -0.00203824 -0.00208763 -0.00213097 -0.00202926 -0.00219744 -0.00217697 -0.00199815 -0.00203527 -0.0019204 -0.00194694 -0.00197779 -0.00198145 -0.00183137 -0.00186686 -0.00173833 -0.00178206 -0.0017984 -0.00184592 -0.00183957 -0.00186375 -0.00176606 -0.0018023 -0.00184901 -0.00180341 -0.00186309 -0.0017546 -0.00182535 -0.00172753 -0.00178707 -0.00170948 -0.0017067 -0.00166227 -0.00176513 -0.00185703 -0.00167624 -0.00175676 -0.00173958 -0.00170614 -0.00183029 -0.00172562 -0.00164519 -0.00166972 -0.00158777 -0.00164089 -0.00168012 -0.0016941 -0.00175252 -0.00168272 -0.00172187 -0.00171094 -0.0016978 -0.00178882 -0.00173083 -0.0017527 -0.00168435 -0.00157616 -0.00169229 -0.0016842 -0.00164703 -0.00176759 -0.00175321 -0.0017426 -0.00172263 -0.00168065 -0.00175203 -0.00164184 -0.00165084 -0.00156116 -0.00162897 -0.00170753 -0.00171673 -0.00171358 -0.00177312 -0.0016215 -0.0017637 -0.00165506 -0.00164615 -0.00169554 -0.00180665 -0.00165185 
-0.00180664 -0.00175849 -0.0018758 -0.00171301 -0.00159318 -0.00167612 -0.00150501 -0.00147125 0.00218123 0.00229267 0.002575 0.00268155 0.00276186 0.140792 0.00284802 0.00297487 0.00276589 0.00254239 0.00247304 -0.00170827 -0.001923 -0.00186161 -0.0019512 -0.00221247 -0.00232843 -0.00230009 -0.00212404 -0.00216118 -0.00211082 -0.002104 -0.00218957 -0.00213769 -0.0021031 -0.00211813 -0.00187285 -0.00188255 -0.00197955 -0.00206868 -0.00198309 -0.00194825 -0.0018692 -0.00188969 -0.0020025 -0.00187923 -0.00192158 -0.00204375 -0.00188943 -0.00190571 -0.00181468 -0.00179449 -0.00182448 -0.00178742 -0.00188934 -0.001764 -0.00183646 -0.00188274 -0.00183136 -0.0018278 -0.00189633 -0.00194376 -0.00189076 -0.0018798 -0.00176448 -0.00170894 -0.00178279 -0.00189463 -0.00180457 -0.00182884 -0.00177755 -0.00187757 -0.00177565 -0.00187561 -0.00182189 -0.00185612 -0.00173438 -0.00176121 -0.00172612 -0.00186401 -0.00184726 -0.00194965 -0.00181688 -0.00182198 -0.00183565 -0.00177445 -0.00190903 -0.00171714 -0.00181039 -0.00178662 -0.00182488 -0.00184064 -0.00182602 -0.00177038 -0.00191729 -0.00194288 -0.00187619 -0.00182946 -0.00180935 -0.00182247 -0.00181875 -0.00175421 
-0.00178529 -0.00173663 -0.00176561 -0.0018392 -0.001782 -0.00178989 -0.00175014 -0.00162914 -0.00153108 -0.00146823 0.00228677 0.00251271 0.00255231 0.00284802 0.139767 0.00304467 0.00296903 0.00271744 0.00270977 0.0025527 -0.00169257 -0.00166485 -0.00183169 -0.00196518 -0.00199143 -0.00232004 -0.00215487 -0.00210553 -0.00205363 -0.00207832 -0.00200868 -0.00207153 -0.00205122 -0.00198985 -0.00190029 -0.00192131 -0.00191738 -0.0018335 -0.00194197 -0.00198367 -0.001904 -0.0017974 -0.00184596 -0.00182294 -0.00195163 -0.00183015 -0.00186497 -0.00174109 -0.00187903 -0.00188635 -0.00185463 -0.00172595 -0.0017843 -0.00174652 -0.00172319 -0.00179523 -0.00176226 -0.0018086 -0.00180494 -0.00174592 -0.00174146 -0.00173221 -0.00167569 -0.00176724 -0.00171119 -0.00182708 -0.00177023 -0.00182395 -0.00188912 -0.00184279 -0.00186638 -0.00189207 -0.00181228 -0.00184137 -0.00175676 -0.00170613 -0.00169415 -0.00173748 -0.00180131 -0.00179934 -0.00165615 -0.00169021 -0.00173701 -0.00178857 -0.00173786 -0.00168524 -0.00177909 -0.00164976 -0.00175657 -0.00174338 -0.00183529 -0.00181439 -0.00181978 -0.00179586 -0.00188697 -0.00189736 -0.00185432 -0.00176966 -0.00186205 -0.00168289 
-0.00176003 -0.00182294 -0.00188271 -0.00184419 -0.00193159 -0.00189426 -0.00169868 -0.0016351 -0.00157974 -0.00148219 0.00239669 0.00250072 0.00257991 0.00297487 0.00304467 0.141187 0.00299953 0.00279973 0.00292765 0.00264149 -0.00161841 -0.00160211 -0.00188157 -0.00191926 -0.00213498 -0.00225096 -0.00214018 -0.002151 -0.00208918 -0.00209447 -0.00201271 -0.00211497 -0.00203322 -0.00198344 -0.00191574 -0.00188865 -0.00202733 -0.00206247 -0.00196093 -0.0020026 -0.00177911 -0.0017977 -0.00187938 -0.00192311 -0.00187993 -0.00189035 -0.00192714 -0.0018651 -0.0018151 -0.00196096 -0.00178664 -0.00181572 -0.00182364 -0.00183609 -0.00184748 -0.00189708 -0.00180463 -0.00186268 -0.00179559 -0.00177328 -0.00179008 -0.00178086 -0.00167223 -0.00167294 -0.00188327 -0.0017346 -0.00180166 -0.00177316 -0.00179061 -0.00185149 -0.00180398 -0.00164269 -0.00187411 -0.00176136 -0.00179292 -0.00161853 -0.00177141 -0.00183659 -0.00176128 -0.00181061 -0.0017996 -0.00181266 -0.00183827 -0.00178088 -0.00182164 -0.00175043 -0.00185348 -0.00178641 -0.00182179 -0.00187759 -0.00179304 -0.00174185 -0.00173991 -0.0018841 -0.0017917 -0.00183526 -0.0018529 -0.00184523 -0.00186028 -0.00176444 
-0.00193656 -0.00187324 -0.00205379 -0.00193704 -0.00194664 -0.00214996 -0.00196843 -0.00188148 -0.00176425 -0.00167624 -0.00161042 0.00238595 0.0023785 0.00276589 0.00296903 0.00299953 0.146208 0.00309706 0.00310648 0.00288348 0.00259047 0.0026803 -0.0016446 -0.00172674 -0.00200772 -0.00211796 -0.00224732 -0.00213887 -0.00207594 -0.00216383 -0.00216654 -0.00215518 -0.00213029 -0.00206568 -0.00201046 -0.0020706 -0.00207688 -0.00209673 -0.0020901 -0.0021177 -0.00201746 -0.00191647 -0.00201041 -0.00203158 -0.00202838 -0.00197431 -0.0019452 -0.00202242 -0.00192947 -0.00192155 -0.00201258 -0.00197311 -0.00194789 -0.00202222 -0.00193266 -0.00190077 -0.00199485 -0.0019519 -0.00187198 -0.00193241 -0.0018723 -0.00188207 -0.00186797 -0.00187532 -0.00193834 -0.00202309 -0.0019043 -0.00193251 -0.00192232 -0.00192524 -0.00193507 -0.0019529 -0.00197399 -0.00200084 -0.00192255 -0.00185075 -0.00185032 -0.00188455 -0.00196262 -0.00192197 -0.0019322 -0.00180666 -0.00188794 -0.00195771 -0.00201611 -0.00200117 -0.00190904 -0.0018953 -0.00184547 -0.00185112 -0.00193021 -0.00190027 -0.00197008 -0.00197433 -0.00199694 -0.00196604 -0.00195938 -0.00189795 -0.00189823 -0.00183027 
-0.00188141 -0.00184577 -0.00184247 -0.00193108 -0.00201124 -0.00203743 -0.00198688 -0.0021209 -0.00196557 -0.0019111 -0.00177785 -0.00178064 -0.00168993 0.00254239 0.00271744 0.00279973 0.00309706 0.144769 0.00325407 0.00306372 0.00285181 0.00281648 0.00266521 -0.00160103 -0.00176546 -0.00193072 -0.00209754 -0.00215441 -0.00203603 -0.00205413 -0.00217061 -0.00216356 -0.00209124 -0.00204846 -0.00209687 -0.0018851 -0.00206005 -0.00208174 -0.00197803 -0.00197053 -0.00177409 -0.00187188 -0.00190203 -0.001902 -0.00203289 -0.00197817 -0.00193497 -0.00183929 -0.00182196 -0.00186244 -0.00191837 -0.00189266 -0.00186169 -0.00181717 -0.0018667 -0.00185635 -0.00174465 -0.00182388 -0.00187453 -0.00184557 -0.00195218 -0.00182328 -0.00177864 -0.00171884 -0.00182271 -0.00183095 -0.00187996 -0.00187754 -0.00184823 -0.00188879 -0.00186237 -0.00187438 -0.00191086 -0.00189629 -0.00178796 -0.00182091 -0.00182879 -0.00186888 -0.00187934 -0.00182545 -0.00189413 -0.00191644 -0.0018972 -0.00184739 -0.00193682 -0.00189716 -0.0018099 -0.00183146 -0.00179845 -0.00173002 -0.00193681 -0.00190163 -0.00183386 -0.00188915 -0.00184946 -0.00182919 -0.001903 -0.00180369 -0.00196196 -0.00174396 
-0.00185979 -0.00194622 -0.00182386 -0.00195478 -0.00196095 -0.00202957 -0.00210004 -0.0021119 -0.00190509 -0.00191164 -0.00186114 -0.00163848 -0.00162856 0.00247304 0.00270977 0.00292765 0.00310648 0.00325407 0.145499 0.00314096 0.00274337 0.00290511 0.00267306 -0.00163788 -0.00167469 -0.00180274 -0.00209414 -0.00217954 -0.00203243 -0.00209089 -0.00216458 -0.00212543 -0.00208687 -0.00205371 -0.00201709 -0.0020249 -0.00195881 -0.00197973 -0.00198392 -0.0019987 -0.00187062 -0.00185888 -0.00209833 -0.00198795 -0.00196959 -0.00197931 -0.00185387 -0.00197379 -0.00190121 -0.00189087 -0.00193233 -0.00187308 -0.00186903 -0.00188805 -0.00189248 -0.0018304 -0.00181872 -0.00189158 -0.00197033 -0.00192503 -0.00180521 -0.0019329 -0.00183279 -0.0018167 -0.00189969 -0.00195127 -0.00196582 -0.00186774 -0.00202067 -0.00189873 -0.00191376 -0.00185464 -0.00182572 -0.00184902 -0.00174283 -0.00185065 -0.0018174 -0.00172481 -0.00181532 -0.00183897 -0.0018486 -0.00186935 -0.00190906 -0.00180117 -0.00186839 -0.00182911 -0.00192023 -0.00181542 -0.00179701 -0.00177982 -0.00188117 -0.00186991 -0.0018838 -0.00195347 -0.00192175 -0.00195988 -0.00192575 -0.00189268 -0.00181562 -0.00175264 
-0.00208463 -0.00201343 -0.001989 -0.0020937 -0.00199696 -0.0021518 -0.0021379 -0.00220759 -0.00211361 -0.00206068 -0.00207943 -0.00199097 -0.00183163 -0.00170827 0.0025527 0.00264149 0.00288348 0.00306372 0.00314096 0.149354 0.00306674 0.00300277 0.0028981 0.00261771 0.0025177 -0.00171904 -0.00189322 -0.00188542 -0.00204607 -0.00206073 -0.00223413 -0.00229226 -0.00223456 -0.00222575 -0.00222971 -0.00210099 -0.0022724 -0.00225291 -0.00209436 -0.00215007 -0.00197653 -0.00192554 -0.00219802 -0.00211315 -0.00203891 -0.00216388 -0.001973 -0.00208349 -0.00193544 -0.00193464 -0.00203032 -0.00195314 -0.00199237 -0.00192256 -0.00196239 -0.00192614 -0.00191006 -0.00200478 -0.00202042 -0.00192319 -0.00194184 -0.00198099 -0.0018692 -0.0018501 -0.00192154 -0.00189906 -0.00197684 -0.00191905 -0.00190128 -0.00200513 -0.00196994 -0.00202092 -0.00196985 -0.00197334 -0.00197408 -0.00180369 -0.00188049 -0.00188604 -0.00193428 -0.00210396 -0.00201294 -0.00197984 -0.00192706 -0.00182877 -0.00197168 -0.00195639 -0.00190603 -0.00181337 -0.00187107 -0.00190811 -0.00196224 -0.00194319 -0.00195344 -0.00200398 -0.00203952 -0.00199692 -0.00196908 -0.0019923 -0.00197375 -0.00180896 
-0.00185903 -0.00181094 -0.00193768 -0.00200724 -0.00198966 -0.00206938 -0.00212007 -0.00212706 -0.00213078 -0.00203359 -0.00214493 -0.00216788 -0.00203824 -0.001923 -0.00169257 -0.00161841 0.00259047 0.00285181 0.00274337 0.00306674 0.1467 0.00340051 0.00303421 0.00282467 0.00285074 0.00265759 -0.00171788 -0.00186265 -0.00181965 -0.00177917 -0.00196059 -0.00214606 -0.00217586 -0.00202409 -0.00197058 -0.00190442 -0.00198824 -0.00203727 -0.00202882 -0.00201627 -0.00191121 -0.00179143 -0.00201581 -0.00204947 -0.00189926 -0.00203802 -0.00188859 -0.00188179 -0.00189705 -0.00191726 -0.00195397 -0.00197435 -0.00194424 -0.00194505 -0.00188697 -0.00199745 -0.00193293 -0.00188326 -0.00193247 -0.00183713 -0.00189041 -0.00184064 -0.0018712 -0.00177158 -0.00181592 -0.0018658 -0.00187104 -0.00188622 -0.00193059 -0.00192654 -0.00192995 -0.00192656 -0.00190563 -0.00202128 -0.00187888 -0.0017566 -0.00181902 -0.00186204 -0.00190332 -0.00187353 -0.0018705 -0.00194185 -0.00187924 -0.00186131 -0.00194813 -0.0018024 -0.00197246 -0.00185695 -0.00185447 -0.00186612 -0.00194213 -0.00188877 -0.00193793 -0.00184729 -0.00183415 -0.00185064 -0.00193213 -0.00181246 -0.00183943 -0.00175507 
-0.00185738 -0.00184104 -0.00193385 -0.00189339 -0.00200015 -0.00215063 -0.00212129 -0.00217342 -0.00211095 -0.0020387 -0.00212741 -0.00209504 -0.00208763 -0.00186161 -0.00166485 -0.00160211 0.0026803 0.00281648 0.00290511 0.00300277 0.00340051 0.146428 0.00314623 0.00291466 0.0028638 0.00269013 -0.00159491 -0.00163906 -0.00182717 -0.00186496 -0.00204242 -0.00215338 -0.00210991 -0.00217033 -0.00202142 -0.00202575 -0.00210001 -0.0021428 -0.00208252 -0.00201353 -0.0019184 -0.00194451 -0.00197993 -0.00194618 -0.00195991 -0.00204711 -0.00183289 -0.00198893 -0.00185664 -0.00197341 -0.00196054 -0.00189689 -0.0018784 -0.00184837 -0.00195223 -0.00191372 -0.00181553 -0.00187905 -0.00187925 -0.00190211 -0.00193929 -0.00193793 -0.00172117 -0.00175558 -0.00191908 -0.00181767 -0.00190464 -0.00187082 -0.00191832 -0.00195175 -0.00181425 -0.00181859 -0.00181093 -0.00183265 -0.00180962 -0.00182842 -0.0018099 -0.00189303 -0.00196527 -0.00195733 -0.00197491 -0.00191097 -0.00191026 -0.00178818 -0.00190977 -0.00190792 -0.00197678 -0.00178561 -0.00190139 -0.00184577 -0.00191328 -0.00185506 -0.00185506 -0.00206713 -0.00183511 -0.0018609 -0.00186183 -0.00197371 -0.00183585 -0.00188044 
-0.00191997 -0.00188061 -0.00204861 -0.00199125 -0.00185012 -0.00204667 -0.00214843 -0.00203631 -0.00219861 -0.00202519 -0.0022488 -0.00219256 -0.00213097 -0.0019512 -0.00183169 -0.00188157 -0.0016446 0.00266521 0.00267306 0.0028981 0.00303421 0.00314623 0.145691 0.00302978 0.00297476 0.00275887 0.00240682 -0.00167633 -0.00159317 -0.00166007 -0.00178846 -0.00192677 -0.00212207 -0.00206096 -0.00194727 -0.00192243 -0.00201594 -0.00203909 -0.00209232 -0.00199845 -0.00190238 -0.00194287 -0.00202787 -0.00205958 -0.00195782 -0.00196054 -0.00199002 -0.00184801 -0.00191673 -0.00185164 -0.00193917 -0.00187403 -0.00186706 -0.00194346 -0.00189584 -0.00177179 -0.00179669 -0.00182073 -0.00192025 -0.00194084 -0.00175608 -0.00185089 -0.00167378 -0.00175976 -0.00188488 -0.00186282 -0.00181971 -0.00188423 -0.00187264 -0.00185128 -0.00189279 -0.00189353 -0.00192605 -0.00187274 -0.00183543 -0.00176955 -0.00183026 -0.00185938 -0.00188996 -0.00190964 -0.00189296 -0.00187293 -0.00186541 -0.00191776 -0.00191875 -0.00183538 -0.0017963 -0.00185266 -0.00175029 -0.00185123 -0.00181188 -0.00186376 -0.00186778 -0.00194082 -0.00190123 -0.00188476 -0.0018098 -0.0018881 -0.00191817 -0.00184459 
-0.00177409 -0.0017892 -0.00189817 -0.00183631 -0.00181483 -0.00194932 -0.00197923 -0.00188961 -0.00202369 -0.00200009 -0.00199416 -0.00211689 -0.00202926 -0.00221247 -0.00196518 -0.00191926 -0.00172674 -0.00160103 -0.00163788 0.00261771 0.00282467 0.00291466 0.00302978 0.141483 0.00317712 0.00290908 0.00269456 0.00232201 -0.0015054 -0.00151946 -0.00168748 -0.00174817 -0.00188633 -0.00189118 -0.00188965 -0.00181982 -0.00189516 -0.00195503 -0.00194784 -0.00191098 -0.00182145 -0.00180716 -0.00187333 -0.0018862 -0.00186408 -0.00185183 -0.00190347 -0.00181031 -0.00175257 -0.00176201 -0.00181452 -0.00177839 -0.00178223 -0.0017716 -0.00178863 -0.00182151 -0.00177006 -0.00176376 -0.00177759 -0.00176636 -0.00175532 -0.00175162 -0.00166398 -0.00177748 -0.00179298 -0.00171935 -0.00181919 -0.00183025 -0.00179021 -0.00179591 -0.0017999 -0.00174828 -0.00184163 -0.00174647 -0.00167435 -0.00168256 -0.00169807 -0.0016675 -0.00174149 -0.00173344 -0.00182092 -0.00175276 -0.00174738 -0.00178516 -0.00177913 -0.00178595 -0.00171533 -0.00160706 -0.00162214 -0.00173381 -0.00173684 -0.00174313 -0.00179426 -0.00181922 -0.00175763 -0.00173049 -0.00175397 -0.00183177 -0.00170261 -0.00174172 
-0.00198959 -0.00196338 -0.00197758 -0.00197409 -0.00197708 -0.0021221 -0.0021239 -0.00217739 -0.00224131 -0.0020719 -0.00218074 -0.00232739 -0.00219744 -0.00232843 -0.00199143 -0.00213498 -0.00200772 -0.00176546 -0.00167469 0.0025177 0.00285074 0.0028638 0.00297476 0.00317712 0.146029 0.00315818 0.00281231 0.00265446 0.00244465 0.00245082 -0.00154348 -0.00162374 -0.00171096 -0.00191149 -0.00201674 -0.00196002 -0.00214081 -0.00203919 -0.00208088 -0.00202121 -0.00191269 -0.00197777 -0.00206269 -0.00201028 -0.00200575 -0.00205277 -0.00190397 -0.00199783 -0.00192723 -0.00188763 -0.00201946 -0.00186599 -0.00194787 -0.0019519 -0.00197284 -0.00196006 -0.00194504 -0.00187074 -0.0019141 -0.00201236 -0.00200204 -0.0018912 -0.001753 -0.00183504 -0.00196307 -0.00195084 -0.00193077 -0.00200351 -0.00199646 -0.0019666 -0.0018862 -0.00191692 -0.00194586 -0.00193664 -0.00181901 -0.00187406 -0.00184937 -0.00193273 -0.00191129 -0.00194759 -0.00198244 -0.00191104 -0.00194363 -0.00187934 -0.00192558 -0.00190929 -0.00198622 -0.00183191 -0.00186148 -0.00185462 -0.00182492 -0.00191305 -0.00194865 -0.00191424 -0.00197004 -0.00185933 -0.00186666 -0.00194784 -0.00191001 -0.00190662 
-0.00185857 -0.00188368 -0.00191182 -0.00192426 -0.00197981 -0.00207071 -0.00204063 -0.00205948 -0.00214864 -0.00210594 -0.0022369 -0.00223362 -0.00217697 -0.00230009 -0.00232004 -0.00225096 -0.00211796 -0.00193072 -0.00180274 -0.00171904 0.00265759 0.00269013 0.00275887 0.00290908 0.00315818 0.144398 0.00291059 0.00269094 0.00253126 0.00243809 0.00239268 -0.00155257 -0.00166174 -0.00174675 -0.00184745 -0.00189733 -0.00205743 -0.00199484 -0.00212366 -0.00202064 -0.00192368 -0.00190611 -0.00192316 -0.00210463 -0.00196788 -0.00202782 -0.00190146 -0.00186386 -0.00182403 -0.00192991 -0.00203569 -0.00195621 -0.00187576 -0.00187344 -0.00196601 -0.00187597 -0.00187796 -0.00197581 -0.00190697 -0.00193549 -0.00187213 -0.00188814 -0.00181515 -0.00178586 -0.0018516 -0.00194601 -0.00191474 -0.00187426 -0.00185105 -0.00198272 -0.00186902 -0.00189136 -0.00186362 -0.00187559 -0.00177164 -0.00181462 -0.00182537 -0.001862 -0.00188506 -0.0019022 -0.00188817 -0.00198755 -0.00192912 -0.00190488 -0.00183327 -0.00193295 -0.00194776 -0.00181649 -0.00176874 -0.00191528 -0.00188108 -0.00193776 -0.00182239 -0.00190824 -0.00181102 -0.00188378 -0.00195552 -0.0017837 -0.00185158 -0.00180761 
-0.001859 -0.00178472 -0.00183815 -0.00179333 -0.00182826 -0.00194919 -0.00193995 -0.00198044 -0.00203636 -0.00190358 -0.00204826 -0.00210284 -0.00199815 -0.00212404 -0.00215487 -0.00214018 -0.00224732 -0.00209754 -0.00209414 -0.00189322 -0.00171788 -0.00159491 0.00240682 0.00269456 0.00281231 0.00291059 0.139166 0.00277556 0.00262659 0.00279293 0.00243475 0.00225614 -0.00140192 -0.00145229 -0.00165954 -0.00158845 -0.00177446 -0.00186799 -0.00186783 -0.00190235 -0.00186524 -0.00186521 -0.00191989 -0.00192867 -0.00194551 -0.001856 -0.00185839 -0.00183104 -0.0017535 -0.00180753 -0.00178531 -0.00181736 -0.00175095 -0.00184216 -0.00182434 -0.00175394 -0.00175936 -0.00174365 -0.00182944 -0.00168861 -0.00177111 -0.00170295 -0.00170892 -0.00169465 -0.00178448 -0.0017469 -0.00174691 -0.00177001 -0.00181679 -0.00174396 -0.00180096 -0.00172098 -0.00173438 -0.00189901 -0.00166298 -0.00163683 -0.00170303 -0.00176645 -0.00181613 -0.00176628 -0.00174972 -0.00182753 -0.00174803 -0.00183928 -0.0017602 -0.00176695 -0.00168662 -0.0015822 -0.00161524 -0.00179454 -0.00185822 -0.00180602 -0.00174005 -0.00179778 -0.00164041 -0.00166795 -0.00174112 -0.0017486 -0.00168225 -0.00176261 
-0.00179593 -0.00175104 -0.00172516 -0.00175486 -0.00195595 -0.00185664 -0.00182942 -0.00191399 -0.00208424 -0.00185519 -0.00200361 -0.00207886 -0.00203527 -0.00216118 -0.00210553 -0.002151 -0.00213887 -0.00215441 -0.00217954 -0.00188542 -0.00186265 -0.00163906 -0.00167633 0.00232201 0.00265446 0.00269094 0.00277556 0.137125 0.0025461 0.00266045 0.00249605 0.0023744 0.00220844 -0.00133259 -0.00157063 -0.00142358 -0.00155089 -0.00173298 -0.00179232 -0.00185108 -0.00171074 -0.00175118 -0.0018798 -0.00191606 -0.00176112 -0.00183812 -0.00174582 -0.00177104 -0.00181374 -0.00189478 -0.00175116 -0.0016728 -0.00167617 -0.00177369 -0.00179763 -0.00167797 -0.00180048 -0.00172323 -0.00170227 -0.00175114 -0.0017176 -0.00172076 -0.00159801 -0.00162507 -0.0017005 -0.00172985 -0.00175038 -0.00178511 -0.00169464 -0.00179824 -0.00177223 -0.00165536 -0.00172333 -0.00171501 -0.00169171 -0.00164249 -0.00158165 -0.00165288 -0.00178151 -0.00172792 -0.00184731 -0.00171454 -0.00175782 -0.00177868 -0.00170708 -0.00166675 -0.00175676 -0.0016045 -0.00162486 -0.00166697 -0.00164704 -0.00168597 -0.00174844 -0.0017427 -0.00174409 -0.00180149 -0.00175222 -0.00178215 -0.0017008 -0.00180192 
-0.00169087 -0.001669 -0.00173187 -0.00172835 -0.00178705 -0.00181888 -0.00186586 -0.0018981 -0.00196554 -0.0019591 -0.00199491 -0.00196779 -0.0019204 -0.00211082 -0.00205363 -0.00208918 -0.00207594 -0.00203603 -0.00203243 -0.00204607 -0.00181965 -0.00182717 -0.00159317 -0.0015054 0.00244465 0.00253126 0.00262659 0.0025461 0.135097 0.00272391 0.00256424 0.00238547 0.00235033 0.00210559 -0.00135376 -0.00139398 -0.00158367 -0.0016362 -0.00166361 -0.00189146 -0.00174163 -0.00174999 -0.00187262 -0.00190264 -0.00183511 -0.00174924 -0.00169857 -0.00169358 -0.00168462 -0.00173929 -0.00164874 -0.00169079 -0.00185088 -0.00166532 -0.00175491 -0.00180608 -0.00168158 -0.00166696 -0.0017367 -0.00167773 -0.00173089 -0.00179991 -0.00170952 -0.00167818 -0.00172628 -0.00190479 -0.00168008 -0.00169682 -0.00173234 -0.00170052 -0.00181827 -0.00172711 -0.00162604 -0.00167402 -0.00169342 -0.00166287 -0.00165441 -0.00168996 -0.0016768 -0.00167564 -0.00167113 -0.00171064 -0.00170166 -0.00180341 -0.00174386 -0.00161874 -0.00167441 -0.00160966 -0.00156513 -0.00170423 -0.00163304 -0.00169261 -0.00165814 -0.00175561 -0.00166665 -0.00165754 -0.00173661 -0.00162448 -0.00167986 -0.00165293 
-0.00175343 -0.00179223 -0.00177219 -0.00182063 -0.00175509 -0.00194558 -0.00183062 -0.00191453 -0.0018372 -0.00171435 -0.00197576 -0.00193023 -0.00194694 -0.002104 -0.00207832 -0.00209447 -0.00216383 -0.00205413 -0.00209089 -0.00206073 -0.00177917 -0.00186496 -0.00166007 -0.00151946 0.00245082 0.00243809 0.00279293 0.00266045 0.00272391 0.133733 0.00258135 0.00237962 0.00230628 0.00222719 -0.00122935 -0.00131397 -0.00147219 -0.00157893 -0.00167336 -0.0018267 -0.00168445 -0.0017019 -0.00178381 -0.00170457 -0.00178467 -0.00183569 -0.00173404 -0.00174891 -0.00171404 -0.00176815 -0.00171509 -0.00172479 -0.00172267 -0.0017268 -0.0016574 -0.00177091 -0.00165487 -0.00175917 -0.00166939 -0.00172709 -0.00169118 -0.00163959 -0.00161749 -0.00162015 -0.00161255 -0.00158036 -0.00175047 -0.00167251 -0.0017005 -0.00172984 -0.00172262 -0.00166865 -0.00168818 -0.00175073 -0.00163439 -0.00156165 -0.00163767 -0.00171207 -0.00166295 -0.00164542 -0.00169465 -0.00165043 -0.00170893 -0.00172955 -0.00165397 -0.00171184 -0.00170432 -0.00153863 -0.00165724 -0.00179823 -0.00173595 -0.00167207 -0.00171214 -0.00172271 -0.00174699 -0.00168918 -0.00175216 -0.0016052 -0.00167608 -0.00169318 
-0.00176695 -0.00176304 -0.00182914 -0.00180731 -0.00166066 -0.00186689 -0.00188806 -0.00196925 -0.00197793 -0.00183512 -0.00205345 -0.00204303 -0.00197779 -0.00218957 -0.00200868 -0.00201271 -0.00216654 -0.00217061 -0.00216458 -0.00223413 -0.00196059 -0.00204242 -0.00178846 -0.00168748 -0.00154348 0.00239268 0.00243475 0.00249605 0.00256424 0.00258135 0.134579 0.00257512 0.00246884 0.00242478 0.00213093 0.00225634 -0.00136346 -0.00136289 -0.00153088 -0.00160346 -0.00176537 -0.0018305 -0.00182255 -0.00190404 -0.00190643 -0.00179634 -0.00180961 -0.00165813 -0.00166377 -0.00172575 -0.00171847 -0.00175099 -0.00166666 -0.00172003 -0.00174109 -0.00171452 -0.00169097 -0.00175909 -0.00176656 -0.00172367 -0.00171966 -0.00170841 -0.00163947 -0.00166216 -0.00175656 -0.00176536 -0.00171153 -0.00183045 -0.00178989 -0.00176929 -0.00179794 -0.00174294 -0.00165235 -0.00174489 -0.00172052 -0.00174091 -0.00158034 -0.00179929 -0.00161128 -0.00173969 -0.00180095 -0.00173152 -0.00177407 -0.00180951 -0.00179477 -0.00172682 -0.00173212 -0.00176449 -0.00166209 -0.00170314 -0.00164979 -0.00183384 -0.00180787 -0.00172609 -0.00168578 -0.0018433 -0.00180883 -0.00174925 -0.00176101 -0.00165263 
-0.00176864 -0.00172987 -0.00173641 -0.00175676 -0.00179795 -0.00183112 -0.00187501 -0.00193986 -0.00196414 -0.00189923 -0.00195495 -0.00195903 -0.00198145 -0.00213769 -0.00207153 -0.00211497 -0.00215518 -0.00216356 -0.00212543 -0.00229226 -0.00214606 -0.00215338 -0.00192677 -0.00174817 -0.00162374 -0.00155257 0.00225614 0.0023744 0.00238547 0.00237962 0.00257512 0.133032 0.00268563 0.00251517 0.00223342 0.00222373 0.00217028 -0.00139106 -0.00137552 -0.00155882 -0.00159139 -0.00165318 -0.0017952 -0.00176015 -0.00176113 -0.00182062 -0.00180142 -0.00168516 -0.00170288 -0.00158548 -0.00171169 -0.0016781 -0.001663 -0.00173107 -0.00182202 -0.00175291 -0.00164926 -0.00177522 -0.00176287 -0.00168421 -0.00168461 -0.00164948 -0.00168998 -0.00166201 -0.00172326 -0.00172173 -0.0017471 -0.00173946 -0.00173203 -0.00171755 -0.00177415 -0.00175329 -0.00176459 -0.00172478 -0.00164817 -0.00161125 -0.00170685 -0.00164638 -0.00180346 -0.00162964 -0.00175219 -0.00172756 -0.00167466 -0.00174822 -0.00160356 -0.00168992 -0.00172991 -0.00159554 -0.00155609 -0.00166042 -0.00167545 -0.00164142 -0.00175589 -0.00165357 -0.00174501 -0.00173838 -0.00162803 -0.00166149 -0.00174655 -0.00159963 
-0.00171081 -0.00169623 -0.00181709 -0.00177332 -0.00183243 -0.00187606 -0.00191399 -0.00199691 -0.00193765 -0.00195018 -0.00197143 -0.0020057 -0.00183137 -0.0021031 -0.00205122 -0.00203322 -0.00213029 -0.00209124 -0.00208687 -0.00223456 -0.00217586 -0.00210991 -0.00212207 -0.00188633 -0.00171096 -0.00166174 -0.00140192 0.00220844 0.00235033 0.00230628 0.00246884 0.00268563 0.131608 0.0024888 0.00240936 0.00229489 0.00225053 0.00208296 -0.00130517 -0.00141254 -0.0015198 -0.00157179 -0.00168461 -0.00172839 -0.00179416 -0.00172544 -0.00173446 -0.00163249 -0.00167805 -0.00174076 -0.00171786 -0.00176821 -0.00168703 -0.00170244 -0.00161809 -0.00173684 -0.00170149 -0.00159407 -0.00167919 -0.00163003 -0.00164055 -0.00168546 -0.00161829 -0.00164867 -0.00166018 -0.00166218 -0.00172605 -0.00171814 -0.00173732 -0.00172951 -0.00176262 -0.00164487 -0.00164543 -0.00172628 -0.00153019 -0.00157583 -0.00155554 -0.0016795 -0.00167185 -0.0016528 -0.00168875 -0.00166656 -0.00171326 -0.00175235 -0.00167678 -0.00157546 -0.00162755 -0.00151618 -0.00162565 -0.0016585 -0.00172378 -0.00174375 -0.0016015 -0.00169812 -0.00162712 -0.00177552 -0.0017296 -0.0016664 -0.0016892 -0.00165107 
