0.123054 0.00222612 0.00217029 0.00211316 0.00203361 0.00195595 -0.00114204 -0.00126115 -0.0013437 -0.00140291 -0.00168913 -0.00176746 -0.00168943 -0.0018384 -0.00181023 -0.00192799 -0.00197816 -0.00178204 -0.00188428 -0.00196724 -0.00187143 -0.00191115 -0.0019343 -0.00179883 -0.0020036 -0.00185909 -0.00175995 -0.00173258 -0.0017201 -0.00173227 -0.00174105 -0.00173566 -0.00167149 -0.00173313 -0.00157687 -0.00159919 -0.00172716 -0.00161726 -0.00159391 -0.00160355 -0.00152891 -0.00147702 -0.00164911 -0.00166839 -0.00153208 -0.00153592 -0.00152679 -0.0015103 -0.00146951 -0.00155644 -0.00153537 -0.00149825 -0.00155137 -0.00157275 -0.00146185 -0.00147403 -0.00148638 -0.00153982 -0.00152261 -0.00153555 -0.0014556 -0.00146956 -0.0014245 -0.00143188 -0.00152399 -0.00147961 -0.00152196 -0.00143725 -0.00161322 -0.00147132 -0.00155342 -0.0014917 -0.00148091 -0.00151393 -0.00139144 -0.00149131 -0.00138508 -0.00149073 -0.00151198 -0.00141292 -0.0014581 -0.0014878 -0.00147771 -0.00152582 -0.00155838 -0.00149889 -0.00148405 -0.00149235 -0.00143734 -0.00154681 -0.00148115 -0.00131359 -0.00130917 -0.00128098 -0.00124309 -0.00116959 0.00184014 0.00184731 0.00199525 0.0021209 
0.00222612 0.123167 0.00224178 0.00210704 0.00209705 0.0020421 0.00199457 -0.00121068 -0.00133547 -0.00132169 -0.00146047 -0.00164141 -0.00171958 -0.00173262 -0.00172972 -0.00190521 -0.00189704 -0.00183416 -0.00185318 -0.00199585 -0.00190265 -0.00190036 -0.00178078 -0.00175896 -0.0019331 -0.00191194 -0.00173891 -0.00176343 -0.00169487 -0.00169377 -0.00180263 -0.00170948 -0.00170833 -0.00173335 -0.00155266 -0.00168043 -0.00161421 -0.00156143 -0.00171602 -0.00170278 -0.00149013 -0.00149488 -0.0015603 -0.00161077 -0.00167365 -0.00159408 -0.00154374 -0.00153278 -0.0015433 -0.0014556 -0.00150392 -0.00151614 -0.00149064 -0.00155841 -0.00155251 -0.00153825 -0.00149049 -0.00152188 -0.00152448 -0.00146567 -0.00151108 -0.00146557 -0.00151915 -0.00137051 -0.00152037 -0.0014867 -0.00152787 -0.00154718 -0.0015517 -0.00160039 -0.0015921 -0.00157236 -0.00159834 -0.00143759 -0.00153286 -0.00141439 -0.00130217 -0.00146467 -0.00150213 -0.00151573 -0.00143087 -0.00152922 -0.00159342 -0.0014771 -0.00155861 -0.00154914 -0.0014532 -0.00143841 -0.00156532 -0.00159597 -0.00149322 -0.00149462 -0.00154944 -0.00142389 -0.00125259 -0.00118833 -0.00114621 0.00192069 0.00206893 0.00206618 
0.00217029 0.00224178 0.123769 0.00222891 0.00226078 0.00219465 0.00211149 0.00197717 -0.0012116 -0.00131469 -0.0014832 -0.00168245 -0.00171919 -0.00183663 -0.00172613 -0.00182693 -0.00194001 -0.00195938 -0.00192621 -0.00197519 -0.00196704 -0.0019178 -0.00181393 -0.00179912 -0.00198391 -0.00193126 -0.00175251 -0.00174704 -0.00171787 -0.00166284 -0.00168575 -0.00176845 -0.00172142 -0.0016706 -0.00161276 -0.00155131 -0.00166409 -0.00153738 -0.00158619 -0.00174955 -0.00151092 -0.00151254 -0.00157079 -0.0016949 -0.00167625 -0.00154076 -0.00156781 -0.00145241 -0.00150818 -0.0015401 -0.00144157 -0.00154703 -0.0016473 -0.00154511 -0.00154157 -0.00148569 -0.00154242 -0.00153771 -0.00152255 -0.00154806 -0.0014611 -0.00155835 -0.0014252 -0.00143284 -0.00152651 -0.00154471 -0.00146842 -0.00146498 -0.00152623 -0.00150943 -0.00144221 -0.00155529 -0.00158726 -0.00157197 -0.00147274 -0.00148474 -0.00141917 -0.0015218 -0.00150547 -0.00147869 -0.00154298 -0.001564 -0.00146831 -0.00160115 -0.00158253 -0.00151822 -0.00148193 -0.00144319 -0.00142485 -0.0015279 -0.00150961 -0.00161386 -0.0014494 -0.00140636 -0.00142017 -0.0013547 -0.00127968 -0.00125896 0.0018725 0.00195436 
0.00211316 0.00210704 0.00222891 0.124346 0.00236643 0.00229345 0.00218714 0.00218349 0.00212171 -0.00122548 -0.00140321 -0.00159188 -0.00159651 -0.00182606 -0.00176355 -0.00184042 -0.00201117 -0.00182498 -0.001912 -0.00194911 -0.00196507 -0.00201256 -0.00189673 -0.0018722 -0.00193882 -0.00199509 -0.00183509 -0.00180645 -0.00182285 -0.00171517 -0.00185388 -0.00179058 -0.00177905 -0.00177506 -0.0016707 -0.00165717 -0.001591 -0.00167445 -0.00158806 -0.00165181 -0.0015826 -0.00164207 -0.00170249 -0.00160102 -0.00160796 -0.00162707 -0.00154034 -0.00153831 -0.00154799 -0.00154059 -0.00149495 -0.00145316 -0.00152304 -0.00152745 -0.00151784 -0.0016108 -0.0015158 -0.00156527 -0.00153841 -0.00143691 -0.00152079 -0.00161344 -0.00138157 -0.00135681 -0.00152681 -0.00151088 -0.00152896 -0.00147282 -0.00152665 -0.00156649 -0.00157921 -0.00151185 -0.00152645 -0.00152494 -0.00146628 -0.00137671 -0.00147016 -0.00145607 -0.00154492 -0.00156925 -0.00148735 -0.00154227 -0.00152845 -0.00148942 -0.00151067 -0.00151245 -0.00153069 -0.00148715 -0.0014692 -0.00148411 -0.00148159 -0.00159967 -0.00151912 -0.00155371 -0.00151096 -0.00144389 -0.00134854 -0.00123445 -0.00117382 0.00194177 
0.00203361 0.00209705 0.00226078 0.00236643 0.125185 0.00238448 0.00232714 0.00233348 0.0022005 0.00203099 -0.00132851 -0.00131988 -0.00147833 -0.00170014 -0.0017509 -0.00182331 -0.00192512 -0.00191752 -0.00194419 -0.00208544 -0.00197465 -0.00195698 -0.00187967 -0.00186121 -0.00205479 -0.00192472 -0.00190176 -0.0018494 -0.00173658 -0.00185509 -0.00178842 -0.00181052 -0.00177547 -0.00179119 -0.00160375 -0.00169 -0.00176239 -0.00171805 -0.00171288 -0.00168679 -0.00152373 -0.00156171 -0.00161795 -0.00160615 -0.00165845 -0.00161584 -0.00150738 -0.00151536 -0.00149235 -0.00154917 -0.00149973 -0.00154317 -0.00160045 -0.00152133 -0.00151265 -0.00153151 -0.00157506 -0.00158044 -0.00152348 -0.00160655 -0.00156134 -0.00155826 -0.00153324 -0.00152935 -0.00161844 -0.00152902 -0.0015473 -0.00158555 -0.00156386 -0.00155189 -0.00150072 -0.00151225 -0.00157759 -0.00158851 -0.00145455 -0.00143406 -0.00150682 -0.00155141 -0.00156613 -0.00147023 -0.00149721 -0.00154165 -0.00153925 -0.00152421 -0.00164194 -0.00158374 -0.00151671 -0.00146138 -0.00147649 -0.00160005 -0.00154903 -0.00146907 -0.00148371 -0.00154296 -0.00149658 -0.00156634 -0.00145869 -0.00133898 -0.00131958 -0.0011212 
0.00195595 0.0020421 0.00219465 0.00229345 0.00238448 0.1281 0.00240744 0.00233616 0.00244815 0.0022501 0.00215272 -0.00135378 -0.00139966 -0.00160936 -0.00173374 -0.00181381 -0.00212191 -0.00199929 -0.00193602 -0.00214968 -0.00209354 -0.00205462 -0.00204715 -0.00194134 -0.00214838 -0.00209814 -0.00197914 -0.00193128 -0.00187347 -0.00190748 -0.00189664 -0.00182303 -0.00191898 -0.00191331 -0.00170221 -0.00167747 -0.00171813 -0.00173213 -0.00179832 -0.00180779 -0.00175827 -0.00170554 -0.00176469 -0.00169702 -0.00169294 -0.0016896 -0.00160445 -0.00165548 -0.00157619 -0.00166582 -0.00156991 -0.00159848 -0.001697 -0.00158803 -0.00160716 -0.00163528 -0.00166544 -0.00171243 -0.00163584 -0.00164384 -0.00158361 -0.00167508 -0.00161591 -0.001624 -0.00163995 -0.00169173 -0.00163828 -0.00165492 -0.00162434 -0.00155164 -0.00159718 -0.00152308 -0.00160148 -0.00165453 -0.00151338 -0.00150341 -0.00153081 -0.00163137 -0.00163927 -0.00167978 -0.00157963 -0.00155274 -0.00164285 -0.00161576 -0.0016886 -0.00164093 -0.0015804 -0.00159846 -0.00149582 -0.00159135 -0.00159557 -0.00163698 -0.00160248 -0.00159845 -0.00162581 -0.00164029 -0.00147111 -0.00133324 -0.00131552 -0.00124236 
-0.00114204 0.00199457 0.00211149 0.00218714 0.00232714 0.00240744 0.128918 0.00240651 0.00242316 0.00228049 0.00231661 0.00219483 -0.00132839 -0.00150658 -0.00168767 -0.00164162 -0.00192453 -0.00207574 -0.00201474 -0.00218218 -0.0018785 -0.00205929 -0.00215986 -0.0020122 -0.00213993 -0.00210579 -0.0019965 -0.0019256 -0.00187948 -0.00191443 -0.00203586 -0.00181051 -0.00192071 -0.00183585 -0.00173453 -0.00176409 -0.00169657 -0.00170057 -0.00180591 -0.00170579 -0.00167867 -0.00162758 -0.00172134 -0.00166529 -0.00187922 -0.00181423 -0.00162814 -0.0017111 -0.00170878 -0.00160475 -0.00159675 -0.00173324 -0.00169161 -0.00162712 -0.0016998 -0.00168481 -0.00148575 -0.00158318 -0.00162233 -0.00160375 -0.00160282 -0.00161122 -0.00168605 -0.00159953 -0.00162889 -0.00167655 -0.00157423 -0.00170325 -0.00163422 -0.00161366 -0.00162142 -0.00172438 -0.00167715 -0.00160438 -0.0015992 -0.00149099 -0.00157653 -0.0016767 -0.00166014 -0.00167998 -0.001551 -0.00174452 -0.00159755 -0.00168415 -0.00166107 -0.00172456 -0.0016574 -0.00156485 -0.00152297 -0.00164688 -0.00155921 -0.00165609 -0.00168329 -0.00157884 -0.00162962 -0.00160818 -0.00167836 -0.00155746 -0.0014394 -0.0012276 
-0.00126115 -0.00121068 0.00197717 0.00218349 0.00233348 0.00233616 0.00240651 0.130281 0.00251213 0.00242845 0.00233223 0.00230126 0.00220865 -0.00141184 -0.00163946 -0.00166776 -0.00197223 -0.00205381 -0.00199451 -0.00211808 -0.00217665 -0.00214326 -0.0020973 -0.00195227 -0.00214609 -0.00209439 -0.00193059 -0.00201443 -0.00194792 -0.00183332 -0.00192307 -0.00190217 -0.00191079 -0.00190579 -0.00174492 -0.00178102 -0.00184706 -0.00172646 -0.00177799 -0.00176815 -0.00168914 -0.0016825 -0.00180005 -0.00176054 -0.00171832 -0.00176418 -0.0016459 -0.00158425 -0.00170111 -0.0016421 -0.0016454 -0.00164395 -0.00171855 -0.00171744 -0.00177626 -0.00159214 -0.00168334 -0.0016871 -0.00167025 -0.0016947 -0.0017317 -0.00166168 -0.0016085 -0.00160496 -0.00157433 -0.00163354 -0.00167836 -0.00166179 -0.00159648 -0.00171128 -0.00167315 -0.00174443 -0.00171243 -0.00164809 -0.00159158 -0.0016237 -0.00160488 -0.0017252 -0.00167692 -0.00162706 -0.00169779 -0.00165844 -0.00163676 -0.00168205 -0.00157256 -0.00167062 -0.00151501 -0.00156373 -0.00163049 -0.00168692 -0.00165582 -0.00156454 -0.00162128 -0.00161727 -0.00166034 -0.00161272 -0.00169406 -0.00170462 -0.00154518 -0.00144985 
-0.0013437 -0.00133547 -0.0012116 0.00212171 0.0022005 0.00244815 0.00242316 0.00251213 0.131752 0.00259022 0.00255996 0.00239623 0.00241023 0.00232182 -0.00156444 -0.00151972 -0.00178215 -0.00208985 -0.00196955 -0.00226129 -0.00218605 -0.00209012 -0.00217639 -0.00204209 -0.00216944 -0.00217683 -0.00211979 -0.00200108 -0.00200264 -0.00198011 -0.00193426 -0.00200032 -0.00183262 -0.00195962 -0.00179483 -0.00174633 -0.00183815 -0.00181925 -0.00170186 -0.00181312 -0.00178954 -0.00172517 -0.00179997 -0.00178144 -0.00175949 -0.00173822 -0.00172198 -0.00170512 -0.00171516 -0.0016846 -0.00163775 -0.00170672 -0.00171618 -0.0017249 -0.00167579 -0.00175167 -0.00164949 -0.0017606 -0.00173793 -0.00176029 -0.00160864 -0.00167729 -0.00168491 -0.0015986 -0.00166477 -0.00176127 -0.0016531 -0.00175341 -0.00169867 -0.00164342 -0.00157676 -0.00163764 -0.00170386 -0.00172653 -0.00161252 -0.00158896 -0.00162847 -0.00174537 -0.00163243 -0.00174314 -0.00165691 -0.00168909 -0.00168404 -0.00167912 -0.00169262 -0.00174989 -0.00174066 -0.00159341 -0.00160337 -0.00163954 -0.0017101 -0.00163089 -0.00169727 -0.0016215 -0.00169329 -0.00161782 -0.00171275 -0.00166388 -0.00174286 -0.00157265 
-0.00140291 -0.00132169 -0.00131469 -0.00122548 0.00203099 0.0022501 0.00228049 0.00242845 0.00259022 0.130057 0.0025661 0.00254116 0.00233126 0.00219955 -0.00151346 -0.00142661 -0.00170007 -0.00197763 -0.00176065 -0.00214507 -0.0021428 -0.00206637 -0.00204876 -0.00185519 -0.00210623 -0.0020353 -0.00190733 -0.00195668 -0.00188541 -0.00176677 -0.00196983 -0.00185449 -0.00194914 -0.00191877 -0.00177677 -0.00166906 -0.00172238 -0.00183633 -0.00179577 -0.00178771 -0.00166811 -0.00160878 -0.00174396 -0.00169116 -0.00171705 -0.0016657 -0.00163623 -0.00164697 -0.00161156 -0.00176494 -0.00164321 -0.00164507 -0.00159015 -0.00169547 -0.00159785 -0.00161635 -0.00170431 -0.00160223 -0.00174191 -0.00170014 -0.0016185 -0.00156844 -0.00154176 -0.00147086 -0.00164619 -0.00166619 -0.00160441 -0.0016053 -0.00158946 -0.00160799 -0.00152353 -0.0016443 -0.00158002 -0.00157939 -0.00152585 -0.00155015 -0.00157529 -0.00161006 -0.00161616 -0.00159582 -0.00165732 -0.00163878 -0.00163249 -0.00163781 -0.00157923 -0.00164696 -0.00163754 -0.00153342 -0.00163678 -0.00169578 -0.00169739 -0.00167035 -0.001639 -0.00153651 -0.00153148 -0.00161232 -0.00165068 -0.00166436 -0.00159518 -0.00153139 
-0.00168913 -0.00146047 -0.0014832 -0.00140321 -0.00132851 0.00215272 0.00231661 0.00233223 0.00255996 0.0025661 0.134806 0.0028045 0.00268585 0.00243256 0.00234732 0.00243881 -0.0016084 -0.00180308 -0.00178578 -0.00192669 -0.00221902 -0.00213447 -0.00224717 -0.00209423 -0.00224375 -0.00218027 -0.00208823 -0.00200298 -0.00196369 -0.00198277 -0.0019816 -0.00197346 -0.00206534 -0.0019064 -0.00182947 -0.00179542 -0.00193969 -0.00191241 -0.00194209 -0.00183524 -0.00184814 -0.00175404 -0.00185407 -0.00178199 -0.00190415 -0.00184189 -0.00172364 -0.00179916 -0.00178265 -0.00172584 -0.00168806 -0.00174735 -0.00171316 -0.00169964 -0.00172274 -0.00175586 -0.00174388 -0.0017025 -0.00180079 -0.00176802 -0.00179587 -0.00163015 -0.00164915 -0.00171377 -0.00176963 -0.00179818 -0.00173473 -0.00180297 -0.00166019 -0.0017256 -0.00181597 -0.0018075 -0.00172563 -0.00176576 -0.00163853 -0.00163565 -0.0016749 -0.00178336 -0.00180712 -0.00177425 -0.00171727 -0.00185251 -0.00173361 -0.00168583 -0.00169318 -0.00176684 -0.00172862 -0.00159227 -0.00166916 -0.00167957 -0.00176144 -0.00176831 -0.00175951 -0.00177909 -0.00173985 -0.00176543 -0.00177152 -0.00171256 -0.00175821 -0.00161513 
-0.00176746 -0.00164141 -0.00168245 -0.00159188 -0.00131988 -0.00135378 0.00219483 0.00230126 0.00239623 0.00254116 0.0028045 0.136541 0.00272206 0.00267382 0.0024511 0.00249514 0.00235722 -0.00161791 -0.00166781 -0.00195794 -0.00205619 -0.00211814 -0.00215972 -0.00200804 -0.00223435 -0.00224375 -0.00205798 -0.00209282 -0.00206455 -0.00209253 -0.00208341 -0.00209673 -0.00197191 -0.00201539 -0.00196645 -0.00189844 -0.00187099 -0.00195269 -0.00191758 -0.00191132 -0.00183633 -0.00177278 -0.00186169 -0.00186351 -0.00192505 -0.00185479 -0.00182053 -0.00177823 -0.00176726 -0.00179802 -0.00167468 -0.00172095 -0.00171624 -0.00171597 -0.00180557 -0.00183045 -0.00179488 -0.0018091 -0.00175346 -0.00180009 -0.00176401 -0.00179818 -0.00164261 -0.00172697 -0.00181071 -0.00182786 -0.00175731 -0.00185171 -0.00174699 -0.00180508 -0.00178386 -0.00176467 -0.00177146 -0.00174668 -0.00154474 -0.00166602 -0.00164533 -0.00174595 -0.00172749 -0.00177035 -0.00172943 -0.00190916 -0.00180488 -0.0018522 -0.00171237 -0.00180155 -0.00176846 -0.00173838 -0.00168034 -0.0017459 -0.00175337 -0.00168491 -0.00169125 -0.00178888 -0.00175281 -0.00178344 -0.00174926 -0.0017743 -0.00179433 -0.00175217 
-0.00168943 -0.00171958 -0.00171919 -0.00159651 -0.00147833 -0.00139966 -0.00132839 0.00220865 0.00241023 0.00233126 0.00268585 0.00272206 0.135351 0.00275796 0.00256005 0.00255458 0.00255159 -0.00153384 -0.00150368 -0.00187092 -0.00204659 -0.00201733 -0.00206515 -0.0020201 -0.00234392 -0.0020965 -0.00200776 -0.00202106 -0.00201448 -0.00199597 -0.00191859 -0.00207905 -0.00198953 -0.00199258 -0.00188254 -0.00176682 -0.00178808 -0.00193071 -0.00191243 -0.00184018 -0.00176774 -0.00171336 -0.00190405 -0.00181409 -0.00174926 -0.00190243 -0.00163499 -0.00166175 -0.00165096 -0.0017895 -0.00168627 -0.00170768 -0.00166263 -0.00170574 -0.00178643 -0.00172617 -0.00177544 -0.00178739 -0.0017229 -0.00172649 -0.00163181 -0.00165112 -0.00176131 -0.00164163 -0.00174626 -0.00168176 -0.00169452 -0.00162231 -0.00166541 -0.00171617 -0.00176541 -0.00165057 -0.00178954 -0.00167408 -0.00167363 -0.00159827 -0.00172643 -0.00171849 -0.00174458 -0.00174505 -0.0017136 -0.00165782 -0.00180404 -0.00166875 -0.0016861 -0.00172444 -0.00166281 -0.00167555 -0.00164769 -0.00176791 -0.00175882 -0.00165263 -0.00172192 -0.00165134 -0.00164778 -0.00170639 -0.00172982 -0.00168483 -0.00166776 -0.00156058 
-0.0018384 -0.00173262 -0.00183663 -0.00182606 -0.00170014 -0.00160936 -0.00150658 -0.00141184 0.00232182 0.00219955 0.00243256 0.00267382 0.00275796 0.140194 0.00274039 0.00293868 0.00271367 0.00256766 0.00245247 -0.00171311 -0.00187731 -0.00187634 -0.00198792 -0.00214993 -0.00234914 -0.00228608 -0.00213233 -0.00211602 -0.00213309 -0.00203255 -0.00207051 -0.00214011 -0.0020493 -0.00198886 -0.00194486 -0.00193787 -0.00201065 -0.00195219 -0.00197804 -0.00202051 -0.00186722 -0.00192024 -0.00194019 -0.00195673 -0.00187763 -0.0019795 -0.00180911 -0.00189705 -0.00187524 -0.00184853 -0.00184428 -0.00182407 -0.0018676 -0.00187194 -0.00176681 -0.00184668 -0.00182597 -0.0017756 -0.00184659 -0.00192872 -0.00184274 -0.00182417 -0.00182665 -0.00177381 -0.00180191 -0.00184525 -0.00182063 -0.00178755 -0.0018279 -0.00188702 -0.00190362 -0.0017281 -0.00185621 -0.00183315 -0.0017689 -0.00162613 -0.00168898 -0.00180502 -0.00185159 -0.00179349 -0.00190775 -0.00180721 -0.00181362 -0.00181226 -0.00190003 -0.00185264 -0.00188014 -0.00175397 -0.00188034 -0.00186281 -0.00179561 -0.00180404 -0.00186968 -0.00176053 -0.00181005 -0.00175561 -0.00174227 -0.00181857 -0.0018411 -0.00165343 
-0.00181023 -0.00172972 -0.00172613 -0.00176355 -0.0017509 -0.00173374 -0.00168767 -0.00163946 -0.00156444 -0.00151346 0.00234732 0.0024511 0.00256005 0.00274039 0.13969 0.00298404 0.00285023 0.00267689 0.00270874 0.00250884 -0.00169788 -0.00155027 -0.00178486 -0.00181357 -0.00214557 -0.00216599 -0.00213486 -0.00204849 -0.00221534 -0.00201152 -0.00212475 -0.00211622 -0.00205395 -0.00207479 -0.00191697 -0.00191977 -0.00199753 -0.00201032 -0.00191851 -0.00187844 -0.001773 -0.00187246 -0.001951 -0.00186411 -0.00186523 -0.00192103 -0.00170794 -0.00179565 -0.00187497 -0.00179266 -0.00185707 -0.0018424 -0.00171165 -0.00177831 -0.00177728 -0.00182304 -0.00179659 -0.00172883 -0.00166457 -0.00170799 -0.00175399 -0.00163337 -0.00171286 -0.00170804 -0.00174268 -0.00184025 -0.00179561 -0.00175147 -0.00171992 -0.00179344 -0.00188834 -0.00169341 -0.00178259 -0.00174291 -0.00171286 -0.00165324 -0.00175524 -0.0018067 -0.00183666 -0.00184182 -0.00176287 -0.00171527 -0.00184517 -0.00179883 -0.00180363 -0.00182159 -0.00184938 -0.00164025 -0.00171094 -0.0018314 -0.00171954 -0.00176654 -0.00184135 -0.00180958 -0.00183801 -0.00183457 -0.00180339 -0.00180537 -0.00187542 -0.00167462 
-0.00192799 -0.00190521 -0.00182693 -0.00184042 -0.00182331 -0.00181381 -0.00164162 -0.00166776 -0.00151972 -0.00142661 0.00243881 0.00249514 0.00255458 0.00293868 0.00298404 0.141133 0.00280671 0.00278427 0.00269176 0.00261302 -0.00166744 -0.00164377 -0.00178214 -0.00198482 -0.00215674 -0.00216908 -0.00221364 -0.0022223 -0.0020605 -0.00204405 -0.00207389 -0.00210087 -0.00195206 -0.00210307 -0.00190685 -0.00189374 -0.00195712 -0.00200411 -0.00199629 -0.00187936 -0.00186278 -0.00191522 -0.00181245 -0.00186934 -0.00186645 -0.001918 -0.00184089 -0.00185063 -0.00178854 -0.00182836 -0.00181566 -0.00184285 -0.00172832 -0.00183273 -0.00174561 -0.00183828 -0.0018543 -0.00173834 -0.00179082 -0.00179112 -0.00180987 -0.001755 -0.00177769 -0.00171673 -0.00176532 -0.00177006 -0.00179709 -0.00185435 -0.00182595 -0.00175395 -0.00175444 -0.00169612 -0.00194044 -0.00177957 -0.0016838 -0.0017278 -0.00172079 -0.00190531 -0.00177417 -0.00180463 -0.0017893 -0.00172555 -0.00192395 -0.00183753 -0.00183679 -0.0018773 -0.00180903 -0.00168563 -0.00178035 -0.00189735 -0.00182002 -0.00179322 -0.00167304 -0.0017819 -0.00183945 -0.00186738 -0.00181582 -0.00179241 -0.0017379 -0.00180736 
-0.00197816 -0.00189704 -0.00194001 -0.00201117 -0.00192512 -0.00212191 -0.00192453 -0.00197223 -0.00178215 -0.00170007 -0.0016084 0.00235722 0.00255159 0.00271367 0.00285023 0.00280671 0.146393 0.00298753 0.00315285 0.002958 0.00270748 0.00259454 -0.00159161 -0.00175907 -0.00201243 -0.00201053 -0.00230075 -0.00222082 -0.00209482 -0.00217691 -0.00225674 -0.00227149 -0.00230032 -0.00219424 -0.001992 -0.00206542 -0.00210749 -0.00214922 -0.00216365 -0.00217898 -0.00196765 -0.00216465 -0.00201433 -0.0020575 -0.00200189 -0.0019814 -0.00193667 -0.00198132 -0.00189786 -0.00198068 -0.00198257 -0.00192573 -0.00187471 -0.00194852 -0.00193994 -0.0018824 -0.00196103 -0.0018976 -0.00191759 -0.00196701 -0.00187665 -0.00189663 -0.00186732 -0.00190486 -0.00186906 -0.00186879 -0.00185229 -0.00197162 -0.00188334 -0.00192247 -0.00202904 -0.00187058 -0.00206007 -0.00188708 -0.00186384 -0.00175448 -0.00186515 -0.00193908 -0.00195659 -0.00190028 -0.00197788 -0.00189962 -0.00191304 -0.00190427 -0.00193293 -0.00193853 -0.00191171 -0.00176335 -0.00179792 -0.00200287 -0.00187001 -0.00189763 -0.0018598 -0.00192953 -0.00189045 -0.00194512 -0.00183556 -0.00190609 -0.00192861 -0.00194007 
-0.00178204 -0.00183416 -0.00195938 -0.00182498 -0.00191752 -0.00199929 -0.00207574 -0.00205381 -0.00208985 -0.00197763 -0.00180308 -0.00161791 -0.00153384 0.00256766 0.00267689 0.00278427 0.00298753 0.144824 0.00325001 0.0031766 0.00278718 0.00286392 0.00269159 -0.00157029 -0.00178078 -0.00178804 -0.00204944 -0.00221587 -0.00208752 -0.00206343 -0.00218708 -0.00211214 -0.0020226 -0.00206175 -0.00189833 -0.00194079 -0.00197241 -0.00204337 -0.00205272 -0.00203013 -0.00188453 -0.001923 -0.00200782 -0.00204692 -0.00199102 -0.00191408 -0.00185607 -0.00185643 -0.0018825 -0.00190784 -0.00194871 -0.00188287 -0.0019144 -0.00188887 -0.00192319 -0.00186349 -0.0019 -0.0018405 -0.00179399 -0.00191963 -0.00184953 -0.00186384 -0.00177939 -0.00177094 -0.00179507 -0.00181807 -0.00186199 -0.00194616 -0.00177529 -0.0018411 -0.001844 -0.00190487 -0.00183677 -0.00196897 -0.00176671 -0.00182113 -0.00173779 -0.00191367 -0.00185825 -0.00184383 -0.00194026 -0.00180986 -0.00196749 -0.00194092 -0.00195256 -0.00191118 -0.00197902 -0.00180609 -0.00169751 -0.00183393 -0.00182405 -0.00183808 -0.00178033 -0.00196434 -0.00188592 -0.00187755 -0.00182342 -0.00186118 -0.00190646 -0.00171987 
-0.00188428 -0.00185318 -0.00192621 -0.001912 -0.00194419 -0.00193602 -0.00201474 -0.00199451 -0.00196955 -0.00176065 -0.00178578 -0.00166781 -0.00150368 0.00245247 0.00270874 0.00269176 0.00315285 0.00325001 0.145305 0.00310885 0.00281656 0.00282288 0.00255717 -0.0015111 -0.00172685 -0.00188276 -0.00208233 -0.00218688 -0.00209032 -0.00215732 -0.00204904 -0.0021902 -0.0019645 -0.00210081 -0.00191402 -0.00198166 -0.00201038 -0.00211618 -0.00203364 -0.00207524 -0.00196581 -0.00185716 -0.00201698 -0.00182304 -0.00202407 -0.00199898 -0.00188074 -0.0019628 -0.00190009 -0.00193168 -0.0019372 -0.00190232 -0.00185824 -0.00184234 -0.001801 -0.00199671 -0.0018697 -0.00190584 -0.00190186 -0.00192581 -0.00186573 -0.00193233 -0.00178221 -0.00178084 -0.0018705 -0.00191346 -0.00187233 -0.00183622 -0.00193809 -0.00180536 -0.00186417 -0.00187911 -0.00191889 -0.00187309 -0.00178583 -0.00175803 -0.00183867 -0.00182887 -0.00187295 -0.00194264 -0.00191945 -0.00184464 -0.00192478 -0.00187133 -0.00198458 -0.00179289 -0.00192121 -0.00173965 -0.00176338 -0.00184851 -0.00183078 -0.00184881 -0.00185627 -0.00200036 -0.00186823 -0.00184084 -0.00181757 -0.00181898 -0.00178182 -0.00190505 
-0.00196724 -0.00199585 -0.00197519 -0.00194911 -0.00208544 -0.00214968 -0.00218218 -0.00211808 -0.00226129 -0.00214507 -0.00192669 -0.00195794 -0.00187092 -0.00171311 0.00250884 0.00261302 0.002958 0.0031766 0.00310885 0.149417 0.00317834 0.00331316 0.00295497 0.00272378 0.00261303 -0.00173014 -0.00178094 -0.00206984 -0.00205424 -0.00199516 -0.00226707 -0.00226641 -0.00218651 -0.00230617 -0.00210642 -0.00220629 -0.00210731 -0.0021103 -0.00222096 -0.00206874 -0.00202942 -0.0020352 -0.00208041 -0.00211113 -0.00207852 -0.00213318 -0.0020429 -0.00200557 -0.00208374 -0.0019528 -0.00209723 -0.00198596 -0.00197973 -0.00201022 -0.0019971 -0.00199136 -0.00194265 -0.0019313 -0.00196651 -0.00202664 -0.00197151 -0.00199682 -0.0018632 -0.00182508 -0.00195341 -0.00197502 -0.00196833 -0.00203547 -0.0019498 -0.00191076 -0.0019787 -0.00197513 -0.00209112 -0.0019767 -0.00186947 -0.00193009 -0.00185615 -0.00188515 -0.00196129 -0.00195944 -0.00191783 -0.00200382 -0.00198611 -0.00190954 -0.0019963 -0.00191278 -0.00196793 -0.00189703 -0.00190723 -0.00198167 -0.00197127 -0.00201828 -0.00202475 -0.00203909 -0.00204817 -0.00191161 -0.0019473 -0.00196936 -0.00201169 -0.00195493 
-0.00187143 -0.00190265 -0.00196704 -0.00196507 -0.00197465 -0.00209354 -0.0018785 -0.00217665 -0.00218605 -0.0021428 -0.00221902 -0.00205619 -0.00204659 -0.00187731 -0.00169788 -0.00166744 0.00270748 0.00278718 0.00281656 0.00317834 0.146456 0.00321685 0.00322295 0.00273402 0.00278189 0.00262085 -0.00152638 -0.00174969 -0.00182892 -0.00168572 -0.0019825 -0.00207569 -0.00211179 -0.00206351 -0.00193706 -0.00197168 -0.00201972 -0.00203837 -0.00203498 -0.00200154 -0.00195094 -0.00194549 -0.00203874 -0.00202142 -0.00193569 -0.00199353 -0.00195358 -0.00187202 -0.0019331 -0.00196679 -0.00192607 -0.00179894 -0.00192799 -0.00193595 -0.00178808 -0.00183519 -0.00185748 -0.00199026 -0.00187295 -0.00184254 -0.00184388 -0.00202992 -0.00188078 -0.00174767 -0.00184402 -0.00187145 -0.00190111 -0.00186079 -0.00198431 -0.0019326 -0.00192678 -0.00197515 -0.00192103 -0.00198195 -0.00181945 -0.00181245 -0.00180779 -0.00189358 -0.00199966 -0.0018432 -0.00193112 -0.00196971 -0.0019264 -0.00187157 -0.00193335 -0.00187123 -0.00187395 -0.0018357 -0.00174933 -0.00187107 -0.00190537 -0.00185906 -0.00193612 -0.00188206 -0.00187485 -0.00186151 -0.00187044 -0.00178247 -0.0018665 -0.00183545 
-0.00191115 -0.00190036 -0.0019178 -0.00201256 -0.00195698 -0.00205462 -0.00205929 -0.00214326 -0.00209012 -0.00206637 -0.00213447 -0.00211814 -0.00201733 -0.00187634 -0.00155027 -0.00164377 0.00259454 0.00286392 0.00282288 0.00331316 0.00321685 0.146496 0.00316877 0.00280312 0.00271318 0.00260609 -0.00170605 -0.0017734 -0.00165955 -0.00182453 -0.00197643 -0.00207171 -0.00206237 -0.00218785 -0.00202715 -0.00198667 -0.00210333 -0.00203592 -0.0020769 -0.00200333 -0.00199017 -0.00197725 -0.00196752 -0.0019332 -0.00184288 -0.00207089 -0.00184056 -0.00190155 -0.0018887 -0.00187259 -0.00206525 -0.00183993 -0.00198192 -0.00181003 -0.00186117 -0.00183489 -0.00199041 -0.00186421 -0.00196475 -0.0019529 -0.00189636 -0.00198673 -0.00184831 -0.00183514 -0.00197054 -0.00184705 -0.00191756 -0.00197372 -0.00191495 -0.00194881 -0.00192088 -0.00193574 -0.00185361 -0.00188257 -0.00174178 -0.0018691 -0.00175191 -0.00177329 -0.0018201 -0.00186248 -0.00187237 -0.00189114 -0.0018887 -0.0018166 -0.00203592 -0.00190967 -0.00191583 -0.0017431 -0.0017215 -0.00189392 -0.00201904 -0.00188193 -0.00187164 -0.0019467 -0.00181902 -0.00183087 -0.00186076 -0.00193026 -0.0018996 -0.00190016 
-0.0019343 -0.00178078 -0.00181393 -0.00189673 -0.00187967 -0.00204715 -0.00215986 -0.0020973 -0.00217639 -0.00204876 -0.00224717 -0.00215972 -0.00206515 -0.00198792 -0.00178486 -0.00178214 -0.00159161 0.00269159 0.00255717 0.00295497 0.00322295 0.00316877 0.145951 0.00305537 0.00294557 0.00274858 0.00247475 -0.00164081 -0.00187619 -0.00176468 -0.00203808 -0.00191732 -0.0021041 -0.002149 -0.00195235 -0.00195478 -0.00201402 -0.00201318 -0.00207705 -0.00198454 -0.00180762 -0.00201778 -0.00210486 -0.00200456 -0.00193835 -0.00204214 -0.0019371 -0.00189046 -0.0018575 -0.00190635 -0.00184824 -0.00196969 -0.00191556 -0.00191225 -0.00191301 -0.00198582 -0.00183213 -0.00183386 -0.0018483 -0.0019724 -0.00184567 -0.00193207 -0.00182725 -0.00182975 -0.0018795 -0.0018713 -0.00188412 -0.00193647 -0.00187957 -0.00191833 -0.00180782 -0.001882 -0.00177216 -0.0018939 -0.00180502 -0.00176588 -0.00182427 -0.00179668 -0.00181571 -0.0017954 -0.00196087 -0.00188948 -0.00187303 -0.00192073 -0.0019964 -0.00190621 -0.00189546 -0.00172246 -0.00181744 -0.00177282 -0.00193235 -0.00186294 -0.00190532 -0.00179872 -0.00188969 -0.0018393 -0.00175107 -0.00186896 -0.00197677 -0.00175042 
-0.00179883 -0.00175896 -0.00179912 -0.0018722 -0.00186121 -0.00194134 -0.0020122 -0.00195227 -0.00204209 -0.00185519 -0.00209423 -0.00200804 -0.0020201 -0.00214993 -0.00181357 -0.00198482 -0.00175907 -0.00157029 -0.0015111 0.00272378 0.00273402 0.00280312 0.00305537 0.140975 0.00299933 0.00292479 0.0025718 0.00233486 -0.00147243 -0.00146873 -0.00162481 -0.00176942 -0.00186614 -0.00182468 -0.00181375 -0.00185145 -0.00190692 -0.00186133 -0.00184736 -0.00186472 -0.00186576 -0.00177188 -0.00194228 -0.00183161 -0.00183958 -0.00182045 -0.00178698 -0.00182169 -0.00182185 -0.00175493 -0.00185128 -0.00177244 -0.00176177 -0.00182813 -0.00167162 -0.00174894 -0.00176214 -0.00179976 -0.00180646 -0.00172707 -0.00177532 -0.00191096 -0.00161292 -0.00167084 -0.0017747 -0.00177263 -0.00184062 -0.00175014 -0.00180292 -0.00179173 -0.00184585 -0.00179295 -0.00171384 -0.00177107 -0.00165038 -0.00176079 -0.00161673 -0.00177709 -0.0017124 -0.00177636 -0.00179267 -0.00175967 -0.00173912 -0.00180814 -0.00178846 -0.00183134 -0.00172455 -0.00165974 -0.00162935 -0.00175999 -0.00179527 -0.00185019 -0.00178382 -0.0017221 -0.00182293 -0.00168092 -0.00175961 -0.00171676 -0.00177179 -0.00164263 
-0.0020036 -0.0019331 -0.00198391 -0.00193882 -0.00205479 -0.00214838 -0.00213993 -0.00214609 -0.00216944 -0.00210623 -0.00224375 -0.00223435 -0.00234392 -0.00234914 -0.00214557 -0.00215674 -0.00201243 -0.00178078 -0.00172685 0.00261303 0.00278189 0.00271318 0.00294557 0.00299933 0.146002 0.00304619 0.00285838 0.00256579 0.00236717 0.00253423 -0.00159925 -0.00162175 -0.00182515 -0.00192989 -0.00198721 -0.00196896 -0.00197285 -0.00216029 -0.00201449 -0.00201363 -0.00194708 -0.00188084 -0.00206107 -0.00191043 -0.00216066 -0.00200493 -0.00200002 -0.00191987 -0.00194358 -0.00186243 -0.00196625 -0.00185947 -0.00188754 -0.00192495 -0.00197086 -0.00193649 -0.00186835 -0.00189745 -0.00193899 -0.0019034 -0.00190259 -0.00194464 -0.00182035 -0.00182295 -0.00189376 -0.0019563 -0.00187987 -0.00189069 -0.00192932 -0.00190105 -0.00196347 -0.00188992 -0.00181062 -0.00191155 -0.0018161 -0.0017469 -0.00186304 -0.00189083 -0.0018365 -0.00185201 -0.00190682 -0.00191941 -0.00200848 -0.00188163 -0.00192672 -0.00191077 -0.00189466 -0.00187111 -0.00177134 -0.00187469 -0.00194855 -0.00193308 -0.00192264 -0.00189702 -0.00199382 -0.00197607 -0.00191375 -0.00197185 -0.00187914 -0.00194676 
-0.00185909 -0.00191194 -0.00193126 -0.00199509 -0.00192472 -0.00209814 -0.00210579 -0.00209439 -0.00217683 -0.0020353 -0.00218027 -0.00224375 -0.0020965 -0.00228608 -0.00216599 -0.00216908 -0.00201053 -0.00178804 -0.00188276 -0.00173014 0.00262085 0.00260609 0.00274858 0.00292479 0.00304619 0.144442 0.00287522 0.00272734 0.00250292 0.00261035 0.00236194 -0.00148721 -0.00163846 -0.00176055 -0.00189516 -0.00191205 -0.00205762 -0.0019983 -0.00193385 -0.00202503 -0.0019279 -0.0020033 -0.00204788 -0.00207721 -0.00199415 -0.00202633 -0.00188031 -0.00198009 -0.00184237 -0.0019597 -0.00199345 -0.00194339 -0.00187668 -0.00192568 -0.00187191 -0.00184081 -0.00182789 -0.00183142 -0.00198156 -0.00187667 -0.00187502 -0.00191277 -0.00173907 -0.00189648 -0.00190901 -0.001987 -0.00198408 -0.00189994 -0.00194556 -0.00188251 -0.00192496 -0.00189158 -0.0019224 -0.00179567 -0.00177454 -0.00177428 -0.00179658 -0.00194052 -0.00181447 -0.00194785 -0.00187591 -0.00185561 -0.00188515 -0.0018741 -0.00180807 -0.00183367 -0.0020051 -0.00183861 -0.00181406 -0.00197867 -0.00192169 -0.00199017 -0.00189727 -0.00189306 -0.0018099 -0.00187769 -0.00187644 -0.00189337 -0.0019602 -0.00186021 
-0.00175995 -0.00173891 -0.00175251 -0.00183509 -0.00190176 -0.00197914 -0.0019965 -0.00193059 -0.00211979 -0.00190733 -0.00208823 -0.00205798 -0.00200776 -0.00213233 -0.00213486 -0.00221364 -0.00230075 -0.00204944 -0.00208233 -0.00178094 -0.00152638 -0.00170605 0.00247475 0.0025718 0.00285838 0.00287522 0.139363 0.00273839 0.00257721 0.0026582 0.00243688 0.0023123 -0.00140717 -0.00146021 -0.0016324 -0.00169009 -0.00188642 -0.00189626 -0.00196154 -0.00186184 -0.00181865 -0.00177961 -0.00182018 -0.00185731 -0.00193278 -0.00190444 -0.00179307 -0.0019073 -0.00189757 -0.00172504 -0.00184682 -0.00176474 -0.0017477 -0.00173906 -0.00176034 -0.00168789 -0.00170464 -0.00173861 -0.00176706 -0.00169248 -0.0017979 -0.0017683 -0.00160784 -0.00167121 -0.00171931 -0.00187194 -0.00189395 -0.00179865 -0.00186403 -0.00174858 -0.00173038 -0.00174215 -0.00169169 -0.00178398 -0.00172667 -0.00167201 -0.00169224 -0.0018248 -0.00167855 -0.00179231 -0.00182389 -0.00188163 -0.00171096 -0.00169735 -0.00168176 -0.00173168 -0.00181725 -0.00174875 -0.00162532 -0.00176267 -0.00178067 -0.00172051 -0.00182049 -0.00181253 -0.00182299 -0.00175776 -0.00169981 -0.00184742 -0.00177261 -0.00159002 
-0.00173258 -0.00176343 -0.00174704 -0.00180645 -0.0018494 -0.00193128 -0.0019256 -0.00201443 -0.00200108 -0.00195668 -0.00200298 -0.00209282 -0.00202106 -0.00211602 -0.00204849 -0.0022223 -0.00222082 -0.00221587 -0.00218688 -0.00206984 -0.00174969 -0.0017734 -0.00164081 0.00233486 0.00256579 0.00272734 0.00273839 0.136951 0.00270489 0.00275886 0.00249961 0.00241984 0.00225359 -0.00124668 -0.00144491 -0.00141821 -0.00173975 -0.00172209 -0.00181682 -0.00183132 -0.0017499 -0.00181897 -0.0017575 -0.00181948 -0.00187366 -0.00181216 -0.00174622 -0.00170306 -0.0017071 -0.00171391 -0.00171466 -0.00168828 -0.00184545 -0.00173257 -0.00175431 -0.00177268 -0.00174876 -0.00178121 -0.00165705 -0.00174691 -0.00169908 -0.00176674 -0.00166718 -0.00161882 -0.00174301 -0.00174553 -0.00174678 -0.00169581 -0.00169995 -0.00172382 -0.0017339 -0.00179427 -0.00164895 -0.0017682 -0.00159351 -0.00160193 -0.00156985 -0.00170043 -0.0017588 -0.00173173 -0.00177898 -0.00157598 -0.00170588 -0.00178789 -0.0016882 -0.00177029 -0.00168772 -0.00165896 -0.00163294 -0.00175178 -0.00172684 -0.00173242 -0.00176206 -0.00172295 -0.00168819 -0.00180415 -0.00179307 -0.00182345 -0.00178253 -0.0016192 
-0.0017201 -0.00169487 -0.00171787 -0.00182285 -0.00173658 -0.00187347 -0.00187948 -0.00194792 -0.00200264 -0.00188541 -0.00196369 -0.00206455 -0.00201448 -0.00213309 -0.00221534 -0.0020605 -0.00209482 -0.00208752 -0.00209032 -0.00205424 -0.00182892 -0.00165955 -0.00187619 -0.00147243 0.00236717 0.00250292 0.00257721 0.00270489 0.135245 0.00280953 0.00268285 0.00247905 0.00239165 0.00220778 -0.00143473 -0.00144188 -0.00160279 -0.00166861 -0.00173194 -0.00178089 -0.00178181 -0.0017555 -0.001777 -0.00182435 -0.00183559 -0.00182625 -0.00170443 -0.00166502 -0.00165141 -0.00170405 -0.00172386 -0.00173896 -0.0016534 -0.00171962 -0.00165515 -0.00174195 -0.00173289 -0.00168662 -0.00168429 -0.00158838 -0.00172509 -0.00167178 -0.00166587 -0.00158966 -0.00169494 -0.00170982 -0.00178947 -0.00163926 -0.00172936 -0.00173484 -0.00173269 -0.00176105 -0.00176649 -0.00170211 -0.00165326 -0.0015566 -0.001626 -0.00168918 -0.00170949 -0.00170259 -0.00165608 -0.00171006 -0.00165955 -0.00171148 -0.00171391 -0.00165703 -0.0017167 -0.00159623 -0.00162495 -0.00173991 -0.0017401 -0.00173455 -0.00173469 -0.00172533 -0.00171529 -0.00172228 -0.00174901 -0.00174195 -0.00175526 -0.00170568 
-0.00173227 -0.00169377 -0.00166284 -0.00171517 -0.00185509 -0.00190748 -0.00191443 -0.00183332 -0.00198011 -0.00176677 -0.00198277 -0.00209253 -0.00199597 -0.00203255 -0.00201152 -0.00204405 -0.00217691 -0.00206343 -0.00215732 -0.00199516 -0.00168572 -0.00182453 -0.00176468 -0.00146873 0.00253423 0.00261035 0.0026582 0.00275886 0.00280953 0.133885 0.00255259 0.00254951 0.00233092 0.00217277 -0.0013921 -0.00139845 -0.00150921 -0.00156111 -0.00174587 -0.00188323 -0.00176981 -0.00177586 -0.00177114 -0.00183565 -0.00177951 -0.00176685 -0.00167473 -0.0018127 -0.00179717 -0.00173554 -0.00170863 -0.00171343 -0.00167631 -0.00177832 -0.00178303 -0.00164585 -0.00174895 -0.00169987 -0.0016146 -0.00169643 -0.00169881 -0.00169559 -0.00156817 -0.001569 -0.00171901 -0.00169266 -0.00174715 -0.0016872 -0.00176685 -0.00172489 -0.00168991 -0.0016727 -0.00168276 -0.00171292 -0.00155726 -0.00162822 -0.00165608 -0.00163866 -0.00168365 -0.00171996 -0.00161513 -0.00167582 -0.00168622 -0.00173887 -0.00167783 -0.00165778 -0.00163317 -0.00163156 -0.00158027 -0.00171039 -0.00175376 -0.00168171 -0.00183424 -0.00165478 -0.00172248 -0.00159593 -0.00173511 -0.00168861 -0.00176398 -0.00168164 
-0.00174105 -0.00180263 -0.00168575 -0.00185388 -0.00178842 -0.00189664 -0.00203586 -0.00192307 -0.00193426 -0.00196983 -0.0019816 -0.00208341 -0.00191859 -0.00207051 -0.00212475 -0.00207389 -0.00225674 -0.00218708 -0.00204904 -0.00226707 -0.0019825 -0.00197643 -0.00203808 -0.00162481 -0.00159925 0.00236194 0.00243688 0.00249961 0.00268285 0.00255259 0.134515 0.00267635 0.00257415 0.00242724 0.00212531 0.00208251 -0.00135045 -0.00141722 -0.0015972 -0.00171574 -0.00179906 -0.00175397 -0.00187377 -0.00183993 -0.00175102 -0.00180527 -0.00177277 -0.00183807 -0.0017513 -0.00181724 -0.00169369 -0.00179752 -0.00170632 -0.00169436 -0.00175313 -0.00177039 -0.00170198 -0.00175286 -0.00177741 -0.00168753 -0.00175772 -0.00174832 -0.00165131 -0.00160008 -0.00170555 -0.00178083 -0.00177442 -0.00171502 -0.0017032 -0.00167802 -0.00171796 -0.00176704 -0.00174988 -0.00173676 -0.00162006 -0.00167125 -0.00169433 -0.00168976 -0.00170138 -0.00172306 -0.001755 -0.00174766 -0.00169357 -0.00175373 -0.00177137 -0.00169866 -0.00165002 -0.00167121 -0.00162674 -0.00166785 -0.00166563 -0.00174013 -0.00181139 -0.00173462 -0.00173454 -0.0017337 -0.00176774 -0.00178915 -0.00174611 -0.00170634 
-0.00173566 -0.00170948 -0.00176845 -0.00179058 -0.00181052 -0.00182303 -0.00181051 -0.00190217 -0.00200032 -0.00185449 -0.00197346 -0.00209673 -0.00207905 -0.00214011 -0.00211622 -0.00210087 -0.00227149 -0.00211214 -0.0021902 -0.00226641 -0.00207569 -0.00207171 -0.00191732 -0.00176942 -0.00162175 -0.00148721 0.0023123 0.00241984 0.00247905 0.00254951 0.00267635 0.13294 0.0026414 0.00255611 0.00225472 0.00227993 0.00208587 -0.00130416 -0.00136935 -0.00147041 -0.00163838 -0.00164626 -0.00174901 -0.00182197 -0.00180821 -0.00182253 -0.00168222 -0.00182767 -0.00168341 -0.0017725 -0.0017217 -0.00172478 -0.00174393 -0.00162727 -0.0016655 -0.00169165 -0.00161253 -0.00159777 -0.00168219 -0.00162843 -0.00173056 -0.00166098 -0.0016786 -0.00156571 -0.00165714 -0.00180521 -0.00179124 -0.00169354 -0.00176353 -0.00172729 -0.00177639 -0.00176737 -0.00169471 -0.00176258 -0.00167579 -0.00170144 -0.00160527 -0.0016992 -0.00170301 -0.00175466 -0.00177093 -0.00172067 -0.00168812 -0.0017366 -0.00172962 -0.00176384 -0.00171444 -0.00167548 -0.00158141 -0.00175188 -0.00169201 -0.0017258 -0.00170588 -0.00161089 -0.00177908 -0.00177891 -0.00170001 -0.00166998 -0.00173033 -0.00166864 
-0.00167149 -0.00170833 -0.00172142 -0.00177905 -0.00177547 -0.00191898 -0.00192071 -0.00191079 -0.00183262 -0.00194914 -0.00206534 -0.00197191 -0.00198953 -0.0020493 -0.00205395 -0.00195206 -0.00230032 -0.0020226 -0.0019645 -0.00218651 -0.00211179 -0.00206237 -0.0021041 -0.00186614 -0.00182515 -0.00163846 -0.00140717 0.00225359 0.00239165 0.00233092 0.00257415 0.0026414 0.131448 0.00251392 0.00225742 0.00232155 0.00205664 0.00216298 -0.00129909 -0.00132368 -0.0015613 -0.00150708 -0.00166416 -0.00186533 -0.00176548 -0.00181769 -0.00165715 -0.00174992 -0.0016702 -0.00169614 -0.00165977 -0.00165393 -0.00162708 -0.00165435 -0.00180215 -0.0016497 -0.00170236 -0.0017195 -0.00167743 -0.00167051 -0.0015967 -0.00169354 -0.00161719 -0.00160358 -0.00163635 -0.00164848 -0.0016363 -0.001689 -0.00165548 -0.00170796 -0.00173272 -0.00164938 -0.00169574 -0.00165351 -0.00153652 -0.00156899 -0.00162321 -0.00174244 -0.00170519 -0.00162059 -0.0017566 -0.0017499 -0.00164834 -0.00170408 -0.00174976 -0.00170846 -0.0017306 -0.00158085 -0.00161342 -0.0017123 -0.00164369 -0.00167736 -0.00176282 -0.00173328 -0.00173593 -0.00163323 -0.0017105 -0.00163506 -0.00176254 -0.00153789 
