0.123332 0.00225598 0.00220199 0.00207906 0.00193505 0.00205284 -0.00122337 -0.00128235 -0.00135559 -0.00147312 -0.00160547 -0.00173595 -0.00178065 -0.00181628 -0.00165608 -0.00186133 -0.00192443 -0.00190146 -0.00191783 -0.0019996 -0.00184255 -0.00190585 -0.00189709 -0.00180359 -0.0018972 -0.00192959 -0.00170829 -0.00185371 -0.00181081 -0.00164899 -0.00177065 -0.00180923 -0.00177362 -0.00173126 -0.00162614 -0.00153426 -0.00161221 -0.00160119 -0.00163489 -0.00161459 -0.00151212 -0.00156939 -0.00161727 -0.00167278 -0.0015082 -0.00152838 -0.00153804 -0.00155007 -0.00149195 -0.0014982 -0.00154152 -0.00147916 -0.00149841 -0.00153667 -0.0015041 -0.00141296 -0.00152757 -0.00152293 -0.00154334 -0.00157679 -0.00151296 -0.0014816 -0.00136152 -0.0014276 -0.00158391 -0.00151322 -0.00149747 -0.00154516 -0.00163657 -0.0015512 -0.00161005 -0.00154051 -0.00149778 -0.00153211 -0.00152863 -0.00144039 -0.00140358 -0.00150313 -0.00155965 -0.00151499 -0.00148018 -0.00150785 -0.00158909 -0.00152599 -0.00149057 -0.00152895 -0.00146613 -0.00145513 -0.00138356 -0.00146426 -0.00141375 -0.00139437 -0.00133092 -0.00118097 -0.001203 -0.0011332 0.00185238 0.00198196 0.0020917 0.00217619 
0.00225598 0.123494 0.00222273 0.00222333 0.00214999 0.00212597 0.00206355 -0.00118724 -0.00132573 -0.00130146 -0.00166996 -0.00164181 -0.00177078 -0.00188598 -0.00183836 -0.00184694 -0.00203338 -0.00190206 -0.00185791 -0.0021375 -0.00182999 -0.00186067 -0.00195706 -0.00185141 -0.00200413 -0.00186669 -0.00178727 -0.00178691 -0.00179489 -0.00168469 -0.00177562 -0.00170229 -0.00170896 -0.00172147 -0.00162427 -0.0015213 -0.00162181 -0.001661 -0.00161391 -0.00158898 -0.00152046 -0.00156415 -0.00159552 -0.00155531 -0.00153042 -0.00154455 -0.00161728 -0.00160704 -0.00149785 -0.00153511 -0.00145276 -0.00158455 -0.00154009 -0.00147208 -0.00155889 -0.00154303 -0.00143243 -0.0015244 -0.00150894 -0.00153232 -0.00152788 -0.00148826 -0.00145123 -0.00140006 -0.00153846 -0.00152101 -0.00148393 -0.00155734 -0.00151469 -0.00155882 -0.00160976 -0.00158488 -0.00155478 -0.00157764 -0.00142102 -0.00136798 -0.00140323 -0.00154381 -0.00155109 -0.0014803 -0.00141758 -0.00154082 -0.00151869 -0.00150419 -0.0015617 -0.00161343 -0.00151295 -0.00144604 -0.00145292 -0.00149363 -0.0014325 -0.00151584 -0.00134214 -0.00124311 -0.00125977 -0.00120663 -0.00120428 0.00183534 0.00203511 0.00207611 
0.00220199 0.00222273 0.124047 0.00226933 0.00220481 0.00224298 0.00220939 0.00200279 -0.00115399 -0.00117347 -0.0015146 -0.00156746 -0.00157165 -0.00178654 -0.0018326 -0.00182416 -0.00198054 -0.00195554 -0.00193361 -0.00207104 -0.00191963 -0.0019667 -0.00191576 -0.00183579 -0.00203373 -0.00188116 -0.00172393 -0.00182347 -0.00179579 -0.00180244 -0.00176426 -0.00174671 -0.00168391 -0.00171968 -0.00154992 -0.00157622 -0.00161485 -0.00155674 -0.00162167 -0.00163003 -0.00156518 -0.00160605 -0.00161383 -0.00156953 -0.00161149 -0.00158325 -0.00149773 -0.00153741 -0.0015329 -0.0014895 -0.00156284 -0.00147066 -0.00157599 -0.00159973 -0.0015704 -0.00151073 -0.00155062 -0.00150403 -0.00159429 -0.00154127 -0.00158955 -0.0014897 -0.0014675 -0.00148584 -0.00153544 -0.00155833 -0.00152234 -0.00151706 -0.00151839 -0.00165862 -0.00163154 -0.00152984 -0.00147542 -0.00148358 -0.00148771 -0.00144536 -0.00143055 -0.00152879 -0.00161998 -0.001611 -0.00148393 -0.001524 -0.00156422 -0.00157781 -0.00147872 -0.00147592 -0.00153004 -0.00144168 -0.00145836 -0.00149255 -0.00151554 -0.00146295 -0.00146284 -0.00148436 -0.00142684 -0.00130067 -0.00125763 -0.0011746 0.0019104 0.00200294 
0.00207906 0.00222333 0.00226933 0.124419 0.00233529 0.0023727 0.00227612 0.00212194 0.0019948 -0.0011568 -0.00137558 -0.00165139 -0.00158166 -0.00180165 -0.00172959 -0.00184182 -0.0019738 -0.00184171 -0.00186954 -0.00208191 -0.00198965 -0.00196335 -0.00181214 -0.00186044 -0.00196538 -0.00197185 -0.00191548 -0.00177158 -0.00178173 -0.00184072 -0.00177781 -0.0017059 -0.00160266 -0.00168601 -0.00160716 -0.00156709 -0.00160229 -0.00165863 -0.00177132 -0.00173835 -0.00158672 -0.00155594 -0.00164988 -0.0016556 -0.00161441 -0.00157839 -0.00153784 -0.00150539 -0.00153109 -0.00151205 -0.00152458 -0.00148774 -0.00158574 -0.001432 -0.00157299 -0.00151207 -0.00163093 -0.00148824 -0.00148119 -0.0016274 -0.00152514 -0.00151526 -0.00144189 -0.00151242 -0.00150488 -0.00157798 -0.0016142 -0.00161147 -0.00158535 -0.00156079 -0.00161703 -0.00146633 -0.00156138 -0.00154181 -0.00149279 -0.00143084 -0.00145618 -0.00146916 -0.00158275 -0.00148771 -0.00153665 -0.00155899 -0.00156369 -0.00164977 -0.00150447 -0.00166864 -0.00144748 -0.00144097 -0.0014658 -0.00151959 -0.0014821 -0.00146596 -0.00148996 -0.00147572 -0.00146941 -0.00139089 -0.00141984 -0.0012443 -0.00109297 0.00191662 
0.00193505 0.00214999 0.00220481 0.00233529 0.124932 0.00249897 0.0024239 0.00231215 0.00229386 0.00211515 -0.00129098 -0.00143889 -0.00148156 -0.00160817 -0.00171803 -0.00180749 -0.00194622 -0.00188596 -0.00184426 -0.00193505 -0.00202312 -0.00198439 -0.00189528 -0.00190515 -0.00199997 -0.00199871 -0.0018968 -0.00190897 -0.00170526 -0.00176062 -0.00185209 -0.00173577 -0.00171908 -0.00176633 -0.00159185 -0.00158069 -0.00167725 -0.0017023 -0.00160151 -0.00159797 -0.0016501 -0.00159652 -0.00164468 -0.00166979 -0.00165404 -0.00169833 -0.00156318 -0.00148963 -0.00155357 -0.00157099 -0.00151918 -0.00155629 -0.00165978 -0.00162392 -0.00157256 -0.00161143 -0.00166462 -0.00158248 -0.00159588 -0.00141818 -0.00155402 -0.00166558 -0.00146417 -0.0015287 -0.00150854 -0.00162044 -0.00153806 -0.00153927 -0.0015526 -0.00159612 -0.00160676 -0.00152389 -0.00148652 -0.00155201 -0.00146151 -0.00148117 -0.00144866 -0.00152846 -0.00150353 -0.0015648 -0.00148539 -0.00162482 -0.00146434 -0.00156006 -0.00149234 -0.0015066 -0.0016467 -0.00145896 -0.00151598 -0.00158955 -0.0015466 -0.00151358 -0.00159441 -0.00153829 -0.00150119 -0.00150261 -0.0014892 -0.00131598 -0.00121999 -0.00115463 
0.00205284 0.00212597 0.00224298 0.0023727 0.00249897 0.128142 0.00244878 0.0024358 0.00231091 0.00224391 0.0020312 -0.00139609 -0.0014416 -0.00170264 -0.00177639 -0.00175357 -0.00205045 -0.0020214 -0.00209679 -0.00213177 -0.00203845 -0.00209955 -0.00198499 -0.00196137 -0.00201965 -0.00212124 -0.00196874 -0.00187889 -0.00184148 -0.00184836 -0.00192457 -0.00184314 -0.00184317 -0.00181342 -0.00173446 -0.00173406 -0.00170147 -0.00168277 -0.00176477 -0.00165975 -0.00174939 -0.00175851 -0.00173066 -0.00167468 -0.00166462 -0.00173951 -0.00168298 -0.0017225 -0.00159334 -0.00173536 -0.00168674 -0.00163855 -0.00163425 -0.00168055 -0.00159892 -0.00155023 -0.00165496 -0.00164689 -0.00170983 -0.00163808 -0.00157853 -0.00172474 -0.00154242 -0.00157372 -0.00165602 -0.00168503 -0.00163661 -0.00160256 -0.00166439 -0.00160414 -0.00169442 -0.00167617 -0.00159181 -0.00159799 -0.00157816 -0.00157619 -0.00155439 -0.00153885 -0.00167135 -0.00154571 -0.00151928 -0.00162652 -0.00163397 -0.00161585 -0.00157248 -0.00172344 -0.00155789 -0.00157367 -0.00157786 -0.00159357 -0.00157444 -0.00167896 -0.00155797 -0.00163551 -0.0015986 -0.00160425 -0.00161531 -0.00147637 -0.00136114 -0.00119059 
-0.00122337 0.00206355 0.00220939 0.00227612 0.0024239 0.00244878 0.129131 0.0025162 0.00245519 0.00239622 0.0022304 0.00223437 -0.00129761 -0.00158655 -0.0017427 -0.00181472 -0.00197811 -0.00208344 -0.00209533 -0.00220477 -0.00213539 -0.00202546 -0.00202968 -0.00190509 -0.00210782 -0.00216011 -0.00198994 -0.00200283 -0.00189505 -0.00195525 -0.00196082 -0.00189698 -0.00185634 -0.00185614 -0.00170273 -0.00163392 -0.00181915 -0.00177938 -0.00176022 -0.00175605 -0.0016592 -0.00178031 -0.00182418 -0.00179911 -0.00173551 -0.00172466 -0.00161456 -0.00162617 -0.00158715 -0.00165317 -0.00164954 -0.001666 -0.00170894 -0.00166029 -0.00173625 -0.00169123 -0.00164976 -0.00166118 -0.00166132 -0.00166452 -0.00172367 -0.00162931 -0.00158313 -0.00161388 -0.00166508 -0.00166073 -0.00162105 -0.00154747 -0.00159292 -0.00166783 -0.00163215 -0.00167021 -0.00165443 -0.00161167 -0.00157705 -0.0016036 -0.00149769 -0.00164117 -0.00158753 -0.00161982 -0.00165379 -0.00169179 -0.001608 -0.00158785 -0.0016235 -0.00172966 -0.00160299 -0.00152955 -0.00152009 -0.00164688 -0.00164135 -0.00171041 -0.00159295 -0.00168233 -0.00164547 -0.00168243 -0.00154412 -0.00149935 -0.00145428 -0.00133002 
-0.00128235 -0.00118724 0.00200279 0.00212194 0.00231215 0.0024358 0.0025162 0.130253 0.00252349 0.0023896 0.00247892 0.00241285 0.00219889 -0.00146172 -0.00169667 -0.00166796 -0.0019616 -0.002038 -0.002102 -0.00221329 -0.00207505 -0.00216471 -0.0021066 -0.00199922 -0.00214575 -0.00204069 -0.00196923 -0.00197454 -0.00194054 -0.00199238 -0.00194921 -0.00180374 -0.00187333 -0.00188044 -0.00177374 -0.00175305 -0.00173182 -0.00185618 -0.00190911 -0.00168086 -0.00171717 -0.00169433 -0.00171307 -0.0017948 -0.00170367 -0.00183411 -0.00173251 -0.00166822 -0.0016386 -0.00169038 -0.00166635 -0.00168458 -0.00170035 -0.00173047 -0.00157201 -0.00165011 -0.00172187 -0.00164991 -0.00170706 -0.00167211 -0.00158321 -0.00166866 -0.001527 -0.0015516 -0.00165654 -0.00165211 -0.00167053 -0.00161802 -0.00167106 -0.00184614 -0.00164773 -0.00167951 -0.00162425 -0.00171991 -0.00155333 -0.00157955 -0.00153203 -0.00163807 -0.0015567 -0.00162238 -0.00169017 -0.00170289 -0.0016709 -0.00164823 -0.0015699 -0.00163545 -0.00166249 -0.00161145 -0.00163419 -0.00160716 -0.0016031 -0.00181547 -0.00162975 -0.00164046 -0.00166351 -0.00169297 -0.0016922 -0.00166311 -0.00159324 -0.00144765 
-0.00135559 -0.00132573 -0.00115399 0.0019948 0.00229386 0.00231091 0.00245519 0.00252349 0.131569 0.00263313 0.00248052 0.00240778 0.00245585 0.00226099 -0.00155783 -0.001504 -0.00175732 -0.00204264 -0.00192225 -0.00221619 -0.00225023 -0.00214795 -0.00212328 -0.00206077 -0.0022773 -0.00214876 -0.00196858 -0.00201938 -0.00194186 -0.00193637 -0.00195492 -0.00184452 -0.00183408 -0.00181532 -0.00178009 -0.00186013 -0.00183685 -0.00176817 -0.0018797 -0.0019608 -0.00178558 -0.00175818 -0.00195267 -0.00181999 -0.00180458 -0.00176559 -0.00170395 -0.001713 -0.00173374 -0.00161467 -0.00169663 -0.00163892 -0.00160334 -0.00174708 -0.0016742 -0.00173463 -0.00163867 -0.00173619 -0.00169897 -0.00160363 -0.00167757 -0.00167362 -0.00160653 -0.00156922 -0.0017102 -0.00170102 -0.00175497 -0.00169112 -0.00173201 -0.00168281 -0.00173164 -0.00167987 -0.00159336 -0.00157939 -0.00159349 -0.00163329 -0.00158588 -0.00169698 -0.00169007 -0.00167839 -0.00168711 -0.00170717 -0.00159757 -0.00171 -0.00171223 -0.00171437 -0.00166873 -0.00164932 -0.00166834 -0.00172863 -0.00171457 -0.00171256 -0.00167558 -0.00160863 -0.00175639 -0.00156731 -0.00170948 -0.00172401 -0.00164016 -0.00150272 
-0.00147312 -0.00130146 -0.00117347 -0.0011568 0.00211515 0.00224391 0.00239622 0.0023896 0.00263313 0.13001 0.00261351 0.00238194 0.00241239 0.00227101 -0.00140372 -0.00151676 -0.00165107 -0.00191649 -0.00188956 -0.00214492 -0.00204149 -0.00211499 -0.00213156 -0.00188722 -0.00211239 -0.00210975 -0.00188768 -0.00184878 -0.00186789 -0.00185891 -0.00193843 -0.00183666 -0.00177406 -0.00172729 -0.00170666 -0.00168155 -0.0018191 -0.00181515 -0.00178075 -0.00171892 -0.00166604 -0.00158519 -0.00183516 -0.00171848 -0.00176089 -0.00172611 -0.00161091 -0.00172712 -0.00161228 -0.0015766 -0.00156557 -0.00173556 -0.00146914 -0.00167232 -0.00167659 -0.00166135 -0.00160319 -0.00169868 -0.00168593 -0.0016503 -0.00157126 -0.0016261 -0.0015174 -0.00161486 -0.00164393 -0.00158137 -0.00164182 -0.00163327 -0.00167145 -0.0015979 -0.00164135 -0.00172377 -0.00160197 -0.00162605 -0.00146885 -0.00157957 -0.0016027 -0.00162119 -0.00167177 -0.00161903 -0.00161352 -0.00160798 -0.00167598 -0.00166003 -0.00163698 -0.00177922 -0.00163563 -0.00152707 -0.00155367 -0.00155711 -0.0017816 -0.00167301 -0.00163868 -0.00164688 -0.00159567 -0.00161892 -0.00164852 -0.00166318 -0.00167004 -0.00150312 
-0.00160547 -0.00166996 -0.0015146 -0.00137558 -0.00129098 0.0020312 0.0022304 0.00247892 0.00248052 0.00261351 0.134742 0.00276037 0.00268061 0.00261839 0.00241063 0.00247743 -0.00147636 -0.00178578 -0.00183889 -0.00199291 -0.00223172 -0.00207856 -0.00212753 -0.00204165 -0.00226235 -0.00228743 -0.00206336 -0.00200259 -0.00198294 -0.0019666 -0.00191352 -0.0020297 -0.00187102 -0.00195838 -0.00185837 -0.00180521 -0.00194179 -0.00194412 -0.0018454 -0.00179552 -0.00183115 -0.00179594 -0.00188586 -0.00187482 -0.0018439 -0.00180927 -0.00164232 -0.00177538 -0.00172546 -0.00167334 -0.00164312 -0.00169056 -0.00169254 -0.00180975 -0.00167767 -0.00168459 -0.0017227 -0.00167164 -0.0017561 -0.00176987 -0.00181895 -0.00172536 -0.00167244 -0.00170604 -0.00178719 -0.00172887 -0.00169783 -0.00174601 -0.00175745 -0.00171959 -0.00169757 -0.00174763 -0.00170469 -0.00175862 -0.0016933 -0.00174 -0.0016952 -0.00175222 -0.00182225 -0.00176416 -0.00181075 -0.00183973 -0.001812 -0.00178926 -0.00175014 -0.00171472 -0.00176316 -0.00167462 -0.00164909 -0.00181159 -0.00175626 -0.00179606 -0.00175032 -0.00181185 -0.00172236 -0.00177911 -0.00178558 -0.00180688 -0.0017676 -0.00166318 
-0.00173595 -0.00164181 -0.00156746 -0.00165139 -0.00143889 -0.00139609 0.00223437 0.00241285 0.00240778 0.00238194 0.00276037 0.136634 0.00282627 0.00274606 0.00243041 0.00263599 0.00249464 -0.00157177 -0.00171526 -0.00200985 -0.00211211 -0.00219501 -0.00228899 -0.00208801 -0.00227112 -0.00226617 -0.00212969 -0.00208883 -0.00212367 -0.00212348 -0.00212807 -0.00206278 -0.00188992 -0.0019944 -0.00183251 -0.00188058 -0.00191791 -0.00195333 -0.0019226 -0.00187936 -0.00176249 -0.00178521 -0.00190516 -0.00191506 -0.00188099 -0.0018968 -0.00184534 -0.00176499 -0.0017419 -0.00170607 -0.00173092 -0.00181376 -0.00172617 -0.00176729 -0.00184688 -0.00179142 -0.00180136 -0.00173597 -0.00179923 -0.00179842 -0.00174757 -0.00177654 -0.00160967 -0.00176624 -0.00173765 -0.00180677 -0.00183131 -0.00175846 -0.00178794 -0.00179397 -0.00176164 -0.001794 -0.00178753 -0.00178598 -0.00173029 -0.0017528 -0.0016229 -0.00185004 -0.00173444 -0.0017809 -0.00177725 -0.00182064 -0.00166447 -0.00181394 -0.00169398 -0.00174035 -0.00186079 -0.0016028 -0.00179497 -0.00171365 -0.00172394 -0.00185436 -0.00174621 -0.00171521 -0.00175336 -0.00179644 -0.00169403 -0.00162303 -0.00177432 -0.00169153 
-0.00178065 -0.00177078 -0.00157165 -0.00158166 -0.00148156 -0.0014416 -0.00129761 0.00219889 0.00245585 0.00241239 0.00268061 0.00282627 0.135127 0.00270403 0.00242342 0.00259981 0.00245668 -0.00160618 -0.00148702 -0.00186812 -0.00203292 -0.0020249 -0.00219088 -0.00204829 -0.00218538 -0.00214614 -0.00202556 -0.00198317 -0.0019594 -0.00196494 -0.00194908 -0.00189676 -0.00187818 -0.00194306 -0.00185094 -0.00196874 -0.00189403 -0.0019761 -0.00189043 -0.0017753 -0.00177861 -0.00170383 -0.00183665 -0.00176889 -0.0018152 -0.00179754 -0.00175375 -0.00175065 -0.00171335 -0.00173422 -0.00165853 -0.00174256 -0.00165942 -0.00172872 -0.00176615 -0.00176259 -0.00170507 -0.00169719 -0.0018011 -0.00168741 -0.00170949 -0.00160788 -0.0016357 -0.00165301 -0.00176624 -0.00166913 -0.00170438 -0.00163245 -0.0016002 -0.00175529 -0.00165167 -0.00169641 -0.0017432 -0.00168166 -0.00164654 -0.0016104 -0.00158872 -0.00168737 -0.0017132 -0.00168383 -0.0016258 -0.00169685 -0.00172556 -0.00170445 -0.00170084 -0.00174456 -0.00175917 -0.00168223 -0.00171087 -0.00170951 -0.00170207 -0.00171051 -0.00175286 -0.00175221 -0.00166882 -0.00172945 -0.00174604 -0.00177176 -0.00160791 -0.00161389 
-0.00181628 -0.00188598 -0.00178654 -0.00180165 -0.00160817 -0.00170264 -0.00158655 -0.00146172 0.00226099 0.00227101 0.00261839 0.00274606 0.00270403 0.140462 0.002792 0.00282761 0.00278983 0.00234729 0.00250066 -0.00170299 -0.00187445 -0.00185234 -0.00189889 -0.00207951 -0.00242467 -0.00236586 -0.00220411 -0.00211088 -0.00202787 -0.00204621 -0.00207313 -0.00212499 -0.00202861 -0.0020562 -0.00191159 -0.00186679 -0.00200171 -0.00192815 -0.00194763 -0.00193807 -0.00196256 -0.00188291 -0.00200787 -0.00193187 -0.00189167 -0.00202522 -0.00180743 -0.00182407 -0.00183891 -0.00183855 -0.00188738 -0.00187629 -0.0018204 -0.00186718 -0.00177916 -0.00188554 -0.00176411 -0.00184172 -0.00188378 -0.00184263 -0.00186524 -0.00182451 -0.00172587 -0.00176185 -0.00179706 -0.00179022 -0.00183755 -0.00184853 -0.0018395 -0.00185966 -0.00178082 -0.00183981 -0.00177101 -0.00187496 -0.00177787 -0.00180024 -0.0017709 -0.0018739 -0.00183843 -0.00185814 -0.00184272 -0.00174963 -0.00182154 -0.0018546 -0.00184363 -0.00182959 -0.00189913 -0.00172356 -0.00179805 -0.00184618 -0.00191037 -0.00186472 -0.00180112 -0.00187936 -0.00185586 -0.00176082 -0.00186524 -0.00175547 -0.00179156 -0.00171677 
-0.00165608 -0.00183836 -0.0018326 -0.00172959 -0.00171803 -0.00177639 -0.0017427 -0.00169667 -0.00155783 -0.00140372 0.00241063 0.00243041 0.00242342 0.002792 0.139849 0.00297556 0.00294227 0.0025538 0.0027028 0.00259854 -0.00163509 -0.00158204 -0.00187827 -0.0019434 -0.00207434 -0.00218856 -0.00207476 -0.00206972 -0.0020351 -0.00211686 -0.00206077 -0.0021589 -0.00196737 -0.00201155 -0.00184909 -0.00191805 -0.00199703 -0.00189017 -0.0019875 -0.00185203 -0.00182384 -0.00174927 -0.00196855 -0.00187613 -0.00185524 -0.001926 -0.00180371 -0.00179203 -0.00179946 -0.00183951 -0.00170017 -0.00176763 -0.00175907 -0.00182954 -0.00178522 -0.00183994 -0.00177143 -0.00179193 -0.00185285 -0.00176856 -0.00177275 -0.00184197 -0.00175665 -0.00172456 -0.00173055 -0.00169847 -0.0017539 -0.00178044 -0.00181623 -0.0017707 -0.00174874 -0.00181217 -0.0017949 -0.00180338 -0.00179007 -0.00180895 -0.00169128 -0.00180616 -0.00182664 -0.00179059 -0.00175831 -0.00175178 -0.00172869 -0.00169252 -0.00175729 -0.00177518 -0.00174466 -0.00170813 -0.00169097 -0.00168829 -0.00183932 -0.00191398 -0.00189886 -0.00184394 -0.00186511 -0.00182728 -0.00181141 -0.00184682 -0.00177125 -0.00170276 
-0.00186133 -0.00184694 -0.00182416 -0.00184182 -0.00180749 -0.00175357 -0.00181472 -0.00166796 -0.001504 -0.00151676 0.00247743 0.00263599 0.00259981 0.00282761 0.00297556 0.141264 0.00300958 0.00265469 0.00271193 0.00268571 -0.0016291 -0.00166189 -0.00186941 -0.00197034 -0.00217563 -0.00221333 -0.00214003 -0.00218143 -0.00205491 -0.0020589 -0.00215008 -0.00216595 -0.0020204 -0.00200674 -0.0020037 -0.0018793 -0.00184452 -0.00199016 -0.00197641 -0.00190766 -0.00181881 -0.00184684 -0.00191125 -0.00184537 -0.00184504 -0.00197337 -0.00178459 -0.0018082 -0.00184155 -0.00179507 -0.00184656 -0.00178673 -0.00180443 -0.00177702 -0.00183023 -0.00181101 -0.00180782 -0.00188994 -0.00183503 -0.00176822 -0.00189398 -0.00181243 -0.00169337 -0.00183695 -0.00179688 -0.00178633 -0.00186035 -0.00174853 -0.00181663 -0.00188307 -0.00178114 -0.00184967 -0.0017493 -0.00182034 -0.00171044 -0.00181149 -0.00178627 -0.00186426 -0.00186004 -0.00173222 -0.00183455 -0.0018503 -0.00173022 -0.00168975 -0.00177352 -0.00170182 -0.00184507 -0.00174077 -0.00183224 -0.00177878 -0.00180911 -0.00176498 -0.0018146 -0.00173255 -0.00179948 -0.00180186 -0.0018212 -0.00182405 -0.0018655 -0.00177251 
-0.00192443 -0.00203338 -0.00198054 -0.0019738 -0.00194622 -0.00205045 -0.00197811 -0.0019616 -0.00175732 -0.00165107 -0.00147636 0.00249464 0.00245668 0.00278983 0.00294227 0.00300958 0.146059 0.00303757 0.00316335 0.00281916 0.00263652 0.00274051 -0.00178885 -0.00181754 -0.00212648 -0.00219437 -0.00228097 -0.00224672 -0.00220526 -0.00217251 -0.00211868 -0.00215353 -0.0022268 -0.00217374 -0.00192316 -0.00203839 -0.00201345 -0.00197513 -0.00203599 -0.00209751 -0.00198487 -0.00195625 -0.00203152 -0.00204822 -0.00197939 -0.00200926 -0.00186063 -0.00196171 -0.00190794 -0.00197122 -0.00198494 -0.00187416 -0.00188648 -0.0019917 -0.00196721 -0.00186659 -0.00184947 -0.0019083 -0.00196692 -0.00198574 -0.00194772 -0.00191924 -0.00188898 -0.00181094 -0.00191451 -0.00196323 -0.00200654 -0.0019544 -0.00190665 -0.00194847 -0.0019701 -0.00195222 -0.00202412 -0.00190144 -0.00191485 -0.00180429 -0.00177201 -0.00194706 -0.00194588 -0.00200658 -0.00195168 -0.00185083 -0.0020574 -0.00192552 -0.0019359 -0.00194147 -0.00190949 -0.00172239 -0.00177332 -0.00194576 -0.00192193 -0.00201066 -0.00193149 -0.00194359 -0.00195354 -0.00198068 -0.00198704 -0.00187803 -0.00189168 -0.00182306 
-0.00190146 -0.00190206 -0.00195554 -0.00184171 -0.00188596 -0.0020214 -0.00208344 -0.002038 -0.00204264 -0.00191649 -0.00178578 -0.00157177 -0.00160618 0.00234729 0.0025538 0.00265469 0.00303757 0.14478 0.00322803 0.00325231 0.0029315 0.00283965 0.00260086 -0.00162918 -0.0017531 -0.00178423 -0.00198817 -0.00210302 -0.00217596 -0.00209237 -0.0020996 -0.00218289 -0.00203804 -0.00216864 -0.0019487 -0.00202305 -0.00197987 -0.00201806 -0.00198624 -0.00199357 -0.0019074 -0.00185441 -0.00200876 -0.00195722 -0.00196602 -0.00196153 -0.00195825 -0.00196049 -0.00194704 -0.00185599 -0.00185414 -0.00185487 -0.00186254 -0.00188224 -0.00189132 -0.00185409 -0.00186346 -0.00189976 -0.00181257 -0.00179897 -0.00185024 -0.00175649 -0.00176658 -0.0018606 -0.0018781 -0.00187292 -0.00189445 -0.0018313 -0.0018259 -0.00185375 -0.0019228 -0.00189424 -0.00180408 -0.00185118 -0.00191819 -0.00176112 -0.00174127 -0.0018435 -0.00175689 -0.00178581 -0.00181507 -0.00179835 -0.00187058 -0.00188046 -0.00186524 -0.0018511 -0.00179166 -0.00172015 -0.0017315 -0.00194631 -0.00199916 -0.00176759 -0.00184257 -0.00192014 -0.00189007 -0.00190151 -0.00190729 -0.00185834 -0.00196266 -0.00176867 
-0.00191783 -0.00185791 -0.00193361 -0.00186954 -0.00184426 -0.00209679 -0.00209533 -0.002102 -0.00192225 -0.00188956 -0.00183889 -0.00171526 -0.00148702 0.00250066 0.0027028 0.00271193 0.00316335 0.00322803 0.145616 0.00309367 0.00284643 0.00292075 0.00268297 -0.00161612 -0.00175786 -0.00186451 -0.00210213 -0.00218008 -0.00210063 -0.00218447 -0.00215574 -0.00208947 -0.00212037 -0.00211442 -0.00187831 -0.00183781 -0.00199048 -0.00209507 -0.00197297 -0.00207462 -0.00184896 -0.0018643 -0.00205153 -0.00203255 -0.00198942 -0.00194351 -0.00194554 -0.00201589 -0.00181693 -0.00192356 -0.00197154 -0.00191715 -0.00179083 -0.00182686 -0.00189664 -0.00189117 -0.00192871 -0.00186375 -0.00185907 -0.00192188 -0.00183867 -0.00189101 -0.00179067 -0.00188018 -0.00190854 -0.00186256 -0.00176875 -0.00186266 -0.00193861 -0.00180905 -0.00188882 -0.00185835 -0.00185916 -0.00182923 -0.00191555 -0.00183326 -0.00180145 -0.00192408 -0.00181705 -0.0018174 -0.00197565 -0.00183645 -0.00196786 -0.00193039 -0.00192235 -0.00188321 -0.00178571 -0.00177349 -0.00181129 -0.00180631 -0.00178307 -0.0018929 -0.00193472 -0.00189952 -0.00191529 -0.00191537 -0.00183665 -0.00188578 -0.00184427 -0.00176601 
-0.0019996 -0.0021375 -0.00207104 -0.00208191 -0.00193505 -0.00213177 -0.00220477 -0.00221329 -0.00221619 -0.00214492 -0.00199291 -0.00200985 -0.00186812 -0.00170299 0.00259854 0.00268571 0.00281916 0.00325231 0.00309367 0.149602 0.0032118 0.00315662 0.00310666 0.00274134 0.00261462 -0.00173581 -0.00191678 -0.00203776 -0.00216674 -0.00215274 -0.00228245 -0.00226616 -0.00225307 -0.00215437 -0.00204644 -0.00206826 -0.00218708 -0.00207258 -0.00216349 -0.00205269 -0.00211949 -0.00196841 -0.00209501 -0.00211846 -0.00213874 -0.00215686 -0.00202572 -0.0019998 -0.00197016 -0.00197312 -0.00203496 -0.00201106 -0.00192333 -0.00197141 -0.00193462 -0.00199575 -0.00194423 -0.00205118 -0.00205112 -0.00208258 -0.0019309 -0.0020035 -0.00198505 -0.00196652 -0.00191953 -0.00199362 -0.00196278 -0.00188059 -0.00190885 -0.0019398 -0.00199036 -0.00195931 -0.00202085 -0.00194715 -0.00187481 -0.00190012 -0.00195277 -0.00198634 -0.00198792 -0.00188567 -0.00195564 -0.00198099 -0.00193362 -0.00197869 -0.00190235 -0.00198371 -0.00192326 -0.00196434 -0.00198961 -0.00200582 -0.00195658 -0.00194601 -0.0019635 -0.00187161 -0.00193894 -0.00192517 -0.0019743 -0.00194342 -0.00200405 -0.00191181 
-0.00184255 -0.00182999 -0.00191963 -0.00198965 -0.00202312 -0.00203845 -0.00213539 -0.00207505 -0.00225023 -0.00204149 -0.00223172 -0.00211211 -0.00203292 -0.00187445 -0.00163509 -0.0016291 0.00263652 0.0029315 0.00284643 0.0032118 0.146743 0.00326612 0.00313324 0.00292793 0.00280485 0.00265073 -0.00166439 -0.00182324 -0.00186311 -0.00185199 -0.00197955 -0.00206819 -0.00211257 -0.0020364 -0.00194331 -0.00200193 -0.00206206 -0.00202428 -0.00207794 -0.00209718 -0.0020126 -0.00198164 -0.00198062 -0.00203948 -0.00194063 -0.00202049 -0.00193937 -0.00190964 -0.00198562 -0.001908 -0.00201203 -0.00191472 -0.00185065 -0.00190902 -0.00194225 -0.00194122 -0.0018061 -0.00191909 -0.00190308 -0.00189044 -0.00182092 -0.00187605 -0.001801 -0.00177895 -0.00188629 -0.00182037 -0.00182557 -0.00187908 -0.0019706 -0.00188607 -0.00190393 -0.00195937 -0.00204599 -0.00185593 -0.00184289 -0.00182199 -0.0018182 -0.00180413 -0.00182434 -0.00186398 -0.00187786 -0.00195795 -0.00192282 -0.00188569 -0.00194302 -0.00177345 -0.00192884 -0.00180759 -0.00184744 -0.00191195 -0.00189686 -0.00192014 -0.00196803 -0.00198175 -0.0018045 -0.00182041 -0.00191034 -0.00190455 -0.00189786 -0.00183178 
-0.00190585 -0.00186067 -0.0019667 -0.00196335 -0.00198439 -0.00209955 -0.00202546 -0.00216471 -0.00214795 -0.00211499 -0.00207856 -0.00219501 -0.0020249 -0.00185234 -0.00158204 -0.00166189 0.00274051 0.00283965 0.00292075 0.00315662 0.00326612 0.146543 0.00309705 0.00278213 0.00270902 0.00273864 -0.00165309 -0.00176916 -0.00191147 -0.00194327 -0.00194288 -0.0020821 -0.00212184 -0.00210372 -0.00193331 -0.0020129 -0.00208815 -0.00211063 -0.00205972 -0.00210633 -0.00196229 -0.00194859 -0.00201158 -0.00206623 -0.00199414 -0.00192866 -0.00190042 -0.00193923 -0.00184624 -0.00187873 -0.00189541 -0.0019011 -0.00185304 -0.00181807 -0.00181632 -0.00190543 -0.00192898 -0.00187018 -0.00186057 -0.00194401 -0.00183636 -0.00192994 -0.00177163 -0.00178255 -0.00199997 -0.00190468 -0.0020053 -0.0019473 -0.00191151 -0.00179635 -0.00193697 -0.00186753 -0.00189512 -0.00193401 -0.00179416 -0.00185872 -0.0017649 -0.00192256 -0.00184993 -0.0018677 -0.0019005 -0.0017707 -0.00186717 -0.00188838 -0.00190484 -0.00191738 -0.00189682 -0.00180464 -0.00185254 -0.00194405 -0.0018501 -0.00184075 -0.00185438 -0.0019227 -0.0018869 -0.00181738 -0.00183577 -0.0019385 -0.00195514 -0.00183127 
-0.00189709 -0.00195706 -0.00191576 -0.00181214 -0.00189528 -0.00198499 -0.00202968 -0.0021066 -0.00212328 -0.00213156 -0.00212753 -0.00228899 -0.00219088 -0.00189889 -0.00187827 -0.00186941 -0.00178885 0.00260086 0.00268297 0.00310666 0.00313324 0.00309705 0.145511 0.00302269 0.00294595 0.00276243 0.00249949 -0.00164896 -0.00178546 -0.00175861 -0.0018315 -0.00205503 -0.00207202 -0.00205178 -0.00205386 -0.00196321 -0.00201279 -0.00210156 -0.00202829 -0.00209919 -0.00188481 -0.00202049 -0.00208036 -0.00194989 -0.00203369 -0.00194275 -0.00188379 -0.00186666 -0.001949 -0.00181008 -0.00187478 -0.00189678 -0.00190957 -0.0018787 -0.0018636 -0.00187323 -0.00180453 -0.00175687 -0.00186429 -0.00179475 -0.00197593 -0.00188587 -0.00175135 -0.00178144 -0.00179953 -0.00183432 -0.00189268 -0.00189449 -0.00177733 -0.00191584 -0.0018856 -0.00182637 -0.00184634 -0.00191269 -0.00179961 -0.00175074 -0.00186668 -0.00172544 -0.00182806 -0.00174513 -0.00189 -0.00183269 -0.00182483 -0.00179895 -0.0019389 -0.00191121 -0.00185538 -0.00184102 -0.00186121 -0.00196456 -0.0019308 -0.00193259 -0.0017625 -0.00188653 -0.00189623 -0.00188934 -0.00179261 -0.00183551 -0.00188898 -0.00183551 
-0.00180359 -0.00185141 -0.00183579 -0.00186044 -0.00190515 -0.00196137 -0.00190509 -0.00199922 -0.00206077 -0.00188722 -0.00204165 -0.00208801 -0.00204829 -0.00207951 -0.0019434 -0.00197034 -0.00181754 -0.00162918 -0.00161612 0.00274134 0.00292793 0.00278213 0.00302269 0.14132 0.00294847 0.00280266 0.00251181 0.00234585 -0.00146249 -0.00144773 -0.00160651 -0.00181458 -0.00187919 -0.00188114 -0.00179599 -0.001776 -0.00193293 -0.00190458 -0.00189828 -0.00189156 -0.00187131 -0.00186851 -0.00198067 -0.00193688 -0.0019308 -0.00191499 -0.00184057 -0.00175872 -0.00183577 -0.00170901 -0.00176437 -0.00182114 -0.00172134 -0.00185796 -0.00178769 -0.00173075 -0.00174662 -0.00176819 -0.00169251 -0.00181425 -0.00169367 -0.00170975 -0.00169764 -0.00162412 -0.00179925 -0.00179163 -0.00176056 -0.00174561 -0.00175153 -0.00181373 -0.0017119 -0.00178905 -0.0018666 -0.00167306 -0.00166223 -0.00159817 -0.00165022 -0.00174305 -0.00185646 -0.00174356 -0.00174687 -0.00175567 -0.00176505 -0.00171818 -0.00177942 -0.00176663 -0.00173126 -0.00171709 -0.00164569 -0.00173174 -0.00172866 -0.00171787 -0.00182782 -0.00169041 -0.00175466 -0.00175487 -0.00176189 -0.00170035 -0.00184508 -0.00163481 
-0.0018972 -0.00200413 -0.00203373 -0.00196538 -0.00199997 -0.00201965 -0.00210782 -0.00214575 -0.0022773 -0.00211239 -0.00226235 -0.00227112 -0.00218538 -0.00242467 -0.00207434 -0.00217563 -0.00212648 -0.0017531 -0.00175786 0.00261462 0.00280485 0.00270902 0.00294595 0.00294847 0.146165 0.0031044 0.00283026 0.00265936 0.00240393 0.00239384 -0.00153204 -0.00162354 -0.00180728 -0.00178952 -0.00196085 -0.00185749 -0.00200968 -0.00213324 -0.00199269 -0.00190616 -0.00199576 -0.00200005 -0.00209107 -0.00203444 -0.00204765 -0.00204903 -0.00199565 -0.00192393 -0.00197112 -0.00188821 -0.00198839 -0.00194723 -0.00193782 -0.00198493 -0.00191119 -0.00193058 -0.00186705 -0.00187736 -0.00186929 -0.00189402 -0.00193234 -0.00198306 -0.00186207 -0.00176418 -0.00188682 -0.00187139 -0.00187554 -0.00194669 -0.00192178 -0.0018831 -0.00190425 -0.00194271 -0.00190744 -0.00190107 -0.00179964 -0.00184507 -0.00185584 -0.00186699 -0.00183893 -0.00197663 -0.00194677 -0.00192048 -0.00186305 -0.00199485 -0.00205873 -0.00175439 -0.00190966 -0.00180574 -0.00190771 -0.00195781 -0.00191693 -0.00183739 -0.00186703 -0.00198423 -0.00191091 -0.00188352 -0.0018941 -0.00192656 -0.00207968 -0.00198319 
-0.00192959 -0.00186669 -0.00188116 -0.00197185 -0.00199871 -0.00212124 -0.00216011 -0.00204069 -0.00214876 -0.00210975 -0.00228743 -0.00226617 -0.00214614 -0.00236586 -0.00218856 -0.00221333 -0.00219437 -0.00178423 -0.00186451 -0.00173581 0.00265073 0.00273864 0.00276243 0.00280266 0.0031044 0.14425 0.00297373 0.00279686 0.00254968 0.00248368 0.00229637 -0.00144617 -0.00171375 -0.00172313 -0.00188029 -0.00181218 -0.00201739 -0.00206904 -0.00207215 -0.00202996 -0.00187735 -0.00190981 -0.00197227 -0.00196435 -0.00197423 -0.00203726 -0.00187145 -0.00195979 -0.00190085 -0.00194952 -0.00198488 -0.00194434 -0.00189825 -0.00186725 -0.00193416 -0.00185661 -0.0018065 -0.00191251 -0.00183521 -0.00190309 -0.00187568 -0.00187642 -0.00178921 -0.00175312 -0.00186919 -0.00187429 -0.00187858 -0.00187651 -0.00184244 -0.00186518 -0.00194042 -0.00186562 -0.00193461 -0.00191008 -0.00179404 -0.00182688 -0.00178789 -0.00185485 -0.00189488 -0.00188484 -0.00194835 -0.00184851 -0.00190588 -0.00184529 -0.00194166 -0.00183503 -0.00197974 -0.00183679 -0.00183545 -0.00183594 -0.00191677 -0.00183376 -0.00194288 -0.00195281 -0.00187881 -0.00190101 -0.00190455 -0.00182117 -0.00190873 -0.00194217 
-0.00170829 -0.00178727 -0.00172393 -0.00191548 -0.0018968 -0.00196874 -0.00198994 -0.00196923 -0.00196858 -0.00188768 -0.00206336 -0.00212969 -0.00202556 -0.00220411 -0.00207476 -0.00214003 -0.00228097 -0.00198817 -0.00210213 -0.00191678 -0.00166439 -0.00165309 0.00249949 0.00251181 0.00283026 0.00297373 0.139341 0.00278595 0.00265517 0.00268795 0.00245724 0.00232595 -0.00139582 -0.00153012 -0.00163988 -0.00154745 -0.00187217 -0.00197337 -0.0018979 -0.00190621 -0.00179537 -0.00183551 -0.00197126 -0.00186438 -0.00194774 -0.00192059 -0.00191983 -0.00192652 -0.00177603 -0.00176145 -0.00174225 -0.0017381 -0.00174885 -0.00174832 -0.00172531 -0.0017766 -0.00182236 -0.0018027 -0.00172129 -0.0017308 -0.00175027 -0.00179417 -0.00171775 -0.00171573 -0.00175515 -0.001805 -0.00173936 -0.00176105 -0.00178377 -0.00173214 -0.00166775 -0.0017685 -0.00174365 -0.00174834 -0.00172854 -0.00167551 -0.00166865 -0.00174657 -0.00182465 -0.00167543 -0.0017161 -0.00180654 -0.00173045 -0.00182741 -0.00179064 -0.0017603 -0.00179628 -0.00161429 -0.0016711 -0.00182209 -0.00173989 -0.00181448 -0.00178213 -0.00175251 -0.00177897 -0.00176964 -0.00172356 -0.0017946 -0.00177095 -0.00170743 
-0.00185371 -0.00178691 -0.00182347 -0.00177158 -0.00190897 -0.00187889 -0.00200283 -0.00197454 -0.00201938 -0.00184878 -0.00200259 -0.00208883 -0.00198317 -0.00211088 -0.00206972 -0.00218143 -0.00224672 -0.00210302 -0.00218008 -0.00203776 -0.00182324 -0.00176916 -0.00164896 0.00234585 0.00265936 0.00279686 0.00278595 0.137392 0.00271611 0.00280013 0.00255781 0.00241556 0.00226902 -0.0013938 -0.0014568 -0.00159261 -0.00167353 -0.00165706 -0.00191663 -0.00192111 -0.00169997 -0.00183515 -0.00191475 -0.00189148 -0.00176875 -0.00184808 -0.0017722 -0.00175673 -0.00170929 -0.00179986 -0.00176099 -0.0017898 -0.0018186 -0.00173816 -0.00169435 -0.00170836 -0.00174472 -0.00168419 -0.00166652 -0.00175243 -0.00173298 -0.00170804 -0.00170005 -0.00159618 -0.00176931 -0.00178303 -0.00174819 -0.00179436 -0.00162678 -0.00169162 -0.00175173 -0.00176472 -0.0016965 -0.00172075 -0.00154533 -0.00167583 -0.0016058 -0.00177925 -0.00167483 -0.00172354 -0.00173178 -0.00177303 -0.00181609 -0.00173841 -0.00172734 -0.00170988 -0.00173942 -0.00168727 -0.00167646 -0.00182091 -0.00166837 -0.00172593 -0.00171964 -0.00166906 -0.00171588 -0.00170081 -0.00173607 -0.00174758 -0.00175343 -0.00171159 
-0.00181081 -0.00179489 -0.00179579 -0.00178173 -0.00170526 -0.00184148 -0.00189505 -0.00194054 -0.00194186 -0.00186789 -0.00198294 -0.00212367 -0.0019594 -0.00202787 -0.0020351 -0.00205491 -0.00220526 -0.00217596 -0.00210063 -0.00216674 -0.00186311 -0.00191147 -0.00178546 -0.00146249 0.00240393 0.00254968 0.00265517 0.00271611 0.135485 0.00287101 0.00260194 0.00251408 0.00234465 0.00224781 -0.00137147 -0.00139025 -0.00151243 -0.00157568 -0.00165037 -0.00179679 -0.00181389 -0.00177484 -0.00177565 -0.00184096 -0.00184169 -0.00173793 -0.00168881 -0.00170904 -0.00170021 -0.00175929 -0.00166916 -0.00180188 -0.00182174 -0.00177587 -0.00174996 -0.00168895 -0.00176482 -0.00183228 -0.0016934 -0.00178589 -0.00176222 -0.00166176 -0.00164513 -0.00157947 -0.00170534 -0.00164879 -0.00171646 -0.00180199 -0.00176486 -0.0017401 -0.00175777 -0.0016822 -0.00169828 -0.00166943 -0.00154129 -0.00168298 -0.00152519 -0.00170341 -0.00163253 -0.00172157 -0.00175522 -0.00171249 -0.00168363 -0.00175679 -0.00167995 -0.00173503 -0.00173303 -0.00166287 -0.00169114 -0.00169714 -0.00167112 -0.00161517 -0.00170027 -0.00164563 -0.00173631 -0.00159124 -0.00173658 -0.00178593 -0.00173327 -0.00167192 
-0.00164899 -0.00168469 -0.00180244 -0.00184072 -0.00176062 -0.00184836 -0.00195525 -0.00199238 -0.00193637 -0.00185891 -0.0019666 -0.00212348 -0.00196494 -0.00204621 -0.00211686 -0.0020589 -0.00217251 -0.00209237 -0.00218447 -0.00215274 -0.00185199 -0.00194327 -0.00175861 -0.00144773 0.00239384 0.00248368 0.00268795 0.00280013 0.00287101 0.133809 0.00255432 0.00249068 0.00235561 0.00227018 -0.00139702 -0.0013311 -0.00154444 -0.0015979 -0.00165348 -0.00177231 -0.0017688 -0.00167163 -0.00172961 -0.00173136 -0.00184738 -0.00189104 -0.00167083 -0.00175488 -0.00168529 -0.00171292 -0.00168752 -0.0017104 -0.00169631 -0.0016744 -0.00158665 -0.00171045 -0.00162861 -0.0016544 -0.00166593 -0.00166372 -0.00167367 -0.00168294 -0.00152326 -0.00160195 -0.00167958 -0.0016767 -0.00163021 -0.0016796 -0.00164074 -0.00162955 -0.00171065 -0.0017215 -0.00170731 -0.0016457 -0.00161582 -0.00169982 -0.00164367 -0.00172504 -0.00175884 -0.00165712 -0.0017035 -0.00174388 -0.0016719 -0.00172193 -0.00166449 -0.001768 -0.00176814 -0.00158176 -0.00161977 -0.00174826 -0.00175036 -0.00164419 -0.00173685 -0.00169335 -0.00169901 -0.00170205 -0.00161919 -0.00173712 -0.00162782 -0.00156325 
-0.00177065 -0.00177562 -0.00176426 -0.00177781 -0.00185209 -0.00192457 -0.00196082 -0.00194921 -0.00195492 -0.00193843 -0.00191352 -0.00212807 -0.00194908 -0.00207313 -0.00206077 -0.00215008 -0.00211868 -0.0020996 -0.00215574 -0.00228245 -0.00197955 -0.00194288 -0.0018315 -0.00160651 -0.00153204 0.00229637 0.00245724 0.00255781 0.00260194 0.00255432 0.13434 0.00262967 0.00250511 0.00245542 0.00206268 0.0021493 -0.0012766 -0.0013631 -0.00156574 -0.00161639 -0.00170788 -0.00174062 -0.0018514 -0.00191645 -0.00185613 -0.00183027 -0.00169675 -0.00179105 -0.00181044 -0.00175541 -0.00171719 -0.00179748 -0.0017377 -0.00171507 -0.00178491 -0.00177733 -0.00178792 -0.00170246 -0.00172997 -0.00174265 -0.00178562 -0.00166825 -0.00158311 -0.00161363 -0.00168862 -0.00178871 -0.0016023 -0.00174688 -0.00176001 -0.00175239 -0.00176103 -0.00161994 -0.00172484 -0.00174301 -0.00156806 -0.00169181 -0.00167977 -0.0017485 -0.0017783 -0.00177337 -0.00179749 -0.00182178 -0.00170261 -0.00172507 -0.00164651 -0.00177254 -0.00169656 -0.00172223 -0.00178342 -0.00180672 -0.00170827 -0.001714 -0.0017425 -0.00180041 -0.00174944 -0.00172203 -0.00173859 -0.00176086 -0.0016758 -0.00168222 
-0.00180923 -0.00170229 -0.00174671 -0.0017059 -0.00173577 -0.00184314 -0.00189698 -0.00180374 -0.00184452 -0.00183666 -0.0020297 -0.00206278 -0.00189676 -0.00212499 -0.0021589 -0.00216595 -0.00215353 -0.00218289 -0.00208947 -0.00226616 -0.00206819 -0.0020821 -0.00205503 -0.00181458 -0.00162354 -0.00144617 0.00232595 0.00241556 0.00251408 0.00249068 0.00262967 0.132829 0.00259881 0.00241752 0.00229544 0.00226398 0.00208509 -0.00133661 -0.00148701 -0.00143307 -0.00164296 -0.00167623 -0.00174367 -0.00172245 -0.00178209 -0.0017682 -0.00162991 -0.00173859 -0.00174577 -0.00169291 -0.00169181 -0.00171192 -0.00169877 -0.00168518 -0.00166427 -0.00181295 -0.00172656 -0.00161697 -0.00171469 -0.00170725 -0.0016106 -0.00168734 -0.00162221 -0.00161446 -0.00170592 -0.00182218 -0.00176426 -0.0016583 -0.00174171 -0.0017677 -0.00173297 -0.00173996 -0.00169783 -0.0017251 -0.00163361 -0.00159307 -0.00156002 -0.00177956 -0.00172989 -0.00170017 -0.00172722 -0.00171433 -0.00179759 -0.00167772 -0.00166172 -0.00167982 -0.00185018 -0.00168208 -0.00161996 -0.00183649 -0.00180465 -0.00164328 -0.00171625 -0.00172691 -0.00172256 -0.00175615 -0.00169702 -0.00173231 -0.00177557 -0.00158171 
-0.00177362 -0.00170896 -0.00168391 -0.00160266 -0.00171908 -0.00184317 -0.00185634 -0.00187333 -0.00183408 -0.00177406 -0.00187102 -0.00188992 -0.00187818 -0.00202861 -0.00196737 -0.0020204 -0.0022268 -0.00203804 -0.00212037 -0.00225307 -0.00211257 -0.00212184 -0.00207202 -0.00187919 -0.00180728 -0.00171375 -0.00139582 0.00226902 0.00234465 0.00235561 0.00250511 0.00259881 0.131325 0.00250052 0.00236018 0.00232396 0.00212253 0.00204451 -0.00127431 -0.00137566 -0.00152738 -0.00144354 -0.00166664 -0.00178466 -0.00178787 -0.00178012 -0.00174155 -0.00172596 -0.00171575 -0.00176988 -0.00171678 -0.00171644 -0.00167813 -0.00171723 -0.00170786 -0.0017091 -0.00166431 -0.00172557 -0.00169103 -0.00165465 -0.00176173 -0.00172479 -0.00156244 -0.00152704 -0.00173483 -0.00172306 -0.00164863 -0.00170722 -0.00161929 -0.00174185 -0.00166192 -0.00168067 -0.00167985 -0.00176076 -0.00156388 -0.00160629 -0.00162472 -0.00165455 -0.00170965 -0.00173875 -0.00168924 -0.00173928 -0.0017012 -0.00176442 -0.00168536 -0.00172122 -0.0017233 -0.00160468 -0.00153886 -0.00158069 -0.00171471 -0.00168711 -0.00174739 -0.00160853 -0.00174861 -0.00166437 -0.00168882 -0.00171985 -0.00165892 -0.00169147 
