0.123029 0.00225692 0.00219355 0.00207003 0.00206235 0.00202869 -0.00116756 -0.00121098 -0.0014314 -0.00134512 -0.00164775 -0.0017399 -0.00172572 -0.00181712 -0.00179251 -0.001851 -0.00184809 -0.00195768 -0.00195325 -0.00207319 -0.00192035 -0.0019008 -0.00187348 -0.00174307 -0.00192514 -0.00196102 -0.00178975 -0.00168245 -0.00172511 -0.00174552 -0.00175173 -0.00166246 -0.00167158 -0.00172976 -0.00157889 -0.00171242 -0.00161495 -0.00168685 -0.00161836 -0.00161834 -0.00152817 -0.00161436 -0.00164439 -0.0016035 -0.001616 -0.00157186 -0.00144849 -0.00144188 -0.00153825 -0.00148048 -0.00150738 -0.00150655 -0.00153911 -0.00154227 -0.00153253 -0.00152656 -0.00147749 -0.0015055 -0.00148426 -0.00152048 -0.00151378 -0.00158279 -0.00151998 -0.00144838 -0.00146419 -0.00140639 -0.00147032 -0.00152045 -0.00145814 -0.00153828 -0.00147979 -0.00155742 -0.00154529 -0.00147744 -0.00142429 -0.00143228 -0.0015144 -0.00147579 -0.00149528 -0.00153507 -0.00148516 -0.00152235 -0.00154949 -0.00151418 -0.00151499 -0.00145232 -0.00151114 -0.00148146 -0.00144089 -0.00143326 -0.0015466 -0.00147946 -0.00124693 -0.0013318 -0.00118801 -0.00115067 0.00180998 0.00200341 0.00217017 0.00218689 
0.00225692 0.123247 0.0021702 0.00217863 0.00217763 0.0021703 0.002019 -0.00112317 -0.00123671 -0.00134695 -0.00152528 -0.00172577 -0.00165981 -0.00183768 -0.00182599 -0.00180758 -0.00192346 -0.00192646 -0.00188518 -0.00202101 -0.00192127 -0.00194606 -0.00194139 -0.0017898 -0.00193649 -0.00193202 -0.00172654 -0.0017198 -0.00173508 -0.0016566 -0.00166443 -0.00175992 -0.00167455 -0.00167762 -0.00168464 -0.00162634 -0.00161338 -0.00169212 -0.00156404 -0.00158926 -0.001598 -0.00150811 -0.00163085 -0.00159555 -0.00164529 -0.00153394 -0.00149125 -0.00151613 -0.00145973 -0.00152295 -0.00144191 -0.00147301 -0.00149439 -0.00154242 -0.00150553 -0.00148249 -0.00158188 -0.00157551 -0.00155362 -0.0015908 -0.00152885 -0.00153255 -0.00143654 -0.0014685 -0.00145044 -0.00150284 -0.00157388 -0.0014978 -0.0014841 -0.001515 -0.00147169 -0.0015262 -0.00142798 -0.00152849 -0.00158915 -0.00141828 -0.00149614 -0.00150738 -0.00157032 -0.00156862 -0.00161839 -0.00151572 -0.00151736 -0.00156238 -0.00146079 -0.00155342 -0.00153003 -0.00148408 -0.00147921 -0.00153097 -0.00149037 -0.00150799 -0.0014227 -0.00132902 -0.00130698 -0.00117067 -0.00116439 0.00190385 0.00200789 0.0020471 
0.00219355 0.0021702 0.123813 0.00230202 0.00218684 0.00225639 0.00211692 0.00202536 -0.00122395 -0.00128554 -0.00143645 -0.00158248 -0.00166952 -0.00182263 -0.00175571 -0.00184389 -0.00197371 -0.00193328 -0.00186293 -0.00195446 -0.00188106 -0.00191172 -0.00189294 -0.00177635 -0.00191549 -0.00189576 -0.00176531 -0.0017683 -0.00174954 -0.0017084 -0.00178608 -0.00164215 -0.00179632 -0.00171633 -0.0016132 -0.00155491 -0.00167482 -0.00164034 -0.00167972 -0.00163757 -0.00159811 -0.00161021 -0.00163896 -0.00162014 -0.00157982 -0.00167807 -0.00154331 -0.00150197 -0.00150512 -0.00157853 -0.00162808 -0.00156199 -0.00153074 -0.00141718 -0.0015311 -0.00153378 -0.00155019 -0.00155266 -0.00152827 -0.00150534 -0.0014988 -0.00146216 -0.00149017 -0.00154945 -0.00148462 -0.00143594 -0.00146115 -0.00151993 -0.00157906 -0.00151199 -0.00141368 -0.00151335 -0.00148911 -0.00154708 -0.00149568 -0.00147764 -0.00142807 -0.00148629 -0.00146691 -0.00153973 -0.00150424 -0.00142182 -0.00155091 -0.00140954 -0.00158792 -0.00149864 -0.00148744 -0.00144363 -0.00147428 -0.00153742 -0.00157637 -0.00158239 -0.0015182 -0.00147886 -0.00141634 -0.00139705 -0.00130007 -0.0012547 0.00180523 0.00196566 
0.00207003 0.00217863 0.00230202 0.124331 0.00235684 0.00241029 0.00233009 0.00213657 0.00211393 -0.00108787 -0.0013313 -0.00138602 -0.00156608 -0.00181016 -0.00189191 -0.00178994 -0.0020508 -0.00189796 -0.00193578 -0.00202537 -0.00196803 -0.00196314 -0.00191616 -0.00181843 -0.00214809 -0.00203419 -0.00176444 -0.00177085 -0.00177333 -0.00181989 -0.00184949 -0.00181849 -0.00176388 -0.00173117 -0.00160978 -0.0016385 -0.00170708 -0.00166323 -0.00160097 -0.00172484 -0.00150847 -0.00152971 -0.00157331 -0.00162747 -0.00160735 -0.00171114 -0.00146162 -0.00165682 -0.0014717 -0.00149765 -0.0014889 -0.0015344 -0.00158118 -0.00156781 -0.00151675 -0.00153797 -0.00155089 -0.00150272 -0.00153677 -0.00158641 -0.00147628 -0.00149181 -0.00146495 -0.00146353 -0.00147656 -0.00148665 -0.00158891 -0.00150644 -0.00153105 -0.00153814 -0.00155108 -0.00155433 -0.00156346 -0.00161462 -0.00147562 -0.00149991 -0.00142229 -0.00149139 -0.00155015 -0.00159359 -0.00148733 -0.00151974 -0.0015436 -0.00154947 -0.00157222 -0.00151513 -0.00152502 -0.00149225 -0.00149548 -0.0016028 -0.00159387 -0.0015197 -0.00154748 -0.00146885 -0.00150216 -0.00137343 -0.00127957 -0.00123803 -0.0010494 0.00189291 
0.00206235 0.00217763 0.00218684 0.00235684 0.125038 0.00261587 0.00239981 0.00224722 0.00222133 0.00209769 -0.00132403 -0.00136386 -0.00140731 -0.00169125 -0.00182822 -0.00185709 -0.00191785 -0.00192638 -0.00193961 -0.00198589 -0.00192825 -0.00195008 -0.00195179 -0.00182915 -0.00201662 -0.00189523 -0.0019634 -0.00186826 -0.00183214 -0.00177605 -0.00184388 -0.00179844 -0.00177542 -0.0016476 -0.00152471 -0.00161514 -0.00164655 -0.00177608 -0.00163915 -0.00161217 -0.0016173 -0.00168129 -0.00169706 -0.00168179 -0.00165505 -0.00159735 -0.00163614 -0.00165261 -0.00147705 -0.00162449 -0.00152801 -0.00158775 -0.00154866 -0.00158561 -0.00157014 -0.00155305 -0.00161514 -0.00157601 -0.00159183 -0.00153317 -0.00147805 -0.00154202 -0.00140884 -0.00140342 -0.00141167 -0.00157696 -0.0015872 -0.00164125 -0.00156584 -0.00162393 -0.00163565 -0.00155072 -0.00155383 -0.00156596 -0.00150942 -0.00143184 -0.00152385 -0.00154859 -0.00153748 -0.00155678 -0.00149373 -0.00152254 -0.00150676 -0.00163685 -0.00157829 -0.00155892 -0.0015736 -0.0014489 -0.00149706 -0.00150058 -0.0015142 -0.00151286 -0.00150095 -0.00153976 -0.00152644 -0.00148745 -0.0014231 -0.00137037 -0.00130769 -0.00110947 
0.00202869 0.0021703 0.00225639 0.00241029 0.00261587 0.128505 0.00251429 0.0024604 0.00233718 0.00228738 0.00222062 -0.00122049 -0.00129205 -0.00173741 -0.00178004 -0.00178907 -0.00208009 -0.00205014 -0.00194807 -0.00218678 -0.00200828 -0.00215823 -0.00206364 -0.00190991 -0.00214369 -0.00208623 -0.00194011 -0.001939 -0.00186632 -0.00190365 -0.00195422 -0.00186116 -0.0018286 -0.00187535 -0.00170412 -0.00174582 -0.00185251 -0.00169605 -0.00182933 -0.00176727 -0.00164321 -0.00168585 -0.00173982 -0.00172313 -0.00174932 -0.00177868 -0.0017627 -0.00152649 -0.00159234 -0.00167883 -0.00164489 -0.00171826 -0.00164974 -0.00171784 -0.00160777 -0.00168967 -0.0016334 -0.00165461 -0.00164611 -0.00167512 -0.00171736 -0.00163502 -0.00149162 -0.00152602 -0.00165314 -0.00161787 -0.00161475 -0.00161215 -0.00163488 -0.00167181 -0.00165711 -0.00165133 -0.00168361 -0.00163776 -0.00161849 -0.00164749 -0.00155639 -0.0016324 -0.00168053 -0.00164164 -0.00169598 -0.00162003 -0.00160779 -0.00162657 -0.00158373 -0.00171101 -0.00166034 -0.00156183 -0.00159035 -0.00153554 -0.00160078 -0.00161446 -0.00163817 -0.00159403 -0.00168155 -0.00160009 -0.00151306 -0.00143215 -0.00141054 -0.00121154 
-0.00116756 0.002019 0.00211692 0.00233009 0.00239981 0.00251429 0.129338 0.00250784 0.00243321 0.00227119 0.00221726 0.00209949 -0.00136731 -0.00166917 -0.0017515 -0.00172188 -0.00208084 -0.00209273 -0.0021185 -0.00225037 -0.00206897 -0.00201635 -0.00200288 -0.00197025 -0.00207826 -0.00205506 -0.00197627 -0.00191088 -0.00197696 -0.00178288 -0.00186346 -0.00194052 -0.00193479 -0.00175035 -0.00172152 -0.00171996 -0.00178992 -0.00179478 -0.00172144 -0.00172156 -0.00167032 -0.00171891 -0.00166255 -0.00175004 -0.00165229 -0.00179427 -0.00171089 -0.0017226 -0.00169929 -0.00170716 -0.00162406 -0.00168261 -0.00169523 -0.00163989 -0.0017072 -0.00170254 -0.00165389 -0.00164235 -0.00163776 -0.00162277 -0.00163192 -0.00162946 -0.00161969 -0.00148515 -0.00162727 -0.00166428 -0.0015591 -0.00166396 -0.00164688 -0.00165768 -0.00158415 -0.00162865 -0.00159651 -0.00166405 -0.00161654 -0.00153294 -0.00156838 -0.00154914 -0.001656 -0.0016504 -0.00159708 -0.00165303 -0.00165188 -0.00170933 -0.0016345 -0.00168482 -0.00168704 -0.00156033 -0.00152758 -0.001674 -0.00157962 -0.00161934 -0.0016251 -0.00172355 -0.00163636 -0.00164471 -0.00163558 -0.00156203 -0.00151662 -0.0013791 
-0.00121098 -0.00112317 0.00202536 0.00213657 0.00224722 0.0024604 0.00250784 0.13038 0.00261698 0.00247728 0.00230212 0.00221113 0.00217388 -0.00142039 -0.00160557 -0.00175917 -0.00183869 -0.00200734 -0.00195631 -0.00217998 -0.00212828 -0.00209342 -0.00213367 -0.00198172 -0.00207259 -0.00223238 -0.00194152 -0.00190827 -0.00193926 -0.00183376 -0.00194021 -0.0019173 -0.00193851 -0.00191324 -0.00171782 -0.00177373 -0.0018675 -0.00175964 -0.0018506 -0.00177798 -0.00173406 -0.00181032 -0.00180168 -0.00185524 -0.00171149 -0.00173263 -0.00167798 -0.00174096 -0.00169193 -0.00164708 -0.00168328 -0.00172507 -0.00169904 -0.00170106 -0.00160745 -0.00166747 -0.00167716 -0.00161055 -0.00165708 -0.00162467 -0.00157609 -0.00165939 -0.00165142 -0.00160513 -0.00163475 -0.00168876 -0.00171295 -0.00161531 -0.00166401 -0.00170489 -0.0016231 -0.00164619 -0.00172558 -0.00167874 -0.00162693 -0.0015915 -0.00150879 -0.0016467 -0.00172755 -0.0016742 -0.00159957 -0.00164755 -0.00166501 -0.0017725 -0.00165717 -0.00171824 -0.00168679 -0.00156335 -0.00154217 -0.00164414 -0.00167167 -0.00162973 -0.00167257 -0.00167662 -0.00165813 -0.00160921 -0.00170119 -0.00165283 -0.00156029 -0.00136844 
-0.0014314 -0.00123671 -0.00122395 0.00211393 0.00222133 0.00233718 0.00243321 0.00261698 0.131643 0.0026156 0.00257058 0.00237237 0.00235601 0.00230945 -0.00155976 -0.00152285 -0.00177289 -0.00198104 -0.00206402 -0.00215931 -0.00214001 -0.0021874 -0.0021058 -0.00201699 -0.00209692 -0.00217312 -0.00200997 -0.00200539 -0.00195203 -0.00184655 -0.00203354 -0.00197201 -0.00198351 -0.00183731 -0.00178102 -0.00183844 -0.00188833 -0.00189411 -0.00179672 -0.00179283 -0.00177225 -0.00167614 -0.00179035 -0.00184649 -0.00172834 -0.00186177 -0.00181568 -0.00175779 -0.00170495 -0.00177568 -0.00170311 -0.00169848 -0.00172517 -0.00173676 -0.00165191 -0.00166121 -0.00169315 -0.00175491 -0.00171253 -0.00162388 -0.00171875 -0.00168582 -0.0016812 -0.00157087 -0.00163166 -0.00164203 -0.00168944 -0.00174912 -0.00171573 -0.00171455 -0.00163777 -0.00172708 -0.00169138 -0.00172078 -0.00158734 -0.00152327 -0.00167136 -0.00152728 -0.00164251 -0.00166792 -0.00156579 -0.00169749 -0.00175253 -0.00170684 -0.00167629 -0.00162323 -0.00176428 -0.00154462 -0.00163312 -0.00164841 -0.00170406 -0.00169873 -0.00167801 -0.00178129 -0.00176518 -0.00161112 -0.00171743 -0.00167792 -0.0017363 -0.00141672 
-0.00134512 -0.00134695 -0.00128554 -0.00108787 0.00209769 0.00228738 0.00227119 0.00247728 0.0026156 0.13002 0.00260338 0.00243722 0.00235661 0.00222414 -0.00138515 -0.0014218 -0.00164262 -0.00183983 -0.0019365 -0.00210363 -0.00209896 -0.00198892 -0.00203677 -0.00200283 -0.00212465 -0.00211688 -0.00186626 -0.00203236 -0.00186623 -0.00193432 -0.00193395 -0.00196 -0.00188117 -0.00177203 -0.00164902 -0.00170025 -0.00174343 -0.00179579 -0.0017667 -0.00170232 -0.00166179 -0.00165128 -0.00173545 -0.00174892 -0.00174863 -0.0016748 -0.00153717 -0.00165632 -0.00163653 -0.00161734 -0.00170106 -0.00173738 -0.00161309 -0.00161688 -0.00167504 -0.00167393 -0.00165373 -0.00162839 -0.00161634 -0.00164458 -0.00168579 -0.00159901 -0.00156859 -0.00155538 -0.0016658 -0.00163572 -0.00154971 -0.0016585 -0.00166734 -0.00163295 -0.00163797 -0.00165578 -0.00158839 -0.00162737 -0.00156278 -0.0015312 -0.00161451 -0.00161975 -0.00170478 -0.00165268 -0.0016509 -0.00161986 -0.00166172 -0.00152728 -0.001591 -0.00151423 -0.00157683 -0.00159188 -0.00160649 -0.00157314 -0.0016718 -0.00168922 -0.00165174 -0.00170352 -0.00160846 -0.00162704 -0.0016975 -0.00161795 -0.00167822 -0.00152157 
-0.00164775 -0.00152528 -0.00143645 -0.0013313 -0.00132403 0.00222062 0.00221726 0.00230212 0.00257058 0.00260338 0.134568 0.00276546 0.00265029 0.00260637 0.00220742 0.00238179 -0.00164322 -0.00179562 -0.00185025 -0.00206068 -0.00214706 -0.00225988 -0.00205972 -0.00205427 -0.00223601 -0.00227501 -0.00213906 -0.0020107 -0.00193023 -0.00199052 -0.00205558 -0.00194429 -0.00192611 -0.00192386 -0.00180726 -0.00181624 -0.00186839 -0.00186708 -0.00189681 -0.00184029 -0.00176683 -0.00179565 -0.00180762 -0.00184746 -0.00179686 -0.00183174 -0.00171025 -0.00173528 -0.00180864 -0.00178341 -0.0017311 -0.00167326 -0.00173215 -0.00174474 -0.00170696 -0.00173376 -0.00178192 -0.00176886 -0.00180062 -0.0017046 -0.00171579 -0.00175948 -0.00163808 -0.00169197 -0.00181317 -0.00168585 -0.00181042 -0.00177339 -0.00180213 -0.00169385 -0.00164575 -0.00174792 -0.00182887 -0.0018068 -0.00165119 -0.00157164 -0.00164521 -0.00176883 -0.00174552 -0.00166614 -0.0017175 -0.00172588 -0.00180984 -0.00171955 -0.00170011 -0.00173873 -0.00178773 -0.00166856 -0.00172511 -0.00176647 -0.00180176 -0.00179669 -0.00181963 -0.00175659 -0.0017026 -0.0017073 -0.00168405 -0.00168143 -0.00174152 -0.00165538 
-0.0017399 -0.00172577 -0.00158248 -0.00138602 -0.00136386 -0.00122049 0.00209949 0.00221113 0.00237237 0.00243722 0.00276546 0.136488 0.00284807 0.0028288 0.00257071 0.00254887 0.0024382 -0.00166679 -0.00162847 -0.00193959 -0.00211552 -0.00201619 -0.00205989 -0.0020736 -0.00231562 -0.00222201 -0.00224594 -0.00213388 -0.00208129 -0.00204224 -0.00200315 -0.0019444 -0.00203625 -0.00194966 -0.00195783 -0.00185967 -0.00191883 -0.00193233 -0.00190729 -0.00200299 -0.00177378 -0.00182017 -0.00187429 -0.00187229 -0.00190749 -0.00174759 -0.00182725 -0.00179151 -0.00175971 -0.00180819 -0.00173147 -0.00180175 -0.00184813 -0.00177897 -0.00172098 -0.00171602 -0.00176301 -0.00174694 -0.0017765 -0.0017581 -0.00174517 -0.00180399 -0.00172268 -0.00164223 -0.00178265 -0.00173156 -0.0017522 -0.00176998 -0.00186194 -0.00177379 -0.00181106 -0.00173052 -0.00179335 -0.00185546 -0.0016569 -0.00166867 -0.00170407 -0.00178306 -0.00175653 -0.00179685 -0.00178049 -0.00178971 -0.00187132 -0.00181656 -0.0017655 -0.00177425 -0.0017688 -0.00163492 -0.00163238 -0.00174819 -0.00178513 -0.00179856 -0.00182587 -0.00179462 -0.0018159 -0.00183013 -0.00180438 -0.0018132 -0.00181121 -0.00170832 
-0.00172572 -0.00165981 -0.00166952 -0.00156608 -0.00140731 -0.00129205 -0.00136731 0.00217388 0.00235601 0.00235661 0.00265029 0.00284807 0.135214 0.00279162 0.00258926 0.00253552 0.00239048 -0.0016546 -0.00164192 -0.00185579 -0.00196523 -0.00194233 -0.00205657 -0.00201942 -0.00220337 -0.00215017 -0.00202557 -0.00204278 -0.00199341 -0.00200601 -0.00207436 -0.00192661 -0.00202288 -0.00190429 -0.00178669 -0.00176752 -0.00181768 -0.00185913 -0.00186073 -0.00174388 -0.00175916 -0.00176611 -0.00178714 -0.00179172 -0.0018448 -0.00179048 -0.00177267 -0.00172684 -0.0016773 -0.00181755 -0.00177829 -0.00164267 -0.00174088 -0.00171481 -0.00177031 -0.00163303 -0.00171539 -0.00171143 -0.0017064 -0.00167008 -0.00172259 -0.00169182 -0.00163065 -0.00168757 -0.00174066 -0.00176439 -0.00174608 -0.00163112 -0.00168971 -0.00176636 -0.00172115 -0.00170427 -0.00155667 -0.00170252 -0.00167818 -0.00161829 -0.00161393 -0.00171811 -0.00172479 -0.00172482 -0.00172274 -0.001746 -0.00160725 -0.00175934 -0.00170451 -0.00163102 -0.0017312 -0.00167248 -0.00168785 -0.00167727 -0.00168279 -0.00171042 -0.00169588 -0.00171469 -0.00174193 -0.00171737 -0.00178319 -0.001763 -0.00178702 -0.00171006 
-0.00181712 -0.00183768 -0.00182263 -0.00181016 -0.00169125 -0.00173741 -0.00166917 -0.00142039 0.00230945 0.00222414 0.00260637 0.0028288 0.00279162 0.140502 0.00285597 0.00281265 0.00271839 0.00254797 0.00238974 -0.00165235 -0.00184235 -0.00195224 -0.0019962 -0.00212463 -0.00226197 -0.00228819 -0.00222506 -0.00213406 -0.00222787 -0.00206465 -0.00213974 -0.0021722 -0.00210914 -0.00208836 -0.00200551 -0.00193513 -0.00195961 -0.00201851 -0.00197248 -0.00199012 -0.00192194 -0.00184135 -0.0019813 -0.00186814 -0.00192921 -0.00189974 -0.00173074 -0.00185495 -0.00183238 -0.00190868 -0.00180077 -0.00179328 -0.0017717 -0.00179642 -0.00180625 -0.00185927 -0.00185995 -0.00183884 -0.00188746 -0.00178742 -0.00187941 -0.00190797 -0.0017376 -0.00172792 -0.00184706 -0.00183876 -0.00175103 -0.00184387 -0.00176307 -0.00185908 -0.0018521 -0.00184194 -0.00183166 -0.00185125 -0.00175965 -0.00174338 -0.00178099 -0.00180758 -0.00185729 -0.00186981 -0.00182465 -0.00181928 -0.00177258 -0.00175035 -0.00195471 -0.00192457 -0.00189204 -0.00173014 -0.00167843 -0.00177601 -0.00184351 -0.00178866 -0.00187374 -0.00183769 -0.00180986 -0.00179923 -0.00185878 -0.00174541 -0.00186067 -0.00175932 
-0.00179251 -0.00182599 -0.00175571 -0.00189191 -0.00182822 -0.00178004 -0.0017515 -0.00160557 -0.00155976 -0.00138515 0.00220742 0.00257071 0.00258926 0.00285597 0.139945 0.00294725 0.00291205 0.0027964 0.00276081 0.00265796 -0.0016272 -0.00169041 -0.00172885 -0.0019805 -0.00218377 -0.0021989 -0.00211302 -0.00205386 -0.00204913 -0.00207623 -0.00216542 -0.00207666 -0.00195112 -0.00194627 -0.00193893 -0.00194937 -0.0020089 -0.00193752 -0.00194618 -0.00193857 -0.00183758 -0.00185781 -0.00194673 -0.00193236 -0.00193633 -0.00187886 -0.00181883 -0.0018329 -0.0018843 -0.00190053 -0.00174027 -0.00175667 -0.00178623 -0.00184738 -0.00183753 -0.00183291 -0.00187529 -0.0017327 -0.00174428 -0.00172212 -0.00175583 -0.00176914 -0.00167609 -0.00168453 -0.00187421 -0.00187056 -0.00183403 -0.00178767 -0.00181853 -0.00174054 -0.00176307 -0.00172414 -0.00170828 -0.00180435 -0.00171068 -0.00155152 -0.00172087 -0.00181383 -0.00170807 -0.00181122 -0.00174033 -0.00179035 -0.00183586 -0.00172104 -0.00179245 -0.00182231 -0.00176097 -0.00172045 -0.00178031 -0.00180117 -0.00176021 -0.00180046 -0.00176301 -0.00180932 -0.00176995 -0.0017964 -0.00177201 -0.00182782 -0.00178312 -0.00182952 
-0.001851 -0.00180758 -0.00184389 -0.00178994 -0.00185709 -0.00178907 -0.00172188 -0.00175917 -0.00152285 -0.0014218 0.00238179 0.00254887 0.00253552 0.00281265 0.00294725 0.141229 0.00305307 0.00286523 0.00281067 0.00259767 -0.00160694 -0.0016351 -0.00177053 -0.00195601 -0.00222029 -0.00220606 -0.00222447 -0.00203681 -0.00202921 -0.00203574 -0.00209402 -0.00211998 -0.00212502 -0.00196699 -0.00184108 -0.00194755 -0.00190147 -0.00189846 -0.00191507 -0.0018803 -0.00180919 -0.00180821 -0.00200944 -0.00187184 -0.00188547 -0.00179411 -0.00183554 -0.00179022 -0.00175248 -0.0017621 -0.00175105 -0.00182767 -0.0018089 -0.00180678 -0.00181861 -0.00183996 -0.00179553 -0.00169053 -0.00183061 -0.00177224 -0.00171501 -0.00183055 -0.0017674 -0.00185834 -0.0017703 -0.00180254 -0.00176643 -0.00190534 -0.00178996 -0.00184662 -0.00182178 -0.00183478 -0.00181323 -0.00178165 -0.00169507 -0.00166566 -0.00172267 -0.00193287 -0.00190232 -0.00188704 -0.00184128 -0.00185109 -0.00191545 -0.00183945 -0.00185328 -0.00185628 -0.00189158 -0.00188434 -0.00183307 -0.00177766 -0.00185964 -0.00180163 -0.00183906 -0.00174231 -0.00174579 -0.00189377 -0.0018084 -0.00179466 -0.00180329 -0.00180408 
-0.00184809 -0.00192346 -0.00197371 -0.0020508 -0.00191785 -0.00208009 -0.00208084 -0.00183869 -0.00177289 -0.00164262 -0.00164322 0.0024382 0.00239048 0.00271839 0.00291205 0.00305307 0.146201 0.00300917 0.00295507 0.0030175 0.00277755 0.00253429 -0.00158113 -0.00178045 -0.00207482 -0.00211674 -0.00220369 -0.00219607 -0.00226774 -0.00206766 -0.00225594 -0.00223904 -0.00222681 -0.00218028 -0.00206574 -0.0020119 -0.00207326 -0.00216351 -0.00214133 -0.00220473 -0.00201468 -0.00196667 -0.00203481 -0.00206457 -0.00195722 -0.00203852 -0.00195979 -0.00192224 -0.00186321 -0.00198216 -0.00191427 -0.001882 -0.00197059 -0.00182833 -0.00189903 -0.00195711 -0.00195759 -0.00198332 -0.00190057 -0.00191003 -0.00194639 -0.00188521 -0.00191994 -0.00171335 -0.00203963 -0.00194079 -0.00192949 -0.00188947 -0.00193441 -0.00186374 -0.00199435 -0.00190441 -0.00190786 -0.00194198 -0.00189777 -0.00178885 -0.00176029 -0.00184897 -0.0018814 -0.0019179 -0.00195246 -0.00200173 -0.0019221 -0.00189198 -0.00199178 -0.00202304 -0.00191577 -0.00171035 -0.00189162 -0.0019108 -0.0018372 -0.00195774 -0.00194175 -0.00191447 -0.00195985 -0.00187263 -0.00205048 -0.00197555 -0.00186727 -0.00188224 
-0.00195768 -0.00192646 -0.00193328 -0.00189796 -0.00192638 -0.00205014 -0.00209273 -0.00200734 -0.00198104 -0.00183983 -0.00179562 -0.00166679 -0.0016546 0.00254797 0.0027964 0.00286523 0.00300917 0.144852 0.00324815 0.00310485 0.00278063 0.00292536 0.00261394 -0.00168218 -0.00179615 -0.00193634 -0.00205154 -0.00213477 -0.00213297 -0.00211389 -0.00216403 -0.00218755 -0.00207804 -0.00208208 -0.00201672 -0.00202685 -0.00192769 -0.00189202 -0.00200372 -0.00199757 -0.00193068 -0.00192207 -0.0020833 -0.0020549 -0.00197289 -0.00199786 -0.00193084 -0.00182193 -0.00184364 -0.0018326 -0.00177725 -0.00186895 -0.0017891 -0.00179654 -0.00190323 -0.00194152 -0.00186233 -0.00183332 -0.00189113 -0.0018614 -0.00182898 -0.00185389 -0.00183177 -0.00172566 -0.00185108 -0.001841 -0.00188613 -0.00178925 -0.00182807 -0.00183727 -0.00192589 -0.00187266 -0.00184723 -0.00186347 -0.00180457 -0.00173907 -0.00184986 -0.00190954 -0.00183408 -0.00189714 -0.00189866 -0.00190442 -0.00194318 -0.00193186 -0.00188732 -0.00183128 -0.00190165 -0.00179114 -0.00175805 -0.00183416 -0.00194542 -0.00184782 -0.00188827 -0.00183906 -0.0018629 -0.00182547 -0.00182976 -0.00179932 -0.0017496 -0.00178845 
-0.00195325 -0.00188518 -0.00186293 -0.00193578 -0.00193961 -0.00194807 -0.0021185 -0.00195631 -0.00206402 -0.0019365 -0.00185025 -0.00162847 -0.00164192 0.00238974 0.00276081 0.00281067 0.00295507 0.00324815 0.145665 0.00317712 0.00288375 0.0029984 0.00266541 -0.00159372 -0.00171983 -0.001788 -0.00206021 -0.00207537 -0.0022134 -0.00203376 -0.00210379 -0.00202269 -0.0020717 -0.0021026 -0.00207165 -0.00195779 -0.00201257 -0.00206238 -0.00205325 -0.00204823 -0.00193618 -0.00202599 -0.00205718 -0.00194187 -0.00205118 -0.00200583 -0.00187966 -0.0019625 -0.00189468 -0.00191049 -0.00189283 -0.00199744 -0.00195654 -0.00179756 -0.00189163 -0.00186091 -0.00201288 -0.00187348 -0.00181317 -0.00189689 -0.00189171 -0.00197846 -0.00186889 -0.00175039 -0.00191087 -0.0018005 -0.00186861 -0.00184051 -0.00182535 -0.00190187 -0.00193164 -0.00195542 -0.00181821 -0.00176285 -0.00178042 -0.00175086 -0.0017648 -0.00185071 -0.00190922 -0.00193849 -0.00193095 -0.00190524 -0.00179649 -0.00191376 -0.00190475 -0.00183574 -0.0018248 -0.00176631 -0.00178163 -0.00184593 -0.00185572 -0.00186039 -0.00186181 -0.00179253 -0.00185534 -0.00187035 -0.00186222 -0.0019195 -0.0018452 -0.00185507 
-0.00207319 -0.00202101 -0.00195446 -0.00202537 -0.00198589 -0.00218678 -0.00225037 -0.00217998 -0.00215931 -0.00210363 -0.00206068 -0.00193959 -0.00185579 -0.00165235 0.00265796 0.00259767 0.0030175 0.00310485 0.00317712 0.149353 0.00325131 0.00315946 0.00310755 0.00264539 0.00262916 -0.00170127 -0.0019152 -0.00199919 -0.00213521 -0.00195704 -0.00230081 -0.00225841 -0.00223085 -0.00223784 -0.00217067 -0.002073 -0.00217619 -0.00223977 -0.00217294 -0.00216343 -0.00203984 -0.00201135 -0.00213373 -0.00206289 -0.00199729 -0.00207671 -0.00205635 -0.00206521 -0.00209377 -0.00197222 -0.00200488 -0.00200875 -0.0020098 -0.00193684 -0.00200362 -0.00203098 -0.00205424 -0.00188587 -0.00205299 -0.00193965 -0.00193271 -0.00197372 -0.00180777 -0.00190939 -0.00204572 -0.00202929 -0.00196017 -0.00191806 -0.0018626 -0.00200883 -0.00198841 -0.00196782 -0.00188237 -0.00194469 -0.00186037 -0.00192128 -0.00192151 -0.00195576 -0.00187771 -0.00197367 -0.00191475 -0.00198733 -0.00196998 -0.00185274 -0.00197674 -0.00194333 -0.00202043 -0.00185128 -0.00184832 -0.00198134 -0.00204978 -0.00196482 -0.0020183 -0.0020672 -0.002006 -0.00200389 -0.0019543 -0.00202986 -0.00201252 -0.00188885 
-0.00192035 -0.00192127 -0.00188106 -0.00196803 -0.00192825 -0.00200828 -0.00206897 -0.00212828 -0.00214001 -0.00209896 -0.00214706 -0.00211552 -0.00196523 -0.00184235 -0.0016272 -0.00160694 0.00277755 0.00278063 0.00288375 0.00325131 0.146735 0.00323373 0.0031769 0.00279244 0.00278467 0.00255953 -0.00164273 -0.00172825 -0.00194396 -0.00185487 -0.00205296 -0.00222652 -0.00217954 -0.002145 -0.00210541 -0.00203533 -0.00206984 -0.00207871 -0.00214949 -0.00206008 -0.00182821 -0.00191678 -0.00203422 -0.0019955 -0.00203396 -0.00209673 -0.00198148 -0.00188766 -0.00190209 -0.00186856 -0.00195181 -0.00197818 -0.00189458 -0.00190191 -0.00186529 -0.00180164 -0.0018207 -0.00184795 -0.00182224 -0.00194668 -0.00184487 -0.00184445 -0.0018239 -0.00176151 -0.00190239 -0.00187968 -0.00173608 -0.00184112 -0.00181328 -0.0019265 -0.00195288 -0.00177836 -0.00195962 -0.00186658 -0.00184935 -0.00174958 -0.00186074 -0.00188347 -0.00191276 -0.00184398 -0.00194351 -0.00190899 -0.00187837 -0.00198828 -0.0018322 -0.00184125 -0.00193552 -0.00179711 -0.00184477 -0.00184221 -0.00187333 -0.00183298 -0.00191584 -0.00201505 -0.00195396 -0.00183782 -0.00192688 -0.00195761 -0.0019219 -0.00187981 
-0.0019008 -0.00194606 -0.00191172 -0.00196314 -0.00195008 -0.00215823 -0.00201635 -0.00209342 -0.0021874 -0.00198892 -0.00225988 -0.00201619 -0.00194233 -0.00195224 -0.00169041 -0.0016351 0.00253429 0.00292536 0.0029984 0.00315946 0.00323373 0.146343 0.00302364 0.00281497 0.00271204 0.00274877 -0.00172218 -0.00191237 -0.00191535 -0.00182156 -0.00211827 -0.00215976 -0.00215632 -0.00209193 -0.00195226 -0.00209739 -0.00202564 -0.00208825 -0.00208562 -0.00203816 -0.00198012 -0.00193264 -0.00207445 -0.00192621 -0.00206119 -0.00197687 -0.00190538 -0.0019117 -0.00189704 -0.00185532 -0.00188277 -0.00185653 -0.00191745 -0.00183754 -0.0018748 -0.0019255 -0.00184657 -0.00181582 -0.00183227 -0.0017688 -0.0018284 -0.00189514 -0.00178808 -0.0016487 -0.00190664 -0.00192501 -0.00189239 -0.00186352 -0.00193563 -0.00184085 -0.00196786 -0.00196412 -0.00190789 -0.00194193 -0.00182738 -0.00193254 -0.00180543 -0.00187047 -0.00193265 -0.00182031 -0.00190834 -0.00199843 -0.0018948 -0.00186263 -0.00191972 -0.00179367 -0.00186802 -0.00181549 -0.00177183 -0.00184067 -0.00193629 -0.00184245 -0.00184974 -0.0017868 -0.00184004 -0.00184767 -0.00194183 -0.00183587 -0.00179239 -0.00177604 
-0.00187348 -0.00194139 -0.00189294 -0.00191616 -0.00195179 -0.00206364 -0.00200288 -0.00213367 -0.0021058 -0.00203677 -0.00205972 -0.00205989 -0.00205657 -0.0019962 -0.00172885 -0.00177053 -0.00158113 0.00261394 0.00266541 0.00310755 0.0031769 0.00302364 0.145764 0.00295601 0.00304658 0.00272823 0.00233886 -0.00164599 -0.0017063 -0.00170153 -0.00193479 -0.00196162 -0.00214071 -0.00215826 -0.00204497 -0.00199923 -0.00195129 -0.00209839 -0.00200275 -0.00200895 -0.00190567 -0.00190043 -0.00204352 -0.00201207 -0.00196546 -0.00192632 -0.00191191 -0.00193429 -0.00186201 -0.00187722 -0.00197664 -0.0018988 -0.00180623 -0.00184926 -0.00201878 -0.0018536 -0.00192217 -0.00190541 -0.00192229 -0.00184597 -0.00190949 -0.00189357 -0.00182739 -0.00180027 -0.00199926 -0.00200253 -0.00179458 -0.00183951 -0.0018679 -0.00185661 -0.00194238 -0.00192331 -0.00181638 -0.00182999 -0.00179017 -0.00179061 -0.00183165 -0.00183201 -0.00187195 -0.00192329 -0.00186004 -0.00183968 -0.00180898 -0.00197425 -0.00184036 -0.00180229 -0.00195472 -0.00176059 -0.00174644 -0.0019624 -0.00177132 -0.00186099 -0.00191416 -0.00185079 -0.00191269 -0.00185173 -0.00184689 -0.00190137 -0.00196126 -0.00179293 
-0.00174307 -0.0017898 -0.00177635 -0.00181843 -0.00182915 -0.00190991 -0.00197025 -0.00198172 -0.00201699 -0.00200283 -0.00205427 -0.0020736 -0.00201942 -0.00212463 -0.0019805 -0.00195601 -0.00178045 -0.00168218 -0.00159372 0.00264539 0.00279244 0.00281497 0.00295601 0.141307 0.00307499 0.00288634 0.0025109 0.00246452 -0.00154637 -0.00139899 -0.00167845 -0.0018002 -0.00178687 -0.00198205 -0.00183353 -0.00165337 -0.00191197 -0.001969 -0.0019156 -0.00187676 -0.00191721 -0.0017673 -0.00189013 -0.00188966 -0.00190248 -0.00192116 -0.00182859 -0.00185584 -0.00169816 -0.001723 -0.00172054 -0.00184023 -0.00184434 -0.0017567 -0.00178918 -0.00186163 -0.00173538 -0.00174512 -0.00171934 -0.0018499 -0.00175916 -0.0018468 -0.00165695 -0.00165637 -0.0017681 -0.00172897 -0.00174108 -0.00170194 -0.00172989 -0.00177119 -0.00168563 -0.00166541 -0.0017831 -0.00168225 -0.00168528 -0.00169183 -0.00169511 -0.00173283 -0.00175056 -0.00175411 -0.00176069 -0.00173577 -0.00174331 -0.00176386 -0.00174045 -0.00172185 -0.0017912 -0.0016411 -0.00170818 -0.00178003 -0.00178216 -0.00183277 -0.00180955 -0.00170267 -0.00187696 -0.0017498 -0.00185449 -0.00175174 -0.0017588 -0.00174858 
-0.00192514 -0.00193649 -0.00191549 -0.00214809 -0.00201662 -0.00214369 -0.00207826 -0.00207259 -0.00209692 -0.00212465 -0.00223601 -0.00231562 -0.00220337 -0.00226197 -0.00218377 -0.00222029 -0.00207482 -0.00179615 -0.00171983 0.00262916 0.00278467 0.00271204 0.00304658 0.00307499 0.145875 0.0031583 0.00276789 0.00257556 0.00255536 0.0023625 -0.0015493 -0.0017151 -0.00172446 -0.00193134 -0.00199114 -0.00192232 -0.00195669 -0.00203249 -0.00207997 -0.00211375 -0.00194901 -0.00200518 -0.0020442 -0.00206553 -0.0020169 -0.00206744 -0.00189591 -0.00188223 -0.00195594 -0.00190567 -0.00190856 -0.00187303 -0.0018723 -0.00188397 -0.00196952 -0.00195959 -0.00192303 -0.00197121 -0.00195702 -0.00191823 -0.00198492 -0.00199503 -0.00181652 -0.00185476 -0.00202101 -0.00193183 -0.00187282 -0.00196593 -0.00198017 -0.00183686 -0.00183437 -0.00193419 -0.00200792 -0.00187377 -0.00184696 -0.00181056 -0.00185555 -0.00202296 -0.00184723 -0.00190074 -0.00188556 -0.00194111 -0.00193623 -0.00195249 -0.00192512 -0.00195094 -0.00188267 -0.00173277 -0.00175322 -0.00191375 -0.00187411 -0.00193832 -0.00187411 -0.0019078 -0.00188896 -0.00199919 -0.00192576 -0.00182221 -0.00190108 -0.00183201 
-0.00196102 -0.00193202 -0.00189576 -0.00203419 -0.00189523 -0.00208623 -0.00205506 -0.00223238 -0.00217312 -0.00211688 -0.00227501 -0.00222201 -0.00215017 -0.00228819 -0.0021989 -0.00220606 -0.00211674 -0.00193634 -0.001788 -0.00170127 0.00255953 0.00274877 0.00272823 0.00288634 0.0031583 0.144516 0.00287675 0.00274832 0.00262561 0.00257759 0.00234504 -0.00154789 -0.00161892 -0.00172263 -0.00184853 -0.00174513 -0.00199035 -0.0020816 -0.00208394 -0.00198751 -0.0019455 -0.00196047 -0.00208437 -0.00203847 -0.00205487 -0.00206278 -0.00185691 -0.00193743 -0.00184775 -0.00191644 -0.00195468 -0.00192077 -0.0019266 -0.00194579 -0.00184227 -0.00189058 -0.00191234 -0.0019731 -0.00189821 -0.00196075 -0.00187145 -0.00186556 -0.00185094 -0.00175799 -0.00190139 -0.00195242 -0.00177199 -0.00195725 -0.00182498 -0.00178653 -0.00183103 -0.00192755 -0.00185294 -0.00180844 -0.00173291 -0.00179443 -0.00185607 -0.00184162 -0.00187536 -0.00183257 -0.00181833 -0.00196964 -0.00187413 -0.00191778 -0.00193132 -0.00192827 -0.00187113 -0.00183606 -0.00187703 -0.00194555 -0.001857 -0.00194032 -0.00194919 -0.00182081 -0.00200319 -0.00175718 -0.0019166 -0.00195298 -0.00202203 -0.00186703 
-0.00178975 -0.00172654 -0.00176531 -0.00176444 -0.0019634 -0.00194011 -0.00197627 -0.00194152 -0.00200997 -0.00186626 -0.00213906 -0.00224594 -0.00202557 -0.00222506 -0.00211302 -0.00222447 -0.00220369 -0.00205154 -0.00206021 -0.0019152 -0.00164273 -0.00172218 0.00233886 0.0025109 0.00276789 0.00287675 0.139106 0.00273575 0.00258675 0.0026144 0.00252579 0.00246417 -0.00137097 -0.00152494 -0.00167196 -0.00158591 -0.00161807 -0.00182412 -0.00173555 -0.00188282 -0.00179628 -0.00175531 -0.00184549 -0.0018156 -0.00188801 -0.00196381 -0.00176203 -0.00182267 -0.00175311 -0.0017808 -0.00176979 -0.00182677 -0.00181375 -0.00175262 -0.00180468 -0.00175516 -0.00177544 -0.00173683 -0.00176546 -0.00172277 -0.00179083 -0.00180373 -0.00164744 -0.0017475 -0.00182421 -0.00178498 -0.00172932 -0.00173156 -0.00176311 -0.00177179 -0.00157454 -0.00182092 -0.00178673 -0.00177392 -0.00166664 -0.00167661 -0.00185752 -0.00181218 -0.00169899 -0.00174235 -0.00170526 -0.00181483 -0.0018418 -0.00185005 -0.00170489 -0.00175055 -0.00178055 -0.00154105 -0.00164215 -0.00181495 -0.00170041 -0.00177212 -0.0017154 -0.0017907 -0.00182408 -0.00179732 -0.00173692 -0.00178448 -0.0018287 -0.00169351 
-0.00168245 -0.0017198 -0.0017683 -0.00177085 -0.00186826 -0.001939 -0.00191088 -0.00190827 -0.00200539 -0.00203236 -0.0020107 -0.00213388 -0.00204278 -0.00213406 -0.00205386 -0.00203681 -0.00219607 -0.00213477 -0.00207537 -0.00199919 -0.00172825 -0.00191237 -0.00164599 0.00246452 0.00257556 0.00274832 0.00273575 0.137 0.00282251 0.00272227 0.00250449 0.00235777 0.00223578 -0.00129905 -0.00141895 -0.00145321 -0.0016253 -0.00175851 -0.00179025 -0.00181175 -0.00179 -0.00181813 -0.00181218 -0.00182555 -0.0018001 -0.00190432 -0.0017981 -0.00169595 -0.00176824 -0.00183017 -0.00173595 -0.00169466 -0.00181077 -0.00175171 -0.00170488 -0.00167388 -0.00177772 -0.00174134 -0.00173855 -0.00180131 -0.00174283 -0.00175106 -0.00158882 -0.00163822 -0.00171204 -0.00176557 -0.00169096 -0.00169095 -0.00175109 -0.00174461 -0.00179618 -0.00174374 -0.00172112 -0.00170362 -0.00166802 -0.00163917 -0.00168709 -0.00174851 -0.00180111 -0.00176465 -0.00177708 -0.00172976 -0.0017443 -0.00177914 -0.00173806 -0.00181159 -0.00170583 -0.00159432 -0.00166777 -0.00177838 -0.00175802 -0.00178249 -0.00171252 -0.00164202 -0.00176898 -0.00173019 -0.00173812 -0.00168409 -0.00163159 -0.0017033 
-0.00172511 -0.00173508 -0.00174954 -0.00177333 -0.00183214 -0.00186632 -0.00197696 -0.00193926 -0.00195203 -0.00186623 -0.00193023 -0.00208129 -0.00199341 -0.00222787 -0.00204913 -0.00202921 -0.00226774 -0.00213297 -0.0022134 -0.00213521 -0.00194396 -0.00191535 -0.0017063 -0.00154637 0.00255536 0.00262561 0.00258675 0.00282251 0.135482 0.00273615 0.00260972 0.00249202 0.00243756 0.00225943 -0.00137444 -0.00129709 -0.00152828 -0.00159707 -0.0016756 -0.0017052 -0.00180119 -0.00172406 -0.00180288 -0.00182643 -0.00182789 -0.00181532 -0.00174644 -0.00181367 -0.0017019 -0.00158636 -0.00176098 -0.00185452 -0.00175616 -0.0017841 -0.00183054 -0.00173871 -0.00174354 -0.00179397 -0.00173223 -0.00169313 -0.00172314 -0.00177349 -0.00164899 -0.00162347 -0.0016926 -0.00169509 -0.00171921 -0.00166813 -0.0017239 -0.00162101 -0.001806 -0.0017287 -0.00165497 -0.0016999 -0.00155222 -0.00160132 -0.00164624 -0.00168718 -0.00172648 -0.00166015 -0.00172627 -0.00174114 -0.00171168 -0.00172677 -0.00174896 -0.00173078 -0.00171488 -0.00148785 -0.00147454 -0.0016683 -0.00169124 -0.00171418 -0.00176604 -0.00166652 -0.00173695 -0.00178501 -0.0017737 -0.00169843 -0.00168425 -0.001607 
-0.00174552 -0.0016566 -0.0017084 -0.00181989 -0.00177605 -0.00190365 -0.00178288 -0.00183376 -0.00184655 -0.00193432 -0.00199052 -0.00204224 -0.00200601 -0.00206465 -0.00207623 -0.00203574 -0.00206766 -0.00211389 -0.00203376 -0.00195704 -0.00185487 -0.00182156 -0.00170153 -0.00139899 0.0023625 0.00257759 0.0026144 0.00272227 0.00273615 0.134037 0.00254899 0.00249992 0.00241291 0.00219442 -0.00133491 -0.00137585 -0.00148903 -0.00161565 -0.00176091 -0.00177867 -0.00173337 -0.00179357 -0.00177375 -0.00180359 -0.00177014 -0.00176508 -0.00176038 -0.00166124 -0.00171961 -0.00171836 -0.00172195 -0.00184836 -0.00177867 -0.00168121 -0.00171128 -0.00171656 -0.00172733 -0.00173641 -0.00170001 -0.00165914 -0.00172938 -0.00178852 -0.00169597 -0.00165773 -0.00167995 -0.00164275 -0.0016424 -0.00159272 -0.00164237 -0.00167123 -0.00170368 -0.00163505 -0.00166285 -0.00159712 -0.00162486 -0.00162854 -0.00170514 -0.0016853 -0.00170078 -0.00174816 -0.00180342 -0.00177857 -0.00166091 -0.00173973 -0.00170667 -0.00165466 -0.00179957 -0.00168498 -0.00167093 -0.00182004 -0.00159625 -0.00167089 -0.00169853 -0.00163795 -0.00169817 -0.00171419 -0.00164471 -0.00173292 -0.00164045 -0.00161039 
-0.00175173 -0.00166443 -0.00178608 -0.00184949 -0.00184388 -0.00195422 -0.00186346 -0.00194021 -0.00203354 -0.00193395 -0.00205558 -0.00200315 -0.00207436 -0.00213974 -0.00216542 -0.00209402 -0.00225594 -0.00216403 -0.00210379 -0.00230081 -0.00205296 -0.00211827 -0.00193479 -0.00167845 -0.0015493 0.00234504 0.00252579 0.00250449 0.00260972 0.00254899 0.134543 0.00275032 0.00249169 0.00241891 0.00216166 0.00209922 -0.00143437 -0.00140638 -0.00154686 -0.00153819 -0.0017219 -0.00178898 -0.00186676 -0.0017769 -0.00184808 -0.00184388 -0.0017552 -0.00175642 -0.00175205 -0.00183189 -0.00171413 -0.00177277 -0.00179342 -0.00168033 -0.00172883 -0.00171425 -0.00172667 -0.00165727 -0.0016794 -0.00177006 -0.00175808 -0.00164052 -0.00164456 -0.00165354 -0.00169546 -0.00178218 -0.00163984 -0.0016895 -0.00174137 -0.00175755 -0.00174495 -0.00170244 -0.00180704 -0.00164025 -0.00163152 -0.00168341 -0.0016812 -0.00172837 -0.0016977 -0.00176195 -0.00168936 -0.00173584 -0.0017539 -0.00178943 -0.00166355 -0.00177542 -0.00171635 -0.00170171 -0.00165784 -0.00168713 -0.00173622 -0.00171445 -0.0017475 -0.00171268 -0.00177417 -0.00179414 -0.00177356 -0.00173623 -0.00168785 -0.00165336 
-0.00166246 -0.00175992 -0.00164215 -0.00181849 -0.00179844 -0.00186116 -0.00194052 -0.0019173 -0.00197201 -0.00196 -0.00194429 -0.0019444 -0.00192661 -0.0021722 -0.00207666 -0.00211998 -0.00223904 -0.00218755 -0.00202269 -0.00225841 -0.00222652 -0.00215976 -0.00196162 -0.0018002 -0.0017151 -0.00154789 0.00246417 0.00235777 0.00249202 0.00249992 0.00275032 0.133155 0.00261044 0.00260918 0.0021637 0.00220038 0.00199486 -0.00123313 -0.0013861 -0.00154621 -0.00169686 -0.00160983 -0.00180025 -0.00177037 -0.00188961 -0.00174456 -0.0017297 -0.00166585 -0.00175901 -0.00170365 -0.00171417 -0.00171019 -0.00174066 -0.00166295 -0.00169824 -0.00176918 -0.00171677 -0.00165159 -0.00170708 -0.001691 -0.00163633 -0.0016718 -0.00156489 -0.00161476 -0.00168692 -0.00179115 -0.0017206 -0.00181371 -0.00173832 -0.00166118 -0.00171367 -0.00167664 -0.00177144 -0.00169589 -0.00163118 -0.00154497 -0.00163899 -0.00172041 -0.00169595 -0.00165391 -0.00171732 -0.00177176 -0.00183916 -0.00173791 -0.00166291 -0.00174848 -0.00169008 -0.00160218 -0.00163461 -0.00166686 -0.00174897 -0.00176137 -0.00165857 -0.00177373 -0.00175748 -0.00174031 -0.00172994 -0.00178616 -0.00171028 -0.00168476 
-0.00167158 -0.00167455 -0.00179632 -0.00176388 -0.00177542 -0.0018286 -0.00193479 -0.00193851 -0.00198351 -0.00188117 -0.00192611 -0.00203625 -0.00202288 -0.00210914 -0.00195112 -0.00212502 -0.00222681 -0.00207804 -0.0020717 -0.00223085 -0.00217954 -0.00215632 -0.00214071 -0.00178687 -0.00172446 -0.00161892 -0.00137097 0.00223578 0.00243756 0.00241291 0.00249169 0.00261044 0.13118 0.0026153 0.00239204 0.00228175 0.00222966 0.00199008 -0.00132789 -0.00138915 -0.00148408 -0.00150728 -0.00162964 -0.00173033 -0.00174118 -0.00179806 -0.00163437 -0.00164868 -0.00167338 -0.0016704 -0.00170275 -0.00168226 -0.00165324 -0.00173348 -0.00174529 -0.00166385 -0.00161514 -0.00169243 -0.0017213 -0.00170161 -0.00169691 -0.00166545 -0.00168221 -0.00163906 -0.0016878 -0.00168933 -0.00163257 -0.00163722 -0.00170885 -0.00172884 -0.00178339 -0.00164452 -0.00165942 -0.00164583 -0.00168269 -0.00163994 -0.00164057 -0.0016761 -0.00163445 -0.00168347 -0.00168735 -0.00170697 -0.00164795 -0.0017091 -0.00161609 -0.00175733 -0.00167185 -0.00161886 -0.00164082 -0.00172373 -0.00161899 -0.00168579 -0.00173713 -0.00160232 -0.0016424 -0.0017211 -0.00161266 -0.00166864 -0.00160159 -0.00159794 
