0.123142 0.00223374 0.00210547 0.00206063 0.00193876 0.00201983 -0.00119926 -0.00129599 -0.00136835 -0.00148978 -0.00169279 -0.0016343 -0.00174282 -0.00173341 -0.00183412 -0.00193227 -0.00187881 -0.00186486 -0.00186223 -0.00196455 -0.00192049 -0.00193964 -0.00194236 -0.00171084 -0.00191033 -0.00187804 -0.00170435 -0.0017796 -0.0017853 -0.00174672 -0.00178089 -0.00171573 -0.00175308 -0.00173199 -0.00165767 -0.00160071 -0.00164657 -0.00166222 -0.00163845 -0.00155229 -0.00144076 -0.00148847 -0.00154425 -0.00157297 -0.00163208 -0.00165182 -0.00155982 -0.00161431 -0.00149413 -0.00156709 -0.00154139 -0.00147252 -0.0015612 -0.00147431 -0.00152035 -0.00149885 -0.00148201 -0.00151797 -0.00149706 -0.00150377 -0.00153263 -0.00146925 -0.00140876 -0.00140197 -0.00142025 -0.00150517 -0.00142736 -0.00147084 -0.00144352 -0.00144985 -0.00151993 -0.00154567 -0.00152299 -0.00153069 -0.00148544 -0.00143658 -0.00149592 -0.00149446 -0.00158406 -0.00155379 -0.00148893 -0.00142374 -0.0014718 -0.00146647 -0.00146978 -0.00161814 -0.00151631 -0.00149244 -0.00143636 -0.00148465 -0.00148906 -0.00140741 -0.00123634 -0.0011714 -0.00121602 -0.00117123 0.00180616 0.00196178 0.00205046 0.00212659 
0.00223374 0.123344 0.00230068 0.00208389 0.00206722 0.002143 0.00202752 -0.0011834 -0.00126854 -0.00135471 -0.00150472 -0.00171024 -0.00172548 -0.00185146 -0.00186788 -0.00184818 -0.00193097 -0.00191933 -0.00190233 -0.00199836 -0.00198904 -0.00186493 -0.00190305 -0.0018232 -0.00198275 -0.00195745 -0.00174189 -0.00175171 -0.00176071 -0.00167608 -0.00175036 -0.00170833 -0.00171551 -0.0015806 -0.00164635 -0.0016043 -0.00166029 -0.00161112 -0.00159145 -0.0016549 -0.0016253 -0.00159654 -0.00162442 -0.00164094 -0.00170196 -0.00157519 -0.00155656 -0.00149008 -0.00151617 -0.00151962 -0.00147714 -0.00146829 -0.0016185 -0.00149345 -0.00148783 -0.00154734 -0.00145815 -0.00149267 -0.00144127 -0.00151354 -0.00148665 -0.00151666 -0.00141195 -0.00143889 -0.00140198 -0.00159328 -0.00155509 -0.00146851 -0.00141931 -0.0015396 -0.00149352 -0.00147251 -0.00153312 -0.00156628 -0.00149372 -0.00138922 -0.00144179 -0.00155757 -0.00151253 -0.00148461 -0.00162029 -0.00151078 -0.00142571 -0.00148873 -0.00156683 -0.00152605 -0.00146047 -0.00142599 -0.00150379 -0.00155729 -0.00152597 -0.00150304 -0.00150032 -0.00132278 -0.00133421 -0.0012189 -0.00114359 0.00193232 0.00202163 0.00214161 
0.00210547 0.00230068 0.124007 0.00229789 0.00218646 0.00217737 0.00214355 0.00203842 -0.00115387 -0.00131023 -0.00150734 -0.00158235 -0.00170553 -0.00185211 -0.00184003 -0.00194361 -0.00192179 -0.00188782 -0.00199891 -0.00206887 -0.00192718 -0.00194797 -0.00196742 -0.00188788 -0.00195444 -0.00189442 -0.0017924 -0.00177014 -0.00174162 -0.00177221 -0.00172811 -0.0017224 -0.00168229 -0.00180062 -0.00167497 -0.00153679 -0.00158588 -0.00172155 -0.00171428 -0.00160874 -0.00163056 -0.00157965 -0.0015678 -0.00162772 -0.00166459 -0.00166268 -0.00152186 -0.00158427 -0.00155564 -0.00147141 -0.00155205 -0.00141758 -0.00156848 -0.00151531 -0.00166444 -0.00158575 -0.00149478 -0.00160984 -0.00156818 -0.00147609 -0.00154668 -0.00145926 -0.00142951 -0.00144864 -0.00148398 -0.00148351 -0.00148191 -0.00149561 -0.00143239 -0.00153159 -0.00147979 -0.00148787 -0.00152555 -0.00147242 -0.00144919 -0.00137836 -0.0014846 -0.001388 -0.00146182 -0.00161455 -0.00151169 -0.00153676 -0.00155953 -0.00150138 -0.00148045 -0.00159843 -0.00141573 -0.00148423 -0.00151339 -0.00146813 -0.0015724 -0.00144182 -0.00149151 -0.00138083 -0.00143375 -0.00134853 -0.00123014 -0.00113426 0.00188003 0.0020238 
0.00206063 0.00208389 0.00229789 0.124574 0.00226743 0.00236674 0.00219643 0.00226233 0.00206081 -0.00118276 -0.00145292 -0.001627 -0.00155056 -0.00168084 -0.00181011 -0.00185471 -0.00195554 -0.00191902 -0.00191649 -0.00194652 -0.00189673 -0.00187436 -0.00194036 -0.00180857 -0.00198446 -0.00203161 -0.00185468 -0.00183314 -0.00178892 -0.00181905 -0.00186806 -0.00178906 -0.00175466 -0.00177142 -0.0016189 -0.00162778 -0.00166884 -0.00175385 -0.00161037 -0.0015987 -0.00166198 -0.00152473 -0.00166488 -0.00165246 -0.00158803 -0.00160485 -0.001626 -0.00154639 -0.00159807 -0.00154194 -0.00158518 -0.00156878 -0.00157474 -0.0015254 -0.00157935 -0.00151965 -0.00148395 -0.00153844 -0.00159258 -0.00143596 -0.00154675 -0.00161901 -0.00141231 -0.00138019 -0.00149724 -0.00151675 -0.00152711 -0.00151083 -0.00144897 -0.00161201 -0.00159015 -0.00152661 -0.00147824 -0.00158064 -0.0014287 -0.0014683 -0.00146481 -0.00148355 -0.0014617 -0.00142066 -0.00151547 -0.00149217 -0.00153621 -0.00149635 -0.00155173 -0.00150026 -0.0015246 -0.0015224 -0.0014506 -0.00153132 -0.00145412 -0.00147086 -0.00154337 -0.00152082 -0.00153191 -0.00137039 -0.0013626 -0.0013792 -0.00110271 0.00186472 
0.00193876 0.00206722 0.00218646 0.00226743 0.124927 0.00243691 0.00228526 0.00223767 0.00213608 0.00219854 -0.0012911 -0.00148841 -0.00142075 -0.00167982 -0.00191171 -0.00188417 -0.00197532 -0.00187739 -0.0018583 -0.00201051 -0.00193323 -0.00193958 -0.00194314 -0.0018062 -0.00180386 -0.00199506 -0.00185002 -0.00168091 -0.0018405 -0.00180357 -0.00178414 -0.00176055 -0.00163901 -0.00169864 -0.00161271 -0.00157562 -0.0016246 -0.00168771 -0.00161966 -0.00174045 -0.00157858 -0.00156033 -0.00156287 -0.00168 -0.00159523 -0.00162939 -0.00146417 -0.00158144 -0.00160806 -0.00149361 -0.00155602 -0.0015685 -0.00155466 -0.0015247 -0.0015808 -0.0016071 -0.00150448 -0.00155438 -0.00151091 -0.00153979 -0.00147097 -0.00154586 -0.00151863 -0.0014063 -0.00141565 -0.00147386 -0.00157942 -0.00149309 -0.00151816 -0.00162076 -0.00157341 -0.00163687 -0.00156432 -0.00156318 -0.00150963 -0.00151187 -0.00156468 -0.00153494 -0.00154325 -0.0015386 -0.00155918 -0.00155541 -0.00156415 -0.00157344 -0.00154092 -0.00162571 -0.00149214 -0.00146232 -0.00147184 -0.00152174 -0.00150335 -0.00159099 -0.00160832 -0.00157791 -0.00161367 -0.00161069 -0.00145076 -0.00134312 -0.00126956 -0.00117107 
0.00201983 0.002143 0.00217737 0.00236674 0.00243691 0.128203 0.00250013 0.00240516 0.00234433 0.00226261 0.00211928 -0.00135207 -0.00132775 -0.00164521 -0.00182289 -0.00181476 -0.00208404 -0.00194206 -0.00197439 -0.00223204 -0.00205915 -0.00211669 -0.00201714 -0.00198928 -0.00208692 -0.00210533 -0.00195473 -0.00188721 -0.00189946 -0.00185977 -0.00193087 -0.00186762 -0.00183785 -0.00183046 -0.00163021 -0.00163421 -0.00180511 -0.00173537 -0.00184313 -0.00179229 -0.00167945 -0.001704 -0.00168492 -0.00168833 -0.00168392 -0.00164571 -0.00163103 -0.00167182 -0.00159788 -0.0016413 -0.00155155 -0.0016512 -0.00160479 -0.00163592 -0.00163781 -0.0016358 -0.00162906 -0.00172526 -0.00163365 -0.00164995 -0.00163997 -0.00166979 -0.00152709 -0.00154715 -0.00162227 -0.00163845 -0.00154975 -0.00164819 -0.00162874 -0.00170501 -0.001657 -0.00166002 -0.0016476 -0.00159549 -0.00157435 -0.0016016 -0.0015797 -0.00164563 -0.00159907 -0.00163763 -0.00168508 -0.00157852 -0.00172305 -0.00158833 -0.00163119 -0.00161902 -0.00160773 -0.00154591 -0.00154539 -0.00174554 -0.00162654 -0.00174935 -0.00157944 -0.00165855 -0.00165453 -0.0015849 -0.00144272 -0.00143517 -0.00131155 -0.00122977 
-0.00119926 0.00202752 0.00214355 0.00219643 0.00228526 0.00250013 0.129357 0.00257101 0.00247773 0.00245599 0.0021853 0.0022368 -0.00130223 -0.00144376 -0.00177098 -0.00170622 -0.00197908 -0.00210283 -0.00204394 -0.00214949 -0.00204724 -0.00211682 -0.00211523 -0.00208136 -0.00219315 -0.00211209 -0.00193193 -0.00196775 -0.00186077 -0.00180019 -0.00193013 -0.00187109 -0.00188479 -0.00178739 -0.00177221 -0.00174969 -0.00174578 -0.00185814 -0.00191781 -0.00181482 -0.0017149 -0.00172796 -0.00175926 -0.0016921 -0.00171121 -0.00171043 -0.00161967 -0.00167823 -0.00167672 -0.0015853 -0.0016127 -0.001679 -0.00156856 -0.00161707 -0.00160649 -0.00169133 -0.00163662 -0.00162341 -0.00167492 -0.00159404 -0.00162192 -0.00166059 -0.00158049 -0.0015789 -0.00161686 -0.00169654 -0.00154356 -0.00172431 -0.00157526 -0.00174596 -0.00163057 -0.0016414 -0.00158941 -0.0016831 -0.00160227 -0.00163035 -0.00156402 -0.00169541 -0.00166293 -0.0016779 -0.0015664 -0.00175014 -0.00158966 -0.00159672 -0.00162853 -0.00157904 -0.00160655 -0.00155519 -0.00158522 -0.00167798 -0.00165234 -0.00167718 -0.00165761 -0.00162603 -0.001753 -0.00165394 -0.00168605 -0.00159205 -0.00143783 -0.00140733 
-0.00129599 -0.0011834 0.00203842 0.00226233 0.00223767 0.00240516 0.00257101 0.130391 0.00264822 0.0024575 0.00243077 0.00229165 0.00221113 -0.00148967 -0.00173796 -0.00168488 -0.00190706 -0.0020995 -0.00201204 -0.00219529 -0.00205194 -0.00214962 -0.00208357 -0.002062 -0.00210933 -0.00219486 -0.00197382 -0.0019294 -0.00193608 -0.00185735 -0.00188191 -0.00185073 -0.00182623 -0.00184348 -0.00171865 -0.00174488 -0.00172401 -0.00181668 -0.00175734 -0.00170759 -0.00168585 -0.00174141 -0.00183482 -0.00183914 -0.00176201 -0.00177804 -0.00168087 -0.00172356 -0.0017246 -0.00169223 -0.0017293 -0.00169271 -0.00162547 -0.00163827 -0.00165832 -0.00161841 -0.00166845 -0.00169213 -0.00161162 -0.00168868 -0.00168921 -0.00165291 -0.00157205 -0.00165187 -0.00169652 -0.00167068 -0.00168856 -0.00174679 -0.00173215 -0.00177198 -0.00174752 -0.00166184 -0.00164266 -0.00166204 -0.00158705 -0.00162199 -0.00156135 -0.00160253 -0.00164312 -0.00172037 -0.00169072 -0.00161312 -0.00153759 -0.00165401 -0.00163108 -0.0016475 -0.00163402 -0.00169604 -0.00162786 -0.00173066 -0.001584 -0.001613 -0.00165233 -0.00175043 -0.00175222 -0.0017381 -0.00155037 -0.00163404 -0.00156224 -0.00141101 
-0.00136835 -0.00126854 -0.00115387 0.00206081 0.00213608 0.00234433 0.00247773 0.00264822 0.131708 0.00260727 0.00251866 0.00243101 0.00235661 0.00231561 -0.00157632 -0.00166046 -0.00185636 -0.0020108 -0.00189138 -0.00213235 -0.00210437 -0.00218235 -0.00214003 -0.00206663 -0.00222654 -0.00214781 -0.00200779 -0.00200912 -0.00190877 -0.00198056 -0.00200506 -0.00187623 -0.00193448 -0.00191791 -0.00183929 -0.00179133 -0.00182256 -0.00176547 -0.00194399 -0.00183992 -0.00173322 -0.00169535 -0.00180732 -0.00177448 -0.00175814 -0.0017176 -0.00175289 -0.00173189 -0.00166406 -0.00166906 -0.00166989 -0.0017423 -0.00170273 -0.00170725 -0.00165566 -0.00166816 -0.00163072 -0.00175248 -0.00165834 -0.0016699 -0.00166239 -0.00165861 -0.00159089 -0.00159815 -0.00170821 -0.00167617 -0.00168738 -0.00172188 -0.0016715 -0.00169224 -0.00156903 -0.00173716 -0.00161713 -0.00163762 -0.00163367 -0.00157625 -0.00158073 -0.00172267 -0.00171491 -0.00167256 -0.00170396 -0.00170532 -0.00167945 -0.00173185 -0.00168884 -0.00176967 -0.00173293 -0.00163673 -0.00167713 -0.00169401 -0.00173436 -0.00167447 -0.00177505 -0.00171807 -0.00172925 -0.00170674 -0.00166628 -0.00167669 -0.00168762 -0.00149706 
-0.00148978 -0.00135471 -0.00131023 -0.00118276 0.00219854 0.00226261 0.00245599 0.0024575 0.00260727 0.130088 0.00254625 0.00247107 0.00231359 0.00227844 -0.00154662 -0.00148174 -0.00167608 -0.00191893 -0.00186862 -0.00206526 -0.00205612 -0.00204432 -0.00207813 -0.00195851 -0.00208418 -0.00216074 -0.00194977 -0.00189791 -0.00192577 -0.00188139 -0.00194053 -0.00175557 -0.00177805 -0.0017886 -0.00165688 -0.00171689 -0.00178759 -0.00180369 -0.00176794 -0.00179699 -0.00167184 -0.0016779 -0.00176119 -0.0017621 -0.0017525 -0.00173855 -0.00158498 -0.00165717 -0.00165089 -0.00161812 -0.00161777 -0.00162425 -0.00160242 -0.00159545 -0.0016039 -0.00168803 -0.0017314 -0.00167149 -0.00160242 -0.00164434 -0.00162688 -0.00162944 -0.00158806 -0.00160277 -0.00161516 -0.001765 -0.00177032 -0.00161581 -0.00148133 -0.00159072 -0.0015343 -0.00162934 -0.00160933 -0.00164733 -0.00156626 -0.00153396 -0.00159532 -0.00162501 -0.00158837 -0.00161128 -0.00165127 -0.00158178 -0.00161137 -0.0016256 -0.00162115 -0.0015883 -0.0016919 -0.00160375 -0.0015301 -0.00171384 -0.00161269 -0.00163106 -0.00167415 -0.00167776 -0.00167026 -0.00158667 -0.00162411 -0.00166974 -0.00163238 -0.00147402 
-0.00169279 -0.00150472 -0.00150734 -0.00145292 -0.0012911 0.00211928 0.0021853 0.00243077 0.00251866 0.00254625 0.134579 0.00266177 0.002693 0.00249993 0.00235717 0.00239453 -0.00141112 -0.00180354 -0.00175434 -0.00196825 -0.0021924 -0.00216966 -0.00215625 -0.00208175 -0.00220308 -0.00221419 -0.00202425 -0.00208607 -0.00204792 -0.00198087 -0.00194814 -0.00200109 -0.00194289 -0.00195955 -0.0018537 -0.0017894 -0.00183433 -0.00184334 -0.00190375 -0.0018858 -0.00180027 -0.00174402 -0.00182684 -0.00183093 -0.00188787 -0.0018545 -0.00170207 -0.00171965 -0.0018102 -0.0018345 -0.00178083 -0.00177795 -0.00169449 -0.00181325 -0.00171312 -0.00171703 -0.00175379 -0.00164971 -0.00188925 -0.00176584 -0.00174108 -0.00171513 -0.00167037 -0.00166025 -0.00170961 -0.00170604 -0.00166248 -0.00178404 -0.00178886 -0.00173273 -0.00177524 -0.00169704 -0.00172333 -0.00169183 -0.00165202 -0.00162991 -0.00164592 -0.00176813 -0.00169991 -0.00169618 -0.00166553 -0.00168159 -0.001862 -0.00173957 -0.0017465 -0.00172013 -0.00173681 -0.0016008 -0.00162911 -0.00175768 -0.00177601 -0.00178885 -0.00175011 -0.00177901 -0.00187061 -0.00172923 -0.00176656 -0.00176296 -0.00172638 -0.00167583 
-0.0016343 -0.00171024 -0.00158235 -0.001627 -0.00148841 -0.00135207 0.0022368 0.00229165 0.00243101 0.00247107 0.00266177 0.136879 0.00277743 0.00271756 0.00250101 0.00252843 0.00245458 -0.00168836 -0.00170267 -0.00195739 -0.00212853 -0.00214919 -0.00226616 -0.00210334 -0.00226478 -0.00217589 -0.00218448 -0.0020771 -0.00202315 -0.00203046 -0.00206617 -0.00204687 -0.00197871 -0.00197459 -0.00193535 -0.00176537 -0.00189857 -0.00190517 -0.00200266 -0.00190639 -0.00190129 -0.00181914 -0.00187997 -0.00185273 -0.00186164 -0.00184738 -0.00176466 -0.0016533 -0.00176771 -0.0018789 -0.0017862 -0.00175639 -0.00179898 -0.00184266 -0.00173192 -0.00181961 -0.00174443 -0.0017806 -0.00178732 -0.00178772 -0.00177964 -0.00179402 -0.00172901 -0.00164051 -0.00181923 -0.00176331 -0.0017623 -0.00172895 -0.00173884 -0.00173129 -0.00178403 -0.00186506 -0.00177263 -0.00171764 -0.00175772 -0.0017271 -0.00167375 -0.00172787 -0.00178505 -0.00174593 -0.00172437 -0.00171823 -0.00178963 -0.00174756 -0.00175694 -0.00185537 -0.00175083 -0.00165067 -0.00157872 -0.00181714 -0.00171399 -0.00183454 -0.00186124 -0.001833 -0.00180978 -0.00186443 -0.00175661 -0.00181275 -0.00166399 -0.00167835 
-0.00174282 -0.00172548 -0.00170553 -0.00155056 -0.00142075 -0.00132775 -0.00130223 0.00221113 0.00235661 0.00231359 0.002693 0.00277743 0.135393 0.00267865 0.00262308 0.00254608 0.00249972 -0.00153485 -0.00160376 -0.00175396 -0.00209308 -0.00192644 -0.00206695 -0.00204039 -0.00218277 -0.00213467 -0.00202168 -0.00193392 -0.0019824 -0.00187542 -0.00194777 -0.00187785 -0.00188873 -0.00196377 -0.00177212 -0.00181439 -0.00199247 -0.00180935 -0.00186315 -0.00187402 -0.00167614 -0.00175911 -0.00182609 -0.00177494 -0.00185199 -0.00190433 -0.00175471 -0.00178395 -0.00165148 -0.00172207 -0.00166906 -0.00175601 -0.00172373 -0.00163678 -0.00162638 -0.00172408 -0.00165812 -0.00168866 -0.00173083 -0.00178724 -0.00176285 -0.00174479 -0.00167956 -0.00167612 -0.00170774 -0.00174432 -0.00176879 -0.00177994 -0.00168737 -0.00172435 -0.00171078 -0.00184353 -0.00170258 -0.00176173 -0.00165406 -0.00168323 -0.00166691 -0.00173835 -0.00173545 -0.00175249 -0.00177457 -0.00167211 -0.00167085 -0.0017495 -0.00175075 -0.00162073 -0.00172906 -0.00165736 -0.0015579 -0.00172719 -0.00174755 -0.00166849 -0.00167579 -0.00167084 -0.0017255 -0.00170641 -0.00177448 -0.00175718 -0.00181959 -0.00167637 
-0.00173341 -0.00185146 -0.00185211 -0.00168084 -0.00167982 -0.00164521 -0.00144376 -0.00148967 0.00231561 0.00227844 0.00249993 0.00271756 0.00267865 0.140509 0.00275832 0.00289014 0.00268613 0.00252982 0.00266464 -0.00173236 -0.00189483 -0.00190353 -0.00203181 -0.00207876 -0.00239242 -0.00232332 -0.00221251 -0.0021515 -0.00212645 -0.00205459 -0.002107 -0.0020494 -0.00202922 -0.00196872 -0.00190347 -0.0019349 -0.00198528 -0.00196405 -0.00196963 -0.00198173 -0.00188851 -0.00191833 -0.00188859 -0.00195687 -0.00197286 -0.00189741 -0.00204296 -0.00185001 -0.00176315 -0.0018825 -0.00191079 -0.00184242 -0.0018561 -0.00179699 -0.00187974 -0.00180307 -0.00180485 -0.00179517 -0.00192776 -0.00182515 -0.00186036 -0.00185577 -0.00180488 -0.0016749 -0.00187811 -0.00176821 -0.00179848 -0.00183926 -0.00182873 -0.00187718 -0.00178867 -0.00182906 -0.00179903 -0.00179947 -0.00170126 -0.00181081 -0.00176185 -0.00189543 -0.00186594 -0.00181749 -0.00186016 -0.0018454 -0.00184995 -0.00180483 -0.00188176 -0.00181089 -0.00187562 -0.0017467 -0.00175832 -0.00184999 -0.00180676 -0.00182104 -0.00179136 -0.00188765 -0.00184088 -0.00181855 -0.00186381 -0.00183312 -0.001805 -0.00184689 
-0.00183412 -0.00186788 -0.00184003 -0.00181011 -0.00191171 -0.00182289 -0.00177098 -0.00173796 -0.00157632 -0.00154662 0.00235717 0.00250101 0.00262308 0.00275832 0.140028 0.00305936 0.00289798 0.00272532 0.00277306 0.00250436 -0.00164113 -0.00168282 -0.00175253 -0.00203417 -0.00203593 -0.00222636 -0.00210228 -0.00207453 -0.00196201 -0.00204334 -0.0021319 -0.00195823 -0.00207704 -0.00192874 -0.00191896 -0.00180052 -0.00207533 -0.00187374 -0.00198232 -0.00194543 -0.00187621 -0.00177935 -0.00194918 -0.00187641 -0.00194573 -0.00186975 -0.00172604 -0.00181765 -0.00177491 -0.00186782 -0.00180754 -0.00171664 -0.00183485 -0.00179304 -0.00177231 -0.00180403 -0.00184514 -0.00184084 -0.00183895 -0.00185363 -0.00177223 -0.00181961 -0.00167325 -0.00163414 -0.001777 -0.00173258 -0.00184178 -0.00175523 -0.00177936 -0.00172512 -0.00184457 -0.00181247 -0.00182767 -0.00181523 -0.00175362 -0.00163276 -0.00167112 -0.00181528 -0.0018024 -0.00187008 -0.00182573 -0.00178803 -0.00177531 -0.00181228 -0.00184498 -0.00191878 -0.00179929 -0.00165613 -0.00173792 -0.00170016 -0.00175058 -0.00172948 -0.00176786 -0.0017769 -0.0016959 -0.00172988 -0.00173271 -0.0017693 -0.00171721 -0.00178783 
-0.00193227 -0.00184818 -0.00194361 -0.00185471 -0.00188417 -0.00181476 -0.00170622 -0.00168488 -0.00166046 -0.00148174 0.00239453 0.00252843 0.00254608 0.00289014 0.00305936 0.141232 0.00303583 0.00269729 0.00277647 0.0026186 -0.00168707 -0.00164497 -0.00176095 -0.00185182 -0.00218299 -0.00214727 -0.00207957 -0.00212348 -0.00214368 -0.00212518 -0.00213555 -0.00211533 -0.00206996 -0.00205119 -0.00184817 -0.001892 -0.00198263 -0.00197 -0.00202059 -0.00193776 -0.00184844 -0.00185608 -0.00199335 -0.00180713 -0.00180981 -0.00182974 -0.00188251 -0.00188099 -0.00187876 -0.00185258 -0.00187317 -0.0017516 -0.00170858 -0.00180472 -0.00177832 -0.00174641 -0.00175982 -0.00179096 -0.00175214 -0.00175723 -0.00185985 -0.00182616 -0.00166657 -0.00166859 -0.00174765 -0.00189394 -0.00176228 -0.00181746 -0.00191885 -0.00184751 -0.0018318 -0.00175746 -0.00180923 -0.00181236 -0.00172767 -0.00173361 -0.00167184 -0.0017743 -0.00188615 -0.00184586 -0.00187861 -0.00178945 -0.00181014 -0.00188552 -0.00187474 -0.0018182 -0.00180444 -0.00176962 -0.00168292 -0.00174354 -0.00180216 -0.00176297 -0.00174818 -0.00183137 -0.00176433 -0.00173341 -0.00186549 -0.00180975 -0.00180501 -0.00179595 
-0.00187881 -0.00193097 -0.00192179 -0.00195554 -0.00197532 -0.00208404 -0.00197908 -0.00190706 -0.00185636 -0.00167608 -0.00141112 0.00245458 0.00249972 0.00268613 0.00289798 0.00303583 0.146119 0.00308679 0.00298616 0.00304225 0.00263707 0.00261321 -0.00155116 -0.00182703 -0.00201105 -0.00213459 -0.00216841 -0.00203195 -0.00219471 -0.00225739 -0.00221868 -0.00221318 -0.0021799 -0.0021719 -0.00206308 -0.00210677 -0.00215869 -0.00217948 -0.00205353 -0.00209534 -0.00202155 -0.00206097 -0.00209808 -0.00205492 -0.00203898 -0.00204905 -0.00198012 -0.00195307 -0.00195439 -0.00192053 -0.00197049 -0.00177758 -0.00190752 -0.00191462 -0.00179615 -0.00195781 -0.00192499 -0.00189364 -0.00189017 -0.00191803 -0.00188363 -0.00195528 -0.00182982 -0.00178523 -0.00197052 -0.0019216 -0.00186988 -0.0019258 -0.00195776 -0.00196864 -0.00194631 -0.00197671 -0.00192899 -0.00185276 -0.00172104 -0.00185401 -0.00188455 -0.00191027 -0.00197804 -0.00172668 -0.00193406 -0.00189424 -0.00191592 -0.00192546 -0.00200178 -0.00193669 -0.00189976 -0.00187818 -0.00192279 -0.0018982 -0.00198878 -0.0020172 -0.00193753 -0.00192788 -0.00186543 -0.00207694 -0.00201892 -0.00201849 -0.00199639 -0.00188141 
-0.00186486 -0.00191933 -0.00188782 -0.00191902 -0.00187739 -0.00194206 -0.00210283 -0.0020995 -0.0020108 -0.00191893 -0.00180354 -0.00168836 -0.00153485 0.00252982 0.00272532 0.00269729 0.00308679 0.144628 0.0032633 0.00314341 0.00274662 0.00276948 0.00275554 -0.00166449 -0.0017256 -0.00191431 -0.0021238 -0.00215112 -0.00213052 -0.00204424 -0.00225392 -0.00217539 -0.00209799 -0.00214384 -0.00195791 -0.00193013 -0.00200784 -0.00201353 -0.0020519 -0.00205472 -0.00186281 -0.00194039 -0.00206258 -0.00197932 -0.00204526 -0.00189461 -0.00190496 -0.00187167 -0.00194766 -0.00190727 -0.00194265 -0.00176677 -0.00189985 -0.00187522 -0.00183369 -0.00188176 -0.0017959 -0.00186934 -0.00178997 -0.00189194 -0.00177063 -0.00193151 -0.00174106 -0.00176699 -0.00180618 -0.00181354 -0.00186904 -0.00181784 -0.00187463 -0.00178501 -0.00185331 -0.00189496 -0.00185904 -0.00189157 -0.0017904 -0.00169619 -0.00182896 -0.00182786 -0.00180903 -0.00180789 -0.00173994 -0.00178802 -0.00183812 -0.00189193 -0.00178091 -0.00183255 -0.00191857 -0.00176413 -0.00171242 -0.00186525 -0.00180887 -0.0018827 -0.00191279 -0.00186381 -0.0018706 -0.00192555 -0.00195942 -0.00188076 -0.00191419 -0.00178493 
-0.00186223 -0.00190233 -0.00199891 -0.00191649 -0.0018583 -0.00197439 -0.00204394 -0.00201204 -0.00189138 -0.00186862 -0.00175434 -0.00170267 -0.00160376 0.00266464 0.00277306 0.00277647 0.00298616 0.0032633 0.145637 0.00315314 0.00279341 0.00282111 0.00263843 -0.00164975 -0.00176232 -0.00190832 -0.00205037 -0.00213868 -0.0021643 -0.00216331 -0.00217523 -0.00212372 -0.00215625 -0.00214417 -0.00195254 -0.00185265 -0.00203363 -0.00215265 -0.00201891 -0.00207704 -0.00191935 -0.00196038 -0.00199893 -0.00196494 -0.00201127 -0.00196792 -0.00184592 -0.0019215 -0.0018189 -0.00195104 -0.00186045 -0.00176847 -0.00185687 -0.00192065 -0.00188354 -0.0018756 -0.001806 -0.00187109 -0.00190672 -0.00186677 -0.00185596 -0.0018408 -0.00178706 -0.00176994 -0.00177285 -0.001833 -0.00182544 -0.00188843 -0.00192762 -0.00189139 -0.00188623 -0.00194529 -0.00188322 -0.0019119 -0.00179928 -0.00176452 -0.00186232 -0.00176664 -0.0018482 -0.00195855 -0.00189377 -0.00199369 -0.00182942 -0.00194799 -0.00184561 -0.00186085 -0.00194874 -0.00181802 -0.00175473 -0.00181822 -0.00183331 -0.00192583 -0.00185172 -0.00193682 -0.00186314 -0.00190513 -0.00199506 -0.00186757 -0.00186412 -0.00184506 
-0.00196455 -0.00199836 -0.00206887 -0.00194652 -0.00201051 -0.00223204 -0.00214949 -0.00219529 -0.00213235 -0.00206526 -0.00196825 -0.00195739 -0.00175396 -0.00173236 0.00250436 0.0026186 0.00304225 0.00314341 0.00315314 0.149534 0.0032375 0.00319295 0.00300984 0.00272741 0.00259618 -0.00166575 -0.00184045 -0.00201041 -0.00219189 -0.00204941 -0.00225133 -0.00217544 -0.00222429 -0.00212683 -0.00220261 -0.00207026 -0.00217153 -0.00209584 -0.00217065 -0.00211221 -0.00203232 -0.00208442 -0.00208986 -0.0020845 -0.00206778 -0.00214052 -0.00195576 -0.00193732 -0.0020149 -0.00204632 -0.00209641 -0.00198615 -0.0018963 -0.00192136 -0.00205285 -0.00193977 -0.0019709 -0.00195144 -0.00202739 -0.00196308 -0.00189663 -0.00199233 -0.00185636 -0.00192705 -0.00202617 -0.00190343 -0.00200178 -0.00196503 -0.00205373 -0.00201171 -0.00199416 -0.00203077 -0.0020374 -0.00192272 -0.0019811 -0.0018685 -0.00189698 -0.00191373 -0.00198603 -0.00193961 -0.00202224 -0.00197393 -0.00195757 -0.00195903 -0.00203766 -0.00202599 -0.00210771 -0.00198248 -0.00191292 -0.00204758 -0.00198743 -0.00195076 -0.0020308 -0.00198743 -0.00200322 -0.00195046 -0.00199819 -0.00197999 -0.00196707 -0.00187877 
-0.00192049 -0.00198904 -0.00192718 -0.00189673 -0.00193323 -0.00205915 -0.00204724 -0.00205194 -0.00210437 -0.00205612 -0.0021924 -0.00212853 -0.00209308 -0.00189483 -0.00164113 -0.00168707 0.00263707 0.00274662 0.00279341 0.0032375 0.146676 0.00323571 0.00323473 0.00290214 0.00269955 0.00263086 -0.00165588 -0.00189797 -0.00191558 -0.00192733 -0.00207469 -0.0021904 -0.00226634 -0.00211452 -0.00195379 -0.00202971 -0.00207374 -0.0019987 -0.00199465 -0.00198401 -0.00188799 -0.00196165 -0.00200659 -0.00193484 -0.00198919 -0.00205922 -0.00186804 -0.00190279 -0.00192857 -0.00183169 -0.00194565 -0.00187283 -0.00191929 -0.00188686 -0.001829 -0.00187315 -0.00193285 -0.00178759 -0.00188739 -0.00194535 -0.00179808 -0.0018805 -0.00178396 -0.00179841 -0.00192726 -0.00182919 -0.00181874 -0.00190992 -0.00196077 -0.00196371 -0.00183211 -0.00189159 -0.00191358 -0.00182499 -0.00179713 -0.00181351 -0.00187091 -0.00195186 -0.00185894 -0.00202956 -0.00185601 -0.00192913 -0.00188724 -0.00183428 -0.00186627 -0.00183164 -0.00196231 -0.00178894 -0.00175591 -0.00182326 -0.00192312 -0.00189127 -0.00183698 -0.00188614 -0.001871 -0.00185863 -0.00186669 -0.0019656 -0.00189386 -0.00186001 
-0.00193964 -0.00186493 -0.00194797 -0.00187436 -0.00193958 -0.00211669 -0.00211682 -0.00214962 -0.00218235 -0.00204432 -0.00216966 -0.00214919 -0.00192644 -0.00190353 -0.00168282 -0.00164497 0.00261321 0.00276948 0.00282111 0.00319295 0.00323571 0.146405 0.00320588 0.00279913 0.00268941 0.00262219 -0.00170524 -0.00175646 -0.00172977 -0.00178467 -0.00214565 -0.00206818 -0.0020653 -0.00209313 -0.00199343 -0.00198691 -0.00197059 -0.0020307 -0.00204131 -0.00199558 -0.00182766 -0.00195459 -0.00206519 -0.00202871 -0.00204881 -0.00208456 -0.00185225 -0.00187053 -0.0017995 -0.001908 -0.00183076 -0.001843 -0.00185304 -0.00190962 -0.00188227 -0.0019434 -0.0018763 -0.00189865 -0.00192986 -0.00193828 -0.00180769 -0.00195254 -0.00182055 -0.00188427 -0.0019999 -0.00183294 -0.00189804 -0.00184916 -0.00197726 -0.00186042 -0.00185845 -0.0018982 -0.00192432 -0.00189907 -0.00173708 -0.00173652 -0.00189179 -0.00180855 -0.00183812 -0.00187243 -0.00194278 -0.00195867 -0.00186502 -0.00184105 -0.00196482 -0.00192587 -0.00186572 -0.00177581 -0.0017959 -0.00175724 -0.0019276 -0.00189679 -0.00185791 -0.00187283 -0.00188709 -0.00186954 -0.00182285 -0.00196917 -0.00196476 -0.00188084 
-0.00194236 -0.00190305 -0.00196742 -0.00194036 -0.00194314 -0.00201714 -0.00211523 -0.00208357 -0.00214003 -0.00207813 -0.00215625 -0.00226616 -0.00206695 -0.00203181 -0.00175253 -0.00176095 -0.00155116 0.00275554 0.00263843 0.00300984 0.00323473 0.00320588 0.145634 0.0029185 0.00282905 0.00274694 0.0023615 -0.00163953 -0.00176941 -0.00174748 -0.00189963 -0.00192895 -0.00202198 -0.00211591 -0.00194113 -0.00191514 -0.00209307 -0.00211891 -0.00200259 -0.00196392 -0.00196785 -0.00191 -0.00196572 -0.00205504 -0.00199531 -0.00197444 -0.00183197 -0.00177766 -0.00189679 -0.00189147 -0.0018836 -0.00190451 -0.00197176 -0.00192031 -0.00184961 -0.00185174 -0.0018644 -0.00183972 -0.00187666 -0.00175261 -0.00184325 -0.0019726 -0.00179395 -0.00184632 -0.00187334 -0.00183325 -0.0018741 -0.00195873 -0.00187111 -0.00186673 -0.0018575 -0.0018721 -0.00192782 -0.00186449 -0.00170156 -0.0018061 -0.00176643 -0.00181882 -0.00194656 -0.00188629 -0.00190462 -0.00188539 -0.00188127 -0.00186698 -0.00193464 -0.00185174 -0.00189605 -0.00178818 -0.00167811 -0.00188253 -0.00191409 -0.00177242 -0.0019165 -0.00186946 -0.00189424 -0.00186717 -0.00187329 -0.00194732 -0.00187041 -0.00180355 
-0.00171084 -0.0018232 -0.00188788 -0.00180857 -0.0018062 -0.00198928 -0.00208136 -0.002062 -0.00206663 -0.00195851 -0.00208175 -0.00210334 -0.00204039 -0.00207876 -0.00203417 -0.00185182 -0.00182703 -0.00166449 -0.00164975 0.00272741 0.00290214 0.00279913 0.0029185 0.141217 0.00291523 0.0028583 0.00252856 0.00234629 -0.00147239 -0.00136783 -0.0016449 -0.00170991 -0.00192523 -0.00190167 -0.00183586 -0.00180422 -0.00184948 -0.00178068 -0.00181126 -0.00195387 -0.00182021 -0.00177303 -0.00192323 -0.00185796 -0.00184956 -0.00179007 -0.00180628 -0.00182695 -0.00184712 -0.00173188 -0.00176851 -0.00176839 -0.00182446 -0.00179476 -0.00187083 -0.00172121 -0.00178119 -0.00176208 -0.0017456 -0.00179951 -0.00170515 -0.00171346 -0.00165098 -0.00170319 -0.00172473 -0.00172329 -0.0016974 -0.0017802 -0.00186523 -0.00166855 -0.00169096 -0.00170134 -0.0017194 -0.00177442 -0.00172491 -0.00170922 -0.00176858 -0.00178488 -0.00177532 -0.00175886 -0.0018043 -0.00186878 -0.00174234 -0.00178029 -0.00172865 -0.00163908 -0.00182063 -0.00169425 -0.00169909 -0.00180469 -0.00170174 -0.00179475 -0.00173317 -0.00175989 -0.00168243 -0.00176186 -0.00168432 -0.00168885 -0.00177863 -0.00175873 
-0.00191033 -0.00198275 -0.00195444 -0.00198446 -0.00180386 -0.00208692 -0.00219315 -0.00210933 -0.00222654 -0.00208418 -0.00220308 -0.00226478 -0.00218277 -0.00239242 -0.00203593 -0.00218299 -0.00201105 -0.0017256 -0.00176232 0.00259618 0.00269955 0.00268941 0.00282905 0.00291523 0.145952 0.00324416 0.00268293 0.0026675 0.00244536 0.00234345 -0.00150718 -0.00156502 -0.00177778 -0.00174146 -0.00191599 -0.00204174 -0.00210835 -0.00201248 -0.00196228 -0.00211711 -0.00200603 -0.00200552 -0.00203201 -0.00205843 -0.00203507 -0.00206006 -0.00207433 -0.00195508 -0.00195725 -0.00197558 -0.00199556 -0.00190784 -0.00201534 -0.00185846 -0.00191281 -0.00187523 -0.00197883 -0.00174035 -0.00194192 -0.00191102 -0.00182732 -0.00190736 -0.00185263 -0.00187203 -0.00194255 -0.00196901 -0.00191566 -0.00191036 -0.00198669 -0.00199538 -0.00193003 -0.00192715 -0.00202026 -0.00185642 -0.00186239 -0.00183584 -0.00183739 -0.0019781 -0.00189222 -0.0018765 -0.00193402 -0.00187914 -0.00193349 -0.00183345 -0.00195006 -0.00192963 -0.00190503 -0.00174889 -0.00175515 -0.00184925 -0.00196666 -0.00196616 -0.00190184 -0.00190224 -0.00187172 -0.00194356 -0.00186014 -0.00185259 -0.00197809 -0.00176507 
-0.00187804 -0.00195745 -0.00189442 -0.00203161 -0.00199506 -0.00210533 -0.00211209 -0.00219486 -0.00214781 -0.00216074 -0.00221419 -0.00217589 -0.00213467 -0.00232332 -0.00222636 -0.00214727 -0.00213459 -0.00191431 -0.00190832 -0.00166575 0.00263086 0.00262219 0.00274694 0.0028583 0.00324416 0.143942 0.00280105 0.00269663 0.00252555 0.00245189 0.00226698 -0.00159265 -0.00168184 -0.00174203 -0.00189538 -0.00172516 -0.00204587 -0.00202546 -0.0020783 -0.0020159 -0.00193989 -0.00203426 -0.00200301 -0.00201022 -0.00202671 -0.00192748 -0.0019336 -0.00189016 -0.00187954 -0.0018816 -0.00196186 -0.00190247 -0.00180826 -0.0018803 -0.00191675 -0.00188954 -0.00191706 -0.00188536 -0.00173943 -0.00181806 -0.00185544 -0.00182814 -0.00183879 -0.00194628 -0.00179231 -0.00192999 -0.00185159 -0.00186786 -0.00190852 -0.0018838 -0.00192537 -0.00187591 -0.00185783 -0.00185201 -0.00173646 -0.00185381 -0.00172192 -0.00188298 -0.00182483 -0.00182517 -0.00184364 -0.00187619 -0.00188416 -0.00188923 -0.00180594 -0.00186881 -0.00191491 -0.00174783 -0.00180786 -0.00190655 -0.00185649 -0.00183571 -0.00187657 -0.00189452 -0.00196037 -0.00190617 -0.00187653 -0.00182909 -0.00193515 -0.00184192 
-0.00170435 -0.00174189 -0.0017924 -0.00185468 -0.00185002 -0.00195473 -0.00193193 -0.00197382 -0.00200779 -0.00194977 -0.00202425 -0.00218448 -0.00202168 -0.00221251 -0.00210228 -0.00207957 -0.00216841 -0.0021238 -0.00205037 -0.00184045 -0.00165588 -0.00170524 0.0023615 0.00252856 0.00268293 0.00280105 0.139083 0.00269213 0.00264741 0.00259757 0.00240268 0.00228344 -0.00136872 -0.00157161 -0.00156129 -0.00159252 -0.00174677 -0.00181953 -0.00189797 -0.00190534 -0.00177593 -0.00185134 -0.00178609 -0.00190603 -0.00197555 -0.00184737 -0.00172721 -0.00180288 -0.0017141 -0.00179275 -0.00175588 -0.00182612 -0.00176586 -0.00180833 -0.00178104 -0.00177347 -0.0017632 -0.0017442 -0.00178256 -0.00179961 -0.00178546 -0.00173649 -0.00164721 -0.00178163 -0.00186883 -0.00170088 -0.00177206 -0.00181126 -0.00173879 -0.00173251 -0.00171876 -0.00170543 -0.00185968 -0.00170223 -0.00171991 -0.00175436 -0.00159875 -0.00178894 -0.00179215 -0.00173921 -0.00165741 -0.00173105 -0.00169767 -0.00177267 -0.00170889 -0.00176775 -0.00173618 -0.00171355 -0.00169191 -0.00179458 -0.00175638 -0.00171989 -0.00174155 -0.00175004 -0.00169967 -0.00183147 -0.00166855 -0.00181868 -0.00178745 -0.00170719 
-0.0017796 -0.00175171 -0.00177014 -0.00183314 -0.00168091 -0.00188721 -0.00196775 -0.0019294 -0.00200912 -0.00189791 -0.00208607 -0.0020771 -0.00193392 -0.0021515 -0.00207453 -0.00212348 -0.00203195 -0.00215112 -0.00213868 -0.00201041 -0.00189797 -0.00175646 -0.00163953 0.00234629 0.0026675 0.00269663 0.00269213 0.137248 0.00270438 0.00265384 0.00262179 0.00227257 0.00227755 -0.00122871 -0.00146112 -0.00145381 -0.00174687 -0.00176898 -0.00181605 -0.00193944 -0.00183037 -0.00185822 -0.0018789 -0.00190944 -0.00180206 -0.0018334 -0.0017589 -0.00175246 -0.0017139 -0.00177039 -0.00167549 -0.00177952 -0.00179524 -0.00170631 -0.00175381 -0.00172553 -0.00169798 -0.00177022 -0.00169032 -0.00163946 -0.00173758 -0.00172102 -0.00176509 -0.00177997 -0.0017243 -0.00173975 -0.0017758 -0.00162279 -0.00178263 -0.00178003 -0.00176459 -0.00182023 -0.00169659 -0.00175198 -0.00159398 -0.00164314 -0.00167444 -0.00174516 -0.00166992 -0.00169421 -0.00175661 -0.00165308 -0.00170241 -0.00172094 -0.00167457 -0.00170078 -0.00173674 -0.00154905 -0.0017185 -0.0017287 -0.0017611 -0.00173317 -0.00177463 -0.00169597 -0.00176485 -0.00174142 -0.00175541 -0.00175334 -0.00177719 -0.00166211 
-0.0017853 -0.00176071 -0.00174162 -0.00178892 -0.0018405 -0.00189946 -0.00186077 -0.00193608 -0.00190877 -0.00192577 -0.00204792 -0.00202315 -0.0019824 -0.00212645 -0.00196201 -0.00214368 -0.00219471 -0.00213052 -0.0021643 -0.00219189 -0.00191558 -0.00172977 -0.00176941 -0.00147239 0.00244536 0.00252555 0.00264741 0.00270438 0.135391 0.00276417 0.00268909 0.00258941 0.00244767 0.00226628 -0.00135244 -0.00138749 -0.00148875 -0.0016298 -0.00170054 -0.00175567 -0.00176243 -0.00175069 -0.00178666 -0.001825 -0.00187135 -0.00182754 -0.00176636 -0.00163641 -0.00172897 -0.00170879 -0.0016883 -0.00168947 -0.00176523 -0.00170194 -0.0017396 -0.00172329 -0.00182796 -0.00168026 -0.00169458 -0.00173696 -0.00165281 -0.00164464 -0.00172508 -0.00158955 -0.00166507 -0.00175794 -0.00167251 -0.00169239 -0.00174298 -0.00179742 -0.00173762 -0.00171977 -0.00168043 -0.00175256 -0.00161205 -0.00162999 -0.00155191 -0.00180667 -0.00170216 -0.00177039 -0.00180613 -0.0018029 -0.00173172 -0.00178906 -0.0016973 -0.00181573 -0.00164435 -0.00167693 -0.00158432 -0.00167025 -0.00166316 -0.00160716 -0.00167933 -0.00163051 -0.00174627 -0.0016824 -0.00166864 -0.00177078 -0.00174997 -0.00162071 
-0.00174672 -0.00167608 -0.00177221 -0.00181905 -0.00180357 -0.00185977 -0.00180019 -0.00185735 -0.00198056 -0.00188139 -0.00198087 -0.00203046 -0.00187542 -0.00205459 -0.00204334 -0.00212518 -0.00225739 -0.00204424 -0.00216331 -0.00204941 -0.00192733 -0.00178467 -0.00174748 -0.00136783 0.00234345 0.00245189 0.00259757 0.00265384 0.00276417 0.134033 0.00247644 0.00255658 0.00239897 0.00225353 -0.0013007 -0.00139168 -0.00153847 -0.00160361 -0.00176207 -0.00176719 -0.00173138 -0.00167341 -0.00174515 -0.00179704 -0.00184496 -0.00177104 -0.00174481 -0.00188307 -0.00168409 -0.00179409 -0.00162822 -0.00170597 -0.00170759 -0.00166772 -0.00170135 -0.0016605 -0.00158606 -0.00170033 -0.00170507 -0.00169747 -0.0017016 -0.00168876 -0.00170957 -0.00164628 -0.00165189 -0.00161404 -0.0016664 -0.00173563 -0.00170576 -0.00177639 -0.00174061 -0.00172677 -0.00171555 -0.00170616 -0.00164211 -0.0015759 -0.00159167 -0.00171669 -0.00161857 -0.00158737 -0.00170346 -0.00165059 -0.00167306 -0.00163252 -0.00167662 -0.00171451 -0.00173985 -0.00155035 -0.00166767 -0.00172937 -0.00167462 -0.00166432 -0.00174042 -0.001715 -0.0016601 -0.00163086 -0.00169852 -0.00170199 -0.00172875 -0.00161755 
-0.00178089 -0.00175036 -0.00172811 -0.00186806 -0.00178414 -0.00193087 -0.00193013 -0.00188191 -0.00200506 -0.00194053 -0.00194814 -0.00206617 -0.00194777 -0.002107 -0.0021319 -0.00213555 -0.00221868 -0.00225392 -0.00217523 -0.00225133 -0.00207469 -0.00214565 -0.00189963 -0.0016449 -0.00150718 0.00226698 0.00240268 0.00262179 0.00268909 0.00247644 0.134366 0.00262048 0.0024915 0.00239709 0.0021739 0.00209258 -0.00135078 -0.00137011 -0.00143792 -0.00156623 -0.00174476 -0.00172976 -0.00183613 -0.00182548 -0.00177272 -0.00178579 -0.00181291 -0.0017795 -0.00178645 -0.00173885 -0.00181724 -0.00177741 -0.00173978 -0.00182601 -0.00168557 -0.00164022 -0.00172101 -0.00177173 -0.00172734 -0.00162151 -0.0017217 -0.00170903 -0.00165675 -0.00166968 -0.00175154 -0.00177301 -0.00173072 -0.0017211 -0.00174172 -0.00173336 -0.0018014 -0.00169213 -0.00171959 -0.00167128 -0.00156696 -0.00162204 -0.0016633 -0.00173766 -0.00174399 -0.00178681 -0.00166223 -0.00179797 -0.00173175 -0.00174346 -0.00172282 -0.00164034 -0.00172582 -0.00172388 -0.00173361 -0.001729 -0.00171153 -0.00174994 -0.00173658 -0.00170808 -0.00174848 -0.00171079 -0.00175019 -0.00170443 -0.0016878 -0.00169257 
-0.00171573 -0.00170833 -0.0017224 -0.00178906 -0.00176055 -0.00186762 -0.00187109 -0.00185073 -0.00187623 -0.00175557 -0.00200109 -0.00204687 -0.00187785 -0.0020494 -0.00195823 -0.00211533 -0.00221318 -0.00217539 -0.00212372 -0.00217544 -0.0021904 -0.00206818 -0.00192895 -0.00170991 -0.00156502 -0.00159265 0.00228344 0.00227257 0.00258941 0.00255658 0.00262048 0.132726 0.00262774 0.00247606 0.00218769 0.00229349 0.00213119 -0.00134885 -0.00138196 -0.00145886 -0.00169789 -0.00171446 -0.00182838 -0.00177406 -0.00181608 -0.00177717 -0.00171573 -0.00174874 -0.00169964 -0.00176109 -0.00175226 -0.00169242 -0.00173533 -0.00166027 -0.00168452 -0.00173818 -0.0017799 -0.0018073 -0.00168232 -0.00173745 -0.00168085 -0.00181477 -0.00168559 -0.00158256 -0.00168799 -0.0017289 -0.00174515 -0.00174195 -0.00165416 -0.00172149 -0.00168132 -0.00172103 -0.00171595 -0.00177127 -0.0016618 -0.00165699 -0.00166346 -0.00174923 -0.00179933 -0.00172447 -0.00177129 -0.00172827 -0.00169754 -0.00172626 -0.00164457 -0.00166865 -0.0017139 -0.0016481 -0.0016249 -0.00176903 -0.00168436 -0.00182536 -0.00167114 -0.001691 -0.00169973 -0.00169065 -0.00166055 -0.00171561 -0.00165937 -0.00158394 
-0.00175308 -0.00171551 -0.00168229 -0.00175466 -0.00163901 -0.00183785 -0.00188479 -0.00182623 -0.00193448 -0.00177805 -0.00194289 -0.00197871 -0.00188873 -0.00202922 -0.00207704 -0.00206996 -0.0021799 -0.00209799 -0.00215625 -0.00222429 -0.00226634 -0.0020653 -0.00202198 -0.00192523 -0.00177778 -0.00168184 -0.00136872 0.00227755 0.00244767 0.00239897 0.0024915 0.00262774 0.131454 0.00255572 0.00238285 0.00231585 0.0022191 0.00206474 -0.00130218 -0.00133083 -0.00149096 -0.00152007 -0.00167128 -0.00165076 -0.00175801 -0.0018087 -0.00176042 -0.00172674 -0.0016152 -0.00165999 -0.00165983 -0.00172446 -0.00164311 -0.00173779 -0.00177562 -0.00163856 -0.00176058 -0.00168767 -0.00177273 -0.00168685 -0.00168315 -0.00165358 -0.00156103 -0.00163823 -0.00160271 -0.00167712 -0.00175276 -0.00169844 -0.00174261 -0.00173101 -0.00168057 -0.00165112 -0.00166919 -0.00168037 -0.00159794 -0.00159486 -0.00162044 -0.0017415 -0.00169803 -0.00163967 -0.00173355 -0.0017514 -0.00173864 -0.00170662 -0.00174463 -0.00172846 -0.00171167 -0.0015556 -0.00167292 -0.00161992 -0.00169519 -0.00169385 -0.00170646 -0.00173534 -0.00171675 -0.0017294 -0.00179294 -0.00164974 -0.00172428 -0.00157352 
