0.122779 0.00229991 0.00213348 0.00202879 0.00207009 0.00206493 -0.00112364 -0.00130551 -0.0013618 -0.00141444 -0.00158769 -0.00178374 -0.00167276 -0.00194747 -0.00178952 -0.00195217 -0.001993 -0.00181304 -0.00185183 -0.00193721 -0.00192365 -0.00192909 -0.0019563 -0.00180426 -0.00196435 -0.00188331 -0.0017437 -0.0018967 -0.00174236 -0.0016942 -0.00171071 -0.00165684 -0.00156841 -0.00168577 -0.00159608 -0.00158685 -0.0016259 -0.00159729 -0.00166047 -0.00161681 -0.00155972 -0.00157863 -0.00154555 -0.0016701 -0.00158545 -0.00156088 -0.00150211 -0.00150953 -0.00152453 -0.00148995 -0.001434 -0.00151517 -0.0014974 -0.0014415 -0.00149988 -0.00150335 -0.00150668 -0.00149203 -0.0015042 -0.00151209 -0.00149722 -0.00147755 -0.00143542 -0.0014594 -0.00154861 -0.00151967 -0.00148203 -0.00153622 -0.00157883 -0.00156098 -0.00154084 -0.00146474 -0.00148065 -0.00150823 -0.00148634 -0.00146539 -0.00142567 -0.00152233 -0.00151117 -0.00143356 -0.00153857 -0.00151273 -0.00149589 -0.00149552 -0.00146435 -0.00153795 -0.00154176 -0.00144604 -0.00148448 -0.00143852 -0.00145343 -0.00136226 -0.00138395 -0.00116495 -0.00119281 -0.00115577 0.00184394 0.00204956 0.00203571 0.0021081 
0.00229991 0.12362 0.00236149 0.00221551 0.00218421 0.00216756 0.00197621 -0.00120745 -0.00123182 -0.00129871 -0.00150576 -0.00161336 -0.00170063 -0.00185335 -0.00185022 -0.00190811 -0.002049 -0.00199197 -0.00199659 -0.00203327 -0.00190965 -0.00197896 -0.00194693 -0.00188976 -0.00192713 -0.00194116 -0.00169246 -0.00175248 -0.00181648 -0.00169431 -0.0017733 -0.00170843 -0.00178136 -0.00175396 -0.00159288 -0.00159418 -0.00156306 -0.00159082 -0.00161565 -0.00162576 -0.00154011 -0.00158172 -0.00155704 -0.0016999 -0.00166357 -0.0015572 -0.00159468 -0.00149136 -0.0015629 -0.00161197 -0.00151022 -0.00158418 -0.0015538 -0.00147383 -0.00148189 -0.00161177 -0.00147744 -0.00156259 -0.00153115 -0.0015504 -0.00156236 -0.00150612 -0.00143543 -0.00141726 -0.00152322 -0.00153187 -0.00148387 -0.0015655 -0.00150864 -0.00150979 -0.00148777 -0.0015206 -0.00146274 -0.00154047 -0.0014955 -0.00140367 -0.0014907 -0.00142739 -0.00150524 -0.00151433 -0.00146385 -0.00156992 -0.00150728 -0.00147863 -0.00155066 -0.00149008 -0.00149355 -0.00148015 -0.00139903 -0.00158545 -0.00142954 -0.00139692 -0.00140071 -0.0013412 -0.00136492 -0.00125467 -0.00115104 0.00188772 0.00204593 0.00207808 
0.00213348 0.00236149 0.123805 0.0022998 0.0021715 0.00222668 0.00214176 0.00204996 -0.00123893 -0.00117004 -0.00140425 -0.00156252 -0.00162814 -0.00188986 -0.00181669 -0.00189606 -0.00203919 -0.00183267 -0.00191337 -0.00197947 -0.001906 -0.00185968 -0.00193727 -0.0018588 -0.00195584 -0.00190077 -0.00183585 -0.00178 -0.00180503 -0.00175241 -0.00178574 -0.00184195 -0.00163308 -0.00165604 -0.00156854 -0.00159368 -0.00166522 -0.00165071 -0.00163006 -0.00170589 -0.0016011 -0.00163386 -0.00162184 -0.00161792 -0.0016599 -0.00160097 -0.00157154 -0.00154177 -0.00152177 -0.00154428 -0.00146884 -0.00162872 -0.00149615 -0.00161923 -0.00155173 -0.00152502 -0.00148875 -0.00150294 -0.00153341 -0.00148725 -0.00156827 -0.00147028 -0.0014351 -0.00146406 -0.00158995 -0.00151323 -0.00149965 -0.00155277 -0.00154966 -0.00147736 -0.00151876 -0.00150252 -0.00154982 -0.00157076 -0.00145493 -0.00141199 -0.00150671 -0.00154014 -0.00155991 -0.00143776 -0.00148829 -0.00148846 -0.00153277 -0.00155103 -0.00148221 -0.00144119 -0.00146784 -0.00150071 -0.00149367 -0.00153842 -0.00151659 -0.00142276 -0.00149609 -0.00142498 -0.00142175 -0.0013245 -0.00119914 -0.00119492 0.00184445 0.00203547 
0.00202879 0.00221551 0.0022998 0.124349 0.0022893 0.0023202 0.00233474 0.00220241 0.00205392 -0.0011358 -0.00126965 -0.00141367 -0.00150736 -0.00178974 -0.00191498 -0.00177676 -0.00204142 -0.0019954 -0.00193086 -0.00205084 -0.00194729 -0.00197897 -0.00188313 -0.00198695 -0.00202689 -0.00196099 -0.00186657 -0.00171241 -0.00168248 -0.00183539 -0.0018743 -0.00183236 -0.00168641 -0.00176619 -0.00163384 -0.00163242 -0.00167419 -0.00168135 -0.00174182 -0.00173142 -0.00161059 -0.00155985 -0.00163357 -0.00167064 -0.00165092 -0.00164958 -0.00145408 -0.00146489 -0.00152944 -0.0015414 -0.00157283 -0.00157848 -0.00148158 -0.00150624 -0.00148192 -0.00148708 -0.00146172 -0.00150797 -0.00149616 -0.00150943 -0.00153957 -0.00148396 -0.00148387 -0.00143335 -0.00157903 -0.00154674 -0.00147574 -0.00158384 -0.00156524 -0.00154384 -0.0015322 -0.00154492 -0.00146969 -0.00146931 -0.00146865 -0.00143626 -0.00151075 -0.00154326 -0.00156076 -0.00153037 -0.00150004 -0.00155433 -0.00154229 -0.00154677 -0.00154475 -0.00146108 -0.00144183 -0.00147163 -0.00150388 -0.00145183 -0.00151209 -0.00153185 -0.00157712 -0.00149707 -0.00151269 -0.00146117 -0.00134721 -0.0012741 -0.00116726 0.00191698 
0.00207009 0.00218421 0.0021715 0.0022893 0.124581 0.0024889 0.00235596 0.00225579 0.00213177 0.00203607 -0.00124769 -0.00137074 -0.00139152 -0.00161424 -0.00182998 -0.00181796 -0.00199041 -0.00196156 -0.00188606 -0.00204585 -0.00199845 -0.00188773 -0.00193998 -0.00171561 -0.00195783 -0.00196747 -0.00182733 -0.00182759 -0.00181767 -0.00177408 -0.00185385 -0.00182753 -0.00167827 -0.0017959 -0.00164715 -0.00160378 -0.001663 -0.00161907 -0.00169156 -0.00174087 -0.00158307 -0.00163735 -0.00164172 -0.00161678 -0.00160469 -0.00162924 -0.00152208 -0.0015395 -0.00151837 -0.00150053 -0.00152824 -0.00152864 -0.00147104 -0.00153243 -0.00159986 -0.00158006 -0.00156095 -0.00156293 -0.00145145 -0.0015642 -0.00155998 -0.00151674 -0.00141276 -0.00146321 -0.00147933 -0.00158265 -0.00154133 -0.00158162 -0.00155078 -0.00154111 -0.00154578 -0.00154242 -0.00154212 -0.00150301 -0.0015489 -0.00149344 -0.00147649 -0.00162047 -0.00154266 -0.00155518 -0.00156845 -0.00150047 -0.0016363 -0.00154894 -0.00146275 -0.00158924 -0.00162541 -0.00147416 -0.00148952 -0.00157699 -0.00146388 -0.00149047 -0.00144117 -0.00154751 -0.0016091 -0.00157167 -0.0014364 -0.0013343 -0.00125857 -0.00117574 
0.00206493 0.00216756 0.00222668 0.0023202 0.0024889 0.128103 0.00244131 0.00232883 0.00226067 0.00220182 0.00211593 -0.0013774 -0.00136563 -0.00168117 -0.00173848 -0.00184117 -0.00213139 -0.00207285 -0.00206584 -0.00211062 -0.00215023 -0.0020696 -0.0020125 -0.00190568 -0.00209319 -0.00207904 -0.00186911 -0.00192019 -0.0019835 -0.00186555 -0.00186057 -0.00185675 -0.00186903 -0.00181298 -0.00172262 -0.00172452 -0.00172972 -0.00180669 -0.00179362 -0.00179107 -0.00172155 -0.00176569 -0.00181682 -0.00183158 -0.00171306 -0.00175608 -0.00155197 -0.00157686 -0.00165655 -0.0016591 -0.0016169 -0.001618 -0.00163463 -0.00169814 -0.00163976 -0.00155156 -0.00160649 -0.00159551 -0.00160631 -0.00160732 -0.00157195 -0.00166967 -0.0014928 -0.00149375 -0.00163107 -0.00164746 -0.00165672 -0.00166307 -0.00158865 -0.00166519 -0.00166201 -0.00153997 -0.00168346 -0.00155489 -0.00152831 -0.00150463 -0.00156583 -0.00165283 -0.00158398 -0.0015982 -0.00160677 -0.00162078 -0.00166702 -0.00164628 -0.00162007 -0.00165598 -0.00166817 -0.00154184 -0.0015019 -0.0015901 -0.00153613 -0.0016272 -0.00157706 -0.00160763 -0.00164032 -0.00153027 -0.00158514 -0.00146883 -0.00136125 -0.0011884 
-0.00112364 0.00197621 0.00214176 0.00233474 0.00235596 0.00244131 0.129266 0.00254613 0.00244035 0.00242873 0.00227646 0.00223619 -0.00127225 -0.00148523 -0.00174233 -0.00170898 -0.00193494 -0.00198435 -0.00202383 -0.00216953 -0.00207622 -0.00219295 -0.00207913 -0.00190472 -0.00213535 -0.00211799 -0.0019822 -0.00188702 -0.00198482 -0.00188198 -0.00196478 -0.00192867 -0.00184618 -0.0019364 -0.00171554 -0.00182114 -0.00180853 -0.00180699 -0.00173302 -0.001712 -0.00171746 -0.00176683 -0.00176355 -0.00179453 -0.00173083 -0.00164784 -0.00163261 -0.001649 -0.00162189 -0.00163414 -0.00163185 -0.00167539 -0.00163178 -0.00160212 -0.0017555 -0.00166816 -0.00158721 -0.00167661 -0.00168395 -0.00168 -0.00160331 -0.00168542 -0.00160646 -0.00159369 -0.00169352 -0.00176689 -0.0016799 -0.00170241 -0.0016732 -0.00166004 -0.00162678 -0.00168868 -0.00175142 -0.00167233 -0.00159887 -0.00151747 -0.00157409 -0.00161371 -0.00167312 -0.00159287 -0.00161818 -0.00167039 -0.00159913 -0.00171534 -0.00162239 -0.00167425 -0.00162996 -0.00150616 -0.00151041 -0.0017512 -0.00168318 -0.00160447 -0.00163599 -0.00152339 -0.00157022 -0.00163398 -0.00167646 -0.00155526 -0.00146571 -0.0013117 
-0.00130551 -0.00120745 0.00204996 0.00220241 0.00225579 0.00232883 0.00254613 0.130199 0.00251596 0.00253314 0.00234912 0.00222989 0.00229924 -0.00144392 -0.00166946 -0.00159139 -0.00188673 -0.00206212 -0.00207742 -0.00226682 -0.00209549 -0.00209819 -0.00206793 -0.00194813 -0.00212713 -0.00207902 -0.00190836 -0.0019838 -0.00199243 -0.00187143 -0.00192986 -0.00186251 -0.00192658 -0.00192094 -0.00177222 -0.00186323 -0.00184701 -0.00177408 -0.00181555 -0.00181962 -0.0016639 -0.00178392 -0.00177779 -0.00184414 -0.00177908 -0.00183256 -0.00161895 -0.00161596 -0.00170959 -0.00171292 -0.00166548 -0.00165227 -0.00166751 -0.001606 -0.00167609 -0.00158493 -0.0016893 -0.0015893 -0.00166756 -0.00168582 -0.0016296 -0.00157204 -0.00150668 -0.00162036 -0.00167077 -0.00163595 -0.00160942 -0.00165346 -0.00162622 -0.00173991 -0.00172743 -0.00165558 -0.00167241 -0.00172811 -0.00161429 -0.00154604 -0.00156511 -0.00170446 -0.00165921 -0.00169794 -0.00161437 -0.00164601 -0.00163572 -0.00172729 -0.00166932 -0.0016921 -0.00157747 -0.00159183 -0.00155204 -0.00166985 -0.00168456 -0.0016358 -0.00171097 -0.00167168 -0.00162801 -0.00172729 -0.00170722 -0.00157641 -0.0016203 -0.00129932 
-0.0013618 -0.00123182 -0.00123893 0.00205392 0.00213177 0.00226067 0.00244035 0.00251596 0.131527 0.00259683 0.00254421 0.00239548 0.0023772 0.0022704 -0.00145326 -0.00149037 -0.00172197 -0.0019165 -0.00200874 -0.0021149 -0.00212667 -0.00209449 -0.00198312 -0.00204032 -0.002154 -0.00212624 -0.00197023 -0.00202468 -0.00194106 -0.001964 -0.00202672 -0.00198529 -0.00186361 -0.001862 -0.00176909 -0.00184565 -0.00186976 -0.00181186 -0.00174686 -0.00176635 -0.00174897 -0.00170511 -0.00187475 -0.0018423 -0.00172642 -0.00188482 -0.00172868 -0.00173479 -0.00168942 -0.00171883 -0.00174397 -0.0016813 -0.00170773 -0.00165362 -0.00167646 -0.00178103 -0.00168068 -0.00174255 -0.00170269 -0.00176556 -0.0016262 -0.00173307 -0.00159685 -0.0016209 -0.00168707 -0.00175774 -0.00165493 -0.00169677 -0.00174938 -0.00171458 -0.00172341 -0.00168299 -0.0016859 -0.00167365 -0.00168995 -0.00166738 -0.00169185 -0.00170174 -0.00167261 -0.0017347 -0.00173523 -0.00164658 -0.0017171 -0.00170157 -0.0016821 -0.00166561 -0.00163575 -0.0016053 -0.00161556 -0.00163245 -0.0016658 -0.00160092 -0.00166012 -0.00160308 -0.00165168 -0.00176227 -0.00175054 -0.00164552 -0.00166625 -0.00140893 
-0.00141444 -0.00129871 -0.00117004 -0.0011358 0.00203607 0.00220182 0.00242873 0.00253314 0.00259683 0.129683 0.00249376 0.00246131 0.00241985 0.00224384 -0.00143524 -0.00153294 -0.00173934 -0.00190326 -0.00190574 -0.00214316 -0.00202778 -0.00189205 -0.00197536 -0.0019407 -0.00210564 -0.00201122 -0.00197421 -0.00194008 -0.00193738 -0.00189174 -0.00183249 -0.00197001 -0.00186093 -0.00181578 -0.0017 -0.00172816 -0.00188451 -0.00180144 -0.00178591 -0.0017683 -0.00179356 -0.00170656 -0.00166262 -0.00175918 -0.00173825 -0.00170218 -0.00170609 -0.00169289 -0.00161393 -0.00163219 -0.00168638 -0.00164688 -0.0016677 -0.00160662 -0.00165603 -0.00159479 -0.00166549 -0.00164846 -0.00163991 -0.00156234 -0.00158302 -0.00161555 -0.00151091 -0.00153244 -0.00152001 -0.00169837 -0.00169346 -0.00162867 -0.0015614 -0.00166473 -0.00159675 -0.00165981 -0.00170828 -0.00163873 -0.00159744 -0.00159587 -0.00153632 -0.0015503 -0.00151925 -0.00163897 -0.00153044 -0.00167106 -0.00156789 -0.00163713 -0.00158867 -0.00166181 -0.00173835 -0.0016458 -0.00154163 -0.00158461 -0.00161466 -0.00163342 -0.00163156 -0.00157194 -0.00155378 -0.00159887 -0.00162135 -0.00153414 -0.001683 -0.00153389 
-0.00158769 -0.00150576 -0.00140425 -0.00126965 -0.00124769 0.00211593 0.00227646 0.00234912 0.00254421 0.00249376 0.13478 0.00264446 0.00263034 0.0025151 0.00235241 0.00234846 -0.0015618 -0.00184573 -0.00185868 -0.0021427 -0.00222462 -0.00210713 -0.00213081 -0.00198351 -0.00219576 -0.00220192 -0.00213348 -0.00207867 -0.00193359 -0.00203048 -0.00202784 -0.00205259 -0.00191886 -0.00186193 -0.00188474 -0.00171736 -0.00193651 -0.00186895 -0.00179857 -0.00182034 -0.00180938 -0.00176164 -0.0018149 -0.00181858 -0.00185549 -0.00182885 -0.0017482 -0.00171333 -0.00179115 -0.00169839 -0.00176726 -0.00175682 -0.00169972 -0.00171184 -0.00169572 -0.00173492 -0.00171393 -0.00178664 -0.00177396 -0.00176015 -0.00183414 -0.00169029 -0.00169941 -0.00162418 -0.0017142 -0.00171611 -0.00171008 -0.00178398 -0.00165326 -0.00178407 -0.00181464 -0.00177843 -0.00175853 -0.00184241 -0.00165947 -0.00165769 -0.0015949 -0.00188838 -0.00176291 -0.00177412 -0.00170634 -0.00171431 -0.00180507 -0.00172747 -0.0018324 -0.00182099 -0.00174306 -0.0016817 -0.00158407 -0.0017135 -0.00183309 -0.00175778 -0.00170465 -0.0017562 -0.00179596 -0.00174478 -0.001727 -0.00175669 -0.00170141 -0.00162972 
-0.00178374 -0.00161336 -0.00156252 -0.00141367 -0.00137074 -0.0013774 0.00223619 0.00222989 0.00239548 0.00246131 0.00264446 0.13664 0.0027481 0.00266426 0.00248429 0.00258638 0.00239122 -0.00167341 -0.00168544 -0.00189157 -0.00207048 -0.00203575 -0.00224302 -0.00205861 -0.0022125 -0.00219704 -0.00198039 -0.0020252 -0.00190204 -0.00201434 -0.00209477 -0.00198677 -0.00214739 -0.00201928 -0.00186685 -0.00182627 -0.00197386 -0.00188373 -0.00190214 -0.00191633 -0.00188271 -0.00182417 -0.00177295 -0.0018462 -0.00193074 -0.00197143 -0.00180948 -0.0017918 -0.00183272 -0.00178327 -0.00182157 -0.0017812 -0.00174196 -0.00172867 -0.00180434 -0.00178634 -0.00176789 -0.00178198 -0.00178639 -0.00169095 -0.00176334 -0.00171621 -0.00175737 -0.00174479 -0.00170288 -0.00172147 -0.00172112 -0.00177292 -0.00177907 -0.00186445 -0.00174725 -0.00176355 -0.00174693 -0.00180092 -0.00173277 -0.0017812 -0.00174047 -0.00177118 -0.00173603 -0.00183192 -0.00176776 -0.00171338 -0.00180412 -0.00177548 -0.00181708 -0.00185569 -0.00185527 -0.00169492 -0.00165191 -0.00169572 -0.0017976 -0.00181826 -0.00173665 -0.00179544 -0.00171889 -0.00189679 -0.00187384 -0.00174176 -0.0017437 -0.00166616 
-0.00167276 -0.00170063 -0.00162814 -0.00150736 -0.00139152 -0.00136563 -0.00127225 0.00229924 0.0023772 0.00241985 0.00263034 0.0027481 0.135636 0.00287555 0.00263081 0.00257188 0.00238716 -0.0015802 -0.00159964 -0.00190655 -0.00201865 -0.00196865 -0.00213776 -0.00198467 -0.00216772 -0.00206492 -0.00201424 -0.00202553 -0.00195248 -0.00196262 -0.00200222 -0.00193759 -0.00202507 -0.00196488 -0.00184224 -0.00187368 -0.0017741 -0.00182189 -0.00186307 -0.00195326 -0.00172859 -0.00180838 -0.00191369 -0.00180404 -0.00184124 -0.00181602 -0.00172011 -0.00172675 -0.00176674 -0.00168965 -0.00172712 -0.00171369 -0.00170824 -0.00161282 -0.00172968 -0.00177732 -0.00172269 -0.001747 -0.00166802 -0.00177812 -0.00166882 -0.00167685 -0.00168967 -0.00158845 -0.00171507 -0.00178426 -0.00180433 -0.00164137 -0.00173683 -0.00175135 -0.00175231 -0.00179199 -0.00180491 -0.00180722 -0.00166676 -0.00169274 -0.00159945 -0.00175023 -0.00169056 -0.00166156 -0.00173567 -0.00176925 -0.00173859 -0.00173291 -0.00164097 -0.00170588 -0.00171741 -0.0015921 -0.00161969 -0.00169466 -0.00178449 -0.00168846 -0.00182638 -0.0017971 -0.00174525 -0.00175675 -0.00168914 -0.00168877 -0.00172034 -0.00167763 
-0.00194747 -0.00185335 -0.00188986 -0.00178974 -0.00161424 -0.00168117 -0.00148523 -0.00144392 0.0022704 0.00224384 0.0025151 0.00266426 0.00287555 0.140246 0.0028862 0.002837 0.00276452 0.00261632 0.00249457 -0.00160965 -0.00195462 -0.00184339 -0.00193259 -0.00208328 -0.00220206 -0.00225558 -0.00216935 -0.00216546 -0.00203992 -0.00217762 -0.00205844 -0.00208717 -0.00204848 -0.00199965 -0.00196675 -0.00198749 -0.00202767 -0.00197858 -0.00190582 -0.00197242 -0.001924 -0.00186534 -0.00190685 -0.00194495 -0.00189056 -0.00194 -0.00184503 -0.00173174 -0.00189543 -0.00181365 -0.00182055 -0.00187258 -0.00185218 -0.00182269 -0.00179578 -0.00183528 -0.00176437 -0.00188783 -0.00174998 -0.00187171 -0.00182984 -0.0017988 -0.00169158 -0.00180263 -0.00188307 -0.0018855 -0.00177731 -0.00193058 -0.00184357 -0.00192743 -0.0018483 -0.00180721 -0.00193425 -0.0018452 -0.00169568 -0.00182463 -0.00183961 -0.00181201 -0.00181947 -0.00178686 -0.00193233 -0.00186805 -0.00175359 -0.00182204 -0.00184268 -0.00189974 -0.00184519 -0.00177164 -0.00184087 -0.00181957 -0.00181447 -0.00186447 -0.001802 -0.00189696 -0.00179343 -0.0018753 -0.00178947 -0.00180239 -0.0018721 -0.00172281 
-0.00178952 -0.00185022 -0.00181669 -0.00191498 -0.00182998 -0.00173848 -0.00174233 -0.00166946 -0.00145326 -0.00143524 0.00235241 0.00248429 0.00263081 0.0028862 0.139615 0.00299561 0.00296176 0.00266127 0.00271887 0.00262184 -0.00169625 -0.00166451 -0.00183987 -0.0017788 -0.00201303 -0.00217841 -0.00215501 -0.00204639 -0.00195797 -0.00194647 -0.00209718 -0.00196446 -0.00195643 -0.00201485 -0.00188317 -0.00192536 -0.00188011 -0.00198945 -0.00193461 -0.00186169 -0.0018672 -0.00183618 -0.001802 -0.00188075 -0.00185537 -0.00194988 -0.0018061 -0.00182183 -0.00173097 -0.00184604 -0.00174682 -0.00173822 -0.00180713 -0.00178654 -0.00180163 -0.00189238 -0.00167409 -0.00182472 -0.00179726 -0.00187825 -0.00179328 -0.00169701 -0.00161628 -0.00179916 -0.00188229 -0.00181735 -0.00186939 -0.00186943 -0.00189719 -0.00174166 -0.00182678 -0.0017729 -0.00176557 -0.00179043 -0.00167279 -0.00183096 -0.00168626 -0.00179698 -0.00181404 -0.00181287 -0.00175714 -0.0017926 -0.00185785 -0.00182324 -0.00188313 -0.00175635 -0.00181343 -0.0017396 -0.00168141 -0.00181071 -0.00185844 -0.00176588 -0.0018147 -0.00185939 -0.00178644 -0.00176869 -0.00180166 -0.00177009 -0.00180573 -0.00166094 
-0.00195217 -0.00190811 -0.00189606 -0.00177676 -0.00181796 -0.00184117 -0.00170898 -0.00159139 -0.00149037 -0.00153294 0.00234846 0.00258638 0.00257188 0.002837 0.00299561 0.141186 0.0030002 0.00273154 0.00267725 0.00264347 -0.00163895 -0.00175847 -0.00184091 -0.0019356 -0.00209181 -0.00223371 -0.00215468 -0.00215048 -0.00204886 -0.00199648 -0.00205709 -0.00202305 -0.00212247 -0.0020134 -0.00192511 -0.00186725 -0.00185068 -0.0020813 -0.00194137 -0.00183678 -0.00186812 -0.00179061 -0.00193244 -0.00189652 -0.00187636 -0.0019383 -0.00183032 -0.0018297 -0.00180328 -0.00180111 -0.00180975 -0.001834 -0.00173477 -0.00182901 -0.00173765 -0.00180663 -0.00178524 -0.00187151 -0.00189802 -0.00177186 -0.00179178 -0.00187581 -0.00163759 -0.00171238 -0.00188626 -0.00173732 -0.001749 -0.00182206 -0.0018465 -0.00192066 -0.00187137 -0.00181063 -0.00177657 -0.00170747 -0.00172992 -0.00171037 -0.0016938 -0.00183153 -0.00185703 -0.00182044 -0.00176727 -0.00186196 -0.00176524 -0.00178276 -0.00177789 -0.00181097 -0.00173704 -0.00173152 -0.00163997 -0.0017771 -0.00185653 -0.00182781 -0.00184323 -0.00189847 -0.00185548 -0.00182199 -0.00182016 -0.00185249 -0.00183293 -0.00179858 
-0.001993 -0.002049 -0.00203919 -0.00204142 -0.00199041 -0.00213139 -0.00193494 -0.00188673 -0.00172197 -0.00173934 -0.0015618 0.00239122 0.00238716 0.00276452 0.00296176 0.0030002 0.146302 0.00313901 0.00309063 0.00309648 0.00263893 0.00263971 -0.00174999 -0.00183149 -0.00190418 -0.00222697 -0.00221594 -0.00220464 -0.00224761 -0.00220807 -0.00216465 -0.00218245 -0.00221442 -0.00218363 -0.00200179 -0.00201875 -0.00204122 -0.00208775 -0.00194225 -0.0020399 -0.00208236 -0.00203587 -0.00217644 -0.00205503 -0.00201666 -0.00210118 -0.00204941 -0.00192657 -0.00202871 -0.00202441 -0.00202068 -0.00191682 -0.00192745 -0.00186925 -0.00195766 -0.0019388 -0.00194026 -0.00193425 -0.00196702 -0.00184981 -0.00195132 -0.00192029 -0.00175793 -0.0019071 -0.0019306 -0.00191806 -0.00191088 -0.00194529 -0.00188845 -0.00190423 -0.00190741 -0.00187737 -0.00200206 -0.00178514 -0.00173405 -0.00179636 -0.00184674 -0.00183633 -0.00188437 -0.0019088 -0.00192134 -0.0020093 -0.00196449 -0.00188796 -0.00197716 -0.00193619 -0.0019186 -0.00183562 -0.0018046 -0.00192047 -0.00187425 -0.00197511 -0.00196236 -0.00192137 -0.00199685 -0.00190138 -0.00194228 -0.00187006 -0.00188287 -0.00192285 
-0.00181304 -0.00199197 -0.00183267 -0.0019954 -0.00196156 -0.00207285 -0.00198435 -0.00206212 -0.0019165 -0.00190326 -0.00184573 -0.00167341 -0.0015802 0.00261632 0.00266127 0.00273154 0.00313901 0.144481 0.00317653 0.00317726 0.00280535 0.0028004 0.00280678 -0.00156612 -0.00172067 -0.00195625 -0.00202285 -0.00209018 -0.00215037 -0.00203434 -0.00215424 -0.00204178 -0.00212424 -0.00210492 -0.00203031 -0.00202239 -0.00206852 -0.00207546 -0.0020698 -0.00207186 -0.00191883 -0.00187391 -0.00206784 -0.00200197 -0.00192461 -0.00195778 -0.00190822 -0.00180169 -0.00183489 -0.00183556 -0.00189315 -0.00183875 -0.00190752 -0.00183419 -0.0019226 -0.00184263 -0.00187785 -0.00187815 -0.0017981 -0.00188644 -0.00182067 -0.00187926 -0.00176264 -0.0018501 -0.00185499 -0.00188723 -0.00194335 -0.00189581 -0.00186707 -0.00187579 -0.00192109 -0.00185189 -0.0018356 -0.00184628 -0.00173136 -0.00185164 -0.00181827 -0.00188006 -0.00173272 -0.00181784 -0.0018308 -0.00177567 -0.00183487 -0.00182847 -0.0017927 -0.00179766 -0.00197515 -0.00165003 -0.0017869 -0.0019067 -0.00192448 -0.00194382 -0.00188799 -0.00180822 -0.00177961 -0.0017892 -0.00193369 -0.0018633 -0.00178578 -0.00183434 
-0.00185183 -0.00199659 -0.00191337 -0.00193086 -0.00188606 -0.00206584 -0.00202383 -0.00207742 -0.00200874 -0.00190574 -0.00185868 -0.00168544 -0.00159964 0.00249457 0.00271887 0.00267725 0.00309063 0.00317653 0.145553 0.00308446 0.00297109 0.00276283 0.00267472 -0.00154914 -0.00173624 -0.00186551 -0.00210806 -0.00208606 -0.00211111 -0.00201307 -0.00212934 -0.00211644 -0.00211718 -0.00213293 -0.00203606 -0.00204378 -0.0020091 -0.00198337 -0.00198614 -0.00204001 -0.00188674 -0.00188795 -0.00202027 -0.00203547 -0.00202529 -0.00197802 -0.00195496 -0.00190798 -0.00184799 -0.00183762 -0.00186435 -0.00182231 -0.00180594 -0.00189802 -0.00191891 -0.00187617 -0.0018794 -0.00187359 -0.00175528 -0.00187181 -0.00177712 -0.00180948 -0.00170828 -0.00181197 -0.00197363 -0.00185218 -0.00196857 -0.00190064 -0.00189382 -0.00182597 -0.00178096 -0.00182937 -0.0018453 -0.00183084 -0.00177956 -0.00187085 -0.00181763 -0.0018608 -0.00194004 -0.00186803 -0.00181722 -0.0018006 -0.00194926 -0.00179332 -0.00185412 -0.00188073 -0.00191413 -0.00172779 -0.00186434 -0.00185856 -0.00191419 -0.00188806 -0.00184126 -0.00189764 -0.00184674 -0.0019703 -0.00194783 -0.00196901 -0.00189548 -0.00181273 
-0.00193721 -0.00203327 -0.00197947 -0.00205084 -0.00204585 -0.00211062 -0.00216953 -0.00226682 -0.0021149 -0.00214316 -0.0021427 -0.00189157 -0.00190655 -0.00160965 0.00262184 0.00264347 0.00309648 0.00317726 0.00308446 0.149468 0.00310731 0.00307162 0.00298659 0.00259611 0.00258959 -0.00190031 -0.00194762 -0.00209986 -0.00215809 -0.00214846 -0.00229026 -0.00229375 -0.00234424 -0.00223432 -0.00212848 -0.00209525 -0.00217931 -0.00209407 -0.00214556 -0.00215929 -0.00200829 -0.00203485 -0.00222579 -0.00205107 -0.00210853 -0.00207862 -0.0020251 -0.00187973 -0.00195888 -0.00201196 -0.00197707 -0.00198518 -0.0020199 -0.00201864 -0.00196758 -0.00197685 -0.00196832 -0.00202514 -0.00193944 -0.00201252 -0.00195895 -0.00203101 -0.00192439 -0.00195507 -0.00197722 -0.001949 -0.00190582 -0.00207125 -0.00190415 -0.00194128 -0.001967 -0.00196057 -0.00198007 -0.00191363 -0.00190155 -0.00193208 -0.0019342 -0.00196346 -0.00204061 -0.00197273 -0.00194613 -0.0019241 -0.00198214 -0.00193112 -0.00189351 -0.00184796 -0.0019381 -0.00177461 -0.00183819 -0.00201539 -0.00184555 -0.00201223 -0.00199925 -0.00205825 -0.00185711 -0.00189492 -0.00194891 -0.00194293 -0.00183297 -0.00188059 
-0.00192365 -0.00190965 -0.001906 -0.00194729 -0.00199845 -0.00215023 -0.00207622 -0.00209549 -0.00212667 -0.00202778 -0.00222462 -0.00207048 -0.00201865 -0.00195462 -0.00169625 -0.00163895 0.00263893 0.00280535 0.00297109 0.00310731 0.146784 0.00323082 0.00309411 0.00285355 0.00281732 0.00263874 -0.00166464 -0.00174837 -0.00182493 -0.00189073 -0.00195809 -0.00210556 -0.00221113 -0.00214314 -0.00207284 -0.00199591 -0.00195558 -0.0019395 -0.00211599 -0.00199886 -0.00191476 -0.00191514 -0.00204453 -0.00202782 -0.00199694 -0.00201573 -0.0019139 -0.00190467 -0.00194084 -0.00186469 -0.0019019 -0.00193949 -0.0019777 -0.00188752 -0.00186622 -0.00180991 -0.00193003 -0.00189452 -0.00193491 -0.00192713 -0.00181741 -0.00186821 -0.00185546 -0.00179918 -0.00188231 -0.00197998 -0.00195969 -0.00190261 -0.00178897 -0.00193326 -0.00194341 -0.00181906 -0.00185238 -0.00179926 -0.00180704 -0.00182864 -0.00178601 -0.00177148 -0.00194154 -0.00183728 -0.00194448 -0.00186245 -0.00191895 -0.0018708 -0.00184396 -0.00185735 -0.0018801 -0.00177897 -0.00180476 -0.00178273 -0.00194586 -0.00191375 -0.0019071 -0.00188916 -0.00188942 -0.00200632 -0.00196729 -0.00193567 -0.0018746 -0.00189545 
-0.00192909 -0.00197896 -0.00185968 -0.00197897 -0.00188773 -0.0020696 -0.00219295 -0.00209819 -0.00209449 -0.00189205 -0.00210713 -0.00203575 -0.00196865 -0.00184339 -0.00166451 -0.00175847 0.00263971 0.0028004 0.00276283 0.00307162 0.00323082 0.146115 0.00294245 0.00283922 0.00274545 0.00259531 -0.00164702 -0.00178285 -0.00173426 -0.0018664 -0.00193866 -0.0020405 -0.00212118 -0.00197715 -0.00194373 -0.00198174 -0.00203956 -0.00197382 -0.00200476 -0.00196004 -0.00189119 -0.00193396 -0.00200195 -0.00196129 -0.00192824 -0.0019082 -0.00196804 -0.00191822 -0.00192638 -0.0018245 -0.00193881 -0.0020021 -0.00193624 -0.00192507 -0.00191956 -0.0018455 -0.00193351 -0.00197503 -0.00200598 -0.00196832 -0.00191486 -0.00192954 -0.00179367 -0.00176875 -0.0018902 -0.00184905 -0.00196658 -0.00184503 -0.00190196 -0.00194418 -0.00187906 -0.00194497 -0.00189113 -0.00183353 -0.00177631 -0.00174731 -0.00174008 -0.00187168 -0.00192593 -0.00183827 -0.00192925 -0.00183224 -0.00195504 -0.00190655 -0.00181516 -0.00189103 -0.00188412 -0.00172868 -0.00177406 -0.0018844 -0.00186545 -0.00190556 -0.00175613 -0.00192658 -0.00196469 -0.00181499 -0.00185534 -0.00190481 -0.0019344 -0.0018792 
-0.0019563 -0.00194693 -0.00193727 -0.00188313 -0.00193998 -0.0020125 -0.00207913 -0.00206793 -0.00198312 -0.00197536 -0.00213081 -0.00224302 -0.00213776 -0.00193259 -0.00183987 -0.00184091 -0.00174999 0.00280678 0.00267472 0.00298659 0.00309411 0.00294245 0.145617 0.00289133 0.00284378 0.0028073 0.00237398 -0.00160252 -0.00174581 -0.00173593 -0.00182211 -0.00207508 -0.0021382 -0.00197612 -0.00196056 -0.00190839 -0.00203218 -0.00197094 -0.00197081 -0.00208708 -0.0018756 -0.00196569 -0.0019949 -0.00197589 -0.00207101 -0.00192459 -0.00191185 -0.00184894 -0.00176571 -0.00183396 -0.00186797 -0.00186659 -0.00188845 -0.0019634 -0.00198791 -0.00180298 -0.00189908 -0.00180388 -0.00196013 -0.00188055 -0.00180548 -0.00185696 -0.00179994 -0.0018771 -0.00183466 -0.00187483 -0.00181386 -0.00177838 -0.00177078 -0.0019006 -0.00191591 -0.0018149 -0.00184502 -0.00188712 -0.00178914 -0.00175735 -0.00175616 -0.00185453 -0.00183775 -0.00188462 -0.00190797 -0.00191623 -0.00185792 -0.00189834 -0.00190748 -0.00187816 -0.00191268 -0.00177164 -0.00185425 -0.00200854 -0.00186929 -0.00187043 -0.00188643 -0.00186459 -0.00177482 -0.00190241 -0.00189518 -0.00192191 -0.00190446 -0.00180914 
-0.00180426 -0.00188976 -0.0018588 -0.00198695 -0.00171561 -0.00190568 -0.00190472 -0.00194813 -0.00204032 -0.0019407 -0.00198351 -0.00205861 -0.00198467 -0.00208328 -0.0017788 -0.0019356 -0.00183149 -0.00156612 -0.00154914 0.00259611 0.00285355 0.00283922 0.00289133 0.141247 0.00304764 0.00288993 0.00248164 0.00234905 -0.00149976 -0.00151647 -0.00164124 -0.00173559 -0.0019067 -0.00196568 -0.00189229 -0.00184972 -0.00196522 -0.00192881 -0.00193676 -0.00186872 -0.00183371 -0.00182546 -0.00183757 -0.00186881 -0.00182374 -0.00194574 -0.00175839 -0.00180202 -0.00174325 -0.00182582 -0.00180343 -0.00175562 -0.00180386 -0.00183481 -0.00181329 -0.00177317 -0.00179905 -0.00173016 -0.00175515 -0.00176269 -0.0017983 -0.00184108 -0.00166567 -0.00166563 -0.00178661 -0.00181479 -0.00182383 -0.00176641 -0.00170086 -0.00180264 -0.00178835 -0.00167034 -0.00182215 -0.00178958 -0.00170509 -0.0016287 -0.00170153 -0.00180195 -0.00172626 -0.0017678 -0.0017469 -0.00178163 -0.00169091 -0.00175332 -0.00182222 -0.00169837 -0.00169511 -0.00165591 -0.00171348 -0.00175065 -0.00172219 -0.00175091 -0.00182209 -0.00171332 -0.00168918 -0.00172282 -0.00168447 -0.00170802 -0.00173728 -0.00170029 
-0.00196435 -0.00192713 -0.00195584 -0.00202689 -0.00195783 -0.00209319 -0.00213535 -0.00212713 -0.002154 -0.00210564 -0.00219576 -0.0022125 -0.00216772 -0.00220206 -0.00201303 -0.00209181 -0.00190418 -0.00172067 -0.00173624 0.00258959 0.00281732 0.00274545 0.00284378 0.00304764 0.146146 0.00318937 0.00277961 0.0026967 0.00252009 0.0023684 -0.00165011 -0.00162391 -0.001739 -0.00189461 -0.00211058 -0.0019943 -0.00212141 -0.00199737 -0.00212206 -0.00201413 -0.00208775 -0.00195656 -0.00211618 -0.00207537 -0.00200955 -0.0019487 -0.00205033 -0.001943 -0.0019483 -0.0020394 -0.00184845 -0.00193181 -0.00196306 -0.00201816 -0.00194306 -0.00191903 -0.00198741 -0.00192349 -0.00201093 -0.00193851 -0.00194729 -0.00185789 -0.00180036 -0.00186777 -0.00198156 -0.00187639 -0.0018279 -0.00194517 -0.00192286 -0.00204817 -0.00194138 -0.00189186 -0.00195685 -0.00197196 -0.00185518 -0.0018088 -0.0018216 -0.00192672 -0.00193875 -0.00199633 -0.00192776 -0.00189058 -0.00188622 -0.00188581 -0.00189661 -0.00193607 -0.00193488 -0.00185419 -0.00183703 -0.00187116 -0.00194477 -0.00193573 -0.00187398 -0.00197661 -0.00191471 -0.00182898 -0.00196493 -0.00192903 -0.00185181 -0.00180081 
-0.00188331 -0.00194116 -0.00190077 -0.00196099 -0.00196747 -0.00207904 -0.00211799 -0.00207902 -0.00212624 -0.00201122 -0.00220192 -0.00219704 -0.00206492 -0.00225558 -0.00217841 -0.00223371 -0.00222697 -0.00195625 -0.00186551 -0.00190031 0.00263874 0.00259531 0.0028073 0.00288993 0.00318937 0.144242 0.00282079 0.00267371 0.00261233 0.00260998 0.00242643 -0.0014509 -0.00163061 -0.00160631 -0.00182684 -0.00180269 -0.00202246 -0.00204223 -0.00198947 -0.00203443 -0.00203026 -0.00189696 -0.00199994 -0.00208843 -0.00198682 -0.00199157 -0.00193501 -0.0018359 -0.00194821 -0.00182972 -0.00187228 -0.00197777 -0.00190219 -0.00195085 -0.00184455 -0.00181316 -0.00189736 -0.00185327 -0.00202058 -0.00189276 -0.00184825 -0.00191123 -0.00179726 -0.00184856 -0.00183394 -0.00184198 -0.00191354 -0.00193055 -0.00192503 -0.00186862 -0.00186347 -0.00187888 -0.00194077 -0.00190082 -0.00184904 -0.00185223 -0.00181186 -0.0018326 -0.00189244 -0.00183676 -0.00192652 -0.0018615 -0.00187604 -0.00183748 -0.00195122 -0.00191743 -0.00197674 -0.00175123 -0.00176666 -0.00195085 -0.00191452 -0.00198847 -0.00187956 -0.00191428 -0.00195315 -0.00192223 -0.00190005 -0.00190691 -0.00194252 -0.0018692 
-0.0017437 -0.00169246 -0.00183585 -0.00186657 -0.00182733 -0.00186911 -0.0019822 -0.00190836 -0.00197023 -0.00197421 -0.00213348 -0.00198039 -0.00201424 -0.00216935 -0.00215501 -0.00215468 -0.00221594 -0.00202285 -0.00210806 -0.00194762 -0.00166464 -0.00164702 0.00237398 0.00248164 0.00277961 0.00282079 0.139165 0.00285275 0.0025719 0.00265466 0.00254353 0.00239056 -0.00135723 -0.00155285 -0.00166537 -0.00155245 -0.00179691 -0.00175533 -0.00192063 -0.00189118 -0.0018319 -0.00193929 -0.00197879 -0.0018382 -0.00196648 -0.00192069 -0.0018409 -0.00172305 -0.00177508 -0.00172044 -0.00175169 -0.00181887 -0.0017115 -0.00171728 -0.00177716 -0.00176314 -0.0018092 -0.00172314 -0.0017483 -0.00183385 -0.00174466 -0.00174469 -0.00165159 -0.00168543 -0.00174233 -0.00182368 -0.00166723 -0.00174135 -0.00179207 -0.0017269 -0.00173155 -0.00173874 -0.00167137 -0.00168169 -0.00171402 -0.00161576 -0.00168894 -0.0017094 -0.00172361 -0.00174125 -0.00182749 -0.0018668 -0.00188129 -0.00183824 -0.00180019 -0.00165075 -0.00168598 -0.00167927 -0.00180882 -0.00177634 -0.00177609 -0.00178228 -0.00180242 -0.00175704 -0.00182112 -0.0018299 -0.00179914 -0.00177077 -0.00184245 -0.00173757 
-0.0018967 -0.00175248 -0.00178 -0.00171241 -0.00182759 -0.00192019 -0.00188702 -0.0019838 -0.00202468 -0.00194008 -0.00207867 -0.0020252 -0.00202553 -0.00216546 -0.00204639 -0.00215048 -0.00220464 -0.00209018 -0.00208606 -0.00209986 -0.00174837 -0.00178285 -0.00160252 0.00234905 0.0026967 0.00267371 0.00285275 0.137079 0.00272639 0.00290856 0.00253626 0.00244381 0.00215895 -0.00134605 -0.00154599 -0.00149765 -0.00166284 -0.00173001 -0.00184711 -0.00186273 -0.00174644 -0.00180449 -0.00187206 -0.00182105 -0.00186213 -0.00180167 -0.00172954 -0.00182806 -0.0018364 -0.00177778 -0.0016839 -0.0017245 -0.00175145 -0.00174315 -0.00176248 -0.0017535 -0.0017706 -0.00172812 -0.00161265 -0.00177814 -0.00167626 -0.00176529 -0.00164773 -0.00161076 -0.00171574 -0.00180838 -0.00172802 -0.00173548 -0.00163363 -0.00170277 -0.00182551 -0.0017513 -0.00174413 -0.0017241 -0.00163337 -0.00155982 -0.0016486 -0.00176072 -0.00171208 -0.00170755 -0.00178602 -0.00164812 -0.00178681 -0.00175177 -0.00173367 -0.00175336 -0.00177077 -0.00172694 -0.00162688 -0.00173876 -0.00167963 -0.00176652 -0.00173633 -0.00172425 -0.0017502 -0.00175522 -0.00169074 -0.00170457 -0.00179391 -0.00169773 
-0.00174236 -0.00181648 -0.00180503 -0.00168248 -0.00181767 -0.0019835 -0.00198482 -0.00199243 -0.00194106 -0.00193738 -0.00193359 -0.00190204 -0.00195248 -0.00203992 -0.00195797 -0.00204886 -0.00224761 -0.00215037 -0.00211111 -0.00215809 -0.00182493 -0.00173426 -0.00174581 -0.00149976 0.00252009 0.00261233 0.0025719 0.00272639 0.13572 0.00279553 0.00273509 0.00243825 0.00234665 0.0023161 -0.00137694 -0.00139145 -0.00154116 -0.00164225 -0.00160731 -0.00187168 -0.00181404 -0.00175328 -0.00183208 -0.00180765 -0.0017515 -0.00184756 -0.00170022 -0.001654 -0.00169738 -0.00161775 -0.00170605 -0.00164859 -0.00164953 -0.00173701 -0.00176627 -0.00177615 -0.00166935 -0.00172824 -0.0017054 -0.00175807 -0.00168206 -0.00167821 -0.00170883 -0.00163283 -0.00172235 -0.00173349 -0.00173973 -0.00176235 -0.00168971 -0.00168545 -0.00168802 -0.00173759 -0.00172023 -0.00166919 -0.00162027 -0.00167777 -0.00162654 -0.00170124 -0.00171667 -0.00184725 -0.00175873 -0.00172325 -0.00181599 -0.00166539 -0.00170766 -0.0018181 -0.00174114 -0.00170812 -0.00167803 -0.00176967 -0.00169572 -0.00168625 -0.00182945 -0.00173231 -0.00181458 -0.00173015 -0.0017253 -0.00167299 -0.00176322 -0.00164589 
-0.0016942 -0.00169431 -0.00175241 -0.00183539 -0.00177408 -0.00186555 -0.00188198 -0.00187143 -0.001964 -0.00189174 -0.00203048 -0.00201434 -0.00196262 -0.00217762 -0.00194647 -0.00199648 -0.00220807 -0.00203434 -0.00201307 -0.00214846 -0.00189073 -0.0018664 -0.00173593 -0.00151647 0.0023684 0.00260998 0.00265466 0.00290856 0.00279553 0.134018 0.00254181 0.00245012 0.00237237 0.00220001 -0.00130453 -0.00133249 -0.00152742 -0.00152049 -0.00171376 -0.00176846 -0.00176171 -0.0017477 -0.00184724 -0.00175096 -0.00190388 -0.0017258 -0.00171116 -0.00173882 -0.00167902 -0.00169844 -0.00164223 -0.0016842 -0.00169236 -0.00175673 -0.00171215 -0.00174784 -0.00165118 -0.0016705 -0.00171822 -0.0017103 -0.00171486 -0.00169024 -0.00168654 -0.00159817 -0.00170332 -0.00161694 -0.00164433 -0.00173855 -0.00171313 -0.00166389 -0.00165001 -0.00169717 -0.0016959 -0.00171164 -0.00161996 -0.00164091 -0.00162154 -0.00178829 -0.00172867 -0.00172482 -0.0017512 -0.00163525 -0.00169839 -0.00172324 -0.00161988 -0.00161913 -0.00169763 -0.00169557 -0.00166151 -0.00178634 -0.00164212 -0.00167066 -0.00174658 -0.00169598 -0.00170631 -0.00168224 -0.00158084 -0.00174901 -0.00173475 -0.0016895 
-0.00171071 -0.0017733 -0.00178574 -0.0018743 -0.00185385 -0.00186057 -0.00196478 -0.00192986 -0.00202672 -0.00183249 -0.00202784 -0.00209477 -0.00200222 -0.00205844 -0.00209718 -0.00205709 -0.00216465 -0.00215424 -0.00212934 -0.00229026 -0.00195809 -0.00193866 -0.00182211 -0.00164124 -0.00165011 0.00242643 0.00254353 0.00253626 0.00273509 0.00254181 0.134598 0.00263852 0.00267801 0.00246158 0.00212988 0.00213382 -0.00139575 -0.00144468 -0.00151246 -0.00159431 -0.00174152 -0.00176936 -0.00182331 -0.00183859 -0.00191994 -0.00188403 -0.00177193 -0.0017128 -0.00178807 -0.00175064 -0.00172299 -0.00176051 -0.00183037 -0.00183536 -0.00178927 -0.00166294 -0.00180496 -0.00178632 -0.00170877 -0.0018254 -0.00172114 -0.00169891 -0.00162754 -0.00162977 -0.00181523 -0.00181279 -0.00165609 -0.00177856 -0.00172652 -0.00179567 -0.0017751 -0.00175046 -0.0017995 -0.00170248 -0.00168207 -0.00165272 -0.00178956 -0.00169831 -0.00180957 -0.0016827 -0.00172698 -0.00175532 -0.00175778 -0.00179029 -0.00167318 -0.00177821 -0.00172102 -0.00157067 -0.00157679 -0.00180018 -0.00174712 -0.00175542 -0.00173357 -0.00173136 -0.00169575 -0.00167221 -0.00173282 -0.00176353 -0.00174191 -0.0017213 
-0.00165684 -0.00170843 -0.00184195 -0.00183236 -0.00182753 -0.00185675 -0.00192867 -0.00186251 -0.00198529 -0.00197001 -0.00205259 -0.00198677 -0.00193759 -0.00208717 -0.00196446 -0.00202305 -0.00218245 -0.00204178 -0.00211644 -0.00229375 -0.00210556 -0.0020405 -0.00207508 -0.00173559 -0.00162391 -0.0014509 0.00239056 0.00244381 0.00243825 0.00245012 0.00263852 0.132996 0.0026106 0.00246511 0.00222201 0.00215511 0.00198419 -0.0012906 -0.00142423 -0.00158205 -0.00172151 -0.00161502 -0.00184336 -0.00184986 -0.00185628 -0.00185206 -0.00178527 -0.0017661 -0.00175218 -0.00167272 -0.00172169 -0.00175891 -0.00165746 -0.00169904 -0.00171866 -0.00178314 -0.00174221 -0.00175092 -0.00167326 -0.00170238 -0.00166306 -0.00161372 -0.00159916 -0.00163139 -0.00158226 -0.00169528 -0.00158205 -0.00178306 -0.00165947 -0.00164885 -0.00172594 -0.00172826 -0.00167262 -0.00178823 -0.00168012 -0.00158817 -0.00167571 -0.00168862 -0.00167235 -0.00169049 -0.00176018 -0.00172892 -0.00166433 -0.00165175 -0.00177419 -0.00173582 -0.00165625 -0.00151992 -0.00162558 -0.00171244 -0.0016461 -0.00175461 -0.00176452 -0.00172731 -0.00167758 -0.00170859 -0.00177354 -0.00165339 -0.00169143 -0.00179211 
-0.00156841 -0.00178136 -0.00163308 -0.00168641 -0.00167827 -0.00186903 -0.00184618 -0.00192658 -0.00186361 -0.00186093 -0.00191886 -0.00214739 -0.00202507 -0.00204848 -0.00195643 -0.00212247 -0.00221442 -0.00212424 -0.00211718 -0.00234424 -0.00221113 -0.00212118 -0.0021382 -0.0019067 -0.001739 -0.00163061 -0.00135723 0.00215895 0.00234665 0.00237237 0.00267801 0.0026106 0.131513 0.00252338 0.00228252 0.00230773 0.00216239 0.00193494 -0.00136195 -0.00136371 -0.0015202 -0.00155889 -0.00167916 -0.00178059 -0.00173827 -0.00178777 -0.00167884 -0.00165556 -0.00172426 -0.00171921 -0.00161171 -0.00174949 -0.00168885 -0.00162034 -0.00171271 -0.00162913 -0.00166947 -0.00175864 -0.00180372 -0.00161816 -0.00170613 -0.00167787 -0.0016122 -0.00158135 -0.0016629 -0.00166379 -0.00170192 -0.00167726 -0.00166339 -0.00168722 -0.00166014 -0.00165369 -0.00179092 -0.00174565 -0.00163472 -0.00164361 -0.00169142 -0.0017921 -0.00167094 -0.0016191 -0.00173694 -0.00166476 -0.0015971 -0.0016456 -0.00166913 -0.00157129 -0.00173198 -0.00150155 -0.00158614 -0.00160947 -0.0016962 -0.0016466 -0.00163851 -0.00165787 -0.00172259 -0.00167273 -0.0016907 -0.00168972 -0.00172303 -0.00163491 
-0.00168577 -0.00175396 -0.00165604 -0.00176619 -0.0017959 -0.00181298 -0.0019364 -0.00192094 -0.001862 -0.00181578 -0.00186193 -0.00201928 -0.00196488 -0.00199965 -0.00201485 -0.0020134 -0.00218363 -0.00210492 -0.00213293 -0.00223432 -0.00214314 -0.00197715 -0.00197612 -0.00196568 -0.00189461 -0.00160631 -0.00155285 -0.00134605 0.0023161 0.00220001 0.00246158 0.00246511 0.00252338 0.130645 0.00238202 0.0023422 0.0023745 0.00220338 0.00210498 -0.00129573 -0.00135154 -0.00137894 -0.00155286 -0.00159034 -0.00179107 -0.00179632 -0.00168113 -0.00174311 -0.0017194 -0.00174476 -0.00162445 -0.00173595 -0.00176004 -0.00159548 -0.00169404 -0.00161148 -0.00164039 -0.00171015 -0.00173268 -0.00162712 -0.0016737 -0.00166019 -0.00170134 -0.00160163 -0.0016458 -0.00163142 -0.0017472 -0.00165866 -0.00170114 -0.00173036 -0.00173218 -0.00169373 -0.00166966 -0.0016403 -0.00162127 -0.00155011 -0.00159152 -0.00169755 -0.00169206 -0.00157926 -0.00168543 -0.00172493 -0.00177929 -0.0017694 -0.00166803 -0.00162916 -0.00169972 -0.00156397 -0.0015984 -0.0016672 -0.00165649 -0.00167 -0.00161495 -0.0016995 -0.00165847 -0.00167063 -0.00160718 -0.00168308 -0.00175235 -0.00162594 
