0.122921 0.00222703 0.00220822 0.00206952 0.00193736 0.00190597 -0.00123379 -0.0012952 -0.00140451 -0.00140543 -0.00164321 -0.001697 -0.00167697 -0.00178234 -0.00174063 -0.00174732 -0.00184394 -0.0018781 -0.00194184 -0.00191143 -0.00185108 -0.00179578 -0.00179388 -0.00179279 -0.00193728 -0.00196038 -0.00177502 -0.00175197 -0.0017353 -0.00166846 -0.0016962 -0.00177461 -0.00167452 -0.0016405 -0.00165567 -0.00158927 -0.00158686 -0.00167287 -0.00157987 -0.00161434 -0.00162022 -0.00156956 -0.00156982 -0.00164575 -0.00156463 -0.00160101 -0.00142195 -0.00155356 -0.00154014 -0.00149953 -0.00136849 -0.00152141 -0.00147597 -0.00155965 -0.00154098 -0.00148642 -0.00146109 -0.00153005 -0.00152402 -0.00144398 -0.00153272 -0.00146749 -0.00150211 -0.00138784 -0.00155384 -0.00150883 -0.00156849 -0.00153445 -0.00152435 -0.00151729 -0.00156439 -0.00156669 -0.00153329 -0.00153651 -0.00141788 -0.00141634 -0.00146985 -0.00152693 -0.00150632 -0.00150604 -0.00157967 -0.00144493 -0.00146897 -0.00153145 -0.00148532 -0.0015807 -0.00144361 -0.00153431 -0.00142193 -0.00147914 -0.00156933 -0.00145587 -0.00130201 -0.0012058 -0.0012624 -0.00117731 0.00191578 0.00199967 0.00207371 0.00207304 
0.00222703 0.123365 0.00227011 0.00210536 0.00207561 0.00193821 0.00192777 -0.00123927 -0.00126745 -0.00133479 -0.00144214 -0.00166119 -0.00168105 -0.001723 -0.0017912 -0.00189028 -0.00191352 -0.00196394 -0.00192882 -0.00201595 -0.00180869 -0.00186764 -0.00201153 -0.00177861 -0.00191865 -0.00191629 -0.00175329 -0.00170992 -0.00168914 -0.00183071 -0.00179216 -0.00172966 -0.00171404 -0.0016328 -0.00161187 -0.00157647 -0.00167444 -0.00158973 -0.00157092 -0.00168649 -0.00158426 -0.0015857 -0.00159769 -0.00161426 -0.00155738 -0.00156577 -0.00154097 -0.00149893 -0.00151377 -0.00149414 -0.00154722 -0.00156168 -0.00156244 -0.00153726 -0.00150858 -0.00153666 -0.00154893 -0.0015219 -0.00153304 -0.00145625 -0.00150617 -0.00152612 -0.00145625 -0.0014295 -0.00150638 -0.00154367 -0.00147706 -0.00149496 -0.00152964 -0.00153959 -0.00153201 -0.00145654 -0.00148755 -0.00146878 -0.00143071 -0.00148743 -0.00139571 -0.00148869 -0.0014866 -0.00149833 -0.00155663 -0.00144476 -0.0015602 -0.00154469 -0.00153377 -0.00149423 -0.00151105 -0.00148469 -0.00144616 -0.0014297 -0.0014736 -0.00149254 -0.00136858 -0.00137826 -0.00128369 -0.00126189 -0.0011209 0.00184781 0.00199275 0.00195994 
0.00220822 0.00227011 0.123736 0.00239378 0.00225076 0.00227783 0.00211862 0.00204999 -0.00122899 -0.00127848 -0.00142701 -0.00167275 -0.00160453 -0.00183007 -0.00182014 -0.0018498 -0.00203128 -0.00192865 -0.0018999 -0.00210567 -0.00202882 -0.0019437 -0.00180777 -0.00181479 -0.00200871 -0.00191305 -0.00185568 -0.00174161 -0.00176565 -0.0017111 -0.00171368 -0.00173719 -0.00177396 -0.00175458 -0.00159723 -0.00155638 -0.00158867 -0.00167295 -0.00156216 -0.00159267 -0.00157347 -0.00164948 -0.00149219 -0.00160089 -0.00157113 -0.00165476 -0.00155503 -0.0015926 -0.00147742 -0.00150079 -0.00158851 -0.00152503 -0.00149593 -0.00152287 -0.00159027 -0.00151621 -0.00145378 -0.00157383 -0.00154889 -0.00152546 -0.00147818 -0.00151704 -0.00144361 -0.00144941 -0.00139201 -0.00151311 -0.00152043 -0.0015665 -0.0015294 -0.00155259 -0.00155008 -0.00157072 -0.00145252 -0.00154548 -0.00147093 -0.00135215 -0.00151108 -0.00151638 -0.00151803 -0.00155753 -0.00154864 -0.00152726 -0.00156916 -0.00154652 -0.00148968 -0.00153088 -0.00153686 -0.00143024 -0.00144083 -0.00146878 -0.00144414 -0.00147725 -0.00147233 -0.00145606 -0.00145946 -0.00134841 -0.00131523 -0.00119416 0.00182441 0.00195972 
0.00206952 0.00210536 0.00239378 0.12455 0.0022814 0.00233387 0.00234213 0.00213159 0.00212899 -0.00106541 -0.00132341 -0.00153516 -0.00153052 -0.00178732 -0.0017276 -0.00185495 -0.00184802 -0.00196036 -0.00183887 -0.00211209 -0.00203761 -0.00198499 -0.00186543 -0.00185859 -0.00201625 -0.00194029 -0.00179471 -0.00175771 -0.00190575 -0.00168978 -0.0018525 -0.00181811 -0.00178272 -0.00173856 -0.00158984 -0.0016068 -0.00161368 -0.0016829 -0.00164122 -0.00162203 -0.0017017 -0.00160875 -0.0016098 -0.00168181 -0.00161544 -0.00168529 -0.00163737 -0.00159088 -0.00159842 -0.00159828 -0.00155123 -0.00151314 -0.00155092 -0.00162407 -0.0015102 -0.00153496 -0.001543 -0.00159506 -0.00154018 -0.00151863 -0.00149591 -0.00154651 -0.00145205 -0.00147647 -0.00155424 -0.00156982 -0.00148024 -0.0015892 -0.00157151 -0.00149414 -0.00154407 -0.00158185 -0.00146233 -0.00154236 -0.00147887 -0.00145384 -0.00150084 -0.0014244 -0.00156715 -0.00154785 -0.00155377 -0.00153397 -0.00145301 -0.00164278 -0.00146957 -0.00149255 -0.00147514 -0.00142515 -0.00155287 -0.00145231 -0.00146663 -0.0015249 -0.00149551 -0.00149996 -0.00146728 -0.00144094 -0.00134799 -0.00128348 -0.00118003 0.00194761 
0.00193736 0.00207561 0.00225076 0.0022814 0.124823 0.00246784 0.00239012 0.00225363 0.00213299 0.00210542 -0.00127163 -0.00142116 -0.00152217 -0.00166256 -0.00175512 -0.00182345 -0.00193879 -0.00191245 -0.00188911 -0.00210669 -0.00193539 -0.00199705 -0.00190019 -0.00184681 -0.00200231 -0.00199862 -0.0017472 -0.00186565 -0.00171504 -0.00181148 -0.00176342 -0.00175084 -0.00179398 -0.00176902 -0.00171348 -0.00158508 -0.00162724 -0.00170852 -0.00169637 -0.00171603 -0.0016251 -0.00159362 -0.00158894 -0.00168187 -0.00162433 -0.00164222 -0.00156612 -0.00158454 -0.00155374 -0.00152799 -0.00150615 -0.00150409 -0.00149979 -0.0014511 -0.00148632 -0.00156128 -0.00150261 -0.00154742 -0.00157348 -0.00148291 -0.00159006 -0.00151462 -0.00143615 -0.00149249 -0.0014742 -0.00144743 -0.00159893 -0.00157586 -0.00156964 -0.00150087 -0.00152871 -0.00156006 -0.00156205 -0.00146928 -0.00150093 -0.00149233 -0.00146457 -0.00151729 -0.00153874 -0.00158705 -0.00150445 -0.00165043 -0.0016084 -0.00161088 -0.00150342 -0.00150872 -0.00159187 -0.00146774 -0.00139212 -0.00150255 -0.00163349 -0.00145097 -0.0015073 -0.00154099 -0.00151824 -0.00159618 -0.00153333 -0.00135422 -0.0013524 -0.00111907 
0.00190597 0.00193821 0.00227783 0.00233387 0.00246784 0.128101 0.00249084 0.00230749 0.00235356 0.00217448 0.00222385 -0.00131764 -0.00142248 -0.0016262 -0.00168343 -0.00168952 -0.00210654 -0.00198023 -0.00207187 -0.0020176 -0.00201623 -0.00204151 -0.0019885 -0.00197344 -0.00210383 -0.00203073 -0.00194942 -0.00187601 -0.0018882 -0.00181509 -0.00196509 -0.00191217 -0.00175765 -0.0017911 -0.00174749 -0.00175302 -0.00178132 -0.00172401 -0.00173344 -0.00172143 -0.00169597 -0.00178764 -0.00171398 -0.00174761 -0.00181266 -0.00169132 -0.00163373 -0.00163324 -0.00162812 -0.0015865 -0.00166049 -0.00156326 -0.00161569 -0.00170332 -0.00163648 -0.00166644 -0.00165069 -0.00164591 -0.00165213 -0.00161577 -0.00160737 -0.00165654 -0.00158293 -0.00161676 -0.00161862 -0.00155069 -0.00158045 -0.00168554 -0.00167775 -0.00161458 -0.00163096 -0.00171445 -0.00161664 -0.00161778 -0.00157262 -0.00158009 -0.00154267 -0.00162486 -0.00156244 -0.00165146 -0.001579 -0.0016241 -0.00155603 -0.00164798 -0.00168649 -0.00164918 -0.00157913 -0.00158766 -0.00162988 -0.00158083 -0.00167616 -0.00161786 -0.00165959 -0.00170049 -0.00163543 -0.00156214 -0.00157665 -0.00137507 -0.00135552 -0.00116482 
-0.00123379 0.00192777 0.00211862 0.00234213 0.00239012 0.00249084 0.129159 0.00253041 0.00246064 0.00241067 0.00240546 0.00205691 -0.00126502 -0.00155411 -0.00176583 -0.00180745 -0.00195571 -0.00193658 -0.00210545 -0.00224757 -0.00206685 -0.00208314 -0.00210262 -0.0019595 -0.00211508 -0.00208155 -0.00195833 -0.00192318 -0.00184716 -0.00187961 -0.00187167 -0.00184991 -0.00179832 -0.00188111 -0.0017529 -0.00168491 -0.0017237 -0.00176038 -0.00183654 -0.00176551 -0.00161533 -0.001717 -0.00173731 -0.00183029 -0.00175726 -0.00178575 -0.00167277 -0.00161675 -0.00163231 -0.00167541 -0.00178468 -0.00167702 -0.00170933 -0.00159401 -0.00166648 -0.00171716 -0.00170003 -0.00171076 -0.00168774 -0.00173286 -0.00165144 -0.00166481 -0.0015515 -0.00155155 -0.00158062 -0.00158864 -0.00170402 -0.00163854 -0.00172334 -0.00158606 -0.00171034 -0.00155753 -0.00164963 -0.00161859 -0.00153247 -0.00151372 -0.00151106 -0.00165862 -0.00170698 -0.00166294 -0.00160685 -0.00163268 -0.00170452 -0.00164399 -0.0016654 -0.00165462 -0.00169148 -0.00162072 -0.00163589 -0.00170966 -0.00163906 -0.00160072 -0.00153826 -0.00167707 -0.0016133 -0.00154958 -0.00161867 -0.0015506 -0.00146504 -0.00127826 
-0.0012952 -0.00123927 0.00204999 0.00213159 0.00225363 0.00230749 0.00253041 0.130261 0.00263302 0.0024272 0.00242453 0.00237796 0.0022357 -0.00142861 -0.00156006 -0.00159163 -0.0017973 -0.0020087 -0.00208154 -0.00229223 -0.00204344 -0.00193745 -0.00209612 -0.00197065 -0.00214735 -0.00214808 -0.00197135 -0.00193096 -0.00190133 -0.00190987 -0.00205522 -0.00189992 -0.00190242 -0.00188986 -0.00172 -0.0017622 -0.00179457 -0.00187015 -0.00184548 -0.00183257 -0.00178775 -0.00173865 -0.00172628 -0.00170163 -0.00176654 -0.00173585 -0.00169989 -0.00173927 -0.00174361 -0.00166897 -0.00168568 -0.00166184 -0.00171344 -0.00171102 -0.00166337 -0.00164452 -0.00166888 -0.00161946 -0.00178386 -0.00162009 -0.00165782 -0.00168586 -0.00160861 -0.00162874 -0.00167557 -0.00156435 -0.00163424 -0.00165064 -0.00161117 -0.00167374 -0.00158425 -0.00162654 -0.00161216 -0.00165566 -0.00158059 -0.00165565 -0.00163886 -0.00174573 -0.00169806 -0.00168214 -0.00164042 -0.00171758 -0.00161691 -0.00176296 -0.00170071 -0.00164897 -0.00169442 -0.00164726 -0.00159687 -0.00161348 -0.00170003 -0.00170303 -0.00156874 -0.00175192 -0.00162298 -0.00159259 -0.00166247 -0.00160892 -0.0015257 -0.00138232 
-0.00140451 -0.00126745 -0.00122899 0.00212899 0.00213299 0.00235356 0.00246064 0.00263302 0.131485 0.00254985 0.00245361 0.00236762 0.00236463 0.00228327 -0.00151948 -0.00162064 -0.00171479 -0.00192802 -0.00195831 -0.00221404 -0.00215645 -0.00212971 -0.00212184 -0.00194323 -0.00212845 -0.00215432 -0.0020195 -0.00199369 -0.00192526 -0.00192068 -0.00199624 -0.00193839 -0.0019469 -0.00196291 -0.00171236 -0.00176194 -0.00185167 -0.00184305 -0.00183696 -0.00188719 -0.00177074 -0.00178255 -0.00179808 -0.00179636 -0.00186514 -0.00178621 -0.00178334 -0.00167184 -0.00173669 -0.00167548 -0.00173516 -0.0017454 -0.00179133 -0.00177149 -0.00170581 -0.00167649 -0.0016529 -0.00160795 -0.00170607 -0.00167034 -0.00160379 -0.00165307 -0.00164418 -0.00159734 -0.00161087 -0.00179686 -0.00170254 -0.0017057 -0.00173639 -0.00167849 -0.00174292 -0.00168371 -0.00162076 -0.00165062 -0.00160969 -0.00162144 -0.00167364 -0.00166843 -0.00169462 -0.00170283 -0.00169155 -0.00159703 -0.00166682 -0.00176908 -0.00170911 -0.00170106 -0.00162617 -0.0015981 -0.00169358 -0.00163445 -0.00168129 -0.00172822 -0.0016831 -0.00164579 -0.00158259 -0.00161751 -0.00170442 -0.00160898 -0.00163224 -0.00142819 
-0.00140543 -0.00133479 -0.00127848 -0.00106541 0.00210542 0.00217448 0.00241067 0.0024272 0.00254985 0.129718 0.00255925 0.00242772 0.00246018 0.00229251 -0.00150479 -0.00153484 -0.00168333 -0.00183546 -0.0019023 -0.0021095 -0.00201596 -0.00208645 -0.00202092 -0.00188755 -0.0020858 -0.00200327 -0.00192784 -0.00191475 -0.00191232 -0.00183757 -0.00188438 -0.00179096 -0.00178831 -0.00183233 -0.00164864 -0.00162749 -0.00182834 -0.00180255 -0.00178328 -0.00178863 -0.00168966 -0.00166576 -0.00174566 -0.00177113 -0.00166421 -0.00176073 -0.00160847 -0.00158472 -0.00169929 -0.0016602 -0.00158563 -0.00169262 -0.00160408 -0.00169759 -0.00160456 -0.00162091 -0.00165225 -0.00164304 -0.00163932 -0.00159136 -0.0015981 -0.00157365 -0.00154525 -0.00153322 -0.00160199 -0.00161737 -0.00160104 -0.00162979 -0.00163937 -0.00164582 -0.00164604 -0.00162038 -0.00164269 -0.00155011 -0.00161995 -0.00159484 -0.001574 -0.00160161 -0.00165884 -0.00159007 -0.0016348 -0.00167506 -0.00163923 -0.00173736 -0.00166142 -0.00164457 -0.00164218 -0.0015847 -0.00158476 -0.00167078 -0.00167873 -0.00163246 -0.0016165 -0.00166556 -0.00167218 -0.00157192 -0.00163298 -0.00159106 -0.00165571 -0.0015467 
-0.00164321 -0.00144214 -0.00142701 -0.00132341 -0.00127163 0.00222385 0.00240546 0.00242453 0.00245361 0.00255925 0.134774 0.00272408 0.00260961 0.00260931 0.00225956 0.00233858 -0.00156969 -0.00168939 -0.00179203 -0.00208797 -0.00207694 -0.00223914 -0.00222327 -0.001972 -0.00223207 -0.00212304 -0.00213235 -0.0020621 -0.00201351 -0.0020683 -0.00207785 -0.00200997 -0.00193193 -0.00195233 -0.00187175 -0.0018454 -0.00198764 -0.00183976 -0.00196348 -0.0018439 -0.00181731 -0.00171579 -0.00182201 -0.00182565 -0.00188675 -0.00176688 -0.00182233 -0.00183718 -0.00172873 -0.00178347 -0.00166881 -0.00178468 -0.00180288 -0.00184052 -0.00177083 -0.00172365 -0.00172593 -0.00180183 -0.00178822 -0.00165292 -0.0017361 -0.00172656 -0.00169853 -0.00166771 -0.00175763 -0.00176636 -0.00181277 -0.00173176 -0.00186747 -0.00170572 -0.00180566 -0.00178695 -0.00176912 -0.00182826 -0.00159219 -0.00169236 -0.00163729 -0.00168747 -0.00167671 -0.00177364 -0.0017324 -0.0017099 -0.00168609 -0.00159588 -0.00164293 -0.00176571 -0.00174281 -0.00173304 -0.00174429 -0.0017121 -0.00169225 -0.00179325 -0.00178549 -0.00170289 -0.00175326 -0.00170375 -0.00175339 -0.00167164 -0.00179232 -0.00166889 
-0.001697 -0.00166119 -0.00167275 -0.00153516 -0.00142116 -0.00131764 0.00205691 0.00237796 0.00236762 0.00242772 0.00272408 0.136443 0.00290436 0.00270817 0.00239416 0.00252256 0.00231446 -0.00171205 -0.00175851 -0.00195897 -0.0020798 -0.00208424 -0.00221639 -0.00210327 -0.00225403 -0.00231837 -0.00198499 -0.00205746 -0.00203528 -0.00202698 -0.001995 -0.00198486 -0.00199903 -0.00197072 -0.00186045 -0.00186622 -0.00187017 -0.00188589 -0.0018331 -0.00195149 -0.00174709 -0.00178367 -0.00191924 -0.00179724 -0.00187547 -0.00190564 -0.0018378 -0.00182363 -0.00181063 -0.00170816 -0.00187216 -0.001724 -0.00181351 -0.00169724 -0.00173942 -0.00176939 -0.00167888 -0.00180201 -0.00177242 -0.00183829 -0.00173709 -0.00171489 -0.00170527 -0.00168297 -0.00172173 -0.00177347 -0.00174314 -0.00170169 -0.00178061 -0.00174223 -0.00176634 -0.00176609 -0.00182425 -0.00176838 -0.00162694 -0.00164054 -0.00171907 -0.00188872 -0.001766 -0.00180504 -0.00174471 -0.00174744 -0.00181981 -0.00190896 -0.00175231 -0.00179612 -0.0017827 -0.00171738 -0.00167233 -0.00174083 -0.00179632 -0.00173325 -0.00178177 -0.00172317 -0.00181108 -0.00175187 -0.00179933 -0.00173844 -0.00179105 -0.0017299 
-0.00167697 -0.00168105 -0.00160453 -0.00153052 -0.00152217 -0.00142248 -0.00126502 0.0022357 0.00236463 0.00246018 0.00260961 0.00290436 0.135154 0.00283913 0.00248406 0.00260049 0.00242162 -0.00161532 -0.00148772 -0.00178793 -0.00200153 -0.00197391 -0.00206314 -0.00192753 -0.00212646 -0.0021909 -0.00206918 -0.00200615 -0.00202367 -0.00198839 -0.00205564 -0.00196105 -0.00190757 -0.00194659 -0.00182634 -0.00176559 -0.00180811 -0.00189016 -0.00181827 -0.00188489 -0.00177927 -0.00184769 -0.00184743 -0.00174877 -0.00170411 -0.00178725 -0.00170478 -0.00180485 -0.00176808 -0.00167417 -0.00175336 -0.00169735 -0.00181002 -0.00175388 -0.00176983 -0.00175025 -0.00179506 -0.00173992 -0.00174705 -0.00173727 -0.00171695 -0.00171139 -0.00164522 -0.00164866 -0.00168391 -0.00172156 -0.00169575 -0.0016469 -0.00168872 -0.00168878 -0.00177965 -0.00174466 -0.00172679 -0.00172412 -0.0015744 -0.00166546 -0.00168547 -0.00173878 -0.00173203 -0.00177247 -0.00177023 -0.00177956 -0.00174943 -0.00172626 -0.00176357 -0.00163797 -0.00166017 -0.00161175 -0.00163903 -0.00168241 -0.00172393 -0.00171047 -0.00170161 -0.00166344 -0.00175761 -0.0016894 -0.00169613 -0.00176849 -0.00164852 -0.00165316 
-0.00178234 -0.001723 -0.00183007 -0.00178732 -0.00166256 -0.0016262 -0.00155411 -0.00142861 0.00228327 0.00229251 0.00260931 0.00270817 0.00283913 0.140326 0.00275745 0.0028809 0.00276937 0.00246629 0.00249561 -0.00176353 -0.00190631 -0.0018916 -0.00203629 -0.00215759 -0.00231933 -0.0022446 -0.00217312 -0.00230214 -0.00208151 -0.0020866 -0.0021929 -0.00212013 -0.00206926 -0.00215535 -0.00185659 -0.00199945 -0.00202029 -0.00199061 -0.00206653 -0.00197079 -0.00194516 -0.00183458 -0.00191506 -0.00193662 -0.00202688 -0.00190722 -0.00180559 -0.0018365 -0.00184599 -0.00184095 -0.00192292 -0.00182381 -0.00182017 -0.00181129 -0.00189309 -0.00175922 -0.00180344 -0.00191118 -0.00184704 -0.00182623 -0.00180368 -0.00185048 -0.00180539 -0.00173749 -0.00182921 -0.00185484 -0.00184483 -0.00166225 -0.00175462 -0.00175639 -0.00187463 -0.00182212 -0.00178588 -0.00186343 -0.00174611 -0.00175706 -0.00167221 -0.00191156 -0.00179784 -0.00181133 -0.00180909 -0.00182888 -0.00182394 -0.00181363 -0.00174834 -0.00180574 -0.00192575 -0.00178001 -0.00174309 -0.00185829 -0.00183558 -0.00180007 -0.00186602 -0.00182753 -0.00184063 -0.0018692 -0.0018186 -0.00174219 -0.00184811 -0.00179025 
-0.00174063 -0.0017912 -0.00182014 -0.0017276 -0.00175512 -0.00168343 -0.00176583 -0.00156006 -0.00151948 -0.00150479 0.00225956 0.00239416 0.00248406 0.00275745 0.139665 0.00297316 0.00287896 0.00266631 0.00281841 0.00269318 -0.00167454 -0.00166226 -0.00179902 -0.00196274 -0.00207424 -0.00226148 -0.00209013 -0.00213309 -0.00205771 -0.00211088 -0.00211437 -0.00204167 -0.00206095 -0.00187896 -0.00188043 -0.00186682 -0.00195349 -0.00200793 -0.00194294 -0.00196153 -0.00192195 -0.00183406 -0.00194571 -0.00187031 -0.00190477 -0.00185184 -0.00184489 -0.00177575 -0.0017729 -0.00184053 -0.00181448 -0.00182068 -0.00177766 -0.00176716 -0.00180604 -0.00180276 -0.00186881 -0.00177544 -0.00180196 -0.00175301 -0.00165745 -0.00178973 -0.00166166 -0.00174814 -0.0017814 -0.00175603 -0.00183153 -0.00164665 -0.00181292 -0.00179747 -0.00175683 -0.00177926 -0.00175378 -0.00179325 -0.001728 -0.00169511 -0.00168155 -0.00176456 -0.00169818 -0.00172936 -0.00178895 -0.0017761 -0.00182174 -0.00176927 -0.00168197 -0.00178259 -0.00178483 -0.00167832 -0.0018133 -0.0018357 -0.00175509 -0.00175258 -0.00175867 -0.00179664 -0.00187893 -0.00184239 -0.00178787 -0.00185524 -0.00184574 -0.00176769 
-0.00174732 -0.00189028 -0.0018498 -0.00185495 -0.00182345 -0.00168952 -0.00180745 -0.00159163 -0.00162064 -0.00153484 0.00233858 0.00252256 0.00260049 0.0028809 0.00297316 0.14103 0.00296797 0.00281382 0.00275699 0.00241484 -0.00172931 -0.00169321 -0.00184327 -0.00193101 -0.00210638 -0.00221771 -0.00213895 -0.00216072 -0.00205892 -0.00210103 -0.00202245 -0.00200964 -0.00209578 -0.0020377 -0.00193761 -0.00190881 -0.00196099 -0.00200799 -0.00197795 -0.00199237 -0.00182977 -0.00193586 -0.00195403 -0.00195969 -0.0019835 -0.00191676 -0.00186961 -0.0017198 -0.00180804 -0.00178403 -0.00173906 -0.00183615 -0.00179024 -0.00174739 -0.00175669 -0.00187362 -0.00180991 -0.00180393 -0.00176564 -0.00185435 -0.0017067 -0.00180647 -0.00160488 -0.00170178 -0.00175492 -0.00178436 -0.00179862 -0.00180355 -0.00175742 -0.00178051 -0.00182176 -0.00189378 -0.00182653 -0.00191298 -0.00171726 -0.00164723 -0.00164404 -0.00176017 -0.00179372 -0.00172269 -0.00171143 -0.001829 -0.00177603 -0.00180549 -0.00179533 -0.00177833 -0.00188252 -0.00180191 -0.00172351 -0.00175556 -0.00179312 -0.00180819 -0.00184097 -0.00184905 -0.00176472 -0.00178877 -0.00183584 -0.00178757 -0.00187628 -0.00177638 
-0.00184394 -0.00191352 -0.00203128 -0.00184802 -0.00193879 -0.00210654 -0.00195571 -0.0017973 -0.00171479 -0.00168333 -0.00156969 0.00231446 0.00242162 0.00276937 0.00287896 0.00296797 0.146068 0.00296948 0.00298414 0.00287633 0.0026196 0.00254602 -0.00155866 -0.00181961 -0.00200089 -0.00207618 -0.00219033 -0.00232241 -0.00230065 -0.00219695 -0.00227434 -0.00223307 -0.00217076 -0.00209289 -0.0019487 -0.00203837 -0.00209502 -0.00201106 -0.00207228 -0.00200026 -0.00192044 -0.00206931 -0.0021289 -0.00202812 -0.00200487 -0.00211237 -0.00200968 -0.00187549 -0.00196121 -0.00197741 -0.00195317 -0.00184381 -0.00187671 -0.00191997 -0.00191823 -0.00191468 -0.00191717 -0.00191149 -0.00198317 -0.0019763 -0.001885 -0.00190973 -0.00178526 -0.00187155 -0.00188902 -0.00197914 -0.00189266 -0.00194307 -0.00195067 -0.00194885 -0.001907 -0.00192599 -0.00195222 -0.00191654 -0.00174682 -0.00182713 -0.00181242 -0.00183284 -0.00191802 -0.00190828 -0.00185616 -0.00194814 -0.00189625 -0.00201517 -0.00187463 -0.00198015 -0.00190123 -0.00187193 -0.001861 -0.00203491 -0.00201592 -0.00188515 -0.00191758 -0.00190707 -0.00199307 -0.00190264 -0.00194929 -0.00191822 -0.0019356 -0.00184214 
-0.0018781 -0.00196394 -0.00192865 -0.00196036 -0.00191245 -0.00198023 -0.00193658 -0.0020087 -0.00192802 -0.00183546 -0.00168939 -0.00171205 -0.00161532 0.00246629 0.00266631 0.00281382 0.00296948 0.144492 0.00329931 0.00315529 0.00281837 0.00279468 0.00276133 -0.00151668 -0.00172525 -0.0019026 -0.00196575 -0.00210903 -0.00197459 -0.00213895 -0.00213417 -0.00217429 -0.00197479 -0.00199178 -0.00202645 -0.00187626 -0.00199701 -0.00211624 -0.00197167 -0.00193895 -0.00193547 -0.00187873 -0.00200994 -0.00195443 -0.00188572 -0.00199687 -0.00192433 -0.00188658 -0.00196855 -0.00191756 -0.00190794 -0.00190521 -0.00193348 -0.00187841 -0.00185036 -0.00190987 -0.00181383 -0.00188802 -0.00181654 -0.00179245 -0.00195192 -0.00184257 -0.00170205 -0.00180842 -0.00196217 -0.00186752 -0.00189125 -0.00192662 -0.00193641 -0.00187927 -0.0018683 -0.001876 -0.0018612 -0.00184982 -0.00182898 -0.0017633 -0.00184004 -0.00177508 -0.00191184 -0.00182829 -0.00181416 -0.00185223 -0.00187851 -0.00183713 -0.00189042 -0.00193739 -0.00184033 -0.00174841 -0.00186474 -0.00180291 -0.00184579 -0.00188261 -0.00184841 -0.00188948 -0.00183462 -0.00189838 -0.0019137 -0.00183585 -0.00190798 -0.00180477 
-0.00194184 -0.00192882 -0.0018999 -0.00183887 -0.00188911 -0.00207187 -0.00210545 -0.00208154 -0.00195831 -0.0019023 -0.00179203 -0.00175851 -0.00148772 0.00249561 0.00281841 0.00275699 0.00298414 0.00329931 0.145431 0.00319766 0.00285718 0.00284576 0.00266461 -0.00158379 -0.00187296 -0.00186191 -0.0020768 -0.00214873 -0.00210094 -0.0021106 -0.00222046 -0.00208431 -0.00219931 -0.00220998 -0.00196664 -0.00197068 -0.00204897 -0.00204765 -0.00207504 -0.00198882 -0.00195044 -0.00191396 -0.00205298 -0.00190008 -0.00203588 -0.00195435 -0.00200428 -0.0018712 -0.00190441 -0.00185947 -0.00192266 -0.00188122 -0.00180974 -0.00189075 -0.00187083 -0.00181989 -0.00188725 -0.00196657 -0.00191618 -0.00188537 -0.00191309 -0.00185015 -0.00177302 -0.0018232 -0.0018826 -0.00186318 -0.00182353 -0.00183265 -0.00187006 -0.00189567 -0.00182852 -0.00186932 -0.00191934 -0.00178235 -0.00175836 -0.00185748 -0.00181837 -0.00186295 -0.00180901 -0.00187571 -0.00185811 -0.00181412 -0.00181698 -0.00178767 -0.0018411 -0.00186331 -0.00188815 -0.0016904 -0.00182173 -0.00186789 -0.00187349 -0.00185902 -0.00190743 -0.0018623 -0.00189526 -0.00188695 -0.00186959 -0.00185138 -0.00182051 -0.0018454 
-0.00191143 -0.00201595 -0.00210567 -0.00211209 -0.00210669 -0.0020176 -0.00224757 -0.00229223 -0.00221404 -0.0021095 -0.00208797 -0.00195897 -0.00178793 -0.00176353 0.00269318 0.00241484 0.00287633 0.00315529 0.00319766 0.149194 0.00305983 0.00307322 0.00288554 0.00258014 0.00272675 -0.00179433 -0.00191673 -0.00186731 -0.00214111 -0.00207223 -0.00227945 -0.00230232 -0.00225417 -0.00218197 -0.00203377 -0.00199305 -0.00219802 -0.00213087 -0.00211052 -0.00213366 -0.0019745 -0.00196255 -0.00208801 -0.00211124 -0.00201136 -0.00209181 -0.00206716 -0.00195802 -0.00198719 -0.00208089 -0.00206725 -0.00191436 -0.00188735 -0.00205715 -0.00198938 -0.00199203 -0.00201058 -0.00196364 -0.0018881 -0.00191042 -0.00194672 -0.00202605 -0.00190771 -0.00184409 -0.00199952 -0.00198232 -0.00197505 -0.00191573 -0.00200151 -0.0019669 -0.00197026 -0.00196866 -0.00190277 -0.00192442 -0.00178925 -0.00192019 -0.00192186 -0.00191045 -0.00195542 -0.00196983 -0.00198464 -0.00195873 -0.00190208 -0.00197396 -0.00185043 -0.00205542 -0.00202058 -0.00196361 -0.00187987 -0.00194358 -0.00190106 -0.00189408 -0.00202016 -0.00197176 -0.00196752 -0.00192609 -0.00187536 -0.00186749 -0.00197774 -0.00197037 
-0.00185108 -0.00180869 -0.00202882 -0.00203761 -0.00193539 -0.00201623 -0.00206685 -0.00204344 -0.00215645 -0.00201596 -0.00207694 -0.0020798 -0.00200153 -0.00190631 -0.00167454 -0.00172931 0.0026196 0.00281837 0.00285718 0.00305983 0.146659 0.00322257 0.00323097 0.00284195 0.0027672 0.00266566 -0.0017179 -0.0018091 -0.00189286 -0.0018447 -0.00203396 -0.00211126 -0.00210379 -0.00217541 -0.00201094 -0.00200087 -0.0021301 -0.00206622 -0.00208438 -0.00207049 -0.00194811 -0.00193055 -0.00200904 -0.00200723 -0.00192164 -0.00196698 -0.00194519 -0.00185903 -0.00180117 -0.00182383 -0.00183486 -0.00184593 -0.00189852 -0.00189717 -0.00183584 -0.0018074 -0.00194506 -0.00192073 -0.00183239 -0.00186224 -0.00182517 -0.00182878 -0.00179212 -0.00180588 -0.00184399 -0.00195644 -0.00200586 -0.00192864 -0.00181581 -0.00191863 -0.00192962 -0.00189478 -0.00178994 -0.0019252 -0.00187448 -0.00178723 -0.00194795 -0.00195107 -0.00189857 -0.00188044 -0.0018695 -0.0019232 -0.00181281 -0.00188296 -0.00183776 -0.0018607 -0.00187101 -0.00179689 -0.00186351 -0.00185578 -0.00182735 -0.00192512 -0.00186922 -0.00194981 -0.00204164 -0.00188286 -0.00192138 -0.00192288 -0.00195913 -0.00189485 
-0.00179578 -0.00186764 -0.0019437 -0.00198499 -0.00199705 -0.00204151 -0.00208314 -0.00193745 -0.00212971 -0.00208645 -0.00223914 -0.00208424 -0.00197391 -0.0018916 -0.00166226 -0.00169321 0.00254602 0.00279468 0.00284576 0.00307322 0.00322257 0.146307 0.00327353 0.00287541 0.00278992 0.00263912 -0.00172042 -0.00174063 -0.00183626 -0.00183335 -0.00193874 -0.00212307 -0.00212006 -0.00212853 -0.00198385 -0.00197152 -0.0019615 -0.00205257 -0.0020978 -0.00205447 -0.00178512 -0.00196652 -0.00196703 -0.00197411 -0.00198365 -0.00196217 -0.00194243 -0.00191712 -0.00186644 -0.00191915 -0.00187121 -0.00189434 -0.00191335 -0.00193206 -0.00180661 -0.00181349 -0.00194619 -0.00187831 -0.001749 -0.00197755 -0.00187239 -0.00195898 -0.00177549 -0.00178924 -0.00183693 -0.00197604 -0.00192981 -0.00182261 -0.00191577 -0.00190566 -0.00188884 -0.0018533 -0.00185992 -0.00189034 -0.00179856 -0.00184198 -0.00187285 -0.00188105 -0.00196395 -0.00189334 -0.00190398 -0.0019123 -0.00179729 -0.00190258 -0.00192965 -0.001888 -0.00184853 -0.00184555 -0.00183796 -0.00196738 -0.00197228 -0.00187372 -0.00180311 -0.00192951 -0.0019697 -0.00196531 -0.00186538 -0.00195936 -0.0018282 -0.00180051 
-0.00179388 -0.00201153 -0.00180777 -0.00186543 -0.00190019 -0.0019885 -0.00210262 -0.00209612 -0.00212184 -0.00202092 -0.00222327 -0.00221639 -0.00206314 -0.00203629 -0.00179902 -0.00184327 -0.00155866 0.00276133 0.00266461 0.00288554 0.00323097 0.00327353 0.145599 0.00298046 0.00302309 0.00276652 0.00237856 -0.00169942 -0.00171358 -0.00181022 -0.00195785 -0.00211689 -0.00210238 -0.00208969 -0.00197519 -0.00189749 -0.00208641 -0.00210112 -0.00200099 -0.00199335 -0.00190757 -0.0019519 -0.0019855 -0.00201219 -0.00189844 -0.00201158 -0.00198419 -0.00194374 -0.00188591 -0.00181739 -0.00186104 -0.00192554 -0.00187388 -0.00180948 -0.00182028 -0.0019576 -0.00189703 -0.00183375 -0.0018558 -0.00182598 -0.00190402 -0.00192141 -0.00179094 -0.00183956 -0.00193631 -0.00177275 -0.00190131 -0.00188027 -0.00187413 -0.00193721 -0.00182126 -0.00187816 -0.00178257 -0.00178468 -0.00178756 -0.0017213 -0.00178318 -0.00185345 -0.00186317 -0.00187286 -0.00193465 -0.00184054 -0.00186824 -0.00183579 -0.00188962 -0.00197394 -0.00182712 -0.00169486 -0.001756 -0.00195398 -0.00190431 -0.00190179 -0.00182955 -0.00194559 -0.00195878 -0.00189819 -0.00196947 -0.0018477 -0.00193856 -0.00183664 
-0.00179279 -0.00177861 -0.00181479 -0.00185859 -0.00184681 -0.00197344 -0.0019595 -0.00197065 -0.00194323 -0.00188755 -0.001972 -0.00210327 -0.00192753 -0.00215759 -0.00196274 -0.00193101 -0.00181961 -0.00151668 -0.00158379 0.00258014 0.00284195 0.00287541 0.00298046 0.140883 0.00303499 0.00275654 0.00252546 0.00237208 -0.00158575 -0.00150242 -0.00167541 -0.00177119 -0.00180068 -0.0020451 -0.00196901 -0.00186366 -0.00194617 -0.00199604 -0.00186505 -0.0019119 -0.00176564 -0.00183418 -0.00186481 -0.00181773 -0.00188608 -0.00189665 -0.00168429 -0.00175943 -0.00174989 -0.00179514 -0.00175948 -0.0018256 -0.00176073 -0.00173066 -0.00175192 -0.00179821 -0.00177178 -0.00172421 -0.00178519 -0.00183443 -0.00178229 -0.00179591 -0.00163779 -0.00162633 -0.00177962 -0.001658 -0.00177586 -0.00179807 -0.00168205 -0.00182639 -0.00176161 -0.00170929 -0.0017224 -0.00168915 -0.00174788 -0.00167079 -0.00171327 -0.00178271 -0.001714 -0.00168362 -0.00175128 -0.00183452 -0.00173568 -0.00175577 -0.00174554 -0.00168343 -0.00174903 -0.00168103 -0.00167204 -0.00176174 -0.00170283 -0.00169019 -0.00181046 -0.00179801 -0.00174196 -0.00169582 -0.00166374 -0.0017615 -0.00182422 -0.00170537 
-0.00193728 -0.00191865 -0.00200871 -0.00201625 -0.00200231 -0.00210383 -0.00211508 -0.00214735 -0.00212845 -0.0020858 -0.00223207 -0.00225403 -0.00212646 -0.00231933 -0.00207424 -0.00210638 -0.00200089 -0.00172525 -0.00187296 0.00272675 0.0027672 0.00278992 0.00302309 0.00303499 0.146252 0.0031033 0.00268399 0.0026176 0.00243747 0.00240964 -0.00161677 -0.00170853 -0.00176341 -0.00192115 -0.00199892 -0.00199755 -0.00206533 -0.00207291 -0.00213572 -0.00206856 -0.00188606 -0.00199121 -0.00206744 -0.00208014 -0.00211509 -0.00204998 -0.00199345 -0.00190795 -0.00190809 -0.00195213 -0.00182005 -0.00197125 -0.00194089 -0.00189062 -0.00193369 -0.00191534 -0.00199456 -0.0018709 -0.00195997 -0.00194497 -0.00186359 -0.00188886 -0.00184972 -0.00182466 -0.00195053 -0.00182939 -0.00193854 -0.00190132 -0.00187068 -0.00196644 -0.00199821 -0.00189904 -0.00187615 -0.00187315 -0.00180035 -0.00180128 -0.00178974 -0.00193721 -0.00190602 -0.0018762 -0.00207693 -0.00193892 -0.00194324 -0.00192567 -0.00195815 -0.00201739 -0.00196149 -0.00181157 -0.00182147 -0.00189095 -0.00192143 -0.0019058 -0.0018614 -0.00196995 -0.00199867 -0.00195387 -0.00203327 -0.00191573 -0.00184697 -0.0017338 
-0.00196038 -0.00191629 -0.00191305 -0.00194029 -0.00199862 -0.00203073 -0.00208155 -0.00214808 -0.00215432 -0.00200327 -0.00212304 -0.00231837 -0.0021909 -0.0022446 -0.00226148 -0.00221771 -0.00207618 -0.0019026 -0.00186191 -0.00179433 0.00266566 0.00263912 0.00276652 0.00275654 0.0031033 0.144232 0.00283785 0.00265553 0.0025445 0.00254728 0.00224428 -0.00150126 -0.00159639 -0.0016682 -0.00182994 -0.00175487 -0.00200957 -0.00209152 -0.00205827 -0.0020378 -0.00188176 -0.00205109 -0.00205384 -0.00202474 -0.00196391 -0.00203906 -0.0018582 -0.00191995 -0.00187954 -0.0019307 -0.00190208 -0.00192045 -0.00202368 -0.00190101 -0.00191032 -0.00193094 -0.00189359 -0.0018851 -0.00188066 -0.00189371 -0.0018834 -0.00183206 -0.00187498 -0.00182902 -0.00176849 -0.00185067 -0.00187534 -0.00192642 -0.00186524 -0.00181877 -0.00186747 -0.00185682 -0.00187116 -0.00189725 -0.00179297 -0.00185695 -0.00175969 -0.00190715 -0.00185253 -0.0020162 -0.0019077 -0.00192229 -0.00192281 -0.0019433 -0.00189842 -0.00185663 -0.00187406 -0.00170383 -0.00174684 -0.00191681 -0.00182289 -0.00180899 -0.00187167 -0.00190594 -0.00192411 -0.00184613 -0.00193338 -0.00185195 -0.00188636 -0.00181565 
-0.00177502 -0.00175329 -0.00185568 -0.00179471 -0.0017472 -0.00194942 -0.00195833 -0.00197135 -0.0020195 -0.00192784 -0.00213235 -0.00198499 -0.00206918 -0.00217312 -0.00209013 -0.00213895 -0.00219033 -0.00196575 -0.0020768 -0.00191673 -0.0017179 -0.00172042 0.00237856 0.00252546 0.00268399 0.00283785 0.139008 0.00282264 0.00263724 0.00254524 0.00241171 0.00239323 -0.00139608 -0.00151762 -0.00162744 -0.0016168 -0.00169393 -0.00191327 -0.00188055 -0.0019358 -0.00185047 -0.00185042 -0.00193964 -0.00179318 -0.0018064 -0.00188669 -0.00171875 -0.00173521 -0.00178743 -0.00171096 -0.00179416 -0.00177367 -0.00176487 -0.00172739 -0.00178911 -0.00181514 -0.00178806 -0.00172533 -0.00181027 -0.00179326 -0.00173693 -0.00172291 -0.00164928 -0.00165067 -0.00182011 -0.00175187 -0.00182041 -0.00182494 -0.00183271 -0.00175003 -0.00167172 -0.00175964 -0.00169927 -0.00179873 -0.00167598 -0.00169759 -0.00170689 -0.00177998 -0.00180198 -0.00171647 -0.00178371 -0.00180732 -0.00183265 -0.00183634 -0.00169353 -0.00170844 -0.00175899 -0.00161449 -0.00162382 -0.00173599 -0.00167723 -0.00174685 -0.0017568 -0.00181765 -0.00184648 -0.00175267 -0.0017714 -0.00177467 -0.00175726 -0.00170834 
-0.00175197 -0.00170992 -0.00174161 -0.00175771 -0.00186565 -0.00187601 -0.00192318 -0.00193096 -0.00199369 -0.00191475 -0.0020621 -0.00205746 -0.00200615 -0.00230214 -0.00213309 -0.00216072 -0.00232241 -0.00210903 -0.00214873 -0.00186731 -0.0018091 -0.00174063 -0.00169942 0.00237208 0.0026176 0.00265553 0.00282264 0.137115 0.00266663 0.00271677 0.00267507 0.00245379 0.00231211 -0.00133751 -0.00151191 -0.00143023 -0.00159111 -0.00177221 -0.00185054 -0.00185137 -0.00174394 -0.00183532 -0.00183726 -0.00188211 -0.00177096 -0.00193825 -0.00167933 -0.00176439 -0.00176777 -0.00172348 -0.00162906 -0.00174144 -0.00179128 -0.00172933 -0.00169646 -0.00178584 -0.00177624 -0.00172255 -0.00165517 -0.00163583 -0.00175154 -0.00173317 -0.00157845 -0.00162469 -0.00170915 -0.00168077 -0.00173145 -0.001724 -0.00177354 -0.00176317 -0.00175973 -0.00169479 -0.00177576 -0.00172972 -0.00167493 -0.00168802 -0.00163512 -0.00171502 -0.00182634 -0.00175863 -0.00179227 -0.0016778 -0.00171732 -0.00174839 -0.00177165 -0.00175202 -0.0017915 -0.00158082 -0.00172994 -0.00173319 -0.00177611 -0.0017577 -0.00181113 -0.00169138 -0.00170743 -0.00171479 -0.00174326 -0.0018426 -0.00168491 -0.00172044 
-0.0017353 -0.00168914 -0.00176565 -0.00190575 -0.00171504 -0.0018882 -0.00184716 -0.00190133 -0.00192526 -0.00191232 -0.00201351 -0.00203528 -0.00202367 -0.00208151 -0.00205771 -0.00205892 -0.00230065 -0.00197459 -0.00210094 -0.00214111 -0.00189286 -0.00183626 -0.00171358 -0.00158575 0.00243747 0.0025445 0.00263724 0.00266663 0.135298 0.00277235 0.00262873 0.00253567 0.00231804 0.00223032 -0.00129213 -0.00142143 -0.00155185 -0.00159313 -0.00175341 -0.00174913 -0.00174629 -0.00164965 -0.00179583 -0.00183746 -0.0018393 -0.00178213 -0.00168025 -0.00176673 -0.00176658 -0.0016864 -0.00178664 -0.00171183 -0.00179388 -0.00173185 -0.00175294 -0.00162064 -0.00177545 -0.00179052 -0.0017123 -0.00167575 -0.00168939 -0.00171625 -0.00154067 -0.00164366 -0.00172461 -0.00176217 -0.00160677 -0.00170148 -0.00173362 -0.00169023 -0.00173951 -0.00167192 -0.00169211 -0.0016388 -0.00158902 -0.00167417 -0.00165971 -0.00179898 -0.00176456 -0.001784 -0.00176321 -0.00171306 -0.0017639 -0.00170172 -0.00170262 -0.00164388 -0.00177279 -0.00157764 -0.00166715 -0.00175189 -0.00170647 -0.00171325 -0.00172989 -0.00158764 -0.00165895 -0.00166503 -0.00172571 -0.00168351 -0.0017355 -0.0016185 
-0.00166846 -0.00183071 -0.0017111 -0.00168978 -0.00181148 -0.00181509 -0.00187961 -0.00190987 -0.00192068 -0.00183757 -0.0020683 -0.00202698 -0.00198839 -0.0020866 -0.00211088 -0.00210103 -0.00219695 -0.00213895 -0.0021106 -0.00207223 -0.0018447 -0.00183335 -0.00181022 -0.00150242 0.00240964 0.00254728 0.00254524 0.00271677 0.00277235 0.134033 0.00272229 0.00254235 0.00242753 0.00217978 -0.00131924 -0.00128332 -0.00140064 -0.00155454 -0.00168244 -0.00171497 -0.00174801 -0.00167141 -0.00183468 -0.00191169 -0.00185467 -0.00179158 -0.00175901 -0.00170402 -0.0016917 -0.00174563 -0.00166498 -0.00164758 -0.00167216 -0.0017373 -0.00171918 -0.00164603 -0.00167585 -0.0017152 -0.00171867 -0.00169985 -0.00172727 -0.00167244 -0.00160577 -0.00154929 -0.00172046 -0.00167473 -0.00169709 -0.00168476 -0.00165111 -0.00175488 -0.00164974 -0.00165327 -0.00159207 -0.00176358 -0.00158905 -0.00157583 -0.00162498 -0.00172465 -0.00168713 -0.00170919 -0.00168723 -0.00178671 -0.0017007 -0.0017412 -0.0016917 -0.00174141 -0.00177378 -0.00158884 -0.00164808 -0.00168374 -0.00174096 -0.00167155 -0.00161363 -0.00170271 -0.00177365 -0.00170859 -0.00177534 -0.00184106 -0.00165637 -0.00153135 
-0.0016962 -0.00179216 -0.00171368 -0.0018525 -0.00176342 -0.00196509 -0.00187167 -0.00205522 -0.00199624 -0.00188438 -0.00207785 -0.001995 -0.00205564 -0.0021929 -0.00211437 -0.00202245 -0.00227434 -0.00213417 -0.00222046 -0.00227945 -0.00203396 -0.00193874 -0.00195785 -0.00167541 -0.00161677 0.00224428 0.00241171 0.00267507 0.00262873 0.00272229 0.134784 0.00271616 0.00251718 0.0024018 0.00214885 0.00225208 -0.00137826 -0.0014167 -0.00148606 -0.00161868 -0.00177138 -0.00173142 -0.00186582 -0.00187736 -0.00182302 -0.00183823 -0.00178304 -0.00180162 -0.00174289 -0.0017501 -0.00173403 -0.00180685 -0.00180466 -0.00170708 -0.00178328 -0.00173009 -0.00167812 -0.00178478 -0.00168254 -0.00177017 -0.00179596 -0.00168083 -0.00156922 -0.00161191 -0.00171325 -0.00172606 -0.00178388 -0.0017308 -0.00170783 -0.00173544 -0.00179937 -0.00181161 -0.00160957 -0.00163091 -0.00174573 -0.0016782 -0.00167339 -0.00167273 -0.00182947 -0.00173527 -0.00178227 -0.00173846 -0.00170742 -0.00181592 -0.00169025 -0.00172397 -0.00174634 -0.00168146 -0.0016909 -0.0016945 -0.00169096 -0.00177315 -0.00170601 -0.0017555 -0.00173866 -0.00180531 -0.00172337 -0.00181726 -0.00171737 -0.00171514 
-0.00177461 -0.00172966 -0.00173719 -0.00181811 -0.00175084 -0.00191217 -0.00184991 -0.00189992 -0.00193839 -0.00179096 -0.00200997 -0.00198486 -0.00196105 -0.00212013 -0.00204167 -0.00200964 -0.00223307 -0.00217429 -0.00208431 -0.00230232 -0.00211126 -0.00212307 -0.00211689 -0.00177119 -0.00170853 -0.00150126 0.00239323 0.00245379 0.00253567 0.00254235 0.00271616 0.132977 0.00260216 0.00242947 0.00229812 0.00227408 0.00211774 -0.00129407 -0.00142164 -0.00160286 -0.00157733 -0.00160601 -0.00183944 -0.00170486 -0.00177127 -0.00182944 -0.00165079 -0.001762 -0.00177226 -0.00172639 -0.00173692 -0.00170164 -0.00172031 -0.00170566 -0.00172413 -0.00168903 -0.00178178 -0.0017454 -0.00168116 -0.00179281 -0.00167658 -0.00166711 -0.00167591 -0.00164329 -0.00164608 -0.00178484 -0.0016313 -0.00169791 -0.00174967 -0.00173278 -0.00176628 -0.00170864 -0.00174594 -0.00170137 -0.00163142 -0.00169627 -0.0015994 -0.00176288 -0.00170941 -0.00170385 -0.0016829 -0.00171602 -0.00167874 -0.00167848 -0.00178669 -0.00170055 -0.00175238 -0.00165359 -0.00161345 -0.00173313 -0.0017682 -0.00165343 -0.00178128 -0.00167263 -0.00171394 -0.00166286 -0.00170836 -0.00180597 -0.00170491 -0.0016488 
-0.00167452 -0.00171404 -0.00177396 -0.00178272 -0.00179398 -0.00175765 -0.00179832 -0.00190242 -0.0019469 -0.00178831 -0.00193193 -0.00199903 -0.00190757 -0.00206926 -0.00206095 -0.00209578 -0.00217076 -0.00197479 -0.00219931 -0.00225417 -0.00210379 -0.00212006 -0.00210238 -0.00180068 -0.00176341 -0.00159639 -0.00139608 0.00231211 0.00231804 0.00242753 0.00251718 0.00260216 0.131511 0.00251028 0.0023414 0.00223961 0.00217938 0.0021445 -0.00134397 -0.00136414 -0.00156594 -0.00149835 -0.00166431 -0.00179243 -0.00174682 -0.00179091 -0.00169322 -0.00170901 -0.00174253 -0.00171497 -0.00167698 -0.00172035 -0.00172736 -0.0017211 -0.00173442 -0.0016654 -0.00167917 -0.00169522 -0.00167195 -0.00163722 -0.00167465 -0.00167544 -0.00159704 -0.00160406 -0.0016567 -0.00170409 -0.00169384 -0.00163343 -0.00172324 -0.00174204 -0.00171955 -0.0017521 -0.0016878 -0.00155035 -0.00166392 -0.00160421 -0.00155585 -0.00169783 -0.00179504 -0.00169331 -0.00167414 -0.00163901 -0.00169853 -0.00165257 -0.00171553 -0.0017319 -0.00164923 -0.00160679 -0.00166981 -0.00166607 -0.00165106 -0.00177316 -0.00162295 -0.00163543 -0.00176673 -0.00168387 -0.00168796 -0.00175995 -0.00170857 -0.0016506 
