0.123216 0.00236706 0.00217509 0.0020812 0.00195468 0.00207773 -0.00121784 -0.00123566 -0.00145671 -0.00142295 -0.00161616 -0.00166765 -0.00171902 -0.00189595 -0.00181259 -0.00179199 -0.00184829 -0.0018204 -0.00186614 -0.00202016 -0.00185353 -0.00193283 -0.0020001 -0.00183721 -0.00192054 -0.00189696 -0.00177103 -0.00183111 -0.00170586 -0.00180611 -0.00165615 -0.0017597 -0.00166632 -0.00172008 -0.00170359 -0.00145896 -0.00158946 -0.00160738 -0.00166466 -0.00169261 -0.00150044 -0.00159121 -0.00157912 -0.00159436 -0.00154896 -0.00153004 -0.00152848 -0.00160895 -0.00152895 -0.00160285 -0.00150016 -0.00154816 -0.00159822 -0.00157683 -0.00153698 -0.00156412 -0.0015693 -0.00156644 -0.00142233 -0.00154296 -0.00145241 -0.00157504 -0.0014246 -0.00147119 -0.00151813 -0.00145019 -0.00155642 -0.00147044 -0.00155055 -0.0015123 -0.0015726 -0.00154511 -0.00153325 -0.00149826 -0.00134299 -0.00140705 -0.00141135 -0.00149895 -0.00146589 -0.00153195 -0.00152231 -0.00148676 -0.00153784 -0.00155189 -0.00153099 -0.00148601 -0.00149878 -0.0014032 -0.00142293 -0.00151478 -0.00143885 -0.00144042 -0.00125864 -0.00118093 -0.00126628 -0.00113542 0.00189834 0.00200737 0.00206093 0.00213097 
0.00236706 0.123736 0.00233912 0.00227277 0.0020939 0.0021815 0.00213165 -0.00119766 -0.00128035 -0.00133493 -0.00152274 -0.00169004 -0.00172153 -0.00186312 -0.00181726 -0.00181298 -0.0019494 -0.00188208 -0.00198422 -0.00196721 -0.00195909 -0.00197365 -0.00198756 -0.00193433 -0.00200328 -0.00192952 -0.00181986 -0.00177618 -0.00181533 -0.00167406 -0.00178349 -0.00177485 -0.00173829 -0.00167209 -0.00166173 -0.00164754 -0.00162141 -0.00156911 -0.00168274 -0.00165586 -0.00154605 -0.00154378 -0.00171521 -0.00159595 -0.00161315 -0.00163576 -0.00154074 -0.00155855 -0.00154397 -0.00162071 -0.00148569 -0.00154697 -0.00155647 -0.0015775 -0.00148563 -0.00153787 -0.00154742 -0.00148908 -0.00147816 -0.0014608 -0.00147382 -0.0015483 -0.00148726 -0.00141032 -0.00151042 -0.001534 -0.00149879 -0.00145488 -0.00151352 -0.00149181 -0.00147251 -0.00157749 -0.00147009 -0.00148363 -0.00143338 -0.00138764 -0.00150392 -0.0014736 -0.00144456 -0.00146683 -0.00151889 -0.0014903 -0.0014305 -0.00158856 -0.00157422 -0.00147004 -0.00148573 -0.00148159 -0.00143465 -0.00154283 -0.00150219 -0.00149137 -0.00140309 -0.00138012 -0.00132148 -0.00130309 -0.00121435 0.00192175 0.00194742 0.00206127 
0.00217509 0.00233912 0.124111 0.00231267 0.00227274 0.00221669 0.00212764 0.00206598 -0.00113062 -0.00133046 -0.00143315 -0.00165926 -0.00156347 -0.00180044 -0.00180005 -0.00180843 -0.00196579 -0.00185143 -0.00203579 -0.00207999 -0.00196402 -0.00192103 -0.00195367 -0.00174438 -0.00193294 -0.00193006 -0.00184263 -0.00173111 -0.00177223 -0.00174287 -0.00178929 -0.00172189 -0.00177587 -0.0017243 -0.00158073 -0.00155988 -0.0017383 -0.00161969 -0.00166636 -0.00164952 -0.00155407 -0.00157734 -0.00157774 -0.00172689 -0.00170763 -0.00164513 -0.00158869 -0.00159391 -0.00145614 -0.00167518 -0.00153467 -0.00161145 -0.00154499 -0.00155477 -0.00154761 -0.00154079 -0.00149497 -0.00155614 -0.00150965 -0.00150324 -0.00145871 -0.00152972 -0.00149558 -0.00139974 -0.00160244 -0.00156613 -0.00149183 -0.0015804 -0.00148486 -0.00159391 -0.00150217 -0.00153739 -0.00153258 -0.00143745 -0.00148948 -0.00147546 -0.00141011 -0.00148265 -0.00151514 -0.00155179 -0.00151198 -0.00149861 -0.00150617 -0.00144288 -0.00154283 -0.0015659 -0.00152633 -0.00139053 -0.00146112 -0.00151852 -0.00151907 -0.00151446 -0.00152754 -0.00136683 -0.00143474 -0.00133627 -0.00123364 -0.00123142 0.00191034 0.00205569 
0.0020812 0.00227277 0.00231267 0.124306 0.00224755 0.00230161 0.00214107 0.00219781 0.00199395 -0.00126516 -0.0014122 -0.00159891 -0.00151767 -0.00172466 -0.00185426 -0.00184046 -0.00175133 -0.00192264 -0.00193262 -0.00201132 -0.00190355 -0.00194406 -0.00183901 -0.00182136 -0.00198745 -0.00190258 -0.00191606 -0.00184843 -0.0017196 -0.00177395 -0.00174712 -0.00176492 -0.00179606 -0.00175358 -0.00164437 -0.00159951 -0.00173347 -0.00164765 -0.00165718 -0.00159935 -0.00156258 -0.00150208 -0.00161099 -0.00163993 -0.00164381 -0.00167689 -0.00153775 -0.00151677 -0.00157008 -0.00152269 -0.00160715 -0.00147087 -0.00148643 -0.00156809 -0.00158226 -0.00152898 -0.001541 -0.00151481 -0.00155373 -0.00150687 -0.00153964 -0.00156515 -0.00148507 -0.00150769 -0.00151815 -0.00156506 -0.00161171 -0.00153266 -0.00150703 -0.00150533 -0.00152746 -0.00159304 -0.00153982 -0.00145144 -0.00144066 -0.00142058 -0.00142257 -0.0014828 -0.00154974 -0.00152213 -0.00147736 -0.00147646 -0.00157919 -0.00148551 -0.00155726 -0.0014987 -0.00157384 -0.00150887 -0.00145947 -0.00149533 -0.00145865 -0.00149723 -0.00156752 -0.00152639 -0.00147903 -0.00144554 -0.0013908 -0.00127546 -0.00117824 0.00193844 
0.00195468 0.0020939 0.00227274 0.00224755 0.124834 0.00229738 0.00237377 0.00229361 0.0021781 0.00209491 -0.00128785 -0.00137613 -0.00144139 -0.00170805 -0.00182382 -0.00186548 -0.00197747 -0.00191413 -0.00196935 -0.00202642 -0.001898 -0.00196561 -0.00199596 -0.00187568 -0.0020348 -0.00194044 -0.00183129 -0.00176177 -0.00179433 -0.00175997 -0.00178519 -0.00179882 -0.00177827 -0.00172185 -0.00162142 -0.00159637 -0.00172882 -0.00164283 -0.00175225 -0.00162709 -0.00163748 -0.00154386 -0.00167925 -0.0016634 -0.00170097 -0.00157486 -0.00157668 -0.00152464 -0.00154349 -0.00153446 -0.00158815 -0.00148961 -0.00154547 -0.00151537 -0.00151854 -0.00156744 -0.00154636 -0.00149893 -0.0015273 -0.00152388 -0.00154241 -0.00154652 -0.00146543 -0.00147612 -0.00161171 -0.00147715 -0.00157005 -0.0014973 -0.00149642 -0.0015268 -0.00158145 -0.00151409 -0.00150812 -0.00150469 -0.00143283 -0.00145117 -0.00148023 -0.0015297 -0.00148018 -0.00152492 -0.00155749 -0.00158914 -0.00157427 -0.00153221 -0.00150651 -0.00160056 -0.00152796 -0.00141885 -0.00145059 -0.00159203 -0.00148169 -0.00156565 -0.00156335 -0.00145528 -0.00151352 -0.00153495 -0.00149134 -0.00137122 -0.00136208 -0.00113381 
0.00207773 0.0021815 0.00221669 0.00230161 0.00229738 0.128281 0.00243833 0.00236204 0.00227794 0.00219218 0.00210952 -0.00143529 -0.0015792 -0.00152952 -0.00180016 -0.00189235 -0.00207083 -0.00198728 -0.00211599 -0.00202378 -0.00206787 -0.00200928 -0.00203816 -0.00197536 -0.00204254 -0.00206281 -0.00190978 -0.00188407 -0.00198836 -0.00172794 -0.00185462 -0.00191004 -0.00192096 -0.00176647 -0.00175164 -0.00172175 -0.00174858 -0.0018503 -0.00177728 -0.00171211 -0.00164822 -0.00175042 -0.00168272 -0.00175921 -0.00178134 -0.00180433 -0.00168623 -0.00163222 -0.00168054 -0.00170384 -0.00160376 -0.00160549 -0.00162949 -0.00163289 -0.00158766 -0.00164939 -0.00163751 -0.00169305 -0.00157666 -0.00163679 -0.00164164 -0.00163485 -0.00159001 -0.00153491 -0.00164824 -0.00167029 -0.00162704 -0.00163936 -0.00160226 -0.00165265 -0.0015433 -0.00163245 -0.00160217 -0.00148709 -0.00146989 -0.001584 -0.00154226 -0.00164745 -0.00173493 -0.00163395 -0.00159729 -0.00161185 -0.00159841 -0.00165558 -0.00170391 -0.00155856 -0.00164808 -0.00159807 -0.00160309 -0.00167062 -0.00162123 -0.0015914 -0.00153821 -0.00155353 -0.00156102 -0.0016048 -0.0015054 -0.00137311 -0.0013001 -0.00118678 
-0.00121784 0.00213165 0.00212764 0.00214107 0.00237377 0.00243833 0.129221 0.00251367 0.00247115 0.00229588 0.00224955 0.0021693 -0.00133353 -0.00148138 -0.00164238 -0.00169697 -0.00198439 -0.00210593 -0.002071 -0.00221113 -0.00206577 -0.00214817 -0.00202376 -0.0018854 -0.00212623 -0.00204108 -0.00200877 -0.00186693 -0.0018372 -0.00181944 -0.00193302 -0.00188866 -0.00179383 -0.00177912 -0.00173614 -0.001704 -0.00179792 -0.00167828 -0.00180273 -0.00173655 -0.00174486 -0.00172519 -0.00174703 -0.001781 -0.00171422 -0.00175581 -0.00173073 -0.00167232 -0.00163841 -0.00166919 -0.00170656 -0.00171833 -0.00164378 -0.00164616 -0.00161973 -0.00176552 -0.00169332 -0.00164634 -0.00167413 -0.0017188 -0.00154598 -0.00166089 -0.00161728 -0.00149595 -0.00167045 -0.00165435 -0.00166397 -0.0015838 -0.00165694 -0.00169391 -0.00166965 -0.00162439 -0.0016579 -0.0016475 -0.00152997 -0.00162625 -0.00161724 -0.00163923 -0.0016749 -0.00159937 -0.00156419 -0.00163976 -0.0017305 -0.00170325 -0.00158044 -0.00171397 -0.00165399 -0.00152943 -0.00150226 -0.00163962 -0.00173815 -0.00166391 -0.00169361 -0.00168791 -0.00156353 -0.0016811 -0.00158253 -0.00160659 -0.00139013 -0.00130966 
-0.00123566 -0.00119766 0.00206598 0.00219781 0.00229361 0.00236204 0.00251367 0.130471 0.00258181 0.00251482 0.00242097 0.00229159 0.00224107 -0.00135727 -0.00156783 -0.00168904 -0.00191865 -0.00210637 -0.0020373 -0.00218476 -0.00207461 -0.00212839 -0.00205946 -0.0019043 -0.00215679 -0.00206687 -0.00193201 -0.00191597 -0.00187141 -0.00187217 -0.00184817 -0.00183241 -0.00190353 -0.00193198 -0.00175329 -0.00161639 -0.00191905 -0.00174863 -0.00174273 -0.00177563 -0.00173747 -0.00171169 -0.00174141 -0.00177181 -0.00178088 -0.00177368 -0.00170539 -0.00166254 -0.00170577 -0.00172791 -0.00167055 -0.0016902 -0.00170647 -0.00170284 -0.00164055 -0.00175971 -0.00164638 -0.00160642 -0.00169067 -0.00168891 -0.00168239 -0.00164941 -0.0016314 -0.00152317 -0.0017321 -0.00162109 -0.00165629 -0.00169137 -0.00168706 -0.00176296 -0.00165043 -0.00165771 -0.00169094 -0.00169609 -0.00166511 -0.00163005 -0.00166134 -0.00161951 -0.00170463 -0.00173814 -0.00170424 -0.00167527 -0.0016774 -0.00165288 -0.00168288 -0.00162178 -0.00172064 -0.00153038 -0.00161611 -0.00170438 -0.0018009 -0.00168621 -0.00174473 -0.00165005 -0.00172631 -0.00164934 -0.00176698 -0.00158608 -0.00154377 -0.00139331 
-0.00145671 -0.00128035 -0.00113062 0.00199395 0.0021781 0.00227794 0.00247115 0.00258181 0.131659 0.00260409 0.00258746 0.00254896 0.00227303 0.00229404 -0.00151276 -0.00143873 -0.00176565 -0.00200484 -0.00192628 -0.00209935 -0.00191187 -0.00216726 -0.00206438 -0.00192442 -0.00221378 -0.00219988 -0.00197556 -0.0019741 -0.00198061 -0.00192737 -0.0020181 -0.00182542 -0.00188712 -0.00188808 -0.00182589 -0.0016738 -0.00183048 -0.00177008 -0.00177649 -0.00184082 -0.00168003 -0.00169824 -0.00172777 -0.00185675 -0.00182212 -0.00183244 -0.00172587 -0.00181041 -0.00168579 -0.0017306 -0.00170298 -0.00174459 -0.00169445 -0.00164864 -0.00179509 -0.00175763 -0.00162065 -0.00158226 -0.00175747 -0.00168298 -0.001671 -0.00173785 -0.00167271 -0.00162507 -0.00174405 -0.00163513 -0.00165463 -0.00179502 -0.00166815 -0.00171928 -0.00174367 -0.00166979 -0.00163834 -0.00166194 -0.00158179 -0.0016841 -0.00155663 -0.00162463 -0.00174463 -0.00166358 -0.00171961 -0.00162826 -0.00175459 -0.0017167 -0.00173919 -0.00174334 -0.00171808 -0.00163813 -0.00159856 -0.00178386 -0.0017074 -0.00160857 -0.0017694 -0.00177129 -0.00166236 -0.00184669 -0.00173267 -0.00170948 -0.00170879 -0.00157255 
-0.00142295 -0.00133493 -0.00133046 -0.00126516 0.00209491 0.00219218 0.00229588 0.00251482 0.00260409 0.13039 0.00243557 0.00260561 0.0024882 0.0022018 -0.00128108 -0.00142693 -0.00176642 -0.00193176 -0.00192914 -0.00217614 -0.002075 -0.00207154 -0.00204188 -0.00191963 -0.00215579 -0.00197499 -0.00186628 -0.0017953 -0.00192688 -0.00176076 -0.00186523 -0.00185801 -0.00186172 -0.00180939 -0.00171268 -0.00175247 -0.00184103 -0.00176323 -0.00176456 -0.00166165 -0.0016636 -0.00166568 -0.00187063 -0.00167579 -0.0017207 -0.00169745 -0.00162525 -0.00162181 -0.00164945 -0.00162069 -0.00164086 -0.00168625 -0.00165107 -0.00167753 -0.00161694 -0.00166742 -0.00166898 -0.00167366 -0.00167583 -0.00164199 -0.00162605 -0.00164616 -0.00158376 -0.00153951 -0.00168883 -0.00168715 -0.00160424 -0.00154802 -0.0016327 -0.00162718 -0.00160775 -0.00166542 -0.00164751 -0.00161073 -0.00154473 -0.00166609 -0.00164695 -0.00157151 -0.00162037 -0.00169911 -0.00164771 -0.00160007 -0.00171071 -0.00157846 -0.0016945 -0.00168729 -0.00167544 -0.00157481 -0.00152027 -0.00164941 -0.00163015 -0.00160028 -0.00164373 -0.00166518 -0.00164321 -0.00159848 -0.00161655 -0.00171794 -0.00162807 -0.00152277 
-0.00161616 -0.00152274 -0.00143315 -0.0014122 -0.00128785 0.00210952 0.00224955 0.00242097 0.00258746 0.00243557 0.134747 0.00268734 0.00261231 0.00249443 0.00238003 0.00241764 -0.00150513 -0.00180927 -0.00172338 -0.00206462 -0.00214308 -0.00203825 -0.00220083 -0.00205621 -0.00222536 -0.00219322 -0.00211779 -0.00196924 -0.0019697 -0.00197215 -0.00205147 -0.00202364 -0.00200037 -0.00195872 -0.00191537 -0.00179202 -0.00185187 -0.00183342 -0.00194376 -0.00187738 -0.00181848 -0.00180412 -0.00183475 -0.00185857 -0.00193665 -0.00192083 -0.00160564 -0.00172852 -0.0017516 -0.00175763 -0.00179627 -0.00168355 -0.00177866 -0.00171974 -0.00169883 -0.00173 -0.00181414 -0.00170926 -0.001845 -0.00184993 -0.00175275 -0.00174172 -0.00169067 -0.00166067 -0.00174728 -0.00174857 -0.00169048 -0.00167287 -0.00175071 -0.00172457 -0.00171422 -0.0018162 -0.00175886 -0.00172188 -0.00162779 -0.00163691 -0.00167576 -0.00165006 -0.00181385 -0.00168565 -0.00167574 -0.00175319 -0.00172006 -0.00172601 -0.00175379 -0.00178432 -0.00171655 -0.0016978 -0.00162324 -0.00173331 -0.00176187 -0.00173945 -0.00173964 -0.00171401 -0.00179268 -0.00176265 -0.00171847 -0.00181235 -0.00183007 -0.00165507 
-0.00166765 -0.00169004 -0.00165926 -0.00159891 -0.00137613 -0.00143529 0.0021693 0.00229159 0.00254896 0.00260561 0.00268734 0.13656 0.00289471 0.00271174 0.00245246 0.00254858 0.00242563 -0.00165835 -0.00168719 -0.00196437 -0.00197664 -0.00204511 -0.00212539 -0.00208317 -0.00214071 -0.00228405 -0.0021274 -0.0020574 -0.00197065 -0.00211232 -0.00213207 -0.00205424 -0.00208634 -0.00205426 -0.00190479 -0.00188646 -0.00190541 -0.00192251 -0.00196546 -0.00197618 -0.00176549 -0.00180761 -0.00195766 -0.00186604 -0.00178009 -0.0019185 -0.00184278 -0.00178329 -0.0018207 -0.00186311 -0.0018011 -0.00182986 -0.0017766 -0.00181796 -0.00178818 -0.00178437 -0.00180466 -0.00169836 -0.00176691 -0.00172007 -0.00170303 -0.00178274 -0.00167533 -0.00163498 -0.0018234 -0.00174697 -0.00189238 -0.00176915 -0.00175139 -0.00185412 -0.0017714 -0.00178901 -0.00172645 -0.0017394 -0.00169899 -0.00178794 -0.00166992 -0.00175686 -0.00181996 -0.0017058 -0.00184743 -0.00179101 -0.00175604 -0.00175182 -0.00180212 -0.00172166 -0.00170573 -0.00164017 -0.00169689 -0.00183119 -0.00178731 -0.00175564 -0.00177641 -0.00174714 -0.00168864 -0.00171386 -0.00178104 -0.00179298 -0.00178109 -0.00168741 
-0.00171902 -0.00172153 -0.00156347 -0.00151767 -0.00144139 -0.0015792 -0.00133353 0.00224107 0.00227303 0.0024882 0.00261231 0.00289471 0.135432 0.0026863 0.00255377 0.00252635 0.00237286 -0.00155347 -0.00154408 -0.00178127 -0.00202381 -0.00193987 -0.00217269 -0.00205074 -0.00227391 -0.00214029 -0.00209818 -0.0018327 -0.00198963 -0.00191109 -0.00198869 -0.00190711 -0.00181145 -0.001915 -0.00184435 -0.00182651 -0.00184122 -0.00185232 -0.00186317 -0.00181239 -0.00179928 -0.00176957 -0.00180865 -0.00188836 -0.00182145 -0.00180565 -0.00165593 -0.00169965 -0.00174784 -0.00177646 -0.00174019 -0.00174885 -0.00182299 -0.00168784 -0.00176088 -0.00173374 -0.00178986 -0.00172703 -0.00170149 -0.00161011 -0.00169427 -0.00174051 -0.0016605 -0.0016543 -0.00167166 -0.00179732 -0.00173898 -0.00175803 -0.00179501 -0.00177903 -0.00166819 -0.00175154 -0.00175593 -0.00166527 -0.00168884 -0.00164011 -0.00162143 -0.00176105 -0.00164106 -0.00171098 -0.00173081 -0.00173755 -0.00169061 -0.001706 -0.00176437 -0.00176087 -0.00164121 -0.0016654 -0.00155207 -0.00167119 -0.00179775 -0.00167726 -0.00165752 -0.00169185 -0.00165983 -0.00173613 -0.00173721 -0.00165176 -0.00178776 -0.00162417 
-0.00189595 -0.00186312 -0.00180044 -0.00172466 -0.00170805 -0.00152952 -0.00148138 -0.00135727 0.00229404 0.0022018 0.00249443 0.00271174 0.0026863 0.140394 0.00287979 0.00279552 0.00280983 0.00240836 0.00263603 -0.00160031 -0.00186178 -0.00185282 -0.00204721 -0.00218423 -0.00224767 -0.00225496 -0.00221367 -0.00204376 -0.00204011 -0.00204369 -0.00211433 -0.00212573 -0.00206884 -0.0020407 -0.00198219 -0.00193622 -0.00190147 -0.00198185 -0.00195201 -0.00203422 -0.00186229 -0.00182256 -0.00197501 -0.00198812 -0.00186748 -0.00205311 -0.00178393 -0.00189119 -0.00195935 -0.00185411 -0.00188671 -0.0018515 -0.00177755 -0.001813 -0.00186633 -0.0018064 -0.001879 -0.00185466 -0.00187963 -0.00186316 -0.00188781 -0.00186497 -0.00185867 -0.00165695 -0.00175173 -0.00179561 -0.00175272 -0.00186898 -0.00182812 -0.00191662 -0.0017918 -0.0019202 -0.00172866 -0.00181973 -0.00174303 -0.00171317 -0.00183612 -0.00182414 -0.00181163 -0.00195352 -0.00188368 -0.00183634 -0.00186927 -0.0017817 -0.00182201 -0.00180204 -0.00191618 -0.00171025 -0.00163801 -0.00172638 -0.00181921 -0.00176036 -0.00188671 -0.00184704 -0.00187692 -0.00190069 -0.00185999 -0.00187622 -0.00190362 -0.00184799 
-0.00181259 -0.00181726 -0.00180005 -0.00185426 -0.00182382 -0.00180016 -0.00164238 -0.00156783 -0.00151276 -0.00128108 0.00238003 0.00245246 0.00255377 0.00287979 0.139758 0.00300475 0.00283788 0.00265861 0.00276761 0.00256342 -0.0015756 -0.00171545 -0.00175414 -0.0019242 -0.00217802 -0.00217544 -0.00204773 -0.00200571 -0.00212486 -0.00206887 -0.00212711 -0.00212479 -0.00201476 -0.00197325 -0.00187305 -0.00184524 -0.00192663 -0.00197588 -0.00197182 -0.00191979 -0.00184647 -0.00174485 -0.00190018 -0.00194743 -0.00191213 -0.001868 -0.00175029 -0.00176342 -0.00194126 -0.00186687 -0.00178073 -0.00179755 -0.00177975 -0.00175085 -0.0018164 -0.00178535 -0.00180243 -0.00181077 -0.00176833 -0.00192813 -0.00185017 -0.0018 -0.00175076 -0.00170226 -0.0017905 -0.00170321 -0.00183498 -0.00188891 -0.00182026 -0.00179157 -0.0016675 -0.00183608 -0.00171999 -0.00173006 -0.00173171 -0.00170291 -0.00171597 -0.00177897 -0.00173091 -0.00183704 -0.00176164 -0.0017854 -0.00175341 -0.00187104 -0.00177195 -0.00179374 -0.00176347 -0.00164441 -0.00168672 -0.00180767 -0.00182236 -0.00182263 -0.00178078 -0.00187799 -0.001749 -0.00181402 -0.00187926 -0.00171893 -0.00189624 -0.00167637 
-0.00179199 -0.00181298 -0.00180843 -0.00184046 -0.00186548 -0.00189235 -0.00169697 -0.00168904 -0.00143873 -0.00142693 0.00241764 0.00254858 0.00252635 0.00279552 0.00300475 0.141277 0.00304959 0.00275987 0.00267965 0.0026468 -0.0016522 -0.00173493 -0.00180255 -0.00193021 -0.00206888 -0.00213779 -0.00213107 -0.00210887 -0.00195887 -0.00192812 -0.00200103 -0.00211766 -0.00199145 -0.00201211 -0.00198643 -0.00196379 -0.0019379 -0.00206808 -0.00200449 -0.001889 -0.0018914 -0.00189534 -0.00192253 -0.00194624 -0.00190899 -0.00185935 -0.00180811 -0.00180824 -0.00188552 -0.00181889 -0.00174098 -0.00186754 -0.00178595 -0.00180929 -0.00183393 -0.00179503 -0.00185516 -0.00181306 -0.00184332 -0.00177078 -0.00184072 -0.00169653 -0.00173854 -0.00179942 -0.0017854 -0.00181831 -0.00175223 -0.00187819 -0.00183676 -0.00186313 -0.00176038 -0.00189081 -0.00175908 -0.00172071 -0.00175465 -0.00167391 -0.00174036 -0.00173997 -0.00176555 -0.00178988 -0.00182475 -0.00184962 -0.00184538 -0.00183998 -0.00187432 -0.00179379 -0.0018428 -0.00178302 -0.00176299 -0.00177668 -0.00180448 -0.00185329 -0.00180285 -0.00181591 -0.00177875 -0.00187765 -0.001851 -0.00187962 -0.00188545 -0.00181023 
-0.00184829 -0.0019494 -0.00196579 -0.00175133 -0.00197747 -0.00207083 -0.00198439 -0.00191865 -0.00176565 -0.00176642 -0.00150513 0.00242563 0.00237286 0.00280983 0.00283788 0.00304959 0.146322 0.00307971 0.00297074 0.00303156 0.00250726 0.00262403 -0.00155059 -0.001788 -0.00185404 -0.00215408 -0.00226598 -0.00217847 -0.00203128 -0.00216632 -0.00221955 -0.00234553 -0.00214773 -0.00210241 -0.00205869 -0.00204614 -0.00203799 -0.00209946 -0.00209241 -0.00201537 -0.00198369 -0.00199508 -0.00210867 -0.00210098 -0.00208752 -0.00196926 -0.00193239 -0.00197237 -0.0020469 -0.00191194 -0.00201445 -0.00191865 -0.00195504 -0.00195334 -0.00184565 -0.00203687 -0.00193195 -0.00191212 -0.00189551 -0.00191607 -0.00190719 -0.00192832 -0.00185602 -0.00178222 -0.00189165 -0.00187462 -0.0019295 -0.00198418 -0.00187539 -0.00195956 -0.00191684 -0.00198366 -0.00200024 -0.00197138 -0.00180869 -0.00181276 -0.00196191 -0.00199011 -0.00193719 -0.00195537 -0.00196278 -0.00203498 -0.0019968 -0.00184225 -0.00199701 -0.00198998 -0.00194109 -0.00186502 -0.00177169 -0.00191861 -0.00195804 -0.00202007 -0.00187273 -0.00196226 -0.00188827 -0.0019071 -0.00195084 -0.00191374 -0.00187984 -0.00188562 
-0.0018204 -0.00188208 -0.00185143 -0.00192264 -0.00191413 -0.00198728 -0.00210593 -0.00210637 -0.00200484 -0.00193176 -0.00180927 -0.00165835 -0.00155347 0.00240836 0.00265861 0.00275987 0.00307971 0.144821 0.0032368 0.00309946 0.00277519 0.00282805 0.00263863 -0.001582 -0.00183822 -0.00183363 -0.00207259 -0.00213063 -0.00214454 -0.00204233 -0.00216649 -0.00209928 -0.00213606 -0.00218347 -0.00191135 -0.002021 -0.00200065 -0.0020871 -0.00203545 -0.00191916 -0.00189656 -0.00193722 -0.00212892 -0.00203306 -0.00206004 -0.00189062 -0.00183856 -0.00186444 -0.0018556 -0.00185026 -0.00183725 -0.00185082 -0.00180385 -0.00193923 -0.00186138 -0.00191137 -0.00186864 -0.00183554 -0.00180042 -0.00182108 -0.00189824 -0.00184885 -0.00178427 -0.00172494 -0.00183916 -0.00183506 -0.00187695 -0.00182689 -0.00180442 -0.00178424 -0.0018786 -0.00186578 -0.00185988 -0.00182634 -0.00176069 -0.00168058 -0.00188381 -0.00188661 -0.00182655 -0.00186953 -0.0018866 -0.00180679 -0.00183109 -0.00176961 -0.00184174 -0.00189673 -0.00186483 -0.00177574 -0.00179269 -0.00190877 -0.00185172 -0.00184968 -0.00181921 -0.00191336 -0.00187714 -0.00200061 -0.00181891 -0.00189016 -0.00181253 -0.00189965 
-0.00186614 -0.00198422 -0.00203579 -0.00193262 -0.00196935 -0.00211599 -0.002071 -0.0020373 -0.00192628 -0.00192914 -0.00172338 -0.00168719 -0.00154408 0.00263603 0.00276761 0.00267965 0.00297074 0.0032368 0.145614 0.00310519 0.00282709 0.00273605 0.00274871 -0.00168113 -0.0017426 -0.00196973 -0.00201144 -0.00211126 -0.00208014 -0.00205964 -0.00222538 -0.00210001 -0.00207606 -0.00222083 -0.00205133 -0.00202465 -0.00198509 -0.00198848 -0.00207856 -0.00195048 -0.00191455 -0.0020287 -0.00196261 -0.00195684 -0.00205056 -0.0019504 -0.00196427 -0.00194663 -0.00195777 -0.00184895 -0.00191171 -0.00185651 -0.00182033 -0.00187801 -0.00185462 -0.0018119 -0.00194295 -0.00191921 -0.00186996 -0.00188377 -0.00181899 -0.00195981 -0.00174428 -0.00174792 -0.0018967 -0.00188166 -0.00175055 -0.00191777 -0.00182398 -0.00191577 -0.00179387 -0.0018477 -0.00186367 -0.00178478 -0.00178629 -0.00186412 -0.0018111 -0.00179601 -0.00192477 -0.00180868 -0.00188523 -0.00195754 -0.00178849 -0.00187981 -0.00181776 -0.00190772 -0.00182859 -0.00180713 -0.0018142 -0.00183137 -0.00178082 -0.00188211 -0.00180928 -0.00196137 -0.00174857 -0.00187819 -0.00191909 -0.00183708 -0.00187139 -0.00186863 
-0.00202016 -0.00196721 -0.00207999 -0.00201132 -0.00202642 -0.00202378 -0.00221113 -0.00218476 -0.00209935 -0.00217614 -0.00206462 -0.00196437 -0.00178127 -0.00160031 0.00256342 0.0026468 0.00303156 0.00309946 0.00310519 0.149383 0.0031709 0.00305836 0.00291813 0.00265532 0.00257763 -0.00179718 -0.00180299 -0.00198844 -0.0020325 -0.00207772 -0.00218906 -0.00216704 -0.00227509 -0.00226434 -0.00221387 -0.0020546 -0.0022104 -0.00216146 -0.0021222 -0.00216927 -0.00199148 -0.0021328 -0.00205866 -0.00211553 -0.00203872 -0.00205834 -0.00208998 -0.0019153 -0.0020048 -0.00195978 -0.00194664 -0.00199648 -0.00206797 -0.0019671 -0.0019265 -0.00196285 -0.00197847 -0.00200387 -0.0019712 -0.001903 -0.00192642 -0.0019951 -0.00199449 -0.00186347 -0.00196773 -0.00191114 -0.00190393 -0.00197762 -0.00199548 -0.00204936 -0.00209733 -0.00203758 -0.00197091 -0.00197906 -0.00192685 -0.0018536 -0.00178564 -0.00199021 -0.00199706 -0.00193848 -0.0019534 -0.00199965 -0.00198111 -0.00193173 -0.0019525 -0.00198992 -0.00189219 -0.0018989 -0.00195786 -0.00193325 -0.00190313 -0.00195406 -0.00205037 -0.00206609 -0.00204095 -0.00196673 -0.00200684 -0.00197516 -0.00186499 -0.00190349 
-0.00185353 -0.00195909 -0.00196402 -0.00190355 -0.001898 -0.00206787 -0.00206577 -0.00207461 -0.00191187 -0.002075 -0.00214308 -0.00197664 -0.00202381 -0.00186178 -0.0015756 -0.0016522 0.00250726 0.00277519 0.00282709 0.0031709 0.146419 0.00322731 0.00306049 0.0027906 0.00284396 0.0026399 -0.00164522 -0.00174419 -0.00192076 -0.00184256 -0.00208785 -0.00217325 -0.00217577 -0.00217042 -0.00202717 -0.00200788 -0.00209124 -0.0020485 -0.00213077 -0.00204936 -0.00191784 -0.00191244 -0.00201038 -0.00199266 -0.00189319 -0.00202199 -0.00185823 -0.00187023 -0.00196718 -0.00193992 -0.00184447 -0.00198881 -0.00188731 -0.00185775 -0.00193438 -0.00190036 -0.00186707 -0.00175133 -0.00178515 -0.00194793 -0.00184812 -0.00185866 -0.00175341 -0.00181841 -0.00191349 -0.00190213 -0.001828 -0.00187726 -0.00184636 -0.00184799 -0.0018916 -0.00189246 -0.00191481 -0.001756 -0.00177514 -0.00172715 -0.00195346 -0.00192364 -0.00191841 -0.0019006 -0.00187672 -0.00200059 -0.00197745 -0.00193253 -0.00189364 -0.00188646 -0.00185264 -0.00188564 -0.00190949 -0.00183929 -0.00189076 -0.00191662 -0.00191382 -0.00195116 -0.00183897 -0.00183331 -0.00190563 -0.00185718 -0.00182498 -0.00185759 
-0.00193283 -0.00197365 -0.00192103 -0.00194406 -0.00196561 -0.00200928 -0.00214817 -0.00212839 -0.00216726 -0.00207154 -0.00203825 -0.00204511 -0.00193987 -0.00185282 -0.00171545 -0.00173493 0.00262403 0.00282805 0.00273605 0.00305836 0.00322731 0.14603 0.00310679 0.00267605 0.0027496 0.00263098 -0.00169914 -0.00190952 -0.00178879 -0.00186839 -0.00199786 -0.00218858 -0.00213107 -0.00211929 -0.00199443 -0.00196425 -0.00201843 -0.00197684 -0.00198872 -0.00200956 -0.00194631 -0.00192054 -0.00204841 -0.00202754 -0.0020048 -0.00198045 -0.00195124 -0.00196469 -0.00184541 -0.00186347 -0.00193109 -0.00186267 -0.00189842 -0.00178748 -0.00191546 -0.00189087 -0.00179828 -0.0018663 -0.00193272 -0.00187746 -0.00194811 -0.0018075 -0.00181289 -0.00186776 -0.00183728 -0.00173955 -0.00195887 -0.00191259 -0.00183132 -0.00180184 -0.00190046 -0.00186237 -0.00194737 -0.00186708 -0.00176448 -0.00177872 -0.00177008 -0.00177533 -0.00184984 -0.00187836 -0.0018352 -0.00179383 -0.00193315 -0.00185031 -0.00182864 -0.00189236 -0.00193766 -0.00161952 -0.00176736 -0.00186678 -0.00199735 -0.00181429 -0.00187439 -0.00192892 -0.00183848 -0.00192168 -0.00189263 -0.00186235 -0.00190099 -0.00184274 
-0.0020001 -0.00198756 -0.00195367 -0.00183901 -0.00199596 -0.00203816 -0.00202376 -0.00205946 -0.00206438 -0.00204188 -0.00220083 -0.00212539 -0.00217269 -0.00204721 -0.00175414 -0.00180255 -0.00155059 0.00263863 0.00274871 0.00291813 0.00306049 0.00310679 0.145767 0.00297702 0.00298122 0.00267579 0.00245713 -0.00173303 -0.00180067 -0.00180286 -0.00195375 -0.00199215 -0.00211607 -0.00212611 -0.001986 -0.00196777 -0.00193691 -0.0020524 -0.00199326 -0.00191949 -0.00192735 -0.0019272 -0.00194468 -0.00200066 -0.00199049 -0.00193903 -0.00180328 -0.00181475 -0.0019243 -0.001864 -0.00186317 -0.00182887 -0.00195255 -0.00180257 -0.00189991 -0.00198792 -0.00185388 -0.00181942 -0.00192212 -0.00195111 -0.00180064 -0.00199562 -0.00179375 -0.00179087 -0.00198704 -0.00185636 -0.00191885 -0.00183521 -0.00193154 -0.00187127 -0.00188218 -0.00184962 -0.00185306 -0.00183093 -0.00180935 -0.001731 -0.00185168 -0.00184095 -0.00180956 -0.00187904 -0.00181743 -0.00190532 -0.00192594 -0.00186502 -0.00185997 -0.00187628 -0.00185099 -0.00175511 -0.00177692 -0.00183968 -0.00185107 -0.00192877 -0.00189248 -0.00188571 -0.0018383 -0.00185455 -0.00180073 -0.00188681 -0.00190023 -0.00184606 
-0.00183721 -0.00193433 -0.00174438 -0.00182136 -0.00187568 -0.00197536 -0.0018854 -0.0019043 -0.00192442 -0.00191963 -0.00205621 -0.00208317 -0.00205074 -0.00218423 -0.0019242 -0.00193021 -0.001788 -0.001582 -0.00168113 0.00265532 0.0027906 0.00267605 0.00297702 0.14123 0.00290719 0.00289599 0.00242201 0.00237784 -0.00148736 -0.00145368 -0.00168627 -0.00161974 -0.0019433 -0.00203092 -0.00182535 -0.00188827 -0.00189427 -0.00186745 -0.00192965 -0.00191343 -0.00183331 -0.00182907 -0.00190029 -0.00187288 -0.00182796 -0.00179324 -0.00172864 -0.00180601 -0.00176189 -0.00167537 -0.00179775 -0.00180961 -0.00170668 -0.00170415 -0.0017478 -0.00167528 -0.00170194 -0.00161658 -0.00170983 -0.00176137 -0.00170789 -0.00170463 -0.00163127 -0.001626 -0.00170986 -0.00177931 -0.00177909 -0.00180467 -0.001868 -0.00175685 -0.00175765 -0.00166834 -0.00169435 -0.00180429 -0.00175357 -0.00160443 -0.00173919 -0.00174549 -0.00183472 -0.00176433 -0.00173786 -0.00184775 -0.00173349 -0.00172902 -0.00174641 -0.0017837 -0.00175494 -0.00173675 -0.00166372 -0.00176527 -0.00173587 -0.00176763 -0.00180966 -0.00180143 -0.00181039 -0.00178484 -0.00181261 -0.00175645 -0.00184952 -0.00166928 
-0.00192054 -0.00200328 -0.00193294 -0.00198745 -0.0020348 -0.00204254 -0.00212623 -0.00215679 -0.00221378 -0.00215579 -0.00222536 -0.00214071 -0.00227391 -0.00224767 -0.00217802 -0.00206888 -0.00185404 -0.00183822 -0.0017426 0.00257763 0.00284396 0.0027496 0.00298122 0.00290719 0.145924 0.00314056 0.00275441 0.00253914 0.00240249 0.00232543 -0.00164994 -0.00168079 -0.00183002 -0.00188727 -0.00200337 -0.00191406 -0.0021273 -0.00209165 -0.00206377 -0.00203142 -0.0019653 -0.00203028 -0.00204855 -0.00197709 -0.00204597 -0.00193169 -0.00193913 -0.00200927 -0.00186905 -0.0019038 -0.00188056 -0.00193314 -0.00193878 -0.00190421 -0.00192896 -0.00191566 -0.00180706 -0.00186161 -0.00194794 -0.00183883 -0.00195585 -0.00191712 -0.00187765 -0.00184398 -0.00194396 -0.001972 -0.00195936 -0.0019289 -0.00189125 -0.00189373 -0.00191254 -0.00191736 -0.00189144 -0.00194548 -0.00183485 -0.00182415 -0.00187229 -0.00179965 -0.00198973 -0.00182357 -0.00182867 -0.00190159 -0.00186818 -0.00185051 -0.00194457 -0.0019141 -0.00195026 -0.00184754 -0.00184047 -0.00192738 -0.00183322 -0.00197541 -0.00198026 -0.00201994 -0.00187451 -0.00195435 -0.0018162 -0.0019378 -0.00195994 -0.00182624 
-0.00189696 -0.00192952 -0.00193006 -0.00190258 -0.00194044 -0.00206281 -0.00204108 -0.00206687 -0.00219988 -0.00197499 -0.00219322 -0.00228405 -0.00214029 -0.00225496 -0.00217544 -0.00213779 -0.00215408 -0.00183363 -0.00196973 -0.00179718 0.0026399 0.00263098 0.00267579 0.00289599 0.00314056 0.144333 0.00290209 0.0027191 0.00255524 0.00257244 0.00234724 -0.00143727 -0.00167433 -0.00172246 -0.00187906 -0.00195887 -0.00200738 -0.00201833 -0.00206262 -0.00201375 -0.0019813 -0.00197023 -0.00202806 -0.00203426 -0.00205263 -0.00200187 -0.00197279 -0.00189379 -0.00194991 -0.00184981 -0.00186545 -0.00190399 -0.00185513 -0.00189134 -0.00186005 -0.00191381 -0.00192116 -0.00190078 -0.00187612 -0.00185562 -0.0019334 -0.00198516 -0.00182909 -0.00185499 -0.00185918 -0.00196365 -0.00191904 -0.00189237 -0.00188364 -0.00196249 -0.00190036 -0.00181944 -0.00189694 -0.00189584 -0.00182607 -0.00181205 -0.00182901 -0.00193971 -0.00193444 -0.00189018 -0.00186351 -0.00186211 -0.00188476 -0.00187017 -0.00187354 -0.00189047 -0.00189036 -0.00179156 -0.0018639 -0.0019341 -0.00191981 -0.0018713 -0.0018261 -0.00191387 -0.00186548 -0.00189995 -0.00191737 -0.0017985 -0.00182847 -0.00178193 
-0.00177103 -0.00181986 -0.00184263 -0.00191606 -0.00183129 -0.00190978 -0.00200877 -0.00193201 -0.00197556 -0.00186628 -0.00211779 -0.0021274 -0.00209818 -0.00221367 -0.00204773 -0.00213107 -0.00226598 -0.00207259 -0.00201144 -0.00180299 -0.00164522 -0.00169914 0.00245713 0.00242201 0.00275441 0.00290209 0.138953 0.00274394 0.00273702 0.00253901 0.00247937 0.00230905 -0.00138659 -0.0014483 -0.00158841 -0.00163194 -0.0017435 -0.00174364 -0.00188118 -0.00181157 -0.00173153 -0.00183289 -0.00186314 -0.00191758 -0.00184701 -0.00188516 -0.00180465 -0.00181008 -0.001826 -0.00174685 -0.00181955 -0.00167657 -0.00177147 -0.0017393 -0.00184239 -0.0017543 -0.00171917 -0.0018422 -0.00175522 -0.00184504 -0.00183021 -0.00177208 -0.00166752 -0.00173839 -0.00169775 -0.00172995 -0.00175021 -0.0017657 -0.00180529 -0.0017529 -0.00172255 -0.00163219 -0.00172157 -0.00169553 -0.00175014 -0.00165543 -0.00166467 -0.00181506 -0.00176859 -0.00169313 -0.00180292 -0.00181764 -0.0017276 -0.00170054 -0.00181465 -0.00174338 -0.00181736 -0.00176536 -0.00169253 -0.00179729 -0.00174502 -0.00176153 -0.00177533 -0.00180945 -0.00188133 -0.00177098 -0.0017911 -0.00177947 -0.00170707 -0.00159629 
-0.00183111 -0.00177618 -0.00173111 -0.00184843 -0.00176177 -0.00188407 -0.00186693 -0.00191597 -0.0019741 -0.0017953 -0.00196924 -0.0020574 -0.0018327 -0.00204376 -0.00200571 -0.00210887 -0.00217847 -0.00213063 -0.00211126 -0.00198844 -0.00174419 -0.00190952 -0.00173303 0.00237784 0.00253914 0.0027191 0.00274394 0.136974 0.00283436 0.00270718 0.00248768 0.00246936 0.00224266 -0.00143308 -0.00156335 -0.00154195 -0.00157305 -0.00177268 -0.00187355 -0.0018283 -0.00182002 -0.00189446 -0.00188785 -0.00188136 -0.00184095 -0.00180021 -0.00182393 -0.00184183 -0.00173656 -0.00159625 -0.00171935 -0.0016736 -0.00175116 -0.00183153 -0.0017176 -0.00172665 -0.00171924 -0.00180817 -0.00172523 -0.00169896 -0.00171144 -0.00169503 -0.00158162 -0.00170588 -0.00168963 -0.0017519 -0.0017855 -0.00176507 -0.00170797 -0.0017776 -0.00170434 -0.00168556 -0.00171371 -0.00175965 -0.00159854 -0.00159672 -0.00164992 -0.00165918 -0.00172856 -0.00174777 -0.00176233 -0.00184412 -0.00175691 -0.00165583 -0.00177328 -0.00169309 -0.00174348 -0.00176849 -0.00168723 -0.00178743 -0.00162009 -0.00180698 -0.0018045 -0.00166891 -0.00174624 -0.00172695 -0.00172398 -0.00170349 -0.00182291 -0.00170392 
-0.00170586 -0.00181533 -0.00177223 -0.0017196 -0.00179433 -0.00198836 -0.0018372 -0.00187141 -0.00198061 -0.00192688 -0.0019697 -0.00197065 -0.00198963 -0.00204011 -0.00212486 -0.00195887 -0.00203128 -0.00214454 -0.00208014 -0.0020325 -0.00192076 -0.00178879 -0.00180067 -0.00148736 0.00240249 0.00255524 0.00273702 0.00283436 0.135354 0.00286534 0.00269179 0.00249522 0.00244354 0.00224885 -0.00133075 -0.00136877 -0.00158979 -0.00158269 -0.00169379 -0.00179614 -0.00174404 -0.00173383 -0.00184421 -0.00174075 -0.00184346 -0.00178363 -0.0017381 -0.0016875 -0.00173073 -0.00175567 -0.00170463 -0.00166343 -0.00163876 -0.00175535 -0.00172914 -0.00172576 -0.00176655 -0.00178785 -0.00173917 -0.00163515 -0.00178359 -0.00167094 -0.00167665 -0.00162684 -0.00172015 -0.00173009 -0.00170688 -0.00174598 -0.00182479 -0.00175298 -0.00178121 -0.00167585 -0.00170638 -0.00174338 -0.00158668 -0.00155849 -0.00174284 -0.00173858 -0.00159171 -0.00174014 -0.00175112 -0.00169443 -0.00174373 -0.00171823 -0.00172298 -0.00173185 -0.00173302 -0.00166549 -0.00170992 -0.00175047 -0.00177573 -0.00175294 -0.00176274 -0.00178069 -0.00176622 -0.00171763 -0.00179281 -0.00174373 -0.00168583 -0.00166299 
-0.00180611 -0.00167406 -0.00174287 -0.00177395 -0.00175997 -0.00172794 -0.00181944 -0.00187217 -0.00192737 -0.00176076 -0.00197215 -0.00211232 -0.00191109 -0.00204369 -0.00206887 -0.00192812 -0.00216632 -0.00204233 -0.00205964 -0.00207772 -0.00184256 -0.00186839 -0.00180286 -0.00145368 0.00232543 0.00257244 0.00253901 0.00270718 0.00286534 0.133758 0.00253495 0.00245219 0.00223369 0.0022737 -0.00135231 -0.00131853 -0.00155026 -0.0015794 -0.00166869 -0.00174385 -0.00170131 -0.00178303 -0.00186983 -0.00189472 -0.00179745 -0.0018213 -0.00169789 -0.00177196 -0.00163128 -0.00176311 -0.00177513 -0.00173278 -0.00169189 -0.00174199 -0.00174671 -0.00165124 -0.00165573 -0.00172706 -0.00177518 -0.00162963 -0.00176424 -0.00168724 -0.00165835 -0.00164223 -0.00164924 -0.00168297 -0.00177652 -0.00168707 -0.00169003 -0.00166337 -0.00169547 -0.00169824 -0.00165801 -0.00169148 -0.00153285 -0.00152359 -0.00155887 -0.00169994 -0.00163242 -0.00159977 -0.0016348 -0.00164888 -0.0016865 -0.00161193 -0.00176393 -0.00172983 -0.00168133 -0.00162414 -0.00164984 -0.00169011 -0.00171995 -0.00163809 -0.00171036 -0.00169067 -0.00175195 -0.00172011 -0.00171659 -0.00172086 -0.00173605 -0.00165764 
-0.00165615 -0.00178349 -0.00178929 -0.00174712 -0.00178519 -0.00185462 -0.00193302 -0.00184817 -0.0020181 -0.00186523 -0.00205147 -0.00213207 -0.00198869 -0.00211433 -0.00212711 -0.00200103 -0.00221955 -0.00216649 -0.00222538 -0.00218906 -0.00208785 -0.00199786 -0.00195375 -0.00168627 -0.00164994 0.00234724 0.00247937 0.00248768 0.00269179 0.00253495 0.134731 0.00274574 0.00253835 0.00239521 0.00221405 0.00214439 -0.0013556 -0.00140225 -0.00151637 -0.00162721 -0.0016985 -0.00164395 -0.0018607 -0.00181574 -0.0018677 -0.00179752 -0.00162584 -0.00178729 -0.00168326 -0.00168195 -0.00177862 -0.00168993 -0.00180398 -0.00171251 -0.00167824 -0.00168945 -0.00173081 -0.00174791 -0.00172617 -0.00182177 -0.00185138 -0.00173387 -0.00168438 -0.00176519 -0.00170487 -0.00179996 -0.0017432 -0.00168615 -0.00177339 -0.00171863 -0.00176439 -0.00179751 -0.00177686 -0.00185109 -0.00163844 -0.00161322 -0.0017032 -0.00182845 -0.00184051 -0.00173384 -0.00168368 -0.00172638 -0.00174259 -0.00172055 -0.00165386 -0.00177314 -0.00182442 -0.00161466 -0.00169906 -0.00181148 -0.00175333 -0.00175142 -0.00179367 -0.0017639 -0.00178492 -0.00178084 -0.00160801 -0.00177366 -0.00174019 -0.00168734 
-0.0017597 -0.00177485 -0.00172189 -0.00176492 -0.00179882 -0.00191004 -0.00188866 -0.00183241 -0.00182542 -0.00185801 -0.00202364 -0.00205424 -0.00190711 -0.00212573 -0.00212479 -0.00211766 -0.00234553 -0.00209928 -0.00210001 -0.00216704 -0.00217325 -0.00218858 -0.00199215 -0.00161974 -0.00168079 -0.00143727 0.00230905 0.00246936 0.00249522 0.00245219 0.00274574 0.132891 0.00261513 0.0025498 0.00222845 0.00218203 0.00208025 -0.00125213 -0.00147619 -0.00153777 -0.00163413 -0.00157654 -0.00179208 -0.00182184 -0.00181878 -0.00178924 -0.00174829 -0.00174414 -0.00167861 -0.00177246 -0.00161009 -0.00167938 -0.00169217 -0.0017237 -0.00174946 -0.00170632 -0.00163297 -0.00172318 -0.00175269 -0.00163957 -0.00169211 -0.00181844 -0.00155843 -0.0016068 -0.00170283 -0.00171458 -0.00161302 -0.00170212 -0.00173098 -0.00173518 -0.00176775 -0.00174203 -0.0017115 -0.00180997 -0.00167694 -0.00162208 -0.0015775 -0.00168757 -0.00172215 -0.00167736 -0.00175673 -0.00171096 -0.00167489 -0.00167677 -0.0016908 -0.00178216 -0.00171727 -0.00162104 -0.00164679 -0.00169774 -0.00178183 -0.00172367 -0.00174159 -0.00173478 -0.00176363 -0.001759 -0.00177595 -0.00169871 -0.00170311 -0.00164783 
-0.00166632 -0.00173829 -0.00177587 -0.00179606 -0.00177827 -0.00192096 -0.00179383 -0.00190353 -0.00188712 -0.00186172 -0.00200037 -0.00208634 -0.00181145 -0.00206884 -0.00201476 -0.00199145 -0.00214773 -0.00213606 -0.00207606 -0.00227509 -0.00217577 -0.00213107 -0.00211607 -0.0019433 -0.00183002 -0.00167433 -0.00138659 0.00224266 0.00244354 0.00223369 0.00253835 0.00261513 0.131669 0.00259196 0.0022786 0.00230961 0.00222812 0.00198682 -0.00127439 -0.0013487 -0.00139071 -0.00153955 -0.0016672 -0.00173076 -0.00175117 -0.00177517 -0.00174763 -0.00171313 -0.0017126 -0.00174592 -0.00172446 -0.00166681 -0.001756 -0.00175834 -0.00164891 -0.00168412 -0.00168979 -0.00174083 -0.00164224 -0.00160278 -0.00173 -0.00163786 -0.00165478 -0.00159753 -0.00172982 -0.00163118 -0.00166131 -0.00165975 -0.00171163 -0.00167248 -0.0016425 -0.00161992 -0.00167398 -0.00175692 -0.00164411 -0.00153328 -0.00165289 -0.00173035 -0.00167832 -0.00166937 -0.0017175 -0.00169776 -0.00166097 -0.00170482 -0.0016934 -0.00166822 -0.00162382 -0.00162885 -0.00155265 -0.0017059 -0.00165647 -0.00171571 -0.00168586 -0.00168058 -0.00174606 -0.00166361 -0.00170421 -0.00168254 -0.00174308 -0.00161871 
