0.123339 0.0022519 0.00217399 0.0020948 0.00205147 0.00202783 -0.00112892 -0.00125211 -0.00141285 -0.00141808 -0.00163079 -0.00177135 -0.00168153 -0.00183369 -0.00178103 -0.00182308 -0.00186293 -0.00183243 -0.0018773 -0.00196858 -0.00187485 -0.00197858 -0.0019209 -0.00177574 -0.00188408 -0.00191197 -0.00179312 -0.00178255 -0.00172073 -0.00163923 -0.0016882 -0.00171073 -0.00172072 -0.00172248 -0.001623 -0.00157467 -0.00166097 -0.00160343 -0.00159082 -0.00160774 -0.00161337 -0.00161796 -0.00154816 -0.00157219 -0.00166296 -0.00169872 -0.00154018 -0.00151735 -0.00150816 -0.00148319 -0.00152133 -0.00150219 -0.00146346 -0.00154995 -0.00150765 -0.00149334 -0.00152798 -0.00151784 -0.00157191 -0.00151206 -0.00142306 -0.00152297 -0.00154182 -0.00145752 -0.00149252 -0.00147069 -0.00153379 -0.00151319 -0.00149318 -0.00155013 -0.0015024 -0.00146213 -0.00156417 -0.00156411 -0.00132963 -0.00139694 -0.00156583 -0.00153336 -0.00153614 -0.00149072 -0.00148269 -0.00146178 -0.00149606 -0.00148711 -0.00158217 -0.0015317 -0.00158683 -0.00145923 -0.00146068 -0.0014464 -0.00151868 -0.0014022 -0.00133746 -0.00131287 -0.00124338 -0.00114061 0.00185566 0.00189444 0.00206845 0.00212582 
0.0022519 0.123506 0.00219503 0.00229529 0.00204253 0.00200776 0.00206972 -0.00125052 -0.00138416 -0.00126356 -0.00156335 -0.00167947 -0.00171293 -0.00176848 -0.00177567 -0.00183955 -0.00189637 -0.00186195 -0.00180013 -0.00194388 -0.00193319 -0.00197026 -0.00199399 -0.00185592 -0.00194233 -0.00188904 -0.00186656 -0.00184839 -0.00168601 -0.00171586 -0.00190807 -0.00178894 -0.00176668 -0.00172844 -0.00162287 -0.00164346 -0.0016607 -0.00156077 -0.00167475 -0.00159028 -0.00157527 -0.00153906 -0.00156634 -0.0015802 -0.00154048 -0.00168415 -0.00153156 -0.00150605 -0.00158023 -0.00149437 -0.00147395 -0.00152464 -0.00153078 -0.00160078 -0.00145362 -0.00146924 -0.00151598 -0.00147744 -0.00149691 -0.00146793 -0.00152177 -0.00150934 -0.0014642 -0.00136091 -0.00146445 -0.00146835 -0.0015229 -0.00147693 -0.00146923 -0.00148612 -0.00151276 -0.00148908 -0.00146024 -0.00157487 -0.00145846 -0.00145333 -0.00146639 -0.00150943 -0.00151486 -0.00151254 -0.00155758 -0.00152472 -0.00152946 -0.00151669 -0.00154507 -0.00151453 -0.00155617 -0.00139964 -0.00137791 -0.00147409 -0.00154069 -0.00140169 -0.0014543 -0.00134435 -0.00134215 -0.00123278 -0.00116577 0.00174657 0.00202221 0.00203271 
0.00217399 0.00219503 0.123576 0.00225906 0.00221212 0.00223081 0.00213812 0.00199781 -0.00118174 -0.00121378 -0.00150771 -0.00156931 -0.00163955 -0.00179733 -0.00188504 -0.00186193 -0.00196867 -0.00188188 -0.00202321 -0.00205844 -0.00196529 -0.00187727 -0.00207994 -0.00177939 -0.00198764 -0.00202427 -0.00184734 -0.00173331 -0.00169082 -0.00172759 -0.00168781 -0.00177128 -0.00168896 -0.00175884 -0.00151827 -0.00158127 -0.00153195 -0.00159446 -0.00161253 -0.00157141 -0.00156444 -0.0015493 -0.00163709 -0.00167011 -0.00164474 -0.00167632 -0.00159464 -0.00154399 -0.0015688 -0.00161103 -0.00149623 -0.0014695 -0.00156696 -0.00141331 -0.00152979 -0.00149278 -0.00146235 -0.00150472 -0.00152279 -0.00149341 -0.00157008 -0.00139488 -0.00142512 -0.0014739 -0.0014767 -0.00153035 -0.00152068 -0.00152462 -0.00153098 -0.0015434 -0.00154152 -0.00150365 -0.00151634 -0.00151627 -0.00149187 -0.00147114 -0.00148788 -0.00150272 -0.00155431 -0.00146593 -0.00143625 -0.00145937 -0.00149008 -0.00150695 -0.00147773 -0.00153173 -0.00153233 -0.00144075 -0.00148546 -0.00141633 -0.00156238 -0.00146523 -0.00151874 -0.00143898 -0.00135095 -0.00136634 -0.00125231 -0.00117285 0.00186909 0.00192515 
0.0020948 0.00229529 0.00225906 0.124393 0.00232479 0.00235865 0.00227432 0.00220557 0.00209214 -0.00116701 -0.00133787 -0.00157385 -0.00152259 -0.00173408 -0.00184395 -0.00191181 -0.00202649 -0.0018163 -0.00200137 -0.00199216 -0.00198029 -0.00193127 -0.00181007 -0.00189559 -0.00199282 -0.00193215 -0.00183906 -0.0017841 -0.00176706 -0.00171879 -0.00186745 -0.00167735 -0.00177816 -0.00166138 -0.00166882 -0.00163111 -0.00170649 -0.00169156 -0.00164216 -0.00167092 -0.00154411 -0.00157875 -0.00173145 -0.00162256 -0.00166139 -0.00167735 -0.00157685 -0.00157086 -0.00158609 -0.00159764 -0.00154086 -0.00154819 -0.0015529 -0.00150438 -0.00153022 -0.00156688 -0.00152999 -0.00153002 -0.00156639 -0.00149101 -0.00147217 -0.00157891 -0.00140035 -0.00154954 -0.0014852 -0.0015411 -0.00157704 -0.00152168 -0.00151955 -0.00148587 -0.00159364 -0.00149239 -0.00153998 -0.00161694 -0.00139124 -0.0014257 -0.00146887 -0.00151167 -0.0014721 -0.00149326 -0.00162203 -0.0014932 -0.00153664 -0.00158525 -0.00152962 -0.00151705 -0.00150901 -0.00144278 -0.00147233 -0.0015135 -0.0015282 -0.00153158 -0.0014419 -0.00153141 -0.0015812 -0.00134387 -0.00132876 -0.00127541 -0.00114777 0.00185304 
0.00205147 0.00204253 0.00221212 0.00232479 0.124857 0.00245568 0.00224712 0.00213885 0.00217171 0.00218137 -0.00124777 -0.00128265 -0.00138773 -0.001565 -0.00173759 -0.00193103 -0.00198857 -0.00186269 -0.00189631 -0.00204239 -0.00197163 -0.00200751 -0.00191704 -0.00185805 -0.00192165 -0.00198513 -0.00171925 -0.00181094 -0.0018197 -0.00171788 -0.00175094 -0.00174081 -0.00166169 -0.00173058 -0.00166643 -0.00166578 -0.00164753 -0.00170584 -0.0016057 -0.0016854 -0.00150051 -0.00157976 -0.00169733 -0.00167042 -0.00162644 -0.00165246 -0.00159816 -0.00161853 -0.00153625 -0.00152734 -0.00168706 -0.00154491 -0.00155869 -0.00151075 -0.00163567 -0.00161036 -0.00158101 -0.00159546 -0.00149565 -0.00163096 -0.00160463 -0.00148744 -0.00145774 -0.00149023 -0.00147952 -0.0015206 -0.0015419 -0.00149347 -0.00145992 -0.00152322 -0.00156392 -0.00155494 -0.00153083 -0.00153046 -0.00152948 -0.00146272 -0.00150851 -0.00158605 -0.00146134 -0.00151049 -0.00154409 -0.00152633 -0.00153647 -0.00155915 -0.00147182 -0.00157013 -0.0015644 -0.00148555 -0.00143446 -0.00155752 -0.00159739 -0.00153971 -0.00149556 -0.00159978 -0.00158358 -0.00150672 -0.0014705 -0.00142265 -0.00134579 -0.00118427 
0.00202783 0.00200776 0.00223081 0.00235865 0.00245568 0.128324 0.00240073 0.00238509 0.00222994 0.00221301 0.00206324 -0.00131737 -0.00141124 -0.00171984 -0.00181216 -0.00185309 -0.00210065 -0.00205059 -0.00197339 -0.00221279 -0.00200715 -0.00215594 -0.0019786 -0.00200163 -0.00208982 -0.0021975 -0.00190576 -0.00193028 -0.00183154 -0.00183787 -0.00187645 -0.00187223 -0.00186148 -0.00186203 -0.0016391 -0.0017146 -0.0017925 -0.00170914 -0.00180401 -0.00173357 -0.00162839 -0.00170111 -0.0017619 -0.00170426 -0.00167314 -0.00162337 -0.0016611 -0.00164868 -0.00163295 -0.00157029 -0.00170355 -0.00174917 -0.00172218 -0.00167864 -0.00166348 -0.00162484 -0.00164144 -0.00167266 -0.00158391 -0.00162287 -0.00162745 -0.00163134 -0.00141825 -0.00151383 -0.00154965 -0.00163734 -0.0015893 -0.00161103 -0.00160533 -0.00160963 -0.00162332 -0.00157509 -0.00158137 -0.00160392 -0.0015607 -0.0015546 -0.00155288 -0.00156286 -0.00161287 -0.00157666 -0.00170878 -0.00162312 -0.0015938 -0.00156913 -0.00162285 -0.00160952 -0.00162083 -0.00156757 -0.00150794 -0.00162976 -0.001628 -0.00166998 -0.00163147 -0.00165215 -0.00163167 -0.00158817 -0.00152757 -0.00147739 -0.00140422 -0.0013147 
-0.00112892 0.00206972 0.00213812 0.00227432 0.00224712 0.00240073 0.129036 0.00252174 0.00249726 0.00232574 0.00230338 0.00218944 -0.0012658 -0.00146853 -0.00176273 -0.00170784 -0.00193871 -0.00192424 -0.00200522 -0.00211394 -0.00204754 -0.00205179 -0.00198721 -0.00191156 -0.00212898 -0.00217421 -0.0019745 -0.00193498 -0.00196056 -0.00183343 -0.00192325 -0.0018878 -0.00193621 -0.00192935 -0.00180696 -0.00163668 -0.00181895 -0.00173746 -0.00184455 -0.00174573 -0.00170279 -0.0016702 -0.00174456 -0.0016516 -0.00174975 -0.00173144 -0.0016944 -0.00173169 -0.00164001 -0.0016389 -0.00163213 -0.00163304 -0.00169543 -0.00172044 -0.00168905 -0.00168932 -0.00165375 -0.00163478 -0.00169773 -0.00168705 -0.00167993 -0.0016804 -0.00158815 -0.00157803 -0.00162298 -0.00175185 -0.0017028 -0.00158121 -0.00167213 -0.00166928 -0.0017039 -0.0016462 -0.00160585 -0.00166638 -0.00156286 -0.00140013 -0.00156651 -0.00163634 -0.00157836 -0.00166456 -0.00171371 -0.00157502 -0.00162222 -0.00167714 -0.00167669 -0.00164859 -0.00164356 -0.00156436 -0.00158668 -0.00170813 -0.00164846 -0.00164507 -0.00165229 -0.00166657 -0.00172486 -0.00159192 -0.00159038 -0.00146673 -0.0014328 -0.00133473 
-0.00125211 -0.00125052 0.00199781 0.00220557 0.00213885 0.00238509 0.00252174 0.129979 0.00247089 0.00254312 0.00246622 0.00221407 0.00220741 -0.00155213 -0.00167727 -0.00158685 -0.00183478 -0.00196807 -0.00210486 -0.00217309 -0.00206277 -0.00209218 -0.00201767 -0.00192035 -0.0021531 -0.00208637 -0.00186114 -0.00189905 -0.0019429 -0.00178583 -0.00190586 -0.0018856 -0.001924 -0.00185901 -0.0017286 -0.00172246 -0.00186167 -0.00178616 -0.0018047 -0.00178913 -0.00165492 -0.00175043 -0.00172119 -0.00175063 -0.00171817 -0.00172471 -0.0016219 -0.00175531 -0.00169526 -0.00168853 -0.00165514 -0.0016298 -0.00166835 -0.00166297 -0.00173748 -0.00176895 -0.00175377 -0.00172467 -0.00170287 -0.00166512 -0.00177544 -0.00168903 -0.00154902 -0.0015524 -0.00169268 -0.00162905 -0.00168163 -0.00161777 -0.0016371 -0.00163846 -0.0016492 -0.00160413 -0.00169408 -0.00169376 -0.00154253 -0.00163698 -0.00157048 -0.00166679 -0.00167593 -0.00164987 -0.00169875 -0.00162423 -0.00166399 -0.00170093 -0.00166123 -0.00162889 -0.00169934 -0.00150817 -0.00159745 -0.00163883 -0.00161958 -0.00162902 -0.00162733 -0.00159165 -0.00167653 -0.00163792 -0.00171547 -0.00163526 -0.00168193 -0.00150889 
-0.00141285 -0.00138416 -0.00118174 0.00209214 0.00217171 0.00222994 0.00249726 0.00247089 0.131735 0.0025258 0.00247435 0.00240262 0.00233422 0.0022506 -0.00153201 -0.00159225 -0.00179177 -0.00193563 -0.00200256 -0.00214882 -0.00210573 -0.00207655 -0.00207178 -0.00194492 -0.00221218 -0.00213412 -0.00198025 -0.00197177 -0.00196833 -0.00189268 -0.00199291 -0.00189631 -0.00184141 -0.00191786 -0.00187819 -0.00183787 -0.00176033 -0.00185717 -0.00179732 -0.00173505 -0.00175572 -0.00170525 -0.00183022 -0.00192854 -0.00183806 -0.00180498 -0.00175885 -0.00175837 -0.00164829 -0.00169584 -0.00169513 -0.00174682 -0.00175307 -0.00167941 -0.00166794 -0.00171433 -0.00182039 -0.00164258 -0.00160584 -0.001738 -0.00173992 -0.00168093 -0.00161361 -0.00165075 -0.00162791 -0.00176312 -0.00160389 -0.00175618 -0.00176517 -0.00158275 -0.00167927 -0.00171437 -0.00172512 -0.00176378 -0.00152747 -0.00162542 -0.00157492 -0.00171547 -0.00153309 -0.00167188 -0.00172387 -0.00165636 -0.00170106 -0.00174781 -0.00173102 -0.00179042 -0.00175672 -0.00159114 -0.00162673 -0.0015563 -0.00168913 -0.00168823 -0.00168116 -0.00170504 -0.00165965 -0.00167863 -0.00161723 -0.00160583 -0.00160003 -0.00142121 
-0.00141808 -0.00126356 -0.00121378 -0.00116701 0.00218137 0.00221301 0.00232574 0.00254312 0.0025258 0.130026 0.00240366 0.00249728 0.00233111 0.00225202 -0.0014481 -0.00144106 -0.00173285 -0.00183525 -0.00196902 -0.00209315 -0.00208184 -0.00206447 -0.00207627 -0.00187848 -0.00210938 -0.0020573 -0.0019847 -0.00197632 -0.00186825 -0.00179686 -0.00190266 -0.00194431 -0.00179727 -0.00182831 -0.0017213 -0.00167799 -0.00180913 -0.00176804 -0.00178429 -0.00179536 -0.00162247 -0.00171653 -0.00171211 -0.00184429 -0.00180546 -0.00172413 -0.00166552 -0.00167013 -0.00166226 -0.00159844 -0.00163454 -0.00166484 -0.00157154 -0.00157818 -0.00167325 -0.00168321 -0.00159397 -0.00163204 -0.00166821 -0.0016951 -0.00159881 -0.00160467 -0.0015224 -0.0016032 -0.00160488 -0.00162984 -0.00160737 -0.00164131 -0.00164242 -0.00166012 -0.00162219 -0.00167932 -0.00159709 -0.00167968 -0.00153272 -0.00147613 -0.00154613 -0.00160622 -0.00160467 -0.00152049 -0.00165535 -0.00165454 -0.00153998 -0.001706 -0.00161007 -0.00164211 -0.00169554 -0.001546 -0.00155236 -0.00163749 -0.00157476 -0.00153566 -0.00160714 -0.00166431 -0.00163538 -0.00169644 -0.00161623 -0.00160042 -0.0016271 -0.00160181 
-0.00163079 -0.00156335 -0.00150771 -0.00133787 -0.00124777 0.00206324 0.00230338 0.00246622 0.00247435 0.00240366 0.134761 0.00275572 0.00258392 0.00244563 0.00235853 0.00227624 -0.001602 -0.00181927 -0.00187403 -0.00201219 -0.00219297 -0.00213032 -0.00207905 -0.00202007 -0.00223479 -0.0022608 -0.00204592 -0.00201248 -0.00203342 -0.00198956 -0.00194703 -0.00199774 -0.00187426 -0.00194886 -0.0018609 -0.00181511 -0.00200218 -0.00187216 -0.00191535 -0.00187839 -0.00183653 -0.00176739 -0.00185953 -0.00185923 -0.00186007 -0.00174876 -0.0016778 -0.0016226 -0.00176123 -0.00171721 -0.00177269 -0.00174863 -0.00171992 -0.00170525 -0.00172678 -0.00172614 -0.00176319 -0.00176449 -0.00172487 -0.00174495 -0.00174311 -0.00170915 -0.00168288 -0.00169985 -0.00168886 -0.0016463 -0.00170757 -0.00170932 -0.00179276 -0.00173586 -0.0017151 -0.00172486 -0.0017555 -0.00170363 -0.00162365 -0.00169951 -0.00163388 -0.00179899 -0.00174709 -0.00173327 -0.00180155 -0.00171306 -0.00178811 -0.00170062 -0.00182519 -0.00181259 -0.00178411 -0.00170109 -0.00157492 -0.00176257 -0.00177187 -0.0017684 -0.00175851 -0.00175393 -0.00173325 -0.00179005 -0.00167724 -0.00174913 -0.00177129 -0.00158929 
-0.00177135 -0.00167947 -0.00156931 -0.00157385 -0.00128265 -0.00131737 0.00218944 0.00221407 0.00240262 0.00249728 0.00275572 0.136679 0.00276173 0.00267717 0.00256825 0.00248113 0.0024883 -0.001676 -0.00176585 -0.00197908 -0.00199615 -0.00213296 -0.00210145 -0.00205486 -0.00232395 -0.00230037 -0.00208904 -0.00207838 -0.00202381 -0.00202603 -0.00212417 -0.0021568 -0.0020815 -0.00193543 -0.0019605 -0.00190366 -0.00189947 -0.00184721 -0.00187961 -0.00184215 -0.00180654 -0.00187224 -0.00189167 -0.00190897 -0.00192807 -0.00193905 -0.00181616 -0.00171933 -0.00176661 -0.00180575 -0.00172485 -0.00178645 -0.00176908 -0.00181764 -0.00177591 -0.00173769 -0.00183746 -0.00183814 -0.00172663 -0.00178658 -0.00171654 -0.00184978 -0.00162985 -0.00161779 -0.00178091 -0.00182504 -0.0017653 -0.00162592 -0.00175886 -0.0017924 -0.00183887 -0.00181708 -0.00175377 -0.00181289 -0.00176203 -0.00155818 -0.00165465 -0.00175682 -0.00172596 -0.00180978 -0.00166817 -0.00175911 -0.00180001 -0.00180059 -0.00171369 -0.00178133 -0.00182748 -0.00166878 -0.00178088 -0.00179872 -0.00171677 -0.00172112 -0.00179581 -0.00177743 -0.00178756 -0.00173429 -0.00182362 -0.00179543 -0.00181405 -0.00167018 
-0.00168153 -0.00171293 -0.00163955 -0.00152259 -0.00138773 -0.00141124 -0.0012658 0.00220741 0.00233422 0.00233111 0.00258392 0.00276173 0.135197 0.00277935 0.00241604 0.00258282 0.00244675 -0.00156757 -0.00151925 -0.00186181 -0.00203506 -0.00196713 -0.00214159 -0.00205908 -0.00220699 -0.00215357 -0.00202913 -0.00194245 -0.00202702 -0.00195275 -0.00200669 -0.00198306 -0.00197279 -0.00193023 -0.00173132 -0.00169313 -0.00183649 -0.00183572 -0.00188232 -0.00184604 -0.0017964 -0.0018477 -0.0018205 -0.00179823 -0.001782 -0.00173994 -0.00174209 -0.00172952 -0.0016916 -0.00171268 -0.0016978 -0.00179759 -0.00167702 -0.00172373 -0.00185757 -0.00161801 -0.0017377 -0.00176285 -0.00163392 -0.00173675 -0.00171952 -0.00169707 -0.00164575 -0.00164176 -0.00173169 -0.00172144 -0.00168505 -0.00171993 -0.00166962 -0.00167434 -0.00167322 -0.00169194 -0.00163906 -0.00169679 -0.00168924 -0.00158419 -0.0015949 -0.00169839 -0.00164595 -0.00179805 -0.00170314 -0.00179436 -0.00178204 -0.00172154 -0.00172536 -0.00169121 -0.00176178 -0.00166538 -0.00161601 -0.00167409 -0.0017781 -0.0017536 -0.00164484 -0.00172677 -0.00177839 -0.00170489 -0.00171897 -0.00167935 -0.0017174 -0.00167906 
-0.00183369 -0.00176848 -0.00179733 -0.00173408 -0.001565 -0.00171984 -0.00146853 -0.00155213 0.0022506 0.00225202 0.00244563 0.00267717 0.00277935 0.140471 0.00282236 0.00291077 0.00273987 0.0024266 0.00252077 -0.00174363 -0.00195929 -0.00191118 -0.00198865 -0.00215288 -0.00225753 -0.00226405 -0.00220457 -0.00223963 -0.00214062 -0.00209801 -0.00214058 -0.00201898 -0.00208889 -0.00209507 -0.00201375 -0.00192996 -0.00197295 -0.00193222 -0.00187359 -0.00201799 -0.00185454 -0.0019174 -0.00199217 -0.00192052 -0.00188617 -0.00201636 -0.00187421 -0.00185391 -0.00183146 -0.0018063 -0.00180666 -0.00183881 -0.00181087 -0.00177084 -0.00187696 -0.0019174 -0.00181991 -0.00176613 -0.00179004 -0.00193742 -0.00183775 -0.00175766 -0.00168406 -0.0017364 -0.00185667 -0.00187944 -0.00182617 -0.00185326 -0.00184667 -0.00182788 -0.00184296 -0.00184817 -0.00186683 -0.00177776 -0.00170203 -0.00172271 -0.00178091 -0.00194227 -0.00177199 -0.00177885 -0.00180769 -0.00185522 -0.00185328 -0.00181831 -0.0018295 -0.00183998 -0.00175653 -0.00174542 -0.00170068 -0.00183875 -0.00180133 -0.0018224 -0.0019347 -0.00182304 -0.00186046 -0.00192099 -0.00184673 -0.00179405 -0.00180851 -0.00172682 
-0.00178103 -0.00177567 -0.00188504 -0.00184395 -0.00173759 -0.00181216 -0.00176273 -0.00167727 -0.00153201 -0.0014481 0.00235853 0.00256825 0.00241604 0.00282236 0.139738 0.00305243 0.00283148 0.00270249 0.00274118 0.00253794 -0.00169601 -0.0017622 -0.00184449 -0.00194803 -0.00215787 -0.00213304 -0.00209079 -0.00202439 -0.00202227 -0.0021099 -0.00215475 -0.00209547 -0.00201494 -0.00197597 -0.00191885 -0.0019282 -0.00193535 -0.00193154 -0.001878 -0.0019388 -0.00184995 -0.0017193 -0.00189508 -0.00180517 -0.00182724 -0.00186186 -0.00176393 -0.00179383 -0.00185537 -0.00174558 -0.00173872 -0.00185554 -0.00177366 -0.00177482 -0.00169489 -0.0017879 -0.00174765 -0.00180678 -0.00174813 -0.00187182 -0.00181431 -0.00171188 -0.00169881 -0.00164181 -0.00170483 -0.00175835 -0.00184945 -0.00182127 -0.00180392 -0.00183495 -0.00169226 -0.00183329 -0.00182622 -0.00174052 -0.0017983 -0.00167088 -0.00171034 -0.00185903 -0.00183721 -0.00181551 -0.00181284 -0.00181055 -0.0017692 -0.00185923 -0.00181816 -0.00183905 -0.00180871 -0.00173924 -0.00173805 -0.00171416 -0.00177545 -0.00176765 -0.00174227 -0.00175072 -0.00185213 -0.00169368 -0.00188965 -0.0018167 -0.00176614 -0.00164866 
-0.00182308 -0.00183955 -0.00186193 -0.00191181 -0.00193103 -0.00185309 -0.00170784 -0.00158685 -0.00159225 -0.00144106 0.00227624 0.00248113 0.00258282 0.00291077 0.00305243 0.14142 0.00280935 0.00263821 0.00276591 0.00261678 -0.00165301 -0.0017385 -0.00185132 -0.00195808 -0.00214169 -0.00208434 -0.00215557 -0.00209892 -0.00204738 -0.00207676 -0.00207614 -0.00212571 -0.00200218 -0.00207243 -0.00191865 -0.00186985 -0.00198279 -0.00207523 -0.00198478 -0.00191249 -0.00186196 -0.0018245 -0.00193312 -0.00193064 -0.00184279 -0.00186735 -0.00185754 -0.00185407 -0.00185174 -0.00178453 -0.00181893 -0.00178319 -0.00177991 -0.00189587 -0.00176915 -0.00179169 -0.00183912 -0.00186146 -0.00176314 -0.00182741 -0.00181333 -0.00179205 -0.00178095 -0.00171409 -0.00183009 -0.00184558 -0.00185443 -0.00174996 -0.00180156 -0.00181207 -0.0018239 -0.00176722 -0.00182403 -0.00171737 -0.0017117 -0.00172058 -0.00175358 -0.00174491 -0.00183428 -0.00184429 -0.00174571 -0.00170792 -0.00189333 -0.00185195 -0.00173443 -0.00175172 -0.00185374 -0.00170497 -0.00171874 -0.00169867 -0.00176634 -0.00185716 -0.00180654 -0.00181168 -0.00171106 -0.00186795 -0.00173361 -0.00190596 -0.00186387 -0.00172 
-0.00186293 -0.00189637 -0.00196867 -0.00202649 -0.00198857 -0.00210065 -0.00193871 -0.00183478 -0.00179177 -0.00173285 -0.001602 0.0024883 0.00244675 0.00273987 0.00283148 0.00280935 0.146119 0.00302773 0.0030097 0.0028293 0.0025909 0.0026049 -0.00166784 -0.00189145 -0.00201921 -0.00205328 -0.00227225 -0.00220362 -0.00223443 -0.00212396 -0.00223207 -0.00214484 -0.00213362 -0.00217631 -0.00217309 -0.00200707 -0.00207021 -0.00209827 -0.00213995 -0.00204504 -0.00191162 -0.00197591 -0.00205219 -0.00204748 -0.00192251 -0.00216398 -0.00199564 -0.00201142 -0.00188606 -0.00183754 -0.00188761 -0.00193268 -0.0019207 -0.001867 -0.00197405 -0.00190842 -0.00198174 -0.00199318 -0.00190887 -0.00193043 -0.00191909 -0.00189072 -0.00187857 -0.00184442 -0.00197313 -0.00188162 -0.00189341 -0.00194681 -0.00188393 -0.00184706 -0.0018718 -0.00187815 -0.00182245 -0.00191558 -0.00186836 -0.00187633 -0.00175358 -0.0018787 -0.00193965 -0.00193072 -0.00198177 -0.00189133 -0.00197067 -0.00196307 -0.00187899 -0.00188354 -0.00192618 -0.00188305 -0.00177909 -0.00198218 -0.00198257 -0.0019209 -0.00186859 -0.00187795 -0.00193349 -0.00191082 -0.00191491 -0.00193781 -0.00196264 -0.00181454 
-0.00183243 -0.00186195 -0.00188188 -0.0018163 -0.00186269 -0.00205059 -0.00192424 -0.00196807 -0.00193563 -0.00183525 -0.00181927 -0.001676 -0.00156757 0.0024266 0.00270249 0.00263821 0.00302773 0.144505 0.00330971 0.00306974 0.00284068 0.00284316 0.00260321 -0.00157871 -0.00179495 -0.00187776 -0.0019488 -0.00211137 -0.00210267 -0.00207165 -0.00214443 -0.00212351 -0.00215375 -0.00213062 -0.00203193 -0.00192138 -0.00198962 -0.00211861 -0.00201566 -0.00203069 -0.0018682 -0.00187975 -0.00206091 -0.001981 -0.0020434 -0.00205993 -0.00186073 -0.00191848 -0.00186626 -0.00194969 -0.00192131 -0.00196974 -0.00183071 -0.00192757 -0.00183768 -0.0018957 -0.00190007 -0.00186076 -0.00188589 -0.00195779 -0.00177501 -0.00190473 -0.00173732 -0.00176926 -0.00177142 -0.00184524 -0.00185919 -0.00190612 -0.00192982 -0.00180232 -0.00190058 -0.00183404 -0.0018689 -0.00189165 -0.00173342 -0.00178623 -0.00179666 -0.00187804 -0.00186484 -0.001842 -0.00173016 -0.00176749 -0.00187949 -0.00184554 -0.00182108 -0.00188503 -0.00189333 -0.00181858 -0.00178112 -0.0018536 -0.00185186 -0.00185458 -0.00184886 -0.00179637 -0.00182929 -0.00184541 -0.00184625 -0.00183427 -0.00186319 -0.00177089 
-0.0018773 -0.00180013 -0.00202321 -0.00200137 -0.00189631 -0.00197339 -0.00200522 -0.00210486 -0.00200256 -0.00196902 -0.00187403 -0.00176585 -0.00151925 0.00252077 0.00274118 0.00276591 0.0030097 0.00330971 0.14542 0.00313178 0.00282424 0.00284194 0.00261399 -0.00158008 -0.00187085 -0.00185404 -0.00201481 -0.00219042 -0.00213271 -0.00219007 -0.00200784 -0.00212871 -0.00221952 -0.00207599 -0.00197814 -0.00195197 -0.0020417 -0.00199221 -0.00195032 -0.0019618 -0.00191888 -0.00202441 -0.00197697 -0.00202914 -0.0019642 -0.00200901 -0.00180359 -0.00195633 -0.0019776 -0.00189929 -0.0019027 -0.00184556 -0.00179873 -0.00188811 -0.00190318 -0.00185476 -0.00186662 -0.00191709 -0.00176613 -0.00190854 -0.00184665 -0.00182491 -0.0018165 -0.00183615 -0.00184452 -0.00190405 -0.00197215 -0.00195609 -0.00181684 -0.00182766 -0.00184849 -0.00176359 -0.00189332 -0.00175708 -0.00185314 -0.0018018 -0.00176784 -0.00178909 -0.00189416 -0.00186042 -0.0018469 -0.00184595 -0.00185144 -0.00192701 -0.00179082 -0.00179841 -0.00185586 -0.00177672 -0.00176212 -0.00195246 -0.00188317 -0.00183852 -0.00189284 -0.00190833 -0.00190682 -0.00194029 -0.00183561 -0.00179162 -0.00188259 -0.00185239 
-0.00196858 -0.00194388 -0.00205844 -0.00199216 -0.00204239 -0.00221279 -0.00211394 -0.00217309 -0.00214882 -0.00209315 -0.00201219 -0.00197908 -0.00186181 -0.00174363 0.00253794 0.00261678 0.0028293 0.00306974 0.00313178 0.149359 0.00318726 0.00311619 0.00296912 0.0026612 0.00259263 -0.00162936 -0.00196181 -0.00193907 -0.0022192 -0.0019926 -0.0022853 -0.00221548 -0.00220295 -0.00219328 -0.00210844 -0.00205429 -0.0022071 -0.00212868 -0.00206974 -0.00209355 -0.00195916 -0.00193802 -0.002058 -0.00213609 -0.00204221 -0.00219201 -0.00205943 -0.00203562 -0.00198112 -0.00198733 -0.00200023 -0.00201342 -0.00198086 -0.00189944 -0.00203218 -0.00203416 -0.0019168 -0.00201959 -0.00190406 -0.00193677 -0.00179694 -0.00195602 -0.00195748 -0.00197015 -0.0020151 -0.00197548 -0.00193027 -0.00207404 -0.00199298 -0.00193702 -0.00192802 -0.00196952 -0.00190192 -0.00195176 -0.00191252 -0.00193855 -0.00194853 -0.00202436 -0.00199149 -0.00196001 -0.00197763 -0.00196861 -0.00191281 -0.00194169 -0.00192812 -0.00194114 -0.00194481 -0.001922 -0.00183952 -0.00202611 -0.00197516 -0.00196211 -0.00192618 -0.00194613 -0.00196947 -0.00201379 -0.0020115 -0.0019966 -0.0020459 -0.00191843 
-0.00187485 -0.00193319 -0.00196529 -0.00198029 -0.00197163 -0.00200715 -0.00204754 -0.00206277 -0.00210573 -0.00208184 -0.00219297 -0.00199615 -0.00203506 -0.00195929 -0.00169601 -0.00165301 0.0025909 0.00284068 0.00282424 0.00318726 0.146071 0.00334991 0.00317811 0.00273369 0.00280427 0.00269147 -0.00175481 -0.00183246 -0.0019379 -0.0018478 -0.0019709 -0.00214176 -0.0020472 -0.00206815 -0.00192692 -0.00192291 -0.00210902 -0.00211802 -0.002026 -0.00197358 -0.00195448 -0.00188373 -0.00197099 -0.00195623 -0.00202041 -0.00202065 -0.00183999 -0.00189281 -0.00187028 -0.00189134 -0.0018528 -0.00198144 -0.00196861 -0.00185767 -0.00185836 -0.00192151 -0.00183835 -0.00191573 -0.0019172 -0.00192038 -0.00179724 -0.00195908 -0.0016832 -0.00176651 -0.0018122 -0.0019067 -0.00187159 -0.00191495 -0.00185799 -0.00186993 -0.00188797 -0.00184534 -0.00191217 -0.00190759 -0.0017394 -0.00187952 -0.0018022 -0.00188956 -0.0019429 -0.00183087 -0.00197457 -0.00188606 -0.00188818 -0.00190496 -0.00187564 -0.00193652 -0.00182032 -0.00179525 -0.00176619 -0.00198773 -0.00185048 -0.00184855 -0.00190491 -0.00185102 -0.00185001 -0.00192729 -0.00197462 -0.00190165 -0.0018379 -0.0018393 
-0.00197858 -0.00197026 -0.00187727 -0.00193127 -0.00200751 -0.00215594 -0.00205179 -0.00209218 -0.00207655 -0.00206447 -0.00213032 -0.00213296 -0.00196713 -0.00191118 -0.0017622 -0.0017385 0.0026049 0.00284316 0.00284194 0.00311619 0.00334991 0.14641 0.00316127 0.00280753 0.0028535 0.00249674 -0.00170484 -0.00178006 -0.0017746 -0.00184066 -0.00204548 -0.00213332 -0.0020725 -0.00205681 -0.0020083 -0.00198918 -0.00205264 -0.00204682 -0.0020556 -0.00203054 -0.00191598 -0.00195919 -0.00198028 -0.00192446 -0.00200748 -0.00195884 -0.00187482 -0.0019501 -0.00191516 -0.0019124 -0.00191779 -0.00183311 -0.00186543 -0.00186197 -0.00190217 -0.00184162 -0.00188094 -0.00187053 -0.00181518 -0.00195329 -0.00200007 -0.001928 -0.00179989 -0.00190285 -0.00190178 -0.00197492 -0.00186503 -0.00191345 -0.00181818 -0.00189008 -0.00192658 -0.00190556 -0.00185152 -0.00184224 -0.00184475 -0.0017674 -0.00181204 -0.00182835 -0.00194112 -0.00190543 -0.00191254 -0.00195972 -0.00195841 -0.00190709 -0.00181913 -0.00185998 -0.00190773 -0.00174713 -0.00179601 -0.00183001 -0.00189417 -0.00191043 -0.00183304 -0.00180104 -0.00180336 -0.00188815 -0.00185308 -0.00189727 -0.00186741 -0.00183976 
-0.0019209 -0.00199399 -0.00207994 -0.00181007 -0.00191704 -0.0019786 -0.00198721 -0.00201767 -0.00207178 -0.00207627 -0.00207905 -0.00210145 -0.00214159 -0.00198865 -0.00184449 -0.00185132 -0.00166784 0.00260321 0.00261399 0.00296912 0.00317811 0.00316127 0.145708 0.00299248 0.00295926 0.00265769 0.00250882 -0.00161416 -0.00179094 -0.00180181 -0.00201338 -0.00207525 -0.00202082 -0.00210575 -0.00195973 -0.00208583 -0.00204503 -0.00201585 -0.00198279 -0.00211978 -0.00195523 -0.00185346 -0.00201212 -0.00183602 -0.00194208 -0.00204447 -0.00190025 -0.00201335 -0.00196742 -0.00189788 -0.00190445 -0.00186098 -0.00190377 -0.00188388 -0.00186974 -0.00177653 -0.0019261 -0.00191618 -0.0018397 -0.00187335 -0.00180853 -0.00187591 -0.00178728 -0.00180836 -0.00186087 -0.00190139 -0.00185663 -0.00189299 -0.00188871 -0.00187829 -0.00193328 -0.00187515 -0.00198066 -0.00182884 -0.00171303 -0.00181256 -0.00179531 -0.0017495 -0.00181379 -0.00188093 -0.00193946 -0.00186952 -0.00189094 -0.00191209 -0.00182682 -0.00184287 -0.00194812 -0.00173094 -0.00172857 -0.00181885 -0.00180353 -0.00178799 -0.00190786 -0.00182183 -0.00189585 -0.00182968 -0.00184219 -0.00195166 -0.00196912 -0.00175616 
-0.00177574 -0.00185592 -0.00177939 -0.00189559 -0.00185805 -0.00200163 -0.00191156 -0.00192035 -0.00194492 -0.00187848 -0.00202007 -0.00205486 -0.00205908 -0.00215288 -0.00194803 -0.00195808 -0.00189145 -0.00157871 -0.00158008 0.0026612 0.00273369 0.00280753 0.00299248 0.141066 0.00302753 0.00287201 0.0024243 0.00233847 -0.00152828 -0.00144535 -0.00161642 -0.00177705 -0.00190176 -0.00185026 -0.0017976 -0.00179084 -0.00192343 -0.00192446 -0.00187047 -0.00190819 -0.00183366 -0.00180953 -0.00187654 -0.00193671 -0.00188329 -0.0018791 -0.00178507 -0.00180715 -0.0017459 -0.00178921 -0.00174644 -0.00173095 -0.0017427 -0.00179688 -0.00175185 -0.00167914 -0.00183558 -0.00171185 -0.00180628 -0.00165833 -0.00186453 -0.00183018 -0.00168927 -0.00171377 -0.00180313 -0.00176165 -0.00184798 -0.00180667 -0.00184778 -0.00175988 -0.00174036 -0.00176643 -0.00174992 -0.00166383 -0.00164071 -0.00159691 -0.00168116 -0.00173639 -0.0016816 -0.00176724 -0.00174744 -0.00178133 -0.00171601 -0.00176231 -0.001671 -0.00171549 -0.0017104 -0.00161757 -0.00168036 -0.00173682 -0.0016533 -0.00172699 -0.00182906 -0.00175123 -0.00170499 -0.00170978 -0.00180656 -0.00182569 -0.00189763 -0.00172482 
-0.00188408 -0.00194233 -0.00198764 -0.00199282 -0.00192165 -0.00208982 -0.00212898 -0.0021531 -0.00221218 -0.00210938 -0.00223479 -0.00232395 -0.00220699 -0.00225753 -0.00215787 -0.00214169 -0.00201921 -0.00179495 -0.00187085 0.00259263 0.00280427 0.0028535 0.00295926 0.00302753 0.145859 0.00308742 0.00270195 0.00271391 0.00240725 0.00243834 -0.00154401 -0.00169565 -0.00165891 -0.00182648 -0.00190634 -0.00199221 -0.00209304 -0.00207441 -0.00198524 -0.00200264 -0.00198057 -0.00189305 -0.00201011 -0.00202811 -0.00204665 -0.00202181 -0.00193182 -0.00199349 -0.0019775 -0.00197635 -0.0019352 -0.00188786 -0.00187189 -0.00201371 -0.00185296 -0.00203452 -0.00203686 -0.00193652 -0.00186835 -0.00188767 -0.00189695 -0.00186715 -0.001787 -0.00187374 -0.00185094 -0.00195234 -0.00203473 -0.00195045 -0.00192142 -0.0019238 -0.00188156 -0.00191601 -0.00194225 -0.00190154 -0.00194362 -0.00181708 -0.0018568 -0.00193696 -0.00185035 -0.0019679 -0.00200995 -0.00189393 -0.00190107 -0.00190087 -0.00188615 -0.00194902 -0.00189759 -0.00181719 -0.00175328 -0.00195283 -0.00186002 -0.00186173 -0.00189909 -0.00180488 -0.00187307 -0.00197114 -0.00193254 -0.00194299 -0.00197777 -0.00189336 
-0.00191197 -0.00188904 -0.00202427 -0.00193215 -0.00198513 -0.0021975 -0.00217421 -0.00208637 -0.00213412 -0.0020573 -0.0022608 -0.00230037 -0.00215357 -0.00226405 -0.00213304 -0.00208434 -0.00205328 -0.00187776 -0.00185404 -0.00162936 0.00269147 0.00249674 0.00265769 0.00287201 0.00308742 0.14439 0.00295986 0.00266625 0.00261395 0.00253051 0.00225022 -0.00147463 -0.00156009 -0.00173549 -0.00179425 -0.00187862 -0.00201595 -0.00213213 -0.00210522 -0.00208092 -0.00197738 -0.00192791 -0.00192964 -0.00201467 -0.0020742 -0.0020112 -0.0019492 -0.00187759 -0.00198341 -0.00192869 -0.00186981 -0.00182211 -0.0019133 -0.00190576 -0.00190688 -0.0019268 -0.00196371 -0.00190542 -0.00195204 -0.00185535 -0.00183255 -0.00185014 -0.00182762 -0.00180039 -0.00195644 -0.00191438 -0.00192651 -0.00192703 -0.00196432 -0.00189549 -0.00177694 -0.00194415 -0.00190966 -0.00178609 -0.00178675 -0.00184931 -0.0017608 -0.00188798 -0.00191739 -0.00195703 -0.00197019 -0.00179738 -0.0018551 -0.00192424 -0.00183884 -0.00183739 -0.00185022 -0.00172771 -0.00176573 -0.00184228 -0.00186947 -0.0019345 -0.00195129 -0.00190483 -0.00185333 -0.00185422 -0.0018898 -0.00189407 -0.00191741 -0.00179182 
-0.00179312 -0.00186656 -0.00184734 -0.00183906 -0.00171925 -0.00190576 -0.0019745 -0.00186114 -0.00198025 -0.0019847 -0.00204592 -0.00208904 -0.00202913 -0.00220457 -0.00209079 -0.00215557 -0.00227225 -0.0019488 -0.00201481 -0.00196181 -0.00175481 -0.00170484 0.00250882 0.0024243 0.00270195 0.00295986 0.13928 0.00287285 0.00266359 0.00263692 0.00239443 0.00218174 -0.0014503 -0.00158561 -0.00168764 -0.00162006 -0.00175335 -0.00188994 -0.00187243 -0.00186765 -0.00178859 -0.0017725 -0.0018175 -0.00177972 -0.00189127 -0.00198249 -0.00179348 -0.00177482 -0.00172696 -0.00170649 -0.00174203 -0.00176265 -0.00183056 -0.00177179 -0.00185111 -0.00172899 -0.00181384 -0.0017453 -0.00166549 -0.00173209 -0.00174522 -0.0017832 -0.00165705 -0.00168536 -0.00183221 -0.00177429 -0.00177756 -0.00177217 -0.00174571 -0.00184133 -0.00183546 -0.00173216 -0.00175224 -0.00174375 -0.00164133 -0.0016195 -0.00162489 -0.00171598 -0.00185613 -0.00169543 -0.00184278 -0.00179643 -0.00173409 -0.0017908 -0.0017602 -0.00180647 -0.00173958 -0.00172983 -0.00173081 -0.0017176 -0.00175128 -0.00169938 -0.00178184 -0.00168642 -0.00175811 -0.00176571 -0.00185921 -0.00181166 -0.00183617 -0.00174667 
-0.00178255 -0.00184839 -0.00173331 -0.0017841 -0.00181094 -0.00193028 -0.00193498 -0.00189905 -0.00197177 -0.00197632 -0.00201248 -0.00207838 -0.00194245 -0.00223963 -0.00202439 -0.00209892 -0.00220362 -0.00211137 -0.00219042 -0.00193907 -0.00183246 -0.00178006 -0.00161416 0.00233847 0.00271391 0.00266625 0.00287285 0.137393 0.00270388 0.00277567 0.00252794 0.00243479 0.00228529 -0.00135016 -0.00150007 -0.00151103 -0.00159214 -0.00175177 -0.00188141 -0.00174795 -0.00176063 -0.001703 -0.00180429 -0.00184066 -0.00179236 -0.00184334 -0.00174 -0.00177534 -0.00169534 -0.00179765 -0.00180066 -0.00170042 -0.00175788 -0.00183988 -0.00172271 -0.0018008 -0.00181229 -0.00172014 -0.00179217 -0.00170184 -0.0018022 -0.001692 -0.0016672 -0.00163612 -0.0017147 -0.001772 -0.00174657 -0.0017638 -0.0017279 -0.00173611 -0.00178319 -0.0017321 -0.00179764 -0.00179492 -0.00165259 -0.00169357 -0.00168804 -0.00168711 -0.00172934 -0.00173958 -0.00180569 -0.00166321 -0.00163148 -0.00174351 -0.0017585 -0.00177163 -0.00166977 -0.00161443 -0.00175987 -0.00179259 -0.00171462 -0.00185044 -0.0017381 -0.00168786 -0.00181401 -0.00178861 -0.00173419 -0.00170883 -0.00173701 -0.00169618 
-0.00172073 -0.00168601 -0.00169082 -0.00176706 -0.0018197 -0.00183154 -0.00196056 -0.0019429 -0.00196833 -0.00186825 -0.00203342 -0.00202381 -0.00202702 -0.00214062 -0.00202227 -0.00204738 -0.00223443 -0.00210267 -0.00213271 -0.0022192 -0.0019379 -0.0017746 -0.00179094 -0.00152828 0.00240725 0.00261395 0.00266359 0.00270388 0.135322 0.00279191 0.00266628 0.00255825 0.00237759 0.00215206 -0.00133432 -0.00134744 -0.00147576 -0.00165914 -0.00167955 -0.00182223 -0.0017846 -0.00173298 -0.00176652 -0.00187819 -0.00173618 -0.00185209 -0.00173284 -0.00170177 -0.00167657 -0.00169534 -0.00168163 -0.00175276 -0.00167758 -0.00177369 -0.00170569 -0.0018084 -0.00180518 -0.00166944 -0.00174945 -0.00174158 -0.00169229 -0.00170742 -0.00166542 -0.00165774 -0.00163255 -0.00169849 -0.00176743 -0.00165923 -0.00169063 -0.00176625 -0.00165223 -0.00175956 -0.00172126 -0.00174407 -0.00162564 -0.00170443 -0.00168354 -0.00167043 -0.00171106 -0.00169741 -0.00172982 -0.00174704 -0.00160412 -0.0016183 -0.00178536 -0.00170244 -0.00175238 -0.0017161 -0.0016168 -0.00171242 -0.00166863 -0.00172574 -0.00165108 -0.00167717 -0.00176036 -0.00167057 -0.00170937 -0.00162122 -0.00168004 -0.00168839 
-0.00163923 -0.00171586 -0.00172759 -0.00171879 -0.00171788 -0.00183787 -0.00183343 -0.00178583 -0.00189268 -0.00179686 -0.00198956 -0.00202603 -0.00195275 -0.00209801 -0.0021099 -0.00207676 -0.00212396 -0.00207165 -0.00219007 -0.0019926 -0.0018478 -0.00184066 -0.00180181 -0.00144535 0.00243834 0.00253051 0.00263692 0.00277567 0.00279191 0.133942 0.0026447 0.00256705 0.00234944 0.00209987 -0.00142733 -0.00138178 -0.00156874 -0.00157526 -0.00173803 -0.00175552 -0.00175027 -0.00176008 -0.00180882 -0.00180045 -0.00184037 -0.00177843 -0.001758 -0.00171838 -0.00176222 -0.00178174 -0.00181023 -0.00174124 -0.00168719 -0.00174015 -0.00172656 -0.00164723 -0.00166961 -0.00175112 -0.00166322 -0.00167158 -0.00169692 -0.0016934 -0.00156441 -0.00156137 -0.00164889 -0.00166691 -0.00166469 -0.00175215 -0.00167741 -0.00172218 -0.00175132 -0.00163165 -0.00163581 -0.00168388 -0.00160374 -0.00157155 -0.00166227 -0.00169694 -0.00168916 -0.00165952 -0.00179198 -0.00172113 -0.00175531 -0.00170462 -0.0017154 -0.00177933 -0.00165785 -0.00162368 -0.00160311 -0.00177382 -0.00165514 -0.00164791 -0.0017085 -0.0017123 -0.00169499 -0.0017272 -0.00161753 -0.00166248 -0.00180739 -0.00163606 
-0.0016882 -0.00190807 -0.00168781 -0.00186745 -0.00175094 -0.00187645 -0.00192325 -0.00190586 -0.00199291 -0.00190266 -0.00194703 -0.00212417 -0.00200669 -0.00214058 -0.00215475 -0.00207614 -0.00223207 -0.00214443 -0.00200784 -0.0022853 -0.0019709 -0.00204548 -0.00201338 -0.00161642 -0.00154401 0.00225022 0.00239443 0.00252794 0.00266628 0.0026447 0.134609 0.00258213 0.00260308 0.00244208 0.00220676 0.00215556 -0.00140532 -0.00137933 -0.00148033 -0.00160437 -0.0017787 -0.00168693 -0.00171362 -0.00178411 -0.0018072 -0.0018203 -0.00175221 -0.00171295 -0.00178458 -0.00178246 -0.00165976 -0.00176321 -0.00171613 -0.00174824 -0.00172375 -0.00177514 -0.0017486 -0.0017066 -0.00170771 -0.00179854 -0.00173062 -0.00174887 -0.00161417 -0.00166014 -0.00178324 -0.00174067 -0.00174188 -0.0018157 -0.00177458 -0.00182145 -0.00178003 -0.00172535 -0.0017164 -0.00175931 -0.00165081 -0.00162179 -0.00173318 -0.00170244 -0.00175659 -0.00161605 -0.00168091 -0.00175898 -0.00176063 -0.0018443 -0.00176143 -0.00168343 -0.00178216 -0.00166391 -0.00169553 -0.00182141 -0.00181222 -0.00173881 -0.00186618 -0.00181484 -0.00170931 -0.00170887 -0.00177165 -0.00165425 -0.0017132 -0.00169406 
-0.00171073 -0.00178894 -0.00177128 -0.00167735 -0.00174081 -0.00187223 -0.0018878 -0.0018856 -0.00189631 -0.00194431 -0.00199774 -0.0021568 -0.00198306 -0.00201898 -0.00209547 -0.00212571 -0.00214484 -0.00212351 -0.00212871 -0.00221548 -0.00214176 -0.00213332 -0.00207525 -0.00177705 -0.00169565 -0.00147463 0.00218174 0.00243479 0.00255825 0.00256705 0.00258213 0.133069 0.00268432 0.00240103 0.00225423 0.00226942 0.0021031 -0.0012755 -0.00135009 -0.00151087 -0.00161139 -0.00162552 -0.00176791 -0.00181994 -0.00187583 -0.00182008 -0.00165244 -0.00172191 -0.00178867 -0.00169901 -0.00172949 -0.00169767 -0.00182689 -0.0017443 -0.00172084 -0.00172801 -0.00181679 -0.00163355 -0.00163646 -0.00176345 -0.00181957 -0.00171159 -0.0016592 -0.00156183 -0.00175099 -0.00170728 -0.00164015 -0.00169012 -0.00165583 -0.00169313 -0.00169102 -0.0017754 -0.0017742 -0.00170528 -0.00160577 -0.00167179 -0.00156461 -0.00168123 -0.00176653 -0.00171575 -0.00175622 -0.00167214 -0.00173864 -0.00172046 -0.00170966 -0.00183611 -0.00171449 -0.00160403 -0.00164371 -0.00171902 -0.00168199 -0.00170571 -0.00168656 -0.00180237 -0.00166371 -0.00173477 -0.0016556 -0.00163042 -0.00167982 -0.00162835 
-0.00172072 -0.00176668 -0.00168896 -0.00177816 -0.00166169 -0.00186148 -0.00193621 -0.001924 -0.00184141 -0.00179727 -0.00187426 -0.0020815 -0.00197279 -0.00208889 -0.00201494 -0.00200218 -0.00213362 -0.00215375 -0.00221952 -0.00220295 -0.0020472 -0.0020725 -0.00202082 -0.00190176 -0.00165891 -0.00156009 -0.0014503 0.00228529 0.00237759 0.00234944 0.00260308 0.00268432 0.131369 0.00260151 0.00238569 0.00226571 0.00214064 0.00202246 -0.00139036 -0.00131864 -0.00151645 -0.00158513 -0.00169868 -0.00176721 -0.00182852 -0.00171234 -0.00174879 -0.00173659 -0.0016363 -0.00170027 -0.00167907 -0.00163292 -0.00171643 -0.00164545 -0.00164151 -0.00163288 -0.00172651 -0.00172786 -0.00172485 -0.00168215 -0.00176869 -0.00166654 -0.00163438 -0.00159648 -0.00167509 -0.00176649 -0.00177269 -0.00175245 -0.00166009 -0.00169539 -0.0017374 -0.00163801 -0.00169841 -0.00167715 -0.00157664 -0.00161784 -0.00167678 -0.00168258 -0.00168081 -0.0016486 -0.00177624 -0.00170634 -0.00176346 -0.00172124 -0.00167948 -0.00165077 -0.00165087 -0.00155596 -0.00162847 -0.00175989 -0.00164407 -0.0016507 -0.00169061 -0.00171943 -0.00164717 -0.00172876 -0.00167754 -0.0017018 -0.00164054 -0.00158792 
