0.122903 0.00221831 0.0021776 0.0020503 0.00201508 0.0019961 -0.00105754 -0.00119989 -0.00136416 -0.00137996 -0.00153849 -0.00165089 -0.00168033 -0.00184962 -0.00174488 -0.00177235 -0.00190303 -0.00189674 -0.00193362 -0.00197451 -0.00194563 -0.00185698 -0.00191682 -0.00172963 -0.0018892 -0.00188142 -0.00173609 -0.00179121 -0.00171002 -0.00171761 -0.00179664 -0.00172642 -0.00177335 -0.00176851 -0.00157234 -0.00158987 -0.00161231 -0.00163103 -0.00170459 -0.00160423 -0.00153263 -0.00156603 -0.00164524 -0.00169158 -0.00166055 -0.00160247 -0.00152825 -0.00149696 -0.00158299 -0.00143323 -0.00150551 -0.00149833 -0.00146741 -0.00144055 -0.00145346 -0.00152348 -0.00151392 -0.00147681 -0.00146075 -0.00145485 -0.00146561 -0.00149669 -0.0013806 -0.00142137 -0.00144505 -0.00163155 -0.00150381 -0.00160606 -0.00152618 -0.0015832 -0.00163196 -0.00158115 -0.00158912 -0.00150736 -0.00144219 -0.00150368 -0.00138042 -0.00150639 -0.00151973 -0.00155955 -0.00151234 -0.00147687 -0.00141463 -0.00145859 -0.00152088 -0.00154754 -0.00153555 -0.00142698 -0.00142108 -0.00149158 -0.00145107 -0.00146205 -0.00132516 -0.00126814 -0.00122901 -0.00118712 0.00187431 0.00196884 0.00207284 0.00216867 
0.00221831 0.123322 0.00228298 0.00209764 0.00221098 0.00218151 0.0020942 -0.00129508 -0.00129312 -0.00123991 -0.00145639 -0.00164118 -0.00179557 -0.00177642 -0.00185634 -0.00169658 -0.00189821 -0.00192324 -0.00179699 -0.00200238 -0.00192289 -0.0019076 -0.00190586 -0.00180228 -0.00204409 -0.00200624 -0.00182202 -0.00180388 -0.0017495 -0.00173793 -0.0016665 -0.00176973 -0.0016047 -0.00178941 -0.0015288 -0.00164354 -0.00167262 -0.00167611 -0.00161484 -0.00162495 -0.00158026 -0.00147994 -0.00161767 -0.00160579 -0.0015531 -0.0016566 -0.00144947 -0.00149803 -0.00142534 -0.00155401 -0.00148901 -0.00152114 -0.00155479 -0.00161635 -0.00155644 -0.00158152 -0.00154434 -0.00157337 -0.00149153 -0.00150918 -0.00161203 -0.00143141 -0.00154509 -0.00141573 -0.0015179 -0.001481 -0.00163875 -0.00163075 -0.00154434 -0.00148973 -0.00152624 -0.00155817 -0.00159294 -0.00152278 -0.00144118 -0.00141743 -0.00137303 -0.00155156 -0.00148854 -0.00148884 -0.00154492 -0.00148338 -0.00158638 -0.00146768 -0.00152704 -0.00154706 -0.00142283 -0.00136048 -0.00145473 -0.00145317 -0.00150559 -0.00157879 -0.00141799 -0.00132674 -0.00131127 -0.00124686 -0.0011093 0.00189627 0.00202055 0.00210996 
0.0021776 0.00228298 0.12399 0.0022616 0.00210724 0.00229514 0.00215424 0.00209243 -0.00123397 -0.00114093 -0.00140797 -0.00150376 -0.00153867 -0.00181377 -0.00184113 -0.00188825 -0.00192609 -0.00189269 -0.00187208 -0.00204688 -0.00194924 -0.00195762 -0.0018978 -0.00179979 -0.00206504 -0.00196025 -0.00181777 -0.00185469 -0.00176841 -0.00173268 -0.00176384 -0.00176455 -0.00173716 -0.00181945 -0.00164717 -0.00155292 -0.0016339 -0.00167622 -0.00166614 -0.00170609 -0.00155208 -0.00156276 -0.00168473 -0.00167756 -0.00159907 -0.00165181 -0.00156995 -0.00145883 -0.00154192 -0.00161769 -0.00156364 -0.00152739 -0.00159399 -0.00158954 -0.00142484 -0.00162009 -0.00147863 -0.00156757 -0.00152746 -0.00154344 -0.00150513 -0.00147956 -0.00145372 -0.00140431 -0.00151108 -0.00152826 -0.00148442 -0.00158285 -0.00153978 -0.00146966 -0.00154085 -0.00157963 -0.00152051 -0.00149226 -0.00148439 -0.00153 -0.00148845 -0.00149289 -0.00146293 -0.00143941 -0.00148137 -0.0015697 -0.0016144 -0.001439 -0.00140596 -0.0014709 -0.00152405 -0.00141396 -0.00140103 -0.00145688 -0.00147086 -0.00161367 -0.0015527 -0.00147755 -0.00146133 -0.00134809 -0.00125508 -0.00115792 0.00190678 0.00206669 
0.0020503 0.00209764 0.0022616 0.124089 0.00224672 0.00231026 0.00230318 0.00211356 0.00203494 -0.00114024 -0.00129764 -0.00156081 -0.00158407 -0.00165486 -0.00181082 -0.00180636 -0.00203623 -0.00187806 -0.00197681 -0.0020728 -0.00189049 -0.00187096 -0.00184353 -0.00187593 -0.0019014 -0.00185958 -0.00178727 -0.00177229 -0.00172702 -0.00177347 -0.00174625 -0.00175616 -0.00171286 -0.00175064 -0.00160491 -0.00163794 -0.00159859 -0.00162575 -0.00163453 -0.00163486 -0.00149299 -0.00157039 -0.00160588 -0.0016581 -0.00162968 -0.00163902 -0.00153627 -0.00150442 -0.00156192 -0.00148647 -0.00160238 -0.0015479 -0.00152005 -0.00158977 -0.00158594 -0.00152336 -0.00157981 -0.00154542 -0.0015696 -0.0015741 -0.00156424 -0.00158468 -0.00147443 -0.00148384 -0.00154226 -0.00156269 -0.00158791 -0.00151462 -0.00156066 -0.00154178 -0.0015834 -0.00147593 -0.00152348 -0.00154219 -0.00141598 -0.0014954 -0.00145201 -0.00152152 -0.00152975 -0.00155012 -0.00148043 -0.00157877 -0.00150574 -0.00143307 -0.00149764 -0.00157499 -0.00153057 -0.00137165 -0.00155047 -0.0015438 -0.00142852 -0.00154839 -0.00147794 -0.0015074 -0.0015375 -0.00139563 -0.00137458 -0.0013167 -0.0011435 0.00194345 
0.00201508 0.00221098 0.00210724 0.00224672 0.124637 0.00239515 0.0022336 0.00219398 0.00223215 0.00210501 -0.00124593 -0.00138179 -0.00141843 -0.00166406 -0.00176528 -0.0018227 -0.00188976 -0.00185898 -0.00191197 -0.00210038 -0.00195703 -0.00190237 -0.00199449 -0.00182447 -0.00194761 -0.00196955 -0.00179649 -0.00179031 -0.00163108 -0.00179817 -0.00179392 -0.00175993 -0.00176162 -0.00177065 -0.00173541 -0.00157123 -0.00164625 -0.00174831 -0.00170303 -0.00170425 -0.00162381 -0.00152174 -0.00162296 -0.0016365 -0.00165452 -0.00164713 -0.00155206 -0.00159373 -0.00159051 -0.00153916 -0.00159948 -0.00152931 -0.0015944 -0.00150227 -0.00156982 -0.00153315 -0.00158933 -0.00154865 -0.0015214 -0.00155295 -0.00151876 -0.00153305 -0.00137896 -0.00151876 -0.00153321 -0.0015255 -0.00149658 -0.00158273 -0.00150589 -0.00153688 -0.00154628 -0.00150197 -0.00154281 -0.0015501 -0.00151569 -0.00143342 -0.00155149 -0.00148198 -0.00156871 -0.00152643 -0.00158244 -0.00165484 -0.00160092 -0.0015108 -0.00161594 -0.00154045 -0.0014797 -0.00153993 -0.00149734 -0.00149886 -0.00147988 -0.00152773 -0.00154437 -0.00152675 -0.00148908 -0.00145257 -0.00148118 -0.00131442 -0.00125831 -0.00104425 
0.0019961 0.00218151 0.00229514 0.00231026 0.00239515 0.128253 0.00262465 0.00240227 0.00230535 0.00233651 0.00218135 -0.00137611 -0.001446 -0.00163207 -0.00184498 -0.00184019 -0.00205168 -0.00207115 -0.00202727 -0.00221523 -0.00214463 -0.00202232 -0.00201514 -0.00191694 -0.00204709 -0.00218709 -0.0019379 -0.00185397 -0.00186473 -0.00192316 -0.00196274 -0.00186934 -0.00173377 -0.00188033 -0.00170454 -0.00171232 -0.0016947 -0.00181283 -0.00184777 -0.00175552 -0.00162125 -0.00163403 -0.00168494 -0.00173853 -0.0017042 -0.00174722 -0.00161234 -0.00171998 -0.00177675 -0.00162454 -0.0016144 -0.00160198 -0.00164428 -0.00164234 -0.0015867 -0.00157213 -0.00170995 -0.00170585 -0.00163398 -0.00159002 -0.00164074 -0.00168024 -0.0015866 -0.00151969 -0.00159183 -0.00162468 -0.00156883 -0.00170044 -0.00169447 -0.00164163 -0.00163435 -0.00161221 -0.0015516 -0.0015839 -0.00153762 -0.00158471 -0.00156159 -0.00162781 -0.00159653 -0.00158593 -0.00162209 -0.00157381 -0.00169212 -0.00158027 -0.00178125 -0.00162412 -0.00163735 -0.00153596 -0.00155877 -0.00157909 -0.00166149 -0.00164995 -0.00164065 -0.00158885 -0.00169013 -0.00160358 -0.00152751 -0.00140461 -0.00143057 -0.00121701 
-0.00105754 0.0020942 0.00215424 0.00230318 0.0022336 0.00262465 0.129252 0.00254871 0.00246095 0.00231801 0.0023057 0.00217627 -0.00135697 -0.00152569 -0.00172047 -0.00176761 -0.00185748 -0.00205352 -0.00201801 -0.00225475 -0.00198886 -0.00201624 -0.00202586 -0.00191953 -0.00208986 -0.00215407 -0.00200968 -0.0020072 -0.00190698 -0.00188205 -0.00194869 -0.00194883 -0.00189645 -0.00190352 -0.00175394 -0.00175186 -0.00183318 -0.00179599 -0.00175326 -0.00191558 -0.00169492 -0.00162365 -0.00168566 -0.00176057 -0.00176142 -0.00170438 -0.0016831 -0.00171952 -0.00169211 -0.00167973 -0.00168012 -0.00167271 -0.00160035 -0.00163366 -0.00162121 -0.00168016 -0.00159474 -0.0015916 -0.00161423 -0.00163484 -0.00176898 -0.00160633 -0.00160754 -0.00155738 -0.00160938 -0.00164976 -0.00173432 -0.00171531 -0.00161502 -0.00160527 -0.00164057 -0.00168998 -0.00163848 -0.0017091 -0.00158006 -0.00160524 -0.001546 -0.00168035 -0.00165381 -0.00167183 -0.00164242 -0.00163107 -0.00162884 -0.00161611 -0.00170975 -0.00159959 -0.0016062 -0.00161024 -0.00158029 -0.00173522 -0.00157903 -0.00170952 -0.00161871 -0.00166028 -0.00176246 -0.0016611 -0.00171216 -0.00145281 -0.00140268 -0.00122627 
-0.00119989 -0.00129508 0.00209243 0.00211356 0.00219398 0.00240227 0.00254871 0.130185 0.00263398 0.00241334 0.00242883 0.00232893 0.00217689 -0.00148686 -0.00160126 -0.00156331 -0.00185931 -0.00203789 -0.00202059 -0.00213554 -0.00209374 -0.0021493 -0.00201098 -0.00193379 -0.00214129 -0.00203915 -0.00197123 -0.00190623 -0.00193971 -0.00197796 -0.00191161 -0.00190292 -0.00195536 -0.00189646 -0.0017462 -0.00173803 -0.00183042 -0.00181969 -0.00169888 -0.00175904 -0.0017483 -0.00167054 -0.0018527 -0.00167777 -0.00185305 -0.00185802 -0.00170258 -0.00171899 -0.00172186 -0.00163259 -0.00169178 -0.00165377 -0.00175751 -0.00159303 -0.00170928 -0.00164575 -0.00166206 -0.0016261 -0.00166342 -0.00168346 -0.00164777 -0.00167327 -0.0016683 -0.00169299 -0.00163681 -0.00155417 -0.00163567 -0.00166673 -0.00163569 -0.00165611 -0.00162537 -0.00173147 -0.00171739 -0.00167904 -0.00155752 -0.0015706 -0.00153978 -0.00161618 -0.00174806 -0.00170925 -0.00168107 -0.00166897 -0.00162627 -0.00160291 -0.00164758 -0.00164814 -0.00166828 -0.00162304 -0.00164909 -0.00171017 -0.00170199 -0.00169164 -0.00167346 -0.00166916 -0.00165222 -0.00162229 -0.00168337 -0.00164512 -0.00153545 -0.00141109 
-0.00136416 -0.00129312 -0.00123397 0.00203494 0.00223215 0.00230535 0.00246095 0.00263398 0.131419 0.00249366 0.00253497 0.00240127 0.0023418 0.00220207 -0.00146383 -0.00151478 -0.00175942 -0.00192634 -0.00187867 -0.00219568 -0.00214901 -0.00206259 -0.00209044 -0.00203935 -0.00220924 -0.00213621 -0.0019981 -0.0020303 -0.00192786 -0.00186409 -0.00191766 -0.0020226 -0.00197738 -0.00193117 -0.0018146 -0.00172736 -0.00182887 -0.00177766 -0.00186957 -0.00182157 -0.00175512 -0.00173827 -0.00176388 -0.00185064 -0.00175697 -0.00174106 -0.00166563 -0.00176381 -0.00161941 -0.00166292 -0.00172703 -0.00173499 -0.00172376 -0.00163844 -0.00173145 -0.00167664 -0.00171958 -0.0017216 -0.00169738 -0.00175443 -0.00165757 -0.00169848 -0.00161866 -0.00162056 -0.00165969 -0.00164423 -0.00159599 -0.00173067 -0.001726 -0.00163206 -0.00167722 -0.0017276 -0.00174983 -0.0016496 -0.00158898 -0.00159156 -0.00170779 -0.00174231 -0.00171087 -0.00167366 -0.00167338 -0.00169979 -0.00172591 -0.00170269 -0.00171321 -0.00171175 -0.0016824 -0.00163337 -0.00160267 -0.00164424 -0.00166637 -0.00167449 -0.00175446 -0.00164566 -0.00167914 -0.00166999 -0.00165714 -0.00167147 -0.00167159 -0.00150834 
-0.00137996 -0.00123991 -0.00114093 -0.00114024 0.00210501 0.00233651 0.00231801 0.00241334 0.00249366 0.129851 0.00250616 0.00244449 0.00241683 0.0023136 -0.00152132 -0.00150885 -0.00181189 -0.00188495 -0.00195847 -0.00210246 -0.00203566 -0.00203805 -0.00193035 -0.00198841 -0.00207882 -0.00209016 -0.00187447 -0.00192855 -0.00192117 -0.00183155 -0.00187124 -0.00190549 -0.00190044 -0.00185938 -0.00160564 -0.00169269 -0.00183512 -0.001919 -0.00178118 -0.0017508 -0.00172857 -0.00165839 -0.00177171 -0.00173887 -0.00170369 -0.00171468 -0.00164313 -0.0016527 -0.00158103 -0.00164141 -0.00165515 -0.00163459 -0.00162823 -0.00167216 -0.00157064 -0.00155094 -0.00163646 -0.00165855 -0.0016186 -0.0016502 -0.00157882 -0.00163352 -0.00161277 -0.00152568 -0.00158716 -0.00156859 -0.00160116 -0.00159142 -0.0016174 -0.0016158 -0.0016307 -0.00163315 -0.00165046 -0.0016817 -0.0015584 -0.00152322 -0.0015419 -0.00165577 -0.00162447 -0.00167535 -0.00161305 -0.00171093 -0.00169047 -0.00164829 -0.00172427 -0.00165244 -0.00155824 -0.00154377 -0.00154192 -0.00175078 -0.00163855 -0.00167361 -0.0016388 -0.00162547 -0.00163523 -0.00159959 -0.00158713 -0.00159915 -0.00151797 -0.00150501 
-0.00153849 -0.00145639 -0.00140797 -0.00129764 -0.00124593 0.00218135 0.0023057 0.00242883 0.00253497 0.00250616 0.134791 0.00261665 0.00267999 0.00257659 0.00230375 0.00232431 -0.00165523 -0.00182447 -0.00179839 -0.00200419 -0.0020549 -0.00213863 -0.00202926 -0.00203715 -0.00223435 -0.00225351 -0.00203977 -0.00205669 -0.00197472 -0.00209059 -0.00200504 -0.00199603 -0.00202425 -0.00192738 -0.00190151 -0.00186766 -0.00186788 -0.00189852 -0.00187595 -0.00178556 -0.00175668 -0.0017205 -0.00186048 -0.00183089 -0.00188172 -0.00186304 -0.00169452 -0.00178133 -0.00177447 -0.00182473 -0.00178934 -0.00179927 -0.00182061 -0.00181659 -0.00173149 -0.00184068 -0.00174011 -0.00180191 -0.00182672 -0.00183278 -0.00175944 -0.00175737 -0.00169442 -0.00169558 -0.00169458 -0.00163732 -0.00171939 -0.00176195 -0.00174346 -0.00178183 -0.00171496 -0.00167234 -0.00174133 -0.0017968 -0.00170825 -0.00171339 -0.00170438 -0.00172897 -0.00172255 -0.00176581 -0.00174051 -0.00177977 -0.00170652 -0.00172437 -0.00182176 -0.00171998 -0.00179425 -0.00164851 -0.00164669 -0.00179653 -0.00169447 -0.00177132 -0.00179781 -0.00167226 -0.00166906 -0.00164415 -0.00174556 -0.00175298 -0.00169218 -0.00164095 
-0.00165089 -0.00164118 -0.00150376 -0.00156081 -0.00138179 -0.00137611 0.00217627 0.00232893 0.00240127 0.00244449 0.00261665 0.13657 0.00276555 0.00270525 0.00252082 0.00275767 0.00242179 -0.0016689 -0.00160945 -0.00188195 -0.00215617 -0.00210756 -0.00210226 -0.00215037 -0.00224931 -0.00224671 -0.00206644 -0.00215563 -0.00206509 -0.00199794 -0.00205438 -0.00198663 -0.00197297 -0.00191666 -0.00186053 -0.00184916 -0.00187076 -0.00183038 -0.00200037 -0.0019561 -0.00180447 -0.00182665 -0.00195671 -0.00184031 -0.00203849 -0.00187963 -0.00184887 -0.00186176 -0.00176707 -0.00179125 -0.00169552 -0.00178114 -0.00189342 -0.00174975 -0.00180086 -0.00172541 -0.00172708 -0.00173708 -0.00173013 -0.00168418 -0.00182222 -0.00177603 -0.00167969 -0.00172543 -0.00174862 -0.0016978 -0.00175485 -0.00175281 -0.0017834 -0.00179424 -0.00178406 -0.00173123 -0.0018332 -0.00176862 -0.00172666 -0.0017476 -0.00160275 -0.00181326 -0.00183628 -0.00183372 -0.00170683 -0.00181504 -0.00177883 -0.00171363 -0.00178213 -0.00181329 -0.00181138 -0.00165711 -0.00168601 -0.00180959 -0.00173867 -0.00167923 -0.00187618 -0.00183928 -0.00178079 -0.00184978 -0.00185603 -0.0018347 -0.00177192 -0.00168623 
-0.00168033 -0.00179557 -0.00153867 -0.00158407 -0.00141843 -0.001446 -0.00135697 0.00217689 0.0023418 0.00241683 0.00267999 0.00276555 0.135324 0.00282698 0.00261123 0.0025125 0.00251625 -0.0015302 -0.00153538 -0.00184354 -0.00193662 -0.00191001 -0.0020516 -0.00205023 -0.00222005 -0.00219765 -0.00202177 -0.00192693 -0.0019248 -0.00189894 -0.00199224 -0.00191563 -0.00189331 -0.00191474 -0.00181407 -0.00180078 -0.00191977 -0.00182552 -0.00189327 -0.00185045 -0.00181757 -0.00179749 -0.00181562 -0.00184927 -0.0018269 -0.00183582 -0.00174167 -0.00179455 -0.00177327 -0.00171016 -0.00165531 -0.00182066 -0.00169945 -0.00176165 -0.00185346 -0.00182389 -0.0017875 -0.00175253 -0.00173924 -0.0017338 -0.00170869 -0.00169955 -0.0015942 -0.00162511 -0.00174904 -0.00168515 -0.0017236 -0.00170404 -0.00162722 -0.00170022 -0.00174743 -0.00178625 -0.0016539 -0.00170064 -0.00164668 -0.00173081 -0.00162762 -0.00168963 -0.00161341 -0.00167439 -0.00175753 -0.00164773 -0.00177202 -0.00165161 -0.00172665 -0.0018182 -0.00172161 -0.00161295 -0.00167396 -0.00167954 -0.0017034 -0.00167272 -0.00168616 -0.00173086 -0.00167836 -0.00168584 -0.00181509 -0.00176947 -0.00171559 -0.00168782 
-0.00184962 -0.00177642 -0.00181377 -0.00165486 -0.00166406 -0.00163207 -0.00152569 -0.00148686 0.00220207 0.0023136 0.00257659 0.00270525 0.00282698 0.140531 0.00287708 0.00286046 0.00266151 0.00252227 0.00258365 -0.00167937 -0.00184667 -0.00178559 -0.00200042 -0.00212335 -0.00229377 -0.00228629 -0.00213518 -0.00208348 -0.00207346 -0.00204287 -0.00204824 -0.0020434 -0.00208016 -0.00203752 -0.00184316 -0.00196812 -0.00200516 -0.00199908 -0.0020215 -0.00195879 -0.00187533 -0.00183698 -0.00202097 -0.00190788 -0.00200152 -0.00201226 -0.0019442 -0.00193363 -0.00181408 -0.00181249 -0.00186348 -0.00188936 -0.00190622 -0.00191865 -0.00186256 -0.0018619 -0.00183368 -0.0018555 -0.00182934 -0.00189496 -0.00182294 -0.00184805 -0.00170683 -0.00173145 -0.00184058 -0.00180277 -0.00182063 -0.00182086 -0.00182176 -0.00178549 -0.00187893 -0.00186311 -0.00181726 -0.00187223 -0.00173424 -0.00181689 -0.00170058 -0.00184422 -0.00180451 -0.0018926 -0.00186428 -0.00184908 -0.00185122 -0.00180686 -0.00184141 -0.00182782 -0.00188924 -0.00173962 -0.00179599 -0.00188602 -0.0017942 -0.00184393 -0.00189692 -0.00183886 -0.00183248 -0.00189246 -0.00186831 -0.00187458 -0.00187529 -0.00173164 
-0.00174488 -0.00185634 -0.00184113 -0.00181082 -0.00176528 -0.00184498 -0.00172047 -0.00160126 -0.00146383 -0.00152132 0.00230375 0.00252082 0.00261123 0.00287708 0.139817 0.00295842 0.00301371 0.00272248 0.00278512 0.00256839 -0.00165045 -0.00151677 -0.00166208 -0.00197169 -0.00209686 -0.00230453 -0.00216043 -0.00209299 -0.00206689 -0.00195975 -0.00205987 -0.00200671 -0.00203383 -0.00192898 -0.00187794 -0.00188895 -0.00194369 -0.0020392 -0.00193637 -0.0019467 -0.00177042 -0.00181773 -0.00193993 -0.00186904 -0.00190319 -0.00187473 -0.00185285 -0.00188302 -0.0018423 -0.00182722 -0.00181257 -0.00182611 -0.00173844 -0.00179305 -0.00187809 -0.00177264 -0.00179424 -0.00178002 -0.00177127 -0.00182697 -0.00188642 -0.00183383 -0.00173033 -0.00175131 -0.00174134 -0.00181552 -0.00184208 -0.00180905 -0.0018278 -0.00179043 -0.00181133 -0.00175244 -0.00180215 -0.00170125 -0.0017336 -0.00169006 -0.00171017 -0.00178251 -0.00178153 -0.0018538 -0.00185784 -0.00181885 -0.00186358 -0.00174031 -0.00177468 -0.00186972 -0.00181645 -0.00165055 -0.00176331 -0.00179632 -0.0018392 -0.00183742 -0.00175324 -0.00175669 -0.00178022 -0.00176397 -0.00175016 -0.0017086 -0.00176793 -0.00173316 
-0.00177235 -0.00169658 -0.00188825 -0.00180636 -0.0018227 -0.00184019 -0.00176761 -0.00156331 -0.00151478 -0.00150885 0.00232431 0.00275767 0.0025125 0.00286046 0.00295842 0.141204 0.00307655 0.00282266 0.00272884 0.00262023 -0.00168485 -0.00162218 -0.00190313 -0.00204132 -0.00221514 -0.0022823 -0.00216461 -0.00210228 -0.00216663 -0.00208087 -0.00214527 -0.00205759 -0.00202658 -0.00202421 -0.00188282 -0.00179495 -0.00212771 -0.00194624 -0.00192566 -0.0019735 -0.00187709 -0.00180823 -0.00190075 -0.001923 -0.00189682 -0.00180122 -0.00179636 -0.00179887 -0.00186178 -0.00182848 -0.00179458 -0.00181814 -0.00183591 -0.00181602 -0.00183017 -0.00184857 -0.00186823 -0.0018012 -0.00194965 -0.00178167 -0.0017322 -0.00182896 -0.00174977 -0.00178329 -0.00182041 -0.00186082 -0.00173409 -0.00176358 -0.00172681 -0.00183907 -0.00183704 -0.00185462 -0.0018444 -0.00185262 -0.00174399 -0.00171464 -0.00166426 -0.00181549 -0.00176996 -0.00176455 -0.00180158 -0.00184807 -0.00182946 -0.00175753 -0.00173466 -0.00175108 -0.00179883 -0.00172375 -0.00168421 -0.00177898 -0.00175604 -0.00187654 -0.00194367 -0.00185486 -0.00180146 -0.00178527 -0.00184808 -0.00183589 -0.00181378 -0.0017562 
-0.00190303 -0.00189821 -0.00192609 -0.00203623 -0.00188976 -0.00205168 -0.00185748 -0.00185931 -0.00175942 -0.00181189 -0.00165523 0.00242179 0.00251625 0.00266151 0.00301371 0.00307655 0.146309 0.00320428 0.00309691 0.00284509 0.00265549 0.00276162 -0.00161195 -0.00184412 -0.00198383 -0.00222674 -0.00241961 -0.00216735 -0.00207268 -0.00216425 -0.00226178 -0.00224546 -0.00221475 -0.00226811 -0.00207629 -0.00199341 -0.00211478 -0.00207166 -0.00213408 -0.00212738 -0.00201867 -0.00195223 -0.00203126 -0.00203977 -0.00213415 -0.00203602 -0.0019116 -0.00187791 -0.00201982 -0.00198239 -0.00191579 -0.00189635 -0.00190191 -0.0018902 -0.00191349 -0.00197633 -0.00202239 -0.00189819 -0.00205309 -0.00198104 -0.00191503 -0.00191408 -0.00182574 -0.00189305 -0.00195383 -0.00193935 -0.00184677 -0.00188652 -0.00190384 -0.0019314 -0.00191741 -0.00190463 -0.00185692 -0.00194417 -0.0017788 -0.00185178 -0.00175631 -0.00176118 -0.00194074 -0.00190238 -0.00195381 -0.00191718 -0.00188824 -0.00190123 -0.0019087 -0.00199221 -0.00196965 -0.00191482 -0.00183701 -0.00194924 -0.00201397 -0.00196291 -0.00194879 -0.00204565 -0.00194609 -0.0019539 -0.00190765 -0.0019394 -0.00204489 -0.0018433 
-0.00189674 -0.00192324 -0.00189269 -0.00187806 -0.00185898 -0.00207115 -0.00205352 -0.00203789 -0.00192634 -0.00188495 -0.00182447 -0.0016689 -0.0015302 0.00252227 0.00272248 0.00282266 0.00320428 0.144632 0.00325999 0.00310315 0.00279926 0.00282362 0.00271466 -0.00159424 -0.00183252 -0.00190936 -0.00202578 -0.00220176 -0.00216218 -0.00215362 -0.00221042 -0.00216271 -0.00212718 -0.00213429 -0.00194351 -0.00193748 -0.00201094 -0.00199428 -0.00204649 -0.00206561 -0.00187155 -0.00193087 -0.00200874 -0.00190759 -0.0019582 -0.00189456 -0.00183429 -0.0018728 -0.00193701 -0.00174082 -0.00182501 -0.00180123 -0.00189322 -0.00191011 -0.0018688 -0.00185648 -0.00176308 -0.00183785 -0.00190903 -0.00178311 -0.00191867 -0.00177739 -0.0016755 -0.0018093 -0.0018484 -0.00184458 -0.00191137 -0.00197951 -0.00196669 -0.00196145 -0.00189834 -0.00188711 -0.00176643 -0.00188917 -0.00174192 -0.00182664 -0.00176415 -0.00191548 -0.00184506 -0.0018414 -0.00194174 -0.00188564 -0.00184005 -0.00189119 -0.00187094 -0.00182702 -0.00178194 -0.00172403 -0.00179117 -0.00184292 -0.00192712 -0.0018515 -0.00185721 -0.0018828 -0.0018556 -0.00188087 -0.00187514 -0.00192197 -0.0018927 -0.00183003 
-0.00193362 -0.00179699 -0.00187208 -0.00197681 -0.00191197 -0.00202727 -0.00201801 -0.00202059 -0.00187867 -0.00195847 -0.00179839 -0.00160945 -0.00153538 0.00258365 0.00278512 0.00272884 0.00309691 0.00325999 0.14551 0.00325531 0.00290324 0.00276832 0.00264537 -0.00161358 -0.0017726 -0.00192442 -0.00202397 -0.00213983 -0.00209253 -0.00201163 -0.00219534 -0.00219134 -0.00205206 -0.0021135 -0.001923 -0.0020494 -0.00215503 -0.00203382 -0.0021127 -0.00206718 -0.00205658 -0.0019531 -0.00199966 -0.00201113 -0.00199799 -0.00205285 -0.00193362 -0.00186777 -0.00187204 -0.0019796 -0.00183955 -0.00185485 -0.0019053 -0.0019692 -0.00182897 -0.00193699 -0.00191913 -0.00193068 -0.00194488 -0.00189423 -0.00192117 -0.00188339 -0.00170128 -0.00174083 -0.00198901 -0.001832 -0.00181111 -0.00185809 -0.00179785 -0.00189977 -0.00189324 -0.00195081 -0.0018935 -0.00187113 -0.0017293 -0.00176839 -0.00182155 -0.00188111 -0.0017392 -0.0018544 -0.00195796 -0.00181604 -0.00191041 -0.00171811 -0.00181995 -0.00187403 -0.00182035 -0.00177068 -0.00177949 -0.0018774 -0.00186147 -0.0018535 -0.00190216 -0.00183641 -0.00188819 -0.00187662 -0.00191063 -0.00194035 -0.00192572 -0.00180215 
-0.00197451 -0.00200238 -0.00204688 -0.0020728 -0.00210038 -0.00221523 -0.00225475 -0.00213554 -0.00219568 -0.00210246 -0.00200419 -0.00188195 -0.00184354 -0.00167937 0.00256839 0.00262023 0.00284509 0.00310315 0.00325531 0.149533 0.00308655 0.00316827 0.00296918 0.00278461 0.00272421 -0.00167817 -0.00188988 -0.00205607 -0.00208607 -0.00217227 -0.00223163 -0.00218325 -0.00216766 -0.00208603 -0.00210088 -0.0020629 -0.0021633 -0.00205637 -0.00213152 -0.00214962 -0.00195495 -0.00204765 -0.0021294 -0.00213884 -0.00219815 -0.00213451 -0.00200295 -0.00203867 -0.00208625 -0.00209079 -0.00197004 -0.00201782 -0.00207735 -0.00204463 -0.00199282 -0.0019876 -0.001977 -0.00200272 -0.00198635 -0.00192745 -0.00189372 -0.00200881 -0.00184075 -0.00188453 -0.0019749 -0.00198963 -0.00196789 -0.00199711 -0.00192174 -0.00211926 -0.00200154 -0.00200088 -0.00193165 -0.0019464 -0.00177833 -0.00189114 -0.00182937 -0.00193466 -0.00200686 -0.00190776 -0.00194369 -0.0020097 -0.0019607 -0.00192252 -0.00194649 -0.00190408 -0.00196275 -0.00194623 -0.00197018 -0.00198388 -0.00199047 -0.00196495 -0.00201052 -0.0019493 -0.00197519 -0.00198162 -0.00203989 -0.00204331 -0.00193091 -0.00186345 
-0.00194563 -0.00192289 -0.00194924 -0.00189049 -0.00195703 -0.00214463 -0.00198886 -0.00209374 -0.00214901 -0.00203566 -0.0020549 -0.00215617 -0.00193662 -0.00184667 -0.00165045 -0.00168485 0.00265549 0.00279926 0.00290324 0.00308655 0.146395 0.00336229 0.00304178 0.00292099 0.00295532 0.0026454 -0.00161831 -0.00183271 -0.00180699 -0.00174369 -0.00211929 -0.00209355 -0.0021087 -0.00213553 -0.00200548 -0.00198642 -0.00202487 -0.00202566 -0.00207438 -0.0021062 -0.00204674 -0.00202873 -0.00200657 -0.00190602 -0.00206595 -0.00198462 -0.0019635 -0.00197877 -0.0019347 -0.00197094 -0.00184965 -0.00192825 -0.00198385 -0.00190225 -0.00189251 -0.00201597 -0.00186642 -0.00181213 -0.00194177 -0.0017859 -0.00194957 -0.00185446 -0.00184538 -0.00180294 -0.00179652 -0.00186428 -0.00196217 -0.00190233 -0.0018636 -0.00182493 -0.00189784 -0.00188732 -0.00196218 -0.00185268 -0.0017896 -0.00175296 -0.00186425 -0.00178672 -0.00185611 -0.00177141 -0.00186624 -0.0018846 -0.00189045 -0.00191479 -0.00184019 -0.00189471 -0.00191202 -0.00183072 -0.00179401 -0.00189248 -0.00193925 -0.00193219 -0.00186317 -0.00190344 -0.00191297 -0.0018992 -0.00189916 -0.00196921 -0.00187991 -0.00180552 
-0.00185698 -0.0019076 -0.00195762 -0.00187096 -0.00190237 -0.00202232 -0.00201624 -0.0021493 -0.00206259 -0.00203805 -0.00213863 -0.00210756 -0.00191001 -0.00178559 -0.00151677 -0.00162218 0.00276162 0.00282362 0.00276832 0.00316827 0.00336229 0.146337 0.00304082 0.00286172 0.00285499 0.00262514 -0.00166274 -0.00175817 -0.00177571 -0.00187895 -0.00202129 -0.00211661 -0.00214268 -0.00209202 -0.00200293 -0.00202062 -0.00208068 -0.00208675 -0.00205108 -0.00196419 -0.00191626 -0.00195839 -0.00201463 -0.00202976 -0.0020687 -0.00206118 -0.00197034 -0.00184983 -0.00192874 -0.00183982 -0.0018725 -0.00191772 -0.00186939 -0.00188038 -0.00200572 -0.00192317 -0.00194932 -0.00197353 -0.0019507 -0.0018778 -0.0019059 -0.00183521 -0.00181422 -0.00186303 -0.00188573 -0.00195911 -0.00189988 -0.00194572 -0.00179953 -0.00183592 -0.00188112 -0.0019245 -0.00196664 -0.0018669 -0.00185384 -0.00183938 -0.00184192 -0.0018658 -0.00190559 -0.00189977 -0.0019365 -0.0019066 -0.00193619 -0.0018642 -0.0019119 -0.00194234 -0.00189571 -0.00188626 -0.00185822 -0.00185587 -0.00190585 -0.00180283 -0.00182841 -0.00186485 -0.00191628 -0.00193832 -0.00180029 -0.00198204 -0.00184167 -0.00176284 
-0.00191682 -0.00190586 -0.0018978 -0.00184353 -0.00199449 -0.00201514 -0.00202586 -0.00201098 -0.00209044 -0.00193035 -0.00202926 -0.00210226 -0.0020516 -0.00200042 -0.00166208 -0.00190313 -0.00161195 0.00271466 0.00264537 0.00296918 0.00304178 0.00304082 0.145581 0.00300636 0.00295695 0.00266001 0.00246947 -0.00164346 -0.00173317 -0.00166258 -0.00189761 -0.00191836 -0.002094 -0.00205021 -0.00193413 -0.00192106 -0.00197307 -0.00208672 -0.00201944 -0.00201899 -0.00188173 -0.00192873 -0.00190574 -0.00189713 -0.00197512 -0.00193479 -0.00184986 -0.00198872 -0.00191506 -0.00185228 -0.00190558 -0.00186801 -0.00195818 -0.00194002 -0.00179341 -0.00190591 -0.00192763 -0.0018541 -0.00201173 -0.0019623 -0.00190412 -0.00197812 -0.0017946 -0.00180038 -0.00193307 -0.00182498 -0.00188476 -0.00188259 -0.00181288 -0.00189515 -0.00187178 -0.00184758 -0.0018837 -0.00186941 -0.00174239 -0.00171389 -0.00184139 -0.00181328 -0.00185159 -0.00186222 -0.00187031 -0.00181048 -0.0018848 -0.00189635 -0.00192555 -0.00188233 -0.00180621 -0.00181134 -0.0016943 -0.0019155 -0.00199084 -0.0019475 -0.00188196 -0.00195129 -0.00205518 -0.00195709 -0.00187881 -0.00186665 -0.00198607 -0.00186445 
-0.00172963 -0.00180228 -0.00179979 -0.00187593 -0.00182447 -0.00191694 -0.00191953 -0.00193379 -0.00203935 -0.00198841 -0.00203715 -0.00215037 -0.00205023 -0.00212335 -0.00197169 -0.00204132 -0.00184412 -0.00159424 -0.00161358 0.00278461 0.00292099 0.00286172 0.00300636 0.1414 0.00310608 0.00295763 0.00245969 0.00232732 -0.0015525 -0.00151797 -0.00162972 -0.00177114 -0.00184442 -0.00196123 -0.00183863 -0.00191364 -0.00192447 -0.00190904 -0.00183633 -0.00176048 -0.00174388 -0.00182842 -0.00190492 -0.00196572 -0.00185652 -0.00191315 -0.0018954 -0.00185581 -0.00165508 -0.00175804 -0.00177064 -0.00172474 -0.00173049 -0.00181621 -0.00184286 -0.00175193 -0.00178027 -0.00173068 -0.00187843 -0.00178458 -0.00171447 -0.00181333 -0.00174208 -0.00168145 -0.00178815 -0.00183606 -0.00177522 -0.00175287 -0.00181134 -0.00172773 -0.00179574 -0.00178931 -0.00181301 -0.00175712 -0.00166173 -0.00165509 -0.00172949 -0.00163146 -0.00176759 -0.00172534 -0.00181415 -0.00177504 -0.0018224 -0.00163659 -0.00173382 -0.00180788 -0.00177818 -0.00163718 -0.00164553 -0.00178935 -0.00171552 -0.00168535 -0.00171368 -0.00178551 -0.00183861 -0.00174002 -0.00174262 -0.00178993 -0.00185943 -0.00164128 
-0.0018892 -0.00204409 -0.00206504 -0.0019014 -0.00194761 -0.00204709 -0.00208986 -0.00214129 -0.00220924 -0.00207882 -0.00223435 -0.00224931 -0.00222005 -0.00229377 -0.00209686 -0.00221514 -0.00198383 -0.00183252 -0.0017726 0.00272421 0.00295532 0.00285499 0.00295695 0.00310608 0.145958 0.0031553 0.002706 0.00261921 0.0023835 0.0024319 -0.00152937 -0.00163548 -0.00172562 -0.00182207 -0.0019811 -0.00201015 -0.00201726 -0.00203129 -0.00203002 -0.00206901 -0.001982 -0.00201131 -0.00203816 -0.0020311 -0.00209305 -0.00203822 -0.00196284 -0.00193515 -0.00194627 -0.00184482 -0.00194429 -0.0019723 -0.0020039 -0.00194563 -0.0019778 -0.00191151 -0.00197674 -0.00192972 -0.00190027 -0.00197397 -0.00194862 -0.00199364 -0.00183253 -0.00180716 -0.00187842 -0.00194324 -0.00198247 -0.00189041 -0.00189608 -0.00200972 -0.00186277 -0.00189679 -0.00186879 -0.00186952 -0.00184072 -0.00186472 -0.00186108 -0.0018709 -0.00194373 -0.00191556 -0.00197647 -0.00193601 -0.00200756 -0.00192809 -0.00191055 -0.00200427 -0.00201589 -0.0017694 -0.00180155 -0.00188911 -0.0019794 -0.00186224 -0.00187263 -0.00192432 -0.00187133 -0.00193244 -0.00183787 -0.00198161 -0.00186714 -0.00192411 
-0.00188142 -0.00200624 -0.00196025 -0.00185958 -0.00196955 -0.00218709 -0.00215407 -0.00203915 -0.00213621 -0.00209016 -0.00225351 -0.00224671 -0.00219765 -0.00228629 -0.00230453 -0.0022823 -0.00222674 -0.00190936 -0.00192442 -0.00167817 0.0026454 0.00262514 0.00266001 0.00295763 0.0031553 0.144072 0.00290545 0.00267599 0.0024289 0.00254712 0.00236308 -0.0014937 -0.00168312 -0.0017218 -0.00190665 -0.00186189 -0.00200227 -0.0019709 -0.00197179 -0.00201551 -0.00196126 -0.00191315 -0.00192562 -0.00198 -0.00193796 -0.00197058 -0.00196187 -0.00191075 -0.00186344 -0.0019829 -0.00191266 -0.00195033 -0.00194289 -0.00193355 -0.00192509 -0.00192969 -0.00189506 -0.00185225 -0.00181282 -0.00187051 -0.0017693 -0.00191533 -0.00177367 -0.00173453 -0.00181977 -0.00196422 -0.00192602 -0.00185448 -0.00176639 -0.00190121 -0.00191903 -0.00188821 -0.00184445 -0.0018814 -0.00182947 -0.00174013 -0.00184773 -0.0018693 -0.00193977 -0.00188489 -0.00195313 -0.001888 -0.00190697 -0.00187054 -0.00188775 -0.00188016 -0.00191091 -0.00173797 -0.00178774 -0.00187407 -0.00180874 -0.0019045 -0.00192951 -0.00182736 -0.00192844 -0.00191869 -0.00181333 -0.00184855 -0.00191233 -0.00172496 
-0.00173609 -0.00182202 -0.00181777 -0.00178727 -0.00179649 -0.0019379 -0.00200968 -0.00197123 -0.0019981 -0.00187447 -0.00203977 -0.00206644 -0.00202177 -0.00213518 -0.00216043 -0.00216461 -0.00241961 -0.00202578 -0.00202397 -0.00188988 -0.00161831 -0.00166274 0.00246947 0.00245969 0.002706 0.00290545 0.138888 0.00273797 0.00269167 0.00264685 0.0024597 0.00229476 -0.00139658 -0.00151661 -0.00164962 -0.00162607 -0.00177517 -0.00190377 -0.00190353 -0.00187451 -0.00173262 -0.00178272 -0.00186914 -0.00180338 -0.00187052 -0.00187045 -0.0017828 -0.00168185 -0.00182967 -0.00177509 -0.00177995 -0.00170956 -0.00169805 -0.00178475 -0.00171182 -0.00182401 -0.00189007 -0.00174485 -0.00177069 -0.00185573 -0.00173926 -0.00173566 -0.00170072 -0.00165053 -0.00170162 -0.00175523 -0.00172709 -0.00181356 -0.00179442 -0.00180548 -0.00169247 -0.00179807 -0.00176109 -0.00174034 -0.0016535 -0.00166511 -0.00172913 -0.00172592 -0.00172487 -0.0017173 -0.00179181 -0.00182269 -0.00179759 -0.00176466 -0.00173392 -0.00187949 -0.0017321 -0.00167773 -0.0017226 -0.00174513 -0.00174699 -0.00172343 -0.00171608 -0.00178864 -0.00175 -0.00166361 -0.00181662 -0.00179996 -0.00188479 -0.00167751 
-0.00179121 -0.00180388 -0.00185469 -0.00177229 -0.00179031 -0.00185397 -0.0020072 -0.00190623 -0.0020303 -0.00192855 -0.00205669 -0.00215563 -0.00192693 -0.00208348 -0.00209299 -0.00210228 -0.00216735 -0.00220176 -0.00213983 -0.00205607 -0.00183271 -0.00175817 -0.00164346 0.00232732 0.00261921 0.00267599 0.00273797 0.137075 0.0027507 0.00269913 0.00263002 0.00245925 0.00229907 -0.00138362 -0.00153211 -0.00147481 -0.00160007 -0.00180238 -0.00176824 -0.00192235 -0.00184923 -0.00169035 -0.00185273 -0.00184617 -0.00186338 -0.00192828 -0.0017979 -0.00173635 -0.00173693 -0.00171769 -0.00177849 -0.00172566 -0.00170349 -0.00168044 -0.00167751 -0.00166136 -0.00174093 -0.00171855 -0.00183505 -0.00164331 -0.00172129 -0.00172124 -0.00166837 -0.00167286 -0.00170115 -0.00180848 -0.00162601 -0.00167345 -0.00174291 -0.00176533 -0.00173424 -0.00173804 -0.00163793 -0.00176987 -0.00160397 -0.00166773 -0.00170267 -0.00173292 -0.00170002 -0.00182567 -0.00180177 -0.00170661 -0.00174373 -0.00168026 -0.00171766 -0.0017734 -0.00168183 -0.00169063 -0.00172216 -0.00178636 -0.00177664 -0.00167282 -0.00170635 -0.00177419 -0.00168276 -0.00166591 -0.00171454 -0.00176383 -0.00172061 -0.00165407 
-0.00171002 -0.0017495 -0.00176841 -0.00172702 -0.00163108 -0.00186473 -0.00190698 -0.00193971 -0.00192786 -0.00192117 -0.00197472 -0.00206509 -0.0019248 -0.00207346 -0.00206689 -0.00216663 -0.00207268 -0.00216218 -0.00209253 -0.00208607 -0.00180699 -0.00177571 -0.00173317 -0.0015525 0.0023835 0.0024289 0.00269167 0.0027507 0.135328 0.00280976 0.00268577 0.00253577 0.00234388 0.00221207 -0.0013375 -0.00136262 -0.00154758 -0.0016309 -0.00181453 -0.00188324 -0.00163934 -0.00176065 -0.00185956 -0.00187002 -0.00189961 -0.00178916 -0.00181231 -0.001722 -0.00176148 -0.00171914 -0.00171474 -0.0016715 -0.00162757 -0.00169883 -0.00170162 -0.00163526 -0.00171358 -0.00171773 -0.00167599 -0.00169889 -0.00168478 -0.0016619 -0.00167309 -0.00158967 -0.0017056 -0.00173538 -0.00176515 -0.00170829 -0.00172127 -0.00180968 -0.00174968 -0.00169755 -0.00167907 -0.00173041 -0.0016295 -0.00172016 -0.00171154 -0.00175364 -0.00172373 -0.00177283 -0.00172807 -0.00169074 -0.00165144 -0.00173552 -0.00167903 -0.00170783 -0.00175897 -0.0016974 -0.00172276 -0.0018374 -0.00159177 -0.00165025 -0.00172897 -0.00171068 -0.00173491 -0.00163299 -0.00172035 -0.00170898 -0.00168794 -0.00160588 
-0.00171761 -0.00173793 -0.00173268 -0.00177347 -0.00179817 -0.00192316 -0.00188205 -0.00197796 -0.00186409 -0.00183155 -0.00209059 -0.00199794 -0.00189894 -0.00204287 -0.00195975 -0.00208087 -0.00216425 -0.00215362 -0.00201163 -0.00217227 -0.00174369 -0.00187895 -0.00166258 -0.00151797 0.0024319 0.00254712 0.00264685 0.00269913 0.00280976 0.133851 0.00264808 0.00242006 0.00232394 0.00218758 -0.00137374 -0.00140762 -0.00146889 -0.00154487 -0.00169602 -0.00175744 -0.00170688 -0.00173302 -0.00177635 -0.00174846 -0.00182238 -0.00172816 -0.00180257 -0.00168948 -0.00165342 -0.00170871 -0.0017096 -0.00169383 -0.0016811 -0.00168846 -0.00172224 -0.00164901 -0.00165684 -0.00170939 -0.00170229 -0.00165033 -0.0016431 -0.00171598 -0.00164979 -0.00157611 -0.00175556 -0.00168222 -0.00174033 -0.0016781 -0.00172955 -0.00179226 -0.00168202 -0.00170942 -0.00158661 -0.00165188 -0.00162382 -0.00154365 -0.00158124 -0.00171569 -0.0016483 -0.00167871 -0.00165204 -0.00177205 -0.00169288 -0.00176687 -0.00171895 -0.00167743 -0.00170143 -0.00162483 -0.00170398 -0.00176969 -0.00175177 -0.00165002 -0.00166712 -0.00170626 -0.00171962 -0.00166747 -0.00175381 -0.00180699 -0.00168298 -0.00159964 
-0.00179664 -0.0016665 -0.00176384 -0.00174625 -0.00179392 -0.00196274 -0.00194869 -0.00191161 -0.00191766 -0.00187124 -0.00200504 -0.00205438 -0.00199224 -0.00204824 -0.00205987 -0.00214527 -0.00226178 -0.00221042 -0.00219534 -0.00223163 -0.00211929 -0.00202129 -0.00189761 -0.00162972 -0.00152937 0.00236308 0.0024597 0.00263002 0.00268577 0.00264808 0.134696 0.00266834 0.00250489 0.00247338 0.00221107 0.00216679 -0.00144124 -0.00140123 -0.0015193 -0.00156153 -0.00182652 -0.00173587 -0.00182934 -0.0019087 -0.00187212 -0.00177564 -0.00175268 -0.00175036 -0.00182883 -0.00177827 -0.00176467 -0.00171281 -0.00174704 -0.00172495 -0.00174753 -0.00176694 -0.00175424 -0.00173596 -0.00176287 -0.00166882 -0.00172954 -0.00176906 -0.00160469 -0.0016072 -0.00177206 -0.00170053 -0.00182724 -0.00168166 -0.00171282 -0.00176265 -0.00180147 -0.00180463 -0.00173552 -0.00182194 -0.00166364 -0.00165936 -0.00163106 -0.0017568 -0.00169339 -0.00177892 -0.00171371 -0.00174203 -0.0018139 -0.00180444 -0.00165718 -0.00180333 -0.00174351 -0.00162511 -0.00175105 -0.00176177 -0.0017556 -0.00180124 -0.00174596 -0.00167351 -0.00174081 -0.00176402 -0.00177025 -0.00176457 -0.00170373 -0.00170938 
-0.00172642 -0.00176973 -0.00176455 -0.00175616 -0.00175993 -0.00186934 -0.00194883 -0.00190292 -0.0020226 -0.00190549 -0.00199603 -0.00198663 -0.00191563 -0.0020434 -0.00200671 -0.00205759 -0.00224546 -0.00216271 -0.00219134 -0.00218325 -0.00209355 -0.00211661 -0.00191836 -0.00177114 -0.00163548 -0.0014937 0.00229476 0.00245925 0.00253577 0.00242006 0.00266834 0.1331 0.00247221 0.00256169 0.00226484 0.00224885 0.00213458 -0.00127897 -0.00139901 -0.00155722 -0.00163567 -0.00163411 -0.00184593 -0.00185762 -0.00184326 -0.00181706 -0.00174626 -0.00168016 -0.00182986 -0.00169968 -0.00173809 -0.00165734 -0.00174709 -0.0016792 -0.00171058 -0.00172442 -0.00179633 -0.00170296 -0.00174705 -0.00177626 -0.00173188 -0.00173234 -0.00157537 -0.00172346 -0.00175855 -0.00165586 -0.00165287 -0.00174464 -0.00164287 -0.00173308 -0.00173297 -0.00163411 -0.00165053 -0.0016646 -0.00154637 -0.00150852 -0.00160004 -0.00165842 -0.00170188 -0.00173274 -0.00168095 -0.00177436 -0.00172191 -0.00171609 -0.00169599 -0.00172478 -0.00186112 -0.00168048 -0.00163127 -0.00179149 -0.00161281 -0.00173903 -0.0017405 -0.00174036 -0.00176075 -0.00175476 -0.00179622 -0.00171046 -0.00167743 -0.00162066 
-0.00177335 -0.0016047 -0.00173716 -0.00171286 -0.00176162 -0.00173377 -0.00189645 -0.00195536 -0.00197738 -0.00190044 -0.00202425 -0.00197297 -0.00189331 -0.00208016 -0.00203383 -0.00202658 -0.00221475 -0.00212718 -0.00205206 -0.00216766 -0.0021087 -0.00214268 -0.002094 -0.00184442 -0.00172562 -0.00168312 -0.00139658 0.00229907 0.00234388 0.00232394 0.00250489 0.00247221 0.131827 0.00257662 0.0023789 0.00230664 0.00211497 0.00201944 -0.00129626 -0.0014217 -0.00159474 -0.0014114 -0.00160087 -0.00169555 -0.00179637 -0.00174138 -0.00173467 -0.00166137 -0.00168969 -0.00173073 -0.00171051 -0.00169431 -0.00160754 -0.00161987 -0.00169575 -0.00172023 -0.00166668 -0.00177296 -0.00167057 -0.00164023 -0.00174704 -0.00172821 -0.0016299 -0.00164619 -0.00182632 -0.00174568 -0.00167518 -0.00158937 -0.00176102 -0.00166938 -0.0016442 -0.00160587 -0.00174952 -0.00169221 -0.00158555 -0.00154677 -0.001539 -0.00171612 -0.00168135 -0.00175617 -0.00174961 -0.00166856 -0.00172843 -0.00165404 -0.0017325 -0.00165258 -0.00165435 -0.00162703 -0.00160665 -0.00167661 -0.00166663 -0.00176576 -0.00171261 -0.00168481 -0.00172071 -0.0016409 -0.00174827 -0.00171469 -0.00171067 -0.00170318 
