0.123164 0.00219407 0.00219007 0.00211196 0.00208137 0.00194454 -0.00112558 -0.00133495 -0.00146233 -0.00150658 -0.00165261 -0.00177633 -0.00160175 -0.00187755 -0.00181801 -0.00181181 -0.00191191 -0.00182603 -0.00188886 -0.00203961 -0.00187475 -0.00189849 -0.00188506 -0.00181991 -0.00197575 -0.00196114 -0.00172036 -0.00182922 -0.00175429 -0.00178397 -0.00179081 -0.00169592 -0.00165127 -0.00165179 -0.00162145 -0.00161852 -0.00169385 -0.00157063 -0.00159893 -0.0016655 -0.00146418 -0.00150402 -0.001526 -0.0015363 -0.00153304 -0.00156232 -0.00158309 -0.00147327 -0.00144894 -0.0014739 -0.00156145 -0.00153935 -0.00144323 -0.00156777 -0.00149847 -0.00143643 -0.00137858 -0.00154105 -0.00153978 -0.00139831 -0.0016599 -0.00152157 -0.0014372 -0.00135815 -0.00144928 -0.00152888 -0.00146405 -0.00159223 -0.00152885 -0.0015095 -0.0014364 -0.00148387 -0.00151719 -0.00151019 -0.00140104 -0.00142161 -0.00153594 -0.00158503 -0.00152248 -0.00154163 -0.00153223 -0.00159025 -0.00153545 -0.00144973 -0.00146994 -0.00150748 -0.00152313 -0.00148051 -0.00134197 -0.00147014 -0.00146296 -0.00145104 -0.00134812 -0.00127982 -0.00124252 -0.00118211 0.00188444 0.00192811 0.00196899 0.00210981 
0.00219407 0.123335 0.00231917 0.00219041 0.00212249 0.00206071 0.00195164 -0.00121032 -0.001334 -0.0014387 -0.0014921 -0.00167514 -0.00164581 -0.00183484 -0.00186527 -0.00178286 -0.00188889 -0.00182959 -0.00181895 -0.00202443 -0.00186667 -0.00200285 -0.00187328 -0.00178123 -0.00197237 -0.00186702 -0.00175428 -0.00168026 -0.0016991 -0.00172994 -0.00167791 -0.00178668 -0.00164988 -0.00168954 -0.00155642 -0.00165626 -0.00162524 -0.00163676 -0.00163727 -0.00166639 -0.00154759 -0.00159119 -0.00163094 -0.00155664 -0.00150755 -0.0016349 -0.00147418 -0.00146881 -0.00153934 -0.00151555 -0.00152809 -0.00151977 -0.00152186 -0.00158645 -0.00150471 -0.00153836 -0.00145221 -0.0015385 -0.00151717 -0.00152058 -0.00155157 -0.00151841 -0.00151962 -0.00140822 -0.00149983 -0.00153249 -0.00149408 -0.00150016 -0.00151842 -0.00145979 -0.00152209 -0.00156604 -0.00148339 -0.00145974 -0.00140292 -0.00142542 -0.00147979 -0.00151441 -0.00149089 -0.00140729 -0.00157942 -0.00156448 -0.00146736 -0.00155954 -0.00158605 -0.00150715 -0.00146995 -0.00145823 -0.0015219 -0.00148945 -0.00158645 -0.00153628 -0.00135592 -0.00137218 -0.00143212 -0.0013192 -0.00116771 0.00181804 0.00194254 0.00213881 
0.00219007 0.00231917 0.1236 0.00230366 0.00217931 0.00218138 0.00215195 0.00208722 -0.00123688 -0.00123322 -0.00155837 -0.00154836 -0.00164583 -0.00181771 -0.00178274 -0.00181136 -0.00199716 -0.00189455 -0.00181046 -0.00199186 -0.00190343 -0.00189974 -0.00190058 -0.00178935 -0.00196194 -0.00190933 -0.00181234 -0.00177715 -0.00176259 -0.00181917 -0.00174842 -0.0017799 -0.00184675 -0.00170761 -0.0016724 -0.00161869 -0.00165637 -0.00161007 -0.00173159 -0.00168626 -0.00155315 -0.00149589 -0.00165679 -0.00156263 -0.00155939 -0.00161749 -0.0014897 -0.00149161 -0.00151815 -0.00151475 -0.00156347 -0.00155627 -0.00150718 -0.00149978 -0.00153806 -0.00159398 -0.00156762 -0.00147041 -0.00149458 -0.00155499 -0.00150767 -0.00155742 -0.00155224 -0.00147045 -0.00152158 -0.00154624 -0.00151612 -0.00147377 -0.00146744 -0.00151537 -0.00148696 -0.00151202 -0.00147883 -0.00150459 -0.00143393 -0.00142653 -0.00142827 -0.00158104 -0.00150649 -0.00152385 -0.00143347 -0.00154321 -0.00146597 -0.00149792 -0.00157855 -0.00159089 -0.00160388 -0.00143261 -0.00148425 -0.00155877 -0.00151737 -0.00151853 -0.00146458 -0.00136568 -0.00143185 -0.00127722 -0.00121808 -0.00118774 0.00188585 0.00201125 
0.00211196 0.00219041 0.00230366 0.124386 0.00227469 0.00235672 0.00222035 0.00224852 0.00207692 -0.00113651 -0.00148785 -0.0014981 -0.00152691 -0.00174532 -0.00190359 -0.00185145 -0.00195161 -0.00191512 -0.00196537 -0.00200174 -0.00187504 -0.00196066 -0.00174372 -0.00178811 -0.00195187 -0.00197189 -0.00177139 -0.00187298 -0.00181392 -0.00171276 -0.00176459 -0.00165818 -0.00165231 -0.00174287 -0.00162299 -0.00160727 -0.00164369 -0.00166149 -0.00167413 -0.00165907 -0.00161889 -0.00156762 -0.00162122 -0.00163295 -0.00163451 -0.0016155 -0.00156961 -0.00164352 -0.00153879 -0.00154578 -0.00150146 -0.0015635 -0.0015345 -0.001527 -0.00160759 -0.00153415 -0.00150323 -0.0015724 -0.00153272 -0.00151417 -0.0015254 -0.00156308 -0.00140936 -0.00145795 -0.0015318 -0.00159702 -0.00152462 -0.00154758 -0.00150775 -0.00158041 -0.00147666 -0.00145312 -0.0015828 -0.00151802 -0.00145536 -0.00154315 -0.00151402 -0.00157322 -0.00149978 -0.00158041 -0.00155058 -0.00149138 -0.00151821 -0.00150894 -0.00150583 -0.0015387 -0.00152675 -0.00143726 -0.0014987 -0.00153323 -0.0015902 -0.00151539 -0.00158387 -0.00156424 -0.00152792 -0.00148847 -0.00135567 -0.00126767 -0.0011188 0.00190561 
0.00208137 0.00212249 0.00217931 0.00227469 0.12511 0.00247041 0.002387 0.00234402 0.00213128 0.0020008 -0.0012453 -0.00141594 -0.00143939 -0.00174052 -0.00183862 -0.00180806 -0.00198913 -0.00185832 -0.00193616 -0.00210114 -0.00200764 -0.00195843 -0.001929 -0.00180617 -0.00195531 -0.00190244 -0.00179323 -0.00184317 -0.00176732 -0.00180382 -0.0017988 -0.00180585 -0.00180142 -0.00178365 -0.00164938 -0.00157257 -0.00167839 -0.00159952 -0.0016451 -0.0016773 -0.00161415 -0.00162742 -0.00167366 -0.00168425 -0.00157436 -0.00161134 -0.00155598 -0.0015416 -0.00155311 -0.00160151 -0.00143169 -0.00150929 -0.00145056 -0.00156645 -0.00155864 -0.00150636 -0.00157954 -0.00149968 -0.00159173 -0.0015787 -0.00154304 -0.00155507 -0.00153718 -0.0015442 -0.00165039 -0.00154277 -0.00158194 -0.00150207 -0.00158225 -0.00150097 -0.00152141 -0.00148511 -0.00156959 -0.00149897 -0.00144821 -0.00141996 -0.00151931 -0.00153723 -0.00157642 -0.00160163 -0.00155942 -0.0015712 -0.00149195 -0.00159425 -0.00157446 -0.00150472 -0.00162505 -0.00146181 -0.00147994 -0.00162173 -0.00144927 -0.0015875 -0.00151308 -0.00160547 -0.00153611 -0.00156652 -0.00143786 -0.00130306 -0.00125511 -0.00118444 
0.00194454 0.00206071 0.00218138 0.00235672 0.00247041 0.128381 0.00247074 0.00243029 0.00230753 0.00215582 0.00206488 -0.00128311 -0.00141004 -0.00158383 -0.00171198 -0.00184286 -0.00210852 -0.0020106 -0.0020238 -0.00207442 -0.00210356 -0.00213167 -0.00204041 -0.00199745 -0.00203118 -0.00216031 -0.00198922 -0.00187313 -0.00190686 -0.00177286 -0.00185844 -0.00187219 -0.00180393 -0.00187068 -0.00180668 -0.00171655 -0.00179369 -0.00178799 -0.00169976 -0.00174519 -0.00164797 -0.00163824 -0.00177819 -0.00166168 -0.00163087 -0.00168423 -0.00168864 -0.00163837 -0.00167624 -0.00172236 -0.00167898 -0.00155872 -0.00162425 -0.0015809 -0.00164248 -0.00167215 -0.00172242 -0.00169035 -0.00157014 -0.0015958 -0.00161762 -0.00155978 -0.00149899 -0.00153721 -0.00162559 -0.00165428 -0.00159581 -0.00169089 -0.00157807 -0.00160504 -0.0016817 -0.00161968 -0.00165416 -0.00164797 -0.0015832 -0.0015283 -0.00162105 -0.00168635 -0.00163734 -0.00165868 -0.00171349 -0.00163523 -0.00164509 -0.00161952 -0.0016371 -0.00168489 -0.001651 -0.00155283 -0.00142238 -0.00158251 -0.00169107 -0.00165724 -0.00159779 -0.001657 -0.00152938 -0.00160633 -0.00156836 -0.001428 -0.00141345 -0.00113578 
-0.00112558 0.00195164 0.00215195 0.00222035 0.002387 0.00247074 0.129256 0.00258327 0.00245391 0.00231524 0.00228983 0.00220984 -0.00128005 -0.00152481 -0.00182956 -0.00177109 -0.00197895 -0.0020825 -0.00206945 -0.00220073 -0.00207038 -0.00213194 -0.00202872 -0.00194262 -0.00217678 -0.00212331 -0.00195111 -0.0020174 -0.0019757 -0.00185438 -0.00190393 -0.00196323 -0.00186447 -0.00186167 -0.00161982 -0.00164366 -0.00182724 -0.00176186 -0.00176926 -0.00178224 -0.00172903 -0.00163589 -0.00179104 -0.00164199 -0.00182936 -0.00174133 -0.00163881 -0.00159153 -0.00168841 -0.00170457 -0.00163098 -0.00164455 -0.0015764 -0.00164555 -0.0015606 -0.00166353 -0.00163756 -0.00163793 -0.00163676 -0.00159334 -0.00167955 -0.00166273 -0.00161428 -0.00150663 -0.00170176 -0.0017157 -0.00167047 -0.00153387 -0.0017983 -0.00161301 -0.00165847 -0.0016887 -0.00165977 -0.00168167 -0.00155947 -0.00155689 -0.00159461 -0.00167611 -0.0016953 -0.00163608 -0.00162379 -0.0016361 -0.00156567 -0.00166515 -0.00169567 -0.00165952 -0.00155892 -0.00152848 -0.00154618 -0.00170111 -0.00165453 -0.00168095 -0.00162332 -0.00167445 -0.00170197 -0.00164589 -0.00158951 -0.00150034 -0.00151466 -0.00126831 
-0.00133495 -0.00121032 0.00208722 0.00224852 0.00234402 0.00243029 0.00258327 0.130217 0.00264382 0.0024503 0.0024146 0.00230076 0.00215658 -0.00149998 -0.00171397 -0.00162795 -0.00190855 -0.00195925 -0.00203243 -0.00206388 -0.00208365 -0.00206842 -0.0021422 -0.00201231 -0.00221963 -0.00207075 -0.00198381 -0.00189362 -0.00188228 -0.00192918 -0.00187625 -0.001909 -0.00177297 -0.00198427 -0.00179897 -0.00174675 -0.00183659 -0.00190051 -0.00187815 -0.00176699 -0.00169194 -0.00169706 -0.0018409 -0.00180519 -0.00184924 -0.0017193 -0.00164546 -0.00168086 -0.00165694 -0.00168176 -0.0017038 -0.00173559 -0.00166025 -0.00171891 -0.00155987 -0.00173956 -0.00171519 -0.00162981 -0.00158771 -0.00166363 -0.00165284 -0.00163104 -0.0015962 -0.00160231 -0.00163042 -0.0016694 -0.00164565 -0.00172714 -0.00169755 -0.00165726 -0.001698 -0.00168215 -0.00166382 -0.0017147 -0.00160402 -0.0015505 -0.00161513 -0.00166796 -0.00164153 -0.0017013 -0.0016465 -0.00165304 -0.00166583 -0.00164362 -0.00168055 -0.00171386 -0.00162955 -0.00160126 -0.00155757 -0.00174964 -0.00162528 -0.00165614 -0.00170029 -0.00164761 -0.00168421 -0.00159192 -0.00165149 -0.00163575 -0.00164947 -0.0013531 
-0.00146233 -0.001334 -0.00123688 0.00207692 0.00213128 0.00230753 0.00245391 0.00264382 0.131604 0.00258311 0.00247248 0.00243316 0.00231135 0.00219414 -0.00151572 -0.00158489 -0.00185788 -0.00180509 -0.00198093 -0.00222032 -0.00205681 -0.00207674 -0.00210027 -0.00199327 -0.00216196 -0.00212983 -0.00194376 -0.00194633 -0.00197774 -0.00190755 -0.00210586 -0.00193388 -0.0019482 -0.00184499 -0.00179748 -0.00182151 -0.00184187 -0.00185211 -0.00186067 -0.00183387 -0.00172094 -0.0016693 -0.001787 -0.00182212 -0.00183701 -0.00171883 -0.0017334 -0.00172521 -0.00163631 -0.0017618 -0.00168229 -0.00165964 -0.0015899 -0.00164354 -0.00171074 -0.00170994 -0.00175746 -0.00175631 -0.00168371 -0.00164477 -0.00171436 -0.00176902 -0.00162417 -0.0015885 -0.00166339 -0.00172298 -0.00171508 -0.00172117 -0.00167994 -0.00170002 -0.00167177 -0.00166016 -0.0016873 -0.00163782 -0.00162278 -0.00157696 -0.00165209 -0.00174817 -0.00165375 -0.00172075 -0.00169129 -0.0016636 -0.00166318 -0.00172811 -0.00168939 -0.00177654 -0.00168082 -0.00157774 -0.00159748 -0.00165058 -0.00166142 -0.00170869 -0.00167007 -0.00168154 -0.00164517 -0.00166509 -0.00167519 -0.00166168 -0.00166025 -0.00155018 
-0.00150658 -0.0014387 -0.00123322 -0.00113651 0.0020008 0.00215582 0.00231524 0.0024503 0.00258311 0.130345 0.00251094 0.00256527 0.00245023 0.00238688 -0.00145571 -0.00150026 -0.00166659 -0.00184839 -0.00190571 -0.00208867 -0.00207286 -0.00205407 -0.00203983 -0.00194809 -0.00209043 -0.0020179 -0.00187543 -0.00182328 -0.00179287 -0.00180351 -0.00184526 -0.00182032 -0.00184975 -0.00178736 -0.0017093 -0.00170026 -0.00182069 -0.00174599 -0.001753 -0.0017047 -0.00164166 -0.0016515 -0.00169372 -0.00172443 -0.00166596 -0.00165423 -0.00166284 -0.00166128 -0.00171849 -0.00172809 -0.00170443 -0.00167006 -0.00167746 -0.00163476 -0.00166751 -0.00165095 -0.00159374 -0.001627 -0.00161716 -0.00164231 -0.00168958 -0.00165299 -0.00163589 -0.0015675 -0.00170521 -0.00161907 -0.00167394 -0.00164769 -0.00158388 -0.00173477 -0.00161722 -0.00167699 -0.00162231 -0.00158514 -0.00159092 -0.00156555 -0.00156619 -0.00161094 -0.00162931 -0.00154097 -0.00156601 -0.00165934 -0.00160141 -0.00164782 -0.00164756 -0.00157184 -0.00159969 -0.00148798 -0.00162822 -0.00171399 -0.00158618 -0.00166606 -0.00167187 -0.00167505 -0.00177219 -0.00169483 -0.00176241 -0.00170096 -0.00171075 -0.00156103 
-0.00165261 -0.0014921 -0.00155837 -0.00148785 -0.0012453 0.00206488 0.00228983 0.0024146 0.00247248 0.00251094 0.134563 0.00261407 0.00260588 0.00258816 0.00241108 0.00236857 -0.00154948 -0.00171445 -0.00168633 -0.00192907 -0.00221322 -0.00203777 -0.0021901 -0.0020372 -0.0021682 -0.00219013 -0.00199594 -0.00205957 -0.00201627 -0.00198906 -0.00205013 -0.00202852 -0.00197616 -0.00190881 -0.00177867 -0.00186756 -0.0018631 -0.00184438 -0.00186651 -0.00184272 -0.00181736 -0.00177005 -0.00194669 -0.0018713 -0.00183885 -0.00178758 -0.00179484 -0.00172539 -0.00174686 -0.00186499 -0.00176573 -0.00169926 -0.00171058 -0.0017229 -0.00171468 -0.0017552 -0.00192831 -0.0016745 -0.00174528 -0.00175831 -0.00171045 -0.00166934 -0.00175009 -0.00169115 -0.00172699 -0.00174693 -0.00169366 -0.00172954 -0.00170224 -0.00168067 -0.00182096 -0.00173366 -0.00183995 -0.00174236 -0.00170899 -0.00161659 -0.00171846 -0.0017584 -0.00180688 -0.00169892 -0.00176462 -0.00179169 -0.00173821 -0.0017361 -0.00168093 -0.00173997 -0.00168242 -0.00163648 -0.00167346 -0.00169537 -0.00170047 -0.00173328 -0.00178214 -0.00171559 -0.00181965 -0.00169261 -0.00181658 -0.00168159 -0.00176322 -0.00163453 
-0.00177633 -0.00167514 -0.00154836 -0.0014981 -0.00141594 -0.00128311 0.00220984 0.00230076 0.00243316 0.00256527 0.00261407 0.136643 0.00281492 0.00270481 0.00251695 0.00260676 0.00241664 -0.00169254 -0.00164533 -0.00192709 -0.00212499 -0.0020816 -0.0022887 -0.00210207 -0.00222225 -0.00224432 -0.00214895 -0.00206863 -0.00205664 -0.00206563 -0.0020629 -0.00200042 -0.00199956 -0.00202137 -0.00184887 -0.00182824 -0.00193329 -0.00191424 -0.00194746 -0.00186757 -0.00181128 -0.00186507 -0.00191582 -0.00182745 -0.00187623 -0.00192972 -0.0018367 -0.0017623 -0.00177977 -0.00182401 -0.00181258 -0.00187123 -0.00184021 -0.00182037 -0.00170943 -0.00185424 -0.00175533 -0.00177342 -0.0017683 -0.00166191 -0.00166841 -0.00170486 -0.00172654 -0.00173376 -0.00174357 -0.00180232 -0.00172334 -0.00183326 -0.00180751 -0.00174585 -0.00183825 -0.00187792 -0.00180219 -0.00179574 -0.00173243 -0.00174281 -0.00167166 -0.00175579 -0.00174567 -0.0016829 -0.00171626 -0.00177876 -0.00167947 -0.00189172 -0.00172722 -0.001724 -0.00179121 -0.00164128 -0.00165269 -0.00179226 -0.00184271 -0.00171817 -0.001825 -0.00181035 -0.00175702 -0.00180326 -0.0017543 -0.00171481 -0.00176968 -0.00171667 
-0.00160175 -0.00164581 -0.00164583 -0.00152691 -0.00143939 -0.00141004 -0.00128005 0.00215658 0.00231135 0.00245023 0.00260588 0.00281492 0.135297 0.00270464 0.00254149 0.00255885 0.00242853 -0.00165261 -0.00177975 -0.00183489 -0.00196055 -0.00207689 -0.00208939 -0.00207556 -0.00221817 -0.00221678 -0.00197399 -0.0019677 -0.00195753 -0.00193701 -0.00205187 -0.00202087 -0.00197248 -0.00190481 -0.00174087 -0.00179913 -0.00183267 -0.00183871 -0.00187995 -0.00190164 -0.00182398 -0.00173914 -0.00180909 -0.00183668 -0.00177766 -0.00187909 -0.00175998 -0.00161136 -0.00176184 -0.00176849 -0.00165551 -0.00162836 -0.00169193 -0.0017964 -0.0017235 -0.00171223 -0.00176406 -0.00169784 -0.00177361 -0.00169623 -0.00168542 -0.00179264 -0.00166358 -0.00169149 -0.00169344 -0.00164612 -0.00171079 -0.00171358 -0.00176266 -0.00169002 -0.00172259 -0.00172769 -0.00169733 -0.00170988 -0.00170226 -0.00161829 -0.00150552 -0.00175159 -0.00173192 -0.00177494 -0.00166478 -0.00169664 -0.00168736 -0.00173982 -0.00165941 -0.00164207 -0.00168475 -0.00162492 -0.00174891 -0.001702 -0.00164701 -0.00169737 -0.0016877 -0.00173256 -0.00162262 -0.00166653 -0.00177703 -0.00167187 -0.0017555 -0.00162805 
-0.00187755 -0.00183484 -0.00181771 -0.00174532 -0.00174052 -0.00158383 -0.00152481 -0.00149998 0.00219414 0.00238688 0.00258816 0.00270481 0.00270464 0.140527 0.0028608 0.00276217 0.00279017 0.00265458 0.0026037 -0.00176244 -0.00186922 -0.00188555 -0.00198984 -0.00217093 -0.00229094 -0.00224106 -0.00212226 -0.0021913 -0.00204672 -0.00214769 -0.00211519 -0.00203811 -0.00209652 -0.00198525 -0.00193972 -0.00195501 -0.00195127 -0.0019594 -0.00193631 -0.00203142 -0.00178533 -0.00189107 -0.00201327 -0.00194445 -0.00200712 -0.00195332 -0.00184687 -0.00188757 -0.00193257 -0.001865 -0.00179713 -0.00175366 -0.00187118 -0.00182708 -0.00191304 -0.00185826 -0.00173524 -0.00190623 -0.00176439 -0.00181394 -0.00178252 -0.00186179 -0.00172346 -0.00170579 -0.00180811 -0.00187264 -0.00172966 -0.00179572 -0.00179774 -0.00196922 -0.00176421 -0.00192058 -0.00185979 -0.00179951 -0.00179141 -0.00171235 -0.00171633 -0.00183398 -0.00188452 -0.00194143 -0.00182485 -0.0019704 -0.00188963 -0.00185284 -0.00177421 -0.00178382 -0.0018681 -0.00177172 -0.00177655 -0.00177507 -0.00180367 -0.00176963 -0.00186575 -0.00185187 -0.00198177 -0.00189393 -0.0018943 -0.00186554 -0.0018121 -0.00176288 
-0.00181801 -0.00186527 -0.00178274 -0.00190359 -0.00183862 -0.00171198 -0.00182956 -0.00171397 -0.00151572 -0.00145571 0.00241108 0.00251695 0.00254149 0.0028608 0.139836 0.00309449 0.00299117 0.00275939 0.00286953 0.00259466 -0.00168507 -0.00166918 -0.00185205 -0.00187896 -0.00208697 -0.00213987 -0.00209664 -0.00210585 -0.00201369 -0.00203311 -0.00208009 -0.00213503 -0.00199189 -0.00208008 -0.00179753 -0.00196168 -0.00190428 -0.00196253 -0.0019809 -0.00191938 -0.00184675 -0.00175368 -0.00191285 -0.00192493 -0.00190559 -0.00189456 -0.00188347 -0.00196126 -0.00184304 -0.00179895 -0.00184759 -0.00175912 -0.00184691 -0.0018319 -0.00177766 -0.0017334 -0.00179158 -0.00180171 -0.00179355 -0.00182099 -0.0017966 -0.00176302 -0.00164542 -0.00167412 -0.00180879 -0.00175526 -0.00173605 -0.00172858 -0.00178526 -0.00180491 -0.00178346 -0.00179565 -0.00175566 -0.00174277 -0.00170214 -0.00167997 -0.00162822 -0.00178611 -0.00176964 -0.00181107 -0.00183808 -0.00179475 -0.00181455 -0.00181933 -0.00174972 -0.00182474 -0.00179958 -0.0016922 -0.00171059 -0.00180614 -0.00181378 -0.00173056 -0.00179796 -0.00177514 -0.0017461 -0.00184778 -0.001944 -0.00175627 -0.00189926 -0.0018231 
-0.00181181 -0.00178286 -0.00181136 -0.00185145 -0.00180806 -0.00184286 -0.00177109 -0.00162795 -0.00158489 -0.00150026 0.00236857 0.00260676 0.00255885 0.00276217 0.00309449 0.141103 0.00298306 0.00279396 0.0027101 0.00273176 -0.00167153 -0.00170945 -0.0017479 -0.0020004 -0.00223159 -0.00225263 -0.00206117 -0.00218986 -0.00215372 -0.002066 -0.00215309 -0.0020446 -0.00205625 -0.0019737 -0.00197418 -0.00196283 -0.00198923 -0.00194482 -0.00200764 -0.00198121 -0.00173748 -0.0018795 -0.00197434 -0.00189602 -0.00194203 -0.00192727 -0.00180737 -0.00187728 -0.00181005 -0.00185337 -0.00182595 -0.00177514 -0.00177815 -0.00184447 -0.0017894 -0.00179081 -0.00186194 -0.00182306 -0.00183125 -0.00170079 -0.00175956 -0.00178947 -0.00174218 -0.00174995 -0.00182969 -0.00185441 -0.00195714 -0.00170981 -0.00185431 -0.00179865 -0.00179006 -0.00185714 -0.00178036 -0.0018452 -0.00162732 -0.0016527 -0.00179374 -0.00173226 -0.00171005 -0.00188785 -0.00175502 -0.00172489 -0.00173993 -0.00183582 -0.00175662 -0.00176097 -0.00172423 -0.00171193 -0.00174918 -0.00177215 -0.00174484 -0.00185044 -0.00185141 -0.00185867 -0.00180197 -0.00188544 -0.00186232 -0.00173524 -0.00180424 -0.00177541 
-0.00191191 -0.00188889 -0.00199716 -0.00195161 -0.00198913 -0.00210852 -0.00197895 -0.00190855 -0.00185788 -0.00166659 -0.00154948 0.00241664 0.00242853 0.00279017 0.00299117 0.00298306 0.146392 0.00301388 0.00315315 0.00284934 0.00254915 0.00267261 -0.0016729 -0.00170222 -0.00207333 -0.002137 -0.00226472 -0.0021686 -0.00217946 -0.00214882 -0.00231042 -0.00225369 -0.00219165 -0.00208939 -0.00198975 -0.00205214 -0.00204454 -0.00214188 -0.00207841 -0.00214018 -0.00192509 -0.00193363 -0.00212706 -0.00210491 -0.00216397 -0.00196745 -0.00187704 -0.00193743 -0.00198951 -0.00200186 -0.00192425 -0.00186744 -0.001831 -0.00195905 -0.00197643 -0.00198143 -0.00193499 -0.00204803 -0.0019767 -0.00190789 -0.00183926 -0.0019293 -0.00193975 -0.00187638 -0.00192058 -0.00187881 -0.00198415 -0.00197061 -0.00185292 -0.00193673 -0.00180134 -0.00196927 -0.0018587 -0.00200927 -0.00183743 -0.00188433 -0.00185324 -0.00199981 -0.00199958 -0.00192408 -0.00186003 -0.00190492 -0.00195283 -0.0018305 -0.00185995 -0.00199413 -0.00193499 -0.0019087 -0.00184124 -0.00193266 -0.00187861 -0.00198159 -0.0019186 -0.00188211 -0.00188345 -0.00193617 -0.0019437 -0.00187734 -0.00187843 -0.00189111 
-0.00182603 -0.00182959 -0.00189455 -0.00191512 -0.00185832 -0.0020106 -0.0020825 -0.00195925 -0.00180509 -0.00184839 -0.00171445 -0.00169254 -0.00165261 0.00265458 0.00275939 0.00279396 0.00301388 0.144868 0.00329819 0.00314597 0.00281487 0.0028404 0.00261623 -0.00155096 -0.00182967 -0.00194678 -0.0020744 -0.00224858 -0.0021423 -0.002107 -0.00207484 -0.00212595 -0.00207561 -0.00210521 -0.00197977 -0.00193226 -0.00198206 -0.00212194 -0.00199384 -0.00200045 -0.0018934 -0.00196966 -0.00200208 -0.00207793 -0.00203992 -0.00198068 -0.00185152 -0.00192387 -0.00195922 -0.00191308 -0.00190131 -0.00190991 -0.00190516 -0.00176546 -0.00195642 -0.00186458 -0.0018528 -0.00190499 -0.00185468 -0.00185042 -0.00192102 -0.00178981 -0.00179896 -0.00171625 -0.00198303 -0.00187974 -0.0019333 -0.00181704 -0.00182233 -0.00185374 -0.00183429 -0.00189694 -0.00188361 -0.00178001 -0.00170977 -0.0018307 -0.0017864 -0.00180227 -0.00194446 -0.00181319 -0.00188073 -0.00185011 -0.00181843 -0.00185901 -0.00188298 -0.0018704 -0.00187712 -0.00181188 -0.00180899 -0.00185746 -0.00183805 -0.00190699 -0.00184074 -0.0018582 -0.00195929 -0.00197808 -0.00190051 -0.00180079 -0.00189551 -0.00175514 
-0.00188886 -0.00181895 -0.00181046 -0.00196537 -0.00193616 -0.0020238 -0.00206945 -0.00203243 -0.00198093 -0.00190571 -0.00168633 -0.00164533 -0.00177975 0.0026037 0.00286953 0.0027101 0.00315315 0.00329819 0.145905 0.003191 0.00281074 0.00290681 0.00277184 -0.00165344 -0.0018147 -0.00186193 -0.00209975 -0.00204545 -0.0021813 -0.00213536 -0.00220954 -0.00214936 -0.00220946 -0.00213871 -0.00197246 -0.00208099 -0.00195083 -0.00211937 -0.00205382 -0.00204977 -0.00190393 -0.00192761 -0.00199895 -0.00198455 -0.00191062 -0.00195405 -0.001802 -0.00198072 -0.00186277 -0.00183927 -0.00191123 -0.00190995 -0.00189727 -0.00186075 -0.00182557 -0.00189284 -0.00182819 -0.00195788 -0.00189672 -0.0019547 -0.00190831 -0.00187239 -0.00186963 -0.00183533 -0.00186847 -0.00180362 -0.00197132 -0.00194331 -0.00190346 -0.00190767 -0.00188372 -0.00182888 -0.00187604 -0.00188172 -0.00183561 -0.00185752 -0.00180698 -0.00186305 -0.00175888 -0.00186087 -0.00188436 -0.00186299 -0.00198862 -0.00188461 -0.00195447 -0.00186217 -0.00184106 -0.00183861 -0.00179767 -0.00191843 -0.00197793 -0.00187561 -0.00184849 -0.00197217 -0.00192635 -0.00180342 -0.00194315 -0.00179297 -0.001798 -0.00174278 
-0.00203961 -0.00202443 -0.00199186 -0.00200174 -0.00210114 -0.00207442 -0.00220073 -0.00206388 -0.00222032 -0.00208867 -0.00192907 -0.00192709 -0.00183489 -0.00176244 0.00259466 0.00273176 0.00284934 0.00314597 0.003191 0.149644 0.00321448 0.00326727 0.00301422 0.00261234 0.0025777 -0.0016696 -0.00188223 -0.0021121 -0.00203671 -0.00209574 -0.00220391 -0.00230333 -0.00228898 -0.00237161 -0.00217791 -0.00209849 -0.00216926 -0.00206066 -0.00211083 -0.00209139 -0.0020307 -0.00192907 -0.0020739 -0.002129 -0.00204279 -0.00210284 -0.00199831 -0.00200099 -0.0019514 -0.00199906 -0.00200644 -0.00197803 -0.0020206 -0.00199608 -0.00198866 -0.00194182 -0.00203685 -0.00198567 -0.00192998 -0.00196327 -0.00201152 -0.00194497 -0.00183639 -0.00195556 -0.00202348 -0.00192862 -0.00199136 -0.00200962 -0.00206043 -0.0019514 -0.0019696 -0.00189701 -0.00190953 -0.00195923 -0.0019763 -0.00194823 -0.00185718 -0.00195208 -0.00195103 -0.00196153 -0.00199803 -0.00194343 -0.0019625 -0.00197391 -0.00195546 -0.00195964 -0.00205573 -0.00184409 -0.00179272 -0.00204103 -0.0020476 -0.00200521 -0.00206976 -0.00203189 -0.0019466 -0.00199191 -0.00200991 -0.0019371 -0.00210776 -0.00203529 
-0.00187475 -0.00186667 -0.00190343 -0.00187504 -0.00200764 -0.00210356 -0.00207038 -0.00208365 -0.00205681 -0.00207286 -0.00221322 -0.00212499 -0.00196055 -0.00186922 -0.00168507 -0.00167153 0.00254915 0.00281487 0.00281074 0.00321448 0.146555 0.0032852 0.00319806 0.00276811 0.00291745 0.00265127 -0.00161547 -0.00177766 -0.00192345 -0.00181955 -0.00198739 -0.00214996 -0.00210574 -0.00208537 -0.00205745 -0.00201674 -0.00200514 -0.00203473 -0.00202836 -0.00201693 -0.00197144 -0.00197369 -0.00212742 -0.00203559 -0.00207074 -0.00204209 -0.00194633 -0.00186881 -0.00184661 -0.00187317 -0.00192374 -0.00200033 -0.00175699 -0.00190135 -0.00187134 -0.00190691 -0.00202362 -0.00185869 -0.00193451 -0.00183077 -0.00188046 -0.00191112 -0.00186404 -0.00175803 -0.00189877 -0.00190508 -0.00196215 -0.00177408 -0.00190321 -0.00196675 -0.00191129 -0.00189186 -0.0018268 -0.00198165 -0.00177945 -0.00175108 -0.00176424 -0.00185089 -0.00188788 -0.00184264 -0.00194562 -0.00194644 -0.00186689 -0.00192913 -0.00187124 -0.00184163 -0.0018635 -0.00185436 -0.0017463 -0.00192367 -0.0018841 -0.00182201 -0.00198346 -0.00188054 -0.00186016 -0.00191732 -0.0019055 -0.00182549 -0.00193076 -0.00182707 
-0.00189849 -0.00200285 -0.00189974 -0.00196066 -0.00195843 -0.00213167 -0.00213194 -0.00206842 -0.00207674 -0.00205407 -0.00203777 -0.0020816 -0.00207689 -0.00188555 -0.00166918 -0.00170945 0.00267261 0.0028404 0.00290681 0.00326727 0.0032852 0.146371 0.00312706 0.00283128 0.00278563 0.00273173 -0.0016864 -0.00168461 -0.00184008 -0.00185948 -0.00207461 -0.00219132 -0.00205923 -0.00209751 -0.0019828 -0.00201804 -0.00205983 -0.00207995 -0.00205 -0.00203424 -0.00198324 -0.00199321 -0.0020349 -0.00202969 -0.00201728 -0.0019984 -0.00181422 -0.00191833 -0.00189495 -0.00189628 -0.00189062 -0.00194362 -0.00186645 -0.00191888 -0.00183631 -0.00185537 -0.00181789 -0.00189872 -0.0019034 -0.00181167 -0.00187472 -0.0018983 -0.00184665 -0.0018107 -0.00186395 -0.00187084 -0.00188454 -0.00188284 -0.00187625 -0.00194802 -0.00185646 -0.00184213 -0.00194137 -0.00189217 -0.0017601 -0.00183402 -0.00182485 -0.00187716 -0.00199533 -0.00188425 -0.00184093 -0.00191617 -0.00186958 -0.00189171 -0.00183826 -0.0019869 -0.00188736 -0.00186369 -0.00184595 -0.00186509 -0.00195303 -0.00187628 -0.00193966 -0.00188959 -0.00182414 -0.0018203 -0.00195823 -0.00186368 -0.00186267 -0.00187595 
-0.00188506 -0.00187328 -0.00190058 -0.00174372 -0.001929 -0.00204041 -0.00202872 -0.0021422 -0.00210027 -0.00203983 -0.0021901 -0.0022887 -0.00208939 -0.00198984 -0.00185205 -0.0017479 -0.0016729 0.00261623 0.00277184 0.00301422 0.00319806 0.00312706 0.145723 0.00305574 0.0030058 0.00279964 0.00251622 -0.00160454 -0.00176397 -0.00169121 -0.00194329 -0.00201222 -0.00207577 -0.00210067 -0.00198667 -0.0019453 -0.00202722 -0.0020568 -0.00197885 -0.0020246 -0.00190482 -0.00194551 -0.00200339 -0.00199754 -0.00201856 -0.00205933 -0.00185639 -0.00186007 -0.00197658 -0.0018869 -0.00189092 -0.0019459 -0.00187635 -0.00187631 -0.00189988 -0.00188453 -0.00196338 -0.0018812 -0.00184792 -0.00180372 -0.0018484 -0.00178325 -0.0017496 -0.00178928 -0.00191238 -0.00186775 -0.00194794 -0.00189733 -0.00182956 -0.0017971 -0.00193603 -0.00187003 -0.00191663 -0.00188669 -0.00175561 -0.00186143 -0.00176908 -0.00187607 -0.0019038 -0.00189251 -0.00191867 -0.00184174 -0.00197545 -0.00187577 -0.00190937 -0.00191777 -0.00193439 -0.00183964 -0.00173459 -0.00193268 -0.00188727 -0.00192061 -0.00188117 -0.00190496 -0.00190591 -0.00189983 -0.00189263 -0.00188031 -0.00187652 -0.00170396 
-0.00181991 -0.00178123 -0.00178935 -0.00178811 -0.00180617 -0.00199745 -0.00194262 -0.00201231 -0.00199327 -0.00194809 -0.0020372 -0.00210207 -0.00207556 -0.00217093 -0.00187896 -0.0020004 -0.00170222 -0.00155096 -0.00165344 0.00261234 0.00276811 0.00283128 0.00305574 0.141359 0.00295254 0.00293588 0.00257675 0.00233967 -0.00147697 -0.0015354 -0.00165488 -0.00181775 -0.0018258 -0.0019217 -0.00189936 -0.00175625 -0.00189995 -0.00184796 -0.00180902 -0.00185873 -0.00179053 -0.00176404 -0.00184747 -0.00186208 -0.0018834 -0.00186317 -0.00181635 -0.00184919 -0.00184964 -0.00179277 -0.0017237 -0.00181749 -0.00177825 -0.00172932 -0.00184443 -0.00181621 -0.00187951 -0.00177169 -0.00170903 -0.00176158 -0.00175941 -0.00174252 -0.00164433 -0.00161947 -0.00179584 -0.00177527 -0.00169645 -0.00173687 -0.00176457 -0.00186102 -0.00172573 -0.00175641 -0.00182529 -0.0017723 -0.00166404 -0.00174876 -0.00160585 -0.00173838 -0.00162127 -0.00178388 -0.0018561 -0.00171624 -0.00174894 -0.00170267 -0.00169158 -0.00182726 -0.00175684 -0.00176928 -0.00178731 -0.00180335 -0.00181954 -0.00164985 -0.00181189 -0.00181504 -0.00171154 -0.00176936 -0.0017255 -0.00178647 -0.00175285 -0.00178842 
-0.00197575 -0.00197237 -0.00196194 -0.00195187 -0.00195531 -0.00203118 -0.00217678 -0.00221963 -0.00216196 -0.00209043 -0.0021682 -0.00222225 -0.00221817 -0.00229094 -0.00208697 -0.00223159 -0.00207333 -0.00182967 -0.0018147 0.0025777 0.00291745 0.00278563 0.0030058 0.00295254 0.14572 0.00309112 0.00281621 0.00261048 0.00241953 0.00244913 -0.00163769 -0.00167951 -0.00170064 -0.00191869 -0.0019957 -0.00207527 -0.00200821 -0.00204581 -0.00191653 -0.00215993 -0.00187096 -0.00201244 -0.00201773 -0.00201285 -0.00206993 -0.00203566 -0.00197568 -0.00195149 -0.00197011 -0.00191986 -0.00188205 -0.00186972 -0.00192046 -0.00190524 -0.00189737 -0.00186339 -0.00195212 -0.00195924 -0.00190406 -0.00189736 -0.00194874 -0.00190738 -0.00188234 -0.00180866 -0.00195791 -0.00191591 -0.00188072 -0.00190243 -0.00203063 -0.00185295 -0.00191052 -0.00183424 -0.00196888 -0.00191236 -0.0017217 -0.00179538 -0.00176649 -0.00176701 -0.00186198 -0.00201823 -0.00187242 -0.00188674 -0.00184208 -0.00186347 -0.00199256 -0.00194566 -0.00209262 -0.00193418 -0.00175497 -0.00197728 -0.00188771 -0.00189549 -0.0019676 -0.00195196 -0.00189609 -0.00183908 -0.00197932 -0.00196481 -0.00188718 -0.00181153 
-0.00196114 -0.00186702 -0.00190933 -0.00197189 -0.00190244 -0.00216031 -0.00212331 -0.00207075 -0.00212983 -0.0020179 -0.00219013 -0.00224432 -0.00221678 -0.00224106 -0.00213987 -0.00225263 -0.002137 -0.00194678 -0.00186193 -0.0016696 0.00265127 0.00273173 0.00279964 0.00293588 0.00309112 0.144336 0.00282338 0.00272283 0.00255345 0.00245753 0.00243574 -0.00148739 -0.00165894 -0.00174855 -0.00192057 -0.00184654 -0.00201125 -0.00212198 -0.00201381 -0.00201584 -0.00190887 -0.00197878 -0.0021024 -0.00201293 -0.00199386 -0.00202159 -0.00191111 -0.0019084 -0.00189412 -0.00190545 -0.00183536 -0.00184301 -0.00195737 -0.00190153 -0.00196348 -0.00187994 -0.00183829 -0.00189834 -0.00194578 -0.00189979 -0.00186749 -0.00199035 -0.00181962 -0.0018704 -0.0019401 -0.00190833 -0.00188764 -0.00193316 -0.0019115 -0.00196352 -0.00190655 -0.00184446 -0.00188091 -0.00191996 -0.00175111 -0.00173111 -0.00183152 -0.00197486 -0.00185503 -0.00180208 -0.0018587 -0.001837 -0.00184043 -0.00188675 -0.0018504 -0.00186781 -0.00192253 -0.00188165 -0.00178296 -0.00190461 -0.00182269 -0.00180877 -0.00190566 -0.00192481 -0.00188794 -0.00187829 -0.00184705 -0.0019619 -0.00188517 -0.00195484 
-0.00172036 -0.00175428 -0.00181234 -0.00177139 -0.00179323 -0.00198922 -0.00195111 -0.00198381 -0.00194376 -0.00187543 -0.00199594 -0.00214895 -0.00197399 -0.00212226 -0.00209664 -0.00206117 -0.00226472 -0.0020744 -0.00209975 -0.00188223 -0.00161547 -0.0016864 0.00251622 0.00257675 0.00281621 0.00282338 0.139217 0.00268185 0.00261128 0.00256431 0.00245753 0.00227903 -0.00133076 -0.00150062 -0.00163012 -0.00164175 -0.00179178 -0.00182445 -0.00187842 -0.00189051 -0.00189158 -0.00175837 -0.0019298 -0.00188635 -0.00195278 -0.00188176 -0.00182476 -0.00178555 -0.00177166 -0.00181073 -0.00186091 -0.00182705 -0.00170243 -0.00173107 -0.00176665 -0.00172809 -0.0018086 -0.0018122 -0.00166325 -0.00168431 -0.00177298 -0.00179846 -0.00165879 -0.00175446 -0.00178154 -0.00174391 -0.00183098 -0.00185483 -0.00174482 -0.00183618 -0.00181425 -0.00167899 -0.00173415 -0.0016791 -0.00166471 -0.00164563 -0.00161843 -0.00165292 -0.00174801 -0.00181083 -0.00176257 -0.00176076 -0.00184516 -0.00176526 -0.00181907 -0.00185168 -0.00173877 -0.00168623 -0.00168115 -0.00177278 -0.00174711 -0.00171619 -0.00176342 -0.00182989 -0.00189243 -0.00191227 -0.00173009 -0.0017992 -0.00180933 -0.0016532 
-0.00182922 -0.00168026 -0.00177715 -0.00187298 -0.00184317 -0.00187313 -0.0020174 -0.00189362 -0.00194633 -0.00182328 -0.00205957 -0.00206863 -0.0019677 -0.0021913 -0.00210585 -0.00218986 -0.0021686 -0.00224858 -0.00204545 -0.0021121 -0.00177766 -0.00168461 -0.00160454 0.00233967 0.00261048 0.00272283 0.00268185 0.136906 0.00266218 0.00271411 0.00259885 0.00229964 0.00226942 -0.00130517 -0.00153854 -0.0015349 -0.00163103 -0.00176359 -0.00183622 -0.00188293 -0.0016589 -0.00178734 -0.00179342 -0.00180928 -0.00188484 -0.00187766 -0.001827 -0.00174036 -0.00170937 -0.00175148 -0.00172268 -0.00177315 -0.00171546 -0.00169014 -0.00171437 -0.0016879 -0.00174208 -0.00172696 -0.00169458 -0.00172247 -0.00169734 -0.00178702 -0.00162368 -0.00167535 -0.00162734 -0.00167941 -0.00161531 -0.00175217 -0.00175855 -0.0018202 -0.00179136 -0.00178239 -0.00174861 -0.00174292 -0.00158987 -0.00162374 -0.00159989 -0.00171697 -0.00174674 -0.00173637 -0.00167974 -0.00176239 -0.0017848 -0.00177405 -0.00171718 -0.00170177 -0.00175884 -0.00160852 -0.00166731 -0.00170272 -0.00177803 -0.00178546 -0.00177166 -0.00168886 -0.00164519 -0.00170461 -0.00176268 -0.00164232 -0.00177466 -0.00167647 
-0.00175429 -0.0016991 -0.00176259 -0.00181392 -0.00176732 -0.00190686 -0.0019757 -0.00188228 -0.00197774 -0.00179287 -0.00201627 -0.00205664 -0.00195753 -0.00204672 -0.00201369 -0.00215372 -0.00217946 -0.0021423 -0.0021813 -0.00203671 -0.00192345 -0.00184008 -0.00176397 -0.00147697 0.00241953 0.00255345 0.00261128 0.00266218 0.135256 0.00275279 0.00271375 0.00240554 0.00241482 0.00231775 -0.00144167 -0.00129936 -0.00163222 -0.00158583 -0.00175103 -0.00178034 -0.00169397 -0.00175543 -0.00190066 -0.00177618 -0.00181421 -0.00176649 -0.00173078 -0.00182277 -0.00170979 -0.0017214 -0.00173847 -0.00169161 -0.00164218 -0.00171479 -0.00174017 -0.00181944 -0.00167798 -0.00169657 -0.00181192 -0.00169677 -0.00168922 -0.00166982 -0.00163766 -0.00174827 -0.00172222 -0.00173489 -0.00170066 -0.00165574 -0.00167564 -0.00169913 -0.00165106 -0.00162498 -0.001711 -0.00168941 -0.00163793 -0.00158172 -0.00166392 -0.0016249 -0.00165363 -0.0016294 -0.00172708 -0.00177751 -0.00172203 -0.00163154 -0.00174639 -0.0016867 -0.00172886 -0.00151044 -0.00171461 -0.00171451 -0.00174518 -0.0017307 -0.00169289 -0.00171864 -0.0017943 -0.00173896 -0.00170703 -0.00168096 -0.00169062 -0.00171297 
-0.00178397 -0.00172994 -0.00181917 -0.00171276 -0.00180382 -0.00177286 -0.00185438 -0.00192918 -0.00190755 -0.00180351 -0.00198906 -0.00206563 -0.00193701 -0.00214769 -0.00203311 -0.002066 -0.00214882 -0.002107 -0.00213536 -0.00209574 -0.00181955 -0.00185948 -0.00169121 -0.0015354 0.00244913 0.00245753 0.00256431 0.00271411 0.00275279 0.133835 0.0026339 0.00255202 0.00227204 0.00212722 -0.00131425 -0.00129092 -0.00144963 -0.00166121 -0.00175026 -0.00182364 -0.00170432 -0.00168262 -0.0017783 -0.00181993 -0.00185062 -0.00179081 -0.00166103 -0.00172177 -0.00169215 -0.00171292 -0.00169852 -0.00161618 -0.00177948 -0.00162557 -0.00170657 -0.00159104 -0.00173618 -0.00173216 -0.00171498 -0.00177606 -0.00167423 -0.00169195 -0.00165222 -0.00153776 -0.00174641 -0.00162446 -0.00164296 -0.00169107 -0.00169479 -0.00167724 -0.00164131 -0.00168594 -0.00173261 -0.00158504 -0.00160113 -0.00156328 -0.00162308 -0.00172536 -0.00167156 -0.00168918 -0.00168332 -0.00169072 -0.00164121 -0.00169546 -0.00167876 -0.00165251 -0.00168053 -0.00163301 -0.00163263 -0.00173158 -0.00175289 -0.0017475 -0.00166468 -0.00169644 -0.00168412 -0.00164631 -0.00172894 -0.00177149 -0.00168641 -0.00167827 
-0.00179081 -0.00167791 -0.00174842 -0.00176459 -0.0017988 -0.00185844 -0.00190393 -0.00187625 -0.00210586 -0.00184526 -0.00205013 -0.0020629 -0.00205187 -0.00211519 -0.00208009 -0.00215309 -0.00231042 -0.00207484 -0.00220954 -0.00220391 -0.00198739 -0.00207461 -0.00194329 -0.00165488 -0.00163769 0.00243574 0.00245753 0.00259885 0.00271375 0.0026339 0.134815 0.00267146 0.00267559 0.0023797 0.00205808 0.00221533 -0.00134677 -0.00144975 -0.00149076 -0.00170183 -0.00172365 -0.00182744 -0.00185747 -0.00190272 -0.00187814 -0.00178741 -0.00172774 -0.00168617 -0.00172742 -0.00175649 -0.00169841 -0.00178632 -0.00174584 -0.00170398 -0.00176159 -0.00168305 -0.00164709 -0.00171242 -0.00177887 -0.00170958 -0.00173765 -0.00171031 -0.00173528 -0.00171525 -0.00170378 -0.00180767 -0.00178723 -0.00172192 -0.0018226 -0.0017718 -0.00177715 -0.00176019 -0.00170314 -0.00172676 -0.00172289 -0.00172862 -0.00168 -0.00176966 -0.00175599 -0.00178285 -0.00171171 -0.00172514 -0.00171184 -0.0017371 -0.00176416 -0.00177936 -0.00176857 -0.0017032 -0.00170615 -0.0017011 -0.001653 -0.00171969 -0.00177783 -0.00173572 -0.0017279 -0.00169848 -0.00176046 -0.00174278 -0.00185504 -0.00168416 
-0.00169592 -0.00178668 -0.0017799 -0.00165818 -0.00180585 -0.00187219 -0.00196323 -0.001909 -0.00193388 -0.00182032 -0.00202852 -0.00200042 -0.00202087 -0.00203811 -0.00213503 -0.0020446 -0.00225369 -0.00212595 -0.00214936 -0.00230333 -0.00214996 -0.00219132 -0.00201222 -0.00181775 -0.00167951 -0.00148739 0.00227903 0.00229964 0.00240554 0.00255202 0.00267146 0.133008 0.00274733 0.00252122 0.0022819 0.00230506 0.00214656 -0.00136873 -0.00134531 -0.00152903 -0.00156763 -0.00155788 -0.00185526 -0.0018124 -0.00183976 -0.00167961 -0.00179079 -0.00175883 -0.00168098 -0.0017021 -0.00170122 -0.00168866 -0.00175301 -0.00163378 -0.00170257 -0.00169613 -0.00173513 -0.00163386 -0.00179829 -0.00186683 -0.00167753 -0.00178718 -0.00163179 -0.00158475 -0.00177317 -0.00176552 -0.00167279 -0.00169537 -0.00167988 -0.00165488 -0.00178614 -0.00174166 -0.00160935 -0.00164775 -0.00156863 -0.00165047 -0.00167517 -0.00176789 -0.0017323 -0.0017444 -0.00163778 -0.0017219 -0.00176806 -0.00173957 -0.00171712 -0.00176169 -0.00172705 -0.00156905 -0.00160715 -0.00177051 -0.00174124 -0.00162987 -0.00171999 -0.00172864 -0.00173669 -0.00171586 -0.00165428 -0.0017095 -0.0017076 -0.00164673 
-0.00165127 -0.00164988 -0.00184675 -0.00165231 -0.00180142 -0.00180393 -0.00186447 -0.00177297 -0.0019482 -0.00184975 -0.00197616 -0.00199956 -0.00197248 -0.00209652 -0.00199189 -0.00205625 -0.00219165 -0.00207561 -0.00220946 -0.00228898 -0.00210574 -0.00205923 -0.00207577 -0.0018258 -0.00170064 -0.00165894 -0.00133076 0.00226942 0.00241482 0.00227204 0.00267559 0.00274733 0.13118 0.00250287 0.00226338 0.00222817 0.00221546 0.00205149 -0.00129066 -0.00141776 -0.00141866 -0.00151871 -0.0016047 -0.00178115 -0.00178495 -0.00164915 -0.00175254 -0.00171817 -0.0017518 -0.00170329 -0.00172563 -0.00171065 -0.00169862 -0.00163821 -0.00166317 -0.00172936 -0.0016454 -0.0017219 -0.00177936 -0.0017621 -0.00170395 -0.00171048 -0.00161334 -0.00166505 -0.0016919 -0.00166017 -0.00165158 -0.00169695 -0.00165642 -0.00173515 -0.00163278 -0.00159773 -0.00169837 -0.00168485 -0.00160877 -0.00157765 -0.00158623 -0.00162247 -0.00175296 -0.00160699 -0.00167707 -0.00177084 -0.00167354 -0.00172891 -0.00162658 -0.00170657 -0.00167212 -0.00163991 -0.00169871 -0.0017215 -0.00174402 -0.00176652 -0.00169278 -0.00163268 -0.00174713 -0.00162568 -0.00169906 -0.00166195 -0.00167015 -0.0015889 
