0.122922 0.00235279 0.00216054 0.00209146 0.00201943 0.00202669 -0.00118047 -0.00140064 -0.00144555 -0.00147061 -0.00168376 -0.00176662 -0.00164071 -0.00185788 -0.00179132 -0.00189165 -0.00200384 -0.00197153 -0.00186433 -0.00200455 -0.0018709 -0.00196692 -0.00191769 -0.00179779 -0.00183173 -0.00187379 -0.00177842 -0.00166998 -0.00171713 -0.00162572 -0.00178603 -0.00168292 -0.00167165 -0.00167861 -0.00157032 -0.00161576 -0.00158261 -0.00169166 -0.00168196 -0.00157146 -0.00157258 -0.00147708 -0.0016438 -0.00160273 -0.0015786 -0.0015744 -0.00158592 -0.00149412 -0.00147396 -0.00156107 -0.00145573 -0.00150466 -0.0015425 -0.00145679 -0.00145367 -0.00153089 -0.0015558 -0.00153562 -0.00149201 -0.00148919 -0.00152246 -0.00154194 -0.00150691 -0.00133172 -0.00150585 -0.00147387 -0.00151047 -0.00149903 -0.0015475 -0.00156106 -0.00145486 -0.00152868 -0.00142539 -0.0015557 -0.00147867 -0.00139052 -0.00150684 -0.00150363 -0.00144878 -0.0014993 -0.00151363 -0.00150808 -0.00151353 -0.00146228 -0.00152529 -0.00161719 -0.00157989 -0.00145507 -0.00140987 -0.00142744 -0.00147001 -0.00140884 -0.00130593 -0.00121222 -0.00117816 -0.00109604 0.00181344 0.00195886 0.00201506 0.00225385 
0.00235279 0.123487 0.0022792 0.0022026 0.00211209 0.00210489 0.00199891 -0.00119442 -0.00135414 -0.00139573 -0.00154857 -0.00171682 -0.001732 -0.00175159 -0.00181744 -0.00173965 -0.00191347 -0.00182908 -0.00190709 -0.00194184 -0.00198443 -0.00183561 -0.00182796 -0.00181671 -0.00187303 -0.00193672 -0.00182493 -0.00173587 -0.00168491 -0.00174582 -0.00182032 -0.00174968 -0.00166463 -0.00170865 -0.00166051 -0.00158899 -0.00174652 -0.00172059 -0.00164722 -0.00156554 -0.00157756 -0.00153006 -0.00158248 -0.00153211 -0.00162216 -0.00152659 -0.00147001 -0.00146765 -0.00148137 -0.001418 -0.00152292 -0.00149266 -0.00153651 -0.00148335 -0.00150413 -0.00154865 -0.00158532 -0.00152351 -0.00145692 -0.0014941 -0.00158172 -0.00159082 -0.00142429 -0.00150558 -0.00160106 -0.0015902 -0.00147156 -0.00157535 -0.00152976 -0.00152817 -0.00154528 -0.00148855 -0.00149763 -0.00151485 -0.0013429 -0.00145432 -0.00137802 -0.00150442 -0.00156805 -0.00152085 -0.00153423 -0.00156081 -0.00160241 -0.00159608 -0.00156687 -0.00157509 -0.00155398 -0.0014503 -0.0014818 -0.00148523 -0.00145353 -0.00146657 -0.00141744 -0.00126537 -0.00131034 -0.00122264 -0.00124245 0.00184747 0.0019044 0.00204607 
0.00216054 0.0022792 0.12375 0.0022647 0.00226158 0.00219175 0.00221158 0.00205581 -0.00128186 -0.00130495 -0.00147219 -0.00157292 -0.00161552 -0.00187691 -0.00182176 -0.00183158 -0.001894 -0.00185769 -0.00192657 -0.00195673 -0.00193966 -0.00193596 -0.00186326 -0.00182375 -0.00193719 -0.00193418 -0.00182003 -0.00174257 -0.00178419 -0.00170943 -0.00177028 -0.00179737 -0.0017536 -0.0018021 -0.00166874 -0.00155543 -0.0016342 -0.00172842 -0.00173716 -0.00165273 -0.00153406 -0.00147592 -0.00163971 -0.00150805 -0.00166315 -0.00160451 -0.00148564 -0.00144467 -0.00154557 -0.00153446 -0.00156137 -0.0015258 -0.00157453 -0.00159539 -0.00152019 -0.00147419 -0.00149074 -0.0016203 -0.00158524 -0.00142656 -0.00149809 -0.0014415 -0.00145435 -0.00141733 -0.0014845 -0.0015735 -0.00150337 -0.00152102 -0.00164673 -0.00162228 -0.00148472 -0.00148311 -0.00149964 -0.00141223 -0.0014112 -0.00138984 -0.0015165 -0.00154849 -0.00149547 -0.00156281 -0.00149827 -0.00155494 -0.00145989 -0.00153209 -0.00153796 -0.00154183 -0.00157133 -0.00135609 -0.00144986 -0.00144551 -0.00148882 -0.00151507 -0.00156805 -0.00134525 -0.00142519 -0.00141777 -0.00128047 -0.00126359 0.00196648 0.0018902 
0.00209146 0.0022026 0.0022647 0.124126 0.00232235 0.00224671 0.00226289 0.00210009 0.00210714 -0.00121324 -0.0013222 -0.00145026 -0.00145659 -0.0017458 -0.00176437 -0.00182329 -0.00194296 -0.00189337 -0.00192809 -0.00198013 -0.00199051 -0.00204914 -0.00193826 -0.00193859 -0.0019739 -0.00194133 -0.00184134 -0.00178755 -0.00177644 -0.00171338 -0.00182902 -0.00189651 -0.00178508 -0.00175418 -0.00159601 -0.00164116 -0.0016671 -0.00159406 -0.00166142 -0.00156281 -0.00149267 -0.00157142 -0.00158367 -0.00158769 -0.00160957 -0.00158542 -0.00159479 -0.00150378 -0.00153346 -0.00147435 -0.00157132 -0.00156178 -0.00153733 -0.00151739 -0.00149669 -0.00157087 -0.00155562 -0.00146952 -0.0015511 -0.0015607 -0.00157514 -0.00152907 -0.00148216 -0.00145695 -0.00151364 -0.00155667 -0.00149448 -0.00155966 -0.00152716 -0.00143294 -0.00158435 -0.001524 -0.00156293 -0.00148929 -0.00152109 -0.00145653 -0.00149319 -0.00150349 -0.00148321 -0.0014506 -0.00145164 -0.00148082 -0.00151768 -0.00153763 -0.00157041 -0.00156863 -0.0016102 -0.00145055 -0.00147385 -0.00151348 -0.00150658 -0.00152028 -0.00150818 -0.00150842 -0.00151366 -0.00147058 -0.00131586 -0.00128903 -0.00120121 0.0018686 
0.00201943 0.00211209 0.00226158 0.00232235 0.125038 0.00236896 0.00243947 0.00219827 0.00222946 0.00214862 -0.00130568 -0.00143021 -0.00149523 -0.00164287 -0.00175072 -0.00181303 -0.00203653 -0.00198382 -0.00199588 -0.00204221 -0.00193242 -0.00201045 -0.0019757 -0.00184655 -0.00193117 -0.00204343 -0.00174899 -0.00174052 -0.00185427 -0.00173544 -0.00158846 -0.00173969 -0.00171073 -0.00172584 -0.00165969 -0.00155995 -0.0017318 -0.00151852 -0.00168501 -0.00159062 -0.00156926 -0.00155491 -0.00164235 -0.0016682 -0.00167273 -0.00163897 -0.00161939 -0.00155427 -0.00156682 -0.00160882 -0.0015652 -0.00152051 -0.00164228 -0.00158284 -0.00152216 -0.0015907 -0.00162213 -0.00152502 -0.00156447 -0.00150604 -0.00160918 -0.00154309 -0.0014933 -0.0014829 -0.00152787 -0.00151381 -0.00165301 -0.00156902 -0.00163419 -0.00149375 -0.00159713 -0.00151701 -0.00152976 -0.00150785 -0.00145872 -0.00145142 -0.00154029 -0.00154903 -0.00157628 -0.00154788 -0.00155479 -0.00155078 -0.00161535 -0.00150798 -0.00154548 -0.00149818 -0.00148383 -0.00153839 -0.00138159 -0.00159836 -0.00159568 -0.0015695 -0.00154596 -0.0015533 -0.00152265 -0.00151088 -0.00146481 -0.00136612 -0.00125111 -0.00112507 
0.00202669 0.00210489 0.00219175 0.00224671 0.00236896 0.128024 0.00246496 0.00232989 0.00227739 0.00214491 0.00208916 -0.00153138 -0.00153968 -0.00167685 -0.00177572 -0.0018147 -0.00195592 -0.00202336 -0.00200587 -0.00217575 -0.00202434 -0.00205508 -0.00202 -0.00186324 -0.00201782 -0.00208733 -0.00195616 -0.00191505 -0.00187221 -0.00191067 -0.00187335 -0.00184163 -0.00187813 -0.0018562 -0.00169765 -0.00173284 -0.00174763 -0.00179335 -0.00170424 -0.00172792 -0.00164038 -0.00164541 -0.00174763 -0.00173969 -0.00178296 -0.00174224 -0.00177763 -0.00153445 -0.00162677 -0.00158218 -0.00164948 -0.00164462 -0.00159953 -0.00175759 -0.00163586 -0.00167569 -0.0015598 -0.00165222 -0.00160772 -0.0015567 -0.00157884 -0.00159184 -0.00153902 -0.00151739 -0.00163375 -0.00168477 -0.00165537 -0.00169818 -0.00169851 -0.00167022 -0.00164572 -0.00150994 -0.00160472 -0.00157925 -0.00150471 -0.00150224 -0.0014432 -0.0015736 -0.00164715 -0.00161732 -0.00163652 -0.00151899 -0.00155486 -0.00153542 -0.00157427 -0.00159586 -0.00167883 -0.00152231 -0.00144226 -0.00166785 -0.00166232 -0.00165689 -0.00169528 -0.00163502 -0.00164344 -0.00163753 -0.00156931 -0.00141115 -0.00130808 -0.00119461 
-0.00118047 0.00199891 0.00221158 0.00226289 0.00243947 0.00246496 0.129262 0.00256588 0.00249613 0.00243473 0.00227506 0.00215123 -0.00144581 -0.0016146 -0.00170089 -0.00173628 -0.00207552 -0.00198026 -0.00199012 -0.00212862 -0.00211089 -0.0020482 -0.00201814 -0.00199111 -0.0019368 -0.00211096 -0.00192075 -0.00190959 -0.0018743 -0.00187917 -0.00190287 -0.00189323 -0.00188338 -0.00189644 -0.001689 -0.00177671 -0.00182958 -0.00177145 -0.00172719 -0.00179436 -0.00167072 -0.00170654 -0.00170818 -0.00173071 -0.00186668 -0.00183243 -0.00167167 -0.00160894 -0.00171818 -0.00164418 -0.00164765 -0.00166302 -0.0016915 -0.00162771 -0.00164967 -0.00157515 -0.00160974 -0.00168233 -0.00167707 -0.00161184 -0.00165312 -0.00169096 -0.00150389 -0.00163655 -0.00163277 -0.00161552 -0.00161733 -0.00168852 -0.00168836 -0.00168671 -0.00162581 -0.00168472 -0.00168043 -0.00169124 -0.00152988 -0.00162795 -0.00158708 -0.00172249 -0.00160484 -0.001687 -0.0016259 -0.0016829 -0.00167516 -0.0017029 -0.00172056 -0.00160599 -0.00162631 -0.00161397 -0.0015144 -0.00171647 -0.00163521 -0.00167194 -0.00172758 -0.00170203 -0.00163104 -0.00157656 -0.00164806 -0.00151255 -0.00144849 -0.00125933 
-0.00140064 -0.00119442 0.00205581 0.00210009 0.00219827 0.00232989 0.00256588 0.130334 0.00250917 0.00246943 0.00234447 0.00231141 0.00213091 -0.00148872 -0.00170132 -0.00176571 -0.00186637 -0.00192554 -0.00200908 -0.00219559 -0.00212553 -0.00210419 -0.0020828 -0.00195697 -0.00201238 -0.00210195 -0.00200295 -0.001972 -0.00202521 -0.00183173 -0.00192581 -0.00189153 -0.00182326 -0.00187356 -0.00176159 -0.00172483 -0.00178221 -0.00182744 -0.00182261 -0.00180779 -0.00165272 -0.00175516 -0.00178165 -0.00178162 -0.00172518 -0.00176696 -0.00171857 -0.00160125 -0.001695 -0.00169366 -0.00165866 -0.00164384 -0.00166508 -0.00161214 -0.00173826 -0.00160985 -0.00170847 -0.0016699 -0.00157465 -0.00163461 -0.00167788 -0.00168861 -0.00158414 -0.00159003 -0.00164254 -0.00172052 -0.0016041 -0.00163978 -0.00172826 -0.00171676 -0.00167677 -0.00170182 -0.0016462 -0.00168277 -0.00159587 -0.00158843 -0.00162913 -0.00173739 -0.00172555 -0.00168724 -0.00171706 -0.00163678 -0.00157468 -0.0015926 -0.00162108 -0.00160211 -0.00167579 -0.00160996 -0.00161201 -0.00170121 -0.00160352 -0.00167964 -0.00162859 -0.0016753 -0.00160603 -0.00165245 -0.00163182 -0.00168786 -0.00149505 -0.00139084 
-0.00144555 -0.00135414 -0.00128186 0.00210714 0.00222946 0.00227739 0.00249613 0.00250917 0.131807 0.00261052 0.00256884 0.00241907 0.00233797 0.00223374 -0.00158368 -0.00163161 -0.00173898 -0.00195789 -0.00206821 -0.0021869 -0.00210831 -0.00208032 -0.00212184 -0.00203616 -0.00213986 -0.00210255 -0.00195584 -0.00198805 -0.00197821 -0.00186034 -0.00194822 -0.00195602 -0.00200716 -0.00182982 -0.00174215 -0.00176977 -0.00179613 -0.00178681 -0.0017979 -0.0017904 -0.00179199 -0.00171037 -0.00182491 -0.00185245 -0.00178784 -0.00174505 -0.00168098 -0.00171253 -0.00169106 -0.00166402 -0.00176922 -0.00170474 -0.00175179 -0.00173437 -0.00173502 -0.00173561 -0.00167236 -0.00161094 -0.00170597 -0.00162994 -0.0017468 -0.00172822 -0.00162741 -0.00164718 -0.00172389 -0.0016693 -0.00165643 -0.00171604 -0.001638 -0.00162332 -0.0016695 -0.00163905 -0.00167004 -0.00164503 -0.00161934 -0.00159585 -0.00168115 -0.00176599 -0.00174381 -0.00169888 -0.00175712 -0.00167457 -0.00171723 -0.00159998 -0.00166717 -0.00165297 -0.00168559 -0.00165071 -0.00161022 -0.001762 -0.00174323 -0.00167157 -0.00164447 -0.00169318 -0.00172128 -0.00175624 -0.00162883 -0.00166359 -0.00167026 -0.00156478 
-0.00147061 -0.00139573 -0.00130495 -0.00121324 0.00214862 0.00214491 0.00243473 0.00246943 0.00261052 0.129864 0.00247404 0.00245283 0.00237439 0.00229546 -0.00147806 -0.00144203 -0.00167011 -0.00191571 -0.0017785 -0.00213137 -0.00199601 -0.00194981 -0.00204933 -0.00196769 -0.00210217 -0.0020871 -0.00196086 -0.00196992 -0.00184279 -0.00187039 -0.00195038 -0.00190147 -0.00187022 -0.00181475 -0.0016666 -0.00172237 -0.00176836 -0.00183716 -0.00180366 -0.00173729 -0.00167304 -0.00157069 -0.00174185 -0.00179745 -0.00173667 -0.00180023 -0.00163954 -0.00162565 -0.0015809 -0.00163896 -0.00168395 -0.0016314 -0.00160721 -0.00163761 -0.00163717 -0.00159336 -0.00161043 -0.00159707 -0.00164877 -0.00168234 -0.00158365 -0.00152607 -0.00167338 -0.00151811 -0.00167336 -0.00158326 -0.00167549 -0.00171007 -0.00160768 -0.00164087 -0.00172624 -0.00165051 -0.00162289 -0.00164584 -0.00158257 -0.00151626 -0.00153769 -0.00166045 -0.00152846 -0.00160012 -0.0015646 -0.00160351 -0.00161498 -0.00160517 -0.00161514 -0.00157758 -0.0016032 -0.00155893 -0.00148966 -0.00167943 -0.0016462 -0.00161192 -0.00176845 -0.00165948 -0.00155678 -0.00153582 -0.00166661 -0.00159301 -0.00166775 -0.00158487 
-0.00168376 -0.00154857 -0.00147219 -0.0013222 -0.00130568 0.00208916 0.00227506 0.00234447 0.00256884 0.00247404 0.134711 0.00271333 0.00253899 0.00263215 0.00249438 0.00227943 -0.00143659 -0.00163443 -0.00184424 -0.00199931 -0.00217026 -0.00221126 -0.00220431 -0.00220657 -0.00219596 -0.00229302 -0.00207956 -0.00208126 -0.00209412 -0.00202746 -0.00200258 -0.00206276 -0.00191257 -0.00198776 -0.00188933 -0.001796 -0.00188538 -0.00186103 -0.00189399 -0.00194965 -0.00185185 -0.00182579 -0.00194057 -0.00184 -0.0018012 -0.00177711 -0.0016978 -0.00173757 -0.0017242 -0.00176787 -0.00168969 -0.00171423 -0.00173647 -0.00177402 -0.00179098 -0.00178589 -0.00172641 -0.00183105 -0.00171863 -0.00163053 -0.00174494 -0.00172447 -0.00163515 -0.00157117 -0.0017602 -0.00176993 -0.00173947 -0.00166893 -0.00168719 -0.00180811 -0.00173942 -0.00177081 -0.00173366 -0.00172418 -0.00167228 -0.00171475 -0.00160224 -0.00181494 -0.00174542 -0.00169761 -0.00181521 -0.00183066 -0.0017092 -0.00182051 -0.00175497 -0.00173104 -0.00174439 -0.0016333 -0.00150473 -0.00171347 -0.0018013 -0.0016821 -0.00168724 -0.0017438 -0.00166162 -0.00173289 -0.00168971 -0.0017663 -0.00167828 -0.0016818 
-0.00176662 -0.00171682 -0.00157292 -0.00145026 -0.00143021 -0.00153138 0.00215123 0.00231141 0.00241907 0.00245283 0.00271333 0.136685 0.0027742 0.00274957 0.00243738 0.00250166 0.00242466 -0.00171116 -0.00166214 -0.00192142 -0.00208058 -0.00205235 -0.00204685 -0.00208032 -0.00228766 -0.00222817 -0.00213301 -0.00207823 -0.00209402 -0.00203933 -0.00205 -0.00205359 -0.00197066 -0.00201575 -0.00181953 -0.00183072 -0.0019382 -0.00188879 -0.00193194 -0.00191576 -0.00173319 -0.00176872 -0.00193894 -0.00190394 -0.00184097 -0.0019618 -0.00180586 -0.00172498 -0.00185931 -0.00182484 -0.00179324 -0.00176498 -0.00175258 -0.00176626 -0.00180281 -0.00175472 -0.00172918 -0.00183106 -0.00174289 -0.00171866 -0.0016787 -0.00178544 -0.00161707 -0.00153177 -0.0017368 -0.00183228 -0.00177839 -0.00172986 -0.00188483 -0.00173011 -0.00178219 -0.0017462 -0.00177392 -0.00176262 -0.00164709 -0.00172991 -0.00165633 -0.00176849 -0.00183316 -0.00180231 -0.00182437 -0.00190074 -0.00172718 -0.00176446 -0.00172791 -0.001773 -0.00176193 -0.0016751 -0.00169953 -0.00175361 -0.00181152 -0.00175967 -0.00183314 -0.00182773 -0.00181688 -0.00180603 -0.00185553 -0.00181159 -0.00172637 -0.00163973 
-0.00164071 -0.001732 -0.00161552 -0.00145659 -0.00149523 -0.00153968 -0.00144581 0.00213091 0.00233797 0.00237439 0.00253899 0.0027742 0.135376 0.0027994 0.00248344 0.00245843 0.00258079 -0.00151193 -0.00150637 -0.00185405 -0.0019715 -0.00196978 -0.00208773 -0.00193245 -0.0022283 -0.00219438 -0.00207831 -0.00199368 -0.00190401 -0.00193927 -0.00192637 -0.00195182 -0.00189457 -0.00190246 -0.00176445 -0.00184897 -0.00191846 -0.00184831 -0.00184089 -0.00180752 -0.00178667 -0.00172666 -0.00183674 -0.00180487 -0.00180608 -0.00187344 -0.00179245 -0.00170152 -0.00171692 -0.00174449 -0.00168519 -0.00176996 -0.00174942 -0.00168854 -0.00171393 -0.00171203 -0.00167628 -0.00165777 -0.00166053 -0.00170204 -0.00167198 -0.00171293 -0.00169789 -0.00165744 -0.00169218 -0.0017313 -0.00178514 -0.00176495 -0.00173864 -0.00185353 -0.00171741 -0.00171178 -0.00159233 -0.0017702 -0.00168067 -0.00160183 -0.00156497 -0.00166305 -0.00165018 -0.00162629 -0.00168908 -0.001799 -0.00171649 -0.0017384 -0.00177068 -0.0017317 -0.00177539 -0.00172195 -0.00159145 -0.00179516 -0.00175624 -0.00173145 -0.00164584 -0.0017752 -0.00172996 -0.00169863 -0.00164406 -0.00168236 -0.0017368 -0.00163301 
-0.00185788 -0.00175159 -0.00187691 -0.0017458 -0.00164287 -0.00167685 -0.0016146 -0.00148872 0.00223374 0.00229546 0.00263215 0.00274957 0.0027994 0.140838 0.00296409 0.00290489 0.00285438 0.00248951 0.002476 -0.00164653 -0.00184511 -0.00201428 -0.00205484 -0.00222398 -0.00233147 -0.00237127 -0.00214512 -0.00216793 -0.00207658 -0.0021204 -0.00208839 -0.00205376 -0.00203017 -0.0019819 -0.00191219 -0.0019054 -0.00195887 -0.00203135 -0.0019639 -0.00202601 -0.00189909 -0.00188404 -0.00192125 -0.00190407 -0.00201372 -0.00204152 -0.00185782 -0.00192631 -0.00185794 -0.00184849 -0.00176451 -0.00184653 -0.00181999 -0.00183337 -0.00181789 -0.00181429 -0.00185069 -0.00184339 -0.00189703 -0.00183601 -0.0019598 -0.00186122 -0.00172919 -0.00182146 -0.00168027 -0.00182965 -0.00181053 -0.00178426 -0.0017964 -0.00182148 -0.00191498 -0.00182175 -0.00192188 -0.00174311 -0.00177113 -0.00170932 -0.00178423 -0.00189216 -0.00180847 -0.00177638 -0.00182307 -0.00191273 -0.00187413 -0.00194493 -0.00183989 -0.00193421 -0.00180623 -0.00184053 -0.00165492 -0.00183488 -0.00186323 -0.00193414 -0.00185746 -0.00182555 -0.00175051 -0.0018257 -0.00186731 -0.00185266 -0.00190367 -0.00177123 
-0.00179132 -0.00181744 -0.00182176 -0.00176437 -0.00175072 -0.00177572 -0.00170089 -0.00170132 -0.00158368 -0.00147806 0.00249438 0.00243738 0.00248344 0.00296409 0.139648 0.00301061 0.00295074 0.00278066 0.0027473 0.00261928 -0.00176385 -0.00172446 -0.00181709 -0.00194376 -0.00196794 -0.00217173 -0.00206694 -0.0021039 -0.00201553 -0.00191363 -0.00206111 -0.00201784 -0.00207655 -0.00201447 -0.00195334 -0.00198976 -0.0020037 -0.00196982 -0.00195687 -0.00187192 -0.00178078 -0.00176673 -0.00190619 -0.00190961 -0.00195825 -0.0019107 -0.00184895 -0.00179141 -0.00179622 -0.00176249 -0.00185755 -0.00179944 -0.00172918 -0.00174121 -0.00182372 -0.00181571 -0.001731 -0.00172574 -0.00179822 -0.00183776 -0.00188259 -0.00188666 -0.00175971 -0.00170719 -0.00172153 -0.00183259 -0.00174618 -0.00183012 -0.00174017 -0.00182565 -0.00186237 -0.00178913 -0.00181623 -0.0016006 -0.00168868 -0.00168942 -0.00168533 -0.00183968 -0.00182434 -0.00176957 -0.00180808 -0.0017291 -0.00176268 -0.00181261 -0.00178078 -0.00182682 -0.00185592 -0.00169571 -0.00172724 -0.00172845 -0.00186371 -0.00176841 -0.00189314 -0.00179158 -0.00171331 -0.00182137 -0.00179482 -0.00177751 -0.00184009 -0.00176628 
-0.00189165 -0.00173965 -0.00183158 -0.00182329 -0.00181303 -0.0018147 -0.00173628 -0.00176571 -0.00163161 -0.00144203 0.00227943 0.00250166 0.00245843 0.00290489 0.00301061 0.141306 0.00301647 0.00280652 0.00280557 0.0025397 -0.0017306 -0.0016098 -0.00196825 -0.00196442 -0.00208235 -0.00212976 -0.00216999 -0.00208172 -0.00208865 -0.00200774 -0.00214472 -0.00205377 -0.00206217 -0.00208172 -0.0019586 -0.00194048 -0.00193141 -0.00189754 -0.00189687 -0.00196748 -0.00183305 -0.00187854 -0.00197813 -0.00188758 -0.00197294 -0.00193201 -0.00186488 -0.00181887 -0.0018194 -0.00172629 -0.00180887 -0.00175612 -0.00179483 -0.00177489 -0.00184904 -0.00189093 -0.00174989 -0.00178755 -0.00184151 -0.00181102 -0.00178919 -0.00174355 -0.00177618 -0.00170605 -0.00179375 -0.00176488 -0.00186331 -0.00171866 -0.00177374 -0.00182023 -0.00188032 -0.00182471 -0.0018194 -0.00176771 -0.00177459 -0.00170941 -0.0017744 -0.00180507 -0.00183635 -0.00187985 -0.00175224 -0.00185446 -0.00182267 -0.0018473 -0.00183068 -0.00177978 -0.00180671 -0.00169832 -0.00167062 -0.00175234 -0.00179795 -0.00183808 -0.00178957 -0.00187085 -0.00181807 -0.00182199 -0.00183214 -0.00175605 -0.00171612 -0.00171778 
-0.00200384 -0.00191347 -0.001894 -0.00194296 -0.00203653 -0.00195592 -0.00207552 -0.00186637 -0.00173898 -0.00167011 -0.00143659 0.00242466 0.00258079 0.00285438 0.00295074 0.00301647 0.146197 0.00289596 0.00309446 0.00288623 0.00268005 0.00255748 -0.00166185 -0.00179843 -0.00202321 -0.00208933 -0.0021643 -0.00217724 -0.00213683 -0.00219694 -0.00217221 -0.00211251 -0.00212651 -0.00219762 -0.00204896 -0.00212744 -0.00205228 -0.00209929 -0.00211365 -0.00199224 -0.00203145 -0.00196375 -0.00207284 -0.00207724 -0.00208912 -0.00214941 -0.00202134 -0.00191 -0.00194814 -0.00189387 -0.00191722 -0.00189415 -0.00197945 -0.00190056 -0.00189434 -0.00188921 -0.00197088 -0.00194431 -0.00194803 -0.00195565 -0.00192903 -0.00193324 -0.00189768 -0.00180075 -0.0019517 -0.0019898 -0.00193723 -0.00194677 -0.00190913 -0.00196191 -0.00193835 -0.00193835 -0.00198002 -0.00192622 -0.00175834 -0.00185381 -0.00182261 -0.00196316 -0.00197541 -0.00185255 -0.00201951 -0.00194338 -0.00192383 -0.00197352 -0.00192968 -0.00200463 -0.00190821 -0.00187752 -0.00183316 -0.00184199 -0.00188115 -0.00194449 -0.00193658 -0.00200074 -0.0019649 -0.00191759 -0.00194628 -0.00198851 -0.00195011 -0.00181053 
-0.00197153 -0.00182908 -0.00185769 -0.00189337 -0.00198382 -0.00202336 -0.00198026 -0.00192554 -0.00195789 -0.00191571 -0.00163443 -0.00171116 -0.00151193 0.00248951 0.00278066 0.00280652 0.00289596 0.144786 0.00328057 0.00312188 0.00284453 0.00279262 0.00276012 -0.00146692 -0.0018433 -0.00186638 -0.00199021 -0.00208376 -0.00210726 -0.00210258 -0.00222381 -0.0021052 -0.00200141 -0.00204492 -0.00206028 -0.00210266 -0.00202144 -0.00203023 -0.00197594 -0.00204046 -0.00182237 -0.00198688 -0.00185008 -0.00195759 -0.00193371 -0.00200288 -0.00194954 -0.00195707 -0.00180573 -0.00194468 -0.00190492 -0.00189951 -0.00183469 -0.0018984 -0.00191686 -0.00190719 -0.00189101 -0.00185877 -0.00190881 -0.00192832 -0.00190198 -0.00178966 -0.00187955 -0.00182352 -0.00181686 -0.00182838 -0.00190325 -0.00193228 -0.00188974 -0.00184333 -0.00187503 -0.00180572 -0.0017986 -0.00197027 -0.00183828 -0.0017083 -0.00172833 -0.00184873 -0.0018573 -0.00184555 -0.00192267 -0.00191273 -0.00188866 -0.0018797 -0.00195522 -0.00186831 -0.00188136 -0.00178948 -0.00174539 -0.00181055 -0.00178902 -0.00181793 -0.00199897 -0.00190411 -0.00187357 -0.00184034 -0.00182466 -0.00187384 -0.00188334 -0.00179187 
-0.00186433 -0.00190709 -0.00192657 -0.00192809 -0.00199588 -0.00200587 -0.00199012 -0.00200908 -0.00206821 -0.0017785 -0.00184424 -0.00166214 -0.00150637 0.002476 0.0027473 0.00280557 0.00309446 0.00328057 0.145502 0.00300972 0.00283907 0.00269253 0.00263874 -0.00158491 -0.00177628 -0.00190049 -0.00202873 -0.00212135 -0.00216498 -0.00213531 -0.00224258 -0.00212273 -0.00220072 -0.00206652 -0.00189904 -0.00196984 -0.00200027 -0.00200799 -0.00204264 -0.00197631 -0.00183635 -0.00189272 -0.00196032 -0.00194905 -0.00201572 -0.00190355 -0.00190124 -0.00190436 -0.00182267 -0.00194426 -0.00192852 -0.00191652 -0.00178933 -0.00178661 -0.00182578 -0.00186145 -0.00186051 -0.00182626 -0.00186496 -0.00189815 -0.00186283 -0.00190472 -0.00172902 -0.00177805 -0.00183357 -0.00193697 -0.00194299 -0.00182486 -0.00177354 -0.00190419 -0.00186664 -0.00192841 -0.00181533 -0.00174975 -0.00170872 -0.00175506 -0.00185695 -0.00190946 -0.00197616 -0.00185426 -0.00184195 -0.00189917 -0.00186495 -0.00193286 -0.00184816 -0.00189334 -0.00186508 -0.00187263 -0.00174419 -0.00190384 -0.00181017 -0.00194237 -0.00187106 -0.0019782 -0.00199005 -0.00192587 -0.0018995 -0.00195892 -0.00194409 -0.00177301 
-0.00200455 -0.00194184 -0.00195673 -0.00198013 -0.00204221 -0.00217575 -0.00212862 -0.00219559 -0.0021869 -0.00213137 -0.00199931 -0.00192142 -0.00185405 -0.00164653 0.00261928 0.0025397 0.00288623 0.00312188 0.00300972 0.149354 0.00317864 0.00320823 0.00306003 0.00267119 0.00253171 -0.00172952 -0.00179343 -0.00194063 -0.00200184 -0.00204536 -0.00225763 -0.00219589 -0.00215836 -0.00226495 -0.00203282 -0.0021057 -0.00211601 -0.00204659 -0.00205366 -0.00209651 -0.00200911 -0.0020234 -0.00208947 -0.00219376 -0.00216922 -0.00215713 -0.00203102 -0.00199206 -0.00196082 -0.0021186 -0.00201925 -0.00196873 -0.00197502 -0.00198959 -0.00198136 -0.00192389 -0.00206551 -0.00196388 -0.00205925 -0.00201675 -0.00199092 -0.0019873 -0.00185779 -0.00177765 -0.00197974 -0.00199239 -0.0019722 -0.00196902 -0.00203655 -0.00200636 -0.00198028 -0.00198044 -0.00197182 -0.00202702 -0.00191946 -0.00191293 -0.00195484 -0.00199606 -0.00198476 -0.00200424 -0.002006 -0.00205822 -0.00196393 -0.0018992 -0.00198195 -0.00190452 -0.00195627 -0.00186269 -0.00191419 -0.00195661 -0.00197813 -0.00201293 -0.00186121 -0.00190263 -0.00199606 -0.00198276 -0.00200361 -0.00196721 -0.00201425 -0.00194469 
-0.0018709 -0.00198443 -0.00193966 -0.00199051 -0.00193242 -0.00202434 -0.00211089 -0.00212553 -0.00210831 -0.00199601 -0.00217026 -0.00208058 -0.0019715 -0.00184511 -0.00176385 -0.0017306 0.00268005 0.00284453 0.00283907 0.00317864 0.146913 0.00330269 0.00305583 0.00289503 0.00280343 0.00267189 -0.00162973 -0.00176115 -0.00191639 -0.00183228 -0.00210039 -0.00222193 -0.0021583 -0.00206724 -0.0019002 -0.00202304 -0.00209717 -0.00192362 -0.00199067 -0.00199779 -0.00196786 -0.00198455 -0.00193251 -0.00200662 -0.00205659 -0.00204844 -0.00188132 -0.00191148 -0.00195639 -0.00188565 -0.00186769 -0.00186054 -0.0018442 -0.00182011 -0.00196846 -0.00181078 -0.00188441 -0.00194177 -0.00188731 -0.00189385 -0.00188573 -0.00188318 -0.00176908 -0.00183002 -0.00186752 -0.00185755 -0.00190033 -0.00193496 -0.00196497 -0.00190398 -0.0019701 -0.00191719 -0.00190253 -0.00197106 -0.00184302 -0.00174943 -0.0019463 -0.00188459 -0.00192445 -0.0018529 -0.00185466 -0.0019505 -0.00199955 -0.00190035 -0.00188167 -0.00198642 -0.00191088 -0.00169221 -0.00171276 -0.00191964 -0.00191054 -0.00184986 -0.00189245 -0.00192143 -0.00185333 -0.00195302 -0.00191346 -0.00189384 -0.00192305 -0.00182986 
-0.00196692 -0.00183561 -0.00193596 -0.00204914 -0.00201045 -0.00205508 -0.0020482 -0.00210419 -0.00208032 -0.00194981 -0.00221126 -0.00205235 -0.00196978 -0.00201428 -0.00172446 -0.0016098 0.00255748 0.00279262 0.00269253 0.00320823 0.00330269 0.146127 0.00305945 0.00285242 0.00283242 0.00262119 -0.00167595 -0.00181019 -0.00180177 -0.00193703 -0.00200279 -0.00210544 -0.00214596 -0.00206265 -0.0020698 -0.00208257 -0.00214316 -0.00206756 -0.00206177 -0.0019361 -0.00186644 -0.00198416 -0.00198361 -0.00205188 -0.00196543 -0.00197218 -0.00180028 -0.0018798 -0.00183002 -0.00181123 -0.00192773 -0.00193282 -0.00190163 -0.0019735 -0.00188911 -0.00196521 -0.00192756 -0.001903 -0.00191675 -0.00189514 -0.00190251 -0.00182762 -0.00169316 -0.00184513 -0.00194171 -0.00179754 -0.00179346 -0.00186023 -0.00187186 -0.00192227 -0.00182551 -0.00182939 -0.00189037 -0.00186974 -0.00170473 -0.00183265 -0.00174178 -0.00181301 -0.00180589 -0.00193544 -0.00184203 -0.00188 -0.00187653 -0.00185132 -0.00183677 -0.00193165 -0.00197408 -0.00176178 -0.00187124 -0.00188485 -0.00178504 -0.00180942 -0.00191977 -0.00196796 -0.00185073 -0.00186392 -0.00186001 -0.00189727 -0.00192734 -0.00185267 
-0.00191769 -0.00182796 -0.00186326 -0.00193826 -0.0019757 -0.00202 -0.00201814 -0.0020828 -0.00212184 -0.00204933 -0.00220431 -0.00204685 -0.00208773 -0.00205484 -0.00181709 -0.00196825 -0.00166185 0.00276012 0.00263874 0.00306003 0.00305583 0.00305945 0.145697 0.00281395 0.00290652 0.00278535 0.00234476 -0.00152018 -0.00181294 -0.00174242 -0.00185699 -0.00194205 -0.0020661 -0.00210021 -0.00209079 -0.00193153 -0.00201418 -0.00205341 -0.00198202 -0.00194638 -0.00186052 -0.00191464 -0.0019574 -0.00190053 -0.00195441 -0.00196024 -0.00190383 -0.00186334 -0.00188212 -0.00196361 -0.00191308 -0.00194418 -0.00194667 -0.0019386 -0.00195538 -0.00189882 -0.00180226 -0.00184404 -0.00192801 -0.00197343 -0.00191631 -0.00189114 -0.00173679 -0.00176855 -0.00189226 -0.0018383 -0.00185693 -0.00172853 -0.00182782 -0.00195298 -0.00190052 -0.00181418 -0.00187037 -0.0018552 -0.00171145 -0.00174649 -0.00169835 -0.00183812 -0.00182638 -0.00188627 -0.00189435 -0.00195417 -0.00194722 -0.00194177 -0.00185648 -0.0018917 -0.0018855 -0.00179026 -0.00181729 -0.00186386 -0.00188796 -0.00195766 -0.00190154 -0.00183601 -0.00185034 -0.00188803 -0.00195671 -0.00183294 -0.0018197 -0.00177087 
-0.00179779 -0.00181671 -0.00182375 -0.00193859 -0.00184655 -0.00186324 -0.00199111 -0.00195697 -0.00203616 -0.00196769 -0.00220657 -0.00208032 -0.00193245 -0.00222398 -0.00194376 -0.00196442 -0.00179843 -0.00146692 -0.00158491 0.00267119 0.00289503 0.00285242 0.00281395 0.141253 0.00297147 0.00297889 0.00261823 0.00244694 -0.00142316 -0.00132933 -0.00164851 -0.00173938 -0.00180739 -0.0019184 -0.00188131 -0.00176211 -0.00194115 -0.00186394 -0.00194689 -0.0019437 -0.00179759 -0.00184337 -0.00198359 -0.0019098 -0.00189618 -0.00183326 -0.00183894 -0.00176227 -0.00184857 -0.00183599 -0.00175951 -0.00178021 -0.00181305 -0.00178111 -0.0018013 -0.00175453 -0.00179438 -0.00181274 -0.00174655 -0.00182966 -0.00177897 -0.00176224 -0.0017331 -0.0017174 -0.00174911 -0.00173835 -0.00168089 -0.00173387 -0.00176105 -0.00170097 -0.00179711 -0.00177261 -0.00173978 -0.00177175 -0.00180722 -0.00165564 -0.0017136 -0.00175293 -0.00178547 -0.00181399 -0.00180663 -0.00174855 -0.00171959 -0.00170791 -0.00169462 -0.00177832 -0.00172706 -0.0016107 -0.00169705 -0.00173847 -0.00175259 -0.00175352 -0.00165279 -0.00171119 -0.00182484 -0.00174936 -0.00176007 -0.00179113 -0.00175741 -0.00168482 
-0.00183173 -0.00187303 -0.00193719 -0.0019739 -0.00193117 -0.00201782 -0.0019368 -0.00201238 -0.00213986 -0.00210217 -0.00219596 -0.00228766 -0.0022283 -0.00233147 -0.00196794 -0.00208235 -0.00202321 -0.0018433 -0.00177628 0.00253171 0.00280343 0.00283242 0.00290652 0.00297147 0.145648 0.00303396 0.00279466 0.00259772 0.0024573 0.00234993 -0.00152853 -0.00167715 -0.00176375 -0.00192425 -0.00196882 -0.00188798 -0.00209564 -0.0019983 -0.00210981 -0.00205077 -0.00197561 -0.00192118 -0.00196907 -0.00203012 -0.00193704 -0.00199555 -0.0019344 -0.00194684 -0.00188186 -0.00200863 -0.00188523 -0.00186709 -0.00191645 -0.0019841 -0.00198413 -0.00192132 -0.002 -0.00206177 -0.00192436 -0.00189296 -0.00198585 -0.00190444 -0.00175027 -0.00179291 -0.0018982 -0.00188216 -0.00195427 -0.00200826 -0.00190395 -0.00193521 -0.00188798 -0.00195101 -0.00198859 -0.00192734 -0.00194124 -0.0017495 -0.00195117 -0.00185532 -0.00195736 -0.00187743 -0.00195624 -0.0018079 -0.00188237 -0.00187082 -0.00191378 -0.00198916 -0.00194336 -0.00177773 -0.00181887 -0.00191732 -0.00193145 -0.00195903 -0.00193172 -0.00189243 -0.00192927 -0.00196669 -0.00186543 -0.00202427 -0.00202161 -0.00188977 
-0.00187379 -0.00193672 -0.00193418 -0.00194133 -0.00204343 -0.00208733 -0.00211096 -0.00210195 -0.00210255 -0.0020871 -0.00229302 -0.00222817 -0.00219438 -0.00237127 -0.00217173 -0.00212976 -0.00208933 -0.00186638 -0.00190049 -0.00172952 0.00267189 0.00262119 0.00278535 0.00297889 0.00303396 0.144457 0.00286654 0.00271247 0.00252303 0.00252643 0.00235966 -0.00146718 -0.00152133 -0.00166236 -0.00180837 -0.00180047 -0.00211532 -0.00203198 -0.00198199 -0.00200999 -0.00189037 -0.00190558 -0.00189979 -0.00209969 -0.00194027 -0.00196006 -0.00191177 -0.00193294 -0.00185255 -0.00194193 -0.0019196 -0.0018781 -0.00196801 -0.0019098 -0.00195433 -0.00194034 -0.00193977 -0.00194821 -0.00193014 -0.00196324 -0.00196352 -0.00194264 -0.00179764 -0.00180296 -0.00192564 -0.00184115 -0.00184428 -0.00198071 -0.00179726 -0.00189211 -0.00192762 -0.00193818 -0.00190765 -0.00181721 -0.00180943 -0.0017771 -0.00171174 -0.00188863 -0.00191462 -0.00188108 -0.00192944 -0.00191184 -0.00188421 -0.00190785 -0.00181925 -0.00194278 -0.00196355 -0.00177384 -0.00186779 -0.00196638 -0.00179645 -0.00190416 -0.00196465 -0.00200011 -0.00186087 -0.00185481 -0.00190582 -0.00193972 -0.00192548 -0.00177738 
-0.00177842 -0.00182493 -0.00182003 -0.00184134 -0.00174899 -0.00195616 -0.00192075 -0.00200295 -0.00195584 -0.00196086 -0.00207956 -0.00213301 -0.00207831 -0.00214512 -0.00206694 -0.00216999 -0.0021643 -0.00199021 -0.00202873 -0.00179343 -0.00162973 -0.00167595 0.00234476 0.00261823 0.00279466 0.00286654 0.138998 0.00281817 0.00262786 0.00261159 0.00248485 0.00226667 -0.00131346 -0.00150865 -0.00158551 -0.00159228 -0.00180403 -0.00176646 -0.00190701 -0.00197055 -0.00179966 -0.00185786 -0.00192406 -0.00184424 -0.00192783 -0.00182831 -0.00182495 -0.00191689 -0.00181416 -0.00184115 -0.00180669 -0.00176335 -0.00178495 -0.00172204 -0.00175189 -0.00181641 -0.00172859 -0.00172015 -0.00181721 -0.00175133 -0.00172971 -0.00172526 -0.00167653 -0.00155029 -0.0018255 -0.00168452 -0.00172524 -0.00176297 -0.00177724 -0.0017099 -0.00171814 -0.00182598 -0.00175831 -0.00170427 -0.00167031 -0.00171108 -0.00168161 -0.00173357 -0.00182688 -0.00186077 -0.00179567 -0.00181179 -0.00181219 -0.00175154 -0.0017936 -0.00183147 -0.00184717 -0.00166952 -0.00172019 -0.00178857 -0.00172309 -0.00173839 -0.00174746 -0.00174603 -0.00184853 -0.00184032 -0.00171579 -0.00168329 -0.00175377 -0.00169916 
-0.00166998 -0.00173587 -0.00174257 -0.00178755 -0.00174052 -0.00191505 -0.00190959 -0.001972 -0.00198805 -0.00196992 -0.00208126 -0.00207823 -0.00199368 -0.00216793 -0.0021039 -0.00208172 -0.00217724 -0.00208376 -0.00212135 -0.00194063 -0.00176115 -0.00181019 -0.00152018 0.00244694 0.00259772 0.00271247 0.00281817 0.137326 0.00266296 0.00268296 0.0025412 0.00241598 0.00228856 -0.00141043 -0.00151818 -0.00143501 -0.00163674 -0.00180974 -0.0018086 -0.00193774 -0.00176446 -0.00179107 -0.00186104 -0.00191255 -0.00186882 -0.00178366 -0.00183909 -0.0017864 -0.00180134 -0.00181614 -0.00179154 -0.00179037 -0.00181283 -0.0016922 -0.00173096 -0.00188921 -0.00175431 -0.00173871 -0.00173414 -0.00167449 -0.00172834 -0.00171292 -0.00160315 -0.00167942 -0.00178015 -0.00172901 -0.00175702 -0.00180448 -0.00177435 -0.00169069 -0.00168797 -0.00181171 -0.00162668 -0.00169742 -0.00160132 -0.00155294 -0.00165653 -0.00175281 -0.00166959 -0.00176275 -0.00178806 -0.00167622 -0.00171518 -0.0017664 -0.00176077 -0.00176532 -0.00178444 -0.00163872 -0.00164555 -0.00173233 -0.00172728 -0.00181428 -0.00174293 -0.00176438 -0.00172069 -0.00177047 -0.00174203 -0.00168987 -0.0017227 -0.00170407 
-0.00171713 -0.00168491 -0.00178419 -0.00177644 -0.00185427 -0.00187221 -0.0018743 -0.00202521 -0.00197821 -0.00184279 -0.00209412 -0.00209402 -0.00190401 -0.00207658 -0.00201553 -0.00208865 -0.00213683 -0.00210726 -0.00216498 -0.00200184 -0.00191639 -0.00180177 -0.00181294 -0.00142316 0.0024573 0.00252303 0.00262786 0.00266296 0.135312 0.0027055 0.00266916 0.00250698 0.00234154 0.00219349 -0.00134017 -0.00136777 -0.00160905 -0.00162665 -0.00170525 -0.00180147 -0.00171526 -0.0016986 -0.00176057 -0.00182804 -0.00185921 -0.00180793 -0.00178053 -0.00171626 -0.00168513 -0.00169462 -0.00172738 -0.00168566 -0.00171893 -0.00172876 -0.00170607 -0.00178493 -0.00168446 -0.00173632 -0.00177489 -0.00174243 -0.00168894 -0.00173572 -0.00172128 -0.00170078 -0.0017121 -0.00171874 -0.00174272 -0.00166325 -0.00168738 -0.00175577 -0.00166802 -0.00165175 -0.00158116 -0.00163837 -0.00161037 -0.00167642 -0.00161524 -0.00170716 -0.00169107 -0.00162165 -0.00170444 -0.00169989 -0.00168311 -0.00173361 -0.00175164 -0.00167577 -0.00173663 -0.00162916 -0.00165084 -0.00170159 -0.00171366 -0.00164928 -0.0016975 -0.00175862 -0.00183058 -0.0017098 -0.0016951 -0.00177732 -0.00169662 -0.00158229 
-0.00162572 -0.00174582 -0.00170943 -0.00171338 -0.00173544 -0.00191067 -0.00187917 -0.00183173 -0.00186034 -0.00187039 -0.00202746 -0.00203933 -0.00193927 -0.0021204 -0.00191363 -0.00200774 -0.00219694 -0.00210258 -0.00213531 -0.00204536 -0.00183228 -0.00193703 -0.00174242 -0.00132933 0.00234993 0.00252643 0.00261159 0.00268296 0.0027055 0.133819 0.00264874 0.00242667 0.00230813 0.00222998 -0.00142062 -0.00130114 -0.00147021 -0.00162917 -0.00165217 -0.0017524 -0.00160646 -0.00178872 -0.00184908 -0.00177877 -0.00180589 -0.00179937 -0.00177352 -0.00183102 -0.00174767 -0.00170292 -0.00173534 -0.00166718 -0.00165729 -0.0016926 -0.00168137 -0.00171351 -0.0017183 -0.00168924 -0.00176118 -0.00167719 -0.00172477 -0.00168042 -0.00158924 -0.00161033 -0.00173175 -0.00166449 -0.00171043 -0.00169806 -0.00164157 -0.00160207 -0.0016325 -0.00171672 -0.00164732 -0.00173738 -0.00168312 -0.00161423 -0.00166825 -0.00166635 -0.00172369 -0.00170756 -0.00171083 -0.00167325 -0.0017139 -0.00166485 -0.00172491 -0.00170963 -0.00162107 -0.00163282 -0.00148954 -0.00167896 -0.00175677 -0.00173785 -0.00169735 -0.00178426 -0.00166923 -0.00180376 -0.00166755 -0.00172551 -0.00171638 -0.00152675 
-0.00178603 -0.00182032 -0.00177028 -0.00182902 -0.00158846 -0.00187335 -0.00190287 -0.00192581 -0.00194822 -0.00195038 -0.00200258 -0.00205 -0.00192637 -0.00208839 -0.00206111 -0.00214472 -0.00217221 -0.00222381 -0.00224258 -0.00225763 -0.00210039 -0.00200279 -0.00185699 -0.00164851 -0.00152853 0.00235966 0.00248485 0.0025412 0.00266916 0.00264874 0.134535 0.0026365 0.00251925 0.00234329 0.00215619 0.0022139 -0.00140404 -0.00148812 -0.00154927 -0.00168548 -0.00173274 -0.00166684 -0.00178499 -0.0018365 -0.00189284 -0.001838 -0.00178833 -0.00177183 -0.00175463 -0.00177116 -0.00180934 -0.0016928 -0.00169684 -0.00175039 -0.00170515 -0.00168548 -0.00166508 -0.00177712 -0.00169411 -0.00173143 -0.00176133 -0.00172991 -0.00165691 -0.00172174 -0.00175969 -0.00168631 -0.00180492 -0.00182731 -0.0017574 -0.00173723 -0.00180382 -0.00174726 -0.00180666 -0.0016977 -0.00157747 -0.00161469 -0.0016277 -0.00176186 -0.00178218 -0.00180837 -0.00170055 -0.00169707 -0.00172452 -0.00173779 -0.00176733 -0.00172362 -0.00185103 -0.0016758 -0.00169287 -0.00180091 -0.00172468 -0.0017263 -0.00169738 -0.00175084 -0.00179263 -0.00173938 -0.00170059 -0.00171447 -0.00171456 -0.00163071 
-0.00168292 -0.00174968 -0.00179737 -0.00189651 -0.00173969 -0.00184163 -0.00189323 -0.00189153 -0.00195602 -0.00190147 -0.00206276 -0.00205359 -0.00195182 -0.00205376 -0.00201784 -0.00205377 -0.00211251 -0.0021052 -0.00212273 -0.00219589 -0.00222193 -0.00210544 -0.00194205 -0.00173938 -0.00167715 -0.00146718 0.00226667 0.00241598 0.00250698 0.00242667 0.0026365 0.13323 0.00264594 0.00252549 0.00218949 0.00226495 0.00210856 -0.00122898 -0.00144214 -0.00154997 -0.0015732 -0.00161411 -0.00184429 -0.00179303 -0.0018553 -0.00178118 -0.00175336 -0.00171752 -0.00170439 -0.00173135 -0.00175946 -0.00174966 -0.00162863 -0.00175457 -0.00176025 -0.00171613 -0.00172968 -0.00174886 -0.00173043 -0.00172359 -0.00171986 -0.0017355 -0.00168679 -0.00165691 -0.00169301 -0.00177922 -0.00167537 -0.00171275 -0.0017292 -0.00168134 -0.00176143 -0.00165541 -0.00167044 -0.00170164 -0.00168591 -0.00168213 -0.00166812 -0.00172665 -0.00173932 -0.0017138 -0.00167788 -0.00172451 -0.00167039 -0.00168277 -0.00175151 -0.00161228 -0.00178197 -0.00164912 -0.0016299 -0.00170603 -0.00166276 -0.00159947 -0.00175089 -0.00167233 -0.00178301 -0.00175441 -0.001731 -0.00175476 -0.00170397 -0.00172048 
-0.00167165 -0.00166463 -0.0017536 -0.00178508 -0.00171073 -0.00187813 -0.00188338 -0.00182326 -0.00200716 -0.00187022 -0.00191257 -0.00197066 -0.00189457 -0.00203017 -0.00207655 -0.00206217 -0.00212651 -0.00200141 -0.00220072 -0.00215836 -0.0021583 -0.00214596 -0.0020661 -0.00180739 -0.00176375 -0.00152133 -0.00131346 0.00228856 0.00234154 0.00230813 0.00251925 0.00264594 0.130995 0.00249268 0.00235802 0.00227266 0.00209665 0.00200328 -0.001244 -0.00136619 -0.00146551 -0.00158426 -0.00163846 -0.00175395 -0.00175468 -0.00175911 -0.00172898 -0.00166399 -0.00170667 -0.00171563 -0.00169702 -0.00174051 -0.00169039 -0.00175982 -0.00163765 -0.00179161 -0.00175127 -0.00166395 -0.0016419 -0.00168066 -0.00172695 -0.00163298 -0.00155024 -0.00158172 -0.001659 -0.00170502 -0.00174256 -0.00171611 -0.00175914 -0.00172011 -0.0017595 -0.00166103 -0.00165567 -0.00168461 -0.00160653 -0.00169098 -0.00174352 -0.00163439 -0.00164884 -0.00166388 -0.00160656 -0.00168744 -0.00171238 -0.00170214 -0.00170725 -0.00167944 -0.00164871 -0.00158728 -0.00158801 -0.00167405 -0.00157862 -0.00158703 -0.00168115 -0.00169382 -0.00170655 -0.00163675 -0.00173656 -0.00171281 -0.00163373 -0.00152437 
