0.123264 0.00224012 0.002245 0.00206927 0.00196273 0.00193194 -0.00114798 -0.00134106 -0.00134469 -0.00148601 -0.00155771 -0.00176977 -0.00177539 -0.00182727 -0.00181185 -0.00192322 -0.00190031 -0.00191331 -0.00189023 -0.0020226 -0.00189853 -0.00188951 -0.00175744 -0.00182962 -0.0019814 -0.00186896 -0.00168656 -0.0017304 -0.00174991 -0.00169892 -0.00170877 -0.0015881 -0.00168381 -0.00167369 -0.00154222 -0.00153962 -0.0016527 -0.00163461 -0.00159774 -0.00156501 -0.00149411 -0.00160308 -0.00160482 -0.00161958 -0.0016199 -0.00158423 -0.00145843 -0.00146914 -0.00158198 -0.00152063 -0.00145837 -0.00151362 -0.00159095 -0.00158833 -0.00159371 -0.00160735 -0.00151153 -0.00151123 -0.00160964 -0.00146896 -0.00157401 -0.00148414 -0.00148251 -0.00141219 -0.0014553 -0.00147399 -0.00147467 -0.00153243 -0.00148304 -0.00147423 -0.0015769 -0.00148057 -0.00153401 -0.00152673 -0.00150213 -0.00140478 -0.00147682 -0.00145624 -0.00155826 -0.00150093 -0.00151289 -0.00160331 -0.00152062 -0.00151284 -0.00159641 -0.00155194 -0.00162358 -0.00147043 -0.00143526 -0.00153885 -0.00143585 -0.00137056 -0.0012722 -0.00116835 -0.00125006 -0.00112199 0.00192428 0.00200607 0.00208359 0.00212079 
0.00224012 0.123631 0.00228458 0.00214487 0.00206464 0.00217993 0.00195515 -0.00118689 -0.00132209 -0.00137406 -0.00152284 -0.00168383 -0.00165463 -0.00181592 -0.00173661 -0.00188833 -0.00200661 -0.00191216 -0.00190991 -0.00198448 -0.00189984 -0.00185707 -0.00179891 -0.00177506 -0.00197741 -0.00189774 -0.00180471 -0.00176733 -0.00183411 -0.00173806 -0.00172841 -0.00177648 -0.00163074 -0.00168181 -0.00155955 -0.00158259 -0.00167943 -0.00165889 -0.0016268 -0.0016021 -0.00155918 -0.00158819 -0.00165435 -0.0016056 -0.00161984 -0.00165435 -0.00155753 -0.00151189 -0.0015737 -0.001516 -0.00157355 -0.00153015 -0.00152121 -0.00156416 -0.00154464 -0.00151188 -0.00156348 -0.00148218 -0.00146877 -0.00151455 -0.00150068 -0.00163568 -0.0013897 -0.00145974 -0.00159335 -0.00143886 -0.0014554 -0.00148916 -0.00155956 -0.00157012 -0.00153262 -0.00148279 -0.00143435 -0.00151323 -0.00142158 -0.00144182 -0.00132423 -0.0014558 -0.00154617 -0.00143121 -0.001591 -0.00149183 -0.00152576 -0.00161298 -0.00149941 -0.00150636 -0.00149758 -0.00144967 -0.00141329 -0.00152189 -0.00148166 -0.00145033 -0.00135205 -0.00132337 -0.0013151 -0.00135773 -0.0012317 0.0018334 0.00193604 0.00201873 
0.002245 0.00228458 0.123857 0.00235589 0.00212739 0.0020906 0.00206811 0.00205317 -0.00122371 -0.00128547 -0.001463 -0.0016236 -0.00160768 -0.0019033 -0.00180917 -0.00188336 -0.00193529 -0.00185366 -0.00188516 -0.00203795 -0.00193145 -0.00195687 -0.00186785 -0.00189812 -0.00198106 -0.0018525 -0.001764 -0.00178867 -0.00182396 -0.00178243 -0.00184027 -0.00177094 -0.00175466 -0.00171243 -0.00157687 -0.00150013 -0.00166868 -0.00155054 -0.00157634 -0.00161829 -0.00155384 -0.00155023 -0.00160272 -0.00147838 -0.00157834 -0.00165588 -0.00152291 -0.00147669 -0.00153945 -0.00151352 -0.00154711 -0.00152021 -0.00152059 -0.00146044 -0.00151543 -0.00154211 -0.0015191 -0.00144443 -0.00153724 -0.00149496 -0.00161045 -0.00152817 -0.00138906 -0.00141804 -0.00150682 -0.00150965 -0.00152344 -0.00141302 -0.00153948 -0.00147856 -0.0015824 -0.0015109 -0.00156408 -0.00150918 -0.00150299 -0.00151689 -0.00143584 -0.00156639 -0.00150184 -0.00150477 -0.00150247 -0.00157405 -0.00156353 -0.00154245 -0.00149137 -0.00155022 -0.00154063 -0.00145955 -0.00144428 -0.00155945 -0.00155354 -0.00146228 -0.00152191 -0.00147069 -0.00140714 -0.00136075 -0.00124538 -0.00124232 0.00181331 0.00201008 
0.00206927 0.00214487 0.00235589 0.124497 0.0023155 0.00230255 0.00222533 0.00217657 0.00194372 -0.00110057 -0.00139806 -0.00150585 -0.00158742 -0.00180407 -0.0017169 -0.00189814 -0.00201772 -0.00194088 -0.00201299 -0.00198888 -0.00193395 -0.00197755 -0.00181721 -0.00176488 -0.00197479 -0.00186396 -0.00185029 -0.00177723 -0.00183659 -0.00168691 -0.00167006 -0.00174853 -0.00167994 -0.00172497 -0.0016339 -0.00160502 -0.0016506 -0.00164111 -0.00167922 -0.00165768 -0.00162511 -0.00154782 -0.0016587 -0.00162803 -0.00166525 -0.00154896 -0.00154511 -0.00154733 -0.00156949 -0.0015205 -0.00142776 -0.00156135 -0.00152125 -0.00147097 -0.00152015 -0.00158452 -0.00156077 -0.00156797 -0.00156376 -0.00150065 -0.00150134 -0.00152237 -0.00143798 -0.00149339 -0.0015168 -0.00159898 -0.00146235 -0.00160351 -0.00158348 -0.00153383 -0.00151577 -0.0015509 -0.00150937 -0.00154587 -0.00148524 -0.00144529 -0.00141917 -0.00161791 -0.00153252 -0.00153614 -0.00151804 -0.00147523 -0.00156808 -0.00147224 -0.00146525 -0.00159225 -0.00150843 -0.00159074 -0.00150024 -0.00157242 -0.00162437 -0.00156293 -0.00143216 -0.00147327 -0.00148076 -0.00144948 -0.00143443 -0.00128253 -0.00125964 0.00192541 
0.00196273 0.00206464 0.00212739 0.0023155 0.124778 0.00239444 0.00240816 0.00225583 0.00221698 0.00216419 -0.00128405 -0.00145023 -0.00145861 -0.00162165 -0.00180778 -0.00183353 -0.00197602 -0.0019712 -0.00196748 -0.00205736 -0.00186914 -0.00199574 -0.00193739 -0.00170422 -0.00204803 -0.00193008 -0.00185395 -0.00181399 -0.00180214 -0.00174177 -0.00176403 -0.00178737 -0.00172894 -0.00171884 -0.00163302 -0.00158458 -0.00162448 -0.0017131 -0.00162698 -0.0016675 -0.00156503 -0.00158967 -0.00166488 -0.00168157 -0.00171692 -0.0015911 -0.00156339 -0.00159694 -0.00153881 -0.00150575 -0.00153945 -0.00151013 -0.00163254 -0.00156661 -0.0015199 -0.00154696 -0.00146959 -0.00154841 -0.00159079 -0.0015004 -0.00159811 -0.00148056 -0.00147684 -0.0014893 -0.00154941 -0.00154608 -0.00152245 -0.00150838 -0.00159011 -0.00158397 -0.0014701 -0.00156997 -0.00150289 -0.00155668 -0.00147823 -0.00145146 -0.00143292 -0.00155295 -0.00152003 -0.00152853 -0.0015106 -0.00154756 -0.00152987 -0.00159488 -0.00153971 -0.00151844 -0.0015417 -0.0015279 -0.00150904 -0.00150033 -0.00159842 -0.00152043 -0.00147356 -0.00152874 -0.00151145 -0.00156361 -0.00140865 -0.00144051 -0.00129443 -0.00120676 
0.00193194 0.00217993 0.0020906 0.00230255 0.00239444 0.128206 0.00263902 0.0024044 0.00233467 0.00225347 0.00216983 -0.00137222 -0.0014316 -0.00167023 -0.00183574 -0.00176387 -0.00211501 -0.00200868 -0.00192593 -0.00216202 -0.00208005 -0.00209316 -0.00206014 -0.00196197 -0.00202996 -0.00213461 -0.00191706 -0.00202664 -0.00184736 -0.00186403 -0.00190116 -0.00182717 -0.00184749 -0.0017844 -0.0016603 -0.00168196 -0.00181668 -0.00167365 -0.00176358 -0.00174886 -0.00167373 -0.00164493 -0.00178574 -0.00174407 -0.00167034 -0.00170124 -0.0016066 -0.00162357 -0.00167473 -0.00175854 -0.00156835 -0.00166289 -0.0015377 -0.0015956 -0.00159375 -0.00165238 -0.00156869 -0.00162172 -0.00159474 -0.00158425 -0.00158196 -0.00164036 -0.00161412 -0.00158083 -0.00159989 -0.00163684 -0.00159482 -0.00163153 -0.0016714 -0.00164672 -0.00172502 -0.00161207 -0.00166645 -0.00151197 -0.00157243 -0.00158993 -0.00158583 -0.00154153 -0.00169052 -0.00157101 -0.00175793 -0.00162191 -0.00155967 -0.00167396 -0.00162533 -0.00163116 -0.00163494 -0.00150901 -0.00151358 -0.00168789 -0.00160117 -0.00163627 -0.00164641 -0.00165221 -0.00161665 -0.00172751 -0.00162461 -0.00149157 -0.00136132 -0.00119932 
-0.00114798 0.00195515 0.00206811 0.00222533 0.00240816 0.00263902 0.128934 0.00239745 0.00238675 0.00232082 0.00228326 0.00212957 -0.00139088 -0.00162981 -0.00170923 -0.00182352 -0.00199794 -0.00205801 -0.00204183 -0.00217172 -0.00205093 -0.00203384 -0.00210597 -0.00186049 -0.00203889 -0.00216727 -0.0020076 -0.00185764 -0.00192255 -0.00189658 -0.00198276 -0.00190519 -0.00185245 -0.00194679 -0.00174157 -0.00171832 -0.00180248 -0.00177086 -0.00180242 -0.00176279 -0.00172107 -0.00163179 -0.00177425 -0.00173538 -0.00174033 -0.00169522 -0.00164055 -0.0016549 -0.00173511 -0.00172825 -0.0017348 -0.0016149 -0.00166896 -0.00161628 -0.0016507 -0.0016246 -0.00163961 -0.00161127 -0.00160284 -0.00170387 -0.00166771 -0.00162264 -0.00153991 -0.00162097 -0.00160181 -0.00161526 -0.00166556 -0.00161258 -0.0015996 -0.00168758 -0.00162016 -0.00156503 -0.00163774 -0.00167424 -0.00159664 -0.0015861 -0.0015061 -0.00167015 -0.00169094 -0.00160671 -0.00167507 -0.00161946 -0.00164466 -0.00168758 -0.00157344 -0.00158302 -0.00158205 -0.0016267 -0.0015677 -0.00162857 -0.00164708 -0.00153995 -0.00156881 -0.00167035 -0.00169589 -0.00154537 -0.00153521 -0.0014986 -0.00140529 -0.00134261 
-0.00134106 -0.00118689 0.00205317 0.00217657 0.00225583 0.0024044 0.00239745 0.130255 0.0026188 0.00246134 0.00239944 0.00234152 0.00231485 -0.00141307 -0.00159952 -0.0015664 -0.00187002 -0.001985 -0.00206077 -0.00217053 -0.00205653 -0.00213439 -0.00206655 -0.00203356 -0.00219823 -0.00222367 -0.00196482 -0.00194728 -0.00194821 -0.00194266 -0.00194812 -0.00192385 -0.00180667 -0.00186419 -0.00177268 -0.00173026 -0.00188208 -0.001805 -0.00181291 -0.00177099 -0.00181129 -0.00172156 -0.00173603 -0.00174442 -0.00173359 -0.00176443 -0.00159813 -0.00170367 -0.00173253 -0.00172198 -0.0017365 -0.00170571 -0.00170004 -0.00166218 -0.00170283 -0.00162596 -0.00161918 -0.00166992 -0.00163873 -0.00166953 -0.00175585 -0.00173688 -0.00157634 -0.00159081 -0.00160968 -0.00169548 -0.00170436 -0.00167205 -0.00165413 -0.00169432 -0.00164569 -0.00160365 -0.00169926 -0.00163493 -0.00159382 -0.00158741 -0.00163584 -0.00167225 -0.00170959 -0.00173925 -0.00169022 -0.0016058 -0.00157787 -0.00164029 -0.00168612 -0.00168024 -0.00174719 -0.00159891 -0.00152674 -0.00165842 -0.00160108 -0.00161976 -0.00166691 -0.00165994 -0.00161724 -0.00157564 -0.00165793 -0.00166845 -0.00152767 -0.00143617 
-0.00134469 -0.00132209 -0.00122371 0.00194372 0.00221698 0.00233467 0.00238675 0.0026188 0.131662 0.00263448 0.00255473 0.00237024 0.00246743 0.00219743 -0.00150916 -0.00158306 -0.00178003 -0.00190981 -0.0019892 -0.00219144 -0.00205667 -0.00209363 -0.00220978 -0.00202817 -0.00225159 -0.00222347 -0.00196475 -0.00184945 -0.00192811 -0.0019187 -0.00188004 -0.00187151 -0.00192723 -0.0019057 -0.00180034 -0.00179169 -0.00190813 -0.00184671 -0.00180696 -0.0018372 -0.00176334 -0.001772 -0.00185503 -0.00182883 -0.00180441 -0.00185828 -0.00170148 -0.00175649 -0.00178493 -0.00166224 -0.00179392 -0.00163831 -0.00164091 -0.00165352 -0.00171834 -0.00176887 -0.00162491 -0.00168693 -0.00168176 -0.00177015 -0.0017208 -0.00169501 -0.00164189 -0.00155356 -0.00162695 -0.00167922 -0.00159058 -0.00163621 -0.00166278 -0.00167815 -0.00169006 -0.00167309 -0.00162173 -0.00168502 -0.00158061 -0.00157022 -0.0016245 -0.00161781 -0.00173621 -0.00167051 -0.00170918 -0.00165136 -0.00172304 -0.00167297 -0.00168343 -0.00171487 -0.00167016 -0.00159495 -0.00161481 -0.00172095 -0.00169089 -0.00163213 -0.00180066 -0.00177048 -0.00170721 -0.00174108 -0.0017476 -0.00163796 -0.00168712 -0.0015441 
-0.00148601 -0.00137406 -0.00128547 -0.00110057 0.00216419 0.00225347 0.00232082 0.00246134 0.00263448 0.130076 0.00254427 0.00243412 0.00235154 0.0022377 -0.00153202 -0.00146445 -0.0016673 -0.00180257 -0.00190997 -0.00222294 -0.0020612 -0.00190508 -0.0020913 -0.00188565 -0.00205382 -0.00195577 -0.00194977 -0.00192741 -0.00189745 -0.00183465 -0.00188911 -0.00179308 -0.00183557 -0.00179935 -0.00172488 -0.00169165 -0.00173657 -0.00181493 -0.001831 -0.00172671 -0.00166787 -0.00161947 -0.00169959 -0.00176182 -0.00178752 -0.00170531 -0.00163015 -0.00178328 -0.00167488 -0.00158976 -0.00173216 -0.0016926 -0.00162532 -0.00163569 -0.00155144 -0.00162835 -0.0016296 -0.0016149 -0.00160806 -0.00157434 -0.00164808 -0.00164451 -0.00152699 -0.00158539 -0.00163663 -0.00165075 -0.00165607 -0.00165084 -0.00159766 -0.00161007 -0.00169579 -0.00168542 -0.00158249 -0.00153036 -0.00151683 -0.00158675 -0.00152484 -0.00164709 -0.00167303 -0.00165082 -0.00165555 -0.00167273 -0.00158554 -0.00165333 -0.00153729 -0.00167051 -0.00165848 -0.00155658 -0.00159535 -0.00166768 -0.00158489 -0.00169244 -0.00165971 -0.00175537 -0.00162579 -0.00174543 -0.00165453 -0.00158041 -0.00162588 -0.00153783 
-0.00155771 -0.00152284 -0.001463 -0.00139806 -0.00128405 0.00216983 0.00228326 0.00239944 0.00255473 0.00254427 0.13451 0.00264684 0.00263988 0.00260482 0.00239629 0.00239724 -0.00153056 -0.00168999 -0.00170175 -0.00208277 -0.00220274 -0.00223723 -0.00220399 -0.00207276 -0.00219619 -0.00221585 -0.00204455 -0.00199419 -0.00194393 -0.00197977 -0.00204935 -0.00205924 -0.00197249 -0.00198979 -0.00191294 -0.00188908 -0.00194911 -0.00197909 -0.00189509 -0.00182659 -0.00181907 -0.00184305 -0.00182759 -0.00189369 -0.00182141 -0.00183122 -0.00173894 -0.00179512 -0.00176728 -0.0017319 -0.00178838 -0.00174999 -0.00170606 -0.00171922 -0.00170349 -0.0017537 -0.00167531 -0.00171834 -0.00162193 -0.00169082 -0.0017806 -0.0017108 -0.0016703 -0.00160601 -0.00173399 -0.00173272 -0.00172893 -0.0017373 -0.00175658 -0.00172521 -0.0018088 -0.00181796 -0.00173601 -0.00169801 -0.00150513 -0.00169822 -0.00163127 -0.0017601 -0.00176728 -0.00178655 -0.0018024 -0.00172935 -0.00181324 -0.00173033 -0.0017207 -0.00180276 -0.00180227 -0.0016526 -0.00167319 -0.00178184 -0.00172756 -0.00175604 -0.00170303 -0.00175945 -0.00172007 -0.0017038 -0.00171774 -0.00173105 -0.00167185 -0.00171459 
-0.00176977 -0.00168383 -0.0016236 -0.00150585 -0.00145023 -0.00137222 0.00212957 0.00234152 0.00237024 0.00243412 0.00264684 0.136531 0.0027282 0.00272508 0.00251478 0.00258388 0.00233691 -0.00158032 -0.00173889 -0.00202378 -0.00199324 -0.00208678 -0.00224771 -0.00206817 -0.00228211 -0.0022524 -0.00208136 -0.00194979 -0.00203579 -0.00199454 -0.0020529 -0.00195589 -0.00200419 -0.00209205 -0.00184562 -0.00186533 -0.00196096 -0.00201611 -0.00191332 -0.00186802 -0.0018874 -0.00177744 -0.00186524 -0.00195286 -0.0018851 -0.00181125 -0.00177426 -0.00183838 -0.00180361 -0.00175239 -0.00182597 -0.00181523 -0.00172098 -0.00180322 -0.00186324 -0.00173145 -0.00178706 -0.00177071 -0.00182124 -0.00167419 -0.00185742 -0.00178942 -0.00173974 -0.00157116 -0.0018538 -0.00174221 -0.00169006 -0.0017727 -0.00170634 -0.00183178 -0.00177279 -0.00171411 -0.00177915 -0.00183432 -0.00168109 -0.00165727 -0.00156243 -0.0017974 -0.00171397 -0.00172497 -0.00170307 -0.00175795 -0.00171146 -0.00181777 -0.00177998 -0.00173177 -0.0017546 -0.00174207 -0.00170486 -0.00176819 -0.00175284 -0.00181863 -0.00178139 -0.00173185 -0.00183641 -0.00173859 -0.00174144 -0.00175531 -0.00177627 -0.00166932 
-0.00177539 -0.00165463 -0.00160768 -0.00158742 -0.00145861 -0.0014316 -0.00139088 0.00231485 0.00246743 0.00235154 0.00263988 0.0027282 0.135209 0.0027659 0.002525 0.00255075 0.00251846 -0.00159297 -0.00162418 -0.00174176 -0.00198753 -0.00196627 -0.00213135 -0.00202558 -0.00219036 -0.00210616 -0.00199283 -0.00191279 -0.00196888 -0.00197801 -0.00195849 -0.00196143 -0.0019098 -0.00186187 -0.001797 -0.00172138 -0.0017878 -0.00178784 -0.00184594 -0.00193977 -0.0018101 -0.00179324 -0.00190078 -0.00183406 -0.00181751 -0.00182121 -0.00177185 -0.0016425 -0.00176638 -0.00165418 -0.0017846 -0.00153028 -0.0017179 -0.00169251 -0.00170484 -0.00176595 -0.00173168 -0.00173847 -0.00170392 -0.00172691 -0.00179835 -0.00169884 -0.00161923 -0.00170264 -0.00176828 -0.00171044 -0.00179904 -0.00172166 -0.00171349 -0.00175422 -0.00175221 -0.00170377 -0.00170425 -0.00183087 -0.00161199 -0.00166786 -0.00158792 -0.00175741 -0.00171486 -0.0016694 -0.00172951 -0.00177355 -0.0016786 -0.00173713 -0.00177756 -0.00175408 -0.00168899 -0.00159764 -0.0015706 -0.0017431 -0.00164975 -0.00174808 -0.0018335 -0.00170122 -0.00172431 -0.00177055 -0.00173479 -0.00169667 -0.00161272 -0.00165698 
-0.00182727 -0.00181592 -0.0019033 -0.00180407 -0.00162165 -0.00167023 -0.00162981 -0.00141307 0.00219743 0.0022377 0.00260482 0.00272508 0.0027659 0.140359 0.00277652 0.00281291 0.00278416 0.00253304 0.00250577 -0.00173875 -0.00186819 -0.00191231 -0.00205199 -0.0019883 -0.00234163 -0.00220122 -0.00212372 -0.0020971 -0.00207599 -0.00209622 -0.00210367 -0.00205891 -0.00203849 -0.00211412 -0.00192719 -0.00196779 -0.0020235 -0.0020691 -0.0020188 -0.00198204 -0.00183545 -0.00192041 -0.00199457 -0.00204308 -0.00196305 -0.00193613 -0.00188451 -0.00183784 -0.00176564 -0.00184384 -0.0018328 -0.00190044 -0.00181591 -0.00178635 -0.00189041 -0.00182531 -0.00176774 -0.0018463 -0.00182312 -0.00179747 -0.00181009 -0.00179638 -0.00169254 -0.0017362 -0.00180694 -0.00176759 -0.00180825 -0.00185247 -0.00185428 -0.00175448 -0.00184809 -0.0018955 -0.00193426 -0.00181936 -0.00176719 -0.00185026 -0.00170229 -0.00180168 -0.00183782 -0.00170468 -0.00184478 -0.00182237 -0.00180459 -0.0019125 -0.0017682 -0.00184272 -0.00185822 -0.00169292 -0.00172386 -0.0019237 -0.00189366 -0.00184066 -0.0018773 -0.0017889 -0.00183696 -0.00183339 -0.00181943 -0.00175926 -0.00184826 -0.00177572 
-0.00181185 -0.00173661 -0.00180917 -0.0017169 -0.00180778 -0.00183574 -0.00170923 -0.00159952 -0.00150916 -0.00153202 0.00239629 0.00251478 0.002525 0.00277652 0.139728 0.00302804 0.0029337 0.00276642 0.00267476 0.00256546 -0.00162533 -0.0016248 -0.00174138 -0.00195807 -0.00218309 -0.00225903 -0.00203072 -0.00210229 -0.00207135 -0.00205184 -0.00214078 -0.00197485 -0.00198276 -0.00202945 -0.00189826 -0.00193209 -0.00192451 -0.00196031 -0.00185673 -0.00191212 -0.00178295 -0.00177106 -0.00187012 -0.00197767 -0.00185686 -0.00188986 -0.00185635 -0.0018117 -0.00181448 -0.00180236 -0.00183228 -0.0018213 -0.00181378 -0.00173645 -0.00191354 -0.00188616 -0.00171929 -0.00182005 -0.0018744 -0.00174944 -0.00179408 -0.00177176 -0.00175258 -0.00171368 -0.00174605 -0.00173726 -0.00187991 -0.0018673 -0.00180196 -0.00179717 -0.00179075 -0.00173202 -0.00182241 -0.00180982 -0.00166452 -0.00172423 -0.00171824 -0.00183161 -0.0017352 -0.00178229 -0.0017456 -0.00175401 -0.00184441 -0.00173137 -0.00175276 -0.00181537 -0.00176748 -0.00171724 -0.00169032 -0.00179741 -0.00177101 -0.00181321 -0.00183418 -0.00176635 -0.00173124 -0.00177252 -0.00178743 -0.00175325 -0.00187163 -0.00179147 
-0.00192322 -0.00188833 -0.00188336 -0.00189814 -0.00183353 -0.00176387 -0.00182352 -0.0015664 -0.00158306 -0.00146445 0.00239724 0.00258388 0.00255075 0.00281291 0.00302804 0.14141 0.00305274 0.00277088 0.00284716 0.00263293 -0.00168337 -0.00159788 -0.00183021 -0.00202662 -0.00213853 -0.00210599 -0.00213732 -0.00209691 -0.00219465 -0.00197605 -0.00215759 -0.00206179 -0.00204778 -0.00203545 -0.00185092 -0.0018769 -0.0020008 -0.00191358 -0.00193355 -0.00196576 -0.00183059 -0.00180857 -0.00206156 -0.00198601 -0.00186017 -0.00195919 -0.001773 -0.00178995 -0.00181899 -0.00180254 -0.00182024 -0.00185076 -0.00182434 -0.00180353 -0.00188124 -0.00190048 -0.00172902 -0.00176907 -0.00180944 -0.00182031 -0.00175035 -0.00181797 -0.00168167 -0.0017154 -0.00176295 -0.00180825 -0.00187561 -0.00184046 -0.00181347 -0.00175356 -0.00178766 -0.00185092 -0.00180645 -0.00176368 -0.00165424 -0.00177064 -0.00171389 -0.00192677 -0.00184798 -0.00175499 -0.00184967 -0.00180436 -0.00180118 -0.00174997 -0.00191555 -0.00186647 -0.00175357 -0.00178706 -0.00180802 -0.00180255 -0.00176624 -0.00180879 -0.00178049 -0.00185206 -0.00185886 -0.00181625 -0.00186575 -0.00178816 -0.00178517 -0.00177079 
-0.00190031 -0.00200661 -0.00193529 -0.00201772 -0.00197602 -0.00211501 -0.00199794 -0.00187002 -0.00178003 -0.0016673 -0.00153056 0.00233691 0.00251846 0.00278416 0.0029337 0.00305274 0.14609 0.00308066 0.00310218 0.00291273 0.00263523 0.00267053 -0.00153646 -0.00177788 -0.00193648 -0.00202933 -0.00218933 -0.00230711 -0.00211552 -0.00220563 -0.00234414 -0.00228173 -0.0022093 -0.00212623 -0.00205071 -0.00211897 -0.00211928 -0.00209015 -0.00206847 -0.00198216 -0.00199953 -0.00194351 -0.00212781 -0.00210148 -0.00208173 -0.00201846 -0.00194769 -0.00201501 -0.00198913 -0.00189222 -0.00201375 -0.00194247 -0.00195324 -0.00195731 -0.00197684 -0.00191459 -0.00194014 -0.00197548 -0.00194766 -0.0019195 -0.00196242 -0.00196534 -0.00180511 -0.00176573 -0.00185123 -0.00187439 -0.00188157 -0.00187358 -0.0020492 -0.00187105 -0.00200012 -0.00197654 -0.00193198 -0.00195098 -0.00188607 -0.00185276 -0.00180255 -0.00188243 -0.00193101 -0.00202892 -0.00197283 -0.00195683 -0.00191657 -0.00184307 -0.00183349 -0.00200212 -0.00194113 -0.00180028 -0.00177463 -0.00189178 -0.00190496 -0.00186557 -0.00188885 -0.0018859 -0.00195496 -0.0019196 -0.00196961 -0.00196755 -0.00183714 -0.00190459 
-0.00191331 -0.00191216 -0.00185366 -0.00194088 -0.0019712 -0.00200868 -0.00205801 -0.001985 -0.00190981 -0.00180257 -0.00168999 -0.00158032 -0.00159297 0.00253304 0.00276642 0.00277088 0.00308066 0.144402 0.00323975 0.00312878 0.00290726 0.00284277 0.00263345 -0.00160893 -0.00171242 -0.0017961 -0.00198663 -0.00202308 -0.0022175 -0.00217899 -0.00217157 -0.00207241 -0.00207657 -0.00209743 -0.00196752 -0.00206021 -0.00206524 -0.00194269 -0.00202624 -0.0019185 -0.00202525 -0.00191936 -0.00203523 -0.00197006 -0.00201935 -0.00204132 -0.00190221 -0.00189463 -0.00193761 -0.00192042 -0.00202079 -0.00190062 -0.0018659 -0.00193897 -0.00197 -0.00176946 -0.00181971 -0.00188591 -0.00189807 -0.00186479 -0.00179252 -0.00196153 -0.00173789 -0.00183346 -0.00187426 -0.00186625 -0.00183765 -0.00180805 -0.0018569 -0.00187349 -0.00187407 -0.00183042 -0.001824 -0.00182063 -0.00178729 -0.00178967 -0.00169828 -0.00186175 -0.00182019 -0.00193909 -0.00187134 -0.00193419 -0.00187038 -0.0019869 -0.00188539 -0.00180633 -0.0017831 -0.00175216 -0.00180795 -0.00186478 -0.00188312 -0.00183481 -0.00178786 -0.00188158 -0.00185063 -0.0017599 -0.00177649 -0.0018228 -0.00196871 -0.00174913 
-0.00189023 -0.00190991 -0.00188516 -0.00201299 -0.00196748 -0.00192593 -0.00204183 -0.00206077 -0.0019892 -0.00190997 -0.00170175 -0.00173889 -0.00162418 0.00250577 0.00267476 0.00284716 0.00310218 0.00323975 0.145606 0.00314267 0.00280228 0.00285002 0.00259135 -0.00165867 -0.00162319 -0.00186448 -0.00199741 -0.0021619 -0.00213894 -0.00207504 -0.00219355 -0.00224221 -0.00219374 -0.00210711 -0.00204309 -0.00191365 -0.00214646 -0.00208723 -0.0020385 -0.00198915 -0.00194056 -0.00182155 -0.00204398 -0.00197561 -0.00195175 -0.00200869 -0.00194795 -0.00193469 -0.00188145 -0.0018551 -0.0018714 -0.00190444 -0.00176154 -0.00184711 -0.00190806 -0.00193427 -0.00183078 -0.00177785 -0.00180617 -0.00179251 -0.00188757 -0.00193008 -0.001821 -0.00187188 -0.00197053 -0.00187433 -0.00187001 -0.00187517 -0.00185286 -0.00186742 -0.00191052 -0.00189505 -0.001949 -0.00182523 -0.00182478 -0.00184777 -0.001764 -0.00190513 -0.00178542 -0.00184875 -0.00182677 -0.00186765 -0.00192421 -0.00185643 -0.00182629 -0.00195019 -0.00181481 -0.00176495 -0.00176887 -0.00188214 -0.00186565 -0.00189375 -0.00181079 -0.00181157 -0.00186073 -0.00197399 -0.00185996 -0.00179913 -0.00180307 -0.00189675 
-0.0020226 -0.00198448 -0.00203795 -0.00198888 -0.00205736 -0.00216202 -0.00217172 -0.00217053 -0.00219144 -0.00222294 -0.00208277 -0.00202378 -0.00174176 -0.00173875 0.00256546 0.00263293 0.00291273 0.00312878 0.00314267 0.149377 0.00312026 0.00315034 0.00294868 0.00266154 0.00254454 -0.00163816 -0.00192023 -0.00201878 -0.00211144 -0.0021032 -0.00224697 -0.00228349 -0.00222043 -0.00216402 -0.00214378 -0.00203434 -0.0020971 -0.00217249 -0.00217554 -0.00213148 -0.00195953 -0.00200488 -0.00209568 -0.00213933 -0.00207755 -0.00215959 -0.00203734 -0.00202217 -0.00192175 -0.00203129 -0.00200864 -0.00193822 -0.00197021 -0.00193606 -0.00195586 -0.00199686 -0.00200432 -0.00192778 -0.00192711 -0.00192997 -0.00205143 -0.00192397 -0.00190426 -0.00186138 -0.0018856 -0.00192667 -0.00197537 -0.00193125 -0.00195706 -0.00197695 -0.00201139 -0.00197599 -0.00199561 -0.00203049 -0.00189755 -0.00197704 -0.00184894 -0.00200593 -0.0019875 -0.00193872 -0.00194224 -0.00194959 -0.0019069 -0.00206387 -0.00204756 -0.00204476 -0.0019428 -0.00178296 -0.00185659 -0.00197156 -0.00193109 -0.00197797 -0.00189242 -0.0019934 -0.00183879 -0.00196861 -0.00196819 -0.00201042 -0.00198681 -0.00194306 
-0.00189853 -0.00189984 -0.00193145 -0.00193395 -0.00186914 -0.00208005 -0.00205093 -0.00205653 -0.00205667 -0.0020612 -0.00220274 -0.00199324 -0.00198753 -0.00186819 -0.00162533 -0.00168337 0.00263523 0.00290726 0.00280228 0.00312026 0.146516 0.00319047 0.0031992 0.00280164 0.00286562 0.00262211 -0.00161653 -0.00175074 -0.00181854 -0.00183912 -0.002103 -0.00213678 -0.00210289 -0.00212619 -0.00193802 -0.00200231 -0.0020101 -0.00203683 -0.00209791 -0.00200054 -0.00188013 -0.00191226 -0.0019716 -0.00199017 -0.00203376 -0.00201982 -0.00197106 -0.00191197 -0.00193892 -0.00181286 -0.00192358 -0.00186803 -0.00191862 -0.00187738 -0.00197212 -0.0017955 -0.00181639 -0.00183976 -0.00183722 -0.00181739 -0.00189603 -0.00184846 -0.00173064 -0.00174669 -0.00190852 -0.00198191 -0.00186536 -0.00185814 -0.00197731 -0.00196071 -0.00192711 -0.00198933 -0.00181199 -0.00192665 -0.00185261 -0.00181329 -0.00180678 -0.00193379 -0.00192409 -0.00194652 -0.00192461 -0.00192139 -0.00202246 -0.00187866 -0.0019379 -0.00196449 -0.00201538 -0.00188955 -0.00182857 -0.00180151 -0.00195433 -0.00189984 -0.00185839 -0.00188593 -0.00193019 -0.00190155 -0.00188009 -0.00187097 -0.00190043 -0.00180087 
-0.00188951 -0.00185707 -0.00195687 -0.00197755 -0.00199574 -0.00209316 -0.00203384 -0.00213439 -0.00209363 -0.00190508 -0.00223723 -0.00208678 -0.00196627 -0.00191231 -0.0016248 -0.00159788 0.00267053 0.00284277 0.00285002 0.00315034 0.00319047 0.146341 0.00318522 0.00276907 0.00282032 0.00262158 -0.00173752 -0.00183462 -0.00174297 -0.00182006 -0.00202771 -0.00215794 -0.00209465 -0.00207837 -0.00199844 -0.00202227 -0.00202121 -0.00202022 -0.00215634 -0.00202623 -0.00194256 -0.00191523 -0.00205386 -0.00200046 -0.00202978 -0.00196939 -0.00191917 -0.00189937 -0.00189265 -0.00192596 -0.00184417 -0.0019661 -0.00188389 -0.00181502 -0.00186781 -0.00182913 -0.00183778 -0.00187651 -0.00186502 -0.00191094 -0.00182998 -0.00189874 -0.0017918 -0.00195062 -0.0018942 -0.00191121 -0.00191141 -0.00193751 -0.00187444 -0.00204492 -0.0018565 -0.00197762 -0.00180994 -0.0019194 -0.00178479 -0.00179315 -0.00180402 -0.00194131 -0.00190152 -0.00193627 -0.00194945 -0.00190076 -0.00187028 -0.00192475 -0.00190331 -0.00196211 -0.00185312 -0.00184507 -0.00180316 -0.00188801 -0.00186674 -0.00180525 -0.0019144 -0.00184113 -0.00181219 -0.00188321 -0.00190822 -0.00185465 -0.00182055 -0.00172023 
-0.00175744 -0.00179891 -0.00186785 -0.00181721 -0.00193739 -0.00206014 -0.00210597 -0.00206655 -0.00220978 -0.0020913 -0.00220399 -0.00224771 -0.00213135 -0.00205199 -0.00174138 -0.00183021 -0.00153646 0.00263345 0.00259135 0.00294868 0.0031992 0.00318522 0.145388 0.00292058 0.00296086 0.0027888 0.00239134 -0.00165804 -0.00176485 -0.00177934 -0.00191912 -0.00203144 -0.00208784 -0.00199314 -0.00196748 -0.0018453 -0.00204748 -0.00205317 -0.00196494 -0.00201442 -0.00186016 -0.00191772 -0.00195768 -0.00199599 -0.00206267 -0.00193268 -0.00191013 -0.00194166 -0.00192452 -0.00173796 -0.00184674 -0.00178982 -0.00185906 -0.00195423 -0.00184091 -0.00186311 -0.00184159 -0.00194526 -0.00184046 -0.00187801 -0.0017987 -0.00185191 -0.00176621 -0.00176395 -0.00186908 -0.00191541 -0.00181024 -0.00183248 -0.00185901 -0.00197086 -0.00182065 -0.00189604 -0.00191915 -0.00189456 -0.00184403 -0.00179034 -0.00176989 -0.00193771 -0.00189761 -0.00188306 -0.00185613 -0.00188695 -0.00187742 -0.00187944 -0.00187581 -0.00186291 -0.00184141 -0.00184343 -0.00180292 -0.00189187 -0.00187921 -0.00185439 -0.00193494 -0.00204917 -0.00190314 -0.00191152 -0.00187066 -0.00180211 -0.00183154 -0.00177879 
-0.00182962 -0.00177506 -0.00189812 -0.00176488 -0.00170422 -0.00196197 -0.00186049 -0.00203356 -0.00202817 -0.00188565 -0.00207276 -0.00206817 -0.00202558 -0.0019883 -0.00195807 -0.00202662 -0.00177788 -0.00160893 -0.00165867 0.00266154 0.00280164 0.00276907 0.00292058 0.141303 0.00294758 0.0028129 0.00255676 0.00241288 -0.00139647 -0.00148114 -0.00167879 -0.00180141 -0.00193341 -0.00192807 -0.00191302 -0.00187253 -0.00190651 -0.00197437 -0.00191158 -0.00191616 -0.00182081 -0.00176958 -0.00189195 -0.00179711 -0.0019163 -0.00183893 -0.00168549 -0.00177563 -0.00185074 -0.00177254 -0.0018323 -0.00161751 -0.00176397 -0.00169375 -0.00171965 -0.00182526 -0.00184845 -0.00182052 -0.00174334 -0.00174503 -0.00174136 -0.00183822 -0.00169313 -0.00160444 -0.00174678 -0.00173543 -0.001717 -0.00178898 -0.00172128 -0.00185203 -0.00176302 -0.0018385 -0.0016939 -0.00177418 -0.00166505 -0.00165581 -0.0017083 -0.00169159 -0.00175713 -0.00174645 -0.00179841 -0.00171511 -0.00171434 -0.00179256 -0.00177288 -0.0016945 -0.00180495 -0.00164713 -0.00177012 -0.00171845 -0.00175651 -0.00182772 -0.00177129 -0.00172734 -0.00174686 -0.00185962 -0.00173874 -0.00177261 -0.00176143 -0.00169362 
-0.0019814 -0.00197741 -0.00198106 -0.00197479 -0.00204803 -0.00202996 -0.00203889 -0.00219823 -0.00225159 -0.00205382 -0.00219619 -0.00228211 -0.00219036 -0.00234163 -0.00218309 -0.00213853 -0.00193648 -0.00171242 -0.00162319 0.00254454 0.00286562 0.00282032 0.00296086 0.00294758 0.146153 0.00315776 0.00277936 0.00251263 0.00251373 0.00245172 -0.00147635 -0.00171776 -0.0017538 -0.00182686 -0.00190133 -0.00189471 -0.00205242 -0.00214003 -0.00209996 -0.00216975 -0.00202776 -0.00193159 -0.0020981 -0.00202777 -0.0020008 -0.00195386 -0.00193676 -0.00193646 -0.00191381 -0.00202191 -0.00197278 -0.00191936 -0.00194381 -0.00191205 -0.00197374 -0.00196836 -0.00190233 -0.00184602 -0.00191242 -0.00193956 -0.00196908 -0.00197008 -0.00183523 -0.00182861 -0.00189596 -0.00185628 -0.00191716 -0.00191784 -0.0018733 -0.00192824 -0.00201015 -0.00195709 -0.00188885 -0.00194334 -0.00185207 -0.00182655 -0.00180434 -0.00189956 -0.00191653 -0.00191466 -0.00187645 -0.00192982 -0.00195337 -0.00181678 -0.00198145 -0.00195098 -0.00197052 -0.00190871 -0.00182428 -0.00186302 -0.00201777 -0.0018498 -0.00197246 -0.00200226 -0.00189307 -0.0019344 -0.00192747 -0.00194608 -0.00193929 -0.00183318 
-0.00186896 -0.00189774 -0.0018525 -0.00186396 -0.00193008 -0.00213461 -0.00216727 -0.00222367 -0.00222347 -0.00195577 -0.00221585 -0.0022524 -0.00210616 -0.00220122 -0.00225903 -0.00210599 -0.00202933 -0.0017961 -0.00186448 -0.00163816 0.00262211 0.00262158 0.0027888 0.0028129 0.00315776 0.144379 0.00279903 0.00276951 0.0025364 0.00243387 0.00235843 -0.00152207 -0.00168719 -0.00172927 -0.00188256 -0.00183974 -0.00193626 -0.00199711 -0.00206848 -0.00204846 -0.00197222 -0.00183982 -0.00198333 -0.00201619 -0.00200584 -0.00195776 -0.00192247 -0.00190284 -0.00190548 -0.00197059 -0.00187574 -0.0018446 -0.00195696 -0.00192697 -0.00191555 -0.00199127 -0.00189355 -0.00196077 -0.00181912 -0.00187061 -0.00183049 -0.00194484 -0.00176713 -0.00179786 -0.00192877 -0.00191476 -0.001891 -0.00200344 -0.00188257 -0.00195217 -0.00194209 -0.00197685 -0.00185545 -0.00183441 -0.00181638 -0.00191 -0.00187744 -0.00194358 -0.00190131 -0.00183996 -0.00186266 -0.00187941 -0.00185937 -0.00192513 -0.00196782 -0.00197959 -0.00192497 -0.00181701 -0.00185983 -0.00181749 -0.00185289 -0.00183529 -0.0018843 -0.00199274 -0.00191817 -0.00195773 -0.00179927 -0.00187527 -0.00187332 -0.0017571 
-0.00168656 -0.00180471 -0.001764 -0.00185029 -0.00185395 -0.00191706 -0.0020076 -0.00196482 -0.00196475 -0.00194977 -0.00204455 -0.00208136 -0.00199283 -0.00212372 -0.00203072 -0.00213732 -0.00218933 -0.00198663 -0.00199741 -0.00192023 -0.00161653 -0.00173752 0.00239134 0.00255676 0.00277936 0.00279903 0.139063 0.00285715 0.00264825 0.00270113 0.0024749 0.00231281 -0.00148806 -0.00153223 -0.00161625 -0.00164986 -0.00174964 -0.00183136 -0.00195812 -0.00188225 -0.00179494 -0.00184931 -0.0018692 -0.00190996 -0.00180555 -0.0018249 -0.00183163 -0.00176178 -0.00180437 -0.00182661 -0.00183381 -0.00175633 -0.0018143 -0.0017751 -0.00172876 -0.00172245 -0.00176178 -0.00176947 -0.00180239 -0.00176935 -0.00169662 -0.00176405 -0.00177138 -0.00167843 -0.00180052 -0.00176114 -0.00171994 -0.00181072 -0.00174189 -0.00179619 -0.00176987 -0.00177114 -0.00173573 -0.00168138 -0.00173577 -0.00165119 -0.00172511 -0.00172542 -0.00171402 -0.00170583 -0.00173694 -0.0017427 -0.00178983 -0.00183356 -0.00177081 -0.00167519 -0.00172799 -0.00177351 -0.00166237 -0.00178872 -0.00180682 -0.00174139 -0.00189165 -0.00179211 -0.00183726 -0.00178954 -0.00184405 -0.00178902 -0.00177256 -0.00171998 
-0.0017304 -0.00176733 -0.00178867 -0.00177723 -0.00181399 -0.00202664 -0.00185764 -0.00194728 -0.00184945 -0.00192741 -0.00199419 -0.00194979 -0.00191279 -0.0020971 -0.00210229 -0.00209691 -0.00230711 -0.00202308 -0.0021619 -0.00201878 -0.00175074 -0.00183462 -0.00165804 0.00241288 0.00251263 0.00276951 0.00285715 0.136901 0.00275907 0.00264042 0.00248774 0.00240489 0.00221066 -0.00131876 -0.00144029 -0.00148795 -0.00164513 -0.00174526 -0.00182712 -0.00178501 -0.00188557 -0.00172254 -0.00184024 -0.00187457 -0.00176442 -0.00170952 -0.00170155 -0.0017974 -0.00173708 -0.00177038 -0.00170952 -0.00175662 -0.00189763 -0.00169576 -0.00177924 -0.0017393 -0.00180126 -0.00174384 -0.00179452 -0.00175157 -0.00164904 -0.00172453 -0.0016003 -0.00161138 -0.0017428 -0.00178593 -0.00176265 -0.00185049 -0.00172465 -0.00187605 -0.00175082 -0.00177307 -0.00170294 -0.00171822 -0.00164183 -0.00167791 -0.00164358 -0.00169702 -0.00172572 -0.00173958 -0.0017006 -0.00164732 -0.00174323 -0.001673 -0.00172011 -0.00175876 -0.00165391 -0.00177499 -0.00168473 -0.00173417 -0.00172543 -0.00165967 -0.00177654 -0.00170828 -0.00174758 -0.00180297 -0.00179401 -0.00170383 -0.00177067 -0.00166203 
-0.00174991 -0.00183411 -0.00182396 -0.00183659 -0.00180214 -0.00184736 -0.00192255 -0.00194821 -0.00192811 -0.00189745 -0.00194393 -0.00203579 -0.00196888 -0.00207599 -0.00207135 -0.00219465 -0.00211552 -0.0022175 -0.00213894 -0.00211144 -0.00181854 -0.00174297 -0.00176485 -0.00139647 0.00251373 0.0025364 0.00264825 0.00275907 0.135223 0.00282292 0.0025821 0.00245662 0.00230681 0.00221252 -0.00127736 -0.00136416 -0.00158272 -0.00157733 -0.00172362 -0.00182868 -0.00169926 -0.00167907 -0.00178937 -0.00175185 -0.00178691 -0.00175977 -0.00173786 -0.00177833 -0.0016265 -0.00171102 -0.00176797 -0.00173465 -0.00165087 -0.00168017 -0.00170087 -0.00166681 -0.00172725 -0.0017677 -0.00179938 -0.00166801 -0.00164367 -0.00179325 -0.00168459 -0.00161886 -0.00179914 -0.0017653 -0.00172853 -0.00179008 -0.00171021 -0.00172351 -0.00161013 -0.00171516 -0.00163734 -0.0016858 -0.00167168 -0.00157389 -0.00159618 -0.00171106 -0.00171443 -0.00168719 -0.00176872 -0.00169029 -0.0016977 -0.00176001 -0.00175807 -0.00170001 -0.00168027 -0.00166468 -0.001694 -0.00171446 -0.00164138 -0.00168564 -0.001593 -0.00182078 -0.0016915 -0.00172617 -0.00177762 -0.00167244 -0.0017485 -0.00169154 
-0.00169892 -0.00173806 -0.00178243 -0.00168691 -0.00174177 -0.00186403 -0.00189658 -0.00194266 -0.0019187 -0.00183465 -0.00197977 -0.00199454 -0.00197801 -0.00209622 -0.00205184 -0.00197605 -0.00220563 -0.00217899 -0.00207504 -0.0021032 -0.00183912 -0.00182006 -0.00177934 -0.00148114 0.00245172 0.00243387 0.00270113 0.00264042 0.00282292 0.134016 0.00258956 0.0023976 0.00228223 0.00232198 -0.00130128 -0.00126427 -0.00146831 -0.00163251 -0.00167891 -0.00178256 -0.00171922 -0.00170448 -0.00183761 -0.00180176 -0.0018648 -0.00185051 -0.00167723 -0.00169565 -0.0016887 -0.00168231 -0.00182569 -0.00173075 -0.00166989 -0.00169455 -0.00174945 -0.00165583 -0.00168779 -0.00169881 -0.00165323 -0.00158334 -0.00159697 -0.00163884 -0.00161217 -0.00164577 -0.00171377 -0.00178258 -0.00172458 -0.00170665 -0.00176457 -0.00168285 -0.00163558 -0.00178476 -0.00168942 -0.00169813 -0.00166831 -0.001614 -0.00174427 -0.00166416 -0.00164788 -0.00165932 -0.00167009 -0.00177986 -0.00171648 -0.00162399 -0.00165209 -0.00170492 -0.00178373 -0.00156815 -0.00163317 -0.00168782 -0.00176096 -0.00171282 -0.00171456 -0.0016932 -0.00176562 -0.00163449 -0.00174729 -0.00168719 -0.00160044 -0.00158318 
-0.00170877 -0.00172841 -0.00184027 -0.00167006 -0.00176403 -0.00190116 -0.00198276 -0.00194812 -0.00188004 -0.00188911 -0.00204935 -0.0020529 -0.00195849 -0.00210367 -0.00214078 -0.00215759 -0.00234414 -0.00217157 -0.00219355 -0.00224697 -0.002103 -0.00202771 -0.00191912 -0.00167879 -0.00147635 0.00235843 0.0024749 0.00248774 0.0025821 0.00258956 0.134693 0.00267975 0.00253268 0.00233883 0.00224669 0.00212129 -0.00130856 -0.00144027 -0.00158971 -0.00158121 -0.00173995 -0.00171172 -0.00178213 -0.00181034 -0.00190757 -0.00185261 -0.00182066 -0.00170935 -0.00173086 -0.00183617 -0.00173405 -0.00176631 -0.00176266 -0.00174066 -0.00176363 -0.00172359 -0.00176879 -0.00176493 -0.00168026 -0.00176238 -0.00173982 -0.00172558 -0.00164783 -0.00168273 -0.00173781 -0.00168633 -0.00171685 -0.00173056 -0.00175045 -0.00172499 -0.00164536 -0.00168932 -0.00169417 -0.001687 -0.00168242 -0.00174954 -0.00165335 -0.00177029 -0.00169997 -0.00175452 -0.00174388 -0.00179624 -0.00174009 -0.00170243 -0.00176916 -0.00172111 -0.00175495 -0.00167921 -0.0016924 -0.00171666 -0.00164606 -0.00167429 -0.00178613 -0.00175719 -0.00175278 -0.00180415 -0.00176312 -0.00173061 -0.00178368 -0.00169643 
-0.0015881 -0.00177648 -0.00177094 -0.00174853 -0.00178737 -0.00182717 -0.00190519 -0.00192385 -0.00187151 -0.00179308 -0.00205924 -0.00195589 -0.00196143 -0.00205891 -0.00197485 -0.00206179 -0.00228173 -0.00207241 -0.00224221 -0.00228349 -0.00213678 -0.00215794 -0.00203144 -0.00180141 -0.00171776 -0.00152207 0.00231281 0.00240489 0.00245662 0.0023976 0.00267975 0.132962 0.0026061 0.00258282 0.00224016 0.00218383 0.00212789 -0.00134577 -0.00139259 -0.00150177 -0.001584 -0.00155884 -0.00186914 -0.00183844 -0.00174493 -0.00174809 -0.00187153 -0.00172608 -0.00181842 -0.00170557 -0.00171482 -0.00163776 -0.00166089 -0.00166852 -0.00169262 -0.00168061 -0.00174485 -0.0017195 -0.00172218 -0.00165111 -0.0015813 -0.00175103 -0.00168757 -0.00171132 -0.00167243 -0.00168721 -0.00185627 -0.00176423 -0.00172618 -0.00169263 -0.00177524 -0.0017365 -0.00168835 -0.0016295 -0.00170038 -0.0015438 -0.00167654 -0.00180093 -0.00163051 -0.00170286 -0.00173837 -0.00170405 -0.00179152 -0.00163963 -0.00168666 -0.00167438 -0.00169565 -0.00155596 -0.00172295 -0.00170706 -0.00172743 -0.00172518 -0.00172309 -0.00167169 -0.00169856 -0.00172585 -0.00181974 -0.00166517 -0.00173362 -0.00162392 
-0.00168381 -0.00163074 -0.00175466 -0.00167994 -0.00172894 -0.00184749 -0.00185245 -0.00180667 -0.00192723 -0.00183557 -0.00197249 -0.00200419 -0.0019098 -0.00203849 -0.00198276 -0.00204778 -0.0022093 -0.00207657 -0.00219374 -0.00222043 -0.00210289 -0.00209465 -0.00208784 -0.00193341 -0.0017538 -0.00168719 -0.00148806 0.00221066 0.00230681 0.00228223 0.00253268 0.0026061 0.131629 0.0024973 0.00236895 0.00235179 0.00213592 0.00205768 -0.00129269 -0.00142424 -0.00147334 -0.00153847 -0.00168316 -0.00175013 -0.00176927 -0.00168404 -0.00167854 -0.0017105 -0.00162281 -0.00181622 -0.00166865 -0.0017079 -0.00172189 -0.00167834 -0.00163633 -0.0016194 -0.00161625 -0.00172139 -0.00177139 -0.00165756 -0.00172566 -0.0016514 -0.00160094 -0.00163064 -0.0017793 -0.00178566 -0.00173525 -0.00161693 -0.00171172 -0.00167749 -0.00168738 -0.00166889 -0.00180769 -0.00172658 -0.00163798 -0.00157024 -0.00167429 -0.00167933 -0.00155932 -0.00167779 -0.0016 -0.00169293 -0.00168246 -0.00171715 -0.00175091 -0.00160929 -0.00165094 -0.00162724 -0.00156697 -0.00172782 -0.00171046 -0.00163138 -0.001716 -0.00168837 -0.00177255 -0.001707 -0.00166139 -0.00167267 -0.0016977 -0.00169803 
