0.123387 0.00229429 0.00212121 0.00207215 0.00198099 0.00205873 -0.00126139 -0.001315 -0.00143437 -0.00139303 -0.00167455 -0.00184375 -0.00167752 -0.00187125 -0.00183215 -0.00180494 -0.00198513 -0.00189183 -0.00187172 -0.00197453 -0.00193393 -0.00199351 -0.00191688 -0.00171766 -0.00192109 -0.00185914 -0.00184047 -0.00177253 -0.00166395 -0.00175337 -0.00174948 -0.0017947 -0.00172456 -0.00167731 -0.00157353 -0.00157626 -0.00163421 -0.00162894 -0.00159932 -0.00159112 -0.00157268 -0.00157152 -0.00161351 -0.00161011 -0.00153846 -0.0016094 -0.00150849 -0.0015842 -0.00148627 -0.00148724 -0.0014739 -0.0015967 -0.00147602 -0.0015435 -0.0015579 -0.00150406 -0.00156885 -0.00141927 -0.00149718 -0.00153692 -0.00147171 -0.00150048 -0.0014832 -0.00149429 -0.00148574 -0.00152226 -0.0014747 -0.00152792 -0.00146673 -0.00154919 -0.00150252 -0.00150155 -0.00152804 -0.00155108 -0.00137166 -0.00136036 -0.0013835 -0.00145164 -0.00147679 -0.00148119 -0.00151992 -0.00142492 -0.00151143 -0.00151336 -0.0014658 -0.00152694 -0.00154502 -0.00139277 -0.00140829 -0.0015128 -0.0015661 -0.00135557 -0.00133884 -0.00127495 -0.00139209 -0.00119328 0.00189448 0.00204598 0.00202194 0.00215912 
0.00229429 0.123642 0.00227562 0.00220797 0.00209923 0.00214505 0.00202456 -0.00127221 -0.00136943 -0.00133725 -0.00157419 -0.00160543 -0.00170164 -0.00183164 -0.00183961 -0.00182965 -0.00195415 -0.00188445 -0.00193254 -0.00200371 -0.00191082 -0.00193749 -0.00194972 -0.00175546 -0.00194929 -0.00185904 -0.00176686 -0.00176415 -0.00172497 -0.00173251 -0.00172158 -0.00163736 -0.00167139 -0.00173937 -0.00168278 -0.00149783 -0.00168949 -0.0016276 -0.00161779 -0.00163057 -0.00161094 -0.00156225 -0.00158159 -0.00160771 -0.0016625 -0.00162892 -0.00153215 -0.00159022 -0.00160084 -0.00157968 -0.00154843 -0.00153523 -0.0014696 -0.00157131 -0.00162427 -0.00157399 -0.0015066 -0.00145054 -0.0014509 -0.00155403 -0.00147842 -0.00140712 -0.00149696 -0.00147646 -0.001487 -0.00157238 -0.00149822 -0.00157333 -0.00145578 -0.00160505 -0.00154306 -0.00154045 -0.00153507 -0.00153935 -0.00140272 -0.00145061 -0.00140113 -0.0015061 -0.00151653 -0.00149122 -0.00155 -0.00144552 -0.00148629 -0.00148857 -0.00154725 -0.0015465 -0.00154573 -0.00143429 -0.00135519 -0.00150417 -0.00150233 -0.00154024 -0.00142638 -0.00132286 -0.00136997 -0.00125925 -0.0011447 0.00185964 0.00198541 0.00215657 
0.00212121 0.00227562 0.123915 0.0022847 0.00216432 0.00230319 0.00211508 0.0021615 -0.00121104 -0.00129095 -0.00144215 -0.00155499 -0.00155635 -0.00191523 -0.00187025 -0.00183811 -0.0019063 -0.0018303 -0.00184821 -0.00196343 -0.00185063 -0.00185097 -0.00192967 -0.0017413 -0.00201295 -0.00199544 -0.00183338 -0.00177845 -0.00178043 -0.00176563 -0.00183609 -0.00172599 -0.00180467 -0.00164843 -0.0017295 -0.00163744 -0.00160895 -0.00174208 -0.00158982 -0.00163587 -0.00148572 -0.00147711 -0.00168727 -0.00163544 -0.00160189 -0.00161996 -0.00153648 -0.00160576 -0.0015204 -0.00147437 -0.00152371 -0.00148332 -0.00151304 -0.00153538 -0.0015468 -0.00152364 -0.00157164 -0.00154697 -0.00155852 -0.0015001 -0.00151457 -0.00150249 -0.00140831 -0.00150146 -0.00150936 -0.00136477 -0.00149279 -0.00151779 -0.00158408 -0.00141489 -0.00153669 -0.00155874 -0.0015607 -0.00142653 -0.00145006 -0.0014068 -0.00151033 -0.00157721 -0.00147988 -0.00159288 -0.00159321 -0.00154049 -0.00155658 -0.00149819 -0.00158805 -0.00146779 -0.00156802 -0.00146184 -0.00146639 -0.00151638 -0.00153756 -0.00152638 -0.00148588 -0.00146313 -0.00145881 -0.00135402 -0.00124052 -0.00115788 0.00184743 0.00187553 
0.00207215 0.00220797 0.0022847 0.124361 0.00218325 0.00237357 0.00228262 0.00224826 0.00211189 -0.00116114 -0.00127667 -0.00147755 -0.00155281 -0.00174848 -0.00184121 -0.00180228 -0.00185184 -0.00180216 -0.0018869 -0.00206009 -0.00195273 -0.0018658 -0.00188624 -0.00178732 -0.00202481 -0.00197916 -0.00179011 -0.00174739 -0.00171468 -0.00174873 -0.00179512 -0.00170816 -0.00171577 -0.00181675 -0.00164409 -0.0016472 -0.00166334 -0.001741 -0.0016714 -0.00163821 -0.00161102 -0.00157494 -0.00166396 -0.00160813 -0.00160705 -0.00165585 -0.00152868 -0.00154107 -0.00151228 -0.00158798 -0.00150851 -0.00161881 -0.00144881 -0.00154294 -0.0014175 -0.00152202 -0.00156415 -0.00148864 -0.0016015 -0.00161414 -0.00159227 -0.00153826 -0.00146918 -0.00159484 -0.00161715 -0.00152401 -0.00155579 -0.00154527 -0.00158407 -0.00149818 -0.00155313 -0.00150568 -0.00148302 -0.00152399 -0.00144268 -0.00142899 -0.00144966 -0.00154979 -0.00151391 -0.00155764 -0.00148906 -0.0015055 -0.00158099 -0.00153475 -0.00149622 -0.00161758 -0.00154285 -0.00145445 -0.00148749 -0.00155667 -0.00153277 -0.0014475 -0.00152907 -0.0015285 -0.00154326 -0.00152368 -0.0014148 -0.00127554 -0.00117247 0.00185248 
0.00198099 0.00209923 0.00216432 0.00218325 0.124873 0.00241946 0.00239751 0.00219184 0.00221154 0.00210207 -0.00122028 -0.0014411 -0.00150304 -0.00171213 -0.00176186 -0.00177516 -0.00198258 -0.00185755 -0.0019913 -0.00199667 -0.00192452 -0.00197283 -0.00194468 -0.00179082 -0.001985 -0.00201353 -0.00177547 -0.00178963 -0.00174226 -0.00177922 -0.00177021 -0.00179114 -0.00175508 -0.00175948 -0.00166699 -0.00159838 -0.00166566 -0.00174904 -0.00160125 -0.00171697 -0.0015825 -0.00160472 -0.00166163 -0.00155423 -0.00163445 -0.00165012 -0.00153602 -0.00160879 -0.00158659 -0.00150223 -0.00156778 -0.0015527 -0.00162248 -0.00153402 -0.00157034 -0.00152566 -0.00166581 -0.00149503 -0.00151384 -0.0014881 -0.00160131 -0.00151792 -0.00144672 -0.00147668 -0.00148133 -0.001513 -0.00156466 -0.00157425 -0.00159942 -0.00143902 -0.00147179 -0.0014732 -0.00155379 -0.00152321 -0.00143601 -0.00145845 -0.00140934 -0.00160534 -0.00158459 -0.00154371 -0.00149649 -0.00156787 -0.00155254 -0.00154442 -0.00150806 -0.00152355 -0.00167758 -0.00148051 -0.0014751 -0.00156701 -0.00154739 -0.00155163 -0.00146149 -0.00150429 -0.00159658 -0.00154734 -0.00152674 -0.00133348 -0.00129531 -0.00110143 
0.00205873 0.00214505 0.00230319 0.00237357 0.00241946 0.128259 0.00235437 0.00229217 0.0022369 0.00220221 0.00214222 -0.00136848 -0.00133839 -0.00167563 -0.00180323 -0.00179812 -0.00204913 -0.00188736 -0.00194599 -0.00220731 -0.00211409 -0.00206952 -0.00197251 -0.0020348 -0.00212338 -0.00193976 -0.00194345 -0.00195132 -0.00185521 -0.00187776 -0.00183317 -0.00186136 -0.00188937 -0.00182729 -0.00172625 -0.00172209 -0.00178568 -0.00173028 -0.00173571 -0.00180018 -0.00169286 -0.00171511 -0.00173285 -0.0017913 -0.00170541 -0.00178671 -0.00159239 -0.00168398 -0.00163586 -0.00161181 -0.00158793 -0.00164131 -0.00161825 -0.001624 -0.00161777 -0.00167182 -0.00161729 -0.00166859 -0.00162446 -0.00164204 -0.00166741 -0.00172662 -0.00154526 -0.00160255 -0.00166942 -0.00163391 -0.00162939 -0.0016344 -0.00157193 -0.00154006 -0.00162564 -0.00166819 -0.00152106 -0.00168819 -0.00155171 -0.00160049 -0.00147007 -0.00175214 -0.00156691 -0.00157872 -0.001665 -0.00156255 -0.00165008 -0.00166128 -0.00159064 -0.0016409 -0.00158228 -0.00158124 -0.00152225 -0.00165079 -0.00163633 -0.00160351 -0.00166172 -0.0016552 -0.00162453 -0.00166437 -0.00152426 -0.00146585 -0.0012592 -0.00121259 
-0.00126139 0.00202456 0.00211508 0.00228262 0.00239751 0.00235437 0.129292 0.00259948 0.00248728 0.00243363 0.00226382 0.00221176 -0.00124123 -0.00160141 -0.00181602 -0.00175955 -0.00200015 -0.00212034 -0.00208229 -0.00218751 -0.0020421 -0.00203391 -0.00201617 -0.00195022 -0.0020596 -0.00196356 -0.00191697 -0.00194991 -0.00184461 -0.00188355 -0.00191235 -0.00192571 -0.00180168 -0.00181842 -0.00173689 -0.00171472 -0.00174733 -0.00179234 -0.00164048 -0.00181777 -0.00171381 -0.00176302 -0.00183774 -0.00179917 -0.00169873 -0.00167452 -0.00174918 -0.00169544 -0.00160683 -0.00166171 -0.00170123 -0.00158054 -0.00166975 -0.00173323 -0.00157683 -0.0016709 -0.00167922 -0.00164706 -0.00163488 -0.00169113 -0.00160043 -0.00165912 -0.0015837 -0.00153528 -0.0016943 -0.0016464 -0.00170659 -0.00162036 -0.00158955 -0.00175863 -0.00170384 -0.00161734 -0.00162325 -0.00164134 -0.00159375 -0.00153678 -0.00158016 -0.00174213 -0.00165227 -0.00168679 -0.00172656 -0.00164996 -0.00162989 -0.00169007 -0.00163824 -0.00167431 -0.00165679 -0.0015418 -0.00157693 -0.00162839 -0.00165595 -0.00165731 -0.00164468 -0.00159305 -0.00164638 -0.00162197 -0.00166802 -0.00154938 -0.00151575 -0.00130138 
-0.001315 -0.00127221 0.0021615 0.00224826 0.00219184 0.00229217 0.00259948 0.130427 0.00245527 0.00252063 0.00244513 0.00239858 0.00225081 -0.0013465 -0.00158789 -0.00163902 -0.00196456 -0.00203116 -0.00210617 -0.00224419 -0.00218418 -0.00210795 -0.00215087 -0.00201009 -0.00213211 -0.00203577 -0.00201668 -0.00192998 -0.0018399 -0.0018378 -0.0019012 -0.00182744 -0.00193834 -0.00193213 -0.00174911 -0.0017552 -0.00168727 -0.00178264 -0.00183233 -0.00183252 -0.00167656 -0.00172529 -0.00185788 -0.00183828 -0.0017389 -0.00180833 -0.00167498 -0.00172148 -0.00157308 -0.00173057 -0.00161274 -0.00172578 -0.00170427 -0.00162226 -0.00173368 -0.00163451 -0.00170956 -0.00171225 -0.00167475 -0.00172217 -0.00173174 -0.00167676 -0.00159892 -0.00157297 -0.00167404 -0.00160503 -0.00159238 -0.00170334 -0.00170919 -0.00172425 -0.00162355 -0.00165069 -0.00165131 -0.00160328 -0.00162723 -0.00165221 -0.00156753 -0.00168246 -0.00167389 -0.00170096 -0.00168199 -0.00165709 -0.00167048 -0.0016907 -0.00170555 -0.00167445 -0.00171051 -0.00159808 -0.0015586 -0.00162784 -0.00172834 -0.00171029 -0.00175173 -0.00162447 -0.00172733 -0.00158448 -0.0016519 -0.00155619 -0.00155382 -0.00131783 
-0.00143437 -0.00136943 -0.00121104 0.00211189 0.00221154 0.0022369 0.00248728 0.00245527 0.131718 0.00260924 0.00251335 0.00237507 0.00231993 0.00227767 -0.00150619 -0.00154088 -0.00161267 -0.00199666 -0.0019489 -0.00219898 -0.00210705 -0.00209822 -0.00214927 -0.00199462 -0.00226168 -0.00216522 -0.0020314 -0.00202729 -0.00179009 -0.00188615 -0.0019967 -0.00187821 -0.00194713 -0.0018278 -0.0017698 -0.00175688 -0.00181493 -0.00183753 -0.00178855 -0.00183766 -0.00177249 -0.0017814 -0.00176875 -0.00184875 -0.00182693 -0.0018726 -0.00164198 -0.001675 -0.00164133 -0.00167491 -0.00166311 -0.00169414 -0.00165163 -0.0017263 -0.0016854 -0.00165478 -0.00178562 -0.00172494 -0.00172503 -0.00166065 -0.00177027 -0.00169352 -0.00165899 -0.00162346 -0.00171106 -0.00171452 -0.00168215 -0.00164752 -0.0017077 -0.00166926 -0.00176551 -0.00166935 -0.00165507 -0.00166513 -0.0015663 -0.00158444 -0.00160406 -0.00165705 -0.00168386 -0.00170166 -0.00173235 -0.00169115 -0.00177454 -0.00170804 -0.00168912 -0.00165411 -0.00174072 -0.00162086 -0.00166142 -0.00165846 -0.00170517 -0.0016668 -0.00174922 -0.00168593 -0.0016531 -0.001719 -0.00171959 -0.00168159 -0.00162606 -0.00148666 
-0.00139303 -0.00133725 -0.00129095 -0.00116114 0.00210207 0.00220221 0.00243363 0.00252063 0.00260924 0.130306 0.00251569 0.00239278 0.00239302 0.00216992 -0.00148702 -0.00151691 -0.00174934 -0.00191251 -0.00190994 -0.0021603 -0.00202808 -0.00197743 -0.00214438 -0.00186682 -0.00210395 -0.00208656 -0.00200911 -0.00188789 -0.00183869 -0.00187151 -0.00189851 -0.00185892 -0.00185302 -0.00176698 -0.00172654 -0.00177166 -0.00175166 -0.00179077 -0.00169129 -0.00175636 -0.00166111 -0.00166397 -0.00166297 -0.00164859 -0.00178089 -0.00165741 -0.00169775 -0.00163557 -0.00164414 -0.00165902 -0.00157699 -0.00166088 -0.00155901 -0.00175592 -0.00169471 -0.00156612 -0.00162556 -0.00163827 -0.00172202 -0.00157156 -0.00164779 -0.00165212 -0.00153106 -0.00159145 -0.0015893 -0.00163908 -0.0016133 -0.00156096 -0.00158534 -0.00162713 -0.00162027 -0.00170384 -0.00165496 -0.00161121 -0.0015401 -0.00155754 -0.00154017 -0.00159573 -0.00167275 -0.0017647 -0.00157559 -0.00165441 -0.00167876 -0.00169951 -0.00161992 -0.00164968 -0.00161409 -0.00159384 -0.00155004 -0.00162908 -0.00166193 -0.0016946 -0.00161322 -0.00164122 -0.00162794 -0.00167326 -0.00171074 -0.00162793 -0.00165174 -0.00149841 
-0.00167455 -0.00157419 -0.00144215 -0.00127667 -0.00122028 0.00214222 0.00226382 0.00244513 0.00251335 0.00251569 0.134561 0.00265214 0.00258505 0.00267743 0.0022647 0.00230737 -0.00160994 -0.00174356 -0.00165894 -0.00194981 -0.00224225 -0.00211877 -0.00213232 -0.002156 -0.0022671 -0.00212269 -0.00207589 -0.0020065 -0.00198032 -0.00203678 -0.00198034 -0.00201493 -0.00194705 -0.00193887 -0.00187911 -0.00178738 -0.00194737 -0.00192243 -0.00188504 -0.00191895 -0.00181483 -0.00179738 -0.00187485 -0.00192909 -0.00189833 -0.00176329 -0.00169563 -0.00170921 -0.00178737 -0.00171606 -0.00173489 -0.00172937 -0.00176033 -0.00175908 -0.0017512 -0.0017426 -0.00176402 -0.0017406 -0.00175607 -0.00174926 -0.00170518 -0.00172847 -0.00172066 -0.00167394 -0.00171406 -0.00167912 -0.00167279 -0.00174822 -0.00179972 -0.00172778 -0.00172276 -0.00183402 -0.0018326 -0.00172164 -0.00163284 -0.00169916 -0.00165245 -0.00178439 -0.00167533 -0.00173209 -0.00173732 -0.00171346 -0.00174134 -0.00180967 -0.00176058 -0.00181121 -0.00173008 -0.00172952 -0.00176461 -0.00175896 -0.00177713 -0.0017314 -0.0017924 -0.00172464 -0.00163073 -0.00165087 -0.00169896 -0.00169502 -0.00172364 -0.00150557 
-0.00184375 -0.00160543 -0.00155499 -0.00147755 -0.0014411 -0.00136848 0.00221176 0.00239858 0.00237507 0.00239278 0.00265214 0.136581 0.00269885 0.00274754 0.00251042 0.00253207 0.00246031 -0.00158708 -0.00164547 -0.00192806 -0.00200171 -0.00200392 -0.00225489 -0.00211926 -0.00227961 -0.00227735 -0.00214742 -0.0021541 -0.00206501 -0.0020259 -0.00212103 -0.00209143 -0.00194254 -0.00195881 -0.00200565 -0.00184502 -0.0018934 -0.00191422 -0.00195945 -0.00188751 -0.00175718 -0.00178672 -0.0018369 -0.00180499 -0.00180596 -0.00191993 -0.00175869 -0.0018337 -0.00174358 -0.00177477 -0.00176476 -0.00187114 -0.00176329 -0.00175506 -0.00174567 -0.00175644 -0.00183331 -0.00174991 -0.00176096 -0.00176327 -0.00171326 -0.00182731 -0.00174335 -0.00167551 -0.00165817 -0.00170308 -0.00177973 -0.00177254 -0.00176346 -0.00178017 -0.00184867 -0.00183438 -0.00186194 -0.00177287 -0.00171197 -0.00172786 -0.0017373 -0.00171711 -0.00166242 -0.00179526 -0.00177318 -0.00178599 -0.0017812 -0.00181855 -0.00172612 -0.0018107 -0.0017984 -0.00175325 -0.00172246 -0.00179508 -0.00175044 -0.00175414 -0.00170521 -0.0017779 -0.00178202 -0.00177055 -0.00178032 -0.00176408 -0.00177047 -0.00166821 
-0.00167752 -0.00170164 -0.00155635 -0.00155281 -0.00150304 -0.00133839 -0.00124123 0.00225081 0.00231993 0.00239302 0.00258505 0.00269885 0.135409 0.00274872 0.00254282 0.00247387 0.00250392 -0.00160196 -0.00159735 -0.00185452 -0.00193956 -0.00196282 -0.00213245 -0.00196378 -0.00206788 -0.00213916 -0.00200412 -0.00202643 -0.00196273 -0.00197237 -0.00201637 -0.00195496 -0.0019602 -0.001938 -0.00176712 -0.00190116 -0.00179643 -0.00196022 -0.00178621 -0.00189944 -0.00175335 -0.0016981 -0.00192765 -0.00185227 -0.0017851 -0.00176478 -0.00176387 -0.00177069 -0.0016959 -0.00181357 -0.00176232 -0.00175761 -0.00176027 -0.00174893 -0.00174291 -0.00175892 -0.00178612 -0.0017287 -0.00170167 -0.00167242 -0.00165813 -0.00167275 -0.00159094 -0.00170078 -0.00169161 -0.00170073 -0.00166641 -0.00167546 -0.00172579 -0.00171048 -0.00172867 -0.00164148 -0.00166085 -0.00166898 -0.00161365 -0.00161646 -0.00165322 -0.00181232 -0.00178281 -0.0017987 -0.00165815 -0.00164731 -0.00174437 -0.00174065 -0.00169332 -0.00183582 -0.00172337 -0.00170536 -0.00158988 -0.00167997 -0.00167918 -0.00175597 -0.00168863 -0.00177507 -0.00168559 -0.00172311 -0.00172969 -0.00169008 -0.00175739 -0.00163164 
-0.00187125 -0.00183164 -0.00191523 -0.00174848 -0.00171213 -0.00167563 -0.00160141 -0.0013465 0.00227767 0.00216992 0.00267743 0.00274754 0.00274872 0.140579 0.00282139 0.00286163 0.00279906 0.00247317 0.00257569 -0.00174718 -0.00188184 -0.00199772 -0.00202892 -0.00219547 -0.00222837 -0.0023128 -0.00216144 -0.00222426 -0.00214267 -0.0021851 -0.00209487 -0.00216962 -0.00207561 -0.00200303 -0.00199625 -0.00190795 -0.00200757 -0.00190252 -0.00198886 -0.00198353 -0.00187466 -0.00187554 -0.00189102 -0.00193839 -0.00192772 -0.00201628 -0.0018452 -0.00180105 -0.00185189 -0.00183447 -0.00179701 -0.00179082 -0.00189619 -0.00182068 -0.00190144 -0.00183196 -0.00182212 -0.00187757 -0.00186117 -0.00177517 -0.0018654 -0.00186783 -0.00181689 -0.00174234 -0.001883 -0.00170486 -0.00180906 -0.00182961 -0.00185254 -0.0017142 -0.0019724 -0.00191467 -0.00186475 -0.00188306 -0.00168781 -0.00188058 -0.00170249 -0.00183823 -0.00176184 -0.00184493 -0.00176 -0.001872 -0.00184326 -0.00180686 -0.00175347 -0.00182165 -0.00188298 -0.00175123 -0.00173689 -0.00173509 -0.0018467 -0.00176312 -0.00181052 -0.0018239 -0.00182047 -0.00189202 -0.00179159 -0.00184217 -0.00174338 -0.00182901 
-0.00183215 -0.00183961 -0.00187025 -0.00184121 -0.00176186 -0.00180323 -0.00181602 -0.00158789 -0.00150619 -0.00148702 0.0022647 0.00251042 0.00254282 0.00282139 0.139577 0.00306456 0.00292086 0.00268781 0.0026848 0.00251631 -0.00159582 -0.00170306 -0.00185668 -0.00192109 -0.0022023 -0.00226431 -0.00204589 -0.00208984 -0.0021147 -0.00201435 -0.00204062 -0.00208692 -0.00207236 -0.0019484 -0.00195393 -0.00185409 -0.00190854 -0.00190264 -0.00194824 -0.00197607 -0.00176292 -0.00180425 -0.00194718 -0.00186409 -0.00183017 -0.00198204 -0.0017709 -0.00179206 -0.00180354 -0.00191469 -0.00174297 -0.00175866 -0.00177559 -0.00194038 -0.00180065 -0.00176669 -0.00186456 -0.0018124 -0.00186456 -0.00169634 -0.00177663 -0.00177934 -0.0016281 -0.00172429 -0.00175939 -0.00170794 -0.00182143 -0.00185566 -0.00171434 -0.00176638 -0.0017544 -0.00175194 -0.00167708 -0.00172127 -0.00172917 -0.0016908 -0.00160281 -0.00175071 -0.00176196 -0.00187061 -0.00178903 -0.00176614 -0.00173843 -0.00185225 -0.00174625 -0.00178633 -0.00177979 -0.00169878 -0.00163465 -0.00173201 -0.00175076 -0.00173663 -0.00179394 -0.00188045 -0.00181274 -0.00173319 -0.00173986 -0.00189338 -0.00180871 -0.00173269 
-0.00180494 -0.00182965 -0.00183811 -0.00180228 -0.00177516 -0.00179812 -0.00175955 -0.00163902 -0.00154088 -0.00151691 0.00230737 0.00253207 0.00247387 0.00286163 0.00306456 0.141266 0.00300687 0.00272902 0.00286884 0.00256984 -0.00168177 -0.00157018 -0.0018904 -0.00200904 -0.00216649 -0.00219394 -0.00221551 -0.00218972 -0.0021226 -0.00215115 -0.00222496 -0.00202571 -0.00211955 -0.00201952 -0.00188516 -0.00186621 -0.00190901 -0.00196922 -0.00198949 -0.00188307 -0.00181434 -0.00183644 -0.00196618 -0.00194709 -0.00191376 -0.00187219 -0.0017527 -0.00181935 -0.00187412 -0.00180763 -0.00180344 -0.00185791 -0.00178741 -0.00175227 -0.00181634 -0.00184803 -0.00181618 -0.00186574 -0.00168675 -0.00179369 -0.0017724 -0.00179265 -0.00169233 -0.00162692 -0.0018848 -0.00179956 -0.00180071 -0.00179539 -0.00190061 -0.0017296 -0.00186288 -0.00184214 -0.0018389 -0.00192304 -0.00170072 -0.00182074 -0.00166861 -0.00179614 -0.00178258 -0.0018421 -0.00183845 -0.00175123 -0.00186002 -0.00181795 -0.0017563 -0.00186839 -0.00176753 -0.00171591 -0.00169253 -0.00176665 -0.00179525 -0.00179512 -0.00182968 -0.00181493 -0.00175378 -0.0017549 -0.0017291 -0.00187461 -0.00182594 -0.00178031 
-0.00198513 -0.00195415 -0.0019063 -0.00185184 -0.00198258 -0.00204913 -0.00200015 -0.00196456 -0.00161267 -0.00174934 -0.00160994 0.00246031 0.00250392 0.00279906 0.00292086 0.00300687 0.146196 0.00306987 0.00300852 0.00305197 0.00261685 0.00269355 -0.00158158 -0.00190383 -0.00194383 -0.0021428 -0.00216634 -0.00214171 -0.00221981 -0.00220038 -0.00225317 -0.00226643 -0.00213619 -0.00215159 -0.00201281 -0.00202507 -0.00209417 -0.00203021 -0.00209543 -0.00207768 -0.00187223 -0.00197171 -0.00196296 -0.00200638 -0.0019374 -0.00198067 -0.00200523 -0.00196557 -0.00204272 -0.00193645 -0.00190918 -0.00199967 -0.00195878 -0.001967 -0.00191136 -0.00192907 -0.0019684 -0.00204795 -0.00196655 -0.00192788 -0.0019573 -0.00203016 -0.00176236 -0.00184213 -0.00192385 -0.00188874 -0.00195745 -0.00196048 -0.001943 -0.00203379 -0.00197549 -0.00189115 -0.0019272 -0.00192617 -0.00180077 -0.00193366 -0.00185578 -0.00197577 -0.00183484 -0.0019391 -0.00189215 -0.00197239 -0.00194743 -0.00200775 -0.00203723 -0.0018973 -0.00197313 -0.00192206 -0.00182283 -0.00190507 -0.00198286 -0.00192935 -0.00187937 -0.00194953 -0.00186074 -0.00194893 -0.00195177 -0.00191154 -0.0019255 -0.00187565 
-0.00189183 -0.00188445 -0.0018303 -0.00180216 -0.00185755 -0.00188736 -0.00212034 -0.00203116 -0.00199666 -0.00191251 -0.00174356 -0.00158708 -0.00160196 0.00247317 0.00268781 0.00272902 0.00306987 0.144593 0.00327889 0.0031507 0.00285406 0.00278145 0.00257728 -0.00158457 -0.00165726 -0.00187796 -0.00199383 -0.00218173 -0.00216013 -0.00210425 -0.00214308 -0.00211443 -0.00215682 -0.0020065 -0.0020162 -0.00196874 -0.00202155 -0.00202463 -0.00200754 -0.00204195 -0.00194002 -0.00190914 -0.00198602 -0.00208017 -0.00198487 -0.00194976 -0.00198465 -0.00186405 -0.00191848 -0.00186177 -0.00195779 -0.00192531 -0.00188103 -0.0018177 -0.00188972 -0.00189152 -0.00183555 -0.00189985 -0.00189765 -0.00180773 -0.00196686 -0.00182428 -0.00177976 -0.00171795 -0.0018631 -0.00184007 -0.00192387 -0.00192187 -0.00181792 -0.00188092 -0.00185199 -0.00181855 -0.00188876 -0.00188454 -0.00179628 -0.00171914 -0.00182988 -0.00186289 -0.00180679 -0.00195802 -0.00179699 -0.00192685 -0.00186121 -0.00182123 -0.00184929 -0.00186051 -0.00185855 -0.00171131 -0.00175703 -0.00182826 -0.00181466 -0.001814 -0.00194832 -0.00183941 -0.00175007 -0.00188904 -0.00185272 -0.00186497 -0.00194989 -0.00175618 
-0.00187172 -0.00193254 -0.00184821 -0.0018869 -0.0019913 -0.00194599 -0.00208229 -0.00210617 -0.0019489 -0.00190994 -0.00165894 -0.00164547 -0.00159735 0.00257569 0.0026848 0.00286884 0.00300852 0.00327889 0.145474 0.00309242 0.00296823 0.00275233 0.00254175 -0.00165754 -0.00183095 -0.00185929 -0.00196633 -0.00215459 -0.00217169 -0.0020909 -0.0022063 -0.00221173 -0.00209389 -0.00205223 -0.00199383 -0.00201317 -0.00197902 -0.00197349 -0.0020567 -0.00186714 -0.00193844 -0.00198708 -0.00201233 -0.00197213 -0.0019374 -0.00193869 -0.00191192 -0.00185743 -0.00188454 -0.00185821 -0.00188786 -0.00192748 -0.00198795 -0.00192917 -0.00192451 -0.00186163 -0.00188662 -0.00194219 -0.00191609 -0.00182461 -0.00184246 -0.00188962 -0.00182522 -0.00179994 -0.00186935 -0.00185375 -0.00181969 -0.00188217 -0.00178424 -0.00189894 -0.0018832 -0.00186251 -0.00185687 -0.00190837 -0.0018433 -0.00174856 -0.00188282 -0.00177912 -0.00183298 -0.00180696 -0.00176197 -0.00193312 -0.00185065 -0.00193565 -0.00182445 -0.00185738 -0.00195919 -0.00172394 -0.00184855 -0.00184891 -0.00185823 -0.0018949 -0.00190065 -0.00191563 -0.00183365 -0.0019132 -0.00190544 -0.00195284 -0.00187825 -0.00178799 
-0.00197453 -0.00200371 -0.00196343 -0.00206009 -0.00199667 -0.00220731 -0.00218751 -0.00224419 -0.00219898 -0.0021603 -0.00194981 -0.00192806 -0.00185452 -0.00174718 0.00251631 0.00256984 0.00305197 0.0031507 0.00309242 0.149342 0.0031269 0.00308934 0.00308221 0.00261061 0.00261968 -0.0018493 -0.00182429 -0.00191207 -0.00216923 -0.00205365 -0.00229228 -0.00216623 -0.00226132 -0.00214125 -0.0019312 -0.00208276 -0.00216526 -0.00210269 -0.00206648 -0.00208098 -0.0020448 -0.00199602 -0.00213655 -0.00208033 -0.00209663 -0.00206318 -0.00191257 -0.00194961 -0.00192825 -0.00195537 -0.00197967 -0.00194513 -0.00207415 -0.00206024 -0.00202797 -0.00192091 -0.00197399 -0.00209768 -0.00199325 -0.00199368 -0.00197529 -0.0019935 -0.00187886 -0.0020486 -0.00206481 -0.00192595 -0.00200915 -0.00187506 -0.00193949 -0.00194254 -0.00200795 -0.00201286 -0.00198754 -0.00201652 -0.00183354 -0.00192142 -0.00183217 -0.00191145 -0.00195676 -0.00196248 -0.0019676 -0.00198468 -0.0019249 -0.00198684 -0.00204631 -0.00192486 -0.00196351 -0.00189812 -0.00185868 -0.0020455 -0.001944 -0.00199908 -0.0019547 -0.00198663 -0.00204663 -0.00193297 -0.00201491 -0.00200498 -0.0019846 -0.00188154 
-0.00193393 -0.00191082 -0.00185063 -0.00195273 -0.00192452 -0.00211409 -0.0020421 -0.00218418 -0.00210705 -0.00202808 -0.00224225 -0.00200171 -0.00193956 -0.00188184 -0.00159582 -0.00168177 0.00261685 0.00285406 0.00296823 0.0031269 0.146697 0.00326715 0.00315128 0.00282069 0.0027971 0.00268793 -0.0015824 -0.00172328 -0.00195646 -0.0017131 -0.00195771 -0.00222807 -0.00218896 -0.00207992 -0.00189717 -0.00206236 -0.00196561 -0.00191075 -0.00204605 -0.00207164 -0.00193605 -0.00196706 -0.00201401 -0.00203209 -0.00199961 -0.00200168 -0.00195011 -0.00188602 -0.001898 -0.00197325 -0.00197672 -0.00186119 -0.00208079 -0.0018344 -0.00192121 -0.00183824 -0.00182948 -0.00192137 -0.00197408 -0.00191268 -0.00197936 -0.00190061 -0.00173931 -0.00185093 -0.00191506 -0.00187502 -0.00187393 -0.00187864 -0.00193409 -0.00194596 -0.00188389 -0.00191888 -0.00190473 -0.00191468 -0.00183642 -0.00178697 -0.00183047 -0.00180998 -0.00187805 -0.00194558 -0.00190531 -0.00196168 -0.0018737 -0.00192271 -0.00189292 -0.00195563 -0.00190398 -0.00188499 -0.00181567 -0.00187244 -0.00189676 -0.00193135 -0.00187726 -0.00188983 -0.00193076 -0.00190003 -0.00185601 -0.00189233 -0.00189651 -0.00174258 
-0.00199351 -0.00193749 -0.00185097 -0.0018658 -0.00197283 -0.00206952 -0.00203391 -0.00210795 -0.00209822 -0.00197743 -0.00211877 -0.00200392 -0.00196282 -0.00199772 -0.00170306 -0.00157018 0.00269355 0.00278145 0.00275233 0.00308934 0.00326715 0.146309 0.00308286 0.00296312 0.00283959 0.00265441 -0.00160062 -0.00180803 -0.00180468 -0.00186969 -0.00201409 -0.00215036 -0.00218813 -0.00216466 -0.00197752 -0.00208274 -0.00213953 -0.00201792 -0.0021144 -0.00197558 -0.00187831 -0.00199798 -0.00205261 -0.00204262 -0.0019473 -0.00197028 -0.00195037 -0.00184028 -0.00192712 -0.00184012 -0.00185745 -0.00189471 -0.00200897 -0.00190859 -0.00190326 -0.00196172 -0.00193362 -0.0018846 -0.00188855 -0.00190736 -0.00182947 -0.00193723 -0.00187763 -0.00179243 -0.00188633 -0.00188472 -0.00188354 -0.00182364 -0.0018527 -0.00191042 -0.00186422 -0.00180161 -0.00180905 -0.00181595 -0.00172445 -0.0017417 -0.00184157 -0.00179638 -0.00182304 -0.00194743 -0.0018615 -0.00190058 -0.00198801 -0.00187811 -0.00194787 -0.00196729 -0.00195488 -0.0017673 -0.00175625 -0.00189469 -0.00189087 -0.00186164 -0.00185195 -0.00192162 -0.00191564 -0.00193613 -0.00184018 -0.00194182 -0.00184254 -0.00190291 
-0.00191688 -0.00194972 -0.00192967 -0.00188624 -0.00194468 -0.00197251 -0.00201617 -0.00215087 -0.00214927 -0.00214438 -0.00213232 -0.00225489 -0.00213245 -0.00202892 -0.00185668 -0.0018904 -0.00158158 0.00257728 0.00254175 0.00308221 0.00315128 0.00308286 0.145537 0.00293928 0.00276842 0.00275116 0.00238481 -0.00165327 -0.00171439 -0.00174098 -0.00180224 -0.00195513 -0.00208872 -0.00200877 -0.00184596 -0.00187981 -0.00201997 -0.00194676 -0.00196889 -0.00192682 -0.00184144 -0.00186954 -0.00193202 -0.00200317 -0.0020129 -0.00197878 -0.00187599 -0.00190753 -0.00187531 -0.00195019 -0.00183088 -0.0018725 -0.00178709 -0.00186476 -0.00185236 -0.00191672 -0.00175983 -0.00185375 -0.00184413 -0.00180421 -0.00186685 -0.00192184 -0.00181042 -0.00178427 -0.00186407 -0.00193298 -0.00193565 -0.00186359 -0.0018664 -0.0019451 -0.00200554 -0.001921 -0.00188327 -0.001891 -0.00180602 -0.00169393 -0.00182954 -0.00192931 -0.00186261 -0.00183617 -0.00178719 -0.001869 -0.00191165 -0.00187964 -0.00182345 -0.00177272 -0.00187172 -0.00182904 -0.00179307 -0.00186479 -0.00191681 -0.00186494 -0.00187281 -0.00193119 -0.00198932 -0.00186496 -0.00192502 -0.00180944 -0.00195837 -0.00170888 
-0.00171766 -0.00175546 -0.0017413 -0.00178732 -0.00179082 -0.0020348 -0.00195022 -0.00201009 -0.00199462 -0.00186682 -0.002156 -0.00211926 -0.00196378 -0.00219547 -0.00192109 -0.00200904 -0.00190383 -0.00158457 -0.00165754 0.00261061 0.00282069 0.00296312 0.00293928 0.141263 0.00312806 0.00293795 0.00260825 0.00243515 -0.00138119 -0.00150883 -0.00152216 -0.0018304 -0.00183001 -0.00186716 -0.00174648 -0.00195396 -0.00198581 -0.00191474 -0.00185392 -0.00186874 -0.00186083 -0.00169058 -0.0018263 -0.001841 -0.0019205 -0.00191856 -0.00179645 -0.00172157 -0.00177327 -0.00181306 -0.00177745 -0.00177226 -0.00182346 -0.00170685 -0.00174304 -0.0017151 -0.00173881 -0.00181787 -0.00187594 -0.00171494 -0.00169629 -0.00182113 -0.00170674 -0.00171878 -0.00172644 -0.00178985 -0.00182759 -0.00175127 -0.00180238 -0.00169257 -0.0017529 -0.00188272 -0.00166503 -0.00177311 -0.00161443 -0.00169744 -0.00165948 -0.00177015 -0.00185306 -0.00173306 -0.0017848 -0.00176132 -0.00172888 -0.00179615 -0.00180883 -0.00180573 -0.00178145 -0.00163887 -0.00179514 -0.00183956 -0.00176245 -0.00182591 -0.00178955 -0.00174271 -0.00182557 -0.00183223 -0.00181532 -0.00175418 -0.00169559 -0.00171663 
-0.00192109 -0.00194929 -0.00201295 -0.00202481 -0.001985 -0.00212338 -0.0020596 -0.00213211 -0.00226168 -0.00210395 -0.0022671 -0.00227961 -0.00206788 -0.00222837 -0.0022023 -0.00216649 -0.00194383 -0.00165726 -0.00183095 0.00261968 0.0027971 0.00283959 0.00276842 0.00312806 0.146223 0.00318121 0.00280853 0.00261223 0.00240462 0.00238719 -0.00148034 -0.00159289 -0.00177561 -0.00193468 -0.00200156 -0.0020769 -0.00207555 -0.00206435 -0.00207182 -0.00212185 -0.00194219 -0.00199505 -0.0021395 -0.00202531 -0.00206162 -0.0020313 -0.0018918 -0.00189898 -0.00182663 -0.0020187 -0.00189664 -0.00187212 -0.00190482 -0.00191311 -0.00192989 -0.0019621 -0.0019474 -0.0019039 -0.00202439 -0.00181284 -0.0018482 -0.00191281 -0.00182849 -0.00171516 -0.0019008 -0.00201237 -0.00201604 -0.0019524 -0.00188059 -0.00197676 -0.00195175 -0.0019085 -0.00191222 -0.00185824 -0.00183621 -0.00183333 -0.00185516 -0.00186499 -0.00192965 -0.00189924 -0.00197788 -0.00197413 -0.0019442 -0.00193612 -0.0019302 -0.00195652 -0.00201326 -0.00177809 -0.00175502 -0.00195636 -0.00192113 -0.00188822 -0.00188367 -0.00187205 -0.00200646 -0.00193528 -0.00199984 -0.00198363 -0.00191875 -0.00183479 
-0.00185914 -0.00185904 -0.00199544 -0.00197916 -0.00201353 -0.00193976 -0.00196356 -0.00203577 -0.00216522 -0.00208656 -0.00212269 -0.00227735 -0.00213916 -0.0023128 -0.00226431 -0.00219394 -0.0021428 -0.00187796 -0.00185929 -0.0018493 0.00268793 0.00265441 0.00275116 0.00293795 0.00318121 0.144131 0.00298412 0.00282115 0.00257334 0.00245804 0.00243875 -0.00149875 -0.00157195 -0.00172946 -0.00189467 -0.00195202 -0.0020204 -0.00200643 -0.00202209 -0.00207339 -0.00194227 -0.00202176 -0.0020148 -0.0020614 -0.00207008 -0.00201168 -0.00192041 -0.0018598 -0.00190903 -0.00192964 -0.00182513 -0.00191875 -0.0019758 -0.00194425 -0.00184333 -0.00191953 -0.00187855 -0.00181884 -0.001958 -0.00195539 -0.00179179 -0.00190791 -0.00186726 -0.00182864 -0.0018069 -0.00187629 -0.00196573 -0.00186908 -0.00184462 -0.00195558 -0.00191244 -0.00196418 -0.00195465 -0.00190657 -0.00172593 -0.00186422 -0.00179635 -0.00181318 -0.00185992 -0.00185354 -0.00193008 -0.00193097 -0.00181274 -0.00188662 -0.00185919 -0.00191384 -0.00181314 -0.00182706 -0.00184476 -0.00190641 -0.00191811 -0.001919 -0.00187089 -0.00194395 -0.00188013 -0.00191566 -0.00195065 -0.00190124 -0.00194666 -0.00179871 
-0.00184047 -0.00176686 -0.00183338 -0.00179011 -0.00177547 -0.00194345 -0.00191697 -0.00201668 -0.0020314 -0.00200911 -0.00207589 -0.00214742 -0.00200412 -0.00216144 -0.00204589 -0.00221551 -0.00216634 -0.00199383 -0.00196633 -0.00182429 -0.0015824 -0.00160062 0.00238481 0.00260825 0.00280853 0.00298412 0.139046 0.0028498 0.00263914 0.00268972 0.00246756 0.00232036 -0.00146928 -0.00144261 -0.00156038 -0.0017367 -0.00175026 -0.00196305 -0.00190753 -0.00187147 -0.00185924 -0.00173087 -0.00187216 -0.00197795 -0.00192272 -0.00187345 -0.00187198 -0.00179174 -0.00173407 -0.00184321 -0.00173232 -0.001748 -0.00185528 -0.00176424 -0.0017961 -0.0018026 -0.00180692 -0.00175003 -0.00178703 -0.00184661 -0.00169309 -0.00179967 -0.00160409 -0.00172713 -0.00179736 -0.00177527 -0.00181447 -0.00174426 -0.00179417 -0.00179535 -0.001768 -0.00181397 -0.00172341 -0.00183292 -0.00162678 -0.00162982 -0.00175237 -0.00168298 -0.00176421 -0.00177496 -0.0016744 -0.0016901 -0.00178378 -0.00179039 -0.0018656 -0.00179408 -0.00181839 -0.0016965 -0.00172343 -0.00181582 -0.00178767 -0.00183931 -0.00174301 -0.00178385 -0.00166697 -0.00175297 -0.00173359 -0.00172718 -0.00174637 -0.00167527 
-0.00177253 -0.00176415 -0.00177845 -0.00174739 -0.00178963 -0.00195132 -0.00194991 -0.00192998 -0.00202729 -0.00188789 -0.0020065 -0.0021541 -0.00202643 -0.00222426 -0.00208984 -0.00218972 -0.00214171 -0.00218173 -0.00215459 -0.00191207 -0.00172328 -0.00180803 -0.00165327 0.00243515 0.00261223 0.00282115 0.0028498 0.137026 0.00281754 0.00279714 0.00261907 0.00242663 0.00221243 -0.00136287 -0.00147532 -0.00143011 -0.00163305 -0.00175819 -0.00184489 -0.00188454 -0.00181188 -0.00168772 -0.0018358 -0.00183424 -0.00180793 -0.00185424 -0.00179396 -0.00183502 -0.0017532 -0.00169515 -0.00169433 -0.00183458 -0.00184876 -0.0017775 -0.00173128 -0.00173205 -0.00165839 -0.00172433 -0.00170102 -0.00175751 -0.00172097 -0.00176649 -0.00164172 -0.00171836 -0.00184443 -0.00169442 -0.0017599 -0.00169135 -0.00173476 -0.00170107 -0.0017368 -0.0017861 -0.00166922 -0.00168812 -0.00165379 -0.0017012 -0.00170844 -0.00175398 -0.00177745 -0.00175489 -0.00166438 -0.00174147 -0.00170631 -0.00171762 -0.00172695 -0.00175877 -0.00169284 -0.00168351 -0.00166374 -0.00186472 -0.00172902 -0.00180004 -0.00180262 -0.00159556 -0.00178528 -0.00173181 -0.00178669 -0.00174053 -0.00168725 -0.00161216 
-0.00166395 -0.00172497 -0.00178043 -0.00171468 -0.00174226 -0.00185521 -0.00184461 -0.0018399 -0.00179009 -0.00183869 -0.00198032 -0.00206501 -0.00196273 -0.00214267 -0.0021147 -0.0021226 -0.00221981 -0.00216013 -0.00217169 -0.00216923 -0.00195646 -0.00180468 -0.00171439 -0.00138119 0.00240462 0.00257334 0.00263914 0.00281754 0.135186 0.00277506 0.00262499 0.00244024 0.00235854 0.00216138 -0.00134057 -0.00134674 -0.00151742 -0.00157395 -0.00169271 -0.00184063 -0.00173483 -0.00179832 -0.00189159 -0.00193643 -0.00192679 -0.00185374 -0.00176567 -0.00173315 -0.00166965 -0.00172651 -0.00181315 -0.00177072 -0.00170231 -0.00164328 -0.00171761 -0.0017276 -0.00170885 -0.00168461 -0.00168508 -0.00173412 -0.00168374 -0.00164788 -0.00162713 -0.00167938 -0.00170981 -0.00168979 -0.00172288 -0.00173432 -0.0016702 -0.00174348 -0.00173291 -0.00171865 -0.00164229 -0.00172116 -0.00173263 -0.00160328 -0.00160694 -0.00171293 -0.0016833 -0.00173157 -0.00168031 -0.00167301 -0.00168365 -0.00172772 -0.0017307 -0.00173779 -0.00167879 -0.00161614 -0.00167131 -0.0017148 -0.00167548 -0.00168686 -0.00165543 -0.00171003 -0.00177247 -0.00168809 -0.00169347 -0.00170354 -0.00172816 -0.00166215 
-0.00175337 -0.00173251 -0.00176563 -0.00174873 -0.00177922 -0.00187776 -0.00188355 -0.0018378 -0.00188615 -0.00187151 -0.00203678 -0.0020259 -0.00197237 -0.0021851 -0.00201435 -0.00215115 -0.00220038 -0.00210425 -0.0020909 -0.00205365 -0.0017131 -0.00186969 -0.00174098 -0.00150883 0.00238719 0.00245804 0.00268972 0.00279714 0.00277506 0.133998 0.00256741 0.00242583 0.00231259 0.00220666 -0.00134567 -0.00138847 -0.00150693 -0.0015926 -0.00169515 -0.00175532 -0.00170609 -0.00166905 -0.00174723 -0.00183367 -0.00184006 -0.00173075 -0.00176555 -0.00171218 -0.00167188 -0.00171515 -0.00170285 -0.00166526 -0.00173684 -0.00172811 -0.00183218 -0.00169309 -0.00181223 -0.00169647 -0.00172278 -0.00161453 -0.00173494 -0.00176749 -0.00167787 -0.00155005 -0.00171615 -0.00175681 -0.0016514 -0.00170868 -0.00169093 -0.00164924 -0.00166083 -0.00174419 -0.0015624 -0.00159125 -0.00153176 -0.00163104 -0.00160466 -0.00165184 -0.00168414 -0.00169424 -0.00169139 -0.0016633 -0.00161907 -0.00167008 -0.00176636 -0.00165478 -0.0017104 -0.00154222 -0.00160975 -0.00170015 -0.00179378 -0.00163061 -0.00168364 -0.00173261 -0.00177392 -0.00173881 -0.00166716 -0.00167781 -0.00166805 -0.00168017 
-0.00174948 -0.00172158 -0.00183609 -0.00179512 -0.00177021 -0.00183317 -0.00191235 -0.0019012 -0.0019967 -0.00189851 -0.00198034 -0.00212103 -0.00201637 -0.00209487 -0.00204062 -0.00222496 -0.00225317 -0.00214308 -0.0022063 -0.00229228 -0.00195771 -0.00201409 -0.00180224 -0.00152216 -0.00148034 0.00243875 0.00246756 0.00261907 0.00262499 0.00256741 0.134513 0.002542 0.00248097 0.00235331 0.00212356 0.002191 -0.00132334 -0.0015106 -0.00153565 -0.00169176 -0.00173417 -0.00189899 -0.00185111 -0.00181819 -0.0018476 -0.00182281 -0.00186052 -0.00169607 -0.0017913 -0.0018088 -0.00181567 -0.00177347 -0.0017534 -0.00175431 -0.00174589 -0.0017696 -0.00170458 -0.00176665 -0.00173107 -0.00175331 -0.00177186 -0.00177812 -0.00166274 -0.00158285 -0.00170355 -0.0017129 -0.00171496 -0.00173282 -0.00177333 -0.00175251 -0.00177331 -0.00170789 -0.0016012 -0.00174457 -0.00168883 -0.00160905 -0.00173726 -0.00175369 -0.00172363 -0.00169121 -0.0016323 -0.0017807 -0.00166409 -0.00170976 -0.00182924 -0.00175391 -0.00173484 -0.00171519 -0.00165988 -0.00176361 -0.00166552 -0.00167315 -0.00169502 -0.00167221 -0.00178028 -0.00173965 -0.00178137 -0.00163088 -0.00176126 -0.00173919 
-0.0017947 -0.00163736 -0.00172599 -0.00170816 -0.00179114 -0.00186136 -0.00192571 -0.00182744 -0.00187821 -0.00185892 -0.00201493 -0.00209143 -0.00195496 -0.00216962 -0.00208692 -0.00202571 -0.00226643 -0.00211443 -0.00221173 -0.00216623 -0.00222807 -0.00215036 -0.00195513 -0.0018304 -0.00159289 -0.00149875 0.00232036 0.00242663 0.00244024 0.00242583 0.002542 0.132528 0.00259529 0.00238741 0.00220781 0.00225416 0.00202294 -0.00141935 -0.00136949 -0.00141748 -0.00160544 -0.00169083 -0.00171382 -0.00173205 -0.00170999 -0.00175789 -0.00167839 -0.00170457 -0.00164731 -0.00171467 -0.00168614 -0.00171304 -0.00166586 -0.00171473 -0.00183002 -0.00158959 -0.00170022 -0.00170879 -0.00177587 -0.00167373 -0.00169949 -0.00162882 -0.0016146 -0.00163438 -0.00173152 -0.00162315 -0.00181347 -0.00172003 -0.00175989 -0.00174096 -0.00171512 -0.00169816 -0.00166332 -0.00165424 -0.00160241 -0.00151683 -0.00165264 -0.00170195 -0.0016873 -0.00157419 -0.00170395 -0.0017623 -0.00168477 -0.00167131 -0.00162648 -0.00175171 -0.00177799 -0.00164807 -0.00163069 -0.00168657 -0.00162385 -0.0016602 -0.00167257 -0.00183057 -0.00175753 -0.00171932 -0.00175167 -0.0017386 -0.00174183 -0.00169175 
-0.00172456 -0.00167139 -0.00180467 -0.00171577 -0.00175508 -0.00188937 -0.00180168 -0.00193834 -0.00194713 -0.00185302 -0.00194705 -0.00194254 -0.0019602 -0.00207561 -0.00207236 -0.00211955 -0.00213619 -0.00215682 -0.00209389 -0.00226132 -0.00218896 -0.00218813 -0.00208872 -0.00183001 -0.00177561 -0.00157195 -0.00146928 0.00221243 0.00235854 0.00231259 0.00248097 0.00259529 0.131341 0.00259658 0.00226112 0.00229121 0.00216449 0.00216893 -0.00133398 -0.00140663 -0.00156648 -0.00151426 -0.00173025 -0.00179353 -0.0018164 -0.00167548 -0.00159491 -0.00170684 -0.00163751 -0.00169461 -0.00175188 -0.00172832 -0.00166435 -0.00163412 -0.00169149 -0.00171135 -0.00171658 -0.00169466 -0.00168031 -0.00174404 -0.0016723 -0.00165445 -0.00157477 -0.00172206 -0.00160212 -0.00160378 -0.00163068 -0.00163311 -0.00170904 -0.00174582 -0.00171725 -0.00164155 -0.00161634 -0.00163631 -0.00159369 -0.00155083 -0.00157565 -0.00167676 -0.00167277 -0.00160118 -0.00168884 -0.00161611 -0.00162404 -0.0017462 -0.00167243 -0.00155489 -0.00174617 -0.00161009 -0.0015787 -0.00162481 -0.00163261 -0.00170184 -0.00163147 -0.00176056 -0.00173682 -0.00176741 -0.00174983 -0.00171044 -0.00169302 -0.00163948 
