0.123064 0.00225823 0.00216137 0.00208323 0.00206437 0.00199865 -0.00118939 -0.00125092 -0.00145722 -0.00140844 -0.0015598 -0.00175493 -0.00164749 -0.00179466 -0.00165592 -0.00183858 -0.00197048 -0.00183253 -0.00193892 -0.00204127 -0.00185857 -0.00198637 -0.00196679 -0.00187009 -0.00199296 -0.00188631 -0.00184567 -0.00177353 -0.00171617 -0.00171194 -0.00173695 -0.00166692 -0.0016914 -0.00164968 -0.001581 -0.00159177 -0.00172147 -0.00169615 -0.00159312 -0.00158584 -0.00144296 -0.00151975 -0.00160048 -0.00162861 -0.00158416 -0.00157756 -0.00148669 -0.00160185 -0.00156358 -0.00158262 -0.00151818 -0.00160403 -0.0016207 -0.0015038 -0.00148236 -0.00152721 -0.00150556 -0.00147518 -0.00149941 -0.00154612 -0.00155202 -0.0015307 -0.00143487 -0.00147777 -0.00149907 -0.00155624 -0.00147322 -0.00146866 -0.0014873 -0.00144053 -0.00148456 -0.00143843 -0.0015401 -0.00145861 -0.00143755 -0.00144161 -0.00141909 -0.00149973 -0.00149436 -0.0015109 -0.00151221 -0.00144483 -0.00156315 -0.00140548 -0.00150756 -0.00142021 -0.00155153 -0.00139118 -0.00145899 -0.00151975 -0.00144705 -0.0013565 -0.00134079 -0.00125423 -0.00121502 -0.00118772 0.00188228 0.00187877 0.00213649 0.00202854 
0.00225823 0.123496 0.0022859 0.00217846 0.00203857 0.00204674 0.00203861 -0.00123067 -0.00135055 -0.00128667 -0.0016233 -0.00164845 -0.00168706 -0.00185609 -0.00187591 -0.00189581 -0.00199023 -0.00190847 -0.00192944 -0.00207059 -0.00188054 -0.00187039 -0.00191926 -0.00179722 -0.00199918 -0.00185619 -0.00184667 -0.00173279 -0.00173932 -0.00172383 -0.00174031 -0.00172894 -0.00175982 -0.00168588 -0.00163191 -0.00161716 -0.00170965 -0.00171257 -0.00157295 -0.00165942 -0.00155226 -0.00148967 -0.00158817 -0.00163928 -0.00154084 -0.00155011 -0.00145701 -0.00155912 -0.00147285 -0.0015439 -0.00155052 -0.00150685 -0.0015606 -0.00154501 -0.00150939 -0.00157055 -0.00150032 -0.0014837 -0.00151955 -0.00151778 -0.00146241 -0.00149723 -0.00139863 -0.00141501 -0.00161484 -0.001572 -0.00139561 -0.00154515 -0.00145295 -0.00152488 -0.00149157 -0.00159961 -0.00148986 -0.0015019 -0.00148299 -0.00147671 -0.00150621 -0.00149569 -0.00154071 -0.00149372 -0.00142053 -0.00156165 -0.00149071 -0.00152689 -0.00138334 -0.00153105 -0.00144343 -0.00141298 -0.00133081 -0.00148972 -0.00144428 -0.00142601 -0.00141574 -0.00128368 -0.00135439 -0.00118334 -0.00124607 0.00178622 0.00194453 0.00202333 
0.00216137 0.0022859 0.12358 0.00232919 0.00215869 0.00215437 0.00219622 0.00201418 -0.00128358 -0.00134502 -0.00149005 -0.00159126 -0.0016548 -0.00182611 -0.00175646 -0.00186978 -0.00185799 -0.00190575 -0.0018479 -0.00202358 -0.0019388 -0.00196869 -0.0018944 -0.00177598 -0.00200516 -0.00191878 -0.00181253 -0.00168793 -0.00178024 -0.00174614 -0.00174878 -0.00171051 -0.0017463 -0.00166199 -0.00154114 -0.0015878 -0.00160675 -0.00159937 -0.0015799 -0.00160469 -0.00159221 -0.00159645 -0.00164636 -0.00160641 -0.0015676 -0.00156019 -0.00146626 -0.00151921 -0.00153955 -0.00161825 -0.00162861 -0.00146555 -0.00154805 -0.00151084 -0.00145019 -0.00152591 -0.00150519 -0.00150521 -0.00155251 -0.00155581 -0.00154754 -0.00145928 -0.0014786 -0.00144546 -0.00153677 -0.00148066 -0.00147346 -0.00155714 -0.0015665 -0.00157757 -0.00162397 -0.00147778 -0.00146644 -0.00145553 -0.0014383 -0.0014002 -0.00148745 -0.00155945 -0.00153308 -0.00152494 -0.00144092 -0.00157753 -0.00154348 -0.00150284 -0.00148736 -0.00152379 -0.00141154 -0.00143426 -0.00147238 -0.0015722 -0.001538 -0.00144325 -0.00146611 -0.00142329 -0.00145335 -0.00139962 -0.00127891 -0.00122914 0.00188458 0.0018523 
0.00208323 0.00217846 0.00232919 0.12424 0.00242592 0.00230205 0.00227364 0.00223823 0.00211174 -0.00121737 -0.00137541 -0.00155406 -0.00158165 -0.00175517 -0.00186333 -0.00179994 -0.00195679 -0.00189851 -0.00196938 -0.00198969 -0.0020295 -0.00189895 -0.00190014 -0.0017009 -0.00202772 -0.00189849 -0.00176405 -0.00178266 -0.00173241 -0.00171017 -0.00171626 -0.00179104 -0.00171478 -0.00177218 -0.00164963 -0.0016277 -0.00156911 -0.00171222 -0.00159944 -0.00170419 -0.00155193 -0.00158978 -0.00173884 -0.00162322 -0.00160105 -0.00156011 -0.00158157 -0.00160424 -0.00157697 -0.00164076 -0.00158849 -0.00152503 -0.00155518 -0.00156993 -0.00153205 -0.00147181 -0.00150098 -0.00162579 -0.00159222 -0.00157643 -0.00147597 -0.00154272 -0.00150709 -0.00144903 -0.00158252 -0.00160051 -0.00144854 -0.00157891 -0.00151619 -0.00151449 -0.00150104 -0.00160658 -0.00147046 -0.0014919 -0.0014657 -0.00149509 -0.00145519 -0.00151499 -0.00160682 -0.00155216 -0.0015315 -0.00155011 -0.00159082 -0.00159037 -0.0015312 -0.00151454 -0.00147013 -0.00151292 -0.00143055 -0.00147634 -0.00154386 -0.00148929 -0.00148672 -0.00153625 -0.00148629 -0.00139483 -0.00138233 -0.00123234 -0.00117585 0.00198933 
0.00206437 0.00203857 0.00215869 0.00242592 0.125225 0.00242866 0.00238566 0.00227941 0.00216994 0.00211722 -0.00140274 -0.00137624 -0.00143399 -0.00159925 -0.001844 -0.0018476 -0.00195144 -0.00195211 -0.00193583 -0.00213895 -0.00198009 -0.00192498 -0.00199535 -0.00195177 -0.00193807 -0.00190815 -0.00178884 -0.0017876 -0.00173343 -0.00179359 -0.00175272 -0.00182921 -0.00172923 -0.00182523 -0.00169337 -0.00160588 -0.00173032 -0.00169469 -0.00165082 -0.00176257 -0.00158733 -0.00171405 -0.00165067 -0.00158887 -0.00171074 -0.00173976 -0.00150904 -0.00157609 -0.00169746 -0.00152261 -0.00145761 -0.00153176 -0.0016127 -0.00155777 -0.00156847 -0.00150098 -0.00152595 -0.00160303 -0.00154333 -0.00151573 -0.00154262 -0.00156442 -0.00146328 -0.00151747 -0.0016155 -0.00154435 -0.00150869 -0.00150625 -0.00147845 -0.00149618 -0.00149977 -0.0015965 -0.00160033 -0.00149967 -0.00148303 -0.00156022 -0.00142079 -0.00148345 -0.00164043 -0.00158672 -0.00151916 -0.00154359 -0.00145799 -0.00151033 -0.0015722 -0.00150509 -0.00153431 -0.00149472 -0.00151991 -0.00150949 -0.00156492 -0.00150488 -0.00151208 -0.00148841 -0.00153154 -0.00150384 -0.00143055 -0.0014313 -0.00118251 -0.00109656 
0.00199865 0.00204674 0.00215437 0.00230205 0.00242866 0.12823 0.00245334 0.00245175 0.00232033 0.00216928 0.00213535 -0.00140171 -0.00150513 -0.00160445 -0.00176068 -0.0018881 -0.00204757 -0.00191124 -0.00195599 -0.00209187 -0.00206288 -0.00208653 -0.00203523 -0.00190753 -0.00201707 -0.00206524 -0.00192348 -0.00182155 -0.00193386 -0.00181354 -0.00189969 -0.00183246 -0.00178245 -0.0018659 -0.00160843 -0.00163545 -0.00174781 -0.00176825 -0.0018439 -0.001697 -0.00167036 -0.00167736 -0.00171996 -0.00173263 -0.00171223 -0.00180259 -0.00160595 -0.0016214 -0.00165918 -0.0016701 -0.00169089 -0.00158101 -0.00168569 -0.00163848 -0.00150808 -0.00154789 -0.00167737 -0.00158831 -0.00171049 -0.00165823 -0.0016956 -0.00166059 -0.00159698 -0.0016 -0.00160694 -0.00169115 -0.00166081 -0.00162991 -0.00163676 -0.00159654 -0.001638 -0.00154024 -0.00158303 -0.00163403 -0.00161687 -0.00157327 -0.00163696 -0.00162321 -0.00161932 -0.00167772 -0.00163775 -0.00171707 -0.00163907 -0.0017024 -0.00163671 -0.00170966 -0.00161892 -0.00160375 -0.00148893 -0.00162788 -0.00158262 -0.00157106 -0.00167463 -0.00161894 -0.00161551 -0.00158165 -0.00153946 -0.00144268 -0.00129162 -0.00119862 
-0.00118939 0.00203861 0.00219622 0.00227364 0.00238566 0.00245334 0.128983 0.00253913 0.00241004 0.00222829 0.00232046 0.00202698 -0.00138497 -0.00155177 -0.00173391 -0.001761 -0.00200281 -0.00207417 -0.00208402 -0.00207386 -0.00212686 -0.00205763 -0.0019865 -0.0020395 -0.00211452 -0.0021856 -0.00193345 -0.00194347 -0.00201519 -0.00191568 -0.00190965 -0.0018601 -0.00188716 -0.0018583 -0.00162304 -0.00169915 -0.00180068 -0.00178225 -0.00170072 -0.00170835 -0.00162492 -0.00169464 -0.00169364 -0.0017796 -0.00172631 -0.00175115 -0.00169082 -0.00169542 -0.00162655 -0.0016822 -0.0016455 -0.00162686 -0.00177733 -0.00168432 -0.00159763 -0.00166337 -0.00166459 -0.00162149 -0.0015572 -0.00162832 -0.00169161 -0.00167254 -0.00153954 -0.00162412 -0.00165432 -0.00159497 -0.00173722 -0.00162121 -0.00159045 -0.00169664 -0.00160975 -0.0017486 -0.00157993 -0.00168006 -0.00154721 -0.00159228 -0.00149773 -0.0016948 -0.00165131 -0.00175684 -0.00169219 -0.00173981 -0.00163785 -0.00160981 -0.00163333 -0.00159231 -0.00159461 -0.00153441 -0.00163293 -0.0016108 -0.00157895 -0.00168743 -0.00153886 -0.00164705 -0.00160209 -0.00158751 -0.00152905 -0.00143903 -0.00143742 -0.00131341 
-0.00125092 -0.00123067 0.00201418 0.00223823 0.00227941 0.00245175 0.00253913 0.129966 0.00263213 0.00251578 0.00230304 0.00238491 0.00218381 -0.00133916 -0.00161342 -0.00158413 -0.00186508 -0.00214895 -0.00213729 -0.00226797 -0.00210481 -0.0020345 -0.00213517 -0.00196859 -0.00210538 -0.0020132 -0.00193019 -0.00197999 -0.00189519 -0.00195559 -0.00192489 -0.00192959 -0.0018337 -0.00179302 -0.00176241 -0.00182362 -0.00179622 -0.00177318 -0.00185761 -0.00195787 -0.00167858 -0.00167657 -0.0017572 -0.00180949 -0.00174166 -0.00176322 -0.00163041 -0.00171221 -0.00168848 -0.00160193 -0.00168365 -0.00176436 -0.00171563 -0.00174431 -0.00163517 -0.00164225 -0.00165372 -0.00164778 -0.00173698 -0.00168522 -0.00171145 -0.00163074 -0.00149882 -0.00164905 -0.00165385 -0.0017 -0.00170448 -0.00168434 -0.00175151 -0.0016068 -0.00162922 -0.0015815 -0.00162495 -0.00166549 -0.00160318 -0.00155212 -0.00160211 -0.00167049 -0.00168851 -0.00165173 -0.00164394 -0.00170353 -0.00169421 -0.00170956 -0.00173466 -0.00161152 -0.00171117 -0.0015963 -0.00153234 -0.00162893 -0.00161785 -0.00175282 -0.00170848 -0.0016371 -0.00167465 -0.00158387 -0.00159526 -0.00153295 -0.0015869 -0.0014107 
-0.00145722 -0.00135055 -0.00128358 0.00211174 0.00216994 0.00232033 0.00241004 0.00263213 0.131664 0.00261564 0.0025806 0.0025024 0.00237509 0.00233468 -0.00148272 -0.00153543 -0.00175048 -0.00189151 -0.00182606 -0.00214912 -0.00214204 -0.00197449 -0.00212119 -0.00200186 -0.00220783 -0.00213943 -0.0020463 -0.0019787 -0.00195221 -0.0019347 -0.00192187 -0.00190946 -0.00198558 -0.0018885 -0.00175321 -0.00180002 -0.0018529 -0.00183398 -0.00179463 -0.00181501 -0.00180779 -0.00167695 -0.00178177 -0.00172808 -0.00172757 -0.00181362 -0.00168278 -0.00158826 -0.00170855 -0.00178139 -0.0017916 -0.00159899 -0.00171942 -0.00176894 -0.00170301 -0.00166286 -0.00173793 -0.00170531 -0.00177549 -0.00172141 -0.00172096 -0.00168383 -0.00161001 -0.00168737 -0.00165574 -0.0017392 -0.00175526 -0.00161915 -0.00176457 -0.00158317 -0.00170125 -0.00170908 -0.00169801 -0.0017278 -0.00162802 -0.00156494 -0.00161602 -0.00166914 -0.00169792 -0.00170266 -0.00164349 -0.00174676 -0.00176884 -0.00166979 -0.00168284 -0.00167165 -0.00170081 -0.00160965 -0.00164604 -0.00173689 -0.00176015 -0.00171572 -0.00177597 -0.00175545 -0.00171126 -0.00173067 -0.00171248 -0.00168356 -0.00162167 -0.00157663 
-0.00140844 -0.00128667 -0.00134502 -0.00121737 0.00211722 0.00216928 0.00222829 0.00251578 0.00261564 0.130232 0.00252316 0.00238044 0.00236604 0.00219871 -0.00137241 -0.0015435 -0.00172152 -0.00199705 -0.00186417 -0.00205643 -0.00205359 -0.00215312 -0.00198602 -0.00188348 -0.0019794 -0.00207124 -0.00188439 -0.00189562 -0.00187147 -0.00193372 -0.00188551 -0.00183901 -0.00179718 -0.00186338 -0.00162864 -0.00164253 -0.0017787 -0.00177231 -0.00172598 -0.00167994 -0.0017283 -0.00164706 -0.00174908 -0.00178217 -0.00175319 -0.00175319 -0.00163932 -0.00165417 -0.00160371 -0.00170599 -0.00167099 -0.00154818 -0.00171455 -0.00169293 -0.00166391 -0.00162856 -0.00160461 -0.00171831 -0.00160341 -0.00161102 -0.00151756 -0.00169394 -0.00162538 -0.00160805 -0.00164694 -0.00168933 -0.00159132 -0.00170699 -0.00168755 -0.00149976 -0.0016513 -0.00153243 -0.00158071 -0.00163828 -0.00161732 -0.00151619 -0.00152304 -0.00164337 -0.00171094 -0.00162381 -0.00165235 -0.00172285 -0.00164248 -0.00163203 -0.00164937 -0.00161804 -0.0016079 -0.00166719 -0.00154966 -0.0015484 -0.00162206 -0.00161638 -0.00162195 -0.00163412 -0.00172081 -0.00155039 -0.00152136 -0.00164466 -0.00161704 -0.0015927 
-0.0015598 -0.0016233 -0.00149005 -0.00137541 -0.00140274 0.00213535 0.00232046 0.00230304 0.0025806 0.00252316 0.134703 0.00268832 0.00261287 0.00250913 0.0023694 0.00242433 -0.00159223 -0.00164632 -0.00176177 -0.00203978 -0.00211268 -0.00216351 -0.00216146 -0.00207727 -0.0022911 -0.00221751 -0.00201055 -0.00206149 -0.00205339 -0.00195486 -0.00203498 -0.00195834 -0.00201702 -0.00205481 -0.00182599 -0.00185413 -0.00173348 -0.00195576 -0.00183919 -0.00187919 -0.00172074 -0.00171388 -0.00184799 -0.00187942 -0.0018144 -0.00181542 -0.00178337 -0.0018167 -0.00175179 -0.00172237 -0.00174726 -0.00170454 -0.00175318 -0.00168996 -0.00172978 -0.00176332 -0.00177373 -0.00176472 -0.00174477 -0.00179124 -0.00174174 -0.00173681 -0.0017038 -0.00164238 -0.00167125 -0.00174013 -0.00181947 -0.00174591 -0.00184721 -0.0017609 -0.00167322 -0.0017132 -0.00166914 -0.00165529 -0.00169499 -0.00161985 -0.00161243 -0.00173856 -0.00171412 -0.00170158 -0.001749 -0.00174593 -0.00187027 -0.00174737 -0.00185377 -0.00178162 -0.00165596 -0.0017077 -0.00166287 -0.00174315 -0.00169165 -0.00183361 -0.00168694 -0.00179654 -0.00175364 -0.00177828 -0.00176556 -0.00169247 -0.00171399 -0.0016607 
-0.00175493 -0.00164845 -0.00159126 -0.00155406 -0.00137624 -0.00140171 0.00202698 0.00238491 0.0025024 0.00238044 0.00268832 0.136761 0.00285604 0.0026778 0.00256709 0.00256031 0.00239907 -0.0016654 -0.00165679 -0.00188979 -0.00214613 -0.0021266 -0.00218871 -0.00202665 -0.00225223 -0.00229771 -0.00204374 -0.00207321 -0.00199804 -0.0020465 -0.00196799 -0.00206098 -0.00202411 -0.00195761 -0.00190657 -0.00185957 -0.00192199 -0.00191978 -0.00186149 -0.00189192 -0.00176243 -0.00182924 -0.00194737 -0.00193266 -0.00176185 -0.00178873 -0.00179663 -0.00188827 -0.00173239 -0.0018033 -0.00180567 -0.00172332 -0.00181178 -0.00170058 -0.00177485 -0.00185319 -0.00186614 -0.00169894 -0.0018462 -0.00170942 -0.00176638 -0.00183707 -0.00161486 -0.00170123 -0.00173216 -0.00183904 -0.0018405 -0.00175767 -0.00173573 -0.00177139 -0.00182496 -0.00179598 -0.00174307 -0.00176847 -0.00177614 -0.00174661 -0.00173788 -0.00181869 -0.00171163 -0.00180486 -0.00171142 -0.00178967 -0.00180498 -0.0018006 -0.0017641 -0.00176971 -0.00182533 -0.00166044 -0.00175144 -0.00168049 -0.00178367 -0.00168204 -0.00175179 -0.00185235 -0.00182362 -0.00183015 -0.0017905 -0.00174023 -0.00176918 -0.0017556 
-0.00164749 -0.00168706 -0.0016548 -0.00158165 -0.00143399 -0.00150513 -0.00138497 0.00218381 0.00237509 0.00236604 0.00261287 0.00285604 0.135235 0.00266056 0.00258185 0.00257331 0.00251774 -0.00163298 -0.00158164 -0.00179682 -0.00204443 -0.00198558 -0.00209758 -0.00204389 -0.00216091 -0.00216079 -0.00199496 -0.00197576 -0.00192603 -0.00185328 -0.00198404 -0.00193528 -0.00186317 -0.0019826 -0.00188748 -0.00183345 -0.00183064 -0.0018142 -0.00190231 -0.00188529 -0.00173563 -0.00179932 -0.00181072 -0.00181515 -0.00174601 -0.00174154 -0.00167325 -0.00184528 -0.00167432 -0.00164538 -0.00166732 -0.00174189 -0.00169127 -0.00172876 -0.00172177 -0.00168982 -0.00170149 -0.00170196 -0.00166534 -0.00172552 -0.00167107 -0.00173469 -0.00162872 -0.00161493 -0.00173235 -0.00175924 -0.00174616 -0.00173483 -0.00166852 -0.00169576 -0.00172102 -0.00164816 -0.00176143 -0.00174271 -0.00167524 -0.00168633 -0.00164496 -0.00177776 -0.00177499 -0.00165509 -0.00166578 -0.00168536 -0.00178532 -0.00178908 -0.00178791 -0.00174077 -0.00171901 -0.00155576 -0.00164847 -0.00164237 -0.00176377 -0.00172249 -0.00173379 -0.00180068 -0.00173051 -0.00161894 -0.00179805 -0.00178517 -0.00176231 -0.00156287 
-0.00179466 -0.00185609 -0.00182611 -0.00175517 -0.00159925 -0.00160445 -0.00155177 -0.00133916 0.00233468 0.00219871 0.00250913 0.0026778 0.00266056 0.140653 0.00282017 0.00286374 0.00292351 0.00257063 0.00251843 -0.00167422 -0.001839 -0.00187101 -0.00204718 -0.00213443 -0.00219907 -0.0023628 -0.00208552 -0.00217484 -0.00213225 -0.0020788 -0.00210093 -0.00205186 -0.00207987 -0.00208626 -0.00202197 -0.00193538 -0.0019815 -0.00210174 -0.00196866 -0.00198171 -0.0018888 -0.00186735 -0.00192413 -0.00202147 -0.00198559 -0.00200106 -0.00185641 -0.00182756 -0.00187979 -0.00193543 -0.00182789 -0.00185812 -0.00181295 -0.00182461 -0.00188335 -0.001859 -0.00183846 -0.00185384 -0.00177374 -0.00174189 -0.00184792 -0.00185504 -0.00172705 -0.00184196 -0.00179349 -0.00184628 -0.0018655 -0.00192011 -0.00178598 -0.00178766 -0.00181559 -0.00191174 -0.00182712 -0.00186746 -0.00173738 -0.00173221 -0.00173798 -0.00183918 -0.00176908 -0.00183249 -0.00176051 -0.00185111 -0.00184904 -0.00180187 -0.00190754 -0.00178084 -0.00187357 -0.00176536 -0.00183002 -0.0018629 -0.00183913 -0.00178588 -0.00178859 -0.00183594 -0.0018865 -0.00185811 -0.00182661 -0.0018493 -0.00192754 -0.00181185 
-0.00165592 -0.00187591 -0.00175646 -0.00186333 -0.001844 -0.00176068 -0.00173391 -0.00161342 -0.00148272 -0.00137241 0.0023694 0.00256709 0.00258185 0.00282017 0.139768 0.00310137 0.00297706 0.00277624 0.00267211 0.00246921 -0.00164645 -0.00174163 -0.00172334 -0.00188707 -0.00208476 -0.00217701 -0.00205274 -0.002237 -0.00209842 -0.00204225 -0.00203734 -0.0021309 -0.00214288 -0.00215383 -0.00196122 -0.00180834 -0.0019324 -0.00189247 -0.00188639 -0.00201194 -0.00174746 -0.00184701 -0.00188039 -0.00201076 -0.001953 -0.00196768 -0.00178302 -0.00182234 -0.00182574 -0.00185491 -0.00175057 -0.00175539 -0.00177978 -0.00173774 -0.00173241 -0.0017265 -0.00182742 -0.00173405 -0.00170179 -0.00175426 -0.00179127 -0.00178365 -0.00173002 -0.00165562 -0.0018119 -0.00182821 -0.0018637 -0.00187324 -0.0018209 -0.00173094 -0.00172327 -0.00177636 -0.00178793 -0.00175249 -0.0016838 -0.00169454 -0.00172284 -0.00176928 -0.00181561 -0.00182702 -0.00183359 -0.00181857 -0.00186961 -0.00188881 -0.00182017 -0.00175696 -0.00183062 -0.00170049 -0.00170667 -0.0017448 -0.00174093 -0.00187037 -0.0017931 -0.00175826 -0.00175677 -0.00177979 -0.00183177 -0.00173996 -0.00185067 -0.00176836 
-0.00183858 -0.00189581 -0.00186978 -0.00179994 -0.0018476 -0.0018881 -0.001761 -0.00158413 -0.00153543 -0.0015435 0.00242433 0.00256031 0.00257331 0.00286374 0.00310137 0.141232 0.00295345 0.00280429 0.00269568 0.0025614 -0.00175079 -0.00169054 -0.00183725 -0.00194286 -0.00213685 -0.00221944 -0.00206052 -0.00203804 -0.00208187 -0.00205291 -0.00217808 -0.00209131 -0.00208385 -0.00201781 -0.001998 -0.00194391 -0.00195256 -0.00193896 -0.00196974 -0.00202133 -0.0018509 -0.00186986 -0.0019219 -0.00198924 -0.00191978 -0.00194595 -0.00181452 -0.00188206 -0.00179907 -0.00178766 -0.0018221 -0.00176715 -0.00178941 -0.00180915 -0.0017565 -0.00185458 -0.00178223 -0.00176654 -0.00176599 -0.00181107 -0.00172711 -0.00177811 -0.00174006 -0.00170696 -0.00183726 -0.00178866 -0.00179384 -0.00184437 -0.0018847 -0.00174192 -0.00186006 -0.0018774 -0.00176196 -0.00173121 -0.00171456 -0.00168562 -0.00177304 -0.00184509 -0.00174527 -0.001807 -0.00178775 -0.00189947 -0.00181969 -0.00186742 -0.00186245 -0.00187107 -0.00183436 -0.00178738 -0.00175562 -0.00183054 -0.00172182 -0.0018571 -0.0017045 -0.00178585 -0.00175155 -0.00176622 -0.00172322 -0.00180035 -0.00173968 -0.00168345 
-0.00197048 -0.00199023 -0.00185799 -0.00195679 -0.00195144 -0.00204757 -0.00200281 -0.00186508 -0.00175048 -0.00172152 -0.00159223 0.00239907 0.00251774 0.00292351 0.00297706 0.00295345 0.146309 0.00306971 0.00313237 0.00293326 0.00258322 0.00266135 -0.00166351 -0.00179997 -0.00187125 -0.00214389 -0.00216674 -0.00225087 -0.00214281 -0.00210758 -0.00225416 -0.00221638 -0.00209704 -0.0021582 -0.0021318 -0.00196439 -0.00219088 -0.00211266 -0.00212083 -0.00215515 -0.00200552 -0.00207108 -0.0021078 -0.0021122 -0.0019894 -0.00207255 -0.0020435 -0.00195917 -0.00189104 -0.00194505 -0.00194492 -0.00190097 -0.0019394 -0.0018951 -0.00189742 -0.00199661 -0.00196771 -0.00195163 -0.00195038 -0.00196753 -0.0019115 -0.00199336 -0.00190578 -0.00179162 -0.00191104 -0.00192948 -0.00186904 -0.00195672 -0.00198534 -0.00195135 -0.00178428 -0.00192118 -0.00197201 -0.0019685 -0.00189413 -0.00188965 -0.00189298 -0.00186112 -0.00186061 -0.00191729 -0.00194459 -0.00193427 -0.00190252 -0.00190428 -0.00200088 -0.00202821 -0.00197581 -0.0018884 -0.00192441 -0.00189989 -0.00190342 -0.00191089 -0.00194624 -0.00190859 -0.00197185 -0.00193476 -0.00181645 -0.00184274 -0.00198142 -0.00180931 
-0.00183253 -0.00190847 -0.00190575 -0.00189851 -0.00195211 -0.00191124 -0.00207417 -0.00214895 -0.00189151 -0.00199705 -0.00164632 -0.0016654 -0.00163298 0.00257063 0.00277624 0.00280429 0.00306971 0.144619 0.00332922 0.003114 0.00288249 0.00279474 0.00272866 -0.00160288 -0.00173059 -0.00189843 -0.00204818 -0.00229967 -0.00213101 -0.00218233 -0.00216743 -0.00204183 -0.00218924 -0.00218914 -0.00203136 -0.00200619 -0.00200144 -0.00208873 -0.00202537 -0.00195764 -0.00189902 -0.00196272 -0.00190925 -0.00195501 -0.00193417 -0.00196278 -0.00193048 -0.00184896 -0.00188249 -0.00184224 -0.00183587 -0.00188556 -0.00188099 -0.00178863 -0.00192586 -0.00188531 -0.00189288 -0.00188246 -0.00182833 -0.00182431 -0.00182363 -0.00194945 -0.00189831 -0.00184734 -0.00189818 -0.00182386 -0.00184753 -0.00188114 -0.00177969 -0.00183931 -0.00186628 -0.00182641 -0.0018756 -0.00183116 -0.00170421 -0.00181098 -0.00176748 -0.0019168 -0.00186958 -0.00172053 -0.00198071 -0.00178826 -0.00185535 -0.00185416 -0.00182042 -0.00183269 -0.00191082 -0.00179344 -0.00191913 -0.00191847 -0.00187813 -0.00180544 -0.00182694 -0.00186254 -0.00180299 -0.00184988 -0.00185185 -0.0018664 -0.00191589 -0.00176457 
-0.00193892 -0.00192944 -0.0018479 -0.00196938 -0.00193583 -0.00195599 -0.00208402 -0.00213729 -0.00182606 -0.00186417 -0.00176177 -0.00165679 -0.00158164 0.00251843 0.00267211 0.00269568 0.00313237 0.00332922 0.145317 0.00319109 0.00286178 0.002913 0.00283097 -0.00161431 -0.00178769 -0.00183614 -0.00209104 -0.00215586 -0.00216345 -0.00212213 -0.00223559 -0.00209917 -0.00210097 -0.00220429 -0.00204426 -0.00188008 -0.00207861 -0.00207635 -0.00196406 -0.00204747 -0.00197927 -0.00193829 -0.00199821 -0.00197433 -0.00197362 -0.00198485 -0.00194273 -0.00192064 -0.0018791 -0.00183794 -0.00177034 -0.00193103 -0.00188976 -0.00179318 -0.0017918 -0.00184254 -0.00185767 -0.00191119 -0.00183127 -0.00187603 -0.00193801 -0.00185054 -0.00177923 -0.00181461 -0.00189214 -0.00184464 -0.00185625 -0.00182117 -0.00185051 -0.00181126 -0.00183778 -0.00185315 -0.0017863 -0.00189223 -0.00172057 -0.00173084 -0.00181791 -0.00191365 -0.00179965 -0.00194307 -0.00198853 -0.00186573 -0.00193272 -0.00187887 -0.00183203 -0.00183808 -0.00189848 -0.0018408 -0.00180508 -0.0018941 -0.00194901 -0.00188529 -0.00185124 -0.00186493 -0.00193867 -0.00191326 -0.00196773 -0.00192709 -0.00195518 -0.00176723 
-0.00204127 -0.00207059 -0.00202358 -0.00198969 -0.00213895 -0.00209187 -0.00207386 -0.00226797 -0.00214912 -0.00205643 -0.00203978 -0.00188979 -0.00179682 -0.00167422 0.00246921 0.0025614 0.00293326 0.003114 0.00319109 0.149147 0.00313131 0.00326319 0.00301384 0.00264603 0.00264542 -0.00180448 -0.0017775 -0.00196162 -0.00209409 -0.00213335 -0.00223059 -0.00219704 -0.00228703 -0.00212773 -0.00204349 -0.00212 -0.00222438 -0.00204462 -0.00201913 -0.00210327 -0.00202219 -0.00202368 -0.00204577 -0.00207581 -0.00200672 -0.00209334 -0.00205766 -0.0019102 -0.00196371 -0.00190879 -0.00197607 -0.00200411 -0.00195175 -0.00205631 -0.00208327 -0.00199359 -0.00193631 -0.00197556 -0.00192657 -0.00200736 -0.00197282 -0.00200496 -0.00196155 -0.00189052 -0.00193126 -0.0019176 -0.00204478 -0.00201367 -0.00198782 -0.0019758 -0.00195832 -0.00197486 -0.00204536 -0.00199581 -0.00183555 -0.0019872 -0.00186016 -0.00184786 -0.00206002 -0.0019936 -0.00198514 -0.00199844 -0.00197721 -0.00202154 -0.00193898 -0.00204193 -0.00203786 -0.00194213 -0.00188783 -0.00188937 -0.00195274 -0.00200224 -0.00197874 -0.00192406 -0.00200356 -0.0020126 -0.00195362 -0.00206636 -0.00192715 -0.00182347 
-0.00185857 -0.00188054 -0.0019388 -0.0020295 -0.00198009 -0.00206288 -0.00212686 -0.00210481 -0.00214204 -0.00205359 -0.00211268 -0.00214613 -0.00204443 -0.001839 -0.00164645 -0.00175079 0.00258322 0.00288249 0.00286178 0.00313131 0.146698 0.00318089 0.00313437 0.00271086 0.00270422 0.00257928 -0.0016702 -0.00173513 -0.00184348 -0.00188036 -0.00201726 -0.00209813 -0.00218309 -0.00212007 -0.00201798 -0.00185962 -0.00200712 -0.0020394 -0.00206991 -0.00200116 -0.00201135 -0.00197392 -0.00204219 -0.00196318 -0.0020445 -0.00193853 -0.00188883 -0.00188913 -0.00190271 -0.0019276 -0.00190143 -0.00186769 -0.00184044 -0.00188448 -0.00181644 -0.00184119 -0.00184545 -0.00193868 -0.00190871 -0.00190979 -0.00182581 -0.00190641 -0.00185327 -0.00172677 -0.00187358 -0.00183733 -0.00195943 -0.0018603 -0.0018415 -0.00185354 -0.00188568 -0.00184791 -0.0018592 -0.00190827 -0.00181032 -0.00182274 -0.0018329 -0.00178709 -0.00190114 -0.00183672 -0.00196259 -0.00184666 -0.00194561 -0.00191846 -0.00186151 -0.00193152 -0.00191249 -0.00186809 -0.00174571 -0.00188167 -0.00193824 -0.00185905 -0.00188045 -0.0018718 -0.00186843 -0.00197756 -0.00190149 -0.00194506 -0.0018898 -0.00183409 
-0.00198637 -0.00187039 -0.00196869 -0.00189895 -0.00192498 -0.00208653 -0.00205763 -0.0020345 -0.00197449 -0.00215312 -0.00216351 -0.0021266 -0.00198558 -0.00187101 -0.00174163 -0.00169054 0.00266135 0.00279474 0.002913 0.00326319 0.00318089 0.146467 0.00314299 0.00286719 0.00274665 0.00264706 -0.00158789 -0.0017558 -0.00185885 -0.00183524 -0.00203469 -0.00212613 -0.00206988 -0.00208789 -0.00196635 -0.00194217 -0.00201183 -0.00200353 -0.0020947 -0.00190921 -0.00196809 -0.00194858 -0.0020707 -0.00215638 -0.00204621 -0.00199893 -0.00189825 -0.00202395 -0.00186495 -0.00190809 -0.00189047 -0.00191155 -0.00184884 -0.00188854 -0.00188873 -0.00184042 -0.00192157 -0.00193454 -0.00186407 -0.00190598 -0.00188294 -0.00186674 -0.0018185 -0.00181964 -0.00189309 -0.00191548 -0.00186539 -0.00185329 -0.00196706 -0.00192365 -0.00187853 -0.00186719 -0.00195485 -0.00186451 -0.00175 -0.00179185 -0.0018147 -0.00191284 -0.00183106 -0.00195714 -0.00182518 -0.00186668 -0.00179788 -0.00184923 -0.00187425 -0.00188413 -0.00195866 -0.0020021 -0.00180464 -0.00190589 -0.00190053 -0.00182044 -0.00189555 -0.00186576 -0.00186136 -0.00194179 -0.00196228 -0.00186265 -0.00192387 -0.00185568 
-0.00196679 -0.00191926 -0.0018944 -0.00190014 -0.00199535 -0.00203523 -0.0019865 -0.00213517 -0.00212119 -0.00198602 -0.00216146 -0.00218871 -0.00209758 -0.00204718 -0.00172334 -0.00183725 -0.00166351 0.00272866 0.00283097 0.00301384 0.00313437 0.00314299 0.145512 0.00293425 0.00308321 0.0027548 0.00243671 -0.00163123 -0.00177857 -0.00162862 -0.00186781 -0.00208215 -0.002104 -0.00210588 -0.00189482 -0.00190169 -0.00206299 -0.00201991 -0.0019842 -0.00196159 -0.00185743 -0.00192384 -0.00200692 -0.00209347 -0.00192488 -0.00200038 -0.00195791 -0.00189442 -0.00191047 -0.00186647 -0.0019396 -0.00189709 -0.00189658 -0.00184356 -0.00184656 -0.00185492 -0.00183753 -0.00182195 -0.00184318 -0.00187912 -0.00188085 -0.00193732 -0.00172761 -0.00185597 -0.00191232 -0.00193907 -0.00189403 -0.0017958 -0.00185362 -0.00186702 -0.00193935 -0.00186871 -0.0018681 -0.00185541 -0.00177345 -0.0018347 -0.0017678 -0.00191503 -0.00192861 -0.0018966 -0.00190181 -0.00188315 -0.00186339 -0.00198242 -0.00175797 -0.00196271 -0.00200348 -0.00185779 -0.00177831 -0.00184791 -0.00187424 -0.0018612 -0.00183143 -0.00192485 -0.00186811 -0.00188724 -0.0019443 -0.00187518 -0.00181419 -0.001762 
-0.00187009 -0.00179722 -0.00177598 -0.0017009 -0.00195177 -0.00190753 -0.0020395 -0.00196859 -0.00200186 -0.00188348 -0.00207727 -0.00202665 -0.00204389 -0.00213443 -0.00188707 -0.00194286 -0.00179997 -0.00160288 -0.00161431 0.00264603 0.00271086 0.00286719 0.00293425 0.141127 0.00305454 0.00297338 0.00252752 0.00238732 -0.00145436 -0.00156146 -0.00155063 -0.00167955 -0.00185264 -0.00199292 -0.00188772 -0.00178847 -0.0018446 -0.00192266 -0.0019068 -0.00181955 -0.00179642 -0.0017837 -0.00180031 -0.00185754 -0.00183903 -0.0018209 -0.00180007 -0.0017858 -0.00179104 -0.00184887 -0.00180609 -0.00182643 -0.00181298 -0.00181285 -0.00178575 -0.00172676 -0.00170542 -0.00173893 -0.00177314 -0.00177126 -0.0017489 -0.00175713 -0.00167566 -0.00176424 -0.00175759 -0.00175376 -0.00176868 -0.00177974 -0.00178747 -0.00169517 -0.00180508 -0.00172124 -0.00177272 -0.00182633 -0.00156868 -0.00169844 -0.00163598 -0.00176589 -0.00176655 -0.00186344 -0.00174118 -0.0017403 -0.00174302 -0.00178371 -0.00175445 -0.00171793 -0.00180058 -0.00166905 -0.00178134 -0.00173588 -0.00170587 -0.00171058 -0.00180687 -0.00178523 -0.00177768 -0.00182079 -0.0017947 -0.0018168 -0.00179466 -0.00166377 
-0.00199296 -0.00199918 -0.00200516 -0.00202772 -0.00193807 -0.00201707 -0.00211452 -0.00210538 -0.00220783 -0.0019794 -0.0022911 -0.00225223 -0.00216091 -0.00219907 -0.00208476 -0.00213685 -0.00187125 -0.00173059 -0.00178769 0.00264542 0.00270422 0.00274665 0.00308321 0.00305454 0.145995 0.00310671 0.00285174 0.00263796 0.00242262 0.00250397 -0.00155176 -0.00167246 -0.00175764 -0.00189752 -0.0020417 -0.00196302 -0.00209538 -0.00204003 -0.00206591 -0.00208527 -0.0020123 -0.00202956 -0.00205775 -0.00209495 -0.00202273 -0.00206721 -0.00203376 -0.00186063 -0.00192217 -0.00192083 -0.00200805 -0.00188782 -0.00191087 -0.00182427 -0.00192781 -0.0019736 -0.00197046 -0.00202259 -0.00191091 -0.00192952 -0.00186971 -0.00194744 -0.00179837 -0.00187228 -0.0019039 -0.0019058 -0.00193476 -0.00193329 -0.00198091 -0.00200188 -0.00185362 -0.00189198 -0.00194164 -0.0019178 -0.00176846 -0.00192383 -0.00183493 -0.00188876 -0.00186686 -0.00194838 -0.00183177 -0.00191401 -0.00191851 -0.00199477 -0.00194788 -0.00195121 -0.00186412 -0.00186447 -0.00184608 -0.00188822 -0.00198146 -0.00188526 -0.00192901 -0.001932 -0.00190135 -0.00194531 -0.0019842 -0.00196363 -0.00196954 -0.00179487 
-0.00188631 -0.00185619 -0.00191878 -0.00189849 -0.00190815 -0.00206524 -0.0021856 -0.0020132 -0.00213943 -0.00207124 -0.00221751 -0.00229771 -0.00216079 -0.0023628 -0.00217701 -0.00221944 -0.00214389 -0.00189843 -0.00183614 -0.00180448 0.00257928 0.00264706 0.0027548 0.00297338 0.00310671 0.144102 0.0028389 0.0028089 0.00251864 0.00244521 0.00242603 -0.00140973 -0.00162979 -0.00173757 -0.00186765 -0.00177073 -0.00212221 -0.00199994 -0.00194485 -0.00201965 -0.00183185 -0.00192007 -0.00204582 -0.00200282 -0.00198335 -0.00202226 -0.00189344 -0.00190623 -0.00189319 -0.00194683 -0.00199135 -0.00185648 -0.00184424 -0.00195973 -0.00192337 -0.00190607 -0.00188562 -0.00189862 -0.00194067 -0.00187418 -0.00190796 -0.00197179 -0.00176872 -0.0017673 -0.00186112 -0.00190607 -0.00189143 -0.00188986 -0.00188057 -0.00198269 -0.00184168 -0.00195452 -0.00195893 -0.0018799 -0.00189688 -0.00181789 -0.00182345 -0.00192578 -0.00187598 -0.00193496 -0.00184721 -0.00171925 -0.00194475 -0.00184762 -0.00195061 -0.00190011 -0.00185399 -0.00175651 -0.00176857 -0.00190425 -0.00186095 -0.00184508 -0.00186283 -0.0019021 -0.00183914 -0.00196257 -0.00198069 -0.00198708 -0.00182417 -0.00181648 
-0.00184567 -0.00184667 -0.00181253 -0.00176405 -0.00178884 -0.00192348 -0.00193345 -0.00193019 -0.0020463 -0.00188439 -0.00201055 -0.00204374 -0.00199496 -0.00208552 -0.00205274 -0.00206052 -0.00216674 -0.00204818 -0.00209104 -0.0017775 -0.0016702 -0.00158789 0.00243671 0.00252752 0.00285174 0.0028389 0.139119 0.00286356 0.00261682 0.00263511 0.00248297 0.00225123 -0.00146332 -0.00146958 -0.0016169 -0.00169332 -0.00183141 -0.00195393 -0.00191967 -0.00174308 -0.00184288 -0.00183933 -0.0019311 -0.00185671 -0.00189054 -0.00195064 -0.00177627 -0.00180799 -0.00178159 -0.0017237 -0.00174047 -0.00176314 -0.00178347 -0.00179135 -0.00179973 -0.00175581 -0.00172781 -0.0017729 -0.00181953 -0.00174569 -0.0017412 -0.00177967 -0.00161997 -0.0016315 -0.00182329 -0.00174483 -0.0017423 -0.00174907 -0.00182229 -0.00177362 -0.00176234 -0.00174753 -0.00180066 -0.00184062 -0.00171168 -0.00170301 -0.00168143 -0.00182841 -0.00176444 -0.00172642 -0.00182484 -0.00180798 -0.00183211 -0.00178255 -0.00178793 -0.00181183 -0.00182171 -0.00167684 -0.00171927 -0.00174328 -0.00172619 -0.00167802 -0.00180796 -0.00182421 -0.0017685 -0.00179554 -0.00176046 -0.00178231 -0.00178703 -0.00173412 
-0.00177353 -0.00173279 -0.00168793 -0.00178266 -0.0017876 -0.00182155 -0.00194347 -0.00197999 -0.0019787 -0.00189562 -0.00206149 -0.00207321 -0.00197576 -0.00217484 -0.002237 -0.00203804 -0.00225087 -0.00229967 -0.00215586 -0.00196162 -0.00173513 -0.0017558 -0.00163123 0.00238732 0.00263796 0.0028089 0.00286356 0.13719 0.00288325 0.00269512 0.00270905 0.00239804 0.00231384 -0.00127751 -0.00151181 -0.00145158 -0.00173761 -0.00174449 -0.00179673 -0.00188014 -0.00178377 -0.00183266 -0.00191342 -0.00187977 -0.00186209 -0.00193483 -0.00186208 -0.00181733 -0.00169653 -0.00175776 -0.001852 -0.00179091 -0.00180578 -0.00180186 -0.00171764 -0.00171808 -0.00176109 -0.00174566 -0.00177066 -0.00172764 -0.00177437 -0.00173246 -0.00166167 -0.00169901 -0.00170899 -0.00171657 -0.0017139 -0.00169438 -0.00177174 -0.00182616 -0.00178645 -0.00183446 -0.00175537 -0.00174307 -0.00161299 -0.00166934 -0.00164372 -0.0016976 -0.00169492 -0.00168954 -0.00173825 -0.00173382 -0.00179833 -0.00176818 -0.00167218 -0.00167908 -0.00173313 -0.00159678 -0.00168102 -0.00172766 -0.00169912 -0.00165705 -0.0016957 -0.0017639 -0.00173789 -0.00174137 -0.00169841 -0.00174337 -0.00176995 -0.00165952 
-0.00171617 -0.00173932 -0.00178024 -0.00173241 -0.00173343 -0.00193386 -0.00201519 -0.00189519 -0.00195221 -0.00187147 -0.00205339 -0.00199804 -0.00192603 -0.00213225 -0.00209842 -0.00208187 -0.00214281 -0.00213101 -0.00216345 -0.00209409 -0.00184348 -0.00185885 -0.00177857 -0.00145436 0.00242262 0.00251864 0.00261682 0.00288325 0.135339 0.00277871 0.002597 0.0023962 0.00230528 0.00224156 -0.00138079 -0.00135282 -0.00144857 -0.00169239 -0.0017104 -0.00178315 -0.00170121 -0.00172405 -0.00172639 -0.00170987 -0.00179995 -0.00178505 -0.0017551 -0.00164806 -0.00180957 -0.00163155 -0.00175708 -0.00171942 -0.00168915 -0.00179101 -0.00165697 -0.00166923 -0.00179007 -0.0017305 -0.00165519 -0.00167593 -0.00165294 -0.00175545 -0.00155665 -0.00158166 -0.00170039 -0.00168744 -0.00175531 -0.00168611 -0.00177677 -0.00174175 -0.0016618 -0.00170715 -0.00172576 -0.00171555 -0.00164662 -0.00160378 -0.00162989 -0.0017596 -0.00177941 -0.00169395 -0.00171832 -0.00171127 -0.00169807 -0.0016853 -0.00173808 -0.00175806 -0.00180721 -0.00160485 -0.0016665 -0.00173124 -0.00173437 -0.00176591 -0.00178621 -0.00174392 -0.00171003 -0.00169963 -0.00171993 -0.00164371 -0.0017567 -0.00168174 
-0.00171194 -0.00172383 -0.00174614 -0.00171017 -0.00179359 -0.00181354 -0.00191568 -0.00195559 -0.0019347 -0.00193372 -0.00195486 -0.0020465 -0.00185328 -0.0020788 -0.00204225 -0.00205291 -0.00210758 -0.00218233 -0.00212213 -0.00213335 -0.00188036 -0.00183524 -0.00162862 -0.00156146 0.00250397 0.00244521 0.00263511 0.00269512 0.00277871 0.133772 0.00275397 0.00241884 0.0023294 0.00226933 -0.00134657 -0.00130488 -0.00157418 -0.00165793 -0.00168504 -0.00171815 -0.00167274 -0.00174298 -0.00181359 -0.00183313 -0.00186693 -0.00175669 -0.00170414 -0.00167896 -0.00164755 -0.00169998 -0.00170369 -0.00172752 -0.00169558 -0.00173327 -0.00165849 -0.00165472 -0.0016901 -0.00164076 -0.00162255 -0.00162624 -0.00175532 -0.00165743 -0.00150902 -0.00160183 -0.00162945 -0.00167556 -0.00173532 -0.00174001 -0.00170958 -0.00172037 -0.00168869 -0.00173022 -0.00172431 -0.00169449 -0.00158793 -0.00161089 -0.00158579 -0.00167127 -0.00162798 -0.00172476 -0.00175628 -0.00172768 -0.00167508 -0.001737 -0.00174876 -0.00167839 -0.00169979 -0.00165627 -0.00163673 -0.00171002 -0.00172708 -0.00172694 -0.00175649 -0.00174809 -0.00172991 -0.00168023 -0.00162841 -0.00170299 -0.00171462 -0.00160558 
-0.00173695 -0.00174031 -0.00174878 -0.00171626 -0.00175272 -0.00189969 -0.00190965 -0.00192489 -0.00192187 -0.00188551 -0.00203498 -0.00196799 -0.00198404 -0.00210093 -0.00203734 -0.00217808 -0.00225416 -0.00216743 -0.00223559 -0.00223059 -0.00201726 -0.00203469 -0.00186781 -0.00155063 -0.00155176 0.00242603 0.00248297 0.00270905 0.002597 0.00275397 0.134628 0.00268941 0.00254977 0.00247904 0.00210272 0.00197213 -0.00137965 -0.00139194 -0.00153855 -0.00159499 -0.00167705 -0.00176498 -0.00192585 -0.00190592 -0.00191166 -0.00189803 -0.0017938 -0.00176255 -0.00167747 -0.00172151 -0.00169971 -0.00173463 -0.00172594 -0.00169393 -0.00171464 -0.00181225 -0.00176065 -0.00172971 -0.00178538 -0.00182686 -0.00185689 -0.00179489 -0.00158528 -0.00162858 -0.00179183 -0.00173701 -0.0017978 -0.00179785 -0.00168068 -0.00181965 -0.00173143 -0.00170822 -0.00176141 -0.00173326 -0.00175888 -0.00166503 -0.00165561 -0.00171445 -0.00168052 -0.00164267 -0.00175305 -0.00181396 -0.00187246 -0.00181595 -0.00174891 -0.00177375 -0.00173499 -0.00163187 -0.00167587 -0.00181189 -0.00177716 -0.00175984 -0.00169213 -0.00180586 -0.00167474 -0.00171715 -0.00170696 -0.00175249 -0.00175289 -0.00169822 
-0.00166692 -0.00172894 -0.00171051 -0.00179104 -0.00182921 -0.00183246 -0.0018601 -0.00192959 -0.00190946 -0.00183901 -0.00195834 -0.00206098 -0.00193528 -0.00205186 -0.0021309 -0.00209131 -0.00221638 -0.00204183 -0.00209917 -0.00219704 -0.00209813 -0.00212613 -0.00208215 -0.00167955 -0.00167246 -0.00140973 0.00225123 0.00239804 0.0023962 0.00241884 0.00268941 0.133035 0.00250028 0.00244663 0.00224102 0.00225143 0.00215667 -0.00131342 -0.00140163 -0.00149331 -0.00156601 -0.00162293 -0.0018014 -0.00176499 -0.00186107 -0.00179735 -0.00165342 -0.00168009 -0.00168197 -0.00181063 -0.00167488 -0.00177405 -0.00174426 -0.00174493 -0.0016792 -0.00170628 -0.00171229 -0.00180032 -0.00166737 -0.00170988 -0.00179857 -0.00172222 -0.00166297 -0.00155583 -0.00167753 -0.00178474 -0.00168941 -0.00170057 -0.00166697 -0.00167413 -0.00173005 -0.00173636 -0.00177798 -0.00174351 -0.00165107 -0.00160258 -0.00166617 -0.00169072 -0.00178001 -0.0017027 -0.00181395 -0.00164271 -0.00168155 -0.00171579 -0.00178229 -0.00170555 -0.00164497 -0.00160943 -0.0016778 -0.00171016 -0.00172102 -0.00173129 -0.00172675 -0.001816 -0.00171055 -0.00167678 -0.00174946 -0.00174979 -0.00170023 -0.00159468 
-0.0016914 -0.00175982 -0.0017463 -0.00171478 -0.00172923 -0.00178245 -0.00188716 -0.0018337 -0.00198558 -0.00179718 -0.00201702 -0.00202411 -0.00186317 -0.00207987 -0.00214288 -0.00208385 -0.00209704 -0.00218924 -0.00210097 -0.00228703 -0.00218309 -0.00206988 -0.002104 -0.00185264 -0.00175764 -0.00162979 -0.00146332 0.00231384 0.00230528 0.0023294 0.00254977 0.00250028 0.131439 0.00258174 0.00220266 0.00225703 0.00218943 0.00217841 -0.00132827 -0.00122604 -0.00151935 -0.0014838 -0.00175092 -0.00172333 -0.00178235 -0.00169931 -0.00179448 -0.00170392 -0.00173542 -0.00163298 -0.00160265 -0.00170824 -0.00163549 -0.001639 -0.00165436 -0.00167582 -0.00165331 -0.00167835 -0.00162771 -0.00167306 -0.00166081 -0.00164865 -0.00162338 -0.00163266 -0.0016722 -0.0016757 -0.00164703 -0.00169204 -0.00178315 -0.00168695 -0.00169067 -0.0018154 -0.00172253 -0.00167233 -0.0015696 -0.00163555 -0.00153609 -0.00163146 -0.00172375 -0.00170668 -0.00165496 -0.00168388 -0.00171402 -0.00176379 -0.00170862 -0.00169738 -0.00170878 -0.00162069 -0.00161084 -0.00171336 -0.00170759 -0.00173133 -0.00166575 -0.00163634 -0.00168222 -0.00168101 -0.00162609 -0.00161575 -0.00175752 -0.00163915 
