0.123014 0.00214642 0.00211908 0.00208589 0.00201697 0.00189495 -0.00121547 -0.0013297 -0.0013289 -0.00140946 -0.00163849 -0.00168333 -0.00176957 -0.00186322 -0.00175042 -0.00198976 -0.00196915 -0.00179472 -0.00188248 -0.00202901 -0.00178963 -0.00186302 -0.00187468 -0.00168937 -0.00196738 -0.00194629 -0.0018116 -0.00181508 -0.00177772 -0.00166031 -0.00180277 -0.00184789 -0.00178879 -0.00157356 -0.00163266 -0.00158533 -0.00164727 -0.00167723 -0.00166711 -0.00162279 -0.0015398 -0.00155229 -0.0016503 -0.00158545 -0.00150866 -0.00157838 -0.00150257 -0.00140946 -0.00155634 -0.00151365 -0.00145892 -0.00144587 -0.00144591 -0.00148442 -0.00151454 -0.00149636 -0.00151018 -0.00152402 -0.00146223 -0.00152207 -0.00142768 -0.00153676 -0.00147226 -0.00140951 -0.00149474 -0.00143627 -0.00148509 -0.00151186 -0.00151664 -0.0015211 -0.00157822 -0.00144182 -0.00151351 -0.0014578 -0.0015344 -0.00148423 -0.00139713 -0.00153965 -0.00146401 -0.00151765 -0.00159468 -0.00141354 -0.00152292 -0.00149085 -0.00147857 -0.00149376 -0.00147606 -0.0013983 -0.00141854 -0.00152398 -0.00150632 -0.00144441 -0.00134652 -0.00123156 -0.00124293 -0.00114944 0.00191908 0.00192288 0.00216103 0.00214758 
0.00214642 0.123388 0.00219709 0.00214787 0.00203951 0.00217363 0.0020181 -0.00123698 -0.00129365 -0.00131365 -0.00150648 -0.00160206 -0.00163039 -0.00181766 -0.00180307 -0.00179397 -0.0019811 -0.00188362 -0.00187561 -0.00203049 -0.00191182 -0.00192867 -0.00192653 -0.00173156 -0.00198175 -0.00199358 -0.00177272 -0.00178606 -0.00174588 -0.00173068 -0.00176364 -0.00175173 -0.00175226 -0.00157554 -0.00155914 -0.00162282 -0.00167442 -0.00159766 -0.00161284 -0.00166851 -0.00157016 -0.0015871 -0.00165409 -0.00162023 -0.0015007 -0.00162894 -0.0015713 -0.00161979 -0.00158638 -0.0014672 -0.00153846 -0.00160088 -0.00145706 -0.00150556 -0.00156293 -0.0016155 -0.00160712 -0.00143356 -0.00160502 -0.0016176 -0.00146072 -0.00149026 -0.00149345 -0.00135629 -0.00138772 -0.00150125 -0.00152994 -0.00147813 -0.00152073 -0.00149903 -0.0015282 -0.00146774 -0.0015578 -0.00151787 -0.00141681 -0.00141443 -0.00151309 -0.00151908 -0.00159658 -0.00148145 -0.00150347 -0.00149595 -0.00152229 -0.00153514 -0.00145024 -0.00147276 -0.00149758 -0.00146188 -0.00139433 -0.00139186 -0.00145666 -0.00150686 -0.00136514 -0.00133203 -0.00128978 -0.00121801 -0.00116886 0.00183253 0.00198322 0.00207347 
0.00211908 0.00219709 0.123866 0.00238648 0.00215801 0.00218709 0.00212924 0.00209685 -0.00121437 -0.0013197 -0.0014506 -0.00153256 -0.00157505 -0.00178786 -0.00175966 -0.00180046 -0.00188973 -0.00188258 -0.00184183 -0.00204162 -0.00184633 -0.00201727 -0.00192516 -0.00181865 -0.00197606 -0.00192484 -0.00181323 -0.00176124 -0.00173025 -0.00175203 -0.00176311 -0.0017788 -0.00167269 -0.00165339 -0.00161384 -0.00162944 -0.00162994 -0.00168897 -0.00155781 -0.00164468 -0.00152919 -0.00155188 -0.00162366 -0.00161902 -0.00163145 -0.00156466 -0.00153162 -0.00147447 -0.00150632 -0.00157721 -0.00158236 -0.0015267 -0.00158087 -0.00156784 -0.00161993 -0.00154427 -0.00159055 -0.00153292 -0.00153784 -0.00153706 -0.00152582 -0.00148807 -0.00138693 -0.00146647 -0.0015624 -0.0015304 -0.00153059 -0.00159684 -0.00148446 -0.00155089 -0.00152548 -0.00151389 -0.00160337 -0.00152583 -0.00153705 -0.00142992 -0.0014098 -0.00159714 -0.00149532 -0.00156472 -0.00143274 -0.0015453 -0.00144335 -0.0014874 -0.00143496 -0.00146455 -0.00149816 -0.00151881 -0.0015037 -0.0015281 -0.00150734 -0.0016195 -0.0015107 -0.00147772 -0.00141888 -0.00137779 -0.00124143 -0.00117739 0.00189304 0.00200415 
0.00208589 0.00214787 0.00238648 0.124385 0.00233841 0.00233728 0.00228091 0.00211697 0.00215387 -0.001178 -0.00131967 -0.00143211 -0.00148577 -0.00170587 -0.00182593 -0.00178484 -0.00193632 -0.00189266 -0.00186218 -0.00195017 -0.00194152 -0.00190897 -0.00203607 -0.00167701 -0.00204189 -0.0020298 -0.00185226 -0.00184503 -0.00174807 -0.00170044 -0.00179075 -0.00182867 -0.00166502 -0.00178517 -0.00161183 -0.00161789 -0.00171107 -0.00160877 -0.00166604 -0.00157622 -0.00163035 -0.00168981 -0.00167077 -0.00163595 -0.00167229 -0.00172657 -0.00159491 -0.00155559 -0.00157654 -0.00154724 -0.0015731 -0.00151103 -0.00149713 -0.00150641 -0.00159508 -0.00154031 -0.00149912 -0.00156854 -0.00151994 -0.0014428 -0.00149706 -0.00154488 -0.0015089 -0.00146087 -0.00149868 -0.00161037 -0.00154774 -0.00156528 -0.00159244 -0.00149633 -0.00148555 -0.00149057 -0.00154621 -0.00151749 -0.00154271 -0.00141325 -0.00149847 -0.00155931 -0.00153053 -0.00156569 -0.00156641 -0.00157834 -0.00157195 -0.00158731 -0.00154204 -0.00154724 -0.00150109 -0.00151018 -0.00149874 -0.00148218 -0.00146264 -0.00152861 -0.00146644 -0.00151956 -0.00150194 -0.00137099 -0.00135793 -0.00121286 -0.00121336 0.00182842 
0.00201697 0.00203951 0.00215801 0.00233841 0.124719 0.00249137 0.00237114 0.00221031 0.00218925 0.00210048 -0.00119268 -0.0014459 -0.00140264 -0.00165181 -0.00181794 -0.00183225 -0.00195061 -0.00193144 -0.00201987 -0.00208547 -0.00203105 -0.00197444 -0.0018917 -0.0017862 -0.00202714 -0.00191386 -0.00187735 -0.00186914 -0.00174283 -0.00177146 -0.00178999 -0.00180194 -0.00176599 -0.00169584 -0.00157978 -0.00165922 -0.00166473 -0.00154486 -0.00171772 -0.00160793 -0.00153164 -0.00159757 -0.00161929 -0.00166409 -0.0015524 -0.00159359 -0.00151637 -0.00162236 -0.00155111 -0.00148988 -0.00158541 -0.0015143 -0.00158915 -0.0015993 -0.00157341 -0.00151055 -0.00152485 -0.00150942 -0.00158428 -0.00151249 -0.0015746 -0.00155306 -0.00152103 -0.00146401 -0.00156238 -0.00157644 -0.00158562 -0.0015355 -0.0014667 -0.00156984 -0.0015482 -0.0015126 -0.00153446 -0.00168781 -0.001598 -0.0014763 -0.00152259 -0.00155006 -0.00149792 -0.00153601 -0.00157988 -0.0015533 -0.00159402 -0.00147567 -0.00144081 -0.00154434 -0.00158397 -0.00149471 -0.00160865 -0.0014978 -0.00147761 -0.00156038 -0.00143981 -0.00150836 -0.00152993 -0.00146654 -0.00138933 -0.0014054 -0.00123207 -0.00109391 
0.00189495 0.00217363 0.00218709 0.00233728 0.00249137 0.12851 0.0024904 0.00235159 0.00224448 0.00220623 0.00225884 -0.00139621 -0.001421 -0.001674 -0.00179413 -0.00182943 -0.00199551 -0.00207936 -0.00208403 -0.00220746 -0.00207218 -0.00205256 -0.00203978 -0.00193818 -0.00215023 -0.00204415 -0.00185863 -0.00187059 -0.00188438 -0.00179505 -0.00190491 -0.00191015 -0.00182233 -0.00176558 -0.00169805 -0.00169875 -0.00178863 -0.001796 -0.0017995 -0.00180642 -0.00164722 -0.00170484 -0.0017797 -0.00177234 -0.00168224 -0.00177265 -0.00165063 -0.00164921 -0.00167621 -0.00166775 -0.00168661 -0.00166452 -0.00163483 -0.00170636 -0.00167613 -0.00163568 -0.00153602 -0.00153806 -0.00161524 -0.00167342 -0.00168022 -0.00157025 -0.0016156 -0.0015228 -0.00156405 -0.00167757 -0.00155257 -0.00158545 -0.00163708 -0.00161524 -0.00164259 -0.00167677 -0.00164038 -0.00165084 -0.00150776 -0.001511 -0.00153504 -0.00164556 -0.00156283 -0.00161835 -0.00168585 -0.00157445 -0.00173779 -0.00161928 -0.00163782 -0.00159964 -0.00167768 -0.00148658 -0.00156775 -0.00166885 -0.00156782 -0.00158205 -0.00166076 -0.00166786 -0.00167613 -0.0016567 -0.00150063 -0.00142185 -0.00133888 -0.00125888 
-0.00121547 0.0020181 0.00212924 0.00228091 0.00237114 0.0024904 0.129296 0.00249753 0.00248138 0.00232752 0.00218725 0.0021825 -0.00134043 -0.00154726 -0.00166867 -0.00180043 -0.0019497 -0.00203878 -0.00205923 -0.00226877 -0.00210239 -0.00219115 -0.0020905 -0.00195202 -0.00207654 -0.00215457 -0.00191798 -0.00184186 -0.00184259 -0.00186393 -0.00195242 -0.00185894 -0.00184614 -0.00177187 -0.00180564 -0.00171832 -0.00186405 -0.0017431 -0.00177492 -0.00168335 -0.00173148 -0.00167293 -0.00177852 -0.00171247 -0.0017333 -0.00165646 -0.00167299 -0.00166273 -0.00159516 -0.00166552 -0.00164211 -0.00178596 -0.00168684 -0.0016293 -0.0017298 -0.00168649 -0.0016204 -0.00158046 -0.0016283 -0.001681 -0.00167587 -0.0017103 -0.00153391 -0.00152258 -0.00162572 -0.00172398 -0.00158457 -0.00164959 -0.00161807 -0.00164557 -0.00166617 -0.00160411 -0.00165527 -0.00163592 -0.00157705 -0.00160812 -0.00160715 -0.00171531 -0.00168241 -0.00161316 -0.00162781 -0.00168802 -0.00168338 -0.00166935 -0.00160909 -0.0015483 -0.00168902 -0.00151821 -0.00166103 -0.00169372 -0.00159313 -0.00164862 -0.00171151 -0.00168509 -0.00163175 -0.00160348 -0.00155655 -0.00155666 -0.0014123 -0.0013271 
-0.0013297 -0.00123698 0.00209685 0.00211697 0.00221031 0.00235159 0.00249753 0.130229 0.00254581 0.00248949 0.00236946 0.00230466 0.00215183 -0.0013625 -0.00158638 -0.00167642 -0.00188372 -0.00204579 -0.00196822 -0.00214885 -0.00207353 -0.00205889 -0.00209545 -0.00186426 -0.00213889 -0.00200282 -0.00189043 -0.00194717 -0.00192805 -0.00188123 -0.00188835 -0.00188174 -0.00188694 -0.0018409 -0.00176183 -0.00184526 -0.00173142 -0.00177815 -0.00178995 -0.00177271 -0.00174815 -0.00167465 -0.00180277 -0.00182238 -0.00179732 -0.00178676 -0.00167557 -0.00166648 -0.00176309 -0.0016855 -0.00173695 -0.00169904 -0.00166034 -0.00160894 -0.00162019 -0.00166009 -0.00170604 -0.00173323 -0.00166117 -0.00158391 -0.00165684 -0.001654 -0.00162157 -0.00160707 -0.00164189 -0.00176741 -0.00168336 -0.00175702 -0.00170388 -0.00169738 -0.00170937 -0.00169731 -0.00166778 -0.0016682 -0.00154842 -0.00160851 -0.00155927 -0.00164932 -0.00167498 -0.00162813 -0.00176512 -0.0016934 -0.00167866 -0.00173374 -0.00166847 -0.00163909 -0.0015854 -0.00150895 -0.00160952 -0.00162844 -0.00170194 -0.00173498 -0.00168373 -0.00164462 -0.00170192 -0.00168085 -0.00163684 -0.00155292 -0.00147246 -0.00145194 
-0.0013289 -0.00129365 -0.00121437 0.00215387 0.00218925 0.00224448 0.00248138 0.00254581 0.131761 0.00245415 0.00249217 0.00239632 0.00232877 0.00213021 -0.00156025 -0.00157216 -0.00182523 -0.00200808 -0.001902 -0.00207677 -0.00206822 -0.00208562 -0.0021671 -0.00192706 -0.00216099 -0.00210672 -0.00205455 -0.00195608 -0.00193776 -0.00193915 -0.00194795 -0.00197714 -0.00188172 -0.00185817 -0.00174326 -0.00181456 -0.00182972 -0.00184449 -0.00178534 -0.00183578 -0.00180728 -0.00173793 -0.00176957 -0.00172726 -0.00180892 -0.00181651 -0.00173907 -0.00170724 -0.00169521 -0.00174089 -0.00177348 -0.00172015 -0.00176134 -0.00171954 -0.00166136 -0.00176009 -0.00166005 -0.00176416 -0.00167876 -0.00161151 -0.00165619 -0.00169644 -0.00162326 -0.0016724 -0.00173321 -0.00166985 -0.00160284 -0.0016963 -0.00169405 -0.00169276 -0.00176143 -0.00167687 -0.00176935 -0.00170617 -0.00160158 -0.001607 -0.00170207 -0.00170935 -0.00165792 -0.00158263 -0.00165372 -0.00176499 -0.00169774 -0.00167123 -0.0016377 -0.00175009 -0.00168092 -0.00158001 -0.0016124 -0.00170558 -0.00163846 -0.00159534 -0.00167749 -0.00168541 -0.00184522 -0.00158467 -0.00163851 -0.00178107 -0.00165651 -0.0014451 
-0.00140946 -0.00131365 -0.0013197 -0.001178 0.00210048 0.00220623 0.00232752 0.00248949 0.00245415 0.130129 0.00260363 0.00250264 0.00225783 0.00226106 -0.00148272 -0.00157236 -0.00171654 -0.00179224 -0.00198188 -0.00211688 -0.00204609 -0.00202069 -0.00206158 -0.00192937 -0.00217442 -0.00196646 -0.00191929 -0.00191988 -0.00186422 -0.00185696 -0.00185437 -0.00195365 -0.00184986 -0.00183508 -0.00170707 -0.00168044 -0.0018656 -0.00181036 -0.00184306 -0.00174963 -0.00170629 -0.00173602 -0.00172362 -0.00173056 -0.00172314 -0.00164226 -0.00169436 -0.00171171 -0.00165229 -0.00171187 -0.00164892 -0.00153639 -0.00163351 -0.00165869 -0.0015433 -0.00161377 -0.00161389 -0.00160985 -0.00164307 -0.00157057 -0.00168258 -0.00164429 -0.00150818 -0.00153038 -0.00159015 -0.00157746 -0.00159896 -0.00167599 -0.00168501 -0.00162011 -0.00160279 -0.00163251 -0.00146373 -0.00157477 -0.00151964 -0.0015755 -0.00157341 -0.00160322 -0.00160147 -0.00160998 -0.00159682 -0.00152499 -0.00168492 -0.00161636 -0.00169609 -0.00172351 -0.00159245 -0.00155185 -0.00147765 -0.0016347 -0.00170066 -0.00164788 -0.00169712 -0.00162166 -0.00163447 -0.001704 -0.00165089 -0.00163079 -0.0016352 -0.00154445 
-0.00163849 -0.00150648 -0.0014506 -0.00131967 -0.00119268 0.00225884 0.00218725 0.00236946 0.00249217 0.00260363 0.13485 0.00277576 0.00264926 0.00261336 0.00222072 0.00235957 -0.00161263 -0.00175004 -0.00183655 -0.00197012 -0.00213903 -0.00210988 -0.00221122 -0.00206987 -0.00234691 -0.00217078 -0.00211945 -0.00196647 -0.00196808 -0.00199745 -0.00203489 -0.00198234 -0.00199167 -0.00195013 -0.00182258 -0.00184486 -0.00187013 -0.00188446 -0.001954 -0.00181613 -0.00181573 -0.00179755 -0.00186103 -0.00188665 -0.00186999 -0.00191136 -0.00176187 -0.00181127 -0.00170173 -0.00173396 -0.00172166 -0.00182059 -0.00172897 -0.00177532 -0.00178801 -0.00176171 -0.00171681 -0.00181543 -0.00167211 -0.00171837 -0.00176086 -0.00169734 -0.00170534 -0.00171398 -0.00176739 -0.00185581 -0.00168734 -0.00172808 -0.00182071 -0.00174149 -0.00173282 -0.00177035 -0.0017727 -0.00173444 -0.00166035 -0.00157606 -0.00178524 -0.00174591 -0.00172927 -0.0016545 -0.00171326 -0.00172825 -0.00175084 -0.00175992 -0.00170476 -0.00173426 -0.00167716 -0.00173304 -0.00164671 -0.00176021 -0.00176436 -0.00173702 -0.0017915 -0.00181305 -0.00171153 -0.0017503 -0.00171208 -0.00171367 -0.00164534 -0.00169546 
-0.00168333 -0.00160206 -0.00153256 -0.00143211 -0.0014459 -0.00139621 0.0021825 0.00230466 0.00239632 0.00250264 0.00277576 0.136558 0.00275126 0.00268489 0.00254196 0.0024861 0.00244234 -0.00157079 -0.00172036 -0.00181172 -0.00201481 -0.00204673 -0.00211942 -0.00208101 -0.00221662 -0.0022278 -0.00211867 -0.00205318 -0.00207611 -0.0020828 -0.00202464 -0.00202023 -0.00211779 -0.00199014 -0.001888 -0.00195258 -0.00195285 -0.00196597 -0.00196385 -0.00180932 -0.00191784 -0.00186964 -0.00177897 -0.00187117 -0.00197047 -0.00190228 -0.00182993 -0.00172658 -0.00183041 -0.00179824 -0.00183663 -0.00176203 -0.00173172 -0.00169926 -0.00178214 -0.00173188 -0.00180781 -0.00174972 -0.00179926 -0.00178343 -0.00178481 -0.00167687 -0.00166501 -0.00170758 -0.00172703 -0.00175988 -0.0017066 -0.00179273 -0.00171989 -0.00178812 -0.00178399 -0.00173808 -0.00179854 -0.00180122 -0.00167176 -0.00177048 -0.0017235 -0.00178519 -0.00178714 -0.00186359 -0.0018072 -0.00174725 -0.00181215 -0.00177169 -0.00172143 -0.0017635 -0.00174133 -0.00170439 -0.001652 -0.00179802 -0.00183313 -0.00184286 -0.00185846 -0.00178992 -0.00182444 -0.00178319 -0.0017567 -0.00178463 -0.00182213 -0.00166282 
-0.00176957 -0.00163039 -0.00157505 -0.00148577 -0.00140264 -0.001421 -0.00134043 0.00215183 0.00232877 0.00225783 0.00264926 0.00275126 0.135439 0.00274368 0.00263176 0.00240408 0.00246044 -0.00162222 -0.0015228 -0.00180698 -0.00194047 -0.00198102 -0.00200373 -0.00210444 -0.00210141 -0.00213445 -0.00203101 -0.00202253 -0.00192808 -0.00196754 -0.0020677 -0.00186393 -0.00195458 -0.0019114 -0.00184779 -0.00189051 -0.00184956 -0.00183135 -0.00184764 -0.00182998 -0.00177108 -0.00161888 -0.00181573 -0.00182197 -0.00184072 -0.00174531 -0.00164677 -0.00174029 -0.00179652 -0.00173104 -0.00173015 -0.00174341 -0.00173146 -0.00176878 -0.00164203 -0.00178841 -0.00177364 -0.00166322 -0.00175859 -0.00169293 -0.00167093 -0.00167896 -0.00163361 -0.00168323 -0.00169679 -0.00170929 -0.00171636 -0.001718 -0.00171389 -0.00167495 -0.00178353 -0.0015783 -0.00175542 -0.00169301 -0.00167518 -0.00161948 -0.00169584 -0.00161776 -0.00167391 -0.0018 -0.00168687 -0.00169146 -0.00177319 -0.00171504 -0.00174644 -0.00174789 -0.00175029 -0.00160662 -0.00167025 -0.00167422 -0.00174069 -0.00172822 -0.00176464 -0.00167898 -0.0018719 -0.0016988 -0.00177097 -0.00167924 -0.00172523 -0.00180175 
-0.00186322 -0.00181766 -0.00178786 -0.00170587 -0.00165181 -0.001674 -0.00154726 -0.0013625 0.00213021 0.00226106 0.00261336 0.00268489 0.00274368 0.140498 0.00277721 0.00281704 0.00282904 0.00244331 0.0024881 -0.00167829 -0.0018257 -0.00181295 -0.00189844 -0.0021799 -0.00231461 -0.00228873 -0.00212307 -0.00207865 -0.00206555 -0.00202954 -0.00210707 -0.00210556 -0.0020277 -0.00202634 -0.00195459 -0.00192946 -0.00204873 -0.00198435 -0.00202976 -0.00189329 -0.00185347 -0.00179183 -0.00194951 -0.00198289 -0.00206767 -0.00186384 -0.00187574 -0.00187676 -0.00186704 -0.00185476 -0.00191487 -0.00184144 -0.00182261 -0.00183909 -0.00190836 -0.00184517 -0.00182752 -0.00180207 -0.0018495 -0.00183979 -0.00188547 -0.00188631 -0.00168782 -0.00185102 -0.00179064 -0.00181606 -0.00194803 -0.00180857 -0.0018353 -0.00177217 -0.00177472 -0.00186053 -0.00171779 -0.00188095 -0.00165194 -0.00184496 -0.00169414 -0.00180933 -0.00191933 -0.00175397 -0.00176842 -0.00188805 -0.00184445 -0.00182957 -0.00187692 -0.00188071 -0.00183289 -0.001767 -0.00180891 -0.00187342 -0.00177185 -0.00190867 -0.00187025 -0.00187322 -0.00185994 -0.00183976 -0.00185917 -0.00185173 -0.00192288 -0.00168316 
-0.00175042 -0.00180307 -0.00175966 -0.00182593 -0.00181794 -0.00179413 -0.00166867 -0.00158638 -0.00156025 -0.00148272 0.00222072 0.00254196 0.00263176 0.00277721 0.139629 0.00301064 0.00288699 0.00267989 0.00259285 0.0026366 -0.0017557 -0.00164716 -0.0017299 -0.0019411 -0.00212957 -0.00224319 -0.00209724 -0.00214354 -0.00203211 -0.00202234 -0.00203092 -0.0021161 -0.00201725 -0.00197151 -0.00187517 -0.00187168 -0.00199055 -0.00196715 -0.00200776 -0.00196953 -0.00177309 -0.00180933 -0.00190702 -0.00191196 -0.00192532 -0.00192933 -0.00179708 -0.00188737 -0.0018816 -0.0017844 -0.00181556 -0.00180086 -0.00178874 -0.00179799 -0.00178809 -0.00173677 -0.00182297 -0.00178741 -0.00181312 -0.00175898 -0.00175022 -0.00165368 -0.00175487 -0.0017036 -0.00173412 -0.00166189 -0.00179662 -0.0017749 -0.00190048 -0.00182552 -0.0017758 -0.00172755 -0.00168738 -0.00176901 -0.00162099 -0.00163944 -0.00176562 -0.00180486 -0.00174958 -0.00174442 -0.00177637 -0.00176488 -0.00178018 -0.00180672 -0.00173581 -0.0017731 -0.00182737 -0.00173776 -0.00167818 -0.0018436 -0.00182 -0.0017106 -0.00176837 -0.00178243 -0.00181359 -0.00179693 -0.00184619 -0.00185799 -0.00175308 -0.00176778 
-0.00198976 -0.00179397 -0.00180046 -0.00178484 -0.00183225 -0.00182943 -0.00180043 -0.00167642 -0.00157216 -0.00157236 0.00235957 0.0024861 0.00240408 0.00281704 0.00301064 0.141145 0.00292097 0.00270097 0.00279189 0.00260615 -0.00163187 -0.0016263 -0.00180871 -0.00191326 -0.00214763 -0.0022035 -0.00208703 -0.00206083 -0.00221374 -0.00204732 -0.00210979 -0.00204233 -0.00200321 -0.00204286 -0.00194937 -0.00189586 -0.00200399 -0.00185676 -0.00196845 -0.00185978 -0.00192896 -0.00183019 -0.00193937 -0.00192007 -0.00188969 -0.00195231 -0.00185339 -0.00189401 -0.00177376 -0.00178452 -0.00189486 -0.0017946 -0.00188853 -0.00177553 -0.00180296 -0.00175291 -0.00184562 -0.00181808 -0.00179769 -0.00179793 -0.00174946 -0.00171928 -0.00169997 -0.00181414 -0.00183581 -0.00178376 -0.0018522 -0.00177886 -0.0018188 -0.00181049 -0.00181496 -0.00175568 -0.00178268 -0.00181392 -0.00165267 -0.00163563 -0.00164096 -0.00177667 -0.00179392 -0.00175231 -0.0017979 -0.00186295 -0.00174352 -0.00185846 -0.00183686 -0.00173845 -0.00176364 -0.00176668 -0.00170428 -0.00181693 -0.00176166 -0.00186475 -0.00183193 -0.00178459 -0.00175784 -0.00176674 -0.00184994 -0.00178664 -0.00186936 -0.00173697 
-0.00196915 -0.0019811 -0.00188973 -0.00193632 -0.00195061 -0.00199551 -0.0019497 -0.00188372 -0.00182523 -0.00171654 -0.00161263 0.00244234 0.00246044 0.00282904 0.00288699 0.00292097 0.146253 0.00309506 0.00294482 0.00290473 0.00267261 0.00260094 -0.00169112 -0.00187462 -0.00202861 -0.00206059 -0.00223212 -0.00218259 -0.00214611 -0.00213005 -0.00227279 -0.00213286 -0.00211761 -0.00226917 -0.00209386 -0.00200365 -0.00208831 -0.00216069 -0.0020754 -0.00204451 -0.00188959 -0.00197702 -0.0020684 -0.00206543 -0.00210744 -0.00204069 -0.00193679 -0.00204405 -0.0017763 -0.00189451 -0.00197574 -0.00187642 -0.00190835 -0.00189244 -0.00196597 -0.00190393 -0.00186101 -0.00193807 -0.00195772 -0.0019678 -0.00190125 -0.00190268 -0.00183814 -0.00186788 -0.00192666 -0.00191589 -0.00199921 -0.00193264 -0.00200869 -0.00192906 -0.00199235 -0.00201527 -0.00194354 -0.00193803 -0.00184028 -0.0018417 -0.00190403 -0.00191361 -0.00191868 -0.00201217 -0.00189995 -0.00187873 -0.00194734 -0.00190281 -0.00189562 -0.00194346 -0.00193313 -0.00185659 -0.00184143 -0.0019359 -0.00188666 -0.00192772 -0.00189099 -0.00178811 -0.0019948 -0.00197423 -0.00191237 -0.00187501 -0.00190554 -0.00191629 
-0.00179472 -0.00188362 -0.00188258 -0.00189266 -0.00193144 -0.00207936 -0.00203878 -0.00204579 -0.00200808 -0.00179224 -0.00175004 -0.00157079 -0.00162222 0.00244331 0.00267989 0.00270097 0.00309506 0.144454 0.00332557 0.00305163 0.00284129 0.00265424 0.00267992 -0.00161213 -0.00176655 -0.00184879 -0.00202926 -0.00215031 -0.00207647 -0.0020675 -0.00215424 -0.00207733 -0.00208647 -0.00217555 -0.00199538 -0.00198178 -0.00203343 -0.00201498 -0.00205175 -0.0020209 -0.00194656 -0.00194648 -0.00198956 -0.00203584 -0.00199102 -0.00191314 -0.00182284 -0.00189823 -0.00177457 -0.00192784 -0.0019164 -0.0018994 -0.00185402 -0.00193026 -0.00185059 -0.00190727 -0.00182491 -0.00181247 -0.00185173 -0.00189328 -0.00193074 -0.00187685 -0.00169852 -0.00182877 -0.0018489 -0.00183466 -0.00183515 -0.00183101 -0.0019638 -0.00192779 -0.0018744 -0.00185537 -0.00197126 -0.00193553 -0.00178086 -0.00182492 -0.00174457 -0.00183671 -0.00185086 -0.00187506 -0.00191309 -0.00181764 -0.00186004 -0.00185954 -0.00186388 -0.00179168 -0.00187325 -0.0017351 -0.00168708 -0.00185991 -0.00178358 -0.00189629 -0.00180607 -0.00183487 -0.00183254 -0.00179444 -0.00182067 -0.00181036 -0.00180914 -0.00172964 
-0.00188248 -0.00187561 -0.00184183 -0.00186218 -0.00201987 -0.00208403 -0.00205923 -0.00196822 -0.001902 -0.00198188 -0.00183655 -0.00172036 -0.0015228 0.0024881 0.00259285 0.00279189 0.00294482 0.00332557 0.145412 0.00303027 0.00284232 0.00272465 0.00277528 -0.00168723 -0.00191724 -0.00192575 -0.00200355 -0.00215897 -0.00220231 -0.00216961 -0.00207039 -0.00211208 -0.0021168 -0.00207423 -0.00192574 -0.00200237 -0.00208725 -0.00202547 -0.00193525 -0.00198972 -0.00196876 -0.0018587 -0.00202626 -0.00206858 -0.00198003 -0.00195754 -0.00191892 -0.00182375 -0.00187738 -0.00184981 -0.00192498 -0.00188155 -0.00184394 -0.00180157 -0.0019917 -0.00185493 -0.00182286 -0.00173046 -0.00180276 -0.00183131 -0.00185904 -0.00183136 -0.00183619 -0.00170831 -0.0018551 -0.00191679 -0.00176898 -0.0018968 -0.00187072 -0.00189317 -0.00188193 -0.00180367 -0.00193114 -0.00181481 -0.00174349 -0.00169964 -0.00171722 -0.00188551 -0.00185682 -0.00186776 -0.00186748 -0.00191935 -0.00188143 -0.00176738 -0.00196473 -0.00182369 -0.00184439 -0.00182764 -0.00178998 -0.00194955 -0.00189155 -0.0019447 -0.00176204 -0.0019528 -0.00191451 -0.00184696 -0.00192445 -0.00185269 -0.00193769 -0.00184962 
-0.00202901 -0.00203049 -0.00204162 -0.00195017 -0.00208547 -0.00220746 -0.00226877 -0.00214885 -0.00207677 -0.00211688 -0.00197012 -0.00181172 -0.00180698 -0.00167829 0.0026366 0.00260615 0.00290473 0.00305163 0.00303027 0.149502 0.00298803 0.0031045 0.00301248 0.00276294 0.00266931 -0.0017218 -0.00184393 -0.00200568 -0.00203584 -0.0020944 -0.00214158 -0.00220952 -0.00219847 -0.00229795 -0.00208446 -0.00211293 -0.00219715 -0.00212561 -0.00202423 -0.0021193 -0.00199644 -0.00198132 -0.00206276 -0.00213128 -0.00215659 -0.00209209 -0.00189069 -0.00195717 -0.00197687 -0.00205689 -0.00200854 -0.00193956 -0.00195467 -0.00201956 -0.00193899 -0.00193932 -0.00196806 -0.00202037 -0.00210125 -0.00197502 -0.00202093 -0.00196633 -0.00189904 -0.0019319 -0.00189742 -0.0020194 -0.00203092 -0.00194849 -0.0019164 -0.00200022 -0.00194343 -0.00195128 -0.00199763 -0.00194505 -0.00189541 -0.00195759 -0.00197578 -0.00201795 -0.00194452 -0.00200789 -0.00194912 -0.00198516 -0.00194042 -0.00202709 -0.00196025 -0.0020027 -0.00201308 -0.00179714 -0.00189133 -0.00206699 -0.0019975 -0.00201419 -0.00199015 -0.00191819 -0.00206052 -0.00193377 -0.00196563 -0.00195598 -0.00205692 -0.00187169 
-0.00178963 -0.00191182 -0.00184633 -0.00194152 -0.00203105 -0.00207218 -0.00210239 -0.00207353 -0.00206822 -0.00204609 -0.00213903 -0.00201481 -0.00194047 -0.0018257 -0.0017557 -0.00163187 0.00267261 0.00284129 0.00284232 0.00298803 0.146479 0.00319307 0.00317581 0.00285839 0.00282017 0.00257154 -0.00166957 -0.0017812 -0.00184956 -0.00180418 -0.00188946 -0.00218247 -0.00211441 -0.00212304 -0.00201652 -0.00197094 -0.00209052 -0.00209113 -0.00203301 -0.0019856 -0.00191751 -0.00203673 -0.00201233 -0.00196586 -0.00200791 -0.00202832 -0.00193114 -0.00184051 -0.00190379 -0.00194133 -0.00187011 -0.00194513 -0.00188125 -0.00192813 -0.00196612 -0.00187973 -0.00179647 -0.0019664 -0.0019171 -0.00183921 -0.0019361 -0.00190882 -0.0018067 -0.00179105 -0.0019029 -0.00197762 -0.0018975 -0.00195034 -0.00195749 -0.00185902 -0.00191136 -0.00189851 -0.00194227 -0.00191896 -0.00176906 -0.00172806 -0.00176204 -0.00188018 -0.00199184 -0.00190773 -0.00190943 -0.00193649 -0.00181709 -0.00182101 -0.00200884 -0.00184157 -0.00180684 -0.00188637 -0.00180636 -0.00177798 -0.00189071 -0.00190926 -0.0018533 -0.00178385 -0.00192331 -0.00187771 -0.00198425 -0.00192196 -0.00184699 -0.00177475 
-0.00186302 -0.00192867 -0.00201727 -0.00190897 -0.00197444 -0.00205256 -0.00219115 -0.00205889 -0.00208562 -0.00202069 -0.00210988 -0.00204673 -0.00198102 -0.00181295 -0.00164716 -0.0016263 0.00260094 0.00265424 0.00272465 0.0031045 0.00319307 0.146391 0.0030235 0.00271195 0.00288952 0.00259148 -0.00163727 -0.00180718 -0.00189566 -0.00176882 -0.00201056 -0.00200646 -0.00211509 -0.0020641 -0.00192148 -0.0018793 -0.00209644 -0.00199266 -0.00196562 -0.00205511 -0.00192502 -0.00195703 -0.0020498 -0.00206259 -0.00199791 -0.00201765 -0.00197215 -0.00189568 -0.00202158 -0.00187643 -0.00193928 -0.00193388 -0.00183014 -0.00197287 -0.00181429 -0.00192136 -0.00181942 -0.00201535 -0.00188485 -0.00184548 -0.00187015 -0.00190826 -0.00186059 -0.00182314 -0.00191889 -0.00177524 -0.00181947 -0.00187056 -0.00191964 -0.00183696 -0.00195453 -0.00187146 -0.00196647 -0.00188796 -0.00170843 -0.00177215 -0.00178073 -0.00189827 -0.00188116 -0.00187327 -0.00191336 -0.00182058 -0.00193062 -0.00193904 -0.00191178 -0.00190237 -0.0019952 -0.00187103 -0.00166521 -0.00181717 -0.00188299 -0.00187391 -0.00169825 -0.00188346 -0.00197413 -0.00179399 -0.00187102 -0.00194785 -0.00193878 -0.00176321 
-0.00187468 -0.00192653 -0.00192516 -0.00203607 -0.0018917 -0.00203978 -0.0020905 -0.00209545 -0.0021671 -0.00206158 -0.00221122 -0.00211942 -0.00200373 -0.00189844 -0.0017299 -0.00180871 -0.00169112 0.00267992 0.00277528 0.00301248 0.00317581 0.0030235 0.145472 0.00290364 0.00307415 0.00270101 0.00233256 -0.00169115 -0.00175067 -0.00160521 -0.00190012 -0.00201254 -0.0021002 -0.00204106 -0.00195989 -0.00197792 -0.00201392 -0.00203371 -0.00201543 -0.00214172 -0.00188073 -0.00194398 -0.00197725 -0.00197105 -0.00191682 -0.00197436 -0.00200856 -0.00186243 -0.00190255 -0.00182206 -0.00190962 -0.00185461 -0.00189417 -0.00192142 -0.00199562 -0.00184257 -0.00185645 -0.00192554 -0.00189134 -0.00185846 -0.00184191 -0.0019206 -0.0017105 -0.00177654 -0.00183898 -0.00198936 -0.00184676 -0.00181907 -0.00182783 -0.00188804 -0.00183922 -0.00179516 -0.00189969 -0.00177243 -0.00180441 -0.00180546 -0.00173678 -0.00178852 -0.00197006 -0.00189152 -0.00189102 -0.00193231 -0.00199147 -0.00187681 -0.00184092 -0.00183795 -0.00205 -0.00170251 -0.00175038 -0.00189503 -0.00194193 -0.00187713 -0.00175495 -0.0018645 -0.0018842 -0.00181569 -0.00185171 -0.0019326 -0.00187294 -0.00179888 
-0.00168937 -0.00173156 -0.00181865 -0.00167701 -0.0017862 -0.00193818 -0.00195202 -0.00186426 -0.00192706 -0.00192937 -0.00206987 -0.00208101 -0.00210444 -0.0021799 -0.0019411 -0.00191326 -0.00187462 -0.00161213 -0.00168723 0.00276294 0.00285839 0.00271195 0.00290364 0.141616 0.0030601 0.0028741 0.00268507 0.00242803 -0.00145774 -0.00138709 -0.00172246 -0.00179897 -0.00182902 -0.00199649 -0.00183184 -0.00188754 -0.0019851 -0.00190421 -0.00190279 -0.001933 -0.00185732 -0.00177976 -0.00187129 -0.00192586 -0.00182911 -0.00191595 -0.00182895 -0.00180559 -0.00181754 -0.00181849 -0.00181282 -0.00183305 -0.00173746 -0.00180522 -0.00167754 -0.00178623 -0.00178067 -0.00182947 -0.00176216 -0.00180536 -0.0017018 -0.00181344 -0.00171203 -0.00177269 -0.00178192 -0.00176302 -0.00174945 -0.00177912 -0.0017181 -0.00178199 -0.00177223 -0.00172259 -0.00180196 -0.00168326 -0.00163523 -0.00175487 -0.00168564 -0.00173689 -0.00182953 -0.0017927 -0.001685 -0.0017297 -0.00176373 -0.00180386 -0.00173646 -0.00180361 -0.00174935 -0.00168012 -0.0017128 -0.00175098 -0.00183996 -0.00172492 -0.0017772 -0.00183052 -0.00179863 -0.00175828 -0.00181739 -0.00179989 -0.00172704 -0.00172949 
-0.00196738 -0.00198175 -0.00197606 -0.00204189 -0.00202714 -0.00215023 -0.00207654 -0.00213889 -0.00216099 -0.00217442 -0.00234691 -0.00221662 -0.00210141 -0.00231461 -0.00212957 -0.00214763 -0.00202861 -0.00176655 -0.00191724 0.00266931 0.00282017 0.00288952 0.00307415 0.0030601 0.146086 0.00320542 0.00278834 0.0025734 0.00237474 0.002382 -0.00161142 -0.0016399 -0.00186758 -0.00194961 -0.00197103 -0.00196262 -0.00202556 -0.00209038 -0.00206962 -0.00208823 -0.00196963 -0.00198405 -0.00206877 -0.00216075 -0.00199468 -0.00208238 -0.00195143 -0.00190667 -0.00199446 -0.00193747 -0.00189794 -0.00192483 -0.00202331 -0.00193029 -0.00194116 -0.00195354 -0.0019628 -0.00193251 -0.0019432 -0.00196482 -0.00194555 -0.0019421 -0.00182138 -0.00199928 -0.0019579 -0.00185794 -0.00198528 -0.00194401 -0.00196033 -0.00192496 -0.00185897 -0.0017542 -0.00194353 -0.00185782 -0.00181104 -0.0018823 -0.00179502 -0.00186586 -0.0019356 -0.00186735 -0.00192084 -0.00195352 -0.00185614 -0.0019297 -0.00186052 -0.00194171 -0.00188158 -0.00175094 -0.00183808 -0.00181586 -0.00189854 -0.00188245 -0.00183389 -0.00188219 -0.00186845 -0.00185108 -0.00189492 -0.00199349 -0.001896 -0.00179811 
-0.00194629 -0.00199358 -0.00192484 -0.0020298 -0.00191386 -0.00204415 -0.00215457 -0.00200282 -0.00210672 -0.00196646 -0.00217078 -0.0022278 -0.00213445 -0.00228873 -0.00224319 -0.0022035 -0.00206059 -0.00184879 -0.00192575 -0.0017218 0.00257154 0.00259148 0.00270101 0.0028741 0.00320542 0.143852 0.00284367 0.00275142 0.0024931 0.00247107 0.00229943 -0.00157412 -0.00164051 -0.00185748 -0.00185019 -0.00183277 -0.00199554 -0.0019907 -0.00199862 -0.00204004 -0.00191131 -0.00179246 -0.00207049 -0.00197564 -0.00199952 -0.00202656 -0.00188088 -0.00186201 -0.00190052 -0.00192993 -0.00191032 -0.0018677 -0.00190298 -0.0018947 -0.00185104 -0.00187026 -0.00197272 -0.00188529 -0.00182892 -0.00196969 -0.00200465 -0.00194549 -0.00180201 -0.00184206 -0.00177587 -0.00187049 -0.00187756 -0.00194986 -0.00191445 -0.00186411 -0.00189279 -0.00188913 -0.00192561 -0.00187194 -0.00176555 -0.00170813 -0.00178067 -0.00188607 -0.00185638 -0.00192877 -0.00187849 -0.00190685 -0.00183428 -0.00183882 -0.00182956 -0.00183965 -0.0019299 -0.00185153 -0.00176668 -0.00190973 -0.00186779 -0.00190199 -0.00189598 -0.00197144 -0.00186147 -0.00188819 -0.00186999 -0.00181888 -0.00189971 -0.0017499 
-0.0018116 -0.00177272 -0.00181323 -0.00185226 -0.00187735 -0.00185863 -0.00191798 -0.00189043 -0.00205455 -0.00191929 -0.00211945 -0.00211867 -0.00203101 -0.00212307 -0.00209724 -0.00208703 -0.00223212 -0.00202926 -0.00200355 -0.00184393 -0.00166957 -0.00163727 0.00233256 0.00268507 0.00278834 0.00284367 0.138892 0.00291814 0.00260457 0.00261906 0.0024777 0.00233147 -0.001495 -0.00147228 -0.00153869 -0.00164439 -0.00177412 -0.00181448 -0.00188971 -0.00195497 -0.00178626 -0.00180367 -0.00191442 -0.00180329 -0.00186723 -0.00186063 -0.00186562 -0.001775 -0.00181727 -0.00184658 -0.00178709 -0.00176116 -0.00177081 -0.00181226 -0.00172648 -0.00172875 -0.00175612 -0.0017143 -0.00177714 -0.00166838 -0.00178542 -0.00181138 -0.00166995 -0.00176087 -0.00177047 -0.00178086 -0.00172582 -0.00174505 -0.00182529 -0.0017315 -0.00171127 -0.00176027 -0.00170873 -0.00182628 -0.00164753 -0.00169153 -0.0016748 -0.00185378 -0.00173304 -0.00179329 -0.00182694 -0.00174986 -0.00178528 -0.00177828 -0.0017836 -0.00170256 -0.0017119 -0.00175067 -0.00168519 -0.00183741 -0.00178429 -0.00182166 -0.00180287 -0.00176907 -0.00172869 -0.00174873 -0.0017993 -0.00180086 -0.00175505 -0.00167717 
-0.00181508 -0.00178606 -0.00176124 -0.00184503 -0.00186914 -0.00187059 -0.00184186 -0.00194717 -0.00195608 -0.00191988 -0.00196647 -0.00205318 -0.00202253 -0.00207865 -0.00214354 -0.00206083 -0.00218259 -0.00215031 -0.00215897 -0.00200568 -0.0017812 -0.00180718 -0.00169115 0.00242803 0.0025734 0.00275142 0.00291814 0.137106 0.00277507 0.00269455 0.00263227 0.00253031 0.00228621 -0.00129009 -0.00155271 -0.00150196 -0.00166386 -0.00176495 -0.00175492 -0.00173983 -0.00189927 -0.00176157 -0.0019347 -0.00179689 -0.00189472 -0.00195365 -0.00168853 -0.0016951 -0.00173563 -0.00174716 -0.0017097 -0.00178491 -0.0017776 -0.00174317 -0.00172362 -0.00180224 -0.00179518 -0.00182619 -0.00181688 -0.00179842 -0.00177042 -0.00181796 -0.0017582 -0.00167013 -0.00167247 -0.00180703 -0.00169967 -0.00168947 -0.00169701 -0.00173038 -0.00169715 -0.00164951 -0.00169686 -0.0016856 -0.00158892 -0.00169399 -0.00170057 -0.00182303 -0.00164749 -0.00172008 -0.00179068 -0.0017115 -0.00173218 -0.00172626 -0.00178153 -0.00171191 -0.0016815 -0.00170023 -0.0016704 -0.00170894 -0.00183119 -0.00171474 -0.00175697 -0.00184153 -0.00163658 -0.00169924 -0.00175045 -0.00170589 -0.00176952 -0.00169042 
-0.00177772 -0.00174588 -0.00173025 -0.00174807 -0.00174283 -0.00188438 -0.00184259 -0.00192805 -0.00193776 -0.00186422 -0.00196808 -0.00207611 -0.00192808 -0.00206555 -0.00203211 -0.00221374 -0.00214611 -0.00207647 -0.00220231 -0.00203584 -0.00184956 -0.00189566 -0.00175067 -0.00145774 0.00237474 0.0024931 0.00260457 0.00277507 0.135156 0.00282406 0.00260178 0.00254935 0.00236195 0.00219691 -0.00139097 -0.0013598 -0.00156502 -0.00159401 -0.00169174 -0.00179412 -0.00177269 -0.00162385 -0.00178742 -0.00173788 -0.00182837 -0.00182185 -0.00171995 -0.00181258 -0.00169693 -0.00175725 -0.00181072 -0.00169282 -0.00171492 -0.00176039 -0.00171837 -0.00174716 -0.00179428 -0.0017316 -0.00169202 -0.00172433 -0.00179089 -0.0017244 -0.0015756 -0.00166303 -0.00172959 -0.00164201 -0.0016551 -0.00166416 -0.00170297 -0.0017099 -0.00171988 -0.00170673 -0.00165551 -0.00172906 -0.00165414 -0.00154486 -0.00166548 -0.00167668 -0.00168744 -0.00174584 -0.00172531 -0.00171954 -0.00167942 -0.001704 -0.00152771 -0.00169098 -0.00166363 -0.00168535 -0.00164071 -0.00172559 -0.00169998 -0.00168429 -0.00172668 -0.00175578 -0.00174048 -0.00177642 -0.00165818 -0.00179274 -0.00183289 -0.00162409 
-0.00166031 -0.00173068 -0.00175203 -0.00170044 -0.00177146 -0.00179505 -0.00186393 -0.00188123 -0.00193915 -0.00185696 -0.00199745 -0.0020828 -0.00196754 -0.00202954 -0.00202234 -0.00204732 -0.00213005 -0.0020675 -0.00216961 -0.0020944 -0.00180418 -0.00176882 -0.00160521 -0.00138709 0.002382 0.00247107 0.00261906 0.00269455 0.00282406 0.133786 0.00258806 0.0024973 0.0023502 0.00218577 -0.00137107 -0.00138428 -0.001512 -0.0016423 -0.00164566 -0.00188132 -0.00167105 -0.00157819 -0.00181761 -0.00185104 -0.00176898 -0.00176705 -0.001723 -0.00168766 -0.00168062 -0.00173912 -0.00173955 -0.0018213 -0.00167855 -0.0016654 -0.00165272 -0.00172196 -0.00170723 -0.00166418 -0.00173143 -0.00176423 -0.00180184 -0.0017229 -0.00168621 -0.00169703 -0.00170957 -0.00164095 -0.00172405 -0.00169699 -0.0016572 -0.00172469 -0.00166244 -0.00174949 -0.0016407 -0.00171782 -0.00157033 -0.00161663 -0.00167319 -0.00172547 -0.0016787 -0.00162368 -0.00174304 -0.00168778 -0.00166414 -0.00168728 -0.00165036 -0.00177499 -0.00168164 -0.0016494 -0.00157344 -0.0017996 -0.001663 -0.00159363 -0.00172556 -0.00175725 -0.00168332 -0.00167839 -0.00168678 -0.00164062 -0.0016721 -0.00167282 
-0.00180277 -0.00176364 -0.00176311 -0.00179075 -0.00178999 -0.00190491 -0.00195242 -0.00188835 -0.00194795 -0.00185437 -0.00203489 -0.00202464 -0.0020677 -0.00210707 -0.00203092 -0.00210979 -0.00227279 -0.00215424 -0.00207039 -0.00214158 -0.00188946 -0.00201056 -0.00190012 -0.00172246 -0.00161142 0.00229943 0.0024777 0.00263227 0.00260178 0.00258806 0.134382 0.00265834 0.002461 0.00244296 0.00213543 0.00223243 -0.00133973 -0.00146182 -0.00146624 -0.00170606 -0.00177348 -0.00171923 -0.00184346 -0.0017612 -0.00174385 -0.00178672 -0.00173266 -0.00176196 -0.00171705 -0.00170923 -0.00175015 -0.00178624 -0.00171142 -0.00168096 -0.00172257 -0.00181274 -0.00181599 -0.0017788 -0.00184772 -0.00173494 -0.00174736 -0.00188903 -0.00162468 -0.00158127 -0.00175725 -0.00180413 -0.00176266 -0.0016955 -0.00165501 -0.00177241 -0.00173183 -0.00174106 -0.00166179 -0.00177393 -0.0016324 -0.00159274 -0.00169923 -0.00174906 -0.00177043 -0.00182051 -0.00184644 -0.00170104 -0.00180446 -0.00175962 -0.00180469 -0.00170782 -0.00174844 -0.00166138 -0.00161596 -0.00168037 -0.00170915 -0.00176131 -0.00181967 -0.00171882 -0.00176225 -0.00175434 -0.00174527 -0.00171381 -0.00172835 -0.00163525 
-0.00184789 -0.00175173 -0.0017788 -0.00182867 -0.00180194 -0.00191015 -0.00185894 -0.00188174 -0.00197714 -0.00195365 -0.00198234 -0.00202023 -0.00186393 -0.00210556 -0.0021161 -0.00204233 -0.00213286 -0.00207733 -0.00211208 -0.00220952 -0.00218247 -0.00200646 -0.00201254 -0.00179897 -0.0016399 -0.00157412 0.00233147 0.00253031 0.00254935 0.0024973 0.00265834 0.132982 0.00261338 0.00246137 0.00229136 0.00222137 0.00208811 -0.00128496 -0.001451 -0.00156332 -0.0015862 -0.00169192 -0.00175891 -0.00184452 -0.00177257 -0.00184535 -0.0017902 -0.00173574 -0.00172539 -0.00174577 -0.00168067 -0.00177387 -0.00170041 -0.00171597 -0.00177188 -0.00174954 -0.00171361 -0.00176652 -0.00169588 -0.00177907 -0.00162166 -0.00166758 -0.00160062 -0.00163112 -0.00168675 -0.00158172 -0.00164109 -0.00171784 -0.00170427 -0.00174282 -0.00172352 -0.00172362 -0.00169072 -0.00181285 -0.00161218 -0.00162112 -0.00162483 -0.00180602 -0.00177541 -0.00177603 -0.00179076 -0.00166952 -0.0016761 -0.00177033 -0.00177961 -0.00178248 -0.00172452 -0.00157501 -0.00155224 -0.00161247 -0.00180458 -0.00169114 -0.0017321 -0.00177612 -0.00174497 -0.00161374 -0.00174563 -0.00160169 -0.00160673 -0.00160185 
-0.00178879 -0.00175226 -0.00167269 -0.00166502 -0.00176599 -0.00182233 -0.00184614 -0.00188694 -0.00188172 -0.00184986 -0.00199167 -0.00211779 -0.00195458 -0.0020277 -0.00201725 -0.00200321 -0.00211761 -0.00208647 -0.0021168 -0.00219847 -0.00211441 -0.00211509 -0.0021002 -0.00182902 -0.00186758 -0.00164051 -0.001495 0.00228621 0.00236195 0.0023502 0.002461 0.00261338 0.131441 0.00251557 0.00233667 0.00224875 0.00222437 0.00211563 -0.00134038 -0.00144686 -0.00145697 -0.00154561 -0.00171122 -0.00173702 -0.00176914 -0.00182559 -0.00167914 -0.00178775 -0.00176903 -0.00169284 -0.00163046 -0.00160855 -0.00170378 -0.00175396 -0.00167806 -0.00179083 -0.0016956 -0.00166606 -0.00172467 -0.00168233 -0.00160373 -0.00163465 -0.00162199 -0.00160354 -0.00154351 -0.00166455 -0.00169563 -0.00163406 -0.00169279 -0.00162817 -0.00170022 -0.00165934 -0.00171118 -0.00169158 -0.00170519 -0.00161464 -0.00157417 -0.00172524 -0.00163423 -0.00173556 -0.00172074 -0.00174495 -0.00167148 -0.00166258 -0.00168309 -0.0016381 -0.00155543 -0.0015485 -0.00154731 -0.00167053 -0.00161268 -0.00167196 -0.00172963 -0.00171664 -0.00171677 -0.00179931 -0.00169416 -0.0017159 -0.00170805 -0.0016524 
