0.123362 0.00223179 0.00220553 0.00219887 0.00202088 0.0019727 -0.00114833 -0.00114285 -0.00136637 -0.00146051 -0.00165976 -0.00179488 -0.00170135 -0.00187178 -0.00188014 -0.00182372 -0.00192923 -0.00195344 -0.00195532 -0.00196056 -0.00194371 -0.00196087 -0.00191618 -0.00180716 -0.00191571 -0.00189083 -0.00190761 -0.00183286 -0.00174739 -0.00167793 -0.00181997 -0.00176931 -0.00171544 -0.00171773 -0.00159266 -0.00161295 -0.00164552 -0.00163311 -0.00168722 -0.00167086 -0.00158037 -0.00156136 -0.00156317 -0.00157272 -0.00165195 -0.00159021 -0.00148089 -0.00146547 -0.00149891 -0.00149508 -0.00147921 -0.00147379 -0.00152671 -0.00151909 -0.00151479 -0.00144607 -0.00144211 -0.00155194 -0.00157852 -0.00155297 -0.00149589 -0.00137004 -0.0014301 -0.00146884 -0.00148418 -0.0014094 -0.00149724 -0.00153164 -0.00151701 -0.0016122 -0.00145569 -0.00147262 -0.00152632 -0.00144158 -0.00141016 -0.00143394 -0.00139204 -0.00150266 -0.00147724 -0.00156839 -0.0015994 -0.00157716 -0.0014894 -0.00158311 -0.00153549 -0.00146667 -0.00152814 -0.00141668 -0.0014447 -0.001434 -0.00153114 -0.00147682 -0.00128131 -0.00129169 -0.00124437 -0.00107599 0.00189559 0.00200386 0.00201332 0.00222728 
0.00223179 0.123484 0.0023347 0.00225101 0.0021942 0.00217646 0.0020681 -0.00117816 -0.00137783 -0.00136546 -0.00159322 -0.0015652 -0.00170679 -0.00187747 -0.00180069 -0.00176712 -0.00193003 -0.00188999 -0.00194602 -0.00200865 -0.00202328 -0.00191101 -0.00196915 -0.00175554 -0.00192612 -0.00186575 -0.00184384 -0.00186692 -0.00167912 -0.00169139 -0.00173849 -0.00175031 -0.00171866 -0.00165817 -0.001559 -0.00160767 -0.00158011 -0.00169459 -0.00168069 -0.00178707 -0.00161786 -0.00151527 -0.00172639 -0.00164042 -0.00161034 -0.0015206 -0.00156405 -0.00151151 -0.00152484 -0.00151271 -0.00156866 -0.00157423 -0.00141133 -0.00153507 -0.00152788 -0.00142025 -0.0015197 -0.00149755 -0.00156747 -0.00149284 -0.00150891 -0.00158024 -0.00142116 -0.00144422 -0.00151857 -0.00151457 -0.00148798 -0.00153642 -0.00158079 -0.00158709 -0.00145531 -0.00153134 -0.00157326 -0.00148619 -0.00147064 -0.00149845 -0.00140137 -0.00157763 -0.0014649 -0.00147136 -0.0014925 -0.00155281 -0.00158636 -0.00152424 -0.00149158 -0.00144962 -0.00148234 -0.00139695 -0.00139283 -0.00146318 -0.00141596 -0.00150927 -0.00141928 -0.00132797 -0.00130806 -0.00125048 -0.00117032 0.00178157 0.0019619 0.00203276 
0.00220553 0.0023347 0.124022 0.00228363 0.00219631 0.00217826 0.0021508 0.00200736 -0.00120711 -0.00132937 -0.00150658 -0.00161499 -0.00152577 -0.0018981 -0.00175437 -0.00183958 -0.00194145 -0.00183917 -0.00184575 -0.00195187 -0.00194257 -0.00191446 -0.00197945 -0.0018599 -0.00195858 -0.00197445 -0.0018866 -0.00174248 -0.00175762 -0.00182051 -0.00188686 -0.00176215 -0.00174529 -0.00177254 -0.00166393 -0.00170387 -0.00165943 -0.00170495 -0.00171796 -0.00163164 -0.00161255 -0.00151335 -0.00161822 -0.00164956 -0.00156343 -0.00163268 -0.00158541 -0.00148771 -0.00154739 -0.00148927 -0.00149309 -0.0014936 -0.00147434 -0.00157635 -0.00145015 -0.0015291 -0.0015345 -0.00148511 -0.00161411 -0.00150685 -0.00157478 -0.00153379 -0.00142034 -0.00139487 -0.00152861 -0.00153328 -0.0015897 -0.00157457 -0.00159391 -0.00148326 -0.00151399 -0.00157844 -0.00154189 -0.00155468 -0.00144935 -0.00147366 -0.00153566 -0.0015405 -0.00148786 -0.00149137 -0.0015333 -0.00151323 -0.00146276 -0.00148947 -0.00156053 -0.00155494 -0.00142324 -0.00145933 -0.00140999 -0.00144179 -0.00156266 -0.00139988 -0.00145327 -0.0013899 -0.00138063 -0.00134316 -0.00121313 -0.00108866 0.0018526 0.00203965 
0.00219887 0.00225101 0.00228363 0.124429 0.00227339 0.00247239 0.00228286 0.0021051 0.0020807 -0.00108404 -0.00127217 -0.00148946 -0.00149594 -0.0017182 -0.00185682 -0.00186573 -0.00200705 -0.00197848 -0.00194808 -0.00204754 -0.00192741 -0.00195613 -0.00186842 -0.00178551 -0.0020091 -0.00191384 -0.00187087 -0.0018056 -0.0016764 -0.00178332 -0.00179364 -0.00178952 -0.00177591 -0.00168494 -0.00167701 -0.00169862 -0.00162664 -0.00164801 -0.00164427 -0.00168116 -0.00157893 -0.00149819 -0.00171931 -0.00167618 -0.00169902 -0.00152102 -0.00153484 -0.00151835 -0.00153253 -0.00150413 -0.00161878 -0.00152621 -0.00152957 -0.00154581 -0.00155393 -0.00155805 -0.00157379 -0.00150357 -0.00152138 -0.00146405 -0.00153827 -0.00147315 -0.00145446 -0.00151129 -0.00151811 -0.00145249 -0.00151664 -0.00151495 -0.00157665 -0.00159222 -0.00158935 -0.00161174 -0.00149853 -0.00155398 -0.00144577 -0.00156381 -0.00148058 -0.00158839 -0.00156011 -0.00157543 -0.00150218 -0.00150329 -0.00151846 -0.0015524 -0.00161941 -0.00155234 -0.00155926 -0.00147446 -0.00146468 -0.00147666 -0.001554 -0.00150317 -0.00155349 -0.00151951 -0.00157153 -0.00144374 -0.00126772 -0.00127992 -0.00111253 0.00182538 
0.00202088 0.0021942 0.00219631 0.00227339 0.124868 0.00240068 0.00238625 0.00225851 0.00227873 0.00208048 -0.00121192 -0.00135173 -0.00144929 -0.00164244 -0.00187667 -0.00191042 -0.00199156 -0.00197905 -0.00191875 -0.00204753 -0.00198085 -0.00187449 -0.00190328 -0.00177938 -0.00196465 -0.00201454 -0.00185429 -0.00183683 -0.00172024 -0.00176847 -0.00175061 -0.00177149 -0.00169202 -0.00171662 -0.00167197 -0.00161602 -0.00174743 -0.00168639 -0.0016571 -0.00168356 -0.00159362 -0.0016281 -0.00158247 -0.00174097 -0.00162107 -0.00166552 -0.00155575 -0.00150879 -0.001534 -0.00142575 -0.00155247 -0.00157475 -0.0015296 -0.00154248 -0.00157023 -0.00160363 -0.0015132 -0.00157642 -0.00153291 -0.00159003 -0.00153513 -0.0016022 -0.0014162 -0.00146182 -0.00158412 -0.00152196 -0.00152065 -0.00159995 -0.00150754 -0.00161282 -0.0015391 -0.00156993 -0.00151732 -0.00145129 -0.0014829 -0.00147574 -0.0014349 -0.00151959 -0.00153292 -0.00149868 -0.00154892 -0.00151046 -0.00164441 -0.00155275 -0.00160614 -0.00154915 -0.00159167 -0.00147216 -0.00145377 -0.00158443 -0.00155327 -0.00160068 -0.00150242 -0.00159786 -0.00152836 -0.00150294 -0.00145725 -0.0013619 -0.00123725 -0.00120563 
0.0019727 0.00217646 0.00217826 0.00247239 0.00240068 0.12842 0.00251253 0.0023343 0.00235166 0.00234101 0.00219073 -0.00135389 -0.0014071 -0.00165587 -0.00181568 -0.00176162 -0.00213664 -0.00193079 -0.00194389 -0.002137 -0.00209783 -0.00204815 -0.00200048 -0.00195985 -0.00215644 -0.00208583 -0.00198405 -0.00197985 -0.00181173 -0.00185987 -0.00190568 -0.00191871 -0.00182887 -0.00183116 -0.00175418 -0.00180524 -0.00176141 -0.00178989 -0.00171283 -0.00177231 -0.00179502 -0.00167746 -0.00174986 -0.00186039 -0.00180207 -0.0017559 -0.00167708 -0.00162801 -0.00166459 -0.00161633 -0.0016753 -0.00162685 -0.00165994 -0.00163729 -0.00162599 -0.00161282 -0.00168039 -0.0017132 -0.00165944 -0.00158378 -0.00164924 -0.0016155 -0.00153449 -0.00158276 -0.00156332 -0.00164988 -0.00168282 -0.0016691 -0.00168754 -0.00158089 -0.00159287 -0.00167699 -0.00163752 -0.00158802 -0.00153506 -0.0016133 -0.00159975 -0.00157172 -0.00163311 -0.00156802 -0.00164144 -0.00160178 -0.00157314 -0.00153549 -0.00161987 -0.00165973 -0.00162406 -0.001606 -0.00151836 -0.00161855 -0.00155858 -0.00167663 -0.00159183 -0.00169788 -0.00164386 -0.00161472 -0.00148477 -0.00131931 -0.00138164 -0.00124218 
-0.00114833 0.0020681 0.0021508 0.00228286 0.00238625 0.00251253 0.12931 0.00242204 0.00254559 0.00235738 0.0022184 0.00220102 -0.00141656 -0.00159473 -0.00175114 -0.00178719 -0.00200119 -0.001999 -0.00206975 -0.00226217 -0.00202901 -0.00210133 -0.00204258 -0.00190247 -0.00225751 -0.00213004 -0.00195313 -0.00195112 -0.00199817 -0.00193298 -0.00193799 -0.00189873 -0.00192262 -0.00181411 -0.00179488 -0.00165682 -0.00186684 -0.00180779 -0.00171721 -0.0018552 -0.0016999 -0.001768 -0.00181279 -0.00176381 -0.00174932 -0.00182818 -0.00159572 -0.00163453 -0.00164655 -0.00161286 -0.00166396 -0.00165102 -0.00162437 -0.00170176 -0.00166967 -0.00171521 -0.001663 -0.00173129 -0.00167533 -0.00163361 -0.00169656 -0.00162697 -0.00151878 -0.00154043 -0.00167424 -0.00164643 -0.00156741 -0.00162849 -0.00162329 -0.00166673 -0.00170816 -0.00160228 -0.00156529 -0.00164455 -0.00159604 -0.00160733 -0.00155435 -0.00163308 -0.00155668 -0.00165005 -0.00162039 -0.00176022 -0.00160937 -0.00160927 -0.00167764 -0.0016131 -0.00166342 -0.00155031 -0.00156955 -0.0016946 -0.00162234 -0.00157846 -0.00161996 -0.00159515 -0.00158002 -0.00154434 -0.00158884 -0.00152638 -0.00140353 -0.00127953 
-0.00114285 -0.00117816 0.00200736 0.0021051 0.00225851 0.0023343 0.00242204 0.1303 0.00254106 0.00244722 0.00247964 0.00229281 0.00224303 -0.00150258 -0.00166927 -0.00168054 -0.00188822 -0.0021171 -0.00210035 -0.00220084 -0.00215711 -0.0021342 -0.00217169 -0.00195639 -0.00220483 -0.00215651 -0.00201493 -0.00196246 -0.0019361 -0.0019271 -0.00191315 -0.00175925 -0.00188307 -0.00181583 -0.00177472 -0.0016254 -0.00177712 -0.00172927 -0.00176476 -0.00178575 -0.00165298 -0.00171838 -0.00177096 -0.00179377 -0.00174036 -0.00173667 -0.00166547 -0.00166353 -0.00174622 -0.00177345 -0.00166623 -0.00171634 -0.00170507 -0.00167137 -0.00167924 -0.00172718 -0.00162687 -0.00169815 -0.0016795 -0.00166245 -0.00163846 -0.00169053 -0.0015571 -0.00165486 -0.00171345 -0.00168806 -0.00167125 -0.00165434 -0.00170661 -0.00174962 -0.00176873 -0.00161157 -0.00173832 -0.00162458 -0.00160031 -0.00156503 -0.00157448 -0.00160352 -0.00161511 -0.00176822 -0.00164146 -0.00164677 -0.00168841 -0.0016864 -0.00165122 -0.00159039 -0.00160185 -0.00145381 -0.00151949 -0.00162597 -0.00158478 -0.00170263 -0.00166471 -0.00163141 -0.00166083 -0.00163644 -0.00173628 -0.00158129 -0.0015532 -0.00135575 
-0.00136637 -0.00137783 -0.00120711 0.0020807 0.00227873 0.00235166 0.00254559 0.00254106 0.131755 0.00262955 0.0026681 0.0024705 0.00227266 0.00214903 -0.00152027 -0.00156773 -0.00181932 -0.00194248 -0.0019876 -0.00220618 -0.00216792 -0.00208606 -0.00204305 -0.00200496 -0.00214663 -0.00215046 -0.00205947 -0.00204759 -0.00193934 -0.00196256 -0.00195176 -0.00200617 -0.00189198 -0.0018999 -0.0017494 -0.00176627 -0.00184932 -0.00188416 -0.00177536 -0.00186338 -0.00169096 -0.00183905 -0.00174206 -0.00184506 -0.00182545 -0.00182692 -0.00157896 -0.00169498 -0.00166028 -0.00166855 -0.00165912 -0.00168059 -0.00176871 -0.00160718 -0.00169249 -0.0017907 -0.00163086 -0.00164771 -0.00174214 -0.00169264 -0.0017438 -0.00169652 -0.00158203 -0.00159433 -0.00175059 -0.00173956 -0.00171716 -0.00171193 -0.00173531 -0.0017255 -0.00174144 -0.00170055 -0.00173454 -0.00171281 -0.00159313 -0.00165806 -0.00157352 -0.00167204 -0.00161467 -0.00169635 -0.00181181 -0.00159253 -0.00181172 -0.00162061 -0.00168856 -0.00168075 -0.00169856 -0.00159447 -0.00164553 -0.00161056 -0.00168875 -0.00177012 -0.00165511 -0.00174166 -0.00170952 -0.00166027 -0.00170408 -0.00165173 -0.0016054 -0.00158211 
-0.00146051 -0.00136546 -0.00132937 -0.00108404 0.00208048 0.00234101 0.00235738 0.00244722 0.00262955 0.130096 0.00251331 0.00239358 0.00238371 0.0022471 -0.00152555 -0.00145152 -0.00176063 -0.00182457 -0.00185397 -0.00205339 -0.00207342 -0.00207459 -0.00198559 -0.00196619 -0.00215704 -0.00207696 -0.00195749 -0.00191913 -0.00193168 -0.00183467 -0.00192051 -0.00187729 -0.00181313 -0.00177695 -0.00165974 -0.00175444 -0.00178159 -0.00178718 -0.0017361 -0.00180457 -0.00151432 -0.00170023 -0.00175566 -0.00164919 -0.00178275 -0.00168286 -0.00161189 -0.00156892 -0.00165557 -0.00164063 -0.00169258 -0.00162194 -0.00168375 -0.00155677 -0.00162483 -0.00172361 -0.00163111 -0.00164921 -0.00171146 -0.00155464 -0.00158423 -0.00166008 -0.00148175 -0.00153608 -0.00165452 -0.0016656 -0.00162354 -0.00163646 -0.0016535 -0.00168077 -0.00162958 -0.00158421 -0.00168283 -0.00167119 -0.00158284 -0.00154281 -0.00156731 -0.00156334 -0.00164646 -0.0016593 -0.00162628 -0.00160684 -0.00161872 -0.00158592 -0.00164637 -0.00161091 -0.00165685 -0.00154779 -0.0015364 -0.00168456 -0.00162477 -0.00166211 -0.00171523 -0.0017074 -0.00166556 -0.00162565 -0.00175278 -0.00160966 -0.00158845 -0.00150162 
-0.00165976 -0.00159322 -0.00150658 -0.00127217 -0.00121192 0.00219073 0.0022184 0.00247964 0.0026681 0.00251331 0.134825 0.00280341 0.00270459 0.00255053 0.00234587 0.00241777 -0.00170003 -0.0017564 -0.0017789 -0.00198249 -0.00213929 -0.00221116 -0.00213584 -0.00214919 -0.0023248 -0.00224329 -0.00213344 -0.00215435 -0.00205281 -0.00208814 -0.00209596 -0.00196614 -0.00198609 -0.00183884 -0.00181101 -0.00181409 -0.00191053 -0.00194991 -0.00189888 -0.0018895 -0.00177984 -0.00175022 -0.0018795 -0.00182638 -0.00183901 -0.00184206 -0.00174367 -0.00182073 -0.00176605 -0.00174082 -0.00174242 -0.00176964 -0.00168945 -0.00175349 -0.0017921 -0.00178399 -0.00181025 -0.00167142 -0.00176135 -0.00176914 -0.00173678 -0.00175026 -0.00170415 -0.00169689 -0.00178257 -0.00187377 -0.00172233 -0.00177471 -0.00169474 -0.0017532 -0.0016937 -0.00175135 -0.00176512 -0.00167052 -0.00175283 -0.00165212 -0.0016366 -0.00169718 -0.00169061 -0.00175576 -0.00172613 -0.0016965 -0.00177898 -0.00181604 -0.00161874 -0.00177591 -0.00172085 -0.00161195 -0.00165453 -0.00168319 -0.00172923 -0.00172036 -0.00170409 -0.00171766 -0.00172676 -0.00174805 -0.00175438 -0.00182454 -0.00180027 -0.0015673 
-0.00179488 -0.0015652 -0.00161499 -0.00148946 -0.00135173 -0.00135389 0.00220102 0.00229281 0.0024705 0.00239358 0.00280341 0.136528 0.00274681 0.00268191 0.00248253 0.00255441 0.00235637 -0.00167007 -0.00162306 -0.00194909 -0.00203313 -0.00199689 -0.00217798 -0.00200085 -0.0022759 -0.00232372 -0.0021598 -0.00206162 -0.00210643 -0.00206425 -0.00211954 -0.00212409 -0.00199892 -0.00193056 -0.00179425 -0.00193552 -0.00192352 -0.00196056 -0.00192266 -0.0018481 -0.00178987 -0.0018442 -0.00180618 -0.00179674 -0.0018592 -0.00176725 -0.00172801 -0.00179651 -0.00188546 -0.00171511 -0.00170748 -0.00176637 -0.00177159 -0.00175946 -0.00175565 -0.00182164 -0.00178995 -0.00169185 -0.00175356 -0.00172019 -0.00183425 -0.00182489 -0.00163594 -0.00172749 -0.00176285 -0.00182377 -0.00179775 -0.00184852 -0.00173599 -0.0018616 -0.0017182 -0.00176311 -0.00178537 -0.00169176 -0.00168886 -0.00159823 -0.00170457 -0.00187124 -0.00179848 -0.00171709 -0.00180119 -0.00183444 -0.00181615 -0.00182056 -0.0018336 -0.00180761 -0.00172369 -0.00167707 -0.00176359 -0.00175786 -0.00178814 -0.00177452 -0.00176908 -0.00182271 -0.00177987 -0.00173427 -0.00180462 -0.00172456 -0.00183503 -0.00175613 
-0.00170135 -0.00170679 -0.00152577 -0.00149594 -0.00144929 -0.0014071 -0.00141656 0.00224303 0.00227266 0.00238371 0.00270459 0.00274681 0.135429 0.00277303 0.00241653 0.00246602 0.00238238 -0.00158216 -0.00161796 -0.00171273 -0.00206518 -0.00199707 -0.00213598 -0.00203453 -0.00210301 -0.00215937 -0.00206026 -0.00197536 -0.00191252 -0.00195282 -0.00196327 -0.00190455 -0.00196054 -0.00197047 -0.00184558 -0.00183133 -0.00185483 -0.00184603 -0.00184294 -0.00189021 -0.00173222 -0.00168731 -0.00185667 -0.00186095 -0.00184304 -0.00170547 -0.00163176 -0.00172377 -0.00169693 -0.00173373 -0.00172555 -0.00181228 -0.00171071 -0.00167493 -0.0016876 -0.00172181 -0.00171857 -0.00172312 -0.001775 -0.00166828 -0.00163729 -0.00166424 -0.00160803 -0.00156219 -0.00172384 -0.00182622 -0.00174609 -0.00168598 -0.00177659 -0.00170451 -0.00169769 -0.00172846 -0.00170795 -0.0016415 -0.00159655 -0.00162154 -0.00164486 -0.00165676 -0.00169807 -0.00179474 -0.00168048 -0.00164671 -0.00181608 -0.00169856 -0.00168462 -0.00175344 -0.00172401 -0.00164138 -0.00166422 -0.00164557 -0.00174749 -0.00178871 -0.0018241 -0.00180624 -0.00176044 -0.00177446 -0.00173731 -0.00171078 -0.00175081 -0.00162761 
-0.00187178 -0.00187747 -0.0018981 -0.0017182 -0.00164244 -0.00165587 -0.00159473 -0.00150258 0.00214903 0.0022471 0.00255053 0.00268191 0.00277303 0.140688 0.00286539 0.00293562 0.00273131 0.00256353 0.00254548 -0.00168005 -0.00186897 -0.00179627 -0.00188221 -0.00197022 -0.00213359 -0.00230178 -0.00211283 -0.00210531 -0.00207671 -0.00209866 -0.00209637 -0.00211412 -0.00214262 -0.00200548 -0.00204452 -0.00195941 -0.00201405 -0.00211892 -0.0020506 -0.00201682 -0.00190839 -0.00191839 -0.00192872 -0.00205358 -0.00193626 -0.00186589 -0.00180919 -0.001899 -0.00175348 -0.00181057 -0.00188859 -0.00187339 -0.00186385 -0.00183872 -0.00183039 -0.00191749 -0.0019054 -0.00174365 -0.00180162 -0.00178731 -0.00186621 -0.0019029 -0.00178038 -0.00175351 -0.00174495 -0.00188268 -0.00187102 -0.0019674 -0.00185186 -0.00185855 -0.00185366 -0.0018434 -0.00187115 -0.00179389 -0.00181706 -0.00173347 -0.00176847 -0.00177803 -0.00175433 -0.00183149 -0.0018565 -0.00187677 -0.00186407 -0.0018318 -0.00174602 -0.00183102 -0.00188735 -0.00172933 -0.0017724 -0.00181034 -0.00179902 -0.00184411 -0.00174941 -0.00180675 -0.00185355 -0.00181148 -0.00181689 -0.00187081 -0.00189551 -0.00186847 
-0.00188014 -0.00180069 -0.00175437 -0.00185682 -0.00187667 -0.00181568 -0.00175114 -0.00166927 -0.00152027 -0.00152555 0.00234587 0.00248253 0.00241653 0.00286539 0.139886 0.00296507 0.00287225 0.00264641 0.00259471 0.0025819 -0.0016379 -0.00166255 -0.00175036 -0.00185389 -0.00206651 -0.00224025 -0.00214328 -0.00198725 -0.00201571 -0.00202509 -0.00210967 -0.0020947 -0.00199594 -0.00207144 -0.00190798 -0.00187168 -0.0019425 -0.00188182 -0.00195928 -0.0019106 -0.00187487 -0.00179982 -0.00191035 -0.00184047 -0.00182868 -0.00190743 -0.00181199 -0.00192971 -0.00182878 -0.00172861 -0.00167177 -0.00173563 -0.00186986 -0.00175459 -0.00185565 -0.00182342 -0.0017773 -0.00176 -0.00172241 -0.00181488 -0.00179205 -0.00180102 -0.00165742 -0.00170516 -0.0017251 -0.00173493 -0.00178007 -0.00182375 -0.00170683 -0.00182012 -0.00172007 -0.00187521 -0.00182098 -0.00184832 -0.00174822 -0.00168624 -0.00170658 -0.00176461 -0.00181996 -0.00184515 -0.00180558 -0.00179013 -0.0018292 -0.00179777 -0.00174246 -0.00174046 -0.00179365 -0.00171738 -0.00175101 -0.00171992 -0.00185371 -0.00176561 -0.00179294 -0.00176623 -0.00177628 -0.00183439 -0.0017474 -0.00174994 -0.00173381 -0.00174171 
-0.00182372 -0.00176712 -0.00183958 -0.00186573 -0.00191042 -0.00176162 -0.00178719 -0.00168054 -0.00156773 -0.00145152 0.00241777 0.00255441 0.00246602 0.00293562 0.00296507 0.141115 0.00297207 0.00272951 0.00268585 0.00255995 -0.00158281 -0.00169802 -0.00191474 -0.00194076 -0.00219197 -0.00217895 -0.00214576 -0.00207827 -0.00207 -0.00206524 -0.00216474 -0.00200448 -0.00203299 -0.00198878 -0.00197747 -0.00201066 -0.00191715 -0.00195388 -0.00196154 -0.00183719 -0.0018853 -0.00195162 -0.00186157 -0.00192782 -0.0018712 -0.00191614 -0.00186271 -0.00172905 -0.00178546 -0.00183784 -0.00176712 -0.00185361 -0.00179746 -0.00178946 -0.0018196 -0.00183836 -0.00178429 -0.00185845 -0.00175862 -0.00177922 -0.00165458 -0.00176864 -0.00164028 -0.00164104 -0.00181913 -0.00181478 -0.00186521 -0.0018073 -0.00178077 -0.00180101 -0.00180233 -0.00193792 -0.00175156 -0.00175545 -0.00171664 -0.00173702 -0.00178669 -0.00172332 -0.00177488 -0.00173733 -0.00183051 -0.00184451 -0.00182518 -0.00179933 -0.00184633 -0.00181622 -0.00185356 -0.00177301 -0.00175819 -0.00175423 -0.00182501 -0.00186394 -0.00175519 -0.00181091 -0.00180674 -0.00183773 -0.00191258 -0.00179616 -0.0018114 -0.00171963 
-0.00192923 -0.00193003 -0.00194145 -0.00200705 -0.00199156 -0.00213664 -0.00200119 -0.00188822 -0.00181932 -0.00176063 -0.00170003 0.00235637 0.00238238 0.00273131 0.00287225 0.00297207 0.146112 0.00313324 0.00303761 0.00288297 0.00262587 0.00263307 -0.00162204 -0.00181275 -0.00203402 -0.00210993 -0.00220371 -0.00216319 -0.00227099 -0.00214777 -0.0022189 -0.00217254 -0.00225643 -0.00214291 -0.00204835 -0.001964 -0.00209156 -0.00205633 -0.00212877 -0.00201872 -0.00193858 -0.00193105 -0.00199694 -0.00205181 -0.00208003 -0.00210047 -0.00187565 -0.00192068 -0.00195068 -0.00198872 -0.00186077 -0.00190266 -0.0018807 -0.00197167 -0.00190709 -0.00194613 -0.00197166 -0.00196932 -0.00189943 -0.00195076 -0.00189701 -0.00187362 -0.00189664 -0.00178678 -0.00184721 -0.00198233 -0.00191769 -0.00196764 -0.00184244 -0.00193035 -0.00190282 -0.00188863 -0.00195298 -0.00186393 -0.00178436 -0.00185801 -0.00190598 -0.00190473 -0.00197948 -0.00195584 -0.00191581 -0.00193852 -0.00185907 -0.00196894 -0.00188105 -0.00192442 -0.0019332 -0.00184609 -0.00172213 -0.00189578 -0.00197422 -0.00186519 -0.00193537 -0.00197334 -0.00190296 -0.00197469 -0.00203063 -0.0018232 -0.00190282 -0.00186991 
-0.00195344 -0.00188999 -0.00183917 -0.00197848 -0.00197905 -0.00193079 -0.001999 -0.0021171 -0.00194248 -0.00182457 -0.0017564 -0.00167007 -0.00158216 0.00256353 0.00264641 0.00272951 0.00313324 0.144495 0.00319222 0.00306234 0.00287325 0.00286533 0.00261825 -0.00162323 -0.00160192 -0.00201829 -0.00200739 -0.002175 -0.0022063 -0.00212469 -0.00209359 -0.00207203 -0.00213683 -0.0021649 -0.00198969 -0.00188418 -0.00208399 -0.00197276 -0.0020104 -0.0019211 -0.00201088 -0.00189972 -0.0019821 -0.00188357 -0.00188419 -0.00198719 -0.00190858 -0.00194193 -0.00194031 -0.00188311 -0.00181731 -0.00179612 -0.00188785 -0.00195582 -0.00185673 -0.00192004 -0.0017955 -0.00179819 -0.00177177 -0.00184164 -0.00191829 -0.00182226 -0.00174631 -0.00170137 -0.00186151 -0.00184501 -0.00178997 -0.00192611 -0.00183274 -0.00186078 -0.00187975 -0.00182851 -0.00190875 -0.00186206 -0.00165639 -0.00178636 -0.00174604 -0.00192272 -0.0019087 -0.00189001 -0.00189729 -0.00193547 -0.0019026 -0.00179921 -0.00184874 -0.00191154 -0.00193188 -0.00174048 -0.00177302 -0.00182236 -0.00195759 -0.00177944 -0.00182377 -0.00189056 -0.00189089 -0.00184232 -0.00187372 -0.00189722 -0.00185735 -0.00179818 
-0.00195532 -0.00194602 -0.00184575 -0.00194808 -0.00191875 -0.00194389 -0.00206975 -0.00210035 -0.0019876 -0.00185397 -0.0017789 -0.00162306 -0.00161796 0.00254548 0.00259471 0.00268585 0.00303761 0.00319222 0.145314 0.00310579 0.00276251 0.00281974 0.0027027 -0.00163163 -0.00164095 -0.00187987 -0.00204153 -0.00204659 -0.00208312 -0.00213629 -0.00219192 -0.00203327 -0.00204761 -0.00209579 -0.00200132 -0.00194094 -0.00199584 -0.00198375 -0.00204239 -0.00197763 -0.00199474 -0.00192183 -0.00198673 -0.00202252 -0.00194332 -0.00197297 -0.00188538 -0.00191229 -0.00187205 -0.00187459 -0.00186094 -0.00189525 -0.0018487 -0.00190368 -0.00181885 -0.00178134 -0.00180823 -0.0019567 -0.00187834 -0.00185504 -0.0019081 -0.00190746 -0.00186217 -0.00186418 -0.00183458 -0.00185567 -0.00187728 -0.00185483 -0.00194401 -0.00186329 -0.00184657 -0.00189626 -0.00187945 -0.00186783 -0.00180359 -0.00176015 -0.00181771 -0.00187304 -0.0018656 -0.0019038 -0.00187218 -0.00189411 -0.00198955 -0.00189894 -0.00187189 -0.00181435 -0.00185329 -0.00183479 -0.00181363 -0.00176722 -0.00185987 -0.00186286 -0.00185741 -0.00184591 -0.00189883 -0.00185604 -0.00184509 -0.00181185 -0.00182818 -0.00184602 
-0.00196056 -0.00200865 -0.00195187 -0.00204754 -0.00204753 -0.002137 -0.00226217 -0.00220084 -0.00220618 -0.00205339 -0.00198249 -0.00194909 -0.00171273 -0.00168005 0.0025819 0.00255995 0.00288297 0.00306234 0.00310579 0.149405 0.00330947 0.00307277 0.00283076 0.00256967 0.00272184 -0.00177642 -0.00192986 -0.00206153 -0.00210101 -0.00207282 -0.00227112 -0.00231438 -0.00218508 -0.00214522 -0.0021507 -0.00204916 -0.00222402 -0.00211337 -0.00211472 -0.00219558 -0.00205291 -0.00199062 -0.00212505 -0.0021033 -0.00203448 -0.00207863 -0.00202768 -0.00207259 -0.00201648 -0.00202219 -0.00197843 -0.00206397 -0.00193741 -0.00199234 -0.0019348 -0.00197234 -0.00198407 -0.00192634 -0.00188257 -0.00199174 -0.00203367 -0.00182386 -0.00180616 -0.00187285 -0.00199407 -0.0019771 -0.00190253 -0.0019828 -0.00194843 -0.001928 -0.00193746 -0.00194666 -0.00195882 -0.00203176 -0.00188717 -0.00184947 -0.0018844 -0.00201128 -0.00194003 -0.00205701 -0.00198301 -0.00196355 -0.00204086 -0.00187489 -0.00193336 -0.00203332 -0.00195915 -0.00190109 -0.00181258 -0.00205168 -0.00200263 -0.00199285 -0.00186005 -0.00199326 -0.001975 -0.00201762 -0.00199704 -0.00194076 -0.00203401 -0.00186915 
-0.00194371 -0.00202328 -0.00194257 -0.00192741 -0.00198085 -0.00209783 -0.00202901 -0.00215711 -0.00216792 -0.00207342 -0.00213929 -0.00203313 -0.00206518 -0.00186897 -0.0016379 -0.00158281 0.00262587 0.00287325 0.00276251 0.00330947 0.146568 0.00327208 0.00314316 0.00280504 0.00280876 0.00251121 -0.00160827 -0.00175883 -0.00191484 -0.00183667 -0.00202014 -0.00215122 -0.00203102 -0.00214549 -0.00204731 -0.00195211 -0.00215146 -0.0019745 -0.00203602 -0.00197258 -0.00193234 -0.00201181 -0.00205872 -0.00209211 -0.00190316 -0.00201702 -0.00190882 -0.00182502 -0.0018922 -0.00177511 -0.00187831 -0.00185725 -0.00188615 -0.00195218 -0.00196047 -0.00187966 -0.00195708 -0.00182491 -0.00194125 -0.0019221 -0.0019013 -0.00199199 -0.00175724 -0.00185691 -0.00190865 -0.00185094 -0.00183788 -0.00187282 -0.00194453 -0.00195477 -0.00183912 -0.00189522 -0.0018694 -0.00198201 -0.00182148 -0.00174538 -0.00181489 -0.00186611 -0.00187373 -0.00183471 -0.00189307 -0.00186322 -0.00189879 -0.00189963 -0.0018692 -0.00183847 -0.00185414 -0.00188395 -0.0017558 -0.00195764 -0.00184654 -0.00194823 -0.00185312 -0.00181485 -0.00189528 -0.00189623 -0.00185537 -0.00189015 -0.0018781 -0.00192213 
-0.00196087 -0.00191101 -0.00191446 -0.00195613 -0.00187449 -0.00204815 -0.00210133 -0.0021342 -0.00208606 -0.00207459 -0.00221116 -0.00199689 -0.00199707 -0.00179627 -0.00166255 -0.00169802 0.00263307 0.00286533 0.00281974 0.00307277 0.00327208 0.14628 0.00317674 0.00277484 0.00287689 0.00264066 -0.00162775 -0.00167154 -0.00186038 -0.00186263 -0.00218829 -0.0020817 -0.00212001 -0.00212511 -0.00198422 -0.00201786 -0.00199958 -0.00200259 -0.00199218 -0.0019851 -0.00189075 -0.0020532 -0.00198485 -0.00208129 -0.00195985 -0.00203647 -0.00185976 -0.00185534 -0.00203774 -0.00195534 -0.00192188 -0.00190569 -0.00184822 -0.00192292 -0.00187135 -0.00184207 -0.00189512 -0.00198468 -0.00189814 -0.00192207 -0.00186111 -0.00188888 -0.00175753 -0.00175445 -0.00189902 -0.00192085 -0.00189806 -0.00189375 -0.00192563 -0.00188755 -0.00180351 -0.00185746 -0.00190529 -0.00194819 -0.00180586 -0.00173874 -0.00175998 -0.00187292 -0.00183301 -0.00183866 -0.00183002 -0.00187496 -0.00194926 -0.00184235 -0.00187169 -0.00192672 -0.00191424 -0.00184955 -0.00179428 -0.00197527 -0.00185573 -0.00187266 -0.00195133 -0.00177371 -0.00184508 -0.00195648 -0.00187774 -0.00202817 -0.00186605 -0.00183719 
-0.00191618 -0.00196915 -0.00197945 -0.00186842 -0.00190328 -0.00200048 -0.00204258 -0.00217169 -0.00204305 -0.00198559 -0.00213584 -0.00217798 -0.00213598 -0.00188221 -0.00175036 -0.00191474 -0.00162204 0.00261825 0.0027027 0.00283076 0.00314316 0.00317674 0.145631 0.00284072 0.00293595 0.00280287 0.00236449 -0.00164039 -0.00169455 -0.00166947 -0.00192608 -0.00196422 -0.00207805 -0.00207541 -0.00198897 -0.00195777 -0.00201186 -0.00205435 -0.00204491 -0.00202466 -0.00202383 -0.00181291 -0.00214221 -0.00195167 -0.00195979 -0.00200928 -0.00191538 -0.00192261 -0.00193949 -0.00181309 -0.00191941 -0.00188174 -0.0018306 -0.00186528 -0.00185959 -0.00184248 -0.0017694 -0.00181955 -0.0018254 -0.00183879 -0.00180712 -0.00187545 -0.0018477 -0.00181514 -0.00187929 -0.00184956 -0.00186965 -0.00184258 -0.0019039 -0.001936 -0.00187139 -0.00180916 -0.00175466 -0.00194494 -0.00175359 -0.00183298 -0.00179114 -0.00187585 -0.00182254 -0.00187002 -0.00196581 -0.0018373 -0.00192133 -0.00185179 -0.00182396 -0.00197298 -0.00180043 -0.00170024 -0.00179259 -0.0019657 -0.00194107 -0.00187573 -0.00187929 -0.00189403 -0.00179398 -0.00189382 -0.00192353 -0.00191929 -0.00187589 -0.00189304 
-0.00180716 -0.00175554 -0.0018599 -0.00178551 -0.00177938 -0.00195985 -0.00190247 -0.00195639 -0.00200496 -0.00196619 -0.00214919 -0.00200085 -0.00203453 -0.00197022 -0.00185389 -0.00194076 -0.00181275 -0.00162323 -0.00163163 0.00256967 0.00280504 0.00277484 0.00284072 0.141183 0.00296841 0.00291698 0.00259041 0.0024055 -0.00146517 -0.00147407 -0.00161132 -0.00176262 -0.00182851 -0.00203591 -0.00174751 -0.00186463 -0.00193964 -0.00190185 -0.00188401 -0.00190856 -0.00175453 -0.00185247 -0.00187124 -0.00183032 -0.00198776 -0.0018837 -0.00183211 -0.00177603 -0.00169245 -0.00170333 -0.00177401 -0.00176529 -0.00179564 -0.00185192 -0.0017191 -0.00180334 -0.00177738 -0.00175358 -0.00178815 -0.00173932 -0.00182004 -0.00181562 -0.00165097 -0.00168519 -0.00187207 -0.00178159 -0.00177585 -0.00167057 -0.00178407 -0.00177695 -0.00179973 -0.00176646 -0.00171003 -0.0018185 -0.00161241 -0.0017738 -0.00173679 -0.001734 -0.00179086 -0.00169595 -0.00178442 -0.0017743 -0.001706 -0.00175403 -0.00180191 -0.00180145 -0.00173642 -0.00164401 -0.00159508 -0.00175711 -0.00175335 -0.00183938 -0.00170456 -0.00175084 -0.00175446 -0.00168723 -0.00178384 -0.00175693 -0.00178457 -0.00164366 
-0.00191571 -0.00192612 -0.00195858 -0.0020091 -0.00196465 -0.00215644 -0.00225751 -0.00220483 -0.00214663 -0.00215704 -0.0023248 -0.0022759 -0.00210301 -0.00213359 -0.00206651 -0.00219197 -0.00203402 -0.00160192 -0.00164095 0.00272184 0.00280876 0.00287689 0.00293595 0.00296841 0.145944 0.00310281 0.00282847 0.00262877 0.00241785 0.00249545 -0.00156054 -0.00164799 -0.00171793 -0.00185044 -0.00199159 -0.00204438 -0.00208235 -0.00204937 -0.002072 -0.00197529 -0.00195579 -0.00196351 -0.00207323 -0.00202574 -0.00207011 -0.00214686 -0.00209325 -0.00196288 -0.00193622 -0.00187467 -0.00200015 -0.00195286 -0.00188902 -0.00193595 -0.00192554 -0.00189243 -0.00192815 -0.00192946 -0.00189161 -0.00195703 -0.00189759 -0.00193691 -0.00178947 -0.00189881 -0.00185339 -0.0018929 -0.00181747 -0.00189343 -0.00195152 -0.00182256 -0.0019746 -0.0019118 -0.00190134 -0.00190541 -0.00183578 -0.00191863 -0.00181977 -0.00192279 -0.0019807 -0.00194974 -0.00191784 -0.00199318 -0.00196361 -0.00193924 -0.00196917 -0.00194431 -0.00198664 -0.00181239 -0.00192527 -0.00197563 -0.00191638 -0.00188023 -0.00195653 -0.00188478 -0.00188179 -0.00192885 -0.00191471 -0.00183229 -0.00193208 -0.00183389 
-0.00189083 -0.00186575 -0.00197445 -0.00191384 -0.00201454 -0.00208583 -0.00213004 -0.00215651 -0.00215046 -0.00207696 -0.00224329 -0.00232372 -0.00215937 -0.00230178 -0.00224025 -0.00217895 -0.00210993 -0.00201829 -0.00187987 -0.00177642 0.00251121 0.00264066 0.00280287 0.00291698 0.00310281 0.14432 0.00291476 0.00273109 0.00264469 0.0025299 0.00231209 -0.00148146 -0.00164402 -0.00176683 -0.00175114 -0.00179552 -0.00209851 -0.00212177 -0.00204593 -0.00202457 -0.0019201 -0.00201831 -0.00193057 -0.00192502 -0.00205661 -0.00202753 -0.00188061 -0.0019659 -0.00192684 -0.00193005 -0.00185927 -0.0019841 -0.00182946 -0.00195373 -0.00185969 -0.00185904 -0.00190455 -0.00190044 -0.00192894 -0.00180535 -0.00193554 -0.00193764 -0.00171561 -0.00181538 -0.00195008 -0.0018273 -0.00178525 -0.00183748 -0.00183202 -0.00190497 -0.00182867 -0.00180065 -0.00187657 -0.00186348 -0.00183934 -0.00177908 -0.00184115 -0.00189535 -0.00194556 -0.00192633 -0.00199679 -0.00186993 -0.00193686 -0.00182428 -0.00195603 -0.00178079 -0.00190532 -0.00182107 -0.00179081 -0.00190591 -0.0019072 -0.00191631 -0.00181561 -0.00190524 -0.0018733 -0.00192969 -0.0018848 -0.00187299 -0.00185938 -0.00185007 
-0.00190761 -0.00184384 -0.0018866 -0.00187087 -0.00185429 -0.00198405 -0.00195313 -0.00201493 -0.00205947 -0.00195749 -0.00213344 -0.0021598 -0.00206026 -0.00211283 -0.00214328 -0.00214576 -0.00220371 -0.00200739 -0.00204153 -0.00192986 -0.00160827 -0.00162775 0.00236449 0.00259041 0.00282847 0.00291476 0.139322 0.00291862 0.00273332 0.00260174 0.00252125 0.00240289 -0.00138672 -0.00149047 -0.00160979 -0.00165701 -0.00174269 -0.00185548 -0.00181843 -0.00189257 -0.00177438 -0.00182518 -0.00190136 -0.00189843 -0.00187907 -0.00192296 -0.00181955 -0.00177321 -0.00178113 -0.00181892 -0.00184929 -0.00184953 -0.00173153 -0.00182811 -0.00173557 -0.00171827 -0.00170897 -0.00181682 -0.00179839 -0.00183024 -0.00173176 -0.00172772 -0.00171735 -0.00173719 -0.00183335 -0.00168583 -0.00170691 -0.00176849 -0.00181628 -0.00175784 -0.00172881 -0.00177869 -0.00170294 -0.00168928 -0.00167782 -0.00171605 -0.00161575 -0.00174328 -0.00174776 -0.00172993 -0.00177568 -0.00184073 -0.00177406 -0.00176925 -0.00181357 -0.00179026 -0.00176127 -0.00171845 -0.00169831 -0.00178965 -0.0017546 -0.00172747 -0.00174861 -0.00185478 -0.0018124 -0.00177265 -0.00184355 -0.00176832 -0.00174414 -0.00160662 
-0.00183286 -0.00186692 -0.00174248 -0.0018056 -0.00183683 -0.00197985 -0.00195112 -0.00196246 -0.00204759 -0.00191913 -0.00215435 -0.00206162 -0.00197536 -0.00210531 -0.00198725 -0.00207827 -0.00216319 -0.002175 -0.00204659 -0.00206153 -0.00175883 -0.00167154 -0.00164039 0.0024055 0.00262877 0.00273109 0.00291862 0.137116 0.0026872 0.00260738 0.00252875 0.00237085 0.00229441 -0.00128004 -0.00150476 -0.00153604 -0.00165699 -0.00170132 -0.00189137 -0.00194206 -0.00170619 -0.0018813 -0.00180463 -0.00180823 -0.0018436 -0.00183564 -0.00182977 -0.00172331 -0.00171629 -0.00173603 -0.00167377 -0.00171842 -0.00173643 -0.00170328 -0.00160153 -0.00163802 -0.00174338 -0.00169352 -0.00179572 -0.0017276 -0.0017432 -0.00172539 -0.00170084 -0.00163075 -0.00172046 -0.00173482 -0.00174609 -0.0017433 -0.00172684 -0.00178729 -0.00172945 -0.0016871 -0.00178975 -0.00178576 -0.00170994 -0.00166578 -0.00164907 -0.00180855 -0.00170796 -0.00175416 -0.00174116 -0.00170757 -0.00169435 -0.00171727 -0.00181734 -0.00178293 -0.00171496 -0.00161727 -0.00165868 -0.00165947 -0.00171077 -0.0017557 -0.00172896 -0.00182126 -0.00175877 -0.00170849 -0.00174468 -0.0017454 -0.00176948 -0.00163379 
-0.00174739 -0.00167912 -0.00175762 -0.0016764 -0.00172024 -0.00181173 -0.00199817 -0.0019361 -0.00193934 -0.00193168 -0.00205281 -0.00210643 -0.00191252 -0.00207671 -0.00201571 -0.00207 -0.00227099 -0.0022063 -0.00208312 -0.00210101 -0.00191484 -0.00186038 -0.00169455 -0.00146517 0.00241785 0.00264469 0.00273332 0.0026872 0.135248 0.00281379 0.0025943 0.00248228 0.00226931 0.00213692 -0.00136579 -0.00134544 -0.00155666 -0.00165544 -0.00168786 -0.00179381 -0.00170472 -0.00168056 -0.00183975 -0.00180754 -0.00189712 -0.00187244 -0.00171522 -0.00176592 -0.00175077 -0.00177522 -0.00175589 -0.00173358 -0.00173987 -0.00166155 -0.00168843 -0.00169926 -0.00165189 -0.00160284 -0.00172486 -0.00172801 -0.00168329 -0.00170921 -0.0015501 -0.00157599 -0.00171336 -0.00168576 -0.00163202 -0.00161053 -0.00173194 -0.0017882 -0.00165305 -0.00177071 -0.00174436 -0.00171432 -0.00160932 -0.00165063 -0.00167742 -0.00168759 -0.00176252 -0.00179002 -0.00172123 -0.00176185 -0.00172681 -0.00171637 -0.00168261 -0.00171897 -0.00173009 -0.00165317 -0.00165148 -0.00169741 -0.00165158 -0.0017016 -0.00174695 -0.00171396 -0.0016719 -0.00177418 -0.00175463 -0.00171304 -0.00168067 -0.00159033 
-0.00167793 -0.00169139 -0.00182051 -0.00178332 -0.00176847 -0.00185987 -0.00193298 -0.0019271 -0.00196256 -0.00183467 -0.00208814 -0.00206425 -0.00195282 -0.00209866 -0.00202509 -0.00206524 -0.00214777 -0.00212469 -0.00213629 -0.00207282 -0.00183667 -0.00186263 -0.00166947 -0.00147407 0.00249545 0.0025299 0.00260174 0.00260738 0.00281379 0.133842 0.00267823 0.0025533 0.00234795 0.00222888 -0.00131581 -0.00142959 -0.00151952 -0.00163577 -0.00163234 -0.00185086 -0.00184092 -0.00171779 -0.00182243 -0.00182054 -0.00179811 -0.00184262 -0.00170734 -0.00173884 -0.00178006 -0.00160631 -0.00176762 -0.00163645 -0.0017012 -0.00166301 -0.00167719 -0.00166964 -0.00165433 -0.00163053 -0.00167934 -0.00168632 -0.00168075 -0.00163 -0.00155564 -0.00157788 -0.00163236 -0.0017813 -0.00158525 -0.00168278 -0.0016744 -0.00175882 -0.00171705 -0.00170822 -0.00170589 -0.00165753 -0.00165333 -0.00160154 -0.00167263 -0.00165415 -0.00170911 -0.00156988 -0.00172263 -0.00169475 -0.00167801 -0.00164434 -0.00171027 -0.00171835 -0.00166756 -0.00160377 -0.0015603 -0.001741 -0.0016782 -0.0016628 -0.00169331 -0.00179049 -0.00168017 -0.00171367 -0.0017573 -0.00171125 -0.00173014 -0.0016295 
-0.00181997 -0.00173849 -0.00188686 -0.00179364 -0.00175061 -0.00190568 -0.00193799 -0.00191315 -0.00195176 -0.00192051 -0.00209596 -0.00211954 -0.00196327 -0.00209637 -0.00210967 -0.00216474 -0.0022189 -0.00209359 -0.00219192 -0.00227112 -0.00202014 -0.00218829 -0.00192608 -0.00161132 -0.00156054 0.00231209 0.00252125 0.00252875 0.0025943 0.00267823 0.134561 0.00269943 0.00253632 0.00244285 0.00224021 0.00210954 -0.00135069 -0.00145293 -0.00143421 -0.00170478 -0.00180576 -0.00178507 -0.00184192 -0.00186859 -0.00174997 -0.00180704 -0.00164215 -0.00179416 -0.00178734 -0.0017532 -0.00181031 -0.00178772 -0.00172167 -0.00169853 -0.00167336 -0.00170766 -0.00181596 -0.00176409 -0.00178054 -0.00170269 -0.0016866 -0.0017539 -0.00166141 -0.00168512 -0.00176172 -0.00170731 -0.0017932 -0.00169063 -0.00175992 -0.00171408 -0.00177058 -0.00179858 -0.00167766 -0.00172689 -0.00165403 -0.00163174 -0.00163346 -0.00176772 -0.00176027 -0.00175075 -0.0017228 -0.0017459 -0.00173785 -0.00174681 -0.00164568 -0.00176745 -0.00168061 -0.00155467 -0.00164195 -0.00178895 -0.0016375 -0.00175679 -0.00179575 -0.00174503 -0.00179761 -0.00172093 -0.00169055 -0.00180158 -0.00173438 -0.0016356 
-0.00176931 -0.00175031 -0.00176215 -0.00178952 -0.00177149 -0.00191871 -0.00189873 -0.00175925 -0.00200617 -0.00187729 -0.00196614 -0.00212409 -0.00190455 -0.00211412 -0.0020947 -0.00200448 -0.00217254 -0.00207203 -0.00203327 -0.00231438 -0.00215122 -0.0020817 -0.00196422 -0.00176262 -0.00164799 -0.00148146 0.00240289 0.00237085 0.00248228 0.0025533 0.00269943 0.132882 0.00260873 0.0025283 0.00227452 0.00219539 0.00198545 -0.00136391 -0.00145111 -0.00135006 -0.00160811 -0.00163764 -0.00184284 -0.00179344 -0.00180905 -0.00194875 -0.00174352 -0.00177869 -0.0017601 -0.0017542 -0.00171258 -0.0018172 -0.00169742 -0.00167573 -0.00168366 -0.00177703 -0.00167613 -0.00177149 -0.00166893 -0.0017006 -0.00179201 -0.00178067 -0.0015687 -0.00164331 -0.00178606 -0.00170671 -0.00168838 -0.00168956 -0.00168752 -0.00183158 -0.00169457 -0.00171302 -0.00167636 -0.00167984 -0.00170182 -0.00168908 -0.00158366 -0.00173539 -0.00177119 -0.00168255 -0.00162199 -0.0016811 -0.00164725 -0.00175547 -0.00171726 -0.00175276 -0.00161887 -0.00163473 -0.00156452 -0.0016633 -0.00177059 -0.0017419 -0.00163472 -0.00168904 -0.00177751 -0.00163114 -0.00167467 -0.0017347 -0.00177206 -0.00158295 
-0.00171544 -0.00171866 -0.00174529 -0.00177591 -0.00169202 -0.00182887 -0.00192262 -0.00188307 -0.00189198 -0.00181313 -0.00198609 -0.00199892 -0.00196054 -0.00214262 -0.00199594 -0.00203299 -0.00225643 -0.00213683 -0.00204761 -0.00218508 -0.00203102 -0.00212001 -0.00207805 -0.00182851 -0.00171793 -0.00164402 -0.00138672 0.00229441 0.00226931 0.00234795 0.00253632 0.00260873 0.1316 0.00254954 0.00234162 0.0023833 0.0021503 0.00206969 -0.00130891 -0.00134687 -0.00149508 -0.00150276 -0.00173302 -0.00179821 -0.00182274 -0.00178323 -0.00173073 -0.00174962 -0.00177954 -0.00175038 -0.00164588 -0.00171505 -0.00170028 -0.00161474 -0.00172326 -0.00168415 -0.00173782 -0.00175622 -0.00163408 -0.0016464 -0.00164033 -0.00171593 -0.00166099 -0.00165071 -0.00165541 -0.0017035 -0.00168904 -0.00173938 -0.00165815 -0.0016577 -0.00165184 -0.00172491 -0.00163123 -0.0017011 -0.0016413 -0.00158388 -0.00158513 -0.00164954 -0.0017019 -0.00166821 -0.0017108 -0.00173124 -0.00167339 -0.00171243 -0.00163346 -0.00173772 -0.00160202 -0.00165072 -0.00155853 -0.0016515 -0.00168988 -0.00165549 -0.00171954 -0.0018207 -0.00164085 -0.00166822 -0.0017097 -0.00171069 -0.001805 -0.00156346 
