0.123103 0.00210822 0.00216958 0.00209771 0.00193952 0.00202292 -0.00120789 -0.00126368 -0.00145127 -0.00140317 -0.00158346 -0.00172253 -0.00172546 -0.00185708 -0.00181296 -0.00180359 -0.00196082 -0.00181051 -0.00185536 -0.00203988 -0.00194292 -0.00194186 -0.00191316 -0.00175955 -0.00199929 -0.00188534 -0.00176094 -0.00176318 -0.00175025 -0.0017148 -0.0017375 -0.00177296 -0.00172759 -0.00163987 -0.00154289 -0.0016103 -0.00161815 -0.00160367 -0.00155223 -0.00165074 -0.00154306 -0.00159503 -0.00162453 -0.00161726 -0.00151619 -0.00145177 -0.00149648 -0.00147508 -0.00145416 -0.00149544 -0.00153147 -0.00149757 -0.00150382 -0.00152522 -0.00150685 -0.0014738 -0.00151253 -0.00158562 -0.0015958 -0.00155424 -0.00156884 -0.00152089 -0.00152304 -0.00148978 -0.00149321 -0.00145853 -0.00145411 -0.00143104 -0.00153458 -0.00152071 -0.00149259 -0.00155474 -0.00147499 -0.00153522 -0.00147005 -0.00146497 -0.00139047 -0.00150529 -0.00141014 -0.00157099 -0.00149088 -0.00150107 -0.00148024 -0.00149903 -0.00150526 -0.00150062 -0.00153207 -0.00142269 -0.00147493 -0.00150586 -0.00137513 -0.00137867 -0.00138757 -0.00123436 -0.0012738 -0.00116737 0.00190497 0.00189629 0.00213445 0.00215801 
0.00210822 0.123542 0.00236909 0.00213359 0.00207028 0.00210471 0.00200736 -0.00118176 -0.00122899 -0.00134142 -0.00151797 -0.00160347 -0.00176382 -0.00181517 -0.00193647 -0.00184 -0.00192817 -0.00188509 -0.00187621 -0.00206135 -0.00192632 -0.00185327 -0.00189149 -0.001819 -0.001948 -0.00187483 -0.00171822 -0.00172718 -0.00181857 -0.00169336 -0.00173077 -0.00173431 -0.0018016 -0.00172789 -0.00163965 -0.00166999 -0.0016552 -0.00161462 -0.00167921 -0.00163527 -0.00164279 -0.0015501 -0.00155534 -0.00165375 -0.00165106 -0.00161151 -0.0015624 -0.00149877 -0.00150062 -0.00152072 -0.00150769 -0.0015279 -0.00155379 -0.00152538 -0.00147812 -0.00157837 -0.00149736 -0.00147421 -0.0015508 -0.00152974 -0.00153087 -0.0014866 -0.00139579 -0.00145189 -0.00148728 -0.00150964 -0.0014947 -0.00151682 -0.00154174 -0.00152676 -0.00150765 -0.00152856 -0.00151742 -0.00154013 -0.00138687 -0.00138469 -0.00146696 -0.00149951 -0.00153507 -0.00146299 -0.00146444 -0.00153565 -0.00147365 -0.00154211 -0.00145262 -0.00158773 -0.00143668 -0.00137933 -0.00147229 -0.00150487 -0.00156644 -0.00142145 -0.00141835 -0.00134218 -0.00136373 -0.00130385 -0.00112959 0.00187731 0.00198078 0.00208281 
0.00216958 0.00236909 0.123789 0.00228559 0.00224759 0.00223631 0.00219589 0.00208438 -0.00111528 -0.00124871 -0.00153255 -0.00157412 -0.00169073 -0.00178109 -0.00187462 -0.00181865 -0.00205248 -0.00189469 -0.00193051 -0.00200125 -0.00198297 -0.00189727 -0.00201941 -0.00179841 -0.00193681 -0.00202648 -0.00183894 -0.00179619 -0.00181467 -0.00170449 -0.00173296 -0.0017264 -0.00172183 -0.00168915 -0.00161009 -0.00157812 -0.00163463 -0.00164299 -0.0016263 -0.00164352 -0.00156464 -0.0015523 -0.00165696 -0.0016047 -0.00154575 -0.00163234 -0.00157317 -0.00158304 -0.00149425 -0.0015883 -0.00155221 -0.00158888 -0.00157832 -0.00146031 -0.00152644 -0.00154006 -0.00155086 -0.00152606 -0.00157763 -0.00141201 -0.0015306 -0.00164483 -0.00145961 -0.0015667 -0.00151196 -0.00141077 -0.00151236 -0.00147397 -0.00159115 -0.00157876 -0.00146124 -0.00147776 -0.00158135 -0.00149351 -0.00148485 -0.00145128 -0.00142383 -0.00154965 -0.00151579 -0.00160498 -0.00156115 -0.00150201 -0.00157869 -0.00147776 -0.00143166 -0.00139886 -0.00149726 -0.00146792 -0.00148823 -0.00156289 -0.00154484 -0.00149866 -0.00158248 -0.00137495 -0.00135434 -0.00133702 -0.00126143 -0.00117557 0.00203004 0.00205777 
0.00209771 0.00213359 0.00228559 0.124374 0.00229839 0.002326 0.00224801 0.00228436 0.00196074 -0.00121243 -0.00145239 -0.00148437 -0.00149254 -0.00172198 -0.00184475 -0.00190643 -0.00197759 -0.00188048 -0.00193157 -0.00206909 -0.00201689 -0.00189529 -0.00190217 -0.00186533 -0.00204881 -0.00195547 -0.0018033 -0.00177882 -0.00176093 -0.00175319 -0.00178619 -0.00180558 -0.00175807 -0.00177507 -0.00169134 -0.00154735 -0.00163654 -0.00157414 -0.00165741 -0.00154773 -0.0016221 -0.00159327 -0.00161278 -0.00155479 -0.00159327 -0.00171225 -0.00156056 -0.00162508 -0.00161912 -0.00157036 -0.00155532 -0.00160682 -0.0015024 -0.00161439 -0.00152061 -0.00150686 -0.00163375 -0.00153081 -0.00149227 -0.00153914 -0.00149042 -0.00153881 -0.00146672 -0.00151365 -0.00148683 -0.00153305 -0.00152917 -0.00154578 -0.00148211 -0.00147271 -0.00157939 -0.00147381 -0.00150156 -0.00152416 -0.00148283 -0.00139755 -0.00144168 -0.00154457 -0.0014541 -0.00155916 -0.00145616 -0.00146801 -0.00149659 -0.0014514 -0.0014433 -0.00150645 -0.00162932 -0.00136123 -0.00154368 -0.00147569 -0.00152004 -0.00149525 -0.00156082 -0.00151568 -0.00153836 -0.0014283 -0.00146529 -0.0013292 -0.00112508 0.00191851 
0.00193952 0.00207028 0.00224759 0.00229839 0.125026 0.00238474 0.00237743 0.00226701 0.00224977 0.00208249 -0.00123762 -0.00143747 -0.00147016 -0.00159587 -0.00179557 -0.0019017 -0.00187886 -0.00200952 -0.00202448 -0.0021053 -0.0020228 -0.00197621 -0.0018887 -0.00188104 -0.00196803 -0.00188159 -0.00180237 -0.00177499 -0.00182687 -0.00173164 -0.0017824 -0.00178027 -0.00178692 -0.00171466 -0.00173177 -0.00160105 -0.00161777 -0.0016563 -0.0016832 -0.00164064 -0.00160383 -0.00158169 -0.0016203 -0.00163609 -0.00165605 -0.00159049 -0.00161002 -0.00149306 -0.00154757 -0.0014583 -0.00157095 -0.0015631 -0.00154917 -0.00155477 -0.00159183 -0.00150237 -0.00159321 -0.0015003 -0.00149654 -0.0016258 -0.00154361 -0.00156245 -0.00153594 -0.00150268 -0.00153994 -0.00153912 -0.00153434 -0.00141458 -0.00161195 -0.00157935 -0.00147663 -0.00159379 -0.00147595 -0.00165512 -0.00148459 -0.00151091 -0.00149107 -0.00154808 -0.00161685 -0.00149875 -0.00158358 -0.00156332 -0.00161045 -0.00156016 -0.00153468 -0.00153751 -0.00152479 -0.00147302 -0.00147244 -0.00156657 -0.00155048 -0.00151353 -0.00147354 -0.00154849 -0.00152423 -0.00151358 -0.00136537 -0.00134024 -0.00126708 -0.00115332 
0.00202292 0.00210471 0.00223631 0.002326 0.00238474 0.128254 0.00250325 0.00242994 0.00230792 0.00223754 0.00210589 -0.0014418 -0.00142027 -0.00167322 -0.0018403 -0.00185542 -0.00210497 -0.00201109 -0.00200755 -0.00215797 -0.00215243 -0.0020704 -0.00219038 -0.00191696 -0.00201735 -0.00205385 -0.00198147 -0.00195753 -0.00188381 -0.00185432 -0.00184131 -0.00196893 -0.00196953 -0.00180991 -0.00174468 -0.00168791 -0.0018076 -0.00181998 -0.0016582 -0.00177895 -0.00166275 -0.00171318 -0.0017495 -0.0017295 -0.00177442 -0.00179595 -0.00158659 -0.00163394 -0.00165537 -0.00155649 -0.00169152 -0.00159904 -0.00160174 -0.00167968 -0.00160902 -0.00159321 -0.00160691 -0.00173735 -0.00158723 -0.00153458 -0.00164692 -0.0016731 -0.00153573 -0.00153089 -0.00160206 -0.00156857 -0.00160424 -0.00162111 -0.00159486 -0.00163679 -0.00166254 -0.00165753 -0.00163247 -0.00159539 -0.00151785 -0.00162825 -0.00160872 -0.00169992 -0.00158814 -0.00161407 -0.00158665 -0.00157713 -0.00157637 -0.00158583 -0.00156194 -0.00160835 -0.00167603 -0.00164889 -0.00153067 -0.0015916 -0.00157728 -0.00163451 -0.00165819 -0.0016255 -0.00162504 -0.00156654 -0.00148162 -0.00137243 -0.00127005 -0.00116375 
-0.00120789 0.00200736 0.00219589 0.00224801 0.00237743 0.00250325 0.129232 0.00256877 0.00238926 0.00243471 0.00226997 0.00224938 -0.00138203 -0.00151198 -0.0017627 -0.00177579 -0.00202144 -0.00205372 -0.00203024 -0.00213028 -0.00204719 -0.00219999 -0.00205044 -0.0019795 -0.00203024 -0.00191583 -0.00197169 -0.00191779 -0.00178728 -0.00179789 -0.0018692 -0.00177372 -0.00184572 -0.00178629 -0.00176095 -0.00176387 -0.00188369 -0.00185309 -0.00178908 -0.00189109 -0.00174691 -0.00176896 -0.00177625 -0.0018373 -0.00171614 -0.00174925 -0.00165579 -0.0017573 -0.0016185 -0.00161087 -0.0016311 -0.00167828 -0.00163073 -0.00166838 -0.00171944 -0.00170739 -0.00169098 -0.00165359 -0.00165197 -0.00161673 -0.00161004 -0.00171026 -0.0015941 -0.00165356 -0.00164604 -0.00162137 -0.00163232 -0.00167387 -0.00157196 -0.00172691 -0.00163515 -0.00161929 -0.00171081 -0.00166597 -0.00161696 -0.00156825 -0.00161182 -0.00169957 -0.00166198 -0.00168975 -0.00169312 -0.00167143 -0.00167552 -0.00167066 -0.00164852 -0.00165466 -0.00160948 -0.00156537 -0.0015319 -0.00156124 -0.00166773 -0.00161217 -0.00158173 -0.00168677 -0.00166166 -0.00166843 -0.001556 -0.00145748 -0.00141306 -0.00129268 
-0.00126368 -0.00118176 0.00208438 0.00228436 0.00226701 0.00242994 0.00256877 0.130436 0.00263817 0.00255097 0.002404 0.00237499 0.00231614 -0.00145196 -0.00166659 -0.00161406 -0.00181325 -0.00201285 -0.00207647 -0.00216652 -0.00213171 -0.00213353 -0.00212096 -0.00205214 -0.00207377 -0.00220568 -0.0019582 -0.00194542 -0.00193684 -0.00183871 -0.00197525 -0.0020107 -0.001969 -0.00181835 -0.00174663 -0.00181959 -0.00182804 -0.00177674 -0.00181347 -0.00182021 -0.00172839 -0.00168788 -0.00179573 -0.00178467 -0.00172295 -0.00175816 -0.00171587 -0.00182063 -0.00169201 -0.00181865 -0.0016942 -0.00164741 -0.00162087 -0.00164233 -0.00161221 -0.00169108 -0.00165799 -0.00159571 -0.00156894 -0.00161394 -0.00164268 -0.00173744 -0.00165929 -0.00168639 -0.00172165 -0.00164176 -0.00165158 -0.00163948 -0.00174691 -0.00168376 -0.00168002 -0.00161885 -0.00168535 -0.00166711 -0.0015626 -0.00156053 -0.00156749 -0.00167571 -0.00167087 -0.00169805 -0.00168906 -0.00168709 -0.00169438 -0.00162504 -0.00171421 -0.00168024 -0.0017873 -0.00161014 -0.00154262 -0.00169122 -0.00163039 -0.00171048 -0.001649 -0.00172092 -0.00172864 -0.00166609 -0.00157615 -0.00159563 -0.00159733 -0.00146925 
-0.00145127 -0.00122899 -0.00111528 0.00196074 0.00224977 0.00230792 0.00238926 0.00263817 0.131652 0.00260283 0.00245979 0.0024889 0.00241118 0.00224774 -0.00152847 -0.00160088 -0.00182536 -0.00192518 -0.00197338 -0.00218747 -0.00211722 -0.00209294 -0.0020734 -0.0019682 -0.00221238 -0.00203882 -0.00199185 -0.00196111 -0.00198558 -0.00198015 -0.00193287 -0.00195884 -0.00201993 -0.00188903 -0.00182844 -0.00183173 -0.00186628 -0.00193365 -0.00181667 -0.00182601 -0.00179185 -0.00169262 -0.00184779 -0.00183914 -0.0018359 -0.00179033 -0.00173065 -0.00173903 -0.0017259 -0.00163187 -0.0016241 -0.0016769 -0.00166342 -0.00170042 -0.00171159 -0.00166283 -0.00170176 -0.00179319 -0.00167913 -0.00169763 -0.00167798 -0.0016423 -0.00165664 -0.00158568 -0.00160148 -0.00161139 -0.00176219 -0.00171223 -0.00175982 -0.00161061 -0.00162868 -0.0017512 -0.00163414 -0.00174185 -0.00169862 -0.00165551 -0.00158999 -0.00170674 -0.00173183 -0.00169066 -0.00163166 -0.00158998 -0.00171016 -0.00167012 -0.00166806 -0.00158714 -0.00171942 -0.00166746 -0.0016265 -0.00169426 -0.00157715 -0.00181168 -0.00169572 -0.00173618 -0.00160811 -0.00170487 -0.00171973 -0.00172425 -0.00165085 -0.00146759 
-0.00140317 -0.00134142 -0.00124871 -0.00121243 0.00208249 0.00223754 0.00243471 0.00255097 0.00260283 0.130213 0.00251178 0.00248032 0.0023453 0.00232547 -0.00149805 -0.00140515 -0.00171187 -0.00188747 -0.00196529 -0.00215165 -0.00204416 -0.00212788 -0.00211728 -0.00199356 -0.00207811 -0.00217918 -0.00207523 -0.00200489 -0.00188153 -0.00187536 -0.00196969 -0.00187642 -0.00183425 -0.00186799 -0.00177407 -0.00176399 -0.00180647 -0.00186499 -0.0017674 -0.00186231 -0.00167922 -0.0016656 -0.00179004 -0.00173471 -0.00165948 -0.00172918 -0.00167626 -0.00169844 -0.00166709 -0.00163585 -0.00163099 -0.00161742 -0.00164839 -0.00162078 -0.00172091 -0.00161769 -0.00163942 -0.00165593 -0.00164345 -0.00157896 -0.00156101 -0.00164886 -0.0015055 -0.00166579 -0.00157291 -0.00161217 -0.00164591 -0.00161396 -0.00165004 -0.00163746 -0.00172753 -0.00162461 -0.00167814 -0.00161016 -0.00152461 -0.00152686 -0.00155517 -0.00156399 -0.00152843 -0.00164251 -0.00161843 -0.00159803 -0.00161693 -0.00159344 -0.00153806 -0.00162666 -0.00162498 -0.00153745 -0.00156736 -0.00158498 -0.0016019 -0.00162367 -0.00156815 -0.00162147 -0.0015688 -0.00165645 -0.00156784 -0.00158512 -0.00145839 -0.00163117 
-0.00158346 -0.00151797 -0.00153255 -0.00145239 -0.00123762 0.00210589 0.00226997 0.002404 0.00245979 0.00251178 0.134519 0.0027665 0.00267319 0.00258616 0.00235801 0.00231693 -0.00155879 -0.00177677 -0.00179067 -0.0020105 -0.00221877 -0.00211813 -0.00230407 -0.00206527 -0.00219494 -0.00219097 -0.00205412 -0.00214997 -0.00195999 -0.00197806 -0.00190772 -0.00203419 -0.00197363 -0.00181342 -0.00180081 -0.00185625 -0.00182289 -0.00200718 -0.00190765 -0.00186308 -0.00178763 -0.00185422 -0.00192246 -0.00185821 -0.0018205 -0.00183182 -0.0017873 -0.0017322 -0.00179322 -0.00175038 -0.00175352 -0.00170984 -0.00163241 -0.00171666 -0.001648 -0.00169615 -0.00171332 -0.00168509 -0.00169036 -0.00172368 -0.00164923 -0.00171389 -0.0016616 -0.00170844 -0.00180676 -0.00167801 -0.00174857 -0.00180754 -0.00178846 -0.00173863 -0.00179828 -0.00181741 -0.00173829 -0.00178739 -0.00167604 -0.00168315 -0.00162714 -0.00174763 -0.00166157 -0.00175739 -0.00177556 -0.00163979 -0.00178041 -0.00174398 -0.00179346 -0.00172552 -0.00179295 -0.00167091 -0.00155574 -0.00164994 -0.00177875 -0.00181268 -0.00171468 -0.00180829 -0.0017665 -0.00171213 -0.00174702 -0.0017615 -0.00165402 -0.00170341 
-0.00172253 -0.00160347 -0.00157412 -0.00148437 -0.00143747 -0.0014418 0.00224938 0.00237499 0.0024889 0.00248032 0.0027665 0.136733 0.00276906 0.00266898 0.00251527 0.00253018 0.00240072 -0.00169096 -0.00166036 -0.00194897 -0.00200367 -0.00208277 -0.00218903 -0.00207329 -0.00217608 -0.00233514 -0.00214974 -0.00207123 -0.00200805 -0.00195862 -0.00210135 -0.00202104 -0.00195654 -0.00191263 -0.0018588 -0.00183016 -0.00184871 -0.00191949 -0.00194656 -0.0019211 -0.00183497 -0.00181304 -0.00197025 -0.00185183 -0.00189383 -0.00192297 -0.0017994 -0.00174332 -0.00184831 -0.00180823 -0.0018323 -0.00176542 -0.00181395 -0.00180807 -0.0017379 -0.00181142 -0.00172371 -0.00168338 -0.0017995 -0.0017741 -0.00180012 -0.00185582 -0.0016273 -0.00175436 -0.00169568 -0.00173649 -0.00184158 -0.00174457 -0.0018062 -0.00177196 -0.00179718 -0.00187908 -0.00179123 -0.00183376 -0.00174163 -0.00172737 -0.00172715 -0.00168638 -0.00178086 -0.00182927 -0.00179659 -0.00178332 -0.00177129 -0.00177828 -0.00173871 -0.00173715 -0.00193106 -0.00167704 -0.00177807 -0.00177254 -0.00177033 -0.00174508 -0.00182479 -0.00176213 -0.00179032 -0.00172241 -0.00180154 -0.00175261 -0.00172178 -0.00173003 
-0.00172546 -0.00176382 -0.00169073 -0.00149254 -0.00147016 -0.00142027 -0.00138203 0.00231614 0.00241118 0.0023453 0.00267319 0.00276906 0.135207 0.00277617 0.0026146 0.00268719 0.0024173 -0.00151799 -0.00165287 -0.00184549 -0.00202834 -0.00202508 -0.00207977 -0.00207645 -0.00218859 -0.00221774 -0.00197367 -0.00193787 -0.00197353 -0.00193112 -0.0020194 -0.00193654 -0.0020039 -0.00200343 -0.00182373 -0.0017724 -0.00190092 -0.00183618 -0.00185792 -0.00180562 -0.00187536 -0.00179282 -0.00179638 -0.00181288 -0.00181548 -0.0017941 -0.00172377 -0.00168794 -0.00174778 -0.00169345 -0.00169369 -0.00172637 -0.00167144 -0.00170181 -0.00170708 -0.0016564 -0.00172532 -0.00170635 -0.0017391 -0.00170094 -0.00172846 -0.0017168 -0.00161298 -0.0016193 -0.00174398 -0.00177445 -0.00180097 -0.00175266 -0.00180587 -0.00180307 -0.00171741 -0.00166511 -0.00173813 -0.00167773 -0.001678 -0.00163668 -0.00170472 -0.00176068 -0.00167202 -0.00173976 -0.00169642 -0.00176077 -0.00170927 -0.00166773 -0.00178793 -0.00167757 -0.00169266 -0.00157903 -0.00172414 -0.00160943 -0.00166177 -0.00162751 -0.00166205 -0.00168133 -0.00173309 -0.00171146 -0.00173936 -0.00174338 -0.00168268 -0.00159909 
-0.00185708 -0.00181517 -0.00178109 -0.00172198 -0.00159587 -0.00167322 -0.00151198 -0.00145196 0.00224774 0.00232547 0.00258616 0.00266898 0.00277617 0.140481 0.00275587 0.0029286 0.00268744 0.00252841 0.00256276 -0.00161176 -0.00186073 -0.00182416 -0.00200628 -0.00211819 -0.00230992 -0.00220078 -0.0021896 -0.00221257 -0.00208624 -0.0021812 -0.00215306 -0.00217906 -0.00208744 -0.00194232 -0.00198951 -0.00190199 -0.00201404 -0.0019625 -0.00186317 -0.00202338 -0.00185671 -0.00187437 -0.00209707 -0.00201654 -0.0020247 -0.00201472 -0.00180649 -0.00186602 -0.00182131 -0.00185359 -0.00185861 -0.00167358 -0.00189631 -0.00186321 -0.00181632 -0.00177921 -0.00185795 -0.00183086 -0.00182026 -0.00175011 -0.0018495 -0.00190341 -0.00168738 -0.00173237 -0.00178826 -0.00184197 -0.00183236 -0.00178956 -0.0018758 -0.00179735 -0.00181321 -0.0018778 -0.00185431 -0.0017745 -0.00174338 -0.00183125 -0.0018128 -0.00184924 -0.00187361 -0.00185461 -0.00176354 -0.00181965 -0.00180934 -0.00185194 -0.00188152 -0.00182456 -0.00185669 -0.00177256 -0.00177547 -0.00184886 -0.00192215 -0.00184613 -0.00178676 -0.00179257 -0.00190455 -0.00176901 -0.00182542 -0.00181036 -0.0019624 -0.00183835 
-0.00181296 -0.00193647 -0.00187462 -0.00184475 -0.00179557 -0.0018403 -0.0017627 -0.00166659 -0.00152847 -0.00149805 0.00235801 0.00251527 0.0026146 0.00275587 0.139859 0.00314694 0.00297474 0.00267829 0.00276477 0.00264412 -0.00162929 -0.0016318 -0.00181298 -0.00198819 -0.00220485 -0.00228162 -0.00208815 -0.00199598 -0.00210351 -0.0019611 -0.00201392 -0.00201478 -0.00196572 -0.00196001 -0.00186444 -0.0018586 -0.00191794 -0.00188816 -0.00189957 -0.00189871 -0.00187505 -0.00185859 -0.00190834 -0.00186117 -0.0018917 -0.00193384 -0.00181039 -0.00184021 -0.00193803 -0.0018922 -0.00178514 -0.00174696 -0.00189578 -0.00178094 -0.00170552 -0.00183432 -0.00180534 -0.00186962 -0.00183635 -0.00176173 -0.00177574 -0.00168216 -0.00175908 -0.00168124 -0.00185748 -0.00185085 -0.00174781 -0.00177128 -0.00174524 -0.00185214 -0.00179781 -0.00184856 -0.00170929 -0.00175852 -0.00174309 -0.00174415 -0.00169295 -0.00185147 -0.00176182 -0.00178121 -0.00179298 -0.00172714 -0.00177614 -0.00182797 -0.00182136 -0.00184614 -0.00175689 -0.00173645 -0.00167517 -0.00179001 -0.00176439 -0.00178907 -0.00170975 -0.00185046 -0.00176334 -0.00177246 -0.00178039 -0.00180359 -0.00181162 -0.00173376 
-0.00180359 -0.00184 -0.00181865 -0.00190643 -0.0019017 -0.00185542 -0.00177579 -0.00161406 -0.00160088 -0.00140515 0.00231693 0.00253018 0.00268719 0.0029286 0.00314694 0.141533 0.00278082 0.00266318 0.00271671 0.0025162 -0.00169054 -0.00164943 -0.00184989 -0.00201016 -0.00209458 -0.00223595 -0.00214519 -0.00205742 -0.00206256 -0.00199682 -0.00206163 -0.00212131 -0.00206641 -0.00196482 -0.00192296 -0.00193267 -0.00200795 -0.00195231 -0.00196714 -0.0019454 -0.00187434 -0.0018256 -0.00195909 -0.00193138 -0.00187416 -0.00195934 -0.00173758 -0.0018214 -0.0019061 -0.00184605 -0.00186424 -0.00174827 -0.00177126 -0.00180061 -0.00177804 -0.00173899 -0.00181459 -0.00169675 -0.00181639 -0.00184652 -0.00179797 -0.00170273 -0.00169323 -0.00174659 -0.00185687 -0.00182397 -0.00171484 -0.00184511 -0.00183996 -0.00190756 -0.00190736 -0.0018182 -0.00185485 -0.00183195 -0.00182818 -0.00176399 -0.00170297 -0.00173949 -0.00178207 -0.00174811 -0.00185922 -0.00191826 -0.00175437 -0.00180216 -0.00186161 -0.00181821 -0.00186668 -0.00174242 -0.00171941 -0.0018237 -0.00183343 -0.00179669 -0.00188439 -0.00179286 -0.00177144 -0.00165001 -0.00189095 -0.0018258 -0.00181161 -0.00162349 
-0.00196082 -0.00192817 -0.00205248 -0.00197759 -0.00187886 -0.00210497 -0.00202144 -0.00181325 -0.00182536 -0.00171187 -0.00155879 0.00240072 0.0024173 0.00268744 0.00297474 0.00278082 0.146301 0.00302197 0.00307977 0.00300081 0.00264576 0.00251928 -0.0015287 -0.00191304 -0.00201962 -0.00207397 -0.00222045 -0.00225515 -0.00222339 -0.00221811 -0.00223013 -0.00218274 -0.00213786 -0.00217926 -0.0019504 -0.00198507 -0.00206332 -0.00207527 -0.0020109 -0.00201621 -0.00197884 -0.00197923 -0.00205721 -0.00201388 -0.00207062 -0.00210262 -0.00197617 -0.00194608 -0.00190456 -0.00186574 -0.00201466 -0.00194171 -0.0019965 -0.00192873 -0.0018899 -0.00193496 -0.00193557 -0.00197959 -0.00190642 -0.00201148 -0.00202328 -0.00195436 -0.00197653 -0.00184358 -0.00194238 -0.00195024 -0.00187377 -0.0019254 -0.00200702 -0.00185804 -0.00185901 -0.00194385 -0.00199233 -0.00196346 -0.00181728 -0.00182584 -0.00186653 -0.00191415 -0.00184106 -0.00185049 -0.00190508 -0.00183442 -0.00191894 -0.00186985 -0.00199784 -0.00192575 -0.0018905 -0.00180085 -0.00182457 -0.00189628 -0.00195007 -0.00196468 -0.00189706 -0.00191085 -0.00197727 -0.00188635 -0.00199242 -0.00178366 -0.00194498 -0.00187754 
-0.00181051 -0.00188509 -0.00189469 -0.00188048 -0.00200952 -0.00201109 -0.00205372 -0.00201285 -0.00192518 -0.00188747 -0.00177677 -0.00169096 -0.00151799 0.00252841 0.00267829 0.00266318 0.00302197 0.144668 0.0031166 0.00309379 0.00277876 0.00281038 0.00263 -0.00167802 -0.00187347 -0.00187001 -0.00204001 -0.00212738 -0.00210691 -0.00199918 -0.00218867 -0.00206553 -0.0020512 -0.00208613 -0.0019704 -0.00190648 -0.00208074 -0.0020715 -0.00195486 -0.00208483 -0.00189166 -0.00187393 -0.00193086 -0.00195526 -0.00194356 -0.00193429 -0.00198662 -0.00178079 -0.00189912 -0.00186466 -0.00181174 -0.00187437 -0.00187378 -0.00192201 -0.00197701 -0.0019349 -0.00176031 -0.00177674 -0.0019055 -0.00188219 -0.00184594 -0.0017396 -0.00175632 -0.00170144 -0.00184201 -0.00185071 -0.00187434 -0.00193608 -0.00188188 -0.00183979 -0.00185551 -0.0018997 -0.00186606 -0.00182146 -0.00171104 -0.001823 -0.00176448 -0.00183315 -0.0018551 -0.00188164 -0.00190111 -0.00184716 -0.00190074 -0.00181785 -0.00173489 -0.00186875 -0.00188136 -0.00178309 -0.00176318 -0.00185441 -0.00186914 -0.0018501 -0.00196371 -0.00186589 -0.00189175 -0.00173997 -0.00198616 -0.0018383 -0.00190428 -0.00185694 
-0.00185536 -0.00187621 -0.00193051 -0.00193157 -0.00202448 -0.00200755 -0.00203024 -0.00207647 -0.00197338 -0.00196529 -0.00179067 -0.00166036 -0.00165287 0.00256276 0.00276477 0.00271671 0.00307977 0.0031166 0.145641 0.0031053 0.00280672 0.00278283 0.00279115 -0.0015297 -0.0018427 -0.001892 -0.00206177 -0.00216308 -0.00221069 -0.00210338 -0.00227739 -0.00217509 -0.00213782 -0.00208165 -0.00196621 -0.00189353 -0.00201997 -0.00205809 -0.00210369 -0.00206066 -0.00189458 -0.00202562 -0.00206871 -0.00197682 -0.00202849 -0.00198656 -0.00194844 -0.00188125 -0.00193597 -0.00183931 -0.00187875 -0.0017952 -0.00187653 -0.00182607 -0.00188062 -0.00193842 -0.00182302 -0.00188432 -0.00182537 -0.00182924 -0.00183001 -0.00182098 -0.0017952 -0.00173193 -0.00191123 -0.00191752 -0.00181724 -0.00183515 -0.00192211 -0.00192042 -0.00181915 -0.00184258 -0.00187212 -0.0018575 -0.00175838 -0.00174737 -0.00183057 -0.00185964 -0.00183165 -0.00190157 -0.00183172 -0.0018311 -0.00188015 -0.00195128 -0.00182175 -0.0018856 -0.00187914 -0.00185226 -0.00177581 -0.00183025 -0.00176186 -0.00191812 -0.00181479 -0.00187324 -0.00180127 -0.00172604 -0.00196547 -0.00188817 -0.00186216 -0.00189983 
-0.00203988 -0.00206135 -0.00200125 -0.00206909 -0.0021053 -0.00215797 -0.00213028 -0.00216652 -0.00218747 -0.00215165 -0.0020105 -0.00194897 -0.00184549 -0.00161176 0.00264412 0.0025162 0.00300081 0.00309379 0.0031053 0.149426 0.00312306 0.00322326 0.00297901 0.00263531 0.00268125 -0.00172584 -0.00178124 -0.00191249 -0.00213873 -0.00199724 -0.00225942 -0.00215681 -0.00226278 -0.00230723 -0.00205889 -0.0020954 -0.00207305 -0.0020928 -0.002158 -0.00214503 -0.00200078 -0.00197565 -0.00214305 -0.00218104 -0.00204639 -0.00200776 -0.00198993 -0.00199185 -0.00206513 -0.00202792 -0.00194829 -0.00194992 -0.00199222 -0.00200715 -0.00201207 -0.00194798 -0.0020133 -0.00206313 -0.00197362 -0.0019606 -0.00206162 -0.00201977 -0.0019662 -0.00191946 -0.00205848 -0.00197859 -0.00200059 -0.00196854 -0.0019604 -0.00186084 -0.00199757 -0.0020142 -0.00192224 -0.00202972 -0.00189574 -0.00187422 -0.00188307 -0.00197427 -0.00185256 -0.00192919 -0.0019932 -0.00200461 -0.00199219 -0.00189381 -0.00201772 -0.0020164 -0.00192488 -0.00189785 -0.00190177 -0.00194732 -0.0019732 -0.00193876 -0.00183286 -0.0019802 -0.00198227 -0.00202543 -0.00208295 -0.00193914 -0.0020313 -0.00193504 
-0.00194292 -0.00192632 -0.00198297 -0.00201689 -0.0020228 -0.00215243 -0.00204719 -0.00213171 -0.00211722 -0.00204416 -0.00221877 -0.00200367 -0.00202834 -0.00186073 -0.00162929 -0.00169054 0.00264576 0.00277876 0.00280672 0.00312306 0.146347 0.00343721 0.00312722 0.00278079 0.00273504 0.00260219 -0.00157563 -0.00187153 -0.00198549 -0.00182398 -0.00208689 -0.00212195 -0.00199827 -0.00209543 -0.0019244 -0.00189683 -0.00195656 -0.00197538 -0.00202097 -0.00205444 -0.00192401 -0.00187263 -0.00205904 -0.00199073 -0.0019522 -0.00205178 -0.00188363 -0.00192239 -0.0018832 -0.00189151 -0.00188201 -0.00194016 -0.00184103 -0.0019881 -0.00191654 -0.00193744 -0.0019303 -0.0018976 -0.0018894 -0.00187863 -0.00183846 -0.00182274 -0.00170636 -0.00171913 -0.00184052 -0.0018471 -0.00202988 -0.00182482 -0.00186423 -0.00192413 -0.00181778 -0.00193262 -0.00197042 -0.00188135 -0.00179084 -0.00182306 -0.00182802 -0.00193032 -0.00197543 -0.00179742 -0.00182638 -0.00192565 -0.00196081 -0.001873 -0.00196522 -0.00189756 -0.00188846 -0.00179149 -0.0018458 -0.0018771 -0.00183546 -0.00180339 -0.00185696 -0.0018954 -0.00191297 -0.00191738 -0.00194678 -0.0018425 -0.00180206 -0.00181908 
-0.00194186 -0.00185327 -0.00189727 -0.00189529 -0.00197621 -0.0020704 -0.00219999 -0.00213353 -0.00209294 -0.00212788 -0.00211813 -0.00208277 -0.00202508 -0.00182416 -0.0016318 -0.00164943 0.00251928 0.00281038 0.00278283 0.00322326 0.00343721 0.146307 0.00320433 0.00280081 0.00279414 0.00262175 -0.00159523 -0.00173653 -0.00197177 -0.00187686 -0.00204983 -0.00211914 -0.00207445 -0.00208062 -0.00197117 -0.00189765 -0.00197652 -0.00201095 -0.00207199 -0.00201883 -0.00191925 -0.00189514 -0.00203491 -0.00204327 -0.0020438 -0.00193323 -0.00185253 -0.00177293 -0.00194024 -0.0019761 -0.00183479 -0.00190826 -0.0019654 -0.00191513 -0.00191573 -0.00188713 -0.00199313 -0.00186167 -0.00190005 -0.00194374 -0.00181052 -0.00181573 -0.00179973 -0.00168841 -0.00187636 -0.00198491 -0.00184252 -0.00191328 -0.00190154 -0.00180313 -0.00186078 -0.0019112 -0.00188108 -0.00188854 -0.00182652 -0.00188188 -0.00178275 -0.00191349 -0.00184348 -0.00190426 -0.00190755 -0.00188265 -0.00197091 -0.00189454 -0.00194863 -0.00183166 -0.0018392 -0.00181472 -0.00183493 -0.00195583 -0.00191342 -0.00189153 -0.00193559 -0.00190764 -0.00187548 -0.00191857 -0.00196054 -0.00190387 -0.00181792 -0.00185785 
-0.00191316 -0.00189149 -0.00201941 -0.00190217 -0.0018887 -0.00219038 -0.00205044 -0.00212096 -0.0020734 -0.00211728 -0.00230407 -0.00218903 -0.00207977 -0.00200628 -0.00181298 -0.00184989 -0.0015287 0.00263 0.00279115 0.00297901 0.00312722 0.00320433 0.145523 0.00300138 0.00291485 0.00285409 0.00245374 -0.00166782 -0.00176279 -0.00174798 -0.0019666 -0.00194128 -0.00206548 -0.00207809 -0.00199755 -0.00185626 -0.00211909 -0.00210407 -0.00205771 -0.00196549 -0.00191203 -0.00196244 -0.00199954 -0.00200941 -0.00207745 -0.00196537 -0.00187154 -0.0019085 -0.00187526 -0.00191543 -0.00188254 -0.00185332 -0.00197508 -0.00180436 -0.00186899 -0.00190356 -0.00190583 -0.00197462 -0.00192539 -0.0019198 -0.00198382 -0.00189196 -0.00178665 -0.00187849 -0.0017998 -0.00181782 -0.00187626 -0.0018029 -0.00185435 -0.00184441 -0.00184869 -0.00182464 -0.00183309 -0.00174608 -0.00179834 -0.00184867 -0.00176621 -0.00193243 -0.00183965 -0.00190463 -0.00175509 -0.00188459 -0.00183133 -0.00187965 -0.00184556 -0.00184115 -0.00184136 -0.00181988 -0.00176343 -0.00192119 -0.00182436 -0.00181734 -0.00191946 -0.00189773 -0.00179823 -0.00178204 -0.00180593 -0.00188122 -0.00188362 -0.00182766 
-0.00175955 -0.001819 -0.00179841 -0.00186533 -0.00188104 -0.00191696 -0.0019795 -0.00205214 -0.0019682 -0.00199356 -0.00206527 -0.00207329 -0.00207645 -0.00211819 -0.00198819 -0.00201016 -0.00191304 -0.00167802 -0.0015297 0.00263531 0.00278079 0.00280081 0.00300138 0.141306 0.00307612 0.00300863 0.00254345 0.00244782 -0.00152126 -0.00147654 -0.00159658 -0.00169995 -0.00181106 -0.00196778 -0.00184472 -0.00191481 -0.0018506 -0.00184232 -0.00184276 -0.00178608 -0.00174587 -0.00174273 -0.00192386 -0.00185487 -0.00183509 -0.00183478 -0.00175496 -0.00182971 -0.00175002 -0.00182442 -0.00173939 -0.00180951 -0.00180788 -0.00168172 -0.00172976 -0.00180319 -0.00179382 -0.00180591 -0.00183521 -0.00176102 -0.00176227 -0.0016903 -0.00167331 -0.00172664 -0.00184579 -0.00176496 -0.0018413 -0.00179265 -0.00182658 -0.00171562 -0.00183786 -0.00180081 -0.00166039 -0.00181723 -0.00169638 -0.00171888 -0.00171607 -0.00172976 -0.00178036 -0.00175629 -0.00170371 -0.00177157 -0.00166532 -0.00179104 -0.00183295 -0.00173767 -0.00173225 -0.00176369 -0.00160723 -0.00171729 -0.00180555 -0.0018231 -0.00181256 -0.00177962 -0.00174331 -0.00173143 -0.00178796 -0.00188265 -0.00166569 -0.00158824 
-0.00199929 -0.001948 -0.00193681 -0.00204881 -0.00196803 -0.00201735 -0.00203024 -0.00207377 -0.00221238 -0.00207811 -0.00219494 -0.00217608 -0.00218859 -0.00230992 -0.00220485 -0.00209458 -0.00201962 -0.00187347 -0.0018427 0.00268125 0.00273504 0.00279414 0.00291485 0.00307612 0.146067 0.00306172 0.00290635 0.00257069 0.0024691 0.00243583 -0.001608 -0.00164068 -0.00175483 -0.00185934 -0.00199072 -0.00200379 -0.00201979 -0.00201187 -0.00202993 -0.00207514 -0.002016 -0.00187264 -0.00207587 -0.00209304 -0.00200188 -0.00203495 -0.00207594 -0.00195878 -0.00187663 -0.00196847 -0.00194941 -0.00189516 -0.00195094 -0.00195339 -0.00197129 -0.00200153 -0.00191992 -0.00189344 -0.00179114 -0.00195763 -0.00194561 -0.0018331 -0.00178234 -0.00184282 -0.0019723 -0.00192264 -0.00191922 -0.00194194 -0.00199134 -0.00192939 -0.00198918 -0.00185024 -0.00182309 -0.00187264 -0.00181731 -0.00183132 -0.00194491 -0.00192292 -0.00198224 -0.00196893 -0.0018305 -0.00194459 -0.00196377 -0.00197311 -0.00191859 -0.00189129 -0.00189111 -0.00180812 -0.00190397 -0.00194369 -0.00199306 -0.00192232 -0.00182999 -0.00189896 -0.00196991 -0.0019641 -0.00183638 -0.00194398 -0.00197684 -0.00175479 
-0.00188534 -0.00187483 -0.00202648 -0.00195547 -0.00188159 -0.00205385 -0.00191583 -0.00220568 -0.00203882 -0.00217918 -0.00219097 -0.00233514 -0.00221774 -0.00220078 -0.00228162 -0.00223595 -0.00207397 -0.00187001 -0.001892 -0.00172584 0.00260219 0.00262175 0.00285409 0.00300863 0.00306172 0.144348 0.00285526 0.00272776 0.00255232 0.0025513 0.00229516 -0.00160651 -0.0016343 -0.00175645 -0.00184254 -0.00185003 -0.00200358 -0.00202993 -0.00206824 -0.00202889 -0.00199597 -0.00188783 -0.0020913 -0.00197797 -0.0019802 -0.00212221 -0.00183928 -0.00184389 -0.00188476 -0.00195689 -0.00196038 -0.00190706 -0.00187352 -0.00192409 -0.0018905 -0.00184892 -0.00191067 -0.00188434 -0.00185047 -0.00197322 -0.00193335 -0.00184531 -0.00180741 -0.00186042 -0.00185099 -0.00192227 -0.00188998 -0.00191163 -0.00188623 -0.00189548 -0.00189769 -0.00194336 -0.00187955 -0.0019261 -0.00177524 -0.00180315 -0.00178802 -0.00183657 -0.0019188 -0.00187462 -0.00179839 -0.00195077 -0.00193939 -0.00195687 -0.00187502 -0.00186975 -0.00199286 -0.00181734 -0.00177716 -0.00180929 -0.0019241 -0.00190334 -0.00185358 -0.00186403 -0.00190065 -0.00186728 -0.00188144 -0.00195984 -0.00179472 -0.00183117 
-0.00176094 -0.00171822 -0.00183894 -0.0018033 -0.00180237 -0.00198147 -0.00197169 -0.0019582 -0.00199185 -0.00207523 -0.00205412 -0.00214974 -0.00197367 -0.0021896 -0.00208815 -0.00214519 -0.00222045 -0.00204001 -0.00206177 -0.00178124 -0.00157563 -0.00159523 0.00245374 0.00254345 0.00290635 0.00285526 0.139033 0.00276781 0.00260891 0.00260761 0.00244137 0.00231119 -0.00135044 -0.00148779 -0.00154017 -0.00166593 -0.00174097 -0.00186691 -0.00189232 -0.00188276 -0.00177081 -0.00174496 -0.00193445 -0.00175606 -0.0018387 -0.00186458 -0.00190506 -0.00173947 -0.00170146 -0.00174401 -0.00181113 -0.00177221 -0.00180544 -0.0018211 -0.0018173 -0.00171489 -0.0017845 -0.00182533 -0.00177614 -0.00181053 -0.00186049 -0.00166959 -0.00170999 -0.00171748 -0.00171483 -0.00173038 -0.00178571 -0.00175525 -0.00182807 -0.00178972 -0.00183005 -0.00184134 -0.00175154 -0.00175601 -0.00158741 -0.00163606 -0.00170036 -0.00183065 -0.00182577 -0.00179847 -0.00177104 -0.00173789 -0.00176469 -0.00171259 -0.00166558 -0.00179965 -0.00184114 -0.00171285 -0.00169582 -0.00176929 -0.00174729 -0.0017538 -0.00171311 -0.00178278 -0.0018519 -0.00182685 -0.00184775 -0.00181064 -0.00177836 -0.00168446 
-0.00176318 -0.00172718 -0.00179619 -0.00177882 -0.00177499 -0.00195753 -0.00191779 -0.00194542 -0.00196111 -0.00200489 -0.00214997 -0.00207123 -0.00193787 -0.00221257 -0.00199598 -0.00205742 -0.00225515 -0.00212738 -0.00216308 -0.00191249 -0.00187153 -0.00173653 -0.00166782 0.00244782 0.00257069 0.00272776 0.00276781 0.137203 0.00276531 0.00265355 0.00267934 0.00252139 0.00218961 -0.00138453 -0.00150209 -0.0015093 -0.00161799 -0.00177614 -0.00184663 -0.00181768 -0.00170021 -0.00168681 -0.00184772 -0.00175023 -0.00187429 -0.00180504 -0.00180101 -0.00177178 -0.00168167 -0.0017754 -0.00177535 -0.0017508 -0.0017186 -0.00190012 -0.00165826 -0.00168236 -0.00171702 -0.00178111 -0.00178457 -0.00161334 -0.00168382 -0.0017382 -0.00164207 -0.00164741 -0.00167007 -0.00181393 -0.00183831 -0.00173044 -0.00190882 -0.00174604 -0.00179316 -0.00172445 -0.0016734 -0.00165158 -0.0016392 -0.00165241 -0.00168129 -0.00171098 -0.00174645 -0.0017174 -0.00183296 -0.00182193 -0.00167544 -0.00180146 -0.00175285 -0.00173274 -0.00177906 -0.00168471 -0.00163429 -0.0017024 -0.00175293 -0.00170383 -0.00178138 -0.0017268 -0.00174999 -0.00177185 -0.00176245 -0.00169318 -0.00179476 -0.00164552 
-0.00175025 -0.00181857 -0.00181467 -0.00176093 -0.00182687 -0.00188381 -0.00178728 -0.00193684 -0.00198558 -0.00188153 -0.00195999 -0.00200805 -0.00197353 -0.00208624 -0.00210351 -0.00206256 -0.00222339 -0.00210691 -0.00221069 -0.00213873 -0.00198549 -0.00197177 -0.00176279 -0.00152126 0.0024691 0.00255232 0.00260891 0.00276531 0.13552 0.00270297 0.00267791 0.00262234 0.00241767 0.00233795 -0.0013412 -0.0013255 -0.00149357 -0.00165613 -0.00173213 -0.00182495 -0.00173059 -0.0017867 -0.00179472 -0.00178361 -0.00182213 -0.0018052 -0.00172234 -0.00173249 -0.0016231 -0.00171952 -0.00175222 -0.00167172 -0.00175158 -0.00164945 -0.00171732 -0.00178176 -0.00168007 -0.00170716 -0.00165725 -0.00167532 -0.00178626 -0.00172834 -0.00162356 -0.00165854 -0.00171097 -0.0017658 -0.00169653 -0.00165384 -0.00166152 -0.00176078 -0.00174263 -0.00161576 -0.00167783 -0.00165487 -0.0016106 -0.00155656 -0.00168187 -0.00165913 -0.00169316 -0.0017317 -0.0016683 -0.00181442 -0.00166452 -0.00183845 -0.00169632 -0.00179826 -0.00169572 -0.00172681 -0.00168925 -0.0017002 -0.00166706 -0.00171374 -0.00170683 -0.00174278 -0.00176269 -0.00175834 -0.00168883 -0.00175454 -0.00172678 -0.00169137 
-0.0017148 -0.00169336 -0.00170449 -0.00175319 -0.00173164 -0.00185432 -0.00179789 -0.00183871 -0.00198015 -0.00187536 -0.00197806 -0.00195862 -0.00193112 -0.0021812 -0.0019611 -0.00199682 -0.00221811 -0.00199918 -0.00210338 -0.00199724 -0.00182398 -0.00187686 -0.00174798 -0.00147654 0.00243583 0.0025513 0.00260761 0.00265355 0.00270297 0.133838 0.00254694 0.00248763 0.00238864 0.00210184 -0.00134391 -0.00142875 -0.00149212 -0.00170277 -0.00175711 -0.0017297 -0.00171934 -0.00173058 -0.001755 -0.00176601 -0.00169921 -0.00175078 -0.00175742 -0.00163559 -0.00165701 -0.00173918 -0.00173479 -0.00161064 -0.00163307 -0.00173007 -0.00174365 -0.00169149 -0.00171792 -0.00175678 -0.00163523 -0.00171056 -0.00167874 -0.00175913 -0.00173793 -0.0016037 -0.00173166 -0.00173971 -0.00167822 -0.0018135 -0.00169435 -0.0016785 -0.00171535 -0.00172221 -0.00165772 -0.00162971 -0.00163842 -0.00151558 -0.00167769 -0.00166267 -0.00171241 -0.00166759 -0.00164693 -0.00172343 -0.00165372 -0.0016397 -0.00168137 -0.00164508 -0.00171389 -0.00167404 -0.00171881 -0.00165349 -0.00169867 -0.00166697 -0.00170544 -0.00163909 -0.0017792 -0.00164177 -0.00175044 -0.00171747 -0.00179312 -0.0016344 
-0.0017375 -0.00173077 -0.00173296 -0.00178619 -0.0017824 -0.00184131 -0.0018692 -0.00197525 -0.00193287 -0.00196969 -0.00190772 -0.00210135 -0.0020194 -0.00215306 -0.00201392 -0.00206163 -0.00223013 -0.00218867 -0.00227739 -0.00225942 -0.00208689 -0.00204983 -0.0019666 -0.00159658 -0.001608 0.00229516 0.00244137 0.00267934 0.00267791 0.00254694 0.134536 0.00277401 0.00256957 0.00238994 0.00213018 0.00211259 -0.00136514 -0.00138285 -0.00159977 -0.00160136 -0.00172532 -0.00166378 -0.00187851 -0.00184878 -0.00185134 -0.00190928 -0.00170135 -0.00177623 -0.00169154 -0.0017459 -0.00170713 -0.00176372 -0.00170406 -0.00171399 -0.00175789 -0.00171579 -0.00176874 -0.00176174 -0.00179114 -0.00173818 -0.00173965 -0.00173702 -0.00168864 -0.00165594 -0.00169167 -0.0017639 -0.00171812 -0.00172449 -0.00181093 -0.00176907 -0.0017579 -0.00169645 -0.00179888 -0.00170908 -0.00163899 -0.00167648 -0.0015742 -0.00177702 -0.00175404 -0.00179371 -0.00169158 -0.00178259 -0.00177173 -0.00174806 -0.00167957 -0.00166443 -0.00180654 -0.00169607 -0.0016925 -0.00171725 -0.00168418 -0.00165208 -0.00168806 -0.00174255 -0.00184027 -0.00176182 -0.00173906 -0.00181747 -0.00178498 -0.00167342 
-0.00177296 -0.00173431 -0.0017264 -0.00180558 -0.00178027 -0.00196893 -0.00177372 -0.0020107 -0.00195884 -0.00187642 -0.00203419 -0.00202104 -0.00193654 -0.00217906 -0.00201478 -0.00212131 -0.00218274 -0.00206553 -0.00217509 -0.00215681 -0.00212195 -0.00211914 -0.00194128 -0.00169995 -0.00164068 -0.00160651 0.00231119 0.00252139 0.00262234 0.00248763 0.00277401 0.132753 0.0025769 0.00241336 0.00220723 0.00213227 0.0020927 -0.00132422 -0.00154242 -0.00146024 -0.00158304 -0.00155777 -0.0018354 -0.00182083 -0.00177885 -0.0017805 -0.00169517 -0.00173211 -0.00173236 -0.0016517 -0.00163299 -0.00164323 -0.00163669 -0.00177669 -0.00168616 -0.00171867 -0.00179114 -0.00182526 -0.00174211 -0.00176825 -0.00172158 -0.00182975 -0.00164507 -0.00168336 -0.00178101 -0.00172116 -0.00174512 -0.00171244 -0.00172661 -0.00181266 -0.00164105 -0.00163899 -0.00170354 -0.00162317 -0.00156286 -0.00162671 -0.00157183 -0.00166704 -0.00170476 -0.00168793 -0.001764 -0.00173758 -0.00168342 -0.0017566 -0.00173626 -0.00169418 -0.00154712 -0.00158257 -0.00163309 -0.00165655 -0.00166565 -0.00168834 -0.00178668 -0.00162743 -0.0017926 -0.00166293 -0.00166334 -0.0017815 -0.00175273 -0.00173255 
-0.00172759 -0.0018016 -0.00172183 -0.00175807 -0.00178692 -0.00196953 -0.00184572 -0.001969 -0.00201993 -0.00183425 -0.00197363 -0.00195654 -0.0020039 -0.00208744 -0.00196572 -0.00206641 -0.00213786 -0.0020512 -0.00213782 -0.00226278 -0.00199827 -0.00207445 -0.00206548 -0.00181106 -0.00175483 -0.0016343 -0.00135044 0.00218961 0.00241767 0.00238864 0.00256957 0.0025769 0.131549 0.00240535 0.00222032 0.00234597 0.00219752 0.00206722 -0.00120322 -0.00142536 -0.001517 -0.00155754 -0.00172023 -0.00167779 -0.00171162 -0.00171017 -0.00171843 -0.00169296 -0.00174727 -0.00163263 -0.00174855 -0.0017344 -0.00165827 -0.00173645 -0.00169966 -0.00171866 -0.00162233 -0.00170164 -0.00172973 -0.00167906 -0.0016689 -0.00171481 -0.00161313 -0.00155382 -0.00161561 -0.00174919 -0.0017677 -0.0016658 -0.00162177 -0.00173625 -0.00164296 -0.0016621 -0.0017018 -0.00172194 -0.00151779 -0.00162977 -0.00161403 -0.00160942 -0.00167083 -0.00168691 -0.00176021 -0.00169731 -0.00168189 -0.00174508 -0.00164482 -0.00165702 -0.00164973 -0.00163213 -0.00156938 -0.00158052 -0.00170519 -0.00169018 -0.00159982 -0.00172195 -0.00174046 -0.00177041 -0.00176506 -0.00178568 -0.00166761 -0.00158907 
