0.122966 0.00227662 0.00214434 0.00203034 0.00194399 0.00197741 -0.00125539 -0.00131241 -0.00144411 -0.00142456 -0.00156133 -0.001772 -0.00162516 -0.00179669 -0.00172602 -0.00182936 -0.00194875 -0.00184783 -0.00180626 -0.00207662 -0.00188385 -0.00192668 -0.00199803 -0.00181194 -0.00193434 -0.00185313 -0.00175798 -0.00165745 -0.00176832 -0.00173692 -0.00172057 -0.00172538 -0.00174514 -0.00171655 -0.00164245 -0.00162407 -0.00167359 -0.00167567 -0.0016087 -0.00158693 -0.00154512 -0.00154334 -0.00152772 -0.0015012 -0.00157237 -0.00161026 -0.0015425 -0.00149198 -0.00151419 -0.00144643 -0.00150152 -0.00150574 -0.00153114 -0.00159973 -0.00150389 -0.00157798 -0.00148697 -0.00157056 -0.00146504 -0.00150609 -0.0015333 -0.00145353 -0.00147976 -0.00141133 -0.00149568 -0.00150872 -0.00150548 -0.00141862 -0.00153752 -0.00154324 -0.00156787 -0.00153443 -0.00150705 -0.00150481 -0.00143685 -0.00145139 -0.00137879 -0.00150351 -0.00150163 -0.00155215 -0.00152248 -0.00146508 -0.00147087 -0.00148983 -0.00146609 -0.00149873 -0.00140565 -0.00137885 -0.0014475 -0.00147889 -0.00147131 -0.00144596 -0.00134928 -0.00128498 -0.00126788 -0.00114414 0.00190723 0.00201209 0.00200952 0.00216308 
0.00227662 0.123655 0.00222478 0.00215527 0.00209804 0.00219169 0.00203679 -0.00119505 -0.00127067 -0.00136493 -0.00157007 -0.00161373 -0.00164394 -0.0017835 -0.00174707 -0.00190274 -0.00190799 -0.00181664 -0.00195669 -0.00197308 -0.00186101 -0.00188832 -0.0019118 -0.00174381 -0.00200366 -0.00198401 -0.00178411 -0.00173744 -0.00174592 -0.00171434 -0.00177883 -0.00177227 -0.00175109 -0.00172445 -0.00161786 -0.00157291 -0.00167584 -0.00164147 -0.0015866 -0.00170724 -0.00150634 -0.00166548 -0.00164552 -0.00161175 -0.00163871 -0.0016666 -0.0015587 -0.00151657 -0.00143845 -0.0015484 -0.00153283 -0.00158868 -0.00154891 -0.00152223 -0.00154701 -0.00152994 -0.00151694 -0.00153913 -0.00157791 -0.00153205 -0.00157613 -0.00148589 -0.00134131 -0.00149809 -0.00152357 -0.00152449 -0.00153874 -0.00151708 -0.00154814 -0.00145513 -0.00153205 -0.00156224 -0.00156051 -0.00151609 -0.0014213 -0.00141833 -0.00142186 -0.00146703 -0.00152021 -0.00156482 -0.00151861 -0.00150737 -0.00149267 -0.0016185 -0.00150913 -0.00150873 -0.001526 -0.0014743 -0.00144545 -0.00141683 -0.00151647 -0.00146111 -0.00139166 -0.00128005 -0.00138036 -0.0012966 -0.0011361 0.00191401 0.00202699 0.0020745 
0.00214434 0.00222478 0.123816 0.00229615 0.0021642 0.00221993 0.00208545 0.00206642 -0.00113303 -0.00123933 -0.0014587 -0.00144356 -0.00152978 -0.00183817 -0.00174519 -0.00189999 -0.00181761 -0.00184084 -0.00183025 -0.00193591 -0.00191679 -0.00186616 -0.00192563 -0.00176548 -0.00204207 -0.00200765 -0.0018163 -0.00176686 -0.00179133 -0.00181095 -0.00175623 -0.00177837 -0.00178819 -0.00169145 -0.00178014 -0.00162764 -0.00162077 -0.00167906 -0.00163127 -0.0016854 -0.00155317 -0.00156793 -0.00165846 -0.00153899 -0.00166064 -0.00166062 -0.0015286 -0.00152992 -0.00152354 -0.00155968 -0.00154188 -0.0015277 -0.00151312 -0.00152754 -0.00151989 -0.00158061 -0.00157502 -0.00164175 -0.00153156 -0.00148024 -0.00151706 -0.00146701 -0.00151087 -0.00147383 -0.00146483 -0.00150613 -0.00157826 -0.00155984 -0.00151031 -0.00151504 -0.00150895 -0.00156858 -0.0015884 -0.00147147 -0.00142179 -0.00138057 -0.00149695 -0.00158609 -0.00153989 -0.0015747 -0.00155154 -0.0014789 -0.0015294 -0.00152099 -0.00153445 -0.00152986 -0.00147137 -0.00141816 -0.00141714 -0.00147788 -0.00157488 -0.00152735 -0.00149926 -0.00145521 -0.00137262 -0.00127233 -0.00120525 -0.00107265 0.00188358 0.0019295 
0.00203034 0.00215527 0.00229615 0.124234 0.00232193 0.00242526 0.00228407 0.00221474 0.00198843 -0.00113352 -0.00124234 -0.00145269 -0.0015502 -0.00170766 -0.00183599 -0.00175532 -0.001893 -0.00184763 -0.00190845 -0.00213603 -0.00189642 -0.00190719 -0.00198438 -0.00179908 -0.00195792 -0.00191259 -0.00188426 -0.0017137 -0.00185409 -0.00180914 -0.0017961 -0.00179432 -0.00170788 -0.00171571 -0.00162374 -0.00162503 -0.00171694 -0.00157465 -0.00158465 -0.00155433 -0.00162683 -0.00158101 -0.00165949 -0.00164403 -0.00161445 -0.00167738 -0.00157904 -0.00150333 -0.00150595 -0.00157523 -0.0016348 -0.00147845 -0.0014899 -0.00149074 -0.00145333 -0.00147128 -0.00149508 -0.00164359 -0.0014722 -0.00149399 -0.00146356 -0.0015074 -0.0014588 -0.00151017 -0.0015956 -0.00149046 -0.00156719 -0.00154582 -0.00153016 -0.00156408 -0.0015811 -0.0015469 -0.00153452 -0.00155638 -0.00154424 -0.00146681 -0.00150658 -0.00148021 -0.00155272 -0.00155699 -0.00154791 -0.00150801 -0.00151221 -0.00152742 -0.00149413 -0.00150553 -0.00149269 -0.00145494 -0.00153545 -0.00155216 -0.00159858 -0.00156798 -0.00157443 -0.00147676 -0.00159067 -0.00141383 -0.00138366 -0.00126096 -0.00122775 0.00179953 
0.00194399 0.00209804 0.0021642 0.00232193 0.12491 0.00244364 0.00244644 0.00227709 0.00214864 0.00202001 -0.00125767 -0.001478 -0.00151798 -0.0017031 -0.00186552 -0.0018542 -0.00199732 -0.0019785 -0.00189691 -0.00207275 -0.00196168 -0.00193341 -0.00186859 -0.00179679 -0.00193672 -0.0018743 -0.00191482 -0.00180524 -0.00181106 -0.00174808 -0.00190888 -0.00177957 -0.00165299 -0.00180534 -0.00158323 -0.00169277 -0.0017034 -0.0016955 -0.00174476 -0.00163064 -0.00157817 -0.00160286 -0.00158471 -0.00162404 -0.00167187 -0.00160783 -0.00163822 -0.00159118 -0.00157971 -0.00155017 -0.00157523 -0.0015676 -0.00150957 -0.00156588 -0.00158785 -0.00148879 -0.00156167 -0.00162119 -0.00151347 -0.00157386 -0.00150328 -0.00151747 -0.0014529 -0.0014644 -0.00157823 -0.0015869 -0.00149679 -0.00156954 -0.00151778 -0.00160683 -0.00154836 -0.00152104 -0.00159581 -0.00162741 -0.00142593 -0.00152372 -0.00139898 -0.00146742 -0.00151936 -0.00153156 -0.00153719 -0.00150287 -0.00155882 -0.0015013 -0.0014642 -0.00150935 -0.00149502 -0.00145504 -0.00139122 -0.00141435 -0.001474 -0.0014531 -0.00156521 -0.00148487 -0.0015374 -0.00155742 -0.00142617 -0.00145032 -0.00127613 -0.00120253 
0.00197741 0.00219169 0.00221993 0.00242526 0.00244364 0.128148 0.00267688 0.00241442 0.00237597 0.00215463 0.00209294 -0.00130674 -0.00145644 -0.00162167 -0.00182023 -0.00184416 -0.00202484 -0.00210595 -0.00197607 -0.0021715 -0.0020294 -0.00201323 -0.00198748 -0.00195488 -0.00208336 -0.00197463 -0.00194531 -0.00194131 -0.00193429 -0.00188805 -0.00195251 -0.00188192 -0.00191273 -0.00180191 -0.0016737 -0.00173793 -0.00184041 -0.00162332 -0.00172558 -0.00179408 -0.00166218 -0.00177019 -0.00178093 -0.00167458 -0.00179278 -0.0016796 -0.00165967 -0.00165657 -0.00160381 -0.00166837 -0.00165243 -0.00168595 -0.00166376 -0.00154904 -0.0016611 -0.00162245 -0.00158234 -0.00166237 -0.00155719 -0.00158434 -0.00164208 -0.00167796 -0.00153593 -0.00158816 -0.00166842 -0.00169318 -0.00162078 -0.00162736 -0.00153851 -0.00163138 -0.00160952 -0.00163457 -0.00162888 -0.00167285 -0.00157709 -0.00155534 -0.00161513 -0.00164858 -0.00162278 -0.00163036 -0.00160865 -0.00168332 -0.00171901 -0.00162345 -0.00164015 -0.00164407 -0.00163296 -0.00157648 -0.00146956 -0.00164935 -0.00159946 -0.00157349 -0.00162012 -0.0017046 -0.00170584 -0.00162222 -0.00148294 -0.00141408 -0.00135748 -0.00118102 
-0.00125539 0.00203679 0.00208545 0.00228407 0.00244644 0.00267688 0.129024 0.00254678 0.00241075 0.00228271 0.00232705 0.00218252 -0.00131083 -0.00161362 -0.00165853 -0.00179065 -0.00190508 -0.00194601 -0.00199642 -0.00216807 -0.00198614 -0.00205105 -0.00207681 -0.00198569 -0.00206108 -0.00212752 -0.00190417 -0.00190183 -0.0019946 -0.0018549 -0.00189626 -0.0018903 -0.00190547 -0.00187351 -0.00176186 -0.00168855 -0.00177315 -0.00175928 -0.00172166 -0.0016736 -0.0016207 -0.00169857 -0.00159714 -0.00173679 -0.00182767 -0.001691 -0.00171094 -0.00173913 -0.00181068 -0.00158415 -0.00171648 -0.00170603 -0.00167592 -0.00161621 -0.0016297 -0.00173782 -0.00173205 -0.00171148 -0.001704 -0.00161503 -0.00163763 -0.00162478 -0.00154472 -0.00153591 -0.00164152 -0.00164046 -0.00165905 -0.00162306 -0.00169064 -0.00167769 -0.0016812 -0.00165731 -0.00162101 -0.00168006 -0.00145231 -0.00160228 -0.00160186 -0.00158878 -0.0016912 -0.00166751 -0.00160022 -0.00162457 -0.00164263 -0.00165471 -0.00167773 -0.00160984 -0.0016494 -0.00152642 -0.00160999 -0.00167153 -0.00162674 -0.00167704 -0.00171722 -0.00167215 -0.00167732 -0.00168147 -0.00166797 -0.00157727 -0.00152053 -0.0013057 
-0.00131241 -0.00119505 0.00206642 0.00221474 0.00227709 0.00241442 0.00254678 0.130343 0.00254085 0.002374 0.00239676 0.00236277 0.00222131 -0.00138825 -0.00168292 -0.0016341 -0.00176071 -0.00200568 -0.00199873 -0.00214671 -0.00205013 -0.00204994 -0.00198498 -0.0019171 -0.00208522 -0.00214263 -0.00195551 -0.0019426 -0.0019368 -0.00185618 -0.00190604 -0.00193027 -0.00186337 -0.00190789 -0.00176971 -0.0017914 -0.00192644 -0.00180831 -0.00181439 -0.00186912 -0.00170787 -0.00173875 -0.00182509 -0.00185886 -0.00177308 -0.00178615 -0.00177949 -0.00170485 -0.0016803 -0.00170126 -0.00156056 -0.00172508 -0.00170018 -0.00169385 -0.00172234 -0.00166532 -0.00168816 -0.00166028 -0.0016779 -0.0016872 -0.00171042 -0.00167047 -0.00164534 -0.00157597 -0.00168562 -0.00167087 -0.00173228 -0.00169492 -0.00161099 -0.00167583 -0.0016145 -0.00165597 -0.00163418 -0.00166243 -0.00157944 -0.00156085 -0.00165863 -0.0016321 -0.00163914 -0.00164112 -0.00161953 -0.00165528 -0.00169414 -0.00164479 -0.00164946 -0.00161141 -0.00163362 -0.00159359 -0.00157382 -0.00159739 -0.00164553 -0.00167842 -0.00158771 -0.00169424 -0.00175239 -0.00164512 -0.00170517 -0.00169402 -0.00164703 -0.00151537 
-0.00144411 -0.00127067 -0.00113303 0.00198843 0.00214864 0.00237597 0.00241075 0.00254085 0.131772 0.00252517 0.00262562 0.00247241 0.00233841 0.00222955 -0.00150835 -0.00146072 -0.00179734 -0.00191913 -0.00193849 -0.00214686 -0.00219477 -0.0020553 -0.00214691 -0.00193826 -0.00222877 -0.0021674 -0.00209089 -0.00187911 -0.00199243 -0.00187551 -0.00198929 -0.00200877 -0.00193851 -0.00182745 -0.00172893 -0.00182629 -0.00182922 -0.0017284 -0.0018801 -0.00179702 -0.00173113 -0.00162395 -0.00179524 -0.00176338 -0.00177314 -0.00185428 -0.00174775 -0.00166595 -0.00173155 -0.00170617 -0.00176212 -0.0017061 -0.00173596 -0.00170891 -0.00170372 -0.00169128 -0.00165439 -0.00168009 -0.00168603 -0.00166232 -0.00170116 -0.0017328 -0.00159019 -0.00156407 -0.00165052 -0.00169138 -0.0016729 -0.00173564 -0.0017001 -0.00162269 -0.0016445 -0.00168429 -0.0016036 -0.00169259 -0.00157559 -0.0016902 -0.00156403 -0.00172799 -0.00174806 -0.00170756 -0.00173544 -0.00173592 -0.00172703 -0.00177019 -0.00173144 -0.00161158 -0.00166073 -0.00164269 -0.00164893 -0.00179432 -0.00176446 -0.00161794 -0.00179835 -0.00167455 -0.00172976 -0.00164987 -0.00168669 -0.00176929 -0.00170701 -0.00154668 
-0.00142456 -0.00136493 -0.00123933 -0.00113352 0.00202001 0.00215463 0.00228271 0.002374 0.00252517 0.129947 0.00250488 0.002398 0.00250729 0.00225834 -0.00138674 -0.00139063 -0.00172114 -0.00186798 -0.00200393 -0.00200691 -0.0020602 -0.00203775 -0.00208761 -0.00183204 -0.0020287 -0.001939 -0.00186069 -0.00179022 -0.00177085 -0.00184303 -0.001921 -0.00182602 -0.00185803 -0.00179986 -0.00176929 -0.00184736 -0.0018258 -0.00178235 -0.00172904 -0.00177837 -0.00160723 -0.00169202 -0.00171153 -0.00172917 -0.00167093 -0.00168879 -0.001691 -0.00171706 -0.00164119 -0.00162094 -0.00169225 -0.00157289 -0.00160641 -0.00165863 -0.00160395 -0.00161088 -0.00163274 -0.00168726 -0.00174587 -0.0016436 -0.00174042 -0.0016799 -0.00148824 -0.00161516 -0.00162032 -0.00161785 -0.00161073 -0.00169966 -0.001591 -0.00170976 -0.00162079 -0.00162922 -0.00156851 -0.00164749 -0.00154062 -0.00157414 -0.00159304 -0.00162795 -0.00169395 -0.00166586 -0.00159356 -0.00162495 -0.00165519 -0.00163807 -0.00161397 -0.00161497 -0.00163705 -0.00148145 -0.00157843 -0.0016166 -0.0015773 -0.00165287 -0.00164985 -0.00160981 -0.0016664 -0.00159413 -0.00164731 -0.00163135 -0.00166028 -0.00154218 
-0.00156133 -0.00157007 -0.0014587 -0.00124234 -0.00125767 0.00209294 0.00232705 0.00239676 0.00262562 0.00250488 0.134633 0.00273375 0.002613 0.00248998 0.00234234 0.00237449 -0.00158954 -0.00180763 -0.0017538 -0.00206634 -0.00215631 -0.00218805 -0.00208048 -0.00205529 -0.00231677 -0.00227395 -0.00215077 -0.00209282 -0.00197248 -0.00209196 -0.00202122 -0.00201952 -0.00196597 -0.00190396 -0.00183422 -0.00183963 -0.00191677 -0.00182905 -0.00193404 -0.00191831 -0.0018514 -0.00172583 -0.00185763 -0.00187472 -0.00195524 -0.00186083 -0.00179547 -0.00182601 -0.00173245 -0.00169263 -0.00175732 -0.00172483 -0.0017859 -0.00179479 -0.00168071 -0.0017706 -0.00167331 -0.00175817 -0.00181163 -0.00168293 -0.0016777 -0.00170217 -0.00161918 -0.00157254 -0.00165248 -0.00174428 -0.0017513 -0.00173015 -0.00172956 -0.00171788 -0.00171759 -0.00173971 -0.00160693 -0.00163593 -0.00160614 -0.00171074 -0.00173998 -0.00169547 -0.00176486 -0.00177376 -0.00172299 -0.00170668 -0.00173193 -0.0017137 -0.00182751 -0.00172541 -0.00177066 -0.0017796 -0.00165729 -0.00176487 -0.00179977 -0.00171614 -0.00178381 -0.00171086 -0.00176501 -0.00168443 -0.00170044 -0.00175652 -0.00175582 -0.00169037 
-0.001772 -0.00161373 -0.00144356 -0.00145269 -0.001478 -0.00130674 0.00218252 0.00236277 0.00247241 0.002398 0.00273375 0.136517 0.00285887 0.00259845 0.00239426 0.00256149 0.00241072 -0.00162286 -0.00166492 -0.00187906 -0.00204155 -0.00202043 -0.00213382 -0.00208748 -0.00222071 -0.00221894 -0.0020629 -0.00200651 -0.0019836 -0.0020125 -0.00197721 -0.00196992 -0.00204697 -0.00199924 -0.00195043 -0.00188051 -0.00193715 -0.00192205 -0.00191036 -0.00200771 -0.00192876 -0.00187018 -0.00189786 -0.00189912 -0.00190953 -0.00188729 -0.00181324 -0.00180171 -0.0017918 -0.00176022 -0.00178054 -0.00176154 -0.00180572 -0.00176837 -0.00174967 -0.00175004 -0.00173814 -0.00177139 -0.00178342 -0.00178837 -0.00180194 -0.00184907 -0.00174471 -0.00179805 -0.00176818 -0.00182346 -0.00173578 -0.00178931 -0.00177023 -0.00176297 -0.0017666 -0.00184621 -0.0017541 -0.00173788 -0.00162502 -0.00171801 -0.00165829 -0.0017523 -0.00177752 -0.0017934 -0.00167786 -0.00168783 -0.0017653 -0.0017653 -0.00173881 -0.00172247 -0.00179892 -0.0017432 -0.00169794 -0.00186637 -0.00183121 -0.00181355 -0.00182689 -0.00181755 -0.00180738 -0.00178387 -0.00173369 -0.00182872 -0.00170165 -0.00172778 
-0.00162516 -0.00164394 -0.00152978 -0.0015502 -0.00151798 -0.00145644 -0.00131083 0.00222131 0.00233841 0.00250729 0.002613 0.00285887 0.135378 0.00275526 0.00246576 0.00246751 0.00244261 -0.00162853 -0.001505 -0.00184835 -0.00206482 -0.00200617 -0.00208613 -0.00202172 -0.00215066 -0.00216307 -0.00200961 -0.00194036 -0.00204678 -0.00188289 -0.00204017 -0.00191802 -0.00194021 -0.00195256 -0.00174856 -0.00190446 -0.00184065 -0.00183525 -0.0018414 -0.00184447 -0.00182307 -0.00177322 -0.00175787 -0.00185153 -0.00176026 -0.00179464 -0.00173615 -0.00180051 -0.00180473 -0.00175448 -0.00167519 -0.00175966 -0.00178482 -0.00175156 -0.00165324 -0.0017953 -0.00171612 -0.00169423 -0.00171228 -0.0017224 -0.00165325 -0.00164934 -0.0015585 -0.0016947 -0.00177454 -0.00180545 -0.00167128 -0.0017303 -0.00175888 -0.00168807 -0.00179571 -0.00172844 -0.00167216 -0.0017738 -0.00166536 -0.00163032 -0.0015978 -0.00165405 -0.00171884 -0.00165426 -0.0017267 -0.00172423 -0.001778 -0.00177855 -0.00173288 -0.00170072 -0.00168898 -0.00160966 -0.00150519 -0.00176039 -0.00166127 -0.00162721 -0.00177273 -0.00168291 -0.00165512 -0.00164044 -0.0018613 -0.0018099 -0.00172913 -0.00175217 
-0.00179669 -0.0017835 -0.00183817 -0.00170766 -0.0017031 -0.00162167 -0.00161362 -0.00138825 0.00222955 0.00225834 0.00248998 0.00259845 0.00275526 0.140636 0.00277303 0.00294833 0.0027991 0.00237188 0.00266465 -0.00166225 -0.001806 -0.00177169 -0.00197481 -0.00216654 -0.00233146 -0.00223392 -0.00218377 -0.00205904 -0.00210616 -0.00214345 -0.00213635 -0.00215207 -0.00209591 -0.0020776 -0.00196472 -0.00198531 -0.00202083 -0.00201947 -0.00194964 -0.00190298 -0.00186736 -0.00184485 -0.00194541 -0.00194658 -0.00196347 -0.00198922 -0.00194153 -0.00185457 -0.0019452 -0.00190018 -0.0018035 -0.00173326 -0.00194689 -0.00182188 -0.00186955 -0.00182292 -0.00183496 -0.00184485 -0.00189968 -0.0019367 -0.00182024 -0.00180099 -0.00169098 -0.00170535 -0.00177917 -0.00188609 -0.00178825 -0.00179168 -0.00181192 -0.0018471 -0.0018016 -0.00174061 -0.00184278 -0.00178093 -0.00181444 -0.00175908 -0.00171859 -0.00177801 -0.00179349 -0.00171682 -0.0018089 -0.00182035 -0.00185994 -0.00179688 -0.0017993 -0.00184021 -0.0018608 -0.00182077 -0.00180317 -0.00185933 -0.00186692 -0.00196 -0.00186428 -0.00190294 -0.00177434 -0.00186768 -0.00182927 -0.00197019 -0.0019276 -0.00171468 
-0.00172602 -0.00174707 -0.00174519 -0.00183599 -0.00186552 -0.00182023 -0.00165853 -0.00168292 -0.00150835 -0.00138674 0.00234234 0.00239426 0.00246576 0.00277303 0.139725 0.00293271 0.00298224 0.00267349 0.00265937 0.00259524 -0.00162591 -0.00151242 -0.00183002 -0.00190469 -0.00209724 -0.00221396 -0.00207609 -0.00207454 -0.00201628 -0.00205126 -0.002055 -0.00205691 -0.00201823 -0.00201632 -0.00197551 -0.00189017 -0.00200721 -0.00193528 -0.00186917 -0.00192471 -0.00179003 -0.00186593 -0.00186224 -0.00198952 -0.00193483 -0.00184775 -0.00184276 -0.00177793 -0.00178303 -0.00183097 -0.00184779 -0.00174339 -0.00193925 -0.00181119 -0.0018232 -0.00175089 -0.00183587 -0.00185562 -0.00171504 -0.00176077 -0.00176738 -0.00183973 -0.00170595 -0.00174651 -0.00180863 -0.00183549 -0.00180031 -0.00183716 -0.00180269 -0.00173105 -0.00187123 -0.00178271 -0.00172977 -0.00180339 -0.00167556 -0.00172809 -0.00165778 -0.00175553 -0.00175167 -0.00183149 -0.00182525 -0.00175648 -0.00175192 -0.00175784 -0.00181192 -0.00174097 -0.00179025 -0.00174238 -0.00168403 -0.0018319 -0.00175134 -0.00182236 -0.00176277 -0.00182402 -0.00180187 -0.00170106 -0.00180789 -0.00173261 -0.00177157 -0.00167723 
-0.00182936 -0.00190274 -0.00189999 -0.00175532 -0.0018542 -0.00184416 -0.00179065 -0.0016341 -0.00146072 -0.00139063 0.00237449 0.00256149 0.00246751 0.00294833 0.00293271 0.141139 0.00299349 0.00274798 0.00279422 0.00254618 -0.00162171 -0.00161059 -0.00181735 -0.00182994 -0.0020965 -0.00230705 -0.00214372 -0.00215916 -0.00212944 -0.00206168 -0.00213637 -0.00212323 -0.00212644 -0.00208037 -0.00193933 -0.00191848 -0.00194479 -0.00193896 -0.00201514 -0.00194878 -0.00179295 -0.00193462 -0.00194242 -0.00189242 -0.00187929 -0.00183584 -0.0018619 -0.00173234 -0.00181793 -0.00173097 -0.00182248 -0.00179122 -0.00181409 -0.00173818 -0.00171548 -0.00177156 -0.00173704 -0.00182349 -0.00181745 -0.00186437 -0.00187537 -0.00178593 -0.00171235 -0.00178825 -0.0018402 -0.00181782 -0.00176955 -0.00190309 -0.00184848 -0.00184446 -0.00177903 -0.00182159 -0.00181414 -0.00180296 -0.00163424 -0.00180493 -0.00171102 -0.0018089 -0.00172116 -0.00183302 -0.00183983 -0.00177988 -0.00179198 -0.00186334 -0.00179681 -0.00179486 -0.00186913 -0.00173982 -0.00169122 -0.00173722 -0.00184262 -0.00185517 -0.00170205 -0.00186711 -0.00180851 -0.00174763 -0.00183559 -0.00182541 -0.00180757 -0.00176621 
-0.00194875 -0.00190799 -0.00181761 -0.001893 -0.00199732 -0.00202484 -0.00190508 -0.00176071 -0.00179734 -0.00172114 -0.00158954 0.00241072 0.00244261 0.0027991 0.00298224 0.00299349 0.14628 0.00306056 0.00318511 0.0029518 0.00262701 0.0025557 -0.00163307 -0.00188497 -0.00200639 -0.0021334 -0.00216563 -0.00214168 -0.00215652 -0.00221896 -0.00221383 -0.0022714 -0.00223874 -0.00217033 -0.0019768 -0.00208913 -0.00219192 -0.00202312 -0.00202095 -0.00208005 -0.00197499 -0.00189472 -0.00221831 -0.00194021 -0.00212097 -0.00205243 -0.00199714 -0.00198734 -0.00192878 -0.00200032 -0.00202122 -0.00190706 -0.00193645 -0.00186942 -0.00197856 -0.00192473 -0.00197532 -0.00188342 -0.00197561 -0.00191451 -0.00195939 -0.00203676 -0.00188722 -0.00188959 -0.00187072 -0.00186807 -0.00191981 -0.00190569 -0.00201041 -0.00199831 -0.00196196 -0.00185136 -0.00193918 -0.0019058 -0.00180961 -0.00190154 -0.00165453 -0.00208357 -0.001864 -0.00188748 -0.00193943 -0.00200298 -0.00196182 -0.00188747 -0.0020323 -0.00199516 -0.00196085 -0.0018585 -0.00176833 -0.00199996 -0.00190538 -0.00198426 -0.00180348 -0.0019136 -0.00185742 -0.002016 -0.00191526 -0.00198825 -0.00197888 -0.00183265 
-0.00184783 -0.00181664 -0.00184084 -0.00184763 -0.0019785 -0.00210595 -0.00194601 -0.00200568 -0.00191913 -0.00186798 -0.00180763 -0.00162286 -0.00162853 0.00237188 0.00267349 0.00274798 0.00306056 0.144424 0.00311588 0.00304995 0.00281974 0.00292415 0.00257359 -0.00153329 -0.00183223 -0.00196733 -0.00200126 -0.00218751 -0.00213107 -0.0021583 -0.00229296 -0.00209983 -0.00210531 -0.00190523 -0.00200403 -0.00190096 -0.00209839 -0.00204086 -0.00193854 -0.0019751 -0.00185971 -0.0018624 -0.00196267 -0.0019171 -0.00196719 -0.00195983 -0.00190326 -0.00195059 -0.00192706 -0.00193007 -0.00194216 -0.00181525 -0.00183886 -0.00184142 -0.00194948 -0.00183853 -0.00181399 -0.0017791 -0.00175941 -0.00192182 -0.00183498 -0.00183553 -0.00178425 -0.00174263 -0.00184758 -0.00185934 -0.0018771 -0.00195434 -0.00180278 -0.00176798 -0.00183367 -0.00181203 -0.00178955 -0.00184061 -0.00178923 -0.00177181 -0.00177862 -0.00193096 -0.00185545 -0.00181916 -0.00185559 -0.00181309 -0.00180468 -0.00189704 -0.00183794 -0.00189679 -0.00178011 -0.00178477 -0.00188376 -0.00190727 -0.00177244 -0.00194166 -0.00189541 -0.00185305 -0.00181816 -0.00193267 -0.00188625 -0.00189054 -0.00186442 -0.00177032 
-0.00180626 -0.00195669 -0.00183025 -0.00190845 -0.00189691 -0.00197607 -0.00199642 -0.00199873 -0.00193849 -0.00200393 -0.0017538 -0.00166492 -0.001505 0.00266465 0.00265937 0.00279422 0.00318511 0.00311588 0.145782 0.00302012 0.00287699 0.0028571 0.00272373 -0.00162927 -0.0017516 -0.00199071 -0.0021071 -0.00222457 -0.00217891 -0.00214955 -0.00222609 -0.00215944 -0.0021163 -0.00212989 -0.00205656 -0.0019918 -0.00205795 -0.0020797 -0.00205622 -0.00211182 -0.00189581 -0.00186085 -0.00201594 -0.00205424 -0.00193141 -0.00201649 -0.00191521 -0.00191069 -0.00196193 -0.0019058 -0.00181423 -0.00180469 -0.00193779 -0.00184367 -0.00189835 -0.00190504 -0.00190374 -0.00186475 -0.00188738 -0.00188956 -0.00187828 -0.00187004 -0.00177754 -0.00168725 -0.00178118 -0.001842 -0.00178684 -0.00189639 -0.00189435 -0.00178612 -0.00184464 -0.0018305 -0.00194826 -0.00185079 -0.00183098 -0.00180402 -0.00178166 -0.00189963 -0.00189663 -0.00181937 -0.00189425 -0.00183752 -0.00193225 -0.00177563 -0.00188798 -0.0019222 -0.00182445 -0.00173006 -0.00175335 -0.00194299 -0.00194881 -0.00195664 -0.00189194 -0.00188447 -0.00195429 -0.00183092 -0.00192188 -0.00192712 -0.00189615 -0.00178856 
-0.00207662 -0.00197308 -0.00193591 -0.00213603 -0.00207275 -0.0021715 -0.00216807 -0.00214671 -0.00214686 -0.00200691 -0.00206634 -0.00187906 -0.00184835 -0.00166225 0.00259524 0.00254618 0.0029518 0.00304995 0.00302012 0.14937 0.003147 0.00314829 0.00300419 0.00265929 0.00267824 -0.00166548 -0.00188161 -0.00197718 -0.00207743 -0.00212129 -0.0023188 -0.00230059 -0.00223084 -0.00226726 -0.00205898 -0.00211558 -0.00214085 -0.00220297 -0.00227579 -0.00206711 -0.00204946 -0.00190114 -0.00203389 -0.00209838 -0.00211027 -0.00207269 -0.00207893 -0.00204249 -0.00196648 -0.00199384 -0.00208257 -0.00195246 -0.00193568 -0.00183576 -0.00208504 -0.00186142 -0.00205997 -0.00191701 -0.00196549 -0.00203107 -0.00194192 -0.0019593 -0.00191388 -0.00200563 -0.00204038 -0.0019855 -0.00200521 -0.00201904 -0.0020632 -0.00201107 -0.00199642 -0.00202952 -0.00192937 -0.00195349 -0.00189143 -0.00188963 -0.00184345 -0.00186887 -0.00183767 -0.00193382 -0.00197834 -0.00195783 -0.00202661 -0.00200248 -0.00190769 -0.00201018 -0.00195908 -0.00179545 -0.00186911 -0.0020509 -0.00195403 -0.00190544 -0.00190678 -0.00197744 -0.00190592 -0.00196392 -0.0019762 -0.00197603 -0.00199583 -0.00186602 
-0.00188385 -0.00186101 -0.00191679 -0.00189642 -0.00196168 -0.0020294 -0.00198614 -0.00205013 -0.00219477 -0.0020602 -0.00215631 -0.00204155 -0.00206482 -0.001806 -0.00162591 -0.00162171 0.00262701 0.00281974 0.00287699 0.003147 0.146413 0.00329285 0.00311977 0.00279638 0.00281213 0.00265865 -0.00167019 -0.00179177 -0.00187659 -0.00194167 -0.00200047 -0.00218358 -0.00215328 -0.00204776 -0.00209927 -0.0019921 -0.00211217 -0.00207725 -0.00202448 -0.00201382 -0.00190043 -0.00187438 -0.00196618 -0.00203083 -0.0020774 -0.00201505 -0.00192434 -0.00196683 -0.0019615 -0.00191038 -0.00194625 -0.00193091 -0.00188545 -0.00183195 -0.00189049 -0.00192108 -0.00184358 -0.0018003 -0.00194671 -0.00185331 -0.00186435 -0.00200239 -0.00181205 -0.00184039 -0.00191786 -0.00182045 -0.00199679 -0.00195447 -0.00186112 -0.00187993 -0.00183308 -0.0019236 -0.00185974 -0.00188346 -0.00170518 -0.00180075 -0.00166888 -0.00192731 -0.00186677 -0.0018452 -0.00195891 -0.00195521 -0.0018945 -0.00187237 -0.00181633 -0.0018335 -0.00196051 -0.00176236 -0.00184916 -0.00193673 -0.00187189 -0.00193302 -0.00185776 -0.00191173 -0.00191782 -0.0018747 -0.00187581 -0.00192228 -0.00189591 -0.00178062 
-0.00192668 -0.00188832 -0.00186616 -0.00190719 -0.00193341 -0.00201323 -0.00205105 -0.00204994 -0.0020553 -0.00203775 -0.00218805 -0.00202043 -0.00200617 -0.00177169 -0.00151242 -0.00161059 0.0025557 0.00292415 0.0028571 0.00314829 0.00329285 0.146548 0.00304387 0.00273748 0.0026889 0.00256543 -0.00155427 -0.00179775 -0.00184696 -0.0018007 -0.0020818 -0.00204347 -0.00217932 -0.00205158 -0.00204612 -0.00197133 -0.00210125 -0.00205102 -0.00204562 -0.00187968 -0.00202513 -0.0019364 -0.0020419 -0.00201945 -0.00207476 -0.00201579 -0.0019173 -0.00199128 -0.00191865 -0.00200183 -0.00194835 -0.00197208 -0.00201358 -0.00187303 -0.00194267 -0.00188166 -0.001981 -0.00196068 -0.00193022 -0.00196876 -0.00190899 -0.00198937 -0.00187584 -0.00182516 -0.00181059 -0.00180732 -0.00182714 -0.00193371 -0.00184865 -0.00188155 -0.00179383 -0.00191669 -0.00192429 -0.00182369 -0.00175962 -0.00182644 -0.00175622 -0.00183976 -0.00183104 -0.00192516 -0.00189923 -0.00183594 -0.00188143 -0.00189779 -0.0019354 -0.00196629 -0.0018547 -0.00179671 -0.00180688 -0.00191741 -0.0018219 -0.00190326 -0.00186475 -0.00187471 -0.00196041 -0.00184267 -0.00185832 -0.00188118 -0.00196041 -0.0017939 
-0.00199803 -0.0019118 -0.00192563 -0.00198438 -0.00186859 -0.00198748 -0.00207681 -0.00198498 -0.00214691 -0.00208761 -0.00208048 -0.00213382 -0.00208613 -0.00197481 -0.00183002 -0.00181735 -0.00163307 0.00257359 0.00272373 0.00300419 0.00311977 0.00304387 0.145643 0.00288782 0.00278543 0.00266938 0.00247602 -0.00164741 -0.00168004 -0.0017038 -0.00187506 -0.00195304 -0.00206752 -0.00209996 -0.00200959 -0.00203025 -0.00209209 -0.00215525 -0.0020963 -0.00206073 -0.00190802 -0.00189563 -0.00195332 -0.00195661 -0.00197147 -0.00192902 -0.00187064 -0.00197177 -0.00189526 -0.00188117 -0.00196356 -0.0018565 -0.00188525 -0.0018166 -0.00180599 -0.00173532 -0.00186003 -0.00178446 -0.0019122 -0.00185122 -0.00181528 -0.0018176 -0.00185951 -0.00187463 -0.00185706 -0.00186787 -0.00190704 -0.00187863 -0.00181624 -0.00180031 -0.00197478 -0.00185199 -0.00184695 -0.00191667 -0.00177761 -0.00180022 -0.00179925 -0.00182655 -0.00191005 -0.00192109 -0.00185321 -0.00188728 -0.00189085 -0.00175806 -0.00191441 -0.0019254 -0.00178109 -0.0017117 -0.00175039 -0.0018305 -0.00181835 -0.00188586 -0.0019111 -0.00190411 -0.00182269 -0.00189978 -0.00188827 -0.00188449 -0.001918 -0.00186933 
-0.00181194 -0.00174381 -0.00176548 -0.00179908 -0.00179679 -0.00195488 -0.00198569 -0.0019171 -0.00193826 -0.00183204 -0.00205529 -0.00208748 -0.00202172 -0.00216654 -0.00190469 -0.00182994 -0.00188497 -0.00153329 -0.00162927 0.00265929 0.00279638 0.00273748 0.00288782 0.141136 0.00294168 0.00291713 0.00269392 0.00232498 -0.00154946 -0.00143726 -0.00160369 -0.00182318 -0.0018459 -0.00198926 -0.00181196 -0.00189644 -0.00186745 -0.00188801 -0.00189575 -0.00185992 -0.00186887 -0.00181523 -0.00186107 -0.00186373 -0.00186824 -0.00186648 -0.00179663 -0.00184141 -0.001847 -0.00179013 -0.00182997 -0.00183741 -0.00173888 -0.0017984 -0.00167574 -0.00177589 -0.00172813 -0.00171297 -0.00176148 -0.00166564 -0.00187568 -0.0017222 -0.00175636 -0.0017463 -0.00177557 -0.0017021 -0.00173289 -0.00180852 -0.00182544 -0.00177681 -0.00172053 -0.00176733 -0.00170751 -0.00191835 -0.00164472 -0.00160374 -0.00167751 -0.00167806 -0.00176901 -0.00178812 -0.00177301 -0.00177574 -0.00175502 -0.00179788 -0.0017956 -0.00182304 -0.00181627 -0.00165558 -0.00161395 -0.00175864 -0.00182403 -0.00171126 -0.00176403 -0.00171618 -0.00174902 -0.00174387 -0.00177918 -0.00178032 -0.00179833 -0.00159727 
-0.00193434 -0.00200366 -0.00204207 -0.00195792 -0.00193672 -0.00208336 -0.00206108 -0.00208522 -0.00222877 -0.0020287 -0.00231677 -0.00222071 -0.00215066 -0.00233146 -0.00209724 -0.0020965 -0.00200639 -0.00183223 -0.0017516 0.00267824 0.00281213 0.0026889 0.00278543 0.00294168 0.145897 0.00310634 0.00278045 0.00258166 0.00235954 0.0024352 -0.00151553 -0.00160576 -0.00176143 -0.00178172 -0.00198132 -0.00189956 -0.0020931 -0.00203779 -0.00195557 -0.00210065 -0.001964 -0.00186593 -0.00207606 -0.00196079 -0.00204367 -0.00203368 -0.00186585 -0.00200927 -0.0020099 -0.00188751 -0.00191257 -0.00196862 -0.00195491 -0.00192398 -0.00193944 -0.00195962 -0.00190032 -0.00197141 -0.00195976 -0.00190086 -0.00187802 -0.00190247 -0.00181585 -0.00180793 -0.00194035 -0.00191888 -0.00195014 -0.00193053 -0.00201919 -0.0019235 -0.00195064 -0.00192558 -0.00191637 -0.00197691 -0.00178747 -0.00172968 -0.00178462 -0.0019312 -0.00187243 -0.00198695 -0.00195891 -0.00186706 -0.00194144 -0.00187692 -0.00192089 -0.00188971 -0.00198674 -0.00181565 -0.00176741 -0.00189805 -0.00199261 -0.00195019 -0.00197296 -0.00195005 -0.0020402 -0.0019031 -0.00186428 -0.00186813 -0.00181213 -0.00183521 
-0.00185313 -0.00198401 -0.00200765 -0.00191259 -0.0018743 -0.00197463 -0.00212752 -0.00214263 -0.0021674 -0.001939 -0.00227395 -0.00221894 -0.00216307 -0.00223392 -0.00221396 -0.00230705 -0.0021334 -0.00196733 -0.00199071 -0.00166548 0.00265865 0.00256543 0.00266938 0.00291713 0.00310634 0.144106 0.00289528 0.00278174 0.00251979 0.00249887 0.00233797 -0.00157922 -0.00163971 -0.00169708 -0.00188071 -0.00183573 -0.00202896 -0.00205198 -0.00203685 -0.00205046 -0.00193207 -0.00190081 -0.00200618 -0.00196327 -0.00194822 -0.00203442 -0.00191175 -0.00193574 -0.0019053 -0.00186388 -0.00195739 -0.00187796 -0.00182861 -0.00184729 -0.00187598 -0.00195869 -0.00196842 -0.00181195 -0.00191119 -0.00189518 -0.00181185 -0.0018861 -0.00179641 -0.00178509 -0.00187397 -0.00198313 -0.00189822 -0.00183606 -0.00194141 -0.00191651 -0.00187258 -0.00191179 -0.0018706 -0.00189095 -0.00183278 -0.001794 -0.00181613 -0.00185247 -0.00195693 -0.00184683 -0.00190064 -0.00189978 -0.00191242 -0.00185052 -0.00196059 -0.00189475 -0.0019495 -0.00180173 -0.00174357 -0.00193158 -0.00185768 -0.00185991 -0.00188266 -0.00182355 -0.00182646 -0.0018527 -0.00190238 -0.00187166 -0.00188231 -0.00179232 
-0.00175798 -0.00178411 -0.0018163 -0.00188426 -0.00191482 -0.00194531 -0.00190417 -0.00195551 -0.00209089 -0.00186069 -0.00215077 -0.0020629 -0.00200961 -0.00218377 -0.00207609 -0.00214372 -0.00216563 -0.00200126 -0.0021071 -0.00188161 -0.00167019 -0.00155427 0.00247602 0.00269392 0.00278045 0.00289528 0.138717 0.00278797 0.00265167 0.00245826 0.00249554 0.00223208 -0.00137483 -0.00148825 -0.00156129 -0.00162334 -0.00172685 -0.00186686 -0.0018702 -0.0018114 -0.0017775 -0.00184192 -0.00191919 -0.00188628 -0.0018993 -0.00185987 -0.00176987 -0.00177021 -0.00178858 -0.00184845 -0.00175774 -0.00186074 -0.00181699 -0.00176615 -0.00177506 -0.00172487 -0.00171504 -0.00174941 -0.00170721 -0.00168831 -0.0017441 -0.00173578 -0.00168159 -0.00164557 -0.00177909 -0.00177272 -0.0017073 -0.0017089 -0.00179339 -0.00184824 -0.0018331 -0.0018109 -0.00181674 -0.00171658 -0.00171995 -0.00163176 -0.00168024 -0.00174645 -0.00174491 -0.00177017 -0.00181116 -0.00173799 -0.00177903 -0.00173905 -0.00184187 -0.0018282 -0.00179211 -0.0016448 -0.0016287 -0.00180771 -0.00173523 -0.00179147 -0.00180359 -0.00176004 -0.00175198 -0.00177168 -0.0017801 -0.00166828 -0.00172611 -0.00173513 
-0.00165745 -0.00173744 -0.00176686 -0.0017137 -0.00180524 -0.00194131 -0.00190183 -0.0019426 -0.00187911 -0.00179022 -0.00209282 -0.00200651 -0.00194036 -0.00205904 -0.00207454 -0.00215916 -0.00214168 -0.00218751 -0.00222457 -0.00197718 -0.00179177 -0.00179775 -0.00164741 0.00232498 0.00258166 0.00278174 0.00278797 0.137151 0.00276223 0.00271624 0.0026209 0.00250686 0.00234178 -0.00136093 -0.00153654 -0.0015218 -0.00164646 -0.00176786 -0.00181933 -0.00182689 -0.00185233 -0.00180642 -0.00184501 -0.00184783 -0.00189554 -0.00181115 -0.00179685 -0.00176082 -0.00171226 -0.00174643 -0.00172088 -0.00166681 -0.00176698 -0.00179125 -0.00172214 -0.00174604 -0.00176755 -0.00168903 -0.0016586 -0.00183473 -0.00181073 -0.00174825 -0.00166278 -0.00167691 -0.00181179 -0.00175166 -0.00171794 -0.00174372 -0.00169295 -0.00180233 -0.0016764 -0.00174325 -0.00177451 -0.00177342 -0.00175175 -0.0015741 -0.00177203 -0.0018393 -0.00175648 -0.00172525 -0.00171206 -0.00167662 -0.00186214 -0.00171001 -0.00179092 -0.00181454 -0.00173649 -0.00161427 -0.00170892 -0.00169627 -0.00179982 -0.00172997 -0.00175811 -0.00177072 -0.00166226 -0.00178641 -0.00178175 -0.00170411 -0.00170996 -0.00158973 
-0.00176832 -0.00174592 -0.00179133 -0.00185409 -0.00181106 -0.00193429 -0.0019946 -0.0019368 -0.00199243 -0.00177085 -0.00197248 -0.0019836 -0.00204678 -0.00210616 -0.00201628 -0.00212944 -0.00215652 -0.00213107 -0.00217891 -0.00207743 -0.00187659 -0.00184696 -0.00168004 -0.00154946 0.00235954 0.00251979 0.00265167 0.00276223 0.135337 0.00278576 0.00270804 0.0024766 0.00234312 0.00227727 -0.00138498 -0.00128647 -0.00154213 -0.0015983 -0.00172779 -0.00173968 -0.00179018 -0.00173253 -0.00177099 -0.00187757 -0.00179308 -0.00185772 -0.00161887 -0.00178514 -0.00182514 -0.00165963 -0.00175705 -0.00175466 -0.00167875 -0.00178264 -0.00168513 -0.00170935 -0.00170222 -0.00168373 -0.00173134 -0.00175586 -0.00172088 -0.00171765 -0.001712 -0.00164494 -0.00168612 -0.00181523 -0.00168223 -0.0016145 -0.00170324 -0.00170996 -0.00174694 -0.0017329 -0.00170814 -0.00178616 -0.00165216 -0.00155757 -0.00160646 -0.00176558 -0.00168365 -0.00170559 -0.00163807 -0.00164138 -0.0017227 -0.00165709 -0.00169734 -0.00168684 -0.00163631 -0.00160686 -0.00159633 -0.00170365 -0.00159664 -0.00172468 -0.00167405 -0.00175486 -0.0016864 -0.00173543 -0.00168822 -0.00172444 -0.00179189 -0.00172369 
-0.00173692 -0.00171434 -0.00181095 -0.00180914 -0.00174808 -0.00188805 -0.0018549 -0.00185618 -0.00187551 -0.00184303 -0.00209196 -0.0020125 -0.00188289 -0.00214345 -0.00205126 -0.00206168 -0.00221896 -0.0021583 -0.00214955 -0.00212129 -0.00194167 -0.0018007 -0.0017038 -0.00143726 0.0024352 0.00249887 0.00245826 0.00271624 0.00278576 0.133789 0.00264718 0.00253293 0.00242939 0.00216413 -0.00125451 -0.00135363 -0.00151543 -0.00162248 -0.00167641 -0.00183111 -0.00172768 -0.00169855 -0.00181569 -0.00174099 -0.00186324 -0.00182636 -0.00163338 -0.00166188 -0.00165793 -0.00170661 -0.00174966 -0.00171654 -0.00171268 -0.00167596 -0.00166729 -0.00170941 -0.00174474 -0.00167762 -0.00163675 -0.00170891 -0.0017023 -0.00168079 -0.00158765 -0.00158722 -0.00166117 -0.00161435 -0.00166243 -0.00165636 -0.00174664 -0.00155703 -0.00173193 -0.0016529 -0.00170638 -0.00176781 -0.00161514 -0.00164574 -0.00166111 -0.00166534 -0.00164722 -0.00168546 -0.00162601 -0.00167821 -0.00171932 -0.00170601 -0.00174354 -0.0016455 -0.00166369 -0.00162624 -0.00165992 -0.00168294 -0.00170493 -0.00176954 -0.00170666 -0.00174471 -0.00170122 -0.00171081 -0.00162674 -0.00172297 -0.00160168 -0.00168364 
-0.00172057 -0.00177883 -0.00175623 -0.0017961 -0.00190888 -0.00195251 -0.00189626 -0.00190604 -0.00198929 -0.001921 -0.00202122 -0.00197721 -0.00204017 -0.00213635 -0.002055 -0.00213637 -0.00221383 -0.00229296 -0.00222609 -0.0023188 -0.00200047 -0.0020818 -0.00187506 -0.00160369 -0.00151553 0.00233797 0.00249554 0.0026209 0.00270804 0.00264718 0.134551 0.00259704 0.00248701 0.002361 0.0022769 0.00216995 -0.00132602 -0.00136303 -0.0016157 -0.00163542 -0.00171698 -0.00170839 -0.00178927 -0.00188353 -0.00185085 -0.00175449 -0.00180155 -0.00177004 -0.00172627 -0.00175054 -0.00176738 -0.00167898 -0.00178622 -0.00176843 -0.00167122 -0.00164757 -0.00177382 -0.00174002 -0.00177137 -0.00166917 -0.00169804 -0.0017632 -0.00163598 -0.00158938 -0.00171438 -0.00173578 -0.0017361 -0.00170677 -0.0018488 -0.00177926 -0.00168204 -0.00165442 -0.00176087 -0.00174231 -0.0016436 -0.00164618 -0.0015983 -0.00173867 -0.00172557 -0.00179083 -0.00175304 -0.00179648 -0.00180182 -0.00180055 -0.00174439 -0.0018764 -0.00171924 -0.00167754 -0.00157414 -0.00168733 -0.00181696 -0.00178286 -0.00176284 -0.00173184 -0.00174001 -0.00178675 -0.00175193 -0.0017245 -0.00177292 -0.00167424 
-0.00172538 -0.00177227 -0.00177837 -0.00179432 -0.00177957 -0.00188192 -0.0018903 -0.00193027 -0.00200877 -0.00182602 -0.00201952 -0.00196992 -0.00191802 -0.00215207 -0.00205691 -0.00212323 -0.0022714 -0.00209983 -0.00215944 -0.00230059 -0.00218358 -0.00204347 -0.00195304 -0.00182318 -0.00160576 -0.00157922 0.00223208 0.00250686 0.0024766 0.00253293 0.00259704 0.133016 0.0025556 0.00253168 0.00235078 0.00228636 0.00213371 -0.00130137 -0.00142904 -0.00152151 -0.0016014 -0.00160074 -0.00181194 -0.00190711 -0.00188559 -0.00177612 -0.00169495 -0.00168222 -0.00168406 -0.00177277 -0.0016776 -0.001758 -0.00172456 -0.00178632 -0.00177078 -0.0016368 -0.00167997 -0.00168609 -0.00172649 -0.00170089 -0.00178212 -0.00172907 -0.00157883 -0.00169671 -0.00168558 -0.00165522 -0.00167454 -0.00168997 -0.001707 -0.00169037 -0.00167971 -0.00173444 -0.00167506 -0.00166011 -0.00162582 -0.00166447 -0.00163733 -0.00166108 -0.00161877 -0.00169222 -0.00181355 -0.00173826 -0.00178655 -0.00171136 -0.00177758 -0.00168178 -0.0017041 -0.0015929 -0.00171092 -0.00163749 -0.00163714 -0.00167387 -0.001765 -0.00170159 -0.00170547 -0.00170367 -0.00164806 -0.00178277 -0.00181416 -0.00163235 
-0.00174514 -0.00175109 -0.00178819 -0.00170788 -0.00165299 -0.00191273 -0.00190547 -0.00186337 -0.00193851 -0.00185803 -0.00196597 -0.00204697 -0.00194021 -0.00209591 -0.00201823 -0.00212644 -0.00223874 -0.00210531 -0.0021163 -0.00223084 -0.00215328 -0.00217932 -0.00206752 -0.0018459 -0.00176143 -0.00163971 -0.00137483 0.00234178 0.00234312 0.00242939 0.00248701 0.0025556 0.13164 0.00257538 0.00236997 0.00235905 0.00223088 0.00209085 -0.00127951 -0.00136638 -0.00151365 -0.00150579 -0.001663 -0.00182428 -0.0018049 -0.0017209 -0.0016238 -0.00170873 -0.00165585 -0.00179091 -0.00167587 -0.00176127 -0.00169539 -0.00162828 -0.00165762 -0.00171394 -0.0016385 -0.00167496 -0.00179689 -0.00170438 -0.00171119 -0.00165407 -0.00159611 -0.00151408 -0.00162472 -0.0016957 -0.0016514 -0.00169013 -0.00162352 -0.00166913 -0.00174925 -0.00172823 -0.00170051 -0.00164339 -0.00168137 -0.00162666 -0.00160625 -0.00172239 -0.00174532 -0.00172298 -0.00170581 -0.00174563 -0.00170344 -0.00159517 -0.001677 -0.00169556 -0.00168932 -0.00162588 -0.00167733 -0.00169706 -0.00160316 -0.00163751 -0.00175741 -0.00167109 -0.00168979 -0.00170722 -0.00168859 -0.00168912 -0.00175556 -0.00162033 
-0.00171655 -0.00172445 -0.00169145 -0.00171571 -0.00180534 -0.00180191 -0.00187351 -0.00190789 -0.00182745 -0.00179986 -0.00190396 -0.00199924 -0.00195256 -0.0020776 -0.00201632 -0.00208037 -0.00217033 -0.00190523 -0.00212989 -0.00226726 -0.00204776 -0.00205158 -0.00209996 -0.00198926 -0.00178172 -0.00169708 -0.00148825 -0.00136093 0.00227727 0.00216413 0.002361 0.00253168 0.00257538 0.13044 0.00240384 0.00241433 0.00228779 0.00219092 0.00208999 -0.00120695 -0.00145186 -0.00141166 -0.00156466 -0.00171179 -0.00167554 -0.00167803 -0.00159463 -0.00167594 -0.00168786 -0.00166116 -0.00157149 -0.00174769 -0.00162234 -0.00180139 -0.00170913 -0.00175355 -0.00173344 -0.00162927 -0.00165633 -0.00164473 -0.00165836 -0.00161206 -0.00163423 -0.00164094 -0.00173162 -0.00167109 -0.00166632 -0.00170191 -0.00163405 -0.00169814 -0.00169197 -0.00170859 -0.00162864 -0.00165706 -0.00165317 -0.00159623 -0.00161332 -0.00172539 -0.00161172 -0.00160723 -0.00175873 -0.00165928 -0.00170645 -0.00165318 -0.00165314 -0.00159601 -0.00173331 -0.00152936 -0.00157563 -0.00164821 -0.00168791 -0.0017325 -0.00173548 -0.00171443 -0.0016749 -0.0016925 -0.00169244 -0.00174754 -0.00169556 -0.00163477 
