0.123278 0.00221535 0.0022368 0.00207202 0.00199874 0.00207889 -0.00119136 -0.00132412 -0.00144883 -0.00141056 -0.00165334 -0.00166139 -0.001723 -0.0018933 -0.00180613 -0.00182112 -0.00204396 -0.00178637 -0.00191903 -0.0020524 -0.00192109 -0.00196291 -0.00198167 -0.00171513 -0.00193023 -0.00188614 -0.00178324 -0.00169979 -0.00181883 -0.00171811 -0.0017089 -0.00171982 -0.00177414 -0.00166248 -0.00161259 -0.00161772 -0.00163802 -0.00159304 -0.00155825 -0.00165209 -0.00154353 -0.00155044 -0.00159679 -0.00159985 -0.00164799 -0.00160235 -0.00151041 -0.00147313 -0.00160172 -0.00157403 -0.00143732 -0.00155615 -0.0015025 -0.00143291 -0.00157675 -0.00153426 -0.00157546 -0.00145456 -0.00144635 -0.00151494 -0.00149565 -0.00149086 -0.00140453 -0.00144329 -0.00146596 -0.00156902 -0.0014839 -0.00148422 -0.00153197 -0.00149597 -0.00148524 -0.00147733 -0.00149624 -0.00154335 -0.00142826 -0.00138591 -0.00144945 -0.00145159 -0.00147247 -0.001507 -0.00144898 -0.00153844 -0.00151118 -0.0016109 -0.00152817 -0.00155385 -0.00143479 -0.00142511 -0.00142354 -0.00146265 -0.00151961 -0.00136558 -0.00131137 -0.00128842 -0.00129252 -0.0011789 0.00186659 0.00197381 0.00212196 0.00203454 
0.00221535 0.123323 0.00230556 0.00225803 0.00221498 0.00206286 0.00196973 -0.00122322 -0.00131842 -0.00131652 -0.00152444 -0.00165769 -0.00177711 -0.00184725 -0.00185643 -0.00188861 -0.0020407 -0.00188955 -0.00187757 -0.00204941 -0.0019334 -0.00192134 -0.00181387 -0.0017105 -0.00183386 -0.00187105 -0.00182626 -0.00183676 -0.00166046 -0.00165087 -0.00172815 -0.00170697 -0.001711 -0.0017272 -0.0015998 -0.00167478 -0.00161781 -0.00164542 -0.00158573 -0.00159625 -0.00152751 -0.00155556 -0.00155659 -0.00154689 -0.00167101 -0.00155973 -0.00156323 -0.00153547 -0.00159381 -0.00151242 -0.0015653 -0.00150388 -0.00147519 -0.0014354 -0.00153099 -0.00143034 -0.0015275 -0.00156349 -0.00154451 -0.00157563 -0.00151184 -0.00157108 -0.0014684 -0.0013957 -0.00159791 -0.00153997 -0.00149797 -0.00147226 -0.00160675 -0.00143803 -0.00147171 -0.00149272 -0.00157105 -0.00150248 -0.00142968 -0.00147029 -0.00140843 -0.00143303 -0.00152123 -0.00156397 -0.00157826 -0.00156154 -0.00153047 -0.00147482 -0.00161352 -0.00150049 -0.00150589 -0.00147265 -0.00153395 -0.00152229 -0.00148897 -0.00149835 -0.00140801 -0.00135794 -0.00130635 -0.00118704 -0.00117019 0.00188568 0.00198181 0.00215139 
0.0022368 0.00230556 0.123851 0.00239929 0.0021675 0.00224476 0.00210556 0.00206192 -0.00126552 -0.00126697 -0.00140673 -0.00163356 -0.00154551 -0.00189305 -0.00175852 -0.00181797 -0.00200296 -0.00191508 -0.00193195 -0.0020475 -0.00193108 -0.00191276 -0.00199211 -0.00185981 -0.00199673 -0.00190758 -0.00184294 -0.00174603 -0.00176945 -0.00176882 -0.00165147 -0.00171159 -0.00170313 -0.00170471 -0.00165399 -0.00155973 -0.00165362 -0.00163395 -0.00165725 -0.00160764 -0.00157414 -0.00155339 -0.00165836 -0.00162351 -0.00160988 -0.00150835 -0.00158027 -0.00153129 -0.00147596 -0.00148862 -0.00145696 -0.00155746 -0.00157955 -0.00157276 -0.00158674 -0.0015462 -0.0015222 -0.00148365 -0.00149216 -0.00163897 -0.00152738 -0.00149659 -0.0014905 -0.00142252 -0.00158924 -0.0015446 -0.00154358 -0.0015685 -0.00155958 -0.00157335 -0.00156968 -0.00150256 -0.00147623 -0.00149269 -0.0014941 -0.00144145 -0.00150365 -0.0015004 -0.00146376 -0.00159795 -0.00159008 -0.00146878 -0.00154866 -0.00148269 -0.00154316 -0.0014994 -0.00145471 -0.00148614 -0.00140335 -0.00147349 -0.00158292 -0.00150376 -0.00148086 -0.00140975 -0.00142902 -0.00134141 -0.00127929 -0.00111416 0.00187313 0.00199472 
0.00207202 0.00225803 0.00239929 0.124404 0.00234763 0.00235486 0.00221521 0.00220727 0.00209358 -0.00122078 -0.0013323 -0.00142943 -0.00156122 -0.00181103 -0.00182514 -0.00189628 -0.00206102 -0.0019627 -0.00194071 -0.00199135 -0.00196501 -0.00200728 -0.00195104 -0.00177843 -0.00190932 -0.00187542 -0.00180933 -0.00170445 -0.0018796 -0.00177089 -0.00168771 -0.00175247 -0.00177602 -0.00179239 -0.00161474 -0.00154808 -0.00163194 -0.0016185 -0.00163678 -0.00159438 -0.00157409 -0.0015601 -0.00172536 -0.00167379 -0.00161729 -0.00157723 -0.00154546 -0.00159565 -0.0015615 -0.00147483 -0.00151699 -0.00150101 -0.00148121 -0.00156427 -0.00153208 -0.00148887 -0.00150282 -0.00159747 -0.00161632 -0.00142604 -0.00150864 -0.00161242 -0.0014777 -0.00148205 -0.00161749 -0.00152458 -0.00157491 -0.00153815 -0.00155347 -0.00152632 -0.00149515 -0.00150922 -0.00153965 -0.00156011 -0.00145661 -0.00146063 -0.001504 -0.00153851 -0.00156709 -0.00154713 -0.00155836 -0.00150375 -0.00157767 -0.00156686 -0.00163296 -0.00155195 -0.00147003 -0.00141861 -0.00154364 -0.0015264 -0.00155808 -0.00149614 -0.00158419 -0.00148691 -0.0015532 -0.00134537 -0.00137303 -0.00127129 -0.00117799 0.00190647 
0.00199874 0.00221498 0.0021675 0.00234763 0.125104 0.00237235 0.00234804 0.00234792 0.00217786 0.00208018 -0.00128044 -0.00131993 -0.00144564 -0.00160638 -0.00182278 -0.00167251 -0.00202289 -0.00197024 -0.00186674 -0.00197548 -0.00201605 -0.00192729 -0.00200523 -0.0019169 -0.00196459 -0.00192672 -0.00182653 -0.00180239 -0.00179751 -0.00181356 -0.00176664 -0.0017659 -0.00177693 -0.00177791 -0.00161811 -0.00163755 -0.00166327 -0.00175765 -0.00167714 -0.00173517 -0.0016095 -0.00160287 -0.00164114 -0.00159457 -0.00155045 -0.00161994 -0.00159113 -0.00153472 -0.00149855 -0.00159463 -0.00161512 -0.00150756 -0.00158164 -0.00155094 -0.00159876 -0.00155581 -0.00160079 -0.00162772 -0.0015057 -0.00153042 -0.00158952 -0.00147922 -0.00151932 -0.0015779 -0.00165363 -0.00144424 -0.00156132 -0.00161114 -0.00154658 -0.00157976 -0.00150997 -0.00152745 -0.00159533 -0.00155569 -0.00145602 -0.0014516 -0.00153857 -0.00162013 -0.00157072 -0.00155805 -0.00162692 -0.00146084 -0.0015233 -0.00148144 -0.00152806 -0.00155847 -0.00160435 -0.00141591 -0.0014349 -0.00153828 -0.00150556 -0.00158033 -0.00148061 -0.00148533 -0.00147632 -0.00160225 -0.00141828 -0.00133352 -0.00134192 -0.00114812 
0.00207889 0.00206286 0.00224476 0.00235486 0.00237235 0.128183 0.00243546 0.00240202 0.00224727 0.00211727 0.00219277 -0.00129347 -0.00153934 -0.00165712 -0.00177114 -0.00185175 -0.00209098 -0.00203824 -0.00200346 -0.00209637 -0.00211914 -0.0020355 -0.00202775 -0.00198548 -0.00207592 -0.00209771 -0.00197769 -0.0020318 -0.00188279 -0.00185893 -0.00194814 -0.00191928 -0.0018275 -0.00181384 -0.00170311 -0.00177548 -0.00178082 -0.00172438 -0.0017172 -0.00173528 -0.00167464 -0.00165574 -0.0017465 -0.00168328 -0.00168667 -0.0017167 -0.00158837 -0.00167684 -0.00159788 -0.00154772 -0.00168751 -0.0016338 -0.00166551 -0.00159678 -0.00169608 -0.00161195 -0.0017255 -0.00163993 -0.00169069 -0.00165176 -0.00155401 -0.00166605 -0.00156272 -0.00152834 -0.00172043 -0.00154987 -0.00163811 -0.00161713 -0.00164964 -0.00166224 -0.00151592 -0.00157217 -0.00157577 -0.00157323 -0.00158877 -0.00156242 -0.00144704 -0.00155266 -0.00165488 -0.00164163 -0.00169413 -0.00159754 -0.00159222 -0.00158476 -0.00159053 -0.0016019 -0.00161268 -0.00158016 -0.00151494 -0.00165355 -0.00164558 -0.00162794 -0.00163552 -0.00167473 -0.0016351 -0.00158718 -0.00149859 -0.00145011 -0.00131322 -0.00121456 
-0.00119136 0.00196973 0.00210556 0.00221521 0.00234804 0.00243546 0.128993 0.0024988 0.00237613 0.00234194 0.00219807 0.00210512 -0.00132955 -0.00165267 -0.00168517 -0.001761 -0.00201168 -0.00201333 -0.0019749 -0.00209955 -0.0021502 -0.00207359 -0.00204511 -0.00197897 -0.00204302 -0.00207182 -0.00200153 -0.00188058 -0.00180772 -0.00178813 -0.00187108 -0.00183603 -0.00183633 -0.00193865 -0.00173889 -0.00175964 -0.00186407 -0.00177262 -0.00176619 -0.00187671 -0.00171513 -0.00160314 -0.00172111 -0.00182133 -0.00175548 -0.00176116 -0.00173328 -0.00166361 -0.00166592 -0.00173583 -0.00156988 -0.00163289 -0.0016897 -0.00161421 -0.00159947 -0.00169876 -0.00159731 -0.00158168 -0.00159511 -0.00149534 -0.00167652 -0.00159354 -0.00163228 -0.00155974 -0.00167622 -0.0016844 -0.00163104 -0.00158944 -0.00170082 -0.00169743 -0.00169693 -0.00157128 -0.00157143 -0.00170135 -0.00152754 -0.00155391 -0.00156842 -0.00165295 -0.0016167 -0.00170631 -0.00167457 -0.0016644 -0.0016218 -0.00157177 -0.00163566 -0.00163776 -0.00164569 -0.00158326 -0.00164116 -0.00158808 -0.00163511 -0.00170712 -0.0016312 -0.0016205 -0.00159573 -0.00163206 -0.00160667 -0.00152816 -0.00138771 -0.00130017 
-0.00132412 -0.00122322 0.00206192 0.00220727 0.00234792 0.00240202 0.0024988 0.130256 0.00265564 0.00248224 0.00236184 0.00220844 0.00217045 -0.00142287 -0.00168687 -0.00172624 -0.00197721 -0.00205457 -0.00203447 -0.00220022 -0.00223111 -0.00215712 -0.00214717 -0.00204862 -0.00220261 -0.00218394 -0.00196843 -0.00191497 -0.00192505 -0.00182963 -0.0018861 -0.00183034 -0.00183982 -0.00182856 -0.00174102 -0.00173442 -0.00176944 -0.00178957 -0.00178304 -0.00172074 -0.00176127 -0.00178375 -0.00178704 -0.00179254 -0.0017527 -0.00179007 -0.00166544 -0.00169157 -0.00167666 -0.00171437 -0.00165737 -0.00162719 -0.00164462 -0.00169951 -0.00168334 -0.00165183 -0.00167931 -0.00165652 -0.00166243 -0.00162579 -0.00176565 -0.00168135 -0.00160822 -0.00154827 -0.00169141 -0.00166672 -0.00163369 -0.00163928 -0.00156623 -0.00161425 -0.0016624 -0.00172605 -0.00166165 -0.00165853 -0.00160323 -0.00158299 -0.00156842 -0.00172172 -0.00163754 -0.00170372 -0.00168128 -0.00164753 -0.00171713 -0.0016743 -0.0015992 -0.00160264 -0.00167318 -0.00159991 -0.00159976 -0.00159422 -0.0016443 -0.00171747 -0.00162705 -0.00161969 -0.00165486 -0.00168979 -0.0016393 -0.00157744 -0.00156452 -0.00140249 
-0.00144883 -0.00131842 -0.00126552 0.00209358 0.00217786 0.00224727 0.00237613 0.00265564 0.131603 0.00255776 0.00242253 0.00239402 0.00237813 0.00218789 -0.00148558 -0.00160572 -0.00185573 -0.00188968 -0.00205113 -0.00222253 -0.00225092 -0.00217173 -0.00211574 -0.00191465 -0.00210695 -0.00213972 -0.00206177 -0.00198403 -0.00191105 -0.00189453 -0.00187811 -0.00190732 -0.0019929 -0.00190342 -0.00181464 -0.00172207 -0.00176705 -0.00188546 -0.00173631 -0.00187297 -0.00179007 -0.00179019 -0.00178395 -0.00175089 -0.00187238 -0.00173908 -0.00162764 -0.00167532 -0.00165247 -0.00165443 -0.00162642 -0.00167529 -0.00176721 -0.00166425 -0.00175231 -0.00171095 -0.00175232 -0.00176529 -0.00171484 -0.00160316 -0.00167252 -0.00172311 -0.00167255 -0.00161126 -0.00170502 -0.00165731 -0.00169358 -0.00168454 -0.00168066 -0.00165801 -0.00169082 -0.00166939 -0.00170682 -0.00160102 -0.00156044 -0.00154997 -0.00162676 -0.00181194 -0.00171246 -0.00165856 -0.0018001 -0.00166543 -0.00171604 -0.00167626 -0.00164767 -0.00167084 -0.001716 -0.00162288 -0.00156024 -0.0016687 -0.00171953 -0.00166776 -0.00168811 -0.00161875 -0.00166181 -0.00160232 -0.00166934 -0.00164499 -0.00167161 -0.00151552 
-0.00141056 -0.00131652 -0.00126697 -0.00122078 0.00208018 0.00211727 0.00234194 0.00248224 0.00255776 0.130201 0.00259726 0.00247508 0.00234087 0.00234655 -0.00144807 -0.00139736 -0.00168374 -0.0018896 -0.00187927 -0.00209394 -0.00199613 -0.00202281 -0.00216502 -0.0019202 -0.00209657 -0.00207908 -0.00183249 -0.00195693 -0.00190327 -0.00186945 -0.00189924 -0.00187772 -0.0018967 -0.00178403 -0.00170609 -0.00166409 -0.00180033 -0.00178279 -0.00177118 -0.00178415 -0.00172062 -0.00167243 -0.0017524 -0.00176488 -0.00172109 -0.00172764 -0.0016291 -0.0016112 -0.00162289 -0.00159885 -0.00167259 -0.00159664 -0.00171446 -0.00153937 -0.00163891 -0.00169044 -0.00160229 -0.00165268 -0.00164024 -0.00153017 -0.00157495 -0.00157067 -0.00165082 -0.00167339 -0.00159461 -0.00160472 -0.00162986 -0.00168661 -0.00163759 -0.0016587 -0.00164282 -0.00165235 -0.00160552 -0.00159826 -0.00155136 -0.00165739 -0.00151994 -0.00167215 -0.00166987 -0.001736 -0.00169475 -0.00163773 -0.00158433 -0.00161202 -0.00169216 -0.00156937 -0.00164946 -0.00156438 -0.00147012 -0.00166536 -0.00166175 -0.0016456 -0.00164965 -0.00156454 -0.00161816 -0.00164927 -0.00164996 -0.00165168 -0.00159405 -0.00161437 
-0.00165334 -0.00152444 -0.00140673 -0.0013323 -0.00128044 0.00219277 0.00219807 0.00236184 0.00242253 0.00259726 0.134742 0.00275929 0.0026465 0.00249158 0.0022528 0.00233191 -0.00158304 -0.00175316 -0.00182506 -0.00194246 -0.00216619 -0.00212219 -0.00210244 -0.00204809 -0.00227645 -0.00226667 -0.0021137 -0.00207433 -0.00203193 -0.00204405 -0.0020312 -0.00199442 -0.00196803 -0.00193432 -0.00181356 -0.00179328 -0.00190514 -0.00183975 -0.00189428 -0.00188271 -0.0017574 -0.00173724 -0.00181208 -0.0018109 -0.00182894 -0.00181573 -0.00173796 -0.00170789 -0.00176545 -0.00180482 -0.00182006 -0.00180704 -0.00176466 -0.00169746 -0.00171669 -0.00171429 -0.0018277 -0.00173134 -0.00174675 -0.00166926 -0.00172191 -0.00182965 -0.00168238 -0.00164678 -0.00171819 -0.00166592 -0.00167169 -0.00169051 -0.00167264 -0.00178186 -0.00177659 -0.00176821 -0.00170985 -0.00177442 -0.00167811 -0.00171581 -0.00167719 -0.00180412 -0.00166867 -0.00176273 -0.00181041 -0.0017841 -0.0017943 -0.00165938 -0.0017218 -0.00178978 -0.00171895 -0.0016707 -0.00170523 -0.00174865 -0.00177652 -0.00173492 -0.00174886 -0.00168244 -0.00169982 -0.00184355 -0.00171025 -0.00176331 -0.00169819 -0.00164074 
-0.00166139 -0.00165769 -0.00163356 -0.00142943 -0.00131993 -0.00129347 0.00210512 0.00220844 0.00239402 0.00247508 0.00275929 0.136721 0.00277608 0.00268046 0.00259401 0.00245761 0.00238862 -0.00153948 -0.00159873 -0.00190971 -0.00200529 -0.00198148 -0.00208784 -0.0020947 -0.00221793 -0.0021843 -0.002193 -0.00202067 -0.00202026 -0.00206265 -0.00204513 -0.00206699 -0.00194393 -0.00195349 -0.00189663 -0.00196624 -0.00190349 -0.00196599 -0.00189308 -0.00198765 -0.0018263 -0.00184123 -0.00185589 -0.00184515 -0.00177168 -0.00194911 -0.00179085 -0.00175337 -0.00184634 -0.00181546 -0.00176725 -0.00181473 -0.00176765 -0.00185376 -0.00180633 -0.00182718 -0.0019197 -0.00185359 -0.00172807 -0.00176069 -0.00177968 -0.00175917 -0.0016944 -0.00172215 -0.00171219 -0.00182731 -0.00186376 -0.00170139 -0.00177641 -0.00184575 -0.00175646 -0.00172082 -0.00169983 -0.00174335 -0.00162115 -0.00170431 -0.0017379 -0.00179759 -0.00177872 -0.00174023 -0.00179858 -0.00178828 -0.00184503 -0.0017097 -0.00174303 -0.00184565 -0.00175394 -0.00171667 -0.00173589 -0.00179594 -0.00175256 -0.00176072 -0.00180784 -0.0018234 -0.00185372 -0.0017944 -0.00185542 -0.00178732 -0.00178007 -0.00170087 
-0.001723 -0.00177711 -0.00154551 -0.00156122 -0.00144564 -0.00153934 -0.00132955 0.00217045 0.00237813 0.00234087 0.0026465 0.00277608 0.135526 0.00273446 0.00252033 0.00260083 0.00244014 -0.00161096 -0.00155304 -0.00181844 -0.00191267 -0.00200795 -0.0020665 -0.00198426 -0.00217788 -0.00211465 -0.00209131 -0.00200654 -0.00201959 -0.001899 -0.00197573 -0.00186603 -0.00197308 -0.00179229 -0.00176256 -0.00189306 -0.0018787 -0.00186884 -0.00186502 -0.00184445 -0.00177912 -0.00168268 -0.0018144 -0.00186091 -0.00182151 -0.00182877 -0.00168752 -0.00172102 -0.00179654 -0.0016886 -0.00170677 -0.00169958 -0.00168272 -0.00174356 -0.00172788 -0.00175487 -0.0017055 -0.00178088 -0.00170383 -0.00174119 -0.00173065 -0.00165793 -0.00167486 -0.00167681 -0.0017045 -0.00175167 -0.00167652 -0.00170526 -0.00170874 -0.00173427 -0.00163448 -0.00163898 -0.00179491 -0.00171534 -0.00160929 -0.00166578 -0.00160391 -0.00167527 -0.00178261 -0.00170102 -0.00175164 -0.00177684 -0.00179105 -0.00171047 -0.00165905 -0.00168929 -0.00168428 -0.00165394 -0.00163359 -0.00168151 -0.00170475 -0.0015646 -0.00177235 -0.00178568 -0.00179376 -0.00184795 -0.00169302 -0.00171171 -0.00174856 -0.00180551 
-0.0018933 -0.00184725 -0.00189305 -0.00181103 -0.00160638 -0.00165712 -0.00165267 -0.00142287 0.00218789 0.00234655 0.00249158 0.00268046 0.00273446 0.14081 0.00280858 0.00293021 0.00270771 0.00253295 0.00250993 -0.00169717 -0.00178418 -0.00181391 -0.00198774 -0.00208366 -0.00224135 -0.00229634 -0.00215959 -0.00220957 -0.00204886 -0.00198649 -0.00214275 -0.0021285 -0.00202653 -0.00210536 -0.00182548 -0.00191018 -0.00205299 -0.00204699 -0.00199728 -0.00198669 -0.00192725 -0.00190556 -0.00200736 -0.00199177 -0.00190209 -0.00188651 -0.001887 -0.00188618 -0.00188818 -0.00194172 -0.00186134 -0.00194841 -0.00181248 -0.00189605 -0.00180838 -0.00191488 -0.00182126 -0.00187715 -0.0018143 -0.00185809 -0.00183818 -0.00176794 -0.00175349 -0.00177241 -0.00178984 -0.00175763 -0.00179979 -0.00181105 -0.0017771 -0.00183571 -0.00183692 -0.00184388 -0.00185105 -0.00182621 -0.00171894 -0.00185618 -0.0016178 -0.00187702 -0.00183121 -0.0018348 -0.00185037 -0.00183663 -0.0018675 -0.00182747 -0.00172629 -0.00194921 -0.00181837 -0.00176077 -0.00173377 -0.00180496 -0.00185279 -0.00184864 -0.00185191 -0.00185386 -0.00187349 -0.00178952 -0.0019079 -0.00178317 -0.00189302 -0.00176253 
-0.00180613 -0.00185643 -0.00175852 -0.00182514 -0.00182278 -0.00177114 -0.00168517 -0.00168687 -0.00148558 -0.00144807 0.0022528 0.00259401 0.00252033 0.00280858 0.1398 0.00286501 0.00294443 0.00271774 0.00269247 0.00261859 -0.0016024 -0.00162698 -0.00178026 -0.00196426 -0.00213828 -0.00229801 -0.00202788 -0.00206875 -0.00204177 -0.00195376 -0.00204614 -0.00204499 -0.00196258 -0.00203386 -0.00183697 -0.00188931 -0.00185012 -0.00194067 -0.00192424 -0.00200177 -0.00170897 -0.00175752 -0.00199509 -0.0019216 -0.0019774 -0.00191392 -0.00182831 -0.00181397 -0.00182862 -0.00192052 -0.00181472 -0.00185681 -0.00186591 -0.00179313 -0.00176338 -0.00181821 -0.00183927 -0.00185235 -0.00179826 -0.00172734 -0.00170152 -0.00181055 -0.00170225 -0.00174749 -0.00171369 -0.00174718 -0.00172651 -0.00171757 -0.00177472 -0.00176433 -0.00178954 -0.0017027 -0.00180283 -0.00179831 -0.00164751 -0.0016909 -0.00177888 -0.00179135 -0.00177147 -0.00170064 -0.00178757 -0.00176309 -0.00182022 -0.0018654 -0.00174328 -0.00186498 -0.00180975 -0.00174684 -0.00172695 -0.00175035 -0.0017591 -0.00182392 -0.0018625 -0.00179661 -0.00179746 -0.00181715 -0.00178488 -0.00190344 -0.00187589 -0.00166007 
-0.00182112 -0.00188861 -0.00181797 -0.00189628 -0.00167251 -0.00185175 -0.001761 -0.00172624 -0.00160572 -0.00139736 0.00233191 0.00245761 0.00260083 0.00293021 0.00286501 0.141396 0.00283506 0.00277072 0.00276694 0.00265603 -0.00166559 -0.00161665 -0.00184356 -0.00194928 -0.00212621 -0.00218481 -0.00218755 -0.00205041 -0.00204289 -0.00204501 -0.00209431 -0.00215766 -0.00205926 -0.00210512 -0.00194499 -0.00190868 -0.00191827 -0.00202269 -0.00194589 -0.00202051 -0.00184332 -0.00188214 -0.00192864 -0.0019127 -0.00192069 -0.00190511 -0.00178031 -0.00175655 -0.00178314 -0.00171042 -0.00184845 -0.00176689 -0.00193531 -0.00187937 -0.00183456 -0.00180477 -0.00186551 -0.00183237 -0.00185766 -0.00189432 -0.00183134 -0.00184625 -0.00173347 -0.00172387 -0.00175535 -0.00168486 -0.00180041 -0.00175691 -0.00180737 -0.00180245 -0.00179287 -0.00180674 -0.00176217 -0.00176456 -0.00172467 -0.00173184 -0.00177295 -0.00181675 -0.00177262 -0.00181353 -0.00180975 -0.00172241 -0.00188059 -0.00174269 -0.00177019 -0.0017721 -0.00182098 -0.00177848 -0.00171974 -0.00181688 -0.00181281 -0.00184455 -0.001755 -0.00174405 -0.00179666 -0.0018383 -0.00188677 -0.00177932 -0.00181788 -0.00172982 
-0.00204396 -0.0020407 -0.00200296 -0.00206102 -0.00202289 -0.00209098 -0.00201168 -0.00197721 -0.00185573 -0.00168374 -0.00158304 0.00238862 0.00244014 0.00270771 0.00294443 0.00283506 0.146365 0.00299484 0.00306526 0.0030678 0.00260129 0.00262105 -0.00163351 -0.00182942 -0.00193465 -0.00211115 -0.00227695 -0.00216698 -0.00215035 -0.00218277 -0.0022089 -0.00217356 -0.0021643 -0.00218187 -0.00203115 -0.00204629 -0.00210789 -0.00196784 -0.00206065 -0.00206345 -0.00192182 -0.00191841 -0.00202396 -0.00208764 -0.0019943 -0.00195385 -0.00189981 -0.0019318 -0.00191067 -0.00186551 -0.00190081 -0.00189301 -0.00190283 -0.00194174 -0.00199335 -0.00190204 -0.00193686 -0.00190913 -0.00189252 -0.00202269 -0.00191637 -0.00193215 -0.00187938 -0.00178181 -0.00194536 -0.00191648 -0.00198968 -0.00186754 -0.0019693 -0.00192648 -0.00190896 -0.00188996 -0.00191785 -0.00187978 -0.0018329 -0.00187969 -0.00179282 -0.00192509 -0.00193984 -0.00190137 -0.00186194 -0.00193574 -0.0019979 -0.00197582 -0.00191238 -0.00183333 -0.0019213 -0.00183723 -0.00194346 -0.0018851 -0.00191338 -0.00184462 -0.00194192 -0.00198342 -0.00193811 -0.00190253 -0.00193465 -0.00198505 -0.00203264 -0.00198986 
-0.00178637 -0.00188955 -0.00191508 -0.0019627 -0.00197024 -0.00203824 -0.00201333 -0.00205457 -0.00188968 -0.0018896 -0.00175316 -0.00153948 -0.00161096 0.00253295 0.00271774 0.00277072 0.00299484 0.144514 0.00316847 0.00291478 0.0027698 0.00272221 0.00265742 -0.00153285 -0.00181956 -0.00191256 -0.00197985 -0.00201973 -0.00215073 -0.00205791 -0.00210123 -0.00208075 -0.00211965 -0.00201133 -0.0020358 -0.00201193 -0.00207405 -0.00206674 -0.00217526 -0.0019956 -0.00194033 -0.00179284 -0.00199196 -0.00201745 -0.00197283 -0.00191339 -0.00190357 -0.00185816 -0.00177 -0.00187797 -0.00191464 -0.00185436 -0.00189443 -0.00180649 -0.00184947 -0.00185716 -0.00187254 -0.00178585 -0.0017787 -0.00187098 -0.00174573 -0.00194239 -0.00184737 -0.00179184 -0.00185497 -0.00177461 -0.0018667 -0.00186804 -0.00182831 -0.00193806 -0.00178753 -0.00187294 -0.00191386 -0.00182759 -0.00171917 -0.00177211 -0.00181548 -0.00188167 -0.00186252 -0.00187239 -0.00176477 -0.00184295 -0.00186197 -0.00186904 -0.00177019 -0.00182434 -0.0019064 -0.00174982 -0.00183132 -0.00181576 -0.00173455 -0.00194227 -0.00192154 -0.00186859 -0.00188831 -0.00192431 -0.00191612 -0.00184881 -0.00189206 -0.00182481 
-0.00191903 -0.00187757 -0.00193195 -0.00194071 -0.00186674 -0.00200346 -0.0019749 -0.00203447 -0.00205113 -0.00187927 -0.00182506 -0.00159873 -0.00155304 0.00250993 0.00269247 0.00276694 0.00306526 0.00316847 0.145148 0.00310589 0.00283902 0.00287375 0.00276089 -0.00160168 -0.00159866 -0.0018823 -0.00201968 -0.00219676 -0.00219218 -0.0020245 -0.0021496 -0.00211922 -0.00212049 -0.00202418 -0.00184686 -0.00188462 -0.00199683 -0.00212004 -0.00201735 -0.0019176 -0.00187794 -0.00187796 -0.00200386 -0.00196436 -0.00200098 -0.00193201 -0.00188996 -0.00189804 -0.00192209 -0.00191105 -0.00184973 -0.00193995 -0.00194083 -0.00185427 -0.00192333 -0.00188091 -0.00189808 -0.00189044 -0.00181357 -0.00194039 -0.00188665 -0.00176508 -0.00187134 -0.00181982 -0.00192558 -0.00192407 -0.0018305 -0.00179492 -0.00192444 -0.00196306 -0.00183652 -0.00195689 -0.00186147 -0.00190561 -0.00177482 -0.00171147 -0.00172395 -0.00184922 -0.00187049 -0.0019007 -0.00178565 -0.00194035 -0.00191113 -0.00181109 -0.00186571 -0.00190224 -0.00186283 -0.00181042 -0.00176893 -0.00197753 -0.00195705 -0.00192447 -0.00187932 -0.00184716 -0.00187833 -0.00188815 -0.00193513 -0.00184567 -0.00189863 -0.00176612 
-0.0020524 -0.00204941 -0.0020475 -0.00199135 -0.00197548 -0.00209637 -0.00209955 -0.00220022 -0.00222253 -0.00209394 -0.00194246 -0.00190971 -0.00181844 -0.00169717 0.00261859 0.00265603 0.0030678 0.00291478 0.00310589 0.149033 0.0031267 0.00314161 0.00294747 0.0026021 0.00264826 -0.00171552 -0.00181042 -0.00209757 -0.00207973 -0.00206026 -0.00228436 -0.00227262 -0.00226505 -0.00211071 -0.002066 -0.00209408 -0.0022009 -0.00214788 -0.00214481 -0.00199676 -0.00202269 -0.00192118 -0.00220503 -0.00211312 -0.00206457 -0.00210833 -0.00193277 -0.00203362 -0.00200768 -0.00200674 -0.00200394 -0.00201702 -0.00198087 -0.00198766 -0.00197336 -0.00198167 -0.0020154 -0.00199951 -0.00196565 -0.00194891 -0.00193408 -0.00198367 -0.00190668 -0.00193165 -0.0019844 -0.00199976 -0.00205637 -0.00196032 -0.00201535 -0.00209934 -0.00201943 -0.00196912 -0.00201565 -0.00190084 -0.00189204 -0.00185949 -0.00189104 -0.001929 -0.0019537 -0.00188644 -0.00194597 -0.00195263 -0.00199275 -0.00194328 -0.00194372 -0.00195742 -0.0018833 -0.00191132 -0.00186157 -0.00193759 -0.0019245 -0.00194882 -0.00195123 -0.00194956 -0.00199856 -0.00189527 -0.00196065 -0.00199683 -0.00199014 -0.00189624 
-0.00192109 -0.0019334 -0.00193108 -0.00196501 -0.00201605 -0.00211914 -0.0021502 -0.00223111 -0.00225092 -0.00199613 -0.00216619 -0.00200529 -0.00191267 -0.00178418 -0.0016024 -0.00166559 0.00260129 0.0027698 0.00283902 0.0031267 0.146492 0.00319541 0.00308926 0.0026995 0.00282718 0.00258868 -0.00166881 -0.00169638 -0.00182577 -0.00192087 -0.00207953 -0.0021392 -0.00210777 -0.00212228 -0.00201135 -0.00194489 -0.00206227 -0.00206678 -0.00203855 -0.001869 -0.00187537 -0.00186608 -0.00207162 -0.00202017 -0.00196228 -0.0019521 -0.00195129 -0.00199858 -0.00190854 -0.00192908 -0.00183645 -0.00183336 -0.00180395 -0.0019391 -0.00180962 -0.00187185 -0.00183102 -0.0018981 -0.00191245 -0.00183758 -0.00188406 -0.0019198 -0.00168331 -0.00177261 -0.00196311 -0.00186739 -0.00187282 -0.00186154 -0.00187342 -0.00193751 -0.00179534 -0.00181523 -0.00192181 -0.00191345 -0.00179568 -0.00174336 -0.00183327 -0.00191749 -0.00197192 -0.00185879 -0.00194695 -0.00180221 -0.00192467 -0.001934 -0.00191661 -0.00186798 -0.00187847 -0.00174067 -0.00185928 -0.00186417 -0.00191225 -0.00192717 -0.00189097 -0.00183412 -0.00192753 -0.00188558 -0.00193109 -0.00185299 -0.0019425 -0.00187488 
-0.00196291 -0.00192134 -0.00191276 -0.00200728 -0.00192729 -0.0020355 -0.00207359 -0.00215712 -0.00217173 -0.00202281 -0.00212219 -0.00198148 -0.00200795 -0.00181391 -0.00162698 -0.00161665 0.00262105 0.00272221 0.00287375 0.00314161 0.00319541 0.146215 0.00308462 0.00273127 0.00281351 0.00261949 -0.00167572 -0.00186909 -0.00179161 -0.00183357 -0.00213126 -0.00208038 -0.00200693 -0.00208777 -0.00196827 -0.00196062 -0.00209615 -0.002023 -0.00203819 -0.00197529 -0.00171865 -0.00192212 -0.00202585 -0.00197589 -0.00199719 -0.00189223 -0.0018038 -0.00196121 -0.0019657 -0.00185528 -0.00178897 -0.00184375 -0.001891 -0.00187584 -0.001863 -0.00189493 -0.00188489 -0.0019335 -0.00193706 -0.00184888 -0.00178742 -0.0019664 -0.00172981 -0.00179467 -0.00185974 -0.00186805 -0.00192738 -0.00187021 -0.00188376 -0.00196639 -0.00187214 -0.00195935 -0.00183576 -0.00185424 -0.00179501 -0.00179373 -0.00182166 -0.00191498 -0.00190385 -0.00196174 -0.00190007 -0.00192226 -0.00189711 -0.00187666 -0.00192426 -0.00187424 -0.00182912 -0.00181199 -0.00187787 -0.00189686 -0.00189593 -0.00183798 -0.00186356 -0.00198972 -0.00193255 -0.00193878 -0.00191239 -0.00191244 -0.00184532 -0.00193308 
-0.00198167 -0.00181387 -0.00199211 -0.00195104 -0.00200523 -0.00202775 -0.00204511 -0.00214717 -0.00211574 -0.00216502 -0.00210244 -0.00208784 -0.0020665 -0.00198774 -0.00178026 -0.00184356 -0.00163351 0.00265742 0.00276089 0.00294747 0.00308926 0.00308462 0.145507 0.00293943 0.00287603 0.00278964 0.00248679 -0.00149705 -0.00176354 -0.00168908 -0.0019087 -0.00201109 -0.00207164 -0.00202007 -0.00195603 -0.00194552 -0.00212436 -0.00208804 -0.00203577 -0.00195879 -0.00184837 -0.00191351 -0.00207159 -0.0019328 -0.00205399 -0.00202231 -0.00185554 -0.00194038 -0.00188761 -0.0019093 -0.00188558 -0.00183946 -0.00190946 -0.00186655 -0.00179697 -0.0018163 -0.00190325 -0.00180092 -0.00189216 -0.00187168 -0.00195546 -0.00195287 -0.00174788 -0.00174096 -0.00188715 -0.0018628 -0.00189715 -0.00195114 -0.00186587 -0.00183843 -0.00196817 -0.00180532 -0.00185029 -0.00183145 -0.00184602 -0.0017924 -0.00182742 -0.001798 -0.00191292 -0.00189667 -0.00183104 -0.00190031 -0.00191418 -0.00188404 -0.00189679 -0.001882 -0.00182251 -0.001794 -0.00171665 -0.00190949 -0.00186619 -0.00194812 -0.00185715 -0.00186108 -0.00176846 -0.00183925 -0.00189751 -0.0018892 -0.00187983 -0.00171862 
-0.00171513 -0.0017105 -0.00185981 -0.00177843 -0.0019169 -0.00198548 -0.00197897 -0.00204862 -0.00191465 -0.0019202 -0.00204809 -0.0020947 -0.00198426 -0.00208366 -0.00196426 -0.00194928 -0.00182942 -0.00153285 -0.00160168 0.0026021 0.0026995 0.00273127 0.00293943 0.141048 0.00312706 0.00285305 0.00244297 0.0024518 -0.0015233 -0.00148178 -0.00168884 -0.00173679 -0.00183367 -0.00192225 -0.00182797 -0.0018753 -0.00185372 -0.00184973 -0.00193103 -0.00175476 -0.00179508 -0.00175958 -0.00185858 -0.00186802 -0.00170158 -0.0018267 -0.00188054 -0.00180889 -0.00183587 -0.00175022 -0.00181373 -0.001808 -0.00174694 -0.00172311 -0.00176 -0.0018066 -0.00163663 -0.00175522 -0.00178021 -0.00180155 -0.00180046 -0.00173589 -0.0017222 -0.00170371 -0.00171732 -0.00172201 -0.00169369 -0.00173066 -0.00183202 -0.00173559 -0.00166979 -0.00170323 -0.00173577 -0.00172373 -0.00169734 -0.00164449 -0.0016503 -0.00180702 -0.00183969 -0.0018153 -0.00168837 -0.00178445 -0.00186304 -0.00173242 -0.00186108 -0.00183116 -0.00182987 -0.00168564 -0.00164626 -0.00176939 -0.00175784 -0.00171108 -0.00182179 -0.00185619 -0.00180358 -0.00177466 -0.00168887 -0.0017339 -0.001827 -0.00163547 
-0.00193023 -0.00183386 -0.00199673 -0.00190932 -0.00196459 -0.00207592 -0.00204302 -0.00220261 -0.00210695 -0.00209657 -0.00227645 -0.00221793 -0.00217788 -0.00224135 -0.00213828 -0.00212621 -0.00193465 -0.00181956 -0.00159866 0.00264826 0.00282718 0.00281351 0.00287603 0.00312706 0.146068 0.0030636 0.00284353 0.00245896 0.002394 0.00234138 -0.00164753 -0.00166208 -0.00180667 -0.00190937 -0.0020389 -0.0019963 -0.0021417 -0.00201665 -0.00214749 -0.00197551 -0.00198888 -0.00202641 -0.00202374 -0.00212011 -0.00204071 -0.0019742 -0.00189761 -0.00196364 -0.00199808 -0.00194938 -0.0020256 -0.00197781 -0.00189701 -0.00205001 -0.00193814 -0.00184312 -0.00191321 -0.00183907 -0.00186069 -0.00193661 -0.00191048 -0.00196195 -0.00179906 -0.00177901 -0.00188514 -0.00197767 -0.00201902 -0.00188766 -0.00194708 -0.00196816 -0.00186308 -0.00195959 -0.00187367 -0.00192945 -0.00194426 -0.00181093 -0.00183492 -0.00197204 -0.00195871 -0.00182547 -0.00190822 -0.00192254 -0.00185696 -0.00190231 -0.0019468 -0.00182858 -0.00198424 -0.00177589 -0.00183375 -0.00191958 -0.00199229 -0.00191657 -0.00187726 -0.00188336 -0.0019456 -0.00184168 -0.00203844 -0.00190417 -0.00197814 -0.00180089 
-0.00188614 -0.00187105 -0.00190758 -0.00187542 -0.00192672 -0.00209771 -0.00207182 -0.00218394 -0.00213972 -0.00207908 -0.00226667 -0.0021843 -0.00211465 -0.00229634 -0.00229801 -0.00218481 -0.00211115 -0.00191256 -0.0018823 -0.00171552 0.00258868 0.00261949 0.00278964 0.00285305 0.0030636 0.144336 0.00290906 0.00261441 0.00240082 0.00241348 0.00226205 -0.00153136 -0.00159599 -0.00178834 -0.00183161 -0.00179835 -0.00197577 -0.00199051 -0.0020126 -0.0020125 -0.00199839 -0.0018842 -0.0019419 -0.00199389 -0.00209037 -0.00205262 -0.00187433 -0.00191834 -0.00189582 -0.00190497 -0.00185879 -0.00193116 -0.00193548 -0.00190245 -0.00185467 -0.00196031 -0.00188891 -0.00185933 -0.00196398 -0.00188645 -0.0019233 -0.00185326 -0.00182488 -0.00178052 -0.0018593 -0.00187581 -0.00193752 -0.00189863 -0.0019633 -0.00188937 -0.00183316 -0.00190913 -0.00191168 -0.00188267 -0.0018489 -0.00184156 -0.00181018 -0.00184176 -0.00193843 -0.00185337 -0.001844 -0.00184867 -0.00196447 -0.00184955 -0.0018517 -0.00183796 -0.00192837 -0.00183101 -0.00171061 -0.00179372 -0.00189835 -0.00193374 -0.00182181 -0.00188292 -0.00191198 -0.00184811 -0.00184236 -0.00187103 -0.00195608 -0.00180848 
-0.00178324 -0.00182626 -0.00184294 -0.00180933 -0.00182653 -0.00197769 -0.00200153 -0.00196843 -0.00206177 -0.00183249 -0.0021137 -0.002193 -0.00209131 -0.00215959 -0.00202788 -0.00218755 -0.00227695 -0.00197985 -0.00201968 -0.00181042 -0.00166881 -0.00167572 0.00248679 0.00244297 0.00284353 0.00290906 0.139023 0.00282106 0.00248418 0.00262352 0.00248079 0.00225008 -0.00145994 -0.00147891 -0.0015765 -0.00159956 -0.0017437 -0.00189081 -0.00191838 -0.00190921 -0.00179461 -0.00183514 -0.00179322 -0.00185463 -0.00189373 -0.00177505 -0.0018193 -0.00172857 -0.00174916 -0.00183418 -0.00177933 -0.0018026 -0.00179988 -0.00174066 -0.00171473 -0.00169016 -0.00175944 -0.00171307 -0.00178778 -0.00179878 -0.00174777 -0.00173809 -0.00170524 -0.00169409 -0.00175756 -0.00175915 -0.00171819 -0.00179159 -0.00178856 -0.00176359 -0.00172865 -0.00172107 -0.00182501 -0.00173211 -0.00168143 -0.00180114 -0.00162037 -0.00170243 -0.00180065 -0.00173549 -0.00179016 -0.00171871 -0.00174716 -0.00178387 -0.00174203 -0.00185154 -0.00179534 -0.00171154 -0.00165001 -0.00171391 -0.00180258 -0.00175213 -0.00175122 -0.00174628 -0.00181589 -0.00181372 -0.00183466 -0.00177295 -0.00175682 -0.00162648 
-0.00169979 -0.00183676 -0.00174603 -0.00170445 -0.00180239 -0.0020318 -0.00188058 -0.00191497 -0.00198403 -0.00195693 -0.00207433 -0.00202067 -0.00200654 -0.00220957 -0.00206875 -0.00205041 -0.00216698 -0.00201973 -0.00219676 -0.00209757 -0.00169638 -0.00186909 -0.00149705 0.0024518 0.00245896 0.00261441 0.00282106 0.137007 0.00272911 0.00263506 0.00263979 0.00243886 0.00221783 -0.00133119 -0.00156304 -0.00151664 -0.00162786 -0.00172805 -0.00182562 -0.00181733 -0.00180136 -0.00168681 -0.00191272 -0.00185631 -0.00181604 -0.00182994 -0.00170755 -0.00181044 -0.00170448 -0.00182819 -0.00175754 -0.00172829 -0.00166735 -0.00166695 -0.00174002 -0.00171753 -0.00178994 -0.00167561 -0.00165424 -0.00161566 -0.00177363 -0.00178792 -0.00172626 -0.00171145 -0.0017307 -0.00161713 -0.00168729 -0.00170428 -0.00172308 -0.00177166 -0.00172857 -0.00177849 -0.00179175 -0.00177521 -0.00177467 -0.00163703 -0.00171254 -0.00174212 -0.0017736 -0.00177089 -0.00172968 -0.00180035 -0.00171237 -0.00170405 -0.00164765 -0.00175851 -0.00176245 -0.00162042 -0.00167689 -0.00170959 -0.00162658 -0.00169744 -0.00174028 -0.00173575 -0.00169019 -0.00173277 -0.00176447 -0.0018356 -0.00173912 -0.00170347 
-0.00181883 -0.00166046 -0.00176945 -0.0018796 -0.00179751 -0.00188279 -0.00180772 -0.00192505 -0.00191105 -0.00190327 -0.00203193 -0.00202026 -0.00201959 -0.00204886 -0.00204177 -0.00204289 -0.00215035 -0.00215073 -0.00219218 -0.00207973 -0.00182577 -0.00179161 -0.00176354 -0.0015233 0.002394 0.00240082 0.00248418 0.00272911 0.135339 0.00269447 0.00268299 0.00240413 0.00241912 0.00208008 -0.00136487 -0.00129303 -0.0014307 -0.00163671 -0.00166972 -0.0017863 -0.00175004 -0.00172875 -0.00178658 -0.00181333 -0.00177941 -0.00174691 -0.00170842 -0.00177802 -0.00174499 -0.00181647 -0.00161957 -0.00170095 -0.00178166 -0.00177911 -0.00174712 -0.00172006 -0.00169085 -0.00170555 -0.00178179 -0.00177898 -0.0016836 -0.00170358 -0.00165412 -0.0017232 -0.00165065 -0.00180032 -0.00173499 -0.00174245 -0.00175027 -0.00171813 -0.00166619 -0.00175418 -0.0016756 -0.00168058 -0.00159819 -0.00165883 -0.00161266 -0.00168088 -0.00169251 -0.00168653 -0.00168008 -0.00166445 -0.00172847 -0.00168688 -0.00166431 -0.00167213 -0.00165122 -0.00155654 -0.00157328 -0.00165468 -0.00166641 -0.00169452 -0.00162444 -0.00174169 -0.001683 -0.00167386 -0.00175957 -0.0017782 -0.00176553 -0.00166252 
-0.00171811 -0.00165087 -0.00176882 -0.00177089 -0.00181356 -0.00185893 -0.00178813 -0.00182963 -0.00189453 -0.00186945 -0.00204405 -0.00206265 -0.001899 -0.00198649 -0.00195376 -0.00204501 -0.00218277 -0.00205791 -0.0020245 -0.00206026 -0.00192087 -0.00183357 -0.00168908 -0.00148178 0.00234138 0.00241348 0.00262352 0.00263506 0.00269447 0.13389 0.00259189 0.00247352 0.00239569 0.00220992 -0.00140486 -0.00130528 -0.00152718 -0.00164808 -0.00162576 -0.00172383 -0.00178785 -0.00176198 -0.00187115 -0.00176064 -0.00179526 -0.00178904 -0.00169922 -0.00178591 -0.00176725 -0.001817 -0.00174529 -0.00169561 -0.00164702 -0.00169658 -0.00175509 -0.00168062 -0.00164 -0.00172593 -0.00169928 -0.0017034 -0.00168617 -0.00172128 -0.00163215 -0.00168894 -0.00172449 -0.00163031 -0.00169441 -0.001672 -0.00171844 -0.00163948 -0.00174184 -0.00163778 -0.00167211 -0.0016635 -0.00157508 -0.00152981 -0.00162208 -0.00166332 -0.00168312 -0.00165947 -0.00172668 -0.00172403 -0.00168112 -0.00172498 -0.00173965 -0.00161443 -0.00170898 -0.0016183 -0.00163972 -0.00164018 -0.00175273 -0.00170935 -0.00163053 -0.00170994 -0.00167865 -0.00176257 -0.00170788 -0.00169166 -0.00166019 -0.00162738 
-0.0017089 -0.00172815 -0.00165147 -0.00168771 -0.00176664 -0.00194814 -0.00187108 -0.0018861 -0.00187811 -0.00189924 -0.0020312 -0.00204513 -0.00197573 -0.00214275 -0.00204614 -0.00209431 -0.0022089 -0.00210123 -0.0021496 -0.00228436 -0.00207953 -0.00213126 -0.0019087 -0.00168884 -0.00164753 0.00226205 0.00248079 0.00263979 0.00268299 0.00259189 0.134502 0.0027127 0.00247638 0.00244345 0.00215132 0.00218149 -0.00138765 -0.00139955 -0.00144618 -0.00158232 -0.00170159 -0.00174963 -0.00187985 -0.00196945 -0.00183081 -0.00178121 -0.00172823 -0.0016741 -0.00170378 -0.00182948 -0.00174948 -0.00172069 -0.00177709 -0.00169171 -0.00165899 -0.0017068 -0.00172166 -0.00171609 -0.00176442 -0.00177356 -0.00177206 -0.00181414 -0.00168601 -0.00169142 -0.00174367 -0.00175478 -0.00175375 -0.00180924 -0.00180181 -0.0017069 -0.00177595 -0.00173686 -0.00175499 -0.0017646 -0.00174195 -0.00165755 -0.00157735 -0.00173138 -0.00160008 -0.00168063 -0.0016735 -0.00174309 -0.00178433 -0.00169851 -0.00173 -0.00178073 -0.00176293 -0.00170964 -0.00169758 -0.00180161 -0.00178069 -0.00169642 -0.00180728 -0.00169526 -0.001793 -0.0018105 -0.00174789 -0.0018532 -0.001794 -0.00170429 
-0.00171982 -0.00170697 -0.00171159 -0.00175247 -0.0017659 -0.00191928 -0.00183603 -0.00183034 -0.00190732 -0.00187772 -0.00199442 -0.00206699 -0.00186603 -0.0021285 -0.00204499 -0.00215766 -0.00217356 -0.00208075 -0.00211922 -0.00227262 -0.0021392 -0.00208038 -0.00201109 -0.00173679 -0.00166208 -0.00153136 0.00225008 0.00243886 0.00240413 0.00247352 0.0027127 0.133071 0.00254684 0.00245641 0.00226304 0.00221253 0.00211277 -0.00132289 -0.00140684 -0.00159473 -0.00164425 -0.00163076 -0.00177123 -0.00181856 -0.00179057 -0.00185717 -0.00174226 -0.00182026 -0.0017394 -0.00165383 -0.00176225 -0.00176794 -0.00177942 -0.00170488 -0.00165139 -0.00171869 -0.00171142 -0.00184131 -0.00171981 -0.0017344 -0.00176855 -0.00164635 -0.00163399 -0.00164732 -0.00176694 -0.00173618 -0.00176005 -0.00168472 -0.00177057 -0.00173263 -0.00182809 -0.0016763 -0.00165394 -0.00168993 -0.00162602 -0.00160721 -0.00166227 -0.00172864 -0.00163922 -0.00172717 -0.00177175 -0.00172415 -0.0017023 -0.00174044 -0.00171917 -0.00176679 -0.00176677 -0.00152584 -0.00152731 -0.00169977 -0.00164863 -0.00165107 -0.00158801 -0.00162721 -0.00167828 -0.00175419 -0.00171873 -0.00173317 -0.00167374 -0.0016614 
-0.00177414 -0.001711 -0.00170313 -0.00177602 -0.00177693 -0.0018275 -0.00183633 -0.00183982 -0.0019929 -0.0018967 -0.00196803 -0.00194393 -0.00197308 -0.00202653 -0.00196258 -0.00205926 -0.0021643 -0.00211965 -0.00212049 -0.00226505 -0.00210777 -0.00200693 -0.00207164 -0.00183367 -0.00180667 -0.00159599 -0.00145994 0.00221783 0.00241912 0.00239569 0.00247638 0.00254684 0.131505 0.00258271 0.00230989 0.00228086 0.0022081 0.00208339 -0.00124217 -0.00131136 -0.00148666 -0.00154113 -0.00170138 -0.00181523 -0.00181069 -0.00178449 -0.00181121 -0.001667 -0.00166035 -0.00173075 -0.00174885 -0.00167515 -0.00168306 -0.00169222 -0.00160306 -0.00166112 -0.00165631 -0.00169422 -0.00164012 -0.00169993 -0.00167642 -0.00167351 -0.00163116 -0.0015791 -0.00160929 -0.00166654 -0.00163459 -0.00175024 -0.00163698 -0.00166078 -0.00171165 -0.00175809 -0.0017288 -0.0016598 -0.00163913 -0.00161118 -0.00158565 -0.00164795 -0.00167938 -0.00175826 -0.00169078 -0.00175747 -0.0017262 -0.00168929 -0.00173517 -0.00166174 -0.00164786 -0.00160632 -0.00160243 -0.00172107 -0.00161428 -0.00175565 -0.00177963 -0.00173991 -0.00169534 -0.00168343 -0.00163015 -0.00172564 -0.00165626 -0.00167268 
