0.123128 0.00214731 0.00225071 0.00208429 0.00201232 0.00201959 -0.00121965 -0.0012425 -0.00139899 -0.00143974 -0.00163727 -0.00174643 -0.00167595 -0.00178257 -0.00176237 -0.00181362 -0.00192331 -0.00187435 -0.00178002 -0.00197973 -0.00200791 -0.00177536 -0.00189743 -0.00179707 -0.00190296 -0.00199098 -0.00177523 -0.00166231 -0.00172139 -0.00167579 -0.00178924 -0.0017789 -0.00173314 -0.0016269 -0.00158625 -0.00152083 -0.00161985 -0.00171128 -0.00159046 -0.00161861 -0.00155367 -0.0015365 -0.00165606 -0.00161128 -0.00153342 -0.00163701 -0.00152111 -0.00148965 -0.00149713 -0.0015327 -0.00157758 -0.00154216 -0.00158275 -0.00147083 -0.00153276 -0.00152961 -0.001546 -0.00140874 -0.00155245 -0.00148219 -0.00152969 -0.00149987 -0.00147058 -0.00148621 -0.00148356 -0.00160925 -0.0016071 -0.00153346 -0.00144064 -0.00144746 -0.00154113 -0.00146302 -0.0015249 -0.00137997 -0.00138475 -0.00154835 -0.00149247 -0.00154751 -0.00152154 -0.00155545 -0.00148975 -0.00152228 -0.00147231 -0.00150245 -0.00152719 -0.00144805 -0.00148794 -0.0014169 -0.00149623 -0.00143196 -0.00148815 -0.00143879 -0.0012891 -0.00120971 -0.00125254 -0.00121634 0.00188315 0.00195044 0.00198731 0.00214594 
0.00214731 0.123574 0.00232072 0.00216759 0.00216392 0.00216542 0.00201798 -0.00115629 -0.0012368 -0.00145376 -0.00152063 -0.00167774 -0.00163514 -0.00181698 -0.00173635 -0.00184095 -0.00201417 -0.00199132 -0.00182282 -0.00207179 -0.00185451 -0.0019203 -0.00189077 -0.00172399 -0.0019742 -0.00192821 -0.00173727 -0.0018204 -0.00177584 -0.00179175 -0.00180193 -0.00178993 -0.00175874 -0.00175739 -0.0015238 -0.00155103 -0.00173328 -0.00167999 -0.00160672 -0.00162811 -0.00152324 -0.00155353 -0.00161153 -0.00158042 -0.00160917 -0.00164091 -0.00157048 -0.00156984 -0.00161944 -0.00147686 -0.00154331 -0.00144102 -0.00144945 -0.00153052 -0.00150186 -0.00158532 -0.00154195 -0.00151489 -0.00149319 -0.00145759 -0.0014539 -0.00152212 -0.00142021 -0.00148556 -0.0015176 -0.00141002 -0.00152745 -0.00157091 -0.00142793 -0.0015242 -0.00148489 -0.00149758 -0.00153827 -0.00146092 -0.00138735 -0.00147298 -0.00154926 -0.00140427 -0.00154214 -0.00159138 -0.00158906 -0.00155591 -0.00152881 -0.00154445 -0.00151185 -0.0015895 -0.00145578 -0.00139829 -0.00143557 -0.00145607 -0.00149049 -0.00159942 -0.00151774 -0.00134232 -0.00123959 -0.00127108 -0.00114554 0.00192576 0.00193576 0.00207985 
0.00225071 0.00232072 0.12406 0.00235478 0.00229028 0.00224424 0.00211234 0.00211502 -0.00122643 -0.00126094 -0.00138707 -0.00157294 -0.00165472 -0.00182743 -0.00189565 -0.00178698 -0.00194126 -0.00200785 -0.00199796 -0.00206771 -0.00193864 -0.00197322 -0.00191517 -0.00180624 -0.00203293 -0.00185392 -0.00185486 -0.00179296 -0.00167534 -0.00175039 -0.00188088 -0.00176565 -0.00163954 -0.00170631 -0.00158648 -0.00156649 -0.00163274 -0.00168207 -0.001656 -0.00167614 -0.00157628 -0.00160206 -0.00165147 -0.00161579 -0.00169473 -0.00153892 -0.00158763 -0.00153481 -0.00156867 -0.00151973 -0.0015295 -0.00150882 -0.00153651 -0.00163585 -0.00154072 -0.00155887 -0.00140634 -0.00154431 -0.0015733 -0.00153409 -0.0016228 -0.00152691 -0.00147999 -0.001496 -0.00151072 -0.00147439 -0.0014893 -0.00156156 -0.00154264 -0.0015014 -0.00153459 -0.0015375 -0.00158413 -0.00148102 -0.00146438 -0.00147001 -0.00154744 -0.00147823 -0.00148803 -0.00156141 -0.00155605 -0.0015141 -0.00153153 -0.00153716 -0.00160473 -0.00163242 -0.00143944 -0.00140855 -0.00143547 -0.001493 -0.00150634 -0.001491 -0.00147658 -0.00140415 -0.00135327 -0.00136909 -0.00121991 -0.00123354 0.0019571 0.00212478 
0.00208429 0.00216759 0.00235478 0.124638 0.00232125 0.00233373 0.00221747 0.00208155 0.0021318 -0.00119147 -0.00130633 -0.0013704 -0.00153691 -0.00174597 -0.00181802 -0.00182369 -0.00195842 -0.0020033 -0.00198669 -0.00209081 -0.001932 -0.00192832 -0.00190502 -0.00183181 -0.00199206 -0.00194184 -0.00176334 -0.00181246 -0.00181161 -0.00180024 -0.00179458 -0.00183305 -0.00161764 -0.00169734 -0.00160854 -0.00156972 -0.00163702 -0.00162846 -0.00167169 -0.00167004 -0.00166049 -0.00158632 -0.00156607 -0.00164888 -0.00169825 -0.0015954 -0.00150295 -0.00153118 -0.00160255 -0.00165682 -0.00154099 -0.00155894 -0.00162623 -0.00162626 -0.00157906 -0.00147921 -0.00163288 -0.0015501 -0.00154061 -0.00151029 -0.00155613 -0.00147991 -0.00148001 -0.00150733 -0.00152136 -0.0014778 -0.00157158 -0.00152085 -0.00155783 -0.00147685 -0.00150863 -0.00150437 -0.00142051 -0.00152042 -0.00146193 -0.00142166 -0.00147982 -0.00152201 -0.0015433 -0.00151418 -0.0016085 -0.0016041 -0.00153185 -0.00158549 -0.00155255 -0.00156567 -0.00155558 -0.00149601 -0.00142006 -0.00154997 -0.00149604 -0.00155268 -0.00149078 -0.00158315 -0.001422 -0.0014725 -0.00135058 -0.00123913 -0.00114782 0.00191236 
0.00201232 0.00216392 0.00229028 0.00232125 0.125211 0.00244421 0.00241776 0.00232337 0.00213139 0.00202033 -0.0012372 -0.00133838 -0.00146459 -0.00161958 -0.00175887 -0.00187013 -0.0019384 -0.00192915 -0.00192972 -0.00199547 -0.00195136 -0.00189982 -0.00191077 -0.00176721 -0.00200517 -0.00197522 -0.00181157 -0.00185067 -0.00185861 -0.00181314 -0.00176602 -0.00175737 -0.00177495 -0.00181986 -0.00169344 -0.00168706 -0.00168498 -0.00169452 -0.00157115 -0.00161205 -0.00164842 -0.00157421 -0.00161336 -0.00155814 -0.00164019 -0.00165631 -0.00150478 -0.00157469 -0.00158696 -0.00161583 -0.00162525 -0.00162908 -0.00157277 -0.00159472 -0.00159153 -0.00163164 -0.00161702 -0.00157071 -0.00156557 -0.00155129 -0.00145724 -0.00160508 -0.00142653 -0.00139344 -0.00158711 -0.00154384 -0.00155183 -0.00154472 -0.00151442 -0.00157502 -0.00161649 -0.00153032 -0.00154896 -0.00152713 -0.00146838 -0.00150652 -0.00147388 -0.00154517 -0.00159786 -0.00157049 -0.00163452 -0.00156123 -0.00158091 -0.00154448 -0.00159144 -0.00161225 -0.0015426 -0.00152505 -0.0014625 -0.0014998 -0.00146025 -0.00148417 -0.00152364 -0.00151589 -0.00158178 -0.00148254 -0.00142783 -0.00135269 -0.00129955 -0.00115988 
0.00201959 0.00216542 0.00224424 0.00233373 0.00244421 0.128192 0.00255967 0.0023858 0.00218426 0.00220861 0.00215046 -0.00142961 -0.00130587 -0.00174735 -0.00190444 -0.00187965 -0.00208694 -0.00198724 -0.00192892 -0.00211854 -0.00207752 -0.00199612 -0.00193408 -0.00189662 -0.00206839 -0.00208276 -0.00193721 -0.00190258 -0.00190224 -0.00185342 -0.00192365 -0.00186668 -0.00185959 -0.00180073 -0.00174979 -0.00173741 -0.0017001 -0.00176774 -0.00181356 -0.00178026 -0.00163654 -0.00161801 -0.00169746 -0.0017662 -0.00174573 -0.00178517 -0.00159805 -0.00158621 -0.00170441 -0.00170657 -0.00163767 -0.0015823 -0.0016436 -0.00159076 -0.00154749 -0.0015701 -0.00163416 -0.00161381 -0.00161226 -0.00168297 -0.00167788 -0.00171214 -0.00157605 -0.00156334 -0.0016252 -0.00163456 -0.00164055 -0.00162809 -0.00155832 -0.00169116 -0.00158853 -0.00162312 -0.00159007 -0.00160084 -0.00162497 -0.00159109 -0.00160796 -0.00162259 -0.00173567 -0.00164693 -0.0017197 -0.00157967 -0.00167542 -0.00162226 -0.00165322 -0.0016415 -0.00161144 -0.00150157 -0.00151594 -0.00164764 -0.001566 -0.00160504 -0.00146806 -0.00162273 -0.00160179 -0.001663 -0.00150933 -0.0015341 -0.0013735 -0.00123875 
-0.00121965 0.00201798 0.00211234 0.00221747 0.00241776 0.00255967 0.129146 0.00251123 0.00236314 0.00227919 0.00234565 0.00226423 -0.00132592 -0.00152067 -0.00174354 -0.00171535 -0.00192983 -0.00192394 -0.00198313 -0.00213365 -0.00212795 -0.0019282 -0.00204482 -0.00185507 -0.00209153 -0.00205183 -0.00199323 -0.00194463 -0.00186953 -0.00187627 -0.00194275 -0.00195686 -0.00187907 -0.00187684 -0.00178891 -0.00169364 -0.00181311 -0.00186113 -0.00182271 -0.00179668 -0.00172707 -0.00162912 -0.00180099 -0.00175818 -0.0018061 -0.00173767 -0.00161608 -0.00169858 -0.001686 -0.00178714 -0.00163297 -0.00167197 -0.00164032 -0.00170336 -0.00166799 -0.00166329 -0.0017221 -0.00167638 -0.00166568 -0.00171366 -0.00165919 -0.00166295 -0.00155402 -0.00156048 -0.0016242 -0.00166977 -0.00159802 -0.00163617 -0.0016718 -0.00157266 -0.00162308 -0.00167129 -0.00164175 -0.0016245 -0.00153245 -0.00155831 -0.00157855 -0.00162728 -0.0016519 -0.00165701 -0.00168829 -0.00165343 -0.00166065 -0.00161184 -0.00166155 -0.00164828 -0.00171121 -0.00160033 -0.00153352 -0.00157848 -0.0016641 -0.00164654 -0.00167935 -0.00164949 -0.00165102 -0.00154914 -0.00165272 -0.00142178 -0.00152289 -0.00135916 
-0.0012425 -0.00115629 0.00211502 0.00208155 0.00232337 0.0023858 0.00251123 0.130266 0.00255265 0.00253491 0.00238364 0.0023241 0.00227035 -0.00139517 -0.00161082 -0.00169637 -0.00191981 -0.00198197 -0.00197477 -0.00221595 -0.0020233 -0.0021064 -0.00207992 -0.00189877 -0.0021674 -0.00209579 -0.00203619 -0.00184609 -0.0019789 -0.00187798 -0.00190735 -0.00192598 -0.00185097 -0.00191965 -0.00177677 -0.0017748 -0.00182429 -0.00187127 -0.00180013 -0.00182765 -0.0018275 -0.00177064 -0.00176199 -0.00177348 -0.00182792 -0.00179527 -0.00170181 -0.00166561 -0.00174888 -0.00163793 -0.00168943 -0.00171395 -0.00160455 -0.00162361 -0.00169765 -0.00165004 -0.00171386 -0.0018263 -0.00169233 -0.00160669 -0.00153574 -0.00179142 -0.00151331 -0.00156853 -0.00157502 -0.00164064 -0.00168057 -0.00158443 -0.00170007 -0.00171619 -0.00168125 -0.00169533 -0.00157531 -0.00165854 -0.00160021 -0.00159482 -0.0016262 -0.00168072 -0.00171371 -0.00167777 -0.00156217 -0.00168823 -0.00167741 -0.00164408 -0.00167002 -0.00160861 -0.00167645 -0.00166377 -0.00163438 -0.00170968 -0.00164402 -0.00170107 -0.0016867 -0.00167987 -0.00166396 -0.00167931 -0.0016734 -0.00158451 -0.00155276 -0.00142582 
-0.00139899 -0.0012368 -0.00122643 0.0021318 0.00213139 0.00218426 0.00236314 0.00255265 0.131663 0.0025992 0.00238587 0.00239594 0.00235296 0.00230339 -0.00151522 -0.00159108 -0.00177095 -0.00196891 -0.0018689 -0.00213544 -0.00221857 -0.00214031 -0.00200636 -0.00206748 -0.0021649 -0.00199975 -0.00200048 -0.00194215 -0.0019307 -0.00186588 -0.00202806 -0.00197455 -0.00196766 -0.00195574 -0.00180541 -0.00174821 -0.0018791 -0.0018433 -0.00190819 -0.00174572 -0.00170616 -0.00174434 -0.00187757 -0.00176337 -0.00184274 -0.00188946 -0.00179324 -0.00171168 -0.001808 -0.00172882 -0.00169601 -0.00174734 -0.00169142 -0.00163607 -0.00169967 -0.00166341 -0.00169009 -0.00164228 -0.00167986 -0.00154996 -0.00171183 -0.00174404 -0.00161609 -0.0015721 -0.00168575 -0.00166297 -0.00167126 -0.00165014 -0.00163764 -0.00167532 -0.00164995 -0.00173896 -0.00170288 -0.00162531 -0.00154448 -0.00161499 -0.00159603 -0.00169695 -0.00169312 -0.00176785 -0.00172363 -0.00162081 -0.00163461 -0.00167201 -0.00161408 -0.0017593 -0.00174778 -0.00161848 -0.00156021 -0.00172081 -0.00166557 -0.00164983 -0.0016814 -0.0016555 -0.00171103 -0.00169948 -0.00166666 -0.00165577 -0.00169507 -0.00158669 
-0.00143974 -0.00145376 -0.00126094 -0.00119147 0.00202033 0.00220861 0.00227919 0.00253491 0.0025992 0.130264 0.002523 0.00250705 0.00244963 0.00225887 -0.00137587 -0.00143547 -0.00164304 -0.00184419 -0.00190311 -0.00217794 -0.00198933 -0.00207385 -0.00196845 -0.00184312 -0.00216089 -0.00206508 -0.00198443 -0.00189001 -0.00181439 -0.00185357 -0.00195071 -0.00187463 -0.0018141 -0.00181312 -0.00172421 -0.00172418 -0.00174203 -0.00176538 -0.00173308 -0.0017573 -0.00167346 -0.00168998 -0.0017307 -0.00174198 -0.00169856 -0.00172729 -0.0016659 -0.00169751 -0.00166462 -0.00163726 -0.00164208 -0.00165325 -0.00158473 -0.00168062 -0.00163318 -0.00165412 -0.00160088 -0.00159438 -0.00159701 -0.00171589 -0.00164411 -0.00167514 -0.00154811 -0.00147514 -0.0015431 -0.00160157 -0.00155991 -0.00172816 -0.00159692 -0.00156867 -0.00163943 -0.00171503 -0.00157588 -0.00169288 -0.00154059 -0.00158831 -0.00156724 -0.00165747 -0.00163835 -0.0017472 -0.0016501 -0.00175193 -0.00174157 -0.00163998 -0.0017436 -0.00167337 -0.00154689 -0.00150748 -0.0016293 -0.00162613 -0.00158682 -0.00165554 -0.00164045 -0.00167716 -0.0016101 -0.00160038 -0.00155786 -0.00165147 -0.0016461 -0.00165469 
-0.00163727 -0.00152063 -0.00138707 -0.00130633 -0.0012372 0.00215046 0.00234565 0.00238364 0.00238587 0.002523 0.134831 0.00265025 0.00263149 0.00238454 0.00231409 0.00241773 -0.00153606 -0.00174519 -0.001745 -0.00203782 -0.00221977 -0.00214415 -0.00217547 -0.00215444 -0.00231505 -0.00221274 -0.00206781 -0.0020036 -0.00193077 -0.00203756 -0.00200439 -0.00192203 -0.00190327 -0.00196961 -0.00184504 -0.00185437 -0.00178871 -0.00191551 -0.00186596 -0.00186504 -0.00173758 -0.00182288 -0.00181808 -0.00192684 -0.00186475 -0.00182569 -0.00176081 -0.00178697 -0.00180455 -0.00177321 -0.00175167 -0.00177815 -0.00179527 -0.0017991 -0.00171553 -0.00164084 -0.00177951 -0.00182713 -0.00181731 -0.00173861 -0.00169435 -0.00180892 -0.00161271 -0.00162488 -0.00170629 -0.00181141 -0.00172286 -0.00173922 -0.00167208 -0.00175163 -0.00175005 -0.0017561 -0.00162167 -0.00183653 -0.00171223 -0.00163674 -0.00164072 -0.00174201 -0.00177307 -0.00179321 -0.00169983 -0.00180071 -0.00176228 -0.00166561 -0.00175126 -0.00171822 -0.00163549 -0.00162646 -0.00168733 -0.00173416 -0.00165563 -0.00172944 -0.00175044 -0.00181617 -0.00179203 -0.00179207 -0.00169809 -0.00181276 -0.00166389 -0.00170689 
-0.00174643 -0.00167774 -0.00157294 -0.0013704 -0.00133838 -0.00142961 0.00226423 0.0023241 0.00239594 0.00250705 0.00265025 0.136493 0.00275278 0.00268987 0.00249985 0.00253632 0.00241566 -0.00163181 -0.00162451 -0.00193452 -0.0019824 -0.00202984 -0.00220615 -0.00211617 -0.00231413 -0.00228283 -0.00220252 -0.00218383 -0.00210881 -0.00202819 -0.00206554 -0.00205086 -0.00214778 -0.00194926 -0.00185309 -0.00184649 -0.00190213 -0.00192183 -0.00181457 -0.00185558 -0.00172373 -0.00183988 -0.00182459 -0.0018273 -0.00176967 -0.00195141 -0.00179079 -0.00177635 -0.00177565 -0.00171219 -0.00177052 -0.00182492 -0.00175752 -0.00178256 -0.00177616 -0.00174869 -0.00183606 -0.0018365 -0.00180076 -0.0018861 -0.0017855 -0.00173644 -0.00172744 -0.00169157 -0.00175149 -0.00181954 -0.00175402 -0.00172789 -0.00181695 -0.00172807 -0.00179915 -0.00171253 -0.00173224 -0.00180418 -0.00175164 -0.0017139 -0.00166354 -0.00173491 -0.00172529 -0.00175232 -0.00170209 -0.00180877 -0.0017526 -0.00176158 -0.00176349 -0.00179252 -0.00174502 -0.00168204 -0.00179305 -0.00180552 -0.00172256 -0.00185939 -0.00178649 -0.00180988 -0.00179369 -0.00175318 -0.00178336 -0.00182455 -0.00181421 -0.00164684 
-0.00167595 -0.00163514 -0.00165472 -0.00153691 -0.00146459 -0.00130587 -0.00132592 0.00227035 0.00235296 0.00244963 0.00263149 0.00275278 0.135414 0.0027659 0.00252872 0.00254345 0.00235246 -0.00159767 -0.00165187 -0.00177419 -0.00201463 -0.00198765 -0.00200636 -0.00207618 -0.00221705 -0.00215749 -0.00211068 -0.00206843 -0.00194326 -0.00202461 -0.00201685 -0.00206383 -0.0020049 -0.00193408 -0.00184696 -0.00175802 -0.00183625 -0.00198255 -0.00179512 -0.00177101 -0.00176021 -0.0018127 -0.00182239 -0.00183759 -0.00188144 -0.00175172 -0.0016575 -0.00158563 -0.00177472 -0.00177915 -0.0017068 -0.00172628 -0.00164612 -0.00171851 -0.00170017 -0.00173987 -0.00167064 -0.00170616 -0.0017816 -0.00156788 -0.0017392 -0.00173565 -0.00162097 -0.00163181 -0.00170348 -0.00165281 -0.00164859 -0.00174134 -0.00173031 -0.00172882 -0.00172039 -0.00179328 -0.00173918 -0.00166313 -0.00163416 -0.00165397 -0.00161915 -0.00174704 -0.00174212 -0.00174741 -0.00168288 -0.0017581 -0.00171108 -0.00170865 -0.00176603 -0.00165193 -0.00173747 -0.0016336 -0.00166601 -0.00170664 -0.0017745 -0.00174779 -0.00170516 -0.00171812 -0.00177779 -0.00166919 -0.00173651 -0.00173518 -0.00162081 -0.00169544 
-0.00178257 -0.00181698 -0.00182743 -0.00174597 -0.00161958 -0.00174735 -0.00152067 -0.00139517 0.00230339 0.00225887 0.00238454 0.00268987 0.0027659 0.14063 0.00272857 0.00285895 0.00268427 0.00245252 0.00248748 -0.00173647 -0.00193033 -0.00186119 -0.00200897 -0.00216141 -0.00226762 -0.00231243 -0.00225328 -0.00218506 -0.00199785 -0.00200446 -0.00212328 -0.00211461 -0.00205445 -0.00207266 -0.00192019 -0.00187493 -0.00197788 -0.00205444 -0.00190995 -0.00194623 -0.00192896 -0.00184686 -0.00198211 -0.00195657 -0.00190685 -0.00191331 -0.00184705 -0.00187878 -0.00184922 -0.00191551 -0.0018482 -0.00187722 -0.00180697 -0.00183171 -0.00181873 -0.00183145 -0.00186682 -0.00183119 -0.0018911 -0.00177184 -0.00184419 -0.0019075 -0.00176585 -0.00173112 -0.0017453 -0.00183183 -0.0017698 -0.00185667 -0.0018639 -0.00190011 -0.00178408 -0.00179016 -0.00175132 -0.00178418 -0.00184071 -0.00161045 -0.00172341 -0.00184061 -0.00181782 -0.00184116 -0.0017955 -0.00188037 -0.00179285 -0.00185047 -0.00185609 -0.00183499 -0.00181487 -0.00177796 -0.00172392 -0.00184596 -0.00183047 -0.00191295 -0.00186843 -0.00179246 -0.00187297 -0.00180996 -0.00192091 -0.00185771 -0.00191992 -0.00166174 
-0.00176237 -0.00173635 -0.00189565 -0.00181802 -0.00175887 -0.00190444 -0.00174354 -0.00161082 -0.00151522 -0.00137587 0.00231409 0.00249985 0.00252872 0.00272857 0.139791 0.00300352 0.00294158 0.00272228 0.00274813 0.00271093 -0.00169433 -0.00164172 -0.00189351 -0.00191553 -0.00212893 -0.00213027 -0.00225463 -0.00202578 -0.00199143 -0.00202124 -0.00200993 -0.00193297 -0.00207117 -0.0019711 -0.00190983 -0.00187558 -0.00192945 -0.00193234 -0.00186152 -0.00199793 -0.00182277 -0.00186087 -0.00183199 -0.00192009 -0.00194643 -0.0018399 -0.00178343 -0.00182928 -0.00177959 -0.00183953 -0.00170697 -0.00183835 -0.00175516 -0.00180489 -0.00182638 -0.00178132 -0.00177883 -0.00181082 -0.00184071 -0.00182873 -0.00171319 -0.00172343 -0.00163887 -0.00173088 -0.00169936 -0.00182497 -0.00184837 -0.00184927 -0.00183192 -0.00179282 -0.00187652 -0.00180566 -0.00178 -0.00177295 -0.00165589 -0.00170384 -0.00171079 -0.00180961 -0.00183526 -0.00182628 -0.00188972 -0.00177919 -0.00184586 -0.00174671 -0.00183359 -0.00179974 -0.00178208 -0.00166273 -0.00163249 -0.00178669 -0.00180261 -0.0019278 -0.00180398 -0.00184934 -0.00181684 -0.00173414 -0.00181328 -0.00180585 -0.00179608 -0.0017132 
-0.00181362 -0.00184095 -0.00178698 -0.00182369 -0.00187013 -0.00187965 -0.00171535 -0.00169637 -0.00159108 -0.00143547 0.00241773 0.00253632 0.00254345 0.00285895 0.00300352 0.141336 0.00306081 0.0026599 0.00271899 0.002642 -0.00164656 -0.00170576 -0.00180189 -0.00207232 -0.00215615 -0.00219002 -0.00217465 -0.00211415 -0.00202025 -0.00204597 -0.00219167 -0.00211829 -0.00205023 -0.00197701 -0.00193316 -0.0019266 -0.00193843 -0.00187527 -0.00199935 -0.00198136 -0.00190155 -0.00185306 -0.00204401 -0.00194777 -0.00195963 -0.00190132 -0.00182866 -0.0017962 -0.00186103 -0.00189918 -0.00180726 -0.00165233 -0.00175213 -0.00188655 -0.00178521 -0.00181335 -0.00186087 -0.00187244 -0.00188519 -0.00191904 -0.00174815 -0.00177642 -0.00169299 -0.00169089 -0.00179847 -0.00181422 -0.00174282 -0.00186175 -0.00173997 -0.00180547 -0.00171376 -0.00178868 -0.00181394 -0.00171202 -0.00171386 -0.00172036 -0.00173814 -0.00182102 -0.00180535 -0.00184683 -0.00179604 -0.00174439 -0.00177883 -0.00180247 -0.0017444 -0.00176212 -0.00191171 -0.0017797 -0.00172915 -0.00178553 -0.00175156 -0.00173682 -0.00183061 -0.0018436 -0.00181533 -0.00173614 -0.00179304 -0.00181107 -0.00189134 -0.00178979 
-0.00192331 -0.00201417 -0.00194126 -0.00195842 -0.0019384 -0.00208694 -0.00192983 -0.00191981 -0.00177095 -0.00164304 -0.00153606 0.00241566 0.00235246 0.00268427 0.00294158 0.00306081 0.14631 0.0029963 0.00309659 0.00293806 0.00259704 0.00266335 -0.00157404 -0.00184582 -0.0019329 -0.00191319 -0.00238217 -0.00225416 -0.00215093 -0.00216824 -0.00228717 -0.00219892 -0.00222413 -0.00214866 -0.00200016 -0.00206549 -0.00212761 -0.00199402 -0.00210727 -0.0020179 -0.00200182 -0.00196251 -0.0021222 -0.00206679 -0.00198186 -0.00204484 -0.00188506 -0.00198626 -0.00198587 -0.00198841 -0.00195385 -0.00183887 -0.0019764 -0.0019368 -0.00193177 -0.00191577 -0.00199888 -0.00190107 -0.00192554 -0.00185423 -0.00197702 -0.00187611 -0.00189691 -0.00181485 -0.00194422 -0.00198165 -0.00191012 -0.00202615 -0.001981 -0.00188912 -0.00204032 -0.00196947 -0.00187972 -0.0018139 -0.00181292 -0.00180649 -0.00180029 -0.00203513 -0.00193543 -0.00194708 -0.00195789 -0.0019195 -0.00185413 -0.00189342 -0.00187536 -0.0018967 -0.00189657 -0.00182662 -0.00185959 -0.00191377 -0.00192609 -0.00197279 -0.00195569 -0.00197024 -0.00193745 -0.0020638 -0.00194474 -0.00200575 -0.00193562 -0.00179896 
-0.00187435 -0.00199132 -0.00200785 -0.0020033 -0.00192915 -0.00198724 -0.00192394 -0.00198197 -0.00196891 -0.00184419 -0.00174519 -0.00163181 -0.00159767 0.00245252 0.00272228 0.0026599 0.0029963 0.144576 0.00325696 0.00304283 0.00283091 0.0027959 0.00266667 -0.00156569 -0.00160435 -0.00182978 -0.00199594 -0.00201225 -0.00209691 -0.00205083 -0.00211788 -0.00204491 -0.00207962 -0.00204486 -0.00185632 -0.00197903 -0.00194443 -0.0019843 -0.00207356 -0.00201626 -0.0019801 -0.00190154 -0.00202894 -0.00196328 -0.0019567 -0.00196225 -0.00189161 -0.00190713 -0.0018329 -0.00188064 -0.00188614 -0.00192538 -0.00195152 -0.00187863 -0.00183179 -0.00184479 -0.00187586 -0.00190736 -0.00189998 -0.00191079 -0.00189965 -0.00186929 -0.00181614 -0.00182346 -0.00187564 -0.0018783 -0.00180292 -0.00187751 -0.00193466 -0.00195867 -0.00182325 -0.00184899 -0.00188491 -0.00180034 -0.00173259 -0.00175913 -0.00170627 -0.0018451 -0.00189621 -0.00186472 -0.00192709 -0.00188736 -0.00188079 -0.00183849 -0.00187111 -0.00192056 -0.00183798 -0.00183006 -0.00177743 -0.00179894 -0.00180806 -0.00194949 -0.00185201 -0.0018981 -0.0018392 -0.00185392 -0.00193651 -0.00183613 -0.00183523 -0.00172344 
-0.00178002 -0.00182282 -0.00199796 -0.00198669 -0.00192972 -0.00192892 -0.00198313 -0.00197477 -0.0018689 -0.00190311 -0.001745 -0.00162451 -0.00165187 0.00248748 0.00274813 0.00271899 0.00309659 0.00325696 0.145564 0.00309219 0.00281639 0.00290582 0.0027454 -0.00159238 -0.00176012 -0.00190249 -0.0019752 -0.00215982 -0.00228404 -0.00208668 -0.00214989 -0.00212882 -0.00212786 -0.00209618 -0.00197155 -0.00188444 -0.00198064 -0.0019661 -0.00210232 -0.00202382 -0.00189293 -0.00198444 -0.00194768 -0.0020175 -0.00201615 -0.00183759 -0.00194082 -0.00179635 -0.00190157 -0.00193058 -0.00193702 -0.00191596 -0.00194829 -0.00185542 -0.00185473 -0.00183897 -0.00192316 -0.00190721 -0.00192224 -0.00183032 -0.0018474 -0.00178575 -0.00182762 -0.00184519 -0.00187403 -0.00193889 -0.00190735 -0.00183675 -0.00192445 -0.00187128 -0.00186474 -0.00187658 -0.00189421 -0.00180314 -0.00177055 -0.00180555 -0.00181752 -0.00192324 -0.00185983 -0.00193982 -0.00187758 -0.00184694 -0.00186914 -0.00193808 -0.00192911 -0.00194382 -0.0018894 -0.00182999 -0.00183964 -0.00191379 -0.00178977 -0.00187712 -0.00197861 -0.00183992 -0.00191869 -0.0018922 -0.00195012 -0.00184077 -0.0019194 -0.00174487 
-0.00197973 -0.00207179 -0.00206771 -0.00209081 -0.00199547 -0.00211854 -0.00213365 -0.00221595 -0.00213544 -0.00217794 -0.00203782 -0.00193452 -0.00177419 -0.00173647 0.00271093 0.002642 0.00293806 0.00304283 0.00309219 0.149551 0.00327808 0.00303917 0.00294473 0.00256558 0.00268598 -0.00178235 -0.00183879 -0.00201904 -0.00206778 -0.00205121 -0.00227637 -0.00225836 -0.0022248 -0.00219609 -0.00209856 -0.00222584 -0.00210879 -0.00217326 -0.00218107 -0.002205 -0.00198825 -0.00192299 -0.00210843 -0.00217193 -0.0020985 -0.00204991 -0.0020241 -0.00199731 -0.00195655 -0.00194225 -0.0019908 -0.00194052 -0.00201905 -0.00201525 -0.0019296 -0.00192736 -0.00204694 -0.00201316 -0.00201603 -0.00196123 -0.00200125 -0.00198477 -0.0018214 -0.00186703 -0.00201127 -0.00208288 -0.00191396 -0.0020432 -0.00206321 -0.00199332 -0.00197322 -0.00195951 -0.00196 -0.00195145 -0.00192933 -0.00180879 -0.00184661 -0.00195177 -0.00198075 -0.00196119 -0.00199841 -0.00192873 -0.0019112 -0.00201467 -0.00199 -0.00195481 -0.00199918 -0.0018764 -0.00190399 -0.00195643 -0.00187947 -0.00192654 -0.00193477 -0.0020678 -0.00197274 -0.00196426 -0.00201092 -0.00193752 -0.00193905 -0.00192147 
-0.00200791 -0.00185451 -0.00193864 -0.001932 -0.00195136 -0.00207752 -0.00212795 -0.0020233 -0.00221857 -0.00198933 -0.00221977 -0.0019824 -0.00201463 -0.00193033 -0.00169433 -0.00164656 0.00259704 0.00283091 0.00281639 0.00327808 0.146562 0.00327044 0.00314063 0.00279799 0.00285797 0.00271433 -0.00163907 -0.00177639 -0.00196746 -0.00180012 -0.00215379 -0.00217627 -0.0021168 -0.00206635 -0.00192759 -0.00194292 -0.0019443 -0.00197688 -0.0020616 -0.00199176 -0.00193438 -0.00184483 -0.00208652 -0.00205832 -0.00195338 -0.00195407 -0.00193539 -0.00195025 -0.00201629 -0.00194802 -0.0019413 -0.00189782 -0.00192974 -0.00189498 -0.0018402 -0.00190935 -0.0019293 -0.00192418 -0.00198685 -0.00198585 -0.00186253 -0.00188884 -0.00178974 -0.00182899 -0.00184636 -0.00188149 -0.00195439 -0.00176462 -0.00200901 -0.00187192 -0.00189302 -0.00192112 -0.00193756 -0.00188012 -0.00174524 -0.00179768 -0.00176054 -0.00187274 -0.00191297 -0.00186786 -0.00193449 -0.00187242 -0.00188896 -0.0019726 -0.00186258 -0.00193439 -0.0018468 -0.00184378 -0.0017972 -0.00183161 -0.00192095 -0.00186156 -0.00181997 -0.00184319 -0.00188201 -0.00191277 -0.00202269 -0.00181123 -0.00179502 -0.00185381 
-0.00177536 -0.0019203 -0.00197322 -0.00192832 -0.00189982 -0.00199612 -0.0019282 -0.0021064 -0.00214031 -0.00207385 -0.00214415 -0.00202984 -0.00198765 -0.00186119 -0.00164172 -0.00170576 0.00266335 0.0027959 0.00290582 0.00303917 0.00327044 0.146151 0.00303665 0.00278661 0.00275956 0.00257852 -0.00164029 -0.00179346 -0.00177402 -0.00179835 -0.00189457 -0.00207758 -0.00206565 -0.00206076 -0.00204846 -0.00197323 -0.00209105 -0.00203003 -0.00202423 -0.00204971 -0.00197274 -0.00181116 -0.00204352 -0.00200322 -0.0019169 -0.00191913 -0.00188354 -0.00195894 -0.0020265 -0.00185723 -0.00196386 -0.0018928 -0.00191879 -0.00180071 -0.00191217 -0.00185136 -0.00191732 -0.00192498 -0.00187076 -0.00189251 -0.00188532 -0.00185042 -0.00183209 -0.00185226 -0.0019245 -0.00182067 -0.0019256 -0.00188119 -0.00196319 -0.0018658 -0.00194801 -0.00190543 -0.00190843 -0.00191893 -0.00184027 -0.00174689 -0.00181356 -0.00197068 -0.00186089 -0.00198809 -0.00188171 -0.0019352 -0.00191397 -0.00184856 -0.0018681 -0.00188144 -0.00190186 -0.00175804 -0.00183969 -0.00189924 -0.00187758 -0.00189061 -0.00200805 -0.00184178 -0.00187023 -0.00189355 -0.00192051 -0.00179629 -0.0018562 -0.00183026 
-0.00189743 -0.00189077 -0.00191517 -0.00190502 -0.00191077 -0.00193408 -0.00204482 -0.00207992 -0.00200636 -0.00196845 -0.00217547 -0.00220615 -0.00200636 -0.00200897 -0.00189351 -0.00180189 -0.00157404 0.00266667 0.0027454 0.00294473 0.00314063 0.00303665 0.145191 0.00292031 0.00288291 0.00274276 0.00235444 -0.00161755 -0.00167427 -0.00170127 -0.00182807 -0.00198251 -0.00207502 -0.00208332 -0.00197578 -0.00202938 -0.00198202 -0.00201655 -0.00207709 -0.00205624 -0.00197199 -0.00196733 -0.00190648 -0.00209086 -0.00201859 -0.00193038 -0.00193714 -0.00180128 -0.00186502 -0.00175294 -0.00187513 -0.00187398 -0.00187447 -0.00190754 -0.00190811 -0.00185511 -0.00182588 -0.00183085 -0.00193634 -0.00184575 -0.00188094 -0.0018469 -0.00183093 -0.00181296 -0.00190981 -0.00192512 -0.00185501 -0.00188143 -0.00195676 -0.00183933 -0.00187583 -0.00189425 -0.00196049 -0.00190924 -0.00171327 -0.00181821 -0.00174257 -0.00180725 -0.00186972 -0.00182593 -0.00182492 -0.00179023 -0.00190487 -0.00185704 -0.00193589 -0.00184133 -0.00188066 -0.00183044 -0.00181915 -0.00187809 -0.00178843 -0.00181692 -0.00183442 -0.00191432 -0.00188301 -0.0019425 -0.00200252 -0.00184848 -0.00179927 -0.00178341 
-0.00179707 -0.00172399 -0.00180624 -0.00183181 -0.00176721 -0.00189662 -0.00185507 -0.00189877 -0.00206748 -0.00184312 -0.00215444 -0.00211617 -0.00207618 -0.00216141 -0.00191553 -0.00207232 -0.00184582 -0.00156569 -0.00159238 0.00256558 0.00279799 0.00278661 0.00292031 0.141253 0.00297775 0.00286903 0.0026347 0.00230115 -0.00150516 -0.0014726 -0.001555 -0.0018245 -0.00182161 -0.00195517 -0.00183919 -0.00197296 -0.00189786 -0.00189557 -0.0019748 -0.0018591 -0.00178392 -0.00181526 -0.00188311 -0.00193789 -0.00179545 -0.00186764 -0.00182243 -0.00185415 -0.0017647 -0.00174085 -0.00176871 -0.00187805 -0.00174756 -0.00177761 -0.00180245 -0.00177507 -0.00174717 -0.00172822 -0.00172783 -0.0017044 -0.00185064 -0.00172807 -0.00163842 -0.00175559 -0.00174386 -0.00172466 -0.0016998 -0.00178567 -0.00182973 -0.00179172 -0.00174024 -0.00180546 -0.00182101 -0.00178509 -0.00171352 -0.0016601 -0.00174682 -0.00175773 -0.00168347 -0.00170959 -0.00176759 -0.00183554 -0.00183439 -0.00173443 -0.00179741 -0.00168324 -0.00167628 -0.00166474 -0.00163215 -0.00175828 -0.00179194 -0.00170508 -0.001635 -0.00175592 -0.00177633 -0.00180877 -0.00170563 -0.0016655 -0.00175016 -0.00167349 
-0.00190296 -0.0019742 -0.00203293 -0.00199206 -0.00200517 -0.00206839 -0.00209153 -0.0021674 -0.0021649 -0.00216089 -0.00231505 -0.00231413 -0.00221705 -0.00226762 -0.00212893 -0.00215615 -0.0019329 -0.00160435 -0.00176012 0.00268598 0.00285797 0.00275956 0.00288291 0.00297775 0.146245 0.00316316 0.00279569 0.00263822 0.00243773 0.00247529 -0.00156426 -0.001691 -0.00174728 -0.00190535 -0.00190875 -0.00195316 -0.00214415 -0.00205858 -0.00205101 -0.00204367 -0.00192782 -0.00190879 -0.00210876 -0.00198877 -0.00200632 -0.00204855 -0.0018413 -0.00193061 -0.00195843 -0.00193903 -0.00197006 -0.00205199 -0.00191677 -0.00187036 -0.00199593 -0.00183512 -0.00200103 -0.00192263 -0.00194132 -0.00196626 -0.00190264 -0.0019971 -0.00180574 -0.00179746 -0.00186157 -0.00190783 -0.00190509 -0.00191009 -0.00199279 -0.00188232 -0.00194756 -0.00204192 -0.00191647 -0.00200238 -0.0018681 -0.00185217 -0.0018501 -0.00198631 -0.00186415 -0.00199997 -0.00189799 -0.00188531 -0.00193621 -0.00193212 -0.00195575 -0.0018854 -0.00196143 -0.00177406 -0.00185163 -0.00190068 -0.00196699 -0.00192429 -0.00187891 -0.00189776 -0.00187916 -0.00190073 -0.00189969 -0.00190256 -0.00202882 -0.00191442 
-0.00199098 -0.00192821 -0.00185392 -0.00194184 -0.00197522 -0.00208276 -0.00205183 -0.00209579 -0.00199975 -0.00206508 -0.00221274 -0.00228283 -0.00215749 -0.00231243 -0.00213027 -0.00219002 -0.00191319 -0.00182978 -0.00190249 -0.00178235 0.00271433 0.00257852 0.00274276 0.00286903 0.00316316 0.144021 0.00295938 0.00270702 0.00256333 0.00247699 0.00225335 -0.0016277 -0.00166341 -0.00171874 -0.00186274 -0.00176386 -0.002015 -0.00216244 -0.00193521 -0.00205691 -0.00196212 -0.0018645 -0.00203021 -0.00196615 -0.00203658 -0.00199949 -0.00199103 -0.0019968 -0.00189256 -0.00179849 -0.00186288 -0.00188945 -0.00181905 -0.00193317 -0.00193001 -0.00189206 -0.00191358 -0.00186171 -0.00187693 -0.00197625 -0.00194766 -0.00186086 -0.00176219 -0.00182865 -0.00196099 -0.00179584 -0.00190711 -0.00185841 -0.00196859 -0.00186511 -0.00189977 -0.00187847 -0.00187475 -0.00182456 -0.00180261 -0.00172939 -0.00182832 -0.00198234 -0.0018599 -0.00178906 -0.00190723 -0.00200247 -0.00185152 -0.00183642 -0.00184082 -0.00189702 -0.00183931 -0.00176243 -0.00183586 -0.00199394 -0.0018884 -0.00197395 -0.00194089 -0.00190555 -0.00191775 -0.00194451 -0.00188628 -0.0018806 -0.00190341 -0.00181822 
-0.00177523 -0.00173727 -0.00185486 -0.00176334 -0.00181157 -0.00193721 -0.00199323 -0.00203619 -0.00200048 -0.00198443 -0.00206781 -0.00220252 -0.00211068 -0.00225328 -0.00225463 -0.00217465 -0.00238217 -0.00199594 -0.0019752 -0.00183879 -0.00163907 -0.00164029 0.00235444 0.0026347 0.00279569 0.00295938 0.139008 0.00286167 0.00261432 0.00255234 0.00240821 0.00223054 -0.00146926 -0.00148694 -0.0016606 -0.00154932 -0.00187633 -0.00184748 -0.00178705 -0.00184893 -0.00179971 -0.0017656 -0.001801 -0.00186509 -0.00182831 -0.00182256 -0.00179461 -0.0017731 -0.00177737 -0.00180906 -0.00174864 -0.00172112 -0.00177818 -0.0018228 -0.00185179 -0.00178803 -0.00181996 -0.00183415 -0.00172061 -0.00175119 -0.00173148 -0.0017657 -0.00177585 -0.00166473 -0.00174383 -0.00177853 -0.00178358 -0.00175907 -0.00167151 -0.00170359 -0.00178949 -0.00174299 -0.00173799 -0.00181701 -0.00171753 -0.00172813 -0.00167547 -0.00181421 -0.00180769 -0.00167869 -0.00173277 -0.00178612 -0.00176057 -0.00174428 -0.00180714 -0.00176287 -0.00171691 -0.00165677 -0.00164953 -0.00177507 -0.00170506 -0.00164338 -0.00185378 -0.00175428 -0.00176168 -0.00176827 -0.00172306 -0.00176269 -0.00168816 -0.00165226 
-0.00166231 -0.0018204 -0.00179296 -0.00181246 -0.00185067 -0.00190258 -0.00194463 -0.00184609 -0.00194215 -0.00189001 -0.0020036 -0.00218383 -0.00206843 -0.00218506 -0.00202578 -0.00211415 -0.00225416 -0.00201225 -0.00215982 -0.00201904 -0.00177639 -0.00179346 -0.00161755 0.00230115 0.00263822 0.00270702 0.00286167 0.137286 0.00267277 0.00257705 0.00271663 0.0023939 0.00234341 -0.00140889 -0.00137763 -0.00152804 -0.00167184 -0.00168842 -0.00186027 -0.00183029 -0.00172512 -0.00173166 -0.0018621 -0.00183799 -0.00183638 -0.00190313 -0.00180552 -0.00177787 -0.0017976 -0.00175408 -0.00178151 -0.00171119 -0.00172855 -0.00173347 -0.0018112 -0.00171281 -0.00174699 -0.00174244 -0.00169285 -0.0017501 -0.00168618 -0.00180536 -0.0016458 -0.00154701 -0.00179582 -0.00167906 -0.00171837 -0.00171309 -0.00170637 -0.00169437 -0.00176818 -0.00170858 -0.00175776 -0.00178334 -0.00163831 -0.00168519 -0.00165515 -0.0016975 -0.00172366 -0.0017325 -0.00173103 -0.0017565 -0.00174739 -0.00167092 -0.0017864 -0.00174402 -0.00179515 -0.00160937 -0.00165902 -0.001716 -0.00178491 -0.00184117 -0.00179511 -0.00180543 -0.0017423 -0.00179941 -0.00176996 -0.00174318 -0.00175941 -0.00161419 
-0.00172139 -0.00177584 -0.00167534 -0.00181161 -0.00185861 -0.00190224 -0.00186953 -0.0019789 -0.0019307 -0.00181439 -0.00193077 -0.00210881 -0.00194326 -0.00199785 -0.00199143 -0.00202025 -0.00215093 -0.00209691 -0.00228404 -0.00206778 -0.00196746 -0.00177402 -0.00167427 -0.00150516 0.00243773 0.00256333 0.00261432 0.00267277 0.135171 0.00272073 0.00262097 0.00252403 0.00230818 0.0021498 -0.00135121 -0.00138959 -0.00153616 -0.00153811 -0.00173291 -0.00175443 -0.00165738 -0.00165145 -0.00184778 -0.00183671 -0.00183415 -0.00182837 -0.00178151 -0.00183504 -0.00168421 -0.00172485 -0.0017233 -0.00175877 -0.00172722 -0.00173097 -0.00174258 -0.00170826 -0.00179132 -0.00172684 -0.00169766 -0.00171363 -0.00165778 -0.0015896 -0.0016063 -0.00162213 -0.00171479 -0.00175193 -0.00165222 -0.00175243 -0.00168575 -0.00161205 -0.00161901 -0.00173946 -0.00167042 -0.00168665 -0.0016663 -0.0016603 -0.0016013 -0.00163309 -0.0017458 -0.00176019 -0.00177607 -0.00174162 -0.00167383 -0.00175716 -0.00171057 -0.00171453 -0.00170883 -0.00162925 -0.00168167 -0.00171425 -0.00169617 -0.00169037 -0.0018075 -0.00171263 -0.00171002 -0.00176352 -0.00169383 -0.00165556 -0.00170601 -0.00165651 
-0.00167579 -0.00179175 -0.00175039 -0.00180024 -0.00181314 -0.00185342 -0.00187627 -0.00187798 -0.00186588 -0.00185357 -0.00203756 -0.00202819 -0.00202461 -0.00200446 -0.00202124 -0.00204597 -0.00216824 -0.00205083 -0.00208668 -0.00205121 -0.00180012 -0.00179835 -0.00170127 -0.0014726 0.00247529 0.00247699 0.00255234 0.00257705 0.00272073 0.13409 0.00260869 0.00245585 0.00235487 0.00217461 -0.00142683 -0.00134213 -0.00153022 -0.00152674 -0.00163868 -0.00177713 -0.00169377 -0.0017178 -0.00177277 -0.00179047 -0.00181068 -0.00174885 -0.00176154 -0.00173944 -0.00169559 -0.00169842 -0.00166545 -0.00172075 -0.0015914 -0.00165766 -0.00168939 -0.00165391 -0.00165908 -0.00168802 -0.00166602 -0.00176107 -0.00165231 -0.00176686 -0.00167048 -0.00161556 -0.001819 -0.00170775 -0.00176697 -0.00168879 -0.00162399 -0.00172831 -0.00169433 -0.00161564 -0.00171771 -0.00168748 -0.00163083 -0.00159686 -0.00158806 -0.00166361 -0.00178089 -0.00167597 -0.00174184 -0.00170787 -0.0017537 -0.00175808 -0.00169482 -0.00173092 -0.00177268 -0.00159369 -0.00155377 -0.00164526 -0.00171372 -0.0017127 -0.00173349 -0.00165924 -0.00173912 -0.00172938 -0.00167031 -0.00173913 -0.00168451 -0.00158693 
-0.00178924 -0.00180193 -0.00188088 -0.00179458 -0.00176602 -0.00192365 -0.00194275 -0.00190735 -0.00202806 -0.00195071 -0.00200439 -0.00206554 -0.00201685 -0.00212328 -0.00200993 -0.00219167 -0.00228717 -0.00211788 -0.00214989 -0.00227637 -0.00215379 -0.00189457 -0.00182807 -0.001555 -0.00156426 0.00225335 0.00240821 0.00271663 0.00262097 0.00260869 0.134474 0.00271667 0.00260308 0.00249198 0.00208078 0.00208711 -0.00141388 -0.00144186 -0.00160142 -0.00158301 -0.00173512 -0.00177568 -0.00173337 -0.00183343 -0.00180362 -0.0018042 -0.00176284 -0.00170689 -0.00173532 -0.00175473 -0.00174561 -0.00168667 -0.00163597 -0.00173845 -0.00177834 -0.00173637 -0.001684 -0.00186214 -0.00160225 -0.00169949 -0.0018398 -0.00175183 -0.00178142 -0.00160086 -0.00177423 -0.00176318 -0.00173872 -0.00170754 -0.00175931 -0.00174331 -0.00177577 -0.00174992 -0.00175857 -0.00171799 -0.00166219 -0.00168242 -0.00164977 -0.00173923 -0.0017789 -0.00170998 -0.00177281 -0.00182947 -0.001802 -0.00170675 -0.0018208 -0.00180344 -0.00171676 -0.00167607 -0.00157446 -0.00174221 -0.00167337 -0.0016401 -0.00167331 -0.00179004 -0.00171166 -0.00171364 -0.00180677 -0.00171913 -0.00170686 -0.00161848 
-0.0017789 -0.00178993 -0.00176565 -0.00183305 -0.00175737 -0.00186668 -0.00195686 -0.00192598 -0.00197455 -0.00187463 -0.00192203 -0.00205086 -0.00206383 -0.00211461 -0.00193297 -0.00211829 -0.00219892 -0.00204491 -0.00212882 -0.00225836 -0.00217627 -0.00207758 -0.00198251 -0.0018245 -0.001691 -0.0016277 0.00223054 0.0023939 0.00252403 0.00245585 0.00271667 0.13295 0.00263632 0.00251495 0.00215928 0.00223015 0.00199849 -0.00124922 -0.00144655 -0.00148016 -0.0016522 -0.00161247 -0.00178191 -0.00183431 -0.00180378 -0.00179458 -0.00175106 -0.00169994 -0.00173541 -0.00170522 -0.00162035 -0.00165464 -0.00171078 -0.00166883 -0.00168837 -0.00171913 -0.00166841 -0.00171291 -0.0016372 -0.00170632 -0.00171706 -0.0016763 -0.00170386 -0.00160618 -0.00168845 -0.00171202 -0.00171889 -0.00175572 -0.0016726 -0.00171362 -0.00179177 -0.00176044 -0.00172103 -0.00163015 -0.00162605 -0.00164306 -0.00151998 -0.00160712 -0.0017546 -0.00171396 -0.0016626 -0.00174129 -0.00174163 -0.00170256 -0.00176592 -0.00163989 -0.00172612 -0.00163504 -0.0015844 -0.00169549 -0.00171358 -0.00168343 -0.00171523 -0.00167955 -0.00169758 -0.00181784 -0.00173616 -0.00169313 -0.00171704 -0.00165835 
-0.00173314 -0.00175874 -0.00163954 -0.00161764 -0.00177495 -0.00185959 -0.00187907 -0.00185097 -0.00196766 -0.0018141 -0.00190327 -0.00214778 -0.0020049 -0.00205445 -0.00207117 -0.00205023 -0.00222413 -0.00207962 -0.00212786 -0.0022248 -0.0021168 -0.00206565 -0.00207502 -0.00182161 -0.00174728 -0.00166341 -0.00146926 0.00234341 0.00230818 0.00235487 0.00260308 0.00263632 0.131559 0.00262354 0.0022316 0.00223848 0.0021367 0.00204859 -0.00134593 -0.00135411 -0.00150041 -0.00153647 -0.00177647 -0.0017285 -0.00181814 -0.00179125 -0.00168262 -0.00153028 -0.00175783 -0.00168716 -0.00168163 -0.00160248 -0.0017216 -0.00167684 -0.00166534 -0.00172059 -0.00162089 -0.00170131 -0.00166176 -0.00167886 -0.00163789 -0.00171265 -0.00161023 -0.00166319 -0.0016614 -0.00179339 -0.00171254 -0.00165083 -0.00166922 -0.00168731 -0.00163576 -0.0017102 -0.00166058 -0.0017444 -0.00154716 -0.00157044 -0.00151265 -0.0016206 -0.00164957 -0.00165541 -0.00171488 -0.00171189 -0.00168209 -0.00167848 -0.00170641 -0.0017194 -0.00172568 -0.00164542 -0.00161279 -0.00175323 -0.00169998 -0.00163483 -0.00174118 -0.00161646 -0.00167632 -0.00165935 -0.00182215 -0.00176538 -0.00174359 -0.00168542 
