0.123063 0.00222769 0.00210156 0.00206102 0.0020667 0.0020129 -0.00126344 -0.00135069 -0.00137905 -0.00136668 -0.00157576 -0.00176504 -0.0017007 -0.00177278 -0.00178434 -0.00176693 -0.00189366 -0.00183383 -0.00187013 -0.00190823 -0.00185782 -0.00189716 -0.00182313 -0.00175788 -0.0019135 -0.00193664 -0.00180601 -0.00180804 -0.00170963 -0.00173503 -0.00167988 -0.00170672 -0.00175715 -0.00173723 -0.00161127 -0.00151261 -0.00169322 -0.00159116 -0.00169183 -0.00158957 -0.00154673 -0.00148381 -0.00155584 -0.00162415 -0.0016106 -0.00156197 -0.00152855 -0.00150857 -0.00151688 -0.00160022 -0.00152642 -0.00155059 -0.00144058 -0.00161341 -0.00141021 -0.00149769 -0.00149578 -0.00155852 -0.00152832 -0.00142249 -0.00155545 -0.0014809 -0.00151462 -0.00143799 -0.00148112 -0.00149276 -0.00145247 -0.00153924 -0.00150413 -0.00143161 -0.00155736 -0.00151392 -0.00156177 -0.00153169 -0.00144222 -0.00137078 -0.00144749 -0.00156314 -0.00144866 -0.00151233 -0.00149996 -0.00156538 -0.0014158 -0.00154981 -0.00147849 -0.00156266 -0.00149986 -0.00148269 -0.00142447 -0.00152741 -0.00153317 -0.0013842 -0.00130534 -0.00132497 -0.00131783 -0.00114884 0.00191471 0.00190784 0.0020854 0.00204808 
0.00222769 0.123455 0.00222028 0.00219909 0.00220062 0.00213637 0.00204619 -0.00124792 -0.00122214 -0.00132692 -0.00147542 -0.00172413 -0.00163484 -0.00182923 -0.00182618 -0.00185581 -0.00206058 -0.00186619 -0.00195687 -0.00204337 -0.00186211 -0.00193535 -0.00185273 -0.00177821 -0.00188853 -0.00190101 -0.00181736 -0.00180491 -0.00171654 -0.0017244 -0.00174083 -0.00167732 -0.00173692 -0.00166587 -0.00161068 -0.00157701 -0.00167374 -0.00166502 -0.00161883 -0.00162771 -0.00151369 -0.00155654 -0.00163129 -0.00155066 -0.00158863 -0.00153876 -0.00159218 -0.00149257 -0.00154057 -0.00152649 -0.00158717 -0.00149621 -0.00147373 -0.00149249 -0.0015319 -0.00156914 -0.00147168 -0.00150691 -0.00148763 -0.00155476 -0.00151571 -0.00147329 -0.00140845 -0.00138604 -0.00167615 -0.00155746 -0.00153486 -0.00152266 -0.00150992 -0.00157117 -0.00151184 -0.00145432 -0.00159188 -0.00155861 -0.00146677 -0.00152574 -0.00150599 -0.00152784 -0.00151607 -0.00162253 -0.00158008 -0.00146626 -0.00153186 -0.00146391 -0.00151427 -0.0014314 -0.00153598 -0.00140187 -0.00144387 -0.00148512 -0.0014752 -0.00146657 -0.00142164 -0.00137807 -0.00131313 -0.00118989 -0.00114868 0.00188248 0.00194739 0.00201742 
0.00210156 0.00222028 0.123749 0.00231085 0.00213982 0.00216686 0.00212894 0.00194563 -0.00120462 -0.00124494 -0.00145362 -0.00152184 -0.00166627 -0.00180098 -0.00173587 -0.00177068 -0.00201695 -0.00187459 -0.00190359 -0.00195166 -0.00190187 -0.001856 -0.00190677 -0.00183952 -0.00192953 -0.00186314 -0.00189511 -0.00181453 -0.00182742 -0.00171746 -0.00176797 -0.00178194 -0.00176639 -0.00169576 -0.00163755 -0.00164015 -0.00166458 -0.00162353 -0.00164038 -0.00168798 -0.0016189 -0.00150705 -0.00167086 -0.00165569 -0.00154469 -0.00163306 -0.00156525 -0.00150799 -0.0015319 -0.00147163 -0.0014921 -0.00152136 -0.00145324 -0.00154888 -0.00149186 -0.00156924 -0.00161361 -0.00158507 -0.00153601 -0.00163339 -0.00147197 -0.00154235 -0.00143247 -0.00142563 -0.00156831 -0.00147777 -0.00157039 -0.00153091 -0.0015313 -0.00151362 -0.00155816 -0.00146506 -0.00149855 -0.00157532 -0.00143483 -0.00136968 -0.00144841 -0.00152777 -0.00150412 -0.00161107 -0.00145654 -0.00156851 -0.00148838 -0.00159204 -0.00143791 -0.0014488 -0.00143728 -0.00140374 -0.00141329 -0.00154382 -0.0014971 -0.00142087 -0.0015797 -0.00140258 -0.00141278 -0.00134709 -0.00126023 -0.00117535 0.001944 0.00199149 
0.00206102 0.00219909 0.00231085 0.124435 0.00220379 0.00248948 0.0022597 0.00216374 0.00206128 -0.00107979 -0.00133072 -0.00151576 -0.001596 -0.00176073 -0.00183234 -0.00186783 -0.00196835 -0.00194186 -0.00203508 -0.00204872 -0.00191505 -0.00193688 -0.0019086 -0.00184357 -0.00198986 -0.00196538 -0.00187601 -0.0017394 -0.00170895 -0.00182809 -0.00179076 -0.00166417 -0.00173569 -0.00173257 -0.00166819 -0.00169651 -0.00166919 -0.00161915 -0.00160511 -0.001661 -0.0015312 -0.00160729 -0.00166686 -0.00158973 -0.00164347 -0.00171402 -0.00147574 -0.00156127 -0.00142999 -0.00154208 -0.00154858 -0.00161828 -0.00152943 -0.00157481 -0.00157179 -0.00154088 -0.00150349 -0.0015335 -0.0015551 -0.00149546 -0.00151079 -0.001511 -0.0014427 -0.00145394 -0.00148318 -0.00152195 -0.00150339 -0.0015302 -0.00155684 -0.00146244 -0.0015155 -0.00151617 -0.00147117 -0.0015699 -0.00153686 -0.00154035 -0.00146261 -0.00158219 -0.00152024 -0.00153604 -0.00151652 -0.00156339 -0.00150417 -0.0015257 -0.00148572 -0.00155601 -0.00153207 -0.00149306 -0.00149616 -0.00157889 -0.00149576 -0.00151412 -0.00163368 -0.00144892 -0.0014892 -0.00148531 -0.00136238 -0.00136191 -0.00108705 0.00193821 
0.0020667 0.00220062 0.00213982 0.00220379 0.125292 0.00243095 0.00227208 0.00225687 0.00213824 0.00209079 -0.00119488 -0.00134954 -0.00140074 -0.00158608 -0.00186247 -0.00176305 -0.00193555 -0.00194089 -0.00193678 -0.00211658 -0.00193388 -0.00203383 -0.00197568 -0.00187347 -0.00200653 -0.00194587 -0.00182421 -0.00176465 -0.00176709 -0.00179683 -0.00173555 -0.00178033 -0.00179748 -0.00177908 -0.00169887 -0.00157431 -0.00172285 -0.00169303 -0.00165418 -0.0017826 -0.00155806 -0.00165247 -0.00166328 -0.00167663 -0.00173388 -0.00166205 -0.00161005 -0.00152875 -0.00152162 -0.00156966 -0.00152822 -0.0015344 -0.00150389 -0.00149547 -0.00158585 -0.00156351 -0.00155969 -0.00151969 -0.00157131 -0.00154586 -0.00155846 -0.0015781 -0.00155689 -0.00142782 -0.00151861 -0.00156422 -0.00145976 -0.00158391 -0.00156279 -0.00153947 -0.00148407 -0.00149928 -0.00151327 -0.00149913 -0.00137784 -0.00143657 -0.00153675 -0.00153038 -0.00156004 -0.00161684 -0.00154077 -0.00154785 -0.00152211 -0.00151952 -0.00160605 -0.00154785 -0.00155894 -0.00142045 -0.00148212 -0.00159444 -0.00152931 -0.00152545 -0.00156658 -0.00151378 -0.00156623 -0.00155555 -0.00141931 -0.00136007 -0.00133085 -0.00116906 
0.0020129 0.00213637 0.00216686 0.00248948 0.00243095 0.128167 0.00253105 0.00233915 0.00235975 0.00227084 0.00208344 -0.00144873 -0.00138029 -0.00164104 -0.00183472 -0.00181463 -0.00209264 -0.00202379 -0.00206347 -0.00220654 -0.00194592 -0.00205159 -0.00202692 -0.00192082 -0.00212877 -0.00198893 -0.00190802 -0.00191645 -0.00185351 -0.00185875 -0.0019341 -0.00179091 -0.00183389 -0.00179996 -0.00167869 -0.00178849 -0.00178503 -0.00170933 -0.00172919 -0.0017327 -0.00167949 -0.00167353 -0.00175883 -0.00170668 -0.00173989 -0.00176246 -0.001719 -0.00167494 -0.00169581 -0.00156271 -0.00162532 -0.00162959 -0.00162625 -0.00155841 -0.00166647 -0.00167955 -0.00166075 -0.00171084 -0.00157938 -0.00167538 -0.00159335 -0.00157889 -0.00158674 -0.0015777 -0.00161865 -0.00163928 -0.00167817 -0.0015877 -0.00156671 -0.00171528 -0.00167015 -0.00163916 -0.00163817 -0.00164331 -0.00160851 -0.00148759 -0.00154051 -0.00167132 -0.00164654 -0.00164336 -0.00164829 -0.0016314 -0.00168216 -0.00165969 -0.00163535 -0.00162681 -0.00172326 -0.0015703 -0.0015145 -0.00162904 -0.00164586 -0.00155773 -0.00160813 -0.0015756 -0.00152396 -0.00164135 -0.00157379 -0.00144602 -0.00130637 -0.00118385 
-0.00126344 0.00204619 0.00212894 0.0022597 0.00227208 0.00253105 0.129211 0.00247784 0.00246244 0.00234704 0.00222109 0.00220261 -0.00124465 -0.00148989 -0.00177316 -0.00168828 -0.00198115 -0.00201493 -0.0020781 -0.00221964 -0.00205544 -0.00204457 -0.00204848 -0.0018721 -0.00216354 -0.0020714 -0.00187846 -0.00197454 -0.00190476 -0.00184452 -0.00189707 -0.0019141 -0.00191578 -0.00187723 -0.00174886 -0.00178581 -0.00177556 -0.00183242 -0.0017319 -0.00183255 -0.00163901 -0.00169321 -0.00171373 -0.00179912 -0.00176088 -0.00167483 -0.00171476 -0.00178229 -0.00171406 -0.00162921 -0.00167372 -0.00163764 -0.00168815 -0.00160168 -0.00164602 -0.00165673 -0.00167252 -0.00167252 -0.00168471 -0.0016955 -0.00168303 -0.00162169 -0.00163439 -0.00156025 -0.00160985 -0.0016811 -0.00165155 -0.00172979 -0.00168009 -0.00173127 -0.0015937 -0.00171381 -0.00157533 -0.00157335 -0.00159887 -0.00149062 -0.00166067 -0.00162172 -0.00168986 -0.00165242 -0.00160573 -0.00157793 -0.00158552 -0.00159485 -0.00152702 -0.00161748 -0.00156398 -0.00161591 -0.00152548 -0.00163111 -0.00166115 -0.00161974 -0.00164358 -0.00168649 -0.00161446 -0.00165058 -0.00165349 -0.00159183 -0.00144729 -0.00132028 
-0.00135069 -0.00124792 0.00194563 0.00216374 0.00225687 0.00233915 0.00247784 0.130257 0.00264062 0.00241736 0.00238858 0.00229824 0.00217841 -0.00146404 -0.00158295 -0.0016017 -0.00174518 -0.00197567 -0.00210781 -0.00214096 -0.00203699 -0.00208921 -0.00216538 -0.00195625 -0.0020383 -0.00207131 -0.00194365 -0.00198614 -0.00192951 -0.00186369 -0.00195187 -0.00191497 -0.00188407 -0.00184708 -0.00177004 -0.00180863 -0.00179545 -0.00180368 -0.00184694 -0.00182163 -0.00169115 -0.00168954 -0.00167582 -0.00183559 -0.00182699 -0.00182396 -0.00166162 -0.00163705 -0.00167769 -0.0016803 -0.00161068 -0.00171452 -0.00162061 -0.00170846 -0.0016025 -0.00157113 -0.00166808 -0.00166254 -0.00162916 -0.00161308 -0.00166062 -0.00169566 -0.00164902 -0.00155462 -0.00159918 -0.00164376 -0.00168136 -0.0017003 -0.00173678 -0.00169846 -0.00171501 -0.00162837 -0.00171783 -0.00175472 -0.00174392 -0.00154366 -0.0014899 -0.0016928 -0.00164099 -0.0016338 -0.00160182 -0.00168352 -0.00169424 -0.00170263 -0.001651 -0.00171014 -0.00169157 -0.00159163 -0.00168765 -0.0016613 -0.00170683 -0.00175013 -0.0016405 -0.00164721 -0.00155578 -0.00161555 -0.00167905 -0.00165962 -0.00147887 -0.00143133 
-0.00137905 -0.00122214 -0.00120462 0.00206128 0.00213824 0.00235975 0.00246244 0.00264062 0.131578 0.00255651 0.00256039 0.00251218 0.00234172 0.00223414 -0.00155685 -0.00148829 -0.00173636 -0.00200672 -0.0018536 -0.00220835 -0.00214101 -0.00206881 -0.00204668 -0.00202127 -0.00218073 -0.00217564 -0.00198384 -0.00202525 -0.00189687 -0.001994 -0.00200976 -0.00189843 -0.00200786 -0.00194123 -0.00183258 -0.00179999 -0.00186189 -0.00185618 -0.00191346 -0.00188948 -0.00180656 -0.00173846 -0.00183736 -0.00174886 -0.00181477 -0.00174323 -0.00176159 -0.00168699 -0.00162832 -0.001669 -0.00178733 -0.00170886 -0.00167611 -0.00167245 -0.0017156 -0.00175174 -0.00162597 -0.00168358 -0.00166219 -0.00170084 -0.0017155 -0.00161569 -0.00167782 -0.00149506 -0.00168099 -0.0016799 -0.00173315 -0.00171494 -0.00172495 -0.00169632 -0.00162864 -0.00173467 -0.00174529 -0.00167496 -0.00162721 -0.001606 -0.00170334 -0.0016627 -0.00168889 -0.00167177 -0.00158772 -0.00167265 -0.00170199 -0.00174357 -0.00173935 -0.00171006 -0.00174302 -0.00162389 -0.00161809 -0.00168178 -0.00163895 -0.00178653 -0.00165026 -0.00174492 -0.00170982 -0.00163632 -0.00170028 -0.00164087 -0.00158156 -0.00143471 
-0.00136668 -0.00132692 -0.00124494 -0.00107979 0.00209079 0.00227084 0.00234704 0.00241736 0.00255651 0.130268 0.00244369 0.0023792 0.00235704 0.00228621 -0.00140009 -0.0014276 -0.00173397 -0.00185229 -0.00194866 -0.00212333 -0.00204241 -0.00212701 -0.00197771 -0.0018648 -0.00208966 -0.00206861 -0.00198121 -0.00190946 -0.00193648 -0.00188854 -0.00190176 -0.00173159 -0.00181561 -0.00176391 -0.00172685 -0.00175441 -0.00178074 -0.00178463 -0.00180987 -0.00176473 -0.00168528 -0.00165905 -0.00175168 -0.00175747 -0.00166831 -0.00173832 -0.00162037 -0.00167726 -0.00169823 -0.00163813 -0.00169498 -0.0017018 -0.00163412 -0.00159178 -0.00159029 -0.00173162 -0.00166746 -0.00174012 -0.00167923 -0.0016587 -0.00163302 -0.00163744 -0.00161621 -0.00154127 -0.00162661 -0.00163153 -0.00157628 -0.00161939 -0.00169649 -0.0016091 -0.00167614 -0.00162356 -0.0016183 -0.00164664 -0.00151912 -0.00158231 -0.00157839 -0.00166277 -0.00165084 -0.00163565 -0.00158875 -0.00160092 -0.00162901 -0.00165154 -0.00170814 -0.00166508 -0.00162591 -0.00150132 -0.0015802 -0.00163079 -0.00160213 -0.0015907 -0.0017272 -0.00161571 -0.00160193 -0.00148445 -0.00166902 -0.00158868 -0.00163687 -0.00152856 
-0.00157576 -0.00147542 -0.00145362 -0.00133072 -0.00119488 0.00208344 0.00222109 0.00238858 0.00256039 0.00244369 0.134739 0.00269889 0.00264373 0.00260936 0.0023612 0.00227706 -0.0015677 -0.00181452 -0.00172825 -0.00199734 -0.00219318 -0.00203384 -0.00212498 -0.00203647 -0.00220099 -0.00219834 -0.00213711 -0.00217728 -0.0018213 -0.0019706 -0.00202645 -0.00188923 -0.00204104 -0.0019122 -0.0018164 -0.00189998 -0.00184476 -0.00190597 -0.00185582 -0.00184767 -0.00180015 -0.00176613 -0.00185157 -0.00188592 -0.00181971 -0.00180475 -0.00176958 -0.00172935 -0.00172429 -0.00174196 -0.00178364 -0.00180687 -0.00181858 -0.00174552 -0.00170825 -0.0017135 -0.00163043 -0.00176282 -0.0017191 -0.00175213 -0.00176996 -0.00168619 -0.00175712 -0.00161354 -0.00172828 -0.00172209 -0.0017387 -0.00169568 -0.00174422 -0.00171862 -0.0017091 -0.00180355 -0.00171013 -0.00170948 -0.00168972 -0.00164052 -0.00164186 -0.0017877 -0.00174843 -0.00172691 -0.00171349 -0.00176071 -0.00191241 -0.00173963 -0.00177184 -0.0017018 -0.00183765 -0.00166321 -0.00161062 -0.00170359 -0.0018361 -0.00171753 -0.00179765 -0.00189056 -0.00181379 -0.00185661 -0.00175855 -0.00180281 -0.00172605 -0.0016641 
-0.00176504 -0.00172413 -0.00152184 -0.00151576 -0.00134954 -0.00144873 0.00220261 0.00229824 0.00251218 0.0023792 0.00269889 0.136674 0.00280558 0.00265105 0.00243539 0.00255628 0.00238794 -0.00169429 -0.00160792 -0.00203102 -0.00212969 -0.00206577 -0.00228337 -0.00209433 -0.00222265 -0.00228977 -0.00210395 -0.00196991 -0.00205389 -0.00204025 -0.00201016 -0.00206523 -0.00206531 -0.00193939 -0.00189115 -0.00181601 -0.00193543 -0.00188502 -0.00192109 -0.00188619 -0.00187575 -0.00182462 -0.00181591 -0.00187213 -0.00187863 -0.00191105 -0.00177762 -0.00175708 -0.00181447 -0.00175327 -0.00179524 -0.00183447 -0.00178788 -0.0018326 -0.00171572 -0.00174423 -0.00176554 -0.00172059 -0.00166224 -0.00170435 -0.00173481 -0.00178406 -0.00176535 -0.00169555 -0.00178275 -0.0018134 -0.00180338 -0.00174408 -0.00181423 -0.00177709 -0.00175969 -0.00177343 -0.00173046 -0.00178999 -0.0016083 -0.00170491 -0.00166774 -0.00181578 -0.00175965 -0.0017591 -0.00173573 -0.00184069 -0.00180223 -0.00173707 -0.00183322 -0.00166129 -0.00178058 -0.00167791 -0.00170286 -0.00172102 -0.00176783 -0.00179544 -0.00181346 -0.00179876 -0.00173841 -0.00175922 -0.00190977 -0.00170012 -0.00186312 -0.00170877 
-0.0017007 -0.00163484 -0.00166627 -0.001596 -0.00140074 -0.00138029 -0.00124465 0.00217841 0.00234172 0.00235704 0.00264373 0.00280558 0.135211 0.00277655 0.0026131 0.00253924 0.00246253 -0.00156474 -0.00158164 -0.00170832 -0.00204014 -0.00200968 -0.0021839 -0.00193381 -0.00228955 -0.00204496 -0.00197597 -0.00198729 -0.00202812 -0.00187801 -0.00203249 -0.00188338 -0.00192759 -0.00196035 -0.00176424 -0.00183663 -0.00185235 -0.00187757 -0.00181819 -0.0018378 -0.00177562 -0.00170811 -0.00181443 -0.00190357 -0.00190796 -0.0018305 -0.00178119 -0.00163685 -0.00179164 -0.00182054 -0.00178419 -0.00167066 -0.00179219 -0.00170737 -0.00174544 -0.00166973 -0.00171476 -0.001709 -0.00169207 -0.00171153 -0.00176275 -0.00162291 -0.00162943 -0.00161333 -0.00176737 -0.0017341 -0.00167926 -0.00167211 -0.00168869 -0.00173432 -0.00165184 -0.0017817 -0.00175077 -0.0017809 -0.00164079 -0.00169132 -0.00167289 -0.00168334 -0.00170176 -0.00175719 -0.00171008 -0.00161903 -0.00169066 -0.00181105 -0.0017414 -0.00172345 -0.0017338 -0.00157253 -0.00165407 -0.00175706 -0.00170256 -0.00166134 -0.00171634 -0.00176109 -0.00173568 -0.00169702 -0.00173652 -0.00176103 -0.00173643 -0.00158387 
-0.00177278 -0.00182923 -0.00180098 -0.00176073 -0.00158608 -0.00164104 -0.00148989 -0.00146404 0.00223414 0.00228621 0.00260936 0.00265105 0.00277655 0.140229 0.00285464 0.00289939 0.00280813 0.00250153 0.00261437 -0.00161603 -0.0018686 -0.00191196 -0.00193099 -0.00219542 -0.00229114 -0.00228647 -0.00217083 -0.00214257 -0.00198951 -0.00206285 -0.00206748 -0.00204759 -0.00202661 -0.00212827 -0.00203117 -0.00186294 -0.00209293 -0.00197379 -0.00202206 -0.00201843 -0.00193721 -0.00187419 -0.00200345 -0.00187477 -0.00189196 -0.00196937 -0.0018762 -0.00189134 -0.00185592 -0.00184738 -0.001864 -0.00185568 -0.00188007 -0.00185706 -0.00184593 -0.00187271 -0.00191446 -0.0018006 -0.00192021 -0.00186301 -0.00183372 -0.00183992 -0.00171065 -0.00176517 -0.0018208 -0.00178777 -0.00179417 -0.00185016 -0.0018531 -0.00192461 -0.00189782 -0.00183025 -0.00182021 -0.00187008 -0.00169199 -0.00174336 -0.0017817 -0.00186434 -0.00180199 -0.00174092 -0.00180418 -0.00180897 -0.00185409 -0.00181583 -0.00185388 -0.00183481 -0.00179239 -0.00172366 -0.00168684 -0.00191535 -0.00184892 -0.00186337 -0.00189242 -0.00188964 -0.00183606 -0.00178223 -0.00183546 -0.00182007 -0.00182126 -0.00178438 
-0.00178434 -0.00182618 -0.00173587 -0.00183234 -0.00186247 -0.00183472 -0.00177316 -0.00158295 -0.00155685 -0.00140009 0.0023612 0.00243539 0.0026131 0.00285464 0.139667 0.00297966 0.00293104 0.00265397 0.00269017 0.00254979 -0.00163394 -0.00152289 -0.0017917 -0.00196575 -0.00210063 -0.0022738 -0.00212386 -0.00203585 -0.00216253 -0.00195511 -0.00209299 -0.00203379 -0.00202642 -0.00211891 -0.00187705 -0.00193385 -0.00186493 -0.00186932 -0.00193152 -0.00194587 -0.00190019 -0.00179816 -0.00190558 -0.00191157 -0.00193524 -0.00195139 -0.00182357 -0.00184149 -0.00173752 -0.00186178 -0.00178504 -0.0017488 -0.00181305 -0.00180287 -0.00178221 -0.00182538 -0.00185959 -0.00179626 -0.00180102 -0.00177098 -0.00180552 -0.00170601 -0.00167609 -0.00175665 -0.00170555 -0.00177438 -0.00178006 -0.00181847 -0.00175022 -0.00177414 -0.0017187 -0.00177912 -0.00173661 -0.0017828 -0.00172518 -0.00164507 -0.00172114 -0.00179984 -0.00181944 -0.00179536 -0.00173663 -0.00183011 -0.00183407 -0.00177575 -0.0018136 -0.00172373 -0.00168315 -0.00166436 -0.00169383 -0.00180355 -0.00182557 -0.001796 -0.00185366 -0.00187273 -0.00180684 -0.00181347 -0.00176911 -0.0018084 -0.00181052 -0.0016487 
-0.00176693 -0.00185581 -0.00177068 -0.00186783 -0.00176305 -0.00181463 -0.00168828 -0.0016017 -0.00148829 -0.0014276 0.00227706 0.00255628 0.00253924 0.00289939 0.00297966 0.140966 0.00297871 0.00275203 0.00277601 0.00259819 -0.001693 -0.00160477 -0.00187572 -0.00192891 -0.00212907 -0.00227281 -0.0021396 -0.00214367 -0.00202646 -0.00209881 -0.00213996 -0.00213651 -0.00204619 -0.00196617 -0.0018878 -0.00193573 -0.00201601 -0.00196011 -0.00186949 -0.00189169 -0.00184139 -0.00178136 -0.00191035 -0.0019006 -0.00191098 -0.00193848 -0.00191077 -0.00180517 -0.00176348 -0.00195301 -0.00176415 -0.00175492 -0.00185357 -0.00176221 -0.00179841 -0.00175585 -0.00189636 -0.00176835 -0.00175491 -0.00182323 -0.00177429 -0.00181344 -0.00174029 -0.00179883 -0.00179578 -0.00179822 -0.00178103 -0.00183408 -0.00190665 -0.00177056 -0.00180445 -0.00184054 -0.00179524 -0.00183958 -0.00170355 -0.00181633 -0.00173708 -0.00171625 -0.00183676 -0.00184534 -0.00179661 -0.0017628 -0.00179789 -0.00182046 -0.00184495 -0.00184458 -0.00180166 -0.00171309 -0.00176579 -0.00182278 -0.00179436 -0.0018759 -0.00178784 -0.00181825 -0.00185474 -0.0017877 -0.00179159 -0.0017759 -0.00187346 -0.00158911 
-0.00189366 -0.00206058 -0.00201695 -0.00196835 -0.00193555 -0.00209264 -0.00198115 -0.00174518 -0.00173636 -0.00173397 -0.0015677 0.00238794 0.00246253 0.00280813 0.00293104 0.00297871 0.146244 0.00304554 0.00312937 0.00291381 0.00259229 0.00259304 -0.00168948 -0.00183688 -0.00195495 -0.00216665 -0.00229272 -0.00227841 -0.00220064 -0.00212647 -0.00225391 -0.00227048 -0.00213049 -0.00218591 -0.00204815 -0.00200486 -0.00211489 -0.00207377 -0.00203578 -0.00196999 -0.00207444 -0.00195344 -0.0021169 -0.00207151 -0.0019524 -0.00204615 -0.00197285 -0.00190354 -0.00198799 -0.0018872 -0.00189879 -0.00193476 -0.00190285 -0.00187605 -0.00179754 -0.00187924 -0.00192382 -0.00194727 -0.00188838 -0.00186817 -0.00198302 -0.00191986 -0.00185068 -0.0017653 -0.00191559 -0.00196127 -0.00187871 -0.00192946 -0.00200739 -0.00189331 -0.00182416 -0.00195639 -0.00194163 -0.00190291 -0.00183575 -0.00191518 -0.00192893 -0.00191857 -0.00191636 -0.00191449 -0.00199382 -0.00197176 -0.00204301 -0.00197485 -0.00190863 -0.00193744 -0.00194497 -0.00186649 -0.00177056 -0.00185918 -0.00189156 -0.00200997 -0.00184949 -0.00202179 -0.00191693 -0.00196692 -0.00198236 -0.0020334 -0.00192381 -0.00181085 
-0.00183383 -0.00186619 -0.00187459 -0.00194186 -0.00194089 -0.00202379 -0.00201493 -0.00197567 -0.00200672 -0.00185229 -0.00181452 -0.00169429 -0.00156474 0.00250153 0.00265397 0.00275203 0.00304554 0.144808 0.00321463 0.00323346 0.00290977 0.00281451 0.00267111 -0.00168589 -0.00177738 -0.00186339 -0.00208004 -0.00214777 -0.00210957 -0.00208799 -0.00222467 -0.00226298 -0.0021489 -0.00202172 -0.0020464 -0.00199237 -0.00202603 -0.00203617 -0.00191226 -0.00188493 -0.00187601 -0.0018196 -0.00206176 -0.00197398 -0.00198755 -0.00200906 -0.0018925 -0.00196539 -0.00192402 -0.00189671 -0.00188026 -0.00186176 -0.0018323 -0.00190392 -0.00190256 -0.0019027 -0.00184037 -0.0018581 -0.00188348 -0.0018827 -0.0018729 -0.00186384 -0.00179026 -0.00175496 -0.00180865 -0.00172958 -0.0018349 -0.0017704 -0.00191423 -0.00179331 -0.00196366 -0.00189619 -0.00186876 -0.00184188 -0.00182734 -0.00179888 -0.00174438 -0.0018548 -0.00186591 -0.00194151 -0.00193522 -0.00175087 -0.00191777 -0.00184263 -0.00188482 -0.00189201 -0.00184776 -0.00167434 -0.00170291 -0.00190454 -0.00184951 -0.00190086 -0.00180466 -0.00187325 -0.00194452 -0.00192891 -0.00178885 -0.00191245 -0.00187175 -0.0017729 
-0.00187013 -0.00195687 -0.00190359 -0.00203508 -0.00193678 -0.00206347 -0.0020781 -0.00210781 -0.0018536 -0.00194866 -0.00172825 -0.00160792 -0.00158164 0.00261437 0.00269017 0.00277601 0.00312937 0.00321463 0.145438 0.00302571 0.00289351 0.00288958 0.00266323 -0.00164593 -0.00175562 -0.00187407 -0.00199269 -0.00205974 -0.00202077 -0.00210068 -0.00218806 -0.00216015 -0.00202805 -0.00199272 -0.00188673 -0.00190538 -0.00201491 -0.0019764 -0.00198824 -0.00204672 -0.00190396 -0.00196459 -0.00202318 -0.00194098 -0.00204754 -0.00199886 -0.00196008 -0.00180219 -0.00189147 -0.00179474 -0.00182216 -0.00192574 -0.00187886 -0.00187696 -0.00187569 -0.00190661 -0.00184302 -0.00187474 -0.00185371 -0.00183474 -0.00191033 -0.00185443 -0.00185666 -0.00178871 -0.00196137 -0.00194696 -0.00191118 -0.00189163 -0.00192235 -0.00187359 -0.00181839 -0.00191947 -0.001958 -0.00191712 -0.00186301 -0.00178977 -0.00183308 -0.00191123 -0.00177951 -0.00187127 -0.00184775 -0.00190079 -0.00177711 -0.00195264 -0.00190514 -0.00195227 -0.00184378 -0.0017947 -0.00182303 -0.00188962 -0.00179129 -0.00196519 -0.00190556 -0.00186548 -0.00189897 -0.00189068 -0.0018685 -0.00183352 -0.00190394 -0.00181791 
-0.00190823 -0.00204337 -0.00195166 -0.00204872 -0.00211658 -0.00220654 -0.00221964 -0.00214096 -0.00220835 -0.00212333 -0.00199734 -0.00203102 -0.00170832 -0.00161603 0.00254979 0.00259819 0.00291381 0.00323346 0.00302571 0.149577 0.0032645 0.00320894 0.00302341 0.00266858 0.00263745 -0.00173332 -0.0019579 -0.0019341 -0.00214228 -0.00204868 -0.00239238 -0.00226716 -0.00221538 -0.00219861 -0.00210224 -0.00218528 -0.00216761 -0.0022006 -0.00211949 -0.00205285 -0.00200868 -0.00199446 -0.0021529 -0.0021022 -0.00212773 -0.00207586 -0.00200047 -0.00202095 -0.00198072 -0.0019553 -0.00203048 -0.0019475 -0.00199713 -0.00199523 -0.0019996 -0.00193088 -0.00193361 -0.00200531 -0.00202577 -0.00194431 -0.00201328 -0.00198533 -0.00188806 -0.00185644 -0.00202207 -0.00198705 -0.00203187 -0.00202411 -0.00199243 -0.00198396 -0.00187639 -0.00193523 -0.0019954 -0.00193304 -0.00185571 -0.00200182 -0.00184069 -0.00199566 -0.00203561 -0.00195494 -0.00192212 -0.00205447 -0.00198018 -0.00198658 -0.0019553 -0.00200561 -0.00198773 -0.00181644 -0.00189292 -0.00198815 -0.00202833 -0.00200338 -0.00191843 -0.0020332 -0.00190541 -0.00203048 -0.00197561 -0.00192108 -0.00198248 -0.00183717 
-0.00185782 -0.00186211 -0.00190187 -0.00191505 -0.00193388 -0.00194592 -0.00205544 -0.00203699 -0.00214101 -0.00204241 -0.00219318 -0.00212969 -0.00204014 -0.0018686 -0.00163394 -0.001693 0.00259229 0.00290977 0.00289351 0.0032645 0.146406 0.00329131 0.00312838 0.00288504 0.00273043 0.00261871 -0.00164117 -0.00177828 -0.0018473 -0.00180352 -0.00214203 -0.00213135 -0.00208278 -0.00209627 -0.00201848 -0.00186887 -0.00206982 -0.00210625 -0.00206998 -0.00200864 -0.00198218 -0.00196159 -0.00212213 -0.00204478 -0.00202591 -0.00202338 -0.00188911 -0.0017658 -0.00196788 -0.00195678 -0.00184927 -0.00183323 -0.00192888 -0.00193144 -0.00183994 -0.00197543 -0.00185298 -0.00185986 -0.00189324 -0.0018963 -0.00195349 -0.00189183 -0.00175707 -0.00181311 -0.00190964 -0.00189698 -0.00193827 -0.0018511 -0.00187945 -0.00188875 -0.00192543 -0.0018918 -0.00189905 -0.00186684 -0.00175557 -0.0018837 -0.00180086 -0.00188211 -0.00197941 -0.00195984 -0.00190349 -0.00194132 -0.00186287 -0.00190769 -0.00194828 -0.00184057 -0.00188366 -0.0018032 -0.00182579 -0.0019008 -0.00182895 -0.00181884 -0.00181582 -0.00191029 -0.00195618 -0.00189354 -0.0018912 -0.00195592 -0.00186369 -0.00182767 
-0.00189716 -0.00193535 -0.001856 -0.00193688 -0.00203383 -0.00205159 -0.00204457 -0.00208921 -0.00206881 -0.00212701 -0.00203384 -0.00206577 -0.00200968 -0.00191196 -0.00152289 -0.00160477 0.00259304 0.00281451 0.00288958 0.00320894 0.00329131 0.146389 0.0031107 0.0027983 0.00259047 0.00250587 -0.00168464 -0.00174986 -0.00186612 -0.00191234 -0.00207177 -0.00212094 -0.00200321 -0.0020453 -0.00202355 -0.00200019 -0.00206601 -0.00201056 -0.00212003 -0.00193882 -0.00191364 -0.00188215 -0.0020196 -0.00214843 -0.00199991 -0.00203543 -0.0019141 -0.00189618 -0.00188242 -0.00185442 -0.00188986 -0.00186169 -0.00197526 -0.00197302 -0.00191007 -0.00190863 -0.00179467 -0.0018923 -0.00187076 -0.00186671 -0.0019323 -0.00185492 -0.00180559 -0.00180802 -0.00186531 -0.00185217 -0.00183448 -0.00181828 -0.00185309 -0.00191153 -0.00182986 -0.00192269 -0.00190249 -0.00187533 -0.00174355 -0.00177254 -0.00175876 -0.0018759 -0.00192118 -0.00194413 -0.00193598 -0.00188718 -0.00192969 -0.00196264 -0.0019758 -0.00188335 -0.0019574 -0.0017395 -0.00183945 -0.00188303 -0.00191363 -0.00181877 -0.00178553 -0.00184722 -0.00195392 -0.00188153 -0.0019625 -0.0019475 -0.00186559 -0.00184775 
-0.00182313 -0.00185273 -0.00190677 -0.0019086 -0.00197568 -0.00202692 -0.00204848 -0.00216538 -0.00204668 -0.00197771 -0.00212498 -0.00228337 -0.0021839 -0.00193099 -0.0017917 -0.00187572 -0.00168948 0.00267111 0.00266323 0.00302341 0.00312838 0.0031107 0.145619 0.00290504 0.00294723 0.00275263 0.00231608 -0.0015956 -0.0016619 -0.00166223 -0.00190473 -0.00195247 -0.00217009 -0.00204638 -0.00204836 -0.00195162 -0.00211196 -0.00207893 -0.0020937 -0.00203897 -0.00183519 -0.00199108 -0.00203384 -0.00199718 -0.00194597 -0.00204571 -0.00188201 -0.00182166 -0.0018167 -0.00195631 -0.00186909 -0.00181688 -0.00197529 -0.00190547 -0.00187948 -0.00182832 -0.00196185 -0.00179905 -0.00192368 -0.00189225 -0.00183416 -0.00183659 -0.00180489 -0.0017787 -0.00185083 -0.0019231 -0.00191904 -0.00178163 -0.00187353 -0.00193146 -0.00189385 -0.00193886 -0.00181794 -0.00191685 -0.00175013 -0.00181375 -0.00185175 -0.00180487 -0.00186051 -0.00191804 -0.00181214 -0.00183406 -0.00186062 -0.0018419 -0.00188579 -0.00189185 -0.00181669 -0.0017334 -0.00171984 -0.00187898 -0.00178629 -0.00189427 -0.00183098 -0.00193349 -0.00188543 -0.00186522 -0.00188744 -0.00180425 -0.001939 -0.00182837 
-0.00175788 -0.00177821 -0.00183952 -0.00184357 -0.00187347 -0.00192082 -0.0018721 -0.00195625 -0.00202127 -0.0018648 -0.00203647 -0.00209433 -0.00193381 -0.00219542 -0.00196575 -0.00192891 -0.00183688 -0.00168589 -0.00164593 0.00266858 0.00288504 0.0027983 0.00290504 0.141421 0.00311997 0.00292089 0.00252286 0.00246317 -0.00149129 -0.00137344 -0.0016336 -0.00164449 -0.00184394 -0.00188651 -0.00184056 -0.00182864 -0.00185327 -0.00194299 -0.00191735 -0.00186654 -0.00175155 -0.00189226 -0.00191366 -0.00186525 -0.00182186 -0.00183408 -0.00182913 -0.00177538 -0.00180243 -0.00176204 -0.00182483 -0.00180269 -0.00182216 -0.00178217 -0.00181933 -0.00181645 -0.00179916 -0.00173723 -0.00184165 -0.00173438 -0.00181575 -0.0018089 -0.00169266 -0.0016753 -0.00185836 -0.00177262 -0.00180761 -0.00169013 -0.0018033 -0.00191723 -0.00181629 -0.00166586 -0.00176511 -0.00176057 -0.00162333 -0.00165686 -0.00158571 -0.00182747 -0.00176562 -0.001809 -0.00167077 -0.00178294 -0.00171122 -0.00167824 -0.00172064 -0.00177752 -0.00174419 -0.00177317 -0.00174878 -0.00179613 -0.00176887 -0.00174542 -0.00176397 -0.0018267 -0.00182234 -0.00171346 -0.00176997 -0.00179972 -0.00181678 -0.00175439 
-0.0019135 -0.00188853 -0.00192953 -0.00198986 -0.00200653 -0.00212877 -0.00216354 -0.0020383 -0.00218073 -0.00208966 -0.00220099 -0.00222265 -0.00228955 -0.00229114 -0.00210063 -0.00212907 -0.00195495 -0.00177738 -0.00175562 0.00263745 0.00273043 0.00259047 0.00294723 0.00311997 0.145762 0.0029744 0.00272128 0.00260072 0.00254165 0.00242525 -0.00155981 -0.00167013 -0.00174354 -0.00196367 -0.00197388 -0.00206818 -0.00201448 -0.00198762 -0.00212774 -0.00204683 -0.00199952 -0.00198837 -0.00197977 -0.0020439 -0.00205379 -0.00204888 -0.00195484 -0.00200775 -0.00186676 -0.00189826 -0.00183824 -0.00191809 -0.00187839 -0.00188901 -0.0019156 -0.00192315 -0.00188212 -0.00196468 -0.0019342 -0.00187484 -0.00190641 -0.00189285 -0.00181642 -0.00193269 -0.00196454 -0.00198749 -0.00186676 -0.00195867 -0.00189479 -0.00188529 -0.00184335 -0.00192225 -0.00195713 -0.00188861 -0.00173475 -0.00177287 -0.00180058 -0.0019076 -0.00186451 -0.00195333 -0.00200972 -0.00182337 -0.00196829 -0.00186128 -0.0019372 -0.00200563 -0.00191565 -0.00178589 -0.00185561 -0.00190617 -0.00192493 -0.00192689 -0.00187995 -0.00195421 -0.00191173 -0.00191423 -0.00186545 -0.00197869 -0.00194985 -0.00185835 
-0.00193664 -0.00190101 -0.00186314 -0.00196538 -0.00194587 -0.00198893 -0.0020714 -0.00207131 -0.00217564 -0.00206861 -0.00219834 -0.00228977 -0.00204496 -0.00228647 -0.0022738 -0.00227281 -0.00216665 -0.00186339 -0.00187407 -0.00173332 0.00261871 0.00250587 0.00275263 0.00292089 0.0029744 0.144327 0.00293037 0.00275773 0.00251586 0.00258971 0.00236426 -0.00152911 -0.00162359 -0.00173568 -0.00186523 -0.00199451 -0.0020393 -0.00202816 -0.00206498 -0.00198876 -0.00196924 -0.00185056 -0.00197743 -0.00193471 -0.00197792 -0.00197804 -0.00183276 -0.00198089 -0.0018833 -0.00183396 -0.00190563 -0.00189631 -0.00181592 -0.00191106 -0.00193978 -0.0019244 -0.00183587 -0.00184754 -0.00195409 -0.00187524 -0.00190983 -0.00186622 -0.0017861 -0.00184395 -0.00191728 -0.00191779 -0.00185968 -0.00186034 -0.00188099 -0.00196577 -0.00184968 -0.00199993 -0.0018212 -0.00198712 -0.00182002 -0.00171568 -0.00185877 -0.0019368 -0.00190618 -0.00180716 -0.00192959 -0.00189448 -0.00185917 -0.00193294 -0.00185698 -0.0018975 -0.00193055 -0.00181644 -0.00177038 -0.00196967 -0.00193543 -0.00186001 -0.00188305 -0.00186405 -0.00190807 -0.00194462 -0.00184169 -0.00187928 -0.001878 -0.00190929 
-0.00180601 -0.00181736 -0.00189511 -0.00187601 -0.00182421 -0.00190802 -0.00187846 -0.00194365 -0.00198384 -0.00198121 -0.00213711 -0.00210395 -0.00197597 -0.00217083 -0.00212386 -0.0021396 -0.00229272 -0.00208004 -0.00199269 -0.0019579 -0.00164117 -0.00168464 0.00231608 0.00252286 0.00272128 0.00293037 0.138996 0.00274663 0.00261863 0.00263426 0.00242419 0.0023223 -0.00138647 -0.0014396 -0.00152193 -0.00159312 -0.00183065 -0.00188554 -0.00178347 -0.00187475 -0.00176656 -0.00176031 -0.00183348 -0.00186368 -0.00183978 -0.00188847 -0.0017633 -0.00187972 -0.00179163 -0.00177322 -0.00175277 -0.00174214 -0.00181879 -0.00166231 -0.00176722 -0.00173894 -0.00180349 -0.00178387 -0.00178454 -0.00177418 -0.00178179 -0.00175335 -0.00166144 -0.0017516 -0.0017594 -0.00183964 -0.00184928 -0.0017542 -0.0017799 -0.00187012 -0.00168195 -0.00176582 -0.00167583 -0.0017931 -0.0017087 -0.00164474 -0.00158082 -0.00171308 -0.00174142 -0.00173167 -0.00170544 -0.00179346 -0.0017534 -0.00178573 -0.00171052 -0.00185053 -0.00180398 -0.00171677 -0.00173336 -0.00171036 -0.00170401 -0.00180445 -0.00173189 -0.00177365 -0.00169714 -0.00176969 -0.0017957 -0.00174088 -0.00182502 -0.00167091 
-0.00180804 -0.00180491 -0.00181453 -0.0017394 -0.00176465 -0.00191645 -0.00197454 -0.00198614 -0.00202525 -0.00190946 -0.00217728 -0.00196991 -0.00198729 -0.00214257 -0.00203585 -0.00214367 -0.00227841 -0.00214777 -0.00205974 -0.0019341 -0.00177828 -0.00174986 -0.0015956 0.00246317 0.00260072 0.00275773 0.00274663 0.137145 0.0026576 0.00272272 0.00253272 0.00239316 0.00229515 -0.00140865 -0.00149941 -0.00149191 -0.00172668 -0.00174084 -0.00184556 -0.00177711 -0.00182554 -0.00168276 -0.00183951 -0.00184391 -0.00187899 -0.00183062 -0.00180738 -0.00171914 -0.00182228 -0.00173863 -0.00172184 -0.00172319 -0.001771 -0.00174741 -0.00173095 -0.00172144 -0.00169398 -0.00175073 -0.0017324 -0.00175012 -0.0017409 -0.00172495 -0.00164202 -0.00165223 -0.00175785 -0.0017036 -0.00178081 -0.00166996 -0.00172532 -0.00175794 -0.0017692 -0.0017178 -0.00169228 -0.00174949 -0.0016517 -0.00163314 -0.00152119 -0.00170871 -0.00173841 -0.00168209 -0.00173291 -0.0018366 -0.00176105 -0.00178142 -0.0017355 -0.00182035 -0.00179311 -0.00162057 -0.00162668 -0.00176416 -0.00164102 -0.00166048 -0.0017071 -0.00170256 -0.00177797 -0.00171908 -0.00180319 -0.00182013 -0.0017748 -0.00165019 
-0.00170963 -0.00171654 -0.00182742 -0.00170895 -0.00176709 -0.00185351 -0.00190476 -0.00192951 -0.00189687 -0.00193648 -0.0018213 -0.00205389 -0.00202812 -0.00198951 -0.00216253 -0.00202646 -0.00220064 -0.00210957 -0.00202077 -0.00214228 -0.0018473 -0.00186612 -0.0016619 -0.00149129 0.00254165 0.00251586 0.00261863 0.0026576 0.135289 0.00269203 0.00258871 0.00246238 0.00235626 0.00227189 -0.00143559 -0.00136168 -0.00151197 -0.00153468 -0.00166065 -0.00187196 -0.00169628 -0.00175157 -0.00175564 -0.00187953 -0.00188917 -0.00173562 -0.00176923 -0.00178658 -0.00175248 -0.00174469 -0.00182733 -0.00169925 -0.00178119 -0.00171598 -0.00178141 -0.00177027 -0.00178556 -0.00174193 -0.00173307 -0.00170754 -0.00176366 -0.00167343 -0.00162797 -0.00167166 -0.0017348 -0.00167279 -0.00169916 -0.00165382 -0.00166463 -0.0016488 -0.00167259 -0.00165894 -0.00168162 -0.00167642 -0.00170485 -0.00159907 -0.00168799 -0.00177184 -0.00162777 -0.00174751 -0.0017124 -0.00168294 -0.00175878 -0.00172778 -0.00172935 -0.00168739 -0.00169622 -0.0016063 -0.00161897 -0.0017189 -0.00169837 -0.0017013 -0.00170099 -0.00181077 -0.00167226 -0.00183083 -0.00169723 -0.00167021 -0.00167146 -0.00160936 
-0.00173503 -0.0017244 -0.00171746 -0.00182809 -0.00179683 -0.00185875 -0.00184452 -0.00186369 -0.001994 -0.00188854 -0.0019706 -0.00204025 -0.00187801 -0.00206285 -0.00195511 -0.00209881 -0.00212647 -0.00208799 -0.00210068 -0.00204868 -0.00180352 -0.00191234 -0.00166223 -0.00137344 0.00242525 0.00258971 0.00263426 0.00272272 0.00269203 0.133795 0.00257113 0.00243228 0.00226667 0.00213437 -0.00132301 -0.00130859 -0.00140416 -0.00162208 -0.00168721 -0.00174273 -0.00177894 -0.0016942 -0.00179149 -0.00177979 -0.00181465 -0.00181037 -0.00169792 -0.00178787 -0.0016934 -0.0017768 -0.0017551 -0.00176613 -0.00165456 -0.00177634 -0.00174305 -0.00168708 -0.00175567 -0.00174018 -0.00175268 -0.00173077 -0.00172227 -0.00171869 -0.00163189 -0.00155604 -0.0016534 -0.00172805 -0.00166795 -0.00171308 -0.00169504 -0.00165209 -0.00178477 -0.00177971 -0.00163701 -0.00166436 -0.00158046 -0.00160598 -0.00163571 -0.00177018 -0.00170126 -0.00168931 -0.00158976 -0.00170054 -0.0016428 -0.00165567 -0.00171981 -0.00160315 -0.00171389 -0.00156575 -0.00156466 -0.00166766 -0.00171736 -0.00170811 -0.00167716 -0.00166189 -0.00165394 -0.00169523 -0.00168269 -0.00170731 -0.00169578 -0.00160552 
-0.00167988 -0.00174083 -0.00176797 -0.00179076 -0.00173555 -0.0019341 -0.00189707 -0.00195187 -0.00200976 -0.00190176 -0.00202645 -0.00201016 -0.00203249 -0.00206748 -0.00209299 -0.00213996 -0.00225391 -0.00222467 -0.00218806 -0.00239238 -0.00214203 -0.00207177 -0.00190473 -0.0016336 -0.00155981 0.00236426 0.00242419 0.00253272 0.00258871 0.00257113 0.134623 0.00264206 0.00248053 0.00242542 0.00212883 0.00211269 -0.00127037 -0.00147174 -0.00161219 -0.00164471 -0.00180655 -0.00170028 -0.00183981 -0.00179374 -0.0019167 -0.00181819 -0.00177027 -0.00173849 -0.00176085 -0.00171876 -0.00175018 -0.00170784 -0.00170102 -0.00185842 -0.00168477 -0.00170701 -0.00179823 -0.00176618 -0.00180292 -0.00167258 -0.0017259 -0.00168541 -0.00165956 -0.00170018 -0.00171781 -0.00169723 -0.00172697 -0.00172025 -0.00174189 -0.00172544 -0.0016586 -0.00165181 -0.00174154 -0.00170307 -0.00169646 -0.00168386 -0.0016291 -0.00180518 -0.0017375 -0.00166505 -0.00175018 -0.00174186 -0.00183962 -0.00161487 -0.00166236 -0.00174187 -0.00171529 -0.00159904 -0.00168357 -0.00173641 -0.0017178 -0.00173298 -0.00176381 -0.00182485 -0.00169356 -0.00174765 -0.0017338 -0.00167372 -0.00177643 -0.00160914 
-0.00170672 -0.00167732 -0.00178194 -0.00166417 -0.00178033 -0.00179091 -0.0019141 -0.00191497 -0.00189843 -0.00173159 -0.00188923 -0.00206523 -0.00188338 -0.00204759 -0.00203379 -0.00213651 -0.00227048 -0.00226298 -0.00216015 -0.00226716 -0.00213135 -0.00212094 -0.00195247 -0.00164449 -0.00167013 -0.00152911 0.0023223 0.00239316 0.00246238 0.00243228 0.00264206 0.132827 0.00258821 0.00232877 0.00218472 0.00225632 0.00205922 -0.00126937 -0.00138526 -0.00160879 -0.00167867 -0.00163107 -0.00185003 -0.00181445 -0.00178166 -0.00186034 -0.00170031 -0.0016647 -0.00171866 -0.00165965 -0.00168587 -0.00164978 -0.0016661 -0.00171387 -0.00165166 -0.00167279 -0.00169172 -0.00169399 -0.00165367 -0.00181141 -0.00174816 -0.00171787 -0.00165816 -0.00162239 -0.00176693 -0.00178542 -0.0017119 -0.00167154 -0.00170157 -0.00167378 -0.00179677 -0.00172758 -0.00178885 -0.00169488 -0.00164313 -0.00168077 -0.0016375 -0.00166727 -0.00170279 -0.0015876 -0.00173716 -0.0017707 -0.00172581 -0.00170143 -0.00174382 -0.00169749 -0.00175684 -0.00172495 -0.0016773 -0.0017022 -0.0016774 -0.00173864 -0.00169087 -0.00167808 -0.0016845 -0.00166795 -0.00171578 -0.00169748 -0.0016847 -0.00159893 
-0.00175715 -0.00173692 -0.00176639 -0.00173569 -0.00179748 -0.00183389 -0.00191578 -0.00188407 -0.00200786 -0.00181561 -0.00204104 -0.00206531 -0.00192759 -0.00202661 -0.00202642 -0.00204619 -0.00213049 -0.0021489 -0.00202805 -0.00221538 -0.00208278 -0.00200321 -0.00217009 -0.00184394 -0.00174354 -0.00162359 -0.00138647 0.00229515 0.00235626 0.00226667 0.00248053 0.00258821 0.131489 0.0024887 0.00228499 0.00224268 0.00214903 0.0021062 -0.0013066 -0.0014329 -0.00145864 -0.00149483 -0.00159025 -0.0017255 -0.0017917 -0.00174993 -0.00176493 -0.00170974 -0.00169153 -0.00169739 -0.00162993 -0.00170466 -0.00161892 -0.00168744 -0.00165903 -0.00163536 -0.00169417 -0.001612 -0.00165232 -0.00169342 -0.00173728 -0.00159696 -0.0016866 -0.00163506 -0.00167184 -0.00161094 -0.00163807 -0.00160553 -0.00174174 -0.00165858 -0.00169753 -0.00172222 -0.00178579 -0.00164122 -0.0016047 -0.00166512 -0.00165293 -0.00171201 -0.00165796 -0.00164517 -0.00166779 -0.0017166 -0.00162671 -0.00179852 -0.00165939 -0.00181373 -0.00172328 -0.00169276 -0.00164476 -0.00166297 -0.00165587 -0.00159034 -0.0016076 -0.00171692 -0.00170926 -0.00166124 -0.00174669 -0.00161552 -0.00167406 -0.00163442 
