0.123019 0.00225275 0.00209934 0.00217991 0.00198185 0.00202524 -0.00118047 -0.00126324 -0.00135962 -0.00140462 -0.00155792 -0.00167156 -0.00172171 -0.00188293 -0.00178572 -0.00183089 -0.00197208 -0.00187832 -0.00190544 -0.00202462 -0.00193633 -0.0019193 -0.00194067 -0.00171747 -0.00197125 -0.00191699 -0.00170079 -0.00177618 -0.00172661 -0.00161361 -0.00168047 -0.00163247 -0.00169006 -0.00166129 -0.00154472 -0.00154654 -0.00168964 -0.00161588 -0.0016065 -0.0015666 -0.00160169 -0.00150344 -0.00165453 -0.0015734 -0.00157592 -0.0016059 -0.00161706 -0.00149163 -0.00152951 -0.0016313 -0.00156902 -0.001602 -0.00153238 -0.00150039 -0.00151325 -0.00148358 -0.00146245 -0.00152512 -0.00148827 -0.00154608 -0.00145122 -0.00151117 -0.00148127 -0.00146377 -0.0015582 -0.00152447 -0.00146019 -0.00146708 -0.00150176 -0.00162468 -0.00145304 -0.00155216 -0.00149063 -0.00157701 -0.00147239 -0.00139226 -0.00141895 -0.00152154 -0.00148654 -0.00149459 -0.00158244 -0.00145413 -0.00148868 -0.00149677 -0.0015287 -0.00147802 -0.00142627 -0.00141515 -0.00151132 -0.0015262 -0.00154817 -0.00136309 -0.00137752 -0.00117607 -0.00132405 -0.00117879 0.00183683 0.00200687 0.00208051 0.00219552 
0.00225275 0.123443 0.00228692 0.00219553 0.00204796 0.00200328 0.00208631 -0.00122242 -0.00137153 -0.00137393 -0.00160379 -0.00165154 -0.00170055 -0.00183316 -0.00171624 -0.00181791 -0.00200785 -0.00189013 -0.0019696 -0.00191161 -0.00189926 -0.00188191 -0.00190348 -0.00186813 -0.00187358 -0.00196645 -0.00171472 -0.00175527 -0.001659 -0.00177511 -0.00176821 -0.00173865 -0.00170376 -0.00170334 -0.00154217 -0.00160322 -0.00169968 -0.00163794 -0.00159394 -0.00158488 -0.00166997 -0.00160208 -0.00169021 -0.00157257 -0.00163548 -0.00161489 -0.00146288 -0.00151452 -0.00144646 -0.00147647 -0.00143834 -0.00145457 -0.00152559 -0.00151465 -0.0014836 -0.00145626 -0.00149966 -0.00157526 -0.00157529 -0.00150621 -0.00146667 -0.00154837 -0.00141638 -0.00136958 -0.00154943 -0.00155202 -0.00153993 -0.00153815 -0.00161552 -0.00153816 -0.00155918 -0.00144605 -0.00152666 -0.00147154 -0.00142992 -0.0014631 -0.00144529 -0.00154884 -0.0014969 -0.00144801 -0.0016392 -0.00151576 -0.00158247 -0.00142802 -0.00157495 -0.00153528 -0.00150578 -0.00140331 -0.00142035 -0.0015191 -0.00145485 -0.00149002 -0.00145836 -0.00136586 -0.0012771 -0.00129365 -0.00113563 0.00182579 0.00198759 0.00209832 
0.00209934 0.00228692 0.123871 0.00222139 0.0021784 0.00216673 0.00221005 0.00213411 -0.00130311 -0.00120169 -0.00137306 -0.0015636 -0.00167109 -0.00185027 -0.00178691 -0.00173311 -0.00202166 -0.00185712 -0.00186185 -0.00197857 -0.00191113 -0.00189329 -0.00183074 -0.00172995 -0.00201839 -0.00194301 -0.0017903 -0.00183302 -0.00173821 -0.00168657 -0.00176289 -0.00173534 -0.00170396 -0.00169635 -0.00160402 -0.0016137 -0.00168008 -0.00162208 -0.00169475 -0.00166516 -0.00154607 -0.00155439 -0.00166952 -0.00161907 -0.00165747 -0.00163492 -0.00155867 -0.0015614 -0.00148597 -0.00155085 -0.00152676 -0.00154243 -0.00159033 -0.00152639 -0.00152541 -0.0015746 -0.0015475 -0.00148764 -0.00158302 -0.00161265 -0.00155212 -0.00148631 -0.00136143 -0.00135867 -0.00154074 -0.00149001 -0.00150674 -0.00153854 -0.00155181 -0.00157989 -0.00146825 -0.00147414 -0.00137077 -0.00152776 -0.00147457 -0.00146167 -0.00143819 -0.00156153 -0.00153316 -0.0015499 -0.00152429 -0.00145118 -0.00163969 -0.00157964 -0.00146539 -0.00148115 -0.00153806 -0.00142673 -0.00144239 -0.00152732 -0.00160118 -0.00158149 -0.0015351 -0.0014442 -0.00145532 -0.00137364 -0.00126909 -0.00120398 0.0018953 0.00201289 
0.00217991 0.00219553 0.00222139 0.124368 0.00231803 0.00223668 0.00218781 0.00211567 0.00207238 -0.00116639 -0.00135877 -0.00149584 -0.001526 -0.00182952 -0.00182892 -0.00183745 -0.00189609 -0.00193507 -0.00192403 -0.00201602 -0.00192643 -0.0018898 -0.00190243 -0.00187859 -0.00200848 -0.00195179 -0.00178816 -0.00176342 -0.00186319 -0.00168584 -0.00177799 -0.00173059 -0.00168812 -0.00167335 -0.00149868 -0.00157279 -0.00165447 -0.00160512 -0.00162752 -0.00161816 -0.0015211 -0.00151814 -0.00168142 -0.00163063 -0.00160829 -0.00165602 -0.00153529 -0.00154841 -0.00160819 -0.00152522 -0.00158827 -0.00144594 -0.00154178 -0.00150883 -0.00154023 -0.00152702 -0.00157064 -0.0015358 -0.00166128 -0.00159474 -0.00149404 -0.00150208 -0.0014854 -0.00144604 -0.00155707 -0.0015924 -0.00158592 -0.00150256 -0.00154765 -0.00159205 -0.00148177 -0.00156035 -0.00152701 -0.0014627 -0.00148945 -0.00146463 -0.00151476 -0.00153613 -0.0015671 -0.0014956 -0.00159654 -0.00151149 -0.0016049 -0.00150438 -0.00150886 -0.00156167 -0.00151714 -0.00144977 -0.00151484 -0.00160645 -0.00150696 -0.00154773 -0.00153594 -0.00150418 -0.00156925 -0.00141228 -0.00133051 -0.00126879 -0.00111876 0.00194585 
0.00198185 0.00204796 0.0021784 0.00231803 0.124849 0.00235884 0.002362 0.00234196 0.00215012 0.00205424 -0.00123335 -0.00139604 -0.00144214 -0.00162928 -0.00187524 -0.00172072 -0.00200194 -0.00184185 -0.00198119 -0.00210185 -0.00195672 -0.00193051 -0.00201041 -0.00193287 -0.00206966 -0.00204381 -0.00181164 -0.00175913 -0.00171106 -0.00180219 -0.00180605 -0.00171602 -0.00175908 -0.00171305 -0.00160308 -0.00161968 -0.00168499 -0.00166376 -0.00164592 -0.0016086 -0.0015815 -0.00153382 -0.00158736 -0.00163441 -0.00168209 -0.00161691 -0.00159442 -0.00154414 -0.00149356 -0.00157408 -0.00155773 -0.00158813 -0.00147998 -0.00152268 -0.00153558 -0.00153608 -0.00160409 -0.00153856 -0.001563 -0.00153272 -0.00147235 -0.001588 -0.0015545 -0.00150137 -0.00160668 -0.00160302 -0.00156941 -0.00152388 -0.00149447 -0.001437 -0.00156487 -0.00157627 -0.0015435 -0.00154648 -0.00146035 -0.00161502 -0.00155754 -0.0015538 -0.00159363 -0.0015214 -0.0015387 -0.00153419 -0.00149235 -0.00160197 -0.00151212 -0.00150664 -0.00150569 -0.00148869 -0.00144136 -0.00151458 -0.00145893 -0.00156593 -0.00141795 -0.00148627 -0.0015259 -0.00154507 -0.00152433 -0.00136503 -0.00126497 -0.00109501 
0.00202524 0.00200328 0.00216673 0.00223668 0.00235884 0.127855 0.00238578 0.00240114 0.00229498 0.00214005 0.00216086 -0.00138305 -0.00130759 -0.00167491 -0.00181325 -0.00180803 -0.00203904 -0.00199221 -0.00204981 -0.00217492 -0.0020774 -0.00206286 -0.00211919 -0.00191827 -0.00215276 -0.00199132 -0.00202259 -0.00180368 -0.00184923 -0.00186785 -0.00188957 -0.00192003 -0.00192279 -0.00180534 -0.00170117 -0.00170767 -0.0018256 -0.00180685 -0.00174727 -0.00170165 -0.0016741 -0.0016876 -0.0017865 -0.0017964 -0.00169358 -0.00165123 -0.00164636 -0.0016652 -0.0016454 -0.00157752 -0.00164232 -0.00164847 -0.00161824 -0.0015516 -0.00157114 -0.0015966 -0.00164551 -0.00152714 -0.00161761 -0.00165347 -0.00159289 -0.00157577 -0.00152459 -0.0014815 -0.00162465 -0.00161297 -0.00164576 -0.00165373 -0.00163666 -0.00159329 -0.00164805 -0.00164952 -0.00160542 -0.00159685 -0.00158649 -0.00154506 -0.00158457 -0.00161265 -0.0016945 -0.00162157 -0.00158619 -0.00166247 -0.00155798 -0.00161346 -0.00166757 -0.00159456 -0.0016543 -0.00149547 -0.00143782 -0.00160357 -0.00167539 -0.0015964 -0.00155769 -0.00157046 -0.00157695 -0.00157863 -0.00157224 -0.00131034 -0.00138148 -0.00121692 
-0.00118047 0.00208631 0.00221005 0.00218781 0.002362 0.00238578 0.129073 0.00256522 0.00241244 0.00233193 0.00222713 0.00205135 -0.00126643 -0.00152325 -0.00172653 -0.0016863 -0.00199833 -0.00192745 -0.00200485 -0.00217323 -0.00213821 -0.00204584 -0.00203531 -0.00198385 -0.00211147 -0.00216848 -0.00197498 -0.0018947 -0.00188054 -0.00191847 -0.00189907 -0.00184313 -0.00186062 -0.00185565 -0.00178495 -0.00163649 -0.00173798 -0.0017188 -0.00178062 -0.0016728 -0.00171233 -0.00165123 -0.00171693 -0.00176509 -0.00178553 -0.00183048 -0.0016877 -0.00162345 -0.00169848 -0.00164671 -0.00165469 -0.00162773 -0.00163208 -0.00158505 -0.00161231 -0.00166845 -0.00173596 -0.00163821 -0.00166441 -0.00165272 -0.0016846 -0.00165509 -0.00152527 -0.00154259 -0.00164731 -0.0016984 -0.00169331 -0.00158106 -0.00159193 -0.00158364 -0.00164331 -0.00168158 -0.00162288 -0.00158793 -0.0015881 -0.0015764 -0.00160854 -0.00166541 -0.00168885 -0.00160208 -0.00168745 -0.00165355 -0.0016226 -0.00172473 -0.00164517 -0.00165291 -0.00170258 -0.00152147 -0.00151423 -0.00165579 -0.00170284 -0.00167962 -0.00165922 -0.00164944 -0.0016748 -0.00167881 -0.001676 -0.00153542 -0.00151816 -0.00125153 
-0.00126324 -0.00122242 0.00213411 0.00211567 0.00234196 0.00240114 0.00256522 0.13053 0.00264474 0.00234825 0.00251509 0.00225015 0.00217525 -0.00143598 -0.00156554 -0.00161165 -0.0019497 -0.00193496 -0.00207038 -0.00216641 -0.00207313 -0.00204118 -0.00213837 -0.00201652 -0.00212208 -0.00214321 -0.00204448 -0.00194069 -0.00191756 -0.00183413 -0.0020202 -0.00198736 -0.00190013 -0.00191757 -0.00172862 -0.00174631 -0.00178043 -0.00177033 -0.00179942 -0.00184014 -0.00181453 -0.00169862 -0.00185372 -0.0017808 -0.00190937 -0.00174483 -0.00172856 -0.00160087 -0.00174478 -0.00170161 -0.00176149 -0.00174591 -0.00166641 -0.00169659 -0.00169499 -0.00173434 -0.00169471 -0.00178921 -0.00173084 -0.00161411 -0.0017029 -0.00159243 -0.00164155 -0.00163446 -0.0016507 -0.00160434 -0.00165974 -0.00156486 -0.00172052 -0.00163037 -0.00166961 -0.00160247 -0.00163967 -0.00168041 -0.0015134 -0.00150112 -0.00152701 -0.00164775 -0.00171238 -0.00168849 -0.00172046 -0.00167454 -0.00180621 -0.00167549 -0.00162136 -0.00160433 -0.00161741 -0.00158792 -0.00157317 -0.00166084 -0.00170178 -0.00162334 -0.00163738 -0.00167893 -0.00168776 -0.00162252 -0.00167359 -0.00165844 -0.00150272 -0.00142056 
-0.00135962 -0.00137153 -0.00130311 0.00207238 0.00215012 0.00229498 0.00241244 0.00264474 0.131619 0.00259206 0.00248912 0.00242285 0.00226995 0.00220365 -0.00146612 -0.00158106 -0.00176181 -0.00198781 -0.00202026 -0.0021334 -0.00201333 -0.00214421 -0.00211635 -0.00196528 -0.00219512 -0.00205681 -0.00200075 -0.00198731 -0.00199496 -0.00193803 -0.00185667 -0.0018734 -0.00187447 -0.00179857 -0.00173059 -0.00169152 -0.0018592 -0.00180989 -0.00178046 -0.00177571 -0.0017525 -0.00164815 -0.00171984 -0.00183295 -0.00186485 -0.00180887 -0.00177258 -0.00172027 -0.00173628 -0.00172667 -0.00165221 -0.00163562 -0.00174085 -0.00166409 -0.00161619 -0.00167995 -0.00174739 -0.0017046 -0.00161042 -0.00173722 -0.00169101 -0.00164174 -0.00160865 -0.00158586 -0.00170041 -0.00163618 -0.00175968 -0.00171303 -0.0016687 -0.00163472 -0.0016796 -0.00164388 -0.00164568 -0.00164078 -0.00162417 -0.00160314 -0.00157391 -0.00174791 -0.00176533 -0.00171133 -0.0017523 -0.00178453 -0.00166747 -0.00179347 -0.00176541 -0.00165341 -0.00169967 -0.00160369 -0.00161364 -0.00172603 -0.00170925 -0.00176471 -0.00170112 -0.00166694 -0.00180979 -0.00171876 -0.00168421 -0.00169211 -0.00170873 -0.00156113 
-0.00140462 -0.00137393 -0.00120169 -0.00116639 0.00205424 0.00214005 0.00233193 0.00234825 0.00259206 0.13007 0.00250744 0.00236232 0.00233019 0.00234359 -0.00146048 -0.00141731 -0.00164078 -0.00185606 -0.00192278 -0.00202567 -0.00210578 -0.00209128 -0.00208725 -0.00187642 -0.00209615 -0.00196733 -0.0018922 -0.00189263 -0.00192337 -0.00181953 -0.00182915 -0.00193573 -0.00192958 -0.00177195 -0.00169725 -0.00174669 -0.00180411 -0.00174207 -0.0017566 -0.00177115 -0.00170128 -0.00168448 -0.00183491 -0.00175156 -0.00175632 -0.00165241 -0.00169123 -0.00162739 -0.00158755 -0.00165496 -0.00168657 -0.00168126 -0.00160351 -0.00166994 -0.00164839 -0.00160654 -0.00154847 -0.00160347 -0.00169358 -0.00174724 -0.00172164 -0.00162279 -0.00158733 -0.00162567 -0.00158294 -0.00161855 -0.0016245 -0.00167194 -0.0015856 -0.00162138 -0.00177519 -0.00155183 -0.00152655 -0.00168952 -0.00161034 -0.00158471 -0.00155731 -0.00160101 -0.00159459 -0.0015613 -0.00160931 -0.00163765 -0.00166726 -0.00161827 -0.0016302 -0.00151044 -0.00152707 -0.00151941 -0.00147395 -0.00165906 -0.00161846 -0.00163903 -0.00170153 -0.00157758 -0.00165417 -0.00164455 -0.00159902 -0.0015864 -0.0016732 -0.00158144 
-0.00155792 -0.00160379 -0.00137306 -0.00135877 -0.00123335 0.00216086 0.00222713 0.00251509 0.00248912 0.00250744 0.134725 0.00270046 0.00253186 0.00247343 0.00235367 0.00237422 -0.00158589 -0.00172889 -0.00178089 -0.00206978 -0.00220887 -0.00215553 -0.00224067 -0.00199244 -0.00224731 -0.00225762 -0.00198339 -0.00204094 -0.00198973 -0.0018997 -0.0020665 -0.00199372 -0.00209431 -0.00192693 -0.00189978 -0.00182365 -0.00191768 -0.00199881 -0.00182225 -0.00185803 -0.00179014 -0.00192532 -0.00184491 -0.00188123 -0.00191999 -0.00188839 -0.00178317 -0.00173201 -0.00176757 -0.00175335 -0.00176929 -0.00180022 -0.00180576 -0.0017217 -0.00175555 -0.00168462 -0.00173223 -0.00172393 -0.0017817 -0.00161753 -0.00168979 -0.00169765 -0.00163174 -0.00169233 -0.0017374 -0.00165654 -0.00174211 -0.00170162 -0.00179633 -0.00182403 -0.0017845 -0.00175708 -0.0017395 -0.00173621 -0.00165825 -0.00154475 -0.00165675 -0.00175877 -0.00171811 -0.00176959 -0.0017665 -0.00168389 -0.00178046 -0.00174641 -0.00172636 -0.00169845 -0.00179681 -0.00167836 -0.00164534 -0.00169682 -0.00167401 -0.00165116 -0.00177523 -0.00173832 -0.00173067 -0.00176612 -0.00171182 -0.00175937 -0.00174452 -0.00160546 
-0.00167156 -0.00165154 -0.0015636 -0.00149584 -0.00139604 -0.00138305 0.00205135 0.00225015 0.00242285 0.00236232 0.00270046 0.136528 0.00267143 0.00260006 0.00244242 0.00251624 0.00237579 -0.00164834 -0.00163095 -0.00193683 -0.00208775 -0.00198871 -0.00221615 -0.00207473 -0.00227123 -0.00227307 -0.00208803 -0.00214486 -0.002088 -0.00206783 -0.00205809 -0.00201375 -0.00198681 -0.00196264 -0.00179201 -0.00181367 -0.00196546 -0.0020228 -0.00189401 -0.00187207 -0.00178774 -0.0017962 -0.0019217 -0.00187153 -0.00184833 -0.0018421 -0.0017768 -0.0017974 -0.00185427 -0.00182524 -0.00178645 -0.0017969 -0.00186616 -0.0017193 -0.00174172 -0.00177315 -0.0018802 -0.00182609 -0.00181194 -0.00185885 -0.00171452 -0.00177023 -0.00174244 -0.00165892 -0.00178033 -0.00177494 -0.00171184 -0.00174847 -0.00184721 -0.00163956 -0.00181478 -0.00173146 -0.00170847 -0.00175237 -0.00174025 -0.00162773 -0.00163165 -0.0016658 -0.00172837 -0.00170219 -0.00172 -0.00189488 -0.00166136 -0.00174984 -0.00182076 -0.00169047 -0.00170097 -0.00164597 -0.00173678 -0.00181958 -0.00172853 -0.00174735 -0.00183954 -0.00177795 -0.00175417 -0.00175884 -0.00177027 -0.00168172 -0.00183692 -0.00165182 
-0.00172171 -0.00170055 -0.00167109 -0.001526 -0.00144214 -0.00130759 -0.00126643 0.00217525 0.00226995 0.00233019 0.00253186 0.00267143 0.13529 0.00274173 0.00259827 0.00254419 0.00249689 -0.00162755 -0.00151898 -0.00189969 -0.00196692 -0.0020294 -0.00209291 -0.00204768 -0.00227775 -0.00209893 -0.00201539 -0.00201679 -0.00188451 -0.00199083 -0.00198802 -0.00193076 -0.00199731 -0.0018943 -0.00176699 -0.00168394 -0.00191382 -0.00191387 -0.00186344 -0.00191261 -0.00187638 -0.00172905 -0.0017849 -0.00181222 -0.00182772 -0.00177085 -0.00176842 -0.00169306 -0.00175238 -0.00167697 -0.00175286 -0.00165585 -0.0017459 -0.00173563 -0.00169609 -0.00169893 -0.00175881 -0.00169413 -0.00176836 -0.00166216 -0.00173539 -0.00175028 -0.00169661 -0.0016628 -0.00163773 -0.00164344 -0.00167094 -0.00178331 -0.00170008 -0.00166125 -0.00178078 -0.00174251 -0.00170476 -0.00172406 -0.00166745 -0.00168537 -0.00161713 -0.00176603 -0.00166302 -0.0017333 -0.0016849 -0.00172683 -0.00168797 -0.00174888 -0.00171833 -0.00164769 -0.00162764 -0.00164601 -0.00156422 -0.00169228 -0.00161929 -0.00177861 -0.00173201 -0.00171109 -0.0017837 -0.00168531 -0.00171295 -0.0016664 -0.00168433 -0.00167622 
-0.00188293 -0.00183316 -0.00185027 -0.00182952 -0.00162928 -0.00167491 -0.00152325 -0.00143598 0.00220365 0.00234359 0.00247343 0.00260006 0.00274173 0.140555 0.00286006 0.00286609 0.00273291 0.00240662 0.00250552 -0.00181184 -0.00181796 -0.0019044 -0.00205629 -0.00208273 -0.00236338 -0.00216244 -0.00224798 -0.00214782 -0.00218384 -0.00202614 -0.00215848 -0.002138 -0.00203339 -0.00206399 -0.00191365 -0.00196567 -0.0019958 -0.00201246 -0.00191342 -0.00196749 -0.00186695 -0.00202016 -0.00199702 -0.00195755 -0.00196501 -0.00198179 -0.00188872 -0.00185813 -0.00176535 -0.00188935 -0.00186301 -0.00186932 -0.00185226 -0.00186214 -0.0017707 -0.00184263 -0.00177605 -0.00182776 -0.00183436 -0.00184131 -0.00187 -0.00175821 -0.00176771 -0.00182516 -0.00179602 -0.00182618 -0.00181143 -0.00188058 -0.00177832 -0.00181101 -0.00182789 -0.00184359 -0.00188559 -0.00185229 -0.00169935 -0.00184313 -0.00169404 -0.00184714 -0.00188688 -0.00182099 -0.00181172 -0.00174223 -0.00189041 -0.00181089 -0.00179641 -0.00186009 -0.00183568 -0.00179625 -0.0017 -0.00180883 -0.0017597 -0.00178282 -0.00180691 -0.00182192 -0.00179181 -0.00180775 -0.00172633 -0.00178135 -0.00175505 -0.00172071 
-0.00178572 -0.00171624 -0.00178691 -0.00182892 -0.00187524 -0.00181325 -0.00172653 -0.00156554 -0.00146612 -0.00146048 0.00235367 0.00244242 0.00259827 0.00286006 0.139958 0.00298278 0.00294584 0.00276652 0.00271688 0.00260331 -0.00169349 -0.00175054 -0.0018104 -0.00200848 -0.00197983 -0.00217906 -0.00212356 -0.0020033 -0.00204261 -0.00202542 -0.00210781 -0.00204894 -0.00208214 -0.00206164 -0.00192678 -0.00194828 -0.00193744 -0.00195276 -0.00188557 -0.00195302 -0.00176876 -0.00185789 -0.0019413 -0.00186793 -0.00191179 -0.0018703 -0.00181981 -0.0018394 -0.00181987 -0.00183387 -0.00186322 -0.00178358 -0.00175073 -0.00175589 -0.00176313 -0.00184522 -0.00186994 -0.00182225 -0.00176382 -0.00175514 -0.00177916 -0.00185217 -0.00165208 -0.00173137 -0.00179044 -0.00171668 -0.00185617 -0.00179966 -0.00180912 -0.00189923 -0.00177335 -0.00185404 -0.00183375 -0.00180017 -0.0017339 -0.00175082 -0.00177267 -0.00177566 -0.00176967 -0.0017299 -0.00177637 -0.00192593 -0.0017456 -0.00182274 -0.00174032 -0.00178058 -0.0018067 -0.00168278 -0.00164443 -0.00176879 -0.00166299 -0.00175893 -0.00176914 -0.00188902 -0.00184671 -0.0017774 -0.00188403 -0.00180405 -0.00166674 -0.00174497 
-0.00183089 -0.00181791 -0.00173311 -0.00183745 -0.00172072 -0.00180803 -0.0016863 -0.00161165 -0.00158106 -0.00141731 0.00237422 0.00251624 0.00254419 0.00286609 0.00298278 0.141198 0.00296789 0.00271643 0.00282389 0.00247476 -0.00168224 -0.00181398 -0.00171541 -0.00198269 -0.00206833 -0.00219301 -0.00219768 -0.00214154 -0.0020868 -0.00204677 -0.00211943 -0.00209048 -0.00205097 -0.00203098 -0.00198856 -0.00190996 -0.00193875 -0.00200562 -0.00197167 -0.00188541 -0.00179519 -0.00182401 -0.00192731 -0.00183538 -0.00176791 -0.00198624 -0.00185696 -0.00188257 -0.00176411 -0.00182819 -0.00188292 -0.00187162 -0.00189829 -0.00175434 -0.00183966 -0.00173657 -0.0017085 -0.00179334 -0.00180581 -0.00187471 -0.00177294 -0.00179211 -0.00175526 -0.00177446 -0.00184929 -0.00174455 -0.00179752 -0.00185126 -0.00192426 -0.00188068 -0.0018809 -0.00183742 -0.00186519 -0.00187576 -0.00169642 -0.00174492 -0.00168762 -0.00180788 -0.0017968 -0.00181577 -0.00191061 -0.00180672 -0.00180642 -0.00177515 -0.00181819 -0.00178381 -0.00182663 -0.00175586 -0.00169475 -0.00180469 -0.00185042 -0.00166338 -0.00184775 -0.00182264 -0.00176787 -0.00164876 -0.00177952 -0.00175571 -0.00184152 -0.00175424 
-0.00197208 -0.00200785 -0.00202166 -0.00189609 -0.00200194 -0.00203904 -0.00199833 -0.0019497 -0.00176181 -0.00164078 -0.00158589 0.00237579 0.00249689 0.00273291 0.00294584 0.00296789 0.146254 0.00290713 0.00308917 0.00297664 0.00267153 0.00255281 -0.00154361 -0.00170633 -0.00201755 -0.0021289 -0.00222349 -0.00225985 -0.00221999 -0.00221801 -0.00220077 -0.00225313 -0.00220154 -0.00207145 -0.00199089 -0.00206 -0.00205797 -0.00201663 -0.00194335 -0.00197228 -0.00196236 -0.00198185 -0.00210437 -0.00203497 -0.00201964 -0.00201893 -0.00189512 -0.00194398 -0.00192379 -0.00201984 -0.00198493 -0.00200304 -0.00194254 -0.00192638 -0.00191437 -0.00197359 -0.0020209 -0.00196887 -0.00191301 -0.00199639 -0.00188433 -0.00189995 -0.00192557 -0.00178216 -0.00199724 -0.00201353 -0.00187959 -0.00197496 -0.00188209 -0.00193955 -0.00186044 -0.00189009 -0.00186013 -0.00194383 -0.00181087 -0.00187192 -0.00183821 -0.00188936 -0.00193614 -0.00191207 -0.00193775 -0.00189815 -0.00196946 -0.00193089 -0.00193946 -0.00190233 -0.00198104 -0.0018609 -0.00179473 -0.00197036 -0.0019047 -0.00191853 -0.00187174 -0.00194578 -0.00192814 -0.00189178 -0.0019842 -0.00196919 -0.0019843 -0.00188515 
-0.00187832 -0.00189013 -0.00185712 -0.00193507 -0.00184185 -0.00199221 -0.00192745 -0.00193496 -0.00198781 -0.00185606 -0.00172889 -0.00164834 -0.00162755 0.00240662 0.00276652 0.00271643 0.00290713 0.144648 0.00320846 0.0030817 0.00288494 0.00282246 0.00256031 -0.00148271 -0.00179586 -0.00187892 -0.00201407 -0.00219334 -0.00207629 -0.002061 -0.00217756 -0.00221863 -0.00206783 -0.00214516 -0.00199935 -0.00201167 -0.00219803 -0.00204855 -0.00207707 -0.00195082 -0.00184755 -0.00195272 -0.00199885 -0.00209045 -0.00203594 -0.0019556 -0.00187756 -0.00194335 -0.00190756 -0.00182592 -0.0018106 -0.00190227 -0.00192352 -0.00193713 -0.00187213 -0.00186692 -0.00178085 -0.00193169 -0.00187167 -0.00179877 -0.00188059 -0.00190303 -0.00181373 -0.00171427 -0.00191526 -0.00180794 -0.00180744 -0.00197616 -0.0017419 -0.00188222 -0.00168546 -0.00178658 -0.00192407 -0.00185027 -0.00176272 -0.00180526 -0.00174129 -0.00191426 -0.00185701 -0.00181291 -0.00181645 -0.00185174 -0.00190271 -0.00179458 -0.00179082 -0.00189378 -0.0017757 -0.00176683 -0.00176069 -0.00177654 -0.00189511 -0.00182122 -0.00183934 -0.00189868 -0.00187617 -0.00185587 -0.00191967 -0.00186507 -0.00186969 -0.00181551 
-0.00190544 -0.0019696 -0.00186185 -0.00192403 -0.00198119 -0.00204981 -0.00200485 -0.00207038 -0.00202026 -0.00192278 -0.00178089 -0.00163095 -0.00151898 0.00250552 0.00271688 0.00282389 0.00308917 0.00320846 0.14565 0.00311207 0.00298218 0.00275332 0.00273518 -0.00149224 -0.00175206 -0.00184924 -0.00199607 -0.00205427 -0.00199219 -0.00204298 -0.00213369 -0.00218386 -0.00208631 -0.00214455 -0.0019666 -0.00200538 -0.00212157 -0.00214431 -0.00200896 -0.00197365 -0.00202553 -0.001988 -0.00203971 -0.00202015 -0.00197334 -0.00200454 -0.00192699 -0.00187747 -0.00188351 -0.00191877 -0.00189585 -0.00191161 -0.00186557 -0.00189849 -0.00189042 -0.0018281 -0.0017733 -0.00192074 -0.00183085 -0.00183978 -0.0019324 -0.0018223 -0.00185959 -0.00180465 -0.0019234 -0.0017999 -0.00187439 -0.00189247 -0.00187527 -0.00195194 -0.00185559 -0.00195065 -0.00193769 -0.00194104 -0.00180169 -0.00185719 -0.00177422 -0.00183665 -0.00185905 -0.00188387 -0.00183177 -0.00178221 -0.00185924 -0.00194174 -0.00184826 -0.00189817 -0.00194465 -0.00174251 -0.00171091 -0.00194625 -0.00187028 -0.00188178 -0.00197184 -0.00182922 -0.00190677 -0.00190521 -0.00190089 -0.00183275 -0.00189076 -0.001746 
-0.00202462 -0.00191161 -0.00197857 -0.00201602 -0.00210185 -0.00217492 -0.00217323 -0.00216641 -0.0021334 -0.00202567 -0.00206978 -0.00193683 -0.00189969 -0.00181184 0.00260331 0.00247476 0.00297664 0.0030817 0.00311207 0.149743 0.00324404 0.00305705 0.00309586 0.00252897 0.00270397 -0.00178713 -0.00184314 -0.00196183 -0.00213503 -0.00215014 -0.00223739 -0.00228732 -0.00229643 -0.00219898 -0.00210687 -0.00206016 -0.00213924 -0.00221294 -0.00227112 -0.00213295 -0.00205362 -0.00199802 -0.00217984 -0.00206798 -0.00212531 -0.00201526 -0.00201413 -0.0020748 -0.00196042 -0.00208402 -0.00201663 -0.00201224 -0.00203481 -0.00194645 -0.00200453 -0.00201059 -0.00196031 -0.00204343 -0.00196933 -0.00196904 -0.00200965 -0.00201374 -0.00184004 -0.00193342 -0.00202843 -0.0019967 -0.00191384 -0.00192085 -0.00196402 -0.0019769 -0.00189504 -0.00195515 -0.00198314 -0.00187341 -0.00191206 -0.00187232 -0.00187552 -0.0020313 -0.00193807 -0.00196733 -0.00195056 -0.00199909 -0.00199736 -0.00194116 -0.00186955 -0.00200353 -0.00203859 -0.00182887 -0.00192688 -0.00191546 -0.00195508 -0.00195421 -0.00196117 -0.00192241 -0.00200161 -0.00193006 -0.0019262 -0.00191925 -0.00201618 -0.00187779 
-0.00193633 -0.00189926 -0.00191113 -0.00192643 -0.00195672 -0.0020774 -0.00213821 -0.00207313 -0.00201333 -0.00210578 -0.00220887 -0.00208775 -0.00196692 -0.00181796 -0.00169349 -0.00168224 0.00267153 0.00288494 0.00298218 0.00324404 0.146579 0.00324423 0.00312146 0.00271942 0.00278673 0.00257649 -0.00154694 -0.00176609 -0.00182031 -0.00192024 -0.00204954 -0.00212728 -0.00222558 -0.00210932 -0.00206077 -0.00199628 -0.00205921 -0.0020289 -0.00212374 -0.00209096 -0.00192437 -0.00187711 -0.00202502 -0.00200542 -0.00196694 -0.00197115 -0.00193967 -0.00190274 -0.00187327 -0.00187955 -0.00195685 -0.0018666 -0.00197319 -0.00188307 -0.00200314 -0.00176375 -0.00183463 -0.00189164 -0.00190384 -0.00195705 -0.00195148 -0.00189251 -0.00178988 -0.00175675 -0.00187143 -0.00179834 -0.00186832 -0.00204103 -0.00196709 -0.00171677 -0.00175058 -0.00194177 -0.00187098 -0.00187801 -0.00181491 -0.00172477 -0.00176989 -0.00192739 -0.00192535 -0.00185686 -0.00191336 -0.00192855 -0.00191833 -0.00184319 -0.00183906 -0.00184808 -0.00191566 -0.00177911 -0.00180416 -0.00190562 -0.00187907 -0.00189605 -0.00195047 -0.00197846 -0.00185493 -0.00195461 -0.00186285 -0.0019511 -0.00203409 -0.00181997 
-0.0019193 -0.00188191 -0.00189329 -0.0018898 -0.00193051 -0.00206286 -0.00204584 -0.00204118 -0.00214421 -0.00209128 -0.00215553 -0.00198871 -0.0020294 -0.0019044 -0.00175054 -0.00181398 0.00255281 0.00282246 0.00275332 0.00305705 0.00324423 0.146481 0.00309142 0.00294987 0.00277822 0.00270794 -0.00170509 -0.00183623 -0.00187241 -0.00190344 -0.00200358 -0.00212869 -0.00206468 -0.00206743 -0.00200568 -0.00198494 -0.0020431 -0.0020212 -0.00202001 -0.00205888 -0.00190921 -0.00195439 -0.00196897 -0.00197894 -0.00194574 -0.00209952 -0.00194055 -0.00181866 -0.00186952 -0.00194013 -0.001887 -0.00193371 -0.00188522 -0.00197819 -0.0019036 -0.00189394 -0.00183138 -0.00192773 -0.00185687 -0.00184083 -0.00184399 -0.00194532 -0.00179533 -0.00183408 -0.00189049 -0.0018965 -0.00185671 -0.001868 -0.00184857 -0.00200083 -0.00192577 -0.00192045 -0.00189856 -0.00181806 -0.00172898 -0.00186662 -0.0017895 -0.00189061 -0.00187931 -0.001769 -0.00183679 -0.00191307 -0.00188513 -0.00189493 -0.00189963 -0.00186897 -0.00187111 -0.00176083 -0.00172433 -0.00198242 -0.0019599 -0.0018694 -0.0018531 -0.00182011 -0.00197129 -0.00185433 -0.00198619 -0.00185568 -0.0019101 -0.00183186 
-0.00194067 -0.00190348 -0.00183074 -0.00190243 -0.00201041 -0.00211919 -0.00203531 -0.00213837 -0.00211635 -0.00208725 -0.00224067 -0.00221615 -0.00209291 -0.00205629 -0.0018104 -0.00171541 -0.00154361 0.00256031 0.00273518 0.00309586 0.00312146 0.00309142 0.145825 0.0029046 0.00296011 0.00265653 0.00239179 -0.00167572 -0.00173493 -0.00173885 -0.00183294 -0.00206314 -0.00211743 -0.00211129 -0.0019152 -0.00191746 -0.00209948 -0.00196715 -0.00195063 -0.00199689 -0.0019164 -0.00186172 -0.00198909 -0.00192438 -0.00201389 -0.00197957 -0.00187838 -0.00186826 -0.00193081 -0.0019068 -0.0018496 -0.00186516 -0.00199739 -0.00183796 -0.00189152 -0.00180367 -0.00179734 -0.00191406 -0.00185566 -0.00193215 -0.00190906 -0.00187482 -0.00177281 -0.00184128 -0.00183062 -0.00191186 -0.0017879 -0.00190217 -0.00187995 -0.00187117 -0.00189684 -0.00188389 -0.00181602 -0.00191408 -0.00180924 -0.00179361 -0.00182998 -0.0018929 -0.00197375 -0.00182999 -0.00184147 -0.00183891 -0.00196001 -0.00194669 -0.00185493 -0.00181377 -0.00185274 -0.00185998 -0.00179655 -0.0018935 -0.00189128 -0.00184005 -0.00183265 -0.0018344 -0.00180208 -0.00191714 -0.00187099 -0.00198253 -0.00186661 -0.00172982 
-0.00171747 -0.00186813 -0.00172995 -0.00187859 -0.00193287 -0.00191827 -0.00198385 -0.00201652 -0.00196528 -0.00187642 -0.00199244 -0.00207473 -0.00204768 -0.00208273 -0.00200848 -0.00198269 -0.00170633 -0.00148271 -0.00149224 0.00252897 0.00271942 0.00294987 0.0029046 0.1413 0.00308301 0.00278526 0.00245613 0.00237877 -0.00147593 -0.00151275 -0.00169427 -0.0017245 -0.001847 -0.00183369 -0.00186466 -0.00180099 -0.00187497 -0.00181731 -0.00178174 -0.00177338 -0.00183466 -0.00186175 -0.00184743 -0.00183704 -0.00182883 -0.00189455 -0.00174832 -0.00182005 -0.00176097 -0.00183283 -0.00183965 -0.00178782 -0.00184749 -0.00179773 -0.00176662 -0.00179836 -0.00182397 -0.00171926 -0.00170546 -0.00169342 -0.00175077 -0.0017367 -0.00164003 -0.00167487 -0.00172358 -0.00183009 -0.0018307 -0.00187645 -0.00177712 -0.00165893 -0.00174222 -0.00180692 -0.00173314 -0.00179776 -0.00168667 -0.00163755 -0.00172516 -0.00181824 -0.00179754 -0.00169903 -0.00169492 -0.0017968 -0.00169114 -0.00178784 -0.00183424 -0.00178715 -0.00172416 -0.0017073 -0.00170721 -0.00169925 -0.00182986 -0.00173182 -0.00180045 -0.00180481 -0.00171689 -0.0017673 -0.00183485 -0.00188043 -0.0018121 -0.00174934 
-0.00197125 -0.00187358 -0.00201839 -0.00200848 -0.00206966 -0.00215276 -0.00211147 -0.00212208 -0.00219512 -0.00209615 -0.00224731 -0.00227123 -0.00227775 -0.00236338 -0.00197983 -0.00206833 -0.00201755 -0.00179586 -0.00175206 0.00270397 0.00278673 0.00277822 0.00296011 0.00308301 0.145871 0.00317836 0.00276852 0.00247919 0.00233037 0.00235522 -0.0015146 -0.00169442 -0.00186953 -0.00181349 -0.00188989 -0.00197849 -0.00201033 -0.00199406 -0.00206747 -0.00199056 -0.00199843 -0.0019611 -0.00201317 -0.00213535 -0.00189697 -0.00205985 -0.00190634 -0.00196448 -0.00194271 -0.00194983 -0.00190769 -0.00197889 -0.00185629 -0.00192189 -0.001874 -0.00196211 -0.00197708 -0.0019748 -0.00190371 -0.00185951 -0.00191991 -0.00197337 -0.00182767 -0.00178042 -0.00185857 -0.00186143 -0.00188726 -0.00200573 -0.00193138 -0.00181438 -0.00185948 -0.00192297 -0.00187671 -0.00186633 -0.00188971 -0.00175144 -0.00177193 -0.00193141 -0.00197052 -0.00194385 -0.00186898 -0.00199558 -0.0019951 -0.00180662 -0.00192552 -0.00193974 -0.00186862 -0.0017608 -0.00192476 -0.00191011 -0.00198024 -0.00188122 -0.00197089 -0.00202147 -0.0019974 -0.0019817 -0.0018962 -0.00191719 -0.00188525 -0.00186376 
-0.00191699 -0.00196645 -0.00194301 -0.00195179 -0.00204381 -0.00199132 -0.00216848 -0.00214321 -0.00205681 -0.00196733 -0.00225762 -0.00227307 -0.00209893 -0.00216244 -0.00217906 -0.00219301 -0.0021289 -0.00187892 -0.00184924 -0.00178713 0.00257649 0.00270794 0.00265653 0.00278526 0.00317836 0.144521 0.00283429 0.00275447 0.00257723 0.0025213 0.00238234 -0.00155262 -0.00171339 -0.00173581 -0.00180058 -0.00179037 -0.00202959 -0.00199992 -0.00196249 -0.00209194 -0.00186726 -0.0019186 -0.00205758 -0.00204343 -0.00200367 -0.00197972 -0.0019416 -0.00195106 -0.00186254 -0.00194662 -0.00188832 -0.00187009 -0.00189918 -0.0019293 -0.00194906 -0.00193102 -0.00179386 -0.00188072 -0.00196531 -0.0018962 -0.00185542 -0.00195102 -0.00183032 -0.00187296 -0.0018912 -0.00185904 -0.00186552 -0.00189959 -0.0019406 -0.00191084 -0.00197811 -0.00186512 -0.00192979 -0.00182535 -0.00180087 -0.00193863 -0.00181058 -0.00182765 -0.00183461 -0.00191246 -0.00184132 -0.00181726 -0.00188237 -0.00186081 -0.00185559 -0.00192164 -0.00196928 -0.0018584 -0.001774 -0.00183883 -0.00183479 -0.0018888 -0.00191486 -0.00196224 -0.00188707 -0.00195097 -0.00186228 -0.00199783 -0.00187352 -0.00189455 
-0.00170079 -0.00171472 -0.0017903 -0.00178816 -0.00181164 -0.00202259 -0.00197498 -0.00204448 -0.00200075 -0.0018922 -0.00198339 -0.00208803 -0.00201539 -0.00224798 -0.00212356 -0.00219768 -0.00222349 -0.00201407 -0.00199607 -0.00184314 -0.00154694 -0.00170509 0.00239179 0.00245613 0.00276852 0.00283429 0.138976 0.00281315 0.00276871 0.00259391 0.00233434 0.00229939 -0.0014055 -0.00147068 -0.00154752 -0.00158348 -0.00176468 -0.00186673 -0.0018411 -0.00181903 -0.00181311 -0.00177712 -0.00187585 -0.00189351 -0.00183275 -0.00180898 -0.00181712 -0.00173852 -0.00181418 -0.00189286 -0.00184873 -0.0018379 -0.00176305 -0.00171525 -0.00183723 -0.00180625 -0.00182039 -0.00181694 -0.00175539 -0.00179885 -0.00166521 -0.00182033 -0.00173747 -0.00167505 -0.00175616 -0.00176537 -0.00171164 -0.00188318 -0.00177576 -0.00184755 -0.00175002 -0.00175839 -0.00176692 -0.00170287 -0.00165801 -0.00167101 -0.00165682 -0.00172165 -0.00181839 -0.00172421 -0.00176745 -0.00181338 -0.00175317 -0.00181412 -0.00173517 -0.00173922 -0.00180227 -0.00176874 -0.00173259 -0.00168066 -0.00181788 -0.00182722 -0.00170541 -0.00181018 -0.00169027 -0.00173166 -0.00175237 -0.00178296 -0.00172726 -0.00163057 
-0.00177618 -0.00175527 -0.00183302 -0.00176342 -0.00175913 -0.00180368 -0.0018947 -0.00194069 -0.00198731 -0.00189263 -0.00204094 -0.00214486 -0.00201679 -0.00214782 -0.0020033 -0.00214154 -0.00225985 -0.00219334 -0.00205427 -0.00196183 -0.00176609 -0.00183623 -0.00167572 0.00237877 0.00247919 0.00275447 0.00281315 0.137269 0.00279424 0.00273 0.00256311 0.00240943 0.00230397 -0.00134112 -0.0014291 -0.00145284 -0.00165187 -0.00172444 -0.00182781 -0.00192945 -0.00180306 -0.00173796 -0.00187393 -0.0019171 -0.00183582 -0.00187653 -0.00168017 -0.00177581 -0.00180615 -0.00177553 -0.001746 -0.00173522 -0.00173334 -0.00168658 -0.00175057 -0.0017207 -0.001809 -0.00175185 -0.00176968 -0.00176984 -0.00180066 -0.00172409 -0.00165059 -0.0017536 -0.00176517 -0.00170246 -0.00179072 -0.0017131 -0.0017186 -0.00181926 -0.00179182 -0.00174001 -0.00166616 -0.00171061 -0.00158616 -0.00165231 -0.00163175 -0.00171653 -0.00162493 -0.00174256 -0.00172158 -0.00178816 -0.00169186 -0.00167648 -0.00175716 -0.0016749 -0.00182278 -0.00156497 -0.00161067 -0.00166939 -0.00176301 -0.00177583 -0.00172605 -0.00181453 -0.00173146 -0.00173309 -0.00173711 -0.00185201 -0.00185867 -0.00166447 
-0.00172661 -0.001659 -0.00173821 -0.00186319 -0.00171106 -0.00184923 -0.00188054 -0.00191756 -0.00199496 -0.00192337 -0.00198973 -0.002088 -0.00188451 -0.00218384 -0.00204261 -0.0020868 -0.00221999 -0.00207629 -0.00199219 -0.00213503 -0.00182031 -0.00187241 -0.00173493 -0.00147593 0.00233037 0.00257723 0.00276871 0.00279424 0.135359 0.0028439 0.00259875 0.00247463 0.00241941 0.00219555 -0.00133962 -0.00138147 -0.00158983 -0.00169129 -0.0017222 -0.0017434 -0.00167598 -0.00172147 -0.00178133 -0.00176985 -0.00180918 -0.0017789 -0.00170018 -0.00168968 -0.00176145 -0.00169915 -0.00175655 -0.00167406 -0.00177355 -0.00177191 -0.00174032 -0.0016894 -0.00172856 -0.00169744 -0.0017275 -0.00175987 -0.00161878 -0.00171341 -0.0016217 -0.00160745 -0.00166087 -0.00173937 -0.00169465 -0.00167375 -0.00176359 -0.00178747 -0.00174953 -0.00174868 -0.00176205 -0.00177338 -0.00158871 -0.00160398 -0.00160628 -0.00170688 -0.00174952 -0.00176544 -0.00175436 -0.00170971 -0.00175161 -0.00177601 -0.00171738 -0.00176059 -0.00171982 -0.00162181 -0.00165046 -0.0017956 -0.00174911 -0.0016587 -0.0017371 -0.00173117 -0.00172209 -0.00174205 -0.00175161 -0.00165773 -0.00175315 -0.00162558 
-0.00161361 -0.00177511 -0.00168657 -0.00168584 -0.00180219 -0.00186785 -0.00191847 -0.00183413 -0.00193803 -0.00181953 -0.0018997 -0.00206783 -0.00199083 -0.00202614 -0.00202542 -0.00204677 -0.00221801 -0.002061 -0.00204298 -0.00215014 -0.00192024 -0.00190344 -0.00173885 -0.00151275 0.00235522 0.0025213 0.00259391 0.00273 0.0028439 0.133711 0.00259272 0.00248636 0.00233507 0.00219584 -0.00137296 -0.00139239 -0.00152276 -0.00160439 -0.00175413 -0.00174522 -0.00173791 -0.00174633 -0.00181071 -0.00180659 -0.00176489 -0.00174671 -0.001717 -0.0017473 -0.00172361 -0.00165142 -0.00169788 -0.00165482 -0.00173849 -0.00174915 -0.00169742 -0.00172309 -0.0016259 -0.00175875 -0.00170175 -0.00167942 -0.00166282 -0.00165216 -0.00158408 -0.00165474 -0.00160591 -0.00167745 -0.00167802 -0.00178771 -0.00170361 -0.00172558 -0.00172271 -0.00175027 -0.00169663 -0.00163985 -0.0016739 -0.00163857 -0.00155433 -0.00164681 -0.00168777 -0.00153143 -0.00162855 -0.0017086 -0.00167831 -0.00163483 -0.00162815 -0.00165089 -0.00166226 -0.00170532 -0.00161172 -0.00167182 -0.0017781 -0.00161958 -0.00162877 -0.00170256 -0.00168775 -0.00183196 -0.00171389 -0.00181549 -0.00165923 -0.00165692 
-0.00168047 -0.00176821 -0.00176289 -0.00177799 -0.00180605 -0.00188957 -0.00189907 -0.0020202 -0.00185667 -0.00182915 -0.0020665 -0.00205809 -0.00198802 -0.00215848 -0.00210781 -0.00211943 -0.00220077 -0.00217756 -0.00213369 -0.00223739 -0.00204954 -0.00200358 -0.00183294 -0.00169427 -0.0015146 0.00238234 0.00233434 0.00256311 0.00259875 0.00259272 0.134436 0.00267248 0.00255479 0.00244147 0.00204957 0.0021727 -0.00131027 -0.00147146 -0.00156996 -0.00168313 -0.00170754 -0.0018193 -0.00191078 -0.0017619 -0.00184673 -0.00184817 -0.0017561 -0.00173819 -0.00179768 -0.00178895 -0.0017258 -0.00167241 -0.00174792 -0.00178464 -0.00173464 -0.00170934 -0.00171182 -0.00171163 -0.00167772 -0.00169608 -0.00167417 -0.00172576 -0.00162483 -0.00161253 -0.00173996 -0.00173906 -0.00174363 -0.00170769 -0.00173223 -0.0016933 -0.00171926 -0.00175833 -0.00171745 -0.00174029 -0.00163386 -0.00175785 -0.00164831 -0.00172631 -0.00174658 -0.00180319 -0.00175145 -0.00175873 -0.00177724 -0.0017843 -0.0017852 -0.00170308 -0.00174175 -0.00161915 -0.00165542 -0.00170693 -0.00176554 -0.00174329 -0.00171888 -0.00180173 -0.00172528 -0.00170761 -0.00173098 -0.00188117 -0.00170669 -0.00167381 
-0.00163247 -0.00173865 -0.00173534 -0.00173059 -0.00171602 -0.00192003 -0.00184313 -0.00198736 -0.0018734 -0.00193573 -0.00199372 -0.00201375 -0.00193076 -0.002138 -0.00204894 -0.00209048 -0.00225313 -0.00221863 -0.00218386 -0.00228732 -0.00212728 -0.00212869 -0.00206314 -0.0017245 -0.00169442 -0.00155262 0.00229939 0.00240943 0.00247463 0.00248636 0.00267248 0.133075 0.00263724 0.00250235 0.00218588 0.00214682 0.00211274 -0.00118979 -0.00144162 -0.00150176 -0.00159231 -0.00160895 -0.00175026 -0.00176836 -0.00173014 -0.00168909 -0.00175089 -0.00169891 -0.00176014 -0.00175962 -0.00180919 -0.00168616 -0.00167322 -0.00166567 -0.00174922 -0.0016977 -0.00168438 -0.00175382 -0.00173571 -0.00176232 -0.00168817 -0.00173191 -0.00156078 -0.00161928 -0.00172477 -0.00168636 -0.00176417 -0.00174469 -0.00170536 -0.00174898 -0.00172057 -0.00175518 -0.00172648 -0.00177447 -0.0016902 -0.00157604 -0.00163321 -0.00169889 -0.00170382 -0.00166059 -0.00171231 -0.00174879 -0.00166188 -0.00168816 -0.00164374 -0.00167051 -0.0017595 -0.00166093 -0.0016484 -0.00172529 -0.00166534 -0.00181997 -0.00170303 -0.00169457 -0.00172247 -0.00177348 -0.00168879 -0.00178927 -0.00164902 -0.00164161 
-0.00169006 -0.00170376 -0.00170396 -0.00168812 -0.00175908 -0.00192279 -0.00186062 -0.00190013 -0.00187447 -0.00192958 -0.00209431 -0.00198681 -0.00199731 -0.00203339 -0.00208214 -0.00205097 -0.00220154 -0.00206783 -0.00208631 -0.00229643 -0.00222558 -0.00206468 -0.00211743 -0.001847 -0.00186953 -0.00171339 -0.0014055 0.00230397 0.00241941 0.00233507 0.00255479 0.00263724 0.131419 0.00256419 0.00238198 0.00231929 0.00211091 0.00208425 -0.00125382 -0.00143984 -0.00146647 -0.00147489 -0.0015981 -0.00168611 -0.00172129 -0.00174293 -0.00176595 -0.00167249 -0.00168159 -0.00170332 -0.00182395 -0.00177866 -0.00167232 -0.00171744 -0.00168824 -0.00173265 -0.00165672 -0.00168316 -0.00173588 -0.00164958 -0.00166918 -0.00163528 -0.00160728 -0.00163325 -0.00174407 -0.001716 -0.00163924 -0.00161217 -0.00160665 -0.00165205 -0.00168856 -0.00170138 -0.0015957 -0.00169826 -0.00161723 -0.00161493 -0.00166277 -0.0017161 -0.00167597 -0.00166011 -0.0017541 -0.00163601 -0.00171749 -0.00173946 -0.00163054 -0.0017404 -0.00164874 -0.00163658 -0.0016116 -0.00169397 -0.0016438 -0.00164816 -0.00168928 -0.00166313 -0.00171411 -0.00166714 -0.00167345 -0.00168119 -0.00172685 -0.00155002 
