0.12322 0.00226164 0.00221224 0.00210335 0.00202232 0.0019548 -0.00119926 -0.00133417 -0.00140213 -0.00146634 -0.00163447 -0.00183285 -0.00168945 -0.00188225 -0.00177309 -0.0017991 -0.00191658 -0.00184654 -0.00183823 -0.00196009 -0.00186158 -0.00187268 -0.00188407 -0.00180345 -0.00190324 -0.0018597 -0.0017953 -0.00174619 -0.00175804 -0.00169139 -0.0017765 -0.00167395 -0.00171528 -0.00164615 -0.00154069 -0.0015499 -0.0016175 -0.001567 -0.00168263 -0.00159832 -0.00155051 -0.00154611 -0.00152506 -0.00160009 -0.00159283 -0.00159097 -0.00152564 -0.00150296 -0.00159552 -0.00154916 -0.00149818 -0.00158257 -0.00159709 -0.00159141 -0.00159021 -0.00156098 -0.00150254 -0.00149776 -0.00156723 -0.00142687 -0.00155855 -0.0015002 -0.00148281 -0.00144881 -0.00157445 -0.00153348 -0.00149416 -0.00152292 -0.00153573 -0.00150752 -0.0015664 -0.00156172 -0.0014782 -0.00147497 -0.00139154 -0.00141772 -0.00142406 -0.00161847 -0.00152883 -0.00149245 -0.00148286 -0.00149597 -0.00151197 -0.0015602 -0.00151751 -0.00147592 -0.00157961 -0.00142325 -0.00146742 -0.00146336 -0.00149849 -0.00136125 -0.00120452 -0.0012924 -0.00127695 -0.00117787 0.00186072 0.00202545 0.00205819 0.00229582 
0.00226164 0.123512 0.00222167 0.00223876 0.00208035 0.002108 0.00202054 -0.00126659 -0.00126404 -0.00141624 -0.00153102 -0.00177095 -0.00169337 -0.0017707 -0.00186623 -0.00178502 -0.00196035 -0.00184698 -0.00192733 -0.00198189 -0.00194509 -0.00196776 -0.00183001 -0.00177247 -0.00204013 -0.00186781 -0.00177852 -0.00179092 -0.00170626 -0.0016941 -0.00174614 -0.00175134 -0.0016596 -0.00167343 -0.00158141 -0.00163513 -0.00159422 -0.00155723 -0.00170037 -0.00154959 -0.00158489 -0.00151937 -0.0015782 -0.00159481 -0.00155859 -0.00163943 -0.00145735 -0.00157948 -0.0016234 -0.00156096 -0.00151057 -0.00150742 -0.00154265 -0.00141862 -0.00148893 -0.00149929 -0.00147157 -0.00145018 -0.00146781 -0.00149636 -0.00152288 -0.00148605 -0.00151794 -0.00158622 -0.00148184 -0.00149976 -0.00154462 -0.00151052 -0.0015035 -0.00146123 -0.00156573 -0.00151442 -0.0015956 -0.0015616 -0.00150578 -0.00137424 -0.00141335 -0.00148403 -0.00153677 -0.00153213 -0.00151352 -0.00152727 -0.00141626 -0.00153988 -0.00148092 -0.00155266 -0.00155981 -0.00155724 -0.00143614 -0.00157349 -0.00153515 -0.00151439 -0.00133881 -0.001339 -0.00131455 -0.00127365 -0.00116048 0.00181538 0.00206021 0.0019854 
0.00221224 0.00222167 0.123527 0.0023216 0.002176 0.00209925 0.00207107 0.00208716 -0.00113806 -0.00122744 -0.0014552 -0.00161461 -0.00158659 -0.00186447 -0.00181376 -0.00186537 -0.00203251 -0.00192531 -0.00191338 -0.00198716 -0.00197613 -0.00197793 -0.00201932 -0.0018462 -0.00193498 -0.00189327 -0.00177775 -0.00176993 -0.00170386 -0.00169761 -0.00162579 -0.0016246 -0.00168112 -0.00169704 -0.0015499 -0.00155597 -0.0016774 -0.00169667 -0.00173221 -0.00169752 -0.00158675 -0.00158801 -0.00165542 -0.00160678 -0.00165917 -0.00160929 -0.00156185 -0.00148895 -0.00150497 -0.00150494 -0.00156746 -0.00156177 -0.00143341 -0.00144999 -0.00148111 -0.00149117 -0.0014635 -0.00153297 -0.00150056 -0.00146425 -0.00148284 -0.00148603 -0.00147454 -0.0014788 -0.00156059 -0.00145041 -0.00152783 -0.00148335 -0.00158626 -0.00152528 -0.00155037 -0.00148923 -0.00153709 -0.00156345 -0.00145792 -0.00138688 -0.00154613 -0.0015286 -0.001507 -0.0014899 -0.00159821 -0.00153551 -0.00145271 -0.00155678 -0.00157994 -0.00154365 -0.00151716 -0.00150148 -0.00154503 -0.00145813 -0.00147116 -0.00156665 -0.00148076 -0.0014747 -0.00136089 -0.00126943 -0.00124578 -0.00110981 0.00195298 0.00198228 
0.00210335 0.00223876 0.0023216 0.124436 0.00229476 0.00233114 0.00219193 0.00214565 0.00207366 -0.00118716 -0.0014052 -0.00144958 -0.00156447 -0.0018106 -0.00183744 -0.00187423 -0.0019732 -0.00187353 -0.00192454 -0.00200757 -0.00198829 -0.00197421 -0.00198782 -0.00190651 -0.00203887 -0.00192015 -0.00182205 -0.00177719 -0.00169203 -0.00176708 -0.00183621 -0.00174353 -0.00174213 -0.00166984 -0.00158089 -0.00161633 -0.00161314 -0.00160465 -0.00170484 -0.00165526 -0.00160579 -0.00160429 -0.00163886 -0.00153163 -0.0016075 -0.00154009 -0.00158839 -0.00155757 -0.00158724 -0.00160327 -0.00158629 -0.00154878 -0.0016038 -0.00154247 -0.0015113 -0.00150965 -0.00164431 -0.00153325 -0.0014944 -0.00153774 -0.00157858 -0.00157052 -0.00142423 -0.0014859 -0.00154403 -0.00162309 -0.00145648 -0.00159564 -0.00150942 -0.00152451 -0.00151819 -0.00148378 -0.00152211 -0.00153824 -0.00148792 -0.00143247 -0.00138179 -0.00152615 -0.00153161 -0.00152295 -0.00157459 -0.00154118 -0.00148479 -0.00147786 -0.001569 -0.00151725 -0.00152222 -0.00141922 -0.00146905 -0.00145461 -0.00152705 -0.00151479 -0.00153085 -0.00161362 -0.00151494 -0.00135917 -0.00133777 -0.00127955 -0.00115586 0.00190889 
0.00202232 0.00208035 0.002176 0.00229476 0.125358 0.00240051 0.00242637 0.00221532 0.0022609 0.0020186 -0.00126679 -0.00141306 -0.00143204 -0.00169477 -0.00184886 -0.00179206 -0.00191476 -0.00200807 -0.00199042 -0.00205862 -0.00201198 -0.0019957 -0.0019217 -0.00183002 -0.00197589 -0.0020033 -0.00182874 -0.00184453 -0.00178485 -0.00173503 -0.00182867 -0.00179439 -0.00177607 -0.00178717 -0.00156644 -0.00168322 -0.00163786 -0.00159479 -0.00174279 -0.00164722 -0.00168777 -0.00157062 -0.00163243 -0.00157072 -0.00162926 -0.00161874 -0.00154103 -0.00157223 -0.00149528 -0.00150271 -0.00147787 -0.00154564 -0.00151227 -0.00156962 -0.00152249 -0.00160667 -0.00159245 -0.00157783 -0.0014982 -0.00156959 -0.00156366 -0.00155821 -0.00149791 -0.00146197 -0.00151527 -0.00151474 -0.00151259 -0.00153392 -0.00151528 -0.00154798 -0.00152682 -0.00161007 -0.00149883 -0.00151036 -0.00137158 -0.00149158 -0.00138273 -0.00155672 -0.00154485 -0.00150428 -0.00156916 -0.00153861 -0.00150944 -0.001518 -0.00152193 -0.00165995 -0.00157446 -0.00150954 -0.00151118 -0.00161167 -0.00163647 -0.00153476 -0.00153392 -0.00148116 -0.00159034 -0.00158109 -0.00148138 -0.0013838 -0.00138818 -0.00119591 
0.0019548 0.002108 0.00209925 0.00233114 0.00240051 0.128221 0.00246992 0.00240116 0.00222579 0.00224185 0.00214007 -0.00129066 -0.00137582 -0.0015538 -0.00174934 -0.00183848 -0.00208673 -0.00197772 -0.00198265 -0.00219079 -0.00203984 -0.00200023 -0.00198471 -0.00192485 -0.00208162 -0.00200965 -0.0019473 -0.00198137 -0.00188452 -0.00183276 -0.00191061 -0.00187607 -0.00188205 -0.00180259 -0.00170459 -0.00175628 -0.00174303 -0.00172246 -0.00177532 -0.00173291 -0.001684 -0.00164322 -0.00166722 -0.00181578 -0.001741 -0.00174973 -0.00161949 -0.0017092 -0.00167573 -0.00160522 -0.00157943 -0.00166825 -0.00157493 -0.00152061 -0.00157685 -0.00165246 -0.00161475 -0.00166023 -0.00157602 -0.00167145 -0.00171508 -0.00163959 -0.00153013 -0.00149294 -0.00164628 -0.00161088 -0.00164037 -0.00169324 -0.00160461 -0.00161395 -0.00160562 -0.0016349 -0.00162938 -0.00166745 -0.00154228 -0.00148594 -0.00157846 -0.0015333 -0.00159914 -0.00168187 -0.00153746 -0.00163924 -0.00167628 -0.00168372 -0.00165175 -0.00171636 -0.0016484 -0.00159395 -0.00158595 -0.00168119 -0.00165586 -0.001632 -0.00166921 -0.00168303 -0.00160409 -0.00161136 -0.00150671 -0.00138992 -0.00140546 -0.00123217 
-0.00119926 0.00202054 0.00207107 0.00219193 0.00242637 0.00246992 0.128997 0.00251964 0.00240981 0.00241924 0.00224878 0.00222138 -0.00122931 -0.00150401 -0.00170153 -0.00174255 -0.00193171 -0.00207218 -0.0020513 -0.00212957 -0.00214103 -0.00204517 -0.00207883 -0.00196494 -0.00208822 -0.0021078 -0.00189869 -0.00190969 -0.0018519 -0.00186333 -0.00196539 -0.00184079 -0.00191722 -0.00181593 -0.00176259 -0.00178696 -0.00182856 -0.00172432 -0.00179967 -0.00176776 -0.00167795 -0.00170651 -0.00176701 -0.00181613 -0.00171624 -0.00174466 -0.00164924 -0.00164643 -0.00159991 -0.00165131 -0.00168604 -0.00158242 -0.00159243 -0.00168263 -0.00173119 -0.00168065 -0.00165513 -0.00164606 -0.00165109 -0.00162816 -0.00167749 -0.00159814 -0.00167779 -0.0015752 -0.00170255 -0.00171024 -0.00156927 -0.00166227 -0.00170502 -0.00170073 -0.0016036 -0.00159521 -0.00170112 -0.00166374 -0.00161165 -0.00170878 -0.00152754 -0.00162948 -0.00167174 -0.00162942 -0.00167771 -0.00158351 -0.00164719 -0.001637 -0.00157485 -0.00163739 -0.00154229 -0.00154869 -0.00157594 -0.0016821 -0.00173429 -0.00162361 -0.00160583 -0.00158562 -0.00158704 -0.00162866 -0.00163717 -0.00156964 -0.00140856 -0.00135651 
-0.00133417 -0.00126659 0.00208716 0.00214565 0.00221532 0.00240116 0.00251964 0.130199 0.00255505 0.00247498 0.002442 0.00227258 0.00214295 -0.0015225 -0.00156587 -0.00161969 -0.001849 -0.00199632 -0.00202711 -0.00223839 -0.00212572 -0.00214226 -0.00204576 -0.00199736 -0.00211302 -0.00210246 -0.00196128 -0.00197329 -0.0019644 -0.00183631 -0.00197525 -0.00184872 -0.00196783 -0.00185454 -0.00177296 -0.00167453 -0.00178124 -0.0017667 -0.00181873 -0.001799 -0.00176678 -0.00174652 -0.00180965 -0.00177274 -0.00167916 -0.00177145 -0.00177519 -0.00175394 -0.00165244 -0.00173911 -0.00173731 -0.00165439 -0.00159433 -0.00171689 -0.00155337 -0.00157546 -0.00166609 -0.00169644 -0.00170439 -0.00156418 -0.00169003 -0.00160913 -0.00162617 -0.00155926 -0.00164899 -0.0016032 -0.00167617 -0.00169868 -0.00164345 -0.00175828 -0.0015908 -0.0016622 -0.00163001 -0.00167575 -0.00162046 -0.00161555 -0.00158306 -0.00167682 -0.00160708 -0.00168488 -0.00164649 -0.00176129 -0.0016649 -0.00169384 -0.00164808 -0.00166569 -0.00159141 -0.00154006 -0.00154335 -0.00166995 -0.00164064 -0.00158024 -0.00163347 -0.00167816 -0.0016382 -0.00175752 -0.00168497 -0.00172885 -0.00148628 -0.00147138 
-0.00140213 -0.00126404 -0.00113806 0.00207366 0.0022609 0.00222579 0.00240981 0.00255505 0.131487 0.00257616 0.00240398 0.00247943 0.00222473 0.00222754 -0.00155639 -0.00150545 -0.00176542 -0.00194682 -0.00196985 -0.00216478 -0.00206058 -0.00208627 -0.00211758 -0.0019763 -0.00223895 -0.00218616 -0.00200122 -0.001973 -0.00206714 -0.00196003 -0.00194928 -0.0019173 -0.00197494 -0.00182234 -0.00177446 -0.00169071 -0.00179727 -0.00178295 -0.00176809 -0.00184145 -0.00178198 -0.00178023 -0.00177016 -0.00182417 -0.00176925 -0.00182476 -0.00163304 -0.00169031 -0.00174037 -0.00172247 -0.00172551 -0.00161035 -0.0016843 -0.00165021 -0.00159577 -0.00173843 -0.0017561 -0.00169157 -0.00172071 -0.00176536 -0.00172749 -0.00165429 -0.00160351 -0.00162707 -0.00168478 -0.00173482 -0.00161177 -0.00173659 -0.00168244 -0.00158664 -0.00172082 -0.00169741 -0.00169855 -0.00171301 -0.0015562 -0.00170965 -0.00163732 -0.00168229 -0.00165653 -0.00169846 -0.00167357 -0.00176216 -0.00171666 -0.00170986 -0.0015337 -0.00169835 -0.00161455 -0.00154496 -0.00157732 -0.00168888 -0.0016753 -0.00168675 -0.00169635 -0.00172393 -0.00168886 -0.00172575 -0.00169662 -0.00167614 -0.00169343 -0.00154695 
-0.00146634 -0.00141624 -0.00122744 -0.00118716 0.0020186 0.00224185 0.00241924 0.00247498 0.00257616 0.1301 0.00245942 0.00241691 0.00231623 0.00229504 -0.00146672 -0.00149124 -0.00179151 -0.00189848 -0.00191377 -0.00216644 -0.00199525 -0.00205556 -0.00195263 -0.00200019 -0.00210331 -0.00208375 -0.00190182 -0.00187593 -0.0019144 -0.00184944 -0.0018956 -0.00186062 -0.00190598 -0.00177043 -0.00176896 -0.0016635 -0.00173073 -0.00178031 -0.00172252 -0.00174795 -0.00166584 -0.00167256 -0.00173826 -0.00176198 -0.00175129 -0.00176075 -0.00163912 -0.00173849 -0.00160546 -0.0016686 -0.00148681 -0.0015873 -0.00164403 -0.00160727 -0.00165962 -0.00160679 -0.00162476 -0.00159356 -0.00159464 -0.00155528 -0.00167546 -0.00172884 -0.00155052 -0.00155668 -0.00166077 -0.00162729 -0.00164382 -0.00164539 -0.00163073 -0.00165446 -0.00166341 -0.00163303 -0.00164372 -0.00162893 -0.00159051 -0.0015209 -0.00159975 -0.00161222 -0.00161293 -0.00154829 -0.00166962 -0.00160605 -0.00162076 -0.00166045 -0.00153155 -0.00155655 -0.00157581 -0.00156239 -0.0015442 -0.00163016 -0.00166769 -0.00163507 -0.00166151 -0.00168443 -0.00159129 -0.00160644 -0.0016239 -0.00174229 -0.0016203 -0.00153327 
-0.00163447 -0.00153102 -0.0014552 -0.0014052 -0.00126679 0.00214007 0.00224878 0.002442 0.00240398 0.00245942 0.134768 0.00269318 0.00257142 0.002591 0.00239942 0.00248817 -0.00160621 -0.00174748 -0.00184437 -0.00203855 -0.0021156 -0.00211894 -0.00203542 -0.00197753 -0.00223775 -0.00210365 -0.00204755 -0.00199108 -0.00206255 -0.00196321 -0.00198907 -0.00201633 -0.0019948 -0.0020395 -0.00175588 -0.00182063 -0.00175129 -0.00184557 -0.00187219 -0.00182647 -0.00177991 -0.00171692 -0.00189978 -0.00181215 -0.00181376 -0.00184205 -0.00181812 -0.00180312 -0.00183935 -0.00183124 -0.00174031 -0.0017486 -0.00175908 -0.00184067 -0.00179121 -0.00179852 -0.00179015 -0.0018334 -0.00179899 -0.00174217 -0.00183621 -0.00179899 -0.00162133 -0.00168695 -0.00178617 -0.0017525 -0.00179117 -0.00163027 -0.00181636 -0.00172361 -0.00182197 -0.00170744 -0.00173284 -0.00173925 -0.00161859 -0.00156491 -0.00168288 -0.00173614 -0.00166367 -0.00170138 -0.00177642 -0.00172 -0.00187017 -0.00175568 -0.00177211 -0.00174388 -0.00180393 -0.00166238 -0.00166164 -0.0017015 -0.00174818 -0.0017032 -0.00171918 -0.00170271 -0.00171811 -0.00174088 -0.00178658 -0.00175116 -0.00172163 -0.0016393 
-0.00183285 -0.00177095 -0.00161461 -0.00144958 -0.00141306 -0.00129066 0.00222138 0.00227258 0.00247943 0.00241691 0.00269318 0.136532 0.00264908 0.0027675 0.00264888 0.00247824 0.00242208 -0.00160515 -0.00163922 -0.00194378 -0.00206744 -0.00205479 -0.00218972 -0.00202119 -0.00229234 -0.00221766 -0.00206931 -0.0020593 -0.00200636 -0.00205621 -0.00213318 -0.00199482 -0.00207945 -0.00203115 -0.00196196 -0.00184407 -0.00206757 -0.00190196 -0.00190619 -0.00204497 -0.00170505 -0.00177228 -0.00191704 -0.0019668 -0.00183774 -0.00188493 -0.00179222 -0.0017629 -0.00179448 -0.00185799 -0.00171994 -0.00180453 -0.00176224 -0.00177037 -0.0017451 -0.00179294 -0.00173433 -0.00173677 -0.00177 -0.00174414 -0.00179922 -0.00183883 -0.00164811 -0.00163571 -0.00171151 -0.00185493 -0.00175583 -0.00178751 -0.00173971 -0.00175411 -0.00179644 -0.0017171 -0.00174553 -0.00187394 -0.00171902 -0.00174914 -0.00173047 -0.00166177 -0.00172487 -0.00177009 -0.00177454 -0.00178449 -0.00178548 -0.00173058 -0.00173893 -0.00177973 -0.00181301 -0.00174934 -0.00170793 -0.0017049 -0.00176827 -0.00168815 -0.00173833 -0.0017585 -0.00184117 -0.00166419 -0.00183406 -0.00176391 -0.00178273 -0.00172796 
-0.00168945 -0.00169337 -0.00158659 -0.00156447 -0.00143204 -0.00137582 -0.00122931 0.00214295 0.00222473 0.00231623 0.00257142 0.00264908 0.135416 0.00281137 0.00262836 0.00266413 0.00248119 -0.00158907 -0.00155032 -0.00192985 -0.00194079 -0.00201229 -0.00226154 -0.00204175 -0.0021809 -0.00220613 -0.00214555 -0.00202576 -0.00201279 -0.00193769 -0.00210321 -0.00188702 -0.00189345 -0.00188365 -0.00178404 -0.00170594 -0.00189251 -0.00177613 -0.00184393 -0.00187767 -0.00170509 -0.00172726 -0.00179804 -0.00180379 -0.00176775 -0.00190692 -0.00180899 -0.00176111 -0.00174451 -0.00170239 -0.00172019 -0.00172167 -0.00168982 -0.00177042 -0.00175259 -0.00166312 -0.00168126 -0.0017483 -0.00176371 -0.00161936 -0.00168022 -0.00166199 -0.00165 -0.00160341 -0.00170574 -0.00164814 -0.00169262 -0.00162691 -0.00173624 -0.0016678 -0.00184566 -0.00169026 -0.00167931 -0.00172692 -0.00165245 -0.00165496 -0.00165791 -0.00173169 -0.00176856 -0.00179596 -0.00174374 -0.00171678 -0.00166784 -0.00170282 -0.00171714 -0.00170439 -0.00168152 -0.00163634 -0.00164186 -0.00165703 -0.00166332 -0.00177616 -0.00174607 -0.00180337 -0.00176044 -0.00171258 -0.00169605 -0.00172276 -0.00170288 -0.00166652 
-0.00188225 -0.0017707 -0.00186447 -0.0018106 -0.00169477 -0.0015538 -0.00150401 -0.0015225 0.00222754 0.00229504 0.002591 0.0027675 0.00281137 0.14043 0.00286686 0.00280528 0.00277936 0.00250979 0.00251556 -0.00163655 -0.00185219 -0.00183067 -0.00207115 -0.00219433 -0.0023366 -0.0022981 -0.00213131 -0.00213857 -0.00210654 -0.00205671 -0.00208834 -0.00210301 -0.00206658 -0.00209932 -0.00186638 -0.00194629 -0.0019866 -0.00191983 -0.00200813 -0.0019619 -0.0018335 -0.00196347 -0.00187378 -0.00189879 -0.00194768 -0.00197237 -0.00185433 -0.00183533 -0.00187254 -0.00179565 -0.00178972 -0.0018449 -0.00180872 -0.00182865 -0.00185145 -0.00185578 -0.00193448 -0.00193022 -0.00183105 -0.00181484 -0.00193324 -0.00190676 -0.00176672 -0.00174771 -0.00185427 -0.00180434 -0.00187135 -0.0017663 -0.00190449 -0.00187315 -0.00179211 -0.001813 -0.00187332 -0.0018527 -0.00171746 -0.00164864 -0.00173036 -0.00179248 -0.00179049 -0.00180286 -0.00183478 -0.00174889 -0.00191368 -0.00191707 -0.00181376 -0.00185442 -0.00185879 -0.00178668 -0.00174091 -0.00182352 -0.00193206 -0.00173477 -0.00184262 -0.00182188 -0.00189773 -0.00177805 -0.00184557 -0.00190771 -0.00189508 -0.00176997 
-0.00177309 -0.00186623 -0.00181376 -0.00183744 -0.00184886 -0.00174934 -0.00170153 -0.00156587 -0.00155639 -0.00146672 0.00239942 0.00264888 0.00262836 0.00286686 0.139633 0.00304383 0.00300497 0.00272943 0.0027244 0.00257381 -0.00165774 -0.00157409 -0.00184007 -0.00191744 -0.00212374 -0.00215373 -0.00215996 -0.00201086 -0.00221622 -0.00211441 -0.00207421 -0.00201878 -0.00203965 -0.00203411 -0.00184818 -0.00183609 -0.00202468 -0.00190039 -0.00185471 -0.00196613 -0.00182112 -0.00178987 -0.00188578 -0.00200683 -0.00191489 -0.0019386 -0.00176246 -0.00181656 -0.00180111 -0.00184319 -0.00182257 -0.00182425 -0.00171641 -0.00183453 -0.00184483 -0.00181264 -0.00177994 -0.00180639 -0.00181576 -0.0016906 -0.00184776 -0.00184279 -0.00180226 -0.00169622 -0.00170034 -0.00181012 -0.00177038 -0.00172463 -0.00187548 -0.00179997 -0.0017841 -0.00176555 -0.00176768 -0.00183294 -0.00165439 -0.00166067 -0.00170891 -0.00173257 -0.00181075 -0.00180613 -0.00182892 -0.00183223 -0.00178134 -0.00177655 -0.00172687 -0.00181384 -0.00178501 -0.00172559 -0.00171932 -0.00174192 -0.00180564 -0.00180184 -0.00180612 -0.00185406 -0.00182866 -0.00174738 -0.00176603 -0.00183369 -0.00189712 -0.0017143 
-0.0017991 -0.00178502 -0.00186537 -0.00187423 -0.00179206 -0.00183848 -0.00174255 -0.00161969 -0.00150545 -0.00149124 0.00248817 0.00247824 0.00266413 0.00280528 0.00304383 0.141343 0.00293625 0.00271869 0.00273265 0.0025146 -0.00164425 -0.001831 -0.00181733 -0.00186615 -0.00204646 -0.00236707 -0.00211698 -0.00205523 -0.00217056 -0.00197602 -0.00218424 -0.00207526 -0.00196915 -0.00206703 -0.00192084 -0.00194456 -0.00194076 -0.00192286 -0.00201141 -0.00203523 -0.00189209 -0.00184412 -0.00190545 -0.00192129 -0.00194678 -0.00184822 -0.00185909 -0.00176972 -0.00192089 -0.00186403 -0.00175543 -0.00189184 -0.00171605 -0.00181194 -0.00191108 -0.00178198 -0.00171743 -0.0018199 -0.00182369 -0.00182701 -0.00179369 -0.00185353 -0.00179325 -0.00173905 -0.00181804 -0.0017637 -0.00184103 -0.00177353 -0.00178836 -0.00179331 -0.00188562 -0.00188959 -0.0018455 -0.00189088 -0.00164967 -0.00168092 -0.00174051 -0.00188264 -0.00179266 -0.00175195 -0.00174111 -0.00180295 -0.00176679 -0.00177217 -0.00175942 -0.00188345 -0.00184489 -0.00172659 -0.00170612 -0.00171619 -0.00184685 -0.00180641 -0.0017455 -0.00183365 -0.00173906 -0.00186555 -0.00176634 -0.00179817 -0.00176168 -0.00177047 
-0.00191658 -0.00196035 -0.00203251 -0.0019732 -0.00191476 -0.00208673 -0.00193171 -0.001849 -0.00176542 -0.00179151 -0.00160621 0.00242208 0.00248119 0.00277936 0.00300497 0.00293625 0.14586 0.00303133 0.00309587 0.00291543 0.00253495 0.00266698 -0.00170415 -0.00177874 -0.00197987 -0.00215602 -0.00222378 -0.00221265 -0.0022815 -0.00203427 -0.0021908 -0.00218378 -0.00220649 -0.00227257 -0.00201933 -0.00205479 -0.00208495 -0.00206768 -0.00209904 -0.00210785 -0.00195355 -0.00204356 -0.00206513 -0.00199075 -0.00207017 -0.00197008 -0.00195721 -0.00190928 -0.00189922 -0.00196554 -0.00193026 -0.00188823 -0.00190526 -0.00194636 -0.00195425 -0.00192797 -0.00190484 -0.00189753 -0.00183456 -0.0018931 -0.00194649 -0.00191515 -0.00181849 -0.00191849 -0.00193725 -0.00180264 -0.00187066 -0.00190613 -0.00188342 -0.00197265 -0.00187555 -0.00197017 -0.00191639 -0.0019687 -0.00191233 -0.00185001 -0.00184194 -0.0019319 -0.0018871 -0.002019 -0.00195714 -0.00195601 -0.00192278 -0.00187368 -0.00195715 -0.00196138 -0.00190039 -0.00184906 -0.00194256 -0.001911 -0.00191491 -0.00187913 -0.00190759 -0.00188926 -0.00195463 -0.00192581 -0.00195805 -0.00190282 -0.00188506 -0.00174242 
-0.00184654 -0.00184698 -0.00192531 -0.00187353 -0.00200807 -0.00197772 -0.00207218 -0.00199632 -0.00194682 -0.00189848 -0.00174748 -0.00160515 -0.00158907 0.00250979 0.00272943 0.00271869 0.00303133 0.14457 0.00319575 0.00322092 0.00277401 0.00281908 0.00268832 -0.00154665 -0.00170192 -0.0019173 -0.00203929 -0.0021603 -0.00211499 -0.0020735 -0.00221486 -0.0021566 -0.00200837 -0.00211498 -0.00193729 -0.00198678 -0.00213452 -0.00204472 -0.00197391 -0.00207611 -0.00189919 -0.00194832 -0.00193589 -0.00200735 -0.00198371 -0.00193739 -0.00182923 -0.0018059 -0.00190287 -0.00191826 -0.00172014 -0.00180496 -0.00186384 -0.00191216 -0.00188857 -0.00178682 -0.0018747 -0.00185266 -0.00186011 -0.00184144 -0.00192753 -0.00182916 -0.00181086 -0.00176876 -0.00189486 -0.00189406 -0.00186175 -0.00189378 -0.00192638 -0.00185986 -0.00196583 -0.00183207 -0.00182339 -0.00177028 -0.00180408 -0.00180877 -0.00174803 -0.00194804 -0.00191895 -0.00181965 -0.00188165 -0.00192753 -0.00189383 -0.00188694 -0.00177186 -0.00178322 -0.00196046 -0.00176202 -0.0017749 -0.00185533 -0.00187919 -0.00185911 -0.00182572 -0.00179817 -0.00184818 -0.00182958 -0.00189717 -0.00189135 -0.00188974 -0.00182581 
-0.00183823 -0.00192733 -0.00191338 -0.00192454 -0.00199042 -0.00198265 -0.0020513 -0.00202711 -0.00196985 -0.00191377 -0.00184437 -0.00163922 -0.00155032 0.00251556 0.0027244 0.00273265 0.00309587 0.00319575 0.145589 0.00307014 0.00286671 0.00280607 0.00264831 -0.00157002 -0.00170686 -0.00197923 -0.00205186 -0.0021036 -0.00212792 -0.00202727 -0.00216691 -0.00213858 -0.00208526 -0.00203062 -0.00196468 -0.00198168 -0.00209979 -0.00200778 -0.0019882 -0.00202421 -0.00196533 -0.00191146 -0.00198131 -0.00198159 -0.0020688 -0.00198567 -0.00186923 -0.00184243 -0.00184821 -0.00188199 -0.00186938 -0.00186168 -0.0018146 -0.0018442 -0.00185 -0.00199416 -0.00187213 -0.00193979 -0.001923 -0.00186103 -0.00196393 -0.00188307 -0.00189161 -0.00179978 -0.00184455 -0.00187042 -0.00183779 -0.0018958 -0.001876 -0.00176738 -0.00185647 -0.00177771 -0.00185411 -0.00187013 -0.00180503 -0.00182742 -0.00180508 -0.00183299 -0.00188058 -0.00191988 -0.00186435 -0.00170946 -0.00190132 -0.00196454 -0.00186877 -0.00182779 -0.00191944 -0.00177691 -0.00174058 -0.00189208 -0.00188209 -0.00195201 -0.00187771 -0.00186763 -0.00196062 -0.00185203 -0.00195146 -0.00187517 -0.00189652 -0.00181133 
-0.00196009 -0.00198189 -0.00198716 -0.00200757 -0.00205862 -0.00219079 -0.00212957 -0.00223839 -0.00216478 -0.00216644 -0.00203855 -0.00194378 -0.00192985 -0.00163655 0.00257381 0.0025146 0.00291543 0.00322092 0.00307014 0.149515 0.00321221 0.0032124 0.0029752 0.00264733 0.00264985 -0.00172475 -0.00190001 -0.00203745 -0.00205086 -0.00207895 -0.00210709 -0.00241803 -0.00220681 -0.00213575 -0.00204837 -0.00204451 -0.00212218 -0.00211785 -0.00208653 -0.00214432 -0.0020748 -0.00187712 -0.00208054 -0.00207278 -0.00203948 -0.00209561 -0.00198111 -0.00207415 -0.00185785 -0.00191633 -0.00193136 -0.00203809 -0.00198804 -0.00195252 -0.00205115 -0.00206426 -0.00208142 -0.00203751 -0.00197517 -0.00196112 -0.00198494 -0.00196161 -0.00187298 -0.00187619 -0.00184839 -0.00194443 -0.00206569 -0.00197565 -0.00193457 -0.0020117 -0.00204292 -0.00195541 -0.00187881 -0.00195012 -0.00192066 -0.00193606 -0.0018428 -0.00193232 -0.00197441 -0.00192252 -0.00193443 -0.00202048 -0.00195214 -0.0019662 -0.00203161 -0.0019227 -0.00201242 -0.00190252 -0.00200427 -0.00199842 -0.00207043 -0.00203425 -0.00199869 -0.00208289 -0.00200525 -0.00201503 -0.00199792 -0.00198463 -0.00198733 -0.00194558 
-0.00186158 -0.00194509 -0.00197613 -0.00198829 -0.00201198 -0.00203984 -0.00214103 -0.00212572 -0.00206058 -0.00199525 -0.0021156 -0.00206744 -0.00194079 -0.00185219 -0.00165774 -0.00164425 0.00253495 0.00277401 0.00286671 0.00321221 0.146552 0.00329198 0.00302604 0.0027056 0.00278667 0.00249502 -0.00158625 -0.00172606 -0.00189944 -0.0019228 -0.0019973 -0.00213303 -0.00205141 -0.00207384 -0.00197206 -0.00205496 -0.00206533 -0.00204033 -0.002099 -0.00202233 -0.00200483 -0.00188469 -0.0019743 -0.00208144 -0.00204931 -0.00200956 -0.00191985 -0.00196355 -0.00186965 -0.00196992 -0.00190087 -0.00185808 -0.00187193 -0.00196948 -0.00191347 -0.00192752 -0.00187892 -0.00185375 -0.00197236 -0.00188324 -0.00191987 -0.00190514 -0.00181848 -0.00187779 -0.00181901 -0.00189152 -0.00193707 -0.00189305 -0.00181858 -0.00184148 -0.00181513 -0.00189328 -0.00184592 -0.00188706 -0.00181809 -0.00175396 -0.00177251 -0.00186969 -0.00201876 -0.0019375 -0.00186418 -0.00182397 -0.00187491 -0.00189974 -0.0018623 -0.00186212 -0.00181591 -0.00188531 -0.00177472 -0.00194963 -0.00186272 -0.00188826 -0.00182505 -0.00183416 -0.00185853 -0.00182483 -0.00189096 -0.00184054 -0.00189938 -0.00174999 
-0.00187268 -0.00196776 -0.00197793 -0.00197421 -0.0019957 -0.00200023 -0.00204517 -0.00214226 -0.00208627 -0.00205556 -0.00211894 -0.00205479 -0.00201229 -0.00183067 -0.00157409 -0.001831 0.00266698 0.00281908 0.00280607 0.0032124 0.00329198 0.146304 0.00318381 0.00284909 0.0027552 0.00259903 -0.00170595 -0.00176782 -0.00199742 -0.00175484 -0.00195065 -0.00219058 -0.00208069 -0.0021081 -0.0020555 -0.00202356 -0.00213392 -0.00197712 -0.00217214 -0.00208641 -0.0019245 -0.00188723 -0.00194313 -0.00204411 -0.0020227 -0.00201698 -0.0019389 -0.00201271 -0.00182579 -0.00190853 -0.0019554 -0.00187242 -0.00185618 -0.00190584 -0.00180411 -0.00188797 -0.00184304 -0.00193713 -0.00192419 -0.001803 -0.00192998 -0.00196138 -0.00178006 -0.00189288 -0.00186669 -0.00191611 -0.00186361 -0.00189666 -0.0019315 -0.0018784 -0.00192351 -0.00183555 -0.00182465 -0.00187008 -0.00180826 -0.00175129 -0.00172705 -0.00190882 -0.0019384 -0.00179389 -0.00189554 -0.00185872 -0.00192726 -0.00186755 -0.00192641 -0.00178631 -0.00185537 -0.00182724 -0.00175442 -0.0018276 -0.00188975 -0.00192055 -0.00183605 -0.0018277 -0.0018788 -0.0018807 -0.00190291 -0.00190945 -0.00193529 -0.00182288 
-0.00188407 -0.00183001 -0.00201932 -0.00198782 -0.0019217 -0.00198471 -0.00207883 -0.00204576 -0.00211758 -0.00195263 -0.00203542 -0.00218972 -0.00226154 -0.00207115 -0.00184007 -0.00181733 -0.00170415 0.00268832 0.00264831 0.0029752 0.00302604 0.00318381 0.145625 0.00298092 0.00300839 0.00273112 0.00236733 -0.00161883 -0.00172196 -0.00169904 -0.00190405 -0.00204613 -0.00214095 -0.00208322 -0.00205322 -0.0020073 -0.00205922 -0.00202739 -0.00203104 -0.00207394 -0.00190774 -0.00189285 -0.00202371 -0.00203748 -0.00193278 -0.00196776 -0.00188033 -0.00191828 -0.00186949 -0.0018412 -0.00189513 -0.00184112 -0.00178238 -0.00185139 -0.00191403 -0.00188663 -0.0018517 -0.00188469 -0.00185648 -0.00189675 -0.00191568 -0.00191464 -0.00173855 -0.00174691 -0.00189112 -0.00183697 -0.00194248 -0.00191119 -0.00187504 -0.00196773 -0.00191001 -0.00192638 -0.0018476 -0.00188608 -0.00180965 -0.00185067 -0.00175901 -0.00186378 -0.00185256 -0.00190894 -0.00189922 -0.00198373 -0.00187561 -0.00195525 -0.00188574 -0.00182906 -0.00184614 -0.00180389 -0.00165511 -0.00176592 -0.00175166 -0.00182522 -0.00181714 -0.00182499 -0.0018037 -0.0017951 -0.00190587 -0.00190685 -0.00187483 -0.00173464 
-0.00180345 -0.00177247 -0.0018462 -0.00190651 -0.00183002 -0.00192485 -0.00196494 -0.00199736 -0.0019763 -0.00200019 -0.00197753 -0.00202119 -0.00204175 -0.00219433 -0.00191744 -0.00186615 -0.00177874 -0.00154665 -0.00157002 0.00264733 0.0027056 0.00284909 0.00298092 0.141064 0.00304056 0.00290294 0.00257164 0.00239062 -0.00151931 -0.00138696 -0.00161744 -0.00176154 -0.00179155 -0.00200011 -0.00191135 -0.0018338 -0.00192676 -0.00201242 -0.00190566 -0.00182087 -0.00171649 -0.00177683 -0.00182034 -0.00180389 -0.00184321 -0.00183159 -0.00161132 -0.00177075 -0.00170993 -0.0018103 -0.00177906 -0.00169346 -0.00176486 -0.00165208 -0.00181586 -0.00175201 -0.00178708 -0.0018836 -0.00177926 -0.00171219 -0.0017384 -0.00183407 -0.00160508 -0.00180327 -0.00178555 -0.00175182 -0.00181999 -0.00175338 -0.00183187 -0.0018067 -0.0017356 -0.00176401 -0.00169442 -0.00174394 -0.00162466 -0.00163934 -0.00157506 -0.00176368 -0.00177654 -0.00187498 -0.00172114 -0.00181548 -0.00180483 -0.00178535 -0.00187077 -0.00180477 -0.00170115 -0.00175065 -0.00179138 -0.00180215 -0.00184282 -0.00181586 -0.00175481 -0.00170635 -0.00175778 -0.00172912 -0.00174096 -0.00180471 -0.00180955 -0.00168227 
-0.00190324 -0.00204013 -0.00193498 -0.00203887 -0.00197589 -0.00208162 -0.00208822 -0.00211302 -0.00223895 -0.00210331 -0.00223775 -0.00229234 -0.0021809 -0.0023366 -0.00212374 -0.00204646 -0.00197987 -0.00170192 -0.00170686 0.00264985 0.00278667 0.0027552 0.00300839 0.00304056 0.146005 0.00306577 0.002786 0.00268787 0.00258418 0.00230509 -0.00148276 -0.00166042 -0.00181349 -0.00184633 -0.00193284 -0.00194981 -0.00198041 -0.00199932 -0.0020433 -0.00207649 -0.00196845 -0.00202131 -0.00200093 -0.00211499 -0.00203492 -0.00203249 -0.00188553 -0.00190094 -0.00198376 -0.00188414 -0.00196375 -0.00190388 -0.00202747 -0.00189045 -0.00192287 -0.00196217 -0.00182134 -0.00191024 -0.00188267 -0.00194367 -0.00190806 -0.00189739 -0.00178017 -0.0018429 -0.00193879 -0.00182999 -0.00195181 -0.00187713 -0.00187704 -0.0019093 -0.00186339 -0.00186136 -0.00180988 -0.00190629 -0.0019075 -0.00196334 -0.00187852 -0.00189363 -0.00203046 -0.00198071 -0.00196555 -0.00192943 -0.00188378 -0.00196085 -0.0019233 -0.00193356 -0.00190725 -0.00173412 -0.00187647 -0.00194108 -0.00203624 -0.00196153 -0.00204366 -0.00203603 -0.00193249 -0.00193382 -0.00195063 -0.00202947 -0.00196731 -0.00185407 
-0.0018597 -0.00186781 -0.00189327 -0.00192015 -0.0020033 -0.00200965 -0.0021078 -0.00210246 -0.00218616 -0.00208375 -0.00210365 -0.00221766 -0.00220613 -0.0022981 -0.00215373 -0.00236707 -0.00215602 -0.0019173 -0.00197923 -0.00172475 0.00249502 0.00259903 0.00273112 0.00290294 0.00306577 0.144273 0.0029339 0.00277176 0.00263535 0.00252116 0.00240107 -0.00156278 -0.00161956 -0.00176404 -0.00179209 -0.00182833 -0.00198591 -0.00202893 -0.00193236 -0.00192822 -0.00196224 -0.00187404 -0.00195609 -0.00196398 -0.00196493 -0.00193324 -0.00186742 -0.00196795 -0.00189988 -0.00193029 -0.00194822 -0.00185255 -0.00192048 -0.00190817 -0.00193907 -0.00186033 -0.00188394 -0.00186158 -0.0019832 -0.00187664 -0.00193059 -0.00202328 -0.00181077 -0.00181179 -0.00192467 -0.00192552 -0.00198109 -0.00192791 -0.00186277 -0.00188395 -0.00188992 -0.0019095 -0.00199294 -0.00183847 -0.00182297 -0.00182723 -0.00180431 -0.00188093 -0.00197126 -0.00182502 -0.00184381 -0.00195447 -0.0018494 -0.00196887 -0.00183755 -0.00192894 -0.00184442 -0.00181556 -0.00179286 -0.00189108 -0.0018711 -0.00179623 -0.00188635 -0.0019544 -0.00187517 -0.00193159 -0.00192358 -0.00187253 -0.00187664 -0.00181648 
-0.0017953 -0.00177852 -0.00177775 -0.00182205 -0.00182874 -0.0019473 -0.00189869 -0.00196128 -0.00200122 -0.00190182 -0.00204755 -0.00206931 -0.00214555 -0.00213131 -0.00215996 -0.00211698 -0.00222378 -0.00203929 -0.00205186 -0.00190001 -0.00158625 -0.00170595 0.00236733 0.00257164 0.002786 0.0029339 0.139097 0.00279414 0.00276518 0.00260218 0.00246126 0.00228903 -0.00144934 -0.00147717 -0.0016418 -0.0016408 -0.00187156 -0.00186504 -0.00179703 -0.00183305 -0.00171537 -0.00186427 -0.00188887 -0.00188399 -0.00195027 -0.00196861 -0.00179238 -0.00179233 -0.00181242 -0.00176405 -0.00182512 -0.00173007 -0.00174027 -0.00173326 -0.00177888 -0.00176123 -0.00176549 -0.00169853 -0.00176516 -0.00191584 -0.00175704 -0.00173012 -0.00173419 -0.00178801 -0.00172181 -0.00181796 -0.00175694 -0.00175582 -0.00171411 -0.00177476 -0.00174552 -0.0018146 -0.00177179 -0.00172289 -0.00165175 -0.00176385 -0.00169181 -0.00176006 -0.00170265 -0.00176312 -0.0017777 -0.00181039 -0.00181137 -0.00177883 -0.00186626 -0.00175605 -0.00170278 -0.0017176 -0.00165357 -0.00186201 -0.00170754 -0.00175855 -0.00176704 -0.00174439 -0.00172537 -0.00175324 -0.00166639 -0.00178053 -0.00174568 -0.00173051 
-0.00174619 -0.00179092 -0.00176993 -0.00177719 -0.00184453 -0.00198137 -0.00190969 -0.00197329 -0.001973 -0.00187593 -0.00199108 -0.0020593 -0.00202576 -0.00213857 -0.00201086 -0.00205523 -0.00221265 -0.0021603 -0.0021036 -0.00203745 -0.00172606 -0.00176782 -0.00161883 0.00239062 0.00268787 0.00277176 0.00279414 0.13694 0.00279896 0.00268829 0.00239084 0.00228796 0.00224047 -0.00131121 -0.00151926 -0.00155221 -0.00168681 -0.00162821 -0.00191926 -0.00188747 -0.00176178 -0.00175546 -0.00176556 -0.001862 -0.00184684 -0.00183996 -0.00173963 -0.00173835 -0.00172602 -0.00172933 -0.00178988 -0.00164363 -0.00174912 -0.00176401 -0.00180726 -0.00176235 -0.00174145 -0.00178151 -0.00170585 -0.00175281 -0.00173809 -0.0018253 -0.00166847 -0.00167525 -0.00173876 -0.0017556 -0.00158891 -0.0016917 -0.00170991 -0.00178885 -0.001682 -0.00165597 -0.00171099 -0.0017128 -0.00163039 -0.00167556 -0.00162843 -0.00166054 -0.00176803 -0.00174688 -0.00169836 -0.00171957 -0.00175657 -0.00171466 -0.00173725 -0.00167623 -0.00185737 -0.00163687 -0.00170835 -0.00174674 -0.00177154 -0.0017915 -0.00180261 -0.00169169 -0.001709 -0.00166895 -0.00173119 -0.00174511 -0.00174642 -0.00171166 
-0.00175804 -0.00170626 -0.00170386 -0.00169203 -0.00178485 -0.00188452 -0.0018519 -0.0019644 -0.00206714 -0.0019144 -0.00206255 -0.00200636 -0.00201279 -0.00210654 -0.00221622 -0.00217056 -0.0022815 -0.00211499 -0.00212792 -0.00205086 -0.00189944 -0.00199742 -0.00172196 -0.00151931 0.00258418 0.00263535 0.00276518 0.00279896 0.135467 0.00276493 0.00271763 0.00257199 0.00239019 0.00229541 -0.00132777 -0.00127067 -0.00151665 -0.00156496 -0.00169215 -0.00178167 -0.00172186 -0.00175945 -0.00177379 -0.00180012 -0.00185668 -0.00175453 -0.0017323 -0.00177417 -0.00174606 -0.00169972 -0.00174389 -0.00174533 -0.00173226 -0.00175205 -0.0017628 -0.00172967 -0.00175863 -0.00183202 -0.00170069 -0.00186574 -0.001754 -0.00169756 -0.00160607 -0.0016451 -0.00174576 -0.00170591 -0.00171663 -0.00165228 -0.0017515 -0.00173761 -0.00172446 -0.00174134 -0.00178924 -0.00171693 -0.00167005 -0.00171852 -0.00157491 -0.00164408 -0.00172544 -0.00167755 -0.00171731 -0.00165297 -0.0016417 -0.00171907 -0.00173138 -0.00163255 -0.00168739 -0.00155218 -0.00160477 -0.00172129 -0.00170082 -0.00170788 -0.00175799 -0.00175671 -0.00179093 -0.0017032 -0.00173144 -0.0017172 -0.00179978 -0.00165805 
-0.00169139 -0.0016941 -0.00169761 -0.00176708 -0.00173503 -0.00183276 -0.00186333 -0.00183631 -0.00196003 -0.00184944 -0.00196321 -0.00205621 -0.00193769 -0.00205671 -0.00211441 -0.00197602 -0.00203427 -0.0020735 -0.00202727 -0.00207895 -0.0019228 -0.00175484 -0.00169904 -0.00138696 0.00230509 0.00252116 0.00260218 0.00268829 0.00276493 0.133861 0.00252375 0.00241665 0.00221334 0.00212386 -0.00126405 -0.00130752 -0.00149109 -0.00148394 -0.00163731 -0.00176883 -0.00164895 -0.00168944 -0.00178887 -0.00184641 -0.0017174 -0.00177133 -0.00171658 -0.00168631 -0.00175914 -0.00173399 -0.00174654 -0.00171068 -0.0017386 -0.00164648 -0.00174044 -0.00169975 -0.00168357 -0.00172487 -0.00174986 -0.00166581 -0.00170698 -0.00165206 -0.00161643 -0.00171362 -0.00171261 -0.00173829 -0.00167065 -0.00167995 -0.00165281 -0.00167572 -0.00164554 -0.00165364 -0.00165519 -0.00168844 -0.00169578 -0.00160282 -0.00163527 -0.00170195 -0.00176616 -0.00168651 -0.00164089 -0.00172082 -0.00173397 -0.00171731 -0.00175351 -0.00174411 -0.00177136 -0.00164911 -0.0015718 -0.00169959 -0.00173766 -0.00173215 -0.00176435 -0.00174762 -0.00173071 -0.00163259 -0.00166046 -0.00168695 -0.00166808 -0.00167991 
-0.0017765 -0.00174614 -0.00162579 -0.00183621 -0.00182867 -0.00191061 -0.00196539 -0.00197525 -0.00194928 -0.0018956 -0.00198907 -0.00213318 -0.00210321 -0.00208834 -0.00207421 -0.00218424 -0.0021908 -0.00221486 -0.00216691 -0.00210709 -0.0019973 -0.00195065 -0.00190405 -0.00161744 -0.00148276 0.00240107 0.00246126 0.00239084 0.00271763 0.00252375 0.134565 0.00260526 0.00248173 0.00243631 0.0020719 0.00216911 -0.00137139 -0.00147771 -0.00151002 -0.00176243 -0.0018008 -0.00175201 -0.00184129 -0.0018038 -0.0019086 -0.00180874 -0.00168311 -0.00168904 -0.00170382 -0.00167056 -0.00177745 -0.00180308 -0.00173434 -0.0016563 -0.00173524 -0.00179611 -0.00172767 -0.00167567 -0.00171787 -0.00179411 -0.00165739 -0.00174447 -0.00162517 -0.00165729 -0.00171459 -0.00180303 -0.00169297 -0.00173931 -0.00174786 -0.00179395 -0.00177203 -0.00170045 -0.00174256 -0.00174625 -0.00162632 -0.00163021 -0.00164293 -0.00170263 -0.00177528 -0.00173808 -0.00172925 -0.00169526 -0.00187573 -0.00174442 -0.00172688 -0.00175365 -0.00174335 -0.0016693 -0.00166808 -0.00173338 -0.00173128 -0.00169316 -0.00182731 -0.00166315 -0.00175834 -0.0017472 -0.00177445 -0.0017115 -0.00171109 -0.00169983 
-0.00167395 -0.00175134 -0.0016246 -0.00174353 -0.00179439 -0.00187607 -0.00184079 -0.00184872 -0.0019173 -0.00186062 -0.00201633 -0.00199482 -0.00188702 -0.00210301 -0.00201878 -0.00207526 -0.00218378 -0.0021566 -0.00213858 -0.00241803 -0.00213303 -0.00219058 -0.00204613 -0.00176154 -0.00166042 -0.00156278 0.00228903 0.00228796 0.00257199 0.00241665 0.00260526 0.132825 0.0025892 0.00245066 0.00229348 0.00218028 0.00211815 -0.00133673 -0.00142143 -0.00151141 -0.00173231 -0.00162816 -0.00181945 -0.00176194 -0.00177067 -0.0019034 -0.00168008 -0.00163894 -0.00172674 -0.00169167 -0.00172955 -0.00170575 -0.00170266 -0.00175949 -0.00176317 -0.00170128 -0.00165375 -0.00167163 -0.00170082 -0.00164231 -0.00164835 -0.00168088 -0.00159931 -0.00163105 -0.00170401 -0.00160693 -0.00176281 -0.00177363 -0.00173716 -0.00171881 -0.00178452 -0.00170344 -0.00171341 -0.00167021 -0.0016692 -0.00160223 -0.00162504 -0.00172675 -0.0016413 -0.00172435 -0.00177468 -0.00166596 -0.00170935 -0.00177803 -0.00178219 -0.00169167 -0.00171665 -0.00163526 -0.00164753 -0.0016905 -0.00168312 -0.00172263 -0.00172916 -0.00170471 -0.0016973 -0.00173628 -0.00167657 -0.00168815 -0.00164569 -0.00159795 
-0.00171528 -0.0016596 -0.00168112 -0.00174213 -0.00177607 -0.00188205 -0.00191722 -0.00196783 -0.00197494 -0.00190598 -0.0019948 -0.00207945 -0.00189345 -0.00206658 -0.00203965 -0.00196915 -0.00220649 -0.00200837 -0.00208526 -0.00220681 -0.00205141 -0.00208069 -0.00214095 -0.00179155 -0.00181349 -0.00161956 -0.00144934 0.00224047 0.00239019 0.00221334 0.00248173 0.0025892 0.131607 0.00254363 0.0023307 0.00240241 0.00216437 0.0020358 -0.00129038 -0.00132683 -0.00147655 -0.0015634 -0.0016724 -0.00170638 -0.00177859 -0.00178193 -0.0016862 -0.00168017 -0.00176239 -0.00173351 -0.00169489 -0.00172274 -0.0017032 -0.00171425 -0.00165567 -0.00171642 -0.00169377 -0.00171121 -0.00172858 -0.0016848 -0.00171374 -0.0016508 -0.00161075 -0.00163809 -0.00166464 -0.00169171 -0.00170414 -0.00169315 -0.0016186 -0.00162628 -0.00174163 -0.00170259 -0.00165908 -0.00164009 -0.00164633 -0.00159291 -0.00155313 -0.00168239 -0.00159656 -0.0017105 -0.00159539 -0.00168329 -0.00167718 -0.00169671 -0.00180959 -0.00173295 -0.00170093 -0.00160131 -0.00169152 -0.0016843 -0.00167266 -0.00164767 -0.0016274 -0.00171949 -0.00176005 -0.00166098 -0.00165811 -0.00178185 -0.00166897 -0.00158837 
