0.123082 0.00220543 0.00208292 0.00210782 0.00198664 0.00197025 -0.00122902 -0.00134499 -0.00141705 -0.00139126 -0.00161009 -0.00174378 -0.00178923 -0.00180522 -0.00178913 -0.00181426 -0.00193786 -0.00206189 -0.00188812 -0.00201116 -0.00188695 -0.00185113 -0.00192211 -0.00175602 -0.00197781 -0.00188496 -0.00178615 -0.00174414 -0.00163151 -0.001619 -0.0017049 -0.00174792 -0.00172209 -0.00163937 -0.00151526 -0.00162329 -0.00165735 -0.00169125 -0.00166396 -0.00159428 -0.00145551 -0.00148575 -0.00159713 -0.00151712 -0.00161443 -0.00162899 -0.00149934 -0.00150735 -0.00149463 -0.00157803 -0.00150874 -0.00152182 -0.00150185 -0.00153397 -0.00148377 -0.00151511 -0.00151441 -0.00150735 -0.00144695 -0.00143783 -0.00153492 -0.00148304 -0.00139025 -0.00148845 -0.00150171 -0.00152287 -0.00153509 -0.00146726 -0.00153077 -0.00150515 -0.00152542 -0.00155703 -0.00148886 -0.00151396 -0.0014247 -0.00143958 -0.00138106 -0.00157243 -0.0014822 -0.0015819 -0.00155269 -0.00148008 -0.00154008 -0.00153387 -0.00148069 -0.00141803 -0.00148738 -0.00148023 -0.0013434 -0.00142648 -0.0015234 -0.00142189 -0.00134132 -0.00124751 -0.00117361 -0.00116292 0.00185539 0.00193356 0.00200686 0.00211178 
0.00220543 0.123534 0.00230442 0.00228374 0.00213157 0.00205556 0.0019532 -0.00115095 -0.00135751 -0.00133451 -0.00162627 -0.00172509 -0.00176436 -0.00189749 -0.00170489 -0.00175258 -0.00203166 -0.00194732 -0.0018933 -0.00204956 -0.00186261 -0.00185828 -0.00194309 -0.00176961 -0.0019224 -0.00185852 -0.0017753 -0.00179853 -0.00174805 -0.00176147 -0.00174178 -0.00168453 -0.00166268 -0.00170365 -0.00162357 -0.00160835 -0.00178974 -0.00152765 -0.00167051 -0.00170929 -0.0016092 -0.00151788 -0.00158383 -0.00155929 -0.00163052 -0.00160042 -0.00147849 -0.00151736 -0.00155438 -0.00153447 -0.00157483 -0.00156389 -0.00143261 -0.00152568 -0.00147593 -0.0015 -0.00143582 -0.00139151 -0.0015152 -0.00145721 -0.00144742 -0.00145305 -0.00142219 -0.00137603 -0.00147302 -0.00153901 -0.00153328 -0.00152313 -0.00154232 -0.00153106 -0.0015637 -0.00161407 -0.00151363 -0.00147871 -0.00147613 -0.00140784 -0.00148852 -0.00150785 -0.00160217 -0.00147545 -0.00148956 -0.0014684 -0.00153815 -0.00158713 -0.0014834 -0.00145476 -0.00148372 -0.00143362 -0.00149841 -0.00151501 -0.00156282 -0.00152797 -0.00144181 -0.00137241 -0.00134404 -0.00126386 -0.00119643 0.0018439 0.00197476 0.00205705 
0.00208292 0.00230442 0.123852 0.00233852 0.00231277 0.0021912 0.00222393 0.00204045 -0.00119645 -0.00115623 -0.00154393 -0.00156302 -0.00158244 -0.00182021 -0.00182673 -0.00184867 -0.00201654 -0.00196275 -0.00193879 -0.00207562 -0.0019165 -0.00193617 -0.00185427 -0.00186482 -0.00188726 -0.00191704 -0.00182224 -0.00179967 -0.0017364 -0.00169001 -0.00180202 -0.00176121 -0.00171723 -0.00172706 -0.00157952 -0.00168649 -0.00162448 -0.00160355 -0.0016077 -0.00154153 -0.00149112 -0.00156663 -0.0015873 -0.00158644 -0.00162117 -0.0015383 -0.00148774 -0.00157067 -0.00160257 -0.00159147 -0.00167274 -0.00158345 -0.0015019 -0.00151223 -0.001582 -0.0016153 -0.00151126 -0.00164907 -0.00149887 -0.00148533 -0.00161431 -0.00147254 -0.00143364 -0.00139893 -0.00151197 -0.00153699 -0.00146879 -0.00144564 -0.0015461 -0.00149881 -0.00152455 -0.0014548 -0.00152039 -0.0014694 -0.00143982 -0.00148418 -0.00140116 -0.00155016 -0.00152641 -0.00157009 -0.00153201 -0.00152029 -0.00150324 -0.00153986 -0.00159061 -0.00150393 -0.00155018 -0.00147638 -0.00147378 -0.00149393 -0.00162701 -0.00148516 -0.00147796 -0.00143076 -0.00144206 -0.00136514 -0.00133879 -0.0011061 0.00181644 0.00202494 
0.00210782 0.00228374 0.00233852 0.124456 0.00238173 0.00235527 0.0022085 0.0021215 0.00214655 -0.00109825 -0.00134321 -0.00159562 -0.00151762 -0.00174611 -0.00186424 -0.00189917 -0.00203872 -0.00192913 -0.0019356 -0.00204606 -0.00204317 -0.00193465 -0.00197265 -0.00177485 -0.00193237 -0.0019907 -0.00188823 -0.00167916 -0.00175447 -0.00174955 -0.00169783 -0.00174263 -0.00178018 -0.00166807 -0.0016178 -0.00161486 -0.00171572 -0.0017365 -0.00169817 -0.00170002 -0.00160101 -0.00157169 -0.00155873 -0.00165832 -0.00159139 -0.0016216 -0.00145355 -0.00142117 -0.00158455 -0.00159033 -0.00148269 -0.00150288 -0.001536 -0.00153446 -0.00154038 -0.00159259 -0.00151256 -0.00148893 -0.0015034 -0.00162101 -0.0014377 -0.00158743 -0.00149927 -0.00143188 -0.00146092 -0.00154876 -0.00151747 -0.00157705 -0.00155476 -0.00142842 -0.00159793 -0.00150496 -0.00153034 -0.00160656 -0.00148203 -0.00145255 -0.00144854 -0.0015176 -0.00159313 -0.00152451 -0.00159669 -0.00159261 -0.00151855 -0.00148837 -0.00158199 -0.00150536 -0.00148461 -0.00143721 -0.00141763 -0.00149088 -0.00154409 -0.00153376 -0.00157182 -0.00159199 -0.00158998 -0.00148202 -0.00140648 -0.0012324 -0.00121132 0.00185296 
0.00198664 0.00213157 0.00231277 0.00238173 0.124988 0.00235259 0.00239862 0.00220343 0.00210508 0.00213999 -0.0012767 -0.00138166 -0.00148646 -0.00164356 -0.00188252 -0.00183179 -0.00201233 -0.00202221 -0.00198643 -0.0021027 -0.00186405 -0.001989 -0.0021193 -0.00175362 -0.00197649 -0.00194968 -0.00174346 -0.00170439 -0.00169936 -0.00169028 -0.00169437 -0.00181247 -0.00176347 -0.00164908 -0.00159105 -0.0016034 -0.0016668 -0.00168544 -0.00162243 -0.00166951 -0.00166119 -0.00146851 -0.00162134 -0.00157419 -0.00161925 -0.00156902 -0.00162247 -0.00149659 -0.00157355 -0.00162638 -0.00162161 -0.00162992 -0.00158723 -0.00162589 -0.00165861 -0.00147153 -0.00149308 -0.00162114 -0.00144745 -0.00157886 -0.00153636 -0.00153213 -0.00148884 -0.00148144 -0.00151897 -0.00157784 -0.00155756 -0.00156125 -0.00153715 -0.00156872 -0.00154085 -0.00146683 -0.00150318 -0.00150847 -0.00147821 -0.00153292 -0.00147517 -0.00155727 -0.00162242 -0.00157431 -0.00155666 -0.00160613 -0.00156548 -0.00149288 -0.00153066 -0.00157146 -0.00151056 -0.00142645 -0.00147364 -0.00155119 -0.00163461 -0.00159023 -0.00160212 -0.00152422 -0.00158425 -0.00149484 -0.00140809 -0.00128717 -0.00134069 -0.00118722 
0.00197025 0.00205556 0.0021912 0.00235527 0.00235259 0.127844 0.00237858 0.00241886 0.00230486 0.00220513 0.0020569 -0.00133758 -0.0013509 -0.00162814 -0.00180184 -0.00173243 -0.0020139 -0.00203235 -0.0021428 -0.00220352 -0.00191963 -0.00201129 -0.00195973 -0.0018881 -0.00199712 -0.00202391 -0.00194893 -0.00188747 -0.00175507 -0.00193126 -0.00198601 -0.00188429 -0.00179618 -0.001787 -0.0017088 -0.00172672 -0.0017176 -0.00177975 -0.00181441 -0.00172833 -0.00160605 -0.00161568 -0.00165788 -0.00166648 -0.00174097 -0.00175497 -0.00169403 -0.001611 -0.00162171 -0.00171024 -0.00166794 -0.00162054 -0.00170821 -0.00151035 -0.00161587 -0.00162324 -0.0016275 -0.00165749 -0.00165584 -0.00159738 -0.00157776 -0.00158754 -0.0015527 -0.00159052 -0.00161956 -0.00164757 -0.00171558 -0.00169475 -0.00168035 -0.00174202 -0.00168945 -0.00161049 -0.00165428 -0.00167848 -0.00144265 -0.00159217 -0.00147899 -0.00168114 -0.00162839 -0.00156666 -0.00152521 -0.00165939 -0.00159883 -0.00159325 -0.00164719 -0.00164088 -0.00161824 -0.00158835 -0.00156206 -0.00164709 -0.00162619 -0.00163439 -0.00154546 -0.00162225 -0.00163564 -0.00160461 -0.00152103 -0.00146914 -0.00137851 -0.0011262 
-0.00122902 0.0019532 0.00222393 0.0022085 0.00239862 0.00237858 0.129259 0.00256004 0.00241719 0.0024191 0.00235751 0.00209159 -0.00130125 -0.00158988 -0.00164079 -0.00180118 -0.00197267 -0.00202591 -0.00196114 -0.00213299 -0.0021397 -0.00207324 -0.00199834 -0.00202388 -0.00207677 -0.00204401 -0.00196814 -0.00185677 -0.00177443 -0.00191602 -0.00196031 -0.00186427 -0.00185909 -0.00176611 -0.00177224 -0.00166796 -0.00185741 -0.00189792 -0.00174905 -0.00179908 -0.00159285 -0.00169214 -0.00171636 -0.00171477 -0.00181057 -0.00179221 -0.00170979 -0.0016707 -0.00166269 -0.00168555 -0.00157536 -0.00170445 -0.00164574 -0.00156265 -0.00169642 -0.00170337 -0.00160471 -0.00158971 -0.00167781 -0.00163481 -0.00164167 -0.00167119 -0.00162896 -0.00159552 -0.00167466 -0.00169056 -0.00168885 -0.00170745 -0.00163853 -0.00171954 -0.00168839 -0.00164363 -0.00168036 -0.00170046 -0.00153512 -0.00155705 -0.00149166 -0.0017134 -0.00165573 -0.00159268 -0.00161687 -0.00170516 -0.00167825 -0.00164544 -0.00160191 -0.00161499 -0.00162416 -0.00157711 -0.00157998 -0.00156791 -0.00163593 -0.00154258 -0.00164386 -0.00170461 -0.00161885 -0.00168634 -0.00168972 -0.00158413 -0.00155491 -0.00131716 
-0.00134499 -0.00115095 0.00204045 0.0021215 0.00220343 0.00241886 0.00256004 0.130131 0.00258637 0.00245779 0.00244357 0.00225605 0.0021673 -0.0014413 -0.00157236 -0.00161036 -0.00195428 -0.00202133 -0.00197312 -0.00224315 -0.00199497 -0.00201143 -0.0020542 -0.00206278 -0.00213692 -0.0020884 -0.00205578 -0.00193385 -0.00195011 -0.00196728 -0.00193247 -0.00187667 -0.00192576 -0.00182558 -0.00176444 -0.00178351 -0.00186018 -0.00181068 -0.00184932 -0.00184514 -0.00171469 -0.00166753 -0.00173601 -0.0018067 -0.00175245 -0.00175118 -0.0016923 -0.00164971 -0.00174677 -0.001668 -0.00164854 -0.00166391 -0.00166484 -0.00168584 -0.00167219 -0.00163349 -0.00163939 -0.00168321 -0.00174492 -0.00163883 -0.00162604 -0.00170449 -0.00153261 -0.00165887 -0.00155881 -0.001632 -0.00165619 -0.00160306 -0.00165391 -0.00170109 -0.00164638 -0.00171844 -0.00158176 -0.00175187 -0.00159539 -0.0016429 -0.0015743 -0.00174581 -0.00164756 -0.00169482 -0.00172666 -0.00170902 -0.00168718 -0.00168241 -0.00161384 -0.0016683 -0.001722 -0.00159087 -0.00154904 -0.00175005 -0.0016266 -0.0016808 -0.00164218 -0.00163171 -0.00161278 -0.0015355 -0.00167941 -0.00153166 -0.00153227 -0.00138596 
-0.00141705 -0.00135751 -0.00119645 0.00214655 0.00210508 0.00230486 0.00241719 0.00258637 0.131203 0.00262032 0.00247556 0.00241527 0.00230512 0.002343 -0.00145431 -0.00150487 -0.00170765 -0.00186859 -0.00205367 -0.00216837 -0.0021729 -0.00210308 -0.00216491 -0.00206442 -0.00225255 -0.00216882 -0.00203744 -0.0019902 -0.00191349 -0.00197424 -0.00195336 -0.00202358 -0.00193289 -0.00184999 -0.00179533 -0.00181464 -0.00180595 -0.00182536 -0.00177536 -0.00182619 -0.00166667 -0.00175644 -0.00179384 -0.00190107 -0.0017734 -0.00171841 -0.00171736 -0.00170764 -0.00169763 -0.00165001 -0.00175389 -0.0017478 -0.00171438 -0.0017031 -0.00171245 -0.00171327 -0.00168494 -0.00174628 -0.00173322 -0.00168964 -0.00169942 -0.00175947 -0.0015638 -0.00159923 -0.00170104 -0.00164923 -0.00169788 -0.00159015 -0.00170333 -0.00158247 -0.00164632 -0.00165284 -0.0016808 -0.00167941 -0.00165004 -0.00156136 -0.00159358 -0.00167309 -0.00169403 -0.00167993 -0.00168653 -0.00175783 -0.00163902 -0.00164063 -0.00170091 -0.00173181 -0.00164663 -0.00157977 -0.00161724 -0.00164837 -0.00163564 -0.00169359 -0.00173085 -0.00164038 -0.00166978 -0.001687 -0.00160235 -0.00160908 -0.0016334 -0.00155897 
-0.00139126 -0.00133451 -0.00115623 -0.00109825 0.00213999 0.00220513 0.0024191 0.00245779 0.00262032 0.130399 0.00256573 0.00252109 0.00229954 0.00227499 -0.00149074 -0.00150267 -0.00177796 -0.00171604 -0.00193887 -0.00210094 -0.00201608 -0.00208273 -0.00194214 -0.00189197 -0.00208798 -0.00223214 -0.00193519 -0.00189726 -0.00184899 -0.00178636 -0.00193668 -0.00186434 -0.00169954 -0.0018353 -0.0016709 -0.00175171 -0.0016984 -0.00182925 -0.00173714 -0.00172341 -0.00169882 -0.00169747 -0.00171081 -0.0017305 -0.00169044 -0.00175104 -0.00157475 -0.00166968 -0.00165038 -0.00167137 -0.0016035 -0.00160951 -0.00168884 -0.00167207 -0.00168623 -0.00158405 -0.00154052 -0.00164949 -0.00165146 -0.00170094 -0.0016478 -0.00163937 -0.00157878 -0.00155485 -0.00160548 -0.0016148 -0.00163172 -0.00161879 -0.00167994 -0.00163674 -0.00175849 -0.00170635 -0.00162138 -0.00173111 -0.00163596 -0.0015989 -0.00152524 -0.00167799 -0.00167205 -0.0016409 -0.00161272 -0.0017403 -0.00164254 -0.0016697 -0.00164834 -0.00166667 -0.00165128 -0.00155076 -0.00163628 -0.00168458 -0.00171829 -0.00166498 -0.0016293 -0.00164859 -0.00182453 -0.00163122 -0.00159413 -0.00158258 -0.0016215 -0.00150086 
-0.00161009 -0.00162627 -0.00154393 -0.00134321 -0.0012767 0.0020569 0.00235751 0.00244357 0.00247556 0.00256573 0.134659 0.00271023 0.00266215 0.00254186 0.00223523 0.0023656 -0.00164976 -0.00178128 -0.00173416 -0.00199635 -0.00220082 -0.00198468 -0.0021436 -0.00199261 -0.00219658 -0.00219733 -0.00210104 -0.00212544 -0.00202856 -0.00189959 -0.00198992 -0.0019736 -0.0019253 -0.00193357 -0.00182745 -0.00184627 -0.00199995 -0.00189689 -0.00186002 -0.00181338 -0.00177654 -0.00178581 -0.00180343 -0.00185345 -0.00180513 -0.00193816 -0.00170893 -0.00177328 -0.00179594 -0.00179624 -0.00167833 -0.00179437 -0.00185251 -0.00180859 -0.00168076 -0.00172859 -0.00173407 -0.00175818 -0.00173414 -0.00170749 -0.00177707 -0.00170287 -0.0016469 -0.00166783 -0.00169658 -0.00174436 -0.00169779 -0.00167571 -0.00173484 -0.00180504 -0.0017151 -0.00171577 -0.0017431 -0.00169937 -0.00168487 -0.00173958 -0.00166771 -0.00170501 -0.00177449 -0.00174985 -0.00169172 -0.00177973 -0.00169872 -0.00174149 -0.00171239 -0.00179828 -0.00167571 -0.00168325 -0.00168485 -0.00175157 -0.00167714 -0.00186848 -0.00166603 -0.00177071 -0.00179611 -0.00175303 -0.00181217 -0.00178131 -0.00172065 -0.00165347 
-0.00174378 -0.00172509 -0.00156302 -0.00159562 -0.00138166 -0.00133758 0.00209159 0.00225605 0.00241527 0.00252109 0.00271023 0.136601 0.00275146 0.00276879 0.0025351 0.00257345 0.00241527 -0.00163948 -0.00171686 -0.00194044 -0.00214919 -0.0020424 -0.00206532 -0.00215009 -0.00223053 -0.00225043 -0.00220615 -0.00216784 -0.00195241 -0.00195085 -0.00200073 -0.00210307 -0.00205663 -0.00188403 -0.0018211 -0.00187536 -0.00195998 -0.00188283 -0.0018242 -0.00185578 -0.00181044 -0.00181363 -0.00183026 -0.00191702 -0.00187653 -0.00186105 -0.00177728 -0.0018109 -0.00173297 -0.00173378 -0.0018656 -0.00179399 -0.00187425 -0.0017273 -0.00173835 -0.00183744 -0.00182935 -0.00184238 -0.00179148 -0.00175551 -0.00173364 -0.00184603 -0.00165246 -0.00170599 -0.00183249 -0.0018101 -0.00176664 -0.00169507 -0.00169167 -0.00181565 -0.0017923 -0.00175277 -0.0017821 -0.00174878 -0.00164835 -0.00169221 -0.00169707 -0.00176526 -0.00173643 -0.00181821 -0.00171159 -0.00182017 -0.00187084 -0.00180773 -0.00175873 -0.00176808 -0.00178695 -0.00173171 -0.00167562 -0.00179934 -0.00170825 -0.00172325 -0.00179723 -0.00180529 -0.00180634 -0.0017448 -0.00182539 -0.00173588 -0.00177607 -0.00171096 
-0.00178923 -0.00176436 -0.00158244 -0.00151762 -0.00148646 -0.0013509 -0.00130125 0.0021673 0.00230512 0.00229954 0.00266215 0.00275146 0.135304 0.00274412 0.00258631 0.00259295 0.00242543 -0.00158485 -0.00155321 -0.00185351 -0.00202475 -0.00209023 -0.00210806 -0.00204061 -0.00212927 -0.00230641 -0.00211618 -0.00203443 -0.00192172 -0.0019339 -0.00212177 -0.00194134 -0.00194671 -0.00193499 -0.00183022 -0.00190168 -0.00186655 -0.0019007 -0.00188863 -0.00179636 -0.00169228 -0.00172123 -0.00179254 -0.0017972 -0.00182352 -0.00187141 -0.00176829 -0.0016861 -0.00177272 -0.0017624 -0.00172576 -0.00171564 -0.00177962 -0.00165265 -0.00165216 -0.00168393 -0.00161647 -0.00171005 -0.00173683 -0.00166632 -0.00169552 -0.0017075 -0.0015937 -0.00151232 -0.00170185 -0.00168762 -0.00167633 -0.00176961 -0.00181489 -0.00182771 -0.00170907 -0.00166739 -0.00168326 -0.0017299 -0.00165427 -0.00154532 -0.00164052 -0.00167283 -0.00177329 -0.00172247 -0.00170535 -0.00178534 -0.00174162 -0.00175809 -0.00167491 -0.00162135 -0.00171405 -0.00155367 -0.00161099 -0.00166057 -0.00168448 -0.0017512 -0.00166384 -0.00178031 -0.00168383 -0.00167853 -0.00168835 -0.00168522 -0.00169574 -0.00167017 
-0.00180522 -0.00189749 -0.00182021 -0.00174611 -0.00164356 -0.00162814 -0.00158988 -0.0014413 0.002343 0.00227499 0.00254186 0.00276879 0.00274412 0.140485 0.00277617 0.00281903 0.00289291 0.00258559 0.00254588 -0.0017421 -0.00180177 -0.0018601 -0.00203686 -0.00217824 -0.00223842 -0.0022093 -0.00222598 -0.00210759 -0.00211631 -0.00205756 -0.00211519 -0.00207123 -0.00210777 -0.00215385 -0.0019177 -0.00189615 -0.00193867 -0.00194653 -0.00194833 -0.00188836 -0.00189923 -0.00184986 -0.00201478 -0.00191387 -0.0017947 -0.00205811 -0.00193359 -0.00184677 -0.00180184 -0.00177016 -0.0018545 -0.00185565 -0.00187632 -0.00187843 -0.00178635 -0.00191192 -0.00190716 -0.00178173 -0.00190582 -0.00180608 -0.00189304 -0.00189712 -0.00175665 -0.00174144 -0.00185257 -0.00185938 -0.00179988 -0.00182426 -0.00182886 -0.0018924 -0.00186283 -0.00188019 -0.00182924 -0.00196132 -0.00175463 -0.00177955 -0.00174998 -0.00185359 -0.00180787 -0.00187136 -0.00187492 -0.00183938 -0.00181628 -0.00187042 -0.00186808 -0.00178747 -0.00182565 -0.00175327 -0.00163775 -0.00188383 -0.00184551 -0.00187922 -0.00188062 -0.00182443 -0.00184771 -0.00187652 -0.0018585 -0.00176924 -0.00184039 -0.00172547 
-0.00178913 -0.00170489 -0.00182673 -0.00186424 -0.00188252 -0.00180184 -0.00164079 -0.00157236 -0.00145431 -0.00149074 0.00223523 0.0025351 0.00258631 0.00277617 0.139469 0.00297989 0.00290818 0.00262045 0.00286297 0.00256225 -0.00169887 -0.00173003 -0.00178748 -0.00189099 -0.00211094 -0.00215506 -0.00213238 -0.00202994 -0.00205067 -0.00188116 -0.0020431 -0.00202507 -0.00201514 -0.0019853 -0.00195236 -0.00193535 -0.00201964 -0.00199067 -0.00193817 -0.00193832 -0.00177836 -0.00189956 -0.00179303 -0.00181015 -0.00183786 -0.00186343 -0.00178283 -0.00187491 -0.00191815 -0.00184217 -0.00177907 -0.00184066 -0.00181473 -0.00172938 -0.00183471 -0.00174844 -0.00176426 -0.0017636 -0.00181493 -0.00186486 -0.00177468 -0.00174816 -0.00172702 -0.00177711 -0.00182774 -0.00164478 -0.00176295 -0.00172968 -0.00175557 -0.0017258 -0.00181682 -0.00168866 -0.0017646 -0.00181033 -0.00170262 -0.00170157 -0.00163919 -0.00182697 -0.00177899 -0.00180599 -0.00182488 -0.00183397 -0.00184677 -0.00174594 -0.00172181 -0.0017637 -0.00178448 -0.00163837 -0.00176854 -0.0018443 -0.00185723 -0.0019135 -0.00182431 -0.00192102 -0.00170514 -0.00176091 -0.00176735 -0.0017933 -0.00177928 -0.00173861 
-0.00181426 -0.00175258 -0.00184867 -0.00189917 -0.00183179 -0.00173243 -0.00180118 -0.00161036 -0.00150487 -0.00150267 0.0023656 0.00257345 0.00259295 0.00281903 0.00297989 0.14119 0.00297567 0.00272409 0.00266906 0.0025861 -0.00168185 -0.00156404 -0.0018292 -0.00197792 -0.002207 -0.00226808 -0.00208639 -0.00214183 -0.00208619 -0.00197792 -0.00212556 -0.00205205 -0.00200007 -0.00207396 -0.00189968 -0.00188831 -0.00194326 -0.00205116 -0.00194018 -0.00192253 -0.0019201 -0.00200664 -0.00204656 -0.00194175 -0.0018452 -0.0018703 -0.00182229 -0.00177861 -0.00176579 -0.0017919 -0.00183317 -0.00176111 -0.00179404 -0.00180299 -0.00174539 -0.00185307 -0.00181477 -0.00185543 -0.00179622 -0.00177916 -0.00181798 -0.00184569 -0.00173678 -0.00167228 -0.00172411 -0.00167607 -0.00179453 -0.00184064 -0.00186953 -0.00186848 -0.00182775 -0.00178574 -0.00178356 -0.00179331 -0.00173909 -0.0017661 -0.00175633 -0.00176862 -0.00183908 -0.00179676 -0.00173128 -0.00170912 -0.00174981 -0.00186994 -0.00189278 -0.00177859 -0.00180471 -0.00169181 -0.00180613 -0.00177347 -0.00177325 -0.00185893 -0.00176864 -0.00181336 -0.00177318 -0.00182741 -0.00182891 -0.00190402 -0.00176656 -0.00181147 
-0.00193786 -0.00203166 -0.00201654 -0.00203872 -0.00201233 -0.0020139 -0.00197267 -0.00195428 -0.00170765 -0.00177796 -0.00164976 0.00241527 0.00242543 0.00289291 0.00290818 0.00297567 0.146136 0.00307666 0.00306803 0.00289145 0.00271599 0.00266923 -0.00165655 -0.00178812 -0.00196171 -0.00211748 -0.00230635 -0.0022171 -0.00216835 -0.00214445 -0.00229865 -0.00224216 -0.00225736 -0.00221082 -0.00210196 -0.00200378 -0.00203272 -0.0021608 -0.00210116 -0.00208883 -0.00193539 -0.00207978 -0.00207349 -0.00208742 -0.0020504 -0.00206149 -0.00200208 -0.00192222 -0.00195106 -0.00198516 -0.00189035 -0.00199617 -0.00194879 -0.00208501 -0.00194316 -0.00188584 -0.0018909 -0.00182658 -0.00192791 -0.00188919 -0.0019811 -0.00186963 -0.00183272 -0.0018466 -0.00191521 -0.00191622 -0.00198768 -0.00202724 -0.00185872 -0.0018871 -0.00193408 -0.00192264 -0.00187682 -0.00187696 -0.00180661 -0.00180532 -0.00179608 -0.00192359 -0.00186187 -0.00193767 -0.00186291 -0.00192231 -0.00192652 -0.00190165 -0.00190248 -0.00195725 -0.00192201 -0.00188327 -0.00180967 -0.00197009 -0.00190041 -0.00192255 -0.00196756 -0.00178168 -0.00180994 -0.00195057 -0.00191864 -0.00193762 -0.00188193 -0.00177787 
-0.00206189 -0.00194732 -0.00196275 -0.00192913 -0.00202221 -0.00203235 -0.00202591 -0.00202133 -0.00186859 -0.00171604 -0.00178128 -0.00163948 -0.00158485 0.00258559 0.00262045 0.00272409 0.00307666 0.144662 0.00317973 0.00316599 0.00282774 0.00279911 0.00265106 -0.00146575 -0.00174943 -0.00182068 -0.00203946 -0.00218277 -0.00207039 -0.00208758 -0.0021421 -0.00222967 -0.00204131 -0.00210954 -0.00204436 -0.00199267 -0.00206356 -0.00205252 -0.00207005 -0.00199591 -0.00188539 -0.00187109 -0.0019583 -0.00197702 -0.00197729 -0.00202736 -0.0018664 -0.0019962 -0.00189178 -0.00185037 -0.00189949 -0.00188954 -0.0018839 -0.00182288 -0.00182693 -0.00189042 -0.00183662 -0.00186382 -0.00189898 -0.00188128 -0.00188401 -0.00196598 -0.00172748 -0.00181442 -0.00181748 -0.00187424 -0.00187443 -0.00184786 -0.00182223 -0.00191559 -0.00182244 -0.00184076 -0.00181709 -0.00188808 -0.0017037 -0.00181058 -0.00178174 -0.00182186 -0.0018957 -0.00187303 -0.00190356 -0.00181085 -0.00187567 -0.00192445 -0.00190296 -0.00192378 -0.00186082 -0.00176804 -0.00174378 -0.00179428 -0.00174794 -0.00186743 -0.00184076 -0.0017988 -0.00171904 -0.00184648 -0.00186682 -0.00185012 -0.00192746 -0.00177502 
-0.00188812 -0.0018933 -0.00193879 -0.0019356 -0.00198643 -0.0021428 -0.00196114 -0.00197312 -0.00205367 -0.00193887 -0.00173416 -0.00171686 -0.00155321 0.00254588 0.00286297 0.00266906 0.00306803 0.00317973 0.145428 0.00324215 0.00295788 0.00284726 0.00267694 -0.00162515 -0.00174931 -0.00188725 -0.00203525 -0.00214414 -0.00213851 -0.00203158 -0.00221101 -0.00224044 -0.00210958 -0.00209419 -0.0020488 -0.00197332 -0.00204668 -0.00196772 -0.00203098 -0.00205909 -0.00200934 -0.00189448 -0.00205431 -0.00192856 -0.00202198 -0.00203082 -0.00184809 -0.00185093 -0.00195904 -0.00197053 -0.0019195 -0.00185823 -0.00182248 -0.00184237 -0.00194452 -0.00184003 -0.00189879 -0.00181139 -0.00193957 -0.00190405 -0.00182509 -0.00193835 -0.00177843 -0.00178741 -0.00186686 -0.00187091 -0.00184965 -0.00183054 -0.00178096 -0.00186933 -0.00193558 -0.00186681 -0.00181467 -0.00185329 -0.00181135 -0.00173682 -0.00176603 -0.0018554 -0.00190484 -0.0018602 -0.00192183 -0.00192158 -0.00188772 -0.00183938 -0.00186924 -0.00187875 -0.00188424 -0.00180107 -0.00173023 -0.00191413 -0.0018081 -0.00185767 -0.0018877 -0.0018518 -0.0018473 -0.00182903 -0.00192554 -0.00194946 -0.00184622 -0.00176619 
-0.00201116 -0.00204956 -0.00207562 -0.00204606 -0.0021027 -0.00220352 -0.00213299 -0.00224315 -0.00216837 -0.00210094 -0.00199635 -0.00194044 -0.00185351 -0.0017421 0.00256225 0.0025861 0.00289145 0.00316599 0.00324215 0.149381 0.00319425 0.0030828 0.00291994 0.00273126 0.00259208 -0.00177877 -0.00188953 -0.00203828 -0.002071 -0.00212022 -0.00234437 -0.00220205 -0.00221625 -0.0022097 -0.00202316 -0.00204103 -0.00208819 -0.00213531 -0.00216906 -0.00209212 -0.00210691 -0.00190953 -0.00217432 -0.00212385 -0.00205271 -0.00202425 -0.00209265 -0.00197138 -0.00202833 -0.00201894 -0.00196638 -0.00205365 -0.00192595 -0.0019484 -0.00186997 -0.00204762 -0.0019154 -0.00196575 -0.00195882 -0.00194544 -0.00195439 -0.0019916 -0.00179502 -0.00193915 -0.00208966 -0.00202093 -0.00193147 -0.00198265 -0.00193913 -0.00195309 -0.0020465 -0.00206723 -0.00194168 -0.00196555 -0.00189609 -0.00185239 -0.00193569 -0.00200334 -0.00198034 -0.00193093 -0.00192874 -0.00199309 -0.00202143 -0.00194194 -0.00189388 -0.00188048 -0.00198663 -0.00186702 -0.00183424 -0.00203441 -0.00197076 -0.00193138 -0.00198284 -0.00194775 -0.00189727 -0.00198819 -0.00202534 -0.00197129 -0.00199566 -0.00185469 
-0.00188695 -0.00186261 -0.0019165 -0.00204317 -0.00186405 -0.00191963 -0.0021397 -0.00199497 -0.0021729 -0.00201608 -0.00220082 -0.00214919 -0.00202475 -0.00180177 -0.00169887 -0.00168185 0.00271599 0.00282774 0.00295788 0.00319425 0.146295 0.00327386 0.00313607 0.00290462 0.0028253 0.00255232 -0.00166676 -0.00176792 -0.00188094 -0.00189003 -0.00206321 -0.00208168 -0.0021466 -0.00214671 -0.00205253 -0.00198788 -0.00190896 -0.00204434 -0.0020868 -0.00202962 -0.00192982 -0.00191373 -0.0020101 -0.00209988 -0.00197656 -0.00202109 -0.00186423 -0.00195313 -0.00195389 -0.00183751 -0.00194122 -0.00202719 -0.00188312 -0.00203347 -0.00196693 -0.00187915 -0.00193791 -0.00187259 -0.00195409 -0.00192856 -0.00186977 -0.00186959 -0.00181167 -0.00181303 -0.00178352 -0.00188213 -0.00185421 -0.00190954 -0.00193081 -0.00186975 -0.00182945 -0.00196542 -0.00195279 -0.00181211 -0.00180094 -0.00170879 -0.00180489 -0.00186398 -0.00188868 -0.00186514 -0.00189595 -0.0018802 -0.00189274 -0.00184513 -0.00186327 -0.00188223 -0.00182956 -0.00178634 -0.00179282 -0.00179724 -0.0019529 -0.00188277 -0.00192648 -0.00197889 -0.00189791 -0.00190345 -0.00192073 -0.001879 -0.00190447 -0.00177319 
-0.00185113 -0.00185828 -0.00193617 -0.00193465 -0.001989 -0.00201129 -0.00207324 -0.00201143 -0.00210308 -0.00208273 -0.00198468 -0.0020424 -0.00209023 -0.0018601 -0.00173003 -0.00156404 0.00266923 0.00279911 0.00284726 0.0030828 0.00327386 0.146184 0.00303113 0.00288873 0.00278362 0.00258129 -0.00166004 -0.00179244 -0.00186847 -0.00185652 -0.00205506 -0.00215839 -0.00217775 -0.00208856 -0.00195696 -0.00197316 -0.00202659 -0.00198487 -0.00205259 -0.00193791 -0.00191926 -0.00197637 -0.00201109 -0.00204968 -0.00194128 -0.00202041 -0.00187192 -0.00182475 -0.00192113 -0.00182211 -0.00190892 -0.00185623 -0.00193297 -0.00183847 -0.00194436 -0.00196791 -0.00192559 -0.00190878 -0.00190482 -0.00184336 -0.00187051 -0.00202889 -0.00182732 -0.00181377 -0.00193648 -0.00196225 -0.00192209 -0.0018376 -0.00192898 -0.00179965 -0.00184359 -0.00189821 -0.00192131 -0.00183094 -0.00176059 -0.00178361 -0.00182694 -0.00191511 -0.00192343 -0.00185077 -0.00190448 -0.00185348 -0.00188296 -0.00183265 -0.00200767 -0.00188814 -0.00187806 -0.00177592 -0.00180438 -0.00186412 -0.0019104 -0.00194017 -0.00196471 -0.00194548 -0.00184183 -0.00185365 -0.00183978 -0.00186102 -0.00187714 -0.00183187 
-0.00192211 -0.00194309 -0.00185427 -0.00197265 -0.0021193 -0.00195973 -0.00199834 -0.0020542 -0.00216491 -0.00194214 -0.0021436 -0.00206532 -0.00210806 -0.00203686 -0.00178748 -0.0018292 -0.00165655 0.00265106 0.00267694 0.00291994 0.00313607 0.00303113 0.145716 0.0029335 0.00293274 0.00278106 0.00243296 -0.00166565 -0.00173304 -0.00167653 -0.00177144 -0.00200551 -0.00209389 -0.00212999 -0.00193802 -0.00190465 -0.00212272 -0.00206073 -0.00204981 -0.00195485 -0.00190944 -0.00190054 -0.00195656 -0.00200655 -0.00194969 -0.00195713 -0.00186431 -0.0020081 -0.001874 -0.00196351 -0.00189523 -0.00192673 -0.00187641 -0.00184482 -0.00187518 -0.00180748 -0.00186049 -0.00184623 -0.00181241 -0.0018074 -0.00192282 -0.00183242 -0.00178029 -0.00179709 -0.00188501 -0.00187795 -0.00196507 -0.00184881 -0.00180896 -0.00184016 -0.00183472 -0.00189642 -0.00183192 -0.00190436 -0.0018733 -0.00181744 -0.00179953 -0.00186032 -0.00186184 -0.0019031 -0.00188857 -0.00191648 -0.00186768 -0.00193693 -0.00186251 -0.00194379 -0.00184983 -0.00185372 -0.00186372 -0.00195313 -0.00180664 -0.00186557 -0.00187711 -0.00187784 -0.00191948 -0.00187681 -0.00192512 -0.00180995 -0.00183372 -0.00173458 
-0.00175602 -0.00176961 -0.00186482 -0.00177485 -0.00175362 -0.0018881 -0.00202388 -0.00206278 -0.00206442 -0.00189197 -0.00199261 -0.00215009 -0.00204061 -0.00217824 -0.00189099 -0.00197792 -0.00178812 -0.00146575 -0.00162515 0.00273126 0.00290462 0.00288873 0.0029335 0.141397 0.00295794 0.00289185 0.00248824 0.00233715 -0.00152238 -0.00137247 -0.00166027 -0.00168565 -0.00191983 -0.00190017 -0.00189399 -0.00177778 -0.00189322 -0.00188267 -0.00191518 -0.00190207 -0.00176703 -0.00178462 -0.00193316 -0.00191282 -0.00186277 -0.00182773 -0.00178309 -0.00185 -0.00176675 -0.00167725 -0.00175287 -0.00182996 -0.00168416 -0.00170882 -0.00171865 -0.00179029 -0.00180881 -0.00176982 -0.00175858 -0.0017978 -0.00170469 -0.00183167 -0.0016838 -0.00166502 -0.00187188 -0.00169197 -0.00176929 -0.00178725 -0.00184014 -0.00179004 -0.00174825 -0.00181287 -0.00178017 -0.00178243 -0.0016149 -0.00169196 -0.00170491 -0.00178946 -0.00175849 -0.00178696 -0.00179514 -0.00178939 -0.0018149 -0.00175027 -0.00170603 -0.00178631 -0.00177156 -0.00171727 -0.00168241 -0.00186739 -0.00177054 -0.00176309 -0.00179441 -0.00171024 -0.00181541 -0.00184185 -0.00186285 -0.00178094 -0.00171422 -0.00161973 
-0.00197781 -0.0019224 -0.00188726 -0.00193237 -0.00197649 -0.00199712 -0.00207677 -0.00213692 -0.00225255 -0.00208798 -0.00219658 -0.00223053 -0.00212927 -0.00223842 -0.00211094 -0.002207 -0.00196171 -0.00174943 -0.00174931 0.00259208 0.0028253 0.00278362 0.00293274 0.00295794 0.146112 0.00313415 0.00283996 0.0025873 0.00236138 0.00247108 -0.0015084 -0.00173154 -0.00177385 -0.00196511 -0.00190366 -0.00193 -0.00210832 -0.00212533 -0.00218059 -0.00206407 -0.00199309 -0.00200388 -0.0020256 -0.0020844 -0.00206032 -0.00194465 -0.00186253 -0.00202285 -0.0019005 -0.0018901 -0.00199062 -0.0018635 -0.001898 -0.00188137 -0.00187972 -0.00193128 -0.0019293 -0.00192181 -0.0019485 -0.00190112 -0.00189764 -0.00185968 -0.00181258 -0.00180554 -0.00196781 -0.00199948 -0.00192574 -0.0019176 -0.00204967 -0.00190661 -0.00196561 -0.00191766 -0.00191734 -0.00194059 -0.00181995 -0.00177267 -0.00186816 -0.00201229 -0.00200744 -0.00199449 -0.00191596 -0.00191275 -0.00200021 -0.00191172 -0.00194631 -0.00193923 -0.0019138 -0.00175777 -0.0018739 -0.00195417 -0.00188671 -0.00184898 -0.00194156 -0.00189359 -0.00207101 -0.00185261 -0.00195026 -0.00186477 -0.00193312 -0.00182541 
-0.00188496 -0.00185852 -0.00191704 -0.0019907 -0.00194968 -0.00202391 -0.00204401 -0.0020884 -0.00216882 -0.00223214 -0.00219733 -0.00225043 -0.00230641 -0.0022093 -0.00215506 -0.00226808 -0.00211748 -0.00182068 -0.00188725 -0.00177877 0.00255232 0.00258129 0.00278106 0.00289185 0.00313415 0.144206 0.00283462 0.00286186 0.00248575 0.00260647 0.0023643 -0.00138847 -0.00158357 -0.00169905 -0.00185326 -0.00191561 -0.00204866 -0.00208619 -0.00200991 -0.00208769 -0.00199922 -0.00203076 -0.0020783 -0.00207058 -0.00197184 -0.00207693 -0.00190283 -0.00190874 -0.00193936 -0.00183807 -0.0019355 -0.00184385 -0.00184531 -0.00188316 -0.0018684 -0.0018959 -0.0018831 -0.00188223 -0.00185027 -0.00197585 -0.00192468 -0.0019017 -0.00183841 -0.00174398 -0.00184004 -0.00192299 -0.00177611 -0.00184966 -0.00184761 -0.00190458 -0.00187455 -0.00197998 -0.00189766 -0.00182905 -0.00175103 -0.00184159 -0.00178645 -0.00193985 -0.00186467 -0.00186544 -0.00193091 -0.00193678 -0.00194014 -0.00180686 -0.00189032 -0.00191678 -0.00184648 -0.00185459 -0.00171623 -0.00189896 -0.00196909 -0.00183814 -0.0019179 -0.00192114 -0.00191329 -0.0018364 -0.00185398 -0.00181606 -0.00193991 -0.00187372 
-0.00178615 -0.0017753 -0.00182224 -0.00188823 -0.00174346 -0.00194893 -0.00196814 -0.00205578 -0.00203744 -0.00193519 -0.00210104 -0.00220615 -0.00211618 -0.00222598 -0.00213238 -0.00208639 -0.00230635 -0.00203946 -0.00203525 -0.00188953 -0.00166676 -0.00166004 0.00243296 0.00248824 0.00283996 0.00283462 0.138797 0.00276532 0.00261458 0.00260909 0.0025056 0.00235126 -0.00145797 -0.00152074 -0.00161246 -0.00161498 -0.00183271 -0.001888 -0.00189366 -0.00196761 -0.0018518 -0.00171774 -0.0019303 -0.00184863 -0.00189927 -0.00184029 -0.00176723 -0.00167972 -0.00168227 -0.0017184 -0.00179178 -0.00175759 -0.00172631 -0.00181708 -0.00169011 -0.00168681 -0.0017568 -0.00175797 -0.00174234 -0.00173692 -0.00175509 -0.00172623 -0.00159554 -0.00168222 -0.00171967 -0.00174303 -0.00171311 -0.00183125 -0.00176758 -0.00184022 -0.00175426 -0.00179661 -0.00185752 -0.00179815 -0.00169343 -0.00175133 -0.00167812 -0.00174126 -0.00168731 -0.00173087 -0.00179186 -0.00167644 -0.00184583 -0.00173994 -0.0018706 -0.00168709 -0.0017606 -0.00165793 -0.00177797 -0.00172225 -0.00173444 -0.00172458 -0.00169059 -0.0017187 -0.00176837 -0.00180455 -0.00173532 -0.00168918 -0.00169724 -0.00166799 
-0.00174414 -0.00179853 -0.00179967 -0.00167916 -0.00170439 -0.00188747 -0.00185677 -0.00193385 -0.0019902 -0.00189726 -0.00212544 -0.00216784 -0.00203443 -0.00210759 -0.00202994 -0.00214183 -0.0022171 -0.00218277 -0.00214414 -0.00203828 -0.00176792 -0.00179244 -0.00166565 0.00233715 0.0025873 0.00286186 0.00276532 0.137103 0.00272513 0.00268857 0.00267697 0.00239382 0.00225807 -0.00137761 -0.00146495 -0.00152404 -0.00166556 -0.00172098 -0.00184447 -0.00189395 -0.00177637 -0.00173816 -0.00183966 -0.00186726 -0.00186271 -0.00185439 -0.00169986 -0.00166698 -0.00166903 -0.00175781 -0.00168167 -0.00174239 -0.00164435 -0.00171255 -0.00178083 -0.00177335 -0.00175289 -0.00185919 -0.0017281 -0.0018543 -0.0018126 -0.0017638 -0.00165397 -0.00168548 -0.00174608 -0.00171534 -0.00168687 -0.00170142 -0.00174998 -0.00176559 -0.00178813 -0.00176199 -0.00181424 -0.00164958 -0.0016153 -0.00163705 -0.0016208 -0.00167654 -0.00180808 -0.00176718 -0.00176466 -0.00174887 -0.00168554 -0.00175377 -0.00176978 -0.00177177 -0.00163708 -0.00161403 -0.00164931 -0.00178678 -0.00174472 -0.0017469 -0.00173259 -0.0018135 -0.00183658 -0.00167868 -0.00174659 -0.00168409 -0.0016789 -0.00167265 
-0.00163151 -0.00174805 -0.0017364 -0.00175447 -0.00169936 -0.00175507 -0.00177443 -0.00195011 -0.00191349 -0.00184899 -0.00202856 -0.00195241 -0.00192172 -0.00211631 -0.00205067 -0.00208619 -0.00216835 -0.00207039 -0.00213851 -0.002071 -0.00188094 -0.00186847 -0.00173304 -0.00152238 0.00236138 0.00248575 0.00261458 0.00272513 0.135204 0.00273478 0.00259533 0.00249144 0.0022472 0.00228416 -0.00125833 -0.00136038 -0.00139471 -0.00170754 -0.00169846 -0.0018619 -0.00181957 -0.00186279 -0.00179153 -0.00189144 -0.00191862 -0.00179694 -0.00177443 -0.00169125 -0.00172737 -0.00177733 -0.0016858 -0.00167025 -0.00175838 -0.001713 -0.00177954 -0.00181152 -0.00177319 -0.00171106 -0.00169481 -0.00169745 -0.00168927 -0.00168524 -0.00157005 -0.00166191 -0.00169408 -0.00171343 -0.00173589 -0.00167427 -0.00175781 -0.00164639 -0.00168149 -0.00171478 -0.00176307 -0.00173247 -0.00169235 -0.00159317 -0.00165398 -0.00166588 -0.00158586 -0.00167084 -0.00181077 -0.00162034 -0.00180561 -0.00167252 -0.00178689 -0.0017641 -0.0017194 -0.00167903 -0.00159992 -0.00164881 -0.00163633 -0.00169361 -0.00171844 -0.00168313 -0.00170683 -0.00176457 -0.0017811 -0.00167136 -0.00168757 -0.00166249 
-0.001619 -0.00176147 -0.00169001 -0.00174955 -0.00169028 -0.00193126 -0.00191602 -0.00196728 -0.00197424 -0.00178636 -0.00189959 -0.00195085 -0.0019339 -0.00205756 -0.00188116 -0.00197792 -0.00214445 -0.00208758 -0.00203158 -0.00212022 -0.00189003 -0.00185652 -0.00167653 -0.00137247 0.00247108 0.00260647 0.00260909 0.00268857 0.00273478 0.133825 0.00259954 0.00255112 0.00234291 0.00217021 -0.00136226 -0.00140634 -0.00146509 -0.00160043 -0.00165247 -0.00189985 -0.00182654 -0.00169687 -0.00179728 -0.00182918 -0.00187913 -0.00173437 -0.00175392 -0.00175369 -0.0016112 -0.00171473 -0.00180217 -0.00175508 -0.00164815 -0.00174247 -0.00171961 -0.00172327 -0.00178418 -0.00168207 -0.00168098 -0.00171074 -0.00168337 -0.00165492 -0.00169619 -0.00160506 -0.00172223 -0.00174882 -0.00165647 -0.00172153 -0.00173012 -0.00173663 -0.00163093 -0.00164369 -0.00171321 -0.0016682 -0.00159989 -0.00164473 -0.00168099 -0.00164574 -0.00170187 -0.00171348 -0.00167187 -0.00160165 -0.00171777 -0.00173438 -0.00163478 -0.00167816 -0.00174107 -0.00160932 -0.00165101 -0.00175885 -0.00160656 -0.0017162 -0.00168496 -0.00180382 -0.00172289 -0.00176271 -0.00170976 -0.00169188 -0.00165866 -0.0016461 
-0.0017049 -0.00174178 -0.00180202 -0.00169783 -0.00169437 -0.00198601 -0.00196031 -0.00193247 -0.00195336 -0.00193668 -0.00198992 -0.00200073 -0.00212177 -0.00211519 -0.0020431 -0.00212556 -0.00229865 -0.0021421 -0.00221101 -0.00234437 -0.00206321 -0.00205506 -0.00177144 -0.00166027 -0.0015084 0.0023643 0.0025056 0.00267697 0.00259533 0.00259954 0.134497 0.00273872 0.00249472 0.00245711 0.00207439 0.00215342 -0.00131815 -0.00141395 -0.00155538 -0.00165178 -0.00179067 -0.001681 -0.00187951 -0.00179689 -0.00183548 -0.00176236 -0.00174137 -0.0017197 -0.00172998 -0.00179671 -0.00170546 -0.00175764 -0.00174842 -0.00179414 -0.00172674 -0.00177131 -0.00190407 -0.00175579 -0.00166163 -0.00172547 -0.00176503 -0.00172199 -0.00168117 -0.00166552 -0.00166341 -0.00164987 -0.00167085 -0.00172105 -0.00172206 -0.00173625 -0.00180336 -0.00183592 -0.0017004 -0.00169998 -0.00167622 -0.00165411 -0.00167147 -0.00182218 -0.00173334 -0.00169064 -0.0017243 -0.00176744 -0.00177929 -0.00170405 -0.00174669 -0.00176012 -0.00174698 -0.00168922 -0.00164639 -0.00173166 -0.00169468 -0.0016977 -0.00178954 -0.00171606 -0.0018107 -0.00176581 -0.00174967 -0.00177348 -0.00179193 -0.00170237 
-0.00174792 -0.00168453 -0.00176121 -0.00174263 -0.00181247 -0.00188429 -0.00186427 -0.00187667 -0.00202358 -0.00186434 -0.0019736 -0.00210307 -0.00194134 -0.00207123 -0.00202507 -0.00205205 -0.00224216 -0.00222967 -0.00224044 -0.00220205 -0.00208168 -0.00215839 -0.00200551 -0.00168565 -0.00173154 -0.00138847 0.00235126 0.00239382 0.00249144 0.00255112 0.00273872 0.133029 0.00264364 0.00251261 0.00220694 0.00233654 0.00205051 -0.00142323 -0.00138891 -0.00153881 -0.00170141 -0.00163199 -0.00174515 -0.00175154 -0.00181794 -0.00184916 -0.00168419 -0.00170415 -0.00173273 -0.00171773 -0.00174541 -0.00174047 -0.00173505 -0.0016899 -0.00173969 -0.00173037 -0.00172566 -0.00168129 -0.00167099 -0.00169847 -0.00175878 -0.00172651 -0.0016104 -0.00164125 -0.00175104 -0.00176469 -0.00173338 -0.00175448 -0.0017151 -0.0017755 -0.00165697 -0.00172032 -0.00164597 -0.00166651 -0.0016297 -0.00164668 -0.00163521 -0.00161163 -0.00166263 -0.00166879 -0.00166776 -0.00164626 -0.00166222 -0.00165005 -0.0017227 -0.00180035 -0.00175399 -0.00171892 -0.00167266 -0.00170885 -0.00171781 -0.00175354 -0.00170475 -0.0016965 -0.00181157 -0.00169519 -0.00177793 -0.0018048 -0.00164955 -0.00167671 
-0.00172209 -0.00166268 -0.00171723 -0.00178018 -0.00176347 -0.00179618 -0.00185909 -0.00192576 -0.00193289 -0.00169954 -0.0019253 -0.00205663 -0.00194671 -0.00210777 -0.00201514 -0.00200007 -0.00225736 -0.00204131 -0.00210958 -0.00221625 -0.0021466 -0.00217775 -0.00209389 -0.00191983 -0.00177385 -0.00158357 -0.00145797 0.00225807 0.0022472 0.00234291 0.00249472 0.00264364 0.131718 0.00252409 0.00233136 0.00216672 0.00218946 0.00212683 -0.00131467 -0.00146082 -0.00144637 -0.00153249 -0.00164221 -0.00180183 -0.00175961 -0.00178222 -0.00169639 -0.00161403 -0.00165258 -0.00170483 -0.00169613 -0.0017269 -0.00160883 -0.00170579 -0.00170173 -0.00171988 -0.00168596 -0.00162728 -0.00171008 -0.00168538 -0.00165389 -0.00163856 -0.00158451 -0.00160718 -0.00168133 -0.00168652 -0.00170543 -0.0017584 -0.00167853 -0.00171691 -0.00159501 -0.00172433 -0.00171481 -0.00159209 -0.00162318 -0.00164327 -0.00165539 -0.00166814 -0.00169084 -0.0016826 -0.00176255 -0.00174372 -0.00164632 -0.00171166 -0.00168839 -0.00173457 -0.00169454 -0.00166452 -0.00155756 -0.0017532 -0.00164859 -0.00171749 -0.00175765 -0.0017331 -0.00163717 -0.0017003 -0.0015698 -0.00171124 -0.00169316 -0.00165216 
