0.123077 0.00215959 0.00215522 0.00207201 0.0020142 0.00206516 -0.00120694 -0.00131362 -0.00130906 -0.0014467 -0.00160933 -0.00173063 -0.00170659 -0.00184516 -0.00178451 -0.00187166 -0.00193517 -0.00199504 -0.00194944 -0.00195627 -0.00192812 -0.00189849 -0.0019466 -0.00180068 -0.00189407 -0.00199053 -0.00178275 -0.0017466 -0.00174538 -0.00166996 -0.00174599 -0.00169309 -0.00165442 -0.00163169 -0.00155425 -0.00162814 -0.0015936 -0.00163428 -0.00166286 -0.00162309 -0.00156367 -0.00162513 -0.00155197 -0.0015672 -0.00162009 -0.00165392 -0.00156996 -0.00153055 -0.00156855 -0.00153183 -0.00160578 -0.00144787 -0.00154692 -0.00150788 -0.00149711 -0.00150884 -0.00153063 -0.00149284 -0.00152073 -0.00158201 -0.00152582 -0.00153877 -0.00150178 -0.00144156 -0.00143495 -0.00149603 -0.00150699 -0.00144845 -0.00148763 -0.00144598 -0.00154364 -0.00147514 -0.00146484 -0.00149919 -0.00142653 -0.00142365 -0.00147204 -0.00154736 -0.00144058 -0.0015424 -0.00149379 -0.00147916 -0.00146709 -0.00154103 -0.00155602 -0.00150923 -0.00146452 -0.00146424 -0.00143288 -0.00141318 -0.00147628 -0.00140155 -0.00130109 -0.00126189 -0.0011934 -0.00107845 0.00185478 0.00200261 0.00212967 0.00217538 
0.00215959 0.123395 0.00216653 0.00211268 0.00210093 0.00213186 0.00200736 -0.00121651 -0.00136807 -0.00130877 -0.00152751 -0.00160605 -0.00171157 -0.00188119 -0.00183719 -0.00186563 -0.00198868 -0.00185443 -0.00178541 -0.00196065 -0.00195537 -0.0018913 -0.00190493 -0.00188065 -0.00196092 -0.00183774 -0.00179499 -0.00183481 -0.00178534 -0.00177102 -0.00173295 -0.0017645 -0.00166829 -0.00166232 -0.00151908 -0.00159905 -0.00161261 -0.001555 -0.00157837 -0.00154225 -0.00148451 -0.00156502 -0.00158492 -0.00158432 -0.00154541 -0.00160383 -0.00158064 -0.00153995 -0.00154994 -0.00157774 -0.00146897 -0.00148061 -0.00150152 -0.00160394 -0.00165499 -0.0015366 -0.00148787 -0.00151998 -0.00155249 -0.00148695 -0.00152818 -0.00143601 -0.00143026 -0.00141715 -0.00146624 -0.00153681 -0.00153059 -0.00149021 -0.0014418 -0.00142291 -0.00146521 -0.00150259 -0.00143375 -0.00153322 -0.00148444 -0.00153961 -0.00150249 -0.00155356 -0.00155222 -0.00148205 -0.00151697 -0.00149657 -0.001548 -0.00153028 -0.00153442 -0.00151892 -0.00149773 -0.00138504 -0.00141732 -0.00142911 -0.00153542 -0.00143026 -0.00140361 -0.00141912 -0.00142092 -0.00137473 -0.00119493 0.00191967 0.0019857 0.00209677 
0.00215522 0.00216653 0.123873 0.00238181 0.00216904 0.00216593 0.002199 0.00211346 -0.00112941 -0.00123133 -0.00147858 -0.00153128 -0.0016653 -0.00182823 -0.0018104 -0.00191199 -0.00193818 -0.00181532 -0.00193818 -0.00207273 -0.00201138 -0.00189893 -0.00188861 -0.00188614 -0.00203141 -0.00176763 -0.00177936 -0.0017825 -0.00164285 -0.0017165 -0.00174222 -0.00178399 -0.00170004 -0.00167213 -0.0015566 -0.00160187 -0.00167968 -0.00167914 -0.00162783 -0.00172915 -0.0015664 -0.00163546 -0.00161455 -0.0016226 -0.00165978 -0.00157361 -0.0014771 -0.00152448 -0.00152893 -0.00157922 -0.00152772 -0.00151711 -0.00157413 -0.00156721 -0.00164278 -0.00155683 -0.001526 -0.00160577 -0.00151216 -0.00152663 -0.00154694 -0.00158234 -0.00143331 -0.00152272 -0.00148604 -0.00152952 -0.00145271 -0.00156111 -0.00156214 -0.00147044 -0.00153285 -0.00151435 -0.00146127 -0.0015287 -0.00144518 -0.00141488 -0.00135353 -0.0014708 -0.00155437 -0.00153731 -0.00151012 -0.00145565 -0.00152741 -0.00155872 -0.00152896 -0.00147238 -0.00157997 -0.00145039 -0.00148155 -0.00146849 -0.00163252 -0.00149112 -0.00145516 -0.00138059 -0.00142435 -0.00136116 -0.00131364 -0.00119787 0.00193117 0.00196231 
0.00207201 0.00211268 0.00238181 0.124305 0.00223434 0.00235666 0.00222794 0.00217126 0.00203012 -0.00111533 -0.00139342 -0.00146734 -0.00148224 -0.00174733 -0.00181802 -0.00185835 -0.00182956 -0.00192774 -0.00199785 -0.00199653 -0.00205154 -0.00193097 -0.00193831 -0.00181196 -0.00195992 -0.00200106 -0.00177647 -0.00175973 -0.00180037 -0.00163174 -0.00179591 -0.0017961 -0.00171493 -0.00168263 -0.00161496 -0.00158222 -0.00169141 -0.00164864 -0.0016491 -0.00163095 -0.00168214 -0.00161436 -0.00165147 -0.0016945 -0.00164491 -0.00162999 -0.00153137 -0.00159787 -0.00154291 -0.00159037 -0.00153982 -0.00154863 -0.00157408 -0.00155925 -0.00149826 -0.00159739 -0.00153781 -0.00155919 -0.00154098 -0.00147786 -0.0015342 -0.00149531 -0.00149491 -0.0015042 -0.00156088 -0.00147767 -0.00150259 -0.00157014 -0.00147404 -0.00151617 -0.00160954 -0.00147723 -0.00155664 -0.00149993 -0.00146005 -0.00144212 -0.00142771 -0.00161842 -0.00152004 -0.00147381 -0.001514 -0.00145449 -0.00146639 -0.00152173 -0.0015176 -0.00144042 -0.00148856 -0.00148954 -0.00148565 -0.00155045 -0.0015034 -0.00150034 -0.00147644 -0.0014888 -0.00164226 -0.0014619 -0.00140487 -0.00129111 -0.00114635 0.00188418 
0.0020142 0.00210093 0.00216904 0.00223434 0.12519 0.00234774 0.002389 0.00221857 0.00206467 0.00208635 -0.00134979 -0.00139748 -0.00147843 -0.00174489 -0.00187098 -0.00179531 -0.00201597 -0.00188272 -0.0019299 -0.00195111 -0.00195839 -0.00199311 -0.00186239 -0.00182624 -0.00198447 -0.00197597 -0.00183107 -0.00184588 -0.00180668 -0.00169794 -0.00178441 -0.00186661 -0.00172291 -0.00170108 -0.00166111 -0.00165046 -0.00175191 -0.00155756 -0.00162724 -0.00161668 -0.00156964 -0.00159659 -0.00163939 -0.00163705 -0.00156916 -0.00163805 -0.00162082 -0.00160479 -0.00159997 -0.00157851 -0.00163945 -0.00154808 -0.0015831 -0.00147385 -0.00154733 -0.00157605 -0.00156678 -0.00148525 -0.00161272 -0.00163262 -0.00164542 -0.00154316 -0.00146778 -0.00146324 -0.00154669 -0.00152412 -0.00153835 -0.0015271 -0.00153007 -0.00147023 -0.00150731 -0.00161912 -0.00143615 -0.00157428 -0.00147603 -0.00146137 -0.00150053 -0.00142656 -0.00156174 -0.00140137 -0.0015804 -0.00152571 -0.00155472 -0.00154164 -0.0015401 -0.00150833 -0.00160386 -0.00148483 -0.00141208 -0.00158549 -0.00152502 -0.00150828 -0.00148997 -0.00150391 -0.00158632 -0.00154901 -0.00150677 -0.00133903 -0.00130738 -0.00108371 
0.00206516 0.00213186 0.00216593 0.00235666 0.00234774 0.128408 0.00253375 0.00229668 0.00224931 0.00228075 0.00206604 -0.00141102 -0.00135778 -0.00172948 -0.00187307 -0.00180613 -0.00203362 -0.00198964 -0.00199507 -0.00227066 -0.00209679 -0.00206731 -0.00195809 -0.00199714 -0.00208134 -0.00220854 -0.00191891 -0.00189077 -0.00184807 -0.00191051 -0.00189611 -0.00186531 -0.00176596 -0.00186864 -0.00172258 -0.0017612 -0.00169876 -0.00178062 -0.00177739 -0.00172414 -0.00165636 -0.00165891 -0.00171594 -0.00173347 -0.0017523 -0.00171029 -0.0017069 -0.00166446 -0.00161969 -0.00164745 -0.00156777 -0.0015676 -0.00164724 -0.00158312 -0.00155141 -0.00156135 -0.00163645 -0.00157094 -0.00163511 -0.00155942 -0.00165269 -0.00156603 -0.00149585 -0.00159269 -0.00159906 -0.00161499 -0.0016212 -0.00161898 -0.00163752 -0.00161715 -0.00162896 -0.00170454 -0.00158344 -0.0016691 -0.00150058 -0.00151226 -0.00148669 -0.00158263 -0.00159439 -0.00158508 -0.00160387 -0.00157855 -0.00155619 -0.00167436 -0.00176866 -0.00170671 -0.00165655 -0.00163432 -0.0015846 -0.00167461 -0.00168934 -0.00172552 -0.00163338 -0.0015605 -0.00164856 -0.00168379 -0.0015953 -0.00143708 -0.00133475 -0.00124042 
-0.00120694 0.00200736 0.002199 0.00222794 0.002389 0.00253375 0.129152 0.00252176 0.00241203 0.00230466 0.0021438 0.00212516 -0.00137016 -0.0015608 -0.00171469 -0.00171348 -0.0020118 -0.00191396 -0.00200458 -0.00219753 -0.00204109 -0.00199531 -0.00200741 -0.00196649 -0.00216897 -0.0020641 -0.00190503 -0.0018573 -0.00186476 -0.00183028 -0.00195488 -0.00191666 -0.00195129 -0.0017994 -0.00175834 -0.00170809 -0.00182094 -0.00178076 -0.00174625 -0.00176024 -0.00165246 -0.00169057 -0.00179405 -0.00175187 -0.00174002 -0.00180295 -0.00156386 -0.0016543 -0.0017004 -0.00175 -0.0016161 -0.0016309 -0.00165882 -0.00163447 -0.00168372 -0.00159902 -0.00158913 -0.00167123 -0.00168331 -0.0016289 -0.00163411 -0.00155317 -0.0016525 -0.0016421 -0.00168127 -0.00159605 -0.00156057 -0.00166193 -0.00164962 -0.00159523 -0.00172929 -0.00164112 -0.0016841 -0.00166699 -0.00158056 -0.00153451 -0.00159793 -0.00176761 -0.00166488 -0.00166483 -0.00171685 -0.00173547 -0.00163179 -0.00166549 -0.00171089 -0.00163381 -0.00156916 -0.00159029 -0.00156009 -0.00165694 -0.00161378 -0.00167425 -0.00166989 -0.00162012 -0.00164268 -0.00167169 -0.00160663 -0.00153804 -0.00140444 -0.00125784 
-0.00131362 -0.00121651 0.00211346 0.00217126 0.00221857 0.00229668 0.00252176 0.130334 0.00251829 0.00241265 0.00238396 0.00230687 0.00215665 -0.00138161 -0.00164595 -0.00149172 -0.00178875 -0.00209878 -0.00203037 -0.00202684 -0.0022095 -0.00212072 -0.00217146 -0.00199682 -0.00215547 -0.00218154 -0.00201848 -0.00194311 -0.00186454 -0.00191746 -0.00188517 -0.00193305 -0.00188621 -0.00190961 -0.00172454 -0.00176948 -0.00188192 -0.00178702 -0.00175478 -0.00177814 -0.00167315 -0.00167727 -0.00179198 -0.00178256 -0.00178988 -0.00182713 -0.00174517 -0.00173028 -0.00176271 -0.00161095 -0.00165378 -0.00176681 -0.00166236 -0.00169898 -0.00161292 -0.00157825 -0.0016317 -0.0016366 -0.00169676 -0.00166711 -0.00162094 -0.00155853 -0.00157648 -0.00156254 -0.00158867 -0.00156659 -0.0017548 -0.00177804 -0.00170128 -0.00164677 -0.00163914 -0.00178891 -0.00178028 -0.00172738 -0.00159621 -0.00164331 -0.00159141 -0.00165273 -0.00166248 -0.00167296 -0.00170572 -0.00166671 -0.00163039 -0.0016409 -0.00162975 -0.00155317 -0.0017074 -0.00156455 -0.00156892 -0.00167422 -0.00165239 -0.00168699 -0.00161066 -0.00166251 -0.00163781 -0.00159585 -0.00163402 -0.00163987 -0.0015338 -0.00144956 
-0.00130906 -0.00136807 -0.00112941 0.00203012 0.00206467 0.00224931 0.00241203 0.00251829 0.131618 0.0026091 0.00255965 0.00242063 0.00230554 0.00221828 -0.00157219 -0.00155632 -0.00169163 -0.00200488 -0.00193104 -0.00230018 -0.00216104 -0.00214583 -0.00206218 -0.00196054 -0.00216485 -0.00219805 -0.00206375 -0.00194455 -0.00189051 -0.00190053 -0.00192218 -0.00198466 -0.00187242 -0.0018924 -0.00177149 -0.00176502 -0.00183368 -0.00186829 -0.00177019 -0.00178495 -0.00177762 -0.00176232 -0.00184173 -0.0018339 -0.00176248 -0.00172259 -0.00160136 -0.0016381 -0.00171333 -0.00168018 -0.00171386 -0.00170739 -0.00167489 -0.00174306 -0.00179954 -0.00173427 -0.00175018 -0.00168672 -0.0015762 -0.00167752 -0.00170407 -0.00171455 -0.00160833 -0.0016351 -0.00166183 -0.00162749 -0.00177094 -0.0016716 -0.00160448 -0.00168252 -0.00166927 -0.00166243 -0.00169567 -0.00156636 -0.00172255 -0.00163036 -0.00164955 -0.00174476 -0.00162361 -0.00169274 -0.00170166 -0.00174744 -0.00175375 -0.00172163 -0.00172773 -0.00166802 -0.00172227 -0.00155333 -0.00161909 -0.00168782 -0.00161175 -0.00167874 -0.00165882 -0.00163622 -0.00167329 -0.0017135 -0.00167943 -0.00161995 -0.00170563 -0.00157046 
-0.0014467 -0.00130877 -0.00123133 -0.00111533 0.00208635 0.00228075 0.00230466 0.00241265 0.0026091 0.130013 0.0023914 0.00241009 0.0022816 0.00229575 -0.00139635 -0.0014338 -0.00177501 -0.00175007 -0.00176304 -0.00206344 -0.00201135 -0.00206363 -0.00200777 -0.00194642 -0.00211231 -0.00207837 -0.00196549 -0.00186673 -0.00188126 -0.00177802 -0.001993 -0.00188514 -0.00190352 -0.00190628 -0.00170716 -0.00184437 -0.00170464 -0.00173508 -0.00177519 -0.00182875 -0.00170831 -0.00164649 -0.00178392 -0.00174991 -0.00173251 -0.00178493 -0.00161336 -0.00156697 -0.00168017 -0.00169278 -0.00166768 -0.00164478 -0.00163581 -0.00156769 -0.00168791 -0.00160459 -0.00167172 -0.00168576 -0.00168264 -0.00166491 -0.00162818 -0.00164696 -0.00152641 -0.0015128 -0.0016346 -0.00153065 -0.00156877 -0.00167365 -0.00160081 -0.00153636 -0.00156137 -0.00159168 -0.00162016 -0.00164261 -0.00154227 -0.00162767 -0.0015379 -0.00164709 -0.0016827 -0.00159832 -0.00161643 -0.00166798 -0.00156417 -0.00166697 -0.00160155 -0.00163085 -0.00162376 -0.00146349 -0.00155297 -0.00164697 -0.00160861 -0.00176184 -0.00154973 -0.00164215 -0.00167643 -0.00169435 -0.00159075 -0.00167757 -0.00164257 -0.00154457 
-0.00160933 -0.00152751 -0.00147858 -0.00139342 -0.00134979 0.00206604 0.0021438 0.00238396 0.00255965 0.0023914 0.134655 0.00263295 0.00258453 0.00258306 0.00227594 0.00236457 -0.00162662 -0.00175671 -0.0017364 -0.00198652 -0.00206931 -0.00222792 -0.00204427 -0.00207257 -0.00221264 -0.00208791 -0.0021405 -0.00199805 -0.00195131 -0.00202576 -0.00210494 -0.00203005 -0.00199122 -0.00196713 -0.00186826 -0.00186569 -0.00188785 -0.00188349 -0.001915 -0.00180291 -0.00173262 -0.00175337 -0.00180064 -0.00187797 -0.00186908 -0.00180458 -0.0017783 -0.00173015 -0.00176778 -0.00176623 -0.00172909 -0.0016941 -0.00159795 -0.00167665 -0.00168592 -0.00169845 -0.00179515 -0.00184004 -0.00171627 -0.0017397 -0.00173869 -0.00168383 -0.00171167 -0.00172925 -0.00169789 -0.00173813 -0.00164933 -0.00175224 -0.00177569 -0.001807 -0.0017047 -0.00175765 -0.00169629 -0.0018061 -0.00165745 -0.00162557 -0.00161144 -0.00180707 -0.00171175 -0.00172537 -0.00173055 -0.00177496 -0.00175972 -0.00169202 -0.00170778 -0.00173809 -0.00173106 -0.00167704 -0.00161969 -0.00173237 -0.00169563 -0.00171434 -0.00175659 -0.0017544 -0.00173549 -0.00178136 -0.00168923 -0.00183468 -0.00179724 -0.00166557 
-0.00173063 -0.00160605 -0.00153128 -0.00146734 -0.00139748 -0.00141102 0.00212516 0.00230687 0.00242063 0.00241009 0.00263295 0.136583 0.00277693 0.00277267 0.00259432 0.00250463 0.00243286 -0.00162714 -0.00156653 -0.00184673 -0.00200599 -0.00207658 -0.00213954 -0.00205159 -0.00220346 -0.00226194 -0.00205908 -0.00212713 -0.00195335 -0.00198899 -0.00201452 -0.00204311 -0.00194521 -0.00201737 -0.00186607 -0.00184867 -0.00188772 -0.00186763 -0.0018176 -0.00192903 -0.00176045 -0.00179808 -0.00190755 -0.00182889 -0.00192875 -0.00191306 -0.00175145 -0.00172682 -0.0018936 -0.00179103 -0.00179121 -0.00180594 -0.0017564 -0.00182273 -0.00183227 -0.0017354 -0.00174009 -0.00179211 -0.0017851 -0.00183721 -0.0018942 -0.00178931 -0.00162092 -0.00162784 -0.00168708 -0.00173457 -0.00175768 -0.00172649 -0.00181853 -0.00180469 -0.00189982 -0.00181764 -0.001877 -0.00183508 -0.00172633 -0.00181911 -0.00172121 -0.00182849 -0.00187114 -0.00166329 -0.00178127 -0.00183344 -0.00188799 -0.00183655 -0.00178906 -0.00179509 -0.00178977 -0.00176666 -0.00163122 -0.00184362 -0.00178247 -0.00178424 -0.0017818 -0.00177793 -0.00175122 -0.00170384 -0.00178363 -0.00179713 -0.00176495 -0.00167138 
-0.00170659 -0.00171157 -0.0016653 -0.00148224 -0.00147843 -0.00135778 -0.00137016 0.00215665 0.00230554 0.0022816 0.00258453 0.00277693 0.135248 0.00272456 0.00252374 0.00250754 0.00240397 -0.00158817 -0.00159196 -0.00181867 -0.00204677 -0.00206085 -0.00201114 -0.00198325 -0.00210817 -0.002182 -0.00200974 -0.00211113 -0.0019679 -0.0018972 -0.00194626 -0.00190509 -0.00192087 -0.00189531 -0.00180095 -0.00178251 -0.00194277 -0.00179867 -0.00178491 -0.00182894 -0.00180966 -0.00174837 -0.00178488 -0.00187893 -0.00172708 -0.0018024 -0.00164701 -0.00171108 -0.00169686 -0.00170727 -0.00170124 -0.0015821 -0.00174496 -0.00175122 -0.0016469 -0.00164939 -0.00169971 -0.0016384 -0.00172211 -0.00176657 -0.00167997 -0.00173237 -0.00163697 -0.00156494 -0.00168094 -0.00165142 -0.00176102 -0.0017631 -0.00167197 -0.00180963 -0.00182414 -0.00170237 -0.00170462 -0.00171526 -0.00161394 -0.00161217 -0.00156961 -0.00180863 -0.00161761 -0.00175462 -0.00174236 -0.00177328 -0.00175805 -0.00177476 -0.00164874 -0.0018254 -0.00173019 -0.00168766 -0.00166657 -0.00174532 -0.00164761 -0.0017217 -0.00172905 -0.00169587 -0.00170841 -0.00167456 -0.00171934 -0.00173962 -0.00180325 -0.00167443 
-0.00184516 -0.00188119 -0.00182823 -0.00174733 -0.00174489 -0.00172948 -0.0015608 -0.00138161 0.00221828 0.00229575 0.00258306 0.00277267 0.00272456 0.140461 0.00290001 0.00286311 0.00270142 0.00244436 0.00241801 -0.00168317 -0.00189522 -0.0019658 -0.00203324 -0.00212493 -0.0024057 -0.00226365 -0.00220021 -0.00220429 -0.0020456 -0.00209414 -0.00216594 -0.00210306 -0.00212691 -0.0020342 -0.00194627 -0.0019394 -0.00195745 -0.00206185 -0.001886 -0.00192963 -0.00181071 -0.00190049 -0.0019634 -0.00191627 -0.00194744 -0.00193643 -0.00187593 -0.00181616 -0.00182663 -0.00179046 -0.00178466 -0.00178511 -0.00180347 -0.00183536 -0.00188814 -0.0018362 -0.00186555 -0.00181529 -0.00177661 -0.00186177 -0.00184538 -0.00193033 -0.00178829 -0.00182406 -0.0018224 -0.00182783 -0.00181841 -0.00178644 -0.00190301 -0.00186103 -0.00185469 -0.00176452 -0.00177684 -0.0017632 -0.00179495 -0.0017765 -0.00165075 -0.00179872 -0.00178401 -0.00187797 -0.00174948 -0.00190534 -0.00184103 -0.00176867 -0.00171928 -0.00180708 -0.00184576 -0.00171333 -0.00175892 -0.00184421 -0.00179574 -0.00183262 -0.00191128 -0.00183489 -0.00185968 -0.00184332 -0.00187711 -0.00179942 -0.00186491 -0.00173987 
-0.00178451 -0.00183719 -0.0018104 -0.00181802 -0.00187098 -0.00187307 -0.00171469 -0.00164595 -0.00157219 -0.00139635 0.00227594 0.00259432 0.00252374 0.00290001 0.139683 0.00292912 0.00300907 0.00256509 0.00274589 0.00265688 -0.00163037 -0.00172094 -0.00186575 -0.00201266 -0.00210199 -0.00228174 -0.00210913 -0.00210494 -0.002047 -0.0018877 -0.00204291 -0.00208163 -0.00204934 -0.00213463 -0.00184067 -0.00190381 -0.00194132 -0.00196589 -0.00196161 -0.00195309 -0.00173583 -0.00184495 -0.00185962 -0.00195741 -0.00194143 -0.00180257 -0.00179103 -0.00177848 -0.0018041 -0.00181948 -0.00174658 -0.00172949 -0.00176628 -0.0018034 -0.00179212 -0.00187885 -0.00174778 -0.00183154 -0.00182082 -0.00179822 -0.00186497 -0.00182693 -0.00167365 -0.00169001 -0.00173115 -0.00173138 -0.00167655 -0.00186583 -0.00175588 -0.00180353 -0.00178999 -0.00180908 -0.00185284 -0.00177627 -0.00166392 -0.00161124 -0.00165563 -0.00177342 -0.0017761 -0.00177103 -0.00180631 -0.00180519 -0.00178833 -0.00176665 -0.00176566 -0.00177302 -0.00179102 -0.00171048 -0.00170036 -0.00179654 -0.0017602 -0.00180678 -0.00187526 -0.00181581 -0.00169239 -0.00182929 -0.00181966 -0.00183619 -0.00176671 -0.00166786 
-0.00187166 -0.00186563 -0.00191199 -0.00185835 -0.00179531 -0.00180613 -0.00171348 -0.00149172 -0.00155632 -0.0014338 0.00236457 0.00250463 0.00250754 0.00286311 0.00292912 0.141106 0.00297178 0.00267334 0.00277698 0.0026195 -0.00169777 -0.00158257 -0.00172331 -0.00200776 -0.00207656 -0.0022044 -0.00201839 -0.00207574 -0.00201651 -0.00201496 -0.00210089 -0.0020709 -0.00205135 -0.00203413 -0.00192159 -0.00187396 -0.00203603 -0.00200583 -0.00198521 -0.00188064 -0.00185385 -0.00187848 -0.0018496 -0.00188201 -0.0019047 -0.00189427 -0.00182698 -0.00176216 -0.00178482 -0.00189405 -0.00179377 -0.0017899 -0.00187146 -0.00177423 -0.00193246 -0.00182024 -0.0017623 -0.00178191 -0.00179003 -0.00188158 -0.00175276 -0.00177406 -0.00164079 -0.00176825 -0.0017963 -0.00190769 -0.00182254 -0.00179503 -0.00179681 -0.00182793 -0.00187829 -0.00181789 -0.00190937 -0.00175369 -0.00171234 -0.00169155 -0.00169988 -0.00183629 -0.00176597 -0.00179392 -0.00173303 -0.00184132 -0.00192612 -0.00175681 -0.00175196 -0.00179157 -0.0018321 -0.00172252 -0.00167985 -0.00181031 -0.00188493 -0.00188342 -0.00186426 -0.00181601 -0.00177988 -0.00184887 -0.00186393 -0.00188431 -0.00179082 -0.00170162 
-0.00193517 -0.00198868 -0.00193818 -0.00182956 -0.00201597 -0.00203362 -0.0020118 -0.00178875 -0.00169163 -0.00177501 -0.00162662 0.00243286 0.00240397 0.00270142 0.00300907 0.00297178 0.146292 0.00315401 0.00306647 0.00290529 0.00267381 0.00265229 -0.00174023 -0.00173828 -0.00197224 -0.00218217 -0.00222781 -0.00215015 -0.00227366 -0.00221586 -0.0023294 -0.00223237 -0.00218137 -0.00212203 -0.00208937 -0.00204177 -0.00204104 -0.00217645 -0.00197715 -0.00195041 -0.0020047 -0.00198413 -0.00212747 -0.00211342 -0.00200292 -0.00204697 -0.00200961 -0.00199601 -0.00196236 -0.00193284 -0.00189395 -0.0019766 -0.00183002 -0.00195003 -0.00193424 -0.00196248 -0.00183495 -0.00201475 -0.00184569 -0.00202554 -0.00189875 -0.0019196 -0.00187613 -0.00189866 -0.00188397 -0.00193259 -0.00193232 -0.00189058 -0.0018886 -0.00198379 -0.00193435 -0.00190249 -0.00195411 -0.00192611 -0.00190273 -0.00188332 -0.00192806 -0.001995 -0.00190439 -0.00194992 -0.00199567 -0.00189623 -0.00191653 -0.00185858 -0.00201667 -0.00201537 -0.00187521 -0.00185501 -0.0018855 -0.00186405 -0.00188739 -0.00192595 -0.00187099 -0.00195248 -0.00193585 -0.00191061 -0.00190216 -0.00189591 -0.00179358 -0.00189842 
-0.00199504 -0.00185443 -0.00181532 -0.00192774 -0.00188272 -0.00198964 -0.00191396 -0.00209878 -0.00200488 -0.00175007 -0.00175671 -0.00162714 -0.00158817 0.00244436 0.00256509 0.00267334 0.00315401 0.144916 0.00321172 0.0031794 0.00300761 0.00288732 0.00276583 -0.00167259 -0.00186923 -0.00181727 -0.00196795 -0.00217446 -0.00207482 -0.00212865 -0.00220575 -0.0021461 -0.00209692 -0.00209455 -0.00203833 -0.00196101 -0.00200615 -0.00201193 -0.00204954 -0.00205495 -0.00186831 -0.00194582 -0.00202626 -0.00202367 -0.0020266 -0.00196477 -0.00191376 -0.00186613 -0.00194555 -0.00197415 -0.0018336 -0.00189573 -0.00190419 -0.00197 -0.00181019 -0.00179441 -0.00189492 -0.00190572 -0.00187853 -0.00180442 -0.00184263 -0.00174464 -0.0017729 -0.00173857 -0.00201735 -0.00180228 -0.00195739 -0.00187807 -0.00184839 -0.00189133 -0.00181136 -0.00179768 -0.00187188 -0.00186331 -0.00177701 -0.00178066 -0.00182948 -0.00188953 -0.00196776 -0.00184069 -0.00192266 -0.00194374 -0.00187752 -0.00181138 -0.00188627 -0.00189114 -0.00192779 -0.00180845 -0.0017812 -0.00179476 -0.00191202 -0.00183786 -0.00187582 -0.00203212 -0.00178054 -0.00190317 -0.00175135 -0.00184837 -0.0017864 -0.00168746 
-0.00194944 -0.00178541 -0.00193818 -0.00199785 -0.0019299 -0.00199507 -0.00200458 -0.00203037 -0.00193104 -0.00176304 -0.0017364 -0.00156653 -0.00159196 0.00241801 0.00274589 0.00277698 0.00306647 0.00321172 0.145542 0.00319163 0.00287945 0.00294538 0.00274932 -0.00153215 -0.00177947 -0.0019094 -0.00205563 -0.00213845 -0.00220636 -0.00206125 -0.00222736 -0.00217755 -0.00214363 -0.00209779 -0.00201833 -0.00200424 -0.00207634 -0.00217772 -0.00204178 -0.00200111 -0.00191251 -0.00183242 -0.00204876 -0.00201544 -0.00204025 -0.0019487 -0.00181271 -0.00193653 -0.00195267 -0.00195001 -0.00185019 -0.0018732 -0.00201905 -0.00190756 -0.00184473 -0.00185318 -0.00194887 -0.00187404 -0.00191911 -0.00188924 -0.00192119 -0.00189974 -0.00183771 -0.00178265 -0.00183514 -0.00181016 -0.00190646 -0.00183315 -0.00194917 -0.00189077 -0.00191599 -0.00180656 -0.00180249 -0.00187331 -0.00172921 -0.0017728 -0.00183117 -0.00194632 -0.00190418 -0.00183769 -0.0018328 -0.00186588 -0.00188967 -0.0017582 -0.00191283 -0.00187438 -0.00183969 -0.00182721 -0.00183765 -0.00182716 -0.00187738 -0.00191484 -0.00187277 -0.00193991 -0.00186172 -0.00189974 -0.00188739 -0.00186059 -0.00180683 -0.00175646 
-0.00195627 -0.00196065 -0.00207273 -0.00199653 -0.00195111 -0.00227066 -0.00219753 -0.00202684 -0.00230018 -0.00206344 -0.00198652 -0.00184673 -0.00181867 -0.00168317 0.00265688 0.0026195 0.00290529 0.0031794 0.00319163 0.149528 0.00304728 0.00317057 0.00312098 0.00268191 0.00260318 -0.00173003 -0.00189989 -0.00204844 -0.00219761 -0.0020529 -0.00238297 -0.00224159 -0.00221777 -0.00223566 -0.00204625 -0.00210483 -0.00222571 -0.00213348 -0.00213253 -0.00207735 -0.00194089 -0.00203653 -0.0021177 -0.00211401 -0.00205336 -0.0020334 -0.00198339 -0.00198123 -0.00198532 -0.0018955 -0.00195388 -0.00202505 -0.00198107 -0.002024 -0.00205899 -0.00196449 -0.0020764 -0.00206107 -0.0019919 -0.00202023 -0.00202537 -0.00196981 -0.00186114 -0.00185707 -0.0020548 -0.00201186 -0.00194556 -0.00192852 -0.00190928 -0.00200755 -0.00196765 -0.00191083 -0.00201972 -0.00197513 -0.00195581 -0.00193003 -0.00186777 -0.00202223 -0.00198639 -0.00195691 -0.00199344 -0.0021345 -0.00192146 -0.00200374 -0.00195909 -0.00194434 -0.00207952 -0.00183652 -0.00193677 -0.00199445 -0.00198029 -0.00198629 -0.00198493 -0.00203893 -0.00192519 -0.00186006 -0.0019331 -0.00192855 -0.00202434 -0.0019194 
-0.00192812 -0.00195537 -0.00201138 -0.00205154 -0.00195839 -0.00209679 -0.00204109 -0.0022095 -0.00216104 -0.00201135 -0.00206931 -0.00200599 -0.00204677 -0.00189522 -0.00163037 -0.00169777 0.00267381 0.00300761 0.00287945 0.00304728 0.146563 0.00333429 0.00313834 0.00285246 0.00279371 0.00264204 -0.00167253 -0.00184451 -0.00192181 -0.00181575 -0.00201255 -0.00211971 -0.00205409 -0.00210974 -0.00200044 -0.00200353 -0.00204567 -0.00204278 -0.00200095 -0.00213772 -0.00183916 -0.00193668 -0.0019034 -0.00198317 -0.00203143 -0.00191834 -0.00197037 -0.00189762 -0.00190559 -0.00193263 -0.00190959 -0.00191306 -0.00191574 -0.00201203 -0.00191007 -0.00184959 -0.00196324 -0.00184288 -0.00197908 -0.00194307 -0.00187042 -0.00195883 -0.00181129 -0.00180867 -0.00186862 -0.00183183 -0.00183881 -0.00183729 -0.0018852 -0.00186039 -0.0018963 -0.00189101 -0.00182477 -0.00194511 -0.00179064 -0.00179222 -0.00171466 -0.00180849 -0.00189798 -0.00190608 -0.00185479 -0.00188887 -0.00193087 -0.001938 -0.00187938 -0.00192267 -0.00191805 -0.00179303 -0.00176516 -0.00186017 -0.0019681 -0.00190141 -0.00192568 -0.00196585 -0.00194339 -0.00191602 -0.00189204 -0.00184991 -0.00193028 -0.00174171 
-0.00189849 -0.0018913 -0.00189893 -0.00193097 -0.00199311 -0.00206731 -0.00199531 -0.00212072 -0.00214583 -0.00206363 -0.00222792 -0.00207658 -0.00206085 -0.0019658 -0.00172094 -0.00158257 0.00265229 0.00288732 0.00294538 0.00317057 0.00333429 0.146448 0.00318239 0.00280017 0.00263781 0.00251086 -0.00166474 -0.00178311 -0.00193307 -0.00201482 -0.00201323 -0.0020657 -0.00228537 -0.00215982 -0.00196611 -0.00201972 -0.00210953 -0.00198937 -0.00201606 -0.00198653 -0.0019788 -0.00200419 -0.00199333 -0.00201746 -0.00201995 -0.0019609 -0.00190434 -0.00192373 -0.00183496 -0.00192008 -0.00185672 -0.00188755 -0.00186609 -0.00189288 -0.00190676 -0.00188421 -0.00187372 -0.00189124 -0.00189895 -0.00190341 -0.00187021 -0.00190526 -0.00183028 -0.00179982 -0.00188334 -0.00192244 -0.00188327 -0.00191318 -0.00194656 -0.00188116 -0.00188725 -0.00184534 -0.00185942 -0.00193121 -0.00179523 -0.00177245 -0.00180257 -0.00195456 -0.00187677 -0.00179705 -0.00184923 -0.00179157 -0.00182236 -0.00179902 -0.00186304 -0.0018291 -0.00185091 -0.00178736 -0.00176714 -0.00181409 -0.00182415 -0.00182914 -0.00182003 -0.00199829 -0.00195104 -0.00184797 -0.0020435 -0.00197179 -0.00189577 -0.00178996 
-0.0019466 -0.00190493 -0.00188861 -0.00193831 -0.00186239 -0.00195809 -0.00200741 -0.00217146 -0.00206218 -0.00200777 -0.00204427 -0.00213954 -0.00201114 -0.00203324 -0.00186575 -0.00172331 -0.00174023 0.00276583 0.00274932 0.00312098 0.00313834 0.00318239 0.145764 0.0029266 0.00291077 0.00278252 0.00244704 -0.00162139 -0.00170631 -0.00162438 -0.00182748 -0.00193613 -0.00205826 -0.00210884 -0.00201803 -0.00196445 -0.00213951 -0.00208369 -0.00205753 -0.00206828 -0.0018578 -0.00189446 -0.00190408 -0.00197753 -0.00205812 -0.00194403 -0.00188354 -0.00188069 -0.00191738 -0.0019408 -0.00189641 -0.00189495 -0.00187987 -0.00190556 -0.00178952 -0.00189297 -0.00196028 -0.00183502 -0.00194189 -0.00193756 -0.00193877 -0.00193853 -0.00177264 -0.00175957 -0.00188966 -0.00187719 -0.001865 -0.00185902 -0.00195221 -0.00195865 -0.0019224 -0.00186554 -0.00195327 -0.00183205 -0.00191192 -0.00173962 -0.00179326 -0.00192079 -0.00191065 -0.00184821 -0.00175182 -0.00188592 -0.00186644 -0.00188985 -0.00201762 -0.00187811 -0.00193222 -0.0018113 -0.00179215 -0.00185953 -0.00194627 -0.00187521 -0.00188661 -0.00186762 -0.00184764 -0.00192519 -0.00186423 -0.00189417 -0.00198519 -0.00178966 
-0.00180068 -0.00188065 -0.00188614 -0.00181196 -0.00182624 -0.00199714 -0.00196649 -0.00199682 -0.00196054 -0.00194642 -0.00207257 -0.00205159 -0.00198325 -0.00212493 -0.00201266 -0.00200776 -0.00173828 -0.00167259 -0.00153215 0.00268191 0.00285246 0.00280017 0.0029266 0.141328 0.00300509 0.00278216 0.00250435 0.00239504 -0.00154683 -0.00145822 -0.00166142 -0.00178827 -0.00183244 -0.00190701 -0.00183393 -0.00183929 -0.00200701 -0.00196545 -0.00191042 -0.00193657 -0.0016527 -0.00174324 -0.00186384 -0.0018797 -0.00186313 -0.00196536 -0.00180649 -0.00170565 -0.00180238 -0.00176149 -0.00172227 -0.00178978 -0.00170329 -0.00175206 -0.00171407 -0.00172857 -0.00179771 -0.00171185 -0.00161751 -0.0017904 -0.00174832 -0.00181056 -0.00178155 -0.0016306 -0.00170425 -0.00184289 -0.00175015 -0.00173691 -0.00172287 -0.0017483 -0.00175712 -0.00179562 -0.00178157 -0.00170159 -0.00158784 -0.00163714 -0.001682 -0.00173551 -0.00184891 -0.0017824 -0.0017607 -0.00169279 -0.00180429 -0.00178503 -0.00170192 -0.00184613 -0.00174154 -0.00169556 -0.00176546 -0.00167599 -0.00180406 -0.00173589 -0.00176197 -0.00182033 -0.00181536 -0.00176673 -0.00175574 -0.00183375 -0.00174469 -0.00165425 
-0.00189407 -0.00196092 -0.00203141 -0.00195992 -0.00198447 -0.00208134 -0.00216897 -0.00215547 -0.00216485 -0.00211231 -0.00221264 -0.00220346 -0.00210817 -0.0024057 -0.00210199 -0.00207656 -0.00197224 -0.00186923 -0.00177947 0.00260318 0.00279371 0.00263781 0.00291077 0.00300509 0.146102 0.0030256 0.00280565 0.00260825 0.00240492 0.00251719 -0.00147093 -0.00165297 -0.00175325 -0.0019339 -0.00188379 -0.00202561 -0.00199214 -0.00214321 -0.00203897 -0.00199459 -0.00196683 -0.00192413 -0.00202214 -0.00202683 -0.00205705 -0.0019999 -0.0019551 -0.0018827 -0.00193063 -0.00189214 -0.00189941 -0.00198052 -0.00193381 -0.00208525 -0.00192106 -0.00200024 -0.00194377 -0.00189146 -0.00186686 -0.00193828 -0.00187362 -0.00188206 -0.00189058 -0.00185099 -0.00189927 -0.00198345 -0.00195655 -0.00187958 -0.00188471 -0.00198823 -0.00196269 -0.00184956 -0.0018662 -0.00189253 -0.00181028 -0.00182956 -0.00182843 -0.00188261 -0.00193918 -0.00192582 -0.00188943 -0.0019071 -0.00189953 -0.00195557 -0.00189274 -0.00196434 -0.00188269 -0.00187953 -0.00178983 -0.00185686 -0.00194154 -0.00192151 -0.00198359 -0.00191248 -0.00200184 -0.0018964 -0.00199817 -0.00197845 -0.00186462 -0.00187098 
-0.00199053 -0.00183774 -0.00176763 -0.00200106 -0.00197597 -0.00220854 -0.0020641 -0.00218154 -0.00219805 -0.00207837 -0.00208791 -0.00226194 -0.002182 -0.00226365 -0.00228174 -0.0022044 -0.00218217 -0.00181727 -0.0019094 -0.00173003 0.00264204 0.00251086 0.00278252 0.00278216 0.0030256 0.144186 0.00277685 0.00265181 0.00263247 0.00244713 0.00233801 -0.00150492 -0.0016601 -0.00171991 -0.0020253 -0.00189913 -0.00204424 -0.00199744 -0.00199664 -0.00199609 -0.00201266 -0.00196459 -0.00200945 -0.00192949 -0.00194632 -0.00201414 -0.00182037 -0.0019008 -0.00195115 -0.00187817 -0.00196126 -0.00187988 -0.00189613 -0.00185596 -0.00196717 -0.00191289 -0.00182423 -0.00181979 -0.00181682 -0.00175559 -0.00194287 -0.00183324 -0.00184518 -0.00181346 -0.0018057 -0.0018786 -0.00190995 -0.00187902 -0.00183741 -0.0017954 -0.00187053 -0.00191158 -0.00188416 -0.00184933 -0.00178879 -0.00179743 -0.00179004 -0.00187397 -0.00193667 -0.00194037 -0.00186233 -0.00187238 -0.00188798 -0.00187899 -0.00186441 -0.00179911 -0.00178179 -0.00179502 -0.00174354 -0.00183974 -0.00193298 -0.00197128 -0.00190124 -0.00194402 -0.00194663 -0.00191521 -0.00196686 -0.00191267 -0.00182576 -0.00176485 
-0.00178275 -0.00179499 -0.00177936 -0.00177647 -0.00183107 -0.00191891 -0.00190503 -0.00201848 -0.00206375 -0.00196549 -0.0021405 -0.00205908 -0.00200974 -0.00220021 -0.00210913 -0.00201839 -0.00222781 -0.00196795 -0.00205563 -0.00189989 -0.00167253 -0.00166474 0.00244704 0.00250435 0.00280565 0.00277685 0.139214 0.00269823 0.0026799 0.00263421 0.00233549 0.00232199 -0.00139073 -0.00149911 -0.0016641 -0.00150876 -0.00166152 -0.00183072 -0.00189745 -0.00188801 -0.00180371 -0.00190979 -0.00194621 -0.00176118 -0.00190106 -0.00186708 -0.0018796 -0.00185298 -0.00176147 -0.00176849 -0.00174323 -0.00177503 -0.00188981 -0.00175921 -0.00179677 -0.00177418 -0.00168465 -0.00166954 -0.00181072 -0.00185126 -0.00177921 -0.00168924 -0.0017203 -0.00166507 -0.00175802 -0.00177117 -0.0018656 -0.00171063 -0.0017257 -0.00179198 -0.00181358 -0.00186156 -0.0017793 -0.00169407 -0.00169485 -0.00166211 -0.00171407 -0.0018112 -0.00176444 -0.00174258 -0.00175802 -0.00174668 -0.00172029 -0.00166453 -0.00178924 -0.00169555 -0.00170564 -0.00167193 -0.00167505 -0.00175009 -0.00174107 -0.00182861 -0.00175409 -0.00177805 -0.00178896 -0.00180424 -0.00178692 -0.00180355 -0.00183066 -0.00170189 
-0.0017466 -0.00183481 -0.0017825 -0.00175973 -0.00184588 -0.00189077 -0.0018573 -0.00194311 -0.00194455 -0.00186673 -0.00199805 -0.00212713 -0.00211113 -0.00220429 -0.00210494 -0.00207574 -0.00215015 -0.00217446 -0.00213845 -0.00204844 -0.00184451 -0.00178311 -0.00162139 0.00239504 0.00260825 0.00265181 0.00269823 0.137382 0.00275547 0.00265222 0.00255932 0.00248105 0.00233369 -0.00132161 -0.0014776 -0.00151647 -0.00162623 -0.00178187 -0.00192166 -0.00175651 -0.00175717 -0.00179315 -0.00186345 -0.00186842 -0.00189657 -0.00193201 -0.00175072 -0.0017386 -0.00177561 -0.00172326 -0.00167887 -0.00172347 -0.0017239 -0.00169621 -0.00173151 -0.00174695 -0.00174711 -0.00175088 -0.00175251 -0.0016946 -0.00167485 -0.00172956 -0.00171083 -0.00163479 -0.00172177 -0.00175633 -0.00175419 -0.00173261 -0.00167018 -0.0017711 -0.00167512 -0.00178271 -0.00166108 -0.00175173 -0.001703 -0.00169032 -0.00168139 -0.0017605 -0.00178105 -0.00173401 -0.00181369 -0.00171014 -0.00174708 -0.0017442 -0.00168686 -0.00179745 -0.00172928 -0.0016177 -0.00163938 -0.00164511 -0.00182798 -0.00168806 -0.0016923 -0.00174214 -0.00183511 -0.00170928 -0.0016889 -0.00172903 -0.00174761 -0.00174751 
-0.00174538 -0.00178534 -0.00164285 -0.00180037 -0.00180668 -0.00184807 -0.00186476 -0.00186454 -0.00189051 -0.00188126 -0.00195131 -0.00195335 -0.0019679 -0.0020456 -0.002047 -0.00201651 -0.00227366 -0.00207482 -0.00220636 -0.00219761 -0.00192181 -0.00193307 -0.00170631 -0.00154683 0.00240492 0.00263247 0.0026799 0.00275547 0.135393 0.0028846 0.00263435 0.00250282 0.00242425 0.0022367 -0.00136282 -0.00135547 -0.00150283 -0.0016823 -0.00168764 -0.0018618 -0.00171771 -0.00174903 -0.00186352 -0.00184498 -0.00178576 -0.00178204 -0.00173406 -0.00165687 -0.00170651 -0.00175651 -0.00171237 -0.00170452 -0.00173126 -0.00173319 -0.00169704 -0.00170899 -0.00178286 -0.00172209 -0.00168246 -0.00173505 -0.00180581 -0.00172491 -0.00165832 -0.00165287 -0.00177928 -0.00166706 -0.00168786 -0.00167568 -0.00180808 -0.00162991 -0.00166182 -0.001749 -0.00169863 -0.00173892 -0.0015853 -0.00163474 -0.00168692 -0.00165886 -0.00166491 -0.00178059 -0.00174912 -0.00169903 -0.00176244 -0.00176036 -0.00167149 -0.00177362 -0.0017732 -0.00161198 -0.00167584 -0.00171802 -0.00179494 -0.00176006 -0.00178024 -0.00175074 -0.00172464 -0.00168197 -0.00167692 -0.00168989 -0.00164887 -0.00166379 
-0.00166996 -0.00177102 -0.0017165 -0.00163174 -0.00169794 -0.00191051 -0.00183028 -0.00191746 -0.00190053 -0.00177802 -0.00202576 -0.00198899 -0.0018972 -0.00209414 -0.0018877 -0.00201496 -0.00221586 -0.00212865 -0.00206125 -0.0020529 -0.00181575 -0.00201482 -0.00162438 -0.00145822 0.00251719 0.00244713 0.00263421 0.00265222 0.0028846 0.133846 0.00254626 0.0024384 0.00230023 0.00221749 -0.00134561 -0.0013426 -0.00156237 -0.00161676 -0.00172665 -0.00182743 -0.00183629 -0.00174044 -0.00188442 -0.0018172 -0.00180966 -0.00183564 -0.00164199 -0.00172301 -0.00169938 -0.00161548 -0.00163058 -0.00170139 -0.00163726 -0.00177419 -0.00163819 -0.00179078 -0.00172708 -0.00168361 -0.00162431 -0.00174964 -0.00167338 -0.00175706 -0.00170979 -0.0016346 -0.00168329 -0.00174736 -0.0017802 -0.00167251 -0.00164201 -0.00178742 -0.00171013 -0.00170181 -0.00169974 -0.00177002 -0.00165253 -0.00156705 -0.00158005 -0.00171197 -0.00170289 -0.00166107 -0.00173052 -0.00164092 -0.00169071 -0.00174975 -0.00164001 -0.00166417 -0.00173933 -0.0016002 -0.00156011 -0.00163292 -0.00172608 -0.00168052 -0.00175374 -0.00172767 -0.0016251 -0.00164715 -0.00168871 -0.0016874 -0.00173577 -0.00163183 
-0.00174599 -0.00173295 -0.00174222 -0.00179591 -0.00178441 -0.00189611 -0.00195488 -0.00188517 -0.00192218 -0.001993 -0.00210494 -0.00201452 -0.00194626 -0.00216594 -0.00204291 -0.00210089 -0.0023294 -0.00220575 -0.00222736 -0.00238297 -0.00201255 -0.00201323 -0.00182748 -0.00166142 -0.00147093 0.00233801 0.00233549 0.00255932 0.00263435 0.00254626 0.134666 0.00272902 0.0025 0.00238426 0.00210382 0.00202713 -0.00135465 -0.00150591 -0.00159597 -0.00167644 -0.00180924 -0.0017954 -0.001774 -0.00182142 -0.00187765 -0.00191677 -0.0017534 -0.00175669 -0.00169164 -0.00174228 -0.00170019 -0.00173388 -0.00166349 -0.00166759 -0.00165382 -0.00172315 -0.00174406 -0.0017028 -0.00169492 -0.00178906 -0.0017587 -0.0017254 -0.00156716 -0.00160129 -0.00176696 -0.00180764 -0.00172779 -0.00177417 -0.00169065 -0.00177774 -0.00167468 -0.00179261 -0.001719 -0.00179956 -0.00174715 -0.0016949 -0.00169272 -0.00171333 -0.00175403 -0.00176809 -0.00171771 -0.00170085 -0.00171367 -0.00171783 -0.00165038 -0.00168332 -0.00172489 -0.00157541 -0.00163436 -0.00174011 -0.00171688 -0.0017381 -0.00173405 -0.00177029 -0.00175407 -0.00172829 -0.00172418 -0.00171881 -0.00168816 -0.00173463 
-0.00169309 -0.0017645 -0.00178399 -0.0017961 -0.00186661 -0.00186531 -0.00191666 -0.00193305 -0.00198466 -0.00188514 -0.00203005 -0.00204311 -0.00190509 -0.00210306 -0.00208163 -0.0020709 -0.00223237 -0.0021461 -0.00217755 -0.00224159 -0.00211971 -0.0020657 -0.00193613 -0.00178827 -0.00165297 -0.00150492 0.00232199 0.00248105 0.00250282 0.0024384 0.00272902 0.133345 0.00269523 0.00252047 0.00220594 0.00222347 0.0021946 -0.00139659 -0.00143189 -0.00148378 -0.00168853 -0.00155751 -0.00176792 -0.0017842 -0.00167828 -0.00183758 -0.00173359 -0.0017439 -0.00172817 -0.0016958 -0.00174289 -0.00172344 -0.00181255 -0.00165187 -0.00168374 -0.0017155 -0.00176286 -0.00168768 -0.00168031 -0.00182154 -0.00170063 -0.00170639 -0.00160112 -0.00170454 -0.00162613 -0.00171287 -0.00173645 -0.0017281 -0.00170554 -0.00175457 -0.0016984 -0.00172693 -0.0016643 -0.00171949 -0.00168809 -0.00166704 -0.00174155 -0.00164847 -0.00180248 -0.00176686 -0.00168895 -0.00172647 -0.00169903 -0.00166636 -0.00170031 -0.00170939 -0.00168742 -0.00156091 -0.00158466 -0.00173741 -0.00171617 -0.00169892 -0.00177608 -0.00176611 -0.00173983 -0.00170331 -0.00177518 -0.00171083 -0.00176037 -0.00175171 
-0.00165442 -0.00166829 -0.00170004 -0.00171493 -0.00172291 -0.00176596 -0.00195129 -0.00188621 -0.00187242 -0.00190352 -0.00199122 -0.00194521 -0.00192087 -0.00212691 -0.00204934 -0.00205135 -0.00218137 -0.00209692 -0.00214363 -0.00221777 -0.00205409 -0.00228537 -0.00205826 -0.00183244 -0.00175325 -0.0016601 -0.00139073 0.00233369 0.00242425 0.00230023 0.0025 0.00269523 0.131596 0.00251648 0.00237185 0.00238526 0.00222489 0.00205225 -0.00128109 -0.00140574 -0.00150644 -0.00148186 -0.00166389 -0.0017941 -0.0017695 -0.00178722 -0.00164404 -0.00168107 -0.00170716 -0.001754 -0.0017581 -0.00176475 -0.00170953 -0.00168186 -0.00175769 -0.00174051 -0.00176044 -0.00174898 -0.00169085 -0.00165962 -0.00164739 -0.00163899 -0.00159221 -0.00169614 -0.00168676 -0.00167926 -0.00169061 -0.00167231 -0.00174175 -0.00173705 -0.00173187 -0.00174206 -0.00168658 -0.00170134 -0.00162939 -0.00157894 -0.00165691 -0.00164831 -0.00166698 -0.00169641 -0.00167484 -0.00162896 -0.00175258 -0.00173668 -0.00168804 -0.00162883 -0.00173481 -0.00161935 -0.00152141 -0.001711 -0.00170932 -0.00165533 -0.00168493 -0.00166499 -0.00179663 -0.00163496 -0.00167049 -0.00164329 -0.0017103 -0.00166448 
