0.123118 0.00225658 0.00210558 0.0019948 0.00205084 0.00198687 -0.00123143 -0.00124128 -0.00140308 -0.00137813 -0.00157702 -0.00176926 -0.00161601 -0.00189487 -0.00170907 -0.00174752 -0.00192594 -0.00184638 -0.00189245 -0.00190704 -0.00190297 -0.00193684 -0.0019016 -0.00181576 -0.00190985 -0.00199551 -0.00177224 -0.00172987 -0.00177212 -0.00167099 -0.00171854 -0.001659 -0.00177717 -0.0017038 -0.00168481 -0.00160645 -0.00166628 -0.00158304 -0.00170704 -0.00164556 -0.00147378 -0.00159285 -0.00158906 -0.00166283 -0.00154163 -0.00164866 -0.00150199 -0.00147428 -0.00146582 -0.00156673 -0.00152063 -0.00152367 -0.00154538 -0.00150041 -0.00152676 -0.0015989 -0.00150462 -0.0015049 -0.00143967 -0.00146852 -0.0015083 -0.00144847 -0.00135962 -0.00134916 -0.00155728 -0.00149675 -0.00150281 -0.00153426 -0.00150298 -0.00145399 -0.00143209 -0.00149583 -0.00149634 -0.00154736 -0.0013535 -0.00141984 -0.00147477 -0.00161083 -0.00154209 -0.00145876 -0.00157771 -0.001528 -0.00156574 -0.00145592 -0.00147292 -0.00147785 -0.00151986 -0.00149157 -0.00143191 -0.00148525 -0.00152673 -0.00137119 -0.00135466 -0.00127925 -0.00126439 -0.00118386 0.00194905 0.00192421 0.00201007 0.00208531 
0.00225658 0.123359 0.0022594 0.00215928 0.00208678 0.00212076 0.00206841 -0.00119639 -0.00126108 -0.00140953 -0.00154551 -0.0017211 -0.00167426 -0.0018702 -0.00177098 -0.00177419 -0.0020556 -0.00192594 -0.00184243 -0.00201026 -0.00185201 -0.00190485 -0.00191068 -0.00177059 -0.00201228 -0.00191972 -0.00175022 -0.00173745 -0.00178419 -0.0016634 -0.00174423 -0.00175963 -0.00165356 -0.00163187 -0.00159397 -0.00154624 -0.00168998 -0.00162957 -0.00157302 -0.00165573 -0.0015225 -0.00156933 -0.00162136 -0.00158933 -0.0016195 -0.00154982 -0.00155729 -0.00151645 -0.00154925 -0.00157615 -0.00147865 -0.00154816 -0.00153087 -0.00153392 -0.001463 -0.00151984 -0.00142856 -0.00156336 -0.00150032 -0.00154869 -0.00152552 -0.0014611 -0.00141666 -0.00142922 -0.001526 -0.00144436 -0.00148782 -0.00151773 -0.00143038 -0.00147775 -0.00156601 -0.0015265 -0.00150036 -0.00147153 -0.00143078 -0.00149153 -0.00150018 -0.00153874 -0.00150231 -0.00156497 -0.00150503 -0.0015951 -0.00147086 -0.00151527 -0.00150767 -0.0014814 -0.00145619 -0.00130417 -0.00148372 -0.00154552 -0.00152035 -0.00157299 -0.00147944 -0.00141517 -0.0012879 -0.0012851 -0.0011753 0.00172949 0.0019698 0.00202769 
0.00210558 0.0022594 0.124196 0.00225961 0.0021728 0.00224392 0.00208901 0.00207142 -0.00124788 -0.00135779 -0.00147519 -0.00168719 -0.00154117 -0.0018286 -0.00172638 -0.00173362 -0.00198332 -0.00198413 -0.00196472 -0.00199178 -0.00191915 -0.00201822 -0.00183145 -0.0017744 -0.00195851 -0.0018925 -0.00177212 -0.0018387 -0.00169947 -0.00180855 -0.00171591 -0.00174646 -0.00171148 -0.00166942 -0.00154063 -0.00155001 -0.00161192 -0.00155268 -0.0016012 -0.00165615 -0.00152336 -0.00153759 -0.00169785 -0.00169292 -0.00162769 -0.00159328 -0.00149385 -0.00156205 -0.00154455 -0.001563 -0.00148799 -0.00148782 -0.00151235 -0.00164218 -0.0014648 -0.00144541 -0.00159334 -0.00159321 -0.00150215 -0.00157874 -0.00154973 -0.00157416 -0.00145677 -0.00144076 -0.00149276 -0.00151525 -0.00146103 -0.00156448 -0.00147846 -0.00152019 -0.00156042 -0.00151705 -0.00151321 -0.00148001 -0.00140009 -0.00145634 -0.00143725 -0.00146813 -0.00156724 -0.00159008 -0.00157208 -0.00158931 -0.00156702 -0.00153095 -0.00154129 -0.00149472 -0.00153638 -0.00144347 -0.00140831 -0.0015013 -0.00151832 -0.00154784 -0.00149749 -0.00148223 -0.00146006 -0.00136893 -0.00125846 -0.00115923 0.00173878 0.00191867 
0.0019948 0.00215928 0.00225961 0.124285 0.00227816 0.00228546 0.00227718 0.0021613 0.00205467 -0.00118805 -0.00129307 -0.00151347 -0.00149863 -0.00173854 -0.00181318 -0.00188093 -0.00203432 -0.00193662 -0.00193558 -0.00196041 -0.00198944 -0.00195048 -0.00192629 -0.00187666 -0.00201832 -0.00196575 -0.00176946 -0.00181932 -0.00171764 -0.00172328 -0.00175881 -0.00186299 -0.00178763 -0.00177701 -0.0016451 -0.00162743 -0.00166268 -0.00164241 -0.0016525 -0.00164434 -0.00146299 -0.00155011 -0.00166556 -0.00158765 -0.00155281 -0.00158674 -0.00148216 -0.00160396 -0.00158514 -0.00151703 -0.00151755 -0.00154354 -0.00154299 -0.00157709 -0.00151424 -0.00154107 -0.00158021 -0.00157702 -0.0015839 -0.00152188 -0.00152595 -0.00150554 -0.0014867 -0.00145378 -0.00151408 -0.00146797 -0.00154787 -0.00153511 -0.00155777 -0.00149104 -0.00151419 -0.00150793 -0.00155785 -0.00148538 -0.00149756 -0.00140139 -0.00138348 -0.00144523 -0.00156648 -0.00157114 -0.00151578 -0.00152342 -0.00152356 -0.00153084 -0.00157934 -0.00157767 -0.0015859 -0.00140099 -0.00146368 -0.00150475 -0.00154585 -0.00147487 -0.00150131 -0.00143582 -0.00156887 -0.00143045 -0.00124221 -0.00133317 -0.00116753 0.00187108 
0.00205084 0.00208678 0.0021728 0.00227816 0.125055 0.00247978 0.00229766 0.00231643 0.00222275 0.00211216 -0.00123966 -0.00140069 -0.00144845 -0.00172589 -0.00175876 -0.001851 -0.00189788 -0.00189559 -0.00199577 -0.00206897 -0.00191637 -0.00197415 -0.00193923 -0.00182042 -0.00197651 -0.00202592 -0.00179458 -0.00181154 -0.00173028 -0.00171281 -0.00181115 -0.0018206 -0.00180385 -0.00169797 -0.00158184 -0.00159102 -0.00160556 -0.00159732 -0.00161865 -0.00163158 -0.00165774 -0.00162693 -0.00169686 -0.00169447 -0.00166925 -0.00162083 -0.00153933 -0.00149184 -0.00161127 -0.00155827 -0.00157593 -0.00150357 -0.00160522 -0.00154499 -0.00155718 -0.0015875 -0.00158435 -0.00157274 -0.00157654 -0.00158118 -0.00158618 -0.00152398 -0.00155234 -0.001466 -0.00153862 -0.00155205 -0.00154022 -0.00155181 -0.001535 -0.00151812 -0.00156208 -0.00155642 -0.00151835 -0.00151985 -0.00149627 -0.00140917 -0.00154738 -0.00153117 -0.00157337 -0.00152448 -0.0015964 -0.00158978 -0.00151533 -0.00152941 -0.00163087 -0.0016155 -0.00155763 -0.00138687 -0.00157485 -0.00152943 -0.00147165 -0.00160342 -0.00157144 -0.00157995 -0.00141624 -0.00154779 -0.00144245 -0.00131189 -0.00129116 -0.0011075 
0.00198687 0.00212076 0.00224392 0.00228546 0.00247978 0.128327 0.00247416 0.00239737 0.00241934 0.00225345 0.0022483 -0.00137071 -0.0014666 -0.00166061 -0.00185343 -0.00181028 -0.00203034 -0.00198763 -0.0019723 -0.002162 -0.00204746 -0.00208677 -0.00203072 -0.00190616 -0.00215008 -0.00206349 -0.00198607 -0.0019203 -0.00200083 -0.00182311 -0.0019037 -0.00196667 -0.00185782 -0.00193369 -0.00169906 -0.00163802 -0.00176022 -0.00172391 -0.00174257 -0.00168428 -0.00174403 -0.00171447 -0.00179577 -0.00177438 -0.00173257 -0.00173486 -0.00158957 -0.00164659 -0.00163567 -0.00169639 -0.00166144 -0.00165898 -0.00161455 -0.00169998 -0.00166541 -0.00172634 -0.0015498 -0.00160863 -0.0016786 -0.00158022 -0.0016587 -0.00160025 -0.00156355 -0.00157226 -0.00154206 -0.00173317 -0.00167624 -0.00165469 -0.00164133 -0.00161592 -0.00153135 -0.00165764 -0.00167475 -0.0016367 -0.0016048 -0.00149627 -0.00158748 -0.00162266 -0.0016513 -0.0016417 -0.00164895 -0.0015214 -0.00162787 -0.00162445 -0.00164571 -0.00159748 -0.00160239 -0.00157046 -0.00159553 -0.00155844 -0.00164441 -0.00166899 -0.00157735 -0.00156167 -0.00169212 -0.00163934 -0.00150208 -0.00133854 -0.0012878 -0.00122154 
-0.00123143 0.00206841 0.00208901 0.00227718 0.00229766 0.00247416 0.129291 0.00248358 0.0023951 0.00231557 0.00230101 0.00220812 -0.00139532 -0.00158861 -0.00163423 -0.00170902 -0.00202426 -0.00189763 -0.00196898 -0.00217859 -0.00199527 -0.0021095 -0.00198634 -0.00200022 -0.0021657 -0.00207984 -0.00199464 -0.00194804 -0.00190843 -0.00195557 -0.00188646 -0.00191048 -0.00188796 -0.00180319 -0.00182254 -0.00169396 -0.00177988 -0.00180618 -0.00174107 -0.0017765 -0.00172977 -0.00167695 -0.00183848 -0.00171126 -0.0018206 -0.00176493 -0.00171217 -0.00169422 -0.00164685 -0.00164333 -0.00168998 -0.00164808 -0.00165178 -0.00177565 -0.00169174 -0.00173018 -0.00168846 -0.00171662 -0.00158942 -0.00166291 -0.00160284 -0.00166988 -0.00160153 -0.0016051 -0.00159423 -0.00163405 -0.00162205 -0.00159499 -0.00160777 -0.00162372 -0.00164117 -0.0016491 -0.00164386 -0.00157342 -0.00156417 -0.00163764 -0.00151374 -0.00166641 -0.00173027 -0.00165066 -0.00168008 -0.00175559 -0.00168299 -0.00153436 -0.00172867 -0.0016234 -0.0016276 -0.0016094 -0.001522 -0.00151367 -0.00160666 -0.00157713 -0.00158085 -0.00160562 -0.00165189 -0.00164132 -0.00160155 -0.00152686 -0.00138491 -0.00135604 
-0.00124128 -0.00119639 0.00207142 0.0021613 0.00231643 0.00239737 0.00248358 0.130279 0.00246473 0.00252229 0.00238734 0.002304 0.00215893 -0.00144185 -0.00164436 -0.00172537 -0.00188079 -0.00201395 -0.0021232 -0.00210346 -0.00209467 -0.0021111 -0.00210229 -0.00196836 -0.00215747 -0.00216354 -0.00203097 -0.00200061 -0.00192311 -0.00191768 -0.00198813 -0.00193537 -0.00192418 -0.0018961 -0.00178748 -0.00180931 -0.00173541 -0.00187861 -0.00178413 -0.00184344 -0.0016857 -0.00169989 -0.00171594 -0.00165258 -0.00178331 -0.0018064 -0.00165721 -0.00172942 -0.00164033 -0.00178838 -0.00164377 -0.0017206 -0.00169889 -0.00171745 -0.00173594 -0.00168995 -0.00167262 -0.00164638 -0.00162581 -0.00160597 -0.00165603 -0.0016057 -0.00156307 -0.00157981 -0.00165664 -0.00162153 -0.00171966 -0.00155482 -0.00163872 -0.00158455 -0.00166968 -0.00172029 -0.00167176 -0.00169317 -0.00153679 -0.00156823 -0.00159252 -0.00166986 -0.001743 -0.00168577 -0.00166577 -0.00165898 -0.00168209 -0.00163538 -0.0016434 -0.00160424 -0.0016285 -0.00152303 -0.0015481 -0.00165677 -0.00164589 -0.00168985 -0.00161273 -0.00171559 -0.00163911 -0.0016394 -0.00163527 -0.0016382 -0.00155053 -0.0014625 
-0.00140308 -0.00126108 -0.00124788 0.00205467 0.00222275 0.00241934 0.0023951 0.00246473 0.131586 0.00245644 0.00252338 0.0024102 0.00224763 0.00230956 -0.00151403 -0.00158688 -0.00180716 -0.00186574 -0.00192522 -0.00215709 -0.00210583 -0.00216009 -0.00208867 -0.00191644 -0.00215423 -0.00223187 -0.00200977 -0.00191837 -0.0019963 -0.00188135 -0.00186594 -0.00189906 -0.00193447 -0.00181741 -0.00177747 -0.00177608 -0.00176776 -0.00182066 -0.00179571 -0.00179267 -0.00174212 -0.00168101 -0.0018023 -0.00184115 -0.00176837 -0.00176192 -0.00174353 -0.00176763 -0.00170316 -0.00165582 -0.00168271 -0.00165623 -0.00160598 -0.00176541 -0.00175445 -0.00168621 -0.00172109 -0.00162809 -0.00174807 -0.001676 -0.00174823 -0.00176432 -0.00164138 -0.00158114 -0.001744 -0.00168861 -0.001688 -0.00181951 -0.00173082 -0.00170813 -0.00168941 -0.00172971 -0.00156888 -0.00169726 -0.00160963 -0.00148695 -0.00167196 -0.00176806 -0.00175087 -0.0016842 -0.00163001 -0.00175405 -0.00165964 -0.00171388 -0.00174391 -0.00163435 -0.00166378 -0.00156681 -0.00165925 -0.00173167 -0.00166434 -0.00181271 -0.00169413 -0.00172035 -0.00171225 -0.00171882 -0.00167184 -0.00168084 -0.00160827 -0.0014086 
-0.00137813 -0.00140953 -0.00135779 -0.00118805 0.00211216 0.00225345 0.00231557 0.00252229 0.00245644 0.13031 0.00253927 0.00250775 0.00234761 0.0023375 -0.00145039 -0.00152133 -0.00164532 -0.00184966 -0.00181867 -0.002137 -0.00197625 -0.00198823 -0.00202365 -0.00190945 -0.00216961 -0.00205923 -0.00183504 -0.00193164 -0.00188509 -0.00193755 -0.00195684 -0.00184619 -0.00183599 -0.00185252 -0.00169747 -0.00166316 -0.00180273 -0.00181872 -0.00172691 -0.00173287 -0.00168025 -0.00166587 -0.00177825 -0.0017338 -0.00178249 -0.00172198 -0.00157322 -0.00171549 -0.00159668 -0.00157296 -0.00160412 -0.00167402 -0.0016203 -0.00161562 -0.0016527 -0.00167096 -0.00165993 -0.0017008 -0.00165378 -0.00160657 -0.00170841 -0.00168802 -0.00152856 -0.00153571 -0.00166463 -0.00162853 -0.00164365 -0.00167794 -0.00170178 -0.00167631 -0.00166818 -0.00167796 -0.001546 -0.00168194 -0.00154474 -0.00149166 -0.00156589 -0.00161616 -0.00168121 -0.00160485 -0.00161636 -0.00162907 -0.00169594 -0.00162306 -0.00167951 -0.00162896 -0.00165994 -0.00164127 -0.00156903 -0.00158326 -0.00166893 -0.00166976 -0.00164033 -0.0015411 -0.00173526 -0.00161343 -0.00160608 -0.00160571 -0.00158137 -0.00149639 
-0.00157702 -0.00154551 -0.00147519 -0.00129307 -0.00123966 0.0022483 0.00230101 0.00238734 0.00252338 0.00253927 0.134768 0.00268314 0.00258005 0.00260844 0.00239384 0.00235876 -0.00161719 -0.0017218 -0.00179336 -0.00193013 -0.00222858 -0.00220317 -0.00211355 -0.00204392 -0.00222673 -0.00213029 -0.00211379 -0.00196634 -0.00200364 -0.00195221 -0.0020948 -0.00205466 -0.00195831 -0.00199622 -0.00186914 -0.00180504 -0.00183987 -0.00193713 -0.00191054 -0.00191659 -0.00179274 -0.00174687 -0.00185623 -0.00194013 -0.00186728 -0.00186984 -0.00170545 -0.00179169 -0.00176508 -0.00179674 -0.00176296 -0.00172926 -0.00175472 -0.00171871 -0.0018201 -0.00171618 -0.00175707 -0.00172029 -0.00170115 -0.00160221 -0.00177364 -0.00172285 -0.00166585 -0.0016571 -0.00179164 -0.00181663 -0.00167139 -0.0017116 -0.00168876 -0.00180291 -0.00175753 -0.00175285 -0.00173009 -0.00176817 -0.00162469 -0.00164151 -0.0016997 -0.00169966 -0.00182937 -0.00188599 -0.0017621 -0.00179218 -0.00175873 -0.00185615 -0.00172874 -0.00163361 -0.00168146 -0.00163589 -0.00171785 -0.00179408 -0.00165466 -0.00174118 -0.00172959 -0.00181433 -0.00171856 -0.00177452 -0.00178244 -0.00183045 -0.00168308 -0.00163751 
-0.00176926 -0.0017211 -0.00168719 -0.00151347 -0.00140069 -0.00137071 0.00220812 0.002304 0.0024102 0.00250775 0.00268314 0.136652 0.00273523 0.00270673 0.00260205 0.00250936 0.00244668 -0.00157829 -0.00162903 -0.00184836 -0.00214196 -0.00211999 -0.0022269 -0.00208984 -0.00228915 -0.00221875 -0.00206318 -0.00216655 -0.00202228 -0.00202618 -0.00207815 -0.00208603 -0.00203415 -0.00201738 -0.00187421 -0.00187938 -0.00196794 -0.00191838 -0.00193521 -0.00199356 -0.00188989 -0.00184485 -0.00179541 -0.00191644 -0.00190025 -0.00175383 -0.00169011 -0.0017191 -0.00174544 -0.00186708 -0.00178926 -0.00178404 -0.00177089 -0.00187936 -0.00175141 -0.00170763 -0.00180545 -0.00178086 -0.00175138 -0.00176866 -0.00167017 -0.00174516 -0.00172304 -0.00161799 -0.00182361 -0.00169921 -0.00179309 -0.00179208 -0.00180921 -0.00177312 -0.00179509 -0.00170108 -0.00179249 -0.00185239 -0.00173385 -0.00165074 -0.0016528 -0.00174076 -0.00173893 -0.00180126 -0.00176013 -0.00172616 -0.00179772 -0.00176459 -0.0018001 -0.00176194 -0.00178554 -0.00171177 -0.00165139 -0.00172642 -0.00185595 -0.00178006 -0.00177145 -0.00172498 -0.00181191 -0.00187978 -0.00176939 -0.00178511 -0.00177919 -0.00163683 
-0.00161601 -0.00167426 -0.00154117 -0.00149863 -0.00144845 -0.0014666 -0.00139532 0.00215893 0.00224763 0.00234761 0.00258005 0.00273523 0.135181 0.00272149 0.00252636 0.00250735 0.00240476 -0.0015034 -0.00161941 -0.00178667 -0.00210703 -0.00201167 -0.00209136 -0.0019748 -0.00212302 -0.00221368 -0.00199001 -0.00199353 -0.00193458 -0.00190584 -0.00199908 -0.00199306 -0.00199643 -0.00186204 -0.00178567 -0.00179 -0.00179378 -0.00188318 -0.00179596 -0.00179225 -0.00164786 -0.00170104 -0.00176609 -0.00186916 -0.00176605 -0.00187747 -0.00167753 -0.00177425 -0.00176966 -0.0017484 -0.00163822 -0.00170414 -0.00173528 -0.00174925 -0.00181391 -0.00174891 -0.00172054 -0.00169205 -0.0017737 -0.00169049 -0.00168511 -0.00173626 -0.00164873 -0.00177448 -0.00169289 -0.00168811 -0.00172851 -0.00177989 -0.00168343 -0.00170369 -0.00182071 -0.00165137 -0.00172069 -0.00163343 -0.00163151 -0.00153119 -0.00164176 -0.00168463 -0.00165275 -0.00173821 -0.00175726 -0.00167481 -0.00174657 -0.00170533 -0.00171747 -0.00173077 -0.00171719 -0.00162564 -0.00166174 -0.0017153 -0.00174358 -0.00177477 -0.00175988 -0.00170576 -0.00171011 -0.00179383 -0.0016575 -0.00168042 -0.00169256 -0.00156196 
-0.00189487 -0.0018702 -0.0018286 -0.00173854 -0.00172589 -0.00166061 -0.00158861 -0.00144185 0.00230956 0.0023375 0.00260844 0.00270673 0.00272149 0.140516 0.00296498 0.00292213 0.00284699 0.00250669 0.00251568 -0.00164038 -0.00185292 -0.00167091 -0.00194664 -0.00202918 -0.00221461 -0.00231402 -0.00225997 -0.00211709 -0.00216883 -0.00208929 -0.00220611 -0.00217428 -0.00215927 -0.00209761 -0.00195715 -0.00189428 -0.00203228 -0.00203524 -0.00205231 -0.00191345 -0.00184681 -0.00182796 -0.00186703 -0.00199051 -0.00189396 -0.00202405 -0.00183867 -0.00189089 -0.00184164 -0.00188276 -0.00188417 -0.00178502 -0.00184179 -0.0017899 -0.00187567 -0.00183322 -0.00185149 -0.00178329 -0.00176629 -0.00182682 -0.00193268 -0.00187812 -0.00177394 -0.00181824 -0.00195074 -0.00192254 -0.0018275 -0.00179943 -0.00182294 -0.00192191 -0.00183955 -0.00184515 -0.00182088 -0.00183613 -0.001779 -0.00179512 -0.00166853 -0.00190484 -0.00185787 -0.00187408 -0.00179169 -0.00191048 -0.00173387 -0.00185795 -0.00176209 -0.00184331 -0.00180287 -0.00179833 -0.0017749 -0.00186405 -0.00182274 -0.00178067 -0.00188732 -0.00187263 -0.00174428 -0.00184003 -0.00185067 -0.00184478 -0.00179857 -0.00178899 
-0.00170907 -0.00177098 -0.00172638 -0.00181318 -0.00175876 -0.00185343 -0.00163423 -0.00164436 -0.00151403 -0.00145039 0.00239384 0.00260205 0.00252636 0.00296498 0.139656 0.00301022 0.00290886 0.00271906 0.00272183 0.00254892 -0.00171567 -0.00158107 -0.00179212 -0.00181254 -0.00195915 -0.00214957 -0.0021138 -0.00205258 -0.00202713 -0.00215214 -0.00207785 -0.00213699 -0.00198623 -0.00199556 -0.00195672 -0.00198248 -0.00187406 -0.00192865 -0.00199648 -0.00200407 -0.00185834 -0.00188516 -0.00189523 -0.00198589 -0.00190455 -0.001866 -0.00172649 -0.00179412 -0.00172468 -0.00188013 -0.00188653 -0.00177927 -0.00180378 -0.00180447 -0.00182644 -0.00173744 -0.0018034 -0.00178008 -0.00179545 -0.00171062 -0.00175859 -0.00179431 -0.00180335 -0.00180382 -0.00174324 -0.00178512 -0.00182632 -0.00174948 -0.00183741 -0.00190921 -0.00187045 -0.00173456 -0.00188504 -0.00181139 -0.00163923 -0.00169803 -0.00169563 -0.00185095 -0.0018349 -0.00178679 -0.00174987 -0.00177182 -0.00182996 -0.00181188 -0.00178829 -0.00189722 -0.00173734 -0.00178607 -0.00175023 -0.00172713 -0.00174305 -0.00178412 -0.00182443 -0.00176123 -0.0018135 -0.00177106 -0.00177121 -0.00178814 -0.00176839 -0.00174177 
-0.00174752 -0.00177419 -0.00173362 -0.00188093 -0.001851 -0.00181028 -0.00170902 -0.00172537 -0.00158688 -0.00152133 0.00235876 0.00250936 0.00250735 0.00292213 0.00301022 0.141088 0.00286168 0.00277435 0.00269522 0.0027417 -0.00174192 -0.00161652 -0.00176149 -0.00194782 -0.00215436 -0.00225693 -0.00214369 -0.0022138 -0.00206159 -0.00203961 -0.00204638 -0.00204657 -0.0020544 -0.00203174 -0.00198467 -0.00193709 -0.0020269 -0.00188403 -0.00194994 -0.00191435 -0.0018025 -0.00184327 -0.00194407 -0.00195545 -0.00195537 -0.0019218 -0.00186485 -0.00175348 -0.00181597 -0.00178302 -0.0018098 -0.00173596 -0.0017777 -0.00178702 -0.00179616 -0.0018247 -0.00176381 -0.00178803 -0.00171739 -0.00178991 -0.00181244 -0.00175615 -0.00186087 -0.00170624 -0.00175325 -0.00177447 -0.00178038 -0.00179271 -0.00179781 -0.00183675 -0.00182377 -0.0017398 -0.00182971 -0.00177098 -0.0017516 -0.00178889 -0.00171928 -0.00185024 -0.00171694 -0.00180955 -0.00182205 -0.00175813 -0.00189075 -0.00191704 -0.00190677 -0.00180778 -0.00183844 -0.0017222 -0.00175067 -0.00187593 -0.00187445 -0.00186517 -0.00180353 -0.00177577 -0.0018148 -0.00183766 -0.00173409 -0.00182809 -0.00174343 -0.00164563 
-0.00192594 -0.0020556 -0.00198332 -0.00203432 -0.00189788 -0.00203034 -0.00202426 -0.00188079 -0.00180716 -0.00164532 -0.00161719 0.00244668 0.00240476 0.00284699 0.00290886 0.00286168 0.146212 0.0030236 0.00305893 0.00293296 0.00271163 0.0026151 -0.00167983 -0.00179944 -0.00200639 -0.00204021 -0.00224139 -0.00219577 -0.00210169 -0.00225417 -0.00221613 -0.0022106 -0.00215435 -0.00213487 -0.00192784 -0.00212173 -0.00212208 -0.00208159 -0.00216777 -0.00200026 -0.00207685 -0.00201581 -0.00201097 -0.00204062 -0.00211507 -0.00204577 -0.00184768 -0.00200006 -0.00194792 -0.00188873 -0.00197341 -0.0019456 -0.00189611 -0.00189826 -0.0018499 -0.00192832 -0.00193603 -0.0018139 -0.00186003 -0.00193977 -0.00193729 -0.00195823 -0.00186422 -0.00183367 -0.00196494 -0.00186157 -0.00188934 -0.00189382 -0.00192424 -0.00185957 -0.00188502 -0.00190735 -0.00197111 -0.00188938 -0.00184017 -0.0018607 -0.00183834 -0.0019672 -0.00187392 -0.00190855 -0.00201681 -0.00187851 -0.00196693 -0.00200497 -0.00192952 -0.001916 -0.00201965 -0.00192502 -0.0018875 -0.00187652 -0.00199338 -0.00188634 -0.00191232 -0.00192319 -0.00195681 -0.00198855 -0.00193593 -0.00198653 -0.00191954 -0.00178162 
-0.00184638 -0.00192594 -0.00198413 -0.00193662 -0.00189559 -0.00198763 -0.00189763 -0.00201395 -0.00186574 -0.00184966 -0.0017218 -0.00157829 -0.0015034 0.00250669 0.00271906 0.00277435 0.0030236 0.144507 0.0031816 0.00306017 0.00291219 0.00285304 0.00271648 -0.00156175 -0.00187836 -0.00181678 -0.00207012 -0.00206091 -0.00211911 -0.00213492 -0.00226154 -0.00216161 -0.00207329 -0.00207603 -0.00190495 -0.00194334 -0.00203117 -0.00201726 -0.00205965 -0.00197624 -0.00189047 -0.0018889 -0.00199743 -0.00203556 -0.00193224 -0.00187238 -0.00198105 -0.00187116 -0.00190486 -0.00186218 -0.00192743 -0.00188978 -0.00191836 -0.00187528 -0.0018211 -0.00177884 -0.00178255 -0.00182757 -0.00185426 -0.00192869 -0.00189031 -0.0018423 -0.00183808 -0.0018493 -0.00191184 -0.00186089 -0.0018801 -0.00197881 -0.0018395 -0.00184895 -0.00189509 -0.00188745 -0.0019117 -0.00188558 -0.00182311 -0.00178248 -0.00186512 -0.00186329 -0.00180181 -0.00185513 -0.0018663 -0.00190077 -0.00179022 -0.00185394 -0.00181946 -0.00194799 -0.00187488 -0.0017862 -0.00180391 -0.00188483 -0.00175966 -0.00186023 -0.00178667 -0.00183096 -0.00189744 -0.00187001 -0.00187881 -0.0018511 -0.00189313 -0.00179331 
-0.00189245 -0.00184243 -0.00196472 -0.00193558 -0.00199577 -0.0019723 -0.00196898 -0.0021232 -0.00192522 -0.00181867 -0.00179336 -0.00162903 -0.00161941 0.00251568 0.00272183 0.00269522 0.00305893 0.0031816 0.145633 0.00316434 0.00283895 0.00287888 0.00269336 -0.00162612 -0.00175975 -0.00199677 -0.00199345 -0.00209377 -0.00202359 -0.00213231 -0.00201878 -0.00215717 -0.00217835 -0.00215957 -0.0019993 -0.00198215 -0.00212262 -0.0021071 -0.00204416 -0.00197548 -0.00189585 -0.00186516 -0.00203238 -0.00203504 -0.00200856 -0.00195909 -0.00197876 -0.00188302 -0.00194303 -0.00186053 -0.00190609 -0.00194817 -0.00191234 -0.00190635 -0.00185856 -0.00174863 -0.00194162 -0.00190132 -0.0018614 -0.00195547 -0.00195519 -0.00190224 -0.00175386 -0.00183964 -0.00181615 -0.00174324 -0.0018705 -0.00196371 -0.00193524 -0.00185293 -0.0018998 -0.00184395 -0.00183802 -0.00185336 -0.00182119 -0.00186627 -0.00174678 -0.00181958 -0.0018847 -0.00191025 -0.00180996 -0.00179736 -0.00197069 -0.00188078 -0.00183279 -0.00184959 -0.00191277 -0.00168519 -0.00180368 -0.0018197 -0.00197098 -0.00183739 -0.0018491 -0.00181376 -0.00192067 -0.00184784 -0.00186999 -0.00188551 -0.00188006 -0.00177489 
-0.00190704 -0.00201026 -0.00199178 -0.00196041 -0.00206897 -0.002162 -0.00217859 -0.00210346 -0.00215709 -0.002137 -0.00193013 -0.00184836 -0.00178667 -0.00164038 0.00254892 0.0027417 0.00293296 0.00306017 0.00316434 0.14926 0.00316703 0.0031388 0.00292416 0.00279918 0.00260738 -0.00177707 -0.00191177 -0.0019934 -0.00206219 -0.00213056 -0.00224383 -0.00226383 -0.00225409 -0.00222469 -0.00214676 -0.00198315 -0.00222934 -0.00212365 -0.0021107 -0.00199413 -0.00193969 -0.00199037 -0.0020295 -0.00211572 -0.00215454 -0.00208093 -0.00202578 -0.00191921 -0.0020434 -0.00195746 -0.0020388 -0.00200261 -0.0021237 -0.0020032 -0.00204738 -0.00205915 -0.00201668 -0.00205304 -0.00199738 -0.00199802 -0.00202499 -0.00196976 -0.00185805 -0.00191011 -0.00198957 -0.00200119 -0.00203851 -0.00194236 -0.00192962 -0.00190218 -0.00202981 -0.00192436 -0.00200535 -0.00194423 -0.00186129 -0.00192222 -0.00187576 -0.0020214 -0.00201654 -0.00191957 -0.00194798 -0.00186931 -0.00200257 -0.00196405 -0.0020064 -0.00191701 -0.00212455 -0.00189759 -0.00188336 -0.00208445 -0.00200554 -0.00199966 -0.00202343 -0.00194471 -0.00196229 -0.00191618 -0.00191689 -0.00197854 -0.00206032 -0.0018253 
-0.00190297 -0.00185201 -0.00191915 -0.00198944 -0.00191637 -0.00204746 -0.00199527 -0.00209467 -0.00210583 -0.00197625 -0.00222858 -0.00214196 -0.00210703 -0.00185292 -0.00171567 -0.00174192 0.00271163 0.00291219 0.00283895 0.00316703 0.14642 0.00331997 0.00311964 0.00299096 0.00286439 0.00260185 -0.00167844 -0.00173514 -0.00186638 -0.00181533 -0.00205939 -0.00218737 -0.00208 -0.00205423 -0.00192815 -0.00196701 -0.00207268 -0.00196265 -0.00210752 -0.00200627 -0.00194549 -0.00196985 -0.00196697 -0.00192849 -0.00207737 -0.0019392 -0.00195479 -0.00186853 -0.00193731 -0.00199509 -0.0020196 -0.00186557 -0.00195021 -0.00189646 -0.00185743 -0.00186817 -0.00186615 -0.00183591 -0.00199649 -0.00194168 -0.00200403 -0.00192931 -0.00189766 -0.00173147 -0.00194405 -0.00189567 -0.00193114 -0.00180985 -0.00190408 -0.00185325 -0.00187615 -0.00192798 -0.00193821 -0.00186053 -0.00170889 -0.00178639 -0.00186115 -0.00192358 -0.0018744 -0.00188691 -0.00196967 -0.00196401 -0.00189053 -0.00193725 -0.00179488 -0.00179506 -0.00197952 -0.00178378 -0.00181238 -0.00190166 -0.00193477 -0.0018042 -0.00184627 -0.00196436 -0.00182406 -0.00190217 -0.00190617 -0.00192943 -0.00193315 -0.00173962 
-0.00193684 -0.00190485 -0.00201822 -0.00195048 -0.00197415 -0.00208677 -0.0021095 -0.0021111 -0.00216009 -0.00198823 -0.00220317 -0.00211999 -0.00201167 -0.00167091 -0.00158107 -0.00161652 0.0026151 0.00285304 0.00287888 0.0031388 0.00331997 0.146335 0.0031797 0.00274164 0.00274313 0.00266189 -0.0015841 -0.00167949 -0.00176577 -0.00181362 -0.0020555 -0.00212267 -0.00217275 -0.00206211 -0.00204629 -0.0019311 -0.0020068 -0.00205367 -0.00205331 -0.00201608 -0.00192912 -0.00193402 -0.00202634 -0.00195402 -0.00203302 -0.00203699 -0.00195641 -0.00183132 -0.001928 -0.00190334 -0.00191238 -0.00183033 -0.00193633 -0.00186788 -0.00193115 -0.00188409 -0.0018713 -0.00192579 -0.00188758 -0.0018899 -0.00191839 -0.00190985 -0.00172917 -0.00181508 -0.0018839 -0.00190682 -0.0018475 -0.00197651 -0.00182074 -0.00192776 -0.00186634 -0.00187193 -0.00188965 -0.00185994 -0.00183309 -0.00177946 -0.00185432 -0.0019517 -0.00182592 -0.00193814 -0.00179919 -0.00195213 -0.00184338 -0.00186441 -0.00190631 -0.00181982 -0.00192495 -0.0018098 -0.00185994 -0.00189161 -0.0019076 -0.00189818 -0.00177458 -0.00191842 -0.00195176 -0.0019306 -0.00194358 -0.00201579 -0.00192911 -0.00184368 
-0.0019016 -0.00191068 -0.00183145 -0.00192629 -0.00193923 -0.00203072 -0.00198634 -0.00210229 -0.00208867 -0.00202365 -0.00211355 -0.0022269 -0.00209136 -0.00194664 -0.00179212 -0.00176149 -0.00167983 0.00271648 0.00269336 0.00292416 0.00311964 0.0031797 0.145465 0.00298528 0.00289875 0.00281633 0.00231272 -0.00159275 -0.00164897 -0.00171689 -0.00184846 -0.00197148 -0.0021756 -0.00208469 -0.00203677 -0.00191141 -0.00194534 -0.00200015 -0.00201399 -0.00201913 -0.00199634 -0.0019942 -0.00196625 -0.00202863 -0.0019907 -0.00200489 -0.00188409 -0.0019345 -0.00185477 -0.00192434 -0.00183765 -0.0018108 -0.00189974 -0.00183574 -0.00179374 -0.00193102 -0.00188795 -0.00185035 -0.00195222 -0.00191777 -0.00188115 -0.00190983 -0.00179669 -0.00179385 -0.00183779 -0.00182366 -0.00180027 -0.00185832 -0.00191644 -0.00195546 -0.0018533 -0.00187862 -0.00183303 -0.0018857 -0.00172921 -0.00179184 -0.00176469 -0.00195748 -0.00183715 -0.00190705 -0.0018351 -0.00194906 -0.00186122 -0.00187697 -0.00187858 -0.00193283 -0.00193016 -0.00175689 -0.00185138 -0.00187272 -0.00189561 -0.00184903 -0.00190165 -0.00187642 -0.00192232 -0.00192192 -0.0018669 -0.00189168 -0.00179191 -0.00182307 
-0.00181576 -0.00177059 -0.0017744 -0.00187666 -0.00182042 -0.00190616 -0.00200022 -0.00196836 -0.00191644 -0.00190945 -0.00204392 -0.00208984 -0.0019748 -0.00202918 -0.00181254 -0.00194782 -0.00179944 -0.00156175 -0.00162612 0.00279918 0.00299096 0.00274164 0.00298528 0.141168 0.00298779 0.00288982 0.00259129 0.00229565 -0.00143209 -0.00149797 -0.00167481 -0.00176549 -0.00178743 -0.00184873 -0.00188033 -0.00183187 -0.00190085 -0.0019563 -0.00194904 -0.00193132 -0.00183382 -0.00180376 -0.00183678 -0.00190221 -0.00196719 -0.00186701 -0.00188908 -0.00180054 -0.00181603 -0.00179057 -0.00182193 -0.0017667 -0.00177331 -0.00181842 -0.00178493 -0.00176421 -0.00177753 -0.00180431 -0.00174059 -0.00177907 -0.00178295 -0.00174957 -0.00170628 -0.00168682 -0.00172247 -0.00177653 -0.00178889 -0.0016809 -0.00174042 -0.00176556 -0.00170865 -0.00177588 -0.00173308 -0.00178867 -0.00156624 -0.00170425 -0.00170097 -0.00177262 -0.00185281 -0.00170553 -0.00179094 -0.00178145 -0.00192773 -0.00182104 -0.00182936 -0.00181837 -0.00174167 -0.0016858 -0.00168774 -0.00180345 -0.00176944 -0.00170469 -0.00167562 -0.00181428 -0.00172671 -0.00171973 -0.00185506 -0.00170115 -0.00177701 -0.0016717 
-0.00190985 -0.00201228 -0.00195851 -0.00201832 -0.00197651 -0.00215008 -0.0021657 -0.00215747 -0.00215423 -0.00216961 -0.00222673 -0.00228915 -0.00212302 -0.00221461 -0.00195915 -0.00215436 -0.00200639 -0.00187836 -0.00175975 0.00260738 0.00286439 0.00274313 0.00289875 0.00298779 0.145856 0.00310846 0.00277975 0.0026628 0.00248093 0.00239594 -0.00152121 -0.0017072 -0.00180883 -0.00188281 -0.0019955 -0.00198047 -0.00201322 -0.00201425 -0.0020286 -0.00212651 -0.0019569 -0.00191957 -0.00200227 -0.00217319 -0.00200282 -0.00214711 -0.00199392 -0.00199291 -0.00194307 -0.00188192 -0.00192589 -0.00189881 -0.00196802 -0.00190294 -0.00209575 -0.00196894 -0.00184737 -0.00187699 -0.00188039 -0.00191427 -0.00192825 -0.0018261 -0.00181313 -0.00184712 -0.00190447 -0.00193596 -0.00190173 -0.00189965 -0.00193222 -0.00185709 -0.00191002 -0.00193216 -0.00186564 -0.00191593 -0.00177373 -0.00180371 -0.00176474 -0.00197321 -0.00197488 -0.00182004 -0.00194307 -0.00190993 -0.00195845 -0.00191271 -0.00189931 -0.00193163 -0.00206001 -0.00172982 -0.00181067 -0.00191049 -0.00190146 -0.00194007 -0.00188488 -0.00185683 -0.00188044 -0.0019483 -0.00194008 -0.00191656 -0.00192138 -0.00189351 
-0.00199551 -0.00191972 -0.0018925 -0.00196575 -0.00202592 -0.00206349 -0.00207984 -0.00216354 -0.00223187 -0.00205923 -0.00213029 -0.00221875 -0.00221368 -0.00231402 -0.00214957 -0.00225693 -0.00204021 -0.00181678 -0.00199677 -0.00177707 0.00260185 0.00266189 0.00281633 0.00288982 0.00310846 0.144073 0.00289515 0.00283817 0.00255193 0.00259151 0.00244981 -0.00144206 -0.00153058 -0.00174521 -0.00189201 -0.00187965 -0.00200281 -0.00195324 -0.00212534 -0.0020779 -0.0019317 -0.00188544 -0.00207277 -0.00193541 -0.00195655 -0.00198903 -0.0019505 -0.00183998 -0.00194052 -0.00191065 -0.00185795 -0.00183825 -0.00196993 -0.00192295 -0.00201034 -0.00201296 -0.00189953 -0.00185572 -0.00185664 -0.00180353 -0.00190917 -0.00182974 -0.00175296 -0.0017942 -0.00184005 -0.00190493 -0.00195401 -0.00193057 -0.0019026 -0.00186515 -0.00193946 -0.00187512 -0.00190874 -0.00189495 -0.00189383 -0.00185738 -0.0018432 -0.0018825 -0.00198557 -0.00194029 -0.0018131 -0.00193239 -0.00186811 -0.00192393 -0.00184568 -0.00187295 -0.00177098 -0.0017829 -0.00172764 -0.00181708 -0.00184778 -0.00192659 -0.00181877 -0.00191022 -0.00191907 -0.00195002 -0.00200796 -0.00188673 -0.00187611 -0.00187498 
-0.00177224 -0.00175022 -0.00177212 -0.00176946 -0.00179458 -0.00198607 -0.00199464 -0.00203097 -0.00200977 -0.00183504 -0.00211379 -0.00206318 -0.00199001 -0.00225997 -0.0021138 -0.00214369 -0.00224139 -0.00207012 -0.00199345 -0.00191177 -0.00167844 -0.0015841 0.00231272 0.00259129 0.00277975 0.00289515 0.1389 0.00266126 0.0026051 0.00265021 0.00250649 0.00242535 -0.00139498 -0.00151342 -0.00156889 -0.00163235 -0.00178678 -0.0017916 -0.00192008 -0.00185454 -0.0018165 -0.00183582 -0.00193568 -0.0019918 -0.00188667 -0.0018537 -0.00179828 -0.00176689 -0.00180379 -0.00178332 -0.00176344 -0.00180868 -0.00182116 -0.00175746 -0.00175034 -0.00169707 -0.00178302 -0.00165714 -0.00177285 -0.0018362 -0.00175285 -0.00178646 -0.0017783 -0.00173424 -0.00166638 -0.00181441 -0.00178535 -0.00168238 -0.00182017 -0.00176883 -0.0017633 -0.00177334 -0.00178801 -0.00179874 -0.00160501 -0.001656 -0.00171561 -0.00170876 -0.00183734 -0.00175273 -0.00179729 -0.00187307 -0.00176025 -0.00173498 -0.00178531 -0.00171958 -0.00178843 -0.00166875 -0.00157591 -0.00173394 -0.00170349 -0.00176483 -0.00172672 -0.00178907 -0.00176307 -0.00171482 -0.00170749 -0.00176303 -0.00184308 -0.0016652 
-0.00172987 -0.00173745 -0.0018387 -0.00181932 -0.00181154 -0.0019203 -0.00194804 -0.00200061 -0.00191837 -0.00193164 -0.00196634 -0.00216655 -0.00199353 -0.00211709 -0.00205258 -0.0022138 -0.00219577 -0.00206091 -0.00209377 -0.0019934 -0.00173514 -0.00167949 -0.00159275 0.00229565 0.0026628 0.00283817 0.00266126 0.136942 0.00254359 0.00270627 0.0025618 0.00238714 0.00219162 -0.00139609 -0.00146508 -0.00150152 -0.0016306 -0.00180342 -0.0018398 -0.00170019 -0.00179799 -0.00175149 -0.00186139 -0.00179337 -0.00181782 -0.00179667 -0.0018036 -0.00170834 -0.00177067 -0.00177271 -0.00172699 -0.00180948 -0.00178282 -0.00172152 -0.00178082 -0.00172556 -0.00175233 -0.00180956 -0.00176082 -0.00164372 -0.00182523 -0.00174848 -0.00166767 -0.00169202 -0.00176247 -0.00172283 -0.00178254 -0.00172666 -0.00173764 -0.00174029 -0.00172627 -0.00173837 -0.00168339 -0.00166128 -0.00168888 -0.0016733 -0.00159842 -0.00175537 -0.00167747 -0.00162204 -0.00174348 -0.00174049 -0.00165738 -0.00174759 -0.00182146 -0.00172323 -0.00176578 -0.00156534 -0.00162271 -0.00178666 -0.00166273 -0.00181446 -0.00172221 -0.00168546 -0.00173883 -0.0016824 -0.00168358 -0.00172068 -0.00173315 -0.00170059 
-0.00177212 -0.00178419 -0.00169947 -0.00171764 -0.00173028 -0.00200083 -0.00190843 -0.00192311 -0.0019963 -0.00188509 -0.00200364 -0.00202228 -0.00193458 -0.00216883 -0.00202713 -0.00206159 -0.00210169 -0.00211911 -0.00202359 -0.00206219 -0.00186638 -0.00176577 -0.00164897 -0.00143209 0.00248093 0.00255193 0.0026051 0.00254359 0.135251 0.0027846 0.00258116 0.00253183 0.00238122 0.00227638 -0.00144343 -0.00138582 -0.00149728 -0.00164023 -0.00168433 -0.00184804 -0.00175579 -0.00170051 -0.00186847 -0.00191632 -0.00186883 -0.00179429 -0.00174209 -0.00177101 -0.00182953 -0.00163348 -0.00172199 -0.00169675 -0.00172487 -0.00175977 -0.00173054 -0.00174867 -0.0017563 -0.00168675 -0.00164183 -0.00170033 -0.00168594 -0.00176934 -0.0014924 -0.00167184 -0.00174486 -0.00169497 -0.00158056 -0.00162973 -0.00181436 -0.0017433 -0.00175689 -0.00176281 -0.0017769 -0.00174079 -0.00161364 -0.00173423 -0.00165629 -0.00171917 -0.00168174 -0.00166693 -0.00177478 -0.00179014 -0.00167022 -0.00172661 -0.00167381 -0.00163868 -0.00168149 -0.00168485 -0.00152675 -0.00171135 -0.00177557 -0.00168671 -0.00168501 -0.00172163 -0.00174877 -0.00159578 -0.00169216 -0.00174107 -0.00170831 -0.00161525 
-0.00167099 -0.0016634 -0.00180855 -0.00172328 -0.00171281 -0.00182311 -0.00195557 -0.00191768 -0.00188135 -0.00193755 -0.00195221 -0.00202618 -0.00190584 -0.00208929 -0.00215214 -0.00203961 -0.00225417 -0.00213492 -0.00213231 -0.00213056 -0.00181533 -0.00181362 -0.00171689 -0.00149797 0.00239594 0.00259151 0.00265021 0.00270627 0.0027846 0.134018 0.00263626 0.00256695 0.00236383 0.0021918 -0.00135476 -0.0013166 -0.00146034 -0.00152207 -0.0016766 -0.00164369 -0.00160193 -0.00177026 -0.00177525 -0.00190134 -0.00182281 -0.00181309 -0.00168508 -0.00167968 -0.00173192 -0.00177825 -0.00168122 -0.00172426 -0.00174888 -0.00177283 -0.00173184 -0.00166949 -0.00171202 -0.0016692 -0.00169374 -0.00170599 -0.00166101 -0.00162881 -0.00162029 -0.00165377 -0.00154987 -0.0017241 -0.00168677 -0.00168073 -0.00172219 -0.00166317 -0.00174715 -0.0016813 -0.00167813 -0.00166846 -0.00158038 -0.00163321 -0.00160483 -0.00172441 -0.00170017 -0.00172475 -0.00171731 -0.00172722 -0.00171087 -0.00170438 -0.00179148 -0.00162614 -0.0016674 -0.00168463 -0.00163449 -0.00173698 -0.00167093 -0.00171506 -0.0017574 -0.00172807 -0.00179312 -0.00172207 -0.00169499 -0.00167279 -0.00175074 -0.00166702 
-0.00171854 -0.00174423 -0.00171591 -0.00175881 -0.00181115 -0.0019037 -0.00188646 -0.00198813 -0.00186594 -0.00195684 -0.0020948 -0.00207815 -0.00199908 -0.00220611 -0.00207785 -0.00204638 -0.00221613 -0.00226154 -0.00201878 -0.00224383 -0.00205939 -0.0020555 -0.00184846 -0.00167481 -0.00152121 0.00244981 0.00250649 0.0025618 0.00258116 0.00263626 0.134443 0.00254662 0.00250716 0.00238707 0.0022911 0.00216779 -0.00131967 -0.00151893 -0.00161184 -0.00168647 -0.00177503 -0.00176882 -0.00186634 -0.00185238 -0.00181516 -0.00177106 -0.00178483 -0.00174255 -0.00181305 -0.00170776 -0.00175062 -0.00169128 -0.00170321 -0.00167231 -0.00184204 -0.0016868 -0.00176423 -0.00169646 -0.00176791 -0.00171576 -0.00174509 -0.00168245 -0.00159105 -0.00168321 -0.00170541 -0.00179467 -0.00175301 -0.00169226 -0.00175152 -0.0017938 -0.00174074 -0.00182216 -0.00169345 -0.0017255 -0.00169508 -0.00169517 -0.00162371 -0.00172238 -0.00164723 -0.0017686 -0.00178496 -0.00179849 -0.00178477 -0.0017472 -0.00167537 -0.00171056 -0.00171983 -0.00162003 -0.00159607 -0.00176519 -0.00176217 -0.00173547 -0.00171268 -0.00173303 -0.00177743 -0.00174014 -0.00181575 -0.00178831 -0.00176433 -0.00164345 
-0.001659 -0.00175963 -0.00174646 -0.00186299 -0.0018206 -0.00196667 -0.00191048 -0.00193537 -0.00189906 -0.00184619 -0.00205466 -0.00208603 -0.00199306 -0.00217428 -0.00213699 -0.00204657 -0.0022106 -0.00216161 -0.00215717 -0.00226383 -0.00218737 -0.00212267 -0.00197148 -0.00176549 -0.0017072 -0.00144206 0.00242535 0.00238714 0.00253183 0.00256695 0.00254662 0.133081 0.00261449 0.00249058 0.00225791 0.00222596 0.00209174 -0.00134856 -0.00142014 -0.00151838 -0.00163888 -0.00160394 -0.00182961 -0.00178584 -0.0017859 -0.0018154 -0.00170427 -0.00176573 -0.00173614 -0.00167945 -0.00167226 -0.00172046 -0.00171758 -0.0017864 -0.00170297 -0.00166363 -0.00169833 -0.0017782 -0.00167185 -0.00171444 -0.00166408 -0.00176071 -0.00163092 -0.0016511 -0.00155356 -0.00173252 -0.00167828 -0.00165633 -0.00172552 -0.00173233 -0.00172623 -0.00169935 -0.00174605 -0.00168382 -0.00169573 -0.00161507 -0.00166432 -0.00168546 -0.00162998 -0.00164088 -0.0017155 -0.00171586 -0.00173015 -0.00175313 -0.00177006 -0.00171798 -0.0016736 -0.00162684 -0.00162074 -0.00168579 -0.00176725 -0.00169503 -0.00162623 -0.00166169 -0.00168902 -0.00171161 -0.00175949 -0.00168309 -0.00174664 -0.00165169 
-0.00177717 -0.00165356 -0.00171148 -0.00178763 -0.00180385 -0.00185782 -0.00188796 -0.00192418 -0.00193447 -0.00183599 -0.00195831 -0.00203415 -0.00199643 -0.00215927 -0.00198623 -0.0020544 -0.00215435 -0.00207329 -0.00217835 -0.00225409 -0.00208 -0.00217275 -0.0021756 -0.00178743 -0.00180883 -0.00153058 -0.00139498 0.00219162 0.00238122 0.00236383 0.00250716 0.00261449 0.131734 0.00254646 0.00230161 0.00226171 0.00216423 0.00211254 -0.0012583 -0.00142168 -0.00154811 -0.00147574 -0.00175302 -0.00166939 -0.00181645 -0.00181355 -0.00165007 -0.00174651 -0.00171658 -0.00165013 -0.0017328 -0.00166362 -0.00176711 -0.001707 -0.00172454 -0.0018227 -0.00160322 -0.00171027 -0.00166548 -0.0016841 -0.00176476 -0.00171638 -0.00162293 -0.0015617 -0.00166253 -0.00164316 -0.00160735 -0.00161936 -0.00172323 -0.00168073 -0.00173468 -0.00173293 -0.00161334 -0.00172737 -0.00167207 -0.00158877 -0.0016359 -0.00174894 -0.0016181 -0.00177831 -0.00168096 -0.00171227 -0.0017492 -0.00160252 -0.00177735 -0.00154545 -0.00154914 -0.00167548 -0.00159068 -0.00170574 -0.00161186 -0.00163745 -0.00162212 -0.00166249 -0.00163161 -0.00164843 -0.00169581 -0.00169084 -0.00172965 -0.00163391 
