0.123279 0.00231163 0.00210302 0.00204356 0.00190586 0.00201166 -0.00114046 -0.00122447 -0.00136217 -0.00148222 -0.00164733 -0.00176118 -0.00166298 -0.00182675 -0.00184757 -0.00175609 -0.00199064 -0.00185606 -0.00191985 -0.00195262 -0.00196577 -0.00180956 -0.00186375 -0.00182955 -0.00194327 -0.00191871 -0.00185659 -0.00175393 -0.00183582 -0.00168674 -0.00190046 -0.00181332 -0.00173432 -0.00172961 -0.00167726 -0.00151213 -0.00166769 -0.00168694 -0.00155048 -0.00151837 -0.00152554 -0.00151644 -0.00163452 -0.0015578 -0.00159996 -0.00163694 -0.00154523 -0.00151871 -0.00154194 -0.00149943 -0.00151459 -0.00151784 -0.00146618 -0.00152339 -0.0014797 -0.0015059 -0.00151459 -0.00152527 -0.00151198 -0.00149184 -0.0015886 -0.0015981 -0.00142779 -0.00141749 -0.00151959 -0.00152381 -0.00149205 -0.00155488 -0.00154568 -0.00147081 -0.00150924 -0.00144699 -0.00148258 -0.00149608 -0.00148225 -0.00141529 -0.00141459 -0.00144422 -0.00150282 -0.00154252 -0.00144946 -0.00151495 -0.00152103 -0.00142153 -0.00153575 -0.0014798 -0.00155719 -0.00130855 -0.00146693 -0.0015212 -0.00146238 -0.00137536 -0.00131312 -0.00115414 -0.00125099 -0.00112164 0.00189229 0.00193657 0.00208716 0.00207085 
0.00231163 0.12351 0.00227208 0.00215311 0.00206306 0.0021479 0.00214735 -0.0012292 -0.00132328 -0.00140599 -0.00151318 -0.00157697 -0.00167769 -0.0016785 -0.00178044 -0.0018559 -0.00187317 -0.00188371 -0.00194407 -0.00207067 -0.0019022 -0.00186398 -0.00199902 -0.00182681 -0.00188437 -0.00189043 -0.0018162 -0.001846 -0.00175247 -0.0016227 -0.00176872 -0.00179904 -0.00173056 -0.00161726 -0.00157786 -0.00154984 -0.00170052 -0.00159839 -0.00162696 -0.00161481 -0.00158734 -0.00147805 -0.00164501 -0.00159445 -0.00162333 -0.0016191 -0.00152041 -0.00152606 -0.00152957 -0.00154225 -0.00155406 -0.00157519 -0.00152919 -0.00145372 -0.00150177 -0.00143671 -0.00149416 -0.00149087 -0.00153244 -0.001426 -0.00155003 -0.00156865 -0.00139063 -0.00150245 -0.00155968 -0.00146695 -0.00158942 -0.00149192 -0.00151864 -0.00146945 -0.00151352 -0.00154178 -0.00155618 -0.00147013 -0.00146652 -0.00141574 -0.00152605 -0.00152709 -0.00149556 -0.00154407 -0.00155489 -0.00155837 -0.00153927 -0.00149053 -0.00157098 -0.0015619 -0.00156218 -0.00138917 -0.00145271 -0.00148879 -0.00142366 -0.00153934 -0.00147932 -0.00141524 -0.00137289 -0.00129638 -0.00112782 0.00182516 0.00192541 0.00209324 
0.00210302 0.00227208 0.12387 0.00236803 0.00216014 0.00218275 0.00212164 0.00203409 -0.0012532 -0.00125787 -0.00141129 -0.00157477 -0.00157457 -0.00173295 -0.00183057 -0.0018179 -0.00196354 -0.00200696 -0.00196973 -0.00206271 -0.0019197 -0.00198449 -0.00193356 -0.00184415 -0.00198425 -0.0020048 -0.00186993 -0.00172592 -0.00168185 -0.00171844 -0.00178116 -0.00167755 -0.0016371 -0.00171846 -0.00153737 -0.00150969 -0.00163472 -0.00169115 -0.00166356 -0.00160838 -0.00154043 -0.00157492 -0.00167232 -0.00156732 -0.00157731 -0.00169075 -0.00158389 -0.00160881 -0.00160129 -0.00156742 -0.00150563 -0.00150209 -0.00147915 -0.00152416 -0.00155146 -0.00157891 -0.00151283 -0.00153845 -0.00154101 -0.00152354 -0.00150433 -0.00156759 -0.00141309 -0.00139952 -0.00155405 -0.00147543 -0.00152451 -0.00148467 -0.00153516 -0.0015983 -0.00148731 -0.0015241 -0.00147279 -0.00147656 -0.00143868 -0.00145751 -0.00147052 -0.00152928 -0.0015147 -0.00156268 -0.00155951 -0.00154736 -0.00151646 -0.00148929 -0.00144947 -0.00153178 -0.00149679 -0.00145585 -0.00141775 -0.00147372 -0.00159649 -0.0015205 -0.00150466 -0.00140871 -0.00144763 -0.00136625 -0.00121866 -0.00113754 0.00187037 0.00197103 
0.00204356 0.00215311 0.00236803 0.124371 0.00219268 0.00232033 0.00235711 0.00217097 0.00210689 -0.00125238 -0.00130549 -0.00145311 -0.0015722 -0.00173604 -0.0018617 -0.0017946 -0.00190477 -0.0019129 -0.00189153 -0.00200098 -0.00187824 -0.00193299 -0.00188891 -0.0017505 -0.00198854 -0.00189865 -0.00176898 -0.00172618 -0.00177823 -0.00179067 -0.00181084 -0.00177926 -0.00177406 -0.00175978 -0.00172367 -0.00170146 -0.00170979 -0.00168026 -0.0017414 -0.00169868 -0.00155383 -0.00159998 -0.00169745 -0.00160506 -0.00171149 -0.00159964 -0.00154078 -0.00160234 -0.00171333 -0.00153341 -0.00151859 -0.001617 -0.00152187 -0.00149896 -0.00153018 -0.00146589 -0.00151523 -0.00160948 -0.00144397 -0.0015579 -0.00152333 -0.00147129 -0.00142255 -0.00149481 -0.00151104 -0.00154731 -0.00154258 -0.00156272 -0.00150165 -0.00158576 -0.00155126 -0.00149732 -0.00157723 -0.00153823 -0.00137361 -0.00142688 -0.00146344 -0.00153276 -0.00153732 -0.00149415 -0.00155111 -0.00155925 -0.00159729 -0.00156728 -0.00153654 -0.00162019 -0.00141217 -0.0013915 -0.00153434 -0.0014702 -0.0014833 -0.00146397 -0.00142568 -0.0015838 -0.00144157 -0.00149063 -0.00131978 -0.00128729 -0.00116659 0.00187708 
0.00190586 0.00206306 0.00216014 0.00219268 0.124832 0.00236064 0.00222791 0.00225272 0.00227237 0.0020913 -0.00126046 -0.00132619 -0.00142346 -0.0017323 -0.00178668 -0.00185369 -0.00193828 -0.00198697 -0.00193288 -0.00210054 -0.00186472 -0.001936 -0.00198326 -0.00186888 -0.00194026 -0.00183047 -0.00178951 -0.00171185 -0.0017416 -0.00171435 -0.00176452 -0.00178326 -0.0016955 -0.00170917 -0.0016248 -0.00167659 -0.00170509 -0.00162279 -0.00163223 -0.00166188 -0.00151288 -0.00158695 -0.00164704 -0.00163208 -0.00155193 -0.00159349 -0.00159221 -0.00161364 -0.00156058 -0.00157264 -0.00155888 -0.00149478 -0.00152652 -0.00152599 -0.00154276 -0.00153227 -0.00158564 -0.00145254 -0.00158056 -0.00156612 -0.00155164 -0.00152616 -0.00158477 -0.00151678 -0.00153513 -0.00152437 -0.00159304 -0.00151703 -0.00152456 -0.00152795 -0.00149489 -0.00153785 -0.00152002 -0.00156107 -0.00145126 -0.00148616 -0.00145847 -0.00151782 -0.00158563 -0.00158437 -0.00155995 -0.00153291 -0.00151566 -0.00149402 -0.00153358 -0.00161533 -0.00157775 -0.00152675 -0.00149474 -0.00149182 -0.00157083 -0.00154513 -0.00161307 -0.0014913 -0.00153023 -0.00155569 -0.00143867 -0.00140091 -0.00131495 -0.00112899 
0.00201166 0.0021479 0.00218275 0.00232033 0.00236064 0.128315 0.00245922 0.00231812 0.00226743 0.00219272 0.00216494 -0.00136408 -0.00142104 -0.00170732 -0.00186926 -0.00182692 -0.0019147 -0.00193728 -0.00199745 -0.00213085 -0.00201186 -0.00213665 -0.00204381 -0.00195069 -0.00204513 -0.00208026 -0.00189439 -0.00191288 -0.00193977 -0.00185468 -0.00199338 -0.00184414 -0.0019051 -0.00184382 -0.00172905 -0.00173459 -0.00181787 -0.00171265 -0.00179901 -0.00179881 -0.00173806 -0.00164088 -0.00175963 -0.0016596 -0.00163206 -0.00167661 -0.00163879 -0.00167532 -0.00166726 -0.00161929 -0.00158444 -0.00159884 -0.00163551 -0.00168866 -0.00164043 -0.00167586 -0.00164515 -0.00162394 -0.00159306 -0.00170169 -0.0016425 -0.00160993 -0.00148508 -0.00156788 -0.00153789 -0.00162665 -0.00169953 -0.00162147 -0.00168955 -0.00157869 -0.00163888 -0.00153599 -0.00160319 -0.00161992 -0.00153352 -0.00154173 -0.00156896 -0.00161083 -0.00163702 -0.00158907 -0.0016423 -0.00158933 -0.0016518 -0.00163953 -0.00166236 -0.00169163 -0.00170556 -0.00152766 -0.00152922 -0.0016215 -0.00166029 -0.00163088 -0.00153597 -0.00160248 -0.00165234 -0.00165846 -0.00150804 -0.00147055 -0.00131815 -0.00119218 
-0.00114046 0.00214735 0.00212164 0.00235711 0.00222791 0.00245922 0.129044 0.00244108 0.00252284 0.00226938 0.00225198 0.00219156 -0.00124225 -0.00147556 -0.00167108 -0.00175683 -0.00189424 -0.00203757 -0.00201567 -0.00214268 -0.00212118 -0.00203632 -0.00204373 -0.00185524 -0.0021384 -0.00211232 -0.00196807 -0.00192764 -0.00189395 -0.00181319 -0.00192875 -0.00184012 -0.00188503 -0.00182945 -0.00173932 -0.00178702 -0.00179879 -0.00182963 -0.0018149 -0.00175569 -0.00173952 -0.00158396 -0.00166773 -0.00172934 -0.00174419 -0.00170875 -0.0016681 -0.00159393 -0.00173831 -0.00166923 -0.00169305 -0.00151778 -0.00159854 -0.00166086 -0.00166328 -0.00164502 -0.00167056 -0.0016423 -0.00166235 -0.0017128 -0.00160279 -0.00166047 -0.00151516 -0.0015811 -0.00163813 -0.00166441 -0.00170276 -0.0016729 -0.00159122 -0.00168361 -0.00171452 -0.00172863 -0.00173225 -0.00163028 -0.00160383 -0.00157248 -0.00170851 -0.00164171 -0.00165099 -0.00163346 -0.00172468 -0.00159763 -0.00157553 -0.00173061 -0.00164233 -0.00166072 -0.00165461 -0.00160434 -0.00155789 -0.00156695 -0.00165635 -0.00166522 -0.00166449 -0.00163927 -0.00162356 -0.00172729 -0.00163422 -0.00158052 -0.00142851 -0.00136516 
-0.00122447 -0.0012292 0.00203409 0.00217097 0.00225272 0.00231812 0.00244108 0.130223 0.00255964 0.00252667 0.00235367 0.00225736 0.00214941 -0.00141613 -0.00163773 -0.00164894 -0.00188985 -0.00202287 -0.00208998 -0.00215642 -0.00203642 -0.00205318 -0.00214021 -0.00198444 -0.00205797 -0.00207084 -0.00195849 -0.00198973 -0.00193447 -0.00185997 -0.00184677 -0.00192285 -0.00194177 -0.0018133 -0.00169742 -0.00179543 -0.00180652 -0.00180543 -0.00171643 -0.00171203 -0.00176347 -0.00167846 -0.00179475 -0.0017797 -0.00174105 -0.00181562 -0.00165314 -0.00170988 -0.00180245 -0.00171571 -0.00172351 -0.00167569 -0.00163272 -0.00171207 -0.00165503 -0.0017043 -0.00167325 -0.00171251 -0.00162801 -0.00160861 -0.00164877 -0.00169523 -0.00160819 -0.00152842 -0.001698 -0.00164634 -0.00167693 -0.00173423 -0.00157243 -0.00166592 -0.00166185 -0.00171782 -0.00162344 -0.0016479 -0.0015812 -0.0016028 -0.00158728 -0.00164644 -0.00164603 -0.00164637 -0.00159778 -0.00162536 -0.0016207 -0.00165275 -0.00160914 -0.00171885 -0.00163508 -0.00156181 -0.00165047 -0.00167982 -0.00171582 -0.00161062 -0.00168728 -0.00166051 -0.0016679 -0.00167045 -0.00164489 -0.00172601 -0.00159164 -0.00148474 
-0.00136217 -0.00132328 -0.0012532 0.00210689 0.00227237 0.00226743 0.00252284 0.00255964 0.131683 0.00256771 0.00243057 0.00253487 0.00232853 0.00227338 -0.00157242 -0.00155798 -0.00175801 -0.00185781 -0.00205155 -0.00225272 -0.00209901 -0.0020703 -0.00221601 -0.00199163 -0.00209093 -0.00215935 -0.00200138 -0.00208147 -0.00199436 -0.00195582 -0.0020303 -0.00187386 -0.00191215 -0.00180021 -0.00172792 -0.00185397 -0.00179513 -0.00176335 -0.00187723 -0.00183664 -0.00172821 -0.00167779 -0.00182125 -0.00174254 -0.00178636 -0.00172336 -0.00173639 -0.00165849 -0.0017078 -0.0017712 -0.00170542 -0.00176791 -0.00169574 -0.00166047 -0.00166945 -0.0016898 -0.00176435 -0.00172454 -0.0016912 -0.00172102 -0.00164853 -0.00158894 -0.00165234 -0.00158475 -0.00162238 -0.0016362 -0.00174595 -0.00174043 -0.00169102 -0.00164637 -0.00171752 -0.0016961 -0.0016418 -0.00168313 -0.00161082 -0.00160389 -0.00161046 -0.00163528 -0.00174486 -0.00175583 -0.00168101 -0.00174718 -0.00173314 -0.00173365 -0.00177044 -0.00176613 -0.00167743 -0.0016593 -0.00158835 -0.0016516 -0.00171659 -0.00170447 -0.00173364 -0.00164956 -0.00161253 -0.00170368 -0.00166422 -0.00171444 -0.00171496 -0.00150459 
-0.00148222 -0.00140599 -0.00125787 -0.00125238 0.0020913 0.00219272 0.00226938 0.00252667 0.00256771 0.130215 0.00251799 0.00254823 0.00241487 0.00229835 -0.00141937 -0.00145081 -0.00165659 -0.00184139 -0.00188486 -0.00214233 -0.002086 -0.00204111 -0.00200003 -0.00191222 -0.00216977 -0.00199342 -0.00190533 -0.00186213 -0.00182529 -0.00186462 -0.00194247 -0.00186296 -0.00180007 -0.00180489 -0.00171557 -0.00174048 -0.00179076 -0.00188875 -0.00183114 -0.00177273 -0.00158103 -0.00162682 -0.00181315 -0.00175862 -0.00170171 -0.00172972 -0.00169118 -0.00170578 -0.00174799 -0.00163295 -0.00170981 -0.00168202 -0.00163488 -0.00160737 -0.0015723 -0.00164658 -0.00160809 -0.00168829 -0.00161315 -0.00161728 -0.00164475 -0.00159828 -0.00160874 -0.00158233 -0.00166097 -0.00163915 -0.00155173 -0.00159637 -0.00165952 -0.00164923 -0.00164326 -0.00164771 -0.00162689 -0.00171739 -0.00156277 -0.00156145 -0.00157107 -0.00166651 -0.00161884 -0.00164016 -0.00155023 -0.00166044 -0.00163151 -0.00163831 -0.00161536 -0.00160311 -0.00162278 -0.00154256 -0.00164046 -0.00163967 -0.00165108 -0.00153592 -0.00162513 -0.00154364 -0.00165319 -0.00157582 -0.00163867 -0.00171676 -0.00162146 -0.00151699 
-0.00164733 -0.00151318 -0.00141129 -0.00130549 -0.00126046 0.00216494 0.00225198 0.00235367 0.00243057 0.00251799 0.134684 0.00268728 0.00261375 0.0025188 0.00227795 0.00226225 -0.00153475 -0.0018081 -0.00174315 -0.00195647 -0.00212301 -0.00220291 -0.00217819 -0.00202568 -0.0022136 -0.00213314 -0.00196876 -0.00213859 -0.0019708 -0.00198549 -0.00204672 -0.00198429 -0.00190619 -0.00185358 -0.00176823 -0.00185519 -0.00192386 -0.00181038 -0.00180025 -0.00187023 -0.00186466 -0.00178783 -0.00182105 -0.00194802 -0.00185303 -0.00189284 -0.00181068 -0.00182877 -0.00170819 -0.00176791 -0.00174523 -0.00186072 -0.00171493 -0.00178648 -0.00168659 -0.00181383 -0.00175506 -0.0017482 -0.00182464 -0.00166762 -0.00160719 -0.00176916 -0.00172451 -0.0015935 -0.00170824 -0.00171892 -0.00181402 -0.00175881 -0.00172538 -0.00170499 -0.00173157 -0.00173796 -0.00178501 -0.00181413 -0.00169872 -0.00162595 -0.00170334 -0.00170456 -0.0017061 -0.00177894 -0.00174857 -0.00167965 -0.00167389 -0.001683 -0.00168022 -0.00171592 -0.00177725 -0.00163283 -0.00167771 -0.00168841 -0.00187435 -0.00171497 -0.00174169 -0.00176226 -0.00168272 -0.00183997 -0.00175779 -0.00176374 -0.00179859 -0.00163268 
-0.00176118 -0.00157697 -0.00157477 -0.00145311 -0.00132619 -0.00136408 0.00219156 0.00225736 0.00253487 0.00254823 0.00268728 0.136517 0.00271368 0.00271585 0.00245853 0.00254722 0.00232084 -0.00169763 -0.00168581 -0.00180562 -0.00214408 -0.00205449 -0.00210201 -0.0020538 -0.00224361 -0.00221118 -0.00207547 -0.00213067 -0.00204368 -0.00205623 -0.00205185 -0.00210362 -0.00202029 -0.00198532 -0.00192046 -0.0019252 -0.0020171 -0.00189995 -0.00186315 -0.00187684 -0.00181647 -0.00183957 -0.00185441 -0.00199952 -0.00181046 -0.00192313 -0.0017963 -0.00189114 -0.00169794 -0.00183222 -0.00169554 -0.00180409 -0.00170934 -0.00171224 -0.00182617 -0.00180488 -0.00171663 -0.00178119 -0.00169275 -0.00174183 -0.00180287 -0.0016837 -0.00167298 -0.00164333 -0.00170134 -0.00174717 -0.00180605 -0.00170401 -0.00184764 -0.00182569 -0.00184708 -0.00182665 -0.00180014 -0.00184836 -0.00166958 -0.00170956 -0.00173348 -0.00174911 -0.00176082 -0.00171318 -0.00181163 -0.00178629 -0.00168432 -0.00181608 -0.001714 -0.00179419 -0.00165995 -0.00163177 -0.00176293 -0.00175284 -0.00178024 -0.00173649 -0.00179802 -0.00177882 -0.00184125 -0.00180272 -0.00190186 -0.00179901 -0.0018086 -0.00176843 
-0.00166298 -0.00167769 -0.00157457 -0.0015722 -0.00142346 -0.00142104 -0.00124225 0.00214941 0.00232853 0.00241487 0.00261375 0.00271368 0.135095 0.00271298 0.00262557 0.00256188 0.00249818 -0.00156274 -0.00163849 -0.00188335 -0.00196039 -0.00201505 -0.002072 -0.00197571 -0.00221106 -0.00203374 -0.00200565 -0.00184436 -0.00193676 -0.00194904 -0.00203114 -0.0019839 -0.00189638 -0.00196086 -0.00180934 -0.00175273 -0.0018826 -0.00177822 -0.0017601 -0.00186083 -0.00169876 -0.00175444 -0.0018451 -0.00185551 -0.00178999 -0.00179762 -0.00174331 -0.00173527 -0.00172136 -0.00166733 -0.00169017 -0.00172415 -0.00177795 -0.00172511 -0.00176114 -0.00170532 -0.0016263 -0.00175803 -0.00177068 -0.00176973 -0.00169453 -0.00158126 -0.00168819 -0.00167786 -0.00164919 -0.00172975 -0.0018366 -0.00181522 -0.00180711 -0.0017181 -0.00176256 -0.00174539 -0.00176689 -0.00174045 -0.00169355 -0.00156145 -0.00162864 -0.00169989 -0.00173651 -0.00164794 -0.0017604 -0.00171254 -0.00169399 -0.00169207 -0.00172715 -0.00173255 -0.00166538 -0.00162569 -0.00171349 -0.00172063 -0.00172423 -0.00174256 -0.00178409 -0.00172965 -0.00166783 -0.00166202 -0.00180389 -0.00178583 -0.0016826 -0.00161011 
-0.00182675 -0.0016785 -0.00173295 -0.00173604 -0.0017323 -0.00170732 -0.00147556 -0.00141613 0.00227338 0.00229835 0.0025188 0.00271585 0.00271298 0.140408 0.0029401 0.00290139 0.00284182 0.00249095 0.00244508 -0.00167646 -0.00191763 -0.00183131 -0.00204143 -0.00211356 -0.00232383 -0.0023415 -0.00225763 -0.00212367 -0.00217115 -0.00208778 -0.00222047 -0.00210342 -0.00202428 -0.0020078 -0.00193754 -0.00188917 -0.00206331 -0.00195472 -0.00204247 -0.00191991 -0.00181926 -0.00184694 -0.00196719 -0.00199914 -0.00194084 -0.00190138 -0.00181538 -0.00186023 -0.00187883 -0.00178483 -0.00188695 -0.00183318 -0.00179238 -0.00183541 -0.00181759 -0.00193438 -0.00185391 -0.00182495 -0.00183156 -0.00183207 -0.00187438 -0.00183342 -0.00172101 -0.00178124 -0.00181078 -0.00187445 -0.00192217 -0.00181513 -0.00183441 -0.0018553 -0.00189976 -0.00194826 -0.00175364 -0.00179322 -0.00171084 -0.00179653 -0.00171414 -0.00176154 -0.00183458 -0.00182541 -0.00177778 -0.00175548 -0.00190534 -0.00185872 -0.0019126 -0.00189674 -0.00193515 -0.00179038 -0.00181961 -0.00193373 -0.00182427 -0.00179641 -0.00182743 -0.00176687 -0.00187975 -0.00171058 -0.00195024 -0.0017778 -0.00179688 -0.00166008 
-0.00184757 -0.00178044 -0.00183057 -0.0018617 -0.00178668 -0.00186926 -0.00167108 -0.00163773 -0.00157242 -0.00141937 0.00227795 0.00245853 0.00262557 0.0029401 0.139696 0.00290016 0.002896 0.00284744 0.00280845 0.00250484 -0.00163894 -0.00159033 -0.00174226 -0.0019347 -0.00215607 -0.0023561 -0.002148 -0.00208245 -0.00209849 -0.00208562 -0.00203601 -0.00200523 -0.00212036 -0.00203301 -0.00183332 -0.00183071 -0.00196141 -0.00197452 -0.0018971 -0.00194656 -0.00184748 -0.00179794 -0.00192684 -0.00198519 -0.00190025 -0.00191494 -0.00179465 -0.00187069 -0.00172683 -0.00175291 -0.0018464 -0.00179789 -0.0018078 -0.00181753 -0.00174891 -0.00177905 -0.00190152 -0.00181836 -0.00177712 -0.00177341 -0.00177058 -0.00176867 -0.00174132 -0.00171114 -0.00175002 -0.00180029 -0.00184963 -0.0017393 -0.00184808 -0.00180471 -0.00181448 -0.00173656 -0.00172332 -0.00173669 -0.00169464 -0.00165835 -0.00169179 -0.00175553 -0.00177161 -0.00168394 -0.00179984 -0.00186069 -0.00174986 -0.00175745 -0.00173659 -0.00178694 -0.00188342 -0.00169627 -0.00176214 -0.00176822 -0.00190692 -0.00183892 -0.00175147 -0.00183277 -0.00178688 -0.00170876 -0.00181769 -0.00167394 -0.00174364 -0.00170786 
-0.00175609 -0.0018559 -0.0018179 -0.0017946 -0.00185369 -0.00182692 -0.00175683 -0.00164894 -0.00155798 -0.00145081 0.00226225 0.00254722 0.00256188 0.00290139 0.00290016 0.141255 0.00294401 0.00280572 0.00270737 0.00258088 -0.00172073 -0.00161141 -0.00181644 -0.00196104 -0.00222583 -0.00223781 -0.00211226 -0.00200577 -0.00207531 -0.00204162 -0.00201545 -0.00205411 -0.00204893 -0.00191605 -0.00189658 -0.00180251 -0.00197065 -0.00203609 -0.00201256 -0.00196187 -0.00182099 -0.00184174 -0.00201955 -0.00184137 -0.00187524 -0.00196313 -0.00180795 -0.00187113 -0.00184786 -0.00182778 -0.00180725 -0.00179754 -0.00186315 -0.00196452 -0.0018807 -0.00178529 -0.0017293 -0.00183431 -0.00176839 -0.00169082 -0.00177305 -0.00172205 -0.0017796 -0.00165375 -0.00181349 -0.00183704 -0.0017328 -0.0017521 -0.00179265 -0.00172541 -0.001871 -0.00180302 -0.00177568 -0.00175746 -0.00177981 -0.00168469 -0.00172458 -0.00176115 -0.00179914 -0.00180059 -0.00183329 -0.00185276 -0.00185347 -0.00180875 -0.00173341 -0.00184422 -0.00180283 -0.00176508 -0.00178091 -0.001761 -0.00189563 -0.00185073 -0.00183275 -0.00183977 -0.00188471 -0.00188231 -0.00186911 -0.0017839 -0.0018962 -0.00167537 
-0.00199064 -0.00187317 -0.00196354 -0.00190477 -0.00193828 -0.0019147 -0.00189424 -0.00188985 -0.00175801 -0.00165659 -0.00153475 0.00232084 0.00249818 0.00284182 0.002896 0.00294401 0.146223 0.00298575 0.00316565 0.00287471 0.00261347 0.00254589 -0.00164209 -0.00179658 -0.00206822 -0.00213971 -0.00224844 -0.00227854 -0.00207153 -0.00219934 -0.00225511 -0.00214208 -0.00223607 -0.00215885 -0.00197492 -0.00199108 -0.00212275 -0.00215844 -0.00206472 -0.00201631 -0.00203059 -0.00193109 -0.00201258 -0.00207921 -0.00212558 -0.00209309 -0.00192573 -0.00196045 -0.00190686 -0.00189221 -0.00200242 -0.00194416 -0.00187457 -0.0019668 -0.00199215 -0.0019331 -0.00194975 -0.00190664 -0.00195012 -0.00188822 -0.00193308 -0.00181939 -0.00187678 -0.00189677 -0.00187547 -0.00195868 -0.00192312 -0.00194008 -0.00198126 -0.00189679 -0.00192496 -0.00192758 -0.00202611 -0.00184087 -0.00178564 -0.00184347 -0.00195145 -0.00198317 -0.00191139 -0.00198438 -0.00187259 -0.0020227 -0.00201485 -0.00198814 -0.00198564 -0.00195099 -0.00190391 -0.00190145 -0.00177519 -0.00196077 -0.00187869 -0.00184561 -0.00192586 -0.00186569 -0.00189835 -0.00187402 -0.00198358 -0.0018821 -0.00195537 -0.0018942 
-0.00185606 -0.00188371 -0.00200696 -0.0019129 -0.00198697 -0.00193728 -0.00203757 -0.00202287 -0.00185781 -0.00184139 -0.0018081 -0.00169763 -0.00156274 0.00249095 0.00284744 0.00280572 0.00298575 0.144751 0.00330411 0.00300302 0.00284683 0.00270808 0.0027179 -0.00157955 -0.00186776 -0.00179322 -0.00200914 -0.00202307 -0.00206629 -0.00206635 -0.00211986 -0.00201927 -0.00211181 -0.00219577 -0.00200615 -0.00201893 -0.00206873 -0.00210836 -0.00198855 -0.00202299 -0.00191753 -0.00196355 -0.00196329 -0.00194732 -0.00192953 -0.00200584 -0.00186562 -0.00180793 -0.00187288 -0.00190844 -0.00198759 -0.00198415 -0.00190932 -0.00188215 -0.00192711 -0.00189381 -0.00190752 -0.0019619 -0.00189942 -0.00179106 -0.00178079 -0.00178463 -0.00171322 -0.0017521 -0.00186037 -0.00188799 -0.0019147 -0.00183157 -0.00173723 -0.00181292 -0.00182952 -0.00183134 -0.00184224 -0.00186533 -0.00181123 -0.00179836 -0.00180295 -0.00185806 -0.00185679 -0.00177173 -0.00189106 -0.00185036 -0.00195577 -0.0019399 -0.00188156 -0.00188188 -0.00191915 -0.00186335 -0.00181552 -0.00189985 -0.00181209 -0.00187554 -0.00188615 -0.0018264 -0.00182853 -0.00182825 -0.00189119 -0.0018773 -0.00179073 -0.00179906 
-0.00191985 -0.00194407 -0.00196973 -0.00189153 -0.00193288 -0.00199745 -0.00201567 -0.00208998 -0.00205155 -0.00188486 -0.00174315 -0.00168581 -0.00163849 0.00244508 0.00280845 0.00270737 0.00316565 0.00330411 0.145324 0.00317214 0.00300767 0.00285043 0.00260995 -0.00157247 -0.00176554 -0.00188619 -0.00206529 -0.00206161 -0.00209717 -0.00212917 -0.0020998 -0.00216916 -0.00216532 -0.00210611 -0.00200517 -0.00194097 -0.00204526 -0.00213765 -0.00196709 -0.00197908 -0.0019752 -0.00194594 -0.00207605 -0.00197901 -0.00210188 -0.00197846 -0.00187563 -0.00184751 -0.00187126 -0.00180861 -0.00181863 -0.00191382 -0.00178942 -0.0019164 -0.00189469 -0.00194801 -0.00186707 -0.00195143 -0.00191726 -0.00175915 -0.00191347 -0.00184182 -0.00184575 -0.00177251 -0.00189054 -0.00189837 -0.00191597 -0.00191006 -0.00185315 -0.00185016 -0.00188277 -0.00180526 -0.00184291 -0.00182552 -0.0016709 -0.00164294 -0.00175597 -0.00184657 -0.00187043 -0.00190137 -0.00183535 -0.00195001 -0.00189234 -0.00193883 -0.00188295 -0.00182947 -0.00188528 -0.0017902 -0.00185523 -0.00184279 -0.00190976 -0.00186404 -0.00191635 -0.00201363 -0.00190037 -0.00189759 -0.00180452 -0.00176938 -0.00183335 -0.00185388 
-0.00195262 -0.00207067 -0.00206271 -0.00200098 -0.00210054 -0.00213085 -0.00214268 -0.00215642 -0.00225272 -0.00214233 -0.00195647 -0.00180562 -0.00188335 -0.00167646 0.00250484 0.00258088 0.00287471 0.00300302 0.00317214 0.149421 0.00317177 0.00312012 0.00291658 0.00258201 0.0026473 -0.00168959 -0.00182472 -0.00194308 -0.00199785 -0.00207747 -0.00222748 -0.00225554 -0.00221685 -0.00226102 -0.0020977 -0.00209337 -0.00215201 -0.00218394 -0.00206815 -0.00211771 -0.00200911 -0.00200222 -0.00206612 -0.00213016 -0.00205643 -0.00211304 -0.00194761 -0.0019874 -0.00203556 -0.00197831 -0.001935 -0.0019291 -0.00196448 -0.00201125 -0.00198298 -0.00208564 -0.00193895 -0.00203338 -0.00204947 -0.00195989 -0.00197963 -0.0019689 -0.00190114 -0.00188469 -0.00193032 -0.00200724 -0.00199979 -0.00200387 -0.0019114 -0.00208086 -0.00194999 -0.00197176 -0.00203524 -0.00186873 -0.00180462 -0.00184547 -0.00186951 -0.00207908 -0.00198868 -0.00200302 -0.00200176 -0.00195305 -0.00205435 -0.00205376 -0.00200581 -0.00197161 -0.00194054 -0.00182606 -0.00176376 -0.0019335 -0.00191423 -0.00201277 -0.00187703 -0.00196615 -0.00200004 -0.00195778 -0.00202912 -0.00192706 -0.00199872 -0.00196615 
-0.00196577 -0.0019022 -0.0019197 -0.00187824 -0.00186472 -0.00201186 -0.00212118 -0.00203642 -0.00209901 -0.002086 -0.00212301 -0.00214408 -0.00196039 -0.00191763 -0.00163894 -0.00172073 0.00261347 0.00284683 0.00300767 0.00317177 0.146849 0.00327602 0.00301007 0.0028564 0.00272593 0.0026474 -0.00159311 -0.00168975 -0.00177889 -0.00190267 -0.00202279 -0.00218211 -0.00215642 -0.00214138 -0.00198395 -0.00196248 -0.00203936 -0.00210213 -0.00200019 -0.002014 -0.00189086 -0.00195101 -0.00196844 -0.0019637 -0.00190042 -0.00197293 -0.00189629 -0.00186788 -0.00183196 -0.00189185 -0.00197138 -0.00195295 -0.00191995 -0.00187635 -0.00188329 -0.00196574 -0.00194987 -0.00186832 -0.00191616 -0.0019917 -0.00191557 -0.00193088 -0.00181964 -0.00176353 -0.0019047 -0.00183629 -0.00183584 -0.00200609 -0.0019154 -0.00201072 -0.00190935 -0.00199785 -0.00195392 -0.0019094 -0.00176546 -0.00180705 -0.00183334 -0.00194154 -0.00187663 -0.0018326 -0.0018592 -0.00188311 -0.00193479 -0.0018951 -0.00195133 -0.00184953 -0.00196736 -0.00185951 -0.00182436 -0.00194207 -0.00190532 -0.00194086 -0.00189694 -0.00190854 -0.00190202 -0.00184201 -0.00185755 -0.00185571 -0.00186596 -0.00190765 
-0.00180956 -0.00186398 -0.00198449 -0.00193299 -0.001936 -0.00213665 -0.00203632 -0.00205318 -0.0020703 -0.00204111 -0.00220291 -0.00205449 -0.00201505 -0.00183131 -0.00159033 -0.00161141 0.00254589 0.00270808 0.00285043 0.00312012 0.00327602 0.146439 0.00296308 0.0027604 0.00287755 0.00259398 -0.00153466 -0.00177518 -0.00189976 -0.00187272 -0.00200203 -0.00214574 -0.00216341 -0.00210981 -0.00210153 -0.00193133 -0.002081 -0.00199243 -0.00206202 -0.00198043 -0.00187186 -0.00193948 -0.00199638 -0.00205389 -0.00204072 -0.00209447 -0.00202545 -0.00198904 -0.00192674 -0.00194147 -0.00181405 -0.00181614 -0.00192269 -0.00188481 -0.00189083 -0.00186471 -0.00191635 -0.00199063 -0.00190382 -0.0020257 -0.00189923 -0.00189266 -0.00183095 -0.00181736 -0.00191716 -0.00185934 -0.00180572 -0.00187273 -0.00187173 -0.00196173 -0.00190261 -0.00185573 -0.00186727 -0.00177516 -0.00179113 -0.00175484 -0.00174377 -0.0019629 -0.00184057 -0.00184123 -0.00180648 -0.00195833 -0.0018511 -0.00194679 -0.00184582 -0.00186921 -0.0018506 -0.00172569 -0.00185166 -0.00193041 -0.00193864 -0.00179647 -0.00191497 -0.00181105 -0.00186161 -0.00189447 -0.00193015 -0.00185299 -0.00180825 -0.00189439 
-0.00186375 -0.00199902 -0.00193356 -0.00188891 -0.00198326 -0.00204381 -0.00204373 -0.00214021 -0.00221601 -0.00200003 -0.00217819 -0.00210201 -0.002072 -0.00204143 -0.00174226 -0.00181644 -0.00164209 0.0027179 0.00260995 0.00291658 0.00301007 0.00296308 0.145585 0.00291639 0.00300399 0.00278553 0.00241833 -0.00160223 -0.00172112 -0.00170416 -0.00183856 -0.00205975 -0.00201825 -0.00210826 -0.0019501 -0.00195932 -0.00204409 -0.00208612 -0.00192275 -0.00200061 -0.0019764 -0.00187847 -0.00198777 -0.0020073 -0.00198335 -0.00192295 -0.00188481 -0.00186563 -0.00187968 -0.00190983 -0.00190974 -0.00185084 -0.00185802 -0.00174958 -0.00186072 -0.00180782 -0.00188351 -0.00188753 -0.00194437 -0.00187474 -0.00182323 -0.00196375 -0.00180784 -0.00175793 -0.00193012 -0.00190697 -0.00185294 -0.00182155 -0.00187486 -0.00185821 -0.00181745 -0.00186815 -0.00195171 -0.00187198 -0.00183 -0.00183834 -0.00174414 -0.00181186 -0.00182544 -0.00191076 -0.00183279 -0.00193249 -0.00194788 -0.00194532 -0.00180979 -0.00187723 -0.00186174 -0.00169114 -0.00173451 -0.00185073 -0.00185404 -0.00194394 -0.00191533 -0.00188158 -0.00190389 -0.00184917 -0.00187352 -0.00183578 -0.00188415 -0.00178939 
-0.00182955 -0.00182681 -0.00184415 -0.0017505 -0.00186888 -0.00195069 -0.00185524 -0.00198444 -0.00199163 -0.00191222 -0.00202568 -0.0020538 -0.00197571 -0.00211356 -0.0019347 -0.00196104 -0.00179658 -0.00157955 -0.00157247 0.00258201 0.0028564 0.0027604 0.00291639 0.141393 0.00306161 0.0029482 0.0025145 0.00239878 -0.00151009 -0.00148583 -0.00167275 -0.00172984 -0.00186547 -0.00190082 -0.00188812 -0.00169183 -0.00186447 -0.0018732 -0.00191955 -0.00192013 -0.00177265 -0.00181586 -0.00186394 -0.00179898 -0.00183589 -0.00184477 -0.00185138 -0.001796 -0.00183981 -0.00174404 -0.00177254 -0.00181165 -0.00173171 -0.00177387 -0.00163431 -0.00177578 -0.00175783 -0.00184941 -0.00176998 -0.00177556 -0.00172907 -0.00175863 -0.00168118 -0.00171541 -0.00171525 -0.00180645 -0.00173865 -0.00174563 -0.00170496 -0.0018388 -0.00179098 -0.00172027 -0.00168176 -0.00173592 -0.00169624 -0.00169151 -0.00154114 -0.00178155 -0.00173032 -0.0018204 -0.0017589 -0.00182518 -0.00192556 -0.00177835 -0.00177695 -0.00182047 -0.00178527 -0.0017608 -0.00167335 -0.00181028 -0.00180967 -0.00179404 -0.00189738 -0.00186609 -0.00181814 -0.00170384 -0.00178279 -0.0017607 -0.00180588 -0.00168798 
-0.00194327 -0.00188437 -0.00198425 -0.00198854 -0.00194026 -0.00204513 -0.0021384 -0.00205797 -0.00209093 -0.00216977 -0.0022136 -0.00224361 -0.00221106 -0.00232383 -0.00215607 -0.00222583 -0.00206822 -0.00186776 -0.00176554 0.0026473 0.00272593 0.00287755 0.00300399 0.00306161 0.146178 0.00320512 0.0027489 0.00250832 0.00240939 0.00237235 -0.00154312 -0.00175164 -0.00180126 -0.00184542 -0.00204607 -0.00196951 -0.00208838 -0.00203571 -0.00211249 -0.00215143 -0.00201678 -0.00197401 -0.00209988 -0.00212024 -0.00202933 -0.00203314 -0.0019057 -0.00193988 -0.00192333 -0.00199528 -0.00182645 -0.00196817 -0.00187092 -0.00186059 -0.0018973 -0.00193381 -0.00186823 -0.00195141 -0.00195744 -0.00203286 -0.00192179 -0.00192812 -0.0017789 -0.00181197 -0.00191065 -0.00196095 -0.00194772 -0.00185555 -0.00197775 -0.00195012 -0.00202531 -0.00190541 -0.00197344 -0.00187023 -0.00177273 -0.00181826 -0.00174505 -0.00190098 -0.00189639 -0.00192943 -0.00195775 -0.00189797 -0.00188831 -0.00197873 -0.00197097 -0.00191305 -0.0018064 -0.00181218 -0.0018026 -0.00182205 -0.00198967 -0.00191463 -0.00194335 -0.00187885 -0.00192466 -0.00185253 -0.00188603 -0.00194104 -0.00193921 -0.0018692 
-0.00191871 -0.00189043 -0.0020048 -0.00189865 -0.00183047 -0.00208026 -0.00211232 -0.00207084 -0.00215935 -0.00199342 -0.00213314 -0.00221118 -0.00203374 -0.0023415 -0.0023561 -0.00223781 -0.00213971 -0.00179322 -0.00188619 -0.00168959 0.0026474 0.00259398 0.00278553 0.0029482 0.00320512 0.144328 0.00290534 0.00275954 0.00265273 0.00247127 0.00236825 -0.00144479 -0.00164185 -0.00177652 -0.00183577 -0.00181816 -0.00197098 -0.00202155 -0.00191498 -0.00199763 -0.00190608 -0.00203549 -0.00199067 -0.002027 -0.00197255 -0.00200486 -0.00187925 -0.00188139 -0.00197533 -0.00190525 -0.00189925 -0.00200036 -0.00201647 -0.00199976 -0.00187109 -0.00194465 -0.00190334 -0.0019515 -0.00189152 -0.00198506 -0.00178694 -0.00185783 -0.00170742 -0.00175657 -0.00185362 -0.00190119 -0.00184227 -0.00188459 -0.00190314 -0.00201606 -0.00188696 -0.00181186 -0.00191411 -0.00194247 -0.00180038 -0.00182654 -0.00186379 -0.00186411 -0.00191674 -0.00187492 -0.00195122 -0.00187249 -0.00188293 -0.00192819 -0.00190092 -0.00192062 -0.00197143 -0.00186972 -0.00175503 -0.00198346 -0.00184569 -0.0019699 -0.001923 -0.00196671 -0.00183558 -0.00191923 -0.00193595 -0.00188445 -0.00202545 -0.00186776 
-0.00185659 -0.0018162 -0.00186993 -0.00176898 -0.00178951 -0.00189439 -0.00196807 -0.00195849 -0.00200138 -0.00190533 -0.00196876 -0.00207547 -0.00200565 -0.00225763 -0.002148 -0.00211226 -0.00224844 -0.00200914 -0.00206529 -0.00182472 -0.00159311 -0.00153466 0.00241833 0.0025145 0.0027489 0.00290534 0.138979 0.00274687 0.00272874 0.00256404 0.00258232 0.00228818 -0.00140711 -0.00141902 -0.00168902 -0.00160468 -0.00175352 -0.00185523 -0.00186804 -0.00196399 -0.00172689 -0.00175596 -0.00189706 -0.00192417 -0.00188407 -0.00179143 -0.00175181 -0.00179779 -0.00180196 -0.00170935 -0.00176556 -0.00179215 -0.00174152 -0.00186584 -0.00169319 -0.0019155 -0.00180471 -0.00180729 -0.00173156 -0.0017283 -0.00167118 -0.00178705 -0.00170637 -0.00166592 -0.00175844 -0.00190553 -0.00163998 -0.00173024 -0.00178862 -0.00176285 -0.00182724 -0.00185616 -0.00176344 -0.00182521 -0.00174153 -0.00171411 -0.00166009 -0.00178361 -0.00180144 -0.00179495 -0.00173214 -0.00176676 -0.00183061 -0.00180456 -0.00172519 -0.00173248 -0.00175888 -0.00166911 -0.00165667 -0.00183015 -0.00179772 -0.00175041 -0.00177823 -0.0018545 -0.00177407 -0.00173554 -0.00176288 -0.00174319 -0.00176768 -0.00170233 
-0.00175393 -0.001846 -0.00172592 -0.00172618 -0.00171185 -0.00191288 -0.00192764 -0.00198973 -0.00208147 -0.00186213 -0.00213859 -0.00213067 -0.00184436 -0.00212367 -0.00208245 -0.00200577 -0.00227854 -0.00202307 -0.00206161 -0.00194308 -0.00168975 -0.00177518 -0.00160223 0.00239878 0.00250832 0.00275954 0.00274687 0.137149 0.00272501 0.00268478 0.00253998 0.00241594 0.00233772 -0.0013905 -0.00151495 -0.00143168 -0.0016535 -0.00172407 -0.00188387 -0.00192982 -0.00167509 -0.00183983 -0.00184181 -0.00185236 -0.0019199 -0.00187315 -0.00179142 -0.00169109 -0.00174318 -0.00169775 -0.00170468 -0.00173986 -0.00174261 -0.0017618 -0.00171926 -0.00177842 -0.00172695 -0.0017352 -0.00168929 -0.00175775 -0.00177832 -0.00173403 -0.00156179 -0.00161711 -0.00168818 -0.00178509 -0.00171882 -0.0017689 -0.00177241 -0.00184384 -0.00170825 -0.00174105 -0.00161704 -0.00166523 -0.00165381 -0.00157156 -0.00162435 -0.00176755 -0.00170247 -0.00168168 -0.00176564 -0.00177743 -0.00168902 -0.00184034 -0.00176236 -0.00172515 -0.00174554 -0.00171634 -0.00172822 -0.00175524 -0.00170993 -0.00181438 -0.00181728 -0.00179526 -0.00175687 -0.00178153 -0.00182207 -0.00174452 -0.00170209 -0.0017691 
-0.00183582 -0.00175247 -0.00168185 -0.00177823 -0.0017416 -0.00193977 -0.00189395 -0.00193447 -0.00199436 -0.00182529 -0.0019708 -0.00204368 -0.00193676 -0.00217115 -0.00209849 -0.00207531 -0.00207153 -0.00206629 -0.00209717 -0.00199785 -0.00177889 -0.00189976 -0.00172112 -0.00151009 0.00240939 0.00265273 0.00272874 0.00272501 0.135394 0.00275512 0.00259988 0.00241124 0.00232457 0.0022146 -0.00145402 -0.00137259 -0.00165353 -0.00159611 -0.00178853 -0.00192168 -0.00171002 -0.00175958 -0.00180457 -0.00178265 -0.00182287 -0.00178186 -0.00175934 -0.00165376 -0.00175474 -0.00172816 -0.00164103 -0.00173971 -0.00181012 -0.00167293 -0.00164443 -0.00171633 -0.00170173 -0.00174192 -0.00172687 -0.00171071 -0.00166725 -0.0017018 -0.00166746 -0.00156579 -0.00173944 -0.00164123 -0.00163227 -0.00164628 -0.00175172 -0.00169457 -0.00166272 -0.00171088 -0.00175637 -0.00170575 -0.00156878 -0.00172178 -0.0015712 -0.00166247 -0.00176358 -0.00170819 -0.00174656 -0.00170363 -0.00165529 -0.00171741 -0.00175934 -0.00176256 -0.00170745 -0.00162576 -0.00168129 -0.00176476 -0.00181472 -0.00172719 -0.0016993 -0.00171086 -0.0018459 -0.00166794 -0.00174996 -0.00172748 -0.00170786 -0.00163432 
-0.00168674 -0.0016227 -0.00171844 -0.00179067 -0.00171435 -0.00185468 -0.00181319 -0.00185997 -0.00195582 -0.00186462 -0.00198549 -0.00205623 -0.00194904 -0.00208778 -0.00208562 -0.00204162 -0.00219934 -0.00206635 -0.00212917 -0.00207747 -0.00190267 -0.00187272 -0.00170416 -0.00148583 0.00237235 0.00247127 0.00256404 0.00268478 0.00275512 0.133907 0.00267627 0.00256032 0.00232839 0.0022534 -0.00135048 -0.00137426 -0.00161167 -0.00148264 -0.0016607 -0.00181504 -0.00169593 -0.00172727 -0.00177486 -0.00184249 -0.0017549 -0.00174119 -0.00169374 -0.00174288 -0.00174473 -0.00163052 -0.00174541 -0.00171509 -0.0017382 -0.00173819 -0.00171417 -0.00168957 -0.00174434 -0.00171773 -0.00171418 -0.00174549 -0.00165738 -0.0017348 -0.00154055 -0.00159445 -0.00173484 -0.00174979 -0.00172699 -0.00160869 -0.00170654 -0.00167929 -0.00163223 -0.00183839 -0.00172911 -0.001667 -0.0015914 -0.00166834 -0.00158336 -0.001653 -0.00166734 -0.00161939 -0.00164571 -0.00175301 -0.00162246 -0.00165127 -0.00174467 -0.00168759 -0.00171251 -0.00153289 -0.00166828 -0.00173892 -0.00168018 -0.00181165 -0.00169376 -0.0017318 -0.00177501 -0.00160339 -0.00164191 -0.00175763 -0.00174099 -0.00156617 
-0.00190046 -0.00176872 -0.00178116 -0.00181084 -0.00176452 -0.00199338 -0.00192875 -0.00184677 -0.0020303 -0.00194247 -0.00204672 -0.00205185 -0.00203114 -0.00222047 -0.00203601 -0.00201545 -0.00225511 -0.00211986 -0.0020998 -0.00222748 -0.00202279 -0.00200203 -0.00183856 -0.00167275 -0.00154312 0.00236825 0.00258232 0.00253998 0.00259988 0.00267627 0.134442 0.00265379 0.00251595 0.00238959 0.00217259 0.00209925 -0.00133882 -0.00147993 -0.00156818 -0.00157714 -0.00166553 -0.00178734 -0.00183441 -0.00179832 -0.00187247 -0.00175977 -0.00186705 -0.0017563 -0.00177336 -0.0016286 -0.00175309 -0.00181959 -0.00168109 -0.00175 -0.00170194 -0.0017512 -0.00178673 -0.00172981 -0.00173907 -0.00178231 -0.0017761 -0.00170363 -0.00176695 -0.00159243 -0.00178881 -0.00173269 -0.00176899 -0.00168462 -0.0017963 -0.00174915 -0.00175502 -0.00167472 -0.00171419 -0.00168015 -0.00160303 -0.0017072 -0.00169372 -0.0016595 -0.00172775 -0.00161437 -0.00175889 -0.00176386 -0.00168277 -0.00171323 -0.00171324 -0.00168922 -0.00175845 -0.00166398 -0.00171255 -0.00180639 -0.00178364 -0.00179545 -0.00170351 -0.00167991 -0.00175029 -0.00176689 -0.00174785 -0.00175041 -0.00178551 -0.00167216 
-0.00181332 -0.00179904 -0.00167755 -0.00177926 -0.00178326 -0.00184414 -0.00184012 -0.00192285 -0.00187386 -0.00186296 -0.00198429 -0.00210362 -0.0019839 -0.00210342 -0.00200523 -0.00205411 -0.00214208 -0.00201927 -0.00216916 -0.00225554 -0.00218211 -0.00214574 -0.00205975 -0.00172984 -0.00175164 -0.00144479 0.00228818 0.00241594 0.00241124 0.00256032 0.00265379 0.132858 0.0026201 0.00256571 0.00224453 0.00227145 0.00217446 -0.00128394 -0.0013853 -0.00150619 -0.00165495 -0.00159346 -0.00182347 -0.00175371 -0.00187805 -0.00188277 -0.00169549 -0.00181 -0.0017617 -0.00168486 -0.00170334 -0.00168638 -0.00174763 -0.00168528 -0.00167086 -0.00165726 -0.00170681 -0.00162309 -0.00177052 -0.00176976 -0.00166456 -0.00174265 -0.00159531 -0.00160751 -0.00184233 -0.00178184 -0.00175228 -0.00170692 -0.00173141 -0.00174417 -0.00161913 -0.00170243 -0.00171685 -0.00174065 -0.00163938 -0.00166056 -0.00161284 -0.00162957 -0.0017726 -0.00174111 -0.00173621 -0.00170864 -0.0016647 -0.00175159 -0.00169561 -0.00175721 -0.00166367 -0.00164235 -0.00165685 -0.0017322 -0.00164788 -0.00176194 -0.00173298 -0.00175984 -0.00166003 -0.00170929 -0.00168725 -0.0016898 -0.00170379 -0.00163199 
-0.00173432 -0.00173056 -0.0016371 -0.00177406 -0.0016955 -0.0019051 -0.00188503 -0.00194177 -0.00191215 -0.00180007 -0.00190619 -0.00202029 -0.00189638 -0.00202428 -0.00212036 -0.00204893 -0.00223607 -0.00211181 -0.00216532 -0.00221685 -0.00215642 -0.00216341 -0.00201825 -0.00186547 -0.00180126 -0.00164185 -0.00140711 0.00233772 0.00232457 0.00232839 0.00251595 0.0026201 0.131828 0.00250115 0.00230237 0.00226744 0.00217662 0.0021046 -0.00129979 -0.00141346 -0.0015329 -0.00155123 -0.00167657 -0.00175228 -0.00167772 -0.00180869 -0.00167754 -0.00170804 -0.00162189 -0.00167901 -0.00168407 -0.00168834 -0.00179196 -0.00172904 -0.0017096 -0.00174195 -0.00169715 -0.00168202 -0.00168615 -0.00161101 -0.00168727 -0.00165311 -0.00154019 -0.00167269 -0.00164325 -0.00170421 -0.00165521 -0.00162978 -0.00167994 -0.00162654 -0.00175616 -0.0016747 -0.0016996 -0.00179196 -0.0016885 -0.00167824 -0.0016353 -0.00173041 -0.00168148 -0.00162741 -0.00172246 -0.00170372 -0.00163617 -0.00170585 -0.00166348 -0.0016494 -0.00160183 -0.00157825 -0.00157083 -0.00178817 -0.00168732 -0.00177198 -0.00168625 -0.00168705 -0.001701 -0.00167257 -0.00172188 -0.00174303 -0.00170833 -0.00161476 
