0.123042 0.00220319 0.0021797 0.00208312 0.00199853 0.00211085 -0.00118056 -0.00129784 -0.0013597 -0.00136407 -0.00161317 -0.00173221 -0.00174724 -0.00186193 -0.00181392 -0.00183514 -0.00193247 -0.00183658 -0.00201223 -0.00196632 -0.00187022 -0.00188468 -0.00192003 -0.00176105 -0.00192598 -0.00190259 -0.00179861 -0.00172848 -0.0016977 -0.00168374 -0.00173305 -0.00173078 -0.00166947 -0.00170516 -0.00160945 -0.00163262 -0.00162122 -0.00160695 -0.00165966 -0.00170759 -0.00154174 -0.00163873 -0.00157681 -0.00163331 -0.00159503 -0.00158665 -0.00157417 -0.00154094 -0.00149049 -0.00151019 -0.00152867 -0.00142577 -0.00147622 -0.00140043 -0.0014754 -0.0015265 -0.00140671 -0.00150948 -0.00146841 -0.00149776 -0.00150996 -0.00153801 -0.00140788 -0.00138786 -0.00141159 -0.00146761 -0.00147093 -0.00149986 -0.00153962 -0.001511 -0.00151983 -0.0015715 -0.00154781 -0.00148862 -0.00141079 -0.00145192 -0.00148462 -0.00156679 -0.00154635 -0.00143716 -0.00152403 -0.00151186 -0.00151432 -0.00152447 -0.00153545 -0.00153901 -0.00152784 -0.00145411 -0.00143456 -0.00140617 -0.00149826 -0.00145732 -0.0013614 -0.00128053 -0.00122946 -0.00114434 0.00186923 0.00195439 0.00203022 0.00204709 
0.00220319 0.123591 0.00217355 0.00220358 0.00212591 0.00214685 0.00196518 -0.00117584 -0.001247 -0.00125217 -0.00147974 -0.00168567 -0.00168564 -0.00191939 -0.00187648 -0.00181524 -0.00190479 -0.00187797 -0.00186451 -0.00205755 -0.00191394 -0.00185477 -0.00191578 -0.00181622 -0.00198928 -0.00202509 -0.00186106 -0.00179367 -0.00178544 -0.00170131 -0.00176866 -0.00167014 -0.00174068 -0.00171477 -0.00166099 -0.00156786 -0.00165522 -0.00173314 -0.0016148 -0.00161731 -0.00150641 -0.00159176 -0.00165876 -0.0015535 -0.00156134 -0.00152363 -0.00144856 -0.00146832 -0.00150502 -0.00147459 -0.00158644 -0.00149316 -0.00152533 -0.00160628 -0.00157667 -0.00148325 -0.00149268 -0.0015167 -0.00153548 -0.00153197 -0.00149268 -0.00157074 -0.0014855 -0.00144719 -0.00144661 -0.00153695 -0.00156041 -0.00156936 -0.00151884 -0.0015464 -0.00155301 -0.00152055 -0.00144826 -0.00147951 -0.00141472 -0.00147867 -0.00149514 -0.00148819 -0.00153287 -0.00157005 -0.00150947 -0.00158642 -0.00148795 -0.00144322 -0.00153769 -0.00156255 -0.00152833 -0.00138578 -0.00143905 -0.00139826 -0.00146464 -0.00152575 -0.00139373 -0.00132905 -0.00133594 -0.00122754 -0.00117242 0.00184375 0.00199741 0.00211461 
0.0021797 0.00217355 0.124032 0.0023756 0.00217893 0.00224273 0.002258 0.00213591 -0.00128992 -0.00135349 -0.00143071 -0.00163843 -0.00165737 -0.0018214 -0.0017574 -0.00180073 -0.0020049 -0.00194967 -0.00199155 -0.00209928 -0.00186474 -0.00191369 -0.00194386 -0.00181878 -0.00193332 -0.00190723 -0.0018389 -0.00177402 -0.00169869 -0.00174701 -0.00173483 -0.00174215 -0.0016876 -0.00171877 -0.00162955 -0.00164009 -0.00169678 -0.00157879 -0.00169707 -0.00158419 -0.00168393 -0.00156658 -0.00159297 -0.00156127 -0.00162399 -0.0016043 -0.00150287 -0.00155735 -0.00153795 -0.00157193 -0.00146152 -0.00143829 -0.00151633 -0.00148453 -0.0015437 -0.00143226 -0.00163726 -0.0015494 -0.00157231 -0.00152058 -0.00147116 -0.00149342 -0.00150833 -0.00147265 -0.00147797 -0.00150067 -0.00156768 -0.00153167 -0.00157174 -0.00151902 -0.00151839 -0.00159007 -0.00150162 -0.00148955 -0.00147203 -0.00151029 -0.00144794 -0.00156334 -0.00159366 -0.00156979 -0.00151431 -0.00153072 -0.00150366 -0.00152096 -0.00163101 -0.00155803 -0.0014829 -0.0015069 -0.00136859 -0.00156524 -0.00148691 -0.00155542 -0.00151414 -0.00142905 -0.0014457 -0.00142839 -0.00116082 -0.00113333 0.00203736 0.00199709 
0.00208312 0.00220358 0.0023756 0.124495 0.00232572 0.00234685 0.00230084 0.00212036 0.00206446 -0.0011637 -0.00135249 -0.00143698 -0.00161749 -0.00173979 -0.0018585 -0.00177902 -0.00203262 -0.00198755 -0.00196858 -0.00206282 -0.00193413 -0.00202267 -0.00197666 -0.00174055 -0.00198804 -0.00194954 -0.00181313 -0.00169865 -0.00170261 -0.00172257 -0.00173306 -0.00184902 -0.00171618 -0.0017742 -0.00162782 -0.00152103 -0.0016815 -0.001656 -0.00158183 -0.00163709 -0.00150197 -0.00157443 -0.00167163 -0.00160708 -0.00158149 -0.00162572 -0.0015112 -0.00148058 -0.00153095 -0.00157344 -0.00156118 -0.0015069 -0.00153779 -0.00153076 -0.00151902 -0.00156478 -0.0014817 -0.00151137 -0.00150314 -0.00158113 -0.00154762 -0.00153109 -0.00141658 -0.00139796 -0.00156807 -0.00151866 -0.00150765 -0.00158702 -0.00163418 -0.00151858 -0.0015909 -0.0015192 -0.00153031 -0.00154042 -0.00150019 -0.00150268 -0.00154169 -0.00146146 -0.00158879 -0.00151662 -0.00158904 -0.00151779 -0.00150346 -0.00160666 -0.00157006 -0.00152636 -0.00148217 -0.0014911 -0.00150383 -0.00153798 -0.00154003 -0.00158401 -0.00154976 -0.00154028 -0.00154042 -0.00145516 -0.00139928 -0.00128439 -0.00116306 0.00187084 
0.00199853 0.00212591 0.00217893 0.00232572 0.125123 0.00248073 0.00235405 0.00229032 0.00216616 0.00211868 -0.00129161 -0.00150773 -0.00159635 -0.00162661 -0.00183535 -0.00180932 -0.00194647 -0.00197028 -0.00195457 -0.00206727 -0.00188447 -0.00184673 -0.00190882 -0.00180418 -0.00205185 -0.00195074 -0.00185261 -0.00179378 -0.00177251 -0.00176286 -0.00183722 -0.0017914 -0.0017514 -0.00179734 -0.00152719 -0.00161037 -0.00169195 -0.00171274 -0.00168185 -0.0016389 -0.00167219 -0.00160286 -0.00165877 -0.00157139 -0.00163785 -0.00163453 -0.00162664 -0.00160282 -0.00155945 -0.00160439 -0.00161198 -0.0016372 -0.00156381 -0.00159057 -0.00160997 -0.0015466 -0.00155005 -0.00158782 -0.0015691 -0.00154865 -0.00152547 -0.00156504 -0.00138484 -0.00145911 -0.00156034 -0.00151653 -0.00149413 -0.0016161 -0.00150368 -0.00156875 -0.00153818 -0.00156971 -0.00148369 -0.00157961 -0.0014851 -0.00152015 -0.00146938 -0.00160278 -0.00149758 -0.00152979 -0.00155881 -0.00151974 -0.0014968 -0.00150244 -0.00148891 -0.00153974 -0.00139214 -0.00147595 -0.00149133 -0.00148233 -0.001611 -0.00155644 -0.00148181 -0.00146318 -0.00153909 -0.00153253 -0.00148881 -0.00135058 -0.00133397 -0.00112534 
0.00211085 0.00214685 0.00224273 0.00234685 0.00248073 0.128418 0.00233848 0.00237467 0.00226514 0.0022976 0.00209605 -0.00142676 -0.0014252 -0.00165924 -0.00178473 -0.0017714 -0.0020251 -0.00207794 -0.00208237 -0.00221733 -0.00205326 -0.00202478 -0.00207793 -0.00193947 -0.00217167 -0.00204726 -0.00185374 -0.00192232 -0.00184517 -0.00190514 -0.00188676 -0.00178135 -0.00183318 -0.00172674 -0.00174337 -0.00174936 -0.00184343 -0.00174238 -0.00168588 -0.00178458 -0.00175668 -0.0017212 -0.00178467 -0.00170283 -0.00169756 -0.00170914 -0.00165361 -0.00165924 -0.0016804 -0.00164766 -0.00163189 -0.0017128 -0.00157461 -0.00163479 -0.00166821 -0.00172891 -0.0015376 -0.00169238 -0.00171242 -0.00163382 -0.00161055 -0.00159405 -0.00155991 -0.00158342 -0.00160005 -0.00166337 -0.00171694 -0.00165393 -0.00163239 -0.00162011 -0.00170321 -0.00168824 -0.00156124 -0.00161557 -0.00154794 -0.00166719 -0.00152784 -0.00166251 -0.00168744 -0.00158209 -0.00157929 -0.00159584 -0.00162292 -0.00164207 -0.00164387 -0.00166556 -0.00156773 -0.00153556 -0.00154925 -0.00158791 -0.00161386 -0.00163721 -0.00157701 -0.00167125 -0.00155463 -0.00161356 -0.00145731 -0.00138877 -0.00131582 -0.00119233 
-0.00118056 0.00196518 0.002258 0.00230084 0.00235405 0.00233848 0.129271 0.00263903 0.00240094 0.00238435 0.00224734 0.0021597 -0.00131505 -0.00148136 -0.00183651 -0.00172519 -0.0019393 -0.00208889 -0.00207106 -0.00219603 -0.00209729 -0.00214416 -0.00199469 -0.00193942 -0.00207912 -0.00210696 -0.00192448 -0.00191371 -0.00181662 -0.00182341 -0.00187348 -0.00197721 -0.00188904 -0.00178645 -0.001827 -0.00167768 -0.00178924 -0.00175519 -0.00175289 -0.00182803 -0.00166093 -0.00165987 -0.00178132 -0.00186496 -0.00171038 -0.00175763 -0.00171092 -0.00165438 -0.00167601 -0.00168534 -0.00168673 -0.0016826 -0.00166387 -0.00165023 -0.00162451 -0.00167223 -0.00160973 -0.00164904 -0.00164367 -0.00154207 -0.00163855 -0.00163325 -0.00159211 -0.00154558 -0.00165959 -0.0016723 -0.00169977 -0.00167705 -0.00164894 -0.00168628 -0.00173304 -0.00169194 -0.00162016 -0.0017148 -0.00157611 -0.0015751 -0.00152025 -0.00158662 -0.0016535 -0.00163183 -0.00160205 -0.00171767 -0.00160515 -0.00163844 -0.00157746 -0.0016895 -0.00162636 -0.00158454 -0.00154369 -0.00175785 -0.00168453 -0.00172143 -0.00163705 -0.00169055 -0.00160936 -0.00160737 -0.00161804 -0.00153673 -0.00147544 -0.00122247 
-0.00129784 -0.00117584 0.00213591 0.00212036 0.00229032 0.00237467 0.00263903 0.130315 0.00253778 0.00243971 0.00241173 0.00245698 0.00218784 -0.0014295 -0.00165915 -0.00166782 -0.00191677 -0.00200328 -0.00201354 -0.00208464 -0.00206422 -0.00215134 -0.00211982 -0.00197234 -0.00218629 -0.00212406 -0.00194138 -0.00196445 -0.0019055 -0.00181314 -0.00190567 -0.00191136 -0.00184014 -0.00183196 -0.00191228 -0.00180201 -0.0018065 -0.00179493 -0.00183551 -0.00183001 -0.00166918 -0.00164602 -0.00178329 -0.00174456 -0.00182555 -0.00180893 -0.00176041 -0.00167252 -0.00166976 -0.00174702 -0.00169738 -0.00164269 -0.00168661 -0.0016468 -0.00164631 -0.00171238 -0.0017025 -0.00167848 -0.00175049 -0.00166705 -0.00161323 -0.0016368 -0.00163268 -0.00158544 -0.00159523 -0.00162386 -0.00160984 -0.001678 -0.00166055 -0.00171397 -0.00172505 -0.0016507 -0.00159944 -0.00168941 -0.00160191 -0.00163285 -0.00155456 -0.00163204 -0.00172412 -0.00172821 -0.00169996 -0.00160968 -0.00156665 -0.00164694 -0.00164106 -0.00165869 -0.00170474 -0.00160295 -0.00157763 -0.00175224 -0.00162594 -0.00165658 -0.00174835 -0.00169661 -0.00173891 -0.00159933 -0.00175533 -0.00161885 -0.00156008 -0.00144187 
-0.0013597 -0.001247 -0.00128992 0.00206446 0.00216616 0.00226514 0.00240094 0.00253778 0.131425 0.00257526 0.00256172 0.00241066 0.00234225 0.00217629 -0.00146119 -0.00157158 -0.00181217 -0.00189994 -0.00198816 -0.00218568 -0.00214597 -0.00213351 -0.00212951 -0.00204128 -0.00213219 -0.00210492 -0.00197654 -0.00199784 -0.00197071 -0.00199828 -0.00188695 -0.00203965 -0.00201073 -0.00185173 -0.0017686 -0.00187861 -0.0018699 -0.00178259 -0.0018475 -0.00188086 -0.0016735 -0.00174974 -0.00173873 -0.00180045 -0.00169459 -0.00181485 -0.00176954 -0.00163196 -0.00167343 -0.00169777 -0.00167967 -0.00169384 -0.00169168 -0.001626 -0.00166246 -0.00172977 -0.00167646 -0.00166629 -0.00163323 -0.00162638 -0.00168534 -0.00170807 -0.00151447 -0.00163235 -0.00171411 -0.00169518 -0.00168573 -0.00159232 -0.00164658 -0.00165766 -0.00161682 -0.00171533 -0.00162066 -0.00166599 -0.00157149 -0.00156584 -0.00160668 -0.00166584 -0.0016843 -0.00167968 -0.00171894 -0.00172231 -0.00160745 -0.00163331 -0.0016674 -0.0016904 -0.00163385 -0.00158853 -0.00174889 -0.00174844 -0.00167521 -0.00177432 -0.00176619 -0.00172462 -0.00171685 -0.00171334 -0.00172128 -0.00168588 -0.00170168 -0.00156841 
-0.00136407 -0.00125217 -0.00135349 -0.0011637 0.00211868 0.0022976 0.00238435 0.00243971 0.00257526 0.12994 0.00253746 0.00242003 0.00231021 0.00233121 -0.00144707 -0.00152132 -0.00174319 -0.00196411 -0.00204927 -0.00224367 -0.00209495 -0.0021301 -0.00198564 -0.00189488 -0.00203831 -0.0020867 -0.00182928 -0.00180845 -0.00189977 -0.00181125 -0.00180165 -0.00187135 -0.00186532 -0.00189742 -0.00165321 -0.00170426 -0.00176254 -0.00176616 -0.00177698 -0.00177074 -0.00172489 -0.00169557 -0.00172481 -0.00175983 -0.00172558 -0.00178773 -0.00166731 -0.00157042 -0.0015638 -0.00173188 -0.00167271 -0.00167343 -0.00166775 -0.00159904 -0.00166404 -0.00165694 -0.0016231 -0.00168854 -0.00170838 -0.00162088 -0.00174303 -0.00166692 -0.00149669 -0.00148039 -0.00155539 -0.00168628 -0.00165985 -0.0015824 -0.00160294 -0.00163937 -0.00160316 -0.00160723 -0.00167356 -0.00164674 -0.00150535 -0.00153072 -0.0015201 -0.00169211 -0.00162106 -0.00160665 -0.00169218 -0.00162285 -0.00158164 -0.00162796 -0.0015881 -0.00166343 -0.00163257 -0.00157917 -0.00153291 -0.0015646 -0.00160996 -0.00168472 -0.00164728 -0.00162693 -0.00168199 -0.00165247 -0.00153724 -0.00155609 -0.00156431 -0.00151076 
-0.00161317 -0.00147974 -0.00143071 -0.00135249 -0.00129161 0.00209605 0.00224734 0.00241173 0.00256172 0.00253746 0.134681 0.00271808 0.00265273 0.00259276 0.00241351 0.00234387 -0.0014934 -0.00184448 -0.00165668 -0.00199106 -0.00216938 -0.00217716 -0.00212315 -0.00212648 -0.00228229 -0.00218261 -0.00196196 -0.00206544 -0.0019974 -0.00198234 -0.00207324 -0.00199326 -0.00201633 -0.00191508 -0.00183354 -0.00180935 -0.00185502 -0.00191099 -0.00185712 -0.00182848 -0.00182804 -0.00180888 -0.00184091 -0.00194831 -0.00183633 -0.00180157 -0.00180652 -0.00186468 -0.00173525 -0.00170739 -0.00177306 -0.00175146 -0.00182431 -0.00173368 -0.00180562 -0.00177976 -0.00183404 -0.0017788 -0.00172856 -0.00169895 -0.00172979 -0.00162139 -0.00162654 -0.00170217 -0.00168676 -0.00173281 -0.00174805 -0.00175637 -0.0017299 -0.00173051 -0.00171814 -0.00171093 -0.00170216 -0.00168284 -0.00156512 -0.00170128 -0.00160523 -0.00177674 -0.00166108 -0.00168851 -0.00172152 -0.00177133 -0.00168038 -0.00172985 -0.0017759 -0.00164235 -0.00176603 -0.00162358 -0.00174813 -0.00177887 -0.00185663 -0.00180211 -0.00176218 -0.00180857 -0.00176994 -0.0018574 -0.0017969 -0.00175179 -0.00183728 -0.00169942 
-0.00173221 -0.00168567 -0.00163843 -0.00143698 -0.00150773 -0.00142676 0.0021597 0.00245698 0.00241066 0.00242003 0.00271808 0.136723 0.00277178 0.00274273 0.0026155 0.00260242 0.00239948 -0.00169398 -0.0017019 -0.00194134 -0.00201103 -0.00203416 -0.00220762 -0.00208073 -0.0022676 -0.00225 -0.00210226 -0.00210419 -0.00203737 -0.00207564 -0.00205442 -0.00203512 -0.00205168 -0.00193161 -0.0018838 -0.0018478 -0.0020239 -0.00196107 -0.00189721 -0.00188719 -0.00179481 -0.00170578 -0.00189061 -0.00185412 -0.00185441 -0.00190441 -0.00176347 -0.00176508 -0.00175593 -0.00165933 -0.00175973 -0.00176302 -0.00178286 -0.0018092 -0.00183128 -0.00184967 -0.00187945 -0.00174939 -0.00186515 -0.00171314 -0.00181995 -0.00176675 -0.00164956 -0.00158947 -0.00172517 -0.00181396 -0.00182469 -0.00174944 -0.00181538 -0.00177653 -0.00182298 -0.00181389 -0.00175866 -0.00179297 -0.00171518 -0.00180052 -0.00164383 -0.00183138 -0.00180686 -0.00176833 -0.00173817 -0.00178707 -0.00175293 -0.00179069 -0.00190529 -0.0017477 -0.00174845 -0.0017492 -0.00165279 -0.00167577 -0.00177143 -0.00183072 -0.00178021 -0.00178468 -0.00175173 -0.00178157 -0.00177634 -0.00179289 -0.00174336 -0.00171387 
-0.00174724 -0.00168564 -0.00165737 -0.00161749 -0.00159635 -0.0014252 -0.00131505 0.00218784 0.00234225 0.00231021 0.00265273 0.00277178 0.135355 0.0027717 0.00260435 0.00254637 0.00252565 -0.00158777 -0.00150363 -0.00170942 -0.0020219 -0.00207465 -0.00209028 -0.00208044 -0.00221922 -0.00214022 -0.00197241 -0.00199388 -0.00200006 -0.00195877 -0.00195372 -0.00196141 -0.00194679 -0.00188649 -0.00185007 -0.00182138 -0.00188897 -0.0018136 -0.00185165 -0.00176055 -0.00169717 -0.00174651 -0.00183178 -0.00187209 -0.00176616 -0.00178778 -0.00177165 -0.00168605 -0.00172932 -0.00171861 -0.00173288 -0.00165963 -0.00178705 -0.00168542 -0.00178187 -0.00176843 -0.00172859 -0.00180839 -0.0017145 -0.00180444 -0.00165709 -0.00164914 -0.00158815 -0.00155251 -0.00169763 -0.00169455 -0.00167523 -0.00164084 -0.00169318 -0.00176746 -0.00169767 -0.00166186 -0.00169144 -0.00162577 -0.00172423 -0.00154138 -0.00164867 -0.00171437 -0.00162593 -0.00167145 -0.00172556 -0.00163476 -0.00169397 -0.00180556 -0.00164961 -0.00162706 -0.00170307 -0.00167868 -0.00170897 -0.00176703 -0.00176355 -0.00178369 -0.00174234 -0.0017533 -0.00182812 -0.00177548 -0.00175271 -0.0017613 -0.00176868 -0.00171609 
-0.00186193 -0.00191939 -0.0018214 -0.00173979 -0.00162661 -0.00165924 -0.00148136 -0.0014295 0.00217629 0.00233121 0.00259276 0.00274273 0.0027717 0.140213 0.00291393 0.00280989 0.00275401 0.00240937 0.00239463 -0.00174709 -0.00195263 -0.00194843 -0.00202061 -0.00218394 -0.00234353 -0.00230414 -0.00206495 -0.00217442 -0.00209742 -0.00205925 -0.0021503 -0.00202729 -0.00207413 -0.00196475 -0.00196426 -0.00204724 -0.00210976 -0.00199749 -0.00196078 -0.0019456 -0.00177806 -0.00183056 -0.00193724 -0.00199427 -0.00190079 -0.00189182 -0.0018003 -0.00187011 -0.00190766 -0.00176861 -0.00190627 -0.00187472 -0.00182446 -0.00179739 -0.00184207 -0.0018383 -0.00189997 -0.00184058 -0.00178519 -0.00180885 -0.00186441 -0.001757 -0.00173466 -0.00179536 -0.00182558 -0.00178877 -0.00186744 -0.00178927 -0.00191491 -0.00189756 -0.00182794 -0.00174485 -0.00187496 -0.00179904 -0.00178727 -0.00169919 -0.00173447 -0.00184376 -0.00181663 -0.00186326 -0.00182842 -0.00183209 -0.0017268 -0.00180542 -0.00175728 -0.0018307 -0.00184703 -0.00174074 -0.0017252 -0.00176726 -0.00177218 -0.00190246 -0.00176713 -0.00174894 -0.00180303 -0.00185183 -0.00185888 -0.0018218 -0.00190025 -0.00182087 
-0.00181392 -0.00187648 -0.0017574 -0.0018585 -0.00183535 -0.00178473 -0.00183651 -0.00165915 -0.00146119 -0.00144707 0.00241351 0.0026155 0.00260435 0.00291393 0.139686 0.00307623 0.00292029 0.00268361 0.00261051 0.00258478 -0.00159835 -0.00159843 -0.00177896 -0.00202981 -0.00220563 -0.00211888 -0.00212541 -0.00199987 -0.00197116 -0.00213668 -0.00211343 -0.00210644 -0.00212654 -0.00201639 -0.00185465 -0.0019806 -0.00197543 -0.00190262 -0.00190895 -0.00196894 -0.00176618 -0.00177309 -0.00184408 -0.00185392 -0.00186161 -0.00189873 -0.00178113 -0.00179743 -0.0018416 -0.00178085 -0.00183674 -0.0018375 -0.00177513 -0.00176841 -0.00179318 -0.00182753 -0.00184165 -0.00183901 -0.00178516 -0.00186896 -0.0018365 -0.00177513 -0.00179667 -0.00165696 -0.00180616 -0.00185957 -0.00179983 -0.00180834 -0.00181648 -0.00179667 -0.00181362 -0.00174164 -0.00174189 -0.00174664 -0.00165986 -0.00170164 -0.00175541 -0.00173846 -0.00175488 -0.0018052 -0.00183156 -0.00184076 -0.00174675 -0.00173731 -0.00176288 -0.0017246 -0.00179821 -0.0016386 -0.00170892 -0.00181665 -0.00170803 -0.00181356 -0.00186566 -0.00178194 -0.00169006 -0.00178105 -0.00185515 -0.00183911 -0.00184055 -0.00169691 
-0.00183514 -0.00181524 -0.00180073 -0.00177902 -0.00180932 -0.0017714 -0.00172519 -0.00166782 -0.00157158 -0.00152132 0.00234387 0.00260242 0.00254637 0.00280989 0.00307623 0.141188 0.00286905 0.00269549 0.00267871 0.00260343 -0.001734 -0.00173278 -0.00191906 -0.00207424 -0.00214497 -0.00229541 -0.00217139 -0.00213785 -0.00202265 -0.00198398 -0.00208209 -0.00203836 -0.00214462 -0.00195776 -0.00184734 -0.00192029 -0.00194456 -0.00204486 -0.00186543 -0.00199817 -0.00186872 -0.00177981 -0.00196245 -0.00193287 -0.00182475 -0.00185277 -0.00176362 -0.0018346 -0.00171323 -0.00174579 -0.00178062 -0.00175789 -0.00172592 -0.00174894 -0.00181748 -0.00176953 -0.00175735 -0.00178169 -0.00193834 -0.00185101 -0.00181838 -0.00186685 -0.00174439 -0.00169807 -0.00181064 -0.00180946 -0.00174939 -0.00179683 -0.00183321 -0.00180167 -0.00176323 -0.00175843 -0.00174484 -0.00181608 -0.00170355 -0.00175915 -0.00172422 -0.00179252 -0.00175389 -0.00185087 -0.00180815 -0.00175792 -0.00169881 -0.00178825 -0.00193931 -0.00180413 -0.00182228 -0.00169001 -0.00177679 -0.00187407 -0.00182796 -0.00179857 -0.00191833 -0.00194509 -0.00179592 -0.00179177 -0.00182054 -0.00181626 -0.00181734 -0.0017626 
-0.00193247 -0.00190479 -0.0020049 -0.00203262 -0.00194647 -0.0020251 -0.0019393 -0.00191677 -0.00181217 -0.00174319 -0.0014934 0.00239948 0.00252565 0.00275401 0.00292029 0.00286905 0.14606 0.00306748 0.00298405 0.00279587 0.00259805 0.00269487 -0.00158496 -0.00184443 -0.00206411 -0.00210417 -0.00228334 -0.00228355 -0.00231885 -0.00212817 -0.00228066 -0.00223287 -0.00210531 -0.00208148 -0.00199215 -0.0019886 -0.00214405 -0.00211193 -0.00205496 -0.00201246 -0.00200554 -0.00204313 -0.00209087 -0.00206767 -0.00198203 -0.00205416 -0.00193356 -0.00188494 -0.00192782 -0.00186447 -0.0018603 -0.00188151 -0.0018707 -0.00188769 -0.00193522 -0.00194454 -0.00188291 -0.00185501 -0.00194611 -0.00183633 -0.00191737 -0.00195702 -0.00180973 -0.00185 -0.00191847 -0.00196987 -0.00195109 -0.00204328 -0.00188253 -0.00195475 -0.00187597 -0.00199196 -0.00185466 -0.00196153 -0.00182264 -0.00182216 -0.00189289 -0.00191882 -0.00196191 -0.00194327 -0.00194338 -0.0019593 -0.00185797 -0.00189857 -0.00189567 -0.00202644 -0.00187911 -0.00193478 -0.00182046 -0.00192347 -0.00193423 -0.00192352 -0.0018833 -0.00189672 -0.00198873 -0.0018829 -0.00186566 -0.00199873 -0.00190643 -0.00182732 
-0.00183658 -0.00187797 -0.00194967 -0.00198755 -0.00197028 -0.00207794 -0.00208889 -0.00200328 -0.00189994 -0.00196411 -0.00184448 -0.00169398 -0.00158777 0.00240937 0.00268361 0.00269549 0.00306748 0.144805 0.00328823 0.00311272 0.0028176 0.00287551 0.00271169 -0.0016179 -0.00176068 -0.00192463 -0.00210687 -0.0022544 -0.0020911 -0.0020443 -0.0020999 -0.00200173 -0.0021049 -0.00213438 -0.00196412 -0.00191998 -0.00206162 -0.00201817 -0.00195543 -0.00191293 -0.00193022 -0.00180928 -0.00206191 -0.00198255 -0.00197682 -0.00198676 -0.00187168 -0.00187685 -0.00189619 -0.00181 -0.0018594 -0.00191547 -0.00186713 -0.00179577 -0.00184282 -0.00179926 -0.00180198 -0.00184643 -0.00189761 -0.00189938 -0.0018871 -0.00181119 -0.00185764 -0.00175255 -0.00199178 -0.00191283 -0.00178977 -0.00192245 -0.00186586 -0.00183869 -0.00187823 -0.00175772 -0.00184097 -0.0018939 -0.00171056 -0.00180223 -0.00172228 -0.0018835 -0.00187115 -0.00183127 -0.00196121 -0.00190793 -0.00186541 -0.0018579 -0.00190473 -0.00188192 -0.001901 -0.00181864 -0.00179466 -0.00190573 -0.00184546 -0.00170558 -0.00187053 -0.00182001 -0.00190378 -0.00192579 -0.001848 -0.00189929 -0.00187432 -0.00166998 
-0.00201223 -0.00186451 -0.00199155 -0.00196858 -0.00195457 -0.00208237 -0.00207106 -0.00201354 -0.00198816 -0.00204927 -0.00165668 -0.0017019 -0.00150363 0.00239463 0.00261051 0.00267871 0.00298405 0.00328823 0.145544 0.00318266 0.00282808 0.00280066 0.00274784 -0.00162805 -0.00182581 -0.00189712 -0.00212756 -0.00218688 -0.00209162 -0.00206972 -0.00223956 -0.00212717 -0.00216077 -0.00208679 -0.00195173 -0.00197469 -0.00207916 -0.00208198 -0.00199898 -0.00190997 -0.0020483 -0.00196165 -0.00201681 -0.00196118 -0.00207118 -0.00199363 -0.00188641 -0.00186455 -0.00188991 -0.00176312 -0.00186754 -0.00185987 -0.00180569 -0.00185112 -0.00186869 -0.00186289 -0.00181099 -0.00178071 -0.00184633 -0.00178617 -0.00184274 -0.00175103 -0.00173143 -0.00180971 -0.00192889 -0.00182049 -0.00188525 -0.00192357 -0.00186044 -0.00186253 -0.00192638 -0.00187605 -0.00184449 -0.00179581 -0.00185994 -0.00173847 -0.00171366 -0.00190698 -0.00177701 -0.0019187 -0.00184307 -0.00191366 -0.0018401 -0.00185407 -0.00193396 -0.0019118 -0.00191427 -0.00175529 -0.00177195 -0.00183958 -0.00192611 -0.00185452 -0.00174887 -0.00183674 -0.00183589 -0.00187056 -0.00193497 -0.00194131 -0.00183459 -0.00183199 
-0.00196632 -0.00205755 -0.00209928 -0.00206282 -0.00206727 -0.00221733 -0.00219603 -0.00208464 -0.00218568 -0.00224367 -0.00199106 -0.00194134 -0.00170942 -0.00174709 0.00258478 0.00260343 0.00279587 0.00311272 0.00318266 0.149436 0.00313735 0.00324389 0.00302905 0.00273553 0.00247108 -0.00167688 -0.00186898 -0.00191695 -0.00206624 -0.00214235 -0.00212566 -0.00227964 -0.00223678 -0.00214003 -0.00211348 -0.00208476 -0.00216184 -0.00217059 -0.0021707 -0.00205266 -0.00206231 -0.00203794 -0.00209974 -0.00212608 -0.0019914 -0.00207346 -0.00198953 -0.00201096 -0.00201673 -0.00197206 -0.00189977 -0.00198337 -0.00195334 -0.00191661 -0.00200903 -0.00199787 -0.00201286 -0.00193742 -0.00204397 -0.00204235 -0.00199202 -0.00195065 -0.00187013 -0.00191357 -0.00195963 -0.00203716 -0.00199253 -0.00197542 -0.00200382 -0.00203294 -0.00198761 -0.00201943 -0.00194214 -0.00194658 -0.00197831 -0.00183352 -0.00190554 -0.00195482 -0.00190563 -0.00191804 -0.00198717 -0.0019434 -0.00191653 -0.00188589 -0.00197463 -0.00196524 -0.00192752 -0.00187747 -0.00188449 -0.00198994 -0.00215132 -0.00195934 -0.00199445 -0.00199165 -0.00194483 -0.00202116 -0.00198116 -0.00196654 -0.00204788 -0.00184816 
-0.00187022 -0.00191394 -0.00186474 -0.00193413 -0.00188447 -0.00205326 -0.00209729 -0.00206422 -0.00214597 -0.00209495 -0.00216938 -0.00201103 -0.0020219 -0.00195263 -0.00159835 -0.001734 0.00259805 0.0028176 0.00282808 0.00313735 0.146558 0.00324256 0.00318998 0.00280606 0.00280524 0.00250437 -0.00164676 -0.00183055 -0.00181467 -0.00187314 -0.00205059 -0.00209798 -0.00213548 -0.0021386 -0.00192708 -0.00195075 -0.00205464 -0.00203633 -0.00199653 -0.00201432 -0.00194184 -0.00194357 -0.00205684 -0.00206738 -0.00200653 -0.00194999 -0.0019254 -0.00188385 -0.00198004 -0.00182585 -0.00198138 -0.00193371 -0.00189163 -0.00192402 -0.00191558 -0.00184151 -0.00189763 -0.00179663 -0.00186426 -0.00184955 -0.00183964 -0.00182045 -0.00179625 -0.00179217 -0.00183527 -0.00186366 -0.00190551 -0.00195391 -0.00194748 -0.00193373 -0.00191545 -0.00200013 -0.00188019 -0.00192172 -0.00185442 -0.00183779 -0.00180774 -0.0017684 -0.00175769 -0.00192716 -0.00186735 -0.00189167 -0.00190341 -0.00190285 -0.00195266 -0.00184321 -0.00185855 -0.00183739 -0.0018869 -0.00191825 -0.00184772 -0.00189962 -0.00188709 -0.00190213 -0.00194719 -0.00188573 -0.00186294 -0.00184762 -0.00196792 -0.00176279 
-0.00188468 -0.00185477 -0.00191369 -0.00202267 -0.00184673 -0.00202478 -0.00214416 -0.00215134 -0.00213351 -0.0021301 -0.00217716 -0.00203416 -0.00207465 -0.00194843 -0.00159843 -0.00173278 0.00269487 0.00287551 0.00280066 0.00324389 0.00324256 0.146283 0.00313452 0.00290995 0.00275078 0.00270299 -0.00169239 -0.00186396 -0.0019602 -0.00188359 -0.00208703 -0.00207303 -0.00209548 -0.00212154 -0.0019921 -0.00198335 -0.00201577 -0.0020453 -0.00194564 -0.00214118 -0.00187328 -0.00197206 -0.00201486 -0.00204972 -0.00194275 -0.0019606 -0.0019434 -0.00187993 -0.00187677 -0.00190943 -0.00185822 -0.00192166 -0.00190181 -0.00189569 -0.00188439 -0.00181788 -0.0018253 -0.00193439 -0.00191347 -0.00184469 -0.00186171 -0.00184265 -0.00182121 -0.0018768 -0.00198896 -0.00189037 -0.00183926 -0.00194448 -0.00187154 -0.00192595 -0.00186253 -0.00196092 -0.00188024 -0.00184469 -0.0017246 -0.00174683 -0.00177789 -0.00186318 -0.00187838 -0.00192325 -0.00198882 -0.00201849 -0.00189542 -0.00190068 -0.00189111 -0.00193611 -0.00191051 -0.00181072 -0.00176617 -0.0018865 -0.0018127 -0.0019215 -0.00190251 -0.00186111 -0.00184397 -0.00184726 -0.00188074 -0.00186105 -0.00189624 -0.00168851 
-0.00192003 -0.00191578 -0.00194386 -0.00197666 -0.00190882 -0.00207793 -0.00199469 -0.00211982 -0.00212951 -0.00198564 -0.00212315 -0.00220762 -0.00209028 -0.00202061 -0.00177896 -0.00191906 -0.00158496 0.00271169 0.00274784 0.00302905 0.00318998 0.00313452 0.145547 0.0029236 0.00285574 0.00277217 0.00228915 -0.00155327 -0.00175265 -0.00167282 -0.00188559 -0.00191173 -0.00209599 -0.00207114 -0.00191318 -0.00203437 -0.00194696 -0.0019965 -0.00201261 -0.00198882 -0.0020018 -0.00184933 -0.00204933 -0.00200335 -0.00193367 -0.0019964 -0.00192283 -0.00189175 -0.00186916 -0.00179051 -0.00188849 -0.00190739 -0.00182769 -0.00189157 -0.00194561 -0.001818 -0.00195945 -0.00180263 -0.00184799 -0.00194156 -0.00191293 -0.00180385 -0.00180613 -0.00182756 -0.00197852 -0.0019149 -0.00188091 -0.00186786 -0.00191783 -0.00182746 -0.00188132 -0.00186198 -0.001849 -0.00184056 -0.00171338 -0.00186351 -0.00178958 -0.00191726 -0.00189146 -0.00180812 -0.00187855 -0.00194265 -0.00182732 -0.0018243 -0.00190262 -0.00186014 -0.00183495 -0.00172864 -0.00179371 -0.00190762 -0.00182685 -0.001873 -0.0018806 -0.00181233 -0.00190786 -0.00191912 -0.0019032 -0.00197069 -0.00191947 -0.00186133 
-0.00176105 -0.00181622 -0.00181878 -0.00174055 -0.00180418 -0.00193947 -0.00193942 -0.00197234 -0.00204128 -0.00189488 -0.00212648 -0.00208073 -0.00208044 -0.00218394 -0.00202981 -0.00207424 -0.00184443 -0.0016179 -0.00162805 0.00273553 0.00280606 0.00290995 0.0029236 0.141232 0.00314361 0.00280211 0.00250474 0.00234722 -0.00156069 -0.00149673 -0.00162828 -0.00173776 -0.00182526 -0.00192196 -0.00183271 -0.00180566 -0.00200586 -0.0018956 -0.00188005 -0.00189971 -0.00180744 -0.00173559 -0.0018385 -0.00184712 -0.00177756 -0.00189782 -0.00174503 -0.00177076 -0.00182062 -0.00179319 -0.00186302 -0.00172319 -0.0017507 -0.00184405 -0.00175881 -0.00183168 -0.00182319 -0.00180837 -0.00175842 -0.0017807 -0.00171324 -0.00174467 -0.00165204 -0.00167249 -0.00184854 -0.00174366 -0.00174519 -0.0017257 -0.00173673 -0.00175234 -0.00170654 -0.0018655 -0.00172508 -0.00183285 -0.00166136 -0.00163303 -0.00168703 -0.0017957 -0.00173868 -0.00175143 -0.00174533 -0.00176124 -0.00171209 -0.00180126 -0.00179751 -0.00172468 -0.00187767 -0.00166101 -0.00166909 -0.00185092 -0.00165745 -0.00169563 -0.00174269 -0.00169929 -0.00184591 -0.00174591 -0.00172624 -0.00175377 -0.00177124 -0.00157365 
-0.00192598 -0.00198928 -0.00193332 -0.00198804 -0.00205185 -0.00217167 -0.00207912 -0.00218629 -0.00213219 -0.00203831 -0.00228229 -0.0022676 -0.00221922 -0.00234353 -0.00220563 -0.00214497 -0.00206411 -0.00176068 -0.00182581 0.00247108 0.00280524 0.00275078 0.00285574 0.00314361 0.146157 0.00313822 0.00284682 0.00271663 0.00244212 0.00233985 -0.00156892 -0.00158924 -0.00168707 -0.0018966 -0.00195699 -0.00184897 -0.00209945 -0.00197961 -0.00204477 -0.00203148 -0.00200411 -0.00189084 -0.00203921 -0.00205838 -0.00200165 -0.00208259 -0.00192264 -0.00192324 -0.00191713 -0.00188488 -0.0019178 -0.00186647 -0.0019515 -0.00195517 -0.00193385 -0.00195632 -0.00196696 -0.0019966 -0.00193993 -0.00191791 -0.0019171 -0.00193608 -0.00184548 -0.00174373 -0.00196896 -0.00180803 -0.00188498 -0.00179562 -0.00188262 -0.00193629 -0.00197475 -0.00188157 -0.00200235 -0.00185574 -0.00187139 -0.00175368 -0.00180063 -0.00197658 -0.00194981 -0.002019 -0.00190723 -0.00194382 -0.00191039 -0.00189653 -0.00180232 -0.00193495 -0.00197736 -0.00194379 -0.00192443 -0.00196126 -0.00184155 -0.0018969 -0.00197189 -0.00191731 -0.00190175 -0.00194814 -0.00197248 -0.00193863 -0.00199122 -0.00184106 
-0.00190259 -0.00202509 -0.00190723 -0.00194954 -0.00195074 -0.00204726 -0.00210696 -0.00212406 -0.00210492 -0.0020867 -0.00218261 -0.00225 -0.00214022 -0.00230414 -0.00211888 -0.00229541 -0.00210417 -0.00192463 -0.00189712 -0.00167688 0.00250437 0.00270299 0.00277217 0.00280211 0.00313822 0.14441 0.00286321 0.00265608 0.0025664 0.0025368 0.00238959 -0.00166986 -0.00159118 -0.00176805 -0.00187735 -0.0018504 -0.00203034 -0.00196152 -0.00191749 -0.00201156 -0.00189266 -0.00188885 -0.0020362 -0.0021171 -0.00201366 -0.00201639 -0.0018475 -0.00187722 -0.00194486 -0.00186788 -0.0019251 -0.001924 -0.00185485 -0.00178524 -0.0018927 -0.00185645 -0.00185468 -0.00184212 -0.00190437 -0.00193918 -0.00190498 -0.00187244 -0.00177215 -0.00183881 -0.00186799 -0.00189775 -0.00195432 -0.00193947 -0.00199039 -0.00195173 -0.00183969 -0.00185773 -0.00186693 -0.0019532 -0.00174583 -0.00178101 -0.00183041 -0.00184198 -0.00178461 -0.00186955 -0.00195044 -0.00202292 -0.00186938 -0.00191437 -0.00188137 -0.00186756 -0.00187482 -0.00166731 -0.00187041 -0.00202409 -0.00188492 -0.00190478 -0.00192501 -0.00183353 -0.00194516 -0.00188866 -0.0019381 -0.00187518 -0.00197869 -0.0018063 
-0.00179861 -0.00186106 -0.0018389 -0.00181313 -0.00185261 -0.00185374 -0.00192448 -0.00194138 -0.00197654 -0.00182928 -0.00196196 -0.00210226 -0.00197241 -0.00206495 -0.00212541 -0.00217139 -0.00228334 -0.00210687 -0.00212756 -0.00186898 -0.00164676 -0.00169239 0.00228915 0.00250474 0.00284682 0.00286321 0.139178 0.00281294 0.0025355 0.00259451 0.00236144 0.00235669 -0.00136331 -0.0014596 -0.00153737 -0.00153292 -0.00172792 -0.00193886 -0.00181092 -0.00190736 -0.00180694 -0.00174939 -0.00185902 -0.00189806 -0.00197272 -0.00190807 -0.00176921 -0.00176008 -0.00179659 -0.0017164 -0.00174731 -0.00182926 -0.00177716 -0.00175138 -0.00181964 -0.00187289 -0.00175104 -0.0017552 -0.00170747 -0.00180431 -0.00172757 -0.001729 -0.00169389 -0.00165781 -0.00174764 -0.00176852 -0.00179969 -0.00163088 -0.00178997 -0.00169518 -0.00179835 -0.00175879 -0.00180212 -0.0017012 -0.00172669 -0.0016645 -0.00166768 -0.00182199 -0.00183094 -0.00180699 -0.0018399 -0.00178169 -0.00182808 -0.00182611 -0.0017868 -0.00181269 -0.00177995 -0.00167819 -0.00164499 -0.00171497 -0.00175673 -0.00182052 -0.00172391 -0.00175591 -0.00181494 -0.00177903 -0.00169811 -0.00180356 -0.00183774 -0.0016952 
-0.00172848 -0.00179367 -0.00177402 -0.00169865 -0.00179378 -0.00192232 -0.00191371 -0.00196445 -0.00199784 -0.00180845 -0.00206544 -0.00210419 -0.00199388 -0.00217442 -0.00199987 -0.00213785 -0.00228355 -0.0022544 -0.00218688 -0.00191695 -0.00183055 -0.00186396 -0.00155327 0.00234722 0.00271663 0.00265608 0.00281294 0.137488 0.0026464 0.00272511 0.00263776 0.00244705 0.00228516 -0.00129437 -0.00144259 -0.0014897 -0.00168744 -0.00179233 -0.00185427 -0.0019201 -0.00179213 -0.00180248 -0.00183522 -0.00188399 -0.00189147 -0.001928 -0.0018452 -0.00179772 -0.00180406 -0.0017053 -0.00173591 -0.00174967 -0.00170361 -0.00175343 -0.00176416 -0.00183488 -0.00165887 -0.00176471 -0.00174561 -0.00171248 -0.00165775 -0.00178433 -0.00173039 -0.00157775 -0.00167691 -0.00174987 -0.0017442 -0.00169699 -0.00180968 -0.0018473 -0.0017276 -0.00168093 -0.00172058 -0.00176147 -0.001633 -0.00160457 -0.00173536 -0.00176145 -0.00170218 -0.00166972 -0.00174163 -0.00178291 -0.00177293 -0.00183931 -0.00171828 -0.00176593 -0.00171724 -0.00164494 -0.00160005 -0.00169035 -0.00172267 -0.0017032 -0.00181604 -0.00169674 -0.00165776 -0.00178554 -0.0016531 -0.00174823 -0.00182144 -0.00166155 
-0.0016977 -0.00178544 -0.00169869 -0.00170261 -0.00177251 -0.00184517 -0.00181662 -0.0019055 -0.00197071 -0.00189977 -0.0019974 -0.00203737 -0.00200006 -0.00209742 -0.00197116 -0.00202265 -0.00231885 -0.0020911 -0.00209162 -0.00206624 -0.00181467 -0.0019602 -0.00175265 -0.00156069 0.00244212 0.0025664 0.0025355 0.0026464 0.135236 0.0028015 0.00269961 0.00252356 0.00234096 0.00225689 -0.00142161 -0.00134774 -0.0014839 -0.00153702 -0.00170341 -0.00180031 -0.00181009 -0.00173776 -0.00184177 -0.00177599 -0.00180359 -0.0017755 -0.00167318 -0.00178195 -0.00166483 -0.00174523 -0.0017388 -0.0017688 -0.00165255 -0.00174257 -0.00166257 -0.00180848 -0.00173677 -0.00176172 -0.00175595 -0.00181065 -0.00172089 -0.00170747 -0.00157166 -0.00158432 -0.0016831 -0.00166946 -0.0016964 -0.0017479 -0.00171505 -0.00164217 -0.00169275 -0.00166086 -0.00163484 -0.00170909 -0.00168605 -0.00168615 -0.00156458 -0.00169546 -0.00179734 -0.00172654 -0.00175813 -0.00165477 -0.0017398 -0.00169303 -0.00168993 -0.00170658 -0.00170725 -0.00163487 -0.00167344 -0.00172741 -0.00171231 -0.00172171 -0.00175617 -0.00175651 -0.00178497 -0.00172289 -0.00168352 -0.00174567 -0.00172492 -0.00164323 
-0.00168374 -0.00170131 -0.00174701 -0.00172257 -0.00176286 -0.00190514 -0.00182341 -0.00181314 -0.00199828 -0.00181125 -0.00198234 -0.00207564 -0.00195877 -0.00205925 -0.00213668 -0.00198398 -0.00212817 -0.0020443 -0.00206972 -0.00214235 -0.00187314 -0.00188359 -0.00167282 -0.00149673 0.00233985 0.0025368 0.00259451 0.00272511 0.0028015 0.13396 0.00282039 0.00239856 0.00238313 0.00220955 -0.00130516 -0.00129867 -0.00143083 -0.00162338 -0.00172972 -0.00188221 -0.00177359 -0.00176783 -0.00191161 -0.00181713 -0.0018043 -0.00183695 -0.00166982 -0.00179109 -0.00176726 -0.00171249 -0.00164309 -0.00168148 -0.00180709 -0.00173799 -0.00164027 -0.00170027 -0.00171848 -0.00165409 -0.00166064 -0.00169758 -0.00170353 -0.00168756 -0.00160627 -0.00165443 -0.00163209 -0.00162584 -0.00166128 -0.0016506 -0.00175633 -0.00165625 -0.0016482 -0.00164714 -0.00165461 -0.00161251 -0.0016133 -0.00157357 -0.001533 -0.00172653 -0.00168808 -0.00168322 -0.00172438 -0.00167785 -0.00182503 -0.00174139 -0.00176192 -0.00171354 -0.00172941 -0.00151195 -0.00162996 -0.00176689 -0.00173827 -0.00174763 -0.00168758 -0.00174769 -0.00169946 -0.00172189 -0.0017942 -0.00164872 -0.0017358 -0.00161191 
-0.00173305 -0.00176866 -0.00173483 -0.00173306 -0.00183722 -0.00188676 -0.00187348 -0.00190567 -0.00188695 -0.00180165 -0.00207324 -0.00205442 -0.00195372 -0.0021503 -0.00211343 -0.00208209 -0.00228066 -0.0020999 -0.00223956 -0.00212566 -0.00205059 -0.00208703 -0.00188559 -0.00162828 -0.00156892 0.00238959 0.00236144 0.00263776 0.00269961 0.00282039 0.134622 0.00272719 0.00252125 0.00236615 0.00209896 0.00222377 -0.00136776 -0.00143671 -0.00163986 -0.00159924 -0.00171462 -0.00167695 -0.00190459 -0.00188003 -0.00179938 -0.00186906 -0.00175035 -0.00170501 -0.00168293 -0.00182831 -0.00174466 -0.00174087 -0.0016694 -0.00174448 -0.00174261 -0.00177449 -0.00171965 -0.00176458 -0.00180088 -0.00174416 -0.00174878 -0.0018508 -0.00170731 -0.00171334 -0.00170943 -0.00170284 -0.00177769 -0.00179622 -0.00185919 -0.00175319 -0.00179485 -0.00171677 -0.00173972 -0.00184703 -0.00170835 -0.00160011 -0.00166112 -0.00173995 -0.00170994 -0.00177982 -0.00180011 -0.00176315 -0.00173211 -0.00176816 -0.0017184 -0.00179214 -0.00173627 -0.00164062 -0.00167544 -0.00178719 -0.00167723 -0.00170236 -0.00167104 -0.00180806 -0.00179199 -0.00173526 -0.00172282 -0.00168153 -0.00172842 -0.00176422 
-0.00173078 -0.00167014 -0.00174215 -0.00184902 -0.0017914 -0.00178135 -0.00197721 -0.00191136 -0.00203965 -0.00187135 -0.00199326 -0.00203512 -0.00196141 -0.00202729 -0.00210644 -0.00203836 -0.00223287 -0.00200173 -0.00212717 -0.00227964 -0.00209798 -0.00207303 -0.00191173 -0.00173776 -0.00158924 -0.00166986 0.00235669 0.00244705 0.00252356 0.00239856 0.00272719 0.132838 0.00257644 0.0024737 0.00215426 0.00211754 0.00217517 -0.00135777 -0.0014148 -0.00159663 -0.00174005 -0.00170294 -0.00185402 -0.00179508 -0.00183558 -0.0018298 -0.00171946 -0.00169098 -0.00168463 -0.00164389 -0.00177125 -0.00175087 -0.00168171 -0.00170299 -0.00173376 -0.00165901 -0.0017271 -0.00172306 -0.00174086 -0.00168646 -0.00170104 -0.00169898 -0.00163576 -0.00174476 -0.00167493 -0.00165421 -0.00167425 -0.00171566 -0.00173634 -0.00158185 -0.00178814 -0.00169622 -0.0017931 -0.00171515 -0.00160897 -0.00172205 -0.00159862 -0.00170353 -0.00172846 -0.00163061 -0.00174035 -0.00169757 -0.00163501 -0.00173662 -0.00161163 -0.00175071 -0.00165906 -0.00159823 -0.00159888 -0.00177098 -0.00172154 -0.00172894 -0.00172091 -0.00172044 -0.00164121 -0.0017474 -0.00164492 -0.00171859 -0.00158514 -0.00166775 
-0.00166947 -0.00174068 -0.0016876 -0.00171618 -0.0017514 -0.00183318 -0.00188904 -0.00184014 -0.00201073 -0.00186532 -0.00201633 -0.00205168 -0.00194679 -0.00207413 -0.00212654 -0.00214462 -0.00210531 -0.0021049 -0.00216077 -0.00223678 -0.00213548 -0.00209548 -0.00209599 -0.00182526 -0.00168707 -0.00159118 -0.00136331 0.00228516 0.00234096 0.00238313 0.00252125 0.00257644 0.13145 0.00250864 0.00229924 0.00235513 0.0021053 0.00205019 -0.00125947 -0.00140921 -0.00150362 -0.00162565 -0.00162811 -0.00175453 -0.001825 -0.00163765 -0.00174076 -0.00166542 -0.00173793 -0.00174157 -0.00170619 -0.00174305 -0.00174528 -0.00172717 -0.00167897 -0.00165845 -0.00176156 -0.00174524 -0.00176945 -0.00168143 -0.00165188 -0.00171837 -0.00161688 -0.00154603 -0.00165047 -0.00170877 -0.00163348 -0.00164869 -0.00166203 -0.00164365 -0.001685 -0.00161228 -0.00168354 -0.00165133 -0.00167082 -0.00162183 -0.00157052 -0.00166532 -0.00168417 -0.00163407 -0.00164344 -0.00167777 -0.00163445 -0.00177393 -0.00163827 -0.00170599 -0.00161432 -0.00158157 -0.00159584 -0.00167342 -0.00168029 -0.0017337 -0.0017278 -0.00172873 -0.00169888 -0.00167307 -0.00160976 -0.00166829 -0.00170362 -0.00164174 
