0.123156 0.00223162 0.00214001 0.0021169 0.00198429 0.00201089 -0.0012665 -0.00129001 -0.00129154 -0.00139959 -0.001628 -0.00177014 -0.00176358 -0.0017531 -0.00180121 -0.00187048 -0.00200646 -0.00188016 -0.00192136 -0.00194504 -0.00193858 -0.00180595 -0.00188487 -0.00183253 -0.00196453 -0.00194607 -0.00182684 -0.00179748 -0.00177589 -0.00172589 -0.00182684 -0.00175153 -0.00180577 -0.00167648 -0.00157437 -0.0016056 -0.00160802 -0.00159161 -0.00154235 -0.00159955 -0.00161751 -0.0015857 -0.00160621 -0.00161897 -0.00158928 -0.00158159 -0.00146653 -0.00150543 -0.00149323 -0.00160349 -0.00148546 -0.00146299 -0.0014847 -0.00146823 -0.00151556 -0.00157738 -0.00151501 -0.00146807 -0.00152967 -0.00149592 -0.00155167 -0.00151775 -0.00143476 -0.00140618 -0.00156527 -0.00148194 -0.00148574 -0.00153176 -0.00147497 -0.00143652 -0.00148108 -0.00150421 -0.00148621 -0.0014053 -0.00147723 -0.00144592 -0.00142786 -0.0015259 -0.00150638 -0.00154362 -0.00152439 -0.00159292 -0.00153137 -0.00149025 -0.00149468 -0.00148603 -0.00151868 -0.00148095 -0.00141717 -0.00144695 -0.0014211 -0.00139509 -0.00123359 -0.00128463 -0.00123536 -0.00118013 0.00193532 0.00192888 0.00215563 0.00210334 
0.00223162 0.12366 0.00233782 0.0022536 0.00208146 0.0020904 0.00207936 -0.00118748 -0.00130525 -0.00138828 -0.00157083 -0.00162582 -0.00179517 -0.00182556 -0.00181239 -0.00174467 -0.00189711 -0.00192534 -0.00184136 -0.00193491 -0.00190925 -0.00190131 -0.00182313 -0.0018624 -0.00189237 -0.00192676 -0.00184026 -0.00181171 -0.00177317 -0.00175357 -0.00176869 -0.00164848 -0.00174205 -0.00175232 -0.00162674 -0.00160175 -0.00164346 -0.00164754 -0.00161723 -0.00164386 -0.00163987 -0.00160838 -0.0016052 -0.00167146 -0.00162521 -0.0015828 -0.00148796 -0.00148213 -0.00156803 -0.00146984 -0.0015386 -0.0014873 -0.00151197 -0.00159289 -0.00156869 -0.00150504 -0.00153876 -0.00148532 -0.00152885 -0.00152941 -0.0014791 -0.0015091 -0.00144851 -0.00143609 -0.00156089 -0.00150262 -0.0014909 -0.00148355 -0.00150456 -0.00149715 -0.00156068 -0.0013952 -0.00147715 -0.0014849 -0.0014663 -0.00136385 -0.00141913 -0.00155121 -0.00147877 -0.00160726 -0.00159587 -0.00157848 -0.00154849 -0.00157265 -0.00155955 -0.00153078 -0.00151007 -0.00147234 -0.00151377 -0.00156933 -0.00144817 -0.00147163 -0.00141118 -0.00140022 -0.00135658 -0.00120477 -0.00118744 0.00191094 0.00194501 0.00212588 
0.00214001 0.00233782 0.123783 0.00234129 0.00218181 0.00232613 0.00218433 0.00211887 -0.00127962 -0.0012831 -0.00139169 -0.00154524 -0.00167417 -0.00183848 -0.00180754 -0.00180034 -0.00195311 -0.00186805 -0.00184526 -0.00203085 -0.00188638 -0.00187938 -0.00198001 -0.00191156 -0.00200322 -0.00197633 -0.00182731 -0.0017758 -0.00170224 -0.00170795 -0.00177342 -0.00173364 -0.00176409 -0.00166009 -0.0016058 -0.00164015 -0.0016923 -0.00162117 -0.00168393 -0.00162702 -0.00160767 -0.00158227 -0.00165502 -0.00165761 -0.00158987 -0.00159318 -0.00158711 -0.00158894 -0.00152528 -0.00144326 -0.00158667 -0.00150342 -0.00154349 -0.00149266 -0.00151117 -0.00157662 -0.00153313 -0.00153416 -0.00154232 -0.00149444 -0.0013989 -0.00150659 -0.00145273 -0.00141784 -0.00155787 -0.00150486 -0.00155662 -0.00150879 -0.00154968 -0.00164822 -0.00148417 -0.00158099 -0.00149547 -0.00144425 -0.00147142 -0.0014331 -0.00141801 -0.00148671 -0.00156168 -0.00152827 -0.00156598 -0.00150563 -0.00147549 -0.00152544 -0.00147142 -0.00149778 -0.00156913 -0.00144423 -0.0014512 -0.0014679 -0.00159716 -0.00152003 -0.00151497 -0.00134073 -0.00146429 -0.0012879 -0.00131401 -0.00118092 0.00179449 0.00191031 
0.0021169 0.0022536 0.00234129 0.124375 0.00229998 0.00233267 0.00226346 0.00211001 0.00211874 -0.00114652 -0.00131703 -0.00146317 -0.0016029 -0.00170526 -0.00180498 -0.00176242 -0.00194815 -0.00185819 -0.00185878 -0.00210073 -0.00190814 -0.00189742 -0.00196693 -0.00177942 -0.00201076 -0.00196056 -0.001874 -0.00179528 -0.00176588 -0.00166222 -0.00179115 -0.00181836 -0.0018146 -0.00180963 -0.00167628 -0.00154618 -0.00164913 -0.00156289 -0.00166205 -0.00166884 -0.00157689 -0.001582 -0.00163894 -0.00167405 -0.00163685 -0.00163495 -0.00165949 -0.00154831 -0.0015427 -0.0016066 -0.00157298 -0.0016169 -0.00159512 -0.00160182 -0.00155661 -0.00157322 -0.00155659 -0.00152 -0.00153606 -0.00154434 -0.00150872 -0.00148837 -0.00150356 -0.00135693 -0.00150616 -0.00153564 -0.00152664 -0.00152065 -0.00149147 -0.0015264 -0.00152974 -0.00151395 -0.0015399 -0.00146264 -0.00156834 -0.00145271 -0.00146933 -0.00153234 -0.00145925 -0.00150829 -0.00158654 -0.00151205 -0.00155421 -0.00156233 -0.00144795 -0.00148612 -0.00156035 -0.00145184 -0.00141532 -0.00148313 -0.00155809 -0.00157661 -0.00158139 -0.00146947 -0.0015569 -0.0014505 -0.00136385 -0.0012949 -0.00120629 0.0018691 
0.00198429 0.00208146 0.00218181 0.00229998 0.124732 0.00239439 0.00241838 0.00223421 0.00214816 0.00207751 -0.00114727 -0.00133493 -0.00151518 -0.00156627 -0.00178065 -0.00183307 -0.00187882 -0.00178824 -0.00191917 -0.00200826 -0.0018742 -0.00193185 -0.00200074 -0.00190938 -0.0020079 -0.00199349 -0.00189394 -0.00175769 -0.00176378 -0.0017798 -0.00191698 -0.001798 -0.00188769 -0.00173747 -0.00164908 -0.00160842 -0.00167086 -0.00161508 -0.0015908 -0.00161157 -0.00159827 -0.00149825 -0.00161186 -0.00163962 -0.00163662 -0.00161128 -0.00159207 -0.00147037 -0.00159526 -0.00153942 -0.00156981 -0.00160425 -0.00150798 -0.00163949 -0.0015197 -0.00159659 -0.00162023 -0.00146645 -0.00154987 -0.00143181 -0.00148263 -0.00155992 -0.00145963 -0.00142923 -0.00153492 -0.00158962 -0.00159348 -0.00147093 -0.00153399 -0.00156822 -0.00156792 -0.00155216 -0.00158606 -0.0016324 -0.00154834 -0.00149421 -0.00144426 -0.00146088 -0.00152416 -0.00156143 -0.00147883 -0.00157955 -0.00150532 -0.0015349 -0.00149503 -0.00155822 -0.00157594 -0.00148687 -0.00147742 -0.00154924 -0.00155966 -0.00156876 -0.0015372 -0.00151661 -0.00160516 -0.00150979 -0.00149751 -0.0014039 -0.00133753 -0.00111048 
0.00201089 0.0020904 0.00232613 0.00233267 0.00239439 0.128056 0.00253571 0.00239608 0.00224493 0.00222995 0.00228509 -0.00136779 -0.00143034 -0.00163527 -0.00180986 -0.00177456 -0.0021244 -0.00204844 -0.00201722 -0.00219229 -0.00213513 -0.00200274 -0.00205226 -0.00187737 -0.00216797 -0.00208872 -0.00203081 -0.00192995 -0.00187775 -0.00192378 -0.00191441 -0.00189011 -0.00185896 -0.00182182 -0.00180411 -0.00160613 -0.00170459 -0.00172798 -0.00171888 -0.0017274 -0.00159388 -0.00172254 -0.00172717 -0.00175622 -0.00166056 -0.00167717 -0.00166737 -0.00161689 -0.00166001 -0.00164737 -0.00159927 -0.00167016 -0.00167889 -0.00158831 -0.00165328 -0.00162006 -0.00164808 -0.00157382 -0.0016772 -0.001658 -0.00164916 -0.00166698 -0.00164237 -0.00149135 -0.00163969 -0.00163931 -0.00173403 -0.00163656 -0.00159 -0.00157261 -0.00163125 -0.00156735 -0.00163804 -0.001539 -0.00145989 -0.00163446 -0.00155372 -0.00165193 -0.00162247 -0.00160275 -0.00166252 -0.00162228 -0.00164071 -0.00161986 -0.00158533 -0.0016974 -0.00149785 -0.00160473 -0.0015824 -0.00167616 -0.0016882 -0.00159135 -0.00167637 -0.00165559 -0.00155638 -0.00161422 -0.0015332 -0.00142722 -0.00133267 -0.00111718 
-0.0012665 0.00207936 0.00218433 0.00226346 0.00241838 0.00253571 0.129254 0.00256504 0.00231505 0.00233954 0.00228571 0.0020854 -0.00126181 -0.00154932 -0.00171048 -0.00167581 -0.00192704 -0.00200644 -0.00204085 -0.00222967 -0.00207708 -0.00198264 -0.00214083 -0.00198611 -0.00220662 -0.00207972 -0.00203843 -0.00190312 -0.00188048 -0.00190036 -0.00184475 -0.00201667 -0.001928 -0.00187807 -0.0017646 -0.0017411 -0.0018689 -0.00170381 -0.00179543 -0.00171796 -0.00166749 -0.00172013 -0.00177739 -0.00173353 -0.00174685 -0.00177928 -0.00169926 -0.00163506 -0.00160171 -0.00171299 -0.00168074 -0.0016754 -0.00171289 -0.0016155 -0.00169101 -0.00162056 -0.00165164 -0.00162131 -0.00161483 -0.00167649 -0.00166817 -0.00154166 -0.00150405 -0.00158818 -0.00161034 -0.00166074 -0.00168942 -0.00165943 -0.0016278 -0.00173685 -0.0015989 -0.0016781 -0.00159065 -0.00170793 -0.00160401 -0.00152907 -0.0015016 -0.00163887 -0.00164082 -0.00166152 -0.00165149 -0.00165697 -0.00166859 -0.00172345 -0.00166935 -0.00165073 -0.00159717 -0.00161055 -0.0014756 -0.00162744 -0.00159878 -0.00165713 -0.00166568 -0.0016535 -0.00156194 -0.00159227 -0.00162851 -0.00158421 -0.00153416 -0.00132363 
-0.00129001 -0.00118748 0.00211887 0.00211001 0.00223421 0.00239608 0.00256504 0.130406 0.00256463 0.00248873 0.0024098 0.00235495 0.0021364 -0.00146837 -0.00156847 -0.00152007 -0.00186041 -0.00202423 -0.00197156 -0.00212396 -0.00214654 -0.00214027 -0.00218456 -0.00204247 -0.00210401 -0.00215317 -0.00198865 -0.00200474 -0.00195175 -0.00192803 -0.001957 -0.00210276 -0.00191787 -0.00179172 -0.00174514 -0.00181298 -0.00175669 -0.00178561 -0.00181095 -0.00172286 -0.00173629 -0.0016841 -0.00173919 -0.00183702 -0.00178751 -0.00176757 -0.00169264 -0.00177719 -0.00168642 -0.00166086 -0.00163156 -0.00165031 -0.00175456 -0.00160552 -0.00168831 -0.00163237 -0.00162424 -0.00167508 -0.00161605 -0.00172602 -0.00165491 -0.0017164 -0.00162211 -0.00154455 -0.00167852 -0.00165874 -0.00162438 -0.00167423 -0.00170935 -0.00166641 -0.00160937 -0.00172956 -0.00167256 -0.00168556 -0.00150441 -0.00160114 -0.00152773 -0.00159435 -0.00166485 -0.0016276 -0.00174308 -0.00167916 -0.00170829 -0.00166316 -0.00161434 -0.00165204 -0.00164992 -0.00159598 -0.00160694 -0.00173867 -0.00165055 -0.00172058 -0.00175984 -0.00165278 -0.00158312 -0.00171747 -0.00164134 -0.00161201 -0.00162387 -0.00136971 
-0.00129154 -0.00130525 -0.00127962 0.00211874 0.00214816 0.00224493 0.00231505 0.00256463 0.131475 0.00264577 0.0025207 0.00237244 0.00231973 0.0022571 -0.00148212 -0.00153956 -0.00188206 -0.00206008 -0.00191997 -0.00230071 -0.00214771 -0.00218761 -0.00216854 -0.00203505 -0.0021081 -0.0021716 -0.00200795 -0.00193936 -0.00191772 -0.00201731 -0.00193336 -0.00195298 -0.00184198 -0.00185669 -0.00180735 -0.00184658 -0.00174724 -0.0018553 -0.00181303 -0.00183414 -0.00176296 -0.00170654 -0.00175804 -0.00179339 -0.00184122 -0.0017352 -0.00171448 -0.0017201 -0.00168965 -0.00173388 -0.00173739 -0.00168903 -0.00166075 -0.00159266 -0.00163279 -0.00171807 -0.00160887 -0.00172707 -0.00162124 -0.00167922 -0.00170806 -0.00166436 -0.0016317 -0.00156739 -0.00161606 -0.00166075 -0.00171195 -0.00170271 -0.00170637 -0.00170216 -0.00167031 -0.00172552 -0.00169051 -0.00171763 -0.00159416 -0.0016269 -0.00161537 -0.00157116 -0.0017138 -0.00165018 -0.00171317 -0.00166738 -0.00168373 -0.00162072 -0.00163405 -0.00166023 -0.00168359 -0.0016162 -0.00164197 -0.00174335 -0.00166424 -0.00170099 -0.00172923 -0.0016805 -0.00160863 -0.00167092 -0.00166709 -0.00174057 -0.00167775 -0.0015582 
-0.00139959 -0.00138828 -0.0012831 -0.00114652 0.00207751 0.00222995 0.00233954 0.00248873 0.00264577 0.129839 0.00261614 0.0023828 0.00233944 0.00225673 -0.00151682 -0.00152012 -0.00171261 -0.00195155 -0.00187939 -0.00211553 -0.00205617 -0.00200252 -0.0020286 -0.00192959 -0.00206571 -0.00208126 -0.00190915 -0.00195471 -0.001913 -0.00186378 -0.00190476 -0.00194936 -0.00189361 -0.00186496 -0.00171932 -0.00178348 -0.00186405 -0.00175407 -0.00174753 -0.001742 -0.00174556 -0.00158299 -0.00171387 -0.0017375 -0.00171272 -0.00173348 -0.00155368 -0.00167525 -0.00163339 -0.00156593 -0.00161871 -0.00163316 -0.00159255 -0.00161225 -0.00165138 -0.00161331 -0.00163415 -0.00163623 -0.00161851 -0.00160804 -0.00172855 -0.00163751 -0.00156424 -0.00159808 -0.00156643 -0.00154637 -0.00150306 -0.00163923 -0.00164925 -0.00156632 -0.00157591 -0.00165434 -0.00160675 -0.0014972 -0.00148906 -0.00158468 -0.00152452 -0.00157674 -0.00160743 -0.00160715 -0.00161868 -0.0015828 -0.00165135 -0.0016247 -0.00169585 -0.00159402 -0.0016045 -0.00157714 -0.00155521 -0.0015971 -0.00159044 -0.00167765 -0.00165119 -0.00162175 -0.00165877 -0.00167692 -0.00168333 -0.00160277 -0.00172513 -0.00168924 
-0.001628 -0.00157083 -0.00139169 -0.00131703 -0.00114727 0.00228509 0.00228571 0.0024098 0.0025207 0.00261614 0.134663 0.00268582 0.00266089 0.00257428 0.00238222 0.00231735 -0.00163553 -0.0018128 -0.0017041 -0.0020217 -0.00219173 -0.0022016 -0.00213719 -0.00207576 -0.00231595 -0.00220483 -0.00200753 -0.00206513 -0.00201424 -0.00190261 -0.00200597 -0.00212039 -0.00198195 -0.00202104 -0.00179324 -0.00183918 -0.00184854 -0.00190444 -0.00190735 -0.00189478 -0.00180408 -0.00176044 -0.00187057 -0.00182738 -0.00183896 -0.00192884 -0.00186156 -0.00185462 -0.00177809 -0.00173416 -0.00176203 -0.00171242 -0.00181364 -0.00179825 -0.00170813 -0.00170305 -0.00161761 -0.00173877 -0.0017515 -0.00169684 -0.00182171 -0.00178018 -0.00179895 -0.00168739 -0.00181323 -0.00178342 -0.00171511 -0.00172338 -0.00183584 -0.00173282 -0.00176773 -0.00167412 -0.00175583 -0.00167654 -0.00169435 -0.00161831 -0.00171853 -0.00171489 -0.0016615 -0.00173106 -0.0017168 -0.001775 -0.00170757 -0.00171918 -0.00161977 -0.00180058 -0.00166445 -0.0016929 -0.00162943 -0.00181632 -0.00170764 -0.00175407 -0.00174661 -0.00171878 -0.0017784 -0.0017077 -0.0017753 -0.00177643 -0.00177502 -0.00159114 
-0.00177014 -0.00162582 -0.00154524 -0.00146317 -0.00133493 -0.00136779 0.0020854 0.00235495 0.00237244 0.0023828 0.00268582 0.136487 0.00277422 0.00276958 0.00250373 0.00250952 0.00238225 -0.00174081 -0.00161605 -0.00193919 -0.00213997 -0.00194614 -0.00220374 -0.00214183 -0.0021853 -0.00221109 -0.00212419 -0.00215765 -0.00206385 -0.00204143 -0.00206407 -0.00203458 -0.00198196 -0.00201436 -0.00194496 -0.00185873 -0.00199085 -0.00196129 -0.00195789 -0.00196723 -0.00182734 -0.00177046 -0.00186575 -0.00188397 -0.00187715 -0.0018626 -0.0018467 -0.00177696 -0.00180307 -0.0018726 -0.00178933 -0.00181234 -0.00176251 -0.00177295 -0.00175864 -0.00171701 -0.00181609 -0.0017654 -0.00172698 -0.00173694 -0.0017748 -0.00177233 -0.00166132 -0.00165927 -0.00173397 -0.00179751 -0.00175999 -0.00181135 -0.00179416 -0.00183912 -0.00174851 -0.00171845 -0.00173742 -0.00180845 -0.00178312 -0.00164207 -0.00175414 -0.00181743 -0.00172331 -0.00182719 -0.00172504 -0.00172758 -0.00175226 -0.0017587 -0.00171265 -0.00178073 -0.00169125 -0.00156828 -0.00160606 -0.00174668 -0.00174308 -0.00177246 -0.00180664 -0.0017545 -0.00171623 -0.00185116 -0.00175961 -0.00177055 -0.00175762 -0.00170336 
-0.00176358 -0.00179517 -0.00167417 -0.0016029 -0.00151518 -0.00143034 -0.00126181 0.0021364 0.00231973 0.00233944 0.00266089 0.00277422 0.135316 0.00279132 0.00257624 0.00242993 0.00251763 -0.00153059 -0.00152487 -0.00159463 -0.00194526 -0.00196 -0.0020822 -0.00205714 -0.00223085 -0.00215208 -0.00197427 -0.00199608 -0.00197646 -0.0019224 -0.00194721 -0.00187874 -0.00193183 -0.00203695 -0.00172812 -0.00188085 -0.00189782 -0.00185044 -0.0019594 -0.00193462 -0.00184726 -0.00179177 -0.00175582 -0.00176772 -0.00171187 -0.00183408 -0.00168455 -0.00171166 -0.00168674 -0.00175441 -0.00171068 -0.00162998 -0.00160086 -0.00171194 -0.00172037 -0.00170231 -0.0017306 -0.00169908 -0.0016284 -0.00171813 -0.00176098 -0.00171186 -0.00159556 -0.00166032 -0.00175545 -0.0017125 -0.00173355 -0.00174893 -0.00170361 -0.00178104 -0.00170163 -0.00166612 -0.00173562 -0.0016889 -0.00163118 -0.0016474 -0.00168331 -0.00171707 -0.00172742 -0.00171866 -0.00169385 -0.00169 -0.00170795 -0.00177877 -0.00168386 -0.00169048 -0.001778 -0.00164694 -0.00162393 -0.00173878 -0.00171326 -0.001746 -0.00178235 -0.00168483 -0.00164418 -0.00181086 -0.00172664 -0.00180396 -0.00176995 -0.00163181 
-0.0017531 -0.00182556 -0.00183848 -0.00170526 -0.00156627 -0.00163527 -0.00154932 -0.00146837 0.0022571 0.00225673 0.00257428 0.00276958 0.00279132 0.140441 0.00277368 0.00276978 0.00277552 0.00244422 0.00258921 -0.00174445 -0.00188174 -0.00186795 -0.0020521 -0.00209164 -0.00235873 -0.00236277 -0.00209635 -0.0020461 -0.00205897 -0.00199223 -0.00214481 -0.00216672 -0.00212867 -0.00207713 -0.00194355 -0.0019333 -0.00203194 -0.00203132 -0.00200814 -0.00194698 -0.00187865 -0.00191485 -0.00193751 -0.00196995 -0.00197143 -0.00191264 -0.00190507 -0.00184841 -0.00200628 -0.00187155 -0.00193635 -0.00184318 -0.00195169 -0.00185092 -0.00181386 -0.00188414 -0.00188551 -0.00185363 -0.00192649 -0.0018903 -0.00183314 -0.00181534 -0.00174424 -0.00174928 -0.00181657 -0.00173493 -0.00175136 -0.00184451 -0.00191153 -0.00179805 -0.00184179 -0.00183352 -0.00178805 -0.00174316 -0.00174 -0.00170139 -0.00169395 -0.00175111 -0.0018343 -0.00171869 -0.00172798 -0.00184323 -0.0018052 -0.00176217 -0.00183023 -0.00191373 -0.00171699 -0.0017547 -0.0018475 -0.00188067 -0.00190711 -0.00178141 -0.00188916 -0.00188414 -0.00189177 -0.00183683 -0.00181912 -0.00184516 -0.00171574 -0.00178485 
-0.00180121 -0.00181239 -0.00180754 -0.00180498 -0.00178065 -0.00180986 -0.00171048 -0.00156847 -0.00148212 -0.00151682 0.00238222 0.00250373 0.00257624 0.00277368 0.139756 0.00289683 0.00294118 0.00274407 0.00272862 0.00252914 -0.00175195 -0.00166754 -0.00180181 -0.00199526 -0.00201524 -0.00229126 -0.00217756 -0.00198705 -0.00198136 -0.00207809 -0.00214255 -0.00208794 -0.00202783 -0.00201023 -0.00178943 -0.00183455 -0.00195454 -0.00189955 -0.00197047 -0.00185738 -0.00185458 -0.00191121 -0.00187973 -0.0019303 -0.00193226 -0.00185499 -0.00186705 -0.00188624 -0.00178522 -0.00180785 -0.00180772 -0.00183269 -0.0018646 -0.00179556 -0.0017236 -0.0018223 -0.00173022 -0.0018088 -0.00180216 -0.00178949 -0.00183903 -0.0017755 -0.00168835 -0.0017283 -0.00171771 -0.00173318 -0.00179395 -0.00184708 -0.00180731 -0.00187432 -0.00173897 -0.00175767 -0.00180757 -0.00184536 -0.00165404 -0.00171274 -0.00174183 -0.00174088 -0.00180874 -0.00178592 -0.00180181 -0.00180158 -0.00180777 -0.00181378 -0.00179289 -0.00185716 -0.00170764 -0.00174522 -0.00166478 -0.00182003 -0.0018289 -0.00174116 -0.00173749 -0.00184682 -0.0018112 -0.0017006 -0.00178547 -0.00170124 -0.00169472 -0.00167027 
-0.00187048 -0.00174467 -0.00180034 -0.00176242 -0.00183307 -0.00177456 -0.00167581 -0.00152007 -0.00153956 -0.00152012 0.00231735 0.00250952 0.00242993 0.00276978 0.00289683 0.141312 0.00294461 0.00263941 0.00262923 0.00249684 -0.00162714 -0.00166596 -0.00177565 -0.00204 -0.00212124 -0.00219784 -0.00206009 -0.00208287 -0.0021353 -0.00206695 -0.00212394 -0.00204932 -0.00195942 -0.0020443 -0.00183911 -0.00191 -0.00193515 -0.00191449 -0.00200812 -0.00196846 -0.00183284 -0.00182431 -0.00196964 -0.0019776 -0.00184172 -0.00191799 -0.00177129 -0.00192097 -0.00191681 -0.00183303 -0.00177788 -0.00181548 -0.0018201 -0.00179509 -0.00169986 -0.00182183 -0.00184776 -0.00176801 -0.00174548 -0.00171735 -0.0018378 -0.00189394 -0.00170563 -0.001782 -0.00178511 -0.00182858 -0.00183121 -0.00180713 -0.00177448 -0.00179672 -0.00180156 -0.00182082 -0.00184313 -0.00180735 -0.00167174 -0.00173954 -0.00172646 -0.001854 -0.00189771 -0.00180547 -0.00177 -0.00188328 -0.00176809 -0.00181867 -0.00185713 -0.00185273 -0.00175697 -0.00177369 -0.00176157 -0.00180463 -0.0017408 -0.00176094 -0.00176715 -0.00174055 -0.0017842 -0.00175814 -0.00182434 -0.00184501 -0.00180507 -0.00168053 
-0.00200646 -0.00189711 -0.00195311 -0.00194815 -0.00187882 -0.0021244 -0.00192704 -0.00186041 -0.00188206 -0.00171261 -0.00163553 0.00238225 0.00251763 0.00277552 0.00294118 0.00294461 0.145968 0.00301979 0.00311189 0.00296742 0.00258152 0.0025505 -0.00165837 -0.00192604 -0.0019696 -0.00204277 -0.00217488 -0.00228759 -0.00218034 -0.00222238 -0.00216536 -0.0021664 -0.00217849 -0.00205822 -0.00191541 -0.00197125 -0.00204853 -0.00216209 -0.00207833 -0.00200789 -0.00191541 -0.0020817 -0.00208638 -0.00207147 -0.00196491 -0.00198897 -0.00195747 -0.00196967 -0.00198837 -0.00193751 -0.00198993 -0.00194655 -0.00193764 -0.00195579 -0.00195695 -0.00204872 -0.00189661 -0.0018735 -0.00191915 -0.00192348 -0.00195211 -0.00188889 -0.00189541 -0.00181812 -0.0018328 -0.00187421 -0.00196765 -0.00190149 -0.00184297 -0.00190021 -0.00197111 -0.0019362 -0.00195627 -0.00188913 -0.00188564 -0.00181268 -0.00185342 -0.00190335 -0.00199684 -0.00191428 -0.0020091 -0.00184806 -0.00194508 -0.00190609 -0.00196714 -0.00193317 -0.0019174 -0.00184471 -0.00187058 -0.00187839 -0.00188071 -0.00192433 -0.00198094 -0.00187646 -0.00191276 -0.00194576 -0.00196636 -0.00189961 -0.00191604 -0.00189516 
-0.00188016 -0.00192534 -0.00186805 -0.00185819 -0.00178824 -0.00204844 -0.00200644 -0.00202423 -0.00206008 -0.00195155 -0.0018128 -0.00174081 -0.00153059 0.00244422 0.00274407 0.00263941 0.00301979 0.144446 0.00312522 0.00305123 0.00280221 0.0028135 0.00266114 -0.00156821 -0.00177513 -0.00187243 -0.00196418 -0.00217875 -0.0021612 -0.00205155 -0.00212726 -0.00216324 -0.00209771 -0.0020375 -0.0019202 -0.00199557 -0.00195228 -0.00199627 -0.00203017 -0.00190254 -0.00180489 -0.00191314 -0.00192793 -0.00199004 -0.00193652 -0.00198217 -0.00185989 -0.00183373 -0.00191719 -0.00178954 -0.00180089 -0.00185786 -0.00180145 -0.00192879 -0.00188986 -0.00179512 -0.00189499 -0.00179783 -0.0019212 -0.00197498 -0.00171279 -0.0018843 -0.00179746 -0.00180144 -0.00186828 -0.00182734 -0.00185304 -0.00193004 -0.00187391 -0.00188277 -0.00184647 -0.00176808 -0.00190105 -0.00191678 -0.00185696 -0.001711 -0.00182233 -0.00178687 -0.00183595 -0.00189996 -0.00181426 -0.00196065 -0.00185242 -0.00182604 -0.0017919 -0.0018662 -0.00185597 -0.00171867 -0.00171567 -0.00188407 -0.00183197 -0.00185576 -0.00201477 -0.00192436 -0.00179231 -0.00189533 -0.00184896 -0.00194846 -0.00188391 -0.00178105 
-0.00192136 -0.00184136 -0.00184526 -0.00185878 -0.00191917 -0.00201722 -0.00204085 -0.00197156 -0.00191997 -0.00187939 -0.0017041 -0.00161605 -0.00152487 0.00258921 0.00272862 0.00262923 0.00311189 0.00312522 0.14549 0.00306024 0.00289289 0.00284679 0.002673 -0.00160447 -0.00166474 -0.00197373 -0.00196517 -0.00206334 -0.00215663 -0.00217069 -0.00218347 -0.00221077 -0.00212563 -0.002017 -0.00201182 -0.00198035 -0.00203293 -0.00200056 -0.00199872 -0.00190143 -0.00190188 -0.00184998 -0.00207929 -0.0020182 -0.00191122 -0.0020924 -0.00194967 -0.0019572 -0.00186198 -0.00192262 -0.00196169 -0.00186506 -0.00181834 -0.00184899 -0.00178275 -0.00185633 -0.00190679 -0.00188079 -0.00186257 -0.00184858 -0.00183954 -0.0019858 -0.00183711 -0.00172417 -0.00192075 -0.00190214 -0.00184716 -0.00182422 -0.0018549 -0.00189659 -0.00193742 -0.00193408 -0.00182219 -0.00190921 -0.00177345 -0.00183919 -0.00178678 -0.00187513 -0.0019312 -0.00191419 -0.00185716 -0.00188954 -0.00185781 -0.00191191 -0.00189288 -0.00188448 -0.00185096 -0.00182198 -0.00177322 -0.00188587 -0.00190363 -0.0019402 -0.00189105 -0.00190774 -0.00192078 -0.00183112 -0.00185838 -0.00187646 -0.00191124 -0.00182761 
-0.00194504 -0.00193491 -0.00203085 -0.00210073 -0.00200826 -0.00219229 -0.00222967 -0.00212396 -0.00230071 -0.00211553 -0.0020217 -0.00193919 -0.00159463 -0.00174445 0.00252914 0.00249684 0.00296742 0.00305123 0.00306024 0.149261 0.00302315 0.00320726 0.00306829 0.00278327 0.00266462 -0.00177872 -0.0018457 -0.00188248 -0.00204175 -0.0020797 -0.0022266 -0.00216067 -0.00213579 -0.00212705 -0.00203384 -0.00204908 -0.00211599 -0.00216522 -0.00214838 -0.00208359 -0.00197927 -0.0019894 -0.00217793 -0.00211762 -0.00211374 -0.00206699 -0.00201128 -0.00201301 -0.00210731 -0.0019885 -0.00192532 -0.0019535 -0.00201468 -0.0019816 -0.00202955 -0.00207917 -0.00208368 -0.00198725 -0.00199144 -0.00199793 -0.00201089 -0.00198932 -0.00188945 -0.001875 -0.00198863 -0.00199625 -0.00194813 -0.00198917 -0.00194449 -0.00185149 -0.0020207 -0.00199212 -0.0020368 -0.00191168 -0.00186871 -0.00187477 -0.00187478 -0.00193706 -0.00197542 -0.00201045 -0.00197084 -0.00200937 -0.00195462 -0.00196154 -0.00197181 -0.00191923 -0.00198446 -0.00190324 -0.00198888 -0.00198951 -0.00191936 -0.00197467 -0.00195594 -0.00193692 -0.00208805 -0.00196354 -0.00201425 -0.00197699 -0.00204126 -0.00183679 
-0.00193858 -0.00190925 -0.00188638 -0.00190814 -0.0018742 -0.00213513 -0.00207708 -0.00214654 -0.00214771 -0.00205617 -0.00219173 -0.00213997 -0.00194526 -0.00188174 -0.00175195 -0.00162714 0.00258152 0.00280221 0.00289289 0.00302315 0.146575 0.00325095 0.00313111 0.00273771 0.00283415 0.00258647 -0.00161828 -0.00181658 -0.00191038 -0.00185255 -0.00193936 -0.00205843 -0.00212724 -0.00202647 -0.00201059 -0.00188976 -0.00213358 -0.00204946 -0.00195132 -0.00191157 -0.00194476 -0.00188207 -0.00200976 -0.00191585 -0.00210053 -0.00202332 -0.00193409 -0.00197094 -0.00185207 -0.00188338 -0.00191084 -0.00187594 -0.00188171 -0.00199733 -0.00185872 -0.00198372 -0.00199143 -0.00193623 -0.00187887 -0.00198105 -0.0018498 -0.00194698 -0.00174935 -0.00175944 -0.00185675 -0.00183276 -0.00190579 -0.00195388 -0.00191105 -0.00184726 -0.0018978 -0.00185363 -0.0019256 -0.00185279 -0.00182497 -0.00175483 -0.00177966 -0.00186864 -0.00184812 -0.00184681 -0.00186222 -0.00188923 -0.0019756 -0.00193226 -0.0018223 -0.00187076 -0.00180293 -0.00187505 -0.0017167 -0.00188149 -0.00183969 -0.00189265 -0.00188403 -0.00197585 -0.00196132 -0.00187049 -0.00192336 -0.00191783 -0.00195949 -0.00177051 
-0.00180595 -0.00190131 -0.00187938 -0.00189742 -0.00193185 -0.00200274 -0.00198264 -0.00214027 -0.00218761 -0.00200252 -0.0022016 -0.00194614 -0.00196 -0.00186795 -0.00166754 -0.00166596 0.0025505 0.0028135 0.00284679 0.00320726 0.00325095 0.146089 0.00316722 0.00279271 0.00274853 0.0025295 -0.001543 -0.00178004 -0.00180702 -0.00192757 -0.00201983 -0.00202402 -0.00220445 -0.00214061 -0.00206122 -0.00190859 -0.00202076 -0.00204202 -0.00210939 -0.00194601 -0.0018881 -0.0019103 -0.0019795 -0.00199705 -0.00193846 -0.00198612 -0.0019511 -0.00200569 -0.00198315 -0.00191976 -0.0019193 -0.00187565 -0.00193422 -0.00196788 -0.00189254 -0.00194326 -0.00191563 -0.00187328 -0.00186628 -0.00190403 -0.00198244 -0.00187231 -0.0018423 -0.00181372 -0.0019868 -0.00189292 -0.00183362 -0.00183627 -0.00184934 -0.00188587 -0.00196897 -0.00183713 -0.00192107 -0.00193941 -0.00177769 -0.00184722 -0.00176456 -0.00187382 -0.00188953 -0.00186831 -0.00187817 -0.00188474 -0.001822 -0.00188186 -0.00183742 -0.00182926 -0.00182102 -0.001762 -0.00174726 -0.00180328 -0.00187025 -0.00194784 -0.00193424 -0.00189663 -0.00184414 -0.00188452 -0.00192459 -0.00196449 -0.0019674 -0.00178447 
-0.00188487 -0.00182313 -0.00198001 -0.00196693 -0.00200074 -0.00205226 -0.00214083 -0.00218456 -0.00216854 -0.0020286 -0.00213719 -0.00220374 -0.0020822 -0.0020521 -0.00180181 -0.00177565 -0.00165837 0.00266114 0.002673 0.00306829 0.00313111 0.00316722 0.145591 0.0028333 0.00297081 0.00279339 0.00246659 -0.00167443 -0.00174539 -0.00174682 -0.00192855 -0.00209008 -0.00203775 -0.00204284 -0.00185977 -0.00193505 -0.00199885 -0.00195548 -0.00198158 -0.00205044 -0.00188175 -0.00193091 -0.00214385 -0.00189991 -0.00196401 -0.00210088 -0.00185355 -0.00182106 -0.00187781 -0.00187068 -0.00186445 -0.00186206 -0.00186408 -0.00180543 -0.00184584 -0.00183383 -0.00187709 -0.00187131 -0.0018741 -0.00187413 -0.00182311 -0.00189752 -0.00171262 -0.00174147 -0.00176371 -0.00189899 -0.0018929 -0.0018795 -0.0018253 -0.00192048 -0.0018331 -0.00182399 -0.00192926 -0.00185687 -0.00187995 -0.00178424 -0.00180245 -0.00191028 -0.00190997 -0.00184649 -0.00185192 -0.00185732 -0.00194561 -0.00186042 -0.00192969 -0.00191017 -0.00195111 -0.00182956 -0.0018052 -0.00186827 -0.00184517 -0.00192499 -0.0018302 -0.0019237 -0.00182407 -0.00191334 -0.00190465 -0.00193412 -0.00187013 -0.00173888 
-0.00183253 -0.0018624 -0.00191156 -0.00177942 -0.00190938 -0.00187737 -0.00198611 -0.00204247 -0.00203505 -0.00192959 -0.00207576 -0.00214183 -0.00205714 -0.00209164 -0.00199526 -0.00204 -0.00192604 -0.00156821 -0.00160447 0.00278327 0.00273771 0.00279271 0.0028333 0.141227 0.00300129 0.00286348 0.00260163 0.00241197 -0.00141286 -0.00146125 -0.00160382 -0.00170912 -0.00173071 -0.00182514 -0.00181679 -0.00181427 -0.00184519 -0.00178659 -0.00185353 -0.00190914 -0.00174805 -0.00179708 -0.00189443 -0.00185046 -0.00189341 -0.00176822 -0.00186381 -0.00177992 -0.00178813 -0.00186235 -0.00175027 -0.00176233 -0.00178189 -0.00182088 -0.00175063 -0.00181316 -0.00182426 -0.00183122 -0.00174527 -0.00169064 -0.00177929 -0.00169719 -0.00167324 -0.00174567 -0.00177535 -0.00179071 -0.00174049 -0.00168029 -0.00176991 -0.00182967 -0.0017545 -0.00180686 -0.00172465 -0.00175691 -0.00162669 -0.00168693 -0.00169707 -0.00163109 -0.00167539 -0.00171148 -0.00183134 -0.00172755 -0.00177641 -0.00174334 -0.00167183 -0.00182848 -0.0017092 -0.00166482 -0.00173658 -0.00176078 -0.00170245 -0.00172351 -0.00176445 -0.00188898 -0.00180379 -0.00180707 -0.00185439 -0.00180538 -0.00174819 -0.00169955 
-0.00196453 -0.00189237 -0.00200322 -0.00201076 -0.0020079 -0.00216797 -0.00220662 -0.00210401 -0.0021081 -0.00206571 -0.00231595 -0.0021853 -0.00223085 -0.00235873 -0.00201524 -0.00212124 -0.0019696 -0.00177513 -0.00166474 0.00266462 0.00283415 0.00274853 0.00297081 0.00300129 0.14581 0.00318386 0.0027134 0.00260471 0.00250278 0.00235741 -0.00152332 -0.0016436 -0.00179428 -0.00175753 -0.0019334 -0.00209461 -0.00207645 -0.00201682 -0.00204366 -0.00206488 -0.00200959 -0.00189501 -0.00207122 -0.00202177 -0.00210111 -0.0021202 -0.00201419 -0.00189277 -0.00193845 -0.00195507 -0.00196019 -0.00191894 -0.00195785 -0.00191814 -0.00191596 -0.00188189 -0.00197978 -0.00196173 -0.00196676 -0.00195903 -0.00182917 -0.00185074 -0.00179404 -0.00191962 -0.001998 -0.00193381 -0.00187309 -0.00191121 -0.00197773 -0.00191837 -0.00197496 -0.00190774 -0.00190214 -0.00187525 -0.00183191 -0.00173625 -0.00179662 -0.00193572 -0.00187515 -0.00178553 -0.00186747 -0.00188435 -0.00197154 -0.00182092 -0.00201033 -0.00190606 -0.00193659 -0.0017986 -0.00183536 -0.00191385 -0.00197683 -0.00200475 -0.00194062 -0.00196509 -0.00198821 -0.00186468 -0.00193289 -0.00187645 -0.00187354 -0.00183989 
-0.00194607 -0.00192676 -0.00197633 -0.00196056 -0.00199349 -0.00208872 -0.00207972 -0.00215317 -0.0021716 -0.00208126 -0.00220483 -0.00221109 -0.00215208 -0.00236277 -0.00229126 -0.00219784 -0.00204277 -0.00187243 -0.00197373 -0.00177872 0.00258647 0.0025295 0.00279339 0.00286348 0.00318386 0.144362 0.00289689 0.00274044 0.00267183 0.00252501 0.00236024 -0.00131704 -0.00168386 -0.00176398 -0.00177897 -0.00182654 -0.00210369 -0.0021432 -0.00203251 -0.00205915 -0.00190214 -0.00183973 -0.00199895 -0.00204908 -0.00204226 -0.00193733 -0.00193421 -0.0019193 -0.00191019 -0.00198407 -0.00194025 -0.00195532 -0.00190842 -0.00186882 -0.00189863 -0.00191162 -0.00182434 -0.00192949 -0.00188742 -0.00193928 -0.00190727 -0.00193991 -0.00185792 -0.00176532 -0.00195318 -0.00189766 -0.00189366 -0.00207571 -0.00181013 -0.0018669 -0.00171601 -0.001921 -0.0018681 -0.00192712 -0.00191082 -0.00179491 -0.00176708 -0.00179788 -0.00190045 -0.00177905 -0.0018695 -0.00194379 -0.0019189 -0.00181899 -0.00187953 -0.00187255 -0.00187642 -0.00184656 -0.00180213 -0.00182266 -0.00194442 -0.00198832 -0.00178119 -0.00186988 -0.0018663 -0.00186455 -0.00186677 -0.00186135 -0.00191093 -0.00180339 
-0.00182684 -0.00184026 -0.00182731 -0.001874 -0.00189394 -0.00203081 -0.00203843 -0.00198865 -0.00200795 -0.00190915 -0.00200753 -0.00212419 -0.00197427 -0.00209635 -0.00217756 -0.00206009 -0.00217488 -0.00196418 -0.00196517 -0.0018457 -0.00161828 -0.001543 0.00246659 0.00260163 0.0027134 0.00289689 0.139366 0.00272721 0.00265656 0.00252444 0.00247196 0.00234553 -0.00137791 -0.00146533 -0.00158701 -0.00164043 -0.00176173 -0.00181378 -0.00201176 -0.00187087 -0.00184582 -0.00180637 -0.00181653 -0.00193596 -0.00181189 -0.00187663 -0.00169839 -0.00174451 -0.00179381 -0.00174941 -0.00187625 -0.00178395 -0.00178241 -0.00182836 -0.00176303 -0.00177857 -0.00174707 -0.00174853 -0.00171969 -0.00183946 -0.00177632 -0.00178319 -0.00171412 -0.00180048 -0.00182606 -0.00172885 -0.00180665 -0.00179655 -0.0018248 -0.00177916 -0.00170252 -0.00173764 -0.00180129 -0.00176704 -0.0017166 -0.00169625 -0.00167495 -0.00175954 -0.00172802 -0.00174944 -0.00181529 -0.0018633 -0.00178548 -0.00181596 -0.00178027 -0.00178743 -0.00179892 -0.00162608 -0.00172453 -0.00172611 -0.00191429 -0.00171377 -0.00173429 -0.00175918 -0.00182397 -0.00181772 -0.00180078 -0.00173484 -0.00165168 -0.00166327 
-0.00179748 -0.00181171 -0.0017758 -0.00179528 -0.00175769 -0.00192995 -0.00190312 -0.00200474 -0.00193936 -0.00195471 -0.00206513 -0.00215765 -0.00199608 -0.0020461 -0.00198705 -0.00208287 -0.00228759 -0.00217875 -0.00206334 -0.00188248 -0.00181658 -0.00178004 -0.00167443 0.00241197 0.00260471 0.00274044 0.00272721 0.137253 0.00283597 0.00268418 0.0026072 0.00248739 0.00219427 -0.00135155 -0.00142792 -0.00143368 -0.00166666 -0.00168546 -0.00184336 -0.00176256 -0.00182491 -0.00184091 -0.00188148 -0.00181586 -0.00179593 -0.00182583 -0.00179735 -0.00181252 -0.00174078 -0.00169771 -0.00175321 -0.00169615 -0.0017281 -0.0017947 -0.00169878 -0.00173467 -0.00173332 -0.0016574 -0.00179247 -0.00169662 -0.00179784 -0.00174522 -0.00163188 -0.00169936 -0.00169058 -0.00184411 -0.00171819 -0.00167774 -0.00181828 -0.00173018 -0.00171262 -0.00178264 -0.0017309 -0.00180114 -0.00166361 -0.00165472 -0.00166287 -0.00168209 -0.00177807 -0.00172029 -0.00164596 -0.00176438 -0.00182948 -0.00179629 -0.00171789 -0.00178267 -0.00179264 -0.00163465 -0.00162148 -0.00170141 -0.00171347 -0.00173117 -0.00177686 -0.00178267 -0.00171042 -0.00169014 -0.00175168 -0.00178231 -0.00187592 -0.00172512 
-0.00177589 -0.00177317 -0.00170224 -0.00176588 -0.00176378 -0.00187775 -0.00188048 -0.00195175 -0.00191772 -0.001913 -0.00201424 -0.00206385 -0.00197646 -0.00205897 -0.00198136 -0.0021353 -0.00218034 -0.0021612 -0.00215663 -0.00204175 -0.00191038 -0.00180702 -0.00174539 -0.00141286 0.00250278 0.00267183 0.00265656 0.00283597 0.1353 0.00277975 0.00268588 0.00249304 0.00250013 0.00226546 -0.00134922 -0.00135235 -0.00151113 -0.00151487 -0.00168025 -0.00179489 -0.00177887 -0.00171929 -0.0018754 -0.00176442 -0.00183601 -0.00181439 -0.00173437 -0.00172044 -0.00169811 -0.00175478 -0.00176457 -0.00165679 -0.00175205 -0.00176831 -0.00173717 -0.00167397 -0.00166112 -0.00168125 -0.00175603 -0.00179067 -0.00175993 -0.00177087 -0.00159387 -0.00164855 -0.00165997 -0.00170319 -0.00156717 -0.00175941 -0.00173789 -0.00177826 -0.00175226 -0.0016715 -0.00171058 -0.00179145 -0.00149454 -0.00165316 -0.00175049 -0.0016535 -0.0017236 -0.0017532 -0.00176562 -0.00167921 -0.00174527 -0.00165282 -0.00180006 -0.00172077 -0.00176064 -0.00161196 -0.0016796 -0.00167045 -0.00172348 -0.00175041 -0.00182254 -0.00175008 -0.00174771 -0.00175632 -0.00173697 -0.00178747 -0.00175725 -0.00173163 
-0.00172589 -0.00175357 -0.00170795 -0.00166222 -0.0017798 -0.00192378 -0.00190036 -0.00192803 -0.00201731 -0.00186378 -0.00190261 -0.00204143 -0.0019224 -0.00199223 -0.00207809 -0.00206695 -0.00222238 -0.00205155 -0.00217069 -0.0020797 -0.00185255 -0.00192757 -0.00174682 -0.00146125 0.00235741 0.00252501 0.00252444 0.00268418 0.00277975 0.133959 0.00255468 0.00241523 0.00235692 0.00223855 -0.00129388 -0.00132852 -0.00144936 -0.00153066 -0.00166669 -0.0017633 -0.0017427 -0.00168143 -0.00181304 -0.00177594 -0.00186272 -0.00178293 -0.0015839 -0.00177727 -0.00167523 -0.00173505 -0.00170344 -0.00174653 -0.00163815 -0.00178306 -0.00162481 -0.00174725 -0.00164239 -0.00178408 -0.00168674 -0.00175729 -0.0016548 -0.00167206 -0.00151776 -0.00158498 -0.0016205 -0.00166947 -0.00170382 -0.0016595 -0.00174198 -0.00161571 -0.00166226 -0.00170256 -0.00163206 -0.00168388 -0.00156983 -0.001582 -0.00162458 -0.00164554 -0.00170525 -0.00165101 -0.00163389 -0.00168804 -0.00171903 -0.00166224 -0.00177778 -0.00172057 -0.0017842 -0.00158117 -0.0016009 -0.00172366 -0.00177601 -0.00169478 -0.00173012 -0.00172638 -0.00163498 -0.00180994 -0.0017497 -0.00166714 -0.00172473 -0.0017353 
-0.00182684 -0.00176869 -0.00177342 -0.00179115 -0.00191698 -0.00191441 -0.00184475 -0.001957 -0.00193336 -0.00190476 -0.00200597 -0.00206407 -0.00194721 -0.00214481 -0.00214255 -0.00212394 -0.00216536 -0.00212726 -0.00218347 -0.0022266 -0.00193936 -0.00201983 -0.00192855 -0.00160382 -0.00152332 0.00236024 0.00247196 0.0026072 0.00268588 0.00255468 0.134838 0.00266766 0.00247476 0.00231559 0.00217481 0.00214892 -0.00134183 -0.00146925 -0.00155273 -0.0017185 -0.00171998 -0.00173875 -0.00183552 -0.00180118 -0.00184344 -0.00184166 -0.00182822 -0.00166477 -0.00172032 -0.00183521 -0.00176869 -0.00171969 -0.00170685 -0.00181401 -0.00169366 -0.00175363 -0.00175584 -0.00176295 -0.00172867 -0.00177073 -0.00176712 -0.00175141 -0.00167336 -0.00172066 -0.00172648 -0.0017438 -0.00176626 -0.00174306 -0.00179241 -0.00179862 -0.00169886 -0.00173269 -0.00175917 -0.00188687 -0.00163215 -0.00166104 -0.00164388 -0.00169766 -0.00176765 -0.00172823 -0.00168614 -0.00167654 -0.00169256 -0.00172541 -0.00175511 -0.00178514 -0.00173491 -0.00163508 -0.00167242 -0.00174362 -0.00174661 -0.00173823 -0.0016867 -0.00170162 -0.00173889 -0.00171517 -0.00175737 -0.00169967 -0.00178967 -0.00176364 
-0.00175153 -0.00164848 -0.00173364 -0.00181836 -0.001798 -0.00189011 -0.00201667 -0.00210276 -0.00195298 -0.00194936 -0.00212039 -0.00203458 -0.00187874 -0.00216672 -0.00208794 -0.00204932 -0.0021664 -0.00216324 -0.00221077 -0.00216067 -0.00205843 -0.00202402 -0.00209008 -0.00170912 -0.0016436 -0.00131704 0.00234553 0.00248739 0.00249304 0.00241523 0.00266766 0.133093 0.00261667 0.00248541 0.00220453 0.00220359 0.0020193 -0.00137283 -0.00145105 -0.00156542 -0.00165846 -0.00169675 -0.00177104 -0.00177635 -0.00180952 -0.00177799 -0.00172905 -0.0017737 -0.0017889 -0.00169128 -0.00166369 -0.00164194 -0.00166303 -0.00165511 -0.00170906 -0.00170822 -0.00163909 -0.00169662 -0.0017649 -0.00175198 -0.00166813 -0.00160876 -0.00160746 -0.00155999 -0.00172686 -0.00167035 -0.00172496 -0.00175391 -0.00171605 -0.00180065 -0.00176777 -0.00174191 -0.00176012 -0.0015857 -0.00158293 -0.00165821 -0.00156254 -0.00168952 -0.00170303 -0.00170412 -0.00170669 -0.0018172 -0.00171558 -0.00173811 -0.00173083 -0.00176574 -0.00167333 -0.00170287 -0.00162249 -0.00170443 -0.00167313 -0.00177218 -0.00171697 -0.00161563 -0.00174666 -0.00168187 -0.00172197 -0.00172787 -0.00166446 -0.00164182 
-0.00180577 -0.00174205 -0.00176409 -0.0018146 -0.00188769 -0.00185896 -0.001928 -0.00191787 -0.00184198 -0.00189361 -0.00198195 -0.00198196 -0.00193183 -0.00212867 -0.00202783 -0.00195942 -0.00217849 -0.00209771 -0.00212563 -0.00213579 -0.00212724 -0.00220445 -0.00203775 -0.00173071 -0.00179428 -0.00168386 -0.00137791 0.00219427 0.00250013 0.00235692 0.00247476 0.00261667 0.131626 0.00262098 0.00229841 0.00237302 0.00215421 0.00204362 -0.00123946 -0.00138259 -0.00150225 -0.0015485 -0.00166097 -0.00175809 -0.00182934 -0.00167856 -0.001694 -0.00164423 -0.00175649 -0.00175746 -0.00171516 -0.00165058 -0.00163444 -0.00172842 -0.00167718 -0.00170567 -0.00171788 -0.00176751 -0.00172841 -0.00165662 -0.0017217 -0.00167822 -0.00162493 -0.00161994 -0.0016133 -0.00162046 -0.00174079 -0.00167129 -0.00166974 -0.00167726 -0.00173758 -0.00176174 -0.00169765 -0.00168703 -0.00164186 -0.00165562 -0.00160422 -0.00165636 -0.001694 -0.00158854 -0.00164149 -0.00165402 -0.00171231 -0.00166506 -0.00173225 -0.00164836 -0.00173529 -0.00166432 -0.00153736 -0.00164969 -0.00175414 -0.00171851 -0.0016065 -0.00172788 -0.00167571 -0.00166114 -0.00167354 -0.00171364 -0.00171137 -0.00162075 
-0.00167648 -0.00175232 -0.00166009 -0.00180963 -0.00173747 -0.00182182 -0.00187807 -0.00179172 -0.00185669 -0.00186496 -0.00202104 -0.00201436 -0.00203695 -0.00207713 -0.00201023 -0.0020443 -0.00205822 -0.0020375 -0.002017 -0.00212705 -0.00202647 -0.00214061 -0.00204284 -0.00182514 -0.00175753 -0.00176398 -0.00146533 -0.00135155 0.00226546 0.00223855 0.00231559 0.00248541 0.00262098 0.130463 0.00232495 0.00241506 0.00226708 0.00224336 0.00203762 -0.00139905 -0.00143741 -0.00143343 -0.00158954 -0.00170068 -0.00170304 -0.00177442 -0.00166838 -0.00168369 -0.00168941 -0.00163049 -0.00170464 -0.00159429 -0.00160529 -0.00168442 -0.00172247 -0.00174728 -0.0016824 -0.00168509 -0.00173499 -0.00166739 -0.00164184 -0.00170098 -0.00156595 -0.00162557 -0.00168027 -0.00159474 -0.00164813 -0.00161383 -0.00177503 -0.00168486 -0.00167387 -0.00177033 -0.00169461 -0.00171831 -0.00164263 -0.00156701 -0.00162358 -0.00169169 -0.00171231 -0.00160501 -0.00168802 -0.00166592 -0.00164737 -0.00173452 -0.00165684 -0.00159807 -0.00169848 -0.0015745 -0.0015785 -0.00176202 -0.00169434 -0.0016695 -0.00164439 -0.00162231 -0.00171392 -0.00167512 -0.00160417 -0.0016251 -0.00180442 -0.00158511 
