0.123211 0.00225121 0.0021975 0.0021684 0.00209671 0.00194923 -0.00119874 -0.00120377 -0.00138675 -0.00139635 -0.00159321 -0.00175721 -0.00172975 -0.00181356 -0.00177274 -0.00178365 -0.00189669 -0.00189132 -0.00197029 -0.001969 -0.00193749 -0.0019246 -0.00196196 -0.00175568 -0.00194537 -0.00192267 -0.00171743 -0.00181818 -0.0017607 -0.00179984 -0.00174997 -0.00174255 -0.00166425 -0.0016662 -0.00155733 -0.00156468 -0.00165979 -0.00164816 -0.00168127 -0.00159747 -0.00150864 -0.00161609 -0.00168377 -0.00160475 -0.00158736 -0.00165072 -0.00145815 -0.00147527 -0.0015727 -0.00157515 -0.00152614 -0.0015343 -0.00152634 -0.00157269 -0.0014445 -0.00144472 -0.00146461 -0.00159213 -0.00154084 -0.00151306 -0.00153204 -0.00148269 -0.00141933 -0.00141257 -0.00156071 -0.00148112 -0.00147808 -0.00152646 -0.00155643 -0.00149703 -0.00153097 -0.0015321 -0.00145447 -0.00148275 -0.00137022 -0.00141214 -0.00149243 -0.00153758 -0.00151226 -0.00149876 -0.00149298 -0.00153423 -0.00149657 -0.00152395 -0.00149267 -0.00156438 -0.00148711 -0.00147024 -0.00149937 -0.00151259 -0.00137994 -0.00152757 -0.00134036 -0.00110813 -0.00128119 -0.00112121 0.00185486 0.00188516 0.00211456 0.00220475 
0.00225121 0.123794 0.00228266 0.00218791 0.00218368 0.00213539 0.00202017 -0.00113518 -0.0013146 -0.00134704 -0.00141057 -0.00161356 -0.00170314 -0.00176951 -0.00186661 -0.00175439 -0.00181307 -0.00185971 -0.00190693 -0.00200384 -0.00193406 -0.00191547 -0.00194921 -0.00181781 -0.00192349 -0.00188991 -0.00188545 -0.00175594 -0.00184147 -0.00176954 -0.00178679 -0.00175891 -0.00164373 -0.0016372 -0.00157728 -0.00161039 -0.00160598 -0.00166749 -0.00163147 -0.00168488 -0.00163845 -0.0015753 -0.00169392 -0.00155409 -0.0017102 -0.00161793 -0.0015269 -0.00162534 -0.00155973 -0.00153093 -0.00145856 -0.00154641 -0.00155806 -0.0015634 -0.00141821 -0.00151275 -0.00152611 -0.00161895 -0.00151019 -0.00149558 -0.00155445 -0.00153165 -0.00154926 -0.00139926 -0.00152072 -0.00151281 -0.00154175 -0.00155142 -0.00153321 -0.00153462 -0.00152704 -0.00150593 -0.00150231 -0.00153394 -0.00149289 -0.00137638 -0.00143835 -0.00154833 -0.00150148 -0.00149626 -0.00154874 -0.00153694 -0.00155089 -0.00159076 -0.00150627 -0.00151988 -0.00149869 -0.00145837 -0.00140841 -0.0015104 -0.0016005 -0.00151116 -0.00134864 -0.00140894 -0.00134714 -0.00123311 -0.00109994 0.00190605 0.00198116 0.00211407 
0.0021975 0.00228266 0.123583 0.00227948 0.00214207 0.00220719 0.00211857 0.00198433 -0.0012724 -0.00125566 -0.00141714 -0.00161664 -0.00158157 -0.00173699 -0.00180211 -0.00182189 -0.00189362 -0.00188619 -0.00183798 -0.00205494 -0.00190736 -0.00185721 -0.00196319 -0.00178889 -0.00195379 -0.00198571 -0.00174798 -0.00180479 -0.00172841 -0.00175661 -0.00173705 -0.00169136 -0.00172516 -0.00171512 -0.00158217 -0.0015225 -0.00157033 -0.00167098 -0.0016337 -0.00170593 -0.00157616 -0.0015935 -0.00158924 -0.00162522 -0.0016438 -0.00166581 -0.00151059 -0.00155194 -0.0015874 -0.0015739 -0.00162529 -0.00152783 -0.0015669 -0.00149431 -0.00154754 -0.00151655 -0.00156654 -0.00142859 -0.0015304 -0.00155684 -0.00147593 -0.00146795 -0.00136307 -0.0014129 -0.00156097 -0.00146502 -0.0015002 -0.00146195 -0.00147081 -0.00154748 -0.00152549 -0.00155072 -0.00156181 -0.00149814 -0.00136457 -0.00146477 -0.00148668 -0.00153875 -0.00151385 -0.00151339 -0.00151861 -0.00156586 -0.00160684 -0.00157 -0.00144363 -0.00145154 -0.00157702 -0.00143378 -0.00148638 -0.00155914 -0.00145382 -0.00158236 -0.00147755 -0.00141505 -0.00141434 -0.00137257 -0.00131876 -0.00118221 0.00187951 0.00200317 
0.0021684 0.00218791 0.00227948 0.12429 0.00229486 0.00235431 0.00220574 0.00218259 0.00203769 -0.0012612 -0.00130168 -0.00154492 -0.00158293 -0.00170343 -0.00176517 -0.00186897 -0.00183274 -0.00192756 -0.00199767 -0.00201779 -0.00194021 -0.00187397 -0.00192173 -0.00181479 -0.00188695 -0.00190808 -0.00183259 -0.00174923 -0.00175586 -0.00166479 -0.00175588 -0.00176125 -0.00180008 -0.00168849 -0.00155009 -0.00155854 -0.00160677 -0.00173351 -0.00163626 -0.00165348 -0.00159996 -0.00154325 -0.00158752 -0.00165565 -0.00173336 -0.00173095 -0.00155048 -0.00154926 -0.00147752 -0.00153148 -0.00147673 -0.00147998 -0.00150709 -0.00152349 -0.00152353 -0.00157371 -0.00150828 -0.00155539 -0.00151654 -0.00156056 -0.0015219 -0.00147252 -0.00146866 -0.00161076 -0.00156744 -0.00157066 -0.00155276 -0.00155646 -0.0015466 -0.00155676 -0.00152537 -0.00153752 -0.00151662 -0.00161313 -0.00140343 -0.00137866 -0.00149753 -0.00158017 -0.00157516 -0.00156136 -0.00151859 -0.00146597 -0.00150149 -0.00154124 -0.00148302 -0.00152116 -0.00155203 -0.00145039 -0.00150199 -0.00161211 -0.00151238 -0.00151664 -0.00150191 -0.00157833 -0.00153909 -0.00144517 -0.00130985 -0.00133702 -0.00120616 0.00178868 
0.00209671 0.00218368 0.00214207 0.00229486 0.124831 0.00244062 0.00232574 0.00218741 0.00219587 0.00203562 -0.00119281 -0.00137793 -0.00142679 -0.00163419 -0.00180221 -0.0018241 -0.0019623 -0.0018403 -0.00198499 -0.0020196 -0.00187147 -0.00198015 -0.00196284 -0.00180729 -0.00202849 -0.00196637 -0.00184556 -0.00183095 -0.00172191 -0.0017811 -0.00175567 -0.00181339 -0.00165595 -0.00171836 -0.00162594 -0.00172126 -0.00166883 -0.00174835 -0.00170908 -0.0018025 -0.00159728 -0.00154989 -0.00165937 -0.0016575 -0.00159846 -0.00166145 -0.00160062 -0.00163508 -0.00150231 -0.00159506 -0.00159857 -0.00152218 -0.00147803 -0.00153731 -0.00150212 -0.00155508 -0.00154504 -0.00151152 -0.00161891 -0.00152838 -0.00159134 -0.00159074 -0.00148393 -0.00150554 -0.00157164 -0.00138646 -0.00154366 -0.00150566 -0.00149885 -0.0015754 -0.00154782 -0.00158519 -0.00153263 -0.00149498 -0.00152652 -0.0014623 -0.00149324 -0.00160183 -0.00155526 -0.00152685 -0.0015323 -0.00150614 -0.00151291 -0.00147905 -0.00142275 -0.00150816 -0.0014553 -0.00150284 -0.00156274 -0.00158332 -0.00154267 -0.00160296 -0.001553 -0.0015684 -0.00153755 -0.00154775 -0.00147443 -0.00135914 -0.00120537 -0.00116259 
0.00194923 0.00213539 0.00220719 0.00235431 0.00244062 0.128186 0.00246957 0.00242944 0.00228548 0.00212077 0.00215637 -0.00134018 -0.00133155 -0.00165926 -0.00179832 -0.00188686 -0.00215326 -0.00210012 -0.00199112 -0.00217033 -0.00214038 -0.00216137 -0.00210504 -0.00187408 -0.00195831 -0.00206983 -0.00189744 -0.00185389 -0.00185312 -0.00183607 -0.00188181 -0.00188256 -0.0017917 -0.0018404 -0.00171067 -0.00172703 -0.00175439 -0.00171642 -0.00175165 -0.00179373 -0.00171749 -0.00164936 -0.00179091 -0.0017251 -0.00170315 -0.00171848 -0.00167354 -0.00170986 -0.00162917 -0.00168812 -0.00164838 -0.00162456 -0.00167178 -0.00171061 -0.00171722 -0.00162999 -0.00162818 -0.00158955 -0.00166457 -0.00172427 -0.0015351 -0.001617 -0.00154921 -0.00154958 -0.0015942 -0.00167069 -0.00165854 -0.00162734 -0.00164899 -0.00157526 -0.00156312 -0.00159234 -0.00168055 -0.00157002 -0.00155345 -0.00157161 -0.00152774 -0.00164778 -0.00159623 -0.00165471 -0.00160187 -0.00159323 -0.00171919 -0.00164488 -0.00163982 -0.00160736 -0.00163938 -0.00161447 -0.00155264 -0.00156836 -0.00161854 -0.00163265 -0.00154601 -0.0016299 -0.0015989 -0.00159714 -0.0015285 -0.00133417 -0.00127121 -0.00116804 
-0.00119874 0.00202017 0.00211857 0.00220574 0.00232574 0.00246957 0.129177 0.00241576 0.00244561 0.00245302 0.00228891 0.00220654 -0.00118678 -0.00149599 -0.0017312 -0.00170934 -0.00194389 -0.00199693 -0.00203831 -0.00212802 -0.00214153 -0.00221033 -0.00193198 -0.00190731 -0.00210562 -0.00200302 -0.00196525 -0.00188845 -0.00188121 -0.00189292 -0.00193679 -0.00181709 -0.00193022 -0.00188155 -0.00180467 -0.00172749 -0.00190779 -0.00178434 -0.00187121 -0.00179383 -0.00171112 -0.00172132 -0.00174485 -0.00182405 -0.00178395 -0.00182295 -0.00160322 -0.00172274 -0.00169557 -0.00171298 -0.00168551 -0.0016586 -0.00157378 -0.0015723 -0.00160237 -0.00160688 -0.00166737 -0.00167194 -0.00174182 -0.00167866 -0.00162168 -0.00156286 -0.00164937 -0.00154658 -0.00157843 -0.00158887 -0.00170008 -0.00163738 -0.00155039 -0.00166788 -0.00170445 -0.00163839 -0.00164327 -0.00157304 -0.00150896 -0.00149671 -0.00157801 -0.00162861 -0.00168147 -0.00164923 -0.00170472 -0.00165982 -0.00169243 -0.00166394 -0.00164583 -0.00163164 -0.00157009 -0.00162926 -0.00149194 -0.00167218 -0.00168453 -0.00173415 -0.00159359 -0.00161589 -0.00166528 -0.00169832 -0.0017465 -0.00153587 -0.00144907 -0.00122247 
-0.00120377 -0.00113518 0.00198433 0.00218259 0.00218741 0.00242944 0.00241576 0.130265 0.0025525 0.00243261 0.00234128 0.00233154 0.00216059 -0.0015002 -0.00164762 -0.00164033 -0.00191424 -0.00205537 -0.00210789 -0.00217042 -0.00211941 -0.0020683 -0.00210531 -0.00192866 -0.00216282 -0.00221852 -0.00195375 -0.0020326 -0.00197805 -0.00191642 -0.00196472 -0.00182277 -0.00189504 -0.0018711 -0.0016955 -0.00168216 -0.00175363 -0.00183843 -0.00172499 -0.00171976 -0.00178797 -0.00170759 -0.00184857 -0.001821 -0.00173568 -0.00179354 -0.00161713 -0.00160386 -0.00167854 -0.00164709 -0.0016719 -0.00160285 -0.00168318 -0.00167035 -0.00167982 -0.00169837 -0.00171188 -0.00162965 -0.00169363 -0.00163271 -0.00165526 -0.001592 -0.0015993 -0.00169188 -0.00169609 -0.00169519 -0.00164522 -0.00158701 -0.00167026 -0.00167852 -0.00174189 -0.00163475 -0.00158799 -0.0017284 -0.00153966 -0.00165843 -0.00156518 -0.00169879 -0.00168719 -0.00170999 -0.00158401 -0.00166094 -0.00165292 -0.00164782 -0.00158301 -0.00165767 -0.00164755 -0.00160233 -0.00165969 -0.001677 -0.0015686 -0.00164698 -0.00164146 -0.00166241 -0.00165022 -0.00168635 -0.00165566 -0.0016329 -0.00156206 -0.00139789 
-0.00138675 -0.0013146 -0.0012724 0.00203769 0.00219587 0.00228548 0.00244561 0.0025525 0.13168 0.00251426 0.0025055 0.00241545 0.00242106 0.00229163 -0.00153305 -0.00159976 -0.00178793 -0.00194731 -0.002013 -0.00214539 -0.00215143 -0.00212261 -0.00201456 -0.0019889 -0.00222845 -0.00210161 -0.0020645 -0.00193627 -0.00206094 -0.00178964 -0.00197426 -0.001995 -0.0019268 -0.00192462 -0.00181059 -0.0018269 -0.00173501 -0.00179232 -0.00185749 -0.00182919 -0.00177247 -0.00177225 -0.00193265 -0.00176442 -0.00179406 -0.00187974 -0.00169596 -0.00170956 -0.00171483 -0.00171392 -0.00173763 -0.0017792 -0.00166675 -0.00168162 -0.00165951 -0.00171861 -0.00158489 -0.00167012 -0.00171673 -0.00163521 -0.00171407 -0.00169031 -0.00151897 -0.00153908 -0.00176957 -0.00160638 -0.00160495 -0.00169324 -0.00173537 -0.00167757 -0.00171608 -0.00168883 -0.00166308 -0.00164334 -0.00157796 -0.0015883 -0.00159441 -0.0017483 -0.00166095 -0.0017318 -0.00169804 -0.0016741 -0.00167676 -0.00158885 -0.00175034 -0.00164906 -0.00170093 -0.00170049 -0.00171228 -0.00168743 -0.00169045 -0.00173075 -0.00167446 -0.00163115 -0.00168202 -0.00168601 -0.00167549 -0.00173265 -0.00164636 -0.00146301 
-0.00139635 -0.00134704 -0.00125566 -0.0012612 0.00203562 0.00212077 0.00245302 0.00243261 0.00251426 0.129773 0.00254907 0.00248285 0.00239711 0.00219908 -0.00142591 -0.00147734 -0.00158704 -0.00187563 -0.00184684 -0.00212853 -0.00201418 -0.0020348 -0.00210459 -0.00195666 -0.00213847 -0.00210727 -0.00199876 -0.00189419 -0.00175596 -0.00183088 -0.00188661 -0.0018669 -0.00177954 -0.00180876 -0.00173409 -0.00167636 -0.00184013 -0.00176209 -0.00175186 -0.00173708 -0.00161069 -0.00168819 -0.00171634 -0.00178872 -0.0017305 -0.00170014 -0.00169842 -0.00166235 -0.00175979 -0.00166209 -0.0016212 -0.00159822 -0.00169028 -0.00169788 -0.00164233 -0.00163686 -0.001625 -0.0015927 -0.00161292 -0.00153468 -0.00161238 -0.00169565 -0.00155899 -0.00149743 -0.00162375 -0.00167461 -0.00156608 -0.00158744 -0.00158033 -0.00164517 -0.00169016 -0.00166625 -0.00167777 -0.00164155 -0.00145362 -0.00149929 -0.00160718 -0.00172461 -0.00163596 -0.00162946 -0.00163817 -0.00164569 -0.00160011 -0.00161677 -0.00163373 -0.00160084 -0.00166999 -0.00153535 -0.00157674 -0.00155046 -0.00157456 -0.00163899 -0.00168208 -0.00156268 -0.0015755 -0.00161945 -0.00161945 -0.00163301 -0.00165699 -0.00150867 
-0.00159321 -0.00141057 -0.00141714 -0.00130168 -0.00119281 0.00215637 0.00228891 0.00234128 0.0025055 0.00254907 0.134651 0.00274342 0.00268191 0.00243036 0.00226981 0.00241634 -0.00160217 -0.00174438 -0.00171574 -0.00208559 -0.00211803 -0.00217213 -0.00216953 -0.00201974 -0.00230647 -0.00214261 -0.00212586 -0.00211971 -0.00200517 -0.00189332 -0.0020368 -0.00199299 -0.00192292 -0.00196962 -0.0018282 -0.00179733 -0.0019156 -0.00173105 -0.00197712 -0.00183628 -0.00174608 -0.00172008 -0.00188053 -0.00186847 -0.00180154 -0.00185887 -0.00170987 -0.00176925 -0.00178229 -0.00173951 -0.00180134 -0.00166408 -0.00171167 -0.00176444 -0.00181792 -0.00178865 -0.0017774 -0.00179781 -0.00173768 -0.0017572 -0.00174946 -0.00165854 -0.0017119 -0.00159912 -0.00178962 -0.00170436 -0.00165252 -0.00172726 -0.0018916 -0.00171625 -0.00178105 -0.00181804 -0.00184463 -0.00180303 -0.00157886 -0.00171947 -0.00165909 -0.00162005 -0.00168026 -0.00176454 -0.00181797 -0.00176136 -0.00177942 -0.00182399 -0.0017731 -0.00171678 -0.00165748 -0.00160538 -0.00166581 -0.00171717 -0.00181526 -0.00170017 -0.00174612 -0.00165576 -0.00178659 -0.00181978 -0.00178816 -0.00179122 -0.00181882 -0.00168562 
-0.00175721 -0.00161356 -0.00161664 -0.00154492 -0.00137793 -0.00134018 0.00220654 0.00233154 0.00241545 0.00248285 0.00274342 0.136669 0.00272879 0.00268715 0.00236962 0.00257467 0.00235727 -0.00161584 -0.00170423 -0.0018595 -0.00207977 -0.0020493 -0.00221892 -0.00199361 -0.00223827 -0.0022152 -0.00199096 -0.00202355 -0.00196123 -0.00199942 -0.00203168 -0.00202705 -0.00202909 -0.00190401 -0.00185426 -0.00181388 -0.00189554 -0.00198381 -0.0019805 -0.00183412 -0.00189072 -0.00188436 -0.00203207 -0.00185212 -0.00188168 -0.00187942 -0.00177263 -0.00181672 -0.00185785 -0.00176856 -0.00180923 -0.00175602 -0.00182226 -0.00175495 -0.00182078 -0.00179937 -0.00180925 -0.00174166 -0.00175737 -0.00174665 -0.00173976 -0.00176575 -0.00176007 -0.00175256 -0.00176711 -0.00180258 -0.00174783 -0.00181139 -0.00178413 -0.00176205 -0.00177322 -0.00173467 -0.00183164 -0.00179425 -0.00165935 -0.00166318 -0.0016841 -0.00176877 -0.00187283 -0.00178151 -0.00179589 -0.00186245 -0.00166287 -0.0018013 -0.00178951 -0.00178586 -0.00174997 -0.00175472 -0.00171276 -0.00180615 -0.00173009 -0.00174211 -0.00178378 -0.0018028 -0.00181897 -0.00177483 -0.00167363 -0.00176697 -0.00185703 -0.00162985 
-0.00172975 -0.00170314 -0.00158157 -0.00158293 -0.00142679 -0.00133155 -0.00118678 0.00216059 0.00242106 0.00239711 0.00268191 0.00272879 0.135473 0.00272118 0.00250245 0.00256548 0.00242071 -0.00168278 -0.00164587 -0.00181948 -0.00200982 -0.00204516 -0.00218508 -0.00198958 -0.00223644 -0.0021331 -0.00199168 -0.00198812 -0.00193072 -0.00192505 -0.00206348 -0.00198051 -0.00199881 -0.00186214 -0.00176061 -0.00172965 -0.00180576 -0.00182495 -0.00182373 -0.00181137 -0.00170375 -0.00177782 -0.00186153 -0.00182966 -0.00186916 -0.00181449 -0.00170718 -0.00162621 -0.00177009 -0.00168831 -0.00173541 -0.00162532 -0.00167354 -0.00181831 -0.00176438 -0.00172704 -0.00167265 -0.0018058 -0.00171533 -0.00173661 -0.0017138 -0.00165462 -0.00166947 -0.00161124 -0.00176364 -0.00173065 -0.00172416 -0.00177515 -0.0018018 -0.00175668 -0.00175961 -0.00169666 -0.0017121 -0.00175774 -0.00152641 -0.0016456 -0.00161553 -0.00168053 -0.00169532 -0.00176772 -0.00174602 -0.00179167 -0.00173715 -0.0017117 -0.00175515 -0.00157274 -0.00174053 -0.00166885 -0.00156097 -0.00164716 -0.00178138 -0.00176831 -0.00178708 -0.00166634 -0.00172388 -0.00166471 -0.00180509 -0.00172254 -0.001743 -0.0017107 
-0.00181356 -0.00176951 -0.00173699 -0.00170343 -0.00163419 -0.00165926 -0.00149599 -0.0015002 0.00229163 0.00219908 0.00243036 0.00268715 0.00272118 0.140435 0.00281499 0.00289095 0.00274039 0.0026213 0.00261261 -0.00167428 -0.00186057 -0.00187974 -0.00203795 -0.0021203 -0.00238357 -0.00233128 -0.00217567 -0.0021413 -0.00214743 -0.00208765 -0.00221792 -0.00205664 -0.00203238 -0.00203185 -0.00202867 -0.00193816 -0.00191297 -0.00189438 -0.00198058 -0.00193954 -0.00191577 -0.00184915 -0.00197992 -0.00197254 -0.00193585 -0.00195204 -0.00182383 -0.00189822 -0.00188402 -0.00183756 -0.00181126 -0.00177932 -0.00181649 -0.00179756 -0.00182396 -0.00186178 -0.00179739 -0.00186838 -0.00182028 -0.00185999 -0.00181646 -0.00189212 -0.00182145 -0.00181877 -0.00179845 -0.00180495 -0.00178987 -0.00184908 -0.00181212 -0.00178169 -0.00185275 -0.00185573 -0.0019384 -0.00186065 -0.00175083 -0.00167706 -0.00176884 -0.00184534 -0.0018529 -0.00180392 -0.0017233 -0.00192675 -0.00182407 -0.00184116 -0.00184996 -0.00188258 -0.00175691 -0.00173071 -0.00177392 -0.00187366 -0.00190678 -0.00185549 -0.0017735 -0.0017897 -0.00183478 -0.00188666 -0.00185973 -0.00189008 -0.00184272 -0.00175942 
-0.00177274 -0.00186661 -0.00180211 -0.00176517 -0.00180221 -0.00179832 -0.0017312 -0.00164762 -0.00153305 -0.00142591 0.00226981 0.00236962 0.00250245 0.00281499 0.139696 0.00297545 0.00290959 0.00260329 0.00280508 0.00254628 -0.00168821 -0.00168483 -0.00185151 -0.00195709 -0.00215037 -0.00229901 -0.00208586 -0.00198713 -0.00199506 -0.00214211 -0.00202463 -0.00205036 -0.00206239 -0.00207097 -0.00187497 -0.00185798 -0.0019212 -0.00198428 -0.00201251 -0.00189573 -0.00184404 -0.00185819 -0.00196179 -0.00199325 -0.00198228 -0.00186988 -0.00183125 -0.00179713 -0.00172473 -0.00179082 -0.00168575 -0.00178689 -0.0017414 -0.00174738 -0.00175839 -0.00171849 -0.00175964 -0.00170599 -0.00171236 -0.00182792 -0.00182668 -0.0017712 -0.00172821 -0.00178115 -0.00170534 -0.00170273 -0.00185837 -0.00169676 -0.00178882 -0.00176018 -0.00178125 -0.00179016 -0.00182921 -0.00182983 -0.0016946 -0.00176069 -0.00169884 -0.0016798 -0.00167034 -0.00172647 -0.00162582 -0.00180751 -0.00185285 -0.00180592 -0.0018062 -0.00179921 -0.00184575 -0.00167552 -0.00165792 -0.00181361 -0.00178853 -0.00175476 -0.00181326 -0.00174156 -0.00176558 -0.00177339 -0.0018047 -0.00175217 -0.0018889 -0.00180033 
-0.00178365 -0.00175439 -0.00182189 -0.00186897 -0.0018241 -0.00188686 -0.00170934 -0.00164033 -0.00159976 -0.00147734 0.00241634 0.00257467 0.00256548 0.00289095 0.00297545 0.141372 0.00293691 0.0028258 0.00277978 0.00260551 -0.00166937 -0.00174614 -0.00187485 -0.00204145 -0.00219689 -0.00221774 -0.00212943 -0.00205503 -0.00203627 -0.00209015 -0.00210845 -0.00210421 -0.0020072 -0.00206112 -0.00194403 -0.00191902 -0.00190759 -0.00195365 -0.00195204 -0.00198951 -0.0018132 -0.00178638 -0.00187943 -0.00196313 -0.00190511 -0.0019665 -0.00176628 -0.00185305 -0.00176712 -0.00177831 -0.00175837 -0.00179541 -0.00180175 -0.00173646 -0.001849 -0.00177995 -0.00182197 -0.0017925 -0.00176491 -0.00187846 -0.00177825 -0.00180166 -0.00183662 -0.00176369 -0.00181214 -0.00184149 -0.00186493 -0.00184574 -0.00175499 -0.00184022 -0.00184434 -0.0017528 -0.0017893 -0.00183297 -0.00181044 -0.0017079 -0.00178046 -0.00174487 -0.00168662 -0.0017339 -0.00178631 -0.00176408 -0.00188549 -0.00182483 -0.00185434 -0.00191245 -0.00178573 -0.00176169 -0.00178466 -0.00179715 -0.00177349 -0.00182376 -0.00171269 -0.00183996 -0.00186438 -0.00188123 -0.00181136 -0.00187477 -0.00186504 -0.00168793 
-0.00189669 -0.00181307 -0.00189362 -0.00183274 -0.0019623 -0.00215326 -0.00194389 -0.00191424 -0.00178793 -0.00158704 -0.00160217 0.00235727 0.00242071 0.00274039 0.00290959 0.00293691 0.146063 0.0029728 0.00303742 0.00288396 0.00257493 0.00260469 -0.00169703 -0.00172644 -0.00209993 -0.00211945 -0.00224794 -0.00224489 -0.0021332 -0.00218107 -0.0022627 -0.00218145 -0.00216554 -0.00214709 -0.00205271 -0.00196632 -0.00214527 -0.00212114 -0.00207084 -0.00212394 -0.00194601 -0.00186136 -0.00200747 -0.00204019 -0.0020949 -0.00200034 -0.00189014 -0.00197895 -0.0019478 -0.00196674 -0.00193944 -0.00191875 -0.00190896 -0.00191196 -0.00198635 -0.00193609 -0.00194385 -0.00192759 -0.00190293 -0.00194319 -0.0020028 -0.00193874 -0.00179185 -0.00183018 -0.001918 -0.00193454 -0.00193558 -0.00184835 -0.00187294 -0.00191187 -0.00193151 -0.00195797 -0.00186455 -0.00198505 -0.00193332 -0.00185308 -0.00181132 -0.00191233 -0.00193446 -0.00191265 -0.00192672 -0.00200868 -0.00189756 -0.00189294 -0.00188416 -0.00194658 -0.00195261 -0.00176876 -0.00176237 -0.00191892 -0.001948 -0.00197098 -0.00189746 -0.00198862 -0.00194398 -0.00183025 -0.00188107 -0.00196572 -0.00199545 -0.00191284 
-0.00189132 -0.00185971 -0.00188619 -0.00192756 -0.0018403 -0.00210012 -0.00199693 -0.00205537 -0.00194731 -0.00187563 -0.00174438 -0.00161584 -0.00168278 0.0026213 0.00260329 0.0028258 0.0029728 0.144995 0.0032017 0.0031137 0.00288394 0.00288148 0.00275813 -0.00169899 -0.00179603 -0.0018478 -0.00193093 -0.00206781 -0.00203484 -0.00201778 -0.00216371 -0.00209619 -0.00215273 -0.00198624 -0.0021134 -0.00203889 -0.00202244 -0.00206179 -0.00200046 -0.00198262 -0.00190905 -0.00191799 -0.00201071 -0.00187384 -0.00193248 -0.0020599 -0.00193505 -0.0018191 -0.0017935 -0.00186425 -0.00183645 -0.00187714 -0.00199531 -0.00173197 -0.0018715 -0.00186053 -0.00185418 -0.00189636 -0.0019399 -0.00188481 -0.00185284 -0.00185582 -0.00181281 -0.00175535 -0.00188908 -0.00177485 -0.00190128 -0.00197088 -0.00172592 -0.00184653 -0.00191853 -0.0019087 -0.00189466 -0.00188819 -0.00183818 -0.001721 -0.00176769 -0.00190684 -0.00182174 -0.00184955 -0.00177821 -0.00194404 -0.00190249 -0.00189618 -0.00196356 -0.00193317 -0.00186595 -0.00182773 -0.00177601 -0.00174522 -0.00189442 -0.00185437 -0.00184187 -0.00193598 -0.00194173 -0.00192742 -0.00183083 -0.00195097 -0.00196032 -0.0018857 
-0.00197029 -0.00190693 -0.00183798 -0.00199767 -0.00198499 -0.00199112 -0.00203831 -0.00210789 -0.002013 -0.00184684 -0.00171574 -0.00170423 -0.00164587 0.00261261 0.00280508 0.00277978 0.00303742 0.0032017 0.145516 0.00311118 0.00284678 0.00283911 0.00262563 -0.00158848 -0.00187913 -0.00187388 -0.00205492 -0.00213026 -0.00207548 -0.00210091 -0.00213755 -0.00210376 -0.00206106 -0.00211714 -0.00206446 -0.00193267 -0.00209768 -0.00198609 -0.00204004 -0.00208442 -0.0019974 -0.00190942 -0.0019972 -0.00195816 -0.00199374 -0.00198345 -0.00193795 -0.00183742 -0.00191999 -0.00182462 -0.00184904 -0.00194199 -0.0018323 -0.00186329 -0.00194922 -0.00187658 -0.00184146 -0.00179099 -0.00193228 -0.00185168 -0.00192193 -0.0019048 -0.00176862 -0.00176414 -0.00175829 -0.00196358 -0.00183137 -0.00188696 -0.00182634 -0.00188364 -0.00192546 -0.00170274 -0.00195214 -0.00187237 -0.0019333 -0.0018096 -0.00177887 -0.00188206 -0.00175365 -0.00185739 -0.00183151 -0.00193484 -0.00188237 -0.00191353 -0.0018952 -0.00190559 -0.00192711 -0.00180533 -0.00173667 -0.00187808 -0.00186609 -0.00183491 -0.00188138 -0.00188424 -0.00183736 -0.00191967 -0.00186531 -0.00180918 -0.00177964 -0.00183355 
-0.001969 -0.00200384 -0.00205494 -0.00201779 -0.0020196 -0.00217033 -0.00212802 -0.00217042 -0.00214539 -0.00212853 -0.00208559 -0.0018595 -0.00181948 -0.00167428 0.00254628 0.00260551 0.00288396 0.0031137 0.00311118 0.149106 0.0032348 0.00315577 0.0030358 0.00266242 0.00271723 -0.00169857 -0.00186055 -0.00187732 -0.00209627 -0.00208076 -0.00228121 -0.00220941 -0.002215 -0.00217506 -0.00203504 -0.00210315 -0.00206011 -0.00207385 -0.00214289 -0.00206977 -0.0020356 -0.00196516 -0.00210916 -0.00210164 -0.00206647 -0.00216588 -0.00194183 -0.00212302 -0.0021041 -0.00203181 -0.00202476 -0.00209203 -0.00203962 -0.00198231 -0.00191057 -0.00196184 -0.00189987 -0.0019338 -0.00188831 -0.00196818 -0.00205286 -0.00201117 -0.00187828 -0.00190745 -0.00200336 -0.00206361 -0.0019512 -0.00197172 -0.00191049 -0.00200496 -0.00204609 -0.00197211 -0.00203186 -0.00198777 -0.00189025 -0.00192509 -0.00199435 -0.00196261 -0.00198511 -0.00190877 -0.00196098 -0.00197305 -0.00196842 -0.00193628 -0.0020385 -0.00203314 -0.00192127 -0.00188023 -0.00181652 -0.00193059 -0.00202455 -0.00196882 -0.00187825 -0.00195866 -0.00190263 -0.00196991 -0.00201426 -0.0019281 -0.00201618 -0.00202153 
-0.00193749 -0.00193406 -0.00190736 -0.00194021 -0.00187147 -0.00214038 -0.00214153 -0.00211941 -0.00215143 -0.00201418 -0.00211803 -0.00207977 -0.00200982 -0.00186057 -0.00168821 -0.00166937 0.00257493 0.00288394 0.00284678 0.0032348 0.146653 0.00329855 0.00309504 0.00277904 0.00278057 0.00263628 -0.00157923 -0.00188073 -0.00185354 -0.00180874 -0.00204366 -0.00205654 -0.00202593 -0.00217383 -0.00199756 -0.00210863 -0.00205624 -0.0020678 -0.00199264 -0.00205837 -0.00189922 -0.00190946 -0.00201205 -0.00202462 -0.00206444 -0.00204437 -0.00187832 -0.00190582 -0.00194576 -0.0018552 -0.00181408 -0.00184339 -0.00196573 -0.00188687 -0.00190476 -0.00190247 -0.00199245 -0.00188947 -0.00190199 -0.00188447 -0.00190509 -0.00196694 -0.00180654 -0.00190448 -0.00187717 -0.00197954 -0.00190081 -0.00180831 -0.00192406 -0.00199205 -0.00182213 -0.00185418 -0.00191552 -0.00183359 -0.00175132 -0.00181723 -0.00180268 -0.00197695 -0.00189192 -0.00187071 -0.00189445 -0.001904 -0.00181231 -0.00195656 -0.00190543 -0.00185004 -0.00181468 -0.00178652 -0.00173522 -0.00189668 -0.00190604 -0.0019662 -0.00194204 -0.00187796 -0.00181829 -0.00193513 -0.00188451 -0.00191024 -0.00184874 -0.00172461 
-0.0019246 -0.00191547 -0.00185721 -0.00187397 -0.00198015 -0.00216137 -0.00221033 -0.0020683 -0.00212261 -0.0020348 -0.00217213 -0.0020493 -0.00204516 -0.00187974 -0.00168483 -0.00174614 0.00260469 0.00288148 0.00283911 0.00315577 0.00329855 0.146377 0.00313518 0.00280121 0.00285487 0.00263196 -0.00155235 -0.00183506 -0.00191474 -0.00180029 -0.00200922 -0.00214746 -0.00208085 -0.00206647 -0.00198657 -0.00206526 -0.00200184 -0.00200519 -0.00194808 -0.00195476 -0.0018977 -0.00190277 -0.00200872 -0.00196645 -0.00202838 -0.00200558 -0.00192157 -0.00192642 -0.00196743 -0.00189709 -0.00188993 -0.00197089 -0.00189498 -0.00185355 -0.00187564 -0.00196663 -0.00196209 -0.00188235 -0.00197478 -0.00197198 -0.00196727 -0.00186494 -0.00178618 -0.00175202 -0.00186003 -0.00188637 -0.00188563 -0.00190288 -0.0019267 -0.0019076 -0.00192924 -0.0018511 -0.00193711 -0.00181599 -0.00177698 -0.00178835 -0.00175064 -0.00193195 -0.00185434 -0.0018665 -0.00189204 -0.00183781 -0.00194469 -0.00184246 -0.00185511 -0.00190597 -0.00188757 -0.00179452 -0.00186052 -0.00187851 -0.00197544 -0.00193103 -0.00177868 -0.00181946 -0.001895 -0.00193963 -0.00192284 -0.00173384 -0.00196532 -0.00181798 
-0.00196196 -0.00194921 -0.00196319 -0.00192173 -0.00196284 -0.00210504 -0.00193198 -0.00210531 -0.00201456 -0.00210459 -0.00216953 -0.00221892 -0.00218508 -0.00203795 -0.00185151 -0.00187485 -0.00169703 0.00275813 0.00262563 0.0030358 0.00309504 0.00313518 0.145473 0.00303953 0.00287519 0.00276524 0.00242648 -0.00164749 -0.00168471 -0.00177402 -0.00182831 -0.00201864 -0.00197551 -0.0020754 -0.00203182 -0.0019105 -0.00209275 -0.00199966 -0.00208275 -0.0019525 -0.00192547 -0.00182016 -0.00197084 -0.00199512 -0.00197789 -0.001988 -0.0019188 -0.00190619 -0.0018793 -0.00197798 -0.00191659 -0.00186688 -0.00188429 -0.00193515 -0.00191872 -0.00185153 -0.00188399 -0.00183814 -0.00183167 -0.00190078 -0.00184415 -0.00189583 -0.00179405 -0.00181889 -0.00175619 -0.00177759 -0.00194853 -0.00173592 -0.00182291 -0.00201594 -0.00189995 -0.00177001 -0.00181908 -0.00183331 -0.00170307 -0.00181229 -0.00183934 -0.00188102 -0.00189401 -0.00189832 -0.0018935 -0.00189411 -0.00190505 -0.00195579 -0.00188776 -0.00192305 -0.00179362 -0.00176569 -0.00181674 -0.00184955 -0.00182987 -0.00190994 -0.00181381 -0.00190265 -0.00181951 -0.00184778 -0.001877 -0.0018658 -0.00180251 -0.0017982 
-0.00175568 -0.00181781 -0.00178889 -0.00181479 -0.00180729 -0.00187408 -0.00190731 -0.00192866 -0.0019889 -0.00195666 -0.00201974 -0.00199361 -0.00198958 -0.0021203 -0.00195709 -0.00204145 -0.00172644 -0.00169899 -0.00158848 0.00266242 0.00277904 0.00280121 0.00303953 0.141023 0.00311066 0.00293762 0.00247567 0.00236243 -0.00142738 -0.00145259 -0.00164778 -0.00170737 -0.00183424 -0.00187587 -0.00183132 -0.00182019 -0.00190659 -0.00192808 -0.00190118 -0.00198767 -0.00182874 -0.00181089 -0.00186941 -0.00191169 -0.00181214 -0.00191523 -0.00181911 -0.00183016 -0.00177277 -0.0017947 -0.00190857 -0.00168119 -0.00170106 -0.00174424 -0.00186296 -0.00171597 -0.00180943 -0.00177172 -0.00175278 -0.00179924 -0.00177964 -0.00173478 -0.00166425 -0.00161364 -0.00168631 -0.00176432 -0.00172884 -0.00169486 -0.00178833 -0.00174643 -0.00169471 -0.0017986 -0.00173558 -0.00171803 -0.00164317 -0.00166474 -0.00168973 -0.00173197 -0.00177041 -0.00178157 -0.00182035 -0.00174006 -0.0017809 -0.00180804 -0.00181855 -0.00183437 -0.0018064 -0.00165891 -0.00169796 -0.00181865 -0.00184371 -0.00177982 -0.00180064 -0.00177996 -0.00179089 -0.00181453 -0.00175125 -0.00174159 -0.00173634 -0.00173032 
-0.00194537 -0.00192349 -0.00195379 -0.00188695 -0.00202849 -0.00195831 -0.00210562 -0.00216282 -0.00222845 -0.00213847 -0.00230647 -0.00223827 -0.00223644 -0.00238357 -0.00215037 -0.00219689 -0.00209993 -0.00179603 -0.00187913 0.00271723 0.00278057 0.00285487 0.00287519 0.00311066 0.145816 0.00308889 0.00279092 0.00262022 0.00243587 0.00242298 -0.00161571 -0.00166293 -0.00169534 -0.00188574 -0.00186552 -0.00203589 -0.00198633 -0.00212064 -0.00199054 -0.00197141 -0.00204112 -0.00189148 -0.00196595 -0.0020035 -0.0021082 -0.00213174 -0.00190459 -0.00200761 -0.0019184 -0.00194329 -0.00194141 -0.00200328 -0.00194318 -0.00198376 -0.00199124 -0.00189976 -0.00201977 -0.00193184 -0.00200315 -0.00194843 -0.0018919 -0.00195387 -0.00178716 -0.0017979 -0.00190591 -0.00191585 -0.00182428 -0.00191402 -0.00181882 -0.00187801 -0.0019644 -0.00188557 -0.00187008 -0.00185774 -0.00177343 -0.0018044 -0.00183883 -0.00198633 -0.00195368 -0.00193872 -0.00202241 -0.00188651 -0.00189179 -0.00190386 -0.00194158 -0.00190928 -0.00188714 -0.00182365 -0.00187031 -0.00194185 -0.00186767 -0.00193537 -0.00187445 -0.00189834 -0.00188127 -0.00190026 -0.00194815 -0.00187529 -0.00190103 -0.00176198 
-0.00192267 -0.00188991 -0.00198571 -0.00190808 -0.00196637 -0.00206983 -0.00200302 -0.00221852 -0.00210161 -0.00210727 -0.00214261 -0.0022152 -0.0021331 -0.00233128 -0.00229901 -0.00221774 -0.00211945 -0.0018478 -0.00187388 -0.00169857 0.00263628 0.00263196 0.00276524 0.00293762 0.00308889 0.144119 0.00280996 0.00265942 0.00253889 0.00250322 0.00239521 -0.00149643 -0.0015529 -0.00175059 -0.00183115 -0.00187743 -0.00193927 -0.00199371 -0.00201761 -0.00205299 -0.00195115 -0.00196691 -0.00200296 -0.00199301 -0.00204103 -0.00199509 -0.00193464 -0.00188523 -0.00193809 -0.00190396 -0.00192357 -0.00178371 -0.00195724 -0.00178506 -0.0018785 -0.00192396 -0.00196284 -0.00195692 -0.00183337 -0.001855 -0.0018848 -0.0019357 -0.00178844 -0.00179378 -0.00185948 -0.00190721 -0.00191135 -0.00185705 -0.00193104 -0.00192967 -0.00180027 -0.00200456 -0.00193283 -0.00182661 -0.00186203 -0.001751 -0.00178326 -0.0019991 -0.00191284 -0.00183975 -0.00194039 -0.00192825 -0.00192017 -0.00185427 -0.00185825 -0.00190618 -0.00190071 -0.00172442 -0.00177036 -0.00188986 -0.00191295 -0.00191739 -0.00191227 -0.00192861 -0.00187445 -0.00192353 -0.00183332 -0.00189045 -0.00190254 -0.00175069 
-0.00171743 -0.00188545 -0.00174798 -0.00183259 -0.00184556 -0.00189744 -0.00196525 -0.00195375 -0.0020645 -0.00199876 -0.00212586 -0.00199096 -0.00199168 -0.00217567 -0.00208586 -0.00212943 -0.00224794 -0.00193093 -0.00205492 -0.00186055 -0.00157923 -0.00155235 0.00242648 0.00247567 0.00279092 0.00280996 0.139096 0.00287759 0.0025928 0.00257008 0.00248995 0.00225055 -0.00136426 -0.0015931 -0.00164448 -0.00169256 -0.00179095 -0.00187363 -0.00183461 -0.00186199 -0.00185227 -0.00178432 -0.0018396 -0.00191715 -0.00182817 -0.00186043 -0.0017839 -0.00178411 -0.00168056 -0.00174158 -0.00180949 -0.00176764 -0.00179825 -0.00176119 -0.00168999 -0.00183109 -0.00189763 -0.00180986 -0.00179636 -0.00178663 -0.00183371 -0.00181136 -0.00168941 -0.00178134 -0.00170859 -0.00178845 -0.00181046 -0.00179151 -0.00176449 -0.0018338 -0.00185364 -0.00180414 -0.00170986 -0.00181843 -0.00164309 -0.0017103 -0.0015823 -0.00171831 -0.00175168 -0.00177974 -0.00170543 -0.00170135 -0.00182722 -0.00177116 -0.00181205 -0.00179658 -0.0018225 -0.00167686 -0.00173097 -0.00179161 -0.00172936 -0.00173534 -0.00171879 -0.00178491 -0.0016726 -0.00166698 -0.0017521 -0.00173248 -0.00174025 -0.00171723 
-0.00181818 -0.00175594 -0.00180479 -0.00174923 -0.00183095 -0.00185389 -0.00188845 -0.0020326 -0.00193627 -0.00189419 -0.00211971 -0.00202355 -0.00198812 -0.0021413 -0.00198713 -0.00205503 -0.00224489 -0.00206781 -0.00213026 -0.00187732 -0.00188073 -0.00183506 -0.00164749 0.00236243 0.00262022 0.00265942 0.00287759 0.137122 0.00274911 0.00270872 0.00253778 0.00242655 0.00228122 -0.00138174 -0.00152443 -0.00152109 -0.00159186 -0.0017512 -0.00184714 -0.00186742 -0.00180637 -0.00180507 -0.00180162 -0.00185018 -0.00184597 -0.00186136 -0.00173154 -0.00178983 -0.00164482 -0.0017295 -0.00166715 -0.0016542 -0.00167515 -0.00177611 -0.00179826 -0.0018364 -0.00174769 -0.00169687 -0.00181879 -0.00185473 -0.00168172 -0.00180744 -0.00167295 -0.00164856 -0.00164724 -0.00171653 -0.00174968 -0.00168687 -0.00169481 -0.00179844 -0.0018292 -0.00169404 -0.00176326 -0.00172764 -0.00175223 -0.00174081 -0.00164505 -0.00176646 -0.00170902 -0.00171537 -0.00176579 -0.00169273 -0.00177175 -0.00176142 -0.00171123 -0.00167632 -0.00171231 -0.00156022 -0.00165811 -0.00189277 -0.0017347 -0.00164005 -0.00181676 -0.00182133 -0.00179107 -0.00175039 -0.00168397 -0.00169027 -0.0017077 -0.00161909 
-0.0017607 -0.00184147 -0.00172841 -0.00175586 -0.00172191 -0.00185312 -0.00188121 -0.00197805 -0.00206094 -0.00175596 -0.00200517 -0.00196123 -0.00193072 -0.00214743 -0.00199506 -0.00203627 -0.0021332 -0.00203484 -0.00207548 -0.00209627 -0.00185354 -0.00191474 -0.00168471 -0.00142738 0.00243587 0.00253889 0.0025928 0.00274911 0.135111 0.00282467 0.00268326 0.00253964 0.00227599 0.0021433 -0.00134618 -0.00132348 -0.00155752 -0.00153968 -0.00171231 -0.00182877 -0.00184521 -0.0017451 -0.0018326 -0.00185377 -0.00186412 -0.00183987 -0.00171111 -0.0016996 -0.00167635 -0.0017488 -0.00169347 -0.00178079 -0.00172972 -0.00175629 -0.00170277 -0.00171546 -0.00173823 -0.00170513 -0.00171194 -0.00172855 -0.00170888 -0.00173745 -0.00162437 -0.00170201 -0.00173717 -0.00172548 -0.00165339 -0.00172817 -0.0017463 -0.0017921 -0.00166949 -0.00171641 -0.00157456 -0.00167563 -0.00160614 -0.00161863 -0.00159707 -0.00169044 -0.00168928 -0.00171255 -0.00164844 -0.00174543 -0.001787 -0.00172165 -0.00171262 -0.001712 -0.00171378 -0.00166068 -0.00166204 -0.00165037 -0.00177411 -0.0017388 -0.00172297 -0.00168057 -0.00173826 -0.00172668 -0.00174668 -0.00168243 -0.00177017 -0.00157363 
-0.00179984 -0.00176954 -0.00175661 -0.00166479 -0.0017811 -0.00183607 -0.00189292 -0.00191642 -0.00178964 -0.00183088 -0.00189332 -0.00199942 -0.00192505 -0.00208765 -0.00214211 -0.00209015 -0.00218107 -0.00201778 -0.00210091 -0.00208076 -0.00180874 -0.00180029 -0.00177402 -0.00145259 0.00242298 0.00250322 0.00257008 0.00270872 0.00282467 0.133686 0.00268312 0.00243883 0.00234384 0.0022222 -0.00142955 -0.00139442 -0.0015495 -0.0015588 -0.00171149 -0.00182962 -0.00171762 -0.00165606 -0.00183208 -0.00177415 -0.00176731 -0.00178084 -0.00174459 -0.00171724 -0.00163549 -0.0016962 -0.00161814 -0.00157047 -0.001642 -0.00166933 -0.00168951 -0.00175026 -0.00172083 -0.00175838 -0.0017639 -0.00162943 -0.00166674 -0.00181178 -0.00163906 -0.00173948 -0.00173341 -0.0017686 -0.00177874 -0.00167801 -0.00170527 -0.00167272 -0.0016086 -0.00170681 -0.00166835 -0.00169889 -0.00161563 -0.00158514 -0.00164544 -0.00170439 -0.00175863 -0.0017435 -0.00173453 -0.00163561 -0.00165403 -0.00167947 -0.00171498 -0.00162385 -0.00167925 -0.00162324 -0.00162799 -0.00167068 -0.00162985 -0.00160131 -0.00170312 -0.00166696 -0.00170077 -0.00172674 -0.00175143 -0.00169929 -0.00163567 -0.0017167 
-0.00174997 -0.00178679 -0.00173705 -0.00175588 -0.00175567 -0.00188181 -0.00193679 -0.00196472 -0.00197426 -0.00188661 -0.0020368 -0.00203168 -0.00206348 -0.00221792 -0.00202463 -0.00210845 -0.0022627 -0.00216371 -0.00213755 -0.00228121 -0.00204366 -0.00200922 -0.00182831 -0.00164778 -0.00161571 0.00239521 0.00248995 0.00253778 0.00268326 0.00268312 0.13456 0.00262561 0.00252397 0.00239555 0.00214251 0.00217367 -0.00134949 -0.00154755 -0.00153495 -0.00162535 -0.00162589 -0.00176733 -0.00186091 -0.00179401 -0.00188321 -0.00182376 -0.00172337 -0.00173955 -0.00172551 -0.00172969 -0.00175225 -0.00173605 -0.00174012 -0.00170218 -0.00163461 -0.0017176 -0.00177022 -0.00178123 -0.00176482 -0.00164057 -0.00175937 -0.00183175 -0.00166294 -0.0016816 -0.00168603 -0.00177383 -0.00177485 -0.00172507 -0.00184538 -0.00174173 -0.00164307 -0.00171528 -0.00159528 -0.00175224 -0.00162741 -0.00166741 -0.00168721 -0.00170153 -0.00170487 -0.00177743 -0.00179125 -0.00167053 -0.00176881 -0.00173463 -0.00177146 -0.00171692 -0.00184082 -0.00175724 -0.00169292 -0.00172189 -0.00177768 -0.00169086 -0.00178243 -0.00179287 -0.00182614 -0.00175513 -0.00171775 -0.0018002 -0.00174231 -0.00163222 
-0.00174255 -0.00175891 -0.00169136 -0.00176125 -0.00181339 -0.00188256 -0.00181709 -0.00182277 -0.001995 -0.0018669 -0.00199299 -0.00202705 -0.00198051 -0.00205664 -0.00205036 -0.00210421 -0.00218145 -0.00209619 -0.00210376 -0.00220941 -0.00205654 -0.00214746 -0.00201864 -0.00170737 -0.00166293 -0.00149643 0.00225055 0.00242655 0.00253964 0.00243883 0.00262561 0.132927 0.00262865 0.00254633 0.00221705 0.0021486 0.00204434 -0.00136954 -0.00136618 -0.00149212 -0.00161142 -0.00163166 -0.00183305 -0.00180216 -0.00176339 -0.00174691 -0.00168263 -0.00174499 -0.00174714 -0.0017085 -0.00167431 -0.00172404 -0.0017257 -0.00172219 -0.0017192 -0.00173234 -0.00172431 -0.00171637 -0.00173471 -0.00167888 -0.00174267 -0.00164135 -0.00165262 -0.00162318 -0.0017623 -0.00169675 -0.0017691 -0.00175626 -0.00167691 -0.00169017 -0.00168811 -0.00173537 -0.00170308 -0.00166506 -0.00169839 -0.00179542 -0.00171038 -0.00167541 -0.00170411 -0.00173409 -0.00169765 -0.00167503 -0.00170365 -0.00163766 -0.00169968 -0.00164762 -0.00169944 -0.00166899 -0.00163794 -0.00162621 -0.00170082 -0.00169558 -0.00171383 -0.00173508 -0.00164984 -0.00182808 -0.00175321 -0.00177153 -0.00176789 -0.00166736 
-0.00166425 -0.00164373 -0.00172516 -0.00180008 -0.00165595 -0.0017917 -0.00193022 -0.00189504 -0.0019268 -0.00177954 -0.00192292 -0.00202909 -0.00199881 -0.00203238 -0.00206239 -0.0020072 -0.00216554 -0.00215273 -0.00206106 -0.002215 -0.00202593 -0.00208085 -0.00197551 -0.00183424 -0.00169534 -0.0015529 -0.00136426 0.00228122 0.00227599 0.00234384 0.00252397 0.00262865 0.131352 0.00252826 0.00233436 0.00234901 0.00218091 0.00207864 -0.00131788 -0.00142932 -0.00148562 -0.00150796 -0.00171498 -0.00187056 -0.00177192 -0.00175553 -0.00173846 -0.00172474 -0.00166372 -0.00172064 -0.00172072 -0.00174432 -0.00172917 -0.00162455 -0.00157968 -0.00176875 -0.00166453 -0.00172139 -0.00157791 -0.00164572 -0.0016949 -0.00171776 -0.00161073 -0.00156249 -0.00169533 -0.001728 -0.00165595 -0.00162222 -0.00170028 -0.00167861 -0.0016794 -0.00170423 -0.00163129 -0.00174046 -0.0015531 -0.00166068 -0.00164235 -0.00178684 -0.00168954 -0.00167581 -0.00175413 -0.00170615 -0.00165987 -0.0017265 -0.00173471 -0.00166281 -0.00185173 -0.00155677 -0.0016262 -0.00169603 -0.00172425 -0.00166712 -0.00177309 -0.00169436 -0.00167034 -0.0017829 -0.00162191 -0.00169191 -0.00169097 -0.00168808 
