0.12305 0.00218674 0.00220181 0.00210809 0.00207517 0.00201443 -0.00123306 -0.00127595 -0.00135658 -0.00134794 -0.00161223 -0.00176323 -0.00165636 -0.00181561 -0.00186971 -0.00181052 -0.00198865 -0.00193635 -0.00186561 -0.0020187 -0.00184061 -0.00186091 -0.00194344 -0.00183101 -0.00192463 -0.00191146 -0.00175427 -0.00169195 -0.00175394 -0.0018052 -0.00173774 -0.00173488 -0.00158521 -0.00165253 -0.00161292 -0.00158835 -0.00166751 -0.00158635 -0.00163111 -0.00160286 -0.00154461 -0.00149546 -0.00165938 -0.00165647 -0.00164372 -0.0015726 -0.00153204 -0.00149473 -0.00153004 -0.00152394 -0.00152896 -0.00151367 -0.00157199 -0.00152981 -0.00158843 -0.00147535 -0.00155232 -0.00151483 -0.00143763 -0.00149272 -0.001505 -0.00151525 -0.00146501 -0.00144419 -0.00153015 -0.00152894 -0.00151835 -0.00145479 -0.00150316 -0.00154598 -0.00152478 -0.00156964 -0.00149842 -0.00149106 -0.00140327 -0.00151028 -0.00144773 -0.00154934 -0.00146604 -0.00152042 -0.00151442 -0.00158854 -0.00150844 -0.00145296 -0.00152878 -0.00150202 -0.00155928 -0.00144331 -0.0014853 -0.00148242 -0.00150506 -0.00136763 -0.00128975 -0.00118738 -0.00119803 -0.00103811 0.00185606 0.00201973 0.00212314 0.00213436 
0.00218674 0.123584 0.00232639 0.00219759 0.00220121 0.00218966 0.00200786 -0.00121509 -0.00127078 -0.00129159 -0.00156632 -0.00167195 -0.00167221 -0.00180824 -0.00173847 -0.00183015 -0.00202821 -0.0018781 -0.00191295 -0.00208781 -0.00195638 -0.00184032 -0.00191803 -0.00178104 -0.00193555 -0.0019108 -0.00178698 -0.00173107 -0.00179764 -0.00170543 -0.00173062 -0.00167217 -0.00174459 -0.00167514 -0.00156067 -0.00157728 -0.00160329 -0.00165246 -0.00166247 -0.00169386 -0.00160655 -0.00155091 -0.00160012 -0.00170506 -0.00157746 -0.00161895 -0.00150421 -0.00150615 -0.00155444 -0.00157571 -0.00155538 -0.00154231 -0.00155767 -0.00156414 -0.0015175 -0.00162218 -0.00154857 -0.00149314 -0.00149914 -0.00159844 -0.00152267 -0.00149981 -0.00139019 -0.00142298 -0.00145749 -0.00151513 -0.00147892 -0.001599 -0.00159303 -0.00152173 -0.00142339 -0.00149188 -0.00152744 -0.00147843 -0.00139314 -0.00149573 -0.00143464 -0.0015037 -0.00157819 -0.00152119 -0.00148122 -0.00154409 -0.00149225 -0.00143443 -0.00148201 -0.00149224 -0.00150307 -0.00148698 -0.00147253 -0.00155659 -0.00152517 -0.00149325 -0.0015041 -0.00136255 -0.00131439 -0.00116896 -0.00120628 0.00184541 0.00196028 0.002075 
0.00220181 0.00232639 0.123604 0.00221028 0.0021585 0.00220048 0.00211497 0.00215113 -0.00126582 -0.00133019 -0.00136058 -0.00154027 -0.00155777 -0.00174889 -0.0017997 -0.00178361 -0.00194265 -0.00183515 -0.00188955 -0.00192377 -0.00177573 -0.00201993 -0.00190837 -0.00183098 -0.00199632 -0.00197939 -0.00187942 -0.00171294 -0.00177169 -0.00171939 -0.00177866 -0.00168221 -0.00161259 -0.00174824 -0.00163907 -0.00153851 -0.00158412 -0.00164711 -0.00159129 -0.00165801 -0.001585 -0.00164709 -0.00172009 -0.00150346 -0.00171156 -0.00160185 -0.00160916 -0.00160912 -0.00153981 -0.00142703 -0.00153505 -0.00152663 -0.00148128 -0.00155724 -0.00151353 -0.0014845 -0.00154626 -0.00161067 -0.00156432 -0.00159793 -0.00159056 -0.00155999 -0.0014572 -0.00148442 -0.00154626 -0.00150866 -0.00150499 -0.00156022 -0.00154681 -0.00148528 -0.00157841 -0.00152777 -0.00157228 -0.00151477 -0.00155302 -0.00144984 -0.00141135 -0.00148473 -0.00139106 -0.00146833 -0.00154256 -0.00144898 -0.00148117 -0.00154835 -0.00154956 -0.00159089 -0.00148597 -0.00148119 -0.00140264 -0.00149984 -0.00144088 -0.00148327 -0.00153897 -0.0014332 -0.00144474 -0.00134376 -0.00123442 -0.00123765 0.00190276 0.0019372 
0.00210809 0.00219759 0.00221028 0.124223 0.00235871 0.00235796 0.00219104 0.00214589 0.00204858 -0.00108145 -0.00130889 -0.00149989 -0.00152621 -0.00177941 -0.00170617 -0.00184437 -0.00193197 -0.0018377 -0.00185418 -0.00200911 -0.00199232 -0.00185975 -0.00185917 -0.00183882 -0.00195045 -0.00192861 -0.00176356 -0.00176026 -0.00179381 -0.00166987 -0.00169748 -0.0018206 -0.00168757 -0.00173641 -0.00163044 -0.00164779 -0.00172898 -0.00159556 -0.00163726 -0.00164811 -0.00160772 -0.00157914 -0.00164576 -0.00160303 -0.0016413 -0.00173103 -0.00156424 -0.00158905 -0.00155333 -0.00153885 -0.00149066 -0.00158264 -0.00149246 -0.00146952 -0.00152829 -0.00157139 -0.00156893 -0.00145836 -0.00156333 -0.00154084 -0.00158725 -0.00155311 -0.00141267 -0.00148743 -0.00148548 -0.00153509 -0.00151069 -0.0015747 -0.00151821 -0.00162512 -0.0015288 -0.00160199 -0.00153856 -0.001553 -0.00155973 -0.00145143 -0.00147266 -0.0015127 -0.00152695 -0.00159937 -0.00155172 -0.00151316 -0.00155872 -0.00161489 -0.00148695 -0.00154871 -0.0015554 -0.00144439 -0.00149804 -0.00153836 -0.00150709 -0.00151601 -0.00152516 -0.00155773 -0.00142464 -0.00151622 -0.00135992 -0.00127011 -0.00115377 0.00188088 
0.00207517 0.00220121 0.0021585 0.00235871 0.125087 0.00242879 0.00234975 0.00234022 0.00230303 0.00216275 -0.00129556 -0.00144196 -0.00138564 -0.00176755 -0.00180823 -0.00172175 -0.00189742 -0.00191946 -0.00181373 -0.0019749 -0.00190316 -0.00192899 -0.00197831 -0.00185232 -0.00197769 -0.00199497 -0.0017536 -0.00174836 -0.00185001 -0.00173622 -0.0018163 -0.00178179 -0.00173713 -0.00181549 -0.00166653 -0.00160898 -0.00167112 -0.00176743 -0.00156543 -0.00166474 -0.00164175 -0.00154424 -0.00165443 -0.00174731 -0.00165662 -0.00165547 -0.0016225 -0.00156029 -0.00152387 -0.00158781 -0.00152358 -0.00155785 -0.0014995 -0.00156691 -0.00152375 -0.0015436 -0.00153472 -0.00158884 -0.0015382 -0.00156975 -0.00154104 -0.00156495 -0.00145785 -0.00155311 -0.00160741 -0.0015319 -0.00155105 -0.00159319 -0.00165667 -0.00159145 -0.00157223 -0.00152664 -0.00159067 -0.00157003 -0.0014401 -0.00143963 -0.00150434 -0.00154383 -0.00152321 -0.00157329 -0.00157155 -0.00150989 -0.00162666 -0.00152785 -0.0015398 -0.00160587 -0.00151757 -0.00149205 -0.00152486 -0.00158485 -0.00157835 -0.00149269 -0.00153748 -0.00154312 -0.00150524 -0.0015097 -0.00145052 -0.00146563 -0.00131434 -0.0011492 
0.00201443 0.00218966 0.00220048 0.00235796 0.00242879 0.128405 0.00242731 0.00242133 0.00233044 0.00236029 0.00215614 -0.00135738 -0.00143707 -0.00166661 -0.0018551 -0.00192809 -0.00201409 -0.00194181 -0.00201365 -0.0020937 -0.00216224 -0.00209796 -0.00199077 -0.00186247 -0.00214857 -0.0021157 -0.00187615 -0.00189584 -0.00187355 -0.00192529 -0.00184843 -0.00179007 -0.00190301 -0.00182534 -0.00178722 -0.00175134 -0.00174814 -0.00176412 -0.00166638 -0.00173199 -0.00164292 -0.00166191 -0.00177289 -0.00165878 -0.00176561 -0.00179262 -0.00161662 -0.00166746 -0.00171339 -0.00164003 -0.0016339 -0.00158169 -0.00158816 -0.00162195 -0.00168227 -0.00159303 -0.00164593 -0.00164884 -0.00164989 -0.00160192 -0.00153737 -0.0016769 -0.00153048 -0.00151411 -0.00164114 -0.00164241 -0.00163809 -0.00165925 -0.00161969 -0.00170455 -0.00164301 -0.0016414 -0.00162909 -0.0015732 -0.00149473 -0.00167348 -0.00158347 -0.00159781 -0.00159119 -0.00164463 -0.00168975 -0.0017254 -0.00165791 -0.00159608 -0.00161099 -0.00172893 -0.00158411 -0.0016816 -0.00164059 -0.00152245 -0.00167421 -0.00172351 -0.00167282 -0.00163419 -0.0016116 -0.00162051 -0.00148289 -0.00142217 -0.00128135 -0.00124303 
-0.00123306 0.00200786 0.00211497 0.00219104 0.00234975 0.00242731 0.129293 0.00257028 0.0023479 0.00243674 0.0022237 0.00213818 -0.00125535 -0.00157458 -0.00174834 -0.0017825 -0.0019692 -0.00200146 -0.00202833 -0.00212867 -0.0020438 -0.00214938 -0.00222375 -0.00180086 -0.00205334 -0.0020421 -0.00199144 -0.00205104 -0.00184113 -0.00193402 -0.00191633 -0.00190291 -0.00189237 -0.00187344 -0.00176474 -0.00171373 -0.00181466 -0.00180009 -0.0017075 -0.00183719 -0.00169558 -0.00174039 -0.00170546 -0.00170187 -0.00167253 -0.00167415 -0.00175184 -0.00168107 -0.00167203 -0.00167117 -0.00163562 -0.00168921 -0.00165952 -0.00166648 -0.00163609 -0.0015979 -0.00160068 -0.0016527 -0.0016271 -0.00166038 -0.00160068 -0.00162917 -0.00161072 -0.00157862 -0.00162923 -0.00169894 -0.0015297 -0.0016001 -0.00165135 -0.00165047 -0.00169879 -0.00172109 -0.00167527 -0.00157276 -0.00166648 -0.00157984 -0.0015556 -0.0016575 -0.00167751 -0.00156439 -0.0017015 -0.00159428 -0.0015997 -0.00166012 -0.00166121 -0.00164146 -0.00163445 -0.00163218 -0.00161078 -0.00157933 -0.00164451 -0.00160524 -0.00165097 -0.00157 -0.00164792 -0.00172607 -0.00159544 -0.00156636 -0.00140156 -0.00136269 
-0.00127595 -0.00121509 0.00215113 0.00214589 0.00234022 0.00242133 0.00257028 0.130393 0.00252201 0.00249971 0.00248322 0.00236433 0.00233441 -0.00149404 -0.0016572 -0.00162243 -0.00185793 -0.00199508 -0.00197862 -0.00211551 -0.00214785 -0.00213022 -0.00202668 -0.00190679 -0.00216857 -0.00208774 -0.00196141 -0.00194269 -0.00192428 -0.00190545 -0.00198957 -0.00195503 -0.00194393 -0.00188186 -0.00183383 -0.00184519 -0.00188045 -0.00183648 -0.00174263 -0.00177048 -0.00177363 -0.0016218 -0.00171574 -0.00179037 -0.00173599 -0.0017611 -0.00169922 -0.00171096 -0.00167537 -0.00172907 -0.00172156 -0.00165469 -0.00173743 -0.0016803 -0.00166323 -0.00165841 -0.00168111 -0.00163075 -0.00173535 -0.00160852 -0.00164984 -0.00168161 -0.00158893 -0.00164673 -0.00169681 -0.00176166 -0.00168904 -0.00166478 -0.00173363 -0.00164431 -0.00162567 -0.00174476 -0.00167872 -0.00164776 -0.00152192 -0.0015915 -0.00161514 -0.00172623 -0.001627 -0.00173416 -0.00178816 -0.00174027 -0.00169335 -0.00169089 -0.00166054 -0.00166177 -0.00156566 -0.00169247 -0.00159419 -0.00173388 -0.00164172 -0.00159409 -0.00154471 -0.00167249 -0.00169752 -0.00175614 -0.00153822 -0.00165731 -0.00156137 -0.00139327 
-0.00135658 -0.00127078 -0.00126582 0.00204858 0.00230303 0.00233044 0.0023479 0.00252201 0.131667 0.0026334 0.00247357 0.00256589 0.00227625 0.00231528 -0.00150891 -0.00154366 -0.00175175 -0.00198078 -0.00196823 -0.00225804 -0.00210797 -0.00214164 -0.00203076 -0.00201497 -0.00222577 -0.00213896 -0.00198052 -0.00205326 -0.00186105 -0.00195202 -0.00205465 -0.00201375 -0.00191745 -0.00190238 -0.00170956 -0.0018042 -0.0018234 -0.00187695 -0.00180285 -0.001786 -0.00171646 -0.00174526 -0.00178612 -0.00175203 -0.00185021 -0.00180049 -0.00176436 -0.00161092 -0.00167617 -0.00173987 -0.00169543 -0.00171273 -0.00183049 -0.00165549 -0.00164848 -0.00168462 -0.00167875 -0.00169665 -0.00164271 -0.00172304 -0.0016516 -0.00168164 -0.00160296 -0.00158403 -0.00168296 -0.00163021 -0.00166809 -0.00165728 -0.00167795 -0.0016711 -0.00174381 -0.00167538 -0.00171159 -0.00167664 -0.00159347 -0.00167312 -0.0015983 -0.00170505 -0.00162882 -0.00163862 -0.00168604 -0.00178029 -0.00172547 -0.00166048 -0.00169331 -0.00176924 -0.0017383 -0.00168538 -0.00157055 -0.00164896 -0.00179068 -0.00170201 -0.001747 -0.00161609 -0.00175124 -0.00169789 -0.0017276 -0.00161584 -0.00169608 -0.00151544 
-0.00134794 -0.00129159 -0.00133019 -0.00108145 0.00216275 0.00236029 0.00243674 0.00249971 0.0026334 0.129909 0.00247958 0.00245049 0.00229255 0.00222311 -0.00133957 -0.00158115 -0.00170628 -0.00188946 -0.00192401 -0.00213805 -0.00217065 -0.00214633 -0.00202658 -0.00194087 -0.00213519 -0.00206562 -0.00198517 -0.00194082 -0.00189266 -0.00186119 -0.00198681 -0.00188521 -0.00185257 -0.0017749 -0.00178305 -0.00175538 -0.00173986 -0.00177396 -0.0017627 -0.00178422 -0.00164332 -0.0017066 -0.00168851 -0.00167848 -0.00171465 -0.00185774 -0.00162746 -0.0016561 -0.00163745 -0.00166071 -0.00164012 -0.00166055 -0.00165495 -0.00166085 -0.00158908 -0.00162069 -0.00161864 -0.00161467 -0.00162121 -0.00163104 -0.00171745 -0.00171409 -0.00154003 -0.00155449 -0.00156892 -0.00163829 -0.00152243 -0.00163701 -0.00161185 -0.001674 -0.00158591 -0.00154206 -0.00158097 -0.00158062 -0.00150053 -0.00155118 -0.00159917 -0.00159709 -0.0016271 -0.00165712 -0.00166058 -0.00165321 -0.00162139 -0.00174624 -0.00163926 -0.00164124 -0.0015307 -0.00160141 -0.00148211 -0.00161178 -0.00167397 -0.00163345 -0.00161027 -0.00160329 -0.00164295 -0.001614 -0.0015695 -0.00161602 -0.00167644 -0.00154336 
-0.00161223 -0.00156632 -0.00136058 -0.00130889 -0.00129556 0.00215614 0.0022237 0.00248322 0.00247357 0.00247958 0.134426 0.00269978 0.00265865 0.00242277 0.00235155 0.00234007 -0.00168724 -0.00174484 -0.00183104 -0.00206799 -0.00217402 -0.00217702 -0.00215345 -0.00210714 -0.00216952 -0.00227231 -0.00197518 -0.0020215 -0.00196784 -0.00197549 -0.0020301 -0.0020216 -0.00185453 -0.00196884 -0.00182666 -0.00181265 -0.00193203 -0.00178757 -0.00188108 -0.00180927 -0.00176846 -0.00181391 -0.00185614 -0.00182516 -0.00190121 -0.00189539 -0.00165501 -0.00180753 -0.00175559 -0.00174045 -0.00177604 -0.00180037 -0.00171344 -0.00184456 -0.00172284 -0.00178343 -0.00169568 -0.00175621 -0.00172564 -0.001687 -0.00172179 -0.00179782 -0.00170198 -0.00169988 -0.00169694 -0.00183214 -0.00175644 -0.0016847 -0.0016901 -0.00175794 -0.00171304 -0.00171942 -0.00168453 -0.00173707 -0.00161291 -0.00168324 -0.00174818 -0.0018686 -0.00180117 -0.00170811 -0.0017164 -0.00174146 -0.00174891 -0.00175938 -0.00162382 -0.00171399 -0.00164079 -0.0016651 -0.0015734 -0.00166143 -0.00178007 -0.00181533 -0.00175029 -0.00170792 -0.00177316 -0.00172169 -0.00172761 -0.00167572 -0.00170405 -0.00168226 
-0.00176323 -0.00167195 -0.00154027 -0.00149989 -0.00144196 -0.00135738 0.00213818 0.00236433 0.00256589 0.00245049 0.00269978 0.136619 0.0026646 0.00274381 0.00251368 0.00253544 0.00241722 -0.00166086 -0.00167581 -0.00185686 -0.00217167 -0.00217722 -0.00217195 -0.0021272 -0.00230633 -0.00223668 -0.00213576 -0.00197068 -0.00205434 -0.00199008 -0.0021336 -0.0020869 -0.00196194 -0.00188917 -0.00186847 -0.00177519 -0.00195138 -0.00200037 -0.00197608 -0.00194972 -0.00181455 -0.00189562 -0.00188607 -0.00192446 -0.00193173 -0.0018728 -0.00175717 -0.00188641 -0.00178864 -0.00185764 -0.00185566 -0.00182003 -0.00180351 -0.00179244 -0.00175765 -0.00178322 -0.00168619 -0.00186915 -0.00169288 -0.00168843 -0.00177973 -0.00180201 -0.00175104 -0.00171663 -0.00176394 -0.00182749 -0.00171486 -0.00181709 -0.00171869 -0.00179932 -0.0017805 -0.00175197 -0.00171976 -0.00173192 -0.00162246 -0.00167449 -0.00164815 -0.00178018 -0.00177492 -0.0017576 -0.00170656 -0.00172449 -0.0016703 -0.00174435 -0.00170277 -0.00182929 -0.00171556 -0.0016446 -0.00175359 -0.00171264 -0.00167786 -0.00177293 -0.0017739 -0.00180244 -0.00183709 -0.00179876 -0.00183402 -0.00179515 -0.00182494 -0.00169136 
-0.00165636 -0.00167221 -0.00155777 -0.00152621 -0.00138564 -0.00143707 -0.00125535 0.00233441 0.00227625 0.00229255 0.00265865 0.0026646 0.135196 0.00279308 0.00254275 0.00256111 0.00235653 -0.00163228 -0.00165181 -0.00182185 -0.00191351 -0.00197916 -0.00206884 -0.00207658 -0.00210167 -0.0020895 -0.00197235 -0.00199775 -0.00197735 -0.00191495 -0.00196152 -0.00189456 -0.00188063 -0.00193487 -0.00172094 -0.00187109 -0.00182221 -0.00188911 -0.00184906 -0.00181976 -0.00191652 -0.00180035 -0.00186187 -0.0018485 -0.00185 -0.00187876 -0.00170616 -0.00177866 -0.00178046 -0.00169967 -0.00182638 -0.00174148 -0.00174663 -0.00171729 -0.00172308 -0.00172681 -0.00174821 -0.00174173 -0.00173888 -0.0016302 -0.00172583 -0.00173511 -0.00162168 -0.00154265 -0.00173224 -0.00172265 -0.0017522 -0.00169033 -0.00174322 -0.00173513 -0.00174949 -0.00171412 -0.00175995 -0.00173087 -0.0015761 -0.00156202 -0.00166562 -0.00168363 -0.00167136 -0.00172136 -0.00178655 -0.00167549 -0.00174089 -0.00170557 -0.0017252 -0.00168031 -0.00170015 -0.00159789 -0.00162718 -0.00169238 -0.00166385 -0.00167564 -0.00169161 -0.00181316 -0.00174648 -0.00173002 -0.00172793 -0.00161593 -0.00175246 -0.00169785 
-0.00181561 -0.00180824 -0.00174889 -0.00177941 -0.00176755 -0.00166661 -0.00157458 -0.00149404 0.00231528 0.00222311 0.00242277 0.00274381 0.00279308 0.140339 0.00282655 0.0028111 0.0028076 0.00248694 0.00242886 -0.00166535 -0.00183673 -0.00173103 -0.0019866 -0.00208116 -0.00231524 -0.0022207 -0.00217181 -0.00206331 -0.00205256 -0.0021361 -0.00205177 -0.00218836 -0.00207591 -0.00206775 -0.00200415 -0.00202507 -0.00207133 -0.0020933 -0.00202887 -0.00191264 -0.00194021 -0.00186485 -0.00195549 -0.00195662 -0.00208807 -0.00189033 -0.00181964 -0.00188892 -0.00182912 -0.00195219 -0.00186106 -0.00193759 -0.00182789 -0.00185846 -0.00181029 -0.00182591 -0.00185386 -0.00184262 -0.00180788 -0.0017616 -0.00183873 -0.00178133 -0.0016843 -0.00176553 -0.00187606 -0.00185577 -0.00184985 -0.00191304 -0.00174462 -0.00183263 -0.00176177 -0.00181529 -0.00185859 -0.00181659 -0.00176928 -0.00174815 -0.00186995 -0.00173197 -0.00178921 -0.00174952 -0.0018268 -0.00190005 -0.00182006 -0.00180721 -0.00173959 -0.0018636 -0.00179791 -0.00170875 -0.00168199 -0.00174358 -0.00187815 -0.0017607 -0.00176602 -0.00184878 -0.00184928 -0.00185407 -0.00177466 -0.0019435 -0.0018618 -0.00171261 
-0.00186971 -0.00173847 -0.0017997 -0.00170617 -0.00180823 -0.0018551 -0.00174834 -0.0016572 -0.00150891 -0.00133957 0.00235155 0.00251368 0.00254275 0.00282655 0.139623 0.00296788 0.00292832 0.0028768 0.00273058 0.00250117 -0.00175646 -0.00155057 -0.00178829 -0.00191823 -0.00212416 -0.00224016 -0.00199385 -0.00208565 -0.00213238 -0.00213686 -0.00204184 -0.00203473 -0.00208676 -0.00199043 -0.00185761 -0.00194575 -0.00194275 -0.00192554 -0.00197936 -0.00188624 -0.00176939 -0.00190024 -0.00197568 -0.00194154 -0.00192704 -0.00197339 -0.00182321 -0.0018032 -0.00181838 -0.0017917 -0.00190681 -0.00181629 -0.00182923 -0.00179858 -0.00170524 -0.00183751 -0.00181202 -0.00181988 -0.00171803 -0.00179049 -0.00175908 -0.00192884 -0.00166891 -0.00158627 -0.00188691 -0.00171562 -0.00170832 -0.00170019 -0.0017169 -0.00182908 -0.00172212 -0.00174463 -0.00173202 -0.00176921 -0.00161948 -0.00167771 -0.00170319 -0.00175391 -0.00180846 -0.00170219 -0.00182398 -0.00188192 -0.00174128 -0.00179293 -0.00183925 -0.00176898 -0.00176861 -0.00168437 -0.00167074 -0.00182243 -0.00181615 -0.00183221 -0.00184374 -0.00181944 -0.00170008 -0.00188214 -0.00187537 -0.00189699 -0.00177989 -0.00168199 
-0.00181052 -0.00183015 -0.00178361 -0.00184437 -0.00172175 -0.00192809 -0.0017825 -0.00162243 -0.00154366 -0.00158115 0.00234007 0.00253544 0.00256111 0.0028111 0.00296788 0.141074 0.00296658 0.00271746 0.00266606 0.00259915 -0.00160914 -0.0016862 -0.00175707 -0.00191214 -0.00208742 -0.0021463 -0.0021536 -0.0020113 -0.00198876 -0.00195132 -0.00209727 -0.00212054 -0.00212401 -0.00200462 -0.00195174 -0.00182465 -0.00194504 -0.0018607 -0.00188594 -0.0019305 -0.00177663 -0.00188085 -0.0018794 -0.00189982 -0.00182477 -0.00197808 -0.00183855 -0.00181305 -0.0018509 -0.00184615 -0.00180051 -0.00186695 -0.00173328 -0.00173754 -0.0018152 -0.00185757 -0.00177963 -0.00185803 -0.00183871 -0.00179765 -0.00186394 -0.00181877 -0.00172222 -0.00164671 -0.00182103 -0.00189593 -0.00182579 -0.00175924 -0.00176626 -0.00184708 -0.00175702 -0.00178423 -0.00175718 -0.00189521 -0.00173286 -0.00179327 -0.00180956 -0.00180267 -0.0017599 -0.00190345 -0.00181429 -0.0018351 -0.00186798 -0.00185715 -0.00190341 -0.00181881 -0.00184952 -0.00179473 -0.00176643 -0.00176162 -0.00186864 -0.00176278 -0.00191177 -0.00173429 -0.00177605 -0.00179704 -0.00180428 -0.00172858 -0.00174311 -0.00171156 
-0.00198865 -0.00202821 -0.00194265 -0.00193197 -0.00189742 -0.00201409 -0.0019692 -0.00185793 -0.00175175 -0.00170628 -0.00168724 0.00241722 0.00235653 0.0028076 0.00292832 0.00296658 0.146334 0.00302347 0.00308938 0.00290475 0.0026489 0.00265069 -0.0016032 -0.00192016 -0.00199432 -0.00206808 -0.0023007 -0.00226782 -0.00220136 -0.00210494 -0.00220028 -0.00224179 -0.00218542 -0.00207357 -0.00209041 -0.0020735 -0.00217914 -0.0019955 -0.00214798 -0.0021058 -0.0020151 -0.00205037 -0.00209729 -0.00207377 -0.00192451 -0.00213136 -0.00191689 -0.00194822 -0.00194609 -0.00199811 -0.00198089 -0.00198961 -0.001959 -0.00188674 -0.00195179 -0.00185369 -0.00198274 -0.00191509 -0.00190439 -0.00188046 -0.00192079 -0.00190958 -0.00187727 -0.00183202 -0.00205143 -0.00187578 -0.00188775 -0.00187425 -0.00194511 -0.00190485 -0.00198165 -0.00187008 -0.00184773 -0.00196271 -0.00181274 -0.00184256 -0.00181379 -0.00193735 -0.00195429 -0.00186453 -0.00188372 -0.00198924 -0.00196367 -0.00192644 -0.00186925 -0.00185904 -0.00193901 -0.00184445 -0.00181869 -0.0019379 -0.00190995 -0.00190927 -0.00193466 -0.00188563 -0.00188858 -0.00199101 -0.00196471 -0.00191814 -0.00195022 -0.00184217 
-0.00193635 -0.0018781 -0.00183515 -0.0018377 -0.00191946 -0.00194181 -0.00200146 -0.00199508 -0.00198078 -0.00188946 -0.00174484 -0.00166086 -0.00163228 0.00248694 0.0028768 0.00271746 0.00302347 0.144477 0.00320485 0.00316167 0.00277516 0.00276193 0.00266913 -0.00159788 -0.00180415 -0.00193274 -0.00203637 -0.00222192 -0.00201383 -0.00198204 -0.00212424 -0.00208698 -0.00217946 -0.00205134 -0.00200018 -0.00196048 -0.00209104 -0.00198512 -0.00202145 -0.00196438 -0.00189174 -0.00188236 -0.00193917 -0.00201993 -0.00195591 -0.00205978 -0.00194891 -0.00181745 -0.00189871 -0.00180274 -0.00191415 -0.00187635 -0.00188232 -0.00192056 -0.00177134 -0.0018212 -0.00188193 -0.00187118 -0.00181311 -0.00184112 -0.00182593 -0.00186559 -0.00182981 -0.00178621 -0.00185444 -0.00189528 -0.00189408 -0.00180132 -0.00195056 -0.00193247 -0.00191884 -0.00185418 -0.00186921 -0.0019258 -0.00181005 -0.0017772 -0.00178629 -0.00185864 -0.00182697 -0.00180314 -0.00191972 -0.00182007 -0.00196623 -0.00185635 -0.00192256 -0.00188788 -0.00187257 -0.00169802 -0.00180337 -0.0018574 -0.0018722 -0.00190164 -0.00195167 -0.00186485 -0.00177297 -0.00183738 -0.00185452 -0.00175993 -0.00180791 -0.00174403 
-0.00186561 -0.00191295 -0.00188955 -0.00185418 -0.00181373 -0.00201365 -0.00202833 -0.00197862 -0.00196823 -0.00192401 -0.00183104 -0.00167581 -0.00165181 0.00242886 0.00273058 0.00266606 0.00308938 0.00320485 0.145151 0.00311508 0.00291543 0.0029135 0.0026715 -0.00163938 -0.00179927 -0.00187731 -0.00205083 -0.00210381 -0.0021548 -0.00209828 -0.00213733 -0.00207792 -0.00210142 -0.00208286 -0.00203877 -0.00194346 -0.00201349 -0.0020945 -0.00208897 -0.00200057 -0.00195055 -0.00204323 -0.00199197 -0.00204198 -0.00195525 -0.00195753 -0.00190969 -0.00185552 -0.0019646 -0.00188426 -0.00187899 -0.00187698 -0.00193219 -0.00186952 -0.00192141 -0.0018804 -0.00184767 -0.00186146 -0.0018506 -0.00190349 -0.00188608 -0.00174663 -0.00175975 -0.00189571 -0.00179917 -0.00177659 -0.00192291 -0.00178553 -0.00183808 -0.00178685 -0.00175746 -0.00196121 -0.00189833 -0.00189187 -0.00177822 -0.00182672 -0.00186952 -0.00188465 -0.00190268 -0.0018793 -0.00176474 -0.00195645 -0.00196845 -0.00190356 -0.00184059 -0.00183955 -0.00185247 -0.00168988 -0.0017495 -0.00184331 -0.00190259 -0.00185863 -0.00187741 -0.0018748 -0.00189569 -0.00179155 -0.00188171 -0.0018348 -0.00185122 -0.00177473 
-0.0020187 -0.00208781 -0.00192377 -0.00200911 -0.0019749 -0.0020937 -0.00212867 -0.00211551 -0.00225804 -0.00213805 -0.00206799 -0.00185686 -0.00182185 -0.00166535 0.00250117 0.00259915 0.00290475 0.00316167 0.00311508 0.14941 0.00317256 0.00311923 0.00284418 0.00265737 0.00254323 -0.00177257 -0.0019158 -0.0019468 -0.00198057 -0.00210441 -0.0022119 -0.00218637 -0.00227305 -0.00213829 -0.00212136 -0.00208271 -0.00225722 -0.0021699 -0.00209324 -0.00218857 -0.00211538 -0.00205133 -0.00214113 -0.00216434 -0.0020444 -0.00215232 -0.00201529 -0.00205693 -0.00200744 -0.00195053 -0.0020186 -0.00198234 -0.00203009 -0.0018704 -0.0020109 -0.00201313 -0.00209913 -0.00202065 -0.00208331 -0.00188191 -0.00196618 -0.0019643 -0.00183113 -0.00189667 -0.00196173 -0.00191126 -0.00186148 -0.00197184 -0.00199731 -0.00195495 -0.00200359 -0.00204386 -0.00205441 -0.00209231 -0.00188847 -0.00189768 -0.00189338 -0.00198004 -0.00191333 -0.00195204 -0.00189453 -0.00192637 -0.00195496 -0.00187547 -0.00199499 -0.00194932 -0.0018368 -0.00176274 -0.00186156 -0.00192134 -0.00202779 -0.00191855 -0.00199938 -0.00194085 -0.00193322 -0.00206465 -0.00192344 -0.00200729 -0.00191692 -0.00196958 
-0.00184061 -0.00195638 -0.00177573 -0.00199232 -0.00190316 -0.00216224 -0.0020438 -0.00214785 -0.00210797 -0.00217065 -0.00217402 -0.00217167 -0.00191351 -0.00183673 -0.00175646 -0.00160914 0.0026489 0.00277516 0.00291543 0.00317256 0.146486 0.00323203 0.00306305 0.00271479 0.00281979 0.00249865 -0.00167937 -0.00177609 -0.00188211 -0.0018942 -0.00206844 -0.00209035 -0.0021667 -0.00214517 -0.00205663 -0.00207789 -0.0019899 -0.00214283 -0.00208203 -0.00210741 -0.00195759 -0.00201645 -0.00209789 -0.0020496 -0.00194682 -0.00195142 -0.00195006 -0.00194437 -0.00194892 -0.00179672 -0.00182789 -0.00185168 -0.00180155 -0.00176553 -0.00182673 -0.00182805 -0.00182126 -0.00187636 -0.00189631 -0.00194457 -0.00183055 -0.0018426 -0.00178255 -0.00179939 -0.00191299 -0.00189253 -0.00193436 -0.00196553 -0.00188462 -0.00186395 -0.00188145 -0.00192412 -0.00198423 -0.00180401 -0.00176084 -0.00184643 -0.00184026 -0.00185404 -0.00196756 -0.00185764 -0.00180609 -0.00186347 -0.00189716 -0.00179491 -0.00172749 -0.00189251 -0.00191238 -0.00170258 -0.00173142 -0.00188779 -0.00188754 -0.00193391 -0.00186234 -0.00190563 -0.00184892 -0.00186801 -0.00189352 -0.00196536 -0.00191446 -0.00178056 
-0.00186091 -0.00184032 -0.00201993 -0.00185975 -0.00192899 -0.00209796 -0.00214938 -0.00213022 -0.00214164 -0.00214633 -0.00217702 -0.00217722 -0.00197916 -0.00173103 -0.00155057 -0.0016862 0.00265069 0.00276193 0.0029135 0.00311923 0.00323203 0.146505 0.00316999 0.0027706 0.0027451 0.00266795 -0.00158129 -0.00174147 -0.00184046 -0.00190932 -0.00193689 -0.00215663 -0.0021036 -0.00208036 -0.00200307 -0.00198843 -0.00207162 -0.00199185 -0.00210087 -0.00208567 -0.00185739 -0.00203338 -0.00199392 -0.00201023 -0.00199059 -0.00194416 -0.00190451 -0.00197209 -0.00184107 -0.00185678 -0.00189562 -0.00193726 -0.00198328 -0.00198612 -0.00196083 -0.00191602 -0.00193096 -0.00186936 -0.00185243 -0.00191246 -0.00183095 -0.00186333 -0.00180268 -0.00183069 -0.0018704 -0.00188243 -0.00190076 -0.00187985 -0.00185499 -0.00201065 -0.00187894 -0.00189269 -0.00189177 -0.00185658 -0.00179469 -0.00187856 -0.00179918 -0.00191381 -0.00191606 -0.00194394 -0.00190437 -0.00186059 -0.00195549 -0.00189778 -0.00191661 -0.00190964 -0.00183871 -0.0018036 -0.00181124 -0.00181717 -0.00188195 -0.00186277 -0.00182152 -0.00178025 -0.00189942 -0.00186621 -0.00190779 -0.00182989 -0.0018993 -0.00186208 
-0.00194344 -0.00191803 -0.00190837 -0.00185917 -0.00197831 -0.00199077 -0.00222375 -0.00202668 -0.00203076 -0.00202658 -0.00215345 -0.00217195 -0.00206884 -0.0019866 -0.00178829 -0.00175707 -0.0016032 0.00266913 0.0026715 0.00284418 0.00306305 0.00316999 0.145744 0.00290565 0.00296223 0.00283777 0.00237685 -0.00160158 -0.001703 -0.00171594 -0.00184877 -0.00198062 -0.00210474 -0.00208356 -0.00200258 -0.00192893 -0.00207478 -0.00198974 -0.00200511 -0.00209522 -0.00198584 -0.00192918 -0.00204576 -0.00197771 -0.00203772 -0.00199216 -0.00179605 -0.00183984 -0.00195278 -0.00189387 -0.00179948 -0.00190257 -0.00183546 -0.00184966 -0.0018956 -0.00187528 -0.00191636 -0.00193328 -0.00191227 -0.00185032 -0.00189835 -0.00180417 -0.00182338 -0.00176893 -0.00180812 -0.00187823 -0.00193756 -0.00193711 -0.00189894 -0.00184673 -0.00192842 -0.00196697 -0.00181108 -0.00185475 -0.00177323 -0.00170716 -0.00176286 -0.00186373 -0.00177846 -0.00189862 -0.00192601 -0.00180677 -0.00179444 -0.00182587 -0.00181078 -0.0019362 -0.00183866 -0.00185093 -0.00185104 -0.00189662 -0.00185752 -0.00187387 -0.00187477 -0.00189337 -0.00192727 -0.00195625 -0.00190693 -0.00191858 -0.00188815 -0.00187213 
-0.00183101 -0.00178104 -0.00183098 -0.00183882 -0.00185232 -0.00186247 -0.00180086 -0.00190679 -0.00201497 -0.00194087 -0.00210714 -0.0021272 -0.00207658 -0.00208116 -0.00191823 -0.00191214 -0.00192016 -0.00159788 -0.00163938 0.00265737 0.00271479 0.0027706 0.00290565 0.141137 0.00313019 0.00287158 0.00260631 0.00234166 -0.00152285 -0.00147244 -0.00167133 -0.00182058 -0.00189715 -0.00194621 -0.00191019 -0.00196758 -0.00197557 -0.0018486 -0.0019042 -0.00190005 -0.00186615 -0.00178219 -0.00185922 -0.00191163 -0.00180192 -0.00181324 -0.00183361 -0.00171069 -0.00174539 -0.0016351 -0.00184023 -0.00175436 -0.00181501 -0.00181275 -0.00166471 -0.00171917 -0.00165513 -0.00177574 -0.00176488 -0.00173782 -0.00171699 -0.00174743 -0.00168241 -0.00167231 -0.00170504 -0.00171117 -0.00173402 -0.00171623 -0.00174986 -0.00177122 -0.00180902 -0.00177061 -0.00169429 -0.00178455 -0.00165816 -0.00172276 -0.00180072 -0.00180689 -0.00170426 -0.00162055 -0.00174344 -0.0017978 -0.00174189 -0.00175187 -0.0017562 -0.00177925 -0.00179821 -0.00163747 -0.00180055 -0.00176528 -0.00174742 -0.00179118 -0.00172494 -0.00179817 -0.00170528 -0.0017953 -0.00172491 -0.00175853 -0.00183361 -0.00172968 
-0.00192463 -0.00193555 -0.00199632 -0.00195045 -0.00197769 -0.00214857 -0.00205334 -0.00216857 -0.00222577 -0.00213519 -0.00216952 -0.00230633 -0.00210167 -0.00231524 -0.00212416 -0.00208742 -0.00199432 -0.00180415 -0.00179927 0.00254323 0.00281979 0.0027451 0.00296223 0.00313019 0.146185 0.00309755 0.00275751 0.00263357 0.00237076 0.00235343 -0.0016648 -0.00167425 -0.00171235 -0.00188126 -0.00198303 -0.00197607 -0.00209906 -0.0020706 -0.00217958 -0.00201967 -0.00199774 -0.00207661 -0.00213238 -0.00201477 -0.00195958 -0.00194956 -0.00181857 -0.00190377 -0.00188989 -0.00197727 -0.00186677 -0.00179793 -0.00187604 -0.00192038 -0.0019399 -0.00179006 -0.0018716 -0.00189808 -0.00194275 -0.00196586 -0.00185726 -0.00189414 -0.00187627 -0.00180812 -0.00182128 -0.00189402 -0.0019253 -0.00192845 -0.00200237 -0.00188339 -0.00194152 -0.00192249 -0.00179015 -0.00195372 -0.00178937 -0.00176784 -0.0018176 -0.00196328 -0.00189403 -0.00191812 -0.00198798 -0.00196027 -0.00205184 -0.00197999 -0.00195304 -0.0020096 -0.00197209 -0.00181266 -0.00185536 -0.00198993 -0.00191999 -0.00190591 -0.00192178 -0.00198342 -0.00193934 -0.00200042 -0.0019282 -0.00189072 -0.00199656 -0.00182258 
-0.00191146 -0.0019108 -0.00197939 -0.00192861 -0.00199497 -0.0021157 -0.0020421 -0.00208774 -0.00213896 -0.00206562 -0.00227231 -0.00223668 -0.0020895 -0.0022207 -0.00224016 -0.0021463 -0.00206808 -0.00193274 -0.00187731 -0.00177257 0.00249865 0.00266795 0.00283777 0.00287158 0.00309755 0.144378 0.00291594 0.00261291 0.00261945 0.00245552 0.00230001 -0.00160174 -0.00158453 -0.00174291 -0.00177964 -0.00193738 -0.00202067 -0.00199443 -0.00197349 -0.00207484 -0.00195926 -0.00195998 -0.00202026 -0.00193869 -0.00209974 -0.00206282 -0.00197931 -0.00194891 -0.00189542 -0.00197607 -0.00186666 -0.00195588 -0.00184639 -0.00186336 -0.00198169 -0.0018556 -0.00187338 -0.00184584 -0.00190648 -0.00195375 -0.00189476 -0.00196613 -0.00173702 -0.00182272 -0.00192744 -0.00188302 -0.00188866 -0.00186173 -0.00195638 -0.0019383 -0.00188008 -0.00181609 -0.00188639 -0.00186466 -0.001781 -0.00184006 -0.00183812 -0.00180345 -0.0018224 -0.00193292 -0.00183549 -0.00188685 -0.00190847 -0.00190024 -0.00188702 -0.00182807 -0.00191892 -0.00179535 -0.00183775 -0.00196558 -0.00183799 -0.00189612 -0.00185142 -0.00191446 -0.00176023 -0.00183431 -0.00189008 -0.00191533 -0.001902 -0.00181795 
-0.00175427 -0.00178698 -0.00187942 -0.00176356 -0.0017536 -0.00187615 -0.00199144 -0.00196141 -0.00198052 -0.00198517 -0.00197518 -0.00213576 -0.00197235 -0.00217181 -0.00199385 -0.0021536 -0.0023007 -0.00203637 -0.00205083 -0.0019158 -0.00167937 -0.00158129 0.00237685 0.00260631 0.00275751 0.00291594 0.13922 0.00272745 0.00270603 0.00260476 0.0024406 0.00242337 -0.00133879 -0.00144604 -0.00167828 -0.00166898 -0.00183755 -0.00186695 -0.00194747 -0.00193969 -0.00188407 -0.00186657 -0.00187781 -0.0018984 -0.00189601 -0.0019148 -0.00182221 -0.00170487 -0.00179663 -0.00181881 -0.00176807 -0.00181618 -0.00180032 -0.00173433 -0.00173027 -0.00175561 -0.00176872 -0.00179382 -0.00171746 -0.00177496 -0.00167583 -0.00178744 -0.00169179 -0.00171514 -0.00177119 -0.00172243 -0.00175899 -0.00178868 -0.00177877 -0.0018163 -0.0017556 -0.00168992 -0.00179246 -0.001786 -0.00173736 -0.00175248 -0.00168189 -0.00182315 -0.00173209 -0.00178666 -0.00180375 -0.00172621 -0.00171539 -0.00184183 -0.00174699 -0.00173653 -0.00190151 -0.0016798 -0.00183348 -0.00182261 -0.00177889 -0.00183225 -0.00169727 -0.00178731 -0.00177225 -0.00170177 -0.00172989 -0.00170258 -0.00169871 -0.00166247 
-0.00169195 -0.00173107 -0.00171294 -0.00176026 -0.00174836 -0.00189584 -0.00205104 -0.00194269 -0.00205326 -0.00194082 -0.0020215 -0.00197068 -0.00199775 -0.00206331 -0.00208565 -0.0020113 -0.00226782 -0.00222192 -0.00210381 -0.0019468 -0.00177609 -0.00174147 -0.00160158 0.00234166 0.00263357 0.00261291 0.00272745 0.137132 0.00269235 0.00268385 0.00254959 0.00244052 0.002195 -0.00132161 -0.00137655 -0.00155434 -0.00172215 -0.00180036 -0.00182266 -0.00180986 -0.00172983 -0.00181241 -0.0018703 -0.00181444 -0.00189573 -0.0018698 -0.00176806 -0.00173492 -0.00173941 -0.00185941 -0.00174511 -0.00171844 -0.00174961 -0.00172115 -0.00168187 -0.00169901 -0.00175127 -0.00170075 -0.00175513 -0.00178206 -0.001761 -0.00178983 -0.00171444 -0.0016707 -0.00172683 -0.00176021 -0.00169001 -0.0017926 -0.00173317 -0.00179379 -0.00172711 -0.00165056 -0.00177035 -0.00168158 -0.00163852 -0.00162708 -0.00176584 -0.00166364 -0.00175194 -0.00180283 -0.00175033 -0.0017664 -0.0017847 -0.00175974 -0.00164992 -0.00169357 -0.00179187 -0.00160555 -0.0016422 -0.0017384 -0.00170704 -0.00164379 -0.00168469 -0.00175852 -0.0017564 -0.00167899 -0.00175289 -0.00173519 -0.00178744 -0.0016652 
-0.00175394 -0.00179764 -0.00177169 -0.00179381 -0.00185001 -0.00187355 -0.00184113 -0.00192428 -0.00186105 -0.00189266 -0.00196784 -0.00205434 -0.00197735 -0.00205256 -0.00213238 -0.00198876 -0.00220136 -0.00201383 -0.0021548 -0.00198057 -0.00188211 -0.00184046 -0.001703 -0.00152285 0.00237076 0.00261945 0.00270603 0.00269235 0.135367 0.00279801 0.0026204 0.00251133 0.00226242 0.00223698 -0.00127996 -0.00138111 -0.00140111 -0.001703 -0.00165565 -0.00183113 -0.00185065 -0.00172502 -0.0017834 -0.00182916 -0.00184931 -0.00185881 -0.00174253 -0.00179563 -0.00168634 -0.00178428 -0.00173761 -0.00169532 -0.00171132 -0.0016665 -0.00172408 -0.00169299 -0.00170307 -0.00164306 -0.00167397 -0.00177023 -0.00171113 -0.00177665 -0.001586 -0.00167125 -0.00180166 -0.00169548 -0.0017004 -0.00169475 -0.00175355 -0.00177684 -0.00170014 -0.00177048 -0.0017253 -0.00177502 -0.00159452 -0.00166915 -0.00158309 -0.00174375 -0.00168071 -0.00162591 -0.00165348 -0.00172322 -0.00175558 -0.00171497 -0.00174402 -0.00169885 -0.00174619 -0.0016828 -0.0015962 -0.00172524 -0.00171728 -0.00167254 -0.00171703 -0.00172724 -0.00165648 -0.00173181 -0.00168132 -0.00182589 -0.00174957 -0.00162213 
-0.0018052 -0.00170543 -0.00171939 -0.00166987 -0.00173622 -0.00192529 -0.00193402 -0.00190545 -0.00195202 -0.00186119 -0.00197549 -0.00199008 -0.00191495 -0.0021361 -0.00213686 -0.00195132 -0.00210494 -0.00198204 -0.00209828 -0.00210441 -0.0018942 -0.00190932 -0.00171594 -0.00147244 0.00235343 0.00245552 0.00260476 0.00268385 0.00279801 0.133828 0.00257899 0.00246865 0.00230167 0.00226505 -0.00127939 -0.00134112 -0.00147336 -0.0015837 -0.00164798 -0.00187047 -0.00175037 -0.0017065 -0.00182705 -0.00183196 -0.00182612 -0.00171681 -0.00164587 -0.00176887 -0.00165537 -0.00176851 -0.00163903 -0.00175979 -0.00162884 -0.00174099 -0.00163644 -0.00172604 -0.00170368 -0.00167759 -0.0016804 -0.00167033 -0.00165647 -0.00168064 -0.00163066 -0.00162417 -0.00170404 -0.00161419 -0.00174909 -0.00159235 -0.00176849 -0.00169094 -0.00172588 -0.00164655 -0.00168362 -0.00164451 -0.00165749 -0.00164496 -0.00166453 -0.00166898 -0.00174245 -0.00168909 -0.00172739 -0.00168674 -0.0017356 -0.00162912 -0.00166238 -0.00171442 -0.00174978 -0.00161208 -0.00161897 -0.00171693 -0.00163742 -0.00170679 -0.00172545 -0.00166552 -0.00175987 -0.00169087 -0.0015984 -0.00175305 -0.00170585 -0.00160545 
-0.00173774 -0.00173062 -0.00177866 -0.00169748 -0.0018163 -0.00184843 -0.00191633 -0.00198957 -0.00205465 -0.00198681 -0.0020301 -0.0021336 -0.00196152 -0.00205177 -0.00204184 -0.00209727 -0.00220028 -0.00212424 -0.00213733 -0.0022119 -0.00206844 -0.00193689 -0.00184877 -0.00167133 -0.0016648 0.00230001 0.0024406 0.00254959 0.0026204 0.00257899 0.134629 0.00269985 0.0025945 0.00233645 0.0021865 0.0021969 -0.00132842 -0.00144422 -0.00155727 -0.00162458 -0.00176036 -0.00178171 -0.00186068 -0.00197936 -0.00188369 -0.00181643 -0.00184831 -0.00174427 -0.00173904 -0.00181296 -0.00168248 -0.00171226 -0.00177062 -0.00175349 -0.00173108 -0.00172714 -0.00166714 -0.00169396 -0.0017249 -0.00172625 -0.00174988 -0.00171341 -0.00154474 -0.00166547 -0.00180181 -0.00167894 -0.00177404 -0.00180056 -0.00178112 -0.00173278 -0.00177206 -0.0017896 -0.0017621 -0.00172808 -0.00173132 -0.00174621 -0.0016491 -0.00173997 -0.00171014 -0.00173035 -0.00175103 -0.00172209 -0.00165687 -0.0017494 -0.00170154 -0.00169628 -0.00173247 -0.00164532 -0.00172001 -0.00177985 -0.00173988 -0.00174464 -0.0017494 -0.00182501 -0.0017744 -0.00171882 -0.00170909 -0.00166997 -0.00171459 -0.00162319 
-0.00173488 -0.00167217 -0.00168221 -0.0018206 -0.00178179 -0.00179007 -0.00190291 -0.00195503 -0.00201375 -0.00188521 -0.0020216 -0.0020869 -0.00189456 -0.00218836 -0.00203473 -0.00212054 -0.00224179 -0.00208698 -0.00207792 -0.00218637 -0.00209035 -0.00215663 -0.00198062 -0.00182058 -0.00167425 -0.00160174 0.00242337 0.00244052 0.00251133 0.00246865 0.00269985 0.132818 0.00258807 0.00253316 0.0022031 0.00222379 0.00204992 -0.00140164 -0.00137948 -0.00148767 -0.00153833 -0.00164274 -0.00183101 -0.00180231 -0.00190044 -0.00188664 -0.00175933 -0.00177718 -0.00176512 -0.00178804 -0.00176101 -0.00159833 -0.00176042 -0.00168263 -0.0017112 -0.00175031 -0.00171373 -0.00152456 -0.00170794 -0.00160995 -0.00167729 -0.00165938 -0.00171374 -0.00171869 -0.0017225 -0.0016876 -0.00168675 -0.00172674 -0.00164487 -0.0016873 -0.0017624 -0.001718 -0.00170918 -0.0016513 -0.00159844 -0.00160661 -0.00160251 -0.00164225 -0.00166966 -0.00171393 -0.00166371 -0.00169328 -0.00172873 -0.00175468 -0.001659 -0.00165489 -0.00169783 -0.00167211 -0.00161283 -0.00163105 -0.00171963 -0.00178394 -0.00166174 -0.00177998 -0.00174203 -0.00174666 -0.00178883 -0.00172649 -0.00169816 -0.00166262 
-0.00158521 -0.00174459 -0.00161259 -0.00168757 -0.00173713 -0.00190301 -0.00189237 -0.00194393 -0.00191745 -0.00185257 -0.00185453 -0.00196194 -0.00188063 -0.00207591 -0.00208676 -0.00212401 -0.00218542 -0.00217946 -0.00210142 -0.00227305 -0.0021667 -0.0021036 -0.00210474 -0.00189715 -0.00171235 -0.00158453 -0.00133879 0.002195 0.00226242 0.00230167 0.0025945 0.00258807 0.131414 0.00257214 0.00235682 0.00230701 0.00221844 0.00203347 -0.00128561 -0.00133012 -0.00143339 -0.0016058 -0.00173253 -0.00182894 -0.00176522 -0.00173886 -0.00160382 -0.00168502 -0.00175394 -0.00172041 -0.0016723 -0.00163717 -0.00175327 -0.00174934 -0.00171838 -0.00172491 -0.0016516 -0.00170208 -0.00166134 -0.00169813 -0.00166995 -0.00160904 -0.00157937 -0.00161376 -0.00173628 -0.00169358 -0.00168038 -0.00168131 -0.0016624 -0.00173229 -0.00172797 -0.00177704 -0.00167982 -0.00169003 -0.00160985 -0.00152887 -0.00160761 -0.00164442 -0.00161544 -0.00165445 -0.00169385 -0.00164297 -0.00169431 -0.00176091 -0.0016933 -0.00169789 -0.0017025 -0.00158665 -0.00162558 -0.00171519 -0.00164524 -0.00178068 -0.00162902 -0.00173996 -0.00173093 -0.00165505 -0.00171563 -0.00170611 -0.00170775 -0.00156648 
