0.123224 0.00233194 0.00210156 0.00198044 0.00200957 0.0020032 -0.00125768 -0.00128649 -0.00145094 -0.00146569 -0.00167687 -0.00175594 -0.00163449 -0.00183404 -0.0018291 -0.00185576 -0.0020017 -0.00180782 -0.00192799 -0.00195184 -0.00190209 -0.00197641 -0.00187719 -0.00183346 -0.00205622 -0.0017818 -0.00180701 -0.00185972 -0.00171374 -0.00172444 -0.00171605 -0.00168884 -0.00175183 -0.00167009 -0.00163791 -0.00171876 -0.00163531 -0.00163426 -0.00159747 -0.00155154 -0.00154827 -0.00156831 -0.00156415 -0.00149636 -0.00163152 -0.00162172 -0.001529 -0.00156108 -0.00153958 -0.00152876 -0.00148239 -0.00153927 -0.00144897 -0.00152315 -0.00144243 -0.00146967 -0.0015332 -0.0014395 -0.00150392 -0.0014976 -0.00156732 -0.00160882 -0.0013868 -0.00137986 -0.00149177 -0.00159989 -0.00150705 -0.00155562 -0.00150592 -0.00150185 -0.00154597 -0.00147262 -0.00152618 -0.00158051 -0.00138665 -0.00134337 -0.00137961 -0.00148445 -0.00150343 -0.00151504 -0.00151139 -0.00156155 -0.00152825 -0.00148385 -0.00150826 -0.00151187 -0.00155103 -0.00135473 -0.00138109 -0.00148387 -0.0014815 -0.00137394 -0.00128259 -0.00125497 -0.00117326 -0.00120739 0.00193656 0.00198861 0.0020824 0.00217349 
0.00233194 0.12352 0.00225945 0.00220229 0.00210951 0.00216301 0.00197606 -0.00123581 -0.00130509 -0.00134427 -0.00154224 -0.00176093 -0.00169526 -0.00187965 -0.00184747 -0.00180462 -0.0019492 -0.0018344 -0.00186626 -0.00195544 -0.00198027 -0.00185362 -0.00205429 -0.00184234 -0.0019228 -0.00202877 -0.00179753 -0.00177537 -0.00174385 -0.00173462 -0.00170192 -0.00176012 -0.00165812 -0.00169968 -0.0015167 -0.00159217 -0.00155865 -0.00157037 -0.00155497 -0.0015922 -0.00152921 -0.00153863 -0.0016771 -0.00166004 -0.00161018 -0.00166891 -0.00154468 -0.0014979 -0.00146794 -0.00152766 -0.00146599 -0.0015051 -0.00147269 -0.00157506 -0.00151748 -0.00159378 -0.00150289 -0.00163432 -0.00157122 -0.00147802 -0.00150185 -0.00145382 -0.0014497 -0.00142881 -0.00154869 -0.00151033 -0.0015095 -0.00158647 -0.00153929 -0.00155002 -0.00156868 -0.00155033 -0.00151291 -0.00153052 -0.00144395 -0.00138394 -0.00152128 -0.00148804 -0.0015616 -0.00153029 -0.00152526 -0.00147267 -0.00142674 -0.00146663 -0.00152607 -0.00146919 -0.00154756 -0.00135426 -0.00149168 -0.00150512 -0.00148876 -0.00145339 -0.00135491 -0.00129814 -0.00133397 -0.0012973 -0.00118935 0.00189956 0.0019169 0.00199049 
0.00210156 0.00225945 0.123678 0.00224549 0.00225694 0.00221298 0.00208709 0.00203788 -0.00131486 -0.00119319 -0.00148032 -0.00155993 -0.00151405 -0.00179791 -0.0018329 -0.00181423 -0.00193293 -0.00188028 -0.00198311 -0.00205954 -0.00193328 -0.00185441 -0.00194928 -0.00184151 -0.00195156 -0.00190383 -0.00184046 -0.00175677 -0.00180485 -0.00172168 -0.00185628 -0.00171625 -0.0017048 -0.00173519 -0.00167999 -0.00159837 -0.00159647 -0.00169089 -0.00167334 -0.0016161 -0.00147466 -0.00158145 -0.00160359 -0.00153761 -0.00166012 -0.00159764 -0.00157216 -0.00150154 -0.00153136 -0.00148872 -0.00155383 -0.00144215 -0.0015578 -0.00141045 -0.00149199 -0.00156415 -0.00147559 -0.00159234 -0.00152755 -0.00147434 -0.00151138 -0.00150623 -0.00150514 -0.00144964 -0.00151571 -0.00153715 -0.00143934 -0.00150477 -0.00151551 -0.00157178 -0.0015417 -0.00153638 -0.0016172 -0.00152002 -0.00152084 -0.00144495 -0.00147941 -0.00152776 -0.00148478 -0.0015175 -0.00151052 -0.00147623 -0.00154084 -0.00145686 -0.00152883 -0.00150737 -0.00158671 -0.00141063 -0.00145048 -0.00147359 -0.00153965 -0.0014472 -0.0014614 -0.00148455 -0.00144708 -0.00136927 -0.00121127 -0.00117065 0.00176808 0.00210013 
0.00198044 0.00220229 0.00224549 0.124361 0.0022744 0.00229337 0.0022089 0.00212136 0.00201487 -0.00121903 -0.00128133 -0.00153238 -0.00156449 -0.00170935 -0.00175324 -0.00181294 -0.00203061 -0.00188828 -0.00195587 -0.00204988 -0.00195151 -0.00185149 -0.00190381 -0.00177567 -0.00199693 -0.00187768 -0.00177214 -0.00171657 -0.00172082 -0.00178754 -0.00166655 -0.00175199 -0.00171694 -0.00165255 -0.00168695 -0.00164685 -0.0016797 -0.00167532 -0.00166016 -0.00166152 -0.00163986 -0.00157196 -0.00164124 -0.00163536 -0.00162284 -0.00167425 -0.001596 -0.00161991 -0.00160631 -0.00150738 -0.00152643 -0.00156464 -0.00155669 -0.00152125 -0.00159717 -0.00153235 -0.00155529 -0.00156399 -0.00155816 -0.00154128 -0.0015295 -0.00149489 -0.00142544 -0.00153382 -0.00157544 -0.00151414 -0.00146709 -0.00165187 -0.00145234 -0.00142854 -0.00152486 -0.00142153 -0.00138333 -0.0015952 -0.00141031 -0.00137738 -0.00155494 -0.00152737 -0.00164517 -0.00139127 -0.00162836 -0.00144533 -0.00152788 -0.00154172 -0.00152494 -0.00154641 -0.00159238 -0.00149486 -0.00144358 -0.00153192 -0.00154413 -0.00144384 -0.00157328 -0.0015237 -0.00149647 -0.00150238 -0.00136454 -0.00127202 -0.00111379 0.00189662 
0.00200957 0.00210951 0.00225694 0.0022744 0.125024 0.00245909 0.00225657 0.0023154 0.0021026 0.00217097 -0.00128531 -0.00145255 -0.00154146 -0.00162845 -0.00182866 -0.00180897 -0.00199435 -0.0019332 -0.00196893 -0.0020224 -0.0019514 -0.00190577 -0.00196511 -0.00183759 -0.00197601 -0.00194008 -0.00175698 -0.00177818 -0.00175931 -0.00171985 -0.00179283 -0.001718 -0.00171169 -0.00175 -0.00165141 -0.00168905 -0.00165343 -0.00176012 -0.00177154 -0.00165421 -0.00158243 -0.00158984 -0.00160037 -0.00162843 -0.00152315 -0.00169565 -0.00160412 -0.00163733 -0.00156354 -0.00157079 -0.00155061 -0.00156096 -0.0015719 -0.00153738 -0.00151606 -0.00155435 -0.00152942 -0.00157352 -0.00151232 -0.00145174 -0.00153683 -0.00154621 -0.00137436 -0.0015351 -0.00154357 -0.0015534 -0.00158264 -0.00157536 -0.00157589 -0.0015844 -0.00156449 -0.00157164 -0.00153839 -0.00156935 -0.00137699 -0.00147282 -0.00158274 -0.00149888 -0.0014406 -0.00158692 -0.00154453 -0.00160773 -0.00157287 -0.00157684 -0.00156724 -0.00149951 -0.00159667 -0.00140646 -0.00143426 -0.00152269 -0.00155253 -0.00147494 -0.0015648 -0.00149431 -0.00159436 -0.00153219 -0.00143993 -0.00135783 -0.00137933 -0.00108858 
0.0020032 0.00216301 0.00221298 0.00229337 0.00245909 0.127994 0.00243638 0.00247122 0.00236308 0.00227027 0.00214879 -0.00130761 -0.00142342 -0.00155334 -0.00177317 -0.00173109 -0.0020937 -0.0020446 -0.00195545 -0.00207294 -0.00201581 -0.00201851 -0.00212484 -0.00186305 -0.00206722 -0.00204683 -0.00194644 -0.00191647 -0.00183732 -0.00188002 -0.00184761 -0.00189429 -0.00182518 -0.00190008 -0.00175841 -0.00168107 -0.00182497 -0.00169763 -0.00179791 -0.00174021 -0.00163912 -0.00174866 -0.00178323 -0.00167052 -0.00171339 -0.00175406 -0.00163365 -0.00171696 -0.00164546 -0.00167188 -0.00162914 -0.00153759 -0.00160635 -0.00164086 -0.00164944 -0.00161637 -0.00170098 -0.00165671 -0.00169813 -0.00160285 -0.00163666 -0.00164659 -0.00162156 -0.00139176 -0.00162651 -0.00165773 -0.00154924 -0.00170505 -0.00160304 -0.00168898 -0.00165498 -0.00167352 -0.00168596 -0.00164723 -0.0014746 -0.0015762 -0.00154084 -0.00168791 -0.00159596 -0.00159473 -0.00165195 -0.00165061 -0.00165232 -0.00169803 -0.00163288 -0.00165541 -0.00175179 -0.00155495 -0.00152991 -0.00168781 -0.00162052 -0.0016164 -0.00159622 -0.00156612 -0.00158605 -0.00162719 -0.00154569 -0.00141508 -0.00134333 -0.00121985 
-0.00125768 0.00197606 0.00208709 0.0022089 0.00225657 0.00243638 0.129245 0.00254608 0.00229515 0.00236563 0.00221297 0.00223185 -0.00134823 -0.00147849 -0.00167165 -0.00159497 -0.00192079 -0.00202972 -0.00194371 -0.00214054 -0.00212856 -0.00210982 -0.00207031 -0.00197752 -0.00210403 -0.00207413 -0.00195723 -0.00179096 -0.00188375 -0.00188617 -0.00193325 -0.00185087 -0.00180944 -0.00183727 -0.00176478 -0.00175434 -0.00178451 -0.00176735 -0.00187472 -0.00173322 -0.00179007 -0.00167522 -0.00176238 -0.00182074 -0.00170404 -0.00178219 -0.00173555 -0.00167004 -0.00158534 -0.00172037 -0.00159052 -0.00167728 -0.00161994 -0.00153944 -0.00164457 -0.00165795 -0.00164364 -0.00163282 -0.00166089 -0.00163892 -0.00163799 -0.00165281 -0.00155286 -0.00164349 -0.00159247 -0.00173251 -0.00163762 -0.00163467 -0.00164712 -0.0017232 -0.00160755 -0.00160856 -0.00168117 -0.00162051 -0.00157886 -0.0015601 -0.00157688 -0.00165758 -0.00161362 -0.00162673 -0.00159838 -0.00165167 -0.00168549 -0.00164178 -0.0017221 -0.00165726 -0.00164099 -0.00149147 -0.00164096 -0.00160628 -0.00169485 -0.00168351 -0.00170201 -0.00165471 -0.00159932 -0.00165785 -0.00167147 -0.00152295 -0.00141747 -0.00130536 
-0.00128649 -0.00123581 0.00203788 0.00212136 0.0023154 0.00247122 0.00254608 0.130336 0.00250899 0.00256568 0.00235761 0.00229061 0.00218168 -0.00143325 -0.00154864 -0.00167021 -0.00190677 -0.00203021 -0.00208179 -0.00231519 -0.00215549 -0.00218626 -0.00211713 -0.00190483 -0.00220672 -0.00210484 -0.00201144 -0.00194101 -0.0018907 -0.00197551 -0.00200816 -0.00189779 -0.00191298 -0.0018469 -0.00176408 -0.00173963 -0.00188844 -0.00177016 -0.00174908 -0.0017634 -0.00166475 -0.00166884 -0.0017595 -0.00169611 -0.00175458 -0.00182149 -0.00166064 -0.00170377 -0.00172237 -0.001655 -0.00172852 -0.00165977 -0.00168815 -0.0016556 -0.00168015 -0.00166548 -0.00165215 -0.00160878 -0.00164244 -0.00162984 -0.0017377 -0.00164547 -0.00163229 -0.00156234 -0.0016565 -0.00166617 -0.00166596 -0.00168025 -0.00167423 -0.00173039 -0.00172513 -0.00166295 -0.00170492 -0.00160287 -0.00164689 -0.00159291 -0.0016692 -0.00165244 -0.00174148 -0.00162009 -0.00168238 -0.00162665 -0.00173223 -0.00162791 -0.00157241 -0.00166522 -0.00164676 -0.0015467 -0.00150717 -0.00165303 -0.00164846 -0.00164256 -0.00166366 -0.00169658 -0.00163813 -0.00168539 -0.00160095 -0.00167235 -0.00152466 -0.00136845 
-0.00145094 -0.00130509 -0.00131486 0.00201487 0.0021026 0.00236308 0.00229515 0.00250899 0.131466 0.00265051 0.00248808 0.00253653 0.00230359 0.00217838 -0.00148483 -0.00153847 -0.00174189 -0.00194072 -0.00195932 -0.00220795 -0.0020786 -0.00205322 -0.0021064 -0.00199384 -0.00223273 -0.00208267 -0.00190531 -0.00198455 -0.00190554 -0.0019409 -0.0019788 -0.00184538 -0.0017907 -0.00194523 -0.00176495 -0.00178986 -0.0019182 -0.00176885 -0.00182662 -0.0017843 -0.00171457 -0.00171419 -0.00178386 -0.00181844 -0.00176876 -0.00175742 -0.00167313 -0.00174284 -0.00167283 -0.0017249 -0.00160707 -0.00163588 -0.00178523 -0.00166201 -0.00161888 -0.00171505 -0.00163119 -0.00168572 -0.001661 -0.00172461 -0.00174031 -0.00162458 -0.00166182 -0.00161891 -0.00172251 -0.00168492 -0.00171059 -0.00172758 -0.00167119 -0.00167044 -0.0016555 -0.00170951 -0.00175069 -0.00164457 -0.00160849 -0.00156908 -0.00168128 -0.00174675 -0.00169469 -0.00164927 -0.00161877 -0.00169558 -0.00176806 -0.00176202 -0.00165068 -0.00170131 -0.00171325 -0.00167061 -0.00161541 -0.00180538 -0.00169529 -0.00172009 -0.00174447 -0.00161702 -0.0016452 -0.00164127 -0.00167423 -0.0016243 -0.00178489 -0.00147882 
-0.00146569 -0.00134427 -0.00119319 -0.00121903 0.00217097 0.00227027 0.00236563 0.00256568 0.00265051 0.130179 0.00242505 0.00246778 0.0023927 0.00235557 -0.00136412 -0.00151885 -0.00163944 -0.00186443 -0.00178826 -0.00213526 -0.00199623 -0.00207256 -0.00205174 -0.00195746 -0.0021944 -0.00203455 -0.0018923 -0.00186084 -0.00181948 -0.00193327 -0.00191964 -0.00185526 -0.0017622 -0.00179664 -0.00176309 -0.00165127 -0.00185275 -0.00185113 -0.00174582 -0.00169372 -0.00176407 -0.00165819 -0.00171827 -0.00174819 -0.00175246 -0.00174263 -0.00169824 -0.00162209 -0.00157277 -0.00163254 -0.00174573 -0.00166323 -0.00157401 -0.0016637 -0.00162774 -0.00165874 -0.00162398 -0.00167868 -0.00167311 -0.00165628 -0.00163028 -0.00157387 -0.00158947 -0.00152143 -0.00165858 -0.00165968 -0.0015847 -0.0016764 -0.00175108 -0.00160392 -0.00163097 -0.00162982 -0.00152096 -0.00161832 -0.00164703 -0.00156105 -0.00159582 -0.00159957 -0.00163014 -0.00166229 -0.00162654 -0.00158683 -0.00165151 -0.00161148 -0.00158683 -0.00161511 -0.00164873 -0.00151575 -0.0015631 -0.00160307 -0.00173267 -0.001658 -0.00164672 -0.00168635 -0.00166318 -0.00171452 -0.00170147 -0.00165443 -0.00169016 -0.00162959 
-0.00167687 -0.00154224 -0.00148032 -0.00128133 -0.00128531 0.00214879 0.00221297 0.00235761 0.00248808 0.00242505 0.134852 0.00257468 0.00260254 0.00251241 0.00237681 0.00233737 -0.00153356 -0.001774 -0.00170123 -0.00207713 -0.00207797 -0.0021784 -0.0020899 -0.00204607 -0.00223955 -0.00211777 -0.00213061 -0.00202603 -0.00200813 -0.00197894 -0.00211474 -0.00198851 -0.00184454 -0.0019644 -0.00179013 -0.001852 -0.00199498 -0.00185737 -0.001818 -0.00186279 -0.00181239 -0.0017922 -0.00192213 -0.00186083 -0.00189237 -0.00188071 -0.00172044 -0.00182012 -0.00175256 -0.00172357 -0.00176695 -0.00178264 -0.00176715 -0.00163333 -0.00174719 -0.0017347 -0.00170924 -0.00181021 -0.00176691 -0.00173248 -0.00177234 -0.00162888 -0.00172092 -0.00172561 -0.00180183 -0.00172535 -0.0017741 -0.0018021 -0.00168287 -0.00168747 -0.00173095 -0.00170877 -0.0017402 -0.00176279 -0.00164759 -0.00171489 -0.00169512 -0.00180308 -0.00172497 -0.00174339 -0.0017776 -0.00166089 -0.00171728 -0.00167541 -0.00172933 -0.00175223 -0.00169968 -0.0016542 -0.00167452 -0.00180796 -0.00171604 -0.00166871 -0.00179247 -0.00178969 -0.00171658 -0.00175482 -0.00177419 -0.00171859 -0.00161276 -0.00164095 
-0.00175594 -0.00176093 -0.00155993 -0.00153238 -0.00145255 -0.00130761 0.00223185 0.00229061 0.00253653 0.00246778 0.00257468 0.136602 0.00278913 0.00273998 0.00250812 0.00251781 0.00243602 -0.00162216 -0.00163212 -0.00194269 -0.00207565 -0.00215365 -0.00219205 -0.00209881 -0.00225961 -0.00215751 -0.00213037 -0.00208571 -0.00209871 -0.00201669 -0.00204815 -0.00212679 -0.00208956 -0.00191144 -0.00183449 -0.00182313 -0.00201966 -0.00190544 -0.00188677 -0.0019018 -0.00182293 -0.00180367 -0.00190588 -0.00184644 -0.00191495 -0.00188375 -0.00171642 -0.00177377 -0.00179445 -0.00180526 -0.00175748 -0.00182676 -0.00181045 -0.00171635 -0.00179547 -0.0017665 -0.00179437 -0.00173701 -0.00176959 -0.00183987 -0.0017391 -0.00183103 -0.00171329 -0.00163731 -0.00178659 -0.00176428 -0.00177666 -0.00177613 -0.00176287 -0.00179365 -0.00179729 -0.00188076 -0.00174495 -0.00174616 -0.00171785 -0.00170983 -0.00172062 -0.00180828 -0.00181773 -0.00172133 -0.00172599 -0.00175177 -0.00177889 -0.00176939 -0.00173363 -0.00173221 -0.00183954 -0.00164085 -0.00171702 -0.00171109 -0.00175986 -0.00183334 -0.00168868 -0.00180367 -0.00179232 -0.00179227 -0.00180028 -0.00176678 -0.00170162 -0.00164602 
-0.00163449 -0.00169526 -0.00151405 -0.00156449 -0.00154146 -0.00142342 -0.00134823 0.00218168 0.00230359 0.0023927 0.00260254 0.00278913 0.135466 0.00274877 0.00250254 0.00259352 0.00224411 -0.00147807 -0.00161961 -0.00176901 -0.00195802 -0.00201942 -0.00206661 -0.00194992 -0.00228437 -0.0021048 -0.00200481 -0.00201051 -0.00195681 -0.00193765 -0.00201446 -0.0020677 -0.00198386 -0.00192504 -0.00186202 -0.00176319 -0.00193811 -0.00182144 -0.00185421 -0.00182407 -0.00183858 -0.00173969 -0.00181153 -0.00188978 -0.00172684 -0.001837 -0.00171793 -0.00170954 -0.0018109 -0.00169502 -0.0016478 -0.00179615 -0.00171866 -0.00167031 -0.00166113 -0.00168624 -0.00169558 -0.00178947 -0.00163789 -0.00179329 -0.00168156 -0.00180378 -0.00167319 -0.00165446 -0.00173808 -0.00163887 -0.00167733 -0.00179106 -0.00178406 -0.00176324 -0.00173766 -0.00170459 -0.00169579 -0.00166471 -0.00166206 -0.00158589 -0.00159251 -0.00182659 -0.00167064 -0.00165455 -0.00175697 -0.00176071 -0.00172139 -0.00170905 -0.00172086 -0.00173917 -0.0017313 -0.00157516 -0.00162405 -0.00168023 -0.00172806 -0.00172239 -0.00165146 -0.00174578 -0.00180208 -0.00169375 -0.0017133 -0.00168299 -0.00165499 -0.00160207 
-0.00183404 -0.00187965 -0.00179791 -0.00170935 -0.00162845 -0.00155334 -0.00147849 -0.00143325 0.00217838 0.00235557 0.00251241 0.00273998 0.00274877 0.140421 0.00275487 0.00293633 0.00277917 0.00251845 0.00255214 -0.00168336 -0.0018632 -0.00188641 -0.00200513 -0.00210928 -0.00236193 -0.00230854 -0.00222399 -0.00214009 -0.00199859 -0.00216717 -0.00210784 -0.00216277 -0.00207877 -0.0021152 -0.00186385 -0.00197004 -0.00199014 -0.00199955 -0.00203294 -0.00204425 -0.00183714 -0.00189528 -0.00195544 -0.00195984 -0.0019312 -0.00185213 -0.00181584 -0.00181555 -0.00187681 -0.00186654 -0.00184639 -0.00176183 -0.00184441 -0.00190338 -0.00183318 -0.00180934 -0.00186597 -0.00183745 -0.00188389 -0.00182105 -0.00184054 -0.00183013 -0.00182832 -0.00180518 -0.00185811 -0.00178575 -0.00180124 -0.0018598 -0.0017542 -0.00186086 -0.00184876 -0.0018415 -0.00177597 -0.00190208 -0.00176754 -0.00167553 -0.00177476 -0.00182682 -0.00190623 -0.00194919 -0.00174381 -0.00187735 -0.00186976 -0.00179107 -0.00185386 -0.00188105 -0.00178005 -0.00175964 -0.00177843 -0.00183763 -0.00178467 -0.00186264 -0.00186941 -0.00189399 -0.00175192 -0.0018786 -0.00178977 -0.0018172 -0.00177631 -0.0017674 
-0.0018291 -0.00184747 -0.0018329 -0.00175324 -0.00182866 -0.00177317 -0.00167165 -0.00154864 -0.00148483 -0.00136412 0.00237681 0.00250812 0.00250254 0.00275487 0.139567 0.00299128 0.00303667 0.00282153 0.00266532 0.00254977 -0.00164751 -0.00166906 -0.00172096 -0.00187702 -0.00214922 -0.00224256 -0.00218156 -0.00210818 -0.00204196 -0.00206595 -0.00201731 -0.00201916 -0.00204032 -0.00197972 -0.00188446 -0.00190124 -0.00198274 -0.00195577 -0.00194823 -0.00192572 -0.0018544 -0.00175266 -0.00184889 -0.00184275 -0.00192353 -0.00188445 -0.00182581 -0.00182455 -0.00181653 -0.0018647 -0.00172207 -0.00174751 -0.00173829 -0.00187707 -0.00177855 -0.00184852 -0.00177641 -0.00177703 -0.00176946 -0.00176977 -0.00174715 -0.00177851 -0.00163861 -0.00174196 -0.00179354 -0.00178369 -0.00183845 -0.00180287 -0.00179215 -0.00177215 -0.00181971 -0.00182164 -0.00176277 -0.00180035 -0.00172758 -0.00177047 -0.0016021 -0.00181903 -0.00180497 -0.00177426 -0.00175892 -0.00173263 -0.00180879 -0.00187227 -0.00185198 -0.00177078 -0.0017881 -0.00171185 -0.00171205 -0.00185756 -0.00177085 -0.00184768 -0.00178353 -0.00182399 -0.00188453 -0.00177701 -0.00181245 -0.00178439 -0.00173353 -0.00176339 
-0.00185576 -0.00180462 -0.00181423 -0.00181294 -0.00180897 -0.00173109 -0.00159497 -0.00167021 -0.00153847 -0.00151885 0.00233737 0.00251781 0.00259352 0.00293633 0.00299128 0.141096 0.0029842 0.00281797 0.00272812 0.00259666 -0.00175436 -0.00165434 -0.00181477 -0.00193711 -0.00219536 -0.00222131 -0.00213408 -0.00209338 -0.00211518 -0.00206571 -0.0020737 -0.00219489 -0.00199745 -0.00204285 -0.00190641 -0.00199424 -0.00194427 -0.00194903 -0.00193158 -0.00190583 -0.00186084 -0.00193364 -0.0020696 -0.00191191 -0.0019967 -0.00183399 -0.00184213 -0.00190411 -0.00191139 -0.0017816 -0.0018205 -0.00177793 -0.00181633 -0.00191766 -0.00180008 -0.00183916 -0.00183855 -0.00180838 -0.00184116 -0.00181928 -0.0017814 -0.00176265 -0.00174852 -0.00176552 -0.00180115 -0.00180971 -0.00178789 -0.00179275 -0.0018138 -0.00173818 -0.00183582 -0.00174987 -0.00177248 -0.00173141 -0.00173281 -0.00165273 -0.00170841 -0.00183521 -0.00175429 -0.00176491 -0.00173253 -0.00189313 -0.00184444 -0.00177056 -0.00188046 -0.00176459 -0.00181934 -0.00176095 -0.00174519 -0.00182629 -0.00183726 -0.00172426 -0.00174792 -0.00178455 -0.00176152 -0.00186904 -0.00182012 -0.00176186 -0.00182192 -0.00169309 
-0.0020017 -0.0019492 -0.00193293 -0.00203061 -0.00199435 -0.0020937 -0.00192079 -0.00190677 -0.00174189 -0.00163944 -0.00153356 0.00243602 0.00224411 0.00277917 0.00303667 0.0029842 0.146204 0.00292211 0.00306447 0.0028631 0.00265337 0.00263006 -0.00163162 -0.00182372 -0.002052 -0.00206855 -0.00223169 -0.0022339 -0.00223989 -0.00216917 -0.00218492 -0.00216544 -0.00220369 -0.00217249 -0.00196134 -0.00204009 -0.00210987 -0.00204406 -0.00212036 -0.0020833 -0.00186349 -0.00201377 -0.00205791 -0.00197754 -0.00193009 -0.00198719 -0.00187476 -0.00192993 -0.00192852 -0.00191402 -0.00196346 -0.00194191 -0.00184422 -0.00196307 -0.00188863 -0.00190168 -0.00183723 -0.00188499 -0.00195659 -0.00194413 -0.00194488 -0.0020138 -0.00191405 -0.00188315 -0.00196377 -0.00196164 -0.00201584 -0.0019527 -0.00195623 -0.00194181 -0.00199387 -0.00193103 -0.00188047 -0.00197892 -0.00175754 -0.00178505 -0.00186402 -0.0020031 -0.00184323 -0.001944 -0.00190936 -0.00188993 -0.00198064 -0.00184345 -0.00200624 -0.00199514 -0.00191841 -0.00189067 -0.00189105 -0.00191253 -0.001857 -0.00191549 -0.00187237 -0.00190444 -0.0019561 -0.0018907 -0.00197206 -0.00197408 -0.00196817 -0.00185655 
-0.00180782 -0.0018344 -0.00188028 -0.00188828 -0.0019332 -0.0020446 -0.00202972 -0.00203021 -0.00194072 -0.00186443 -0.001774 -0.00162216 -0.00147807 0.00251845 0.00282153 0.00281797 0.00292211 0.144481 0.00324947 0.00303104 0.00285652 0.00287345 0.00269366 -0.00165137 -0.0017801 -0.00198208 -0.00211404 -0.00216647 -0.00209345 -0.00213379 -0.00210326 -0.00225192 -0.00214097 -0.00204472 -0.0019353 -0.00187467 -0.00200357 -0.00206064 -0.00192896 -0.00196064 -0.00191502 -0.00193224 -0.00191555 -0.00196339 -0.00190333 -0.00187954 -0.0018435 -0.00191658 -0.00186358 -0.00184014 -0.00190808 -0.00185857 -0.0019157 -0.00189621 -0.0018912 -0.00188339 -0.00196159 -0.00183499 -0.00188696 -0.00190193 -0.00192263 -0.00186224 -0.00181504 -0.00175939 -0.00187416 -0.00178742 -0.00196244 -0.00179633 -0.0019013 -0.00184465 -0.00180935 -0.00182223 -0.00185779 -0.00183452 -0.00172705 -0.00185409 -0.00180781 -0.00186619 -0.00186123 -0.00183353 -0.00192518 -0.00192686 -0.00187803 -0.00183392 -0.0018513 -0.00185288 -0.00186008 -0.00177106 -0.00185906 -0.00190188 -0.00185621 -0.00183471 -0.00179888 -0.00192078 -0.00186076 -0.00184725 -0.00185374 -0.00191408 -0.00187027 -0.00178379 
-0.00192799 -0.00186626 -0.00198311 -0.00195587 -0.00196893 -0.00195545 -0.00194371 -0.00208179 -0.00195932 -0.00178826 -0.00170123 -0.00163212 -0.00161961 0.00255214 0.00266532 0.00272812 0.00306447 0.00324947 0.145368 0.00304301 0.00287601 0.0027261 0.002683 -0.00161859 -0.00176181 -0.00200069 -0.00207897 -0.00206586 -0.00207475 -0.00210242 -0.0022076 -0.00221803 -0.0021332 -0.00204196 -0.00197405 -0.00199549 -0.00204595 -0.00196753 -0.0020759 -0.00194495 -0.00199495 -0.0018329 -0.00206967 -0.00196341 -0.00193873 -0.00192643 -0.00180191 -0.00178382 -0.00183909 -0.00193255 -0.00181755 -0.00191617 -0.00186217 -0.00193715 -0.00189101 -0.00180064 -0.00192865 -0.00196696 -0.00188365 -0.00183795 -0.00190113 -0.001839 -0.00175286 -0.0018383 -0.00193209 -0.00195356 -0.00193369 -0.00188469 -0.00189457 -0.00183717 -0.00192599 -0.00182313 -0.00177777 -0.00184429 -0.00172701 -0.00170272 -0.00181672 -0.00180666 -0.00186449 -0.00177551 -0.00184572 -0.00184141 -0.00192643 -0.00186172 -0.00196479 -0.00189385 -0.00187599 -0.00173054 -0.00178215 -0.00197848 -0.00177358 -0.00192388 -0.00189436 -0.00194556 -0.00191089 -0.00192642 -0.00183685 -0.00191481 -0.00192482 -0.00175505 
-0.00195184 -0.00195544 -0.00205954 -0.00204988 -0.0020224 -0.00207294 -0.00214054 -0.00231519 -0.00220795 -0.00213526 -0.00207713 -0.00194269 -0.00176901 -0.00168336 0.00254977 0.00259666 0.0028631 0.00303104 0.00304301 0.149503 0.00316693 0.00311015 0.00304047 0.00270429 0.00262721 -0.00161803 -0.0018778 -0.00198074 -0.00202201 -0.00217728 -0.00216882 -0.00224294 -0.002266 -0.00222113 -0.00205407 -0.00203267 -0.0020759 -0.00214306 -0.00201977 -0.00208457 -0.00208043 -0.00205707 -0.00206132 -0.00210647 -0.00209507 -0.00204576 -0.00192462 -0.00194748 -0.00205487 -0.00199987 -0.00203035 -0.00195063 -0.00191751 -0.00203943 -0.00195173 -0.00203941 -0.00193022 -0.00207828 -0.00202756 -0.00190323 -0.00202822 -0.00196922 -0.00190857 -0.00186003 -0.00200326 -0.00208117 -0.00205505 -0.00206236 -0.00204375 -0.00195248 -0.00199525 -0.00200346 -0.00195331 -0.00197494 -0.00193033 -0.001874 -0.00191146 -0.00199779 -0.00191094 -0.00196474 -0.00197529 -0.00195258 -0.00199266 -0.0020178 -0.00191247 -0.00195904 -0.00193259 -0.00187729 -0.00184514 -0.00198699 -0.00199724 -0.00184138 -0.00187912 -0.00197885 -0.00201645 -0.00210071 -0.00194549 -0.00210392 -0.00191154 -0.00191932 
-0.00190209 -0.00198027 -0.00193328 -0.00195151 -0.0019514 -0.00201581 -0.00212856 -0.00215549 -0.0020786 -0.00199623 -0.00207797 -0.00207565 -0.00195802 -0.0018632 -0.00164751 -0.00175436 0.00265337 0.00285652 0.00287601 0.00316693 0.146331 0.0032419 0.00311487 0.00273884 0.00285308 0.00267555 -0.00164955 -0.0017304 -0.00183187 -0.00183201 -0.00194354 -0.00215246 -0.00219447 -0.00220711 -0.0020271 -0.00191719 -0.00210689 -0.00210634 -0.00211093 -0.00201886 -0.00194491 -0.00197205 -0.00201008 -0.00200606 -0.00207067 -0.0020472 -0.00188174 -0.00190115 -0.0017715 -0.00193354 -0.0019249 -0.0019479 -0.00185889 -0.00183071 -0.00186019 -0.00189275 -0.00186666 -0.00186855 -0.00179981 -0.00190127 -0.00184042 -0.0019152 -0.00174366 -0.00181799 -0.00181745 -0.00193901 -0.0018831 -0.00196786 -0.0019445 -0.00187744 -0.00196021 -0.00183883 -0.00180815 -0.00196167 -0.00174376 -0.00174416 -0.00185978 -0.00192777 -0.00188295 -0.00191133 -0.00189149 -0.00192415 -0.00193162 -0.00187657 -0.00193855 -0.00185857 -0.00192092 -0.00177059 -0.00180831 -0.00194748 -0.00186873 -0.00179908 -0.00189225 -0.0019159 -0.00186234 -0.00196141 -0.00179725 -0.00187262 -0.00189526 -0.0018005 
-0.00197641 -0.00185362 -0.00185441 -0.00185149 -0.00190577 -0.00201851 -0.00210982 -0.00218626 -0.00205322 -0.00207256 -0.0021784 -0.00215365 -0.00201942 -0.00188641 -0.00166906 -0.00165434 0.00263006 0.00287345 0.0027261 0.00311015 0.0032419 0.146334 0.00318972 0.00283877 0.00288175 0.00257543 -0.00164809 -0.00169821 -0.00189974 -0.00177727 -0.00196521 -0.00211076 -0.0020193 -0.00210974 -0.00196928 -0.00193488 -0.0020106 -0.00206886 -0.00211321 -0.0019736 -0.00188345 -0.00190796 -0.00203671 -0.0021381 -0.00209745 -0.00194402 -0.0018685 -0.00194542 -0.00190841 -0.00193518 -0.00181018 -0.00189487 -0.00194332 -0.00193954 -0.0018803 -0.00189139 -0.00192109 -0.00190443 -0.00202268 -0.00205875 -0.00201034 -0.00184873 -0.0017046 -0.00182822 -0.00186935 -0.00187115 -0.0019521 -0.00195348 -0.00190091 -0.00193878 -0.00184691 -0.00187013 -0.00190394 -0.00194411 -0.00176317 -0.00179265 -0.00180013 -0.00200701 -0.00183061 -0.00182404 -0.00191423 -0.00198044 -0.001873 -0.00188377 -0.0018365 -0.00181634 -0.00182235 -0.00179666 -0.00174621 -0.00189772 -0.00180591 -0.00195234 -0.00187059 -0.00192833 -0.00188833 -0.00186902 -0.00181333 -0.0018504 -0.00192385 -0.00179729 
-0.00187719 -0.00205429 -0.00194928 -0.00190381 -0.00196511 -0.00212484 -0.00207031 -0.00211713 -0.0021064 -0.00205174 -0.0020899 -0.00219205 -0.00206661 -0.00200513 -0.00172096 -0.00181477 -0.00163162 0.00269366 0.002683 0.00304047 0.00311487 0.00318972 0.145796 0.00294241 0.0028749 0.00274905 0.00243236 -0.00157137 -0.00177998 -0.00159706 -0.0018257 -0.00197933 -0.00203288 -0.00209204 -0.00192356 -0.00195923 -0.00198425 -0.00209403 -0.00195003 -0.00198765 -0.00192698 -0.00187609 -0.00197525 -0.00193414 -0.00202505 -0.00206037 -0.00185445 -0.00182709 -0.00192695 -0.00199171 -0.00183872 -0.00186321 -0.00192263 -0.00188332 -0.00187705 -0.00190197 -0.00194734 -0.0018718 -0.00191278 -0.00192814 -0.00180062 -0.00173957 -0.00181238 -0.00183923 -0.00191932 -0.00192521 -0.00193336 -0.00188932 -0.00191833 -0.00185762 -0.00184961 -0.00192959 -0.00186199 -0.00185374 -0.00178257 -0.00184204 -0.00182312 -0.00183289 -0.00178799 -0.00181592 -0.00191862 -0.00190371 -0.00192585 -0.00195771 -0.00192152 -0.00193743 -0.00186569 -0.001777 -0.00178211 -0.00197825 -0.00189439 -0.0018213 -0.00190136 -0.00186402 -0.001886 -0.00186856 -0.00188153 -0.00185614 -0.00189846 -0.00179873 
-0.00183346 -0.00184234 -0.00184151 -0.00177567 -0.00183759 -0.00186305 -0.00197752 -0.00190483 -0.00199384 -0.00195746 -0.00204607 -0.00209881 -0.00194992 -0.00210928 -0.00187702 -0.00193711 -0.00182372 -0.00165137 -0.00161859 0.00270429 0.00273884 0.00283877 0.00294241 0.141185 0.00302777 0.00288359 0.00260075 0.00243626 -0.00145409 -0.00146438 -0.00161393 -0.00170367 -0.00183058 -0.00187413 -0.00178999 -0.00189795 -0.0019278 -0.00193245 -0.00187426 -0.00184878 -0.0018823 -0.00176286 -0.0018978 -0.00184908 -0.0019812 -0.00183952 -0.00173211 -0.0018516 -0.00183424 -0.00177731 -0.00176384 -0.00175819 -0.0017576 -0.00185453 -0.00181976 -0.00173058 -0.00173054 -0.00183421 -0.00184136 -0.00174241 -0.0018039 -0.00172947 -0.00173838 -0.00173304 -0.00173998 -0.00176977 -0.00180294 -0.00171617 -0.00169144 -0.00169819 -0.001749 -0.00170724 -0.00178539 -0.00173448 -0.00166049 -0.00168546 -0.00171942 -0.00178778 -0.00175864 -0.00177073 -0.0017902 -0.00178669 -0.00174176 -0.00181245 -0.00179496 -0.00178185 -0.00174243 -0.00176637 -0.0016031 -0.00191035 -0.00174814 -0.00183258 -0.00177391 -0.00168048 -0.001671 -0.00176234 -0.00183317 -0.00172758 -0.0017358 -0.00168852 
-0.00205622 -0.0019228 -0.00195156 -0.00199693 -0.00197601 -0.00206722 -0.00210403 -0.00220672 -0.00223273 -0.0021944 -0.00223955 -0.00225961 -0.00228437 -0.00236193 -0.00214922 -0.00219536 -0.002052 -0.0017801 -0.00176181 0.00262721 0.00285308 0.00288175 0.0028749 0.00302777 0.146177 0.00300663 0.0027405 0.0025649 0.00241759 0.00239501 -0.00147929 -0.00183525 -0.0017963 -0.0018797 -0.00192482 -0.00199415 -0.00205829 -0.00206702 -0.00208838 -0.0020197 -0.00193108 -0.00200147 -0.00209549 -0.00208126 -0.00207358 -0.00200086 -0.00193328 -0.00191616 -0.00189899 -0.00191149 -0.0019532 -0.00177885 -0.00196906 -0.00192166 -0.00182712 -0.00173687 -0.00186569 -0.00186705 -0.00184773 -0.00190072 -0.00199818 -0.00185234 -0.00170085 -0.00196463 -0.00193489 -0.00195398 -0.00201564 -0.00183604 -0.00192691 -0.00196122 -0.00181428 -0.00184974 -0.00184897 -0.00189384 -0.00179212 -0.00179631 -0.00177923 -0.00190563 -0.00187278 -0.00191718 -0.00199135 -0.00194611 -0.00192548 -0.00198247 -0.00199966 -0.00191766 -0.00185708 -0.00183496 -0.00181485 -0.001901 -0.00198272 -0.0019385 -0.00190652 -0.00192406 -0.00191903 -0.0020278 -0.00190213 -0.00191821 -0.00193157 -0.00188301 
-0.0017818 -0.00202877 -0.00190383 -0.00187768 -0.00194008 -0.00204683 -0.00207413 -0.00210484 -0.00208267 -0.00203455 -0.00211777 -0.00215751 -0.0021048 -0.00230854 -0.00224256 -0.00222131 -0.00206855 -0.00198208 -0.00200069 -0.00161803 0.00267555 0.00257543 0.00274905 0.00288359 0.00300663 0.143983 0.00269467 0.00273693 0.00251933 0.00255167 0.00234228 -0.00149535 -0.00161606 -0.00173413 -0.00192325 -0.00188105 -0.00207715 -0.00203563 -0.00204555 -0.00208952 -0.00190573 -0.0019746 -0.0019976 -0.00205238 -0.00199901 -0.00200106 -0.00192531 -0.00190837 -0.00191283 -0.00198402 -0.00195004 -0.00202007 -0.00180791 -0.00193708 -0.00184891 -0.00184854 -0.00189615 -0.00187555 -0.00185586 -0.00188203 -0.00192788 -0.00175584 -0.00180707 -0.00185791 -0.00193812 -0.00188657 -0.00192316 -0.00184057 -0.00195182 -0.0018174 -0.00191638 -0.00183444 -0.00187054 -0.00181588 -0.00173839 -0.00184797 -0.00176529 -0.00183482 -0.0017145 -0.00190618 -0.00186123 -0.00181165 -0.00185386 -0.00181612 -0.00199394 -0.00188874 -0.00197034 -0.0018466 -0.00180308 -0.00190558 -0.00194482 -0.00189376 -0.00181477 -0.00196145 -0.00187135 -0.00188337 -0.00192099 -0.00188161 -0.00184729 -0.00181875 
-0.00180701 -0.00179753 -0.00184046 -0.00177214 -0.00175698 -0.00194644 -0.00195723 -0.00201144 -0.00190531 -0.0018923 -0.00213061 -0.00213037 -0.00200481 -0.00222399 -0.00218156 -0.00213408 -0.00223169 -0.00211404 -0.00207897 -0.0018778 -0.00164955 -0.00164809 0.00243236 0.00260075 0.0027405 0.00269467 0.139065 0.00281434 0.00260015 0.00260371 0.00253354 0.00240741 -0.00136976 -0.00142596 -0.00155319 -0.00166186 -0.00178662 -0.00180812 -0.00186847 -0.00183908 -0.00177218 -0.00184524 -0.0019624 -0.00189541 -0.00190327 -0.00177391 -0.00177274 -0.00185078 -0.00175952 -0.00176755 -0.00174141 -0.00170759 -0.0018162 -0.00175437 -0.00181662 -0.00178559 -0.00171944 -0.00181988 -0.00175597 -0.00175308 -0.00188487 -0.00172947 -0.00164415 -0.00160744 -0.0018147 -0.00171218 -0.00180016 -0.00177426 -0.0019046 -0.00179343 -0.00176513 -0.00180637 -0.00187404 -0.00174782 -0.00169866 -0.00168587 -0.00175171 -0.00186094 -0.00178814 -0.00178424 -0.00176491 -0.00182274 -0.00171921 -0.00181474 -0.00162827 -0.00178969 -0.00172451 -0.00170318 -0.00159483 -0.00169879 -0.0018441 -0.00175615 -0.00175769 -0.00173346 -0.00170493 -0.00168185 -0.00179239 -0.00175809 -0.00173647 -0.00165948 
-0.00185972 -0.00177537 -0.00175677 -0.00171657 -0.00177818 -0.00191647 -0.00179096 -0.00194101 -0.00198455 -0.00186084 -0.00202603 -0.00208571 -0.00201051 -0.00214009 -0.00210818 -0.00209338 -0.0022339 -0.00216647 -0.00206586 -0.00198074 -0.0017304 -0.00169821 -0.00157137 0.00243626 0.0025649 0.00273693 0.00281434 0.137076 0.00271628 0.00271054 0.00252055 0.00247326 0.00222752 -0.00135859 -0.00142594 -0.0014078 -0.00157685 -0.00171851 -0.00176325 -0.00195588 -0.0018357 -0.00182303 -0.0018591 -0.00183663 -0.0019479 -0.00182538 -0.00176435 -0.00185706 -0.00172359 -0.00169358 -0.00175953 -0.00179054 -0.0017528 -0.00183879 -0.00174929 -0.00179254 -0.00180791 -0.00173505 -0.00169211 -0.00177748 -0.00167896 -0.00177227 -0.00167394 -0.00164452 -0.00171644 -0.0016844 -0.00177 -0.00165699 -0.00181824 -0.00178329 -0.00172207 -0.00179495 -0.00174729 -0.00164957 -0.00163697 -0.00171144 -0.0016235 -0.00171463 -0.00173199 -0.0017781 -0.00174788 -0.0018185 -0.0017031 -0.00178244 -0.00171473 -0.00174566 -0.0017297 -0.00165935 -0.00159834 -0.00173496 -0.00174706 -0.00167479 -0.00169158 -0.00172122 -0.00168525 -0.00183248 -0.00178366 -0.00172652 -0.00175207 -0.00175743 
-0.00171374 -0.00174385 -0.00180485 -0.00172082 -0.00175931 -0.00183732 -0.00188375 -0.0018907 -0.00190554 -0.00181948 -0.00200813 -0.00209871 -0.00195681 -0.00199859 -0.00204196 -0.00211518 -0.00223989 -0.00209345 -0.00207475 -0.00202201 -0.00183187 -0.00189974 -0.00177998 -0.00145409 0.00241759 0.00251933 0.00260015 0.00271628 0.134975 0.00286269 0.00251984 0.00262521 0.00234207 0.00224605 -0.00118204 -0.00126217 -0.00154924 -0.00167081 -0.0016889 -0.00178691 -0.00176094 -0.00178944 -0.00196764 -0.00187005 -0.00179025 -0.00166534 -0.00176713 -0.00166 -0.00179965 -0.00174436 -0.00166865 -0.00173212 -0.00162869 -0.00178671 -0.00169334 -0.00168553 -0.0016789 -0.0017158 -0.00173325 -0.00176862 -0.00161859 -0.00182182 -0.00169544 -0.00154041 -0.00182701 -0.00172961 -0.00177475 -0.00176085 -0.00166689 -0.00170325 -0.00169968 -0.00169561 -0.00164358 -0.00167007 -0.00157029 -0.00159779 -0.00160327 -0.00171397 -0.00176924 -0.00164994 -0.0016986 -0.00169056 -0.00175665 -0.00166635 -0.00168598 -0.00175221 -0.00175526 -0.00165787 -0.00171783 -0.00169482 -0.00165559 -0.00168805 -0.00168526 -0.00178282 -0.00176537 -0.00176812 -0.00168798 -0.00180971 -0.00176318 -0.00164885 
-0.00172444 -0.00173462 -0.00172168 -0.00178754 -0.00171985 -0.00188002 -0.00188617 -0.00197551 -0.0019409 -0.00193327 -0.00197894 -0.00201669 -0.00193765 -0.00216717 -0.00206595 -0.00206571 -0.00216917 -0.00213379 -0.00210242 -0.00217728 -0.00183201 -0.00177727 -0.00159706 -0.00146438 0.00239501 0.00255167 0.00260371 0.00271054 0.00286269 0.13381 0.00250533 0.00244576 0.00228721 0.00230515 -0.00122812 -0.00126703 -0.00152251 -0.0016003 -0.0017551 -0.001771 -0.00181461 -0.00175845 -0.00189403 -0.00189465 -0.00182085 -0.0017882 -0.00181997 -0.0017808 -0.00175511 -0.00167888 -0.00178489 -0.00184348 -0.00173049 -0.00170261 -0.00177279 -0.00169206 -0.00168266 -0.00171098 -0.00173049 -0.00173425 -0.00168 -0.0016807 -0.00162286 -0.00165803 -0.00161106 -0.00171911 -0.00173174 -0.0017035 -0.00161879 -0.00171119 -0.00169797 -0.00174109 -0.00161423 -0.00164619 -0.00162339 -0.00157129 -0.00156437 -0.00167752 -0.00165257 -0.00164835 -0.00160186 -0.00159516 -0.00165371 -0.00169947 -0.00166553 -0.00165554 -0.00157056 -0.00163387 -0.00157689 -0.00172785 -0.00179702 -0.0016655 -0.00158505 -0.00169408 -0.00164278 -0.0016716 -0.00168092 -0.00162328 -0.00171374 -0.00152535 
-0.00171605 -0.00170192 -0.00185628 -0.00166655 -0.00179283 -0.00184761 -0.00193325 -0.00200816 -0.0019788 -0.00191964 -0.00211474 -0.00204815 -0.00201446 -0.00210784 -0.00201731 -0.0020737 -0.00218492 -0.00210326 -0.0022076 -0.00216882 -0.00194354 -0.00196521 -0.0018257 -0.00161393 -0.00147929 0.00234228 0.00253354 0.00252055 0.00251984 0.00250533 0.134407 0.00252817 0.00261612 0.00245027 0.0022061 0.00213578 -0.00127443 -0.00147974 -0.00154833 -0.00167369 -0.00167315 -0.00187951 -0.00176776 -0.00185742 -0.00180262 -0.00195491 -0.00177053 -0.00185303 -0.00172894 -0.00172881 -0.00174126 -0.00172025 -0.00171414 -0.00174413 -0.0017952 -0.00179845 -0.0017545 -0.00174437 -0.00174477 -0.00170777 -0.00174257 -0.00168243 -0.00159471 -0.00160164 -0.00176671 -0.00177474 -0.0017352 -0.00175625 -0.00180874 -0.00174536 -0.00179146 -0.00174946 -0.00172018 -0.00173214 -0.00167595 -0.00165903 -0.00163822 -0.00177927 -0.00175012 -0.00185072 -0.00178617 -0.00170093 -0.00169552 -0.00174279 -0.00169141 -0.00171334 -0.00173682 -0.0017327 -0.00155939 -0.001692 -0.00172655 -0.00185199 -0.00171 -0.00175436 -0.00174346 -0.00168035 -0.00179632 -0.001774 -0.00179285 -0.00158158 
-0.00168884 -0.00176012 -0.00171625 -0.00175199 -0.001718 -0.00189429 -0.00185087 -0.00189779 -0.00184538 -0.00185526 -0.00198851 -0.00212679 -0.0020677 -0.00216277 -0.00201916 -0.00219489 -0.00216544 -0.00225192 -0.00221803 -0.00224294 -0.00215246 -0.00211076 -0.00197933 -0.00170367 -0.00183525 -0.00149535 0.00240741 0.00247326 0.00262521 0.00244576 0.00252817 0.132838 0.00260457 0.0025275 0.00222692 0.00225034 0.00208035 -0.00128739 -0.00149118 -0.001554 -0.00166764 -0.00162892 -0.00182209 -0.00180024 -0.0017696 -0.00179624 -0.00164365 -0.00176178 -0.00171138 -0.00179034 -0.00169083 -0.00181234 -0.00168352 -0.00176292 -0.00172435 -0.00167875 -0.00167216 -0.00174612 -0.00167107 -0.00160726 -0.00168962 -0.00172862 -0.00162001 -0.00152935 -0.00163236 -0.00182812 -0.0017201 -0.00170181 -0.00172678 -0.00167816 -0.0017317 -0.00167864 -0.00170716 -0.00167748 -0.00160256 -0.00163897 -0.00164967 -0.00164216 -0.00166231 -0.00168139 -0.0017614 -0.00177063 -0.00167535 -0.00173596 -0.00172949 -0.00173968 -0.00160869 -0.0015757 -0.00165709 -0.00177529 -0.00167967 -0.00176533 -0.00159125 -0.001688 -0.00170577 -0.0017683 -0.0017619 -0.00174685 -0.00164242 -0.00163465 
-0.00175183 -0.00165812 -0.0017048 -0.00171694 -0.00171169 -0.00182518 -0.00180944 -0.00191298 -0.0017907 -0.0017622 -0.00184454 -0.00208956 -0.00198386 -0.00207877 -0.00204032 -0.00199745 -0.00220369 -0.00214097 -0.0021332 -0.002266 -0.00219447 -0.0020193 -0.00203288 -0.00183058 -0.0017963 -0.00161606 -0.00136976 0.00222752 0.00234207 0.00228721 0.00261612 0.00260457 0.131584 0.00253382 0.00221028 0.00235185 0.00212327 0.00202368 -0.00128675 -0.00139497 -0.00156675 -0.00158148 -0.00172434 -0.00175327 -0.00182237 -0.00172793 -0.00167606 -0.00162469 -0.00171553 -0.00175845 -0.00166474 -0.00176029 -0.00175277 -0.00167988 -0.00176858 -0.00175688 -0.00173356 -0.00171561 -0.00168591 -0.0016559 -0.00171278 -0.00169128 -0.00153519 -0.00159601 -0.00174122 -0.00171186 -0.00176963 -0.001685 -0.00159211 -0.00175924 -0.0015934 -0.00175848 -0.00167798 -0.00164915 -0.00155907 -0.00159924 -0.00169108 -0.00164012 -0.00164778 -0.00165528 -0.0016555 -0.00170289 -0.00165748 -0.00169095 -0.00173982 -0.00171264 -0.00162074 -0.00167762 -0.00154194 -0.0017096 -0.00165683 -0.00175762 -0.00165355 -0.00167108 -0.00175188 -0.00171084 -0.00174118 -0.00169044 -0.00161156 -0.00159614 
