0.123159 0.00224384 0.00221549 0.00209449 0.00201836 0.00202233 -0.00116775 -0.00122718 -0.00146841 -0.00141001 -0.00163724 -0.00165841 -0.00174536 -0.0018922 -0.00186932 -0.00180268 -0.00189439 -0.00187168 -0.00187015 -0.00191585 -0.00190012 -0.00189576 -0.00188471 -0.00182858 -0.00195422 -0.00198299 -0.00176457 -0.00171423 -0.00172877 -0.00176351 -0.00171827 -0.00170598 -0.00172891 -0.00171069 -0.00151384 -0.00159954 -0.00164513 -0.00155939 -0.00157834 -0.00161596 -0.00155783 -0.00146444 -0.00160952 -0.00160839 -0.00160304 -0.0016281 -0.00142752 -0.0015205 -0.00153055 -0.00145494 -0.00155655 -0.00152989 -0.00147549 -0.00149082 -0.00150814 -0.0014577 -0.00140653 -0.00146786 -0.0014467 -0.00147807 -0.00154245 -0.00144745 -0.00145409 -0.00164625 -0.00152652 -0.00151583 -0.00162087 -0.00143846 -0.00157622 -0.00157185 -0.00156342 -0.00146772 -0.0015101 -0.00149634 -0.00146749 -0.00151214 -0.00147406 -0.00157114 -0.00154738 -0.00152477 -0.0014681 -0.00161023 -0.00159946 -0.00143964 -0.00150118 -0.00155518 -0.00148933 -0.00140681 -0.00144628 -0.0014839 -0.0015037 -0.00132852 -0.00133222 -0.00127479 -0.00127503 -0.00116581 0.00182778 0.00203513 0.00210248 0.00208253 
0.00224384 0.123523 0.00233565 0.0022787 0.00219573 0.00204588 0.00204815 -0.0012041 -0.00133343 -0.00125859 -0.00160622 -0.00162146 -0.00171045 -0.00181336 -0.00187274 -0.00183127 -0.00186102 -0.0019003 -0.00194139 -0.00198496 -0.00193163 -0.00192846 -0.00190859 -0.00175948 -0.00201964 -0.00192816 -0.00175098 -0.00174159 -0.00176317 -0.00165362 -0.00173984 -0.00168702 -0.00171755 -0.00174504 -0.00167019 -0.00153824 -0.00165132 -0.0016082 -0.00164765 -0.00158299 -0.00160089 -0.00151709 -0.001594 -0.00160539 -0.00160605 -0.00160139 -0.00157563 -0.00155755 -0.0015131 -0.00155622 -0.00151761 -0.0016323 -0.00149042 -0.00145586 -0.00159653 -0.00155376 -0.00152782 -0.00151483 -0.00152073 -0.00145655 -0.00159353 -0.00150938 -0.00138786 -0.00145457 -0.00148991 -0.00157299 -0.00146659 -0.00154902 -0.00155907 -0.00154455 -0.00146445 -0.00152736 -0.00157675 -0.00148818 -0.00137913 -0.00146937 -0.00139795 -0.00148871 -0.00147492 -0.00148877 -0.00156987 -0.00151507 -0.00154686 -0.00151043 -0.00156209 -0.0015277 -0.0015258 -0.00145398 -0.00147094 -0.00144519 -0.00152455 -0.00150705 -0.00143606 -0.0012789 -0.00130086 -0.00130871 -0.00122496 0.00181291 0.00196762 0.00204713 
0.00221549 0.00233565 0.12399 0.00230187 0.00216505 0.00213174 0.00207696 0.00206782 -0.00126666 -0.00118809 -0.00149514 -0.0015976 -0.00167301 -0.00178316 -0.00173658 -0.00192141 -0.00203498 -0.00196282 -0.00194891 -0.00203959 -0.00193769 -0.00186815 -0.00192716 -0.00185585 -0.00194187 -0.00199098 -0.00180347 -0.00169772 -0.00177112 -0.0016944 -0.00176587 -0.00169977 -0.00168858 -0.00173392 -0.00162303 -0.00155131 -0.00162201 -0.00173483 -0.00174246 -0.00157095 -0.00144616 -0.00153319 -0.00150412 -0.00166402 -0.00170235 -0.00160038 -0.0014852 -0.00148379 -0.00155554 -0.00156985 -0.00156488 -0.00152096 -0.00157866 -0.00152807 -0.00157014 -0.00155536 -0.00152101 -0.00147645 -0.00155074 -0.00157534 -0.00147913 -0.00153891 -0.00151446 -0.00143046 -0.00158496 -0.00142949 -0.00152242 -0.00152423 -0.00150391 -0.00153566 -0.00144412 -0.00149409 -0.00136423 -0.00150862 -0.0014069 -0.00148175 -0.00151047 -0.00159987 -0.00145061 -0.00146943 -0.00160715 -0.00156458 -0.00157022 -0.00148318 -0.00155662 -0.00149307 -0.00156866 -0.00142646 -0.0015287 -0.00147675 -0.00155681 -0.00148846 -0.00149745 -0.0014385 -0.0013568 -0.00143922 -0.00124162 -0.00117477 0.00192114 0.00191268 
0.00209449 0.0022787 0.00230187 0.124341 0.00228937 0.00225444 0.00226021 0.00210095 0.00204436 -0.00113221 -0.00132163 -0.00145838 -0.00145968 -0.00176125 -0.00191665 -0.00180895 -0.00196477 -0.00202797 -0.00184203 -0.00202177 -0.00200131 -0.00187568 -0.00184423 -0.00183019 -0.00205242 -0.00194443 -0.00187577 -0.00174022 -0.00187932 -0.00184426 -0.00175483 -0.00173657 -0.00178943 -0.0017727 -0.00164437 -0.00156188 -0.00166738 -0.00161902 -0.00166997 -0.00156577 -0.00154502 -0.00153899 -0.00160118 -0.00160242 -0.00159497 -0.00159523 -0.00155173 -0.0014915 -0.00153145 -0.00150883 -0.00157931 -0.00157008 -0.00151071 -0.00150033 -0.00153274 -0.00151814 -0.00149552 -0.00155695 -0.00155991 -0.0015709 -0.00141997 -0.00150836 -0.00148116 -0.00138483 -0.00157778 -0.0016121 -0.00155531 -0.00152832 -0.00154464 -0.00157889 -0.00150957 -0.00157855 -0.00153368 -0.00152094 -0.00143457 -0.00153714 -0.00139647 -0.00153253 -0.00152578 -0.00167037 -0.00153769 -0.00159298 -0.0016093 -0.00155982 -0.00157462 -0.00158219 -0.00139884 -0.00146496 -0.00138734 -0.00159318 -0.00155558 -0.00147375 -0.00159512 -0.00152621 -0.00153938 -0.00144521 -0.00132406 -0.00113952 -0.00125642 0.00196243 
0.00201836 0.00219573 0.00216505 0.00228937 0.124895 0.00242562 0.00224222 0.0022127 0.00231194 0.00201359 -0.00139117 -0.00137408 -0.00149075 -0.00170523 -0.00179213 -0.00187245 -0.0019878 -0.00190484 -0.00194494 -0.00203673 -0.00195932 -0.00192034 -0.0019714 -0.00184227 -0.00202058 -0.00194859 -0.00186423 -0.00174664 -0.00170886 -0.00170295 -0.0017463 -0.00171197 -0.00169583 -0.00176064 -0.00160743 -0.00157204 -0.00167768 -0.00174242 -0.00157303 -0.00171546 -0.00163653 -0.00157258 -0.00161493 -0.00164409 -0.00167654 -0.00161378 -0.00153662 -0.00152958 -0.00160774 -0.00154451 -0.00165888 -0.00161624 -0.00150551 -0.00151534 -0.00158747 -0.00152794 -0.0015595 -0.00152423 -0.00154371 -0.00162269 -0.00155439 -0.00152679 -0.00149877 -0.00148768 -0.00151595 -0.00152547 -0.00154556 -0.00155044 -0.00153456 -0.00153111 -0.00154334 -0.00153208 -0.00152408 -0.00149183 -0.00149973 -0.00146957 -0.00139627 -0.00160714 -0.00156991 -0.00150734 -0.0015569 -0.00148644 -0.00157397 -0.00144919 -0.00165711 -0.00159303 -0.001568 -0.00144783 -0.00150491 -0.00153866 -0.00149818 -0.00151416 -0.00152207 -0.00161148 -0.0015134 -0.00150772 -0.00141212 -0.0013117 -0.00129975 -0.00116463 
0.00202233 0.00204588 0.00213174 0.00225444 0.00242562 0.128457 0.00244852 0.00232175 0.00240856 0.00227184 0.00207827 -0.00138942 -0.00142714 -0.00160299 -0.00183401 -0.00174219 -0.00209878 -0.0020493 -0.00209667 -0.00212758 -0.0020931 -0.00196161 -0.00199028 -0.00195554 -0.00213715 -0.00208606 -0.00201001 -0.00182291 -0.00188205 -0.00179705 -0.00192922 -0.00194074 -0.00187397 -0.00185491 -0.0017378 -0.0017801 -0.00173411 -0.00178532 -0.00184776 -0.00169052 -0.00167681 -0.00171927 -0.00176059 -0.00170083 -0.0016891 -0.0016554 -0.00164005 -0.00168789 -0.00159411 -0.00173823 -0.00159128 -0.00160987 -0.00161618 -0.00162536 -0.00163092 -0.00160913 -0.00157738 -0.00158486 -0.00171328 -0.00163178 -0.00162355 -0.00170106 -0.00160134 -0.00140048 -0.00162948 -0.00164308 -0.00158948 -0.00161089 -0.00163306 -0.00160178 -0.00160105 -0.00166723 -0.00164027 -0.0016118 -0.00156385 -0.00156218 -0.00156954 -0.00157994 -0.00159365 -0.00165965 -0.00170356 -0.00167655 -0.00164474 -0.00160874 -0.00159299 -0.00161819 -0.0016199 -0.00151183 -0.00155827 -0.00165668 -0.00162319 -0.00161944 -0.00164827 -0.0016527 -0.00159532 -0.00160067 -0.00155562 -0.00146223 -0.00135788 -0.00114544 
-0.00116775 0.00204815 0.00207696 0.00226021 0.00224222 0.00244852 0.129019 0.00238846 0.00231702 0.00224326 0.00225992 0.00218588 -0.00132483 -0.00157004 -0.00163862 -0.00171164 -0.00195084 -0.00201111 -0.00205755 -0.00213977 -0.00201434 -0.00213042 -0.00197135 -0.00188832 -0.00215624 -0.00216888 -0.0020235 -0.00187642 -0.0019205 -0.00176976 -0.00194948 -0.00187466 -0.00196516 -0.00178313 -0.00179386 -0.00175763 -0.00177456 -0.00173611 -0.0017999 -0.00176138 -0.00165247 -0.00165504 -0.00175648 -0.00175012 -0.00163828 -0.00172726 -0.00160705 -0.00163482 -0.00168269 -0.00164482 -0.00164695 -0.00159096 -0.00170371 -0.00167131 -0.00165796 -0.00163936 -0.00167132 -0.00163619 -0.00168698 -0.00159155 -0.00153816 -0.00167241 -0.00156255 -0.0014862 -0.00162866 -0.00162032 -0.00164713 -0.0016288 -0.00162365 -0.0017124 -0.00175371 -0.00164483 -0.00164528 -0.0017413 -0.00161964 -0.00154403 -0.00153819 -0.00168209 -0.0015709 -0.00160655 -0.00168542 -0.00162273 -0.0017121 -0.00164641 -0.00167697 -0.00157855 -0.00166386 -0.00161581 -0.00160493 -0.00166679 -0.00166488 -0.00158226 -0.00165589 -0.00162988 -0.00160739 -0.00155433 -0.0016031 -0.00154091 -0.00151273 -0.00126514 
-0.00122718 -0.0012041 0.00206782 0.00210095 0.0022127 0.00232175 0.00238846 0.130228 0.00243406 0.00242835 0.00227052 0.00230989 0.00215621 -0.00158335 -0.00164081 -0.00164442 -0.00184536 -0.00195538 -0.00200877 -0.00213115 -0.00211576 -0.0021154 -0.00205656 -0.00198779 -0.00210263 -0.00207353 -0.00202845 -0.00191133 -0.00193253 -0.00179617 -0.00181564 -0.00197505 -0.0018845 -0.00176026 -0.00180106 -0.00175625 -0.00189994 -0.00179886 -0.0018077 -0.00189135 -0.0017247 -0.00173785 -0.00183623 -0.0017591 -0.00179608 -0.00183839 -0.0017358 -0.00164623 -0.00164614 -0.00168391 -0.00166935 -0.0016473 -0.00165499 -0.00171499 -0.00159301 -0.00158899 -0.00160095 -0.00156238 -0.00162 -0.00164408 -0.00167976 -0.00159999 -0.00163241 -0.00149968 -0.00159655 -0.00156191 -0.00164666 -0.00163649 -0.00177616 -0.00161105 -0.0016578 -0.00164224 -0.00156613 -0.0015632 -0.00158688 -0.00157639 -0.0016467 -0.00165773 -0.00161001 -0.00166474 -0.00166945 -0.0016746 -0.00168583 -0.00173553 -0.00163163 -0.00163168 -0.00158241 -0.00164445 -0.00164319 -0.00175485 -0.00171449 -0.00163218 -0.001718 -0.00175048 -0.00166469 -0.00158401 -0.00170518 -0.00162184 -0.00160154 -0.00140803 
-0.00146841 -0.00133343 -0.00126666 0.00204436 0.00231194 0.00240856 0.00231702 0.00243406 0.13162 0.00261218 0.00254553 0.00233061 0.0023001 0.00234427 -0.00154196 -0.00164581 -0.00178593 -0.00184281 -0.00192215 -0.00221746 -0.00216504 -0.00218825 -0.00217435 -0.00194191 -0.00219684 -0.00210487 -0.00193211 -0.00193327 -0.00193317 -0.00194454 -0.00189649 -0.00194279 -0.00190164 -0.00178201 -0.00169328 -0.00171835 -0.00176902 -0.00184097 -0.00174111 -0.00184353 -0.0017084 -0.0017939 -0.00190861 -0.00174811 -0.00171162 -0.0017287 -0.00166221 -0.00172083 -0.00163319 -0.00173889 -0.00171033 -0.00172195 -0.00166032 -0.00168769 -0.00171932 -0.001702 -0.00170827 -0.00174935 -0.00173753 -0.00173393 -0.00169658 -0.00172403 -0.00162772 -0.00161092 -0.00173152 -0.00174023 -0.0017417 -0.00160399 -0.00172763 -0.00162888 -0.00170344 -0.0016968 -0.00167322 -0.0016183 -0.00164295 -0.00162966 -0.00154941 -0.00171441 -0.00174809 -0.00166127 -0.00175035 -0.00175499 -0.00166575 -0.00160866 -0.00169233 -0.00167845 -0.00172146 -0.00155593 -0.00163602 -0.00172741 -0.00171208 -0.00169091 -0.00171204 -0.0017668 -0.00169064 -0.0017294 -0.00163882 -0.00168778 -0.00174771 -0.00147654 
-0.00141001 -0.00125859 -0.00118809 -0.00113221 0.00201359 0.00227184 0.00224326 0.00242835 0.00261218 0.13002 0.0025465 0.00233807 0.00241415 0.00220863 -0.00145428 -0.00142015 -0.00177223 -0.00183587 -0.00185507 -0.00202531 -0.00207923 -0.00217716 -0.00196689 -0.00191238 -0.00208401 -0.0020776 -0.00193286 -0.00190312 -0.00189714 -0.00189025 -0.00188389 -0.00190898 -0.00185368 -0.00181438 -0.00170015 -0.00175469 -0.00175945 -0.00183556 -0.00173582 -0.00174018 -0.00167988 -0.00164008 -0.00167668 -0.00175185 -0.00163068 -0.0017474 -0.00163732 -0.00165549 -0.00161328 -0.00164241 -0.00167571 -0.00165411 -0.00156528 -0.00166722 -0.00161872 -0.00153081 -0.00163906 -0.00160747 -0.00166347 -0.00161007 -0.0016224 -0.00160157 -0.00155157 -0.00159307 -0.00161293 -0.00157744 -0.00159634 -0.00163027 -0.001701 -0.00170905 -0.00164798 -0.0015411 -0.00161782 -0.00158756 -0.00158568 -0.00151337 -0.00156191 -0.00157129 -0.0016936 -0.00155498 -0.00166472 -0.001649 -0.00161563 -0.00162422 -0.00159534 -0.00161018 -0.00168329 -0.00154808 -0.00157843 -0.00162482 -0.00168831 -0.0017495 -0.00163625 -0.00173455 -0.00169307 -0.00163989 -0.00165517 -0.00171805 -0.0016538 -0.0014972 
-0.00163724 -0.00160622 -0.00149514 -0.00132163 -0.00139117 0.00207827 0.00225992 0.00227052 0.00254553 0.0025465 0.134798 0.00268511 0.00271589 0.00264297 0.00242057 0.00242119 -0.00147986 -0.00165512 -0.00174035 -0.00190118 -0.00218475 -0.00214212 -0.00222682 -0.00196672 -0.00217369 -0.00223068 -0.00214706 -0.00199301 -0.0019204 -0.0019406 -0.00201809 -0.00197198 -0.00194363 -0.00196451 -0.00188394 -0.00183295 -0.00184134 -0.00193716 -0.00185737 -0.00196016 -0.00178126 -0.00184213 -0.00188419 -0.00190259 -0.00183379 -0.00189283 -0.00167953 -0.00174402 -0.0017603 -0.0017462 -0.00174355 -0.00166342 -0.00177961 -0.00185443 -0.00180162 -0.0016636 -0.00166682 -0.00175884 -0.00176483 -0.00166198 -0.00172359 -0.00179936 -0.0015686 -0.00166176 -0.00170117 -0.00179521 -0.00174657 -0.0016977 -0.00181439 -0.00176948 -0.0017694 -0.00179456 -0.00180198 -0.0017466 -0.00165471 -0.00173551 -0.00168534 -0.00175894 -0.00174826 -0.00175811 -0.0017324 -0.00173664 -0.00171882 -0.00173977 -0.00173515 -0.00178972 -0.00180379 -0.00162372 -0.00171038 -0.00181973 -0.0017103 -0.00183818 -0.00173528 -0.00173845 -0.00177305 -0.00179742 -0.00180031 -0.00171809 -0.0016876 -0.001654 
-0.00165841 -0.00162146 -0.0015976 -0.00145838 -0.00137408 -0.00138942 0.00218588 0.00230989 0.00233061 0.00233807 0.00268511 0.136671 0.00278757 0.00267306 0.002638 0.00248576 0.00238365 -0.00147301 -0.00162025 -0.00194471 -0.00208642 -0.00207148 -0.00219885 -0.00208897 -0.00225008 -0.00228031 -0.00215872 -0.0020414 -0.00206461 -0.00202105 -0.00207054 -0.00197756 -0.00209076 -0.00199979 -0.00185691 -0.00188102 -0.00187993 -0.00193347 -0.00185062 -0.00184771 -0.00185962 -0.00176642 -0.00193615 -0.00198988 -0.00190003 -0.0018873 -0.00182605 -0.00182196 -0.00183682 -0.00177111 -0.00181221 -0.00186411 -0.00184441 -0.00179427 -0.0017921 -0.00174777 -0.0017454 -0.00182547 -0.00183309 -0.00177537 -0.00187276 -0.00179677 -0.00159585 -0.00167961 -0.00169965 -0.0018292 -0.00182109 -0.00174779 -0.00181673 -0.00178462 -0.00178486 -0.0016939 -0.00182524 -0.00179551 -0.00170658 -0.00167973 -0.00169028 -0.00175387 -0.00175657 -0.00171594 -0.00168588 -0.00173845 -0.0016712 -0.00176839 -0.00171163 -0.00180341 -0.00181263 -0.00157255 -0.00170571 -0.00176742 -0.00177856 -0.00184352 -0.00171938 -0.00172556 -0.00177142 -0.00190936 -0.00180188 -0.00182907 -0.00176135 -0.0016481 
-0.00174536 -0.00171045 -0.00167301 -0.00145968 -0.00149075 -0.00142714 -0.00132483 0.00215621 0.0023001 0.00241415 0.00271589 0.00278757 0.135497 0.00275772 0.00252348 0.0025262 0.00249864 -0.00159451 -0.00156278 -0.00175722 -0.00197194 -0.00197713 -0.00212799 -0.00200085 -0.00221553 -0.00211777 -0.00203802 -0.00214684 -0.00197373 -0.00195053 -0.00200004 -0.0019718 -0.00191501 -0.00189918 -0.00184414 -0.0017803 -0.00182336 -0.00190723 -0.00194887 -0.00190183 -0.00177792 -0.00177626 -0.00187029 -0.00185054 -0.00182302 -0.00191865 -0.00171604 -0.00179261 -0.00168064 -0.00173532 -0.00169465 -0.00170329 -0.00175601 -0.00169631 -0.00174139 -0.00168067 -0.00166225 -0.00177058 -0.00170216 -0.00172524 -0.00166946 -0.00174442 -0.00155726 -0.00168247 -0.00170143 -0.00176631 -0.00175981 -0.00171564 -0.00169382 -0.00162494 -0.00162687 -0.00167229 -0.00173422 -0.00174103 -0.001613 -0.00160503 -0.00168082 -0.0016961 -0.0017541 -0.0016885 -0.00172974 -0.00174257 -0.00178043 -0.00160383 -0.00175104 -0.00164926 -0.00178023 -0.00160393 -0.00159015 -0.00178824 -0.00164307 -0.001623 -0.00170366 -0.00185271 -0.00173946 -0.00176501 -0.00169657 -0.001681 -0.00176385 -0.0016305 
-0.0018922 -0.00181336 -0.00178316 -0.00176125 -0.00170523 -0.00160299 -0.00157004 -0.00158335 0.00234427 0.00220863 0.00264297 0.00267306 0.00275772 0.140591 0.00272254 0.00287496 0.00271925 0.00251669 0.00256436 -0.00172568 -0.00185001 -0.00176319 -0.0020585 -0.0020522 -0.00227357 -0.00228064 -0.00221603 -0.00212867 -0.00214641 -0.0020255 -0.00210529 -0.00201944 -0.00197857 -0.00203037 -0.00202839 -0.00194686 -0.00197648 -0.00203435 -0.00192929 -0.00195892 -0.00188256 -0.00185585 -0.00202761 -0.00199797 -0.00193753 -0.00198625 -0.00183578 -0.0018415 -0.00192315 -0.00180587 -0.00186766 -0.00190966 -0.00183601 -0.00186136 -0.00191442 -0.00180061 -0.0018099 -0.00184315 -0.00179058 -0.0018996 -0.00179082 -0.00181948 -0.00173496 -0.00182419 -0.0017982 -0.00187493 -0.00177654 -0.00181181 -0.00190292 -0.00183835 -0.00186879 -0.00180538 -0.00184266 -0.00176963 -0.00183534 -0.00174491 -0.00176699 -0.00177402 -0.00174522 -0.00184993 -0.00180028 -0.00186977 -0.0018354 -0.00183634 -0.00185603 -0.00184194 -0.0018462 -0.00178175 -0.00180829 -0.00188856 -0.00183549 -0.00177916 -0.00182029 -0.001822 -0.00179597 -0.0018721 -0.00178337 -0.00183306 -0.00185135 -0.00181604 
-0.00186932 -0.00187274 -0.00173658 -0.00191665 -0.00179213 -0.00183401 -0.00163862 -0.00164081 -0.00154196 -0.00145428 0.00242057 0.002638 0.00252348 0.00272254 0.139973 0.00302509 0.003 0.0027551 0.00271101 0.00264785 -0.00162117 -0.0016272 -0.00176291 -0.00194543 -0.00217224 -0.00226537 -0.00211295 -0.00208229 -0.00206558 -0.00202727 -0.00200736 -0.0020897 -0.00193729 -0.00202107 -0.00191835 -0.00180841 -0.00188031 -0.00193659 -0.00192209 -0.00205149 -0.00184722 -0.00180769 -0.00193839 -0.00177368 -0.00193358 -0.00195062 -0.00179723 -0.00188334 -0.00182914 -0.00185774 -0.00178572 -0.00190009 -0.0018513 -0.00188625 -0.00180952 -0.00182182 -0.00188158 -0.00183963 -0.0017433 -0.00180538 -0.00182224 -0.00175838 -0.00180128 -0.00169753 -0.00167555 -0.00176061 -0.00182619 -0.00166357 -0.00173501 -0.00180539 -0.00173839 -0.00180315 -0.00187354 -0.00175804 -0.00180366 -0.0016202 -0.00174244 -0.00169387 -0.00175506 -0.00183162 -0.00184349 -0.00176281 -0.00170828 -0.00177977 -0.00180214 -0.00184612 -0.0018169 -0.00171698 -0.00176221 -0.0017534 -0.00173526 -0.00186086 -0.00181949 -0.00179421 -0.00182103 -0.00180716 -0.00171921 -0.00181484 -0.00179916 -0.00179247 
-0.00180268 -0.00183127 -0.00192141 -0.00180895 -0.00187245 -0.00174219 -0.00171164 -0.00164442 -0.00164581 -0.00142015 0.00242119 0.00248576 0.0025262 0.00287496 0.00302509 0.141423 0.00300195 0.00273413 0.0028243 0.00269044 -0.00166853 -0.00174216 -0.00184411 -0.00189256 -0.00214889 -0.00226058 -0.00212365 -0.00207483 -0.0020625 -0.00202675 -0.00200798 -0.00198782 -0.00197153 -0.00208873 -0.00201735 -0.00189542 -0.00197364 -0.0019254 -0.00192239 -0.00191831 -0.00185835 -0.00188853 -0.00192101 -0.00194926 -0.00197102 -0.00190388 -0.0018723 -0.00194885 -0.00174788 -0.00177123 -0.00193852 -0.00187983 -0.00185017 -0.00172527 -0.00180634 -0.00177686 -0.00184488 -0.00181255 -0.0017879 -0.00171369 -0.00184246 -0.0018527 -0.00179701 -0.00173773 -0.00174971 -0.00183943 -0.00184751 -0.00176414 -0.0019056 -0.00174411 -0.00187959 -0.0018277 -0.00183818 -0.00186457 -0.0017338 -0.00169767 -0.00177791 -0.0018686 -0.00185018 -0.00180742 -0.00185823 -0.00173064 -0.00174343 -0.00175715 -0.0018163 -0.00184616 -0.00175558 -0.00174031 -0.0016453 -0.00178742 -0.00187546 -0.001821 -0.0018095 -0.00176597 -0.00177964 -0.00183701 -0.00183712 -0.00183195 -0.00183376 -0.00178677 
-0.00189439 -0.00186102 -0.00203498 -0.00196477 -0.0019878 -0.00209878 -0.00195084 -0.00184536 -0.00178593 -0.00177223 -0.00147986 0.00238365 0.00249864 0.00271925 0.003 0.00300195 0.146155 0.00308518 0.00294933 0.00276352 0.00260075 0.00264598 -0.00164788 -0.00182205 -0.00197301 -0.00217733 -0.0022045 -0.00217033 -0.0022482 -0.00227765 -0.00224949 -0.00231293 -0.00209003 -0.00221967 -0.0021162 -0.0019914 -0.00217836 -0.00205062 -0.00199213 -0.00209601 -0.00197449 -0.00193055 -0.00206407 -0.00203699 -0.00199422 -0.00198847 -0.00198 -0.00197385 -0.00191135 -0.00191934 -0.00190363 -0.0019041 -0.00197205 -0.00188776 -0.0019534 -0.0019637 -0.00197404 -0.0019084 -0.00190947 -0.00190987 -0.00194775 -0.00194053 -0.00183478 -0.00191742 -0.00190767 -0.00189709 -0.00189066 -0.00185842 -0.00194147 -0.00181945 -0.00196705 -0.00187051 -0.00205319 -0.00194325 -0.00184157 -0.00192991 -0.00182849 -0.00194485 -0.00193181 -0.00190966 -0.00184782 -0.00197041 -0.00188569 -0.00191308 -0.0019855 -0.00192548 -0.00191056 -0.00191252 -0.00179081 -0.00192245 -0.00191051 -0.00189885 -0.00192984 -0.00197412 -0.00196863 -0.00187558 -0.00195526 -0.00184494 -0.00186148 -0.00179064 
-0.00187168 -0.0019003 -0.00196282 -0.00202797 -0.00190484 -0.0020493 -0.00201111 -0.00195538 -0.00184281 -0.00183587 -0.00165512 -0.00147301 -0.00159451 0.00251669 0.0027551 0.00273413 0.00308518 0.144531 0.00319078 0.00301604 0.00289142 0.00290573 0.00279345 -0.00154297 -0.00177432 -0.0019682 -0.00211901 -0.00210247 -0.0021139 -0.00214927 -0.00216096 -0.00216259 -0.00220523 -0.00201923 -0.00204785 -0.00198529 -0.00205292 -0.00189637 -0.00203061 -0.00197285 -0.00180982 -0.00189164 -0.00194727 -0.00198467 -0.00190913 -0.00192415 -0.00198292 -0.00181792 -0.00197231 -0.00190646 -0.00185357 -0.00189555 -0.00180488 -0.0018799 -0.0019089 -0.00187745 -0.00180697 -0.00189731 -0.00195664 -0.0019012 -0.00199751 -0.00192929 -0.00173933 -0.00173798 -0.0017998 -0.00181177 -0.00189132 -0.00190246 -0.00193895 -0.00191203 -0.00178634 -0.00183017 -0.00186404 -0.00190965 -0.00167131 -0.00167242 -0.00174219 -0.00187991 -0.0018241 -0.00195686 -0.00191254 -0.00189333 -0.00185409 -0.00198123 -0.00192581 -0.00183406 -0.00183647 -0.00181577 -0.00178136 -0.00180281 -0.0018068 -0.00183719 -0.00190518 -0.0019241 -0.00192947 -0.00190337 -0.00177 -0.00184978 -0.00187163 -0.00187001 
-0.00187015 -0.00194139 -0.00194891 -0.00184203 -0.00194494 -0.00209667 -0.00205755 -0.00200877 -0.00192215 -0.00185507 -0.00174035 -0.00162025 -0.00156278 0.00256436 0.00271101 0.0028243 0.00294933 0.00319078 0.145661 0.00305083 0.00294528 0.00286399 0.00253218 -0.00160959 -0.00175149 -0.00192716 -0.00206259 -0.00213619 -0.00211263 -0.00211967 -0.00215342 -0.00211165 -0.00214014 -0.00213279 -0.00192503 -0.00200709 -0.00207813 -0.00201245 -0.00206827 -0.00200121 -0.00190604 -0.00194732 -0.00190246 -0.00206633 -0.00197026 -0.00201359 -0.0019626 -0.00186796 -0.00187001 -0.00185692 -0.00180617 -0.00187071 -0.00191029 -0.00192552 -0.00188729 -0.00170844 -0.00187176 -0.00188528 -0.00192512 -0.00189702 -0.00175738 -0.00187039 -0.00175154 -0.00187874 -0.00182535 -0.00185434 -0.0018351 -0.00186907 -0.00194524 -0.0019274 -0.00187956 -0.00193736 -0.00184676 -0.0018935 -0.00182752 -0.0017793 -0.0017782 -0.00192608 -0.00190212 -0.00193295 -0.00184175 -0.00187012 -0.00187764 -0.00188692 -0.0018357 -0.00190521 -0.00190731 -0.00173877 -0.00177321 -0.00185728 -0.00191283 -0.00189612 -0.00181332 -0.00184802 -0.00182503 -0.00196442 -0.00189155 -0.00194533 -0.00184145 -0.00183165 
-0.00191585 -0.00198496 -0.00203959 -0.00202177 -0.00203673 -0.00212758 -0.00213977 -0.00213115 -0.00221746 -0.00202531 -0.00190118 -0.00194471 -0.00175722 -0.00172568 0.00264785 0.00269044 0.00276352 0.00301604 0.00305083 0.149451 0.00320718 0.00314055 0.00307639 0.0025888 0.00262298 -0.00165996 -0.00192768 -0.00195938 -0.00212965 -0.00208162 -0.00220264 -0.00220094 -0.00227496 -0.00211209 -0.00195295 -0.00210568 -0.00219753 -0.00211585 -0.0021506 -0.00214374 -0.00205245 -0.00203224 -0.00216832 -0.00201249 -0.00205175 -0.00212573 -0.00205805 -0.00205337 -0.00197849 -0.00193829 -0.00199405 -0.00200758 -0.00199311 -0.00200418 -0.00204776 -0.00198026 -0.00207739 -0.00203786 -0.0020179 -0.00198712 -0.00196962 -0.00200541 -0.001921 -0.00199311 -0.00199911 -0.00192598 -0.00194676 -0.00193344 -0.00188707 -0.00196282 -0.00188279 -0.00199524 -0.00200981 -0.00197304 -0.00193244 -0.00188015 -0.00193747 -0.00199876 -0.00199004 -0.00198221 -0.00200762 -0.00197887 -0.00189923 -0.00197761 -0.00193881 -0.00194838 -0.00197584 -0.00189501 -0.00190836 -0.00204291 -0.0020092 -0.00201652 -0.00196867 -0.0019418 -0.00194175 -0.00199452 -0.0019829 -0.00197622 -0.00192651 -0.00199589 
-0.00190012 -0.00193163 -0.00193769 -0.00200131 -0.00195932 -0.0020931 -0.00201434 -0.00211576 -0.00216504 -0.00207923 -0.00218475 -0.00208642 -0.00197194 -0.00185001 -0.00162117 -0.00166853 0.00260075 0.00289142 0.00294528 0.00320718 0.146752 0.0033632 0.00308967 0.00286116 0.00281982 0.00258853 -0.00163782 -0.0018443 -0.00183433 -0.00186139 -0.00210123 -0.00206258 -0.00215384 -0.00211426 -0.00200058 -0.0020414 -0.00204481 -0.00212098 -0.00214556 -0.00204334 -0.00193031 -0.00188949 -0.00201543 -0.00203365 -0.00193705 -0.00190125 -0.00192936 -0.00192987 -0.00187944 -0.00194373 -0.00189978 -0.0018631 -0.0019121 -0.00185988 -0.00187775 -0.00183562 -0.00188242 -0.0019602 -0.00188717 -0.00190543 -0.0019003 -0.00192763 -0.0017318 -0.0017783 -0.00180137 -0.00187983 -0.00190357 -0.00193831 -0.00187619 -0.00194647 -0.00189992 -0.00181443 -0.00191607 -0.00194795 -0.00183152 -0.00185745 -0.00189693 -0.00193807 -0.00191242 -0.00188523 -0.00191498 -0.00187607 -0.0019142 -0.00195345 -0.00188447 -0.00189475 -0.00193321 -0.00181842 -0.0017915 -0.00194179 -0.00191603 -0.00196727 -0.00192327 -0.00192146 -0.00189943 -0.00189073 -0.00187182 -0.00183061 -0.00183486 -0.00169704 
-0.00189576 -0.00192846 -0.00186815 -0.00187568 -0.00192034 -0.00196161 -0.00213042 -0.0021154 -0.00218825 -0.00217716 -0.00214212 -0.00207148 -0.00197713 -0.00176319 -0.0016272 -0.00174216 0.00264598 0.00290573 0.00286399 0.00314055 0.0033632 0.14633 0.00316625 0.00281221 0.00284411 0.0025926 -0.00167579 -0.00179623 -0.00190634 -0.00180457 -0.00202888 -0.00207497 -0.00209176 -0.00219055 -0.00201264 -0.00200427 -0.00204597 -0.00207824 -0.00197754 -0.00192268 -0.00192558 -0.00191373 -0.00212062 -0.00206498 -0.00204406 -0.00206779 -0.0019227 -0.00195853 -0.00188813 -0.00189106 -0.00182349 -0.00191647 -0.00191745 -0.00189647 -0.00178874 -0.00187004 -0.00190012 -0.00189587 -0.00188286 -0.00198395 -0.00194197 -0.00189434 -0.00176211 -0.0017996 -0.00181221 -0.00191828 -0.00191257 -0.0019636 -0.00191723 -0.00183599 -0.0018096 -0.00179223 -0.00183412 -0.00196145 -0.00182287 -0.00180244 -0.00188031 -0.00185408 -0.00181157 -0.00192178 -0.00192307 -0.00192714 -0.00189807 -0.00186655 -0.00175204 -0.00182491 -0.0019151 -0.00182045 -0.0017933 -0.00189543 -0.00184988 -0.001945 -0.00197436 -0.00195366 -0.00187836 -0.00198343 -0.00193213 -0.00190919 -0.0018541 -0.00185264 
-0.00188471 -0.00190859 -0.00192716 -0.00184423 -0.0019714 -0.00199028 -0.00197135 -0.00205656 -0.00217435 -0.00196689 -0.00222682 -0.00219885 -0.00212799 -0.0020585 -0.00176291 -0.00184411 -0.00164788 0.00279345 0.00253218 0.00307639 0.00308967 0.00316625 0.145624 0.00297245 0.00286436 0.0027639 0.0023793 -0.00166054 -0.00164251 -0.00173379 -0.00183838 -0.00198755 -0.00220921 -0.00203813 -0.00200353 -0.00202081 -0.00203778 -0.0019353 -0.00202391 -0.00189594 -0.00190101 -0.00186178 -0.00197051 -0.00194845 -0.00195116 -0.00200567 -0.00188192 -0.00184604 -0.00197228 -0.00184166 -0.00188708 -0.00188767 -0.00189833 -0.00191844 -0.00187539 -0.00186223 -0.00183114 -0.00187129 -0.00190321 -0.00195301 -0.00186933 -0.00176652 -0.00174699 -0.00178844 -0.00190323 -0.00182212 -0.0019101 -0.00183003 -0.0018781 -0.00199964 -0.00188516 -0.00189436 -0.00182115 -0.00187335 -0.00187053 -0.0017565 -0.00182937 -0.00188004 -0.00185389 -0.00195758 -0.00195278 -0.00194734 -0.00180173 -0.00193605 -0.00193507 -0.00191881 -0.00179469 -0.00181212 -0.00180551 -0.00183936 -0.00188719 -0.00182903 -0.00187194 -0.00188894 -0.00179783 -0.00192729 -0.00185221 -0.00197568 -0.00185597 -0.00183783 
-0.00182858 -0.00175948 -0.00185585 -0.00183019 -0.00184227 -0.00195554 -0.00188832 -0.00198779 -0.00194191 -0.00191238 -0.00196672 -0.00208897 -0.00200085 -0.0020522 -0.00194543 -0.00189256 -0.00182205 -0.00154297 -0.00160959 0.0025888 0.00286116 0.00281221 0.00297245 0.141173 0.00300317 0.00281748 0.0025297 0.00239929 -0.00145125 -0.00144934 -0.00177769 -0.00163548 -0.00172882 -0.00196213 -0.0019379 -0.00189497 -0.00192191 -0.00187977 -0.0018894 -0.00181174 -0.00175996 -0.0018136 -0.00186045 -0.00187146 -0.00192529 -0.001954 -0.00176331 -0.00165817 -0.00175458 -0.00173054 -0.00179649 -0.00173805 -0.00178593 -0.00186664 -0.00169926 -0.00183254 -0.00181176 -0.00181356 -0.00176393 -0.00177546 -0.00181851 -0.0017178 -0.00164732 -0.00163803 -0.00183113 -0.00180162 -0.00176795 -0.00178006 -0.00166236 -0.00181399 -0.00173292 -0.00177519 -0.0018172 -0.00180511 -0.00173346 -0.00173357 -0.00163364 -0.00172733 -0.00173858 -0.00176579 -0.00173964 -0.00172086 -0.00172344 -0.00185418 -0.00176394 -0.00176931 -0.00174662 -0.00169243 -0.00166251 -0.00178262 -0.00182833 -0.00170297 -0.00174608 -0.00182828 -0.00172906 -0.00175764 -0.00183549 -0.00177755 -0.00171896 -0.00179719 
-0.00195422 -0.00201964 -0.00194187 -0.00205242 -0.00202058 -0.00213715 -0.00215624 -0.00210263 -0.00219684 -0.00208401 -0.00217369 -0.00225008 -0.00221553 -0.00227357 -0.00217224 -0.00214889 -0.00197301 -0.00177432 -0.00175149 0.00262298 0.00281982 0.00284411 0.00286436 0.00300317 0.146066 0.00308974 0.00285156 0.00261725 0.00249516 0.00241767 -0.00155822 -0.00167764 -0.00171672 -0.00182276 -0.00196871 -0.00199296 -0.00197815 -0.00208535 -0.00211438 -0.00214009 -0.00204864 -0.00196115 -0.00209292 -0.00214028 -0.00212657 -0.00207321 -0.00197527 -0.00192504 -0.00190744 -0.00186021 -0.00190879 -0.00190465 -0.00193063 -0.00191811 -0.00194628 -0.00194458 -0.00184314 -0.00192311 -0.00203995 -0.00190475 -0.00190385 -0.00188969 -0.00175234 -0.00176683 -0.00189558 -0.00192954 -0.00187978 -0.00190339 -0.0019614 -0.00185976 -0.00191343 -0.00186283 -0.00183416 -0.00192211 -0.00177426 -0.00178697 -0.00181177 -0.00191517 -0.00186925 -0.00187485 -0.00194547 -0.00202251 -0.00188574 -0.0019877 -0.00188087 -0.00204136 -0.00186301 -0.00187239 -0.00190458 -0.00191894 -0.00188701 -0.00194843 -0.00194967 -0.00193644 -0.00191815 -0.00197063 -0.00189305 -0.00187844 -0.00195827 -0.00189361 
-0.00198299 -0.00192816 -0.00199098 -0.00194443 -0.00194859 -0.00208606 -0.00216888 -0.00207353 -0.00210487 -0.0020776 -0.00223068 -0.00228031 -0.00211777 -0.00228064 -0.00226537 -0.00226058 -0.00217733 -0.0019682 -0.00192716 -0.00165996 0.00258853 0.0025926 0.0027639 0.00281748 0.00308974 0.144435 0.00286377 0.00270386 0.00250319 0.0025292 0.00229291 -0.00151919 -0.00165585 -0.00172187 -0.0018625 -0.00177453 -0.00199141 -0.00200969 -0.00198125 -0.00209591 -0.00190437 -0.00187677 -0.00206648 -0.00202007 -0.002009 -0.00195414 -0.00193463 -0.00189222 -0.00183006 -0.0018138 -0.00187692 -0.00187132 -0.00189963 -0.00181641 -0.00190549 -0.00185452 -0.00188061 -0.00186277 -0.00195601 -0.0018424 -0.00190728 -0.0018338 -0.00178007 -0.00170646 -0.00188794 -0.00185731 -0.0018823 -0.00190615 -0.00192771 -0.00198668 -0.00182446 -0.00198508 -0.00189457 -0.00183666 -0.00183106 -0.00175676 -0.0017344 -0.00178235 -0.00182167 -0.00181267 -0.00200875 -0.00193899 -0.00193887 -0.00197602 -0.00189286 -0.0018802 -0.00190475 -0.00189526 -0.00178714 -0.0019736 -0.00194711 -0.00190052 -0.00182624 -0.00191299 -0.00196038 -0.00189356 -0.00186329 -0.00188333 -0.0019475 -0.00173998 
-0.00176457 -0.00175098 -0.00180347 -0.00187577 -0.00186423 -0.00201001 -0.0020235 -0.00202845 -0.00193211 -0.00193286 -0.00214706 -0.00215872 -0.00203802 -0.00221603 -0.00211295 -0.00212365 -0.0022045 -0.00211901 -0.00206259 -0.00192768 -0.00163782 -0.00167579 0.0023793 0.0025297 0.00285156 0.00286377 0.139294 0.00278408 0.00264821 0.00265936 0.00251112 0.00237167 -0.00132637 -0.00145678 -0.00151508 -0.00159313 -0.00177682 -0.00185139 -0.001894 -0.00175728 -0.00184844 -0.00184729 -0.00178171 -0.00183023 -0.00191835 -0.00186016 -0.00193675 -0.00175592 -0.00178949 -0.00185786 -0.00176151 -0.00181559 -0.00164684 -0.00175986 -0.00180055 -0.00182205 -0.00175583 -0.00185239 -0.00175347 -0.00175865 -0.00181002 -0.00184461 -0.00173818 -0.00159889 -0.00181951 -0.00177103 -0.00173287 -0.00169158 -0.00174145 -0.00178693 -0.00185242 -0.0017471 -0.00175061 -0.00173674 -0.00170683 -0.00167091 -0.00166569 -0.0017309 -0.00173638 -0.001773 -0.00182333 -0.00182166 -0.00176742 -0.00176691 -0.00178384 -0.00170007 -0.00175424 -0.00172952 -0.00173214 -0.00182154 -0.00177734 -0.00169036 -0.00177419 -0.00173033 -0.0018304 -0.00176057 -0.00177467 -0.00172565 -0.00177921 -0.0017097 
-0.00171423 -0.00174159 -0.00169772 -0.00174022 -0.00174664 -0.00182291 -0.00187642 -0.00191133 -0.00193327 -0.00190312 -0.00199301 -0.0020414 -0.00214684 -0.00212867 -0.00208229 -0.00207483 -0.00217033 -0.00210247 -0.00213619 -0.00195938 -0.0018443 -0.00179623 -0.00166054 0.00239929 0.00261725 0.00270386 0.00278408 0.137348 0.00270252 0.00270605 0.00258233 0.00249502 0.00231579 -0.00124281 -0.00145626 -0.00155357 -0.00163251 -0.00189872 -0.00186724 -0.0019461 -0.00180669 -0.00175882 -0.00181297 -0.00187235 -0.00177984 -0.00178609 -0.00177537 -0.00177083 -0.00183265 -0.00169214 -0.00175863 -0.00168096 -0.00177927 -0.00177483 -0.00172401 -0.00178868 -0.00168744 -0.00178757 -0.00175273 -0.00171745 -0.00171009 -0.00170951 -0.00167412 -0.00175411 -0.00177653 -0.00176377 -0.00180934 -0.00180799 -0.001724 -0.00169539 -0.00169831 -0.00182301 -0.0016472 -0.00175018 -0.00170356 -0.0017203 -0.00168382 -0.00177318 -0.00180927 -0.00179169 -0.00183264 -0.00180835 -0.00176674 -0.00178571 -0.0017921 -0.00184154 -0.00164456 -0.00171732 -0.00160027 -0.00173981 -0.00175393 -0.00164591 -0.00168084 -0.00175713 -0.00176608 -0.00172492 -0.00168071 -0.00174092 -0.00169757 -0.0016914 
-0.00172877 -0.00176317 -0.00177112 -0.00187932 -0.00170886 -0.00188205 -0.0019205 -0.00193253 -0.00193317 -0.00189714 -0.0019204 -0.00206461 -0.00197373 -0.00214641 -0.00206558 -0.0020625 -0.0022482 -0.0021139 -0.00211263 -0.00212965 -0.00183433 -0.00190634 -0.00164251 -0.00145125 0.00249516 0.00250319 0.00264821 0.00270252 0.135377 0.00282184 0.00260332 0.00241561 0.00238264 0.00224176 -0.00142585 -0.00129972 -0.0015864 -0.00153505 -0.00171989 -0.0018443 -0.00178314 -0.00182224 -0.00181934 -0.00182125 -0.0017174 -0.00184232 -0.00167995 -0.00171538 -0.00179974 -0.00167357 -0.00168327 -0.00164818 -0.00175989 -0.00175408 -0.0017172 -0.00165704 -0.00175798 -0.00163478 -0.00169829 -0.00168552 -0.00178134 -0.00165977 -0.00153666 -0.00157978 -0.00169079 -0.00169034 -0.00169423 -0.00166766 -0.00175583 -0.00174001 -0.00169679 -0.00178592 -0.00164421 -0.00170297 -0.00164399 -0.00158672 -0.00156792 -0.00164252 -0.00176477 -0.00176632 -0.00174181 -0.00175021 -0.0017858 -0.0016975 -0.00180702 -0.00170807 -0.00173237 -0.00156609 -0.00162459 -0.00176636 -0.00167779 -0.00172642 -0.0017528 -0.00169894 -0.00174087 -0.00177639 -0.00172088 -0.00171408 -0.00174565 -0.00168859 
-0.00176351 -0.00165362 -0.0016944 -0.00184426 -0.00170295 -0.00179705 -0.00176976 -0.00179617 -0.00194454 -0.00189025 -0.0019406 -0.00202105 -0.00195053 -0.0020255 -0.00202727 -0.00202675 -0.00227765 -0.00214927 -0.00211967 -0.00208162 -0.00186139 -0.00180457 -0.00173379 -0.00144934 0.00241767 0.0025292 0.00265936 0.00270605 0.00282184 0.134015 0.00257159 0.00246265 0.00235344 0.00230485 -0.00125105 -0.00128326 -0.0015068 -0.00158238 -0.00172858 -0.00179744 -0.00172877 -0.00171476 -0.00185089 -0.00175131 -0.00182856 -0.00180177 -0.00176567 -0.0017817 -0.00172371 -0.00171551 -0.00165839 -0.00181119 -0.00170647 -0.00169148 -0.00176681 -0.00179659 -0.00167965 -0.00171238 -0.00177929 -0.00166501 -0.00169748 -0.00170797 -0.00162261 -0.00158254 -0.0016505 -0.00167523 -0.00171004 -0.00179532 -0.00170725 -0.00169384 -0.00167662 -0.00172469 -0.00166346 -0.00168746 -0.00151884 -0.00163084 -0.00147352 -0.00167021 -0.00159465 -0.00168937 -0.00176988 -0.00172041 -0.00178588 -0.00178505 -0.00163868 -0.00172336 -0.00173342 -0.00168145 -0.00166481 -0.0016604 -0.00169071 -0.00174968 -0.00176142 -0.00165992 -0.00170402 -0.00169023 -0.00176217 -0.00172055 -0.0017748 -0.00158709 
-0.00171827 -0.00173984 -0.00176587 -0.00175483 -0.0017463 -0.00192922 -0.00194948 -0.00181564 -0.00189649 -0.00188389 -0.00201809 -0.00207054 -0.00200004 -0.00210529 -0.00200736 -0.00200798 -0.00224949 -0.00216096 -0.00215342 -0.00220264 -0.00210123 -0.00202888 -0.00183838 -0.00177769 -0.00155822 0.00229291 0.00251112 0.00258233 0.00260332 0.00257159 0.134509 0.00271148 0.00253428 0.00241209 0.00220476 0.00210144 -0.00135529 -0.00135858 -0.0015079 -0.00160941 -0.00173446 -0.00176218 -0.00184955 -0.00186222 -0.00194765 -0.00188106 -0.00174586 -0.00169137 -0.00176279 -0.00173126 -0.00177414 -0.00180509 -0.00178607 -0.00168419 -0.00170591 -0.00174753 -0.00177006 -0.00171533 -0.00180923 -0.00176121 -0.00167682 -0.00176224 -0.00155269 -0.00159336 -0.00169164 -0.00173556 -0.00169935 -0.00171693 -0.00175449 -0.00185911 -0.00177548 -0.00177001 -0.00176981 -0.00167815 -0.00167054 -0.00166297 -0.00168437 -0.00171645 -0.00177 -0.00164835 -0.00168628 -0.00181618 -0.00177717 -0.0017841 -0.00171549 -0.00170749 -0.0017891 -0.00161112 -0.00173098 -0.00174785 -0.00177041 -0.00179287 -0.00183172 -0.00171688 -0.00179959 -0.00172112 -0.0017703 -0.00179105 -0.00184936 -0.00159821 
-0.00170598 -0.00168702 -0.00169977 -0.00173657 -0.00171197 -0.00194074 -0.00187466 -0.00197505 -0.00194279 -0.00190898 -0.00197198 -0.00197756 -0.0019718 -0.00201944 -0.0020897 -0.00198782 -0.00231293 -0.00216259 -0.00211165 -0.00220094 -0.00206258 -0.00207497 -0.00198755 -0.00163548 -0.00167764 -0.00151919 0.00237167 0.00249502 0.00241561 0.00246265 0.00271148 0.132912 0.00265235 0.00244844 0.00226261 0.00218762 0.00207622 -0.00132707 -0.00146643 -0.00154153 -0.00168378 -0.00169091 -0.00185166 -0.00180613 -0.00179672 -0.00178907 -0.00160092 -0.00182659 -0.0018371 -0.00171306 -0.00169274 -0.0017611 -0.00176978 -0.00161287 -0.00177328 -0.00180556 -0.00177686 -0.00176019 -0.00176587 -0.00170446 -0.00169981 -0.00160887 -0.00174503 -0.00162694 -0.00177375 -0.00173749 -0.00169052 -0.00161492 -0.00171449 -0.00175985 -0.00168574 -0.00174234 -0.00160506 -0.00166033 -0.00158822 -0.00164974 -0.00161606 -0.00164356 -0.00170094 -0.00167663 -0.00171545 -0.00172153 -0.00175051 -0.00186031 -0.0017887 -0.00176912 -0.00167657 -0.00150269 -0.00165378 -0.00164803 -0.00170493 -0.00167986 -0.00176535 -0.00174835 -0.00171196 -0.00164912 -0.00173729 -0.00173827 -0.0017439 -0.00158868 
-0.00172891 -0.00171755 -0.00168858 -0.00178943 -0.00169583 -0.00187397 -0.00196516 -0.0018845 -0.00190164 -0.00185368 -0.00194363 -0.00209076 -0.00191501 -0.00197857 -0.00193729 -0.00197153 -0.00209003 -0.00220523 -0.00214014 -0.00227496 -0.00215384 -0.00209176 -0.00220921 -0.00172882 -0.00171672 -0.00165585 -0.00132637 0.00231579 0.00238264 0.00235344 0.00253428 0.00265235 0.131179 0.00249893 0.00232009 0.00224141 0.00208581 0.00212876 -0.00135413 -0.00141714 -0.00155516 -0.00156644 -0.00172627 -0.00170358 -0.00171897 -0.00170229 -0.00169118 -0.00175921 -0.00178414 -0.00178442 -0.0017775 -0.00160557 -0.00167527 -0.00164012 -0.00159276 -0.00171244 -0.0016904 -0.00164678 -0.00168402 -0.00170954 -0.00169207 -0.00174108 -0.0015164 -0.00163522 -0.00164547 -0.00160014 -0.00158888 -0.00167671 -0.00159301 -0.00168004 -0.00171262 -0.00168795 -0.00162085 -0.00167548 -0.00163819 -0.00161312 -0.00163234 -0.00171251 -0.00171592 -0.00173575 -0.00173867 -0.00176299 -0.00172355 -0.00168385 -0.00171703 -0.00167175 -0.00162996 -0.00156127 -0.00159402 -0.00168644 -0.00174923 -0.00169156 -0.0016937 -0.00155181 -0.00175465 -0.0016353 -0.00168606 -0.00176263 -0.00167341 -0.0015849 
