0.123206 0.00228427 0.00222374 0.00199199 0.00203412 0.00200616 -0.00112521 -0.00130908 -0.00136361 -0.00154556 -0.00162714 -0.00171558 -0.0017479 -0.00183042 -0.00179313 -0.00173216 -0.00192122 -0.00193362 -0.00193291 -0.00200222 -0.0018741 -0.00191163 -0.00186477 -0.00185064 -0.00190243 -0.00193965 -0.00182902 -0.00180956 -0.00169403 -0.00176744 -0.00186574 -0.00168515 -0.0017007 -0.00168418 -0.00164631 -0.00163038 -0.00160172 -0.00166475 -0.00165717 -0.00158327 -0.00158468 -0.00158836 -0.00166381 -0.00163705 -0.00156736 -0.00160315 -0.00153423 -0.00159343 -0.00151082 -0.00148387 -0.00153559 -0.00155933 -0.00144785 -0.00149519 -0.0015488 -0.00154194 -0.00141769 -0.00145494 -0.00145187 -0.001474 -0.0015304 -0.00153923 -0.00147364 -0.00144457 -0.00153476 -0.00150517 -0.00145855 -0.00151697 -0.00155078 -0.00154731 -0.00151764 -0.00152352 -0.00148717 -0.00146007 -0.0014356 -0.00139971 -0.00138259 -0.00145043 -0.00157568 -0.00155885 -0.00158391 -0.0014726 -0.00142571 -0.00157345 -0.00146295 -0.00147186 -0.00148881 -0.00140454 -0.00144501 -0.00144926 -0.00150777 -0.00143197 -0.00130666 -0.00119988 -0.00117236 -0.0011946 0.00182374 0.00196623 0.00213724 0.00224647 
0.00228427 0.123429 0.00229247 0.00222047 0.00218098 0.00212649 0.00191938 -0.00122292 -0.00137164 -0.00136782 -0.00154479 -0.00162331 -0.0016728 -0.0018324 -0.00179745 -0.00186455 -0.00199815 -0.00186858 -0.00188954 -0.00204226 -0.00195161 -0.00191749 -0.00182176 -0.00183702 -0.00198235 -0.00188641 -0.00177623 -0.00168339 -0.00172817 -0.00163501 -0.0017315 -0.00164255 -0.00172191 -0.00176871 -0.00162778 -0.00158377 -0.00166632 -0.00159046 -0.00166537 -0.00162318 -0.00159532 -0.00160859 -0.00166014 -0.00168114 -0.00161468 -0.00164654 -0.00150653 -0.00154188 -0.00152616 -0.00153143 -0.00154976 -0.00153349 -0.00157894 -0.00150984 -0.00147893 -0.00154505 -0.00153373 -0.00152963 -0.0014831 -0.00152465 -0.00150742 -0.00157469 -0.00146411 -0.00145696 -0.0015505 -0.00151846 -0.00151915 -0.00164062 -0.00150277 -0.00146483 -0.001466 -0.00151511 -0.0015205 -0.0014661 -0.00139292 -0.00139553 -0.00138564 -0.00146925 -0.00147209 -0.00152771 -0.00151711 -0.00150157 -0.00149983 -0.0015423 -0.0014122 -0.00150809 -0.00153572 -0.00142253 -0.00141926 -0.00145083 -0.00154355 -0.00151889 -0.00139257 -0.00134401 -0.00132296 -0.00120927 -0.00117987 0.00183401 0.00190448 0.00205577 
0.00222374 0.00229247 0.124104 0.00228466 0.00221249 0.00219361 0.00213423 0.00204284 -0.00123051 -0.00133736 -0.00146034 -0.00164021 -0.00165856 -0.00181224 -0.00180413 -0.0018333 -0.00199785 -0.00187695 -0.0018921 -0.00201411 -0.00192981 -0.00192726 -0.00185364 -0.00181563 -0.0018423 -0.00192089 -0.00179055 -0.00176174 -0.00187534 -0.00176366 -0.00176531 -0.00176702 -0.00168265 -0.00164357 -0.00160624 -0.00166921 -0.00162328 -0.00165322 -0.00164432 -0.00164498 -0.0015291 -0.00157865 -0.00165071 -0.00167409 -0.00157666 -0.00168547 -0.001542 -0.00153203 -0.00152119 -0.00151204 -0.0015295 -0.00148351 -0.0014723 -0.00157772 -0.00156009 -0.0015492 -0.00152042 -0.00155329 -0.00154058 -0.00154187 -0.00146744 -0.00145479 -0.00144826 -0.001426 -0.00149889 -0.00150864 -0.00153033 -0.0015535 -0.00155685 -0.00159642 -0.00147782 -0.00158592 -0.00153421 -0.00155723 -0.0014864 -0.00143099 -0.00151197 -0.00143704 -0.00156076 -0.00152818 -0.00152365 -0.00150359 -0.00146607 -0.00156071 -0.00149025 -0.0015701 -0.00154919 -0.00138481 -0.00153835 -0.00144457 -0.00151625 -0.00153458 -0.00152362 -0.00146 -0.00137397 -0.00140033 -0.00130043 -0.00118902 0.00185512 0.00200704 
0.00199199 0.00222047 0.00228466 0.124455 0.00230012 0.00223506 0.00219079 0.00216649 0.00205524 -0.00109579 -0.00131263 -0.00142304 -0.0014539 -0.00168847 -0.0017128 -0.0018105 -0.00188436 -0.00191383 -0.00188091 -0.00205808 -0.00190874 -0.00194803 -0.00187648 -0.00182618 -0.00196696 -0.00195548 -0.00184418 -0.00181222 -0.00174452 -0.00173643 -0.00181482 -0.00179702 -0.00173418 -0.00174555 -0.00162614 -0.00160643 -0.001661 -0.00160448 -0.00167151 -0.00161447 -0.00161982 -0.0015521 -0.00158187 -0.00171562 -0.00158813 -0.00160875 -0.00154017 -0.00154551 -0.00160175 -0.00154482 -0.00147514 -0.00156063 -0.00165326 -0.00146504 -0.00156193 -0.0015328 -0.00159622 -0.00155512 -0.00153682 -0.00150997 -0.00151983 -0.00153448 -0.0014693 -0.00154996 -0.00159962 -0.00152495 -0.00158173 -0.00157566 -0.00162647 -0.00155995 -0.00152987 -0.00156927 -0.00156106 -0.00150151 -0.00139219 -0.00143966 -0.00145547 -0.00147496 -0.00146661 -0.00153615 -0.00149312 -0.00154725 -0.00154993 -0.0015583 -0.00152933 -0.00160284 -0.00150452 -0.00146035 -0.00145315 -0.00156553 -0.00152992 -0.00158455 -0.00154481 -0.00149577 -0.00151082 -0.00149419 -0.00131667 -0.00126425 -0.00122707 0.00187601 
0.00203412 0.00218098 0.00221249 0.00230012 0.124915 0.00247059 0.00243883 0.00229732 0.00217315 0.00225915 -0.00134394 -0.00144832 -0.00150708 -0.00173501 -0.00181233 -0.00188589 -0.00199761 -0.00183706 -0.00196914 -0.00199979 -0.00189076 -0.00204825 -0.0018839 -0.00183365 -0.00193789 -0.00193635 -0.00178043 -0.00185728 -0.00172031 -0.00182078 -0.00187531 -0.00180645 -0.00182516 -0.00183764 -0.00166285 -0.00166206 -0.00168936 -0.001553 -0.00171193 -0.0016127 -0.00158878 -0.00161232 -0.00169019 -0.00160149 -0.00163182 -0.00161406 -0.00157068 -0.00152147 -0.00157209 -0.0016104 -0.00157091 -0.00149192 -0.00157291 -0.00154289 -0.001543 -0.00151 -0.00151875 -0.00146851 -0.00159524 -0.00148438 -0.00143631 -0.00156888 -0.00145753 -0.00153936 -0.00157527 -0.00149684 -0.00147416 -0.00150266 -0.00150315 -0.00159317 -0.0015518 -0.00161161 -0.001503 -0.00154054 -0.00147788 -0.00152363 -0.00148562 -0.00159893 -0.00154959 -0.00145469 -0.00161116 -0.00164848 -0.00160089 -0.00153047 -0.00159543 -0.0015403 -0.00149249 -0.00147699 -0.00149884 -0.00153033 -0.00152979 -0.00160412 -0.00160458 -0.0016569 -0.00150104 -0.00152034 -0.00147248 -0.00134959 -0.00121519 -0.00106338 
0.00200616 0.00212649 0.00219361 0.00223506 0.00247059 0.128095 0.00247106 0.00229221 0.00231714 0.00221031 0.00215258 -0.00135416 -0.001461 -0.0016126 -0.00173402 -0.00179965 -0.00213673 -0.00201995 -0.00206888 -0.00219258 -0.00198756 -0.00211044 -0.00207875 -0.00189165 -0.00222306 -0.00214161 -0.001859 -0.00193355 -0.0018368 -0.00187641 -0.00190502 -0.0018901 -0.00193193 -0.00176776 -0.00182282 -0.00177823 -0.00183426 -0.00178101 -0.00172448 -0.00180016 -0.00169287 -0.0016538 -0.00172049 -0.00167949 -0.00171696 -0.00177058 -0.00156159 -0.00161216 -0.0015916 -0.00169601 -0.00153031 -0.00163155 -0.00162451 -0.00163594 -0.00167614 -0.00157473 -0.00160874 -0.0016044 -0.00155348 -0.00161486 -0.0016445 -0.00176167 -0.00156818 -0.00153707 -0.00164278 -0.00161965 -0.00162981 -0.00163036 -0.00159402 -0.00158688 -0.00162502 -0.00163252 -0.00155621 -0.00168603 -0.0015244 -0.001492 -0.00154683 -0.0015405 -0.00170141 -0.00158966 -0.0016377 -0.00169318 -0.00163133 -0.00159181 -0.0016826 -0.00157592 -0.00153638 -0.00148114 -0.0016072 -0.00157176 -0.00167921 -0.00160713 -0.00159456 -0.00152125 -0.00166028 -0.00159942 -0.00157819 -0.00136752 -0.00133058 -0.00120962 
-0.00112521 0.00191938 0.00213423 0.00219079 0.00243883 0.00247106 0.129298 0.00245803 0.0025162 0.00236526 0.00219159 0.00222384 -0.00132261 -0.00150095 -0.00165149 -0.00174937 -0.00200913 -0.00205579 -0.00196179 -0.00216689 -0.00205711 -0.00201616 -0.00207882 -0.00188132 -0.00221658 -0.00201393 -0.00185017 -0.00196773 -0.00192787 -0.0018089 -0.00199902 -0.00188794 -0.00184082 -0.00176873 -0.00177711 -0.00169905 -0.00174341 -0.00170988 -0.00186195 -0.00187505 -0.00169672 -0.00166409 -0.00179039 -0.00178781 -0.00186824 -0.00177094 -0.00170928 -0.00168991 -0.00164659 -0.0017337 -0.00169321 -0.00161251 -0.00167702 -0.00167542 -0.00163544 -0.00171914 -0.00163452 -0.00161608 -0.00162849 -0.00161605 -0.00166137 -0.0016805 -0.00161192 -0.00155626 -0.00167763 -0.00171631 -0.00167277 -0.00168742 -0.00163866 -0.00161671 -0.0016935 -0.0016549 -0.00165373 -0.00161599 -0.00156833 -0.00162349 -0.00156524 -0.00150991 -0.00175998 -0.00172296 -0.00164621 -0.00164815 -0.00167503 -0.00166203 -0.00163178 -0.0017071 -0.00163187 -0.00155029 -0.00161724 -0.00159435 -0.00172842 -0.00164387 -0.00157225 -0.00155629 -0.00161231 -0.00167934 -0.00164952 -0.00150631 -0.00138349 -0.00123333 
-0.00130908 -0.00122292 0.00204284 0.00216649 0.00229732 0.00229221 0.00245803 0.130055 0.00251224 0.00252466 0.00249363 0.00231028 0.0022205 -0.00141731 -0.00160857 -0.00159456 -0.00184361 -0.00199285 -0.00204705 -0.00226334 -0.00206015 -0.00196383 -0.002075 -0.00192296 -0.00209931 -0.0021678 -0.00196872 -0.00193873 -0.00188661 -0.001905 -0.00192423 -0.0019771 -0.00198489 -0.00192062 -0.00172473 -0.0018029 -0.00192803 -0.00177501 -0.00182193 -0.00184722 -0.0017223 -0.00169165 -0.00179113 -0.00169314 -0.00187684 -0.00175588 -0.00169645 -0.00169723 -0.00158462 -0.00160715 -0.00168795 -0.0015927 -0.00170985 -0.00165496 -0.00165744 -0.00161809 -0.0016653 -0.00163156 -0.00169789 -0.00157287 -0.00161703 -0.00165704 -0.00152839 -0.00156221 -0.00168735 -0.00164819 -0.00170926 -0.00161905 -0.00161349 -0.00170298 -0.00163603 -0.00168193 -0.00162323 -0.00168857 -0.00153259 -0.00157484 -0.00171197 -0.00158655 -0.00164934 -0.00166725 -0.0016936 -0.00164445 -0.00171645 -0.00169562 -0.00173797 -0.00174471 -0.00164341 -0.00160475 -0.00155973 -0.00171035 -0.00165889 -0.00160551 -0.00177923 -0.00167518 -0.00170835 -0.00158526 -0.00172425 -0.00168859 -0.001493 -0.00140714 
-0.00136361 -0.00137164 -0.00123051 0.00205524 0.00217315 0.00231714 0.0025162 0.00251224 0.131893 0.00255857 0.00254262 0.00241444 0.00229939 0.00218806 -0.00147439 -0.00151555 -0.00180283 -0.00201018 -0.00197112 -0.00219155 -0.00218111 -0.00209877 -0.00221221 -0.00200433 -0.00220906 -0.00217026 -0.00203967 -0.00203023 -0.00199639 -0.00194836 -0.00198106 -0.00194808 -0.00184868 -0.00195465 -0.00176387 -0.00171464 -0.00186794 -0.00184105 -0.00186697 -0.00180492 -0.00171655 -0.00167667 -0.00173933 -0.00179358 -0.00178242 -0.00179383 -0.00170303 -0.00182388 -0.0016726 -0.00174121 -0.00170984 -0.00165288 -0.00161718 -0.00168932 -0.00163551 -0.00163381 -0.00166759 -0.0016444 -0.00178605 -0.00163936 -0.00177376 -0.00172335 -0.00166134 -0.00159025 -0.00169742 -0.00170015 -0.00174613 -0.00171809 -0.00170202 -0.00167776 -0.00168173 -0.00174355 -0.00165454 -0.00160456 -0.00163699 -0.00158091 -0.001686 -0.00169525 -0.00159247 -0.00174721 -0.0016848 -0.00177693 -0.00164676 -0.00161291 -0.00172712 -0.00172671 -0.00170774 -0.00155551 -0.00164144 -0.00162799 -0.00170446 -0.001653 -0.00168536 -0.00163884 -0.00172517 -0.001689 -0.00172712 -0.00165731 -0.00161017 -0.00152553 
-0.00154556 -0.00136782 -0.00133736 -0.00109579 0.00225915 0.00221031 0.00236526 0.00252466 0.00255857 0.130304 0.00265444 0.00250374 0.00237636 0.00228258 -0.00141047 -0.00164269 -0.00160385 -0.0018058 -0.00202181 -0.00215601 -0.00213149 -0.00206872 -0.00205281 -0.00194339 -0.00213392 -0.00210556 -0.00193995 -0.00190911 -0.00188989 -0.00183129 -0.00186905 -0.00191824 -0.00185678 -0.00193531 -0.00166338 -0.00167494 -0.00170914 -0.00182287 -0.00173842 -0.00171322 -0.00166258 -0.00167343 -0.00181321 -0.00173487 -0.00165536 -0.00180045 -0.00166054 -0.00170543 -0.00167422 -0.00164156 -0.00161331 -0.0015961 -0.00165757 -0.00164993 -0.00160972 -0.00160283 -0.00168846 -0.0016501 -0.00176195 -0.00164041 -0.00161771 -0.00166727 -0.00154165 -0.00157225 -0.00154431 -0.00162672 -0.00156922 -0.00166427 -0.00162066 -0.00160789 -0.0016146 -0.00168606 -0.00149837 -0.00165085 -0.00156525 -0.00154132 -0.00149381 -0.00154478 -0.00161996 -0.00159288 -0.00161875 -0.00169735 -0.00158371 -0.00164336 -0.00170631 -0.0017157 -0.00162017 -0.00150534 -0.00155134 -0.00165363 -0.00168344 -0.00163411 -0.00162832 -0.00161604 -0.0016902 -0.00156453 -0.00173447 -0.00166902 -0.00167454 -0.00162202 
-0.00162714 -0.00154479 -0.00146034 -0.00131263 -0.00134394 0.00215258 0.00219159 0.00249363 0.00254262 0.00265444 0.134732 0.00274905 0.00269969 0.00263519 0.00235767 0.00217971 -0.00154722 -0.0017807 -0.00172567 -0.00200726 -0.00222839 -0.00208158 -0.00223489 -0.0022102 -0.00214777 -0.00229793 -0.00202772 -0.00207758 -0.00211604 -0.00194397 -0.00206765 -0.00193352 -0.00201756 -0.00195876 -0.0018897 -0.00174265 -0.00203807 -0.0018691 -0.00201025 -0.0018699 -0.0017667 -0.00178651 -0.00184403 -0.00179151 -0.00194225 -0.00178957 -0.0017957 -0.00180573 -0.0017004 -0.0017401 -0.00176318 -0.00175146 -0.00179848 -0.00178794 -0.00176537 -0.00169055 -0.00176309 -0.00169211 -0.00172132 -0.00168999 -0.00168985 -0.0017357 -0.00162609 -0.00174837 -0.00176292 -0.00173802 -0.00169957 -0.00168351 -0.001651 -0.00177131 -0.0017982 -0.0016865 -0.00173085 -0.00170976 -0.00169599 -0.00163219 -0.0016954 -0.00171929 -0.00173993 -0.00182166 -0.00179372 -0.00175746 -0.00184419 -0.00180344 -0.00173785 -0.00169515 -0.00167121 -0.00164743 -0.00165454 -0.00171317 -0.00184266 -0.0017605 -0.00175556 -0.001717 -0.00173439 -0.00167619 -0.00172785 -0.00176218 -0.00173204 -0.00152682 
-0.00171558 -0.00162331 -0.00164021 -0.00142304 -0.00144832 -0.00135416 0.00222384 0.00231028 0.00241444 0.00250374 0.00274905 0.136661 0.00281166 0.00269126 0.0024704 0.00251649 0.00233785 -0.00172138 -0.00178609 -0.00195954 -0.00207777 -0.00203015 -0.00212544 -0.00208397 -0.00235151 -0.00230413 -0.00214596 -0.00196363 -0.00203097 -0.00192031 -0.00202196 -0.00199605 -0.00198119 -0.00200586 -0.00183591 -0.00188198 -0.00193984 -0.00189262 -0.00199275 -0.00193786 -0.00190562 -0.00189494 -0.00189917 -0.00182543 -0.00188517 -0.0019614 -0.0017583 -0.0017972 -0.00183297 -0.00174929 -0.00177117 -0.00176713 -0.0017481 -0.00184564 -0.00176416 -0.00177744 -0.00182465 -0.00173447 -0.00177095 -0.00178612 -0.00171921 -0.00182542 -0.00169775 -0.00171974 -0.00177434 -0.00185543 -0.00184977 -0.00176858 -0.00167444 -0.00181863 -0.00169017 -0.00175369 -0.00166617 -0.00168619 -0.00172856 -0.00167059 -0.00174272 -0.00177654 -0.00180668 -0.00176121 -0.00174744 -0.00185433 -0.00181394 -0.00184483 -0.00176631 -0.00177836 -0.00172698 -0.00169676 -0.00166502 -0.0017261 -0.00182814 -0.00177967 -0.00172737 -0.00172287 -0.00173127 -0.00176682 -0.0018584 -0.00177888 -0.00171354 -0.00168663 
-0.0017479 -0.0016728 -0.00165856 -0.0014539 -0.00150708 -0.001461 -0.00132261 0.0022205 0.00229939 0.00237636 0.00269969 0.00281166 0.13508 0.00276038 0.00250759 0.00256765 0.00240225 -0.0015885 -0.00157701 -0.00174798 -0.0020209 -0.00205359 -0.00211556 -0.0019455 -0.00220859 -0.00220812 -0.00200109 -0.00189987 -0.00199822 -0.00197135 -0.00210745 -0.00197194 -0.00190098 -0.00195754 -0.00173704 -0.00183283 -0.0019034 -0.00179929 -0.00193636 -0.00176684 -0.00176008 -0.00169436 -0.00179146 -0.00182517 -0.00182321 -0.00180328 -0.00177348 -0.00186849 -0.0017835 -0.00171712 -0.00169385 -0.0016941 -0.00168364 -0.00174234 -0.00174105 -0.00171393 -0.00169785 -0.00166373 -0.00167919 -0.00166843 -0.00166683 -0.00170762 -0.00169574 -0.00166735 -0.00168938 -0.00176535 -0.0016889 -0.00168786 -0.0016687 -0.0017166 -0.00161693 -0.00166555 -0.00170155 -0.00166725 -0.00162545 -0.00166122 -0.00169166 -0.001688 -0.00167595 -0.00183221 -0.00184132 -0.0017235 -0.00175005 -0.00175849 -0.00169651 -0.00172978 -0.00173129 -0.00165071 -0.00160289 -0.00171652 -0.00160395 -0.00178852 -0.00163958 -0.00167179 -0.00165186 -0.00166688 -0.00171635 -0.00169568 -0.00178586 -0.00163181 
-0.00183042 -0.0018324 -0.00181224 -0.00168847 -0.00173501 -0.0016126 -0.00150095 -0.00141731 0.00218806 0.00228258 0.00263519 0.00269126 0.00276038 0.140484 0.00290533 0.00278506 0.00274179 0.00237272 0.00259415 -0.00169699 -0.00184276 -0.00194911 -0.00197024 -0.00209469 -0.00232689 -0.00231779 -0.00212115 -0.00213931 -0.00211367 -0.00209435 -0.00206557 -0.00211394 -0.00212006 -0.00208811 -0.00195932 -0.00192209 -0.00203043 -0.00196735 -0.00191277 -0.0019361 -0.0019321 -0.00188247 -0.00192271 -0.00195303 -0.0018959 -0.00192755 -0.00183945 -0.00185627 -0.00182249 -0.00191302 -0.00186636 -0.00190469 -0.00180343 -0.00180088 -0.00188159 -0.00176214 -0.00187499 -0.00177182 -0.00189267 -0.00182179 -0.00183142 -0.00183862 -0.00175059 -0.00182346 -0.00174632 -0.00192505 -0.00185574 -0.00175299 -0.00174919 -0.00184205 -0.001939 -0.00188852 -0.00187674 -0.00191141 -0.00177373 -0.00172703 -0.00168912 -0.00180228 -0.00181302 -0.00183009 -0.00189642 -0.00177813 -0.00184067 -0.00177233 -0.00179059 -0.00182761 -0.00184004 -0.001722 -0.00182096 -0.00175463 -0.00186415 -0.00175206 -0.0019616 -0.00184975 -0.00187717 -0.00188462 -0.00189368 -0.00179172 -0.00186863 -0.00175014 
-0.00179313 -0.00179745 -0.00180413 -0.0017128 -0.00181233 -0.00173402 -0.00165149 -0.00160857 -0.00147439 -0.00141047 0.00235767 0.0024704 0.00250759 0.00290533 0.139537 0.00309467 0.00294696 0.00261626 0.00266851 0.00260536 -0.00167348 -0.00168144 -0.00187554 -0.00188197 -0.00222315 -0.0021622 -0.00204469 -0.00209916 -0.0020361 -0.00202614 -0.00206879 -0.00203162 -0.00201624 -0.00201144 -0.00190535 -0.00193504 -0.00198084 -0.00194039 -0.00197014 -0.00193316 -0.00178787 -0.0018003 -0.00180923 -0.00185159 -0.0020188 -0.00182917 -0.0018518 -0.00175363 -0.00184358 -0.00188153 -0.0017886 -0.00181562 -0.00189632 -0.00183587 -0.00171533 -0.00171187 -0.00181478 -0.00186664 -0.00168314 -0.00181176 -0.00180054 -0.00174336 -0.00171043 -0.00169069 -0.00177817 -0.00178512 -0.00182917 -0.00179555 -0.00180742 -0.00177784 -0.0018079 -0.00173264 -0.00174177 -0.00180339 -0.00171968 -0.0016889 -0.00172736 -0.00175569 -0.00172895 -0.00182816 -0.00174614 -0.00171197 -0.00181728 -0.00185333 -0.00174918 -0.00181493 -0.00178292 -0.00168004 -0.00167288 -0.00180996 -0.00184627 -0.00177395 -0.0018248 -0.00178249 -0.0018492 -0.00182788 -0.00188954 -0.00177575 -0.00180347 -0.00178234 
-0.00173216 -0.00186455 -0.0018333 -0.0018105 -0.00188589 -0.00179965 -0.00174937 -0.00159456 -0.00151555 -0.00164269 0.00217971 0.00251649 0.00256765 0.00278506 0.00309467 0.141356 0.00299957 0.00268102 0.0027884 0.00268184 -0.00168834 -0.00163914 -0.00173965 -0.00190628 -0.0020836 -0.00225201 -0.00218499 -0.00214653 -0.00205096 -0.00214502 -0.00200029 -0.00200958 -0.00196025 -0.00200345 -0.00192604 -0.00190598 -0.00194217 -0.00199144 -0.00197132 -0.0020336 -0.0019095 -0.00190726 -0.00193015 -0.00197468 -0.00192988 -0.0019074 -0.0019064 -0.00187124 -0.00181429 -0.00173853 -0.00183554 -0.00184154 -0.00186843 -0.00183718 -0.00183438 -0.00185451 -0.00176033 -0.00168335 -0.00177128 -0.00177418 -0.0018247 -0.00175807 -0.00169208 -0.00171502 -0.00179389 -0.00183826 -0.00188054 -0.0018491 -0.00171035 -0.00171965 -0.00180824 -0.00177257 -0.0017695 -0.00181069 -0.00175435 -0.00180138 -0.00170609 -0.00187419 -0.00175683 -0.00182873 -0.00181238 -0.00188309 -0.00175203 -0.00181613 -0.00185992 -0.00179441 -0.00183765 -0.00173995 -0.00179139 -0.00188184 -0.001804 -0.00179143 -0.00181062 -0.00180854 -0.00175441 -0.00177371 -0.00182462 -0.00184847 -0.00179236 -0.00165075 
-0.00192122 -0.00199815 -0.00199785 -0.00188436 -0.00199761 -0.00213673 -0.00200913 -0.00184361 -0.00180283 -0.00160385 -0.00154722 0.00233785 0.00240225 0.00274179 0.00294696 0.00299957 0.14613 0.00303514 0.00315956 0.00292453 0.00275164 0.00257698 -0.00167375 -0.00184804 -0.0020148 -0.00215669 -0.00225988 -0.00222507 -0.00223864 -0.00215105 -0.00219023 -0.00213687 -0.00216541 -0.00218666 -0.00196622 -0.00189306 -0.00205092 -0.00211055 -0.00206547 -0.00199858 -0.00204662 -0.00199503 -0.00198894 -0.00208318 -0.00204484 -0.00208066 -0.0020109 -0.00190932 -0.00195345 -0.00190695 -0.00195536 -0.00200758 -0.00192748 -0.00201295 -0.00189921 -0.00200153 -0.00188474 -0.00198703 -0.00193828 -0.00191185 -0.00187764 -0.00196528 -0.00184987 -0.00179944 -0.00189731 -0.00194299 -0.00181507 -0.00190402 -0.00196283 -0.0020174 -0.00198156 -0.00192085 -0.00194962 -0.00196784 -0.00172855 -0.0018042 -0.00186225 -0.0021444 -0.00191331 -0.00180449 -0.00188167 -0.00189979 -0.00190747 -0.0018996 -0.00187876 -0.00186537 -0.00197329 -0.00186354 -0.00185596 -0.00197167 -0.00198389 -0.00190764 -0.00190746 -0.001937 -0.0019094 -0.00189196 -0.00198692 -0.00198074 -0.00187994 -0.00189528 
-0.00193362 -0.00186858 -0.00187695 -0.00191383 -0.00183706 -0.00201995 -0.00205579 -0.00199285 -0.00201018 -0.0018058 -0.0017807 -0.00172138 -0.0015885 0.00237272 0.00261626 0.00268102 0.00303514 0.144686 0.00323721 0.00298896 0.00288753 0.00288735 0.00261149 -0.00167337 -0.00182725 -0.00188967 -0.00196259 -0.00217115 -0.00212568 -0.00212227 -0.00209103 -0.0022131 -0.00202738 -0.0020431 -0.00198989 -0.00193036 -0.00203939 -0.00201035 -0.00190053 -0.00190701 -0.00175722 -0.00206955 -0.00195447 -0.00203612 -0.00200524 -0.00195496 -0.00185196 -0.00187846 -0.00191358 -0.0018752 -0.00188191 -0.00183602 -0.00182165 -0.00197422 -0.00175815 -0.00183132 -0.00190994 -0.00193736 -0.00187853 -0.00177682 -0.00190014 -0.00183935 -0.00181623 -0.00172218 -0.00183436 -0.001851 -0.00186494 -0.00189837 -0.00184701 -0.00189194 -0.00185994 -0.00185704 -0.00188 -0.00185433 -0.00171036 -0.00181674 -0.00183671 -0.00183889 -0.00186167 -0.00188389 -0.0018538 -0.00187226 -0.00184822 -0.00188517 -0.00184125 -0.00189829 -0.00181825 -0.00175029 -0.00173148 -0.00184558 -0.00190312 -0.0018634 -0.00175687 -0.00195096 -0.00174729 -0.001906 -0.00184979 -0.00188559 -0.00194564 -0.00175382 
-0.00193291 -0.00188954 -0.0018921 -0.00188091 -0.00196914 -0.00206888 -0.00196179 -0.00204705 -0.00197112 -0.00202181 -0.00172567 -0.00178609 -0.00157701 0.00259415 0.00266851 0.0027884 0.00315956 0.00323721 0.145764 0.00310513 0.00283795 0.00276419 0.00261438 -0.00153183 -0.00179396 -0.00192863 -0.00204569 -0.0021786 -0.00209498 -0.00209055 -0.00215339 -0.0021311 -0.00209589 -0.00197393 -0.00194853 -0.00188028 -0.00211013 -0.00208967 -0.00201632 -0.00203548 -0.00187455 -0.0019522 -0.00196008 -0.00205313 -0.00198501 -0.00200238 -0.00198617 -0.00181036 -0.00194251 -0.00189847 -0.00194004 -0.00186992 -0.00188198 -0.00174255 -0.00201224 -0.00184455 -0.00196913 -0.00183613 -0.00188943 -0.00186386 -0.0018389 -0.00193246 -0.00186839 -0.001889 -0.00185076 -0.0019041 -0.00189816 -0.00186975 -0.00182908 -0.00189895 -0.00182423 -0.00178507 -0.00175876 -0.00187336 -0.00180583 -0.00170225 -0.00172754 -0.00192729 -0.00186269 -0.00183249 -0.00194722 -0.00192307 -0.00196054 -0.00190544 -0.0018171 -0.00191779 -0.00181435 -0.00181287 -0.00172686 -0.00184526 -0.00184908 -0.0018859 -0.00183379 -0.00190478 -0.00196071 -0.00183498 -0.00194853 -0.00192355 -0.00189482 -0.00181055 
-0.00200222 -0.00204226 -0.00201411 -0.00205808 -0.00199979 -0.00219258 -0.00216689 -0.00226334 -0.00219155 -0.00215601 -0.00200726 -0.00195954 -0.00174798 -0.00169699 0.00260536 0.00268184 0.00292453 0.00298896 0.00310513 0.149457 0.00316628 0.00319957 0.00301026 0.00261677 0.00251734 -0.00175823 -0.00189933 -0.00198091 -0.0021669 -0.0021533 -0.00218831 -0.00235549 -0.00228754 -0.00221777 -0.00208109 -0.00210616 -0.002255 -0.00215607 -0.00209066 -0.00217609 -0.00203496 -0.002064 -0.00206473 -0.00209186 -0.00202964 -0.00208847 -0.00196462 -0.00193823 -0.0020291 -0.00202541 -0.00196277 -0.00202646 -0.00199959 -0.0020429 -0.00201846 -0.00200421 -0.00209791 -0.00204496 -0.00202186 -0.00197235 -0.00200567 -0.00198561 -0.0019474 -0.00180212 -0.00194482 -0.00200582 -0.00191643 -0.00188147 -0.00192263 -0.00193264 -0.00197461 -0.00191484 -0.00199978 -0.0018914 -0.00182244 -0.00189436 -0.00190806 -0.00205275 -0.00189129 -0.00192309 -0.00194511 -0.00186246 -0.00188376 -0.00196531 -0.00191189 -0.00187555 -0.00191525 -0.00187983 -0.00190519 -0.00194659 -0.00196808 -0.00202267 -0.00198432 -0.00199368 -0.00199105 -0.00196609 -0.00190313 -0.00200241 -0.00197172 -0.00186733 
-0.0018741 -0.00195161 -0.00192981 -0.00190874 -0.00189076 -0.00198756 -0.00205711 -0.00206015 -0.00218111 -0.00213149 -0.00222839 -0.00207777 -0.0020209 -0.00184276 -0.00167348 -0.00168834 0.00275164 0.00288753 0.00283795 0.00316628 0.146531 0.00327632 0.00311599 0.00278184 0.00275678 0.00266545 -0.00165232 -0.00178186 -0.00187899 -0.00191799 -0.00217737 -0.00215783 -0.0020713 -0.00207041 -0.00202708 -0.0019008 -0.00207752 -0.00205644 -0.00212037 -0.00202414 -0.0019005 -0.00190632 -0.00199035 -0.00214261 -0.00198749 -0.00197187 -0.00190708 -0.00184973 -0.00186041 -0.00188354 -0.00186178 -0.00195906 -0.0018898 -0.00196452 -0.00192553 -0.00194122 -0.0018979 -0.00195467 -0.00191059 -0.00194734 -0.00191629 -0.00191078 -0.00175423 -0.00175659 -0.00188997 -0.00191566 -0.00175391 -0.0017554 -0.00188718 -0.0019729 -0.00192329 -0.00182964 -0.00199835 -0.00196435 -0.00184931 -0.00177484 -0.0017887 -0.00184872 -0.00189757 -0.00180953 -0.00194436 -0.00194474 -0.00187308 -0.00182956 -0.001855 -0.00184306 -0.00185551 -0.00187276 -0.00180813 -0.00186611 -0.00193821 -0.00184209 -0.00186662 -0.00187915 -0.00188677 -0.00182359 -0.00184683 -0.00205291 -0.00188756 -0.00178691 
-0.00191163 -0.00191749 -0.00192726 -0.00194803 -0.00204825 -0.00211044 -0.00201616 -0.00196383 -0.00209877 -0.00206872 -0.00208158 -0.00203015 -0.00205359 -0.00194911 -0.00168144 -0.00163914 0.00257698 0.00288735 0.00276419 0.00319957 0.00327632 0.146345 0.00316815 0.002814 0.00292733 0.00255047 -0.00167655 -0.00165185 -0.00182213 -0.00190662 -0.00198073 -0.00214127 -0.00210377 -0.00216173 -0.00201415 -0.0020399 -0.0020563 -0.00195041 -0.00208431 -0.00210693 -0.00196371 -0.0019749 -0.00197985 -0.00192656 -0.00190515 -0.00199954 -0.00195799 -0.00196738 -0.00184451 -0.00191642 -0.00189816 -0.00196886 -0.00195806 -0.00179261 -0.00190815 -0.00195024 -0.00193889 -0.0019072 -0.00186525 -0.00195539 -0.00187048 -0.00184313 -0.00180091 -0.00175069 -0.00188207 -0.00187292 -0.00181525 -0.00191966 -0.00200262 -0.00191929 -0.00194123 -0.00183977 -0.00191067 -0.00181239 -0.00170386 -0.00174209 -0.00181375 -0.00187255 -0.00191976 -0.00189641 -0.00184747 -0.00190014 -0.00173678 -0.00187854 -0.00188499 -0.00197154 -0.00196192 -0.00184467 -0.00188395 -0.00189788 -0.00189321 -0.00194823 -0.00190447 -0.00188679 -0.00181344 -0.00199187 -0.00188294 -0.0018472 -0.00187232 -0.00181088 
-0.00186477 -0.00182176 -0.00185364 -0.00187648 -0.0018839 -0.00207875 -0.00207882 -0.002075 -0.00221221 -0.00205281 -0.00223489 -0.00212544 -0.00211556 -0.00197024 -0.00187554 -0.00173965 -0.00167375 0.00261149 0.00261438 0.00301026 0.00311599 0.00316815 0.145642 0.00292486 0.00295399 0.00284755 0.00247454 -0.00163943 -0.00169046 -0.00172374 -0.00184385 -0.00192429 -0.00210237 -0.00204499 -0.0019797 -0.00190254 -0.00204216 -0.00197097 -0.00197025 -0.00193237 -0.00195162 -0.00199965 -0.00207568 -0.00197539 -0.00191653 -0.00206931 -0.00193979 -0.00189752 -0.00184212 -0.00185337 -0.00194216 -0.00189318 -0.00191448 -0.0018785 -0.00182633 -0.00181533 -0.00185451 -0.00189473 -0.00198085 -0.00183437 -0.00182652 -0.00188699 -0.00189089 -0.00182097 -0.00195969 -0.00186226 -0.00188864 -0.0018691 -0.00189144 -0.00184808 -0.00187513 -0.00191444 -0.00187499 -0.0019612 -0.00172046 -0.00186615 -0.00175895 -0.00191004 -0.00183805 -0.00187519 -0.00186404 -0.00193108 -0.00181687 -0.00192403 -0.00192974 -0.00195634 -0.0018933 -0.00178198 -0.00188062 -0.00188801 -0.00180255 -0.00194362 -0.00183171 -0.00187103 -0.00188991 -0.00188942 -0.00173601 -0.00183444 -0.00191181 -0.00179141 
-0.00185064 -0.00183702 -0.00181563 -0.00182618 -0.00183365 -0.00189165 -0.00188132 -0.00192296 -0.00200433 -0.00194339 -0.0022102 -0.00208397 -0.0019455 -0.00209469 -0.00188197 -0.00190628 -0.00184804 -0.00167337 -0.00153183 0.00261677 0.00278184 0.002814 0.00292486 0.141143 0.00311038 0.00289427 0.00255757 0.00247104 -0.00149036 -0.00148191 -0.00163426 -0.0016279 -0.00189846 -0.00181045 -0.00188361 -0.00184732 -0.00195601 -0.00189467 -0.00191623 -0.00192566 -0.0019018 -0.00180784 -0.00177824 -0.00192726 -0.00191724 -0.00180352 -0.00183861 -0.00173204 -0.00172546 -0.00179797 -0.00178634 -0.00182301 -0.00178473 -0.00177698 -0.0018108 -0.00178392 -0.00176168 -0.00187502 -0.00177213 -0.00172877 -0.00171018 -0.00178364 -0.00167676 -0.00165829 -0.00180375 -0.00175083 -0.00180559 -0.00182603 -0.00172984 -0.0018771 -0.00181063 -0.00166262 -0.00165689 -0.00174293 -0.00165111 -0.00165575 -0.00164693 -0.00172741 -0.00169662 -0.00173124 -0.00178608 -0.00177944 -0.00174386 -0.0017217 -0.0017637 -0.00177763 -0.00177294 -0.00160661 -0.00172724 -0.00178783 -0.00173876 -0.00172986 -0.00176945 -0.00184685 -0.00175422 -0.00186427 -0.00165031 -0.00187728 -0.00179679 -0.00173175 
-0.00190243 -0.00198235 -0.0018423 -0.00196696 -0.00193789 -0.00222306 -0.00221658 -0.00209931 -0.00220906 -0.00213392 -0.00214777 -0.00235151 -0.00220859 -0.00232689 -0.00222315 -0.0020836 -0.0020148 -0.00182725 -0.00179396 0.00251734 0.00275678 0.00292733 0.00295399 0.00311038 0.145885 0.00311826 0.00271806 0.0026764 0.00248272 0.00231937 -0.00159751 -0.00169028 -0.00185121 -0.00183741 -0.00195415 -0.00199074 -0.00218727 -0.0020514 -0.00204133 -0.00209576 -0.00201796 -0.00202339 -0.00197514 -0.00206647 -0.00205158 -0.00202629 -0.0020036 -0.00194347 -0.00189009 -0.00187248 -0.001898 -0.00187002 -0.00186585 -0.00185773 -0.00186893 -0.00195373 -0.00186109 -0.00187524 -0.00195073 -0.00187939 -0.00190239 -0.00192824 -0.0018114 -0.00171866 -0.0019911 -0.00190771 -0.0019525 -0.00190232 -0.00193844 -0.00187699 -0.00187835 -0.00191482 -0.00186941 -0.00189314 -0.00180273 -0.00178693 -0.00181296 -0.00194381 -0.00194341 -0.00197147 -0.00198694 -0.00193073 -0.00188662 -0.00184654 -0.00185431 -0.00188603 -0.00193954 -0.00182119 -0.00181375 -0.00189844 -0.00191654 -0.00190837 -0.00198601 -0.00203116 -0.00198427 -0.00192559 -0.00188871 -0.001977 -0.00183968 -0.00185804 
-0.00193965 -0.00188641 -0.00192089 -0.00195548 -0.00193635 -0.00214161 -0.00201393 -0.0021678 -0.00217026 -0.00210556 -0.00229793 -0.00230413 -0.00220812 -0.00231779 -0.0021622 -0.00225201 -0.00215669 -0.00188967 -0.00192863 -0.00175823 0.00266545 0.00255047 0.00284755 0.00289427 0.00311826 0.144346 0.00287377 0.00282986 0.00248613 0.0025235 0.00246211 -0.00146674 -0.00153856 -0.00167541 -0.00181542 -0.00180947 -0.00203722 -0.00200498 -0.00202633 -0.00201871 -0.0019258 -0.0019166 -0.00189681 -0.00196377 -0.00206602 -0.00205963 -0.00188454 -0.00193149 -0.00184705 -0.00196467 -0.00191975 -0.00196108 -0.00191542 -0.00192505 -0.00190737 -0.00198888 -0.00180462 -0.0018082 -0.00177491 -0.00193805 -0.00186403 -0.00192154 -0.00177676 -0.0017835 -0.00190198 -0.00182662 -0.00190382 -0.00193892 -0.00199575 -0.0019428 -0.00183079 -0.00194876 -0.0018549 -0.00198652 -0.00180553 -0.00174383 -0.0018338 -0.00188622 -0.00190545 -0.00186056 -0.00196361 -0.00187041 -0.00190726 -0.00184064 -0.00194825 -0.00195394 -0.00195753 -0.00177229 -0.00188904 -0.00188058 -0.00183318 -0.00191091 -0.00191893 -0.00193138 -0.00188244 -0.00192595 -0.00186596 -0.00181973 -0.00184569 -0.00186141 
-0.00182902 -0.00177623 -0.00179055 -0.00184418 -0.00178043 -0.001859 -0.00185017 -0.00196872 -0.00203967 -0.00193995 -0.00202772 -0.00214596 -0.00200109 -0.00212115 -0.00204469 -0.00218499 -0.00225988 -0.00196259 -0.00204569 -0.00189933 -0.00165232 -0.00167655 0.00247454 0.00255757 0.00271806 0.00287377 0.139064 0.00278204 0.00267675 0.00250666 0.00240749 0.00226811 -0.00141861 -0.00161104 -0.00163949 -0.00166218 -0.00177546 -0.00188383 -0.00190362 -0.00185761 -0.00174231 -0.00175614 -0.00184692 -0.00186952 -0.00182932 -0.00189652 -0.00171764 -0.00180282 -0.00179253 -0.00169785 -0.0017735 -0.00175075 -0.00178276 -0.00169034 -0.00177744 -0.00176909 -0.00173165 -0.00169771 -0.00169209 -0.00175306 -0.00178212 -0.0017763 -0.00164564 -0.00166121 -0.00178685 -0.00181258 -0.00168524 -0.00180583 -0.00168899 -0.00179749 -0.00175652 -0.00186131 -0.0018488 -0.00182436 -0.00163559 -0.00175671 -0.00176962 -0.00179869 -0.00177512 -0.00172152 -0.00177008 -0.00174899 -0.00173138 -0.00175511 -0.00179737 -0.00177677 -0.00180839 -0.00174688 -0.00170985 -0.00177368 -0.00179667 -0.00175847 -0.00169301 -0.00180021 -0.001714 -0.0018555 -0.00172327 -0.00179907 -0.00178902 -0.00176879 
-0.00180956 -0.00168339 -0.00176174 -0.00181222 -0.00185728 -0.00193355 -0.00196773 -0.00193873 -0.00203023 -0.00190911 -0.00207758 -0.00196363 -0.00189987 -0.00213931 -0.00209916 -0.00214653 -0.00222507 -0.00217115 -0.0021786 -0.00198091 -0.00178186 -0.00165185 -0.00163943 0.00247104 0.0026764 0.00282986 0.00278204 0.137243 0.00276242 0.00258093 0.0025371 0.00240794 0.00228248 -0.00133251 -0.00150798 -0.00161335 -0.00161402 -0.00181342 -0.00182851 -0.00184933 -0.00169915 -0.00181124 -0.00188449 -0.00182765 -0.00181403 -0.00181803 -0.00177149 -0.00169311 -0.00173643 -0.00174068 -0.0017351 -0.00165392 -0.00177246 -0.00170686 -0.00183233 -0.00179221 -0.00176805 -0.00172739 -0.00169617 -0.00177486 -0.00180769 -0.00172465 -0.00173972 -0.00160726 -0.00178664 -0.00168345 -0.00180514 -0.00180817 -0.0017799 -0.00170925 -0.00178747 -0.00177311 -0.00167107 -0.00182661 -0.00168709 -0.00164312 -0.00166087 -0.00175527 -0.00159907 -0.00169867 -0.00182175 -0.00166066 -0.00170564 -0.00174453 -0.00174537 -0.00171869 -0.00165203 -0.00161711 -0.00172678 -0.0017738 -0.00176016 -0.00175741 -0.00166699 -0.00183245 -0.00178083 -0.0017041 -0.00176874 -0.00171527 -0.00168531 -0.00170769 
-0.00169403 -0.00172817 -0.00187534 -0.00174452 -0.00172031 -0.0018368 -0.00192787 -0.00188661 -0.00199639 -0.00188989 -0.00211604 -0.00203097 -0.00199822 -0.00211367 -0.0020361 -0.00205096 -0.00223864 -0.00212568 -0.00209498 -0.0021669 -0.00187899 -0.00182213 -0.00169046 -0.00149036 0.00248272 0.00248613 0.00267675 0.00276242 0.135172 0.00281865 0.0026644 0.00249057 0.00231217 0.00221423 -0.00136384 -0.00131107 -0.00143472 -0.0014674 -0.00160903 -0.00166395 -0.00167929 -0.00176949 -0.00184561 -0.00185859 -0.00173052 -0.00180953 -0.00164199 -0.00168614 -0.00166229 -0.00174177 -0.00174305 -0.00174287 -0.0017662 -0.00171704 -0.00179931 -0.00167426 -0.00175605 -0.001741 -0.00166288 -0.00179935 -0.00175342 -0.00180852 -0.00174374 -0.00164826 -0.00174438 -0.00169962 -0.0016636 -0.00175403 -0.00166475 -0.00174973 -0.0016805 -0.00174873 -0.00170409 -0.00164761 -0.00166598 -0.00165555 -0.00164026 -0.0016963 -0.00173713 -0.00174051 -0.00177992 -0.00166043 -0.00169393 -0.0016518 -0.00175611 -0.00179572 -0.00169629 -0.00168712 -0.00160778 -0.00169122 -0.00169801 -0.00169102 -0.00170881 -0.00158279 -0.00181142 -0.00173979 -0.00174976 -0.00166681 -0.001719 -0.00171442 
-0.00176744 -0.00163501 -0.00176366 -0.00173643 -0.00182078 -0.00187641 -0.0018089 -0.001905 -0.00194836 -0.00183129 -0.00194397 -0.00192031 -0.00197135 -0.00209435 -0.00202614 -0.00214502 -0.00215105 -0.00212227 -0.00209055 -0.0021533 -0.00191799 -0.00190662 -0.00172374 -0.00148191 0.00231937 0.0025235 0.00250666 0.00258093 0.00281865 0.133854 0.00260695 0.00250675 0.00242747 0.00219308 -0.00129746 -0.0012981 -0.00147857 -0.00157128 -0.00179329 -0.00179455 -0.00175379 -0.00162584 -0.00183155 -0.00178571 -0.00170666 -0.00176219 -0.00170808 -0.00168869 -0.00163068 -0.00177006 -0.00172446 -0.00170239 -0.00168371 -0.00165925 -0.00162607 -0.00165902 -0.0016137 -0.00176254 -0.00163204 -0.00169066 -0.00177485 -0.00169083 -0.00168751 -0.00161918 -0.00169281 -0.00164479 -0.00169274 -0.00172227 -0.00176767 -0.00165661 -0.00174462 -0.00171594 -0.00171079 -0.00168793 -0.0016648 -0.00161599 -0.00155592 -0.00166411 -0.00167729 -0.00163578 -0.0017364 -0.00167298 -0.00170978 -0.00174788 -0.00167514 -0.0017696 -0.00160838 -0.00170902 -0.00161816 -0.00160511 -0.00167841 -0.00175306 -0.00165316 -0.00169214 -0.00163871 -0.0016993 -0.0017425 -0.00167156 -0.00173507 -0.0016067 
-0.00186574 -0.0017315 -0.00176531 -0.00181482 -0.00187531 -0.00190502 -0.00199902 -0.00192423 -0.00198106 -0.00186905 -0.00206765 -0.00202196 -0.00210745 -0.00206557 -0.00206879 -0.00200029 -0.00219023 -0.00209103 -0.00215339 -0.00218831 -0.00217737 -0.00198073 -0.00184385 -0.00163426 -0.00159751 0.00246211 0.00240749 0.0025371 0.0026644 0.00260695 0.134602 0.00265845 0.00250082 0.00236727 0.00218538 0.00204859 -0.00126864 -0.00149101 -0.0015819 -0.00168533 -0.00180472 -0.00173858 -0.0017978 -0.00177098 -0.00178648 -0.00184922 -0.00178585 -0.00169732 -0.0017603 -0.00175709 -0.0016649 -0.001694 -0.00174473 -0.00174498 -0.00178034 -0.00172406 -0.00173411 -0.00177658 -0.00164759 -0.00178545 -0.00171145 -0.00175904 -0.00163881 -0.00164622 -0.0017838 -0.00170313 -0.00171275 -0.00174337 -0.00174066 -0.00172287 -0.00173799 -0.00170016 -0.00182377 -0.00172806 -0.00171705 -0.00163579 -0.00168621 -0.00173391 -0.00175365 -0.00172836 -0.00187705 -0.00166703 -0.00175784 -0.00169474 -0.00178881 -0.00178958 -0.00173806 -0.00167266 -0.00163976 -0.00174882 -0.00172602 -0.00179272 -0.00167043 -0.0017048 -0.00176035 -0.00176844 -0.00173667 -0.00173263 -0.00174488 -0.00163061 
-0.00168515 -0.00164255 -0.00176702 -0.00179702 -0.00180645 -0.0018901 -0.00188794 -0.0019771 -0.00194808 -0.00191824 -0.00193352 -0.00199605 -0.00197194 -0.00211394 -0.00203162 -0.00200958 -0.00213687 -0.0022131 -0.0021311 -0.00235549 -0.00215783 -0.00214127 -0.00192429 -0.0016279 -0.00169028 -0.00146674 0.00226811 0.00240794 0.00249057 0.00250675 0.00265845 0.132977 0.00268607 0.00253903 0.00228924 0.00226023 0.00210003 -0.0012599 -0.0014218 -0.00150705 -0.00166927 -0.00165831 -0.00181575 -0.00177741 -0.00191041 -0.00185913 -0.00174191 -0.00172586 -0.00165991 -0.00166085 -0.00172963 -0.00169589 -0.0016318 -0.00175843 -0.00172029 -0.00168925 -0.00182606 -0.0017069 -0.00169897 -0.00172227 -0.00165425 -0.00171593 -0.00172057 -0.00164447 -0.00173084 -0.00162372 -0.00179332 -0.00172613 -0.00170174 -0.00173423 -0.00169091 -0.0018204 -0.00167447 -0.00178291 -0.00167696 -0.00164801 -0.0016643 -0.00173451 -0.00169627 -0.00159449 -0.0017686 -0.00171975 -0.00168609 -0.0016693 -0.0016217 -0.00176118 -0.00176189 -0.00161929 -0.00170603 -0.00176059 -0.00175706 -0.00170174 -0.00181115 -0.00166043 -0.00166219 -0.00164929 -0.0016789 -0.00168364 -0.00178531 -0.00162311 
-0.0017007 -0.00172191 -0.00168265 -0.00173418 -0.00182516 -0.00193193 -0.00184082 -0.00198489 -0.00184868 -0.00185678 -0.00201756 -0.00198119 -0.00190098 -0.00212006 -0.00201624 -0.00196025 -0.00216541 -0.00202738 -0.00209589 -0.00228754 -0.0020713 -0.00210377 -0.00210237 -0.00189846 -0.00185121 -0.00153856 -0.00141861 0.00228248 0.00231217 0.00242747 0.00250082 0.00268607 0.131398 0.00249382 0.00231345 0.00230383 0.00230139 0.00208102 -0.00125553 -0.00141871 -0.00150284 -0.00151567 -0.00167339 -0.00175697 -0.00176038 -0.00179574 -0.00166667 -0.00174824 -0.00179218 -0.00170431 -0.00171534 -0.00174158 -0.00163615 -0.00165352 -0.00168732 -0.00168056 -0.0016275 -0.00172054 -0.00161895 -0.00170614 -0.00165603 -0.00161603 -0.00170242 -0.00167314 -0.00170656 -0.00171935 -0.00177728 -0.00170981 -0.00166975 -0.00175412 -0.00171263 -0.00166681 -0.00169387 -0.00167931 -0.00159935 -0.00160479 -0.00166406 -0.00166163 -0.00168463 -0.00170715 -0.0016321 -0.00169608 -0.00165954 -0.00167502 -0.00168254 -0.00167205 -0.00168302 -0.00161527 -0.00155354 -0.00172391 -0.00177096 -0.00160965 -0.0016764 -0.0017017 -0.00165632 -0.00164949 -0.00170683 -0.00167507 -0.00169441 -0.00164568 
