0.122994 0.00225732 0.00219962 0.00211647 0.00197082 0.00198225 -0.0011915 -0.00125812 -0.00142033 -0.00141707 -0.0016221 -0.00172031 -0.00166617 -0.00193756 -0.00177188 -0.00180965 -0.00195998 -0.00186054 -0.00182353 -0.00190958 -0.00199354 -0.00193757 -0.00174826 -0.00167241 -0.00202236 -0.00188806 -0.00183762 -0.00174639 -0.00177023 -0.00165355 -0.00169787 -0.00170468 -0.00170128 -0.00175992 -0.00160201 -0.00152929 -0.00163699 -0.00168068 -0.00163242 -0.0016231 -0.00154406 -0.00151736 -0.00170083 -0.00153291 -0.00153945 -0.00153841 -0.0014049 -0.00151838 -0.00151997 -0.00139193 -0.00150961 -0.00152338 -0.00150226 -0.00155879 -0.00149084 -0.0015102 -0.00150879 -0.00152031 -0.00144585 -0.00154543 -0.00150998 -0.00143086 -0.00154732 -0.00151785 -0.00157247 -0.00151143 -0.00144062 -0.00156797 -0.00153707 -0.00151577 -0.00157204 -0.00148345 -0.00154479 -0.00149157 -0.00149225 -0.00146921 -0.0014751 -0.00153866 -0.00149598 -0.00146591 -0.00146347 -0.00150174 -0.00148947 -0.00152682 -0.00153009 -0.00155735 -0.00151284 -0.00150962 -0.00150584 -0.00146957 -0.00151742 -0.00140528 -0.00125806 -0.0012745 -0.00126747 -0.00119441 0.00186196 0.00206591 0.00210528 0.00214045 
0.00225732 0.12343 0.00223692 0.0022323 0.00208657 0.00205853 0.00201186 -0.00124047 -0.00127014 -0.00133434 -0.00164566 -0.00162103 -0.00174301 -0.00180318 -0.00178921 -0.00184721 -0.00193343 -0.00200029 -0.00188923 -0.00201776 -0.00194696 -0.00190072 -0.00186007 -0.00169105 -0.00198651 -0.00192568 -0.00183391 -0.00181027 -0.00174213 -0.00171864 -0.00182552 -0.00177825 -0.00172166 -0.00176143 -0.00163932 -0.00162384 -0.00164911 -0.00165973 -0.00164314 -0.00166651 -0.00154381 -0.00156371 -0.00158736 -0.00153443 -0.00162938 -0.0015553 -0.00149752 -0.00144297 -0.00151083 -0.00153589 -0.00149644 -0.00147003 -0.00153754 -0.00141437 -0.00153445 -0.00153633 -0.00154388 -0.00151515 -0.00150479 -0.00151549 -0.00151644 -0.00152379 -0.00146215 -0.00146287 -0.00148938 -0.00140631 -0.00158742 -0.00151916 -0.00152508 -0.00148006 -0.00153319 -0.00155866 -0.00148431 -0.0014984 -0.00140993 -0.00148909 -0.00146139 -0.00152688 -0.00154483 -0.00156546 -0.00159197 -0.00145513 -0.00145605 -0.00153025 -0.00155016 -0.00154551 -0.00148432 -0.00148697 -0.00142577 -0.00144745 -0.00146864 -0.00145765 -0.00141806 -0.00133 -0.00132159 -0.0012152 -0.00117758 0.00195278 0.0019758 0.00215386 
0.00219962 0.00223692 0.124025 0.00233899 0.00226585 0.00221286 0.00212223 0.00201375 -0.00124628 -0.00136181 -0.00153513 -0.00161911 -0.00159709 -0.00192847 -0.00184459 -0.00180556 -0.00192836 -0.00189609 -0.00187103 -0.00198718 -0.00202771 -0.00198539 -0.00192353 -0.00179556 -0.00202999 -0.0019843 -0.00176204 -0.00181468 -0.00180443 -0.00173134 -0.00180084 -0.00173481 -0.00167858 -0.00159434 -0.00160137 -0.00164229 -0.00164829 -0.00168234 -0.00176562 -0.00162601 -0.00160772 -0.00149469 -0.00158814 -0.00164127 -0.00151307 -0.00166527 -0.0014499 -0.00163231 -0.00153342 -0.00149112 -0.00153081 -0.00151349 -0.00155089 -0.00153061 -0.00155745 -0.00155241 -0.00152034 -0.00159646 -0.00147206 -0.00152594 -0.00150052 -0.00145859 -0.00139567 -0.00152648 -0.00152549 -0.00155502 -0.00152256 -0.00155757 -0.00147247 -0.00147702 -0.001538 -0.00155618 -0.00155002 -0.00147334 -0.00145155 -0.00150337 -0.00140237 -0.00151115 -0.00149961 -0.00149291 -0.00155538 -0.00150869 -0.00144997 -0.00158567 -0.00148217 -0.00152323 -0.00150101 -0.00150434 -0.00136527 -0.00148775 -0.00150158 -0.00146577 -0.00151953 -0.00142529 -0.00143043 -0.00133637 -0.00126136 -0.00124695 0.00194031 0.00198676 
0.00211647 0.0022323 0.00233899 0.124258 0.00237816 0.00244156 0.00216031 0.00224329 0.00204877 -0.0010684 -0.00130333 -0.00150914 -0.00150017 -0.00175743 -0.00182081 -0.00184402 -0.00207045 -0.00190338 -0.00193984 -0.0020085 -0.00190191 -0.0018306 -0.00186974 -0.00182087 -0.00206963 -0.00198387 -0.00183325 -0.00179308 -0.00178356 -0.0017879 -0.00184682 -0.00172284 -0.00167109 -0.0017034 -0.00158839 -0.00165172 -0.00173144 -0.00166138 -0.00167401 -0.00166649 -0.00150551 -0.00158269 -0.00163713 -0.00157684 -0.00162139 -0.00163798 -0.00156032 -0.00156648 -0.00153527 -0.00145388 -0.00149732 -0.00159068 -0.00156714 -0.00157796 -0.00156211 -0.00149467 -0.00144908 -0.0016297 -0.0015335 -0.00156131 -0.00144341 -0.00154786 -0.00150991 -0.00146618 -0.00153917 -0.00150707 -0.00151445 -0.00153165 -0.00156028 -0.001534 -0.00157222 -0.00163369 -0.00156851 -0.00154235 -0.00151917 -0.00148759 -0.0015073 -0.00164286 -0.00159348 -0.0015757 -0.00151528 -0.00147414 -0.00153619 -0.00153329 -0.00144842 -0.00150616 -0.00142184 -0.00151449 -0.00143117 -0.0015749 -0.00149395 -0.00143522 -0.00161097 -0.00151957 -0.00154378 -0.00145359 -0.00137669 -0.00124265 -0.00117693 0.00184633 
0.00197082 0.00208657 0.00226585 0.00237816 0.124918 0.00234808 0.00227388 0.00228674 0.00220179 0.00214611 -0.00135031 -0.00134258 -0.00147737 -0.00159499 -0.00188291 -0.00188916 -0.00190704 -0.00199037 -0.00200802 -0.00196284 -0.00182509 -0.00197421 -0.00190443 -0.00181933 -0.00200941 -0.00193882 -0.00181022 -0.00183166 -0.00173313 -0.00176679 -0.00180107 -0.00177725 -0.00176375 -0.00170906 -0.00167291 -0.00155121 -0.0016198 -0.00160246 -0.00167265 -0.00157867 -0.00156149 -0.0015971 -0.001631 -0.00158643 -0.00160219 -0.00166881 -0.00159919 -0.00166369 -0.00156221 -0.00155998 -0.00155002 -0.0016077 -0.00146858 -0.00159473 -0.00153275 -0.00152824 -0.00155061 -0.00155842 -0.0014746 -0.00157794 -0.00148052 -0.00150662 -0.00148365 -0.0015541 -0.00161434 -0.00155362 -0.00155141 -0.00155964 -0.00152536 -0.00158532 -0.0015914 -0.00156573 -0.00156227 -0.00155365 -0.00147265 -0.00149405 -0.0015116 -0.00152463 -0.00150924 -0.00146554 -0.00148549 -0.0015217 -0.00153717 -0.00151866 -0.00156657 -0.00152177 -0.00160123 -0.00151307 -0.00153818 -0.00149266 -0.00157045 -0.00155484 -0.001523 -0.00154334 -0.00156131 -0.00152928 -0.0015308 -0.00134188 -0.00138887 -0.00112685 
0.00198225 0.00205853 0.00221286 0.00244156 0.00234808 0.128412 0.00249062 0.00247147 0.00220378 0.0022969 0.00215844 -0.00137151 -0.00136558 -0.00164894 -0.00181215 -0.00182478 -0.00206604 -0.0020403 -0.00216195 -0.00217269 -0.00202354 -0.0020616 -0.00205252 -0.0019714 -0.00198955 -0.00201396 -0.00189911 -0.00186864 -0.00188773 -0.00192636 -0.00186339 -0.00181571 -0.00190615 -0.00187583 -0.00167615 -0.00165773 -0.0017632 -0.0017361 -0.00178449 -0.0018174 -0.00167518 -0.0016761 -0.00167407 -0.00170743 -0.00174057 -0.00182312 -0.00164729 -0.00163857 -0.00158434 -0.00161378 -0.00160634 -0.00165998 -0.0016199 -0.001663 -0.00165531 -0.00166535 -0.00172186 -0.00162284 -0.00155958 -0.00165512 -0.00163473 -0.00167709 -0.00158495 -0.0016265 -0.00166454 -0.00162898 -0.00166626 -0.00161621 -0.00163754 -0.00159125 -0.0016159 -0.00162149 -0.00158933 -0.00164104 -0.00150305 -0.00147267 -0.00153791 -0.00153812 -0.00156143 -0.00166633 -0.00163456 -0.001557 -0.0016741 -0.00164027 -0.00167069 -0.0016498 -0.00176243 -0.00160441 -0.00157689 -0.00163463 -0.00164035 -0.00161121 -0.00159427 -0.00162233 -0.00160773 -0.00158404 -0.00160308 -0.0014663 -0.00140247 -0.00119995 
-0.0011915 0.00201186 0.00212223 0.00216031 0.00227388 0.00249062 0.129173 0.00242728 0.00241946 0.00238709 0.00207786 0.00216896 -0.00127611 -0.0016511 -0.00179495 -0.00164216 -0.0020627 -0.00209895 -0.00203987 -0.00208377 -0.00210034 -0.0021303 -0.00215959 -0.00194843 -0.00213835 -0.00210921 -0.00189743 -0.00187526 -0.0018194 -0.00186166 -0.00196013 -0.00185563 -0.00181535 -0.00181199 -0.00173226 -0.00170421 -0.00183963 -0.00173489 -0.00173298 -0.00175231 -0.00171372 -0.00172176 -0.00180598 -0.00176776 -0.00170927 -0.00167818 -0.00163851 -0.00170129 -0.0016147 -0.00161673 -0.00164526 -0.0015874 -0.00161906 -0.00170107 -0.00168356 -0.00173219 -0.0016895 -0.00167892 -0.00162314 -0.00164788 -0.0016208 -0.00161854 -0.00152529 -0.00158735 -0.00159732 -0.00162184 -0.00164158 -0.00167037 -0.00168551 -0.00175111 -0.00170404 -0.00161013 -0.00159087 -0.00161815 -0.00156706 -0.00164681 -0.00148952 -0.00156874 -0.00162056 -0.0016584 -0.0016495 -0.00155661 -0.00161093 -0.00164977 -0.0016872 -0.00160602 -0.00162303 -0.00150883 -0.00151606 -0.00157002 -0.00164183 -0.00163459 -0.00162922 -0.00171233 -0.00163374 -0.00161692 -0.00165206 -0.0016045 -0.00157238 -0.00124687 
-0.00125812 -0.00124047 0.00201375 0.00224329 0.00228674 0.00247147 0.00242728 0.130146 0.00254989 0.00247717 0.00246878 0.00224411 0.00224305 -0.00140549 -0.00163273 -0.00158659 -0.00178588 -0.00205381 -0.00195752 -0.00218626 -0.00201294 -0.00214157 -0.00199928 -0.00196984 -0.00213416 -0.0020819 -0.00190863 -0.00200462 -0.0019302 -0.00187632 -0.00195091 -0.00189833 -0.00185412 -0.00186236 -0.00181348 -0.0017475 -0.00181121 -0.00181124 -0.00178159 -0.0017882 -0.00162023 -0.00173824 -0.00179499 -0.00173888 -0.00175147 -0.0017835 -0.00168488 -0.00167085 -0.00172972 -0.00167655 -0.00169875 -0.00165699 -0.00174485 -0.00168404 -0.0015711 -0.00173593 -0.00161923 -0.00167913 -0.00160117 -0.00171012 -0.00167547 -0.00173928 -0.00163179 -0.00157575 -0.00176025 -0.00168553 -0.0016541 -0.00171341 -0.00167803 -0.00166023 -0.00159337 -0.0016701 -0.00166834 -0.00162139 -0.00167183 -0.00163579 -0.00161392 -0.00166466 -0.0016734 -0.00171599 -0.00164889 -0.00172792 -0.00169121 -0.00162402 -0.00160923 -0.00168237 -0.00169526 -0.00158671 -0.00158661 -0.00166791 -0.00170157 -0.00169095 -0.0016216 -0.00166761 -0.001663 -0.00173949 -0.00164492 -0.00167233 -0.0016397 -0.00133156 
-0.00142033 -0.00127014 -0.00124628 0.00204877 0.00220179 0.00220378 0.00241946 0.00254989 0.131518 0.00256472 0.00252683 0.00255176 0.00225884 0.00229076 -0.00151055 -0.00160707 -0.00183171 -0.00198755 -0.00199884 -0.00214602 -0.00226989 -0.00209469 -0.00215714 -0.00197263 -0.0021443 -0.002152 -0.00198994 -0.00186534 -0.00193419 -0.00191002 -0.00191023 -0.00188266 -0.00189483 -0.00191883 -0.00175451 -0.0018107 -0.00184422 -0.00186825 -0.00183885 -0.00175368 -0.00167052 -0.0016641 -0.00180018 -0.00177392 -0.00176636 -0.00171501 -0.00165922 -0.00171223 -0.00164153 -0.00166453 -0.00169 -0.0017317 -0.00167629 -0.00172219 -0.00173921 -0.00161091 -0.00169409 -0.00172028 -0.00173101 -0.00170698 -0.00167025 -0.00175486 -0.00160927 -0.00160974 -0.00175204 -0.001729 -0.00165605 -0.00177595 -0.00155753 -0.00162888 -0.00165018 -0.00165935 -0.00162505 -0.00167612 -0.00161718 -0.00153694 -0.00152805 -0.00173374 -0.0016987 -0.00177108 -0.00170656 -0.00164501 -0.00171758 -0.00172392 -0.00172613 -0.00169047 -0.00168603 -0.00165735 -0.00170503 -0.00167258 -0.00179209 -0.00168757 -0.00170923 -0.0017 -0.00165747 -0.00171897 -0.0017657 -0.00161793 -0.00167375 -0.00156576 
-0.00141707 -0.00133434 -0.00136181 -0.0010684 0.00214611 0.0022969 0.00238709 0.00247717 0.00256472 0.13022 0.00256529 0.00252197 0.00241418 0.0022033 -0.00146491 -0.00144073 -0.00166736 -0.0019126 -0.00183703 -0.00211319 -0.00204708 -0.00194838 -0.00200282 -0.00185019 -0.00209258 -0.00204802 -0.00195724 -0.00190389 -0.00188422 -0.00189176 -0.00190118 -0.0018679 -0.00189587 -0.0018529 -0.0018473 -0.001645 -0.00179927 -0.00184745 -0.00180896 -0.00175339 -0.00177768 -0.00174557 -0.00187428 -0.00187229 -0.00178239 -0.00178197 -0.00182155 -0.00168845 -0.00161015 -0.00170324 -0.00159348 -0.0016078 -0.0014824 -0.00171522 -0.0015438 -0.00159691 -0.00159248 -0.00164867 -0.00159169 -0.00159092 -0.00150935 -0.00156538 -0.00157559 -0.00158637 -0.00170718 -0.00158284 -0.00166187 -0.00164004 -0.00165166 -0.00163296 -0.00157209 -0.0016518 -0.00169372 -0.00163108 -0.00153159 -0.00156158 -0.00158067 -0.00166156 -0.00155941 -0.00163127 -0.00156469 -0.00166084 -0.00161486 -0.00158434 -0.00170649 -0.001582 -0.00156881 -0.00152749 -0.00155959 -0.00163973 -0.00165414 -0.00166598 -0.00164861 -0.00162498 -0.00163929 -0.00175961 -0.00162006 -0.00162191 -0.00166312 -0.00161841 
-0.0016221 -0.00164566 -0.00153513 -0.00130333 -0.00135031 0.00215844 0.00207786 0.00246878 0.00252683 0.00256529 0.134733 0.00272414 0.0026623 0.00259703 0.00234831 0.00231825 -0.00151046 -0.00185394 -0.00187502 -0.00198353 -0.00211968 -0.00206506 -0.00215192 -0.00206915 -0.00221739 -0.00222736 -0.00207155 -0.00201144 -0.00196571 -0.00195113 -0.00197453 -0.00200917 -0.00189334 -0.00185944 -0.00191774 -0.00179263 -0.00189682 -0.00195671 -0.00181413 -0.00188649 -0.00183404 -0.00185567 -0.00190053 -0.00180998 -0.00180803 -0.00185661 -0.00180027 -0.0017497 -0.0018229 -0.00169652 -0.00175261 -0.00168839 -0.00174367 -0.00175439 -0.00171154 -0.00168055 -0.00176294 -0.00170409 -0.00178105 -0.00167701 -0.00176435 -0.00177527 -0.00170416 -0.00164221 -0.0017737 -0.00169722 -0.0016375 -0.00184353 -0.00175084 -0.00168247 -0.00170986 -0.0018038 -0.00168464 -0.00169214 -0.00171981 -0.00160196 -0.00166586 -0.00183168 -0.00175076 -0.00173552 -0.00173905 -0.00173104 -0.00174043 -0.00176495 -0.00179577 -0.0017411 -0.00178423 -0.00163922 -0.0016482 -0.00175643 -0.00170695 -0.00176435 -0.00179667 -0.00172661 -0.00177629 -0.00170336 -0.0018014 -0.00174084 -0.00174519 -0.00168956 
-0.00172031 -0.00162103 -0.00161911 -0.00150914 -0.00134258 -0.00137151 0.00216896 0.00224411 0.00255176 0.00252197 0.00272414 0.136661 0.00280328 0.00261942 0.00245802 0.00244778 0.00241296 -0.00171439 -0.00174196 -0.00186535 -0.0019915 -0.00201149 -0.00219543 -0.0019694 -0.00228763 -0.00218913 -0.00212706 -0.00215616 -0.00202315 -0.00196768 -0.00210106 -0.00204593 -0.0019657 -0.00198843 -0.00194007 -0.00190042 -0.00203834 -0.00187901 -0.00182867 -0.00185271 -0.00183096 -0.00182487 -0.00180455 -0.00186785 -0.00186607 -0.00183128 -0.0016999 -0.00180951 -0.00180883 -0.00180373 -0.00182263 -0.00179459 -0.00182631 -0.00183931 -0.00169372 -0.00189458 -0.00170349 -0.00177386 -0.00176703 -0.00182911 -0.00184011 -0.00177985 -0.00167468 -0.00171582 -0.00180015 -0.00169945 -0.00170504 -0.00181583 -0.00177848 -0.00183499 -0.00179195 -0.00176676 -0.00179938 -0.00186856 -0.00167936 -0.00171308 -0.00173543 -0.00183547 -0.00175206 -0.00179577 -0.00181493 -0.00175358 -0.00166517 -0.00183132 -0.00176439 -0.00174956 -0.00176296 -0.00168653 -0.00170967 -0.00183629 -0.00180621 -0.00186413 -0.00176213 -0.00172285 -0.00172116 -0.00176737 -0.00180265 -0.00173242 -0.00173395 -0.00168703 
-0.00166617 -0.00174301 -0.00159709 -0.00150017 -0.00147737 -0.00136558 -0.00127611 0.00224305 0.00225884 0.00241418 0.0026623 0.00280328 0.135601 0.00270108 0.00250141 0.00263617 0.00252909 -0.00167479 -0.00165309 -0.00178331 -0.00203598 -0.00200286 -0.00205607 -0.00199275 -0.00220673 -0.0021809 -0.00204299 -0.0020235 -0.00198815 -0.00195872 -0.001986 -0.00196943 -0.00201498 -0.00195437 -0.00178932 -0.00185071 -0.00187933 -0.00186604 -0.00183877 -0.00186527 -0.00175777 -0.00183551 -0.00185151 -0.00193612 -0.00184939 -0.0018137 -0.0017904 -0.00171841 -0.00171205 -0.00171987 -0.00170106 -0.00165569 -0.00171585 -0.001719 -0.0017435 -0.00174796 -0.00171724 -0.00174634 -0.00181581 -0.0017104 -0.00172001 -0.00173389 -0.001538 -0.00169163 -0.00170335 -0.00165363 -0.00173133 -0.00174282 -0.00169176 -0.00168919 -0.00162499 -0.00163148 -0.00168279 -0.00171754 -0.00159276 -0.00169599 -0.00167386 -0.00176019 -0.00171211 -0.00174112 -0.00173232 -0.00168027 -0.0017501 -0.0018023 -0.00170449 -0.00166575 -0.00164968 -0.00159299 -0.00165838 -0.00168947 -0.00169684 -0.00174092 -0.00173613 -0.00170676 -0.00177256 -0.00169691 -0.00171626 -0.00171615 -0.00169455 -0.00172208 
-0.00193756 -0.00180318 -0.00192847 -0.00175743 -0.00159499 -0.00164894 -0.0016511 -0.00140549 0.00229076 0.0022033 0.00259703 0.00261942 0.00270108 0.140466 0.00291133 0.00279225 0.0027229 0.00251758 0.00249824 -0.00169822 -0.00180668 -0.00187564 -0.0019726 -0.00208025 -0.00223594 -0.00226926 -0.00210411 -0.00211547 -0.00213925 -0.00201132 -0.00204731 -0.00211943 -0.00203494 -0.00208763 -0.00192863 -0.00197543 -0.00198573 -0.00204756 -0.00196912 -0.00194817 -0.00188473 -0.00189344 -0.00203023 -0.00190462 -0.00192008 -0.00190265 -0.00186961 -0.00187195 -0.00187077 -0.00182673 -0.00181751 -0.00182889 -0.00187347 -0.00194411 -0.0018524 -0.00176805 -0.00179072 -0.00184951 -0.00187191 -0.00175801 -0.00183487 -0.00196086 -0.00177994 -0.00168674 -0.00171166 -0.00183068 -0.00172915 -0.00182161 -0.00181717 -0.00181634 -0.00183569 -0.00181628 -0.00185779 -0.00180232 -0.00175072 -0.00171072 -0.00175272 -0.00183876 -0.00178623 -0.00189075 -0.00181377 -0.00190569 -0.0018814 -0.00184361 -0.00186609 -0.00188523 -0.00180948 -0.00179501 -0.00186081 -0.00179893 -0.0018237 -0.00179654 -0.00192973 -0.0018103 -0.00187391 -0.00175501 -0.00185621 -0.00189715 -0.0018061 -0.00177053 
-0.00177188 -0.00178921 -0.00184459 -0.00182081 -0.00188291 -0.00181215 -0.00179495 -0.00163273 -0.00151055 -0.00146491 0.00234831 0.00245802 0.00250141 0.00291133 0.139894 0.00305002 0.00295254 0.00281047 0.00273856 0.00259561 -0.00171618 -0.00166772 -0.00174758 -0.00185703 -0.00226175 -0.00233425 -0.00208484 -0.00215408 -0.00208851 -0.00200676 -0.00205825 -0.00202397 -0.00209791 -0.00200246 -0.00199396 -0.00192862 -0.00190432 -0.00192487 -0.00189672 -0.00187775 -0.00182456 -0.00182052 -0.00196666 -0.00186284 -0.00191397 -0.0019667 -0.00176331 -0.00187832 -0.00180076 -0.00177788 -0.00181538 -0.00188291 -0.00180757 -0.00179226 -0.00171844 -0.00176549 -0.00182449 -0.00176939 -0.00172843 -0.00173636 -0.00185181 -0.00183488 -0.00164415 -0.00166552 -0.00173437 -0.0018253 -0.0018085 -0.00175875 -0.00183167 -0.00183413 -0.00178106 -0.00176325 -0.0017755 -0.0017924 -0.00172785 -0.00172765 -0.00161137 -0.00176113 -0.00182685 -0.00187868 -0.00182523 -0.00180056 -0.00183713 -0.00179299 -0.00174781 -0.00177306 -0.00179482 -0.00164242 -0.00166951 -0.00183135 -0.00177396 -0.00177262 -0.00176249 -0.00181052 -0.00178724 -0.001802 -0.00179035 -0.00171397 -0.0018641 -0.00166461 
-0.00180965 -0.00184721 -0.00180556 -0.00184402 -0.00188916 -0.00182478 -0.00164216 -0.00158659 -0.00160707 -0.00144073 0.00231825 0.00244778 0.00263617 0.00279225 0.00305002 0.141281 0.00307056 0.00264742 0.00266635 0.00247036 -0.00171957 -0.00163724 -0.00189363 -0.00189948 -0.00224823 -0.0021911 -0.00207551 -0.00209324 -0.00201517 -0.00215512 -0.00205442 -0.00205777 -0.00202572 -0.00210846 -0.00190115 -0.00183737 -0.00199138 -0.00195208 -0.00188532 -0.00190443 -0.0018904 -0.00188222 -0.00192328 -0.0019923 -0.00186498 -0.00192476 -0.00181866 -0.00189361 -0.0018769 -0.00184934 -0.00187806 -0.00174781 -0.00182702 -0.00182546 -0.00181529 -0.00174774 -0.00179318 -0.00179596 -0.00180033 -0.0017667 -0.00179894 -0.00173617 -0.00173018 -0.0017834 -0.00179981 -0.00179104 -0.00180501 -0.00179582 -0.00183766 -0.00173231 -0.00189419 -0.00177145 -0.00175042 -0.0018014 -0.00170812 -0.00172991 -0.00175076 -0.00185543 -0.00179931 -0.00173404 -0.00182225 -0.00181811 -0.0018787 -0.00188308 -0.00179472 -0.00180097 -0.00178671 -0.00178217 -0.00171624 -0.00182131 -0.00181223 -0.00188278 -0.00179149 -0.0017647 -0.00172037 -0.00172722 -0.00187284 -0.00177351 -0.00178525 -0.00168242 
-0.00195998 -0.00193343 -0.00192836 -0.00207045 -0.00190704 -0.00206604 -0.0020627 -0.00178588 -0.00183171 -0.00166736 -0.00151046 0.00241296 0.00252909 0.0027229 0.00295254 0.00307056 0.146418 0.00297451 0.00309796 0.00287101 0.0026323 0.00260299 -0.00162388 -0.00182278 -0.00201666 -0.00213041 -0.00217592 -0.00221737 -0.00215514 -0.00217515 -0.00229714 -0.00225215 -0.00225914 -0.00210645 -0.00206953 -0.00205582 -0.00213947 -0.0019889 -0.00206742 -0.00208968 -0.00191374 -0.00196311 -0.00209423 -0.00202352 -0.00206458 -0.0020899 -0.00198658 -0.00208553 -0.00197795 -0.00188376 -0.00184761 -0.00194528 -0.00196523 -0.00194944 -0.00192813 -0.00198146 -0.00192059 -0.00190069 -0.00194278 -0.00193631 -0.00198586 -0.00204556 -0.0019119 -0.00178817 -0.00193073 -0.00192908 -0.00187227 -0.00192079 -0.00194816 -0.00182575 -0.00184325 -0.00194004 -0.0019335 -0.00194056 -0.00182618 -0.00184087 -0.00181541 -0.0020131 -0.00191513 -0.00194855 -0.00181833 -0.00191817 -0.00187868 -0.00200519 -0.0019278 -0.0020623 -0.0019417 -0.00184413 -0.00191314 -0.00195446 -0.00190577 -0.00186277 -0.0019389 -0.00193549 -0.00187099 -0.00187989 -0.00196857 -0.00186201 -0.00194864 -0.00190635 
-0.00186054 -0.00200029 -0.00189609 -0.00190338 -0.00199037 -0.0020403 -0.00209895 -0.00205381 -0.00198755 -0.0019126 -0.00185394 -0.00171439 -0.00167479 0.00251758 0.00281047 0.00264742 0.00297451 0.144616 0.00325008 0.00316623 0.00271088 0.00280926 0.00267663 -0.00156234 -0.00174646 -0.00194112 -0.00193618 -0.0021024 -0.00213185 -0.00224717 -0.00218861 -0.00207666 -0.00212669 -0.0021265 -0.00195869 -0.00188988 -0.00195122 -0.00209514 -0.00190844 -0.00207814 -0.00194228 -0.00198493 -0.00190421 -0.00184423 -0.00201337 -0.00202469 -0.00191268 -0.00189837 -0.00196119 -0.00184177 -0.00184782 -0.00193583 -0.00180747 -0.00184901 -0.00184879 -0.00182326 -0.00171704 -0.00179055 -0.00180775 -0.001803 -0.00185862 -0.00189591 -0.00183211 -0.00174619 -0.00182672 -0.00186364 -0.00184866 -0.00187586 -0.00182588 -0.00187916 -0.00195938 -0.00189927 -0.00187981 -0.00180849 -0.00178812 -0.00175443 -0.00182979 -0.0018616 -0.0018805 -0.0018261 -0.00175313 -0.00188163 -0.00189894 -0.00189745 -0.00182761 -0.00179328 -0.00186015 -0.00175744 -0.00177975 -0.0017684 -0.00174202 -0.00179561 -0.00182417 -0.00179524 -0.00190076 -0.0017978 -0.00192699 -0.00184067 -0.00193335 -0.00185198 
-0.00182353 -0.00188923 -0.00187103 -0.00193984 -0.00200802 -0.00216195 -0.00203987 -0.00195752 -0.00199884 -0.00183703 -0.00187502 -0.00174196 -0.00165309 0.00249824 0.00273856 0.00266635 0.00309796 0.00325008 0.145395 0.00309478 0.00283849 0.00286727 0.0027017 -0.00166098 -0.00181462 -0.00192822 -0.00208696 -0.00205646 -0.0020547 -0.00213209 -0.00220563 -0.00220778 -0.00205105 -0.00199411 -0.0020483 -0.00200878 -0.00199718 -0.00203433 -0.00192979 -0.00207117 -0.00194529 -0.00193933 -0.00198805 -0.00198724 -0.00193043 -0.00201212 -0.00193327 -0.00194616 -0.00186561 -0.0019186 -0.00188126 -0.00188275 -0.00190705 -0.00189493 -0.00183111 -0.00189548 -0.00188993 -0.00187718 -0.00189838 -0.00180406 -0.00195498 -0.00181728 -0.00181695 -0.00161398 -0.00191208 -0.00184105 -0.00185721 -0.00186277 -0.00188261 -0.00188819 -0.00179445 -0.00184816 -0.00183994 -0.00183286 -0.00174922 -0.00178501 -0.00177563 -0.00186729 -0.00190387 -0.0018612 -0.00178641 -0.00190662 -0.00182501 -0.00187115 -0.00176717 -0.00197481 -0.00186892 -0.00171478 -0.00187377 -0.00183123 -0.0019071 -0.00189115 -0.00186554 -0.00184344 -0.001841 -0.00182594 -0.00183458 -0.00193279 -0.00193865 -0.00183675 
-0.00190958 -0.00201776 -0.00198718 -0.0020085 -0.00196284 -0.00217269 -0.00208377 -0.00218626 -0.00214602 -0.00211319 -0.00198353 -0.00186535 -0.00178331 -0.00169822 0.00259561 0.00247036 0.00287101 0.00316623 0.00309478 0.149485 0.00313177 0.00309589 0.00296121 0.0026807 0.00258278 -0.00164153 -0.00187462 -0.00190007 -0.00210377 -0.00204072 -0.00223932 -0.00225418 -0.00203621 -0.00219177 -0.00198713 -0.00206133 -0.00212812 -0.00212891 -0.00211095 -0.00202465 -0.00200568 -0.00194508 -0.00220088 -0.00202596 -0.00210794 -0.00215864 -0.00202775 -0.00209381 -0.00200748 -0.00198638 -0.00201678 -0.00189424 -0.0020238 -0.00209119 -0.00210782 -0.00200557 -0.00190091 -0.00200175 -0.00217702 -0.00202209 -0.00201892 -0.0019708 -0.00195321 -0.00184965 -0.00203921 -0.00211152 -0.00198829 -0.00195855 -0.00201249 -0.00199015 -0.00197038 -0.00201463 -0.00195777 -0.00187437 -0.00196714 -0.00182679 -0.00194058 -0.00190248 -0.0020449 -0.00208016 -0.00193325 -0.00201103 -0.00198486 -0.0020125 -0.00195357 -0.00197228 -0.00198454 -0.00184273 -0.00179243 -0.00195321 -0.00194717 -0.00199706 -0.00200235 -0.00201746 -0.00199997 -0.00197574 -0.00190602 -0.00197795 -0.0020132 -0.00194395 
-0.00199354 -0.00194696 -0.00202771 -0.00190191 -0.00182509 -0.00202354 -0.00210034 -0.00201294 -0.00226989 -0.00204708 -0.00211968 -0.0019915 -0.00203598 -0.00180668 -0.00171618 -0.00171957 0.0026323 0.00271088 0.00283849 0.00313177 0.146627 0.00324628 0.00305251 0.00275889 0.00283732 0.0027238 -0.00174053 -0.00182466 -0.00196187 -0.00192963 -0.00189929 -0.00216101 -0.00217957 -0.00218068 -0.00206026 -0.00199451 -0.0020618 -0.00208631 -0.00202827 -0.0020315 -0.0019305 -0.00192211 -0.00198712 -0.00204886 -0.00201046 -0.00200342 -0.0019355 -0.00193031 -0.00197861 -0.00193447 -0.00190366 -0.0019725 -0.001963 -0.00190071 -0.00195098 -0.00178414 -0.00187932 -0.00180731 -0.00194264 -0.0018055 -0.00183896 -0.0018109 -0.00184009 -0.00171053 -0.00193347 -0.00186159 -0.0019084 -0.00189348 -0.00191095 -0.00199582 -0.00194167 -0.00187774 -0.00194286 -0.00189421 -0.00176789 -0.00176886 -0.00174549 -0.0017991 -0.00180539 -0.00186918 -0.00186875 -0.00185498 -0.00178505 -0.00183246 -0.00191743 -0.00193734 -0.00191531 -0.00174962 -0.00183898 -0.00180183 -0.00191321 -0.00189959 -0.00187052 -0.00184425 -0.00179447 -0.00191685 -0.00181589 -0.001905 -0.00191008 -0.00180185 
-0.00193757 -0.00190072 -0.00198539 -0.0018306 -0.00197421 -0.0020616 -0.0021303 -0.00214157 -0.00209469 -0.00194838 -0.00206506 -0.00201149 -0.00200286 -0.00187564 -0.00166772 -0.00163724 0.00260299 0.00280926 0.00286727 0.00309589 0.00324628 0.146188 0.0031853 0.00284473 0.00271849 0.00251449 -0.0016621 -0.00179272 -0.001865 -0.00191349 -0.00212739 -0.00220363 -0.00214228 -0.00204815 -0.00207501 -0.00195758 -0.00209303 -0.00201244 -0.00205186 -0.00204473 -0.0018733 -0.00190141 -0.00194441 -0.00200711 -0.00194266 -0.00202798 -0.001856 -0.00193521 -0.0018517 -0.00189189 -0.00185855 -0.00195503 -0.00190962 -0.00190599 -0.00199364 -0.00194084 -0.00188473 -0.00189612 -0.00194553 -0.00196971 -0.00194987 -0.00193323 -0.00178488 -0.00173615 -0.00188921 -0.0018645 -0.00182957 -0.00196632 -0.00184776 -0.00187756 -0.00189892 -0.00188742 -0.00188859 -0.00177865 -0.001779 -0.00177863 -0.00170445 -0.00189902 -0.00187986 -0.00177944 -0.00188527 -0.00183809 -0.001782 -0.00179892 -0.0018482 -0.00193547 -0.00189323 -0.00183345 -0.00177704 -0.00188448 -0.00189702 -0.00189523 -0.00190137 -0.00195645 -0.00191534 -0.0018948 -0.00196751 -0.00187332 -0.00185661 -0.00174034 
-0.00174826 -0.00186007 -0.00192353 -0.00186974 -0.00190443 -0.00205252 -0.00215959 -0.00199928 -0.00215714 -0.00200282 -0.00215192 -0.00219543 -0.00205607 -0.0019726 -0.00174758 -0.00189363 -0.00162388 0.00267663 0.0027017 0.00296121 0.00305251 0.0031853 0.145573 0.00286262 0.00289929 0.00282894 0.00247644 -0.00155459 -0.0016615 -0.00177 -0.00189215 -0.00194437 -0.00205217 -0.00207419 -0.00199075 -0.00202894 -0.00202102 -0.00202323 -0.00199689 -0.00197173 -0.00197019 -0.00190371 -0.0020208 -0.00187913 -0.00197736 -0.00199321 -0.00186371 -0.00180104 -0.00183316 -0.00174834 -0.00182453 -0.00182707 -0.00195483 -0.001932 -0.00188155 -0.00183061 -0.00184502 -0.00200956 -0.00191028 -0.00190588 -0.00197138 -0.00197079 -0.00183181 -0.00181157 -0.00179902 -0.00195698 -0.00181525 -0.00180032 -0.00186114 -0.00191116 -0.00187105 -0.00184727 -0.00195766 -0.00193466 -0.00180848 -0.00180902 -0.00178341 -0.00187736 -0.00188017 -0.0017993 -0.00189662 -0.00186623 -0.00184937 -0.00191322 -0.00185397 -0.00189427 -0.00180798 -0.0017223 -0.00184872 -0.00192279 -0.00191001 -0.00193466 -0.00187794 -0.0019657 -0.00190191 -0.00194151 -0.00184082 -0.00200945 -0.00198683 -0.00176352 
-0.00167241 -0.00169105 -0.00179556 -0.00182087 -0.00181933 -0.0019714 -0.00194843 -0.00196984 -0.00197263 -0.00185019 -0.00206915 -0.0019694 -0.00199275 -0.00208025 -0.00185703 -0.00189948 -0.00182278 -0.00156234 -0.00166098 0.0026807 0.00275889 0.00284473 0.00286262 0.140963 0.00302371 0.00291709 0.00250754 0.00243643 -0.0014181 -0.00153639 -0.00165796 -0.0017978 -0.00186758 -0.00201398 -0.00186335 -0.00185807 -0.00189278 -0.00187651 -0.00188232 -0.00183579 -0.00177935 -0.00174598 -0.0019393 -0.00185023 -0.00186104 -0.00188488 -0.00179822 -0.00182044 -0.00179484 -0.00178419 -0.00181127 -0.00176813 -0.0018873 -0.00172161 -0.00183304 -0.00179685 -0.00182321 -0.00177686 -0.00183695 -0.00179102 -0.00182993 -0.00177108 -0.00169089 -0.00164587 -0.00177572 -0.0018298 -0.00170115 -0.00171394 -0.00172672 -0.00181058 -0.001764 -0.00173641 -0.00186947 -0.00175851 -0.00158374 -0.00169497 -0.00154532 -0.00173891 -0.00173455 -0.00182418 -0.0017011 -0.00179145 -0.00183447 -0.00179944 -0.00178002 -0.00178425 -0.00173625 -0.00160242 -0.00160154 -0.00173712 -0.00167294 -0.00174683 -0.00179232 -0.00175628 -0.00181336 -0.00176397 -0.0017965 -0.00178991 -0.00173551 -0.00178175 
-0.00202236 -0.00198651 -0.00202999 -0.00206963 -0.00200941 -0.00198955 -0.00213835 -0.00213416 -0.0021443 -0.00209258 -0.00221739 -0.00228763 -0.00220673 -0.00223594 -0.00226175 -0.00224823 -0.00201666 -0.00174646 -0.00181462 0.00258278 0.00283732 0.00271849 0.00289929 0.00302371 0.146029 0.00305105 0.00280955 0.00276741 0.00247327 0.00228225 -0.00149941 -0.0017213 -0.00185026 -0.00181441 -0.00195515 -0.00197569 -0.00194789 -0.00200796 -0.00203711 -0.00207957 -0.00200984 -0.00196567 -0.00209067 -0.00208573 -0.00201853 -0.0020089 -0.00185288 -0.00193526 -0.00187886 -0.0019682 -0.00181162 -0.00188296 -0.00200806 -0.0020067 -0.00191707 -0.00180715 -0.00193064 -0.00189794 -0.00192885 -0.00197428 -0.00188452 -0.00194689 -0.00186176 -0.00179636 -0.00197786 -0.00189845 -0.00186047 -0.00184503 -0.00185379 -0.00188163 -0.00192754 -0.00197519 -0.00199825 -0.00183254 -0.00176791 -0.00184955 -0.00183951 -0.00189896 -0.00190688 -0.00198362 -0.00195256 -0.00190428 -0.00204215 -0.00188662 -0.0018345 -0.00191891 -0.00192429 -0.0018793 -0.00177487 -0.00194251 -0.00183806 -0.00193612 -0.00192359 -0.00194111 -0.00189611 -0.00197529 -0.00186528 -0.0020358 -0.00194115 -0.00175444 
-0.00188806 -0.00192568 -0.0019843 -0.00198387 -0.00193882 -0.00201396 -0.00210921 -0.0020819 -0.002152 -0.00204802 -0.00222736 -0.00218913 -0.0021809 -0.00226926 -0.00233425 -0.0021911 -0.00213041 -0.00194112 -0.00192822 -0.00164153 0.0027238 0.00251449 0.00282894 0.00291709 0.00305105 0.144338 0.00288583 0.00267932 0.00259273 0.00249256 0.00243338 -0.00152604 -0.00159351 -0.0016531 -0.0018431 -0.00169464 -0.00203863 -0.00201182 -0.00204257 -0.00208774 -0.00195417 -0.00189311 -0.00200631 -0.00192974 -0.00202412 -0.00203413 -0.00195754 -0.00196595 -0.00189628 -0.00191091 -0.00192107 -0.00193702 -0.00187554 -0.00186288 -0.00197649 -0.00186303 -0.00187068 -0.0018343 -0.00189619 -0.00181638 -0.00186731 -0.00189534 -0.00178405 -0.00180497 -0.00190919 -0.0019546 -0.00187822 -0.00196496 -0.00193551 -0.00190223 -0.0019022 -0.00193114 -0.00192635 -0.00183441 -0.00184281 -0.00173098 -0.0018343 -0.00193569 -0.0019019 -0.00190151 -0.00185426 -0.00194443 -0.0019828 -0.0019417 -0.00189161 -0.00189392 -0.00190358 -0.00172047 -0.0018297 -0.00189635 -0.00189383 -0.0018911 -0.00187872 -0.00185227 -0.00189981 -0.00193122 -0.00195779 -0.00187774 -0.00182404 -0.00187835 
-0.00183762 -0.00183391 -0.00176204 -0.00183325 -0.00181022 -0.00189911 -0.00189743 -0.00190863 -0.00198994 -0.00195724 -0.00207155 -0.00212706 -0.00204299 -0.00210411 -0.00208484 -0.00207551 -0.00217592 -0.00193618 -0.00208696 -0.00187462 -0.00174053 -0.0016621 0.00247644 0.00250754 0.00280955 0.00288583 0.139166 0.00283525 0.00262455 0.00264415 0.00243818 0.00231431 -0.00134183 -0.00138671 -0.00165876 -0.00154063 -0.00174496 -0.00192604 -0.00184528 -0.00187348 -0.00181309 -0.0017847 -0.00193639 -0.00191572 -0.00189573 -0.00180472 -0.00176817 -0.00182083 -0.00174897 -0.00172624 -0.00177351 -0.00171798 -0.00178381 -0.0017077 -0.00172039 -0.00179549 -0.00172954 -0.00179356 -0.00183221 -0.00176637 -0.00188225 -0.00182991 -0.00183668 -0.00171474 -0.00175608 -0.00184876 -0.00172069 -0.00173799 -0.00172649 -0.00177049 -0.00177303 -0.00184586 -0.00171588 -0.00177218 -0.00174698 -0.00173941 -0.00177969 -0.00180338 -0.00175784 -0.00182564 -0.001773 -0.00180371 -0.00177101 -0.00177846 -0.00177461 -0.00178541 -0.00173557 -0.00171461 -0.00162358 -0.00176239 -0.00172898 -0.00175599 -0.00184736 -0.00176229 -0.0018598 -0.00177682 -0.00186247 -0.00172078 -0.00169335 -0.00172271 
-0.00174639 -0.00181027 -0.00181468 -0.00179308 -0.00183166 -0.00186864 -0.00187526 -0.00200462 -0.00186534 -0.00190389 -0.00201144 -0.00215616 -0.0020235 -0.00211547 -0.00215408 -0.00209324 -0.00221737 -0.0021024 -0.00205646 -0.00190007 -0.00182466 -0.00179272 -0.00155459 0.00243643 0.00276741 0.00267932 0.00283525 0.136886 0.00272034 0.00262642 0.00257023 0.00246837 0.00228002 -0.00146814 -0.00146809 -0.00150644 -0.00159911 -0.00194887 -0.00189545 -0.00183577 -0.0017769 -0.00178458 -0.00185417 -0.00180268 -0.00186252 -0.00185556 -0.00185489 -0.00170703 -0.00166851 -0.00179312 -0.00177618 -0.00171292 -0.00172877 -0.00169548 -0.00172125 -0.00174521 -0.00177856 -0.0017482 -0.00166131 -0.00169335 -0.00167973 -0.00174173 -0.00169142 -0.00163349 -0.00171084 -0.00172412 -0.00174673 -0.00170002 -0.00184289 -0.00168096 -0.00175799 -0.00174833 -0.00169374 -0.001675 -0.0016448 -0.00168413 -0.00163557 -0.00173056 -0.00164514 -0.00177142 -0.00180751 -0.00172276 -0.00174249 -0.0016731 -0.00162923 -0.00171861 -0.00176541 -0.00164421 -0.00167071 -0.00175162 -0.00173864 -0.00176352 -0.00183839 -0.00172488 -0.0017417 -0.00178876 -0.00175287 -0.00173869 -0.00171714 -0.00174182 
-0.00177023 -0.00174213 -0.00180443 -0.00178356 -0.00173313 -0.00188773 -0.0018194 -0.0019302 -0.00193419 -0.00188422 -0.00196571 -0.00202315 -0.00198815 -0.00213925 -0.00208851 -0.00201517 -0.00215514 -0.00213185 -0.0020547 -0.00210377 -0.00196187 -0.001865 -0.0016615 -0.0014181 0.00247327 0.00259273 0.00262455 0.00272034 0.135325 0.00271249 0.00259058 0.00248533 0.00232395 0.00232782 -0.00144571 -0.00134099 -0.00152671 -0.00164386 -0.00178125 -0.00182709 -0.00174507 -0.00171269 -0.00176148 -0.00184951 -0.00182338 -0.00181335 -0.00164046 -0.00173482 -0.00173841 -0.00169013 -0.00173434 -0.0017418 -0.0017992 -0.00168036 -0.00165804 -0.00174795 -0.00165119 -0.00179148 -0.00165711 -0.00161553 -0.00181672 -0.00164802 -0.00160981 -0.00162766 -0.00168471 -0.00177229 -0.00164644 -0.00168665 -0.00171591 -0.00179911 -0.00176716 -0.00167624 -0.00177128 -0.00168098 -0.00164264 -0.00160729 -0.00165699 -0.00169285 -0.00175621 -0.00169594 -0.00167719 -0.00168522 -0.00174143 -0.00171905 -0.00171759 -0.00166468 -0.001701 -0.0015666 -0.00154488 -0.00187709 -0.00172334 -0.00173982 -0.00177257 -0.00179686 -0.00170439 -0.0017479 -0.00174377 -0.00168908 -0.00172258 -0.00167327 
-0.00165355 -0.00171864 -0.00173134 -0.0017879 -0.00176679 -0.00192636 -0.00186166 -0.00187632 -0.00191002 -0.00189176 -0.00195113 -0.00196768 -0.00195872 -0.00201132 -0.00200676 -0.00215512 -0.00217515 -0.00224717 -0.00213209 -0.00204072 -0.00192963 -0.00191349 -0.00177 -0.00153639 0.00228225 0.00249256 0.00264415 0.00262642 0.00271249 0.133663 0.00257148 0.00248701 0.00236738 0.00209208 -0.00131966 -0.00137323 -0.00140956 -0.00160666 -0.00171966 -0.00177772 -0.00171623 -0.00170881 -0.00181516 -0.00179806 -0.00185673 -0.00173855 -0.00170558 -0.00173419 -0.00171836 -0.00167831 -0.00173082 -0.00171258 -0.00171398 -0.00164577 -0.00166747 -0.00162818 -0.00169453 -0.00170385 -0.00171492 -0.00174153 -0.00172284 -0.0017052 -0.00160617 -0.00155049 -0.00170057 -0.00168852 -0.00167013 -0.00164038 -0.00165409 -0.00163777 -0.00168276 -0.00163813 -0.00160276 -0.00168623 -0.00162596 -0.00165242 -0.00155729 -0.00157206 -0.00162613 -0.00170507 -0.00168577 -0.00164189 -0.0016022 -0.00162737 -0.00163741 -0.00170819 -0.00170809 -0.00156172 -0.00160119 -0.00173053 -0.00171086 -0.00166869 -0.00173624 -0.00170648 -0.00168339 -0.00164723 -0.00172678 -0.00170715 -0.0016869 -0.00168592 
-0.00169787 -0.00182552 -0.00180084 -0.00184682 -0.00180107 -0.00186339 -0.00196013 -0.00195091 -0.00191023 -0.00190118 -0.00197453 -0.00210106 -0.001986 -0.00204731 -0.00205825 -0.00205442 -0.00229714 -0.00218861 -0.00220563 -0.00223932 -0.00189929 -0.00212739 -0.00189215 -0.00165796 -0.00149941 0.00243338 0.00243818 0.00257023 0.00259058 0.00257148 0.134571 0.00263602 0.00257021 0.00242272 0.00209346 0.00222803 -0.00145384 -0.00150952 -0.00155646 -0.00159366 -0.00177348 -0.00179636 -0.00187499 -0.00178696 -0.00191375 -0.00189728 -0.00181472 -0.00173741 -0.0017259 -0.00175753 -0.00165836 -0.00179264 -0.00167456 -0.00172546 -0.00170488 -0.00189317 -0.00166053 -0.00168025 -0.00170235 -0.00183122 -0.00173558 -0.00166279 -0.00163154 -0.00164213 -0.00187479 -0.00178329 -0.00168488 -0.00172894 -0.00180162 -0.00181554 -0.00166648 -0.00169939 -0.0018035 -0.00171476 -0.00166942 -0.00164139 -0.00170138 -0.0017782 -0.00168797 -0.00179439 -0.00176942 -0.00176608 -0.00176812 -0.00176597 -0.0017453 -0.00166456 -0.00167054 -0.00162681 -0.00161794 -0.00177601 -0.00177785 -0.00174583 -0.00168109 -0.00181456 -0.00172986 -0.00166691 -0.00172971 -0.00170738 -0.00171203 -0.00156924 
-0.00170468 -0.00177825 -0.00173481 -0.00172284 -0.00177725 -0.00181571 -0.00185563 -0.00189833 -0.00188266 -0.0018679 -0.00200917 -0.00204593 -0.00196943 -0.00211943 -0.00202397 -0.00205777 -0.00225215 -0.00207666 -0.00220778 -0.00225418 -0.00216101 -0.00220363 -0.00194437 -0.0017978 -0.0017213 -0.00152604 0.00231431 0.00246837 0.00248533 0.00248701 0.00263602 0.13278 0.0025256 0.00252811 0.00228536 0.0022363 0.00209736 -0.00136252 -0.00143879 -0.00155081 -0.00161689 -0.0016207 -0.00180092 -0.00181848 -0.00187216 -0.00176941 -0.00170364 -0.00167114 -0.00174825 -0.00172784 -0.00168234 -0.00168848 -0.00172407 -0.00176714 -0.00171802 -0.00172117 -0.00167696 -0.00171596 -0.00171523 -0.00159143 -0.0016734 -0.00180078 -0.00164663 -0.00160322 -0.00163968 -0.00171403 -0.00174089 -0.00169449 -0.0017369 -0.00173121 -0.00171528 -0.00169791 -0.00164709 -0.00165009 -0.00155374 -0.00160685 -0.00160286 -0.00164797 -0.00170524 -0.00179351 -0.00174486 -0.00173102 -0.00167686 -0.00161928 -0.00174959 -0.00176604 -0.00164858 -0.00161621 -0.00162271 -0.00179423 -0.00168348 -0.00169937 -0.00168274 -0.00177665 -0.00172855 -0.00174433 -0.00176056 -0.00171576 -0.00173695 -0.00163361 
-0.00170128 -0.00172166 -0.00167858 -0.00167109 -0.00176375 -0.00190615 -0.00181535 -0.00185412 -0.00189483 -0.00189587 -0.00189334 -0.0019657 -0.00201498 -0.00203494 -0.00209791 -0.00202572 -0.00225914 -0.00212669 -0.00205105 -0.00203621 -0.00217957 -0.00214228 -0.00205217 -0.00186758 -0.00185026 -0.00159351 -0.00134183 0.00228002 0.00232395 0.00236738 0.00257021 0.0025256 0.131639 0.00255043 0.00221098 0.00233048 0.00213846 0.00208458 -0.00134867 -0.00138248 -0.00150367 -0.00149101 -0.00177724 -0.00181059 -0.00172838 -0.00177054 -0.00161881 -0.00160942 -0.00168112 -0.00174348 -0.00171268 -0.00164175 -0.00175401 -0.00162681 -0.00178524 -0.00181812 -0.00167723 -0.00165522 -0.00177258 -0.00170343 -0.00169741 -0.00165119 -0.00165227 -0.00159318 -0.00171353 -0.00172494 -0.00169989 -0.00169871 -0.00175636 -0.00173495 -0.00165656 -0.00163156 -0.0016646 -0.00167453 -0.00156064 -0.00165515 -0.00169631 -0.00161971 -0.00163281 -0.00170898 -0.00169016 -0.00165497 -0.00165443 -0.00170453 -0.00174995 -0.00167451 -0.00170673 -0.00157037 -0.00155844 -0.00163083 -0.00172586 -0.00172943 -0.00169552 -0.00169925 -0.00168208 -0.00170692 -0.00168046 -0.00169401 -0.00166974 -0.00167128 
