1.03333e-06 -8.09124e-08 3.49312e-07 -6.68671e-09 -5.34058e-07 5.40245e-07 -1.41446e-08 -4.12211e-07 -3.48325e-07 -1.56651e-08 -2.65722e-07 -2.95048e-07 1.67979e-07 -8.27325e-07 7.76334e-08 -2.33724e-07 -3.14057e-08 -1.98457e-07 7.67712e-07 -1.1286e-08 -1.0933e-07 -3.10842e-07 -3.11821e-07 -2.34808e-11 9.61946e-08 1.61154e-08 -8.43249e-07 -1.33669e-10 -2.76893e-07 -9.86685e-09 -5.10117e-07 1.74107e-07 -3.68878e-09 -5.96536e-09 -1.22355e-07 -5.30289e-09 1.59511e-07 6.155e-07 -4.59877e-07 7.68183e-08 -1.88211e-08 3.7104e-08 5.12891e-07 -1.46492e-07 8.43164e-08 -1.63476e-08 1.48395e-07 -1.72391e-07 -2.8188e-08 -4.51547e-08 -2.51663e-09 2.66321e-07 3.99573e-07 -1.17352e-10 -3.53542e-07 -3.64275e-07 -4.19219e-09 -4.18309e-08 -5.03893e-09 2.63243e-07 -3.41675e-07 7.83606e-08 -1.49489e-12 6.87076e-09 -9.60282e-09 -1.98879e-10 -2.37732e-07 -1.47967e-07 -6.60002e-09 -1.13108e-09 -1.83954e-08 2.76006e-07 -4.18844e-12 5.16485e-07 7.2792e-07 -9.34386e-08 7.09417e-07 -1.70599e-07 -3.19748e-11 -7.4442e-10 -5.07271e-07 -3.91572e-08 -5.01492e-08 1.24535e-07 -5.81357e-09 -3.29396e-09 -2.47123e-07 7.78235e-08 4.7641e-08 -2.70769e-07 1.84849e-07 -6.92709e-09 7.23397e-07 6.20985e-07 1.98312e-07 -1.43211e-08 -6.79049e-09 -2.23763e-07 -1.722e-08 -2.14841e-07 
-8.09124e-08 0.072171 1.22015e-06 -0.000506435 -0.0150661 -0.00860207 0.00250594 -0.00766338 -0.0230977 -0.00116901 -0.00809787 -0.0265684 0.000174037 0.00486332 -0.000155091 -0.025258 -0.00224168 0.0344521 -0.00288013 -0.000831821 -0.0284364 -0.0287717 0.0260488 1.87738e-06 -0.000431334 0.00225039 0.0039718 -8.91226e-06 -0.0263619 -0.000742937 -0.0205398 -0.000698667 0.000300484 0.0033154 -0.00776132 -0.000395554 -0.00267488 0.0036673 0.0250479 -0.0002075 -0.000838492 -0.000854825 -0.00216278 -0.0207134 0.00465213 0.01017 -0.00405473 0.0309589 0.00946681 -0.00320555 2.70454e-05 -0.00264898 0.0441135 3.60841e-05 -0.0111208 -0.0243924 0.000607715 -0.0189256 -0.000352505 0.0267016 -0.0291142 -0.00011946 3.38935e-09 -0.0268819 0.0074883 3.31301e-06 -0.021967 0.0472986 -0.000248493 0.000332778 0.00188716 -0.000664307 -2.54052e-07 0.0152625 0.000715783 -0.00364808 -0.00206164 -0.0154008 -2.42293e-06 -4.81195e-05 0.0148475 0.025277 -0.00367806 0.00285592 -9.11618e-05 -0.000100761 0.0329993 -0.000153876 0.00998174 -0.023366 -0.000208414 0.000184107 -0.00124873 -0.00286916 0.0407106 -0.00108356 -0.000323455 -0.0274626 0.00458842 -0.0207575 
3.49312e-07 1.22015e-06 0.000665011 2.10511e-07 4.442e-05 -2.24941e-05 -8.4823e-06 0.000316122 -0.0001968 -1.00881e-05 0.000407708 -0.0002188 -9.59113e-06 8.65451e-06 -1.50408e-06 0.000222774 -1.99182e-05 -8.85573e-05 8.57723e-06 -4.53135e-06 -0.00025831 -0.000225774 9.77094e-06 -1.51213e-08 -3.76722e-06 -3.79309e-05 1.05199e-05 2.17253e-07 -0.000231591 3.19921e-06 -0.000360195 -5.56143e-06 1.16545e-05 -3.42161e-06 -7.7695e-05 -5.81662e-07 -3.19512e-05 1.00693e-05 -1.05982e-05 -1.96896e-06 -5.80721e-06 -1.6578e-05 2.6296e-05 0.000269687 -1.22133e-05 9.479e-06 -3.92526e-05 -0.000109218 -1.81527e-05 -2.8439e-05 -1.00734e-06 -2.35852e-05 -3.10919e-05 -7.55733e-08 0.00029904 0.000241992 6.39695e-06 -0.000157366 1.0275e-05 0.000236646 -0.00022136 -1.05577e-06 -9.62689e-10 -0.000207936 -5.86076e-06 -1.28075e-07 -0.000190075 0.000217938 -3.05366e-06 -7.21734e-07 2.02358e-06 0.000138974 -2.6973e-09 -2.97017e-05 -2.55976e-05 0.000223883 9.04351e-05 0.000224176 -2.05913e-08 1.07394e-06 -0.000356712 -2.44967e-05 -2.50755e-05 -1.18961e-05 3.30295e-05 -2.12127e-06 0.000254597 -1.40166e-06 -1.61088e-05 -0.000198121 -1.5997e-05 -4.46096e-06 4.70914e-05 5.40549e-05 -5.51261e-05 -2.63925e-06 6.18035e-06 -0.000238505 -1.10895e-05 -0.000191567 
-6.68671e-09 -0.000506435 2.10511e-07 0.00642914 0.000443661 0.00514656 -8.85776e-05 -0.00257519 -0.00217971 0.00240197 -0.00164413 -0.000296204 3.1059e-05 -0.00563283 6.55362e-05 -0.00217772 -0.000195108 -0.00124279 0.00571672 0.00392797 0.002122 -0.00245022 -0.00269467 -1.47043e-07 0.00257322 -0.000399092 -0.00579365 9.2396e-06 -0.00225533 0.00306227 -0.00239783 9.81809e-05 -2.31001e-05 -3.62233e-05 -0.000765033 0.000213265 0.000288798 0.00162246 -0.00287452 0.000384212 -0.000112526 -0.000160415 0.00612669 0.0024319 -0.000119089 -9.56099e-05 0.000516602 -0.000795854 -0.000176521 -0.000281844 -2.37982e-06 -4.3991e-05 0.000166113 -7.34891e-07 -0.00221376 -0.00227486 0.000380031 -0.00101582 -1.88384e-05 -1.94457e-05 -0.00263978 -1.02666e-05 -9.36139e-09 -0.000839476 -6.01354e-05 -1.2221e-06 -0.00199247 -0.000917175 -4.13311e-05 -6.96979e-06 -9.65671e-05 -3.52922e-05 2.40438e-07 0.0040439 0.00557268 -0.000559711 0.00159016 -0.00182993 2.11964e-05 -3.89509e-06 -0.00368975 -0.000245213 -0.000314048 -1.86085e-05 -3.64062e-05 -1.99743e-05 -0.00273661 3.56333e-05 -0.000202641 -0.00204963 0.000490427 -3.82793e-05 0.0013505 0.00552219 -0.00028045 0.00381304 -4.23039e-05 -0.00241265 -0.000101937 -0.00181486 
-5.34058e-07 -0.0150661 4.442e-05 0.000443661 0.249717 0.0177876 -0.00695782 0.161422 0.0231184 0.00669805 0.103153 -0.0841419 -0.00182266 0.0387888 -0.000517512 0.120469 -0.0149319 -0.0804348 -0.00954767 0.00345791 -0.108029 -0.119643 0.113349 -1.13908e-05 0.00122187 0.00019268 0.0379711 -6.10222e-05 -0.109778 0.00375722 -0.10615 -0.00299214 -0.000300717 -0.0011595 -0.0278744 -0.00264008 -0.0249228 -0.0159072 0.134851 -0.000333769 -0.000749632 -0.00858662 -0.00952884 0.18122 -0.00839591 -0.00512251 -0.0302031 -0.0232436 -0.0117661 -0.0115755 -0.00117487 -0.00961894 -0.0353472 -2.66514e-05 0.137401 0.132821 -0.000623488 0.0501265 -0.0017538 0.12047 -0.111703 -0.000152491 -3.51015e-07 -0.127049 -0.00456892 -9.94709e-05 -0.145884 0.0128728 -0.00289515 -0.000556576 -0.00296214 0.000614393 -1.68822e-06 0.0116131 -0.0202304 0.0205326 -0.0135562 0.120955 5.35754e-06 -0.000119428 -0.139192 -0.0174984 -0.0249851 -0.00867054 0.00122703 -0.00164637 0.147045 -0.000377601 -0.00180338 -0.118061 -0.0083255 -0.00336749 -0.00822306 -0.00431283 -0.0353527 0.00341877 -0.00302016 -0.124278 -0.00764281 -0.129287 
5.40245e-07 -0.00860207 -2.24941e-05 0.00514656 0.0177876 0.102461 -0.0015419 -0.0396085 -0.0366246 0.00919519 -0.0287163 0.01193 0.00060091 -0.0167009 -7.4089e-05 -0.0482386 -0.00329332 -0.0203586 0.038468 0.00844236 0.0160116 0.00720197 -0.0456387 -2.45679e-06 0.00469459 0.00725235 -0.0198328 4.45053e-05 0.00891572 0.00836971 0.0314966 -0.000883521 -0.000412296 -0.000622276 -0.00928493 0.00140957 -0.00560411 0.0185566 -0.0258397 0.000262986 -0.00207209 -0.00171437 0.0299354 0.0230751 -0.00213198 -0.00178828 -0.00566364 -0.00513946 -0.00309107 -0.00498127 -0.000240773 0.00908324 0.0219155 -1.20581e-05 -0.0395761 -0.0395266 0.00116298 -0.0280408 0.00226015 -0.0119635 0.00395724 -0.000183795 -1.60991e-07 0.0278915 -0.000933707 -2.1825e-05 -0.0200874 -0.0159208 -0.000702167 -3.2278e-05 -0.00203413 0.000896731 1.26917e-07 0.045078 0.0378988 -0.00997347 0.0191464 -0.0426148 2.10639e-05 -5.99994e-05 0.0146049 -0.00439065 -0.00481057 -0.00115138 -0.000627687 0.00176187 -0.0115422 -0.000120126 -0.00313867 0.00395596 -0.00225197 -0.000775738 0.0139214 0.0313545 -0.00971715 0.0120899 -0.000616288 0.00724141 -0.00114179 -0.0148077 
-1.41446e-08 0.00250594 -8.4823e-06 -8.85776e-05 -0.00695782 -0.0015419 0.013501 -0.00308561 -0.00400578 -0.000206576 -0.00200817 -0.00483585 -5.33085e-05 -0.00959973 0.0001188 -0.00387374 0.000603948 0.00576753 0.00257044 -0.00013871 -0.00466969 -0.00409136 -0.00647823 -3.11045e-07 -8.19082e-05 6.72465e-05 -0.00131039 -1.00735e-06 -0.00437733 -0.000129818 0.00321712 -0.000122022 -4.64445e-05 -6.72586e-05 0.00272236 -4.42864e-05 -0.000436084 0.00863881 0.00504541 0.00017619 0.00167387 0.00150286 -0.000619698 -0.00588497 -0.000208884 0.000174409 -0.000579972 0.00494209 0.00464709 -0.000170208 -6.794e-06 0.000242127 0.0071534 1.53388e-05 -0.00334997 -0.0026373 -5.51331e-05 -0.00116142 -3.0723e-05 0.00356215 -0.00272515 0.000122496 -1.98025e-08 -0.00242173 -0.000119317 2.58788e-05 -0.00358983 -0.00166724 -6.84159e-05 -1.65986e-06 -0.000240287 -0.000138291 -5.54835e-08 0.00198079 -0.000810002 -0.00120296 -0.00040297 -0.00332855 1.74977e-06 0.000339285 0.00430201 8.65023e-05 -9.38737e-05 0.00742712 -4.98746e-05 -4.05478e-05 0.00458652 0.000131518 7.5183e-05 -0.00420696 0.000119004 0.000817528 -0.000219933 -0.000513437 0.00290189 -0.000189618 -8.85056e-05 -0.00335111 0.00960515 -0.00293493 
-4.12211e-07 -0.00766338 0.000316122 -0.00257519 0.161422 -0.0396085 -0.00308561 0.239782 0.0485173 -0.00385446 0.154213 -0.117112 -0.00424983 0.0271054 -0.000900815 0.189963 -0.0113268 -0.054624 -0.0300136 -0.00431405 -0.141512 -0.144056 0.148122 -8.04131e-06 -0.00239044 -0.0241944 0.0400832 -5.14521e-05 -0.134127 -0.00380362 -0.16446 -0.00140577 0.00210831 -0.00219236 -0.0336256 -0.00204394 -0.0181117 -0.0156141 0.155438 -0.00118494 0.00812304 -0.00775082 -0.0180513 0.156401 -0.00584776 -0.00617804 -0.022926 -0.0300293 -0.00875891 -0.00857102 -0.000919421 -0.0145658 -0.0584951 -2.32999e-05 0.19953 0.195169 -0.00159746 0.0941514 -0.00186763 0.151758 -0.130236 -0.000632766 -3.57095e-07 -0.162056 -0.0017865 -6.33462e-05 -0.123628 0.0162634 -0.00245562 -0.000436265 0.000156301 0.00345496 -1.61693e-06 -0.0356888 -0.0454426 0.0350539 -0.0116932 0.183772 -1.23437e-05 1.04134e-05 -0.195229 -0.0127839 -0.0192343 -0.00718553 0.00321017 -0.0012599 0.171443 -0.000811686 -0.0117882 -0.136111 -0.00948906 -0.00217976 -0.00640908 -0.0140896 -0.0266234 -0.00542155 -0.00230558 -0.146602 -0.00527264 -0.114946 
-3.48325e-07 -0.0230977 -0.0001968 -0.00217971 0.0231184 -0.0366246 -0.00400578 0.0485173 0.22346 -0.00461857 -0.0055806 -0.0437123 -0.00311442 0.0252911 -0.00027896 0.0435749 0.0166066 -0.051148 -0.0252642 -0.00362208 -0.0384177 0.00940247 0.00784011 -5.87646e-06 -0.00226748 -0.00372726 0.0274675 -3.24481e-05 -0.00190242 -0.00321182 -0.0439917 -0.00235688 -0.000879238 -0.00191391 -0.036489 0.000991571 -0.0126789 -0.01374 0.00596242 -0.000660666 -0.00230166 -0.00627058 -0.0153318 -0.00375591 -0.00539543 -0.00158755 -0.0148652 -0.052788 -0.00664091 -0.0133204 -0.00036347 -0.0121199 -0.0403503 -3.78688e-05 0.0663405 0.0602967 -0.00128973 0.0337406 -0.00162311 -0.0016039 0.0140076 -0.000299032 -2.24322e-07 0.000573341 -0.00241844 -6.02973e-05 0.0326274 -0.0478376 0.00305645 -0.000337559 -0.00298098 -0.00318726 -1.36633e-06 -0.0425667 -0.0391928 0.00861688 -0.00997337 0.0608255 -1.0334e-05 -0.000139698 -0.0396823 -0.0103284 0.0218589 -0.00483132 0.000769436 -0.00107247 0.0106452 -0.000286171 -0.000177458 0.0123018 -0.0039049 0.000350504 -0.00541597 -0.012503 -0.0212094 -0.00466736 0.000756102 0.00839094 -0.00371617 0.0347755 
-1.56651e-08 -0.00116901 -1.00881e-05 0.00240197 0.00669805 0.00919519 -0.000206576 -0.00385446 -0.00461857 0.01493 -0.00216222 -0.00274387 0.00188312 -0.0038603 -3.13235e-05 -0.00357618 -0.000435206 -0.00280333 0.00823601 0.00675953 0.00249115 -0.00517153 -0.00647716 -3.44481e-07 0.00144491 0.00253889 -0.00681423 7.48231e-06 -0.0043588 0.00696823 -0.0012344 -0.000123439 0.000250313 -8.52996e-05 -0.000925986 -7.68675e-05 -0.000740435 -0.000108473 -0.00211179 0.000413489 -0.00027493 0.000942006 0.0080256 0.00553224 -0.000274213 -0.000221975 -0.000773021 -0.0017891 -0.000398423 -0.000660919 -2.16842e-05 0.000915521 -0.000913478 -1.72165e-06 -0.00342068 -0.00399414 0.0014076 -0.00367297 6.18785e-05 -0.00168718 -0.00355768 -2.30284e-05 -2.19311e-08 -0.00373181 -0.000136407 -2.9177e-06 -0.00470162 -0.00157698 -7.85973e-05 -1.59671e-05 -0.000262008 0.000583508 -6.14476e-08 0.00819841 0.00724924 -0.000897342 0.000124399 -0.00556388 2.12091e-06 -6.59121e-06 -0.00534624 -0.000563756 -0.000732187 -0.00027387 -2.42029e-05 -4.46516e-05 0.0015793 -2.63013e-05 -0.000377508 -0.00396673 -0.00029894 -0.000101626 -0.000242382 0.00833595 -0.00132869 0.00770606 -9.74249e-05 -0.00463769 -0.000151931 -0.00430876 
-2.65722e-07 -0.00809787 0.000407708 -0.00164413 0.103153 -0.0287163 -0.00200817 0.154213 -0.0055806 -0.00216222 0.191024 -0.0729253 -0.00305004 0.0150577 -0.000587874 0.137917 -0.00760574 -0.0455125 -0.0194908 -0.00276751 -0.0916776 -0.0942263 0.0934552 -5.76998e-06 -0.0017532 -0.0157288 0.0255199 -2.91608e-05 -0.0868693 -0.00245542 -0.112115 -0.000252473 0.00240024 -0.00147099 -0.0232522 -0.00131879 -0.0116194 -0.0110254 0.110902 -0.000764238 0.0066017 -0.00452555 -0.0117095 0.106793 -0.00473245 -0.00387192 -0.014487 -0.0309413 -0.00700405 -0.00472285 -0.000597244 -0.010671 -0.048893 -2.81337e-05 0.137497 0.134339 -0.00104195 0.0234467 -0.00125362 0.0982592 -0.0783116 -0.000407072 -1.52011e-07 -0.106111 -0.00238389 -3.8132e-05 -0.0798985 0.019744 -0.00163052 -0.000281475 -0.00182816 0.00343902 -1.04232e-06 -0.0316352 -0.0327957 0.017926 -0.00748061 0.130405 -7.95709e-06 2.61104e-05 -0.138423 -0.0097397 -0.0124793 -0.00467582 0.00344977 -0.000814497 0.111414 -0.000540558 -0.00784123 -0.0880825 -0.00591242 -0.00157763 -0.00413138 -0.0093342 -0.02212 -0.00352698 -0.00138021 -0.0963268 -0.00428008 -0.0741999 
-2.95048e-07 -0.0265684 -0.0002188 -0.000296204 -0.0841419 0.01193 -0.00483585 -0.117112 -0.0437123 -0.00274387 -0.0729253 0.232091 -0.00516789 0.0100702 -0.00069843 -0.102256 -0.0103563 0.0319299 -0.023498 -0.0013271 0.19953 0.16158 -0.136161 -8.11407e-06 0.000479564 -0.0114679 0.00567314 -4.70106e-05 0.169535 -0.0018702 0.146152 -0.0030932 -0.00121385 -0.002105 0.0624174 -0.00151014 0.00733752 -0.01576 -0.140548 -0.000752982 -0.00647753 -0.00815073 -0.0138912 -0.0851051 -0.0042928 -0.00554213 0.00780398 -0.0168371 -0.00793897 0.0208619 -0.000849586 -0.00547792 -0.0806853 1.06946e-05 -0.120701 -0.0987742 -0.0012362 -0.0591656 -0.0017537 -0.166843 0.162952 -0.00056038 -2.97343e-08 0.151308 -0.00285203 7.70913e-05 0.11997 -0.0467144 -0.00120299 -0.00039958 -0.00597315 -0.00342954 -8.44232e-07 -0.0488989 -0.0234616 -0.0266425 -0.0108369 -0.114842 1.41526e-05 -0.000257282 0.134812 -0.0138297 -0.0126596 -0.00598709 -0.00204939 -0.00114757 -0.174621 -0.00072057 -0.0112345 0.148526 -0.00124255 -0.00237491 -0.00583674 -0.00964626 -0.0302081 -0.00234231 0.000730395 0.158288 -0.00609885 0.116107 
1.67979e-07 0.000174037 -9.59113e-06 3.1059e-05 -0.00182266 0.00060091 -5.33085e-05 -0.00424983 -0.00311442 0.00188312 -0.00305004 -0.00516789 0.014638 -0.00491438 0.00169179 0.000571084 -0.000434866 -0.00222207 0.00133546 0.00186066 -0.00393426 -0.00433652 0.00291991 6.56933e-08 0.000123146 0.00514311 -0.00992089 -1.73541e-06 -0.0033316 0.00179082 -0.00728933 0.00517105 -4.86191e-05 5.77683e-05 -0.00147176 3.60674e-05 0.00429166 -0.000635925 -0.00553288 0.00172741 -1.57165e-05 -0.000363829 0.00371246 -0.00515447 0.00840365 -0.000134509 0.00430327 0.00270209 0.00360529 0.00152608 0.00115274 -0.000467604 -0.00320669 1.07259e-05 -0.000899381 -0.00418963 0.00215596 0.000211984 6.71232e-05 -0.00332983 -0.00566714 0.00153526 1.31838e-07 -0.00562249 -0.000132733 -2.7331e-06 -0.00447637 -0.00178561 -9.37312e-05 0.000256672 0.00877236 -3.51094e-05 -2.68941e-08 0.00045265 0.000978803 0.00729886 -0.000321348 -0.00452573 -4.59779e-07 -8.95767e-06 -0.00569103 0.00516763 -0.00066762 0.0014625 -3.64225e-05 1.50347e-05 -0.000705355 0.00163593 0.00510042 -0.00509135 0.00458739 7.67124e-05 -0.000181865 0.00164174 0.00961109 0.00176475 5.52134e-05 -0.0036746 -0.000234064 -0.00405276 
-8.27325e-07 0.00486332 8.65451e-06 -0.00563283 0.0387888 -0.0167009 -0.00959973 0.0271054 0.0252911 -0.0038603 0.0150577 0.0100702 -0.00491438 0.104624 -0.00134311 -0.022041 0.00274797 0.0133093 -0.0334529 -0.0067075 -0.0104168 0.0423572 -0.0123489 -1.65567e-06 -0.00458316 0.00384763 0.0725509 -0.000100566 0.0344508 -0.00589053 0.000775864 -0.0032111 0.000271504 0.000599836 -0.0231682 -0.00133399 -0.0386526 -0.0254826 0.0192855 -0.00257903 -0.00911224 -0.00792436 -0.0251928 0.0177968 -0.0014147 0.0005535 -0.0483747 -0.0377427 -0.00569026 -0.028437 -0.000444729 -0.0181032 -0.0125412 -3.35776e-05 0.0212895 0.00607843 -0.00192756 -0.0424919 -0.00197955 -0.0336096 0.0425107 -0.00132188 -6.54922e-07 0.0315467 0.000979514 -0.000146858 0.0344212 0.01295 0.000723328 -0.000128432 -0.00172411 -0.00022792 -9.7213e-07 -0.0203068 -0.0630937 -0.00522929 -0.018024 -0.0108662 -2.29198e-05 -0.000351885 0.00747552 0.00383798 0.00543666 -0.0151102 0.000272961 -0.00234054 0.0146598 -0.00132354 0.00200718 0.0383527 -0.00709073 -0.00495872 -0.0140027 -0.024657 -0.012654 -0.00912152 -0.000136886 0.0402442 -0.00909683 0.0318385 
7.76334e-08 -0.000155091 -1.50408e-06 6.55362e-05 -0.000517512 -7.4089e-05 0.0001188 -0.000900815 -0.00027896 -3.13235e-05 -0.000587874 -0.00069843 0.00169179 -0.00134311 0.00228504 -0.000976005 -5.42144e-05 -0.000274741 4.51802e-05 -2.50143e-05 -0.000766538 0.000191672 -0.00113415 -5.20429e-08 -1.58022e-05 0.00168635 -0.00143766 -2.96263e-07 0.00125889 -1.64989e-05 -0.000886269 0.000194901 -8.17582e-06 7.0515e-05 -0.000254408 0.000131287 -0.000105765 -1.91963e-05 -0.00101857 0.00153755 -4.09651e-05 -5.78881e-05 5.27018e-05 -0.00125963 2.04574e-05 -2.81963e-05 -7.13942e-05 -0.000377005 -4.75927e-05 0.00134464 9.8988e-06 -9.53662e-05 -0.000550426 -2.601e-07 -0.000780346 -0.000806566 -7.91573e-07 -0.000550945 -2.31829e-06 -0.00133583 -0.000464757 0.00153939 -3.31328e-09 -0.00018669 -2.06571e-05 -4.40796e-07 -0.000303551 -0.000327598 -1.22683e-05 2.06164e-05 0.000398138 -1.87491e-05 2.40501e-08 -0.000158353 -0.000195296 -0.000141351 0.000103263 -0.000841187 1.4158e-06 -1.54994e-06 0.000784313 -4.13415e-05 0.000167552 0.00137542 1.40114e-05 -7.20742e-06 -0.000585833 0.00183046 0.00170493 -0.000614757 2.80282e-05 0.00010413 7.69383e-05 3.77715e-06 0.00159617 -2.91279e-05 -1.15938e-05 0.00126582 -7.42656e-06 -0.000162381 
-2.33724e-07 -0.025258 0.000222774 -0.00217772 0.120469 -0.0482386 -0.00387374 0.189963 0.0435749 -0.00357618 0.137917 -0.102256 0.000571084 -0.022041 -0.000976005 0.245017 -0.0126579 -0.0724413 -0.0253152 -0.00434518 -0.116093 -0.16213 0.179656 4.74569e-06 -0.00287415 -0.0255213 -0.011049 5.9962e-06 -0.144915 -0.00409933 -0.160385 0.00428851 0.00169013 -0.00243975 -0.0120355 -0.00219404 0.0258037 -0.0179045 0.131205 -0.000575849 0.00936347 0.00729696 -0.0180081 0.124363 -0.0018253 -0.00558544 0.0294033 0.00803591 -0.0045731 0.0168864 -0.000508012 0.00470201 -0.0726766 -2.48367e-05 0.182876 0.19598 -0.00120328 0.136584 -0.000216653 0.164068 -0.14976 -0.000677868 4.18786e-07 -0.177026 -0.0038632 8.09342e-05 -0.133419 0.00848601 -0.00273008 -0.000469803 0.00427437 0.00340597 -1.74054e-06 -0.0513704 -0.0110135 0.0400684 -0.0123872 0.199163 -1.28707e-05 -1.02736e-05 -0.191728 -0.0129053 -0.0208367 -0.00242242 0.00270096 -0.00122897 0.138546 -0.000897436 -0.0121458 -0.146862 0.00161594 0.00266325 -0.00689913 -0.0157269 -0.016521 -0.00581722 -0.00252241 -0.160761 -0.00713831 -0.123804 
-3.14057e-08 -0.00224168 -1.99182e-05 -0.000195108 -0.0149319 -0.00329332 0.000603948 -0.0113268 0.0166066 -0.000435206 -0.00760574 -0.0103563 -0.000434866 0.00274797 -5.42144e-05 -0.0126579 0.0294689 -0.00137692 -0.00222091 -0.000331496 -0.0105583 0.0175469 -0.0151484 -6.90622e-07 -0.000209525 -0.00173269 0.00294034 -3.93149e-06 0.000414447 -0.000290143 0.0118932 -0.000248104 -7.55685e-05 -0.000174168 -0.00267671 0.00105364 -0.00143278 -0.0010976 -0.0122547 -8.31737e-05 -0.000446151 -0.00040855 -0.00138164 -0.0160151 -0.000535004 -0.000477164 -0.00175671 -0.00463589 -0.00077593 -0.00131798 3.00469e-05 -0.00105513 0.0122071 -3.41492e-06 -0.010251 -0.0100453 -0.000120808 -0.00700188 -0.000146629 -0.0166475 0.0170751 -4.82195e-05 -4.3968e-08 0.0165665 -0.000264587 -5.7328e-06 0.0189234 -0.00434423 0.00298606 -3.24576e-05 -0.000536778 -0.000313351 -7.98582e-08 -0.0036158 -0.00379213 -0.00273904 -0.000899342 -0.0109672 2.21622e-06 -4.58173e-06 0.0126022 -0.00114735 0.0210982 -0.000414425 -0.00017012 -9.31728e-05 -0.0153013 -4.73066e-05 -0.000808951 0.015964 -0.000721848 -0.000129125 -0.000488108 -0.00110174 -0.00267034 -0.000420085 -0.00018429 0.0173374 0.0001015 0.0195828 
-1.98457e-07 0.0344521 -8.85573e-05 -0.00124279 -0.0804348 -0.0203586 0.00576753 -0.054624 -0.051148 -0.00280333 -0.0455125 0.0319299 -0.00222207 0.0133093 -0.000274741 -0.0724413 -0.00137692 0.15517 -0.0127392 -0.00148326 0.0370491 0.0536287 -0.0471069 2.77586e-06 -0.00118568 -0.00834867 0.0178131 -2.48437e-05 0.0486691 -0.00183377 0.036446 -0.00158763 0.00080373 0.00243022 0.0271514 -0.000207247 -0.00728852 3.76895e-05 -0.0394414 -0.000473114 -0.00301599 -0.00270104 -0.00847549 -0.0885928 0.00560619 0.00733335 -0.0101238 0.0131099 0.0103748 -0.00559427 -8.36815e-05 -0.00565519 0.0300242 3.58889e-05 -0.0543588 -0.0607669 -0.00068492 -0.0450185 -0.000916842 -0.0525901 0.050824 -0.000262779 -6.78402e-08 0.0502892 0.00669093 3.13164e-05 0.0503337 0.0179743 -0.000242755 -0.000187889 -0.000693315 -0.00147493 -3.48465e-07 -0.0140752 -0.018141 -0.0140038 -0.00532984 -0.065779 -1.48284e-06 2.7712e-05 0.0719529 0.0190386 0.0127025 0.00303314 -0.000781342 -0.000457907 -0.0422373 -0.00021255 0.00225198 0.0346804 -0.00163335 0.000252873 -0.00308131 -0.00628671 0.0265884 -0.00265688 -0.00101634 0.0567313 0.00539767 0.0314363 
7.67712e-07 -0.00288013 8.57723e-06 0.00571672 -0.00954767 0.038468 0.00257044 -0.0300136 -0.0252642 0.00823601 -0.0194908 -0.023498 0.00133546 -0.0334529 4.51802e-05 -0.0253152 -0.00222091 -0.0127392 0.07057 0.00931199 -0.011799 -0.0268425 -0.0174783 1.20042e-06 0.00484076 0.0169789 -0.0407175 0.000103359 -0.0257216 0.0087805 0.0040069 0.00035681 -0.000272624 -0.000279269 -0.00813576 0.00151934 0.0044334 0.027321 -0.00861211 0.000568446 -0.00069329 0.00733465 0.0383872 0.00260108 -0.00130353 -0.000821653 0.00642306 0.00109958 0.00031994 -0.00258903 -0.000131162 0.0115147 0.0390402 -7.15743e-06 -0.0261225 -0.0268 0.00174784 -0.0118954 0.00230672 0.0208746 -0.0298421 -1.91721e-05 -1.03871e-07 -0.00150053 -0.000704355 -1.37124e-05 -0.0221564 -0.010472 -0.000486505 0.000349667 -0.00111156 0.00136016 1.98696e-06 0.0572069 0.0502945 -0.0029624 0.0264222 -0.0249692 2.20323e-05 4.92617e-05 -0.00575445 -2.2137e-05 -0.00354346 0.00442932 -0.000320706 0.00258218 0.0113278 2.98765e-05 0.00412811 -0.0244534 0.0011446 0.000327394 0.0147987 0.0321862 0.0104248 0.0123227 -0.000490455 -0.0266386 0.00506006 -0.0211856 
-1.1286e-08 -0.000831821 -4.53135e-06 0.00392797 0.00345791 0.00844236 -0.00013871 -0.00431405 -0.00362208 0.00675953 -0.00276751 -0.0013271 0.00186066 -0.0067075 -2.50143e-05 -0.00434518 -0.000331496 -0.00148326 0.00931199 0.0108026 0.00522516 -0.00341206 -0.0050606 -2.48182e-07 0.00382449 0.000217819 -0.00892741 9.75805e-05 -0.00319228 0.00787529 -0.00454559 -5.94318e-05 -3.89889e-05 -6.11847e-05 -0.00125646 -5.57228e-05 -0.000231713 -0.000124202 -0.00457348 0.000539708 -0.000166381 7.05766e-05 0.00900851 0.00293676 -0.000183108 -0.000106861 -0.000242163 -0.00149259 -0.000275959 -0.000455163 -3.6131e-06 0.000585424 -0.00158483 -1.16036e-06 -0.00373459 -0.00383865 0.0014268 -0.00249021 0.000361034 -0.00251016 -0.00375928 -1.73282e-05 -1.58004e-08 -0.00341176 -0.000100675 -2.10207e-06 -0.00271078 -0.00154568 -6.84495e-05 -1.17984e-05 -0.000171756 -0.000107513 1.72397e-07 0.00736838 0.00867177 -0.000968591 4.46234e-05 -0.00376002 2.2362e-05 -7.86822e-06 -0.00539454 -0.000387129 -0.000512767 6.41666e-05 -5.57338e-05 7.18942e-05 -0.00275787 -2.2825e-05 -0.000331432 -0.00277909 1.17327e-05 -5.48565e-05 0.000213976 0.00896393 -0.000919564 0.00875898 -7.17227e-05 -0.00338767 1.34179e-05 -0.00309574 
-1.0933e-07 -0.0284364 -0.00025831 0.002122 -0.108029 0.0160116 -0.00466969 -0.141512 -0.0384177 0.00249115 -0.0916776 0.19953 -0.00393426 -0.0104168 -0.000766538 -0.116093 -0.0105583 0.0370491 -0.011799 0.00522516 0.237828 0.171609 -0.150399 -7.36803e-06 0.00243167 -0.00763092 -0.0159217 6.81197e-05 0.178415 0.00428336 0.139072 -0.00255225 -0.00139075 -0.00224631 0.063356 -0.0017278 0.0199009 -0.0162297 -0.164701 0.000186934 -0.00567164 -0.00641119 -0.00537146 -0.105503 -0.00342447 -0.00485457 0.024157 -0.0215272 -0.00761589 0.0234129 -0.000798766 -0.00918599 -0.0766019 -5.5402e-07 -0.133201 -0.120246 3.14659e-05 -0.0485327 -0.00169493 -0.180215 0.171195 -0.000600708 2.56271e-07 0.162145 -0.00292035 3.48853e-05 0.131559 -0.0542017 -0.00113522 -0.000395532 -0.00686938 -0.00382427 -6.9948e-07 -0.0429841 -0.00200485 -0.0289299 -0.0106439 -0.110243 1.67755e-05 -0.000251044 0.153841 -0.014495 -0.0131138 -0.00478989 -0.00217847 -0.00113532 -0.204754 -0.000764616 -0.0118496 0.158384 0.00634595 0.00262145 -0.00616137 -0.00289263 -0.0202755 0.00350375 0.0026716 0.168649 -0.00619688 0.125695 
-3.10842e-07 -0.0287717 -0.000225774 -0.00245022 -0.119643 0.00720197 -0.00409136 -0.144056 0.00940247 -0.00517153 -0.0942263 0.16158 -0.00433652 0.0423572 0.000191672 -0.16213 0.0175469 0.0536287 -0.0268425 -0.00341206 0.171609 0.235948 -0.190932 -5.78471e-06 -0.00143247 -0.00218465 0.0383344 -4.93444e-05 0.204621 -0.00363359 0.158404 -0.00315136 -0.00136063 -0.002197 0.0270163 0.00114293 -0.0184114 -0.0162381 -0.165877 -0.000735423 -0.00671327 -0.00955528 -0.0171878 -0.118886 -0.00266941 -0.00538198 -0.0225414 -0.0630541 -0.00960534 -0.0104731 6.08564e-05 -0.0161102 -0.039488 -4.22011e-05 -0.130307 -0.134247 -0.00150839 -0.092813 -0.00185628 -0.220588 0.220335 -0.000142399 -4.58512e-07 0.21614 -0.00258975 -6.48837e-05 0.189057 -0.0530858 0.00368502 -0.000417544 -0.00599343 -0.00380055 -7.02851e-07 -0.0503866 -0.0520011 -0.0335907 -0.0107912 -0.139802 -9.59031e-06 -0.000246896 0.162603 -0.0142354 0.0299686 -0.00643252 -0.00212616 -0.00121559 -0.20314 0.00011814 -0.00787764 0.204009 -0.00203449 -0.00250343 -0.00607424 -0.0132813 -0.030921 -0.00502376 0.00353289 0.223899 -0.00421698 0.174208 
-3.11821e-07 0.0260488 9.77094e-06 -0.00269467 0.113349 -0.0456387 -0.00647823 0.148122 0.00784011 -0.00647716 0.0934552 -0.136161 0.00291991 -0.0123489 -0.00113415 0.179656 -0.0151484 -0.0471069 -0.0174783 -0.0050606 -0.150399 -0.190932 0.249975 8.29833e-06 -0.003336 -0.0105565 -0.0109467 3.16314e-06 -0.172416 -0.00481984 -0.166432 0.00371096 -0.00101 0.00275408 -0.0257712 -0.00246786 0.0237478 -0.0201263 0.15644 -0.000807467 0.00460543 0.00673846 -0.0152104 0.0921786 0.00447852 0.00589494 0.0270986 0.0636287 0.00593178 0.0107783 0.000103578 0.00787557 0.00633224 8.7369e-06 0.144039 0.144485 0.000207459 0.114628 -0.000233052 0.19634 -0.20316 -0.000800265 3.96118e-07 -0.207473 0.00307693 7.93084e-05 -0.156214 0.0696012 -0.00297593 0.000201997 0.00819726 0.00283442 3.5645e-07 0.00375489 0.0182454 0.0409294 -0.0101314 0.159339 -1.5586e-05 -0.000167993 -0.15038 0.01675 -0.0244968 -0.00360821 -0.00108548 -0.000629113 0.174817 -0.00103676 0.00892705 -0.170905 0.00165689 0.00224679 -0.0080534 -0.0189008 0.0298898 -0.00667947 -0.00301506 -0.189128 -0.0082502 -0.145644 
-2.34808e-11 1.87738e-06 -1.51213e-08 -1.47043e-07 -1.13908e-05 -2.45679e-06 -3.11045e-07 -8.04131e-06 -5.87646e-06 -3.44481e-07 -5.76998e-06 -8.11407e-06 6.56933e-08 -1.65567e-06 -5.20429e-08 4.74569e-06 -6.90622e-07 2.77586e-06 1.20042e-06 -2.48182e-07 -7.36803e-06 -5.78471e-06 8.29833e-06 2.27228e-05 -1.56982e-07 -7.28176e-07 -1.10584e-06 -2.93941e-09 -6.16815e-06 -2.16975e-07 2.39983e-06 -6.95497e-08 -8.11174e-08 -1.3118e-07 -2.69062e-06 4.6721e-08 2.34639e-06 8.21434e-07 6.19382e-06 -6.99662e-08 -4.13882e-07 1.32665e-05 -8.72599e-07 -4.63699e-06 6.68478e-07 -3.5949e-07 1.72863e-06 1.41624e-05 -6.19864e-07 -9.79632e-07 -5.53415e-08 1.24628e-05 1.34698e-05 3.60753e-07 -5.39118e-06 -7.97385e-06 -9.21875e-08 -4.64118e-06 2.21253e-06 5.48055e-06 -7.09941e-06 -3.60517e-08 1.033e-07 -6.42805e-06 4.54883e-06 -4.37341e-09 -4.27367e-06 7.64283e-06 3.81967e-08 -2.48728e-08 1.63548e-06 1.82889e-06 2.99908e-07 -1.1126e-06 3.52283e-07 6.35255e-07 2.0081e-07 -8.09949e-06 -7.03136e-10 -1.637e-08 -5.01758e-06 1.20892e-06 2.17202e-07 4.59946e-07 -1.27842e-07 -7.24353e-08 4.50202e-06 -4.78626e-08 1.50841e-06 -5.70682e-06 -9.97485e-08 -1.52329e-07 -3.651e-07 -6.94618e-07 3.91375e-06 -3.14925e-07 -1.49325e-07 -5.72571e-06 -3.78674e-07 -4.73028e-06 
9.61946e-08 -0.000431334 -3.76722e-06 0.00257322 0.00122187 0.00469459 -8.19082e-05 -0.00239044 -0.00226748 0.00144491 -0.0017532 0.000479564 0.000123146 -0.00458316 -1.58022e-05 -0.00287415 -0.000209525 -0.00118568 0.00484076 0.00382449 0.00243167 -0.00143247 -0.003336 -1.56982e-07 0.00686068 -0.000337087 -0.00471523 4.98864e-05 -0.00216447 0.00271973 -0.00202568 -4.92077e-05 -2.46615e-05 -3.98817e-05 0.000553949 -3.50961e-05 -0.000292737 0.00122063 -0.00244691 0.000237105 -4.37295e-05 0.000172219 0.00482178 0.000631236 -0.000125336 -6.2333e-05 -0.000365395 -0.00107426 -0.000164259 -0.000155634 4.48246e-07 0.00202994 5.76537e-05 3.6521e-06 -0.00236332 -0.00243112 2.60829e-05 -0.00162822 0.000226155 -0.00047773 -0.00140522 -1.09605e-05 -9.99417e-09 -0.00180248 -5.92702e-05 -1.32962e-06 -0.00206435 -0.000988188 0.000255065 -6.59523e-06 -0.000122024 -2.67156e-06 1.88665e-07 0.00384049 0.00441577 -0.000584613 0.00132637 -0.00251233 2.18229e-05 -4.97686e-06 -0.00252505 -0.000260588 -0.000329782 8.33842e-05 -1.53637e-05 0.00121815 -0.00212482 -1.45513e-05 -0.000215251 -0.00136855 -0.000113986 -4.62515e-05 0.00143805 0.0049017 -0.000609974 0.00374403 -4.41849e-05 -0.00219834 8.44911e-05 -0.00155593 
1.61154e-08 0.00225039 -3.79309e-05 -0.000399092 0.00019268 0.00725235 6.72465e-05 -0.0241944 -0.00372726 0.00253889 -0.0157288 -0.0114679 0.00514311 0.00384763 0.00168635 -0.0255213 -0.00173269 -0.00834867 0.0169789 0.000217819 -0.00763092 -0.00218465 -0.0105565 -7.28176e-07 -0.000337087 0.0580016 -0.0108841 -7.99732e-06 -2.05157e-05 0.0010424 0.00616703 0.000372846 -0.000202088 -1.96243e-05 -0.00667487 0.000114331 -0.00222659 0.00317347 -0.00602314 0.00141453 -0.00106104 0.00120962 0.00989136 -0.0129165 0.00328763 0.00401802 -0.00194014 -0.00976157 0.00265427 -0.000871973 0.000706228 -0.00187322 0.016883 -5.07446e-06 -0.0175333 -0.0216637 0.00133897 -0.0150519 -0.000286316 -0.0033119 -0.00546735 0.00148318 2.17228e-07 0.00821065 -0.000202482 -9.21881e-06 -0.00385011 -0.00688799 -0.000364513 0.000865858 0.00393533 -0.00046254 6.36074e-07 0.0211364 0.00702994 0.00228655 0.00443639 -0.0222155 -1.91303e-06 6.28506e-06 0.0188553 0.00733921 -0.00277483 0.00108429 -0.00029956 0.000145681 0.00574406 0.00169555 0.0201296 -0.0061576 0.00257261 0.000533872 -0.000868224 0.000865876 0.0181981 8.28542e-05 0.000739005 -0.000250155 -0.000362403 -0.00345015 
-8.43249e-07 0.0039718 1.05199e-05 -0.00579365 0.0379711 -0.0198328 -0.00131039 0.0400832 0.0274675 -0.00681423 0.0255199 0.00567314 -0.00992089 0.0725509 -0.00143766 -0.011049 0.00294034 0.0178131 -0.0407175 -0.00892741 -0.0159217 0.0383344 -0.0109467 -1.10584e-06 -0.00471523 -0.0108841 0.0926353 -0.00011597 0.0304276 -0.00852641 0.00446038 -0.00592982 0.000358973 0.000286078 -0.0205027 -0.00123988 -0.0421703 -0.0180267 0.0342705 -0.00269721 -0.000383925 -0.00747002 -0.0354209 0.0237269 -0.00678731 -0.00184498 -0.0527472 -0.0347352 -0.00750191 -0.0288988 -0.00102001 -0.0167022 -0.0106003 -1.57477e-05 0.0327439 0.0198765 -0.00352748 -0.0266588 -0.00137196 -0.0202635 0.0418985 -0.00139311 -7.93881e-07 0.0238416 0.000648331 -0.000152224 0.0313212 0.0123691 0.000658979 -0.00083653 -0.00732513 0.000528489 -1.88793e-06 -0.028311 -0.0708051 -0.00608117 -0.0207927 0.00296628 -2.14933e-05 -7.7243e-05 0.00130103 -0.00654293 0.00498956 -0.00915095 0.000411657 -0.00257494 0.0234001 -0.00139906 -0.00401773 0.0345696 -0.0133497 -0.00559274 -0.0140607 -0.0258252 -0.0225629 -0.00929386 0.000500921 0.0352738 -0.00171016 0.0295106 
-1.33669e-10 -8.91226e-06 2.17253e-07 9.2396e-06 -6.10222e-05 4.45053e-05 -1.00735e-06 -5.14521e-05 -3.24481e-05 7.48231e-06 -2.91608e-05 -4.70106e-05 -1.73541e-06 -0.000100566 -2.96263e-07 5.9962e-06 -3.93149e-06 -2.48437e-05 0.000103359 9.75805e-05 6.81197e-05 -4.93444e-05 3.16314e-06 -2.93941e-09 4.98864e-05 -7.99732e-06 -0.00011597 0.00012934 -4.50945e-05 5.51715e-05 -6.80804e-05 1.83839e-06 -4.61775e-07 1.96567e-07 -1.53169e-05 -6.63837e-07 6.22595e-05 -4.52066e-06 -5.71625e-05 7.83715e-08 1.36057e-06 -2.66016e-06 8.27161e-05 3.07209e-05 -2.38061e-06 -2.8646e-07 6.40314e-05 -1.14173e-05 3.82798e-06 -5.65263e-06 6.19496e-06 -4.80453e-06 -2.80947e-05 -1.46906e-08 -4.41511e-05 -4.52013e-05 4.71854e-06 1.30715e-05 4.01459e-05 4.54171e-05 -5.24375e-05 -2.05231e-07 -1.87136e-10 -5.00029e-05 -1.07212e-06 -2.48964e-08 -3.94522e-05 -1.81431e-05 -8.26217e-07 -2.15929e-08 -2.27281e-06 -1.33459e-06 -5.24326e-10 6.33776e-05 0.000110724 1.12863e-05 -1.2846e-07 8.02853e-06 -4.00273e-09 5.00144e-07 -6.67308e-05 1.71485e-07 -6.27787e-06 2.13386e-07 -7.27766e-07 -2.82351e-07 -6.95228e-05 -2.72467e-07 -1.57416e-06 -3.74512e-05 6.01215e-05 3.99617e-06 1.73083e-05 5.36793e-05 5.91544e-06 3.55139e-05 -8.5006e-07 -4.77182e-05 3.36766e-06 -3.58433e-05 
-2.76893e-07 -0.0263619 -0.000231591 -0.00225533 -0.109778 0.00891572 -0.00437733 -0.134127 -0.00190242 -0.0043588 -0.0868693 0.169535 -0.0033316 0.0344508 0.00125889 -0.144915 0.000414447 0.0486691 -0.0257216 -0.00319228 0.178415 0.204621 -0.172416 -6.16815e-06 -0.00216447 -2.05157e-05 0.0304276 -4.50945e-05 0.22708 -0.00332668 0.146042 -0.00300115 -0.00124445 -0.00195193 0.0263878 0.00122906 -0.0144104 -0.0149986 -0.154363 0.00044741 -0.00627824 -0.00875025 -0.0158102 -0.110411 -0.00268454 -0.00475025 -0.0171071 -0.0544003 -0.00810831 -0.00485111 -0.000705985 -0.0131596 -0.0616322 -2.41e-05 -0.119265 -0.12191 -0.00139856 -0.081347 -0.00168198 -0.202203 0.198978 0.000959526 -5.04316e-07 0.19521 -0.00220042 -4.35438e-05 0.1685 -0.0495496 -0.00074525 -0.000381528 -0.00580328 -0.00359338 -8.96348e-07 -0.0484096 -0.0472597 -0.0300119 -0.0103025 -0.126927 -8.29369e-06 -0.000245855 0.149348 -0.0128187 0.00958718 -0.0046119 -0.00191653 -0.00110949 -0.186898 0.00118867 -0.00672689 0.184816 0.000277907 -0.00221126 -0.00558851 -0.0120921 -0.0281838 -0.00457553 0.00361441 0.207254 -0.00513395 0.151571 
-9.86685e-09 -0.000742937 3.19921e-06 0.00306227 0.00375722 0.00836971 -0.000129818 -0.00380362 -0.00321182 0.00696823 -0.00245542 -0.0018702 0.00179082 -0.00589053 -1.64989e-05 -0.00409933 -0.000290143 -0.00183377 0.0087805 0.00787529 0.00428336 -0.00363359 -0.00481984 -2.16975e-07 0.00271973 0.0010424 -0.00852641 5.51715e-05 -0.00332668 0.00945739 -0.00384456 -7.55767e-05 -3.40863e-05 -5.47031e-05 -0.00113038 -4.40716e-05 -0.00046003 0.000122907 -0.00424228 0.000518166 -0.000173917 -0.000240173 0.00897953 0.00370388 -0.000175437 -0.000108084 -0.000132997 -0.00159299 -0.000257986 -0.000417073 -5.58374e-07 0.000377562 -0.00193772 -1.0844e-06 -0.00326692 -0.00336609 0.00141525 -0.00231715 0.000171208 -0.00265829 -0.00391048 -1.33826e-05 -1.38136e-08 -0.00247254 -8.85819e-05 -1.83775e-06 -0.00296226 -0.00136729 -6.09878e-05 -1.04518e-05 -0.000169644 -5.84103e-05 1.77963e-07 0.00717963 0.00820705 -0.000856837 -3.69068e-06 -0.00349893 4.50454e-06 -6.87885e-06 -0.00528822 -0.00035955 -0.000463406 -0.000157779 -5.37206e-05 -2.9278e-05 -0.00153557 -2.0019e-05 -0.000294942 -0.00306522 -0.000190167 -6.40101e-05 -3.25651e-05 0.00906982 -0.000844963 0.00764382 -6.25678e-05 -0.00356984 -0.000124273 -0.00273746 
-5.10117e-07 -0.0205398 -0.000360195 -0.00239783 -0.10615 0.0314966 0.00321712 -0.16446 -0.0439917 -0.0012344 -0.112115 0.146152 -0.00728933 0.000775864 -0.000886269 -0.160385 0.0118932 0.036446 0.0040069 -0.00454559 0.139072 0.158404 -0.166432 2.39983e-06 -0.00202568 0.00616703 0.00446038 -6.80804e-05 0.146042 -0.00384456 0.244478 -0.00486085 -3.30484e-05 -0.00125505 0.0425499 0.00133579 -0.00455998 0.0129511 -0.122356 -0.00168044 -0.0072649 0.0072919 -0.00499289 -0.098937 -0.0061948 -0.00533447 -0.000688685 0.011823 -0.00577037 0.00783943 -0.000449519 0.0115326 0.0324395 7.84786e-06 -0.172791 -0.154387 -0.00143573 -0.100596 -0.000527053 -0.156489 0.15748 -0.000890197 -2.40831e-07 0.169943 -0.00410176 -7.22064e-05 0.129795 -0.0369786 0.00143086 -0.000605166 -0.00817815 -0.00554991 -1.74119e-06 0.0147809 0.00309078 -0.03719 -0.000660485 -0.180526 -1.34976e-05 7.6142e-05 0.174636 -0.0175205 0.0188746 0.00459406 -0.00294363 -0.000970849 -0.160863 -0.000916288 -0.00871057 0.142082 -0.00504083 -0.003723 0.00188616 -0.000756998 -0.0328667 -0.00702596 0.00234697 0.154794 0.00628298 0.120959 
1.74107e-07 -0.000698667 -5.56143e-06 9.81809e-05 -0.00299214 -0.000883521 -0.000122022 -0.00140577 -0.00235688 -0.000123439 -0.000252473 -0.0030932 0.00517105 -0.0032111 0.000194901 0.00428851 -0.000248104 -0.00158763 0.00035681 -5.94318e-05 -0.00255225 -0.00315136 0.00371096 -6.95497e-08 -4.92077e-05 0.000372846 -0.00592982 1.83839e-06 -0.00300115 -7.55767e-05 -0.00486085 0.00884868 0.000144018 2.26033e-06 -0.000930311 -8.67239e-06 0.00578268 -0.000334346 -0.0019184 0.000233296 -0.000134055 0.000353598 0.000121574 -0.00276493 0.00530818 -0.000112813 0.00569754 0.0039504 0.00417414 -0.000268287 0.000580212 -1.79641e-05 -0.00195465 1.55603e-06 -0.000498353 -0.00257241 0.000224675 0.00179584 -2.52116e-05 0.000258913 -0.00363606 0.000101068 4.16915e-10 -0.00354575 -8.11454e-05 -6.8839e-07 -0.0027604 -0.000953028 -5.70268e-05 -8.29297e-06 0.00550324 -7.76154e-05 6.71436e-08 -0.000616844 0.000533304 0.00613644 -9.20297e-05 -0.000775159 -2.36274e-07 -5.59875e-06 -0.00460017 0.00292625 -0.000430335 -4.21205e-05 -4.15682e-05 -2.56045e-05 -0.00239747 0.000174554 0.000694102 -0.00305607 0.00475079 -2.44927e-05 -5.52809e-05 -0.000233551 0.00527823 -0.000113103 -5.75758e-05 -0.00320053 -0.000148754 -0.00253379 
-3.68878e-09 0.000300484 1.16545e-05 -2.31001e-05 -0.000300717 -0.000412296 -4.64445e-05 0.00210831 -0.000879238 0.000250313 0.00240024 -0.00121385 -4.86191e-05 0.000271504 -8.17582e-06 0.00169013 -7.55685e-05 0.00080373 -0.000272624 -3.89889e-05 -0.00139075 -0.00136063 -0.00101 -8.11174e-08 -2.46615e-05 -0.000202088 0.000358973 -4.61775e-07 -0.00124445 -3.40863e-05 -3.30484e-05 0.000144018 0.00355704 -2.04881e-05 -0.000419031 -1.78629e-05 -0.000170439 -6.55471e-05 0.0018222 -1.09915e-05 8.89634e-05 0.00105972 -0.000162743 0.00143171 -6.28165e-05 -5.64017e-05 -0.000210585 -0.000535268 -9.71092e-05 -0.000155993 -8.04403e-06 -0.00011698 -0.00039496 -4.05408e-07 0.00230417 0.00199358 -1.44824e-05 -0.000782349 -1.74076e-05 0.000624186 0.000273527 -5.66364e-06 -5.16429e-09 -0.00147327 -3.06575e-05 -6.63719e-07 -0.00110916 -0.000360627 -2.27206e-05 -3.90746e-06 -5.36727e-05 7.19601e-05 -1.44695e-08 -0.000495737 -0.000490487 -0.000196966 -0.000105652 -0.00031667 -1.10461e-07 -1.99503e-06 -0.00201327 -0.000135267 -0.000172584 -5.95755e-05 6.62496e-05 -8.59609e-06 0.00163612 -7.51911e-06 -0.000105598 -0.00122257 -8.68879e-05 -2.34739e-05 -5.73564e-05 -2.55988e-05 -0.000286109 -4.08673e-05 -1.57528e-06 -0.00133727 -4.68089e-05 -0.00103008 
-5.96536e-09 0.0033154 -3.42161e-06 -3.62233e-05 -0.0011595 -0.000622276 -6.72586e-05 -0.00219236 -0.00191391 -8.52996e-05 -0.00147099 -0.002105 5.77683e-05 0.000599836 7.0515e-05 -0.00243975 -0.000174168 0.00243022 -0.000279269 -6.11847e-05 -0.00224631 -0.002197 0.00275408 -1.3118e-07 -3.98817e-05 -1.96243e-05 0.000286078 1.96567e-07 -0.00195193 -5.47031e-05 -0.00125505 2.26033e-06 -2.04881e-05 0.0057396 -0.000679151 -2.60857e-05 -0.000271223 -0.000232821 0.00129075 5.82649e-05 -0.000105148 -0.000120632 -0.000117545 -0.00146424 0.000155941 0.000458544 -0.000272441 0.00382298 -4.80882e-05 -0.000192992 1.43366e-06 0.000150077 0.00406823 -6.55612e-07 -0.00189588 -0.00203325 -1.87872e-05 -0.00140323 -2.3461e-05 0.00210548 -0.00237371 6.42276e-05 -8.3515e-09 -0.00233578 0.000345089 5.80892e-06 -0.0016644 0.00452144 -2.6729e-05 4.63843e-05 1.77968e-05 -4.03766e-05 1.46993e-06 0.00251464 -0.000468895 -0.000308754 -3.01964e-05 -0.0020835 -1.78634e-07 -3.72885e-06 0.00189531 0.0021603 -0.000279265 -5.71288e-05 -3.23354e-05 -1.66657e-05 0.00258797 7.73704e-05 0.000501546 -0.00179203 3.02047e-05 -3.69296e-05 -8.8178e-05 -0.000216548 0.00298942 -7.57509e-05 -3.64731e-05 -0.0020967 -9.60933e-05 -0.00166494 
