1e-08 -1.08333e-14 -5.62482e-09 -1.15067e-13 -1.18723e-12 -5.66997e-12 -4.90333e-14 -4.45667e-14 -1.4337e-09 -1.25696e-11 -7.28667e-14 -3.78033e-13 -1.58419e-10 -4.26583e-12 -5e-16 -5.37797e-12 -7.88615e-11 -2.14388e-11 -2.243e-13 -4.10202e-09 -1.49804e-10 4.91354e-10 -1.05967e-13 -3.33033e-13 -1.31965e-10 1.57873e-09 -4e-16 -5.35286e-11 -1.90579e-09 9.32113e-11 -2.52162e-09 -4.19267e-12 -6.63333e-14 -1.98483e-10 -6.76607e-09 1.0048e-12 8.00998e-09 2.69794e-11 -4.955e-13 -5.12543e-12 -2.86467e-13 -1.14054e-09 -9.76667e-15 4.28667e-13 -2.776e-13 -2.02533e-13 -8.14333e-14 4.08868e-11 -9.61146e-10 -8.98867e-13 -2.29757e-12 -5.04231e-11 -1.19441e-10 0 -1.33667e-14 -6.45917e-11 -2.21303e-10 -1.81728e-11 0 1.4705e-12 -5.17087e-12 -2.06657e-12 -9.64667e-14 -1.51e-14 -4.91943e-09 -2.5e-15 -3.27649e-11 3.885e-13 7.82451e-09 0 -2.99676e-09 -2.25734e-11 -1.36418e-11 -4.15233e-13 7.79127e-09 -1.5e-15 -4.2e-15 -1.8333e-11 -5.2814e-10 -8.33333e-16 -3.27667e-14 -4.41267e-13 -1.12567e-13 -1.01911e-11 -3.49113e-12 -9.4235e-11 1.09913e-12 -1.843e-13 0 0 9.13907e-11 -4.38333e-13 -1.31262e-09 -9.51e-14 -2.34e-14 -3.345e-13 -1.62e-14 -1.86667e-15 -2.24567e-10 -1.07333e-14 
-1.08333e-14 1.08333e-06 -3.32689e-07 -1.24656e-11 -1.28617e-10 -6.14246e-10 -5.31194e-12 -4.82806e-12 -1.55317e-07 -1.36171e-09 -7.89389e-12 -4.09536e-11 -1.7162e-08 -4.62132e-10 -5.41667e-14 -5.82613e-10 -8.54333e-09 -2.32254e-09 -2.42992e-11 -5.10525e-08 3.77124e-09 5.323e-08 -1.14797e-11 -3.60786e-11 -1.42962e-08 1.54362e-07 -4.33333e-14 -5.79893e-09 -2.0646e-07 1.00979e-08 -8.98424e-08 -4.54206e-10 -7.18611e-12 -2.15023e-08 3.47009e-07 1.08853e-10 -5.55853e-08 2.92277e-09 -5.36792e-11 -5.55255e-10 -3.10339e-11 -1.23558e-07 -1.05806e-12 4.64389e-11 -3.00733e-11 -2.19411e-11 -8.82194e-12 -2.45571e-07 -1.04124e-07 -9.73772e-11 -2.48903e-10 -5.4625e-09 -1.29394e-08 0 -1.44806e-12 -6.99743e-09 -1.73078e-08 -1.96872e-09 0 1.59304e-10 -5.60177e-10 -2.23878e-10 -1.04506e-11 -1.63583e-12 3.07062e-07 -2.70833e-13 -3.54953e-09 4.20875e-11 -2.35678e-07 0 1.45351e-07 -2.44546e-09 -1.47786e-09 -4.49836e-11 -2.39279e-07 -1.625e-13 -4.55e-13 -1.98607e-09 -5.72152e-08 -9.02778e-14 -3.54972e-12 -4.78039e-11 -1.21947e-11 -1.10403e-09 -3.78206e-10 7.64579e-08 1.19073e-10 -1.99658e-11 0 0 9.90066e-09 -4.74861e-11 -1.422e-07 -1.03025e-11 -2.535e-12 -3.62375e-11 -1.755e-12 -2.02222e-13 -2.4328e-08 -1.16278e-12 
-5.62482e-09 -3.32689e-07 0.246096 -6.24229e-06 -6.29231e-05 5.76579e-05 1.44196e-06 -2.24346e-06 0.0459761 0.000528334 2.89805e-06 -1.4077e-05 -0.00515485 0.000159965 2.18759e-08 0.000153866 -0.0037897 0.000220258 8.7353e-07 -0.0210128 -0.00549596 -0.00570828 4.01957e-06 -1.85959e-05 0.004272 -0.0604348 -2.24993e-08 -0.0029883 0.0604759 -0.00319049 -0.093362 9.55134e-05 1.90887e-06 -0.00863259 0.0486694 1.26015e-05 -0.106095 -0.0010073 -9.76765e-06 -2.5683e-05 9.80343e-06 -0.0234834 -5.22691e-07 -1.38649e-05 4.3055e-06 -1.13621e-05 2.55619e-06 0.00149601 0.0397213 3.0287e-05 8.66602e-06 0.0014335 0.00161696 0 5.01482e-07 0.000878092 0.00537242 -0.000779742 0 6.23663e-05 0.000146891 -0.000112104 -6.26076e-07 -7.69348e-07 0.046861 1.0938e-07 0.000447815 1.87124e-05 -0.0832232 0 -0.0454176 0.000411985 0.000141097 -1.28961e-05 -0.0746954 -8.43723e-08 -1.69576e-07 -0.000604025 -0.00343815 -2.02068e-08 -8.56399e-07 -2.40938e-05 4.75499e-06 -0.000361806 -0.000182687 -0.00230485 5.95643e-05 -5.31321e-06 0 0 0.00389506 1.49112e-05 0.0471588 -3.31254e-06 -8.59541e-07 -1.53617e-05 -6.81221e-07 8.167e-08 -0.00482094 1.42936e-07 
-1.15067e-13 -1.24656e-11 -6.24229e-06 1.15065e-05 -1.36611e-09 1.01424e-08 -5.6421e-11 -5.12814e-11 -6.73043e-07 -1.44635e-08 -8.38452e-11 -4.3499e-10 5.65438e-06 1.88425e-07 -5.75333e-13 -6.18825e-09 4.54926e-06 3.31998e-07 -2.58095e-10 -4.61339e-06 -1.69041e-07 -1.35795e-06 -1.21932e-10 -3.8321e-10 2.81485e-07 1.46326e-06 -4.60267e-13 -6.15935e-08 -1.80959e-06 1.07255e-07 -9.98213e-07 -4.82436e-09 -7.63276e-11 -2.28388e-07 -1.72157e-07 1.15619e-09 -8.79848e-07 -1.89557e-08 -5.70155e-10 -5.89767e-09 -3.29628e-10 1.57762e-06 -1.12382e-11 4.93252e-10 -3.19425e-10 -2.33048e-10 -9.37026e-11 -9.22953e-07 -1.10596e-06 -1.0343e-09 -2.64373e-09 4.45313e-07 -1.37436e-07 0 -1.53806e-11 2.85677e-07 -2.04646e-07 -2.09109e-08 0 1.69206e-09 -5.94994e-09 -2.37793e-09 -1.11001e-10 -1.73751e-11 -3.81062e-06 -2.87667e-12 -3.77014e-08 4.47034e-10 -7.0993e-07 0 1.11172e-06 -2.59745e-08 -1.56972e-08 -4.77795e-10 -5.74849e-07 -1.726e-12 -4.8328e-12 -2.10952e-08 -5.37713e-07 -9.58889e-13 -3.77035e-11 -5.07751e-10 -1.29527e-10 -1.17265e-08 -4.01713e-09 -1.08433e-07 1.26474e-09 -2.12068e-10 0 0 -2.2484e-07 -5.04376e-10 -1.51039e-06 -1.09428e-10 -2.69256e-11 -3.84898e-10 -1.86408e-11 -2.14791e-12 -2.58401e-07 -1.23505e-11 
-1.18723e-12 -1.28617e-10 -6.29231e-05 -1.36611e-09 0.000118709 -6.73157e-08 -5.8214e-10 -5.2911e-10 -1.6698e-05 -1.49231e-07 -8.65097e-10 -4.48814e-09 6.29202e-07 -5.06454e-08 -5.93617e-12 2.81765e-09 3.1004e-06 -3.4529e-08 -2.66296e-09 -8.20725e-06 -1.40519e-06 4.72352e-06 2.87419e-08 -3.95388e-09 -1.5534e-06 1.14032e-05 -4.74893e-12 1.89782e-06 -2.25361e-05 4.63303e-07 -2.45409e-05 -4.97767e-08 -7.87531e-10 7.73546e-07 3.3311e-05 -3.31404e-07 -6.79283e-06 -1.58636e-06 -5.88274e-09 -6.08509e-08 -3.40103e-09 4.45058e-05 -1.15953e-10 5.08927e-09 -3.29576e-09 -2.40454e-09 -9.66804e-10 -3.41791e-06 -1.13477e-05 -1.06716e-08 -2.72775e-08 -5.2864e-07 -1.35804e-06 0 -1.58694e-10 -7.66854e-07 2.37595e-06 4.27579e-07 0 1.74583e-08 -6.13903e-08 -2.4535e-08 -1.14528e-09 -1.79272e-10 -4.33851e-05 -2.96808e-11 -3.88995e-07 4.6124e-09 -5.1248e-06 0 1.36614e-05 1.05334e-07 2.6804e-07 -4.92979e-09 -7.30615e-06 -1.78085e-11 -4.98638e-11 1.79011e-07 -5.13692e-06 -9.89361e-12 -3.89017e-10 -5.23886e-09 -1.33643e-09 -1.20992e-07 -4.14479e-08 -1.11879e-06 1.30493e-08 -2.18807e-09 0 0 4.28354e-07 -5.20404e-09 -1.51339e-05 -1.12906e-09 -2.77813e-10 -3.9713e-09 -1.92332e-10 -2.21617e-11 5.31054e-06 -1.2743e-10 
-5.66997e-12 -6.14246e-10 5.76579e-05 1.01424e-08 -6.73157e-08 0.000566675 -2.78017e-09 -2.52692e-09 -7.32603e-05 -7.12694e-07 -4.13152e-09 5.2323e-09 1.71944e-05 5.81287e-08 -2.83498e-11 -3.04929e-07 -5.51423e-07 -1.00891e-06 -1.27177e-08 -0.000164877 -7.64383e-06 1.2163e-05 -6.00827e-09 -1.88829e-08 5.02843e-05 -4.84867e-05 -2.26799e-11 -2.87172e-06 -8.39909e-05 3.24505e-06 -0.000140512 -2.37723e-07 -3.76108e-09 7.54943e-06 7.75995e-05 5.69718e-08 -0.000105427 -2.30436e-05 -2.80947e-08 7.7939e-07 -1.62426e-08 -6.00449e-05 -5.53767e-10 -4.42361e-07 -1.57398e-08 8.63518e-06 -4.61724e-09 -2.48397e-07 -5.21133e-05 -2.42988e-08 -1.20271e-07 -2.42897e-06 8.08244e-05 0 -7.57886e-10 -3.48566e-06 1.12122e-05 -1.03039e-06 0 8.33769e-08 7.71015e-06 -2.0507e-08 4.45304e-08 -8.56165e-10 0.00015756 -1.41749e-10 -6.34424e-07 2.20278e-08 -0.00010029 0 -4.09388e-05 3.05009e-06 -5.96819e-07 1.24979e-06 -5.34144e-05 -8.50495e-11 -2.38139e-10 1.64639e-05 -1.83787e-05 -4.72497e-11 -1.85786e-09 3.83137e-08 -6.38249e-09 -2.41163e-07 -1.94613e-07 3.68691e-06 6.23205e-08 -1.04497e-08 0 0 -1.76682e-05 3.11813e-07 -6.61151e-05 -5.39214e-09 -1.32677e-09 -1.8966e-08 -9.18535e-10 -1.05839e-10 -1.26428e-05 -6.08576e-10 
-4.90333e-14 -5.31194e-12 1.44196e-06 -5.6421e-11 -5.8214e-10 -2.78017e-09 4.90331e-06 -2.18525e-11 4.53676e-07 3.83669e-09 -3.5729e-11 -1.85362e-10 -7.76779e-08 -2.09168e-09 -2.45167e-13 6.67363e-07 -3.86684e-08 -1.05122e-08 -1.09982e-10 -1.72136e-06 -7.34539e-08 -1.09907e-06 -5.1959e-11 -1.63297e-10 -6.47069e-08 -8.32564e-07 -1.96133e-13 -2.62468e-08 4.21954e-08 -9.97629e-07 -6.76435e-07 -2.0558e-09 -3.25254e-11 1.16011e-07 -2.4943e-06 4.92687e-10 -7.69106e-07 1.32289e-08 -2.4296e-10 -2.51317e-09 -1.40464e-10 -5.59245e-07 -4.78892e-12 2.1019e-10 -1.36117e-10 -9.93088e-11 -3.99295e-11 2.00482e-08 2.06872e-06 -4.40744e-10 -1.12657e-09 -2.47241e-08 -5.85658e-08 0 -6.55412e-12 2.18329e-07 -1.08512e-07 -8.91075e-09 0 7.21035e-10 -2.53545e-09 -1.01331e-09 5.3286e-08 -7.40403e-12 -1.90883e-06 -1.22583e-12 -1.60657e-08 1.90494e-10 8.23285e-07 0 -1.34941e-06 -1.10685e-08 -6.68903e-09 -2.03603e-10 3.66985e-07 -7.355e-13 -2.0594e-12 -8.98928e-09 -2.58965e-07 -4.08611e-13 -1.60666e-11 -2.16368e-10 -5.51952e-11 -4.99702e-09 -1.71182e-09 4.13793e-07 5.38942e-10 -9.03684e-11 0 0 3.48119e-08 -2.14929e-10 1.69305e-06 -4.66307e-11 -1.14738e-11 -1.64017e-10 -7.9434e-12 -9.15289e-13 -1.10112e-07 -5.26291e-12 
-4.45667e-14 -4.82806e-12 -2.24346e-06 -5.12814e-11 -5.2911e-10 -2.52692e-09 -2.18525e-11 4.45665e-06 -5.18952e-07 -5.60187e-09 -3.24742e-11 -1.68477e-10 -7.06019e-08 -1.90114e-09 -2.22833e-13 -2.39678e-09 -3.5146e-08 -9.55457e-09 -9.9963e-11 -1.70147e-06 -6.67626e-08 -2.52435e-06 -4.72258e-11 -1.48422e-10 -5.88124e-08 3.60253e-07 -1.78267e-13 1.10281e-06 -3.26013e-07 4.15412e-08 3.1662e-06 -1.86853e-09 -2.95626e-11 -8.84572e-08 -5.12078e-07 4.47806e-10 2.70978e-06 1.20238e-08 -2.20828e-10 -2.28423e-09 -1.27669e-10 -5.08301e-07 -4.35268e-12 1.91042e-10 -1.23717e-10 -9.02624e-11 -3.62921e-11 -1.01778e-07 -4.28351e-07 -4.00595e-10 -1.02395e-09 -2.24719e-08 -5.32308e-08 0 -5.95708e-12 -2.87864e-08 -9.86274e-08 -8.09903e-09 0 6.55353e-10 -2.30448e-09 -9.21e-10 -4.2992e-11 -6.72957e-12 -1.89576e-06 -1.11417e-12 -1.46022e-08 1.73141e-10 1.98046e-06 0 -1.33556e-06 -1.00602e-08 -6.0797e-09 -1.85056e-10 -2.44359e-07 -6.685e-13 -1.8718e-12 -8.17041e-09 -2.35374e-07 -3.71389e-13 -1.4603e-11 -1.96658e-10 -5.01672e-11 -4.54182e-09 -1.55588e-09 -4.19974e-08 4.89847e-10 -8.21364e-11 0 0 4.07298e-08 -1.95351e-10 -5.44991e-07 -4.23829e-11 -1.04286e-11 -1.49076e-10 -7.2198e-12 -8.31911e-13 -1.00082e-07 -4.78349e-12 
-1.4337e-09 -1.55317e-07 0.0459761 -6.73043e-07 -1.6698e-05 -7.32603e-05 4.53676e-07 -5.18952e-07 0.122815 4.80626e-05 4.28645e-07 -5.41986e-06 -0.00110809 0.000128507 -7.1685e-09 4.64295e-05 -0.000810914 -0.000251882 -2.86912e-06 -0.0571817 -0.0021446 -0.00310082 -1.48924e-06 2.18197e-06 -0.000652719 -0.0141883 -5.7348e-09 0.000390078 0.0760061 -0.0039268 -0.0187377 -5.47369e-05 -7.8102e-07 -0.00230758 -0.0426494 1.37791e-05 -0.0216799 0.000334157 -2.87312e-07 1.328e-05 -5.20403e-07 -0.0159073 -1.40025e-07 4.57912e-06 -3.97995e-06 -2.90372e-06 2.32916e-06 -0.000827796 0.0572807 -1.2677e-05 -3.17869e-05 0.000369058 -3.87727e-06 0 -1.48304e-07 -0.000817827 -0.00312385 -0.00020586 0 2.10825e-05 0.000388515 -2.8225e-05 -1.12637e-06 -2.16489e-07 -0.0703677 -3.58425e-08 -0.000397606 -5.71341e-06 -0.0112246 0 -0.0422231 -0.000200365 -0.000187182 -5.33986e-06 -0.0152327 -2.15055e-08 -6.02154e-08 8.90333e-05 -0.00754792 -1.19475e-08 -1.56442e-07 -2.64644e-06 -1.1772e-06 -0.000145753 0.000170711 -0.000934926 -5.74317e-05 -1.53231e-06 0 0 0.000330321 -5.60438e-06 0.037146 -1.36345e-06 -3.35486e-07 -3.13906e-06 6.31074e-07 1.39904e-07 -0.00316555 -1.53884e-07 
-1.25696e-11 -1.36171e-09 0.000528334 -1.44635e-08 -1.49231e-07 -7.12694e-07 3.83669e-09 -5.60187e-09 4.80626e-05 0.00125538 1.20417e-06 1.05816e-07 -1.55993e-05 7.20467e-07 -6.28482e-11 -6.62657e-07 -8.95594e-06 1.32586e-05 -2.81937e-08 -0.000512426 -1.87631e-05 -1.89858e-06 -1.33196e-08 -4.18611e-08 2.8958e-06 -0.000824566 -5.02785e-11 -3.75834e-06 -0.000135431 -0.000233124 -0.000186492 -5.27003e-07 9.41662e-07 -1.84952e-05 -0.000712217 -8.55703e-06 -0.000234911 2.71122e-06 3.67717e-07 -5.64248e-07 6.37326e-07 -0.000132472 -1.22763e-09 -3.11612e-06 -3.48933e-08 -2.54577e-08 -1.02359e-08 -6.57734e-06 0.000545724 3.72702e-06 -2.88796e-07 -6.18467e-06 6.2934e-06 0 -1.68014e-09 4.56773e-06 -2.77537e-05 2.33891e-05 0 1.84836e-07 -6.49959e-07 -1.1976e-07 -1.21255e-08 -1.89801e-09 -0.000343677 -3.14241e-10 -2.42509e-06 -1.51117e-06 0.000629099 0 -0.000369762 -2.17398e-07 -1.71472e-06 -5.21933e-08 -8.04663e-05 -1.88545e-10 -5.27925e-10 -2.22439e-06 -6.44386e-05 -1.04747e-10 -4.11865e-09 2.87868e-07 1.92517e-07 8.72354e-07 -4.38823e-07 -1.03317e-05 1.38157e-07 1.67499e-10 0 0 5.04081e-06 4.82364e-08 0.000924812 -1.19537e-08 -2.94129e-09 -4.20454e-08 -2.03628e-09 -2.34633e-10 -2.65139e-05 -1.34914e-09 
-7.28667e-14 -7.89389e-12 2.89805e-06 -8.38452e-11 -8.65097e-10 -4.13152e-09 -3.5729e-11 -3.24742e-11 4.28645e-07 1.20417e-06 7.28661e-06 -2.7546e-10 -9.2101e-08 -3.10837e-09 -3.64333e-13 -3.91875e-09 -5.74638e-08 -1.56218e-08 -1.6344e-10 -2.74901e-06 -1.09157e-07 -1.88197e-06 -7.72144e-11 -2.4267e-10 -9.61586e-08 -3.9563e-06 -2.91467e-13 -3.56711e-08 -6.22017e-07 -6.09208e-06 -1.83742e-06 -3.05506e-09 -4.83349e-11 2.52039e-07 -4.90688e-06 7.32164e-10 -1.34673e-06 1.9659e-08 -3.61054e-10 -3.73473e-09 -2.08739e-10 -8.0774e-07 -7.11664e-12 3.12355e-10 -2.02278e-10 -1.47579e-10 -5.93378e-11 2.97929e-08 1.76964e-06 -6.54974e-10 -1.67416e-09 -3.67416e-08 2.90297e-06 0 -9.73984e-12 4.62934e-07 -1.61256e-07 5.67581e-08 0 1.0715e-09 -3.76784e-09 -1.50584e-09 -7.0292e-11 -1.10029e-11 3.42044e-07 -1.82167e-12 -2.38747e-08 2.83087e-10 5.44479e-06 0 -2.14364e-06 -1.64485e-08 -9.94032e-09 -3.02567e-10 -1.4661e-06 -1.093e-12 -3.0604e-12 -1.33586e-08 -3.84838e-07 -6.07222e-13 -2.3876e-11 -3.21536e-10 -8.20236e-11 -7.42589e-09 -2.54387e-09 -6.86659e-08 8.00902e-10 -1.34293e-10 0 0 6.65934e-08 -3.19399e-10 5.96687e-06 -6.92962e-11 -1.70508e-11 -2.43739e-10 -1.18044e-11 -1.36018e-12 -1.63634e-07 -7.82102e-12 
-3.78033e-13 -4.09536e-11 -1.4077e-05 -4.3499e-10 -4.48814e-09 5.2323e-09 -1.85362e-10 -1.68477e-10 -5.41986e-06 1.05816e-07 -2.7546e-10 3.78019e-05 -5.55542e-07 -1.61263e-08 -1.89017e-12 5.63362e-08 -2.98123e-07 -8.10459e-08 -8.47929e-10 -1.15437e-05 4.45369e-06 -8.95851e-07 -4.00589e-10 -1.25898e-09 1.46211e-05 -1.10522e-06 -1.51213e-12 -1.23558e-08 -6.82785e-06 -3.29096e-06 -2.96924e-06 -1.58497e-08 -2.50762e-10 -6.56998e-07 -1.88613e-05 3.79848e-09 -5.4696e-06 -5.48009e-07 -1.87316e-09 -1.93758e-08 -1.08294e-09 -3.79162e-06 -3.69213e-11 1.6205e-09 -1.04942e-09 -7.65644e-10 -3.07845e-10 -2.6721e-06 -2.61345e-06 -3.39802e-09 -8.68557e-09 -1.90616e-07 8.80847e-06 0 -5.05305e-11 2.82489e-07 -4.96599e-07 2.55463e-06 0 -2.57774e-07 6.67119e-07 -7.81231e-09 -3.64676e-10 -5.7083e-11 -5.44374e-06 -9.45083e-12 3.28045e-08 -2.0252e-06 6.95592e-06 0 -1.32098e-07 -8.53351e-08 1.78429e-07 -1.56972e-09 7.90692e-06 -5.6705e-12 -1.58774e-11 -6.93049e-08 3.54679e-06 -3.15028e-12 -1.23869e-10 2.62833e-06 -4.2554e-10 1.78141e-07 -1.31976e-08 -3.5624e-07 -2.62584e-06 -6.96715e-10 0 0 -4.88451e-06 -1.65705e-09 7.21453e-06 -3.5951e-10 -8.84598e-11 -1.26452e-09 -6.12414e-11 -7.05662e-12 3.5773e-07 -4.05756e-11 
-1.58419e-10 -1.7162e-08 -0.00515485 5.65438e-06 6.29202e-07 1.71944e-05 -7.76779e-08 -7.06019e-08 -0.00110809 -1.55993e-05 -9.2101e-08 -5.55542e-07 0.0155909 9.59546e-06 -7.92093e-10 -8.41636e-06 0.00363977 -1.56931e-05 8.46672e-08 -0.00584886 -0.000212327 0.000496646 -1.41204e-07 -1.94253e-07 -0.000137644 -0.00120425 -6.33674e-10 -8.04992e-05 0.00339735 0.000147361 -0.00391389 -6.1953e-06 -1.05084e-07 -0.000285237 0.00437746 -5.10488e-06 -0.00282815 -0.000160053 -4.04964e-07 -7.5863e-06 -4.53816e-07 0.0091289 -1.54722e-08 1.25754e-07 -4.3977e-07 -3.2085e-07 5.40994e-07 -4.57843e-05 -0.00151448 -1.42397e-06 -3.00644e-06 -7.87029e-05 -0.000188466 0 -2.11753e-08 -8.46385e-05 -0.000346078 -2.72958e-05 0 2.24955e-06 -6.87828e-06 -3.25383e-06 -1.52821e-07 -2.39212e-08 -0.0061276 -3.96046e-09 -1.84723e-05 6.15456e-07 -0.0034364 0 0.00232584 0.000131886 1.79122e-05 4.35527e-07 -0.00342161 -2.37628e-09 -6.65358e-09 1.57105e-05 -0.000671672 -1.32015e-09 -5.19085e-08 -6.99048e-07 -2.16598e-08 -1.54542e-07 -5.38727e-06 -0.000145062 1.3679e-06 -1.58632e-07 0 0 -0.000642583 -5.74401e-07 -0.00118728 -1.50656e-07 -3.70699e-08 2.36757e-07 1.9767e-07 -2.95715e-09 -0.000355755 5.79663e-07 
-4.26583e-12 -4.62132e-10 0.000159965 1.88425e-07 -5.06454e-08 5.81287e-08 -2.09168e-09 -1.90114e-09 0.000128507 7.20467e-07 -3.10837e-09 -1.61263e-08 9.59546e-06 0.000426401 -2.13292e-11 4.05849e-08 3.44259e-05 -8.44545e-07 -9.56826e-09 -0.000171549 -5.84705e-06 1.52035e-06 -4.52036e-09 -1.42066e-08 -4.64274e-06 -0.000296291 -1.70633e-11 -2.27677e-06 0.000298312 -2.45271e-05 -0.000103312 -1.78852e-07 -2.82967e-09 -6.01028e-06 -4.33226e-05 4.28631e-08 -6.38575e-05 -4.68891e-05 -2.11372e-08 6.46909e-08 -1.22202e-08 -4.65569e-05 -4.1663e-10 1.82862e-08 -1.1842e-08 -8.63973e-09 -3.47381e-09 1.0075e-06 0.000137216 -3.83442e-08 2.45323e-07 -1.6343e-06 -4.97181e-06 0 -5.702e-10 -2.75537e-06 -6.53042e-06 -7.75223e-07 0 6.27291e-08 -2.20581e-07 -8.81563e-08 -4.11511e-09 -6.44141e-10 -0.000105048 -1.06646e-10 -2.44361e-07 1.65728e-08 -9.06428e-05 0 -9.83669e-05 5.89372e-06 1.28064e-07 -1.77132e-08 -9.40475e-05 -6.39875e-11 -1.79165e-10 -7.82055e-07 -1.39196e-05 -3.55486e-11 -1.39777e-09 -1.88237e-08 -4.80191e-09 -4.34734e-07 -1.48926e-07 1.48301e-05 4.68872e-08 -7.86193e-09 0 0 -1.73143e-06 -1.86986e-08 2.86125e-05 -4.05681e-09 -9.98205e-10 -1.42692e-08 -6.91065e-10 -7.96289e-11 -9.1763e-06 -4.57866e-10 
-5e-16 -5.41667e-14 2.18759e-08 -5.75333e-13 -5.93617e-12 -2.83498e-11 -2.45167e-13 -2.22833e-13 -7.1685e-09 -6.28482e-11 -3.64333e-13 -1.89017e-12 -7.92093e-10 -2.13292e-11 5e-08 -2.68898e-11 -3.94308e-10 -1.07194e-10 -1.1215e-12 -2.05101e-08 -7.4902e-10 2.45677e-09 -5.29833e-13 -1.66517e-12 -6.59825e-10 -4.21064e-08 -2e-15 -2.67643e-10 -9.52894e-09 -4.95339e-08 3.73919e-08 -2.09633e-11 -3.31667e-13 -9.92414e-10 -3.38303e-08 5.024e-12 -9.95009e-09 1.34897e-10 -2.4775e-12 -2.56272e-11 -1.43233e-12 -5.7027e-09 -4.88333e-14 2.14333e-12 -1.388e-12 -1.01267e-12 -4.07167e-13 2.04434e-10 -4.80573e-09 -4.49433e-12 -1.14878e-11 -2.52116e-10 -5.97204e-10 0 -6.68333e-14 -3.22958e-10 -1.10652e-09 -9.08642e-11 0 7.3525e-12 -2.58543e-11 -1.03328e-11 -4.82333e-13 -7.55e-14 2.54029e-08 -1.25e-14 -1.63824e-10 1.9425e-12 3.91226e-08 0 -1.49838e-08 -1.12867e-10 -6.8209e-11 -2.07617e-12 -1.10437e-08 -7.5e-15 -2.1e-14 -9.1665e-11 -2.6407e-09 -4.16667e-15 -1.63833e-13 -2.20633e-12 -5.62833e-13 -5.09553e-11 -1.74557e-11 -4.71175e-10 5.49567e-12 -9.215e-13 0 0 4.56953e-10 -2.19167e-12 4.34369e-08 -4.755e-13 -1.17e-13 -1.6725e-12 -8.1e-14 -9.33333e-15 -1.12283e-09 -5.36667e-14 
-5.37797e-12 -5.82613e-10 0.000153866 -6.18825e-09 2.81765e-09 -3.04929e-07 6.67363e-07 -2.39678e-09 4.64295e-05 -6.62657e-07 -3.91875e-09 5.63362e-08 -8.41636e-06 4.05849e-08 -2.68898e-11 0.000537507 -3.79781e-06 -1.11631e-06 -1.20628e-08 -0.000193415 -5.01974e-06 1.24249e-05 -5.69885e-09 -1.79104e-08 1.6473e-05 -0.00018619 -2.15119e-11 -2.45875e-06 -8.9526e-05 2.12874e-07 -8.91386e-05 -2.2548e-07 -3.56738e-09 -4.041e-06 -0.000289127 5.40378e-08 -7.05025e-05 -1.64857e-05 -2.66478e-08 -1.85644e-07 -1.54061e-08 -4.41845e-05 -5.25248e-10 2.30536e-08 -1.49292e-08 -1.08922e-08 -4.37946e-09 -1.64453e-07 0.000307817 6.49926e-08 -1.23562e-07 -1.7384e-06 -4.70348e-06 0 -7.18855e-10 3.19295e-06 -6.67161e-06 -9.77329e-07 0 7.9083e-08 -2.78087e-07 -1.11139e-07 -5.18795e-09 -8.12073e-10 -0.000255512 -1.34449e-10 2.20458e-06 2.08934e-08 -7.71238e-05 0 -0.000153275 1.10601e-06 -7.33651e-07 8.76689e-08 0.000361522 -8.06695e-11 -2.25875e-10 -9.49276e-07 -2.82932e-05 -4.48164e-11 -1.76218e-09 -2.37312e-08 -6.0538e-09 -5.01406e-07 3.08915e-07 0.000166705 -4.37556e-07 -9.91159e-09 0 0 2.61829e-06 -2.35734e-08 -6.47923e-05 -5.11445e-09 -1.25844e-09 -1.79893e-08 -8.71231e-10 -1.00389e-10 -1.20771e-05 -5.77235e-10 
-7.88615e-11 -8.54333e-09 -0.0037897 4.54926e-06 3.1004e-06 -5.51423e-07 -3.86684e-08 -3.5146e-08 -0.000810914 -8.95594e-06 -5.74638e-08 -2.98123e-07 0.00363977 3.44259e-05 -3.94308e-10 -3.79781e-06 0.00782396 -5.24366e-06 -1.76886e-07 -0.00291727 -0.000103791 0.000243316 5.64331e-08 -2.62635e-07 0.000250157 0.000476732 -3.15446e-10 -4.19401e-05 0.00012265 7.19779e-05 -0.00194328 -2.39307e-06 -5.23115e-08 0.00026774 0.00154405 -2.07427e-06 -0.000776036 -8.63436e-05 -3.90759e-07 -2.65866e-06 -2.25912e-07 0.00364965 -7.70214e-09 3.38053e-07 -2.1892e-07 -6.63876e-08 7.24471e-08 -7.77935e-06 -0.000735371 -5.9886e-07 -1.5919e-06 -3.42344e-05 -8.72561e-05 0 6.12551e-09 -4.96446e-05 -0.00016581 -1.20247e-05 0 5.92992e-07 -3.15116e-06 1.23361e-06 1.70592e-07 -1.19081e-08 -0.00378645 -1.97154e-09 -2.39222e-05 3.06377e-07 -0.00162884 0 0.00260126 2.99116e-05 1.02085e-05 -1.97459e-07 -0.0016941 -1.18292e-09 -3.31218e-09 8.41898e-06 -0.000385613 -6.57179e-10 -2.58403e-08 -3.41323e-07 -8.87718e-08 -2.3635e-06 -2.68316e-06 -6.16718e-05 8.66793e-07 -1.45342e-07 0 0 -0.000452288 -3.12343e-07 -0.000975559 -7.49973e-08 -1.84536e-08 -2.63792e-07 2.10558e-07 -1.47208e-09 -0.000176797 3.14869e-07 
-2.14388e-11 -2.32254e-09 0.000220258 3.31998e-07 -3.4529e-08 -1.00891e-06 -1.05122e-08 -9.55457e-09 -0.000251882 1.32586e-05 -1.56218e-08 -8.10459e-08 -1.56931e-05 -8.44545e-07 -1.07194e-10 -1.11631e-06 -5.24366e-06 0.00213929 -4.80873e-08 -0.000739856 -3.19662e-05 -0.000184916 -6.05135e-09 -7.13985e-08 -1.86251e-05 0.000185367 -8.57553e-11 -1.10226e-05 -0.000353125 -3.53166e-05 -0.000314673 -8.75525e-07 7.52446e-07 -4.16391e-05 0.00030707 -2.15846e-05 -0.000425617 2.69408e-06 -1.06229e-07 -1.09883e-06 -6.14151e-08 0.00156253 -2.09386e-09 9.19011e-08 -5.95142e-08 -4.34208e-08 -1.74584e-08 -4.50434e-06 -0.000155542 5.08396e-06 -4.25715e-08 -1.07201e-05 -1.89667e-05 0 -2.86566e-09 2.65756e-05 -4.17048e-05 -2.66938e-06 0 1.85914e-08 -9.88573e-07 -3.36381e-07 -2.06813e-08 -3.23726e-09 -0.00103586 -5.35971e-10 -3.80441e-06 -6.20043e-07 -0.00019443 0 -1.26978e-05 -4.30281e-06 1.48687e-05 -8.90212e-08 -0.000244937 -3.21583e-10 -9.00431e-10 -8.13715e-07 -0.00011033 -1.78657e-10 1.52975e-07 -9.46024e-08 -2.4133e-08 -1.07485e-06 -6.25125e-07 -1.69729e-05 2.35641e-07 -3.95118e-08 0 0 1.40631e-05 -9.39736e-08 -0.000125407 -2.03883e-08 -5.01669e-09 -7.17129e-08 -3.47309e-09 -4.00192e-10 -4.81444e-05 -2.3011e-09 
-2.243e-13 -2.42992e-11 8.7353e-07 -2.58095e-10 -2.66296e-09 -1.27177e-08 -1.09982e-10 -9.9963e-11 -2.86912e-06 -2.81937e-08 -1.6344e-10 -8.47929e-10 8.46672e-08 -9.56826e-09 -1.1215e-12 -1.20628e-08 -1.76886e-07 -4.80873e-08 2.24295e-05 2.93916e-06 6.00656e-07 9.38774e-07 -2.37683e-10 -7.46994e-10 -2.12664e-07 -1.18522e-05 -8.972e-13 -1.20065e-07 -4.07468e-06 2.09073e-07 -5.15933e-06 -9.40415e-09 -1.48786e-10 -1.85302e-08 3.92704e-06 2.25377e-09 -4.14361e-06 -4.61518e-08 -1.11141e-09 -1.14963e-08 -6.42545e-10 -2.55823e-06 -2.19066e-11 9.61499e-10 -6.22657e-10 -4.54282e-10 -1.82655e-10 -3.44957e-07 -2.15585e-06 -2.01616e-09 -5.15344e-09 -1.13099e-07 -2.67906e-07 0 -2.99814e-11 -1.44879e-07 -4.49716e-07 -4.07617e-08 0 3.29833e-09 -1.15983e-08 -4.63531e-09 -2.16375e-10 -3.38693e-11 8.12239e-06 -5.6075e-12 -7.34916e-08 8.71405e-10 -4.50629e-06 0 -2.77507e-06 -5.06322e-08 -3.05986e-08 -9.31368e-10 -4.19085e-06 -3.3645e-12 -9.4206e-12 -4.11209e-08 -1.18462e-06 -1.86917e-12 -7.34956e-11 -9.89761e-10 -2.52487e-10 -2.28586e-08 -7.83061e-09 -1.78036e-07 2.46536e-09 -4.13385e-10 0 0 2.04989e-07 -9.83182e-10 8.01913e-06 -2.13309e-10 -5.24862e-11 -7.50284e-10 -3.63366e-11 -4.18693e-12 -3.80369e-07 -2.40749e-11 
-4.10202e-09 -5.10525e-08 -0.0210128 -4.61339e-06 -8.20725e-06 -0.000164877 -1.72136e-06 -1.70147e-06 -0.0571817 -0.000512426 -2.74901e-06 -1.15437e-05 -0.00584886 -0.000171549 -2.05101e-08 -0.000193415 -0.00291727 -0.000739856 2.93916e-06 0.241936 0.00760593 0.00570134 -4.29678e-06 4.21556e-06 -0.00466165 -0.0126243 -1.64081e-08 -0.00198795 -0.0713405 0.00343177 -0.0983925 -0.000105774 2.05232e-06 0.00621222 0.110921 -2.01595e-05 -0.0776512 0.000359873 -1.49055e-05 -1.30998e-05 -1.09576e-05 -0.00251222 1.39369e-07 -7.74266e-06 1.61061e-05 -6.36463e-06 -3.24041e-06 -0.000876579 -0.0368122 -3.30451e-05 7.37166e-05 -0.0019306 -0.00483222 0 -5.48304e-07 -0.00225622 0.00646252 -0.000737034 0 -8.54098e-05 -0.00020774 0.000107246 4.15292e-06 -5.92739e-07 0.12445 -1.02551e-07 -0.000877862 9.27969e-06 -0.0855963 0 0.112138 -0.000706394 -0.0002842 4.49037e-06 -0.0869008 -6.15303e-08 1.64382e-07 -0.000675021 0.00473352 4.91498e-08 -1.6743e-07 2.02925e-05 -3.95418e-06 -0.000348253 -0.00013824 -0.00380282 3.41334e-05 -2.59336e-06 0 0 -0.00305367 -2.27201e-07 -0.0474905 5.01564e-06 -8.1654e-07 -1.33113e-05 -6.21194e-07 -7.65711e-08 0.0115623 -4.20284e-07 
-1.49804e-10 3.77124e-09 -0.00549596 -1.69041e-07 -1.40519e-06 -7.64383e-06 -7.34539e-08 -6.67626e-08 -0.0021446 -1.87631e-05 -1.09157e-07 4.45369e-06 -0.000212327 -5.84705e-06 -7.4902e-10 -5.01974e-06 -0.000103791 -3.19662e-05 6.00656e-07 0.00760593 0.014756 0.000515371 -1.58742e-07 -2.4223e-07 0.000175301 -0.00238027 -5.99216e-10 -5.13546e-05 -0.00284859 0.000132034 -0.0032733 -5.87411e-06 6.13963e-07 -0.000153772 0.0037447 -4.63477e-06 -0.00296735 2.49196e-05 -4.82279e-07 -6.00144e-06 -4.29138e-07 -0.00162733 1.78702e-07 6.4216e-07 -4.02522e-07 -3.03403e-07 -1.2199e-07 -0.0005541 -0.00139316 -1.0732e-06 -3.07185e-06 -7.26358e-05 -0.00017537 0 -2.00238e-08 -9.45475e-05 -0.000188781 -2.71303e-05 0 -7.20713e-06 -7.74616e-06 -2.7858e-06 4.92156e-07 -2.26204e-08 0.00528607 -3.7451e-09 -3.53197e-05 -6.02468e-06 -0.0032362 0 0.000457973 7.93743e-06 -2.0016e-05 -4.05369e-07 -0.00316775 -2.24706e-09 -6.29177e-09 -2.71269e-05 0.00412912 -1.24837e-09 -4.90858e-08 3.11523e-05 -1.68629e-07 -1.36466e-05 -5.22986e-06 -0.000103788 -9.81012e-06 1.50058e-06 0 0 -0.00490811 1.66926e-08 -0.00189343 8.69761e-10 -3.50541e-08 -5.01094e-07 -2.42682e-08 -2.79634e-09 0.000428677 -1.6079e-08 
4.91354e-10 5.323e-08 -0.00570828 -1.35795e-06 4.72352e-06 1.2163e-05 -1.09907e-06 -2.52435e-06 -0.00310082 -1.89858e-06 -1.88197e-06 -8.95851e-07 0.000496646 1.52035e-06 2.45677e-09 1.24249e-05 0.000243316 -0.000184916 9.38774e-07 0.00570134 0.000515371 0.0467211 -1.29933e-06 1.42637e-06 0.000581386 -0.00567788 -3.80346e-08 -0.00175268 -0.000155852 8.74422e-05 -0.00860474 -3.16249e-06 -3.5874e-06 0.00031324 0.00623433 2.30329e-05 -0.00716348 0.000446775 2.38799e-06 2.38074e-05 1.0409e-06 -0.0122337 4.79889e-08 -4.02938e-07 -1.53127e-05 -9.61511e-07 -2.75987e-06 0.000488354 -0.00258629 -2.30834e-05 -6.83748e-06 -9.81731e-06 0.000433387 0 5.67768e-09 -0.00266044 0.000873162 3.22763e-05 0 -6.96203e-06 -1.39794e-05 4.7475e-06 -8.13267e-06 -8.05806e-07 0.00826571 5.61719e-09 5.84582e-05 3.03344e-05 -0.00909892 0 0.000120733 -0.000901941 5.54896e-05 -1.04307e-06 -0.0088592 4.03698e-09 2.06369e-08 -0.000250343 0.00223761 -1.59054e-08 1.44334e-07 1.51818e-06 -1.00232e-07 -0.000513802 -0.000196946 -0.000710976 5.3776e-05 -1.1511e-06 0 0 -0.000430589 1.56044e-06 -0.00118315 -8.79389e-07 -1.23836e-06 7.0358e-07 7.95994e-08 9.17195e-09 -0.00199625 -1.87261e-07 
-1.05967e-13 -1.14797e-11 4.01957e-06 -1.21932e-10 2.87419e-08 -6.00827e-09 -5.1959e-11 -4.72258e-11 -1.48924e-06 -1.33196e-08 -7.72144e-11 -4.00589e-10 -1.41204e-07 -4.52036e-09 -5.29833e-13 -5.69885e-09 5.64331e-08 -6.05135e-09 -2.37683e-10 -4.29678e-06 -1.58742e-07 -1.29933e-06 1.05966e-05 -3.52904e-10 -1.39839e-07 2.92925e-07 -4.23867e-13 -5.67224e-08 -1.97283e-06 9.87729e-08 -2.53208e-06 -4.44283e-09 -7.02912e-11 -6.03256e-08 1.88022e-06 1.06475e-09 -2.10876e-06 2.85892e-08 -5.25065e-10 -5.43125e-09 -3.03559e-10 4.80746e-08 -1.03494e-11 4.54244e-10 -2.94163e-10 -2.14618e-10 -8.62922e-11 4.33264e-08 -1.01849e-06 -9.52499e-10 -2.43465e-09 -3.00983e-08 -2.65674e-08 0 -1.41642e-11 2.18221e-07 1.09549e-06 -1.92571e-08 0 1.55824e-09 -5.4794e-09 -2.18987e-09 -1.02223e-10 -1.6001e-11 4.81038e-06 -2.64917e-12 -3.47198e-08 4.1168e-10 -2.30529e-06 0 -2.6589e-06 -2.39203e-08 -1.44558e-08 -4.40009e-10 -2.04719e-06 -1.5895e-12 -4.4506e-12 9.05731e-08 -5.59653e-07 -8.83056e-13 -3.47217e-11 -4.67596e-10 -1.19283e-10 -1.07991e-08 -3.69944e-09 -9.98577e-08 1.16471e-09 -1.95297e-10 0 0 7.0177e-08 -4.64487e-10 2.57273e-08 -1.00774e-10 -2.47962e-11 -3.54459e-10 -1.71666e-11 -1.97804e-12 -2.37966e-07 -1.13738e-11 
-3.33033e-13 -3.60786e-11 -1.85959e-05 -3.8321e-10 -3.95388e-09 -1.88829e-08 -1.63297e-10 -1.48422e-10 2.18197e-06 -4.18611e-08 -2.4267e-10 -1.25898e-09 -1.94253e-07 -1.42066e-08 -1.66517e-12 -1.79104e-08 -2.62635e-07 -7.13985e-08 -7.46994e-10 4.21556e-06 -2.4223e-07 1.42637e-06 -3.52904e-10 3.33022e-05 -4.39488e-07 4.30102e-06 -1.33213e-12 7.98399e-07 2.95976e-06 3.10425e-07 2.42159e-07 -1.3963e-08 -2.20912e-10 -6.61014e-07 1.05667e-05 3.34632e-09 -5.57409e-06 -1.68162e-08 -1.65018e-09 8.09626e-06 -9.54029e-10 -3.49171e-06 -3.25263e-11 1.4276e-09 -9.24501e-10 -6.74504e-10 -2.712e-10 -1.88305e-05 -3.20094e-06 -2.99353e-09 1.07902e-06 -1.47926e-07 -3.97777e-07 0 -4.45155e-11 -2.15112e-07 -7.37013e-07 -6.05216e-08 0 -7.6251e-06 3.99446e-07 -6.88236e-09 -3.21266e-10 -5.0288e-11 6.24667e-06 -8.32583e-12 8.58088e-06 1.29383e-09 -6.72844e-06 0 2.85978e-06 -7.51771e-08 -4.54317e-08 -1.38287e-09 -7.26248e-06 -4.9955e-12 -1.39874e-11 -6.1055e-08 1.64711e-05 -2.77528e-12 -1.09124e-10 -1.46957e-09 -3.74885e-10 -3.39396e-08 -1.16266e-08 -2.43834e-07 3.66048e-09 -6.1378e-10 0 0 -2.7109e-05 -1.4598e-09 -9.74795e-07 -3.16715e-10 -7.79298e-11 -1.114e-09 -5.39514e-11 -6.21662e-12 -6.01215e-07 -3.57456e-11 
-1.31965e-10 -1.42962e-08 0.004272 2.81485e-07 -1.5534e-06 5.02843e-05 -6.47069e-08 -5.88124e-08 -0.000652719 2.8958e-06 -9.61586e-08 1.46211e-05 -0.000137644 -4.64274e-06 -6.59825e-10 1.6473e-05 0.000250157 -1.86251e-05 -2.12664e-07 -0.00466165 0.000175301 0.000581386 -1.39839e-07 -4.39488e-07 0.0130224 -0.000212224 -5.2786e-10 -7.0639e-05 -0.00229615 -0.000192007 -0.00318884 1.45048e-06 -8.75368e-08 0.000519885 -0.00766099 1.32599e-06 -0.00261872 -0.000378833 -2.30554e-07 -6.76378e-06 5.9353e-06 -0.00130233 -1.28886e-08 -1.48098e-06 -3.66335e-07 1.10606e-06 5.86975e-09 2.93664e-05 0.00263159 -1.18619e-06 1.81247e-05 0.000676222 0.00094868 0 -1.76393e-08 -5.32918e-05 -0.000288013 -2.36751e-05 0 1.57388e-06 5.99929e-05 2.18952e-06 -1.27302e-07 -1.99267e-08 -0.00282548 -3.29913e-09 -4.03015e-05 -1.81398e-06 -0.00217006 0 0.00119965 2.64095e-06 -1.51391e-05 -2.0463e-07 0.00471876 -1.97948e-09 -5.54253e-09 -5.41316e-06 -0.000630414 -1.09971e-09 1.13426e-07 1.9241e-05 2.03478e-06 -1.32153e-05 -1.00041e-06 0.000317406 -1.00262e-05 1.67883e-08 0 0 3.65383e-06 7.39822e-06 0.000224913 -1.25499e-07 -3.08798e-08 -4.41423e-07 1.86217e-08 -2.46335e-09 -0.000291499 -1.41643e-08 
1.57873e-09 1.54362e-07 -0.0604348 1.46326e-06 1.14032e-05 -4.84867e-05 -8.32564e-07 3.60253e-07 -0.0141883 -0.000824566 -3.9563e-06 -1.10522e-06 -0.00120425 -0.000296291 -4.21064e-08 -0.00018619 0.000476732 0.000185367 -1.18522e-05 -0.0126243 -0.00238027 -0.00567788 2.92925e-07 4.30102e-06 -0.000212224 0.132949 6.31491e-09 0.000691177 -0.0447242 0.000185427 0.0254044 2.97075e-05 -9.49444e-07 0.00266813 -0.0227085 1.70103e-05 0.02878 0.00118266 -3.79207e-05 -6.287e-05 -6.98414e-06 0.00190522 -4.69144e-07 -2.71748e-06 -9.45078e-06 1.12078e-06 -6.75772e-06 -0.000598372 -0.0144262 -1.53393e-05 -4.49377e-05 0.000576144 0.000788684 0 -7.4231e-07 0.000875217 -0.00915917 0.000167426 0 -1.61585e-05 3.10272e-05 2.08221e-05 9.16279e-07 1.78388e-07 -0.0233893 -4.38651e-08 -0.00114489 -5.26669e-06 0.0286366 0 -0.0192569 -0.000967724 0.00012154 2.8254e-06 0.0315633 2.36809e-08 6.63066e-08 0.000101772 0.00418635 -1.35106e-08 1.03963e-07 5.00973e-06 9.87121e-07 4.91359e-05 5.42988e-05 0.000656547 -1.73523e-05 2.69626e-06 0 0 -0.00066608 -2.96699e-05 -0.0263669 -4.93863e-06 1.16089e-07 -1.03858e-05 2.55754e-07 -1.57197e-07 -0.000558433 -7.8055e-07 
-4e-16 -4.33333e-14 -2.24993e-08 -4.60267e-13 -4.74893e-12 -2.26799e-11 -1.96133e-13 -1.78267e-13 -5.7348e-09 -5.02785e-11 -2.91467e-13 -1.51213e-12 -6.33674e-10 -1.70633e-11 -2e-15 -2.15119e-11 -3.15446e-10 -8.57553e-11 -8.972e-13 -1.64081e-08 -5.99216e-10 -3.80346e-08 -4.23867e-13 -1.33213e-12 -5.2786e-10 6.31491e-09 4e-08 -2.14114e-10 -7.62315e-09 3.72845e-10 2.99135e-08 -1.67707e-11 -2.65333e-13 -7.93931e-10 -2.70643e-08 4.0192e-12 3.20399e-08 1.07918e-10 -1.982e-12 -2.05017e-11 -1.14587e-12 -4.56216e-09 -3.90667e-14 1.71467e-12 -1.1104e-12 -8.10133e-13 -3.25733e-13 1.63547e-10 -3.84458e-09 -3.59547e-12 -9.19027e-12 -2.01692e-10 -4.77763e-10 0 -5.34667e-14 -2.58367e-10 -8.85212e-10 -7.26913e-11 0 5.882e-12 -2.06835e-11 -8.26627e-12 -3.85867e-13 -6.04e-14 -1.96777e-08 -1e-14 -1.31059e-10 1.554e-12 3.1298e-08 0 -1.19871e-08 -9.02937e-11 -5.45672e-11 -1.66093e-12 3.11651e-08 -6e-15 -1.68e-14 -7.3332e-11 -2.11256e-09 -3.33333e-15 -1.31067e-13 -1.76507e-12 -4.50267e-13 -4.07643e-11 -1.39645e-11 -3.7694e-10 4.39653e-12 -7.372e-13 0 0 3.65563e-10 -1.75333e-12 -5.25048e-09 -3.804e-13 -9.36e-14 -1.338e-12 -6.48e-14 -7.46667e-15 -8.98266e-10 -4.29333e-14 
-5.35286e-11 -5.79893e-09 -0.0029883 -6.15935e-08 1.89782e-06 -2.87172e-06 -2.62468e-08 1.10281e-06 0.000390078 -3.75834e-06 -3.56711e-08 -1.23558e-08 -8.04992e-05 -2.27677e-06 -2.67643e-10 -2.45875e-06 -4.19401e-05 -1.10226e-05 -1.20065e-07 -0.00198795 -5.13546e-05 -0.00175268 -5.67224e-08 7.98399e-07 -7.0639e-05 0.000691177 -2.14114e-10 0.0053242 -0.000930517 1.6818e-05 0.0033567 -2.24427e-06 -3.55073e-08 -1.60783e-05 -0.00319326 5.37855e-07 0.0027469 1.12884e-05 4.84766e-07 -1.6469e-06 -1.53342e-07 -0.000567325 -5.22796e-09 2.19459e-07 -1.48595e-07 -1.08413e-07 -1.69234e-08 -0.000164734 -0.000506734 -3.77817e-07 -1.22985e-06 1.27959e-05 -5.66249e-05 0 -7.15499e-09 -2.66217e-05 -0.000118417 1.8699e-05 0 2.23804e-07 8.89878e-06 -9.2287e-07 -5.16372e-08 6.68584e-07 -0.00243983 -1.33821e-09 -1.26686e-05 1.57958e-07 0.00401138 0 -0.00159917 -1.10366e-05 -6.77893e-06 -2.22268e-07 0.00090236 -8.02929e-10 -2.2482e-09 6.09994e-06 -0.000171703 -4.46071e-10 -1.75395e-08 2.5738e-06 -6.02553e-08 2.47153e-06 9.89125e-06 -3.1686e-05 3.31684e-07 9.46802e-08 0 0 -7.62532e-05 -2.34634e-07 -0.00047556 -5.09057e-08 1.30808e-07 2.76136e-08 -8.67163e-09 -9.992e-10 -0.000110381 -5.7454e-09 
-1.90579e-09 -2.0646e-07 0.0604759 -1.80959e-06 -2.25361e-05 -8.39909e-05 4.21954e-08 -3.26013e-07 0.0760061 -0.000135431 -6.22017e-07 -6.82785e-06 0.00339735 0.000298312 -9.52894e-09 -8.9526e-05 0.00012265 -0.000353125 -4.07468e-06 -0.0713405 -0.00284859 -0.000155852 -1.97283e-06 2.95976e-06 -0.00229615 -0.0447242 -7.62315e-09 -0.000930517 0.154259 -2.30999e-05 -0.0272814 -2.075e-05 -1.26084e-06 -0.00293301 -0.000403107 6.20602e-06 -0.0348897 -0.00107851 2.00002e-05 5.31968e-05 -4.83611e-06 0.0123623 -1.86132e-07 6.61614e-06 -3.5938e-06 -3.85986e-06 4.52805e-06 0.000160556 0.0425503 -1.39905e-05 -4.35401e-05 -0.000909097 -0.00188188 0 -2.5474e-07 -0.000255387 -0.00415108 -0.000341709 0 2.80246e-05 -1.15657e-05 -3.7381e-05 -1.83845e-06 -2.87774e-07 -0.0527641 -4.76447e-08 0.000564401 7.25732e-06 -0.0383636 0 -0.03006 0.000340668 -0.000169747 -7.46013e-06 -0.0405385 -2.85868e-08 -8.00431e-08 8.54386e-05 -0.00969102 -1.58816e-08 -2.84463e-07 -8.40961e-06 -2.04528e-06 -0.000170337 -6.61903e-05 -0.00147248 2.62715e-06 -3.51237e-06 0 0 0.000196436 -8.21037e-06 0.0239178 -1.42574e-06 -4.45954e-07 1.72018e-05 2.81262e-07 1.51092e-07 -0.00427086 6.68779e-07 
9.32113e-11 1.00979e-08 -0.00319049 1.07255e-07 4.63303e-07 3.24505e-06 -9.97629e-07 4.15412e-08 -0.0039268 -0.000233124 -6.09208e-06 -3.29096e-06 0.000147361 -2.45271e-05 -4.95339e-08 2.12874e-07 7.19779e-05 -3.53166e-05 2.09073e-07 0.00343177 0.000132034 8.74422e-05 9.87729e-08 3.10425e-07 -0.000192007 0.000185427 3.72845e-10 1.6818e-05 -2.30999e-05 0.00923425 0.00224438 -2.30529e-06 -2.47484e-06 8.84118e-05 0.0062445 3.87341e-06 0.000968959 -2.08146e-05 3.91862e-07 4.20082e-06 -5.35631e-06 0.00102019 9.10364e-09 1.1571e-06 2.58755e-07 -3.45493e-08 -4.16743e-06 -2.91812e-05 -0.00504456 -4.18215e-06 3.78259e-07 3.95067e-05 -0.0042594 0 1.24592e-08 -2.30499e-05 0.00020301 -0.00105035 0 -1.37067e-06 -6.83335e-05 1.70627e-06 8.99179e-08 -9.35925e-07 0.00264521 -8.76697e-08 2.71272e-05 5.81207e-07 -0.00587128 0 0.00257928 1.50177e-05 -3.01096e-06 1.83711e-07 0.00177814 1.39817e-09 3.91488e-09 1.70251e-05 0.000476763 7.76761e-10 3.05422e-08 1.84644e-07 1.04925e-07 5.21923e-06 2.4608e-06 8.5561e-05 -2.01184e-07 -1.14878e-07 0 0 -7.66032e-05 3.15243e-07 -0.00787117 -1.31356e-07 2.18115e-08 3.11792e-07 1.51002e-08 1.73994e-09 0.000208548 1.00047e-08 
-2.52162e-09 -8.98424e-08 -0.093362 -9.98213e-07 -2.45409e-05 -0.000140512 -6.76435e-07 3.1662e-06 -0.0187377 -0.000186492 -1.83742e-06 -2.96924e-06 -0.00391389 -0.000103312 3.73919e-08 -8.91386e-05 -0.00194328 -0.000314673 -5.15933e-06 -0.0983925 -0.0032733 -0.00860474 -2.53208e-06 2.42159e-07 -0.00318884 0.0254044 2.99135e-08 0.0033567 -0.0272814 0.00224438 0.188576 -9.61665e-05 1.55066e-06 -0.00282463 -0.101953 -1.19594e-05 0.140283 0.000269043 1.45387e-05 -9.12207e-05 -6.60027e-06 -0.0151701 -2.46278e-07 1.07227e-05 3.65664e-06 2.89542e-07 -1.83344e-06 -0.00143053 -0.0210539 6.28732e-06 -5.68559e-05 -0.0004068 -0.00239572 0 -3.37057e-07 -0.000193274 -0.0054235 0.00017592 0 3.67138e-05 -8.3343e-05 -5.0661e-05 -1.74252e-06 3.92351e-08 -0.0932921 -6.30405e-08 -0.000781316 -2.58702e-05 0.131436 0 -0.0754652 -0.000494537 -0.000340798 -1.03473e-05 0.131347 -3.4491e-08 -1.05908e-07 0.000365058 -0.013235 -2.10135e-08 -3.22918e-07 2.28292e-06 -2.83851e-06 0.000629147 0.0002195 0.00358387 -6.76973e-05 -1.48735e-06 0 0 0.00170337 -1.00064e-05 -0.0316857 -2.2614e-06 9.79941e-07 -8.33482e-06 6.98164e-07 -4.70703e-08 -0.00342774 -2.70654e-07 
-4.19267e-12 -4.54206e-10 9.55134e-05 -4.82436e-09 -4.97767e-08 -2.37723e-07 -2.0558e-09 -1.86853e-09 -5.47369e-05 -5.27003e-07 -3.05506e-09 -1.58497e-08 -6.1953e-06 -1.78852e-07 -2.09633e-11 -2.2548e-07 -2.39307e-06 -8.75525e-07 -9.40415e-09 -0.000105774 -5.87411e-06 -3.16249e-06 -4.44283e-09 -1.3963e-08 1.45048e-06 2.97075e-05 -1.67707e-11 -2.24427e-06 -2.075e-05 -2.30529e-06 -9.61665e-05 0.000419091 -2.78114e-09 -1.26839e-06 9.75446e-05 4.21279e-08 -8.15148e-05 -1.28388e-05 -2.07747e-08 -1.98226e-07 6.74656e-07 -2.2729e-05 -4.09484e-10 -1.59536e-06 -1.16388e-08 -8.49155e-09 -3.41423e-09 1.64092e-06 -3.80043e-05 -3.76865e-08 -9.63293e-08 -1.90407e-06 1.05225e-06 0 -5.6042e-10 -2.40478e-06 -9.1185e-06 -7.61926e-07 0 6.16532e-08 -2.16797e-07 -8.66443e-08 -4.04453e-09 -6.33093e-10 0.000176101 -1.04817e-10 -1.07039e-06 1.62885e-08 -8.48177e-05 0 -0.000124588 -8.29762e-07 -5.28622e-07 -1.74093e-08 -7.55748e-05 -6.289e-11 -1.76092e-10 -6.75308e-07 -2.19998e-05 -3.49389e-11 -1.3738e-09 -1.85008e-08 -4.71955e-09 -2.57277e-07 -1.46372e-07 -3.95096e-06 4.6083e-08 -7.72708e-09 0 0 2.22504e-06 -1.83779e-08 -3.05504e-05 -3.98723e-09 -9.81084e-10 -1.40245e-08 -6.79212e-10 -7.82631e-11 -5.50866e-06 -4.50013e-10 
-6.63333e-14 -7.18611e-12 1.90887e-06 -7.63276e-11 -7.87531e-10 -3.76108e-09 -3.25254e-11 -2.95626e-11 -7.8102e-07 9.41662e-07 -4.83349e-11 -2.50762e-10 -1.05084e-07 -2.82967e-09 -3.31667e-13 -3.56738e-09 -5.23115e-08 7.52446e-07 -1.48786e-10 2.05232e-06 6.13963e-07 -3.5874e-06 -7.02912e-11 -2.20912e-10 -8.75368e-08 -9.49444e-07 -2.65333e-13 -3.55073e-08 -1.26084e-06 -2.47484e-06 1.55066e-06 -2.78114e-09 6.63329e-06 5.83398e-08 -3.01149e-06 -2.37267e-06 -1.16005e-06 1.78964e-08 -3.28682e-10 -3.39987e-09 -1.90023e-10 -3.56558e-07 -6.47856e-12 2.84349e-10 -1.84141e-10 -1.34347e-10 -5.40174e-11 2.71216e-08 1.46911e-06 1.33274e-06 -1.52405e-09 -3.34473e-08 -7.9229e-08 0 -8.86656e-12 4.71542e-08 -1.46798e-07 -1.20546e-08 0 9.75432e-10 -3.43001e-09 -1.37082e-09 -6.39896e-11 -1.00163e-11 -2.35989e-06 -1.65833e-12 -2.1734e-08 -3.99742e-07 1.52359e-06 0 -2.41186e-07 -1.49737e-08 -9.04906e-09 -2.75438e-10 -4.6846e-07 -9.95e-13 -2.786e-12 -1.21609e-08 -3.50333e-07 -5.52778e-13 -2.17352e-11 -2.92707e-10 -7.46692e-11 1.93991e-06 -2.31579e-09 -6.25092e-08 7.29092e-10 -1.22252e-10 0 0 6.06225e-08 -2.90761e-10 -3.07371e-07 -6.3083e-11 -1.5522e-11 -2.21885e-10 -1.0746e-11 -1.23822e-12 -1.48962e-07 -7.11978e-12 
