0.00147104 -9.00496e-08 2.04202e-05 1.36073e-06 -3.75723e-07 -1.75173e-06 -3.43749e-10 2.3639e-07 1.15428e-05 3.10727e-05 -1.75262e-06 -0.000660204 -3.07415e-07 -1.88107e-05 2.8051e-07 6.58435e-05 -0.000201732 -1.80174e-08 1.11313e-06 -3.06173e-06 -6.11159e-08 0.000577353 -3.9538e-07 2.1532e-05 0.000181328 -1.91002e-05 -2.38105e-05 0.000377505 0.000160239 2.23861e-06 -3.81582e-06 -1.47321e-11 -2.15548e-07 -1.97216e-05 -3.86472e-09 -0.000469025 -2.28436e-07 -0.000126711 1.89666e-05 8.02083e-05 -9.50299e-07 -1.20986e-05 -5.66695e-09 1.96266e-07 -1.90033e-05 -0.000694973 -0.000658886 -2.29295e-07 5.32454e-05 0 -2.92354e-07 5.00621e-05 -0.000268537 -9.07335e-07 3.68936e-07 -8.79997e-09 -6.49568e-07 -0.000304696 2.38913e-05 4.23223e-07 -8.63647e-07 -1.15454e-06 -7.82766e-09 -9.20315e-08 7.34257e-06 5.82265e-06 -0.000129244 0.000523176 -2.08229e-06 2.0301e-05 6.29013e-06 -2.74824e-06 0 -0.000432122 1.78177e-06 1.65269e-08 -3.32945e-09 0.000333509 -1.62066e-06 -1.07397e-08 -1.40593e-08 -1.04193e-06 -0.000179364 -2.00097e-05 -7.32927e-05 -3.16347e-08 7.21976e-06 -2.57782e-07 -1.44163e-07 -1.53705e-09 0.000437626 -1.16433e-08 -2.65754e-05 -0.000121943 -6.86516e-09 -1.1548e-07 -3.00044e-09 -1.5636e-06 -7.36605e-11 1.32015e-05 
-9.00496e-08 6.56457e-05 -1.54415e-08 -7.09742e-09 -6.74316e-09 -7.80614e-08 -1.53183e-11 -9.37044e-09 -8.91509e-08 -9.41259e-08 -7.81012e-08 -5.29557e-05 9.96301e-07 1.41232e-07 -2.06246e-08 7.67852e-06 2.7162e-06 -8.029e-10 -2.53409e-09 -1.36438e-07 9.30081e-07 4.94236e-05 -1.76191e-08 -7.02512e-07 9.52969e-06 1.24764e-07 1.21337e-07 4.13912e-05 1.6572e-06 5.54639e-08 -5.65758e-07 -6.565e-13 -1.0051e-08 -9.31578e-07 -1.72222e-10 -5.1146e-05 -1.01797e-08 -4.35282e-06 -1.14679e-07 1.16048e-05 -4.23478e-08 2.39597e-05 -2.52534e-10 -4.62264e-09 1.19134e-07 -5.40556e-05 -5.16652e-05 -1.0218e-08 -4.47042e-07 0 -1.3028e-08 -5.88773e-08 -1.10692e-05 -4.04332e-08 -4.09346e-09 -3.92149e-10 -2.89464e-08 -8.19942e-06 -3.47604e-06 -2.08008e-08 7.79677e-08 -7.20966e-08 -3.4882e-10 -6.27752e-08 -2.70762e-09 -2.00265e-07 2.93916e-06 4.14784e-05 -1.12697e-07 -5.40251e-08 -2.6583e-08 4.28266e-06 0 1.05743e-05 5.33746e-07 -1.04602e-09 -1.48369e-10 -3.22007e-06 -8.20244e-08 -4.78589e-10 -6.2652e-10 -4.6431e-08 -8.3634e-06 -1.81725e-06 -2.09735e-05 -1.40972e-09 -2.74907e-08 -3.33231e-08 -6.42429e-09 -6.84948e-11 6.5036e-06 -5.18854e-10 -1.0776e-06 -5.62213e-06 -3.05929e-10 -5.14608e-09 -1.33707e-10 -6.96778e-08 -3.2825e-12 -3.18715e-08 
2.04202e-05 -1.54415e-08 0.000235155 -1.87619e-08 3.87668e-06 1.75737e-05 -5.48823e-11 -3.35723e-08 0.000201271 2.12655e-05 1.28685e-06 1.80248e-05 2.26092e-06 -0.000232221 -7.38936e-08 0.000173537 -0.00021799 6.40457e-07 3.27909e-05 -4.8883e-07 -2.35947e-08 -5.38889e-05 -6.31257e-08 0.000176386 -0.000199581 -0.000231763 -0.000227809 -8.28761e-05 -7.94794e-06 3.50732e-05 2.20968e-06 -2.3521e-12 -3.60107e-08 7.41569e-06 -6.17034e-10 -2.16492e-06 -3.64717e-08 -2.12171e-05 0.000150732 -6.63393e-07 6.18683e-05 -2.27012e-06 1.50243e-06 -1.65619e-08 -0.000231987 -0.000149294 -0.000185485 -3.66089e-08 7.91551e-05 0 -4.66766e-08 0.000233592 -4.22798e-05 1.4218e-06 7.3209e-06 -1.40499e-09 5.8833e-05 -4.95762e-05 4.33499e-06 -7.45247e-08 6.36139e-06 0.000166555 -1.24975e-09 -2.2491e-07 3.82203e-05 -7.17507e-07 -0.00022345 -1.63464e-05 -2.27103e-07 0.000223853 8.42476e-06 -5.15947e-07 0 -0.000196181 -1.55106e-06 -3.74768e-09 -5.31575e-10 -5.65546e-05 3.71195e-05 -1.71468e-09 4.22776e-06 -1.66352e-07 -2.83043e-05 -6.14748e-06 8.2895e-05 2.12983e-05 5.70582e-05 -1.19389e-07 -2.30169e-08 4.96421e-07 0.000113639 -1.85894e-09 -4.24299e-06 -1.73529e-05 -1.09608e-09 2.28229e-07 1.08619e-06 4.60359e-07 -1.17605e-11 0.000182242 
1.36073e-06 -7.09742e-09 -1.87619e-08 0.000108098 -2.7572e-08 -1.28549e-07 -2.52257e-11 -1.54309e-08 1.76523e-07 -5.81018e-06 -1.28614e-07 -7.74109e-05 -2.25593e-08 -3.11841e-05 -3.39638e-08 8.98676e-05 6.39026e-06 3.36868e-06 2.49362e-09 -2.24682e-07 -1.08449e-08 -3.48271e-07 -2.90146e-08 -2.3687e-07 1.70881e-06 -1.13912e-05 -1.13969e-05 5.45637e-05 7.13143e-05 -1.84483e-08 -1.35003e-07 -1.0811e-12 5.15345e-06 -1.20409e-06 -2.83609e-10 -4.36385e-05 -1.67635e-08 -7.08857e-06 1.09478e-05 5.07842e-06 1.6693e-07 -9.93418e-07 -4.15863e-10 -7.61239e-09 -1.01471e-05 -6.6559e-05 -6.71087e-05 -1.68266e-08 5.95487e-08 0 -2.14541e-08 1.02397e-05 -5.17144e-06 -6.65839e-08 5.79689e-08 7.76021e-07 8.22332e-07 -2.27767e-05 -4.89826e-06 3.35746e-07 -1.95469e-07 1.07446e-05 -5.74424e-10 1.83291e-07 2.20785e-09 -3.29789e-07 -6.89323e-06 3.33082e-05 6.61081e-07 3.70103e-06 -4.37759e-08 -1.60479e-07 0 1.49007e-06 -4.79584e-07 1.74944e-07 -2.44329e-10 -1.85216e-05 -1.35075e-07 -7.88122e-10 -1.03173e-09 -7.64608e-08 -1.1292e-06 -2.71258e-06 -2.13897e-05 -2.32148e-09 1.77806e-06 -2.15419e-08 1.41275e-06 -1.12795e-10 6.71509e-06 -8.54429e-10 -1.95021e-06 -9.25832e-06 -5.03793e-10 -8.47438e-09 -2.20184e-10 -9.14096e-08 -5.4055e-12 1.03752e-06 
-3.75723e-07 -6.74316e-09 3.87668e-06 -2.7572e-08 0.000254972 -1.96586e-07 -5.95086e-11 -3.64022e-08 3.59367e-06 -6.62238e-05 7.77659e-06 -9.84029e-05 -1.65518e-08 -3.96467e-06 2.46544e-07 -3.60764e-06 9.71987e-06 -3.1191e-09 3.92682e-06 -1.66702e-07 -2.55836e-08 0.000109965 1.04887e-07 -2.72578e-06 -5.85782e-05 -4.00532e-06 -3.5753e-06 8.5984e-05 -7.12038e-06 -4.35203e-08 -2.19785e-06 -2.55037e-12 2.57621e-07 -3.41899e-06 -6.69046e-10 -0.00018382 8.0454e-08 5.48171e-05 -3.35505e-07 4.1364e-05 -1.64512e-07 1.75585e-05 -9.81041e-10 -1.7958e-08 -3.64386e-06 -0.00010954 -0.000118386 -3.96948e-08 1.85049e-06 0 1.89389e-07 3.73794e-06 3.83325e-05 -1.53741e-07 -6.76995e-08 -1.52342e-09 -1.12451e-07 2.63812e-05 -4.706e-05 -7.74733e-08 4.05546e-07 3.68325e-06 -1.35509e-09 -2.43869e-07 -1.05186e-08 -7.77988e-07 -4.76486e-05 0.000104697 -3.27804e-07 3.75346e-06 -1.03269e-07 -2.36105e-07 0 -2.71743e-05 5.15272e-08 -4.06358e-09 -5.76383e-10 -4.60231e-05 4.69469e-06 -1.85922e-09 -2.4339e-09 1.79625e-07 3.54799e-05 -7.0263e-06 -7.8216e-05 -5.47649e-09 -1.06796e-07 -2.27865e-08 3.4171e-07 -2.66088e-10 5.31462e-05 -2.01564e-09 2.35327e-05 2.64992e-05 -1.18847e-09 1.08334e-06 -5.19425e-10 -4.40173e-08 -1.27518e-11 3.83952e-06 
-1.75173e-06 -7.80614e-08 1.75737e-05 -1.28549e-07 -1.96586e-07 0.00118764 -2.77446e-10 5.53736e-05 0.000692665 -0.00104563 2.09876e-06 -2.25323e-05 -2.4812e-07 -0.00115893 -3.73553e-07 -3.50215e-05 -0.000360458 2.14212e-06 -4.58975e-08 1.79122e-05 1.51739e-06 -0.000261545 -3.19118e-07 0.00108516 -0.0010154 -0.00116852 -0.00117972 -0.000421203 -4.15272e-05 -2.02904e-07 -1.0247e-05 -1.18905e-11 -1.82044e-07 0.00110199 -3.11928e-09 -0.00089328 -1.84375e-07 0.000184133 0.00117854 -3.35364e-06 1.5943e-05 0.000246627 9.87594e-08 6.16275e-07 -0.00117154 0.000190951 0.000213864 9.54932e-07 -3.05361e-06 0 -2.35964e-07 1.76003e-05 0.000719013 -7.32326e-07 -3.15634e-07 -7.10261e-09 0.000379329 -0.000250634 -0.000921378 1.89233e-05 1.19268e-05 0.000722324 4.66702e-06 -1.13698e-06 2.18096e-06 -3.6272e-06 -0.00112998 -9.49368e-05 0.0011601 0.000411245 -4.81471e-07 -4.41593e-07 0 -0.000997384 -7.84106e-06 -1.89456e-08 -2.68726e-09 -0.000318022 -1.48563e-06 2.79467e-06 7.59865e-06 -8.40958e-07 0.00101759 -3.2754e-05 0.000457737 -2.55329e-08 0.000107042 -6.03548e-07 6.11364e-06 -1.24058e-09 0.0011061 -9.39748e-09 0.000286094 -0.000101375 1.23113e-06 2.03679e-06 -2.42171e-09 1.01133e-06 -5.94527e-11 2.14927e-05 
-3.43749e-10 -1.53183e-11 -5.48823e-11 -2.52257e-11 -5.95086e-11 -2.77446e-10 2.33333e-07 -3.33044e-11 -3.1686e-10 2.182e-08 -2.77587e-10 1.83076e-08 -4.86897e-11 5.01968e-10 -7.3304e-11 -7.3506e-09 -6.07811e-08 -2.85367e-12 -9.00667e-12 -4.8493e-10 -2.34064e-11 1.79322e-07 -6.2622e-11 -2.49687e-09 3.40481e-08 4.43437e-10 4.31254e-10 1.50679e-07 -8.14907e-09 -3.98168e-11 -2.01082e-09 -2.33333e-15 -3.57233e-11 -3.31102e-09 -6.12111e-13 4.91332e-08 -3.61807e-11 -2.11338e-08 -4.07593e-10 -6.581e-10 -1.50512e-10 -2.252e-09 -8.97556e-13 -1.64298e-11 4.23426e-10 -1.93511e-07 -1.84114e-07 -3.63168e-11 -2.01538e-09 0 -4.63042e-11 -2.09262e-10 -4.29676e-08 -1.43708e-10 -6.19383e-11 -1.39378e-12 -1.02881e-10 -4.92236e-08 5.62971e-09 -7.39301e-11 -4.2188e-10 -2.56246e-10 -1.23978e-12 -2.23116e-10 -9.62344e-12 -7.11782e-10 1.04464e-08 -1.86299e-08 -4.00548e-10 -1.92016e-10 -9.44813e-11 -5.11831e-10 0 -1.19083e-07 -1.53869e-09 -3.71778e-12 -5.27333e-13 1.70898e-07 -2.91531e-10 -1.701e-12 -2.22678e-12 -1.65025e-10 -2.97252e-08 -6.45886e-09 -7.48993e-08 -5.01044e-12 -9.77076e-11 -1.18437e-10 -2.28332e-11 -2.43444e-13 -1.35287e-08 -1.84411e-12 -4.20913e-09 -1.99822e-08 -1.08733e-12 -1.82902e-11 -4.75222e-13 -2.47649e-10 -1.16667e-14 -1.13278e-10 
2.3639e-07 -9.37044e-09 -3.35723e-08 -1.54309e-08 -3.64022e-08 5.53736e-05 -3.33044e-11 0.000142713 3.55595e-05 -0.000124906 -1.69804e-07 8.47233e-06 -2.97842e-08 -0.00013734 -4.48411e-08 -4.49646e-06 -5.28125e-05 1.61588e-07 -5.50951e-09 4.92003e-06 1.43235e-06 1.52739e-05 -3.83068e-08 0.000135146 -0.000117026 -0.000137375 -0.000137383 -4.7111e-05 -4.9849e-06 -2.43565e-08 -1.21338e-06 -1.42733e-12 -2.18525e-08 0.000104371 1.96963e-06 -7.58478e-05 -2.21322e-08 -1.28845e-05 0.000137397 -4.02569e-07 -9.20706e-08 -1.37758e-06 -5.49048e-10 -1.00503e-08 -0.000135914 2.12868e-05 2.3888e-05 4.45117e-09 -1.23284e-06 0 -2.8325e-08 9.53248e-08 -2.45972e-05 -8.7908e-08 -3.78886e-08 -8.52594e-10 4.10373e-06 -2.41041e-05 -2.19289e-06 4.16348e-05 2.66219e-05 6.65992e-06 -7.5839e-10 -1.36483e-07 -5.8868e-09 8.79263e-08 -0.00013142 -8.66949e-06 0.000122612 5.74225e-05 -5.77956e-08 1.48236e-05 0 -0.00011548 -9.41236e-07 -2.27422e-09 -3.22577e-10 -3.81428e-05 -1.78334e-07 2.56261e-08 1.38638e-07 -1.00948e-07 0.00011916 -3.53765e-06 4.4473e-05 -3.06496e-09 0.000112574 -7.24495e-08 1.29366e-07 -1.48918e-10 0.000113574 -1.12807e-09 2.56521e-06 -1.21034e-05 -6.65137e-10 -1.11884e-08 -2.907e-10 -1.5149e-07 -7.13667e-12 2.07063e-08 
1.15428e-05 -8.91509e-08 0.000201271 1.76523e-07 3.59367e-06 0.000692665 -3.1686e-10 3.55595e-05 0.00135613 -0.000761137 0.000185378 9.0818e-05 2.02663e-06 -0.00111803 -4.26621e-07 0.00016656 -0.000483111 5.35006e-06 2.55009e-05 3.14744e-05 2.93044e-06 -0.000101712 -3.64453e-07 0.00122235 -0.00112668 -0.00112399 -0.00112374 -0.000469884 -4.70633e-05 2.13883e-05 -4.50273e-06 -1.35797e-11 -2.07906e-07 0.000761314 -3.56242e-09 -0.00083791 -1.87234e-07 -9.39431e-05 0.00104623 -3.83006e-06 0.000130651 1.85469e-05 1.60144e-06 1.03771e-06 -0.00112115 -0.00014458 -0.000160244 9.28641e-07 6.75107e-05 0 8.22385e-06 0.000393092 0.000384934 0.000120787 5.78953e-06 -8.11163e-09 0.000373238 -0.000216083 -0.000568029 0.00013351 2.89137e-06 0.000779592 -7.21536e-09 -1.29851e-06 2.1564e-05 -2.43582e-06 -0.00128475 1.51596e-05 0.000880346 0.000494529 -5.49871e-07 8.12787e-06 0 -0.00112575 -8.76165e-06 -2.1637e-08 -3.06902e-09 -0.000362719 3.64033e-05 9.501e-07 6.42371e-06 5.36957e-06 0.000751166 -3.74465e-05 0.000393945 1.76642e-05 0.000101105 -6.89289e-07 -3.62201e-08 -1.41682e-09 0.00118009 -1.07325e-08 2.86133e-05 -0.000115207 1.53672e-07 2.06022e-06 1.38723e-06 5.8871e-07 -6.78987e-11 0.000216347 
3.10727e-05 -9.41259e-08 2.12655e-05 -5.81018e-06 -6.62238e-05 -0.00104563 2.182e-08 -0.000124906 -0.000761137 0.0847693 -0.00082616 -0.00446404 -0.00011518 0.00131897 -2.30816e-05 0.00197442 -0.00499598 -1.0263e-05 3.32631e-06 -8.35189e-05 -3.78159e-05 0.0112825 -0.000197143 -0.000481227 0.0661246 0.00137231 0.00134469 0.0240224 -0.00152946 7.76091e-06 0.000704576 -9.06486e-09 -1.0863e-05 -0.00361382 -2.11135e-06 0.0590898 -2.99964e-05 -0.0672694 -0.00135285 0.000262407 1.89165e-06 -0.000302829 -2.36154e-08 -2.6642e-05 0.00130756 -0.0132844 -0.0153723 -2.05751e-05 0.000781126 0 -0.000167589 5.59003e-05 -0.0652339 -0.000404742 -1.378e-05 -1.98075e-07 -0.000323878 -0.0638307 0.0200767 -0.000222207 -0.000482254 -0.000712363 -4.59979e-06 -0.000248677 1.40017e-06 -0.000287229 0.0281725 0.00658508 -0.00147155 -0.000400355 -0.000217238 -0.000583714 0 0.036051 0.000524164 1.33333e-06 -2.01199e-06 0.0159719 -0.000574895 -3.49161e-06 -2.34423e-06 -0.000262872 -0.0615284 -0.00526553 0.0252145 1.85806e-06 -0.000175571 -0.000173553 -8.5559e-05 9.75665e-08 0.0014078 -3.36426e-06 -0.0162828 -0.0534353 -4.22422e-06 -6.88264e-05 -3.92876e-07 1.27049e-05 4.67571e-09 3.0839e-05 
-1.75262e-06 -7.81012e-08 1.28685e-06 -1.28614e-07 7.77659e-06 2.09876e-06 -2.77587e-10 -1.69804e-07 0.000185378 -0.00082616 0.00118824 8.21019e-05 -2.48246e-07 -2.1264e-05 9.32923e-07 -1.28573e-05 7.22935e-05 -1.45495e-08 -4.59209e-08 -2.06577e-06 1.75066e-06 -0.000152432 -2.79281e-07 0.00014667 -0.000953701 -5.21245e-06 -1.15379e-05 -0.000409048 -3.98417e-05 -8.30075e-08 -9.59891e-06 -1.18966e-11 1.03453e-06 4.3062e-05 -3.12087e-09 -0.000920945 -1.61135e-07 0.000813915 4.48187e-06 -3.12202e-06 7.76326e-05 -1.09353e-05 -4.57623e-09 4.42899e-07 -2.03448e-06 -4.6549e-05 2.52223e-05 -1.85163e-07 -7.19218e-06 0 7.87772e-05 0.00015323 0.000695271 0.000208144 -3.15795e-07 -7.10624e-09 -5.24545e-07 0.000666411 -0.000687097 6.1164e-06 5.67236e-06 -9.16481e-07 -6.32106e-09 -9.84231e-07 -4.90655e-08 1.95762e-06 -0.000795845 9.04081e-05 5.60446e-06 -3.0567e-07 3.68828e-06 2.77374e-06 0 -0.000936187 -7.65172e-06 -1.89552e-08 -2.68863e-09 -0.000279231 1.47028e-06 -8.67262e-09 -1.13533e-08 6.92086e-05 0.000785601 -1.80708e-05 -0.000377097 -2.5546e-08 -4.24833e-07 -6.38556e-08 -1.16416e-07 -1.24121e-09 0.00043316 -9.40228e-09 -1.93371e-05 0.000649127 -5.54382e-09 5.18634e-05 9.09104e-08 -7.49316e-07 -5.9483e-11 -1.84219e-07 
-0.000660204 -5.29557e-05 1.80248e-05 -7.74109e-05 -9.84029e-05 -2.25323e-05 1.83076e-08 8.47233e-06 9.0818e-05 -0.00446404 8.21019e-05 0.0723049 -0.000122568 1.2074e-05 -3.4804e-05 -0.0270393 -0.00478701 9.59578e-07 3.02859e-06 8.02198e-05 -2.67126e-05 -0.0589148 -3.05026e-05 0.000755297 -0.0109441 -3.06402e-06 -2.44042e-05 -0.0501352 -0.0294436 -6.45782e-06 0.000669047 7.8461e-10 -8.34776e-05 0.000981367 2.02496e-07 0.0579268 -4.69505e-05 0.00489653 2.12311e-05 -0.00257885 2.13315e-05 -0.00735087 3.01813e-07 4.65137e-06 -1.51619e-05 0.0631918 0.0611624 -0.000109748 0.000544926 0 1.55703e-05 2.19367e-05 0.0130731 4.45567e-05 -1.12892e-05 -5.19133e-06 2.97184e-05 0.0115886 4.69765e-05 2.47732e-05 0.000115352 8.37223e-05 -4.28311e-06 -0.000541851 3.23266e-06 -0.000103475 -0.00339151 -0.0629929 -5.89546e-05 4.20077e-05 -1.09929e-05 -0.000642511 0 -0.0123319 -0.00600991 -1.34599e-05 1.77322e-07 -0.00723636 8.75874e-05 -1.81469e-06 6.85446e-07 -0.000143248 0.0098679 -0.00209949 0.0243574 1.51482e-06 -7.9188e-05 -0.000306858 -6.44387e-05 8.1861e-08 -0.0369564 -8.7323e-07 0.00125013 0.00671766 -2.74372e-07 6.1503e-06 -3.93534e-07 -0.000112472 -4.60769e-08 3.78543e-05 
-3.07415e-07 9.96301e-07 2.26092e-06 -2.25593e-08 -1.65518e-08 -2.4812e-07 -4.86897e-11 -2.97842e-08 2.02663e-06 -0.00011518 -2.48246e-07 -0.000122568 0.000208626 -5.67109e-06 -6.55558e-08 -3.6403e-06 8.71984e-06 -2.55203e-09 -8.05466e-09 -4.33673e-07 1.05734e-07 8.62211e-05 9.43997e-07 7.05085e-09 -4.86041e-05 -2.00677e-06 -1.92766e-06 0.000122435 6.4619e-05 -3.56081e-08 -1.42827e-06 -2.0867e-12 -3.19474e-08 -2.73438e-06 -5.47411e-10 -0.000155507 1.75098e-06 8.04734e-05 1.87882e-06 -8.53843e-09 -1.34603e-07 2.48594e-05 -8.02684e-10 -1.46932e-08 -5.37466e-06 -0.0001116 -8.25767e-05 3.27522e-07 -1.73236e-06 0 -4.14099e-08 2.12286e-06 6.32041e-05 -1.28518e-07 -5.53915e-08 4.38754e-07 -9.20068e-08 9.5226e-05 -0.000142775 -6.27824e-08 -3.77287e-07 2.08084e-06 -1.10873e-09 -1.99532e-07 -8.60625e-09 4.48345e-06 7.02886e-06 5.36264e-06 -3.54877e-07 2.13828e-06 -8.44947e-08 9.18156e-05 0 1.11207e-05 -1.37605e-06 -3.32481e-09 -4.71594e-10 4.66706e-06 -2.60716e-07 1.85145e-07 -1.99141e-09 3.42418e-07 -9.23991e-06 -5.75283e-06 -5.90591e-05 -4.48084e-09 6.2262e-07 -1.05918e-07 1.95802e-08 -2.17712e-10 3.36793e-06 -1.64919e-09 -3.76423e-06 -1.66667e-05 -9.72402e-10 1.13643e-07 -4.24991e-10 -2.21473e-07 -1.04335e-11 2.2087e-06 
-1.88107e-05 1.41232e-07 -0.000232221 -3.11841e-05 -3.96467e-06 -0.00115893 5.01968e-10 -0.00013734 -0.00111803 0.00131897 -2.1264e-05 1.2074e-05 -5.67109e-06 0.00214667 4.0585e-07 -0.000355652 0.000602051 -8.40702e-06 -3.49136e-05 -3.55524e-05 -5.01753e-06 0.000260631 -6.97597e-06 -0.00155066 0.00171386 0.00179384 0.00174319 0.000656052 1.7663e-05 -3.60096e-05 2.7494e-06 2.15129e-11 -4.2873e-06 -0.00132727 -2.34436e-06 0.00103906 -1.07309e-06 -0.000151186 -0.00166495 -8.4891e-06 -7.52056e-05 -0.000270237 -1.59839e-06 -2.74852e-06 0.00177675 -8.70416e-05 -1.02582e-05 -2.69517e-06 -0.000129772 0 4.26917e-07 -0.000383444 -0.000854223 -1.47084e-05 -7.68894e-06 -7.63816e-07 -0.000437025 0.000208457 0.000930722 -0.000184545 -3.5697e-05 -0.00105197 -4.6619e-06 2.05709e-06 -3.96879e-05 6.42506e-07 0.00183429 9.25909e-05 -0.00141716 -0.000816796 -7.6489e-06 -2.6201e-05 0 0.0016361 1.01598e-05 -2.56906e-06 4.86192e-09 0.000511047 -5.75955e-05 -3.48432e-06 -7.71614e-06 1.2215e-06 -0.00135685 4.76629e-05 -0.000723591 -2.12571e-05 -0.000285736 1.08863e-06 -6.75615e-06 -9.84422e-07 -0.00152057 1.70024e-08 -0.000295496 1.3849e-05 -1.22664e-06 -5.23137e-06 -1.38562e-06 -9.36338e-06 1.07565e-10 -0.000292636 
2.8051e-07 -2.06246e-08 -7.38936e-08 -3.39638e-08 2.46544e-07 -3.73553e-07 -7.3304e-11 -4.48411e-08 -4.26621e-07 -2.30816e-05 9.32923e-07 -3.4804e-05 -6.55558e-08 4.0585e-07 0.000314061 -9.43684e-06 -0.000178312 -3.84218e-09 -1.21266e-08 5.39042e-06 1.18486e-07 0.000199686 -8.43143e-08 -1.71178e-06 -4.01743e-05 5.97043e-07 5.80641e-07 1.24705e-05 3.4381e-06 1.03057e-07 -2.70737e-06 -3.1416e-12 -4.80979e-08 -1.54462e-06 -8.24146e-10 -9.79837e-05 1.1462e-07 4.71542e-06 -5.48783e-07 3.2106e-06 4.41402e-06 -2.3821e-06 -1.20847e-09 -2.21211e-08 5.70101e-07 -0.000153213 -0.000206058 1.1777e-07 -2.23351e-06 0 -6.2344e-08 -2.2175e-07 -3.14849e-05 7.59845e-07 4.71327e-06 -1.87658e-09 -1.38519e-07 -3.00047e-05 3.05317e-06 7.13794e-07 5.3872e-05 -3.45009e-07 -1.66924e-09 9.49293e-06 -1.2957e-08 8.16783e-05 1.11217e-05 1.83401e-05 -5.39298e-07 -2.58531e-07 3.54946e-06 4.56754e-06 0 -3.83346e-05 5.03498e-06 -5.00562e-09 -7.10002e-10 0.000124393 2.17415e-06 1.04376e-07 -2.99813e-09 -2.2219e-07 -1.6662e-05 0.000101757 -8.04811e-05 -6.74606e-09 -1.31553e-07 4.69054e-06 -3.07427e-08 -3.27774e-10 -9.59507e-06 -2.48291e-09 -3.80384e-06 -2.1484e-05 -1.46399e-09 -2.4626e-08 -6.39839e-10 7.94657e-06 -1.5708e-11 -1.52517e-07 
6.58435e-05 7.67852e-06 0.000173537 8.98676e-05 -3.60764e-06 -3.50215e-05 -7.3506e-09 -4.49646e-06 0.00016656 0.00197442 -1.28573e-05 -0.0270393 -3.6403e-06 -0.000355652 -9.43684e-06 0.0305101 0.00158285 4.16139e-06 3.3654e-05 -6.54708e-05 -2.77013e-06 0.0216024 -7.25799e-06 -0.000170765 0.00321631 -0.000293935 -0.000198663 0.0184271 0.0229964 1.52643e-05 -0.000248019 -3.15026e-10 5.44036e-05 -0.00042302 -8.26417e-08 -0.0204775 -3.53812e-06 -0.00248021 0.00011998 3.07094e-05 1.24725e-05 -0.000275049 1.38215e-06 -1.36153e-06 -0.000234906 -0.0247541 -0.0235834 -3.29983e-06 -0.000132189 0 -5.39158e-06 0.000309167 -0.00435727 -3.58877e-06 5.51431e-06 5.88491e-07 3.04966e-05 -0.00660129 0.000526619 -8.43137e-06 -4.18517e-05 0.000243181 -1.67384e-07 0.000204187 1.66141e-05 -8.55517e-05 0.000913658 0.0250666 -4.4625e-05 0.000274369 3.49107e-05 -5.59427e-05 0 0.00386245 -9.71862e-05 3.76139e-06 -5.78624e-08 -0.00629913 1.38867e-05 -2.29654e-07 3.62694e-07 -2.19568e-05 -0.00352754 -0.000512104 -0.00956519 3.6402e-06 2.40084e-05 0.00019549 6.73973e-05 9.53799e-07 0.00194333 -2.48975e-07 -0.000559056 -0.00251903 -1.46802e-07 -2.22271e-06 1.32584e-06 5.96513e-05 -1.57513e-09 0.000240556 
-0.000201732 2.7162e-06 -0.00021799 6.39026e-06 9.71987e-06 -0.000360458 -6.07811e-08 -5.28125e-05 -0.000483111 -0.00499598 7.22935e-05 -0.00478701 8.71984e-06 0.000602051 -0.000178312 0.00158285 0.0634462 -2.07002e-08 -3.38487e-05 8.15511e-05 -2.46272e-05 -0.0164086 -1.15417e-05 -4.69235e-06 -0.00864332 0.000657939 0.00056757 -0.00982816 0.00193817 -3.56891e-05 0.000415826 6.80812e-10 3.7499e-06 0.000489271 -2.1714e-06 -0.0128676 4.75e-06 0.00613906 -0.000492264 0.000179428 -4.42273e-05 0.000647699 -1.24145e-06 1.50049e-06 0.000601538 0.00544255 0.0166201 -7.33028e-06 -0.00696823 0 9.81049e-06 -0.000289276 0.0120268 3.30905e-05 -7.21678e-05 3.73338e-07 -0.000359562 0.0132352 -0.00128706 -0.000124256 -0.000539269 -0.00042436 3.61738e-07 -0.000592723 -3.53988e-05 -0.000425785 -0.000281447 0.00501447 -0.00031644 -0.000438321 -0.000191016 -0.00065944 0 -0.00906274 0.000436733 1.08476e-06 1.53864e-07 -0.0467939 -1.86946e-05 -2.78702e-06 -4.15695e-06 1.74538e-05 0.00817141 -0.0106592 0.000117377 -1.98414e-05 -0.000113691 -0.000368873 6.30553e-06 -9.72302e-07 0.00333829 -2.1686e-06 0.00119981 -0.00230671 3.17258e-07 4.18999e-06 -1.25134e-06 -0.000883352 3.40406e-09 -0.000208961 
-1.80174e-08 -8.029e-10 6.40457e-07 3.36868e-06 -3.1191e-09 2.14212e-06 -2.85367e-12 1.61588e-07 5.35006e-06 -1.0263e-05 -1.45495e-08 9.59578e-07 -2.55203e-09 -8.40702e-06 -3.84218e-09 4.16139e-06 -2.07002e-08 1.22299e-05 4.59528e-07 1.14583e-07 -1.22683e-09 -2.09591e-08 -3.28229e-09 6.6458e-06 -1.03354e-05 -9.08676e-06 -1.18241e-05 -4.22228e-06 -4.27127e-07 -2.08697e-09 -4.53956e-08 -1.223e-13 -1.87241e-09 1.77646e-06 -3.20834e-11 -4.81805e-06 -1.89638e-09 -7.67714e-07 8.4453e-06 -3.44938e-08 -7.889e-09 -6.13705e-08 -4.70447e-11 -8.61155e-10 -9.08781e-06 -2.16606e-06 1.29312e-06 -1.90352e-09 5.37698e-07 0 -2.427e-09 3.2957e-06 3.06455e-06 -7.53233e-09 -3.24645e-09 -7.30539e-11 -5.39245e-09 -2.08336e-06 -1.86159e-06 1.06613e-06 -2.21125e-08 7.79324e-06 -6.49821e-11 -1.16944e-08 -5.04406e-10 2.45936e-06 -1.15025e-05 4.73529e-07 4.54234e-06 1.45994e-06 -4.95217e-09 9.83943e-09 0 -7.1401e-06 -8.06491e-08 -1.94865e-10 -2.76398e-11 -2.52524e-07 6.28053e-07 -8.91567e-11 -1.16715e-10 2.93135e-06 6.37531e-06 -3.38537e-07 2.15421e-06 -2.62619e-10 -5.12127e-09 -6.20778e-09 -1.19679e-09 -1.276e-11 7.61423e-06 -9.66578e-11 -2.20619e-07 1.89265e-06 -5.69918e-11 -9.58669e-10 -2.49084e-11 -1.29804e-08 -6.115e-13 1.17073e-06 
1.11313e-06 -2.53409e-09 3.27909e-05 2.49362e-09 3.92682e-06 -4.58975e-08 -9.00667e-12 -5.50951e-09 2.55009e-05 3.32631e-06 -4.59209e-08 3.02859e-06 -8.05466e-09 -3.49136e-05 -1.21266e-08 3.3654e-05 -3.38487e-05 4.59528e-07 3.85985e-05 -8.02212e-08 -3.87209e-09 -8.935e-06 -1.03595e-08 8.67695e-06 -3.02908e-05 -3.45933e-05 -3.47453e-05 -1.35934e-05 -1.34809e-06 6.35675e-06 2.11069e-06 -3.86e-13 -5.90966e-09 2.2256e-06 -1.01261e-10 8.10804e-06 -5.98532e-09 -3.47614e-06 9.00257e-06 -1.08868e-07 4.55101e-07 -3.72546e-07 1.50318e-06 -2.71795e-09 -3.48e-05 -2.58689e-05 -2.46578e-05 -6.00783e-09 2.88766e-05 0 -7.66004e-09 3.50087e-05 -6.8014e-06 -2.37734e-08 4.44975e-06 -2.30571e-10 3.63138e-08 -7.55633e-06 9.31314e-07 3.24437e-07 1.90688e-06 3.27343e-05 -2.05095e-10 -3.69097e-08 6.35507e-06 2.95584e-07 -3.44319e-05 -2.66191e-06 -6.6262e-08 3.48382e-05 -1.56299e-08 -8.46714e-08 0 -3.1326e-05 -2.54543e-07 -6.15027e-10 -8.7236e-11 -8.63865e-06 2.67251e-05 -2.81394e-10 -3.68373e-10 -2.72999e-08 -4.68406e-06 -4.65147e-07 -5.32715e-06 1.89584e-06 6.6305e-06 -1.95928e-08 -3.77727e-09 -4.02727e-11 -2.23804e-06 -3.05069e-10 -6.96311e-07 -2.90229e-06 -1.79876e-10 -3.02573e-09 -7.86153e-11 9.03176e-09 -1.93e-12 2.82046e-05 
-3.06173e-06 -1.36438e-07 -4.8883e-07 -2.24682e-07 -1.66702e-07 1.79122e-05 -4.8493e-10 4.92003e-06 3.14744e-05 -8.35189e-05 -2.06577e-06 8.02198e-05 -4.33673e-07 -3.55524e-05 5.39042e-06 -6.54708e-05 8.15511e-05 1.14583e-07 -8.02212e-08 0.00207395 3.67152e-06 -0.000273028 -2.44433e-07 6.10041e-05 0.000107796 -4.59704e-05 -4.20822e-05 -0.000589344 2.17973e-05 -3.54643e-07 -2.25677e-06 -2.07827e-11 -3.18183e-07 -2.13641e-05 -5.45199e-09 -3.13265e-05 -3.22257e-07 -0.000131373 4.2293e-05 -5.64494e-06 -1.34059e-06 -1.95483e-05 -7.99441e-09 -1.46338e-07 -3.90453e-05 0.000334492 9.2578e-05 -6.68022e-08 -1.66474e-05 0 -4.12426e-07 -1.8272e-06 -6.46634e-05 -5.79986e-07 2.21499e-06 -1.24142e-08 1.41903e-05 -5.82587e-05 -7.38025e-06 2.20082e-05 1.21257e-05 1.40343e-05 -1.10425e-08 -1.29726e-06 -1.57148e-08 8.14436e-05 4.22978e-05 -0.000145351 4.1899e-05 8.9764e-06 -8.41533e-07 -3.90881e-06 0 -0.000925877 -1.37049e-05 -3.31138e-08 -4.69689e-09 -0.000549207 -2.08997e-06 -1.51506e-08 -1.98336e-08 -1.46986e-06 -0.000134179 -5.47049e-05 0.000416735 -4.46274e-08 1.07497e-05 -1.0549e-06 -2.03373e-07 -2.16833e-09 -4.71619e-05 -1.64253e-08 -3.71769e-05 -0.000159285 -9.68474e-09 -1.62909e-07 -4.23274e-09 -2.20578e-06 -1.03914e-10 -1.00895e-06 
-6.11159e-08 9.30081e-07 -2.35947e-08 -1.08449e-08 -2.55836e-08 1.51739e-06 -2.34064e-11 1.43235e-06 2.93044e-06 -3.78159e-05 1.75066e-06 -2.67126e-05 1.05734e-07 -5.01753e-06 1.18486e-07 -2.77013e-06 -2.46272e-05 -1.22683e-09 -3.87209e-09 3.67152e-06 0.000100303 5.20031e-05 -2.69221e-08 3.70989e-06 -6.17555e-06 -6.93603e-06 -4.51793e-06 3.42989e-05 2.10699e-05 3.79549e-07 -8.6448e-07 -1.00313e-12 -1.5358e-08 3.89988e-06 -2.63155e-10 -3.43402e-05 -1.55546e-08 -1.0524e-06 4.66144e-06 -2.82926e-07 -6.47075e-08 4.71831e-07 -3.85872e-10 -7.0634e-09 -4.5213e-06 -4.66663e-05 -5.83233e-05 1.5772e-07 -6.89775e-07 0 -1.99068e-08 -8.99647e-08 -1.19724e-05 -6.1782e-08 -2.66282e-08 -5.99205e-10 -4.42302e-08 1.89047e-05 -2.73097e-05 5.32488e-06 4.74529e-06 7.98362e-08 -5.32998e-10 -9.59206e-08 -4.13726e-09 2.65066e-06 -1.79229e-06 -6.71258e-06 4.53113e-06 2.27449e-07 2.24938e-06 3.44433e-05 0 -1.04724e-05 -6.61503e-07 -1.59833e-09 -2.26708e-10 4.11947e-05 8.14667e-07 -7.31284e-10 -9.57324e-10 -7.09466e-08 3.45738e-06 -6.60091e-07 -2.39336e-05 -2.15406e-09 1.40466e-06 -5.09177e-08 -9.81633e-09 -1.0466e-10 -4.80619e-06 -7.9281e-10 3.30434e-07 -3.56063e-06 -4.6746e-10 -7.86323e-09 -2.04305e-10 2.20199e-07 -5.01567e-12 -4.86998e-08 
0.000577353 4.94236e-05 -5.38889e-05 -3.48271e-07 0.000109965 -0.000261545 1.79322e-07 1.52739e-05 -0.000101712 0.0112825 -0.000152432 -0.0589148 8.62211e-05 0.000260631 0.000199686 0.0216024 -0.0164086 -2.09591e-08 -8.935e-06 -0.000273028 5.20031e-05 0.177895 -7.1037e-06 -0.00202826 0.0208383 0.000204875 0.000227066 0.123662 0.0250538 -4.83275e-07 -0.00195442 -2.31477e-09 1.19443e-05 -0.00310709 -6.03907e-07 -0.0606549 0.000112834 -0.0188102 -0.00021451 0.00211096 7.56152e-05 0.00616897 -8.90413e-07 -1.54524e-05 0.000235517 -0.122873 -0.157162 0.000104259 0.00296924 0 -3.78591e-05 6.18499e-05 -0.0356015 -5.89508e-05 4.09112e-05 3.50065e-06 -9.53793e-05 -0.0276249 0.0036208 0.000183468 0.000252144 -0.000252267 -1.20325e-06 0.000684596 -9.54353e-06 0.000877792 0.00975559 0.0594183 -0.00013048 -0.000190488 0.00017265 0.00155233 0 0.0321724 0.00505203 6.75847e-06 -5.23137e-07 0.0745582 -0.000171365 -4.77465e-07 -1.33906e-06 0.000111145 -0.0266044 0.00770323 -0.0724777 -4.80057e-06 6.10633e-05 0.000249459 -2.09482e-05 -2.41507e-07 0.0384369 1.85056e-06 -0.00410542 -0.0190953 -1.07868e-06 -1.81447e-05 2.5226e-08 0.000734088 3.84262e-08 -0.00010889 
-3.9538e-07 -1.76191e-08 -6.31257e-08 -2.90146e-08 1.04887e-07 -3.19118e-07 -6.2622e-11 -3.83068e-08 -3.64453e-07 -0.000197143 -2.79281e-07 -3.05026e-05 9.43997e-07 -6.97597e-06 -8.43143e-08 -7.25799e-06 -1.15417e-05 -3.28229e-09 -1.03595e-08 -2.44433e-07 -2.69221e-08 -7.1037e-06 0.000268308 -2.6419e-06 -0.000134485 -4.53292e-07 4.96029e-07 -2.75994e-05 4.61236e-05 6.75361e-08 -2.31284e-06 -2.6838e-12 -4.1089e-08 -3.735e-06 -7.0405e-10 -0.00016553 6.69838e-06 0.000179102 -4.68813e-07 -7.46946e-07 1.50214e-07 -2.46359e-06 -1.03237e-09 -1.88975e-08 4.87025e-07 -2.64093e-05 5.97846e-06 3.1149e-06 -2.19476e-06 0 -1.99258e-08 -2.40693e-07 0.000151642 -1.65293e-07 -7.12415e-08 -1.60312e-09 -1.18334e-07 0.000175033 -0.000212155 7.16323e-08 -2.55246e-07 -2.94734e-07 -1.42599e-09 -1.16628e-07 -1.10689e-08 -6.98691e-07 3.27542e-06 -1.71881e-05 -4.6071e-07 -2.20857e-07 -1.08672e-07 1.06129e-06 0 -1.26817e-05 -1.72313e-06 -4.27619e-09 -6.06539e-10 -2.23802e-05 5.78014e-07 -1.95649e-09 -2.56124e-09 -1.89812e-07 3.04667e-05 -4.81898e-06 -8.47525e-05 -5.76301e-09 -1.12383e-07 -1.19559e-07 -2.62628e-08 -2.8001e-10 -1.27874e-05 -2.1211e-09 -4.56801e-06 0.00013356 -1.25065e-09 1.75629e-07 -5.46601e-10 5.01821e-07 -1.3419e-11 -1.30292e-07 
2.1532e-05 -7.02512e-07 0.000176386 -2.3687e-07 -2.72578e-06 0.00108516 -2.49687e-09 0.000135146 0.00122235 -0.000481227 0.00014667 0.000755297 7.05085e-09 -0.00155066 -1.71178e-06 -0.000170765 -4.69235e-06 6.6458e-06 8.67695e-06 6.10041e-05 3.70989e-06 -0.00202826 -2.6419e-06 0.0105864 -0.00821642 -0.00155299 -0.00160906 -0.00377491 -0.000373613 3.03506e-05 -8.81412e-05 -1.07009e-10 -1.32164e-06 0.00538047 2.58526e-06 -4.81847e-05 -1.60594e-06 -0.000594035 0.0015741 -3.0181e-05 0.000113751 8.10245e-05 3.12171e-07 3.08898e-05 -0.00154848 0.00146212 0.00180772 -5.25518e-07 -5.41738e-05 0 3.47978e-06 0.00034032 0.000503744 8.75028e-05 -1.41721e-06 -6.39198e-08 0.000392662 0.00321681 -0.00066645 0.00017713 1.74122e-05 0.000918335 3.71314e-06 -1.02223e-05 3.92953e-05 0.000197917 -0.00491059 -0.000754868 0.0013281 0.000643221 5.36034e-06 2.87014e-07 0 -0.00825212 -7.05655e-05 -1.705e-07 -2.4184e-08 -0.00273112 2.70001e-05 3.60199e-06 7.22454e-06 -8.34852e-07 0.00771976 -0.000233242 -0.00173384 1.91769e-05 0.000271879 -4.85828e-06 5.12618e-06 4.85502e-07 0.00124184 -8.45725e-08 3.67356e-05 -0.00057163 2.90134e-07 1.29119e-06 -2.17941e-08 -6.22073e-06 -5.35043e-10 0.000183648 
0.000181328 9.52969e-06 -0.000199581 1.70881e-06 -5.85782e-05 -0.0010154 3.40481e-08 -0.000117026 -0.00112668 0.0661246 -0.000953701 -0.0109441 -4.86041e-05 0.00171386 -4.01743e-05 0.00321631 -0.00864332 -1.03354e-05 -3.02908e-05 0.000107796 -6.17555e-06 0.0208383 -0.000134485 -0.00821642 0.124628 0.00157758 0.0015685 0.040015 0.00403729 -3.21696e-05 0.00111047 -8.54079e-09 -1.46623e-06 -0.0119171 -2.2372e-06 0.0582571 -5.27902e-05 -0.0740102 -0.00148964 0.000410588 -0.000442537 0.000347745 -3.22536e-06 -5.85819e-05 0.00154453 -0.0229467 -0.0281483 2.14216e-05 0.000910328 0 -0.000165469 -0.000387733 -0.0977645 -0.000502326 -1.31871e-06 7.44966e-07 -0.000374584 -0.0973867 0.0176768 -0.000222366 -0.000554857 -0.000934511 -4.51134e-06 5.75774e-05 -3.51917e-05 0.000140293 0.0326697 0.0105625 -0.00135781 -0.000698951 -9.47872e-05 6.27889e-06 0 0.0807381 0.000924308 2.325e-06 -1.92355e-06 0.0354062 -0.000826324 -4.00957e-06 -6.51743e-06 -7.74843e-05 -0.106332 -0.00373199 0.0438514 -1.81699e-05 -0.000239976 -2.20227e-05 -1.3104e-05 -8.34423e-07 0.00389749 -6.96741e-07 -0.0153908 -0.0544658 -3.61001e-06 -6.56584e-05 -1.52948e-06 2.71666e-05 7.29603e-09 -0.000244276 
-1.91002e-05 1.24764e-07 -0.000231763 -1.13912e-05 -4.00532e-06 -0.00116852 4.43437e-10 -0.000137375 -0.00112399 0.00137231 -5.21245e-06 -3.06402e-06 -2.00677e-06 0.00179384 5.97043e-07 -0.000293935 0.000657939 -9.08676e-06 -3.45933e-05 -4.59704e-05 -6.93603e-06 0.000204875 -4.53292e-07 -0.00155299 0.00157758 0.00189683 0.00176427 0.000672899 1.17455e-05 -3.53157e-05 9.24295e-07 1.90044e-11 -4.13238e-06 -0.00129298 -2.34501e-06 0.00110645 2.94683e-07 -0.000126517 -0.00168425 5.18673e-06 -6.00941e-05 -0.000263771 -1.59936e-06 -1.20618e-06 0.0017937 -5.97027e-05 8.75586e-06 -8.44209e-07 -0.000127059 0 -3.52863e-07 -0.000363579 -0.000736943 8.57131e-07 -7.98886e-06 -1.98648e-07 -0.000437135 0.000318908 0.000926377 -0.000195745 -3.89272e-05 -0.00107315 -4.66324e-06 -4.70561e-05 -3.94583e-05 -1.72627e-05 0.00174578 0.000146626 -0.00143756 -0.000813543 -4.43605e-05 -3.00213e-05 0 0.00153145 1.25322e-05 3.02804e-08 4.295e-09 0.000414674 -4.47155e-05 -2.81615e-06 -7.71853e-06 9.44089e-07 -0.00125155 -1.6208e-06 -0.000724337 -2.12625e-05 -0.000285511 -4.73387e-05 -6.18736e-06 -9.84684e-07 -0.00151587 -4.49802e-08 -0.000278651 0.000135747 -1.22781e-06 -2.64436e-06 -1.38613e-06 -1.7663e-05 9.50222e-11 -0.000292564 
-2.38105e-05 1.21337e-07 -0.000227809 -1.13969e-05 -3.5753e-06 -0.00117972 4.31254e-10 -0.000137383 -0.00112374 0.00134469 -1.15379e-05 -2.44042e-05 -1.92766e-06 0.00174319 5.80641e-07 -0.000198663 0.00056757 -1.18241e-05 -3.47453e-05 -4.20822e-05 -4.51793e-06 0.000227066 4.96029e-07 -0.00160906 0.0015685 0.00176427 0.00184482 0.000647837 6.35954e-05 -3.45546e-05 9.06103e-06 1.84823e-11 2.59631e-07 -0.00128964 -2.34515e-06 0.00109877 2.86587e-07 -0.000146136 -0.00172389 1.92807e-07 -6.24278e-05 -0.000266822 -1.59956e-06 -1.63986e-06 0.00175786 -9.08088e-05 -7.90344e-05 -8.52335e-07 -7.88395e-05 0 -1.86558e-07 -0.000313116 -0.000784087 -2.23169e-06 -7.03605e-06 1.10401e-08 -0.000429502 0.000301367 0.000926734 -0.000188924 -3.07683e-05 -0.00101967 -4.66351e-06 1.7673e-06 -4.11338e-05 -6.20198e-06 0.00174589 0.000125304 -0.0014554 -0.000760186 -7.77161e-06 -2.47558e-05 0 0.00154361 7.54793e-06 2.94485e-08 4.17701e-09 0.000482483 -3.55741e-05 -2.81653e-06 -7.71903e-06 -3.6695e-06 -0.00130677 5.02107e-05 -0.000692946 -2.12636e-05 -0.000279409 9.38139e-07 -6.19247e-06 -4.94738e-07 -0.00156897 1.46072e-08 -0.000280513 0.000135352 -1.22805e-06 -2.34179e-06 -1.38624e-06 -2.21504e-06 9.24117e-11 -0.000246489 
0.000377505 4.13912e-05 -8.28761e-05 5.45637e-05 8.5984e-05 -0.000421203 1.50679e-07 -4.7111e-05 -0.000469884 0.0240224 -0.000409048 -0.0501352 0.000122435 0.000656052 1.24705e-05 0.0184271 -0.00982816 -4.22228e-06 -1.35934e-05 -0.000589344 3.42989e-05 0.123662 -2.75994e-05 -0.00377491 0.040015 0.000672899 0.000647837 0.228752 0.0202905 8.87563e-06 -0.00260445 -3.54234e-09 3.45667e-05 -0.00484478 -9.25941e-07 -0.0253327 4.32491e-05 -0.0258645 -0.000618786 0.00181746 0.000117267 0.00478174 -1.36262e-06 -2.40261e-05 0.00063193 -0.0990796 -0.12692 7.96258e-05 0.00227975 0 -7.02966e-05 -0.000123577 -0.0579276 -0.000201186 -1.52981e-05 3.54404e-06 -0.000155386 -0.0589922 0.0026368 -0.000101503 -0.000239465 -0.000387429 -1.8555e-06 0.000135868 -1.45931e-05 -0.000430232 0.0158352 0.048434 -0.000525897 -0.000291499 -0.00013311 0.00121066 0 0.0542955 0.00424333 9.2092e-06 -8.00569e-07 0.0361973 -0.000287181 -1.17903e-06 -3.31724e-06 -6.68821e-05 -0.0409792 -0.000413313 -0.110857 -7.43659e-06 -2.77044e-05 -6.63279e-05 3.84825e-05 -3.12918e-07 0.0285107 -1.40296e-06 -0.00632116 -0.0297347 -1.51073e-06 -2.77672e-05 -1.68124e-07 0.000447932 3.22883e-08 -0.000166069 
0.000160239 1.6572e-06 -7.94794e-06 7.13143e-05 -7.12038e-06 -4.15272e-05 -8.14907e-09 -4.9849e-06 -4.70633e-05 -0.00152946 -3.98417e-05 -0.0294436 6.4619e-05 1.7663e-05 3.4381e-06 0.0229964 0.00193817 -4.27127e-07 -1.34809e-06 2.17973e-05 2.10699e-05 0.0250538 4.61236e-05 -0.000373613 0.00403729 1.17455e-05 6.35954e-05 0.0202905 0.0337048 -5.95631e-06 -0.000300826 -3.49246e-10 7.09997e-05 -0.000481782 -9.16188e-08 -0.0262041 5.09779e-05 -0.000861932 -6.10072e-05 3.72345e-05 -2.25215e-05 0.000110681 -1.34343e-07 -2.32249e-06 5.70404e-05 -0.0259421 -0.0264524 4.93342e-05 -0.000288243 0 -6.88733e-06 -2.70216e-05 -0.00462037 -2.07864e-05 -5.76739e-06 1.01805e-06 -1.52989e-05 -0.00446307 -0.00114646 -1.0649e-05 -5.85656e-05 -3.8354e-05 -1.85566e-07 0.000589235 -1.43707e-06 0.000618083 0.00155284 0.0217924 -4.89493e-05 -2.87404e-05 8.63517e-05 0.000546188 0 0.00547516 0.000600871 1.52687e-06 -7.89295e-08 -0.00144176 -3.62621e-05 -7.12668e-08 -3.23297e-07 -2.36871e-05 -0.00422445 0.00394818 -0.0111835 -7.4328e-07 -1.41845e-05 0.000292009 6.95424e-05 -3.6438e-08 -0.00143571 1.55398e-06 -0.000587569 -0.00294445 3.57252e-07 -2.73762e-06 4.1887e-07 6.92394e-05 -1.74623e-09 -1.69551e-05 
2.23861e-06 5.54639e-08 3.50732e-05 -1.84483e-08 -4.35203e-08 -2.02904e-07 -3.98168e-11 -2.43565e-08 2.13883e-05 7.76091e-06 -8.30075e-08 -6.45782e-06 -3.56081e-08 -3.60096e-05 1.03057e-07 1.52643e-05 -3.56891e-05 -2.08697e-09 6.35675e-06 -3.54643e-07 3.79549e-07 -4.83275e-07 6.75361e-08 3.03506e-05 -3.21696e-05 -3.53157e-05 -3.45546e-05 8.87563e-06 -5.95631e-06 0.000170614 -8.90569e-07 -1.70643e-12 -2.61255e-08 -2.42144e-06 -4.47654e-10 2.97921e-06 -2.646e-08 -1.18791e-05 3.40219e-05 -1.1287e-08 2.87933e-05 -1.06696e-06 -6.56408e-10 -1.20156e-08 -3.55337e-05 -4.08165e-05 -5.09347e-05 -2.65595e-08 -1.97241e-07 0 -3.38636e-08 3.59436e-05 -2.44034e-05 -1.05098e-07 9.21369e-07 -1.01931e-09 -7.52401e-08 -3.1112e-05 2.16717e-06 -5.40672e-08 6.26147e-06 4.69593e-06 -9.06685e-10 -1.63171e-07 2.8213e-05 -1.9388e-07 -2.91936e-05 1.30021e-05 -2.92932e-07 3.57029e-05 3.1809e-06 -3.74316e-07 0 -1.99543e-05 3.66138e-06 -2.71892e-09 -3.85654e-10 -4.0101e-05 5.60128e-07 -1.24399e-09 -1.62851e-09 -1.20687e-07 -2.08289e-05 -4.72355e-06 -4.64993e-05 1.98297e-05 3.45752e-05 -8.66163e-08 -1.66986e-08 4.96489e-07 1.00361e-05 -1.34865e-09 -2.77826e-06 -1.31302e-05 -7.95198e-10 2.33291e-07 -3.47544e-10 1.45554e-07 -8.53217e-12 1.54716e-06 
-3.81582e-06 -5.65758e-07 2.20968e-06 -1.35003e-07 -2.19785e-06 -1.0247e-05 -2.01082e-09 -1.21338e-06 -4.50273e-06 0.000704576 -9.59891e-06 0.000669047 -1.42827e-06 2.7494e-06 -2.70737e-06 -0.000248019 0.000415826 -4.53956e-08 2.11069e-06 -2.25677e-06 -8.6448e-07 -0.00195442 -2.31284e-06 -8.81412e-05 0.00111047 9.24295e-07 9.06103e-06 -0.00260445 -0.000300826 -8.90569e-07 0.00854353 -8.61779e-11 -1.27272e-06 -8.85605e-05 -2.26073e-08 0.00168607 -1.21628e-06 -0.000779884 -1.30605e-05 -2.42125e-05 -5.11227e-06 -8.31542e-05 -3.31498e-08 -6.06808e-07 4.93523e-06 0.0014179 0.00124999 -1.3413e-06 -5.9075e-05 0 -1.71017e-06 9.63125e-06 -0.00147782 -4.80428e-06 -2.13093e-06 -5.1477e-08 -3.57642e-06 -0.00164441 0.000202864 -2.66716e-06 -1.28281e-05 6.0493e-06 -4.57892e-08 -8.24042e-06 -3.55427e-07 -2.56285e-05 0.000249667 -0.000685985 -1.42169e-05 8.57819e-06 -3.48952e-06 -1.87603e-05 0 -0.00388472 -5.67756e-05 -1.3731e-07 -1.94762e-08 -0.00192544 -6.35391e-06 1.67176e-07 -8.22425e-08 -4.47493e-06 -0.00103953 -0.000235121 0.00243985 -1.85053e-07 -3.60867e-06 -4.37428e-06 -7.36642e-07 -8.99123e-09 -0.000492732 -6.81093e-08 -0.000155391 -0.000729 -4.01589e-08 -6.7552e-07 2.85782e-07 -9.04652e-06 -4.3089e-10 1.49463e-05 
-1.47321e-11 -6.565e-13 -2.3521e-12 -1.0811e-12 -2.55037e-12 -1.18905e-11 -2.33333e-15 -1.42733e-12 -1.35797e-11 -9.06486e-09 -1.18966e-11 7.8461e-10 -2.0867e-12 2.15129e-11 -3.1416e-12 -3.15026e-10 6.80812e-10 -1.223e-13 -3.86e-13 -2.07827e-11 -1.00313e-12 -2.31477e-09 -2.6838e-12 -1.07009e-10 -8.54079e-09 1.90044e-11 1.84823e-11 -3.54234e-09 -3.49246e-10 -1.70643e-12 -8.61779e-11 1e-08 -1.531e-12 -1.41901e-10 -2.62333e-14 -7.89429e-09 -1.5506e-12 9.09426e-09 -1.74683e-11 -2.82043e-11 -6.45053e-12 -9.65145e-11 -3.84667e-14 -7.04133e-13 1.81468e-11 1.70669e-09 2.10939e-09 -1.55643e-12 -8.63736e-11 0 -1.98447e-12 -8.96837e-12 8.15853e-09 -6.1589e-12 -2.6545e-12 -5.97333e-14 -4.4092e-12 7.89042e-09 2.41273e-10 -3.16843e-12 -1.80806e-11 -1.0982e-11 -5.31333e-14 -9.5621e-12 -4.12433e-13 -3.05049e-11 -9.5523e-09 -7.98423e-10 -1.71663e-11 -8.22927e-12 -4.0492e-12 -2.19356e-11 0 -8.38929e-09 -6.59437e-11 -1.59333e-13 -2.26e-14 -2.67582e-09 -1.24942e-11 -7.29e-14 -9.54333e-14 -7.0725e-12 8.72606e-09 -2.76808e-10 -3.20997e-09 -2.14733e-13 -4.18747e-12 -5.07587e-12 -9.78567e-13 -1.04333e-14 -5.79802e-10 -7.90333e-14 -1.80391e-10 9.14362e-09 -4.66e-14 -7.83867e-13 -2.03667e-14 -1.06135e-11 -5e-16 -4.85477e-12 
