4.92998e-06 -2.14603e-10 -1.42839e-10 0 -2.11327e-08 -8.98608e-10 -9.60742e-10 -2.72793e-12 -1.08361e-10 3.25122e-07 -3.35161e-09 -5.57744e-09 -5.76531e-10 -6.9725e-10 -2.28095e-10 3.51737e-07 -2.65897e-07 1.75757e-06 -2.34509e-06 -1.23561e-08 -3.10292e-08 -1.18714e-10 -5.52807e-07 -2.02005e-07 -4.5226e-07 -3.28174e-11 -4.93e-14 -2.59579e-08 2.58611e-07 2.22852e-09 -9.2684e-12 2.43732e-08 -8.34813e-12 -2.11729e-07 -5.45307e-10 -1.01492e-10 -1.76514e-09 0 -1.65526e-09 -8.07698e-10 -1.29907e-08 -3.67924e-09 -1.99008e-11 0 -1.39355e-11 3.7128e-07 -5.03217e-08 -1.8e-07 8.00274e-09 -3.08966e-07 -8.77326e-10 -2.50836e-07 0 -3.93085e-11 -4.78167e-07 1.27246e-07 -6.36627e-11 -5.94142e-07 -2.61708e-07 -2.63098e-11 0 -5.46737e-11 -7.54011e-09 -8.98903e-11 1.47497e-08 -7.32927e-12 -4.5453e-10 -3.74272e-07 -4.70897e-10 -5.96929e-09 -4.33486e-07 -5.66786e-11 -1.08107e-09 -2.33248e-08 -5.06142e-09 -6.43817e-07 -1.91301e-08 0 4.1646e-07 -5.87048e-10 -3.38587e-07 -2.98771e-09 -2.0872e-10 0 -2.95611e-09 -1.27444e-07 -1.85434e-10 -3.38384e-09 -9.82168e-07 4.31979e-07 -1.81815e-09 -1.1238e-07 3.07701e-07 -1.26962e-09 -3.61434e-08 0 -2.15277e-12 2.85974e-08 -1.22921e-11 4.92436e-08 
-2.14603e-10 4.35281e-05 -1.26121e-09 0 4.18101e-05 -7.93436e-09 3.48504e-08 -2.40866e-11 -9.56789e-10 -3.87338e-05 4.1374e-07 -4.92466e-08 -5.09054e-09 -6.15645e-09 1.94653e-07 -1.40966e-08 2.98244e-05 3.10971e-05 -2.17658e-05 -1.091e-07 -2.73976e-07 -1.0482e-09 3.75181e-05 2.12475e-06 3.90534e-05 -2.89765e-10 -4.353e-13 -1.01964e-07 -3.93505e-05 -3.85503e-05 -8.18364e-11 -3.67515e-05 -7.37108e-11 -1.86949e-06 -4.81485e-09 -8.96138e-10 -1.55855e-08 0 -1.46153e-08 -7.13167e-09 7.6553e-06 9.8418e-07 1.56491e-07 0 -1.23045e-10 -3.87677e-05 -4.44322e-07 1.83307e-05 7.06611e-08 3.99604e-05 5.73559e-06 3.92219e-05 0 -3.47079e-10 2.67346e-05 2.84489e-05 -5.62117e-10 -4.09275e-05 -2.98468e-05 -2.32305e-10 0 -4.82748e-10 -6.65762e-08 6.5873e-08 -4.21431e-05 -6.47146e-11 -4.01332e-09 -3.30468e-06 -4.15784e-09 -5.27066e-08 9.34878e-06 1.52833e-07 -9.5454e-09 -2.05949e-07 1.41198e-06 -5.68466e-06 6.04422e-07 0 -3.93695e-05 -5.18341e-09 -1.0371e-05 -2.63803e-08 -1.84292e-09 0 2.80565e-07 -3.51949e-07 -1.63731e-09 2.46789e-07 -5.59431e-06 -3.27258e-05 -1.60536e-08 3.71057e-07 -4.91213e-07 -1.12103e-08 -3.19133e-07 0 -1.90081e-11 2.40121e-05 -1.08535e-10 -1.00737e-06 
-1.42839e-10 -1.26121e-09 2.89725e-05 0 -1.24196e-07 -5.28107e-09 8.5102e-07 -1.60319e-11 -6.36834e-10 -1.9616e-05 -1.96972e-08 7.21056e-06 -3.38824e-09 -4.0977e-09 -1.3405e-09 -9.38263e-09 1.51387e-05 1.37448e-06 -1.40972e-05 4.07173e-08 9.4431e-07 -6.97678e-10 1.46902e-05 3.14061e-07 1.77921e-05 -1.92866e-10 -2.89733e-13 -1.72143e-07 -9.96651e-06 1.30969e-08 -5.44699e-11 6.57344e-09 -4.90615e-11 3.55235e-06 -3.20474e-09 -5.96464e-10 -1.03736e-08 0 -9.72789e-09 -4.7468e-09 -7.63458e-08 -2.16227e-08 -1.16956e-10 0 -8.1898e-11 -1.94486e-05 1.84262e-07 -1.03785e-06 4.70316e-08 9.66458e-06 -5.156e-09 -7.74152e-07 0 -2.31014e-10 -2.1174e-06 -6.61093e-06 -3.74142e-10 5.12939e-07 -1.91742e-05 -1.54621e-10 0 -3.21314e-10 -4.43128e-08 -5.2828e-10 8.6683e-08 -4.30737e-11 -2.67124e-09 2.43771e-05 -2.76744e-09 -3.50812e-08 -5.15431e-07 -3.33097e-10 1.93647e-07 2.12921e-07 -2.97457e-08 -3.50701e-06 1.09069e-08 0 -1.70992e-05 2.79883e-07 -8.18995e-06 -1.75586e-08 -1.22663e-09 0 -1.73729e-08 1.10977e-05 -1.08978e-09 -1.98866e-08 -1.9685e-05 -9.66128e-06 -1.06852e-08 -6.60454e-07 -2.33615e-07 -7.4615e-09 1.23009e-05 0 -1.26517e-11 8.7591e-07 -7.22402e-11 2.31617e-06 
0 0 0 0 0 0 0 0 0 0 0 0 0 0 0 0 0 0 0 0 0 0 0 0 0 0 0 0 0 0 0 0 0 0 0 0 0 0 0 0 0 0 0 0 0 0 0 0 0 0 0 0 0 0 0 0 0 0 0 0 0 0 0 0 0 0 0 0 0 0 0 0 0 0 0 0 0 0 0 0 0 0 0 0 0 0 0 0 0 0 0 0 0 0 0 0 0 0 0 0 
-2.11327e-08 4.18101e-05 -1.24196e-07 0 0.00426819 2.06534e-06 8.41316e-07 -2.3719e-09 7.84578e-06 -0.00381582 1.08958e-05 -4.70617e-06 -5.01285e-07 4.58375e-06 4.6065e-05 4.99619e-05 0.00202922 0.00316941 -0.00213963 -1.08677e-06 -2.69794e-05 1.10113e-07 0.00371217 0.000432285 0.00382253 -2.85342e-08 -4.28656e-11 0.00180905 -0.00388463 -0.000216806 -8.05873e-09 -0.00144763 -7.25857e-09 -0.000184095 -3.04136e-07 5.08735e-09 0.000309809 0 2.27441e-05 -9.89481e-08 0.00136883 0.000226288 1.39363e-07 0 3.7455e-07 -0.00382883 3.14593e-05 0.00250366 6.95826e-06 0.00291032 0.000167121 0.0035177 0 7.93916e-06 0.000903269 0.0029332 -5.53538e-08 -0.0025929 -0.00298523 -2.28759e-08 0 -4.7538e-08 2.44733e-06 1.30885e-05 -0.00273318 -6.37269e-09 -3.95207e-07 -0.000279337 3.05621e-08 8.01979e-06 0.000996696 5.59405e-06 -9.39971e-07 -1.99406e-05 1.32625e-05 -0.000559789 -1.617e-05 0 -0.0036725 -2.57096e-07 -0.0014923 -2.59777e-06 -1.81479e-07 0 -1.88363e-06 -0.000106487 -1.61232e-07 7.07511e-05 -0.00197654 -0.00353031 -1.49085e-06 -2.12831e-05 -4.83715e-05 -1.10392e-06 -1.01362e-05 0 -1.8718e-09 0.000125147 -1.06878e-08 5.30274e-05 
-8.98608e-10 -7.93436e-09 -5.28107e-09 0 2.06534e-06 0.00018224 2.21146e-07 -1.00858e-10 -4.00637e-09 -0.000113471 7.9275e-07 1.43379e-06 -2.13157e-08 -2.57789e-08 -8.43318e-09 -5.90268e-08 8.14819e-05 0.000127972 -8.83768e-05 9.70317e-06 1.05611e-06 -4.38914e-09 0.00010134 -6.14829e-06 0.000150482 -1.21333e-09 -1.82273e-12 5.03691e-08 -3.43263e-05 5.23936e-08 -3.42674e-10 -9.32199e-07 -3.0865e-10 1.11885e-07 -2.01613e-08 -3.7524e-09 -6.52611e-08 0 -3.78655e-08 -2.98624e-08 2.42637e-06 3.77397e-06 -7.35777e-10 0 -5.15226e-10 -0.000153093 -1.53051e-06 2.64416e-05 -7.50787e-07 3.9561e-05 4.37563e-07 2.4176e-05 0 -1.45333e-09 -1.83275e-05 4.26968e-05 -2.35376e-09 -5.84935e-06 -0.000124911 -9.72732e-10 0 -2.02141e-09 -2.78775e-07 -3.32345e-09 -1.82134e-06 -2.7098e-10 1.65283e-08 -1.58768e-06 1.76592e-06 -1.07365e-07 2.40947e-05 -2.09554e-09 -3.99695e-08 -8.62371e-07 -1.87132e-07 -2.38034e-05 -7.07283e-07 0 -5.31892e-05 -2.17045e-08 -6.65523e-07 -1.10463e-07 -7.71685e-09 0 -1.09294e-07 -5.55233e-07 -6.85591e-09 9.38225e-07 -0.000140986 -9.28521e-05 -6.72212e-08 -3.94961e-07 -1.51352e-06 1.09639e-06 2.41036e-06 0 -7.95927e-11 2.28326e-07 -4.54468e-10 3.88352e-05 
-9.60742e-10 3.48504e-08 8.5102e-07 0 8.41316e-07 2.21146e-07 0.000194839 -1.07832e-10 -4.28339e-09 -0.000161982 -2.2485e-08 6.96953e-06 -2.27895e-08 5.05772e-07 -9.01629e-09 -6.31082e-08 0.000149809 0.000144246 -9.7442e-05 3.08246e-07 -1.22654e-06 -4.69263e-09 0.000125599 -8.38027e-06 0.000166549 -1.29723e-09 -1.94877e-12 -1.15785e-06 -0.000133076 -1.69858e-06 -3.66368e-10 -0.00012852 -3.29991e-10 -2.97273e-06 -2.15553e-08 -4.01186e-09 -6.97736e-08 0 -6.54305e-08 -3.19273e-08 1.68983e-06 3.07123e-06 -7.86652e-10 0 -5.50851e-10 -0.000165881 8.44042e-05 -6.22852e-06 3.16338e-07 9.53578e-05 2.1532e-07 8.34754e-07 0 -1.55382e-09 0.00013197 -1.6332e-05 -2.51651e-09 3.67089e-06 -0.000127193 -1.03999e-09 0 -2.16118e-09 2.03862e-06 -3.55325e-09 -2.2203e-06 -2.89717e-10 -1.7967e-08 -1.19116e-06 -1.8614e-08 2.20708e-07 2.76966e-05 -2.24043e-09 2.37393e-06 -7.05333e-07 -1.63405e-07 -2.53659e-05 -7.56188e-07 0 -0.000162615 -2.32053e-08 -0.000102983 -1.181e-07 -8.25043e-09 0 2.53315e-06 -2.09437e-06 -7.32996e-09 1.06624e-06 -5.74275e-05 8.3356e-06 -7.18692e-08 -4.3559e-07 -2.14241e-06 -5.01866e-08 4.66463e-06 0 -8.50961e-11 5.06944e-05 -4.85892e-10 -1.08649e-06 
-2.72793e-12 -2.40866e-11 -1.60319e-11 0 -2.3719e-09 -1.00858e-10 -1.07832e-10 5.53333e-07 -1.21623e-11 5.48233e-08 -3.76178e-10 -6.26001e-10 -6.47086e-11 -7.82579e-11 -2.56009e-11 -1.7919e-10 -9.49418e-08 3.41266e-07 -2.76677e-07 -1.38682e-09 -3.48265e-09 -1.33243e-11 -7.02767e-08 -1.71283e-08 -5.07607e-08 -3.68336e-12 -5.53333e-15 -3.28759e-09 4.69841e-08 2.50125e-10 -1.04027e-12 2.7356e-09 -9.36978e-13 -2.37641e-08 -6.12042e-11 -1.13913e-11 -1.98115e-10 0 -1.85784e-10 -9.06544e-11 -1.45805e-09 -4.12951e-10 -2.23362e-12 0 -1.56409e-12 5.4392e-08 -5.64801e-09 -2.02029e-08 -2.85768e-07 -3.80448e-08 -9.84694e-11 -2.81534e-08 0 -4.41191e-12 -8.65917e-08 2.80243e-07 -7.14538e-12 -4.78867e-07 -2.42209e-07 -2.95296e-12 0 -6.13647e-12 -8.46286e-10 -1.00891e-11 1.65547e-09 -8.22622e-13 -5.10155e-11 -4.20075e-08 -5.28526e-11 -6.69982e-10 1.47015e-07 -6.36149e-12 -1.21337e-10 -2.61793e-09 -5.68083e-10 2.37739e-07 -2.14712e-09 0 4.67426e-08 -6.58891e-11 -1.86852e-08 -3.35335e-10 -2.34263e-11 0 -3.31788e-10 -1.43041e-08 -2.08127e-11 -3.79795e-10 3.82917e-08 4.84845e-08 -2.04066e-10 -1.26134e-08 -6.24407e-09 -1.425e-10 -4.05667e-09 0 -2.41622e-13 -9.05683e-10 -1.37964e-12 -1.28052e-08 
-1.08361e-10 -9.56789e-10 -6.36834e-10 0 7.84578e-06 -4.00637e-09 -4.28339e-09 -1.21623e-11 2.19795e-05 -6.52893e-06 1.9839e-07 5.518e-07 -2.57041e-09 -3.10863e-09 3.88983e-07 -7.11793e-09 -1.77136e-06 2.92001e-06 -8.03708e-06 -5.50886e-08 -1.38341e-07 -5.29278e-10 5.96841e-06 5.15813e-06 5.9403e-06 -1.46314e-10 -2.198e-13 7.42274e-06 -6.60366e-06 -4.26731e-07 -4.13224e-11 -3.808e-06 -3.72195e-11 2.22689e-07 -2.43121e-09 -4.52495e-10 2.19213e-06 0 1.22595e-06 -3.60106e-09 2.05542e-06 2.80693e-06 -8.87259e-11 0 -6.21301e-11 -5.79606e-06 1.12311e-07 7.13748e-06 -5.40987e-07 3.53542e-06 -3.91149e-09 6.82167e-06 0 1.71649e-06 -3.43967e-06 3.01568e-06 -2.83835e-10 -7.50443e-06 -1.87485e-06 -1.173e-10 0 -2.43758e-10 5.97164e-08 -4.00769e-10 -7.87424e-06 -3.26769e-11 5.7464e-07 -1.47866e-06 -2.09946e-09 -2.66136e-08 9.56516e-07 -2.52697e-10 -4.81985e-09 4.72675e-07 -2.25659e-08 -2.55041e-06 -8.52899e-08 0 -4.69991e-06 -2.61731e-09 -8.28536e-06 -1.33205e-08 -9.3056e-10 0 -1.31796e-08 -5.68199e-07 -8.26741e-10 -1.50866e-08 -1.52589e-05 -6.01406e-06 -8.10608e-09 -5.01039e-07 3.27197e-06 -5.66051e-09 -4.44759e-08 0 -9.59793e-12 -3.59764e-08 -5.48035e-11 -4.7866e-07 
3.25122e-07 -3.87338e-05 -1.9616e-05 0 -0.00381582 -0.000113471 -0.000161982 5.48233e-08 -6.52893e-06 0.0892617 -0.000424233 -0.000771807 1.15532e-05 7.84596e-06 -4.16826e-05 -2.33582e-05 -0.0801211 -0.0463951 0.0479646 -0.00117644 0.000620543 1.6058e-06 -0.0706775 0.00334441 -0.0812407 5.16197e-07 9.90782e-10 -0.00127935 0.0708644 0.000392877 1.56267e-07 0.00443124 -6.98894e-07 0.00332566 4.65704e-07 -1.1307e-05 -0.000293936 0 -2.16775e-05 -1.34577e-05 -0.00216962 -0.000257832 -2.92005e-06 0 -2.12327e-06 0.0805567 0.000395616 -0.03242 -0.000152161 -0.061874 -0.000159638 -0.0450716 0 -7.18335e-06 -0.0248714 -0.0329145 -2.87237e-07 0.00105213 0.0643642 5.28747e-07 0 -5.21223e-07 9.59968e-05 -1.18301e-05 0.0026899 1.47296e-07 -2.1792e-05 -0.0156276 -1.6213e-05 -4.17051e-05 -0.0154439 -1.02143e-05 1.45729e-05 0.000320922 2.96859e-05 0.0128771 -0.00329756 0 0.0749289 -0.000105429 0.00303981 5.99574e-05 3.45131e-06 0 3.37656e-05 -0.023183 3.72666e-06 -0.000615875 0.0336833 0.0603752 8.55937e-06 0.00158616 0.000983151 2.08156e-05 -0.00159629 0 -6.67359e-08 -0.00111833 2.47035e-07 -0.00971047 
-3.35161e-09 4.1374e-07 -1.96972e-08 0 1.08958e-05 7.9275e-07 -2.2485e-08 -3.76178e-10 1.9839e-07 -0.000424233 0.000679378 7.77421e-06 -7.95028e-08 -9.61498e-08 -3.14539e-08 -1.40157e-07 0.000362375 0.000304086 -0.000302303 4.04278e-06 -4.27888e-06 -1.63705e-08 0.000395883 -2.60485e-05 0.000405807 -4.52547e-09 -6.7984e-12 -3.94256e-06 -0.000390781 -3.81602e-06 -1.2781e-09 -2.54623e-05 -1.1512e-09 -2.14338e-05 1.4147e-07 8.2671e-08 -2.4341e-07 0 -2.11592e-07 -4.71379e-09 -6.41403e-07 6.45597e-06 -2.74429e-09 0 -1.92168e-09 -0.000407463 -3.93263e-06 5.11182e-05 7.53566e-07 0.000150427 -1.20982e-07 0.00013411 0 -5.42059e-09 0.000202864 0.000236591 -8.779e-09 -1.38838e-06 -0.000322434 -3.62808e-09 0 -7.53943e-09 -3.977e-08 -1.23957e-08 -1.35727e-05 -1.0107e-09 -6.2679e-08 -3.39849e-05 2.91731e-07 -8.23157e-07 5.82995e-05 -7.81589e-09 -1.49078e-07 -3.21646e-06 -6.97962e-07 -8.43815e-05 -2.28134e-06 0 -0.000425981 -8.09531e-08 2.54084e-06 -3.95335e-07 -2.87822e-08 0 7.9569e-07 -1.11944e-05 -2.5571e-08 -2.13293e-07 -0.00014871 -0.000311114 -2.5072e-07 -1.54004e-05 -7.65163e-06 -1.75079e-07 -4.00413e-06 0 -2.96863e-10 -4.29413e-07 -1.69507e-09 -1.20461e-05 
-5.57744e-09 -4.92466e-08 7.21056e-06 0 -4.70617e-06 1.43379e-06 6.96953e-06 -6.26001e-10 5.518e-07 -0.000771807 7.77421e-06 0.00113005 -1.32301e-07 -1.66702e-08 -5.23427e-08 -3.66365e-07 0.000820935 0.000720847 -0.000565251 2.82379e-05 -2.98385e-06 4.59424e-07 0.000355571 -4.79804e-05 0.00078764 -7.53086e-09 -1.13133e-11 -6.56836e-06 -0.000205061 5.11397e-07 -2.12689e-09 -4.83355e-06 -1.91571e-09 0.000349113 1.71531e-07 4.72671e-06 -4.0506e-07 0 1.09602e-05 -1.85349e-07 1.39891e-06 7.42361e-07 2.87665e-08 0 7.80135e-07 -0.000800565 2.27589e-05 1.72938e-05 -2.44369e-05 0.000221358 8.20062e-08 0.000374099 0 -9.02044e-09 -0.000167589 -0.000228287 -1.46092e-08 2.27088e-05 -0.000784197 -6.03751e-09 0 -1.25464e-08 -1.08696e-06 -2.06279e-08 2.93473e-06 -1.68191e-09 7.63903e-06 0.000246759 -7.80606e-08 -1.09822e-07 1.29746e-05 1.26994e-07 4.61859e-06 3.97141e-05 -4.98151e-07 -0.000117195 1.37673e-06 0 -0.000360772 1.33986e-05 -0.00040699 3.71772e-06 2.2521e-06 0 -1.41696e-07 0.000177988 -4.2553e-08 -2.0985e-07 -0.00100581 -0.000470384 -4.17226e-07 -2.20722e-05 0.000199 1.4092e-05 -2.86079e-06 0 -4.94013e-10 0.000122282 -2.82077e-09 0.000260942 
-5.76531e-10 -5.09054e-09 -3.38824e-09 0 -5.01285e-07 -2.13157e-08 -2.27895e-08 -6.47086e-11 -2.57041e-09 1.15532e-05 -7.95028e-08 -1.32301e-07 0.00011693 -1.65393e-08 -5.41058e-09 9.82129e-07 -2.0032e-05 3.93835e-06 -5.78005e-05 -2.93096e-07 -5.89369e-07 -2.816e-09 -1.25425e-05 1.90443e-06 -1.05446e-05 -7.78453e-10 -1.16943e-12 -4.51477e-07 9.5431e-06 5.28623e-08 -2.19853e-10 5.78151e-07 -1.98024e-10 -5.02238e-06 -1.29351e-08 -2.40747e-09 -4.18704e-08 0 -3.92641e-08 -1.91592e-08 -8.14997e-09 -8.72744e-08 -4.72061e-10 0 -3.3056e-10 9.65539e-06 -1.27003e-07 -4.26975e-06 1.89831e-07 -8.00719e-06 -2.08108e-08 -5.95003e-06 0 -9.32428e-10 -1.61006e-05 -2.58326e-06 -1.51013e-09 -2.10338e-05 -1.51885e-05 -6.24088e-10 0 -1.2969e-09 -1.78857e-07 -2.13227e-09 3.49873e-07 -1.73856e-10 -1.07818e-08 1.13199e-06 -1.117e-08 6.78404e-07 2.05639e-05 -1.34446e-09 -2.56437e-08 -2.16615e-07 -1.20061e-07 1.18015e-05 -4.5378e-07 0 -1.28792e-06 -1.39252e-08 -2.97098e-06 -7.08708e-08 -4.95099e-09 0 6.13212e-07 -3.02307e-06 -4.39863e-09 -8.02672e-08 -5.62731e-06 7.16355e-06 2.02054e-08 1.69425e-06 -1.00298e-06 -3.01164e-08 2.59317e-07 0 -5.10653e-11 -1.9141e-07 -2.91579e-10 -2.70629e-06 
-6.9725e-10 -6.15645e-09 -4.0977e-09 0 4.58375e-06 -2.57789e-08 5.05772e-07 -7.82579e-11 -3.10863e-09 7.84596e-06 -9.61498e-08 -1.66702e-08 -1.65393e-08 0.00014141 -6.54349e-09 2.442e-07 -2.19801e-05 1.37414e-05 -6.1241e-05 -3.478e-07 7.49846e-07 -3.40563e-09 -8.7358e-06 7.21681e-05 1.11907e-06 -9.41452e-10 -1.4143e-12 2.91637e-06 4.10229e-06 -2.60689e-08 -2.65888e-10 3.22543e-07 -2.39488e-10 -3.34068e-06 9.43564e-08 -2.91157e-09 -5.06376e-08 0 -4.74856e-08 2.26829e-07 1.97399e-06 -1.05549e-07 -5.70906e-10 0 -3.99775e-10 -2.74427e-06 3.65306e-06 4.52621e-06 -5.5042e-07 -8.22412e-06 -2.51684e-08 -1.91257e-06 0 -1.12767e-09 -2.12192e-05 1.05113e-05 -1.82633e-09 -4.70244e-05 -3.60599e-05 -7.54765e-10 0 -1.56846e-09 1.60359e-07 -2.57874e-09 -4.81687e-06 -2.10259e-10 -1.30394e-08 1.2923e-05 -1.35089e-08 9.20885e-08 -3.19769e-05 -1.62597e-09 7.5232e-07 6.95087e-06 -1.452e-07 -4.99625e-06 -5.0213e-07 0 1.66058e-06 -1.6841e-08 -9.31862e-06 -8.57104e-08 -5.98767e-09 0 -8.48038e-08 -3.2894e-06 -5.31965e-09 -9.70743e-08 -4.56928e-05 1.4258e-06 6.24508e-07 -3.22393e-06 -1.43596e-06 -3.64225e-08 2.61131e-05 0 -6.17578e-11 -2.31489e-07 -3.52632e-10 -1.57963e-06 
-2.28095e-10 1.94653e-07 -1.3405e-09 0 4.6065e-05 -8.43318e-09 -9.01629e-09 -2.56009e-11 3.88983e-07 -4.16826e-05 -3.14539e-08 -5.23427e-08 -5.41058e-09 -6.54349e-09 4.62645e-05 4.41684e-07 -7.87517e-06 3.43845e-05 -2.31342e-05 -1.15958e-07 -2.912e-07 -1.1141e-09 4.03905e-05 -1.9896e-06 4.20223e-05 -3.07982e-10 -4.62667e-13 4.57918e-05 -4.23381e-05 -4.47624e-05 -8.69813e-11 -4.54713e-05 -7.83449e-11 -1.98702e-06 -5.11756e-09 -9.52476e-10 4.60501e-05 0 -1.55342e-08 5.95753e-07 7.1419e-08 4.57621e-05 -1.86763e-10 0 -1.3078e-10 -4.17187e-05 -4.72255e-07 4.45774e-05 7.51034e-08 4.30856e-05 3.95184e-05 4.39126e-05 0 -3.689e-10 -7.24032e-06 3.53204e-05 -5.97457e-10 -4.53325e-05 -3.22369e-05 -2.4691e-10 0 -5.13097e-10 -7.07618e-08 -8.43596e-10 -4.61249e-05 -6.87831e-11 -4.26563e-09 -3.51244e-06 -4.41924e-09 -5.60201e-08 1.22926e-05 -5.31912e-10 -1.01455e-08 -2.18897e-07 1.18917e-06 -6.04204e-06 -1.7953e-07 0 -4.23583e-05 -5.50928e-09 -4.58747e-05 -2.80388e-08 -1.95878e-09 0 -2.77423e-08 -1.19269e-06 -1.74024e-09 1.02491e-06 -4.30649e-05 -4.22127e-05 -1.70628e-08 3.98674e-07 -5.22095e-07 -1.19151e-08 -3.39196e-07 0 -2.02031e-11 -7.57282e-08 -1.15358e-10 -1.0707e-06 
3.51737e-07 -1.40966e-08 -9.38263e-09 0 4.99619e-05 -5.90268e-08 -6.31082e-08 -1.7919e-10 -7.11793e-09 -2.33582e-05 -1.40157e-07 -3.66365e-07 9.82129e-07 2.442e-07 4.41684e-07 0.000323732 -5.55277e-05 0.000222069 -0.000148841 -3.38301e-07 -2.03821e-06 -7.79799e-09 1.35941e-05 -8.72596e-07 2.24191e-05 -2.15567e-09 -3.23837e-12 7.19226e-05 -2.58661e-05 -3.76948e-07 -6.08813e-10 1.07767e-06 -5.48363e-10 -1.39045e-05 -3.58196e-08 4.46667e-07 6.13405e-06 0 -2.53959e-08 -5.30552e-08 4.81533e-05 2.70166e-06 -1.30722e-09 0 -9.15378e-10 -2.33939e-05 -3.30548e-06 4.1333e-05 5.25675e-07 1.09677e-05 1.0157e-06 3.64067e-05 0 -2.58206e-09 -4.99209e-05 0.000231457 -4.18181e-09 -0.000294831 -0.000176081 1.11605e-07 0 -3.59135e-09 -4.95287e-07 2.0441e-06 -5.21878e-05 -4.81437e-10 -2.98567e-08 -2.31481e-05 -3.09318e-08 -3.12105e-07 1.21032e-05 -3.72304e-09 -7.1012e-08 9.05453e-06 -2.42469e-07 -2.0687e-05 -1.2566e-06 0 -1.3414e-05 -3.85614e-08 -8.98897e-05 -1.96254e-07 -1.37102e-08 0 -1.94178e-07 -8.37142e-06 -1.21806e-08 -2.22274e-07 -3.21199e-05 -3.02679e-05 6.40571e-07 -7.38193e-06 -2.19766e-06 -6.73099e-09 -1.50749e-06 0 3.98586e-08 -8.00483e-08 -8.07433e-10 -6.09754e-06 
-2.65897e-07 2.98244e-05 1.51387e-05 0 0.00202922 8.14819e-05 0.000149809 -9.49418e-08 -1.77136e-06 -0.0801211 0.000362375 0.000820935 -2.0032e-05 -2.19801e-05 -7.87517e-06 -5.55277e-05 0.142141 0.0330392 -0.0761718 0.0016879 -0.00107648 -3.54835e-06 0.0615954 -0.00558497 0.0735449 -1.14216e-06 -1.71582e-09 -0.000525163 -0.0674769 -0.000291089 -2.45907e-07 -0.00398926 8.49455e-07 -0.00338815 -4.9353e-06 9.54104e-06 5.27269e-05 0 -2.91058e-05 1.84659e-05 0.00061831 -4.36774e-05 2.99072e-06 0 1.155e-06 -0.0774954 -0.00104112 0.0283047 0.000177814 0.0554769 -2.81174e-05 0.040223 0 1.09526e-06 0.0537687 0.0293454 4.29764e-06 0.00189998 -0.0902015 -5.8234e-07 0 4.97049e-06 0.00105163 -3.1285e-06 -0.000973389 -2.55085e-07 2.69008e-05 0.0347702 8.56443e-06 -7.64627e-05 -0.0189665 9.46405e-06 -3.16616e-05 -0.000536663 -0.000114285 -0.0217778 0.00320007 0 -0.0676222 9.67953e-05 -0.00153398 -9.8143e-05 4.16247e-06 0 -6.50965e-05 0.0213607 -6.25375e-06 0.00056498 -0.0298326 -0.0532901 0.000124852 -0.00257847 0.00520719 -3.99941e-05 0.00119906 0 3.5076e-08 0.00100329 4.219e-08 0.0110923 
1.75757e-06 3.10971e-05 1.37448e-06 0 0.00316941 0.000127972 0.000144246 3.41266e-07 2.92001e-06 -0.0463951 0.000304086 0.000720847 3.93835e-06 1.37414e-05 3.43845e-05 0.000222069 0.0330392 0.190829 -0.127771 0.000981997 -0.00160911 -3.73583e-06 0.0627952 -0.00952945 0.0470888 -1.10909e-06 -2.56748e-09 0.00115666 -0.0382757 -0.000132691 -4.82687e-07 -0.00338206 2.52398e-08 -0.0103101 1.07144e-05 9.35108e-06 0.000260124 0 3.97262e-06 5.08094e-05 0.00185265 0.00021409 1.66026e-06 0 1.22093e-06 -0.0486444 -0.00181285 0.00730728 0.000385999 0.0305866 0.00013225 0.0176338 0 5.92619e-06 0.00322896 0.114112 -9.98808e-07 -0.0115861 -0.135656 -9.80179e-07 0 -2.40067e-06 -0.000362546 1.32986e-05 -0.00210453 -3.48366e-07 -6.04466e-06 0.00389136 2.91529e-05 0.00019591 0.0366474 5.19825e-06 -4.47725e-06 0.000748981 -0.000210209 -0.0244163 -0.00084937 0 -0.0424347 2.18873e-05 -0.00306953 0.000117384 -9.54319e-06 0 -8.01405e-05 -0.00137855 -8.85382e-06 0.000438847 -0.01834 -0.0270395 8.60097e-05 -0.0050891 -0.00221541 2.26298e-06 -0.00109683 0 1.3122e-07 0.00106431 -6.16825e-07 0.00410248 
-2.34509e-06 -2.17658e-05 -1.40972e-05 0 -0.00213963 -8.83768e-05 -9.7442e-05 -2.76677e-07 -8.03708e-06 0.0479646 -0.000302303 -0.000565251 -5.78005e-05 -6.1241e-05 -2.31342e-05 -0.000148841 -0.0761718 -0.127771 0.25 -0.00124411 0.00241381 -9.60379e-06 -0.0633798 -0.018264 -0.0458619 -1.40179e-06 -5.00019e-09 -0.00227588 0.0422495 0.000211349 -9.40036e-07 0.00247126 -7.40032e-07 0.016142 -3.22971e-05 -1.00737e-05 -0.000179017 0 -0.000158483 -7.94531e-05 -0.00131501 -0.000372569 -2.01508e-06 0 -1.22672e-06 0.0477714 -0.00507533 -0.0182534 -0.000115333 -0.0343782 -8.89817e-05 -0.0253952 0 -3.98682e-06 -0.030501 -0.112647 -6.31358e-06 0.00835027 0.137335 -9.28434e-07 0 -2.79521e-06 -0.000739246 -8.99701e-06 0.00149436 -6.53361e-07 -3.21767e-05 -0.0354301 -3.32268e-05 -0.000573255 -0.0491091 -5.68855e-06 -0.000108229 -0.00229811 -0.000510938 0.0271995 -0.00193779 0 0.0422141 -5.78339e-05 0.00339421 -0.000176155 -2.00225e-05 0 -0.000297433 -0.0129224 -8.76405e-06 -0.000342791 0.0293243 0.0280084 -0.00017702 0.00342165 -0.00554885 -0.000122667 -0.00337047 0 -2.50083e-08 -0.000818183 5.99953e-07 -0.00818674 
-1.23561e-08 -1.091e-07 4.07173e-08 0 -1.08677e-06 9.70317e-06 3.08246e-07 -1.38682e-09 -5.50886e-08 -0.00117644 4.04278e-06 2.82379e-05 -2.93096e-07 -3.478e-07 -1.15958e-07 -3.38301e-07 0.0016879 0.000981997 -0.00124411 0.00250003 -1.56179e-05 2.22981e-07 0.00203415 -0.000102879 0.000990141 -1.66836e-08 -2.50631e-11 8.55621e-07 -0.00227915 -1.0204e-06 -4.71186e-09 -0.000119409 -4.24401e-09 -0.000107302 -2.77223e-07 -5.15965e-08 2.11264e-06 0 5.8885e-06 9.27168e-08 0.000100099 2.05862e-05 5.79883e-07 0 4.79582e-07 -0.00224772 6.59083e-06 6.15161e-06 4.04842e-06 0.00060071 -1.66014e-07 0.00029421 0 -1.99836e-08 0.00168567 0.00178062 1.09686e-08 2.53265e-05 -0.00173811 -1.33753e-08 0 -2.77949e-08 3.47668e-05 4.24302e-07 -1.59649e-05 -3.72604e-09 -2.31073e-07 -0.000186282 4.50394e-06 -2.55133e-06 -0.000579935 1.64519e-07 -4.29591e-07 -1.05945e-05 -2.57312e-06 -0.000327303 0.000117731 0 -0.000948441 -2.98443e-07 -0.000111196 -1.51889e-06 -1.06109e-07 0 2.05384e-06 -5.11654e-06 -9.42705e-08 2.46564e-05 -0.000571339 -0.00118784 8.31924e-05 -5.46318e-05 -2.0979e-05 5.34551e-07 -1.66446e-05 0 -1.09442e-09 9.64177e-05 -6.24906e-09 -5.64808e-05 
-3.10292e-08 -2.73976e-07 9.4431e-07 0 -2.69794e-05 1.05611e-06 -1.22654e-06 -3.48265e-09 -1.38341e-07 0.000620543 -4.27888e-06 -2.98385e-06 -5.89369e-07 7.49846e-07 -2.912e-07 -2.03821e-06 -0.00107648 -0.00160911 0.00241381 -1.56179e-05 0.00625434 -1.51558e-07 -0.000780374 -0.000200825 -0.000577364 2.57144e-06 -6.29395e-11 -3.71817e-05 0.000534082 -5.52492e-06 -1.18326e-08 3.11164e-05 -1.06578e-08 0.0025591 6.71716e-06 -1.29572e-07 -2.25349e-06 0 -2.11322e-06 -9.11159e-07 -1.12448e-05 -1.85049e-06 -2.54066e-08 0 -1.77909e-08 0.000615785 -6.23206e-05 -0.000219393 -0.000490183 -0.000432745 -1.12005e-06 -0.000308064 0 -5.01838e-08 -0.000984824 -0.00144534 -3.79426e-08 0.000117303 -0.00320936 -3.35887e-08 0 -6.97999e-08 -9.62618e-06 -1.1476e-07 1.88304e-05 2.4731e-07 -4.02815e-08 -9.67027e-05 -8.11774e-08 -2.91411e-06 0.00110306 -7.23595e-08 2.61984e-06 -2.73813e-05 -5.9384e-06 -9.37614e-05 -2.44227e-05 0 0.000520856 1.06387e-06 -5.61491e-05 1.7179e-05 2.90202e-07 0 -3.57729e-06 -0.000161863 1.05326e-06 -4.32002e-06 -0.0029523 -0.00425679 -2.32117e-06 0.00458725 -6.53006e-05 -7.34215e-07 2.15936e-05 0 -2.74836e-09 -8.5218e-06 -1.56929e-08 -0.000145654 
-1.18714e-10 -1.0482e-09 -6.97678e-10 0 1.10113e-07 -4.38914e-09 -4.69263e-09 -1.33243e-11 -5.29278e-10 1.6058e-06 -1.63705e-08 4.59424e-07 -2.816e-09 -3.40563e-09 -1.1141e-09 -7.79799e-09 -3.54835e-06 -3.73583e-06 -9.60379e-06 2.22981e-07 -1.51558e-07 2.40794e-05 -2.17497e-06 -2.48844e-07 -9.12343e-07 -1.60293e-10 -2.408e-13 -1.4307e-07 1.35132e-06 -2.02448e-07 -4.52704e-11 -3.77619e-07 -4.07755e-11 7.91666e-08 -2.66349e-09 -4.95727e-10 -8.6216e-09 0 -8.08494e-09 -3.94511e-09 2.16548e-07 -1.79708e-08 -9.72029e-11 0 -6.80661e-11 9.20368e-07 -2.45791e-07 -4.85858e-07 3.90884e-08 -9.78971e-07 2.09048e-07 -4.45181e-07 0 -1.91998e-10 -2.96164e-06 -5.44344e-06 -3.10953e-10 2.71153e-07 5.24528e-06 -1.28507e-10 0 -2.67047e-10 -3.68288e-08 -4.39059e-10 -1.4129e-07 -3.57989e-11 -2.2201e-09 -3.74753e-07 -2.30004e-09 -2.91563e-08 3.64446e-06 -2.7684e-10 2.98053e-07 -1.13927e-07 4.53861e-06 -1.71131e-06 -9.01053e-08 0 1.35748e-06 -2.86737e-09 -2.34388e-07 -1.45931e-08 -1.01947e-09 0 1.12228e-07 -4.42486e-07 -9.05729e-10 -1.6528e-08 -1.58803e-05 1.01329e-06 -5.54721e-09 -5.32242e-07 5.79494e-06 -6.20132e-09 2.34617e-08 0 -1.05149e-11 2.4392e-07 -6.00395e-11 -4.50591e-07 
-5.52807e-07 3.75181e-05 1.46902e-05 0 0.00371217 0.00010134 0.000125599 -7.02767e-08 5.96841e-06 -0.0706775 0.000395883 0.000355571 -1.25425e-05 -8.7358e-06 4.03905e-05 1.35941e-05 0.0615954 0.0627952 -0.0633798 0.00203415 -0.000780374 -2.17497e-06 0.110876 -0.00459387 0.0716703 -8.45437e-07 -1.27006e-09 0.00115199 -0.0710802 -0.000360586 -2.08771e-07 -0.00419281 -2.15064e-07 -0.00511445 -1.04148e-05 -2.33797e-06 0.000282557 0 -6.51605e-06 1.61955e-05 0.00217758 0.000407999 1.79399e-06 0 2.04433e-06 -0.0737367 0.00222435 0.0313793 0.000205836 0.0596515 0.000155118 0.0437199 0 6.96067e-06 0.0175465 0.0525571 4.64993e-06 -0.00841684 -0.0832393 -3.47789e-07 0 1.18169e-07 -7.7924e-05 1.13209e-05 -0.00260758 -1.88816e-07 -1.11229e-05 0.010497 2.83621e-05 -0.00010544 0.0228217 9.85652e-06 -2.49536e-05 -0.000510841 -5.78683e-05 -0.0162196 0.00321502 0 -0.0716085 9.59699e-05 -0.00338774 -5.77491e-05 -5.18035e-06 0 -5.80316e-05 0.0224675 -4.70379e-06 0.000341349 -0.0441252 -0.0575233 -3.47623e-05 -0.00226487 -0.00143023 -2.84879e-05 0.00175425 0 5.45407e-08 0.00135435 -2.93335e-07 -0.00209947 
-2.02005e-07 2.12475e-06 3.14061e-07 0 0.000432285 -6.14829e-06 -8.38027e-06 -1.71283e-08 5.15813e-06 0.00334441 -2.60485e-05 -4.79804e-05 1.90443e-06 7.21681e-05 -1.9896e-06 -8.72596e-07 -0.00558497 -0.00952945 -0.018264 -0.000102879 -0.000200825 -2.48844e-07 -0.00459387 0.0411537 -0.00333584 2.25041e-06 -4.30029e-10 0.000176418 0.00302458 -2.91457e-06 8.91545e-08 0.000162237 -7.28183e-08 -0.00164498 -8.96556e-07 -2.01954e-07 -1.34034e-05 0 5.3935e-05 1.29802e-06 0.000412649 6.70404e-05 -1.73589e-07 0 1.15112e-07 0.00350563 0.00181071 -0.000949658 -0.000279904 -0.00241392 0.000101851 -0.00143449 0 -1.0621e-07 -0.00292013 -0.00362924 -1.58645e-07 -0.00175858 0.00516862 2.05717e-06 0 2.30974e-08 -4.30535e-05 -1.84087e-07 -0.000473813 -6.3931e-08 -3.88061e-07 -0.00088055 -6.87498e-07 -2.61984e-05 0.000229171 -4.94391e-07 0.00010682 0.0012504 0.000578531 -0.0046251 -0.000166666 0 0.00304452 -5.12065e-06 -0.00161335 6.66907e-06 5.89399e-07 0 1.11805e-06 -0.00110485 -1.15082e-06 -2.95162e-05 6.51252e-06 0.00274485 -1.57925e-05 -0.000683902 -0.000456005 0.000128215 0.000311841 0 -1.8778e-08 -5.77962e-05 -1.07221e-07 -0.000973448 
-4.5226e-07 3.90534e-05 1.77921e-05 0 0.00382253 0.000150482 0.000166549 -5.07607e-08 5.9403e-06 -0.0812407 0.000405807 0.00078764 -1.05446e-05 1.11907e-06 4.20223e-05 2.24191e-05 0.0735449 0.0470888 -0.0458619 0.000990141 -0.000577364 -9.12343e-07 0.0716703 -0.00333584 0.0833207 -6.10658e-07 -9.17363e-10 0.00130597 -0.0711178 -0.000396195 -1.42464e-07 -0.00446617 -1.5534e-07 -0.00351691 -1.78695e-06 1.21515e-05 0.000298165 0 4.15257e-06 1.24205e-05 0.00218039 0.000297714 2.88969e-06 0 2.14403e-06 -0.0816575 -0.000363275 0.0328548 0.00014664 0.0623171 0.000161388 0.0453905 0 7.24189e-06 0.0230519 0.0310632 -2.44621e-07 -0.00116863 -0.0638928 -4.89566e-07 0 4.42645e-07 -0.000101728 1.1244e-05 -0.00270423 -1.36381e-07 -6.54778e-06 0.0164837 1.9651e-05 -9.21522e-06 0.0185744 1.02987e-05 -1.02562e-05 -0.000433099 -2.1575e-05 -0.011975 0.00325495 0 -0.0757605 0.000106276 -0.00303064 -5.41613e-05 -3.21048e-06 0 -2.93199e-05 0.0234094 -3.45051e-06 0.000619784 -0.0354255 -0.0610768 -3.16151e-05 -0.00150045 -0.00100598 -2.05682e-05 0.00195104 0 6.99418e-08 0.00113022 -2.28729e-07 0.00405836 
-3.28174e-11 -2.89765e-10 -1.92866e-10 0 -2.85342e-08 -1.21333e-09 -1.29723e-09 -3.68336e-12 -1.46314e-10 5.16197e-07 -4.52547e-09 -7.53086e-09 -7.78453e-10 -9.41452e-10 -3.07982e-10 -2.15567e-09 -1.14216e-06 -1.10909e-06 -1.40179e-06 -1.66836e-08 2.57144e-06 -1.60293e-10 -8.45437e-07 2.25041e-06 -6.10658e-07 6.65662e-06 -6.65667e-14 -3.95501e-08 5.65224e-07 3.00904e-09 -1.25145e-11 3.29096e-08 -1.1272e-11 1.91078e-06 -7.36294e-10 -1.37039e-10 -2.38335e-09 0 -2.235e-09 -1.09058e-09 3.02459e-07 -4.96785e-09 -2.68707e-11 0 -1.88162e-11 6.54342e-07 -6.79463e-08 -2.43043e-07 -1.98586e-06 -4.57684e-07 -1.1846e-09 -3.38689e-07 0 -5.30758e-11 -1.04171e-06 -1.20432e-06 -8.59598e-11 -5.60688e-08 -1.67145e-06 -3.55244e-11 0 -7.38224e-11 -1.01809e-08 -1.21373e-10 1.99155e-08 -9.89624e-12 -6.13722e-10 -1.62022e-07 -6.35823e-10 -8.05996e-09 1.71194e-06 -7.65295e-11 -1.4597e-09 -3.1494e-08 -6.83411e-09 1.46403e-06 -2.58301e-08 0 5.55653e-07 -7.92654e-10 -1.84408e-06 -4.03412e-09 -2.81821e-10 0 -3.99145e-09 -1.7208e-07 -2.50379e-10 -4.56898e-09 -5.07935e-06 -1.19339e-06 -2.45493e-09 1.89826e-06 -7.51169e-08 -1.71429e-09 -2.54689e-08 0 -2.90674e-12 -1.08955e-08 -1.65973e-11 -1.54048e-07 
-4.93e-14 -4.353e-13 -2.89733e-13 0 -4.28656e-11 -1.82273e-12 -1.94877e-12 -5.53333e-15 -2.198e-13 9.90782e-10 -6.7984e-12 -1.13133e-11 -1.16943e-12 -1.4143e-12 -4.62667e-13 -3.23837e-12 -1.71582e-09 -2.56748e-09 -5.00019e-09 -2.50631e-11 -6.29395e-11 -2.408e-13 -1.27006e-09 -4.30029e-10 -9.17363e-10 -6.65667e-14 1e-08 -5.94143e-11 8.4911e-10 4.52033e-12 -1.88e-14 4.94386e-11 -1.69333e-14 -4.29471e-10 -1.1061e-12 -2.05867e-13 -3.5804e-12 0 -3.35753e-12 -1.63833e-12 -2.63504e-11 -7.46297e-12 -4.03667e-14 0 -2.82667e-14 9.82988e-10 -1.02072e-10 -3.65113e-10 1.62327e-11 -6.87557e-10 -1.77957e-12 -5.08796e-10 0 -7.97333e-14 -1.56491e-09 -2.345e-09 -1.29133e-13 2.01199e-10 3.03237e-09 -5.33667e-14 0 -1.109e-13 -1.52943e-11 -1.82333e-13 2.99182e-11 -1.48667e-14 -9.21967e-13 -7.59172e-10 -9.55167e-13 -1.21081e-11 2.65689e-09 -1.14967e-13 -2.19283e-12 -4.7312e-11 -1.02666e-11 -1.30592e-09 -3.88034e-11 0 8.44747e-10 -1.19077e-12 8.40026e-11 -6.06027e-12 -4.23367e-13 0 -5.99617e-12 -2.58507e-10 -3.76133e-13 -6.86377e-12 6.92018e-10 8.76226e-10 -3.68793e-12 -2.27952e-10 -1.12845e-10 -2.5753e-12 -7.33133e-11 0 -4.36667e-15 -1.63678e-11 -2.49333e-14 -2.31419e-10 
-2.59579e-08 -1.01964e-07 -1.72143e-07 0 0.00180905 5.03691e-08 -1.15785e-06 -3.28759e-09 7.42274e-06 -0.00127935 -3.94256e-06 -6.56836e-06 -4.51477e-07 2.91637e-06 4.57918e-05 7.19226e-05 -0.000525163 0.00115666 -0.00227588 8.55621e-07 -3.71817e-05 -1.4307e-07 0.00115199 0.000176418 0.00130597 -3.95501e-08 -5.94143e-11 0.00590613 -0.00139445 -7.71276e-05 -1.11699e-08 -0.000337306 -1.00608e-08 -0.000247954 -6.57182e-07 8.61019e-07 0.000340883 0 2.33485e-05 1.83262e-07 0.00120026 0.000232396 -2.39836e-08 0 7.46539e-07 -0.0012977 -2.79557e-05 0.00166146 7.7179e-06 0.00137673 6.78493e-05 0.00155736 0 7.68929e-06 -0.000812944 0.00123208 -7.67237e-08 -0.00269715 -0.000776779 -3.17074e-08 0 -6.58905e-08 -2.97035e-06 1.7635e-05 -0.00183221 -8.83293e-09 -5.2778e-07 -0.000432903 2.58277e-08 2.26606e-06 0.000554951 4.28169e-06 -1.30286e-06 -6.63674e-06 7.51686e-06 -0.000121465 -2.30548e-05 0 -0.00118602 -7.07486e-07 -0.00133374 -2.944e-06 -2.5154e-07 0 -3.34591e-06 -0.0001475 -2.23477e-07 -2.83806e-06 -0.0012941 -0.00137719 -1.81783e-06 -0.00011244 -6.40825e-05 -1.5301e-06 -3.84886e-05 0 -2.59442e-09 -5.23479e-06 -1.4814e-08 -0.000137443 
2.58611e-07 -3.93505e-05 -9.96651e-06 0 -0.00388463 -3.43263e-05 -0.000133076 4.69841e-08 -6.60366e-06 0.0708644 -0.000390781 -0.000205061 9.5431e-06 4.10229e-06 -4.23381e-05 -2.58661e-05 -0.0674769 -0.0382757 0.0422495 -0.00227915 0.000534082 1.35132e-06 -0.0710802 0.00302458 -0.0711178 5.65224e-07 8.4911e-10 -0.00139445 0.0777011 0.000376567 1.29633e-07 0.00435945 -4.39551e-07 0.00359312 8.47867e-06 1.6547e-06 -0.000296492 0 -1.14409e-05 -2.37854e-05 -0.00221598 -0.000270545 -2.32724e-06 0 -2.29999e-06 0.0733587 0.000341497 -0.0326921 -0.000126304 -0.0622366 -0.00016176 -0.0453961 0 -7.29631e-06 -0.0243712 -0.0342795 -1.74352e-06 0.00131526 0.0580899 2.36475e-07 0 -1.94834e-06 -0.00108163 -1.20885e-05 0.00271813 1.26234e-07 -1.33816e-06 -0.0109255 -2.29429e-05 3.56044e-05 -0.0179161 -9.47381e-06 1.39696e-05 0.0003214 2.93177e-05 0.0109733 -0.00353986 0 0.0705813 -9.89291e-05 0.0027507 5.14583e-05 -4.48182e-06 0 1.02007e-05 -0.0230641 3.01045e-06 -0.000392889 0.0318503 0.0606241 -0.000153445 0.00130312 5.57582e-05 1.93838e-05 -0.00162379 0 -7.29222e-08 -0.00095256 4.17113e-08 0.00111768 
2.22852e-09 -3.85503e-05 1.30969e-08 0 -0.000216806 5.23936e-08 -1.69858e-06 2.50125e-10 -4.26731e-07 0.000392877 -3.81602e-06 5.11397e-07 5.28623e-08 -2.60689e-08 -4.47624e-05 -3.76948e-07 -0.000291089 -0.000132691 0.000211349 -1.0204e-06 -5.52492e-06 -2.02448e-07 -0.000360586 -2.91457e-06 -0.000396195 3.00904e-09 4.52033e-12 -7.71276e-05 0.000376567 0.000451829 8.49823e-10 0.000354999 7.65443e-10 1.86002e-05 -1.93334e-07 9.30586e-09 -5.30982e-05 0 -1.82156e-06 -5.29275e-07 -2.43055e-05 -5.76326e-05 -1.54842e-07 0 1.27775e-09 0.000393229 -2.09598e-06 -0.000333769 -7.33774e-07 -0.00036849 -6.06362e-05 -0.000405814 0 -4.96396e-07 -0.000202174 -9.2628e-05 5.83726e-09 0.000228005 0.00030244 2.41235e-09 0 -1.32165e-06 -1.51198e-06 -3.21758e-07 0.000267221 6.72023e-10 4.1676e-08 -0.000211713 -7.34899e-08 -9.60069e-08 -0.00011979 -3.2348e-06 9.91234e-08 1.93533e-06 -2.00026e-05 5.81918e-05 -2.55596e-06 0 0.000399111 -1.49507e-07 0.000102893 2.73944e-07 1.91376e-08 0 -1.91562e-06 -0.000161115 1.70025e-08 -7.23864e-05 0.000153802 0.000407788 1.66707e-07 -0.000270009 5.10096e-06 1.16412e-07 -4.3596e-05 0 1.97388e-10 -4.42401e-05 1.12707e-09 5.09092e-06 
-9.2684e-12 -8.18364e-11 -5.44699e-11 0 -8.05873e-09 -3.42674e-10 -3.66368e-10 -1.04027e-12 -4.13224e-11 1.56267e-07 -1.2781e-09 -2.12689e-09 -2.19853e-10 -2.65888e-10 -8.69813e-11 -6.08813e-10 -2.45907e-07 -4.82687e-07 -9.40036e-07 -4.71186e-09 -1.18326e-08 -4.52704e-11 -2.08771e-07 8.91545e-08 -1.42464e-07 -1.25145e-11 -1.88e-14 -1.11699e-08 1.29633e-07 8.49823e-10 1.88e-06 9.29446e-09 -3.18347e-12 -8.07406e-08 -2.07947e-10 -3.87029e-11 -6.73115e-10 0 -6.31216e-10 -3.08007e-10 -4.95387e-09 -1.40304e-09 -7.58893e-12 0 -5.31413e-12 1.54802e-07 -1.91896e-08 -3.86412e-08 3.05175e-09 -9.92608e-08 -3.34559e-10 -6.56536e-08 0 -1.49899e-11 2.55797e-07 -4.20861e-07 -2.42771e-11 3.78253e-08 5.40085e-07 -1.00329e-11 0 -2.08492e-11 -2.87533e-09 -3.42787e-11 5.62462e-09 -2.79493e-12 -1.7333e-10 -1.42724e-07 -1.79571e-10 -2.27632e-09 -2.27171e-07 -2.16137e-11 -4.12253e-10 -8.89465e-09 -1.93011e-09 -2.45512e-07 -7.29504e-09 0 1.28812e-07 -2.23864e-10 1.57925e-08 -1.13933e-09 -7.95929e-11 0 -1.12728e-09 -1.85994e-08 -7.07131e-11 -1.29039e-09 4.00994e-08 1.3473e-07 -6.93331e-10 -4.2855e-08 -2.12148e-08 -4.84156e-10 -1.37829e-08 0 -8.20933e-13 -3.07714e-09 -4.68747e-12 -4.35068e-08 
2.43732e-08 -3.67515e-05 6.57344e-09 0 -0.00144763 -9.32199e-07 -0.00012852 2.7356e-09 -3.808e-06 0.00443124 -2.54623e-05 -4.83355e-06 5.78151e-07 3.22543e-07 -4.54713e-05 1.07767e-06 -0.00398926 -0.00338206 0.00247126 -0.000119409 3.11164e-05 -3.77619e-07 -0.00419281 0.000162237 -0.00446617 3.29096e-08 4.94386e-11 -0.000337306 0.00435945 0.000354999 9.29446e-09 0.00491942 8.3716e-09 0.000207561 -2.39826e-07 1.01778e-07 -0.000128877 0 9.16584e-07 -3.33643e-08 -3.44794e-05 -0.000113434 -1.11671e-06 0 -7.66025e-07 0.00444099 -0.000315703 -0.00061406 -8.00524e-06 -0.00349281 -6.69802e-05 -0.00330583 0 -7.93391e-06 -0.00375614 -0.0030242 6.38417e-08 0.00074049 0.00342122 2.63837e-08 0 -1.27184e-06 -3.88187e-05 -9.7319e-07 0.000921192 7.34987e-09 3.12474e-07 3.53807e-05 -3.44456e-08 -5.16392e-06 -0.00121252 -6.61983e-06 1.08411e-06 2.31237e-05 -1.9361e-05 0.00064537 8.28052e-06 0 0.00449106 -1.32797e-06 0.000653714 2.99611e-06 2.09307e-07 0 -1.11225e-06 -8.05042e-05 1.85955e-07 -0.00041795 -0.000104578 0.00314754 1.82326e-06 -0.00019641 3.47855e-05 1.27319e-06 -5.50716e-05 0 -1.07841e-07 -0.000278161 1.23267e-08 -4.01429e-05 
-8.34813e-12 -7.37108e-11 -4.90615e-11 0 -7.25857e-09 -3.0865e-10 -3.29991e-10 -9.36978e-13 -3.72195e-11 -6.98894e-07 -1.1512e-09 -1.91571e-09 -1.98024e-10 -2.39488e-10 -7.83449e-11 -5.48363e-10 8.49455e-07 2.52398e-08 -7.40032e-07 -4.24401e-09 -1.06578e-08 -4.07755e-11 -2.15064e-07 -7.28183e-08 -1.5534e-07 -1.1272e-11 -1.69333e-14 -1.00608e-08 -4.39551e-07 7.65443e-10 -3.18347e-12 8.3716e-09 1.69333e-06 -7.27238e-08 -1.873e-10 -3.48601e-11 -6.06281e-10 0 -5.68542e-10 -2.77424e-10 -4.462e-09 -1.26373e-09 -6.83542e-12 0 -4.78649e-12 1.64526e-08 -1.72843e-08 -6.18257e-08 2.74874e-09 -1.16426e-07 -3.0134e-10 -8.61561e-08 0 -1.35015e-11 5.11675e-07 2.16246e-07 -2.18666e-11 3.40696e-08 -1.10985e-06 -9.03676e-12 0 -1.87791e-11 -2.58984e-09 -3.08751e-11 5.06615e-09 -2.51742e-12 2.31772e-08 7.01447e-07 -1.61742e-10 -2.0503e-09 -1.24343e-06 -1.94677e-11 -3.7132e-10 -8.01149e-09 -1.73847e-09 -2.21135e-07 -6.57071e-09 0 1.43044e-07 -2.01636e-10 1.42244e-08 -1.02621e-09 -7.16901e-11 0 -1.01535e-09 -4.37739e-08 -6.36919e-11 -1.16226e-09 1.17182e-07 1.48374e-07 -6.2449e-10 -3.85999e-08 -1.91084e-08 -4.36084e-10 1.37586e-07 0 -7.39422e-13 -2.77161e-09 -4.22204e-12 7.7748e-07 
-2.11729e-07 -1.86949e-06 3.55235e-06 0 -0.000184095 1.11885e-07 -2.97273e-06 -2.37641e-08 2.22689e-07 0.00332566 -2.14338e-05 0.000349113 -5.02238e-06 -3.34068e-06 -1.98702e-06 -1.39045e-05 -0.00338815 -0.0103101 0.016142 -0.000107302 0.0025591 7.91666e-08 -0.00511445 -0.00164498 -0.00351691 1.91078e-06 -4.29471e-10 -0.000247954 0.00359312 1.86002e-05 -8.07406e-08 0.000207561 -7.27238e-08 0.0411027 -1.55371e-06 -1.24138e-07 -1.53168e-05 0 -6.79631e-06 -2.04284e-06 -0.000110661 -3.10346e-05 -1.73363e-07 0 -1.21397e-07 0.00375667 -0.000259989 -0.00153184 -0.000681105 -0.0029453 -7.64273e-06 -0.00218252 0 -3.42432e-07 -0.00661597 -0.00989742 -5.54591e-07 0.00081017 0.00298985 -2.29194e-07 0 3.70497e-08 -3.09181e-05 -6.09736e-07 0.00012807 -1.38481e-08 1.12471e-05 -0.000697113 -1.34217e-06 -3.08375e-05 -0.0240038 -4.93749e-07 -6.35426e-06 8.12871e-06 -3.05862e-06 -0.00206669 -0.000162059 0 0.00342601 -4.774e-06 -0.000536126 -2.83769e-07 -1.79824e-06 0 -2.41851e-05 -0.00102054 2.77949e-07 -2.90546e-05 -0.00523877 0.0018115 -1.58386e-05 0.000786421 0.00263722 9.80316e-06 -0.000133269 0 -1.20869e-08 -7.42818e-06 -1.07081e-07 -0.000807989 
-5.45307e-10 -4.81485e-09 -3.20474e-09 0 -3.04136e-07 -2.01613e-08 -2.15553e-08 -6.12042e-11 -2.43121e-09 4.65704e-07 1.4147e-07 1.71531e-07 -1.29351e-08 9.43564e-08 -5.11756e-09 -3.58196e-08 -4.9353e-06 1.07144e-05 -3.22971e-05 -2.77223e-07 6.71716e-06 -2.66349e-09 -1.04148e-05 -8.96556e-07 -1.78695e-06 -7.36294e-10 -1.1061e-12 -6.57182e-07 8.47867e-06 -1.93334e-07 -2.07947e-10 -2.39826e-07 -1.873e-10 -1.55371e-06 0.000110598 -2.27709e-09 -3.96028e-08 0 -3.71377e-08 -1.81216e-08 1.44187e-06 -8.25479e-08 -4.46496e-10 0 -3.12658e-10 -1.90506e-07 1.33764e-06 -3.86851e-06 -9.03783e-07 -7.53507e-06 -1.96838e-08 -5.45779e-06 0 -8.8193e-10 -1.18961e-05 -2.51148e-05 -1.42834e-09 1.23546e-06 -4.25656e-05 -5.90289e-10 0 -1.22666e-09 -1.69171e-07 -2.01679e-09 1.60925e-07 -1.6444e-10 3.39802e-07 2.9528e-06 -1.05651e-08 2.36072e-07 2.81122e-06 -1.27165e-09 -2.42549e-08 -5.03318e-07 -1.13558e-07 -1.27747e-05 -1.92044e-08 0 7.83041e-06 -1.31711e-08 -3.74418e-06 2.1763e-06 -4.68286e-09 0 1.1701e-07 -2.85935e-06 -4.16041e-09 3.77413e-07 -7.96225e-06 4.1286e-06 3.69208e-07 -1.70471e-06 -1.18817e-06 -2.84854e-08 9.66242e-06 0 -4.82997e-11 3.78956e-07 -2.75788e-10 9.5936e-06 
