0.216317 0.0195112 0.00331536 -0.000156674 0.156699 0.004943 -0.00742381 -0.00494196 -1.40944e-05 -7.08879e-05 -0.00532605 -2.51468e-05 -0.00406108 -4.47699e-05 -7.83882e-05 -0.00710742 0.0799089 0.00237519 -0.00872428 0.00539305 7.96537e-05 -0.00629654 0.00463414 -0.00124853 0.0170888 -0.000365666 -0.0113252 -0.000805119 -0.000277321 -0.00625872 -0.138107 0.000342415 -2.89242e-05 -0.00122253 0.012244 -0.00245369 2.63766e-06 0.00159798 -0.000315399 -0.000169458 -0.00220939 0.00224431 -0.00020151 -0.00235249 -3.43453e-05 -0.00676231 -7.21501e-05 -1.00725e-05 -0.00121462 -0.000160682 -0.0123246 4.80051e-06 0.137199 -7.7035e-06 -5.01948e-05 -0.00540952 -3.12372e-06 -0.168451 -3.54608e-06 0.0109323 -8.84657e-07 -0.00409303 -0.00028052 -0.000830789 -0.0143105 0.000329031 -0.00284607 0.12368 -0.000172259 -1.19886e-05 -0.00261436 -0.0126478 0.022858 -0.00138018 -0.00126714 0.00576911 -0.00978885 -0.00467263 -5.85556e-07 -2.26706e-05 -0.000800538 -0.016194 -0.0783696 0.00709018 0.00313833 -0.159173 -1.31509e-05 -0.00535601 -0.000316149 -0.00471446 -4.47146e-06 0.00105948 0.00850366 -0.00173922 -0.115765 0.00518312 0.00706133 -0.00407632 -0.00524772 -0.00667992 
0.0195112 0.249871 -0.00545911 -0.000154238 0.0388163 0.0108143 -0.000626162 -0.00855686 -1.05443e-05 -0.000136368 -0.010401 -7.52756e-05 0.00261378 -3.39971e-05 -9.10185e-05 -0.0193438 0.113481 -0.0114609 -0.0150556 0.0229053 -0.000312133 -0.00599209 0.00356939 -0.000847632 0.0101313 -0.000244872 -0.00896489 -0.000637847 -0.000114204 -0.000213996 -0.0528084 -5.27767e-05 -3.24384e-05 -0.000902479 0.00373869 -0.00174061 -2.58323e-05 -0.0312417 -0.000316225 -0.000119816 -0.0187562 -0.00372257 -0.000324552 -0.0187861 -8.99599e-05 0.00196172 -0.000287545 -6.31499e-06 -0.000768776 -0.000119223 0.00430825 -1.91315e-05 -0.0376088 -7.75764e-06 -4.03821e-05 0.00193353 2.10307e-06 0.0119745 -7.44931e-06 0.0266547 -1.45529e-07 -0.00306069 -0.000305336 -0.00062614 0.0420035 -0.00168831 -0.0197555 -0.103892 -8.59674e-05 -1.02757e-05 -0.000234353 0.0137326 0.0348631 0.00114501 0.000526622 -0.0106973 -0.00210147 0.00255257 -4.38068e-07 -8.60736e-07 -0.000547302 -0.00702931 -0.0665503 0.0237532 -0.0150464 -0.00929996 -8.35747e-06 -0.0209091 -0.000421376 -0.00934546 -6.59738e-06 0.0227424 0.0125283 -0.000893843 -0.0634091 -0.0127906 -0.0637097 0.00255831 0.00329173 -0.0130413 
0.00331536 -0.00545911 0.0106373 -3.62858e-06 -0.00637426 -0.00883203 -0.000118892 -0.000122882 -2.21726e-07 9.978e-05 3.87727e-05 5.10994e-05 -6.39451e-05 -5.74891e-07 5.51429e-06 9.64258e-05 -0.000699953 0.00679234 -0.000235548 -0.00559529 0.000654603 -0.000118384 0.00224995 2.16959e-05 0.000294939 -8.84021e-06 -0.000229591 -1.18391e-05 -4.54753e-06 -8.04802e-05 -0.00217041 -1.25675e-05 -6.79263e-07 2.23238e-05 0.000159643 -2.60866e-05 1.00422e-05 0.00991305 -7.43512e-06 -8.12791e-07 0.00223198 0.00659387 6.8747e-05 0.00215624 1.42451e-06 -0.00011476 1.73938e-05 1.55756e-06 -1.91688e-05 -2.5725e-06 -0.000198427 4.57978e-06 0.00522111 2.55873e-08 2.98256e-06 -8.53088e-05 -4.91409e-08 -0.00385861 -1.16348e-07 -0.000627141 -1.78499e-08 3.04404e-05 7.07418e-05 -6.12361e-06 -0.00967457 -5.35179e-05 0.00276542 0.00599733 1.37814e-05 -9.43788e-08 -4.20778e-05 -0.00948155 -0.00905523 -3.22899e-05 -5.19627e-06 -0.000232734 -0.000142713 -0.000119618 -9.21169e-09 -2.98683e-07 -1.27623e-05 -0.00026952 -0.00148886 -0.00943872 0.00852139 -0.00261988 -5.71698e-07 0.00219933 -5.35738e-06 0.000721045 -1.56814e-07 -0.00854057 -0.00450887 -2.46556e-05 -0.00216556 0.00643403 0.00846016 -6.60417e-05 -8.78128e-05 0.0072831 
-0.000156674 -0.000154238 -3.62858e-06 0.000353755 -0.000211077 -0.000224441 -3.5076e-06 -4.33996e-06 2.0316e-05 -1.18696e-07 -7.16831e-06 -5.41024e-08 1.7049e-06 -2.35271e-08 0.000115899 -1.33983e-05 -0.000113428 -3.53958e-06 -1.10241e-05 -3.11092e-05 -1.02495e-08 4.96799e-06 0.000106561 -6.64042e-07 7.63915e-06 -2.90932e-07 -7.55662e-06 0.000260854 -1.49659e-07 0.000231347 -3.99346e-05 1.85005e-05 -2.26837e-08 2.7663e-06 -0.000243876 0.000259777 2.84183e-07 6.81694e-06 -1.11357e-07 0.000150013 -1.10568e-05 -1.79866e-06 1.49071e-07 -1.28524e-05 5.96608e-05 5.90234e-05 0.00023219 -5.34595e-09 -6.30845e-07 4.38553e-05 2.96423e-07 9.19339e-06 -0.000178139 -5.73993e-09 3.85493e-05 -2.19085e-06 -1.61723e-09 8.2451e-05 -5.58423e-09 -1.67959e-05 5.02746e-07 6.51288e-07 0.000264331 -4.39907e-07 -0.000129781 -3.76192e-06 -1.34965e-05 -0.000146608 6.61996e-05 -8.48132e-09 1.77522e-06 -0.000226905 -0.000198822 6.9665e-06 -4.97421e-07 -8.67369e-06 0.000229774 -3.8361e-06 5.5303e-07 -1.27916e-08 -2.27087e-08 -7.69325e-06 -4.1159e-05 -0.000244322 -1.07621e-05 -7.00138e-05 4.47852e-07 -1.43377e-05 -2.41149e-07 -6.63464e-06 5.29151e-06 -2.46798e-05 -0.000228541 5.40046e-05 -5.1947e-05 -4.60723e-06 -4.80078e-05 -1.55677e-06 3.32007e-06 0.000240847 
0.156699 0.0388163 -0.00637426 -0.000211077 0.217906 0.0309488 -0.00751708 -0.00584429 -1.4004e-05 -0.000135742 -0.00775166 -6.35204e-05 -0.00403955 -4.51154e-05 -0.000106468 -0.0206135 0.085036 -0.00938357 -0.0201546 0.0276786 -0.000572487 -0.00571978 0.00134902 -0.00125127 0.0168581 -0.000382051 -0.0119534 -0.000858787 -0.000268005 -0.00559612 -0.123643 0.000371631 -1.09001e-05 -0.0013172 0.0123378 -0.0026338 -2.02861e-05 -0.0263479 -0.0003336 -0.000178461 -0.0205502 -0.00462225 -0.000137516 -0.0209637 -5.58585e-05 -0.00736301 -0.000292754 -9.663e-06 -0.00121001 -0.000155664 -0.011877 -2.22684e-05 0.0998888 -1.04324e-05 -5.14309e-05 -0.00537003 -3.10371e-06 -0.136668 -1.03603e-05 0.00469357 -9.87386e-07 -0.00482293 -0.000437988 -0.000807237 0.0128482 0.000988668 -0.0220594 0.0920649 -0.000195775 -1.37936e-05 -0.00263588 0.0130288 0.0506291 -0.00188673 -0.00125553 0.00576262 -0.00933036 -0.00450621 -5.81804e-07 -2.35323e-05 -0.000792198 -0.016539 -0.0698677 0.0335839 -0.0207806 -0.117548 5.91529e-06 -0.0240863 -0.000273349 -0.00811512 -9.90424e-06 0.0246633 0.0311835 -0.00157008 -0.101627 -0.0152872 -0.0332239 -0.00402715 -0.00549022 -0.0174137 
0.004943 0.0108143 -0.00883203 -0.000224441 0.0309488 0.14367 -0.00411987 -0.0138236 -1.70338e-05 -0.000143133 -0.0166592 -0.000118294 0.00089296 -5.49207e-05 -0.000220939 -0.0314914 0.0263484 -0.00879565 -0.0250499 0.0376956 -0.000524613 0.001918 -0.0162985 -0.00138822 0.014122 -0.000297142 -0.0151349 -0.000373199 -0.000250252 -0.0023352 -0.0173365 -0.000376779 -5.19052e-05 -0.00158159 0.00957138 -0.00173243 -1.50488e-05 -0.0475067 -0.000310708 -0.000195221 -0.0299341 -0.00599203 -7.78123e-05 -0.0303462 -0.000145289 -0.00101125 -0.00087227 -6.85602e-06 -0.00147213 -0.000196696 0.0011833 -3.02696e-05 -0.015217 -8.49906e-06 -6.71218e-05 0.000358642 6.64802e-07 0.00101438 -1.30356e-05 0.003448 -5.07964e-07 -0.00565521 -0.000509704 -5.35074e-05 0.0478039 0.00144128 -0.031701 -0.0264617 -0.000147598 -2.04512e-06 -0.00084929 0.0389257 0.039526 0.000303614 0.000279661 -0.00551686 0.00269649 0.00166618 -7.07678e-07 -9.50347e-06 -0.000818391 0.00143729 -0.0106351 0.0419181 -0.0245902 0.00557315 5.50327e-06 -0.0340711 -8.08881e-05 -0.0147855 -1.0907e-05 0.0463124 0.0340208 0.000150088 -0.0113339 -0.0208148 -0.0515242 0.000912739 0.00126722 -0.0109467 
-0.00742381 -0.000626162 -0.000118892 -3.5076e-06 -0.00751708 -0.00411987 0.0109663 0.000466453 -2.2866e-07 -3.10948e-06 0.000297582 1.80313e-05 0.00477255 -6.80584e-07 -3.41473e-06 0.00490776 -0.00296403 -0.000294967 0.00434762 -0.00501691 -9.40534e-06 -0.000134583 -0.00027436 0.000218711 -0.0083055 3.364e-05 0.00654494 -1.15984e-05 4.31002e-05 -2.50688e-05 0.00284947 -1.39815e-05 8.42512e-07 0.00162968 -0.00644393 -3.40598e-05 -8.08998e-07 0.00399982 -2.22433e-06 -2.88826e-06 0.000194479 -8.05788e-05 2.57443e-05 0.000595149 -9.1488e-07 0.00677995 -8.16587e-06 3.09145e-07 0.00144159 9.45804e-05 -0.000126516 -4.1618e-07 -0.0050079 1.63466e-07 6.15334e-06 0.00556258 5.29322e-07 -0.00249604 -1.74988e-07 -0.000622149 2.74925e-07 0.00397612 -7.06224e-06 2.24499e-06 -0.00051149 9.73427e-05 0.00199738 -0.00405762 9.59619e-06 -2.32439e-07 0.0011797 -0.00169867 -0.0094473 -1.19371e-05 0.000696159 -0.000256614 0.00320985 0.00463086 -9.49979e-09 2.39916e-06 0.000858003 -0.000245619 0.00269285 -0.0093909 0.00188143 -0.0024502 -5.89578e-07 0.00448207 -5.71142e-06 0.000808174 9.31615e-07 -0.00451367 -0.00911096 -3.00473e-05 -0.00119042 -0.000220866 0.00305838 0.00487294 0.00485145 -0.000261999 
-0.00494196 -0.00855686 -0.000122882 -4.33996e-06 -0.00584429 -0.0138236 0.000466453 0.0165126 -4.96389e-08 4.65069e-05 0.0143662 2.17757e-05 -9.84082e-05 3.41134e-05 1.98325e-05 0.0147472 -0.0107936 0.000263788 0.0108641 -0.0139876 -1.33094e-05 -0.000206632 0.000220669 0.00148324 -0.0137409 0.000105386 0.0118746 -1.82343e-05 0.000281637 -0.000140585 0.00381072 1.14651e-05 6.13235e-05 0.000130221 -0.00936173 -6.02236e-05 -6.25225e-07 0.014795 -1.34933e-06 -3.78818e-06 0.0137271 -0.000114863 -4.72888e-06 0.0136782 1.69643e-05 0.000141348 -1.45433e-05 5.71629e-06 0.000307494 9.41321e-05 -0.000309916 2.50303e-06 0.00571497 8.30092e-06 3.57438e-06 -0.000110361 -7.67515e-08 -0.00575544 5.64165e-06 -0.000979043 -2.78791e-08 0.000737124 -7.98729e-06 -2.08774e-05 -0.0140741 -0.000177071 0.0128279 0.00671378 -4.92285e-06 2.44155e-07 -6.38899e-05 -0.0135282 -0.0147943 -5.06304e-05 -2.80336e-05 -0.000385575 -0.000380049 -0.000191 -1.43874e-08 9.69596e-07 7.31873e-05 -0.000403294 -0.000131746 -0.0148324 0.00028696 -0.0041402 -8.92915e-07 0.0138958 -1.63486e-05 0.0143072 3.06508e-06 -0.0154017 -0.0132477 -4.32358e-05 -0.00336277 -0.000346412 0.0118797 -0.000103148 -0.000137152 0.000335072 
-1.40944e-05 -1.05443e-05 -2.21726e-07 2.0316e-05 -1.4004e-05 -1.70338e-05 -2.2866e-07 -4.96389e-08 2.06196e-05 -6.91622e-09 -1.2335e-07 -3.15245e-09 -1.2266e-07 -1.37089e-09 2.03166e-05 -4.90439e-07 -1.23995e-05 -5.71976e-07 -3.50742e-07 -1.96566e-05 -1.7495e-08 -2.53779e-07 1.96366e-05 -3.86926e-08 4.01727e-07 -1.69521e-08 -1.43645e-07 2.02962e-05 -8.7204e-09 2.71915e-06 -3.89213e-06 1.40407e-05 -1.32174e-09 -4.00326e-08 -1.89913e-05 2.02414e-05 -1.5043e-09 -9.94544e-07 -1.42577e-08 -5.44499e-09 2.60756e-07 -1.50254e-07 -2.14192e-08 -4.61157e-07 6.70969e-06 2.00965e-05 2.0299e-05 -3.11499e-10 -3.67583e-08 2.03184e-05 1.82283e-06 1.72589e-06 -1.0555e-05 -3.34456e-10 5.91542e-07 1.26411e-07 -9.42334e-11 -7.45965e-06 -3.25384e-10 -1.20261e-06 -3.42292e-11 7.85601e-07 2.031e-05 -2.56327e-08 -1.73468e-05 -2.37652e-07 -5.05093e-07 -9.01222e-06 2.28062e-06 -4.94193e-10 -8.0689e-08 -1.87073e-05 -1.86773e-05 -6.21626e-08 -3.83068e-08 -5.05402e-07 1.98551e-05 -2.36342e-07 -1.76645e-11 -7.45344e-10 -2.48248e-08 -5.16835e-07 -2.88772e-06 -1.93957e-05 -6.40296e-07 -5.08472e-06 4.6557e-07 -5.54109e-07 -2.00724e-08 -9.5361e-08 2.86366e-07 -1.89356e-05 -1.91851e-05 9.73618e-07 -4.55466e-06 -5.20369e-07 -2.81407e-06 -1.26642e-07 -1.51725e-07 1.96589e-05 
-7.08879e-05 -0.000136368 9.978e-05 -1.18696e-07 -0.000135742 -0.000143133 -3.10948e-06 4.65069e-05 -6.91622e-09 0.000335301 4.50678e-05 4.62054e-07 8.36809e-06 3.40244e-05 -1.08729e-07 6.21099e-05 -0.000169289 9.4146e-05 0.000124866 -0.000240145 0.000132392 -4.12807e-06 -4.58698e-06 3.57939e-05 -0.000146556 -2.49083e-07 2.4601e-05 3.09855e-06 1.13248e-05 -3.5657e-06 -2.206e-05 -4.22894e-07 1.09517e-06 7.00881e-06 -0.000164822 1.97703e-06 4.38864e-07 0.000162547 -2.31922e-07 -8.85704e-08 4.23565e-05 9.71159e-05 0.000125035 8.06429e-05 -5.92295e-08 2.8199e-06 3.28137e-06 -5.06698e-09 3.69621e-05 -8.02432e-08 -1.90281e-06 -9.25473e-09 -2.14432e-05 -5.4404e-09 -2.91374e-08 6.08987e-07 -1.53284e-09 -0.000110255 1.28041e-07 -1.30022e-05 -5.56786e-10 5.01836e-05 1.71316e-06 8.39715e-07 -0.000187418 -6.69084e-07 8.34582e-05 6.62835e-05 8.11835e-06 4.20863e-06 3.92081e-06 -0.000210575 -0.000221355 -1.01116e-06 5.67069e-05 2.3056e-06 -6.49955e-06 6.38089e-05 -2.87337e-10 -1.21241e-08 2.84662e-05 -4.02705e-06 -4.67262e-05 -0.000235822 0.000111178 -7.82501e-05 -1.78328e-08 8.40176e-05 1.40161e-07 3.20531e-05 -4.89144e-09 -0.00017287 -0.000145729 4.75478e-05 7.11554e-05 2.20688e-05 0.000179334 2.23233e-05 1.34009e-05 0.000130309 
-0.00532605 -0.010401 3.87727e-05 -7.16831e-06 -0.00775166 -0.0166592 0.000297582 0.0143662 -1.2335e-07 4.50678e-05 0.0199545 1.06592e-05 -0.000120553 3.40791e-05 2.84037e-05 0.0179378 -0.0133746 5.51593e-05 0.0126186 -0.0163862 -1.60391e-05 -0.000204671 0.00200006 0.00112883 -0.0148618 7.52739e-05 0.01283 -1.52825e-05 0.000236369 -0.000176641 0.00362948 -9.18531e-06 5.94143e-05 -3.5146e-05 -0.0104789 -8.09399e-05 1.7732e-07 0.0187508 -1.34144e-05 1.89845e-05 0.0159188 -6.67347e-05 -1.60188e-05 0.0164913 2.92564e-05 -0.000103397 -2.35629e-05 9.38953e-07 0.000228125 5.72836e-05 -0.000374808 2.54554e-06 0.00814958 8.49628e-06 1.81505e-05 -0.000134011 -9.3088e-08 -0.00722207 5.49857e-06 -0.00118779 -3.38132e-08 0.00179972 -6.77492e-06 -2.43478e-05 -0.0168132 -0.00023197 0.0159939 0.00855323 -3.60067e-06 1.87515e-06 -3.64283e-05 -0.0172465 -0.0173594 -6.1177e-05 -3.75179e-05 -0.000492082 -0.000460327 -0.000232086 -1.74498e-08 8.40382e-07 -2.35864e-05 -0.000502103 -0.00108761 -0.0182791 0.00223812 -0.00501204 -9.09638e-07 0.0164651 -1.28684e-05 0.0142701 6.64295e-06 -0.0177608 -0.0164237 -5.41495e-05 -0.00439057 0.002241 0.0151493 -0.000120343 -0.000166344 0.000140496 
-2.51468e-05 -7.52756e-05 5.10994e-05 -5.41024e-08 -6.35204e-05 -0.000118294 1.80313e-05 2.17757e-05 -3.15245e-09 4.62054e-07 1.06592e-05 0.00015286 -9.09444e-07 6.98358e-08 1.62711e-06 3.23475e-05 -6.57699e-05 4.41159e-05 3.48432e-05 -0.000105427 -1.29714e-07 -1.8816e-06 1.54052e-05 1.83331e-05 -3.21486e-05 1.61098e-06 2.05387e-05 1.47545e-06 -6.46559e-08 4.59246e-07 1.99029e-05 -1.92757e-07 -9.79982e-09 1.29465e-05 -1.82743e-05 -6.07574e-07 4.55133e-08 0.00010967 -1.05711e-07 -4.03709e-08 4.80307e-05 4.6206e-05 7.74525e-07 3.51979e-05 -2.69972e-08 2.31363e-07 3.65982e-06 2.51024e-07 8.86413e-06 -3.65753e-08 -2.79453e-06 -5.73771e-09 2.27726e-05 -2.47977e-09 1.36005e-06 -1.21291e-06 -6.98677e-10 -2.33583e-05 -2.4125e-09 -8.91657e-06 -2.53786e-10 5.44133e-06 -9.8835e-08 4.73285e-07 -0.000106041 1.95797e-06 2.42788e-05 3.94738e-05 -4.48132e-08 -3.6641e-09 5.18175e-06 -0.000100596 -0.000102499 -4.60893e-07 5.14265e-06 -3.24054e-06 -3.47152e-06 -1.75232e-06 -1.3097e-10 2.00781e-06 1.85261e-06 1.86468e-06 4.66615e-06 -0.00010937 6.5316e-05 -8.79639e-06 -8.1283e-09 4.95387e-05 4.96784e-06 1.48134e-05 9.81104e-07 -8.45279e-05 -0.000108378 -4.67467e-07 -2.23306e-06 8.35118e-05 8.89225e-05 -9.38968e-07 -1.24851e-06 4.23705e-05 
-0.00406108 0.00261378 -6.39451e-05 1.7049e-06 -0.00403955 0.00089296 0.00477255 -9.84082e-05 -1.2266e-07 8.36809e-06 -0.000120553 -9.09444e-07 0.00591323 -3.95484e-07 7.54168e-06 -0.000226717 0.00155921 -0.000164988 -0.000179943 4.48397e-05 3.0029e-06 -2.06187e-05 -0.000188318 -9.89901e-06 -0.00567998 2.95695e-05 0.00151312 5.71406e-06 5.79676e-05 -4.93713e-05 -0.00120729 -7.5001e-06 5.42027e-07 -1.15489e-05 -0.00581857 -1.07004e-05 -4.33971e-07 -0.000338232 -4.11317e-06 7.44919e-06 -0.000218256 -4.33265e-05 9.6875e-06 -0.000218006 9.73622e-06 0.00575501 6.61261e-06 -8.98638e-08 9.9012e-08 -1.40646e-06 -0.000106798 -1.63252e-07 -0.00304627 3.2018e-07 5.3991e-07 0.00585433 5.16148e-07 -0.00193153 -9.38692e-08 -0.000332726 7.00125e-07 0.000195738 1.31844e-05 -7.32137e-06 0.000499092 -6.50698e-05 -0.000230615 -0.00259928 5.93634e-06 4.60765e-07 -2.32778e-05 -0.000886832 -0.00538711 9.07035e-05 0.00144569 -0.000135605 0.00431055 0.00570163 -5.09598e-09 -2.15023e-07 -5.49497e-06 6.63861e-05 -0.000755469 -0.00558171 -2.69675e-05 -0.00146381 -3.16268e-07 -0.000244802 -4.76731e-06 -9.73752e-05 7.29916e-07 0.000320761 -0.00543053 4.01093e-07 -0.00119653 -0.000149843 -0.00102213 0.00571114 0.00588126 0.000204144 
-4.47699e-05 -3.39971e-05 -5.74891e-07 -2.35271e-08 -4.51154e-05 -5.49207e-05 -6.80584e-07 3.41134e-05 -1.37089e-09 3.40244e-05 3.40791e-05 6.98358e-08 -3.95484e-07 6.64789e-05 -2.15515e-08 5.08655e-05 -4.7158e-05 -1.84417e-06 6.41926e-05 -6.33771e-05 1.01026e-06 -8.18237e-07 -1.8041e-06 2.87519e-05 -6.29449e-05 1.82201e-06 1.3097e-05 -8.7502e-08 9.49855e-06 -7.12054e-07 4.02144e-05 -8.38231e-08 1.04907e-06 5.54426e-06 -6.25006e-05 -2.64211e-07 5.1515e-07 4.95102e-05 -4.59699e-08 -1.75558e-08 3.04754e-05 -1.31119e-07 2.62709e-05 6.35699e-05 -1.17401e-08 1.79857e-06 3.28313e-07 -1.00434e-09 4.88981e-05 -1.59053e-08 -1.19017e-06 -2.49512e-09 -2.8053e-05 -1.07836e-09 -5.77541e-09 1.62589e-06 -3.03829e-10 -2.38482e-05 6.14562e-06 -3.87749e-06 -1.10362e-10 3.2567e-05 -4.29797e-08 1.17402e-06 -5.91487e-05 -7.66243e-07 4.2905e-05 -1.18873e-05 5.12718e-06 2.96507e-06 3.03984e-06 -5.99832e-05 -6.02195e-05 -2.00426e-07 7.98239e-08 -1.62952e-06 -1.50964e-06 5.81132e-06 -5.69541e-11 2.0093e-07 2.05066e-05 -8.39722e-07 -9.31064e-06 -6.2536e-05 3.92589e-05 -1.61909e-05 -3.5347e-09 6.37402e-05 1.38616e-07 1.85527e-05 3.15697e-07 -6.26763e-05 -6.18568e-05 -2.03284e-07 -1.44852e-05 1.04888e-06 3.40494e-05 -4.08323e-07 -5.42929e-07 1.83078e-05 
-7.83882e-05 -9.10185e-05 5.51429e-06 0.000115899 -0.000106468 -0.000220939 -3.41473e-06 1.98325e-05 2.03166e-05 -1.08729e-07 2.84037e-05 1.62711e-06 7.54168e-06 -2.15515e-08 0.000324058 3.31938e-06 -0.000161322 -5.53194e-06 -7.49446e-06 -5.53477e-05 6.8297e-08 -2.54628e-06 0.000176848 -5.84946e-07 -1.71873e-05 1.42017e-06 -4.32873e-06 0.000151287 3.66241e-07 0.000234421 -5.59313e-05 2.01846e-05 -2.07789e-08 -3.32678e-07 -0.000129348 0.000146872 -2.36488e-08 7.13078e-05 -2.24143e-07 6.49911e-05 -1.49928e-06 1.37245e-05 -3.36727e-07 -3.28028e-06 7.88528e-05 6.83603e-05 0.000131671 -4.89703e-09 -5.77871e-07 4.54424e-05 -6.61874e-07 7.60117e-06 -5.16676e-05 7.80754e-08 4.78184e-06 -7.25094e-07 -1.48143e-09 -3.10585e-05 -5.1153e-09 -1.78761e-05 1.09462e-07 7.83086e-06 0.000134184 8.50367e-07 -0.000176838 3.97243e-07 -1.09099e-06 -5.94862e-05 2.0295e-05 3.95564e-07 -9.08498e-07 -0.000211951 -0.000195685 -1.7058e-07 2.82779e-06 -2.052e-06 9.94226e-05 -1.62216e-06 8.56389e-07 -1.17174e-08 -3.90266e-07 -8.12507e-06 5.76959e-05 -0.000211453 -1.08931e-06 -7.90759e-05 4.49432e-07 -5.0349e-06 1.68111e-06 1.59103e-05 5.26861e-06 -0.000107236 -0.000198465 8.66215e-06 -6.98397e-05 3.72194e-05 0.000112352 -8.4759e-07 -4.60581e-07 0.000128915 
-0.00710742 -0.0193438 9.64258e-05 -1.33983e-05 -0.0206135 -0.0314914 0.00490776 0.0147472 -4.90439e-07 6.21099e-05 0.0179378 3.23475e-05 -0.000226717 5.08655e-05 3.31938e-06 0.0367149 -0.0269321 -0.00103634 0.0288911 -0.0344851 -3.16837e-05 -0.000469371 0.00334564 0.00154546 -0.0182116 9.92581e-05 0.0178757 -3.56534e-05 0.00029268 -0.000329978 0.00520838 -2.84644e-05 5.91965e-05 0.00169883 -0.011686 -0.000151606 5.01189e-06 0.0344864 -1.20307e-05 1.08968e-05 0.0295969 -0.000246149 2.54019e-05 0.0301353 1.38693e-05 0.00215815 -4.44774e-05 7.89002e-06 0.00167542 0.000181715 -0.000680048 1.51741e-06 0.0115204 7.85752e-06 2.3954e-05 0.000385828 -4.44459e-08 -0.0129751 7.87765e-06 -0.00222153 -6.33655e-08 0.00611604 -2.35538e-05 -3.39848e-05 -0.0280874 -0.000172448 0.0310487 0.0133236 -4.7023e-06 2.32848e-06 0.00115417 -0.0298091 -0.0336426 -0.000115076 -6.62373e-05 -0.000935605 -0.000866756 -0.000433056 -3.27007e-08 1.96877e-07 0.000886041 -0.000868821 0.000334048 -0.0350823 0.0163463 -0.00923525 -1.74614e-06 0.0343356 -2.88216e-05 0.0143551 7.54666e-06 -0.0341997 -0.0338056 -0.000113291 -0.00769987 0.014506 0.0289214 -0.000233962 -0.000311521 -0.00100475 
0.0799089 0.113481 -0.000699953 -0.000113428 0.085036 0.0263484 -0.00296403 -0.0107936 -1.23995e-05 -0.000169289 -0.0133746 -6.57699e-05 0.00155921 -4.7158e-05 -0.000161322 -0.0269321 0.206185 0.00535064 -0.021451 0.0295628 -0.000243149 0.00256111 -0.000971683 -0.00131295 0.0169515 -0.00038514 -0.0135474 -0.000815645 -0.000202685 -0.00452262 -0.102109 0.00014623 -4.42041e-05 -0.0013698 0.00796057 -0.00219722 -1.3706e-06 -0.0323095 -0.000307273 -0.000120482 -0.0260587 0.00103378 -0.000611188 -0.026039 -0.00010843 0.000360078 -0.00016373 -1.04455e-05 -0.00125301 -0.000163592 0.00156327 -2.34675e-05 0.0290595 -1.09418e-05 -5.84953e-05 0.0012734 -1.34493e-06 -0.0470641 -1.05397e-05 0.0155758 -4.50805e-07 -0.00465227 -0.00027091 -0.000830867 0.0463641 0.000297736 -0.0272581 0.00435734 -0.000116566 -1.60667e-05 -0.000899828 0.0249323 0.0323258 0.000545652 0.000142014 -0.0171425 0.00617262 0.00313645 -6.07651e-07 -1.36929e-05 -0.000844759 -0.00793609 -0.0960586 0.0274362 -0.0145082 -0.0661132 -6.19552e-06 -0.029225 -0.000343033 -0.00998907 -9.52758e-06 0.0249816 0.0244456 -0.00186918 -0.119265 -0.0141491 -0.0785605 0.00151698 0.00217526 0.00615454 
0.00237519 -0.0114609 0.00679234 -3.53958e-06 -0.00938357 -0.00879565 -0.000294967 0.000263788 -5.71976e-07 9.4146e-05 5.51593e-05 4.41159e-05 -0.000164988 -1.84417e-06 -5.53194e-06 -0.00103634 0.00535064 0.0269695 -0.000869975 -0.00269603 0.000585258 -0.000174094 0.000927717 -4.34643e-05 0.000889776 1.28853e-05 -0.00058612 -2.29652e-05 -1.16811e-05 -0.000131431 -0.00352815 -2.85002e-05 -1.77806e-06 -4.37935e-05 -2.7878e-05 -1.11505e-05 -6.50312e-07 0.009138 -1.76034e-05 -6.61483e-06 -0.000366831 0.00636158 3.99794e-05 -0.000457151 1.09835e-06 -0.000302467 -1.86683e-05 -1.65709e-07 -4.94488e-05 -6.63616e-06 -0.000334413 5.55229e-06 0.00371733 -4.49925e-07 -2.26968e-06 -0.000133198 -1.26767e-07 -0.00099965 -3.9772e-07 -0.00149117 -4.60466e-08 -0.000187466 3.89209e-05 6.98445e-05 -0.0130576 -7.07868e-05 -9.58846e-06 0.0063577 3.96251e-06 -6.64809e-07 0.000195144 -0.00686509 -0.00794731 -5.74704e-05 -5.00686e-05 -0.000611404 -0.000363846 -0.000312508 -2.3763e-08 -1.00267e-06 -3.11787e-05 0.00448057 -0.00367698 -0.00706035 0.00618116 -0.00677182 -1.47479e-06 -0.00054007 -2.33023e-05 0.00177945 -4.04526e-07 -0.00714173 -0.000864128 -8.39831e-05 -0.00479713 0.00347019 0.00387703 -0.000169665 -0.000208617 0.0143405 
-0.00872428 -0.0150556 -0.000235548 -1.10241e-05 -0.0201546 -0.0250499 0.00434762 0.0108641 -3.50742e-07 0.000124866 0.0126186 3.48432e-05 -0.000179943 6.41926e-05 -7.49446e-06 0.0288911 -0.021451 -0.000869975 0.0304113 -0.0290047 8.29111e-05 -0.000317314 0.00179897 0.00175987 -0.015491 3.38078e-05 0.015467 -4.06466e-05 0.000204195 -0.000314681 0.0057008 -3.41192e-05 4.13808e-05 0.00163127 -0.0104901 -0.000124775 2.83281e-06 0.027547 -2.04795e-05 -8.18749e-06 0.0243865 -0.000213172 0.000228453 0.024825 -3.40764e-06 0.00185814 -3.4583e-05 1.1519e-05 0.00166554 0.000181145 -0.000578136 3.48333e-07 0.00819404 7.53407e-06 2.8792e-06 0.000102417 -1.43485e-07 -0.0101548 1.07612e-05 -0.00181477 -5.21192e-08 0.005256 -2.02974e-05 -3.50363e-05 -0.0218405 -8.28288e-05 0.0257878 0.00952326 1.87355e-06 2.53085e-06 0.00120742 -0.023559 -0.0282146 -8.62554e-05 0.000147799 -0.000753935 -0.000300787 3.70528e-05 -2.68969e-08 1.41284e-05 0.000866687 -0.000732284 -0.000234498 -0.0284301 0.0152165 -0.00739954 -1.55928e-06 0.0286249 -1.86133e-05 0.0105851 8.01213e-06 -0.0286619 -0.027714 -4.74787e-05 -0.00644458 0.0119577 0.0239529 -0.000171923 -0.000226811 -0.000928941 
0.00539305 0.0229053 -0.00559529 -3.11092e-05 0.0276786 0.0376956 -0.00501691 -0.0139876 -1.96566e-05 -0.000240145 -0.0163862 -0.000105427 4.48397e-05 -6.33771e-05 -5.53477e-05 -0.0344851 0.0295628 -0.00269603 -0.0290047 0.0445393 -0.000747258 0.00057127 -0.00557508 -0.00172335 0.0179128 -0.000307422 -0.0179568 -3.77131e-05 -0.000285201 0.000440625 -0.00386807 1.72614e-05 -5.41318e-05 -0.00182818 0.0122137 -3.24443e-05 -1.80948e-05 -0.0411873 1.82028e-05 9.44431e-06 -0.0345652 -0.00357787 -0.00027781 -0.0349467 -2.60395e-05 -0.0024668 -0.000109209 -1.32308e-05 -0.00169727 -0.000224042 0.000751279 -2.37698e-05 -0.0146183 -1.01422e-05 -7.3379e-06 -0.000509734 4.68542e-08 0.0153491 -1.44427e-05 0.00250584 7.7559e-08 -0.00641225 -8.2302e-05 3.42603e-05 0.0344723 0.000143487 -0.0365124 -0.0169254 -5.80514e-05 -8.37689e-06 -0.00119736 0.0365651 0.0414735 7.32158e-05 -0.000194762 0.000826622 0.000989755 0.000293058 4.00254e-08 -1.63978e-05 -0.00094139 0.00107144 0.0012862 0.0424727 -0.0248988 0.0102771 1.39074e-06 -0.0392967 1.90848e-05 -0.0140378 -1.00086e-05 0.0388193 0.0404328 1.97013e-05 0.00869097 -0.0218381 -0.0356531 4.04157e-05 0.00012558 -0.00325806 
7.96537e-05 -0.000312133 0.000654603 -1.02495e-08 -0.000572487 -0.000524613 -9.40534e-06 -1.33094e-05 -1.7495e-08 0.000132392 -1.60391e-05 -1.29714e-07 3.0029e-06 1.01026e-06 6.8297e-08 -3.16837e-05 -0.000243149 0.000585258 8.29111e-05 -0.000747258 0.00084773 -1.04422e-05 3.82373e-05 9.82013e-05 -0.000110353 -6.97528e-07 2.80492e-05 9.51665e-06 2.83118e-06 -5.72712e-06 -0.000107276 -1.06974e-06 9.22281e-07 -7.63884e-07 -0.00020824 1.85815e-05 9.31436e-07 0.000589191 -5.86661e-07 2.06929e-06 -1.88472e-05 0.000577627 0.000180672 -1.56988e-05 2.46842e-07 7.24231e-06 7.04673e-06 3.20718e-06 -4.45826e-07 -2.9647e-08 3.76367e-05 -3.18423e-08 0.000219754 -1.37619e-08 -7.37049e-08 -6.62121e-06 1.13612e-06 -0.000283742 1.15328e-06 7.97941e-06 -1.40843e-09 5.5546e-06 1.62015e-05 1.95295e-07 -0.00058869 -5.402e-06 0.000143717 0.000268271 1.3858e-05 1.19967e-06 8.02323e-06 -0.000622757 -0.000686675 5.24022e-05 0.000137114 7.48427e-06 -1.88691e-05 5.89086e-05 -7.26839e-10 -3.06686e-08 4.3152e-06 -2.10895e-05 -0.000117121 -0.000781752 0.00062011 -0.000109254 -4.51093e-08 -2.82683e-06 1.37408e-06 -1.61107e-05 -1.23732e-08 -0.000613937 -0.000651831 0.000112786 4.37396e-05 0.000495165 0.00060374 2.5789e-05 1.06246e-05 0.000627865 
-0.00629654 -0.00599209 -0.000118384 4.96799e-06 -0.00571978 0.001918 -0.000134583 -0.000206632 -2.53779e-07 -4.12807e-06 -0.000204671 -1.8816e-06 -2.06187e-05 -8.18237e-07 -2.54628e-06 -0.000469371 0.00256111 -0.000174094 -0.000317314 0.00057127 -1.04422e-05 0.0121559 -0.000399369 -2.30944e-05 0.000133635 -9.59483e-06 -0.000261684 -9.80172e-06 -5.20159e-06 -0.000116832 -0.00242781 -1.54373e-05 -7.88905e-07 -2.38941e-05 -3.25497e-05 -4.70042e-05 1.91655e-05 -0.000295631 -7.14662e-06 -3.24993e-06 -0.000448158 -6.37719e-05 -6.60773e-06 -0.00045221 3.10334e-06 0.000262401 -8.78485e-06 -1.85924e-07 -2.19398e-05 -2.94438e-06 1.01816e-06 -4.61897e-07 -0.00549315 -1.56293e-07 -8.89144e-07 0.000555885 -5.62448e-08 0.00574039 -1.94211e-07 -0.000699068 -2.04303e-08 -8.24666e-05 -7.95641e-06 2.1174e-05 0.000585822 -6.77936e-05 -0.000477578 -0.00379365 -2.33088e-06 -2.94967e-07 -1.9544e-05 0.000548478 -0.00914698 2.26387e-06 2.96193e-05 -0.000266908 0.00990858 0.000279115 -1.05433e-08 4.60513e-06 -1.28838e-05 4.46646e-05 -0.00169702 0.000663485 -0.000207035 -0.00291972 -6.54344e-07 -0.00050769 4.29628e-05 -0.000111712 -1.79483e-07 0.000646699 0.000273303 -1.85486e-05 -0.00268191 -0.000295361 0.00675042 -2.73621e-05 0.000235903 0.00893347 
0.00463414 0.00356939 0.00224995 0.000106561 0.00134902 -0.0162985 -0.00027436 0.000220669 1.96366e-05 -4.58698e-06 0.00200006 1.54052e-05 -0.000188318 -1.8041e-06 0.000176848 0.00334564 -0.000971683 0.000927717 0.00179897 -0.00557508 3.82373e-05 -0.000399369 0.032194 -4.78887e-05 0.000108055 -1.13425e-05 5.7097e-05 0.000101235 -1.37342e-05 -5.04287e-05 -0.00654602 -4.35571e-06 -7.88065e-07 5.50238e-05 -3.07955e-05 1.84733e-05 1.10376e-06 0.00690981 -2.28908e-05 7.22692e-05 0.00445402 0.00120151 -3.23439e-05 0.00444824 0.000116272 0.00050074 0.000215637 3.35672e-08 -5.5428e-05 7.01493e-05 -0.000548309 4.35013e-06 0.00826684 1.06316e-06 6.15696e-06 -0.000252368 -1.52195e-07 -0.0118428 1.47448e-06 0.00387875 -5.52832e-08 -0.000133568 0.00014779 -4.11724e-05 -0.00771433 -0.00028711 0.00469528 0.00541956 3.39849e-05 3.98501e-07 -0.00012742 -0.0117165 -0.0053671 -8.01648e-05 -4.90756e-05 -0.000716659 -0.000373723 -8.9097e-05 8.28137e-07 -1.2038e-06 -3.96175e-05 -0.000823615 -0.00365386 -0.00669576 0.00337934 -0.00820409 4.01938e-06 0.00444183 -2.83454e-05 0.00057172 3.31766e-06 -0.00885777 -0.0115578 -9.84033e-05 -0.00710244 0.00679327 0.00734578 -0.000199426 0.00012312 0.00103689 
-0.00124853 -0.000847632 2.16959e-05 -6.64042e-07 -0.00125127 -0.00138822 0.000218711 0.00148324 -3.86926e-08 3.57939e-05 0.00112883 1.83331e-05 -9.89901e-06 2.87519e-05 -5.84946e-07 0.00154546 -0.00131295 -4.34643e-05 0.00175987 -0.00172335 9.82013e-05 -2.30944e-05 -4.78887e-05 0.00187294 -0.00178999 6.13399e-06 0.00158257 -2.4697e-06 1.40309e-06 -2.00574e-05 0.00129157 -2.33253e-06 1.54972e-06 3.86696e-06 -0.00125069 -7.45724e-06 -1.16894e-07 0.00125762 -5.08116e-08 -4.95504e-07 0.00139621 1.26323e-06 0.000161944 0.00132486 -2.98024e-07 0.000209282 -1.50816e-06 1.30383e-05 0.000145235 0.000154974 -3.42768e-05 1.23291e-06 -0.000669593 1.3929e-06 -1.63008e-07 -9.51696e-06 -8.57542e-09 -0.000559573 5.18372e-06 -0.000104164 -3.11492e-09 3.17594e-05 -1.33081e-07 1.29738e-06 -0.00110495 -1.73502e-05 0.000897082 0.000141874 2.43305e-07 -4.49725e-08 4.60305e-05 -0.000899701 -0.00169741 -5.65691e-06 0.000180937 -3.23759e-05 -3.58687e-05 1.89891e-05 -1.6075e-09 1.32988e-05 1.90342e-05 7.62699e-06 0.000296098 -0.00174502 0.000147252 -0.000259226 -9.97651e-08 0.00151456 7.78004e-06 0.00135768 1.45597e-06 -0.00163547 -0.00156186 3.00224e-05 -0.000246116 -4.11546e-05 0.00120073 -7.78471e-06 -5.70726e-06 -3.86256e-05 
0.0170888 0.0101313 0.000294939 7.63915e-06 0.0168581 0.014122 -0.0083055 -0.0137409 4.01727e-07 -0.000146556 -0.0148618 -3.21486e-05 -0.00567998 -6.29449e-05 -1.71873e-05 -0.0182116 0.0169515 0.000889776 -0.015491 0.0179128 -0.000110353 0.000133635 0.000108055 -0.00178999 0.0327226 -0.000197582 -0.0188135 4.18097e-06 -0.000405523 2.69337e-05 -0.0105517 2.70767e-05 -6.1929e-05 -0.00157675 0.0181387 7.13517e-05 1.58758e-06 -0.0167165 -9.21074e-05 -1.20062e-05 -0.0138449 0.000200559 -0.000280624 -0.0144817 -9.28573e-06 -0.0067076 2.67004e-05 -1.3925e-05 -0.00169343 -0.00017589 0.00047631 -7.12203e-07 0.00191342 -1.25406e-05 -8.25774e-06 -0.00617427 -1.10188e-06 0.00423565 -6.49887e-06 0.00185435 -6.63776e-07 -0.00489861 4.35921e-06 -0.00018907 0.0129278 0.000136443 -0.015173 0.000645888 -1.02654e-05 -8.65492e-06 -0.00118085 0.015328 0.0240053 -3.35638e-05 -0.00166872 0.000298983 -0.00408465 -0.00580887 2.90151e-08 -1.54657e-05 -0.00089125 0.000347206 -0.00500249 0.023464 -0.00403459 0.0018717 6.64074e-07 -0.0171442 -1.51997e-05 -0.0133571 -8.6994e-06 0.0176543 0.0220866 -0.000628341 2.88107e-05 0.000515134 -0.0180993 -0.00559656 -0.0058516 0.000476669 
-0.000365666 -0.000244872 -8.84021e-06 -2.90932e-07 -0.000382051 -0.000297142 3.364e-05 0.000105386 -1.69521e-08 -2.49083e-07 7.52739e-05 1.61098e-06 2.95695e-05 1.82201e-06 1.42017e-06 9.92581e-05 -0.00038514 1.28853e-05 3.38078e-05 -0.000307422 -6.97528e-07 -9.59483e-06 -1.13425e-05 6.13399e-06 -0.000197582 0.000821444 0.000164178 4.51463e-06 2.53423e-05 4.14982e-05 0.000176383 -8.99873e-07 -5.26979e-08 1.71406e-05 -0.000123245 -6.37187e-07 -5.99764e-08 4.98027e-05 2.86821e-06 -2.17092e-07 6.34256e-05 -5.91731e-06 2.89351e-07 5.33722e-05 1.54149e-06 5.08653e-05 1.26776e-06 -1.24195e-08 3.24244e-05 -1.16681e-07 -1.34675e-05 -3.08542e-08 -0.000252766 -1.33348e-08 -7.14176e-08 2.81444e-05 -3.75709e-09 0.000231657 -1.29731e-08 -4.57383e-05 -1.36472e-09 1.96399e-05 1.85852e-06 -5.15308e-07 -0.000144232 9.04479e-06 4.46138e-05 -0.000225878 1.95687e-07 -1.97035e-08 -3.14707e-06 -9.20157e-05 -0.000351716 -2.47842e-06 -4.07293e-07 0.00015786 -1.19179e-05 2.8237e-06 -7.04283e-10 2.14695e-06 2.05169e-05 9.6271e-06 0.000362023 -0.000123452 -2.50619e-05 9.91056e-05 -4.37094e-08 7.65129e-05 9.50971e-06 3.79932e-05 -1.19893e-08 -0.000107883 -9.92197e-05 -2.4871e-06 0.000320212 -1.80738e-05 0.000469931 4.05741e-05 2.98729e-05 -1.82966e-05 
-0.0113252 -0.00896489 -0.000229591 -7.55662e-06 -0.0119534 -0.0151349 0.00654494 0.0118746 -1.43645e-07 2.4601e-05 0.01283 2.05387e-05 0.00151312 1.3097e-05 -4.32873e-06 0.0178757 -0.0135474 -0.00058612 0.015467 -0.0179568 2.80492e-05 -0.000261684 5.7097e-05 0.00158257 -0.0188135 0.000164178 0.0208977 -2.81046e-05 0.000267889 -3.6743e-05 0.00863815 -2.55729e-05 5.61312e-05 0.00159622 -0.0132988 -8.13348e-05 -1.25782e-06 0.0164777 -4.14497e-06 -5.53538e-06 0.0129373 -0.00014542 0.000123732 0.0130687 -1.60743e-06 0.00395941 -2.41596e-05 1.19974e-05 0.00153843 0.000179871 -0.000394044 2.41931e-07 0.00133859 8.13698e-06 3.51168e-06 0.00218184 3.24139e-08 -0.00639556 5.4304e-07 -0.00118205 -3.5447e-08 0.00561693 -1.38046e-05 -1.4818e-05 -0.0113433 -3.13377e-05 0.0140946 0.00193651 4.07082e-06 7.15579e-08 0.00111648 -0.0125269 -0.0192706 -6.43742e-05 0.000134974 -0.00046691 -0.000232983 0.00128956 -1.82929e-08 3.3948e-06 0.000769392 -0.000510634 0.00256683 -0.0189401 0.00331826 -0.00457347 -1.1353e-06 0.0172698 -1.82632e-05 0.0114312 7.42526e-06 -0.0173696 -0.0183805 -5.9339e-05 -0.00334044 -0.000225503 0.014591 0.00153149 0.0015088 -0.000678359 
-0.000805119 -0.000637847 -1.18391e-05 0.000260854 -0.000858787 -0.000373199 -1.15984e-05 -1.82343e-05 2.02962e-05 3.09855e-06 -1.52825e-05 1.47545e-06 5.71406e-06 -8.7502e-08 0.000151287 -3.56534e-05 -0.000815645 -2.29652e-05 -4.06466e-05 -3.77131e-05 9.51665e-06 -9.80172e-06 0.000101235 -2.4697e-06 4.18097e-06 4.51463e-06 -2.81046e-05 0.00131442 3.18672e-06 0.000773224 0.000565208 1.79872e-05 -8.43652e-08 3.55714e-05 -0.000315111 0.000784999 1.08065e-06 -1.52998e-05 -5.86719e-07 0.000233356 -4.6585e-05 -6.26056e-06 -1.13716e-06 -4.82677e-05 9.21009e-05 5.69502e-05 0.000325089 -1.98826e-08 -2.19957e-06 4.62618e-05 -1.20439e-05 9.15727e-06 -0.000659047 -2.1348e-08 5.76757e-05 -1.04084e-05 -6.01481e-09 0.000503353 1.12256e-06 -7.38781e-05 5.01149e-07 6.15971e-05 0.000375869 6.97006e-05 -0.000200718 5.91509e-05 -5.08787e-05 -0.000536953 0.000156471 1.42351e-05 -4.04695e-06 -0.000269584 -0.000406137 -3.07776e-06 1.57159e-06 -2.87158e-05 0.000176124 -1.45088e-05 8.55539e-07 -4.75744e-08 2.88888e-05 -2.97956e-05 0.00052183 -0.00050847 -3.98493e-05 -0.000200361 3.96691e-07 -5.41373e-05 9.61821e-05 -2.42027e-05 5.27747e-06 1.59119e-05 -0.000300161 0.000138329 0.000368511 -1.71779e-05 -0.000151245 -7.05344e-06 -1.03549e-05 0.000299108 
-0.000277321 -0.000114204 -4.54753e-06 -1.49659e-07 -0.000268005 -0.000250252 4.31002e-05 0.000281637 -8.7204e-09 1.13248e-05 0.000236369 -6.46559e-08 5.79676e-05 9.49855e-06 3.66241e-07 0.00029268 -0.000202685 -1.16811e-05 0.000204195 -0.000285201 2.83118e-06 -5.20159e-06 -1.37342e-05 1.40309e-06 -0.000405523 2.53423e-05 0.000267889 3.18672e-06 0.000422731 -6.32811e-07 5.10244e-06 -5.33211e-07 1.94289e-06 6.14456e-05 -0.000316855 5.27931e-06 -3.08527e-08 0.000286294 3.64246e-07 3.28499e-06 0.000186788 -3.08167e-06 8.2607e-06 0.000203204 -5.80136e-08 0.000110001 -4.45086e-07 -6.38876e-09 8.40961e-05 -1.01176e-07 -7.69074e-06 -1.58718e-08 3.37071e-06 2.29807e-07 1.40326e-06 0.000106981 -1.9327e-09 -0.000150089 2.59993e-07 -2.46653e-05 -7.02031e-10 0.000132223 -1.00067e-07 -5.25718e-07 -0.000247317 1.04658e-05 0.000192553 -1.02813e-05 1.5986e-05 4.49653e-06 -1.65491e-06 -0.000362849 -0.000347752 4.7484e-06 5.65543e-05 -8.30897e-06 8.06937e-05 9.6896e-05 -3.62293e-10 -1.52868e-08 6.12309e-05 -9.2368e-06 8.2157e-05 -0.000358944 -3.02894e-06 -0.000101709 -2.24847e-08 0.000270234 -4.11679e-07 0.00022998 -6.16744e-09 -0.000298119 -0.000361964 7.90021e-06 -7.05681e-05 -1.06726e-05 0.000222943 5.60293e-05 9.5163e-05 -1.28134e-05 
-0.00625872 -0.000213996 -8.04802e-05 0.000231347 -0.00559612 -0.0023352 -2.50688e-05 -0.000140585 2.71915e-06 -3.5657e-06 -0.000176641 4.59246e-07 -4.93713e-05 -7.12054e-07 0.000234421 -0.000329978 -0.00452262 -0.000131431 -0.000314681 0.000440625 -5.72712e-06 -0.000116832 -5.04287e-05 -2.00574e-05 2.69337e-05 4.14982e-05 -3.6743e-05 0.000773224 -6.32811e-07 0.0105956 0.00440717 -1.06003e-05 -6.86528e-07 9.75663e-06 -8.81651e-05 0.0007419 -7.64683e-07 -0.000376336 -6.44894e-06 0.000253368 -0.000392317 -4.78272e-05 -1.0342e-05 -0.000393209 9.5442e-05 -6.28407e-05 0.000336404 -1.61796e-07 -1.89694e-05 2.2691e-05 -6.91027e-05 7.44471e-06 -0.00506123 -3.03871e-08 6.58696e-05 -8.47669e-05 -4.89459e-08 0.00597803 -1.69008e-07 -0.000523665 4.92221e-07 1.78595e-05 0.000334136 0.000484533 0.000551764 0.000327854 -0.000411967 -0.00417583 0.000133474 1.36833e-05 -3.25741e-05 0.000230248 -0.0024131 -1.21346e-05 -4.98699e-06 3.6782e-05 -5.84176e-05 -0.000111729 8.47492e-07 2.14953e-06 2.52824e-05 -0.00016888 0.00643997 -4.68525e-05 -0.00031109 -0.00218706 -4.22762e-07 -0.000440743 0.000312521 -0.00019209 4.85381e-06 0.000494971 -0.000210566 0.000138465 0.00330165 -0.000165939 0.00134322 -6.44829e-05 -7.35543e-05 0.00018009 
-0.138107 -0.0528084 -0.00217041 -3.99346e-05 -0.123643 -0.0173365 0.00284947 0.00381072 -3.89213e-06 -2.206e-05 0.00362948 1.99029e-05 -0.00120729 4.02144e-05 -5.59313e-05 0.00520838 -0.102109 -0.00352815 0.0057008 -0.00386807 -0.000107276 -0.00242781 -0.00654602 0.00129157 -0.0105517 0.000176383 0.00863815 0.000565208 5.10244e-06 0.00440717 0.161875 -0.000255884 6.14525e-06 0.00113977 -0.00516097 0.00240567 -1.35166e-05 -0.000985951 0.000360047 -4.14724e-05 0.000819903 -0.00145296 0.000111115 0.000658263 -3.56022e-05 0.000327508 -0.000205353 1.04612e-05 0.0011247 6.94709e-05 0.00104536 -5.85726e-06 -0.0965082 6.07837e-06 -1.14503e-05 -0.000721716 -7.9836e-07 0.114206 2.99108e-06 -0.0114459 2.12784e-07 0.00415543 4.00973e-05 0.000942791 0.0102865 -0.00203121 0.00125837 -0.0816675 3.28483e-05 2.65136e-06 0.000891295 0.0101201 -0.00538223 -0.000538761 -0.000194258 -0.00326079 -0.00438709 -0.00229919 -1.74025e-07 1.13471e-05 0.00055659 0.0114509 0.0906301 -0.000790618 -0.0023191 0.122111 5.13627e-06 0.00390594 0.000371499 0.00264673 1.84418e-06 -0.00118587 0.00101308 0.0011465 0.126708 -0.00501841 -0.011131 -0.00121156 -0.00156279 -0.00444244 
0.000342415 -5.27767e-05 -1.25675e-05 1.85005e-05 0.000371631 -0.000376779 -1.39815e-05 1.14651e-05 1.40407e-05 -4.22894e-07 -9.18531e-06 -1.92757e-07 -7.5001e-06 -8.38231e-08 2.01846e-05 -2.84644e-05 0.00014623 -2.85002e-05 -3.41192e-05 1.72614e-05 -1.06974e-06 -1.54373e-05 -4.35571e-06 -2.33253e-06 2.70767e-05 -8.99873e-07 -2.55729e-05 1.79872e-05 -5.33211e-07 -1.06003e-05 -0.000255884 0.00125922 -8.08181e-08 -2.4478e-06 5.99395e-06 1.39961e-05 5.08019e-07 -3.25613e-05 6.01544e-07 4.67065e-07 -1.75974e-05 -8.16733e-06 -6.73012e-07 -2.32539e-05 8.19069e-06 9.20896e-06 2.14507e-05 -1.90467e-08 -2.24759e-06 1.77584e-05 -2.07861e-05 5.66015e-07 -0.00027567 -2.04504e-08 4.83806e-07 -9.8027e-06 -5.76192e-09 -0.000420238 -1.98956e-08 -7.35341e-05 -2.09295e-09 -9.03312e-06 1.80816e-05 -1.55731e-06 -1.24421e-05 4.90254e-05 -2.28171e-05 0.000548233 4.05043e-06 3.93116e-07 -4.36708e-06 -7.01637e-05 3.9066e-05 -3.20094e-06 -2.34228e-06 -1.93895e-05 4.05074e-05 -1.42212e-05 -1.0801e-09 -4.55742e-08 -1.51791e-06 -3.1602e-05 -0.000172127 2.1805e-05 -3.30243e-05 -0.000307469 5.29633e-07 -2.89375e-05 2.86003e-07 1.71627e-05 2.6828e-07 -8.81941e-05 2.84684e-05 -3.68848e-06 -0.000256592 -2.81047e-05 -0.000227644 -7.56691e-06 -5.39639e-07 2.18581e-05 
-2.89242e-05 -3.24384e-05 -6.79263e-07 -2.26837e-08 -1.09001e-05 -5.19052e-05 8.42512e-07 6.13235e-05 -1.32174e-09 1.09517e-06 5.94143e-05 -9.79982e-09 5.42027e-07 1.04907e-06 -2.07789e-08 5.91965e-05 -4.42041e-05 -1.77806e-06 4.13808e-05 -5.41318e-05 9.22281e-07 -7.88905e-07 -7.88065e-07 1.54972e-06 -6.1929e-05 -5.26979e-08 5.61312e-05 -8.43652e-08 1.94289e-06 -6.86528e-07 6.14525e-06 -8.08181e-08 6.40959e-05 1.07889e-06 -5.56154e-05 -2.5474e-07 -4.67631e-09 5.79861e-05 -4.43219e-08 -1.69265e-08 5.24398e-05 -4.67086e-07 1.05342e-06 5.35009e-05 -1.13192e-08 2.74794e-07 2.77885e-08 -9.68337e-10 2.6024e-06 -1.53351e-08 -1.18285e-06 -2.40567e-09 2.69178e-05 -1.0397e-09 -5.56837e-09 4.71461e-07 -2.92937e-10 -2.31893e-05 -1.0115e-09 -3.73849e-06 -1.06406e-10 2.16075e-06 -4.14389e-08 -7.96825e-08 -5.72373e-05 -7.38774e-07 5.2311e-05 -9.22902e-06 -1.8789e-08 -1.53626e-09 -2.50832e-07 -5.80309e-05 -5.80607e-05 -1.93241e-07 8.40918e-07 -1.54444e-06 -4.75517e-07 1.3653e-06 -5.49123e-11 -2.317e-09 1.76283e-06 -1.60665e-06 -4.8602e-06 -6.02409e-05 -8.90444e-07 -1.58065e-05 -3.40798e-09 5.04619e-05 -6.23977e-08 5.76713e-05 -9.34792e-10 -5.94439e-05 -5.3606e-05 -1.95997e-07 -1.28888e-05 -1.61764e-06 4.92737e-05 6.12982e-07 4.86534e-07 2.1746e-06 
