0.000606811 -1.67624e-07 3.31633e-07 -0.000337564 -1.03805e-06 7.85943e-06 3.38069e-05 2.56506e-05 1.87671e-05 -0.000564936 7.17574e-05 -4.92777e-06 7.62764e-05 -1.04637e-08 6.14752e-05 -0.000239459 0.000555379 -0.000509844 2.38149e-05 0.000547955 -0.000573463 -0.000573676 -0.000385437 0.000582939 -1.02006e-06 3.29034e-05 -5.01126e-09 0.000538357 0.000311867 -5.75202e-09 -6.43611e-10 3.92701e-06 -2.14362e-05 0 -2.68981e-08 -0.000411455 6.56121e-05 1.36568e-05 0.000583288 1.36687e-05 -2.36986e-05 -2.33369e-06 -1.60842e-08 -3.82424e-07 -4.74434e-07 5.39949e-07 0 -1.06257e-09 -0.000207686 3.03179e-06 0.000485967 3.11083e-06 -2.77279e-10 -4.57874e-07 -9.23314e-06 -0.000562177 1.91273e-06 3.65499e-05 -3.6451e-08 -0.000583233 -0.000583695 5.96785e-05 1.15626e-05 -0.000504377 3.35358e-05 -0.000580537 0.000257353 9.59965e-06 1.05256e-06 6.03309e-09 3.90827e-05 5.23524e-06 -1.1334e-09 -7.04126e-09 4.55351e-06 -2.76874e-09 -7.08377e-10 0.000549276 -0.000571221 -7.77798e-09 2.82796e-05 0.000141702 1.81593e-07 0.000451344 -3.14262e-05 1.2379e-07 9.37631e-05 0.000180016 0.00052368 0.000358998 0.000345075 9.76008e-06 8.5367e-09 -0.000577667 -0.000563917 0.000583046 4.29431e-07 3.32818e-05 -1.35604e-10 -7.78603e-07 
-1.67624e-07 0.000275994 -7.72996e-10 -0.00015372 1.99584e-06 -2.06379e-07 -5.20492e-08 1.36052e-07 -2.14436e-06 6.10682e-06 -7.21081e-07 -2.99075e-06 -3.8507e-07 -4.75761e-09 -1.67608e-08 0.000145563 -1.90538e-06 2.87023e-06 -1.14155e-08 -2.46229e-06 2.55564e-06 -1.532e-05 -6.29634e-06 -2.52237e-06 3.7733e-07 -8.01161e-07 -2.2785e-09 -2.50495e-06 -1.98832e-06 -2.6153e-09 -2.92634e-10 -6.19823e-08 -4.39474e-06 0 -1.22299e-08 -0.000172154 -1.24855e-07 6.49751e-06 -2.59255e-06 -1.38842e-07 -9.08852e-06 -1.06107e-06 -7.31309e-09 2.78766e-09 -2.15714e-07 -1.51792e-08 0 -4.83123e-10 0.000155666 -1.88887e-08 -1.05599e-06 -5.45232e-07 -1.26072e-10 -2.08184e-07 0.000138399 -0.000153012 -9.36982e-09 -5.15699e-08 -1.65734e-08 2.50694e-06 -1.69473e-05 -1.3861e-07 -4.27743e-08 -0.00020985 -1.70464e-08 2.68294e-06 -7.89637e-07 -1.21405e-07 -8.52265e-08 -1.80366e-09 -2.15013e-08 -2.64116e-08 -5.15331e-10 -3.20149e-09 -3.93243e-08 -1.25888e-09 -3.22082e-10 -2.41767e-06 -9.98441e-06 -3.53646e-09 -1.74446e-05 -1.00239e-06 -3.82265e-09 -2.30924e-06 8.47422e-05 -1.04014e-08 -1.27773e-06 -3.79304e-07 -1.90052e-06 -4.97281e-06 -6.85861e-07 -1.2879e-07 -6.65329e-10 2.06431e-06 -1.44699e-05 -2.55569e-06 -1.05208e-06 -1.08291e-07 -6.16556e-11 -3.54012e-07 
3.31633e-07 -7.72996e-10 2.79999e-06 -1.51378e-06 -7.10805e-09 -2.09317e-09 -7.98364e-10 -9.91193e-09 1.07158e-06 -2.49405e-06 2.34935e-06 -3.03332e-08 2.22943e-06 -4.82533e-11 3.51743e-07 -1.27124e-06 1.97342e-07 -2.57756e-06 -1.1578e-10 2.58169e-06 -2.58075e-06 -2.61173e-06 -1.78806e-06 2.58108e-06 -7.70147e-09 -2.0567e-08 -2.31093e-11 2.58126e-06 5.565e-07 -2.65253e-11 -2.968e-12 1.10937e-06 -1.00728e-07 0 -1.2404e-10 -1.95823e-06 2.22873e-06 -3.64265e-09 2.58037e-06 -2.21957e-09 -1.09286e-07 -1.07618e-08 -7.4172e-11 1.36157e-06 -2.18785e-09 -1.53953e-10 0 -4.9e-12 1.32892e-06 -1.91576e-10 -1.07102e-08 2.2678e-06 -1.27867e-12 -2.11148e-09 -6.77264e-08 -2.55185e-06 -9.5032e-11 -5.2304e-10 -1.68093e-10 -2.58124e-06 -2.56465e-06 -1.40583e-09 -4.33832e-10 -2.55977e-06 -1.72891e-10 -2.57662e-06 -8.00877e-09 -1.23134e-09 -8.64397e-10 -1.82933e-11 3.33115e-07 -2.67876e-10 -5.22667e-12 -3.24707e-11 -3.98841e-10 -1.2768e-11 -3.26667e-12 2.58215e-06 -2.53741e-06 -3.5868e-11 -1.76929e-07 -1.01665e-08 -3.87707e-11 7.63246e-07 2.13781e-06 -1.05495e-10 2.00374e-07 5.7282e-07 -1.92757e-08 2.82458e-07 -6.95625e-09 -1.30624e-09 -6.748e-12 -2.58103e-06 -2.57989e-06 2.58075e-06 -1.06705e-08 -1.09833e-09 -6.25333e-13 -3.59051e-09 
-0.000337564 -0.00015372 -1.51378e-06 0.245847 -0.00111524 -0.000417584 -0.000158857 -0.00195122 -0.00323492 0.0158193 -0.00144946 -0.00176285 -0.000687004 -7.83395e-06 -0.000298239 -0.190591 -0.00264057 0.00406365 -2.26398e-05 -0.00384253 0.00400848 0.00116287 0.0927317 -0.00396143 0.000312409 -0.00401039 -1.34523e-06 -0.00393709 -0.00325644 -5.21052e-06 -5.98313e-07 -0.000117044 -0.0183434 0 1.66384e-05 0.081047 -0.000254733 -0.000733511 -0.0040953 -0.000276981 -0.0136718 -0.00213749 -2.3555e-06 -0.000330202 -0.00040147 -2.92618e-05 0 7.55532e-08 -0.12813 -2.63494e-05 -0.000888314 -0.00111438 -2.0443e-07 0.000173011 -0.0128743 0.00886677 -1.69573e-05 -7.38218e-05 1.43811e-05 0.0039267 0.00322118 -0.000280475 -2.71052e-05 0.0081189 -3.48526e-05 0.00454959 -0.000553548 -0.000240429 -0.000170452 -1.96771e-06 -4.39609e-05 -5.36739e-05 -5.76965e-07 1.68764e-06 -6.84082e-05 -2.57387e-06 -5.51853e-07 -0.00374716 0.00620568 3.57278e-06 0.000271581 -0.00200289 -2.40569e-06 -0.00352955 -0.0481867 -2.06664e-05 -0.00260929 -0.000755521 -0.00270893 -0.00859737 -0.0011912 -7.70848e-05 -9.10314e-07 0.00396673 0.00392798 -0.004018 -0.00209892 -0.000219473 -1.2606e-07 0.000351886 
-1.03805e-06 1.99584e-06 -7.10805e-09 -0.00111524 0.00253215 0.000359876 -6.00495e-07 -5.78322e-06 0.00239077 -0.00209224 4.6056e-05 -2.69513e-05 1.34791e-05 -4.37484e-08 -1.13149e-06 -0.00105348 0.00234039 -0.00235001 4.61836e-06 0.00238706 -0.00239795 -0.00235723 -0.00156393 0.00239304 -6.98245e-06 -1.86468e-05 1.23815e-08 0.00239155 0.00188133 -2.40489e-08 2.73091e-08 -5.69956e-07 -8.50972e-05 0 -1.1246e-07 -0.00130911 3.71452e-05 -3.30257e-06 0.00239512 -1.77568e-06 -9.90828e-05 -9.75703e-06 2.70942e-06 -1.41223e-06 -1.98359e-06 4.47087e-07 0 -4.44253e-09 -0.00101299 5.29763e-08 0.000483636 1.6973e-05 2.32174e-07 -1.79768e-06 -4.78501e-05 -0.00242892 -8.61597e-08 -2.34209e-07 5.54267e-07 -0.0023955 -0.00237992 -1.27458e-06 3.245e-05 -0.00238999 -1.56749e-07 -0.00239423 0.000555982 5.77736e-05 1.56663e-05 5.72008e-06 7.12286e-07 4.30047e-06 -4.7387e-09 -2.94392e-08 9.08395e-07 1.01509e-06 -2.96169e-09 0.00237553 -0.0023619 -3.25193e-08 0.00178172 2.90226e-05 -3.5151e-08 0.00235544 -0.00017887 1.02769e-06 0.00167901 0.000105505 0.00236295 -4.16158e-05 1.41032e-05 7.94924e-05 -6.118e-09 -0.00239822 -0.00240611 0.00239738 0.00141065 9.74213e-07 -5.66952e-10 -3.2553e-06 
7.85943e-06 -2.06379e-07 -2.09317e-09 -0.000417584 0.000359876 0.000747001 -1.33152e-07 -2.53634e-06 0.000710803 -0.000667753 -9.55923e-07 -8.09854e-06 -7.93833e-08 -1.2883e-08 5.3218e-07 -0.000339404 0.000741884 -0.000734591 1.43242e-06 0.000731206 -0.00074064 -0.000728443 -0.000477387 0.000739696 -2.05618e-06 -5.49108e-06 -6.16986e-09 0.000726397 0.000355169 -7.08189e-09 1.49208e-07 -1.17301e-09 -2.68929e-05 0 -3.31169e-08 -6.2459e-05 7.25191e-06 -9.72536e-07 0.00074054 -5.92593e-07 -2.91777e-05 -2.87323e-06 -1.98029e-08 -2.50841e-07 -5.84123e-07 -4.11033e-08 0 -1.30823e-09 -0.000303561 2.74219e-06 8.04872e-05 1.15203e-05 -3.41386e-10 -5.63735e-07 -1.8082e-05 -0.000732925 -2.53722e-08 1.0237e-05 -4.48785e-08 -0.000740768 -0.000736342 -3.75337e-07 9.75064e-08 -0.000713569 -4.61593e-08 -0.000739537 6.29084e-05 1.85125e-06 4.25516e-08 -4.88406e-09 2.25111e-07 7.12018e-05 -1.39545e-09 -8.6692e-09 5.10735e-05 1.78326e-06 -8.72153e-10 0.00073979 -0.000729068 -9.57624e-09 0.000641196 7.89057e-05 -1.03512e-08 0.00069804 -5.5898e-05 1.17517e-06 0.000593937 3.98956e-06 0.000742397 -1.1823e-05 5.55728e-05 4.83146e-05 -1.80162e-09 -0.000740715 -0.000740038 0.0007384 8.20779e-06 -2.26571e-07 -1.66955e-10 -9.58616e-07 
3.38069e-05 -5.20492e-08 -7.98364e-10 -0.000158857 -6.00495e-07 -1.33152e-07 0.000285049 1.29573e-05 -1.3714e-06 -0.000266502 1.18786e-05 3.41478e-05 0.000116129 -4.91374e-09 0.000244565 -9.92569e-05 0.000251295 -0.000139469 1.54154e-06 0.000250564 -0.000250707 -0.000249385 -0.000156515 0.000253358 -7.84257e-07 1.5849e-05 -2.35327e-09 0.000250536 -5.30234e-07 3.17299e-07 -3.02238e-10 -6.40164e-08 -1.02573e-05 0 -1.26313e-08 -0.000171077 7.95677e-05 -3.00939e-07 0.000250709 2.30643e-07 -1.10288e-05 -1.09589e-06 1.62447e-07 2.04147e-08 -2.22793e-07 -1.56774e-08 0 -4.98977e-10 -0.000101056 -1.95086e-08 0.000250219 6.20208e-07 -1.30209e-10 3.04983e-07 -6.89673e-06 -0.000252582 5.46366e-06 1.36738e-07 -1.71173e-08 -0.000250147 -0.000252541 -1.43159e-07 2.95822e-07 -0.000246614 1.19157e-05 -0.00025642 7.38911e-05 0.000210165 -8.80234e-08 -1.86285e-09 1.92011e-05 -2.72784e-08 -5.32243e-10 -3.30656e-09 1.76052e-07 -1.30019e-09 -3.32652e-10 3.77897e-05 -0.00027092 -3.65252e-09 -3.05375e-06 2.10805e-06 1.86052e-07 5.08497e-06 -1.92662e-05 -1.07427e-08 4.13668e-07 0.000235648 0.000251317 2.71959e-05 2.1295e-05 2.83032e-06 -6.87163e-10 -0.000250736 -0.00025062 0.00025091 -1.0866e-06 0.000181018 -6.3679e-11 -3.6563e-07 
2.56506e-05 1.36052e-07 -9.91193e-09 -0.00195122 -5.78322e-06 -2.53634e-06 1.29573e-05 0.00352745 3.68901e-05 -0.00332859 2.29904e-05 -2.18463e-05 -3.80432e-06 -6.10056e-08 2.37066e-05 0.00162666 0.000120864 -2.85724e-05 1.56955e-07 3.88033e-05 -0.000176416 -0.000387442 0.000845983 0.000202656 6.00099e-05 0.00332 -2.92166e-08 8.9453e-05 1.94943e-05 7.6798e-06 -3.75238e-09 2.01883e-07 -9.48246e-05 0 1.09846e-07 -0.00221663 -1.15766e-06 0.00121383 0.000202956 9.95838e-05 -0.000136654 -1.36058e-05 -9.3774e-08 -1.68294e-06 -2.03604e-06 -1.9464e-07 0 -6.19496e-09 0.00125382 5.43113e-06 4.60603e-06 3.14196e-06 -1.61659e-09 2.97717e-06 -6.32517e-05 -3.28008e-06 -1.20147e-07 -6.61268e-07 2.03748e-06 -0.000172247 -0.000129666 5.45193e-05 -5.48484e-07 -0.00028078 -1.78582e-07 -0.000804117 -4.46531e-06 2.16499e-05 -1.09284e-06 -2.31278e-08 1.45143e-05 2.708e-06 -6.60796e-09 -4.10519e-08 3.38575e-06 -1.61423e-08 -4.12997e-09 3.47822e-05 -0.00318205 -4.53471e-08 -1.51276e-05 0.000151983 5.50983e-07 3.33358e-05 -0.000272209 -1.33375e-07 5.65693e-05 1.10296e-05 4.49501e-05 2.96759e-05 -4.57462e-06 8.8522e-07 8.14687e-08 -9.47954e-05 -4.82863e-05 0.000194049 4.30284e-06 1.72814e-05 2.22543e-07 4.20393e-06 
1.87671e-05 -2.14436e-06 1.07158e-06 -0.00323492 0.00239077 0.000710803 -1.3714e-06 3.68901e-05 0.00770711 -0.00699176 0.00228804 -8.40404e-05 0.000679969 -1.33859e-07 2.19861e-05 -0.0035228 0.00540132 -0.00740943 1.24921e-05 0.00748387 -0.00758631 -0.0074631 -0.00495756 0.00747542 -2.04312e-05 -5.20812e-05 -6.41073e-08 0.00757268 0.00650904 -7.35836e-08 9.01767e-07 0.000117876 -0.000270291 0 -3.44098e-07 -0.00451204 0.00023675 -8.3517e-06 0.00757657 -3.20061e-06 -0.000301362 -2.9854e-05 3.88757e-06 0.000241931 -6.06927e-06 4.88296e-05 0 -1.3593e-08 -0.0017908 4.88819e-05 0.00253595 0.00173487 4.5312e-07 -5.85743e-06 -0.000179179 -0.00750365 1.17971e-06 3.61524e-05 7.60361e-07 -0.00745441 -0.00753354 -2.70657e-06 0.000102157 -0.00747996 -3.32947e-07 -0.00755179 0.00220276 0.000160724 0.000254329 6.30925e-06 6.95046e-07 8.48269e-05 3.38834e-07 -9.00765e-08 0.00011181 4.26458e-06 5.24271e-07 0.00752559 -0.0074666 5.07166e-07 0.00439134 0.000748697 -1.0422e-07 0.0073102 0.00221676 1.59735e-06 0.00425969 0.000805121 0.00570448 7.70668e-05 0.000260783 0.000318003 -1.87195e-08 -0.00758378 -0.00756984 0.00758602 0.00355752 2.04648e-06 1.58265e-07 -9.1404e-06 
-0.000564936 6.10682e-06 -2.49405e-06 0.0158193 -0.00209224 -0.000667753 -0.000266502 -0.00332859 -0.00699176 0.0386022 -0.00250682 -0.000644006 -0.00132285 6.93122e-07 -0.000466372 -0.00297653 -0.00606744 0.00812723 -3.95269e-05 -0.00820727 0.00849279 0.0081006 0.00382383 -0.00838939 -0.00122095 -0.0063003 -5.11386e-07 -0.0083315 -0.00686092 -7.70232e-06 -1.01737e-06 -0.00021538 -0.00463637 0 -1.88159e-06 0.0164237 -0.000309297 -0.00120829 -0.00860137 -0.000138088 -0.00412541 -0.00244911 -5.25124e-06 -0.000302235 1.52334e-05 -4.98252e-05 0 -6.36282e-07 -0.00701249 -4.69082e-05 -0.00342211 -0.00187434 -4.383e-07 -8.56869e-05 0.000340955 0.00852451 -3.06383e-05 -0.00017916 -1.0188e-06 0.00834945 0.00834766 -0.00033751 -0.000122318 0.00830618 -3.88966e-05 0.00906791 -0.00269189 -0.000404486 -0.000296297 -6.27056e-06 -7.19809e-05 -8.42222e-05 -5.84923e-07 -6.39692e-06 -0.000133074 -3.29326e-06 -1.02974e-06 -0.00805791 0.0129825 -3.48117e-07 -0.00345205 -0.000858132 -5.71976e-06 -0.00777081 -0.0148741 -1.48647e-05 -0.00440424 -0.00129757 -0.00624461 -0.00480867 -0.00118569 -0.000437427 -1.0764e-06 0.00840934 0.00830409 -0.00851331 -0.00363251 -0.000285923 -2.14351e-07 -4.74984e-05 
7.17574e-05 -7.21081e-07 2.34935e-06 -0.00144946 4.6056e-05 -9.55923e-07 1.18786e-05 2.29904e-05 0.00228804 -0.00250682 0.00260513 -2.06605e-06 0.000866983 -4.50126e-08 4.40835e-05 -0.00116878 0.000233806 -0.00256605 -1.08004e-07 0.00247156 -0.00258777 -0.00254515 -0.00166797 0.0024645 -6.60423e-06 2.54339e-07 -2.15573e-08 0.00256055 0.00241766 -2.47439e-08 3.40565e-07 0.000136587 -8.28062e-05 0 -1.15709e-07 -0.00182414 9.16921e-05 -3.21801e-06 0.0025821 1.06028e-05 -0.000101946 -9.83565e-06 1.34143e-07 0.000263915 -2.04091e-06 4.94097e-05 0 -4.57091e-09 0.000461528 2.71146e-05 8.86558e-05 0.00166118 3.88072e-08 -1.96967e-06 -6.31779e-05 -0.00255989 -8.86496e-08 -2.94579e-07 5.31959e-08 -0.00247055 -0.00257276 2.78583e-07 9.5752e-05 -0.00256789 2.05413e-09 -0.00255707 7.18424e-05 1.3198e-05 0.000301457 -1.70647e-08 1.05432e-05 2.11345e-06 3.48458e-07 7.73043e-07 1.84646e-05 -1.19105e-08 7.86953e-07 0.00258732 -0.00254693 -3.34591e-08 0.000508483 -5.90422e-07 7.16653e-09 0.00249279 0.00220576 1.49238e-08 0.00172944 0.000411988 0.000462762 0.000233391 -5.30239e-06 1.24882e-05 1.67039e-07 -0.00258804 -0.00255253 0.00258684 0.00178679 1.65877e-06 -5.83336e-10 -2.59604e-06 
-4.92777e-06 -2.99075e-06 -3.03332e-08 -0.00176285 -2.69513e-05 -8.09854e-06 3.41478e-05 -2.18463e-05 -8.40404e-05 -0.000644006 -2.06605e-06 0.0107159 3.98861e-05 1.25664e-06 5.32719e-05 0.000181374 -3.68492e-05 -0.000402259 -4.12904e-08 -3.69865e-05 3.65296e-05 0.000187468 -0.00629051 -3.64509e-05 -3.45059e-06 -6.00543e-05 -8.94109e-08 -3.5567e-05 -5.96071e-05 -1.02627e-07 -1.14833e-08 -1.59559e-06 0.000751764 0 -4.79915e-07 0.00228574 -3.71947e-06 -1.16435e-05 -3.79014e-05 -6.9676e-06 1.60225e-05 -2.83876e-05 -1.63641e-07 -1.86988e-06 -7.76485e-06 -5.95651e-07 0 -1.89583e-08 -0.00388566 -6.67881e-07 8.5262e-08 -2.05589e-05 -4.94721e-09 -7.36273e-06 -0.000240813 0.00013268 8.15651e-07 -2.02366e-06 3.09631e-06 3.47453e-05 7.59542e-05 2.90078e-06 1.45482e-06 7.39906e-05 -5.72254e-07 2.7489e-05 -2.79029e-05 2.69992e-05 -1.17439e-06 -7.07776e-08 3.96266e-07 -8.69755e-07 -2.02222e-08 7.17437e-06 1.8602e-06 -4.93999e-08 -1.26389e-08 -6.48021e-05 6.76081e-05 1.64123e-06 -0.000423726 -8.09808e-06 -1.50005e-07 -8.47606e-05 -0.000819018 1.20452e-05 -4.57364e-05 4.46557e-05 -3.72352e-05 0.000393347 4.51294e-05 -4.43055e-06 -2.61083e-08 3.62475e-05 5.27848e-05 -3.58283e-05 -4.12846e-05 3.23039e-05 -2.41944e-09 -5.05517e-06 
7.62764e-05 -3.8507e-07 2.22943e-06 -0.000687004 1.34791e-05 -7.93833e-08 0.000116129 -3.80432e-06 0.000679969 -0.00132285 0.000866983 3.98861e-05 0.00139288 -2.40375e-08 0.000207398 -0.000631457 0.00048446 -0.00130822 5.37566e-06 0.00125431 -0.00136086 -0.00133966 -0.000886003 0.00124675 -2.6665e-06 -1.01555e-05 -1.1512e-08 0.00135605 0.000791531 -1.32137e-08 -1.47852e-09 0.000170697 -2.77778e-05 0 -6.17908e-08 -0.000967053 9.06525e-05 -1.01262e-07 0.00135355 -1.10568e-06 -5.37176e-05 -4.97433e-06 -3.6949e-08 5.41615e-05 -1.02321e-06 3.04466e-05 0 -2.44095e-09 0.000155547 1.91123e-06 0.000441451 0.000644119 -6.36971e-10 -7.98505e-07 -3.28881e-05 -0.00134183 1.05227e-05 3.02494e-05 -8.37361e-08 -0.0013443 -0.00135375 -1.60319e-07 4.12372e-05 -0.00128521 3.83387e-06 -0.00134199 0.00031208 0.0001241 0.000243983 1.5422e-07 3.5468e-05 -1.33443e-07 -2.60368e-09 7.87158e-07 1.02446e-05 2.5364e-07 5.48373e-07 0.00122784 -0.00133911 -1.78677e-08 -8.32644e-05 -6.67823e-07 7.67353e-07 0.001099 0.000885979 6.07809e-08 0.000602364 0.000335207 0.000466081 0.000225866 0.000278295 2.06026e-05 7.36638e-07 -0.00136108 -0.00132898 0.00135914 0.000503251 0.00013023 -3.11511e-10 -1.78862e-06 
-1.04637e-08 -4.75761e-09 -4.82533e-11 -7.83395e-06 -4.37484e-08 -1.2883e-08 -4.91374e-09 -6.10056e-08 -1.33859e-07 6.93122e-07 -4.50126e-08 1.25664e-06 -2.40375e-08 1.7233e-05 4.16881e-07 7.31913e-06 -1.18941e-07 -3.09416e-06 -7.12598e-10 -1.53706e-07 1.59533e-07 -7.75957e-07 -1.08351e-05 -1.57456e-07 2.06927e-06 -1.26585e-07 -1.42232e-10 -1.56368e-07 -1.24118e-07 -1.63257e-10 -1.82673e-11 -3.86917e-09 -1.89956e-07 0 -7.63437e-10 -5.00576e-06 -7.79395e-09 -2.24196e-08 -1.61837e-07 -1.36609e-08 -6.59295e-07 -6.6236e-08 -4.56511e-10 -1.08542e-08 -1.34657e-08 -9.47546e-10 0 -3.01583e-11 4.15413e-06 -1.1791e-09 -6.59186e-08 -3.40354e-08 -7.86989e-12 -1.29957e-08 -4.1684e-07 1.17366e-07 -5.84899e-10 -3.21919e-09 -1.03457e-09 1.56493e-07 -2.72473e-06 -8.65257e-09 -2.67013e-09 2.88636e-07 1.22692e-08 1.84958e-07 -4.92921e-08 -7.57859e-09 -5.32016e-09 -1.12591e-10 -1.34219e-09 -1.64871e-09 -3.21689e-11 -1.99849e-10 -2.45477e-09 -7.8584e-11 -2.01056e-11 -1.5092e-07 4.26287e-07 -2.20759e-10 -1.08896e-06 -5.25727e-08 -2.38624e-10 -1.44152e-07 -1.34373e-06 -6.49295e-10 -7.97609e-08 -2.36776e-08 -1.18638e-07 1.71354e-06 -4.2814e-08 -8.03958e-09 -4.15323e-11 1.57785e-07 1.64807e-07 -1.59536e-07 -6.56745e-08 -6.75995e-09 -3.84878e-12 -2.20988e-08 
6.14752e-05 -1.67608e-08 3.51743e-07 -0.000298239 -1.13149e-06 5.3218e-07 0.000244565 2.37066e-05 2.19861e-05 -0.000466372 4.40835e-05 5.32719e-05 0.000207398 4.16881e-07 0.000567508 -0.000104887 0.000355611 -0.0002622 1.39652e-06 0.000383692 -0.000408533 -0.000410322 -0.000356599 0.000410352 1.28615e-05 1.65024e-05 -4.68649e-09 0.000400994 3.02737e-05 3.14621e-07 -6.019e-10 1.72725e-05 4.59416e-07 0 -2.51549e-08 -0.000388912 0.000126757 7.49462e-06 0.000408854 1.13988e-06 -2.04328e-05 -1.99911e-06 1.54958e-07 1.98569e-06 -3.77021e-07 -3.12212e-08 0 -9.93702e-10 -4.05704e-05 3.31149e-07 0.000324495 2.01485e-05 -2.59309e-10 -4.28201e-07 -1.26313e-05 -0.000382814 6.94739e-06 -1.06071e-07 -3.40887e-08 -0.000393614 -0.000424546 1.23157e-06 1.17387e-05 -0.000396263 2.05349e-05 -0.000393772 0.000105926 0.00022239 -1.11963e-07 -3.70982e-09 2.34491e-05 4.12901e-06 -1.05995e-09 7.96748e-07 1.25624e-05 2.57411e-07 -6.62468e-10 0.000164751 -0.000400627 -7.2739e-09 1.6516e-05 2.06516e-05 9.68804e-07 4.13903e-05 0.000137595 -2.13939e-08 2.98525e-06 0.00033262 0.000330588 7.8516e-05 4.2086e-05 3.9151e-06 -1.36847e-09 -0.000400704 -0.00037371 0.000407463 3.7939e-07 0.000204007 -1.26815e-10 -7.28144e-07 
-0.000239459 0.000145563 -1.27124e-06 -0.190591 -0.00105348 -0.000339404 -9.92569e-05 0.00162666 -0.0035228 -0.00297653 -0.00116878 0.000181374 -0.000631457 7.31913e-06 -0.000104887 0.247885 -0.00304161 0.00417158 -1.87736e-05 -0.00404868 0.00411158 0.00150577 -0.0984081 -0.00405345 0.000286372 0.00378114 1.51619e-06 -0.00406985 -0.00325895 3.97896e-06 -4.81257e-07 -0.000101121 -0.00869889 0 -1.98762e-05 -0.0576247 -0.000193007 0.000673626 -0.00415751 0.000128077 -0.0097261 -0.00167347 2.98645e-06 -5.64859e-05 -0.000138349 -2.444e-05 0 2.88054e-08 0.119888 -2.96371e-05 -0.00173537 -0.000896364 -2.07334e-07 -0.00020179 0.0118686 -0.00131815 -1.49393e-05 -8.47668e-05 -2.50428e-05 0.00405114 0.00179497 0.000196413 -7.03452e-05 0.00231468 -2.79306e-05 0.00349483 -0.00129856 -0.000196786 -0.000140161 -2.96624e-06 -2.74236e-05 -4.34357e-05 -6.5083e-07 -5.07174e-06 -6.46715e-05 -2.07031e-06 -4.79685e-07 -0.00395389 -0.00343491 -4.65261e-06 -0.0187208 0.000654992 -2.61661e-06 -0.00379696 0.0389269 7.02419e-06 -0.00207514 -0.000602684 -0.00312553 -0.00707163 -0.000403822 -0.000211804 -2.74178e-07 0.00408323 0.00407583 -0.00410685 -0.00165564 -6.43723e-05 -3.80636e-08 -0.000408893 
0.000555379 -1.90538e-06 1.97342e-07 -0.00264057 0.00234039 0.000741884 0.000251295 0.000120864 0.00540132 -0.00606744 0.000233806 -3.68492e-05 0.00048446 -1.18941e-07 0.000355611 -0.00304161 0.00685416 -0.0061811 4.07513e-05 0.00651206 -0.00663291 -0.00653296 -0.00439618 0.00664204 -1.88135e-05 4.42306e-05 -5.69628e-08 0.00655559 0.00486241 3.66462e-06 6.36017e-07 7.48538e-05 -0.000231303 0 -3.05749e-07 -0.00377065 0.000361265 3.59378e-05 0.00663801 3.08923e-05 -0.000256568 -2.61403e-05 5.6505e-06 1.18197e-05 -5.13954e-06 -3.0615e-07 0 -1.20781e-08 -0.00272265 3.88378e-05 0.00355356 0.000296326 4.13515e-07 -5.20464e-06 -0.000166411 -0.0064768 1.55591e-05 0.000185264 2.13566e-06 -0.00662396 -0.00657671 5.61047e-05 8.0504e-05 -0.00639362 3.34905e-05 -0.00663488 0.00276363 0.000423468 4.04266e-06 6.48824e-06 7.20758e-05 9.45197e-05 -1.28833e-08 -8.00378e-08 0.000120677 4.48853e-06 -8.05209e-09 0.00622276 -0.00653773 5.18255e-07 0.00405774 0.0009582 8.84433e-07 0.00592561 0.000276634 3.19996e-06 0.00290453 0.000966257 0.00646196 0.000383989 0.000872623 0.000447314 5.50033e-07 -0.00659798 -0.00655308 0.00664069 0.00184413 0.000259853 -1.5414e-09 -8.13702e-06 
-0.000509844 2.87023e-06 -2.57756e-06 0.00406365 -0.00235001 -0.000734591 -0.000139469 -2.85724e-05 -0.00740943 0.00812723 -0.00256605 -0.000402259 -0.00130822 -3.09416e-06 -0.0002622 0.00417158 -0.0061811 0.0102887 -4.05301e-05 -0.00848552 0.00859401 0.00844049 0.00617698 -0.00847934 -9.88001e-05 7.40644e-05 8.58079e-08 -0.0085496 -0.00708116 -3.48414e-08 -1.04898e-06 -0.000220479 -0.000655898 0 -1.52757e-07 0.00507455 -0.000131301 1.17956e-05 -0.0085956 7.94155e-06 -0.000123644 -0.000116647 -1.08792e-06 -0.000278332 -2.04662e-05 -5.13084e-05 0 -6.18057e-08 0.00226327 -5.72987e-05 -0.00344084 -0.00191403 -4.51919e-07 -4.65798e-05 0.000219434 0.00849145 -2.24305e-05 -0.000184438 -1.60251e-06 0.008469 0.00858118 -6.49433e-05 -0.000152879 0.00831853 -5.37747e-05 0.00855154 -0.00278962 -0.000249028 -0.000305284 -6.46541e-06 -3.03403e-05 -9.46753e-05 -3.97259e-07 -5.2861e-06 -0.000140962 -4.23592e-06 -7.7787e-07 -0.00845803 0.00845376 -2.30348e-06 -0.00457507 -0.00076159 -8.6604e-07 -0.00825147 -0.00245686 -2.29383e-05 -0.00451974 -0.00110815 -0.00645157 -0.000778683 -0.000894617 -0.000460843 -1.48277e-07 0.00861035 0.0085621 -0.00860119 -0.00366726 -0.000110278 2.32194e-09 -3.8148e-05 
2.38149e-05 -1.14155e-08 -1.1578e-10 -2.26398e-05 4.61836e-06 1.43242e-06 1.54154e-06 1.56955e-07 1.24921e-05 -3.95269e-05 -1.08004e-07 -4.12904e-08 5.37566e-06 -7.12598e-10 1.39652e-06 -1.87736e-05 4.07513e-05 -4.05301e-05 4.13483e-05 3.93379e-05 -4.08472e-05 -4.01726e-05 -2.64058e-05 4.08522e-05 -1.13734e-07 -1.10396e-07 -3.41275e-10 4.04981e-05 1.00089e-05 -3.91722e-10 -4.3831e-11 -9.28376e-09 -1.2942e-06 0 -1.83181e-09 -2.71788e-05 2.04632e-07 -5.37941e-08 4.08417e-05 1.60555e-07 -1.61392e-06 -1.58928e-07 -1.09536e-09 -2.60437e-08 -3.23098e-08 -2.27356e-09 0 -7.23625e-11 -1.6682e-05 -2.82917e-09 2.83218e-05 -8.16653e-08 -1.88832e-11 -3.1182e-08 -1.00017e-06 -4.02272e-05 -1.40342e-09 1.15609e-07 -2.48238e-09 -4.08545e-05 -4.06095e-05 9.23885e-09 -6.40677e-09 -4.00441e-05 -2.55322e-09 -4.07862e-05 5.15506e-06 1.01182e-06 -1.27653e-08 -2.70153e-10 -3.22048e-09 1.02604e-06 -7.71867e-11 -4.79522e-10 7.0411e-07 -1.88556e-10 -4.82417e-11 3.95612e-05 -4.02072e-05 -5.29694e-10 9.2138e-06 2.71265e-05 -5.7256e-10 3.65308e-05 -3.08867e-06 -1.55793e-09 1.4342e-05 2.06652e-06 4.0752e-05 2.35787e-05 2.68939e-05 -1.92903e-08 -9.96535e-11 -4.06581e-05 -4.06412e-05 4.08472e-05 1.12909e-06 1.45711e-06 -9.23483e-12 -5.30242e-08 
0.000547955 -2.46229e-06 2.58169e-06 -0.00384253 0.00238706 0.000731206 0.000250564 3.88033e-05 0.00748387 -0.00820727 0.00247156 -3.69865e-05 0.00125431 -1.53706e-07 0.000383692 -0.00404868 0.00651206 -0.00848552 3.93379e-05 0.00883954 -0.0088261 -0.00869006 -0.00569567 0.00877848 -2.38788e-05 -6.16371e-05 -7.36122e-08 0.00878448 0.00704939 2.35506e-07 8.70546e-07 0.000169691 -0.000301207 0 -3.95116e-07 -0.00539823 0.000421973 -1.10699e-05 0.00882483 -6.81019e-06 -0.000347354 -3.42804e-05 1.66707e-06 0.000258026 -6.96914e-06 2.64696e-05 0 -1.56084e-08 -0.00211963 5.59098e-05 0.00360416 0.00185039 4.52594e-07 -6.72589e-06 -0.000215735 -0.00874206 1.54906e-05 0.000183857 6.91224e-07 -0.00870013 -0.00878387 5.56919e-05 0.000126401 -0.00856189 3.45793e-05 -0.00878946 0.00283296 0.000409271 0.000227523 6.47506e-06 6.27954e-05 9.097e-05 3.36684e-07 6.89902e-07 0.000132163 4.51933e-06 4.86261e-07 0.00851918 -0.00869489 4.92413e-07 0.00434206 0.000839242 8.565e-07 0.00817647 0.0023535 3.23729e-06 0.00443234 0.00132176 0.00678276 0.000517972 0.000872515 0.000459572 2.18383e-08 -0.00883743 -0.00880286 0.0088324 0.00363062 0.000253238 -1.99193e-09 -1.06839e-05 
-0.000573463 2.55564e-06 -2.58075e-06 0.00400848 -0.00239795 -0.00074064 -0.000250707 -0.000176416 -0.00758631 0.00849279 -0.00258777 3.65296e-05 -0.00136086 1.59533e-07 -0.000408533 0.00411158 -0.00663291 0.00859401 -4.08472e-05 -0.0088261 0.00917152 0.00897334 0.00589216 -0.00899726 2.42789e-05 -9.41859e-05 7.64029e-08 -0.00897325 -0.00713536 -7.94564e-06 -1.05019e-06 -0.000222438 0.000257101 0 4.10095e-07 0.00556892 -0.000448073 -3.61202e-05 -0.00911064 -8.06084e-05 0.000341209 2.42033e-05 -5.79144e-06 -0.000269276 4.51334e-06 -5.09943e-05 0 1.62001e-08 0.00213392 -6.00866e-05 -0.00359585 -0.00195654 -4.52439e-07 5.40087e-06 0.000221067 0.00889157 -1.61091e-05 -0.000185027 -2.13092e-06 0.00897058 0.00902008 -4.79654e-05 -0.000153362 0.00884656 -3.62817e-05 0.00906545 -0.00282444 -0.000435636 -0.000305856 -6.47285e-06 -7.71624e-05 -9.46177e-05 -3.36053e-07 -6.9598e-07 -0.000141125 -4.51779e-06 -7.792e-07 -0.00866113 0.00897649 -4.88082e-07 -0.00449491 -0.00100086 -8.51818e-07 -0.0082768 -0.00248042 -3.22455e-06 -0.00457743 -0.00136097 -0.00681004 -0.000615374 -0.000865778 -0.000460818 -7.1769e-07 0.00903452 0.00895027 -0.0091201 -0.00367573 -0.000258595 -1.57933e-07 8.16411e-06 
-0.000573676 -1.532e-05 -2.61173e-06 0.00116287 -0.00235723 -0.000728443 -0.000249385 -0.000387442 -0.0074631 0.0081006 -0.00254515 0.000187468 -0.00133966 -7.75957e-07 -0.000410322 0.00150577 -0.00653296 0.00844049 -4.01726e-05 -0.00869006 0.00897334 0.0249191 0.000566683 -0.00889874 -1.54393e-06 -0.000310967 -5.89367e-08 -0.00882643 -0.00701691 -7.79107e-06 -1.03289e-06 -0.000218775 0.000469479 0 -3.42504e-05 0.00602089 -0.000440694 -0.000253294 -0.00902401 -9.41281e-05 0.000763548 6.55465e-05 -1.51092e-05 -0.000356396 5.31214e-06 -5.00972e-05 0 4.47529e-08 -0.00649262 -6.06003e-05 -0.00356566 -0.00192447 -4.44988e-07 -8.26533e-06 0.000568502 0.00861061 -1.52054e-05 -0.00018198 -7.17476e-06 0.00883928 0.00904416 -5.01735e-05 -0.000150834 0.00866904 -3.71109e-05 0.008936 -0.00278708 -0.000428461 -0.000300819 -6.36626e-06 -7.58916e-05 -9.30568e-05 -3.35597e-07 -5.06771e-07 -0.000138801 -4.44339e-06 -7.60165e-07 -0.00852802 0.00990076 -3.09075e-07 -0.0037194 -0.000952633 -6.25898e-07 -0.0081498 -0.00186365 -2.65649e-06 -0.00450084 -0.0013387 -0.0067072 -0.000415028 -0.000854617 -0.000453206 -9.48369e-07 0.00889558 0.00890068 -0.00899619 -0.00361007 -0.000259779 -1.54289e-07 2.56597e-05 
-0.000385437 -6.29634e-06 -1.78806e-06 0.0927317 -0.00156393 -0.000477387 -0.000156515 0.000845983 -0.00495756 0.00382383 -0.00166797 -0.00629051 -0.000886003 -1.08351e-05 -0.000356599 -0.0984081 -0.00439618 0.00617698 -2.64058e-05 -0.00569567 0.00589216 0.000566683 0.230792 -0.00583421 -0.000142335 0.000120038 -4.29052e-06 -0.00579225 -0.00459928 -6.0496e-06 -6.76908e-07 -0.000143375 -0.0223953 0 1.2957e-05 0.0111122 -0.00028881 0.000383078 -0.00599291 -0.000497165 -0.0247833 -0.00245057 1.03674e-07 -0.000244616 -0.000469799 -3.39053e-05 0 1.12462e-07 -0.0545053 -4.36792e-05 -0.00240956 -0.00126121 -2.91624e-07 0.000137687 -0.0140495 0.00270123 -2.05872e-05 -0.000119289 -2.69702e-05 0.00579584 0.00555401 -0.0001752 -9.89436e-05 0.00966113 -3.93276e-05 0.00539483 -0.0018265 -0.00028083 -0.000197142 -4.17214e-06 -4.97357e-05 -6.10942e-05 -9.6204e-07 -1.76222e-06 -9.09633e-05 -2.91198e-06 -5.65025e-07 -0.00559169 0.000593229 -7.84371e-06 -0.0395591 -0.00231338 4.54284e-07 -0.00534163 -0.0368692 -1.54467e-05 -0.00295412 -0.000877388 -0.00439619 -0.0109298 -0.00154579 -0.000297912 -1.13901e-06 0.00582934 0.00571664 -0.00589755 -0.00236594 -0.000228374 -7.92857e-08 -0.000417191 
0.000582939 -2.52237e-06 2.58108e-06 -0.00396143 0.00239304 0.000739696 0.000253358 0.000202656 0.00747542 -0.00838939 0.0024645 -3.64509e-05 0.00124675 -1.57456e-07 0.000410352 -0.00405345 0.00664204 -0.00847934 4.08522e-05 0.00877848 -0.00899726 -0.00889874 -0.00583421 0.00905324 -2.50208e-05 0.000118784 -7.54084e-08 0.00884893 0.00706321 7.94678e-06 1.05032e-06 0.000159895 -0.000260673 0 -4.04757e-07 -0.00550258 0.000446371 3.70369e-05 0.00903631 9.5714e-05 -0.000340312 -3.47368e-05 4.6413e-06 0.000253372 -6.97586e-06 2.78976e-05 0 -1.59893e-08 -0.00218841 6.05849e-05 0.00360643 0.00184118 4.52494e-07 -6.89e-06 -0.000220789 -0.00877108 1.54966e-05 0.00018505 2.03816e-06 -0.00886634 -0.00893469 5.72259e-05 0.000127274 -0.00877471 3.66958e-05 -0.00896809 0.0028338 0.000434535 0.000207746 6.47364e-06 7.71717e-05 9.36192e-05 3.36278e-07 6.97378e-07 0.000136999 4.51834e-06 4.86007e-07 0.00854602 -0.00888982 4.89625e-07 0.00449693 0.00101073 8.53487e-07 0.00816303 0.00235449 3.22909e-06 0.00446816 0.00136129 0.00681848 0.000638164 0.000882804 0.000460874 6.64647e-07 -0.00891921 -0.0088453 0.00902085 0.00361619 0.000260766 1.57959e-07 -1.09629e-05 
-1.02006e-06 3.7733e-07 -7.70147e-09 0.000312409 -6.98245e-06 -2.05618e-06 -7.84257e-07 6.00099e-05 -2.04312e-05 -0.00122095 -6.60423e-06 -3.45059e-06 -2.6665e-06 2.06927e-06 1.28615e-05 0.000286372 -1.88135e-05 -9.88001e-05 -1.13734e-07 -2.38788e-05 2.42789e-05 -1.54393e-06 -0.000142335 -2.50208e-05 0.00274296 0.00010137 -2.2701e-08 -2.43038e-05 -1.92632e-05 -2.60566e-08 -2.91555e-09 -5.74205e-07 -6.97713e-05 0 -1.21848e-07 8.19274e-05 -1.24395e-06 2.31716e-07 -2.49733e-05 -2.06702e-06 -6.26447e-05 -1.03516e-05 -7.28614e-08 -1.73238e-06 -2.14919e-06 -1.51233e-07 0 7.51866e-08 -0.000323369 2.18092e-08 -1.05209e-05 -4.80889e-06 -1.25607e-09 2.74525e-05 -6.57897e-05 3.78453e-05 -9.33528e-08 -5.13798e-07 -1.65123e-07 2.35937e-05 -0.000639906 2.38234e-06 -4.26166e-07 2.39511e-05 9.01644e-08 -5.09332e-05 -7.86726e-06 -1.20958e-06 -8.49123e-07 -1.79701e-08 -2.1422e-07 -2.63143e-07 -5.13431e-09 2.0981e-06 -3.91794e-07 -1.25424e-08 -3.20894e-09 -2.31642e-05 -0.000443346 -3.52342e-08 -0.000172763 -8.39357e-06 -3.80856e-08 -2.23973e-05 -0.000143658 7.16369e-07 -1.20469e-05 -3.77905e-06 -1.89051e-05 7.7301e-06 3.1334e-07 -1.16649e-06 -6.62876e-09 2.45299e-05 1.45939e-05 -2.48094e-05 -1.0482e-05 -9.52254e-07 -6.14284e-10 -2.01707e-06 
3.29034e-05 -8.01161e-07 -2.0567e-08 -0.00401039 -1.86468e-05 -5.49108e-06 1.5849e-05 0.00332 -5.20812e-05 -0.0063003 2.54339e-07 -6.00543e-05 -1.01555e-05 -1.26585e-07 1.65024e-05 0.00378114 4.42306e-05 7.40644e-05 -1.10396e-07 -6.16371e-05 -9.41859e-05 -0.000310967 0.000120038 0.000118784 0.00010137 0.00729139 -6.06235e-08 -1.42087e-05 -3.66427e-05 7.64375e-06 -7.78606e-09 -7.95818e-07 -0.000230983 0 -9.53986e-08 -0.0043948 1.10513e-05 0.00121997 0.000121054 0.000131277 -0.000283573 -2.82317e-05 1.21542e-06 -3.21303e-06 -5.40612e-06 -4.03871e-07 0 -1.28543e-08 0.00332528 3.07432e-07 -2.56497e-05 -1.45069e-05 -3.35437e-09 -6.22454e-07 -0.000158386 7.67685e-05 -2.49301e-07 -1.37211e-06 1.53903e-06 -8.74383e-05 -6.99927e-05 0.000256472 -5.0142e-07 -0.000206552 -4.5355e-07 -0.000759189 -2.10097e-05 1.34165e-05 -2.2676e-06 -4.79896e-08 1.39013e-05 -7.02729e-07 -1.37113e-08 -8.51815e-08 -1.04629e-06 -3.34948e-08 -8.56956e-09 -4.04731e-05 -0.00378144 -9.40938e-08 -0.000332071 0.00013002 4.98292e-07 -5.90482e-05 0.00118165 -2.76748e-07 1.81695e-06 1.48013e-05 -4.60567e-05 2.38968e-06 -1.58352e-05 -3.4267e-06 9.56311e-08 -1.06043e-05 4.05286e-05 0.000113565 -2.6659e-05 1.30421e-05 2.21693e-07 -5.52913e-06 
-5.01126e-09 -2.2785e-09 -2.31093e-11 -1.34523e-06 1.23815e-08 -6.16986e-09 -2.35327e-09 -2.92166e-08 -6.41073e-08 -5.11386e-07 -2.15573e-08 -8.94109e-08 -1.1512e-08 -1.42232e-10 -4.68649e-09 1.51619e-06 -5.69628e-08 8.58079e-08 -3.41275e-10 -7.36122e-08 7.64029e-08 -5.89367e-08 -4.29052e-06 -7.54084e-08 -2.2701e-08 -6.06235e-08 8.25327e-06 -7.48874e-08 -5.94423e-08 -7.81866e-11 -8.74853e-12 -1.85301e-09 -2.96907e-07 0 -3.65623e-10 2.34789e-06 -3.73265e-09 -1.07371e-08 -7.75064e-08 -6.54244e-09 -3.22133e-07 -3.17215e-08 -2.18631e-10 -5.19825e-09 -6.44893e-09 -4.53796e-10 0 -1.44433e-11 -2.30697e-06 -5.64693e-10 -3.15695e-08 -1.63001e-08 -3.76902e-12 1.43776e-07 -6.96317e-08 -8.84296e-08 -2.80118e-10 -1.54172e-09 -4.95475e-10 7.49471e-08 1.23849e-07 -4.14386e-09 -1.27877e-09 -7.58434e-07 -5.09616e-10 8.85793e-08 -2.36068e-08 -3.62951e-09 -2.54791e-09 -5.39218e-11 -6.42797e-10 -7.89596e-10 -1.54062e-11 -9.57112e-11 -1.17563e-09 -3.76352e-11 -9.62889e-12 -7.22781e-08 -4.82511e-07 -1.05725e-10 -5.2152e-07 -2.99671e-08 -1.14281e-10 -6.90366e-08 -3.22841e-07 -3.10958e-10 -3.81988e-08 -1.13396e-08 -5.68175e-08 -1.49962e-07 -2.05044e-08 -3.85029e-09 -1.98905e-11 7.55658e-08 4.55953e-08 -7.64044e-08 -3.14526e-08 -3.23745e-09 -1.84324e-12 -1.05835e-08 
0.000538357 -2.50495e-06 2.58126e-06 -0.00393709 0.00239155 0.000726397 0.000250536 8.9453e-05 0.00757268 -0.0083315 0.00256055 -3.5567e-05 0.00135605 -1.56368e-07 0.000400994 -0.00406985 0.00655559 -0.0085496 4.04981e-05 0.00878448 -0.00897325 -0.00882643 -0.00579225 0.00884893 -2.43038e-05 -1.42087e-05 -7.48874e-08 0.00899127 0.00708302 1.39738e-06 1.05038e-06 0.000215696 -0.000299726 0 -4.0196e-07 -0.00546988 0.000432333 3.07791e-05 0.0089612 -6.66267e-06 -0.000351598 -3.44876e-05 5.79631e-06 0.000263185 -7.0232e-06 4.83844e-05 0 -1.58788e-08 -0.00209554 5.95459e-05 0.00356117 0.00195002 4.52523e-07 -6.8424e-06 -0.000219406 -0.00882509 1.54987e-05 0.000169015 1.94862e-06 -0.00883293 -0.00891251 3.9461e-05 0.000150314 -0.00870854 3.46997e-05 -0.0089238 0.00278972 0.000423253 0.000301752 6.46405e-06 7.405e-05 9.40986e-05 3.36396e-07 6.9811e-07 0.000141151 4.51862e-06 7.79414e-07 0.00859777 -0.00883203 4.90434e-07 0.00439606 0.000920318 8.54361e-07 0.00823157 0.00243955 1.72147e-06 0.00455923 0.00134017 0.00677302 0.000531321 0.000841311 0.0004427 7.18133e-07 -0.00896897 -0.00888508 0.00897148 0.00367336 0.000254857 -2.02644e-09 -1.0882e-05 
0.000311867 -1.98832e-06 5.565e-07 -0.00325644 0.00188133 0.000355169 -5.30234e-07 1.94943e-05 0.00650904 -0.00686092 0.00241766 -5.96071e-05 0.000791531 -1.24118e-07 3.02737e-05 -0.00325895 0.00486241 -0.00708116 1.00089e-05 0.00704939 -0.00713536 -0.00701691 -0.00459928 0.00706321 -1.92632e-05 -3.66427e-05 -5.94423e-08 0.00708302 0.00715034 -6.8229e-08 9.02366e-07 2.72896e-05 -0.000250704 0 -3.19058e-07 -0.00465137 0.000124983 -9.33636e-06 0.0071264 3.44411e-06 -0.000281107 -2.76816e-05 1.62547e-07 0.000223237 -5.62762e-06 4.1324e-05 0 -1.26039e-08 -0.0015133 3.86039e-05 0.00252312 0.00168417 4.53378e-07 -5.43119e-06 -0.000174207 -0.007057 3.09222e-06 0.000147165 2.7096e-07 -0.00701743 -0.0070934 4.15056e-06 7.82241e-05 -0.00700424 4.02195e-06 -0.00709905 0.00212418 0.000122769 0.000239437 9.62946e-07 1.41657e-05 1.91096e-06 3.39889e-07 -8.35217e-08 3.77841e-05 2.20382e-06 1.48264e-07 0.00708963 -0.00702347 5.14406e-07 0.00370733 0.000610189 -9.97266e-08 0.00696843 0.00230317 2.99198e-06 0.00412267 0.000954048 0.00510755 0.000339454 0.00039787 0.000290867 -1.73573e-08 -0.00713337 -0.00710169 0.00713316 0.00363301 1.36549e-05 -1.60849e-09 -8.48226e-06 
-5.75202e-09 -2.6153e-09 -2.65253e-11 -5.21052e-06 -2.40489e-08 -7.08189e-09 3.17299e-07 7.6798e-06 -7.35836e-08 -7.70232e-06 -2.47439e-08 -1.02627e-07 -1.32137e-08 -1.63257e-10 3.14621e-07 3.97896e-06 3.66462e-06 -3.48414e-08 -3.91722e-10 2.35506e-07 -7.94564e-06 -7.79107e-06 -6.0496e-06 7.94678e-06 -2.60566e-08 7.64375e-06 -7.81866e-11 1.39738e-06 -6.8229e-08 9.47324e-06 -1.00417e-11 -2.12692e-09 -1.30796e-07 0 -4.19669e-10 1.74133e-06 -4.28441e-09 -1.23243e-08 7.94437e-06 4.33582e-06 6.7025e-07 -3.64106e-08 -2.50949e-10 -5.96665e-09 -7.40221e-09 -5.20875e-10 0 -1.65783e-11 -3.84937e-06 -6.48165e-10 2.83764e-07 -1.87096e-08 -4.32616e-12 -7.14384e-09 -2.29141e-07 -1.34546e-07 -3.21525e-10 -1.76962e-09 -5.68716e-10 -7.94731e-06 -7.83118e-06 -4.7564e-09 -1.4678e-09 -8.678e-06 -5.84947e-10 -7.93166e-06 -2.70964e-08 2.93583e-06 -2.92454e-09 -6.18924e-11 1.59262e-07 -9.06314e-10 -1.76836e-11 -1.09859e-10 -1.34941e-09 -4.31984e-11 -1.10522e-11 -8.29622e-08 -8.62567e-06 -1.21353e-10 7.96806e-06 7.67894e-06 -1.31174e-10 -7.92415e-08 -8.87081e-07 -3.56924e-10 -4.38454e-08 3.05032e-06 2.54784e-07 4.14538e-07 -2.35353e-08 -4.41944e-09 -2.28307e-11 -3.60326e-06 -2.9994e-06 7.94563e-06 -3.61019e-08 3.16284e-07 -2.11571e-12 -1.21479e-08 
-6.43611e-10 -2.92634e-10 -2.968e-12 -5.98313e-07 2.73091e-08 1.49208e-07 -3.02238e-10 -3.75238e-09 9.01767e-07 -1.01737e-06 3.40565e-07 -1.14833e-08 -1.47852e-09 -1.82673e-11 -6.019e-10 -4.81257e-07 6.36017e-07 -1.04898e-06 -4.3831e-11 8.70546e-07 -1.05019e-06 -1.03289e-06 -6.76908e-07 1.05032e-06 -2.91555e-09 -7.78606e-09 -8.74853e-12 1.05038e-06 9.02366e-07 -1.00417e-11 1.06e-06 -2.37988e-10 -3.81327e-08 0 -4.6958e-11 -7.41329e-07 2.85394e-09 -1.379e-09 1.05005e-06 -8.40266e-10 -4.13725e-08 -4.07409e-09 -2.80794e-11 -6.67627e-10 -8.28256e-10 2.29942e-07 0 -1.855e-12 -3.54051e-07 -7.25252e-11 -4.05457e-09 2.84573e-07 -4.84067e-13 -7.99346e-10 -2.56393e-08 -1.03925e-06 -3.59764e-11 -1.98008e-10 -6.36353e-11 -1.05037e-06 -1.04409e-06 -5.32208e-10 -1.64236e-10 -1.04225e-06 -6.54515e-11 -1.04862e-06 -3.03189e-09 -4.66149e-10 2.29673e-07 -6.92533e-12 -8.25563e-11 1.49899e-07 -1.97867e-12 -1.22925e-11 1.49849e-07 -4.8336e-12 -1.23667e-12 1.05072e-06 -1.03378e-06 -1.35786e-11 5.46353e-07 -3.84876e-09 -1.46775e-11 1.05113e-06 7.60742e-07 -3.99373e-11 1.05176e-06 -1.45638e-09 6.36036e-07 9.074e-08 -2.63344e-09 -4.94504e-10 -2.5546e-12 -1.05029e-06 -1.04986e-06 1.05019e-06 1.99294e-07 -4.15796e-10 -2.36733e-13 -1.35927e-09 
3.92701e-06 -6.19823e-08 1.10937e-06 -0.000117044 -5.69956e-07 -1.17301e-09 -6.40164e-08 2.01883e-07 0.000117876 -0.00021538 0.000136587 -1.59559e-06 0.000170697 -3.86917e-09 1.72725e-05 -0.000101121 7.48538e-05 -0.000220479 -9.28376e-09 0.000169691 -0.000222438 -0.000218775 -0.000143375 0.000159895 -5.74205e-07 -7.95818e-07 -1.85301e-09 0.000215696 2.72896e-05 -2.12692e-09 -2.37988e-10 0.000224466 -7.64682e-06 0 -9.94609e-09 -0.00015702 8.12513e-06 2.13458e-06 0.000222328 3.35358e-07 -8.76303e-06 -6.59593e-07 -5.94745e-09 4.01953e-05 -1.75431e-07 1.47743e-05 0 -3.92904e-10 4.11439e-05 1.79719e-08 6.60912e-05 0.000150253 -1.02529e-10 -1.69308e-07 -5.43061e-06 -0.000219185 6.57132e-08 3.4727e-08 -1.34785e-08 -0.000220108 -0.000221148 3.70607e-07 4.69485e-05 -0.000220693 -1.38632e-08 -0.000221737 5.30912e-05 1.1346e-06 7.27074e-05 -1.46684e-09 3.55847e-07 2.48852e-06 -4.19098e-10 -2.60364e-09 2.1328e-05 -1.0238e-09 2.56405e-07 0.000221337 -0.000218963 -2.87606e-09 1.77263e-05 1.13881e-05 -3.10881e-09 0.000213782 0.000179906 1.04874e-07 8.89209e-05 5.90486e-06 8.18611e-05 2.58772e-05 4.60056e-05 -5.14067e-08 1.72792e-07 -0.000221948 -0.000212346 0.000221535 4.91056e-07 -7.80689e-08 -5.01421e-11 -2.87904e-07 
-2.14362e-05 -4.39474e-06 -1.00728e-07 -0.0183434 -8.50972e-05 -2.68929e-05 -1.02573e-05 -9.48246e-05 -0.000270291 -0.00463637 -8.28062e-05 0.000751764 -2.77778e-05 -1.89956e-07 4.59416e-07 -0.00869889 -0.000231303 -0.000655898 -1.2942e-06 -0.000301207 0.000257101 0.000469479 -0.0223953 -0.000260673 -6.97713e-05 -0.000230983 -2.96907e-07 -0.000299726 -0.000250704 -1.30796e-07 -3.81327e-08 -7.64682e-06 0.0346801 0 -1.59366e-06 -0.0134769 -5.81637e-06 -4.57206e-05 -0.000166138 3.8931e-06 0.0195315 0.00343998 -9.52958e-07 -1.72812e-05 0.000451081 -5.91317e-07 0 -6.29549e-08 -0.0071828 1.37531e-06 -0.000126854 -6.91049e-05 -1.64282e-08 -1.79582e-05 0.00112679 0.000345749 1.32357e-05 -6.71999e-06 1.0368e-07 0.000275852 0.000265198 2.27935e-07 -5.57385e-06 -0.00379284 2.5702e-05 0.000322035 -0.000102896 -1.57502e-05 -1.10424e-05 -2.35032e-07 -5.21793e-07 -3.27499e-06 1.16181e-07 1.13615e-06 -3.60429e-06 -1.64043e-07 -4.19699e-08 -0.000288089 0.000764976 -4.6083e-07 0.00750598 -9.66159e-05 -4.81233e-08 -0.000300503 -0.00220826 1.87413e-05 -0.000166243 -2.60398e-05 -0.00024447 0.0147984 0.000335323 -1.67825e-05 3.13302e-07 0.000296219 0.000197247 -0.000280295 -0.000134304 -1.37813e-05 -8.03425e-09 -4.19374e-05 
