0.00746154 -0.000551168 0.00090442 -0.00010437 0.0031189 0.000251401 -0.000454662 0.000148924 -0.000248251 0.000300578 -0.000216626 -4.15087e-05 0.000744678 -4.32415e-07 -1.46887e-06 0.00105914 2.20941e-06 -0.00270901 -0.00547517 -0.00103598 -0.000471977 -0.00015224 0.00039641 0.0037806 -8.35544e-06 0.000247189 0.000197762 0.00450938 -0.00299877 -0.00277455 -0.000491725 -0.000135503 -0.00287236 1.25301e-10 -0.00182426 5.05576e-07 -0.00287543 -0.00195808 -5.85013e-07 -0.00327493 0.00203205 6.21074e-05 9.52901e-07 -1.57205e-05 0.00372047 -3.59086e-05 -0.000565294 -0.00330813 0.00272117 -1.40277e-05 -5.90477e-08 1.50862e-08 -7.56958e-05 -0.001498 -0.000396005 0.00148809 6.03588e-05 -2.16467e-07 -0.000110437 5.79943e-07 -7.54307e-05 0 0.00630748 4.32226e-06 -6.83502e-06 -4.57221e-07 -0.000709095 -2.40228e-06 1.59132e-08 0 -9.38998e-07 5.25165e-06 -0.000373818 -3.71216e-05 -0.000428833 -1.16916e-06 -0.00016681 -0.00151543 -1.41448e-05 -1.09655e-07 2.39409e-05 -1.94663e-05 -2.82369e-05 2.86169e-05 -2.30596e-05 -5.59229e-06 -0.000123813 -1.50227e-06 -9.74474e-05 -0.000119809 -4.75036e-06 -2.94479e-05 1.24675e-07 -0.000775137 -5.8515e-06 0.00208253 -0.000376213 -1.8431e-07 -2.53794e-05 3.67427e-06 
-0.000551168 0.218897 -0.0530016 -0.00222243 -0.00084461 7.72332e-05 -0.000145981 0.0235647 -6.94263e-05 -0.00482808 -0.00138881 -1.54096e-05 -0.0149786 -3.47711e-05 -4.78988e-07 0.00414476 -0.000264695 -0.00142917 -0.0182213 -0.00135765 -0.000662499 -0.000107957 5.56138e-05 -0.0341072 -2.75566e-06 -1.6285e-05 -0.101599 -0.000575038 -0.00367281 -0.00342577 -0.00351201 -0.000410307 -0.00626706 -5.39401e-09 -0.00179447 -3.17433e-05 0.00779012 0.00634879 -2.14681e-07 -0.00368592 -0.0853378 0.0429058 0.000320045 -0.000701643 0.00367295 0.0397814 -0.000232185 -0.011451 -0.0199528 -1.17169e-05 -9.94446e-10 -6.49438e-07 -2.90057e-05 -0.000590093 -0.00753218 -0.000792414 -0.00226592 -2.95592e-07 -0.000346219 2.84772e-06 -5.688e-05 0 -0.00258977 -0.000696023 4.10267e-06 -1.06441e-06 0.000478143 3.29057e-05 9.41628e-07 0 -2.5678e-07 -0.000261955 -0.00251047 -9.25919e-05 -0.000294995 -5.09286e-06 -0.000156856 0.064012 -2.10484e-06 -2.74123e-06 -0.00124502 -0.00567686 -9.81474e-06 -0.00101514 -8.25688e-06 -1.91056e-06 -4.67429e-05 -6.78997e-06 -0.00015379 -0.00119141 -1.85014e-06 -5.63294e-06 8.61296e-06 -0.000629671 -2.83364e-05 -0.00684625 -0.000100919 -9.35019e-06 0.000199958 -0.000180946 
0.00090442 -0.0530016 0.13743 -0.00094899 0.000586361 4.59742e-05 -7.33882e-05 -0.00571498 -4.11855e-05 -0.0074895 -0.000724564 -7.83169e-06 0.0244637 -1.69857e-05 -2.43438e-07 -0.00877845 -0.000136106 0.00146243 -0.00104262 -0.000539608 -0.000377064 -5.29146e-05 -3.32918e-05 -0.0231805 -1.41238e-06 5.70687e-05 -0.0398942 0.00103766 -0.00155694 -0.00137094 -0.000878025 -0.000202533 -0.00424244 3.92525e-09 -0.000503006 1.13097e-05 -0.00210233 0.00451209 -3.57752e-08 -0.00114571 -0.0153242 -0.010558 -5.07082e-05 0.00122954 0.00133747 -0.0326757 3.62869e-05 0.0185432 -0.00995854 -3.82948e-06 -2.08348e-08 -3.30067e-07 1.92796e-06 -0.000282439 0.00961774 0.00025114 0.00486357 -1.02298e-08 -0.00019906 -8.15839e-06 2.27719e-05 0 0.00346524 0.000264975 -1.3817e-06 -6.27155e-07 -0.000119996 2.55725e-05 -1.1816e-07 0 -1.67775e-07 0.000126545 -0.000305617 0.000256724 -0.000147379 4.65864e-06 1.60266e-05 -0.00718959 -1.62991e-06 2.78014e-06 0.00208861 0.0144484 -1.21217e-05 0.00237853 -3.67545e-06 -9.71011e-07 -2.46658e-05 -2.81423e-06 -0.000193395 -0.000250479 -9.40307e-07 -4.95209e-06 -2.72105e-06 -0.000290994 -1.29315e-05 0.00269841 -0.000115455 1.61488e-05 -0.00046657 6.05597e-05 
-0.00010437 -0.00222243 -0.00094899 0.00723298 -0.000350945 -2.88795e-05 2.41146e-05 -0.00077482 2.9099e-05 0.000467024 0.000136661 -1.13581e-07 0.00379852 -7.81018e-07 -1.07834e-08 4.74424e-05 -6.04397e-06 -5.17462e-05 0.000737207 2.51522e-05 -1.47248e-05 5.6807e-05 -3.60411e-05 -0.00349126 -6.2563e-08 -2.86299e-05 -0.00214773 4.21026e-05 0.000333336 0.000341298 -6.3538e-05 -2.54585e-06 1.73184e-05 -1.21434e-10 -2.90389e-05 -8.67837e-07 -7.97097e-05 9.86934e-05 -4.83309e-09 0.000302252 -0.00191856 -0.000495508 -4.03819e-06 2.98067e-06 -0.000304442 0.000348181 2.52944e-05 0.000285259 0.000274654 -2.67083e-07 -9.22902e-10 -1.46207e-08 -6.63056e-07 -2.25938e-06 -0.000116948 -2.42119e-05 -4.08004e-05 -6.65461e-09 -8.68731e-06 -5.62047e-07 1.38727e-07 0 -0.000374107 6.19994e-06 -6.29759e-08 3.58233e-07 -1.54986e-06 -6.52627e-07 -1.54222e-08 0 2.25682e-08 -6.26455e-06 0.0004078 -1.42301e-05 -6.6652e-06 -1.36492e-07 -5.51803e-06 -0.00126869 -1.11623e-07 4.04954e-07 -2.60239e-05 -0.000127584 -3.85424e-07 -1.72086e-05 -1.87762e-07 -4.30121e-08 8.1237e-06 -1.52862e-07 -9.24346e-07 -2.83202e-05 -4.1652e-08 6.21697e-07 -1.20827e-07 0.000223496 -3.13409e-07 -0.000146722 2.59591e-05 -2.44569e-07 -1.84912e-05 4.55072e-05 
0.0031189 -0.00084461 0.000586361 -0.000350945 0.00528357 0.000242297 -0.00046818 -0.000224881 -0.00023997 0.000247543 -0.000218578 -1.53471e-05 0.000756747 -1.0084e-06 -1.47214e-06 0.000587848 4.94068e-07 -0.00154701 -0.00429497 -0.000522949 -3.9593e-05 -0.000232444 0.000263512 0.00321717 -7.64772e-06 0.000237958 -0.000593633 0.00258169 -0.00173208 -0.00174411 -0.000506939 -0.000206725 -0.0025354 8.85298e-11 -0.0002107 -1.91649e-05 -0.00254227 -0.00251884 -5.86477e-07 -0.00185414 0.00139228 0.000274045 -2.12665e-06 -1.80506e-07 0.00219849 0.000160791 -0.00053887 -0.0018379 0.00184254 -1.80486e-05 6.72827e-10 1.0659e-08 -1.60328e-06 -6.89185e-05 5.38737e-05 0.00144545 1.90438e-05 -5.11815e-07 -2.30043e-05 3.93085e-07 -7.47571e-05 0 0.00458808 -8.15953e-05 -6.89409e-06 -3.16841e-07 -0.000722868 2.30483e-06 1.12433e-08 0 -9.27915e-07 4.46894e-06 -3.82844e-05 -4.40063e-05 -1.30575e-05 -1.16716e-06 -0.000393868 -0.00184107 -2.77196e-06 -8.34247e-09 4.85172e-06 5.1614e-05 -1.38531e-05 1.81769e-05 -1.37398e-05 -5.32198e-06 -5.27424e-06 -4.78559e-07 -0.000263194 -6.3128e-05 -5.5763e-06 -2.9366e-05 -4.15246e-07 -0.00103065 -4.34844e-06 0.0018245 -0.000387375 -4.05034e-07 7.61183e-06 -2.54282e-06 
0.000251401 7.72332e-05 4.59742e-05 -2.88795e-05 0.000242297 0.000280438 -0.000244747 -7.94023e-05 -0.000250056 1.06562e-05 -0.000249019 1.33563e-08 4.4691e-05 -1.54544e-07 -1.47958e-06 0.000253116 -1.07563e-06 2.33811e-06 -0.000232579 -0.000258778 -1.52986e-05 -2.63062e-05 0.00025338 -7.66576e-05 2.4087e-09 0.0002488 -1.24182e-05 6.44129e-05 3.18402e-06 2.99996e-06 -0.000253395 3.60076e-07 -0.000252275 4.67528e-12 1.22554e-06 3.35404e-08 -0.000146748 9.1255e-06 -5.89814e-07 1.64404e-06 4.67338e-05 1.91364e-05 1.14979e-07 6.28943e-07 0.000250309 -0.000121387 -0.000253291 1.34041e-05 -1.13083e-05 -3.19305e-06 3.55321e-11 5.62903e-10 2.5528e-08 5.19732e-07 6.44282e-06 0.000252177 2.27526e-06 2.56205e-10 -1.93116e-06 2.16391e-08 -7.27267e-05 0 0.00024657 6.11261e-07 2.4246e-09 1.22305e-09 -1.04236e-06 -2.63472e-07 5.9376e-10 0 -8.69714e-07 -7.84324e-07 2.40737e-06 -4.26565e-05 1.32796e-08 5.25501e-09 -6.41051e-06 5.04672e-05 4.29752e-09 -3.7624e-08 1.08869e-06 5.02176e-06 2.53624e-08 1.19898e-06 -1.33061e-05 -5.31168e-06 -6.27112e-06 -1.54115e-07 3.84787e-07 1.10138e-06 1.60362e-09 -2.54247e-05 4.6519e-09 -2.55286e-07 2.63115e-08 0.000247092 -0.000245366 -4.27251e-07 9.74621e-07 1.58986e-07 
-0.000454662 -0.000145981 -7.33882e-05 2.41146e-05 -0.00046818 -0.000244747 0.000487272 4.89213e-05 0.000242275 -2.40864e-05 0.000239855 -2.3212e-08 -8.23373e-05 1.3084e-07 1.47928e-06 -0.000480425 -4.24698e-07 -3.83341e-06 0.000288137 0.000484481 1.27789e-05 0.000178965 -0.000249907 2.40251e-05 7.68915e-06 -0.000242022 -9.01107e-05 -6.40534e-05 -5.30685e-06 2.04455e-06 0.000471422 -6.25776e-07 0.000255628 -8.12517e-12 -2.7613e-06 -5.82899e-08 0.000137641 -1.54992e-05 5.89677e-07 9.02213e-05 -0.000129824 -3.32038e-05 -3.04096e-07 -1.09304e-06 -0.000480567 4.38516e-05 0.000483813 0.000217745 -0.000207093 3.18546e-06 -6.17513e-11 -9.7827e-10 3.32563e-06 -9.03242e-07 2.69233e-05 -0.000244596 -3.95418e-06 -4.45259e-10 1.90289e-06 -3.76065e-08 7.38998e-05 0 -0.000475352 -1.06231e-06 -4.21371e-09 3.12078e-08 8.89142e-07 1.57809e-07 -1.0319e-09 0 9.32836e-07 -3.01168e-07 2.63274e-07 4.60991e-05 9.37366e-07 1.40867e-07 0.000140575 -8.47427e-05 -7.46865e-09 4.92041e-08 -3.4536e-07 -8.72731e-06 -4.40774e-08 -1.08037e-06 1.33008e-05 5.35046e-06 6.23751e-06 1.49772e-07 1.82013e-05 7.47126e-05 -2.78693e-09 2.54183e-05 -8.08454e-09 0.000104485 -4.57268e-08 -0.000238977 0.000272014 4.20303e-07 -1.69379e-06 -2.76301e-07 
0.000148924 0.0235647 -0.00571498 -0.00077482 -0.000224881 -7.94023e-05 4.89213e-05 0.146283 8.10399e-05 -0.00624978 -0.000422172 -7.07276e-06 0.0420078 5.00058e-05 -1.76698e-07 0.00170013 -0.000109432 -0.00147471 -0.00717583 0.000309212 9.62022e-05 -1.94136e-05 -5.56173e-05 -0.0149544 -1.52799e-06 -5.95727e-05 -0.03879 0.00119343 0.000159467 -0.00106744 -0.00225785 4.64613e-05 -0.00171154 -2.96582e-09 -0.000999024 -1.97701e-05 -0.00197464 -0.00494561 -1.1804e-07 -0.000992329 -0.041981 -0.0118112 -0.000102057 -0.000317011 0.000754082 -0.0472554 7.43944e-06 -0.00528013 0.013992 1.31403e-05 -2.25402e-08 -3.57085e-07 -6.03731e-06 -0.000264309 -0.00411144 8.93307e-05 -0.00123163 -1.3586e-07 -0.00018206 -1.24303e-05 -2.49866e-05 0 -0.000525398 0.000178279 1.48193e-06 -7.02526e-07 -0.000130736 -3.46172e-05 -3.56659e-07 0 1.45158e-07 -0.000111253 0.00135511 0.000126916 -0.000147362 -2.27692e-06 -9.94415e-05 -0.0254988 -2.16285e-06 -1.50056e-06 -0.000648798 -0.00316641 -1.52223e-05 -0.000629181 1.57509e-05 -3.73827e-07 3.84215e-05 -2.80338e-06 -8.85142e-05 -0.000682842 -1.01728e-06 1.76955e-05 -2.93433e-06 0.000241845 -1.6691e-05 0.00232268 2.16711e-05 -5.42316e-06 -0.000556146 0.000167689 
-0.000248251 -6.94263e-05 -4.11855e-05 2.9099e-05 -0.00023997 -0.000250056 0.000242275 8.10399e-05 0.000250327 -1.2371e-05 0.000245758 -1.19219e-08 -4.24382e-05 1.57994e-07 6.82963e-07 -0.000246842 -2.18129e-07 -2.08701e-06 0.00023145 0.000249052 1.4009e-05 2.63166e-05 -0.000250017 6.90883e-05 -2.15002e-09 -0.000245428 -3.00008e-06 -6.46427e-05 -2.84207e-06 -2.67169e-06 0.00024479 -3.21405e-07 0.000243407 -4.17317e-12 -1.41823e-06 -2.99383e-08 0.000145994 -8.14544e-06 5.89834e-07 -1.2675e-06 -6.55779e-05 -1.70812e-05 -1.56187e-07 -5.61396e-07 -0.000247276 0.000128105 0.000249938 -1.19645e-05 8.13289e-06 1.75415e-06 -3.17161e-11 -5.02449e-10 -2.27863e-08 -4.63914e-07 -5.83121e-06 -0.00024884 -2.03091e-06 -2.2869e-10 -3.08396e-07 -1.93151e-08 7.27321e-05 0 -0.000243921 -4.5228e-07 -2.1642e-09 -1.0917e-09 1.06466e-06 2.78851e-07 -5.29992e-10 0 8.69745e-07 -9.63161e-08 -2.11589e-06 4.27177e-05 1.42799e-08 -4.69064e-09 6.44625e-06 -4.5225e-05 -3.83597e-09 3.78792e-08 -9.71764e-07 -4.48244e-06 -2.26386e-08 -1.07021e-06 1.33069e-05 4.03186e-06 6.27601e-06 1.54747e-07 -3.43462e-07 -9.83092e-07 -1.4314e-09 2.54256e-05 -4.1523e-09 1.58441e-07 -2.34857e-08 -0.000244405 0.000242011 4.28262e-07 -8.69949e-07 -1.41911e-07 
0.000300578 -0.00482808 -0.0074895 0.000467024 0.000247543 1.06562e-05 -2.40864e-05 -0.00624978 -1.2371e-05 0.046966 -0.000192552 -2.35243e-06 0.00171829 -5.65776e-06 -7.31224e-08 0.000634593 -4.27379e-05 -0.000402645 -0.000735203 -0.000205301 -0.00010481 -1.3592e-05 -1.77005e-06 0.000465169 -4.24242e-07 -0.000109895 -0.0119456 0.000250431 -0.000555831 -0.000533313 -0.000678376 -3.18397e-05 -0.0013223 -8.2345e-10 -0.000265396 -5.59743e-06 -0.000609954 -0.00158116 -3.27733e-08 -0.000606141 -0.00891552 0.00204402 -3.02621e-05 -9.23682e-05 0.000553554 0.00838069 -3.85088e-05 -0.00064674 -0.0014945 -1.7311e-06 -6.25822e-09 -9.91434e-08 -4.4962e-06 -8.9083e-05 -0.00113818 3.68678e-05 4.31378e-05 -4.51251e-08 -6.06195e-05 -3.30792e-06 -8.80137e-06 0 0.000472112 0.000346199 -4.27041e-07 5.01252e-07 -3.65714e-05 -2.61064e-06 -1.04578e-07 0 -5.03952e-08 -4.16736e-05 -0.000395483 -7.95545e-05 -4.51969e-05 -9.25558e-07 -5.705e-05 -0.00339819 -7.56916e-07 -4.18478e-07 -0.000185899 -0.000883126 -2.21705e-06 -5.16045e-05 -1.27322e-06 -2.91666e-07 1.14828e-06 -3.96559e-07 -6.60719e-05 0.000664186 -2.82444e-07 -1.52552e-06 1.084e-06 -9.16753e-05 -4.05421e-06 -0.00696929 -3.30663e-05 -1.65843e-06 -0.000146355 -2.53386e-05 
-0.000216626 -0.00138881 -0.000724564 0.000136661 -0.000218578 -0.000249019 0.000239855 -0.000422172 0.000245758 -0.000192552 0.0046853 -2.24138e-07 -0.000782237 -3.524e-07 1.47303e-06 -0.000189045 -3.4376e-06 -3.57434e-05 9.9622e-05 0.000291812 1.95672e-06 2.51132e-05 -0.000266409 0.00118952 -4.04214e-08 -0.000265409 -0.00109209 -3.141e-05 -4.73624e-05 -4.45178e-05 0.000182544 -5.95257e-06 0.000164072 -7.84577e-11 -2.25568e-05 -5.62855e-07 8.77941e-05 -0.000152155 5.86877e-07 -4.93558e-05 -0.000747617 -0.000291969 -2.93639e-06 -1.05479e-05 -0.000201628 0.00160093 0.000245481 -0.000208366 0.000193894 3.03077e-06 -5.96278e-10 -9.4463e-09 -4.28395e-07 -8.72182e-06 -0.000105063 -0.000244858 8.66479e-05 -4.29948e-09 -5.79801e-06 -1.93133e-07 7.15081e-05 0 -0.000160915 -7.80114e-06 -4.06881e-08 -2.05245e-08 -2.23449e-06 1.84033e-06 -9.96412e-09 0 8.65198e-07 -3.19352e-06 -4.14353e-05 3.62447e-05 -3.41965e-06 -8.81864e-08 1.28807e-06 -0.000814804 -7.21183e-08 1.27814e-10 -1.82697e-05 -7.98354e-05 6.14383e-07 -7.3872e-06 1.3192e-05 5.28554e-06 4.8657e-06 6.12375e-08 -3.70392e-06 -1.6936e-05 -2.6911e-08 2.5288e-05 -7.80654e-08 -8.22492e-06 -4.08211e-07 -0.000464039 0.000237899 2.78653e-07 -1.63555e-05 -2.668e-06 
-4.15087e-05 -1.54096e-05 -7.83169e-06 -1.13581e-07 -1.53471e-05 1.33563e-08 -2.3212e-08 -7.07276e-06 -1.19219e-08 -2.35243e-06 -2.24138e-07 4.76111e-05 -8.06991e-06 -5.45236e-09 -7.04677e-11 6.25836e-07 -4.14787e-08 1.09798e-05 4.40006e-05 -2.05637e-07 -1.11123e-07 -1.64875e-08 2.20589e-08 -3.44157e-05 -4.0884e-10 1.86906e-08 -1.65867e-05 -4.60134e-05 4.70062e-05 4.70345e-05 -6.54866e-07 5.93888e-06 -6.52322e-07 -7.93556e-13 2.96736e-05 -5.69297e-09 1.07634e-06 -1.55577e-07 -3.15835e-11 4.58288e-05 -1.29005e-05 -3.24811e-06 -2.96999e-08 -1.06753e-07 -4.701e-05 -1.65813e-05 -3.71108e-08 4.52415e-05 -4.25453e-05 -1.74535e-09 -6.03102e-12 -9.55441e-11 -4.33297e-09 3.57185e-05 -9.22177e-07 7.29817e-08 -3.8619e-07 -4.34868e-11 -5.86436e-08 -3.67289e-09 -8.48184e-09 0 -4.64037e-05 7.6248e-08 -4.11538e-10 -2.07594e-10 -3.52437e-08 -2.4305e-08 -1.00782e-10 0 -4.85656e-11 -4.1134e-08 -4.60666e-07 -9.67819e-08 1.30598e-05 -8.91956e-10 3.43508e-07 -7.01443e-06 -7.29436e-10 -4.03285e-10 -1.84787e-07 -8.52365e-07 -4.30488e-09 -2.03508e-07 -1.227e-09 -2.81077e-10 -7.7305e-09 1.39001e-07 -3.86449e-08 -1.86942e-07 -2.7219e-10 -1.47014e-09 -7.89588e-10 5.01882e-08 -4.46597e-09 1.0893e-06 8.13246e-07 -1.59822e-09 -1.65427e-07 -2.69853e-08 
0.000744678 -0.0149786 0.0244637 0.00379852 0.000756747 4.4691e-05 -8.23373e-05 0.0420078 -4.24382e-05 0.00171829 -0.000782237 -8.06991e-06 0.140762 -1.5132e-05 -2.50843e-07 0.00152302 -9.42376e-05 -0.00140099 0.0117414 -0.000434367 -0.000342351 2.75262e-05 6.19295e-05 -0.0988747 -1.45534e-06 6.65327e-05 -0.0481629 0.00115481 -0.00102496 -0.00164905 -0.00223458 -0.000113588 -0.00219638 7.17519e-09 -0.000623784 -1.90885e-05 -0.00209272 -0.00239383 -1.12427e-07 -0.00195669 -0.0317709 -0.0103063 -0.000104879 -0.000235331 0.00183642 -0.00481398 -0.000131839 0.00334515 0.0175444 -4.29548e-07 5.19813e-09 -3.40107e-07 3.4666e-05 -0.000216373 -0.00103948 0.000226749 -0.00116128 -1.28133e-07 -0.000159366 -1.09043e-05 -2.1666e-05 0 -0.00313029 0.000288689 -1.42828e-06 5.2103e-07 -0.00011595 8.97618e-05 3.12495e-08 0 -1.32878e-07 -7.45672e-05 0.00483567 0.000210174 -0.000153632 8.67825e-06 -0.00012145 -0.0263451 9.8701e-06 5.36777e-06 0.00110993 -0.00292805 -1.5144e-05 -0.000525637 -4.36772e-06 -1.00055e-06 0.000117539 2.73747e-06 -0.000203645 0.000340247 -9.68909e-07 -4.82324e-06 -4.90683e-07 -0.000197502 -1.45841e-05 0.00281342 -0.000118817 -2.8625e-06 0.00144285 0.000323941 
-4.32415e-07 -3.47711e-05 -1.69857e-05 -7.81018e-07 -1.0084e-06 -1.54544e-07 1.3084e-07 5.00058e-05 1.57994e-07 -5.65776e-06 -3.524e-07 -5.45236e-09 -1.5132e-05 0.0001145 -1.6948e-10 -1.14815e-06 -5.64257e-08 -4.37804e-07 -7.84452e-06 -3.07905e-07 -5.39263e-08 -1.63203e-08 -1.33613e-07 2.86202e-05 -9.83288e-10 -1.41714e-07 -2.21423e-05 3.93787e-07 -1.29979e-06 -1.24778e-06 -6.14997e-07 -1.46991e-07 -2.84939e-06 -1.90856e-12 -6.41947e-07 -1.3692e-08 -8.97888e-07 -2.82524e-06 -7.59605e-11 -1.40594e-06 -2.94465e-05 -7.81192e-06 -7.14304e-08 -2.56749e-07 1.12009e-06 -1.55259e-05 9.74127e-08 -5.47185e-06 1.11913e-05 -4.19768e-09 -1.4505e-11 -2.2979e-10 -1.04211e-08 -2.12166e-07 -2.65685e-06 -4.91141e-07 -9.28814e-07 -1.04589e-10 -1.41042e-07 -8.83356e-09 -2.03994e-08 0 1.38827e-06 -2.49531e-07 -9.89777e-10 -4.99278e-10 -8.47635e-08 -5.84552e-08 -2.42387e-10 0 -1.16804e-10 -9.893e-08 -1.10793e-06 -2.32767e-07 -1.04755e-07 -2.14522e-09 -1.35867e-07 -1.97462e-05 -1.75434e-09 -9.69928e-10 -4.44426e-07 -1.67333e-06 -1.03535e-08 -3.46117e-07 -2.95101e-09 -6.7601e-10 -1.85924e-08 -2.40249e-09 8.29213e-08 -4.42941e-07 -6.54635e-10 -3.53579e-09 -1.89901e-09 -2.40054e-07 -1.0741e-08 2.63178e-07 1.06288e-07 -3.84383e-09 -3.97862e-07 -6.49016e-08 
-1.46887e-06 -4.78988e-07 -2.43438e-07 -1.07834e-08 -1.47214e-06 -1.47958e-06 1.47928e-06 -1.76698e-07 6.82963e-07 -7.31224e-08 1.47303e-06 -7.04677e-11 -2.50843e-07 -1.6948e-10 1.48e-06 -1.46055e-06 -1.28931e-09 -1.23358e-08 1.36957e-06 1.47361e-06 1.56546e-07 -5.12494e-10 -1.47931e-06 4.08366e-07 -1.27083e-11 -1.47942e-06 -1.02245e-07 -4.0204e-07 -1.67988e-08 -1.61267e-08 1.45964e-06 -1.89975e-09 1.44024e-06 -2.46667e-14 -8.38285e-09 -1.76959e-10 3.94362e-07 -4.81459e-08 -9.81733e-13 -1.81707e-08 -4.00995e-07 -1.00963e-07 -9.23185e-10 -3.31829e-09 -1.46311e-06 5.51257e-07 1.47885e-06 -7.07197e-08 1.55668e-07 7.96612e-07 -1.87467e-13 -2.96987e-12 -1.34685e-10 -2.74209e-09 -3.4467e-08 -1.47773e-06 -1.20042e-08 -1.35173e-12 -1.82286e-09 -1.14167e-10 -2.63647e-10 0 -1.44427e-06 -3.225e-09 -1.27921e-11 -6.4528e-12 1.88904e-07 -7.55491e-10 -3.13267e-12 0 -1.5096e-12 -1.2786e-09 -1.43192e-08 -3.00834e-09 -1.35388e-09 -2.77253e-11 -1.75598e-09 -2.67354e-07 -2.26736e-11 -1.25356e-11 -5.74388e-09 -2.64947e-08 -1.33812e-10 -6.32579e-09 -3.81396e-11 1.23332e-06 -2.40293e-10 -3.10504e-11 -2.03013e-09 -5.81084e-09 -8.46067e-12 -4.56975e-11 -2.45433e-11 -3.10252e-09 -1.38819e-10 -1.44614e-06 1.28896e-06 -4.96787e-11 -5.14208e-09 -8.38805e-10 
0.00105914 0.00414476 -0.00877845 4.74424e-05 0.000587848 0.000253116 -0.000480425 0.00170013 -0.000246842 0.000634593 -0.000189045 6.25836e-07 0.00152302 -1.14815e-06 -1.46055e-06 0.0129714 4.18394e-06 -9.16e-05 -3.07551e-05 -0.00122003 -0.00032833 -0.000206608 0.000341814 -0.00253222 -7.58047e-06 0.000247077 0.00300422 5.69278e-05 -0.000330253 -0.000104013 -0.00187698 1.51287e-05 5.1921e-05 2.19069e-10 1.52529e-05 4.74934e-07 1.4798e-05 0.000325139 -6.54614e-07 -0.000507103 0.00215088 0.000620796 7.63896e-06 -7.05964e-05 0.0010855 0.00244057 -0.000735032 -0.006583 0.00773704 -3.77151e-06 1.66492e-09 2.63759e-08 -8.44338e-05 1.8343e-05 -0.00812845 0.000237773 -0.000787128 -1.13284e-08 1.23992e-05 9.77272e-07 -0.000110045 0 0.00102161 1.61084e-05 1.13609e-07 -4.93582e-08 8.47938e-06 -7.26036e-06 2.78218e-08 0 -9.3326e-07 -7.54561e-07 -0.000173835 -3.36691e-05 1.49075e-06 -2.61377e-06 -0.000248342 0.00177191 5.47015e-08 -1.45336e-07 -0.000154318 -0.0093156 8.28405e-07 -2.00729e-05 -2.01246e-05 -5.55907e-06 -0.000118216 -9.02679e-10 -5.99101e-05 -0.00010393 -3.32819e-06 -2.50275e-05 2.17974e-07 -8.28026e-05 -1.23712e-06 -2.62026e-05 -0.000326554 -2.12128e-07 4.36477e-05 -8.75376e-06 
2.20941e-06 -0.000264695 -0.000136106 -6.04397e-06 4.94068e-07 -1.07563e-06 -4.24698e-07 -0.000109432 -2.18129e-07 -4.27379e-05 -3.4376e-06 -4.14787e-08 -9.42376e-05 -5.64257e-08 -1.28931e-09 4.18394e-06 0.000870398 5.90223e-06 -3.21055e-05 -3.76244e-06 -1.99317e-06 -3.01664e-07 4.03601e-07 -9.98381e-05 1.25853e-07 3.41973e-07 0.000342677 3.21064e-06 7.41854e-06 2.37775e-05 0.000102515 7.05102e-07 -8.701e-06 -1.45193e-11 -4.34764e-06 -1.00828e-07 -1.11669e-05 -1.64563e-05 -5.77867e-10 2.41477e-05 0.000146087 -3.28456e-05 -5.43404e-07 1.58346e-06 -2.44655e-05 -0.000288573 -6.78997e-07 -1.11136e-05 -0.000295841 -3.19337e-08 -1.10347e-10 -1.74812e-09 -7.92782e-08 -3.0405e-07 2.30321e-05 1.33531e-06 -4.23926e-06 -7.95656e-10 1.03837e-05 1.42799e-07 5.61479e-07 0 -1.09958e-05 1.09504e-06 -7.5297e-09 -3.79824e-09 3.08497e-07 -3.04696e-07 -1.84395e-09 0 -8.8858e-10 6.40599e-08 -5.39523e-06 -1.54743e-06 -7.10256e-07 -1.63197e-08 -6.93601e-07 -8.80965e-05 -1.33461e-08 -7.3787e-09 3.17237e-06 -1.5582e-05 -7.87642e-08 -3.40147e-07 7.55029e-09 -5.14273e-09 -1.08108e-07 -1.82769e-08 1.62217e-05 -1.23371e-06 -4.98011e-09 -2.68984e-08 -1.44467e-08 5.22379e-06 -8.17116e-08 1.91404e-05 -5.48146e-07 -2.92418e-08 -2.54673e-06 7.54293e-06 
-0.00270901 -0.00142917 0.00146243 -5.17462e-05 -0.00154701 2.33811e-06 -3.83341e-06 -0.00147471 -2.08701e-06 -0.000402645 -3.57434e-05 1.09798e-05 -0.00140099 -4.37804e-07 -1.23358e-08 -9.16e-05 5.90223e-06 0.00826555 0.00445837 -3.44315e-05 1.11605e-05 -3.09584e-07 -9.62844e-06 -0.00431032 2.35097e-07 3.27191e-06 -0.00161597 -0.00429844 0.00368781 0.0038497 -0.000104472 0.000124131 0.000465338 -1.38917e-10 0.00307636 3.64341e-06 0.00109826 0.00159242 -5.5289e-09 0.00371868 -0.00182413 -0.000471992 -3.1625e-06 -1.68278e-05 -0.00384303 -0.00222372 -4.64648e-06 0.00397344 -0.00548403 -3.05534e-07 -1.05577e-09 -1.67256e-08 -7.58515e-07 0.00127682 -0.000188017 -0.000526501 9.31316e-05 3.42387e-07 1.25406e-06 -6.1963e-07 -1.648e-07 0 -0.00473898 8.09088e-06 1.07958e-07 -3.63407e-08 9.91703e-06 -3.81808e-06 2.35754e-09 0 -8.50172e-09 -6.91743e-06 9.88442e-05 3.40771e-06 7.80752e-05 1.10386e-06 0.000117631 0.00154636 2.72564e-06 -7.05976e-08 -3.05315e-05 -1.74887e-05 1.21264e-05 -2.86287e-05 2.11873e-07 -4.92044e-08 -1.35327e-06 3.31798e-07 0.000124413 -3.07887e-05 5.66902e-06 -2.57358e-07 -1.38222e-07 0.000206387 -4.01797e-07 -0.000468304 7.49628e-05 -4.64455e-08 -2.8959e-05 -4.69396e-06 
-0.00547517 -0.0182213 -0.00104262 0.000737207 -0.00429497 -0.000232579 0.000288137 -0.00717583 0.00023145 -0.000735203 9.9622e-05 4.40006e-05 0.0117414 -7.84452e-06 1.36957e-06 -3.07551e-05 -3.21055e-05 0.00445837 0.0690484 0.000462458 0.000430993 4.29187e-05 -0.000247764 -0.0277606 1.1193e-06 -0.000225003 -0.00179114 -0.00626557 0.00948244 0.00988542 0.000903172 0.000853252 0.00891076 -1.2436e-09 0.00446558 5.50176e-06 0.00212914 0.00137157 5.40505e-07 0.00995776 -0.019934 -0.00493264 -4.55434e-05 -0.000163509 -0.0101544 -0.00456082 0.00037463 0.0083242 -0.00481168 1.93782e-05 5.05487e-08 2.36041e-08 9.56371e-07 0.00156879 -0.0013963 -0.00135883 6.6736e-05 4.48517e-07 0.000181628 -3.82254e-06 6.78013e-05 0 -0.0161531 0.000181241 5.10174e-06 8.8008e-08 0.000656599 -3.53289e-05 -1.57937e-07 0 8.70558e-07 -4.99586e-05 -0.000624366 -9.91457e-05 0.000826149 -1.04471e-07 3.07238e-05 -0.00941952 1.71022e-06 -5.91997e-07 -0.000270938 -0.00126746 4.52771e-05 -0.000296368 2.26905e-05 5.19618e-06 4.0087e-06 1.84412e-05 0.000150246 -0.000284424 5.29011e-06 2.72528e-05 -1.20405e-06 0.0015086 2.28679e-05 -0.000689425 0.000480553 -1.39127e-06 -1.81404e-05 -3.84993e-05 
-0.00103598 -0.00135765 -0.000539608 2.51522e-05 -0.000522949 -0.000258778 0.000484481 0.000309212 0.000249052 -0.000205301 0.000291812 -2.05637e-07 -0.000434367 -3.07905e-07 1.47361e-06 -0.00122003 -3.76244e-06 -3.44315e-05 0.000462458 0.00430025 0.00032132 0.000213454 -0.000257239 0.000622179 7.65625e-06 -0.000249185 -0.000195397 -5.74682e-05 0.000214365 7.4128e-06 0.000798765 -4.95048e-06 0.000177656 -7.19817e-11 -2.44593e-05 -5.06396e-07 9.92082e-05 -0.000132312 5.87135e-07 0.000482515 -0.00058566 -0.000294629 -2.69401e-06 1.442e-05 -0.000999119 -0.00115783 0.000729557 0.000916134 -0.000654278 3.04502e-06 -5.47061e-10 -8.66659e-09 7.02103e-05 -7.82525e-06 0.000192219 -0.000248257 -3.50305e-05 -3.9446e-09 -8.59431e-07 -2.39827e-07 7.37706e-05 0 -0.00103877 -7.98111e-06 -3.73297e-08 1.45029e-08 -1.94688e-06 1.67868e-06 -9.14167e-09 0 9.42261e-07 -1.35117e-06 0.000102781 4.15111e-05 -2.17087e-06 3.35909e-06 0.000170336 -0.00028468 4.3205e-06 1.36752e-07 7.85502e-06 -7.35462e-05 6.18052e-09 -1.53931e-05 2.2242e-05 5.61117e-06 0.000128409 6.93895e-08 1.77457e-05 7.06296e-05 -2.46897e-08 2.53e-05 -7.16218e-08 0.000133253 -4.05098e-07 -0.000162469 0.000322472 4.31696e-07 -1.48488e-05 -2.44778e-06 
-0.000471977 -0.000662499 -0.000377064 -1.47248e-05 -3.9593e-05 -1.52986e-05 1.27789e-05 9.62022e-05 1.4009e-05 -0.00010481 1.95672e-06 -1.11123e-07 -0.000342351 -5.39263e-08 1.56546e-07 -0.00032833 -1.99317e-06 1.11605e-05 0.000430993 0.00032132 0.00232843 -8.08174e-07 -1.53154e-05 0.000400109 -2.00402e-08 -1.44538e-05 0.000710747 -0.000116052 0.000368643 8.48825e-05 -4.4697e-06 -2.43247e-06 4.20309e-05 -3.88979e-11 4.47741e-05 -2.57201e-08 9.23326e-06 -4.58333e-05 5.88452e-07 0.000386239 -0.000595042 -0.000159213 -1.45581e-06 -5.23275e-06 -0.000380217 -0.0007987 1.93176e-05 0.000263819 -0.000142808 1.34448e-07 -2.95624e-10 -4.68331e-09 8.91428e-06 5.07125e-05 -3.17825e-05 -4.8646e-05 -1.88766e-05 -2.1316e-09 9.51545e-06 -1.80035e-07 4.28758e-06 0 -0.000494378 -5.08563e-06 -2.01724e-08 1.39824e-07 5.01912e-06 -1.11136e-06 -4.94003e-09 0 3.37619e-07 -1.77294e-06 -2.21939e-05 -3.35731e-06 1.795e-06 -4.37212e-08 -2.76907e-06 -0.000367478 3.42451e-08 -1.97679e-08 -9.05776e-06 -4.17339e-05 -2.11013e-07 -9.37539e-06 9.22652e-06 9.69556e-07 7.45107e-06 -4.89647e-08 -2.23139e-06 -8.56335e-06 -1.3342e-08 9.97938e-07 -3.87034e-08 1.66042e-05 -2.1891e-07 4.1012e-06 5.18618e-05 -7.83403e-08 -7.98209e-06 -1.32275e-06 
-0.00015224 -0.000107957 -5.29146e-05 5.6807e-05 -0.000232444 -2.63062e-05 0.000178965 -1.94136e-05 2.63166e-05 -1.3592e-05 2.51132e-05 -1.64875e-08 2.75262e-05 -1.63203e-08 -5.12494e-10 -0.000206608 -3.01664e-07 -3.09584e-07 4.29187e-05 0.000213454 -8.08174e-07 0.00034616 -2.75362e-05 -0.00015055 6.53703e-06 -2.61607e-05 -0.000117928 2.0756e-06 3.51029e-05 6.03635e-05 0.000197704 -1.11157e-07 1.91082e-05 -5.77133e-12 -1.52469e-06 -4.14035e-08 -4.17879e-06 -1.10315e-05 -2.29699e-10 4.73119e-05 -9.03652e-05 -2.36227e-05 -2.16e-07 8.00277e-07 -0.000243922 -9.63985e-05 0.000206487 0.00027609 -0.000199705 -1.26935e-08 -4.38621e-11 -6.94869e-10 1.02515e-06 -6.41576e-07 -1.14768e-06 -2.63159e-05 -2.80867e-06 -3.16269e-10 -2.565e-07 6.79955e-07 1.92498e-06 0 -0.000286139 2.32877e-06 -2.99301e-09 3.18236e-08 -2.56319e-07 -1.36764e-07 -7.32959e-10 0 4.96468e-08 -2.99157e-07 3.64636e-06 1.0828e-06 -2.30106e-07 2.36351e-06 0.000148436 -4.3907e-05 -5.30501e-09 1.04003e-08 8.46609e-06 -6.19904e-06 -3.13083e-08 3.1466e-06 -8.92364e-09 -2.04421e-09 -5.6222e-08 -7.26495e-09 1.3625e-05 7.34538e-05 -1.97957e-09 3.76597e-06 -5.74248e-09 0.000113601 -3.24799e-08 -1.98178e-05 4.63036e-05 -1.16235e-08 -1.20311e-06 2.97708e-06 
0.00039641 5.56138e-05 -3.32918e-05 -3.60411e-05 0.000263512 0.00025338 -0.000249907 -5.56173e-05 -0.000250017 -1.77005e-06 -0.000266409 2.20589e-08 6.19295e-05 -1.33613e-07 -1.47931e-06 0.000341814 4.03601e-07 -9.62844e-06 -0.000247764 -0.000257239 -1.53154e-05 -2.75362e-05 0.000463079 -9.78431e-05 3.97815e-09 0.000264315 5.83045e-05 8.14749e-05 5.25864e-06 4.99157e-06 -0.000250691 5.94691e-07 -0.000264292 7.72156e-12 2.62414e-06 -1.87939e-07 -0.000187911 -3.84859e-06 -5.89693e-07 5.01417e-07 0.000118709 -4.62548e-05 2.8899e-07 1.03874e-06 0.000254217 -0.000261718 -0.000260889 1.77378e-05 1.18471e-05 -3.18635e-06 5.86838e-11 9.29675e-10 -3.60117e-06 8.58374e-07 -6.07039e-05 0.000280803 -2.07556e-05 4.23141e-10 5.70621e-07 3.57384e-08 -7.28275e-05 0 0.000266314 4.02874e-07 4.0044e-09 2.01996e-09 -1.11271e-05 -4.76838e-07 9.80638e-10 0 -8.69527e-07 2.80247e-07 -0.000101448 -4.22849e-05 1.80481e-07 8.67903e-09 -6.94032e-06 2.24781e-05 -5.9569e-08 -3.60759e-08 1.15471e-06 -9.76029e-05 -3.40145e-06 -7.47647e-06 -1.33014e-05 -5.3106e-06 -6.24145e-06 -1.5028e-07 5.88836e-07 -1.20443e-05 2.64849e-09 -2.57957e-05 7.68295e-09 -5.72132e-07 -3.03211e-07 0.000343451 -0.000250765 -4.21115e-07 -1.40034e-06 2.62576e-07 
0.0037806 -0.0341072 -0.0231805 -0.00349126 0.00321717 -7.66576e-05 2.40251e-05 -0.0149544 6.90883e-05 0.000465169 0.00118952 -3.44157e-05 -0.0988747 2.86202e-05 4.08366e-07 -0.00253222 -9.98381e-05 -0.00431032 -0.0277606 0.000622179 0.000400109 -0.00015055 -9.78431e-05 0.199789 -4.36074e-06 -0.00010828 0.0643452 0.00522566 -0.00744815 -0.00777553 -0.000887707 -0.000715641 -0.00755654 -1.2068e-08 -0.00372319 -3.52455e-05 -0.00764998 -0.0219356 1.83029e-07 -0.00730517 0.0580829 -0.0334523 -0.000227223 -0.00160684 0.00728373 0.00389785 5.84763e-05 -0.0187229 0.022855 -1.85423e-05 -9.17165e-08 5.53685e-07 -3.19935e-05 -0.00128916 0.00164917 0.000794419 0.0004479 -3.07991e-07 -0.00027755 -4.20353e-05 -5.21005e-05 0 0.0160557 -0.000542883 -6.25844e-06 -2.14698e-06 -0.00053307 -0.000149674 -1.21596e-06 0 1.44774e-07 0.000177644 -0.00470323 -0.000581355 -0.000651926 -1.07844e-05 -0.000610079 -0.0440381 -1.10929e-05 -4.9096e-06 -0.0015818 0.00383928 -4.24229e-05 -0.00165182 5.76719e-06 1.62886e-06 -0.000104028 -1.41045e-05 -0.000391865 -0.000191504 -4.13931e-06 3.13624e-06 -1.04309e-05 -0.00139115 -1.5076e-05 -0.00372927 -6.45753e-05 -1.54182e-05 -0.00233843 -0.000381011 
-8.35544e-06 -2.75566e-06 -1.41238e-06 -6.2563e-08 -7.64772e-06 2.4087e-09 7.68915e-06 -1.52799e-06 -2.15002e-09 -4.24242e-07 -4.04214e-08 -4.0884e-10 -1.45534e-06 -9.83288e-10 -1.27083e-11 -7.58047e-06 1.25853e-07 2.35097e-07 1.1193e-06 7.65625e-06 -2.00402e-08 6.53703e-06 3.97815e-09 -4.36074e-06 8.58659e-06 3.3707e-09 -1.96461e-06 -1.56115e-06 6.3587e-07 6.39769e-07 7.57523e-06 -1.1022e-08 6.32678e-07 -1.43111e-13 6.84698e-07 -1.02668e-09 -1.10068e-07 -2.79333e-07 -5.69582e-12 1.66124e-06 -2.18982e-06 -5.85769e-07 -5.35613e-09 -1.92521e-08 -8.32868e-06 -2.9903e-06 7.24997e-06 7.81637e-06 -7.68018e-06 -3.14759e-10 -1.08764e-12 -1.72306e-11 -7.81415e-10 -1.59091e-08 -7.33041e-08 1.31616e-08 -6.96462e-08 -7.84249e-12 5.52757e-07 -6.62375e-10 5.8847e-07 0 -8.21934e-06 -1.87108e-08 -7.42174e-11 -3.74379e-11 -6.35591e-09 -4.38321e-09 -1.81751e-11 0 -8.7584e-12 -7.41816e-09 -8.30772e-08 -1.74538e-08 -7.85497e-09 -1.60857e-10 6.52981e-06 -1.5278e-06 -1.31548e-10 -7.27291e-11 -3.33249e-08 -1.53717e-07 -7.76349e-10 -3.6701e-08 -2.21278e-10 -5.069e-11 -1.39413e-09 -1.80148e-10 4.18222e-07 -3.37133e-08 -4.90871e-11 -2.65128e-10 -1.42396e-10 4.57533e-06 -8.05401e-10 1.96446e-07 -6.02712e-09 -2.88226e-10 -2.98333e-08 -4.86658e-09 
0.000247189 -1.6285e-05 5.70687e-05 -2.86299e-05 0.000237958 0.0002488 -0.000242022 -5.95727e-05 -0.000245428 -0.000109895 -0.000265409 1.86906e-08 6.65327e-05 -1.41714e-07 -1.47942e-06 0.000247077 3.41973e-07 3.27191e-06 -0.000225003 -0.000249185 -1.44538e-05 -2.61607e-05 0.000264315 -0.00010828 3.3707e-09 0.000392396 5.59801e-05 6.10747e-05 4.45567e-06 4.22072e-06 -0.000242841 5.03884e-07 -0.000239595 6.5425e-12 2.22344e-06 -1.96397e-07 -0.000143295 1.25967e-05 -5.73073e-07 3.04287e-06 0.000103302 -0.000103008 2.44862e-07 8.80131e-07 0.00024566 -0.000220308 -0.000249834 1.87574e-05 6.87794e-06 -3.18894e-06 4.9723e-11 7.87717e-10 3.57234e-08 7.27304e-07 7.94858e-06 0.000253015 -1.55627e-05 3.58529e-10 4.83489e-07 3.02813e-08 -7.18901e-05 0 0.000240495 7.68721e-07 3.39294e-09 1.71152e-09 -5.26099e-07 -2.06283e-07 8.30898e-10 0 -8.696e-07 2.1913e-07 3.05131e-06 -4.24287e-05 1.15766e-07 7.35377e-09 -6.27758e-06 5.40821e-05 6.01387e-09 -3.66751e-08 1.52349e-06 3.40691e-07 -1.00451e-06 -2.16217e-06 -1.31132e-05 -5.20768e-06 -6.25293e-06 -1.51764e-07 5.38463e-07 3.6458e-07 2.24408e-09 -2.51412e-05 6.50979e-09 -2.04308e-08 3.68199e-08 0.000379473 -0.000243598 -4.2349e-07 1.36387e-06 2.22482e-07 
0.000197762 -0.101599 -0.0398942 -0.00214773 -0.000593633 -1.24182e-05 -9.01107e-05 -0.03879 -3.00008e-06 -0.0119456 -0.00109209 -1.65867e-05 -0.0481629 -2.21423e-05 -1.02245e-07 0.00300422 0.000342677 -0.00161597 -0.00179114 -0.000195397 0.000710747 -0.000117928 5.83045e-05 0.0643452 -1.96461e-06 5.59801e-05 0.227006 -0.00025065 -0.00394988 -0.00378328 0.00771551 -0.000441329 0.0104211 -5.80606e-09 -0.00169545 1.9694e-05 -0.00139886 -0.00501498 3.58919e-07 -0.00368357 0.0837381 -0.0228127 -0.000168113 -0.000758321 0.00380302 -0.0711302 -0.000166735 -0.0162385 0.0233241 -1.21865e-05 -4.4126e-08 1.13428e-06 -2.79522e-05 -0.000638843 -0.000565188 -0.000761492 -0.00281768 -6.48387e-08 0.000671803 8.97057e-06 4.24259e-05 0 0.0055472 -0.000724773 5.63231e-06 -1.16553e-06 0.000462192 -0.000154841 -7.37369e-07 0 -1.28664e-07 8.32996e-05 -0.00319309 -0.000686469 -0.000249152 -5.22601e-06 -0.00040963 -0.0341923 -3.63026e-06 -2.89397e-06 -0.000218286 -0.0061294 -2.00567e-05 -0.00143569 -3.61733e-06 -1.10317e-06 -5.5917e-05 -7.30867e-06 -0.000327839 -0.00129411 -1.99148e-06 -7.39638e-07 -4.0337e-06 -0.000720408 1.8048e-05 0.00417091 -0.000140769 -1.04967e-05 -0.00119328 -0.000158332 
0.00450938 -0.000575038 0.00103766 4.21026e-05 0.00258169 6.44129e-05 -6.40534e-05 0.00119343 -6.46427e-05 0.000250431 -3.141e-05 -4.60134e-05 0.00115481 3.93787e-07 -4.0204e-07 5.69278e-05 3.21064e-06 -0.00429844 -0.00626557 -5.74682e-05 -0.000116052 2.0756e-06 8.14749e-05 0.00522566 -1.56115e-06 6.10747e-05 -0.00025065 0.00757222 -0.00412246 -0.00417715 -4.42889e-05 -0.000288415 -0.00211252 1.27174e-10 -0.00372789 9.12346e-07 -0.00309848 -0.00232489 -5.84938e-07 -0.00395971 0.00199847 -7.08978e-06 -2.82903e-05 1.92144e-06 0.00430258 0.00095388 -6.8976e-05 -0.00401652 0.00367885 -6.73627e-07 -5.23668e-08 1.53117e-08 -2.60894e-06 -0.0016138 0.000146732 0.00127209 5.66069e-05 -3.83031e-07 -0.000152352 5.88612e-07 -5.93274e-05 0 0.00676736 -4.66962e-05 -6.83405e-06 -2.33979e-08 -0.000710822 3.57509e-06 1.61511e-08 0 7.78305e-09 4.22206e-06 -1.16111e-05 1.54734e-05 -0.000448216 -1.24372e-06 -2.83867e-05 -0.00182764 -1.25098e-05 6.46298e-08 2.56704e-05 0.000129122 -3.81134e-05 3.04305e-05 -6.05336e-06 -9.08288e-07 -7.32779e-06 -1.74732e-05 -1.59933e-05 2.9569e-05 -4.60638e-06 -9.54106e-06 1.26538e-07 -0.000124808 -6.26762e-06 0.00180171 -0.000164241 1.86128e-07 7.44436e-06 2.51463e-06 
-0.00299877 -0.00367281 -0.00155694 0.000333336 -0.00173208 3.18402e-06 -5.30685e-06 0.000159467 -2.84207e-06 -0.000555831 -4.73624e-05 4.70062e-05 -0.00102496 -1.29979e-06 -1.67988e-08 -0.000330253 7.41854e-06 0.00368781 0.00948244 0.000214365 0.000368643 3.51029e-05 5.25864e-06 -0.00744815 6.3587e-07 4.45567e-06 -0.00394988 -0.00412246 0.0112217 0.00960518 -3.55939e-05 0.00089358 0.00141585 -1.89176e-10 0.00476698 1.06228e-05 8.88608e-06 -9.76914e-06 -7.52921e-09 0.00941939 -0.00302136 -0.000774319 -7.08018e-06 -1.79356e-05 -0.00960053 -0.00392859 -5.49686e-06 0.00956131 -0.00874196 1.53139e-05 -1.43774e-09 -2.27768e-08 -8.66273e-07 0.00165755 -0.000242275 1.36315e-05 -9.09008e-05 5.063e-07 -1.03101e-05 1.11083e-07 -2.02199e-06 0 -0.00980395 0.000305036 -9.81068e-08 2.57178e-07 -7.77844e-06 -5.79409e-06 -2.40254e-08 0 -1.15776e-08 -6.42595e-06 -7.1225e-05 -2.23519e-05 0.000548937 8.77366e-07 7.38662e-05 -0.00186834 -1.73891e-07 -9.61394e-08 -4.22382e-05 -0.000167883 4.09938e-05 -4.45544e-05 3.87496e-07 -6.70062e-08 -1.76212e-07 1.87319e-05 0.000100147 -4.37984e-05 5.65178e-06 -3.50468e-07 -1.8823e-07 0.00155023 2.4482e-05 0.000248846 0.00021071 -5.76676e-08 -3.91328e-05 -6.20972e-06 
-0.00277455 -0.00342577 -0.00137094 0.000341298 -0.00174411 2.99996e-06 2.04455e-06 -0.00106744 -2.67169e-06 -0.000533313 -4.45178e-05 4.70345e-05 -0.00164905 -1.24778e-06 -1.61267e-08 -0.000104013 2.37775e-05 0.0038497 0.00988542 7.4128e-06 8.48825e-05 6.03635e-05 4.99157e-06 -0.00777553 6.39769e-07 4.22072e-06 -0.00378328 -0.00417715 0.00960518 0.0107777 7.52325e-05 0.000925667 0.00194123 -1.81607e-10 0.00482502 1.27505e-05 7.38644e-05 1.71171e-06 -7.22796e-09 0.00984851 -0.00290517 -0.00073505 -6.79689e-06 -1.68674e-05 -0.0100937 -0.00350375 2.03371e-05 0.0100169 -0.00922787 1.62506e-05 -1.38021e-09 -2.18655e-08 -9.9161e-07 0.00168003 -0.000203421 1.53854e-05 -8.09805e-05 5.06715e-07 1.63993e-05 7.2945e-07 1.94558e-06 0 -0.010409 0.000312893 -9.41814e-08 3.99158e-07 -7.28893e-06 -5.56226e-06 -2.30641e-08 0 -1.11143e-08 -6.50693e-06 -6.61843e-05 -2.16121e-05 0.000791239 2.19587e-06 9.07417e-05 -0.00164982 -1.66933e-07 -9.22926e-08 -1.3109e-05 -0.000152506 4.91348e-05 -4.63732e-05 1.06253e-06 -6.43252e-08 -1.76914e-06 1.96181e-05 0.00015099 -4.21753e-05 5.65438e-06 -3.36445e-07 -1.80699e-07 0.00164151 2.7158e-05 0.000229632 0.000200998 -3.65756e-07 -3.73783e-05 -4.47899e-06 
-0.000491725 -0.00351201 -0.000878025 -6.3538e-05 -0.000506939 -0.000253395 0.000471422 -0.00225785 0.00024479 -0.000678376 0.000182544 -6.54866e-07 -0.00223458 -6.14997e-07 1.45964e-06 -0.00187698 0.000102515 -0.000104472 0.000903172 0.000798765 -4.4697e-06 0.000197704 -0.000250691 -0.000887707 7.57523e-06 -0.000242841 0.00771551 -4.42889e-05 -3.55939e-05 7.52325e-05 0.0135647 -1.76546e-05 0.000298345 -2.2923e-10 -1.22263e-05 -1.57117e-06 1.89366e-05 -0.000275263 5.80877e-07 0.000191047 -0.0027814 -0.000892058 -3.76594e-06 -3.00473e-05 -0.000788613 -0.0040364 0.000711667 6.45765e-05 -0.00313954 3.28583e-06 -1.74215e-09 -2.75994e-08 4.77502e-06 -2.53026e-05 7.72003e-05 -0.000238055 -0.000110047 -1.25618e-08 -1.32101e-05 3.96236e-06 0.00013294 0 -0.000522709 -2.46303e-05 2.91121e-07 -2.66334e-08 -5.99068e-06 -6.60754e-06 -2.91123e-08 0 9.19304e-07 -1.14755e-05 -0.00012855 2.98131e-05 -9.27515e-06 2.45568e-06 0.000171831 0.000885471 -2.10709e-07 -6.31616e-08 0.000678518 -0.000198722 -9.9353e-07 -5.51097e-05 1.30022e-05 5.27214e-06 9.03026e-06 -1.28555e-07 1.24504e-05 3.53391e-05 -7.86261e-08 2.37453e-05 -1.61418e-07 9.09712e-05 4.0766e-06 -0.000312639 0.000276316 -2.50036e-08 -4.7636e-05 2.83821e-06 
-0.000135503 -0.000410307 -0.000202533 -2.54585e-06 -0.000206725 3.60076e-07 -6.25776e-07 4.64613e-05 -3.21405e-07 -3.18397e-05 -5.95257e-06 5.93888e-06 -0.000113588 -1.46991e-07 -1.89975e-09 1.51287e-05 7.05102e-07 0.000124131 0.000853252 -4.95048e-06 -2.43247e-06 -1.11157e-07 5.94691e-07 -0.000715641 -1.1022e-08 5.03884e-07 -0.000441329 -0.000288415 0.00089358 0.000925667 -1.76546e-05 0.00128197 -1.50138e-05 -2.13936e-11 7.71948e-06 -1.53478e-07 -1.43407e-05 -4.16407e-05 -8.51466e-10 0.000899637 -0.000335749 -8.7173e-05 -7.34019e-07 -2.87798e-06 -0.000921189 -0.000383515 -8.40477e-07 0.000894671 -0.000796415 -4.70531e-08 -1.62591e-10 -2.57579e-09 -1.16813e-07 7.83018e-05 -2.81002e-05 1.96753e-06 -5.90471e-06 3.88828e-07 2.90568e-06 3.76485e-08 -2.28663e-07 0 -0.000911654 1.09929e-05 -1.10947e-08 -5.59657e-09 -9.50142e-07 -2.15244e-07 -2.71699e-09 0 -1.30929e-09 2.71106e-06 -7.1625e-06 -2.57916e-06 0.000128009 3.59536e-08 -5.69639e-07 -0.000227365 -1.9665e-08 -1.08722e-08 -4.78172e-06 -2.29457e-05 2.04206e-05 2.58359e-06 -3.30788e-08 -7.57762e-09 -2.08408e-07 1.4307e-07 -1.16075e-06 -4.12646e-06 1.53266e-06 -3.96338e-08 -2.12866e-08 0.000106956 1.33293e-06 2.884e-05 6.6209e-05 -4.30867e-08 -4.4131e-06 -6.80836e-07 
